200	20
1	0.0230178	0.00135291	0.00497949	0.00180815	0.0467203	0.00144191	0.00184365	0.183646	0.00257875	0.393756	0.0481292	0.00225831	0.00382567	0.0133451	0.00157627	0.00627727	0.00676157	0.246534	0.00168818	0.00845946
2	0.0483831	0.0030523	0.0700315	0.0540352	0.0441842	0.0332158	0.0217758	0.023056	0.0498795	0.0650087	0.00708464	0.0333962	0.207544	0.0930934	0.070426	0.0939962	0.0428626	0.0300281	0.00198894	0.00695756
3	0.0217942	0.00153786	0.00476168	0.00155104	0.0426146	0.00136046	0.00151086	0.1899	0.00220425	0.397383	0.0428335	0.00261064	0.00553877	0.0109792	0.00221735	0.00687932	0.00851281	0.247422	0.00184559	0.00654261
4	0.169491	0.00733042	0.0389116	0.0214603	0.0110284	0.112541	0.0242539	0.0105415	0.0321322	0.0191928	0.00895082	0.0294489	0.21992	0.0180277	0.0964189	0.118366	0.0431342	0.00854552	0.00205532	0.00825082
5	0.08832	0.00941576	0.071981	0.0527699	0.0213098	0.0869114	0.0438701	0.0195916	0.0563061	0.0370408	0.00809383	0.0602813	0.0722559	0.0308844	0.0994427	0.150427	0.0611113	0.0149404	0.0013312	0.0137157
6	0.0455261	0.00445398	0.0286661	0.0145998	0.00999448	0.238412	0.0140924	0.0129695	0.0448869	0.0353462	0.00972209	0.0806877	0.0693089	0.039313	0.073583	0.111633	0.0849202	0.0417474	0.0349264	0.00521068
7	0.0469709	0.00475234	0.0221511	0.014396	0.00268536	0.74666	0.004767	0.00580921	0.00451227	0.00727167	0.00488085	0.0127685	0.00326125	0.00575542	0.0213827	0.0725285	0.00956001	0.00713078	0.000883483	0.00187265
8	0.150387	0.0051812	0.0249582	0.0153244	0.0122237	0.0657572	0.0234175	0.0128044	0.0238342	0.0194002	0.00856791	0.0211572	0.291998	0.0219061	0.101942	0.136404	0.035117	0.015325	0.00200665	0.0122878
9	0.0308949	0.0028864	0.153091	0.385652	0.00647265	0.0671604	0.0203153	0.0103407	0.0234314	0.014167	0.0109661	0.0526592	0.00535278	0.104498	0.0254823	0.0298459	0.0187048	0.0314504	0.0015431	0.00508612
10	0.236634	0.00172483	0.0051532	0.00305943	0.0155571	0.0192604	0.00362893	0.00908809	0.00451854	0.0106999	0.00379472	0.01437	0.00714393	0.00776716	0.00800135	0.552569	0.0552542	0.0176862	0.00880346	0.0152859
11	0.0341801	0.00178536	0.00420296	0.00168039	0.0577728	0.00201097	0.00248348	0.214575	0.00275288	0.328623	0.0288032	0.00533074	0.0189218	0.0103525	0.0120182	0.0212447	0.0212939	0.221651	0.00483256	0.00548391
12	0.351643	0.00275892	0.00277749	0.00391789	0.0111005	0.00945908	0.00385146	0.0957491	0.00677704	0.0503894	0.00739663	0.00660449	0.00546868	0.00664362	0.0116446	0.05669	0.100113	0.261673	0.00211875	0.00322297
13	0.0157568	0.0100116	0.00474948	0.00473647	0.427967	0.0104865	0.0259269	0.0163172	0.00496696	0.145489	0.046384	0.0102406	0.00792789	0.0105925	0.012453	0.0164689	0.00935105	0.0367361	0.026943	0.156495
14	0.0299263	0.00274849	0.465526	0.141406	0.00666345	0.0201679	0.00748108	0.0156789	0.0126336	0.0133383	0.0089231	0.0992749	0.00299957	0.0315634	0.0183897	0.046523	0.0288488	0.0410439	0.000773991	0.00608927
15	0.139169	0.0131708	0.0459169	0.0399886	0.0149296	0.100826	0.0379959	0.017281	0.0601308	0.0291144	0.00858033	0.0480655	0.0728416	0.0218396	0.111675	0.148614	0.0655967	0.0112146	0.00136591	0.0116844
16	0.0914768	0.00979832	0.0550198	0.0471398	0.0217419	0.0806394	0.045671	0.0214562	0.0698993	0.0470158	0.0124359	0.0609567	0.0641612	0.0339386	0.107185	0.135678	0.061327	0.0174316	0.00128569	0.0157418
17	0.0317762	0.00431282	0.148599	0.053955	0.00673664	0.331118	0.0129311	0.00573408	0.0414302	0.0099928	0.00425942	0.148724	0.00953481	0.0277767	0.0715196	0.0557271	0.0213864	0.0100991	0.00142278	0.00296405
18	0.0260114	0.00275348	0.174162	0.0629471	0.00865694	0.177226	0.0225667	0.00339334	0.0851435	0.00607728	0.00227331	0.171582	0.0148238	0.0634574	0.0934911	0.0592603	0.0168512	0.0060678	0.000558114	0.00269715
19	0.0731103	0.00570216	0.0205558	0.0151831	0.00537	0.644954	0.00783378	0.00708192	0.0130424	0.0106488	0.00887427	0.0182035	0.0119247	0.0168026	0.0424186	0.0678528	0.013266	0.00930086	0.00455629	0.00331851
20	0.0451927	0.0017901	0.00650768	0.0040012	0.0788982	0.00508388	0.00435235	0.193616	0.00799111	0.227452	0.0170566	0.00994276	0.0889434	0.0219494	0.0387734	0.0336916	0.0285943	0.169894	0.0113017	0.00496858
21	0.0111395	0.0392029	0.00236847	0.00305109	0.211223	0.00346419	0.0470998	0.0121828	0.00197752	0.00974273	0.0045675	0.0212563	0.0095442	0.0102058	0.00545234	0.0110754	0.00665965	0.00642781	0.0379785	0.54538
22	0.24785	0.00389381	0.00242044	0.0059424	0.0115107	0.00411596	0.00305218	0.0262095	0.0145151	0.0351088	0.00867532	0.00444579	0.00281054	0.0031919	0.0101122	0.11073	0.327798	0.174242	0.000955226	0.00241933
23	0.0487239	0.00514795	0.0180354	0.0136779	0.0029099	0.741669	0.0051499	0.00549264	0.00347234	0.00791699	0.00489302	0.00884469	0.00437974	0.00549541	0.0209331	0.0855512	0.00842071	0.00665394	0.000827755	0.00180473
24	0.0628319	0.00228288	0.00101141	0.00139381	0.00493215	0.00968724	0.00118863	0.259858	0.00126057	0.0493511	0.00409221	0.00244938	0.000867877	0.00271196	0.0016237	0.00310816	0.00501739	0.583463	0.0008119	0.00205682
25	0.129464	0.00568763	0.0382865	0.0231452	0.0124931	0.0570715	0.0135011	0.0174047	0.02839	0.017097	0.0137926	0.038304	0.0259557	0.011033	0.0431094	0.368461	0.126126	0.0151672	0.00319157	0.0123192
26	0.0262559	0.0022984	0.170981	0.0483565	0.00538711	0.342105	0.0114863	0.00449568	0.0394717	0.00883911	0.00350046	0.16273	0.00678043	0.0290244	0.0663459	0.0472702	0.0126208	0.00826133	0.00114769	0.0026426
27	0.0464793	0.004778	0.0200656	0.0141921	0.00191625	0.766187	0.00438195	0.00536789	0.00295786	0.00688028	0.00451811	0.00932065	0.00270254	0.0050497	0.0210141	0.0691601	0.00695434	0.00635701	0.000474065	0.0012435
28	0.0379845	0.0015387	0.0209328	0.0557328	0.00586947	0.0129289	0.0253493	0.00371188	0.252885	0.0084867	0.00520613	0.0308753	0.00210513	0.116088	0.28642	0.0511847	0.0588883	0.0177057	0.001002	0.00510405
29	0.0544574	0.00152444	0.00127193	0.00165802	0.00553118	0.0106308	0.00152297	0.337394	0.00146092	0.0472063	0.00558268	0.00268031	0.00103823	0.00258945	0.00201821	0.00336279	0.00487814	0.5105	0.000904621	0.00378761
30	0.017127	0.00114007	0.00343025	0.00306634	0.315741	0.00476617	0.00602305	0.0251776	0.0032177	0.397875	0.104227	0.00334197	0.00450828	0.00556503	0.00498688	0.00643882	0.00491985	0.0572967	0.00168355	0.0294673
31	0.00626311	0.00112912	0.00227909	0.0169618	0.00319482	0.00356319	0.00393515	0.00413419	0.43307	0.00445316	0.0122638	0.00354747	0.00193857	0.0367559	0.431909	0.0198099	0.00606639	0.00500338	0.00155502	0.0021671
32	0.00948444	0.0373457	0.00198587	0.00255366	0.217964	0.00368091	0.0499612	0.0111724	0.00186714	0.00744892	0.00239199	0.0156393	0.0079627	0.0103316	0.00382822	0.0109752	0.00481276	0.00461406	0.0430592	0.552921
33	0.0474971	0.00493802	0.0200334	0.0150153	0.00193636	0.759014	0.00480009	0.00512681	0.00380993	0.00703157	0.00443129	0.00997892	0.00330538	0.0055372	0.0224118	0.0699487	0.00721554	0.00624565	0.00040649	0.00131682
34	0.00998829	0.019038	0.00307371	0.00317057	0.310048	0.0131787	0.050718	0.0102389	0.00334659	0.0126747	0.00364846	0.0138535	0.00421038	0.0153268	0.0155376	0.0125806	0.00991691	0.00920069	0.118131	0.362119
35	0.104462	0.00126754	0.0143447	0.0356817	0.00350517	0.0221414	0.0052245	0.0350976	0.0385014	0.0129359	0.0397162	0.0164124	0.00407038	0.00277776	0.0214657	0.210391	0.352245	0.0699764	0.000885299	0.00889834
36	0.0306917	0.00458193	0.28676	0.19867	0.0118927	0.0338161	0.0130253	0.0245028	0.0207434	0.0221422	0.0171251	0.0797176	0.00310957	0.04453	0.0228366	0.0523105	0.0673855	0.0546799	0.000966813	0.0105127
37	0.00712247	0.0230404	0.00201759	0.00224515	0.335109	0.00255065	0.0712647	0.0119748	0.00199474	0.00573074	0.00191778	0.00979851	0.0045111	0.0120009	0.00341002	0.0124285	0.00346714	0.00431659	0.0408803	0.44422
38	0.333493	0.00186889	0.00902386	0.0127748	0.00379914	0.0662203	0.00522003	0.0202313	0.0209216	0.012042	0.017387	0.0107541	0.0244433	0.00297816	0.0248092	0.176744	0.223033	0.027343	0.00170503	0.00520911
39	0.0292432	0.0324764	0.00408471	0.0229531	0.0503346	0.00650476	0.099019	0.0659568	0.00503066	0.00810976	0.0208965	0.0254712	0.00465167	0.035659	0.0344467	0.0354932	0.0563981	0.0589455	0.00238435	0.401941
40	0.0504869	0.000483789	0.00163173	0.0379836	0.0395812	0.0141347	0.0320543	0.04634	0.082085	0.190424	0.104565	0.014262	0.0135013	0.0541158	0.11825	0.0498824	0.041548	0.0780116	0.00108595	0.0295724
41	0.0567052	0.00491244	0.164898	0.168944	0.0150767	0.0515508	0.0217583	0.0241605	0.0409771	0.0421015	0.0329792	0.0584404	0.0137649	0.0973879	0.0290577	0.0627868	0.0425142	0.0617776	0.00154319	0.00866352
42	0.0806799	0.00903793	0.0602012	0.0513771	0.0229221	0.0927052	0.0443048	0.0223846	0.0621375	0.0362354	0.00834098	0.0586542	0.0777838	0.0389939	0.0976484	0.14642	0.0576064	0.0184812	0.00195485	0.0121307
43	0.0455534	0.000815535	0.00211598	0.0315928	0.0274989	0.0106514	0.0318645	0.0741995	0.0829082	0.152365	0.111037	0.0109139	0.0138746	0.0440547	0.121571	0.063439	0.0521086	0.101432	0.00215293	0.019851
44	0.0206522	0.0620871	0.00489435	0.00729064	0.176866	0.00890634	0.0488317	0.0203113	0.00661929	0.0149439	0.00915456	0.0234432	0.0142869	0.0171379	0.0150082	0.0229038	0.0175895	0.0158608	0.0309322	0.46228
45	0.0482468	0.00503579	0.0204745	0.0143596	0.00276203	0.755992	0.0044225	0.00569296	0.00363727	0.00724059	0.00458162	0.0110452	0.00248254	0.00554173	0.021374	0.0681829	0.0083478	0.00749674	0.00104831	0.00203554
46	0.0399077	0.00332877	0.0214745	0.0421596	0.0132801	0.024794	0.0185826	0.010348	0.208122	0.0226587	0.0138494	0.0279823	0.0163877	0.0960238	0.31803	0.0547987	0.0374763	0.019412	0.00397875	0.00740514
47	0.0464261	0.00312015	0.0189298	0.0137402	0.0580773	0.0155421	0.00987275	0.0972514	0.0191584	0.2001	0.0264514	0.0160481	0.184383	0.0381297	0.0488801	0.0456091	0.030805	0.108631	0.00771839	0.0111252
48	0.0391117	0.0016212	0.006631	0.00369838	0.286185	0.00532498	0.00875117	0.0405324	0.00409184	0.328772	0.120316	0.00420942	0.00429077	0.010534	0.00695281	0.0103506	0.00694712	0.0608196	0.00140369	0.0494563
49	0.0465209	0.00466069	0.0220197	0.014494	0.00293345	0.754522	0.00420944	0.00609214	0.00392262	0.00890779	0.00512188	0.0118294	0.00275986	0.00569299	0.0218115	0.0661046	0.00697532	0.00925504	0.00062228	0.00154469
50	0.022278	0.00168346	0.00465702	0.0021005	0.0374533	0.00166543	0.00183126	0.198362	0.00253738	0.355175	0.0432933	0.00210089	0.0038852	0.0117837	0.00145532	0.00498888	0.00719914	0.289686	0.00195344	0.00591071
51	0.158314	0.0261168	0.027296	0.0281728	0.0138356	0.0907914	0.023895	0.0124734	0.0865507	0.0203464	0.0101009	0.0372668	0.0319404	0.0972244	0.166094	0.0985901	0.0400762	0.0155571	0.00518299	0.0101745
52	0.0147365	0.00131762	0.00304191	0.00305245	0.455386	0.00444871	0.00594831	0.0122109	0.00321387	0.289574	0.0991797	0.00352484	0.00363595	0.00481996	0.00510537	0.00624211	0.00511138	0.0469709	0.00136973	0.0311101
53	0.0131526	0.00295303	0.127566	0.0070795	0.0390863	0.0310459	0.225288	0.00849174	0.00570211	0.00968704	0.00605167	0.221236	0.00393006	0.00777411	0.00955897	0.0355036	0.00960491	0.0101303	0.00216646	0.223992
54	0.0654415	0.00138511	0.00830911	0.0152208	0.00453112	0.0213116	0.00371163	0.0193548	0.0281812	0.00954772	0.0152963	0.0107898	0.00363797	0.00351832	0.016068	0.283455	0.460567	0.0208943	0.00188525	0.0068933
55	0.0636507	0.0168785	0.0626984	0.0330385	0.0115139	0.335013	0.0229786	0.00884922	0.0519755	0.016635	0.00863715	0.0817762	0.0290916	0.0233736	0.0824565	0.0966371	0.033247	0.0104263	0.00425939	0.00686333
56	0.0226411	0.00415868	0.328885	0.201259	0.0105594	0.0184591	0.0105419	0.0264614	0.0153766	0.0227813	0.014764	0.101602	0.00142412	0.0421273	0.0236934	0.0381396	0.0551027	0.0480503	0.000906037	0.0130681
57	0.0206984	0.0014797	0.00484069	0.00480256	0.0574664	0.0033009	0.00463701	0.128409	0.00613685	0.466998	0.0645939	0.00379814	0.00705188	0.012249	0.0101335	0.00959768	0.0115019	0.168962	0.00209112	0.0112513
58	0.00754106	0.0275742	0.0019239	0.0021571	0.29506	0.00259643	0.0583722	0.0106182	0.00172149	0.00628978	0.00194814	0.0115826	0.00560733	0.0108857	0.00313352	0.0112206	0.00322591	0.00399045	0.0436207	0.49093
59	0.0268586	0.0020947	0.0035798	0.00235112	0.0303226	0.00475841	0.00226654	0.286206	0.00233019	0.203624	0.0324662	0.00227617	0.00283993	0.0101889	0.00189319	0.00453415	0.00702519	0.364203	0.00198905	0.00819231
60	0.230267	0.0471824	0.00598486	0.00592714	0.0372187	0.0101271	0.0167598	0.032969	0.00986268	0.169093	0.0162174	0.00844344	0.00667422	0.00813697	0.0119367	0.0670451	0.230481	0.0769218	0.0025191	0.00623277
61	0.0245	0.0028302	0.460867	0.11586	0.00668415	0.0491095	0.0113528	0.0103854	0.0171613	0.0105256	0.00624843	0.114973	0.00540206	0.0340555	0.0276416	0.0437683	0.0206462	0.0291094	0.00080857	0.00807085
62	0.310858	0.00474837	0.0126445	0.0126835	0.0174466	0.026096	0.0105862	0.106914	0.0175717	0.0676622	0.0168065	0.0197676	0.0167364	0.0133084	0.0252956	0.068055	0.0821089	0.158687	0.00373601	0.00828784
63	0.0400111	0.0502666	0.00637328	0.0084345	0.179478	0.010758	0.0368897	0.0196885	0.00676843	0.0391727	0.0124135	0.0458213	0.0404195	0.0124492	0.0163988	0.0242028	0.0199991	0.0168351	0.0242528	0.389368
64	0.0468821	0.000603526	0.00159722	0.0418524	0.0469389	0.0155122	0.0360414	0.0375865	0.0783383	0.208612	0.10475	0.0148481	0.0110508	0.0570695	0.107865	0.0429419	0.036471	0.0751998	0.000766999	0.0350724
65	0.0486145	0.00451921	0.0244482	0.014671	0.00246165	0.747832	0.00430792	0.00567118	0.00340612	0.00721372	0.00455055	0.0138724	0.0028661	0.0062264	0.0216945	0.0675281	0.00941348	0.00860252	0.000699108	0.00140114
66	0.0357387	0.00270397	0.00999631	0.0079861	0.0966443	0.00725753	0.00749933	0.113768	0.0117722	0.331059	0.0374579	0.012138	0.0758483	0.0251261	0.0337605	0.0312261	0.0242331	0.115893	0.00826271	0.0116285
67	0.0398685	0.00127589	0.0027138	0.0336129	0.0594758	0.0230641	0.0407221	0.0326439	0.0559632	0.240675	0.120195	0.0119663	0.00997138	0.0443326	0.0864794	0.0346119	0.0394178	0.0905734	0.00155598	0.0308811
68	0.0957852	0.00346749	0.00804177	0.0125392	0.0134389	0.0162237	0.0116361	0.0559468	0.24398	0.0679764	0.051906	0.0134595	0.0105418	0.0179947	0.161186	0.0278179	0.0208725	0.119508	0.0379383	0.00973938
69	0.059821	0.00263888	0.00147249	0.00170315	0.00868274	0.00854212	0.00147823	0.257261	0.001473	0.0847083	0.00889584	0.00253317	0.00211778	0.00410948	0.00214569	0.00356521	0.00633864	0.538934	0.00120144	0.00237785
70	0.20259	0.00943058	0.0380467	0.0267871	0.0110595	0.123701	0.0312793	0.0128496	0.0456807	0.021369	0.00963317	0.0324499	0.0999943	0.0169263	0.0961407	0.146579	0.0574997	0.00803747	0.00155948	0.00838739
71	0.0901368	0.00388899	0.0170301	0.0121517	0.0124083	0.0277183	0.0312661	0.0091349	0.0149103	0.0146948	0.00689614	0.016357	0.325025	0.0335219	0.147394	0.177142	0.0186281	0.0137106	0.00291893	0.0250663
72	0.0947137	0.0147196	0.0653877	0.0454246	0.0166511	0.111947	0.0393179	0.0140716	0.0706726	0.0248981	0.00649245	0.0891042	0.0488829	0.0262926	0.116225	0.132014	0.0576123	0.010877	0.00148591	0.0132091
73	0.0575668	0.000704283	0.00274793	0.0512803	0.0383137	0.0158654	0.0307383	0.0361454	0.0734003	0.197178	0.0995679	0.013778	0.0158187	0.0712172	0.100558	0.0424743	0.034759	0.0856569	0.000864968	0.0313642
74	0.421516	0.00344088	0.00363299	0.00474095	0.00941333	0.00886005	0.00316401	0.0231836	0.0108391	0.0291225	0.0064132	0.00488442	0.00444307	0.00280082	0.0155819	0.100018	0.191385	0.152907	0.00088381	0.00276881
75	0.0422529	0.000838986	0.0325701	0.07402	0.00586134	0.0155795	0.0268719	0.00166558	0.207789	0.00775838	0.00120452	0.0411532	0.000996661	0.159734	0.222723	0.0574641	0.0712816	0.0236663	0.000482673	0.0060875
76	0.0649113	0.00147086	0.0148945	0.0134352	0.0443383	0.00707357	0.00879277	0.11413	0.045656	0.152524	0.0233614	0.0145561	0.142371	0.0595009	0.0731917	0.0454561	0.0301218	0.128014	0.0105247	0.00567535
77	0.0217085	0.00157521	0.00537544	0.00221661	0.0377804	0.0015424	0.00190864	0.198533	0.0025715	0.343468	0.044171	0.00221111	0.0036114	0.0125681	0.00148446	0.00530536	0.0072672	0.298986	0.00177377	0.00594239
78	0.443949	0.00353728	0.00218077	0.00256719	0.00939514	0.00676903	0.00323596	0.023514	0.00871696	0.0300637	0.00448494	0.004802	0.003303	0.00343629	0.0115988	0.0863075	0.170326	0.178752	0.00095857	0.00210208
79	0.145546	0.0447305	0.00477892	0.00518872	0.0441221	0.00716858	0.0263144	0.0473084	0.00712232	0.258916	0.0139664	0.00875919	0.00623106	0.007358	0.00973191	0.0425162	0.227156	0.085236	0.00247397	0.00537585
80	0.0223703	0.00207576	0.353791	0.0999215	0.00689118	0.0900957	0.0129296	0.0075737	0.0313385	0.00876509	0.004829	0.15665	0.00685296	0.0458298	0.0476771	0.0555876	0.0198579	0.0200049	0.000823238	0.00613475
81	0.0483733	0.00435833	0.0291056	0.0153026	0.00180709	0.750567	0.00374657	0.00554674	0.00262007	0.00760437	0.00509798	0.016719	0.0015632	0.00459774	0.0208553	0.06661	0.00754365	0.00644216	0.000432193	0.00110765
82	0.0325	0.00213387	0.00344369	0.00187099	0.0254457	0.00411774	0.00154684	0.232044	0.00196411	0.247781	0.028952	0.0020122	0.00301803	0.00828124	0.0017064	0.00406746	0.00603317	0.387413	0.0015279	0.00414027
83	0.0287705	0.00241858	0.304981	0.096142	0.00781895	0.149159	0.0161052	0.00652144	0.039763	0.0102887	0.00567399	0.122147	0.0105607	0.0601433	0.0532644	0.049181	0.0158867	0.0169622	0.00084592	0.00336643
84	0.0838483	0.0053633	0.114952	0.0935507	0.0161216	0.0487526	0.0168314	0.0439337	0.0792661	0.0405729	0.0139171	0.0807529	0.0171341	0.0205439	0.0786112	0.0902801	0.0687031	0.0771194	0.00144413	0.00830108
85	0.0875683	0.00443356	0.0393268	0.0511524	0.0104153	0.0469601	0.0187824	0.0239305	0.0473839	0.0207528	0.0184538	0.0530561	0.0246728	0.025063	0.0684749	0.185032	0.237571	0.024994	0.00150673	0.0104695
86	0.0453805	0.00523717	0.0247692	0.0152266	0.00388165	0.690309	0.00541614	0.00697576	0.00711362	0.0112588	0.00587265	0.0221709	0.00570034	0.00906284	0.0251719	0.0737778	0.0154403	0.0204328	0.00415409	0.00264831
87	0.035899	0.0127658	0.255514	0.164266	0.0143104	0.0223772	0.024857	0.0517839	0.0311513	0.0248221	0.035174	0.0785966	0.00216206	0.0485053	0.0175743	0.0338967	0.053702	0.0815614	0.00104671	0.010035
88	0.0623976	0.00227661	0.00103579	0.00140667	0.00532459	0.00954343	0.00118852	0.259015	0.00125574	0.0515326	0.00432071	0.00245825	0.000937227	0.00282269	0.00165609	0.00314031	0.0051271	0.581624	0.000843672	0.00209333
89	0.00820213	0.0311247	0.00224004	0.00279099	0.24094	0.00313056	0.0540716	0.0113196	0.00169308	0.0094675	0.00360883	0.0140383	0.00625108	0.0105099	0.00379528	0.0107766	0.00434027	0.00520579	0.041155	0.535339
90	0.0163116	0.0016711	0.00359762	0.00403253	0.440518	0.00554451	0.00637532	0.0190638	0.00495964	0.284028	0.0908847	0.00454053	0.00479153	0.00620784	0.00750334	0.00827769	0.00801891	0.0551094	0.00172807	0.026836
91	0.0926247	0.00329191	0.0048139	0.00890758	0.0189659	0.00794513	0.00429445	0.150119	0.00953294	0.120275	0.0225727	0.00632651	0.00897654	0.0101601	0.0114448	0.0451591	0.148477	0.317682	0.0042867	0.0041441
92	0.0438748	0.00423868	0.371986	0.152882	0.0097379	0.0308433	0.0114369	0.0160075	0.0163892	0.0149999	0.00992019	0.090135	0.00698564	0.0364954	0.0262082	0.0769955	0.0357176	0.0365813	0.000974312	0.00759029
93	0.107071	0.00848477	0.00836076	0.00698943	0.0522984	0.0132236	0.00604882	0.0300433	0.00954836	0.0445864	0.0109273	0.018182	0.0059098	0.0236238	0.0123608	0.455935	0.128118	0.0190463	0.00802948	0.0312122
94	0.0774767	0.00753259	0.0320359	0.024999	0.0167838	0.183406	0.0188778	0.0203892	0.0308161	0.0522384	0.0162776	0.0372631	0.0337068	0.0207729	0.0512971	0.261449	0.0715874	0.0248816	0.0069775	0.011231
95	0.169337	0.00170908	0.0099304	0.0179696	0.00479278	0.028136	0.00405679	0.0365152	0.0316337	0.0258993	0.0302731	0.0127424	0.0149584	0.00223937	0.0264287	0.216844	0.308391	0.0499228	0.000646006	0.00757448
96	0.0929453	0.0153672	0.0645905	0.043197	0.0179884	0.116496	0.0404848	0.014218	0.0747632	0.0250414	0.00714818	0.0850254	0.0485005	0.0263577	0.113634	0.129951	0.0586939	0.0116432	0.00155398	0.0123998
97	0.0234907	0.00231751	0.467218	0.149378	0.0059223	0.0254982	0.00703629	0.0129607	0.0105985	0.0121124	0.00770633	0.109442	0.00169614	0.035458	0.0197707	0.0420832	0.0264114	0.034186	0.000738514	0.00597567
98	0.131482	0.00123695	0.0201134	0.032234	0.00322539	0.0282719	0.00549221	0.0350976	0.0344288	0.0139637	0.0344671	0.0215443	0.00619486	0.00245989	0.0293199	0.251046	0.300268	0.0347173	0.000691749	0.0137443
99	0.0434177	0.00149747	0.00449814	0.00608819	0.010529	0.0133167	0.00264857	0.0114091	0.0158336	0.00925979	0.00552126	0.0110453	0.00225998	0.00598321	0.0079297	0.461292	0.358244	0.0130123	0.00535101	0.0108626
100	0.0480663	0.00481792	0.0218711	0.0150403	0.00186725	0.758271	0.00426604	0.00511198	0.00364105	0.00684454	0.00442281	0.0115647	0.00272729	0.00595012	0.0239602	0.066784	0.00673712	0.00630663	0.000541599	0.00120833
101	0.0847447	0.0073117	0.0383472	0.0444927	0.0186278	0.0557286	0.03248	0.0197184	0.115579	0.054593	0.0187379	0.060132	0.0353778	0.0571325	0.152726	0.107272	0.0551506	0.0262827	0.002972	0.0125943
102	0.0425044	0.0013471	0.00335865	0.00319243	0.0582139	0.00497696	0.00351529	0.182114	0.00848938	0.295905	0.0178453	0.00719447	0.0700836	0.0173149	0.0444225	0.0312201	0.0303688	0.155114	0.0192142	0.00360603
103	0.0296921	0.00253017	0.00741269	0.00647279	0.139488	0.0094283	0.0280453	0.0512754	0.00704055	0.287502	0.249399	0.00783397	0.0043479	0.0110432	0.0117067	0.01259	0.0113852	0.035232	0.0021103	0.0854643
104	0.00626311	0.00112912	0.00227909	0.0169618	0.00319482	0.00356319	0.00393515	0.00413419	0.43307	0.00445316	0.0122638	0.00354747	0.00193857	0.0367559	0.431909	0.0198099	0.00606639	0.00500338	0.00155502	0.0021671
105	0.0130319	0.0341	0.0035115	0.0051031	0.185998	0.00439894	0.0560607	0.0179126	0.00263951	0.0109216	0.00658397	0.017575	0.00869591	0.0136927	0.00856186	0.01415	0.00993794	0.0112702	0.0338948	0.54196
106	0.0248534	0.00252933	0.48628	0.148731	0.00645042	0.0170019	0.00655928	0.0143472	0.00936128	0.0125727	0.00862107	0.101704	0.00131344	0.0329892	0.0146651	0.0413121	0.0258284	0.0380982	0.000627796	0.0061542
107	0.0594949	0.00145277	0.0146482	0.00877348	0.0577025	0.00613889	0.0072714	0.10945	0.0164718	0.114878	0.0156036	0.013852	0.217452	0.0489643	0.0751294	0.056259	0.0283766	0.13418	0.00913682	0.00476288
108	0.0482246	0.00119902	0.025704	0.0691293	0.00606263	0.0149011	0.0237218	0.00162117	0.212764	0.00679724	0.00115222	0.0389871	0.00078208	0.151766	0.240854	0.0623841	0.0684875	0.0197389	0.000456878	0.005266
109	0.118019	0.00104941	0.0116747	0.0197092	0.00309111	0.0374553	0.00428169	0.0310224	0.0358549	0.0149063	0.0258433	0.0133595	0.0119665	0.00209954	0.0258105	0.239966	0.37434	0.0215508	0.000771194	0.00722907
110	0.0217214	0.0035491	0.175759	0.0614617	0.00825638	0.19123	0.0196244	0.00229513	0.0859127	0.0031749	0.00174239	0.190411	0.0109947	0.0517548	0.0922328	0.058918	0.0145084	0.00360729	0.000721291	0.00212438
111	0.0427091	0.000867417	0.0350559	0.0711277	0.00589903	0.018103	0.0282791	0.00183324	0.199492	0.00862938	0.00148778	0.0425637	0.00190613	0.164667	0.219164	0.0584459	0.0675802	0.024803	0.000504212	0.00688267
112	0.236738	0.00832178	0.00253843	0.00277506	0.0180456	0.00484829	0.00480402	0.0579528	0.00979653	0.0802321	0.00712168	0.00507045	0.00517622	0.00533746	0.0110493	0.0739988	0.190913	0.270989	0.00123938	0.00305239
113	0.123095	0.00133473	0.0209373	0.0344011	0.00333584	0.0301906	0.00951509	0.0394864	0.0314704	0.0161602	0.0311869	0.0248301	0.00596471	0.00279858	0.0298759	0.21354	0.336777	0.0345072	0.000705303	0.00988695
114	0.039669	0.00385128	0.0035638	0.0359114	0.028944	0.0241294	0.0220708	0.073035	0.0348175	0.203585	0.0868934	0.0108123	0.00760083	0.0409909	0.0520798	0.0272465	0.0409778	0.2409	0.00490041	0.0180207
115	0.0208273	0.00155652	0.00517284	0.00795405	0.0979306	0.00617414	0.0101061	0.0783663	0.0120312	0.46169	0.0930234	0.0062162	0.00663104	0.0140365	0.0176739	0.0124159	0.0120738	0.110661	0.00250106	0.0229584
116	0.0497283	0.000550059	0.00137809	0.042762	0.0421834	0.0155344	0.0342193	0.0397223	0.0807933	0.200951	0.102428	0.0141882	0.0115413	0.0592894	0.113787	0.0443926	0.037886	0.0756577	0.000708215	0.0322983
117	0.126869	0.015696	0.0829956	0.0477602	0.0199151	0.0651688	0.0261509	0.0157322	0.0628308	0.0223043	0.00970462	0.0419588	0.0348409	0.0167618	0.0908494	0.189491	0.0879696	0.023159	0.00149318	0.0183487
118	0.0269621	0.00208587	0.16783	0.0428327	0.00418305	0.390268	0.00832016	0.0038349	0.0333425	0.00964822	0.00286211	0.150757	0.00510033	0.0231357	0.0645751	0.0439896	0.00995943	0.00805083	0.000719621	0.0015419
119	0.0180447	0.00114268	0.00427052	0.00218588	0.03771	0.00164056	0.00197862	0.158183	0.00236232	0.477483	0.0551175	0.00223564	0.00411088	0.0105465	0.00195155	0.00560244	0.00759246	0.197751	0.00211314	0.00797741
120	0.323701	0.00312022	0.0108354	0.00715865	0.00473836	0.101676	0.00796073	0.0139719	0.0220189	0.0152066	0.0224197	0.00692126	0.0989815	0.00416526	0.0475521	0.190131	0.105684	0.00880437	0.00128934	0.00366364
121	0.032898	0.00903214	0.0108393	0.0172317	0.185164	0.11581	0.0202768	0.0221959	0.0181559	0.0529769	0.0265207	0.0231483	0.0102139	0.0269805	0.0846846	0.0313412	0.0318601	0.131945	0.0336093	0.115116
122	0.415093	0.00341731	0.0104797	0.00569221	0.00421568	0.120588	0.011021	0.008228	0.0132714	0.00963109	0.0139426	0.00565237	0.110851	0.00550575	0.0446312	0.15125	0.0525141	0.00881282	0.00160286	0.00359961
123	0.184334	0.00413488	0.0179783	0.0215523	0.0175745	0.0174882	0.022135	0.127042	0.0124737	0.0643402	0.0174599	0.0824179	0.0103775	0.0241386	0.0188674	0.0566257	0.0446989	0.243358	0.0051655	0.00783732
124	0.0438209	0.00428434	0.0454139	0.0194492	0.00246606	0.701737	0.00487751	0.00622795	0.00732043	0.00875542	0.00477593	0.0296467	0.002852	0.00737722	0.0256611	0.0662144	0.00880289	0.00816213	0.000694941	0.00145983
125	0.0436555	0.00969668	0.00303919	0.00474056	0.0187978	0.0059678	0.00391189	0.202798	0.00311607	0.182777	0.0346997	0.00271752	0.00214473	0.0131763	0.00241076	0.00518869	0.0103505	0.443201	0.0032838	0.00432629
126	0.425114	0.00261288	0.00348919	0.00540594	0.00830151	0.00936593	0.00325022	0.0225926	0.0110007	0.0259976	0.00706873	0.00574856	0.00417801	0.0033523	0.0137516	0.106764	0.18596	0.152269	0.000788063	0.00298841
127	0.0219092	0.00163914	0.00521261	0.00219481	0.0376572	0.00152087	0.00188741	0.199587	0.00258691	0.342469	0.0443386	0.00222865	0.00355706	0.0123578	0.00146704	0.00533519	0.0074867	0.298792	0.00180539	0.00596758
128	0.0347646	0.00426333	0.161439	0.0559845	0.00952553	0.175979	0.0184746	0.0063426	0.0550904	0.0101605	0.00422107	0.150278	0.016918	0.0381958	0.0823569	0.134233	0.0270221	0.00881796	0.00128237	0.00465118
129	0.0961838	0.0104572	0.0582001	0.0479167	0.0204437	0.0864503	0.0450477	0.0191509	0.0641711	0.0371378	0.00817549	0.0603069	0.0703208	0.0328109	0.105933	0.143577	0.0632834	0.015175	0.00131082	0.0139475
130	0.0230503	0.00246768	0.396428	0.104148	0.00598373	0.103302	0.0116919	0.0080806	0.0278055	0.00857533	0.00557846	0.129042	0.00490146	0.0378669	0.0402029	0.0445178	0.019037	0.0218467	0.000609395	0.0048642
131	0.0754033	0.00525748	0.00921108	0.00733069	0.0114777	0.298152	0.00644641	0.0100229	0.0698473	0.0169104	0.0514649	0.104582	0.0166427	0.0387604	0.116107	0.038635	0.0283103	0.0247886	0.06524	0.00540925
132	0.121886	0.00196717	0.0259426	0.0316801	0.00394128	0.030126	0.00586277	0.0311424	0.0345118	0.0128982	0.0329724	0.0236912	0.00553246	0.00277685	0.0303588	0.271306	0.289417	0.0289984	0.000890113	0.0140975
133	0.00919958	0.0201316	0.00294386	0.00463282	0.252229	0.00345477	0.120645	0.0238422	0.00248149	0.00521442	0.00405194	0.010521	0.00351083	0.0221588	0.00658382	0.0132485	0.00909291	0.0105624	0.0277615	0.447734
134	0.0253347	0.00207221	0.00455953	0.00226758	0.0336582	0.00198805	0.00194509	0.206827	0.00236026	0.311438	0.0390528	0.00213204	0.00339154	0.0115851	0.00156359	0.00481259	0.00716667	0.330689	0.00180169	0.00535386
135	0.0248861	0.00131714	0.00439686	0.00163941	0.0451024	0.00143923	0.00146512	0.22928	0.0021256	0.338226	0.0350982	0.00287632	0.00973143	0.0101233	0.00522642	0.0100895	0.0124247	0.256139	0.00259349	0.00582017
136	0.0308076	0.00208391	0.00369294	0.00193308	0.036584	0.00279163	0.00161682	0.208393	0.00216352	0.240613	0.0317131	0.00237223	0.00491065	0.0109082	0.00328709	0.00636598	0.00900821	0.393304	0.00205181	0.00539918
137	0.132536	0.00137627	0.0140712	0.0198785	0.00444498	0.0387053	0.0041948	0.0282508	0.0294995	0.0141961	0.0254684	0.0162228	0.0100424	0.002646	0.0231192	0.284793	0.31644	0.0236085	0.0014018	0.00910488
138	0.0529124	0.0049371	0.0701927	0.123366	0.0189907	0.0386181	0.0587248	0.0252658	0.0406597	0.0745183	0.0238969	0.079783	0.0292076	0.0921843	0.0561703	0.0972093	0.0409012	0.0589768	0.00194182	0.0115429
139	0.157154	0.044373	0.00851712	0.00826677	0.0739897	0.0158159	0.0142409	0.0281257	0.0117004	0.141266	0.0343792	0.0119082	0.00925664	0.0129383	0.0158513	0.129777	0.223319	0.0465288	0.0029056	0.00968634
140	0.0523181	0.00264197	0.0102686	0.00717549	0.00957628	0.271893	0.00524396	0.0445523	0.0198489	0.0187506	0.0101409	0.0874268	0.0225644	0.0193537	0.0309489	0.0706575	0.134812	0.103096	0.0716993	0.00703025
141	0.172596	0.00739787	0.0290441	0.0233112	0.0118201	0.0900429	0.0214989	0.0220465	0.0523542	0.030117	0.0206263	0.0276427	0.07854	0.0130706	0.0773764	0.179005	0.123643	0.0112354	0.00123459	0.0073969
142	0.102295	0.0445247	0.0395363	0.0307493	0.030584	0.0818054	0.0446087	0.0143032	0.0721311	0.0246238	0.0238466	0.0881443	0.0395512	0.0370445	0.0790539	0.172674	0.0456179	0.0142928	0.00222899	0.0123842
143	0.0441974	0.000943779	0.0270507	0.0707925	0.00613714	0.0146485	0.0242993	0.00161737	0.217994	0.0068558	0.00119224	0.0402648	0.000757299	0.15022	0.239015	0.0601616	0.0687349	0.0193808	0.000448202	0.00528776
144	0.0585492	0.00400758	0.00336578	0.00334503	0.036413	0.0036608	0.00503948	0.224651	0.00377867	0.256938	0.0193154	0.00665102	0.0195343	0.00961316	0.0181799	0.0234588	0.0575687	0.236292	0.0061269	0.00351161
145	0.0476651	0.000524598	0.00155558	0.0407645	0.042019	0.0151798	0.0340038	0.0416105	0.0789887	0.203548	0.105431	0.0137835	0.0116519	0.0576848	0.112684	0.0443782	0.0392207	0.0761227	0.000729857	0.0324542
146	0.0063745	0.0011659	0.00228185	0.0165782	0.00326912	0.00360736	0.00437439	0.00419904	0.418561	0.00450799	0.0120642	0.00369158	0.00191776	0.0360232	0.446514	0.0194347	0.00658138	0.00509694	0.00155804	0.00219894
147	0.0100583	0.0205287	0.00247657	0.00559208	0.224983	0.0036685	0.120897	0.0313728	0.00234461	0.00539734	0.00504329	0.0113149	0.0041395	0.0194742	0.00802543	0.0136577	0.0107259	0.0122592	0.0242879	0.463754
148	0.0209976	0.00331027	0.00744514	0.00836985	0.123701	0.0752723	0.0074796	0.0115706	0.0114548	0.0323417	0.00952418	0.0423913	0.00752849	0.0401217	0.0701527	0.0187177	0.0465394	0.0270751	0.386241	0.0497646
149	0.0289657	0.00124782	0.00417757	0.0021023	0.0421099	0.00207062	0.00210693	0.247091	0.00250911	0.327241	0.032617	0.00391925	0.0113592	0.0101149	0.00756224	0.0120262	0.0198467	0.233571	0.00376143	0.0056006
150	0.0445765	0.000897055	0.0257502	0.0706284	0.00613055	0.0140408	0.0244007	0.00161091	0.219691	0.00677063	0.00116093	0.0385056	0.000713632	0.150323	0.240869	0.0604652	0.0686021	0.0191434	0.000447648	0.00527272
151	0.0135022	0.00136412	0.00278733	0.00321821	0.47666	0.00454178	0.00566095	0.00774224	0.00337771	0.283441	0.0945583	0.00366214	0.0035873	0.00442034	0.00529878	0.0061685	0.00513698	0.0459213	0.00141866	0.0275326
152	0.286936	0.0061048	0.00239438	0.00380726	0.0157392	0.00361199	0.00402198	0.030599	0.0142436	0.0508769	0.00695194	0.00395241	0.00292754	0.00333762	0.0101742	0.0925732	0.271137	0.187151	0.000881757	0.00257907
153	0.0216878	0.00326915	0.221111	0.209973	0.00859029	0.0323394	0.0102289	0.0149834	0.0171808	0.015968	0.00867383	0.170496	0.00359786	0.070344	0.0538868	0.0588753	0.0406353	0.0291596	0.00147594	0.00752396
154	0.0440255	0.00324171	0.00433864	0.00229817	0.0548844	0.00274643	0.00400341	0.193099	0.00298517	0.315458	0.0226406	0.0107605	0.0231387	0.0105604	0.0182199	0.0344215	0.0379366	0.205093	0.00553087	0.00461751
155	0.0376489	0.00190633	0.0534934	0.0235179	0.0348443	0.0176227	0.0186048	0.058058	0.0247186	0.097242	0.0120951	0.0486189	0.200197	0.0851988	0.0495854	0.0866129	0.0417788	0.0999176	0.00312365	0.00521466
156	0.056008	0.00488452	0.0231798	0.0129864	0.00867582	0.262004	0.0128009	0.0131054	0.0492261	0.0284747	0.0132664	0.0794771	0.0563314	0.0315913	0.0775567	0.10765	0.072225	0.0438686	0.0412881	0.00539983
157	0.0272362	0.0409796	0.00878468	0.0165131	0.0597835	0.0123066	0.0714677	0.0580194	0.00940337	0.0167419	0.061411	0.0810698	0.00877282	0.0208489	0.0583711	0.0530798	0.0541822	0.0361549	0.0038842	0.300989
158	0.169744	0.0048939	0.0238194	0.0153216	0.0184965	0.0628462	0.0183065	0.0226295	0.0219688	0.0329016	0.0109989	0.0184443	0.28555	0.0267859	0.0771589	0.108501	0.0388066	0.0270271	0.00369178	0.0121075
159	0.0261407	0.00233131	0.476235	0.13729	0.00568256	0.0310135	0.00695077	0.0114363	0.0114478	0.0107353	0.00725223	0.108912	0.0023436	0.03596	0.0201836	0.0442573	0.022828	0.0328653	0.000738385	0.0053966
160	0.069348	0.00800825	0.0513118	0.0439536	0.0240031	0.0483938	0.0305375	0.072701	0.0332134	0.0468138	0.0196659	0.16899	0.0287658	0.0319794	0.049617	0.132793	0.0595185	0.0586561	0.00540958	0.0163207
161	0.0509724	0.00175623	0.00152841	0.00222281	0.00870045	0.0113731	0.001781	0.328426	0.00148522	0.0699454	0.00827442	0.00265674	0.00236223	0.00383778	0.00301769	0.00415505	0.00600597	0.485988	0.00138129	0.00413041
162	0.0261946	0.00103812	0.0142921	0.0463359	0.00471933	0.00890771	0.0138173	0.00234163	0.306298	0.00538281	0.00557498	0.0216069	0.00128645	0.106177	0.337347	0.0436239	0.0384669	0.0119065	0.000668257	0.00401482
163	0.0834186	0.00798702	0.0526129	0.0365414	0.0242817	0.0705265	0.040222	0.0158143	0.0465787	0.0389557	0.0151017	0.0473719	0.0779691	0.0365837	0.195586	0.129511	0.0536906	0.0141822	0.00168917	0.0113755
164	0.00735288	0.0237068	0.00205548	0.00226034	0.33498	0.00265565	0.067702	0.0115493	0.00209662	0.00690249	0.00226473	0.0101799	0.00474296	0.0116501	0.00366171	0.0120594	0.00347553	0.00460374	0.0408637	0.445237
165	0.0260422	0.00398261	0.00774933	0.00851978	0.112196	0.0763534	0.00891793	0.0168229	0.0181425	0.0505484	0.0121308	0.0351446	0.013078	0.0331652	0.0779661	0.0223629	0.0382608	0.028172	0.36872	0.0417241
166	0.0277708	0.0020113	0.00426299	0.00216234	0.0385136	0.00208086	0.00184252	0.20098	0.00266375	0.270713	0.0366281	0.00232273	0.00638696	0.0136974	0.00364884	0.00683992	0.00898815	0.360293	0.00248244	0.00571119
167	0.245749	0.00372753	0.0160459	0.0108178	0.00259685	0.520667	0.0126954	0.00558947	0.00349662	0.00725008	0.00548573	0.00739997	0.0208577	0.00504714	0.0233995	0.0832856	0.0149725	0.00801034	0.000850766	0.00205544
168	0.0597442	0.00164354	0.00585965	0.0158157	0.068698	0.00789384	0.0121385	0.113996	0.024969	0.260682	0.0781489	0.00949713	0.012636	0.0472166	0.0369127	0.0397085	0.021863	0.160047	0.00252834	0.020001
169	0.0940676	0.00440576	0.0131663	0.0336594	0.0149096	0.0177081	0.0981607	0.0681651	0.0121937	0.0740249	0.0249817	0.119421	0.0138541	0.0466147	0.0193045	0.126013	0.0286001	0.177987	0.00382689	0.00893638
170	0.0511239	0.00434624	0.0775508	0.0411309	0.037372	0.0424191	0.045464	0.0418487	0.036924	0.0632981	0.0104206	0.0892701	0.0950348	0.071106	0.069185	0.108697	0.0430589	0.0597524	0.00223756	0.0097606
171	0.0425254	0.00104786	0.00783876	0.0191357	0.0327427	0.00817965	0.0168925	0.0877073	0.0395545	0.140947	0.0740748	0.0125202	0.104564	0.0511287	0.0941725	0.0636959	0.0449005	0.141323	0.00506257	0.0119863
172	0.0524579	0.00142557	0.00329507	0.00392337	0.0525909	0.00397968	0.00474667	0.188209	0.0108311	0.208744	0.0158085	0.00920717	0.066505	0.0182276	0.0605437	0.0533938	0.0510744	0.178908	0.0130711	0.00305729
173	0.365248	0.00378723	0.0136083	0.00808002	0.00341147	0.267883	0.0123655	0.00671093	0.0112352	0.00827678	0.00946136	0.00573171	0.0756984	0.00521754	0.0453222	0.11138	0.0356438	0.00724354	0.00138815	0.00230808
174	0.02594	0.00337531	0.00431125	0.00651026	0.0294672	0.00380159	0.00459091	0.183608	0.00550952	0.278512	0.0511437	0.00226183	0.00341612	0.0204093	0.00238211	0.00536252	0.0123743	0.347384	0.0044645	0.00517477
175	0.0637346	0.00520218	0.146315	0.108971	0.022469	0.0400845	0.0219471	0.0352129	0.0635037	0.0425105	0.0213585	0.0924214	0.0218191	0.032541	0.0605404	0.0796007	0.0690937	0.0614196	0.00105034	0.0102052
176	0.0927537	0.00733528	0.0425383	0.0336779	0.0251494	0.083361	0.0314847	0.0205384	0.0578422	0.0593748	0.0230062	0.0439969	0.0755558	0.0277537	0.0940055	0.160954	0.0889995	0.018886	0.00230216	0.0104846
177	0.0321205	0.00132546	0.00364922	0.00235034	0.045315	0.00212351	0.00219226	0.216919	0.00370314	0.302378	0.0260559	0.00462126	0.0334456	0.0116693	0.0194762	0.0187248	0.0219118	0.240655	0.00717303	0.00419007
178	0.119621	0.00199115	0.0113205	0.0149967	0.00846369	0.0261959	0.00383587	0.0228406	0.0227605	0.0161775	0.01806	0.0153824	0.0076036	0.00437918	0.0180066	0.358693	0.282855	0.032663	0.00324905	0.010905
179	0.0262982	0.00346284	0.218972	0.380851	0.00721139	0.0390119	0.0140087	0.0137516	0.0132712	0.0139264	0.00957763	0.0727823	0.00386754	0.0629674	0.0214315	0.033891	0.0250283	0.0324833	0.00121108	0.00599426
180	0.0628319	0.00228288	0.00101141	0.00139381	0.00493215	0.00968724	0.00118863	0.259858	0.00126057	0.0493511	0.00409221	0.00244938	0.000867877	0.00271196	0.0016237	0.00310816	0.00501739	0.583463	0.0008119	0.00205682
181	0.106806	0.00233782	0.00726167	0.07588	0.00827987	0.028447	0.0410584	0.0378943	0.00584187	0.0437121	0.0523447	0.0752405	0.00483751	0.113675	0.00903937	0.128997	0.0302227	0.220912	0.0022813	0.00492998
182	0.0338426	0.0034741	0.156278	0.409941	0.00701631	0.0472828	0.0224225	0.0135808	0.0172356	0.0160737	0.0137269	0.0384841	0.00297149	0.108381	0.0146394	0.0269635	0.0216643	0.0391613	0.00152728	0.00533281
183	0.0476175	0.000640263	0.00194131	0.0437868	0.0463052	0.0157426	0.0363462	0.0374212	0.0786043	0.19795	0.0998342	0.0156013	0.0117546	0.060466	0.114086	0.0444006	0.0371559	0.0739469	0.000706298	0.0356929
184	0.0216219	0.00326305	0.179559	0.0623212	0.00838608	0.190391	0.019211	0.00227594	0.0839605	0.00314522	0.00172967	0.190461	0.0113327	0.0514727	0.0909211	0.0590477	0.0145575	0.00367434	0.000681536	0.00198711
185	0.0327792	0.00250486	0.133611	0.032374	0.00318568	0.508077	0.00484229	0.00531358	0.0165954	0.0136598	0.0042393	0.117987	0.00298667	0.0106233	0.0451364	0.0445378	0.00818775	0.0111355	0.000736662	0.00148727
186	0.0445828	0.000935658	0.0268812	0.0709247	0.00659897	0.0143359	0.025126	0.00171691	0.218114	0.00688007	0.0011385	0.0392171	0.000831062	0.150929	0.233772	0.0625141	0.0698723	0.0197554	0.000449579	0.0054247
187	0.0182186	0.00114501	0.00455076	0.0016594	0.0381357	0.00142514	0.0017253	0.160625	0.00218002	0.480689	0.0517505	0.00230373	0.00392549	0.0100265	0.00159706	0.00540049	0.0065329	0.198196	0.00175383	0.0081599
188	0.00847198	0.0349946	0.00176957	0.00244284	0.22858	0.00271378	0.0534152	0.0111517	0.00177435	0.00662075	0.00204907	0.0142269	0.00713655	0.0106863	0.00346742	0.0103615	0.00382167	0.00403289	0.0424204	0.549863
189	0.0237441	0.00149938	0.00506233	0.00194959	0.0429603	0.00131773	0.00169377	0.209564	0.0024812	0.341076	0.0432427	0.00219142	0.00419526	0.0123409	0.00156887	0.00586378	0.00759735	0.283665	0.00157506	0.00641138
190	0.0774838	0.0109474	0.0210558	0.0149679	0.00372457	0.662363	0.00740316	0.00672024	0.00811266	0.00905778	0.00642211	0.0133372	0.0109622	0.00652716	0.0280198	0.0846307	0.017136	0.00784264	0.000675005	0.0026109
191	0.0646315	0.00269245	0.00750278	0.00535976	0.0339337	0.0126169	0.00456376	0.013693	0.00561008	0.0157053	0.00566501	0.028638	0.00327644	0.0117785	0.00818786	0.634996	0.0753687	0.00894029	0.018887	0.0379535
192	0.0505025	0.00119212	0.00296737	0.00352545	0.0515589	0.00428583	0.00391764	0.204399	0.0106646	0.219775	0.0129403	0.00722821	0.0732976	0.0187299	0.0572478	0.0373315	0.0372481	0.182934	0.0178619	0.00239189
193	0.0412198	0.0058063	0.196892	0.143998	0.0224187	0.0357921	0.0260334	0.0337118	0.0404744	0.0384958	0.0231563	0.0880205	0.0206399	0.0447563	0.0388238	0.0648815	0.0678435	0.0530013	0.000768849	0.0132652
