201	20
1	0.0255389	0.00205828	0.385868	0.0229198	0.00192704	0.0182316	0.00321626	0.00421982	0.0257434	0.0200007	0.00371273	0.0908204	0.0172456	0.0215706	0.00924538	0.0396824	0.299327	0.00548436	0.00091898	0.00226836
2	0.00505579	0.00146832	0.000333966	0.000630875	0.0121597	0.00166104	0.000279081	0.66053	0.000524466	0.0743791	0.00505676	0.000419751	0.000521737	0.000433476	0.000521402	0.000822303	0.00410252	0.225118	0.000112266	0.00586985
3	0.0234471	0.00108579	0.00165077	0.0193385	0.0138022	0.0017617	0.00909834	0.182492	0.110169	0.0418006	0.0153232	0.0200701	0.0297469	0.0238818	0.114758	0.0125414	0.0763453	0.258294	0.000488649	0.0439048
4	0.39005	0.00867362	0.00232784	0.00368085	0.00120738	0.0247171	0.00243419	0.0173983	0.00324188	0.0415881	0.0101892	0.0032185	0.00189847	0.00330743	0.00383682	0.434676	0.0247599	0.0195675	0.00109786	0.0021292
5	0.0521108	0.000969972	0.0571104	0.0396668	0.000786393	0.0179701	0.0160345	0.00593013	0.0179514	0.00192743	0.00164281	0.0267157	0.599346	0.00978823	0.0119818	0.0706468	0.0420885	0.0159628	0.000227656	0.0111419
6	0.00505579	0.00146832	0.000333966	0.000630875	0.0121597	0.00166104	0.000279081	0.66053	0.000524466	0.0743791	0.00505676	0.000419751	0.000521737	0.000433476	0.000521402	0.000822303	0.00410252	0.225118	0.000112266	0.00586985
7	0.0352721	0.00163469	0.0136309	0.0695347	0.000818595	0.00873312	0.0238101	0.0109829	0.273756	0.0462858	0.0221136	0.0187886	0.00842992	0.126785	0.215001	0.0457906	0.0450506	0.0165534	0.00137361	0.0156544
8	0.158342	0.00211747	0.0159608	0.156217	0.00201833	0.00738192	0.00272981	0.00451891	0.226711	0.00597268	0.00381757	0.00420971	0.0587243	0.191548	0.116009	0.00887434	0.0104926	0.00585578	0.000917138	0.0175816
9	0.00299797	0.00165788	0.035887	0.0199816	0.0007175	0.73501	0.0201601	0.00151793	0.0111942	0.00166212	0.00100574	0.124977	0.000684528	0.0147107	0.0159513	0.0070909	0.00229905	0.00143361	0.000321864	0.000738497
10	0.0178677	0.00401572	0.163183	0.52793	0.012415	0.00371222	0.00789926	0.00195719	0.0198987	0.00206283	0.00148402	0.00758287	0.000785951	0.132821	0.00205319	0.0323596	0.0532944	0.00736229	0.000276867	0.0010385
11	0.0175732	0.000737986	0.00157154	0.0185877	0.011427	0.00170793	0.00508881	0.214999	0.0977363	0.0519532	0.0203085	0.0210692	0.0356859	0.0175496	0.10981	0.0145402	0.0722993	0.266855	0.000301977	0.0201981
12	0.00504109	0.0014681	0.000336284	0.000642936	0.0121324	0.00166699	0.000280211	0.660307	0.000546806	0.0748248	0.00510411	0.00041361	0.000521106	0.000438253	0.000534554	0.000827718	0.00410062	0.224843	0.000114188	0.00585585
13	0.00878711	0.00320927	0.000433836	0.00144743	0.0112956	0.00224407	0.000434137	0.621171	0.000596648	0.0792287	0.0066137	0.000759393	0.000819557	0.000558768	0.000604651	0.00186621	0.00468661	0.249622	0.000145737	0.00547619
14	0.0792641	0.0013306	0.0208658	0.0763681	0.000536704	0.0205024	0.0105708	0.00367089	0.251699	0.028262	0.0144319	0.0276897	0.00163156	0.0966117	0.187988	0.077571	0.0741059	0.0202074	0.00307714	0.00361616
15	0.0862711	0.000611154	0.0800443	0.339276	0.00483677	0.0075573	0.00895961	0.0049937	0.193866	0.00292857	0.000976314	0.0130192	0.00531263	0.0928143	0.0603928	0.0535297	0.0174399	0.0214103	0.000231231	0.00552836
16	0.00711883	0.00178716	0.0858217	0.0316698	0.00174374	0.591847	0.0237122	0.00270513	0.0156907	0.00251934	0.0014678	0.152065	0.00307532	0.0166013	0.0183678	0.0282892	0.0115121	0.00233811	0.000688285	0.00097974
17	0.0179362	0.00404892	0.163669	0.527542	0.0123656	0.00366215	0.00799427	0.00195293	0.0201178	0.00205659	0.00146743	0.00763561	0.000788426	0.132296	0.00205506	0.0325243	0.0530998	0.0074619	0.000285248	0.00104033
18	0.0175813	0.000730951	0.00155684	0.0188333	0.0115286	0.0016501	0.00518769	0.214435	0.0978133	0.0518613	0.020096	0.0208438	0.0357532	0.0176975	0.110309	0.0144504	0.0726258	0.266195	0.000304115	0.0205472
19	0.00822716	0.00381916	0.000396471	0.000893472	0.0117708	0.0018589	0.000345929	0.629093	0.000597171	0.0788962	0.00799204	0.00063321	0.000663138	0.000483024	0.000565526	0.00170143	0.00531276	0.241131	0.000119926	0.0054996
20	0.109752	0.000682116	0.00128763	0.00204183	0.154269	0.0220931	0.000722168	0.170891	0.00430812	0.29622	0.0526502	0.00113509	0.000886353	0.0142257	0.00126819	0.0159682	0.0310807	0.119001	0.000399513	0.00111854
21	0.109619	0.000680643	0.00129027	0.00207276	0.153832	0.0220691	0.000745572	0.170685	0.00429786	0.296624	0.0526563	0.00112518	0.000885466	0.0142316	0.0013426	0.0159105	0.0312018	0.119174	0.00041414	0.00114252
22	0.190232	0.0644567	0.00161161	0.0107521	0.00118072	0.0290735	0.00203557	0.0127539	0.00223564	0.0108513	0.00388434	0.0287556	0.00473775	0.0244773	0.00355449	0.448754	0.0948842	0.0483559	0.00867689	0.00873622
23	0.323995	0.0216334	0.00288651	0.00487055	0.0261469	0.202481	0.00291487	0.0292316	0.00343032	0.0294977	0.0446173	0.00345419	0.0173014	0.00688816	0.00512785	0.149234	0.0693353	0.0425443	0.00121137	0.0131985
24	0.0675641	0.0153181	0.00251979	0.00730628	0.0180489	0.00730406	0.00155709	0.299803	0.00574867	0.0654387	0.0430617	0.00432591	0.00640111	0.00206426	0.00596725	0.0230871	0.0486616	0.371891	0.000569392	0.00336218
25	0.109936	0.000682352	0.00128792	0.00203608	0.154439	0.0220973	0.000719882	0.17089	0.00431467	0.29608	0.0525155	0.00112917	0.000886253	0.0142427	0.00125235	0.0160559	0.031046	0.118886	0.000394717	0.00110831
26	0.101282	0.00145524	0.00219799	0.00363617	0.171128	0.0261695	0.00168308	0.145307	0.0116698	0.29683	0.0495677	0.00232529	0.00206061	0.0134005	0.0030988	0.0165309	0.0356939	0.113362	0.000725578	0.00187651
27	0.0150501	0.00354716	0.206593	0.059664	0.00509182	0.0382997	0.0676274	0.00266973	0.0628842	0.00266413	0.00200529	0.292819	0.00142926	0.0451332	0.0590519	0.0886247	0.0397605	0.00294292	0.00293911	0.00120235
28	0.0368522	0.000523211	0.00750288	0.0156619	0.0866859	0.00263459	0.00843954	0.168037	0.00206446	0.246666	0.0832697	0.00422298	0.000666453	0.0158925	0.0224587	0.0248993	0.0655568	0.180777	0.00646831	0.0207213
29	0.121821	0.00680508	0.0102552	0.013663	0.00312955	0.00303086	0.0015994	0.165672	0.00355439	0.0622807	0.0212678	0.0140322	0.0282725	0.00254021	0.00346594	0.0293445	0.0847639	0.419617	0.000461437	0.00442361
30	0.0248153	0.00640252	0.00243888	0.00291959	0.0231126	0.00314009	0.00172106	0.0034651	0.00902874	0.00315575	0.00219428	0.00286415	0.00163941	0.00328235	0.0114058	0.36803	0.522193	0.0042274	0.000469309	0.0034945
31	0.132088	0.00237833	0.0971016	0.0308416	0.00265597	0.00824321	0.0213146	0.0407689	0.005516	0.00756988	0.0388192	0.0922756	0.170807	0.00545693	0.0618378	0.0938446	0.12021	0.0645456	0.000892206	0.00283298
32	0.0283949	0.000413366	0.00508523	0.0105422	0.0832723	0.00141453	0.0085922	0.165872	0.00115419	0.246126	0.108535	0.00597293	0.000469229	0.0138434	0.0221722	0.0293168	0.0652852	0.176672	0.00708031	0.0197863
33	0.0277861	0.00553432	0.0057839	0.0161204	0.00164427	0.00616033	0.0225836	0.0177311	0.258871	0.0498977	0.00638695	0.00997486	0.00917072	0.0611484	0.369869	0.0255385	0.0650357	0.03584	0.00108414	0.00383892
34	0.0345586	0.00368616	0.0089861	0.0203483	0.0721183	0.0050045	0.0125225	0.149797	0.00853082	0.25058	0.0918819	0.0146041	0.0031429	0.0163809	0.0236233	0.0322041	0.0566843	0.13308	0.0208831	0.0413829
35	0.0331226	0.00302495	0.00176009	0.00312329	0.024263	0.00325855	0.00234642	0.15969	0.00209483	0.254686	0.263867	0.0219092	0.00141545	0.018501	0.00589209	0.0296791	0.03816	0.120816	0.0021057	0.0102851
36	0.0496639	0.00400966	0.143318	0.378003	0.00856214	0.00801602	0.010772	0.00941063	0.0912056	0.0109128	0.00555967	0.027195	0.00370358	0.0912824	0.0316466	0.0485315	0.054029	0.0166739	0.00141882	0.00608574
37	0.0158972	0.00548746	0.00107399	0.00212015	0.0186488	0.00298976	0.00127468	0.257498	0.00970611	0.389435	0.160219	0.00245398	0.000629354	0.00348623	0.00996416	0.0060112	0.0224225	0.0870858	0.000840472	0.00275642
38	0.334992	0.00524105	0.00233483	0.00348822	0.00157332	0.0273607	0.0026251	0.0235923	0.00298254	0.0444813	0.0131149	0.00285033	0.00237716	0.0039365	0.00412467	0.480008	0.028555	0.0131915	0.00131682	0.00185324
39	0.0260517	0.00252672	0.244805	0.0344244	0.0178127	0.0282475	0.0639823	0.00473688	0.0257931	0.00520138	0.00376271	0.270461	0.00264364	0.0159689	0.0379019	0.147216	0.0581253	0.00684618	0.00103201	0.0024606
40	0.0712749	0.0107029	0.00761755	0.0119379	0.0694859	0.0479963	0.00683787	0.0436493	0.0117554	0.259778	0.21099	0.0156843	0.0686117	0.0114486	0.0121247	0.039021	0.0596442	0.0305956	0.00241458	0.00842861
41	0.019852	0.00217815	0.182725	0.0573975	0.00659331	0.0622103	0.033448	0.00513033	0.0322398	0.00532521	0.00465639	0.291162	0.00263069	0.0150808	0.0393548	0.15471	0.0762427	0.00598733	0.000720759	0.00235539
42	0.0261118	0.0117925	0.00223968	0.0136426	0.00142619	0.00360921	0.489608	0.00296061	0.00334542	0.00332341	0.0024114	0.109014	0.00163543	0.136137	0.0467506	0.0789428	0.0385361	0.0133825	0.000629216	0.0145013
43	0.0628485	0.00172135	0.0512332	0.0476236	0.00228914	0.0175295	0.0165046	0.00806331	0.0184095	0.00563852	0.00404136	0.0272586	0.546588	0.0123459	0.0132331	0.068489	0.0573162	0.0181724	0.0008347	0.0198595
44	0.0618688	0.00787901	0.00158307	0.00370127	0.0534726	0.00923828	0.00134371	0.231784	0.00517178	0.296903	0.115523	0.00306542	0.00234804	0.0068557	0.00597941	0.0113754	0.0435185	0.134503	0.00121732	0.00266929
45	0.0168742	0.00528076	0.00179218	0.0111457	0.122474	0.00341508	0.00239578	0.105139	0.0110645	0.415263	0.156698	0.00588799	0.00159374	0.013329	0.0110836	0.0159916	0.0275474	0.0566743	0.00177509	0.0145749
46	0.0137123	0.00188542	0.0355111	0.0620651	0.000662756	0.00977109	0.0178238	0.00916924	0.312382	0.00758114	0.00636638	0.0051386	0.0016508	0.110414	0.37283	0.0121367	0.00909315	0.00350345	0.000346844	0.00795578
47	0.0129734	0.00160802	0.0361269	0.0660835	0.000595687	0.00955136	0.0183635	0.00931589	0.315812	0.00725941	0.00644967	0.0053647	0.00161267	0.108728	0.369362	0.011584	0.00826171	0.00306385	0.000374291	0.00750976
48	0.0123317	0.00553403	0.0008561	0.00124133	0.00802255	0.00260755	0.000760291	0.254624	0.00988267	0.408113	0.175867	0.00264046	0.000583561	0.00281491	0.00912907	0.00388946	0.0189575	0.0801796	0.000380414	0.00158523
49	0.117707	0.00159656	0.00270153	0.00356323	0.118497	0.0229749	0.00213739	0.175938	0.00507638	0.264301	0.0697375	0.00397679	0.00149276	0.0262386	0.00290342	0.0414847	0.0274135	0.108387	0.000747116	0.00312672
50	0.0326746	0.0028331	0.00491559	0.0124057	0.0602073	0.00223817	0.00710791	0.161783	0.00142462	0.259678	0.108865	0.00466161	0.000579037	0.0115071	0.0260387	0.0223899	0.0884842	0.16939	0.00788812	0.0149277
51	0.083666	0.000960055	0.0306641	0.128135	0.00120786	0.0182267	0.00982648	0.00372761	0.248536	0.0249137	0.0126363	0.0262492	0.00254455	0.0986321	0.147303	0.0691684	0.0655935	0.0211011	0.00285507	0.00405289
52	0.544373	0.0539927	0.00219084	0.00591007	0.000965608	0.0312193	0.00233763	0.0102164	0.00426666	0.0125054	0.00449659	0.00403687	0.00198633	0.00560132	0.00516327	0.141364	0.0811229	0.0848056	0.00105826	0.0023867
53	0.0721461	0.00820514	0.0352782	0.0462067	0.00268866	0.020509	0.0230896	0.0109163	0.0235351	0.00768167	0.00922841	0.0276641	0.370604	0.0626334	0.0195712	0.144333	0.085237	0.0202798	0.00218936	0.00800365
54	0.189948	0.0218278	0.0207014	0.0162119	0.00616003	0.410968	0.0123404	0.0116425	0.0151493	0.0171965	0.0132667	0.0495849	0.0076733	0.0193297	0.0159561	0.118045	0.032585	0.0157439	0.00147956	0.00419028
55	0.0475625	0.0126185	0.00709886	0.00999337	0.017926	0.013268	0.0035978	0.00927616	0.0177937	0.00716965	0.0051382	0.0101083	0.00422958	0.0103655	0.0177904	0.365974	0.419975	0.0128605	0.00152021	0.00573391
56	0.0109418	0.00934701	0.000940966	0.00138612	0.214376	0.00528674	0.0451574	0.00141246	0.00144894	0.0294812	0.00512268	0.00464251	0.000604312	0.00117868	0.00136172	0.00682064	0.00219729	0.00563021	0.00879342	0.64387
57	0.0253808	0.0104191	0.00374645	0.0145991	0.00285273	0.00486399	0.448886	0.00431375	0.00477318	0.00528324	0.0031477	0.118987	0.00238616	0.141893	0.0415421	0.0865557	0.0408151	0.0139511	0.000963823	0.0246397
58	0.0308402	0.00969179	0.0154915	0.0234588	0.0115725	0.0153043	0.452349	0.0120397	0.0157901	0.0141573	0.00777377	0.0802091	0.0102112	0.0935635	0.0423183	0.0694459	0.0408083	0.0198906	0.00284198	0.0322424
59	0.063992	0.0303489	0.0053347	0.00673465	0.0143489	0.0148211	0.00384709	0.0113461	0.014558	0.00727512	0.00609325	0.00931756	0.00330612	0.010765	0.0130002	0.378214	0.380143	0.0191084	0.0018947	0.005551
60	0.0180177	0.00502521	0.00112367	0.00215835	0.0198229	0.00221787	0.00158552	0.24058	0.00673024	0.338038	0.189507	0.0054609	0.000486083	0.00518491	0.0112859	0.00877817	0.0253059	0.113099	0.00150401	0.00409005
61	0.030889	0.00234127	0.00164577	0.0029252	0.0244279	0.00311981	0.00228201	0.157981	0.00233532	0.256152	0.272508	0.0216801	0.00143941	0.0185144	0.00597593	0.0290405	0.0332095	0.120912	0.00203902	0.0105814
62	0.024874	0.0056507	0.00148489	0.0032598	0.0200574	0.0029189	0.00190695	0.219013	0.00565906	0.305862	0.203483	0.0090425	0.00116392	0.00864175	0.00920833	0.014424	0.0310729	0.124617	0.00165838	0.00600205
63	0.608629	0.0255864	0.00168251	0.00346089	0.000830425	0.149477	0.00140454	0.00451286	0.00235254	0.00789363	0.00615022	0.00124157	0.00131386	0.00399244	0.00251433	0.126977	0.0259461	0.0244615	0.000250263	0.00132326
64	0.16105	0.0420433	0.00540362	0.0337579	0.00224142	0.0471862	0.00438648	0.0148761	0.00516231	0.00966751	0.0241308	0.131303	0.00619682	0.0502074	0.0115915	0.265915	0.143828	0.032791	0.00383394	0.00442874
65	0.0133336	0.00567835	0.000900054	0.00190031	0.0150768	0.0025503	0.000800257	0.237614	0.00984339	0.401697	0.187444	0.00428431	0.000688494	0.0039004	0.00850515	0.00622663	0.0198561	0.0766032	0.000428278	0.00266918
66	0.608427	0.038586	0.0023212	0.0062645	0.000977036	0.0666598	0.00135662	0.00606671	0.00221708	0.0115872	0.00402094	0.00234874	0.00201247	0.0038171	0.00264329	0.148903	0.0389816	0.0508285	0.000575701	0.00140611
67	0.116913	0.00734534	0.0536361	0.207957	0.0103591	0.0164177	0.0290201	0.0188043	0.101816	0.0297684	0.0128658	0.0338067	0.018174	0.106911	0.0628391	0.0588419	0.0369971	0.0253819	0.0036909	0.0484544
68	0.164155	0.00553318	0.0205575	0.0847564	0.00333723	0.02873	0.00864224	0.0321694	0.0112069	0.0308615	0.0511771	0.150674	0.0120291	0.0142315	0.0739575	0.126427	0.118885	0.0555557	0.00174463	0.00536885
69	0.444683	0.0452671	0.00412845	0.00724775	0.00375855	0.298516	0.00200883	0.0146995	0.00331362	0.0164869	0.0169793	0.0021472	0.00284542	0.0145517	0.00337151	0.0822595	0.019339	0.0149669	0.000597588	0.00283178
70	0.596695	0.0720633	0.00192303	0.0041634	0.000754936	0.026505	0.00128493	0.00973282	0.00194022	0.0161482	0.00227311	0.00186922	0.000799738	0.00179239	0.00202835	0.0894228	0.0672108	0.101879	0.00043775	0.0010762
71	0.0891014	0.000889899	0.0818053	0.329669	0.00452476	0.00855437	0.00850586	0.00500254	0.188943	0.0037996	0.00154066	0.0144573	0.00529469	0.0926448	0.0627939	0.0570962	0.0190807	0.0207764	0.000264295	0.0052563
72	0.208865	0.0108432	0.0616939	0.184429	0.00381801	0.00911464	0.019922	0.0170567	0.0704423	0.0444753	0.0233458	0.0373008	0.00299214	0.0493811	0.0438323	0.101551	0.0521541	0.0471173	0.00150693	0.0101584
73	0.00505579	0.00146832	0.000333966	0.000630875	0.0121597	0.00166104	0.000279081	0.66053	0.000524466	0.0743791	0.00505676	0.000419751	0.000521737	0.000433476	0.000521402	0.000822303	0.00410252	0.225118	0.000112266	0.00586985
74	0.00299797	0.00165788	0.035887	0.0199816	0.0007175	0.73501	0.0201601	0.00151793	0.0111942	0.00166212	0.00100574	0.124977	0.000684528	0.0147107	0.0159513	0.0070909	0.00229905	0.00143361	0.000321864	0.000738497
75	0.625541	0.0316038	0.0150487	0.0373414	0.00159072	0.111128	0.00254925	0.0066501	0.00382844	0.0373434	0.00819471	0.00363733	0.00179702	0.00699317	0.00422713	0.0401323	0.0138894	0.0457737	0.000758234	0.00197214
76	0.0235143	0.00190415	0.272014	0.0777807	0.00561623	0.0293917	0.0435589	0.00301499	0.0282574	0.00314234	0.00473857	0.315971	0.00478217	0.0358619	0.0355337	0.0781994	0.0307922	0.00352816	0.00118332	0.00121455
77	0.246986	0.0127422	0.00264545	0.00741059	0.00278017	0.0721328	0.0147298	0.0333099	0.00362975	0.00729244	0.0193973	0.00687114	0.147017	0.0225909	0.0278031	0.269837	0.0561236	0.0310662	0.0128981	0.00273642
78	0.0266385	0.00105843	0.0136537	0.0301749	0.0572567	0.00190257	0.00821375	0.159241	0.0139059	0.22859	0.0783728	0.00518177	0.00262111	0.0306038	0.0386914	0.0226712	0.084317	0.173112	0.005398	0.0183953
79	0.01099	0.0085186	0.00191905	0.0161698	0.183308	0.00419409	0.0015793	0.062063	0.0171314	0.47705	0.124764	0.0021384	0.00204099	0.00739392	0.0107221	0.0113507	0.0224522	0.0170883	0.00100798	0.0181188
80	0.594168	0.07221	0.00191574	0.00425747	0.000751881	0.0264215	0.00127996	0.00993015	0.00192754	0.0163551	0.00242013	0.00201463	0.000815701	0.00188989	0.00203679	0.0887302	0.0682883	0.102966	0.000510087	0.0011115
81	0.0170235	0.0207949	0.0124484	0.0241635	0.0022954	0.00785273	0.0178352	0.0266626	0.339899	0.0323387	0.00551241	0.012571	0.0138053	0.0352388	0.351462	0.0217336	0.0348932	0.018044	0.000978749	0.00444734
82	0.190531	0.0142311	0.00570257	0.0149674	0.00317403	0.00516397	0.00131454	0.149371	0.00276974	0.0631396	0.0194845	0.0102669	0.0179753	0.00239565	0.00251696	0.0386357	0.0610856	0.391969	0.000446506	0.00485866
83	0.409376	0.038266	0.00212885	0.00382725	0.00453412	0.336079	0.00180422	0.0112787	0.00255491	0.0122258	0.0229834	0.00223318	0.00358403	0.0131326	0.00278156	0.0991792	0.0201798	0.0102158	0.000525496	0.00311002
84	0.409837	0.0463825	0.00124654	0.00956873	0.00138691	0.0696222	0.00170454	0.0125554	0.00142496	0.00692779	0.00449933	0.00808112	0.00521344	0.0140062	0.00294685	0.277499	0.0702175	0.0525344	0.00200444	0.00234133
85	0.00706993	0.00879134	0.00215665	0.017511	0.186823	0.00346434	0.00200937	0.058822	0.0169162	0.460076	0.135808	0.00261728	0.00246552	0.00715056	0.0118687	0.0134868	0.0229266	0.0168484	0.00114344	0.022044
86	0.0109418	0.00934701	0.000940966	0.00138612	0.214376	0.00528674	0.0451574	0.00141246	0.00144894	0.0294812	0.00512268	0.00464251	0.000604312	0.00117868	0.00136172	0.00682064	0.00219729	0.00563021	0.00879342	0.64387
87	0.0362996	0.0105119	0.0154642	0.0257984	0.00978178	0.0156025	0.437899	0.0111442	0.0148266	0.0154612	0.00848831	0.0837217	0.00982434	0.0972332	0.0450398	0.072041	0.0366798	0.0210516	0.00258275	0.0305483
88	0.0482617	0.00497114	0.329488	0.159238	0.00542161	0.026435	0.0199353	0.0150253	0.0350924	0.0142943	0.0094182	0.10436	0.0188601	0.0426901	0.0300021	0.059504	0.0505906	0.0179796	0.00314235	0.00528986
89	0.00505579	0.00146832	0.000333966	0.000630875	0.0121597	0.00166104	0.000279081	0.66053	0.000524466	0.0743791	0.00505676	0.000419751	0.000521737	0.000433476	0.000521402	0.000822303	0.00410252	0.225118	0.000112266	0.00586985
90	0.0503271	0.00780855	0.0313358	0.0207145	0.00233776	0.643406	0.0194442	0.00531559	0.0159996	0.00637602	0.00648726	0.103392	0.00416708	0.0168363	0.0179076	0.0282012	0.0114976	0.00579174	0.000939577	0.00171487
91	0.0463309	0.00611274	0.0242935	0.0639157	0.00409928	0.019467	0.0155821	0.0254817	0.323702	0.0314514	0.0116302	0.02632	0.013745	0.0570722	0.204274	0.0459208	0.0453652	0.0262363	0.00166136	0.00733883
92	0.030909	0.0155762	0.00140253	0.00326565	0.00419425	0.00731715	0.00117911	0.26011	0.00576654	0.308897	0.164143	0.00320274	0.00107165	0.00310513	0.00851663	0.00604497	0.0811241	0.0911939	0.00156322	0.00141663
93	0.0182538	0.0115567	0.145772	0.0704235	0.00156229	0.0165465	0.119493	0.00305518	0.0936583	0.00376304	0.00259797	0.164994	0.00137475	0.124284	0.158983	0.026712	0.0211437	0.00390059	0.0102554	0.00167089
94	0.216389	0.00839185	0.0213505	0.0172518	0.00310238	0.0732759	0.0121862	0.0181147	0.00883995	0.00594755	0.0118617	0.0119316	0.327319	0.0139976	0.0166476	0.160201	0.0416745	0.0201489	0.00546077	0.00590798
95	0.10281	0.00784058	0.057817	0.134721	0.0236916	0.0210736	0.0536086	0.0284734	0.0428593	0.0678134	0.0265039	0.0752248	0.0113159	0.0645989	0.0467724	0.100081	0.0394198	0.0263384	0.00844882	0.0605876
96	0.0109418	0.00934701	0.000940966	0.00138612	0.214376	0.00528674	0.0451574	0.00141246	0.00144894	0.0294812	0.00512268	0.00464251	0.000604312	0.00117868	0.00136172	0.00682064	0.00219729	0.00563021	0.00879342	0.64387
97	0.0114927	0.00925402	0.00138993	0.00207725	0.21293	0.00531701	0.0441315	0.00445147	0.00208368	0.036179	0.00770084	0.00482058	0.000967007	0.00161852	0.00194389	0.00807762	0.00396364	0.00813993	0.00860028	0.624861
98	0.0633725	0.0138826	0.00264028	0.00511458	0.00896013	0.0245769	0.00218794	0.307731	0.0249279	0.0189368	0.0288131	0.00409779	0.00472953	0.0032669	0.0169994	0.0339704	0.0716093	0.361662	0.000757762	0.00176301
99	0.0298216	0.00425845	0.294522	0.386395	0.00568537	0.00674344	0.0118384	0.00621985	0.0193243	0.0051111	0.0053472	0.0605787	0.00333504	0.0735769	0.011577	0.0367886	0.0272038	0.00830888	0.00127491	0.0020898
100	0.0470009	0.00664784	0.12347	0.0624259	0.0087	0.0895809	0.0598997	0.0194824	0.0424559	0.0220855	0.0161022	0.222294	0.0256634	0.0403149	0.0457353	0.0776275	0.049879	0.0269029	0.00276589	0.0109649
101	0.0872693	0.00255873	0.0480855	0.0395289	0.00209988	0.0253689	0.0165761	0.0107063	0.0215084	0.00679374	0.00675044	0.0239079	0.520442	0.015517	0.0164909	0.0817253	0.0433853	0.0180419	0.00166876	0.0115749
102	0.0855224	0.00470714	0.0377142	0.131384	0.0376994	0.0133628	0.0422772	0.0258997	0.0403437	0.0513809	0.0135777	0.0919985	0.0146338	0.0446404	0.0439679	0.140841	0.0561727	0.0241976	0.0297802	0.0698983
103	0.0478054	0.00297253	0.0336325	0.106869	0.00928035	0.00614819	0.00541384	0.112666	0.07111	0.113353	0.0781374	0.00925573	0.00311282	0.0908443	0.0415366	0.0420911	0.134639	0.0667559	0.0015637	0.0228136
104	0.299362	0.0309203	0.00870085	0.0149397	0.00278264	0.0538844	0.00451391	0.016535	0.0117468	0.0217821	0.010293	0.0143843	0.00936583	0.0151591	0.0129238	0.373276	0.0592672	0.0321136	0.00333593	0.00471284
105	0.576724	0.00245797	0.00332126	0.00585739	0.00188024	0.0202312	0.0171553	0.00429689	0.0414818	0.00558016	0.0174734	0.0043302	0.00237788	0.00446141	0.0488413	0.138445	0.0428429	0.0450751	0.00077913	0.0163872
106	0.0834795	0.00132939	0.0231654	0.0818681	0.000662193	0.0189212	0.0107442	0.00418987	0.247805	0.0292601	0.0153304	0.0302491	0.00163175	0.0964853	0.169208	0.079031	0.0786242	0.0207484	0.00321337	0.00405346
107	0.00515595	0.0015404	0.000334974	0.000630955	0.0121818	0.00168741	0.000279371	0.660138	0.000536575	0.0742575	0.00511622	0.000423312	0.000526188	0.000433616	0.00053604	0.000855173	0.00418472	0.225209	0.000112291	0.00586148
108	0.00505579	0.00146832	0.000333966	0.000630875	0.0121597	0.00166104	0.000279081	0.66053	0.000524466	0.0743791	0.00505676	0.000419751	0.000521737	0.000433476	0.000521402	0.000822303	0.00410252	0.225118	0.000112266	0.00586985
109	0.0419483	0.00229553	0.00553222	0.0138641	0.0522031	0.00412806	0.00372417	0.237785	0.162165	0.0791005	0.0432264	0.0065177	0.00511149	0.0587735	0.0673647	0.02592	0.118569	0.0638687	0.00112893	0.00677381
110	0.22538	0.0231809	0.102149	0.0335796	0.00298269	0.0263248	0.00484977	0.00641856	0.029165	0.00936225	0.00592147	0.0817932	0.00256172	0.0288353	0.0693716	0.320479	0.0138164	0.00892136	0.00106369	0.00384342
111	0.0300198	0.0111001	0.0158349	0.0236953	0.0122818	0.0139592	0.447313	0.0105608	0.0147477	0.0144496	0.00956831	0.0845532	0.00533035	0.101859	0.0449662	0.0683302	0.0362894	0.0183792	0.00224012	0.0345223
112	0.119284	0.00909979	0.00671849	0.012811	0.00377009	0.00408733	0.00118383	0.180704	0.00391932	0.0501169	0.0244881	0.00980436	0.0233351	0.00190828	0.00297746	0.0268359	0.0766598	0.437691	0.000409762	0.00419557
113	0.0437952	0.00575009	0.0258465	0.0531485	0.0027882	0.0133994	0.0204646	0.0194443	0.176918	0.0267726	0.0102838	0.0358492	0.00298377	0.039862	0.144958	0.184609	0.159051	0.0100543	0.00301285	0.0210092
114	0.0689335	0.00470803	0.159815	0.196364	0.0277291	0.0121732	0.0459336	0.0303164	0.0799591	0.0475091	0.0125083	0.0555113	0.00728088	0.0378218	0.0427209	0.0545356	0.0264563	0.0185871	0.00609684	0.0650402
115	0.0484766	0.00791365	0.0311444	0.0206055	0.00311657	0.645887	0.0184432	0.00771607	0.0131441	0.00724827	0.00510587	0.10371	0.002884	0.0167828	0.0159844	0.027042	0.0114552	0.0100314	0.000773941	0.00253489
116	0.124199	0.0023156	0.00474595	0.0204158	0.00480488	0.00247835	0.00139021	0.193758	0.00252237	0.08125	0.0254635	0.0114554	0.0166401	0.00220049	0.00226108	0.0270779	0.0375963	0.431652	0.00040345	0.00736899
117	0.0887322	0.000769139	0.0825522	0.335455	0.00471297	0.00741762	0.00873298	0.00626181	0.18931	0.00401904	0.00156223	0.0136102	0.00554528	0.090111	0.0608908	0.0519041	0.0192202	0.0223396	0.000288295	0.00656577
118	0.0102933	0.00554931	0.000879384	0.0012088	0.00563633	0.00241349	0.00073265	0.272073	0.012438	0.411415	0.167383	0.00113765	0.000581387	0.00162763	0.0101199	0.00219252	0.0183028	0.0748984	0.000258984	0.000858396
119	0.365728	0.0463143	0.00546814	0.0095849	0.0039632	0.334357	0.00376492	0.0118767	0.00473005	0.0298844	0.0158967	0.00359057	0.00357454	0.0355963	0.00546929	0.0839205	0.0185826	0.0136887	0.000763614	0.00324637
120	0.00986339	0.00218071	0.0190528	0.108358	0.00111768	0.00542196	0.0248589	0.0144789	0.325927	0.0148457	0.0125078	0.0118633	0.00247505	0.066807	0.352082	0.00881184	0.00837774	0.00468317	0.000506775	0.00577998
121	0.0863499	0.000609432	0.0799097	0.339271	0.00483784	0.00755427	0.00895444	0.00499395	0.193943	0.00292855	0.000976316	0.0130198	0.0053359	0.0928046	0.0603952	0.053496	0.0174466	0.0213874	0.000231224	0.00555473
122	0.00505579	0.00146832	0.000333966	0.000630875	0.0121597	0.00166104	0.000279081	0.66053	0.000524466	0.0743791	0.00505676	0.000419751	0.000521737	0.000433476	0.000521402	0.000822303	0.00410252	0.225118	0.000112266	0.00586985
123	0.0232135	0.00230567	0.0038185	0.0340974	0.00305873	0.0039815	0.0166798	0.289828	0.0238473	0.0874123	0.00584564	0.00465845	0.00346813	0.133226	0.137402	0.0343175	0.0542649	0.13436	0.000994699	0.00321955
124	0.0445337	0.00319266	0.37004	0.273018	0.00117673	0.0196064	0.0205793	0.00250178	0.00558772	0.00258772	0.00902643	0.116663	0.0128702	0.0601928	0.0197997	0.0257106	0.00834001	0.00262437	0.000568479	0.00138082
125	0.110654	0.000707272	0.00129708	0.00205194	0.156622	0.0221819	0.000752313	0.169805	0.00443483	0.293715	0.0525006	0.00115227	0.000916424	0.0140565	0.00129469	0.0159548	0.0316828	0.118648	0.000462906	0.00110946
126	0.0661144	0.0818438	0.00223952	0.0042278	0.00545229	0.00472815	0.00179959	0.29142	0.00460905	0.0774	0.0541953	0.00319812	0.00370072	0.00267606	0.00428351	0.030421	0.081714	0.277552	0.000624964	0.00180057
127	0.159787	0.0469617	0.00339562	0.0933917	0.00246811	0.0669448	0.00332515	0.00557122	0.0725858	0.0959807	0.00408793	0.00426777	0.0610697	0.0845911	0.131153	0.0709503	0.0235273	0.0506575	0.0011036	0.0181795
128	0.0179099	0.00343336	0.0474978	0.494619	0.00621806	0.0254566	0.00695229	0.00706123	0.0128596	0.00693205	0.00506116	0.00690217	0.00280657	0.17244	0.00703911	0.0191514	0.143087	0.00956003	0.00133338	0.00367889
129	0.037486	0.0112352	0.0155155	0.020192	0.00392905	0.0117674	0.447287	0.00940877	0.0139702	0.0104883	0.00675982	0.0900502	0.00442914	0.102066	0.0427971	0.0965732	0.0418871	0.017188	0.0021026	0.0148672
130	0.0286992	0.0115848	0.0122114	0.0253377	0.00289321	0.00662698	0.418342	0.00557584	0.0174114	0.00668554	0.00502059	0.0967592	0.00509231	0.163502	0.048361	0.0757638	0.0389807	0.0147858	0.00197913	0.0143878
131	0.372922	0.0309914	0.0109239	0.012816	0.00414034	0.329465	0.00448373	0.011953	0.00673593	0.0150739	0.0152988	0.016009	0.00401351	0.0168765	0.007223	0.0966366	0.0246785	0.0157283	0.00087429	0.00315658
132	0.0304225	0.00479305	0.204288	0.0554653	0.00317731	0.0235867	0.0474172	0.00328977	0.102411	0.00636692	0.00280211	0.187756	0.00409141	0.0541457	0.0845081	0.0659634	0.108692	0.00445832	0.00320422	0.00316141
133	0.0387741	0.00272743	0.0388308	0.00770102	0.00216566	0.0450811	0.00416507	0.0206273	0.0425689	0.0221493	0.0173011	0.0339756	0.0021794	0.00456487	0.0436843	0.38449	0.277561	0.00514189	0.000865911	0.00544496
134	0.0266144	0.000974167	0.00568172	0.0109938	0.0764062	0.00179287	0.0119017	0.135149	0.00239268	0.325978	0.0675053	0.00422403	0.000918658	0.0118441	0.0333057	0.0207403	0.0731346	0.169435	0.00589819	0.0151094
135	0.02703	0.0180587	0.00109611	0.00200972	0.00550349	0.00506627	0.000967249	0.280851	0.00631316	0.308198	0.168286	0.00299533	0.000886138	0.00273313	0.00747239	0.00574552	0.0479006	0.106759	0.000813583	0.00131481
136	0.0866556	0.00159114	0.017819	0.0739027	0.000591115	0.0182086	0.0123648	0.00383858	0.260381	0.0244594	0.0164832	0.0247914	0.00219223	0.103262	0.157866	0.0895955	0.0765815	0.0199887	0.00538107	0.00404692
137	0.0109418	0.00934701	0.000940966	0.00138612	0.214376	0.00528674	0.0451574	0.00141246	0.00144894	0.0294812	0.00512268	0.00464251	0.000604312	0.00117868	0.00136172	0.00682064	0.00219729	0.00563021	0.00879342	0.64387
138	0.0484062	0.00317478	0.00527866	0.0112649	0.117979	0.0117817	0.00607635	0.238047	0.0125619	0.23229	0.0684496	0.00660861	0.00232241	0.0132781	0.0144241	0.0209131	0.0387777	0.130752	0.00251731	0.0150968
139	0.0108949	0.00931558	0.000941335	0.00139565	0.214058	0.00528006	0.045372	0.00141159	0.00145256	0.0296612	0.00513043	0.00467451	0.000611816	0.00119532	0.00136325	0.00682103	0.00219159	0.00568799	0.00878883	0.643752
140	0.0589559	0.00406851	0.0384858	0.0852986	0.0392105	0.0283964	0.124861	0.0308236	0.0369515	0.058871	0.0122445	0.100255	0.015114	0.0716867	0.0343108	0.0650913	0.0379858	0.0403178	0.00727836	0.109793
141	0.075049	0.0012536	0.0210335	0.0796702	0.000464003	0.0175146	0.011716	0.00437013	0.268424	0.0259954	0.0171973	0.026952	0.00254557	0.10211	0.178342	0.0701269	0.0710956	0.0182694	0.00313597	0.0047341
142	0.519702	0.0163585	0.0191212	0.0831998	0.00261819	0.0287869	0.00763584	0.0127791	0.0186655	0.0462475	0.0325398	0.0157813	0.00359471	0.0140053	0.0165208	0.0683595	0.0288903	0.0589916	0.00135269	0.00484926
143	0.0338731	0.00109551	0.45345	0.114096	0.00138705	0.00216768	0.00171716	0.0320278	0.0340136	0.0237949	0.00898808	0.12222	0.00918247	0.00264295	0.0104987	0.078872	0.0268552	0.0337817	0.00798767	0.00134889
144	0.0109418	0.00934701	0.000940966	0.00138612	0.214376	0.00528674	0.0451574	0.00141246	0.00144894	0.0294812	0.00512268	0.00464251	0.000604312	0.00117868	0.00136172	0.00682064	0.00219729	0.00563021	0.00879342	0.64387
145	0.0329803	0.0275057	0.0120959	0.030507	0.00307408	0.00988006	0.037218	0.0108049	0.147024	0.0205171	0.00960107	0.0165493	0.00574366	0.082838	0.20899	0.172898	0.143428	0.0167898	0.00184765	0.00970743
146	0.0127139	0.00963823	0.00175218	0.00335797	0.206225	0.00563172	0.0450721	0.00626463	0.00285677	0.0307424	0.00597794	0.00592303	0.000913065	0.00276344	0.00278871	0.00822957	0.00381464	0.00831152	0.00851756	0.628506
147	0.052151	0.000971079	0.0572175	0.0396855	0.000787106	0.0179309	0.0160848	0.00594444	0.0179421	0.00192385	0.00164794	0.026745	0.59914	0.00983617	0.0119662	0.0707958	0.0419455	0.0159717	0.000227539	0.0110859
148	0.233852	0.0526274	0.0144608	0.0171599	0.00451176	0.405249	0.0114306	0.0137848	0.0108922	0.0193304	0.0174287	0.0338048	0.00750234	0.0216049	0.0138818	0.0760175	0.0250244	0.0148858	0.00170556	0.00484514
149	0.0570737	0.00140878	0.060857	0.04115	0.00178279	0.0236949	0.0240095	0.0178198	0.0157598	0.00521232	0.00671538	0.0323821	0.503108	0.0102907	0.0242674	0.0803067	0.0471512	0.0357596	0.000715998	0.0105348
150	0.00688354	0.00457251	0.00148211	0.00342416	0.00115851	0.00239167	0.0110294	0.0445931	0.453286	0.0499448	0.00202858	0.00970505	0.0235752	0.00585154	0.318648	0.00484796	0.0332143	0.0214204	0.000581879	0.00136042
151	0.082831	0.00177975	0.0507123	0.0364067	0.00112139	0.021789	0.0160631	0.00892793	0.0172275	0.00354186	0.00379067	0.0254788	0.557347	0.0110904	0.0138362	0.0760627	0.0418944	0.0184876	0.00120274	0.0104087
152	0.0598771	0.0023214	0.0157032	0.0652619	0.000606812	0.0145149	0.0171542	0.00543782	0.244652	0.0342038	0.0181179	0.0259783	0.00319498	0.108075	0.194017	0.0778629	0.0821683	0.0213219	0.00261805	0.0069123
153	0.021731	0.00603928	0.00227805	0.00301336	0.0253653	0.00295192	0.00180711	0.00308761	0.00822372	0.00314306	0.00218244	0.0026676	0.00162484	0.00290325	0.0119365	0.371125	0.522221	0.00396712	0.000462126	0.00327012
154	0.0067616	0.00473907	0.00165704	0.00417817	0.00116274	0.00223253	0.010982	0.0410138	0.461924	0.0454815	0.00204884	0.008684	0.0222474	0.0067406	0.322168	0.00428037	0.0310469	0.0207349	0.000603789	0.0013131
155	0.121577	0.00848036	0.0266959	0.0936096	0.0107994	0.0105651	0.00857247	0.154443	0.0280072	0.0660255	0.027148	0.0224855	0.0136908	0.022576	0.026614	0.0464646	0.0487895	0.246758	0.00272831	0.013969
156	0.20231	0.0510488	0.00153279	0.0161289	0.00115571	0.0517451	0.00218893	0.0212827	0.00204544	0.00553281	0.0054123	0.018853	0.00726387	0.0311497	0.00405608	0.397916	0.118486	0.0526998	0.00488363	0.00430826
157	0.468744	0.0294041	0.00187073	0.00354127	0.00278394	0.305162	0.00150107	0.00827982	0.0024287	0.00959822	0.0148638	0.00192849	0.0023927	0.0107118	0.00220442	0.103414	0.0201017	0.00838902	0.000488582	0.00219183
158	0.00505579	0.00146832	0.000333966	0.000630875	0.0121597	0.00166104	0.000279081	0.66053	0.000524466	0.0743791	0.00505676	0.000419751	0.000521737	0.000433476	0.000521402	0.000822303	0.00410252	0.225118	0.000112266	0.00586985
159	0.0141433	0.0100022	0.000770067	0.00193294	0.0105236	0.00229463	0.000596506	0.558726	0.000996277	0.0894495	0.0132725	0.00117051	0.00136942	0.00075536	0.00112048	0.00391148	0.0083736	0.27558	0.000198084	0.00481328
160	0.0604054	0.0362599	0.00707302	0.0118601	0.00835094	0.0472821	0.0064343	0.014698	0.00963755	0.225289	0.299945	0.0452066	0.0109687	0.0114092	0.0121313	0.147009	0.0224311	0.0158133	0.0019446	0.00585114
161	0.0182278	0.00482871	0.000974209	0.00138621	0.0216039	0.00340444	0.000999539	0.264971	0.00938685	0.385133	0.157231	0.00217193	0.000443712	0.00330585	0.00915382	0.00493339	0.0198861	0.0890253	0.000747691	0.00218595
162	0.618976	0.0593404	0.00232872	0.00581813	0.00106022	0.040882	0.00120176	0.00788531	0.00197085	0.0168209	0.00292595	0.00174584	0.00100465	0.00204522	0.00200648	0.0990045	0.0521479	0.0812868	0.000410423	0.00113744
163	0.0416941	0.0047825	0.328288	0.172806	0.00537438	0.0172981	0.0185724	0.0169321	0.0366548	0.0146613	0.0110668	0.103926	0.0210282	0.0429756	0.0305526	0.0569406	0.0485489	0.0193885	0.00308576	0.00542242
164	0.210755	0.0516431	0.00129668	0.0175822	0.00116034	0.0633593	0.00220653	0.0194017	0.00165465	0.00492941	0.00562876	0.0185796	0.0080004	0.0296563	0.00400537	0.390102	0.108713	0.0529635	0.00446958	0.00389311
165	0.0711774	0.0995036	0.00260047	0.00462813	0.00446834	0.0056938	0.0022929	0.271072	0.00521685	0.0438179	0.0366698	0.00359946	0.00404891	0.00289456	0.00446099	0.0365424	0.0925307	0.306278	0.000575409	0.00192872
166	0.0515011	0.00529109	0.141511	0.394373	0.00834848	0.0160686	0.0141678	0.0100878	0.056144	0.0122415	0.00876838	0.0305125	0.00878499	0.0933807	0.0288343	0.0466494	0.0485242	0.0167272	0.0018674	0.00621622
167	0.54076	0.0293126	0.0083501	0.0173155	0.00451348	0.0827057	0.00882666	0.0159806	0.011556	0.0242255	0.0119594	0.008143	0.00585018	0.0107568	0.0125146	0.11499	0.037638	0.0488754	0.00108022	0.00464579
168	0.567316	0.0245697	0.00181566	0.00466386	0.00184784	0.146062	0.00148028	0.00678985	0.00236551	0.00903507	0.00753828	0.00234029	0.00254618	0.00579826	0.00298981	0.150741	0.0352356	0.0245884	0.000418225	0.00185922
169	0.0954752	0.0905708	0.00439108	0.00480924	0.00319099	0.00554147	0.00309893	0.172728	0.00549678	0.0389285	0.0576238	0.00505135	0.00527653	0.00417647	0.00548202	0.0728367	0.156917	0.265061	0.000993391	0.00235075
170	0.0245006	0.000826791	0.00483696	0.0111121	0.0882893	0.00116846	0.00913358	0.150705	0.00192741	0.261974	0.115089	0.00528716	0.000595542	0.013711	0.0270234	0.0245753	0.0670318	0.167326	0.00668666	0.018199
171	0.00504808	0.00146828	0.000334615	0.000643059	0.012135	0.00166592	0.000280086	0.660359	0.000539365	0.0746381	0.00508128	0.000414156	0.000521767	0.000438933	0.000523163	0.000827305	0.00409845	0.225004	0.000114073	0.0058652
172	0.018603	0.0107654	0.148573	0.071195	0.00161029	0.0168459	0.118862	0.00303834	0.092984	0.00364345	0.00261851	0.162333	0.00133519	0.123264	0.160285	0.0269231	0.0213236	0.00378801	0.010422	0.00158739
173	0.0257201	0.0024705	0.038804	0.0460625	0.00187664	0.0462296	0.00389481	0.00507199	0.303559	0.00663573	0.00342427	0.175395	0.00206128	0.0225423	0.134298	0.102114	0.0573142	0.0060598	0.00102737	0.0154388
174	0.0104723	0.00559886	0.000869739	0.00126381	0.00621615	0.00244309	0.000718911	0.280561	0.0115528	0.407357	0.15914	0.000995428	0.000502175	0.0015509	0.0101788	0.00213398	0.0180252	0.0791788	0.000310164	0.000930317
175	0.0109499	0.00132634	0.000468675	0.000910945	0.015037	0.00294117	0.000380976	0.627185	0.00167779	0.0679368	0.00824166	0.000578629	0.00085138	0.000560496	0.00148356	0.00312549	0.0116555	0.239293	0.000186679	0.00520915
176	0.00685072	0.00460003	0.00142421	0.00334625	0.00108072	0.00224514	0.0111998	0.0419957	0.459137	0.0475855	0.00191001	0.008905	0.0225765	0.0059686	0.320811	0.00437635	0.0323993	0.0217966	0.000557482	0.00123406
177	0.02794	0.000484777	0.00495671	0.0103684	0.0805203	0.00127615	0.00824134	0.166961	0.00122968	0.250871	0.111634	0.00665418	0.000484107	0.0134565	0.0219997	0.0275141	0.0635286	0.174618	0.00768688	0.0195754
178	0.12917	0.00706731	0.0786296	0.159116	0.0117146	0.0161098	0.031113	0.0317547	0.0490807	0.0607043	0.0289376	0.052901	0.00645159	0.0568014	0.0543986	0.112573	0.0434529	0.0330456	0.00499332	0.0319846
179	0.0256238	0.0067079	0.244877	0.466725	0.00735386	0.00421013	0.00935234	0.00202184	0.0120853	0.00206747	0.00386971	0.0354253	0.00110122	0.0937554	0.00636585	0.038579	0.0328618	0.00542761	0.000378793	0.00121069
180	0.00299797	0.00165788	0.035887	0.0199816	0.0007175	0.73501	0.0201601	0.00151793	0.0111942	0.00166212	0.00100574	0.124977	0.000684528	0.0147107	0.0159513	0.0070909	0.00229905	0.00143361	0.000321864	0.000738497
181	0.0269966	0.00364465	0.1306	0.49683	0.00936722	0.00810133	0.00854974	0.00348245	0.0363226	0.00338858	0.00246434	0.0111103	0.00220196	0.139717	0.0114726	0.0313336	0.0614646	0.00972316	0.000570888	0.00265795
182	0.00641056	0.00904743	0.00205742	0.0173101	0.183809	0.00334502	0.00165407	0.0560753	0.0172906	0.485582	0.129591	0.00218512	0.00222767	0.00708197	0.0110388	0.0114203	0.0214394	0.011935	0.00103869	0.0194599
183	0.0338314	0.00107946	0.452906	0.11399	0.00137206	0.00208111	0.00170177	0.0319883	0.0344163	0.0236334	0.00888388	0.122631	0.00896115	0.00266067	0.0103836	0.0789951	0.026933	0.0341439	0.00806162	0.00134536
184	0.0425735	0.00334552	0.370319	0.285411	0.00122783	0.0165724	0.019755	0.00239803	0.00403391	0.0024494	0.00942415	0.114233	0.0103428	0.0615641	0.0190285	0.0244917	0.00820288	0.00265104	0.000615228	0.00136111
185	0.19103	0.0726615	0.00606529	0.006145	0.00168726	0.0129723	0.0026651	0.00987526	0.00492204	0.0167145	0.00561733	0.0151104	0.00217923	0.00959208	0.00607854	0.571133	0.0364625	0.0201103	0.00369036	0.00528735
186	0.0763742	0.00181245	0.258085	0.153144	0.00177857	0.0841975	0.0194068	0.00419691	0.0168446	0.00449415	0.00446981	0.168913	0.0884882	0.048561	0.00786341	0.0353148	0.019062	0.00418837	0.000718228	0.0020867
187	0.0108418	0.00566844	0.000854175	0.00120267	0.00619218	0.00253625	0.000723104	0.287492	0.0110336	0.404089	0.15387	0.00108319	0.000485437	0.00156728	0.00941538	0.00212636	0.0180416	0.0814882	0.00032845	0.000960226
188	0.0275626	0.00884396	0.0143065	0.0142291	0.00743319	0.013467	0.0101938	0.0133576	0.105519	0.0137304	0.00740433	0.0144269	0.00354083	0.0111385	0.0387266	0.311192	0.344562	0.00848733	0.00178203	0.0300963
189	0.00629313	0.00925852	0.00195977	0.0180197	0.18745	0.00332027	0.00181465	0.0582441	0.0176211	0.472016	0.132401	0.00217043	0.00211163	0.00702624	0.0122503	0.0114941	0.0220881	0.0137541	0.00102393	0.0196825
190	0.0249333	0.00174062	0.0327138	0.0558732	0.000558822	0.0138002	0.0172123	0.00931567	0.308311	0.0109565	0.00727907	0.00782395	0.00198662	0.113411	0.332226	0.0262692	0.0210798	0.00659521	0.000741015	0.00717278
