350	20
1	0.196635	0.00242334	0.0840661	0.0939049	0.00289671	0.0927532	0.0117787	0.0158192	0.0950677	0.0326579	0.0321046	0.0509875	0.0239881	0.0198938	0.0758375	0.099733	0.0407527	0.0253001	0.00125515	0.00214463
2	0.0376762	0.000677297	0.0361852	0.0302131	0.00336414	0.0361498	0.0375673	0.00394847	0.418298	0.019066	0.00443022	0.0564552	0.0281678	0.0271201	0.185821	0.0320177	0.0266415	0.00408534	0.00339759	0.00871806
3	0.0152478	0.00224261	0.00154284	0.00218696	0.00128004	0.00226381	0.00299402	0.461166	0.00255338	0.0197657	0.0184409	0.00165114	0.0474065	0.00223831	0.00184765	0.0289659	0.0127887	0.374168	0.000392213	0.000857585
4	0.0449024	0.00423926	0.0455305	0.0702657	0.00232914	0.00941777	0.0363178	0.0103749	0.22119	0.0207268	0.0167992	0.0785357	0.00279656	0.116032	0.281249	0.00971454	0.0145867	0.00456002	0.000774773	0.00965775
5	0.272174	0.00237436	0.0157043	0.0488638	0.00564166	0.0244682	0.0498178	0.010439	0.115652	0.0162289	0.011697	0.0148935	0.0120746	0.0240172	0.128444	0.13188	0.0595816	0.0474055	0.0023295	0.00631249
6	0.0552852	0.00403101	0.0429612	0.0618685	0.0264041	0.0412399	0.149026	0.0256214	0.0607817	0.0307159	0.020965	0.040206	0.0259056	0.239235	0.0500957	0.0397304	0.0415722	0.0228782	0.00667906	0.0147974
7	0.0154316	0.000434289	0.00138369	0.00179072	0.0526155	0.00167185	0.00707677	0.209891	0.00354551	0.243786	0.0986371	0.0122978	0.00103879	0.00218495	0.00416863	0.00225493	0.00436331	0.304098	0.0255964	0.00773316
8	0.549189	0.000929491	0.00108892	0.00318928	0.00176635	0.105438	0.00260782	0.0103286	0.00391776	0.00193672	0.00746804	0.00173357	0.00609155	0.00290462	0.00180863	0.18292	0.0651461	0.0502616	0.00031972	0.000954735
9	0.0885094	0.00283672	0.00905122	0.0196508	0.10109	0.0106278	0.0277952	0.0134361	0.110974	0.0251931	0.289468	0.0103736	0.00927779	0.0214134	0.0125007	0.0606151	0.0544689	0.0142349	0.00525593	0.113227
10	0.0323479	0.00214255	0.000835521	0.00152302	0.00154568	0.00346364	0.000852889	0.309443	0.00257619	0.0990744	0.025509	0.000799485	0.00230062	0.0020345	0.00687634	0.00340599	0.0260788	0.477614	0.000967945	0.000608942
11	0.00644739	0.000774103	0.00231155	0.00336028	0.174367	0.00770453	0.00936781	0.13484	0.0067045	0.396988	0.102416	0.00446494	0.00378085	0.0152344	0.00941635	0.0149333	0.0279753	0.0487874	0.00606449	0.0240611
12	0.0292972	0.000829909	0.354422	0.0631893	0.00933236	0.0247508	0.0614432	0.0130892	0.0439292	0.00663498	0.00622841	0.237107	0.00928528	0.0201454	0.0399522	0.0513196	0.0178606	0.00476804	0.000616959	0.00579769
13	0.00976821	0.00132837	0.00211659	0.00435325	0.0182547	0.00476573	0.00351941	0.248172	0.00597828	0.501545	0.0724294	0.00254658	0.00486744	0.00710633	0.0112591	0.00674937	0.012624	0.0703412	0.00156074	0.0107149
14	0.0238382	0.000807537	0.332923	0.0691839	0.00590776	0.0211513	0.0271692	0.0120041	0.0320773	0.00803326	0.0104333	0.314563	0.00834623	0.0197763	0.0316974	0.0469587	0.0211504	0.00639571	0.00161263	0.00597054
15	0.0446352	0.0012326	0.0169482	0.0358615	0.00709333	0.0151522	0.0308958	0.017805	0.353145	0.0199048	0.00894401	0.0218859	0.0103347	0.0522866	0.253596	0.0198178	0.0455125	0.0259721	0.00332311	0.0156533
16	0.00170348	0.976436	0.00100911	0.00170147	0.000701548	0.00121563	0.000981121	0.00107976	0.00201646	0.00219291	0.00112487	0.00123814	0.00070922	0.00132912	0.00111256	0.0017033	0.00137832	0.00165806	0.000217261	0.000492082
17	0.00348555	0.00030601	0.00128486	0.00237532	0.00702848	0.00659011	0.00146026	0.491162	0.00330849	0.352128	0.0485819	0.00144996	0.00228698	0.00256367	0.00565445	0.00454538	0.00525162	0.0562023	0.000457519	0.00387757
18	0.179967	0.00305829	0.0129393	0.0119569	0.0074214	0.520249	0.00903097	0.00578733	0.0201259	0.00727291	0.00613541	0.0111412	0.0198382	0.0107216	0.0112033	0.101232	0.0393096	0.01488	0.00263966	0.00509044
19	0.00158667	0.981493	0.000908104	0.00114168	0.000533749	0.000886101	0.000774481	0.000964165	0.00125212	0.0011676	0.00099953	0.000899368	0.000643935	0.00110686	0.0010302	0.00142216	0.00132352	0.0012062	0.000192498	0.000467726
20	0.0379265	0.00425641	0.0328936	0.0351852	0.0280826	0.0303784	0.241135	0.0193967	0.0346448	0.0233839	0.019988	0.0239518	0.0156551	0.31466	0.0279698	0.0393125	0.0380983	0.019779	0.00347699	0.00982587
21	0.131407	0.00327107	0.0280091	0.144992	0.0072453	0.0371815	0.0268115	0.0334805	0.058782	0.11157	0.0215145	0.0190945	0.0279604	0.0579164	0.0367405	0.0612902	0.122784	0.0605631	0.00273053	0.00665669
22	0.00177851	0.979471	0.00103269	0.00129158	0.000603232	0.000980762	0.000855725	0.000962466	0.00130821	0.00123809	0.00111224	0.00101131	0.00086766	0.00111695	0.00122158	0.00164604	0.0015068	0.001244	0.000192513	0.00055874
23	0.0389261	0.000817653	0.0216026	0.0120605	0.00237183	0.00658475	0.004324	0.0140946	0.0184993	0.0102901	0.0101725	0.0097127	0.00913014	0.010098	0.00720789	0.227595	0.578797	0.0152197	0.000960498	0.00153551
24	0.0252603	0.00198621	0.000734714	0.000922044	0.00166263	0.00376624	0.00126506	0.339411	0.00176648	0.0758158	0.0265292	0.000878338	0.0061771	0.000832803	0.00433039	0.0048826	0.0212155	0.481171	0.000995615	0.000396754
25	0.346518	0.000527094	0.00279861	0.00471762	0.0016307	0.0456829	0.00493539	0.027728	0.0120673	0.0109805	0.0154765	0.00987703	0.0248598	0.00415978	0.00313679	0.198977	0.240144	0.0437957	0.000531748	0.0014549
26	0.00161712	0.980104	0.00091399	0.00128335	0.000534812	0.000895094	0.000838633	0.000969137	0.00169981	0.00118122	0.00100316	0.000900512	0.00069015	0.0013242	0.00103075	0.00160275	0.00132986	0.00140719	0.000192471	0.000482187
27	0.0560555	0.00239203	0.030829	0.0550078	0.00927412	0.0260894	0.0314293	0.0212793	0.327477	0.0273502	0.0151913	0.0344354	0.0188707	0.0571408	0.163838	0.0322757	0.0493046	0.0267367	0.00363132	0.0113918
28	0.0540735	0.00219366	0.0121381	0.0208109	0.0073125	0.0152366	0.0122284	0.0104111	0.0756926	0.0118935	0.0437528	0.221785	0.0135498	0.14787	0.0295476	0.0738205	0.226787	0.0142623	0.00218897	0.00444466
29	0.0670738	0.00133658	0.00771019	0.0152918	0.0315733	0.0115635	0.0214932	0.129633	0.0169409	0.154435	0.0651004	0.023642	0.0119941	0.0695393	0.0228354	0.0185338	0.104102	0.188635	0.0211705	0.0173971
30	0.0331878	0.00830992	0.00941753	0.0129186	0.119981	0.0165112	0.0598037	0.0144807	0.0173358	0.0239578	0.0115636	0.010177	0.00883675	0.0125665	0.020287	0.0284935	0.0135276	0.0141055	0.300032	0.264506
31	0.0284741	0.000715765	0.0272728	0.00712987	0.00158343	0.00932675	0.00273817	0.00722267	0.0142597	0.00657007	0.00521152	0.00390801	0.00464405	0.00566507	0.0038088	0.171462	0.689673	0.00839264	0.000545027	0.00139705
32	0.0218744	0.000982979	0.069816	0.0682021	0.0477618	0.0640133	0.0502808	0.00681261	0.0616111	0.00743402	0.0126971	0.313605	0.00725837	0.0461916	0.0364092	0.0877403	0.0625436	0.02134	0.00100273	0.012423
33	0.0447447	0.000611503	0.103565	0.0658181	0.0100447	0.146537	0.0422825	0.00881775	0.0855572	0.0111718	0.00979888	0.176387	0.00858163	0.056008	0.0940628	0.103812	0.0183818	0.00480227	0.0022189	0.00679606
34	0.117118	0.00960237	0.0953308	0.147321	0.002095	0.0795477	0.00961863	0.024923	0.0980787	0.0353921	0.011502	0.0229764	0.0945912	0.0253566	0.0600505	0.0669218	0.0650525	0.0316356	0.000771263	0.00211465
35	0.113517	0.00592474	0.0198062	0.0193815	0.00914291	0.569713	0.00990019	0.010568	0.0231257	0.0129111	0.00716087	0.0166031	0.013781	0.0146633	0.0140942	0.0873831	0.0309792	0.0138036	0.00279769	0.00474365
36	0.0977614	0.0107606	0.00286955	0.0163476	0.00149935	0.00389588	0.00508106	0.0534348	0.0185608	0.0377206	0.0617185	0.00492159	0.00534744	0.0504849	0.0317186	0.029084	0.220663	0.344003	0.00242086	0.00170648
37	0.125003	0.000599777	0.171063	0.363022	0.00225271	0.0218715	0.0120396	0.00574836	0.051927	0.00800604	0.00714171	0.0286119	0.015546	0.0787657	0.0283752	0.0374513	0.0225504	0.0148199	0.00201036	0.00319575
38	0.0290493	0.00804239	0.00931601	0.0124285	0.137367	0.00665632	0.0967914	0.0194439	0.0163709	0.0312356	0.0226834	0.0158521	0.00591777	0.0141006	0.0319176	0.0196238	0.00819351	0.0128951	0.195413	0.306702
39	0.150522	0.00168255	0.00914553	0.0144655	0.00595002	0.0411585	0.00868478	0.178483	0.0129785	0.0538451	0.307714	0.00780299	0.00897932	0.0143824	0.0132014	0.0151364	0.0179152	0.129681	0.00226469	0.00600646
40	0.0199692	0.0113279	0.00831989	0.00732523	0.127961	0.00207866	0.0787374	0.00192674	0.0134551	0.0157843	0.00144762	0.0015719	0.001315	0.00753299	0.0189405	0.0162697	0.00208714	0.0064474	0.282739	0.374763
41	0.0247743	0.00876198	0.00663392	0.00716703	0.133752	0.0119044	0.058497	0.00762316	0.0138378	0.0160879	0.00319124	0.00481455	0.00593528	0.00785994	0.0167103	0.0224992	0.00632628	0.00629454	0.335796	0.301533
42	0.202566	0.00265666	0.0325231	0.0565061	0.00988836	0.0379578	0.0184907	0.0148224	0.0628187	0.0206044	0.0231675	0.239903	0.0155822	0.031846	0.0995399	0.0710766	0.0277255	0.0210811	0.00293092	0.00831254
43	0.0310775	0.00140017	0.257922	0.0721244	0.00903282	0.0433154	0.0367764	0.0347158	0.0837172	0.0121225	0.00999552	0.193917	0.0142157	0.035785	0.0560805	0.0567324	0.0313018	0.011041	0.0016722	0.0070549
44	0.0660345	0.00375748	0.00575313	0.0131193	0.0173995	0.00973941	0.010727	0.188455	0.0199732	0.126643	0.0902964	0.00921354	0.00980774	0.0159282	0.017505	0.0166079	0.0427796	0.32233	0.0073386	0.00659184
45	0.0611593	0.0017355	0.114653	0.188784	0.00866427	0.0266568	0.0217065	0.0142564	0.0620821	0.0174919	0.0124506	0.115664	0.0178156	0.0644051	0.0363091	0.082825	0.116246	0.0299769	0.00132689	0.0057909
46	0.00564966	0.000406212	0.031379	0.00279828	0.00110558	0.00172236	0.00158	0.00270002	0.0109541	0.00350843	0.00206431	0.00221146	0.00145105	0.00238012	0.00213984	0.154541	0.768561	0.00335499	0.000574346	0.000917652
47	0.0391118	0.000564846	0.00923079	0.0128352	0.00410657	0.00587152	0.0352442	0.0145128	0.365328	0.0190981	0.0114485	0.00939626	0.00579655	0.0381117	0.345657	0.0085974	0.0323112	0.0175214	0.000571833	0.0246851
48	0.100621	0.00264131	0.0163999	0.0182578	0.00418594	0.0181815	0.00912483	0.0157708	0.010398	0.01076	0.0219218	0.0209689	0.621002	0.00965082	0.0073294	0.0698333	0.0186747	0.01619	0.00159054	0.00649745
49	0.0835085	0.00310199	0.023876	0.0343744	0.0813045	0.142811	0.110701	0.0157274	0.0302463	0.0253415	0.0220157	0.0417982	0.0173051	0.030409	0.0296424	0.0557389	0.0226594	0.0155896	0.0493698	0.164479
50	0.083626	0.000453881	0.0127085	0.0298595	0.00554459	0.0350104	0.00882921	0.163954	0.0157641	0.180994	0.0595281	0.00293888	0.0259462	0.0385184	0.0231341	0.0251897	0.0561002	0.214963	0.00201012	0.0149278
51	0.0761118	0.00241532	0.0144932	0.0184188	0.121305	0.300051	0.026765	0.0134879	0.0237189	0.0345459	0.0129178	0.0374832	0.0152969	0.0308705	0.0207396	0.133742	0.0293037	0.0140468	0.032343	0.0419429
52	0.00549258	0.00041183	0.00164044	0.00238432	0.370423	0.00116387	0.00540891	0.0108721	0.00216861	0.0212777	0.0153454	0.00666682	0.00107032	0.00212862	0.00153185	0.0132981	0.0124026	0.0203167	0.00899842	0.496998
53	0.104616	0.00334101	0.0151464	0.0145498	0.00409919	0.0240918	0.00964177	0.0150055	0.0106606	0.00891492	0.0225578	0.02078	0.617875	0.00862443	0.00842388	0.069013	0.0187662	0.0162835	0.00144924	0.00615993
54	0.0362526	0.000346714	0.0089383	0.0103042	0.00484473	0.00310194	0.0418093	0.0190106	0.368856	0.013485	0.00464365	0.00881284	0.00146634	0.0480021	0.333625	0.00608825	0.0499427	0.0264935	0.000320184	0.0136562
55	0.0360156	0.000280826	0.0911264	0.0778548	0.012477	0.145428	0.0533291	0.00939689	0.0808336	0.0107544	0.00900353	0.211437	0.00589667	0.0706183	0.0741295	0.0839853	0.0162859	0.00257552	0.000305054	0.00826691
56	0.0208389	0.0109383	0.00813952	0.00778782	0.126647	0.00406982	0.0754774	0.0023604	0.0136114	0.0153941	0.0016009	0.00215267	0.00190102	0.00778477	0.018495	0.0171274	0.00272998	0.00649535	0.295598	0.36085
57	0.0948689	0.000420002	0.138258	0.408629	0.00219199	0.00984846	0.0184755	0.00292848	0.0455974	0.00722916	0.0152203	0.0201181	0.0203339	0.13799	0.0348697	0.0231213	0.00908725	0.00627759	0.00174413	0.00278988
58	0.0121716	0.000250116	0.432389	0.0660431	0.000670329	0.0136277	0.0397679	0.0152079	0.0484819	0.00274425	0.00139673	0.216665	0.00938921	0.0126373	0.0481804	0.0567592	0.0186187	0.00252486	0.000419032	0.00205553
59	0.0662055	0.0018074	0.0165928	0.127437	0.00165539	0.0196319	0.0268102	0.00795202	0.18435	0.0429901	0.0179732	0.0179492	0.00914003	0.198069	0.111825	0.0355049	0.0750631	0.0367926	0.00056827	0.00168281
60	0.0385498	0.000241984	0.291314	0.342878	0.000572111	0.025954	0.00714879	0.0103042	0.085021	0.00346902	0.00120906	0.0203422	0.00566164	0.0705948	0.0109319	0.0169362	0.0439102	0.0241795	0.000257808	0.00052375
61	0.0363758	0.00021322	0.00720584	0.00797751	0.00473239	0.00327172	0.0435111	0.0195891	0.381228	0.0120431	0.00390597	0.00652708	0.00133553	0.0448758	0.329263	0.00619114	0.0514733	0.0274842	0.000305062	0.0124908
62	0.0199692	0.0113279	0.00831989	0.00732523	0.127961	0.00207866	0.0787374	0.00192674	0.0134551	0.0157843	0.00144762	0.0015719	0.001315	0.00753299	0.0189405	0.0162697	0.00208714	0.0064474	0.282739	0.374763
63	0.024547	0.00104991	0.0451853	0.0788141	0.0116029	0.0967038	0.0495548	0.00571036	0.203159	0.00912081	0.00717309	0.131646	0.0039124	0.10325	0.184704	0.0278986	0.00809115	0.00256048	0.000460841	0.0048546
64	0.104375	0.0033314	0.019984	0.0235012	0.0145515	0.542029	0.013171	0.00927744	0.0302704	0.0175262	0.007199	0.0224646	0.010392	0.0205799	0.0164132	0.0888572	0.0325063	0.0132278	0.00357916	0.00676358
65	0.0739356	0.00339136	0.0442675	0.0548203	0.0124887	0.257039	0.0320899	0.0169495	0.0852828	0.0225381	0.0156556	0.0698307	0.0187638	0.0459573	0.119861	0.0621257	0.031359	0.0188153	0.00387734	0.0109519
66	0.0219571	0.0104401	0.00793935	0.00741855	0.136264	0.0065172	0.0728752	0.00352275	0.0134646	0.0158366	0.00227657	0.00300931	0.00281707	0.00775439	0.0179865	0.0213345	0.00360535	0.00699766	0.283481	0.354503
67	0.0343615	0.000683267	0.0742871	0.148617	0.00177906	0.00677792	0.0309066	0.0524762	0.140833	0.0181201	0.0261224	0.00289634	0.00576643	0.0766712	0.0666073	0.00515088	0.115761	0.190213	0.000627292	0.00134193
68	0.0371299	0.000297862	0.0956544	0.0729322	0.0117362	0.14462	0.0535585	0.00887363	0.0837021	0.0101659	0.00885159	0.213786	0.006437	0.0672762	0.0716437	0.0871176	0.0154438	0.0024635	0.000385436	0.0079251
69	0.0735948	0.00150355	0.140459	0.0647234	0.0117523	0.250195	0.0322813	0.00963004	0.110151	0.0179489	0.00931506	0.0509674	0.0221205	0.116249	0.0244953	0.0285215	0.0186871	0.0110198	0.00180496	0.00457932
70	0.0343463	0.000722618	0.0324358	0.0501301	0.002004	0.0208981	0.0228944	0.00329915	0.399136	0.00864841	0.00303211	0.054314	0.0417922	0.0221838	0.156813	0.0735004	0.0537748	0.00396488	0.00794605	0.00816408
71	0.00330773	0.000398788	0.00104189	0.00265149	0.0178063	0.00264176	0.00131169	0.106377	0.00283748	0.699955	0.0515523	0.0015004	0.00192033	0.00335995	0.00850324	0.004668	0.0181093	0.0483581	0.000365119	0.0233347
72	0.0585868	0.00104406	0.0154308	0.0994784	0.000740853	0.0167974	0.023898	0.00759401	0.229666	0.0216694	0.010185	0.0205076	0.00304814	0.202379	0.129414	0.026506	0.0838638	0.0479457	0.000325848	0.00091893
73	0.01713	0.00174979	0.0541515	0.0966193	0.00700704	0.00753423	0.00770925	0.010142	0.0141135	0.333745	0.00998928	0.0443954	0.208036	0.0121974	0.0100387	0.0461599	0.0505443	0.0631555	0.00171791	0.00386343
74	0.0177682	0.00105917	0.00849956	0.00876459	0.00319265	0.00646578	0.0154278	0.00758587	0.407978	0.0603744	0.00798827	0.0101934	0.0295883	0.01204	0.294863	0.027714	0.0153467	0.00861782	0.00132662	0.0552065
75	0.203505	0.000841604	0.0325987	0.00447263	0.0072498	0.0908945	0.00430924	0.0364405	0.0390913	0.0876047	0.044493	0.0172386	0.00319696	0.124541	0.0042246	0.196845	0.0776879	0.0225297	0.000778671	0.00145732
76	0.085915	0.00103286	0.0752298	0.0309623	0.0291405	0.25943	0.0541925	0.00800865	0.0803586	0.0287735	0.00778224	0.0953672	0.0538875	0.0835144	0.0313848	0.0407342	0.016773	0.00757925	0.00291866	0.00701554
77	0.00555228	0.000413911	0.00156357	0.00249293	0.0658494	0.011608	0.00451935	0.0818694	0.00340913	0.651556	0.0927468	0.00252641	0.0037044	0.00577408	0.00503022	0.00849191	0.0107864	0.0269237	0.00409152	0.0110907
78	0.230589	0.000938616	0.0223528	0.00485559	0.0596193	0.0803909	0.0195579	0.0069366	0.0233034	0.200208	0.0623309	0.00540967	0.0033501	0.0146218	0.00432208	0.1576	0.0595099	0.0415812	0.000874168	0.00164787
79	0.0112349	0.000878579	0.00562922	0.00695861	0.00304921	0.037486	0.0185873	0.00452853	0.173992	0.00493216	0.0069887	0.306242	0.00453788	0.0785288	0.10876	0.092263	0.123744	0.00715644	0.00225181	0.00225086
80	0.00325212	0.000279129	0.00118976	0.00235541	0.000860725	0.00640235	0.00106766	0.577098	0.00337964	0.284718	0.044826	0.00114889	0.0019045	0.00159918	0.0050657	0.00435443	0.002071	0.0575814	0.000310717	0.000535285
81	0.0303634	0.0013784	0.00802349	0.0115349	0.21168	0.0129299	0.0425558	0.125277	0.0310583	0.114582	0.0605366	0.0213002	0.0164554	0.0472631	0.0279805	0.0257926	0.0695994	0.047788	0.0219871	0.0719146
82	0.298452	0.00187361	0.00664303	0.0601431	0.0948722	0.0405551	0.168997	0.00708059	0.0124022	0.00995782	0.00949325	0.0069147	0.00658882	0.0111494	0.0113575	0.0605644	0.0117825	0.00985694	0.00412495	0.167191
83	0.09713	0.00135628	0.0557407	0.0519264	0.0144041	0.0644769	0.0765559	0.0143035	0.051883	0.0169029	0.0151913	0.202654	0.0126012	0.128397	0.0435161	0.0917294	0.0382205	0.0134451	0.00197534	0.00759077
84	0.00388496	0.00242783	0.0012366	0.00608224	0.00349437	0.00193604	0.00740869	0.0993018	0.0104477	0.547953	0.221707	0.00171631	0.0134086	0.0240237	0.0168751	0.00521551	0.00427849	0.0261059	0.000355859	0.00214104
85	0.120656	0.00299973	0.0131703	0.0134413	0.00217546	0.0206615	0.00716293	0.0104249	0.0118949	0.00556883	0.0209064	0.0192785	0.625182	0.00608966	0.0074104	0.0755096	0.0181684	0.0127691	0.000736686	0.00579367
86	0.0905757	0.000236183	0.0363731	0.166631	0.00059163	0.00964873	0.00913696	0.0124164	0.0600049	0.0129826	0.0012897	0.0497886	0.0085176	0.098848	0.0304449	0.185286	0.178676	0.0479141	0.000219184	0.000418807
87	0.0106781	0.00714434	0.00266402	0.0126634	0.00223339	0.0048936	0.00539704	0.20532	0.0252683	0.410811	0.170298	0.00237177	0.0175533	0.0157101	0.0296759	0.0108437	0.00842299	0.0549795	0.000441341	0.00263051
88	0.0368754	0.000232329	0.302118	0.332763	0.000633624	0.0259029	0.00748169	0.010954	0.0870318	0.00350069	0.00120466	0.0190015	0.00506734	0.0721677	0.0103915	0.0166712	0.0427817	0.0245828	0.000214047	0.000424956
89	0.0513906	0.0017515	0.0101008	0.0141719	0.159692	0.22351	0.022267	0.0140771	0.0234881	0.01606	0.0094196	0.053031	0.0183973	0.0466008	0.0223858	0.139835	0.027235	0.0116383	0.0492318	0.085716
90	0.0374533	0.00160302	0.185181	0.246088	0.00493022	0.0158302	0.0385031	0.0483592	0.0742648	0.0159726	0.0131271	0.022272	0.0124247	0.0507992	0.0730513	0.0193391	0.0500913	0.0858215	0.00131734	0.00357025
91	0.123431	0.00485247	0.019415	0.00607129	0.00155141	0.0167719	0.00578212	0.0138222	0.00446102	0.00301254	0.0291737	0.0263618	0.632038	0.00447696	0.00326833	0.0729845	0.017055	0.0103268	0.000479694	0.00466381
92	0.063556	0.001211	0.00382688	0.014175	0.178436	0.0627721	0.0489763	0.037975	0.0168837	0.0399987	0.0327539	0.0225564	0.0361031	0.0200847	0.0166236	0.0602414	0.0242362	0.010619	0.220104	0.0888663
93	0.0195188	0.00130306	0.248159	0.0840736	0.00482445	0.00898078	0.0105861	0.00927656	0.0174913	0.00812189	0.00617252	0.15802	0.0062551	0.0384122	0.0142856	0.0736361	0.255001	0.0312982	0.00104476	0.00353921
94	0.00552185	0.000401829	0.00160245	0.00230008	0.370515	0.00109625	0.00526344	0.0108307	0.00213333	0.0214469	0.0152544	0.00647899	0.000995377	0.00204167	0.00147962	0.0129307	0.0122317	0.0205342	0.00834772	0.498594
95	0.0123124	0.000241261	0.425174	0.0676284	0.00145212	0.0149528	0.0382168	0.0148318	0.0478182	0.00293808	0.00163704	0.224842	0.00892541	0.0132245	0.046641	0.055054	0.0187391	0.00262739	0.000388671	0.00235456
96	0.0199692	0.0113279	0.00831989	0.00732523	0.127961	0.00207866	0.0787374	0.00192674	0.0134551	0.0157843	0.00144762	0.0015719	0.001315	0.00753299	0.0189405	0.0162697	0.00208714	0.0064474	0.282739	0.374763
97	0.164958	0.000281273	0.129663	0.441738	0.00047054	0.0226599	0.00255214	0.000878039	0.0315111	0.00105779	0.00438914	0.0216493	0.00899994	0.0868699	0.0185995	0.0401588	0.00778219	0.00797862	0.00369283	0.00410971
98	0.0346212	0.000350379	0.0866466	0.0733469	0.0225729	0.121655	0.0691744	0.00986107	0.078335	0.0090086	0.0109997	0.229811	0.00604735	0.0627632	0.0684081	0.0810578	0.0193215	0.00389945	0.000322118	0.0117984
99	0.0143418	0.00302671	0.00261947	0.00542208	0.0122929	0.0051915	0.00324597	0.195748	0.00743072	0.471006	0.0597811	0.00225874	0.00463599	0.0074584	0.0245706	0.00668284	0.021768	0.13585	0.00151522	0.0151546
100	0.0117865	0.000738076	0.00281997	0.00305665	0.117877	0.00250034	0.0750091	0.189837	0.0322663	0.132679	0.0671155	0.0174214	0.0129684	0.0677099	0.0561985	0.00905705	0.0414197	0.0918677	0.00892179	0.058749
101	0.048812	0.00121176	0.0192248	0.0053385	0.1284	0.00354915	0.0517989	0.114124	0.0262841	0.0617159	0.0788137	0.0264747	0.0249931	0.235984	0.0137381	0.0274761	0.091819	0.0189099	0.00690295	0.0144294
102	0.0464644	0.00298311	0.0143019	0.0239061	0.152852	0.0277607	0.0410591	0.054826	0.0211321	0.202788	0.0583744	0.0202976	0.109648	0.027593	0.0228106	0.0315254	0.0316026	0.0357147	0.0303425	0.0440178
103	0.0572263	0.00759212	0.0027172	0.010907	0.00175766	0.00234156	0.019496	0.0423175	0.0241864	0.0115215	0.0160212	0.00614198	0.00300751	0.0276551	0.0103201	0.047775	0.339303	0.367225	0.000759936	0.00172798
104	0.289475	0.00360478	0.0280868	0.0375766	0.00748042	0.0333131	0.0112381	0.059809	0.0711961	0.105927	0.0207135	0.0531385	0.0564926	0.0193622	0.0292143	0.101171	0.0389693	0.0250408	0.00210154	0.00608925
105	0.0796483	0.0042553	0.0764944	0.115134	0.00142891	0.0478478	0.0227922	0.028601	0.158152	0.0313786	0.0128095	0.015791	0.0474366	0.0763274	0.103546	0.0354063	0.0827292	0.0580188	0.000847071	0.00135595
106	0.162409	0.00227228	0.0152782	0.026125	0.0020205	0.0177565	0.00435699	0.0168402	0.0117257	0.00572141	0.0173768	0.0326082	0.528665	0.00362503	0.00911788	0.113801	0.0162458	0.00912641	0.000552816	0.00437456
107	0.0126889	0.000849552	0.00360166	0.00364791	0.0966491	0.00286333	0.0807928	0.18066	0.0414597	0.0996748	0.0626273	0.0220266	0.0198902	0.0771945	0.0766722	0.0081851	0.0400039	0.0993479	0.00852715	0.0626374
108	0.173278	0.00324019	0.0233515	0.0564582	0.00584156	0.0379739	0.0159986	0.0184244	0.0781795	0.0216414	0.0127867	0.0238305	0.0922066	0.0260733	0.0279833	0.222795	0.126001	0.0266401	0.00163123	0.00566547
109	0.162238	0.00110718	0.0196874	0.0246656	0.00271257	0.00585197	0.00342494	0.0231619	0.0335904	0.356943	0.0541226	0.00513938	0.00307676	0.141512	0.0056011	0.0265263	0.0453877	0.0811324	0.00152748	0.00259199
110	0.0137011	0.00242876	0.00121988	0.0017556	0.000852988	0.0108646	0.00108693	0.526312	0.00368109	0.261306	0.0224537	0.0012202	0.00114373	0.00162564	0.00266735	0.00318528	0.00689397	0.136749	0.000306663	0.000545945
111	0.00543018	0.000418165	0.0324253	0.00272873	0.00119507	0.0017614	0.00158505	0.00263704	0.0112399	0.00331437	0.00198742	0.00221157	0.00148692	0.00238973	0.00219198	0.155651	0.766492	0.0034074	0.000560107	0.00088649
112	0.0541482	0.00158688	0.102718	0.049571	0.0129901	0.218581	0.0650411	0.00943064	0.113649	0.0158408	0.0121282	0.110278	0.0291755	0.0634788	0.0523505	0.0505863	0.0205673	0.00870153	0.0013048	0.00787234
113	0.00751259	0.00242405	0.00116619	0.00176171	0.000806164	0.0019223	0.00489959	0.566697	0.00210829	0.0230445	0.0117171	0.0022343	0.0472802	0.00193903	0.00154052	0.0134926	0.00779515	0.300574	0.000345163	0.000740009
114	0.0889959	0.000322834	0.0351689	0.174065	0.00058388	0.0093235	0.00899808	0.0128594	0.0602027	0.0124878	0.00145784	0.0495312	0.00811751	0.0974591	0.0317566	0.17899	0.178724	0.0502547	0.000220555	0.000479926
115	0.0817547	0.00128196	0.00642315	0.0133041	0.12591	0.128098	0.0179782	0.0155534	0.0344255	0.0152562	0.00731177	0.0376842	0.0225321	0.0213227	0.0314417	0.131023	0.0364981	0.00988071	0.202236	0.0600853
116	0.109231	0.00278158	0.00200618	0.00486225	0.00281163	0.719934	0.00216256	0.00228482	0.00634357	0.00275223	0.00197842	0.00239606	0.00295876	0.00239112	0.00392017	0.0984605	0.0246806	0.00635959	0.000359785	0.00132539
117	0.11474	0.00311287	0.0122704	0.00628101	0.00142869	0.019836	0.00532977	0.0088804	0.00395497	0.00231714	0.0279249	0.0199261	0.647702	0.00364713	0.00361533	0.0840817	0.0139057	0.0116985	0.000544524	0.00880305
118	0.145976	0.00174969	0.056052	0.0525624	0.0122815	0.0477944	0.0223229	0.0134535	0.0460657	0.0177849	0.0189215	0.250904	0.0385941	0.0323162	0.0377626	0.135755	0.040578	0.0174034	0.00425974	0.00746243
119	0.0306812	0.000821461	0.00327623	0.00643934	0.141596	0.00956708	0.0549198	0.140243	0.0128368	0.157369	0.0869781	0.0202208	0.015039	0.0238106	0.0172112	0.0172562	0.0204331	0.11201	0.0675554	0.0617361
120	0.00977125	0.000737495	0.633785	0.0729422	0.00216693	0.0217904	0.0106342	0.0120665	0.00865588	0.00984276	0.00288904	0.133223	0.00316519	0.00847672	0.00802338	0.0280167	0.00969889	0.00358785	0.000700205	0.0198269
121	0.0293586	0.000341292	0.413181	0.270443	0.00432176	0.0135473	0.0148171	0.010654	0.0373292	0.0119629	0.00464979	0.0624234	0.00778561	0.0510637	0.0088431	0.0177774	0.0232699	0.0120637	0.00048507	0.00568285
122	0.00661847	0.000496504	0.687031	0.0373875	0.0012624	0.0202755	0.0102941	0.0132594	0.00834813	0.0117246	0.00244054	0.127226	0.00265255	0.00457707	0.00828826	0.0358528	0.00763159	0.00287102	0.000743762	0.0110185
123	0.0494371	0.00149501	0.0246236	0.170965	0.00630467	0.0137311	0.0130156	0.029941	0.045978	0.169517	0.0444709	0.0158468	0.0118224	0.146763	0.0256695	0.0318659	0.0749175	0.116076	0.0024099	0.00514987
124	0.148479	0.00235983	0.0019732	0.00454916	0.00273293	0.682071	0.0024598	0.00238104	0.00539442	0.00267222	0.00210626	0.00235122	0.00294503	0.00229339	0.00373271	0.102132	0.0211612	0.00662976	0.000380956	0.00119454
125	0.191276	0.00710916	0.00614485	0.0150392	0.00260582	0.4036	0.00762296	0.00517556	0.0287702	0.00446094	0.00481641	0.00393582	0.0130497	0.00459136	0.00440494	0.129799	0.143621	0.0211731	0.000877124	0.00192598
126	0.137605	0.0099863	0.00324014	0.0184453	0.00240218	0.487351	0.00308534	0.00387354	0.019266	0.00363296	0.00327171	0.00298541	0.00327759	0.0039107	0.00360326	0.140388	0.128737	0.0220724	0.000734283	0.00213263
127	0.181897	0.00112503	0.00386695	0.005084	0.00288067	0.022577	0.00437745	0.080596	0.0121395	0.0181431	0.045721	0.0442037	0.0297951	0.00624604	0.00493967	0.152593	0.32003	0.0605031	0.000861692	0.0024204
128	0.0384796	0.00729885	0.0067115	0.0105174	0.157915	0.0175718	0.0814547	0.0184779	0.0144719	0.0304393	0.0214775	0.00981348	0.0113951	0.0146526	0.0194035	0.0326536	0.0111722	0.0144207	0.212493	0.269181
129	0.0405534	0.00091808	0.00334731	0.0141419	0.270404	0.00699939	0.0578447	0.0227996	0.0256127	0.050323	0.146579	0.0109587	0.00996537	0.0248095	0.00871864	0.0290555	0.0168782	0.0117794	0.0201049	0.228206
130	0.0342863	0.000748012	0.0047807	0.00640252	0.341521	0.00522838	0.0592813	0.0908277	0.0176046	0.09732	0.0714844	0.0266283	0.0121281	0.058437	0.0327878	0.0132219	0.0264269	0.0427543	0.0182077	0.0399237
131	0.0172171	0.00378383	0.00411559	0.00646888	0.276452	0.00378974	0.043732	0.0118894	0.00733243	0.0246695	0.021877	0.00679175	0.00375987	0.00663734	0.00903347	0.0165164	0.0100514	0.0152736	0.0947868	0.415822
132	0.0101514	0.00150343	0.00238023	0.00526393	0.0248408	0.00586144	0.00561808	0.132043	0.0071427	0.560097	0.122865	0.00331048	0.00689401	0.0127778	0.0127879	0.0076182	0.0135331	0.0534379	0.00175555	0.0101184
133	0.125975	0.00479164	0.0168639	0.0157951	0.018045	0.0226714	0.0480101	0.0188496	0.0186596	0.0212976	0.0608587	0.0215156	0.459411	0.0138169	0.0123723	0.0527024	0.0268178	0.0192496	0.00696096	0.0153351
134	0.0440071	0.00540636	0.0217265	0.0352729	0.0201345	0.0167706	0.0281876	0.13874	0.126212	0.082135	0.0417765	0.023837	0.0131778	0.054357	0.216805	0.0224394	0.0361883	0.0561648	0.00319559	0.0134667
135	0.00617214	0.00554781	0.00170552	0.00577935	0.00711209	0.00328907	0.00308455	0.321675	0.0123986	0.40888	0.10592	0.0015772	0.00783841	0.00775947	0.0237181	0.0124141	0.00756442	0.0519204	0.000464331	0.00517851
136	0.00158667	0.981493	0.000908104	0.00114168	0.000533749	0.000886101	0.000774481	0.000964165	0.00125212	0.0011676	0.00099953	0.000899368	0.000643935	0.00110686	0.0010302	0.00142216	0.00132352	0.0012062	0.000192498	0.000467726
137	0.0299195	0.00234616	0.0353837	0.0821648	0.0270073	0.0194917	0.0319573	0.00970297	0.0306386	0.0128993	0.0710759	0.492014	0.0102041	0.0249755	0.0254911	0.0364083	0.03123	0.015477	0.00195424	0.00965808
138	0.0615179	0.00327604	0.0554054	0.0461158	0.0553064	0.0371038	0.148579	0.0440724	0.066272	0.0469981	0.0323186	0.0561978	0.0275236	0.0630306	0.051087	0.0447006	0.040053	0.0366275	0.0283886	0.0554261
139	0.00158667	0.981493	0.000908104	0.00114168	0.000533749	0.000886101	0.000774481	0.000964165	0.00125212	0.0011676	0.00099953	0.000899368	0.000643935	0.00110686	0.0010302	0.00142216	0.00132352	0.0012062	0.000192498	0.000467726
140	0.110172	0.00123121	0.00725201	0.00805262	0.00662471	0.0156151	0.0055071	0.082816	0.018623	0.0866444	0.0781314	0.0180875	0.0156352	0.0152883	0.00857316	0.170361	0.305317	0.0396511	0.001683	0.00473447
141	0.0173758	0.00174341	0.0555414	0.0603326	0.108752	0.0156557	0.119315	0.00967824	0.0524162	0.0102206	0.0207032	0.271363	0.0108892	0.0150773	0.0290018	0.0580068	0.0265552	0.015475	0.016967	0.0849306
142	0.165737	0.00348537	0.0141264	0.0131532	0.00245006	0.0246278	0.00825822	0.012066	0.0111597	0.00728218	0.0199906	0.0203747	0.569215	0.00674816	0.00620008	0.0760436	0.020962	0.0114371	0.00115556	0.0055276
143	0.524703	0.000758423	0.00183381	0.00357257	0.00105624	0.0797119	0.00660387	0.00997676	0.00822063	0.00240093	0.00580767	0.0027847	0.0178957	0.00391527	0.00219889	0.180773	0.111337	0.0351084	0.000288134	0.00105378
144	0.00171525	0.980331	0.000950279	0.00154487	0.00053472	0.00100701	0.000802875	0.00096434	0.00125799	0.00116104	0.00100661	0.00101202	0.000781804	0.00112527	0.0010441	0.00155083	0.00132389	0.00121979	0.000198065	0.000468166
145	0.432059	0.00102177	0.00392103	0.00978092	0.00484306	0.00490049	0.00413143	0.00701634	0.00723898	0.111188	0.0666538	0.00608406	0.00439432	0.00686636	0.0102357	0.0100608	0.0253699	0.279279	0.00130087	0.00365537
146	0.320842	0.000836047	0.0486802	0.0903767	0.00169317	0.0593293	0.00724621	0.00784261	0.0593916	0.0210211	0.0163328	0.0304878	0.0096969	0.00804829	0.0627557	0.213783	0.0256944	0.0132316	0.00138728	0.00132334
147	0.58531	0.000540399	0.00106034	0.00346524	0.00138273	0.0879157	0.00326559	0.00900035	0.00347914	0.00187541	0.00576595	0.00157015	0.00589569	0.0027391	0.00178618	0.18356	0.057703	0.0425442	0.000255317	0.000885224
148	0.00302009	0.976727	0.000909623	0.00113299	0.000523765	0.00336017	0.00080309	0.000991731	0.00128936	0.00118807	0.000995388	0.000902376	0.00063411	0.00110173	0.00103964	0.00213988	0.00137029	0.00120988	0.000190802	0.000469982
149	0.10705	0.00295116	0.0193365	0.0157754	0.0042919	0.0224086	0.00922626	0.0139072	0.0156048	0.0126668	0.0232108	0.0220752	0.603126	0.00835805	0.00968754	0.068582	0.0181459	0.0151663	0.00230642	0.00612292
150	0.0462413	0.00147776	0.0201936	0.0634279	0.00479655	0.0422071	0.0109622	0.0108787	0.0541147	0.0131124	0.00881199	0.0867291	0.00805387	0.104809	0.144286	0.165814	0.157211	0.0503873	0.00262065	0.00386433
151	0.0400364	0.000601941	0.0842059	0.079111	0.01055	0.136422	0.0466639	0.00930124	0.108423	0.0118437	0.00873961	0.183862	0.00951891	0.071764	0.0806735	0.0801409	0.0239779	0.00575379	0.000899873	0.00751074
152	0.638741	0.00075126	0.00234323	0.0101058	0.00267882	0.0651327	0.00688994	0.00698014	0.00708404	0.00357529	0.0054754	0.00437773	0.00495582	0.00319854	0.00629251	0.165707	0.0364479	0.0269941	0.000633677	0.00163554
153	0.00327861	0.000279143	0.00118662	0.00232416	0.000871754	0.00640288	0.00109562	0.578659	0.0033569	0.283171	0.0444108	0.00116507	0.00213135	0.00158137	0.00496785	0.00434346	0.00206847	0.0578619	0.000310799	0.000533153
154	0.0133361	0.00258424	0.00329384	0.00462205	0.309823	0.00334816	0.024525	0.0105579	0.00498911	0.0217663	0.0153297	0.00644155	0.00243921	0.00453731	0.00602754	0.015262	0.0109011	0.0168176	0.0641208	0.459278
155	0.0601344	0.00420601	0.0296627	0.0517766	0.00973465	0.0337664	0.0293326	0.0240853	0.316475	0.0234494	0.0149512	0.0397362	0.0175938	0.0555731	0.148226	0.0372008	0.0551162	0.0295849	0.00571346	0.013681
156	0.0564038	0.00243912	0.0313798	0.0503717	0.00923463	0.0214997	0.0300563	0.0265839	0.206337	0.0313594	0.01864	0.0377517	0.0113031	0.064388	0.290268	0.0303614	0.0366563	0.0262372	0.00404275	0.0146863
157	0.138293	0.000644828	0.144089	0.406311	0.000552859	0.0273599	0.00303969	0.00381319	0.0480613	0.00275278	0.00344309	0.0179943	0.0108255	0.0805061	0.0174555	0.0412536	0.028175	0.0202758	0.00234169	0.00281215
158	0.0635458	0.000433487	0.217187	0.42667	0.00288208	0.0124979	0.0114856	0.00612749	0.0468231	0.00712985	0.00599958	0.0182327	0.0102085	0.0987205	0.0151529	0.0199642	0.0197207	0.0133951	0.00116533	0.00265908
159	0.0161343	0.000560728	0.53563	0.0689776	0.00247592	0.0229236	0.0206013	0.0136098	0.0264429	0.0100781	0.00393374	0.160012	0.00636524	0.0153662	0.0245136	0.0401019	0.0167812	0.00618905	0.000947068	0.00835586
160	0.11089	0.0027422	0.0171372	0.0189829	0.00914114	0.54344	0.0114743	0.0119648	0.0294238	0.0158227	0.00961108	0.0203499	0.0164251	0.0172643	0.0193942	0.0862071	0.0353758	0.0155267	0.00292126	0.00590618
161	0.00895286	0.00318606	0.000969526	0.00130214	0.000621897	0.00177349	0.00485015	0.537188	0.00151379	0.029237	0.0125204	0.00151543	0.0216944	0.0013594	0.0014601	0.00918399	0.00872723	0.353134	0.000223443	0.000586742
162	0.0567402	0.00365766	0.00749006	0.0168045	0.00920866	0.0133213	0.00796499	0.239436	0.021524	0.0929758	0.0371819	0.00798349	0.0128412	0.0171235	0.0164967	0.0220879	0.0479668	0.359383	0.00352301	0.00628907
163	0.0383893	0.00192765	0.00376674	0.00876078	0.0172008	0.00806279	0.00462101	0.206358	0.010031	0.27891	0.0541985	0.00490347	0.00645907	0.0107809	0.0148997	0.00815072	0.029811	0.277907	0.00577183	0.00908898
164	0.0241367	0.00263774	0.000896631	0.00134989	0.000795437	0.00373488	0.00166443	0.408495	0.00238478	0.0862831	0.0178294	0.000835054	0.00928141	0.00143052	0.00373979	0.00611752	0.0178054	0.409752	0.000437397	0.000393209
165	0.0121198	0.00030061	0.528914	0.0495102	0.00174294	0.019644	0.0307523	0.0115701	0.0301413	0.00559396	0.00210047	0.178047	0.0060614	0.0111685	0.0299269	0.059065	0.0140082	0.00290961	0.000674775	0.00574936
166	0.0674518	0.00188267	0.0488907	0.250707	0.00485383	0.0266078	0.067153	0.00863228	0.0501446	0.0711481	0.01318	0.0138313	0.051453	0.203603	0.0355542	0.0328635	0.034259	0.0117222	0.00176588	0.0042967
167	0.0181962	0.00063413	0.464032	0.189627	0.00215122	0.0108313	0.0107539	0.0172589	0.0134106	0.00647784	0.00362885	0.167665	0.00389009	0.0178335	0.0106462	0.023579	0.0258369	0.00545605	0.000786233	0.00730566
168	0.0379465	0.000200854	0.00720372	0.00843055	0.00475662	0.00361719	0.0418785	0.0188172	0.376241	0.0125718	0.00384578	0.00670516	0.00138531	0.0465175	0.331423	0.00682758	0.0507109	0.0280567	0.000304692	0.0125597
169	0.00211315	0.975793	0.000932407	0.00123621	0.000899472	0.000909677	0.00119603	0.00117749	0.00133326	0.00125383	0.0011664	0.000906694	0.000875347	0.00127019	0.0017174	0.00161277	0.00156344	0.00134145	0.000991607	0.00171022
170	0.036981	0.000936332	0.0141773	0.0506883	0.00276675	0.012228	0.030388	0.0168052	0.279537	0.0212582	0.0124099	0.0260752	0.00235843	0.0834402	0.355911	0.00771317	0.0234422	0.0148874	0.00077116	0.00722585
171	0.126131	0.0028014	0.00206292	0.00463942	0.00276819	0.700432	0.00247265	0.0024888	0.00647977	0.00272665	0.0020424	0.00245759	0.00300792	0.00241575	0.00383784	0.100837	0.0242282	0.00658833	0.000367252	0.00121621
172	0.0208016	0.0110473	0.00809549	0.0072936	0.131595	0.00228063	0.0785597	0.00301372	0.0133998	0.0165909	0.00305085	0.0021041	0.00160978	0.00756786	0.0187563	0.0165351	0.00228394	0.00685433	0.27739	0.371171
173	0.0442978	0.00456787	0.0218656	0.0696907	0.00381112	0.01486	0.0268573	0.0122037	0.202	0.0226538	0.0119964	0.0356166	0.0064792	0.203417	0.235636	0.0212863	0.03511	0.0211555	0.000803031	0.00569214
174	0.0696581	0.0014707	0.00526959	0.0321077	0.223574	0.0088116	0.0828562	0.0276244	0.038446	0.0607803	0.168755	0.013855	0.0133824	0.045152	0.0114797	0.0278183	0.0192993	0.0106595	0.023455	0.115544
175	0.00158667	0.981493	0.000908104	0.00114168	0.000533749	0.000886101	0.000774481	0.000964165	0.00125212	0.0011676	0.00099953	0.000899368	0.000643935	0.00110686	0.0010302	0.00142216	0.00132352	0.0012062	0.000192498	0.000467726
176	0.0296934	0.00203864	0.000711219	0.000978138	0.000922382	0.00316804	0.000787775	0.313697	0.00205575	0.0881616	0.0255609	0.000691557	0.00281195	0.000759268	0.00570202	0.00332133	0.0255377	0.492436	0.000633479	0.000331402
177	0.0926516	0.000517705	0.0342023	0.15974	0.000710137	0.00950205	0.00882372	0.0120508	0.0585131	0.0147242	0.00157784	0.0483052	0.0103764	0.0941947	0.031065	0.194466	0.181974	0.0458519	0.000232652	0.000520772
178	0.575456	0.000799751	0.00129492	0.00434496	0.00124574	0.120661	0.00379465	0.00783319	0.00344103	0.00207735	0.00523292	0.00176763	0.00519166	0.00257393	0.00205195	0.176867	0.0480272	0.0361314	0.000299085	0.000909404
179	0.00251295	0.976755	0.00110595	0.00116873	0.000595494	0.00103116	0.000929787	0.00122506	0.00186374	0.00157439	0.00162679	0.00106907	0.00065153	0.00127387	0.00117995	0.00158108	0.00141621	0.00167608	0.00019261	0.0005708
180	0.104403	0.00280376	0.0171586	0.0174826	0.00280335	0.0205939	0.00787908	0.0117123	0.0111888	0.00972784	0.0213824	0.0207464	0.624946	0.00939497	0.00697255	0.0713327	0.0195407	0.0118192	0.00115402	0.00695869
181	0.0103001	0.00215888	0.00315768	0.00408069	0.318728	0.00299658	0.0207622	0.0146761	0.00542891	0.0257863	0.0162501	0.0068816	0.00220076	0.00514458	0.0064765	0.0150936	0.0115496	0.0192745	0.0521264	0.456926
182	0.127179	0.00247801	0.0420536	0.0401035	0.0122668	0.212158	0.0638993	0.00800024	0.172394	0.0202837	0.0102419	0.0466112	0.0485812	0.0503145	0.045905	0.0414614	0.0355256	0.010849	0.00251516	0.00717915
183	0.0891662	0.00197164	0.0181478	0.04641	0.00563415	0.017108	0.029521	0.0236224	0.273538	0.0247099	0.0134189	0.0132194	0.0116366	0.0602539	0.216467	0.0251279	0.0559064	0.0639503	0.00111663	0.00907425
184	0.016173	0.00204953	0.00178498	0.00266172	0.0012561	0.0030176	0.00370128	0.444702	0.00318958	0.0261063	0.0256717	0.00192385	0.0429237	0.00270766	0.00254871	0.0296144	0.02033	0.368066	0.000450423	0.00112164
185	0.00630617	0.000418144	0.00188348	0.00270982	0.36735	0.00134502	0.00731735	0.0133402	0.003113	0.0224568	0.0206584	0.0072002	0.00140368	0.0029077	0.00211327	0.0134766	0.0131689	0.0198272	0.00848281	0.484522
186	0.00552185	0.000401829	0.00160245	0.00230008	0.370515	0.00109625	0.00526344	0.0108307	0.00213333	0.0214469	0.0152544	0.00647899	0.000995377	0.00204167	0.00147962	0.0129307	0.0122317	0.0205342	0.00834772	0.498594
187	0.0404443	0.00156611	0.0822384	0.0604325	0.0143034	0.0501185	0.0365789	0.013567	0.101454	0.0147779	0.0180249	0.248183	0.0128087	0.0585348	0.123386	0.0562528	0.0432464	0.0132101	0.00282519	0.008048
188	0.0724332	0.00113727	0.00608416	0.0299378	0.152587	0.0684399	0.0738138	0.0326574	0.0197136	0.0589552	0.0406034	0.0243547	0.0547339	0.0366313	0.019682	0.0705337	0.0376345	0.0118245	0.103473	0.0847693
189	0.0584249	0.00110203	0.0148816	0.0991056	0.000737985	0.0166487	0.0236278	0.0073351	0.232376	0.0226888	0.0102322	0.0210239	0.00288488	0.201964	0.126741	0.0271886	0.0831407	0.0486405	0.000328643	0.000926697
190	0.100945	0.000858197	0.00573118	0.00474468	0.00227101	0.00776147	0.00354494	0.0449198	0.0239515	0.029555	0.0244822	0.0120734	0.0130725	0.00455639	0.00431055	0.21285	0.467622	0.0337654	0.00109092	0.00189413
191	0.0360378	0.000275611	0.0911599	0.0727391	0.0120149	0.157313	0.0543303	0.00885485	0.0811038	0.010588	0.00961428	0.209178	0.00617558	0.0684777	0.0716037	0.0841348	0.0154914	0.00251589	0.000334174	0.00805658
