449	20
1	0.0128833	0.000290694	0.396216	0.461884	0.00346645	0.0282411	0.00394486	0.00220233	0.0111238	0.00158023	0.0018487	0.0337282	0.000473232	0.0174525	0.0006988	0.0141736	0.00187072	0.00625384	0.000161042	0.00150658
2	0.0248415	0.00120639	0.00503204	0.00285848	0.0921621	0.0106981	0.0100534	0.108	0.0032597	0.506717	0.0654011	0.0041642	0.00483193	0.0136559	0.00622703	0.0184401	0.011739	0.0999036	0.00352576	0.00728258
3	0.0754102	0.00304363	0.00658745	0.00439885	0.0983627	0.0255617	0.00771323	0.120486	0.0094351	0.215303	0.101899	0.0133454	0.0327683	0.0229119	0.0132227	0.0714238	0.0461638	0.11164	0.000719493	0.0196033
4	0.0595397	0.0119437	0.0190788	0.0133217	0.00405858	0.0400884	0.101767	0.0114372	0.0283976	0.0412632	0.0086684	0.14813	0.0480212	0.0495591	0.035721	0.174428	0.176704	0.0197086	0.0011321	0.00703163
5	0.0929151	0.00349321	0.00696389	0.00509911	0.0887075	0.0318376	0.0130113	0.121718	0.00565028	0.209288	0.0785412	0.0158012	0.0268251	0.0345863	0.00883048	0.0728179	0.0443192	0.119695	0.000541933	0.0193587
6	0.0801157	0.0219052	0.0155145	0.0185354	0.00619722	0.0857872	0.0879886	0.0150397	0.0456698	0.0379655	0.0111066	0.127354	0.0417313	0.0739595	0.0569766	0.146404	0.0893006	0.0293413	0.000862585	0.00824476
7	0.113153	0.0150795	0.00998489	0.0315381	0.0130331	0.0347633	0.0102332	0.0286805	0.0184753	0.0567194	0.0182136	0.0317159	0.159128	0.0322347	0.021699	0.284422	0.0805064	0.0311216	0.00140985	0.00788882
8	0.0232757	0.000915038	0.506736	0.281344	0.005059	0.0378298	0.00627926	0.00366531	0.00927904	0.00430748	0.00368405	0.056864	0.00131947	0.0152185	0.00203828	0.0245841	0.00646018	0.00857978	0.000589628	0.00197144
9	0.0919213	0.00984547	0.0140953	0.0217122	0.0222026	0.0306234	0.0144715	0.0388245	0.0249488	0.0739821	0.0218149	0.0329137	0.26515	0.0424974	0.042003	0.13367	0.0615768	0.0439561	0.00221058	0.0115801
10	0.0231138	0.0100849	0.00270437	0.00210686	0.0269792	0.00357997	0.00374313	0.346399	0.00262848	0.14685	0.0515737	0.00577372	0.00228647	0.00463433	0.00306948	0.0157942	0.0324056	0.309492	0.000270597	0.00651016
11	0.052837	0.00910111	0.011956	0.0194814	0.0053023	0.0398624	0.0109845	0.0266693	0.141338	0.0192169	0.0293967	0.0246212	0.00475722	0.0317018	0.476994	0.032872	0.0156355	0.0360535	0.00670732	0.00451204
12	0.0507541	0.0037694	0.016704	0.00696623	0.0592891	0.0154587	0.0183488	0.226572	0.00717834	0.24665	0.057966	0.0110409	0.00812076	0.0237046	0.00658441	0.0444128	0.0304408	0.156296	0.00122531	0.00851809
13	0.0120444	0.000341822	0.199692	0.644499	0.00165957	0.0344645	0.00394381	0.00487862	0.0173834	0.00346142	0.00305179	0.0193168	0.00109396	0.0306768	0.00149987	0.00799663	0.00476785	0.0074117	0.000181145	0.00163473
14	0.0367333	0.00269358	0.00409837	0.00426235	0.0655069	0.0123823	0.0069268	0.115148	0.00534369	0.461895	0.0628102	0.00836781	0.00979676	0.0162371	0.00916546	0.0350863	0.0312507	0.100763	0.00226875	0.00926466
15	0.055015	0.0270962	0.0380478	0.0137543	0.0072305	0.0254454	0.0230675	0.0198676	0.0170784	0.0293618	0.0118487	0.166095	0.0118178	0.0218447	0.0156601	0.201378	0.274971	0.0319363	0.000969393	0.00751359
16	0.0277928	0.0131354	0.00968588	0.0135064	0.0026208	0.0286343	0.0194332	0.0133944	0.168241	0.0158203	0.00821452	0.0458905	0.00685174	0.0403174	0.47588	0.0578982	0.0324121	0.0118937	0.00338802	0.00498998
17	0.00952928	0.000729522	0.000938021	0.0020266	0.0487953	0.00262432	0.00521807	0.0385254	0.00338625	0.716325	0.0636882	0.00184025	0.00125984	0.0095664	0.00847465	0.00652206	0.00695743	0.0638449	0.00510744	0.00464118
18	0.0090682	0.00122482	0.0130509	0.139068	0.00213876	0.0047836	0.122026	0.00568506	0.109703	0.0255141	0.0181461	0.0150599	0.00336133	0.370501	0.118076	0.0171637	0.00883986	0.00683095	0.000720809	0.00903825
19	0.066348	0.0108074	0.0400634	0.021025	0.00944457	0.0290159	0.0289633	0.0245842	0.037504	0.0248958	0.0119456	0.300317	0.0144103	0.0365679	0.0315049	0.17294	0.0970919	0.0280933	0.00151573	0.0129612
20	0.0445649	0.00382869	0.20771	0.208432	0.00592307	0.0535098	0.0503635	0.0246777	0.0218478	0.110526	0.0480891	0.0277919	0.0108759	0.0634527	0.00907018	0.0370314	0.0352913	0.0267126	0.00147626	0.00882537
21	0.00746236	0.000416653	0.000707282	0.00142805	0.0483955	0.00164812	0.0050118	0.0288666	0.00153903	0.74987	0.057078	0.00104718	0.000454626	0.00822532	0.00783888	0.00448157	0.00478342	0.0613969	0.00529536	0.00405293
22	0.0241257	0.00740837	0.00569242	0.00948871	0.00584616	0.0226131	0.0219656	0.0168979	0.178121	0.0320539	0.00673672	0.02183	0.0187189	0.0774551	0.442069	0.0400277	0.0497998	0.00822003	0.00223513	0.00869466
23	0.0235219	0.000527865	0.277139	0.508416	0.00295983	0.0316767	0.00932426	0.0110057	0.0146032	0.00634542	0.00502254	0.0288159	0.00224235	0.0226519	0.00153982	0.0198214	0.0133514	0.0146255	0.000282502	0.00612617
24	0.00183803	0.000371669	0.000622217	0.00724109	0.000351079	0.00241805	0.000415881	0.00357022	0.693781	0.0019915	0.00554997	0.0133856	0.000317815	0.0105916	0.249549	0.00403313	0.00150932	0.00131321	0.000169451	0.000980524
25	0.0188515	0.000361026	0.489126	0.331882	0.00490605	0.0287765	0.00588049	0.00320659	0.00743021	0.00214864	0.00273362	0.0494413	0.000931668	0.0139295	0.000884459	0.024639	0.00412676	0.00871206	0.000157179	0.00187539
26	0.00220153	0.000763766	0.000692	0.00736477	0.000374186	0.00300413	0.00124716	0.00455508	0.667367	0.00281251	0.00543321	0.0140302	0.000541411	0.0115065	0.266801	0.00551354	0.00264842	0.00152838	0.000292531	0.00132224
27	0.0416581	0.00183417	0.114382	0.599422	0.00283331	0.0344751	0.00878576	0.0111654	0.0296011	0.0109846	0.00633911	0.0145336	0.0043857	0.031118	0.0135339	0.0216498	0.0196022	0.0290284	0.000993351	0.00367449
28	0.011719	0.000689739	0.00182699	0.00270018	0.0490213	0.00324351	0.00717656	0.0385473	0.00627118	0.702981	0.0570688	0.00266304	0.0028252	0.0123653	0.00976959	0.00911144	0.00769395	0.0639522	0.00500864	0.00536484
29	0.255248	0.0194542	0.00685592	0.0123671	0.0167783	0.173822	0.00560651	0.0237844	0.0145773	0.0304544	0.0134882	0.0237444	0.0145052	0.00860976	0.0182822	0.203351	0.0931987	0.0573822	0.00188978	0.00660047
30	0.0720083	0.000950331	0.201727	0.314698	0.00496783	0.0299998	0.0310962	0.0419833	0.0153235	0.021436	0.0134899	0.042454	0.00904613	0.0265237	0.00369937	0.0547538	0.0560218	0.048189	0.000708824	0.0109233
31	0.568606	0.00992388	0.00173761	0.00815138	0.00378167	0.0374734	0.00106027	0.00766534	0.00293186	0.0134045	0.00260326	0.0117465	0.00334812	0.00346797	0.00566219	0.16887	0.0865793	0.0610284	0.000601571	0.00135588
32	0.00764131	0.00166289	0.0128055	0.0196701	0.00221854	0.00556956	0.302844	0.0124248	0.0595692	0.0554261	0.0140057	0.13231	0.0059551	0.145594	0.0209041	0.0367813	0.0213484	0.0286001	0.00069865	0.113971
33	0.564062	0.0098125	0.0020548	0.00778538	0.00274034	0.0415095	0.000836889	0.00550102	0.0025131	0.0124123	0.00153264	0.0124639	0.00273981	0.00287172	0.00438637	0.17443	0.0882361	0.0627779	0.000642028	0.000692003
34	0.0092492	0.000703352	0.127202	0.705002	0.000838654	0.0345366	0.00632434	0.0053098	0.0226949	0.00443222	0.00333397	0.00925559	0.000737914	0.0443274	0.00667661	0.00502804	0.00459046	0.00755962	0.000209848	0.00198722
35	0.0218494	0.0127356	0.00230502	0.00283427	0.0166303	0.00328916	0.00295305	0.402599	0.00598193	0.117316	0.0783513	0.00853478	0.00221265	0.00416884	0.0070091	0.019952	0.0483817	0.236083	0.000609985	0.00620364
36	0.00289712	0.000784681	0.00092281	0.0083561	0.000332822	0.00309304	0.000969778	0.00402095	0.670258	0.00250602	0.00578397	0.013963	0.000301034	0.0115458	0.263823	0.0050331	0.00235957	0.0017947	0.000311195	0.000943039
37	0.533431	0.00989032	0.00313528	0.00811794	0.0042177	0.0535243	0.00110937	0.00764245	0.00347207	0.014414	0.00253777	0.0131484	0.0036441	0.00352708	0.00577355	0.178649	0.0879512	0.063312	0.00129638	0.00120587
38	0.0131921	0.00115633	0.00197064	0.00205815	0.0488136	0.00375202	0.00635061	0.0362186	0.00256596	0.709355	0.0576032	0.0034992	0.00168622	0.00964443	0.00839895	0.0102611	0.0103834	0.0636897	0.00457971	0.00482104
39	0.00139623	0.000303812	0.000449673	0.00720457	0.000286764	0.0020834	0.000380804	0.00345896	0.697946	0.00195816	0.00549344	0.0132146	0.000238552	0.0104669	0.247768	0.0037141	0.00144836	0.0011634	0.000108803	0.000914649
40	0.0973311	0.00455752	0.0065702	0.00562115	0.08725	0.0305884	0.00803361	0.114029	0.0054396	0.182919	0.0731316	0.0207981	0.0311896	0.0317859	0.00972955	0.088254	0.0581765	0.118892	0.000454898	0.0252483
41	0.110498	0.0256461	0.0126763	0.0189451	0.0210373	0.0452816	0.0136835	0.0435684	0.0304814	0.0447531	0.0249255	0.055591	0.0313306	0.0195744	0.0386622	0.252976	0.140594	0.0557493	0.00024388	0.0137825
42	0.0114937	0.00028471	0.153506	0.706175	0.00137086	0.0334642	0.00274538	0.0068031	0.0165111	0.0032305	0.00203474	0.0109382	0.000658357	0.028496	0.000636776	0.0057109	0.00528702	0.00855019	0.000394706	0.00170895
43	0.294281	0.00624029	0.0461475	0.0793449	0.0127962	0.0197102	0.0063461	0.0264552	0.0152033	0.0423696	0.0145052	0.0179415	0.00721228	0.0124941	0.0788239	0.0788123	0.0973207	0.135944	0.00261588	0.00543548
44	0.194671	0.00651022	0.0107557	0.0170842	0.0180638	0.0179265	0.0207431	0.0805127	0.0472414	0.151118	0.0253527	0.0216928	0.0167632	0.110351	0.020216	0.143199	0.0428756	0.0465192	0.00127805	0.00712623
45	0.00223625	0.000624579	0.000600337	0.00738904	0.00042514	0.00283484	0.000949956	0.00404628	0.678361	0.00251796	0.00546779	0.0139545	0.000568405	0.0118778	0.257852	0.00495784	0.00247298	0.00135847	0.000257177	0.00124764
46	0.0167442	0.000369055	0.436864	0.392954	0.00406118	0.0309292	0.00480267	0.00299857	0.00980881	0.00200742	0.00261745	0.0440885	0.000782808	0.0191812	0.000849849	0.0178853	0.00356988	0.00748872	0.000274871	0.00172297
47	0.00219952	0.000521317	0.000709513	0.00720597	0.000378029	0.003015	0.000885844	0.0040666	0.678142	0.00323227	0.00606141	0.0136568	0.000620083	0.0119414	0.257193	0.00476169	0.00251061	0.00164922	0.000157873	0.00109158
48	0.466187	0.00771955	0.0252517	0.0466372	0.00564957	0.0579	0.00313388	0.0155601	0.00631822	0.0167036	0.00517738	0.0155403	0.00378666	0.00712449	0.0144507	0.144568	0.0782552	0.0755828	0.00107163	0.0033828
49	0.0223478	0.0120882	0.0026521	0.00191822	0.0344585	0.00417316	0.00413009	0.319334	0.00247931	0.16412	0.045752	0.0046409	0.00286333	0.00458267	0.00315396	0.015044	0.0285377	0.319075	0.000605151	0.00804402
50	0.0546819	0.00327238	0.138513	0.389868	0.00355485	0.0471821	0.0239981	0.0209316	0.0389688	0.0249634	0.0257848	0.0318282	0.0126625	0.0402438	0.012353	0.0495406	0.0517602	0.022892	0.000889993	0.00611107
51	0.00864098	0.000232606	0.156411	0.714917	0.000854026	0.0354865	0.0018548	0.00430081	0.0168367	0.0026176	0.00168866	0.0105544	0.000507514	0.0299654	0.000598359	0.00379037	0.00317598	0.00613028	0.000123484	0.00131373
52	0.00973672	0.000688899	0.0015515	0.00157582	0.0680084	0.00332996	0.00698062	0.0450341	0.00165672	0.697055	0.0569167	0.00163249	0.00086911	0.00803117	0.00713973	0.00636046	0.00567483	0.0685939	0.00447099	0.00469324
53	0.109366	0.0230852	0.0132738	0.0191046	0.0217077	0.0441955	0.0145387	0.0451104	0.0320329	0.0423058	0.0225783	0.0588105	0.0304095	0.0247398	0.042628	0.250275	0.13722	0.0551996	0.000283608	0.0131353
54	0.0195801	0.0003741	0.537595	0.287327	0.00532843	0.0324504	0.00419084	0.00159314	0.00809729	0.00143651	0.00253476	0.0547941	0.000584256	0.0135086	0.000903647	0.019118	0.00224248	0.00673703	0.00016987	0.001434
55	0.00839105	0.000257949	0.128085	0.737782	0.000540439	0.0372586	0.00222775	0.00439877	0.0192194	0.00306299	0.00267904	0.00927539	0.00101333	0.0308255	0.000605637	0.00286441	0.00370291	0.00625314	0.000170422	0.00138563
56	0.0348448	0.0024656	0.00486678	0.00747411	0.0601678	0.00655344	0.00664649	0.0387232	0.00969751	0.519736	0.0621507	0.00754617	0.00295183	0.0123935	0.0298774	0.0131866	0.0125741	0.100251	0.0451485	0.0227445
57	0.0604253	0.0101394	0.0299893	0.0279232	0.0038075	0.05206	0.0552397	0.0222696	0.0649962	0.0294816	0.00962909	0.137146	0.0245295	0.0835209	0.0767612	0.1571	0.125458	0.0231546	0.000405264	0.00596387
58	0.0019436	0.000962309	0.000749197	0.00717081	0.000295027	0.00270611	0.00127087	0.00413839	0.662995	0.00255841	0.00533896	0.0134341	0.000294543	0.0109283	0.275115	0.00502899	0.00232266	0.00133286	0.00029689	0.0011183
59	0.0109018	0.000958877	0.00232476	0.00495897	0.0407797	0.00407711	0.00499721	0.0416616	0.00924199	0.613471	0.12193	0.00378617	0.0013042	0.0208572	0.014953	0.0094661	0.00755161	0.0715226	0.00836658	0.00688934
60	0.0279519	0.000417405	0.493766	0.296586	0.00816047	0.0293983	0.00620947	0.00625781	0.00766855	0.00280994	0.00311242	0.0495267	0.00108988	0.0155085	0.00149791	0.0254901	0.00767704	0.0142475	0.00022587	0.00239815
61	0.00757773	0.00026142	0.121899	0.75374	0.000542187	0.0380015	0.00130161	0.00436804	0.017474	0.00258415	0.00147719	0.00678119	0.000335089	0.0310181	0.000547868	0.00193634	0.0028243	0.00595239	0.000127867	0.00125027
62	0.00168188	0.000472572	0.000593926	0.00728996	0.000298335	0.00228936	0.000547214	0.00343515	0.693428	0.00204794	0.00553664	0.0134642	0.000237814	0.0106196	0.250019	0.0039714	0.00160694	0.00129584	0.000250475	0.000913582
63	0.00774839	0.000360571	0.000759741	0.00139699	0.0500171	0.00204017	0.00525713	0.0294445	0.00198652	0.744537	0.0580598	0.00122201	0.000761908	0.00851954	0.00855825	0.00571888	0.00544996	0.0591279	0.00496465	0.00406882
64	0.0315127	0.00881778	0.0116692	0.0131568	0.00428553	0.038521	0.0194584	0.0133898	0.18574	0.0225215	0.00782417	0.0454228	0.0143778	0.0706296	0.389126	0.0626602	0.0394162	0.0119683	0.00281744	0.00668483
65	0.105684	0.00300543	0.00750299	0.00632226	0.0763003	0.0324215	0.00824391	0.141173	0.00573073	0.190238	0.0674767	0.0182213	0.0246623	0.0258452	0.00837238	0.0812128	0.0510192	0.127853	0.000551311	0.0181634
66	0.130618	0.00458944	0.00721142	0.00856887	0.0232444	0.0450312	0.00501366	0.0930952	0.00887094	0.0744859	0.118228	0.0196957	0.0114897	0.0141292	0.0108727	0.128834	0.221922	0.0619809	0.00285607	0.00926315
67	0.017392	0.00217031	0.111119	0.633331	0.00238784	0.0429758	0.00823755	0.0117232	0.0312017	0.0197065	0.00759713	0.0154439	0.0045938	0.0343969	0.00952953	0.0167429	0.0148937	0.0123615	0.000486478	0.00370946
68	0.15185	0.00684657	0.0873958	0.0136984	0.00713367	0.0190964	0.0115158	0.0520674	0.0578232	0.0161422	0.0088798	0.180643	0.00773305	0.0125936	0.0144014	0.199598	0.0519884	0.0506706	0.00151609	0.0484066
69	0.111903	0.00401752	0.00917303	0.0115296	0.0286364	0.0172887	0.0875584	0.126097	0.0236664	0.19142	0.033983	0.0203149	0.0102475	0.147303	0.0121496	0.0469898	0.027409	0.0788883	0.00173261	0.00969221
70	0.0113065	0.0036802	0.00171142	0.00172784	0.0403577	0.00246729	0.00456517	0.137066	0.00190228	0.561758	0.0513597	0.00225363	0.00103072	0.00719437	0.0060726	0.00786937	0.0134829	0.136015	0.00336931	0.00480979
71	0.00727971	0.00022271	0.124364	0.754308	0.000504282	0.0358604	0.00131666	0.0042776	0.0174569	0.00245357	0.00143188	0.00691292	0.000318026	0.0309126	0.000511875	0.00187271	0.00273595	0.00588289	0.000128658	0.00124912
72	0.0327577	0.00644159	0.0320442	0.0146955	0.00237277	0.0438335	0.0692993	0.012195	0.0382175	0.0212984	0.00736816	0.215777	0.0204413	0.0954652	0.0465518	0.176444	0.147233	0.0128685	0.00074516	0.00394945
73	0.00389552	0.000796603	0.00141912	0.0137224	0.000761896	0.00391822	0.00546203	0.00443002	0.631914	0.00559726	0.00595539	0.0135072	0.00197389	0.0372983	0.252171	0.00786349	0.00538487	0.00207152	0.000215982	0.00164209
74	0.031181	0.00141459	0.299204	0.304219	0.00389269	0.0287753	0.0143662	0.0114158	0.0334666	0.00894535	0.00798946	0.133151	0.00554998	0.0222249	0.00714507	0.0447199	0.0202856	0.0142447	0.000532061	0.00727666
75	0.0142304	0.00133603	0.00180726	0.00194896	0.0494608	0.00376054	0.00592014	0.0509008	0.0022801	0.688684	0.0566877	0.00294859	0.00187115	0.00923119	0.00780642	0.0105056	0.00973685	0.071508	0.00452476	0.00485041
76	0.0111885	0.000264654	0.227265	0.635781	0.00172598	0.0328317	0.00284921	0.00427136	0.0140897	0.00225564	0.0018652	0.0176701	0.000481703	0.0258208	0.000598442	0.00865634	0.00356878	0.00686971	0.000159809	0.0017865
77	0.0510516	0.00459962	0.00429534	0.00545682	0.0441584	0.0128022	0.00556166	0.218283	0.0231399	0.193458	0.107225	0.0138152	0.00942118	0.0163506	0.033457	0.0390971	0.0392505	0.167449	0.00207203	0.00905578
78	0.00176117	0.000486555	0.000628418	0.0072631	0.000380642	0.0025761	0.000693275	0.00354111	0.687263	0.00221217	0.00548841	0.0134152	0.000368754	0.0109656	0.254532	0.00417318	0.00174121	0.00129446	0.000172105	0.00104349
79	0.00362067	0.00241536	0.00106995	0.00785443	0.000382928	0.00390387	0.0032195	0.00491017	0.581277	0.00334394	0.00511736	0.0139365	0.000443249	0.0114241	0.34141	0.00730576	0.00439219	0.00223481	0.000468237	0.00126983
80	0.0247851	0.00835232	0.00367231	0.00340852	0.0219124	0.0047883	0.00415517	0.375975	0.00354869	0.166447	0.060718	0.00713073	0.00197715	0.00858949	0.00398825	0.0197952	0.0505956	0.223828	0.000514383	0.00581724
81	0.0831103	0.0328842	0.0185506	0.0334298	0.0162172	0.0345788	0.0106745	0.0554046	0.0248523	0.0392028	0.0216339	0.106377	0.0199223	0.0181848	0.026815	0.196479	0.154702	0.0922352	0.00104012	0.0137046
82	0.0210111	0.00040048	0.476839	0.33144	0.00511071	0.028425	0.00668415	0.00460341	0.00792916	0.00313519	0.00326799	0.0496236	0.00139321	0.0143349	0.00100049	0.0265525	0.00593224	0.0100047	0.000172511	0.00213912
83	0.00920585	0.00022651	0.201454	0.665974	0.00132524	0.033375	0.00277637	0.00419581	0.0152395	0.00263399	0.00171567	0.0150957	0.000488488	0.0269107	0.000856156	0.00701478	0.00342059	0.0064593	0.000176911	0.00145472
84	0.00139728	0.000305014	0.000451516	0.00724153	0.000286448	0.00207742	0.000394306	0.00351262	0.696862	0.00201303	0.00549047	0.0132083	0.000235359	0.0105021	0.24857	0.00373855	0.00149816	0.00118018	0.000108803	0.000927608
85	0.00193078	0.000630605	0.000760065	0.00752558	0.000305782	0.00288963	0.000920485	0.00364116	0.68272	0.00208947	0.0055484	0.0135299	0.000257718	0.010946	0.257141	0.00479538	0.00174447	0.00141717	0.000282287	0.000923864
86	0.0403055	0.000682824	0.385216	0.332535	0.00466008	0.0284076	0.0132518	0.0136156	0.0106446	0.00724206	0.00599203	0.049429	0.00407575	0.0171711	0.00158972	0.0411069	0.0192313	0.0197603	0.000358468	0.00472368
87	0.592176	0.00895421	0.0014716	0.00771145	0.00292245	0.0363464	0.000635306	0.00556894	0.00212706	0.0121179	0.00184982	0.00992562	0.00297034	0.00306572	0.00465331	0.164002	0.083297	0.058851	0.000568404	0.000784972
88	0.00706807	0.000318306	0.000669867	0.00143401	0.0487563	0.00163793	0.00501005	0.0282462	0.0016372	0.752878	0.0579368	0.000963101	0.00043031	0.00839016	0.00782826	0.00449036	0.00485684	0.0584194	0.00504084	0.00398825
89	0.508445	0.010876	0.00402729	0.0103096	0.00604692	0.0374971	0.00258947	0.0138926	0.00641405	0.0177237	0.00577316	0.0177272	0.00697121	0.00625109	0.00935036	0.176001	0.0955649	0.0609868	0.000805156	0.00274775
90	0.545185	0.00962005	0.00343819	0.00906548	0.00467736	0.0374244	0.0016005	0.00938239	0.0045384	0.0162861	0.00382335	0.0141505	0.00569586	0.00520966	0.00707211	0.170828	0.0901118	0.0591028	0.000849122	0.0019382
91	0.0253712	0.00301006	0.0171591	0.0689136	0.0046846	0.0126473	0.0974898	0.0126463	0.0682266	0.0576934	0.0201845	0.029433	0.0102626	0.403232	0.0790889	0.0439753	0.0226972	0.01361	0.000780658	0.0088938
92	0.0768775	0.0410729	0.0458277	0.0118048	0.330506	0.0215673	0.0100948	0.0254207	0.0116059	0.0230715	0.0112095	0.0352261	0.0150808	0.0135295	0.0113073	0.0720946	0.0691724	0.0380882	0.00228539	0.134157
93	0.519586	0.00958688	0.00663483	0.0111462	0.00730188	0.0378067	0.00236048	0.0145755	0.0064241	0.0204436	0.00660621	0.0162983	0.00621104	0.00725095	0.0102727	0.168161	0.0849785	0.0601235	0.00083267	0.00339943
94	0.529784	0.00879811	0.0128786	0.0186684	0.00451009	0.0364285	0.00317069	0.0112868	0.00832582	0.0175321	0.00575694	0.0146185	0.00553065	0.00822761	0.0147279	0.154078	0.0823581	0.0600597	0.00070248	0.00255711
95	0.0125293	0.000358141	0.140925	0.713125	0.00100542	0.0348675	0.00313253	0.00599336	0.0177993	0.0040221	0.00233352	0.0101616	0.000870197	0.0306381	0.00186037	0.00572286	0.00544499	0.00757167	0.000203018	0.00143586
96	0.321619	0.00856149	0.0391645	0.0801679	0.0151437	0.0325191	0.0117702	0.0355949	0.0164527	0.0728518	0.0192289	0.0230811	0.0193309	0.0216645	0.0244591	0.108529	0.0705376	0.0702594	0.00199268	0.00707166
97	0.285332	0.011936	0.00884922	0.0116545	0.0155601	0.0384396	0.00498803	0.0517844	0.0120211	0.0324465	0.0274898	0.0298924	0.0129455	0.0106717	0.0158972	0.198484	0.150154	0.070649	0.000933831	0.00987095
98	0.0134182	0.00165018	0.00127476	0.00182156	0.0482435	0.00329291	0.00577336	0.0618356	0.00295865	0.668794	0.056067	0.00245	0.00192945	0.0108291	0.00757135	0.010281	0.00996074	0.0827017	0.00445293	0.00469381
99	0.021631	0.00978448	0.0072835	0.016932	0.0042782	0.0215849	0.0178046	0.0118019	0.247953	0.0219739	0.0105113	0.0240652	0.00516601	0.042167	0.461964	0.0333338	0.0220016	0.0110873	0.00365642	0.00502047
100	0.041671	0.0111765	0.00842241	0.0139737	0.00793397	0.0262861	0.0226552	0.0193672	0.125378	0.02728	0.0107818	0.0326405	0.0133024	0.050342	0.433461	0.0634115	0.0607113	0.019761	0.00262954	0.00881457
101	0.0235485	0.00861917	0.00291098	0.00262976	0.0355956	0.00502656	0.00442988	0.265634	0.00326917	0.256207	0.051561	0.00534825	0.00341748	0.0078499	0.00511354	0.0169791	0.0260152	0.26679	0.00135189	0.00770256
102	0.0132112	0.00308629	0.013305	0.0242708	0.00290023	0.00873379	0.274411	0.0129811	0.058244	0.0519194	0.0134077	0.111525	0.00768818	0.158403	0.0415687	0.0364146	0.0244154	0.024535	0.00171834	0.117262
103	0.537827	0.0101916	0.00384591	0.00874619	0.00374073	0.0430992	0.00147914	0.0079779	0.00462756	0.0155553	0.00289689	0.0140363	0.00473612	0.00437385	0.00684102	0.176189	0.0905081	0.0608923	0.00102851	0.00140781
104	0.145006	0.00816935	0.128798	0.0459082	0.00447914	0.0247245	0.034619	0.0261805	0.0271387	0.0170679	0.00779347	0.125628	0.0079474	0.0194326	0.0148145	0.225566	0.0912488	0.0282959	0.00156755	0.0156144
105	0.0143287	0.00186142	0.00768929	0.0576743	0.00239491	0.00676631	0.106348	0.00663473	0.0806065	0.0430059	0.0187604	0.0179506	0.00427455	0.463467	0.109355	0.0278026	0.0160944	0.00691579	0.000609311	0.00746026
106	0.00294648	0.000925201	0.00107853	0.00873781	0.000609977	0.00376936	0.00228963	0.00429224	0.659056	0.00342482	0.00549323	0.0133666	0.00165092	0.017453	0.261459	0.00641034	0.00376623	0.00158457	0.00028583	0.00140061
107	0.0182775	0.000388695	0.453212	0.373685	0.00431198	0.0341784	0.00443288	0.0028143	0.01018	0.00216372	0.00262494	0.0440548	0.000864242	0.0170066	0.00109962	0.0170792	0.00385656	0.00776329	0.000169216	0.00183717
108	0.0178278	0.000402536	0.481319	0.350062	0.00475215	0.0313478	0.00433766	0.00236265	0.00773663	0.00164058	0.00234465	0.0477204	0.000601029	0.0156258	0.000849519	0.018974	0.00283205	0.00740088	0.000186857	0.00167664
109	0.0083277	0.000323251	0.149449	0.718919	0.000891201	0.0340435	0.00233928	0.00426843	0.0190826	0.00280621	0.00180521	0.00987669	0.000513393	0.031109	0.00181154	0.00366098	0.00322147	0.00611041	0.00015155	0.00128968
110	0.0963662	0.00485898	0.00766465	0.00454012	0.0853363	0.0330807	0.00738193	0.108285	0.00474577	0.182969	0.0762274	0.0166851	0.0397874	0.0237406	0.0103343	0.099581	0.0599319	0.113036	0.000360434	0.0250876
111	0.0644168	0.00589329	0.00729286	0.00951329	0.0328954	0.0154908	0.00700543	0.104786	0.00809311	0.14658	0.0366438	0.0129328	0.268014	0.0244245	0.00861768	0.0704814	0.0291098	0.135382	0.0014148	0.0110122
112	0.106761	0.0177705	0.0110183	0.0179642	0.0166614	0.0394099	0.0164602	0.0330546	0.0236285	0.051868	0.019581	0.0479017	0.110434	0.0304234	0.0299462	0.257764	0.117787	0.0408561	0.000846695	0.00986256
113	0.0131367	0.00133104	0.00232465	0.00207109	0.0599959	0.0044238	0.00630921	0.0883623	0.00206685	0.621122	0.0588218	0.00289848	0.00152245	0.00985691	0.00693351	0.00946669	0.00970356	0.0907445	0.00436365	0.00454452
114	0.00971029	0.000273634	0.199832	0.665909	0.00124557	0.0358149	0.00261766	0.00434156	0.0152091	0.00243117	0.00175774	0.0152619	0.000489349	0.0269214	0.000568917	0.00605558	0.00312275	0.00672105	0.000162997	0.00155368
115	0.265424	0.00290691	0.101496	0.11898	0.0143215	0.0240284	0.00715718	0.0262759	0.0098399	0.0254431	0.00999464	0.0181025	0.00390382	0.0109569	0.0594077	0.0644061	0.0776107	0.151949	0.00192391	0.0058724
116	0.0253772	0.00972916	0.00240156	0.00244682	0.0168518	0.00292054	0.00321454	0.399312	0.00260251	0.131129	0.0527986	0.0068631	0.00114382	0.00436271	0.00338893	0.0166818	0.0412403	0.271326	0.000434465	0.00577497
117	0.0252093	0.00939081	0.00283072	0.00313093	0.0210987	0.00480076	0.0031526	0.37763	0.00316567	0.146516	0.058478	0.00710323	0.00260044	0.00732232	0.00421457	0.0205609	0.0470226	0.249125	0.000424242	0.00622328
118	0.478418	0.0122377	0.00317362	0.00948209	0.0107399	0.0413513	0.00330207	0.0149617	0.00712293	0.0190108	0.00675371	0.0189958	0.00961141	0.00557984	0.00974895	0.18761	0.0991729	0.0578734	0.000589679	0.00426434
119	0.0829585	0.00987337	0.0149183	0.0246066	0.0171381	0.028705	0.0174921	0.0387577	0.0313744	0.0745679	0.0213074	0.0304763	0.277818	0.0429187	0.045983	0.129814	0.0554352	0.0419072	0.00222471	0.0117233
120	0.00752539	0.00036945	0.00088854	0.00136107	0.0520217	0.00199379	0.00529826	0.0307411	0.00151096	0.743163	0.0579851	0.000976955	0.000722696	0.00850775	0.00756182	0.00513454	0.00478819	0.0604592	0.0049093	0.00408082
121	0.00943305	0.000324442	0.136982	0.72482	0.00083094	0.03471	0.00293212	0.00475943	0.018798	0.00318573	0.00228283	0.00930557	0.000616182	0.0320909	0.00298405	0.00391355	0.00358287	0.00679855	0.000201644	0.0014483
122	0.536321	0.0100396	0.00395333	0.00860447	0.00417594	0.0375975	0.00189686	0.00840837	0.00461296	0.0154084	0.00326014	0.0143269	0.0062427	0.00544573	0.00674268	0.184255	0.0873755	0.0590501	0.000591706	0.00169124
123	0.0112661	0.000268907	0.291599	0.568956	0.00243366	0.0309321	0.00330467	0.00328365	0.0127668	0.00218263	0.00193374	0.0239272	0.000546386	0.024857	0.000669737	0.0103466	0.00286563	0.00633197	0.000114382	0.00141363
124	0.0262201	0.00893469	0.00332498	0.00372715	0.0261417	0.00519243	0.00495046	0.374085	0.00404107	0.163297	0.0613879	0.00820312	0.00219846	0.00855614	0.00488286	0.0202609	0.0432058	0.224985	0.000631101	0.00577338
125	0.00142752	0.000316951	0.000452075	0.00721198	0.000286903	0.00210735	0.000398922	0.00346024	0.696811	0.00200309	0.00549098	0.0132365	0.000239533	0.0105697	0.248533	0.00378336	0.00148623	0.00116179	0.000109522	0.000913054
126	0.0799534	0.00249078	0.00723691	0.0126781	0.0599677	0.0234854	0.0103173	0.178341	0.0223848	0.206911	0.0739639	0.0195617	0.0124096	0.0526493	0.0132455	0.0613307	0.0450034	0.106457	0.000960446	0.0106525
127	0.110747	0.0427344	0.010872	0.0151761	0.0189285	0.0390344	0.040699	0.0284559	0.0237082	0.0524066	0.0147727	0.0496173	0.0283621	0.0293139	0.0276255	0.258979	0.13566	0.0402481	0.00055468	0.0321045
128	0.00333275	0.00227251	0.00102434	0.0075933	0.000427392	0.00373471	0.00354892	0.0052542	0.572617	0.00350188	0.00504841	0.0138242	0.000593039	0.0118468	0.349271	0.00719998	0.00483283	0.0020294	0.00069204	0.00135587
129	0.0122095	0.00177649	0.0078379	0.0137567	0.00237374	0.00975116	0.278364	0.0183076	0.0593444	0.0672623	0.0286458	0.151234	0.0094031	0.177984	0.018846	0.0501976	0.017574	0.0190058	0.000715566	0.0554101
130	0.00807607	0.000313305	0.138363	0.73219	0.00070826	0.0355157	0.00196952	0.00465294	0.0171253	0.00270193	0.00171316	0.00916757	0.000337942	0.0315924	0.00110435	0.00333581	0.00324782	0.00629081	0.000207011	0.00138758
131	0.0916128	0.00541932	0.00597008	0.00967688	0.0595656	0.0198606	0.00525777	0.230683	0.00852806	0.134864	0.0534854	0.0327	0.0102505	0.0198067	0.00873355	0.0577904	0.0590742	0.175622	0.000762756	0.0103362
132	0.568202	0.00897242	0.00175988	0.00811651	0.00282941	0.0399736	0.000633332	0.00592154	0.0022321	0.0132524	0.0016639	0.011379	0.00257462	0.00285892	0.00446183	0.171361	0.0878167	0.0646084	0.000650465	0.000731823
133	0.0952027	0.014221	0.0100204	0.0152018	0.0228496	0.0306221	0.00960261	0.0608236	0.0560699	0.0969226	0.0694545	0.063129	0.0185986	0.0196953	0.0585306	0.165913	0.0880234	0.0932913	0.00129915	0.0105287
134	0.0132779	0.000699255	0.00226654	0.00328695	0.0483166	0.00397498	0.00640632	0.0372004	0.0041475	0.696299	0.0593804	0.00380682	0.0065141	0.0111048	0.00975102	0.0120798	0.0105856	0.0616161	0.00459725	0.00468864
135	0.0312587	0.00265978	0.0204352	0.058953	0.00557671	0.0173093	0.0811398	0.0138982	0.0754802	0.0559049	0.0193916	0.0247171	0.0135256	0.395825	0.0852466	0.0474615	0.0286271	0.0145878	0.000969813	0.00703238
136	0.00862727	0.000264112	0.20792	0.667364	0.00126855	0.0319835	0.0024508	0.0037093	0.014787	0.00213748	0.00164117	0.0141046	0.000385779	0.0264684	0.00062081	0.00638752	0.00265802	0.0057207	0.000123499	0.00137704
137	0.0729737	0.00843025	0.201304	0.161698	0.012146	0.0361961	0.0245159	0.0283636	0.0259509	0.0278804	0.0165559	0.0668397	0.0136218	0.0311428	0.024709	0.100405	0.0988431	0.0367533	0.00194368	0.00972667
138	0.0344458	0.00766238	0.0297112	0.0139707	0.00378829	0.0239647	0.033134	0.0175594	0.0641775	0.0182506	0.00883875	0.41215	0.0102113	0.0371026	0.0251348	0.140742	0.0853222	0.0178202	0.00121975	0.014794
139	0.00142366	0.000489603	0.000492095	0.007138	0.000285362	0.00215895	0.000662858	0.00367607	0.688191	0.00214633	0.0054183	0.013291	0.000260418	0.0105288	0.255933	0.00391462	0.00173653	0.00118071	0.000122157	0.000951144
140	0.566658	0.00933214	0.0037067	0.00872519	0.00337889	0.045517	0.00116414	0.00689148	0.00320827	0.0132819	0.00220071	0.0117243	0.00335722	0.00385497	0.00549042	0.168903	0.083122	0.0576597	0.000704527	0.00111978
141	0.0312213	0.00141953	0.00258686	0.00309823	0.0529439	0.00774428	0.00608056	0.0519784	0.00481878	0.613614	0.0673059	0.00584682	0.0066254	0.0128988	0.0100143	0.0232176	0.0165663	0.0706207	0.00393166	0.00746708
142	0.0108459	0.000301998	0.189623	0.668108	0.00191798	0.0386528	0.0019007	0.00409605	0.0155314	0.00252631	0.00196785	0.0160941	0.000441476	0.0298121	0.000668178	0.00603629	0.00308955	0.00693679	0.000140215	0.0013091
143	0.0333399	0.0105304	0.00837029	0.0159772	0.0047647	0.0272787	0.0272889	0.012388	0.116948	0.0267579	0.00888552	0.034855	0.0138138	0.112786	0.416483	0.0659491	0.0415581	0.0130567	0.00261556	0.00635207
144	0.0293299	0.00558673	0.0118141	0.0156479	0.00486923	0.021095	0.242548	0.0187918	0.0456435	0.10246	0.0208052	0.0953957	0.0329405	0.1881	0.0299499	0.0529445	0.0276365	0.0201364	0.00128989	0.0330155
145	0.0669481	0.00750554	0.00587713	0.00576304	0.0561252	0.0218521	0.00631676	0.197969	0.0062367	0.169598	0.0634641	0.0161907	0.0200184	0.0170016	0.00944391	0.0700954	0.0655483	0.170566	0.00100552	0.0224749
146	0.00521748	0.00112942	0.00186408	0.011315	0.000906814	0.00571368	0.00579103	0.00442984	0.608874	0.00641233	0.00600412	0.0137582	0.00282284	0.0449108	0.26019	0.00967217	0.00660671	0.00217906	0.000415229	0.00178755
147	0.112693	0.0125592	0.00824744	0.011663	0.0426621	0.0328707	0.0131199	0.0837055	0.0165558	0.133456	0.0460077	0.0284283	0.0357459	0.0411406	0.0176766	0.172633	0.0871485	0.0864463	0.000683668	0.0165562
148	0.00645943	0.00113192	0.00228885	0.00793677	0.00165787	0.00441314	0.00481235	0.00690056	0.635716	0.00613382	0.00744348	0.0311984	0.00177657	0.014546	0.240718	0.0125127	0.00719775	0.0038301	0.000266277	0.00305979
149	0.00970225	0.000484409	0.144431	0.716973	0.00110736	0.0373263	0.0018024	0.00476111	0.0172379	0.00322741	0.00213825	0.0100487	0.00082756	0.0299645	0.00084911	0.00637777	0.00427372	0.006835	0.000183826	0.00144769
150	0.57734	0.00855649	0.00207981	0.00990518	0.00288918	0.0368787	0.000591266	0.00537593	0.00198304	0.0135987	0.00170698	0.0102285	0.00243017	0.00276126	0.00480826	0.1639	0.0871353	0.0665659	0.000610047	0.000655547
151	0.510143	0.00906711	0.00925634	0.0161524	0.00753482	0.0375226	0.003379	0.0214909	0.00664123	0.0232844	0.00751652	0.0163091	0.00694827	0.00686023	0.0105824	0.153057	0.0833315	0.0655878	0.000902977	0.00443251
152	0.00950975	0.000494592	0.00108195	0.00156491	0.0536262	0.00267342	0.00588107	0.0341627	0.00232561	0.724527	0.0588243	0.00161823	0.00111406	0.00910217	0.00858833	0.00734579	0.00667015	0.0616291	0.00486337	0.0043976
153	0.0205974	0.0108574	0.00257224	0.0021844	0.0220696	0.00262223	0.0033355	0.34965	0.00238182	0.150345	0.0457586	0.00481575	0.0021904	0.00372917	0.00293599	0.0134671	0.0312262	0.321646	0.000538436	0.00707655
154	0.0116115	0.00028448	0.332859	0.532689	0.00278082	0.0297645	0.00323193	0.00277831	0.0115199	0.00169537	0.0016824	0.0269983	0.000465035	0.0196684	0.000656029	0.0114748	0.00209384	0.00606651	0.00014102	0.00153836
155	0.390596	0.0117011	0.00732455	0.0110947	0.0131873	0.0385236	0.00523484	0.0424056	0.00987751	0.0290498	0.0170193	0.0251548	0.0121157	0.00957664	0.0127563	0.184634	0.105676	0.0661472	0.000889906	0.00703446
156	0.0127264	0.000819322	0.146842	0.696295	0.000940952	0.0413744	0.00258732	0.00547805	0.0173536	0.00372754	0.00214564	0.0114713	0.000623687	0.0293051	0.00278124	0.00966463	0.00584826	0.00774692	0.000326005	0.00194249
157	0.037231	0.0121678	0.015702	0.0163359	0.00311721	0.0397903	0.0139043	0.0126734	0.167219	0.0130566	0.0108771	0.0342045	0.00557023	0.0401131	0.494488	0.0408712	0.0192206	0.0142261	0.00533876	0.00389291
158	0.110747	0.0086423	0.0421927	0.0568481	0.0330504	0.031194	0.0110134	0.108444	0.0160369	0.103654	0.0525437	0.031005	0.0174187	0.0245347	0.0195666	0.121859	0.100387	0.0987526	0.000391596	0.011718
159	0.0200262	0.0103372	0.00224195	0.00203211	0.0210105	0.0026011	0.00326071	0.362003	0.00230729	0.154649	0.048684	0.00478963	0.00125163	0.00427555	0.00330482	0.014001	0.0339279	0.302146	0.000452109	0.00669777
160	0.00721548	0.0015667	0.0175715	0.197876	0.0021711	0.00487855	0.0800527	0.00460377	0.150749	0.00953459	0.0168349	0.00470068	0.00196889	0.310999	0.164699	0.00877468	0.00679828	0.00564311	0.000794808	0.00256669
161	0.135919	0.0127218	0.00637372	0.0118346	0.034526	0.0401305	0.00512453	0.0964045	0.0140285	0.0377942	0.0362716	0.0352091	0.0172038	0.0144403	0.0177745	0.231309	0.138261	0.100157	0.000495394	0.0140205
162	0.50612	0.00922164	0.00973081	0.0143	0.00696382	0.0382906	0.00365196	0.0162074	0.00926181	0.0194694	0.00694913	0.0169522	0.00732799	0.00902478	0.0153207	0.156844	0.0870419	0.0623927	0.00109657	0.00383181
163	0.0169721	0.00219924	0.00450992	0.0194284	0.0328523	0.00607814	0.00618556	0.0765979	0.0539284	0.382959	0.202731	0.0128471	0.00308904	0.0151605	0.0464009	0.0162537	0.0186666	0.0570309	0.00576657	0.0203426
164	0.156482	0.00343254	0.0985809	0.138613	0.0554452	0.0228528	0.0121308	0.0806106	0.0101997	0.0526977	0.0218944	0.0242208	0.00576125	0.0176982	0.026034	0.0563674	0.0661184	0.138907	0.00211846	0.0098351
165	0.0106271	0.00255881	0.00476086	0.0295946	0.00212685	0.011476	0.0189432	0.00671711	0.446961	0.0127885	0.0082832	0.0157812	0.00622686	0.0972915	0.285767	0.0177091	0.0133399	0.00406287	0.000991166	0.00399303
166	0.497681	0.00814039	0.00975016	0.0172723	0.009745	0.0374603	0.0027154	0.0245127	0.00491728	0.0256061	0.00888591	0.0153182	0.00438281	0.00633025	0.010005	0.146233	0.0848934	0.0819055	0.00117987	0.00306605
167	0.332252	0.00909057	0.0086269	0.0138443	0.0226306	0.0383712	0.00644317	0.0471996	0.0108377	0.0794286	0.0418697	0.0199366	0.0165117	0.0199555	0.0129949	0.163294	0.0773463	0.0671328	0.00195884	0.0102753
168	0.0142834	0.000777099	0.00244673	0.00352634	0.0496733	0.00509184	0.00608783	0.071242	0.00427951	0.619899	0.0806928	0.00276197	0.00209105	0.017876	0.00890013	0.013307	0.0094513	0.0766824	0.00560655	0.00532413
169	0.0919929	0.0103522	0.0114538	0.0213659	0.0304951	0.0163966	0.00762268	0.19092	0.0131416	0.163073	0.04466	0.0163182	0.00917724	0.0140609	0.0162828	0.0582817	0.050242	0.222681	0.00122174	0.0102605
170	0.0155462	0.000373848	0.327017	0.512441	0.00316252	0.0314339	0.00417228	0.00415553	0.0127688	0.0021795	0.00208866	0.0304703	0.000848616	0.0232031	0.00164344	0.0139441	0.00449673	0.00817792	0.000188967	0.00168814
171	0.0261881	0.00063669	0.381555	0.377914	0.00437108	0.0324545	0.0107598	0.00858744	0.0148628	0.00812723	0.011966	0.0407583	0.00440977	0.020995	0.00211674	0.0236991	0.0144463	0.0124056	0.000283312	0.00346347
172	0.0244144	0.00517531	0.00320784	0.00290492	0.0422866	0.00618543	0.00497651	0.212668	0.00572947	0.342146	0.0715244	0.00553221	0.00398528	0.0111365	0.00834456	0.0185258	0.024511	0.196872	0.00289684	0.00697627
173	0.0202155	0.00329434	0.00485754	0.0182746	0.00399345	0.0147672	0.0572684	0.00852552	0.0993685	0.0555824	0.0149865	0.0136516	0.0141592	0.381343	0.208082	0.0368075	0.0312279	0.00680171	0.000800233	0.00599369
174	0.0515875	0.00791461	0.0656767	0.0519668	0.0106493	0.0266355	0.0386444	0.0282845	0.0511205	0.0300535	0.0151639	0.313238	0.0148181	0.0405557	0.0363957	0.101441	0.0652857	0.0299352	0.00245679	0.0181758
175	0.00723347	0.00137011	0.0154511	0.180119	0.00213889	0.00512507	0.0875109	0.00492616	0.149621	0.0127354	0.0170447	0.00661166	0.00246577	0.317783	0.161154	0.0108303	0.00761596	0.00559344	0.000777543	0.00389279
176	0.0484729	0.00728069	0.0577564	0.0460867	0.00944057	0.0239423	0.0435145	0.0264713	0.0549026	0.0305283	0.0164225	0.325941	0.0119256	0.0368542	0.0351222	0.110648	0.0645834	0.0279631	0.00269003	0.0194544
177	0.0781274	0.00340196	0.00694551	0.00661775	0.0893315	0.0253617	0.00954226	0.147974	0.00700978	0.215708	0.0691825	0.0152977	0.0224159	0.036212	0.00858356	0.0618596	0.0432074	0.127197	0.00116116	0.024863
178	0.0132128	0.000271715	0.388778	0.465877	0.00334544	0.0301336	0.00359069	0.00208448	0.0105909	0.00162532	0.00187612	0.0351004	0.000487579	0.0184194	0.000666742	0.0141761	0.00210472	0.00617922	0.000151478	0.00132791
179	0.0189999	0.00155972	0.00339253	0.00308458	0.0469672	0.00613361	0.00901732	0.0442666	0.0049802	0.658548	0.05786	0.00473297	0.00451199	0.0171897	0.011799	0.0176864	0.0133457	0.0652423	0.00465841	0.00602339
180	0.0211325	0.00224151	0.00317326	0.00876104	0.0314988	0.00544867	0.00333407	0.119605	0.117092	0.154582	0.227396	0.0245585	0.00253471	0.00797559	0.136863	0.0228787	0.0326334	0.0687532	0.00304343	0.00649449
181	0.00202869	0.000594975	0.000598121	0.00732072	0.000318571	0.00259146	0.000722329	0.00383722	0.683946	0.00221973	0.00560337	0.0136843	0.000308587	0.0109344	0.256255	0.00445739	0.0018346	0.00148155	0.000231031	0.00103235
182	0.0145563	0.0014612	0.00772342	0.0355191	0.00272039	0.00588282	0.146699	0.00857207	0.0614964	0.0567269	0.0213176	0.0358828	0.00626781	0.452776	0.0642321	0.0314422	0.017171	0.0101174	0.000719116	0.0187161
183	0.0632686	0.00784232	0.00725943	0.0108197	0.0265313	0.0191627	0.00622552	0.222393	0.0270515	0.104979	0.117839	0.0375966	0.0101021	0.0152598	0.0303635	0.0753816	0.0933258	0.11457	0.00104196	0.008987
184	0.0100549	0.000265188	0.190751	0.675935	0.00123441	0.0336571	0.00212179	0.00413673	0.0158123	0.00271169	0.00237044	0.014591	0.000513657	0.027863	0.000838861	0.00542044	0.00323653	0.0069614	0.00012792	0.00139592
185	0.0516593	0.0082036	0.00872142	0.0135054	0.0280906	0.0133872	0.00611812	0.305623	0.012606	0.136084	0.0583018	0.0140089	0.00745853	0.0113336	0.0128694	0.0450588	0.052869	0.204775	0.000999549	0.00832743
186	0.0618786	0.127099	0.0198182	0.0154069	0.135495	0.0294604	0.0122283	0.027984	0.0174995	0.0307814	0.0176341	0.0740472	0.018692	0.0162302	0.0188086	0.137174	0.0700768	0.0359476	0.00196521	0.131773
187	0.0153736	0.00145401	0.00581312	0.0160461	0.00219405	0.0068976	0.172222	0.00898926	0.0524685	0.0714845	0.0228714	0.0419838	0.00827787	0.444372	0.0478961	0.0365157	0.0166309	0.00958241	0.000783725	0.0181433
188	0.0147118	0.000705352	0.168299	0.66741	0.00158008	0.0338142	0.00484219	0.0074247	0.0168228	0.00372077	0.00272735	0.013955	0.0011529	0.0284207	0.00184606	0.00925315	0.00810388	0.0126168	0.000284219	0.00230884
189	0.0088342	0.0002884	0.144042	0.712048	0.000724822	0.03493	0.0036829	0.00468499	0.0195441	0.00299393	0.00217539	0.0104081	0.000568535	0.0347346	0.00376331	0.00449625	0.00404829	0.00653003	0.000137505	0.00136406
190	0.0508467	0.00786039	0.0282574	0.0173119	0.0119495	0.0139036	0.0847536	0.0578818	0.0757535	0.0298099	0.0158586	0.281378	0.00735007	0.0449779	0.0168474	0.0740091	0.0306982	0.0296664	0.00245578	0.11843
