252	20
1	0.0175958	0.00188421	0.0999519	0.0864969	0.00220093	0.269506	0.0200409	0.00246979	0.100563	0.00482101	0.0118411	0.229556	0.00311862	0.0925933	0.00281374	0.0450296	0.00352691	0.00309044	0.000873284	0.00202646
2	0.0277886	0.0128266	0.0431352	0.0210756	0.0320104	0.0327688	0.277324	0.013013	0.0242656	0.0210861	0.0319916	0.0954844	0.0111753	0.16281	0.0188177	0.0913925	0.0316525	0.0185934	0.00404958	0.0287387
3	0.0750136	0.00958144	0.112264	0.387047	0.0124386	0.0580402	0.0140267	0.0132513	0.0451731	0.0185908	0.00317115	0.0273848	0.00166021	0.0574237	0.0121222	0.125465	0.0143405	0.010627	0.000563445	0.00181494
4	0.0224754	0.00371195	0.0233401	0.0180299	0.00666375	0.0201295	0.572503	0.00441268	0.00543542	0.0206737	0.0193944	0.0258335	0.0162165	0.127464	0.00486302	0.0315834	0.0243679	0.0103596	0.00169532	0.0408474
5	0.0278658	0.00149072	0.00217976	0.00180187	0.00715507	0.00243006	0.00280095	0.1922	0.00760392	0.424641	0.0174194	0.00199734	0.00769129	0.00686371	0.00777816	0.00874158	0.0202706	0.25638	0.00088641	0.00180182
6	0.019911	0.00176861	0.00159845	0.00744214	0.141684	0.00136415	0.00801694	0.11971	0.00547936	0.459334	0.109042	0.00201513	0.00181611	0.00172997	0.00166556	0.00594119	0.0114947	0.0550526	0.0170777	0.0278571
7	0.347917	0.033709	0.010944	0.0169008	0.0114686	0.35144	0.00863979	0.00789331	0.0151513	0.0130957	0.00662801	0.0261111	0.0125588	0.0183045	0.00903683	0.0607745	0.0170927	0.0229603	0.00182561	0.00754768
8	0.0161	0.00196477	0.00272523	0.010326	0.13936	0.00213803	0.00601053	0.0677921	0.0060132	0.44901	0.191136	0.00404565	0.00157461	0.00303507	0.00181735	0.0106912	0.00966247	0.0308405	0.0159554	0.0298022
9	0.0400847	0.00271276	0.0684899	0.21542	0.00754103	0.0300594	0.0190016	0.00195863	0.188242	0.0302378	0.0089217	0.0500081	0.00624761	0.116211	0.106293	0.0597585	0.0382553	0.00713036	0.000602273	0.00282342
10	0.249665	0.0253707	0.00912291	0.197121	0.00622623	0.00774835	0.00792546	0.00791077	0.0340868	0.201437	0.00599244	0.00676855	0.0052628	0.0527918	0.00962585	0.0828239	0.0317041	0.0503407	0.00231127	0.00576426
11	0.0197823	0.00688483	0.00129817	0.000884556	0.013908	0.0104451	0.00169174	0.394418	0.00182447	0.0736089	0.0159007	0.000725154	0.00451287	0.00109439	0.00661115	0.010483	0.00466067	0.426308	0.000602014	0.00435589
12	0.269897	0.0215687	0.00654249	0.00529731	0.00412757	0.0969323	0.0365007	0.00425767	0.0506676	0.00840882	0.00396354	0.0487286	0.00318331	0.0224636	0.0572488	0.30609	0.0250944	0.00717452	0.00164025	0.0202134
13	0.0529411	0.00123272	0.130067	0.211453	0.00992875	0.0298571	0.0127187	0.00167985	0.130535	0.0282462	0.00513923	0.0607681	0.0104287	0.105205	0.0792291	0.0797513	0.0381935	0.00825552	0.000494547	0.00387556
14	0.0184448	0.00308672	0.0395311	0.0494686	0.00197922	0.552569	0.00994081	0.0020605	0.0470169	0.00749934	0.0101902	0.149869	0.00325194	0.0541	0.00262084	0.0403065	0.00294722	0.00268188	0.000699832	0.00173556
15	0.0188243	0.00823026	0.00603232	0.180363	0.00212682	0.00749172	0.0365373	0.00279725	0.37249	0.0216622	0.0231627	0.0205415	0.00163956	0.127157	0.123116	0.0213987	0.020671	0.00318462	0.000722297	0.00185032
16	0.0673458	0.0334992	0.00347171	0.00254478	0.0213505	0.0121985	0.00471569	0.195732	0.00567621	0.167327	0.0318207	0.00266368	0.00851426	0.00299622	0.0119478	0.0277392	0.0363904	0.352242	0.00289637	0.00892846
17	0.574799	0.0444114	0.00252446	0.00764492	0.0103503	0.257509	0.00201333	0.00207582	0.00293628	0.0050206	0.00141983	0.00189469	0.00332342	0.00411835	0.00203411	0.0492013	0.009977	0.0141588	0.000565654	0.00402122
18	0.105862	0.0762444	0.00102826	0.00166024	0.0284647	0.00697354	0.00328175	0.141582	0.00500684	0.12549	0.0156071	0.0032011	0.00206005	0.00147912	0.00856004	0.0538067	0.0600084	0.341904	0.00340728	0.0143719
19	0.0262315	0.00254061	0.00158746	0.00153546	0.00809208	0.00343912	0.00266282	0.227986	0.00646181	0.376863	0.015126	0.00167958	0.00606789	0.00564186	0.00695474	0.00900151	0.0173333	0.277864	0.000836495	0.00209482
20	0.0302245	0.00480158	0.00220787	0.00167896	0.00832788	0.00285588	0.0027976	0.198254	0.00703409	0.399242	0.0185614	0.00185729	0.00729165	0.00632857	0.00788972	0.0103285	0.0220097	0.264318	0.00111557	0.0028752
21	0.00670604	0.00446282	0.00271771	0.00333438	0.0256977	0.00202708	0.00229682	0.0688741	0.00306575	0.655327	0.152935	0.0125892	0.000958988	0.00236822	0.00509747	0.0098115	0.0123158	0.0115611	0.00732203	0.0105311
22	0.567533	0.0566203	0.00391724	0.00688211	0.0102878	0.157356	0.00184712	0.00327087	0.00261557	0.0118484	0.0014338	0.00199227	0.0027745	0.00381512	0.00203917	0.0982937	0.0195404	0.0371216	0.000468147	0.0103425
23	0.097898	0.0160803	0.0154052	0.0346992	0.00791593	0.522219	0.0195772	0.0104488	0.0395687	0.0163702	0.00843109	0.0616999	0.0125902	0.0303128	0.0179672	0.0525023	0.0132801	0.0146445	0.0016912	0.0066976
24	0.0867269	0.0142817	0.0195416	0.0322666	0.00760429	0.537567	0.0195881	0.00799425	0.0369414	0.0160515	0.00901258	0.0694457	0.0114521	0.0292221	0.015514	0.0489251	0.0124175	0.0163747	0.00187054	0.00720188
25	0.0656947	0.0196634	0.0617693	0.0811371	0.0178629	0.044801	0.0443923	0.0219513	0.0549182	0.0406066	0.0209528	0.0467283	0.0226287	0.193646	0.0410948	0.132745	0.0386	0.0277756	0.00524372	0.0177881
26	0.536869	0.0430491	0.00483254	0.00986845	0.010932	0.252344	0.00293368	0.00422159	0.00557032	0.00823962	0.0024678	0.00510599	0.00722811	0.00594971	0.00331374	0.0560517	0.0139422	0.020459	0.000769831	0.00585141
27	0.0486065	0.025956	0.0180919	0.0177743	0.0122391	0.0233031	0.0151673	0.0152943	0.0265187	0.0278513	0.00908555	0.0230758	0.00839492	0.0181104	0.027247	0.417669	0.226701	0.0279864	0.00234641	0.00858098
28	0.0557272	0.0198251	0.0241502	0.0464145	0.0135281	0.0244806	0.0244584	0.0167382	0.211076	0.0453929	0.0105317	0.0325273	0.0163209	0.0486705	0.260386	0.0606766	0.0334902	0.0288669	0.00639796	0.0203405
29	0.0280915	0.0086817	0.00985533	0.0138316	0.0574833	0.00771461	0.00985783	0.10503	0.0114203	0.464551	0.0813719	0.0121914	0.00647378	0.0120844	0.0135048	0.0266907	0.0205337	0.081785	0.00940822	0.0194392
30	0.0848183	0.015315	0.0199697	0.0317606	0.00910808	0.517784	0.017343	0.00674551	0.0361125	0.0159529	0.00871827	0.0699406	0.0157842	0.030965	0.0164607	0.0627771	0.0187435	0.0121782	0.00185714	0.00766521
31	0.0672436	0.0183184	0.00592604	0.00905059	0.270529	0.0109686	0.0163116	0.0481807	0.00972286	0.0453037	0.0918489	0.0074022	0.0300338	0.0124211	0.0099932	0.151193	0.0405266	0.0699674	0.00656787	0.0784901
32	0.0453962	0.00556994	0.0901944	0.105458	0.00520146	0.0781835	0.013151	0.0159241	0.064489	0.0517483	0.00711909	0.0243227	0.199264	0.122042	0.0420259	0.0505819	0.0205562	0.0529465	0.00158788	0.00423842
33	0.0407483	0.0108576	0.0344944	0.157322	0.0601465	0.0246503	0.0207461	0.114971	0.0408563	0.0328381	0.0133021	0.0682499	0.0113802	0.0781794	0.023151	0.178542	0.0348249	0.0347037	0.00404403	0.0159915
34	0.00476783	0.00189392	0.00915961	0.040814	0.00240812	0.457683	0.0802515	0.00233265	0.153288	0.00399719	0.00198167	0.0735597	0.0245095	0.0200268	0.0651358	0.03307	0.0190725	0.00313717	0.000825758	0.00208543
35	0.014671	0.00225155	0.0213126	0.0349055	0.0104767	0.0115502	0.0209607	0.0032583	0.444183	0.0391056	0.00154341	0.0583207	0.0087856	0.0469868	0.246792	0.0127894	0.0051741	0.00388789	0.000894951	0.01215
36	0.00647501	0.0111872	0.00769355	0.00286551	0.00238786	0.0131864	0.00347474	0.00271301	0.0126474	0.0136713	0.00216156	0.00328232	0.00172682	0.00359986	0.0203608	0.634195	0.248135	0.00747863	0.000816394	0.00194215
37	0.00892916	0.0063269	0.00251947	0.00341122	0.0128761	0.00243436	0.00350877	0.147779	0.00380449	0.615827	0.0751702	0.0166916	0.0019151	0.0036311	0.00759603	0.0114531	0.0144892	0.0456225	0.00694594	0.00906937
38	0.0137585	0.00693107	0.00210738	0.00299282	0.601693	0.00298792	0.00771622	0.0267402	0.00336124	0.0982086	0.0260509	0.00298121	0.00622771	0.00832045	0.00491025	0.0266177	0.0166842	0.0415041	0.02158	0.0786264
39	0.0872222	0.0126188	0.0163307	0.155025	0.00490048	0.033529	0.0336877	0.0174656	0.0586261	0.0298521	0.0253658	0.0183139	0.0046617	0.305945	0.106693	0.0542557	0.0213495	0.00877104	0.00126036	0.00412656
40	0.0130287	0.00101228	0.00520815	0.00231351	0.0381898	0.00142142	0.00512043	0.47987	0.00453845	0.232807	0.0429533	0.00189368	0.00337222	0.00160658	0.00151669	0.00354899	0.00914761	0.102302	0.00778701	0.0423618
41	0.0224066	0.00915258	0.0134289	0.0119663	0.11161	0.0130411	0.174606	0.0126469	0.0164474	0.024706	0.126371	0.106402	0.00645742	0.177813	0.0108029	0.0364667	0.0540311	0.015731	0.00417619	0.0517366
42	0.56825	0.0455806	0.00282408	0.00796366	0.0106229	0.257086	0.0020548	0.00221529	0.00307086	0.00518581	0.00150216	0.00225742	0.00359428	0.00418747	0.00206454	0.0521935	0.0100052	0.014531	0.000578356	0.00423162
43	0.0789731	0.00780319	0.0916436	0.303331	0.00853824	0.020263	0.0128545	0.0108725	0.0639907	0.087196	0.00961516	0.025935	0.00941723	0.114739	0.035113	0.059274	0.032077	0.0210909	0.00146396	0.00580891
44	0.0324554	0.0174578	0.00741066	0.0176311	0.00382773	0.00554664	0.01221	0.0026816	0.363385	0.0318146	0.00164823	0.0248411	0.00282379	0.0223208	0.378807	0.0379258	0.0148217	0.0129429	0.000542819	0.00890503
45	0.0135453	0.000998138	0.00496358	0.00184461	0.0304635	0.00161518	0.00415594	0.458389	0.00421098	0.248628	0.0397463	0.00179132	0.00413389	0.00213935	0.00232984	0.00391289	0.00999422	0.125363	0.00653817	0.0352364
46	0.086215	0.00340203	0.0198328	0.00506962	0.0203686	0.0362481	0.0205865	0.0375402	0.101807	0.243571	0.00391841	0.00459327	0.00290877	0.0228691	0.266246	0.0263587	0.0223509	0.0223894	0.0176436	0.0360803
47	0.0455663	0.0293268	0.00232718	0.00699391	0.00227742	0.00232394	0.0073202	0.00229982	0.31246	0.028502	0.00180682	0.00679161	0.00133468	0.0100622	0.437769	0.0534248	0.0212517	0.020646	0.000720958	0.00679467
48	0.0276952	0.00150093	0.00214966	0.00172376	0.00700494	0.00240983	0.00276182	0.191538	0.00762962	0.425563	0.0173893	0.00192215	0.00770998	0.00700381	0.00790896	0.00887103	0.019871	0.256881	0.00082291	0.00164345
49	0.0473873	0.0309084	0.00428376	0.170339	0.0038399	0.0501835	0.0118604	0.0428022	0.00937087	0.0219781	0.0373039	0.00406347	0.00245789	0.461781	0.0296251	0.0415096	0.0192984	0.00587738	0.00137847	0.0037512
50	0.0713479	0.0020235	0.0629611	0.209529	0.00789663	0.0234043	0.0203684	0.00551176	0.122261	0.036109	0.00890069	0.0537417	0.00940923	0.118591	0.12397	0.0683754	0.0428612	0.00896742	0.000722	0.00304855
51	0.00725184	0.00417457	0.00300565	0.00336354	0.0279263	0.00203854	0.0028552	0.0758449	0.0030184	0.644296	0.146387	0.0146614	0.00105308	0.00237165	0.00489982	0.0111396	0.0129493	0.0131993	0.00757751	0.011987
52	0.0143065	0.0278039	0.00723745	0.00784382	0.00591698	0.00808288	0.0861354	0.0072233	0.0108625	0.0118765	0.00672501	0.00662075	0.295776	0.146126	0.0767482	0.0639107	0.123659	0.0374635	0.0248643	0.0308179
53	0.0217707	0.00592323	0.0027618	0.00653245	0.272515	0.00362402	0.0103418	0.0811822	0.0063933	0.284495	0.0612074	0.00346425	0.00420397	0.00822094	0.00533498	0.01792	0.0240078	0.0664566	0.0727002	0.0409436
54	0.0341562	0.0305157	0.0019266	0.00455042	0.216102	0.009451	0.0278604	0.0256407	0.00658239	0.105446	0.0230936	0.00420037	0.00253156	0.0101377	0.00752633	0.0229742	0.0136985	0.0382305	0.0390717	0.376304
55	0.0172033	0.0064115	0.00125013	0.000988053	0.0152319	0.00987088	0.00163573	0.39293	0.00177037	0.0751012	0.0157156	0.000670967	0.00405633	0.00113264	0.00607526	0.0102304	0.00431887	0.430854	0.000660278	0.00389197
56	0.0516525	0.00919674	0.0324242	0.0171593	0.0312917	0.0166922	0.0584401	0.0214581	0.0230107	0.209779	0.202996	0.0217023	0.00609412	0.0259539	0.0140547	0.129621	0.0763123	0.0186952	0.00414739	0.0293183
57	0.0566706	0.0177825	0.024207	0.0309886	0.0226159	0.0230368	0.0933218	0.0382446	0.0309314	0.0374674	0.0179901	0.0203502	0.153115	0.0699326	0.0399602	0.0532752	0.134932	0.0977177	0.012386	0.0250741
58	0.151734	0.0256093	0.0394188	0.0216605	0.0102379	0.0976992	0.0250713	0.00966657	0.0461171	0.019996	0.00781817	0.0783872	0.0125231	0.0256913	0.0293129	0.256755	0.107724	0.0211653	0.00339856	0.010014
59	0.0465499	0.00491512	0.0989185	0.119139	0.00489039	0.0809396	0.0120667	0.0123391	0.0749962	0.0456043	0.00651072	0.027536	0.181908	0.113536	0.045946	0.0540666	0.0210796	0.0445724	0.00129414	0.00319259
60	0.169891	0.0320558	0.00617719	0.0264013	0.0935416	0.0397619	0.0752456	0.00954231	0.00952602	0.0815394	0.0685195	0.00592744	0.102446	0.0659384	0.0279341	0.046384	0.016664	0.0916313	0.0024896	0.0283836
61	0.0385021	0.0278674	0.0267329	0.022535	0.0186375	0.0241641	0.020303	0.0219279	0.0784719	0.082356	0.0172471	0.236511	0.01131	0.0279428	0.0238654	0.0600285	0.216238	0.0262095	0.00471752	0.0144325
62	0.0312671	0.00964096	0.142261	0.03163	0.0109713	0.00581457	0.245277	0.0330153	0.0891907	0.0371543	0.0277543	0.0335351	0.00394259	0.0599504	0.129226	0.0333419	0.0306135	0.0325384	0.00230795	0.0105676
63	0.277404	0.00364736	0.063808	0.109655	0.00513638	0.0208598	0.00574025	0.0368075	0.00725756	0.0395912	0.0192062	0.0058655	0.0990299	0.0498272	0.00576479	0.0846068	0.104393	0.0559236	0.00128045	0.00419532
64	0.0671332	0.0150786	0.0345291	0.123883	0.0210823	0.0230432	0.0324039	0.108947	0.0496301	0.059411	0.0198212	0.0280752	0.0206557	0.045831	0.0333702	0.067893	0.150304	0.0751968	0.00481485	0.0188968
65	0.0680939	0.00280659	0.00687787	0.15164	0.00713383	0.00696674	0.020036	0.0406256	0.0877661	0.0921889	0.00887152	0.0224594	0.00692296	0.105076	0.169982	0.0417202	0.0521416	0.0896673	0.00249587	0.016528
66	0.0659215	0.00121554	0.136655	0.19741	0.0100342	0.026942	0.0118775	0.00221227	0.127648	0.027246	0.00481864	0.0609451	0.011691	0.0940402	0.0734758	0.0908164	0.0441558	0.00862042	0.000549962	0.0037251
67	0.00693833	0.00865664	0.00182948	0.00430252	0.314704	0.0104252	0.0490632	0.00562219	0.00358744	0.0177448	0.00419654	0.0150984	0.00131914	0.00588625	0.00398492	0.0206315	0.00387864	0.0132645	0.0161833	0.492683
68	0.0164002	0.0063311	0.00231856	0.00404786	0.547803	0.00297374	0.00682946	0.0331785	0.00370512	0.137206	0.0352144	0.00270968	0.00589399	0.00919341	0.00433318	0.028668	0.0181386	0.0516619	0.0284518	0.0549418
69	0.00686051	0.00851457	0.00181967	0.00422431	0.312078	0.0101634	0.0489956	0.00557836	0.00358877	0.0184202	0.00407913	0.0152861	0.00132967	0.00591889	0.00383058	0.0204356	0.00346695	0.0133549	0.0167379	0.495317
70	0.0489616	0.0157432	0.00757835	0.00864632	0.356551	0.00996287	0.03911	0.039992	0.0102765	0.139843	0.0342611	0.00756357	0.00853569	0.0153431	0.0107768	0.0277654	0.0214577	0.0437826	0.0600674	0.0937814
71	0.0235458	0.00879225	0.0168139	0.0256427	0.00752588	0.570228	0.0146324	0.00476226	0.0270012	0.0234643	0.00976584	0.135998	0.00795805	0.0298698	0.0105397	0.0641446	0.00730605	0.00564372	0.00143641	0.00492858
72	0.0209983	0.0023885	0.00411208	0.00613852	0.0674463	0.00189018	0.0134584	0.311753	0.0108717	0.323687	0.0429863	0.00246597	0.00356513	0.00351638	0.00308728	0.00604818	0.0137574	0.124438	0.0112393	0.026153
73	0.0619368	0.00114053	0.295762	0.176665	0.0043606	0.0213481	0.0124105	0.00142958	0.0828251	0.0144212	0.00205675	0.0739834	0.0207383	0.0666696	0.0304106	0.0989467	0.0220158	0.0063603	0.000355627	0.00616413
74	0.0140309	0.00554518	0.299079	0.0355938	0.00663588	0.0119915	0.0342112	0.00746004	0.0358242	0.013897	0.0300522	0.0977629	0.00466614	0.30366	0.00799476	0.0633446	0.00994482	0.00911306	0.00282625	0.00636582
75	0.01714	0.00644751	0.00122951	0.00103734	0.0153264	0.00986651	0.00162666	0.392371	0.00174657	0.0750023	0.0156723	0.000672421	0.00400143	0.00114464	0.00605385	0.010296	0.00426993	0.431612	0.00066457	0.00381835
76	0.0284002	0.00471154	0.0208266	0.0069013	0.0873342	0.0205475	0.0865921	0.183569	0.0227836	0.029061	0.0524049	0.00523104	0.00340251	0.0225705	0.0530913	0.027252	0.161043	0.160828	0.0185942	0.00485535
77	0.0240957	0.011956	0.00222308	0.00484089	0.445113	0.00366724	0.00600221	0.0771756	0.00422378	0.159815	0.0575133	0.00263637	0.0127707	0.00709478	0.00496026	0.0280969	0.0155821	0.0569572	0.0152471	0.060029
78	0.0173545	0.00835667	0.00363332	0.00609995	0.529579	0.00483705	0.00904261	0.0295018	0.00557905	0.132409	0.0353391	0.00378415	0.00652124	0.00905548	0.00585657	0.0340475	0.0183038	0.0432458	0.0196543	0.0777989
79	0.0539172	0.0151508	0.044027	0.11323	0.00574467	0.025454	0.00980183	0.00831712	0.137928	0.0298343	0.0052159	0.0343905	0.122575	0.132579	0.0879318	0.0901643	0.0322714	0.0405133	0.00688369	0.00407083
80	0.0512143	0.0147973	0.0500452	0.0962613	0.0210509	0.0484871	0.0506294	0.024608	0.0730811	0.0412148	0.0225688	0.0416087	0.018109	0.236928	0.0518699	0.0626775	0.0329212	0.0310611	0.00531393	0.0255527
81	0.0520683	0.0344249	0.14363	0.0489625	0.0137939	0.147969	0.0251009	0.0144734	0.0385191	0.0107977	0.00397889	0.139614	0.00612346	0.0191649	0.0883264	0.130197	0.00792623	0.00879065	0.00386494	0.0622736
82	0.015589	0.00150734	0.0181912	0.0399315	0.0064939	0.0124881	0.0227063	0.00214206	0.43864	0.0437808	0.00130002	0.0624372	0.00537814	0.0475786	0.250153	0.0124755	0.00337237	0.00234013	0.000531685	0.012963
83	0.0148678	0.00110065	0.00481197	0.00252924	0.0525472	0.0012453	0.00585828	0.465062	0.00481588	0.226145	0.0457267	0.00160749	0.00412674	0.0014715	0.00143662	0.00327514	0.00938044	0.104191	0.00925344	0.040548
84	0.0199186	0.00180118	0.00163341	0.00743508	0.142259	0.00134485	0.00797841	0.117808	0.00543291	0.460455	0.110168	0.00206997	0.00179755	0.00172715	0.0016913	0.00599881	0.0114945	0.054031	0.0171056	0.0278496
85	0.0154242	0.00186313	0.00296949	0.00885899	0.126699	0.00225741	0.00592664	0.0626167	0.00585816	0.453239	0.209813	0.00463305	0.00135955	0.00280776	0.00213537	0.0120997	0.00993087	0.0268596	0.0153519	0.029296
86	0.074467	0.0100008	0.110733	0.393008	0.0126359	0.0548297	0.0144655	0.0136718	0.0443522	0.0179132	0.0032527	0.0263294	0.00118533	0.0586611	0.0124583	0.124171	0.0148748	0.0107194	0.000489054	0.00178069
87	0.158725	0.00552186	0.100516	0.0432487	0.00546892	0.0414979	0.00746314	0.00489758	0.0922603	0.0116181	0.00376766	0.067898	0.00385939	0.0276256	0.0273045	0.194982	0.174058	0.0229435	0.00237545	0.00396898
88	0.437151	0.0772337	0.00674273	0.0112692	0.0172376	0.0515775	0.00360407	0.00809354	0.00406827	0.0333047	0.00205261	0.00283349	0.00183512	0.0064417	0.00510365	0.182449	0.0496013	0.0744113	0.000872829	0.0241167
89	0.0663763	0.00312629	0.00431958	0.0942201	0.0259019	0.00468475	0.00567624	0.0129282	0.126709	0.0955918	0.121914	0.0212899	0.00290478	0.028094	0.168031	0.052199	0.077257	0.0675474	0.0157833	0.00544617
90	0.436674	0.0550872	0.0079799	0.00756047	0.0122803	0.0533053	0.00438941	0.00642726	0.00951316	0.0239126	0.00308783	0.00718552	0.00490455	0.00688394	0.00721672	0.218451	0.0551477	0.0605091	0.000726575	0.0187579
91	0.145396	0.0114811	0.0213685	0.0137215	0.0250696	0.030188	0.0144047	0.0132962	0.0335546	0.02185	0.0158462	0.0131012	0.387408	0.0222386	0.0179478	0.106826	0.0338364	0.0248357	0.0036815	0.0439479
92	0.0890684	0.0165743	0.12423	0.0344379	0.00777017	0.159947	0.0171538	0.00904274	0.0490578	0.0176819	0.00921731	0.261873	0.0388207	0.0352391	0.031361	0.0555683	0.0137653	0.0130478	0.00407552	0.0120683
93	0.0807178	0.0127843	0.0213933	0.0334961	0.00706256	0.530364	0.0180974	0.00907761	0.0407171	0.0175471	0.0102589	0.0741396	0.0135689	0.0338646	0.0176827	0.0452277	0.0123776	0.0126835	0.00210805	0.00683127
94	0.0295218	0.0108573	0.0482431	0.0448841	0.0152224	0.252275	0.0856523	0.00929112	0.074563	0.0173489	0.0121653	0.188684	0.0141934	0.0502481	0.0276058	0.0791839	0.0187897	0.010815	0.00259715	0.00785843
95	0.361115	0.0346522	0.00808394	0.015336	0.0108528	0.369972	0.0055686	0.00539679	0.0115603	0.0139925	0.00504055	0.026016	0.00967262	0.0132813	0.00700864	0.05868	0.014962	0.0208375	0.00140261	0.00656899
96	0.146582	0.0607798	0.0590949	0.0220739	0.0117887	0.270739	0.0152495	0.0104244	0.0544073	0.0213622	0.00814188	0.0527183	0.0804098	0.0256839	0.0208929	0.0790176	0.0197447	0.0279227	0.00394075	0.00902606
97	0.0253023	0.00160724	0.00239191	0.00177419	0.0145314	0.00238694	0.00360014	0.252518	0.00682513	0.379752	0.0199687	0.00184119	0.00611996	0.00537504	0.00588466	0.0074217	0.0181394	0.233787	0.00252213	0.00825126
98	0.0183518	0.0258068	0.00148961	0.00329453	0.279719	0.00901539	0.0331897	0.0141993	0.00522493	0.0606718	0.0155077	0.00616443	0.00164872	0.00908874	0.00601371	0.0219781	0.0101875	0.026455	0.030518	0.421476
99	0.133568	0.00479648	0.0306804	0.114178	0.0146714	0.019925	0.0134575	0.0192571	0.108553	0.0514558	0.00592774	0.0316552	0.0186035	0.0716821	0.152943	0.118294	0.0540278	0.0296053	0.00188291	0.00483606
100	0.484191	0.0689788	0.00879515	0.00722252	0.0137347	0.0734243	0.00319596	0.00614968	0.00443125	0.025359	0.00187833	0.00363943	0.00311134	0.00584203	0.0032225	0.159072	0.0366534	0.0680814	0.000705427	0.0223119
101	0.00560213	0.00587773	0.00221829	0.00217148	0.012499	0.00179104	0.00213355	0.0904802	0.00240357	0.690584	0.104201	0.0143465	0.00111326	0.00239489	0.00651421	0.0100289	0.0144626	0.0165597	0.00723584	0.00738281
102	0.00493329	0.00196676	0.00946405	0.0397567	0.00240723	0.4617	0.0772543	0.00233658	0.153123	0.00404896	0.00206254	0.0738671	0.0242546	0.0201287	0.0643095	0.0333231	0.0190595	0.00311019	0.000796502	0.00209681
103	0.0675818	0.0410715	0.00182933	0.00110027	0.0202671	0.011274	0.00430223	0.248355	0.00523364	0.100612	0.0197616	0.00180597	0.00560568	0.00127512	0.0121243	0.0296358	0.0291327	0.386944	0.00211452	0.00997325
104	0.00562385	0.00645692	0.001913	0.00204496	0.0100198	0.00188057	0.00219826	0.100039	0.00245866	0.692644	0.0894864	0.0147976	0.00133633	0.00254244	0.00704495	0.00909371	0.0143672	0.0219312	0.0072244	0.00689717
105	0.0643918	0.00110941	0.298936	0.177819	0.00410853	0.0208334	0.0127431	0.00140556	0.0834465	0.0143851	0.00194708	0.0705517	0.0203015	0.065391	0.0306083	0.0969224	0.0227387	0.00644735	0.000345236	0.0055687
106	0.0537309	0.00147178	0.145795	0.203947	0.0112685	0.0280831	0.0158832	0.00282673	0.118075	0.0302102	0.00702405	0.0578549	0.0104332	0.0953168	0.073879	0.0909519	0.0388363	0.0076855	0.000444401	0.00628357
107	0.0160744	0.00171823	0.00303412	0.00777562	0.122945	0.00200596	0.00596074	0.0722162	0.00576693	0.453863	0.203211	0.00486101	0.00125679	0.00232849	0.00194801	0.0122061	0.0102779	0.0289835	0.0176992	0.0258676
108	0.014521	0.00159114	0.0178844	0.0407673	0.00633327	0.0126244	0.0226869	0.00223718	0.439379	0.0443151	0.00154442	0.0612739	0.00527882	0.0485237	0.248755	0.0123359	0.00430798	0.0023648	0.000554375	0.012721
109	0.0166402	0.00269549	0.0399056	0.047564	0.00184695	0.53773	0.0155192	0.00191909	0.0609414	0.00657684	0.00899941	0.146785	0.0045465	0.0555757	0.00755891	0.0364297	0.00392548	0.00247644	0.000660159	0.00170373
110	0.0186406	0.00607315	0.00130326	0.000886851	0.0137198	0.0122804	0.00171474	0.403984	0.00182792	0.0688342	0.015021	0.000858256	0.00391586	0.00114157	0.00625029	0.00989031	0.00419425	0.424372	0.000647579	0.00444375
111	0.0192225	0.00813934	0.00651377	0.180748	0.00216712	0.00757959	0.0364155	0.00277564	0.370537	0.0218393	0.0230063	0.0208771	0.00162315	0.126876	0.123479	0.0217469	0.0207136	0.00316527	0.000710649	0.00186409
112	0.0242634	0.0675218	0.00572786	0.00785664	0.120062	0.0122097	0.153812	0.0120605	0.010155	0.031954	0.0130217	0.00893266	0.0037989	0.0148014	0.0117384	0.0634765	0.0202977	0.0217769	0.0336479	0.362886
113	0.0170275	0.00649078	0.00120611	0.00114904	0.015599	0.00977296	0.00164871	0.392184	0.00175949	0.0761121	0.0155446	0.000685459	0.0040234	0.00119987	0.00589795	0.0104519	0.00440042	0.43037	0.000704579	0.00377256
114	0.0221928	0.0076577	0.0489931	0.0154244	0.0128211	0.0139319	0.296953	0.00861096	0.011724	0.0198308	0.0184548	0.0228403	0.015331	0.239137	0.0125351	0.0582619	0.0505974	0.0416131	0.00344182	0.0796477
115	0.13245	0.0820877	0.00141873	0.00185532	0.0252867	0.00715225	0.00307284	0.138454	0.0052085	0.110222	0.0203335	0.00354011	0.00190504	0.00212692	0.00819547	0.0534131	0.0643542	0.322688	0.00324399	0.0129911
116	0.0481367	0.052698	0.00436028	0.0079246	0.178669	0.0473238	0.052086	0.0175207	0.0103216	0.0375232	0.0438484	0.00568963	0.012868	0.0167412	0.0131682	0.0522962	0.0249902	0.0756846	0.0129815	0.285168
117	0.0593246	0.0796492	0.0186187	0.0109123	0.0083187	0.385382	0.0161157	0.00689529	0.017452	0.0153547	0.00690208	0.0821635	0.0516405	0.0153541	0.0106248	0.181011	0.0130704	0.0102022	0.00277798	0.00823049
118	0.0310453	0.00941226	0.00372399	0.0027727	0.0154931	0.0134161	0.00439888	0.31748	0.00400247	0.0891288	0.0226172	0.00156381	0.00941921	0.00291282	0.0179333	0.0122515	0.0109248	0.424568	0.00153574	0.00539998
119	0.0622261	0.0153009	0.181257	0.0855674	0.0196389	0.0304763	0.0280652	0.0319217	0.0463664	0.13708	0.0344924	0.0402053	0.0222057	0.0539587	0.0336356	0.0801114	0.0335396	0.0383409	0.00680335	0.0188073
120	0.0481124	0.0147199	0.162624	0.0851188	0.0110836	0.0922647	0.0319091	0.0111172	0.0739035	0.0215362	0.0118222	0.176633	0.0134921	0.0692901	0.041722	0.0791588	0.0229518	0.0132548	0.00372336	0.0155619
121	0.0601369	0.041685	0.00134937	0.00102098	0.0187644	0.00883611	0.0024424	0.265785	0.00365687	0.100488	0.0172317	0.00170142	0.00593052	0.00120253	0.00919308	0.0317476	0.027722	0.391121	0.00186634	0.00811833
122	0.0139899	0.00388098	0.00527837	0.00590327	0.0554389	0.00317605	0.0055662	0.0689045	0.00571809	0.565981	0.166153	0.0119372	0.00153559	0.00380136	0.00442435	0.016616	0.0153143	0.0191238	0.00929794	0.0179595
123	0.108022	0.0857793	0.00101663	0.00159004	0.0266994	0.00836944	0.00261483	0.144227	0.00508291	0.118336	0.0144323	0.00318007	0.00174429	0.00151271	0.00827004	0.0582166	0.0613683	0.332502	0.00357775	0.013459
124	0.0142466	0.00157079	0.0179941	0.0383469	0.00647982	0.0122156	0.0221059	0.00207116	0.442459	0.0441096	0.00120909	0.0626069	0.00537697	0.0466443	0.250991	0.0122397	0.00353861	0.00240462	0.000523152	0.0128664
125	0.0319036	0.0050902	0.0124564	0.00334407	0.01703	0.00826481	0.00408336	0.205837	0.00535207	0.150544	0.0363804	0.00256469	0.03764	0.0044563	0.019113	0.0100735	0.00941955	0.430734	0.00124398	0.00446884
126	0.306187	0.0503632	0.0095766	0.0110973	0.044834	0.192072	0.016226	0.0152007	0.0128172	0.0236116	0.0150503	0.00853957	0.0671213	0.0181818	0.00976934	0.0400749	0.0183707	0.126831	0.00212949	0.0119462
127	0.0562291	0.0143998	0.224471	0.112212	0.0161073	0.0386251	0.0348245	0.0253919	0.0597426	0.0381764	0.0180412	0.0684882	0.0181908	0.068498	0.0378923	0.0858411	0.0343152	0.0287938	0.00403194	0.015728
128	0.0742764	0.013631	0.0439177	0.0528285	0.0191969	0.102875	0.0218996	0.0234597	0.0465418	0.0775505	0.0176572	0.0250521	0.234788	0.0576672	0.0311191	0.058855	0.0313221	0.0494756	0.00307676	0.0148098
129	0.083284	0.00555477	0.00658302	0.0499194	0.00794002	0.00711611	0.0917358	0.146154	0.0120496	0.0786063	0.00795589	0.0261681	0.00565679	0.00878259	0.00763142	0.0164746	0.182927	0.225342	0.00478883	0.0253305
130	0.0213794	0.00989381	0.00323382	0.00511382	0.4785	0.00456494	0.011092	0.0290299	0.00576727	0.118151	0.0462134	0.0048616	0.00724406	0.0195609	0.0066306	0.0396716	0.0189848	0.043179	0.0320451	0.0948827
131	0.0127483	0.000868719	0.0056305	0.0020464	0.0366712	0.00143854	0.0049346	0.511138	0.00448233	0.200089	0.0420463	0.00151692	0.00361798	0.00153243	0.00133044	0.0032826	0.00863012	0.107479	0.00779599	0.0427208
132	0.351584	0.0334339	0.00996334	0.0185961	0.0102072	0.358773	0.00889844	0.00487216	0.0161819	0.0113405	0.00536244	0.0283213	0.011524	0.0196742	0.00755584	0.0615286	0.0142921	0.0197577	0.00120173	0.00693185
133	0.0241954	0.0505516	0.00146145	0.00334452	0.185011	0.0122694	0.0350709	0.0134094	0.00726276	0.0473768	0.0191591	0.00360744	0.000940024	0.00929576	0.0090497	0.0249243	0.0179942	0.0296073	0.0239259	0.481543
134	0.171295	0.0869152	0.00746512	0.0120959	0.135983	0.0208999	0.0438156	0.0480238	0.0142819	0.0311384	0.0830828	0.0087983	0.0204717	0.0194139	0.0157254	0.113548	0.0530687	0.0796901	0.00382303	0.0304639
135	0.0700962	0.00516948	0.017915	0.0199535	0.0192469	0.00603737	0.028885	0.381108	0.032704	0.12628	0.0294433	0.00595161	0.00312271	0.00605633	0.00703118	0.0102031	0.0526211	0.144484	0.0180766	0.0156143
136	0.0434986	0.00291984	0.114825	0.221274	0.0152612	0.0493958	0.0159524	0.00400458	0.0916687	0.0492757	0.0047978	0.0282339	0.00528543	0.0668565	0.0570925	0.167768	0.0489833	0.00842926	0.000893141	0.00358434
137	0.0141284	0.00147307	0.0181477	0.0385171	0.00653757	0.01225	0.0222409	0.00212451	0.442924	0.0440828	0.00121956	0.0631031	0.00542041	0.0470092	0.249638	0.0119841	0.00339701	0.00235424	0.000533071	0.0129152
138	0.0178182	0.00189617	0.100596	0.0875279	0.00220758	0.265895	0.0197778	0.00248164	0.100302	0.00490776	0.0117792	0.231531	0.00298755	0.0933163	0.00243939	0.0451141	0.00337421	0.00312503	0.000898957	0.00202514
139	0.407955	0.0702417	0.00519345	0.00623428	0.019705	0.048886	0.00215076	0.0305229	0.00292795	0.0505747	0.00430467	0.00232235	0.0017353	0.00489382	0.00342147	0.138815	0.0488868	0.124369	0.00108191	0.0257781
140	0.0647326	0.0018805	0.283065	0.197207	0.00450844	0.0225143	0.0134597	0.00236476	0.0771534	0.0145705	0.00214933	0.0661759	0.0189887	0.0655335	0.0302188	0.098253	0.0248959	0.00704883	0.000324455	0.00495649
141	0.106726	0.0831299	0.000793784	0.00109073	0.0273743	0.00650334	0.00228132	0.142183	0.00493817	0.121612	0.0146818	0.0029387	0.00163725	0.00126683	0.00807403	0.0578552	0.0618804	0.33793	0.00336448	0.0137378
142	0.529428	0.0625707	0.0045248	0.00601819	0.0135432	0.146346	0.00197059	0.00405715	0.00292335	0.0161592	0.00142645	0.00177551	0.00479122	0.00588185	0.00213716	0.0938501	0.0307822	0.0572641	0.000523181	0.0140269
143	0.103895	0.0683135	0.00174966	0.0049904	0.0236175	0.00718435	0.00863654	0.13456	0.00584321	0.127258	0.0131291	0.00904908	0.00283637	0.00263081	0.00797488	0.0556271	0.0713184	0.334372	0.0030938	0.0139202
144	0.0439767	0.00646581	0.0648384	0.228787	0.00919264	0.0259204	0.0224644	0.00976483	0.209233	0.0290325	0.013222	0.0374109	0.0114978	0.0904964	0.0849291	0.0615646	0.0289278	0.0145025	0.00192996	0.00584296
145	0.109862	0.0832104	0.000948636	0.00146014	0.0286266	0.00755415	0.00258042	0.13903	0.00510635	0.118696	0.0147994	0.00296019	0.00181603	0.00156153	0.0081702	0.0597374	0.0619744	0.332964	0.00333812	0.0156043
146	0.0419164	0.025301	0.00132209	0.00131521	0.018111	0.00949337	0.00221368	0.320532	0.00295495	0.0886184	0.0167266	0.00119069	0.00475636	0.00131213	0.00797004	0.0212107	0.016573	0.41094	0.00128625	0.00625592
147	0.0581117	0.0102865	0.0193528	0.130568	0.00572373	0.0143674	0.00817133	0.00832375	0.162824	0.0353037	0.00455184	0.0203963	0.0939214	0.119103	0.127377	0.0917562	0.022885	0.0464071	0.0152339	0.00533445
148	0.0315435	0.00990647	0.0184678	0.0504381	0.00669535	0.0140525	0.0220183	0.00612777	0.361555	0.0404777	0.00671739	0.0406445	0.00960706	0.0525175	0.256048	0.0323395	0.017614	0.0104556	0.00171097	0.0110628
149	0.180386	0.0373285	0.00455312	0.038139	0.0211277	0.0330942	0.0158273	0.0377341	0.0167971	0.0409437	0.00396019	0.0185987	0.00408246	0.0294708	0.0834062	0.143497	0.176636	0.106789	0.00126909	0.00636001
150	0.0274271	0.0231875	0.226243	0.0280342	0.0429702	0.0654116	0.0683734	0.0513771	0.0229718	0.00857237	0.00373415	0.0920015	0.0026663	0.0380204	0.0332801	0.139909	0.0071003	0.00607719	0.00131751	0.111326
151	0.0649039	0.0262825	0.00945479	0.0207728	0.00564342	0.00896571	0.00658891	0.00607935	0.185088	0.0329362	0.00491422	0.0502895	0.222551	0.0501379	0.0797217	0.170066	0.0322297	0.0132703	0.00397413	0.0061299
152	0.0292651	0.00430287	0.00248627	0.00194035	0.00980456	0.00298525	0.00268556	0.187948	0.00696963	0.39701	0.0202997	0.00204022	0.00855579	0.00635118	0.00873244	0.0102748	0.0195913	0.275118	0.0010377	0.00260126
153	0.094419	0.015208	0.0178769	0.0284558	0.00979522	0.514511	0.0194643	0.00970081	0.0429116	0.0174167	0.00862406	0.0667614	0.0188265	0.0307315	0.0187594	0.0481344	0.0144659	0.0123647	0.00175872	0.00981438
154	0.0178835	0.00634928	0.00138818	0.000912274	0.014386	0.0104017	0.00162836	0.388386	0.00179122	0.0746527	0.0163361	0.000677423	0.0044996	0.00109752	0.00640356	0.0103645	0.00425546	0.434143	0.000603383	0.00383949
155	0.0206201	0.00422868	0.00373804	0.00824835	0.0870146	0.00207489	0.0135206	0.31452	0.00684191	0.286947	0.0436141	0.00223343	0.00317208	0.00380417	0.00232939	0.00670668	0.012073	0.135463	0.0146393	0.0282098
156	0.119391	0.0653856	0.0296278	0.0368339	0.00580285	0.0653674	0.0510401	0.0109217	0.148787	0.0360957	0.0203965	0.0185512	0.00408119	0.0804773	0.119414	0.121394	0.0468721	0.00776623	0.00398714	0.00780748
157	0.0186313	0.00602555	0.00155909	0.000985025	0.0148597	0.00993485	0.00178657	0.388184	0.00208301	0.0805352	0.0184396	0.000772127	0.00507815	0.00113337	0.00713579	0.00979963	0.00446612	0.422442	0.000793656	0.00535517
158	0.0389669	0.00828005	0.00492506	0.0014177	0.0123252	0.00950442	0.00284046	0.250785	0.00386161	0.139346	0.0320343	0.00153187	0.0154897	0.00253684	0.0202371	0.0102443	0.00984891	0.430835	0.000794951	0.00419444
159	0.0560251	0.0140144	0.0644016	0.243271	0.0255417	0.0284064	0.0261905	0.0301442	0.0613443	0.0675525	0.0698519	0.0289574	0.0135329	0.0798971	0.0384952	0.0616536	0.0371648	0.0326866	0.00494919	0.0159199
160	0.0443183	0.0323535	0.022585	0.0244671	0.095076	0.0221811	0.0372248	0.021945	0.0635082	0.0478502	0.0178174	0.0239251	0.0120325	0.0333288	0.105902	0.0486576	0.0399461	0.0316994	0.0162764	0.258906
161	0.00966625	0.0125036	0.00877889	0.00527673	0.0032309	0.0141101	0.0043024	0.00319566	0.0138806	0.0141947	0.00347767	0.00581861	0.00405166	0.00483899	0.0202373	0.61198	0.247576	0.00922218	0.00120663	0.00245096
162	0.0518852	0.00522828	0.23546	0.277488	0.00582714	0.0206889	0.0145957	0.00803372	0.0578391	0.0201789	0.00816634	0.0530165	0.0116486	0.0876976	0.0221003	0.076819	0.0268407	0.0111906	0.000708431	0.00458609
163	0.0563861	0.0298445	0.101949	0.0250877	0.00551702	0.0686801	0.0155372	0.00499526	0.0885594	0.0133851	0.00435988	0.285578	0.00540659	0.0161619	0.132455	0.0925976	0.00808092	0.0116445	0.00592543	0.0278483
164	0.14219	0.170009	0.0189603	0.0150051	0.0128947	0.0298412	0.0617895	0.0106207	0.0694344	0.056494	0.0119708	0.016811	0.00735819	0.0612642	0.02276	0.204279	0.0237827	0.0160199	0.0375594	0.0109558
165	0.57338	0.0442154	0.00255061	0.00765792	0.0102863	0.255598	0.00201046	0.00212213	0.00309346	0.00521992	0.00155726	0.00204115	0.0033437	0.00417842	0.00205005	0.0515781	0.010109	0.0142294	0.0005736	0.00420559
166	0.0383257	0.0217235	0.023189	0.0140158	0.0473938	0.129127	0.104018	0.0139498	0.0206023	0.0234077	0.0110912	0.195432	0.0101815	0.0284385	0.0149378	0.250161	0.0225276	0.0140866	0.00363661	0.0137551
167	0.0179272	0.00612398	0.00247711	0.00149882	0.0204371	0.00757153	0.00234722	0.444556	0.00246494	0.102749	0.0218251	0.00134723	0.003849	0.00152362	0.00504896	0.0112999	0.00629504	0.32334	0.00247189	0.014846
168	0.519975	0.0740772	0.00545817	0.00647854	0.0128313	0.0854431	0.00210711	0.00518345	0.002648	0.0212599	0.00166085	0.002009	0.00292357	0.005081	0.00215675	0.130882	0.0322614	0.0692159	0.000560112	0.0177875
169	0.0312271	0.0103922	0.013067	0.0197956	0.0207459	0.0166229	0.0187119	0.109486	0.0168548	0.159943	0.0657636	0.140143	0.00899686	0.0672313	0.0157205	0.133011	0.0217055	0.06874	0.00486241	0.0569802
170	0.0217143	0.00897353	0.0184644	0.0149243	0.1078	0.0179526	0.219982	0.0132307	0.0151622	0.0233477	0.0986268	0.149276	0.00654119	0.138036	0.0129134	0.0433581	0.0366776	0.0155209	0.00407082	0.0334262
171	0.0267396	0.0492245	0.00175337	0.00341982	0.198193	0.0141177	0.0330416	0.0181153	0.00685474	0.0505245	0.0240804	0.00346894	0.00198949	0.00899838	0.00949012	0.0281792	0.0192689	0.0308154	0.0219307	0.449794
172	0.0272878	0.0631159	0.00230937	0.00429147	0.242527	0.00901385	0.0383881	0.0149274	0.00580109	0.0334984	0.0175114	0.0035811	0.00183838	0.0111099	0.0174522	0.0282366	0.0421516	0.0249894	0.0149989	0.39697
173	0.00647501	0.0111872	0.00769355	0.00286551	0.00238786	0.0131864	0.00347474	0.00271301	0.0126474	0.0136713	0.00216156	0.00328232	0.00172682	0.00359986	0.0203608	0.634195	0.248135	0.00747863	0.000816394	0.00194215
174	0.102858	0.0791662	0.00109031	0.00115171	0.0287442	0.00650707	0.0031017	0.142891	0.00510712	0.123699	0.0161479	0.0029051	0.00179806	0.00147171	0.00924303	0.0558419	0.0638681	0.337254	0.0034392	0.0137145
175	0.0665182	0.00136649	0.324638	0.172315	0.00326962	0.0184469	0.01511	0.00158947	0.0766721	0.0125949	0.00185378	0.0657679	0.0201435	0.0583956	0.0289248	0.0983025	0.0201718	0.00808349	0.000446287	0.00539009
176	0.0155107	0.00919148	0.00203451	0.00330147	0.587758	0.00339316	0.00681253	0.0293049	0.00374519	0.0989971	0.0272361	0.00248801	0.00635129	0.00797661	0.00561342	0.0266843	0.0197544	0.0441187	0.0211775	0.0785507
177	0.0199452	0.00174328	0.00176274	0.00669702	0.13088	0.0013368	0.00770887	0.137495	0.0052524	0.452847	0.103192	0.00218257	0.00196212	0.00182417	0.00175821	0.00590419	0.012571	0.0605741	0.0162868	0.0280762
178	0.0496715	0.00375497	0.0238056	0.00618634	0.0456714	0.0089541	0.0156089	0.0415814	0.0123545	0.397412	0.191862	0.0325622	0.00300006	0.00896598	0.0063238	0.0516984	0.0652536	0.00988785	0.00476983	0.020676
179	0.0819893	0.00270809	0.0762283	0.084532	0.0108991	0.0258613	0.020199	0.0588541	0.0644886	0.0578543	0.024006	0.0432303	0.179003	0.0609981	0.0393438	0.0329549	0.0394893	0.0928902	0.000655801	0.00381483
180	0.0192719	0.0338476	0.00142517	0.00351126	0.192774	0.010461	0.0434265	0.0129408	0.00579122	0.0498074	0.0131346	0.00569434	0.000975781	0.0104798	0.00737562	0.0226193	0.00976573	0.0235016	0.0279848	0.505211
181	0.0428855	0.0185299	0.037153	0.0278154	0.0343294	0.0327316	0.322312	0.0222456	0.0397171	0.0384374	0.0275929	0.0418432	0.018599	0.0848405	0.0302002	0.0573055	0.0365836	0.0300526	0.0074702	0.0493552
182	0.0349108	0.00564293	0.00507053	0.00138439	0.012158	0.0103553	0.00283129	0.270464	0.00328029	0.111029	0.0322885	0.00142462	0.0173952	0.00209216	0.0210408	0.00856849	0.00617319	0.449333	0.00061902	0.00393832
183	0.452379	0.044034	0.0127952	0.0212494	0.0163648	0.117483	0.0115243	0.0179633	0.0175336	0.0300761	0.00978815	0.0139188	0.0159251	0.0169538	0.0124019	0.0948749	0.0273401	0.0496491	0.0031542	0.0145911
184	0.017118	0.0217956	0.0519279	0.0360235	0.0236247	0.00708827	0.171057	0.0369191	0.171352	0.0358901	0.0105194	0.0326263	0.00393121	0.12459	0.169032	0.0171536	0.0142679	0.0295354	0.0019587	0.0235901
185	0.0365392	0.00992133	0.0275971	0.0617552	0.0129388	0.0337235	0.0250489	0.0112513	0.334295	0.0408891	0.0119445	0.0466112	0.0146271	0.0584687	0.174518	0.041816	0.0241044	0.0174872	0.00219644	0.0142666
186	0.0477975	0.00751324	0.00716475	0.0170768	0.00603075	0.0247402	0.0223624	0.0382269	0.31332	0.0338413	0.0147658	0.00822155	0.00331284	0.084373	0.180012	0.0465843	0.100505	0.0108029	0.00160203	0.0317467
187	0.0230665	0.00730794	0.0016003	0.00121293	0.0135392	0.0177765	0.00205888	0.390426	0.00234527	0.0681025	0.0152954	0.00125018	0.00420611	0.00155305	0.00700203	0.0108957	0.00562253	0.418661	0.000838469	0.00723936
188	0.121659	0.00438073	0.0303047	0.0049493	0.0145922	0.0324124	0.00426803	0.00415178	0.0371562	0.00860929	0.00298825	0.00625711	0.556128	0.00665446	0.00643033	0.0973431	0.0459994	0.00575493	0.00119997	0.00876163
189	0.0372962	0.075276	0.00268839	0.00408345	0.177129	0.00902437	0.0544693	0.0172497	0.00580647	0.0223384	0.0199277	0.00301385	0.00198149	0.0142702	0.0257806	0.036776	0.0630174	0.0251999	0.0109168	0.393754
190	0.0128582	0.000900789	0.00565847	0.00205515	0.0365825	0.00148382	0.00494801	0.511182	0.00448222	0.198676	0.0419175	0.00151501	0.00364739	0.0015287	0.00137618	0.00331708	0.00863668	0.108832	0.00780805	0.042594
191	0.0527431	0.0170383	0.0281876	0.0469712	0.0977958	0.0230599	0.0306374	0.0262584	0.226352	0.0554724	0.0271989	0.0341721	0.0199966	0.0427166	0.0941684	0.0586224	0.0363467	0.0357498	0.00868764	0.037825
192	0.0183209	0.00180572	0.00213292	0.00792775	0.137527	0.00157931	0.00712025	0.0908979	0.00659667	0.459141	0.154864	0.00294942	0.00150356	0.0019155	0.00159553	0.00793094	0.0103084	0.0417857	0.0175418	0.0265554
193	0.0702703	0.0119278	0.0674974	0.238077	0.0195156	0.0283266	0.019523	0.0258357	0.0613512	0.106794	0.0220329	0.0299214	0.0172176	0.0741973	0.0457435	0.0721639	0.0358931	0.0356346	0.00434314	0.0137333
