422	20
1	0.00702745	0.00209619	0.000362198	0.000449122	0.0165135	0.00147756	0.00149889	0.430923	0.00063433	0.0838728	0.00928407	0.00109137	0.000844307	0.000542601	0.000553758	0.00160651	0.00383416	0.43676	0.000164021	0.000464721
2	0.0372971	0.0116167	0.0115968	0.0184676	0.0817372	0.0200882	0.0259739	0.030414	0.128232	0.050343	0.0204505	0.0259054	0.00935073	0.0377875	0.32444	0.04271	0.0347492	0.0401856	0.00896348	0.0396915
3	0.0283658	0.00790008	0.100879	0.178487	0.00159956	0.0163911	0.00931232	0.00681251	0.111717	0.0136206	0.00200004	0.0838345	0.000729247	0.205334	0.0665547	0.117721	0.034896	0.00875244	0.00048849	0.00460501
4	0.0910437	0.0093322	0.025366	0.0728052	0.00387986	0.0345946	0.0129139	0.0360118	0.1066	0.0341558	0.030531	0.050966	0.00104815	0.0754975	0.0474887	0.125216	0.199092	0.0310621	0.00239148	0.0100044
5	0.0015084	0.00609195	0.000596725	0.000767129	0.860634	0.00079267	0.000605096	0.0078397	0.00308728	0.0283258	0.0141102	0.00086902	0.0003323	0.000998459	0.00100669	0.00221822	0.00131829	0.00127979	0.000680717	0.0669379
6	0.0228408	0.00884905	0.000355876	0.0045262	0.0396468	0.000643622	0.000501005	0.280667	0.0122276	0.328193	0.0726274	0.00540922	0.000313211	0.00362053	0.00303647	0.0181464	0.0205039	0.167641	0.00515364	0.0050974
7	0.0344589	0.00156866	0.385995	0.206717	0.0022116	0.0167825	0.015347	0.00217024	0.0596849	0.00165718	0.00313178	0.125724	0.000394779	0.0359496	0.0236138	0.0543644	0.0206308	0.00508176	0.000719597	0.00379641
8	0.0104476	0.00431436	0.00378399	0.00521295	0.00556974	0.00455743	0.0251943	0.0895526	0.00952954	0.0350711	0.00654426	0.00590976	0.00229565	0.0224692	0.00651077	0.00921122	0.0113148	0.584427	0.095711	0.0623723
9	0.11634	0.00324925	0.00951308	0.04256	0.00326566	0.00519849	0.0463944	0.00566332	0.0536452	0.0081683	0.00407797	0.0218213	0.503667	0.00578759	0.106532	0.0134673	0.00805988	0.0233182	0.00140363	0.0178668
10	0.120499	0.0105857	0.038044	0.0279078	0.0155926	0.0464339	0.0136644	0.0152953	0.0352036	0.027545	0.0119327	0.0392095	0.218824	0.0227224	0.0272116	0.228979	0.0560962	0.0282477	0.00284299	0.0131623
11	0.174356	0.0493046	0.00520014	0.0365421	0.00621035	0.0665039	0.00414329	0.0101565	0.00895372	0.0168065	0.0319892	0.0364321	0.00230665	0.0320973	0.0100634	0.459677	0.0214169	0.0147765	0.00483495	0.00822867
12	0.151159	0.00346105	0.00368348	0.00755416	0.00580511	0.0511671	0.00349275	0.0107099	0.0115668	0.0125609	0.00491208	0.00464862	0.209956	0.0131579	0.0110424	0.408237	0.0341282	0.0467372	0.0015624	0.00445713
13	0.0403941	0.0175131	0.00141658	0.00165296	0.00233182	0.00170984	0.0016654	0.0506124	0.0023746	0.0272132	0.0259934	0.00172168	0.00095115	0.00191717	0.0028919	0.0423595	0.0315166	0.742942	0.00092785	0.00189447
14	0.0675356	0.0337217	0.00358803	0.00442315	0.00487324	0.00320027	0.00119187	0.196444	0.00542973	0.0606486	0.0143093	0.00140518	0.00220986	0.00197169	0.0091572	0.0364279	0.0814871	0.468171	0.000219584	0.00358487
15	0.142046	0.00620854	0.0227119	0.0339319	0.0136022	0.0241339	0.00892165	0.0623183	0.0530426	0.0680871	0.0113609	0.0101687	0.237136	0.0229545	0.0268206	0.088375	0.0722852	0.0856766	0.00109136	0.00912764
16	0.0103653	0.00189061	0.0126684	0.017158	0.143471	0.0129412	0.189879	0.0341433	0.0699176	0.164729	0.0191691	0.00290547	0.00124736	0.008447	0.0415215	0.00557867	0.00454108	0.0676197	0.00757477	0.184231
17	0.0196356	0.009583	0.18	0.0518345	0.00123187	0.298866	0.00762769	0.00254688	0.0267976	0.00248316	0.00134103	0.247683	0.00980306	0.0249248	0.00807364	0.0925809	0.00937897	0.00303598	0.000321031	0.00225195
18	0.0231862	0.00679152	0.256271	0.0670057	0.00259821	0.228787	0.00944902	0.00537333	0.0308071	0.00584356	0.00300193	0.205129	0.0120296	0.0272852	0.0141155	0.0751749	0.0133289	0.00881705	0.000858191	0.00414841
19	0.0863686	0.000677335	0.116914	0.0617705	0.000869609	0.023726	0.0290389	0.0041045	0.0388872	0.00800431	0.00466421	0.045426	0.428492	0.0205431	0.0198865	0.0830084	0.0123219	0.0129099	0.000233085	0.00215394
20	0.0470877	0.0112834	0.00713888	0.0157386	0.00725737	0.228405	0.00887341	0.0152949	0.0191243	0.0212892	0.0132492	0.0228202	0.0110454	0.019394	0.0540126	0.265732	0.201287	0.0176364	0.0026447	0.0106855
21	0.0253789	0.0089443	0.00202685	0.00647263	0.0266694	0.00181806	0.00180234	0.259956	0.0113442	0.365003	0.0477061	0.00607484	0.000961455	0.00477202	0.00374316	0.026749	0.0222551	0.171607	0.00327035	0.00344594
22	0.0847754	0.0115437	0.014063	0.0188401	0.0340022	0.0220051	0.0196223	0.0331254	0.0291223	0.14954	0.069001	0.0217731	0.0685373	0.0231342	0.0298233	0.139297	0.0846503	0.0392368	0.00404626	0.103861
23	0.007288	0.00796199	0.00137352	0.00210434	0.634297	0.0015497	0.00299404	0.0256086	0.00579712	0.164848	0.0512215	0.0022894	0.0020048	0.00341712	0.00549	0.00445624	0.00717622	0.0128959	0.00469563	0.0525306
24	0.051963	0.0259665	0.00224861	0.00250084	0.00201121	0.00300694	0.00219992	0.0781569	0.00328381	0.00456314	0.00671594	0.00561156	0.00143668	0.0198653	0.00478643	0.0856178	0.572741	0.124276	0.00076044	0.00228822
25	0.0549051	0.0343936	0.0192229	0.0284147	0.146565	0.0457749	0.0254131	0.0283029	0.0236663	0.0445309	0.0329047	0.134376	0.0122946	0.0185984	0.0243921	0.0661208	0.0343447	0.0386194	0.106192	0.0809675
26	0.334405	0.00404902	0.00906467	0.00749479	0.0132877	0.0276352	0.0055118	0.00594115	0.069449	0.00866412	0.00513448	0.0159126	0.093191	0.0195115	0.0581931	0.270972	0.0348061	0.0121148	0.00102584	0.00363603
27	0.0616616	0.0231799	0.0227223	0.0258864	0.0163603	0.379278	0.0186854	0.0208485	0.0329827	0.0346233	0.0148632	0.0264013	0.00637091	0.0223213	0.0763677	0.0523155	0.038662	0.104124	0.00692594	0.0154192
28	0.0688532	0.0142506	0.00835905	0.0171889	0.0107576	0.0101938	0.00880752	0.115632	0.0272338	0.0441851	0.406111	0.0117616	0.00562905	0.0189292	0.0156157	0.0332694	0.108744	0.0619888	0.00279229	0.00969742
29	0.0564392	0.104569	0.0155208	0.0224921	0.0116758	0.0168039	0.012977	0.0284778	0.0302736	0.0207587	0.0146721	0.20584	0.022867	0.0212916	0.0253896	0.178184	0.128727	0.0630915	0.00370021	0.016249
30	0.0015084	0.00609195	0.000596725	0.000767129	0.860634	0.00079267	0.000605096	0.0078397	0.00308728	0.0283258	0.0141102	0.00086902	0.0003323	0.000998459	0.00100669	0.00221822	0.00131829	0.00127979	0.000680717	0.0669379
31	0.0656003	0.0191849	0.0189401	0.0342126	0.0182073	0.0224165	0.0243354	0.0645323	0.171579	0.06005	0.0261184	0.0255251	0.0145497	0.0399201	0.0793114	0.0516308	0.0627397	0.17689	0.00403657	0.02022
32	0.0866209	0.00060239	0.111361	0.0580261	0.000833476	0.0248914	0.0183275	0.00405448	0.0384545	0.00746602	0.00384251	0.0442218	0.45191	0.0189992	0.0194342	0.0848657	0.0118642	0.0131288	0.000219453	0.000876472
33	0.00405484	0.0148406	0.000669021	0.00111487	0.0212835	0.00141616	0.000820193	0.657216	0.00135364	0.128873	0.0362061	0.0052522	0.000441011	0.00492248	0.00133889	0.00243686	0.0100227	0.0857622	0.000548154	0.0214281
34	0.00307998	0.00560232	0.00094267	0.00144644	0.724162	0.0012975	0.00391819	0.038571	0.00439005	0.106201	0.0188471	0.00180475	0.000718933	0.00338064	0.00206533	0.00415769	0.00389503	0.00912493	0.00185393	0.0645403
35	0.029806	0.00992539	0.011119	0.0173323	0.0153635	0.0141078	0.0142291	0.0282987	0.0280961	0.311624	0.0702265	0.0141154	0.00570954	0.261842	0.0188365	0.0255836	0.0309033	0.0779217	0.00431782	0.0106418
36	0.0233839	0.00676916	0.17651	0.078507	0.00206631	0.32895	0.0101982	0.00474576	0.0343539	0.00380835	0.00295628	0.181566	0.00745679	0.0270901	0.0129744	0.0778563	0.0109261	0.00597587	0.00106741	0.00283771
37	0.0718321	0.019732	0.0353485	0.0652857	0.0154408	0.0247844	0.0197585	0.0564142	0.0923022	0.027602	0.0245074	0.0617507	0.00551836	0.0645786	0.0571182	0.117957	0.150397	0.051603	0.00286354	0.0352057
38	0.30922	0.0579899	0.00221712	0.0198719	0.00237533	0.0113913	0.0115018	0.121988	0.0279255	0.0252156	0.00539457	0.00293741	0.00578612	0.0195974	0.0158098	0.0121832	0.0260294	0.310021	0.000801364	0.0117432
39	0.17252	0.00139522	0.0828822	0.0655407	0.013353	0.0691502	0.0922612	0.00290887	0.0548754	0.0109679	0.00614225	0.0988627	0.0249569	0.0274298	0.0274959	0.1565	0.0604701	0.0122431	0.00066758	0.0193768
40	0.107059	0.00114543	0.0803252	0.0536516	0.00443033	0.0269775	0.0163322	0.00968135	0.0520271	0.022938	0.00713434	0.0424134	0.370437	0.0259765	0.0281594	0.088056	0.0398613	0.020904	0.000289177	0.00220205
41	0.186231	0.00155219	0.0269797	0.0311522	0.0204882	0.0843707	0.0327373	0.0020196	0.0530778	0.00513562	0.0015993	0.12934	0.029343	0.0369379	0.0440782	0.215756	0.0819471	0.00668422	0.000607941	0.00996221
42	0.0220654	0.00213743	0.00417348	0.00811245	0.00424917	0.00366509	0.0422194	0.0440716	0.233974	0.0073729	0.00496665	0.048942	0.0284759	0.0415396	0.156411	0.0906332	0.207708	0.0437998	0.000996294	0.00448699
43	0.0410297	0.0167089	0.0163516	0.0266108	0.0100636	0.0230832	0.0310052	0.0129751	0.218718	0.0281952	0.0195311	0.0720388	0.00866938	0.0623274	0.232066	0.0920004	0.0490957	0.0264808	0.00139384	0.0116552
44	0.0637324	0.0186956	0.00172884	0.00314727	0.00343836	0.00225988	0.00235463	0.0557129	0.00358707	0.0270716	0.0219124	0.00171257	0.00114756	0.00292021	0.00414481	0.0387383	0.040561	0.703005	0.000889637	0.00323944
45	0.296233	0.0860768	0.00263145	0.00334062	0.0155729	0.0048894	0.00255294	0.00694195	0.00436681	0.00808086	0.0162041	0.00373433	0.00169535	0.00442353	0.00418289	0.0074582	0.104359	0.39695	0.000972809	0.0293334
46	0.0074689	0.00235435	0.460378	0.0390662	0.00916953	0.0368114	0.00375158	0.00982194	0.0269914	0.0139427	0.00406392	0.253374	0.00211445	0.0272691	0.0221564	0.0401752	0.0100185	0.0180465	0.000995304	0.0120308
47	0.0041768	0.00190249	0.00147758	0.00213187	0.00207334	0.00333581	0.00171524	0.00855414	0.00237027	0.00363345	0.00217773	0.00244856	0.00682503	0.00217651	0.00811738	0.360211	0.542699	0.0179627	0.00846848	0.0175429
48	0.0633496	0.0158322	0.057518	0.0980467	0.0151802	0.0403158	0.0276176	0.0326786	0.0787559	0.0450905	0.0355491	0.0447468	0.0106481	0.165625	0.0605236	0.0692118	0.0716097	0.0454259	0.00443015	0.0178446
49	0.0262448	0.011218	0.00777942	0.0197447	0.0183565	0.0115101	0.0296705	0.0290704	0.242197	0.106088	0.045028	0.0306231	0.00879905	0.0549657	0.225597	0.0483759	0.0374407	0.0319148	0.00237924	0.0129978
50	0.116987	0.0243286	0.0430145	0.0313326	0.0158479	0.276373	0.0134314	0.0176825	0.0288848	0.0185787	0.0146344	0.0692261	0.0150799	0.029058	0.0241002	0.177495	0.0385782	0.0273383	0.00532276	0.0127063
51	0.0883251	0.0216738	0.0459316	0.0324794	0.0150349	0.347717	0.0159814	0.0123718	0.0298535	0.020185	0.0119453	0.0732585	0.0135943	0.025573	0.0237475	0.145594	0.0348268	0.0231012	0.00545291	0.0133532
52	0.0234831	0.0105368	0.00859824	0.0186217	0.00962655	0.0141713	0.0836269	0.00794771	0.243069	0.0259672	0.0151175	0.0311827	0.00518806	0.0584982	0.339604	0.0420113	0.0275184	0.0216947	0.00148576	0.0120511
53	0.045275	0.0257725	0.0259531	0.0313807	0.0248984	0.040209	0.313898	0.0215031	0.0438922	0.0415802	0.0190069	0.0521672	0.014568	0.0343223	0.0830221	0.0652616	0.0299154	0.0404852	0.00859133	0.0382976
54	0.042382	0.017929	0.117634	0.062286	0.0109584	0.0869465	0.0321802	0.0160395	0.0480285	0.0216628	0.0107371	0.28978	0.0146069	0.0374804	0.0335896	0.0828837	0.0355539	0.0216554	0.00350223	0.0141644
55	0.033371	0.00487905	0.346826	0.15645	0.00582334	0.053286	0.0135685	0.0108942	0.040157	0.0149058	0.00807126	0.114551	0.0174934	0.0412038	0.021829	0.055694	0.0307449	0.0199731	0.00207902	0.00820026
56	0.0156847	0.00651929	0.00116276	0.0027497	0.0426422	0.00194387	0.00143656	0.228065	0.00603083	0.47479	0.0503248	0.00307363	0.00222454	0.0023761	0.00351157	0.00879951	0.0105711	0.125833	0.00331305	0.00894688
57	0.0271391	0.00246703	0.340867	0.312795	0.00170221	0.015813	0.00787231	0.00351427	0.0462241	0.00175852	0.00453311	0.0846778	0.000651282	0.0493884	0.0204671	0.0479674	0.021775	0.00618433	0.00107106	0.00313206
58	0.0384704	0.00789054	0.275235	0.16188	0.00853225	0.0198536	0.00955614	0.0689716	0.021297	0.0276891	0.0157652	0.0353275	0.00615974	0.041797	0.0157423	0.0279494	0.0489751	0.158035	0.00312885	0.00774381
59	0.0484439	0.0183039	0.00857692	0.0214355	0.0172517	0.00900242	0.0111187	0.168582	0.0174602	0.0726084	0.0191444	0.00847007	0.00533995	0.0127885	0.015465	0.0276881	0.0495577	0.446841	0.00650699	0.0154146
60	0.148428	0.0414764	0.0187433	0.0156292	0.0271919	0.445257	0.00999547	0.0172154	0.021682	0.0160174	0.00954179	0.0267879	0.00963875	0.0171869	0.0171074	0.0791501	0.021609	0.0395319	0.00552415	0.0122863
61	0.0151369	0.0142344	0.0065757	0.0193286	0.00962866	0.00836078	0.037479	0.00611497	0.316557	0.0326233	0.0181885	0.0400108	0.0023679	0.0685926	0.291312	0.0551174	0.0274129	0.0209775	0.000311774	0.00966924
62	0.0318335	0.00770315	0.241125	0.0855863	0.00427326	0.232048	0.0106787	0.0081288	0.0321732	0.00932505	0.00475167	0.154363	0.0117862	0.0307225	0.0181218	0.0727647	0.0217566	0.0143676	0.00271943	0.00577225
63	0.0131994	0.00496793	0.00396024	0.00608578	0.00559382	0.0952086	0.00523915	0.0565788	0.00696988	0.0824148	0.00665806	0.0306682	0.00325577	0.00793373	0.0108257	0.0998869	0.459359	0.0708465	0.00185993	0.0284875
64	0.0414638	0.0162938	0.0244919	0.0266939	0.0410901	0.0276784	0.260674	0.0384744	0.0394393	0.124567	0.0210907	0.0352314	0.011307	0.0282496	0.0449224	0.0488281	0.0360696	0.0642749	0.00728951	0.0618697
65	0.0988672	0.0414997	0.00739596	0.0156462	0.00688499	0.0114312	0.00781418	0.0710826	0.0237758	0.0189271	0.0170333	0.0162192	0.00911788	0.0222374	0.0164173	0.122764	0.401336	0.0817589	0.00154588	0.00824488
66	0.00562513	0.0045587	0.00224587	0.00256963	0.502838	0.00293086	0.00216462	0.00683627	0.00426912	0.040929	0.244884	0.00309642	0.00131439	0.00290127	0.00377988	0.00561748	0.00470455	0.00558683	0.0319877	0.12116
67	0.00948499	0.00769455	0.00346815	0.00464817	0.605236	0.00313366	0.0049806	0.0193878	0.00944377	0.0726693	0.100609	0.0053104	0.00290243	0.00535708	0.00874376	0.00913827	0.0104066	0.0159495	0.0129574	0.0884793
68	0.0583653	0.0110494	0.0962423	0.220528	0.0111756	0.0238287	0.0183948	0.0294464	0.0564747	0.0345525	0.0202502	0.0527519	0.0114904	0.0750546	0.0360651	0.0682971	0.108261	0.0527116	0.00317417	0.0118855
69	0.0595364	0.0277568	0.0176714	0.0241961	0.0173797	0.0175278	0.0128267	0.0615646	0.0319965	0.0711587	0.294781	0.0183819	0.00855725	0.0287349	0.0282864	0.0531334	0.150494	0.0591224	0.00459506	0.0122984
70	0.0181171	0.0050825	0.00275042	0.00357086	0.0353325	0.00350125	0.00329572	0.0289447	0.0059997	0.302611	0.506647	0.00492871	0.00247153	0.00590053	0.00612831	0.00762508	0.0191504	0.0202338	0.00625066	0.0114577
71	0.100629	0.0149353	0.0295013	0.0357777	0.0100004	0.217036	0.014008	0.0145176	0.0324995	0.0222718	0.0142018	0.0525377	0.0187793	0.0312462	0.0321007	0.178893	0.143612	0.0228278	0.00294662	0.011678
72	0.0374708	0.125757	0.00619871	0.0079968	0.00549128	0.0100796	0.00493578	0.0250653	0.0070542	0.0150422	0.00835213	0.255865	0.0338347	0.00748341	0.00847712	0.277864	0.133752	0.0164584	0.00233792	0.0104835
73	0.0404936	0.0211432	0.0095705	0.0188397	0.0990446	0.019798	0.0364004	0.0287791	0.0417707	0.0552124	0.0277843	0.0158441	0.00569221	0.0170404	0.121958	0.0401653	0.0264817	0.041074	0.100359	0.232549
74	0.184756	0.0226586	0.0204469	0.0359639	0.0127746	0.0661767	0.0199186	0.0172007	0.0402654	0.0244744	0.0192943	0.0456427	0.0300287	0.068626	0.0338083	0.260739	0.0537474	0.0279035	0.00321969	0.0123539
75	0.0118778	0.00915525	0.00251279	0.00355683	0.513458	0.00318004	0.0048241	0.0540563	0.0074709	0.229154	0.0324544	0.00405884	0.00533122	0.00551522	0.00724551	0.00976238	0.0122086	0.0282628	0.00241204	0.0535034
76	0.00927279	0.00352388	0.00429261	0.0049903	0.221289	0.00539847	0.00390877	0.00644525	0.00533839	0.058273	0.421184	0.00547426	0.00242256	0.00516753	0.00609522	0.00831538	0.00801904	0.00939685	0.0626982	0.148494
77	0.64349	0.0592815	0.000705854	0.00110459	0.00485512	0.0587597	0.000736104	0.00148258	0.00111182	0.00151371	0.0133826	0.00103035	0.000425642	0.00100694	0.00374639	0.134874	0.0435721	0.0233021	0.000294992	0.00532466
78	0.0147022	0.0105274	0.00357197	0.00415473	0.1242	0.00686461	0.00663993	0.073611	0.00875248	0.381061	0.120419	0.00822469	0.00396294	0.00684841	0.00988237	0.00968164	0.0137557	0.0330288	0.128307	0.0318042
79	0.0233461	0.00747133	0.191461	0.359707	0.00133804	0.0149311	0.00999219	0.00759807	0.0640211	0.00629938	0.00388341	0.0693141	0.000377233	0.104702	0.0415988	0.0479137	0.0302947	0.00995061	0.00048314	0.00531766
80	0.0218279	0.0175043	0.000929725	0.00115175	0.143377	0.00122848	0.00108593	0.0118694	0.00318575	0.669507	0.0634966	0.00135999	0.00886755	0.00257741	0.00546847	0.00335299	0.0146569	0.0202444	0.00190302	0.00640611
81	0.0144965	0.00720712	0.00179222	0.00382323	0.0358277	0.00331896	0.00197053	0.251898	0.00830429	0.479761	0.0491914	0.00409313	0.00285702	0.00448223	0.00430418	0.00937272	0.0117322	0.0935165	0.00341251	0.00863896
82	0.0249348	0.00954758	0.0101076	0.013483	0.00947365	0.0137847	0.0123007	0.0338596	0.0165117	0.0240769	0.0102854	0.0475649	0.00563994	0.0171477	0.0894969	0.0380752	0.351469	0.256703	0.00341586	0.012122
83	0.0216468	0.0124561	0.108373	0.290509	0.00106413	0.0162629	0.0162639	0.0106266	0.100644	0.0110992	0.00140037	0.077179	0.000321785	0.16095	0.0615687	0.0566397	0.0325335	0.0132072	0.000256783	0.00699734
84	0.0200053	0.00228845	0.011325	0.0532912	0.00758533	0.00240666	0.0196685	0.0887122	0.0279679	0.0288291	0.0107681	0.00268868	0.00902313	0.010994	0.0208738	0.0233463	0.0587672	0.595545	0.000989332	0.00492499
85	0.0050418	0.00402247	0.0038919	0.00108292	0.180539	0.00121687	0.0179785	0.00885028	0.00150393	0.0330972	0.00656633	0.00185302	0.000402012	0.00295761	0.00485398	0.00138235	0.00803295	0.0171692	0.0223572	0.6772
86	0.0261266	0.00421178	0.0235645	0.0527326	0.00202221	0.454098	0.0333206	0.0042664	0.166323	0.00443539	0.00969855	0.0861698	0.000811036	0.0507115	0.0340383	0.0347672	0.00343709	0.00343249	0.000964744	0.00486878
87	0.0036547	0.0125232	0.000656609	0.000948112	0.019417	0.00131525	0.000755812	0.682501	0.00116473	0.121209	0.0383149	0.00394606	0.000397066	0.00421277	0.00124992	0.00192759	0.00954884	0.0791676	0.000448862	0.0166405
88	0.0856257	0.000604251	0.112363	0.0586491	0.000785513	0.0242697	0.0185652	0.00413352	0.038149	0.00713458	0.00374317	0.0440116	0.454909	0.0187774	0.0191524	0.0835622	0.0114998	0.0129775	0.000221938	0.000864862
89	0.169309	0.00112124	0.0233936	0.0443039	0.00795113	0.0298136	0.00597502	0.0337394	0.0817994	0.0614951	0.00946196	0.00731059	0.263428	0.0258007	0.0294937	0.076467	0.08133	0.044475	0.000416389	0.00291483
90	0.0289733	0.00231607	0.342744	0.300475	0.00148946	0.0161515	0.0085589	0.00302397	0.0497929	0.00137473	0.00450164	0.0904289	0.000414929	0.0487475	0.0215068	0.0489183	0.0214773	0.00546497	0.000936492	0.00270364
91	0.0213994	0.020604	0.0524346	0.0923166	0.00494418	0.014069	0.0393352	0.00904938	0.1499	0.0206234	0.0100531	0.0933086	0.00208014	0.123586	0.233137	0.0554861	0.0265759	0.014723	0.00062125	0.0157529
92	0.00749767	0.00505219	0.00121999	0.000875606	0.036389	0.00256572	0.00116916	0.221991	0.00290856	0.595992	0.0492319	0.00174914	0.00312563	0.00116871	0.001436	0.00267439	0.00434697	0.0488392	0.0032737	0.00849344
93	0.0106213	0.00400689	0.00388606	0.0030957	0.187007	0.00188412	0.0258089	0.00867719	0.00238859	0.0340627	0.00923703	0.0021711	0.000492191	0.00362029	0.00644826	0.00416783	0.00777968	0.0166592	0.0305088	0.637477
94	0.0386112	0.00482592	0.000845313	0.00122794	0.024875	0.00205225	0.00567854	0.316831	0.00188144	0.0433532	0.00754431	0.00378021	0.00278946	0.00152648	0.00270105	0.00459687	0.0151643	0.516629	0.000480443	0.00460602
95	0.00339137	0.00192643	0.00107896	0.0020459	0.00164481	0.00242527	0.00146296	0.00835949	0.00199227	0.0030712	0.0021054	0.00187317	0.00726734	0.00185732	0.00827445	0.326186	0.59044	0.0153533	0.00632031	0.012924
96	0.0242554	0.0060654	0.00852537	0.010781	0.0710401	0.0076268	0.0616603	0.0752193	0.024355	0.0936166	0.0128446	0.00943866	0.00322348	0.0118386	0.0194464	0.0183274	0.0236395	0.280658	0.0201772	0.217261
97	0.00236438	0.00703623	0.000707978	0.000963351	0.84727	0.00104117	0.00109574	0.0091905	0.00322423	0.03026	0.0139931	0.00121293	0.000338984	0.00123266	0.00115823	0.00309037	0.00181287	0.00168069	0.000779493	0.071547
98	0.0335851	0.00807293	0.344712	0.143106	0.00669578	0.0445615	0.0145712	0.0123104	0.0406837	0.0168611	0.00897962	0.11483	0.018711	0.0458081	0.023449	0.0545729	0.0303632	0.0264705	0.00269766	0.00895911
99	0.0201546	0.00215304	0.104741	0.190325	0.028598	0.00248826	0.0134342	0.0274658	0.01907	0.232562	0.0262177	0.0654609	0.0021671	0.0496837	0.014366	0.0480272	0.0871662	0.0353354	0.000858358	0.0297261
100	0.0357856	0.00314066	0.317771	0.290454	0.00176925	0.0158099	0.0112939	0.00487878	0.0528429	0.00384719	0.00557427	0.0901363	0.00232867	0.0515458	0.0239603	0.0472945	0.0244689	0.0130817	0.000761734	0.00325407
101	0.152644	0.113769	0.0022731	0.00319991	0.00224958	0.00217654	0.00212468	0.0216384	0.00262495	0.00532311	0.0297575	0.00480851	0.0012271	0.00326346	0.00336216	0.172097	0.42459	0.0500302	0.000956651	0.0018845
102	0.0150713	0.0027067	0.00180981	0.00723653	0.0352362	0.0120383	0.00434919	0.00317035	0.2183	0.0136689	0.00492791	0.00341018	0.00122138	0.0355317	0.580364	0.00554291	0.00400727	0.00454697	0.0060636	0.0407976
103	0.0346732	0.00157614	0.385406	0.207888	0.00220613	0.0168086	0.0154101	0.00214772	0.0599013	0.00161491	0.00313041	0.124841	0.000392869	0.0360701	0.0234961	0.0543259	0.0206344	0.00500581	0.000725498	0.00374641
104	0.0035287	0.0150684	0.000706471	0.00108532	0.021772	0.00142395	0.000866454	0.671327	0.00123484	0.122944	0.0375834	0.00513499	0.00041868	0.00528753	0.00145167	0.00219373	0.0104524	0.0742857	0.000431717	0.0228039
105	0.0344374	0.0188383	0.0115396	0.0165212	0.0660502	0.0210578	0.0200849	0.0920402	0.0221221	0.247644	0.0639019	0.0206333	0.00727601	0.0166968	0.0244069	0.0286559	0.0259656	0.0605536	0.154797	0.0467774
106	0.0427703	0.00226766	0.00253018	0.0158653	0.00959962	0.015546	0.00255904	0.13502	0.0761286	0.48234	0.0481395	0.00418099	0.00156982	0.0210097	0.0954068	0.00728042	0.00887775	0.0239365	0.00180447	0.0031671
107	0.00732223	0.00348618	0.00251719	0.00408305	0.00332461	0.0034855	0.222458	0.00437096	0.0949413	0.00970439	0.00435305	0.00485574	0.00141925	0.0433275	0.56709	0.00649664	0.00557758	0.00602174	0.00127419	0.00389084
108	0.00737584	0.00228407	0.000353164	0.000495382	0.0163173	0.00148253	0.00158414	0.435724	0.000648257	0.0836325	0.00927031	0.00122365	0.000867546	0.000600758	0.000597411	0.00164016	0.00406238	0.43108	0.000172103	0.000588948
109	0.00883394	0.00461269	0.00127901	0.0013196	0.0317518	0.00218551	0.00129114	0.240495	0.00336928	0.563232	0.0494204	0.00234163	0.00269817	0.00161152	0.00115387	0.0042738	0.00606653	0.0647551	0.00261954	0.00668949
110	0.189844	0.00157173	0.0249511	0.0305052	0.0228828	0.0869835	0.033571	0.00209435	0.0473779	0.00591532	0.00176407	0.123332	0.0301954	0.0329132	0.0373016	0.222969	0.0868145	0.00696624	0.000646403	0.0114004
111	0.0836815	0.0623654	0.00442516	0.00491345	0.161391	0.541108	0.00381658	0.0149623	0.0118051	0.00757565	0.00470211	0.00497311	0.00195403	0.00456838	0.00713693	0.0146769	0.0125297	0.0407836	0.00706805	0.00556312
112	0.0209321	0.00884467	0.190323	0.0513694	0.000966627	0.31745	0.00490397	0.00223883	0.0172646	0.00180494	0.00112409	0.230821	0.0108725	0.0185474	0.00572626	0.105255	0.00725578	0.00267354	0.000328508	0.00129824
113	0.0596154	0.0051436	0.118177	0.300077	0.00688046	0.00515077	0.0132327	0.0258522	0.0359432	0.0341917	0.0582153	0.0316815	0.00227245	0.0864708	0.0183032	0.0289418	0.0620922	0.1017	0.00148679	0.004572
114	0.0444481	0.00994778	0.0125818	0.0157805	0.0542654	0.0154618	0.0108817	0.0661326	0.0248182	0.115081	0.398911	0.0142436	0.00649303	0.0212706	0.0191019	0.0382696	0.0448021	0.0471444	0.0108304	0.0295351
115	0.290826	0.0451241	0.00817108	0.0128731	0.019614	0.309441	0.00772894	0.0159821	0.0189514	0.0160282	0.0115304	0.0145876	0.00892312	0.016661	0.0176162	0.09739	0.0276629	0.0440651	0.00482806	0.0119964
116	0.0736515	0.0043392	0.172067	0.335408	0.00384752	0.00391434	0.00853937	0.0213516	0.0305717	0.0298389	0.0225398	0.0316972	0.00131852	0.0700282	0.0146685	0.0203554	0.0605452	0.0919716	0.00107458	0.00227168
117	0.0191143	0.00816753	0.00261277	0.00343013	0.00253761	0.00387057	0.00255863	0.0744491	0.00358316	0.00655363	0.00374283	0.00608451	0.00141708	0.0374196	0.00651763	0.0870471	0.568457	0.158775	0.000880527	0.00278127
118	0.0290133	0.00816811	0.154333	0.0510794	0.00458536	0.378235	0.011888	0.00618044	0.0346856	0.0098626	0.00473241	0.15037	0.0135352	0.0242333	0.0186701	0.0682856	0.0151825	0.0104988	0.00145957	0.00500221
119	0.107685	0.00631157	0.043039	0.040176	0.00795225	0.0194557	0.0281228	0.0148147	0.0540076	0.0243903	0.0109928	0.0313999	0.36492	0.0184821	0.0793137	0.0692202	0.0346312	0.0318761	0.00215869	0.0110508
120	0.103124	0.118916	0.0113952	0.0136946	0.0139909	0.0448535	0.0145826	0.100671	0.0229106	0.0694545	0.0231257	0.0155295	0.00579241	0.0133634	0.0195713	0.0443088	0.0679197	0.273008	0.00686617	0.0169222
121	0.0665933	0.0306481	0.0473797	0.0339142	0.0205415	0.471973	0.0165743	0.013585	0.035791	0.0140322	0.00750703	0.0601737	0.00566304	0.0219989	0.0207656	0.0611445	0.0279133	0.0265239	0.00779212	0.00948495
122	0.126234	0.00527512	0.0586672	0.0451624	0.0108911	0.0264966	0.0198079	0.0134378	0.0463683	0.0244673	0.00692505	0.0319653	0.366838	0.0203466	0.037695	0.0883757	0.0368438	0.0255221	0.000968488	0.00771228
123	0.0878592	0.177433	0.0113435	0.0181091	0.0544604	0.0929817	0.0208797	0.0264254	0.0195088	0.0313289	0.0181738	0.0330809	0.0129346	0.0180964	0.0203203	0.14282	0.0426737	0.0356763	0.0842534	0.0516405
124	0.00506501	0.00321897	0.00109115	0.00199803	0.00153605	0.0023663	0.00141451	0.0105616	0.00195524	0.00309557	0.0025323	0.00191965	0.00741237	0.00242849	0.00810925	0.316742	0.592129	0.0179808	0.00598838	0.0124561
125	0.0355447	0.00494388	0.265346	0.281731	0.00416012	0.0232445	0.0136631	0.010311	0.0468052	0.0147779	0.00940458	0.0778823	0.00925568	0.0640514	0.0256922	0.0472738	0.0347258	0.0231753	0.00131264	0.00669823
126	0.00365127	0.0125523	0.000657544	0.000947095	0.0192831	0.00131588	0.000754392	0.683648	0.0011636	0.119735	0.0382485	0.00395515	0.000397876	0.00420329	0.00124118	0.00190902	0.00957272	0.0796818	0.000446278	0.0166364
127	0.0387049	0.0255807	0.0338382	0.0336376	0.0243789	0.0376883	0.319399	0.018137	0.0461518	0.0388013	0.0136969	0.0616136	0.0252273	0.0289199	0.071961	0.0609724	0.0278958	0.0352531	0.00692757	0.051215
128	0.00468811	0.00430767	0.00347801	0.00108909	0.196237	0.00107235	0.0169685	0.0107089	0.00152779	0.029864	0.00699993	0.00223467	0.000413161	0.00357521	0.0045165	0.00143281	0.00796401	0.0181187	0.0188138	0.66599
129	0.0203003	0.00332614	0.36042	0.124561	0.0128416	0.0316114	0.0109477	0.00735149	0.0351017	0.0157145	0.00615778	0.20269	0.00288606	0.0349137	0.0220826	0.0502865	0.0194618	0.0138579	0.00200955	0.0234785
130	0.0109313	0.00309332	0.31034	0.0689042	0.022938	0.025214	0.00380546	0.00594088	0.0387863	0.0352125	0.00581454	0.318829	0.00183465	0.0367828	0.0278764	0.042389	0.0180397	0.00975688	0.00104652	0.0124638
131	0.24548	0.0271536	0.00618625	0.0111613	0.00763389	0.0387046	0.007177	0.0431055	0.0139182	0.0221451	0.00956143	0.00882557	0.00411012	0.0394818	0.0410686	0.0185849	0.0246789	0.418264	0.00239777	0.0103616
132	0.374766	0.00235014	0.0056114	0.00353725	0.0138462	0.0212093	0.00254473	0.0041734	0.0683401	0.00493236	0.00302949	0.00388318	0.0887428	0.0171723	0.0652682	0.279869	0.028617	0.00861661	0.00120055	0.00229065
133	0.131452	0.00185071	0.146685	0.119912	0.00337124	0.0127752	0.203993	0.00330012	0.062405	0.0245449	0.0194829	0.0594293	0.0149733	0.0294828	0.030647	0.0752455	0.0230979	0.00838401	0.000674211	0.0282931
134	0.019039	0.00809006	0.00308378	0.00597699	0.134481	0.00529048	0.00667197	0.0638631	0.032375	0.495214	0.073949	0.00431113	0.00478637	0.011657	0.0613754	0.0124856	0.0192391	0.0208409	0.00344465	0.0138259
135	0.0267785	0.00858605	0.00217434	0.00415762	0.0216292	0.00242505	0.00278223	0.284987	0.00606548	0.181248	0.0270997	0.00325657	0.00153551	0.00411203	0.00484477	0.0132557	0.0227941	0.372124	0.00263827	0.00750633
136	0.0410268	0.0178102	0.0638733	0.0428287	0.0211447	0.027767	0.0285793	0.0501156	0.0547585	0.127282	0.0242471	0.220873	0.0149809	0.0413921	0.0477642	0.0622716	0.04396	0.0464309	0.00537773	0.0175165
137	0.217737	0.00261841	0.017877	0.0461246	0.0028337	0.00359072	0.00316734	0.00492782	0.135011	0.0195114	0.161128	0.0332732	0.00190468	0.261247	0.0183762	0.0204674	0.0214651	0.0243405	0.00132428	0.00307527
138	0.0213349	0.00825641	0.1982	0.0520241	0.00112678	0.31914	0.00514637	0.00283548	0.0178708	0.00212196	0.00130275	0.220776	0.0102506	0.0189794	0.00636938	0.101207	0.00756828	0.00346989	0.000467071	0.00155345
139	0.0345317	0.00509483	0.062004	0.00621705	0.00580155	0.0477021	0.0776884	0.00956593	0.0122861	0.132111	0.00652372	0.0675164	0.0249832	0.00723928	0.0818784	0.0979062	0.0370959	0.222491	0.00161088	0.0597528
140	0.0903962	0.0010461	0.0977343	0.0611092	0.00127349	0.0224255	0.0233154	0.00457812	0.0397055	0.00911788	0.00380549	0.0404426	0.453567	0.0174928	0.0262737	0.0782329	0.0127211	0.013839	0.000300181	0.00262305
141	0.00981335	0.00316246	0.42207	0.127748	0.00431497	0.00726188	0.00363281	0.00513231	0.00949414	0.021321	0.0605216	0.104849	0.00188055	0.0726198	0.019843	0.0457387	0.0643167	0.00865282	0.00402409	0.00360326
142	0.0247198	0.0252681	0.00131372	0.00349478	0.0547779	0.00268614	0.00129766	0.15942	0.00892411	0.418377	0.0659674	0.00367332	0.00298216	0.00491622	0.00496462	0.0113189	0.0198922	0.17397	0.00413429	0.00790128
143	0.0235602	0.007926	0.000359831	0.00504639	0.0309215	0.000749038	0.000523094	0.309844	0.0106922	0.302714	0.0589849	0.00463826	0.000342067	0.00390209	0.00280078	0.0187521	0.019638	0.192238	0.00335989	0.00300761
144	0.0478458	0.00937205	0.146122	0.251401	0.00962475	0.0323731	0.0166608	0.02269	0.0518389	0.0274778	0.015645	0.063614	0.0312568	0.0722116	0.0340925	0.0599179	0.0479633	0.0458069	0.00284861	0.011238
145	0.00730405	0.00339126	0.000393178	0.000577357	0.0155707	0.00164386	0.00108904	0.497975	0.00083661	0.103549	0.0142655	0.00131364	0.000560029	0.000978521	0.000839622	0.0016783	0.00437942	0.340718	0.000244228	0.00269204
146	0.0739217	0.0600837	0.0223147	0.0378922	0.0526563	0.234368	0.0380211	0.0232234	0.0211232	0.0386998	0.0182579	0.0297909	0.00899442	0.0190829	0.0254519	0.0669762	0.0307134	0.0366467	0.128273	0.0335083
147	0.0488491	0.0190636	0.0707631	0.0423228	0.0166394	0.172731	0.0267719	0.0814163	0.0343154	0.028617	0.0166318	0.185519	0.0124796	0.0288581	0.0246423	0.0753653	0.0511605	0.0395128	0.00688917	0.0174517
148	0.00787192	0.00341189	0.011826	0.00374009	0.0156102	0.00417953	0.0121673	0.208287	0.00492012	0.569441	0.0216223	0.0379772	0.00287518	0.00389952	0.00361095	0.00759742	0.00645726	0.0670321	0.00213978	0.00533329
149	0.0498365	0.0147973	0.00740085	0.013438	0.0172465	0.00966853	0.00907765	0.185351	0.0148449	0.0824828	0.0206322	0.00790636	0.00438385	0.0101086	0.0115113	0.0258618	0.0464324	0.45117	0.00432515	0.0135247
150	0.0102728	0.00702282	0.00269434	0.00393463	0.365866	0.00228699	0.00396613	0.157723	0.007764	0.260901	0.0409334	0.00471885	0.0022215	0.00591175	0.00534555	0.0108126	0.0119183	0.0551048	0.00404994	0.0365514
151	0.0206491	0.00362458	0.00452475	0.00524732	0.00486194	0.0056776	0.00418306	0.113582	0.00599498	0.0383153	0.673022	0.00621127	0.00251393	0.00578759	0.00593527	0.00992364	0.0524299	0.0310421	0.00142664	0.00504705
152	0.0429831	0.00924589	0.0486572	0.226225	0.0083969	0.0342997	0.0127242	0.0182209	0.0407259	0.0327781	0.0196092	0.0283839	0.00345629	0.19766	0.0297152	0.0562985	0.142647	0.0351484	0.00335915	0.00946599
153	0.0046085	0.00481332	0.00330114	0.00112843	0.206691	0.00106764	0.0176775	0.0097818	0.00152746	0.0304453	0.00805612	0.00233793	0.000376588	0.00387853	0.00425061	0.00149259	0.00851015	0.0166473	0.0179372	0.655471
154	0.0225048	0.00631028	0.181902	0.122197	0.0415946	0.0156454	0.0144953	0.0105673	0.0262596	0.0293296	0.00977305	0.256551	0.00477493	0.0283734	0.018866	0.0994198	0.0242096	0.0181576	0.00274432	0.0663239
155	0.0692438	0.00998229	0.0086244	0.0198067	0.0142626	0.0112648	0.0244408	0.0254738	0.221894	0.0279686	0.0782594	0.0290346	0.00461382	0.0552105	0.278817	0.0387292	0.036148	0.0324911	0.00223526	0.0114998
156	0.0225339	0.0124704	0.118828	0.300441	0.00132054	0.0152287	0.0162274	0.0120827	0.0913153	0.011594	0.0019174	0.0769934	0.00036372	0.151119	0.0588179	0.0543697	0.0332068	0.0132466	0.000324636	0.00759963
157	0.0077135	0.00455639	0.00137804	0.00109765	0.0356774	0.00324442	0.00127031	0.228426	0.00353311	0.586551	0.0492843	0.00206122	0.00300216	0.00145161	0.00260871	0.00254759	0.00417943	0.0498616	0.00304171	0.00851459
158	0.0151831	0.0141847	0.00656544	0.0194081	0.00960469	0.00832983	0.0376061	0.00614268	0.315898	0.0326572	0.0181879	0.0400396	0.00245097	0.0684381	0.291447	0.0554129	0.0274192	0.0210816	0.000311771	0.00963163
159	0.0766189	0.00123764	0.0394719	0.0347925	0.0153948	0.0242113	0.00844803	0.0125741	0.0599291	0.0794285	0.0294463	0.0280665	0.238072	0.0383701	0.0405875	0.130839	0.106741	0.033285	0.000446905	0.00203912
160	0.0352875	0.00758657	0.0067568	0.0109882	0.0399531	0.0113785	0.0050251	0.165246	0.0170072	0.461516	0.0410397	0.00907301	0.0542715	0.0103179	0.0107197	0.0235228	0.0232002	0.0530112	0.00320329	0.0108951
161	0.158423	0.00235108	0.0345659	0.0529581	0.00829838	0.0240073	0.014759	0.0241914	0.0577799	0.0511907	0.00830478	0.0159569	0.329158	0.0202464	0.0347397	0.0666179	0.0557388	0.0337744	0.000795819	0.00614271
162	0.183834	0.0098697	0.0185359	0.026951	0.0197356	0.0535916	0.0252667	0.0058559	0.0742909	0.00735292	0.00693889	0.121575	0.019699	0.0707197	0.0817644	0.196882	0.0591974	0.0108444	0.000764914	0.00633096
163	0.0148962	0.0151025	0.00667	0.0185592	0.0103328	0.00818658	0.0408664	0.00617837	0.307419	0.0326756	0.0190136	0.0398508	0.00358733	0.0755287	0.289348	0.052913	0.0274738	0.0215652	0.00038262	0.00944997
164	0.012961	0.112493	0.00552672	0.00689377	0.00724406	0.0389048	0.400417	0.00912877	0.00851579	0.0149119	0.00627266	0.0963119	0.00352183	0.00756681	0.00936568	0.122908	0.0125294	0.0394791	0.00257026	0.0824775
165	0.0204072	0.00476935	0.000494886	0.000651443	0.0174161	0.00195166	0.00457577	0.380826	0.00103503	0.0432377	0.00760873	0.00293018	0.00217118	0.000781115	0.000969585	0.00292903	0.0109678	0.495499	0.000188301	0.000590067
166	0.04463	0.0660185	0.245595	0.101004	0.0123913	0.0652303	0.0172752	0.0251812	0.0377186	0.0254848	0.0167082	0.0907303	0.00883537	0.04327	0.0283483	0.0652791	0.0409858	0.0439464	0.006987	0.0143811
167	0.115295	0.127289	0.00261319	0.00447829	0.00301517	0.00312257	0.00281415	0.0189003	0.00393631	0.0118272	0.0408771	0.00765643	0.00253128	0.00367302	0.00413195	0.142481	0.457074	0.0439162	0.00163567	0.00273171
168	0.301139	0.0529577	0.00750844	0.00879703	0.0182965	0.318668	0.00774778	0.0123364	0.0147007	0.0130737	0.0119626	0.0151982	0.00954264	0.0116963	0.0147501	0.101206	0.0290345	0.0365653	0.00503693	0.00978175
169	0.0155775	0.00482549	0.00159403	0.00209592	0.027576	0.00240792	0.00194024	0.0699977	0.0032083	0.440832	0.37409	0.00251611	0.00236907	0.00323379	0.00366447	0.00401686	0.00840036	0.0255716	0.00173867	0.00434346
170	0.0920091	0.0429382	0.0148744	0.0152346	0.0224917	0.482594	0.010312	0.0274769	0.0219399	0.0206416	0.00937303	0.0195322	0.00694532	0.013867	0.0178302	0.0447638	0.0292254	0.0905184	0.00714989	0.0102829
171	0.00334473	0.00656471	0.000617511	0.000887582	0.747257	0.000827363	0.000661822	0.00841283	0.00486715	0.131734	0.0178481	0.00115217	0.00117029	0.00167776	0.00195706	0.0028102	0.00288161	0.00339323	0.000618404	0.0613165
172	0.0503251	0.0117804	0.104933	0.149947	0.0113937	0.209281	0.0255542	0.0152585	0.0490118	0.0189692	0.0112331	0.082618	0.0145496	0.0537764	0.0304557	0.0792468	0.0414906	0.0209365	0.0085429	0.0106968
173	0.019804	0.008944	0.0101907	0.0119244	0.0125276	0.00934848	0.146716	0.00847245	0.128089	0.0239834	0.0110565	0.0192487	0.00641487	0.0525257	0.444136	0.0288189	0.0178825	0.0216839	0.00285103	0.0153817
174	0.0370191	0.014153	0.00224716	0.00500431	0.0157744	0.00198492	0.00205159	0.257269	0.00698827	0.259544	0.0273028	0.00334417	0.00148366	0.00331748	0.00444239	0.0206467	0.0496458	0.283254	0.00119603	0.00333152
175	0.105518	0.0917798	0.00376468	0.00583519	0.00446903	0.00704801	0.00288318	0.0993108	0.00776724	0.108532	0.0386647	0.00293088	0.00203233	0.0038771	0.00657058	0.0225754	0.169263	0.31135	0.000975586	0.00485162
176	0.537721	0.0643566	0.00159419	0.00554572	0.00521829	0.0620172	0.00134122	0.00324673	0.0028484	0.00305474	0.0189918	0.00585738	0.00123809	0.00519085	0.0110291	0.191015	0.0533236	0.020395	0.000580357	0.00543437
177	0.0294042	0.00550413	0.000573832	0.000930419	0.019511	0.00218589	0.00638316	0.36793	0.00177943	0.03081	0.00617927	0.00444549	0.00317204	0.00134834	0.00166779	0.00482879	0.0177507	0.49459	0.000213916	0.000792177
178	0.00725963	0.00473346	0.0013601	0.000829087	0.0352154	0.0025344	0.0013588	0.220282	0.00273661	0.600063	0.0499845	0.00188648	0.00350902	0.00114781	0.00157592	0.00235503	0.00415965	0.0469166	0.00335568	0.00873644
179	0.0595617	0.00990414	0.100711	0.0496023	0.0141089	0.0167748	0.178418	0.0165325	0.0360129	0.044144	0.0614983	0.043771	0.0123034	0.141324	0.0380079	0.087883	0.0336673	0.0267843	0.00315253	0.0258387
180	0.0127346	0.00670173	0.202372	0.0396786	0.0024441	0.261602	0.0109195	0.00314571	0.0327047	0.00477628	0.00141518	0.288265	0.00939854	0.0328391	0.0148677	0.0625065	0.00612791	0.00383827	0.000375064	0.00328748
181	0.0390441	0.00468175	0.0333005	0.00970529	0.00710186	0.0103709	0.0369532	0.0225286	0.208857	0.0482744	0.00748613	0.0370386	0.00502825	0.00981716	0.0181633	0.067347	0.0719049	0.324461	0.00204696	0.0358889
182	0.0294691	0.00202865	0.0356006	0.00996075	0.0185636	0.0162379	0.0224635	0.00464077	0.0913148	0.048598	0.0767518	0.0582386	0.112637	0.0258759	0.111009	0.182313	0.127529	0.0238242	0.000579645	0.00236344
183	0.235677	0.0231245	0.0166203	0.0291392	0.0110013	0.103397	0.0155618	0.0114609	0.0309682	0.0168153	0.0123918	0.0509401	0.0268045	0.0268453	0.0274397	0.233527	0.0941488	0.0207364	0.00265085	0.0107489
184	0.121007	0.0318379	0.0202194	0.0312578	0.0126082	0.0485972	0.0182335	0.0166997	0.036203	0.0159953	0.0117488	0.167279	0.0149065	0.0261054	0.0262431	0.20871	0.159193	0.0212652	0.00215656	0.00973352
185	0.0109057	0.00647073	0.00371576	0.00337652	0.273122	0.00442924	0.0197997	0.012516	0.00399492	0.0345259	0.0180648	0.00443465	0.00201789	0.00549921	0.00690446	0.00821923	0.0108902	0.0168141	0.0226351	0.531663
186	0.0740556	0.00978162	0.214637	0.0922633	0.012054	0.0296995	0.0265051	0.0157395	0.0422609	0.0722923	0.016444	0.13099	0.0216352	0.0423296	0.0382068	0.0622822	0.0458325	0.0348339	0.00239677	0.0157598
187	0.0827045	0.0178575	0.0119892	0.0152238	0.0133377	0.0142684	0.0108247	0.195447	0.020799	0.0360381	0.018981	0.0566554	0.00733334	0.0196672	0.0178619	0.0528924	0.304392	0.0870772	0.00384075	0.0128092
188	0.0362815	0.00555362	0.345182	0.138357	0.0116789	0.0446558	0.0138553	0.0145849	0.0378353	0.0192795	0.0123016	0.111657	0.0159423	0.0382993	0.0224702	0.0593243	0.03366	0.0256808	0.00333401	0.010066
189	0.0249612	0.00893882	0.000335728	0.00494054	0.0344682	0.000637131	0.000477596	0.287482	0.0105744	0.329956	0.065345	0.00487343	0.000297322	0.00392219	0.00254666	0.0185566	0.0190092	0.174926	0.00398878	0.0037636
190	0.0128487	0.00573374	0.00500811	0.00618138	0.333482	0.00621635	0.00900478	0.0211054	0.00974903	0.0798315	0.253072	0.00804275	0.00239372	0.00701314	0.00869392	0.0122639	0.0114013	0.0210678	0.063227	0.123664
191	0.0394639	0.00103212	0.00773921	0.0307569	0.00157021	0.0143814	0.0183938	0.0415187	0.0587009	0.0927174	0.0694644	0.00307607	0.000847893	0.119871	0.0506476	0.0656088	0.304094	0.0779775	0.000533135	0.00160534
192	0.152835	0.00857255	0.0142396	0.0253881	0.0277029	0.0911315	0.0138233	0.0531475	0.0316489	0.0716011	0.0142033	0.0123381	0.218104	0.0173151	0.0183891	0.0729939	0.0727035	0.0321169	0.00259555	0.04915
