283	20
1	0.0591668	0.000583336	0.0483391	0.095733	0.00602282	0.0117031	0.0409801	0.0183859	0.178923	0.0130681	0.0102202	0.0426936	0.0151826	0.0906209	0.248432	0.0500285	0.0496002	0.0161753	0.00168837	0.00245377
2	0.0247608	0.0170187	0.240086	0.00982103	0.0178396	0.0919612	0.00458531	0.0074833	0.00476746	0.00751795	0.00341132	0.160977	0.0101607	0.00392646	0.00510815	0.317757	0.0561286	0.00649889	0.00184883	0.00834177
3	0.0120987	0.00114091	0.00219682	0.00170965	0.0553814	0.00573171	0.0055329	0.123862	0.00241113	0.623346	0.0519291	0.00117536	0.00386131	0.00320602	0.00207277	0.00668493	0.0305132	0.0459534	0.00461661	0.0165758
4	0.0920212	0.00593888	0.00231256	0.0520542	0.00242256	0.0722259	0.0456906	0.00372089	0.0838428	0.00516504	0.00378033	0.0110314	0.0417714	0.127519	0.324407	0.0843708	0.0290316	0.0042108	0.00120882	0.00727364
5	0.112987	0.000833075	0.245854	0.319984	0.000962368	0.0278659	0.0429256	0.00155504	0.0306903	0.00172164	0.00168077	0.0181254	0.00536984	0.0644699	0.030893	0.0762762	0.00862362	0.00613363	0.0020843	0.000964989
6	0.0325867	0.0229169	0.00298686	0.00253328	0.491522	0.00709247	0.0259139	0.00892606	0.00244962	0.0844736	0.0158769	0.00192236	0.0018653	0.00408883	0.00263626	0.0112337	0.00865824	0.016616	0.0183621	0.237339
7	0.0114688	0.00582115	0.000766837	0.000973341	0.0101747	0.00170114	0.00136249	0.341484	0.00127434	0.428092	0.0287361	0.000906969	0.00366768	0.00137607	0.00270317	0.00606003	0.00376992	0.147853	0.000463152	0.00134466
8	0.0656046	0.00076375	0.0374485	0.0970669	0.00566756	0.00822001	0.0434745	0.0240701	0.155183	0.0190579	0.0133416	0.0529576	0.00836888	0.0997401	0.255917	0.0399456	0.0560581	0.0136745	0.00150649	0.00193419
9	0.00327235	0.00115423	0.0240216	0.0286617	0.0012357	0.648382	0.0191166	0.00215518	0.0773275	0.00252565	0.00126926	0.0947799	0.00108332	0.0180058	0.0524585	0.0149538	0.00311528	0.00463966	0.000657124	0.00118454
10	0.0237249	0.0106803	0.12821	0.365796	0.00221264	0.00276524	0.0394525	0.00336145	0.0294813	0.0721447	0.0320484	0.0200611	0.00161918	0.205702	0.0114023	0.00479809	0.0044942	0.00402049	0.0359659	0.00205946
11	0.0069188	0.00166222	0.000489203	0.00179253	0.0423236	0.00128871	0.00628433	0.15939	0.00177258	0.626046	0.0420006	0.000658637	0.00403977	0.00188476	0.00250729	0.00241727	0.0124229	0.0672811	0.000947068	0.0178718
12	0.022368	0.010936	0.00170836	0.00223835	0.0105153	0.00248896	0.0701489	0.131542	0.167495	0.0692579	0.001938	0.00692903	0.00163661	0.0417357	0.193357	0.0128775	0.0358597	0.21379	0.00101094	0.00216634
13	0.0482032	0.00113831	0.0435951	0.120912	0.00458424	0.0113776	0.0365225	0.0320666	0.131493	0.0136336	0.0093895	0.0360386	0.00672778	0.0853097	0.282395	0.0452952	0.062358	0.0239393	0.00239049	0.00263092
14	0.0100267	0.00557615	0.000776255	0.00347341	0.0077639	0.00153286	0.0042663	0.648271	0.0011157	0.0539823	0.0113985	0.00110869	0.000679122	0.00102977	0.00443546	0.00170109	0.0104363	0.229909	0.000786123	0.00173152
15	0.0210872	0.012395	0.120794	0.120549	0.00198511	0.00252105	0.145298	0.0460642	0.0264694	0.0194696	0.00171539	0.0955862	0.00178964	0.0101785	0.0903467	0.00382008	0.012142	0.12389	0.000882427	0.143016
16	0.0146518	0.000589603	0.000615974	0.0054455	0.0478184	0.00131409	0.0108809	0.0962125	0.00699474	0.630575	0.0622871	0.00346489	0.00785649	0.0100589	0.00799259	0.0076117	0.00834698	0.0291634	0.0192613	0.0288582
17	0.0921266	0.00197304	0.230409	0.324865	0.00168985	0.02276	0.0384892	0.00296072	0.040383	0.00699264	0.00359737	0.0203772	0.00678123	0.0714751	0.0268304	0.0646939	0.0302985	0.00790624	0.00322048	0.0021704
18	0.038088	0.00175731	0.000790281	0.00119058	0.014362	0.0071177	0.00142305	0.570513	0.00095888	0.0961055	0.0970215	0.000887413	0.000685414	0.00331549	0.00391173	0.0018113	0.00919672	0.148993	0.000599235	0.00127189
19	0.541648	0.013898	0.00403783	0.00289984	0.00481524	0.0783386	0.00627879	0.00778728	0.00284624	0.00890054	0.0139629	0.00358826	0.0422965	0.00345953	0.00609194	0.147741	0.0861408	0.0187005	0.00327732	0.00329041
20	0.344105	0.0247007	0.00663932	0.28107	0.00679586	0.00704718	0.00862476	0.0286594	0.00607545	0.00992043	0.0262439	0.00479666	0.00700636	0.0249418	0.00780943	0.0336149	0.00981919	0.0484676	0.0219849	0.091677
21	0.0319826	0.00454864	0.00038583	0.000896824	0.0319342	0.00117163	0.00327808	0.520305	0.00108164	0.124477	0.0149321	0.002779	0.000850868	0.000641511	0.00206354	0.00141354	0.00822944	0.23154	0.00241211	0.015076
22	0.286167	0.0246415	0.00279719	0.00553261	0.0059098	0.0318461	0.0635396	0.0263817	0.00333189	0.0337785	0.0140987	0.00864149	0.0198266	0.040443	0.00396074	0.199211	0.169258	0.0432818	0.00148967	0.0158629
23	0.0256292	0.00347589	0.145301	0.0183422	0.00454647	0.00717367	0.0444623	0.0106919	0.0484375	0.0307041	0.0405827	0.036538	0.00767189	0.0548559	0.346594	0.0600555	0.0754801	0.0141881	0.0186769	0.00659212
24	0.0116051	0.00131328	0.00518433	0.0299212	0.00289591	0.00237488	0.00569241	0.00429914	0.10351	0.0179185	0.002036	0.00375887	0.0040812	0.0275274	0.755549	0.00457329	0.00530509	0.00836194	0.000725813	0.00336674
25	0.0625819	0.00530181	0.000843551	0.0246111	0.0327598	0.00947769	0.0128953	0.118304	0.0013178	0.147995	0.0644499	0.00715681	0.001292	0.0139791	0.00867219	0.0177826	0.067206	0.394551	0.00330107	0.00552131
26	0.0901947	0.0870324	0.00382843	0.0186053	0.0902336	0.0273143	0.0210841	0.0940229	0.0064506	0.0550155	0.0750039	0.0351756	0.00284719	0.0203327	0.00529608	0.0866323	0.0319509	0.212446	0.00256565	0.0339675
27	0.11062	0.000837116	0.053741	0.136746	0.00400387	0.031402	0.0473943	0.0155593	0.158415	0.0164256	0.00566451	0.0237518	0.00483973	0.0720811	0.167102	0.0824322	0.0313026	0.0182032	0.00755736	0.0119211
28	0.680112	0.0146624	0.00303409	0.00126932	0.00270962	0.033259	0.00380687	0.00841885	0.00170367	0.00911215	0.00664474	0.00339452	0.0134129	0.0013876	0.00519146	0.123663	0.0578774	0.0279469	0.000645279	0.00174909
29	0.00716541	0.00375585	0.000684462	0.0011009	0.0141635	0.00130226	0.00405198	0.265097	0.00109295	0.524097	0.0343967	0.000579474	0.00532693	0.00161299	0.00255458	0.00457721	0.00519472	0.11556	0.000403026	0.00728257
30	0.0137186	0.00178562	0.00142444	0.00207196	0.128116	0.00726598	0.0224627	0.114317	0.00156987	0.52756	0.0352109	0.00071149	0.00373911	0.00415671	0.0104783	0.00669747	0.0144339	0.0564302	0.00380334	0.0440469
31	0.0219875	0.0071428	0.00221952	0.00140522	0.327348	0.00649834	0.00868765	0.155032	0.00269702	0.240937	0.0573252	0.0016066	0.0033994	0.00318389	0.00303123	0.0101041	0.0097171	0.0889684	0.0115967	0.037113
32	0.0147408	0.00208214	0.149955	0.214627	0.00198402	0.0100695	0.050995	0.00336189	0.15043	0.00370134	0.00209782	0.0415471	0.0026258	0.0658731	0.0159503	0.0416153	0.213384	0.0121449	0.00082065	0.00199441
33	0.0131678	0.00175708	0.0261944	0.00235668	0.0021498	0.00243878	0.0628541	0.00325811	0.126793	0.00386946	0.00197197	0.398107	0.0015252	0.0777699	0.200352	0.0639679	0.0044226	0.00389589	0.00123373	0.00191481
34	0.0620549	0.0205198	0.00653292	0.0016351	0.00172083	0.00204084	0.00176146	0.0932398	0.00805192	0.0321329	0.00330187	0.00141927	0.0964933	0.00190867	0.00717633	0.0035859	0.0493748	0.604891	0.00079578	0.00136265
35	0.0379176	0.0112008	0.0020458	0.00222912	0.227841	0.00366696	0.0117746	0.220899	0.0104714	0.0701322	0.137159	0.00195334	0.00168896	0.0100465	0.00255829	0.00983515	0.0480388	0.0635128	0.0370793	0.0899492
36	0.04201	0.00445952	0.0111317	0.0518082	0.00215408	0.0335526	0.0145559	0.00332132	0.0629249	0.00932235	0.00198792	0.00490417	0.418578	0.0838569	0.155832	0.0601257	0.0278159	0.00480794	0.00110525	0.00574508
37	0.0580394	0.0280142	0.00176204	0.00203843	0.0223651	0.00324597	0.00351835	0.142706	0.00237334	0.269677	0.124794	0.00269927	0.000865602	0.00480098	0.000944523	0.0106929	0.0360064	0.272899	0.00862417	0.00393327
38	0.283018	0.0179864	0.00307041	0.0170873	0.0178838	0.00456419	0.00454869	0.0641637	0.00392231	0.240663	0.00367022	0.00324403	0.00294905	0.00461695	0.00426145	0.00735848	0.0064855	0.305603	0.00131216	0.00359171
39	0.143765	0.0256133	0.00587612	0.00294382	0.00277048	0.143319	0.00359942	0.0914236	0.0029954	0.0167687	0.126281	0.00276126	0.00206016	0.00308625	0.00362972	0.0705529	0.244607	0.103628	0.00151379	0.00280595
40	0.0168317	0.00439919	0.0389037	0.0211409	0.00564959	0.395272	0.0240101	0.00694582	0.0666375	0.0120335	0.00544834	0.266618	0.00501498	0.0197138	0.0402835	0.0297745	0.0212992	0.0112902	0.00313949	0.00559422
41	0.0281558	0.00435076	0.00162824	0.00185192	0.0246673	0.0044347	0.003696	0.129373	0.00286197	0.593549	0.0450082	0.00372788	0.00447581	0.0164988	0.00194635	0.0100855	0.0351984	0.0770486	0.00186504	0.00957687
42	0.020201	0.0109316	0.00420075	0.0027241	0.466745	0.00479201	0.0166509	0.0342965	0.00278977	0.145771	0.0513868	0.0018066	0.00326767	0.00454406	0.00340124	0.00850833	0.00758135	0.0418398	0.0133276	0.155233
43	0.213663	0.108824	0.00500929	0.00759847	0.00606842	0.302104	0.0148225	0.0205697	0.0120891	0.0145399	0.00530512	0.0320767	0.0368191	0.00692754	0.0177559	0.108847	0.0280446	0.0324604	0.00264212	0.023834
44	0.0303871	0.0127529	0.0133192	0.00292667	0.00302989	0.00441627	0.0123701	0.0210212	0.0223673	0.00558448	0.00255389	0.014119	0.00205331	0.00371707	0.00318931	0.200739	0.636107	0.00547045	0.00107391	0.00280241
45	0.066018	0.0172429	0.0011603	0.00381805	0.0355496	0.00485608	0.00379084	0.16989	0.00107519	0.153723	0.0817108	0.00201086	0.00347815	0.00349381	0.00236926	0.0321701	0.0787982	0.328461	0.00159798	0.0087861
46	0.261496	0.0966147	0.016637	0.104059	0.00280734	0.0072472	0.0505792	0.0137268	0.115095	0.0255497	0.0124921	0.0586085	0.00209642	0.00302134	0.107435	0.0396876	0.0369232	0.0304051	0.00185492	0.013664
47	0.0517952	0.00116617	0.00142403	0.00899273	0.0596405	0.00196	0.0129462	0.0452105	0.0258328	0.441899	0.121025	0.0121006	0.0108266	0.0347126	0.022336	0.0252029	0.00344377	0.00264482	0.0759735	0.0408672
48	0.507016	0.00894013	0.000932683	0.00117257	0.00660055	0.083314	0.00148878	0.114436	0.00117779	0.0689904	0.0258936	0.00128294	0.0123457	0.00121547	0.00448222	0.0597844	0.0130939	0.0846347	0.000888795	0.0023092
49	0.0165889	0.0027654	0.00226203	0.00114876	0.21093	0.0089052	0.00672108	0.117407	0.00249572	0.421519	0.0878876	0.00072625	0.00488283	0.00200088	0.00205128	0.00995137	0.0111615	0.0525687	0.0127898	0.0252371
50	0.0559123	0.00312629	0.0010103	0.00143706	0.0316682	0.0017856	0.0070851	0.419422	0.0065544	0.224508	0.00716524	0.00386349	0.00624001	0.00137689	0.00661493	0.00289633	0.0275302	0.176131	0.00133361	0.0143388
51	0.12448	0.00283295	0.0531089	0.10098	0.00140015	0.103739	0.0211012	0.0161208	0.0854707	0.0155106	0.00722474	0.0330429	0.0155031	0.0807784	0.0890683	0.150737	0.0564438	0.0366171	0.0020402	0.00380014
52	0.0987919	0.000477646	0.0587573	0.154639	0.00286086	0.0339885	0.0351054	0.0188501	0.124091	0.0179173	0.00733699	0.0251245	0.00301034	0.0815873	0.166644	0.0872392	0.0420769	0.0281686	0.00710321	0.00623073
53	0.0736693	0.000989289	0.00765792	0.0303171	0.052218	0.0235729	0.00229835	0.0459093	0.158999	0.138468	0.0503022	0.0133128	0.00793443	0.0127038	0.213784	0.0297146	0.0414106	0.0581553	0.0373259	0.00125794
54	0.0100555	0.00517326	0.000533843	0.00125439	0.0434465	0.0012579	0.00429761	0.18305	0.00135565	0.569397	0.0565031	0.000689719	0.0035758	0.00232501	0.00191668	0.00294531	0.0114756	0.0858135	0.00140913	0.0135248
55	0.107509	0.0120225	0.0205048	0.0401562	0.00232325	0.0512245	0.01091	0.0116015	0.131256	0.0275855	0.00271362	0.0103687	0.333211	0.0289416	0.0872878	0.0415789	0.00679161	0.0416132	0.00145841	0.0309415
56	0.108316	0.000510112	0.0570974	0.116472	0.00226669	0.0308446	0.0235906	0.0224929	0.122906	0.02075	0.0100316	0.0250171	0.00488908	0.0986	0.159268	0.104038	0.0489012	0.0346841	0.00406359	0.00526078
57	0.069708	0.00287844	0.0140659	0.00730294	0.0138797	0.196941	0.00604945	0.0162974	0.0260008	0.0599173	0.00258145	0.114143	0.0042969	0.0285166	0.0194018	0.196459	0.171479	0.0181324	0.0283472	0.00360186
58	0.0316122	0.00150889	0.0041107	0.000794146	0.21583	0.020665	0.00593914	0.118113	0.00442762	0.364393	0.0968658	0.000857345	0.00548364	0.00190752	0.00182164	0.0187286	0.0219879	0.0405061	0.0254678	0.0189805
59	0.0734629	0.000979046	0.00758764	0.03027	0.0523151	0.0236574	0.002289	0.0459528	0.158778	0.138641	0.0503072	0.0133026	0.00795339	0.012723	0.214123	0.0297644	0.0413882	0.0579463	0.0373015	0.00125822
60	0.00355897	0.000668282	0.000457707	0.00181385	0.0499745	0.000816325	0.00662686	0.143282	0.0015926	0.657978	0.0447537	0.00047393	0.00416135	0.00194579	0.00194792	0.00177062	0.011992	0.0431806	0.000324574	0.0226799
61	0.0209471	0.0026051	0.00205834	0.00852009	0.00688357	0.00642825	0.00834657	0.0120634	0.00970626	0.0130428	0.000896169	0.000663715	0.835777	0.0105667	0.00488603	0.0237677	0.00397312	0.0140495	0.00781533	0.00700288
62	0.0737438	0.00718458	0.00148488	0.0156062	0.0356923	0.022671	0.0140033	0.13544	0.00173322	0.129666	0.0662468	0.00982923	0.00156083	0.0202747	0.0135992	0.0220215	0.0542871	0.367243	0.00273139	0.0049809
63	0.0193296	0.0189232	0.00207548	0.00260931	0.0405745	0.00894572	0.00432998	0.167158	0.00259895	0.428177	0.0722241	0.0141762	0.0190634	0.0696173	0.00330761	0.00704376	0.0259308	0.0853483	0.00264805	0.00591908
64	0.00554552	0.00201893	0.001735	0.00280579	0.0192769	0.00263242	0.114612	0.0385021	0.250945	0.020381	0.0105069	0.00223795	0.00181055	0.0864294	0.127408	0.0244273	0.238516	0.0283641	0.0194506	0.00239425
65	0.120439	0.0610584	0.00240012	0.00792653	0.0184587	0.021221	0.0220891	0.00702497	0.00332172	0.0263093	0.00427554	0.0332692	0.0324737	0.0190476	0.00383403	0.224694	0.308052	0.0629483	0.00140343	0.0197526
66	0.0341503	0.0126246	0.0138996	0.0215387	0.0842783	0.0214449	0.114646	0.0213896	0.0203759	0.0399135	0.0123875	0.0147805	0.0109175	0.0288603	0.0188129	0.0302653	0.0362871	0.0274416	0.342978	0.093008
67	0.0218714	0.00267783	0.000845234	0.00546681	0.00709158	0.00626301	0.00867982	0.0124721	0.00761789	0.0130528	0.000796082	0.00055556	0.843037	0.00952014	0.00299444	0.024046	0.00283793	0.014601	0.00823479	0.0073385
68	0.0945474	0.0124156	0.00921645	0.0152333	0.0145533	0.0598423	0.0178492	0.0171278	0.0134079	0.0628726	0.00961427	0.131388	0.00836451	0.0454531	0.0183395	0.13472	0.289855	0.0219259	0.0120837	0.011191
69	0.0204765	0.00589669	0.00786276	0.00185923	0.316765	0.00658319	0.0183639	0.0667327	0.00496352	0.293264	0.0706066	0.0030346	0.00500953	0.0109607	0.00537466	0.0125504	0.00826775	0.038893	0.0262037	0.0763315
70	0.0939996	0.00416934	0.00489588	0.00552728	0.00516124	0.301637	0.0295198	0.0086566	0.00675395	0.012388	0.026727	0.00518846	0.377923	0.00651213	0.00736156	0.0340189	0.0515625	0.00943286	0.00318319	0.00538111
71	0.0340287	0.0224965	0.00373412	0.00272706	0.0188355	0.0178711	0.00379168	0.149518	0.00456022	0.358777	0.0866398	0.0264585	0.0137507	0.0963048	0.00354083	0.0125145	0.0304581	0.108832	0.00272288	0.00243891
72	0.0660767	0.0207036	0.00108924	0.000922595	0.0260228	0.00812075	0.0066768	0.0846299	0.00369918	0.0226428	0.010319	0.000774993	0.00318646	0.00328391	0.00136628	0.0207727	0.101373	0.605583	0.000395589	0.0123606
73	0.0351222	0.00679007	0.00053932	0.000942065	0.0492606	0.00132608	0.00767775	0.460217	0.00138061	0.120603	0.0169177	0.00334634	0.00106284	0.00106458	0.00190823	0.00200575	0.0100515	0.232442	0.00319016	0.0441515
74	0.0265574	0.0106131	0.0111869	0.00286467	0.00316184	0.00314116	0.0139061	0.0248256	0.0192578	0.00575474	0.00257293	0.012445	0.00198831	0.00383819	0.00321716	0.182491	0.663847	0.00480205	0.00106736	0.0024626
75	0.0119572	0.00450783	0.0145591	0.0357085	0.00734909	0.0041862	0.035862	0.0167397	0.345829	0.0151312	0.0162874	0.00959569	0.0250664	0.0717197	0.325522	0.0184446	0.0170232	0.0136334	0.000752632	0.0101259
76	0.0670094	0.00352982	0.336141	0.0742545	0.00364341	0.027968	0.14109	0.00609004	0.0203264	0.00764151	0.0029845	0.0773293	0.0776344	0.0107224	0.00580305	0.0966104	0.00810577	0.00839556	0.00438636	0.020334
77	0.0218714	0.00267783	0.000845234	0.00546681	0.00709158	0.00626301	0.00867982	0.0124721	0.00761789	0.0130528	0.000796082	0.00055556	0.843037	0.00952014	0.00299444	0.024046	0.00283793	0.014601	0.00823479	0.0073385
78	0.0660106	0.00363385	0.0370074	0.0347604	0.0279847	0.0503429	0.0650462	0.0551088	0.00911599	0.0410525	0.0255229	0.0224724	0.12116	0.0950375	0.0681816	0.0842921	0.0557439	0.0451406	0.00222307	0.0901626
79	0.0372337	0.0104913	0.0383289	0.0291101	0.0139341	0.0391139	0.0886059	0.0148357	0.0301622	0.0283383	0.0114954	0.400107	0.00868939	0.0334639	0.0415512	0.0471774	0.0824426	0.018976	0.00644703	0.0194962
80	0.0487	0.0336438	0.00191757	0.000514166	0.0246902	0.00334474	0.00372377	0.149079	0.00258585	0.305914	0.143511	0.00272406	0.00063092	0.00553198	0.000756077	0.00778217	0.0265636	0.223462	0.0113757	0.00354925
81	0.0204781	0.00312423	0.00330904	0.0107798	0.00249339	0.823532	0.00370604	0.00477669	0.00485803	0.00626463	0.00255682	0.00563372	0.0027958	0.00543258	0.00461281	0.0625751	0.0241096	0.00492307	0.0017175	0.00232153
82	0.0536013	0.0162313	0.00113589	0.00273072	0.0299071	0.00413637	0.00373848	0.20506	0.00175562	0.164545	0.120723	0.00217803	0.00251787	0.0033337	0.00228126	0.0253517	0.0568635	0.288738	0.00309753	0.0120736
83	0.033709	0.0117264	0.0119804	0.0194966	0.0955516	0.0152589	0.0839362	0.0199656	0.0155543	0.0509529	0.0147435	0.0128359	0.00771721	0.0169522	0.0170898	0.0288394	0.0284581	0.0346546	0.0151434	0.465434
84	0.0109272	0.00173097	0.00424909	0.0206682	0.00278149	0.00265036	0.00759524	0.00386382	0.0789168	0.0149008	0.00216429	0.00355936	0.00310467	0.0206452	0.79236	0.00657521	0.00822522	0.00981513	0.000963198	0.00430354
85	0.0485583	0.0295821	0.00181614	0.000532314	0.0195237	0.00284792	0.00403317	0.160718	0.0027449	0.280851	0.156379	0.00313029	0.000630479	0.00610242	0.000970026	0.00754466	0.0261519	0.233643	0.0104551	0.00378593
86	0.010234	0.00312645	0.0181915	0.0390068	0.00361863	0.00513453	0.149283	0.0059519	0.00598902	0.0157469	0.0695094	0.00405114	0.00514348	0.580492	0.03752	0.00863233	0.00730094	0.00638689	0.0047119	0.0199691
87	0.00797471	0.00292662	0.00304384	0.00381026	0.00327405	0.00438353	0.00430804	0.196132	0.0885624	0.319448	0.00328544	0.00348799	0.0160892	0.0493522	0.0792796	0.00706085	0.00645372	0.18354	0.00166115	0.0159261
88	0.0341967	0.00234182	0.00272731	0.00198468	0.199829	0.0217782	0.0522506	0.103052	0.00286218	0.302676	0.0276801	0.0017184	0.00250322	0.0141301	0.0226303	0.0230998	0.0325768	0.0846395	0.00570664	0.0616168
89	0.0588509	0.0048884	0.228568	0.0310904	0.00505103	0.157361	0.00696957	0.0111115	0.00319797	0.00450528	0.00395821	0.0881492	0.0269145	0.00743718	0.00324011	0.314283	0.0179777	0.00758317	0.000983464	0.0178782
90	0.0222376	0.00240865	0.0274761	0.11429	0.00306175	0.00489005	0.0502868	0.0109477	0.116029	0.00650071	0.00507114	0.0165779	0.00435591	0.113845	0.247039	0.0511583	0.187014	0.0133401	0.0012	0.00227103
91	0.0733299	0.023892	0.0020244	0.00301794	0.029986	0.00681188	0.00584024	0.147527	0.00130715	0.19039	0.072593	0.00209025	0.00211842	0.00322259	0.00219941	0.0244474	0.093387	0.307332	0.00226821	0.00621634
92	0.142503	0.0160563	0.00820738	0.0038908	0.011789	0.102904	0.0132164	0.183205	0.00949479	0.189499	0.0278984	0.0337825	0.00356897	0.0151355	0.00479675	0.054506	0.079299	0.0929956	0.00270739	0.0045433
93	0.0308759	0.0134233	0.00108697	0.000671528	0.0184259	0.00256531	0.002568	0.299959	0.00165848	0.24658	0.124293	0.00206625	0.000981111	0.00374211	0.00251056	0.00481632	0.0132081	0.221225	0.0049092	0.00443404
94	0.0288489	0.00232102	0.0506619	0.0201544	0.0255642	0.00344765	0.421328	0.0093332	0.0408137	0.0467164	0.0037951	0.0554155	0.0028871	0.0809985	0.122921	0.0248264	0.0191522	0.00520539	0.00149643	0.0341128
95	0.0466232	0.006374	0.00250952	0.00414692	0.17275	0.00715524	0.0121504	0.120827	0.009254	0.238268	0.124613	0.00345586	0.00549212	0.0117872	0.00697092	0.0185022	0.0243205	0.0465938	0.0598704	0.0783361
96	0.0276469	0.00336066	0.0435123	0.0211972	0.0237691	0.00462554	0.333778	0.0104259	0.0502448	0.0599511	0.00726924	0.0476391	0.00403228	0.144432	0.12522	0.0264225	0.0184409	0.00678854	0.00202144	0.0392225
97	0.182566	0.00250384	0.0293313	0.0482342	0.00639873	0.00564597	0.0188203	0.107435	0.0648645	0.140921	0.0327792	0.0293774	0.0411448	0.00790212	0.0953814	0.0770647	0.046484	0.0412935	0.017468	0.00438333
98	0.019826	0.00391552	0.0100763	0.0519234	0.0925952	0.0508742	0.150461	0.0363303	0.0467092	0.0772619	0.0231147	0.00596664	0.00460572	0.141312	0.0215702	0.0529339	0.0452448	0.0391826	0.0635862	0.0625102
99	0.0272444	0.0030685	0.0348894	0.0301971	0.00768379	0.00640935	0.128553	0.00858319	0.159032	0.0143357	0.0049281	0.133251	0.00983768	0.075316	0.25601	0.0577548	0.0252258	0.00838364	0.00159049	0.0077061
100	0.0162739	0.00467804	0.0935477	0.0126768	0.00514722	0.440274	0.0538126	0.00763786	0.0135372	0.0109786	0.00462634	0.0772704	0.0053536	0.0283463	0.0413591	0.0408204	0.0435083	0.0929371	0.00303354	0.00418105
101	0.363695	0.0734847	0.00229086	0.00513269	0.00352131	0.248505	0.00377324	0.051484	0.00689082	0.0189704	0.00992847	0.00586277	0.0286542	0.00248358	0.0168262	0.0934792	0.0217937	0.0348665	0.00119261	0.00716473
102	0.276046	0.00480877	0.0063592	0.0328781	0.0070281	0.0884544	0.00821062	0.0227062	0.00903087	0.0208404	0.00404226	0.0839405	0.0039435	0.0232064	0.0671425	0.160901	0.109021	0.0248336	0.0265742	0.0200324
103	0.0897035	0.00274119	0.0323928	0.08251	0.0294441	0.0183832	0.105071	0.0662569	0.0327266	0.0996764	0.0419527	0.038738	0.0156676	0.0897352	0.0921645	0.0620106	0.0334225	0.0264107	0.00382927	0.0371632
104	0.0534552	0.00404211	0.0415876	0.0256539	0.0377725	0.00475905	0.405941	0.0206612	0.0228391	0.0544862	0.00634312	0.070977	0.00270293	0.0700836	0.066494	0.0202819	0.0331588	0.00715997	0.00210388	0.0494964
105	0.0181972	0.00373349	0.00208651	0.00084703	0.25838	0.0080642	0.00919072	0.115133	0.00268764	0.315532	0.108792	0.000846554	0.00580303	0.00272727	0.00258659	0.011306	0.00673725	0.0652656	0.0157643	0.0463191
106	0.00946437	0.00243985	0.0229082	0.0615744	0.00304426	0.00824045	0.00411514	0.00501273	0.0454093	0.0156914	0.00201959	0.00261475	0.693838	0.0301386	0.0425682	0.0183573	0.0200364	0.00706531	0.00197143	0.00349056
107	0.0607218	0.0201095	0.00217134	0.00102616	0.00940224	0.00281064	0.00261142	0.118139	0.00318943	0.0291904	0.00808984	0.000834507	0.0166182	0.00185722	0.0026074	0.00778442	0.053305	0.655201	0.00046547	0.00386553
108	0.611352	0.0244941	0.00316935	0.00162235	0.00327379	0.0194603	0.0103769	0.00295714	0.00182367	0.00690024	0.00500209	0.01223	0.00680621	0.0026531	0.00423562	0.17814	0.0754514	0.0268135	0.000561125	0.00267764
109	0.036914	0.0175442	0.000591496	0.00112141	0.00691994	0.00205439	0.0008612	0.283132	0.00082609	0.0639231	0.00303704	0.000672977	0.00054804	0.000962856	0.000873231	0.00260261	0.00624404	0.569652	0.000641889	0.000877757
110	0.109698	0.0222182	0.00108981	0.00132248	0.0515286	0.0118349	0.0092538	0.103031	0.00437269	0.025479	0.00964288	0.00148038	0.00101888	0.00405341	0.00198386	0.0317751	0.0927029	0.493523	0.000568367	0.0234223
111	0.0435083	0.00414237	0.000524059	0.000909091	0.0378978	0.00120239	0.00417932	0.454062	0.00290161	0.188145	0.0113013	0.00446119	0.00273983	0.000732548	0.00319933	0.00175069	0.0171066	0.202367	0.00207676	0.0167923
112	0.019895	0.00207968	0.00268805	0.0105286	0.00252109	0.834735	0.00356078	0.00512165	0.0044671	0.00555198	0.00270224	0.00486998	0.00266908	0.00517871	0.00494723	0.0577214	0.0225109	0.00448197	0.00149635	0.0022732
113	0.252575	0.159067	0.00204998	0.00764002	0.00240533	0.277788	0.00367628	0.0165025	0.0114921	0.00955168	0.00246868	0.00714097	0.0307005	0.00222875	0.0107793	0.115392	0.0297089	0.0499949	0.00143368	0.00740459
114	0.091849	0.00506112	0.249948	0.124786	0.00514753	0.0184379	0.1256	0.00673561	0.0252853	0.00979109	0.00367368	0.081474	0.133462	0.0109607	0.0134106	0.0551529	0.011798	0.0114985	0.00397519	0.0119524
115	0.0213709	0.00295118	0.00377317	0.0124698	0.00632583	0.00799032	0.0076045	0.0106997	0.0127021	0.0127722	0.00126712	0.00107949	0.812792	0.0139494	0.00962563	0.025672	0.00982516	0.0133203	0.00721955	0.00658953
116	0.506485	0.00922505	0.000936845	0.00117434	0.0067602	0.0831016	0.00151559	0.113616	0.00118052	0.0690221	0.025332	0.00128759	0.0124315	0.00122011	0.00447944	0.0601377	0.0131046	0.0857429	0.00092066	0.00232559
117	0.0547936	0.0317384	0.00340659	0.00066801	0.0223989	0.00374687	0.00663969	0.146649	0.00238441	0.276257	0.123091	0.00201553	0.000929413	0.00372697	0.000855643	0.0133763	0.0599393	0.235642	0.00771604	0.00402553
118	0.0693485	0.00242084	0.00234125	0.0165905	0.0166752	0.00404368	0.0042576	0.126067	0.0170775	0.128993	0.124804	0.0159328	0.042764	0.00430367	0.00442165	0.0847915	0.284016	0.0467217	0.00145432	0.0029756
119	0.0282061	0.00276086	0.00223791	0.000708888	0.243052	0.0108683	0.010458	0.127422	0.00254038	0.312605	0.0904863	0.000781575	0.00447877	0.00266798	0.00244839	0.0147402	0.0101649	0.0575512	0.0245181	0.0513029
120	0.658413	0.0196736	0.0030304	0.000820488	0.00288773	0.0216655	0.00514891	0.00186294	0.0015466	0.00479976	0.00554292	0.00588881	0.00680631	0.00105781	0.00426536	0.173929	0.0579486	0.0227728	0.000396765	0.00154246
121	0.688892	0.0164204	0.00345483	0.00101442	0.00387305	0.020961	0.00511251	0.00300068	0.00260883	0.00595772	0.00395518	0.00514027	0.00493523	0.00118783	0.00489368	0.169391	0.039966	0.0162347	0.000464148	0.00253703
122	0.155686	0.0146203	0.0156689	0.00363046	0.00655962	0.0786225	0.00683623	0.162787	0.00413813	0.0286274	0.0748076	0.00648932	0.00275648	0.0061911	0.00456893	0.0703202	0.160048	0.191247	0.00183004	0.00456485
123	0.10152	0.0102459	0.00550238	0.00156264	0.116085	0.0120745	0.00558921	0.113164	0.00336607	0.194911	0.207826	0.0017455	0.00128947	0.00366709	0.00193221	0.0347484	0.0586762	0.0560172	0.0273341	0.0427435
124	0.0232412	0.00269556	0.00103069	0.00563091	0.00743794	0.00706156	0.00875221	0.0124175	0.00774035	0.0130476	0.000845772	0.000766322	0.83632	0.00959108	0.00326195	0.0254834	0.00318489	0.0146761	0.00939535	0.00741973
125	0.0650057	0.00465727	0.0797406	0.0901898	0.0017564	0.229803	0.0264215	0.0066639	0.0165177	0.00770151	0.00924077	0.0862236	0.0261012	0.038592	0.0180769	0.208757	0.0513843	0.0291468	0.00116634	0.00285409
126	0.0157743	0.00603491	0.000709307	0.00076125	0.0171673	0.00162493	0.00178843	0.324316	0.00116811	0.347922	0.0925303	0.00108094	0.00236443	0.00216271	0.00397163	0.00358167	0.0054728	0.16635	0.00180723	0.00341209
127	0.0615448	0.00499079	0.243114	0.0281177	0.00522646	0.11266	0.0146348	0.0160326	0.00520017	0.005878	0.00342248	0.0755963	0.0426611	0.00502641	0.00367296	0.320872	0.0163815	0.00654526	0.00115107	0.0272726
128	0.0873985	0.00318462	0.185596	0.343815	0.00245671	0.0207503	0.0380811	0.00434373	0.0655821	0.00632644	0.00406501	0.0182509	0.0113774	0.055661	0.0408217	0.0701149	0.0281798	0.00842143	0.00258956	0.00298363
129	0.032237	0.00382778	0.00199679	0.000836521	0.237519	0.00901612	0.0123848	0.129644	0.00267751	0.27325	0.104998	0.000787062	0.00387149	0.00332277	0.00234386	0.0145412	0.0130738	0.0624519	0.0289814	0.0622382
130	0.138066	0.0220978	0.0129949	0.00354805	0.0229869	0.0530342	0.00574536	0.124294	0.0128916	0.22325	0.0564548	0.0320918	0.00211066	0.0211094	0.00372436	0.0675679	0.0588453	0.131588	0.00274118	0.00485688
131	0.0157933	0.0105182	0.00290596	0.00162288	0.410576	0.00637072	0.00974023	0.0902398	0.00280289	0.252787	0.0544456	0.00172543	0.00409906	0.00358793	0.00364162	0.00987879	0.00624776	0.065799	0.0101939	0.0370238
132	0.694003	0.0180663	0.00340684	0.000937673	0.00252372	0.0231178	0.00438399	0.00267128	0.00190397	0.00701642	0.00448099	0.00471494	0.0076333	0.00104199	0.0058378	0.142667	0.0515887	0.0216965	0.000363947	0.00194331
133	0.0224154	0.00247505	0.00288157	0.0105918	0.00249873	0.825464	0.00369327	0.00531191	0.00367564	0.00610069	0.00280168	0.00469067	0.00278815	0.00548331	0.00448919	0.059689	0.0254282	0.00521693	0.00182282	0.00248194
134	0.0376697	0.00393759	0.00217458	0.000835734	0.226324	0.0122789	0.0098128	0.139816	0.00340716	0.270217	0.112831	0.000805896	0.00363137	0.00322464	0.00203708	0.0171643	0.0172539	0.0592485	0.0278356	0.0494942
135	0.00375569	0.000613106	0.000416874	0.00171089	0.0412212	0.000700743	0.00778127	0.139857	0.00170114	0.66076	0.0431588	0.000400736	0.00458844	0.00190949	0.00173956	0.00191848	0.0134966	0.0524596	0.000301842	0.0215087
136	0.168339	0.0185251	0.00321951	0.0122033	0.00432236	0.193121	0.0153665	0.00567676	0.0682656	0.0455316	0.0748491	0.0393832	0.00434987	0.105685	0.125637	0.0485751	0.0312346	0.00711118	0.00192028	0.0266829
137	0.00326646	0.00115292	0.0241829	0.0285734	0.00123816	0.64808	0.0191444	0.00216289	0.0772325	0.002533	0.00127443	0.094795	0.00107338	0.0180691	0.052568	0.0149146	0.00312836	0.0047652	0.000656856	0.00118826
138	0.125911	0.000892164	0.0635739	0.179442	0.00491671	0.0394975	0.0500872	0.0106905	0.125053	0.0141048	0.00383759	0.0259374	0.00425073	0.0575218	0.142064	0.0906404	0.0285335	0.0164909	0.00567938	0.0108753
139	0.0645286	0.0162913	0.00116487	0.00367016	0.0366997	0.00513018	0.00384934	0.171956	0.00110476	0.15686	0.0708838	0.00215994	0.00521231	0.00368031	0.00264197	0.0349725	0.0738144	0.336015	0.00127867	0.0080864
140	0.0662341	0.0122601	0.115699	0.158549	0.00229581	0.00398297	0.0399055	0.00889183	0.187644	0.0108174	0.0019717	0.028117	0.0832019	0.0273104	0.142692	0.0553431	0.0391529	0.0124705	0.000891949	0.00256933
141	0.0138376	0.00769736	0.000930017	0.00148673	0.0387542	0.00148157	0.00418647	0.117853	0.00502064	0.510074	0.107096	0.00117922	0.00278411	0.00300929	0.00137443	0.00423891	0.0269288	0.1273	0.00243722	0.0223311
142	0.0840227	0.0212748	0.0010192	0.000824825	0.0376718	0.0119607	0.00905208	0.0828909	0.00514488	0.022246	0.00888749	0.000836193	0.000648061	0.00463409	0.001035	0.0259249	0.12524	0.538169	0.000392809	0.0181251
143	0.0343706	0.00171115	0.0639945	0.0904439	0.00239889	0.00244793	0.0303187	0.00799707	0.291818	0.00566835	0.00366664	0.0362079	0.0418007	0.0660995	0.252189	0.0310325	0.0279501	0.00588227	0.000405491	0.00359714
144	0.277176	0.243976	0.00225384	0.0142124	0.00262744	0.194948	0.00331128	0.0108435	0.024001	0.0159277	0.00277949	0.00441994	0.0163707	0.00285296	0.0170788	0.102455	0.0263437	0.0324189	0.00134851	0.0046558
145	0.00345414	0.000583379	0.000421215	0.00184737	0.042668	0.000718517	0.00836579	0.139244	0.00152216	0.663811	0.0424756	0.000384821	0.0048476	0.00177779	0.00193664	0.00169582	0.0122012	0.0489207	0.000290556	0.0228343
146	0.0268526	0.0164712	0.0664319	0.114338	0.0169691	0.00637769	0.0608563	0.0116278	0.0352454	0.14981	0.0334936	0.00598237	0.0868606	0.135909	0.0723722	0.0597465	0.0214277	0.0080272	0.00183063	0.0693702
147	0.0340766	0.00483505	0.000430495	0.000769134	0.0421526	0.00121982	0.00296109	0.440138	0.00115247	0.14341	0.0230204	0.00338594	0.000943906	0.000722094	0.00150463	0.00211811	0.00807556	0.262128	0.00425601	0.0227008
148	0.0222888	0.00272326	0.00130785	0.00546952	0.00705839	0.00624942	0.0111991	0.0152706	0.00776653	0.0252391	0.0021729	0.0009507	0.798855	0.0114999	0.00350755	0.0304308	0.00414096	0.0235858	0.00761886	0.0126645
149	0.635004	0.0168966	0.0115895	0.00342404	0.00399331	0.019294	0.0178389	0.0138423	0.0124836	0.0234815	0.0035481	0.0195278	0.00293049	0.00262232	0.0147782	0.155855	0.0190408	0.00991884	0.00145209	0.0124782
150	0.0251206	0.0101848	0.142691	0.122818	0.001839	0.0353969	0.118018	0.00298027	0.00250501	0.00463897	0.00218319	0.184368	0.00173286	0.0747505	0.0526107	0.0854823	0.0796331	0.00570148	0.00310517	0.0442398
151	0.676379	0.0177177	0.00339691	0.00127662	0.00582068	0.0163871	0.00516356	0.00324835	0.00260983	0.00618553	0.00389316	0.00585466	0.00362142	0.00150222	0.00494678	0.187314	0.0362937	0.0152777	0.000490272	0.00262101
152	0.0742417	0.00383104	0.235777	0.338941	0.00153155	0.0175504	0.0363182	0.0023518	0.0265607	0.0216991	0.0102771	0.0197309	0.00405203	0.10953	0.0210543	0.0482719	0.00920657	0.00641682	0.0108502	0.00180756
153	0.0252236	0.00406984	0.00215722	0.000942037	0.30306	0.00853942	0.0106026	0.128776	0.0026348	0.274285	0.0773097	0.000981156	0.00448882	0.00335491	0.00306304	0.014066	0.00735518	0.0669508	0.017257	0.0448834
154	0.036914	0.0175442	0.000591496	0.00112141	0.00691994	0.00205439	0.0008612	0.283132	0.00082609	0.0639231	0.00303704	0.000672977	0.00054804	0.000962856	0.000873231	0.00260261	0.00624404	0.569652	0.000641889	0.000877757
155	0.0116609	0.00551122	0.000754608	0.000984968	0.0117138	0.00151242	0.00148162	0.34343	0.00122049	0.427248	0.0291264	0.000948851	0.00365451	0.00135267	0.0026371	0.00553286	0.00416631	0.144545	0.000501375	0.0020164
156	0.0231536	0.0636013	0.0069527	0.19462	0.00680833	0.00839132	0.0121409	0.0558721	0.041296	0.0412541	0.00661754	0.00775981	0.00770255	0.0722271	0.0695101	0.104371	0.19012	0.0759485	0.0034028	0.00825137
157	0.0213002	0.00211162	0.0034005	0.0107325	0.00202567	0.839439	0.00373672	0.00563961	0.00701334	0.00472324	0.00272509	0.007437	0.00250942	0.00506987	0.0068998	0.0476523	0.0196395	0.00421814	0.00132394	0.00240218
158	0.0197411	0.0180747	0.0166538	0.0547758	0.0980078	0.00440116	0.0903595	0.0190271	0.0276566	0.046766	0.0275337	0.00209409	0.00228771	0.00513377	0.0441159	0.035891	0.0681798	0.13613	0.0350782	0.248092
159	0.0364967	0.0109096	0.000652145	0.00166817	0.0174063	0.0046809	0.00196172	0.321239	0.000963304	0.147408	0.0205965	0.00163155	0.00133932	0.00132183	0.00152901	0.00807164	0.0127573	0.40111	0.00160648	0.00665054
160	0.0303769	0.0119927	0.00312158	0.00323235	0.6125	0.00769044	0.0273527	0.0069344	0.00295747	0.0621748	0.0149128	0.00251289	0.00197608	0.00443078	0.00339631	0.0124689	0.0090414	0.0143483	0.0100805	0.158499
161	0.020816	0.00206957	0.00300675	0.0111529	0.00207702	0.840151	0.00360117	0.00548732	0.0063032	0.00481267	0.00260374	0.00699119	0.00252936	0.00491647	0.00628984	0.0488525	0.0203992	0.00427634	0.00130649	0.00235772
162	0.0247136	0.00223597	0.575346	0.0617811	0.00171889	0.0160212	0.0277279	0.00343508	0.0229074	0.0070871	0.00166115	0.149202	0.0153002	0.0186429	0.0159363	0.0349913	0.0092778	0.00789565	0.00161177	0.00250624
163	0.037495	0.00666339	0.0330829	0.0215373	0.029288	0.0095947	0.438878	0.0168298	0.0243595	0.0393803	0.00751458	0.0442267	0.00706081	0.0543243	0.0629609	0.0261625	0.0243068	0.0176505	0.00595946	0.0927249
164	0.0376797	0.00778089	0.00249878	0.00142916	0.211483	0.0063489	0.0119822	0.161106	0.00582993	0.166721	0.132267	0.00123731	0.00232426	0.00620545	0.00233546	0.0133658	0.0382272	0.0638583	0.0380772	0.089243
165	0.0337609	0.0247005	0.00213326	0.00110295	0.110582	0.00295373	0.00380056	0.12213	0.00332273	0.281818	0.165255	0.00234199	0.00157703	0.00409864	0.00164522	0.00736437	0.0217535	0.189612	0.0085515	0.0114963
166	0.0298103	0.00139436	0.0419322	0.0940798	0.0036733	0.00446965	0.0663119	0.0124371	0.1284	0.00746617	0.00613162	0.0270209	0.00592218	0.113869	0.257985	0.0351116	0.146137	0.0150893	0.000972789	0.00178566
167	0.036914	0.0175442	0.000591496	0.00112141	0.00691994	0.00205439	0.0008612	0.283132	0.00082609	0.0639231	0.00303704	0.000672977	0.00054804	0.000962856	0.000873231	0.00260261	0.00624404	0.569652	0.000641889	0.000877757
168	0.0145329	0.00211666	0.154989	0.215936	0.00198456	0.0103697	0.0508034	0.00333293	0.150574	0.00372284	0.00205636	0.0419691	0.00265401	0.0647756	0.0108534	0.0412413	0.212837	0.0123762	0.000863082	0.00201204
169	0.269609	0.115772	0.00824716	0.0559378	0.00226047	0.013176	0.0507025	0.00800538	0.115294	0.0134522	0.00672914	0.058039	0.00189585	0.00318658	0.153842	0.0341901	0.0585002	0.0231446	0.00121212	0.00680454
170	0.0269278	0.00162862	0.000618612	0.000974508	0.016784	0.00325348	0.00136094	0.519711	0.000849842	0.122212	0.10978	0.00104756	0.000538304	0.00330184	0.00423013	0.00172724	0.00634177	0.175754	0.000654736	0.00230488
171	0.0194547	0.021091	0.0189384	0.0215825	0.140084	0.00999331	0.0726092	0.0400882	0.0144226	0.153535	0.0433964	0.0085821	0.00283095	0.016444	0.0154086	0.0477657	0.1025	0.0575053	0.0462497	0.147517
172	0.00841221	0.00169104	0.00182267	0.0220741	0.00292113	0.00216275	0.0065402	0.00434056	0.116729	0.0153449	0.00292313	0.00146858	0.00391717	0.0272212	0.760738	0.00389799	0.00366703	0.00974431	0.000676473	0.00370746
173	0.0343176	0.00170794	0.0639731	0.0903996	0.00240746	0.00245609	0.0303827	0.00799758	0.29185	0.00567238	0.00367996	0.036176	0.0415882	0.0660273	0.252364	0.0310935	0.0280068	0.00589252	0.000405491	0.00360148
174	0.00538722	0.00183105	0.433897	0.0268535	0.00135125	0.0324563	0.0227901	0.00309322	0.057595	0.00411299	0.00151029	0.297383	0.004887	0.0273238	0.0306751	0.0319224	0.0105596	0.00413161	0.000727619	0.00151179
175	0.379138	0.0226228	0.00408448	0.00545132	0.00493687	0.0257147	0.00658374	0.00793191	0.00709108	0.00936011	0.00491316	0.00444887	0.410849	0.00590396	0.0260065	0.0306133	0.00918576	0.00943564	0.00268909	0.0230395
176	0.0119874	0.0049012	0.000742844	0.00297095	0.00887826	0.00157384	0.00447558	0.643646	0.00105843	0.0598395	0.0142139	0.00114775	0.000619188	0.00103993	0.00464671	0.00157382	0.00954754	0.224032	0.00074608	0.00235901
177	0.0227858	0.0195418	0.0036684	0.0026914	0.357069	0.00695606	0.021851	0.0416208	0.00286321	0.114394	0.0299466	0.00175145	0.00261398	0.00412239	0.00354	0.0127076	0.0141704	0.034615	0.0422662	0.260825
178	0.0718547	0.00364013	0.00631789	0.00898134	0.00731618	0.00781525	0.135681	0.0286705	0.00550702	0.120551	0.0411449	0.0054213	0.215108	0.0934275	0.00881461	0.067477	0.0488938	0.0832619	0.00190955	0.0382055
179	0.179452	0.0214397	0.00271579	0.0081293	0.0285371	0.0439847	0.010809	0.00648901	0.00331254	0.0176413	0.00370549	0.0166986	0.0164954	0.0100287	0.00352666	0.178858	0.360024	0.0661586	0.00314676	0.0188475
180	0.0285374	0.010426	0.0110312	0.00318535	0.00401606	0.00462902	0.0137165	0.0288406	0.0193413	0.00836748	0.00465516	0.0128111	0.00282264	0.00429118	0.00377682	0.180561	0.64811	0.0069468	0.00118994	0.00274426
181	0.072705	0.023136	0.00100532	0.00211518	0.0488714	0.0149869	0.0141982	0.10338	0.00426611	0.0379238	0.0142499	0.00252665	0.00119709	0.00492656	0.00205038	0.0335876	0.0979801	0.496781	0.000663998	0.0234488
182	0.0819844	0.0181008	0.00492043	0.00798938	0.0192886	0.0460442	0.00977867	0.0312114	0.00714072	0.0191604	0.0126716	0.0127293	0.00970412	0.00986109	0.00647763	0.137039	0.276796	0.272299	0.00234365	0.0144588
183	0.0194294	0.00209186	0.00391928	0.0138441	0.00244609	0.827103	0.00431942	0.00437943	0.00871413	0.00513211	0.00234068	0.00922376	0.00205997	0.00571577	0.00770829	0.0530674	0.02039	0.00462235	0.00141389	0.00207876
184	0.00543599	0.00446897	0.00640748	0.0140611	0.0198607	0.00695971	0.0283265	0.0239229	0.274529	0.0430428	0.00580422	0.00173483	0.0410121	0.0442367	0.429274	0.00575753	0.0052507	0.0109358	0.00100143	0.0279778
185	0.0441044	0.00384704	0.0033394	0.00788242	0.00820043	0.0357025	0.017839	0.0120335	0.0123804	0.019993	0.00381872	0.00201068	0.741086	0.0110863	0.0079955	0.0258407	0.00830348	0.0160243	0.0092848	0.00922725
186	0.0220282	0.00268383	0.00127195	0.00615684	0.00883418	0.00660363	0.00833407	0.0149066	0.00895059	0.0148533	0.00172937	0.000812522	0.822202	0.0105131	0.00445663	0.0234791	0.00324811	0.0185833	0.0107066	0.0096458
187	0.00548594	0.00160398	0.000722255	0.00169145	0.056315	0.00139341	0.00488751	0.176332	0.00158199	0.590373	0.0697287	0.000679337	0.00411592	0.00234404	0.00223956	0.0025119	0.0102587	0.050696	0.000833242	0.0162063
188	0.355779	0.00914993	0.00235959	0.00257428	0.00498627	0.333601	0.00339104	0.0911876	0.00288934	0.0313223	0.0233262	0.0035764	0.0149197	0.00290975	0.0150599	0.0411568	0.0123455	0.0399864	0.0012469	0.00823272
189	0.0757462	0.00266717	0.0357772	0.202408	0.00741226	0.00716281	0.034682	0.0448021	0.100604	0.143584	0.0356816	0.0257088	0.00498499	0.0591858	0.0744963	0.0202723	0.036594	0.0391592	0.015985	0.0330865
190	0.139043	0.0106745	0.0042682	0.00520069	0.127211	0.0788452	0.00845973	0.0625206	0.0275575	0.0686115	0.00979037	0.00594755	0.00339513	0.00663901	0.00612305	0.0509434	0.0593956	0.266978	0.00256726	0.055829
191	0.0587064	0.0059011	0.011132	0.00151208	0.0991072	0.0276608	0.00325664	0.110524	0.00318716	0.329014	0.133406	0.00238742	0.00225021	0.00273568	0.00196109	0.0316322	0.0755539	0.0606897	0.026445	0.0129369
