524	20
1	0.0427408	0.012143	0.033041	0.023	0.0131756	0.0162828	0.0706974	0.00968701	0.169135	0.0338	0.0205026	0.0716015	0.00743495	0.0727593	0.247702	0.095955	0.0299108	0.0176485	0.00290842	0.00987388
2	0.0193703	0.0211037	0.00168272	0.00374036	0.0146375	0.00194749	0.000695717	0.32069	0.00310561	0.15875	0.0274834	0.00131116	0.00402676	0.00343461	0.0011481	0.0080456	0.0221063	0.383439	0.00231052	0.000970651
3	0.12963	0.000911595	0.0256588	0.0272341	0.0155642	0.0287612	0.00748525	0.091315	0.02838	0.0126298	0.00890532	0.0443845	0.00190378	0.0125354	0.023919	0.179819	0.235167	0.115201	0.000304915	0.0102898
4	0.156326	0.000872442	0.0316281	0.0444789	0.00701512	0.106496	0.00681743	0.0146497	0.0662539	0.0192728	0.00738101	0.0818981	0.0135243	0.0534588	0.0443528	0.20602	0.0815303	0.042057	0.00125277	0.0147146
5	0.0111139	0.00101386	0.000513702	0.000529398	0.0789371	0.00228376	0.00204379	0.213945	0.00124363	0.52361	0.0337687	0.00161294	0.00305471	0.00137606	0.00191501	0.0045676	0.00418604	0.106721	0.00357747	0.00398607
6	0.0698112	0.0197439	0.00613986	0.0146625	0.0164248	0.0228846	0.0109677	0.0531531	0.115913	0.217167	0.104636	0.0247069	0.00530786	0.0974253	0.0806328	0.0388203	0.0316004	0.0575344	0.00505308	0.0074154
7	0.0320496	0.00817057	0.0565111	0.0197326	0.00303585	0.654995	0.0121332	0.00472784	0.00696372	0.00706352	0.00186654	0.0470506	0.00541988	0.0189452	0.0410635	0.0663642	0.00756717	0.00396	0.000594296	0.0017852
8	0.0173556	0.00404893	0.000648105	0.000830472	0.0575441	0.00412242	0.00173149	0.217702	0.001137	0.447948	0.0395307	0.00138809	0.00296572	0.00173242	0.00173131	0.00847214	0.00915353	0.175435	0.00260613	0.00391683
9	0.0978929	0.000789339	0.0392876	0.0374443	0.00879833	0.0717654	0.00891782	0.0177791	0.0707156	0.029445	0.0109679	0.107086	0.0124793	0.048947	0.0476295	0.228661	0.110241	0.0363141	0.000146949	0.0146919
10	0.0568675	0.00830019	0.0506212	0.0261572	0.00680894	0.543331	0.0114407	0.00855749	0.0104086	0.0149854	0.00534831	0.0299947	0.0599432	0.0173407	0.0303839	0.0680286	0.0230436	0.0174123	0.00302866	0.007998
11	0.0489506	0.00158535	0.018391	0.0447404	0.00939415	0.0275893	0.0102048	0.0278821	0.0414429	0.0120126	0.017833	0.0342485	0.089885	0.0336951	0.0357529	0.21607	0.268983	0.0511309	0.000322731	0.00988649
12	0.0791352	0.00124279	0.0496783	0.0353358	0.00885461	0.06286	0.00756117	0.00818684	0.0993007	0.0389491	0.0106721	0.145728	0.00427079	0.0542992	0.0546585	0.219419	0.0889173	0.0164793	0.000220469	0.0142312
13	0.019417	0.0265629	0.0023729	0.00392804	0.0484786	0.00898822	0.0125662	0.070192	0.00505222	0.560161	0.145417	0.00615664	0.00338298	0.00928149	0.00502229	0.0171334	0.0154161	0.033704	0.00268618	0.00408107
14	0.11687	0.00379497	0.0353565	0.0226433	0.01491	0.0214056	0.00423873	0.00960601	0.0255552	0.0132919	0.00418532	0.0254083	0.0385662	0.0150189	0.0146724	0.314522	0.274383	0.0279329	0.000894277	0.0167443
15	0.130789	0.00205499	0.04233	0.125237	0.0109086	0.0477598	0.0549189	0.00930244	0.134392	0.0177108	0.0279274	0.0488408	0.00331366	0.110365	0.0252258	0.165859	0.025999	0.00506165	0.000920203	0.0110837
16	0.0531423	0.00990459	0.012881	0.0186911	0.0666493	0.0220531	0.0146536	0.0951673	0.0159085	0.343893	0.0341659	0.01803	0.084163	0.0153752	0.0141444	0.0527046	0.0340561	0.0810515	0.00437708	0.00898885
17	0.0388468	0.000850988	0.0172573	0.105601	0.0239549	0.00886546	0.003426	0.0172821	0.109246	0.0106463	0.0131631	0.0387109	0.00149313	0.147028	0.0961147	0.0994077	0.13967	0.102583	0.00411058	0.0217427
18	0.0301579	0.0549223	0.0215615	0.0125313	0.0137161	0.0195381	0.0364898	0.00794556	0.00980969	0.0171014	0.0103681	0.559163	0.00503083	0.00901566	0.0112903	0.0655186	0.067675	0.0168634	0.00200992	0.0292914
19	0.128528	0.00502338	0.00815961	0.00498883	0.0258175	0.0438316	0.052337	0.00537706	0.179163	0.0113903	0.00523799	0.118843	0.0154521	0.0941266	0.14544	0.114532	0.0193009	0.0179342	0.00121872	0.00329907
20	0.0110813	0.000731078	0.000485947	0.000517985	0.0881809	0.00203855	0.00219173	0.202714	0.00141543	0.546116	0.0304821	0.00185282	0.0031047	0.00139139	0.00190869	0.00389209	0.00377672	0.0903388	0.00405375	0.00372585
21	0.0454796	0.00581862	0.0061908	0.0431109	0.00850059	0.0296247	0.0152146	0.00761257	0.0130784	0.00821751	0.0107774	0.0408431	0.00439563	0.0130629	0.00942737	0.434019	0.284675	0.0112602	0.00680456	0.00188639
22	0.0356568	0.00874698	0.0541095	0.0165075	0.00412619	0.670256	0.00862947	0.00663763	0.00660611	0.0101108	0.00315385	0.0327346	0.00797909	0.0142995	0.0372273	0.0584439	0.0116993	0.0088433	0.000932977	0.00329901
23	0.115533	0.00380996	0.0284019	0.0502653	0.00353594	0.0240851	0.0203176	0.00506055	0.0332396	0.0202294	0.00876838	0.0188623	0.384198	0.0515518	0.0213621	0.131868	0.0643456	0.0112284	0.00184595	0.00149125
24	0.0111647	0.00145516	0.000502357	0.000492901	0.0639612	0.00248048	0.00193172	0.216339	0.000964726	0.497239	0.0397896	0.00137662	0.00264426	0.00154167	0.00174271	0.00558225	0.00542634	0.138087	0.00285661	0.00442255
25	0.0857454	0.00490623	0.024508	0.0437919	0.00594116	0.0251151	0.0309033	0.0124721	0.0299155	0.028255	0.00922713	0.0224686	0.383017	0.0403269	0.0250752	0.143355	0.0611289	0.0182284	0.0023434	0.00327539
26	0.00855736	0.000757526	0.000773979	0.00086958	0.169542	0.0026027	0.00150923	0.100901	0.00173909	0.618655	0.0248562	0.00252241	0.00207817	0.00172609	0.00192933	0.00309765	0.0061803	0.040017	0.00688678	0.00479846
27	0.204195	0.0057514	0.00839638	0.00975641	0.00550596	0.0986923	0.00650171	0.0202776	0.112489	0.0354971	0.00469157	0.0649841	0.0501813	0.0135054	0.0722381	0.238094	0.0161975	0.0259004	0.00184427	0.00530105
28	0.0756807	0.00192163	0.0547148	0.0379516	0.00964065	0.108524	0.0117816	0.00785915	0.0770976	0.0366594	0.0103309	0.148357	0.00419142	0.0518653	0.054041	0.211277	0.0687071	0.0146984	0.0004385	0.0142631
29	0.0137543	0.026684	0.00154561	0.00163776	0.0334151	0.00653585	0.0135391	0.0644381	0.00251268	0.59951	0.168299	0.00352164	0.0018067	0.00743567	0.00264127	0.0154706	0.0150758	0.0202385	0.000485364	0.00145358
30	0.200114	0.00400007	0.0344349	0.0136819	0.00811795	0.0472666	0.00442529	0.00609696	0.0428787	0.0308592	0.0040806	0.0589866	0.0600763	0.0292796	0.00810896	0.22824	0.195751	0.0125687	0.000947457	0.0100864
31	0.0449972	0.00249039	0.00452186	0.0052374	0.231282	0.019502	0.0380307	0.034115	0.00535054	0.142675	0.0594106	0.0731533	0.0040429	0.00753586	0.00494296	0.0461713	0.00891419	0.0523713	0.00154364	0.213712
32	0.0118265	0.000796319	0.000549664	0.000511073	0.088417	0.0021564	0.00221152	0.198584	0.00140946	0.548075	0.0303247	0.00184888	0.00302398	0.00143248	0.00190663	0.00394607	0.00400823	0.0912562	0.00398933	0.00372589
33	0.00919718	0.00478898	0.184268	0.0486817	0.0125708	0.105703	0.0300152	0.00612427	0.0285123	0.0112838	0.00277208	0.295115	0.00290866	0.0225543	0.0483741	0.109555	0.0238703	0.00776829	0.00390039	0.0420351
34	0.00911043	0.0048025	0.184764	0.048745	0.0125954	0.104511	0.0299486	0.00616957	0.0285759	0.0112706	0.00276946	0.295957	0.00290335	0.022427	0.0482452	0.109376	0.023949	0.00781144	0.00391691	0.0421503
35	0.0312992	0.051421	0.0272794	0.0139936	0.013234	0.0349072	0.0338629	0.00906884	0.0136884	0.0180765	0.0116578	0.508179	0.00650177	0.0124291	0.0164085	0.0977372	0.0552098	0.0146555	0.00203637	0.0283543
36	0.110167	0.00449374	0.092369	0.0334642	0.0103321	0.0430246	0.0085574	0.0337375	0.0186242	0.00953025	0.00657776	0.0429282	0.0136457	0.0105996	0.0227808	0.228836	0.2517	0.0499207	0.000677178	0.00803375
37	0.139891	0.00772589	0.0257807	0.0220753	0.0167955	0.0275463	0.00642976	0.00348645	0.018052	0.0209047	0.00280347	0.0186345	0.0358957	0.0183692	0.0175207	0.414594	0.163379	0.0126117	0.00125424	0.0262503
38	0.0184733	0.0189613	0.00138685	0.00312529	0.0188108	0.00219143	0.000681793	0.315991	0.00277077	0.187906	0.0302998	0.00118237	0.00366078	0.00302388	0.00118187	0.00808357	0.0200236	0.358628	0.00216656	0.00145101
39	0.0914054	0.0038846	0.0261682	0.0449103	0.00395123	0.0218059	0.0245563	0.00721729	0.0274596	0.021091	0.00681656	0.0202228	0.393316	0.0401297	0.0210929	0.166385	0.0632836	0.0121407	0.00134933	0.00281428
40	0.196462	0.00279872	0.0870131	0.0614651	0.00192061	0.045037	0.0200771	0.0106578	0.0442872	0.0350394	0.0280161	0.0472777	0.116603	0.0378112	0.0233086	0.158833	0.0336925	0.0418732	0.00172936	0.00609696
41	0.0434336	0.0080548	0.371397	0.153174	0.00115261	0.0543367	0.0182306	0.00425492	0.0147483	0.00864167	0.00822773	0.08755	0.0346411	0.0240437	0.0059526	0.0849763	0.0549217	0.0158236	0.0003037	0.00613586
42	0.0473882	0.0270946	0.0023938	0.00424189	0.0480448	0.0110479	0.00118344	0.260349	0.00398085	0.182651	0.0288787	0.002635	0.00670878	0.00413488	0.00206068	0.0196675	0.0225087	0.317482	0.00309996	0.00444868
43	0.0708449	0.00846335	0.00375827	0.00244951	0.210809	0.0354141	0.00197267	0.0640687	0.0029639	0.377866	0.019399	0.00427692	0.011409	0.00289643	0.00285607	0.0233259	0.0149436	0.117159	0.00714709	0.0179761
44	0.0253675	0.00834481	0.0574836	0.0126797	0.00170667	0.725419	0.006733	0.00482966	0.00202257	0.00752066	0.0016674	0.0297124	0.00616912	0.00911721	0.0371959	0.0502873	0.00705016	0.00410347	0.00058813	0.00200152
45	0.0144416	0.0266195	0.00158364	0.00178709	0.0330156	0.00632036	0.0130397	0.063796	0.00264508	0.600035	0.163763	0.00368675	0.00202813	0.0075117	0.00266296	0.0152337	0.0160595	0.0236417	0.000608526	0.00152054
46	0.0628889	0.00139309	0.0269652	0.0427208	0.00769206	0.0267842	0.00956313	0.0206742	0.0398268	0.0107708	0.00955657	0.0402187	0.0915614	0.0311991	0.0370103	0.223638	0.255716	0.0499798	0.000225468	0.0116162
47	0.0908362	0.00371273	0.0400611	0.0262805	0.0141075	0.0718429	0.0192445	0.0104227	0.0415689	0.01077	0.0103963	0.18032	0.00227304	0.0295175	0.0169129	0.368968	0.0425875	0.0151108	0.000618398	0.00444918
48	0.0115165	0.00247049	0.000575923	0.000673466	0.0638634	0.00232344	0.001867	0.215762	0.00104842	0.491397	0.0378818	0.00135878	0.0027252	0.00165037	0.00173638	0.00546132	0.00600949	0.144532	0.00296863	0.00417814
49	0.0524725	0.00210632	0.0202224	0.0960777	0.00377491	0.00462042	0.00291238	0.028422	0.0408778	0.114369	0.0709415	0.0184492	0.00957272	0.245025	0.0687568	0.026895	0.124239	0.0673042	0.000895765	0.00206498
50	0.0910667	0.0226784	0.0722603	0.0404575	0.0362658	0.0302069	0.0396199	0.00536535	0.0190822	0.0111397	0.00475271	0.0283256	0.00912188	0.0103396	0.0704809	0.352221	0.102402	0.00856712	0.00079066	0.0448563
51	0.0114228	0.0011916	0.000484289	0.000519844	0.0668123	0.00252677	0.00200178	0.229144	0.00112018	0.490851	0.038746	0.00137971	0.00279006	0.00129524	0.00184839	0.00574265	0.00519195	0.129694	0.00259611	0.0046419
52	0.0382775	0.00621253	0.415386	0.15136	0.000961414	0.0504178	0.0164947	0.00181357	0.00799234	0.00891381	0.00911012	0.0769252	0.0395813	0.0161956	0.0060172	0.0778793	0.0515508	0.0179198	0.000297307	0.00669377
53	0.00911043	0.0048025	0.184764	0.048745	0.0125954	0.104511	0.0299486	0.00616957	0.0285759	0.0112706	0.00276946	0.295957	0.00290335	0.022427	0.0482452	0.109376	0.023949	0.00781144	0.00391691	0.0421503
54	0.072623	0.0556427	0.0205175	0.0148486	0.014242	0.0237688	0.0230625	0.0142863	0.0182011	0.0717364	0.0407055	0.351972	0.0139932	0.0155499	0.0194249	0.145271	0.042074	0.0199268	0.00348867	0.018666
55	0.246969	0.0012115	0.0230862	0.032289	0.00373455	0.165178	0.00262034	0.00859931	0.0393981	0.00510017	0.00202484	0.0481979	0.0294549	0.0339821	0.0255861	0.22501	0.0492007	0.0453384	0.00209157	0.0109264
56	0.0607191	0.070019	0.027524	0.0282929	0.0249622	0.188841	0.0225456	0.0316016	0.0470156	0.0520599	0.0156337	0.0320679	0.0602064	0.0291817	0.0625399	0.0748049	0.0332698	0.0326815	0.0745529	0.0314804
57	0.0547077	0.00162747	0.0178037	0.0486674	0.00537983	0.0328737	0.0133103	0.0204759	0.0404856	0.0128386	0.0118853	0.0419566	0.09508	0.0374641	0.036876	0.230897	0.226311	0.0588188	0.000281667	0.0122598
58	0.0112418	0.000763291	0.000498324	0.000529217	0.0800887	0.00235394	0.00212539	0.217502	0.00131694	0.52449	0.0331537	0.00166085	0.00332507	0.00126204	0.00193921	0.00463818	0.00395743	0.101689	0.00355221	0.00391309
59	0.0544127	0.00453617	0.0168811	0.0204787	0.00398249	0.0269326	0.0621333	0.0188251	0.0170605	0.0346651	0.00552731	0.0310982	0.37757	0.0183895	0.0236316	0.207119	0.0553602	0.0175944	0.00117245	0.00262959
60	0.174293	0.00240096	0.0968119	0.0792915	0.00210903	0.0262166	0.0217363	0.0172459	0.0422776	0.0375837	0.029196	0.0481226	0.0974002	0.0436057	0.028932	0.160888	0.0391925	0.0450431	0.00137807	0.00627518
61	0.107308	0.1491	0.0116389	0.0110337	0.0117254	0.0178151	0.0109144	0.0133347	0.0121659	0.0184156	0.0117135	0.112926	0.0106052	0.0128142	0.0126488	0.148358	0.163235	0.152783	0.00321214	0.00825262
62	0.072434	0.00149054	0.0502755	0.0351486	0.0108237	0.0720238	0.00987947	0.00882666	0.0740954	0.035098	0.0131426	0.153601	0.00413926	0.0492544	0.0479104	0.247813	0.0817876	0.0162745	0.000350412	0.0156311
63	0.0111321	0.00157931	0.000493524	0.000503289	0.0629341	0.00246893	0.00195224	0.215494	0.000967697	0.494974	0.040983	0.00136664	0.00257261	0.00153799	0.00178534	0.00577159	0.00570616	0.140583	0.00274015	0.00445423
64	0.136136	0.000835175	0.0236729	0.0274997	0.0157286	0.0310083	0.00802253	0.0885833	0.0289722	0.0121372	0.00946402	0.0439408	0.00100947	0.0123463	0.0238762	0.183064	0.222738	0.119581	0.000288556	0.0110957
65	0.0346597	0.0174142	0.0770823	0.0229784	0.00473041	0.560913	0.0110889	0.0148881	0.00963016	0.0120114	0.00460133	0.0614052	0.00808628	0.0158402	0.0364817	0.0705737	0.0179186	0.0096642	0.00345577	0.00657679
66	0.060104	0.0013251	0.0201273	0.0461576	0.00582965	0.0291404	0.01128	0.0201816	0.0416876	0.012069	0.010007	0.0414434	0.100629	0.0342753	0.0389716	0.227841	0.232235	0.0542641	0.000169881	0.0122615
67	0.0112959	0.000844921	0.000510273	0.00051848	0.0831042	0.00217661	0.00215094	0.212009	0.00131327	0.531772	0.0316127	0.00168521	0.00313721	0.00134628	0.00192014	0.0042427	0.00391122	0.0991195	0.00352893	0.00380007
68	0.0974276	0.00463448	0.0238523	0.0496804	0.0049782	0.0282296	0.0195098	0.00894615	0.0337538	0.0208418	0.00878734	0.0232338	0.327914	0.0504243	0.0243903	0.157554	0.0916915	0.0190348	0.0015021	0.00361422
69	0.0607931	0.00150688	0.0165711	0.0466628	0.00509174	0.0267121	0.0138344	0.0193677	0.0426295	0.0142219	0.0101427	0.0383345	0.158412	0.0370559	0.0388496	0.209763	0.20018	0.0496004	0.000418039	0.00985167
70	0.0836777	0.00415797	0.0360829	0.0270639	0.0134757	0.0948304	0.0195156	0.00800487	0.0421367	0.00876937	0.00846311	0.173548	0.00230885	0.0286293	0.0180597	0.365846	0.0478224	0.0131384	0.000946877	0.0035225
71	0.0130519	0.0155014	0.00167084	0.00240181	0.0642431	0.00605036	0.00842887	0.102372	0.0035256	0.575664	0.107585	0.00419316	0.00268562	0.00586004	0.00375762	0.0113206	0.0115797	0.0526432	0.00293823	0.00452756
72	0.0431771	0.000761138	0.0214551	0.105178	0.0151714	0.0114185	0.00600066	0.0136212	0.122083	0.0173998	0.0102368	0.0456583	0.0018175	0.141814	0.112801	0.104014	0.115519	0.0907005	0.00471764	0.0164561
73	0.0651977	0.00181585	0.0811586	0.143279	0.0087109	0.0105109	0.0343298	0.0427688	0.0382026	0.0524937	0.015894	0.11744	0.0071304	0.063057	0.0376229	0.0929375	0.0918179	0.0855967	0.000758504	0.0092768
74	0.011913	0.00321154	0.000608971	0.000786548	0.0605892	0.00269251	0.00187167	0.224826	0.00120721	0.466007	0.039736	0.00145202	0.00283297	0.00166027	0.00178015	0.0062729	0.00730906	0.157938	0.00272873	0.00457625
75	0.042049	0.00309315	0.0598071	0.0600757	0.00194003	0.0231484	0.0347974	0.0170051	0.143603	0.0503708	0.0307401	0.0580668	0.00801022	0.098721	0.215053	0.0811522	0.0325379	0.0261465	0.00160646	0.0120763
76	0.0165404	0.00219134	0.000798545	0.000770379	0.0775349	0.0041269	0.00194251	0.19362	0.00119052	0.508112	0.0338351	0.00166288	0.00342693	0.00161487	0.00165347	0.00623545	0.00612718	0.130307	0.00377338	0.00453707
77	0.3156	0.00505939	0.00469654	0.00610295	0.00456913	0.0250718	0.00242341	0.00764986	0.00519806	0.0406901	0.00857469	0.0166986	0.0174557	0.0171153	0.00548186	0.420162	0.0563436	0.0250118	0.0115573	0.00453803
78	0.0213315	0.00649101	0.0381381	0.0326783	0.0630821	0.153546	0.0596334	0.0132242	0.0409654	0.0711974	0.0874472	0.0727755	0.00942012	0.0648754	0.0604173	0.0448001	0.0342479	0.0155764	0.00648575	0.103667
79	0.0360862	0.0450379	0.0257893	0.0147742	0.0100672	0.0576139	0.0240749	0.00639513	0.0122445	0.0134636	0.00903456	0.442656	0.00722998	0.00926326	0.0142368	0.154613	0.0806715	0.0124564	0.00221595	0.0220751
80	0.0763312	0.00086101	0.0460397	0.0352899	0.0101799	0.068892	0.00875035	0.00908118	0.0799126	0.0392616	0.013125	0.140057	0.00446517	0.0541026	0.0538392	0.24101	0.0844632	0.0170833	0.000110872	0.0171443
81	0.00563706	0.000730295	0.000974202	0.000963407	0.196349	0.00243746	0.00126848	0.0649214	0.00168706	0.6492	0.0245786	0.00286759	0.0015539	0.00173603	0.00171808	0.00274692	0.00716627	0.0198955	0.00800429	0.0055645
82	0.0581125	0.00134589	0.0188825	0.048891	0.00630273	0.0284739	0.0113538	0.0205015	0.0422046	0.0124332	0.0102961	0.0417774	0.0917606	0.0378424	0.0384128	0.22852	0.233011	0.0564672	0.000231001	0.0131804
83	0.0404622	0.0181637	0.0629314	0.0189557	0.00344617	0.51361	0.00829857	0.00601751	0.00740623	0.00782986	0.00248725	0.0501496	0.00712044	0.0106565	0.0344366	0.156266	0.0376883	0.00885028	0.00249751	0.00272664
84	0.0851758	0.00327389	0.0200588	0.0845009	0.031743	0.214931	0.0192438	0.0217096	0.00735969	0.0242732	0.00522921	0.0362188	0.194643	0.0415211	0.00585342	0.0309446	0.0647265	0.10293	0.00146463	0.00419874
85	0.012674	0.00283433	0.000601747	0.000663991	0.06168	0.0029856	0.00182188	0.228889	0.00107187	0.465303	0.0397903	0.00128342	0.00276309	0.0014828	0.00171655	0.00643332	0.00675447	0.154227	0.00266866	0.00435515
86	0.084684	0.00553656	0.0266393	0.0409902	0.00570075	0.028542	0.0304968	0.0155225	0.0274078	0.0288816	0.00796139	0.025823	0.342154	0.03872	0.0259612	0.167459	0.0685723	0.0215241	0.00215321	0.00527045
87	0.2012	0.00271863	0.0876786	0.062945	0.00193045	0.034196	0.0188238	0.011786	0.042182	0.0372924	0.0319075	0.043488	0.1125	0.0374706	0.0260487	0.16334	0.0334085	0.0420365	0.00165582	0.00739137
88	0.0478327	0.00638324	0.00603286	0.0433095	0.0080155	0.0389836	0.0136249	0.00575344	0.0167452	0.00635982	0.0108501	0.0484111	0.0045145	0.0125649	0.0125865	0.450404	0.249434	0.0100938	0.00638463	0.00171531
89	0.00573033	0.000736258	0.000965393	0.000950678	0.19515	0.00250046	0.00129295	0.0667181	0.00168507	0.647884	0.0243628	0.00284504	0.00159372	0.0017274	0.00171378	0.00275697	0.00706162	0.0207323	0.00797147	0.00562187
90	0.262743	0.000935225	0.0223708	0.0315059	0.00335774	0.178602	0.00177316	0.00886544	0.0403387	0.00325717	0.00131096	0.0442009	0.0249146	0.0329399	0.0245216	0.213529	0.0439907	0.0475062	0.00230812	0.0110303
91	0.0379047	0.000935524	0.0178414	0.0991941	0.0239035	0.0084339	0.00342679	0.019836	0.104769	0.0145824	0.0157562	0.0408987	0.00310532	0.137942	0.0890673	0.102132	0.146177	0.108332	0.00357991	0.0221828
92	0.011309	0.00907149	0.00111	0.00113467	0.105198	0.00434781	0.00590991	0.096634	0.00218903	0.600204	0.0758369	0.0039299	0.0022468	0.00372875	0.00266337	0.00797804	0.00901403	0.047708	0.00387923	0.00590664
93	0.0394277	0.0469087	0.0195682	0.0437013	0.0584666	0.0472527	0.0242513	0.0639846	0.0477734	0.155372	0.0528738	0.02943	0.00543175	0.0528794	0.0755974	0.0342329	0.0246986	0.0794903	0.0565724	0.0420868
94	0.0117249	0.00234666	0.000532523	0.000706673	0.0609634	0.00255876	0.00190203	0.221553	0.00108525	0.479165	0.0409569	0.00138704	0.00261421	0.00159542	0.00178067	0.00610871	0.00635575	0.149664	0.00264197	0.00435707
95	0.0771212	0.00879454	0.0585204	0.0314882	0.0147913	0.0770633	0.0431629	0.00965779	0.0760798	0.0245665	0.0113038	0.141203	0.0116116	0.0466736	0.0939793	0.196538	0.0457747	0.0154764	0.00164928	0.0145442
96	0.00912427	0.00480325	0.184656	0.0486895	0.0126492	0.104417	0.0299939	0.00616278	0.0286197	0.0112612	0.00277769	0.295967	0.00290011	0.0224429	0.0482785	0.109434	0.0239294	0.00780932	0.00391566	0.0421687
97	0.0371047	0.0545114	0.0166099	0.021133	0.0171742	0.0209211	0.0153414	0.110101	0.0596391	0.0908739	0.0551033	0.0646063	0.105748	0.132546	0.0249573	0.0886979	0.034683	0.0324252	0.00531538	0.0125079
98	0.0400729	0.00270878	0.0481376	0.0491252	0.0048305	0.0372552	0.0399223	0.0144735	0.154046	0.044306	0.0381905	0.0581605	0.010258	0.0930854	0.213893	0.0705795	0.0344358	0.0246833	0.00278569	0.0190497
99	0.00745092	0.00854345	0.00103175	0.0010429	0.125457	0.00330273	0.00511093	0.0634996	0.00164036	0.652641	0.0760494	0.00426289	0.00149475	0.00333228	0.00173113	0.00626211	0.00871407	0.019742	0.00498556	0.00370517
100	0.040609	0.00842195	0.00819301	0.0409168	0.00858456	0.0516959	0.0132109	0.00534507	0.0148627	0.00570271	0.00958824	0.0481016	0.00493034	0.0133772	0.0117082	0.446573	0.250624	0.00800793	0.00822877	0.00131803
101	0.0776041	0.00999463	0.0450343	0.0224915	0.00611108	0.409721	0.00892334	0.00693528	0.0195132	0.0121372	0.00403273	0.0527489	0.0130234	0.0162003	0.0310557	0.189481	0.050679	0.0155109	0.00219992	0.00660229
102	0.0393252	0.0114631	0.0207191	0.0304778	0.0048339	0.0770966	0.0101506	0.0097671	0.0246141	0.00823543	0.0122968	0.0464165	0.0711979	0.0202438	0.031132	0.352934	0.199692	0.0211928	0.00278574	0.00542561
103	0.011315	0.00197862	0.000503793	0.000655792	0.0635829	0.00289744	0.00221995	0.216721	0.0011307	0.497078	0.0445726	0.00143417	0.00284179	0.00157373	0.00187053	0.00658051	0.00593087	0.130085	0.00266373	0.00436462
104	0.0382775	0.00621253	0.415386	0.15136	0.000961414	0.0504178	0.0164947	0.00181357	0.00799234	0.00891381	0.00911012	0.0769252	0.0395813	0.0161956	0.0060172	0.0778793	0.0515508	0.0179198	0.000297307	0.00669377
105	0.0994947	0.00505668	0.0186588	0.0209207	0.0637257	0.0116552	0.00284796	0.192377	0.0104687	0.114322	0.0268421	0.00935791	0.0413254	0.00664296	0.00585098	0.0497155	0.0620894	0.246247	0.00448888	0.00791173
106	0.019072	0.0212003	0.00153929	0.0034525	0.0156733	0.0019111	0.000694179	0.326169	0.00301099	0.163411	0.0275399	0.00129777	0.00406615	0.00336145	0.00112351	0.00803227	0.0208939	0.374099	0.00242068	0.00103106
107	0.262277	0.000943406	0.0223697	0.0314474	0.00336804	0.178308	0.00181364	0.00887615	0.0404637	0.00325607	0.00134501	0.0440626	0.0249085	0.0329006	0.0246308	0.213686	0.0444583	0.0475787	0.00228213	0.0110246
108	0.115154	0.00350679	0.0463861	0.0222735	0.00923664	0.0903472	0.0109802	0.00852548	0.0795529	0.0160536	0.00713552	0.189068	0.00588216	0.0256606	0.0226015	0.258103	0.0625732	0.0208421	0.000625072	0.00549309
109	0.015279	0.019738	0.0012323	0.00141348	0.0490095	0.00595593	0.0101262	0.0919323	0.00223537	0.584722	0.136098	0.00302638	0.00217845	0.0061656	0.00253487	0.0128167	0.0127002	0.0391269	0.00154759	0.00216145
110	0.0817884	0.00112049	0.0471376	0.0350311	0.00944671	0.070296	0.0110775	0.00975255	0.0759154	0.0361848	0.0148586	0.131844	0.00816838	0.051231	0.0515316	0.243144	0.0828445	0.0215066	0.000203442	0.0169166
111	0.0490458	0.0508351	0.01038	0.00951941	0.0160714	0.0149198	0.0390716	0.00889349	0.00940718	0.0192216	0.0106996	0.556067	0.0073975	0.00860318	0.0100802	0.0570335	0.0627456	0.0146098	0.00177164	0.0436271
112	0.123284	0.00220425	0.0490615	0.110183	0.00912258	0.0486392	0.0577143	0.0108578	0.130178	0.0217932	0.0243902	0.052437	0.00388833	0.11074	0.0336987	0.16258	0.032732	0.00669412	0.000704456	0.00909755
113	0.0107227	0.00116175	0.000587067	0.000548465	0.0927214	0.00230109	0.00238478	0.194435	0.00136658	0.545703	0.0340604	0.00181335	0.00290499	0.00145104	0.00193217	0.00433569	0.00445764	0.088952	0.00419355	0.00396711
114	0.0463957	0.00621441	0.00534292	0.04289	0.00977994	0.0316722	0.0136354	0.00642699	0.0128497	0.00794573	0.00969557	0.0394855	0.00520254	0.0155596	0.00988226	0.44343	0.273585	0.00973523	0.00834473	0.0019269
115	0.0256625	0.00874771	0.060338	0.0142981	0.00227582	0.71013	0.0070707	0.00524554	0.00322045	0.00783442	0.00203513	0.0327842	0.00631958	0.00981232	0.0374146	0.0508729	0.00765978	0.00455792	0.000784805	0.00293498
116	0.0596971	0.00139367	0.0180522	0.0465569	0.0054685	0.0285712	0.0125016	0.0198275	0.0418013	0.0130345	0.0100139	0.0405463	0.125015	0.0354331	0.0391482	0.220424	0.217238	0.0532862	0.000287052	0.0117027
117	0.0144866	0.00999283	0.00089	0.00154563	0.0407062	0.00247804	0.00121593	0.277727	0.00165657	0.331439	0.0376637	0.00128776	0.00293794	0.00192704	0.00136276	0.0070141	0.0128273	0.247365	0.00226614	0.00321124
118	0.105541	0.0046563	0.0269826	0.0467356	0.00522574	0.0277882	0.0233128	0.0108863	0.0304516	0.024017	0.0081042	0.0230393	0.364251	0.0436898	0.0227314	0.142363	0.0652556	0.020433	0.00184406	0.00269079
119	0.0409617	0.0057654	0.402025	0.151676	0.00096258	0.0479352	0.014831	0.00314543	0.0123256	0.00978016	0.00988531	0.0752366	0.0397325	0.0185031	0.00761571	0.0808323	0.0520867	0.0201061	0.000320315	0.00627339
120	0.0773035	0.000862525	0.0463098	0.0353644	0.00983399	0.0687903	0.00887214	0.00914039	0.0795629	0.0396636	0.0135031	0.139684	0.00474413	0.0537952	0.0536476	0.240703	0.0838083	0.0172459	0.000126757	0.017038
121	0.0116089	0.00197373	0.000516879	0.000538425	0.0800157	0.00226018	0.00243651	0.198059	0.00131008	0.542606	0.0387847	0.00173914	0.00296637	0.00164734	0.00188605	0.00467513	0.00458428	0.0949034	0.00371238	0.00377595
122	0.0395905	0.000810762	0.0164639	0.105822	0.0206564	0.0110744	0.00453027	0.0135694	0.118151	0.0126115	0.0105377	0.0400925	0.00134853	0.151165	0.108596	0.103973	0.122548	0.0922438	0.00532606	0.0208891
123	0.06437	0.00154501	0.158962	0.189189	0.00355817	0.0105371	0.014824	0.0336405	0.0493822	0.0379863	0.0125246	0.0757302	0.00739561	0.058431	0.0320376	0.0954504	0.0749464	0.0753258	0.00044018	0.00372401
124	0.0435557	0.0101746	0.0015384	0.00166791	0.0854986	0.014097	0.00162078	0.173167	0.0020539	0.372766	0.0367595	0.00246724	0.00700868	0.00226455	0.00171036	0.0189736	0.0157449	0.19794	0.0037373	0.00725383
125	0.00995804	0.00519379	0.180923	0.0496489	0.0122838	0.100671	0.0299745	0.00635133	0.0314465	0.0127439	0.0032347	0.291081	0.00293143	0.0243226	0.0530168	0.108606	0.02391	0.00869457	0.00402593	0.0409819
126	0.0171158	0.00372332	0.000688959	0.000808565	0.060762	0.00405817	0.00172989	0.217695	0.00112433	0.455463	0.0376159	0.00136955	0.00305594	0.001806	0.00167748	0.00768731	0.0079714	0.168508	0.00284098	0.00429851
127	0.0753256	0.0117163	0.0489292	0.0253931	0.00642961	0.144594	0.00919429	0.00615297	0.0310765	0.0104041	0.00556434	0.103207	0.00643504	0.0191137	0.0323565	0.345864	0.0962677	0.0127699	0.00354767	0.00565836
128	0.038045	0.00212399	0.0523128	0.0801898	0.0236135	0.268516	0.0446848	0.00374291	0.0595665	0.00818371	0.00348657	0.121223	0.00269034	0.104179	0.0448194	0.114	0.0181989	0.00530314	0.000907645	0.00421325
129	0.023581	0.0277892	0.0546368	0.0202358	0.0206235	0.0359068	0.0443849	0.00960283	0.0195377	0.0231134	0.0117764	0.49072	0.00526676	0.0164359	0.0238016	0.0681431	0.0419743	0.0112748	0.00202481	0.0491704
130	0.0420601	0.00309395	0.05993	0.0599722	0.0019253	0.0231573	0.0349343	0.0170459	0.143626	0.0504316	0.0308691	0.0580888	0.00801416	0.0985458	0.215179	0.0810282	0.0323866	0.0260574	0.00158333	0.0120706
131	0.00556216	0.000819752	0.0011609	0.00100947	0.205829	0.00268477	0.00136489	0.0608953	0.00172655	0.644764	0.0238828	0.00291264	0.00148844	0.00179958	0.00183151	0.002925	0.00760896	0.018435	0.00774373	0.00555521
132	0.039046	0.018793	0.0417304	0.0265586	0.00332714	0.178571	0.00491332	0.00310956	0.0107307	0.00389217	0.00418088	0.0822204	0.00724309	0.00634283	0.0189289	0.396431	0.140349	0.00437897	0.00756898	0.00168363
133	0.00906891	0.000834005	0.000844242	0.000832393	0.162564	0.00288783	0.00160773	0.112048	0.00168464	0.608822	0.024414	0.00238947	0.00245697	0.0017913	0.00189901	0.00350768	0.00602494	0.0449728	0.00660272	0.0047474
134	0.0639446	0.00313681	0.0243212	0.0171635	0.0595952	0.0421669	0.0147741	0.0855583	0.0119377	0.150619	0.050879	0.00837173	0.0119882	0.0095304	0.00645906	0.0682166	0.222004	0.116212	0.0126115	0.0205097
135	0.0825492	0.0077513	0.124181	0.0928791	0.00307809	0.0690475	0.015415	0.0187806	0.0596554	0.0132384	0.00937707	0.139971	0.0142124	0.056979	0.0111277	0.165538	0.0997046	0.011235	0.000315753	0.00496375
136	0.0142861	0.0268651	0.00154544	0.00170152	0.0338501	0.00659779	0.0135767	0.0652708	0.00263822	0.596174	0.168066	0.0035491	0.00192768	0.00756663	0.00268434	0.015808	0.0152205	0.020724	0.000485612	0.00146265
137	0.122011	0.00667199	0.0246198	0.0654572	0.00323387	0.0462248	0.0192581	0.00394882	0.0398198	0.0217809	0.00872153	0.0173077	0.325395	0.065521	0.0202801	0.134928	0.063049	0.00898093	0.00145509	0.00133492
138	0.0821084	0.00104941	0.0482279	0.0364234	0.00910369	0.0674078	0.00955455	0.00960597	0.0783356	0.0391193	0.0143566	0.135164	0.0090554	0.0523979	0.05263	0.237699	0.0826601	0.0184962	0.00011461	0.0164901
139	0.0110617	0.00167778	0.000817783	0.000871188	0.0989588	0.00271192	0.00229095	0.177883	0.00157622	0.551205	0.0351165	0.00238587	0.00310574	0.00165052	0.00198154	0.00497007	0.00568377	0.0857611	0.0044307	0.00586008
140	0.0444165	0.000689755	0.022414	0.0951992	0.0124769	0.0168716	0.0088955	0.0130999	0.13268	0.0207202	0.0113686	0.0497519	0.0024366	0.134672	0.121986	0.110328	0.108252	0.072721	0.00496754	0.0160524
141	0.0753568	0.000994451	0.0454594	0.0365238	0.0114946	0.06403	0.0096449	0.00979276	0.0771978	0.0350057	0.0119725	0.127095	0.00792876	0.0549744	0.0528192	0.242005	0.0986095	0.0218369	0.000228989	0.0170294
142	0.0106367	0.00548622	0.000738184	0.000676504	0.0777087	0.00298861	0.0040964	0.146927	0.0013588	0.574877	0.0619868	0.00220392	0.00240037	0.00293979	0.00174257	0.00583481	0.00650256	0.0836781	0.00371152	0.00350502
143	0.0749607	0.00182191	0.0504769	0.0353039	0.0123774	0.0691549	0.0102724	0.00882682	0.0753878	0.0355688	0.0120075	0.128103	0.00503626	0.0538347	0.0522412	0.248478	0.0892807	0.0167731	0.000165493	0.0199282
144	0.0215514	0.00397054	0.158069	0.0469265	0.0117971	0.0966833	0.025918	0.00674533	0.0392377	0.016979	0.00490317	0.266913	0.00310099	0.0285015	0.0494595	0.135813	0.0330568	0.00922129	0.00311224	0.0380401
145	0.0305061	0.0148473	0.0898042	0.0410581	0.0139121	0.0585853	0.0364498	0.0131479	0.0596681	0.0245002	0.0123064	0.286275	0.00868849	0.038331	0.0801139	0.0973236	0.0433977	0.0187411	0.0042243	0.0281189
146	0.0415356	0.0217787	0.0113228	0.0511298	0.0817261	0.0267747	0.0884689	0.054984	0.0958278	0.156159	0.0656822	0.0615847	0.00390213	0.0459908	0.0545805	0.044452	0.0275539	0.025886	0.00715465	0.0335055
147	0.00588041	0.00113271	0.0017305	0.00158904	0.237404	0.00509359	0.0014606	0.051303	0.00228984	0.615648	0.0223103	0.00355908	0.00160822	0.00223798	0.00228543	0.00445239	0.0096773	0.017122	0.00745576	0.00575995
148	0.0347791	0.00361414	0.0153509	0.0511699	0.0149426	0.0141253	0.00657391	0.0686974	0.0367948	0.107308	0.0530775	0.0381125	0.0110642	0.0920373	0.0267308	0.106839	0.122339	0.181494	0.00156912	0.0133801
149	0.0357011	0.00865589	0.0566218	0.0154395	0.0031639	0.674766	0.00800746	0.00667812	0.00515151	0.00981521	0.0030471	0.0343018	0.00823606	0.0107609	0.0368384	0.0595962	0.0107581	0.00875641	0.000918328	0.00278619
150	0.107752	0.00404277	0.0263246	0.0533741	0.0033927	0.0243926	0.0201142	0.00577535	0.0318446	0.021303	0.00857762	0.0189969	0.376173	0.0520484	0.0214247	0.143437	0.0643469	0.0132763	0.00165261	0.00175089
151	0.0490074	0.00557252	0.00568127	0.0115093	0.0458803	0.0101478	0.00293072	0.203227	0.0181501	0.145568	0.0995025	0.0112278	0.0276919	0.00656936	0.00805321	0.06182	0.0551375	0.195773	0.00199761	0.0345531
152	0.0877297	0.0048899	0.024671	0.0467866	0.00561104	0.0258797	0.0276718	0.0117234	0.0287428	0.0261323	0.00885353	0.0220385	0.385827	0.0413479	0.0250675	0.1466	0.0597246	0.0155016	0.00236479	0.0028371
153	0.0847496	0.00201928	0.0649379	0.17136	0.00430727	0.0184957	0.0201373	0.0327737	0.0693964	0.0512737	0.0147446	0.0978308	0.00999763	0.0768207	0.0228955	0.0704171	0.0702977	0.112742	0.000696949	0.00410615
154	0.121634	0.00285976	0.0365139	0.0535228	0.00298876	0.0223843	0.0189366	0.00712572	0.034706	0.024915	0.0119901	0.024373	0.352079	0.0506013	0.0223658	0.132625	0.0582935	0.0174979	0.00272987	0.00185757
155	0.0854179	0.0254649	0.00439345	0.00660958	0.0530624	0.027646	0.00212608	0.199503	0.00498979	0.17708	0.027631	0.00531601	0.00924861	0.00499933	0.00407601	0.0338371	0.0273523	0.291046	0.00410171	0.00609944
156	0.0948941	0.00725124	0.0803314	0.0196053	0.011978	0.0704695	0.0217549	0.0109935	0.0298281	0.00833065	0.00751346	0.142214	0.00309637	0.0233217	0.0155355	0.375611	0.0494972	0.0222331	0.000952935	0.00458859
157	0.112405	0.00378397	0.0294858	0.0541663	0.00386324	0.0232139	0.0203204	0.00540895	0.0332458	0.0211284	0.00887922	0.0187548	0.374585	0.0520652	0.0221469	0.139006	0.0613218	0.012937	0.00167791	0.00160419
158	0.0381475	0.00255254	0.0400979	0.137283	0.00440337	0.00664388	0.00921334	0.0262803	0.0563192	0.108471	0.0428975	0.0270157	0.0183772	0.199924	0.0918141	0.0396686	0.0918905	0.0542229	0.000988595	0.00378771
159	0.108191	0.0035858	0.0200571	0.0143703	0.0273313	0.0142289	0.00514564	0.169037	0.00981494	0.0733794	0.0109223	0.00576085	0.0380709	0.0151296	0.0101413	0.0478675	0.100743	0.316522	0.00288446	0.00681637
160	0.0922772	0.00628298	0.113319	0.0772996	0.00319092	0.0523669	0.01636	0.0185759	0.0403635	0.0120368	0.0249774	0.115439	0.0241538	0.0419113	0.0094569	0.171426	0.149868	0.0214712	0.000633175	0.00858992
161	0.137427	0.00201077	0.0140383	0.00931757	0.0213546	0.0173448	0.00291508	0.178753	0.00690223	0.0558696	0.00633721	0.0033037	0.0278384	0.00546689	0.00718439	0.0663472	0.0960109	0.331387	0.00166104	0.00853076
162	0.0106946	0.00657034	0.000942149	0.000929459	0.101543	0.00328552	0.00433528	0.118775	0.00196632	0.600039	0.0626727	0.00304091	0.00270055	0.0032537	0.00194522	0.00687281	0.00803252	0.0540286	0.0044395	0.0039327
163	0.0124833	0.00152625	0.00103221	0.00099305	0.0918032	0.0034752	0.00354678	0.181997	0.00179945	0.543862	0.0318789	0.00389408	0.00329095	0.00213498	0.00243061	0.00529957	0.0051348	0.0936812	0.00450048	0.00523633
164	0.0445673	0.0148632	0.00646809	0.00937294	0.0261891	0.00516409	0.00143628	0.301148	0.00943425	0.123946	0.0260167	0.00331485	0.0141224	0.00721437	0.00363314	0.0189482	0.0361997	0.341494	0.00236889	0.00409831
165	0.467617	0.0308429	0.0296239	0.0327236	0.0106346	0.0403037	0.00621838	0.054013	0.00867381	0.0535019	0.0267235	0.0328524	0.00802005	0.0225303	0.00808853	0.0491001	0.0248844	0.0818957	0.00143852	0.0103136
166	0.168638	0.0178349	0.0678102	0.118314	0.00577352	0.202373	0.0077983	0.00692878	0.0664722	0.0427545	0.00568162	0.0572599	0.0113323	0.0143829	0.02762	0.132379	0.0280338	0.0118169	0.00261324	0.00418251
167	0.253803	0.00358616	0.0403583	0.0470605	0.00334094	0.1899	0.00406564	0.00721572	0.0379885	0.0104448	0.00472727	0.0493734	0.0416867	0.0288939	0.0226294	0.170089	0.0318157	0.0389575	0.00576767	0.0082948
168	0.102982	0.0111079	0.00417992	0.00252025	0.18691	0.0360035	0.00152044	0.0612653	0.00418218	0.287603	0.022181	0.00698407	0.0206721	0.00285619	0.00231801	0.0362505	0.0173655	0.162646	0.00956946	0.0208831
169	0.114082	0.000787088	0.0229539	0.0471328	0.016953	0.0249096	0.00663654	0.0692428	0.0622755	0.0115486	0.00915591	0.0421277	0.00147882	0.0455781	0.0467915	0.157926	0.197987	0.108949	0.00143093	0.0120534
170	0.0236434	0.00771329	0.0811247	0.020226	0.00309168	0.634036	0.00953556	0.00463801	0.00613773	0.00788198	0.00194798	0.0621912	0.00624629	0.0112285	0.0387621	0.0588329	0.0100873	0.00492704	0.00100808	0.00674048
171	0.0622725	0.00767332	0.234523	0.105027	0.00289613	0.0679761	0.0176194	0.0127212	0.0352593	0.00955036	0.00813069	0.143812	0.023878	0.0370534	0.011404	0.122477	0.0739367	0.0126444	0.000840277	0.0103057
172	0.0304846	0.00499184	0.175093	0.0985951	0.00837364	0.0483035	0.0292054	0.025405	0.0204645	0.023975	0.00636392	0.29201	0.00824274	0.0215666	0.0258104	0.090397	0.0425955	0.0254561	0.00229314	0.0203739
173	0.100868	0.00385383	0.023115	0.0467343	0.00340332	0.0253126	0.0219862	0.00599755	0.029631	0.0220923	0.00757631	0.0176602	0.409078	0.0463769	0.0214717	0.137333	0.0635024	0.0109046	0.00167508	0.0014276
174	0.0815913	0.00580173	0.00725335	0.00953755	0.116348	0.0138541	0.00303655	0.108446	0.0163301	0.238704	0.0342848	0.0322417	0.0511326	0.00617777	0.00392079	0.082557	0.0470132	0.120079	0.0121722	0.0095184
175	0.0483062	0.0131519	0.0461625	0.0336013	0.0803467	0.122442	0.0657032	0.01916	0.0162303	0.0646773	0.0162381	0.0206341	0.0435291	0.0312536	0.0379242	0.0299737	0.0180358	0.0209503	0.0460391	0.22564
176	0.0190825	0.0212032	0.00154339	0.00346053	0.0156362	0.00191066	0.000690641	0.326008	0.00300937	0.163246	0.0275591	0.00129808	0.00406418	0.00336257	0.00112356	0.00803141	0.0209195	0.374406	0.00242053	0.00102406
177	0.135863	0.000794662	0.0236405	0.0276292	0.015689	0.0310293	0.00811553	0.0883853	0.0291366	0.0122014	0.00935046	0.0440961	0.00119111	0.0125295	0.0239487	0.183266	0.222875	0.118925	0.00028584	0.0110481
178	0.0729408	0.0725982	0.0247741	0.0266508	0.0320126	0.0358936	0.0288592	0.0631088	0.0269608	0.138095	0.030024	0.0320817	0.134001	0.0320308	0.0245479	0.0894377	0.0453774	0.0661978	0.0105142	0.0138941
179	0.0841202	0.00684528	0.124712	0.0141724	0.0233993	0.0803888	0.0199397	0.0287454	0.0373016	0.0100449	0.00575341	0.116779	0.00286875	0.0149503	0.0256533	0.275719	0.0724429	0.0499684	0.000882543	0.00531357
180	0.0215365	0.0206249	0.00210727	0.00391108	0.0147775	0.00225623	0.000736136	0.315822	0.00310744	0.156425	0.0273063	0.0012981	0.00463081	0.00342522	0.00132338	0.00891667	0.0239362	0.384524	0.00230888	0.00102619
181	0.12956	0.000901561	0.0252374	0.0248009	0.0160923	0.0263837	0.00705252	0.10469	0.0248364	0.0175405	0.00795294	0.0391671	0.00459542	0.0109673	0.0211932	0.167592	0.218796	0.142156	0.000588153	0.0098959
182	0.0273927	0.00349083	0.00569965	0.0479282	0.0140308	0.0559103	0.00447827	0.218427	0.0212303	0.019981	0.0829098	0.0208681	0.00866173	0.0218802	0.0409487	0.106007	0.0759004	0.214614	0.0013622	0.00827898
183	0.0116626	0.00404831	0.000662558	0.000929122	0.0567285	0.00227992	0.00159625	0.249761	0.00116287	0.431976	0.0378068	0.00125292	0.00290429	0.00150728	0.00157553	0.00612095	0.00721946	0.173848	0.00254159	0.00441592
184	0.0826569	0.00679414	0.12067	0.071501	0.00486514	0.0665272	0.0113571	0.0387412	0.0605579	0.0209342	0.0103284	0.126685	0.0128393	0.0541749	0.0140959	0.168141	0.106245	0.0159277	0.000622778	0.0063346
185	0.00614338	0.00132435	0.000875166	0.000897482	0.180484	0.00242168	0.00164066	0.0715539	0.00169671	0.647775	0.0290389	0.002848	0.00162929	0.0018964	0.00171405	0.00301978	0.00692217	0.0256423	0.00726363	0.00521265
186	0.128505	0.00947276	0.0237882	0.0780085	0.00324766	0.0521208	0.0211827	0.0038006	0.0426877	0.0223651	0.00858408	0.0166321	0.283654	0.0744613	0.0210612	0.139003	0.0588678	0.00952323	0.00133239	0.00170264
187	0.0364615	0.00205309	0.0480333	0.083508	0.021262	0.295829	0.0437303	0.00299502	0.0596204	0.00621728	0.00264266	0.124867	0.00249426	0.109447	0.0446327	0.0964962	0.0122694	0.00447154	0.00080517	0.00216397
188	0.00565367	0.000738199	0.000980406	0.000960315	0.19541	0.00246725	0.0012818	0.0656995	0.00168686	0.649097	0.0244493	0.00285025	0.00157387	0.00174284	0.00173545	0.00274841	0.00709444	0.0201947	0.00802373	0.00561117
189	0.059076	0.00166112	0.018202	0.0456167	0.00555434	0.0321318	0.011549	0.0199167	0.0393593	0.0122737	0.0102362	0.0468393	0.093266	0.035507	0.034483	0.239247	0.228697	0.0547328	0.000242705	0.0114081
190	0.031241	0.00788261	0.126267	0.0606631	0.00366946	0.493709	0.0152212	0.00513487	0.0111221	0.00975971	0.00364178	0.0587167	0.0132958	0.0194447	0.0329094	0.0689513	0.0221456	0.00773663	0.00145641	0.00703108
191	0.0203242	0.00481029	0.0098056	0.0342924	0.0400752	0.0161571	0.00536454	0.105433	0.0324161	0.0373528	0.0826598	0.0139482	0.0278763	0.0296457	0.0585667	0.188016	0.186361	0.096734	0.00189788	0.00826328
192	0.0456435	0.00992897	0.0134737	0.0148513	0.0402284	0.0118083	0.00619053	0.198333	0.0237497	0.188353	0.0423365	0.0354199	0.044966	0.033001	0.0111741	0.0696681	0.0661525	0.125021	0.00376794	0.0159319
193	0.0884213	0.0225962	0.0559545	0.0407152	0.00768216	0.0364422	0.0365806	0.0124893	0.0252814	0.0257842	0.0211466	0.0524239	0.163916	0.0289039	0.0218169	0.222199	0.107094	0.0210513	0.00160215	0.00789928
