219	20
1	0.176919	0.000429508	0.000760018	0.000568577	0.148292	0.0645531	0.000885443	0.0932849	0.000937608	0.326687	0.0520294	0.000942974	0.00048173	0.001167	0.00116641	0.013572	0.0160297	0.0966313	0.00374644	0.000916313
2	0.023188	0.00209022	0.00519408	0.00533626	0.044401	0.0091146	0.00567481	0.0108359	0.3017	0.12351	0.215629	0.0417502	0.00321625	0.00680236	0.0106428	0.0143159	0.154762	0.0118094	0.0034443	0.00658311
3	0.300188	0.00120376	0.0451284	0.0373971	0.00555549	0.0520114	0.0288872	0.00854413	0.0462933	0.0117305	0.0158819	0.0990746	0.00507276	0.0288201	0.118215	0.155575	0.0129922	0.00964373	0.00234733	0.0154385
4	0.00660321	0.000246413	0.000683046	0.000590229	0.0121868	0.0011104	0.000795127	0.733567	0.0010065	0.0314127	0.0105705	0.000827172	0.000949862	0.00114803	0.00279407	0.00207152	0.0065691	0.184824	0.000493692	0.00155118
5	0.176785	0.00042984	0.000749341	0.00055344	0.148889	0.0650001	0.000835884	0.0931257	0.000929844	0.326073	0.0518705	0.000937436	0.000481497	0.001148	0.00118584	0.0136302	0.0161044	0.0966539	0.00370055	0.000916203
6	0.0609591	0.000354172	0.00125341	0.00134058	0.156334	0.0119097	0.00178724	0.108784	0.00156443	0.400556	0.147978	0.00159536	0.000940354	0.00267089	0.00187715	0.00527082	0.0130011	0.0429353	0.0275463	0.0113426
7	0.0245678	0.000912877	0.00199493	0.00193649	0.204651	0.00560114	0.0136041	0.0292868	0.00307369	0.473107	0.0851075	0.00381489	0.00242204	0.0322404	0.00355584	0.00825788	0.0218443	0.00872622	0.0125711	0.062724
8	0.0420941	0.000176926	0.000737523	0.000361628	0.0303933	0.00352016	0.000504385	0.45584	0.000633872	0.176556	0.0216093	0.000575862	0.00259404	0.000651025	0.0026709	0.00190766	0.0185872	0.239593	0.000384062	0.000608982
9	0.182946	0.000366389	0.000762459	0.000649453	0.112342	0.0536645	0.00118069	0.105288	0.0011487	0.379133	0.0467019	0.00108006	0.00062804	0.001092	0.00140061	0.0102543	0.0122874	0.0838458	0.00409245	0.00113583
10	0.0555884	0.00240913	0.00342861	0.00292609	0.0360632	0.00906804	0.00363538	0.216389	0.0049518	0.126789	0.10995	0.00394216	0.00418672	0.005145	0.006768	0.0222003	0.104955	0.268955	0.00514572	0.00750341
11	0.0755914	0.00286341	0.0786781	0.0353676	0.0104923	0.0521638	0.0282018	0.0154749	0.0501146	0.0213431	0.0154167	0.312337	0.00831828	0.0334759	0.0556521	0.128636	0.0411505	0.0156402	0.00673882	0.0123438
12	0.0211645	0.000305724	0.00120287	0.000570278	0.0568813	0.00302353	0.000758209	0.309449	0.000949418	0.308379	0.0990416	0.00081964	0.000780013	0.000961179	0.00167433	0.00303652	0.0121568	0.173331	0.00268358	0.00283061
13	0.210235	0.00345824	0.00388057	0.00433129	0.100329	0.0784931	0.00376875	0.0678795	0.00787967	0.261954	0.0797539	0.00514354	0.00227382	0.00571016	0.00569492	0.0336912	0.0380497	0.0715121	0.00794962	0.00801222
14	0.00375258	0.000296543	0.000734529	0.000707876	0.00647868	0.00121884	0.000861541	0.216202	0.00108584	0.0204589	0.00732567	0.00105771	0.000530244	0.00564787	0.0059205	0.00228374	0.00659039	0.717454	0.000531164	0.000861439
15	0.00312761	0.000170424	0.000595917	0.000462978	0.0337151	0.00454096	0.000686735	0.141367	0.000763304	0.401464	0.283137	0.00063609	0.000438635	0.000827196	0.000983113	0.00214178	0.0191674	0.103689	0.00076759	0.00131807
16	0.123772	0.000684381	0.00118097	0.000624298	0.0326479	0.00778327	0.000900943	0.221564	0.00115812	0.139833	0.0209094	0.000902899	0.00129295	0.00140533	0.00180913	0.00359723	0.0237783	0.413272	0.00132877	0.00155626
17	0.0289616	0.00130858	0.00454231	0.00241035	0.0297469	0.00748162	0.00290049	0.24514	0.00377087	0.304795	0.0910516	0.00524135	0.00451404	0.00315476	0.00455554	0.042645	0.054144	0.139843	0.00324631	0.0205466
18	0.15848	0.000344891	0.000781108	0.000722588	0.122638	0.0434775	0.000861609	0.138262	0.00104197	0.35704	0.0526214	0.00103279	0.000865765	0.000993895	0.00155262	0.00925186	0.0125848	0.0879722	0.00772041	0.00175474
19	0.0606109	0.000573196	0.010115	0.00128035	0.00659789	0.32235	0.00559203	0.0111316	0.002071	0.00392404	0.0228736	0.0778216	0.0200315	0.0287324	0.0146702	0.304751	0.0716231	0.0183228	0.00115559	0.0157716
20	0.0377367	0.000210902	0.000790137	0.000380054	0.0332799	0.00274993	0.000503561	0.480153	0.000645434	0.162851	0.0272167	0.000599833	0.00269353	0.000662285	0.00261357	0.00192179	0.0227969	0.221185	0.000382986	0.000627478
21	0.0802411	0.000956625	0.00161882	0.0016786	0.0160257	0.00284633	0.00206277	0.141393	0.00255539	0.00620432	0.00660517	0.00259054	0.00153021	0.0024702	0.00311571	0.0541382	0.183633	0.487284	0.00106765	0.00198267
22	0.0686281	0.000441545	0.000986116	0.00103981	0.198134	0.0101956	0.00150526	0.0815051	0.00134737	0.37793	0.161395	0.0015735	0.000766119	0.00222119	0.0018752	0.00422691	0.0108938	0.00977638	0.0503011	0.0152574
23	0.0497964	0.00145709	0.00389827	0.0333505	0.00837394	0.120121	0.00502141	0.171078	0.00633957	0.128163	0.0116885	0.0947426	0.00328663	0.110909	0.0735485	0.116846	0.0436314	0.00894082	0.00314369	0.00566275
24	0.0390635	0.00116751	0.334265	0.0977131	0.00512892	0.0385081	0.018575	0.00474348	0.0125206	0.00768448	0.0052646	0.171652	0.00457537	0.0760544	0.017483	0.0517878	0.0811913	0.00811506	0.00351562	0.0209907
25	0.0638712	0.00119697	0.00229623	0.00203507	0.0606233	0.00468227	0.00338814	0.135002	0.00327103	0.265884	0.125676	0.0203859	0.0188105	0.00395066	0.00440725	0.0289257	0.0821549	0.0475598	0.00224781	0.12363
26	0.0742518	0.000467138	0.014439	0.00116582	0.00620255	0.316352	0.00619012	0.0166408	0.00177928	0.00340514	0.0226097	0.0722896	0.0409318	0.0489375	0.0236725	0.220017	0.0997219	0.0157748	0.0010592	0.0140916
27	0.104621	0.00044453	0.0110574	0.00169765	0.0119022	0.294239	0.011028	0.0198038	0.00200835	0.00491356	0.0246798	0.0795994	0.0239577	0.04424	0.0236476	0.240009	0.0777153	0.012257	0.00113342	0.0110456
28	0.0171226	0.00132803	0.0244275	0.00286935	0.0245086	0.00594013	0.00344413	0.26397	0.0076774	0.475043	0.0413334	0.00454934	0.00247843	0.0048724	0.00666534	0.0131012	0.0426806	0.049204	0.00253118	0.00625404
29	0.00312035	0.000171014	0.000604729	0.000473396	0.0336333	0.00455755	0.000688779	0.14091	0.000771571	0.402729	0.282745	0.00063598	0.000446994	0.000825865	0.000985084	0.00212082	0.0191422	0.103343	0.000773452	0.0013221
30	0.0811574	0.000360411	0.000579641	0.000440062	0.0177478	0.0169462	0.000598511	0.31006	0.000872508	0.15686	0.0206768	0.000706619	0.0023796	0.00101008	0.00194498	0.00166406	0.00822325	0.376225	0.000647501	0.000899392
31	0.0502269	0.000410834	0.0012575	0.00128444	0.216563	0.00739327	0.00190348	0.103163	0.00182038	0.326743	0.178869	0.00237952	0.00149759	0.00263449	0.00239174	0.00553776	0.0124315	0.0131082	0.0430963	0.027289
32	0.510583	0.0186707	0.00100848	0.000965647	0.00175327	0.00204176	0.00129452	0.00212725	0.00142749	0.00310462	0.00299151	0.00147234	0.00075089	0.00166281	0.00200342	0.438734	0.00425795	0.00305157	0.000828785	0.00126994
33	0.183219	0.000502553	0.000735414	0.000580253	0.145393	0.0660463	0.000958779	0.0916014	0.000946444	0.325419	0.0500278	0.000989236	0.000496413	0.00113897	0.00125101	0.0142776	0.016974	0.095621	0.00287007	0.000951214
34	0.0423127	0.000186186	0.000612412	0.000374888	0.0233499	0.00704337	0.000495884	0.409224	0.00069514	0.152842	0.0244953	0.000568074	0.00226349	0.000997131	0.00285999	0.00154452	0.0104778	0.318226	0.000571282	0.000859687
35	0.0230373	0.000573949	0.00124131	0.000980347	0.132173	0.00170333	0.00140658	0.319389	0.00193122	0.0676503	0.121097	0.00151643	0.00110721	0.00178238	0.00308872	0.00336062	0.00547726	0.288967	0.0115052	0.0120123
36	0.171526	0.00318095	0.0184251	0.00667251	0.0158135	0.390388	0.0152875	0.0183126	0.0214132	0.0303716	0.0177616	0.0608128	0.00892871	0.0299171	0.0293996	0.0950599	0.0324281	0.0205388	0.00585211	0.00791069
37	0.0298066	0.00128082	0.00218914	0.00170874	0.459182	0.00460713	0.00325693	0.0272805	0.00403571	0.187836	0.215115	0.00277317	0.00186318	0.00346603	0.00452078	0.0118074	0.0111842	0.0107967	0.00869211	0.00859726
38	0.166912	0.00130263	0.00434473	0.00327432	0.00755623	0.127045	0.00458368	0.00750001	0.00482601	0.0137796	0.0186039	0.00689076	0.0033174	0.0060575	0.00607311	0.311202	0.201516	0.0988413	0.00221257	0.00416138
39	0.166163	0.00305503	0.0238888	0.0135585	0.0138933	0.363981	0.0151445	0.0231422	0.0265455	0.0259793	0.0173688	0.0647711	0.00755343	0.0283282	0.0335337	0.0936974	0.0405274	0.0240149	0.00424117	0.0106134
40	0.519335	0.0152729	0.000914653	0.000860866	0.00175203	0.00198131	0.00122852	0.00196762	0.00137749	0.00257377	0.00267452	0.00135861	0.00067284	0.00149741	0.00179944	0.435692	0.00401392	0.00310086	0.000697821	0.00122883
41	0.0110574	0.000923813	0.0023063	0.00191013	0.446832	0.00388587	0.00268027	0.231654	0.00312312	0.2105	0.0118519	0.00284694	0.00124863	0.00336193	0.00392266	0.00597367	0.0233216	0.0259516	0.00338259	0.00326591
42	0.0140536	0.000211009	0.000615708	0.000576943	0.025522	0.000925895	0.000687037	0.675712	0.000925692	0.0668538	0.0191732	0.000773015	0.00153583	0.000903376	0.00301369	0.00173285	0.0142979	0.170766	0.000477457	0.00124365
43	0.21764	0.00577444	0.0249799	0.0202319	0.0145001	0.0699785	0.0140078	0.0172917	0.0263279	0.027234	0.0232109	0.0525135	0.0116547	0.022526	0.0310819	0.276129	0.10211	0.0268649	0.00404523	0.0118974
44	0.0587193	0.00217558	0.00530902	0.00298906	0.0858328	0.0180651	0.00671822	0.140628	0.00799765	0.412997	0.0901004	0.00481683	0.00256241	0.0112339	0.00609567	0.015708	0.0257358	0.0803702	0.00770247	0.014242
45	0.0740942	0.000416501	0.000986759	0.000958027	0.201966	0.00905482	0.00142965	0.0757562	0.00133675	0.392997	0.151135	0.00126616	0.000742751	0.00203744	0.00182536	0.00406035	0.00881316	0.0103214	0.0481773	0.012625
46	0.00453589	0.000385793	0.0010392	0.000680781	0.024968	0.00441876	0.00106649	0.148626	0.00135959	0.366001	0.348548	0.00110427	0.000666544	0.00150529	0.00168535	0.00280642	0.0177837	0.0702869	0.00109329	0.00143869
47	0.269296	0.00517284	0.00899927	0.01292	0.0322612	0.0291425	0.00838704	0.0937591	0.0158253	0.0927847	0.0373047	0.010407	0.00814743	0.0154872	0.0151873	0.0451315	0.0370403	0.242071	0.0117005	0.00897487
48	0.0427168	0.003761	0.0100849	0.00904008	0.0184763	0.0195829	0.0131817	0.153375	0.300575	0.148919	0.0305057	0.0166004	0.00933939	0.0157513	0.103679	0.0298517	0.0322389	0.0234011	0.00715828	0.0117612
49	0.0276262	0.00127436	0.00240655	0.0025453	0.00459027	0.00417555	0.0579748	0.00551904	0.15538	0.00692913	0.13064	0.0212425	0.00172144	0.0402364	0.354788	0.00789129	0.0250468	0.00551773	0.141668	0.00282546
50	0.112673	0.00226713	0.0029075	0.00341642	0.055466	0.107628	0.0049963	0.00688506	0.00474512	0.101777	0.121815	0.00489625	0.00243865	0.00496116	0.00641685	0.164853	0.27382	0.0120748	0.00187802	0.00408427
51	0.123246	0.00276892	0.00379692	0.00398354	0.043112	0.00911058	0.0365641	0.0128357	0.00627746	0.051168	0.249394	0.00613364	0.00362006	0.00772078	0.00831916	0.0780741	0.13598	0.142482	0.00397861	0.0714347
52	0.00754858	0.000635978	0.0248661	0.00159363	0.00566417	0.566173	0.0348601	0.00530674	0.0416104	0.00451505	0.00401047	0.155625	0.00178877	0.0534511	0.0586983	0.0175541	0.00504627	0.00327017	0.00211606	0.00566599
53	0.294639	0.0180861	0.0128971	0.00703595	0.00638079	0.0440967	0.00291941	0.0425654	0.00951019	0.0816244	0.0441658	0.00278616	0.00206892	0.00385393	0.0045239	0.0241099	0.0389147	0.340545	0.0159659	0.00331119
54	0.0058523	0.000497539	0.00131718	0.165054	0.0121644	0.00248634	0.0546233	0.00268625	0.103707	0.00377704	0.0234768	0.00163392	0.00101597	0.319678	0.214319	0.00375052	0.00366555	0.0499463	0.000982006	0.0293665
55	0.00704624	0.000428545	0.000762047	0.000731083	0.00731653	0.00156431	0.000895945	0.215981	0.00116814	0.0280824	0.00932352	0.00100234	0.000708177	0.00664967	0.00699733	0.00235362	0.00824548	0.69902	0.000708128	0.00101553
56	0.033831	0.000175684	0.000891548	0.00051702	0.0318392	0.00497602	0.000732742	0.454701	0.000907959	0.191219	0.039521	0.00111358	0.00228229	0.00104633	0.00262875	0.00336738	0.0163792	0.210717	0.000919469	0.00223417
57	0.03396	0.000242502	0.252042	0.203407	0.00182447	0.0161012	0.0423367	0.00147501	0.0197193	0.00261701	0.00195978	0.12101	0.00779604	0.13974	0.0340723	0.0421856	0.0611332	0.00927173	0.00295718	0.00614988
58	0.0851192	0.0029526	0.143436	0.104533	0.0665531	0.0178125	0.0249904	0.0130824	0.0153452	0.0600635	0.016177	0.0829607	0.00940997	0.141799	0.0279146	0.0280553	0.0267595	0.0185217	0.10296	0.011555
59	0.0362898	0.000373804	0.0023807	0.000738108	0.0211597	0.00624504	0.000918671	0.317592	0.00132575	0.32984	0.0357345	0.00106228	0.00184264	0.00128101	0.00231004	0.00329583	0.0136361	0.220928	0.00136933	0.00167576
60	0.0145901	0.000565183	0.00152102	0.00138108	0.0567326	0.00354909	0.00170559	0.124185	0.00254267	0.268481	0.0874129	0.00214553	0.00115513	0.00245784	0.00336868	0.00660895	0.0205544	0.360362	0.0153085	0.0253723
61	0.0346045	0.000221074	0.240019	0.207816	0.00164812	0.0156442	0.0456963	0.00128466	0.0174097	0.00230729	0.00167885	0.123051	0.00894784	0.147991	0.0372473	0.0428345	0.0543054	0.0081977	0.00314931	0.00594708
62	0.0433118	0.00383029	0.0159356	0.0675375	0.0124381	0.0142001	0.0112663	0.015955	0.134945	0.0682453	0.0201754	0.0210139	0.00665845	0.0378194	0.10829	0.0855983	0.257139	0.0610963	0.00526106	0.00928263
63	0.0901169	0.00124638	0.00203026	0.00168056	0.0163587	0.00403872	0.00221643	0.138298	0.00268953	0.015574	0.00913194	0.00256661	0.00189135	0.00273933	0.00342852	0.0469576	0.1696	0.485948	0.00146702	0.00202042
64	0.265799	0.0008703	0.00625062	0.0889886	0.00387918	0.0467151	0.0752392	0.00385982	0.0576797	0.0055439	0.00551986	0.00508263	0.0050959	0.119745	0.145781	0.0843235	0.0211314	0.0224057	0.00138171	0.0347079
65	0.05984	0.000220399	0.0542105	0.0925385	0.000771776	0.00641124	0.0205547	0.0096478	0.177754	0.0134888	0.0118924	0.0405364	0.00926923	0.175385	0.23793	0.0449731	0.0221369	0.00998725	0.00330499	0.00914749
66	0.0142371	0.00141565	0.00300034	0.00254089	0.132019	0.00504967	0.0253995	0.00753877	0.0039974	0.575095	0.0437875	0.00439919	0.0021409	0.0629266	0.00520694	0.00914456	0.0290641	0.00690437	0.00353234	0.0626003
67	0.526043	0.0146269	0.00094831	0.000945042	0.00179117	0.0028096	0.00119898	0.00199681	0.00138957	0.0027515	0.00275838	0.0015265	0.000693399	0.00154755	0.00188221	0.427661	0.00427176	0.00314675	0.000770161	0.00124153
68	0.05984	0.000220399	0.0542105	0.0925385	0.000771776	0.00641124	0.0205547	0.0096478	0.177754	0.0134888	0.0118924	0.0405364	0.00926923	0.175385	0.23793	0.0449731	0.0221369	0.00998725	0.00330499	0.00914749
69	0.0600694	0.00023344	0.0542546	0.0923766	0.000820533	0.00641841	0.0203747	0.010035	0.178805	0.0134489	0.0120849	0.0404945	0.00920673	0.174516	0.237189	0.0446987	0.0222114	0.0103061	0.00330409	0.0091517
70	0.374733	0.00651189	0.0109904	0.0264673	0.00601184	0.0199678	0.0049151	0.018981	0.02972	0.0886456	0.0232391	0.00476871	0.0032725	0.00518957	0.00680937	0.0423388	0.0222634	0.268028	0.0322599	0.00488637
71	0.00752195	0.000636868	0.0230672	0.00174388	0.00386159	0.581741	0.0326622	0.00409878	0.0390837	0.00443978	0.00406219	0.159724	0.00142311	0.0557393	0.0520588	0.015337	0.00468105	0.00322085	0.00143931	0.00345814
72	0.0343104	0.000198926	0.000878262	0.000384622	0.0321087	0.00269916	0.000526884	0.444198	0.000689198	0.209838	0.0283479	0.000636627	0.00209758	0.000699701	0.00258583	0.00233614	0.0160441	0.220047	0.000521061	0.000851724
73	0.121434	0.001456	0.0047961	0.00264832	0.00547783	0.187624	0.0295345	0.0304855	0.256427	0.0095875	0.00821516	0.0565943	0.112975	0.030645	0.0982083	0.0189076	0.0101289	0.00712563	0.0026143	0.00511566
74	0.0334989	0.0536743	0.00735001	0.00808534	0.0124938	0.0137962	0.0106163	0.0139891	0.0130917	0.0278274	0.347146	0.0095403	0.00531752	0.0117605	0.176521	0.0804495	0.141614	0.0181337	0.00567495	0.00941942
75	0.11583	0.00369225	0.0233086	0.0230668	0.0214814	0.0539564	0.0262279	0.0393516	0.0407002	0.0322061	0.0592467	0.0292095	0.231759	0.0350891	0.0406494	0.0723217	0.0459897	0.0553405	0.0318649	0.0187077
76	0.0357343	0.000373417	0.137209	0.608114	0.00153779	0.00265197	0.00521155	0.00171746	0.00209619	0.00209777	0.00198973	0.00761075	0.00550294	0.123581	0.0127962	0.0233538	0.0239407	0.00214781	0.00092106	0.00141306
77	0.00758161	0.000221006	0.000609046	0.000605342	0.0103328	0.0016951	0.000817855	0.318733	0.000954571	0.0343099	0.0111071	0.000878602	0.000737031	0.00381563	0.00440023	0.00211143	0.0072214	0.591997	0.000872383	0.000998375
78	0.506391	0.00161307	0.00190996	0.0018892	0.00409338	0.314508	0.00259295	0.00364663	0.0033905	0.00588509	0.00672604	0.00246181	0.00147464	0.00280687	0.00385319	0.0934892	0.0169978	0.00503614	0.0183509	0.00288299
79	0.00512149	0.000272232	0.000779336	0.000751494	0.00993015	0.00116593	0.000925731	0.663884	0.00105763	0.0192682	0.00852325	0.000947944	0.000825665	0.00216269	0.00344959	0.00225289	0.00569641	0.270867	0.000513714	0.00160453
80	0.0056623	0.000436596	0.00131282	0.00134782	0.635528	0.00211434	0.0107251	0.00264553	0.00202161	0.00368895	0.00319401	0.00194083	0.00102099	0.00198793	0.00223527	0.00406406	0.00383754	0.00288421	0.000923028	0.312429
81	0.0470031	0.000220036	0.186433	0.213995	0.0024553	0.0215905	0.0670545	0.00138458	0.0126076	0.00295632	0.00167916	0.10487	0.0159945	0.182861	0.0443067	0.0406541	0.0334915	0.00814743	0.00624061	0.00605515
82	0.401562	0.000598154	0.0534475	0.0111976	0.00244742	0.0768639	0.0296319	0.00316364	0.0154256	0.00464057	0.0141213	0.0958409	0.00257796	0.00347492	0.0546274	0.196568	0.00564418	0.00432554	0.00126479	0.0225767
83	0.254793	0.00164643	0.0436236	0.042156	0.00634309	0.0147691	0.0753892	0.00846377	0.0490373	0.011659	0.010422	0.0107399	0.140838	0.0538107	0.0217583	0.0888459	0.0430536	0.068361	0.00289405	0.0513958
84	0.0410356	0.000384856	0.149418	0.634343	0.00141926	0.00149934	0.00101493	0.00167798	0.00109747	0.0022878	0.00218782	0.00107148	0.00609596	0.0927317	0.0132452	0.0248859	0.0220341	0.00183121	0.00066729	0.00107112
85	0.100612	0.00160692	0.00427602	0.0041924	0.00758255	0.00706664	0.00615812	0.154343	0.00666967	0.0402713	0.0585004	0.00599035	0.293639	0.00622054	0.00743522	0.0488669	0.0119732	0.225187	0.00302269	0.00638579
86	0.0688354	0.00174609	0.0825693	0.0350582	0.0140627	0.0569322	0.0260785	0.016886	0.0531422	0.0232677	0.0182848	0.308421	0.00806385	0.0400125	0.0551857	0.126195	0.0342429	0.0157895	0.00446434	0.0107616
87	0.397523	0.00598445	0.013459	0.0200658	0.0265013	0.0980228	0.0115188	0.0221767	0.026614	0.0415891	0.0314087	0.0209025	0.013541	0.0175852	0.0231081	0.133748	0.0318563	0.0415593	0.0127382	0.0100973
88	0.0464981	0.00291086	0.00477999	0.00411142	0.472949	0.0147089	0.00821396	0.0514732	0.0069504	0.133872	0.0614878	0.00593941	0.00350871	0.00790531	0.009758	0.015628	0.019136	0.0297259	0.00968574	0.0907569
89	0.394398	0.00494026	0.013756	0.0179911	0.0217702	0.0974952	0.0111447	0.0310546	0.0247976	0.0543736	0.0276762	0.018204	0.0103478	0.018649	0.0263811	0.12955	0.0310533	0.0474819	0.00795902	0.0109764
90	0.082361	0.00363569	0.020548	0.0204343	0.023344	0.0332244	0.012984	0.0378434	0.0207988	0.0498532	0.0443123	0.0218913	0.00726897	0.0215501	0.025053	0.126833	0.380142	0.0483925	0.00735657	0.0121741
91	0.17505	0.00306206	0.0185878	0.00977758	0.0147239	0.379968	0.0153039	0.0162462	0.0288562	0.0263298	0.020273	0.0630326	0.00994019	0.0291646	0.0322531	0.0893132	0.0359025	0.0182217	0.004818	0.00917561
92	0.206355	0.0014489	0.00461966	0.00434415	0.0082842	0.00674907	0.00729578	0.0085589	0.00654309	0.0117987	0.133157	0.00591497	0.324489	0.00737423	0.0391049	0.0133685	0.0130872	0.0107723	0.180941	0.00579236
93	0.0144466	0.000597944	0.0795486	0.0276475	0.012039	0.0127358	0.00193243	0.00295235	0.0218052	0.00397131	0.00322411	0.194306	0.0205118	0.00224712	0.0931345	0.329402	0.173138	0.00342007	0.00107452	0.00186467
94	0.0295329	0.000728616	0.0026305	0.0026824	0.00412776	0.00773814	0.0249327	0.0067082	0.302777	0.00821427	0.0100514	0.00484765	0.00204638	0.0235823	0.507964	0.0159896	0.0132654	0.0159288	0.00608763	0.0101642
95	0.0311166	0.00049275	0.108545	0.00113272	0.00220055	0.00215592	0.0268204	0.00275858	0.0669216	0.00307982	0.0028475	0.524081	0.00112999	0.00188951	0.0462249	0.169614	0.00366449	0.00258853	0.000957557	0.00177832
96	0.0317181	0.000505299	0.109741	0.00116916	0.0021987	0.0021397	0.0269224	0.00277094	0.0671572	0.00316036	0.00288678	0.519962	0.00106098	0.00181798	0.0469206	0.170874	0.00369733	0.00259019	0.000924479	0.00178258
97	0.521763	0.0150143	0.000902113	0.000868503	0.00173938	0.00198931	0.00121884	0.0019657	0.00138204	0.00257789	0.00268447	0.00135964	0.000674144	0.00149369	0.00181962	0.433527	0.0040015	0.00310883	0.000690518	0.00121915
98	0.0276386	0.000871954	0.00166385	0.00149295	0.0640304	0.00922139	0.00395361	0.115162	0.0074932	0.363302	0.267052	0.00235198	0.00098754	0.00548342	0.00376075	0.00976473	0.0276088	0.073029	0.00641983	0.00871262
99	0.0279038	0.000426963	0.000650617	0.000527573	0.0177315	0.00463932	0.000677427	0.311138	0.00103076	0.0867242	0.0192895	0.000770094	0.00134949	0.00282743	0.0046051	0.00177562	0.00829947	0.507513	0.000909701	0.00121092
100	0.385184	0.00520593	0.0140592	0.0182665	0.0219987	0.101489	0.0126247	0.0266997	0.0272384	0.0487041	0.02653	0.0211756	0.01518	0.0173577	0.0254182	0.125846	0.0342744	0.0506801	0.011246	0.0108222
101	0.0572051	0.00147413	0.00396368	0.0030851	0.0271873	0.0121361	0.00417162	0.219554	0.00611295	0.0804063	0.0333343	0.00387814	0.00592752	0.00730945	0.00795138	0.0139701	0.0296201	0.473938	0.00428122	0.00449352
102	0.227181	0.00733282	0.0281404	0.01399	0.0141581	0.0565371	0.0122843	0.0173451	0.0277171	0.0277663	0.0256471	0.0569522	0.0135303	0.02105	0.03142	0.285924	0.0873457	0.028652	0.00633878	0.0106879
103	0.0567816	0.000600464	0.00142751	0.0128715	0.00248575	0.00847414	0.00188613	0.00354655	0.0027148	0.0197248	0.00776497	0.0018684	0.00127991	0.014245	0.00353317	0.244545	0.608302	0.00482372	0.00113199	0.00199273
104	0.206113	0.0018964	0.0169666	0.00630786	0.0122286	0.310654	0.00928935	0.0127674	0.0111673	0.0133922	0.0181861	0.0440499	0.0135026	0.0260531	0.0208803	0.193616	0.0520008	0.0145208	0.00467626	0.0117313
105	0.00730929	0.000285684	0.000937169	0.000616257	0.0369914	0.00505596	0.00108384	0.1437	0.00117381	0.390851	0.293837	0.000907404	0.000890656	0.00127479	0.00125942	0.0026445	0.0191702	0.0870536	0.00287664	0.00208101
106	0.00471031	0.00017836	0.000586577	0.000470369	0.0365797	0.00460414	0.000732021	0.139853	0.000790524	0.40129	0.28012	0.000664791	0.000448894	0.00087237	0.00104017	0.00228045	0.0190388	0.102541	0.00146194	0.00173663
107	0.0437987	0.000196524	0.193763	0.210029	0.0018575	0.020799	0.0642136	0.00128112	0.0129209	0.00237548	0.00154788	0.109606	0.0138636	0.180843	0.0437585	0.0417586	0.0380457	0.00764663	0.00497106	0.00672386
108	0.0395271	0.00105688	0.00157485	0.00131854	0.149246	0.0096247	0.00224366	0.0878439	0.00344508	0.301292	0.292703	0.00308028	0.00147962	0.00392862	0.00334816	0.00800466	0.0225603	0.0430277	0.0147744	0.00992111
109	0.0143837	0.000597938	0.0797521	0.0278055	0.0119679	0.0127298	0.0019338	0.00295266	0.0218605	0.00389357	0.00322441	0.194476	0.0205358	0.00225798	0.092889	0.329003	0.173364	0.00343448	0.00107276	0.00186479
110	0.0599813	0.000227285	0.0544251	0.0925284	0.000816354	0.00636772	0.0206618	0.00963426	0.177664	0.0135463	0.0118755	0.0403138	0.00992228	0.175063	0.237988	0.0446097	0.0220174	0.00995731	0.00329215	0.00910901
111	0.224082	0.000282359	0.112722	0.218428	0.00125564	0.0274982	0.017751	0.00536088	0.122953	0.0135175	0.00566929	0.0517097	0.00121001	0.0499389	0.0573531	0.0654736	0.00809107	0.0104277	0.00081974	0.0054565
112	0.0384503	0.000381863	0.130502	0.606178	0.00172917	0.00291105	0.00572611	0.00204925	0.00292604	0.00232179	0.00231647	0.00586325	0.00574861	0.128462	0.0133541	0.0232946	0.0227521	0.0025905	0.000905013	0.00153763
113	0.0790306	0.00028825	0.000549401	0.000379181	0.020314	0.0117511	0.00060599	0.311889	0.00089496	0.143484	0.0179865	0.000701296	0.00201255	0.00108283	0.00209642	0.00141301	0.00952374	0.394689	0.000511084	0.000797348
114	0.19081	0.00023063	0.0726669	0.178943	0.0010954	0.0221778	0.015991	0.00687873	0.153601	0.0137111	0.00776957	0.0378405	0.00317017	0.0787984	0.126351	0.0638714	0.00837261	0.0100695	0.00132865	0.00632209
115	0.543888	0.00042628	0.00112749	0.00102916	0.00265006	0.284944	0.00122448	0.00216393	0.00168409	0.00356969	0.00354806	0.00160207	0.000784857	0.00151978	0.00220624	0.117074	0.0186899	0.00286788	0.00749587	0.0015044
116	0.0567266	0.00159507	0.00314859	0.0041268	0.0275359	0.00932775	0.00491841	0.213534	0.00551808	0.0837743	0.0393052	0.00450605	0.0047415	0.00849534	0.00905923	0.0143161	0.0295532	0.47102	0.00329901	0.00549859
117	0.0101026	0.000565265	0.00533096	0.00095541	0.0162521	0.00220789	0.00117427	0.307967	0.00186329	0.506577	0.0330158	0.00145894	0.00134493	0.00151186	0.00239583	0.00478794	0.0150555	0.0852097	0.000914001	0.0013097
118	0.545174	0.000520148	0.00119028	0.000970868	0.00283543	0.292074	0.0014465	0.00222583	0.00188474	0.00372341	0.00372527	0.0016632	0.000840805	0.00156475	0.00234664	0.107073	0.01722	0.00301404	0.00895335	0.00155338
119	0.0897086	0.0040482	0.0384284	0.042997	0.0299729	0.0463463	0.173555	0.0262468	0.0510097	0.0497461	0.0368053	0.0435121	0.0206909	0.0683847	0.0809298	0.057443	0.0444414	0.0368548	0.0206966	0.0381821
120	0.0706224	0.00104766	0.114407	0.443581	0.00594509	0.0122745	0.0164256	0.00618924	0.0333991	0.0115601	0.0104131	0.0228087	0.00828295	0.111867	0.0434278	0.0367695	0.0279083	0.0124237	0.00299148	0.00765535
121	0.0195054	0.000520207	0.000939749	0.000853654	0.0537362	0.00168782	0.000766511	0.479553	0.00111374	0.0749919	0.0964543	0.000986454	0.00223192	0.00120746	0.00349323	0.00253624	0.0179221	0.233769	0.0036577	0.00407348
122	0.528303	0.000662257	0.00124676	0.0011667	0.00313025	0.255718	0.00138848	0.00235142	0.00158522	0.00424758	0.00520053	0.00191458	0.0008293	0.0020268	0.00245258	0.146636	0.0296749	0.00397004	0.00595925	0.00153704
123	0.0975508	0.00497861	0.0398518	0.0491235	0.0368734	0.0465879	0.162363	0.0256109	0.0488604	0.0425583	0.0382274	0.0472068	0.0224605	0.06986	0.0868925	0.0547084	0.040179	0.0342099	0.0182415	0.0336555
124	0.00473493	0.000227561	0.000588358	0.000545303	0.00749626	0.00109924	0.000610175	0.417748	0.000857701	0.0301826	0.00878522	0.000816967	0.000625868	0.00280943	0.0035422	0.00168198	0.00596911	0.510453	0.000461872	0.000763844
125	0.279687	0.001581	0.0212065	0.00510006	0.00457425	0.0452117	0.0068907	0.00614617	0.182357	0.00765907	0.00929655	0.0917843	0.0483975	0.0392414	0.00962921	0.178793	0.0272949	0.00765809	0.00238061	0.0251116
126	0.0419392	0.000724881	0.0967662	0.00203989	0.00361258	0.00687437	0.0323702	0.00414674	0.0617508	0.00452267	0.00449363	0.494271	0.00276497	0.00309202	0.0446717	0.180553	0.00742999	0.00350043	0.00159099	0.00288393
127	0.15375	0.00344794	0.0184678	0.00721557	0.0152078	0.373115	0.0179446	0.0237877	0.0218207	0.0338671	0.0217125	0.0595692	0.0122353	0.030329	0.0292936	0.09814	0.0364151	0.0255662	0.00603885	0.0120755
128	0.0850795	0.00190358	0.179537	0.161175	0.0117976	0.0326829	0.027462	0.0187382	0.0437909	0.0267124	0.0145253	0.101221	0.012252	0.0839232	0.0489979	0.0696873	0.0437504	0.0199335	0.0059977	0.0108321
129	0.0536698	0.00410294	0.00616429	0.00584471	0.0702913	0.0159321	0.00906241	0.108547	0.0178221	0.209257	0.281456	0.0118554	0.00714531	0.011484	0.0212326	0.0306632	0.04484	0.0693339	0.010029	0.0112669
130	0.00641112	0.000206923	0.000609059	0.000537477	0.00885472	0.00139769	0.000556175	0.347332	0.000883518	0.0381852	0.00869481	0.000805821	0.000616271	0.00334046	0.00374163	0.00172437	0.0064336	0.568355	0.000495601	0.000819078
131	0.0731627	0.00136211	0.00971026	0.010961	0.00767565	0.0253638	0.00319243	0.00845487	0.00829463	0.0188642	0.0149425	0.0181244	0.00533872	0.00961903	0.0151763	0.219164	0.523525	0.0214013	0.00195041	0.00371682
132	0.0139725	0.00321834	0.00309528	0.00231823	0.0163125	0.00571245	0.00408529	0.0390334	0.00671591	0.19818	0.58118	0.00485192	0.00287263	0.00458336	0.0132792	0.0110191	0.0629172	0.0204517	0.00210562	0.00409468
133	0.0830944	0.000476305	0.00166956	0.00667177	0.00246687	0.0134926	0.00173733	0.00305531	0.00203755	0.0115884	0.00533602	0.00175362	0.000919117	0.00791862	0.00265117	0.174719	0.672353	0.0044617	0.00133539	0.00226246
134	0.0612833	0.00232339	0.00586716	0.00447056	0.0806442	0.0173297	0.00565765	0.137666	0.00938315	0.38969	0.0879094	0.00681258	0.0036923	0.0118091	0.0158319	0.0250523	0.0308417	0.079795	0.00826206	0.0156787
135	0.00886446	0.000256118	0.00130545	0.00050051	0.0299343	0.00276897	0.000739745	0.264923	0.000909526	0.400492	0.136627	0.00077215	0.000754203	0.00085793	0.00120767	0.00402112	0.019175	0.123485	0.000948742	0.00145776
136	0.0782774	0.00503419	0.0205999	0.0443103	0.0298485	0.0237634	0.0340484	0.0285689	0.0577375	0.0630804	0.12987	0.0304369	0.0134145	0.187645	0.0850276	0.043734	0.0451366	0.0372447	0.0135045	0.0287174
137	0.157542	0.00242575	0.018592	0.00822967	0.0187411	0.382631	0.0147738	0.0241958	0.0245933	0.0406953	0.0245238	0.054248	0.00949508	0.0262664	0.0283797	0.0914054	0.0354917	0.0198389	0.00626693	0.0116645
138	0.0181482	0.000187909	0.000646554	0.000495361	0.0125661	0.00326195	0.000600862	0.322115	0.00077953	0.0669766	0.0134957	0.000775002	0.00112461	0.0030201	0.00395384	0.00163576	0.00775728	0.541132	0.000566804	0.000760593
139	0.00324119	0.000177403	0.000630425	0.000460325	0.0335716	0.00450464	0.000687737	0.141883	0.000764355	0.400465	0.277783	0.000671978	0.000455018	0.000855391	0.00100605	0.00245746	0.018943	0.108749	0.000978695	0.00171455
140	0.0811032	0.00261571	0.0876027	0.0364518	0.0162297	0.0506873	0.0290783	0.01642	0.052162	0.0190981	0.0186489	0.28783	0.00842451	0.0405031	0.0515717	0.125263	0.0367927	0.0190056	0.00590441	0.0146074
141	0.0796423	0.000572968	0.00167876	0.00718241	0.00275567	0.0132745	0.00184741	0.00344338	0.00223788	0.0130288	0.0066102	0.00183372	0.00123349	0.00887191	0.00297429	0.191596	0.651181	0.00671624	0.00120949	0.00210938
142	0.0144438	0.000978268	0.00279305	0.00238637	0.582575	0.00531455	0.0124726	0.00948285	0.00444928	0.029529	0.0127867	0.00356697	0.00148833	0.00626249	0.00689463	0.00689048	0.00731135	0.00788939	0.00508304	0.277402
143	0.253922	0.00661813	0.0104621	0.0103484	0.0241429	0.0302879	0.00799224	0.0893903	0.01421	0.0913828	0.0315201	0.00731581	0.00706148	0.00951382	0.0118105	0.0364492	0.0407189	0.297427	0.0116038	0.00782243
144	0.0228494	0.000566188	0.00124195	0.000986137	0.132786	0.00170706	0.00143638	0.319945	0.00183468	0.0671624	0.120071	0.00153945	0.00103974	0.00176501	0.00321253	0.00330951	0.00508474	0.289805	0.0113118	0.0123463
145	0.0538726	0.00185488	0.00632455	0.00622773	0.240697	0.0147528	0.00527535	0.106709	0.0069852	0.180011	0.0603722	0.00741505	0.00435645	0.00737002	0.00765656	0.0149652	0.0189311	0.187245	0.0559774	0.0129999
146	0.128952	0.000493482	0.000893842	0.000844826	0.174318	0.029462	0.00105779	0.101424	0.00126985	0.382805	0.0731767	0.000931031	0.000576203	0.00143996	0.00146267	0.00682299	0.00981228	0.0578864	0.0226007	0.00376959
147	0.0624129	0.00038519	0.0519943	0.0840664	0.00198572	0.00893864	0.0209292	0.0100478	0.17259	0.0136989	0.0133614	0.0490009	0.00990386	0.16163	0.233383	0.0527068	0.0281866	0.0101341	0.00501524	0.00962924
148	0.0426497	0.000195298	0.000575645	0.000366673	0.0373705	0.00415935	0.00050587	0.452742	0.000668559	0.129541	0.0305729	0.000620245	0.00224138	0.000735534	0.00391977	0.00129007	0.0116307	0.277545	0.00123997	0.00142943
149	0.0693891	0.000196713	0.000481099	0.000282686	0.0282112	0.00719579	0.000461336	0.393043	0.000776655	0.152196	0.0175266	0.000590129	0.00242902	0.000708016	0.00269043	0.0012279	0.0123056	0.309394	0.000311975	0.00058213
150	0.540378	0.000428023	0.00115367	0.00100752	0.00266193	0.282187	0.00132759	0.00203733	0.00151217	0.0034402	0.00365762	0.00152539	0.000764841	0.00144991	0.00209392	0.123449	0.019583	0.00282251	0.00702001	0.0014997
151	0.0157475	0.00140801	0.0730432	0.0034457	0.0782431	0.0984788	0.058227	0.0550849	0.0592011	0.00922819	0.00814646	0.124807	0.00289723	0.0633266	0.0910982	0.0613236	0.0339004	0.0075509	0.0275643	0.127278
152	0.0232633	0.000517784	0.00155882	0.00123232	0.137196	0.00236794	0.00155579	0.373204	0.00224193	0.0943338	0.200889	0.00185118	0.00658981	0.00190902	0.00233611	0.00370119	0.0860705	0.053952	0.00229618	0.00293254
153	0.122942	0.000589016	0.000978321	0.000570033	0.0325424	0.00821663	0.000832523	0.23262	0.00104859	0.139533	0.0192528	0.000881416	0.00131005	0.00135937	0.00177184	0.00271741	0.0190451	0.41141	0.00101102	0.00136824
154	0.10267	0.0371398	0.00387701	0.00290901	0.301409	0.0355707	0.00453758	0.00897593	0.0053183	0.288446	0.0224751	0.0074822	0.0027145	0.00532515	0.00631255	0.086204	0.0618229	0.00948206	0.00261187	0.0047165
155	0.0358411	0.000374193	0.13272	0.623075	0.00148236	0.00224531	0.00377762	0.00170778	0.00139229	0.00212183	0.00198084	0.0033133	0.00549402	0.124409	0.0118094	0.0225522	0.0217521	0.00199627	0.000784383	0.00117129
156	0.0116862	0.000281701	0.00126358	0.0007018	0.0291226	0.00217862	0.000735382	0.354561	0.000900157	0.28533	0.151187	0.000855299	0.00221642	0.00083459	0.00139391	0.00417056	0.0375791	0.112501	0.000959169	0.00154154
157	0.0797013	0.000326744	0.000587513	0.000437586	0.0176354	0.0168774	0.000581942	0.309914	0.000882431	0.159775	0.0211042	0.000720552	0.0023595	0.000981087	0.00197176	0.00169725	0.00825401	0.374572	0.000685733	0.000934396
158	0.0181909	0.00192697	0.00142108	0.00144366	0.589376	0.0042308	0.00273955	0.017424	0.002265	0.246296	0.0666457	0.00214082	0.00110171	0.00467693	0.00295136	0.0114063	0.00807975	0.0062353	0.00305959	0.00838874
159	0.259381	0.00104524	0.00508866	0.00190864	0.00948797	0.2128	0.00451829	0.00741355	0.00358872	0.0147772	0.0341137	0.0193325	0.00727669	0.0121167	0.00919191	0.244294	0.12029	0.0259081	0.00264192	0.00482557
160	0.0251313	0.000515747	0.00119594	0.000857528	0.122884	0.00189221	0.00133856	0.332565	0.00163646	0.071962	0.106978	0.00145122	0.00101781	0.00153238	0.00303606	0.00306095	0.00565343	0.296033	0.0104738	0.0107848
161	0.182521	0.000397586	0.00070311	0.000587557	0.135927	0.0637036	0.000925388	0.0961581	0.000962977	0.34087	0.0485177	0.00101366	0.000557983	0.00110192	0.00126574	0.0126312	0.0153043	0.0926025	0.0032091	0.00103987
162	0.514923	0.00067319	0.00408343	0.00199832	0.00366686	0.26187	0.00276008	0.00304442	0.00362642	0.00405367	0.00554064	0.00850662	0.00218383	0.003234	0.00509181	0.137457	0.0233644	0.00486669	0.00629957	0.00275558
163	0.0903587	0.00150673	0.00294843	0.00730883	0.0246082	0.0466933	0.00501656	0.00628119	0.00585029	0.0744873	0.0730597	0.00443874	0.00194365	0.00967118	0.0071392	0.219073	0.400288	0.0125916	0.00207716	0.00465895
164	0.033409	0.000599265	0.00131501	0.00120516	0.0705151	0.00220288	0.00173223	0.403407	0.00203743	0.0867768	0.223428	0.00153024	0.0104406	0.00192336	0.00285492	0.00426107	0.0944242	0.0543273	0.00112188	0.00248886
165	0.0552072	0.000254897	0.000584485	0.00039435	0.0235331	0.00796567	0.000773317	0.416696	0.000868433	0.154396	0.0193942	0.000645239	0.00835215	0.000853721	0.00280403	0.00217188	0.0127734	0.290962	0.000542973	0.000827847
166	0.0916425	0.00102742	0.00209918	0.00230612	0.0158111	0.00390535	0.00320326	0.142366	0.00356186	0.00933257	0.00887854	0.00327624	0.00211586	0.00354858	0.00414496	0.0496091	0.193069	0.456315	0.00141451	0.00237246
167	0.300771	0.0358808	0.00391698	0.00399355	0.175798	0.0165256	0.00584774	0.00981933	0.00736753	0.116266	0.127802	0.0357391	0.00292457	0.00644537	0.00812517	0.0575008	0.06274	0.0126395	0.00316587	0.00673138
168	0.136721	0.00224446	0.00559231	0.00505433	0.0914228	0.00912585	0.0442328	0.0119907	0.045226	0.0145429	0.0135205	0.0076325	0.00400577	0.00931461	0.0105314	0.0164381	0.0150328	0.0142225	0.410989	0.132159
169	0.0056623	0.000436596	0.00131282	0.00134782	0.635528	0.00211434	0.0107251	0.00264553	0.00202161	0.00368895	0.00319401	0.00194083	0.00102099	0.00198793	0.00223527	0.00406406	0.00383754	0.00288421	0.000923028	0.312429
170	0.218378	0.0062129	0.0234512	0.0166245	0.0131976	0.0627418	0.0116588	0.0172197	0.0194072	0.0251799	0.0262797	0.0555218	0.0131049	0.0158266	0.029622	0.304679	0.101636	0.022369	0.00600969	0.0108798
171	0.0803468	0.0045994	0.0277822	0.0499365	0.0135376	0.028753	0.0368534	0.0233146	0.124439	0.0279903	0.0297224	0.0319297	0.00855287	0.066012	0.294033	0.0546334	0.0374613	0.0286121	0.0100268	0.0214632
172	0.0103637	0.000870774	0.00400305	0.00209148	0.0405416	0.00610015	0.143351	0.0232325	0.10093	0.00619246	0.0240814	0.00691816	0.00201708	0.186758	0.162427	0.00822976	0.0243621	0.00559986	0.0198687	0.222061
173	0.0789668	0.00346706	0.0268655	0.0434148	0.014142	0.0274492	0.0372478	0.0264795	0.120023	0.0264432	0.0333667	0.0380229	0.00982237	0.0708466	0.29481	0.0545763	0.0343873	0.0254829	0.0144397	0.0197455
174	0.0799176	0.00139796	0.110585	0.43065	0.0066779	0.00992358	0.0168284	0.00676502	0.0405388	0.0112875	0.00925288	0.0278594	0.00683695	0.108364	0.0477634	0.0411448	0.0257362	0.00984024	0.00277059	0.0058606
175	0.0056623	0.000436596	0.00131282	0.00134782	0.635528	0.00211434	0.0107251	0.00264553	0.00202161	0.00368895	0.00319401	0.00194083	0.00102099	0.00198793	0.00223527	0.00406406	0.00383754	0.00288421	0.000923028	0.312429
176	0.0856062	0.00102454	0.00320189	0.00757964	0.00485614	0.0241515	0.0978352	0.00563138	0.179826	0.00647291	0.00650977	0.00609139	0.00190035	0.013734	0.424259	0.0445512	0.0176614	0.0266203	0.00192542	0.0405613
177	0.382645	0.0049961	0.0159177	0.0228232	0.0246614	0.10157	0.0131805	0.0277752	0.0218196	0.0482512	0.0266232	0.0210103	0.00934996	0.0192047	0.0234459	0.128987	0.039932	0.0471362	0.00967611	0.010995
178	0.0668434	0.00252278	0.198907	0.176155	0.0135831	0.0418422	0.0249778	0.0119654	0.0357168	0.0194291	0.0134367	0.105923	0.0086345	0.0791133	0.0455087	0.0700677	0.0466411	0.0172769	0.00856384	0.0128925
179	0.247895	0.00028205	0.0850168	0.227798	0.00122708	0.0249905	0.0148316	0.00627642	0.134855	0.0158628	0.0068458	0.0417623	0.000593073	0.0420981	0.0618588	0.0677372	0.00216474	0.0114606	0.000562327	0.00588155
180	0.241123	0.0076843	0.00406875	0.00395341	0.127722	0.14919	0.00435677	0.0393295	0.00686262	0.175147	0.0390292	0.00846154	0.00322289	0.00559463	0.00826441	0.0808405	0.0409044	0.0442433	0.00481153	0.00518934
181	0.52166	0.000534074	0.00162554	0.0010229	0.00316977	0.278401	0.00149531	0.00252927	0.00160871	0.00368963	0.00416641	0.00248508	0.000829162	0.00162111	0.00262819	0.138874	0.0220248	0.003285	0.0065755	0.00177443
182	0.308526	0.00508021	0.0122484	0.0125364	0.0174766	0.0483247	0.0113258	0.0342904	0.019003	0.0408013	0.0317005	0.017206	0.01133	0.0163849	0.0158686	0.156155	0.0555579	0.163766	0.0101638	0.012255
183	0.05984	0.000220399	0.0542105	0.0925385	0.000771776	0.00641124	0.0205547	0.0096478	0.177754	0.0134888	0.0118924	0.0405364	0.00926923	0.175385	0.23793	0.0449731	0.0221369	0.00998725	0.00330499	0.00914749
184	0.0165696	0.00122837	0.00292827	0.00250665	0.135485	0.00550477	0.0217407	0.0123122	0.00375884	0.561044	0.0565207	0.00440088	0.00221358	0.0568073	0.005076	0.00889952	0.0258765	0.00755726	0.00591679	0.0636525
185	0.267263	0.010347	0.0185893	0.0083664	0.00851912	0.0384564	0.00245289	0.0453756	0.0102869	0.108801	0.0399379	0.0028628	0.00178727	0.00354361	0.0040246	0.0322956	0.0355289	0.333819	0.0238267	0.00391643
186	0.0518266	0.0012802	0.0538464	0.00352141	0.0084567	0.358809	0.00781433	0.0128872	0.0062674	0.00940476	0.0185367	0.0464153	0.0175062	0.0479809	0.0173376	0.259866	0.0502701	0.0146117	0.00293781	0.0104238
187	0.0467436	0.000206875	0.186696	0.213528	0.00236179	0.0217883	0.0670971	0.00129544	0.0125725	0.00285777	0.00162261	0.105086	0.0160215	0.183366	0.0441923	0.0409635	0.0336075	0.00795925	0.00595648	0.00607711
188	0.241396	0.00127618	0.0251832	0.00390641	0.0045694	0.0454303	0.0079728	0.0063988	0.187516	0.00759911	0.00767841	0.0970556	0.069749	0.039687	0.0118246	0.188694	0.0232094	0.00821497	0.00213214	0.0205075
189	0.0361468	0.00221108	0.00451389	0.00455099	0.0636359	0.0102885	0.00654043	0.239673	0.00693781	0.205542	0.222673	0.00478362	0.00654645	0.00705861	0.0097168	0.0123717	0.0349095	0.104959	0.00660448	0.0103364
