471	20
1	0.0206416	0.00149033	0.0334738	0.0702106	0.0497421	0.00485205	0.0438637	0.0272131	0.138559	0.0744223	0.0583602	0.0503241	0.000983461	0.115237	0.111907	0.0397214	0.10333	0.013558	0.0172781	0.0248317
2	0.0283376	0.00945502	0.00215373	0.00103937	0.0201313	0.00238646	0.00235624	0.304487	0.00113218	0.0489582	0.011006	0.00438322	0.00124262	0.00124651	0.00130044	0.00566582	0.042153	0.503744	0.00453251	0.00428951
3	0.0296669	0.000951731	0.00194302	0.0230975	0.00188731	0.00173334	0.00414421	0.322207	0.061047	0.0512368	0.0116256	0.00573146	0.00101039	0.0275846	0.0690061	0.0246962	0.0874141	0.270133	0.000909438	0.00397405
4	0.005671	0.00101336	0.0103602	0.0118677	0.00174144	0.00241575	0.0115774	0.00225773	0.749894	0.0178993	0.00243184	0.0269591	0.00125326	0.0193386	0.102721	0.00684328	0.0124666	0.0107574	0.000915976	0.00161509
5	0.0769924	0.00351701	0.0660155	0.0438544	0.00846593	0.0680536	0.0237877	0.00642781	0.0832521	0.0165595	0.0120161	0.0544259	0.011226	0.0293545	0.400129	0.0470945	0.0251824	0.00948748	0.00228909	0.0118694
6	0.0242027	0.0162258	0.258487	0.00651734	0.00300029	0.0341101	0.00688156	0.00262333	0.0240462	0.00374078	0.00321622	0.367201	0.00540625	0.0205086	0.0120532	0.156876	0.0474906	0.00410961	0.000971547	0.00233149
7	0.0185404	0.00179898	0.0125692	0.00576875	0.00511606	0.721946	0.00443264	0.00720829	0.0053921	0.054653	0.0339928	0.0571858	0.00166051	0.00635084	0.0235311	0.0194153	0.00810807	0.00767084	0.00149891	0.00316003
8	0.0645369	0.0102906	0.0494893	0.0701312	0.00235498	0.0226164	0.0598747	0.0226435	0.0646042	0.00434416	0.0136322	0.003528	0.00117728	0.0454717	0.230609	0.159347	0.139698	0.0231639	0.000966464	0.0115203
9	0.143996	0.00196456	0.00266268	0.00163095	0.0390874	0.016226	0.00291274	0.120213	0.00731937	0.149105	0.144174	0.00365829	0.0030359	0.00216977	0.00202153	0.0086849	0.021626	0.317628	0.00684673	0.00503768
10	0.789137	0.00982296	0.000410793	0.00296748	0.000807039	0.0438484	0.000540645	0.000854358	0.000685181	0.000869104	0.001191	0.000753926	0.00345969	0.00195923	0.00107735	0.11896	0.0201482	0.00181373	0.000188667	0.000505352
11	0.532886	0.00704517	0.00146103	0.0215698	0.00320293	0.114457	0.00215802	0.00488204	0.0021192	0.00362724	0.00766348	0.00339949	0.00150235	0.00404652	0.0134162	0.197606	0.0583739	0.0183207	0.000674052	0.00158796
12	0.0451731	0.000821768	0.0589541	0.111172	0.00570781	0.0177473	0.0358965	0.00185745	0.136208	0.0117577	0.00604864	0.0520757	0.0118131	0.0357089	0.422613	0.0193319	0.0115608	0.0032773	0.00153937	0.0107357
13	0.0075111	0.00636337	0.000359261	0.000539985	0.0271053	0.00241452	0.000518009	0.0964122	0.0017055	0.72181	0.0595206	0.00178717	0.000244913	0.00333375	0.000589601	0.00177299	0.00637235	0.0607832	0.000173598	0.000682296
14	0.0992615	0.0216432	0.00620246	0.0256233	0.0747519	0.0084584	0.0308039	0.020607	0.0286923	0.180866	0.0973247	0.024857	0.00208662	0.0434618	0.0350329	0.0705284	0.0690336	0.0512998	0.00691762	0.102548
15	0.03333	0.000958785	0.00143123	0.00276597	0.0253695	0.00635038	0.00191065	0.102474	0.0107164	0.323796	0.178748	0.0178437	0.000766567	0.0122117	0.0370853	0.0454027	0.059748	0.12712	0.000881456	0.0110902
16	0.0106742	0.00924236	0.0493656	0.0822836	0.17447	0.017382	0.0895483	0.0337604	0.0390099	0.0495322	0.0411464	0.08339	0.00143897	0.0473893	0.0436147	0.0696186	0.0189661	0.016169	0.016922	0.106076
17	0.0428967	0.000687278	0.00316401	0.0100495	0.0208884	0.00224147	0.00490352	0.0186238	0.103803	0.0281722	0.00268462	0.00300242	0.000695363	0.0199555	0.693335	0.0102317	0.00395673	0.00996942	0.00916539	0.0115737
18	0.0128878	0.00977264	0.650864	0.0475101	0.00227541	0.00967241	0.00704937	0.00723265	0.00852309	0.00482947	0.00437157	0.108459	0.00353042	0.00976026	0.0103691	0.057978	0.0317744	0.00830954	0.00132039	0.00351079
19	0.0426615	0.00315093	0.0660629	0.0804259	0.0361029	0.00569628	0.0211576	0.0213444	0.117396	0.159685	0.0687968	0.0527595	0.000411257	0.0860183	0.0741153	0.0237025	0.0669669	0.0295414	0.00928779	0.0347175
20	0.0426908	0.001323	0.0833446	0.0742698	0.0268208	0.00545071	0.0176078	0.0227796	0.123449	0.164686	0.0580142	0.06134	0.000733262	0.0932191	0.0719172	0.0212033	0.0680167	0.0280635	0.00778702	0.0272836
21	0.00851529	0.00119562	0.00122559	0.0149947	0.44911	0.0017465	0.0201336	0.0879916	0.00647746	0.204988	0.0341323	0.00238749	0.000920399	0.00249405	0.0113122	0.00479131	0.00556947	0.0426077	0.0172617	0.0821453
22	0.0558032	0.0083557	0.173239	0.032653	0.00402346	0.0663022	0.00408519	0.00383426	0.0647281	0.00587792	0.0052327	0.177919	0.0261455	0.0471202	0.0439559	0.164732	0.107762	0.0059313	0.000806442	0.00149245
23	0.00317788	0.00376864	0.000974797	0.00170642	0.280811	0.00132432	0.00224608	0.00222998	0.00152162	0.00954006	0.00406441	0.00226273	0.000574396	0.00166926	0.00843853	0.00729132	0.0171291	0.0145775	0.0351463	0.601546
24	0.100311	0.013826	0.00339456	0.021878	0.0123931	0.00473833	0.00799357	0.204613	0.0414199	0.122643	0.0900439	0.0429463	0.0283874	0.0193382	0.0184539	0.0567491	0.0890798	0.1082	0.00414102	0.00944925
25	0.268739	0.0252911	0.00307055	0.00479014	0.00400243	0.227117	0.00513057	0.00266008	0.00295672	0.00595548	0.00467547	0.015922	0.00135118	0.00843031	0.00856474	0.372188	0.0257733	0.00811062	0.000741923	0.00452935
26	0.031448	0.00140891	0.00482423	0.00122591	0.0317519	0.00125402	0.00368003	0.276987	0.00225951	0.248077	0.106888	0.00206735	0.000511685	0.00247356	0.00201674	0.0053714	0.0387869	0.205102	0.00287928	0.0309864
27	0.0403536	0.00104284	0.0718673	0.0810412	0.0240643	0.00613838	0.0214897	0.0195771	0.165504	0.114752	0.0569478	0.0564665	0.000880292	0.0923569	0.0931544	0.02026	0.0531238	0.0411412	0.00754197	0.032297
28	0.0454434	0.00564557	0.00238159	0.00962637	0.00845676	0.0034783	0.0128224	0.198074	0.0417556	0.196686	0.0763385	0.0564042	0.00359	0.0833222	0.0201438	0.0250743	0.120168	0.0841205	0.00265049	0.00381894
29	0.00768708	0.00562863	0.00040894	0.000618355	0.0329066	0.00219027	0.000634606	0.102416	0.00213388	0.695077	0.0716167	0.00171448	0.00024453	0.00375562	0.00112268	0.00215963	0.00746605	0.0600014	0.000270141	0.00194792
30	0.108093	0.0230629	0.00490282	0.0351121	0.0784445	0.00428562	0.0449145	0.0833977	0.0081735	0.0890343	0.0376887	0.0356786	0.00679258	0.0505603	0.0303369	0.0579722	0.0599289	0.0963067	0.0149782	0.130336
31	0.048372	0.0041207	0.185688	0.0527586	0.00433062	0.0602094	0.00860463	0.00470742	0.0975367	0.00937467	0.0056759	0.15514	0.0252216	0.051888	0.0725694	0.140229	0.0628959	0.00688098	0.00109579	0.00270088
32	0.0389637	0.00106629	0.0145686	0.0314616	0.0138916	0.00869792	0.0142364	0.0138753	0.266558	0.0266549	0.00772426	0.0219337	0.00295152	0.042805	0.43253	0.0183364	0.0162152	0.0124615	0.00466688	0.0104012
33	0.00766203	0.00578786	0.00171299	0.00568534	0.223582	0.00422499	0.0182275	0.00610513	0.00434728	0.0145286	0.00598388	0.00947223	0.00335754	0.0046174	0.00940198	0.0116561	0.0165349	0.0157996	0.0437246	0.587588
34	0.00819963	0.00737829	0.000443238	0.000717721	0.032239	0.00376207	0.000571154	0.0914169	0.00169833	0.722416	0.0558504	0.00203806	0.000358442	0.00325831	0.000681874	0.0021269	0.00594067	0.0598	0.000180848	0.000922597
35	0.0591815	0.0153412	0.00175098	0.00239203	0.00395615	0.00263282	0.00974841	0.294812	0.0132906	0.225173	0.0279453	0.017717	0.00103715	0.0384931	0.00445031	0.0260783	0.0527002	0.191086	0.00219276	0.0100207
36	0.0108701	0.00102378	0.00107677	0.0206158	0.286554	0.00140616	0.0301394	0.139294	0.00813568	0.234438	0.0436342	0.00270291	0.000718943	0.00290113	0.0141112	0.00336033	0.00647194	0.0670455	0.0114933	0.114008
37	0.0376546	0.00293305	0.123534	0.515551	0.00828762	0.0112829	0.0129373	0.00906162	0.0512861	0.0158529	0.0105413	0.0350832	0.00842468	0.0363703	0.031732	0.0296964	0.0258391	0.0134614	0.00469397	0.0157764
38	0.0596456	0.00666692	0.00543495	0.0153277	0.0129755	0.0150868	0.00740665	0.0365507	0.0456215	0.245615	0.107267	0.0314721	0.00234346	0.0196367	0.044047	0.108121	0.167628	0.0540597	0.00309062	0.0120035
39	0.0907115	0.00126605	0.00546319	0.0114402	0.00263958	0.00225947	0.0082956	0.0125001	0.00251897	0.00994189	0.0155417	0.0170465	0.725724	0.0179163	0.00686671	0.0251409	0.015298	0.0264081	0.00107695	0.00194425
40	0.0397654	0.00814229	0.0164603	0.0345903	0.0131055	0.0287243	0.0150948	0.0200787	0.0425171	0.0305287	0.031051	0.0356537	0.0110994	0.467435	0.0422183	0.0643225	0.0527568	0.0256147	0.00632817	0.0145136
41	0.106883	0.0226079	0.00173445	0.0275545	0.113851	0.00494824	0.0312332	0.101964	0.0025173	0.0822108	0.0142737	0.0139882	0.00960918	0.0768919	0.0126145	0.0412201	0.0860992	0.127944	0.0310326	0.0908226
42	0.0285729	0.00116179	0.0010326	0.00313069	0.0695848	0.00638811	0.00247503	0.0822427	0.00809305	0.348838	0.175329	0.00974891	0.000704875	0.00794848	0.0387546	0.0399599	0.0711421	0.0943494	0.000997614	0.00954559
43	0.00584177	0.00419267	0.00141787	0.00574358	0.2942	0.00403642	0.0345671	0.00865633	0.0118441	0.0365137	0.00595324	0.0169354	0.00104311	0.00386415	0.0104517	0.0145554	0.0136976	0.0112427	0.175683	0.33956
44	0.0259147	0.0139234	0.00307885	0.00315127	0.00324569	0.00324509	0.00324201	0.0435725	0.00353009	0.13289	0.689122	0.00466293	0.00143889	0.00447818	0.00497614	0.00809565	0.00749825	0.039157	0.0013066	0.00347091
45	0.133454	0.032144	0.00552797	0.0128777	0.00995623	0.0871602	0.0048772	0.0614104	0.0279075	0.0988718	0.0558135	0.0134105	0.00293315	0.01737	0.0793791	0.103014	0.134337	0.11021	0.00326013	0.00608466
46	0.028199	0.00883417	0.00160772	0.000999054	0.0155777	0.00188315	0.00189802	0.337474	0.00112884	0.0419002	0.0130622	0.00336049	0.00107119	0.00142235	0.00113621	0.00475603	0.0303459	0.498436	0.00344452	0.00346384
47	0.789137	0.00982296	0.000410793	0.00296748	0.000807039	0.0438484	0.000540645	0.000854358	0.000685181	0.000869104	0.001191	0.000753926	0.00345969	0.00195923	0.00107735	0.11896	0.0201482	0.00181373	0.000188667	0.000505352
48	0.034043	0.0167003	0.00276117	0.00326197	0.003511	0.00375658	0.0034823	0.0363004	0.00375343	0.128097	0.692992	0.0048531	0.00161699	0.00497874	0.00531135	0.00920503	0.00710301	0.0337287	0.00127553	0.00326775
49	0.0445852	0.0661209	0.00969741	0.0176998	0.101142	0.0734877	0.059417	0.0133332	0.0167669	0.0906983	0.0574379	0.0234216	0.00387291	0.0283328	0.0157431	0.129189	0.114191	0.0254491	0.00684887	0.102565
50	0.0284779	0.00708805	0.00116696	0.00227412	0.0244415	0.00382416	0.00307786	0.12982	0.0048539	0.492426	0.0830426	0.00590458	0.00272875	0.00802395	0.00808751	0.0236177	0.0336621	0.123061	0.00187061	0.0125512
51	0.535086	0.0242624	0.0015401	0.00532402	0.0323993	0.0478636	0.00202819	0.0364765	0.00202478	0.0150508	0.022545	0.00471531	0.00186433	0.0039145	0.00333996	0.154149	0.0558662	0.0492019	0.000676256	0.00167239
52	0.123249	0.00985784	0.00247853	0.003576	0.00815884	0.00532158	0.0051	0.218939	0.0203734	0.152247	0.0753978	0.00650347	0.00210916	0.0727188	0.00409657	0.106244	0.00821377	0.145752	0.00126057	0.0284017
53	0.0309392	0.00119662	0.045185	0.0349972	0.00186736	0.0361608	0.0401543	0.0118992	0.108501	0.0135451	0.00269104	0.352676	0.0412251	0.0764709	0.0952083	0.0364948	0.0355435	0.0321745	0.00114341	0.00192696
54	0.0688009	0.00464217	0.152852	0.324515	0.0141961	0.0151312	0.0195411	0.00907387	0.0414977	0.0213093	0.0150976	0.0481696	0.0114063	0.0384812	0.0309992	0.0416102	0.032335	0.016488	0.00639281	0.087461
55	0.00934233	0.00389957	0.00347812	0.00480217	0.126748	0.00642365	0.0937884	0.0500929	0.0550901	0.0511936	0.00796556	0.0160813	0.00213078	0.00780351	0.0507736	0.0282956	0.00776151	0.00764672	0.240093	0.226589
56	0.110372	0.0138676	0.00170813	0.00159256	0.0118392	0.00222506	0.0023163	0.221621	0.00180547	0.0251924	0.00782917	0.00317978	0.0011454	0.00203509	0.00206623	0.00528511	0.0546537	0.52558	0.00265091	0.00303485
57	0.0350055	0.00166631	0.00381995	0.0500316	0.00462105	0.0161965	0.019455	0.116739	0.248954	0.0762452	0.0117186	0.0102157	0.0128729	0.0406098	0.194879	0.0126542	0.0342598	0.101824	0.00170028	0.00653126
58	0.0722404	0.00039717	0.0744551	0.246057	0.00622005	0.0161031	0.0204176	0.00507452	0.20178	0.00572107	0.00138541	0.051609	0.0154181	0.069248	0.14063	0.0304047	0.0258164	0.00744479	0.000366212	0.00921165
59	0.0420598	0.0085433	0.00206168	0.00500108	0.275216	0.00404523	0.00731212	0.136894	0.00723999	0.166242	0.0711548	0.00777501	0.00557741	0.0110071	0.00951042	0.0308737	0.0561585	0.116229	0.00934427	0.0277553
60	0.0106568	0.00568659	0.00188685	0.00621798	0.221311	0.00345702	0.016239	0.00652758	0.00404579	0.0188638	0.00692569	0.010899	0.0021909	0.00617855	0.00983629	0.0122079	0.0171874	0.0171255	0.0414241	0.581133
61	0.0205873	0.00162019	0.327753	0.202113	0.00253105	0.0268031	0.0539157	0.0059576	0.0477288	0.0108954	0.00686547	0.095137	0.00377119	0.0701552	0.0381639	0.021061	0.0399218	0.00875427	0.0100663	0.00619821
62	0.146716	0.00217011	0.00269019	0.00166749	0.0369049	0.0157631	0.00284384	0.119853	0.00781352	0.150123	0.146062	0.00349348	0.00296196	0.00217493	0.00209239	0.00937736	0.0217715	0.313901	0.00664238	0.00497746
63	0.0318074	0.00157293	0.00497318	0.00186579	0.0273706	0.00151538	0.00333182	0.249713	0.0023592	0.275658	0.116032	0.00336566	0.000604936	0.00324427	0.00554182	0.00920614	0.0462668	0.18554	0.00218359	0.0278476
64	0.152487	0.00908219	0.0215682	0.029084	0.00757437	0.0370693	0.0121337	0.00506663	0.0572463	0.0122871	0.00743207	0.0391084	0.0147889	0.0276153	0.0263478	0.473946	0.0364522	0.0156357	0.00290443	0.0121701
65	0.00897687	0.0022375	0.00405033	0.0497076	0.00355612	0.0198472	0.00407671	0.00464033	0.124575	0.103906	0.00498812	0.107158	0.00182822	0.168202	0.0713361	0.115963	0.192931	0.00629359	0.00221096	0.00351604
66	0.0157652	0.00447962	0.00648407	0.0161111	0.217099	0.00625949	0.112798	0.0645129	0.0387899	0.24228	0.071999	0.0108	0.00292315	0.0103504	0.0862261	0.0159537	0.0147531	0.0241223	0.00619895	0.0320944
67	0.0231179	0.000552986	0.091837	0.192971	0.00581978	0.00522197	0.054106	0.00312438	0.220747	0.0410247	0.0131602	0.0216736	0.00100631	0.105613	0.123601	0.0350319	0.0195208	0.00909532	0.00312155	0.029653
68	0.0334993	0.00191667	0.00215664	0.00270337	0.0658141	0.00229576	0.0109035	0.248457	0.00431735	0.203789	0.0822543	0.00355505	0.000527819	0.00450293	0.00324895	0.00855933	0.0238302	0.218273	0.0061176	0.0732788
69	0.0391971	0.0350957	0.0014258	0.00954676	0.013382	0.00288582	0.0068576	0.253691	0.00501278	0.0809572	0.0612619	0.0173708	0.042225	0.00593958	0.00174051	0.0819561	0.154719	0.164728	0.00391946	0.0180878
70	0.239653	0.0975601	0.00211211	0.00327798	0.0260296	0.0200353	0.0230094	0.0433035	0.00366765	0.133205	0.0880099	0.00825783	0.0319408	0.0200703	0.00330409	0.0967929	0.0248002	0.121657	0.00489867	0.00841539
71	0.625955	0.0097328	0.00231204	0.00518268	0.00175951	0.0394837	0.00454437	0.00392348	0.0140728	0.0052162	0.00401378	0.00474215	0.0604569	0.00692003	0.00975026	0.153505	0.0348314	0.0111057	0.000699214	0.00179283
72	0.0643921	0.01611	0.0187356	0.0179537	0.00744898	0.0652687	0.0101561	0.0122676	0.0175659	0.0224774	0.0163887	0.0312576	0.0074536	0.0203463	0.0174888	0.142815	0.46859	0.0284778	0.00603742	0.00876904
73	0.0682626	0.00586622	0.00903235	0.0157126	0.00417539	0.00745911	0.00880863	0.0117886	0.0092687	0.0110846	0.0110356	0.0270246	0.663887	0.0171498	0.0149385	0.0617133	0.0270292	0.0201435	0.00166483	0.00395449
74	0.0375501	0.00622483	0.0083899	0.0196056	0.0118974	0.0110448	0.0101036	0.231444	0.0463326	0.0728023	0.0345414	0.0170767	0.00948578	0.0246527	0.0806796	0.0470303	0.185421	0.131905	0.00333601	0.0104767
75	0.00935875	0.00404151	0.000797697	0.00140433	0.0501338	0.00199883	0.00101689	0.118145	0.00531086	0.6011	0.120766	0.00277298	0.00047529	0.00824919	0.00416565	0.00399806	0.0130726	0.0493542	0.000421283	0.00341676
76	0.502354	0.0203067	0.000920137	0.00634261	0.0224619	0.0519982	0.00138815	0.0428611	0.00136852	0.0153095	0.0208869	0.00436523	0.000796305	0.00385917	0.00364856	0.182485	0.0580409	0.0589038	0.00053124	0.00117193
77	0.0464242	0.00793916	0.0395924	0.0193792	0.0122009	0.190845	0.05928	0.00990053	0.0247414	0.0154143	0.00777342	0.355079	0.0076172	0.0239822	0.0220026	0.0814223	0.0302736	0.0210753	0.00307011	0.0219864
78	0.525718	0.0263272	0.000811111	0.00380546	0.0108598	0.0321632	0.00129808	0.0617299	0.00132324	0.0268796	0.0168509	0.0038402	0.000647073	0.0045699	0.00198763	0.137849	0.0644678	0.0773957	0.000434539	0.00104142
79	0.199963	0.00925902	0.01411	0.0160648	0.0109623	0.258037	0.0125326	0.0148724	0.0169972	0.0216026	0.0606281	0.0265758	0.00897843	0.0190616	0.193116	0.0455157	0.0298118	0.0242691	0.00470539	0.0129366
80	0.0377012	0.00505205	0.0109929	0.0236865	0.00655761	0.0384058	0.012208	0.0606599	0.0970718	0.0371572	0.0545502	0.0174591	0.00366617	0.0272927	0.133386	0.151447	0.226078	0.0445247	0.0048738	0.00722933
81	0.050967	0.0713746	0.00290859	0.00420011	0.00538488	0.00330412	0.0208174	0.0535577	0.00583611	0.0760198	0.00408943	0.0230918	0.371142	0.0182097	0.0859156	0.0245486	0.121323	0.0526683	0.00149527	0.00314622
82	0.142687	0.00505287	0.00814917	0.0206122	0.00852778	0.0701826	0.118484	0.0113478	0.0119689	0.012761	0.032715	0.0733491	0.152375	0.0123169	0.0580839	0.120354	0.0582691	0.019307	0.0037055	0.059752
83	0.0366468	0.00833456	0.032298	0.0325692	0.0117374	0.0369547	0.0177195	0.0101215	0.040203	0.0252713	0.022101	0.0955389	0.0119599	0.382112	0.0308069	0.122791	0.0501623	0.016188	0.00396496	0.0125189
84	0.00967203	0.00504942	0.00128548	0.00310466	0.111571	0.00348416	0.00610832	0.0963752	0.00452032	0.582	0.0757179	0.00387452	0.000871255	0.00512502	0.0053643	0.00537961	0.0111237	0.0508362	0.00259722	0.0159392
85	0.199901	0.0144607	0.0109088	0.01216	0.0051015	0.0444066	0.00813216	0.0127001	0.00995724	0.0114661	0.00991849	0.0199217	0.00515742	0.0130083	0.00982241	0.493827	0.0902569	0.0226916	0.000995871	0.00520523
86	0.0724516	0.0173568	0.0407718	0.0204783	0.0083839	0.0404601	0.0185098	0.00812411	0.0247802	0.0131694	0.00966957	0.127992	0.0210835	0.0249489	0.0179001	0.445065	0.0535746	0.0176263	0.00353169	0.0141225
87	0.07096	0.386652	0.0147665	0.0152736	0.0232589	0.0285612	0.0149965	0.0391278	0.0143111	0.0448057	0.021873	0.037656	0.0195441	0.0248878	0.0171296	0.0878967	0.0563498	0.0529717	0.00959928	0.0193787
88	0.00651726	0.00143402	0.00143814	0.00891221	0.495749	0.0022837	0.00957244	0.0537525	0.0037534	0.100237	0.0251278	0.0025527	0.000762889	0.00288648	0.0106827	0.00826013	0.012028	0.0475575	0.0306444	0.175848
89	0.0119625	0.00356486	0.0012207	0.000767583	0.0104365	0.00113887	0.00245068	0.463805	0.00166556	0.133082	0.0291688	0.00353173	0.000268927	0.00333956	0.00195159	0.00528872	0.0269654	0.292158	0.00114229	0.00609073
90	0.0548778	0.00988914	0.0550688	0.021029	0.0131231	0.0433702	0.017762	0.112527	0.017018	0.0869259	0.0533175	0.0675663	0.00901259	0.012603	0.0185375	0.122362	0.147989	0.0658377	0.0312876	0.0398954
91	0.0541243	0.00511126	0.0408494	0.0748467	0.00424362	0.0742484	0.00606125	0.0399453	0.0536409	0.0520869	0.0430754	0.0385919	0.00664289	0.021444	0.0684386	0.115151	0.210699	0.0767159	0.00712846	0.00695497
92	0.0389666	0.0376247	0.00112942	0.0112838	0.0127357	0.00207582	0.00719036	0.26787	0.0044913	0.068995	0.0555579	0.0181745	0.0503776	0.00678991	0.00113777	0.0705928	0.137038	0.185075	0.00383621	0.019058
93	0.0784243	0.00170592	0.264749	0.139374	0.00289603	0.128484	0.0174172	0.00331696	0.0328343	0.00760068	0.0151226	0.0277385	0.107872	0.0422405	0.00685844	0.0827623	0.0301224	0.005654	0.0013992	0.00342747
94	0.0947048	0.00443806	0.0395547	0.00671141	0.0766225	0.00812464	0.0289017	0.194387	0.00725397	0.0926621	0.0840659	0.0405698	0.00437652	0.00789933	0.00691379	0.0189742	0.0494177	0.208239	0.00600493	0.020178
95	0.494045	0.018753	0.00152308	0.00715408	0.0130682	0.0630357	0.00163934	0.0426405	0.00179297	0.0167633	0.0226376	0.00615725	0.00235028	0.00461439	0.00414367	0.17542	0.0562376	0.0660355	0.000607903	0.00138067
96	0.0207861	0.00157011	0.0294467	0.0369376	0.0125891	0.00375707	0.012892	0.0232761	0.147782	0.130355	0.139052	0.0477289	0.00115212	0.128042	0.144673	0.0224502	0.0571337	0.0148381	0.0149836	0.0105552
97	0.0326797	0.0195623	0.00213364	0.00539217	0.0347269	0.00259971	0.0102386	0.256451	0.00494986	0.183102	0.0525787	0.00857759	0.00805951	0.0133839	0.00412717	0.0268837	0.060458	0.200625	0.00453633	0.0689342
98	0.146919	0.0180545	0.0115294	0.0201128	0.0044708	0.0340692	0.00998984	0.00526491	0.0118708	0.00964621	0.00507367	0.0441601	0.00282983	0.0516712	0.00714985	0.512902	0.049728	0.0454063	0.00182526	0.00732629
99	0.117519	0.00736919	0.018733	0.0420708	0.00973412	0.0217564	0.0154927	0.0113805	0.299018	0.0253367	0.0136351	0.039732	0.0150303	0.0491692	0.0781302	0.159713	0.0393762	0.0221919	0.0038494	0.0107624
100	0.0160918	0.00757282	0.00327045	0.0182413	0.207629	0.0212023	0.105473	0.00662952	0.0110677	0.0184149	0.00904794	0.0643472	0.0010581	0.0242879	0.0161218	0.0261603	0.00614756	0.00905322	0.120442	0.307741
101	0.359192	0.00896837	0.00279586	0.0126907	0.0038607	0.11323	0.00589157	0.00480945	0.00903671	0.00536901	0.00609156	0.00663114	0.00655615	0.0062871	0.0380076	0.344065	0.0502463	0.0113587	0.00131169	0.00360063
102	0.158897	0.00643297	0.0115099	0.00502776	0.00738191	0.64341	0.00310252	0.00411027	0.0044743	0.0108529	0.00952844	0.0271353	0.00194923	0.00687945	0.0114149	0.0597309	0.0127149	0.00858517	0.00119701	0.0056649
103	0.0425767	0.00331317	0.0105176	0.00355253	0.00346204	0.83886	0.00231326	0.00291986	0.00317985	0.00992262	0.0075714	0.0254468	0.00110373	0.00358878	0.00792812	0.0191492	0.00553415	0.00620891	0.000623346	0.00222786
104	0.00624384	0.00035934	0.000387523	0.000392992	0.00722901	0.000372062	0.000461033	0.560932	0.000659573	0.120551	0.0413542	0.00138787	0.000168614	0.00273726	0.000553579	0.00368838	0.0122587	0.23402	0.000202357	0.00604086
105	0.0308891	0.00257417	0.0113122	0.00373356	0.0038081	0.853383	0.00220338	0.00232649	0.00338096	0.00901445	0.0084201	0.0264602	0.000874612	0.00372401	0.00844772	0.0153742	0.00514724	0.00538161	0.000575063	0.00296958
106	0.0566514	0.00616815	0.00436007	0.00163804	0.0313747	0.00789615	0.00912756	0.262434	0.00413899	0.13793	0.0612045	0.0119947	0.00247621	0.00446221	0.00173156	0.0118216	0.0402379	0.309257	0.00971048	0.0253853
107	0.0320833	0.00614748	0.174815	0.0525161	0.00932576	0.0234655	0.0336931	0.00771509	0.0359572	0.0124241	0.0214495	0.196288	0.0508028	0.0455359	0.020433	0.161656	0.0380466	0.0135228	0.00205704	0.0620669
108	0.14548	0.00353794	0.00298658	0.00221643	0.0486393	0.0241468	0.00398661	0.120044	0.00650518	0.145043	0.150938	0.00410891	0.00445439	0.00326075	0.00218232	0.0100886	0.0199325	0.279164	0.0165504	0.00673429
109	0.11875	0.0697829	0.00550827	0.00520012	0.00333911	0.155094	0.00449604	0.00401622	0.00463352	0.0150256	0.00388966	0.0569782	0.00252624	0.0284087	0.00452373	0.396162	0.0988608	0.0115877	0.00157662	0.00964142
110	0.0697489	0.00101979	0.0324383	0.0125777	0.0061543	0.0461402	0.0638404	0.0023324	0.186821	0.0359723	0.00612436	0.0780485	0.0222255	0.0544386	0.323724	0.0110842	0.00943658	0.00396082	0.000961677	0.0329506
111	0.00415528	0.00034988	0.000285776	0.000377428	0.00692447	0.000374593	0.000410355	0.584966	0.000445986	0.108256	0.0280749	0.00146271	0.000196582	0.00176602	0.000491278	0.00300882	0.0118208	0.242479	0.000155607	0.00399928
112	0.0424153	0.00165938	0.00960503	0.0174417	0.0172539	0.00715261	0.0106015	0.0167249	0.100391	0.0283123	0.006522	0.0125451	0.00277182	0.0237666	0.645576	0.0143224	0.0114665	0.0123115	0.00726373	0.0118959
113	0.747573	0.0106145	0.000474983	0.0026749	0.000908531	0.0731664	0.000559409	0.000962586	0.000872405	0.00104016	0.00129014	0.000827371	0.0030995	0.00337534	0.00145203	0.131496	0.0163254	0.00249046	0.00021634	0.000580677
114	0.0503697	0.000697016	0.00102916	0.0194741	0.0159919	0.00262455	0.00696061	0.120358	0.087823	0.232578	0.133377	0.0299863	0.00218245	0.05194	0.0494257	0.0367373	0.0909892	0.0620457	0.00367802	0.00173219
115	0.0174611	0.00155212	0.03507	0.00302115	0.00321283	0.717012	0.00403488	0.00189489	0.0102045	0.0107464	0.00737855	0.10506	0.00174151	0.0103129	0.0143158	0.0427357	0.00830887	0.00391439	0.000640274	0.00138159
116	0.244181	0.00382814	0.00106257	0.00136349	0.00111761	0.0725289	0.00674555	0.00150907	0.00272226	0.00183906	0.00144814	0.00232693	0.00074471	0.00212333	0.00757373	0.626241	0.0176289	0.00329388	0.000396132	0.00132525
117	0.108216	0.00294834	0.0393889	0.0793198	0.0446226	0.00728097	0.0714272	0.0240102	0.032945	0.0411146	0.0504801	0.0271516	0.096969	0.00670654	0.0582728	0.0890147	0.097966	0.0479594	0.0157675	0.058439
118	0.00839738	0.00190952	0.000588096	0.00124925	0.00871822	0.00075164	0.000807449	0.548714	0.00190052	0.100091	0.0256877	0.00239579	0.00141855	0.00265778	0.00171515	0.00569762	0.0192542	0.262965	0.000664443	0.00441673
119	0.0366254	0.00159898	0.0371138	0.0312604	0.00671988	0.0224041	0.0648663	0.00349134	0.160022	0.0204739	0.0148981	0.0541263	0.00895365	0.0409351	0.451945	0.0104114	0.00878915	0.0051379	0.00147351	0.0187544
120	0.0308745	0.00340954	0.0909296	0.0119509	0.00508622	0.297548	0.0109764	0.00450482	0.0532297	0.00577017	0.00383397	0.223798	0.0123522	0.0411733	0.0268446	0.136747	0.0289508	0.00624322	0.0010979	0.00467838
121	0.0204881	0.00555265	0.0669853	0.0170369	0.103492	0.0618678	0.163179	0.0465453	0.0478607	0.0161794	0.0128459	0.140914	0.00344331	0.0141208	0.0116665	0.0407469	0.0554958	0.0732929	0.00437727	0.0939091
122	0.0728303	0.000908787	0.0778135	0.248883	0.0218767	0.0370129	0.0279749	0.00153084	0.129449	0.0094256	0.00385041	0.0718876	0.048203	0.0581326	0.0868955	0.0580203	0.0219944	0.00571466	0.000742676	0.0168527
123	0.0710301	0.00628326	0.0138103	0.00880425	0.00558723	0.40761	0.0332417	0.0072879	0.0114459	0.0112894	0.00831028	0.184531	0.00388092	0.0143836	0.036572	0.0847832	0.0434189	0.0353758	0.00421544	0.00813861
124	0.2235	0.00194448	0.00594233	0.145021	0.0286246	0.00525509	0.0200606	0.0214966	0.0988583	0.022703	0.0188609	0.00817652	0.00280091	0.109803	0.148826	0.0431156	0.027661	0.0478119	0.00133221	0.0182061
125	0.217507	0.00614675	0.0035256	0.00619103	0.00313483	0.0554177	0.0534214	0.00478547	0.0051414	0.00602277	0.004718	0.0107404	0.00421868	0.00889983	0.00912843	0.545036	0.0422568	0.00821971	0.00121394	0.00427424
126	0.0624018	0.0133557	0.0493416	0.0275643	0.00663235	0.17342	0.00819076	0.011288	0.0173073	0.0423937	0.00972254	0.0321439	0.00758701	0.06553	0.016008	0.232161	0.194011	0.018707	0.00398383	0.00824995
127	0.0172803	0.000781884	0.0119371	0.00318105	0.00260316	0.882053	0.00173199	0.00135071	0.00300357	0.00917154	0.00662129	0.0284304	0.000572217	0.00191943	0.0075669	0.0128313	0.00362802	0.00340569	0.000825575	0.00110497
128	0.035402	0.0366477	0.00102545	0.0089674	0.0128416	0.00200349	0.00615365	0.274644	0.00427533	0.0642812	0.0462934	0.0153397	0.0452352	0.00543819	0.00140491	0.0595518	0.127336	0.233233	0.00360725	0.0163192
129	0.00402623	0.000327681	0.000299195	0.000384853	0.00696057	0.000374243	0.000402812	0.588262	0.000453008	0.105927	0.0263118	0.00153983	0.000194884	0.00170268	0.000484295	0.00292752	0.0118742	0.243559	0.000163092	0.00382548
130	0.0534119	0.0155804	0.0124195	0.0182184	0.00666091	0.00846219	0.0126337	0.0194349	0.0245607	0.0236739	0.0106789	0.0228005	0.586959	0.0180167	0.0562842	0.0383704	0.0394251	0.0259561	0.00176651	0.00468582
131	0.0160294	0.00721479	0.00299381	0.00683572	0.400184	0.00567036	0.0148609	0.0296258	0.00855703	0.0480724	0.0186564	0.0138262	0.00224376	0.00999695	0.0115941	0.0270759	0.0179918	0.053573	0.169303	0.135695
132	0.0271001	0.00178209	0.00208478	0.00140196	0.0530035	0.00147234	0.00728241	0.285692	0.0035474	0.207816	0.084411	0.0026763	0.000417737	0.00369602	0.00240403	0.00751828	0.026269	0.218366	0.00508278	0.0579764
133	0.00534407	0.00103075	0.00950502	0.0105868	0.00168194	0.00213198	0.0126342	0.0022505	0.756556	0.0172242	0.00239684	0.0267557	0.0010094	0.0177402	0.102451	0.00582842	0.011576	0.0108821	0.000865108	0.00155
134	0.0328722	0.00883459	0.00378078	0.0140926	0.0600427	0.00293298	0.0529226	0.206441	0.00472984	0.147108	0.0551231	0.0197779	0.00253628	0.0277379	0.0202672	0.0210784	0.0455489	0.141849	0.00684899	0.125475
135	0.123983	0.0167199	0.00309927	0.0122191	0.121599	0.00486236	0.0270742	0.113772	0.00275057	0.0830685	0.0214298	0.0108748	0.00637695	0.0494	0.00901878	0.0381708	0.105288	0.1493	0.0212197	0.0797734
136	0.0594714	0.00559741	0.136712	0.092505	0.0108128	0.0259926	0.0452271	0.00658742	0.0372816	0.0108622	0.0134809	0.143427	0.0122545	0.0807648	0.0201036	0.224624	0.0328938	0.0118424	0.00230294	0.0272572
137	0.11164	0.00588599	0.149892	0.0928528	0.00560613	0.0406379	0.0130675	0.00579751	0.0492002	0.01034	0.00714937	0.110201	0.0193647	0.0636756	0.033149	0.18056	0.0807549	0.0108463	0.00132506	0.00805471
138	0.0987974	0.0176855	0.00292243	0.00550844	0.00931447	0.0056053	0.00563593	0.151872	0.0108863	0.0887499	0.0118785	0.00723078	0.00369501	0.0242463	0.013097	0.0235716	0.235964	0.274495	0.00192749	0.00691602
139	0.0881874	0.0103453	0.00302525	0.00322544	0.0254251	0.00622298	0.00483623	0.220111	0.00759294	0.197969	0.0950553	0.00715935	0.00427779	0.00980609	0.00553785	0.0220938	0.0599243	0.207679	0.00340481	0.0181207
140	0.031156	0.00101559	0.00183546	0.0202277	0.00194047	0.0017663	0.00396978	0.320599	0.0594342	0.0519823	0.010218	0.00536958	0.00099326	0.0269649	0.0668696	0.024926	0.089092	0.277222	0.000886179	0.0035319
141	0.23363	0.067621	0.00934357	0.0125231	0.00540263	0.0890837	0.00815408	0.00561752	0.00689284	0.0132176	0.00839357	0.0400767	0.00449554	0.0283823	0.00638959	0.380922	0.0347117	0.0142252	0.00252863	0.0283888
142	0.0630148	0.155733	0.00644231	0.010715	0.05027	0.0114147	0.0108086	0.155929	0.0091977	0.0570568	0.0283021	0.0164756	0.0145524	0.0164207	0.0110385	0.0393991	0.0698727	0.249643	0.00661075	0.0171027
143	0.0504647	0.012231	0.110123	0.0157383	0.0102362	0.0278799	0.0519608	0.00434916	0.0243071	0.00971975	0.0044819	0.38349	0.00537548	0.0192445	0.0102744	0.186615	0.0307852	0.0109436	0.00148781	0.0302927
144	0.0430539	0.00420615	0.0151729	0.0376781	0.0112844	0.0158354	0.0125858	0.0149991	0.120365	0.0290954	0.019155	0.029338	0.00489149	0.304489	0.241346	0.0363887	0.0268023	0.0169596	0.00568093	0.0106735
145	0.04641	0.00897217	0.0266139	0.0721948	0.0127188	0.337853	0.0140253	0.00965792	0.0193148	0.0828937	0.0161984	0.0474455	0.00827005	0.0818455	0.022529	0.113131	0.0439953	0.0182482	0.00363037	0.0140515
146	0.0191078	0.000855836	0.011318	0.00339107	0.00239489	0.877032	0.00169669	0.00128359	0.00326302	0.00942687	0.0064578	0.0272097	0.000735784	0.00212077	0.00761471	0.0180113	0.00402797	0.00275425	0.000484862	0.000812766
147	0.0223655	0.00213069	0.00349637	0.027896	0.00400808	0.00606245	0.00864421	0.0501972	0.213091	0.0207255	0.0636519	0.00994153	0.00282339	0.045017	0.208628	0.0258515	0.121173	0.154424	0.00192149	0.00795076
148	0.040034	0.0008002	0.00946487	0.0160964	0.0165897	0.00561029	0.0128051	0.0154615	0.113771	0.0250937	0.00474637	0.0125461	0.00215882	0.0239518	0.652698	0.0120467	0.0075834	0.0101554	0.00708186	0.0113048
149	0.110998	0.00108132	0.0154201	0.0292018	0.0108956	0.0464522	0.0180587	0.00255081	0.248421	0.0371856	0.00714644	0.0771935	0.00511276	0.0798934	0.219315	0.0475441	0.0242264	0.00692115	0.000547505	0.0118343
150	0.0164898	0.000626668	0.0119167	0.00321477	0.00293916	0.887803	0.00161335	0.00119981	0.00279547	0.00899406	0.00662861	0.0270857	0.000606731	0.00206664	0.00773659	0.011437	0.00293066	0.00242192	0.000445788	0.00104768
151	0.778325	0.00968071	0.000429585	0.00336698	0.000872325	0.0452977	0.000618536	0.00101087	0.000701074	0.000891128	0.00138353	0.000777587	0.00333831	0.00190039	0.00134201	0.125981	0.0210888	0.00225781	0.000214132	0.000522832
152	0.285698	0.0625768	0.00123381	0.00349505	0.0154466	0.0287327	0.011657	0.091115	0.00282414	0.0954802	0.0800648	0.0032588	0.0096988	0.0178456	0.00264074	0.0779186	0.056968	0.148454	0.00187463	0.00301665
153	0.401353	0.0466012	0.00114246	0.00348661	0.00685254	0.0232141	0.00152293	0.0691339	0.00168587	0.0349976	0.018196	0.0042504	0.00101679	0.00622004	0.00249548	0.138272	0.147068	0.0904656	0.000540421	0.00148554
154	0.0687816	0.0290931	0.00224729	0.00435671	0.018887	0.00804905	0.00558559	0.230739	0.00340677	0.0912719	0.0256575	0.0100642	0.0130274	0.00632953	0.00288081	0.0368334	0.115454	0.314718	0.00318716	0.0094304
155	0.0568391	0.0151592	0.00479022	0.0103444	0.202018	0.00950193	0.0200456	0.0155326	0.00697252	0.0291077	0.0177192	0.0157994	0.00409209	0.0191299	0.00930898	0.0754627	0.116482	0.043097	0.0574975	0.2711
156	0.0117757	0.00137202	0.00120158	0.0153846	0.259761	0.00150576	0.022892	0.144963	0.00672021	0.258989	0.0546346	0.00255745	0.000742051	0.00313442	0.0107381	0.00404377	0.00891012	0.0782923	0.0116603	0.100722
157	0.0818011	0.00181449	0.217242	0.188752	0.00489273	0.0372735	0.0172619	0.00657217	0.0653345	0.0151033	0.00862172	0.0425115	0.15746	0.0382843	0.0270012	0.0484977	0.0226051	0.00966186	0.0017195	0.00758945
158	0.0406599	0.0351237	0.00106702	0.00976649	0.0129346	0.00209273	0.00668914	0.271705	0.00514535	0.0798377	0.0546032	0.0204891	0.0485773	0.00571018	0.00110108	0.0710125	0.137242	0.173951	0.00430615	0.0179857
159	0.0126835	0.0076591	0.00374121	0.00638576	0.174985	0.00674094	0.0329901	0.02431	0.0147401	0.0323663	0.0108661	0.0165177	0.00233274	0.00885393	0.0156963	0.0230845	0.0123967	0.0250119	0.429606	0.139033
160	0.059601	0.0105292	0.0295268	0.0317335	0.0375014	0.0227721	0.342257	0.0258982	0.0352463	0.0374998	0.026708	0.0562372	0.0144078	0.0308577	0.0308818	0.0628337	0.0460936	0.0362448	0.0167738	0.0463958
161	0.0293859	0.00107732	0.00132606	0.0081619	0.0162166	0.0109136	0.00367342	0.113698	0.0531367	0.299414	0.163335	0.0284155	0.00111997	0.0208544	0.0686208	0.0362807	0.0575763	0.0800259	0.00198395	0.00478438
162	0.0204032	0.000678286	0.444617	0.324076	0.000908382	0.00885354	0.00992163	0.00141114	0.0182657	0.00704348	0.00992223	0.0422282	0.0104157	0.031731	0.00714767	0.0334717	0.0106848	0.0120163	0.00192494	0.0042793
163	0.028738	0.00667431	0.00208389	0.00100309	0.0325141	0.00250231	0.00275025	0.324509	0.00172112	0.0657237	0.0186342	0.00460127	0.000705285	0.00148779	0.00117181	0.00799659	0.0399418	0.441495	0.00448456	0.0112615
164	0.0181096	0.00320978	0.00670106	0.203231	0.0813977	0.0329176	0.00805713	0.00661484	0.0351121	0.136925	0.0307295	0.0346653	0.11438	0.0356237	0.103552	0.0420949	0.0153643	0.0343543	0.00277114	0.0541883
165	0.0818432	0.00188787	0.296482	0.259752	0.00279989	0.0132714	0.0110726	0.00409523	0.0405823	0.0100913	0.00715971	0.0674649	0.0090608	0.0517151	0.0160869	0.0904449	0.0202216	0.00863313	0.00116185	0.00617354
166	0.0115211	0.00240783	0.00162617	0.0123121	0.37753	0.00282915	0.015691	0.0872633	0.00697575	0.251117	0.048427	0.00566806	0.00139839	0.00530862	0.0100311	0.00797717	0.0112884	0.0475961	0.0200588	0.0729729
167	0.00662664	0.0074075	0.000367183	0.000538309	0.0222434	0.00201089	0.000533022	0.0962122	0.00149176	0.718439	0.0591164	0.00180942	0.00022602	0.00313888	0.000576026	0.00190189	0.00527038	0.0712308	0.00016001	0.000700774
168	0.0189698	0.000555082	0.459437	0.29866	0.000806984	0.0111013	0.0121388	0.0012565	0.0171951	0.00622944	0.0116307	0.0456947	0.00899117	0.0340171	0.00749025	0.0334517	0.0102547	0.0154519	0.00238357	0.0042848
169	0.00764573	0.00642703	0.000367768	0.000621656	0.0258806	0.00231122	0.00055485	0.0959565	0.00168765	0.72047	0.0604105	0.00182225	0.000222263	0.00325559	0.0006731	0.001929	0.00659611	0.0622058	0.000163698	0.000798495
170	0.0119216	0.000951755	0.00708176	0.00949693	0.00734281	0.00287605	0.009284	0.00599049	0.597925	0.0181079	0.00310613	0.0192175	0.00174336	0.0297139	0.239622	0.00965246	0.00977986	0.00994358	0.00231559	0.00392744
171	0.047908	0.000916201	0.0389381	0.0453141	0.00923607	0.0191427	0.0218325	0.00997341	0.190384	0.0667113	0.0348209	0.0905056	0.00579025	0.0957564	0.201147	0.0343356	0.0577942	0.0118306	0.00418329	0.0134797
172	0.0696023	0.00866772	0.0704054	0.113986	0.00832799	0.0232575	0.0178375	0.00851571	0.0911167	0.024031	0.00957758	0.293699	0.0104522	0.0452348	0.0536495	0.0616775	0.0622336	0.0157498	0.00210743	0.00987111
173	0.0341598	0.00781801	0.0144279	0.0171285	0.00902151	0.0774831	0.0105564	0.0223646	0.0313845	0.0265287	0.021261	0.111863	0.00594192	0.0178771	0.0857686	0.164752	0.216244	0.0651632	0.0489062	0.0113505
174	0.0157476	0.000586881	0.0116888	0.00323639	0.00267759	0.888254	0.00159341	0.00124732	0.0031565	0.00893315	0.00650469	0.0275371	0.000631678	0.00187765	0.00743026	0.0117646	0.00308548	0.00246776	0.000562804	0.00101631
175	0.0234218	0.00786481	0.387967	0.05465	0.007531	0.0149496	0.00900211	0.103444	0.0135886	0.0178252	0.013699	0.0227075	0.0053452	0.0149925	0.017599	0.0354769	0.14931	0.0870165	0.00458947	0.00902037
176	0.0191974	0.000586445	0.454955	0.325303	0.000810566	0.00800974	0.00852999	0.0010155	0.0137018	0.00815207	0.00957994	0.0390325	0.0154638	0.0324932	0.0037998	0.0328698	0.00862766	0.0113362	0.00215241	0.00438258
177	0.105172	0.00388871	0.181813	0.158294	0.00677351	0.0422634	0.013924	0.00692346	0.0428928	0.00915205	0.00718943	0.0310808	0.0139589	0.0264205	0.161938	0.113611	0.0252024	0.0103751	0.0022061	0.03692
178	0.025636	0.00152001	0.0257658	0.0350059	0.0114351	0.0053996	0.0121	0.0170419	0.14152	0.116706	0.103865	0.058733	0.00165111	0.137589	0.168425	0.0267074	0.0751063	0.0149921	0.0104944	0.0103066
179	0.0393353	0.000887779	0.00777481	0.0135824	0.0191946	0.00532887	0.0130682	0.016102	0.14256	0.0265168	0.00466604	0.0119085	0.0019323	0.0282225	0.621137	0.0119197	0.00756723	0.00988456	0.0069068	0.0115048
180	0.428224	0.0394561	0.000828412	0.00331833	0.00969846	0.0260117	0.00109751	0.0922698	0.00121722	0.0300886	0.0215588	0.00337121	0.000698982	0.00689856	0.00171659	0.112387	0.107829	0.111556	0.000547133	0.00122685
181	0.0405075	0.00199437	0.0165499	0.0166197	0.0314433	0.0186999	0.0735126	0.0128532	0.129545	0.0299455	0.0104253	0.0294787	0.00876802	0.0307538	0.461828	0.0137226	0.0141633	0.00984626	0.00880353	0.0405403
182	0.0288948	0.00141169	0.19392	0.172211	0.00646956	0.0192565	0.0468617	0.0067143	0.113214	0.0300638	0.0161147	0.0837012	0.00632044	0.086859	0.0666441	0.046703	0.0464512	0.00892541	0.00599917	0.0132643
183	0.0295628	0.0028443	0.00480635	0.00132615	0.0250281	0.000883011	0.00389715	0.290234	0.00255795	0.257901	0.0995944	0.00324324	0.000495645	0.00465831	0.00230933	0.00632652	0.0417089	0.19477	0.00211119	0.0257421
184	0.024389	0.00710027	0.0956587	0.0290508	0.122575	0.0291954	0.141908	0.0249565	0.0468604	0.0213949	0.0154452	0.137739	0.00288133	0.0221714	0.0150391	0.0645928	0.0279248	0.051453	0.00581443	0.11385
185	0.034429	0.0150391	0.00636171	0.0122281	0.0121882	0.00876356	0.0178892	0.155459	0.00903762	0.0428662	0.0260799	0.0197772	0.113875	0.0108298	0.00870775	0.147536	0.197311	0.0622347	0.00460097	0.0947856
186	0.699824	0.0111422	0.000613061	0.00303455	0.000931557	0.0916731	0.000947224	0.00108189	0.000930998	0.00125754	0.00154432	0.000999482	0.00288934	0.00409587	0.00226341	0.155657	0.0171562	0.00296179	0.000248101	0.000749225
187	0.0386208	0.0163212	0.00308015	0.00283293	0.00906352	0.00296788	0.0136531	0.263639	0.00680906	0.198539	0.0231131	0.0198377	0.00489895	0.0172224	0.00434009	0.0282039	0.0806786	0.254805	0.002481	0.00889274
188	0.0679183	0.0752561	0.00819514	0.0120509	0.140011	0.0125565	0.0123415	0.017624	0.0127223	0.0218585	0.012827	0.0171274	0.00563298	0.0944322	0.0542474	0.202988	0.0285092	0.0708143	0.117542	0.015345
189	0.0041694	0.000251846	0.000310877	0.000385974	0.00890249	0.000356907	0.000404708	0.584897	0.000436397	0.111507	0.0292246	0.00171624	0.000183072	0.00179246	0.000466188	0.00292667	0.0120997	0.234917	0.000170385	0.00488152
190	0.0234912	0.0366684	0.0133446	0.011374	0.00678223	0.00996089	0.010331	0.00939381	0.0160295	0.0121702	0.00906122	0.168516	0.270507	0.011906	0.0123838	0.288159	0.060579	0.0151749	0.00319659	0.0109702
191	0.0371693	0.00285879	0.179603	0.0210802	0.00487502	0.0391836	0.0326971	0.00456693	0.116486	0.0201996	0.00834368	0.108391	0.0133058	0.0320885	0.323806	0.0183148	0.0125521	0.00783358	0.00184169	0.0148039
192	0.0166124	0.00419988	0.00557203	0.0769196	0.0351605	0.00420315	0.0326411	0.14452	0.00879558	0.330558	0.0831063	0.00916619	0.00267546	0.00987805	0.0127973	0.0134849	0.0557469	0.0816332	0.00321671	0.0691121
