298	20
1	0.0022997	0.92403	0.000678222	0.000625115	0.00163373	0.00828808	0.000789134	0.00551794	0.000682262	0.00299216	0.00122085	0.00116313	0.000719932	0.000862109	0.000804605	0.0283473	0.00902279	0.00554504	0.0039187	0.000858993
2	0.0052722	0.0012747	0.0403203	0.632973	0.0111372	0.00289677	0.0114168	0.0257743	0.0139256	0.0442357	0.0115249	0.0235605	0.00138782	0.107245	0.0109774	0.0108621	0.0200759	0.0195466	0.00126374	0.00432992
3	0.0983845	0.002292	0.0286159	0.0526045	0.00648331	0.0391613	0.0138716	0.0185561	0.0788714	0.0366428	0.0114743	0.0264492	0.278757	0.0695925	0.0562094	0.0932148	0.0606775	0.0238697	0.00074282	0.00352943
4	0.019326	0.00782282	0.00103703	0.00124915	0.0190491	0.00557023	0.00361059	0.370659	0.00280517	0.118361	0.0699199	0.00838532	0.000877286	0.00109151	0.000913906	0.0140275	0.0406102	0.31099	0.00206683	0.00162734
5	0.0654256	0.00255408	0.0337048	0.0436563	0.00605522	0.00471818	0.00360918	0.0345219	0.0291208	0.0232599	0.00452542	0.0330575	0.00224719	0.0289539	0.077365	0.162889	0.404621	0.0345644	0.00225489	0.00289635
6	0.0242694	0.00104662	0.131401	0.0335955	0.00314828	0.443222	0.0271071	0.00224625	0.0593281	0.0107802	0.00163297	0.141242	0.00990517	0.0305737	0.0154957	0.0374501	0.0177935	0.00297048	0.000752634	0.00603883
7	0.0116836	0.00200703	0.0134297	0.0165919	0.0632385	0.00382361	0.00296491	0.211588	0.00763495	0.379047	0.123757	0.0028323	0.000912733	0.00153542	0.00676077	0.00929409	0.00613866	0.12334	0.00335956	0.0100608
8	0.0951169	0.00532416	0.0271158	0.0519945	0.0111872	0.106174	0.0100387	0.015622	0.0732905	0.034033	0.0107483	0.0233578	0.239115	0.07432	0.0688846	0.0817264	0.0459907	0.021291	0.00109933	0.00357056
9	0.00741514	0.00158784	0.00202265	0.00120107	0.292014	0.00549153	0.0398237	0.0261048	0.00306583	0.039907	0.0130108	0.00287671	0.0146114	0.00289584	0.00422112	0.0326275	0.00413919	0.0168308	0.0420079	0.448145
10	0.0251802	0.00108636	0.126311	0.0346857	0.00469121	0.40297	0.0288326	0.00294111	0.0687901	0.011835	0.00193745	0.142603	0.00903926	0.0321782	0.0346926	0.0414811	0.0206195	0.00350335	0.000786335	0.00583487
11	0.0289958	0.00212553	0.00646407	0.0840954	0.0378187	0.00471662	0.0492313	0.0277383	0.023279	0.176973	0.204619	0.0149442	0.00710165	0.0916458	0.0182849	0.0296783	0.0351071	0.0693084	0.0244641	0.063409
12	0.123742	0.00791293	0.00329042	0.004144	0.0276549	0.0205029	0.00296635	0.0467756	0.00356047	0.0302811	0.00732599	0.0115174	0.00319369	0.00438307	0.0057576	0.109222	0.522775	0.0579878	0.00286064	0.00414588
13	0.0852922	0.000658589	0.062772	0.106343	0.0212795	0.0369825	0.0649987	0.019292	0.0689501	0.0407124	0.0132864	0.0473646	0.0072165	0.0889561	0.0695356	0.128646	0.06699	0.0372703	0.003963	0.0294908
14	0.0144821	0.00416865	0.00457582	0.00198107	0.458614	0.00665212	0.00829619	0.0097099	0.00207906	0.19379	0.120822	0.0109514	0.00219834	0.00290761	0.003079	0.0109773	0.00716336	0.0592964	0.00295956	0.0752968
15	0.0477822	0.00363377	0.0112709	0.0324982	0.00671177	0.0145012	0.00642704	0.0103198	0.0162369	0.0173907	0.00677238	0.00888833	0.674167	0.0173253	0.0141868	0.0454841	0.0300709	0.0126383	0.0200338	0.00366039
16	0.0457853	0.0186621	0.0262247	0.0106987	0.0356689	0.0461312	0.0207938	0.0355898	0.0153634	0.179217	0.0229298	0.283512	0.0100427	0.0297226	0.0189001	0.0716091	0.0381748	0.0609122	0.00972047	0.0203407
17	0.0595038	0.00117712	0.0151527	0.0372279	0.061257	0.00887328	0.0184341	0.0699391	0.0478048	0.210843	0.0951212	0.0100008	0.0211579	0.0447453	0.0263864	0.0634696	0.0598691	0.0808729	0.00595477	0.0622098
18	0.0736228	0.00812895	0.00331447	0.00471055	0.153182	0.0147888	0.00307706	0.130241	0.00395966	0.262392	0.0983542	0.0099714	0.00325522	0.00233122	0.00724271	0.0193589	0.0159857	0.163742	0.00502956	0.0173113
19	0.0248803	0.000968022	0.1281	0.0342689	0.00305438	0.44679	0.0264247	0.00219999	0.0590198	0.0110592	0.00164688	0.139784	0.0101228	0.0313	0.0161674	0.0367152	0.0181448	0.00286773	0.000754345	0.00573164
20	0.0274394	0.0170492	0.0102828	0.0456944	0.0109011	0.00990308	0.331476	0.0118229	0.0169125	0.019101	0.0345682	0.117074	0.00456504	0.213301	0.00906821	0.0419432	0.0204762	0.0147865	0.00422971	0.0394048
21	0.0633089	0.00113901	0.117487	0.211093	0.00878657	0.0217975	0.0478955	0.0113443	0.0494586	0.0218493	0.023452	0.0519546	0.0083524	0.0762127	0.0613538	0.0737409	0.0921058	0.0299418	0.00242257	0.0263034
22	0.00892476	0.00298429	0.168508	0.00301055	0.00669364	0.0201656	0.0170906	0.0209959	0.0791766	0.04382	0.0284486	0.133642	0.00297717	0.00417264	0.0388579	0.195218	0.211493	0.00779702	0.00262155	0.00340246
23	0.0776784	0.00558527	0.0441714	0.112139	0.0150679	0.0284295	0.0719539	0.0145752	0.0559159	0.0452771	0.0207251	0.0500398	0.0098874	0.20663	0.0393845	0.0746236	0.051642	0.0276573	0.00551633	0.0431007
24	0.0816385	0.000332355	0.078368	0.132082	0.0128183	0.0362682	0.0681632	0.0126924	0.0740259	0.0342973	0.00801047	0.0509716	0.00258849	0.109031	0.0704133	0.11263	0.0606055	0.0291145	0.00246103	0.0234876
25	0.0110723	0.0014095	0.0802696	0.57289	0.00911761	0.00565834	0.0115416	0.02462	0.012516	0.0397365	0.0153056	0.0297345	0.00338047	0.0819749	0.0188436	0.018901	0.0357223	0.0192456	0.00143787	0.00662261
26	0.114764	0.0158004	0.0011466	0.00144639	0.0554807	0.0279601	0.00258436	0.192417	0.00220012	0.133909	0.0309794	0.00273471	0.00270406	0.00245965	0.0029848	0.0434893	0.054148	0.299271	0.00490882	0.00861214
27	0.125514	0.00254701	0.0560266	0.144902	0.0233622	0.120197	0.0348363	0.0226921	0.0489737	0.0241349	0.00837648	0.042688	0.00435114	0.121443	0.0356866	0.108764	0.0374262	0.0203692	0.00290615	0.0148034
28	0.0607413	0.000986169	0.0196261	0.0426598	0.0594357	0.0089256	0.0190275	0.0613829	0.0471002	0.185585	0.102796	0.010011	0.0338688	0.0500751	0.025191	0.0607552	0.05893	0.0803794	0.0063073	0.066216
29	0.0786169	0.000860212	0.0689784	0.13601	0.0111613	0.036852	0.0665343	0.0119016	0.0825478	0.03089	0.00753422	0.0467595	0.00296379	0.121307	0.0683343	0.101227	0.0711503	0.0315361	0.00383921	0.020997
30	0.0967443	0.0153416	0.000387579	0.000403199	0.112317	0.0245752	0.000546252	0.201967	0.000816376	0.2151	0.0623791	0.00115783	0.00328719	0.00394025	0.000897454	0.0284615	0.0322225	0.183191	0.00579029	0.0104744
31	0.0729102	0.00146068	0.0616455	0.119015	0.0104602	0.0301695	0.090792	0.00988338	0.0687867	0.0265608	0.0131549	0.0619353	0.00242339	0.178513	0.0524965	0.0826999	0.0584244	0.02326	0.00270246	0.0327065
32	0.0774666	0.000354346	0.0704127	0.134773	0.0110132	0.0365451	0.0677969	0.0118625	0.0831275	0.0312992	0.0076745	0.0476221	0.00239893	0.12042	0.0689523	0.100927	0.0711491	0.0314498	0.0033691	0.0213869
33	0.00465041	0.000870403	0.00173248	0.000916017	0.354568	0.00414946	0.0376961	0.0242078	0.00189599	0.0424633	0.0120533	0.00173542	0.0126197	0.0020404	0.00347783	0.0264154	0.00364985	0.0144444	0.035219	0.415194
34	0.0655314	0.00118868	0.0174188	0.0416119	0.0576685	0.00946638	0.0196867	0.0637462	0.0503802	0.182057	0.0914993	0.0123802	0.0236479	0.047802	0.027829	0.072063	0.0620286	0.0781629	0.00774976	0.0680817
35	0.0738882	0.00617987	0.0348491	0.0286798	0.0104752	0.0728161	0.00922653	0.0158675	0.044857	0.0661181	0.0137265	0.0261059	0.229617	0.0352945	0.0475004	0.151378	0.0798869	0.0334745	0.010392	0.00966751
36	0.0277952	0.00548457	0.0085869	0.0123773	0.0804144	0.00705207	0.00459845	0.165183	0.00924291	0.375219	0.124256	0.00429597	0.00181859	0.00378496	0.00755351	0.0161636	0.0196382	0.110785	0.00433053	0.0114205
37	0.0773769	0.000357724	0.0711577	0.134393	0.0111005	0.0366087	0.0672833	0.0119703	0.0837681	0.0314375	0.0076503	0.0478961	0.00239097	0.11985	0.0694504	0.101494	0.0702938	0.0311069	0.00316135	0.0212523
38	0.0395346	0.0372163	0.00253486	0.00307025	0.0818662	0.00393953	0.0249761	0.137754	0.0114335	0.110791	0.0572123	0.0177888	0.0108667	0.0163351	0.0116899	0.0688786	0.0526147	0.216283	0.0133741	0.0818402
39	0.0241641	0.000979808	0.0675782	0.0448937	0.00965964	0.113803	0.0521375	0.00869704	0.149267	0.0166004	0.00172503	0.124126	0.00157148	0.0511866	0.205743	0.0745564	0.0441492	0.00665754	0.000876507	0.00162828
40	0.0022997	0.92403	0.000678222	0.000625115	0.00163373	0.00828808	0.000789134	0.00551794	0.000682262	0.00299216	0.00122085	0.00116313	0.000719932	0.000862109	0.000804605	0.0283473	0.00902279	0.00554504	0.0039187	0.000858993
41	0.127017	0.00553479	0.0369545	0.00812948	0.0396782	0.0101311	0.127258	0.0132507	0.0102374	0.0256365	0.00977692	0.0383044	0.00777663	0.00854725	0.00872299	0.405268	0.0260518	0.0204925	0.0307884	0.0404438
42	0.0975776	0.00208926	0.0283294	0.0521183	0.00646762	0.0428239	0.0119087	0.019108	0.0877029	0.0360242	0.0127808	0.0306952	0.250972	0.0686425	0.0553806	0.107963	0.0580643	0.0269244	0.000516329	0.00391075
43	0.0682523	0.00616031	0.0527956	0.0984562	0.0323982	0.0205034	0.0817568	0.023445	0.0542933	0.0930553	0.0354362	0.0435254	0.00720678	0.104399	0.0492473	0.0762562	0.0441075	0.0467819	0.00918019	0.0527432
44	0.0663529	0.0101724	0.000432707	0.000796348	0.0603272	0.0148224	0.000368134	0.240249	0.00045659	0.326516	0.0378922	0.000696872	0.00139293	0.0013793	0.000573998	0.0135537	0.0261764	0.188622	0.00548154	0.00373683
45	0.0229248	0.00627068	0.00661898	0.0116247	0.00144104	0.00692686	0.0435835	0.00260781	0.291759	0.0176489	0.0012179	0.0145519	0.00609366	0.0770818	0.435973	0.0248897	0.00354812	0.0206121	0.000540504	0.00408498
46	0.0180866	0.00509738	0.00470215	0.00467417	0.266497	0.00853087	0.0284995	0.0801074	0.00644749	0.346737	0.0127316	0.0331885	0.0269315	0.0559942	0.00752726	0.0206665	0.0413752	0.0199043	0.00415253	0.0081489
47	0.0357608	0.0189972	0.0032795	0.00343102	0.226245	0.0112773	0.00530016	0.0653481	0.0039358	0.399959	0.0483652	0.013985	0.0045778	0.00775017	0.00421546	0.0277731	0.027743	0.0646003	0.00355119	0.0239049
48	0.0465071	0.0071372	0.00291777	0.00358495	0.0435794	0.0109385	0.00191739	0.250564	0.00243976	0.350593	0.0510116	0.00236382	0.000919055	0.00163872	0.00223132	0.0126232	0.0216677	0.179087	0.00411915	0.00415929
49	0.0022997	0.92403	0.000678222	0.000625115	0.00163373	0.00828808	0.000789134	0.00551794	0.000682262	0.00299216	0.00122085	0.00116313	0.000719932	0.000862109	0.000804605	0.0283473	0.00902279	0.00554504	0.0039187	0.000858993
50	0.263592	0.00914202	0.00854125	0.00516838	0.0151677	0.015467	0.0219714	0.0145128	0.0252223	0.0330843	0.00802212	0.0313546	0.0175435	0.0155502	0.00963154	0.31654	0.133819	0.0320261	0.0073119	0.0163326
51	0.116601	0.00175569	0.00262448	0.00288443	0.0126515	0.00422556	0.00398456	0.0872168	0.0024566	0.14137	0.0395146	0.00455976	0.00264756	0.0138808	0.0145084	0.0200518	0.0562589	0.466731	0.0020051	0.00407073
52	0.00450963	0.000872175	0.00337084	0.00085339	0.442943	0.0047768	0.0313713	0.0150775	0.00164938	0.0752592	0.0130772	0.0021086	0.00734279	0.00160729	0.0028426	0.0196067	0.00330317	0.0235568	0.0216389	0.324233
53	0.275211	0.00315039	0.00607677	0.0032156	0.123538	0.00903494	0.00358767	0.0158344	0.00327572	0.0664268	0.0337929	0.00844513	0.00595794	0.00438149	0.0245189	0.0248114	0.101682	0.277229	0.00231537	0.00751499
54	0.0409531	0.00360794	0.00612341	0.0169533	0.00650256	0.00923284	0.00476411	0.00870609	0.0064051	0.015196	0.00617346	0.00567621	0.750956	0.0085499	0.00814004	0.0386165	0.0274493	0.00943799	0.0227547	0.00380146
55	0.0614634	0.00182869	0.016793	0.038806	0.0618981	0.00917659	0.0190864	0.0637159	0.0470162	0.179193	0.127399	0.00925545	0.0332679	0.0451266	0.0228322	0.054613	0.0550155	0.0885481	0.00588163	0.0590833
56	0.0022997	0.92403	0.000678222	0.000625115	0.00163373	0.00828808	0.000789134	0.00551794	0.000682262	0.00299216	0.00122085	0.00116313	0.000719932	0.000862109	0.000804605	0.0283473	0.00902279	0.00554504	0.0039187	0.000858993
57	0.00897986	0.00161894	0.0134842	0.018348	0.0703446	0.00332226	0.00405713	0.18909	0.00829754	0.390498	0.134369	0.00369972	0.0010565	0.00186682	0.00843792	0.0104073	0.00582349	0.111275	0.00378376	0.0112404
58	0.00347215	0.905743	0.000757979	0.000801479	0.00291406	0.00872075	0.00121158	0.00758144	0.000999521	0.00521419	0.00220406	0.00147993	0.000963102	0.00103273	0.000988013	0.0290809	0.0097125	0.0092539	0.00576133	0.00210714
59	0.00767548	0.00172782	0.0395787	0.54753	0.00826555	0.00654753	0.00640152	0.030578	0.00674425	0.111715	0.0308318	0.0318098	0.00788134	0.0750625	0.0172472	0.0158755	0.0152011	0.0348428	0.00151604	0.00296863
60	0.0819156	0.000324801	0.077911	0.130685	0.0131734	0.0361251	0.0686527	0.0130315	0.0726027	0.0343398	0.00819681	0.0516155	0.00258583	0.107573	0.0714671	0.114419	0.0599229	0.0291172	0.00232329	0.0240168
61	0.0723839	0.00229232	0.00400073	0.006723	0.0074219	0.00586185	0.0062446	0.0951328	0.00266578	0.0562033	0.0100588	0.00375619	0.00248266	0.00415757	0.0039222	0.0514787	0.0437849	0.616147	0.0021072	0.00317472
62	0.0229248	0.00627068	0.00661898	0.0116247	0.00144104	0.00692686	0.0435835	0.00260781	0.291759	0.0176489	0.0012179	0.0145519	0.00609366	0.0770818	0.435973	0.0248897	0.00354812	0.0206121	0.000540504	0.00408498
63	0.0826303	0.000320475	0.0788805	0.128145	0.0134988	0.0356764	0.0697627	0.0135003	0.0707754	0.0352248	0.008218	0.052899	0.00264891	0.105345	0.0724408	0.116054	0.0586313	0.029116	0.00222939	0.0240028
64	0.0229191	0.0018483	0.0937183	0.0298078	0.0146619	0.100944	0.0377651	0.0090551	0.138055	0.0221328	0.0037739	0.105759	0.00178844	0.0358476	0.214013	0.106922	0.0508093	0.00717437	0.00127578	0.00172856
65	0.0022997	0.92403	0.000678222	0.000625115	0.00163373	0.00828808	0.000789134	0.00551794	0.000682262	0.00299216	0.00122085	0.00116313	0.000719932	0.000862109	0.000804605	0.0283473	0.00902279	0.00554504	0.0039187	0.000858993
66	0.0847356	0.000382013	0.0776002	0.129527	0.0145601	0.0356023	0.0686192	0.0136577	0.0701654	0.0364038	0.00877292	0.0518676	0.00287052	0.104141	0.0703734	0.116506	0.0578406	0.0296408	0.00235366	0.0243802
67	0.0976522	0.00206553	0.0282572	0.0520224	0.00659457	0.0428388	0.0119685	0.0191397	0.0876188	0.0360456	0.0127479	0.030724	0.250423	0.0684093	0.0553244	0.108369	0.0581242	0.0270677	0.000528633	0.00407804
68	0.0198443	0.00708308	0.00131727	0.00213134	0.0265976	0.00483502	0.0065393	0.361755	0.00448389	0.0822401	0.0412975	0.00758579	0.000522953	0.000775966	0.00066626	0.00994398	0.0288844	0.390448	0.00217578	0.000872421
69	0.0539311	0.0070748	0.00264137	0.00344325	0.0447437	0.0117479	0.00223785	0.2018	0.00259735	0.416506	0.0763506	0.00282202	0.001891	0.00228265	0.00315161	0.0168686	0.0179722	0.119855	0.00636674	0.00571611
70	0.0422854	0.000753721	0.0566305	0.0806789	0.00800673	0.058913	0.0602229	0.0100685	0.145645	0.0225903	0.00318985	0.0803321	0.00122569	0.0933122	0.159118	0.0849174	0.0653385	0.0180993	0.00198339	0.00668861
71	0.0672228	0.00522422	0.00202926	0.00170271	0.243454	0.0426322	0.00478166	0.102039	0.00936769	0.150275	0.0136966	0.00356338	0.00273066	0.0062045	0.00333857	0.0356075	0.00738436	0.0820171	0.0411728	0.175556
72	0.0248235	0.00096057	0.128236	0.0341741	0.00305406	0.447276	0.0263946	0.0021864	0.0588977	0.0110148	0.00164565	0.139613	0.0101427	0.0313579	0.0158915	0.0368069	0.0181633	0.00286095	0.000754439	0.00574573
73	0.0359875	0.00396407	0.00238128	0.00267898	0.259547	0.0233	0.00632259	0.13356	0.00637765	0.141092	0.0101674	0.00401641	0.00325272	0.0165209	0.00376201	0.0367327	0.00734881	0.0592337	0.0237955	0.219959
74	0.0975776	0.00208926	0.0283294	0.0521183	0.00646762	0.0428239	0.0119087	0.019108	0.0877029	0.0360242	0.0127808	0.0306952	0.250972	0.0686425	0.0553806	0.107963	0.0580643	0.0269244	0.000516329	0.00391075
75	0.0208131	0.00673074	0.00253038	0.00382404	0.0423718	0.0154937	0.0214795	0.0115082	0.00223155	0.0681663	0.00813512	0.00403183	0.00336114	0.00296071	0.00274732	0.0105466	0.00652588	0.0173848	0.743484	0.00567289
76	0.047148	0.00395866	0.00587027	0.0169892	0.00664569	0.0119206	0.00463443	0.00991752	0.00902816	0.0167737	0.00643455	0.00706405	0.719483	0.00976755	0.0085467	0.0515949	0.0276724	0.0103515	0.0220904	0.00410846
77	0.0402744	0.00191913	0.239342	0.355	0.0144188	0.0096785	0.0141436	0.015098	0.0226046	0.00749836	0.00351861	0.0312502	0.0984095	0.00283146	0.00239027	0.100162	0.00811882	0.0283342	0.00191902	0.0030898
78	0.360542	0.00931862	0.00210737	0.0030347	0.0103378	0.166091	0.0019712	0.017039	0.00240301	0.0703667	0.00856152	0.00574467	0.0233575	0.00344364	0.0031251	0.0982999	0.068196	0.130843	0.0128247	0.0023926
79	0.0573219	0.00145101	0.0183836	0.0354843	0.0588948	0.0122807	0.0230408	0.0525254	0.039472	0.173413	0.104178	0.00826218	0.0711017	0.053933	0.019904	0.0575837	0.0514886	0.0996359	0.00513456	0.0565117
80	0.0984175	0.00225639	0.0283292	0.048844	0.00683098	0.0424274	0.0117575	0.0179501	0.0878781	0.0454597	0.0138922	0.0314976	0.240874	0.0685541	0.0635427	0.104103	0.0576449	0.0251013	0.000709861	0.00392923
81	0.0022997	0.92403	0.000678222	0.000625115	0.00163373	0.00828808	0.000789134	0.00551794	0.000682262	0.00299216	0.00122085	0.00116313	0.000719932	0.000862109	0.000804605	0.0283473	0.00902279	0.00554504	0.0039187	0.000858993
82	0.0792473	0.000404051	0.0810779	0.129353	0.013944	0.0385795	0.0714513	0.0138837	0.0692088	0.0343432	0.00809972	0.0542352	0.00323735	0.102156	0.0717341	0.112654	0.0585145	0.0277891	0.00226063	0.0278265
83	0.0497084	0.0188863	0.00151881	0.00188546	0.0693872	0.00253355	0.0251424	0.14583	0.0144329	0.109212	0.0661182	0.0128484	0.00565326	0.00912772	0.0120434	0.0633297	0.0438401	0.251814	0.0163597	0.0803283
84	0.0315294	0.0121251	0.00755595	0.0238065	0.117079	0.00978312	0.00816363	0.112439	0.00799318	0.223911	0.0916561	0.00674785	0.00540187	0.00913414	0.00781385	0.0222966	0.0167985	0.112429	0.153357	0.0199796
85	0.0146318	0.00693382	0.00121516	0.00201493	0.0139579	0.00472524	0.00397911	0.363214	0.00288482	0.103952	0.0793479	0.0101974	0.0011137	0.00139235	0.00137527	0.0178021	0.0495581	0.31818	0.00201284	0.00151158
86	0.157985	0.0446862	0.000889719	0.000774649	0.0389448	0.0632187	0.000706634	0.146206	0.00746318	0.111075	0.0330708	0.00176901	0.00106541	0.00142419	0.00429686	0.110724	0.115031	0.155744	0.00310353	0.00182189
87	0.11048	0.0247034	0.000421508	0.000433336	0.0349521	0.0431937	0.000397613	0.234445	0.00108791	0.0991055	0.0149428	0.000594294	0.00216123	0.000914972	0.00133845	0.0523107	0.082427	0.278779	0.00833348	0.00897836
88	0.0769021	0.0550303	0.00167142	0.00259079	0.121214	0.0219226	0.00433836	0.110632	0.00241802	0.140854	0.037615	0.00474519	0.00375069	0.00355839	0.00462908	0.0425278	0.0291203	0.142955	0.177458	0.0160662
89	0.47857	0.0178817	0.000940053	0.000951541	0.0113032	0.0775301	0.00104304	0.00768207	0.00104284	0.00567777	0.00654228	0.0232624	0.0100069	0.00147662	0.00121664	0.324201	0.0077201	0.0111602	0.0107264	0.00106448
90	0.110666	0.0254334	0.000444574	0.000440325	0.0346148	0.0445239	0.000437257	0.233646	0.00119814	0.098234	0.0150541	0.000607843	0.0021204	0.000982236	0.00140739	0.0546734	0.0825511	0.275329	0.00849974	0.00913658
91	0.103442	0.0169156	0.000357144	0.000320487	0.128625	0.0257033	0.000661351	0.194315	0.000583573	0.193604	0.0611094	0.00132234	0.00426333	0.00390006	0.000783041	0.0303003	0.0311563	0.182666	0.00642065	0.0135521
92	0.395379	0.0529316	0.00380367	0.00174406	0.0171179	0.0621244	0.00254802	0.0115399	0.00198467	0.0187079	0.00965532	0.0431445	0.00925561	0.00460293	0.00231897	0.293098	0.0409768	0.0180183	0.00908407	0.00196465
93	0.076443	0.0817517	0.000829078	0.000843052	0.211508	0.0304259	0.000907992	0.0682734	0.000782333	0.292869	0.0458252	0.00602572	0.000876191	0.00119928	0.00108754	0.034731	0.0510148	0.0697239	0.00282467	0.0220582
94	0.0889514	0.010724	0.000253801	0.000287478	0.0667054	0.0239959	0.000350665	0.266246	0.000445123	0.214187	0.0339859	0.000475928	0.00140238	0.001153	0.000378465	0.0252845	0.020325	0.239856	0.00219749	0.00279492
95	0.1765	0.0795441	0.00395248	0.00288031	0.047991	0.0744578	0.00117212	0.0869082	0.00469367	0.0989001	0.0252329	0.0130233	0.00289296	0.00441936	0.00402334	0.158688	0.113569	0.095551	0.00331719	0.00228271
96	0.199548	0.0479619	0.00340333	0.00159955	0.00506807	0.03208	0.00326809	0.00508193	0.00260013	0.01296	0.00501484	0.00935185	0.0241212	0.00365207	0.00399353	0.500218	0.11655	0.0183722	0.00298412	0.00217163
97	0.0874446	0.00221813	0.00201348	0.00220302	0.0870669	0.00448079	0.0024156	0.0325168	0.00234272	0.51623	0.00434018	0.00403989	0.013684	0.00325191	0.00259877	0.11837	0.0641454	0.0450295	0.00203065	0.00357786
98	0.10367	0.0187673	0.000433574	0.00039437	0.162218	0.0261689	0.000674484	0.169425	0.000764519	0.1812	0.0644447	0.00147161	0.00323151	0.00295832	0.00095	0.0310084	0.0321542	0.177656	0.00663459	0.0157741
99	0.13624	0.00626658	0.00190243	0.00194607	0.0273855	0.0237005	0.00226281	0.0348265	0.00288423	0.0267063	0.00498349	0.00820307	0.0025541	0.00243826	0.00243173	0.122914	0.536264	0.0516229	0.00184753	0.00261998
100	0.0916262	0.0201909	0.000435732	0.000463639	0.157501	0.025815	0.000668462	0.169644	0.000664203	0.213986	0.0507466	0.00131871	0.00292435	0.00266958	0.000816924	0.0301612	0.0370442	0.172239	0.00675606	0.0143284
101	0.0683711	0.0688875	0.000689779	0.0007347	0.199748	0.0291069	0.000815249	0.0797838	0.000564808	0.317423	0.0447234	0.00468193	0.0010621	0.00122688	0.000877831	0.0346147	0.0499216	0.0760811	0.00259851	0.0180881
102	0.154927	0.154844	0.00478662	0.00432256	0.0166602	0.0148558	0.00303186	0.0149351	0.00241182	0.0582162	0.00985908	0.0357178	0.012603	0.0056094	0.00387751	0.180285	0.292555	0.0246739	0.00221745	0.00361029
103	0.00610221	0.000976867	0.00424261	0.000938928	0.507759	0.00570465	0.0257229	0.0134526	0.00157463	0.105698	0.0152421	0.00312384	0.00363495	0.00214882	0.00300108	0.0146494	0.00373079	0.032626	0.012243	0.237427
104	0.105458	0.016986	0.00038167	0.000310473	0.135187	0.0267885	0.000538161	0.185706	0.000545072	0.189072	0.0633674	0.00132417	0.00350613	0.00321807	0.000873798	0.0302323	0.0310803	0.184399	0.00711303	0.0139127
105	0.0549027	0.0067877	0.000742466	0.00109666	0.0375362	0.0131611	0.00281921	0.323091	0.00221923	0.161999	0.037592	0.00323348	0.000709049	0.000670637	0.000528896	0.0177685	0.0249691	0.307736	0.00150528	0.000932094
106	0.043136	0.00223635	0.378435	0.246881	0.00675967	0.065798	0.0190455	0.00858145	0.00758246	0.0101421	0.0048524	0.0431468	0.0131499	0.00869199	0.00660882	0.0683106	0.0358661	0.0122498	0.00219654	0.0163295
107	0.147862	0.00583004	0.0262448	0.0183025	0.00658542	0.11847	0.0209387	0.00862669	0.108421	0.0238303	0.00939499	0.0566844	0.00673738	0.0449005	0.157693	0.166587	0.0561818	0.0113616	0.00159923	0.00374771
108	0.0242056	0.00666419	0.00471598	0.00529322	0.269374	0.0133255	0.0172854	0.0287163	0.0277049	0.0822568	0.0201249	0.0130886	0.00502801	0.0157612	0.0328262	0.0901233	0.0383606	0.0807529	0.011023	0.21337
109	0.0273656	0.0105865	0.00573497	0.0160901	0.00159516	0.00647459	0.0493525	0.0034096	0.264193	0.0153169	0.00147209	0.0175182	0.0104995	0.081041	0.427219	0.0346508	0.00484144	0.0179718	0.000611263	0.0040554
110	0.0135686	0.00433658	0.00388215	0.00377929	0.336528	0.0173728	0.0101524	0.0104469	0.0642198	0.0380672	0.00787332	0.0163377	0.0044975	0.0164177	0.0396677	0.0958235	0.0263531	0.035258	0.00679616	0.248622
111	0.035834	0.00695124	0.004444	0.0136787	0.0153266	0.0106991	0.00688518	0.0110536	0.00518383	0.0227267	0.00802234	0.00669822	0.644044	0.0051932	0.00473512	0.0364095	0.022007	0.0152791	0.117187	0.00764213
112	0.0727258	0.00212389	0.150834	0.22631	0.0138472	0.0302079	0.035718	0.0198808	0.040063	0.0255631	0.00769108	0.0468239	0.0387318	0.0492885	0.0337051	0.112259	0.0388628	0.0384243	0.00273977	0.0142
113	0.022692	0.00595725	0.0086099	0.0124	0.00178427	0.00980027	0.0439804	0.0030008	0.288095	0.0183617	0.00122749	0.0192245	0.00582092	0.0758484	0.424968	0.0274871	0.00540743	0.0208666	0.000547753	0.00392021
114	0.107099	0.0960962	0.00525117	0.00689549	0.019347	0.0526835	0.00507436	0.102851	0.00565713	0.0871157	0.0863525	0.0110038	0.140774	0.00868965	0.00671392	0.179767	0.0281198	0.0375949	0.0055937	0.00732021
115	0.0489445	0.00749812	0.00066943	0.00105191	0.0325473	0.0106357	0.0017538	0.29422	0.00130318	0.268427	0.0318963	0.00209338	0.000593369	0.000704184	0.000525162	0.01044	0.0263764	0.257366	0.00233684	0.000617218
116	0.0531191	0.0087349	0.00134365	0.00150951	0.0720415	0.00425466	0.0108003	0.266846	0.00937967	0.0848124	0.0532097	0.00696291	0.00265354	0.00123851	0.00165469	0.022573	0.0217828	0.367801	0.00247655	0.00680609
117	0.00395194	0.000894443	0.00165006	0.000977252	0.302161	0.00337132	0.0416627	0.0222212	0.00195815	0.0318588	0.0130481	0.00168547	0.0158937	0.00156594	0.00331134	0.0298927	0.00352032	0.0130765	0.0413015	0.465998
118	0.0233262	0.00358551	0.0095089	0.0133882	0.0577307	0.00674064	0.0031052	0.19865	0.0060951	0.390828	0.115654	0.00372891	0.00190999	0.00278422	0.00576105	0.0191196	0.0108865	0.10789	0.00481797	0.0144892
119	0.485776	0.0202071	0.00101654	0.0010422	0.0162782	0.109196	0.00117256	0.0180222	0.00146054	0.0151885	0.0066607	0.0242357	0.0148484	0.00228584	0.00171824	0.226661	0.0131187	0.032014	0.00795785	0.00113977
120	0.0924436	0.0185126	0.000318147	0.000516038	0.139983	0.0291451	0.000517045	0.182204	0.000680234	0.222954	0.0535581	0.00110924	0.00300387	0.00281755	0.000626724	0.0273385	0.0333956	0.165937	0.0100308	0.014909
121	0.0022997	0.92403	0.000678222	0.000625115	0.00163373	0.00828808	0.000789134	0.00551794	0.000682262	0.00299216	0.00122085	0.00116313	0.000719932	0.000862109	0.000804605	0.0283473	0.00902279	0.00554504	0.0039187	0.000858993
122	0.0333604	0.0725437	0.0134413	0.00420122	0.0522979	0.00355009	0.118829	0.0634681	0.0404263	0.161849	0.0273192	0.0772515	0.00774463	0.0691385	0.0439756	0.0342687	0.00771046	0.0478106	0.00939376	0.11142
123	0.0826626	0.134357	0.00352139	0.00201381	0.124599	0.0123455	0.00255078	0.0179871	0.00222774	0.348632	0.0601512	0.0725414	0.00195472	0.00445115	0.00242561	0.032204	0.0665306	0.0181448	0.00232979	0.00837017
124	0.107998	0.0134586	0.000445524	0.000391659	0.130122	0.0224673	0.00109003	0.191168	0.00098912	0.180935	0.0697584	0.00210412	0.00324696	0.00283312	0.00116787	0.0279947	0.0231876	0.205157	0.0048643	0.0106207
125	0.0762814	0.0199159	0.000568402	0.000667058	0.100367	0.0152445	0.0100823	0.180671	0.00487547	0.144246	0.0627223	0.00562419	0.00463257	0.00813593	0.00445184	0.0483926	0.0387528	0.215559	0.00967895	0.0491302
126	0.234785	0.0300361	0.00274261	0.00146292	0.00479892	0.0422417	0.00279637	0.00439571	0.00274928	0.00789473	0.00495915	0.00678764	0.0190535	0.00355821	0.00318798	0.539024	0.0675235	0.0157275	0.00434652	0.00192827
127	0.0569857	0.00839823	0.000243215	0.000290759	0.0368437	0.0117348	0.000235245	0.262803	0.000347434	0.352477	0.0270719	0.000340994	0.000590573	0.00052555	0.000271769	0.00775836	0.0253801	0.204248	0.00318124	0.000271664
128	0.254334	0.0158104	0.00221055	0.00298993	0.00859063	0.244343	0.00191617	0.0263461	0.00244383	0.0529119	0.0142231	0.00725493	0.0315831	0.00512876	0.00511612	0.108272	0.101526	0.104249	0.00766146	0.00308931
129	0.00385721	0.000891727	0.00164519	0.000892535	0.302451	0.00331358	0.0417876	0.0221317	0.00194763	0.0317728	0.0129287	0.00168373	0.0156937	0.00156344	0.00331676	0.0295977	0.00353896	0.0130057	0.0411917	0.466788
130	0.0571804	0.00838011	0.000243736	0.000291568	0.0369278	0.011788	0.000236985	0.26275	0.000347264	0.351873	0.0271242	0.00034075	0.000592088	0.00052384	0.000275014	0.00786186	0.0254039	0.204414	0.00317269	0.000271716
131	0.0986417	0.0150456	0.000672875	0.00123408	0.0283201	0.0280224	0.00173342	0.250515	0.000770253	0.094403	0.0149047	0.00112873	0.00207759	0.00110564	0.000975322	0.0368586	0.0741941	0.334786	0.00615501	0.0084556
132	0.0890617	0.0407576	0.0141778	0.0644522	0.00998481	0.0912561	0.0231851	0.0121976	0.0353085	0.0243902	0.00879618	0.0217553	0.167767	0.0956787	0.108397	0.121755	0.0351553	0.0224765	0.00257151	0.0108761
133	0.0746027	0.00693638	0.00187475	0.00179331	0.205513	0.0432603	0.0049465	0.101185	0.0109125	0.166662	0.0164904	0.00324408	0.00290255	0.00542479	0.0036403	0.0414033	0.00773635	0.0949555	0.0418791	0.164638
134	0.107444	0.0163533	0.000419758	0.000331915	0.14389	0.0266684	0.00059703	0.179218	0.000586594	0.182575	0.0660421	0.00151165	0.00357464	0.00326383	0.000953764	0.0303547	0.0302453	0.184275	0.00708681	0.0146091
135	0.217566	0.00331694	0.00915945	0.00170063	0.0995878	0.013855	0.00277326	0.052761	0.00298393	0.146681	0.0543642	0.011536	0.010254	0.00371873	0.0150054	0.0446104	0.0511059	0.24279	0.00233468	0.013896
136	0.0249746	0.00100452	0.129125	0.0343473	0.00314644	0.447051	0.0260965	0.00226847	0.0583714	0.0110749	0.00174926	0.138344	0.0108221	0.0320889	0.0158455	0.0363135	0.0180048	0.00291496	0.000740551	0.00571613
137	0.190535	0.00366341	0.00760173	0.0246511	0.0359491	0.0319934	0.0216319	0.0276736	0.0280223	0.0451723	0.0154455	0.0409341	0.0327992	0.0185956	0.0203803	0.225103	0.112925	0.0702082	0.0169587	0.0297559
138	0.0790822	0.0196058	0.0225294	0.0197449	0.00884272	0.113843	0.0039376	0.00948045	0.00513939	0.093065	0.0213436	0.0449418	0.0706492	0.00535094	0.00683968	0.208948	0.0841835	0.0783984	0.0633479	0.0407258
139	0.0022997	0.92403	0.000678222	0.000625115	0.00163373	0.00828808	0.000789134	0.00551794	0.000682262	0.00299216	0.00122085	0.00116313	0.000719932	0.000862109	0.000804605	0.0283473	0.00902279	0.00554504	0.0039187	0.000858993
140	0.143699	0.00750228	0.00642759	0.0305598	0.055196	0.0169845	0.0112507	0.0397716	0.0143285	0.0757288	0.0176198	0.020497	0.0156074	0.0272367	0.0121427	0.207817	0.125428	0.131047	0.00867725	0.0324777
141	0.0829236	0.00846728	0.000291347	0.000335175	0.0573454	0.0203492	0.00051747	0.274831	0.000689017	0.231865	0.031921	0.000553352	0.000864675	0.000887964	0.000459488	0.0213005	0.016842	0.246885	0.00154328	0.0011283
142	0.0824804	0.0191795	0.000678502	0.00110693	0.0889436	0.0224265	0.00662116	0.19253	0.00360654	0.139013	0.0530233	0.00408382	0.00408042	0.00803115	0.00327499	0.0518796	0.0554181	0.221303	0.0115709	0.0307477
143	0.121428	0.0198766	0.00820048	0.0122529	0.185772	0.0297476	0.0141229	0.0526041	0.0134677	0.0811576	0.0285786	0.0203395	0.0126908	0.0136771	0.0134486	0.129065	0.0916044	0.0662281	0.0494141	0.0363231
144	0.0924181	0.0223634	0.000424754	0.000384952	0.117061	0.0258416	0.000613157	0.175339	0.00105804	0.244516	0.0578689	0.00165369	0.00261118	0.0028366	0.00116716	0.0344221	0.039409	0.164144	0.00513716	0.0107308
145	0.0569857	0.00839823	0.000243215	0.000290759	0.0368437	0.0117348	0.000235245	0.262803	0.000347434	0.352477	0.0270719	0.000340994	0.000590573	0.00052555	0.000271769	0.00775836	0.0253801	0.204248	0.00318124	0.000271664
146	0.0276029	0.00259668	0.00323992	0.00284734	0.0108329	0.00444655	0.0219204	0.120546	0.00593457	0.280333	0.079557	0.058945	0.00321811	0.0447389	0.0487445	0.031985	0.136805	0.109092	0.00260102	0.00401326
147	0.00523916	0.000950936	0.00184182	0.000895811	0.297977	0.00415728	0.0404423	0.0224183	0.00358268	0.0342308	0.0129824	0.00232757	0.0147926	0.00251497	0.00498009	0.0318104	0.00459458	0.0159047	0.0390689	0.459288
148	0.00386489	0.000923372	0.00167784	0.000963234	0.302222	0.00338613	0.0413602	0.0220561	0.00210187	0.0316974	0.0128343	0.00176492	0.0155719	0.00163335	0.0034782	0.0299208	0.00362953	0.0131663	0.0406151	0.467133
149	0.11113	0.14722	0.00852062	0.00864882	0.110363	0.0335419	0.00403707	0.0329579	0.0043212	0.117056	0.0310221	0.0313832	0.00556575	0.0113202	0.00552456	0.188494	0.0975696	0.0343306	0.00473029	0.0122638
150	0.0451408	0.0438149	0.00256508	0.0156156	0.0545168	0.311618	0.00248505	0.025588	0.00272776	0.0383104	0.0175613	0.0386662	0.00525865	0.0408801	0.00353223	0.271267	0.066884	0.00794955	0.0024576	0.00316067
151	0.0268664	0.0023306	0.00214632	0.00241199	0.0284212	0.00396709	0.0230897	0.0669209	0.0194736	0.309337	0.171824	0.0316246	0.00252614	0.0198439	0.0236881	0.0338436	0.131537	0.0944578	0.00215538	0.00353423
152	0.346159	0.0222495	0.0025688	0.00144466	0.00798933	0.0541917	0.00313803	0.00702569	0.00275753	0.00829105	0.00581004	0.0141054	0.022555	0.00298566	0.00311855	0.429131	0.0401624	0.0168128	0.00703697	0.00246689
153	0.502474	0.0169801	0.000895307	0.00121968	0.0153594	0.105478	0.0010449	0.0105865	0.00106332	0.0104473	0.00594809	0.019585	0.0104782	0.00198269	0.00145007	0.257719	0.0102008	0.0173561	0.00864734	0.00108433
154	0.167711	0.171179	0.0186559	0.00501713	0.0700032	0.0273329	0.00318972	0.0160129	0.00328742	0.096305	0.0303563	0.0688161	0.00380338	0.0181334	0.00300242	0.186379	0.0821422	0.0215668	0.00292197	0.00418388
155	0.0575637	0.00843437	0.000243293	0.000292596	0.037186	0.0118574	0.000235331	0.263159	0.000348924	0.350654	0.0269155	0.000340046	0.000600777	0.000532331	0.000274205	0.00798972	0.0251684	0.204779	0.00313426	0.000290835
156	0.0208156	0.00685686	0.00229465	0.00364621	0.0415656	0.0156052	0.0220867	0.00929733	0.0022316	0.0636067	0.00625763	0.00395942	0.00308847	0.00294432	0.00277463	0.010051	0.00626393	0.0163652	0.754742	0.00554728
157	0.0232009	0.00644106	0.00300538	0.00329834	0.239428	0.0124441	0.0216041	0.0246213	0.00356773	0.0672561	0.0142408	0.00566734	0.00556092	0.00447982	0.00427987	0.0242992	0.0114584	0.0272448	0.361837	0.136065
158	0.118722	0.00916098	0.00228285	0.00277866	0.0214032	0.0160117	0.00322161	0.123235	0.00215655	0.128232	0.0218774	0.00303377	0.00224268	0.00510446	0.00585027	0.0386058	0.073787	0.416166	0.00232924	0.00379874
159	0.0145923	0.00956581	0.00102775	0.00155466	0.0210971	0.00447653	0.00497072	0.385257	0.00348101	0.0822591	0.0503916	0.00867576	0.000537647	0.000860123	0.000707463	0.00981098	0.0307611	0.366705	0.00236882	0.000899367
160	0.0767639	0.0279922	0.00142385	0.0020471	0.151968	0.0214049	0.00175613	0.13966	0.00202127	0.287035	0.0634376	0.00440172	0.00249844	0.003193	0.00256843	0.0263936	0.0329484	0.133161	0.00519567	0.01413
161	0.166912	0.159	0.00378101	0.00236065	0.00924173	0.00571931	0.00305418	0.00733981	0.00213948	0.043284	0.00562816	0.0396956	0.0138455	0.00359605	0.00278115	0.189803	0.317206	0.0204744	0.0016682	0.00246988
162	0.0570068	0.0338174	0.0010347	0.000951526	0.211614	0.0242986	0.00156576	0.0869922	0.00110855	0.339377	0.0321985	0.00497344	0.00229527	0.00225905	0.00150408	0.0335633	0.0438844	0.0978763	0.00454233	0.0191371
163	0.239509	0.0476029	0.0015613	0.00222392	0.0179945	0.231836	0.00128497	0.044072	0.00578465	0.0560992	0.00520415	0.010368	0.00629031	0.0129353	0.019211	0.159143	0.0873052	0.0406932	0.00960466	0.00127687
164	0.0227984	0.00670565	0.00235871	0.00363219	0.0515417	0.0153501	0.0201106	0.0142617	0.00248439	0.0744912	0.00818015	0.00418616	0.00295064	0.00311248	0.00276651	0.0115619	0.00752774	0.0208616	0.715434	0.00968397
165	0.0120953	0.0012614	0.00696757	0.00126175	0.44952	0.0068273	0.0328605	0.0104781	0.00280745	0.122543	0.0167531	0.00430383	0.00251198	0.00351697	0.00782059	0.0203527	0.00735721	0.0518144	0.012379	0.226568
166	0.0510872	0.0256544	0.0136715	0.0187157	0.0618514	0.00594377	0.0644187	0.0626854	0.0481884	0.190105	0.0643234	0.0414623	0.0138687	0.0520331	0.0482564	0.0442232	0.0289953	0.0662401	0.0105947	0.0876812
167	0.150946	0.00813639	0.0384218	0.00476263	0.011185	0.0165313	0.00733325	0.0120913	0.00795233	0.0215783	0.0281206	0.0152717	0.0129304	0.00740946	0.0435552	0.432461	0.104879	0.0629082	0.00499523	0.00853097
168	0.223547	0.0329271	0.00197981	0.0033277	0.0723015	0.139009	0.00243603	0.100854	0.00385007	0.100737	0.0233928	0.00500823	0.00574971	0.0132767	0.00589379	0.0918622	0.0592407	0.0989453	0.00664754	0.00901359
169	0.220848	0.0223834	0.0062531	0.00334683	0.00522603	0.212471	0.00180591	0.0155958	0.0383284	0.0279993	0.00904131	0.0394809	0.00672278	0.0319376	0.0730814	0.182576	0.0835515	0.0142887	0.00334167	0.00172047
170	0.0141086	0.00321017	0.00412239	0.00369133	0.046076	0.00588859	0.0218659	0.0097555	0.114517	0.323132	0.115503	0.0248168	0.0219677	0.0241083	0.144785	0.0542274	0.0295243	0.0123619	0.0219041	0.00443472
171	0.0510134	0.00075306	0.0641477	0.0846056	0.0103337	0.0672153	0.0592712	0.0103903	0.124657	0.0262697	0.00430865	0.0874701	0.00302266	0.080253	0.154826	0.0896635	0.0526707	0.0170347	0.00156907	0.010525
172	0.0261936	0.00726462	0.00263276	0.00392052	0.0425384	0.0167608	0.020831	0.0115746	0.0027039	0.0661401	0.00719126	0.00474528	0.00345009	0.00349234	0.00286572	0.0129911	0.00833216	0.0193203	0.729806	0.00724584
173	0.141939	0.0212283	0.00870371	0.00507901	0.00858107	0.0897026	0.00429899	0.0098113	0.00442446	0.0247659	0.00971868	0.0116726	0.0456675	0.00571556	0.0104486	0.417531	0.105558	0.0602024	0.00766693	0.00728478
174	0.0862043	0.0650657	0.00567747	0.0816624	0.00707784	0.0193132	0.0587116	0.00839161	0.0123458	0.0156146	0.00636857	0.0277721	0.117401	0.140777	0.087967	0.177564	0.0296414	0.0284283	0.00293866	0.0210768
175	0.066428	0.000767143	0.0640341	0.14661	0.0107202	0.0503216	0.0580802	0.0126689	0.0929422	0.0281911	0.0074713	0.0528491	0.0108649	0.118629	0.0773924	0.0890305	0.0668911	0.0256358	0.00279684	0.0176758
176	0.219871	0.0117935	0.0101471	0.0130405	0.0088542	0.144645	0.00726185	0.0206334	0.0479049	0.0298036	0.00995184	0.0330507	0.0586967	0.0406713	0.0579018	0.172774	0.073625	0.0300748	0.00393021	0.00536905
177	0.00981078	0.00182145	0.0185769	0.0196658	0.0655924	0.00365139	0.00303436	0.206607	0.00745549	0.379185	0.121212	0.00357603	0.00116758	0.00202325	0.00734594	0.010193	0.00571079	0.118399	0.00385688	0.0111143
178	0.0848564	0.000438315	0.0793584	0.136983	0.0140706	0.0381427	0.06674	0.0131104	0.0681852	0.0342227	0.00815499	0.0523019	0.00277141	0.104732	0.0683245	0.114128	0.0582163	0.0285384	0.00228456	0.0244407
179	0.205746	0.00714613	0.0134395	0.00264041	0.00412556	0.156699	0.00195604	0.00784024	0.0679921	0.0257976	0.0139876	0.0531143	0.00481335	0.0347853	0.105352	0.216765	0.0652669	0.0084509	0.00182708	0.00225465
180	0.0365433	0.0566215	0.0140245	0.00404548	0.0523497	0.00246291	0.101985	0.0588371	0.0524138	0.176163	0.0282879	0.0786297	0.00906603	0.0669653	0.0535745	0.0335257	0.00624453	0.0524953	0.0109407	0.104824
181	0.463109	0.0203901	0.00104482	0.000974189	0.0123995	0.0778583	0.00116792	0.0091305	0.00119054	0.00626465	0.00773056	0.0298442	0.0100966	0.00150434	0.00137595	0.32278	0.00786374	0.0127242	0.0114046	0.00114689
182	0.148857	0.00270061	0.00536996	0.0107503	0.0405676	0.0262528	0.0617468	0.0356939	0.0381634	0.0526789	0.0100716	0.0698538	0.0440336	0.027126	0.0223322	0.198577	0.11229	0.0562029	0.018702	0.0180296
183	0.0590519	0.00199591	0.00375852	0.00195671	0.17864	0.00652439	0.0901846	0.01919	0.00394264	0.124251	0.0265677	0.0105674	0.00294971	0.0132408	0.0387052	0.0166341	0.0242255	0.0622359	0.0351686	0.280209
184	0.0185017	0.00385496	0.00485897	0.00139811	0.449756	0.0109462	0.0166005	0.0213994	0.00282256	0.169043	0.0237829	0.00652613	0.00190452	0.00298434	0.0041225	0.0174583	0.00832902	0.0713594	0.00879657	0.155555
185	0.0336696	0.0809185	0.0107686	0.0232114	0.0284193	0.0122906	0.263658	0.0329645	0.0216901	0.0709461	0.0268221	0.0671188	0.0144352	0.123486	0.0297707	0.0497792	0.0192524	0.0322507	0.00849855	0.0500501
186	0.110085	0.0135609	0.00061353	0.000450213	0.146229	0.0221797	0.00155253	0.165205	0.00145689	0.183835	0.0768752	0.00319269	0.00376085	0.00285548	0.00184467	0.0277924	0.023921	0.196457	0.00547445	0.0126585
187	0.108315	0.0148843	0.000617439	0.00051672	0.124834	0.0180057	0.00411858	0.187205	0.00416724	0.144932	0.0583787	0.00312384	0.00416473	0.00240952	0.00102779	0.02944	0.0195701	0.262549	0.00350434	0.00823614
188	0.278474	0.0459111	0.00106956	0.0023083	0.0220059	0.235428	0.00112991	0.0453379	0.00214897	0.0545708	0.00551665	0.00694432	0.00785601	0.01009	0.0105469	0.140538	0.0760952	0.0458441	0.00702323	0.00116087
189	0.0221897	0.00597193	0.0026669	0.00341632	0.0398028	0.0191075	0.0236574	0.00981806	0.00286187	0.0619233	0.00670783	0.0046354	0.00354309	0.00397812	0.00290595	0.0112971	0.00733243	0.0160779	0.745938	0.00616887
190	0.230641	0.050769	0.00093042	0.00229769	0.0193556	0.259083	0.00111975	0.0455456	0.00165252	0.0593594	0.00474067	0.00672041	0.00696781	0.0113271	0.011821	0.150557	0.0855281	0.0426907	0.00775625	0.00113711
191	0.0569857	0.00839823	0.000243215	0.000290759	0.0368437	0.0117348	0.000235245	0.262803	0.000347434	0.352477	0.0270719	0.000340994	0.000590573	0.00052555	0.000271769	0.00775836	0.0253801	0.204248	0.00318124	0.000271664
