380	20
1	0.138086	0.00326385	0.0040709	0.00476835	0.0105008	0.0251022	0.00577524	0.0619319	0.00951184	0.0660636	0.0471497	0.0208609	0.0787596	0.0145207	0.018668	0.186638	0.227652	0.0609993	0.00503417	0.0106428
2	0.066289	0.0143531	0.0340083	0.0070227	0.00252429	0.0619729	0.0184779	0.0178816	0.0453	0.0075209	0.00592506	0.205446	0.0181689	0.00639002	0.0247274	0.305257	0.130882	0.0221056	0.000195912	0.00555078
3	0.0316665	0.00256626	0.00986273	0.0175811	0.00546159	0.010653	0.133617	0.00987535	0.0201442	0.0536947	0.00781211	0.046002	0.160091	0.324434	0.0185329	0.0830225	0.039031	0.0177313	0.00108277	0.00713811
4	0.169545	0.00343013	0.0361405	0.0300042	0.00166057	0.52414	0.00416779	0.0105481	0.00908934	0.00501856	0.0170014	0.00634441	0.0141227	0.0125847	0.0319502	0.0636206	0.0232805	0.0355872	0.000410622	0.00135373
5	0.115577	0.0114023	0.0218948	0.00727099	0.00608882	0.0950665	0.00560563	0.0483218	0.0202774	0.0222187	0.0424382	0.0857604	0.0184434	0.0086426	0.018701	0.248048	0.135153	0.0793991	0.000632032	0.00905828
6	0.123067	0.00617857	0.00808489	0.00777634	0.010289	0.0290157	0.00692497	0.047601	0.0146291	0.0457918	0.0502718	0.0334284	0.0700606	0.0147761	0.0143164	0.197985	0.240521	0.0673038	0.00343533	0.00854349
7	0.0241968	0.00456285	0.00802048	0.0330843	0.0134769	0.00766481	0.131486	0.0162552	0.0301404	0.141396	0.0296344	0.0176972	0.0707418	0.353896	0.0143918	0.0428199	0.0195753	0.0337739	0.0016778	0.00550802
8	0.0105957	0.00371781	0.00317224	0.00832127	0.00184745	0.0140674	0.00929592	0.0033312	0.677797	0.0154768	0.0297	0.0157311	0.00547664	0.0183556	0.144222	0.0229235	0.0107522	0.00311379	0.00101411	0.00108724
9	0.113781	0.0104594	0.0414848	0.0309238	0.00362751	0.33533	0.0130664	0.0150136	0.02199	0.010543	0.0156352	0.0650145	0.0211038	0.0155314	0.0324525	0.155448	0.0605178	0.0321793	0.000859115	0.00503853
10	0.0117226	0.00655633	0.00638217	0.00470131	0.0085969	0.00546279	0.00646859	0.00681245	0.00998067	0.0348155	0.00650867	0.00743591	0.00589192	0.00707216	0.00763151	0.013286	0.00957132	0.00893258	0.829321	0.00284917
11	0.0997859	0.0175418	0.0050833	0.00468308	0.011979	0.0278058	0.0129487	0.0101332	0.00814413	0.034817	0.00887346	0.0383259	0.184928	0.048025	0.0117064	0.335729	0.118435	0.0161778	0.00086245	0.00401509
12	0.0693862	0.0262875	0.00886265	0.00847732	0.0526883	0.0181234	0.0203065	0.0654942	0.0121365	0.187495	0.0533383	0.027399	0.0422222	0.026452	0.0159106	0.183225	0.0800977	0.0698215	0.0100725	0.022204
13	0.018072	0.00250764	0.00692282	0.0370139	0.00614661	0.0049988	0.169493	0.0118194	0.026892	0.112183	0.016085	0.0145514	0.0796252	0.40091	0.00753096	0.0334852	0.0153705	0.0313372	0.000966366	0.00408925
14	0.0229738	0.0302235	0.0126731	0.0155601	0.00993363	0.0406316	0.104184	0.0169745	0.119117	0.0270022	0.0223375	0.059143	0.0394278	0.153817	0.211532	0.0618453	0.024915	0.0144684	0.00904573	0.00419535
15	0.00776423	0.00967579	0.0197479	0.00843986	0.0031269	0.0127226	0.469017	0.00453356	0.0197069	0.0144831	0.00358552	0.100238	0.0316884	0.179097	0.028636	0.0336421	0.00954524	0.00645412	0.00123843	0.036658
16	0.0198632	0.00259909	0.00695361	0.0350981	0.00988184	0.00569033	0.16078	0.0124651	0.0251806	0.128652	0.0228873	0.0128529	0.0741092	0.38153	0.00817255	0.0347793	0.0161225	0.0366328	0.00110302	0.0046471
17	0.0173261	0.000592965	0.000958079	0.000930996	0.0697763	0.00140009	0.00854344	0.116543	0.00145192	0.529554	0.0858882	0.00667956	0.00695006	0.00542658	0.00956174	0.0112158	0.00736402	0.104122	0.00832602	0.00738929
18	0.0154009	0.00055244	0.000793927	0.00083983	0.0697513	0.00108452	0.0090179	0.110828	0.001293	0.545274	0.0806703	0.00572054	0.00681177	0.00559342	0.00961984	0.00926523	0.0066721	0.106346	0.00779912	0.00666604
19	0.0958125	0.00551662	0.0114307	0.0417029	0.0811544	0.010611	0.0643953	0.00975464	0.0196944	0.140315	0.13241	0.0138947	0.0330918	0.177363	0.0113114	0.0867147	0.0139838	0.0328133	0.00185103	0.0161788
20	0.0215161	0.00614081	0.0119056	0.0204474	0.00526141	0.0113462	0.190955	0.0111386	0.0279321	0.0583478	0.00775098	0.0486149	0.100689	0.335499	0.0304018	0.05858	0.0234422	0.0194564	0.00186358	0.00871123
21	0.101761	0.00902235	0.0141814	0.00708314	0.00952844	0.0533443	0.0117054	0.0118816	0.0149458	0.0267846	0.00772765	0.0838041	0.114603	0.0472191	0.0134917	0.31724	0.12825	0.0211247	0.000610614	0.00569117
22	0.0231927	0.00708069	0.140717	0.163326	0.00303342	0.0534045	0.0180325	0.0101663	0.0501775	0.0103136	0.00957915	0.218831	0.00992816	0.0531363	0.0281143	0.135646	0.0285231	0.0322019	0.00104549	0.00354956
23	0.0427615	0.000638113	0.0057234	0.00239697	0.0185934	0.0272267	0.0017646	0.220089	0.00443052	0.171186	0.212133	0.012272	0.00799973	0.00364379	0.00205304	0.0512156	0.0558608	0.157739	0.00105745	0.00121488
24	0.134205	0.0166786	0.0243901	0.00599642	0.00421947	0.0592047	0.00228695	0.0270102	0.025981	0.0146062	0.0148456	0.0984535	0.0243941	0.00762459	0.0208993	0.282513	0.181784	0.0429456	0.00015004	0.0118115
25	0.0372065	0.0239962	0.0557366	0.0212506	0.00250618	0.0615694	0.037644	0.0138841	0.043754	0.00827309	0.00434272	0.227286	0.00972869	0.0108647	0.0466745	0.276486	0.0864016	0.0264821	0.000881122	0.00503196
26	0.0505364	0.000858678	0.00599883	0.00318078	0.0145597	0.0291895	0.00165767	0.222312	0.00440839	0.141158	0.203226	0.0159401	0.00765727	0.00456978	0.00182028	0.0560451	0.0610362	0.1734	0.00114297	0.00130245
27	0.0956887	0.036738	0.025254	0.00938672	0.00820104	0.116248	0.0144093	0.0222032	0.0301708	0.0149232	0.0134759	0.100501	0.0197182	0.0122308	0.0427993	0.264508	0.130651	0.0300254	0.00237005	0.0104968
28	0.0867511	0.0584464	0.00521251	0.0057809	0.0108571	0.0156213	0.0137065	0.00874438	0.0098237	0.0482726	0.017425	0.0234938	0.0943175	0.0558494	0.012791	0.425486	0.0855991	0.015173	0.00108347	0.00556535
29	0.0971738	0.00952945	0.00168667	0.00503855	0.0138919	0.0217617	0.0120371	0.00935874	0.00411893	0.0489509	0.00754557	0.030824	0.22229	0.064015	0.00466115	0.317055	0.114583	0.0124796	0.000560113	0.00243919
30	0.0492783	0.000782187	0.0070145	0.0029859	0.0149519	0.0309429	0.00172417	0.218269	0.00459345	0.139717	0.219496	0.0132303	0.00764164	0.00400887	0.00167172	0.057091	0.0601888	0.164659	0.000764813	0.000989754
31	0.0182908	0.00266694	0.00570184	0.0377937	0.0070986	0.00434717	0.161386	0.011623	0.0258707	0.118286	0.0174326	0.0130535	0.0808824	0.404011	0.00601569	0.0337909	0.015434	0.0312745	0.00104422	0.00399679
32	0.131786	0.0140235	0.0196495	0.00651922	0.00549736	0.0592599	0.00349291	0.0260972	0.0212805	0.0200221	0.0146757	0.0838755	0.0518579	0.0144605	0.018167	0.283124	0.175735	0.0400739	0.00045523	0.00994704
33	0.134159	0.0169299	0.0248296	0.00588271	0.00419951	0.060285	0.00229871	0.026954	0.0254765	0.0147194	0.0149743	0.097818	0.0248775	0.00761573	0.0207028	0.282385	0.180641	0.0431736	0.000147967	0.0119298
34	0.126563	0.0156721	0.0275264	0.0057634	0.00397364	0.0674732	0.00392733	0.0263995	0.0266152	0.0135252	0.01428	0.108406	0.0224336	0.00738973	0.0214343	0.282458	0.173092	0.0416324	0.000160211	0.0112749
35	0.00851663	0.0640985	0.00424362	0.00346149	0.0109711	0.0438597	0.106643	0.0222703	0.0772473	0.0166828	0.0213665	0.0381612	0.023247	0.117491	0.334959	0.0576851	0.0176877	0.00900617	0.0204965	0.00190488
36	0.0296639	0.004022	0.181528	0.149642	0.00591928	0.0361096	0.0176701	0.0110239	0.231618	0.0121168	0.0147561	0.0794908	0.0136193	0.0363148	0.0435226	0.0777376	0.0322414	0.0173975	0.00116888	0.00443775
37	0.0406102	0.0383812	0.0251873	0.0251075	0.0176357	0.0538861	0.0672839	0.0213402	0.104233	0.0304011	0.0197567	0.0603769	0.0268542	0.073831	0.20841	0.0941838	0.0411608	0.0229109	0.017978	0.0104721
38	0.0246168	0.00132052	0.216416	0.353813	0.00171447	0.0404573	0.00479276	0.0056379	0.132979	0.00571446	0.0127351	0.0552793	0.0114943	0.0404714	0.0214206	0.0405662	0.0133971	0.0146838	0.000703105	0.00178758
39	0.0231976	0.016839	0.0056462	0.0122433	0.00373317	0.0435433	0.0635121	0.00769165	0.261546	0.00777348	0.0167591	0.0774547	0.0491155	0.145183	0.176756	0.0598207	0.0194695	0.00535093	0.00294425	0.00141943
40	0.0674323	0.0992612	0.00860203	0.00643207	0.00767947	0.0240467	0.0326117	0.0274062	0.0348507	0.028744	0.0455377	0.0330696	0.0200806	0.0318684	0.10447	0.321115	0.0769098	0.0187105	0.00430755	0.00686471
41	0.133847	0.00250837	0.088458	0.112381	0.00130048	0.462697	0.00472844	0.00814832	0.00870505	0.00534675	0.0139567	0.00677061	0.0150426	0.0144608	0.0259471	0.0387285	0.0169208	0.0386775	0.000453429	0.000921705
42	0.16058	0.00481451	0.0198229	0.0468227	0.00711487	0.0215676	0.0567394	0.00953713	0.0084084	0.0403227	0.0116283	0.0119391	0.432007	0.0147398	0.0615662	0.0486929	0.0202759	0.0171339	0.00213654	0.00414986
43	0.196177	0.00820365	0.0701206	0.0481889	0.00901266	0.13452	0.0250151	0.0209591	0.0176865	0.0230128	0.0289919	0.0365464	0.0254425	0.0241104	0.0536621	0.0900389	0.0753451	0.102351	0.0033359	0.00728018
44	0.0855214	0.011182	0.0267743	0.0267573	0.00980421	0.0303207	0.0681951	0.0206032	0.0818471	0.0258746	0.0149894	0.139901	0.061473	0.105711	0.0380878	0.13761	0.0750478	0.0246722	0.00293966	0.0126885
45	0.103357	0.0290653	0.0194861	0.00679639	0.00709639	0.0465539	0.0113214	0.0264316	0.0325207	0.0189022	0.0173061	0.0896022	0.0255405	0.0151064	0.0360047	0.308381	0.160976	0.0352804	0.00122879	0.00904232
46	0.127998	0.016999	0.0135621	0.00646479	0.00615394	0.0360579	0.00320994	0.0302114	0.0270075	0.0207295	0.0191352	0.0705477	0.0264433	0.00986773	0.0248992	0.281558	0.225866	0.0428813	0.00067085	0.00973632
47	0.0906193	0.0372042	0.0744655	0.031399	0.0135473	0.270526	0.0203542	0.0164409	0.0208202	0.0149039	0.0140223	0.085234	0.0155548	0.0162185	0.0339266	0.145486	0.0528394	0.0311639	0.00353824	0.0117358
48	0.11252	0.0379533	0.069003	0.0192849	0.106636	0.0240052	0.0271258	0.0330985	0.0169482	0.057882	0.023736	0.0306363	0.0177452	0.025485	0.0249648	0.072669	0.152907	0.0442555	0.0736573	0.029487
49	0.161416	0.00255557	0.0389171	0.0308418	0.00133327	0.554046	0.00485391	0.0110136	0.00845857	0.00474425	0.0188529	0.00244141	0.013291	0.0145465	0.0338562	0.0439481	0.01495	0.0387592	0.000369987	0.000804109
50	0.0347873	0.0096526	0.0358195	0.033822	0.00740137	0.0274409	0.130795	0.0147292	0.107802	0.0192843	0.0114532	0.152037	0.0467979	0.133631	0.0585	0.0953606	0.0459976	0.0197833	0.00209783	0.0128073
51	0.143802	0.0126531	0.0206197	0.0120611	0.00695649	0.0408316	0.00483674	0.0306712	0.0293097	0.022212	0.0198735	0.0837986	0.0267322	0.0105885	0.0198044	0.23527	0.218103	0.0511851	0.00086572	0.00982589
52	0.147591	0.00296026	0.0668157	0.0833034	0.00648595	0.0129325	0.0077966	0.0502953	0.010506	0.0555681	0.0435184	0.0534599	0.0133342	0.00842382	0.0137591	0.0519485	0.250582	0.114962	0.00230633	0.00345026
53	0.156658	0.00273914	0.0396497	0.0334993	0.00129007	0.566231	0.00397619	0.00944647	0.00856023	0.00420208	0.0171243	0.00219629	0.0131603	0.0129509	0.0347107	0.0403968	0.0146616	0.0374449	0.000381177	0.000720372
54	0.0852241	0.00519914	0.042608	0.0571439	0.00583587	0.03661	0.097159	0.00859054	0.0124194	0.0230252	0.0134249	0.033892	0.336505	0.041284	0.0843966	0.0636985	0.0240084	0.0224453	0.00200586	0.00452459
55	0.0966282	0.0710005	0.0151563	0.00640325	0.0070814	0.0309109	0.0128192	0.040442	0.0392218	0.0208105	0.018785	0.0659625	0.0173412	0.00948706	0.0291801	0.328176	0.132507	0.0458966	0.00176531	0.0104256
56	0.136079	0.00835096	0.00521896	0.0061929	0.0105475	0.033657	0.00904599	0.0168114	0.00981558	0.0336669	0.0135927	0.035648	0.184742	0.039416	0.00914627	0.260033	0.159576	0.0229829	0.00115668	0.00432098
57	0.129427	0.0155865	0.0230145	0.006221	0.00427031	0.0594148	0.00315214	0.0268576	0.0282733	0.0139352	0.0143794	0.103121	0.0225347	0.00801741	0.0218235	0.283556	0.182693	0.042538	0.000165257	0.0110194
58	0.0396384	0.0117889	0.0845351	0.0693456	0.00367784	0.0508738	0.0197125	0.0163836	0.0545619	0.00886325	0.00926994	0.235419	0.0120933	0.0257564	0.0275362	0.222587	0.0718059	0.0300069	0.000843202	0.00530089
59	0.127538	0.0163396	0.0107943	0.00908658	0.0115229	0.0287392	0.00739982	0.0742427	0.0206221	0.0405944	0.0358637	0.0453092	0.0327217	0.0105457	0.0210417	0.199833	0.228369	0.0682187	0.00234007	0.00887736
60	0.00991086	0.00798628	0.0304074	0.0124543	0.0040149	0.0129122	0.476841	0.00588069	0.0187978	0.0231112	0.00502274	0.0830526	0.0263065	0.168595	0.0270772	0.0320641	0.00949116	0.010714	0.0012824	0.0340774
61	0.113729	0.0213253	0.0143793	0.00728107	0.0128384	0.039065	0.00970953	0.0281037	0.0255647	0.0276908	0.0191849	0.070175	0.0430346	0.0186556	0.0196105	0.287476	0.191922	0.0389418	0.0020205	0.0092925
62	0.132816	0.00675628	0.00697206	0.00641112	0.00964758	0.0311902	0.00828875	0.036595	0.0129383	0.0388245	0.0223941	0.0392768	0.161569	0.0273291	0.01343	0.225557	0.175711	0.0345775	0.00215855	0.00755703
63	0.170419	0.0030725	0.0366958	0.0294293	0.00201885	0.491289	0.0043076	0.0201428	0.00889731	0.00787928	0.0176382	0.00442922	0.0132153	0.0132597	0.0339559	0.0426543	0.0280245	0.0702433	0.000616585	0.00181137
64	0.0298784	0.00102719	0.393306	0.348802	0.00114321	0.0772108	0.00287232	0.00448497	0.0183176	0.00274499	0.00613892	0.027547	0.00917774	0.0184081	0.00628618	0.0293231	0.00621429	0.0154442	0.000423048	0.00124976
65	0.250412	0.00337362	0.0375465	0.0566293	0.00355267	0.256822	0.0122028	0.0128159	0.0102832	0.0133877	0.0466137	0.00701455	0.0331218	0.0159146	0.0412146	0.0414099	0.0538916	0.0993779	0.00158824	0.00282698
66	0.0268893	0.000505411	0.00336323	0.00123209	0.0207362	0.012261	0.00110536	0.325408	0.00256003	0.125588	0.148076	0.00551237	0.00354947	0.00196716	0.000995632	0.0288397	0.0309286	0.258299	0.000355132	0.0018288
67	0.129794	0.0110694	0.0124923	0.00641492	0.00762592	0.0531769	0.0043514	0.0173446	0.015923	0.0247553	0.0102829	0.066066	0.0978349	0.0284911	0.0150526	0.292375	0.170558	0.0294385	0.000375906	0.00657741
68	0.0503946	0.00111256	0.00542759	0.00369575	0.0146225	0.0265586	0.00209374	0.228295	0.00520629	0.115124	0.182583	0.0132548	0.00617453	0.00474999	0.00192396	0.0514233	0.0701583	0.214532	0.00109738	0.00157211
69	0.150629	0.00345449	0.00433143	0.0078673	0.00979805	0.0506779	0.00746464	0.0155714	0.0110609	0.0316836	0.0128966	0.0277022	0.162127	0.0445967	0.00847736	0.227131	0.194374	0.0254557	0.00127946	0.00342193
70	0.116457	0.00809327	0.00571114	0.00579896	0.0118417	0.0365718	0.00557366	0.0138886	0.0112092	0.0340559	0.00925539	0.0532575	0.123152	0.0410458	0.00939631	0.316229	0.167036	0.0265494	0.000338501	0.00453842
71	0.109966	0.00630739	0.00855767	0.00606086	0.0131945	0.0270002	0.00969357	0.0913674	0.0128112	0.094594	0.101852	0.0472776	0.0521463	0.014138	0.0119183	0.16746	0.139714	0.0759538	0.00267504	0.00731206
72	0.0596254	0.00445001	0.00746446	0.0214991	0.0523643	0.00833738	0.0864986	0.00961421	0.0330924	0.189542	0.176392	0.010888	0.0603032	0.137559	0.00846121	0.0685007	0.0122987	0.0409754	0.00190684	0.0102265
73	0.0986052	0.00979348	0.00121804	0.00436351	0.0135055	0.0238129	0.00944367	0.00581203	0.00313886	0.0369021	0.005853	0.0360125	0.189891	0.0644995	0.00387626	0.358104	0.120536	0.0124082	0.000367369	0.00185669
74	0.031694	0.00740673	0.022712	0.0232747	0.00288741	0.0261483	0.0235417	0.0118174	0.386604	0.0127278	0.0164414	0.118457	0.0211887	0.0676805	0.0749564	0.0957808	0.0436269	0.00926055	0.00102466	0.00276962
75	0.0750733	0.0134734	0.0478409	0.00536124	0.00177274	0.106688	0.0139758	0.0172872	0.028037	0.00731085	0.00735526	0.182397	0.0206506	0.00470201	0.0235123	0.30959	0.0969756	0.0249111	0.000299687	0.0127868
76	0.0366972	0.000818362	0.00446844	0.00213328	0.0342799	0.0200851	0.0028942	0.184109	0.00421088	0.254967	0.1879	0.0115898	0.011076	0.00398044	0.00395472	0.0500903	0.0426981	0.137441	0.00326122	0.00334517
77	0.043969	0.000666546	0.00593002	0.00243544	0.0158862	0.0277884	0.00137539	0.225886	0.00457251	0.153619	0.219084	0.0126394	0.00824655	0.00362702	0.00156504	0.0536723	0.0574972	0.15989	0.000707537	0.00094298
78	0.0337263	0.000578372	0.00404675	0.00183286	0.0187374	0.0169646	0.00131244	0.292568	0.00315514	0.137754	0.163611	0.00812013	0.00519483	0.00259194	0.00125153	0.0361403	0.041319	0.228988	0.000565622	0.00154169
79	0.012066	0.0824577	0.00676765	0.00222524	0.309883	0.00705332	0.0362927	0.0321084	0.00546339	0.142941	0.0171321	0.0377345	0.00203219	0.00526219	0.0236002	0.018338	0.0173348	0.00514419	0.0112735	0.22489
80	0.154312	0.0100711	0.0297409	0.0242041	0.00994797	0.335713	0.0292839	0.0149289	0.0115162	0.0162112	0.0384117	0.0289034	0.0196771	0.0175835	0.0261228	0.143637	0.0431904	0.036315	0.00143763	0.00879244
81	0.162166	0.00462564	0.00557469	0.00552079	0.00693675	0.0394485	0.00389929	0.0476212	0.0136301	0.0456246	0.0364174	0.0283619	0.0758022	0.0115045	0.0144465	0.195862	0.235805	0.0516684	0.00405677	0.0110282
82	0.0145847	0.000765453	0.493112	0.330556	0.00082913	0.039081	0.00195996	0.00543918	0.0145134	0.0021133	0.00449224	0.0290997	0.00558206	0.0126812	0.00400298	0.0284465	0.00344482	0.00727729	0.000367657	0.00165065
83	0.213349	0.00220031	0.0331305	0.0242561	0.0025089	0.350246	0.00398414	0.0113043	0.0228583	0.0070139	0.0138876	0.00678401	0.0385221	0.0231087	0.0315637	0.0608019	0.115848	0.0362381	0.000532024	0.00186254
84	0.122885	0.0159758	0.0117825	0.00524698	0.00880607	0.0465098	0.00524911	0.0143921	0.012034	0.0276576	0.00967086	0.0624813	0.114578	0.0308866	0.0108052	0.316605	0.151485	0.0263449	0.000244642	0.00635798
85	0.0119376	0.000447686	0.000879739	0.000747006	0.0659491	0.00101771	0.0108073	0.108029	0.00124582	0.55996	0.0688551	0.0046455	0.00728025	0.00655974	0.00971733	0.00694854	0.00750659	0.116395	0.00616472	0.00490613
86	0.206016	0.00671873	0.0124075	0.0167461	0.00438247	0.0678178	0.0027489	0.0301369	0.0308844	0.0182434	0.0152997	0.0380706	0.0564554	0.0155483	0.0179163	0.170006	0.238617	0.0431874	0.00134337	0.00745359
87	0.142569	0.0303233	0.0123823	0.00833189	0.00992932	0.0325113	0.00853036	0.0272406	0.0191086	0.0253767	0.0182492	0.0478507	0.0383235	0.0150304	0.0152236	0.333552	0.131937	0.0732653	0.00145689	0.00880839
88	0.119014	0.0207144	0.00613863	0.00502414	0.0103263	0.0293926	0.00417588	0.0145039	0.0120111	0.0292444	0.0110775	0.0408843	0.092221	0.0282636	0.0095659	0.37645	0.154409	0.0304806	0.000538416	0.00556517
89	0.131517	0.00937369	0.00629763	0.00597526	0.0131658	0.0334927	0.00507064	0.0217373	0.0144123	0.0331297	0.0165802	0.0425829	0.0856234	0.0308912	0.0122074	0.29157	0.201928	0.037617	0.000839748	0.00598892
90	0.0543474	0.0147506	0.057428	0.0324061	0.0101261	0.0930774	0.0266945	0.0170272	0.044634	0.0129564	0.00964349	0.200537	0.0186385	0.0202687	0.0376109	0.230972	0.0818523	0.0243461	0.00157985	0.011103
91	0.0306705	0.00276136	0.00920285	0.0237205	0.00564611	0.00670897	0.138584	0.0191672	0.0361154	0.0814325	0.0118861	0.0320202	0.109445	0.358868	0.0125736	0.0569596	0.0342425	0.0237447	0.000994024	0.0052573
92	0.0192141	0.000528832	0.00171255	0.00104347	0.0604065	0.00510283	0.00775809	0.130266	0.0019826	0.480204	0.108415	0.0067664	0.00722136	0.00521132	0.0084604	0.0161784	0.0145938	0.112648	0.00672741	0.00555862
93	0.15496	0.00319191	0.154007	0.235812	0.00394847	0.0721997	0.013536	0.0132941	0.00901099	0.017729	0.0226674	0.0224716	0.0230893	0.0210105	0.0163078	0.0302418	0.0663297	0.114863	0.00239716	0.00293439
94	0.10231	0.0111744	0.104951	0.0357971	0.00441175	0.0476204	0.0105581	0.0255571	0.0296321	0.0176982	0.017383	0.127614	0.0197282	0.0102309	0.0234476	0.204706	0.154624	0.042739	0.00151395	0.00830406
95	0.0176937	0.000526995	0.00159552	0.00104805	0.0237306	0.00384018	0.00101326	0.377592	0.00132278	0.117795	0.0822376	0.00258108	0.00199389	0.00133166	0.000955801	0.0160152	0.0168904	0.329049	0.000387757	0.00239923
96	0.0121478	0.000909295	0.525513	0.307934	0.00088319	0.0349736	0.00187895	0.00485996	0.013869	0.00199051	0.00420235	0.0312391	0.00473879	0.0116654	0.00411062	0.0278589	0.00329405	0.00562961	0.000390565	0.00191112
97	0.0339866	0.00552768	0.0298772	0.00780634	0.00618475	0.0260059	0.197541	0.00637055	0.030884	0.013826	0.00639251	0.0969026	0.138127	0.170933	0.0780781	0.0758047	0.0482785	0.0149942	0.00197371	0.0105058
98	0.0125186	0.0228251	0.00369541	0.00125075	0.229998	0.00295703	0.0121668	0.083602	0.00330841	0.358417	0.0481639	0.0137129	0.00392554	0.00482172	0.0143192	0.0184352	0.0142269	0.0604759	0.00757271	0.0836067
99	0.146331	0.0057291	0.0502895	0.0860608	0.008056	0.312382	0.0128162	0.0141583	0.011047	0.0398111	0.019237	0.0123647	0.0187273	0.04159	0.0268409	0.0427195	0.0286812	0.115897	0.00203652	0.0052247
100	0.0298135	0.00112168	0.352891	0.387742	0.00105039	0.0763546	0.00245389	0.00361324	0.0212315	0.00250643	0.00566188	0.0290718	0.00937615	0.0203193	0.00564717	0.030054	0.00527209	0.014256	0.000453183	0.00110937
101	0.061653	0.00350112	0.0667674	0.0595362	0.0133114	0.0224243	0.00752214	0.158184	0.0110493	0.071761	0.13832	0.0310762	0.0124312	0.0127131	0.0105936	0.0491918	0.0732806	0.18987	0.00239046	0.00442284
102	0.162441	0.00279424	0.0557244	0.039604	0.00134147	0.533023	0.00392738	0.00906151	0.00854125	0.00523257	0.015926	0.00229547	0.0166251	0.0136028	0.0337798	0.0369087	0.0165016	0.0413776	0.000412355	0.000878922
103	0.0378465	0.018555	0.0586048	0.0191981	0.00947349	0.0498046	0.0748	0.0196158	0.0369417	0.0189199	0.0119491	0.21858	0.0166711	0.0299116	0.0426527	0.209774	0.0645151	0.0492462	0.00247059	0.0104695
104	0.0304322	0.000812261	0.00211857	0.00165707	0.0224232	0.00689613	0.00110492	0.348345	0.00146659	0.0971763	0.0804964	0.00517289	0.00215429	0.00206157	0.00113975	0.0193421	0.0225539	0.351424	0.000424045	0.00279834
105	0.0248128	0.000820919	0.352388	0.407883	0.000934186	0.0653358	0.00203234	0.0034192	0.022197	0.00214589	0.00612246	0.0291775	0.00888953	0.021081	0.00551769	0.0295422	0.0047451	0.0115653	0.000368514	0.00102092
106	0.103582	0.0122538	0.00311381	0.00530526	0.0120105	0.0270421	0.00874421	0.00836503	0.00736826	0.0365817	0.00716517	0.0383721	0.160344	0.0545549	0.00671183	0.347589	0.141612	0.0157483	0.00043663	0.00310024
107	0.0133976	0.0172866	0.00443789	0.00157377	0.222231	0.0036237	0.0116983	0.119906	0.00541632	0.297482	0.0497829	0.010247	0.00448921	0.00537755	0.0105241	0.0312875	0.023651	0.103157	0.00771169	0.0567188
108	0.0269154	0.00997243	0.00411654	0.00383739	0.0750473	0.00705363	0.0172183	0.103168	0.00661446	0.423729	0.0660626	0.012342	0.0166306	0.0183862	0.0121908	0.0365429	0.0251219	0.106995	0.00847218	0.0195829
109	0.148852	0.0411876	0.00827389	0.00626288	0.00937347	0.0242215	0.00724683	0.0168382	0.0113554	0.0287863	0.0332856	0.0269016	0.0599152	0.0166707	0.0107117	0.401529	0.112188	0.0273453	0.00174763	0.00730712
110	0.0191557	0.00513958	0.0162036	0.00694447	0.00409479	0.0124126	0.217722	0.00736608	0.0134079	0.0333587	0.00521801	0.130419	0.155006	0.231119	0.0253772	0.0419997	0.0380361	0.0110657	0.00142247	0.024532
111	0.0396387	0.00115728	0.340934	0.377905	0.00124959	0.0761369	0.00339529	0.00336913	0.0189491	0.00358256	0.00622448	0.0247921	0.0140017	0.0212923	0.00572294	0.0285074	0.00797665	0.0234465	0.00043957	0.0012788
112	0.0304987	0.000773302	0.35934	0.394133	0.0010815	0.0688595	0.0024449	0.00360408	0.0201002	0.00246007	0.00568511	0.0258932	0.0102337	0.0199686	0.00525945	0.0284811	0.00527089	0.0144605	0.000396433	0.001055
113	0.139172	0.00304373	0.0647427	0.0856232	0.00204796	0.485104	0.00560086	0.00895473	0.00941718	0.00578794	0.0145497	0.00652335	0.0207556	0.0154863	0.0277829	0.0466988	0.0185299	0.0385633	0.00055782	0.00105853
114	0.0146484	0.00892965	0.0094466	0.00194618	0.284461	0.00362605	0.00978466	0.1028	0.0102233	0.22478	0.0418886	0.0067613	0.00426144	0.00661721	0.00979533	0.0626344	0.0439366	0.0924149	0.00430809	0.0567361
115	0.133543	0.0156247	0.0163562	0.00680029	0.00516574	0.0440341	0.00200606	0.0290721	0.0293065	0.0165921	0.0174381	0.0859764	0.025468	0.00855964	0.0224371	0.280995	0.206905	0.0424396	0.000467668	0.010813
116	0.0138378	0.019	0.00316902	0.0016449	0.190735	0.00339294	0.0166713	0.0856468	0.00382358	0.389804	0.0526233	0.0128315	0.00556433	0.00716886	0.0136143	0.0193763	0.0148712	0.0763681	0.00800913	0.0618477
117	0.125224	0.0157676	0.0218501	0.00747287	0.00427153	0.0512265	0.00436027	0.0262503	0.0347938	0.0126757	0.0141652	0.112402	0.018978	0.00764906	0.0239478	0.287674	0.182929	0.0380032	0.000155617	0.0102037
118	0.0208647	0.00088606	0.291245	0.409638	0.000991837	0.0460988	0.00460279	0.00320395	0.0328145	0.00301161	0.0115089	0.0554831	0.0103137	0.0304928	0.00955432	0.0433637	0.00773528	0.0167032	0.000404106	0.00108308
119	0.0149331	0.000504148	0.0011256	0.000972904	0.0409036	0.00122036	0.000974769	0.368443	0.0010829	0.0944133	0.0486684	0.00110485	0.00113252	0.00099501	0.00091912	0.0125814	0.0143704	0.39064	0.000309885	0.00470456
120	0.0377698	0.0130506	0.0478848	0.00684463	0.00090451	0.0886887	0.0285041	0.0142863	0.0534434	0.00230594	0.00199794	0.252576	0.00863743	0.00278712	0.0292864	0.301696	0.0910243	0.0135447	0.000329398	0.00443764
121	0.0690122	0.18165	0.00937742	0.00711377	0.0284212	0.0194722	0.065033	0.0212537	0.034714	0.0578972	0.0181742	0.0456502	0.00890996	0.0162382	0.0537731	0.274362	0.0340439	0.0206129	0.00960635	0.0246844
122	0.0568251	0.00609016	0.00552737	0.00499754	0.0382536	0.0100757	0.0106411	0.161059	0.005336	0.313106	0.0591367	0.0282988	0.00945969	0.00983515	0.0235671	0.0346853	0.0515411	0.14134	0.0221198	0.0081051
123	0.00609701	0.0573726	0.00243431	0.00248174	0.00792814	0.0524223	0.107372	0.0195275	0.0839987	0.0101703	0.0250613	0.0372169	0.0261847	0.114107	0.345764	0.0637999	0.0185964	0.0070245	0.0111583	0.0012818
124	0.146595	0.0144873	0.0164546	0.0072882	0.00549997	0.0443578	0.00412725	0.0282242	0.0333975	0.0176796	0.0165379	0.0808939	0.0224311	0.00968035	0.0256941	0.263509	0.19743	0.0521517	0.000561416	0.0129986
125	0.0479298	0.0145333	0.0440761	0.00999632	0.00228683	0.0747294	0.0243273	0.0165346	0.0474085	0.00652179	0.00508246	0.228262	0.0115685	0.00749779	0.034363	0.298243	0.101686	0.0187739	0.000365957	0.00581405
126	0.134265	0.0150862	0.0157149	0.00652572	0.00575526	0.0404604	0.00279209	0.029602	0.0297322	0.01959	0.0194818	0.0860709	0.0211157	0.00811521	0.0217471	0.273507	0.214782	0.0446979	0.000339711	0.0106193
127	0.0345345	0.0126263	0.0457691	0.00665199	0.000828717	0.0820062	0.0270503	0.0142475	0.0525279	0.00221104	0.00191191	0.260901	0.00884266	0.0023842	0.0274108	0.308825	0.0944668	0.0123886	0.000281955	0.0041332
128	0.0385507	0.0122137	0.0212952	0.0238365	0.00502112	0.0289479	0.0170869	0.0125005	0.382597	0.015555	0.0216844	0.0778344	0.0187888	0.0394112	0.0827635	0.128128	0.0515824	0.0152501	0.00154886	0.00540361
129	0.0182966	0.000566002	0.00106123	0.000955329	0.0260758	0.0020313	0.00106827	0.385962	0.000867026	0.0903352	0.0492236	0.00178829	0.000920593	0.00149279	0.00096131	0.010999	0.0124	0.391652	0.000305742	0.00303842
130	0.0947291	0.00301796	0.00993253	0.0204743	0.00906781	0.0282231	0.00656233	0.139677	0.010326	0.0832104	0.0618601	0.0364713	0.0186517	0.00840773	0.00943528	0.119388	0.19484	0.137577	0.00343137	0.00471718
131	0.101903	0.127128	0.00611708	0.00323975	0.0109728	0.0132997	0.00962105	0.0111437	0.0135797	0.0247416	0.0199999	0.0221596	0.0260197	0.012649	0.0142953	0.479495	0.0739678	0.0179638	0.00252793	0.00917526
132	0.0852226	0.148216	0.0110405	0.00659948	0.024778	0.0234835	0.0220378	0.018088	0.0195973	0.0346384	0.0201187	0.0387804	0.020317	0.0155283	0.0271393	0.365967	0.0697824	0.0231446	0.00634336	0.0191769
133	0.0107063	0.0089842	0.0233566	0.00924421	0.00453817	0.0167779	0.435377	0.00569253	0.0252688	0.0132519	0.00431711	0.115849	0.0310995	0.154076	0.0315922	0.052084	0.0148049	0.00856587	0.00116579	0.0332487
134	0.0275605	0.0395262	0.00960083	0.00334663	0.2645	0.0104272	0.0246483	0.0673889	0.0136811	0.190807	0.0322309	0.0226003	0.0084738	0.0125369	0.0209312	0.0467435	0.0318153	0.0565129	0.00942332	0.107245
135	0.0986254	0.0423182	0.0216247	0.00874782	0.0122365	0.0328909	0.0134314	0.0169892	0.0237861	0.0255809	0.0156256	0.0674795	0.0377371	0.023156	0.0176366	0.392825	0.108929	0.0282636	0.00340358	0.00871213
136	0.119721	0.022447	0.00466088	0.00388388	0.00947426	0.0215807	0.00368482	0.0263974	0.0104829	0.0474044	0.0207394	0.0304963	0.0691628	0.0203329	0.0105426	0.366462	0.167761	0.0313918	0.00225766	0.0111168
137	0.0135318	0.00106267	0.51567	0.3035	0.000898706	0.0338979	0.00233078	0.00467808	0.0154266	0.00212916	0.00456575	0.0343356	0.00557021	0.0134331	0.0047966	0.0305653	0.00384861	0.00748609	0.000472351	0.00180093
138	0.13527	0.00472601	0.0430114	0.0344406	0.00264959	0.498232	0.00985583	0.0125044	0.0139984	0.00690107	0.0175333	0.0209253	0.0149193	0.0163046	0.0362481	0.0646285	0.0262433	0.0365483	0.00258151	0.00247761
139	0.0331424	0.00714572	0.0314044	0.0249967	0.00184746	0.0361918	0.0332456	0.0150303	0.251776	0.0096323	0.00968734	0.180829	0.0246531	0.0753353	0.0568739	0.136364	0.055638	0.011714	0.000983218	0.00351015
140	0.0156815	0.00624713	0.00246424	0.00113861	0.109356	0.00194443	0.00995929	0.103993	0.0026759	0.477727	0.0831847	0.00761444	0.00667592	0.00555062	0.0138127	0.0190848	0.0107249	0.08863	0.0117949	0.0217398
141	0.0228601	0.0102046	0.00424315	0.00380875	0.0780206	0.00572916	0.0163025	0.108712	0.00514309	0.448291	0.0649986	0.0103647	0.00952567	0.0134217	0.0128057	0.0248584	0.0203875	0.11293	0.00956956	0.0178235
142	0.196692	0.0166697	0.0240988	0.0184353	0.0102737	0.0841748	0.0117216	0.0396662	0.0189387	0.0384179	0.0264487	0.0409824	0.0480476	0.0232263	0.0187742	0.160339	0.117212	0.0940464	0.00342477	0.00840956
143	0.111831	0.0256936	0.0126969	0.00643807	0.00900661	0.033294	0.00698321	0.0257529	0.0225885	0.0287533	0.0189076	0.0651517	0.0471736	0.0171352	0.0177455	0.334537	0.169307	0.0374254	0.00106298	0.00851546
144	0.171148	0.00341448	0.0389064	0.0296407	0.00156954	0.50202	0.00479955	0.0109591	0.0100718	0.00568472	0.017053	0.0088926	0.0165206	0.0140286	0.0320442	0.063774	0.0293307	0.0378696	0.000561985	0.00170972
145	0.132779	0.00652359	0.0424278	0.0376718	0.0030323	0.466653	0.0113819	0.0151741	0.0148543	0.0107945	0.0182715	0.0250078	0.0161012	0.0153512	0.0371061	0.0718273	0.0325864	0.0391757	0.000847477	0.00243366
146	0.0128249	0.00821856	0.0318306	0.0115017	0.0048109	0.0133685	0.448851	0.00621683	0.0199311	0.0221748	0.00590016	0.081259	0.0333438	0.177787	0.0292193	0.035249	0.0121538	0.0109334	0.00195584	0.0324696
147	0.012623	0.000859647	0.507762	0.317589	0.000837904	0.0344922	0.00198567	0.00465157	0.0159328	0.00200107	0.00453218	0.0333139	0.00495468	0.013485	0.00454433	0.0290918	0.00339518	0.00580986	0.000375348	0.0017634
148	0.0136406	0.00355288	0.00526893	0.0112119	0.00294835	0.0119657	0.00912985	0.00431273	0.642833	0.0154729	0.0533619	0.0256738	0.00687446	0.0190926	0.124545	0.0240414	0.0150487	0.00737233	0.00158736	0.00206597
149	0.00989466	0.00211991	0.00332455	0.00872287	0.00160843	0.0106108	0.00491681	0.00245703	0.712891	0.0154247	0.0321185	0.0131157	0.0034399	0.00965087	0.133804	0.0207387	0.0105862	0.00290209	0.000614026	0.00105946
150	0.313534	0.00870942	0.00287935	0.00340331	0.00212629	0.0158464	0.00289486	0.0648655	0.00266871	0.0242116	0.00807304	0.00500337	0.00301807	0.00404254	0.00437446	0.0280793	0.106066	0.394134	0.000649578	0.00542022
151	0.0263747	0.00522233	0.0190667	0.00282924	0.257742	0.00413182	0.0155987	0.0834956	0.0158732	0.155631	0.0292505	0.00543174	0.00544579	0.0125516	0.0100704	0.094928	0.0796072	0.122029	0.00286212	0.0518582
152	0.0156307	0.000547548	0.0011152	0.00095594	0.0294532	0.00195232	0.00207657	0.363696	0.0010786	0.150062	0.0589255	0.00203108	0.00177053	0.00188301	0.0018967	0.0115262	0.0127759	0.338514	0.00104517	0.00306382
153	0.0118463	0.00682982	0.0061016	0.00494085	0.00778237	0.00541552	0.00637997	0.00680204	0.00632158	0.0337279	0.0062569	0.00803229	0.00638023	0.00710679	0.00592118	0.015491	0.00991043	0.00909327	0.832308	0.00335244
154	0.0150838	0.0810692	0.0150419	0.00736211	0.262718	0.0129265	0.0855569	0.025103	0.0118651	0.084222	0.0123633	0.103098	0.00462585	0.00919552	0.0223867	0.022809	0.016089	0.00844326	0.00831942	0.191721
155	0.157373	0.00448968	0.0139912	0.0153571	0.0132407	0.0357211	0.00790407	0.0706065	0.014077	0.0555264	0.0915339	0.0263173	0.0211754	0.0103872	0.012653	0.108016	0.181238	0.151808	0.00207285	0.00651131
156	0.0158952	0.000792432	0.427127	0.375833	0.000773402	0.0452897	0.00190901	0.00427114	0.0197267	0.00193588	0.0053377	0.0300356	0.006535	0.0177485	0.00501649	0.0284022	0.00370602	0.00805392	0.000377581	0.00123285
157	0.124705	0.0159451	0.034832	0.00687752	0.00390932	0.0673729	0.00380757	0.0250962	0.0241375	0.01592	0.0157362	0.112302	0.0258148	0.0072071	0.0204238	0.274203	0.167258	0.0420262	0.000247922	0.0121771
158	0.0104469	0.0609804	0.00504305	0.00171986	0.341658	0.00469507	0.0232139	0.0369518	0.00494476	0.178801	0.0253841	0.031735	0.00195439	0.00394112	0.0248251	0.0159977	0.016683	0.008007	0.00878695	0.194231
159	0.039823	0.00259924	0.0390711	0.060642	0.00262468	0.0143605	0.0196098	0.0315118	0.243051	0.0154268	0.00969165	0.183686	0.0313723	0.118733	0.0326743	0.0783517	0.0597473	0.0133597	0.000945738	0.00271865
160	0.103674	0.00156082	0.00904845	0.00276428	0.0438886	0.00865357	0.0193781	0.0706194	0.0128746	0.131668	0.0363233	0.00917423	0.0383059	0.0359072	0.0249195	0.129184	0.175593	0.114422	0.00272722	0.0293134
161	0.0405486	0.00328569	0.155496	0.229608	0.00343726	0.0232675	0.0117457	0.01309	0.0565255	0.0151349	0.0319609	0.112947	0.0180384	0.0545089	0.0299177	0.0668261	0.0602687	0.069064	0.00134364	0.00298535
162	0.131807	0.0232678	0.0170506	0.00655252	0.00479798	0.0416701	0.00239178	0.0255892	0.030732	0.0153094	0.0151022	0.0899149	0.0207373	0.00811526	0.022193	0.300682	0.19237	0.0390395	0.000391234	0.0122861
163	0.131297	0.010757	0.0125567	0.00558115	0.0106878	0.0339567	0.00398442	0.0409344	0.0253377	0.0338194	0.0259775	0.065318	0.0271163	0.0125576	0.0213479	0.241848	0.224863	0.0590094	0.000941261	0.0121088
164	0.105462	0.00578976	0.00128153	0.00449257	0.0155287	0.0232081	0.00945349	0.0145474	0.00334231	0.0477819	0.00928301	0.031353	0.213895	0.0573563	0.00578517	0.297826	0.132932	0.0171136	0.000821432	0.00274616
165	0.0463094	0.00136841	0.24019	0.408616	0.00173711	0.0577377	0.00814043	0.00350528	0.0287768	0.00509891	0.0107006	0.0363856	0.0169896	0.042483	0.0098682	0.0360693	0.0142732	0.0292656	0.00094612	0.00153856
166	0.0318477	0.00084037	0.299783	0.40167	0.00109461	0.0845995	0.00272103	0.0033981	0.0257224	0.00271847	0.00798566	0.0353186	0.0101266	0.0250376	0.00807542	0.0341438	0.00671293	0.0168365	0.000424464	0.000943211
167	0.0222141	0.0205397	0.0258842	0.0161949	0.0170645	0.0234554	0.357938	0.0156287	0.0264788	0.038946	0.0148019	0.0737644	0.0326581	0.133894	0.0516098	0.0524319	0.0199867	0.0199129	0.00363157	0.0329642
168	0.17657	0.0098706	0.0139275	0.0113185	0.0046778	0.0631265	0.00233697	0.0221829	0.0331229	0.0153793	0.0114756	0.0554798	0.0404205	0.0173159	0.018955	0.224349	0.233196	0.0385325	0.000360495	0.00740215
169	0.0942587	0.0198636	0.00713926	0.026702	0.104189	0.0302318	0.114874	0.00775406	0.00758413	0.11591	0.0607534	0.0312457	0.00798502	0.0466701	0.0182265	0.156092	0.0188468	0.0334653	0.00373782	0.0944705
170	0.0169198	0.000580554	0.00101373	0.000985955	0.0688122	0.00206659	0.00865724	0.121623	0.00157511	0.517304	0.0868759	0.00662279	0.00694324	0.00543068	0.00951318	0.0122112	0.00900447	0.108245	0.00898983	0.0066256
171	0.0281611	0.000912633	0.00190624	0.00153639	0.0263659	0.004449	0.00213698	0.355529	0.00190054	0.114613	0.0622599	0.00317698	0.00223827	0.00309902	0.00225276	0.0176963	0.0208831	0.346908	0.000501774	0.00347262
172	0.114025	0.0173204	0.0151867	0.00774007	0.00912656	0.0341096	0.00732236	0.0275123	0.0235173	0.0282746	0.0202101	0.0710858	0.0470722	0.0162451	0.0177868	0.282526	0.207377	0.0445122	0.00133126	0.00771903
173	0.023786	0.00337719	0.484042	0.204154	0.00442308	0.0427384	0.0133005	0.00874028	0.016227	0.00833806	0.00811819	0.0574234	0.00929231	0.0142874	0.00934765	0.0519461	0.0142538	0.0155139	0.00524429	0.00544659
174	0.0156211	0.000434522	0.00087335	0.000904185	0.0262367	0.00133581	0.00094995	0.390913	0.000777331	0.0877787	0.0475867	0.00106913	0.000860706	0.000859194	0.000866234	0.00972113	0.010694	0.399243	0.000261815	0.00301357
175	0.0335706	0.129139	0.00801897	0.00565179	0.081549	0.0282091	0.064784	0.0298188	0.0281752	0.0828008	0.0201572	0.0297217	0.014967	0.0493277	0.18597	0.0948649	0.0298442	0.0132202	0.0222684	0.0479411
176	0.0258418	0.0417434	0.0112052	0.00489354	0.274252	0.00966333	0.0229172	0.0726109	0.009628	0.175618	0.0307516	0.0237921	0.0075504	0.0106101	0.0191993	0.0507522	0.0335256	0.0561538	0.0150472	0.104244
177	0.00739991	0.0531374	0.00269905	0.0032778	0.00708609	0.0556629	0.0997201	0.0174949	0.108811	0.00955933	0.0257593	0.0396806	0.0266034	0.11446	0.327423	0.0656415	0.0179466	0.00654631	0.00981014	0.00128012
178	0.106185	0.006979	0.00332315	0.00625136	0.0129835	0.0245784	0.0114991	0.0165277	0.00587289	0.0495571	0.0136477	0.0320307	0.211723	0.0505271	0.00681538	0.274975	0.140373	0.0214348	0.0011719	0.00354426
179	0.0434086	0.0124887	0.0482603	0.00729427	0.00199249	0.101207	0.0225824	0.0187275	0.0419675	0.00425203	0.00406338	0.23835	0.0114078	0.00415731	0.0256198	0.303775	0.0861278	0.0175923	0.000367484	0.00635834
180	0.0878698	0.00369195	0.00611321	0.00489128	0.0208364	0.0194641	0.0086457	0.115584	0.00966331	0.100666	0.103701	0.0198146	0.0277013	0.020568	0.0107796	0.135321	0.174758	0.119174	0.00208804	0.00866951
181	0.109001	0.0110942	0.00257418	0.00498566	0.0118168	0.0270619	0.00645776	0.00754837	0.00631028	0.042719	0.00661313	0.0424294	0.147118	0.0443683	0.00562934	0.354439	0.149473	0.016552	0.000430152	0.00337757
182	0.0100614	0.0381194	0.0207992	0.011033	0.0110766	0.0357305	0.175416	0.0372144	0.0353666	0.0430468	0.0143882	0.0603635	0.0219359	0.122828	0.255195	0.0539428	0.0154934	0.0216641	0.0116201	0.00470537
183	0.012219	0.000423072	0.000726334	0.000756545	0.0663179	0.0010042	0.0104356	0.108281	0.00115836	0.560801	0.0696964	0.00475394	0.00674624	0.00640501	0.00921965	0.00648857	0.00696667	0.116349	0.0063347	0.00491747
184	0.19689	0.0152452	0.0226915	0.022648	0.00969998	0.0961282	0.0126008	0.0383511	0.0216529	0.0312499	0.0241783	0.0376578	0.0430906	0.0192788	0.0219666	0.160138	0.110351	0.0965774	0.0104349	0.00916951
185	0.117033	0.0159039	0.0197237	0.0155071	0.018878	0.0400863	0.0108606	0.0414457	0.0224939	0.0378291	0.0299811	0.055672	0.0445374	0.0187844	0.0192598	0.210196	0.202795	0.0668355	0.0034536	0.0087229
186	0.113054	0.0832131	0.00410435	0.00281668	0.0111405	0.0103465	0.00522635	0.00728546	0.0109797	0.0208035	0.0186522	0.0158429	0.0299671	0.0117338	0.0101851	0.543264	0.0777219	0.0155256	0.00176446	0.00637191
187	0.127101	0.0332791	0.013695	0.0104239	0.0102581	0.0337874	0.0075318	0.0163376	0.0180078	0.0257547	0.0163911	0.0492806	0.0501775	0.0189073	0.0151372	0.380694	0.131259	0.0325689	0.0012071	0.00820082
188	0.0693283	0.055259	0.0101941	0.00651202	0.157542	0.0202331	0.0606386	0.0338636	0.0103911	0.120285	0.0221761	0.0194115	0.00571113	0.0261403	0.0325084	0.120731	0.0642623	0.0627383	0.0140096	0.0880655
189	0.0194563	0.00281144	0.52447	0.186085	0.00450222	0.032189	0.0115594	0.00820158	0.0165848	0.00798215	0.00745586	0.0561322	0.0101508	0.0138466	0.00980725	0.0522717	0.0131307	0.0123845	0.00534632	0.0056319
190	0.00994034	0.00146937	0.00344838	0.00883936	0.00154453	0.0101798	0.00355679	0.00235056	0.721186	0.0156492	0.0322265	0.0122571	0.00300716	0.00828203	0.13022	0.0206767	0.0107251	0.00281279	0.000552075	0.00107566
191	0.0941679	0.0263449	0.00777622	0.0062002	0.0173708	0.0220068	0.0315072	0.0262265	0.0129201	0.0615335	0.0294718	0.0360622	0.0673568	0.0279637	0.0151119	0.276208	0.189657	0.0388197	0.00312229	0.0101728
192	0.0178889	0.000491583	0.00093863	0.00090094	0.0274313	0.00134281	0.000972709	0.383544	0.000781376	0.0879338	0.0472174	0.00133676	0.000814063	0.00106867	0.000895262	0.0103186	0.0118723	0.40065	0.00032382	0.00327712
193	0.0216433	0.0101557	0.00524566	0.0136145	0.00250642	0.0284123	0.0456337	0.00716478	0.382032	0.00925328	0.0182922	0.0724161	0.0312863	0.112727	0.164848	0.0481995	0.018222	0.00445922	0.00230187	0.00158676
194	0.015737	0.000487641	0.00086955	0.000866939	0.0269239	0.00130893	0.000909079	0.392716	0.000759604	0.0997113	0.048877	0.00109214	0.000925667	0.000979238	0.000900135	0.0105402	0.0113074	0.381726	0.000336544	0.00302537
