427	20
1	0.046766	0.0102809	0.0234875	0.0128582	0.0107661	0.0773395	0.0458731	0.00753737	0.0201715	0.0083936	0.00490365	0.343328	0.00300939	0.0353027	0.0201223	0.173898	0.133355	0.0163552	0.00156085	0.00469176
2	0.223825	0.00684348	0.00944865	0.0144676	0.00547068	0.0213097	0.00994147	0.0111825	0.0404271	0.0155791	0.0346817	0.0090198	0.275449	0.123451	0.00994988	0.131379	0.0313771	0.0182852	0.00161238	0.00629944
3	0.042352	0.00930475	0.0191115	0.0614444	0.00383709	0.0747476	0.0395461	0.00635986	0.271924	0.0124595	0.0251919	0.106203	0.0074093	0.0482185	0.171517	0.0611419	0.0197422	0.0130711	0.00111111	0.00530748
4	0.403922	0.0241801	0.0390906	0.0150139	0.00589712	0.101596	0.00852907	0.00949834	0.00925913	0.00841488	0.00713517	0.0190467	0.0125968	0.0211083	0.0105869	0.209557	0.0459992	0.0421752	0.00146936	0.00492436
5	0.0459152	0.000471344	0.302021	0.428298	0.00144852	0.0255751	0.0113585	0.00186215	0.0258645	0.00409413	0.0023384	0.0492729	0.00184858	0.0400773	0.0103091	0.0249887	0.0155462	0.00452909	0.000140624	0.00404044
6	0.0404435	0.00905356	0.0157181	0.0182313	0.00640769	0.104779	0.0344142	0.0147831	0.179538	0.00898842	0.0046726	0.059343	0.00180311	0.0630957	0.327208	0.0679309	0.0282854	0.00686511	0.000590531	0.00784773
7	0.0557155	0.00393586	0.00819614	0.0075981	0.0183649	0.0418016	0.0714146	0.00600514	0.121698	0.00638237	0.00439594	0.0559071	0.00240643	0.0277929	0.383179	0.135569	0.0339466	0.00719901	0.00107809	0.00741372
8	0.178472	0.00510291	0.0475812	0.0139391	0.0263126	0.114443	0.0240512	0.00513555	0.00319945	0.00813739	0.00260427	0.0642687	0.00147033	0.0997518	0.0243417	0.216023	0.130158	0.0172963	0.00147082	0.0162413
9	0.258275	0.00568416	0.0127699	0.153364	0.00415026	0.00605682	0.0933664	0.0315046	0.00953131	0.0318821	0.00550064	0.0582398	0.00296593	0.177772	0.00997366	0.0599321	0.0163037	0.0578107	0.00156383	0.00335259
10	0.399577	0.0497706	0.00789513	0.00836085	0.00705311	0.0161191	0.00630207	0.0516567	0.0123637	0.0362674	0.0443257	0.0121442	0.0122654	0.0198758	0.00708272	0.101107	0.074801	0.124915	0.0034838	0.00463417
11	0.0312104	0.0116446	0.0100446	0.0069247	0.0727589	0.00777412	0.00653789	0.104928	0.00804437	0.418868	0.076719	0.017474	0.0133719	0.0126712	0.0120821	0.0500752	0.0593614	0.057322	0.00525446	0.0169333
12	0.0940974	0.00400264	0.0626688	0.0469472	0.0373544	0.00478141	0.0663752	0.00580668	0.0777274	0.0724783	0.0817992	0.0304011	0.00285092	0.161919	0.106941	0.0833717	0.0124014	0.0228637	0.00417758	0.0210357
13	0.0215635	0.0135664	0.000713422	0.000871537	0.0116624	0.00364491	0.00353079	0.349665	0.00112662	0.16103	0.059501	0.00228454	0.000793663	0.00484175	0.00814771	0.00494101	0.0312048	0.318288	0.000360552	0.00226331
14	0.0180316	0.00874989	0.0456134	0.0058041	0.00800569	0.0242328	0.0193494	0.00849979	0.00783719	0.00627054	0.00511279	0.353777	0.0024043	0.0149327	0.00462677	0.199866	0.25197	0.0119833	0.000890007	0.00204259
15	0.0463857	0.0291015	0.00429002	0.00828691	0.0142456	0.00581923	0.00359473	0.295743	0.00292117	0.105078	0.073889	0.0163226	0.00218481	0.00722544	0.00575511	0.0281141	0.100496	0.245952	0.00124712	0.00334879
16	0.144708	0.0203505	0.0293461	0.0102934	0.00965207	0.0701462	0.0357275	0.0189998	0.0049732	0.00909418	0.0114157	0.103177	0.0017464	0.0527993	0.0124816	0.247139	0.163281	0.0460784	0.002551	0.0060401
17	0.267916	0.0238552	0.00905564	0.00792589	0.00527961	0.371492	0.00581973	0.00572435	0.00712254	0.00746107	0.0034952	0.0447721	0.0106212	0.0132274	0.00633137	0.129823	0.0590296	0.0136281	0.00104231	0.00637798
18	0.467699	0.0286916	0.00541074	0.00399221	0.00153428	0.0789332	0.00167381	0.00517155	0.00235384	0.00224931	0.00127702	0.00507124	0.00685399	0.003515	0.00309151	0.331922	0.0314144	0.0156461	0.00209736	0.00140188
19	0.0385451	0.00827935	0.00507763	0.0677876	0.00206796	0.0192465	0.0117314	0.0244129	0.236308	0.00676622	0.0444453	0.0102702	0.00348028	0.0843606	0.210414	0.0604898	0.0803856	0.0824587	0.000899025	0.00257393
20	0.0230187	0.00442877	0.0233171	0.0593576	0.00464579	0.215136	0.00595126	0.010119	0.0722652	0.0121812	0.00870879	0.118275	0.00206164	0.0295719	0.0172309	0.243558	0.137591	0.00894672	0.000901386	0.00273438
21	0.00101961	0.00375027	0.000372383	0.00204651	0.0230314	0.000415593	0.000534598	0.0458595	0.000547741	0.79104	0.103525	0.00058262	0.000366691	0.00207903	0.00141259	0.0015026	0.00664974	0.0131093	0.000115538	0.00203925
22	0.0690788	0.00805525	0.0100647	0.0675041	0.00871631	0.00859667	0.0147097	0.0175457	0.0127013	0.0646117	0.263391	0.0124611	0.00813902	0.15447	0.0122642	0.101138	0.0624904	0.0207152	0.00349962	0.0798479
23	0.0507065	0.000594513	0.276206	0.306862	0.00102813	0.07818	0.00447421	0.0030056	0.0439205	0.00443323	0.00328227	0.0918062	0.00205363	0.0617805	0.00832744	0.0327194	0.0197449	0.00783132	0.000170191	0.00287292
24	0.0119835	0.00425772	0.00109354	0.000439265	0.0109394	0.00212582	0.00142922	0.415322	0.0014466	0.156472	0.0261755	0.00135425	0.00161653	0.00132789	0.00358471	0.00380741	0.0161074	0.335053	0.000169423	0.00529443
25	0.0038244	0.00971505	0.00112586	0.000689021	0.0360204	0.00121021	0.00227022	0.188765	0.00138932	0.428702	0.13784	0.00162733	0.00552514	0.00207761	0.00479785	0.00307217	0.0229446	0.123349	0.000441257	0.0246133
26	0.0383299	0.00787527	0.00358542	0.021757	0.00317903	0.00144965	0.0053509	0.00111441	0.599343	0.0052289	0.00233942	0.0104043	0.000464268	0.02908	0.240139	0.0121653	0.012958	0.00436578	0.000231074	0.000639422
27	0.0322038	0.016942	0.00186852	0.00156156	0.00240434	0.0100472	0.00155196	0.00234237	0.00189679	0.00257604	0.00165437	0.00221396	0.0516702	0.00224876	0.00291904	0.397487	0.455069	0.00492143	0.00700692	0.00141476
28	0.0277689	0.00819443	0.0449288	0.0136114	0.00901037	0.036708	0.027666	0.00928912	0.0191891	0.0118194	0.00789303	0.327195	0.00222617	0.023526	0.0124395	0.200614	0.195824	0.015399	0.0025963	0.00410196
29	0.00672481	0.0110887	0.00273495	0.00174392	0.413215	0.00133425	0.00488497	0.0587531	0.00316236	0.246232	0.0569265	0.00240722	0.00408436	0.0047956	0.00399565	0.00775309	0.0089216	0.0518002	0.00754613	0.101896
30	0.0372175	0.0073119	0.0115946	0.00702834	0.00135872	0.851939	0.00156495	0.00238409	0.00586414	0.00266399	0.00145512	0.0338517	0.000554641	0.00336964	0.00281178	0.0128164	0.00547584	0.00507602	0.000420215	0.00524119
31	0.154774	0.00619502	0.00729247	0.015806	0.00669607	0.0218315	0.00886143	0.0163226	0.0300011	0.0195166	0.00555424	0.00953805	0.518871	0.0172966	0.0119355	0.0835888	0.0263298	0.0316546	0.00160974	0.00632521
32	0.0217612	0.00242501	0.0033079	0.00555061	0.00826004	0.00334701	0.0196565	0.00122669	0.510593	0.0097013	0.00909896	0.0295045	0.000430615	0.0272954	0.278488	0.0150443	0.0474138	0.00486414	0.000218989	0.00181234
33	0.042326	0.00780458	0.00967362	0.0109831	0.00102789	0.836165	0.00198789	0.00224079	0.00705502	0.00228053	0.00125572	0.0347796	0.0013806	0.00343519	0.00348603	0.0170891	0.00633412	0.00517999	0.00034344	0.00517174
34	0.13938	0.0352108	0.00595333	0.00534595	0.00460328	0.0232658	0.00406877	0.0109621	0.00433769	0.00606852	0.00643898	0.0138355	0.0143122	0.00954123	0.00548097	0.24439	0.434632	0.0280105	0.00238483	0.00177646
35	0.00376023	0.00945613	0.00214204	0.000824082	0.0363919	0.00112702	0.00262237	0.165673	0.00148946	0.455928	0.148869	0.00302503	0.00698085	0.00297151	0.00711106	0.00358153	0.0265376	0.0902422	0.000651315	0.0306159
36	0.0381874	0.00817775	0.0183954	0.0304077	0.00685892	0.0101204	0.0144645	0.00448986	0.499204	0.0122091	0.00958033	0.0270026	0.00634386	0.0410542	0.202668	0.0265442	0.0262368	0.0113249	0.00134644	0.00538289
37	0.00893246	0.00669942	0.00582741	0.00452375	0.0291841	0.00226916	0.00348551	0.0654492	0.00433865	0.701892	0.0946602	0.00574426	0.00159888	0.00621991	0.00396282	0.00833256	0.0119729	0.0277896	0.00125493	0.00586203
38	0.0254471	0.0126702	0.00135468	0.00139934	0.00713091	0.00448305	0.00147165	0.300139	0.00166854	0.0702986	0.0179461	0.00354051	0.00224688	0.00243562	0.00278848	0.00982204	0.0224908	0.50579	0.0009558	0.00592093
39	0.0528459	0.00763626	0.105853	0.0125452	0.00865222	0.1393	0.0100255	0.0112991	0.0159166	0.0135986	0.00849967	0.0347182	0.005968	0.0212676	0.0130645	0.4351	0.0791024	0.0155167	0.00223077	0.00686017
40	0.208208	0.0225399	0.0135274	0.0116556	0.0068353	0.127664	0.00790607	0.0134675	0.0130768	0.0167729	0.00744411	0.0197556	0.127241	0.0181581	0.0113365	0.252823	0.0882633	0.026446	0.00188202	0.00499637
41	0.468163	0.0237623	0.0031975	0.00254289	0.00056784	0.0600542	0.000669318	0.00594895	0.00111632	0.000982214	0.000700969	0.00137517	0.00257437	0.000999992	0.00150505	0.382607	0.0277594	0.0121474	0.00279033	0.000535732
42	0.0635624	0.015858	0.0343266	0.0322515	0.0107652	0.32169	0.0150254	0.0763308	0.0475468	0.0256744	0.0179401	0.0442484	0.0185639	0.0980607	0.0267825	0.0637471	0.0420334	0.0311862	0.00395222	0.0104538
43	0.0983719	0.00275754	0.235063	0.139499	0.00240543	0.098666	0.00558996	0.0123346	0.0355228	0.0225647	0.0220878	0.109998	0.00184133	0.0794275	0.0177368	0.0174953	0.0639973	0.0304366	0.00101003	0.00319425
44	0.00390844	0.00264012	0.00192123	0.00092563	0.0181158	0.000534771	0.00204991	0.442271	0.00242933	0.32963	0.0416645	0.000955804	0.00316152	0.00210279	0.00351725	0.00310231	0.0142263	0.118125	0.000192327	0.00852597
45	0.0253596	0.00364075	0.00746282	0.014991	0.00806961	0.00680326	0.0195708	0.00294554	0.476628	0.010844	0.00965364	0.0287135	0.0017792	0.0356872	0.263637	0.0229203	0.0476188	0.0103991	0.000342054	0.00293433
46	0.00329526	0.000431456	0.00183766	0.000334585	0.0166754	0.000334454	0.000907154	0.548819	0.00241711	0.234308	0.0263613	0.000512685	0.00296163	0.000495378	0.00328084	0.00232761	0.0146481	0.133041	0.000169565	0.00684174
47	0.152582	0.0352714	0.00886256	0.00824166	0.00669972	0.0278889	0.00445796	0.0176735	0.00616071	0.00902226	0.00874822	0.0162844	0.016141	0.0141209	0.00811972	0.220137	0.394416	0.0400222	0.00231848	0.00283104
48	0.0330484	0.00810773	0.0173199	0.0267712	0.00688533	0.013614	0.013783	0.00654098	0.485065	0.0157049	0.0101309	0.027589	0.00481001	0.0446854	0.21476	0.0258141	0.0271876	0.0132138	0.000425992	0.00454255
49	0.0317937	0.00669651	0.455553	0.185194	0.00295246	0.0245003	0.0109612	0.00978363	0.022934	0.0100392	0.00670168	0.117848	0.00217857	0.022438	0.0149597	0.0355048	0.0221015	0.0104794	0.000624352	0.0067561
50	0.0393153	0.00794503	0.00714687	0.00607634	0.00100381	0.854936	0.00133823	0.00235648	0.00645301	0.00197468	0.00132727	0.0362424	0.000595517	0.00313556	0.00232446	0.0120119	0.00534642	0.0047462	0.000374069	0.00535059
51	0.155567	0.0359894	0.009057	0.0130035	0.00437409	0.0303087	0.0165715	0.0300048	0.141709	0.0401914	0.00652336	0.183932	0.00209832	0.0469748	0.0968197	0.1003	0.0454209	0.0329348	0.00179012	0.00642913
52	0.0490902	0.0309852	0.00602932	0.0125217	0.00670464	0.00586436	0.00816858	0.134259	0.0226477	0.022826	0.0227374	0.0142306	0.00380834	0.014403	0.00414954	0.0622292	0.271816	0.301263	0.00110124	0.005165
53	0.00283002	0.00348946	0.00126163	0.00236983	0.0244352	0.000652831	0.00139169	0.06839	0.00161903	0.746036	0.0960077	0.00208253	0.00156035	0.00337903	0.00256503	0.00309643	0.00900216	0.025838	0.000596343	0.00339712
54	0.0471261	0.0656119	0.00703927	0.00716221	0.0266209	0.00704227	0.00835136	0.0969327	0.0110222	0.440256	0.0801823	0.0111782	0.00487598	0.0114245	0.012213	0.0281219	0.0329558	0.0868522	0.0019267	0.0131046
55	0.0214563	0.00553151	0.041867	0.0184881	0.00845477	0.036929	0.118769	0.00586559	0.150791	0.0105196	0.00616944	0.106355	0.00264468	0.0524825	0.155778	0.168153	0.071519	0.010327	0.00181857	0.00608009
56	0.039484	0.00101937	0.323279	0.406165	0.00186553	0.0226508	0.0145066	0.00304364	0.021982	0.00386677	0.00247805	0.0594471	0.00211889	0.0336359	0.0104617	0.0245194	0.019271	0.00620171	0.000325879	0.00367727
57	0.00823533	0.00800298	0.00137144	0.00165267	0.0272941	0.00134994	0.00189142	0.135455	0.0027398	0.553324	0.142614	0.00227448	0.00352756	0.00965126	0.00422807	0.00546054	0.0155893	0.0618877	0.000565599	0.0128838
58	0.111482	0.0070606	0.0221461	0.0672465	0.0108641	0.0127055	0.0523793	0.0128797	0.0441728	0.0200009	0.0687475	0.0201782	0.0462683	0.231505	0.0259908	0.0981648	0.098419	0.0348377	0.00238062	0.0125708
59	0.0168019	0.00931239	0.00578679	0.00466428	0.0870435	0.00348029	0.00348537	0.422382	0.00593715	0.176912	0.0395683	0.006627	0.00397977	0.00581108	0.00605611	0.0121557	0.0248226	0.140842	0.0019858	0.0223467
60	0.0489141	0.00961959	0.0372235	0.0430664	0.00978945	0.0330393	0.032673	0.0550419	0.178944	0.0268672	0.0161753	0.095896	0.00476555	0.123941	0.0569309	0.0736235	0.10073	0.0419223	0.00172381	0.0091135
61	0.0193102	0.00983615	0.0107008	0.0154055	0.0109301	0.00931597	0.422598	0.0138701	0.0114532	0.057855	0.00864321	0.148403	0.00736632	0.0212951	0.0188394	0.116999	0.0176808	0.0602124	0.00266544	0.0166208
62	0.185987	0.00408715	0.00854438	0.0166851	0.00781249	0.0181966	0.00470695	0.0156424	0.026145	0.017789	0.00448526	0.00705927	0.49831	0.0179471	0.00827595	0.0921084	0.02561	0.0339425	0.000881104	0.00578455
63	0.0456216	0.0214708	0.00722453	0.0117448	0.0138673	0.0076908	0.00663255	0.27764	0.0109696	0.103615	0.0343694	0.014038	0.00676375	0.0137005	0.00779349	0.0555991	0.192694	0.160772	0.00127118	0.00652165
64	0.458263	0.0422403	0.00616091	0.00769521	0.00341941	0.0525571	0.00456881	0.0116259	0.00709575	0.00753827	0.00586585	0.00907998	0.0158877	0.0102651	0.00642043	0.267417	0.0407066	0.0372198	0.0026989	0.00327398
65	0.233117	0.0548827	0.0082995	0.00518633	0.0031157	0.0127097	0.00543402	0.0899667	0.020149	0.0543462	0.039428	0.047217	0.00217497	0.00926687	0.00612571	0.164475	0.0927781	0.146301	0.00179358	0.00323373
66	0.0031576	0.0141845	0.000835006	0.00106501	0.0348884	0.00135362	0.00191274	0.151772	0.00117095	0.496133	0.1654	0.00152979	0.00368944	0.00219486	0.00431346	0.00310826	0.0191658	0.0727905	0.000419737	0.0209156
67	0.00590689	0.00313926	0.00278493	0.000601787	0.0189361	0.000887143	0.00188778	0.457694	0.00238734	0.289995	0.0441773	0.0015175	0.00348851	0.00215212	0.00420457	0.00408275	0.0167966	0.130169	0.000450873	0.00874013
68	0.347627	0.0382261	0.0107578	0.0118893	0.00584676	0.047719	0.00682776	0.0241142	0.00644286	0.00806534	0.00920031	0.0178838	0.0101323	0.0183094	0.00768838	0.234256	0.134797	0.0544183	0.00249134	0.00330633
69	0.0206339	0.00294842	0.00380807	0.00716669	0.0064302	0.00440686	0.0165399	0.00133705	0.449588	0.00809383	0.00643987	0.0235748	0.000462677	0.0261089	0.367094	0.0130249	0.034171	0.0053225	0.000181683	0.00266639
70	0.418864	0.0477546	0.00201578	0.00352587	0.00430614	0.0120397	0.00332696	0.0549914	0.0053086	0.009982	0.0117756	0.00695815	0.00383542	0.00773779	0.00258004	0.0993158	0.183327	0.118446	0.00251556	0.0013938
71	0.385262	0.0899226	0.00406308	0.00279951	0.00556401	0.0461888	0.00598003	0.0152394	0.00680917	0.00656853	0.00832424	0.00927378	0.00744244	0.00856155	0.00526915	0.229677	0.105882	0.0510855	0.00244644	0.00364197
72	0.063228	0.0318957	0.0026908	0.00441705	0.00490571	0.00744257	0.00316953	0.0254492	0.00502334	0.00535301	0.00660715	0.00665331	0.00468535	0.00588597	0.00571313	0.143912	0.613098	0.057755	0.000944666	0.00117093
73	0.322982	0.0232419	0.042009	0.0144132	0.006912	0.0620304	0.00999157	0.0104721	0.00986666	0.0095607	0.0058631	0.0229199	0.00927954	0.0234592	0.0121666	0.328673	0.0550209	0.0228316	0.00236374	0.00594236
74	0.0596999	0.00544817	0.0042614	0.00423054	0.00828381	0.00359849	0.00300843	0.132983	0.0121662	0.216954	0.300041	0.00548418	0.00330097	0.0971487	0.00446395	0.0267593	0.0249659	0.0785182	0.00139036	0.00729302
75	0.0128653	0.0121515	0.518547	0.0100443	0.00271249	0.0130508	0.00752461	0.00380265	0.029472	0.00612935	0.00329958	0.280085	0.00124969	0.00578677	0.0185499	0.044878	0.00859344	0.005355	0.000983896	0.0149181
76	0.0252196	0.000423208	0.374414	0.450248	0.00142545	0.00686601	0.0171728	0.00278447	0.0104953	0.00231212	0.00120392	0.0389243	0.00103814	0.0207209	0.00947882	0.016457	0.0130918	0.00372542	0.000116181	0.00388185
77	0.0669974	0.00773998	0.0152764	0.0396967	0.0168555	0.00857683	0.00665119	0.202469	0.00527057	0.0224735	0.0598965	0.0209817	0.00100011	0.0212898	0.00189886	0.0838951	0.188696	0.221837	0.000437045	0.00806145
78	0.0796716	0.151568	0.00204842	0.00228926	0.0125438	0.00656293	0.00231431	0.0587646	0.00324051	0.0289738	0.00519231	0.00816202	0.00495982	0.00282858	0.00457209	0.0669001	0.392546	0.164937	0.000624412	0.00130043
79	0.0303161	0.00680376	0.0077576	0.00604896	0.00102631	0.862408	0.00122819	0.00236024	0.00676569	0.00237713	0.00113081	0.0361259	0.00100561	0.00285378	0.00201111	0.0139063	0.00542834	0.00492504	0.000251825	0.00526908
80	0.0384257	0.00580615	0.43049	0.203006	0.00380142	0.0196296	0.0144473	0.011863	0.0241919	0.0131934	0.00861681	0.107134	0.00228885	0.0218368	0.0142529	0.0384913	0.0234035	0.0109769	0.00140942	0.00673542
81	0.0363693	0.00900057	0.00952369	0.00592209	0.00110174	0.854976	0.0014622	0.00260227	0.00718881	0.00186256	0.00137652	0.0336077	0.000661544	0.00303678	0.00207984	0.0133897	0.0048577	0.00545898	0.0003158	0.00520618
82	0.0647474	0.0394899	0.0018665	0.00184038	0.00354385	0.00963422	0.00150041	0.00525813	0.00173859	0.0041055	0.00268302	0.00366488	0.0165713	0.0022165	0.00545618	0.229896	0.582849	0.0194642	0.00247056	0.00100381
83	0.0610042	0.0476168	0.00367691	0.00244794	0.00427906	0.0115588	0.00280058	0.00680457	0.00274297	0.00615389	0.00440373	0.00625759	0.0159737	0.00449372	0.0056817	0.226498	0.560344	0.0225288	0.00250384	0.00222879
84	0.0341518	0.0180362	0.00585399	0.00238463	0.00301159	0.0152528	0.00246337	0.00347357	0.0025478	0.00349024	0.00249463	0.00985135	0.0430015	0.00306914	0.00360183	0.389236	0.442834	0.0081021	0.00574497	0.00139835
85	0.111852	0.0315983	0.0124044	0.0175071	0.00821811	0.013871	0.00545415	0.11293	0.00961052	0.0332432	0.0546142	0.0487591	0.00143576	0.0141309	0.00359382	0.121501	0.205089	0.188749	0.00071925	0.00471881
86	0.0515309	0.217419	0.00201466	0.00213878	0.00662092	0.0062681	0.00262004	0.128187	0.00374832	0.05713	0.00922796	0.0128107	0.00937934	0.00352905	0.00340517	0.0205019	0.0969451	0.363051	0.00101013	0.0024621
87	0.0116877	0.0233758	0.00110145	0.00126611	0.0337266	0.00383629	0.00226138	0.176649	0.00138484	0.433427	0.170785	0.00297317	0.00321237	0.00240136	0.00422582	0.00766303	0.019766	0.0803701	0.00168155	0.0182048
88	0.00206117	0.00684757	0.00133938	0.000698376	0.036584	0.000763466	0.00205227	0.20154	0.00159608	0.443697	0.122288	0.00128534	0.00603986	0.00179703	0.00448816	0.00254282	0.022871	0.114368	0.000344038	0.0267963
89	0.0573523	0.223143	0.00217046	0.00217888	0.00579264	0.00571676	0.00232323	0.127617	0.00368571	0.0473979	0.00616352	0.0135228	0.00893485	0.00295554	0.00287973	0.021432	0.133508	0.331025	0.00062101	0.00157966
90	0.298928	0.0485327	0.00285638	0.00214966	0.00358962	0.402954	0.00290888	0.00513753	0.00309539	0.00353571	0.00310538	0.00835926	0.0107845	0.00478127	0.00342967	0.132174	0.0397699	0.0174725	0.00105543	0.00537971
91	0.121327	0.00709612	0.142458	0.293785	0.0060882	0.0258383	0.0228042	0.0144958	0.037132	0.0139721	0.0103596	0.0536114	0.0117551	0.0546794	0.0203151	0.0866145	0.0434223	0.0263688	0.00138986	0.00648726
92	0.0033187	0.00678608	0.000871619	0.00148416	0.0271512	0.00066976	0.00135901	0.10098	0.00132019	0.634904	0.136612	0.000981256	0.00215059	0.00425635	0.00317415	0.00265419	0.0145608	0.0444124	0.000260876	0.0120927
93	0.000868361	0.00288395	0.000365794	0.00214823	0.022788	0.000381026	0.000412922	0.0367685	0.000494687	0.812843	0.0995123	0.000542748	0.000186721	0.00221026	0.0012121	0.00142428	0.00562324	0.00850596	0.000115083	0.000712597
94	0.0179737	0.00156031	0.00286699	0.00311245	0.00736627	0.0240891	0.0401207	0.00368695	0.181489	0.00468631	0.00516047	0.0323393	0.00177852	0.0316725	0.574194	0.0272865	0.0203322	0.00391404	0.000465554	0.015905
95	0.0411301	0.0090529	0.0606823	0.0248041	0.0195463	0.00828738	0.072645	0.0415596	0.0581821	0.165576	0.078367	0.0286272	0.00732682	0.156368	0.048366	0.0577561	0.0226405	0.0755309	0.00429526	0.0192563
96	0.502647	0.0569244	0.00330211	0.002589	0.00182987	0.0574797	0.0024701	0.00501391	0.00249421	0.00151231	0.0023968	0.00259903	0.00302393	0.00377894	0.00270703	0.299739	0.0254291	0.0195317	0.00252843	0.00200374
97	0.0502557	0.000655905	0.277993	0.455207	0.00382276	0.012864	0.0209367	0.00230913	0.0209302	0.00374159	0.00220365	0.0467633	0.00247976	0.0331331	0.0124249	0.0275159	0.0151055	0.00430834	0.00024544	0.0071037
98	0.018103	0.0073208	0.00727356	0.0090898	0.0083915	0.0056598	0.0337643	0.119869	0.0328208	0.185566	0.0376764	0.0989644	0.0322759	0.014475	0.188396	0.0431875	0.0425882	0.102982	0.00246379	0.00913149
99	0.00486246	0.0233912	0.00378665	0.0014028	0.261659	0.0014178	0.109373	0.00867473	0.00977485	0.147583	0.00169194	0.00526157	0.00937433	0.0103392	0.0044704	0.00844069	0.00282556	0.0116925	0.0133281	0.36065
100	0.00656157	0.00268386	0.00151673	0.000349931	0.0166572	0.000809504	0.00126415	0.507571	0.00208925	0.220284	0.0311224	0.000896632	0.00244654	0.00107311	0.00417424	0.00253995	0.0220123	0.170097	9.84877e-05	0.00575181
101	0.176701	0.00484304	0.036011	0.0254428	0.0203046	0.0706135	0.0180797	0.00662752	0.00447852	0.0114937	0.00252463	0.0662347	0.00133997	0.100275	0.0282642	0.264389	0.123899	0.0223163	0.00151744	0.0146445
102	0.0239553	0.000504589	0.380387	0.445578	0.00131142	0.00827837	0.0162779	0.00299134	0.0101905	0.00238056	0.00127991	0.0398588	0.000956442	0.0206475	0.00929834	0.015777	0.0125098	0.00378956	0.0001399	0.00388832
103	0.0110983	0.00369036	0.0591646	0.0183573	0.00152028	0.747373	0.00317458	0.00323561	0.0157458	0.00326737	0.00156543	0.0793141	0.000903201	0.00871579	0.00639071	0.0174319	0.0078019	0.00570292	0.000476982	0.00506994
104	0.0201362	0.0142505	0.000552083	0.00062566	0.0111922	0.00387163	0.00403717	0.321998	0.000780809	0.157505	0.0593578	0.00221	0.000517723	0.00516042	0.00912007	0.00448233	0.0320684	0.349923	0.000191742	0.00201964
105	0.0622178	0.0153305	0.0193069	0.029374	0.0304629	0.0222068	0.20612	0.040405	0.0369518	0.0470067	0.0193899	0.0450763	0.168928	0.0392569	0.0333615	0.0644351	0.0319483	0.0445821	0.00465111	0.0389889
106	0.079121	0.015504	0.0144821	0.0191254	0.0177571	0.0214512	0.116802	0.110044	0.0251734	0.0528137	0.0210901	0.0264821	0.246892	0.0309057	0.0229288	0.0592752	0.0335333	0.0618782	0.00491022	0.0198304
107	0.0663282	0.0135652	0.0188408	0.0279773	0.00933766	0.0199668	0.0244961	0.0211167	0.0970069	0.0267308	0.0150469	0.0340507	0.1571	0.0374241	0.229382	0.116969	0.0370572	0.0304	0.00281576	0.0143875
108	0.0201643	0.0142691	0.000551663	0.000596355	0.0110144	0.0039198	0.00407314	0.324352	0.000769889	0.155342	0.0591541	0.00210813	0.000444106	0.00524611	0.00929528	0.00426286	0.0315622	0.350888	0.000195761	0.00179071
109	0.00364923	0.000726842	0.00182496	0.000331233	0.0167249	0.000341125	0.00107124	0.538014	0.00239606	0.241383	0.0268397	0.000506582	0.00302452	0.000719755	0.00339178	0.00236639	0.0148123	0.134737	9.74694e-05	0.00704164
110	0.434365	0.0779269	0.00130068	0.00124519	0.00682945	0.0202382	0.00243307	0.0291495	0.00252481	0.00576214	0.0105701	0.00347431	0.00464343	0.00432921	0.00207659	0.102403	0.161996	0.124618	0.00287054	0.0012448
111	0.0236537	0.000451828	0.37637	0.455186	0.00138409	0.0060279	0.016978	0.0030173	0.0093849	0.00221691	0.001152	0.0373925	0.000972282	0.0199047	0.00969873	0.0159746	0.0123787	0.00381918	0.000125074	0.00391137
112	0.0999498	0.0141654	0.0138736	0.0130119	0.00261684	0.581429	0.00540562	0.00508907	0.0150224	0.00775731	0.00378321	0.0485539	0.00458598	0.0109622	0.00894061	0.114342	0.0344417	0.0102124	0.000657126	0.00519989
113	0.00477993	0.013812	0.00148635	0.00112589	0.677433	0.00108436	0.0017501	0.0286584	0.00143395	0.0746673	0.0217578	0.00152635	0.00287851	0.00191206	0.00222668	0.00408576	0.00190721	0.0361361	0.00257238	0.118766
114	0.0235472	0.000464991	0.376708	0.455363	0.0013801	0.0058738	0.0171006	0.00303294	0.00925096	0.00219989	0.00111841	0.0373907	0.000962901	0.019818	0.00967465	0.0158343	0.0124261	0.00382144	0.000124295	0.00390741
115	0.0460966	0.0128281	0.00286119	0.034407	0.00215627	0.00591274	0.02537	0.168099	0.047314	0.300852	0.0211795	0.0102054	0.00192561	0.0341098	0.0220537	0.0254777	0.0328919	0.178127	0.0097025	0.0184301
116	0.440459	0.0733167	0.00401756	0.00333195	0.00331943	0.1895	0.00490075	0.010249	0.00722871	0.00637257	0.00561888	0.00832717	0.00818796	0.00815072	0.00692241	0.14073	0.032537	0.0398247	0.00198522	0.00502077
117	0.0233357	0.0031301	0.00586481	0.00853544	0.00608347	0.00536841	0.0156155	0.00121982	0.487468	0.0110305	0.0056389	0.0253183	0.00035311	0.0356736	0.311227	0.0122186	0.0337172	0.00591577	0.000227078	0.0020591
118	0.100953	0.00185742	0.14707	0.0930471	0.00748622	0.0252039	0.0247735	0.0276756	0.107018	0.0131767	0.0143367	0.13977	0.000851477	0.0457004	0.0366255	0.0385236	0.116492	0.052718	0.000553055	0.00616742
119	0.0534558	0.00481413	0.0224209	0.00170981	0.0474739	0.00817974	0.00245189	0.14223	0.00884993	0.270502	0.0728437	0.0341967	0.0490004	0.0197053	0.027069	0.0257442	0.0734912	0.0903425	0.00870971	0.0368096
120	0.00736214	0.0102249	0.0012752	0.00236304	0.0225154	0.00154792	0.0019121	0.177047	0.00367351	0.569151	0.0884186	0.00210878	0.00247219	0.00364162	0.00366628	0.00535879	0.016111	0.0728857	0.000646631	0.00761839
121	0.0250751	0.0187858	0.00314682	0.0347944	0.00173582	0.00901433	0.0331032	0.113686	0.0348169	0.33847	0.0215964	0.0180535	0.00160581	0.0381872	0.044972	0.0333474	0.0315232	0.174684	0.00424965	0.0191524
122	0.0469093	0.0592171	0.0451281	0.039358	0.00222375	0.00386796	0.067983	0.00366751	0.0347629	0.00457136	0.0131309	0.22685	0.00122375	0.125826	0.0470874	0.235928	0.0194432	0.0152607	0.00555872	0.00200157
123	0.0189754	0.00475358	0.000516737	0.00055636	0.00478921	0.00302494	0.000954913	0.365695	0.000744647	0.0555102	0.0157497	0.00188522	0.00043948	0.00120789	0.00188233	0.00493793	0.0110714	0.502144	0.000530943	0.00462962
124	0.543672	0.089152	0.00251479	0.0018202	0.00225033	0.0358975	0.0038458	0.0128922	0.00296031	0.00303431	0.00598145	0.00272605	0.00674317	0.0070675	0.003308	0.163458	0.0319921	0.0756259	0.00281399	0.00224453
125	0.0228037	0.00260878	0.00422689	0.00685932	0.0131605	0.0313856	0.0566324	0.00419972	0.202537	0.0118867	0.00367375	0.0348408	0.000895824	0.0508274	0.460315	0.0445476	0.0292045	0.00394353	0.000635687	0.0148151
126	0.045039	0.0431819	0.00153253	0.00160248	0.00394112	0.00660665	0.00134482	0.00401235	0.00180561	0.00370779	0.0015813	0.00235249	0.0185389	0.00183871	0.00560451	0.233058	0.604417	0.0159648	0.00274489	0.00112583
127	0.476352	0.031705	0.00273552	0.00220251	0.00100408	0.0525626	0.00113032	0.00980176	0.00131437	0.00131443	0.00190578	0.00174527	0.00292028	0.0019028	0.00159795	0.344511	0.035905	0.0256782	0.00294085	0.000770873
128	0.00526301	0.00174715	0.00184347	0.000718859	0.0166892	0.000634888	0.00158471	0.510047	0.00269592	0.248334	0.0317449	0.000801035	0.00302384	0.00148296	0.0035891	0.00306591	0.015994	0.142654	0.000273196	0.00781252
129	0.202034	0.0318478	0.00788911	0.0162671	0.00457192	0.0492397	0.0234088	0.0183397	0.153036	0.038271	0.00676623	0.0819233	0.00285403	0.0432316	0.122002	0.0997792	0.0416273	0.0493177	0.000870745	0.00672226
130	0.0565986	0.026978	0.0105369	0.00762131	0.00463778	0.0166202	0.00457198	0.0140402	0.00857419	0.00628564	0.00716487	0.0248567	0.0155456	0.00955456	0.00670009	0.234059	0.511624	0.0293671	0.00253018	0.00213265
131	0.0378649	0.00789919	0.0165861	0.0318043	0.00606529	0.00834635	0.0144233	0.00608102	0.491735	0.0191603	0.0086381	0.0253167	0.00698055	0.040767	0.203479	0.0260707	0.0291981	0.0141806	0.00158982	0.0038142
132	0.00844395	0.00977934	0.00102832	0.000897695	0.029625	0.00173852	0.00273237	0.232873	0.00125596	0.353559	0.103934	0.00193625	0.00430973	0.00289087	0.00584252	0.00389714	0.030035	0.186447	0.000336605	0.0184378
133	0.552081	0.0624401	0.00169625	0.00172158	0.00254655	0.0126673	0.00368862	0.0322416	0.0041247	0.0120708	0.0116894	0.00437547	0.00759964	0.007388	0.00274937	0.0799352	0.0633432	0.132519	0.00378647	0.00133546
134	0.0723293	0.00134258	0.269623	0.238447	0.00195833	0.0506204	0.00989254	0.00682283	0.0434278	0.00792227	0.00690104	0.113914	0.00446764	0.0535882	0.0155749	0.0296939	0.0484081	0.0225348	0.000316644	0.00221426
135	0.0294173	0.00366587	0.00717364	0.00669031	0.00598026	0.0045453	0.108686	0.0841142	0.186357	0.069271	0.0282939	0.0516036	0.00219252	0.196125	0.0506659	0.0515552	0.0124701	0.0928921	0.00212853	0.00617207
136	0.00180392	0.00743464	0.000521661	0.00156253	0.028709	0.000715982	0.00105007	0.0917121	0.000788602	0.666941	0.134504	0.000947641	0.00195237	0.00215266	0.00271595	0.00203264	0.0109951	0.0341017	0.000231847	0.00912635
137	0.446046	0.0301078	0.00295722	0.00242026	0.00201976	0.0561169	0.0011022	0.0108613	0.00140641	0.0016665	0.00246544	0.00257646	0.00423552	0.00182568	0.00168611	0.33823	0.0636193	0.0273733	0.00261588	0.000667357
138	0.061711	0.000812742	0.274123	0.378857	0.00208838	0.0187536	0.0165281	0.00207546	0.0275305	0.00405999	0.00257787	0.0677648	0.00862781	0.0446013	0.0144114	0.0377438	0.0259447	0.00835353	0.000241492	0.00319293
139	0.00323218	0.000422781	0.00184591	0.000316492	0.0169718	0.000326064	0.000906197	0.543407	0.00243303	0.239525	0.0266249	0.000500181	0.00302579	0.000497903	0.00336173	0.00235727	0.014993	0.132169	9.63671e-05	0.00698674
140	0.0177004	0.0112792	0.507267	0.0386602	0.00268792	0.0161055	0.00906935	0.00457228	0.0271679	0.00670316	0.00416942	0.24859	0.00155657	0.00866744	0.017947	0.0444399	0.0166505	0.00620895	0.000868628	0.00968865
141	0.00384542	0.00411538	0.00132285	0.00207185	0.0234204	0.000920988	0.0015736	0.0666102	0.00185745	0.736314	0.102515	0.00206289	0.00174833	0.00431329	0.00327938	0.00335145	0.00915843	0.0269815	0.000303054	0.00423505
142	0.0164322	0.00464008	0.00351218	0.00281967	0.11334	0.00285873	0.477594	0.00428592	0.00480796	0.0717915	0.00280374	0.0491257	0.00288702	0.0202327	0.00327689	0.00832779	0.00494539	0.00583627	0.00273821	0.197744
143	0.0283256	0.00860654	0.0125003	0.0259104	0.00834522	0.0148145	0.0271384	0.0168421	0.163962	0.0244258	0.0898677	0.0352367	0.0089589	0.101023	0.327544	0.0329876	0.0286625	0.0330261	0.00224891	0.00957452
144	0.0182096	0.00334962	0.000499542	0.000451569	0.00236408	0.0039651	0.000481902	0.271019	0.000613253	0.0376545	0.00448474	0.00207915	0.00032999	0.000590152	0.000541929	0.00636943	0.0074575	0.633286	0.000383592	0.00586934
145	0.0493789	0.00336534	0.261734	0.407855	0.00462472	0.018361	0.0216214	0.00718235	0.0294655	0.0089588	0.00552067	0.0440835	0.00591472	0.0379671	0.0168135	0.0291319	0.0237783	0.0136046	0.0013831	0.00925561
146	0.00328266	0.000514269	0.00184552	0.000321956	0.0169101	0.000337727	0.000912353	0.542799	0.00243687	0.239317	0.0267592	0.000529603	0.00300868	0.000498185	0.00338153	0.0023595	0.0150543	0.132674	9.71143e-05	0.00696012
147	0.0687108	0.00393059	0.00322849	0.00399228	0.00430963	0.00306935	0.00325504	0.119978	0.0138862	0.211873	0.323228	0.00416856	0.0018775	0.104564	0.00359805	0.0292441	0.0163852	0.0751707	0.00104463	0.00448598
148	0.0241403	0.00469812	0.0858357	0.0598445	0.00668271	0.00859702	0.0505199	0.0108408	0.0876945	0.0306059	0.0102784	0.0192381	0.00371201	0.170802	0.0156178	0.134899	0.256434	0.0135098	0.00168365	0.00436679
149	0.0578571	0.00724571	0.00397432	0.0041415	0.00872161	0.00437445	0.00423623	0.151789	0.0126347	0.217521	0.280652	0.00594307	0.003515	0.0865948	0.00511097	0.0276292	0.0207767	0.0891101	0.00138681	0.00678621
150	0.0214567	0.00177606	0.00344409	0.0321492	0.00165763	0.00536372	0.0272667	0.00328787	0.23325	0.019542	0.0788289	0.0305568	0.00961716	0.262759	0.219586	0.0123372	0.00669583	0.0287122	0.000561434	0.00115128
151	0.0330927	0.0160854	0.0247948	0.0432712	0.00796124	0.0231569	0.16725	0.00727527	0.0688192	0.0129259	0.0100986	0.151502	0.00270213	0.0506251	0.156575	0.165841	0.0326595	0.0159111	0.00313938	0.00631326
152	0.0166266	0.0144567	0.0211017	0.0410529	0.0132243	0.0527264	0.0392222	0.00290325	0.284642	0.054817	0.010465	0.0376344	0.00188209	0.110153	0.247418	0.0172765	0.0155794	0.00716932	0.00113092	0.0105177
153	0.0587733	0.00524274	0.027855	0.00536524	0.0468833	0.0106954	0.00413927	0.011477	0.00572778	0.119866	0.0715704	0.0526415	0.00251875	0.00688665	0.0274595	0.310727	0.217228	0.00974425	0.00129659	0.00390237
154	0.095591	0.028773	0.0270753	0.0166071	0.0054406	0.0395252	0.00645536	0.0544232	0.0164851	0.020618	0.0577823	0.0321622	0.00360792	0.0302184	0.0085367	0.202777	0.256094	0.094531	0.000357071	0.00293979
155	0.0280841	0.000394615	0.365635	0.443508	0.00151807	0.00780301	0.0184219	0.00273031	0.0116371	0.00228374	0.00123509	0.0426981	0.00141598	0.0229442	0.00969739	0.0188286	0.0134242	0.00385071	0.000116201	0.00377367
156	0.0382413	0.0349853	0.00197571	0.00159881	0.00319216	0.00769569	0.00149066	0.00322737	0.00202781	0.00326876	0.0016226	0.00341613	0.0257483	0.00201388	0.00501309	0.278206	0.570631	0.0107246	0.0037166	0.00120431
157	0.04612	0.0133437	0.00499455	0.055774	0.00312161	0.00918259	0.0168213	0.0216883	0.178225	0.00484418	0.0279515	0.00546923	0.00185203	0.106652	0.180988	0.116311	0.127739	0.0762397	0.000895045	0.00178726
158	0.00502725	0.0139963	0.00200367	0.00125368	0.628332	0.00113647	0.0118202	0.0258298	0.00328007	0.0856657	0.0195212	0.00191183	0.00354324	0.00306658	0.00272797	0.00537289	0.0020995	0.0329982	0.0042634	0.14615
159	0.0116107	0.00166129	0.000630156	0.000644505	0.00245831	0.00202973	0.000580371	0.425782	0.000843913	0.0303602	0.00492843	0.00159248	0.000425458	0.000729611	0.000727032	0.00381895	0.00471053	0.502028	0.00148181	0.00295663
160	0.02296	0.00470318	0.0127622	0.0176009	0.00344053	0.0110421	0.0105177	0.00121692	0.484808	0.0155017	0.00561218	0.0269314	0.000408802	0.0534375	0.294237	0.00891063	0.0186278	0.00587051	0.00021039	0.00119988
161	0.0374638	0.00812208	0.0103474	0.00669493	0.00107304	0.845393	0.00171558	0.00342551	0.00768415	0.00279118	0.0015518	0.0353939	0.00121794	0.00470914	0.00318623	0.0122797	0.00543056	0.00581321	0.000315638	0.00539108
162	0.000900285	0.00287143	0.000368111	0.00212927	0.0226093	0.000385782	0.000425682	0.037649	0.000507364	0.812986	0.0985269	0.000537353	0.000188888	0.00220583	0.00126378	0.00142544	0.00562483	0.00850837	0.000114823	0.000772018
163	0.0539507	0.0224041	0.00287769	0.00295164	0.00806119	0.00550834	0.00318446	0.245747	0.00457127	0.0997815	0.0267434	0.00581105	0.00620008	0.00555331	0.00513208	0.0167276	0.0301143	0.44638	0.00115679	0.00714403
164	0.000868361	0.00288395	0.000365794	0.00214823	0.022788	0.000381026	0.000412922	0.0367685	0.000494687	0.812843	0.0995123	0.000542748	0.000186721	0.00221026	0.0012121	0.00142428	0.00562324	0.00850596	0.000115083	0.000712597
165	0.0310197	0.00446855	0.414685	0.236923	0.00351299	0.0303318	0.0130241	0.00846082	0.0288044	0.00876019	0.00636257	0.0993092	0.00226845	0.0249682	0.0153168	0.0338424	0.0229824	0.00829966	0.000470802	0.00618986
166	0.0288447	0.00900807	0.020533	0.0250755	0.0298558	0.0135494	0.369943	0.0111093	0.0262084	0.0391901	0.00934621	0.151119	0.00535248	0.0363609	0.0327614	0.0722394	0.0250541	0.02826	0.00445235	0.0617366
167	0.0453345	0.00929556	0.0103992	0.00722289	0.00124401	0.83677	0.00184486	0.00346182	0.00780343	0.0029854	0.00153046	0.0295864	0.000840583	0.00491346	0.00425598	0.0145704	0.00656371	0.00546081	0.000330985	0.00558604
168	0.367228	0.0359648	0.00398867	0.00415859	0.00649228	0.136944	0.00302393	0.00588879	0.00295113	0.00621343	0.00237439	0.0068051	0.0461312	0.00468813	0.00385425	0.264124	0.0693591	0.0266951	0.00120332	0.00191136
169	0.0169911	0.00616878	0.0119876	0.0148375	0.00631378	0.0150077	0.0329976	0.00611237	0.131164	0.0100461	0.00863224	0.0313097	0.00333222	0.0311822	0.608839	0.0241154	0.0167481	0.00925603	0.000992417	0.0139662
170	0.0498923	0.0159031	0.0261188	0.0431669	0.0189904	0.0115274	0.253075	0.0134833	0.0422014	0.0302985	0.0117379	0.145482	0.00649533	0.0974812	0.041845	0.0935747	0.0310802	0.0278864	0.00327295	0.0364876
171	0.189395	0.00721484	0.0292601	0.0132825	0.00561225	0.0199391	0.00699268	0.0119427	0.0287472	0.0183866	0.00657309	0.00925063	0.437146	0.0203431	0.011341	0.116644	0.0214767	0.0230962	0.00137415	0.0219816
172	0.0546941	0.00695418	0.364989	0.0940028	0.00227041	0.072214	0.00644528	0.00836027	0.0349721	0.00997869	0.00765604	0.200339	0.0013794	0.0273504	0.0292822	0.026695	0.0315159	0.015403	0.000896497	0.00460171
173	0.020021	0.0101406	0.0032322	0.0041124	0.0251007	0.00361832	0.00347412	0.116907	0.00515125	0.512285	0.156803	0.00485672	0.00328179	0.0180043	0.00589906	0.0123034	0.0184187	0.0649753	0.00113375	0.0102816
174	0.123553	0.00236216	0.0061284	0.0115768	0.00357289	0.00964896	0.00526116	0.00733257	0.0531581	0.0111126	0.00406179	0.00645171	0.628182	0.0116797	0.0179616	0.0544243	0.0234473	0.0140353	0.000797535	0.00525231
175	0.0217012	0.00244961	0.00348236	0.00568522	0.00821693	0.00341243	0.0196232	0.00121831	0.511441	0.00978263	0.00910282	0.0297256	0.00042548	0.0273523	0.277115	0.0149612	0.0474351	0.00482288	0.000222347	0.00182443
176	0.0197706	0.00457756	0.0430888	0.0252515	0.0541556	0.00620371	0.090148	0.00648817	0.153581	0.052498	0.0347556	0.0342394	0.00144199	0.111558	0.12834	0.0835566	0.0231283	0.0472611	0.0135975	0.0663592
177	0.0422579	0.00873098	0.00497727	0.00756273	0.00275674	0.00387491	0.01209	0.0612714	0.00917486	0.387043	0.0223948	0.0075953	0.00155415	0.0118228	0.0229972	0.0573542	0.0115323	0.317524	0.00147998	0.00600534
178	0.013698	0.00396282	0.0809162	0.158244	0.00457033	0.00728917	0.00729814	0.00805227	0.224889	0.0324059	0.00632088	0.0353047	0.00233228	0.0122487	0.119174	0.067017	0.200149	0.0110393	0.00137952	0.0037098
179	0.0113611	0.0104248	0.437181	0.0106505	0.0029417	0.0155169	0.0061033	0.00548408	0.074869	0.00652528	0.00348979	0.319964	0.00164527	0.00637314	0.0139203	0.0483636	0.00887413	0.00658994	0.000746372	0.00897656
180	0.482872	0.188791	0.00282921	0.00256979	0.00242371	0.0160238	0.00471314	0.0200975	0.00345963	0.00719259	0.00684177	0.00415951	0.0157819	0.00879741	0.00366409	0.0782926	0.0252436	0.121046	0.00320528	0.00199522
181	0.00320121	0.0154632	0.0020478	0.00159547	0.325003	0.00141654	0.0729917	0.00540688	0.0108264	0.0455004	0.00257954	0.00271276	0.00434706	0.00422631	0.0122947	0.0172329	0.00225767	0.0129297	0.0113499	0.446617
182	0.0122564	0.00145593	0.000535173	0.000716103	0.00390031	0.00145277	0.000660973	0.623999	0.000756753	0.0188018	0.00984064	0.00117844	0.000391647	0.000778155	0.000821694	0.00279202	0.00285851	0.312867	0.00187786	0.00205867
183	0.000873184	0.00287036	0.000371513	0.00213931	0.0229048	0.000371565	0.000410131	0.0371477	0.00050931	0.811451	0.0997991	0.000550185	0.000268281	0.00220206	0.00123439	0.00142389	0.00570913	0.00887173	0.00011516	0.0007773
184	0.0833278	0.0129591	0.00826249	0.0157652	0.00775997	0.00738483	0.00592712	0.186554	0.0102238	0.0191094	0.033833	0.029346	0.00567342	0.0161242	0.0031207	0.114972	0.26457	0.170554	0.000698431	0.00383436
185	0.196132	0.0884241	0.0352503	0.00644312	0.00951268	0.00983601	0.00928746	0.0709692	0.0098164	0.267828	0.0508552	0.0167214	0.00584256	0.00968244	0.0100774	0.0904654	0.0582067	0.0456153	0.00287711	0.00615676
186	0.0379543	0.0178707	0.107005	0.0419331	0.0101659	0.0413952	0.0328627	0.0165772	0.0405298	0.0213484	0.0104616	0.341953	0.00429868	0.0343878	0.0286531	0.103152	0.078611	0.0229536	0.00204882	0.00583871
187	0.0229713	0.0119376	0.000631243	0.00135671	0.00771914	0.00905342	0.00187484	0.238287	0.00201463	0.0714623	0.0260913	0.00347455	0.000379763	0.00276248	0.00327688	0.00948067	0.0143218	0.56169	0.000542477	0.010672
188	0.146253	0.0154735	0.0720405	0.0346286	0.0111916	0.0492276	0.0137426	0.0167106	0.0221922	0.0164111	0.0163749	0.0515861	0.00822539	0.0388827	0.0144861	0.27972	0.155278	0.0295309	0.00173476	0.00631005
189	0.000868361	0.00288395	0.000365794	0.00214823	0.022788	0.000381026	0.000412922	0.0367685	0.000494687	0.812843	0.0995123	0.000542748	0.000186721	0.00221026	0.0012121	0.00142428	0.00562324	0.00850596	0.000115083	0.000712597
190	0.062493	0.00528644	0.192492	0.338186	0.00525048	0.0293721	0.0206864	0.00932333	0.0418133	0.0152506	0.00840478	0.0580411	0.00625665	0.0446999	0.0246364	0.0764649	0.036531	0.0164738	0.00118671	0.00715113
