268	20
1	0.0896677	0.0081491	0.00668563	0.0135225	0.0150824	0.012935	0.00419379	0.230597	0.0035329	0.197518	0.0445209	0.0183578	0.00437333	0.0221557	0.00722282	0.0586367	0.0311842	0.211105	0.000807333	0.0197528
2	0.00511178	0.00317831	0.000848028	0.00236203	0.0494026	0.000847502	0.000618056	0.119517	0.00576366	0.58577	0.0938202	0.00573968	0.00145299	0.0102393	0.00683437	0.00600419	0.00893527	0.0672631	0.00481586	0.021476
3	0.0791161	0.0014952	0.125397	0.255612	0.00436001	0.0264253	0.0166057	0.0145802	0.0593402	0.0192218	0.0243649	0.0649727	0.0126711	0.107624	0.046671	0.064566	0.0435853	0.0238731	0.00235466	0.00716385
4	0.0724203	0.00182308	0.110922	0.259811	0.00582518	0.0173541	0.0256266	0.0132875	0.0625842	0.0273193	0.01851	0.0472721	0.00946968	0.139906	0.054364	0.059799	0.0395593	0.0189841	0.00615221	0.00901019
5	0.00900007	0.00741756	0.00223792	0.00447493	0.0785627	0.00516099	0.0110144	0.103786	0.00658427	0.464966	0.117147	0.0103717	0.00392153	0.0241936	0.00891562	0.0169924	0.0212131	0.0626736	0.00686935	0.0344979
6	0.0806051	0.00189567	0.122202	0.26641	0.00445366	0.0259878	0.0164569	0.0143757	0.0592514	0.0208566	0.0261156	0.0634194	0.0141904	0.102028	0.0455084	0.0611065	0.0415861	0.0237748	0.00238145	0.0073952
7	0.0608839	0.00639972	0.00507029	0.036526	0.0260247	0.00537303	0.0257338	0.138199	0.159216	0.104103	0.0423727	0.0194088	0.00197597	0.066492	0.16537	0.0248796	0.0173763	0.0673845	0.000660346	0.0265505
8	0.0322935	0.00301922	0.0136775	0.0201097	0.00073964	0.00669163	0.00866576	0.0122534	0.289603	0.0110607	0.0163362	0.0125009	0.00173126	0.0541533	0.458395	0.0317789	0.00879725	0.0119598	0.00470133	0.00153175
9	0.033157	0.00280552	0.0131133	0.0168999	0.000720237	0.00900421	0.00727516	0.0117519	0.30872	0.00848077	0.0174657	0.0191906	0.00410818	0.0482772	0.434027	0.0313969	0.0130148	0.0125676	0.00612293	0.00190142
10	0.0308883	0.00320739	0.0128024	0.0205759	0.000768393	0.00494039	0.0100412	0.0134632	0.269042	0.0128547	0.0152015	0.00952341	0.00160668	0.0513821	0.48584	0.0323923	0.00678028	0.0124963	0.0046313	0.00156214
11	0.131707	0.0113837	0.0107995	0.0392742	0.0111335	0.0321093	0.00738199	0.159298	0.0141807	0.0989558	0.0308832	0.0302609	0.00772755	0.0560246	0.0229607	0.103699	0.0399344	0.158012	0.00125603	0.0330178
12	0.143785	0.0213259	0.0487768	0.0348217	0.042528	0.056778	0.0213588	0.00945955	0.0855296	0.016314	0.0166943	0.0306438	0.012199	0.0400427	0.134911	0.175422	0.0521757	0.0216286	0.00170661	0.0338988
13	0.116801	0.0139395	0.00619557	0.0286214	0.00943963	0.037607	0.0156752	0.0279624	0.100845	0.0437083	0.0341704	0.056794	0.00497714	0.0788017	0.0133998	0.198903	0.167226	0.0298041	0.000768663	0.0143605
14	0.0337941	0.00413122	0.00273054	0.00182949	0.0228489	0.00432672	0.00356047	0.257828	0.00401389	0.355518	0.0511576	0.00667725	0.000629671	0.0031276	0.00303858	0.00776524	0.00884285	0.221534	0.000842982	0.00580367
15	0.0661729	0.00632138	0.137429	0.156576	0.00695254	0.0224464	0.0396839	0.0485211	0.0664213	0.0555679	0.0167656	0.0651102	0.0238372	0.0759186	0.0278948	0.108746	0.0279982	0.0348096	0.00217943	0.010648
16	0.0659842	0.00697535	0.186276	0.19123	0.00501023	0.0304223	0.0178313	0.0136146	0.050019	0.0220766	0.0182988	0.0799493	0.0259586	0.0776929	0.0442446	0.0682884	0.0518916	0.0323044	0.00204961	0.0098817
17	0.133886	0.0341915	0.0680244	0.0776853	0.0185551	0.0852422	0.0305933	0.0124926	0.0727552	0.022731	0.0273101	0.050217	0.0236529	0.0371732	0.0372658	0.147985	0.0530886	0.0354943	0.00046885	0.0311866
18	0.0765538	0.00102293	0.123828	0.261831	0.00481624	0.0223688	0.0190895	0.014741	0.0581501	0.0207229	0.0238322	0.060367	0.0116614	0.11406	0.0479941	0.0619603	0.0426138	0.0235092	0.00299236	0.00788426
19	0.077865	0.0314145	0.000750443	0.00373551	0.00993993	0.0102661	0.00148323	0.218368	0.00111115	0.118813	0.0165469	0.00174561	0.00450695	0.00296504	0.00342904	0.0229528	0.0229484	0.44263	0.00210729	0.00642019
20	0.0330962	0.00280719	0.0122634	0.0180412	0.000731646	0.00632307	0.00803999	0.0137257	0.294902	0.0107414	0.0168071	0.0139345	0.00281534	0.0499306	0.456281	0.0313818	0.00971966	0.0120768	0.00461252	0.00176899
21	0.0473192	0.0303313	0.0220028	0.0384338	0.00198852	0.0186345	0.0792252	0.0293379	0.193388	0.0564983	0.0361683	0.0718837	0.00106672	0.0833109	0.186081	0.0413252	0.017478	0.0239942	0.000510955	0.0210221
22	0.0815747	0.0241832	0.0236463	0.0406057	0.00963144	0.0640109	0.0336596	0.0170812	0.0571897	0.15261	0.0422471	0.0256141	0.161213	0.0430223	0.0937271	0.0579335	0.029425	0.029811	0.00273057	0.0100844
23	0.0425045	0.00964634	0.0219889	0.0535429	0.006874	0.0123367	0.0178973	0.0549591	0.132562	0.0340682	0.0199914	0.0218835	0.00953171	0.0590399	0.37683	0.0487946	0.0188986	0.0436261	0.00262951	0.0123951
24	0.118115	0.006474	0.0338445	0.178353	0.00381685	0.00784321	0.0814004	0.0207692	0.118688	0.0791935	0.00660469	0.0125063	0.00429469	0.169511	0.052039	0.075661	0.0134636	0.00963076	0.00232291	0.00546814
25	0.00513227	0.00320709	0.000849616	0.00237751	0.0494069	0.000859529	0.000636248	0.119453	0.00576222	0.585493	0.093886	0.00576593	0.00145294	0.0102804	0.00683721	0.0060282	0.00895657	0.0672363	0.00483536	0.0215437
26	0.0315056	0.00533509	0.135559	0.0594038	0.00345696	0.176489	0.0118821	0.00526264	0.0617499	0.0329477	0.00423853	0.228638	0.00523044	0.0297537	0.0696955	0.094191	0.0292467	0.0087541	0.00102268	0.00563832
27	0.0619675	0.0154025	0.0307663	0.175105	0.00283242	0.00572472	0.104382	0.010176	0.0735232	0.0569144	0.0105031	0.0138802	0.00359278	0.296015	0.0504516	0.0437628	0.0168696	0.0121245	0.00226005	0.0137471
28	0.0314911	0.00639769	0.164657	0.0547515	0.0033256	0.156933	0.0129434	0.00519524	0.0544826	0.0178393	0.00428029	0.200843	0.005209	0.0388297	0.0830427	0.116731	0.0285471	0.0082504	0.000913638	0.00533715
29	0.128426	0.0196591	0.0611636	0.105381	0.0201021	0.042808	0.0337707	0.0146111	0.0948002	0.0424861	0.0166792	0.0574852	0.0869008	0.0385714	0.035896	0.0962936	0.0359475	0.0483833	0.00159517	0.0190405
30	0.153493	0.0253912	0.0134627	0.0735147	0.0854488	0.0848561	0.0278573	0.0159769	0.0183616	0.0516739	0.0646722	0.019942	0.0362031	0.0425502	0.0290263	0.145524	0.0236166	0.0243951	0.00160151	0.0624332
31	0.0406906	0.0256277	0.638176	0.0582857	0.00365538	0.0320639	0.0103288	0.00654045	0.00799505	0.00512257	0.00151721	0.0552438	0.00137569	0.0192765	0.00346156	0.0681997	0.0154585	0.00374591	0.000515251	0.00271927
32	0.0483925	0.00624425	0.010011	0.0406101	0.0191812	0.00699145	0.0198555	0.109764	0.133246	0.0725766	0.032218	0.0177484	0.00226068	0.0540688	0.293293	0.0268077	0.0175262	0.0603324	0.00116439	0.0277074
33	0.0306886	0.0039137	0.018011	0.023891	0.00170039	0.00666592	0.0103558	0.0151065	0.244882	0.0120428	0.014943	0.0142785	0.00350411	0.0473691	0.486868	0.0316744	0.0109193	0.0154472	0.0044558	0.00328239
34	0.0755419	0.000977407	0.126725	0.260723	0.0048337	0.023411	0.0171562	0.0152624	0.0579591	0.0195949	0.0244222	0.0628914	0.012291	0.110171	0.0470595	0.0619506	0.0434337	0.0246779	0.00282989	0.00808866
35	0.0172873	0.00493061	0.00114813	0.00275333	0.0404543	0.00247636	0.00165085	0.153221	0.00580688	0.510667	0.0784482	0.00595891	0.00235741	0.00851031	0.0063638	0.00839328	0.00997841	0.116887	0.00572711	0.0169802
36	0.0560743	0.00431138	0.00943856	0.00951814	0.00106744	0.0278025	0.00332131	0.00998853	0.413328	0.00284788	0.0304243	0.0488455	0.00960766	0.0546849	0.227526	0.0392958	0.0360785	0.00880355	0.00204937	0.00498678
37	0.075743	0.000963515	0.126343	0.2607	0.00484473	0.0234512	0.0171656	0.0151579	0.0580792	0.0195435	0.0244698	0.0628693	0.0122762	0.110393	0.0471083	0.0618881	0.0434651	0.0245968	0.0028383	0.00810331
38	0.0386409	0.00440431	0.0024432	0.00185755	0.0182715	0.00456378	0.00393452	0.269419	0.0040288	0.338692	0.0427709	0.00676752	0.000524625	0.00205685	0.00245856	0.0081821	0.00846068	0.23843	0.000381251	0.00371181
39	0.00510761	0.00318941	0.000856007	0.00237507	0.0497243	0.00086813	0.000713409	0.11935	0.00577322	0.584685	0.0940522	0.00580482	0.00147845	0.0104616	0.0068509	0.00611515	0.00904521	0.0671384	0.00481276	0.0215989
40	0.535422	0.0363911	0.00160645	0.00640675	0.0204332	0.0411548	0.00165082	0.0399815	0.00182957	0.044854	0.0167515	0.00253131	0.00178072	0.00178564	0.00282075	0.0968468	0.0792719	0.0547948	0.000604453	0.0130822
41	0.0659095	0.00869284	0.0784191	0.0954897	0.00829257	0.014719	0.0354013	0.0150691	0.052769	0.113019	0.0117542	0.0540545	0.0360399	0.013825	0.0206642	0.0528953	0.178495	0.106182	0.00225834	0.0360506
42	0.0156466	0.0310893	0.0116863	0.00558436	0.219455	0.0131791	0.0802958	0.035858	0.0215021	0.0543919	0.0195819	0.0178363	0.0033942	0.00822829	0.0101424	0.0272801	0.0620161	0.0675874	0.060451	0.234794
43	0.0086056	0.0203507	0.029344	0.00388781	0.38894	0.0020533	0.0545233	0.00571679	0.0145647	0.0385919	0.0145732	0.00514721	0.00270122	0.00652809	0.00675096	0.00914892	0.00935319	0.0205481	0.0318256	0.326846
44	0.0464774	0.0197197	0.00911383	0.0119226	0.0692082	0.0191727	0.0645298	0.121136	0.01724	0.0649194	0.0272082	0.0273146	0.00597818	0.0135295	0.0172913	0.0736113	0.105473	0.13373	0.0112109	0.141214
45	0.0517613	0.0157866	0.0480721	0.107407	0.00350915	0.0303831	0.0302185	0.010765	0.0837164	0.0532549	0.0313085	0.0219285	0.235609	0.0872525	0.0912379	0.044938	0.0192143	0.0275877	0.00118962	0.00485991
46	0.151748	0.00484208	0.090497	0.284996	0.00357705	0.0304803	0.0158943	0.00714985	0.0343177	0.0101117	0.0135674	0.0597317	0.00679055	0.0732306	0.0283946	0.105638	0.0597283	0.0123252	0.00182316	0.00515645
47	0.00583284	0.00341799	0.000999527	0.00252981	0.0500097	0.00110407	0.00133912	0.120402	0.00582441	0.576352	0.0947073	0.00604929	0.00147807	0.0106492	0.00682415	0.00674695	0.00985382	0.0692514	0.00476754	0.0218612
48	0.0614188	0.00285607	0.00239784	0.0325693	0.0294817	0.00358489	0.0160945	0.160794	0.153783	0.111893	0.0445641	0.00971565	0.00159876	0.0639002	0.160752	0.0214317	0.0189931	0.0744464	0.000679848	0.0290453
49	0.0757365	0.000969777	0.126301	0.260706	0.00481564	0.0235155	0.0171355	0.0151279	0.0580261	0.0193741	0.0246057	0.0630864	0.0123356	0.110131	0.0470793	0.0617119	0.0438023	0.0248991	0.00275347	0.00788738
50	0.493884	0.0546513	0.00202458	0.00472507	0.0185655	0.0409146	0.00208641	0.0440285	0.00193164	0.0427164	0.0175535	0.00289184	0.00191907	0.00190465	0.00310921	0.103946	0.0680822	0.0833372	0.00105109	0.0106765
51	0.0298073	0.00470715	0.0144963	0.0224969	0.0017744	0.00689885	0.0100791	0.0166261	0.211591	0.0125758	0.0140562	0.0127249	0.00299841	0.0444987	0.528677	0.0313168	0.0105013	0.0162009	0.00401186	0.00396052
52	0.0614305	0.00287559	0.00239544	0.0325511	0.0294718	0.00356987	0.016088	0.161027	0.153683	0.111916	0.0445664	0.00964805	0.00163392	0.0639191	0.160587	0.0214197	0.0190226	0.0744644	0.000681726	0.0290492
53	0.0879872	0.00447026	0.105779	0.232452	0.0662721	0.00698224	0.0249888	0.0150281	0.0356392	0.0270496	0.00575417	0.0505855	0.00310349	0.0621067	0.0288849	0.0718815	0.0302817	0.0173628	0.0437407	0.0796498
54	0.00600915	0.00321289	0.000960012	0.00231386	0.0484639	0.00101091	0.000794564	0.130858	0.00568023	0.571299	0.0944567	0.00620919	0.00146277	0.0102195	0.00670838	0.00612254	0.008881	0.0698719	0.00468092	0.0207848
55	0.500119	0.0456036	0.00228563	0.00585923	0.0268736	0.0374659	0.003203	0.043702	0.00280779	0.0553375	0.0171595	0.00275474	0.00177459	0.00309609	0.00291599	0.0880107	0.0833545	0.0627291	0.00190003	0.0130477
56	0.0465546	0.0282663	0.0330791	0.0504936	0.00216344	0.0204588	0.0775952	0.0314572	0.177148	0.0546804	0.0334429	0.0780772	0.00144829	0.0843731	0.169448	0.041428	0.023118	0.025379	0.000583746	0.0208045
57	0.00870169	0.0198316	0.0306723	0.00373467	0.380616	0.00211679	0.0555196	0.00564822	0.0152232	0.0390475	0.015466	0.00505257	0.00271177	0.00728766	0.00713203	0.0100079	0.00928429	0.019879	0.0339706	0.328097
58	0.0886361	0.0165671	0.00913832	0.0104164	0.0343525	0.0248687	0.00788477	0.0211912	0.0194037	0.0284333	0.0188985	0.0258251	0.0219779	0.0205844	0.0168531	0.355095	0.247912	0.017229	0.00556547	0.00916703
59	0.00511178	0.00317831	0.000848028	0.00236203	0.0494026	0.000847502	0.000618056	0.119517	0.00576366	0.58577	0.0938202	0.00573968	0.00145299	0.0102393	0.00683437	0.00600419	0.00893527	0.0672631	0.00481586	0.021476
60	0.0675247	0.0243765	0.0296717	0.0730872	0.00440229	0.0342374	0.0295079	0.016056	0.0954371	0.0663559	0.0216128	0.0245735	0.252727	0.055518	0.0833822	0.0572034	0.0203258	0.0382884	0.00084577	0.00486681
61	0.0366795	0.0132883	0.0140028	0.0218244	0.00150804	0.013367	0.0210383	0.0149029	0.258383	0.0190092	0.0214746	0.0281787	0.00501249	0.0584155	0.39467	0.0395342	0.0146332	0.0146901	0.00316815	0.00622029
62	0.0455099	0.0989356	0.0150145	0.0298008	0.00245364	0.0658924	0.043837	0.0483091	0.0311314	0.00956749	0.00432989	0.0585396	0.25079	0.0349571	0.034412	0.0969684	0.0496276	0.0746315	0.00112749	0.00416471
63	0.0396904	0.00456424	0.00249006	0.00183798	0.0169711	0.00476776	0.00411685	0.277553	0.00380766	0.325099	0.0403965	0.00676369	0.000528249	0.00186121	0.00229257	0.0082003	0.00839823	0.247492	0.000201234	0.00296788
64	0.0923639	0.0276641	0.00656393	0.00435115	0.019331	0.0327697	0.0051635	0.0120978	0.00916643	0.0391916	0.0097508	0.0113053	0.00474294	0.00733474	0.0314705	0.436336	0.228849	0.0120228	0.0035541	0.00597098
65	0.127233	0.0461867	0.004626	0.0542071	0.150813	0.0799545	0.0254924	0.0323192	0.00671028	0.0395784	0.0884776	0.0208238	0.0294042	0.0360807	0.0269237	0.132418	0.0244729	0.0128257	0.00154766	0.0599052
66	0.0356357	0.0152033	0.481435	0.0528823	0.00333793	0.0705401	0.00939325	0.00429187	0.0263271	0.00640083	0.00161027	0.134399	0.00209337	0.0257279	0.011608	0.089551	0.0218169	0.0041184	0.000450726	0.00317736
67	0.0873386	0.0665891	0.0571608	0.0117635	0.0199767	0.337532	0.00942885	0.0215712	0.0285777	0.00963313	0.00749258	0.0497047	0.0200623	0.0399323	0.0301155	0.168247	0.018778	0.00802441	0.00149575	0.00657665
68	0.0804556	0.00513289	0.0527517	0.127904	0.0033741	0.0474649	0.00805469	0.00673825	0.173344	0.00946967	0.0286896	0.0611963	0.0206852	0.131092	0.0560604	0.10022	0.0704608	0.0107501	0.00106851	0.00508802
69	0.02188	0.0199407	0.00539989	0.00946393	0.0987677	0.0155819	0.0367856	0.0714078	0.00988712	0.237575	0.183533	0.023813	0.00293776	0.0369756	0.0102225	0.0436023	0.0527759	0.0525996	0.0118817	0.0549685
70	0.0442713	0.00863321	0.00216662	0.00193688	0.0169422	0.00528396	0.0036412	0.271518	0.00328992	0.29693	0.0379745	0.0057703	0.000914018	0.00175409	0.00225236	0.00951349	0.0102803	0.273313	0.000465091	0.00314958
71	0.14289	0.0279679	0.0011331	0.00257039	0.0124951	0.0116349	0.00169251	0.203599	0.00128674	0.15411	0.019776	0.00251654	0.00246824	0.00232651	0.00250866	0.0216754	0.019762	0.36164	0.00198927	0.0059575
72	0.198258	0.0479517	0.009034	0.00918869	0.011058	0.0236242	0.0083796	0.0493647	0.0170914	0.0234157	0.0143133	0.0177926	0.00520738	0.0117677	0.0267821	0.158573	0.27768	0.0649971	0.00271535	0.0228059
73	0.220082	0.0899421	0.0179377	0.00662517	0.000889351	0.236403	0.00585353	0.00326569	0.00277743	0.00121211	0.00115913	0.0152734	0.00188784	0.00137167	0.00920848	0.339701	0.0349076	0.0085182	0.00189848	0.00108681
74	0.220211	0.0913446	0.0210922	0.0065802	0.00125619	0.230722	0.00699497	0.00316735	0.00332439	0.00110306	0.00113159	0.0169626	0.00219857	0.00200683	0.00949252	0.336439	0.0354227	0.00763887	0.0017202	0.00119116
75	0.028182	0.0219326	0.00311352	0.00371807	0.146383	0.0135171	0.00781862	0.0929769	0.006382	0.0598912	0.00653627	0.00498908	0.00319733	0.00383462	0.0281868	0.0188191	0.0234785	0.0209852	0.457621	0.048437
76	0.0492708	0.00921059	0.0608132	0.0169569	0.00277778	0.091747	0.018377	0.0180591	0.014364	0.00887351	0.00551322	0.129059	0.00271937	0.00758023	0.0199199	0.421465	0.109771	0.00759854	0.00135114	0.00457265
77	0.202612	0.085982	0.0190535	0.0141469	0.00181136	0.248589	0.00719342	0.00478997	0.00510051	0.00420857	0.00336228	0.0161388	0.00342161	0.0034387	0.0100166	0.315412	0.0363038	0.013091	0.00245697	0.00287063
78	0.100091	0.0145611	0.0489889	0.0831183	0.008101	0.0649523	0.0158282	0.0486196	0.0659397	0.0643904	0.0360969	0.0472374	0.0107612	0.0671085	0.0190944	0.15697	0.0741491	0.0489402	0.000818283	0.0242333
79	0.0838623	0.0354742	0.000577336	0.00415691	0.0098825	0.0121695	0.00118908	0.221868	0.000667442	0.116709	0.0187317	0.00153311	0.00412882	0.00283602	0.00401491	0.0291116	0.0288701	0.414975	0.00201425	0.00722758
80	0.0593009	0.00842806	0.0104108	0.012445	0.00194058	0.028645	0.0110444	0.0097891	0.390894	0.008043	0.0317958	0.0646553	0.00832095	0.0620675	0.166417	0.0538696	0.0445432	0.0101324	0.0014492	0.0158081
81	0.0399106	0.00474765	0.00246067	0.00185541	0.0167767	0.00475595	0.00412866	0.277423	0.00376748	0.323551	0.040015	0.00664643	0.000559619	0.00184467	0.00228118	0.00825738	0.00849042	0.249357	0.000205113	0.00296529
82	0.0127259	0.00859003	0.00209786	0.00376956	0.0745861	0.00547075	0.00679693	0.117419	0.00599285	0.423164	0.0914375	0.00784435	0.00211078	0.013269	0.0113252	0.0143121	0.0171737	0.0673551	0.0862942	0.0282655
83	0.0434739	0.00182073	0.164544	0.0559227	0.00122207	0.100588	0.0121321	0.00268839	0.0597833	0.00719665	0.00175791	0.254371	0.0053414	0.036947	0.0306913	0.162293	0.0483793	0.00756891	0.000387954	0.00289037
84	0.0852483	0.0319406	0.00167883	0.00725817	0.00913965	0.0148619	0.00212158	0.226015	0.00126077	0.108473	0.0238293	0.00496065	0.00466435	0.00825835	0.0099605	0.0472296	0.0361251	0.362344	0.00157409	0.0130559
85	0.0717253	0.00188965	0.110214	0.237803	0.00397703	0.0355791	0.0154161	0.0125225	0.0570677	0.0170639	0.0218304	0.0577594	0.0434154	0.120235	0.0505985	0.0686747	0.0418178	0.023723	0.00218257	0.0065052
86	0.0434457	0.00181932	0.164457	0.0564745	0.00123295	0.100392	0.0121537	0.00276256	0.0596715	0.00721302	0.00179857	0.253865	0.00539968	0.0371199	0.0307432	0.162144	0.0483609	0.00765505	0.000389256	0.00290168
87	0.0469691	0.0299924	0.0221755	0.0385991	0.00197557	0.0185188	0.0790506	0.029349	0.194379	0.0562668	0.0358985	0.0716189	0.00108401	0.0833169	0.186723	0.0412089	0.0174777	0.0239338	0.000544261	0.0209178
88	0.0828132	0.0355752	0.000417385	0.00306776	0.0103354	0.0102796	0.000786099	0.221883	0.00051748	0.119752	0.0168459	0.000738828	0.00316184	0.00134785	0.00261377	0.0200305	0.0245152	0.437439	0.00229006	0.00558959
89	0.065712	0.117028	0.0167719	0.00737265	0.00655017	0.139773	0.0403295	0.00760343	0.0123505	0.0180334	0.035928	0.0390333	0.00406943	0.00728028	0.0119294	0.33187	0.0996621	0.0125398	0.00370972	0.022453
90	0.222745	0.0917282	0.022014	0.0068179	0.00120811	0.230596	0.00658905	0.00298466	0.00327312	0.00117445	0.00121623	0.0163606	0.00207662	0.00191759	0.00934023	0.334101	0.0350199	0.00790144	0.00178511	0.00115057
91	0.0406829	0.00503387	0.00245672	0.00191427	0.0167459	0.00484003	0.00408384	0.277249	0.00369027	0.320592	0.0398323	0.00672337	0.000567435	0.00191994	0.00229102	0.00849026	0.00865692	0.250942	0.000233742	0.0030549
92	0.131859	0.00737589	0.11679	0.0281094	0.00443416	0.00950087	0.0245564	0.025982	0.0627508	0.0166764	0.0223531	0.0315822	0.00541816	0.00785319	0.045547	0.108003	0.197961	0.142869	0.00172195	0.00865599
93	0.0276948	0.021986	0.00418369	0.00366931	0.159894	0.0125495	0.00998195	0.0867204	0.00692232	0.0572016	0.00623847	0.00484423	0.00335402	0.00382144	0.0271855	0.0178909	0.0235861	0.0200559	0.439761	0.0624599
94	0.0671284	0.00909397	0.0272433	0.00936409	0.0492003	0.0188034	0.390688	0.00713613	0.00874743	0.0094008	0.0401808	0.0773725	0.00431215	0.0136476	0.0654165	0.110103	0.0127738	0.00856738	0.00179611	0.0690239
95	0.0496584	0.0164023	0.112792	0.0296765	0.00977797	0.0296853	0.0169859	0.0156875	0.0576874	0.02306	0.014744	0.0554846	0.155247	0.0210072	0.0537677	0.147605	0.036197	0.0804094	0.00276227	0.0713625
96	0.0708863	0.11621	0.0396389	0.00556631	0.00405875	0.0077301	0.0593249	0.0661926	0.00645459	0.125357	0.0325399	0.203504	0.00355677	0.0214034	0.022533	0.119142	0.0514814	0.0221102	0.0019743	0.020335
97	0.00545398	0.00316698	0.000904831	0.00233936	0.049259	0.00086921	0.000622883	0.120515	0.00575043	0.583878	0.0932813	0.0057589	0.00145083	0.0102186	0.00679951	0.0060085	0.00894855	0.0686959	0.00475257	0.0213256
98	0.132642	0.0362589	0.000564422	0.00248469	0.0124914	0.0127278	0.000675384	0.198173	0.000602269	0.114392	0.0155609	0.000788987	0.00286311	0.00129283	0.00228424	0.0221673	0.0228388	0.412155	0.00261513	0.00642124
99	0.0323769	0.00997092	0.00156624	0.00176367	0.00372607	0.0111256	0.00182252	0.0063004	0.00239774	0.017752	0.00364738	0.00451815	0.00182942	0.00208172	0.00711275	0.565106	0.313889	0.0111109	0.000593225	0.00130903
100	0.223516	0.091131	0.0163735	0.0065811	0.000872544	0.254956	0.00531811	0.00293384	0.00258379	0.0023618	0.00107853	0.0136349	0.00185214	0.00123283	0.00869007	0.313605	0.0365556	0.01381	0.0019306	0.000982259
101	0.0527617	0.0449175	0.0084939	0.0121031	0.00331203	0.180083	0.0534752	0.0123197	0.160732	0.0557411	0.0170074	0.103622	0.00290262	0.0223974	0.0850092	0.112422	0.0494627	0.0127492	0.00138805	0.00910034
102	0.055949	0.00703684	0.0227986	0.0252825	0.00578567	0.010865	0.00433604	0.022212	0.0751003	0.0484945	0.0154839	0.0709782	0.00709088	0.0217266	0.0191339	0.186074	0.345593	0.0431448	0.000894364	0.01202
103	0.0806712	0.0347829	0.000458591	0.00312362	0.0106806	0.00992088	0.000820432	0.225125	0.000588416	0.121546	0.0163442	0.000871754	0.00309026	0.00146795	0.00253944	0.0191766	0.0233178	0.437744	0.00228251	0.0054486
104	0.0486581	0.0407166	0.0198874	0.0344189	0.00234419	0.0181243	0.0817183	0.0324479	0.189696	0.0670204	0.038009	0.0725169	0.00308965	0.0792735	0.169545	0.0371298	0.0168936	0.0265534	0.000680513	0.0212762
105	0.00601791	0.00317537	0.000868763	0.00233668	0.0482547	0.000940138	0.00072969	0.123444	0.00578795	0.580053	0.0918639	0.0058426	0.00140525	0.00989257	0.00669914	0.00605434	0.00888964	0.0720463	0.00465773	0.0210403
106	0.0113848	0.0246562	0.0220834	0.00363854	0.336534	0.00383616	0.0432554	0.0153554	0.0141387	0.0356255	0.011649	0.0043555	0.00407463	0.00549803	0.00965286	0.00991371	0.0112273	0.0170643	0.16463	0.251427
107	0.0440158	0.00185059	0.160977	0.0540661	0.00123128	0.0988618	0.0120178	0.00283588	0.0613985	0.00718019	0.00179806	0.254783	0.00573715	0.036861	0.0307113	0.166699	0.0481296	0.00752367	0.00040083	0.00292096
108	0.13637	0.0338607	0.0930449	0.0716688	0.0192341	0.0936654	0.0329178	0.0098674	0.0634733	0.0178211	0.0297722	0.0501915	0.0171234	0.0419358	0.0343755	0.138211	0.0512229	0.0320653	0.000478686	0.0327003
109	0.0285818	0.00366047	0.0124186	0.0211027	0.00135437	0.00544785	0.00840474	0.0182497	0.226867	0.0124124	0.0132194	0.0109856	0.00272061	0.043276	0.528674	0.0287801	0.00926555	0.0169123	0.00429575	0.00337157
110	0.0768741	0.0326984	0.000531204	0.00285182	0.0106929	0.00940043	0.00114859	0.224705	0.000743722	0.129023	0.0171026	0.00108502	0.00293223	0.00160408	0.00241018	0.0181909	0.0216648	0.439155	0.00206419	0.00512139
111	0.239993	0.100304	0.0142896	0.00579053	0.00161405	0.182548	0.00518591	0.00411542	0.00261885	0.00398793	0.00220173	0.0214118	0.00450059	0.00140951	0.00777884	0.319139	0.0481192	0.0303407	0.00220813	0.00244398
112	0.0363851	0.00368328	0.0135782	0.0163782	0.000742718	0.0130692	0.0097467	0.0112967	0.322166	0.00915649	0.0187614	0.0235559	0.00367599	0.0524256	0.398456	0.0336231	0.0150723	0.0113233	0.00419442	0.00270899
113	0.0834238	0.0357968	0.000420075	0.0030966	0.010138	0.0104739	0.000813818	0.21793	0.000531407	0.120178	0.0174401	0.000781322	0.00319511	0.00130681	0.00266288	0.0204227	0.0248966	0.438736	0.00221176	0.00554377
114	0.144041	0.0363544	0.0713784	0.0930068	0.0150576	0.0936719	0.0253315	0.0145465	0.0650588	0.0227193	0.0279848	0.0465057	0.0190171	0.0364698	0.0328409	0.143741	0.0532107	0.0329192	0.000630011	0.0255157
115	0.00877041	0.0218227	0.02665	0.0039242	0.392535	0.00236196	0.0557086	0.00631613	0.0144859	0.0389071	0.0145828	0.00567881	0.00264327	0.00614292	0.00662523	0.00919299	0.0109869	0.0233022	0.0317861	0.317577
116	0.0895036	0.0168384	0.0306568	0.0243098	0.0325693	0.0324073	0.366096	0.0145811	0.0234499	0.022919	0.027955	0.062433	0.0096764	0.0346903	0.0484114	0.083886	0.0229731	0.0166889	0.00334412	0.0366102
117	0.0591715	0.031967	0.0322738	0.0757155	0.00686302	0.044578	0.0304462	0.0173551	0.0659872	0.0431601	0.0242658	0.0320078	0.223335	0.11006	0.0662015	0.0626078	0.0304842	0.0331035	0.00188408	0.00853261
118	0.0700975	0.117749	0.0354808	0.00771172	0.0079265	0.0266285	0.0466691	0.0235285	0.00994258	0.0762863	0.0818209	0.0696787	0.0049059	0.0120529	0.0137684	0.251079	0.109047	0.0155159	0.00429234	0.0158181
119	0.0411836	0.00895099	0.162233	0.0509823	0.00461008	0.167189	0.0195295	0.00683526	0.0497471	0.0152941	0.00462331	0.206741	0.00648826	0.0449609	0.0435643	0.115657	0.035314	0.0089074	0.00144954	0.00573864
120	0.0675161	0.021634	0.00116725	0.00239047	0.012312	0.00775468	0.00201599	0.243701	0.00175633	0.207404	0.0246241	0.00321668	0.00193971	0.00171091	0.00211204	0.0142013	0.016657	0.362052	0.00150001	0.00433496
121	0.544801	0.0352477	0.00166819	0.00565944	0.021536	0.0465947	0.00180636	0.0398201	0.0019572	0.049473	0.0157233	0.00264222	0.00211025	0.00180729	0.00282064	0.0843649	0.0729433	0.0573163	0.000676723	0.0110321
122	0.0354233	0.0106873	0.00171667	0.00175475	0.00431731	0.0114446	0.00177386	0.00610325	0.00262232	0.019023	0.00355656	0.00467953	0.002	0.00214375	0.0076089	0.571178	0.301806	0.0102291	0.000625239	0.00130651
123	0.525417	0.0407792	0.00198943	0.00541059	0.0188845	0.0378591	0.00186907	0.0392746	0.00204203	0.0403789	0.0172897	0.00284477	0.00174571	0.00192332	0.00375533	0.0894027	0.105861	0.0511952	0.000645859	0.011432
124	0.149596	0.161437	0.00511181	0.00574248	0.00401308	0.131685	0.00532038	0.0179032	0.0052579	0.0220642	0.00609077	0.0101088	0.00442424	0.00451757	0.00976866	0.221684	0.074718	0.153062	0.00177616	0.00571766
125	0.00871922	0.0212505	0.0291288	0.00426835	0.40066	0.00206699	0.0553814	0.00630152	0.0142941	0.0382611	0.0141575	0.00559364	0.00271062	0.00620923	0.00657071	0.00891461	0.00947793	0.020821	0.0308929	0.31432
126	0.041509	0.0236479	0.606096	0.0663208	0.00381455	0.0335211	0.0106265	0.00688599	0.0118287	0.00604521	0.00251211	0.0582227	0.00212887	0.0247063	0.00656031	0.0689506	0.0171814	0.00524166	0.000842047	0.0033582
127	0.115568	0.0399625	0.0291547	0.0480857	0.0127036	0.0672209	0.0554081	0.0112043	0.103417	0.0263164	0.0399907	0.0560494	0.00949528	0.0460207	0.0433784	0.155051	0.0781926	0.0223109	0.000646948	0.0398234
128	0.0575878	0.0145423	0.00533748	0.00429132	0.0144623	0.0146159	0.00442534	0.0165278	0.0122613	0.0224864	0.0192415	0.0180243	0.00521329	0.0121662	0.00999659	0.430009	0.317252	0.0131126	0.00412221	0.00432471
129	0.0276099	0.021906	0.00303799	0.00372307	0.146187	0.013271	0.0085036	0.0927423	0.00668878	0.0596259	0.00666042	0.00508025	0.0032417	0.00380688	0.0277307	0.018844	0.0242562	0.0213257	0.455312	0.0504468
130	0.0374194	0.00395299	0.0103454	0.0215292	0.00488232	0.00628225	0.0108619	0.038065	0.244973	0.0243781	0.0189812	0.0142064	0.00266257	0.0485892	0.440875	0.0287434	0.0114958	0.021445	0.00340779	0.00690369
131	0.0135453	0.0143247	0.00289246	0.00607107	0.0744099	0.00778718	0.0150139	0.0937555	0.00817678	0.431724	0.134654	0.0122541	0.00198799	0.0218249	0.00779225	0.0215373	0.0280004	0.0578912	0.00871077	0.0376462
132	0.0647278	0.13122	0.015673	0.0604441	0.00543166	0.0497928	0.0269357	0.0303601	0.0485468	0.0173188	0.00881201	0.0661599	0.183368	0.052122	0.0325703	0.0884255	0.0630767	0.0473327	0.00148599	0.00619638
133	0.0518396	0.0143679	0.00183734	0.00206901	0.0153123	0.00650366	0.00288565	0.259146	0.00256891	0.261365	0.0332474	0.0046921	0.00151893	0.00182661	0.00236012	0.0118021	0.0132182	0.307738	0.000896718	0.00480446
134	0.0144717	0.0122299	0.00350944	0.00680734	0.0817016	0.0096064	0.019999	0.0867826	0.0082783	0.39047	0.139645	0.0145854	0.0031011	0.0290933	0.00906656	0.0292438	0.0344639	0.0559958	0.0082745	0.0426742
135	0.0249926	0.0393555	0.0103331	0.0156956	0.0982143	0.0169903	0.0403045	0.0717269	0.0173591	0.201936	0.139988	0.0191663	0.00303495	0.0348815	0.00926112	0.0434474	0.0652609	0.0657812	0.0127702	0.0695006
136	0.0467792	0.0252866	0.0315421	0.086271	0.010465	0.0190491	0.0715078	0.0237373	0.0608865	0.0476971	0.028608	0.0327311	0.0140844	0.292408	0.0587524	0.0548465	0.0356343	0.0318181	0.00289441	0.0250009
137	0.151049	0.0591933	0.0304701	0.019829	0.00812161	0.307616	0.012847	0.010522	0.0234704	0.0148607	0.00722181	0.039108	0.0145183	0.0167885	0.0227097	0.195159	0.035443	0.0197108	0.00234996	0.00901129
138	0.0782187	0.013435	0.0234753	0.0141429	0.0756258	0.0223371	0.381784	0.0108908	0.0144369	0.019386	0.0298612	0.0598539	0.00756128	0.0201196	0.0458101	0.0776883	0.0187176	0.0167854	0.00587281	0.0639973
139	0.174278	0.0850316	0.0226791	0.00542866	0.0189897	0.0565433	0.0111712	0.0093555	0.00715346	0.0166742	0.0271775	0.0318486	0.004416	0.00606448	0.0118966	0.313746	0.128652	0.0316137	0.0144178	0.0228625
140	0.0558083	0.00491719	0.0113636	0.0120685	0.000861433	0.0320692	0.00458054	0.00825198	0.423152	0.0036275	0.0321281	0.0527743	0.00734496	0.0559597	0.202518	0.0380241	0.037491	0.0100636	0.00187161	0.00512402
141	0.20913	0.00952437	0.0149237	0.140968	0.0041222	0.257837	0.00525511	0.00601667	0.0155211	0.0128739	0.0090947	0.0156438	0.112051	0.0305325	0.0140675	0.0942125	0.0339718	0.00785289	0.00180421	0.00459751
142	0.0675326	0.0279832	0.000740815	0.00258899	0.0110916	0.00813199	0.00179424	0.222784	0.00121003	0.151691	0.01897	0.00178533	0.00307609	0.00199069	0.00219052	0.0155765	0.0182496	0.43598	0.00182533	0.00480806
143	0.00897882	0.0201717	0.0283965	0.00366132	0.378577	0.00233788	0.0572649	0.00570237	0.0147281	0.0381121	0.0151286	0.00558661	0.00271231	0.00664063	0.00728912	0.0096113	0.00997897	0.0209624	0.0322283	0.331931
144	0.213471	0.0945723	0.0240915	0.0068037	0.00255668	0.210714	0.00898899	0.00325774	0.00499801	0.00235853	0.00307537	0.0208816	0.00253277	0.00267803	0.0107519	0.329383	0.0439125	0.00914163	0.00256598	0.00326509
145	0.0389693	0.00449601	0.00251181	0.00182386	0.017559	0.00479908	0.00403004	0.275361	0.00382202	0.328798	0.0416152	0.00682593	0.000538978	0.00200481	0.00241383	0.00812207	0.00845037	0.24428	0.000291546	0.00328732
146	0.261748	0.0801941	0.0252926	0.011191	0.000909738	0.201901	0.00745751	0.00267855	0.0028505	0.00172738	0.0014168	0.0153147	0.00214083	0.00122376	0.0077657	0.32629	0.0357296	0.0108281	0.00176524	0.00157387
147	0.0272766	0.039091	0.0125819	0.00734859	0.237106	0.0111732	0.0379123	0.0681398	0.0123002	0.100502	0.04683	0.0101488	0.00260152	0.0133137	0.013885	0.0230535	0.0328504	0.0381206	0.130634	0.135131
148	0.0433131	0.101317	0.0146497	0.0303077	0.00220688	0.0660886	0.0416884	0.0477916	0.0313391	0.00908718	0.00341091	0.0588125	0.255939	0.035862	0.0351342	0.0961112	0.0488451	0.0734757	0.00111339	0.00350694
149	0.0596359	0.0146448	0.320527	0.117674	0.0135133	0.0443795	0.0182562	0.0110068	0.0466417	0.0186868	0.0101914	0.0837493	0.00820722	0.043663	0.0277609	0.0785366	0.0329917	0.0162949	0.00636726	0.0272718
150	0.148193	0.0635288	0.0284494	0.0186767	0.00828576	0.316487	0.0101106	0.0129946	0.0235324	0.0141437	0.00762218	0.0362362	0.0128597	0.0172584	0.0236367	0.191427	0.0346202	0.0209654	0.00521114	0.00576167
151	0.251457	0.0455903	0.0115185	0.00583711	0.00168776	0.125224	0.018039	0.00344166	0.0035085	0.00822841	0.00692425	0.0261725	0.00250378	0.00233238	0.0112142	0.441087	0.0228107	0.00858314	0.00153674	0.00230326
152	0.0256242	0.00454471	0.00194113	0.00206343	0.0291864	0.00338598	0.0025127	0.210307	0.00448931	0.431589	0.06149	0.00615375	0.00085381	0.00491308	0.00412807	0.00735027	0.00912417	0.178033	0.00202118	0.0102886
153	0.143669	0.036176	0.000668269	0.00243001	0.0129249	0.0132414	0.000795342	0.192067	0.000687128	0.114782	0.0159602	0.0010749	0.00286228	0.00153649	0.00239	0.0228182	0.0226651	0.403744	0.0025052	0.00700235
154	0.526696	0.0400914	0.00143334	0.00464908	0.0215438	0.0381504	0.00139706	0.0452958	0.001599	0.0505157	0.0162331	0.00208896	0.00151069	0.00151744	0.00226469	0.0837318	0.068069	0.0814454	0.00092735	0.0108397
155	0.0327584	0.00999128	0.00158328	0.00171235	0.00410427	0.0115885	0.00176029	0.00645687	0.0024813	0.018047	0.00375939	0.00467525	0.00180903	0.0022002	0.00725627	0.56503	0.312089	0.0107307	0.000657204	0.00130927
156	0.206858	0.127497	0.00806126	0.00495273	0.00133373	0.238675	0.00350071	0.00649782	0.00273744	0.011274	0.00236412	0.00855025	0.00228643	0.0017219	0.00998634	0.227928	0.0584182	0.0732029	0.00188693	0.0022668
157	0.171619	0.0641339	0.118234	0.0216623	0.00406125	0.194924	0.00888675	0.00574418	0.0122179	0.00440496	0.00422445	0.0429434	0.00626407	0.0126989	0.0133153	0.265518	0.0337585	0.00982546	0.0016311	0.00393232
158	0.0219489	0.0199945	0.00541447	0.00957506	0.099692	0.0158699	0.0368213	0.0710088	0.0100449	0.236945	0.183566	0.0238272	0.0029403	0.0372773	0.0101395	0.0435722	0.0525552	0.0525308	0.011819	0.0544571
159	0.0389402	0.016285	0.490058	0.0703002	0.00319753	0.0611574	0.0101027	0.00552585	0.0270104	0.00697115	0.00377067	0.102494	0.0029456	0.0345807	0.0145396	0.0818442	0.0205608	0.0056331	0.000592654	0.00348998
160	0.227778	0.0873974	0.0178055	0.00668766	0.000818098	0.226657	0.00592588	0.00278332	0.00266109	0.0011452	0.00113993	0.0159006	0.00191243	0.00116883	0.00894922	0.345963	0.0341842	0.00814189	0.00190306	0.00107771
161	0.01178	0.0138073	0.00463085	0.00609952	0.122868	0.0231324	0.0770692	0.0929232	0.0214563	0.0728937	0.0125882	0.038333	0.00323939	0.0056092	0.0184819	0.0404778	0.0664958	0.116513	0.0105576	0.241043
162	0.180986	0.156949	0.00345555	0.00450084	0.00230927	0.202106	0.00276851	0.0114565	0.0037304	0.0216181	0.00412853	0.00645315	0.00277576	0.00300579	0.00850829	0.183015	0.0716559	0.125251	0.00168059	0.00364589
163	0.0574851	0.0279497	0.0150856	0.0231562	0.00828062	0.0363035	0.0860365	0.0228783	0.111643	0.0946126	0.114062	0.0379185	0.0355071	0.0639966	0.167541	0.0353415	0.0198838	0.0252119	0.0023743	0.014732
164	0.0672665	0.0263281	0.000843623	0.0025414	0.0111697	0.00772595	0.00182481	0.245122	0.00124946	0.159933	0.0195633	0.00207817	0.00242801	0.00238504	0.00198773	0.0146737	0.0177022	0.408937	0.00179101	0.00444926
165	0.0276274	0.0224606	0.00357965	0.00367413	0.15194	0.0129779	0.0087367	0.0889331	0.00684597	0.057358	0.00620801	0.00496686	0.00358207	0.00383782	0.0273332	0.0189432	0.0236718	0.0201964	0.452632	0.0544953
166	0.0406652	0.0250651	0.629966	0.0589038	0.00394947	0.0326747	0.0105584	0.00658014	0.00898263	0.00536402	0.00186332	0.0568717	0.00173195	0.0199771	0.00416024	0.0687746	0.0157696	0.00435672	0.000542512	0.00324259
167	0.00647836	0.00340492	0.000916921	0.00236622	0.0472917	0.0010123	0.000823285	0.126184	0.00566528	0.57595	0.0918598	0.00575258	0.00139647	0.00971891	0.00664658	0.00609885	0.00889497	0.0744918	0.00459838	0.0204487
168	0.030001	0.00470101	0.0170017	0.0366587	0.0023493	0.00754181	0.0113636	0.0192386	0.19589	0.0150342	0.0151512	0.0140756	0.00561321	0.047111	0.505973	0.0321377	0.0131954	0.017988	0.00411849	0.00485692
169	0.0380051	0.00820413	0.0127938	0.00533628	0.00796933	0.0336384	0.00561901	0.0229665	0.00613273	0.0210059	0.00605084	0.0376891	0.00300531	0.00603311	0.0168314	0.506893	0.248976	0.00843268	0.00206453	0.00235318
170	0.20946	0.0789568	0.0192182	0.0120168	0.00285366	0.266951	0.00672756	0.00535455	0.0069134	0.00586283	0.00347664	0.0177521	0.00487126	0.00503545	0.0104946	0.288252	0.0363296	0.014709	0.00217482	0.00259043
171	0.0326712	0.00298924	0.0131035	0.0191649	0.000706382	0.00710191	0.00817029	0.0121531	0.296841	0.0105302	0.0161809	0.0135623	0.00238873	0.0532114	0.452367	0.0313882	0.00966339	0.011602	0.00464416	0.00156065
172	0.0637224	0.092565	0.00969452	0.0147328	0.00515427	0.0357369	0.0106698	0.0198916	0.0558032	0.035767	0.0186091	0.120084	0.062225	0.0526013	0.0334362	0.211853	0.115966	0.0330592	0.00145761	0.00697132
173	0.0807678	0.0331332	0.000499098	0.00282951	0.0109754	0.00946936	0.000846745	0.238884	0.000671963	0.11571	0.0154111	0.000877464	0.00304179	0.00158172	0.00250064	0.0183228	0.0229147	0.431537	0.00375077	0.00627531
174	0.0303054	0.0334929	0.00664669	0.0144915	0.093293	0.0208638	0.0324597	0.0646377	0.014697	0.201455	0.188637	0.0194506	0.00286722	0.0385388	0.00920479	0.0433499	0.0599398	0.0555746	0.0145373	0.0555574
175	0.0654402	0.0160159	0.0259026	0.0171421	0.0363556	0.0372758	0.388317	0.0126481	0.0173631	0.0170659	0.0256293	0.0875152	0.00680409	0.0275147	0.0487701	0.0878147	0.0212494	0.0159449	0.00259508	0.0426361
176	0.107802	0.0120004	0.00540526	0.022782	0.0110742	0.0191541	0.00461497	0.224088	0.00383309	0.111296	0.0389633	0.0193997	0.00768538	0.031668	0.0108765	0.103096	0.048955	0.189136	0.000578255	0.027592
177	0.0600485	0.0049462	0.0130408	0.0149353	0.00102743	0.0398286	0.00283944	0.00730529	0.424545	0.00225292	0.0336321	0.0558921	0.00814408	0.0692338	0.156293	0.0469225	0.0443095	0.00833261	0.00117019	0.00529996
178	0.146459	0.0104063	0.0397562	0.15283	0.00398681	0.139769	0.00824066	0.00582916	0.0532967	0.0125491	0.0124613	0.0313744	0.107798	0.0879878	0.0382761	0.0946795	0.036212	0.0118372	0.00109673	0.00515411
179	0.0770311	0.0332474	0.000490552	0.00273178	0.0104162	0.00934688	0.00096401	0.23541	0.000619891	0.117984	0.0154118	0.000869149	0.00315816	0.00166283	0.00235952	0.0179132	0.0217845	0.44045	0.0025054	0.00564439
180	0.00874927	0.0169347	0.00713848	0.00402412	0.170051	0.0152576	0.0926385	0.0452398	0.0153861	0.0829414	0.0236765	0.0247215	0.00224831	0.00728968	0.0104667	0.0332156	0.0674199	0.0862941	0.0154114	0.270895
181	0.232308	0.0875518	0.0175693	0.00666915	0.000780505	0.220208	0.00572976	0.0026421	0.00251865	0.00112993	0.00107448	0.016941	0.00207128	0.00107036	0.00843753	0.346731	0.0348666	0.00879926	0.00185489	0.00104579
182	0.0656024	0.0240159	0.00114558	0.00256624	0.0117246	0.00911166	0.00243354	0.236764	0.00183942	0.199124	0.0310118	0.00289251	0.00235761	0.00165141	0.0026206	0.018683	0.019166	0.361568	0.00136789	0.00435347
183	0.0407812	0.0258384	0.636739	0.0580799	0.00366698	0.0322118	0.0103619	0.00659414	0.0079755	0.00519678	0.00151773	0.0554834	0.00138776	0.0193001	0.00344951	0.0689412	0.015488	0.0037381	0.000539752	0.00270933
184	0.0277415	0.0232417	0.00311688	0.00385981	0.147153	0.0132679	0.00823401	0.0917994	0.00677299	0.0577293	0.00623604	0.00510557	0.00339046	0.00412769	0.0275817	0.0203838	0.0238156	0.0204692	0.456965	0.0490091
185	0.223485	0.00630689	0.00634067	0.00572447	0.00369941	0.0386318	0.0511441	0.00640216	0.00657127	0.0244712	0.0206214	0.0432372	0.00394749	0.00570221	0.0231588	0.501822	0.0139063	0.0081292	0.00165987	0.005039
186	0.131789	0.0349958	0.0531668	0.0702971	0.0167473	0.0772387	0.0297909	0.0130633	0.0781148	0.0235289	0.0290627	0.0456011	0.035779	0.0433063	0.0371116	0.150646	0.0630687	0.034698	0.000491709	0.0315023
187	0.0490726	0.0253157	0.485346	0.0429867	0.0121769	0.0539863	0.00919517	0.00647236	0.0117169	0.0221008	0.0036127	0.133469	0.00254081	0.0169169	0.00737029	0.0692085	0.034971	0.00641695	0.000927027	0.00619778
188	0.247508	0.088113	0.0142574	0.00776713	0.00288614	0.253909	0.00480802	0.00608044	0.00301233	0.0074045	0.00295439	0.0116073	0.00272996	0.00189382	0.00804543	0.265815	0.0407443	0.025963	0.00215818	0.00234296
189	0.00855975	0.019735	0.0100635	0.00354544	0.21122	0.0153604	0.104527	0.0286525	0.0146294	0.0404499	0.0121967	0.0233591	0.00209756	0.00498026	0.00913287	0.0281017	0.0557711	0.0743822	0.0213215	0.311914
190	0.0218673	0.0384898	0.0123679	0.0779003	0.0040846	0.00860976	0.121593	0.00689588	0.0378942	0.0479219	0.0222996	0.0280311	0.00426786	0.390663	0.0533005	0.0342662	0.0266664	0.0248606	0.00146711	0.0365525
191	0.0396904	0.00456424	0.00249006	0.00183798	0.0169711	0.00476776	0.00411685	0.277553	0.00380766	0.325099	0.0403965	0.00676369	0.000528249	0.00186121	0.00229257	0.0082003	0.00839823	0.247492	0.000201234	0.00296788
192	0.140769	0.0363032	0.000617892	0.00251247	0.0128769	0.0133647	0.000757675	0.194144	0.000656342	0.113336	0.0158163	0.000996447	0.00282674	0.00147802	0.00237454	0.0227773	0.0229304	0.406099	0.00254273	0.00681964
193	0.0321527	0.00990636	0.00159667	0.00177166	0.00363943	0.0112299	0.00181258	0.00636016	0.0023808	0.0177039	0.00354789	0.00465009	0.00178809	0.00199952	0.00715956	0.565932	0.313634	0.0108811	0.000557874	0.00129567
