200	20
1	0.046785	0.0050485	0.164135	0.420935	0.00810431	0.046527	0.00914025	0.00379522	0.0490295	0.0068238	0.0183363	0.0328746	0.00410719	0.0649315	0.00538813	0.0499825	0.0319133	0.0250764	0.000480668	0.00658534
2	0.0247585	0.00505204	0.0182917	0.0196183	0.0155058	0.0244197	0.017936	0.0165647	0.363214	0.037531	0.0215876	0.0408394	0.00118897	0.0351141	0.252163	0.0271474	0.0391784	0.0213029	0.00189244	0.0166944
3	0.148228	0.0146789	0.00381058	0.00299545	0.00534029	0.0360403	0.00606524	0.00268104	0.0225038	0.00483106	0.00270301	0.00495513	0.449839	0.00608757	0.0134545	0.193063	0.0628018	0.0156728	0.000874744	0.00337336
4	0.00526372	0.00934161	0.00113543	0.000807903	0.0444645	0.000968838	0.00604131	0.348266	0.00191504	0.387757	0.0688179	0.0011012	0.000437392	0.00400684	0.000864012	0.00307152	0.00525757	0.107043	0.000211681	0.00322755
5	0.0133202	0.00658621	0.0118516	0.00552163	0.00722128	0.00869134	0.0108994	0.00514996	0.0505805	0.0212844	0.0621215	0.201667	0.0193081	0.0460558	0.00490168	0.166013	0.327994	0.0232623	0.0011727	0.00639761
6	0.0280226	0.0307857	0.0164591	0.0393553	0.0693791	0.0153867	0.0476689	0.0117787	0.174899	0.0286466	0.0656286	0.0196051	0.0150074	0.158549	0.0717926	0.025498	0.0812805	0.0396171	0.0310831	0.0295565
7	0.0379236	0.0186368	0.00118249	0.000862462	0.00161848	0.00352861	0.000936738	0.309472	0.00125812	0.0674611	0.0169633	0.00460759	0.00040617	0.00128042	0.00159675	0.0124477	0.0207608	0.496497	0.000252426	0.00230739
8	0.0217679	0.00440649	0.0128042	0.0145713	0.0171409	0.0123594	0.0147456	0.0162036	0.391102	0.0414404	0.0224091	0.0416518	0.000521768	0.0224739	0.269934	0.0204826	0.036852	0.0223477	0.00053101	0.0162546
9	0.00502856	0.0155098	0.00243303	0.00814311	0.470516	0.00198978	0.00253918	0.0508101	0.00224375	0.0584877	0.00189705	0.00811899	0.00096884	0.0032366	0.00416458	0.00538867	0.0224836	0.025863	0.0280128	0.282165
10	0.0268345	0.0153846	0.0199645	0.00604977	0.00770339	0.0147752	0.00748465	0.00681477	0.0321286	0.0180533	0.0300336	0.137419	0.0147467	0.031084	0.00449906	0.212117	0.380792	0.020709	0.00131449	0.0120911
11	0.0540125	0.00507854	0.0124541	0.0156201	0.0502999	0.00495595	0.0865123	0.0168132	0.13743	0.0593095	0.0132363	0.0403483	0.0457845	0.0716511	0.153707	0.0468339	0.0447407	0.0146319	0.00562828	0.120951
12	0.0267626	0.00660342	0.469927	0.31865	0.00347809	0.00815763	0.0146855	0.00159714	0.00584971	0.0046124	0.0019398	0.047388	0.0381249	0.0167297	0.00356301	0.0141938	0.00543917	0.00466012	0.000575722	0.00706192
13	0.0542829	0.0123161	0.00814366	0.00375367	0.0100204	0.816216	0.00564295	0.00126311	0.00610099	0.00934954	0.00135537	0.00232964	0.000982451	0.0061193	0.00116804	0.0289151	0.0138455	0.0161161	0.000423351	0.00165621
14	0.0269395	0.0155842	0.471998	0.149943	0.00692222	0.00970167	0.0266526	0.0042274	0.0318703	0.0151383	0.00469568	0.0833496	0.020053	0.0260203	0.026642	0.0418341	0.0190363	0.00758381	0.00124101	0.0105674
15	0.0345783	0.0288891	0.0040304	0.00187881	0.0336362	0.00240892	0.00320826	0.231983	0.00871012	0.320336	0.0659178	0.00309659	0.000957043	0.00436268	0.00728405	0.0119854	0.0134195	0.182592	0.000868118	0.0398573
16	0.00591957	0.010044	0.00114283	0.000813474	0.0457602	0.000971199	0.00597059	0.341563	0.00204349	0.390855	0.0689405	0.00104657	0.000410821	0.0039289	0.000816195	0.00319004	0.00560071	0.106802	0.000222503	0.00395809
17	0.0570334	0.0302527	0.00492393	0.00420449	0.147238	0.00514575	0.00616129	0.214454	0.00642064	0.14969	0.0344433	0.00554685	0.00242197	0.00720164	0.00489855	0.0157356	0.0164342	0.242577	0.0222862	0.02293
18	0.0332475	0.0228877	0.00482576	0.00126388	0.00450238	0.0150806	0.00130273	0.010263	0.0109473	0.0126678	0.00174863	0.0164535	0.00788929	0.0108051	0.00109102	0.258749	0.550586	0.0225536	0.000358415	0.0127775
19	0.346195	0.198292	0.0112669	0.00248785	0.00623897	0.0720234	0.00260127	0.013342	0.00316711	0.00388029	0.0025682	0.0030911	0.00127716	0.00340566	0.00240821	0.149311	0.0996146	0.0746347	0.00126821	0.00292593
20	0.169424	0.0251889	0.00413585	0.0026055	0.003539	0.150996	0.01264	0.0040019	0.00350932	0.00482871	0.00256137	0.00460243	0.00116757	0.00414655	0.00250204	0.584003	0.0102886	0.00567276	0.00100461	0.00318243
21	0.0356169	0.00502559	0.016069	0.0223581	0.017134	0.0141761	0.0202532	0.0174051	0.335613	0.0410662	0.0209106	0.0436753	0.00333031	0.0421236	0.234874	0.0338093	0.0526283	0.0229922	0.0012356	0.0197038
22	0.015016	0.0202451	0.499795	0.143558	0.00359905	0.00367369	0.0265515	0.001852	0.0405204	0.0150265	0.00210822	0.0873201	0.0171411	0.0269652	0.0446615	0.0341014	0.00704367	0.0037858	0.000543566	0.00649205
23	0.0644281	0.0127078	0.00577017	0.00444579	0.00713682	0.0665901	0.0874313	0.00419448	0.217927	0.0420877	0.00451766	0.100687	0.0514949	0.0519349	0.00865093	0.165328	0.0717393	0.0230153	0.00126197	0.00865098
24	0.0405242	0.0194577	0.0156536	0.0133438	0.194334	0.0180232	0.0184756	0.0386298	0.0270372	0.0966431	0.0353338	0.0226165	0.013329	0.0267786	0.020752	0.0613539	0.0419587	0.0400765	0.181762	0.0739168
25	0.0104781	0.00631032	0.00942066	0.00451885	0.261694	0.00526617	0.0357591	0.00808313	0.00856167	0.0622217	0.00648177	0.00857905	0.00258171	0.0292341	0.0882391	0.0326955	0.0344963	0.0106225	0.0792842	0.295473
26	0.248012	0.00399918	0.00862029	0.0160773	0.00288209	0.0926084	0.0201655	0.00376693	0.0188708	0.0119543	0.0140749	0.0220659	0.00160714	0.0274276	0.0375006	0.226818	0.161431	0.0710364	0.000848535	0.0102328
27	0.106502	0.00347419	0.178838	0.163777	0.00881019	0.00412731	0.0634234	0.0397827	0.0264036	0.0300255	0.028055	0.0367549	0.00141158	0.0580278	0.00279341	0.143451	0.0294087	0.0701919	0.00082035	0.00392088
28	0.0392013	0.0108964	0.242814	0.02253	0.0123157	0.0216155	0.0245129	0.00668278	0.0246241	0.0172716	0.0100385	0.187398	0.0342309	0.0190521	0.00659639	0.116882	0.175394	0.0122396	0.00222324	0.0134814
29	0.052737	0.0138001	0.00962449	0.00512328	0.0256302	0.739805	0.00924935	0.00432496	0.00873	0.0261306	0.0055009	0.00790314	0.00350808	0.00916408	0.00386015	0.0322918	0.0161963	0.0184692	0.00202214	0.00592928
30	0.0570555	0.00329124	0.072114	0.19835	0.00396084	0.0188737	0.00691914	0.0197719	0.158402	0.0185837	0.0144665	0.0268043	0.00317038	0.0759853	0.0620867	0.0740165	0.109806	0.0629766	0.000439963	0.0129249
31	0.0551332	0.0103258	0.011187	0.021297	0.0549491	0.0172711	0.0227786	0.0620648	0.0682318	0.105123	0.105611	0.016949	0.00625258	0.0723006	0.122481	0.0673135	0.0422236	0.102851	0.00641599	0.0292409
32	0.0040477	0.00811967	0.00107803	0.000810699	0.0459701	0.000962481	0.00661258	0.348188	0.00204451	0.39502	0.0701203	0.00109238	0.000466094	0.00419339	0.000732565	0.00301241	0.00505246	0.0995073	0.000211985	0.002757
33	0.0537343	0.0152718	0.0107942	0.0144188	0.0105711	0.752523	0.00717859	0.00274967	0.0112577	0.0125394	0.00385052	0.00572441	0.00126897	0.0181959	0.0044264	0.0384978	0.0173691	0.0157601	0.000723123	0.00314455
34	0.0379303	0.0184944	0.00117999	0.000862683	0.00144491	0.00356837	0.000939711	0.310548	0.00126134	0.0658071	0.0167343	0.00466335	0.000403543	0.001285	0.00160665	0.0124455	0.0209181	0.497429	0.000251973	0.00222563
35	0.0142932	0.0132693	0.00688515	0.00455958	0.22676	0.00614226	0.00779416	0.00676553	0.0459736	0.170326	0.0762998	0.0272488	0.0168993	0.0101962	0.00889472	0.111366	0.0305248	0.0373733	0.100698	0.0777309
36	0.147815	0.110468	0.0851849	0.00258107	0.0031007	0.00683689	0.0126978	0.00243039	0.00375882	0.00731238	0.00493471	0.0191464	0.00213884	0.00415263	0.00192711	0.268261	0.276673	0.0046171	0.000692664	0.035271
37	0.0331896	0.0357924	0.00307928	0.0007684	0.0311311	0.0015133	0.00157289	0.248113	0.00416085	0.317465	0.0637894	0.00105182	0.000431342	0.00142574	0.00225381	0.00807932	0.00865999	0.213853	0.00023402	0.0234359
38	0.253804	0.0675467	0.101402	0.0128743	0.00816314	0.0394214	0.0190833	0.0100315	0.0191146	0.0106025	0.00779676	0.0273998	0.0055707	0.0156574	0.00977279	0.189501	0.145452	0.0395797	0.001321	0.0159053
39	0.0504545	0.00391279	0.355099	0.0561345	0.0169659	0.0271335	0.0550255	0.00230254	0.0458096	0.0172157	0.00214419	0.170565	0.00277035	0.0274591	0.00591679	0.0753509	0.0585344	0.00448983	0.000526356	0.0221889
40	0.0277019	0.0297395	0.00602276	0.00148416	0.00460226	0.0234393	0.00159352	0.00759942	0.0120705	0.0122819	0.00159862	0.018212	0.00689262	0.0118514	0.00165914	0.297129	0.50754	0.0157511	0.000360969	0.0124692
41	0.0649045	0.0020044	0.0419209	0.122723	0.00232665	0.0148242	0.00636863	0.027639	0.187862	0.0240311	0.0157899	0.0252078	0.000692751	0.0729325	0.0750592	0.0807403	0.143488	0.0758053	0.000291253	0.0153884
42	0.0395627	0.00454317	0.0117974	0.0130483	0.081184	0.00326459	0.0503013	0.0432865	0.107291	0.10293	0.0312192	0.0428839	0.0245572	0.0633336	0.139209	0.020546	0.0543423	0.0131844	0.00509115	0.148425
43	0.0353761	0.0349334	0.00321438	0.000745692	0.0319843	0.00146374	0.00125437	0.236916	0.00437853	0.321949	0.0650317	0.00104069	0.000369063	0.00120688	0.00242929	0.00730635	0.00889761	0.216505	0.000218022	0.0247802
44	0.0473906	0.0367076	0.00300264	0.000779355	0.0249078	0.00201757	0.001052	0.24433	0.00426442	0.281344	0.0596864	0.00144306	0.000621639	0.00124223	0.00289085	0.00727536	0.0107442	0.24497	0.000218779	0.0251109
45	0.0293504	0.025284	0.00492388	0.00115634	0.00460021	0.017111	0.00110611	0.00790963	0.012217	0.013153	0.00140715	0.0187964	0.00784762	0.0113222	0.00107488	0.257442	0.553213	0.0185799	0.00032632	0.0131786
46	0.428778	0.060078	0.010896	0.00821034	0.00550415	0.125965	0.00552585	0.0141192	0.00560629	0.00785272	0.00723721	0.00457768	0.00134825	0.00534016	0.00592665	0.194916	0.048025	0.0564151	0.00106762	0.00261099
47	0.166986	0.0244076	0.00416392	0.00263464	0.00346153	0.151143	0.0129547	0.00396253	0.00347058	0.00486739	0.00252131	0.00479411	0.00116925	0.0041221	0.00235884	0.587075	0.0102229	0.00564484	0.000832264	0.00320769
48	0.276248	0.0103642	0.0128851	0.0143485	0.0108474	0.15769	0.0164179	0.0146239	0.0188195	0.0606556	0.0730581	0.0149348	0.00351455	0.022482	0.0490688	0.109892	0.0551339	0.0656394	0.00275755	0.0106185
49	0.0726185	0.0107115	0.233573	0.193885	0.011333	0.0970074	0.0202771	0.00567845	0.0335486	0.0398227	0.0127583	0.0721541	0.00481967	0.0479342	0.00908829	0.0630995	0.0414547	0.0175561	0.00143036	0.0112496
50	0.0945392	0.0116517	0.0570077	0.0398784	0.0653248	0.0728683	0.00916003	0.00653078	0.0117961	0.0925465	0.0391085	0.133064	0.00418406	0.137029	0.00551588	0.102028	0.0422336	0.0397437	0.00186454	0.0339258
51	0.189873	0.114413	0.00302348	0.00245447	0.0135466	0.0114377	0.00296244	0.1279	0.00353808	0.0636436	0.0245053	0.0115392	0.00964667	0.00348614	0.00207047	0.0134861	0.0255724	0.354986	0.000792332	0.0211227
52	0.0233658	0.00400966	0.0129556	0.0126949	0.0220965	0.010391	0.0141457	0.022324	0.369112	0.0457734	0.0275881	0.0405283	0.00113601	0.0238244	0.268084	0.0188193	0.0341684	0.021148	0.000491761	0.0273437
53	0.00830081	0.0139614	0.00128119	0.000649559	0.043216	0.000880184	0.00473645	0.323542	0.00197197	0.388768	0.0666733	0.00095016	0.000403615	0.00309332	0.000839718	0.00351662	0.00518529	0.125977	0.00020996	0.00584325
54	0.00749118	0.0132765	0.00280761	0.00618703	0.426736	0.00235939	0.00432727	0.0377402	0.00985233	0.0995465	0.0172897	0.00848	0.00602913	0.00512079	0.00984455	0.021487	0.0230642	0.0263372	0.0645971	0.207426
55	0.0114076	0.0226874	0.463607	0.126412	0.00378334	0.0038233	0.0246887	0.00194291	0.0717547	0.0183978	0.00233545	0.0902304	0.00840212	0.0337159	0.0578727	0.0404481	0.00825313	0.0038587	0.000598985	0.00578005
56	0.0750551	0.047978	0.00138708	0.00126676	0.00401761	0.0044771	0.00138347	0.217365	0.00169077	0.0651675	0.0144565	0.00571131	0.00250967	0.00191934	0.0011522	0.0178957	0.0214357	0.508917	0.000341539	0.00587319
57	0.0723623	0.0141784	0.0415358	0.222418	0.00364381	0.0113428	0.00397903	0.00296674	0.116962	0.00458488	0.0104199	0.0599164	0.0691456	0.150706	0.0391622	0.127674	0.0290728	0.00524131	0.000771766	0.0139172
58	0.0280741	0.0248025	0.00673441	0.0014139	0.00511557	0.0191778	0.00138913	0.00675537	0.0151239	0.0140957	0.00171979	0.0231423	0.00789057	0.01233	0.00101349	0.248862	0.549052	0.0169413	0.00042154	0.0159447
59	0.0535671	0.0158036	0.0355698	0.0280601	0.0106378	0.691513	0.0095021	0.00311177	0.0137099	0.0127144	0.00408452	0.0124712	0.00210636	0.0152029	0.00572664	0.0420353	0.02141	0.0170815	0.00116181	0.00452975
60	0.0656467	0.00194661	0.0414598	0.122108	0.00235465	0.0142756	0.00615115	0.0265486	0.191701	0.0241706	0.0151991	0.0249607	0.000720218	0.0737158	0.076239	0.0792161	0.141674	0.0769328	0.000292925	0.0146867
61	0.09901	0.126569	0.0222281	0.13461	0.00566896	0.00557791	0.00544699	0.0580117	0.0250077	0.0627444	0.00482864	0.060746	0.020993	0.146493	0.00403797	0.0625932	0.0475539	0.101146	0.00151825	0.00521445
62	0.0330245	0.0237533	0.00387971	0.00199963	0.0235843	0.00290005	0.0026857	0.231074	0.0180696	0.379087	0.0481711	0.00250913	0.00089959	0.00353023	0.00304585	0.0087458	0.0154068	0.1649	0.000583092	0.0321502
63	0.253539	0.0036016	0.0100617	0.0186275	0.0028094	0.100134	0.022924	0.0024148	0.0221332	0.0116234	0.0118048	0.0218114	0.0014495	0.0311112	0.0399737	0.211101	0.157938	0.0657193	0.000710621	0.0105109
64	0.148218	0.0144248	0.00393503	0.00300816	0.00525012	0.0362229	0.00605137	0.00266223	0.0226341	0.00489981	0.00271165	0.00491572	0.44936	0.0061162	0.0135543	0.193071	0.062928	0.0158299	0.000878138	0.00332927
65	0.19252	0.113386	0.0033464	0.00273834	0.0131899	0.0125521	0.00326846	0.127008	0.0035345	0.0575553	0.0243064	0.0125782	0.0111381	0.0036331	0.00233015	0.0137483	0.0264708	0.354363	0.000848531	0.0214852
66	0.022315	0.00427939	0.012738	0.0142157	0.0168882	0.0123681	0.0150659	0.0161499	0.390269	0.0411615	0.0222739	0.0420189	0.000568344	0.0229741	0.269594	0.0212456	0.0369113	0.0221095	0.000567639	0.0162866
67	0.127979	0.130048	0.0123453	0.00602693	0.0390845	0.130223	0.00634123	0.00834968	0.00952883	0.012186	0.00633596	0.0072432	0.00285243	0.0122319	0.0300521	0.296409	0.0595761	0.0310449	0.0451601	0.026982
68	0.0780027	0.049878	0.0014686	0.00130565	0.00431483	0.00468819	0.00137512	0.215442	0.00180367	0.0670533	0.0151502	0.00573468	0.00252344	0.00191306	0.00117234	0.0187519	0.0213425	0.501302	0.000325421	0.00645185
69	0.0782496	0.019571	0.065139	0.226061	0.00485886	0.196834	0.00405055	0.00325301	0.0288296	0.0250241	0.0258105	0.0446148	0.00280096	0.10825	0.00251255	0.117954	0.0223302	0.019063	0.000822644	0.00397037
70	0.00752563	0.0122622	0.00302624	0.00307969	0.338996	0.00308492	0.00440044	0.0115782	0.0251901	0.205406	0.0598381	0.00894107	0.0158612	0.00417945	0.00495791	0.0477282	0.0261411	0.0264435	0.103558	0.0878017
71	0.136101	0.00622757	0.0235031	0.00447972	0.00582155	0.00955725	0.00555992	0.00437372	0.00694775	0.00750751	0.00405638	0.104899	0.00238807	0.00732652	0.0037309	0.606028	0.0298929	0.00702339	0.00136399	0.0232112
72	0.0520034	0.00571342	0.0181894	0.0287037	0.087129	0.0030173	0.0757417	0.0249895	0.107636	0.0699079	0.0214353	0.0403168	0.050394	0.086391	0.0959671	0.0239307	0.0633256	0.0224294	0.0103467	0.112432
73	0.0955219	0.00360263	0.0033599	0.00726992	0.0197512	0.0174034	0.0245382	0.13508	0.0497777	0.149764	0.120036	0.00415685	0.00149695	0.0390156	0.0530177	0.0384029	0.031932	0.190011	0.000809005	0.0150539
74	0.00629196	0.0128731	0.00282727	0.00492497	0.400408	0.0025238	0.00410463	0.0247123	0.0154679	0.142094	0.0311609	0.00802889	0.00946526	0.00433505	0.00795203	0.0301376	0.0239243	0.0247287	0.0819549	0.162084
75	0.114218	0.141969	0.0676674	0.00472975	0.00740168	0.128927	0.00772368	0.0108147	0.00709561	0.031382	0.0207113	0.010816	0.00271924	0.0145207	0.00529093	0.218773	0.160434	0.010209	0.00367539	0.0309223
76	0.120103	0.023104	0.0413436	0.00565939	0.0844089	0.0240005	0.0303762	0.00489928	0.0246698	0.0263694	0.0045383	0.0703248	0.233543	0.0509916	0.00433338	0.116192	0.0671823	0.00841696	0.00121821	0.0583254
77	0.0416579	0.0473039	0.0319764	0.0274028	0.0579128	0.0621777	0.00776001	0.00615422	0.0288056	0.267387	0.0961788	0.0762701	0.00226957	0.019221	0.00500852	0.0655648	0.0583351	0.0678228	0.00203394	0.0287575
78	0.0555222	0.00265937	0.344496	0.0447341	0.011066	0.0384944	0.0449342	0.00184802	0.040389	0.0156185	0.00175511	0.208187	0.00363131	0.0209366	0.00214644	0.0841611	0.0608886	0.00279906	0.000424154	0.0153085
79	0.0185362	0.00833366	0.169674	0.165844	0.00520797	0.0082422	0.0203748	0.00606095	0.248453	0.00892865	0.00447143	0.0382572	0.0053852	0.0949732	0.0856648	0.067041	0.0267601	0.008819	0.00102137	0.00795092
80	0.0482645	0.0321302	0.0325846	0.00670593	0.157742	0.00725366	0.0392661	0.00727415	0.0780018	0.0650402	0.00737848	0.0116959	0.00430469	0.0132744	0.00693067	0.0918222	0.191081	0.0347277	0.00274645	0.161776
81	0.00973827	0.0150917	0.00147116	0.000671803	0.0431609	0.000982489	0.00454422	0.322512	0.00207427	0.377805	0.0668146	0.000977334	0.000388694	0.0029741	0.000960602	0.00366917	0.0053496	0.133685	0.000187278	0.00694174
82	0.0373063	0.03549	0.00330464	0.000708964	0.0291855	0.00154148	0.00101572	0.240695	0.00451568	0.313385	0.0632035	0.000950644	0.000345619	0.00119517	0.00255228	0.00719376	0.00927055	0.221461	0.000201772	0.0264781
83	0.130109	0.00456659	0.00560371	0.00364355	0.00478305	0.00573726	0.00386185	0.0502009	0.00511465	0.0339345	0.0215901	0.00538113	0.0152126	0.00936539	0.00373714	0.253637	0.244416	0.164678	0.00114057	0.0332881
84	0.307679	0.0929627	0.0107171	0.00300278	0.00723675	0.243987	0.00284717	0.0130369	0.00306902	0.00491409	0.00222332	0.00187722	0.000800954	0.00363934	0.00180133	0.172749	0.0578514	0.065683	0.00146617	0.00245585
85	0.0282081	0.0248701	0.0694468	0.00459314	0.087791	0.0293308	0.313684	0.00710779	0.00650416	0.0238508	0.017127	0.129394	0.00264376	0.0216838	0.00336208	0.126131	0.0885265	0.0069803	0.00192141	0.00684251
86	0.0426123	0.0038879	0.196106	0.44434	0.00831973	0.0481524	0.00791722	0.00237128	0.0408239	0.00598673	0.0147202	0.0292707	0.00234822	0.0546807	0.00281867	0.0397658	0.0261076	0.0235106	0.000446871	0.00581375
87	0.0553937	0.00276297	0.34521	0.0447241	0.0110614	0.0377033	0.0453624	0.00178839	0.0410156	0.0160412	0.00176303	0.207389	0.00336362	0.0210857	0.00255716	0.0844567	0.0598537	0.00272842	0.000509266	0.0152299
88	0.0549656	0.0122229	0.00490319	0.00222344	0.00999698	0.823796	0.00554055	0.00118949	0.0059729	0.00938409	0.00124048	0.00186403	0.00058751	0.00586153	0.000936618	0.0284384	0.0131104	0.0161544	0.000383362	0.00122792
89	0.06463	0.00214111	0.0432025	0.122322	0.00249638	0.0165479	0.00638767	0.0300818	0.179348	0.024195	0.0174682	0.0272567	0.000781013	0.0710624	0.0728562	0.0850177	0.140102	0.0753435	0.000313033	0.018447
90	0.0370295	0.018096	0.00137767	0.000932778	0.00156873	0.00361717	0.00108046	0.318512	0.00138092	0.0640216	0.0163801	0.00471764	0.00052757	0.00146057	0.00160596	0.0124527	0.021193	0.491336	0.000289198	0.00242041
91	0.0102646	0.00464615	0.00762704	0.00431637	0.00468692	0.00687989	0.00407344	0.00420747	0.0568641	0.0217627	0.0623885	0.195828	0.0212069	0.0511841	0.00348119	0.171311	0.340435	0.0231188	0.00109175	0.00462644
92	0.0317787	0.0324399	0.385195	0.0731678	0.00634571	0.00739079	0.0402938	0.0045152	0.0382562	0.017665	0.00508308	0.115701	0.00819972	0.0387422	0.0781775	0.0820721	0.0161602	0.00844853	0.00125044	0.0091163
93	0.00369135	0.00752119	0.00106811	0.000957652	0.0461734	0.000976065	0.00674919	0.350978	0.00212546	0.394746	0.0715752	0.0011202	0.000471239	0.00480806	0.000756606	0.00303054	0.00503324	0.0956319	0.000215645	0.00237152
94	0.0809387	0.0277725	0.0136521	0.0470604	0.00539491	0.0187581	0.00748538	0.00758539	0.0773655	0.0103316	0.00791908	0.0331162	0.00538205	0.180782	0.062465	0.24057	0.126797	0.0374357	0.00110849	0.00808012
95	0.00902898	0.0133045	0.00331317	0.00255533	0.289503	0.00333187	0.00569389	0.00473359	0.0327391	0.224409	0.0881599	0.009847	0.0211311	0.00424821	0.00325732	0.0621574	0.0316864	0.0246468	0.102581	0.0636723
96	0.0146931	0.0237296	0.467939	0.119472	0.00400467	0.00388517	0.029306	0.00236964	0.0526655	0.0183899	0.00249911	0.0985608	0.0115554	0.0325972	0.0535247	0.0440352	0.00917747	0.00432515	0.000632577	0.00663866
97	0.0142049	0.0251738	0.0665332	0.0657416	0.0272728	0.149114	0.0297076	0.00663524	0.123592	0.0462113	0.0271965	0.0294544	0.00243424	0.084326	0.166816	0.0373887	0.018425	0.0105152	0.0214525	0.0478053
98	0.0496132	0.00724654	0.0320126	0.00567491	0.0110175	0.00773188	0.0081855	0.0831074	0.00864244	0.091975	0.0964545	0.00914457	0.00473654	0.033314	0.00549789	0.267763	0.214241	0.0270372	0.00188451	0.0347197
99	0.0437696	0.0136954	0.0104762	0.00800589	0.135142	0.0110804	0.0394712	0.0384516	0.0184767	0.251006	0.152508	0.0130627	0.0071934	0.0121082	0.00911507	0.0655227	0.0714316	0.0285377	0.0194796	0.0514665
100	0.0259687	0.0271975	0.00255859	0.000698652	0.0389509	0.00125762	0.00247052	0.259313	0.00360047	0.347834	0.0675392	0.00104588	0.000326652	0.00186545	0.00177469	0.00603082	0.00759712	0.185728	0.000184521	0.0180572
101	0.0431571	0.0245437	0.00151442	0.000782073	0.00684859	0.00440804	0.000917527	0.310484	0.00175498	0.118592	0.0282304	0.00378421	0.000498375	0.00120561	0.00212773	0.00981494	0.0187845	0.414301	0.000242694	0.00800829
102	0.0414998	0.0201334	0.00495502	0.00141487	0.00429331	0.0133138	0.00155818	0.0169909	0.00999462	0.0143472	0.00408561	0.0142356	0.00794188	0.0102553	0.00135394	0.266896	0.51654	0.0360222	0.000464444	0.0137033
103	0.382793	0.104217	0.012723	0.00191552	0.00640654	0.0792524	0.00227099	0.0172919	0.00197687	0.00307871	0.00196615	0.00193587	0.000808385	0.00262868	0.0019513	0.235212	0.0673126	0.0721798	0.00157878	0.00249997
104	0.179369	0.177119	0.0167999	0.00378867	0.0114778	0.136524	0.00537559	0.0119387	0.00630764	0.0127946	0.00598654	0.00546049	0.00196062	0.0124136	0.00863271	0.288039	0.0655723	0.0303892	0.00949869	0.0105525
105	0.0551023	0.00812529	0.0125973	0.0107709	0.018751	0.0153573	0.0589079	0.0127474	0.242535	0.0814404	0.0126873	0.0468923	0.0101812	0.0531038	0.166116	0.0731776	0.0804623	0.014879	0.00170218	0.0244637
106	0.0267424	0.0140801	0.484384	0.167683	0.00636104	0.0118497	0.024027	0.00322291	0.0266579	0.0126803	0.00399206	0.0811782	0.0220471	0.023456	0.0243589	0.0357055	0.0148233	0.00700377	0.000932373	0.00881506
107	0.0361914	0.074311	0.00632666	0.00514111	0.0241952	0.122026	0.0615051	0.00428788	0.211861	0.0109414	0.00523563	0.0915244	0.00862667	0.0870348	0.00539198	0.0906211	0.102457	0.00964706	0.00119298	0.0414815
108	0.0295763	0.0256442	0.00552169	0.00309483	0.007479	0.0158457	0.0013124	0.007064	0.0193996	0.0120934	0.00202694	0.0258228	0.00723215	0.0161445	0.00119542	0.236965	0.544208	0.0234419	0.000354363	0.0155785
109	0.390384	0.0922839	0.0114345	0.002108	0.00611592	0.0806603	0.00270003	0.0184349	0.00196341	0.00273449	0.00186084	0.0018501	0.000694361	0.00241027	0.0016504	0.251077	0.0572099	0.0716535	0.00102399	0.00174976
110	0.0219533	0.00431996	0.0125255	0.0135713	0.0196173	0.0116016	0.0155568	0.0168863	0.388005	0.0403301	0.0245653	0.0406165	0.000780503	0.0221013	0.2682	0.0204234	0.0356156	0.0238518	0.000639522	0.0188391
111	0.0127026	0.120202	0.00618367	0.0230946	0.0247218	0.00519876	0.0637199	0.0562497	0.0250172	0.221791	0.00512876	0.026155	0.0204429	0.0268235	0.00364696	0.0349877	0.0514616	0.265875	0.00143434	0.00516358
112	0.00367107	0.00749906	0.00106175	0.000956968	0.0461494	0.000975648	0.00675411	0.351161	0.00212958	0.394705	0.0715685	0.00112115	0.000472435	0.00480778	0.000772512	0.00302622	0.00502371	0.095559	0.000215646	0.00236942
113	0.0258051	0.00444794	0.0133421	0.0142994	0.0181054	0.0127674	0.0209984	0.0169878	0.357428	0.0402586	0.0215407	0.042446	0.00420973	0.0316727	0.26364	0.0268724	0.035488	0.0204507	0.000781314	0.0284586
114	0.0385004	0.00690365	0.0111967	0.0533315	0.0208282	0.00671078	0.00483482	0.0225673	0.0815022	0.0114464	0.00702948	0.0432657	0.00258887	0.0646382	0.0153525	0.115283	0.359976	0.11067	0.00102022	0.0223548
115	0.00505213	0.0155305	0.0024377	0.00814058	0.470362	0.00199346	0.00253906	0.0511332	0.00225129	0.0584533	0.00190309	0.00810966	0.0010052	0.0032419	0.00416576	0.00540857	0.0224458	0.0259234	0.0280581	0.281845
116	0.0656467	0.00194661	0.0414598	0.122108	0.00235465	0.0142756	0.00615115	0.0265486	0.191701	0.0241706	0.0151991	0.0249607	0.000720218	0.0737158	0.076239	0.0792161	0.141674	0.0769328	0.000292925	0.0146867
117	0.0386158	0.026961	0.00724776	0.00118578	0.00453748	0.0174294	0.00141852	0.00768946	0.0117861	0.013415	0.00190334	0.0187119	0.00923116	0.0123057	0.000993454	0.24888	0.542826	0.0192127	0.000315082	0.0153343
118	0.0410449	0.00631415	0.196725	0.414796	0.00751792	0.0766861	0.00614144	0.00188889	0.037495	0.00849632	0.0145204	0.0299275	0.00200835	0.0612694	0.00298133	0.0400147	0.0231374	0.0231387	0.000484107	0.00541276
119	0.0900625	0.0603822	0.0169266	0.0613527	0.0236536	0.0154112	0.0226171	0.0151151	0.033559	0.0273164	0.0144184	0.0188306	0.0591813	0.0303423	0.0973183	0.0419249	0.0916721	0.160626	0.00590479	0.113385
120	0.086589	0.0186055	0.0278879	0.0163092	0.0722086	0.0209664	0.028134	0.00738773	0.0300927	0.0247744	0.00845942	0.0505888	0.289863	0.0642591	0.0119412	0.128124	0.0586129	0.0152397	0.00295042	0.0370062
121	0.0284396	0.0297007	0.00271977	0.00066268	0.0326019	0.00138247	0.00194024	0.260636	0.00351754	0.330586	0.0657923	0.000874487	0.000300148	0.00161599	0.00196165	0.0063964	0.00770157	0.202937	0.00019241	0.0200406
122	0.0402918	0.0156867	0.0447333	0.0300991	0.0362004	0.0252436	0.140859	0.020266	0.0474031	0.0376323	0.0154719	0.174005	0.0129243	0.133659	0.0210232	0.069446	0.04645	0.0215548	0.00390067	0.0631503
123	0.147506	0.110247	0.0850818	0.0025779	0.0031044	0.00684731	0.0126672	0.00243083	0.00376862	0.00732385	0.00491328	0.0191078	0.00215663	0.00418133	0.00192925	0.268594	0.27703	0.00463103	0.000694319	0.0352074
124	0.413174	0.113291	0.0134762	0.00203563	0.00702346	0.0658649	0.00147809	0.0206598	0.00203745	0.00304991	0.00174979	0.00191348	0.00070432	0.00210739	0.00133235	0.182566	0.0714843	0.0938245	0.000654751	0.00157267
125	0.418175	0.111776	0.013891	0.00200073	0.00687259	0.0660411	0.00140019	0.019578	0.00197642	0.00233953	0.00154351	0.00177002	0.000639636	0.00212501	0.00133155	0.184867	0.0723657	0.0894431	0.000559126	0.00130452
126	0.00405506	0.00806523	0.00107017	0.000888655	0.0460746	0.000968154	0.00655191	0.350363	0.00195628	0.39249	0.0712933	0.00110812	0.000468698	0.00448755	0.000759145	0.00303115	0.00494322	0.0986268	0.000217604	0.00258125
127	0.0763013	0.0585889	0.0286776	0.0113686	0.0805005	0.0198678	0.151343	0.0542707	0.0216852	0.0824658	0.0224558	0.0400317	0.0094398	0.0252894	0.0116392	0.150271	0.0982537	0.0266843	0.00454715	0.0263188
128	0.0555741	0.0149572	0.0461051	0.126749	0.0149867	0.0200699	0.0191289	0.00701439	0.0608651	0.0150174	0.0133283	0.111278	0.166098	0.0869533	0.017305	0.147392	0.0464062	0.0146696	0.00194939	0.0141533
129	0.020713	0.0140258	0.488342	0.228785	0.00284848	0.00359431	0.0204746	0.00161114	0.0105862	0.00687237	0.00191588	0.0771335	0.0517983	0.0204902	0.0128634	0.0178237	0.00550526	0.00327821	0.000624418	0.0107134
130	0.0190056	0.00681112	0.0203573	0.0130074	0.107105	0.00526007	0.136854	0.0146617	0.0444269	0.0711629	0.00847691	0.0536691	0.010062	0.065731	0.0282226	0.0272678	0.0544514	0.0103599	0.00876579	0.294342
131	0.0456434	0.0328228	0.00247101	0.000672271	0.0185329	0.0026691	0.000945786	0.274298	0.00327736	0.221459	0.048916	0.0020152	0.000556924	0.00110509	0.00272684	0.00779333	0.012751	0.301284	0.000196704	0.0198633
132	0.0452346	0.0311762	0.00257662	0.000997767	0.0203004	0.00281499	0.00149586	0.27598	0.00451585	0.235183	0.0540608	0.00182092	0.000434482	0.00205231	0.00501101	0.0080058	0.0123722	0.276273	0.0002137	0.0194808
133	0.0369125	0.0352303	0.00338361	0.000712261	0.0291088	0.00147313	0.00098525	0.240212	0.00449498	0.315235	0.0635844	0.000934401	0.000317258	0.00119041	0.00255334	0.00713202	0.00911152	0.220953	0.000193877	0.0262826
134	0.123687	0.01525	0.00603884	0.00442414	0.00959279	0.679014	0.00652928	0.00403303	0.0076402	0.0188302	0.00759308	0.00427273	0.00142965	0.00749398	0.00495423	0.0457408	0.0207877	0.0288074	0.000865523	0.00301554
135	0.0556941	0.0124206	0.00718919	0.00427834	0.010865	0.788611	0.0120967	0.00161518	0.00893585	0.0107712	0.00183295	0.0055177	0.00133141	0.00862317	0.00280633	0.0330711	0.015593	0.0161597	0.000466413	0.00212057
136	0.0553244	0.0122116	0.0049532	0.00227069	0.00998802	0.821927	0.00559474	0.0012002	0.00605245	0.00940271	0.00124536	0.00193337	0.000630394	0.0058847	0.00100513	0.0289632	0.0133804	0.0164095	0.000383638	0.00123966
137	0.0532333	0.00979459	0.0102337	0.0470742	0.0182451	0.0122858	0.0162868	0.154631	0.0640867	0.140269	0.128487	0.0104527	0.00383985	0.107458	0.0549183	0.0438557	0.0321687	0.0767159	0.00287095	0.0130931
138	0.0281828	0.00721355	0.472689	0.307948	0.00338701	0.00686338	0.0156897	0.00154522	0.00589887	0.00431439	0.00199344	0.0498622	0.0410815	0.017205	0.00413819	0.0146957	0.00506338	0.00433976	0.000588587	0.0073004
139	0.237188	0.0170764	0.0454079	0.0217346	0.0152141	0.0549648	0.0711799	0.0114501	0.0890514	0.022218	0.0149861	0.0351394	0.0193495	0.0381641	0.0317047	0.14562	0.0751066	0.0381788	0.00201794	0.0142476
140	0.0660865	0.00671991	0.0108058	0.0723908	0.0123265	0.00871621	0.00945952	0.0672813	0.0960721	0.0502781	0.129666	0.0124623	0.00281725	0.0517867	0.222079	0.0925902	0.0275927	0.0501145	0.00177085	0.00898359
141	0.107235	0.00349385	0.188152	0.178789	0.00856556	0.00686692	0.0566731	0.032169	0.0272647	0.0198739	0.027212	0.053672	0.00156209	0.0650386	0.00320038	0.135814	0.0226274	0.0574439	0.000673931	0.00367288
142	0.0444529	0.0251936	0.00145602	0.00132783	0.0058878	0.0036051	0.00211292	0.284805	0.00257411	0.0869513	0.0207776	0.00473795	0.000864563	0.0021784	0.00207965	0.0139612	0.0203566	0.471407	0.000589712	0.00468085
143	0.070258	0.0225198	0.00882094	0.00294373	0.00940664	0.0185538	0.00396613	0.010884	0.0154669	0.0149784	0.00593635	0.0223132	0.0868458	0.0147927	0.00422307	0.221356	0.42216	0.028468	0.000718589	0.0153887
144	0.0486017	0.0103	0.0115238	0.0179488	0.0225151	0.0154383	0.0161315	0.0491085	0.0408571	0.0950718	0.157596	0.0192599	0.00425561	0.103718	0.0763484	0.0507674	0.14112	0.101827	0.00379976	0.0138109
145	0.083273	0.0179085	0.00822811	0.0101364	0.00653455	0.0244241	0.00627042	0.0137529	0.0204357	0.0154208	0.0075018	0.0197805	0.0104114	0.0385235	0.0101483	0.228666	0.407365	0.0548357	0.000621345	0.0157622
146	0.303172	0.00758389	0.0517724	0.0110373	0.00464774	0.093745	0.0461072	0.00370359	0.0618553	0.0112434	0.00954218	0.0262982	0.00217766	0.0318658	0.0360548	0.144554	0.112942	0.0329089	0.00122147	0.00756589
147	0.266465	0.00322472	0.0112258	0.0181336	0.00271497	0.108809	0.0271937	0.00208369	0.0213362	0.0138784	0.0114156	0.0192673	0.00146231	0.0327902	0.0422691	0.198582	0.149653	0.0600554	0.000583601	0.00885587
148	0.0611945	0.00672588	0.062978	0.0385049	0.00769448	0.0458388	0.0121883	0.0275253	0.265495	0.0130815	0.00900137	0.0368975	0.00566096	0.166236	0.103794	0.0742655	0.0346244	0.0159509	0.00227213	0.0100704
149	0.212694	0.00415919	0.0895295	0.139804	0.020618	0.00544489	0.0546114	0.0340094	0.0156873	0.0149659	0.0409317	0.0214781	0.00225297	0.101342	0.00382812	0.132433	0.0168265	0.0841942	0.00134504	0.00384318
150	0.0648142	0.0245877	0.0159488	0.0123281	0.00992026	0.1022	0.0126624	0.00781018	0.0303199	0.0167011	0.0146213	0.0595139	0.00956928	0.0588182	0.0173237	0.251319	0.25376	0.0242057	0.00200761	0.0115691
151	0.0273617	0.0105195	0.0160002	0.0153722	0.0141575	0.0617131	0.075626	0.028779	0.228623	0.0328534	0.0322124	0.0455027	0.003607	0.0527566	0.193912	0.056391	0.0715294	0.0155125	0.00295339	0.0146169
152	0.00666523	0.0142659	0.00327039	0.00728908	0.433768	0.00219927	0.00634572	0.0421479	0.0078355	0.0847121	0.0118226	0.00944554	0.00395925	0.00587743	0.00881805	0.0151817	0.0248188	0.0257524	0.0406788	0.245147
153	0.0446144	0.00427741	0.178836	0.438268	0.00857743	0.0462955	0.0098185	0.00385129	0.0437999	0.00623601	0.0175677	0.029693	0.00154589	0.0580751	0.0028534	0.045372	0.0270728	0.0268061	0.000510215	0.00592911
154	0.131058	0.00525142	0.0057197	0.00352463	0.00498306	0.00589101	0.00372346	0.0526775	0.00501539	0.0339452	0.0201104	0.00548001	0.0170021	0.00932091	0.00367416	0.253994	0.249526	0.157919	0.00110612	0.030078
155	0.0265889	0.0122595	0.0186976	0.0126449	0.0258332	0.0116161	0.029803	0.014469	0.342252	0.0665562	0.018884	0.0424815	0.00354798	0.0269518	0.226081	0.0269365	0.0540303	0.0185206	0.00125553	0.0205899
156	0.00501995	0.00887982	0.0011577	0.00094624	0.0458438	0.000967261	0.00645074	0.346295	0.00213696	0.390119	0.0712897	0.00106329	0.000482489	0.0045955	0.000841095	0.00320833	0.00516088	0.102013	0.000217206	0.00331206
157	0.00502898	0.01553	0.00243625	0.00813666	0.470168	0.00200049	0.00254632	0.0508058	0.00224528	0.0584669	0.00190213	0.0080924	0.000997078	0.00324086	0.00427501	0.0053955	0.0224492	0.0259224	0.0281875	0.282173
158	0.0450771	0.0067149	0.338233	0.047876	0.018167	0.026248	0.0863789	0.00286957	0.0361759	0.0168375	0.00354195	0.174175	0.00498823	0.0247023	0.00760317	0.0783979	0.0537903	0.00481394	0.000550373	0.0228584
159	0.0942668	0.00442337	0.00331661	0.00711389	0.0193591	0.0164874	0.0242238	0.138656	0.0489079	0.154291	0.121777	0.00415931	0.001425	0.0376309	0.0508861	0.036341	0.0315416	0.189399	0.000769927	0.0150244
160	0.0379303	0.0184944	0.00117999	0.000862683	0.00144491	0.00356837	0.000939711	0.310548	0.00126134	0.0658071	0.0167343	0.00466335	0.000403543	0.001285	0.00160665	0.0124455	0.0209181	0.497429	0.000251973	0.00222563
161	0.0155131	0.00728895	0.0242928	0.00888245	0.142106	0.00533483	0.119519	0.00953307	0.0285238	0.0724162	0.00634543	0.034224	0.00520229	0.0530884	0.0273345	0.0266192	0.056102	0.00922089	0.0178422	0.33061
162	0.0664277	0.0266889	0.0732128	0.260823	0.00467554	0.184756	0.00402781	0.00318459	0.0332214	0.0203133	0.0261856	0.0319327	0.00308972	0.11544	0.00354345	0.093389	0.0276601	0.0165072	0.000826338	0.00409409
163	0.0425445	0.00346883	0.209903	0.400695	0.014666	0.0277535	0.0208122	0.00729132	0.0404906	0.00786146	0.0139329	0.0381627	0.0030543	0.0517159	0.00453183	0.0454057	0.0228569	0.0358975	0.000646457	0.0083097
164	0.041283	0.00754407	0.126217	0.271329	0.0113313	0.0269112	0.0140407	0.00854871	0.133045	0.0129213	0.0125425	0.0352787	0.0128446	0.0855824	0.0428984	0.0586166	0.044722	0.0251723	0.0020492	0.0271215
165	0.0254953	0.0297991	0.00246201	0.000629479	0.0352966	0.0012557	0.00218864	0.272065	0.00321838	0.335564	0.0649383	0.000872353	0.00031822	0.00169229	0.00173711	0.00598681	0.00731184	0.190863	0.000172366	0.0181337
166	0.0561052	0.0122072	0.00487368	0.00221454	0.0100533	0.822154	0.00553061	0.0012096	0.00601006	0.00947524	0.00124412	0.0018673	0.000586576	0.00587024	0.000986444	0.0285662	0.0130826	0.0163046	0.000405429	0.00125286
167	0.0586423	0.0540248	0.0120816	0.0125771	0.0110169	0.0800108	0.0115554	0.00937385	0.0493649	0.0146944	0.00781722	0.0198938	0.00408506	0.0856685	0.0743015	0.331606	0.127487	0.0215161	0.004864	0.00941874
168	0.0371743	0.0353211	0.00326559	0.00069436	0.0295256	0.00154506	0.00103052	0.243686	0.00437387	0.313018	0.0631792	0.000955485	0.000340763	0.00124815	0.0025531	0.00698936	0.00914493	0.220012	0.000194767	0.0257481
169	0.0353085	0.0150625	0.00488408	0.00526272	0.277249	0.00406459	0.00556326	0.211506	0.00557867	0.138563	0.0267429	0.00621355	0.00224796	0.00630839	0.00426523	0.0118118	0.0149057	0.117997	0.0362855	0.0701788
170	0.0548265	0.0124162	0.00508853	0.00246751	0.0100598	0.819842	0.00564818	0.00140768	0.0060929	0.010026	0.00125379	0.00217869	0.000621798	0.0063816	0.00103066	0.0288455	0.0135918	0.0164051	0.000416108	0.00139909
171	0.0717974	0.0176835	0.0164026	0.00704433	0.0139991	0.0220331	0.0111673	0.00863441	0.0223114	0.0158218	0.00925392	0.0345691	0.22111	0.0190108	0.00847625	0.168599	0.29383	0.022439	0.00176159	0.0140551
172	0.0370653	0.0215343	0.00139024	0.000796751	0.00606375	0.00340662	0.00099543	0.30858	0.00152995	0.107289	0.0245423	0.00389758	0.000380524	0.00121192	0.00184787	0.010751	0.0185442	0.444376	0.0002521	0.00554567
173	0.0291024	0.0179757	0.0586903	0.00978629	0.0647458	0.0218816	0.300058	0.0114119	0.016951	0.0267778	0.0165028	0.161761	0.00482165	0.0350415	0.00575202	0.115322	0.0661857	0.0105508	0.00197302	0.0247093
174	0.147521	0.11067	0.0848793	0.00253298	0.00304415	0.00678742	0.0129228	0.00245406	0.00382964	0.00731047	0.0049157	0.0190015	0.00220293	0.0041619	0.00190689	0.26824	0.277007	0.00460484	0.000692399	0.0353155
175	0.00999229	0.0146458	0.0013804	0.00065832	0.0411755	0.000926526	0.00453397	0.321452	0.00207554	0.381113	0.0672554	0.000924572	0.000368807	0.00303626	0.000894969	0.00362958	0.00531392	0.133273	0.000189935	0.00715959
176	0.232591	0.0935026	0.133737	0.00872499	0.00939383	0.0131268	0.0428061	0.00731874	0.0760395	0.0124301	0.038297	0.0129657	0.00403004	0.0140948	0.0364696	0.0925565	0.0541315	0.104824	0.00232957	0.0106314
177	0.0835669	0.00985723	0.00988275	0.00852544	0.31193	0.00931865	0.0102855	0.220948	0.0110068	0.0166363	0.00793479	0.0111769	0.00380787	0.0128608	0.00604502	0.024477	0.0199443	0.102076	0.102453	0.017267
178	0.02994	0.020418	0.0664521	0.00505394	0.0817156	0.0235189	0.320939	0.00761864	0.00602643	0.0265284	0.0199395	0.141385	0.00245862	0.0266471	0.0034562	0.121164	0.0804815	0.00673208	0.00140127	0.00812293
179	0.0858396	0.0188203	0.0359566	0.0208631	0.0348205	0.0245152	0.0607812	0.0104788	0.0358958	0.0254661	0.0109258	0.0409305	0.315462	0.0351306	0.0191216	0.108641	0.0620217	0.0202971	0.00336671	0.0306659
180	0.0554265	0.00254054	0.344848	0.0439074	0.011256	0.0376152	0.0457757	0.00175945	0.0407736	0.0156416	0.00172003	0.207664	0.00356086	0.0211375	0.00193021	0.084308	0.0613624	0.00275775	0.000412939	0.0156027
181	0.0561414	0.0124783	0.00544746	0.00268775	0.0102971	0.803614	0.00597836	0.00139467	0.00673968	0.00979938	0.00151845	0.00276235	0.00113274	0.00679475	0.00198106	0.0318443	0.020244	0.0165174	0.000539403	0.00208707
182	0.0217846	0.0043047	0.0132017	0.0149094	0.0168239	0.0136091	0.0147972	0.0164509	0.389047	0.0398637	0.0222888	0.0419506	0.000513571	0.0238845	0.270491	0.0204476	0.0368267	0.022057	0.000644714	0.0161029
183	0.0918773	0.113883	0.0342378	0.00370288	0.00929872	0.199893	0.00588281	0.0199148	0.0080465	0.0283103	0.0104802	0.00667415	0.00175847	0.0256777	0.00901149	0.311843	0.0887081	0.0109748	0.0067975	0.0130278
184	0.00502856	0.0155098	0.00243303	0.00814311	0.470516	0.00198978	0.00253918	0.0508101	0.00224375	0.0584877	0.00189705	0.00811899	0.00096884	0.0032366	0.00416458	0.00538867	0.0224836	0.025863	0.0280128	0.282165
185	0.415775	0.110139	0.013816	0.00223016	0.00764846	0.0635573	0.00150679	0.0200254	0.00226823	0.00283882	0.00166879	0.00192674	0.00085058	0.00229684	0.00164635	0.182443	0.0730868	0.094105	0.000567644	0.001603
186	0.0314536	0.0222063	0.00480645	0.00159289	0.00437492	0.015311	0.00159379	0.0142022	0.0104088	0.0131352	0.00310857	0.014863	0.00741595	0.0103572	0.00146287	0.286493	0.521732	0.0231591	0.000473249	0.0118492
187	0.0786056	0.0189711	0.00525927	0.00225974	0.00971631	0.771136	0.00532976	0.00239326	0.00562564	0.00928003	0.00136665	0.00194408	0.000670462	0.00560902	0.00110173	0.0425103	0.016545	0.0197751	0.000484637	0.00141592
188	0.318574	0.023831	0.0110931	0.0219155	0.00640685	0.283928	0.0123717	0.00650351	0.0116919	0.0133847	0.00940541	0.00849142	0.00181409	0.0119227	0.0128729	0.155714	0.0484153	0.0358371	0.00124761	0.00457881
189	0.0382445	0.0115871	0.191707	0.295392	0.0544984	0.030017	0.0217107	0.00793889	0.0445415	0.0181613	0.0123962	0.0415652	0.0118972	0.0423271	0.0172364	0.0448099	0.0352451	0.0249813	0.00339663	0.0523463
190	0.0363774	0.00506323	0.249544	0.420203	0.00736251	0.0528901	0.00753003	0.00179126	0.0328236	0.00662298	0.0118956	0.0301551	0.00740046	0.0476442	0.00300712	0.0319222	0.0213917	0.0199539	0.000445184	0.00597662
191	0.0561055	0.0133309	0.00561674	0.0033518	0.0100261	0.803057	0.00574419	0.0015007	0.0061993	0.00989304	0.00163692	0.00247023	0.000943079	0.00645679	0.00154503	0.0387872	0.0147555	0.0165079	0.00037946	0.00169293
192	0.00515145	0.0167348	0.00316391	0.00952185	0.459149	0.00207769	0.00385676	0.0493887	0.00299847	0.05975	0.00227052	0.00997767	0.00114284	0.00412656	0.00469687	0.00648922	0.0249646	0.024858	0.0269579	0.282724
