490	20
1	0.0904124	0.00155383	0.0188753	0.0628931	0.0100595	0.0317501	0.0500973	0.0112692	0.0515238	0.0056996	0.0299144	0.0405628	0.0685346	0.106494	0.0377347	0.202899	0.136497	0.0324832	0.00110054	0.00964553
2	0.0275688	0.00420917	0.0101344	0.00191712	0.00407665	0.0029684	0.00374951	0.161961	0.000974161	0.0332205	0.0361402	0.00213934	0.0200151	0.00868695	0.000975158	0.00724946	0.0166888	0.653567	0.00100757	0.00275084
3	0.00758155	0.00212714	0.00172044	0.00197465	0.0029197	0.0308283	0.0493714	0.00496395	0.00198244	0.00628544	0.004408	0.58085	0.0150415	0.00420855	0.0149866	0.254757	0.0057031	0.00634043	0.00185156	0.00209839
4	0.669169	0.0153489	0.00321368	0.000382277	0.000664797	0.052246	0.000412835	0.00184311	0.000475465	0.00143905	0.00143973	0.00438075	0.000511555	0.000442586	0.000433287	0.209334	0.0274042	0.0101221	0.000408306	0.00032894
5	0.0173237	0.00328447	0.000237114	0.000171761	0.0361993	0.00340319	0.000203405	0.248637	0.000173944	0.39554	0.148777	0.00179887	0.00013915	0.00105667	0.00026747	0.000854034	0.0116735	0.129623	0.000267793	0.000369377
6	0.0305794	0.0069361	0.00680945	0.0574911	0.0139394	0.0152071	0.0101385	0.0183502	0.00819495	0.0753488	0.0178225	0.0103199	0.0989556	0.0100008	0.00659952	0.0227571	0.15539	0.171884	0.148813	0.114463
7	0.0163541	0.00317811	0.000238511	0.000172353	0.0360013	0.00315336	0.00020174	0.246771	0.000177988	0.399892	0.149581	0.00184658	0.000136739	0.00108897	0.000270624	0.000648917	0.0114109	0.12823	0.000257042	0.000389403
8	0.0138213	0.00317312	0.000734289	0.00029631	0.0092171	0.00275062	0.000955052	0.40037	0.000245621	0.161614	0.031311	0.000409164	0.00205624	0.000820354	0.00028196	0.00347345	0.0127675	0.354215	0.000601335	0.000886847
9	0.083737	0.0125209	0.000127682	0.000446837	0.0658432	0.0174465	0.000180928	0.300834	0.000162244	0.209698	0.0213915	0.000172353	0.000579074	0.000784762	0.000114817	0.00962122	0.0208469	0.245007	0.00504349	0.00544107
10	0.513445	0.0135033	0.00411198	0.000869438	0.0189688	0.108131	0.00095823	0.054718	0.000971323	0.0251026	0.0107831	0.00132472	0.00466719	0.00131696	0.000820817	0.0546291	0.0918219	0.0916577	0.000886944	0.0013116
11	0.685378	0.0127433	0.00324382	0.000322364	0.00036457	0.0381807	0.000301586	0.0013655	0.000353009	0.000839039	0.00108947	0.00444228	0.000236578	0.000335366	0.000374685	0.213599	0.0267655	0.00951828	0.000243776	0.00030253
12	0.0695884	0.0127794	0.000114452	0.000462158	0.0701851	0.0153054	0.000173651	0.307895	0.000109181	0.232934	0.0245171	0.000139002	0.000113149	0.000872979	0.000114119	0.00688156	0.0114753	0.235007	0.00544763	0.00588487
13	0.136922	0.543721	0.00218111	0.00185152	0.00332412	0.032531	0.00186134	0.00496962	0.00191709	0.0422715	0.00459195	0.00276349	0.00159372	0.00267861	0.00179783	0.183082	0.00641432	0.0216167	0.00172927	0.00218156
14	0.0477306	0.0348635	0.00123117	0.000878804	0.0183991	0.00514882	0.000949495	0.246603	0.000768558	0.0384173	0.0212948	0.0132413	0.000569523	0.000895484	0.000610443	0.061905	0.184556	0.320484	0.000635923	0.000816943
15	0.0224805	0.00502917	0.000726212	0.00135506	0.499955	0.00758125	0.00544937	0.0134522	0.00248323	0.0892101	0.0108137	0.0010148	0.000484574	0.000916496	0.000688058	0.00602258	0.00339867	0.032953	0.0452692	0.250717
16	0.159993	0.0249923	0.00148592	0.000426386	0.0640215	0.0206827	0.000455042	0.112908	0.0012463	0.181186	0.135273	0.00293541	0.000383159	0.000520778	0.00108333	0.0468899	0.0924332	0.1372	0.00569461	0.0101879
17	0.00991708	0.0025363	0.000589422	0.000193964	0.00769853	0.00235961	0.000886043	0.480733	0.000191303	0.126277	0.0330453	0.000196301	0.00100928	0.000675944	0.000191853	0.00319201	0.0140399	0.315758	0.000148675	0.000361462
18	0.329199	0.0378684	0.00287	0.000799561	0.00165463	0.451773	0.00217666	0.00974779	0.00124576	0.00631238	0.00185529	0.00379881	0.00247692	0.00158212	0.00178655	0.100969	0.00706524	0.033061	0.00294324	0.000814595
19	0.0213439	0.00309069	0.000774289	0.00141426	0.473075	0.0058713	0.00848431	0.0105168	0.00332445	0.0436674	0.00715722	0.0011043	0.00056692	0.00179207	0.00161105	0.00418229	0.00610528	0.0220035	0.0295526	0.354362
20	0.131226	0.00984237	0.0184241	0.027252	0.0122835	0.0461374	0.0189361	0.0242322	0.0733121	0.0275965	0.0291966	0.0410967	0.031692	0.0424846	0.126454	0.154519	0.11671	0.0416736	0.00852119	0.0184093
21	0.0234351	0.00343989	0.000731584	0.00108566	0.590612	0.00279585	0.0033688	0.0102009	0.00213251	0.0518006	0.00463721	0.00102057	0.000545517	0.00084125	0.000653538	0.00319084	0.00335973	0.0251145	0.0200503	0.250984
22	0.0327753	0.00181292	0.00300507	0.00264051	0.122812	0.0157229	0.0340762	0.0367098	0.00398801	0.0313242	0.015809	0.00539126	0.00134345	0.00789759	0.00713348	0.0101922	0.0184379	0.0184297	0.0775044	0.552994
23	0.276134	0.00835007	0.00404132	0.000987604	0.00237203	0.440148	0.00677157	0.00420401	0.00259741	0.00961227	0.00226088	0.00844931	0.00425079	0.00181683	0.00536337	0.20243	0.0046079	0.0116216	0.00274481	0.00123672
24	0.0629535	0.00352319	0.00265276	0.00374269	0.00623967	0.0265492	0.0295622	0.0710723	0.156074	0.130091	0.0198953	0.00899514	0.00181462	0.0259817	0.256091	0.0310508	0.0376331	0.0409446	0.0259325	0.0592013
25	0.0228482	0.00683943	0.000995904	0.00167848	0.448188	0.00704207	0.00779478	0.0236256	0.00366373	0.0748998	0.013601	0.00174116	0.00050737	0.000906713	0.00104672	0.00571476	0.00577496	0.0367184	0.0591997	0.277213
26	0.0156723	0.00307933	0.000234213	0.000172967	0.0340275	0.00312098	0.000216005	0.275283	0.000179197	0.373217	0.144272	0.00179886	0.000144476	0.00106373	0.000267642	0.000885541	0.0116482	0.134165	0.000183996	0.000367817
27	0.137433	0.00204799	0.0783269	0.105978	0.00636098	0.0188016	0.0188729	0.0111531	0.0337966	0.0214086	0.0630509	0.0333521	0.029697	0.140837	0.0219256	0.0979117	0.127302	0.0424871	0.00275083	0.00650565
28	0.0727587	0.000814237	0.0289745	0.0166847	0.0111761	0.0297386	0.0352115	0.0327521	0.0840258	0.011429	0.0232399	0.174398	0.00066647	0.0344791	0.109884	0.0874943	0.0795044	0.0545803	0.022232	0.0899563
29	0.0155494	0.00168472	0.0131365	0.00406753	0.000869337	0.012559	0.0252845	0.00132298	0.442848	0.00263295	0.00235206	0.0404684	0.000403325	0.024614	0.340843	0.0380215	0.0263864	0.00188797	0.000556542	0.00451221
30	0.0466674	0.00734883	0.00181891	0.000801015	0.0167372	0.0043756	0.00106129	0.207348	0.000364352	0.0794736	0.0185286	0.000650404	0.00440068	0.00180118	0.00030476	0.00686665	0.0169449	0.579461	0.00161214	0.00343336
31	0.0515915	0.00933857	0.00227867	0.000501415	0.07587	0.0130118	0.000304917	0.12348	0.000363714	0.334958	0.198457	0.00569325	0.000353903	0.00109302	0.00123765	0.0268206	0.0436709	0.102875	0.000568161	0.00753131
32	0.0800042	0.0183382	0.00150044	0.0312119	0.00186248	0.0917634	0.0236847	0.0343665	0.176814	0.0385679	0.0521124	0.0259457	0.00190932	0.112756	0.168366	0.0379609	0.0404081	0.0545172	0.00146753	0.00644288
33	0.193764	0.00603758	0.000194029	0.000240509	0.0327092	0.0432349	0.000275681	0.233663	0.000217547	0.0762702	0.00918868	0.000335595	0.00320435	0.0002399	0.00020613	0.03561	0.0697316	0.290159	0.00284787	0.00187078
34	0.212287	0.00156388	0.00793775	0.0559395	0.00294101	0.0079477	0.00869192	0.0189068	0.0909536	0.0392106	0.0634028	0.0238673	0.121512	0.084216	0.0561124	0.0521277	0.0870058	0.0613373	0.00124248	0.00279655
35	0.0992859	0.0228019	0.0039237	0.00309966	0.0141786	0.0170357	0.00302258	0.0968234	0.00241344	0.0403858	0.0334441	0.00505452	0.00867307	0.00452425	0.00360854	0.0458271	0.340259	0.248019	0.00350242	0.00411679
36	0.0132118	0.000680264	0.00787207	0.00942542	0.0012622	0.00327683	0.0104077	0.00198795	0.00457656	0.00233959	0.00170262	0.00103529	0.912261	0.00479766	0.0045673	0.00209526	0.00606552	0.0110613	0.000603783	0.0007697
37	0.671062	0.0127138	0.0030798	0.000472145	0.000417972	0.0371188	0.000330584	0.00170557	0.000379455	0.00092743	0.00185608	0.00472578	0.000262682	0.000561821	0.000406139	0.223111	0.0305464	0.00967957	0.000323382	0.000318998
38	0.0127412	0.0444866	0.00316498	0.101667	0.0458149	0.00637855	0.182613	0.0684411	0.02417	0.0722865	0.0260923	0.0240892	0.00245552	0.00380919	0.0423447	0.00883641	0.00923987	0.164644	0.0676305	0.0890951
39	0.109623	0.00181875	0.124006	0.145554	0.0031831	0.0044731	0.0326233	0.00455314	0.00194853	0.00618556	0.018186	0.388931	0.00178825	0.0163945	0.00213708	0.0481194	0.019457	0.00595103	0.00146	0.0636081
40	0.0101302	0.00519796	0.667781	0.0240254	0.00355111	0.0287104	0.0138011	0.00573244	0.0116548	0.00759097	0.00597374	0.163743	0.00291782	0.00825233	0.00534469	0.0144095	0.00742504	0.00829091	0.00218335	0.00328438
41	0.0342655	0.00096037	0.000886249	0.000507999	0.000420653	0.93894	0.000853548	0.000639229	0.000564107	0.00191606	0.000545805	0.000923654	0.00113198	0.0013426	0.000837783	0.0103857	0.00183012	0.00231213	0.000320643	0.000415509
42	0.0733431	0.00973369	0.00138213	0.0194714	0.00250411	0.0439156	0.0330528	0.0451841	0.177242	0.0579215	0.0540494	0.0181423	0.00153608	0.0939736	0.211883	0.039244	0.0344939	0.0550263	0.00500654	0.0228942
43	0.0571156	0.00280257	0.361291	0.107331	0.00385306	0.0122113	0.0295091	0.00504096	0.00549462	0.006764	0.0112884	0.287069	0.00221837	0.0179095	0.0029257	0.0309697	0.0144944	0.00661844	0.00143941	0.0336525
44	0.019597	0.00237696	0.000790433	0.00175473	0.323502	0.00887479	0.0162854	0.00849827	0.00385066	0.0209449	0.00846395	0.00134123	0.00061914	0.00339655	0.00330907	0.00504907	0.00923495	0.0146383	0.0321671	0.515306
45	0.0164032	0.00307118	0.0694199	0.0472776	0.00436812	0.00683024	0.0575857	0.0122702	0.00272896	0.0353291	0.0734949	0.0256064	0.00361789	0.00473382	0.00294771	0.00977525	0.0348862	0.584013	0.00196173	0.00367863
46	0.0970608	0.00179887	0.0216817	0.0142856	0.00204283	0.00739211	0.0114597	0.0249269	0.085645	0.0153924	0.0098513	0.0311166	0.2855	0.0700733	0.0968599	0.019564	0.118877	0.0841476	0.00083602	0.00148841
47	0.0909257	0.0115493	0.00307336	0.00287287	0.00860591	0.0063068	0.00361813	0.0234095	0.00276243	0.0154779	0.0896627	0.0039839	0.0109186	0.0039639	0.00251529	0.0369534	0.627541	0.0509162	0.00200282	0.00294017
48	0.0131889	0.00666649	0.286599	0.0480192	0.0123148	0.0206407	0.196744	0.00957945	0.0219716	0.0120009	0.0106605	0.160462	0.00339837	0.0867178	0.00569879	0.052932	0.0214504	0.00948245	0.00167209	0.0198002
49	0.0173743	0.00518655	0.00928878	0.00321243	0.00232575	0.0088749	0.0191707	0.0031107	0.389902	0.00761745	0.00566069	0.0281725	0.00759974	0.0356388	0.398912	0.0287786	0.0192302	0.00321356	0.00113446	0.00559643
50	0.0725906	0.000780916	0.0289104	0.0166724	0.0111949	0.0298492	0.0353075	0.0327847	0.0837927	0.0114326	0.023199	0.174591	0.000666682	0.0344557	0.109577	0.0875331	0.0793801	0.0547765	0.0223244	0.0901809
51	0.0133542	0.00502177	0.000764908	0.000339266	0.0049488	0.00188123	0.00136258	0.385457	0.000193928	0.085834	0.0251375	0.000262796	0.00163222	0.000806369	0.000191733	0.00447562	0.0144042	0.452801	0.000308179	0.00082236
52	0.0633207	0.0231368	0.00566902	0.00378249	0.013895	0.00678269	0.00178511	0.203212	0.00104265	0.0739477	0.0375573	0.0173027	0.000793767	0.00224597	0.000794889	0.0529606	0.159642	0.328972	0.00118524	0.00197056
53	0.0244177	0.00328265	0.000729276	0.000976151	0.586586	0.00328155	0.00361523	0.0110941	0.0018516	0.052244	0.00468912	0.00112811	0.000561203	0.000958568	0.000751798	0.00319006	0.00371398	0.0240343	0.0202379	0.252657
54	0.030513	0.00132835	0.00131973	0.000797576	0.000571205	0.936774	0.0015799	0.00101688	0.000711	0.00205388	0.000730013	0.00135574	0.00123139	0.00177403	0.00114489	0.0109315	0.00224167	0.00283619	0.000547876	0.00054114
55	0.0198308	0.00316278	0.0951336	0.0547379	0.0249926	0.0184107	0.238679	0.0166387	0.0144925	0.0215816	0.0165908	0.0749958	0.00730179	0.167398	0.0215057	0.0788476	0.0431993	0.0194726	0.00486982	0.0581581
56	0.027559	0.0049987	0.0845912	0.0423894	0.0169308	0.0250456	0.24825	0.0157993	0.0225872	0.020641	0.0183588	0.067105	0.0106633	0.217449	0.0252695	0.0611067	0.0378181	0.0203183	0.00469312	0.0284263
57	0.0362247	0.0050752	0.00333435	0.00397834	0.51381	0.0137427	0.00702026	0.0284857	0.00446192	0.100436	0.0201144	0.00353526	0.00465564	0.00334872	0.00238887	0.0118786	0.0125907	0.0441503	0.0299572	0.150811
58	0.243007	0.01022	0.028182	0.0341361	0.0100512	0.0646868	0.0182406	0.0208477	0.128181	0.0295642	0.028056	0.0356687	0.0373594	0.0484398	0.0754455	0.0858072	0.0512671	0.0324184	0.00663847	0.0117831
59	0.64945	0.0137897	0.003941	0.00079159	0.000688689	0.065268	0.000840147	0.00240294	0.00173533	0.00196503	0.00171467	0.00548922	0.00262597	0.00101989	0.00058874	0.209655	0.0269479	0.0102258	0.000510945	0.000349
60	0.0387037	0.00665992	0.00324789	0.00147359	0.0251113	0.0109255	0.00271282	0.382343	0.00161146	0.160252	0.0490645	0.00229576	0.00280367	0.0021439	0.0025068	0.0103101	0.0259629	0.261924	0.00399529	0.00595149
61	0.662187	0.0149142	0.00304402	0.000574178	0.000620822	0.038516	0.00051893	0.00216149	0.000436493	0.00121059	0.00244742	0.00485918	0.000346113	0.000774367	0.00043828	0.225712	0.0302998	0.0102717	0.000301152	0.000365437
62	0.26053	0.0161518	0.0043693	0.000998075	0.00746113	0.549633	0.00346383	0.00970712	0.00273661	0.0140271	0.00389244	0.00580698	0.0044766	0.00206029	0.00246753	0.0783451	0.012152	0.0175083	0.00273496	0.0014786
63	0.280191	0.00738329	0.0169622	0.0134579	0.00892192	0.0724215	0.00851069	0.0226826	0.0361014	0.0248632	0.0168572	0.0249875	0.196782	0.0250422	0.0238362	0.0821867	0.0732277	0.0540938	0.0061302	0.00536065
64	0.0268511	0.00120795	0.00134756	0.000885346	0.000640611	0.937562	0.00125977	0.0012485	0.00104397	0.00183656	0.00111825	0.0012401	0.00176382	0.00249789	0.00167786	0.011558	0.00255615	0.00273556	0.00025591	0.000712966
65	0.0136364	0.000747685	0.00801902	0.00982931	0.00122849	0.00324827	0.0105225	0.00194419	0.00387481	0.00252774	0.00229825	0.0011096	0.912708	0.0051142	0.00105486	0.00291566	0.00651912	0.0106551	0.00132585	0.000720896
66	0.0296587	0.00425577	0.000834211	0.00204663	0.0461946	0.010506	0.000830843	0.219905	0.00145565	0.448979	0.0771147	0.00139441	0.00203354	0.0022487	0.00064321	0.00524295	0.0141874	0.122559	0.00432374	0.00558498
67	0.0251567	0.00657152	0.00178952	0.00045898	0.00372798	0.00140034	0.00130116	0.234885	0.000392685	0.0445318	0.0178015	0.000444972	0.00468704	0.00168322	0.000312517	0.00661106	0.0175409	0.627669	0.000677545	0.00235733
68	0.0244455	0.000948309	0.00117104	0.00065211	0.000383047	0.950419	0.00110991	0.00060665	0.000593916	0.0016864	0.000598156	0.000718632	0.000920997	0.00182336	0.00120579	0.00808029	0.00173753	0.00211631	0.000263846	0.000519173
69	0.013729	0.000506482	0.00805477	0.00951713	0.00115267	0.00315578	0.0104654	0.00176844	0.00420183	0.00194761	0.00157833	0.000985672	0.916598	0.00474059	0.00125036	0.00205652	0.0063793	0.0106108	0.000610933	0.000690148
70	0.0260216	0.00729618	0.00170172	0.000521155	0.00294743	0.00109506	0.0012735	0.221174	0.000337198	0.0354119	0.0176847	0.000571513	0.00464586	0.00162032	0.000312431	0.00726917	0.0207732	0.646294	0.000455807	0.00259278
71	0.0210231	0.00376262	0.000499898	0.000266408	0.0345141	0.00548601	0.000452556	0.245416	0.0003118	0.404769	0.115907	0.00188947	0.0004687	0.00110258	0.000317742	0.00353119	0.0132749	0.144946	0.000759433	0.0013021
72	0.627131	0.0153657	0.00453216	0.00115993	0.00362393	0.0582665	0.00100243	0.00851251	0.00142264	0.00715363	0.0057485	0.00543808	0.00212947	0.0015808	0.00123108	0.198792	0.0358546	0.0190675	0.00103417	0.000952797
73	0.164712	0.0150191	0.0027635	0.00187236	0.0291977	0.022773	0.000875914	0.192129	0.000861007	0.132618	0.0870698	0.00262578	0.000913294	0.00153993	0.00119336	0.0302414	0.0948712	0.210711	0.00413455	0.00387811
74	0.0618193	0.0081787	0.040882	0.0479433	0.0176979	0.0401056	0.0640824	0.0229368	0.0522907	0.0391722	0.0347203	0.0516208	0.0245442	0.243015	0.0616878	0.0582408	0.0603794	0.0387324	0.00901437	0.022936
75	0.0364805	0.00370017	0.00234681	0.000995831	0.347391	0.0144321	0.00767619	0.053733	0.00140623	0.190366	0.0350559	0.00230126	0.00239769	0.00120443	0.00249834	0.00951629	0.00758932	0.0578419	0.0979649	0.125103
76	0.030594	0.00151031	0.000748856	0.000590734	0.00381062	0.933915	0.000853025	0.00148561	0.000461747	0.00226467	0.00085801	0.00075894	0.00100876	0.00176144	0.000945763	0.0111674	0.0024849	0.00353254	0.000421655	0.000826321
77	0.018237	0.00338837	0.000736221	0.00239667	0.385394	0.00752714	0.0128826	0.00861499	0.00675575	0.0324716	0.00880583	0.0013076	0.00060258	0.00267224	0.00261322	0.00487473	0.0082317	0.0236428	0.040014	0.42883
78	0.0385266	0.00699406	0.00255484	0.00390387	0.0381168	0.00893338	0.0014669	0.100397	0.00117567	0.451662	0.188792	0.0048417	0.00119097	0.00551901	0.00202545	0.0162617	0.0397515	0.0807145	0.00123146	0.00594006
79	0.0135976	0.000614514	0.00802085	0.0093864	0.00158497	0.0038499	0.0105472	0.00196643	0.00376038	0.00248643	0.00199242	0.00096332	0.915432	0.00430429	0.000739211	0.00202879	0.00585351	0.011536	0.000643966	0.000691527
80	0.21108	0.00869868	0.00386883	0.00266481	0.00315361	0.327277	0.00548583	0.00640742	0.00374182	0.0078299	0.00767829	0.0083584	0.00535211	0.00340603	0.0060869	0.331294	0.0409548	0.0117815	0.00302488	0.00185475
81	0.114601	0.0112889	0.00172757	0.000758711	0.0878391	0.0183832	0.000682596	0.084126	0.00286931	0.183415	0.129035	0.00375659	0.00055262	0.00111859	0.00291165	0.045458	0.143459	0.146809	0.00590241	0.0153062
82	0.00528563	0.00088496	0.000591398	0.000472749	0.0224745	0.00904959	0.00068768	0.111082	0.000951329	0.752461	0.0560839	0.000860868	0.000443084	0.00115949	0.000608025	0.00159072	0.00308731	0.0302271	0.000941618	0.00105678
83	0.0413488	0.00661103	0.00709094	0.00987873	0.0680777	0.0163661	0.0099402	0.0299328	0.00746813	0.0662809	0.0254795	0.0150953	0.0111275	0.00965809	0.0057908	0.0328071	0.0246275	0.0369026	0.526472	0.0490443
84	0.00578321	0.00085698	0.000556436	0.000421745	0.0335626	0.00876124	0.000563971	0.168752	0.0013188	0.66121	0.054234	0.000884779	0.000580938	0.000953403	0.000536656	0.00155279	0.00338752	0.0527964	0.00171881	0.00156731
85	0.00979394	0.0025288	0.000620555	0.000399478	0.00700664	0.00256322	0.000976256	0.41777	0.000382439	0.200428	0.0274582	0.000529775	0.00327382	0.000695207	0.000311004	0.00299343	0.0104022	0.310523	0.000437099	0.000906644
86	0.0697498	0.0129707	0.000108815	0.000505809	0.0706483	0.0152913	0.000179659	0.309258	0.000118152	0.227089	0.0236977	0.00014391	0.000143127	0.000891283	0.000100026	0.00677224	0.0118235	0.23878	0.0056577	0.00607025
87	0.0316065	0.00200227	0.00190812	0.00111496	0.00153082	0.926555	0.00178782	0.00146924	0.00135717	0.00308592	0.00156524	0.00124982	0.0014219	0.00267605	0.00234148	0.0107694	0.00235379	0.00356404	0.000758787	0.000881575
88	0.358869	0.0905078	0.00383535	0.000752358	0.00415181	0.271747	0.00101238	0.0196669	0.00102862	0.0126364	0.00659595	0.0014213	0.00137386	0.00175993	0.00107213	0.10738	0.0493889	0.0626901	0.00311972	0.000990467
89	0.0661353	0.0186884	0.00102149	0.00103374	0.0405965	0.0103124	0.00069908	0.243276	0.000434246	0.127544	0.0299505	0.00191798	0.00166626	0.000994975	0.000380968	0.0155853	0.0411243	0.389565	0.00380817	0.00526579
90	0.00649925	0.000692829	0.00040101	0.000397579	0.0623129	0.0131349	0.000496711	0.189435	0.00238772	0.606683	0.0456195	0.000712769	0.000353114	0.000655583	0.000539328	0.0012903	0.00283833	0.0610211	0.00219617	0.00233296
91	0.311074	0.0497819	0.00160344	0.00110193	0.0185247	0.389446	0.00150119	0.0313453	0.00138973	0.0226911	0.00417479	0.00244345	0.00162866	0.00193765	0.0016075	0.0782018	0.0151024	0.059721	0.00367655	0.00304729
92	0.046095	0.00204661	0.00159456	0.000646935	0.0017859	0.909466	0.00130662	0.0024091	0.000838827	0.00320376	0.00088015	0.00147924	0.00137108	0.00180597	0.001353	0.0145119	0.00310305	0.00431732	0.00122322	0.000561966
93	0.316036	0.132443	0.00426566	0.0015324	0.00527132	0.313427	0.00181487	0.0196244	0.00205932	0.0129587	0.00834786	0.00297448	0.00174214	0.00338663	0.00202383	0.0708099	0.0314106	0.0527268	0.0148269	0.00231898
94	0.0815174	0.0141762	0.00477	0.00483725	0.0147016	0.0169208	0.00473804	0.155783	0.00513813	0.0554454	0.033002	0.00708701	0.00990545	0.0073738	0.0038039	0.0335328	0.125474	0.41324	0.00407987	0.00447314
95	0.0195419	0.00423258	0.106911	0.0476642	0.0199739	0.0122651	0.300257	0.0152132	0.00952904	0.020002	0.0166012	0.0770752	0.00558539	0.186619	0.00997565	0.0559142	0.0344991	0.0194481	0.00322183	0.03547
96	0.0332502	0.00538505	0.519929	0.0500571	0.00563101	0.0407104	0.0313933	0.00911052	0.0202029	0.0137741	0.0127268	0.12006	0.00703039	0.0278487	0.00979509	0.0407252	0.0275409	0.0150255	0.00318877	0.00661545
97	0.0621528	0.00903923	0.00381556	0.00351206	0.161209	0.0100969	0.00323266	0.045508	0.00504658	0.0965772	0.318273	0.00620671	0.00213536	0.00422028	0.00708579	0.0679324	0.0761744	0.0325394	0.00296279	0.0822794
98	0.0597046	0.00958623	0.00804874	0.00395841	0.0103034	0.00539387	0.00208744	0.247366	0.00113243	0.113318	0.0894953	0.00739188	0.000966047	0.00403715	0.00116478	0.0277619	0.130932	0.272637	0.00182794	0.00288585
99	0.0272019	0.00713638	0.00181967	0.000504551	0.00252901	0.000989053	0.00129719	0.201581	0.000349643	0.031631	0.0166463	0.00048237	0.00504094	0.00169722	0.000317659	0.00762536	0.0202149	0.669847	0.000415706	0.00267296
100	0.0476107	0.00636576	0.0020401	0.00361484	0.0276699	0.0131336	0.00222186	0.0602181	0.00181303	0.499898	0.229365	0.00460837	0.00137332	0.011827	0.00187334	0.0162683	0.0247241	0.0372929	0.00258376	0.00549859
101	0.0402829	0.0160876	0.00149167	0.00175186	0.488594	0.027688	0.00302893	0.0205288	0.0021205	0.0977304	0.0127991	0.00265019	0.00128071	0.00225381	0.00150498	0.02901	0.00541224	0.110353	0.0765097	0.0589218
102	0.0773742	0.0159234	0.000141223	0.000498888	0.0684003	0.0162175	0.000319842	0.302832	0.000292735	0.221163	0.0232127	0.000197945	0.000260903	0.000915498	0.000200877	0.00868311	0.0140664	0.23744	0.00543318	0.00642595
103	0.383254	0.0212163	0.00734162	0.00447273	0.00641718	0.074333	0.00285357	0.0155926	0.00665926	0.01339	0.0175871	0.0103244	0.00713419	0.00716097	0.00389186	0.306133	0.0802799	0.0260684	0.00279062	0.00309907
104	0.0309468	0.0029682	0.00247292	0.0027242	0.00475073	0.00577416	0.0207267	0.116583	0.00290808	0.00935337	0.309997	0.00394556	0.00267355	0.00367836	0.00243884	0.0878318	0.229118	0.155711	0.00256483	0.00283294
105	0.0158834	0.00198443	0.0125657	0.00396065	0.00119638	0.012101	0.0247746	0.00173315	0.431814	0.0032521	0.00307459	0.0384288	0.000592422	0.0259995	0.351367	0.0367577	0.0261636	0.00229722	0.000779219	0.00527415
106	0.0134987	0.00533125	0.00243035	0.00232099	0.0197847	0.00707242	0.0566418	0.0144252	0.09087	0.0115161	0.0241751	0.0342705	0.0060836	0.056715	0.542643	0.00983759	0.00920339	0.012108	0.0163834	0.0646885
107	0.00947582	0.00599241	0.334184	0.0178957	0.00362842	0.20404	0.00893316	0.00515565	0.09415	0.0061473	0.00501644	0.178944	0.00204163	0.0347161	0.046453	0.0237856	0.00682082	0.00695279	0.00214054	0.00352593
108	0.0224651	0.000643214	0.000553159	0.000467741	0.00036669	0.957716	0.000564379	0.00058304	0.000383751	0.00158989	0.00052603	0.000469553	0.000891435	0.00125775	0.000797131	0.00637774	0.00168556	0.00202952	0.00021036	0.00042156
109	0.0284907	0.0137877	0.00508707	0.00278275	0.00398423	0.00739119	0.0109694	0.00722688	0.328734	0.0221953	0.0137594	0.014767	0.024092	0.061907	0.406633	0.0224512	0.0125022	0.00736068	0.00124683	0.00463139
110	0.0690574	0.00745591	0.00973933	0.00613158	0.00315465	0.0189316	0.00320965	0.0145094	0.00550969	0.0074645	0.0149885	0.00708575	0.00285891	0.00896237	0.00219619	0.493149	0.301795	0.0193825	0.00165571	0.00276262
111	0.00809892	0.000909517	0.000522276	0.000494593	0.0654709	0.013924	0.000602734	0.202397	0.0034481	0.598304	0.0352352	0.000818561	0.00044452	0.000732348	0.000623687	0.00171496	0.00265723	0.0568509	0.0033492	0.0034016
112	0.309651	0.0111623	0.00169297	0.00139775	0.0851611	0.256979	0.00172042	0.0616483	0.00145444	0.0821005	0.0123915	0.0022221	0.00123423	0.00106579	0.00182958	0.0915237	0.01839	0.0435704	0.00423234	0.0105719
113	0.149429	0.000573576	0.203758	0.247335	0.00102818	0.017799	0.000753069	0.00163343	0.0437165	0.0319216	0.0307258	0.0504618	0.000640325	0.0832206	0.02377	0.0405683	0.0541591	0.0122626	0.000697846	0.00554629
114	0.0133235	0.00335059	0.000564931	0.000202143	0.0187199	0.00287114	0.000568231	0.396121	0.000253973	0.21748	0.086191	0.000922606	0.000874177	0.000987259	0.000212559	0.00236616	0.0144128	0.239778	0.000270655	0.00052962
115	0.124324	0.0218652	0.000740751	0.000610345	0.0176972	0.0215553	0.000700472	0.215556	0.000392837	0.0457786	0.0226017	0.00358964	0.00224647	0.000635919	0.000382345	0.0487881	0.0862789	0.383188	0.00150345	0.00156515
116	0.0157126	0.00170447	0.0130573	0.0041128	0.000905599	0.0125991	0.0253106	0.00134609	0.440842	0.00262949	0.00239492	0.0398766	0.000400707	0.0248292	0.342943	0.0378939	0.0263415	0.00188442	0.000577205	0.0046383
117	0.150083	0.000570802	0.203687	0.246303	0.00102771	0.0175135	0.00075422	0.00153741	0.0438314	0.0319701	0.0309043	0.0506027	0.000635449	0.083498	0.0236492	0.0407358	0.0543086	0.0123122	0.000697518	0.00537744
118	0.0310171	0.00357691	0.00574272	0.251747	0.0158893	0.0308021	0.00630374	0.0548039	0.00559702	0.235128	0.0682327	0.00764089	0.00299761	0.108674	0.00418547	0.0146883	0.0382657	0.0535683	0.0242564	0.0368833
119	0.0155519	0.00310643	0.000240062	0.000164886	0.0351077	0.00296524	0.000205408	0.24646	0.000167169	0.400576	0.152919	0.00188254	0.000138515	0.00110766	0.000268229	0.000582685	0.0115744	0.126556	0.000143181	0.000283577
120	0.0511218	0.00293362	0.00192737	0.00125981	0.00124303	0.793071	0.00169706	0.00223445	0.00155067	0.0031304	0.0037549	0.00243392	0.00264105	0.00245257	0.00196068	0.107245	0.0134582	0.00443157	0.000748746	0.000704658
121	0.0883286	0.000843013	0.0237841	0.0126444	0.00156138	0.00694398	0.0119041	0.0253896	0.0823323	0.013163	0.00731312	0.0332318	0.302606	0.0683462	0.0855672	0.0195493	0.128143	0.0864053	0.000815598	0.00112739
122	0.521029	0.0153876	0.00444078	0.000833418	0.00786765	0.0890629	0.000848672	0.0387197	0.000908098	0.0298607	0.0162036	0.00110852	0.00824818	0.00106076	0.000815487	0.0598701	0.1238	0.0782169	0.000780931	0.000937228
123	0.0529231	0.0061869	0.0229811	0.0249152	0.0102202	0.316756	0.0432965	0.0174061	0.0504884	0.0182027	0.0147458	0.0296375	0.0151917	0.0461764	0.144163	0.0624682	0.0241342	0.0195484	0.00963352	0.0709257
124	0.147655	0.00634633	0.000845268	0.000789332	0.055381	0.0420469	0.000981575	0.135217	0.0109275	0.100401	0.0681038	0.00167159	0.000540648	0.00121179	0.00731581	0.0530971	0.154893	0.177952	0.0227292	0.0118927
125	0.0690295	0.0127835	0.000160045	0.000450821	0.0669216	0.0153554	0.000252877	0.31323	0.00010624	0.223318	0.0241362	0.000152203	0.000189183	0.000900452	9.5961e-05	0.0070888	0.0125063	0.242356	0.0052773	0.00568886
126	0.463277	0.0137276	0.00379903	0.000861584	0.00887374	0.0730883	0.000873135	0.0495894	0.00115272	0.0494976	0.0281246	0.0011811	0.00586274	0.00139845	0.000989291	0.058413	0.141027	0.0951686	0.00156178	0.00153274
127	0.108992	0.00905503	0.00238101	0.00230826	0.019646	0.0890604	0.00273515	0.0394195	0.00277489	0.331779	0.128441	0.00457548	0.00257664	0.00375713	0.0022818	0.151985	0.0742107	0.015564	0.00461287	0.00384444
128	0.0686745	0.0129528	0.000107469	0.000462287	0.0703783	0.01514	0.000161304	0.309009	0.000103665	0.231411	0.0243433	0.000138141	9.83693e-05	0.000891493	9.95205e-05	0.00683395	0.011501	0.236287	0.00549785	0.00590888
129	0.338223	0.00948048	0.000991215	0.000664207	0.0935925	0.235468	0.000651247	0.0607082	0.000603699	0.0904115	0.0121884	0.000931153	0.000652579	0.000938995	0.000632685	0.0791252	0.0148619	0.0447467	0.00370858	0.0114195
130	0.0461448	0.0350903	0.00125092	0.000925291	0.0178248	0.00482756	0.000947155	0.246134	0.000775261	0.0386015	0.022157	0.0134836	0.000558643	0.000930392	0.000610699	0.0616768	0.18647	0.320133	0.000616456	0.000841785
131	0.015604	0.000972932	0.000961484	0.000813929	0.275836	0.00215292	0.000952208	0.0819681	0.000833177	0.313407	0.127902	0.00120722	0.0548906	0.00117208	0.00306689	0.00261266	0.0151877	0.0700716	0.00512365	0.0252637
132	0.08141	0.0141825	0.00316555	0.000493871	0.107611	0.0241492	0.000634137	0.0738797	0.000694729	0.262765	0.19822	0.00801721	0.000374996	0.000892437	0.0011199	0.0523989	0.0656918	0.087908	0.00161774	0.0147733
133	0.0598383	0.00942225	0.00190598	0.00372356	0.0546779	0.010913	0.00180797	0.284646	0.000768359	0.221733	0.0708364	0.00202453	0.000794157	0.00305278	0.000647046	0.0106904	0.0360137	0.20751	0.00651321	0.0124814
134	0.0260139	0.0147465	0.00180205	0.00173342	0.0309941	0.00580875	0.00134333	0.244035	0.00112835	0.331789	0.174766	0.0118952	0.000891096	0.0025862	0.00107905	0.00790633	0.0323639	0.105212	0.00119159	0.00271502
135	0.0143853	0.00270278	0.00213035	0.000420655	0.00765003	0.00243254	0.00104412	0.441158	0.000270036	0.123404	0.0424433	0.000518314	0.000822577	0.00154903	0.000238566	0.00426016	0.024738	0.329104	0.00024552	0.000482219
136	0.0196114	0.00375747	0.000292488	0.000332492	0.0385707	0.00676098	0.000416695	0.275496	0.00072343	0.39621	0.0851846	0.00116716	0.00104305	0.00104343	0.00037105	0.00194483	0.00857092	0.155305	0.00150218	0.00169583
137	0.112802	0.0130499	0.000260842	0.000509742	0.0564334	0.0223847	0.000267533	0.278239	0.000263701	0.182433	0.0250435	0.000446088	0.000939531	0.000735462	0.000298968	0.0164366	0.0342885	0.245537	0.00469275	0.00493886
138	0.0153169	0.00308949	0.000260139	0.000187782	0.0344427	0.00298786	0.000198679	0.240759	0.000162896	0.409197	0.152594	0.00198528	0.00014084	0.00106166	0.000340271	0.000607867	0.0117685	0.124468	0.000144331	0.000286961
139	0.536066	0.0182264	0.00810651	0.00373081	0.0066196	0.163348	0.00187806	0.00931494	0.00320502	0.0117729	0.00449843	0.00737476	0.00509615	0.00259246	0.00155147	0.165043	0.0310036	0.0176598	0.00154359	0.0013684
140	0.178556	0.0074679	0.000321272	0.000427369	0.0449044	0.0502629	0.000429497	0.239803	0.000519711	0.105729	0.0147629	0.000492833	0.00208946	0.000646889	0.000466158	0.0309555	0.0546513	0.259455	0.00445954	0.0035992
141	0.0978121	0.0115434	0.00211238	0.00140873	0.097268	0.0282447	0.00097752	0.113139	0.00120349	0.307949	0.144946	0.00436716	0.00419803	0.00168903	0.00206451	0.0285919	0.0390579	0.0938133	0.00671919	0.0128954
142	0.373462	0.0109269	0.00438942	0.000637492	0.00189936	0.409825	0.00423578	0.0038204	0.00221742	0.008352	0.00177228	0.00673289	0.00433885	0.00156972	0.0028921	0.142448	0.0046991	0.0126476	0.00237428	0.000759059
143	0.0164669	0.00382343	0.000544255	0.000718557	0.0292333	0.0030768	0.00061357	0.187746	0.000567843	0.427859	0.201195	0.00532373	0.000364744	0.0044052	0.00168165	0.00194188	0.0137456	0.0992988	0.000406505	0.000987311
144	0.0368282	0.00654102	0.00249158	0.000589495	0.00323981	0.00144828	0.0014324	0.174086	0.000427159	0.0315855	0.0168566	0.000657722	0.00750746	0.00242467	0.000368142	0.00856999	0.0190286	0.682592	0.000521542	0.00280403
145	0.045908	0.0225002	0.00131829	0.00130139	0.0128858	0.00504578	0.00148751	0.248566	0.000676319	0.0520948	0.0199842	0.00258481	0.00268359	0.00148023	0.000472756	0.0216265	0.0469677	0.507731	0.00150333	0.00318183
146	0.0366446	0.00668055	0.0021451	0.000559011	0.00389833	0.00169964	0.00124469	0.176572	0.000390306	0.0356902	0.016929	0.000596471	0.00607834	0.00221022	0.000363975	0.00739485	0.0188777	0.678171	0.000704148	0.00314978
147	0.0277494	0.00706529	0.0148175	0.00796787	0.00335744	0.0289518	0.0295129	0.0089934	0.326166	0.00788493	0.00901371	0.107683	0.00111169	0.0339749	0.249868	0.0579101	0.0386322	0.0143491	0.00470331	0.0202872
148	0.0406481	0.00602222	0.00735686	0.0139494	0.0510309	0.0139753	0.00821611	0.0249848	0.00826985	0.0539272	0.0266857	0.0191314	0.0152646	0.0091386	0.00635024	0.0362494	0.0300641	0.0337653	0.554137	0.0408331
149	0.288113	0.0131126	0.00523845	0.000905513	0.00616235	0.458148	0.00690674	0.0065862	0.00308521	0.018222	0.00312811	0.0103991	0.00599641	0.00184302	0.0034094	0.143139	0.00632534	0.0138721	0.00417421	0.0012325
150	0.120107	0.00988054	0.00162436	0.000922442	0.0822393	0.0192118	0.000891633	0.085513	0.00372963	0.156057	0.111023	0.00287694	0.000626917	0.00156264	0.00346211	0.050258	0.163174	0.166477	0.00758125	0.0127813
151	0.0338477	0.00841519	0.00129211	0.00129412	0.497723	0.0201957	0.00347768	0.0257848	0.00184157	0.113521	0.0137141	0.00160747	0.00100853	0.00143652	0.000947494	0.0208002	0.00443178	0.0831568	0.0713178	0.0941865
152	0.0847458	0.00768512	0.00251274	0.00341325	0.00271451	0.0187134	0.00178653	0.0141735	0.00184473	0.00444335	0.0159106	0.00320051	0.00193103	0.00879526	0.00155386	0.51797	0.288934	0.0164753	0.00141833	0.00177881
153	0.0113263	0.0031122	0.000676742	0.000178484	0.00815146	0.00249153	0.00102931	0.461105	0.000163166	0.115979	0.0328816	0.000216651	0.000794824	0.000757602	0.000167766	0.00361563	0.0162374	0.340463	0.000223982	0.000427982
154	0.334225	0.00867828	0.000628078	0.00048372	0.100876	0.228163	0.000544742	0.0638628	0.000579047	0.102188	0.0131956	0.000653869	0.00043311	0.000658088	0.000470238	0.0712341	0.0130296	0.0432233	0.00402259	0.012852
155	0.14864	0.0317104	0.0023908	0.00057247	0.0820298	0.0273438	0.000612964	0.0679085	0.000592756	0.229715	0.203596	0.0055755	0.000430318	0.0010605	0.000769461	0.0520531	0.0563919	0.0713294	0.00433008	0.012948
156	0.0917687	0.0171661	0.00948119	0.00840163	0.00701878	0.0196165	0.00551633	0.0249976	0.00871226	0.0139441	0.0223392	0.0118974	0.0085752	0.0146943	0.00529964	0.278105	0.392341	0.0464754	0.00595632	0.00769307
157	0.0172203	0.00358434	0.00130029	0.000544766	0.0177416	0.00289708	0.000702529	0.37935	0.000288611	0.208249	0.0915198	0.00115389	0.000773997	0.0012839	0.000365847	0.003079	0.0196825	0.248934	0.000588646	0.000740022
158	0.0146848	0.000794592	0.00803059	0.00932528	0.00137129	0.00365808	0.0103795	0.00183827	0.00604438	0.00247153	0.00173214	0.00114325	0.906958	0.00540312	0.00511909	0.00247639	0.00644364	0.0108397	0.000588788	0.000697868
159	0.0193641	0.0041797	0.000476425	0.000253932	0.0177942	0.00456369	0.000772165	0.44622	0.000176828	0.149631	0.0333731	0.000277267	0.000905733	0.000646882	0.00018955	0.00377138	0.0137747	0.301139	0.00121246	0.00127768
160	0.491791	0.0226995	0.00473848	0.00114755	0.0146383	0.198963	0.00202903	0.0219678	0.00267132	0.0244864	0.00747677	0.00515904	0.00374572	0.00194901	0.00199568	0.117521	0.0337679	0.0384705	0.00239101	0.00239122
161	0.0155478	0.00311541	0.000240062	0.000164886	0.0351343	0.00296417	0.000205248	0.246634	0.000166445	0.400447	0.152745	0.00188512	0.00013851	0.0010831	0.000268738	0.000582896	0.0115802	0.126672	0.000143181	0.00028322
162	0.0682479	0.0130504	0.000136962	0.000466253	0.0705796	0.0151264	0.00016154	0.307855	0.000139727	0.232974	0.0253087	0.000158121	9.74711e-05	0.000897437	0.00010321	0.00665565	0.0115332	0.235022	0.00552736	0.00595983
163	0.0398166	0.0162788	0.00139719	0.00104138	0.0266908	0.00647838	0.00113894	0.291362	0.000493763	0.204607	0.123174	0.00269596	0.00176594	0.00169404	0.000468156	0.00863234	0.0286829	0.239326	0.00170942	0.00254607
164	0.0639235	0.00357511	0.00146668	0.000543378	0.00130434	0.886081	0.00134542	0.00189022	0.000816873	0.00320904	0.000991283	0.00176748	0.00150248	0.00139165	0.00107686	0.0202252	0.00266132	0.00484416	0.000882319	0.00050203
165	0.0684146	0.0131517	0.000107504	0.000468531	0.0704088	0.0150842	0.000161771	0.309748	0.000106618	0.230762	0.0240459	0.000138593	9.5429e-05	0.000896229	9.56361e-05	0.00654922	0.0112961	0.236874	0.00559815	0.0059968
166	0.0473432	0.00147647	0.00268567	0.000844211	0.081519	0.0138497	0.0298259	0.0844228	0.000992222	0.0698929	0.0214842	0.0073124	0.000712517	0.00444793	0.00516706	0.00594161	0.0185742	0.0225248	0.10784	0.473143
167	0.0290983	0.00220878	0.00199313	0.0702689	0.0103621	0.00533195	0.0176932	0.0558683	0.00605158	0.26535	0.263935	0.0174699	0.00192761	0.0434057	0.00451124	0.0351681	0.0739345	0.0387303	0.006928	0.0497634
168	0.0116743	0.00549329	0.00204801	0.00183491	0.0202861	0.0055225	0.056064	0.0137782	0.0926843	0.010598	0.0228791	0.0322864	0.00628104	0.0544968	0.557574	0.00801932	0.00814853	0.01091	0.0167093	0.062712
169	0.0109877	0.00335159	0.0015595	0.0140587	0.391447	0.00475075	0.0303402	0.00667445	0.0485435	0.0108335	0.0061975	0.00277769	0.00123087	0.00297753	0.00169658	0.00499696	0.025634	0.0572712	0.0851349	0.289536
170	0.0155557	0.00131668	0.00103927	0.00112207	0.0730176	0.0176562	0.0012354	0.275138	0.00979584	0.511687	0.0146521	0.00169941	0.000721724	0.00152808	0.000976861	0.0033243	0.00420891	0.0459903	0.00956921	0.00976604
171	0.0227933	0.0277992	0.00209044	0.00258521	0.0205905	0.00556948	0.011556	0.0248596	0.123301	0.0411031	0.0233146	0.00795669	0.0775489	0.0575243	0.49519	0.00911316	0.00665779	0.0218966	0.00512474	0.0134259
172	0.0618742	0.00115004	0.0276124	0.0101486	0.00178698	0.0110631	0.0167268	0.015658	0.0575537	0.00831219	0.00370278	0.0204511	0.500799	0.0400009	0.0495625	0.0157792	0.0897833	0.0656981	0.000941442	0.00139514
173	0.0227589	0.0246677	0.269793	0.0142401	0.00473759	0.321663	0.0651894	0.00725548	0.031513	0.00964599	0.00806665	0.110397	0.00341935	0.0299026	0.0149583	0.0335349	0.0115998	0.00905358	0.00287046	0.00473381
174	0.0155786	0.00167363	0.0131515	0.00407272	0.000863086	0.0125541	0.0252312	0.0013057	0.44268	0.00262573	0.00234857	0.0402077	0.000403613	0.0246625	0.341395	0.0380448	0.0263133	0.00186821	0.000541663	0.00447907
175	0.0128965	0.00414502	0.000941294	0.000254229	0.00530138	0.00204487	0.00213423	0.406828	0.00019318	0.0954095	0.0282017	0.000272506	0.00165047	0.00100734	0.000171513	0.00507335	0.0151608	0.417323	0.000296775	0.000694672
176	0.15443	0.00249469	0.0021477	0.00212726	0.0182749	0.218546	0.00232533	0.0914368	0.0653143	0.147082	0.0227872	0.019462	0.00186247	0.020846	0.0333823	0.053097	0.0810722	0.0575353	0.00251311	0.00326341
177	0.055144	0.00431752	0.004307	0.325502	0.00947491	0.118478	0.00464439	0.0500402	0.00484205	0.164465	0.0178103	0.00738899	0.00341624	0.0630996	0.0051808	0.0152525	0.0542554	0.0264297	0.0537901	0.0121613
178	0.191034	0.00625747	0.000314865	0.000355771	0.0333924	0.0588701	0.000324574	0.224018	0.000819928	0.060715	0.013387	0.000608	0.00214388	0.000414101	0.000553835	0.0444644	0.0850141	0.270427	0.00529795	0.0015883
179	0.0466751	0.00241169	0.00207072	0.00208634	0.00261558	0.0202254	0.00149552	0.00892684	0.00154727	0.00479149	0.00738114	0.00274001	0.00101003	0.00564962	0.00133783	0.551182	0.32512	0.00953607	0.00132255	0.00187529
180	0.0684513	0.0131318	0.000107531	0.000473531	0.0704163	0.0150995	0.000166828	0.309693	0.000107022	0.230712	0.0240501	0.000138088	9.53782e-05	0.000899756	9.56361e-05	0.00655599	0.0112975	0.236812	0.00566508	0.00603128
181	0.0649858	0.0123083	0.000112625	0.000470257	0.0675834	0.0144347	0.00016828	0.326874	0.000113336	0.22513	0.0249328	0.000135135	9.85911e-05	0.000843298	0.000108122	0.00648935	0.0116174	0.232666	0.00521897	0.00570927
182	0.0857231	0.0149985	0.00750726	0.00598343	0.00894321	0.63557	0.00383878	0.0168234	0.00733819	0.0269292	0.0147463	0.0112093	0.00504306	0.00905997	0.00668464	0.0461465	0.0581158	0.0281766	0.00336024	0.00380268
183	0.0685413	0.0131542	0.000108169	0.000468712	0.0710197	0.0150364	0.000163737	0.309289	0.000107828	0.230276	0.0241777	0.000140038	0.000100681	0.00089307	9.42484e-05	0.0067086	0.0116075	0.236672	0.0055123	0.00592845
184	0.19406	0.00602038	0.000187682	0.000232453	0.0325481	0.0434348	0.000260639	0.234377	0.000210827	0.0760342	0.00869194	0.000328489	0.00317676	0.000234429	0.000186736	0.0355593	0.0690685	0.290743	0.00282033	0.00182388
185	0.222095	0.0293292	0.00147928	0.000881177	0.055089	0.0914503	0.000987352	0.0290079	0.000932279	0.317549	0.115664	0.00226915	0.000679807	0.00126666	0.00114113	0.0456186	0.0461316	0.0229062	0.0113238	0.00419803
186	0.0277889	0.00409174	0.0015152	0.00122996	0.0365425	0.0051171	0.000510713	0.222478	0.000381002	0.382811	0.149456	0.00261217	0.000190917	0.0012961	0.000384843	0.00425031	0.0214231	0.135732	0.000551204	0.00163759
187	0.0155478	0.00311541	0.000240062	0.000164886	0.0351343	0.00296417	0.000205248	0.246634	0.000166445	0.400447	0.152745	0.00188512	0.00013851	0.0010831	0.000268738	0.000582896	0.0115802	0.126672	0.000143181	0.00028322
