503	20
1	0.107955	0.00564166	0.234738	0.120401	0.00239094	0.0628881	0.0205741	0.00607634	0.027196	0.020168	0.00171451	0.0513997	0.0385771	0.0335652	0.0286076	0.165449	0.055014	0.0127	0.00135702	0.00358717
2	0.014103	0.00165372	0.000480742	0.00164272	0.0125981	0.00431869	0.000665183	0.458767	0.000497876	0.0944722	0.0147777	0.00322049	0.00875354	0.00234527	0.000999613	0.0111242	0.0169725	0.349686	0.00234751	0.000574169
3	0.271534	0.0377008	0.0197407	0.041549	0.020843	0.0665872	0.014979	0.0424295	0.0145588	0.0511682	0.0218064	0.0234049	0.0267307	0.0195379	0.0272666	0.116983	0.0669948	0.0952236	0.00645798	0.0145044
4	0.0137501	0.00160509	0.000481478	0.00161745	0.0125638	0.00436061	0.000672999	0.460269	0.00049949	0.0943851	0.0147949	0.00321606	0.00856655	0.00231076	0.00095323	0.0111731	0.0167597	0.349072	0.00237883	0.000569286
5	0.0135489	0.00157472	0.000477687	0.00163439	0.0124621	0.0043277	0.000674262	0.460974	0.000498258	0.0938133	0.0146368	0.00321301	0.00861112	0.00232359	0.000983518	0.0111858	0.0167701	0.349342	0.00237694	0.000572225
6	0.080906	0.00134905	0.00145265	0.00398516	0.000916828	0.821899	0.00362339	0.00100391	0.00201664	0.00354649	0.00218368	0.0121922	0.0016835	0.00183634	0.00364957	0.0413582	0.0133239	0.00170184	0.000474604	0.000897163
7	0.0912503	0.018909	0.00359095	0.00310397	0.0408653	0.0170202	0.0107661	0.162193	0.0025256	0.2294	0.0953814	0.00672152	0.002718	0.00872416	0.00984657	0.0241334	0.0412292	0.201715	0.00608484	0.0238206
8	0.37659	0.0322381	0.00738429	0.00444951	0.00193282	0.120882	0.00198458	0.0071399	0.00095092	0.00994476	0.0031975	0.0155009	0.00742234	0.00488034	0.00231728	0.336785	0.0490103	0.0138817	0.0013924	0.00211603
9	0.192775	0.0980497	0.00407649	0.0115073	0.0481971	0.0947525	0.0078435	0.0450362	0.00418448	0.123185	0.0254436	0.00834592	0.0176915	0.0132842	0.0100151	0.102331	0.0593126	0.103377	0.00694072	0.0236516
10	0.059508	0.0108054	0.00512172	0.021567	0.0408826	0.0122091	0.016419	0.126749	0.0282264	0.241896	0.0743364	0.00894834	0.00266423	0.032148	0.0770702	0.0369078	0.0408319	0.130172	0.0121943	0.021342
11	0.0168204	0.00787277	0.000867286	0.00114931	0.474112	0.00238968	0.0239445	0.0454865	0.00112134	0.102193	0.0411082	0.00683331	0.00446825	0.00139511	0.0015044	0.0162357	0.0164012	0.0456143	0.0179605	0.172522
12	0.26084	0.0173277	0.00339414	0.0157355	0.00335807	0.066221	0.0109917	0.00709222	0.0089756	0.0186166	0.00582534	0.0148754	0.305636	0.0174457	0.0133291	0.149736	0.0446247	0.0259147	0.00122276	0.00883776
13	0.0512073	0.00890433	0.0321902	0.0414433	0.00235845	0.507746	0.00305674	0.00300801	0.0492597	0.0195776	0.00167699	0.0642093	0.00738482	0.0321804	0.0727949	0.072545	0.0173182	0.00447233	0.00114428	0.00752221
14	0.096208	0.00724862	0.0378272	0.0677568	0.0346771	0.0596299	0.0262987	0.0219125	0.0890846	0.0523705	0.0181331	0.0350294	0.0261363	0.0405448	0.142987	0.0911048	0.0795153	0.0532555	0.00556124	0.0147188
15	0.083644	0.0308026	0.312157	0.0842812	0.00263748	0.0340722	0.0279948	0.00482946	0.0131273	0.0148906	0.00408355	0.103878	0.0155535	0.0236419	0.0223416	0.13488	0.0519116	0.0215173	0.00390161	0.00985426
16	0.288364	0.0851256	0.00416261	0.0111109	0.0291761	0.123524	0.00480394	0.0263643	0.00446268	0.0683719	0.0153633	0.0114632	0.0144648	0.0147856	0.00916147	0.132982	0.0663673	0.0714296	0.00597318	0.0125439
17	0.0162285	0.00220446	0.000553299	0.00156268	0.0130204	0.00471969	0.000820351	0.447343	0.000535115	0.100293	0.0168874	0.00327395	0.00859692	0.0023421	0.00115074	0.0115646	0.0178639	0.34723	0.00276816	0.00104143
18	0.119784	0.00750104	0.00398398	0.0148877	0.0086391	0.0451034	0.0107484	0.0556854	0.00479159	0.0377828	0.0124962	0.0231147	0.00736939	0.0180295	0.0181738	0.239521	0.256778	0.102461	0.00179318	0.0113567
19	0.106329	0.00640019	0.0727707	0.124143	0.0116437	0.0618019	0.0311383	0.0123004	0.0631478	0.0374464	0.00665986	0.0516717	0.0159778	0.0859731	0.110807	0.0855922	0.0641161	0.0337455	0.00829352	0.0100414
20	0.0275025	0.00940195	0.00150272	0.00283446	0.394	0.00423469	0.0217742	0.0727439	0.00233061	0.121917	0.0428801	0.00741928	0.00437094	0.00287696	0.00466602	0.0190725	0.0205027	0.0794206	0.0174256	0.143123
21	0.0771739	0.00742207	0.370197	0.0999413	0.00185502	0.034861	0.0209598	0.00419747	0.023373	0.0146946	0.00259179	0.081203	0.0181246	0.0328366	0.0310951	0.122304	0.0404202	0.0114369	0.00166994	0.00364275
22	0.210823	0.016907	0.00393607	0.0186498	0.00483138	0.0463522	0.0128988	0.005523	0.0134075	0.0164919	0.00586278	0.0190647	0.412935	0.0213352	0.0182966	0.0983908	0.0403653	0.0258612	0.00127388	0.00679393
23	0.133201	0.00856938	0.0737526	0.0743037	0.0236399	0.0583947	0.0310905	0.031214	0.048008	0.054137	0.00718703	0.0336742	0.0397902	0.0462632	0.0754762	0.115759	0.0884618	0.0379601	0.00286064	0.0162573
24	0.148922	0.00931131	0.0302283	0.0566919	0.0272517	0.0606176	0.0261286	0.0190582	0.0452063	0.0369934	0.0093927	0.0278992	0.168302	0.0481028	0.0742276	0.0934558	0.0627376	0.0403948	0.00339041	0.0116877
25	0.0217152	0.00878927	0.00321929	0.00615114	0.422521	0.00338661	0.0628837	0.0451599	0.0027979	0.0890683	0.0348877	0.0141325	0.00469302	0.00402899	0.00922094	0.018614	0.0179165	0.0420419	0.0214503	0.167322
26	0.0726599	0.00837904	0.0267924	0.0335744	0.00395084	0.473546	0.00710769	0.00397431	0.0453669	0.0193446	0.00241854	0.0531865	0.00985277	0.0247431	0.0726233	0.108298	0.020308	0.00650081	0.00145432	0.00591883
27	0.0350613	0.00660593	0.000981072	0.00133733	0.019227	0.00719224	0.00177618	0.360308	0.000707102	0.142956	0.0333039	0.00422966	0.00769141	0.0025132	0.00194608	0.0125671	0.0230917	0.331726	0.00285169	0.00392699
28	0.132688	0.0180863	0.0073488	0.0105699	0.012124	0.065849	0.0198649	0.0434326	0.00757723	0.0631225	0.0325489	0.0572375	0.0298273	0.0192604	0.0160802	0.189749	0.206161	0.0544697	0.00306061	0.0109426
29	0.135218	0.00342185	0.0119867	0.0332547	0.0082864	0.0399024	0.0254985	0.00476649	0.0378527	0.0162765	0.00801867	0.0158134	0.445826	0.0497545	0.0438219	0.0644163	0.0408065	0.0109312	0.00119567	0.00295143
30	0.0883263	0.00657987	0.0245858	0.0591437	0.0164185	0.0325592	0.0315078	0.0278763	0.10771	0.0487875	0.00755471	0.0477283	0.0245065	0.0515825	0.147793	0.109302	0.104712	0.0351539	0.00975895	0.0184126
31	0.105169	0.0214399	0.00316919	0.00244171	0.0363385	0.0207555	0.0092454	0.166169	0.00216153	0.210496	0.0875788	0.00677726	0.00369596	0.00611445	0.00791057	0.0237768	0.0421725	0.220393	0.00516241	0.0190312
32	0.0764904	0.00586725	0.319048	0.128752	0.00283533	0.0370412	0.0264354	0.00418282	0.0318953	0.0164345	0.00365934	0.077658	0.0149014	0.0502525	0.0450034	0.0983318	0.0427085	0.0107049	0.00291148	0.00488627
33	0.176555	0.00977459	0.0060031	0.0243745	0.00659634	0.0421747	0.018382	0.00658075	0.0247439	0.0185996	0.0067115	0.0156019	0.433469	0.0323007	0.0287991	0.0807249	0.0426088	0.0191629	0.00109004	0.00574688
34	0.0816759	0.00205282	0.147589	0.207348	0.0030778	0.0340938	0.0279098	0.00249179	0.0598014	0.0179535	0.00610284	0.058067	0.00559684	0.119434	0.0853223	0.0658722	0.0579546	0.00853573	0.00407985	0.00504098
35	0.0432463	0.00946837	0.0181931	0.0249939	0.0100637	0.0314564	0.284183	0.0377843	0.00778382	0.036794	0.00938685	0.0163089	0.00641394	0.33737	0.0242023	0.0441061	0.0180922	0.0192246	0.00529191	0.0156364
36	0.058831	0.00788471	0.00976926	0.0313173	0.0717538	0.0146997	0.0587627	0.0407471	0.101913	0.0746299	0.0184222	0.0352743	0.00674878	0.0451589	0.2072	0.0432114	0.0254181	0.0392053	0.0301291	0.0789235
37	0.0348695	0.00720076	0.00109847	0.00144794	0.0613913	0.00533865	0.00714963	0.150949	0.00213039	0.417349	0.0821273	0.00468059	0.0013644	0.00436975	0.00439161	0.0139505	0.0167353	0.156643	0.00589885	0.0209139
38	0.0925376	0.0139243	0.00419861	0.00948826	0.0590272	0.0153357	0.0119004	0.119398	0.00301787	0.27871	0.0867172	0.00600588	0.00216347	0.0207163	0.00834499	0.0475565	0.0567606	0.144523	0.00442154	0.0152528
39	0.0623983	0.0106248	0.00318723	0.00514555	0.054462	0.0102161	0.00928812	0.135011	0.00274733	0.371683	0.0777241	0.00600289	0.00214497	0.0114293	0.00695035	0.0263598	0.0309554	0.152392	0.00460195	0.016676
40	0.0792606	0.00115655	0.114519	0.202383	0.00393012	0.0311884	0.0342796	0.00284549	0.0748234	0.0184292	0.00721936	0.0590523	0.00231085	0.131811	0.103013	0.0501059	0.0628474	0.00879432	0.00394335	0.0080874
41	0.0885852	0.0204006	0.00201535	0.00106806	0.030705	0.0145308	0.0047558	0.185648	0.00138969	0.197471	0.0601104	0.00804298	0.00592041	0.00362789	0.00503808	0.0178686	0.0437398	0.294061	0.0039682	0.0110526
42	0.378754	0.0719949	0.00413498	0.00724794	0.00828363	0.0572723	0.00383685	0.0322215	0.00216407	0.0233926	0.0167274	0.0177283	0.00786294	0.00717852	0.00601047	0.175546	0.0879164	0.0840021	0.00304983	0.00467503
43	0.0752414	0.011914	0.00937261	0.0428293	0.138103	0.00393763	0.0851407	0.0803128	0.018326	0.0676436	0.0178008	0.0333342	0.00223813	0.0158864	0.0564939	0.0305839	0.0166494	0.0671684	0.0728857	0.154138
44	0.0794501	0.00116627	0.114838	0.248419	0.00327515	0.0325409	0.0271181	0.00150069	0.0647507	0.0182269	0.00630316	0.0568111	0.00141364	0.129978	0.0956209	0.0436386	0.0579882	0.00709799	0.00451296	0.00534918
45	0.304465	0.043313	0.00432753	0.00628614	0.00509924	0.0630673	0.00751021	0.0251741	0.00218702	0.0208041	0.0121629	0.0195137	0.021381	0.00987524	0.00594649	0.254735	0.129673	0.0566106	0.00200067	0.00586737
46	0.0167774	0.00427923	0.00068034	0.0018677	0.0844237	0.00187889	0.00294433	0.136353	0.00150025	0.512862	0.0643189	0.00199255	0.000576926	0.0011888	0.00116398	0.00909485	0.00441254	0.133515	0.00422191	0.0159482
47	0.0885716	0.00201414	0.109491	0.235954	0.00486005	0.0339381	0.026336	0.00417188	0.0601152	0.0223167	0.00612111	0.0523576	0.00578947	0.118154	0.0924555	0.0526849	0.0630858	0.0102884	0.00445024	0.00684332
48	0.032904	0.00391895	0.580841	0.01668	0.00158071	0.0180848	0.0401111	0.00281272	0.0076887	0.00737192	0.00234591	0.178578	0.00158239	0.00464075	0.0320487	0.0387284	0.0144006	0.0105597	0.00191117	0.00321084
49	0.14269	0.00464857	0.00318764	0.00503921	0.00136721	0.714359	0.00384159	0.00254719	0.00316757	0.00636871	0.00235342	0.0124691	0.0017908	0.00326506	0.0055938	0.065037	0.0164631	0.00398147	0.000653381	0.00117538
50	0.0500766	0.00849425	0.0323628	0.0409164	0.00246156	0.502202	0.00378196	0.00295789	0.0510894	0.0192961	0.00186073	0.0656141	0.00746638	0.0320062	0.07611	0.0720427	0.0175354	0.00428355	0.00130477	0.0081376
51	0.0218882	0.00487588	0.000968935	0.00110282	0.0955796	0.00357566	0.00334918	0.160963	0.00314353	0.352074	0.0831162	0.00410355	0.0016991	0.00193467	0.00212082	0.00880743	0.0134286	0.17738	0.00871059	0.0511784
52	0.165614	0.089332	0.00384978	0.00522975	0.0052272	0.0342476	0.0069734	0.050248	0.00420764	0.019558	0.0226526	0.0095112	0.00561121	0.00693599	0.00661122	0.0530998	0.169813	0.334072	0.00341928	0.00378598
53	0.245604	0.0188533	0.00552728	0.0133097	0.00383067	0.374273	0.00408181	0.00824657	0.00271084	0.0139534	0.00641311	0.014421	0.0222979	0.00540201	0.00714654	0.19191	0.0369817	0.0184183	0.0016424	0.00497614
54	0.0582146	0.0129389	0.00126139	0.00180163	0.0170337	0.00847895	0.00223823	0.29383	0.00125297	0.128873	0.0287079	0.00936551	0.0104414	0.00447392	0.00375807	0.0226112	0.0511698	0.336371	0.0029698	0.00420814
55	0.0169835	0.00785659	0.000940565	0.00151197	0.472625	0.00246222	0.0245061	0.0455576	0.00121005	0.0997732	0.0404528	0.00722516	0.00447978	0.00148572	0.00180411	0.0165923	0.0168073	0.0455381	0.0179796	0.174208
56	0.073411	0.0165797	0.00178008	0.000857293	0.0316295	0.011635	0.00281675	0.217114	0.000984828	0.190293	0.0508147	0.00541234	0.00506819	0.00240283	0.00357501	0.0155896	0.0327226	0.326646	0.00340281	0.00726497
57	0.0858691	0.00238247	0.00184774	0.00410046	0.00121101	0.812033	0.00377487	0.00151074	0.00251408	0.00482073	0.00222514	0.0121001	0.00243831	0.00222767	0.00420512	0.038521	0.0132746	0.00335511	0.000572558	0.00101565
58	0.275617	0.0492489	0.00786937	0.00947074	0.0130414	0.0756205	0.0139363	0.0706502	0.0103142	0.0520591	0.0335037	0.0207506	0.00982671	0.00904119	0.0192746	0.121937	0.0610844	0.139308	0.00273999	0.00470621
59	0.0931983	0.0174215	0.00189965	0.00102022	0.0238057	0.0101985	0.0060242	0.175392	0.00182689	0.186216	0.0612576	0.0168716	0.00818322	0.00816576	0.00752192	0.0287	0.059247	0.27443	0.00502906	0.0135914
60	0.316371	0.0215085	0.00292466	0.016126	0.002704	0.0698064	0.00984201	0.0108048	0.00225155	0.0259035	0.00730768	0.0129818	0.218783	0.0111981	0.00717635	0.15036	0.0610981	0.0394129	0.00129361	0.0121458
61	0.197845	0.0228764	0.0125626	0.0102029	0.00375091	0.172609	0.006656	0.0094075	0.00743179	0.0137658	0.00634185	0.0415123	0.013748	0.0115459	0.0128663	0.370829	0.0625874	0.017455	0.00198798	0.0040183
62	0.0848832	0.0114629	0.0122526	0.0310084	0.0147036	0.0325154	0.0217357	0.0194733	0.0831684	0.102984	0.0117885	0.0247997	0.00996203	0.070553	0.342886	0.0519498	0.0247433	0.0222389	0.00626683	0.0206236
63	0.0152731	0.0020954	0.00052607	0.00163413	0.0132604	0.00476619	0.00063101	0.445205	0.000501286	0.108502	0.0182065	0.00332147	0.00848273	0.00210378	0.00101656	0.0110371	0.0161779	0.343607	0.00262357	0.00102826
64	0.263856	0.0284878	0.00455396	0.00168055	0.00102681	0.112116	0.00123401	0.0024004	0.000797917	0.00301189	0.00367137	0.0246033	0.00826441	0.00481725	0.00117458	0.487029	0.0452356	0.00467343	0.000585566	0.000779942
65	0.0427879	0.00896405	0.00958134	0.0248988	0.207842	0.00685724	0.178014	0.0476137	0.0109296	0.0631737	0.020207	0.0477224	0.00358399	0.0145535	0.0322489	0.0225642	0.0207719	0.0441993	0.0365905	0.156896
66	0.244627	0.0452087	0.00720577	0.0115363	0.0255329	0.0563668	0.00999667	0.0717841	0.0103101	0.0804159	0.0339075	0.0226567	0.0115325	0.0120139	0.0213971	0.120543	0.0741785	0.129399	0.00377609	0.00761164
67	0.017115	0.00500976	0.000899361	0.00119483	0.320654	0.00197764	0.0127049	0.0720898	0.00311181	0.210037	0.0702573	0.00501083	0.00246812	0.00150656	0.00161678	0.0110449	0.0118933	0.091067	0.0187156	0.141625
68	0.0339396	0.0038708	0.618276	0.0130026	0.00149327	0.0197304	0.023275	0.00309351	0.00281897	0.00679205	0.00226449	0.181858	0.00154501	0.00275746	0.0263329	0.0324535	0.0127101	0.0106513	0.00139308	0.00174187
69	0.021752	0.00482093	0.00086651	0.00270767	0.136952	0.00231281	0.00512709	0.117007	0.00160308	0.459982	0.0599482	0.00234223	0.000999726	0.00215693	0.00182378	0.0109602	0.00691709	0.118268	0.00638139	0.0370709
70	0.0358741	0.00178362	0.00958367	0.0108555	0.0102292	0.0211323	0.0719733	0.0128139	0.214119	0.0242956	0.0243684	0.0529466	0.00479493	0.0745822	0.298882	0.0460162	0.0289248	0.0196859	0.0109811	0.0261579
71	0.0748251	0.00225476	0.00519868	0.00846885	0.00090047	0.783945	0.00401864	0.00112048	0.00868202	0.00528863	0.00220984	0.0207621	0.00184197	0.00640493	0.0135678	0.0422625	0.0137594	0.00202791	0.000561033	0.00189953
72	0.191203	0.00987495	0.00752784	0.0285875	0.00682241	0.0434006	0.0190161	0.00594946	0.0246861	0.0172289	0.00701616	0.0147743	0.404706	0.0321537	0.0289034	0.0831595	0.0479476	0.0194368	0.00186913	0.00573729
73	0.230709	0.0302375	0.00497978	0.00248682	0.00130628	0.107956	0.00177127	0.00352284	0.00110086	0.00344772	0.00430893	0.0322585	0.00953939	0.00599525	0.00171654	0.505061	0.0457993	0.006044	0.000756549	0.00100268
74	0.0169033	0.00397491	0.000935706	0.00136517	0.150268	0.00266607	0.00429607	0.122853	0.00437041	0.337464	0.0887371	0.00384554	0.000843075	0.00188109	0.00196898	0.0084103	0.0113088	0.143765	0.0139877	0.080155
75	0.221912	0.031715	0.00481914	0.00955325	0.0160239	0.0490422	0.00767584	0.0664199	0.00570203	0.0486726	0.0190255	0.0278073	0.010983	0.0109713	0.013807	0.175883	0.154284	0.115021	0.00275078	0.00793104
76	0.0377713	0.00870945	0.000904392	0.00131366	0.0272037	0.00716816	0.000903159	0.31523	0.000783688	0.16711	0.0327335	0.00303757	0.00686123	0.00144202	0.00154687	0.0109415	0.0206634	0.350448	0.00247469	0.00275306
77	0.0356558	0.00367289	0.607353	0.0155746	0.00176918	0.0209361	0.0249693	0.00399851	0.0044618	0.00756959	0.00265615	0.173822	0.00242004	0.00366399	0.0279132	0.0354169	0.0134143	0.0109248	0.00160233	0.00220602
78	0.307666	0.0340451	0.00540711	0.00379557	0.00281048	0.122033	0.00194014	0.00673768	0.00132657	0.00932836	0.00519763	0.0199651	0.0136832	0.00527807	0.00268881	0.380802	0.0577255	0.0161412	0.00122053	0.00220876
79	0.249874	0.0171228	0.00778022	0.0112559	0.00627602	0.445437	0.00478328	0.0075391	0.004346	0.0150502	0.00748944	0.012851	0.0128467	0.00568838	0.00856776	0.126235	0.0346238	0.0178305	0.00147163	0.00293067
80	0.229688	0.0956362	0.0148505	0.0158962	0.0121047	0.0645335	0.0176448	0.0335116	0.00739341	0.0381335	0.0165935	0.0236141	0.0222689	0.0148	0.018708	0.201089	0.0738367	0.0826173	0.00523855	0.0118421
81	0.309339	0.0347613	0.00510256	0.00335851	0.00206774	0.103232	0.00185712	0.00675621	0.000988829	0.00758601	0.00533933	0.020808	0.0119396	0.00513763	0.00227185	0.407146	0.0520521	0.0168243	0.00136918	0.0020622
82	0.238316	0.0328676	0.00534723	0.00507885	0.00316572	0.0997654	0.00351169	0.00999009	0.00262537	0.0106007	0.00658975	0.0265827	0.015727	0.00774903	0.00520229	0.439149	0.0637521	0.0201129	0.0012671	0.00259864
83	0.223492	0.0247864	0.00411703	0.0017765	0.00090083	0.125236	0.00134451	0.00152819	0.000867616	0.00219206	0.00390378	0.0268656	0.0102068	0.00539658	0.00133393	0.519465	0.0431861	0.00204221	0.000584643	0.000774038
84	0.076504	0.0123654	0.00929273	0.0148586	0.0439211	0.018478	0.017848	0.0737611	0.006286	0.307785	0.0980928	0.013796	0.00564289	0.0331161	0.0147898	0.102504	0.0627525	0.0703023	0.00518963	0.0127139
85	0.0898888	0.0175178	0.00177768	0.000978102	0.0235425	0.00979377	0.00468865	0.181447	0.00165512	0.186903	0.0539575	0.0158544	0.00999819	0.00683136	0.00616387	0.0257244	0.0578924	0.29052	0.00402995	0.0108356
86	0.363687	0.0542911	0.00507233	0.00824635	0.00854037	0.0635055	0.00525099	0.0347159	0.00251738	0.0261374	0.0156802	0.0167357	0.0139584	0.00811947	0.00781029	0.175455	0.0974164	0.0837503	0.00307203	0.00603733
87	0.0572659	0.0135056	0.00143657	0.00099091	0.0376087	0.00917541	0.00208647	0.226916	0.00111304	0.21281	0.0480939	0.00441149	0.00499977	0.00183979	0.00271024	0.0125739	0.0278851	0.323474	0.00329733	0.0078074
88	0.0231671	0.00768115	0.0618466	0.0705966	0.00576123	0.0223193	0.270855	0.00673411	0.0597176	0.0288307	0.00400547	0.251981	0.0032575	0.0164083	0.0410956	0.0239868	0.0291179	0.0221211	0.0128521	0.0376654
89	0.100719	0.0246302	0.0296681	0.0172128	0.0232773	0.0170062	0.0594222	0.049496	0.00623719	0.270863	0.111835	0.0113457	0.00380537	0.0990832	0.0353215	0.047282	0.0389824	0.0363507	0.00680938	0.0106521
90	0.0893	0.00171045	0.00147393	0.0043804	0.00144799	0.814141	0.00371781	0.00127661	0.00163247	0.00415711	0.00268191	0.0113409	0.00141601	0.00174441	0.00336167	0.0382654	0.0139571	0.00262258	0.000515204	0.00085669
91	0.103321	0.0213229	0.00301067	0.00116697	0.0344575	0.0196786	0.00885638	0.173258	0.00182331	0.203704	0.0881796	0.0070251	0.00356466	0.00456624	0.00798409	0.0199418	0.0395639	0.232453	0.00555564	0.0205672
92	0.0542339	0.00793649	0.0342556	0.0409156	0.00340484	0.466357	0.00495448	0.00312967	0.0597327	0.0226181	0.00258167	0.0639272	0.00907239	0.0312524	0.0913095	0.0696737	0.0180188	0.00584597	0.00164981	0.00913009
93	0.0838378	0.000973793	0.124331	0.208583	0.00333594	0.0326119	0.0314764	0.00145194	0.0743096	0.0175568	0.00725802	0.0587854	0.000831585	0.132889	0.103231	0.042379	0.0583934	0.00773193	0.00421976	0.00581159
94	0.309297	0.109771	0.00282309	0.00610515	0.00733865	0.0394842	0.00504709	0.0424187	0.00214385	0.0188509	0.0214853	0.0151632	0.00910845	0.00914728	0.00529179	0.181592	0.0956031	0.11329	0.00258896	0.00344989
95	0.0803422	0.00474829	0.287312	0.131247	0.0022154	0.0359407	0.02147	0.0036046	0.0395975	0.0162321	0.00295151	0.0678651	0.0187861	0.0511837	0.0425704	0.131056	0.0486441	0.00984471	0.00145698	0.00293248
96	0.0666439	0.00896982	0.00473655	0.00896156	0.0349747	0.0120197	0.0181563	0.120934	0.00539556	0.293433	0.109912	0.00903446	0.00145219	0.0283792	0.0155962	0.0472626	0.0543851	0.128483	0.00750607	0.0237649
97	0.289349	0.0565201	0.00480692	0.00633556	0.0137801	0.0588365	0.00871992	0.0767093	0.00422	0.0552284	0.0401773	0.0122639	0.00625988	0.00762495	0.00988934	0.111513	0.0642807	0.165684	0.00271154	0.00509008
98	0.0309862	0.00657816	0.000888429	0.00124836	0.0285673	0.00641478	0.00149816	0.319673	0.000878267	0.202332	0.0410988	0.00329959	0.00622649	0.00178518	0.00168429	0.0112167	0.0176091	0.309391	0.00321682	0.00540713
99	0.209365	0.0830907	0.00294437	0.00421713	0.00647741	0.0333055	0.00613802	0.059102	0.00283977	0.0290242	0.0307637	0.00798753	0.00545604	0.00655007	0.00507221	0.0638941	0.115228	0.322904	0.00240689	0.00323316
100	0.0819244	0.00116221	0.000760196	0.00291517	0.000750347	0.834134	0.00373101	0.00100002	0.000833337	0.00313836	0.00209014	0.0108999	0.00125973	0.0012	0.00183145	0.0363467	0.0129839	0.00186888	0.000464834	0.000704915
101	0.0832329	0.00136057	0.00113645	0.00345302	0.000988276	0.826656	0.00380149	0.00103921	0.00121424	0.00359546	0.00227351	0.0113333	0.00188849	0.00159971	0.00276988	0.0370458	0.0132836	0.00207557	0.000470075	0.000782251
102	0.232111	0.111958	0.00261733	0.00445282	0.00457729	0.0322005	0.00552594	0.0466575	0.00205805	0.0126282	0.0232594	0.00863212	0.00510765	0.00761034	0.00402216	0.0967082	0.115052	0.279992	0.00224446	0.00258472
103	0.0634812	0.0154685	0.0423815	0.0196891	0.00460277	0.0466297	0.0924491	0.00960366	0.0141032	0.0242819	0.00900272	0.205565	0.0088657	0.0493026	0.0221681	0.165927	0.0990959	0.0519476	0.0060106	0.0494239
104	0.104163	0.0214153	0.00312172	0.00125979	0.037166	0.0194501	0.00879948	0.172475	0.00157817	0.208126	0.0891113	0.00642874	0.00348283	0.0041165	0.00686932	0.0193152	0.039622	0.228232	0.00520155	0.0200655
105	0.0713324	0.0102563	0.0062808	0.0121925	0.0460935	0.0121605	0.019611	0.103019	0.00491679	0.318769	0.0976018	0.0100127	0.00112468	0.0341416	0.0132645	0.058044	0.0624733	0.0963354	0.0056771	0.0166936
106	0.078427	0.00851131	0.00744084	0.0163706	0.0648313	0.0121733	0.0168482	0.0824076	0.0047907	0.334583	0.090212	0.0057626	0.000730696	0.0406687	0.0123632	0.0664466	0.0675322	0.0738962	0.0043156	0.0116888
107	0.0984053	0.00616862	0.213153	0.116726	0.00433565	0.0566298	0.024412	0.00731233	0.0290106	0.0243622	0.0026433	0.0576981	0.0357	0.041789	0.0354665	0.164497	0.0574385	0.0168945	0.00139875	0.00595839
108	0.108566	0.00994319	0.011326	0.0152721	0.0361562	0.0262437	0.0216033	0.0743312	0.00535609	0.309755	0.092547	0.0080771	0.00272991	0.0674307	0.0168871	0.0573555	0.0473084	0.0588034	0.0171541	0.0131549
109	0.0508091	0.00880458	0.0322103	0.0415852	0.00231468	0.50899	0.00297131	0.00286707	0.04934	0.0192784	0.00167884	0.0641789	0.00710822	0.0323552	0.0733072	0.0718751	0.0171373	0.00448603	0.00116065	0.00754213
110	0.100248	0.0209611	0.00299666	0.00159763	0.0393025	0.0181825	0.00749594	0.177292	0.00152446	0.210049	0.0819923	0.00569609	0.00367918	0.00360059	0.00600251	0.0180394	0.0378978	0.241414	0.00456279	0.0174657
111	0.081805	0.0143958	0.0058445	0.0120512	0.0607226	0.0308206	0.0118749	0.106991	0.00731385	0.274984	0.0634677	0.0204206	0.00702449	0.0194874	0.0145774	0.0577697	0.0769857	0.11158	0.00550411	0.0163796
112	0.211595	0.0234388	0.00576912	0.00351922	0.000984921	0.150452	0.00172135	0.0016902	0.0029177	0.00313259	0.00383008	0.0294813	0.0101638	0.00632657	0.00379845	0.495784	0.0411192	0.00264375	0.00057668	0.00105575
113	0.136903	0.0029027	0.012605	0.034071	0.00883295	0.040988	0.0245177	0.0050468	0.0536643	0.0182955	0.0071321	0.0196247	0.395952	0.0486923	0.0739432	0.0653814	0.0361417	0.0100294	0.00201012	0.00326659
114	0.0787022	0.00222932	0.165651	0.181293	0.00310887	0.0324417	0.0279673	0.00258421	0.0595203	0.0184944	0.00548942	0.062322	0.00829918	0.105006	0.0776614	0.0894846	0.0631555	0.00873819	0.00286419	0.004987
115	0.068435	0.00490878	0.0657102	0.141501	0.00256449	0.282628	0.0154176	0.00309386	0.0533793	0.01809	0.00382898	0.0565774	0.00455372	0.0845822	0.0841021	0.0527398	0.0409213	0.00699569	0.00342614	0.00654455
116	0.037063	0.00220649	0.00683146	0.0100626	0.0110839	0.0156229	0.0688864	0.0132189	0.210436	0.0287236	0.0214221	0.0485457	0.00339609	0.0748105	0.328039	0.0419179	0.0219295	0.0158464	0.00770532	0.0322529
117	0.28626	0.107893	0.00359287	0.00607471	0.00844742	0.0422074	0.00684063	0.0519773	0.00276845	0.0233229	0.0236223	0.0132339	0.00685776	0.0100609	0.00727378	0.159533	0.0848138	0.146399	0.00383745	0.00498345
118	0.0355594	0.00225823	0.00749044	0.00981554	0.0122147	0.0158321	0.07078	0.0132756	0.20956	0.0268377	0.0225413	0.0511442	0.00349033	0.0744893	0.321799	0.0427471	0.0217848	0.0161423	0.00807706	0.0341615
119	0.170721	0.0444472	0.00388357	0.00907132	0.00389344	0.0280684	0.00790422	0.0106425	0.00323281	0.0167712	0.00547779	0.00992156	0.214975	0.0116643	0.00902664	0.239633	0.170888	0.0308175	0.00272942	0.00623094
120	0.0173457	0.00813748	0.0011879	0.00205381	0.466284	0.00259332	0.0259732	0.0458178	0.00148187	0.100317	0.0399189	0.00819306	0.0045437	0.00186036	0.00251288	0.0174373	0.0179816	0.0457008	0.0176679	0.172991
121	0.0906812	0.00848227	0.325745	0.100039	0.00183355	0.0404855	0.0227655	0.00421872	0.0218117	0.014985	0.00213572	0.0686023	0.0233757	0.0275677	0.0249219	0.157039	0.0466873	0.0126143	0.00164306	0.00436587
122	0.0429671	0.00473029	0.582486	0.0279935	0.00138989	0.0189503	0.0214713	0.00270208	0.0057978	0.00793107	0.00208505	0.154517	0.00410115	0.00783978	0.0268596	0.0546346	0.0197755	0.0105484	0.00102687	0.00219316
123	0.0775419	0.0011571	0.00160949	0.00403221	0.000832335	0.828978	0.00376433	0.00129631	0.0022481	0.00384047	0.00219151	0.0126405	0.00143786	0.0021782	0.00401278	0.0358985	0.012736	0.00222673	0.000536571	0.000841062
124	0.0176699	0.00798029	0.00122419	0.00199774	0.461634	0.00351883	0.0266243	0.0461265	0.00138457	0.0952036	0.0380056	0.0105441	0.00493863	0.0020064	0.00222413	0.0175688	0.0249952	0.0447778	0.0164082	0.175167
125	0.24266	0.0467462	0.00569543	0.00639763	0.0187891	0.0875503	0.0115308	0.089199	0.00512418	0.0888487	0.0373454	0.0108121	0.00904876	0.00799853	0.0114312	0.0771015	0.0474916	0.184446	0.00408359	0.00770055
126	0.0687321	0.0107639	0.00888997	0.0170215	0.056906	0.0203303	0.0173437	0.0850634	0.0190252	0.227667	0.0892168	0.012185	0.00520994	0.0323572	0.0782688	0.0827108	0.0722099	0.0725882	0.00667377	0.0168366
127	0.224841	0.0242097	0.00416348	0.0018199	0.00108793	0.140414	0.00119084	0.00184045	0.00118401	0.00242823	0.00399403	0.0251497	0.0096479	0.0054533	0.0016163	0.504398	0.0431183	0.00209731	0.000591158	0.000754679
128	0.0769791	0.00674996	0.104848	0.255125	0.00660613	0.0481144	0.0347567	0.00713409	0.0471817	0.0236124	0.00818543	0.0781705	0.0109947	0.0781751	0.0670963	0.0643726	0.0522621	0.0150862	0.00546043	0.00908906
129	0.082547	0.00200668	0.00168447	0.00383066	0.00116514	0.81578	0.00405317	0.00122399	0.00180342	0.00398947	0.00243207	0.0121266	0.00203641	0.00203909	0.00330715	0.0408393	0.0146616	0.00268899	0.000769642	0.00101499
130	0.281703	0.0964345	0.00288231	0.00654308	0.0175611	0.0804529	0.00557883	0.0436263	0.00257471	0.0484509	0.0206217	0.00977981	0.0115276	0.0133627	0.00778723	0.127657	0.0707551	0.135329	0.00751283	0.00985992
131	0.253195	0.0556855	0.00594791	0.00589986	0.012503	0.0834083	0.0105342	0.0684358	0.004719	0.0512721	0.0314996	0.0115768	0.00804376	0.00868927	0.0103962	0.0843246	0.0663434	0.219182	0.0034147	0.00492937
132	0.0656355	0.0149897	0.0014925	0.00095221	0.0304415	0.0109075	0.00214301	0.235528	0.000949661	0.182737	0.0457834	0.00474436	0.00533684	0.00201944	0.00304857	0.014329	0.0293148	0.341042	0.00309385	0.0055112
133	0.0467504	0.0119752	0.00126356	0.00128949	0.0603175	0.00755113	0.00264148	0.182488	0.001539	0.302048	0.0606532	0.0037289	0.00275523	0.00168936	0.00251157	0.0117658	0.0204471	0.258478	0.004167	0.0159403
134	0.0743018	0.0166799	0.00166196	0.000904347	0.0296516	0.0110033	0.00220754	0.215553	0.000992242	0.187544	0.0457431	0.00604841	0.00598428	0.00239822	0.00348415	0.0154141	0.0340959	0.337578	0.00303974	0.00571411
135	0.026287	0.00528729	0.00127453	0.00296822	0.0907567	0.00398171	0.00485118	0.130749	0.0021734	0.462082	0.0701572	0.00300793	0.000923398	0.00445688	0.00254434	0.0147525	0.0130548	0.130591	0.00571915	0.0243817
136	0.0795459	0.00425979	0.0251904	0.0443162	0.00937556	0.0340746	0.0425287	0.0105054	0.170148	0.0387993	0.0119472	0.0420789	0.0187583	0.079037	0.260589	0.0541968	0.0335434	0.0156859	0.00654939	0.0188702
137	0.0927786	0.00263671	0.0261505	0.0309143	0.00857008	0.0865085	0.0238301	0.00434392	0.152759	0.0360349	0.00493965	0.0620506	0.0358447	0.0293295	0.284804	0.0679875	0.0217305	0.0117574	0.0108723	0.00615663
138	0.0827269	0.0114078	0.00652371	0.0148012	0.043632	0.0177457	0.0215886	0.0906875	0.00789059	0.279085	0.0907648	0.0128939	0.00492434	0.0395364	0.0169795	0.0506208	0.0632535	0.0896635	0.00976972	0.0455042
139	0.108988	0.00585486	0.23202	0.12436	0.00249923	0.0573659	0.0202	0.00610432	0.0294694	0.0193478	0.00169773	0.0512134	0.0365221	0.0324902	0.0281925	0.172389	0.0536114	0.0124687	0.00164057	0.00356444
140	0.0894453	0.00205814	0.150367	0.180764	0.00346195	0.0300804	0.0281459	0.00260175	0.0753782	0.0266154	0.00663955	0.0515675	0.00364929	0.132943	0.0939599	0.0516238	0.0528071	0.00883685	0.00370928	0.00534608
141	0.347878	0.0387412	0.0138869	0.016322	0.0125297	0.0874255	0.00960704	0.029672	0.00796828	0.0357561	0.015169	0.0173157	0.0337875	0.0128111	0.0135928	0.17276	0.0626481	0.058927	0.00357995	0.00962134
142	0.0687189	0.0204144	0.00565934	0.0632046	0.0641089	0.00645867	0.0106828	0.154527	0.0220162	0.271129	0.0247318	0.00434634	0.0015008	0.0609611	0.0428045	0.0233957	0.0251669	0.104222	0.0178623	0.00808845
143	0.112369	0.01077	0.00613637	0.0257666	0.00459341	0.020747	0.0136359	0.00473572	0.085501	0.0942016	0.0046478	0.0144217	0.00698472	0.0892056	0.418632	0.0507618	0.0115781	0.00699873	0.00285053	0.0154624
144	0.0889594	0.00868811	0.391769	0.0819111	0.00222731	0.0325671	0.0207783	0.00482157	0.0168306	0.0196884	0.00231288	0.0942801	0.0167913	0.0247755	0.0247973	0.113448	0.0375502	0.0127602	0.00167527	0.00336858
145	0.0508165	0.00878012	0.0319464	0.0413305	0.00232893	0.51157	0.00290877	0.00288327	0.0488985	0.019206	0.00172334	0.0638839	0.00705354	0.0322549	0.0722772	0.0719417	0.0172225	0.00433065	0.00107834	0.00756513
146	0.0340074	0.00369529	0.627312	0.0133817	0.00145271	0.0172333	0.0227993	0.00271229	0.00275211	0.00654069	0.00216558	0.175648	0.00148427	0.00265236	0.0267877	0.0338863	0.0123124	0.0104184	0.00117886	0.00157883
147	0.0641023	0.00525916	0.0132298	0.045347	0.00921129	0.0186043	0.0725063	0.0141011	0.0332277	0.0330885	0.00727335	0.0725265	0.0530568	0.122967	0.134458	0.0932904	0.171989	0.0187369	0.00363171	0.013393
148	0.0147473	0.00189326	0.000491774	0.00160506	0.0127916	0.00445385	0.000683328	0.456476	0.000505039	0.0953434	0.0152611	0.003244	0.0085766	0.00232993	0.0010287	0.0113381	0.0170353	0.349166	0.00239281	0.000636431
149	0.0550287	0.011329	0.0102119	0.0351036	0.126211	0.00595636	0.151595	0.0600568	0.0162246	0.0789687	0.0169913	0.0373488	0.00255988	0.0172066	0.062175	0.0278106	0.0152093	0.0530674	0.0614607	0.155485
150	0.330086	0.035054	0.00559004	0.0025831	0.00180253	0.117792	0.00145766	0.00482194	0.000922044	0.00706275	0.0036628	0.0184507	0.00796606	0.00471038	0.00164466	0.392877	0.0509321	0.0104317	0.00078634	0.0013652
151	0.0666336	0.0134922	0.00190668	0.00545773	0.0314008	0.0108525	0.00611108	0.208261	0.00422915	0.209806	0.0574754	0.00736728	0.00571834	0.0101821	0.0118925	0.0200286	0.0364542	0.273654	0.0062344	0.0128432
152	0.0274145	0.0051681	0.000751975	0.00138888	0.0182854	0.00644737	0.000852318	0.380658	0.00057216	0.140093	0.0290711	0.00328765	0.00782738	0.00187629	0.00135765	0.011149	0.0182944	0.340481	0.00283357	0.00219025
153	0.0524769	0.00242607	0.0130894	0.018892	0.00828975	0.0259404	0.0511249	0.0132484	0.227863	0.0328318	0.0161083	0.0530393	0.00829888	0.0593219	0.265075	0.0560147	0.0460978	0.0222102	0.00871754	0.018934
154	0.0794038	0.000942493	0.000762406	0.00296975	0.000749154	0.837493	0.00374051	0.000911955	0.000869842	0.00312454	0.00207886	0.0109645	0.00130163	0.00122453	0.00185295	0.0361055	0.0127372	0.00160907	0.000459378	0.000698831
155	0.092912	0.00458419	0.0028881	0.0112726	0.00634048	0.0389189	0.0151409	0.0495765	0.00323042	0.0347633	0.013353	0.0229138	0.00640027	0.0141071	0.0126407	0.26673	0.296483	0.0929269	0.00140525	0.0134133
156	0.0651337	0.0106352	0.0297103	0.0384713	0.00286504	0.493731	0.00342277	0.00328949	0.0469954	0.0188933	0.00243078	0.0650604	0.0065915	0.0300804	0.0674867	0.0833616	0.0183061	0.00490862	0.0012796	0.00734632
157	0.142445	0.0179934	0.00359164	0.00828692	0.0110256	0.0247462	0.00492232	0.117236	0.00504252	0.084379	0.0170224	0.0344046	0.0155346	0.0192176	0.0114175	0.149818	0.14111	0.182863	0.00262938	0.00631462
158	0.328197	0.0516194	0.0057486	0.010298	0.00838764	0.0588089	0.00728492	0.0321843	0.00368389	0.0271478	0.0165149	0.0498844	0.0197881	0.00994789	0.00933189	0.190596	0.0794882	0.0810764	0.00308888	0.00692306
159	0.133045	0.0164643	0.0186332	0.0396152	0.0123439	0.0384315	0.0173837	0.0543795	0.0209588	0.037786	0.0111139	0.0392946	0.0154899	0.0427036	0.0438839	0.216027	0.133112	0.0912104	0.00464932	0.0134751
160	0.0352665	0.00386958	0.619549	0.0142386	0.00163339	0.0175975	0.0233398	0.0027972	0.00316148	0.00692335	0.00223208	0.177012	0.00162653	0.0030176	0.0265143	0.0340753	0.0129145	0.0112331	0.00123067	0.00176652
161	0.0786281	0.00144806	0.00185693	0.00437981	0.000854118	0.819743	0.00375832	0.00150653	0.00235592	0.00407046	0.0023228	0.0131022	0.00143569	0.00270555	0.00444628	0.0402719	0.0131367	0.00247287	0.000480991	0.00102329
162	0.0784371	0.00206152	0.0106527	0.0198843	0.00735509	0.0357325	0.0602103	0.00772974	0.181307	0.0349451	0.0111577	0.0483844	0.0112702	0.0478141	0.333814	0.0450617	0.0251008	0.0110184	0.00662634	0.0214376
163	0.0845206	0.00262573	0.186659	0.173609	0.00258072	0.0346724	0.024512	0.0029386	0.0516469	0.0188925	0.00452113	0.0594273	0.0123136	0.0926601	0.0646624	0.107444	0.0608279	0.00900897	0.00245701	0.00401984
164	0.0138986	0.00169162	0.00048515	0.00164599	0.0126441	0.00434218	0.000677252	0.459114	0.000497892	0.0945195	0.0147578	0.00320195	0.00857157	0.00231726	0.00100553	0.0111484	0.0168668	0.349686	0.00236398	0.000565447
165	0.0917808	0.0143281	0.19635	0.0682135	0.00424579	0.077249	0.0522674	0.00618778	0.0141477	0.0202167	0.00556594	0.0667704	0.0217347	0.044366	0.0234153	0.170736	0.0588417	0.0370097	0.00344882	0.0231241
166	0.018648	0.00494137	0.000938136	0.00134507	0.300622	0.00220642	0.0119138	0.07562	0.00338144	0.217314	0.0721895	0.00502426	0.00233612	0.00165904	0.00186316	0.0108932	0.0122304	0.0981479	0.0189704	0.139756
167	0.048456	0.0114989	0.00115537	0.00126878	0.0307994	0.00839899	0.00130879	0.278004	0.000908544	0.17917	0.0379167	0.00371046	0.00573703	0.00167591	0.00215034	0.0120789	0.0236145	0.345593	0.00270547	0.00384897
168	0.0851412	0.00753122	0.0923799	0.252659	0.0104319	0.0441309	0.0289208	0.0139964	0.0480515	0.0327971	0.00897676	0.0516511	0.0229582	0.078646	0.0704424	0.0637441	0.052101	0.0198313	0.00590865	0.0097005
169	0.352695	0.0794936	0.0045472	0.00995503	0.0181403	0.110234	0.00507485	0.0245581	0.00368348	0.0493442	0.0162003	0.0105738	0.0097099	0.00934368	0.00677983	0.13589	0.0725817	0.0681363	0.0045596	0.00849901
170	0.0251163	0.0184606	0.0338766	0.022553	0.0134456	0.0164857	0.602611	0.0167586	0.0120064	0.032817	0.00650882	0.0324576	0.00639071	0.0346417	0.0188528	0.0260084	0.0151906	0.0258071	0.00488865	0.0351225
171	0.0845886	0.00199456	0.00157954	0.00393501	0.00105452	0.806999	0.0037376	0.00160985	0.00203978	0.00392026	0.00252014	0.0122348	0.00162856	0.00192723	0.00364819	0.0478016	0.0140577	0.00327931	0.000493276	0.000950218
172	0.111494	0.0209292	0.0114799	0.0188188	0.0117353	0.0398918	0.0229469	0.0338331	0.0136573	0.0734696	0.016245	0.0324662	0.11634	0.0344542	0.0262578	0.151188	0.193975	0.054974	0.00393985	0.0119042
173	0.08557	0.00167681	0.000894771	0.00325548	0.000784304	0.814113	0.00371584	0.00109781	0.000898367	0.00331169	0.00221889	0.0109008	0.00292974	0.00147325	0.00205376	0.0481224	0.0137089	0.00195265	0.000441037	0.000880583
174	0.08856	0.0180903	0.00328711	0.00565547	0.0205895	0.0157905	0.00656322	0.213962	0.00364557	0.134747	0.0366943	0.0143246	0.0128613	0.00862888	0.0081949	0.0521292	0.0829565	0.260264	0.00376079	0.00929554
175	0.133443	0.00304497	0.00813711	0.0301704	0.00797464	0.036746	0.0239714	0.003998	0.0401096	0.0144331	0.00795743	0.015265	0.468021	0.049296	0.0447926	0.0622386	0.037662	0.00916885	0.00119332	0.0023768
176	0.0953355	0.0186056	0.00187588	0.00117406	0.0271849	0.0122201	0.00441231	0.181562	0.00140889	0.188047	0.0532865	0.0107885	0.00911125	0.00462418	0.0050172	0.0221899	0.0504127	0.300048	0.00358881	0.00910636
177	0.0780404	0.00161542	0.0033197	0.00614309	0.00101801	0.804417	0.00373082	0.001161	0.00486435	0.00452637	0.00219841	0.015079	0.00205357	0.00359993	0.00683458	0.0436954	0.0140232	0.00190516	0.000497471	0.00127737
178	0.0407285	0.00460066	0.588283	0.0275821	0.00227076	0.0195537	0.0229041	0.00294657	0.00647802	0.00801217	0.00297632	0.155278	0.00383551	0.00833462	0.027438	0.0469315	0.0176325	0.0105888	0.00125743	0.00236761
179	0.106106	0.00464335	0.024703	0.0330892	0.0101429	0.0897458	0.0239904	0.00653595	0.119204	0.0372166	0.00479975	0.0588437	0.098322	0.0307251	0.210113	0.0753679	0.0307674	0.0170223	0.012689	0.00597258
180	0.119233	0.0220683	0.00207573	0.00274545	0.0149161	0.00956445	0.00339074	0.157918	0.00208929	0.156246	0.0297609	0.0285716	0.0302501	0.0124404	0.0057885	0.0417998	0.0859625	0.266653	0.00271604	0.00581023
181	0.0817571	0.00771051	0.0868517	0.240515	0.0120705	0.0482778	0.0308849	0.0212265	0.0456885	0.0360274	0.0105132	0.0520715	0.0183963	0.0785664	0.0672352	0.0625381	0.0505087	0.0271615	0.00793139	0.0140675
182	0.0993552	0.021016	0.00289757	0.00120556	0.0357107	0.0177771	0.0079568	0.1751	0.00152791	0.206865	0.0838336	0.00698896	0.00360588	0.00406546	0.00664747	0.0190446	0.0405894	0.24184	0.00516844	0.0188031
183	0.0839314	0.00119743	0.111544	0.228918	0.00331305	0.0345624	0.0284738	0.0014937	0.0673402	0.0178333	0.00655831	0.0574093	0.000955173	0.133499	0.102204	0.0416737	0.0601819	0.00779833	0.00534396	0.0057689
184	0.343591	0.0298832	0.00605651	0.0038083	0.00232965	0.137621	0.00186317	0.00491416	0.00123434	0.00798165	0.00382997	0.0167538	0.00838853	0.00486259	0.00212504	0.36399	0.048279	0.010253	0.000830682	0.00140376
185	0.0179884	0.00433557	0.000683914	0.00163655	0.0743034	0.00258449	0.00285588	0.171611	0.00139081	0.46258	0.0606601	0.00215163	0.00141558	0.00130978	0.00115803	0.00869912	0.00628899	0.160147	0.00414353	0.0140557
186	0.264197	0.0401446	0.0149871	0.0262924	0.0135158	0.0746348	0.0107861	0.0374044	0.0130412	0.0434464	0.0132128	0.029778	0.0203769	0.0169998	0.0297081	0.173696	0.0848127	0.0737651	0.0054302	0.0137702
187	0.0838275	0.00245698	0.00139241	0.00381153	0.00108737	0.81162	0.00384394	0.00195097	0.00190496	0.00426082	0.0025252	0.0118965	0.00210899	0.00205501	0.00347738	0.0410054	0.0151119	0.00412987	0.00050476	0.00102802
188	0.22778	0.028106	0.00856341	0.00677799	0.00199048	0.109563	0.00334931	0.00491358	0.00260555	0.00692093	0.00553942	0.0266961	0.0159455	0.00798048	0.00459641	0.476224	0.0493338	0.0100082	0.001066	0.00204038
189	0.0601681	0.0135924	0.00137276	0.00110991	0.0287234	0.00981228	0.0015371	0.257205	0.000851603	0.174046	0.0395497	0.00449797	0.00588907	0.00180682	0.00250344	0.0134972	0.02813	0.349065	0.00273219	0.0039105
190	0.0836062	0.0078197	0.0387359	0.0460214	0.0125632	0.0672455	0.0329766	0.0165973	0.178317	0.0360133	0.0117184	0.0447552	0.033751	0.047407	0.142926	0.096312	0.0530247	0.0258957	0.00965634	0.014657
191	0.218713	0.0257733	0.00385845	0.00177808	0.000936118	0.111251	0.00190521	0.00213451	0.00101184	0.00321837	0.00408666	0.0279945	0.0190057	0.00595504	0.00166857	0.511464	0.0532503	0.00417961	0.000727161	0.00108887
192	0.0743455	0.0112752	0.0163348	0.0201645	0.0155627	0.0330639	0.0391827	0.0351126	0.0182151	0.107802	0.0501513	0.0933593	0.0204701	0.0664957	0.032194	0.156372	0.145652	0.0437938	0.00500478	0.015448
