268	20
1	0.110534	0.0018211	0.0377391	0.176238	0.00141976	0.0407668	0.0113534	0.00260347	0.195562	0.0125655	0.018453	0.00578113	0.0117539	0.21952	0.104957	0.0240231	0.00579395	0.00347406	0.00426805	0.0113728
2	0.0187247	0.000467237	0.000597534	0.00115078	0.0239416	0.00315602	0.00575619	0.033125	0.000491561	0.735774	0.118252	0.00307983	0.00229614	0.00900927	0.000892956	0.00560398	0.00593223	0.0238884	0.00264435	0.00521541
3	0.0191423	0.00093735	0.00735297	0.00171776	0.00084964	0.00561465	0.000968754	0.00130018	0.00120389	0.00390793	0.00115319	0.00701795	0.00655295	0.00362998	0.00146675	0.363095	0.57062	0.00197739	0.000476807	0.00101487
4	0.00687801	0.00221286	0.0303317	0.0343238	0.0175781	0.00352138	0.00486432	0.0439776	0.00267112	0.577311	0.00451157	0.0149245	0.0439728	0.0148231	0.013577	0.00482782	0.0757849	0.101286	0.000782788	0.00183965
5	0.104028	0.00167509	0.15075	0.40307	0.00120603	0.00922992	0.0234638	0.00216759	0.034848	0.00459934	0.00944932	0.0222068	0.0443625	0.0719122	0.0372921	0.0376422	0.0322166	0.0084967	0.000490687	0.000892556
6	0.032121	0.00114089	0.110403	0.543579	0.000883215	0.00172149	0.00123053	0.00189224	0.0203085	0.00214211	0.00472542	0.0206091	0.00146413	0.196317	0.0441174	0.00891608	0.00275926	0.00185451	0.00264207	0.00117271
7	0.0252573	0.00149489	0.00796538	0.0315592	0.00211436	0.00989953	0.00246564	0.00365728	0.433794	0.0733454	0.0105468	0.00852588	0.00762707	0.0992604	0.243398	0.0186241	0.00513471	0.00555396	0.000953099	0.00882286
8	0.227356	0.00198756	0.078591	0.00702497	0.00187911	0.119849	0.0173905	0.0147039	0.0279733	0.0375208	0.00251124	0.040562	0.00433733	0.0679448	0.107431	0.190595	0.022498	0.00408923	0.000818524	0.0249376
9	0.01821	0.000574546	0.000589933	0.00129766	0.0243167	0.00307853	0.0057474	0.035955	0.000536082	0.728062	0.120104	0.00337406	0.00221729	0.00954126	0.000977982	0.00573944	0.00596207	0.0251152	0.0028722	0.00572829
10	0.0246876	0.0137191	0.000680651	0.006377	0.021085	0.0117156	0.000670626	0.187408	0.000589633	0.438542	0.051838	0.0102621	0.000380971	0.0129137	0.00854856	0.0244805	0.0346562	0.147721	0.000221945	0.00350167
11	0.0700431	0.00192094	0.0570482	0.0392124	0.0522764	0.0424644	0.071103	0.0361736	0.00231693	0.0631408	0.0322064	0.0393213	0.00130986	0.0306484	0.0578492	0.187775	0.0998233	0.0438434	0.00746226	0.064061
12	0.0886901	0.0354019	0.00355466	0.0029274	0.00153814	0.716175	0.00139755	0.0018867	0.00271901	0.00287131	0.00182017	0.00285336	0.00184594	0.00373162	0.00142643	0.112173	0.0111486	0.00321022	0.00335847	0.00127022
13	0.239451	0.0194416	0.0235315	0.0125268	0.00107477	0.0278127	0.00121223	0.00789832	0.00149345	0.0070539	0.00822195	0.00982623	0.00131012	0.00264409	0.00166943	0.295592	0.297795	0.0397107	0.000534642	0.00120003
14	0.0155384	0.00331682	0.478896	0.0343288	0.0018174	0.0122887	0.00492861	0.00374679	0.0106296	0.00448895	0.0027584	0.29556	0.00279777	0.0100845	0.00762063	0.0872587	0.0154274	0.00515656	0.000868519	0.00248812
15	0.293462	0.0125163	0.00834735	0.00900315	0.00186274	0.505941	0.0055184	0.00573157	0.0108516	0.00619523	0.00239604	0.00521438	0.00864424	0.0053927	0.00171675	0.0728213	0.0287377	0.010911	0.000744875	0.00399192
16	0.184712	0.00742643	0.00621717	0.01125	0.00468143	0.0605227	0.00508446	0.00569716	0.00407396	0.00817361	0.00458713	0.0212671	0.309992	0.00483329	0.0195502	0.0923237	0.235368	0.00962637	0.00139588	0.00321705
17	0.0711752	0.00221655	0.0535497	0.0338121	0.0435303	0.0457435	0.075443	0.0354098	0.00275403	0.0683744	0.0347652	0.0454901	0.00151012	0.0308901	0.0546221	0.181179	0.0951356	0.0468917	0.00682861	0.0706794
18	0.0457647	0.00210159	0.00375808	0.00173663	0.000458465	0.901105	0.00116188	0.000705378	0.00266075	0.000942176	0.00070812	0.00229609	0.00127956	0.00304347	0.00111481	0.022016	0.00333328	0.000793627	0.00417558	0.000844904
19	0.0268559	0.00708776	0.000478666	0.000426111	0.0143631	0.00398364	0.000875993	0.27858	0.00373491	0.153908	0.0237856	0.000239101	0.00512891	0.000325989	0.00246723	0.00696701	0.0182804	0.446526	7.31133e-05	0.00591266
20	0.0908324	0.00951177	0.0254215	0.0242248	0.0149311	0.065557	0.0834814	0.0420869	0.0129308	0.033028	0.0126925	0.0672034	0.0113024	0.02303	0.216943	0.0942576	0.0903431	0.0566252	0.00258315	0.0230143
21	0.486102	0.0596398	0.00310946	0.00292886	0.00566725	0.0900136	0.0012256	0.00432427	0.00177353	0.0814811	0.0158794	0.00863852	0.0107615	0.00316688	0.00194817	0.112339	0.0858367	0.0234832	0.000447844	0.00123291
22	0.0246897	0.013701	0.000680836	0.00637752	0.0211086	0.0117004	0.000670643	0.18747	0.000581999	0.439066	0.0518579	0.0102621	0.000369032	0.0129631	0.0086084	0.0245913	0.0346527	0.146927	0.000222902	0.00349798
23	0.587477	0.0167371	0.0013038	0.0112753	0.000606752	0.100571	0.000682864	0.0276578	0.00409644	0.0132642	0.00169244	0.00144297	0.00811865	0.00149351	0.000918889	0.0877066	0.0584457	0.0755856	0.000342829	0.000579993
24	0.450171	0.0136121	0.00219621	0.00210344	0.00131446	0.00280328	0.00123782	0.00176282	0.00148584	0.00218364	0.00161468	0.0101151	0.00147047	0.00985919	0.00187583	0.488196	0.00329293	0.00241049	0.000734109	0.00156101
25	0.0199287	0.00103594	0.0072828	0.00167383	0.000843728	0.00576374	0.000941865	0.00127494	0.00123591	0.00395633	0.00122724	0.00686572	0.00639814	0.00366997	0.00139279	0.366252	0.566662	0.00212267	0.000474228	0.000997583
26	0.0104667	0.002922	0.00359695	0.00417631	0.797321	0.00395766	0.00273505	0.00714474	0.00319775	0.0173467	0.00431652	0.00378031	0.00349442	0.00522613	0.00389655	0.00619151	0.00627711	0.00656187	0.0534365	0.0539546
27	0.00649211	0.00326758	0.467501	0.0186869	0.00136363	0.00339238	0.00263098	0.00248281	0.00186427	0.002704	0.00165695	0.381967	0.0020029	0.00230627	0.0019259	0.0899958	0.0044027	0.00293449	0.000718682	0.00170425
28	0.0548403	0.00158359	0.00224996	0.0673228	0.00135467	0.00305784	0.00167442	0.0106711	0.100924	0.0382511	0.0100787	0.0021951	0.32589	0.0114629	0.151369	0.0362513	0.0918392	0.0868147	0.000649613	0.00151979
29	0.168892	0.00304601	0.128715	0.265282	0.000884805	0.0250987	0.0101248	0.00245352	0.0762782	0.00894684	0.00187619	0.0545989	0.0148248	0.0809716	0.0575733	0.0607279	0.0321565	0.00669455	0.000346818	0.000507631
30	0.0189086	0.000723303	0.000593907	0.00134262	0.0234562	0.0033499	0.00572353	0.0368265	0.000484856	0.730603	0.115145	0.00344284	0.00214537	0.00910105	0.00110253	0.00576649	0.00680163	0.0270001	0.00249592	0.00498678
31	0.314267	0.00597605	0.00647394	0.0103371	0.0259404	0.028048	0.00133365	0.173671	0.00166294	0.0578076	0.0366443	0.0026669	0.00616554	0.00204605	0.00205647	0.0411017	0.0151726	0.264633	0.00147405	0.0025222
32	0.250536	0.0450264	0.00125434	0.026862	0.0157274	0.0270342	0.0399033	0.0653901	0.0239657	0.0618677	0.00742809	0.0211522	0.00223709	0.0635406	0.0241162	0.110665	0.0667288	0.124083	0.000751278	0.0217311
33	0.0379102	0.00140308	0.00177273	0.0036387	0.00802052	0.00261553	0.00123596	0.432421	0.00160822	0.114755	0.199178	0.00198476	0.00154917	0.0174096	0.00198326	0.00353576	0.00972318	0.157235	0.000646018	0.00137416
34	0.182157	0.00354734	0.00689138	0.00571305	0.000446682	0.731108	0.00334483	0.00111199	0.00823538	0.00091909	0.000613912	0.00250973	0.00164846	0.00383239	0.000826744	0.0302182	0.0114389	0.000969699	0.00179362	0.00267328
35	0.11524	0.00326918	0.0970552	0.162462	0.00502927	0.0160532	0.00946182	0.0229911	0.131222	0.0158424	0.00803872	0.0400977	0.00145188	0.054744	0.181219	0.0431308	0.0603761	0.0104004	0.00791512	0.0139996
36	0.0518766	0.00339074	0.114067	0.524801	0.0020708	0.00443797	0.0100872	0.00652674	0.0224631	0.0072853	0.019423	0.0122533	0.0185675	0.120759	0.0320043	0.022153	0.0192246	0.00500289	0.00194085	0.00166634
37	0.556066	0.0686148	0.00183768	0.00525967	0.0011098	0.0556468	0.00108699	0.00849888	0.00242492	0.0848398	0.00657849	0.0020274	0.00312843	0.0017438	0.00172513	0.0629973	0.0841198	0.0508651	0.00049537	0.00093348
38	0.0696787	0.0206415	0.00555545	0.0397147	0.0364159	0.0418186	0.0222187	0.00506464	0.11011	0.267896	0.025144	0.0452363	0.00312718	0.130647	0.0590603	0.0342527	0.0102357	0.0113787	0.0190084	0.0427947
39	0.0275998	0.000740769	0.0623218	0.0191382	0.000748488	0.696193	0.011551	0.00115097	0.0508674	0.00159869	0.00479216	0.0514962	0.00466	0.0104294	0.0231915	0.0219941	0.00856543	0.0017802	0.000422581	0.000757786
40	0.214229	0.0392816	0.00233288	0.021718	0.0244586	0.030297	0.0358295	0.12165	0.0322584	0.066648	0.0130587	0.0159728	0.003078	0.0542956	0.0208429	0.0835646	0.0527729	0.139912	0.00147281	0.0263261
41	0.155234	0.00327057	0.272006	0.00709198	0.00258723	0.134493	0.0521675	0.00436332	0.00579696	0.00683723	0.00352345	0.140439	0.00230653	0.0408222	0.0572608	0.0697417	0.0301969	0.0062267	0.00114448	0.00448949
42	0.04381	0.0109636	0.00146782	0.0176841	0.0896853	0.00224833	0.00125307	0.227458	0.00153044	0.0912813	0.145121	0.00278036	0.00124152	0.0276184	0.00191521	0.010503	0.019649	0.272113	0.00948853	0.0221874
43	0.0244106	0.0135787	0.000679289	0.00630588	0.0213787	0.0118488	0.000851831	0.187511	0.00060325	0.439809	0.0512946	0.0102193	0.000370572	0.013145	0.00850031	0.0244909	0.0343509	0.146917	0.000222891	0.00351236
44	0.108362	0.0141471	0.0112982	0.0515839	0.0187539	0.0560609	0.0118222	0.113588	0.0134241	0.330769	0.0351869	0.0161667	0.00706735	0.0224306	0.0176887	0.0374974	0.0378451	0.0816534	0.00374695	0.0109081
45	0.124603	0.00228256	0.00455715	0.00404939	0.00048188	0.806887	0.00212378	0.00064464	0.00574659	0.000932744	0.000674283	0.00202898	0.000665289	0.00353774	0.000684189	0.0266279	0.00792195	0.000906538	0.00260174	0.00204332
46	0.106739	0.0102389	0.00971171	0.0260212	0.00606837	0.0809099	0.00863872	0.0164297	0.0104996	0.0161705	0.0125547	0.0138183	0.479471	0.0110754	0.0216984	0.0459366	0.044229	0.0656771	0.00602429	0.00808766
47	0.244559	0.00673966	0.00956327	0.00892265	0.000713804	0.628977	0.00542499	0.00141417	0.012553	0.00123749	0.00081931	0.00257731	0.00208445	0.00519648	0.00101606	0.0432356	0.018438	0.00136614	0.000765382	0.00439683
48	0.0399315	0.00207941	0.00156681	0.00288768	0.00753019	0.00292987	0.00112078	0.420849	0.00178782	0.116546	0.1656	0.00175583	0.00190784	0.0136364	0.00199448	0.00357746	0.0116995	0.200221	0.000564783	0.00181366
49	0.0466098	0.0360818	0.089472	0.0169263	0.00250885	0.0151753	0.0103387	0.0120591	0.00463045	0.0077796	0.0024982	0.620953	0.00783736	0.00436237	0.00686628	0.0822292	0.0157787	0.00478009	0.0014252	0.0116878
50	0.0171345	0.0015158	0.00144829	0.00279636	0.0201987	0.00425448	0.00557809	0.0654757	0.00155251	0.642875	0.157898	0.00688893	0.00264478	0.0113697	0.00191006	0.00998023	0.00831225	0.0302347	0.00259398	0.0053378
51	0.167101	0.0170213	0.00271204	0.0170806	0.0153913	0.0223418	0.0353066	0.0811414	0.123571	0.0841929	0.0252159	0.0183601	0.0121591	0.0650111	0.082299	0.0410383	0.0498418	0.117597	0.00102497	0.0215922
52	0.0091033	0.00201315	0.00376894	0.00679306	0.0104894	0.00457427	0.0187277	0.00335468	0.0508688	0.0038674	0.0021942	0.014112	0.00202606	0.00437166	0.822783	0.0061594	0.00720831	0.0240473	0.000926875	0.00261062
53	0.0299667	0.012441	0.0968054	0.071695	0.0032008	0.0266873	0.180871	0.0213451	0.00298427	0.0376147	0.00385332	0.189862	0.00295164	0.00436865	0.00630134	0.122407	0.149325	0.0318123	0.0011554	0.00435247
54	0.144595	0.00951408	0.00404339	0.0214042	0.00335371	0.0534994	0.00415863	0.00672094	0.00323876	0.00564869	0.00314922	0.00729997	0.596038	0.00350168	0.0125009	0.0549659	0.0483326	0.0150431	0.00103582	0.0019561
55	0.164185	0.00305912	0.028243	0.0193636	0.00818881	0.0420277	0.0415092	0.00902759	0.0349687	0.197588	0.0711726	0.0143373	0.00313746	0.0480992	0.111905	0.0558777	0.0617456	0.0409057	0.0305451	0.0141143
56	0.196806	0.114883	0.00569545	0.00659889	0.00417739	0.24733	0.0149107	0.00526862	0.00935239	0.00813166	0.0044532	0.20314	0.00350602	0.00562121	0.00604639	0.0541766	0.0333576	0.0196711	0.0232463	0.0336276
57	0.0497667	0.00265239	0.00371691	0.00176818	0.000443656	0.897328	0.0011225	0.000709443	0.00232066	0.000778829	0.000778661	0.00197983	0.000922582	0.00321159	0.00082839	0.0223788	0.00341543	0.000991423	0.00403056	0.00085591
58	0.00788093	0.00288404	0.00313764	0.00457371	0.0111131	0.00516507	0.0188372	0.00338805	0.0478808	0.00451222	0.00245491	0.0138554	0.00265943	0.00411368	0.824828	0.00603201	0.00627514	0.0268153	0.000906828	0.00268668
59	0.108425	0.0623806	0.0201696	0.0105264	0.0042564	0.0130247	0.0077652	0.0341391	0.00571326	0.057428	0.00507061	0.454415	0.00727792	0.00735571	0.00674818	0.089604	0.0855053	0.0110538	0.00245099	0.0066901
60	0.0170843	0.00739931	0.00378507	0.00433397	0.44971	0.00840362	0.0181436	0.0115724	0.00194642	0.0376373	0.0120675	0.00424409	0.0117977	0.016066	0.0042253	0.00449706	0.00555024	0.0103094	0.0152438	0.355983
61	0.0407475	0.00291805	0.105571	0.571437	0.00163044	0.00456263	0.00736844	0.00348681	0.0201538	0.00614973	0.00962112	0.0138601	0.0138301	0.122743	0.0357188	0.0178122	0.0127687	0.0047375	0.00273114	0.00215197
62	0.0601942	0.124464	0.0133294	0.016237	0.121913	0.102212	0.00910575	0.0139003	0.0112313	0.0284768	0.0117874	0.0169244	0.00937905	0.0337921	0.0129636	0.0383778	0.0778555	0.0204578	0.064126	0.213273
63	0.028788	0.0125022	0.00411556	0.00983656	0.233414	0.0151009	0.0024558	0.0641144	0.00212266	0.171037	0.0555801	0.00309739	0.0172849	0.012667	0.00983717	0.00484846	0.00727335	0.0467099	0.049919	0.249296
64	0.150536	0.070787	0.00914072	0.00795889	0.00231434	0.346944	0.00345238	0.00400119	0.00586171	0.00605783	0.00392945	0.00619545	0.00498123	0.0059209	0.00522351	0.327026	0.0288582	0.00619635	0.00162842	0.00298714
65	0.0390741	0.00159871	0.121419	0.572726	0.00106187	0.00367866	0.00837829	0.00269046	0.0202013	0.00276649	0.00829684	0.0155019	0.0149051	0.119733	0.0329601	0.0141482	0.0131493	0.00419605	0.00216197	0.00135338
66	0.0455955	0.00163619	0.268719	0.298147	0.0017793	0.0233548	0.0104444	0.00511299	0.0641064	0.00584352	0.00575246	0.0327255	0.0106868	0.109428	0.0354789	0.0263449	0.0439305	0.00698939	0.00188328	0.00204042
67	0.126831	0.0096337	0.00312396	0.0235751	0.00224215	0.0238267	0.00192959	0.00524311	0.0063081	0.00623098	0.00274219	0.00696081	0.61563	0.0029309	0.0189683	0.0565801	0.0700592	0.0144856	0.000955748	0.00174211
68	0.0178327	0.00520094	0.00355614	0.00347154	0.118769	0.0212079	0.00503626	0.157077	0.00277664	0.331283	0.0104062	0.00201493	0.00162675	0.00658508	0.00310045	0.00977686	0.0137308	0.223277	0.00258869	0.060682
69	0.00968766	0.00318454	0.00369358	0.00612305	0.0277092	0.00485576	0.0227734	0.0758776	0.00165443	0.65464	0.0375372	0.00759304	0.00486265	0.0194002	0.00314442	0.00482645	0.01462	0.0916476	0.000972405	0.00519662
70	0.226744	0.0179353	0.0142109	0.00236177	0.00133783	0.037287	0.00131009	0.0127196	0.00152558	0.0115333	0.00521416	0.014155	0.00141935	0.00401904	0.00179977	0.299327	0.322911	0.0225623	0.000503603	0.00112453
71	0.264423	0.00542871	0.00982313	0.0100812	0.000770839	0.602899	0.00599407	0.00146304	0.0141626	0.00135841	0.000924696	0.00275097	0.00237515	0.00569766	0.00105584	0.0442652	0.0197991	0.00142285	0.00038591	0.00491931
72	0.0891141	0.00142955	0.0655702	0.145873	0.00550159	0.0169576	0.0191261	0.00923941	0.138719	0.0292485	0.00901725	0.0192716	0.00102379	0.0461645	0.247304	0.0346118	0.0843054	0.023326	0.00518386	0.00901201
73	0.018587	0.0125237	0.000781882	0.00890693	0.0143085	0.00804683	0.00244426	0.160559	0.000595615	0.493523	0.0682603	0.016483	0.000704213	0.0142353	0.00795936	0.0186194	0.032433	0.118959	0.000331487	0.00173812
74	0.582478	0.0173624	0.00139385	0.0123051	0.000956892	0.103824	0.000587338	0.0288987	0.00418064	0.0145176	0.00210836	0.00125026	0.00747749	0.00119181	0.00090821	0.0798771	0.0593491	0.0801588	0.000521614	0.000651897
75	0.574512	0.016746	0.00112509	0.0137028	0.0011289	0.090792	0.00224386	0.0349686	0.00592631	0.014797	0.0012699	0.00202436	0.00790675	0.00370334	0.00191671	0.080391	0.0592681	0.0859698	0.000336955	0.00127055
76	0.0371172	0.00180307	0.00102354	0.00105895	0.00156836	0.00125121	0.00151418	0.251973	0.000842186	0.00757663	0.00624472	0.000960747	0.00487865	0.000986695	0.000862939	0.0055244	0.0585083	0.613609	0.000256417	0.00243933
77	0.200473	0.0215033	0.0100985	0.00480203	0.0262804	0.0686045	0.00302671	0.14302	0.00313894	0.0519539	0.133333	0.00383549	0.00195552	0.00361475	0.0038317	0.109993	0.0457693	0.142374	0.00550455	0.0168868
78	0.60003	0.0176125	0.00121576	0.0106998	0.000568628	0.0885247	0.000598597	0.0292738	0.00391151	0.0138371	0.00147866	0.00125091	0.0092502	0.00128976	0.000861446	0.0809339	0.059158	0.0786106	0.000298063	0.000596016
79	0.0505513	0.384987	0.0302233	0.0413944	0.00356301	0.021015	0.00416046	0.0060226	0.00535102	0.00680028	0.00407724	0.00554967	0.00271196	0.00563385	0.00531013	0.17533	0.211116	0.0293121	0.00238048	0.00450982
80	0.0265265	0.00691482	0.000485653	0.000447933	0.0146308	0.00400425	0.000780735	0.281174	0.00395715	0.160449	0.0243861	0.000250748	0.00516799	0.000300371	0.00274548	0.00703525	0.0171356	0.43755	6.41931e-05	0.00599269
81	0.0460245	0.00578638	0.0178499	0.0338224	0.00537857	0.0149153	0.013074	0.00903191	0.455393	0.0361778	0.0116487	0.0161173	0.00807768	0.0577235	0.164249	0.0429187	0.0366651	0.0136608	0.00218732	0.00929828
82	0.0251282	0.00572271	0.0141185	0.0350782	0.00628769	0.0119974	0.311338	0.00923843	0.0809511	0.0133682	0.00731222	0.0385967	0.0141505	0.0249332	0.328201	0.0177574	0.0199828	0.0123532	0.00310787	0.0203767
83	0.012227	0.0007244	0.00101836	0.00119725	0.512169	0.00119554	0.0261953	0.0036841	0.000880139	0.0109832	0.000830401	0.00368419	0.0032434	0.00435019	0.000993586	0.00205715	0.00180867	0.00411064	0.00241697	0.40623
84	0.211783	0.00591208	0.00474273	0.00616002	0.0246992	0.0187643	0.000998344	0.199801	0.00213335	0.0997442	0.0354312	0.00187183	0.00443227	0.00177973	0.00210973	0.0285085	0.0161481	0.329966	0.00102527	0.0039898
85	0.29786	0.0817373	0.00502183	0.00598408	0.0390518	0.0974047	0.00315566	0.00685146	0.00413249	0.0938651	0.0580821	0.00461397	0.00260234	0.00468715	0.00441691	0.0104035	0.00907788	0.266236	0.00161736	0.00319798
86	0.0262829	0.0145376	0.0412715	0.0223023	0.00250393	0.0133278	0.0409965	0.008596	0.00814046	0.010842	0.00467255	0.678497	0.0210187	0.00510199	0.0133548	0.0440642	0.0252659	0.00747061	0.00185273	0.00990089
87	0.0375449	0.032631	0.0861487	0.113719	0.00249213	0.0253903	0.0621386	0.00903792	0.0041426	0.0109984	0.00340945	0.344784	0.00353194	0.00493012	0.00483821	0.17692	0.0619595	0.00898155	0.00128701	0.00511412
88	0.0751289	0.00360559	0.0635118	0.0801172	0.0434911	0.0248607	0.0477982	0.0183417	0.0157671	0.0470913	0.0370795	0.0583213	0.00869308	0.0750613	0.0683019	0.173612	0.0959808	0.0210056	0.00733762	0.0348929
89	0.0443558	0.00118177	0.131317	0.556695	0.000897179	0.00344064	0.00925921	0.00196112	0.0206786	0.00220915	0.00841233	0.0146913	0.0180092	0.118301	0.0331855	0.014706	0.0127463	0.0040047	0.00189789	0.00205032
90	0.00586135	0.00225225	0.485782	0.0197819	0.00153254	0.00337654	0.00243163	0.00231939	0.00220006	0.00303598	0.00160005	0.346307	0.001619	0.00243633	0.00197731	0.107169	0.00476954	0.00310333	0.000768438	0.00167588
91	0.256958	0.00527513	0.038851	0.0754599	0.00250696	0.00545691	0.00283378	0.00485197	0.00346302	0.00541101	0.00567777	0.00383798	0.0026412	0.00409788	0.00373874	0.276828	0.182738	0.115316	0.0015262	0.0025304
92	0.0070224	0.00178182	0.0752258	0.114205	0.00165636	0.00346137	0.0342023	0.187045	0.0465563	0.0261144	0.0135274	0.0929718	0.00144814	0.0832067	0.079389	0.00512553	0.038188	0.186033	0.000917166	0.0019229
93	0.026735	0.0069777	0.000501543	0.000463329	0.0140046	0.00417732	0.000804272	0.289537	0.00378408	0.156946	0.0270133	0.000284368	0.00524853	0.000576892	0.00256712	0.00682801	0.0168069	0.430881	6.64263e-05	0.00579767
94	0.0168439	0.00475767	0.440138	0.0611059	0.00396361	0.0829484	0.00495951	0.00604442	0.0303909	0.00824966	0.00544947	0.00852576	0.0312827	0.00800426	0.00702983	0.252233	0.0120433	0.00884965	0.00243631	0.0047434
95	0.0900876	0.0025032	0.160466	0.368709	0.00225811	0.00653678	0.0295624	0.00288184	0.0264341	0.00472937	0.00973594	0.0218515	0.0932845	0.0850354	0.0312459	0.0264411	0.0265132	0.00896745	0.000869136	0.00188753
96	0.0932132	0.0023757	0.0554599	0.11366	0.0054363	0.0167538	0.0169744	0.00796592	0.131672	0.0397975	0.0104137	0.0154419	0.00421323	0.0467371	0.255756	0.0444848	0.0942838	0.0339748	0.00396053	0.00742584
97	0.434017	0.0040754	0.0261999	0.00625424	0.00338944	0.0126604	0.00334999	0.00553471	0.00413482	0.00697236	0.0040237	0.0302034	0.0376522	0.00572106	0.00769323	0.0461938	0.347299	0.00881302	0.00207503	0.0037373
98	0.0187247	0.000467237	0.000597534	0.00115078	0.0239416	0.00315602	0.00575619	0.033125	0.000491561	0.735774	0.118252	0.00307983	0.00229614	0.00900927	0.000892956	0.00560398	0.00593223	0.0238884	0.00264435	0.00521541
99	0.0120547	0.00300259	0.00827237	0.0335413	0.00279095	0.00645777	0.294243	0.00460675	0.0959297	0.00570646	0.00360963	0.0415348	0.0146068	0.0265261	0.395768	0.00869287	0.0129693	0.00651107	0.00141876	0.0217572
100	0.0530335	0.00608202	0.0826409	0.467616	0.00393163	0.00962012	0.0086842	0.0094985	0.0567864	0.0123134	0.0256214	0.0121991	0.0121025	0.130632	0.0448246	0.0246815	0.0223665	0.00970864	0.00323227	0.00442478
101	0.0274365	0.0115521	0.000611325	0.00416444	0.0234912	0.0104129	0.00063684	0.212147	0.00151469	0.363538	0.0414812	0.00635863	0.00143348	0.00891983	0.00662496	0.0206854	0.0300153	0.222471	0.000277676	0.00622681
102	0.0597557	0.0136994	0.1037	0.107749	0.0316809	0.0233883	0.0183028	0.0168717	0.0300718	0.0338511	0.0180101	0.026557	0.0104664	0.0363075	0.0379647	0.041089	0.0413735	0.0226895	0.0116732	0.314799
103	0.038634	0.00670303	0.0242967	0.00650518	0.19781	0.0262496	0.00433517	0.0186612	0.00447599	0.44038	0.0107923	0.00488821	0.00453658	0.00619756	0.00746388	0.0188183	0.0565409	0.0404639	0.00627349	0.0759739
104	0.0651541	0.00159005	0.00754363	0.0743948	0.00178201	0.00471837	0.00400663	0.00897781	0.103139	0.0412865	0.00903113	0.0033238	0.272236	0.015009	0.177832	0.0405964	0.092093	0.0750205	0.000583733	0.00168204
105	0.341547	0.00438582	0.00546646	0.00649357	0.00320183	0.319956	0.0363566	0.0217444	0.00504425	0.00655483	0.00361107	0.00576993	0.134272	0.0055389	0.00445877	0.0553772	0.0282795	0.00676264	0.00159575	0.00358267
106	0.00972396	0.00267802	0.00325923	0.00342734	0.790403	0.00353772	0.00361297	0.00518451	0.00280307	0.0168608	0.00368472	0.00357366	0.00332252	0.00481366	0.00359269	0.00553142	0.00571995	0.00562315	0.042622	0.080026
107	0.0589208	0.00109963	0.0662268	0.394907	0.00102225	0.0164614	0.00514748	0.0020222	0.118117	0.00652394	0.010404	0.00819785	0.0051223	0.188639	0.0857853	0.0130576	0.00420809	0.00220369	0.00679968	0.00513382
108	0.121816	0.00321836	0.0510051	0.071356	0.0251692	0.0235055	0.0311166	0.0857342	0.145866	0.0132391	0.0170552	0.0312508	0.00235846	0.0378459	0.142713	0.0440338	0.0897385	0.0146911	0.00569107	0.042595
109	0.581309	0.0156432	0.00106767	0.0113415	0.00115602	0.087599	0.000658905	0.0402372	0.00414734	0.0123245	0.00163275	0.00130828	0.0107087	0.00116853	0.000908482	0.0779174	0.0535376	0.096457	0.000332616	0.000544561
110	0.0273973	0.00685886	0.000522268	0.000458193	0.0137522	0.00387846	0.000947078	0.282937	0.00364258	0.149188	0.025532	0.000255768	0.00507731	0.000467055	0.00241916	0.00673505	0.0187539	0.445389	7.90648e-05	0.00570892
111	0.0881651	0.00146241	0.0652862	0.14564	0.00539832	0.0172732	0.0189119	0.00930581	0.139395	0.0280986	0.00865916	0.0199184	0.000989377	0.0459364	0.248461	0.0340311	0.0853348	0.0229826	0.00543781	0.00931211
112	0.115626	0.00268998	0.0987303	0.179794	0.00458717	0.0186057	0.00940629	0.0210216	0.128077	0.0135339	0.00838612	0.0346669	0.00247298	0.0637286	0.167981	0.0416502	0.0599361	0.00984116	0.0068935	0.0123718
113	0.217732	0.00316146	0.0441868	0.0230957	0.00455166	0.0406805	0.0481748	0.00476027	0.0277816	0.165341	0.104213	0.0219989	0.00217009	0.0185023	0.0318752	0.0386504	0.0542916	0.0309029	0.0845373	0.0333924
114	0.27532	0.0213891	0.0127798	0.00206893	0.00175972	0.0564448	0.00116734	0.00886955	0.00135969	0.0116568	0.00666137	0.0156882	0.00441114	0.00331821	0.00187475	0.27054	0.281287	0.0216999	0.000518892	0.00118352
115	0.0262864	0.00681323	0.000498058	0.000467784	0.0145196	0.00404612	0.000768939	0.280482	0.00391133	0.159566	0.02481	0.000264403	0.00509139	0.000355222	0.00273141	0.00704039	0.0168868	0.439551	6.69912e-05	0.00584243
116	0.0642466	0.0136824	0.0174544	0.0342453	0.0193268	0.0231224	0.0110719	0.0920764	0.016124	0.111188	0.359678	0.0207942	0.0110148	0.0282013	0.0172747	0.0348766	0.0364092	0.0669336	0.00777499	0.0145049
117	0.218995	0.0323294	0.0180739	0.00365136	0.00113841	0.036791	0.00126131	0.00950028	0.00157406	0.00883773	0.00535501	0.0119581	0.00141706	0.00324915	0.00166402	0.289055	0.330551	0.0229116	0.00050009	0.00118687
118	0.45002	0.0118193	0.00213435	0.00200833	0.00125219	0.00260578	0.00125746	0.00158933	0.00143485	0.0021908	0.00153133	0.00953864	0.00136478	0.00936847	0.0019123	0.492089	0.0032742	0.00237931	0.000701549	0.00152828
119	0.0309649	0.00938913	0.0128435	0.0137608	0.210793	0.0138047	0.0260597	0.0212666	0.00890564	0.0934666	0.0203984	0.00997872	0.00796162	0.0175282	0.0100832	0.0133565	0.0149036	0.0247203	0.0192206	0.420594
120	0.0227764	0.0113597	0.0244574	0.0103541	0.00280443	0.00954604	0.01428	0.00909646	0.0068354	0.00910498	0.00550918	0.763005	0.0370037	0.00575223	0.0109898	0.0245372	0.0141817	0.00664893	0.00146249	0.0102954
121	0.0224937	0.0013698	0.00720809	0.0323266	0.00165285	0.0102265	0.00185703	0.00179792	0.418857	0.0757409	0.0079239	0.00898478	0.00848148	0.0993714	0.262785	0.021178	0.00457284	0.00304896	0.000797892	0.0093251
122	0.0261323	0.00673019	0.000535472	0.000508885	0.0189591	0.00472392	0.000856776	0.276586	0.00388202	0.166902	0.0233552	0.000281682	0.00486709	0.000380811	0.0026189	0.00691012	0.0173054	0.430417	9.61223e-05	0.00795141
123	0.0623876	0.00560512	0.065435	0.0822008	0.00731869	0.0162434	0.0185892	0.0132072	0.0851943	0.0118029	0.00799792	0.311608	0.0079118	0.0262945	0.13511	0.028043	0.0411627	0.0118193	0.00704398	0.0550241
124	0.0855308	0.00226229	0.137664	0.0126323	0.001891	0.52154	0.0202172	0.00287704	0.0195514	0.00450478	0.00352618	0.0654761	0.00322304	0.016975	0.0261348	0.0441556	0.0233368	0.00398134	0.00173307	0.00278784
125	0.0197268	0.00237415	0.0364337	0.188298	0.00200893	0.00387943	0.0265417	0.0515553	0.0419843	0.0397807	0.00272134	0.00329237	0.0146612	0.0477718	0.00329029	0.0170344	0.261526	0.220699	0.00114252	0.0152787
126	0.0186958	0.00111219	0.00059324	0.00179531	0.0232932	0.0033077	0.00552654	0.0399577	0.000509154	0.722308	0.11543	0.0041963	0.00210231	0.00909587	0.00124508	0.00580739	0.00769555	0.0299986	0.00246041	0.00486946
127	0.0163251	0.0113025	0.00191862	0.00986998	0.0125304	0.00784133	0.00336089	0.147	0.00108595	0.496191	0.0681022	0.0268906	0.00189663	0.014882	0.00780725	0.0163272	0.0340826	0.120392	0.000491735	0.00170117
128	0.0329782	0.00296204	0.0789444	0.0467669	0.00217035	0.0288584	0.00494651	0.0318678	0.0779966	0.00642819	0.0328172	0.224869	0.0106957	0.0522511	0.057291	0.0663997	0.209006	0.0272307	0.00306308	0.00245667
129	0.00671684	0.000739722	0.349089	0.161514	0.000588184	0.055167	0.0144406	0.000961439	0.151366	0.0013379	0.00497679	0.044228	0.0115329	0.0791032	0.0332802	0.0115408	0.070883	0.00143961	0.00035007	0.00074483
130	0.0265265	0.00691482	0.000485653	0.000447933	0.0146308	0.00400425	0.000780735	0.281174	0.00395715	0.160449	0.0243861	0.000250748	0.00516799	0.000300371	0.00274548	0.00703525	0.0171356	0.43755	6.41931e-05	0.00599269
131	0.0174718	0.00162382	0.00168566	0.00245356	0.0237615	0.00383999	0.00683912	0.0422168	0.0013758	0.727527	0.0934895	0.00458351	0.00273957	0.00982305	0.00193196	0.00614579	0.00958068	0.0348489	0.00221741	0.00584509
132	0.00647206	0.001802	0.00235093	0.00289923	0.0108315	0.00372629	0.0138797	0.00277282	0.0510817	0.00317408	0.00177686	0.0126423	0.00139365	0.00236324	0.845039	0.00462115	0.00481606	0.0257044	0.000782633	0.00187028
133	0.00820024	0.000902899	0.317132	0.160527	0.000920501	0.0893943	0.0174401	0.00131917	0.134649	0.00153945	0.00383607	0.0706674	0.00786217	0.0762053	0.0396863	0.0176021	0.0486187	0.00199944	0.000400604	0.0010973
134	0.0325087	0.000939904	0.133263	0.558086	0.000813716	0.00149101	0.00366636	0.00138021	0.0166067	0.00157909	0.00537722	0.0151842	0.00671743	0.161867	0.0393288	0.0110772	0.0047689	0.00211575	0.00224133	0.000988452
135	0.0310847	0.0114683	0.00866841	0.00949556	0.258476	0.0154975	0.00781369	0.0643818	0.00491985	0.149896	0.0472215	0.00639894	0.0139648	0.0142456	0.00881053	0.0088001	0.00970369	0.0486157	0.0867118	0.193825
136	0.0279717	0.000951871	0.04902	0.0184817	0.000943433	0.701389	0.0179154	0.00145291	0.0613874	0.00191363	0.00688392	0.0496058	0.00393406	0.00868139	0.0217092	0.017334	0.00711495	0.00197278	0.000513483	0.000823528
137	0.0142616	0.000783911	0.00105952	0.00133571	0.412519	0.00128605	0.0454542	0.00533674	0.000980401	0.0105396	0.00083184	0.00514333	0.00240835	0.00412628	0.00098888	0.00211735	0.00191507	0.00576762	0.000763757	0.482381
138	0.00694367	0.000742293	0.350244	0.160769	0.000588832	0.0545042	0.0143194	0.000977944	0.151826	0.00134344	0.00496474	0.0440913	0.011982	0.0786883	0.03294	0.0115781	0.0709705	0.00142549	0.000350795	0.000749781
139	0.0228382	0.00195777	0.00237321	0.000707074	0.00036959	0.935183	0.000502186	0.000559903	0.000741004	0.000760916	0.000543092	0.00141784	0.000513905	0.00299678	0.000682021	0.0195426	0.00180308	0.000850215	0.00522231	0.000434851
140	0.0616194	0.01935	0.00145151	0.0153925	0.140945	0.00367818	0.0014107	0.154276	0.00202127	0.110786	0.0941179	0.00337738	0.00240189	0.0269215	0.00212703	0.0166906	0.0284333	0.235685	0.0252446	0.0540716
141	0.0247586	0.00988998	0.000999507	0.00452214	0.0188366	0.00786496	0.00141701	0.216198	0.00233595	0.330681	0.0374411	0.00673595	0.00292823	0.00714081	0.00614068	0.0151721	0.0281728	0.274125	0.000179261	0.00445944
142	0.0360063	0.00175536	0.00188192	0.00574272	0.0151366	0.00253176	0.00120387	0.373348	0.00153694	0.108406	0.219711	0.00258038	0.00140486	0.0208897	0.00213737	0.00377473	0.00960011	0.189403	0.00105383	0.00189494
143	0.464154	0.0252774	0.0182065	0.00389025	0.00469613	0.0865825	0.00277968	0.017062	0.00360142	0.0144019	0.019051	0.00830451	0.0343838	0.0182876	0.00347829	0.229233	0.0347589	0.00819481	0.00109902	0.00255718
144	0.0266198	0.00693091	0.000485781	0.000446446	0.0146985	0.00402473	0.000780188	0.280814	0.00394601	0.160616	0.0243883	0.00025347	0.00515919	0.000307019	0.00272104	0.00705571	0.017173	0.437472	6.79388e-05	0.00603899
145	0.0811212	0.0127956	0.013175	0.0497236	0.0160015	0.00514866	0.0319657	0.0223543	0.260156	0.120732	0.0390023	0.129112	0.00334404	0.0444268	0.0409997	0.0265764	0.0179848	0.06999	0.00139957	0.0139905
146	0.375378	0.0510167	0.00464719	0.0055809	0.00266692	0.130965	0.037539	0.00397039	0.0213091	0.00550836	0.00342558	0.192265	0.00257478	0.00414065	0.00413119	0.0669844	0.0125314	0.0420282	0.00682161	0.0265161
147	0.0233997	0.0020536	0.00227669	0.000826904	0.000366874	0.931868	0.000600473	0.000573124	0.00073956	0.000842995	0.000655841	0.00148338	0.000556428	0.003702	0.000669652	0.0201433	0.00191336	0.00095558	0.00590641	0.000466077
148	0.0188517	0.00525326	0.00766227	0.00940299	0.00517226	0.0665362	0.00677452	0.046176	0.00642743	0.196093	0.187003	0.110247	0.00426248	0.125499	0.00760024	0.0436308	0.0726868	0.0737523	0.00244868	0.00451974
149	0.0293715	0.029061	0.130112	0.101523	0.00238698	0.0212878	0.107988	0.011492	0.00359277	0.0181787	0.00311286	0.272804	0.00326775	0.00466279	0.00517311	0.13625	0.100192	0.014877	0.00121712	0.00344934
150	0.0164181	0.0101966	0.00111343	0.00942913	0.0140178	0.00708358	0.00303338	0.137639	0.00061134	0.523838	0.0788961	0.0188189	0.00149789	0.0150891	0.0066723	0.0152031	0.0298331	0.108179	0.000560491	0.0018706
151	0.0316995	0.0217215	0.0213053	0.347374	0.0114324	0.00452994	0.00305362	0.050083	0.00496129	0.0582468	0.0579168	0.00740487	0.00229346	0.240723	0.00459131	0.0695039	0.0539955	0.00500115	0.00126616	0.00289714
152	0.0341617	0.0304664	0.0145195	0.335371	0.0195539	0.00525867	0.00347006	0.0372677	0.0045191	0.0534077	0.102345	0.00718128	0.00220929	0.201803	0.00398174	0.0823156	0.051909	0.00584052	0.00122691	0.00319187
153	0.0878773	0.00133019	0.0546703	0.134205	0.00651123	0.0181725	0.0198889	0.00612006	0.125872	0.0453752	0.00983722	0.0140813	0.00164538	0.0492293	0.275606	0.0383856	0.0764868	0.0241606	0.00396704	0.00657749
154	0.026021	0.00555933	0.0149574	0.0471693	0.00504652	0.0416102	0.0767363	0.0101567	0.0123868	0.0102017	0.00581378	0.233662	0.0638276	0.0107457	0.250262	0.0516235	0.112844	0.0142079	0.00193196	0.00523682
155	0.0265265	0.00691482	0.000485653	0.000447933	0.0146308	0.00400425	0.000780735	0.281174	0.00395715	0.160449	0.0243861	0.000250748	0.00516799	0.000300371	0.00274548	0.00703525	0.0171356	0.43755	6.41931e-05	0.00599269
156	0.0364139	0.0118205	0.000903056	0.00641423	0.0213654	0.0106208	0.00129139	0.179522	0.000896249	0.451003	0.0591113	0.00910638	0.000639461	0.0116054	0.0109148	0.02488	0.0304451	0.129136	0.000566608	0.00334532
157	0.108137	0.0020325	0.07917	0.130598	0.00621654	0.0224348	0.0157797	0.0166093	0.133029	0.0150799	0.00719379	0.0375316	0.000547973	0.0474567	0.214965	0.0395432	0.0746717	0.01481	0.0123315	0.0218619
158	0.231018	0.0050167	0.00625219	0.00613567	0.0227324	0.0212739	0.000890946	0.194682	0.00182378	0.0867095	0.0359808	0.00161068	0.00438615	0.00151263	0.00184152	0.0269184	0.0172799	0.330313	0.000792326	0.00282884
159	0.550383	0.023244	0.00281377	0.0353179	0.00203647	0.117919	0.00191463	0.0231746	0.00505176	0.0223204	0.00256919	0.00371613	0.00650067	0.00315255	0.00248209	0.0687256	0.0462742	0.0794797	0.000946402	0.0019775
160	0.227453	0.0254843	0.0228851	0.195005	0.00405083	0.0575576	0.0114108	0.0305717	0.0561274	0.0185719	0.0068352	0.00534412	0.00688596	0.0699132	0.0676006	0.0667271	0.0952296	0.025922	0.000441848	0.00598291
161	0.0394565	0.00113853	0.112859	0.528871	0.000843622	0.00262459	0.00146862	0.00138045	0.0226602	0.00199173	0.00409953	0.0236436	0.00182605	0.191914	0.0455484	0.010899	0.00334726	0.00191605	0.00245844	0.00105351
162	0.145051	0.130766	0.00428545	0.00730113	0.00257658	0.289762	0.00244536	0.00353347	0.00349748	0.00463059	0.00330236	0.00759957	0.00284469	0.00391862	0.00399454	0.349188	0.0255273	0.00485051	0.00176105	0.00316466
163	0.204039	0.0281673	0.00882119	0.00417028	0.0336239	0.0435515	0.00212946	0.181696	0.00241669	0.0394956	0.129138	0.00302744	0.00218126	0.00292125	0.00326456	0.101324	0.0541465	0.141484	0.00511706	0.00928463
164	0.0365988	0.00192342	0.00105656	0.0010907	0.0019327	0.00128132	0.00148709	0.254415	0.000999889	0.0119341	0.0065984	0.000949311	0.00463325	0.00096878	0.00103372	0.00556344	0.0575737	0.607127	0.000250005	0.00258303
165	0.0181268	0.00090843	0.000694731	0.00158428	0.0230002	0.00329694	0.00591251	0.0368592	0.000659959	0.723118	0.121085	0.00439634	0.002369	0.0094983	0.00115807	0.00599575	0.00675117	0.0269179	0.00253003	0.00513769
166	0.0183961	0.000729277	0.000614616	0.00146355	0.0234777	0.0031899	0.0056932	0.0359412	0.000624717	0.729139	0.118367	0.00372697	0.00222642	0.00903898	0.00102845	0.00584685	0.00654298	0.0263673	0.00255357	0.00503232
167	0.0282328	0.00111473	0.0116702	0.0414981	0.00136455	0.00963111	0.0021168	0.0016882	0.462748	0.0520212	0.0078021	0.00660087	0.00664838	0.103656	0.231115	0.0163074	0.00477462	0.00275497	0.00124808	0.00700703
168	0.0225783	0.0137674	0.0415593	0.0113137	0.00239984	0.00877209	0.0125614	0.00791014	0.00652693	0.00765454	0.0033756	0.761238	0.0222919	0.00377437	0.0081185	0.0361744	0.0130792	0.00490476	0.00158164	0.0104183
169	0.0265133	0.00691434	0.000483876	0.000446935	0.0146555	0.00400461	0.000780801	0.28114	0.0039456	0.160339	0.0243722	0.000255352	0.00516094	0.000299924	0.0027405	0.00703079	0.0171177	0.437746	6.53667e-05	0.00598675
170	0.425078	0.0876566	0.00463435	0.00504769	0.00294482	0.0237765	0.00306632	0.00485412	0.00403349	0.208697	0.00745065	0.00438459	0.00206689	0.00438917	0.00490238	0.0608726	0.0675825	0.0742891	0.00144948	0.00282409
171	0.0256359	0.00702215	0.000867681	0.00111439	0.0332762	0.0102059	0.00105347	0.22044	0.00273471	0.231718	0.0206409	0.000722026	0.0026798	0.00282178	0.0028704	0.0120706	0.0181417	0.396921	0.000219986	0.0088423
172	0.0280455	0.00708927	0.000623633	0.000548453	0.0239563	0.00622158	0.000812628	0.267126	0.00455762	0.172946	0.0233649	0.000359181	0.00454659	0.000717979	0.00249793	0.00747764	0.0182381	0.422235	0.00032947	0.00830626
173	0.0292841	0.0024525	0.00366909	0.00119757	0.00037918	0.921927	0.000790618	0.000606141	0.00187331	0.000780922	0.000581924	0.00210068	0.000637235	0.00312809	0.00111797	0.0212175	0.00217124	0.000907858	0.00461381	0.000563601
174	0.17151	0.0145734	0.0711513	0.180132	0.00575198	0.0520097	0.0226472	0.0170382	0.0603669	0.0153039	0.00310268	0.0416066	0.0317203	0.0681179	0.0661166	0.0880018	0.0691575	0.0170804	0.000286418	0.00432566
175	0.168224	0.00305139	0.125969	0.266324	0.000867546	0.0237528	0.0108636	0.00228735	0.0773199	0.00829563	0.00198171	0.0541965	0.0156792	0.0821629	0.0595553	0.0606843	0.0317199	0.00622985	0.000346424	0.000488645
176	0.0183268	0.0126017	0.00123519	0.00959253	0.0138044	0.00787073	0.00228295	0.158537	0.000721847	0.4919	0.0653137	0.0183517	0.00126169	0.013948	0.00847107	0.0181969	0.0339111	0.121644	0.000299807	0.00172773
177	0.0276805	0.00551334	0.000723783	0.000844661	0.0112761	0.00349332	0.00086097	0.341059	0.00319965	0.151972	0.0496244	0.000658105	0.00415218	0.00306064	0.00236497	0.00584592	0.0147269	0.368079	0.000200201	0.00466368
178	0.168244	0.00305192	0.12601	0.266274	0.000868193	0.023775	0.0108775	0.00227682	0.0772352	0.00829774	0.00198057	0.0542563	0.0156965	0.0822239	0.0594554	0.0607103	0.0317115	0.00622675	0.000345124	0.000482839
179	0.183773	0.00252968	0.0791502	0.153453	0.00417831	0.013155	0.00878759	0.0184401	0.115398	0.0161157	0.00625169	0.0358973	0.000980806	0.0494525	0.179433	0.043947	0.0610448	0.010296	0.00618018	0.0115361
180	0.0259602	0.00675365	0.000496839	0.000451298	0.0148429	0.00424062	0.000783708	0.274406	0.00374172	0.162654	0.023456	0.000246758	0.00490268	0.000472972	0.00270543	0.00742228	0.0166857	0.443956	7.11155e-05	0.00575042
181	0.251098	0.0450124	0.0012455	0.0267885	0.0157694	0.0270805	0.0397615	0.0653226	0.0240042	0.0620176	0.00741436	0.0210604	0.00223686	0.0634165	0.0240991	0.110601	0.0668588	0.1238	0.000748226	0.0216638
182	0.00655144	0.00180373	0.0135491	0.0266014	0.00172422	0.00361169	0.1991	0.00223919	0.234875	0.00292704	0.00212261	0.0700667	0.0330585	0.0173724	0.354317	0.0047508	0.0156529	0.00327257	0.000755639	0.00564815
183	0.0270384	0.00711333	0.000481418	0.000440577	0.0151131	0.00409644	0.000799433	0.278846	0.0039067	0.159388	0.0241772	0.000231821	0.00506912	0.000328314	0.00264327	0.00702262	0.0176045	0.43939	7.97534e-05	0.00623042
184	0.0371615	0.00182832	0.0010288	0.00120507	0.00166659	0.00121513	0.00154143	0.257474	0.00093663	0.00914424	0.00632355	0.00098191	0.00465226	0.00103981	0.00123761	0.00542619	0.0574222	0.606974	0.00027282	0.00246771
185	0.0259114	0.00685744	0.00174612	0.00178648	0.0634579	0.0144061	0.0021044	0.220916	0.00324583	0.238232	0.0207418	0.00112929	0.00309599	0.00359132	0.00269276	0.00981759	0.0172792	0.329184	0.00207588	0.0317275
186	0.0265702	0.00698812	0.000472981	0.000445589	0.014719	0.00404104	0.000788772	0.278979	0.00386518	0.158711	0.0240549	0.000229315	0.00509923	0.000305134	0.00266005	0.00699319	0.0172415	0.441819	6.73666e-05	0.00594887
187	0.0162694	0.00783563	0.000864511	0.00753626	0.0180576	0.00537585	0.0037399	0.125646	0.000665142	0.530753	0.0920697	0.0159055	0.0012586	0.0128389	0.00514399	0.0119523	0.0224892	0.118158	0.000912928	0.00252755
188	0.250536	0.0450264	0.00125434	0.026862	0.0157274	0.0270342	0.0399033	0.0653901	0.0239657	0.0618677	0.00742809	0.0211522	0.00223709	0.0635406	0.0241162	0.110665	0.0667288	0.124083	0.000751278	0.0217311
189	0.0667732	0.0753513	0.00685551	0.00776987	0.151117	0.0975323	0.00817368	0.00650843	0.00718627	0.0125338	0.00550743	0.00658443	0.00502015	0.0604107	0.0064411	0.036502	0.0225197	0.00846372	0.22545	0.183299
