299	20
1	0.102541	0.00296793	0.0457093	0.0503898	0.00920377	0.0190628	0.0311562	0.0305415	0.101398	0.0612698	0.0356994	0.0553278	0.052618	0.0439409	0.0754309	0.0691461	0.110598	0.0831346	0.00789906	0.0119645
2	0.049446	0.000303876	0.000719419	0.000746143	0.00187208	0.00269302	0.000606973	0.201574	0.00215087	0.052279	0.0263257	0.00205569	0.00310117	0.000959872	0.00620983	0.00282658	0.0225391	0.622471	0.000390503	0.000729748
3	0.119622	0.00134452	0.01882	0.00728446	0.00943708	0.0340168	0.00379614	0.0465418	0.183062	0.0250592	0.045282	0.0330073	0.0156298	0.0050777	0.184275	0.0634974	0.131193	0.0596012	0.00991602	0.00353741
4	0.317862	0.0127039	0.00210587	0.00284128	0.00428501	0.0271063	0.00202399	0.0690451	0.00348742	0.039824	0.0413614	0.0124084	0.00343103	0.00215942	0.00304632	0.0845856	0.110221	0.259418	0.000855439	0.00122893
5	0.069074	0.00203473	0.00578064	0.00569082	0.0336935	0.00952132	0.00373424	0.204247	0.117475	0.0379375	0.129877	0.0179406	0.00374775	0.00524552	0.060952	0.0422108	0.126533	0.107621	0.00359597	0.0130883
6	0.0131376	0.0002928	0.00104093	0.000948875	0.111102	0.00146737	0.00078001	0.293055	0.00180148	0.336688	0.048776	0.0015105	0.000559816	0.00294594	0.00369324	0.00183159	0.0122483	0.159102	0.00564412	0.00337464
7	0.0309246	0.000451837	0.0026035	0.0341067	0.00266808	0.00655258	0.00880787	0.0127302	0.39654	0.0300281	0.0374708	0.0397724	0.00768229	0.0659676	0.223684	0.0327452	0.03408	0.0190218	0.000977947	0.0131839
8	0.320759	0.0167631	0.00270696	0.00498826	0.00473383	0.043764	0.0017769	0.0740387	0.00334331	0.0400496	0.0313035	0.0123697	0.0021843	0.00278431	0.00283775	0.0881558	0.101665	0.243403	0.000950747	0.00142282
9	0.195864	0.00870795	0.013251	0.0161837	0.00516212	0.497987	0.0138163	0.0104184	0.0136994	0.00625225	0.00544994	0.0119754	0.0097165	0.0121596	0.0124538	0.113968	0.0263493	0.0199078	0.00212702	0.00455107
10	0.139889	0.00172501	0.0696222	0.0696371	0.00743872	0.0829321	0.0173689	0.0157059	0.0740436	0.0140172	0.0129879	0.0493158	0.0415757	0.0680222	0.050738	0.18841	0.0445127	0.0294497	0.0119118	0.0106965
11	0.0571182	0.000278617	0.000725697	0.000699949	0.0020838	0.00328108	0.000561631	0.152468	0.0018016	0.060751	0.0218352	0.00130256	0.00380387	0.000908566	0.00704568	0.00317141	0.0265622	0.654495	0.000374056	0.000731609
12	0.0712231	0.0014316	0.0535794	0.0333556	0.0544969	0.00557157	0.0015011	0.202704	0.00226476	0.104747	0.0303893	0.0216066	0.0207829	0.00222129	0.00991448	0.0363191	0.0520564	0.292154	0.00107957	0.00260143
13	0.361146	0.0108251	0.00288709	0.00468135	0.00419801	0.0302471	0.0018138	0.0582234	0.0034258	0.0345419	0.0279381	0.010019	0.00883628	0.00312974	0.00429358	0.0682682	0.0967186	0.266225	0.00117121	0.00141072
14	0.0271973	0.000301516	0.00780988	0.0411066	0.00323097	0.00881129	0.00932299	0.00823402	0.406528	0.023205	0.0304085	0.0402129	0.00687497	0.0770682	0.222784	0.0284739	0.0308821	0.0145587	0.0010098	0.01198
15	0.0811898	0.0170646	0.023261	0.0242595	0.0015632	0.0364696	0.0219411	0.00174195	0.0301128	0.00615554	0.00118698	0.0979259	0.0720053	0.0281799	0.0261114	0.385844	0.13622	0.0066072	0.000865887	0.00129504
16	0.0211724	0.000958736	0.0756544	0.0905529	0.0046958	0.232497	0.0141556	0.00465148	0.167357	0.00447861	0.00163253	0.151933	0.00176846	0.0558492	0.0928359	0.046846	0.0190692	0.00844531	0.00220501	0.00324185
17	0.113011	0.136697	0.0226801	0.028086	0.029718	0.0528846	0.0313146	0.0332507	0.02697	0.0359711	0.0305367	0.0655349	0.0180658	0.0274212	0.0396718	0.0857905	0.101574	0.0830162	0.0203148	0.0174901
18	0.0302081	0.00462908	0.0148752	0.0155301	0.0668669	0.0160772	0.0145829	0.0377852	0.017663	0.042487	0.0177167	0.0218534	0.0248518	0.0150471	0.0270202	0.02813	0.0227754	0.0238468	0.505752	0.0523024
19	0.0676036	0.00491905	0.0100874	0.0160501	0.00883579	0.0208843	0.0153279	0.0196365	0.0229884	0.0201394	0.00564049	0.0494122	0.0139229	0.0102767	0.0107919	0.33266	0.34173	0.0193665	0.00330891	0.00641793
20	0.00680872	0.000304776	0.000678934	0.000709678	0.115624	0.00324968	0.000613232	0.100704	0.00553114	0.584034	0.0875582	0.00141251	0.000516442	0.0018188	0.00316131	0.00508272	0.00605776	0.0707898	0.0023189	0.00302561
21	0.0170668	0.000321201	0.00151364	0.00133188	0.0737388	0.00181318	0.000703379	0.245041	0.00327387	0.384103	0.0589172	0.00224209	0.00107551	0.00219451	0.00347913	0.00327776	0.0120655	0.180738	0.0043561	0.00274808
22	0.0438117	0.00147742	0.0216366	0.0454516	0.00608537	0.0202907	0.0130127	0.013243	0.335069	0.023761	0.0278562	0.0538672	0.00964105	0.0704614	0.192622	0.04555	0.0426504	0.0207674	0.00319541	0.00954945
23	0.0550551	0.00229293	0.0106493	0.0117321	0.00358705	0.794784	0.00519824	0.0062889	0.00996041	0.0056956	0.00303354	0.0146448	0.0066904	0.0108443	0.00756539	0.0261065	0.0131459	0.00798845	0.00174902	0.00298844
24	0.0488774	0.00215749	0.0106392	0.00984033	0.00383553	0.805404	0.00880938	0.00423401	0.00960517	0.0055118	0.00352652	0.0164295	0.00645053	0.0106745	0.00770064	0.0238403	0.0122609	0.0053802	0.00160677	0.00321568
25	0.0271165	0.000965279	0.00371093	0.00393371	0.25888	0.00854205	0.00334651	0.107994	0.00555083	0.369964	0.0813161	0.00507121	0.00393099	0.00456413	0.00611223	0.00936037	0.0109251	0.0792345	0.00345537	0.00602669
26	0.0990246	0.0191071	0.0227946	0.0318297	0.00193036	0.0414497	0.0162593	0.00261534	0.0254851	0.00893378	0.00218276	0.0828263	0.0582092	0.0228699	0.0214403	0.397029	0.133266	0.00949819	0.00135662	0.00189188
27	0.133916	0.0018851	0.0743401	0.0699553	0.00672565	0.0848216	0.0171055	0.0142309	0.071898	0.0142515	0.011305	0.0617443	0.0431207	0.0678802	0.0493282	0.184262	0.0442229	0.0267173	0.0114082	0.0108812
28	0.0304647	0.00162482	0.00434799	0.005988	0.00442509	0.00566581	0.0642758	0.0116321	0.0224155	0.0959319	0.0154046	0.0224529	0.370829	0.0906944	0.045396	0.103033	0.0359924	0.0408375	0.00273917	0.025849
29	0.421261	0.0177009	0.0113872	0.00733787	0.0107989	0.137459	0.00254874	0.0266646	0.0021794	0.00844156	0.0090896	0.00450276	0.00415526	0.00240568	0.00658503	0.204313	0.0521885	0.0650715	0.000966148	0.00494334
30	0.0333643	0.000816077	0.207199	0.404358	0.00140132	0.00404616	0.00407714	0.0183793	0.0339527	0.027056	0.0181603	0.00789173	0.00112515	0.151889	0.0220636	0.0117292	0.0157289	0.02989	0.00490991	0.0019626
31	0.0137715	0.00030001	0.00107328	0.000946395	0.0811798	0.00106607	0.000717599	0.309092	0.0020397	0.337133	0.0541991	0.0016005	0.000563616	0.00304343	0.00415479	0.00176556	0.0135884	0.165298	0.00584664	0.00262045
32	0.00264967	0.000455501	0.0016429	0.00115948	0.4581	0.00833246	0.0356793	0.00158832	0.00561016	0.0258	0.00107139	0.00237095	0.000779547	0.00120835	0.00145284	0.00452077	0.00550218	0.0111895	0.0270215	0.403865
33	0.00624734	0.000263768	0.000566816	0.000652607	0.131295	0.00347328	0.000571928	0.0689302	0.00592578	0.613035	0.0865146	0.00137644	0.000465718	0.0015861	0.00267568	0.00579909	0.00444743	0.0612529	0.00164123	0.00327865
34	0.309981	0.0120111	0.00133216	0.0023182	0.00355202	0.0273065	0.00128315	0.0692224	0.00235499	0.0435016	0.0459961	0.0107667	0.00300353	0.00158428	0.00182779	0.0833105	0.109052	0.269688	0.000742836	0.00116523
35	0.0330918	0.000671987	0.221963	0.425686	0.00142108	0.00428683	0.00586149	0.0114222	0.0416566	0.0217608	0.0147086	0.0118782	0.000838153	0.132857	0.0207973	0.0111344	0.0164213	0.0185918	0.00410378	0.00084733
36	0.0156449	0.000301694	0.00122375	0.00109907	0.0778081	0.00109834	0.000706894	0.29909	0.00233025	0.330476	0.0479156	0.00171987	0.000688201	0.00289345	0.00352365	0.0018838	0.0127032	0.190893	0.00524168	0.00275898
37	0.0833283	0.00587482	0.0748735	0.0865926	0.00775081	0.02207	0.0211317	0.0229368	0.0810725	0.053524	0.0281181	0.0719892	0.0155271	0.0708643	0.0560384	0.11927	0.0567607	0.052787	0.0398985	0.0295913
38	0.0604647	0.00028687	0.000731991	0.000704723	0.00204102	0.00348706	0.00059319	0.15147	0.00179236	0.0610203	0.0229376	0.00131484	0.00410642	0.000918019	0.00682575	0.00423492	0.0279387	0.648009	0.000371461	0.000751462
39	0.107354	0.0218624	0.122776	0.0754087	0.0249566	0.0319674	0.0363383	0.0224769	0.0475317	0.0206311	0.0113454	0.0481742	0.0156691	0.0497516	0.0520879	0.149725	0.100247	0.0398557	0.0091515	0.0126897
40	0.054318	0.00349348	0.140371	0.0442433	0.0031448	0.0624114	0.0240741	0.00175629	0.0444425	0.00507423	0.0012593	0.233372	0.0243109	0.0352136	0.0308525	0.223376	0.0520218	0.00393363	0.00246615	0.00986455
41	0.0820253	0.00112603	0.0123119	0.00820355	0.0139505	0.00910035	0.000854233	0.166515	0.00212181	0.0686085	0.0355257	0.00654182	0.013263	0.001262	0.00607788	0.0210776	0.0413596	0.508145	0.000643276	0.00128659
42	0.142091	0.00364921	0.0717063	0.0700768	0.00788693	0.0584866	0.0191351	0.0164714	0.0765287	0.0269055	0.0135093	0.0536087	0.033395	0.0660201	0.0605434	0.173052	0.0505871	0.0336254	0.0106703	0.0120507
43	0.0205047	0.000733062	0.00451871	0.00459366	0.0797176	0.00608063	0.00303267	0.106058	0.0299846	0.463857	0.0830254	0.0071905	0.0159798	0.00501182	0.0300263	0.0117669	0.0194151	0.0725483	0.0256801	0.0102752
44	0.02269	0.000724207	0.00726928	0.0567893	0.00366003	0.00750236	0.0459177	0.0249371	0.282536	0.0389036	0.0192296	0.0475867	0.00463223	0.183821	0.170093	0.0216151	0.0247665	0.0285073	0.00147537	0.00734419
45	0.149105	0.00074407	0.0232597	0.0799202	0.00995894	0.0598934	0.0080188	0.0103246	0.0628431	0.00711036	0.00347633	0.0194782	0.21886	0.0872162	0.0928499	0.0785042	0.0237441	0.0282051	0.0283333	0.00815466
46	0.0705428	0.00572646	0.016366	0.0325879	0.0947711	0.0323061	0.0163486	0.0388742	0.0358458	0.047501	0.0378799	0.025635	0.170875	0.0360151	0.125945	0.049587	0.0313652	0.0389373	0.0598079	0.0330825
47	0.0252291	0.00281479	0.00723312	0.00402689	0.018058	0.0130313	0.020348	0.0383269	0.00833146	0.0361565	0.00873804	0.0787232	0.0025942	0.00787261	0.00437255	0.257083	0.439534	0.0228428	0.00184667	0.00283711
48	0.114769	0.0195521	0.027579	0.114892	0.00480534	0.0422374	0.00543801	0.103349	0.0604773	0.00899165	0.00407086	0.0289463	0.00413643	0.0285618	0.0314786	0.069153	0.0993669	0.225233	0.00301967	0.00394288
49	0.0502148	0.00750142	0.0300796	0.0520653	0.0114629	0.0315871	0.0865309	0.0192102	0.141519	0.0331496	0.0143524	0.0567437	0.0147324	0.0902552	0.209626	0.0535805	0.0402322	0.0342345	0.00900444	0.0139175
50	0.0230111	0.000503657	0.00226591	0.0312453	0.00216558	0.0040874	0.00810981	0.00896766	0.456528	0.02585	0.0429168	0.0369907	0.00805208	0.0663171	0.194315	0.0258444	0.0369252	0.0144319	0.000700338	0.0107714
51	0.0516502	0.0294987	0.00489209	0.0336692	0.00553994	0.0735993	0.00690975	0.0102523	0.0680425	0.00814529	0.00502495	0.0690654	0.00392304	0.0106105	0.408795	0.148107	0.0415061	0.014572	0.0028852	0.00331206
52	0.132965	0.00089885	0.0223163	0.0142372	0.0135025	0.0295883	0.00786899	0.0376442	0.170692	0.0425495	0.0520811	0.0404483	0.0344077	0.0102054	0.118734	0.0478052	0.142582	0.0722987	0.00591233	0.00326252
53	0.059723	0.000302302	0.00109597	0.000982394	0.00263245	0.00346978	0.000632442	0.152348	0.00201693	0.0628512	0.0245014	0.00154591	0.00391049	0.000921291	0.00695935	0.00362925	0.0273554	0.643888	0.000383156	0.00085177
54	0.107221	0.000991835	0.015279	0.01461	0.00904574	0.0304252	0.00649338	0.039265	0.219803	0.0353651	0.0394134	0.041779	0.0212502	0.0167818	0.160209	0.0502866	0.11956	0.0617749	0.00596377	0.00448223
55	0.0923965	0.00127834	0.0536557	0.0828612	0.00687387	0.125432	0.0305966	0.00731329	0.171749	0.0103583	0.00479675	0.0788713	0.0110493	0.0723116	0.108983	0.0773972	0.0361802	0.0177648	0.00460289	0.00552739
56	0.0845757	0.000326789	0.0623092	0.102791	0.00618876	0.0344926	0.02433	0.00740533	0.210887	0.00742259	0.00176029	0.101069	0.000649921	0.0860874	0.116283	0.0786778	0.0459255	0.0235965	0.00255328	0.00266848
57	0.170287	0.000653737	0.032573	0.0715188	0.00566568	0.0619728	0.0122256	0.0191376	0.0979047	0.028248	0.0142848	0.0260258	0.115105	0.0506321	0.0665988	0.0959733	0.0721946	0.0451256	0.0103793	0.00349366
58	0.0341959	0.00027854	0.000870626	0.00085237	0.0503593	0.00213349	0.000636346	0.259873	0.00225232	0.243143	0.0385703	0.00150639	0.00202374	0.00169467	0.00370456	0.00227372	0.0175483	0.333391	0.00248192	0.00220985
59	0.184477	0.000454664	0.0377539	0.0917957	0.00485613	0.0717418	0.0122751	0.0145494	0.0839135	0.00739135	0.00452734	0.0194176	0.148927	0.0725869	0.0580959	0.101497	0.0361718	0.029776	0.0156018	0.00418995
60	0.0307587	0.000614142	0.166404	0.0634485	0.00286095	0.179562	0.0238492	0.00185847	0.0535141	0.00467486	0.000934166	0.252467	0.00718561	0.0294388	0.0303956	0.107767	0.0257987	0.00390635	0.00290583	0.0116559
61	0.400941	0.0104364	0.00256501	0.00383758	0.00367419	0.0237458	0.0016777	0.0416928	0.00256647	0.0256802	0.0231181	0.0126193	0.0117699	0.00656056	0.00305031	0.0834146	0.14298	0.197378	0.00101735	0.00127543
62	0.111762	0.00264084	0.0737978	0.109361	0.00497166	0.025536	0.0262121	0.0197493	0.13238	0.0232467	0.010801	0.0870126	0.0099166	0.0578878	0.0612646	0.11329	0.0656025	0.0464393	0.00768208	0.0104467
63	0.0652131	0.00190227	0.148616	0.0654086	0.00694006	0.0720649	0.0253588	0.00655912	0.0515308	0.0103152	0.0052976	0.182259	0.0174255	0.0465722	0.037591	0.181832	0.0413064	0.0111861	0.00631842	0.0163037
64	0.00494012	0.000642167	0.00634311	0.00213347	0.43104	0.009122	0.0352517	0.00266888	0.009864	0.0247938	0.00169793	0.00835718	0.00137762	0.00265402	0.0030144	0.00848169	0.00781018	0.012192	0.0315497	0.396066
65	0.0394223	0.0023767	0.005599	0.00685635	0.0190789	0.00927448	0.0651799	0.0171958	0.0198947	0.111369	0.0149449	0.0203243	0.319322	0.0722629	0.0335891	0.113778	0.0357057	0.0573782	0.00402656	0.0324222
66	0.0127745	0.000296994	0.000962422	0.000896254	0.128143	0.00199841	0.000769766	0.281687	0.00176348	0.340563	0.0478723	0.00150517	0.000591712	0.00291611	0.00363367	0.00204259	0.0117081	0.151187	0.00527077	0.0034191
67	0.0464447	0.00266539	0.00407744	0.00550841	0.00270447	0.857591	0.00393806	0.0038335	0.00617169	0.00416307	0.00220335	0.00637782	0.00438609	0.00803918	0.00561577	0.0163685	0.00896268	0.00789587	0.00138048	0.00167298
68	0.127273	0.042759	0.0150771	0.0226597	0.00354531	0.0360417	0.0137851	0.00584993	0.0193604	0.00917465	0.00381144	0.0889558	0.0459422	0.0173955	0.0168022	0.365376	0.137022	0.0258334	0.00131614	0.00201879
69	0.372923	0.0473115	0.011121	0.0205188	0.00997735	0.149515	0.00517356	0.0170234	0.00402975	0.00818571	0.0174202	0.00891413	0.00843361	0.00367344	0.00813899	0.193468	0.0532946	0.054542	0.00141422	0.0049218
70	0.100349	0.00119426	0.00431625	0.00373772	0.00650986	0.0151263	0.00290425	0.129328	0.0112422	0.142265	0.314535	0.00659009	0.00280318	0.00337539	0.00503888	0.00992379	0.0758259	0.160669	0.00191445	0.0023499
71	0.0947648	0.018555	0.0207101	0.0272195	0.00170348	0.0420483	0.0168561	0.00189552	0.025052	0.00689458	0.0017219	0.0911839	0.0619822	0.0222987	0.0212745	0.395316	0.140596	0.00806393	0.000787947	0.00107515
72	0.00280228	0.000507441	0.00250043	0.00121853	0.450774	0.00848034	0.036403	0.00163284	0.00562132	0.0254143	0.00110848	0.00362904	0.000802859	0.00132398	0.00149634	0.00518966	0.00566018	0.0111099	0.0274595	0.406866
73	0.0285962	0.00182586	0.0536193	0.173477	0.00306279	0.00745465	0.0643097	0.0271512	0.120589	0.0441538	0.0107078	0.036794	0.00544347	0.230448	0.0945543	0.0208328	0.0187612	0.0481829	0.00442806	0.0056086
74	0.0397774	0.000471975	0.130359	0.138717	0.00798721	0.026383	0.0265988	0.00724793	0.163463	0.00724797	0.00113871	0.157111	0.00172512	0.0811075	0.0803055	0.0713987	0.0389878	0.0156306	0.00158803	0.00275452
75	0.0160899	0.00309316	0.00707206	0.00514342	0.200377	0.0139083	0.0222244	0.0319438	0.00799741	0.0321899	0.0114857	0.0121666	0.0166471	0.0078086	0.0156128	0.0136627	0.0154436	0.0173485	0.39524	0.154545
76	0.00732863	0.00073082	0.00324342	0.00188005	0.430598	0.0129131	0.0367795	0.00471837	0.00579583	0.026287	0.0021326	0.00568093	0.00239719	0.00243597	0.00277737	0.00857868	0.00906726	0.0140325	0.0546702	0.367953
77	0.0202511	0.00199726	0.00540885	0.00520398	0.356999	0.0123203	0.0271924	0.0336661	0.0102809	0.126911	0.0213484	0.00839669	0.00562854	0.00615925	0.00847457	0.0152464	0.0142045	0.0364491	0.0297509	0.254111
78	0.0630248	0.000582167	0.0511292	0.0700558	0.00971592	0.0381871	0.0168944	0.00825709	0.250032	0.00864557	0.00561267	0.0863619	0.0017555	0.084272	0.160273	0.0645233	0.0532858	0.0181509	0.00485733	0.00438324
79	0.145181	0.00335735	0.00632799	0.0078443	0.0918465	0.0143838	0.0519957	0.0574347	0.00960717	0.122698	0.00883572	0.0141499	0.0126798	0.0123053	0.0107755	0.0386694	0.0693488	0.0970503	0.124058	0.101451
80	0.464212	0.00362649	0.00381608	0.0048276	0.00343664	0.0171798	0.00292031	0.0112922	0.00415423	0.00777495	0.00512065	0.0172899	0.0332861	0.0217058	0.00537494	0.0654195	0.248616	0.0750248	0.00192072	0.00300144
81	0.294119	0.0129511	0.00250368	0.00375148	0.00505875	0.0262944	0.00207648	0.0565266	0.00405513	0.0356891	0.0342251	0.0122874	0.00489253	0.00346712	0.00409108	0.0956444	0.118573	0.281145	0.000967722	0.00168101
82	0.00774329	0.000333283	0.000824125	0.000836621	0.12134	0.00385167	0.000623206	0.0724131	0.00644542	0.603337	0.0952422	0.00181867	0.0010278	0.00173056	0.0035857	0.00586855	0.00587017	0.0617605	0.00242206	0.00292612
83	0.186997	0.0113406	0.050205	0.109561	0.0136872	0.277914	0.0176203	0.0179306	0.0206249	0.0154282	0.0080566	0.0164615	0.0252555	0.0179132	0.018025	0.0630104	0.092504	0.0260226	0.00485454	0.00658763
84	0.0226788	0.000871665	0.418939	0.039342	0.00204165	0.0425409	0.0150984	0.00263618	0.0262174	0.00475935	0.00194877	0.306058	0.00286048	0.0221488	0.00816947	0.0379206	0.0225123	0.0139206	0.00193173	0.00740401
85	0.0554605	0.000964655	0.140581	0.505838	0.00143828	0.00880215	0.0039496	0.0104969	0.0250483	0.0160278	0.00927966	0.00779039	0.00631212	0.1443	0.0212173	0.0116389	0.0112222	0.0145101	0.00369469	0.00142727
86	0.00748978	0.000530476	0.000850441	0.000730618	0.0908806	0.00291947	0.000576259	0.0651183	0.0064497	0.638764	0.100433	0.00235113	0.000498412	0.00170511	0.00307798	0.00585328	0.00566315	0.0615756	0.00187549	0.00265683
87	0.0503821	0.00224034	0.0303398	0.0529419	0.00873432	0.0249779	0.0163361	0.0148164	0.322503	0.0250235	0.0252455	0.0607948	0.00996829	0.0753076	0.146645	0.0522709	0.0444363	0.0223634	0.00463492	0.0100374
88	0.0367917	0.00433527	0.0129834	0.0115913	0.0720223	0.0142566	0.0144955	0.038409	0.0154741	0.0410995	0.015569	0.0186437	0.0199979	0.0150548	0.0226318	0.0247893	0.0267895	0.0242705	0.510989	0.0598058
89	0.0179853	0.00213885	0.0718045	0.0134661	0.0971832	0.0106302	0.0377475	0.00905114	0.0138571	0.0134278	0.00674665	0.0795785	0.00527138	0.0239912	0.010745	0.0677207	0.0252367	0.0129143	0.0666206	0.413883
90	0.173156	0.00246137	0.0172327	0.0494645	0.00413418	0.0480788	0.0355594	0.00753288	0.062605	0.00894369	0.00521592	0.0123836	0.0063937	0.0131313	0.0196531	0.23778	0.210286	0.0202063	0.0222935	0.0434881
91	0.0299255	0.0236293	0.0213021	0.0125026	0.00852612	0.0186946	0.0238325	0.022606	0.0142493	0.0260537	0.00967674	0.349427	0.00623275	0.0174768	0.0141212	0.0367588	0.269778	0.0787441	0.00882571	0.00763691
92	0.0439704	0.00129473	0.123299	0.437945	0.0048408	0.0180965	0.00954949	0.0120334	0.0493525	0.0186839	0.00896312	0.0337578	0.00986328	0.108228	0.0370404	0.029586	0.0229425	0.0221787	0.00415588	0.00421853
93	0.138027	0.00108623	0.0171181	0.0640853	0.0161667	0.0575138	0.00626934	0.00922617	0.0560814	0.00686864	0.00420109	0.0296288	0.233733	0.065858	0.102465	0.084929	0.0192532	0.0350011	0.0393894	0.0130992
94	0.0664138	0.0016653	0.00735076	0.0754006	0.00861533	0.0206404	0.00601081	0.00684273	0.0347274	0.00769344	0.00343918	0.0109889	0.266668	0.214809	0.171512	0.0450324	0.0117076	0.0183046	0.0151495	0.00702819
95	0.0299079	0.00276542	0.15115	0.0530397	0.00450111	0.173025	0.0171464	0.0049361	0.0449671	0.00923512	0.00402187	0.308457	0.00710341	0.0260592	0.0272167	0.0764526	0.0331993	0.0120579	0.00347466	0.0112827
96	0.0108419	0.0013687	0.0031654	0.0913659	0.00304841	0.00435253	0.1334	0.0390909	0.131394	0.0507385	0.00494985	0.0391848	0.00264216	0.30072	0.110439	0.00842755	0.00862663	0.0508473	0.0020228	0.0033728
97	0.0633327	0.00150735	0.0514707	0.070835	0.0591109	0.00599678	0.00226041	0.180536	0.00292235	0.11019	0.0259522	0.0199061	0.0187632	0.00311406	0.0088526	0.0324682	0.0529271	0.285563	0.00147307	0.00281792
98	0.0310958	0.000498469	0.209493	0.0675521	0.00301123	0.0705377	0.0188544	0.00155359	0.0420876	0.00710641	0.00124769	0.301238	0.00795784	0.029322	0.0246161	0.126152	0.0360639	0.00395632	0.00313655	0.0145188
99	0.00433078	0.000549518	0.00402969	0.0013184	0.435883	0.00844183	0.0361424	0.00242305	0.00568212	0.0255677	0.00131201	0.00599682	0.00125632	0.00197209	0.0018063	0.00676464	0.00638152	0.0119564	0.0294686	0.408717
100	0.126356	0.00515714	0.0168575	0.0457824	0.00226926	0.042678	0.0226756	0.00353297	0.0670346	0.005202	0.00220607	0.0211185	0.0163915	0.0128814	0.0223869	0.284994	0.259883	0.0204134	0.00758103	0.0145991
101	0.0711146	0.00138746	0.0535682	0.0330399	0.0545354	0.0053991	0.00151903	0.203604	0.00215401	0.1053	0.0298636	0.0216098	0.0210622	0.00224974	0.00953559	0.0353224	0.0525462	0.292577	0.00100565	0.00260672
102	0.431054	0.0014928	0.00358083	0.00674726	0.00350949	0.00625447	0.00445672	0.00600484	0.00514777	0.0211171	0.00335413	0.00547394	0.349684	0.00564315	0.00611867	0.0740528	0.0121153	0.0489502	0.00220223	0.00304031
103	0.0458412	0.00268844	0.323262	0.130971	0.00540385	0.0376685	0.0169862	0.00961721	0.0464979	0.0148331	0.00883883	0.148097	0.00709648	0.0531973	0.0254609	0.0558433	0.0315476	0.0207451	0.00500406	0.0104
104	0.137945	0.00127684	0.0708415	0.111978	0.00437102	0.0378076	0.0240402	0.0125141	0.143293	0.0152744	0.00666902	0.0753948	0.0117114	0.0670386	0.0729816	0.112518	0.0513807	0.0325587	0.00491537	0.00549043
105	0.00589702	0.000278669	0.00056126	0.00074702	0.093069	0.00285562	0.000534309	0.0565978	0.00655894	0.656239	0.0964746	0.00142567	0.000606723	0.00163381	0.002982	0.0059568	0.00465267	0.0582145	0.00177364	0.00294113
106	0.00539592	0.000274167	0.000544955	0.000611909	0.094067	0.00272638	0.000509403	0.0581017	0.00641451	0.658516	0.0934253	0.00130955	0.000427613	0.0016194	0.00296319	0.00584162	0.00418395	0.0586929	0.00168098	0.00269332
107	0.0664978	0.000255073	0.0524857	0.0850769	0.00899907	0.0356227	0.0198888	0.00454387	0.237681	0.00885157	0.00161998	0.0926199	0.000611913	0.106473	0.154208	0.0644195	0.0375495	0.0136092	0.00426287	0.00472395
108	0.00621327	0.000323866	0.000604865	0.000689053	0.141285	0.00402515	0.000612944	0.0662789	0.00604663	0.607109	0.086311	0.00150704	0.000485243	0.00154832	0.00271424	0.00566177	0.00424595	0.0588838	0.001563	0.00389124
109	0.154401	0.119159	0.00783618	0.00965136	0.082186	0.019216	0.00896586	0.0214607	0.0102025	0.0178364	0.0805771	0.0147275	0.0054007	0.00957827	0.0104154	0.0694447	0.167693	0.179384	0.00492626	0.00693873
110	0.122085	0.000870629	0.0157799	0.0271296	0.00946346	0.0287845	0.0126098	0.0402568	0.116009	0.075996	0.0434934	0.0355378	0.0699646	0.0160225	0.0900674	0.0501705	0.150026	0.0901259	0.00281438	0.00279336
111	0.0571896	0.00027899	0.000723252	0.000702534	0.00213855	0.00328378	0.000572036	0.152007	0.00179664	0.0609673	0.0218603	0.00130098	0.00381577	0.000907471	0.00705398	0.00317735	0.0265925	0.654521	0.000377811	0.000733312
112	0.0461059	0.00208142	0.0207852	0.0436069	0.00749344	0.0259166	0.0159895	0.0120844	0.287788	0.0231526	0.0237663	0.0523313	0.0105093	0.0756529	0.232513	0.0450937	0.0398694	0.0213172	0.00391158	0.0100315
113	0.0540894	0.00279737	0.00784346	0.00748866	0.00422307	0.822038	0.00654196	0.00470008	0.00558198	0.00570655	0.00352313	0.0105807	0.0054184	0.00903823	0.00505171	0.0209095	0.0101384	0.00711156	0.002015	0.00520282
114	0.0560916	0.0103732	0.0479649	0.0433761	0.0435013	0.0392949	0.237524	0.0250444	0.0445761	0.0559521	0.0132153	0.0570939	0.0211166	0.0535727	0.0392698	0.0593813	0.0452752	0.0361306	0.0146175	0.0566287
115	0.0333212	0.108355	0.0101091	0.0126341	0.0117506	0.0170487	0.0731609	0.0168776	0.0154612	0.0191231	0.0105497	0.212751	0.00998874	0.0303493	0.0172574	0.0540394	0.25723	0.0565405	0.0249223	0.00852987
116	0.012778	0.000505342	0.00104153	0.00130313	0.00243343	0.00172445	0.00105682	0.520432	0.00395339	0.0236229	0.0772237	0.0066854	0.000885353	0.00162196	0.00214159	0.00248476	0.00487323	0.333506	0.000561759	0.00116549
117	0.00985817	0.000297104	0.00072291	0.000724992	0.138362	0.00274244	0.000619238	0.160166	0.00386525	0.490373	0.0647265	0.00130243	0.000510296	0.00196404	0.00305449	0.00362777	0.00737507	0.103352	0.00313479	0.00322082
118	0.0289878	0.00442074	0.0112108	0.0134337	0.0623245	0.0105037	0.0145453	0.0564977	0.016013	0.114539	0.0286339	0.0164599	0.0204099	0.0148802	0.0222363	0.0210907	0.0240235	0.0373646	0.436757	0.0456677
119	0.0407649	0.000545318	0.211844	0.0755746	0.00327077	0.0766139	0.0205725	0.00199933	0.0459075	0.00602591	0.00132469	0.260903	0.00887232	0.0341508	0.0256326	0.131203	0.0324722	0.00438211	0.0037268	0.0142136
120	0.0309917	0.000951512	0.409025	0.0405706	0.00239459	0.0293312	0.02171	0.00267385	0.0400539	0.00510297	0.00215599	0.255894	0.00385489	0.034282	0.0123564	0.0518192	0.0281327	0.021672	0.00198523	0.00504213
121	0.13184	0.00104227	0.0764255	0.0841897	0.00579793	0.071521	0.0158878	0.0115917	0.0873652	0.0103215	0.00667359	0.0687417	0.0874069	0.074153	0.060909	0.124905	0.0363758	0.0238354	0.0123924	0.00862501
122	0.0340633	0.00957317	0.0217374	0.0127941	0.0138858	0.0126716	0.0104914	0.114121	0.0131293	0.130219	0.025062	0.173773	0.00903256	0.0972311	0.0122976	0.0304092	0.0874204	0.178501	0.00555059	0.00803652
123	0.0252548	0.0027001	0.00743027	0.00766979	0.00687515	0.00961158	0.0288781	0.0427596	0.0172689	0.129785	0.0733726	0.0213942	0.221528	0.149978	0.0228857	0.101421	0.0561748	0.0563498	0.00486606	0.0137966
124	0.139187	0.00160776	0.0699239	0.0697444	0.00741254	0.0827615	0.0174888	0.015668	0.0745033	0.0140033	0.012767	0.0495184	0.0419305	0.0681311	0.0511381	0.188068	0.0441769	0.0292868	0.0119115	0.0107711
125	0.0302218	0.00451496	0.0140408	0.0151156	0.0789508	0.0151967	0.0144445	0.037074	0.0152546	0.0334768	0.0177109	0.017532	0.0224224	0.0147062	0.0226663	0.0238736	0.0217621	0.0217018	0.517956	0.0613778
126	0.0370544	0.000293481	0.00174054	0.00145783	0.0502739	0.00224494	0.00069456	0.210361	0.00270993	0.267213	0.0410698	0.00199908	0.00200717	0.00189385	0.00440649	0.00345095	0.0184117	0.34811	0.00261228	0.00199553
127	0.0244213	0.000335796	0.00234883	0.0373521	0.00204725	0.00440076	0.0093845	0.00899936	0.421142	0.0257577	0.0370512	0.0481861	0.00982808	0.0651334	0.206877	0.0305613	0.0379276	0.0157564	0.000633412	0.0118561
128	0.0596204	0.00169892	0.154054	0.0485514	0.00317704	0.0668052	0.0236916	0.00234564	0.0494991	0.00487647	0.00156477	0.24114	0.0203386	0.0384977	0.03009	0.191052	0.0437823	0.00535221	0.00325754	0.0106056
129	0.0145249	0.000354165	0.00118765	0.00115713	0.0813285	0.00418993	0.00105373	0.0724353	0.00718186	0.593857	0.125337	0.00226444	0.000970682	0.00211693	0.00334523	0.00625983	0.0117604	0.0659337	0.00200377	0.00273769
130	0.0820352	0.016905	0.0234044	0.0238876	0.00152144	0.0374062	0.0196465	0.00144308	0.0284956	0.005721	0.00101538	0.0982428	0.0692675	0.0261116	0.0244493	0.390324	0.142372	0.0061496	0.000645377	0.000956645
131	0.0344638	0.000626853	0.211118	0.428943	0.000947217	0.00385149	0.00372926	0.012799	0.0353474	0.0230355	0.0142385	0.00565642	0.000675317	0.157044	0.0188031	0.0102845	0.0122984	0.020509	0.00482248	0.000806505
132	0.0083043	0.000263972	0.000822248	0.000758384	0.0995808	0.00216936	0.00077359	0.114346	0.00506888	0.578866	0.0795739	0.00142873	0.000748433	0.00203858	0.00345025	0.00484568	0.00650742	0.0844993	0.0030212	0.00293268
133	0.0490947	0.000730325	0.0107691	0.0284446	0.0128534	0.0279973	0.0178955	0.00646228	0.260815	0.0484865	0.0225273	0.0384824	0.00328315	0.111824	0.26881	0.0349054	0.028283	0.0112638	0.0027039	0.0143686
134	0.172314	0.00175927	0.0664659	0.101866	0.0040286	0.0524411	0.0221641	0.0160532	0.0963527	0.0137416	0.0105951	0.0570338	0.0208457	0.0564185	0.0533881	0.148944	0.0562321	0.0359458	0.00690892	0.00650147
135	0.198522	0.00644621	0.0785214	0.109804	0.0110445	0.0359017	0.0163939	0.039424	0.0522252	0.0243176	0.0122701	0.035957	0.0184678	0.0428603	0.0335108	0.0930048	0.0809027	0.0965664	0.00616057	0.007699
136	0.311658	0.0121862	0.00118395	0.00215608	0.0036384	0.0273023	0.00126306	0.0675955	0.00250436	0.0416251	0.04541	0.0108503	0.00270787	0.00156992	0.00218831	0.0839968	0.110515	0.269753	0.000769647	0.00112638
137	0.0464405	0.00173541	0.0391474	0.0680952	0.0119077	0.0473624	0.0168221	0.00390188	0.24442	0.00999972	0.0019759	0.0828608	0.000723471	0.0997341	0.20135	0.0656569	0.0377767	0.00936377	0.00501222	0.00571447
138	0.0485833	0.0074626	0.0310781	0.0532668	0.0128634	0.0353706	0.0854848	0.0198697	0.136195	0.03077	0.0141449	0.0536713	0.0176137	0.0867439	0.222529	0.0523847	0.0379787	0.0316625	0.00848733	0.0138398
139	0.0136374	0.000285117	0.00102268	0.000925286	0.0815786	0.00112173	0.000684817	0.300487	0.00209728	0.34581	0.0568522	0.0015155	0.000520788	0.00300472	0.00409626	0.001805	0.0138146	0.162668	0.00555536	0.00251726
140	0.0440563	0.000251716	0.0471786	0.0776609	0.01112	0.0394664	0.0188953	0.00376524	0.263423	0.00915575	0.00131507	0.0880179	0.000576987	0.106954	0.171348	0.0560848	0.0393629	0.00994706	0.00544422	0.00597577
141	0.0504957	0.00245103	0.160657	0.0595099	0.0034961	0.107907	0.0201473	0.00315058	0.0473818	0.00656812	0.0023295	0.223142	0.0163194	0.0333205	0.029432	0.170289	0.041019	0.00679863	0.00370393	0.0118828
142	0.017696	0.000286201	0.0018191	0.00127241	0.0733372	0.00117701	0.000707931	0.302173	0.00237258	0.312233	0.0462185	0.00201011	0.000959375	0.00275234	0.00358845	0.00220797	0.0133862	0.208175	0.00500521	0.00262238
143	0.0983528	0.00187647	0.00504404	0.00464578	0.00368808	0.0154442	0.00370222	0.0661129	0.0106878	0.15219	0.37955	0.0080876	0.00258106	0.00465678	0.00528265	0.00810031	0.0643944	0.160391	0.00220554	0.00300673
144	0.0820695	0.016938	0.0233499	0.023898	0.0015214	0.0373361	0.0196696	0.00144188	0.0285216	0.00572726	0.00101515	0.0981864	0.0691569	0.026092	0.0244863	0.390549	0.142287	0.00614904	0.000648115	0.000957118
145	0.0309381	0.000508408	0.0104497	0.0379146	0.00525328	0.0138081	0.0185176	0.00786928	0.339598	0.0254473	0.0265788	0.0441058	0.0050846	0.0906943	0.257794	0.0299408	0.0293632	0.0145071	0.00169768	0.00992895
146	0.015471	0.00176548	0.0246168	0.00552404	0.2823	0.011627	0.0455512	0.00755781	0.00979928	0.0264743	0.00635172	0.0318283	0.00513857	0.00959413	0.00736719	0.0224832	0.0135924	0.0161114	0.0301155	0.42673
147	0.142355	0.00644347	0.00845257	0.010142	0.00448466	0.0551152	0.0042902	0.0297063	0.173516	0.00942158	0.0123717	0.0235155	0.00332198	0.00679833	0.302003	0.12307	0.0407674	0.0364605	0.0044771	0.00328831
148	0.0320073	0.000568149	0.226245	0.0610889	0.00271896	0.150676	0.0195901	0.00184291	0.0419437	0.00499294	0.00117957	0.26531	0.0061805	0.0264157	0.0231982	0.0914524	0.0252802	0.00546599	0.00274999	0.011093
149	0.0388068	0.000274647	0.0450896	0.0774951	0.00918786	0.0329061	0.0162743	0.00433068	0.301155	0.00957367	0.00451039	0.0794112	0.00123686	0.0996788	0.17567	0.0485495	0.0345711	0.0110022	0.00418719	0.00608884
150	0.00697895	0.000250575	0.000589268	0.000655165	0.13675	0.00338495	0.000600836	0.0805565	0.00569235	0.594299	0.0823725	0.00133129	0.000498082	0.00151337	0.00262169	0.00523948	0.0047547	0.0667552	0.00178415	0.00337179
151	0.0724814	0.00143527	0.0508373	0.03372	0.0552805	0.00536754	0.00176224	0.200937	0.00250475	0.104977	0.0283549	0.0227195	0.0252202	0.00266613	0.00930963	0.0342287	0.054065	0.290012	0.00125646	0.00286418
152	0.168116	0.00306815	0.00665365	0.0401838	0.00560893	0.293378	0.166607	0.0103026	0.0191805	0.0121274	0.0109452	0.0145441	0.00880383	0.0427164	0.0141682	0.135733	0.0182319	0.0157871	0.00348469	0.010359
153	0.02199	0.00183735	0.015076	0.00639737	0.19232	0.0119986	0.0275284	0.0203805	0.00987819	0.0285115	0.00964137	0.021177	0.0125085	0.00987552	0.0126307	0.0236984	0.0193654	0.0181582	0.305072	0.231954
154	0.0376976	0.00136394	0.259346	0.30601	0.00250709	0.0234963	0.0112674	0.010461	0.0465549	0.0172295	0.0101932	0.0671498	0.00336313	0.0957668	0.026156	0.0336598	0.0207253	0.0188668	0.00433577	0.00384948
155	0.0557089	0.00103105	0.00315041	0.00197582	0.0119497	0.00408447	0.000770572	0.224291	0.00230516	0.0792518	0.0333574	0.00341141	0.00364306	0.00156697	0.00565316	0.00700149	0.0252374	0.533791	0.000840918	0.000978762
156	0.031364	0.0288287	0.0756673	0.0123186	0.0125075	0.0114723	0.00558995	0.104273	0.0076943	0.114402	0.0983708	0.157283	0.00715815	0.0151727	0.0116051	0.0524605	0.0250818	0.217783	0.00353375	0.007433
157	0.0490924	0.00787635	0.123967	0.0513677	0.00711721	0.0607214	0.0221278	0.0191387	0.0622341	0.0189491	0.0118345	0.276635	0.0127439	0.0351474	0.0392383	0.0897029	0.0624988	0.0327953	0.00575212	0.01106
158	0.049312	0.00157483	0.124996	0.40929	0.00530579	0.0214171	0.0115987	0.0166315	0.0530763	0.0190454	0.0101043	0.0315353	0.00879833	0.105365	0.0371716	0.0351721	0.0238857	0.0274513	0.00427961	0.00398927
159	0.0421867	0.00824783	0.0254559	0.0141378	0.0362444	0.0176084	0.00781247	0.0676879	0.0190542	0.299054	0.150289	0.0966295	0.00891462	0.0141315	0.0187632	0.0275307	0.0327311	0.0977532	0.00572987	0.0100382
160	0.0180403	0.00128356	0.00241362	0.0013611	0.0712235	0.00421811	0.00103483	0.070274	0.00684541	0.560163	0.123696	0.00404349	0.00108378	0.00199139	0.00397558	0.00675892	0.011762	0.104429	0.00264567	0.00275696
161	0.0582888	0.00641958	0.0332896	0.0343422	0.0535825	0.0423408	0.245795	0.0195819	0.0399005	0.0603953	0.011242	0.0488089	0.0300573	0.0494816	0.0399135	0.0637408	0.0437092	0.0354392	0.0130254	0.0706459
162	0.00758824	0.00078056	0.0043579	0.00245885	0.428193	0.0239259	0.0431092	0.00425725	0.00648159	0.0228853	0.00186018	0.00713135	0.00148128	0.00356571	0.0025067	0.00877989	0.0142763	0.0125361	0.0620683	0.341757
163	0.0487535	0.00201381	0.157872	0.0480501	0.00327129	0.0642818	0.0263008	0.00143447	0.0455471	0.00464976	0.000926896	0.249932	0.0194863	0.0374146	0.0309388	0.197769	0.0444024	0.00306992	0.00265745	0.0112287
164	0.00270121	0.00045544	0.00174713	0.00116669	0.457386	0.0082875	0.0356382	0.00159016	0.00559297	0.0257856	0.0010692	0.00262193	0.000783323	0.00122646	0.00145458	0.00461466	0.00553213	0.0111504	0.0269816	0.404215
165	0.00264967	0.000455501	0.0016429	0.00115948	0.4581	0.00833246	0.0356793	0.00158832	0.00561016	0.0258	0.00107139	0.00237095	0.000779547	0.00120835	0.00145284	0.00452077	0.00550218	0.0111895	0.0270215	0.403865
166	0.0337041	0.000685052	0.141699	0.482373	0.00187271	0.00914459	0.00604433	0.0102385	0.04672	0.0162417	0.00949879	0.0175297	0.00238463	0.134636	0.0389704	0.0145495	0.0134344	0.0150535	0.00356612	0.00165371
167	0.0422238	0.000656142	0.197626	0.0873886	0.00381566	0.0712863	0.0256625	0.00246279	0.0581988	0.00631624	0.0015661	0.218821	0.00839481	0.0414476	0.0316692	0.144572	0.0361709	0.00606094	0.00317699	0.012485
168	0.0282307	0.000397919	0.00252337	0.0303846	0.00364293	0.00722349	0.0119998	0.00871059	0.372313	0.0283258	0.0347817	0.0358366	0.00648132	0.0813177	0.267497	0.0251769	0.028716	0.0145282	0.000670432	0.0112419
169	0.00655229	0.000317659	0.000715418	0.000746855	0.111003	0.00343046	0.000561177	0.0742451	0.00598518	0.61961	0.092676	0.00137232	0.000562605	0.00168574	0.00318933	0.00554091	0.00605954	0.061079	0.00186693	0.00280035
170	0.0476291	0.00292375	0.00990924	0.00919335	0.00354352	0.824055	0.00545438	0.00506205	0.00737314	0.00752427	0.00344898	0.00885712	0.00502634	0.0101768	0.00616031	0.0193852	0.0110221	0.0089843	0.00148613	0.00278475
171	0.180378	0.000435284	0.0371542	0.0895458	0.00505869	0.0707932	0.0118386	0.0138398	0.0847348	0.00723548	0.00458509	0.0199059	0.151654	0.0720769	0.0608271	0.102966	0.0362135	0.0297242	0.0166154	0.00441749
172	0.319365	0.00222283	0.00426483	0.00779348	0.00457488	0.00729929	0.00454268	0.0294803	0.00972221	0.0126619	0.0062523	0.0354046	0.135072	0.0174172	0.00973445	0.031491	0.233112	0.123632	0.00220571	0.00375118
173	0.108412	0.00126625	0.0147855	0.0295368	0.00828159	0.022866	0.0137185	0.0386672	0.106888	0.0755365	0.0344654	0.03174	0.0891845	0.0174402	0.083416	0.0481289	0.171485	0.0994423	0.00204871	0.00269149
174	0.00867763	0.00027646	0.000675111	0.00072973	0.0870787	0.00307163	0.000600114	0.0553691	0.00737926	0.644358	0.107716	0.00167307	0.000522001	0.00162939	0.00290829	0.00576669	0.00637989	0.0608544	0.00166439	0.00267027
175	0.0318047	0.0020421	0.0133469	0.00327937	0.320102	0.013966	0.0391429	0.0164901	0.00694223	0.046289	0.00345382	0.0217979	0.0106334	0.0108802	0.00601769	0.0536314	0.0169097	0.0358558	0.03168	0.315735
176	0.00538568	0.000266068	0.00054356	0.000617557	0.0940148	0.00274226	0.000508148	0.0573802	0.00644042	0.659378	0.0935381	0.0013086	0.000430076	0.00161759	0.00297647	0.0058698	0.0041609	0.05845	0.00167191	0.00269954
177	0.0484509	0.00973533	0.143071	0.0538974	0.00852797	0.0504643	0.0208308	0.0136496	0.0714648	0.017556	0.0109554	0.254218	0.0127158	0.0391743	0.043513	0.0869608	0.0592751	0.0312145	0.00852321	0.0158016
178	0.0294798	0.000839388	0.257026	0.43721	0.00135249	0.00527444	0.00660523	0.0106576	0.0336802	0.020264	0.0120951	0.00926572	0.00107929	0.112114	0.01869	0.00920072	0.0146265	0.015438	0.00377735	0.00132418
179	0.00264967	0.000455501	0.0016429	0.00115948	0.4581	0.00833246	0.0356793	0.00158832	0.00561016	0.0258	0.00107139	0.00237095	0.000779547	0.00120835	0.00145284	0.00452077	0.00550218	0.0111895	0.0270215	0.403865
180	0.0310745	0.000446425	0.222508	0.0576076	0.00321808	0.0797608	0.0177899	0.00221074	0.0363674	0.0060609	0.00159354	0.327472	0.00730547	0.0261087	0.020049	0.10558	0.0290555	0.00496209	0.00346316	0.0173673
181	0.103623	0.00530533	0.0152355	0.0142572	0.0181571	0.0139287	0.00415592	0.158667	0.0184518	0.0712916	0.039804	0.0210718	0.00998261	0.00717465	0.0162141	0.036989	0.0951011	0.344145	0.00316416	0.00328056
182	0.018644	0.000369774	0.00132649	0.00112707	0.0350691	0.00129057	0.000835295	0.390724	0.00334848	0.180374	0.0514968	0.00349135	0.0009607	0.00179857	0.00237306	0.00214083	0.00937257	0.290882	0.00241908	0.00195578
183	0.0444083	0.00237737	0.119715	0.421233	0.00489467	0.0203708	0.0113209	0.0152367	0.0481479	0.0228754	0.0111859	0.0391814	0.00616094	0.109758	0.0341737	0.0352255	0.0219958	0.0226648	0.00404423	0.00502957
184	0.0838645	0.00787532	0.0775546	0.0946911	0.00665586	0.0186582	0.0235764	0.0262775	0.093138	0.0474982	0.0226336	0.0776484	0.0128636	0.0721879	0.0513765	0.101992	0.0587593	0.063887	0.0246902	0.0341714
185	0.046036	0.00184444	0.018023	0.00395623	0.00695531	0.0339517	0.00770397	0.0705682	0.0193186	0.0565107	0.0220452	0.0759227	0.00304281	0.0200364	0.0052259	0.172855	0.382731	0.0484893	0.00190072	0.00288233
186	0.417892	0.00143388	0.00390486	0.00738839	0.00401508	0.00654187	0.00465105	0.00625427	0.00546894	0.0229945	0.00348086	0.00579156	0.35348	0.00670372	0.00668233	0.0729029	0.0139709	0.0512126	0.002326	0.0029042
187	0.207802	0.00674717	0.128653	0.0556551	0.0208469	0.0795425	0.0273827	0.050554	0.0269704	0.0105616	0.00672648	0.0202482	0.0118833	0.0242341	0.0370678	0.157876	0.0643803	0.0526087	0.0043808	0.00587965
188	0.0255316	0.000319472	0.00294546	0.0377768	0.00208433	0.00474443	0.00924238	0.00920321	0.419883	0.0247866	0.0365055	0.0495292	0.00947202	0.0642081	0.205506	0.0311241	0.0386522	0.0163649	0.000661162	0.0114597
189	0.0092228	0.00092041	0.00326117	0.00136579	0.429554	0.00965784	0.036734	0.00491148	0.00533303	0.0300326	0.00187889	0.00562025	0.00325291	0.00308712	0.00212106	0.0110047	0.00806224	0.0214163	0.0279599	0.384604
190	0.0355395	0.000404986	0.00142237	0.00122723	0.00570848	0.00223024	0.000786325	0.353236	0.00551419	0.0666817	0.050818	0.00399395	0.0023291	0.00106845	0.00333814	0.00308867	0.0129425	0.447913	0.000646287	0.00111077
191	0.161056	0.00126699	0.083	0.113892	0.0035094	0.0593675	0.0269806	0.0121371	0.100545	0.0095001	0.00643707	0.0627399	0.0183826	0.0580939	0.054727	0.139868	0.0474627	0.0324149	0.00457514	0.00404422
192	0.0230156	0.000472773	0.00200444	0.0316489	0.00208237	0.00396345	0.00811496	0.00871981	0.456518	0.0265882	0.0416205	0.037456	0.008036	0.0667807	0.195624	0.0258441	0.0357013	0.0142618	0.000608067	0.0109388
