287	20
1	0.156842	0.00508769	0.00557188	0.00773019	0.00874538	0.00751126	0.00624102	0.108106	0.0210386	0.110116	0.0163703	0.0533864	0.094353	0.0323939	0.0276123	0.0380721	0.0456803	0.22499	0.0255304	0.00462174
2	0.0405179	0.027416	0.000839745	0.0336498	0.0103939	0.000946865	0.00112812	0.230593	0.0368328	0.280093	0.0548914	0.0104694	0.00154396	0.0285672	0.019523	0.0113427	0.0356022	0.152129	0.000405128	0.0231147
3	0.00282063	0.00182247	0.000884278	0.00169646	0.053651	0.00128195	0.0070794	0.0669931	0.00502159	0.682513	0.108056	0.00212326	0.00879087	0.00169451	0.00147114	0.00197058	0.0088651	0.0410986	0.0010247	0.00114118
4	0.166099	0.0129981	0.00677564	0.0142659	0.00653662	0.487267	0.0160757	0.00605707	0.0188137	0.00909664	0.00418273	0.0207399	0.0133417	0.0145976	0.00966962	0.105988	0.0687479	0.0133184	0.00100983	0.00442001
5	0.0303409	0.00563959	0.01961	0.0303744	0.00302073	0.0125925	0.01721	0.0106153	0.421589	0.0122498	0.00880108	0.0317508	0.00934087	0.0422461	0.253798	0.0315691	0.0272891	0.0236049	0.00233894	0.00601872
6	0.0779518	0.0183938	0.00428195	0.0105414	0.0681979	0.00249015	0.00808127	0.227906	0.0179428	0.147534	0.0506211	0.0113004	0.0771947	0.0156823	0.00875268	0.0224843	0.0229925	0.176224	0.00779486	0.0236319
7	0.0257762	0.0101334	0.0110328	0.0178392	0.0066821	0.235379	0.0137671	0.0102034	0.21713	0.0137764	0.0103628	0.0210648	0.00754057	0.0228975	0.0644521	0.167133	0.122169	0.0134928	0.00185449	0.00731407
8	0.0423158	0.0552966	0.00112561	0.00285532	0.00436243	0.00168796	0.00170849	0.357044	0.00555471	0.0869517	0.137052	0.00237044	0.0018183	0.00634329	0.00171172	0.00941586	0.013572	0.265711	0.000698884	0.00240337
9	0.1436	0.0158955	0.0106553	0.022052	0.00451494	0.57528	0.0237598	0.0077389	0.027682	0.00943155	0.00805027	0.0303698	0.00764701	0.0183482	0.0116787	0.0397745	0.0219986	0.0108718	0.00129979	0.0093511
10	0.0253993	0.0274579	0.000765718	0.00788483	0.0156018	0.00102988	0.00158688	0.494612	0.0100274	0.1647	0.0750924	0.00291439	0.0022885	0.00639676	0.00395026	0.00392163	0.00859621	0.139985	0.00111467	0.00667499
11	0.0274322	0.017793	0.000946954	0.0100178	0.0152942	0.00106602	0.00219329	0.325517	0.00849318	0.11885	0.0431238	0.003522	0.00493873	0.00859671	0.00392383	0.00881695	0.0283165	0.360273	0.00108167	0.00980272
12	0.146715	0.0158745	0.0126156	0.0201792	0.0043517	0.569503	0.0243412	0.00566953	0.0245314	0.010669	0.00782721	0.0269245	0.00836971	0.0174158	0.0110479	0.0454186	0.0258912	0.0105021	0.00171669	0.0104358
13	0.00256668	0.00164801	0.000764044	0.00153522	0.0331015	0.00100784	0.00424818	0.0788214	0.00584314	0.653776	0.136832	0.00152327	0.00784858	0.00147147	0.00118589	0.00176018	0.00898429	0.0556602	0.000618099	0.000804215
14	0.147344	0.00969138	0.0139623	0.0428778	0.0109228	0.0149743	0.0276781	0.018216	0.0405054	0.0192619	0.00931677	0.0300813	0.407799	0.0507706	0.0209152	0.0643684	0.0368543	0.0248172	0.00351762	0.00612461
15	0.0624648	0.025196	0.0547833	0.0575412	0.013318	0.0559053	0.0597637	0.0247619	0.0626776	0.0315963	0.0201222	0.257735	0.0265463	0.0457365	0.0333428	0.071093	0.0469458	0.0313142	0.00595169	0.0132047
16	0.0270628	0.0111537	0.0026435	0.00865144	0.0145584	0.00210152	0.00294165	0.32579	0.00502903	0.0450714	0.0189538	0.0036665	0.00842542	0.0073167	0.00224954	0.0094744	0.0322717	0.460971	0.00142862	0.0102388
17	0.086376	0.0175903	0.0152111	0.0334948	0.00935767	0.407521	0.0973887	0.00981754	0.0425694	0.0117187	0.0104091	0.0771366	0.0100721	0.034891	0.0181832	0.049404	0.0264571	0.0131241	0.00446428	0.0248136
18	0.0801048	0.00883018	0.0351126	0.0613333	0.00755304	0.0207024	0.0265547	0.0197587	0.259211	0.031513	0.0200729	0.0304414	0.143009	0.0392059	0.0823842	0.0407231	0.0432909	0.0313474	0.0069828	0.0118681
19	0.0616773	0.0293176	0.0183856	0.0297981	0.0130591	0.0457818	0.0231277	0.0128675	0.0313684	0.0242322	0.0114967	0.0316178	0.0173131	0.0276416	0.0148975	0.307115	0.273752	0.0185483	0.0027256	0.00527667
20	0.0203506	0.0598118	0.00305013	0.00845829	0.0028065	0.0329195	0.00540696	0.0069062	0.00751863	0.037998	0.00397388	0.00796641	0.00631682	0.00775192	0.00442694	0.340046	0.43369	0.00652207	0.0012017	0.00287702
21	0.00747239	0.00922987	0.00577144	0.00589663	0.113138	0.0038221	0.0147982	0.054685	0.0134757	0.56766	0.0878985	0.00805704	0.00763088	0.00712858	0.00389765	0.00456634	0.0309078	0.0380302	0.00187187	0.0140622
22	0.00821052	0.00803715	0.00985701	0.00615932	0.359484	0.00358699	0.0222515	0.0163651	0.02002	0.0251562	0.0104582	0.00901842	0.00255068	0.0101222	0.0139517	0.0105623	0.031578	0.0301878	0.0292693	0.373174
23	0.0891388	0.024313	0.0371336	0.0549602	0.00929767	0.0506981	0.0454913	0.0113278	0.0518151	0.0179648	0.0176751	0.235633	0.0191887	0.0415617	0.0316231	0.176378	0.0558782	0.0182834	0.0032099	0.00842876
24	0.0440136	0.0304094	0.000795845	0.027196	0.0197111	0.00107394	0.0023462	0.251972	0.0276911	0.255945	0.055062	0.00897269	0.00299653	0.0232901	0.0153549	0.00999036	0.0393325	0.162065	0.00150651	0.0202757
25	0.00371707	0.00471814	0.00082597	0.00195536	0.0330702	0.00128125	0.00446715	0.0772327	0.00632972	0.630929	0.143379	0.00224015	0.0077299	0.00222135	0.00157576	0.00229586	0.00942781	0.0638901	0.000713059	0.00200103
26	0.0316438	0.0946697	0.00230784	0.00833796	0.00236715	0.0395303	0.005222	0.00824429	0.00676243	0.0218594	0.00391919	0.00805225	0.00662175	0.00935236	0.00392298	0.308685	0.428038	0.00666988	0.00127412	0.00251933
27	0.0707375	0.00278795	0.00997761	0.0264917	0.00547505	0.0144711	0.0110973	0.00582708	0.37045	0.00645783	0.00804601	0.0805935	0.00708649	0.0569533	0.204677	0.0776247	0.0155622	0.0150041	0.00412457	0.0065545
28	0.103854	0.103438	0.00615928	0.0064385	0.0110807	0.00727645	0.00736393	0.0213495	0.0434137	0.0737654	0.171874	0.0902864	0.00376995	0.135247	0.0127078	0.0566342	0.0163944	0.121606	0.00166351	0.00567794
29	0.277112	0.00371346	0.00735049	0.102874	0.00228378	0.0772784	0.0439027	0.00460995	0.0138928	0.00519055	0.00312037	0.0877922	0.00275475	0.130346	0.00621227	0.207183	0.013434	0.00712141	0.00126268	0.00256616
30	0.020591	0.00306167	0.000382832	0.00550848	0.0109658	0.00047475	0.000512702	0.348869	0.000891239	0.0282379	0.00329803	0.000695048	0.00461087	0.00507641	0.000446533	0.00587212	0.0226676	0.530245	0.000139688	0.00745281
31	0.0944126	0.0104705	0.00453685	0.0232519	0.00993416	0.0026017	0.0201797	0.00358722	0.0143023	0.00354493	0.00223688	0.0267137	0.57865	0.0762379	0.0247352	0.0747166	0.0235636	0.00363018	0.00090891	0.00178546
32	0.342842	0.0253363	0.0120528	0.0375928	0.00622969	0.0428443	0.0419674	0.0113177	0.0225691	0.0136144	0.00762268	0.0446837	0.0180882	0.0244357	0.0122001	0.237411	0.0656204	0.02728	0.00163472	0.004657
33	0.0974087	0.00893266	0.101751	0.296232	0.00379729	0.0245062	0.0126222	0.0136689	0.0887456	0.0169706	0.0329933	0.0392038	0.0143774	0.0952829	0.0217915	0.0468492	0.0550008	0.0224453	0.00202747	0.00539319
34	0.0478442	0.0249232	0.0499947	0.053877	0.0155892	0.0601359	0.0582805	0.0171656	0.0516598	0.0301929	0.0215036	0.313364	0.0173983	0.0451496	0.0364997	0.0740282	0.0403337	0.0226411	0.00520782	0.0142107
35	0.00353003	0.000820076	0.00271624	0.00447956	0.381666	0.000866424	0.0155401	0.0114675	0.00876057	0.00618222	0.00333554	0.00133129	0.000669648	0.00492399	0.0128194	0.00528915	0.0150565	0.0272717	0.0250044	0.46827
36	0.0916948	0.0128672	0.0237445	0.0401022	0.0100213	0.0170529	0.0256551	0.0229189	0.0458409	0.0262394	0.0141216	0.036206	0.403378	0.0568158	0.0266382	0.0595261	0.038891	0.0330477	0.00715957	0.0080786
37	0.0206523	0.0150129	0.0122867	0.0118828	0.327	0.00888744	0.0288281	0.0354591	0.0257812	0.0695944	0.0251118	0.0169125	0.00663628	0.0184879	0.0160172	0.0193805	0.0314399	0.0388399	0.0281697	0.24362
38	0.0943889	0.129079	0.0166721	0.0353462	0.0302947	0.0394346	0.023922	0.077319	0.0454457	0.0768708	0.0478014	0.0387301	0.0141334	0.0360841	0.0212931	0.0602823	0.0723941	0.109009	0.00830015	0.0231992
39	0.0791011	0.0341249	0.0348713	0.0607266	0.0220397	0.0332456	0.0259961	0.0513757	0.0546807	0.0428236	0.0191275	0.0341127	0.0211675	0.0337365	0.0268488	0.103898	0.224828	0.0755282	0.00826425	0.0135036
40	0.0337249	0.0194752	0.00372512	0.0137045	0.0158111	0.00436739	0.00769765	0.386461	0.0242279	0.104814	0.0479185	0.00822208	0.00996184	0.0144072	0.00939184	0.0133926	0.0333609	0.236662	0.00177924	0.0108952
41	0.00347297	0.00128715	0.6565	0.156702	0.00087188	0.0114363	0.00132519	0.00688725	0.0347465	0.015537	0.00157768	0.0572737	0.00932605	0.00307501	0.0157092	0.00252988	0.0184945	0.00195066	0.000375146	0.000921934
42	0.0969641	0.0116046	0.0289291	0.0502321	0.0121194	0.0171572	0.0246388	0.0205045	0.0443282	0.0291584	0.0117149	0.0338745	0.40232	0.0553706	0.0255039	0.0607463	0.0370219	0.0278551	0.00464051	0.00531592
43	0.0823572	0.0129949	0.0137292	0.0211946	0.0194777	0.0387407	0.0884702	0.00619335	0.0248558	0.0144061	0.00674609	0.224659	0.0118023	0.0398051	0.017055	0.260873	0.100163	0.0090075	0.00198563	0.00548421
44	0.0589556	0.0067949	0.0430561	0.157257	0.0043853	0.00805164	0.0369583	0.0473694	0.0465322	0.0899045	0.0402776	0.0635746	0.0133103	0.0819191	0.0183144	0.0554351	0.086271	0.132739	0.00291424	0.00598018
45	0.0239975	0.00199472	0.0169549	0.0214502	0.00089979	0.00278896	0.01381	0.0102462	0.454671	0.00775189	0.00470877	0.0220822	0.00873703	0.0354413	0.304573	0.0226654	0.0146577	0.0284247	0.000372519	0.00377203
46	0.0664064	0.0807201	0.00119751	0.00290801	0.00380623	0.00175465	0.00199129	0.0741643	0.00437104	0.0497344	0.143232	0.00499566	0.00141739	0.016658	0.00261405	0.0243984	0.0303877	0.481589	0.000908965	0.00674493
47	0.201075	0.0044981	0.00533749	0.0815635	0.0221773	0.030819	0.0405897	0.0487261	0.0755271	0.0315538	0.00516735	0.0682337	0.168903	0.0176444	0.00557758	0.0758187	0.0355189	0.0326693	0.00179002	0.0468106
48	0.0201871	0.00456602	0.000405677	0.00571127	0.0102692	0.000509147	0.000633616	0.359287	0.00157708	0.0374623	0.00826497	0.000871948	0.00435373	0.00504834	0.000720416	0.00584937	0.0235454	0.503512	0.000128514	0.00709672
49	0.0920281	0.00454071	0.105749	0.128708	0.00413496	0.0206118	0.026309	0.00575198	0.0328869	0.0152042	0.00457712	0.0587919	0.282662	0.0770163	0.0156965	0.0513035	0.0423412	0.00750305	0.0211285	0.00305467
50	0.0309441	0.00573198	0.453744	0.17723	0.00433154	0.0211541	0.00912212	0.0110004	0.0526926	0.0189099	0.00690809	0.0574734	0.0232673	0.0251043	0.0198342	0.0262975	0.0365171	0.0136721	0.00314374	0.00292082
51	0.095399	0.00237246	0.155662	0.374528	0.000548105	0.025063	0.00254707	0.00433002	0.0768603	0.00407723	0.00428622	0.0319575	0.0296355	0.063438	0.00983033	0.0515213	0.0528301	0.0143579	0.000220569	0.000535413
52	0.0414159	0.00653769	0.0138846	0.0187339	0.00674173	0.0259762	0.0133863	0.00765095	0.276298	0.00867404	0.0105922	0.0555029	0.00607549	0.0505838	0.297099	0.112034	0.0206872	0.0150226	0.00430985	0.00879359
53	0.00548556	0.00179586	0.00312823	0.00407433	0.394216	0.00151197	0.0152136	0.0157204	0.00993876	0.0101671	0.00575093	0.00183809	0.00131333	0.00451948	0.0122029	0.00522914	0.0130023	0.0238919	0.0433279	0.427672
54	0.00347322	0.00128721	0.656246	0.157002	0.000871553	0.0114316	0.0013055	0.00689911	0.0347415	0.0155308	0.00158451	0.0571716	0.00936606	0.0030748	0.0157284	0.00252959	0.0185033	0.00195509	0.000375141	0.000922667
55	0.00554068	0.0140376	0.00239784	0.00385604	0.104278	0.01695	0.053265	0.00323903	0.0568756	0.00562095	0.00246013	0.00444996	0.0127419	0.00456804	0.0271307	0.00503447	0.00611073	0.00403929	0.407761	0.259643
56	0.0170267	0.0126323	0.00183133	0.0104111	0.0309752	0.00152034	0.00669287	0.191021	0.0129633	0.469339	0.0886554	0.00538837	0.00901526	0.00803408	0.0054707	0.0060958	0.0186676	0.0954242	0.00152513	0.0073105
57	0.0682578	0.141523	0.00187688	0.00388091	0.0022439	0.00276551	0.00305994	0.0349322	0.00515938	0.0407494	0.082427	0.00508114	0.00196283	0.0125413	0.00333916	0.029659	0.0346035	0.511052	0.000942814	0.0139427
58	0.0697905	0.00145215	0.171854	0.361698	0.000272667	0.0242309	0.00263943	0.00754285	0.0991638	0.00281382	0.00674488	0.0412339	0.00830449	0.0774162	0.0182996	0.0492654	0.0505345	0.00621522	0.000118953	0.000408152
59	0.0175614	0.00618909	0.0176312	0.107785	0.00407418	0.00771038	0.00959041	0.0601743	0.183163	0.0391005	0.0360259	0.0337333	0.00395545	0.0775423	0.0857629	0.069615	0.0503973	0.182798	0.00221301	0.00497742
60	0.0205634	0.00328336	0.000383422	0.00546542	0.0107737	0.000474705	0.000467812	0.347482	0.000894759	0.0280076	0.00340957	0.000680433	0.00460579	0.00518296	0.000449429	0.00593833	0.0226616	0.531744	0.000118763	0.00741382
61	0.0933381	0.0111557	0.00394438	0.0226532	0.0107433	0.00242805	0.0215365	0.00377363	0.0132671	0.00367553	0.0022077	0.0256998	0.579288	0.0783708	0.026523	0.0730959	0.0221051	0.00357286	0.00081946	0.00180218
62	0.143317	0.0103583	0.0150719	0.0263925	0.0136514	0.0271537	0.0275029	0.0115283	0.0182902	0.0174889	0.00698971	0.038462	0.272036	0.0699772	0.0172871	0.1622	0.0929534	0.0214642	0.00281506	0.00506024
63	0.00354934	0.000842096	0.00271006	0.00445772	0.380705	0.000931348	0.0155671	0.0114502	0.00883728	0.00620034	0.00340466	0.00133098	0.0006844	0.00505501	0.0127793	0.00534989	0.0150547	0.0277045	0.0250429	0.468343
64	0.0188886	0.0129836	0.00116177	0.00935234	0.0241363	0.00102559	0.00311347	0.243244	0.0106496	0.351594	0.0730506	0.00360308	0.00607547	0.00849831	0.00464099	0.00571801	0.0197766	0.191575	0.001256	0.00965757
65	0.0862162	0.00324284	0.0440724	0.0478286	0.0154233	0.0194981	0.104667	0.00476955	0.0625746	0.0119423	0.00483486	0.0585237	0.00907938	0.118856	0.0305255	0.258914	0.102773	0.00593632	0.00125131	0.00907134
66	0.0199681	0.00312345	0.000379807	0.00552586	0.0106446	0.000480192	0.000530665	0.351154	0.000888624	0.0283217	0.00323955	0.000678561	0.00461043	0.00505026	0.000453547	0.00599682	0.024132	0.527421	0.000120377	0.0072803
67	0.0266935	0.0793983	0.00395198	0.00743195	0.0518568	0.00482897	0.0632603	0.0658428	0.0343227	0.0133923	0.0260007	0.0621141	0.00409388	0.0070509	0.0392409	0.0130734	0.290678	0.166828	0.0354678	0.00447316
68	0.0265857	0.0040984	0.485544	0.177411	0.00415582	0.0194595	0.00685932	0.00839399	0.0506607	0.0182108	0.00691828	0.055571	0.0154919	0.0243533	0.0258845	0.0241236	0.0326768	0.008715	0.00121313	0.00367298
69	0.0316203	0.0204374	0.00321368	0.012787	0.0160512	0.00361501	0.0066914	0.384876	0.0152854	0.11135	0.0487785	0.00681875	0.00777703	0.0148046	0.0067432	0.0120274	0.0328082	0.25199	0.00252481	0.00980093
70	0.314506	0.0260472	0.0255111	0.0707086	0.00878131	0.0676866	0.019286	0.0316762	0.0517256	0.0300855	0.0157796	0.0406395	0.0334251	0.0358097	0.0219041	0.0785246	0.0588886	0.0544262	0.00483028	0.00975852
71	0.128565	0.0161653	0.0145198	0.0212484	0.00809616	0.544251	0.024132	0.00650805	0.0317545	0.0100964	0.00718169	0.0370196	0.00969511	0.0192645	0.0163795	0.0494189	0.0305049	0.00996888	0.00389729	0.0113323
72	0.0213102	0.0132854	0.00958249	0.0116218	0.0417978	0.0067592	0.012203	0.0947901	0.0195488	0.510291	0.0925173	0.0124697	0.0125146	0.0124553	0.00730308	0.0134885	0.0223518	0.0647952	0.00645707	0.0144573
73	0.0188308	0.00368812	0.000434474	0.00778743	0.00985113	0.000600454	0.000886065	0.348768	0.00101392	0.0287495	0.0036635	0.000891353	0.00483023	0.00518173	0.000508123	0.00657884	0.0364724	0.514262	0.000135456	0.00686613
74	0.02881	0.000784826	0.0149559	0.0230686	0.000514623	0.00151767	0.0152448	0.00665701	0.526987	0.00692702	0.00343983	0.0261856	0.010748	0.0351701	0.240167	0.018816	0.0155447	0.020888	0.000295421	0.00327784
75	0.0843516	0.0215226	0.0273794	0.0340115	0.00614894	0.346209	0.0550777	0.00825927	0.0313382	0.0114082	0.00943619	0.179991	0.0102523	0.03256	0.0189761	0.0630745	0.0317828	0.0125288	0.00255988	0.0131315
76	0.324174	0.0335543	0.0227132	0.0540814	0.0142442	0.0802083	0.0217864	0.0258309	0.0514671	0.0261422	0.0169988	0.0364593	0.0306773	0.0316595	0.0212568	0.0772059	0.0632606	0.052979	0.00419733	0.0111037
77	0.255354	0.00409837	0.00512882	0.00907356	0.00320668	0.00572456	0.140563	0.00577955	0.0105524	0.00567894	0.00440768	0.0536023	0.00343945	0.00738226	0.00460024	0.456552	0.0133814	0.00684924	0.00157017	0.00305552
78	0.101215	0.00225714	0.127854	0.387518	0.000562595	0.0220035	0.00638447	0.00513867	0.0760364	0.0083198	0.00494387	0.0343797	0.0173815	0.0609783	0.00964916	0.0563043	0.0615399	0.0163915	0.000350665	0.000791351
79	0.145226	0.0158561	0.0149712	0.0200136	0.0049758	0.571103	0.0215468	0.00744193	0.0236501	0.0107795	0.00729897	0.0319028	0.00970125	0.0161472	0.0107902	0.0420493	0.0225786	0.011727	0.00189794	0.0103428
80	0.164497	0.00684898	0.0243066	0.177614	0.004055	0.00834482	0.0882859	0.0198652	0.152828	0.0444706	0.00666864	0.0492562	0.00553797	0.123278	0.013574	0.0131001	0.0277473	0.033166	0.00181524	0.0347402
81	0.137853	0.0150992	0.0113727	0.0251802	0.00555263	0.568502	0.0245313	0.00753066	0.0308263	0.00793684	0.00603731	0.0360446	0.00872002	0.0213469	0.0135185	0.0390961	0.0171417	0.00893617	0.00197307	0.0128003
82	0.0189829	0.010618	0.00804211	0.0104873	0.0388805	0.00431962	0.00948482	0.10491	0.0233113	0.507253	0.0984722	0.0101787	0.0106876	0.0103936	0.00772204	0.0108404	0.020382	0.0812193	0.00346049	0.010354
83	0.150635	0.0149393	0.011488	0.0213567	0.00470057	0.584915	0.0210454	0.00936069	0.024374	0.0091542	0.0056629	0.0264828	0.00787446	0.0153778	0.0104509	0.0423126	0.0192765	0.00921539	0.00121984	0.0101584
84	0.0551543	0.0252206	0.0647799	0.0558041	0.0172749	0.0647638	0.0561665	0.0155201	0.0590765	0.0259472	0.0192586	0.281928	0.0194586	0.042814	0.0391607	0.0722208	0.0449983	0.0221303	0.00473657	0.0135864
85	0.458899	0.00293034	0.0188523	0.0740503	0.00247302	0.0468317	0.0373046	0.00349576	0.0265656	0.00465333	0.0026471	0.0976904	0.00333209	0.0321455	0.00754078	0.149872	0.0191951	0.00839181	0.000944196	0.00218513
86	0.0228617	0.013608	0.0114146	0.0106238	0.323403	0.0112111	0.0263247	0.0285095	0.024163	0.0616036	0.0231625	0.017293	0.00713081	0.0160767	0.0160416	0.0227007	0.0318949	0.0357046	0.0330841	0.263188
87	0.0250306	0.0155219	0.00795369	0.0147825	0.0398656	0.00532476	0.0103694	0.116365	0.0274396	0.481022	0.085521	0.0131748	0.0147733	0.0126075	0.00884609	0.0131996	0.0210033	0.0741153	0.00305982	0.010025
88	0.127607	0.00908466	0.128338	0.163124	0.00673612	0.0355672	0.0276401	0.0095363	0.0563078	0.0129224	0.00957929	0.0600539	0.0386572	0.0553253	0.019337	0.152744	0.0635346	0.0154187	0.00344573	0.00504082
89	0.0108372	0.0215627	0.0262083	0.00942207	0.002717	0.0832924	0.193463	0.00775785	0.0167129	0.00696016	0.00562591	0.477875	0.00407325	0.0580271	0.0271329	0.0198624	0.00999594	0.00699332	0.00155307	0.0099273
90	0.0219316	0.00789944	0.000596364	0.0063347	0.00984928	0.000621101	0.00103213	0.368943	0.00251357	0.0452096	0.0162014	0.00135492	0.00443303	0.00558199	0.00125011	0.00632234	0.0258772	0.467013	0.000228588	0.00680696
91	0.0839705	0.00340742	0.0024447	0.00794785	0.0166753	0.0327581	0.00322108	0.00390734	0.157479	0.00451867	0.01745	0.131545	0.00218764	0.0976525	0.201934	0.191463	0.00903034	0.00528833	0.0129001	0.0142198
92	0.405374	0.00368498	0.0121102	0.103438	0.00201443	0.0901943	0.0256494	0.00348531	0.0220359	0.00379628	0.00290208	0.07784	0.00329349	0.068197	0.0100478	0.137613	0.014922	0.0104171	0.000865754	0.00211838
93	0.0395313	0.139691	0.00337831	0.00730853	0.0104221	0.00504444	0.0148067	0.0401705	0.0109462	0.0289023	0.0563163	0.0155532	0.00362556	0.0104448	0.00901451	0.0216643	0.118478	0.450298	0.00618799	0.00821518
94	0.0276722	0.00545523	0.472266	0.178531	0.00791191	0.0202085	0.00786622	0.0120666	0.0491029	0.0183565	0.00683844	0.0542718	0.0144279	0.0229411	0.0174266	0.0270697	0.0368161	0.0133853	0.00184064	0.00554522
95	0.202616	0.0155447	0.00186167	0.0047409	0.00229877	0.667996	0.00793236	0.00368981	0.0076421	0.00495953	0.00294175	0.00829318	0.00446566	0.00455302	0.00318904	0.0364183	0.0115496	0.00461404	0.000969697	0.00372361
96	0.0196771	0.0264279	0.000856694	0.00267885	0.0066454	0.00113996	0.0011698	0.572434	0.00649421	0.131851	0.0902376	0.00162958	0.00138174	0.00167655	0.00125578	0.00243292	0.00235662	0.128312	0.000481024	0.000861076
97	0.0203118	0.0127531	0.003519	0.00563276	0.361511	0.0018893	0.0194197	0.0494997	0.0110739	0.0395617	0.0227308	0.00484986	0.00130617	0.00862463	0.00875252	0.0060184	0.0116526	0.0479706	0.0274934	0.335429
98	0.0379101	0.0206762	0.0180082	0.0259756	0.0098932	0.0197167	0.182123	0.0336306	0.0428736	0.025171	0.0879945	0.0360662	0.0114497	0.235589	0.0253721	0.108112	0.0341364	0.0271278	0.00443372	0.0137398
99	0.0445178	0.076581	0.00180068	0.0035768	0.00263648	0.0023696	0.00223097	0.0529818	0.00438889	0.0609942	0.174933	0.0036269	0.00209638	0.0108149	0.00261616	0.0212181	0.0335936	0.49292	0.000896661	0.00520572
100	0.0462525	0.0818609	0.00145149	0.00303483	0.00147529	0.00175992	0.00181771	0.061359	0.00352819	0.0606721	0.151337	0.00329772	0.00161722	0.0101828	0.00220544	0.0219242	0.0387151	0.502352	0.000604859	0.00455121
101	0.033107	0.0144593	0.0105798	0.0186558	0.195365	0.0154591	0.031516	0.0288914	0.0656897	0.0397977	0.0223361	0.03715	0.0203845	0.0329848	0.117641	0.0520938	0.0402381	0.0341978	0.0431371	0.146317
102	0.531485	0.0833438	0.000902033	0.0111969	0.000950595	0.0169579	0.00132709	0.0185548	0.0128726	0.0193471	0.00597763	0.00259548	0.00166549	0.00222393	0.0059355	0.102985	0.103015	0.0771189	0.000485848	0.00105974
103	0.0238015	0.0131646	0.00977604	0.0120078	0.314794	0.00905992	0.0286863	0.0336783	0.0264956	0.0598508	0.027042	0.0139459	0.0064515	0.0175067	0.017568	0.020774	0.0277728	0.0477881	0.0314741	0.258362
104	0.00409727	0.00150918	0.624397	0.193557	0.00096473	0.0100338	0.00144081	0.00639151	0.033204	0.0159895	0.00171064	0.049818	0.0121571	0.00347553	0.015641	0.00297529	0.0190663	0.00221974	0.000414591	0.000936826
105	0.0636101	0.00964504	0.209482	0.157039	0.00209508	0.0658874	0.00843564	0.00966519	0.0406242	0.0102062	0.00336412	0.143828	0.0271098	0.0139693	0.0134185	0.145264	0.0626713	0.010321	0.00102041	0.00234428
106	0.106959	0.00272514	0.149952	0.328001	0.000936291	0.0281551	0.00498077	0.0027437	0.0548738	0.00597328	0.00252096	0.0362168	0.0858495	0.039216	0.00661415	0.0540313	0.0674183	0.0210098	0.000802841	0.00102052
107	0.0695977	0.00142088	0.17117	0.365241	0.000300777	0.0238591	0.00254071	0.00750648	0.0980768	0.00291296	0.00725806	0.0413326	0.00864529	0.0767695	0.0177468	0.0484542	0.0503503	0.00626891	0.000129673	0.000418292
108	0.020301	0.00299221	0.000381863	0.00548729	0.0108269	0.000471435	0.000468156	0.348613	0.000888684	0.0280642	0.00315548	0.000679409	0.0046245	0.00506765	0.000449942	0.00588094	0.022734	0.531391	0.000118954	0.00740284
109	0.0270849	0.0178969	0.00178446	0.0357291	0.00223809	0.00233027	0.0128834	0.337769	0.00451298	0.0435673	0.00373259	0.00426169	0.00621901	0.0074812	0.00267649	0.0166359	0.268727	0.201609	0.000809233	0.00205047
110	0.106539	0.0134991	0.0223992	0.036135	0.0194893	0.0359926	0.144867	0.0160219	0.0545558	0.0227045	0.0131772	0.0736995	0.0243705	0.0549784	0.0273407	0.231811	0.0633544	0.0174744	0.00485188	0.016739
111	0.0188863	0.00414043	0.000501029	0.00575518	0.011347	0.000538744	0.00061545	0.329257	0.00128584	0.0286013	0.00389326	0.000985427	0.00455164	0.00500512	0.000648593	0.00730135	0.0281726	0.539218	0.000188023	0.0091079
112	0.00877796	0.00147988	0.591888	0.202657	0.000881842	0.0114757	0.00161505	0.00674944	0.0397751	0.0146523	0.00220804	0.0503124	0.010501	0.00901904	0.0172157	0.00633885	0.0207695	0.00235697	0.00035806	0.000968916
113	0.0175032	0.0038567	0.539291	0.122709	0.00243703	0.0419979	0.00512567	0.00873182	0.0359753	0.029556	0.00344161	0.0718097	0.0168566	0.00990923	0.0142419	0.0218839	0.0444349	0.00680871	0.00124529	0.00218535
114	0.0364495	0.0169246	0.213788	0.176428	0.00197027	0.0370726	0.00432981	0.0177368	0.0289217	0.00682249	0.00334245	0.0955243	0.0266344	0.00722172	0.0242554	0.215671	0.0665918	0.0173799	0.000820731	0.00211457
115	0.0185201	0.0142093	0.000537463	0.00363742	0.00808902	0.000729953	0.000842701	0.484458	0.00336931	0.0796038	0.0460559	0.0011199	0.00268721	0.0028514	0.000754919	0.00431339	0.011882	0.312119	0.000313639	0.00390582
116	0.00371106	0.00132189	0.658002	0.15358	0.000917056	0.0113289	0.00132429	0.00685645	0.0346122	0.0154127	0.00161652	0.0591482	0.00917337	0.00307861	0.0155203	0.00269375	0.0181928	0.00219994	0.000378517	0.000930809
117	0.0756372	0.0160367	0.014297	0.0327097	0.016042	0.0137262	0.017144	0.153275	0.0456533	0.0849982	0.0308243	0.0277396	0.188303	0.0326928	0.0190228	0.036327	0.0513162	0.126788	0.00512484	0.0123422
118	0.0176473	0.00495672	0.000525369	0.00925767	0.00846205	0.000669766	0.00187612	0.360266	0.00136753	0.0314775	0.00370351	0.00116883	0.00447583	0.005207	0.000674819	0.00793491	0.065396	0.468919	0.000191387	0.00582246
119	0.0247579	0.0375123	0.0553748	0.0645821	0.00359894	0.105513	0.020389	0.0097398	0.216768	0.00984025	0.0192598	0.0218631	0.00751658	0.0907419	0.214018	0.0473332	0.0275679	0.0136439	0.0017367	0.00824203
120	0.0559197	0.0195978	0.13671	0.0530413	0.0337516	0.0287431	0.112147	0.0275326	0.0633485	0.0444181	0.0221563	0.0575756	0.0237888	0.0526017	0.0287577	0.0429895	0.0545908	0.104761	0.0107296	0.0268395
121	0.00235837	0.00122522	0.000722085	0.00144164	0.0336269	0.000970499	0.00428043	0.0771292	0.00576897	0.660083	0.136027	0.00149576	0.00798069	0.00137046	0.00115208	0.0016706	0.00868804	0.0526889	0.000617529	0.000702576
122	0.0701532	0.00142191	0.17204	0.362716	0.000274251	0.0242114	0.00254104	0.00750523	0.0984296	0.00279675	0.00664738	0.0413114	0.00829024	0.0773115	0.0179175	0.0492085	0.0504716	0.00623752	0.000119497	0.000395397
123	0.0242146	0.0167036	0.00161849	0.0329508	0.00227589	0.00213638	0.0116249	0.346764	0.00441258	0.0426956	0.00360357	0.00401129	0.00605046	0.007253	0.00247335	0.0157484	0.261256	0.211481	0.000817252	0.00190935
124	0.0314707	0.0213031	0.000847115	0.00739238	0.0147278	0.00118389	0.00248612	0.457394	0.00905313	0.118161	0.0594058	0.00320541	0.00498218	0.00614575	0.00334563	0.00640632	0.0181099	0.225681	0.0014123	0.00728608
125	0.0961022	0.00275899	0.0202259	0.0242972	0.0443249	0.0504492	0.0914199	0.00375326	0.0160407	0.025814	0.00272419	0.0842439	0.0223318	0.0723836	0.0158141	0.266478	0.150791	0.00672902	0.000987577	0.00233081
126	0.0765723	0.00221324	0.159395	0.336586	0.000379815	0.0281185	0.00267064	0.00623195	0.100169	0.00570591	0.00806711	0.0402124	0.0159063	0.0772154	0.0160363	0.0528494	0.0631181	0.00740249	0.000189133	0.000960676
127	0.0732548	0.00784445	0.139503	0.296683	0.00553396	0.0292456	0.0155055	0.0191548	0.0878073	0.0168982	0.0116729	0.0455268	0.0218939	0.0739822	0.0229573	0.0495684	0.0500843	0.0243894	0.00252008	0.00597352
128	0.0422093	0.0245849	0.0175257	0.0233758	0.0861731	0.0132596	0.0329344	0.0649194	0.0387808	0.223341	0.0407056	0.0301764	0.0259717	0.0248063	0.017971	0.0291108	0.0392628	0.0683707	0.0896909	0.0668301
129	0.0339192	0.0465449	0.00184508	0.0273648	0.0207114	0.00242544	0.00540288	0.227134	0.0365688	0.212421	0.0644331	0.0106402	0.00253058	0.0636308	0.0362354	0.0104266	0.0352442	0.141541	0.00143992	0.0195404
130	0.154534	0.00528985	0.00356205	0.026144	0.0426896	0.00511738	0.00573333	0.00575129	0.115937	0.379885	0.0636361	0.0650251	0.00364401	0.0484193	0.00518615	0.00871845	0.00832222	0.00968262	0.00178941	0.0409327
131	0.0391856	0.0171183	0.0141091	0.0264626	0.0527991	0.0276461	0.136804	0.0216244	0.170998	0.0321604	0.0162258	0.067103	0.0120696	0.0372012	0.0650152	0.0281517	0.025287	0.0205945	0.0618939	0.12755
132	0.0458734	0.0171507	0.233984	0.0912124	0.0241116	0.0256726	0.0267961	0.0204073	0.0538677	0.0882057	0.0261406	0.0509443	0.0355165	0.0931107	0.0208382	0.0413634	0.0447531	0.0340596	0.00930316	0.0166885
133	0.0400763	0.0273193	0.000865606	0.0342516	0.0100888	0.000932315	0.00111998	0.230122	0.0367581	0.281395	0.0544685	0.0102962	0.00151028	0.0282594	0.0194205	0.0112634	0.0354108	0.152979	0.000412488	0.0230501
134	0.0912272	0.00204567	0.158981	0.365129	0.000536738	0.0246324	0.0031458	0.00505277	0.0797673	0.00434418	0.0050146	0.0342851	0.0281205	0.0698739	0.0115282	0.0508016	0.0520445	0.0117947	0.00110423	0.000570841
135	0.0339968	0.0272973	0.00461403	0.0147558	0.228797	0.00392393	0.0526257	0.0613631	0.0645468	0.093849	0.0251871	0.0291391	0.00191575	0.00644822	0.0482926	0.0709961	0.0813917	0.0421732	0.0415702	0.0671166
136	0.0890748	0.00304234	0.159961	0.370694	0.000387773	0.026207	0.00260943	0.00516804	0.0841123	0.00364495	0.00476833	0.0354427	0.0185118	0.0645802	0.0117415	0.0538833	0.0527241	0.0126845	0.000212152	0.000549743
137	0.0862586	0.0052881	0.142667	0.183065	0.00144122	0.0592001	0.00570897	0.0045145	0.127256	0.0164982	0.00806481	0.0505363	0.0639475	0.0687073	0.0118975	0.056191	0.0972015	0.00782738	0.00116519	0.00256422
138	0.0400571	0.0297058	0.000901918	0.0350886	0.0113263	0.00100736	0.00136334	0.223669	0.0341437	0.278719	0.0569169	0.01064	0.00158584	0.0269284	0.0182692	0.0108648	0.0366796	0.158429	0.000624298	0.0230798
139	0.0701674	0.00165322	0.169789	0.35897	0.000268055	0.0250243	0.00252586	0.00756021	0.0991358	0.00306475	0.007007	0.0413994	0.00891176	0.0779957	0.0177823	0.050022	0.0518476	0.0062626	0.000119938	0.000493232
140	0.0287672	0.000751003	0.0149886	0.0227361	0.000505283	0.00154073	0.015296	0.00666265	0.527072	0.00691599	0.0033896	0.0262256	0.0107589	0.0352294	0.240394	0.0187581	0.015547	0.0209603	0.000282937	0.00321908
141	0.0250462	0.00343991	0.0516677	0.049751	0.00274117	0.00300844	0.00628529	0.0596403	0.124943	0.148591	0.00958275	0.0126224	0.00409577	0.0455446	0.0428646	0.0766191	0.0872105	0.242197	0.00164846	0.0025002
142	0.0700916	0.00141999	0.172053	0.362667	0.000274283	0.0242088	0.0025533	0.00751895	0.0985132	0.00279132	0.00664748	0.0413343	0.00826652	0.0773268	0.0179469	0.0492073	0.0504434	0.00622113	0.000119369	0.000395347
143	0.0705336	0.00142366	0.171521	0.362925	0.000274453	0.024197	0.00257548	0.00740502	0.098137	0.00282218	0.00659562	0.0411584	0.00849668	0.0774329	0.0177886	0.049409	0.0504497	0.00633741	0.000121636	0.00039567
144	0.0417974	0.0332378	0.0490424	0.134783	0.00308737	0.211541	0.061259	0.00789706	0.154409	0.00749698	0.0119052	0.044389	0.00632651	0.0743769	0.0655086	0.049308	0.0219189	0.00962219	0.00123045	0.0108636
145	0.0284867	0.000784874	0.0152419	0.0226114	0.00052741	0.00152434	0.0155201	0.00706703	0.526488	0.00708518	0.00356148	0.0262268	0.0106539	0.0355908	0.239668	0.0189061	0.0154142	0.0210836	0.000284407	0.00327413
146	0.110037	0.00465599	0.143341	0.099474	0.00367354	0.0140876	0.0655789	0.00629935	0.0133015	0.0316874	0.00508617	0.0674758	0.20266	0.0674743	0.00850467	0.040737	0.0226179	0.00962547	0.0786199	0.00506203
147	0.020301	0.00299221	0.000381863	0.00548729	0.0108269	0.000471435	0.000468156	0.348613	0.000888684	0.0280642	0.00315548	0.000679409	0.0046245	0.00506765	0.000449942	0.00588094	0.022734	0.531391	0.000118954	0.00740284
148	0.085126	0.00393802	0.00535492	0.0130183	0.0153387	0.0319972	0.00473826	0.00475271	0.154971	0.00471657	0.0167485	0.128344	0.0030433	0.0949437	0.202634	0.186216	0.0126059	0.00622447	0.0120674	0.013221
149	0.00782865	0.0377897	0.0684621	0.00525297	0.331456	0.0083483	0.0529552	0.00798569	0.0612053	0.106704	0.0228266	0.0439301	0.00256509	0.0499917	0.00615217	0.00730255	0.0573182	0.0169916	0.00425936	0.100675
150	0.0202453	0.00299198	0.000381867	0.00558317	0.0108115	0.000499671	0.000467983	0.348604	0.000885474	0.0280226	0.00315667	0.000683094	0.00466229	0.00515132	0.000447046	0.0058862	0.0228976	0.531109	0.000118042	0.00739582
151	0.0630252	0.00193677	0.229937	0.3301	0.000518373	0.0269708	0.00277778	0.00978777	0.0874802	0.00468986	0.00921754	0.0405367	0.00885784	0.0691474	0.0172335	0.042879	0.0479026	0.00602385	0.000162632	0.000815016
152	0.0668366	0.0374518	0.00181491	0.0140265	0.137513	0.00246176	0.0238534	0.195169	0.00906319	0.111145	0.0486259	0.00796558	0.00660558	0.0196375	0.00294579	0.0076501	0.00679572	0.181346	0.0215027	0.097591
153	0.0313074	0.022546	0.00094938	0.02633	0.0109745	0.00133927	0.00226511	0.337251	0.0222575	0.211951	0.052696	0.0071196	0.00232944	0.017644	0.0111513	0.0091912	0.0377148	0.179881	0.000654538	0.0144474
154	0.0414791	0.0117944	0.00805968	0.0169919	0.0106359	0.0279702	0.0238674	0.0100963	0.13786	0.0123423	0.0140324	0.279762	0.0076712	0.0384969	0.159702	0.114166	0.0530641	0.0143096	0.0057158	0.0119824
155	0.0582335	0.00570643	0.125347	0.256591	0.00113011	0.0292164	0.0292529	0.0136189	0.139074	0.00446343	0.0117222	0.0358256	0.00622952	0.0845399	0.0482663	0.0738086	0.063094	0.00871263	0.000340905	0.00482665
156	0.0301033	0.0453783	0.00467072	0.0101012	0.18651	0.00401743	0.067901	0.091272	0.0366681	0.121026	0.0459323	0.0222284	0.00164919	0.013913	0.0121852	0.0161594	0.0240621	0.0871046	0.0382992	0.140819
157	0.0208587	0.0501188	0.0406708	0.0117206	0.00899725	0.0425958	0.044272	0.009982	0.0222869	0.235085	0.155943	0.119492	0.00659216	0.127078	0.0091574	0.0187236	0.0146298	0.0185513	0.00308761	0.0401575
158	0.00316137	0.00198597	0.000976507	0.0018133	0.0546809	0.00142726	0.00705495	0.0656959	0.00519213	0.683774	0.105473	0.00218842	0.00924012	0.00196328	0.00153163	0.00231592	0.00905298	0.0401514	0.00106913	0.00125133
159	0.00434001	0.00364463	0.000887795	0.00184513	0.0421809	0.00102993	0.00509108	0.0981105	0.00533289	0.652536	0.109834	0.00172198	0.00786333	0.00173178	0.00149811	0.00177482	0.00805087	0.050491	0.000891342	0.00114415
160	0.0223132	0.0360102	0.00280605	0.00572747	0.00231817	0.0381639	0.00818136	0.00469399	0.00606149	0.0205117	0.00303016	0.00878398	0.00592311	0.00614707	0.00354673	0.401304	0.416137	0.00500996	0.000891993	0.00243856
161	0.531036	0.083395	0.000901799	0.0111087	0.000934844	0.0168903	0.00131716	0.0184674	0.0128753	0.0192848	0.0059419	0.00259731	0.00166569	0.00225178	0.00592368	0.103404	0.103169	0.0773039	0.000471482	0.00106055
162	0.0468998	0.0106708	0.0337928	0.0558771	0.0105055	0.0227597	0.024009	0.0178325	0.346072	0.0274157	0.0179737	0.0366851	0.0252876	0.0485013	0.140307	0.0421513	0.0392703	0.0339346	0.00510909	0.0149451
163	0.0743336	0.0100419	0.0240117	0.0325112	0.00916231	0.0118994	0.0221115	0.00611548	0.0227611	0.00896406	0.00478445	0.068537	0.466751	0.075591	0.037534	0.0652107	0.0453841	0.00765892	0.00331808	0.00331862
164	0.0930188	0.0782864	0.00122186	0.00287806	0.00286584	0.00204424	0.00206041	0.0451568	0.00513622	0.0357374	0.132766	0.00838906	0.00163105	0.0273773	0.00351337	0.0331102	0.0290993	0.489781	0.000602377	0.00532461
165	0.0178385	0.00369353	0.000435418	0.00656416	0.00936746	0.000606202	0.0009964	0.359278	0.00122504	0.0322904	0.0053439	0.000865664	0.00445465	0.00472763	0.000582307	0.00811286	0.0420147	0.495069	0.000154412	0.00638005
166	0.00408754	0.00104075	0.0028	0.00465176	0.37978	0.000941166	0.0156928	0.0122733	0.00906638	0.00705934	0.00362368	0.0015811	0.000844026	0.00494153	0.0134526	0.00624402	0.0152878	0.0281267	0.0247971	0.463709
167	0.0729771	0.0298053	0.00316725	0.014675	0.0197871	0.00361301	0.00524002	0.170618	0.0216781	0.156401	0.0548839	0.0145156	0.0169969	0.0191554	0.012101	0.0197443	0.0364118	0.306839	0.00467353	0.0167168
168	0.020301	0.00299221	0.000381863	0.00548729	0.0108269	0.000471435	0.000468156	0.348613	0.000888684	0.0280642	0.00315548	0.000679409	0.0046245	0.00506765	0.000449942	0.00588094	0.022734	0.531391	0.000118954	0.00740284
169	0.0741301	0.0259355	0.0309249	0.0456201	0.0108214	0.0493017	0.0380902	0.0149434	0.0553479	0.0167393	0.0165624	0.270877	0.0135736	0.0420581	0.046132	0.170652	0.0441768	0.0194942	0.00477394	0.00984502
170	0.00235837	0.00122522	0.000722085	0.00144164	0.0336269	0.000970499	0.00428043	0.0771292	0.00576897	0.660083	0.136027	0.00149576	0.00798069	0.00137046	0.00115208	0.0016706	0.00868804	0.0526889	0.000617529	0.000702576
171	0.0939111	0.00783401	0.00950311	0.0127758	0.02198	0.0617361	0.0536583	0.00483002	0.0103446	0.0169962	0.00355664	0.0562608	0.0281862	0.0331869	0.0104664	0.367801	0.191819	0.0123467	0.000979044	0.00182787
172	0.0587127	0.00639417	0.125172	0.278086	0.0012279	0.0314758	0.00919447	0.015012	0.163303	0.00514671	0.0259592	0.0323479	0.0146259	0.085193	0.0393349	0.0493656	0.0455103	0.0104715	0.000360828	0.00310625
173	0.00353003	0.000820076	0.00271624	0.00447956	0.381666	0.000866424	0.0155401	0.0114675	0.00876057	0.00618222	0.00333554	0.00133129	0.000669648	0.00492399	0.0128194	0.00528915	0.0150565	0.0272717	0.0250044	0.46827
174	0.0402779	0.0273113	0.000835306	0.034165	0.0101512	0.000934385	0.00111139	0.23001	0.0367432	0.281316	0.0546502	0.0103416	0.00146364	0.0283251	0.0193086	0.0112764	0.0354873	0.152938	0.000404623	0.0229488
175	0.0393401	0.00538801	0.0190806	0.0531781	0.00147722	0.0152281	0.0147167	0.00927532	0.432959	0.00739482	0.0218919	0.0218492	0.00966861	0.0579251	0.210582	0.0235918	0.0286659	0.0216745	0.000690446	0.00542324
176	0.0230444	0.0395071	0.03724	0.0748988	0.00313719	0.110618	0.0194923	0.01059	0.241156	0.00759753	0.0317804	0.018658	0.00609895	0.155391	0.132492	0.0379294	0.0253973	0.0146064	0.00123379	0.00913156
177	0.0687824	0.00797541	0.0093696	0.0172893	0.010226	0.071038	0.00840698	0.00544889	0.230254	0.00623222	0.0131299	0.0981968	0.00477935	0.0655695	0.212228	0.128901	0.0171395	0.00838937	0.00699421	0.00964981
178	0.0212952	0.122962	0.0112556	0.0146178	0.00630217	0.109014	0.0214513	0.0109306	0.0243673	0.0123302	0.0156493	0.379079	0.0083226	0.0203178	0.0145211	0.154351	0.0289433	0.0139339	0.00354678	0.00680933
179	0.0294206	0.000966104	0.0145835	0.0226384	0.000618037	0.00185442	0.0152261	0.00761026	0.520388	0.00806484	0.00422912	0.0258905	0.0136277	0.0350654	0.23733	0.0187917	0.016663	0.0231559	0.00034413	0.00353322
180	0.00554068	0.0140376	0.00239784	0.00385604	0.104278	0.01695	0.053265	0.00323903	0.0568756	0.00562095	0.00246013	0.00444996	0.0127419	0.00456804	0.0271307	0.00503447	0.00611073	0.00403929	0.407761	0.259643
181	0.0448545	0.0366449	0.00140129	0.0170519	0.0524424	0.00177029	0.00792259	0.27989	0.0172291	0.246271	0.0551384	0.00667867	0.00544313	0.0154964	0.00864407	0.00880615	0.0182967	0.140315	0.00611365	0.0295905
182	0.119065	0.00359967	0.00419264	0.00498652	0.00367918	0.00362176	0.00453137	0.0576285	0.117443	0.0985864	0.0545205	0.0240924	0.2969	0.00872125	0.0331569	0.0136913	0.0325227	0.113266	0.00272954	0.00306608
183	0.120944	0.0072569	0.10234	0.0992404	0.00414571	0.0827973	0.0129021	0.00962304	0.136031	0.0179255	0.00911703	0.042196	0.111344	0.0669131	0.0147189	0.0686701	0.0719247	0.0125322	0.0031421	0.00623612
184	0.0198711	0.0205367	0.000788069	0.00940901	0.0132359	0.00098385	0.00152273	0.41616	0.012328	0.265513	0.0796685	0.0034584	0.00242564	0.00734597	0.00527333	0.0038134	0.0110791	0.120505	0.000430025	0.00565314
185	0.189847	0.00541549	0.017996	0.105751	0.00577365	0.00978131	0.119195	0.0326132	0.159475	0.0456474	0.00657417	0.0545493	0.0140467	0.0933932	0.00845694	0.0199729	0.0397681	0.0251105	0.00212318	0.0445102
186	0.0705537	0.00143813	0.17176	0.362724	0.000273633	0.0242051	0.00251825	0.00747889	0.098231	0.00281786	0.00662849	0.0412738	0.00838188	0.0771805	0.0178704	0.0491887	0.0506841	0.00627497	0.000120779	0.000395555
187	0.00574314	0.0140447	0.00241395	0.00433468	0.107505	0.0167011	0.0520389	0.00380281	0.0570055	0.00585321	0.00302237	0.00473628	0.0124052	0.00459111	0.0264295	0.00532622	0.00626429	0.00481386	0.399165	0.263803
188	0.020301	0.00299221	0.000381863	0.00548729	0.0108269	0.000471435	0.000468156	0.348613	0.000888684	0.0280642	0.00315548	0.000679409	0.0046245	0.00506765	0.000449942	0.00588094	0.022734	0.531391	0.000118954	0.00740284
189	0.0330639	0.0261612	0.125256	0.117443	0.00278356	0.0546458	0.0136373	0.00848612	0.172789	0.00949667	0.0306663	0.0362702	0.0113049	0.106992	0.0332541	0.0874311	0.0833849	0.0254006	0.00132959	0.0202038
190	0.153961	0.00283513	0.108202	0.364127	0.000974152	0.027767	0.00380695	0.00372139	0.0868437	0.00494328	0.00334055	0.0252784	0.017508	0.0499417	0.0101299	0.0602668	0.05564	0.0193766	0.000356029	0.000981269
191	0.0138988	0.0167667	0.00413431	0.0311755	0.00406194	0.0103111	0.343575	0.0279251	0.0797466	0.00895905	0.00519056	0.23017	0.0040465	0.0133553	0.101695	0.0236553	0.0111233	0.00785619	0.00169006	0.0606632
192	0.0855654	0.00335129	0.0343009	0.00692875	0.00395319	0.00336682	0.0191923	0.090801	0.0455077	0.12906	0.0813619	0.0100847	0.141791	0.0386541	0.00761509	0.0573396	0.142514	0.0940373	0.00189358	0.00268117
