328	20
1	0.0634746	0.00338062	0.00556178	0.00775999	0.142146	0.00688046	0.195136	0.0433018	0.030489	0.131356	0.0160286	0.00906485	0.102059	0.0769019	0.0110413	0.0334302	0.0449586	0.0183798	0.00313247	0.0555172
2	0.0148759	0.000352912	0.578603	0.0311713	0.000745117	0.0161971	0.0130406	0.0049913	0.015787	0.00156034	0.00100626	0.248584	0.000529998	0.00305777	0.00416805	0.0395792	0.0198875	0.00492774	0.00034332	0.000590887
3	0.00596148	0.00308355	0.00382042	0.0035201	0.254341	0.00445539	0.0511943	0.0177477	0.00665468	0.0119533	0.00372475	0.00993254	0.00430179	0.00348986	0.00599049	0.0128065	0.00747781	0.0182219	0.0105187	0.560804
4	0.280311	0.000757989	0.00158609	0.00259021	0.00632126	0.145143	0.0450139	0.0199072	0.100566	0.0167776	0.0158702	0.00417991	0.00520834	0.0250008	0.140086	0.129279	0.0438845	0.0158216	0.00046503	0.00123044
5	0.0273157	0.000939117	0.414354	0.418677	0.00173796	0.00718055	0.00604015	0.00327726	0.00443732	0.00447666	0.00223841	0.0482456	0.00119017	0.0183172	0.00660942	0.0213074	0.00589637	0.00540154	0.000762338	0.00159537
6	0.180331	0.00535704	0.0154833	0.0280073	0.0126012	0.0433391	0.0242679	0.0375327	0.0768167	0.0729184	0.0981405	0.0323138	0.0127077	0.0466521	0.129561	0.0801046	0.0536258	0.0379558	0.0037137	0.00857008
7	0.0207762	0.00434683	0.00292447	0.0116661	0.0642413	0.00924642	0.0073062	0.0936472	0.00884887	0.560594	0.0663825	0.0060834	0.0093905	0.00842851	0.0190875	0.0145768	0.0185307	0.0608655	0.00274996	0.010307
8	0.141191	0.00385175	0.0572832	0.0485644	0.00798195	0.0478364	0.0266262	0.0076425	0.0723854	0.0182783	0.00749194	0.0699737	0.0151276	0.0294812	0.0599544	0.232771	0.114076	0.0279581	0.000281783	0.0112432
9	0.0552463	0.0027299	0.0130719	0.0240658	0.00974292	0.0201585	0.0207807	0.0914871	0.169586	0.0718058	0.120418	0.0176	0.0039283	0.0835661	0.106397	0.0373907	0.0510017	0.0887662	0.00378407	0.00847253
10	0.20212	0.224752	0.00548189	0.0205403	0.00283323	0.0193139	0.00391395	0.00383834	0.0062411	0.0178916	0.00316583	0.0473471	0.00820551	0.00516775	0.00510675	0.322357	0.0831374	0.0152167	0.00123295	0.00213649
11	0.00907849	0.000401905	0.000669073	0.00414335	0.0112161	0.00238235	0.00172955	0.11066	0.00334532	0.685275	0.061031	0.00421428	0.00752499	0.00617767	0.0114664	0.00585207	0.0136503	0.0589723	0.000303492	0.00190678
12	0.00827938	0.000393286	0.000570764	0.00375709	0.0102298	0.00239441	0.00157491	0.102616	0.00338767	0.705353	0.0635444	0.00433803	0.00674152	0.00622069	0.0119334	0.00590541	0.0136527	0.0469383	0.000297052	0.00187299
13	0.0031256	0.00117454	0.00296592	0.00185152	0.613984	0.00265451	0.0138096	0.00718315	0.00182936	0.0869347	0.0163657	0.00395926	0.00135006	0.00403163	0.00247045	0.00820493	0.00642436	0.00966593	0.00752294	0.204492
14	0.00332652	0.00126637	0.00232593	0.00166627	0.604379	0.00278751	0.0138129	0.00672721	0.00176685	0.084118	0.0159621	0.00376744	0.00145015	0.00299162	0.00191661	0.00760207	0.00616737	0.00964401	0.00766897	0.220653
15	0.0713682	0.00151255	0.202609	0.426381	0.00196739	0.03113	0.0157934	0.00638363	0.022757	0.0106785	0.00433848	0.035937	0.00214028	0.0785174	0.0242315	0.036451	0.0117215	0.0137311	0.000698936	0.00165147
16	0.142259	0.00178008	0.0195347	0.0185671	0.0044205	0.45047	0.0116536	0.0302895	0.0175511	0.0323354	0.0084523	0.0318309	0.0122987	0.0359326	0.0201237	0.094983	0.0238247	0.0366021	0.00271447	0.00437675
17	0.0861107	0.00472342	0.0122663	0.0401922	0.0262331	0.0191496	0.0192937	0.0474253	0.040246	0.185243	0.171283	0.0191927	0.00694251	0.122063	0.0612489	0.0521245	0.045094	0.028896	0.00440642	0.00786567
18	0.0136897	0.000905683	0.002448	0.0317507	0.00478977	0.00780358	0.0173403	0.00825991	0.193485	0.0358183	0.0175144	0.0104488	0.0026132	0.0668764	0.546006	0.0125906	0.0113533	0.0084006	0.00410546	0.00380072
19	0.355831	0.00780549	0.015927	0.0156152	0.00416941	0.190924	0.00776495	0.00954016	0.024044	0.0127188	0.00614418	0.0250904	0.009344	0.0161124	0.02157	0.204248	0.0459299	0.0221614	0.00115595	0.00390422
20	0.274695	0.00066915	0.00935388	0.00648918	0.00262587	0.547754	0.00547164	0.00646354	0.00836402	0.0115868	0.00315088	0.0119881	0.00380563	0.0088378	0.0089709	0.0692372	0.00890704	0.0087456	0.000970305	0.00191329
21	0.0218868	0.000600115	0.00149259	0.0456564	0.0192953	0.00485238	0.00649549	0.00402733	0.238158	0.0125236	0.00723815	0.00897274	0.0108946	0.0481807	0.53987	0.0111231	0.00359464	0.00296881	0.00254413	0.00962505
22	0.0207522	0.00152683	0.00356958	0.0141803	0.0172899	0.00664788	0.0145278	0.08849	0.022088	0.54052	0.0699442	0.0082059	0.00580179	0.0299573	0.061875	0.0157725	0.0250643	0.0470303	0.00152274	0.00523351
23	0.0871375	0.0032699	0.00821222	0.00756436	0.00343058	0.00649032	0.00792019	0.0048923	0.00495176	0.0283275	0.00163898	0.00831711	0.686067	0.0227609	0.0154456	0.0644406	0.0176848	0.0166294	0.000342068	0.00447724
24	0.0872963	0.00118352	0.00191394	0.0364997	0.00169141	0.0123911	0.0212983	0.00787484	0.0250005	0.0298192	0.00312779	0.027011	0.387723	0.0136824	0.0901419	0.180477	0.0511913	0.014677	0.000522626	0.0064768
25	0.145052	0.00440911	0.00898494	0.0233402	0.00154299	0.0238335	0.00486578	0.00765437	0.185623	0.0145979	0.0119686	0.0709238	0.0272794	0.0359575	0.0984384	0.167546	0.157143	0.00898781	0.000484444	0.00136648
26	0.0144455	0.0299438	0.00513706	0.00713964	0.00450251	0.00716816	0.00752887	0.00627455	0.00792645	0.00967292	0.0056203	0.00828192	0.0038466	0.00686888	0.00774956	0.0133491	0.010806	0.00858381	0.831502	0.00365223
27	0.0498217	0.00437131	0.0185628	0.0332745	0.0094036	0.0243643	0.0756655	0.0171384	0.127515	0.0484103	0.0206783	0.0427977	0.0138847	0.0564177	0.305641	0.0576461	0.0409042	0.0240533	0.00590757	0.0235421
28	0.263165	0.000935162	0.0016521	0.00298769	0.0117949	0.221857	0.041448	0.0151305	0.0985729	0.0209658	0.019494	0.0031266	0.00448759	0.0235359	0.111202	0.115808	0.0291269	0.0123765	0.000755606	0.00157782
29	0.0155841	0.000339142	0.578774	0.0301692	0.000703347	0.0167625	0.0132892	0.00462039	0.0160843	0.00152452	0.000997095	0.246545	0.000555192	0.00314041	0.00410337	0.0405914	0.0205247	0.0047965	0.000353363	0.000541916
30	0.0876926	0.00992996	0.0461101	0.0371826	0.0275389	0.0487125	0.104782	0.0195497	0.0548008	0.0345454	0.0132177	0.0724812	0.0201262	0.0380954	0.0535838	0.198582	0.0555223	0.028348	0.00521731	0.0439813
31	0.377244	0.000468534	0.000685306	0.00108503	0.00124493	0.574545	0.00103723	0.00127706	0.00111041	0.00461608	0.00107392	0.00140565	0.000513601	0.00121304	0.00549314	0.0227735	0.00176111	0.00151316	0.000359625	0.000579234
32	0.0126301	0.000340324	0.000559229	0.00621699	0.0264884	0.00242316	0.00253796	0.0899407	0.00422655	0.694136	0.0605107	0.00306495	0.00460918	0.00443934	0.0132526	0.00577468	0.0136691	0.0515332	0.000758932	0.00288818
33	0.101547	0.00468584	0.0642486	0.0468636	0.00842488	0.0440734	0.0280969	0.00974464	0.094324	0.0189935	0.00690444	0.115031	0.00133651	0.0662674	0.073225	0.208567	0.0909311	0.00969051	0.000191269	0.00685399
34	0.0444741	0.00440897	0.418611	0.0474889	0.00566708	0.0321403	0.0123402	0.0100528	0.0229088	0.0126577	0.00612328	0.171249	0.004317	0.0179659	0.0129087	0.091875	0.0640313	0.0148945	0.00142058	0.00446502
35	0.0944729	0.004973	0.0160396	0.0197454	0.0160445	0.327265	0.0151359	0.0512127	0.01549	0.121759	0.0241875	0.0278281	0.010594	0.0195465	0.0173032	0.061647	0.0346093	0.111217	0.00239653	0.0085329
36	0.173216	0.000889878	0.00442639	0.062455	0.03224	0.0162322	0.024827	0.00382992	0.148306	0.0297764	0.0104432	0.0236311	0.00126118	0.0902509	0.0705384	0.193032	0.0132936	0.0197886	0.0286518	0.0529105
37	0.02062	0.000255526	0.00110192	0.000964282	0.0020681	0.000869492	0.000876219	0.12587	0.0014104	0.0303301	0.0317692	0.00103421	0.00039141	0.00098617	0.00791669	0.0019403	0.0164836	0.75406	0.000326374	0.000725751
38	0.0151203	0.000369014	0.59303	0.0352282	0.000680645	0.0162254	0.0121132	0.00437956	0.0152603	0.00162568	0.000961485	0.234068	0.000542882	0.00298377	0.00391009	0.0369602	0.0198002	0.00587292	0.000330948	0.000537145
39	0.015241	0.00254714	0.00159157	0.00673232	0.0261853	0.00504245	0.00445705	0.0850055	0.00656561	0.584966	0.145864	0.0043405	0.00417206	0.00769778	0.0132111	0.0134105	0.0207849	0.0481561	0.000848541	0.003181
40	0.0712974	0.00125977	0.00242865	0.0336699	0.00278886	0.00465013	0.0038074	0.021398	0.00400527	0.00586451	0.00358501	0.0069437	0.0023297	0.00389934	0.0228228	0.168973	0.387018	0.242879	0.000896565	0.00948338
41	0.213655	0.00320237	0.0144772	0.0132497	0.00381963	0.541566	0.00896851	0.0100807	0.0143772	0.0122135	0.00402183	0.0284674	0.00695178	0.0170069	0.0142492	0.0615158	0.0147125	0.0122221	0.00202111	0.00322138
42	0.218425	0.00208809	0.0152965	0.0138167	0.00527379	0.530021	0.00814878	0.0111207	0.0135354	0.0241541	0.00641801	0.0214017	0.00736608	0.0138762	0.0138092	0.0580258	0.0167771	0.01414	0.00208853	0.00421799
43	0.00533047	0.00351723	0.00397394	0.00308977	0.263041	0.00476311	0.0524579	0.0176776	0.00383094	0.0131443	0.00358844	0.0106465	0.00604095	0.00402375	0.00404846	0.0117887	0.00729618	0.0163427	0.0127662	0.552632
44	0.00768454	0.00206439	0.00767966	0.00430136	0.157849	0.00455915	0.162784	0.0256659	0.00327616	0.019195	0.00451995	0.0219477	0.00446154	0.00393516	0.0056463	0.0171633	0.00841038	0.0270454	0.00559245	0.506219
45	0.0423115	0.00241191	0.433009	0.0575418	0.00316852	0.030053	0.0127005	0.0100633	0.0244802	0.00961465	0.00591048	0.16925	0.00325	0.0186362	0.0140857	0.0810036	0.0597392	0.0150469	0.00168273	0.00604012
46	0.646055	0.001098	0.00469743	0.0133556	0.00136702	0.0465425	0.00155177	0.00307077	0.0072365	0.00448475	0.00162445	0.00526786	0.00276769	0.00423685	0.00310419	0.22137	0.0133172	0.0170864	0.000419994	0.00134624
47	0.225909	0.00134862	0.0195993	0.0134353	0.00332926	0.532608	0.00643583	0.0105026	0.0124108	0.0138681	0.00493486	0.023204	0.00595703	0.0142801	0.0123441	0.0676446	0.0162842	0.0117453	0.00141618	0.00274302
48	0.0239494	0.00068677	0.531628	0.0486389	0.00145908	0.0227422	0.0132067	0.00485491	0.0219884	0.00313025	0.00214715	0.215118	0.00121976	0.0101573	0.00922531	0.0549081	0.0264299	0.00619144	0.000443864	0.00187482
49	0.0616737	0.0111301	0.182544	0.0404098	0.0119066	0.0475518	0.0316181	0.0147204	0.0423651	0.0205749	0.0116262	0.205498	0.0165931	0.0366462	0.037937	0.130993	0.0471781	0.0270859	0.0037928	0.0181544
50	0.0190207	0.000244146	0.000579482	0.000810382	0.00197692	0.000760847	0.000649251	0.128181	0.000746451	0.0285938	0.0302984	0.000922803	0.000352933	0.000703312	0.00621251	0.00153835	0.0122595	0.765368	0.000215776	0.000565533
51	0.0612173	0.00397244	0.0686213	0.0980052	0.0107925	0.0475987	0.0201099	0.0117558	0.182452	0.0309692	0.0169632	0.0583619	0.00860938	0.0618016	0.164299	0.0806221	0.0415659	0.0194257	0.00387989	0.00897712
52	0.00456805	0.00261522	0.00506964	0.00276419	0.281568	0.004016	0.0783277	0.0183125	0.0019807	0.0235925	0.00457601	0.0124637	0.00467393	0.00600931	0.00416379	0.0131408	0.00717178	0.0169455	0.00984701	0.498194
53	0.0257801	0.00453033	0.0125744	0.0119791	0.00878508	0.150652	0.16172	0.0206352	0.015139	0.0217543	0.0108591	0.300049	0.00531355	0.0605746	0.0150702	0.0264461	0.018509	0.116932	0.00413274	0.00856491
54	0.00438888	0.000703353	0.00133193	0.00192584	0.704173	0.00211851	0.00433658	0.00466944	0.00208332	0.112711	0.0215749	0.00228175	0.000935172	0.00417499	0.00216967	0.00750325	0.00675238	0.00823374	0.00747276	0.100459
55	0.0784718	0.000985911	0.00868184	0.00820457	0.0041437	0.00641841	0.00859614	0.00548584	0.0048498	0.0297201	0.00177274	0.0067643	0.713566	0.025147	0.0168352	0.0472974	0.0109648	0.0164989	0.000577751	0.00501828
56	0.0208356	0.00917784	0.00218723	0.00506072	0.00908068	0.0150906	0.00439067	0.0253489	0.00705266	0.366427	0.415227	0.0041394	0.00173825	0.00868302	0.0117533	0.0279137	0.0397861	0.0228007	0.000840483	0.00246628
57	0.674293	0.00298347	0.00148705	0.00581458	0.000945658	0.0305341	0.00190905	0.00488666	0.0056751	0.00774517	0.00304425	0.00415563	0.00459826	0.00410843	0.00464951	0.188622	0.0344518	0.0187998	0.000278097	0.00101797
58	0.00226286	0.00297594	0.00219625	0.00107561	0.35067	0.00380364	0.0333068	0.0155007	0.00111073	0.0210932	0.00500149	0.0063331	0.0034468	0.00150313	0.00140233	0.00880046	0.00592386	0.0148565	0.0110438	0.507693
59	0.181437	0.0130089	0.00197323	0.00304444	0.00139331	0.0139607	0.00209406	0.00258963	0.00292263	0.0131668	0.00177549	0.00482751	0.00860003	0.00579281	0.00252612	0.377117	0.35398	0.00695592	0.000628993	0.0022055
60	0.24823	0.00781589	0.000883761	0.00121159	0.0177168	0.0195259	0.00115972	0.113039	0.00119735	0.0621587	0.0243767	0.0124711	0.0191663	0.00111319	0.00223111	0.0921595	0.104418	0.259773	0.000313163	0.0110395
61	0.174979	0.0118872	0.00986005	0.00848497	0.00294996	0.030282	0.00478015	0.00542571	0.012687	0.0147481	0.00292331	0.0195159	0.0127384	0.00975831	0.00932476	0.33831	0.316182	0.0115993	0.000817767	0.00274664
62	0.0196204	0.0109393	0.00213603	0.00405906	0.00547273	0.0127114	0.00410144	0.0183487	0.0052577	0.338133	0.462085	0.00390177	0.00165027	0.00745623	0.0100952	0.0300903	0.0404645	0.0208027	0.000670699	0.00200343
63	0.0101265	0.000606353	0.000599333	0.00426303	0.021278	0.00280028	0.00267385	0.0992177	0.00422309	0.676407	0.0790051	0.00379038	0.00539336	0.00558483	0.0118138	0.0069343	0.0144414	0.0481628	0.000436383	0.00224259
64	0.677191	0.000388465	0.000590585	0.00733647	0.000547917	0.0391702	0.000960389	0.00103959	0.00447402	0.0014705	0.000802347	0.00108683	0.000586657	0.000985056	0.00107651	0.248936	0.00247295	0.0100558	0.000240397	0.000588476
65	0.0130362	0.0242037	0.00418845	0.00746711	0.00748286	0.00761082	0.00717839	0.00590827	0.00762467	0.0112598	0.00596419	0.00731371	0.00376536	0.00683395	0.00855079	0.0121041	0.0100899	0.00771563	0.837924	0.0037784
66	0.0709433	0.000761723	0.0434585	0.0344146	0.00186572	0.438943	0.0113947	0.0201621	0.0111991	0.0104687	0.00681746	0.0773397	0.024282	0.0375924	0.0116628	0.136786	0.0318106	0.0191453	0.00483197	0.00612114
67	0.248221	0.00808714	0.000669113	0.0010682	0.018051	0.0185816	0.001047	0.113498	0.00117124	0.0633763	0.0230961	0.0124576	0.0197258	0.00107475	0.00208967	0.0929221	0.099076	0.264415	0.00027448	0.0110983
68	0.0255809	0.000243932	0.00308167	0.0139984	0.0218412	0.00135134	0.00537574	0.309674	0.00107143	0.213731	0.0167201	0.0040218	0.0152534	0.0078502	0.00359495	0.00492173	0.0116014	0.337058	0.000267893	0.00276107
69	0.0997233	0.000690365	0.240829	0.389902	0.00113918	0.0343517	0.00856085	0.00738583	0.0141231	0.011	0.00420808	0.0366786	0.000699448	0.0769944	0.0123811	0.0276945	0.0146101	0.0177088	0.000402135	0.0009172
70	0.00659212	0.00224319	0.00455632	0.0027598	0.389468	0.00464023	0.0593452	0.0143616	0.00234266	0.0401379	0.0155391	0.00965882	0.00532456	0.00784415	0.00400213	0.0238074	0.0167037	0.0141976	0.00965606	0.36682
71	0.0351882	0.00335023	0.0496191	0.0839	0.00313711	0.108089	0.0107248	0.00450877	0.199072	0.0177781	0.0234401	0.0513288	0.005245	0.132017	0.130007	0.106105	0.0248068	0.00677976	0.00147554	0.00342837
72	0.0485149	0.00872726	0.150901	0.0861827	0.00257573	0.0895401	0.018085	0.00306304	0.167057	0.0140599	0.00452701	0.0811529	0.0176965	0.0877035	0.104132	0.0949331	0.0125684	0.00546013	0.000624704	0.00249467
73	0.70298	0.00546087	0.00070368	0.00146701	0.000965506	0.0181969	0.00103079	0.0091876	0.00113764	0.0167034	0.00113228	0.00663024	0.00430798	0.00609982	0.00128505	0.0960018	0.0879779	0.0374584	0.000381305	0.000891414
74	0.0208985	0.000775811	0.00141393	0.0773224	0.00145951	0.00887708	0.0589808	0.0164607	0.12275	0.138523	0.0470267	0.0120276	0.000891017	0.0857883	0.287059	0.00730742	0.0604496	0.0441907	0.00338844	0.00440875
75	0.141534	0.000441349	0.227048	0.30029	0.000797898	0.0492986	0.00705545	0.0104959	0.020146	0.0157715	0.0054308	0.0372623	0.000578484	0.0914144	0.012169	0.0322852	0.0202976	0.0266032	0.000329931	0.000751138
76	0.202862	0.026659	0.0492169	0.0300442	0.00570833	0.0281169	0.0134463	0.0080863	0.0479988	0.0185978	0.00629401	0.138517	0.0121092	0.0284359	0.0295563	0.245788	0.0855989	0.0166674	0.000826552	0.00546986
77	0.0261055	0.000249195	0.00306005	0.0139283	0.0221932	0.00131605	0.00543627	0.305259	0.000994392	0.213226	0.0156494	0.00387036	0.0159147	0.00809178	0.00363927	0.00471702	0.0120837	0.341139	0.000263342	0.00286356
78	0.0121354	0.000450583	0.000815981	0.0277572	0.00646825	0.00699327	0.00845362	0.00399986	0.203794	0.0168496	0.00940788	0.00908103	0.00339693	0.0606927	0.602271	0.0160809	0.00321089	0.00159061	0.00316745	0.00338205
79	0.01304	0.0245916	0.00423902	0.00691978	0.00566842	0.00673614	0.00854302	0.00571034	0.00722104	0.00989196	0.005797	0.00754615	0.00381447	0.0075116	0.00864713	0.0128689	0.0104433	0.00811028	0.837074	0.00562624
80	0.292801	0.000535147	0.000758893	0.00131769	0.00157501	0.630188	0.00137403	0.00346432	0.00134635	0.0100326	0.00116892	0.00220894	0.000578611	0.00305502	0.00435649	0.0372436	0.0022284	0.00474133	0.000379257	0.000646816
81	0.236514	0.0116008	0.00200765	0.00338849	0.00127013	0.0149074	0.00181865	0.00341466	0.00326198	0.0131446	0.00167564	0.00535902	0.00940908	0.0059855	0.00279071	0.317716	0.351761	0.0114424	0.000585433	0.00194699
82	0.0148604	0.000359078	0.606879	0.0722278	0.000803465	0.01481	0.0102145	0.00359595	0.0124158	0.00181553	0.00100312	0.197668	0.000603224	0.00288664	0.00341329	0.0329216	0.0176959	0.00473885	0.000421498	0.000666692
83	0.00199163	0.00301177	0.00197398	0.00107107	0.316771	0.00391573	0.0321997	0.0161813	0.00108603	0.0166077	0.00400336	0.00605899	0.00339403	0.00136629	0.00116611	0.00814383	0.00560514	0.0151504	0.0110027	0.5493
84	0.0204298	0.000642938	0.00120785	0.00822231	0.178242	0.00315254	0.00939768	0.0900125	0.00709889	0.514513	0.0621467	0.00268431	0.00139956	0.00321228	0.0133676	0.0120307	0.013379	0.0436353	0.00267767	0.0125469
85	0.0141259	0.000660005	0.00061895	0.00560435	0.0229346	0.00261855	0.00265927	0.0882735	0.00520388	0.686667	0.069221	0.00343764	0.00479775	0.00597002	0.0147199	0.00712863	0.0158099	0.0460912	0.000857673	0.00260058
86	0.0203949	0.000465446	0.00289784	0.0466488	0.00933759	0.0075548	0.00957629	0.00478304	0.251231	0.0170203	0.0104612	0.0163029	0.00472997	0.0542053	0.494978	0.0256114	0.0104831	0.0039164	0.00286977	0.00653154
87	0.371813	0.199041	0.00373951	0.0121164	0.00268112	0.0162732	0.00408978	0.0056368	0.00395091	0.0153679	0.00335314	0.0276778	0.0108552	0.00681003	0.00589946	0.178162	0.0972793	0.0318999	0.00107499	0.0022799
88	0.291935	0.00213317	0.00430352	0.00615237	0.00474636	0.10925	0.0261638	0.0222343	0.0955032	0.0216061	0.0196657	0.0122401	0.0145166	0.0278818	0.109986	0.161167	0.0518779	0.0172434	0.000302299	0.00109159
89	0.0282801	0.00103922	0.507146	0.080971	0.0036959	0.0246517	0.0154994	0.00588879	0.0217569	0.00781244	0.00508419	0.172398	0.00400719	0.016206	0.0109875	0.0545326	0.0236668	0.00850616	0.00126889	0.00660181
90	0.0477969	0.0120521	0.0336003	0.0232926	0.0727809	0.0289148	0.207945	0.0314905	0.0309155	0.0801114	0.0190714	0.0448897	0.0126757	0.0320505	0.0496639	0.0487809	0.0301116	0.0299885	0.00933648	0.154531
91	0.0881326	0.00100848	0.0893628	0.0604905	0.00724484	0.0548636	0.0194305	0.00977002	0.0979538	0.0163911	0.00677539	0.146632	0.000552192	0.0900431	0.0612862	0.179576	0.0539794	0.00905818	0.000125561	0.00732302
92	0.143794	0.251656	0.0174677	0.0228359	0.0139255	0.0323408	0.0177766	0.0181166	0.0219486	0.0327908	0.0153966	0.0459386	0.0286303	0.023089	0.0256751	0.135852	0.0731945	0.033721	0.0261627	0.0196877
93	0.0128613	0.0246821	0.00500391	0.00677557	0.00772055	0.00654442	0.00773447	0.00644819	0.0060547	0.00907047	0.00557796	0.00710552	0.00372327	0.00683174	0.00696783	0.0127582	0.011044	0.00761804	0.838195	0.0072825
94	0.0280632	0.00445744	0.0134458	0.231543	0.00950875	0.0151819	0.0149842	0.0135778	0.0149029	0.0332456	0.012817	0.01748	0.00554884	0.44307	0.0181848	0.0275414	0.0208067	0.0649894	0.00350824	0.00714221
95	0.0207843	0.00125246	0.0106927	0.036315	0.00645268	0.0147833	0.0138536	0.00610729	0.199878	0.0221662	0.0124883	0.0195498	0.0039314	0.0653596	0.513561	0.0262302	0.0103663	0.00697039	0.00306097	0.00619658
96	0.11719	0.00137194	0.00751822	0.00497339	0.00400852	0.00640626	0.00730646	0.00556925	0.0019001	0.0283193	0.00112315	0.00521458	0.701414	0.0215546	0.010731	0.0426228	0.0106473	0.0173466	0.000384193	0.00439798
97	0.0678869	0.00427396	0.170691	0.327839	0.011725	0.0338312	0.0172596	0.0142411	0.031306	0.0318774	0.0134927	0.0498594	0.00852773	0.0629579	0.0330777	0.0578846	0.0294719	0.0223494	0.00422557	0.00722225
98	0.0260839	0.000394804	0.548384	0.0445645	0.001059	0.0275502	0.0111052	0.00392269	0.0184268	0.00232738	0.00132891	0.212914	0.000838106	0.00844591	0.0059555	0.0514967	0.0291949	0.0048059	0.000373083	0.000828466
99	0.0850562	0.00625207	0.0120966	0.021059	0.0191783	0.0164954	0.0118273	0.107815	0.0166075	0.125105	0.200362	0.0161158	0.00875815	0.0253638	0.0254762	0.0870748	0.115252	0.0910443	0.00228374	0.00677605
100	0.11773	0.00282017	0.119925	0.0645876	0.00719383	0.0583028	0.0130426	0.00788021	0.0601753	0.0193352	0.00939084	0.0710633	0.0413265	0.0308765	0.0310725	0.198768	0.0962516	0.0381009	0.000761523	0.011396
101	0.191441	0.0134198	0.0163512	0.015254	0.00512796	0.0214647	0.00695112	0.023122	0.0253326	0.020663	0.00982727	0.0307713	0.0957214	0.0137856	0.0196711	0.158744	0.271344	0.0533923	0.00172671	0.00588972
102	0.0769249	0.000445784	0.00783451	0.00510159	0.00356659	0.00455497	0.00744089	0.00425433	0.00118316	0.0302914	0.000784752	0.00498696	0.750541	0.023323	0.0108018	0.0409652	0.00778645	0.0146056	0.000256711	0.00434998
103	0.0334733	0.00161289	0.0106645	0.0313886	0.0071455	0.017291	0.0168522	0.0120278	0.160388	0.0367659	0.0181674	0.0228664	0.00548772	0.063183	0.478426	0.0403934	0.0192998	0.0138617	0.00414759	0.00655691
104	0.0983775	0.00377045	0.0322862	0.0210458	0.00299829	0.022652	0.00378355	0.0172489	0.020853	0.00649058	0.00348446	0.0626692	0.0353731	0.00666288	0.00568955	0.153125	0.477924	0.0214531	0.000850166	0.00326221
105	0.250697	0.0151164	0.000887567	0.00138168	0.0146597	0.0159647	0.00113257	0.0978539	0.00257355	0.0594973	0.0200513	0.012679	0.0295297	0.00134434	0.00251374	0.109733	0.103855	0.250551	0.000296873	0.00968163
106	0.00170097	0.00330296	0.00196678	0.000874811	0.278414	0.00414663	0.0342804	0.0178978	0.000941583	0.00803896	0.00223682	0.00617406	0.00347767	0.00080644	0.000899924	0.00800699	0.00545696	0.0158917	0.0109449	0.59454
107	0.158417	0.000932924	0.0087883	0.0624968	0.0319275	0.0133677	0.0291789	0.00572143	0.140955	0.0278433	0.0128784	0.0337424	0.00133994	0.095281	0.0741072	0.171152	0.0164115	0.0239451	0.0303435	0.0611699
108	0.0187785	0.000218404	0.00103137	0.00198997	0.0049312	0.000867797	0.001305	0.197045	0.00152399	0.052594	0.0320629	0.00148723	0.00132294	0.00155333	0.00534319	0.00226601	0.0117	0.663067	0.000245105	0.000667376
109	0.0165365	0.00277218	0.27129	0.0325087	0.00188156	0.0283801	0.0055732	0.0035843	0.00776145	0.00636629	0.00263894	0.210189	0.00249587	0.00541477	0.0043314	0.314859	0.0764003	0.00444744	0.000786814	0.00178185
110	0.227921	0.00606996	0.0235191	0.026661	0.00182734	0.0274626	0.00503611	0.0144431	0.118426	0.011614	0.00773525	0.0540461	0.0527312	0.0455664	0.0701663	0.181421	0.10427	0.0188698	0.000398368	0.00181525
111	0.0869302	0.00354126	0.0229937	0.0194976	0.019271	0.029875	0.0670316	0.0153938	0.0956967	0.011346	0.0157789	0.144148	0.00174691	0.0224831	0.103523	0.211854	0.103797	0.00803038	0.000681624	0.0163798
112	0.111345	0.00459366	0.00986107	0.00987791	0.00437621	0.00977359	0.00805373	0.00902138	0.0110594	0.0273079	0.00333286	0.0133381	0.552556	0.0201699	0.0187743	0.0965825	0.0589072	0.0251754	0.000363406	0.00553003
113	0.330068	0.000861546	0.00335915	0.0048677	0.003051	0.536298	0.00475543	0.00552452	0.0071266	0.0110687	0.00321304	0.00572246	0.0029135	0.00610912	0.00924088	0.0474364	0.00781225	0.00862366	0.000732485	0.00121636
114	0.148136	0.0107222	0.00619768	0.00626352	0.00188628	0.0138283	0.00315008	0.00586104	0.0056852	0.0111612	0.00257177	0.012382	0.0123395	0.00536963	0.00462827	0.32454	0.405582	0.0155585	0.000721441	0.00341587
115	0.0184692	0.000921472	0.408459	0.449048	0.00203504	0.004646	0.00699891	0.00290548	0.00333424	0.00390577	0.00234921	0.0423645	0.0012419	0.0156693	0.00690468	0.0194808	0.00491665	0.00398457	0.000739992	0.00162521
116	0.0283574	0.000275153	0.00367586	0.014874	0.0261653	0.00145704	0.00632538	0.282967	0.000834924	0.216051	0.013585	0.00347763	0.0201824	0.00965894	0.00419251	0.00441147	0.013847	0.346195	0.00025075	0.00321675
117	0.69355	0.00329261	0.0012304	0.00474569	0.00132546	0.0271798	0.00152747	0.00815187	0.00347102	0.00849637	0.00164487	0.00423835	0.00434098	0.00273323	0.00201324	0.164212	0.0321416	0.0339227	0.000290773	0.00149127
118	0.377244	0.000468534	0.000685306	0.00108503	0.00124493	0.574545	0.00103723	0.00127706	0.00111041	0.00461608	0.00107392	0.00140565	0.000513601	0.00121304	0.00549314	0.0227735	0.00176111	0.00151316	0.000359625	0.000579234
119	0.0471848	0.00158983	0.339478	0.363281	0.00411903	0.0228153	0.00977202	0.00658672	0.0149904	0.0115198	0.00585067	0.0552118	0.00216732	0.0385611	0.0129174	0.0347752	0.0144764	0.0107599	0.00124173	0.00270118
120	0.0859165	0.00226395	0.0164802	0.00460369	0.00928393	0.00755133	0.0110564	0.235424	0.0054292	0.0360086	0.0545315	0.0073716	0.00478677	0.00449324	0.00627281	0.0441702	0.256773	0.201851	0.00164095	0.0040916
121	0.7287	0.00593864	0.000773982	0.00181615	0.000781916	0.0172531	0.00109297	0.00834289	0.00185565	0.0142238	0.000991673	0.00574132	0.00502138	0.0051972	0.00176472	0.090611	0.0739643	0.0348329	0.000342626	0.000753763
122	0.565906	0.00720682	0.00720524	0.0124766	0.00367424	0.0736937	0.00485647	0.0138538	0.0150387	0.0171583	0.00953468	0.012009	0.0102239	0.00883609	0.0135116	0.137985	0.0479331	0.0355668	0.00111907	0.00221176
123	0.576835	0.0057887	0.00660051	0.0125316	0.00550648	0.0698314	0.00734845	0.0154032	0.0140765	0.0167776	0.00698853	0.00857381	0.0133265	0.0098585	0.0133625	0.133919	0.042753	0.0339352	0.00245824	0.00412465
124	0.0122096	0.000703609	0.00113437	0.00469667	0.412816	0.00291069	0.00689197	0.0471224	0.00511962	0.341892	0.0487819	0.0019481	0.000978584	0.00276289	0.00724973	0.00939683	0.0104405	0.0280495	0.00481636	0.0500788
125	0.644508	0.00824545	0.00133304	0.00312453	0.00111029	0.0195149	0.00171529	0.00758354	0.00447537	0.0130503	0.00160047	0.00755005	0.00574939	0.00514059	0.00372375	0.144505	0.0949596	0.0307506	0.000332401	0.00102689
126	0.654746	0.00267992	0.00167096	0.00773185	0.000664089	0.036739	0.00121307	0.00138756	0.00543732	0.00320279	0.00105038	0.00357277	0.00175142	0.00201957	0.00156044	0.249539	0.0128336	0.0110761	0.000269543	0.000854681
127	0.677249	0.000390152	0.000590389	0.00732201	0.000548028	0.0391953	0.000960394	0.00103815	0.00446596	0.00146698	0.000797782	0.0010873	0.000578334	0.000983447	0.00107919	0.248919	0.00244299	0.0100576	0.000239855	0.000588421
128	0.672435	0.00196601	0.00064921	0.00652668	0.000605691	0.0377055	0.00103078	0.00211214	0.00428246	0.0034431	0.000824096	0.00213601	0.00184324	0.00165008	0.00119554	0.23379	0.0136117	0.0133051	0.000258518	0.000628897
129	0.00968932	0.000356669	0.00451498	0.00154688	0.0228305	0.00129416	0.00476962	0.472433	0.00885719	0.103739	0.120274	0.00135798	0.000460648	0.0047973	0.0049576	0.00636343	0.0154327	0.215303	0.000280301	0.000741827
130	0.607993	0.00495547	0.00162305	0.00266579	0.00611816	0.0161954	0.00239386	0.0581211	0.00220358	0.0256246	0.00800843	0.00753472	0.0219106	0.00292999	0.00300883	0.0545844	0.0459604	0.12323	0.000653083	0.00428535
131	0.00438908	0.000877392	0.00428642	0.00300479	0.639126	0.00265657	0.0150644	0.00883491	0.00243346	0.124155	0.0216533	0.00417668	0.00159872	0.00676762	0.00385743	0.010011	0.00801933	0.0141466	0.00698527	0.117956
132	0.0188682	0.000463146	0.00107641	0.0420084	0.0103645	0.0045766	0.00727997	0.00398906	0.252737	0.0130978	0.00778215	0.00998013	0.0054875	0.0522171	0.546527	0.0101835	0.00258621	0.00195028	0.00297585	0.00584972
133	0.0232302	0.000788159	0.490993	0.0308288	0.00180402	0.0199065	0.0232117	0.00688547	0.0370713	0.00533225	0.00389724	0.228412	0.00113189	0.0169179	0.0199976	0.0485217	0.0205903	0.00934011	0.00179948	0.00934051
134	0.0668536	0.00122023	0.00182539	0.0297819	0.00203118	0.00889651	0.014023	0.0126781	0.0312151	0.0281245	0.00231901	0.0243451	0.429326	0.0106332	0.103878	0.164487	0.0314075	0.0244319	0.000547361	0.0119752
135	0.144767	0.000851018	0.0830658	0.0670263	0.00908211	0.0717228	0.0151982	0.00675518	0.0540965	0.0199591	0.00981291	0.0626974	0.0358792	0.029929	0.030592	0.201281	0.0936469	0.0497045	0.000327094	0.0136064
136	0.0109149	0.00326899	0.00479908	0.00462886	0.270561	0.00592627	0.0482274	0.0193435	0.00403676	0.0196	0.00576167	0.0110766	0.00460445	0.00724118	0.00511297	0.0274359	0.0108519	0.0185531	0.0112234	0.506832
137	0.673248	0.000496311	0.000599442	0.0071635	0.000622503	0.0385046	0.000968082	0.0011819	0.00441777	0.00173932	0.000803983	0.00110603	0.000732625	0.00106429	0.0010866	0.251309	0.00381224	0.010295	0.000255767	0.000592443
138	0.0952207	0.00136873	0.0846116	0.0577224	0.00633623	0.05101	0.0183927	0.0102178	0.103542	0.0179714	0.00656446	0.136525	0.00203218	0.0933601	0.0684185	0.17295	0.0587724	0.00832697	0.000137408	0.00651918
139	0.0119463	0.000971546	0.00155464	0.0664242	0.00170084	0.0052508	0.0477476	0.0428165	0.112445	0.122954	0.0394572	0.00940412	0.000950068	0.0278883	0.290476	0.0144134	0.121846	0.0692959	0.00545602	0.00700249
140	0.0218758	0.000662207	0.002098	0.00844355	0.0892026	0.00405674	0.00920738	0.103593	0.00575733	0.540988	0.0527314	0.00365545	0.00474712	0.00495283	0.0142332	0.0110608	0.0177232	0.092267	0.00179933	0.0109444
141	0.0166751	0.000482782	0.000725981	0.00666528	0.0354659	0.00264958	0.00273474	0.0842027	0.00469251	0.675401	0.0485751	0.00312083	0.0038002	0.00434828	0.0237128	0.00685974	0.0156508	0.0591472	0.00163119	0.00345879
142	0.0856839	0.00138884	0.0882495	0.0585244	0.00621764	0.0528056	0.0197163	0.0100224	0.104662	0.0200113	0.00700639	0.133626	0.00088749	0.101375	0.073456	0.165806	0.0561324	0.00754201	0.000137413	0.00674903
143	0.182305	0.00647002	0.0240781	0.025707	0.00427804	0.0315619	0.0184151	0.0134176	0.115268	0.0135041	0.00800417	0.0723541	0.0188825	0.0369256	0.0823133	0.208844	0.118438	0.0150873	0.000228155	0.00391779
144	0.666231	0.000931398	0.00119291	0.00900517	0.00098176	0.0379487	0.0012021	0.00150552	0.00561645	0.00265728	0.00103006	0.00205358	0.000970188	0.00220496	0.00203194	0.2459	0.00564885	0.0112017	0.000469688	0.00121711
145	0.0573649	0.00138255	0.00237319	0.0162016	0.00239041	0.0165706	0.0162186	0.0902558	0.210637	0.0208941	0.100141	0.00418128	0.00173644	0.0751496	0.124096	0.0204695	0.0675915	0.168643	0.00117055	0.00253241
146	0.0737579	0.00130134	0.0664505	0.0544265	0.0041793	0.0457485	0.0135809	0.00707788	0.139609	0.0279646	0.0152778	0.0942735	0.000912962	0.126246	0.103843	0.150114	0.0624694	0.00795655	0.000326152	0.00448347
147	0.24444	0.00844413	0.000726878	0.00105516	0.0169945	0.0177856	0.000962017	0.110522	0.00114918	0.0626464	0.0228266	0.0118468	0.0206305	0.00104378	0.00211556	0.0909364	0.098541	0.276512	0.00025241	0.010569
148	0.00353479	0.000758131	0.00130191	0.00171908	0.706892	0.00213121	0.00458487	0.00307993	0.0020255	0.106371	0.0211196	0.00233471	0.00096011	0.00383086	0.00197169	0.00738858	0.00688811	0.00797582	0.00701582	0.108116
149	0.141455	0.000483567	0.22684	0.304129	0.000833772	0.0471614	0.00763008	0.00998111	0.0194356	0.0148652	0.00520843	0.0384432	0.000567401	0.0918486	0.0131399	0.0308047	0.020475	0.0255936	0.000317078	0.000788129
150	0.00362134	0.000737675	0.0014433	0.00179747	0.707512	0.00218254	0.00477307	0.00322998	0.00205951	0.107909	0.0210086	0.00243183	0.000945538	0.00390246	0.0020744	0.00740014	0.00679874	0.0081356	0.00694382	0.105094
151	0.354451	0.000922203	0.00183178	0.00258517	0.00172621	0.548772	0.00299805	0.00333107	0.00435242	0.00765896	0.00195231	0.00327493	0.00146315	0.00365924	0.00917732	0.040626	0.00464399	0.0051285	0.000566974	0.000879092
152	0.0283208	0.00353137	0.173896	0.012687	0.00751957	0.0100275	0.055325	0.0520946	0.0786738	0.0419645	0.0405399	0.161536	0.00361287	0.0588113	0.0361782	0.0229624	0.0181181	0.074384	0.0330332	0.0867843
153	0.0663603	0.000914353	0.00762685	0.0334525	0.00176395	0.0235031	0.00433108	0.00264354	0.245717	0.0209304	0.0300659	0.0746284	0.00694584	0.0631389	0.185109	0.125913	0.100239	0.00416	0.000600822	0.00195652
154	0.00805855	0.0011916	0.00315601	0.00353922	0.0721068	0.00399306	0.301999	0.0101026	0.0032865	0.0112793	0.00409717	0.0414815	0.00229406	0.00341288	0.00415436	0.0221433	0.0065016	0.0109751	0.00124784	0.484979
155	0.00927157	0.00054737	0.00124355	0.0204175	0.00417446	0.00579523	0.0114174	0.00455063	0.161304	0.0222968	0.0110339	0.00907065	0.00224446	0.080268	0.627005	0.0175848	0.00387789	0.00205889	0.00322417	0.00261369
156	0.160847	0.00295454	0.0347589	0.0214944	0.00430267	0.438327	0.0101243	0.0133202	0.0221862	0.0176401	0.00666429	0.0431801	0.00988864	0.0230358	0.0217032	0.11474	0.0298467	0.018728	0.00229811	0.00396122
157	0.224335	0.0329719	0.00634891	0.0103346	0.00187615	0.00969611	0.00345824	0.00636954	0.0628199	0.019344	0.00376347	0.0616445	0.0401135	0.0135894	0.0219153	0.373352	0.0848659	0.0211571	0.000560536	0.00148441
158	0.00184475	0.00303115	0.00203285	0.000932916	0.317663	0.0038539	0.0320908	0.016481	0.00104758	0.0181557	0.00435228	0.00589739	0.00341367	0.00131349	0.00106132	0.00819986	0.00572245	0.0149002	0.0104971	0.547509
159	0.0916068	0.00114624	0.0905087	0.0609289	0.00756125	0.05814	0.0196431	0.00911449	0.0945082	0.0150929	0.00687545	0.146953	0.00202829	0.0798129	0.0575983	0.183685	0.0560549	0.0115012	0.000147357	0.00709339
160	0.0327299	0.000389831	0.544142	0.025043	0.000835711	0.0329789	0.0115246	0.00320321	0.0150026	0.00191939	0.0011661	0.22132	0.000728651	0.00604855	0.00278861	0.056222	0.0391476	0.00366333	0.000410388	0.000734944
161	0.00174314	0.00379275	0.00185454	0.000949734	0.289262	0.00420866	0.0347498	0.0176982	0.000966975	0.00804892	0.00234838	0.00669445	0.00366581	0.000941919	0.000980684	0.0085411	0.00559925	0.0160923	0.0117334	0.580128
162	0.00843108	0.00329993	0.00757175	0.00432832	0.249445	0.00607165	0.0586352	0.0185156	0.00745162	0.0168367	0.0048979	0.0150815	0.00381774	0.00633949	0.0051983	0.0168139	0.00808372	0.0176994	0.0097657	0.531716
163	0.176975	0.204066	0.0118382	0.0182218	0.00460537	0.0176747	0.00931396	0.0118502	0.0532231	0.0165346	0.0101803	0.0627784	0.0628702	0.0488544	0.061179	0.114911	0.0920338	0.0171469	0.0019314	0.00381081
164	0.0214013	0.00248115	0.268349	0.0285881	0.00265582	0.0245324	0.00767054	0.00425173	0.0139251	0.00719364	0.00350034	0.197278	0.00312828	0.00865011	0.00808273	0.33449	0.0549561	0.00588809	0.000892689	0.00208503
165	0.00184372	0.00333208	0.0019486	0.0011019	0.280005	0.00486453	0.0425703	0.0192683	0.00100118	0.00744583	0.00220972	0.00778021	0.00360231	0.000890075	0.00117301	0.00849218	0.00598976	0.0186828	0.0115875	0.576211
166	0.0120416	0.00304329	0.22313	0.0245586	0.00236284	0.0210754	0.00541454	0.00389175	0.00549852	0.00700966	0.00283183	0.200338	0.00253426	0.00409855	0.00448683	0.411006	0.0587924	0.00494805	0.00103384	0.00190356
167	0.0307514	0.0014243	0.503261	0.092664	0.00352025	0.021957	0.0157516	0.00682678	0.0212431	0.00664447	0.00399764	0.17191	0.00196191	0.0166727	0.0100449	0.0512544	0.0253031	0.00857485	0.00137139	0.00486471
168	0.0656148	0.00358876	0.161701	0.335716	0.0106562	0.0385274	0.0146017	0.0144059	0.0342658	0.0285245	0.0123771	0.0427008	0.0114139	0.0618343	0.0384849	0.0574585	0.0295017	0.0265798	0.00300703	0.00903909
169	0.0261318	0.0030959	0.00329947	0.0113342	0.0355692	0.00612315	0.0201807	0.0909272	0.0105251	0.571703	0.0707762	0.0072349	0.00882437	0.0104525	0.0213121	0.0166544	0.0200224	0.0559002	0.00244822	0.00748532
170	0.0431039	0.00210091	0.00190822	0.00618181	0.0369874	0.011953	0.00673249	0.128851	0.00542016	0.468338	0.0614195	0.00511321	0.00746614	0.00476614	0.00979292	0.0173568	0.0280278	0.140821	0.000831016	0.0128292
171	0.0137885	0.0266786	0.00431133	0.00716824	0.00606337	0.00699526	0.00736038	0.00593297	0.00754195	0.00999254	0.00539915	0.00722976	0.00374683	0.00725373	0.00776907	0.0121149	0.0110191	0.0078925	0.835658	0.00608425
172	0.39183	0.000426488	0.000626643	0.00154492	0.00123157	0.544624	0.000988231	0.00134666	0.00129832	0.00491516	0.00104185	0.00141613	0.000557109	0.00134324	0.00511957	0.0366523	0.00188687	0.00225489	0.000318297	0.000577756
173	0.576499	0.00266031	0.00715541	0.0100813	0.0015747	0.126505	0.0026377	0.00464631	0.0101691	0.00597395	0.00244667	0.00931664	0.0041992	0.00581711	0.00713108	0.188092	0.0179938	0.0150833	0.000477263	0.00154099
174	0.708027	0.00562615	0.000687811	0.0014562	0.000691387	0.018136	0.00105006	0.00792186	0.0010711	0.0159284	0.000837037	0.00629035	0.00403672	0.00623383	0.00113696	0.0965947	0.0884837	0.0346477	0.000376788	0.000766401
175	0.0159175	0.0246903	0.0055475	0.00788139	0.0101899	0.00743535	0.00755814	0.00697308	0.00667668	0.0133266	0.00629498	0.00835744	0.00407232	0.00716763	0.00753058	0.0142059	0.0111948	0.00933369	0.816482	0.00916443
176	0.0112267	0.000342405	0.000620172	0.00480954	0.0243837	0.00300505	0.00322493	0.094479	0.00604282	0.690274	0.063937	0.00367433	0.00500436	0.00536131	0.0125939	0.00633867	0.0137226	0.0475022	0.000635684	0.00282154
177	0.0145961	0.0018138	0.018602	0.0114635	0.219898	0.00691563	0.118886	0.0207108	0.00690196	0.103028	0.0081737	0.0329064	0.00733153	0.0911727	0.0349089	0.0547854	0.0131404	0.0203413	0.0213346	0.193089
178	0.0103688	0.000484329	0.000942363	0.0309208	0.00481358	0.00449934	0.0150299	0.0076023	0.210191	0.0291145	0.0153146	0.00816908	0.00255918	0.0635781	0.568513	0.00757547	0.00664181	0.00449863	0.00551774	0.00366538
179	0.334636	0.00643086	0.00226381	0.00482431	0.0141993	0.0146907	0.00291399	0.108826	0.00277052	0.0769694	0.0171991	0.00947176	0.0194723	0.00388529	0.00346662	0.0621097	0.0642246	0.243826	0.000631455	0.00718755
180	0.00176477	0.00327663	0.00187798	0.000898775	0.287093	0.00407168	0.0334226	0.0175706	0.000972527	0.00955335	0.00258634	0.00612313	0.00342907	0.000866817	0.000956007	0.00806068	0.00543759	0.0157993	0.010917	0.585322
181	0.0493541	0.000979992	0.00223679	0.0304465	0.0766105	0.00401506	0.00478764	0.0502048	0.0166382	0.547504	0.0419568	0.00406918	0.00147703	0.0050715	0.0488451	0.029932	0.0301287	0.0184695	0.0228785	0.014394
182	0.0881535	0.000977043	0.0952828	0.0645722	0.00799938	0.0565611	0.0183864	0.00883931	0.0931982	0.0139679	0.00700795	0.15722	0.00107222	0.0774658	0.0535741	0.185725	0.0517393	0.0115509	0.000106092	0.00660162
183	0.00573451	0.00194268	0.0232459	0.00844999	0.265162	0.00425999	0.0744909	0.0307599	0.00290752	0.0653006	0.0047382	0.0141826	0.0035071	0.0133472	0.0118441	0.0148295	0.00673013	0.0257601	0.00746583	0.415341
184	0.0261206	0.000242472	0.00317005	0.0138971	0.0227815	0.00133654	0.00540756	0.306261	0.00110991	0.213427	0.0168913	0.00383063	0.0157548	0.00799705	0.00366759	0.00467589	0.0118568	0.33853	0.000259434	0.00278336
185	0.0563708	0.00223736	0.0353818	0.15138	0.0816183	0.0121868	0.00788306	0.0499257	0.0128701	0.125622	0.120104	0.0121776	0.00340275	0.0791326	0.0147432	0.0666792	0.141808	0.0159515	0.00451781	0.0060071
186	0.0664795	0.00209207	0.00480274	0.0128721	0.131573	0.00711934	0.0224539	0.127652	0.0102785	0.335158	0.048058	0.0086757	0.01062	0.012716	0.0155358	0.0259145	0.02853	0.107493	0.00395639	0.018019
187	0.056312	0.00820662	0.10643	0.0319003	0.0047342	0.109891	0.0108057	0.00859961	0.0282405	0.0111729	0.00551521	0.155063	0.00772131	0.0235671	0.0202474	0.316803	0.0776378	0.0107661	0.00157985	0.00480712
188	0.0133822	0.0245382	0.00508525	0.00714718	0.00921396	0.00680709	0.0105048	0.00654298	0.00662606	0.0134157	0.00575868	0.00814566	0.00413099	0.00820109	0.00722061	0.0126364	0.010503	0.00911384	0.820124	0.010902
189	0.0388473	0.000844845	0.400412	0.379218	0.0018578	0.0143436	0.00752194	0.00411011	0.00786931	0.00621644	0.00287333	0.0540459	0.00134047	0.0280137	0.00812021	0.0249042	0.00932723	0.00804455	0.000655609	0.00143338
190	0.153556	0.0798371	0.0502173	0.0237141	0.00354728	0.0155245	0.0087868	0.00552391	0.0263557	0.0279702	0.00433792	0.128274	0.00964443	0.0110553	0.0185251	0.321662	0.0966517	0.0105123	0.000992254	0.00331246
