289	20
1	0.0279066	0.0701668	0.00916848	0.00930084	0.104126	0.0397964	0.0725042	0.0115236	0.0132925	0.0226637	0.0098605	0.0365702	0.00469552	0.0235267	0.0408021	0.120011	0.02511	0.020204	0.148505	0.190266
2	0.0131329	0.0885789	0.00337703	0.00412907	0.0837502	0.0504533	0.0966233	0.00405946	0.00504763	0.00756533	0.0027353	0.0290809	0.00214803	0.0243643	0.0498767	0.174543	0.0201649	0.00745635	0.0877648	0.245148
3	0.00685748	0.00315992	0.00717426	0.0146796	0.00113079	0.00756572	0.0188582	0.0116881	0.386139	0.00353259	0.0196396	0.0370706	0.00218919	0.0445986	0.389883	0.0186191	0.015471	0.00522695	0.00267643	0.00384075
4	0.0217828	0.00109592	0.412903	0.322862	0.00212614	0.033935	0.0174612	0.0043026	0.0269432	0.00400498	0.000634327	0.0598065	0.00166003	0.0270603	0.0151592	0.0351578	0.00500752	0.00469242	0.00269411	0.000710166
5	0.127671	0.00649547	0.00412769	0.00593268	0.0875227	0.0260211	0.0271228	0.0809205	0.0270184	0.366686	0.00564207	0.00752325	0.00244996	0.00611341	0.00708484	0.0606906	0.109528	0.03416	0.00190744	0.00538157
6	0.218191	0.0614205	0.0408443	0.058466	0.0184641	0.161429	0.013518	0.0270737	0.00531286	0.036663	0.00725385	0.029091	0.00814369	0.0067578	0.0293288	0.093549	0.0639431	0.110068	0.00251649	0.00796481
7	0.144891	0.109117	0.0197038	0.00620425	0.107995	0.0619604	0.00707789	0.0263857	0.00465767	0.0913825	0.00326848	0.0682871	0.00170374	0.00383903	0.00724129	0.0859285	0.0608173	0.0784458	0.0187951	0.0922981
8	0.044779	0.0513244	0.012163	0.0137323	0.0202388	0.544789	0.0227636	0.00747346	0.0131353	0.0127653	0.00542753	0.0188521	0.00537997	0.0166753	0.0215525	0.0609064	0.0162981	0.0185511	0.0590267	0.0341658
9	0.0161124	0.000689793	0.440881	0.349007	0.00224723	0.0247078	0.0183881	0.00364838	0.0217757	0.00387248	0.000488225	0.0521604	0.000459285	0.0243071	0.0103831	0.021975	0.00261333	0.00271681	0.00306999	0.000497508
10	0.00621642	0.014069	0.000700435	0.0011333	0.702741	0.000963745	0.00852084	0.0120869	0.000947277	0.0503293	0.000807016	0.00210986	0.00055648	0.00111487	0.00133545	0.0113023	0.00144322	0.0469738	0.00192453	0.134724
11	0.0738643	0.0327224	0.0141441	0.0222618	0.0262285	0.0173133	0.0363146	0.0381301	0.0320075	0.160497	0.037818	0.0373245	0.0169144	0.0397554	0.0434082	0.217936	0.0686361	0.0526627	0.00768326	0.0243775
12	0.0183245	0.0455062	0.00740495	0.00812306	0.10509	0.00515163	0.0184487	0.20129	0.0112396	0.179841	0.116848	0.0216844	0.00529447	0.0162959	0.0135776	0.033542	0.0553978	0.0661705	0.00238058	0.0683894
13	0.556284	0.0159748	0.0070308	0.0157092	0.00243968	0.0277907	0.00510763	0.00404948	0.00709048	0.00475409	0.00338132	0.0144221	0.0198405	0.00798361	0.00767746	0.225406	0.0524274	0.00853779	0.0061136	0.00797913
14	0.0886919	0.00228736	0.00136485	0.00608697	0.0214041	0.00574334	0.00448079	0.161985	0.00706764	0.148543	0.0621344	0.00629677	0.00127281	0.00288627	0.0140307	0.0277891	0.0468556	0.386688	0.000536362	0.00385575
15	0.037982	0.00247748	0.00046005	0.0026434	0.000361983	0.000563454	0.000584612	0.199674	0.000578084	0.0107047	0.00186523	0.00076801	0.00026779	0.000609886	0.000746996	0.00144883	0.00465909	0.730519	0.000217436	0.002868
16	0.0406448	0.0239679	0.0493287	0.0574486	0.0135078	0.0259522	0.0975144	0.0142237	0.0801952	0.0329953	0.0139596	0.0585466	0.0266835	0.218318	0.095256	0.074181	0.0326135	0.0200138	0.00703048	0.0176189
17	0.18226	0.00906488	0.0067593	0.0118357	0.00741243	0.663542	0.00400781	0.00510548	0.00627924	0.00576507	0.0023522	0.00886199	0.00407686	0.00817651	0.0072588	0.0344372	0.011498	0.0128454	0.00549757	0.00296325
18	0.0479688	0.0250863	0.0869935	0.0537254	0.0132585	0.0349879	0.0755637	0.0159837	0.0668028	0.0209042	0.00929761	0.19089	0.0101512	0.0636237	0.0690302	0.123608	0.0427685	0.0199037	0.00809965	0.0213524
19	0.0809109	0.00614374	0.0394954	0.0493467	0.0215891	0.0330231	0.0416278	0.00897738	0.0258658	0.00639525	0.00355519	0.0757138	0.042236	0.146726	0.0424193	0.325369	0.0330532	0.011667	0.0014716	0.00441349
20	0.147883	0.0014982	0.00109734	0.0072614	0.0373238	0.00974563	0.00691302	0.117316	0.0112275	0.0969545	0.0391693	0.00770564	0.000779037	0.00231589	0.020404	0.0284214	0.0825877	0.3787	0.00039978	0.00229638
21	0.00993406	0.0218316	0.00101762	0.00131183	0.0760654	0.00124816	0.00268227	0.258511	0.00148088	0.416598	0.124924	0.00531643	0.000782568	0.00205264	0.00182486	0.00500619	0.0214611	0.0359743	0.000522806	0.0114533
22	0.0469021	0.00362765	0.215433	0.372273	0.00320117	0.0380984	0.014202	0.0121108	0.0597742	0.00832635	0.00445081	0.0320166	0.0130087	0.0559544	0.0296626	0.0420228	0.0168291	0.0272524	0.0027044	0.00214976
23	0.0179774	0.00309146	0.493674	0.197031	0.00844431	0.0192973	0.0378932	0.00536748	0.0174876	0.00585065	0.0022321	0.084014	0.00333181	0.0294777	0.0117819	0.0238308	0.0138285	0.016058	0.00348729	0.00584364
24	0.0214227	0.0283297	0.0027823	0.00407422	0.00803244	0.0228806	0.294007	0.00311443	0.0229783	0.0207544	0.0186509	0.0516192	0.00180154	0.333077	0.0518151	0.0183443	0.00515213	0.00461994	0.00133757	0.0852069
25	0.0351773	0.241605	0.00849732	0.00888307	0.0187353	0.135392	0.0194991	0.0102195	0.0130813	0.015966	0.00594709	0.0303744	0.00442477	0.0137534	0.0282272	0.237026	0.0225955	0.0577824	0.0661846	0.0266285
26	0.00353615	0.0480028	0.0240138	0.0561306	0.00562299	0.00554926	0.120766	0.0064057	0.144529	0.0180257	0.00818187	0.0451084	0.00112409	0.249875	0.201604	0.0271445	0.0123351	0.0127201	0.00841075	0.00091554
27	0.0143022	0.000945167	0.00063225	0.000909988	0.0201639	0.000827906	0.00469935	0.207076	0.000911038	0.347316	0.0301686	0.00510249	0.000428937	0.00505735	0.00243633	0.00901364	0.0100138	0.330573	0.00033095	0.00909172
28	0.0152339	0.00241233	0.468849	0.262426	0.0128254	0.0171396	0.0330372	0.00454593	0.0171191	0.00473314	0.00152152	0.0818164	0.00173915	0.0244647	0.0086761	0.0171709	0.00939383	0.0103051	0.0023523	0.00423856
29	0.088215	0.00755425	0.0144095	0.0233129	0.00417048	0.0205986	0.0123555	0.0579641	0.0121954	0.0111541	0.00527892	0.0165181	0.120783	0.0285242	0.0138734	0.277107	0.187431	0.0921829	0.00221944	0.00415199
30	0.308968	0.00786791	0.00380029	0.0116463	0.00509414	0.519556	0.00376844	0.0029879	0.00435622	0.00410969	0.00174761	0.00625037	0.00606327	0.00527036	0.00522347	0.06862	0.0146272	0.00915931	0.00604053	0.00484223
31	0.0650774	0.0210039	0.0081048	0.00773704	0.00153645	0.00203571	0.011048	0.00206585	0.0430379	0.00269127	0.00113405	0.0216424	0.422967	0.0243422	0.0478136	0.295256	0.0169301	0.0030656	0.000828913	0.00168244
32	0.085227	0.0139744	0.0554633	0.0986236	0.0610127	0.0421907	0.0214194	0.0801151	0.0245358	0.118022	0.0596971	0.0228444	0.0128939	0.0577648	0.0229612	0.0630509	0.0286802	0.109133	0.00194209	0.020448
33	0.0531949	0.0150533	0.0114639	0.0158748	0.012394	0.0116211	0.0119497	0.115784	0.0136544	0.0245982	0.0174231	0.0181904	0.0238279	0.0106359	0.0154501	0.235105	0.230303	0.147577	0.00360542	0.0122939
34	0.0060984	0.0139878	0.000669329	0.00114901	0.704956	0.000961664	0.00856313	0.0112328	0.00091964	0.0494335	0.000693732	0.00202179	0.000542635	0.00105969	0.00126646	0.0112032	0.00138025	0.0463146	0.00196101	0.135585
35	0.037982	0.00247748	0.00046005	0.0026434	0.000361983	0.000563454	0.000584612	0.199674	0.000578084	0.0107047	0.00186523	0.00076801	0.00026779	0.000609886	0.000746996	0.00144883	0.00465909	0.730519	0.000217436	0.002868
36	0.0557971	0.0112161	0.00604248	0.0121266	0.00921921	0.757986	0.00673169	0.00595311	0.0126105	0.00852902	0.00365046	0.0136485	0.00236127	0.0120997	0.0125581	0.0328054	0.0109132	0.0115598	0.00871978	0.00547228
37	0.037982	0.00247748	0.00046005	0.0026434	0.000361983	0.000563454	0.000584612	0.199674	0.000578084	0.0107047	0.00186523	0.00076801	0.00026779	0.000609886	0.000746996	0.00144883	0.00465909	0.730519	0.000217436	0.002868
38	0.0387496	0.0229996	0.00536706	0.00493491	0.35202	0.0135811	0.0727149	0.0222007	0.00615149	0.0507517	0.00789688	0.0185675	0.00415319	0.0186204	0.0137613	0.0491224	0.0120066	0.0269916	0.015008	0.244401
39	0.0494535	0.00835618	0.416589	0.117335	0.0136003	0.0215624	0.0319391	0.0167843	0.0169483	0.0164076	0.00844754	0.0719205	0.0107442	0.0273867	0.0144292	0.0368601	0.0374804	0.0671507	0.00365979	0.012945
40	0.056189	0.015341	0.00971171	0.015829	0.0519633	0.653639	0.0123552	0.00960626	0.0100508	0.0151723	0.00444901	0.0145427	0.00420609	0.0115017	0.0114501	0.0387232	0.0158314	0.0175037	0.00888476	0.0230495
41	0.0289933	0.0248348	0.0434863	0.028919	0.0184989	0.0181348	0.28935	0.0134692	0.0309391	0.0336273	0.0105249	0.0870985	0.0190949	0.123581	0.0720749	0.0555107	0.0284025	0.0202167	0.0103394	0.042904
42	0.105935	0.00674152	0.0146183	0.033088	0.00743919	0.71343	0.00503404	0.00588468	0.00681821	0.00609047	0.00328422	0.00736486	0.00473792	0.00957224	0.00693456	0.0308885	0.013044	0.0117306	0.00468112	0.00268271
43	0.0502513	0.0131841	0.0251866	0.040371	0.00786642	0.523454	0.0219252	0.00690624	0.0303466	0.0118536	0.00495757	0.0340689	0.0131196	0.0711112	0.0373288	0.0584502	0.022383	0.0159669	0.00547775	0.00579058
44	0.123501	0.00423753	0.0181572	0.00751377	0.00246762	0.0155993	0.13591	0.00726017	0.0220302	0.0436443	0.0026062	0.0333203	0.226325	0.0464626	0.0119565	0.128606	0.108044	0.0172581	0.00104695	0.044053
45	0.0167728	0.000737392	0.443559	0.343816	0.00242646	0.0242599	0.0193726	0.00373912	0.0211516	0.00387379	0.0005577	0.0526846	0.000621714	0.0244222	0.0101453	0.0218371	0.00296721	0.00296884	0.00344463	0.000641599
46	0.424434	0.0355201	0.00535244	0.00632468	0.00825175	0.00816389	0.00606979	0.0149294	0.00721576	0.0121079	0.0153392	0.0107953	0.00391858	0.00776596	0.0137933	0.0620816	0.310335	0.0368093	0.00238158	0.00841033
47	0.692781	0.010588	0.00197645	0.010302	0.00167299	0.0299791	0.00255189	0.00277242	0.00272298	0.00352039	0.00272825	0.0031248	0.0151661	0.00322346	0.00376196	0.15409	0.0358061	0.00610274	0.00779042	0.00933828
48	0.00530103	0.0743593	0.0126615	0.0400935	0.00569268	0.00695268	0.105699	0.00720134	0.132933	0.0159068	0.00791592	0.0395879	0.00402108	0.182245	0.296675	0.0265193	0.011755	0.0131184	0.00848243	0.00287849
49	0.00642197	0.0133638	0.000704289	0.00115781	0.691761	0.00099493	0.0124026	0.00931167	0.000971566	0.0442799	0.000781565	0.00221804	0.000513254	0.00108666	0.00135395	0.00901297	0.00141097	0.0357323	0.00240958	0.164111
50	0.0367417	0.00353627	0.000504094	0.00236952	0.000382038	0.000550499	0.000625568	0.240369	0.000593335	0.0173965	0.00525616	0.000768019	0.000636317	0.000636905	0.000693796	0.00222536	0.00632548	0.677419	0.00020748	0.00276311
51	0.100171	0.192052	0.00674944	0.00802052	0.00713891	0.0113912	0.0100638	0.00972308	0.0144715	0.0194809	0.00566545	0.168228	0.00418153	0.0116322	0.0914421	0.172054	0.143037	0.0117032	0.00396568	0.00882957
52	0.0161332	0.000690797	0.445678	0.340679	0.00213462	0.0245345	0.0191813	0.00375483	0.0216479	0.00386105	0.000494373	0.0544873	0.000470731	0.0245166	0.0103574	0.0224149	0.00267334	0.00273691	0.00300574	0.000547188
53	0.0108373	0.0103505	0.00310418	0.00438262	0.00617752	0.0104227	0.41488	0.00388949	0.00419987	0.00542087	0.00280213	0.300318	0.00159317	0.0361635	0.0337092	0.0499941	0.0226378	0.00530007	0.0180765	0.0557412
54	0.00509954	0.0100253	0.000764127	0.00105742	0.0390647	0.000977022	0.00112196	0.171436	0.00103038	0.581009	0.123623	0.00309732	0.000559326	0.00116556	0.00145671	0.0033382	0.0119217	0.0379359	0.000329763	0.00498671
55	0.0193105	0.0185624	0.00211088	0.00258449	0.619735	0.00417366	0.0120009	0.0184211	0.00273398	0.0770714	0.00233027	0.00692471	0.0010104	0.00291753	0.00287685	0.0272657	0.00646764	0.0520123	0.00253079	0.11896
56	0.0369727	0.0414574	0.0112746	0.00858718	0.214583	0.00611517	0.0440709	0.144753	0.0141088	0.164376	0.0273958	0.042446	0.0079343	0.0264294	0.0177634	0.0232889	0.0175148	0.0684216	0.00254625	0.0799602
57	0.532778	0.00555408	0.0017491	0.00186106	0.0122272	0.00247751	0.00232332	0.022234	0.00242575	0.0128305	0.0305441	0.00304569	0.00116451	0.00225622	0.0113799	0.0788645	0.191826	0.0737348	0.000717267	0.0100067
58	0.202421	0.00861293	0.00644614	0.0127901	0.00320659	0.0238192	0.0058585	0.00515951	0.0273586	0.0289513	0.00432438	0.0104775	0.00713165	0.077709	0.0922705	0.259037	0.213126	0.00659079	0.00148577	0.00322277
59	0.0505613	0.00129081	0.269441	0.381871	0.00210166	0.0530593	0.0115647	0.00881237	0.0432112	0.00509199	0.00158967	0.0298597	0.0102262	0.0526966	0.0144425	0.034475	0.00952595	0.0175779	0.00174716	0.000853234
60	0.00629409	0.00512363	0.0556105	0.0650141	0.00947177	0.0378011	0.127187	0.00786917	0.0562997	0.00501722	0.00361871	0.0990502	0.0172173	0.22337	0.101378	0.108314	0.0560031	0.00499472	0.00192787	0.00843779
61	0.0196131	0.0066179	0.0005338	0.000837036	0.00099135	0.000697587	0.000700099	0.525087	0.000834056	0.0609798	0.0293731	0.0010286	0.00303687	0.000814485	0.00111721	0.00812688	0.0105342	0.326574	0.000215631	0.0022873
62	0.074304	0.0221328	0.0722072	0.0219153	0.004965	0.0233017	0.0145175	0.0111218	0.0188365	0.0102957	0.00514483	0.0410544	0.015909	0.0174931	0.0148717	0.387013	0.213839	0.0230319	0.00227042	0.00577574
63	0.261714	0.0338674	0.0463927	0.162246	0.00308303	0.0184703	0.00486422	0.034543	0.00338964	0.00932075	0.0298464	0.00687925	0.0515013	0.0139127	0.0192931	0.120581	0.104106	0.0733207	0.000953032	0.00171543
64	0.0154611	0.00075226	0.445655	0.339345	0.00237568	0.0237224	0.0196359	0.00391124	0.0209777	0.00378355	0.000482902	0.0571007	0.000494652	0.0241505	0.0100729	0.0226868	0.00288722	0.0028834	0.00289816	0.000722772
65	0.211188	0.00226208	0.00288182	0.00829919	0.0296004	0.0139334	0.00601838	0.0817485	0.0116813	0.0490148	0.0358929	0.00640845	0.00234313	0.00260102	0.0159301	0.0306426	0.10854	0.37909	0.000675202	0.00124977
66	0.00959663	0.0110687	0.00091311	0.00114871	0.0439034	0.00104269	0.00187863	0.323784	0.0010412	0.338927	0.102754	0.00411723	0.000780472	0.00214352	0.00175504	0.00563086	0.0175831	0.124409	0.00043031	0.00709225
67	0.00372438	0.0422884	0.0145884	0.0491773	0.0049334	0.0118744	0.0896717	0.00607772	0.187631	0.0161343	0.0079917	0.0433398	0.00200514	0.181519	0.264264	0.0385853	0.0179227	0.0102627	0.00626976	0.00173914
68	0.0300251	0.00613042	0.0564386	0.0474989	0.00110979	0.136667	0.00278542	0.00336015	0.179769	0.00248757	0.0044783	0.161002	0.00101165	0.0580465	0.163583	0.134725	0.00557234	0.00296071	0.000680433	0.00166825
69	0.642125	0.0116123	0.00603245	0.0128187	0.0016973	0.0361436	0.00363036	0.00353961	0.00433039	0.00383451	0.0025321	0.00627096	0.0173566	0.00497079	0.00509739	0.166415	0.0472994	0.0085426	0.00745222	0.00829891
70	0.0060984	0.0139878	0.000669329	0.00114901	0.704956	0.000961664	0.00856313	0.0112328	0.00091964	0.0494335	0.000693732	0.00202179	0.000542635	0.00105969	0.00126646	0.0112032	0.00138025	0.0463146	0.00196101	0.135585
71	0.206835	0.0242503	0.00790585	0.101869	0.00308673	0.00428974	0.0273342	0.00800474	0.0800115	0.0960491	0.0234855	0.0118149	0.00238073	0.0793559	0.127391	0.127067	0.0424656	0.0212518	0.00210556	0.00304633
72	0.232934	0.014148	0.0214037	0.188272	0.00309053	0.0102524	0.0165439	0.00921394	0.0701625	0.054922	0.0106377	0.011705	0.00413765	0.095908	0.101239	0.105366	0.0281452	0.016953	0.0016438	0.00332226
73	0.0956446	0.00622813	0.00460212	0.0245367	0.0185665	0.0118523	0.00717943	0.119199	0.0298888	0.0793135	0.103673	0.0257212	0.00440809	0.00607554	0.0211567	0.0332988	0.18116	0.219649	0.0021024	0.00574482
74	0.0230574	0.00102221	0.388327	0.353729	0.00323196	0.0298824	0.0180269	0.00489512	0.0301791	0.00452835	0.00109637	0.0493842	0.00398381	0.0332293	0.0125885	0.0235328	0.00608923	0.00945211	0.00241734	0.00134726
75	0.0162711	0.0007229	0.437225	0.350774	0.00224256	0.025088	0.0181491	0.00380417	0.022238	0.00400413	0.000485069	0.0516739	0.000521333	0.0246108	0.0110289	0.0220104	0.00267804	0.00293518	0.00302836	0.000509022
76	0.0645243	0.00312881	0.273801	0.247865	0.00214493	0.0936812	0.0142433	0.00697215	0.0463849	0.00545031	0.00163233	0.065476	0.00787895	0.033141	0.0290374	0.0742944	0.0164187	0.0109016	0.00189681	0.00112739
77	0.0154521	0.0447422	0.00334603	0.00357118	0.397826	0.0222269	0.0450679	0.00835604	0.0031912	0.0305861	0.00296976	0.0139346	0.00174385	0.0108153	0.0219198	0.0747005	0.0134401	0.0242139	0.0610362	0.20086
78	0.011605	0.0234058	0.000999535	0.00129157	0.0873901	0.00143684	0.00326742	0.279222	0.00139555	0.374824	0.126146	0.00530172	0.000724505	0.0015907	0.00176906	0.00512428	0.0255164	0.0358207	0.000565542	0.0126029
79	0.150711	0.00381715	0.0701659	0.0381547	0.00295474	0.0603054	0.0225669	0.0115469	0.0515421	0.00372898	0.00170822	0.101274	0.00725023	0.0173244	0.0137515	0.287926	0.106463	0.0408089	0.000909041	0.00709134
80	0.0158022	0.00225138	0.000628772	0.00090561	0.025339	0.00100535	0.00640182	0.197183	0.00110095	0.367523	0.0305991	0.00579055	0.000433703	0.00474057	0.0024838	0.00937128	0.0121526	0.305906	0.000333823	0.0100472
81	0.0753591	0.00433738	0.00200829	0.00595543	0.00888497	0.00533893	0.00404203	0.188455	0.00790839	0.0642413	0.0192774	0.00577722	0.00447766	0.0052031	0.0128564	0.0135937	0.0303096	0.537148	0.00085397	0.00397177
82	0.157387	0.00881564	0.00503633	0.0951182	0.00318329	0.00457749	0.0257713	0.0208404	0.0799222	0.0217903	0.00624307	0.027342	0.00337249	0.064225	0.219246	0.178797	0.0622896	0.0111548	0.00146353	0.00342333
83	0.0166169	0.00171183	0.0141885	0.0188042	0.00168797	0.00622583	0.0105047	0.0194237	0.429465	0.00453766	0.0324112	0.0491261	0.00274134	0.0667267	0.255417	0.0232471	0.0316428	0.00679736	0.00172043	0.00700325
84	0.0928474	0.0124965	0.0201467	0.0240917	0.00380297	0.0216803	0.032767	0.0115977	0.0313837	0.0184935	0.00418843	0.0242224	0.326868	0.050833	0.0391948	0.187626	0.0623079	0.0255848	0.00148244	0.00838483
85	0.0556454	0.00773082	0.0527778	0.00980366	0.00457351	0.0279449	0.112178	0.00570792	0.008384	0.178774	0.0264064	0.0606513	0.0284877	0.26008	0.0076794	0.0757849	0.0371021	0.0304102	0.00184926	0.00802932
86	0.00753269	0.0146026	0.00110404	0.0014956	0.0591007	0.00150992	0.00136823	0.344517	0.00137821	0.337766	0.147327	0.00388048	0.000693525	0.00170745	0.00195856	0.00473708	0.0237753	0.0374218	0.000541175	0.00758337
87	0.510045	0.00790145	0.00791516	0.0109741	0.0108837	0.0152092	0.00431662	0.0221353	0.00588462	0.0157237	0.0188296	0.00910601	0.0118346	0.00745991	0.0114367	0.0945443	0.126225	0.10025	0.00200058	0.00732483
88	0.0542544	0.0393898	0.00460979	0.0043005	0.00111625	0.0151018	0.00159632	0.00149033	0.00645145	0.00280407	0.00110701	0.0149771	0.000814445	0.00446673	0.0036158	0.597373	0.242554	0.0023575	0.00058518	0.00103484
89	0.206294	0.00143879	0.00115971	0.00537223	0.0313073	0.0102685	0.00567337	0.0832014	0.012457	0.051416	0.0375576	0.00584998	0.000770176	0.00173874	0.0162217	0.0279417	0.104153	0.395488	0.000563123	0.00112747
90	0.0565379	0.0079799	0.0053304	0.0138964	0.0140251	0.777142	0.00459236	0.00487342	0.00899995	0.00669077	0.0026234	0.0110712	0.00527396	0.0115654	0.00998272	0.0292227	0.00937678	0.00874224	0.0064711	0.00560202
91	0.0442763	0.0415701	0.00423547	0.00351505	0.00102246	0.0143274	0.00149401	0.00138199	0.00645196	0.00194355	0.00101458	0.0157229	0.000731193	0.002552	0.00210088	0.61003	0.243961	0.00211485	0.000584323	0.000970147
92	0.0680033	0.175955	0.0176312	0.0195763	0.0398245	0.0459644	0.0462704	0.0286943	0.0299122	0.0421831	0.016901	0.0522918	0.0156861	0.0373172	0.0586202	0.149132	0.062508	0.0378269	0.0224576	0.0332439
93	0.0591324	0.181811	0.0161537	0.0187381	0.052546	0.0475802	0.036133	0.0385762	0.0288285	0.0491176	0.0182647	0.0451111	0.00975705	0.0306252	0.0694485	0.139818	0.0523002	0.0403248	0.025198	0.0405356
94	0.0151908	0.00647751	0.00850171	0.00518016	0.0213642	0.00357931	0.00814113	0.0976872	0.00860803	0.590108	0.0968359	0.00812912	0.00355175	0.008556	0.00854232	0.0122934	0.0136512	0.07313	0.00344733	0.00702475
95	0.208302	0.00134263	0.00110556	0.00544566	0.0323591	0.0101991	0.00566711	0.0851036	0.011849	0.0525218	0.0373386	0.00599471	0.000840699	0.00174023	0.0164152	0.0277005	0.101148	0.3934	0.000511609	0.00101443
96	0.157048	0.0602288	0.0248437	0.0269035	0.0210451	0.311816	0.0110515	0.0198437	0.00742469	0.0274037	0.0042744	0.0307777	0.00528395	0.00908988	0.020719	0.100546	0.0596825	0.0844506	0.00564164	0.0119252
97	0.037982	0.00247748	0.00046005	0.0026434	0.000361983	0.000563454	0.000584612	0.199674	0.000578084	0.0107047	0.00186523	0.00076801	0.00026779	0.000609886	0.000746996	0.00144883	0.00465909	0.730519	0.000217436	0.002868
98	0.020351	0.00637417	0.000494441	0.000898351	0.000979385	0.000666969	0.000702251	0.510746	0.000831542	0.0589114	0.0281866	0.00103061	0.00291518	0.000822708	0.00112645	0.0077773	0.0101769	0.344451	0.000212985	0.0023449
99	0.0138198	0.152829	0.00348684	0.00554213	0.0677453	0.0397938	0.0802843	0.00635978	0.00729568	0.0094166	0.00319868	0.0373242	0.00221434	0.0191056	0.0643047	0.181925	0.0338664	0.0107941	0.0933013	0.167393
100	0.0331899	0.00664674	0.0693889	0.054887	0.00135387	0.150928	0.00181103	0.00242031	0.129714	0.00258611	0.00127026	0.180504	0.00119114	0.0572348	0.140455	0.156745	0.00427033	0.00321493	0.000659504	0.0015284
101	0.0398815	0.0198927	0.0429522	0.0336936	0.00245838	0.226028	0.00375781	0.00353199	0.102596	0.004416	0.00204799	0.126587	0.00185077	0.0646287	0.166254	0.142798	0.00698965	0.00522655	0.00191162	0.0024978
102	0.00814015	0.00296886	0.0029265	0.0474311	0.00396466	0.0120672	0.0037857	0.146997	0.0564301	0.0832034	0.172743	0.0487817	0.00194152	0.00367374	0.0280337	0.0246261	0.236482	0.112128	0.00133527	0.00234074
103	0.0128046	0.0043948	0.00106929	0.00113941	0.0192818	0.00114753	0.00268708	0.267271	0.00111531	0.363513	0.0586166	0.00390163	0.00115048	0.00317463	0.00232891	0.00712717	0.0107322	0.232452	0.000320265	0.00577265
104	0.0157338	0.0161853	0.00274276	0.00261103	0.515233	0.00526646	0.0451763	0.0184985	0.00319715	0.0547814	0.00336479	0.00727087	0.0018057	0.00536703	0.00642275	0.0229283	0.00462202	0.0295841	0.00704101	0.232168
105	0.033609	0.00362224	0.000465628	0.00211605	0.000437011	0.000542532	0.00062237	0.272035	0.000596124	0.0223183	0.00757445	0.000765957	0.000828766	0.000629666	0.000691191	0.00270731	0.00692142	0.640591	0.000188593	0.0027378
106	0.643863	0.00943659	0.00779383	0.0177546	0.00572645	0.0253566	0.00600481	0.0116597	0.00778914	0.0125917	0.00719717	0.00932886	0.010492	0.00781373	0.00902185	0.0692529	0.0367979	0.0912259	0.00330674	0.00758595
107	0.0424397	0.0397067	0.00844539	0.0083015	0.00477675	0.0256569	0.0185479	0.00629144	0.0416723	0.00652765	0.0037245	0.220854	0.00538939	0.0139269	0.0175698	0.439995	0.0750721	0.00764537	0.00222921	0.0112277
108	0.21317	0.00196017	0.00156974	0.0053289	0.0286007	0.00977593	0.0055395	0.0750139	0.0110148	0.0760129	0.0345921	0.00606354	0.00108745	0.00206008	0.0149943	0.0290253	0.0984907	0.383776	0.000613245	0.00131067
109	0.0549574	0.00665136	0.00737681	0.0150031	0.00758043	0.790481	0.0049886	0.00413923	0.00985167	0.00503876	0.0025886	0.0116302	0.00505062	0.0117056	0.00984793	0.0268817	0.00935592	0.00823246	0.00622822	0.00241016
110	0.0227194	0.00370223	0.477321	0.205549	0.00630203	0.0218723	0.0340717	0.00533158	0.0199194	0.00532737	0.00178812	0.0799207	0.00400677	0.0285205	0.014261	0.0295966	0.0163697	0.0136825	0.00414811	0.00558962
111	0.0468686	0.0991074	0.00695134	0.00740624	0.0074049	0.0310856	0.0120896	0.00613819	0.0101297	0.00935311	0.00356151	0.0411395	0.00892721	0.00773612	0.0180878	0.504586	0.142036	0.0108036	0.0116465	0.0149408
112	0.00975233	0.00813984	0.0101827	0.0191055	0.00193197	0.008546	0.0284775	0.0125402	0.339275	0.0071895	0.0167848	0.0353949	0.00468697	0.0528338	0.391877	0.0220373	0.0146721	0.00832491	0.00430885	0.00393874
113	0.810093	0.00171596	0.00172265	0.00159703	0.001393	0.00219841	0.0021277	0.00176932	0.00189415	0.00232347	0.00122719	0.00272643	0.000723524	0.00253134	0.00234414	0.00432311	0.00340986	0.154132	0.000687203	0.00106028
114	0.033437	0.0033688	0.000562553	0.0021696	0.002309	0.000707146	0.000889866	0.266748	0.000880251	0.0367049	0.00961989	0.00125917	0.000903796	0.000985613	0.00113487	0.00331315	0.00727836	0.624466	0.000245437	0.00301658
115	0.0093341	0.00127936	0.000658573	0.00104387	0.0149081	0.000816786	0.00316356	0.148951	0.00102081	0.51592	0.0628038	0.00504082	0.000529096	0.00357675	0.00189828	0.00650525	0.00718907	0.209209	0.000384412	0.00576801
116	0.089314	0.00789086	0.00421042	0.010896	0.00807925	0.768112	0.00477727	0.00482399	0.00756441	0.00608259	0.00300279	0.00903586	0.00243457	0.0101481	0.00856849	0.0280717	0.0099791	0.00789646	0.00561076	0.00350113
117	0.0364545	0.00814786	0.0649811	0.0501557	0.00141808	0.166849	0.00217805	0.00249476	0.125961	0.0027024	0.00139883	0.166605	0.00125964	0.0590108	0.142873	0.15641	0.00488947	0.00371607	0.000779533	0.00171487
118	0.0441143	0.00277339	0.148977	0.336264	0.00203561	0.0638701	0.00542243	0.0159545	0.0845111	0.0140408	0.00295066	0.036227	0.00877843	0.085607	0.0511779	0.0401132	0.0152113	0.0389857	0.00129126	0.00169423
119	0.0299422	0.00690769	0.000744507	0.00214521	0.00258228	0.0015335	0.00136665	0.511615	0.00170221	0.0619376	0.0347795	0.00185793	0.0049824	0.00131458	0.00261746	0.0100212	0.0165533	0.304417	0.000270309	0.00270915
120	0.166787	0.00152069	0.00149086	0.0107051	0.0392146	0.0122466	0.00826142	0.106375	0.0146186	0.0567839	0.0402943	0.00927806	0.000867014	0.00235217	0.0239338	0.0294825	0.099515	0.374639	0.000465112	0.00116969
121	0.619873	0.0127689	0.00410853	0.0118789	0.00176693	0.0355144	0.00370014	0.00304516	0.0039727	0.00302598	0.00199123	0.00705315	0.0159812	0.00469401	0.00454435	0.192665	0.0510992	0.00717904	0.00699184	0.00814662
122	0.0133025	0.00327088	0.00310287	0.0857568	0.00587825	0.0196531	0.00482715	0.18479	0.046445	0.0968882	0.140256	0.0320183	0.00215636	0.00433398	0.0302699	0.0196085	0.169043	0.13471	0.0012258	0.00246444
123	0.0542967	0.00947209	0.0357785	0.0782583	0.00748886	0.0274412	0.0488372	0.00829228	0.047683	0.0117616	0.00427435	0.0473092	0.12536	0.167291	0.0809978	0.177625	0.0458687	0.0139295	0.00243797	0.00559673
124	0.00756053	0.00960533	0.000830066	0.00143551	0.0361096	0.00108284	0.00142975	0.191383	0.0013822	0.540723	0.121522	0.00350193	0.000803444	0.00148982	0.00181992	0.00433523	0.0135052	0.0560299	0.000407543	0.00504365
125	0.0400085	0.0687723	0.00430455	0.00314624	0.00335682	0.0166676	0.00435298	0.00329665	0.0105833	0.00653822	0.001796	0.0417761	0.00125446	0.00297687	0.0120153	0.565797	0.201582	0.00462296	0.00237366	0.0047788
126	0.143472	0.00396206	0.056428	0.0413967	0.00319962	0.0351804	0.021835	0.0178102	0.0482303	0.00467767	0.00181641	0.082794	0.00691633	0.0226865	0.0277353	0.291787	0.115246	0.0616296	0.00104078	0.0121555
127	0.016105	0.000797156	0.43147	0.348828	0.00322714	0.0236284	0.0198766	0.00387392	0.0223643	0.00387182	0.000585372	0.055828	0.000950947	0.0255421	0.010075	0.0208936	0.00363786	0.00458585	0.00281681	0.00104216
128	0.0317055	0.0247092	0.0408295	0.0224181	0.0243958	0.0180543	0.282633	0.0121914	0.0379756	0.0333641	0.00999351	0.0927434	0.0143115	0.122941	0.0783188	0.0561779	0.0282706	0.0159666	0.00887098	0.0441286
129	0.0308337	0.0137904	0.0370278	0.0379724	0.00702794	0.0412135	0.0345349	0.0150224	0.218851	0.0142079	0.0144925	0.151444	0.00526232	0.0635496	0.140943	0.10966	0.0400596	0.012966	0.00345075	0.00769007
130	0.801967	0.001755	0.00171175	0.00158024	0.00159988	0.00227989	0.00211506	0.002181	0.00206199	0.00280494	0.00165916	0.00269017	0.000683613	0.00250839	0.00231785	0.00457309	0.004778	0.158992	0.000690695	0.00104969
131	0.0683835	0.106234	0.0027405	0.00432069	0.00287958	0.0731072	0.00509097	0.00435212	0.00489251	0.00541999	0.00260507	0.120491	0.00235678	0.00556696	0.032761	0.527345	0.0150436	0.00763489	0.00456635	0.00420811
132	0.0209927	0.0120905	0.0279146	0.0199105	0.115401	0.00508907	0.0506106	0.156437	0.0363511	0.126926	0.0431423	0.045956	0.0174723	0.0749616	0.0455798	0.0284105	0.0145759	0.0903985	0.00106594	0.0667151
133	0.0502812	0.00169428	0.101192	0.485223	0.00159659	0.0446712	0.0024375	0.0125901	0.0890842	0.00621742	0.00360094	0.00869399	0.0134437	0.0847233	0.0204684	0.0198458	0.0071018	0.0454403	0.00057921	0.00111504
134	0.220455	0.0196872	0.0773771	0.168908	0.00275867	0.0386007	0.00972995	0.0284805	0.00753456	0.00718685	0.0164026	0.0125154	0.0491439	0.0209874	0.0129212	0.151743	0.0999032	0.0526203	0.000962292	0.00208249
135	0.0370445	0.00260253	0.000444648	0.00280991	0.000376154	0.000572818	0.000576803	0.217227	0.000574544	0.0124953	0.00311383	0.000798466	0.000444288	0.000607105	0.000791417	0.00173838	0.00480103	0.709873	0.000228058	0.00288017
136	0.0206918	0.0234824	0.014444	0.0212073	0.00860651	0.0199659	0.0632707	0.0136107	0.200151	0.0189022	0.0130377	0.0385178	0.0162283	0.0557402	0.380911	0.0416546	0.0204652	0.0135347	0.00559311	0.00998547
137	0.00332276	0.0124777	0.0752815	0.0584282	0.00320306	0.00771092	0.155887	0.00341331	0.0697617	0.00629725	0.00310136	0.0931534	0.0031482	0.308293	0.137957	0.0214167	0.0197505	0.00600742	0.00902926	0.0023597
138	0.0176635	0.000917062	0.431678	0.337793	0.00340619	0.0239303	0.0207337	0.00415929	0.0236477	0.00404746	0.000785111	0.0563682	0.00158682	0.0269782	0.0101566	0.0210151	0.00469258	0.00665514	0.00258739	0.0011989
139	0.00297291	0.00242766	0.000937094	0.00129938	0.00600645	0.00102012	0.00148798	0.0611716	0.0012103	0.730553	0.127486	0.00313941	0.000690967	0.00154281	0.00160533	0.00390381	0.00393032	0.0470345	0.00038153	0.0011989
140	0.00368662	0.0527951	0.0155848	0.0489572	0.00871656	0.00532456	0.122311	0.00980015	0.157193	0.0161466	0.0147859	0.0382151	0.00106668	0.224436	0.215926	0.0258238	0.011213	0.0157032	0.0111024	0.00121152
141	0.307295	0.031593	0.0323701	0.0694312	0.00313962	0.0131166	0.00754149	0.0097953	0.0130204	0.0408555	0.0229595	0.0211787	0.00966648	0.0378161	0.0375442	0.218715	0.0998246	0.020393	0.0012351	0.00250884
142	0.0637846	0.0145647	0.00320733	0.00489501	0.0300353	0.0038748	0.0505999	0.00386044	0.0409903	0.351695	0.190973	0.0054584	0.00184707	0.0577095	0.0361732	0.085637	0.00673799	0.00542554	0.019014	0.0235171
143	0.0180247	0.0176014	0.0375569	0.0148129	0.0100795	0.0135704	0.3468	0.00732421	0.0220965	0.0170879	0.006358	0.17875	0.00713574	0.11581	0.0504706	0.0520322	0.0203806	0.00970133	0.00880121	0.0456066
144	0.100502	0.0129407	0.0303633	0.0724782	0.00416422	0.0237815	0.0179622	0.0130226	0.0274213	0.0105894	0.00557538	0.0228674	0.276508	0.0512891	0.0315167	0.202539	0.0624922	0.0285609	0.00164604	0.00377961
145	0.00609095	0.00220398	0.562949	0.0668961	0.0143507	0.00242045	0.0770546	0.00247464	0.00295786	0.00291257	0.00149119	0.182182	0.0012179	0.0241739	0.0035175	0.00595503	0.014027	0.0139266	0.00105602	0.012142
146	0.00840096	0.00240345	0.54611	0.0907746	0.0125811	0.00559831	0.0721751	0.00266863	0.00617202	0.00311971	0.00172397	0.163411	0.00139925	0.027407	0.00599762	0.0104452	0.0137852	0.0139818	0.0013194	0.0105253
147	0.0648484	0.0207066	0.00806615	0.00777454	0.00150868	0.00203439	0.0108991	0.00205905	0.0429229	0.002651	0.00113586	0.0215545	0.423906	0.024335	0.0476792	0.295435	0.0169229	0.00306958	0.000820405	0.0016703
148	0.00348867	0.00929937	0.0782862	0.0572225	0.003274	0.00957207	0.159244	0.00355744	0.0607628	0.00507118	0.00308736	0.0982128	0.00371766	0.310322	0.130594	0.0250132	0.0226467	0.00556564	0.00825618	0.00280592
149	0.0292654	0.00439611	0.000547541	0.00167029	0.00129696	0.000724701	0.000719922	0.364335	0.000788286	0.039981	0.0166335	0.00108051	0.00157386	0.000777073	0.00117718	0.00513114	0.00850998	0.518448	0.00022813	0.00271513
150	0.11649	0.00450978	0.00280332	0.00657293	0.0167332	0.00750168	0.00524303	0.145892	0.0068677	0.0809832	0.0240239	0.00563591	0.00143545	0.00499253	0.0106796	0.0206277	0.0440452	0.49005	0.000725995	0.00418716
151	0.106255	0.00160734	0.00119046	0.00551594	0.0239898	0.00659489	0.00496882	0.140755	0.00789661	0.129253	0.0567281	0.00615548	0.00106751	0.00279796	0.017188	0.0296302	0.0530232	0.401769	0.000453591	0.00316001
152	0.0411724	0.028357	0.00464387	0.00515481	0.040224	0.00588877	0.0493928	0.0112675	0.0265171	0.328331	0.204868	0.00848829	0.0033072	0.0691067	0.0400412	0.0554215	0.00853883	0.00948173	0.011782	0.0480155
153	0.0134463	0.00283374	0.00523549	0.0148453	0.00546631	0.00534746	0.0132741	0.0306607	0.387986	0.0194013	0.0138249	0.0350583	0.0141438	0.0507462	0.317216	0.0136358	0.0235545	0.0272333	0.00204162	0.00404942
154	0.00955227	0.0173803	0.00675651	0.00861945	0.00726814	0.0228554	0.353302	0.00330737	0.0173551	0.018228	0.00623637	0.108717	0.00229825	0.207238	0.100086	0.0268616	0.0125025	0.00352634	0.00275249	0.065157
155	0.0328047	0.00669955	0.0688853	0.0548637	0.00137708	0.150529	0.00187932	0.0024578	0.130322	0.00272968	0.00126892	0.180432	0.001142	0.057658	0.142012	0.155262	0.00428111	0.0032247	0.000666454	0.00150515
156	0.221637	0.00307215	0.00237235	0.00665657	0.029685	0.0102165	0.0053793	0.076909	0.011339	0.0522949	0.0387476	0.00608905	0.0014878	0.00216239	0.0156212	0.0351146	0.112229	0.365969	0.000623871	0.00239334
157	0.0640269	0.0599762	0.023556	0.0259486	0.0400526	0.0490583	0.0443829	0.0224431	0.0369962	0.0322541	0.014567	0.0402469	0.00948043	0.0366044	0.0632324	0.103764	0.040063	0.0341495	0.1951	0.0640972
158	0.0142449	0.064139	0.0113164	0.0229719	0.00553875	0.0167011	0.0784797	0.00968524	0.146491	0.0201111	0.00840006	0.0306691	0.0108907	0.072917	0.40448	0.0384803	0.0153636	0.013462	0.0099968	0.00566146
159	0.0368962	0.00274777	0.000469172	0.00251102	0.000412228	0.000545662	0.000606786	0.214934	0.000579982	0.0144744	0.00333645	0.000774175	0.000379866	0.000616881	0.000758509	0.00179384	0.00508861	0.71003	0.00021854	0.00282578
160	0.00727284	0.00481381	0.00718433	0.0136956	0.00205986	0.00739885	0.019622	0.0126669	0.369971	0.00524992	0.0178155	0.0337284	0.00399942	0.0414789	0.405278	0.0169465	0.0145109	0.00780718	0.00412615	0.00437375
161	0.0611456	0.0244751	0.017273	0.0180597	0.010283	0.558805	0.012343	0.00704683	0.0214285	0.00706489	0.00342535	0.0325953	0.00860141	0.0194753	0.0263673	0.109465	0.0259887	0.0151158	0.00950758	0.011533
162	0.0162036	0.00613953	0.00078112	0.00107488	0.00276156	0.000957908	0.00103381	0.569914	0.00113436	0.0863585	0.0406558	0.00182088	0.00279016	0.00116862	0.00152358	0.00851932	0.0116398	0.243191	0.000273088	0.00205828
163	0.0156619	0.00946981	0.00183218	0.00460976	0.0367964	0.00209773	0.00415336	0.33519	0.00390963	0.282647	0.0788958	0.00607066	0.0016024	0.00463156	0.00398005	0.00919868	0.0213837	0.168945	0.00055144	0.00837319
164	0.024549	0.0236023	0.0323436	0.0636053	0.00550434	0.0209781	0.072156	0.0127625	0.191309	0.0164944	0.0134879	0.0510437	0.0120406	0.178313	0.175162	0.0526449	0.0254656	0.0157477	0.00552141	0.00726812
165	0.0305292	0.00371129	0.000472291	0.0020316	0.000672324	0.000666179	0.000702186	0.316283	0.000721835	0.0254863	0.0109071	0.000872721	0.00123711	0.000766673	0.0010333	0.00412888	0.00633499	0.590808	0.000225906	0.00240882
166	0.0419056	0.0419687	0.00443717	0.00342852	0.00141338	0.0137329	0.00179214	0.0021083	0.00691773	0.00259539	0.00153112	0.0165462	0.00090015	0.0024822	0.00280391	0.596424	0.253806	0.00312556	0.000954963	0.00112602
167	0.00816629	0.00312564	0.00727969	0.0137564	0.00205166	0.006907	0.0178249	0.0144498	0.372098	0.00540828	0.0187305	0.0338534	0.0046973	0.042812	0.400876	0.01691	0.0158008	0.00778002	0.00323465	0.00423853
168	0.0489564	0.0423442	0.00437647	0.0036638	0.00108244	0.0140849	0.00151215	0.00147735	0.00643696	0.00223581	0.00116338	0.0168042	0.000712475	0.00264831	0.00269182	0.604551	0.24116	0.00237944	0.000616622	0.00110246
169	0.00755872	0.00928603	0.000829648	0.00131492	0.0383058	0.0012199	0.00197894	0.248644	0.00132408	0.470046	0.111009	0.00402578	0.000619007	0.00185675	0.0019434	0.00529734	0.0152894	0.0735363	0.000414954	0.00549955
170	0.0614444	0.00872133	0.00599047	0.0133122	0.00756105	0.784504	0.0047754	0.00433306	0.0103516	0.0050658	0.00263313	0.0110874	0.00214982	0.0108391	0.0100034	0.0312668	0.00840422	0.00758396	0.00638449	0.00358833
171	0.0196544	0.00450241	0.460765	0.174261	0.00740399	0.021596	0.0404459	0.00554733	0.0240225	0.00903581	0.00353294	0.09202	0.00547246	0.0352697	0.0190047	0.0318464	0.0183092	0.0177943	0.0030742	0.00644209
172	0.271727	0.0020875	0.00157422	0.00497318	0.0337203	0.00888256	0.00513839	0.0793568	0.0100221	0.0487461	0.0417956	0.00591318	0.00124944	0.00225109	0.0151092	0.0314645	0.0994181	0.333956	0.000566785	0.00204796
173	0.0176963	0.0359609	0.00399196	0.00401069	0.353128	0.0212546	0.0516046	0.00954771	0.00385769	0.0343293	0.00276688	0.013055	0.00183603	0.011668	0.0196274	0.0855675	0.0127457	0.0257999	0.0294179	0.262134
174	0.00262006	0.00187888	0.000907746	0.00124028	0.00388034	0.00105407	0.00142495	0.0521004	0.00135739	0.748312	0.127685	0.00308243	0.000655113	0.00156782	0.00158227	0.00392085	0.00300734	0.0424038	0.000400368	0.000919146
175	0.0257124	0.0107689	0.0233656	0.0508087	0.0056263	0.0191935	0.0245518	0.0177347	0.335995	0.0124445	0.016537	0.0486192	0.012479	0.0615262	0.229852	0.0476176	0.0277181	0.0196346	0.00373298	0.00608246
176	0.00679761	0.0042169	0.0174359	0.0101543	0.00191259	0.00625759	0.0341093	0.00942728	0.356775	0.00337508	0.0144609	0.0387257	0.00227702	0.0289778	0.406291	0.022395	0.0121348	0.0059266	0.00932736	0.00902212
177	0.110138	0.00632892	0.019003	0.0122713	0.00165181	0.0162481	0.0199486	0.00631761	0.0235005	0.00825601	0.0012193	0.0137677	0.271454	0.0960128	0.0405483	0.224416	0.104327	0.0206431	0.000734518	0.00321274
178	0.0311309	0.0201346	0.0589294	0.260524	0.00338763	0.0225719	0.0482348	0.00920824	0.133361	0.0163214	0.00605225	0.0268194	0.00604537	0.15557	0.125458	0.0324488	0.0133931	0.0250699	0.00352894	0.00180948
179	0.00642585	0.0131039	0.000706282	0.00116866	0.689221	0.000984811	0.0127657	0.00926526	0.000950891	0.0443302	0.000759832	0.00217345	0.000528243	0.00112884	0.00136253	0.00901859	0.00142562	0.0353112	0.00241781	0.166951
180	0.174268	0.0866377	0.0104974	0.00955809	0.0290748	0.0325148	0.0337922	0.0125108	0.0120023	0.023987	0.00510421	0.181301	0.00704778	0.016758	0.0203835	0.200515	0.0365811	0.0245653	0.0087582	0.0741436
181	0.0208008	0.00364527	0.00373225	0.0099926	0.0137868	0.00371977	0.0177092	0.0458536	0.300837	0.0324084	0.00689348	0.0203061	0.0343235	0.0658388	0.33874	0.0106641	0.0287251	0.0371089	0.00164505	0.00327008
182	0.175711	0.010843	0.146372	0.174324	0.00384493	0.0944856	0.0231288	0.0172402	0.0198835	0.00702128	0.00722951	0.0245602	0.0385549	0.0240929	0.0112043	0.113821	0.0688914	0.0346878	0.00155598	0.0025477
183	0.117531	0.00404659	0.0131541	0.0160452	0.00159324	0.0335678	0.0184512	0.0118433	0.0193941	0.0128725	0.00134255	0.0179557	0.298765	0.0753749	0.0307013	0.168943	0.111512	0.043679	0.000692891	0.00253435
184	0.0120274	0.00915318	0.00102333	0.00403368	0.0369364	0.00261521	0.00375814	0.213265	0.00485804	0.417569	0.0938493	0.0113178	0.000805906	0.00290482	0.00399503	0.0138837	0.0304708	0.129305	0.000618585	0.00760846
185	0.0265524	0.012244	0.0287729	0.0176077	0.109529	0.00485841	0.05849	0.14665	0.0374582	0.117099	0.041414	0.0504476	0.0258288	0.0738161	0.0383826	0.0326226	0.020899	0.0817254	0.000975929	0.0746265
186	0.120949	0.00224775	0.0106906	0.0184548	0.0013559	0.0488344	0.020309	0.0154122	0.0161251	0.0172831	0.00102791	0.0225918	0.302994	0.0603077	0.0179144	0.142329	0.123346	0.0539884	0.000544657	0.00329445
187	0.00810891	0.00551713	0.00746602	0.0166968	0.00248726	0.00753252	0.0214007	0.0151536	0.360082	0.00601751	0.0184271	0.0347395	0.00500587	0.0551824	0.386264	0.0185477	0.0165157	0.00835497	0.00269374	0.0038061
188	0.00958268	0.0138501	0.00124928	0.00188351	0.615354	0.00216838	0.0263447	0.00973577	0.00159105	0.0476181	0.00170466	0.0033054	0.000716542	0.00229057	0.00284502	0.0137922	0.00276148	0.0305543	0.00359654	0.209056
189	0.016838	0.0710556	0.00691616	0.0110869	0.00846231	0.0442039	0.191355	0.00817749	0.0286633	0.0801502	0.00767438	0.0164564	0.0181846	0.0344957	0.38668	0.0276175	0.014396	0.0109618	0.00477661	0.0118484
190	0.0120997	0.00125622	0.000605794	0.000873265	0.0203205	0.00079168	0.00421225	0.186118	0.000914037	0.415208	0.0399823	0.00623206	0.000454791	0.0045212	0.00219605	0.00815677	0.00938046	0.278321	0.000312075	0.00804302
191	0.0894859	0.0121071	0.0165716	0.00966209	0.00121565	0.00745741	0.0227075	0.00341456	0.0285567	0.00480587	0.000874115	0.0159973	0.371017	0.0608949	0.0439458	0.242152	0.0557823	0.0101696	0.000538942	0.00264346
