403	20
1	0.0453093	0.000575839	0.253411	0.224893	0.000475148	0.0100767	0.0175682	0.000834472	0.101131	0.00499124	0.000646565	0.123088	0.00040585	0.048012	0.0766635	0.0648428	0.0199952	0.00119187	0.00016868	0.00571945
2	0.0108049	0.00287119	0.000313318	0.000592726	0.00371244	0.000434853	0.000321437	0.561148	0.00049647	0.0438204	0.00824276	0.000460125	0.000760081	0.000424386	0.00045272	0.000958019	0.00202849	0.361771	8.98778e-05	0.000297473
3	0.0376745	0.0011258	0.0018544	0.0192709	0.0449924	0.0159021	0.0180342	0.0724052	0.0437386	0.396195	0.0955549	0.028115	0.000949319	0.0683346	0.0666153	0.0230696	0.0518478	0.00312099	0.000411955	0.0107878
4	0.0374282	0.000975647	0.270568	0.26112	0.00449023	0.0214455	0.0118656	0.00202477	0.0589561	0.00468482	0.00212818	0.101222	0.00712038	0.045029	0.0396771	0.0839451	0.0308783	0.0089196	0.000202589	0.00731894
5	0.0906365	0.010451	0.00271598	0.0143111	0.00491884	0.00409872	0.00158397	0.22262	0.00595894	0.0413011	0.0262989	0.00252749	0.0104453	0.0110962	0.00625298	0.0191852	0.0778246	0.440007	0.000303233	0.00746232
6	0.0187093	0.00960191	0.0029841	0.0283754	0.00539086	0.00342547	0.00612967	0.230592	0.00452204	0.214399	0.0187136	0.0290548	0.00172858	0.039131	0.00473906	0.0629747	0.0627118	0.247424	0.000782253	0.00861047
7	0.0534547	0.00230262	0.0421418	0.111237	0.000734515	0.0265222	0.0349464	0.0014622	0.122636	0.0131272	0.00975115	0.188986	0.000460953	0.100028	0.177588	0.0769355	0.0345749	0.00178461	0.000157758	0.0011685
8	0.0666604	0.0237535	0.00637673	0.0173278	0.0444804	0.0135315	0.00799662	0.107991	0.0140505	0.21897	0.262735	0.0173286	0.00948582	0.0135261	0.0142318	0.0523765	0.0263839	0.0699544	0.00208722	0.0107525
9	0.0116976	0.00363956	0.000386981	0.00141573	0.0139558	0.000457384	0.000894207	0.38221	0.000555936	0.21515	0.0341274	0.000867736	0.0010313	0.000591878	0.000484195	0.00130951	0.0154103	0.311235	0.000539432	0.00404051
10	0.00717637	0.00131787	0.00140456	0.0027608	0.323031	0.00178921	0.0230605	0.023085	0.0023451	0.446078	0.0670997	0.00259154	0.000941815	0.00174171	0.0023383	0.0108089	0.00895489	0.0142234	0.00395109	0.0553001
11	0.0132118	0.000842155	0.750113	0.0985239	0.00198729	0.0143537	0.00501047	0.00132856	0.0105854	0.00196032	0.00105627	0.0350404	0.00255982	0.01261	0.00502418	0.0236005	0.015601	0.00351431	0.000561435	0.00251527
12	0.0107367	0.00213713	0.000234675	0.000407683	0.00483457	0.000290257	0.000241249	0.486886	0.000355726	0.0739014	0.0124338	0.000344526	0.000767567	0.000341007	0.000295672	0.000735506	0.00358289	0.401195	6.05251e-05	0.000217849
13	0.0626892	0.00691842	0.0233832	0.0512133	0.0212772	0.0182768	0.0289916	0.0240008	0.140245	0.053204	0.0163565	0.0443519	0.00766611	0.0381315	0.340823	0.0454707	0.0377688	0.0209142	0.00313235	0.0151853
14	0.488743	0.0480354	0.00261093	0.00416183	0.00846104	0.0524883	0.00862922	0.00893626	0.00829813	0.0107168	0.00975671	0.00729774	0.0011366	0.00334045	0.00537595	0.190551	0.0936125	0.0386391	0.000217562	0.00899149
15	0.0242052	0.0101275	0.00106058	0.00511063	0.00297526	0.00145917	0.00490163	0.221661	0.0054414	0.142924	0.0190816	0.00670511	0.000810454	0.00456957	0.00180264	0.0111877	0.0795359	0.448144	0.000218264	0.00807806
16	0.0819968	0.0181378	0.0204996	0.0345182	0.00593342	0.0166129	0.011147	0.0220418	0.0288706	0.0268005	0.0163036	0.0312642	0.0125958	0.0139661	0.0209577	0.193007	0.369038	0.0674019	0.00120739	0.00770028
17	0.00310993	0.000809855	0.00116352	0.00166746	0.00594005	0.00106749	0.000886627	0.0574122	0.00144026	0.569846	0.307176	0.0058795	0.000680373	0.00128903	0.00126224	0.00303651	0.00270097	0.0335647	0.000221572	0.000845566
18	0.0904656	0.00392202	0.019347	0.0178883	0.00233263	0.599202	0.00611594	0.00308459	0.010548	0.00603801	0.00252588	0.0303467	0.00198218	0.006922	0.0105219	0.155296	0.0254469	0.00418715	0.000728468	0.00309935
19	0.0105729	0.00339839	0.000311439	0.000805773	0.0072937	0.000360306	0.000359158	0.399757	0.000488649	0.19245	0.0307259	0.00053208	0.000842268	0.000445498	0.00043709	0.00111119	0.0131733	0.336242	0.000101954	0.000591256
20	0.0208883	0.00289528	0.135387	0.0184757	0.00288627	0.00527183	0.0151465	0.0048131	0.00625385	0.00594871	0.00504024	0.57066	0.00259766	0.00523964	0.006127	0.16767	0.0111734	0.00780622	0.00108503	0.00463362
21	0.0217584	0.0124385	0.00127586	0.00585429	0.0129754	0.00207717	0.00674308	0.301335	0.00248004	0.214915	0.03069	0.00814084	0.00150154	0.00555386	0.00236277	0.0139356	0.0910221	0.252341	0.000559058	0.0120415
22	0.0390781	0.00123164	0.0017893	0.0179217	0.0502551	0.0141356	0.0189269	0.067216	0.0417745	0.393654	0.0981811	0.0281838	0.000954592	0.0655118	0.0724893	0.0216031	0.0534839	0.00330763	0.000426618	0.0098749
23	0.0255963	0.00185807	0.221322	0.114133	0.0143928	0.21792	0.0230178	0.00290044	0.0117353	0.00469375	0.00359767	0.0898513	0.0709093	0.0234729	0.0201354	0.0794989	0.0509608	0.0139526	0.000724218	0.00932763
24	0.415275	0.0968972	0.00324411	0.00491589	0.0189303	0.0792295	0.00391633	0.0383399	0.00517016	0.0642873	0.0202791	0.00489773	0.00208779	0.00320151	0.00457641	0.0971217	0.066189	0.0669858	0.000426915	0.00402815
25	0.353162	0.103916	0.00131563	0.00209654	0.00900148	0.00180068	0.00102008	0.159871	0.00200417	0.0815653	0.0250299	0.00169639	0.00246714	0.00172769	0.00167894	0.0460874	0.0606858	0.143521	0.000392853	0.000959673
26	0.0623762	0.00218321	0.0340224	0.0605241	0.00255104	0.0166216	0.0595662	0.00166169	0.176544	0.0125676	0.00806425	0.24946	0.00223756	0.0718752	0.1592	0.0549035	0.021207	0.00202528	0.000258036	0.00215179
27	0.0111767	0.0021264	0.000219211	0.000411233	0.00501011	0.000279917	0.000230625	0.491641	0.000347066	0.0681232	0.0115729	0.000340198	0.000780175	0.000343545	0.000283651	0.000728445	0.00289921	0.403207	6.67242e-05	0.000212709
28	0.0265098	0.0180516	0.0202312	0.165617	0.0184492	0.00821196	0.0466474	0.0340891	0.120402	0.0502704	0.0215365	0.0247519	0.00174493	0.075085	0.161054	0.047578	0.0285184	0.0508013	0.00584246	0.0746078
29	0.0479064	0.000522653	0.254709	0.21622	0.000413406	0.0104897	0.0183772	0.000744155	0.102315	0.00515311	0.000550723	0.122364	0.000384552	0.0487695	0.0800146	0.0638228	0.0199945	0.00105659	0.000167739	0.00602438
30	0.0221625	0.00167609	0.0018328	0.0115543	0.0471218	0.0254925	0.0596817	0.0349087	0.203135	0.0701349	0.00460391	0.0189168	0.00115125	0.0308552	0.332393	0.00733333	0.0913763	0.0299501	0.00209667	0.00362326
31	0.0117714	0.00437365	0.000375849	0.00084088	0.00797676	0.000444453	0.000307906	0.383769	0.000584895	0.227552	0.0400377	0.000589679	0.000909791	0.000497036	0.000525658	0.00119658	0.0151451	0.302698	8.70898e-05	0.000317067
32	0.0159197	0.0615224	0.00396023	0.0611593	0.0256241	0.00438228	0.00359581	0.0728975	0.00647336	0.0997751	0.14321	0.0285764	0.00251497	0.00682851	0.0629997	0.0598481	0.111548	0.224184	0.00116261	0.00381816
33	0.0516961	0.0544197	0.00249428	0.0286956	0.013301	0.00252567	0.014886	0.0263569	0.187627	0.174847	0.0239836	0.0486459	0.00121085	0.0157183	0.0711674	0.0343873	0.0271911	0.0659665	0.000500852	0.154379
34	0.373056	0.0660061	0.00219987	0.00361218	0.0431543	0.206217	0.00152604	0.0088885	0.00278325	0.108422	0.019519	0.00345738	0.00212691	0.00228593	0.00227917	0.0675194	0.0397422	0.0452993	0.000555817	0.0013499
35	0.0763077	0.00188207	0.00255354	0.213103	0.00184205	0.183806	0.00218494	0.00289647	0.29894	0.00429982	0.00251008	0.00354256	0.00156702	0.0405501	0.0645976	0.0875161	0.00503457	0.0040505	0.000983093	0.00183318
36	0.023134	0.00159753	0.203693	0.0261478	0.011949	0.0135157	0.102501	0.00300871	0.152585	0.00517912	0.00216143	0.271993	0.0108915	0.0463472	0.0997005	0.00483963	0.00609839	0.0031667	0.000652431	0.0108374
37	0.0102002	0.00152106	0.0016255	0.00305152	0.316041	0.00195266	0.0365341	0.0113696	0.00317728	0.443292	0.0721362	0.00338706	0.00111084	0.00303053	0.00420702	0.0115687	0.00938508	0.0105496	0.00469818	0.051162
38	0.167381	0.00729814	0.0326823	0.0484503	0.00211918	0.0158965	0.00551094	0.0764234	0.151166	0.0247252	0.0325975	0.0459515	0.0059813	0.0195841	0.130663	0.0733122	0.0394389	0.118017	0.000500562	0.00230077
39	0.10709	0.00131387	0.0552688	0.225512	0.00553508	0.01409	0.00202466	0.00640178	0.151706	0.00589925	0.000959406	0.0131765	0.139197	0.0388254	0.054786	0.121036	0.0273063	0.017919	0.000237975	0.0117162
40	0.0915382	0.0185734	0.00440333	0.0196541	0.00362999	0.0024969	0.000689129	0.0819553	0.00241296	0.00321405	0.0110705	0.00112796	0.00543095	0.00872896	0.00115816	0.0317729	0.0988724	0.602088	0.000271793	0.0109107
41	0.533125	0.0528473	0.000620699	0.00129337	0.0112292	0.12947	0.000729195	0.00216761	0.0012712	0.020262	0.0217313	0.00103935	0.000496153	0.00104211	0.000859779	0.102308	0.0604688	0.0581871	0.000170628	0.00068211
42	0.058172	0.00137603	0.115085	0.189738	0.00101541	0.00311198	0.0062562	0.0129049	0.298238	0.0261566	0.00898987	0.00524627	0.000906413	0.0731578	0.148583	0.0340819	0.0110393	0.00378669	0.000298104	0.0018564
43	0.00849377	0.0015245	0.0013561	0.00265448	0.417791	0.00149169	0.0328618	0.00990169	0.00256214	0.166781	0.023034	0.00225234	0.00102909	0.001852	0.00211894	0.0046277	0.00407614	0.00739676	0.0142787	0.293916
44	0.0109619	0.00303297	0.0384405	0.013733	0.000550958	0.822381	0.00858724	0.000612038	0.0148434	0.0012772	0.000735649	0.0422543	0.0011971	0.00428112	0.0096891	0.0215242	0.00377145	0.00106998	0.000409445	0.000647957
45	0.0104242	0.0021857	0.000237578	0.0005132	0.00535302	0.000283924	0.000240346	0.472108	0.000373437	0.093346	0.0164895	0.000408513	0.000749089	0.000402686	0.000320154	0.000810184	0.00546303	0.389975	8.00367e-05	0.000236705
46	0.0926929	0.00113954	0.0539322	0.142073	0.00230934	0.0282879	0.00657528	0.00514902	0.134364	0.00316225	0.00160551	0.0229654	0.280643	0.0457789	0.0629967	0.0832539	0.0186876	0.00849879	0.00107372	0.0048118
47	0.0143931	0.0031627	0.0004776	0.00133568	0.00357812	0.00068089	0.000366729	0.525685	0.00106209	0.0435738	0.0094409	0.000625626	0.000885699	0.00082463	0.000660729	0.00161879	0.00579298	0.384789	7.71723e-05	0.00096873
48	0.0566229	0.00332345	0.000799022	0.00532148	0.00168658	0.00066368	0.000449935	0.140316	0.00726203	0.0164072	0.0108047	0.000650549	0.00142886	0.0013742	0.000616203	0.00455436	0.0337928	0.707575	0.000114235	0.00623704
49	0.0346677	0.00762873	0.0130448	0.0242659	0.00891707	0.0141939	0.239475	0.0246422	0.02109	0.0236874	0.0151257	0.191665	0.00548547	0.0310751	0.0264554	0.0518673	0.23011	0.0197073	0.00679839	0.0100974
50	0.0632749	0.00215774	0.00539459	0.0121892	0.0040577	0.0052247	0.00427528	0.0112167	0.477842	0.0101521	0.00881348	0.0449878	0.00160214	0.0532512	0.197202	0.0250608	0.0306986	0.0397237	0.00125389	0.00162097
51	0.0613034	0.00768349	0.0204172	0.0604341	0.0220393	0.0239124	0.0327941	0.0263606	0.130699	0.0563314	0.0192117	0.0365316	0.00758228	0.0398753	0.327354	0.0397681	0.0407929	0.0255381	0.00456615	0.0168044
52	0.0133721	0.00221018	0.000269746	0.000707787	0.00486554	0.000300923	0.000245893	0.453788	0.000805069	0.0813946	0.0138923	0.000346078	0.000845068	0.000426036	0.000399847	0.00077224	0.00495338	0.419789	7.14931e-05	0.000545002
53	0.542038	0.0226042	0.000574264	0.00115897	0.00320775	0.0133318	0.00061083	0.00592752	0.000938164	0.00136554	0.00122739	0.00123603	0.000394642	0.00378155	0.00193002	0.368044	0.0295347	0.00130312	0.00012285	0.000668078
54	0.0173617	0.00323307	0.000396468	0.00223799	0.00505361	0.000528643	0.000962508	0.333341	0.00160312	0.13931	0.0238154	0.00147636	0.000639755	0.00136294	0.000658991	0.00288281	0.0251846	0.437748	0.000182081	0.00202182
55	0.0311841	0.0239201	0.0149851	0.0150344	0.00180006	0.0112347	0.00382165	0.0036818	0.0140579	0.0087196	0.00238076	0.0297087	0.00767543	0.00452003	0.0112915	0.419404	0.38189	0.00884727	0.000614279	0.00522904
56	0.0997457	0.00799372	0.0102917	0.0262477	0.00263127	0.0155451	0.0140361	0.013153	0.0150532	0.00653519	0.00827088	0.0198183	0.626449	0.00642706	0.00712164	0.060481	0.0293617	0.0190122	0.000964803	0.0108603
57	0.0156235	0.00216644	0.000378139	0.00166596	0.00508914	0.000393165	0.000384667	0.412003	0.0016438	0.103078	0.0221983	0.000557532	0.000761198	0.00129819	0.00101623	0.00143575	0.0161924	0.412592	8.53168e-05	0.00143711
58	0.514779	0.0176874	0.000606736	0.00196583	0.002331	0.0348222	0.000547129	0.00443513	0.00101968	0.00147603	0.00114994	0.00197835	0.000444818	0.00765193	0.00506106	0.376265	0.0247096	0.00146045	0.000137055	0.00147101
59	0.0292836	0.0021763	0.00227749	0.0460652	0.0262174	0.00338384	0.00298084	0.347218	0.00448894	0.173049	0.151428	0.00543137	0.00145993	0.0474568	0.00398464	0.0410277	0.0138382	0.0672562	0.000918857	0.0300572
60	0.0271016	0.00299365	0.000358932	0.000751108	0.00866783	0.000377888	0.000296195	0.418296	0.000439637	0.132238	0.0234282	0.000512103	0.00210304	0.000446038	0.000423918	0.00104825	0.00586087	0.374319	6.89893e-05	0.000269052
61	0.340331	0.0819896	0.00194324	0.00304071	0.0516078	0.162707	0.00194632	0.0149948	0.00291252	0.138659	0.0236291	0.00317143	0.00137734	0.00239582	0.00259723	0.0594351	0.0435595	0.0615237	0.000585495	0.00159393
62	0.394196	0.0185239	0.0734105	0.135136	0.0183379	0.19765	0.0025072	0.00374908	0.00460859	0.00454556	0.00341302	0.0363902	0.0169168	0.0331784	0.00409486	0.0391528	0.00586989	0.00497325	0.000721634	0.00262419
63	0.105381	0.00124533	0.0563385	0.227859	0.00542469	0.0145677	0.00200005	0.00666337	0.15006	0.00599664	0.000966548	0.0128939	0.140348	0.0387334	0.053305	0.121101	0.0274117	0.0177747	0.000252804	0.0116765
64	0.00960861	0.000731082	0.00109827	0.0149964	0.119248	0.00151855	0.0160558	0.315297	0.00197424	0.229158	0.0310803	0.00801532	0.000802816	0.00213827	0.00165611	0.00352499	0.0224982	0.103005	0.0136367	0.103958
65	0.465836	0.0419975	0.00364089	0.00417101	0.0110545	0.261365	0.000939424	0.00221627	0.00203734	0.0216283	0.0162913	0.00520026	0.000892899	0.0016597	0.00132337	0.0794199	0.0425258	0.0369424	0.000168257	0.000689225
66	0.0207862	0.0100173	0.00833725	0.128658	0.00331449	0.00734272	0.0625318	0.032508	0.205278	0.102063	0.00715059	0.0103415	0.000655587	0.0772839	0.205951	0.0218403	0.0153824	0.0466667	0.000371708	0.0335191
67	0.376924	0.0463935	0.00345165	0.0183263	0.0187105	0.00214727	0.0188172	0.0212513	0.0268118	0.00308056	0.00390606	0.0106823	0.00295686	0.00364973	0.00916672	0.0920667	0.235746	0.0860094	0.000463984	0.0194381
68	0.0030891	0.000806815	0.00118011	0.00170987	0.00302089	0.00111007	0.000923475	0.053109	0.00146102	0.571128	0.313579	0.00604239	0.000689996	0.00131925	0.00130111	0.00307573	0.00264569	0.032733	0.000219644	0.000856132
69	0.00758762	0.000494462	0.830914	0.104196	0.000579932	0.000689402	0.00288519	0.000737091	0.00102532	0.000837444	0.000598543	0.0176973	0.000313957	0.0121469	0.000807037	0.00979579	0.00707516	0.000890206	0.000108268	0.000621118
70	0.0791972	0.000732515	0.05452	0.124697	0.00127595	0.00909439	0.0215833	0.0025298	0.381186	0.0100547	0.00273029	0.0177268	0.000516583	0.075325	0.165311	0.0392191	0.0078433	0.00502694	0.000664339	0.00076545
71	0.347705	0.104096	0.00129555	0.00268548	0.00861173	0.00179659	0.00109571	0.157292	0.00214953	0.0862448	0.0257456	0.00176241	0.0026642	0.00186339	0.00163046	0.0457695	0.0613626	0.144804	0.000371716	0.00105446
72	0.500579	0.0492931	0.00127796	0.0019895	0.0148798	0.177187	0.000774464	0.00263526	0.00124089	0.0322825	0.0200599	0.00181611	0.000635197	0.00133173	0.00116875	0.0942676	0.0508543	0.0468055	0.00019587	0.0007253
73	0.0806087	0.000759735	0.0500515	0.136358	0.000682357	0.00899136	0.0260454	0.00222338	0.398931	0.0115836	0.00172386	0.017513	0.000503152	0.0893227	0.119236	0.0422343	0.00600231	0.00623207	0.000259487	0.000738663
74	0.16093	0.00137705	0.11818	0.382414	0.00136629	0.0127698	0.00191402	0.00254972	0.0834725	0.00301684	0.00214954	0.0317632	0.00129123	0.0027755	0.00263675	0.0159601	0.169555	0.0034987	0.000505328	0.00187453
75	0.0198628	0.0228058	0.00176729	0.00777622	0.002064	0.00219286	0.0117937	0.215563	0.00294264	0.20024	0.0163363	0.0155729	0.00127164	0.00897203	0.00258484	0.025426	0.133688	0.292676	0.000421559	0.0160427
76	0.0115768	0.00273803	0.0625238	0.0312235	0.00102575	0.744863	0.00975943	0.000938674	0.0209998	0.00153255	0.000713939	0.0549614	0.00213966	0.0056297	0.0175029	0.0233707	0.00520096	0.00171118	0.000446381	0.00114212
77	0.019258	0.00191661	0.000237337	0.00111839	0.00378083	0.000285205	0.000222194	0.422842	0.000362416	0.0428167	0.00780001	0.000360316	0.000712877	0.0003543	0.000284033	0.000758258	0.00423096	0.492396	5.66592e-05	0.0002067
78	0.00819615	0.000510852	0.823951	0.087868	0.000814367	0.000735893	0.00382419	0.000784516	0.00456353	0.000899993	0.000618139	0.0290684	0.000320329	0.0104163	0.000840924	0.0140695	0.00894318	0.00200347	0.000159346	0.00141154
79	0.0171343	0.00203435	0.00150403	0.00914584	0.228849	0.00155543	0.0205966	0.181608	0.00266654	0.266634	0.042214	0.00558957	0.000846958	0.00215278	0.00210599	0.00508593	0.0143085	0.0536075	0.0129359	0.129425
80	0.010924	0.00388059	0.000337662	0.000818779	0.00760046	0.000395005	0.000300345	0.385234	0.000518479	0.218634	0.0367255	0.000542808	0.000889801	0.000423008	0.000493234	0.00107103	0.015297	0.31554	8.31515e-05	0.000291022
81	0.208316	0.00872143	0.0127385	0.0078889	0.00225462	0.617412	0.00320171	0.00170827	0.00639612	0.00840585	0.00368326	0.017806	0.00125817	0.00328758	0.00645659	0.067175	0.0133894	0.00815801	0.000293404	0.00144925
82	0.0582359	0.00511147	0.0275363	0.0106932	0.00195995	0.785216	0.00673491	0.00145921	0.0135751	0.00547995	0.00202324	0.0323972	0.00276054	0.00291615	0.00860967	0.0252887	0.00573753	0.0031488	0.000386289	0.000729766
83	0.00806268	0.00236703	0.00224296	0.00402831	0.393659	0.00246151	0.041801	0.00332207	0.00361026	0.0470398	0.0142615	0.00365275	0.00153862	0.00262141	0.00308704	0.00642092	0.00526466	0.0157431	0.00832862	0.430487
84	0.117546	0.00278915	0.00288429	0.04621	0.00218435	0.097562	0.00299928	0.00388938	0.00406953	0.00560368	0.00329967	0.0317118	0.00139893	0.0208424	0.014024	0.51757	0.11466	0.00627487	0.00046976	0.00401085
85	0.508712	0.0538781	0.00228635	0.00435657	0.00914661	0.0579963	0.00336034	0.00955715	0.00630515	0.0148405	0.0113422	0.00942111	0.00382173	0.00445377	0.00439317	0.213541	0.0479655	0.0307783	0.000281623	0.00356226
86	0.0217261	0.00545553	0.00153052	0.00966313	0.174258	0.00140079	0.0126872	0.230492	0.00247006	0.302877	0.051445	0.00522022	0.00118341	0.00328977	0.00325363	0.00665022	0.0146408	0.0622533	0.00883659	0.0806669
87	0.143698	0.0283216	0.00331578	0.0212921	0.00813457	0.00572928	0.00100923	0.0993645	0.00354284	0.00790156	0.00900984	0.00177197	0.0261984	0.00526455	0.00217592	0.0197827	0.0556325	0.551714	0.000394644	0.00574646
88	0.0300821	0.00249618	0.110657	0.11758	0.00331847	0.00431479	0.180539	0.00572188	0.00594652	0.00637888	0.00402034	0.00503851	0.0226683	0.408336	0.00462839	0.0312383	0.0466531	0.00657735	0.000737696	0.00306812
89	0.145213	0.00759089	0.0172342	0.0395093	0.00183154	0.0130484	0.00707989	0.0252647	0.31743	0.0165886	0.0158923	0.0501005	0.00438944	0.0343035	0.161516	0.0562282	0.0333828	0.0490227	0.000727755	0.00364557
90	0.0106334	0.00310568	0.0327513	0.00999962	0.000378555	0.843901	0.0081361	0.000616242	0.0148618	0.0010822	0.000468128	0.0393373	0.000273831	0.00241094	0.00929356	0.0192127	0.00204875	0.000738327	0.0004223	0.000328377
91	0.106408	0.0934719	0.00222533	0.0161159	0.254695	0.00248315	0.00403312	0.0979382	0.00528088	0.0461328	0.230978	0.00341795	0.00150898	0.00439671	0.00448226	0.0470804	0.00514307	0.0238431	0.000633584	0.049731
92	0.0941073	0.00185807	0.038979	0.030529	0.00174583	0.0256872	0.0290538	0.0238627	0.185867	0.00338928	0.00242346	0.0824507	0.155036	0.0465487	0.120017	0.0528606	0.0781853	0.0145767	0.0111134	0.00170837
93	0.287884	0.00264954	0.00190231	0.0215444	0.00132708	0.23665	0.00148492	0.00257916	0.00292383	0.00271027	0.00188083	0.0136159	0.000988077	0.0216614	0.023341	0.32109	0.0412789	0.00424867	0.000417604	0.00982215
94	0.00742246	0.00049641	0.833751	0.103515	0.000468094	0.00069135	0.00283603	0.000714996	0.000904114	0.000814076	0.00060387	0.0170771	0.000312413	0.0119834	0.000795591	0.00946622	0.00680012	0.000810479	0.000107812	0.000429638
95	0.0218405	0.00883125	0.00693768	0.121019	0.00492087	0.00942295	0.0583333	0.0331246	0.205133	0.102822	0.00789414	0.0123423	0.000651906	0.0679692	0.22411	0.0221315	0.0181393	0.0428305	0.000542116	0.0310045
96	0.182757	0.0068777	0.0246135	0.0562967	0.000905916	0.0175109	0.00391982	0.0700767	0.158557	0.0276013	0.04279	0.0559974	0.00278226	0.0204646	0.116939	0.0703886	0.0492222	0.0909834	0.000226683	0.00108857
97	0.00504348	0.000830029	0.000886916	0.00156551	0.164108	0.00100301	0.00798735	0.115383	0.00128789	0.581448	0.0658989	0.00129065	0.000485716	0.00105184	0.00132302	0.00498519	0.00589174	0.0353284	0.000266961	0.00393446
98	0.01079	0.000860274	0.00107347	0.00707667	0.0318853	0.0013047	0.000970365	0.394739	0.0018079	0.203387	0.262962	0.00198598	0.000824219	0.01084	0.0016446	0.0131604	0.00755545	0.0436347	0.000275883	0.00322202
99	0.0481277	0.000543173	0.254528	0.216182	0.00041048	0.0104878	0.0183768	0.000746815	0.102325	0.00518495	0.000548773	0.122332	0.000381843	0.0486293	0.0801898	0.0637751	0.0199769	0.00105851	0.000168633	0.00602633
100	0.457413	0.0322327	0.00116845	0.00775893	0.0058042	0.105638	0.00179316	0.00312235	0.00232784	0.0106733	0.0130272	0.00454383	0.000855854	0.00625567	0.00624846	0.230182	0.0648203	0.042958	0.00020745	0.00296903
101	0.00543063	0.000628217	0.000699045	0.000931398	0.100506	0.000614006	0.000542307	0.20687	0.000919528	0.571928	0.0588615	0.000999306	0.000362209	0.000697496	0.00081925	0.00211158	0.00501626	0.0409217	9.30449e-05	0.00104788
102	0.178053	0.00568266	0.00376104	0.0114809	0.00188106	0.0113875	0.00274177	0.00383438	0.00485579	0.00345416	0.00895845	0.034191	0.614863	0.00385657	0.00375763	0.0689362	0.0274421	0.00741582	0.000470756	0.0029755
103	0.0478941	0.00352361	0.0740712	0.376091	0.0154228	0.00784184	0.0451797	0.0195431	0.0875061	0.0164228	0.000804664	0.0230238	0.00407406	0.111287	0.104207	0.0184011	0.0131317	0.0134342	0.00022053	0.0179187
104	0.421686	0.00207439	0.00130052	0.00198047	0.00125928	0.00845369	0.000864132	0.0395875	0.00343896	0.0328411	0.0503057	0.0017937	0.0128541	0.00208178	0.00132246	0.0599764	0.0502585	0.30644	0.000245624	0.00123558
105	0.00331109	0.000985207	0.00119413	0.00171045	0.00310746	0.00112632	0.000942048	0.0530885	0.00146203	0.568884	0.314648	0.0060454	0.00073376	0.00131996	0.00129712	0.00350317	0.00273475	0.0328079	0.000224044	0.000874394
106	0.256005	0.0289752	0.020047	0.0140035	0.00140173	0.00429678	0.0217503	0.00196921	0.0654248	0.00237656	0.00125244	0.0485629	0.000844469	0.0016889	0.0312407	0.308731	0.167453	0.00688418	0.000217434	0.0168747
107	0.0904753	0.0427289	0.0020096	0.175289	0.00158412	0.0317871	0.002269	0.0349654	0.0283131	0.0142979	0.00271933	0.0144176	0.0010333	0.0464357	0.0362507	0.213583	0.142918	0.116874	0.000461447	0.00158717
108	0.0503161	0.0245255	0.0161519	0.0162306	0.00230063	0.01338	0.00467042	0.0042888	0.0152194	0.010086	0.00386193	0.0303199	0.0067085	0.00543459	0.011475	0.39059	0.375703	0.0123889	0.00042443	0.0059245
109	0.0471957	0.00052857	0.254583	0.216686	0.000428054	0.0106366	0.0182551	0.000760068	0.10246	0.00510046	0.000555096	0.122275	0.000387889	0.0489993	0.0796497	0.0643325	0.0199518	0.00106167	0.000171104	0.00598175
110	0.0180562	0.00159455	0.00200054	0.00350763	0.0869337	0.00321894	0.0193364	0.0798316	0.0553706	0.117834	0.00250554	0.0550658	0.00124144	0.00374947	0.470102	0.015902	0.0188139	0.0213714	0.000469268	0.0230949
111	0.0106296	0.00396182	0.000429246	0.00113583	0.0156229	0.000480183	0.000514713	0.366037	0.000596444	0.256259	0.0467251	0.00078164	0.000753264	0.000830791	0.00056494	0.00195052	0.0173317	0.274736	9.70588e-05	0.000562102
112	0.401977	0.0875745	0.00359022	0.0050416	0.0390279	0.132897	0.00231696	0.00869591	0.00516706	0.0555768	0.0344972	0.00402704	0.00581302	0.00310524	0.00345293	0.0999369	0.0561816	0.0480509	0.000521893	0.00254804
113	0.452423	0.0107355	0.00112061	0.00519552	0.00209237	0.104045	0.000932159	0.00262981	0.00179199	0.00348063	0.00357571	0.00477382	0.000818074	0.0113488	0.0161962	0.341128	0.0247525	0.00903248	0.00030555	0.00362214
114	0.0536034	0.029247	0.00368671	0.0101779	0.224761	0.0090982	0.0126358	0.0524178	0.00735744	0.241826	0.175396	0.00674476	0.00204262	0.00893746	0.0080418	0.0734379	0.0243627	0.0297509	0.00171348	0.0247621
115	0.0127968	0.0041354	0.000301752	0.000513513	0.00542506	0.000359115	0.0002653	0.454169	0.00043964	0.122299	0.0187429	0.00043517	0.00092033	0.000388632	0.000364296	0.000872308	0.00569562	0.371544	6.0312e-05	0.000271321
116	0.0354924	0.00231954	0.213184	0.0694346	0.00424624	0.00809599	0.0109702	0.00350163	0.0243042	0.00486279	0.00350278	0.451591	0.00324318	0.0139079	0.0145437	0.10134	0.0195306	0.00856692	0.00103004	0.00633214
117	0.0227662	0.00182454	0.000263776	0.00132856	0.00371297	0.000310062	0.000230564	0.404866	0.000386295	0.0449011	0.00778348	0.000386931	0.000738142	0.000393409	0.000306782	0.000787011	0.0052753	0.503452	6.84995e-05	0.000218531
118	0.282677	0.0015336	0.00536346	0.00583612	0.000984082	0.636491	0.000721461	0.00122099	0.00132506	0.00974579	0.00102409	0.0115871	0.000545292	0.000953427	0.00117423	0.0294025	0.00681924	0.00161069	0.000230623	0.000753654
119	0.0162459	0.036508	0.0207125	0.0109498	0.000879799	0.00123481	0.00475007	0.00144802	0.0198085	0.00423572	0.00116865	0.0412718	0.00070785	0.0012113	0.0142748	0.440996	0.372378	0.00370006	0.000280156	0.00723819
120	0.0219299	0.0136312	0.00982454	0.00866304	0.00291105	0.00571713	0.00349068	0.00584019	0.01065	0.0247048	0.00523075	0.0179479	0.0021941	0.00385183	0.00821851	0.322307	0.503546	0.0248188	0.000756164	0.00376638
121	0.0662258	0.00311949	0.00500272	0.0108288	0.0234402	0.00814313	0.0288602	0.00788891	0.236343	0.0137205	0.0298271	0.0143342	0.00183591	0.0319081	0.449666	0.0155927	0.0223486	0.0108887	0.0172999	0.00272572
122	0.188418	0.0327775	0.0147996	0.0136381	0.00246757	0.00136111	0.0142886	0.0038495	0.0216348	0.00272661	0.00137197	0.0409505	0.000735357	0.00230055	0.0107768	0.342724	0.273661	0.0102967	0.000220771	0.0210006
123	0.0627588	0.00428094	0.0281075	0.0112688	0.00127703	0.782593	0.00677923	0.00168767	0.0138548	0.00491505	0.00130606	0.0329549	0.00290202	0.00291314	0.00808934	0.0243882	0.00652728	0.00200674	0.000683313	0.000706188
124	0.00570384	0.00109849	0.000790763	0.00116962	0.0723788	0.000722887	0.000586825	0.203708	0.000965541	0.533208	0.104088	0.00186369	0.000437187	0.000982606	0.00087348	0.00260356	0.00549865	0.0622388	9.46499e-05	0.000986371
125	0.0342943	0.00353305	0.254486	0.068966	0.00516875	0.0239733	0.0170042	0.00538463	0.0358466	0.00711213	0.00514715	0.351121	0.013492	0.0194644	0.0243571	0.0855729	0.023539	0.0132363	0.000899919	0.00740066
126	0.0256211	0.0207601	0.00147463	0.00509958	0.0406497	0.00145391	0.00136545	0.201873	0.00233548	0.255194	0.296631	0.0028306	0.000858805	0.00666361	0.00284387	0.051746	0.011922	0.067637	0.000277396	0.00276328
127	0.0264075	0.000976675	0.506707	0.0840114	0.00854306	0.00287606	0.00552541	0.0015887	0.0330169	0.00197801	0.00133496	0.165548	0.0014271	0.00976194	0.00245579	0.075293	0.040618	0.0165937	0.000351287	0.0149853
128	0.534299	0.0522438	0.000765213	0.00149532	0.0111813	0.131202	0.000721153	0.00198174	0.0014643	0.0202505	0.0218395	0.00127986	0.000835788	0.00127403	0.0012761	0.104447	0.0581609	0.0544622	0.000156389	0.000665099
129	0.0236543	0.00173906	0.000262666	0.00147231	0.00360072	0.000318741	0.000262197	0.40113	0.000403816	0.0404546	0.00718132	0.000412477	0.000725954	0.000532424	0.000343089	0.000832864	0.00560862	0.510765	7.53752e-05	0.000224024
130	0.181539	0.00503636	0.00150763	0.0264141	0.00154832	0.0617824	0.0015801	0.00236186	0.351317	0.0495471	0.00803716	0.0223702	0.00663707	0.00436409	0.158112	0.0408331	0.0306194	0.00292456	0.000935718	0.0425334
131	0.072678	0.0595114	0.00228722	0.00450882	0.0260252	0.00457157	0.00245851	0.0605356	0.00353207	0.169815	0.373518	0.00343183	0.00133981	0.00287914	0.00422243	0.114814	0.0197222	0.0713381	0.000484721	0.0023267
132	0.508594	0.0474981	0.00100374	0.00155519	0.0105362	0.175944	0.000790595	0.00188817	0.00126979	0.019483	0.0199915	0.00162756	0.000523989	0.00112841	0.000913437	0.0997732	0.0546747	0.0519341	0.00014762	0.000723404
133	0.0470636	0.00351836	0.0742486	0.374146	0.0154122	0.00800021	0.046237	0.0197982	0.0867545	0.016095	0.00083574	0.0230372	0.00422691	0.111656	0.105307	0.0185733	0.0133128	0.0139364	0.000229567	0.0176113
134	0.0641866	0.000994685	0.00113069	0.0176501	0.00586633	0.00109107	0.000977217	0.337961	0.00158892	0.0244496	0.0476509	0.00154835	0.0034429	0.0249121	0.0144667	0.00724209	0.0888116	0.347153	0.00022137	0.00865458
135	0.0109029	0.00208563	0.000226191	0.000404015	0.004694	0.000282967	0.000243361	0.498755	0.000342668	0.0614286	0.0106861	0.000336666	0.000732343	0.000340315	0.000292606	0.000740806	0.00248767	0.404723	7.7996e-05	0.000217014
136	0.0104492	0.00269368	0.00301232	0.00550541	0.0180022	0.00318416	0.00313485	0.0360388	0.553694	0.144411	0.00321577	0.00509623	0.00159667	0.0196284	0.0700695	0.00802417	0.00670184	0.101572	0.000631501	0.00333845
137	0.077562	0.00100617	0.141431	0.218269	0.00127509	0.00252006	0.00477725	0.012393	0.25272	0.0230291	0.0050414	0.00722448	0.000627322	0.0782437	0.123155	0.0382642	0.00768577	0.00255748	0.000373433	0.001844
138	0.352163	0.106331	0.00133736	0.00215527	0.0101234	0.00701802	0.00110389	0.144519	0.00199322	0.090853	0.027146	0.00173316	0.00218111	0.00177513	0.00164632	0.0469841	0.0613566	0.138114	0.000483063	0.000983149
139	0.539444	0.0222131	0.000628115	0.0013064	0.00322681	0.0150431	0.000762722	0.0058628	0.000998559	0.00140333	0.00131902	0.00122063	0.000433186	0.00400946	0.00246608	0.368833	0.0282149	0.00139677	0.000138914	0.00107908
140	0.0478941	0.00352361	0.0740712	0.376091	0.0154228	0.00784184	0.0451797	0.0195431	0.0875061	0.0164228	0.000804664	0.0230238	0.00407406	0.111287	0.104207	0.0184011	0.0131317	0.0134342	0.00022053	0.0179187
141	0.132549	0.00180989	0.00234096	0.00444596	0.00218622	0.00272324	0.00415124	0.0381455	0.0609892	0.354464	0.0445809	0.00450121	0.00158555	0.00296058	0.281488	0.0208803	0.00617382	0.0181096	0.000922113	0.0149931
142	0.0986213	0.00374514	0.051657	0.00874915	0.00388592	0.0391449	0.00406714	0.0538632	0.0316068	0.036967	0.0294906	0.033979	0.00305854	0.00573754	0.00634816	0.169607	0.404243	0.010623	0.00097778	0.003628
143	0.237184	0.00379555	0.00239808	0.0298107	0.00181452	0.0413896	0.00276989	0.00236668	0.316154	0.0156069	0.00370132	0.011521	0.0246078	0.0123622	0.134053	0.0811701	0.0508212	0.00365289	0.000552204	0.0242683
144	0.150943	0.0817525	0.034184	0.0274857	0.025659	0.105755	0.00389917	0.0275804	0.0284173	0.028617	0.0281202	0.00782162	0.16761	0.00515818	0.00617452	0.22562	0.0117952	0.0290979	0.00111296	0.00319679
145	0.00960861	0.000731082	0.00109827	0.0149964	0.119248	0.00151855	0.0160558	0.315297	0.00197424	0.229158	0.0310803	0.00801532	0.000802816	0.00213827	0.00165611	0.00352499	0.0224982	0.103005	0.0136367	0.103958
146	0.282464	0.00153366	0.00535898	0.00583946	0.000984077	0.636698	0.000706475	0.00122555	0.00132784	0.00976144	0.00102325	0.011606	0.00054641	0.000953226	0.00117416	0.0294032	0.00679505	0.00162659	0.000227595	0.000745465
147	0.468982	0.0950372	0.00580966	0.00859563	0.00594016	0.00659372	0.00440993	0.00689705	0.00867698	0.00859367	0.0119447	0.140034	0.0950858	0.0183141	0.00728973	0.0770501	0.0159093	0.00934714	0.00128855	0.00420101
148	0.535839	0.0509668	0.000680574	0.00122819	0.011	0.130583	0.000716928	0.00215596	0.00117358	0.0198063	0.0236507	0.00114221	0.000472082	0.00116284	0.000837594	0.10385	0.0593858	0.0545232	0.000184941	0.000640858
149	0.0487223	0.00332068	0.00561296	0.0164111	0.00524214	0.0082836	0.0109987	0.00567644	0.404212	0.0118752	0.0103659	0.0579501	0.00164289	0.0599065	0.266003	0.0369737	0.0291749	0.0131709	0.00155667	0.00290014
150	0.00598152	0.000648489	0.000701646	0.00126605	0.111995	0.000668547	0.000741075	0.204631	0.000972965	0.560677	0.0564375	0.00104972	0.000422908	0.000821167	0.000820029	0.00238996	0.00530132	0.0412365	0.000279323	0.00295861
151	0.38762	0.0824084	0.00252413	0.00463827	0.0313142	0.135301	0.00206884	0.0123254	0.00438423	0.0824532	0.0248118	0.00349081	0.00445827	0.00297303	0.00318363	0.0854951	0.046344	0.0816042	0.000622241	0.00197912
152	0.0523341	0.00257347	0.000794696	0.00739483	0.00186775	0.000589437	0.000462692	0.172162	0.00571766	0.0164708	0.0128096	0.000702957	0.00149318	0.0034113	0.00227253	0.00393395	0.0328706	0.676526	0.000148246	0.00546398
153	0.0235428	0.00625954	0.00400342	0.00849823	0.246945	0.00873702	0.0169179	0.0266639	0.0109017	0.37322	0.0963187	0.0106188	0.00176486	0.0145296	0.0139508	0.0466454	0.0578535	0.0166778	0.00119061	0.0147607
154	0.549645	0.0244477	0.000524428	0.000864272	0.00338592	0.0117778	0.00057299	0.00614121	0.000794829	0.00135845	0.00149244	0.000961933	0.000375912	0.00319806	0.00150047	0.360996	0.0294762	0.00182366	0.000126076	0.000536184
155	0.0533794	0.00950364	0.0871754	0.0396576	0.00835897	0.0610323	0.0318863	0.0136711	0.0485619	0.0186068	0.013843	0.361068	0.0103593	0.0250963	0.0389261	0.0970746	0.0440708	0.0270064	0.00196874	0.00875328
156	0.405749	0.00309362	0.00194628	0.00292126	0.00162469	0.00786635	0.0015873	0.0415309	0.00400418	0.0391934	0.0548578	0.00244815	0.0233908	0.00235041	0.00195433	0.071915	0.0420587	0.289727	0.000317396	0.00146371
157	0.0304361	0.00473535	0.00586016	0.0116426	0.00424006	0.0123394	0.00556323	0.0731448	0.00901833	0.00825291	0.00576331	0.00664591	0.512315	0.00620265	0.00752254	0.0159085	0.0140146	0.258266	0.00127678	0.00685206
158	0.0450219	0.00176284	0.126288	0.213887	0.00490496	0.145814	0.00556288	0.00303645	0.00477647	0.00817492	0.00757524	0.0523832	0.0763825	0.0860627	0.0102242	0.120585	0.0707202	0.0142832	0.000396381	0.00215833
159	0.0372653	0.00475993	0.1736	0.0546769	0.00631583	0.468161	0.0124131	0.00395384	0.0279531	0.00790486	0.00403234	0.0569302	0.0227734	0.0171178	0.0199268	0.0430149	0.0234403	0.00925758	0.00115628	0.00534637
160	0.051304	0.0103624	0.0140149	0.0170946	0.00891208	0.00942747	0.0100723	0.0199708	0.0172704	0.0245432	0.0815085	0.199884	0.00579041	0.0121853	0.016424	0.137594	0.148661	0.206843	0.00210823	0.00602941
161	0.10179	0.00737459	0.00964947	0.020443	0.00276129	0.0154888	0.0152959	0.0124107	0.013175	0.00468803	0.00779339	0.0216315	0.634619	0.00609434	0.00778658	0.0592008	0.0293349	0.0187129	0.000855677	0.0108946
162	0.0471595	0.0120331	0.0073256	0.0164254	0.305935	0.00994346	0.0235383	0.048408	0.0174198	0.190209	0.0583727	0.00945732	0.00629692	0.0097935	0.0212779	0.0310767	0.0207084	0.0299751	0.00561529	0.129029
163	0.0352835	0.00501269	0.000831458	0.00665244	0.00695526	0.00112072	0.000868044	0.339176	0.00313736	0.114361	0.0413531	0.00145563	0.00165551	0.00466816	0.00297612	0.00702671	0.0281422	0.395316	0.000242136	0.00376599
164	0.20513	0.012922	0.0127976	0.029103	0.00440092	0.0221555	0.00632005	0.0157659	0.0181206	0.00811606	0.0100581	0.0334777	0.461814	0.00752275	0.0108202	0.0706529	0.0306424	0.0315984	0.00081929	0.00776287
165	0.192515	0.0067772	0.0119161	0.0119524	0.00234896	0.583622	0.00303347	0.00241444	0.00854577	0.00816281	0.00357699	0.0184831	0.00464698	0.00526215	0.00935882	0.100335	0.0168558	0.00735351	0.000559389	0.00228125
166	0.372103	0.02028	0.0045471	0.00829896	0.0058389	0.357645	0.00135472	0.00232939	0.00372257	0.0139601	0.00919307	0.00805734	0.00539901	0.00538267	0.00687258	0.120641	0.0308112	0.0211557	0.000322203	0.00208567
167	0.00875121	0.00244652	0.00244647	0.00434003	0.392471	0.00259129	0.0431542	0.00389558	0.00367321	0.0482386	0.0155126	0.00369484	0.00162185	0.00272105	0.003362	0.00653303	0.00535776	0.0171591	0.0083784	0.423651
168	0.0104248	0.00151602	0.00132733	0.00540566	0.341404	0.00145415	0.034182	0.0713691	0.00312954	0.214608	0.0284623	0.00332286	0.000961688	0.0019	0.0023888	0.00532261	0.00870775	0.0264749	0.0168664	0.220772
169	0.0131583	0.00295828	0.0369689	0.0123842	0.000683696	0.825089	0.00843163	0.000652582	0.0168993	0.00131816	0.000480903	0.0395488	0.00209342	0.00319858	0.0096167	0.0212155	0.00305716	0.00125005	0.000415204	0.000579696
170	0.0585602	0.00247272	0.0232456	0.00609621	0.00326031	0.0474551	0.00314732	0.322738	0.0243886	0.0355925	0.00362403	0.00533897	0.110961	0.00446959	0.0220781	0.0762548	0.0872907	0.158186	0.000816425	0.00402325
171	0.111906	0.00310445	0.00234768	0.0559154	0.00158461	0.204201	0.00227501	0.00386406	0.00419265	0.004141	0.00250408	0.0269559	0.00131672	0.0274609	0.0216223	0.42005	0.0930396	0.00776742	0.000443922	0.00530682
172	0.0302354	0.00817928	0.0101956	0.251518	0.00812076	0.009546	0.00998044	0.0143151	0.0205838	0.0894811	0.109722	0.100126	0.00446683	0.15072	0.0591936	0.0323833	0.0225468	0.0596994	0.00223572	0.00675095
173	0.152781	0.00513623	0.0431116	0.00666613	0.00374169	0.28425	0.00347168	0.0265628	0.00620064	0.00658131	0.00534188	0.0244265	0.306398	0.00490303	0.0246257	0.0762794	0.00803872	0.00755262	0.000971572	0.00295954
174	0.00742246	0.00049641	0.833751	0.103515	0.000468094	0.00069135	0.00283603	0.000714996	0.000904114	0.000814076	0.00060387	0.0170771	0.000312413	0.0119834	0.000795591	0.00946622	0.00680012	0.000810479	0.000107812	0.000429638
175	0.320936	0.0901398	0.00467801	0.00770428	0.00750124	0.00331585	0.0235362	0.0099138	0.0501978	0.00281695	0.0105047	0.0223202	0.00925792	0.00354153	0.0327451	0.129284	0.171425	0.0784969	0.000531697	0.0211524
176	0.0912015	0.0192638	0.00488804	0.0195079	0.00367075	0.00259214	0.000693251	0.0822435	0.00233707	0.00305855	0.0125873	0.00109203	0.00560142	0.0077924	0.00120966	0.0340597	0.0861629	0.61243	0.000276961	0.0093308
177	0.00885187	0.00307255	0.000306416	0.000680277	0.00636987	0.000345187	0.000291647	0.427211	0.000449684	0.173817	0.0290532	0.000489488	0.000703423	0.000390385	0.000413711	0.000914331	0.0121444	0.334139	7.93581e-05	0.000276826
178	0.0195072	0.0050938	0.0229654	0.0107883	0.00557327	0.00714192	0.131261	0.0080921	0.00871168	0.00874425	0.00789585	0.375987	0.0033144	0.00774493	0.0128781	0.328079	0.0166603	0.0103499	0.00182328	0.00738807
179	0.0640138	0.00402413	0.00103605	0.00605504	0.00243629	0.000850306	0.000490826	0.148442	0.00743445	0.0162881	0.0157409	0.000795483	0.00175259	0.00439596	0.00158377	0.00719204	0.0479321	0.661642	0.000139213	0.00775519
180	0.281547	0.00787767	0.00929708	0.00685449	0.00272132	0.585764	0.00163729	0.00223645	0.0032717	0.0112962	0.00413726	0.0139466	0.00189181	0.00198229	0.00302309	0.0401153	0.0125564	0.00841094	0.000551729	0.000880763
181	0.0121555	0.00225466	0.000286703	0.000579364	0.00430589	0.000321151	0.000247562	0.498799	0.000366423	0.0543234	0.00950385	0.000379198	0.000743984	0.000377641	0.000319911	0.00081503	0.00247629	0.411403	7.59944e-05	0.000265404
182	0.178822	0.0203478	0.017052	0.0298341	0.00890481	0.0360657	0.0118325	0.0122579	0.0195641	0.0178852	0.0138878	0.0376158	0.026903	0.0155023	0.0213212	0.366959	0.12902	0.0241976	0.0013058	0.010722
183	0.0620667	0.00462583	0.0282842	0.0107346	0.00142038	0.785527	0.00714907	0.00145065	0.012511	0.00487239	0.00122125	0.0328647	0.00427388	0.00269599	0.00831753	0.023436	0.00386678	0.00313795	0.000568252	0.000976155
184	0.100039	0.00631388	0.00939568	0.0232697	0.00288475	0.0160407	0.0114808	0.0130122	0.0162154	0.00621244	0.00728829	0.0208954	0.628536	0.0069234	0.0100171	0.0607409	0.0306932	0.0193953	0.000668311	0.00997774
185	0.058926	0.00382192	0.0268201	0.0109065	0.00166482	0.792068	0.00719185	0.00143258	0.0128364	0.00408341	0.00107452	0.0330622	0.000798763	0.0026921	0.00846534	0.0238062	0.00589417	0.00273992	0.000455853	0.00125978
186	0.213276	0.0191627	0.00326327	0.0116181	0.00505011	0.0122109	0.00336295	0.0551837	0.00962639	0.0132996	0.0192739	0.00350902	0.00527071	0.00479182	0.00316113	0.0441074	0.106524	0.459376	0.000359673	0.0075728
187	0.0121826	0.00226643	0.000285557	0.000999884	0.00564607	0.000375924	0.000296229	0.435485	0.000787523	0.118412	0.023398	0.000404063	0.000729339	0.000774081	0.000583501	0.000959513	0.0108369	0.384874	0.000100019	0.000603438
188	0.0786128	0.000953911	0.0511419	0.138856	0.000874093	0.00877782	0.0259918	0.00297742	0.384465	0.0144211	0.00209497	0.0208099	0.000551474	0.0898163	0.123301	0.0417366	0.00652388	0.00644768	0.000227947	0.00141875
