311	20
1	0.00233775	0.00191708	0.000777973	0.00118355	0.00965739	0.000873886	0.00101729	0.36825	0.00107301	0.493862	0.00337283	0.000957508	0.000417486	0.00192643	0.00111771	0.00247589	0.00238075	0.104924	0.000401727	0.00107549
2	0.0504058	0.0904037	0.00696479	0.0084697	0.00858434	0.16965	0.00813124	0.0160708	0.0112779	0.0176536	0.0098168	0.0226169	0.0039036	0.00882304	0.00903852	0.387417	0.138218	0.021689	0.00203883	0.00882768
3	0.151949	0.00284121	0.00691985	0.00490511	0.00182902	0.00488888	0.00214321	0.00859194	0.00948398	0.00540716	0.00185331	0.00340531	0.655931	0.00348851	0.00641811	0.0960674	0.0125213	0.0183728	0.000938156	0.00204506
4	0.00236639	0.00190379	0.000782542	0.00121002	0.00955383	0.000879198	0.00101314	0.369231	0.00104593	0.49523	0.00233016	0.000936719	0.000422308	0.00185827	0.0011255	0.0024861	0.00227232	0.104024	0.000332077	0.000996952
5	0.0705021	0.00913709	0.389713	0.110734	0.00868291	0.0302632	0.0271027	0.00955542	0.0330353	0.0160121	0.00912195	0.129625	0.0103434	0.0305368	0.0187814	0.0450856	0.0251757	0.0164589	0.0025143	0.00761877
6	0.0775459	0.00784609	0.147268	0.089188	0.00536768	0.273129	0.0294473	0.00772	0.0361818	0.0124781	0.00503963	0.120387	0.00428254	0.0290484	0.0374779	0.0691898	0.0265285	0.011709	0.00402872	0.00613634
7	0.0699254	0.00906443	0.017481	0.0370338	0.0118514	0.023207	0.0516144	0.0273632	0.142635	0.0571297	0.0125998	0.0261967	0.0089901	0.0578735	0.311798	0.0419859	0.0352086	0.0381733	0.00395833	0.0159103
8	0.0584513	0.0162702	0.0127621	0.0202331	0.146843	0.0141706	0.0742674	0.0521267	0.0143568	0.0597628	0.0164603	0.0222675	0.00880858	0.0198992	0.014173	0.0303428	0.0315571	0.0416143	0.0282085	0.317425
9	0.287174	0.00422174	0.0373455	0.0770574	0.0395435	0.104106	0.0608184	0.00175044	0.0463647	0.0139694	0.0160406	0.0017607	0.00599514	0.0495114	0.0632278	0.123789	0.0116296	0.0197045	0.0179203	0.0180696
10	0.018783	0.0160768	0.00143439	0.00172106	0.117195	0.00141362	0.0739395	0.127251	0.00164626	0.0347892	0.00161096	0.00853351	0.00243108	0.0160524	0.00173145	0.0190173	0.0507588	0.0377417	0.0247451	0.443129
11	0.021303	0.0110292	0.000353029	0.0020788	0.298461	0.00041378	0.000455152	0.0819321	0.000517962	0.377169	0.119918	0.00205026	0.000234713	0.000616627	0.000562439	0.00650519	0.00875063	0.0520703	0.0032206	0.012359
12	0.082971	0.013101	0.061295	0.0548417	0.00812158	0.238629	0.020545	0.0113264	0.0451055	0.0165413	0.00645518	0.140224	0.00294388	0.0321574	0.0643574	0.127624	0.0475549	0.0143961	0.00260113	0.00920811
13	0.0992541	0.0105446	0.108518	0.246917	0.0109501	0.0344317	0.0262997	0.0196682	0.0634066	0.0289317	0.0105217	0.0609887	0.0341068	0.0553423	0.0435583	0.0594288	0.0418502	0.0251804	0.00513498	0.0149658
14	0.103729	0.00321058	0.00303675	0.0136529	0.29622	0.0111913	0.0135231	0.00313448	0.0218359	0.00627838	0.0221958	0.00483082	0.0120111	0.0227226	0.0133225	0.044852	0.00478151	0.00434116	0.011995	0.383135
15	0.537445	0.0249651	0.000564985	0.000940974	0.0086294	0.293981	0.000727917	0.0068957	0.000842759	0.0089023	0.000640925	0.00196187	0.00730361	0.000805621	0.00194225	0.0650829	0.0104778	0.0156691	0.000214158	0.0120067
16	0.0171979	0.0113519	0.00372598	0.00274917	0.355097	0.00176263	0.0109046	0.0463647	0.00132089	0.232064	0.0423936	0.00214985	0.0032597	0.00257225	0.00197852	0.00808604	0.00977861	0.0440984	0.0250373	0.178107
17	0.0107884	0.0126823	0.00137706	0.00203774	0.0444589	0.00172481	0.00253176	0.42495	0.00224562	0.071567	0.184937	0.0191917	0.00106853	0.00386701	0.00218042	0.0120376	0.0342913	0.161545	0.00241512	0.00410239
18	0.0263283	0.00954633	0.001637	0.0241142	0.00236557	0.0127397	0.0612438	0.00394157	0.275777	0.00626632	0.00218304	0.0109216	0.000641067	0.0840892	0.424898	0.00940341	0.00354061	0.00417915	0.000840525	0.0353443
19	0.142432	0.0290125	0.0137125	0.0416498	0.0646864	0.00759552	0.0688186	0.00526282	0.0125507	0.00536379	0.0124221	0.0630929	0.00478938	0.0336602	0.043546	0.0424389	0.0190894	0.00438584	0.00638045	0.37911
20	0.0714733	0.0107928	0.0236309	0.043493	0.0118982	0.0272222	0.0569645	0.027214	0.137802	0.0511292	0.0151505	0.0309843	0.00810892	0.0557991	0.297005	0.0409546	0.0345324	0.034813	0.00558534	0.0154471
21	0.0502737	0.00916622	0.00595301	0.00525046	0.00696137	0.00268846	0.00322651	0.253892	0.00531729	0.0850122	0.0344441	0.00333437	0.00152749	0.00804176	0.00711168	0.015256	0.0603082	0.432423	0.000743877	0.00906775
22	0.0241197	0.00186277	0.00163192	0.0871799	0.0497263	0.00214486	0.0650059	0.0995612	0.0709549	0.112897	0.0206082	0.0309007	0.00103725	0.18437	0.11647	0.00464072	0.0536784	0.0322274	0.000884738	0.0400983
23	0.00890632	0.0036854	0.000557911	0.00074812	0.00512278	0.000573837	0.00515742	0.46084	0.000698526	0.0358706	0.00402572	0.00463219	0.000322108	0.000764261	0.000841708	0.00377839	0.0161457	0.44399	0.000207812	0.00313174
24	0.0916727	0.0166717	0.033867	0.188693	0.0227228	0.0282357	0.0281394	0.0372861	0.0406751	0.0713551	0.0958244	0.031647	0.0195668	0.0591579	0.0392742	0.0617041	0.0495508	0.0477439	0.00796449	0.0282479
25	0.00819744	0.00323753	0.00053046	0.000698237	0.00484199	0.000563318	0.00567651	0.465708	0.000637308	0.0353245	0.00194348	0.004584	0.000317965	0.000716631	0.000707789	0.00376283	0.0156285	0.443397	0.000204887	0.00332133
26	0.0963867	0.0117591	0.0465818	0.199732	0.00503228	0.0349181	0.0334088	0.0131294	0.107709	0.0277631	0.00588521	0.0622796	0.000591116	0.086307	0.120682	0.0802678	0.0531631	0.0056068	0.000512472	0.0082849
27	0.0470477	0.0188933	0.012135	0.0137277	0.0868234	0.0128865	0.0473662	0.036434	0.0110371	0.036391	0.011673	0.0170793	0.0246028	0.0295359	0.0133814	0.0752013	0.0303889	0.0278085	0.170015	0.277572
28	0.0227528	0.0108424	0.000376661	0.00234706	0.292558	0.000423684	0.000471831	0.0759044	0.000532042	0.391377	0.116777	0.00235505	0.000243494	0.000635284	0.000601458	0.00639886	0.00795616	0.0497351	0.0041656	0.0135451
29	0.25069	0.0010693	0.139616	0.201608	0.000820893	0.00817197	0.0103226	0.00571375	0.0701909	0.0144547	0.000978139	0.0626785	0.00219462	0.0741461	0.0223757	0.0517825	0.0574532	0.0226789	0.000354712	0.00269911
30	0.135457	0.00212226	0.237068	0.145281	0.00147128	0.0865267	0.0745601	0.00421608	0.0187335	0.0102349	0.00487721	0.0784068	0.00353838	0.0520167	0.00982495	0.0950553	0.023778	0.00302945	0.000388951	0.0134139
31	0.421644	0.0335178	0.00213444	0.00415614	0.0190905	0.258321	0.00314957	0.0464289	0.00325453	0.0236365	0.00244396	0.00330621	0.00588655	0.00361442	0.00394323	0.0660833	0.00997773	0.056052	0.00100792	0.0323511
32	0.170787	0.00114955	0.0186481	0.163458	0.0190862	0.0218224	0.0139528	0.0235918	0.048489	0.110877	0.0310313	0.0296967	0.0117446	0.137362	0.0598135	0.0529408	0.0426991	0.0311557	0.00851003	0.00318537
33	0.15279	0.00231668	0.00217864	0.151234	0.00305627	0.00265909	0.0341703	0.00400676	0.0961069	0.0639078	0.0139567	0.00371126	0.00171341	0.0747742	0.247542	0.0162578	0.0483628	0.0463495	0.0325889	0.00231675
34	0.00799658	0.00326735	0.000515535	0.000633259	0.00503693	0.000566656	0.0059184	0.470706	0.000620512	0.0350893	0.00195138	0.00458638	0.000296678	0.000693417	0.000719365	0.0035809	0.0147232	0.439681	0.000209652	0.00320738
35	0.114044	0.00671964	0.0140127	0.0175366	0.00662638	0.0445259	0.0118871	0.0114192	0.469804	0.0240127	0.00601108	0.0260777	0.00417554	0.031563	0.0668865	0.0583437	0.0572182	0.0157453	0.00305793	0.0103331
36	0.140993	0.00100675	0.173078	0.282554	0.00107941	0.00946254	0.00655755	0.00226882	0.105352	0.00985012	0.00134993	0.0568332	0.00185232	0.0795627	0.041255	0.0213683	0.0500596	0.0125631	0.000810949	0.002143
37	0.01632	0.00591531	0.00278636	0.004255	0.0816268	0.00368503	0.0292235	0.416939	0.020627	0.121206	0.0131778	0.00842844	0.00329462	0.0050986	0.00454103	0.0116872	0.122094	0.0720286	0.020719	0.0363468
38	0.0906747	0.00301824	0.2327	0.248234	0.0052923	0.0329298	0.0221483	0.00618012	0.0530999	0.0134198	0.00402975	0.0976067	0.0114082	0.051374	0.0274193	0.0516429	0.0292097	0.0119856	0.00182487	0.00580206
39	0.270715	0.00251363	0.00201594	0.0563538	0.00268273	0.00261048	0.0142843	0.00400656	0.215194	0.015774	0.00249897	0.0133712	0.00139829	0.0145039	0.247025	0.121718	0.00560229	0.00444075	0.000934674	0.00235575
40	0.0433252	0.00215911	0.0016565	0.0360835	0.00183652	0.00198562	0.00519711	0.137517	0.0372553	0.00746072	0.00203367	0.00645725	0.00302178	0.0117283	0.0426391	0.00456075	0.464899	0.186898	0.00078845	0.00249724
41	0.0806724	0.00937158	0.0033617	0.0094453	0.00965426	0.0046808	0.00480191	0.145194	0.0086674	0.0732678	0.0123209	0.00854308	0.0134202	0.00909531	0.0114321	0.0217572	0.366431	0.199217	0.00170986	0.00695607
42	0.0458017	0.0072654	0.0164029	0.0326978	0.00632361	0.0442876	0.0524844	0.0142575	0.236914	0.0288929	0.0327224	0.117624	0.00267866	0.0787668	0.149564	0.0320494	0.028266	0.0592204	0.00209464	0.0116857
43	0.0796855	0.00933867	0.194348	0.0931863	0.0187749	0.048415	0.166342	0.0180381	0.0270127	0.0293471	0.013388	0.0825566	0.0117681	0.0377863	0.0271806	0.0594239	0.0291174	0.0179253	0.0048625	0.0315033
44	0.0613425	0.0101164	0.394961	0.10986	0.0103856	0.0301929	0.022604	0.00787376	0.0318009	0.0126845	0.00515202	0.138732	0.0159604	0.0288376	0.0193594	0.0459538	0.0240308	0.0143716	0.00671714	0.00906437
45	0.0126798	0.00406663	0.00160943	0.00158821	0.00884119	0.000964005	0.00431712	0.387182	0.00154256	0.107484	0.0167817	0.00422685	0.00110519	0.00263963	0.00153094	0.00473106	0.0200589	0.413171	0.00107932	0.00440008
46	0.0816833	0.00947301	0.0308617	0.0574431	0.00914327	0.0317983	0.0284917	0.0214819	0.27449	0.0381855	0.0172171	0.0472327	0.021124	0.0618017	0.120426	0.0532228	0.0431839	0.0327229	0.00520947	0.0148077
47	0.402166	0.0275585	0.0110289	0.0200849	0.00760469	0.0903915	0.00876794	0.0135035	0.0103305	0.0165191	0.00774647	0.0206278	0.0109669	0.0120723	0.0123563	0.264723	0.0342206	0.0176698	0.00352235	0.0081384
48	0.0124533	0.00715181	0.00127064	0.00125305	0.00650471	0.000842518	0.00340351	0.375786	0.00129853	0.055358	0.0196299	0.0049324	0.000400513	0.0016528	0.0017199	0.00496004	0.0192732	0.478778	0.000312102	0.00301909
49	0.101066	0.00922089	0.112071	0.244514	0.0110617	0.0329246	0.0228389	0.0184426	0.0663149	0.0316546	0.0115541	0.0672389	0.0291336	0.0545718	0.0467632	0.0624717	0.039729	0.0229628	0.00329203	0.0121731
50	0.0338903	0.0126913	0.00545764	0.0110308	0.0864949	0.00734462	0.0431532	0.21238	0.0109468	0.0981367	0.0231213	0.0157571	0.00499777	0.0163939	0.00819508	0.0224779	0.0432234	0.0955065	0.0160152	0.232785
51	0.0128895	0.00866873	0.00405173	0.002342	0.420806	0.00135517	0.0155148	0.0431728	0.00121148	0.102884	0.0115454	0.00124458	0.00349727	0.00229329	0.00137138	0.00552595	0.0127172	0.0445795	0.0363132	0.268016
52	0.00236639	0.00190379	0.000782542	0.00121002	0.00955383	0.000879198	0.00101314	0.369231	0.00104593	0.49523	0.00233016	0.000936719	0.000422308	0.00185827	0.0011255	0.0024861	0.00227232	0.104024	0.000332077	0.000996952
53	0.0526371	0.00112147	0.0292698	0.024438	0.00098824	0.0227886	0.00733835	0.00326202	0.368838	0.0256208	0.00186936	0.0413756	0.000467485	0.090039	0.243078	0.0366033	0.0312183	0.011863	0.000399335	0.00678423
54	0.0360526	0.00144375	0.201167	0.291039	0.00257605	0.0434024	0.0190383	0.00194983	0.080471	0.0177812	0.00133357	0.108616	0.000813314	0.0631993	0.0391089	0.0558568	0.0203357	0.0082997	0.00510794	0.00240755
55	0.0451858	0.00358271	0.00876252	0.0353721	0.00112679	0.0150998	0.031716	0.00222382	0.325398	0.0102468	0.00203214	0.0305299	0.000561306	0.13212	0.296057	0.0231314	0.012203	0.0062518	0.000553709	0.0178449
56	0.134955	0.0104156	0.0206054	0.0397332	0.00728596	0.0695358	0.0165043	0.03025	0.125246	0.12159	0.0180795	0.0938555	0.000880624	0.0360411	0.0323888	0.0862514	0.0928753	0.050356	0.000662998	0.0124873
57	0.113785	0.00183735	0.0513711	0.294775	0.00166947	0.0276153	0.0153079	0.00317823	0.093726	0.0121087	0.00382894	0.0240329	0.143914	0.0546324	0.0336776	0.0607788	0.0449953	0.0105661	0.000531207	0.0076684
58	0.0270435	0.00721862	0.00466683	0.00413886	0.242751	0.00272267	0.00876797	0.0221988	0.00316597	0.261117	0.121024	0.00364714	0.00480792	0.00446183	0.00383356	0.00779477	0.00835164	0.0345563	0.120546	0.107186
59	0.0299026	0.00269003	0.00308093	0.00534833	0.0982909	0.00472172	0.0116295	0.160631	0.00361303	0.0769704	0.00464225	0.00373363	0.00131894	0.00859786	0.00651226	0.0103634	0.109517	0.440391	0.00125069	0.0167942
60	0.0512185	0.0180429	0.0310406	0.0325474	0.0319564	0.0256087	0.307267	0.0301522	0.0379898	0.048404	0.0155805	0.0410013	0.0102073	0.0370477	0.0521887	0.0438784	0.0321075	0.0333405	0.0128999	0.10752
61	0.0138231	0.00858461	0.00163272	0.00205513	0.309591	0.00115177	0.0172215	0.116865	0.00200792	0.22748	0.0500833	0.00545661	0.00318792	0.00301825	0.00206775	0.00665888	0.0165045	0.0623164	0.0181699	0.132124
62	0.513093	0.0268727	0.000665922	0.00104903	0.0107475	0.307611	0.00074112	0.00849717	0.000906661	0.0129114	0.000763347	0.00152528	0.0065486	0.0009794	0.00225853	0.0629186	0.00974879	0.017919	0.000280618	0.0139628
63	0.166083	0.115236	0.0117574	0.0171185	0.0151963	0.0203138	0.0164829	0.089039	0.0249046	0.227713	0.0224537	0.0207108	0.00629332	0.026565	0.0783189	0.0403815	0.0443378	0.0368673	0.00512761	0.0150992
64	0.0561504	0.0204978	0.0130243	0.0215316	0.057998	0.0176047	0.0420683	0.0645419	0.0254787	0.0558028	0.0224925	0.0352598	0.0128277	0.0257991	0.0249003	0.0648175	0.202606	0.0551035	0.0136781	0.167817
65	0.180216	0.0295001	0.0216871	0.033452	0.0187024	0.0549501	0.019566	0.0223412	0.0244776	0.0318474	0.0154443	0.03528	0.0119801	0.0212172	0.0213816	0.287564	0.106152	0.0376922	0.00793323	0.0186149
66	0.0886438	0.0025826	0.155601	0.258793	0.00262243	0.0294746	0.0155195	0.00558383	0.0957751	0.0158753	0.00323299	0.0808896	0.022359	0.0744852	0.0466014	0.0509498	0.0338751	0.0109173	0.00186964	0.00434963
67	0.0672252	0.0123547	0.362948	0.120841	0.013615	0.0351203	0.0256411	0.00978684	0.0346423	0.0161227	0.00456974	0.130343	0.0107762	0.0306007	0.0195168	0.0500704	0.0257291	0.0147218	0.00321612	0.012159
68	0.0131827	0.00370706	0.000737599	0.0010877	0.00592598	0.000805438	0.00496702	0.458777	0.000960743	0.0370208	0.00409613	0.0046568	0.000688331	0.00114359	0.00132181	0.00446339	0.0182778	0.434338	0.000246238	0.003596
69	0.0750235	0.02007	0.116503	0.0587995	0.0099333	0.0622517	0.0263551	0.0246319	0.0417791	0.0268142	0.0123531	0.25788	0.0149821	0.0346761	0.0279144	0.0715598	0.0622899	0.0335197	0.00599678	0.0166679
70	0.0953545	0.032584	0.0498161	0.0355147	0.00925179	0.0771541	0.0268617	0.0177081	0.0296911	0.020894	0.00991478	0.220951	0.0125138	0.0275567	0.0196163	0.200121	0.0730512	0.0227956	0.00401353	0.0146357
71	0.0185854	0.00572385	0.00452801	0.00659092	0.00627444	0.00543863	0.00703799	0.18339	0.00732343	0.14135	0.0912476	0.0429062	0.0049348	0.0166291	0.00712467	0.0163309	0.402698	0.0226886	0.00286318	0.00633447
72	0.503636	0.0253222	0.000630601	0.0086578	0.000629523	0.0632415	0.000746374	0.00664088	0.00082361	0.00142606	0.00436339	0.00560356	0.000717574	0.00092845	0.000888147	0.349428	0.0193185	0.0059902	0.000247112	0.000760277
73	0.0186472	0.0151854	0.00151886	0.00208722	0.103747	0.00159819	0.0743874	0.124733	0.00210615	0.0306839	0.0019301	0.00999505	0.00232851	0.0169105	0.00190379	0.0184143	0.0537315	0.0384794	0.02451	0.457102
74	0.251117	0.0105888	0.00556835	0.00182384	0.00250028	0.541417	0.00162544	0.00296355	0.00160068	0.00464784	0.00147535	0.0503468	0.00947663	0.00876913	0.0138743	0.0745418	0.00816238	0.00543669	0.000500587	0.00356439
75	0.014758	0.00905443	0.00165211	0.00185507	0.0524268	0.00133686	0.0076164	0.106816	0.00633757	0.565739	0.0848877	0.00187841	0.00110383	0.01475	0.0171803	0.00453954	0.00757377	0.0555872	0.00185698	0.04305
76	0.0360216	0.0754812	0.00346717	0.00671469	0.0272594	0.0298709	0.00569776	0.00805458	0.00620021	0.165785	0.431503	0.0291758	0.00319325	0.0293014	0.00713346	0.0638266	0.0557697	0.00909495	0.00184866	0.00460153
77	0.00298857	0.00258793	0.0012457	0.0017948	0.0203967	0.000671252	0.00249528	0.223666	0.00405251	0.451266	0.1031	0.00195608	0.000180739	0.00907502	0.000494448	0.00204604	0.0144367	0.14134	0.00889167	0.00731496
78	0.051305	0.000716725	0.0255481	0.0222158	0.000886482	0.020079	0.00609153	0.00229061	0.384619	0.026443	0.00156273	0.0423923	0.000496658	0.0913196	0.236934	0.0366584	0.0318904	0.0116052	0.000380217	0.00656548
79	0.144233	0.000744822	0.247307	0.152408	0.00132821	0.082936	0.0653612	0.00452805	0.0160674	0.0115492	0.00366508	0.0742631	0.00421258	0.0467317	0.0124757	0.0905832	0.0252572	0.00163179	0.000421702	0.0142941
80	0.542039	0.0263014	0.000565547	0.000783003	0.00906399	0.287363	0.0006934	0.00738684	0.000750339	0.0093646	0.000619151	0.00155967	0.00727349	0.000760776	0.00168751	0.0634918	0.0104712	0.0167535	0.00021613	0.0128555
81	0.0385753	0.00780981	0.0057465	0.00673331	0.0278178	0.00328625	0.0181525	0.111111	0.0444983	0.364528	0.0824379	0.00401301	0.000485947	0.0256713	0.0208014	0.0123722	0.0367539	0.149541	0.00446497	0.0352002
82	0.0810238	0.00215259	0.0026248	0.0139199	0.059204	0.0123615	0.035757	0.212539	0.00344332	0.0709883	0.00474748	0.00273862	0.000951572	0.0180236	0.00656235	0.0194017	0.0664846	0.355495	0.000930454	0.0306503
83	0.00292915	0.00259945	0.00108183	0.00165088	0.0204918	0.000576154	0.00245153	0.224528	0.00406328	0.449828	0.103718	0.00189327	0.000180328	0.00948695	0.000491608	0.00190759	0.0140798	0.141158	0.00923261	0.00765184
84	0.0408894	0.00735167	0.0048694	0.00530858	0.0285485	0.0041636	0.0148746	0.0980987	0.0373232	0.408101	0.0744486	0.00341263	0.000406482	0.025568	0.0167503	0.0131845	0.0330391	0.146855	0.00413596	0.0326703
85	0.067289	0.00288851	0.0458579	0.120695	0.00267123	0.010531	0.00744571	0.017003	0.118048	0.010558	0.00385166	0.0265497	0.388939	0.026966	0.0270495	0.0561078	0.0475915	0.0134467	0.000932366	0.00557836
86	0.189904	0.0025852	0.0197579	0.1233	0.0206992	0.0394758	0.0211415	0.0278732	0.0690285	0.0872211	0.0263009	0.0509391	0.00228084	0.0888611	0.0372338	0.07439	0.0683065	0.0418661	0.00239021	0.00644555
87	0.141926	0.000757077	0.252224	0.14732	0.00132971	0.0833374	0.067276	0.00444189	0.0151731	0.0116283	0.0037665	0.0748501	0.00400607	0.0460639	0.011235	0.0928661	0.0254087	0.00158656	0.000387334	0.0144166
88	0.0428175	0.00347797	0.012695	0.00993797	0.00743082	0.00224229	0.00380379	0.198932	0.0087849	0.108878	0.0312787	0.00224105	0.00183886	0.019529	0.00588217	0.00835702	0.0720179	0.439629	0.000462957	0.0197634
89	0.2197	0.00308987	0.0031715	0.00304598	0.00170963	0.00690289	0.00205037	0.0106728	0.00318046	0.00389725	0.00185833	0.00214818	0.583647	0.00224444	0.00352629	0.130462	0.00543085	0.010779	0.00065786	0.00182515
90	0.00441851	0.00849668	0.001352	0.00188866	0.0231423	0.00159996	0.00169218	0.065761	0.00211377	0.474552	0.384493	0.00208422	0.00656808	0.00208001	0.00237371	0.00335442	0.00348247	0.00618672	0.00191183	0.00244871
91	0.00569216	0.00997336	0.00135499	0.00193789	0.0250338	0.00207431	0.00164244	0.0634328	0.002261	0.524786	0.324764	0.00242587	0.00800487	0.00257367	0.0024241	0.00427073	0.00468631	0.00746853	0.00244814	0.00274592
92	0.496609	0.0293558	0.000694417	0.0082065	0.000949947	0.0626706	0.000739607	0.0067976	0.000841834	0.00215341	0.00478662	0.00584316	0.000683406	0.000983029	0.0011402	0.346739	0.022506	0.00695308	0.000274849	0.00107212
93	0.0130894	0.00468015	0.00404478	0.00568782	0.0231057	0.0097541	0.199839	0.0116445	0.128104	0.0752448	0.00437138	0.00513682	0.00207521	0.013919	0.46047	0.0085402	0.00835105	0.0118892	0.00189776	0.00815581
94	0.0485879	0.013229	0.0153197	0.0186127	0.0126728	0.014371	0.01262	0.0643101	0.0225841	0.0395286	0.0199495	0.0309165	0.0107591	0.0223759	0.0209807	0.133156	0.416243	0.0628039	0.00462153	0.0163577
95	0.0532675	0.0162746	0.0346156	0.0314371	0.0300847	0.0197853	0.342168	0.0311163	0.0308952	0.0461469	0.017354	0.0375912	0.0151696	0.0320251	0.0430101	0.0406168	0.0341537	0.0277904	0.0141107	0.102387
96	0.20026	0.0174125	0.0379053	0.0373168	0.00976736	0.359361	0.0159263	0.0158237	0.0244708	0.0169801	0.00677826	0.0709698	0.00695818	0.0191682	0.0257951	0.0783439	0.0229182	0.0202213	0.00238049	0.011243
97	0.0645651	0.00899227	0.0258972	0.0622829	0.0114925	0.0237805	0.0306134	0.0264074	0.159944	0.0588096	0.0164056	0.0342803	0.0118493	0.135604	0.198389	0.0437752	0.0357688	0.02979	0.0056775	0.0156752
98	0.0524522	0.00505724	0.0212867	0.030399	0.00359754	0.00341883	0.0048084	0.0149003	0.0422866	0.0103777	0.00506825	0.00873444	0.555934	0.0105548	0.0249949	0.0545172	0.111732	0.0343121	0.0013924	0.00417574
99	0.432328	0.0291194	0.005518	0.0140159	0.00488447	0.0658237	0.00340712	0.00935168	0.00573517	0.00779032	0.00681888	0.00976886	0.0134117	0.00594844	0.0058717	0.330371	0.0298851	0.0143804	0.000880025	0.00468999
100	0.00582535	0.00365271	0.00150581	0.00151164	0.00141315	0.00140006	0.00141451	0.00212071	0.00155596	0.00264777	0.00126622	0.00161458	0.000709458	0.0015666	0.00177477	0.330123	0.618311	0.0195625	0.000484578	0.00154004
101	0.119019	0.00459273	0.0146903	0.0245259	0.00430815	0.00596092	0.00527646	0.0111845	0.020633	0.0101742	0.00485185	0.0109433	0.590489	0.0117557	0.0115843	0.0942304	0.0245722	0.0189264	0.00653053	0.00575084
102	0.00582535	0.00365271	0.00150581	0.00151164	0.00141315	0.00140006	0.00141451	0.00212071	0.00155596	0.00264777	0.00126622	0.00161458	0.000709458	0.0015666	0.00177477	0.330123	0.618311	0.0195625	0.000484578	0.00154004
103	0.0330748	0.00599662	0.00618497	0.0192154	0.00633411	0.00817068	0.0342739	0.0909007	0.0756202	0.0147838	0.0104679	0.0422331	0.00440657	0.0138124	0.0614323	0.016571	0.447969	0.0986029	0.00238857	0.00756096
104	0.00423558	0.00263521	0.00102313	0.00182914	0.0229253	0.000705283	0.00253114	0.19891	0.0034814	0.481259	0.100166	0.00214947	0.000240408	0.00762486	0.000814049	0.00240544	0.0125537	0.141695	0.0061307	0.00668596
105	0.368603	0.0186192	0.0156518	0.013956	0.00765035	0.343838	0.00603826	0.00869515	0.00693087	0.0112732	0.00313877	0.0333694	0.00688877	0.0101832	0.0110141	0.094849	0.0146891	0.0142872	0.000814729	0.00950949
106	0.0660636	0.016703	0.0438488	0.0638315	0.0100058	0.0410097	0.0844392	0.0181918	0.189171	0.0258966	0.0139838	0.142363	0.00633706	0.0489365	0.0557939	0.0640748	0.0548374	0.0292981	0.00409131	0.0211229
107	0.0975386	0.00783441	0.0967976	0.221497	0.00963761	0.0284897	0.0238096	0.0194162	0.0723145	0.0371687	0.0128334	0.0594947	0.0285051	0.0974173	0.0497357	0.0584962	0.0376393	0.0264424	0.00415538	0.0107766
108	0.0210141	0.0110599	0.000349849	0.00204052	0.299023	0.000407064	0.000450273	0.0830155	0.000515827	0.375301	0.120317	0.00199747	0.000236698	0.000609193	0.00056651	0.00647128	0.00882912	0.0523676	0.00316787	0.0122606
109	0.190586	0.00375458	0.0143543	0.108044	0.0161222	0.0539462	0.0177113	0.0366237	0.0836557	0.0988181	0.025925	0.0569315	0.00215649	0.0745385	0.0292424	0.0639242	0.0656293	0.0490839	0.00212512	0.00682828
110	0.031067	0.0102094	0.0125821	0.0111374	0.00952172	0.0133883	0.0123119	0.0655158	0.0118987	0.0199083	0.011203	0.294214	0.0042108	0.0155341	0.0138287	0.0309244	0.0381732	0.336005	0.00410476	0.0542619
111	0.0158103	0.00712614	0.0025154	0.00203324	0.411755	0.00122362	0.0213279	0.0586347	0.00134571	0.0942301	0.00955968	0.0018435	0.0041499	0.00310764	0.00162267	0.00418552	0.0202807	0.049485	0.0340139	0.25575
112	0.409775	0.0242355	0.00124138	0.024346	0.0246338	0.0100326	0.00161815	0.0494046	0.00208378	0.0261292	0.00595965	0.00201424	0.000940369	0.00201189	0.00200163	0.0145624	0.0220602	0.344794	0.000554809	0.0316012
113	0.175529	0.0142688	0.0134409	0.030583	0.0142183	0.00236826	0.083699	0.0475474	0.0257682	0.0155814	0.0380029	0.026936	0.00142995	0.00376224	0.00367173	0.0186775	0.0281002	0.0699565	0.0488461	0.337613
114	0.074004	0.0133034	0.0275068	0.0478104	0.013092	0.0279563	0.0416759	0.0260875	0.13704	0.0544427	0.0143054	0.0413441	0.00978778	0.0570858	0.264822	0.0450371	0.0443299	0.0364588	0.00521122	0.0186982
115	0.0123217	0.00699076	0.000734503	0.00164026	0.101951	0.00065284	0.00285061	0.125065	0.00135559	0.537176	0.101512	0.00163177	0.000766239	0.00597717	0.00530842	0.00326758	0.00686703	0.0634052	0.0030232	0.0175038
116	0.0914231	0.00727113	0.0575327	0.161089	0.0043311	0.0408298	0.0316572	0.013757	0.116207	0.0199188	0.00613508	0.0664789	0.00030982	0.0865718	0.136152	0.0867779	0.0602446	0.00381737	0.000320913	0.00917458
117	0.102066	0.000779216	0.0530981	0.306105	0.000813154	0.0214535	0.00960163	0.00227914	0.113796	0.012242	0.00333749	0.0186767	0.146679	0.0590572	0.0404943	0.0508741	0.0391741	0.0110971	0.000302049	0.0080736
118	0.00508453	0.00981094	0.00171202	0.00222081	0.147994	0.00182815	0.0438486	0.285951	0.00296717	0.181305	0.049941	0.0297257	0.00891169	0.00236508	0.00213511	0.013616	0.0222113	0.107965	0.00620669	0.0742004
119	0.0251767	0.0176958	0.00243243	0.0336935	0.032752	0.00296193	0.00304748	0.00509284	0.0606481	0.138917	0.142465	0.00427699	0.0470742	0.0343604	0.047697	0.151889	0.136155	0.0205509	0.0011865	0.0919272
120	0.500754	0.0263863	0.000656001	0.000862652	0.0085843	0.331371	0.000705275	0.00729558	0.000774183	0.00969532	0.000751141	0.00193383	0.0071126	0.000886672	0.00273876	0.061704	0.00887286	0.0168574	0.000244897	0.011813
121	0.075125	0.0101024	0.0284611	0.0447788	0.00967413	0.0257649	0.0236912	0.0275692	0.288471	0.0529975	0.0144773	0.0422898	0.00971098	0.0609452	0.144833	0.048725	0.0420878	0.029672	0.00417689	0.0164474
122	0.0210141	0.0110599	0.000349849	0.00204052	0.299023	0.000407064	0.000450273	0.0830155	0.000515827	0.375301	0.120317	0.00199747	0.000236698	0.000609193	0.00056651	0.00647128	0.00882912	0.0523676	0.00316787	0.0122606
123	0.32145	0.0140054	0.0106489	0.0135014	0.00228829	0.217415	0.00483645	0.00693114	0.00606444	0.00495542	0.00347649	0.0965475	0.00271805	0.00753184	0.0101381	0.247451	0.0198284	0.00661758	0.000821512	0.00277233
124	0.204153	0.0143852	0.0338539	0.0301696	0.00812872	0.38975	0.0144198	0.0115709	0.0193492	0.0156758	0.00515002	0.0700509	0.00785943	0.0175919	0.0270557	0.0827014	0.0225214	0.0150481	0.00161388	0.00895146
125	0.293148	0.0400985	0.016173	0.0211383	0.0103247	0.0468804	0.00999232	0.0184265	0.0142768	0.0268347	0.0135632	0.0281266	0.00687818	0.015244	0.0128827	0.266875	0.110462	0.037024	0.00302628	0.00862528
126	0.006032	0.00394657	0.00154628	0.00156292	0.00153282	0.00152766	0.00167599	0.00259821	0.00177057	0.00283177	0.00162338	0.00196901	0.000800385	0.00184288	0.00204423	0.326097	0.616982	0.0214826	0.00054695	0.00158674
127	0.199114	0.0147032	0.0346454	0.0292506	0.00715401	0.398444	0.0119959	0.00865176	0.0165223	0.016294	0.00520145	0.0744801	0.00762966	0.0200639	0.0237944	0.0826641	0.0228297	0.0150404	0.00215031	0.00937153
128	0.0516495	0.0455388	0.0405832	0.00750676	0.00405925	0.0323545	0.0251915	0.0224066	0.0125823	0.0103823	0.00538682	0.327089	0.00412738	0.0182992	0.0166463	0.103443	0.191467	0.0652706	0.00158906	0.0144269
129	0.0158322	0.0122512	0.00736268	0.00394092	0.419886	0.00226742	0.0105655	0.0301568	0.00212767	0.0867447	0.0151018	0.00134924	0.00237766	0.00251064	0.00193476	0.0104638	0.00910741	0.0341375	0.0356626	0.29622
130	0.339544	0.0154215	0.00909953	0.0138991	0.00245464	0.157836	0.00495731	0.0086953	0.0063854	0.00546685	0.00415172	0.104061	0.00160963	0.00705422	0.00822289	0.277416	0.022151	0.00747686	0.000967236	0.00312904
131	0.377458	0.025127	0.0227907	0.0310402	0.0100064	0.0780136	0.00979298	0.0120231	0.0153369	0.0142424	0.00854388	0.0233527	0.015467	0.013119	0.0124043	0.265792	0.0343871	0.0169333	0.00166335	0.0125059
132	0.0316678	0.0105125	0.0653923	0.0124174	0.0631001	0.0125182	0.419225	0.0723799	0.0137463	0.0864688	0.0611395	0.0137952	0.00557813	0.0181244	0.0179523	0.0218299	0.0250744	0.0263714	0.00465021	0.0180562
133	0.0409162	0.00977016	0.00708444	0.00494741	0.0289796	0.00324938	0.0215506	0.105353	0.0434418	0.369816	0.0759516	0.00519853	0.000410111	0.0307066	0.0208274	0.0131253	0.0352681	0.136949	0.00525077	0.0412031
134	0.386853	0.0314694	0.00128421	0.0133357	0.039771	0.00585521	0.00205323	0.0577979	0.00208611	0.0281212	0.0111726	0.00226775	0.000912313	0.00223561	0.00204694	0.0436169	0.0202914	0.331445	0.000710365	0.0166748
135	0.26719	0.0866129	0.00144066	0.00262522	0.0128098	0.0234795	0.00169035	0.015683	0.0017467	0.0156321	0.0160583	0.00274857	0.00111103	0.00206804	0.00215083	0.397855	0.0992912	0.0419668	0.000626513	0.00721401
136	0.0409697	0.0292249	0.0415129	0.017879	0.294235	0.0056346	0.00995042	0.0125731	0.00405997	0.0966948	0.00981337	0.00394333	0.0051675	0.00549518	0.00382495	0.0325921	0.00936738	0.0359668	0.0478155	0.293279
137	0.07458	0.00279809	0.0487945	0.068874	0.00230734	0.00686944	0.00604336	0.00813336	0.0566959	0.00682345	0.00375286	0.01344	0.530747	0.0168107	0.0257681	0.074988	0.0341261	0.0134597	0.00100382	0.00398414
138	0.0248608	0.000833904	0.25452	0.256404	0.00300762	0.0398666	0.0160529	0.00135922	0.063872	0.0131482	0.000951028	0.146247	0.000409446	0.0608707	0.0263955	0.0582544	0.0228462	0.00550871	0.00278281	0.00180996
139	0.0516789	0.00195787	0.00300147	0.00668503	0.0476463	0.00469724	0.0175132	0.240986	0.00293267	0.0864662	0.00787305	0.00137189	0.000723578	0.0133568	0.0076321	0.0126357	0.0783875	0.382704	0.000648262	0.031103
140	0.0303029	0.00315528	0.565693	0.00858749	0.0037483	0.00670527	0.00644149	0.00510002	0.0487736	0.00646382	0.00324477	0.257048	0.0170625	0.00467657	0.00438532	0.00902786	0.00784441	0.00694821	0.00142309	0.00336784
141	0.0463224	0.0145039	0.0142464	0.0187059	0.0791492	0.0161503	0.0340856	0.0362495	0.0189946	0.0823865	0.0328747	0.019897	0.0498285	0.0421306	0.0226873	0.0504822	0.0347544	0.0352954	0.263998	0.0872581
142	0.0436246	0.00229079	0.00183514	0.0699808	0.0154431	0.0133926	0.0322094	0.0951443	0.0355447	0.0554624	0.0261228	0.00298938	0.246487	0.134625	0.0897437	0.0502192	0.0054235	0.0639782	0.00188906	0.0135935
143	0.0325985	0.00800694	0.00416425	0.0038932	0.225759	0.00261388	0.0652465	0.0132443	0.00324991	0.120846	0.00417613	0.00379241	0.0796078	0.0487343	0.0218772	0.0118346	0.0123807	0.0246097	0.158637	0.154728
144	0.145095	0.00374739	0.0198195	0.116375	0.0137459	0.0199179	0.013	0.033255	0.0369996	0.0949203	0.0400094	0.085335	0.00521641	0.144303	0.0366716	0.0920211	0.0524005	0.0383509	0.00398978	0.00482624
145	0.125164	0.00173793	0.00888488	0.167188	0.0283044	0.0131499	0.0115803	0.0235754	0.0393274	0.110264	0.0370481	0.0146371	0.103707	0.125476	0.0774331	0.0391714	0.03167	0.023735	0.0141708	0.00377542
146	0.0293148	0.0123974	0.00470467	0.003125	0.266061	0.00163693	0.0516123	0.0431698	0.00185626	0.134372	0.00611845	0.00303716	0.0365529	0.0173682	0.00773966	0.00647384	0.0199776	0.0485211	0.0659525	0.240008
147	0.0972818	0.0523174	0.00293193	0.00346268	0.00857767	0.0136362	0.0025573	0.00998528	0.00243381	0.0133827	0.0104933	0.00430941	0.00289532	0.00431661	0.00310589	0.357983	0.35002	0.0540892	0.000795534	0.00542548
148	0.0427058	0.00499742	0.0019506	0.00915998	0.00223074	0.00265663	0.00348857	0.165621	0.00980921	0.0205552	0.0108464	0.0105565	0.0126197	0.00795962	0.0106087	0.00736537	0.568001	0.104769	0.000813579	0.00328516
149	0.0870842	0.0167197	0.0429219	0.0748266	0.022121	0.0274945	0.0378027	0.0327763	0.0768642	0.0559153	0.0240138	0.0511119	0.0231333	0.15364	0.0720769	0.0657997	0.054264	0.0438269	0.00857218	0.029035
150	0.01501	0.00388441	0.00183158	0.00230586	0.00827387	0.001497	0.0050088	0.425434	0.00308718	0.0628154	0.0119808	0.00644718	0.000553134	0.00324484	0.00328044	0.00583661	0.0293402	0.403682	0.000640229	0.0058467
151	0.0386249	0.00161593	0.242807	0.255051	0.00324974	0.0369341	0.0177887	0.00261346	0.0590839	0.016437	0.00159987	0.143933	0.000906685	0.0604547	0.0270304	0.0579238	0.0218851	0.00700026	0.00272648	0.00233361
152	0.0251393	0.00878938	0.0903306	0.0112146	0.00691185	0.00909136	0.0540667	0.0131016	0.0128913	0.0163741	0.00772783	0.210686	0.267469	0.0500764	0.0111623	0.119514	0.0555975	0.0174724	0.00336866	0.00901474
153	0.0469262	0.0438782	0.00848878	0.0193605	0.0307194	0.00819202	0.311921	0.016532	0.00902469	0.0216247	0.00730801	0.0451617	0.0327386	0.0251565	0.0153427	0.026298	0.0195392	0.0135119	0.0137936	0.284482
154	0.093123	0.0137092	0.368607	0.097211	0.00624106	0.0353381	0.0230365	0.00570377	0.0289421	0.0111228	0.00417984	0.171693	0.00775858	0.027949	0.0171929	0.0487578	0.0219298	0.0103321	0.000954823	0.00621794
155	0.096963	0.0605289	0.0265478	0.0122124	0.0674929	0.0562692	0.0936982	0.00637457	0.00626844	0.00810826	0.00582792	0.0624654	0.00433712	0.0469044	0.0289551	0.0870666	0.0632787	0.00757995	0.0599588	0.199162
156	0.00413024	0.00448016	0.00100564	0.00115904	0.0276053	0.000696673	0.00244548	0.279504	0.00404912	0.347618	0.125014	0.0033191	0.000321979	0.0102235	0.000914485	0.00315643	0.0195599	0.146302	0.0096634	0.00883035
157	0.288608	0.0870129	0.00164433	0.00254707	0.0115467	0.0293343	0.00170737	0.0134515	0.00182691	0.0141841	0.0145809	0.00403963	0.00124188	0.00231923	0.00237214	0.379813	0.0931498	0.0431741	0.000539923	0.00690615
158	0.187156	0.00423385	0.0330215	0.154002	0.0183677	0.0282496	0.0216418	0.016128	0.054154	0.0743128	0.0217212	0.0510918	0.00310385	0.0954946	0.0604939	0.0879998	0.0506585	0.0300193	0.00271227	0.00543795
159	0.0186464	0.00722974	0.00223162	0.00238648	0.0538242	0.00168508	0.0100738	0.103033	0.00994492	0.54503	0.0634283	0.0019503	0.000623564	0.0202319	0.0200494	0.00578532	0.00992058	0.0699104	0.00179782	0.0522174
160	0.0152858	0.0938756	0.00969029	0.00677884	0.338711	0.0228067	0.00544051	0.00679648	0.00467372	0.152846	0.00567074	0.00512694	0.00210467	0.00542229	0.00482783	0.0886423	0.00936099	0.0129553	0.00868509	0.200299
161	0.138387	0.000959933	0.251275	0.144957	0.00134681	0.0832664	0.0701203	0.00430354	0.0154954	0.0111366	0.00397464	0.0765635	0.00380386	0.048887	0.0107486	0.0929339	0.0250131	0.00179533	0.000383626	0.0146483
162	0.355709	0.0743388	0.019992	0.00321902	0.00218872	0.0844429	0.0040132	0.0165979	0.00450802	0.0331421	0.00266402	0.111338	0.00118424	0.00447669	0.0325641	0.09862	0.113553	0.0212375	0.00101461	0.015196
163	0.209457	0.0135778	0.00193799	0.0153881	0.00262319	0.058421	0.00261616	0.0698119	0.0606641	0.00519856	0.0141441	0.0261511	0.0011141	0.0145354	0.118229	0.206508	0.0770227	0.0986983	0.00120229	0.00269936
164	0.0198435	0.00662262	0.0100493	0.00970628	0.0146694	0.0475374	0.260567	0.050133	0.0337674	0.132359	0.00860606	0.00937905	0.00436669	0.0484561	0.252615	0.0161262	0.0140864	0.0480918	0.00415757	0.00885913
165	0.138203	0.0293175	0.00163555	0.00222405	0.0566727	0.00189747	0.0157949	0.156492	0.00320187	0.248606	0.0280633	0.00921645	0.00143869	0.00281026	0.00295749	0.0648865	0.138965	0.070272	0.0116557	0.0156902
166	0.0642483	0.00858992	0.097249	0.0485071	0.00320613	0.352474	0.0246376	0.00261907	0.0268462	0.00301111	0.00153581	0.220886	0.000708942	0.0141625	0.0389324	0.0712313	0.0143884	0.00352699	0.00059298	0.00264608
167	0.067493	0.0154428	0.0274154	0.00461593	0.00308532	0.0426821	0.021425	0.0319083	0.00768088	0.00866005	0.00378017	0.323406	0.00182178	0.0263517	0.0333576	0.0834273	0.187458	0.0874442	0.00124481	0.0212996
168	0.00812305	0.00329154	0.000461541	0.000639347	0.00464415	0.000519715	0.00419858	0.510277	0.000630091	0.0328258	0.00200205	0.00486178	0.000274627	0.00066714	0.000705965	0.00308736	0.0135772	0.406477	0.000200196	0.00253586
169	0.0085219	0.00255731	0.00243947	0.0031935	0.0170582	0.00115767	0.00313057	0.162464	0.00314023	0.55736	0.0794311	0.00268603	0.0003773	0.0063597	0.00220959	0.00409267	0.014435	0.11488	0.0039909	0.0105146
170	0.00897098	0.00227921	0.0131337	0.0161867	0.00656218	0.00512956	0.0121596	0.208216	0.0023527	0.466924	0.0730237	0.00585669	0.00053144	0.00416866	0.00126503	0.0114132	0.0355588	0.117087	0.0057269	0.00345453
171	0.0414811	0.00314481	0.257357	0.144215	0.00426297	0.11747	0.0209068	0.00229862	0.0490525	0.00717558	0.00157255	0.205883	0.00197648	0.0377008	0.026125	0.0525768	0.0168065	0.00565736	0.0013602	0.00297565
172	0.0244412	0.0111173	0.000479933	0.00260966	0.283219	0.000525989	0.000626837	0.0603519	0.000656457	0.413746	0.115237	0.0031627	0.000292624	0.000739005	0.000701268	0.00647618	0.00655641	0.0431091	0.00985931	0.0160926
173	0.157917	0.192339	0.30397	0.00334222	0.0022685	0.00240103	0.00278069	0.0037999	0.00300268	0.00501273	0.00239732	0.158375	0.00131245	0.00318028	0.00354312	0.130021	0.0166611	0.00421791	0.000836329	0.00262351
174	0.0426651	0.00722322	0.00503675	0.00982821	0.0070083	0.0067754	0.0113013	0.0211766	0.180688	0.0689272	0.00682156	0.0127137	0.00317843	0.145712	0.210597	0.0183987	0.066156	0.166202	0.00244943	0.00714101
175	0.0630679	0.00951033	0.382946	0.109019	0.00811622	0.0431072	0.0236064	0.00900453	0.0332167	0.0135077	0.0058127	0.139035	0.0125002	0.0303842	0.0206993	0.0467989	0.0240318	0.0158625	0.00206096	0.00771301
176	0.0152378	0.0150063	0.00126749	0.00166399	0.0400848	0.00142559	0.00163864	0.436905	0.00193951	0.056302	0.17846	0.00761082	0.000846284	0.00308667	0.00260064	0.00895323	0.0323998	0.189941	0.00184333	0.002787
177	0.0542125	0.017391	0.0189858	0.0217922	0.066273	0.018686	0.0287448	0.0408011	0.0231945	0.0879439	0.0345385	0.0235487	0.0451632	0.0400039	0.0256645	0.0512177	0.0369351	0.0384755	0.241852	0.0845763
178	0.0981439	0.00498821	0.00442156	0.00750501	0.00445026	0.0474302	0.00434775	0.0282358	0.0062079	0.111653	0.0686873	0.0279655	0.00223925	0.0812583	0.0299844	0.283484	0.171794	0.00997497	0.00201279	0.0052158
179	0.0539266	0.028799	0.011143	0.0160448	0.23462	0.0138976	0.0326468	0.0298241	0.0111856	0.0611335	0.014894	0.0110904	0.00893258	0.015596	0.0104973	0.0699183	0.0263643	0.0235113	0.0253461	0.300628
180	0.00783059	0.0032559	0.000452165	0.000622915	0.00477862	0.000516669	0.00427314	0.514247	0.00060102	0.0324505	0.00190743	0.00486947	0.000277002	0.000638995	0.00069444	0.00302834	0.0131356	0.403716	0.000189287	0.00251481
181	0.314611	0.0623578	0.00134678	0.00518846	0.00787737	0.0347042	0.0015609	0.0100997	0.00170852	0.00985032	0.0162478	0.003885	0.000900481	0.00209759	0.00163934	0.444392	0.0545065	0.0218561	0.00064103	0.00452892
182	0.0363237	0.00766824	0.0132975	0.00489343	0.0330027	0.00346898	0.0153495	0.103236	0.0358092	0.360063	0.0945643	0.0044909	0.000608782	0.03643	0.0262235	0.0150662	0.0279509	0.133795	0.012644	0.0351144
183	0.0641963	0.00609914	0.0900377	0.0600903	0.0032664	0.406712	0.0220986	0.00205746	0.0293202	0.00301357	0.00135067	0.163042	0.000689786	0.0149158	0.0459656	0.0671536	0.013691	0.00287934	0.000508888	0.00291183
184	0.0143824	0.00873031	0.00294153	0.0018238	0.317966	0.00108268	0.0305447	0.0581159	0.00131439	0.0843283	0.00781357	0.00274966	0.00429776	0.00515144	0.00149255	0.00724287	0.0205195	0.0502018	0.0303186	0.348982
185	0.108962	0.0142475	0.00188141	0.0091919	0.0271397	0.0142652	0.00276755	0.0375776	0.00354127	0.0926202	0.0378472	0.00307265	0.0761269	0.0216931	0.0175406	0.0867698	0.183218	0.245498	0.00108929	0.0149499
186	0.0679345	0.00460333	0.018502	0.0195726	0.00355531	0.020633	0.00371935	0.163532	0.0741037	0.039317	0.0248303	0.0202383	0.00158112	0.00622674	0.0298727	0.0382428	0.0196153	0.436709	0.00155693	0.00565375
187	0.187425	0.000963111	0.0493607	0.276322	0.0011091	0.0201101	0.00742705	0.00283304	0.123015	0.00988993	0.00653442	0.0148726	0.109365	0.0572378	0.0291547	0.0454595	0.0400554	0.0123689	0.000429389	0.00606693
188	0.0653092	0.00440455	0.140005	0.150724	0.00781835	0.161951	0.0292508	0.00508899	0.0680575	0.0110177	0.00266425	0.129631	0.00177243	0.055036	0.0478118	0.0767509	0.0251903	0.00562928	0.00148323	0.010404
189	0.11873	0.00290431	0.0429458	0.298975	0.00417621	0.0347943	0.0137773	0.00510614	0.08719	0.0139741	0.00532275	0.0197617	0.123396	0.0496698	0.0322885	0.0724028	0.0526862	0.0133267	0.00126721	0.00730491
190	0.0087357	0.00380461	0.000541716	0.000812506	0.0047098	0.000692571	0.00457813	0.454034	0.000738953	0.0342402	0.00230151	0.0049694	0.000357676	0.000915624	0.000852146	0.00356268	0.0332869	0.437497	0.000239597	0.00312852
191	0.189637	0.0142905	0.0345025	0.0271958	0.00962489	0.395488	0.0160796	0.010582	0.0175202	0.0168529	0.00865753	0.0766463	0.00583593	0.0180814	0.025999	0.0808739	0.0282967	0.0135447	0.00216344	0.00812718
192	0.183488	0.0295475	0.0261338	0.0325173	0.0146961	0.0504423	0.0162377	0.0221438	0.0264178	0.0293919	0.0143474	0.0310394	0.0213966	0.0220037	0.0270559	0.289874	0.115035	0.0282696	0.0042588	0.0157036
