387	20
1	0.111899	0.000631124	0.0384714	0.0261533	0.00543003	0.0474648	0.0286176	0.00404303	0.0509301	0.00884429	0.00186317	0.0827884	0.0230922	0.0464909	0.031741	0.301464	0.1667	0.0152124	0.000341331	0.00782132
2	0.0271778	0.0246059	0.00205236	0.00306666	0.0250205	0.0279347	0.0175235	0.0177316	0.0384706	0.0306827	0.0158087	0.00554632	0.0214802	0.00854036	0.114356	0.0137784	0.0159638	0.0130266	0.477852	0.0993814
3	0.0808119	0.00138847	0.0218421	0.0541779	0.002037	0.00330707	0.0117785	0.00321345	0.237555	0.00469309	0.00323654	0.134075	0.0469457	0.0492235	0.1147	0.066988	0.156927	0.004927	0.000853336	0.00132008
4	0.53844	0.0121147	0.00477523	0.0028162	0.00227095	0.0959172	0.00608101	0.0105837	0.00343727	0.00641296	0.00485217	0.00625739	0.00613508	0.00483275	0.00631499	0.203183	0.0580242	0.025664	0.00069352	0.00119405
5	0.0274745	0.00306174	0.0228443	0.0258265	0.00249059	0.020101	0.0291371	0.00565846	0.384051	0.0112847	0.0102837	0.112366	0.011192	0.0371693	0.175854	0.0437443	0.0593673	0.0124611	0.00397336	0.00165906
6	0.0211832	0.0298575	0.00200808	0.00178611	0.0333159	0.0269164	0.0139146	0.0155433	0.0206575	0.0297435	0.0108121	0.00299654	0.0134521	0.00227226	0.0336308	0.0115691	0.00916559	0.00888545	0.589193	0.123097
7	0.013093	0.0307758	0.000697482	0.000903684	0.0216936	0.01868	0.0144762	0.0106769	0.0249527	0.0139245	0.00765479	0.00119212	0.00546792	0.00118095	0.0356752	0.00508556	0.00345035	0.00331023	0.626379	0.16073
8	0.0103296	0.000667935	0.000301284	0.000451916	0.257404	0.00702723	0.0255852	0.00220083	0.00630293	0.0222038	0.00975514	0.0166573	0.00319723	0.000475435	0.00612538	0.0274898	0.00970281	0.00726601	0.00113068	0.585725
9	0.578919	0.00194598	0.00193558	0.000838199	0.00193203	0.0275121	0.00604746	0.0130984	0.00185065	0.00683164	0.00340876	0.00217143	0.00933231	0.0049353	0.00632891	0.239423	0.0422004	0.0499552	0.000706128	0.000627479
10	0.162203	0.0055836	0.00323911	0.00578431	0.011864	0.01428	0.00640615	0.0194103	0.0132092	0.0179707	0.0275704	0.0175455	0.0125181	0.00685006	0.0235357	0.12103	0.49923	0.0257641	0.00242027	0.00358522
11	0.0665638	0.0124223	0.00189592	0.0019019	0.0964178	0.0153872	0.00377203	0.184137	0.00252973	0.114061	0.053986	0.00568455	0.00619092	0.00275947	0.00371123	0.0135721	0.0269731	0.379035	0.00403983	0.00495872
12	0.0573651	0.0147764	0.0193703	0.0391438	0.0442452	0.0201096	0.253706	0.033408	0.0459093	0.042665	0.0249387	0.0308309	0.0153799	0.064477	0.0362285	0.0521476	0.0350277	0.0474041	0.0117744	0.111092
13	0.0444197	0.00864813	0.0215742	0.0112932	0.00694387	0.0556162	0.0201472	0.0393847	0.0190785	0.0204901	0.0134322	0.251058	0.00828454	0.0182827	0.0100109	0.25689	0.17133	0.013612	0.00547491	0.00402902
14	0.0358724	0.00796006	0.00104956	0.00192606	0.0258608	0.00852227	0.00213675	0.296571	0.00259911	0.111198	0.0423784	0.00439909	0.00255585	0.00190704	0.00365863	0.00826482	0.0222621	0.417874	0.0015724	0.00143113
15	0.118449	0.00617956	0.0207396	0.0223429	0.00803909	0.0486902	0.0188322	0.0151405	0.0471466	0.0168155	0.0126906	0.0934209	0.0211956	0.0264226	0.0330895	0.195286	0.268735	0.0194493	0.00234318	0.00499237
16	0.600908	0.00372806	0.00254016	0.00228546	0.0024288	0.0287788	0.00623379	0.0121353	0.00272338	0.00661443	0.00274947	0.0028867	0.00757572	0.00490228	0.00733081	0.218234	0.046722	0.0393655	0.000720864	0.00113593
17	0.0272959	0.00606899	0.000906465	0.0112675	0.0169175	0.00998371	0.00393544	0.190598	0.00798878	0.239041	0.200382	0.010636	0.00273022	0.0049205	0.00483706	0.0174993	0.0593409	0.181457	0.00151908	0.00267454
18	0.026234	0.00422141	0.000626967	0.00141833	0.0137407	0.00857974	0.00115427	0.281964	0.001363	0.0531396	0.028372	0.00604151	0.000916522	0.00104347	0.00133747	0.00354971	0.0163415	0.548686	0.000617353	0.000652817
19	0.106634	0.00746717	0.011549	0.0109718	0.00361973	0.644895	0.00471568	0.0118847	0.00746583	0.00943279	0.0062013	0.0136485	0.00759256	0.00253306	0.00780237	0.0937694	0.0296576	0.0137823	0.00271737	0.00365934
20	0.57301	0.00642396	0.00304778	0.00207549	0.00245995	0.0361922	0.00724278	0.0115928	0.00426047	0.00654441	0.00364054	0.00479414	0.00849803	0.0054025	0.00797002	0.230357	0.0523826	0.0324104	0.000478119	0.00121608
21	0.0984204	0.0072919	0.0134033	0.0106497	0.00330329	0.661792	0.00279454	0.0125983	0.00381748	0.00794289	0.00694885	0.0127763	0.00478157	0.00303227	0.00506529	0.0912036	0.0299727	0.0171805	0.00342107	0.00360423
22	0.0307778	0.00651382	0.00132142	0.00245804	0.0185819	0.00795281	0.00099855	0.321356	0.0019259	0.0561021	0.0255635	0.0042498	0.00182527	0.000991343	0.00263789	0.00562752	0.0185289	0.490705	0.00105022	0.000833062
23	0.0385387	0.0100204	0.00400984	0.00439321	0.0880428	0.0101532	0.0103574	0.192762	0.00735137	0.321014	0.0929459	0.0050346	0.00728055	0.00737968	0.011763	0.0152207	0.0264527	0.13429	0.00808625	0.00490319
24	0.107908	0.00271111	0.0134533	0.00932352	0.00110892	0.67472	0.000928831	0.00303158	0.000812962	0.00206249	0.00408711	0.0106851	0.00191006	0.000717368	0.0018088	0.12344	0.0322263	0.00693175	0.000474332	0.00165838
25	0.0285862	0.00726134	0.0030803	0.00143837	0.270661	0.00756816	0.00722591	0.0733484	0.00242673	0.411931	0.0583996	0.00284155	0.00733358	0.00318603	0.00721456	0.0112259	0.00833674	0.0650165	0.00951712	0.0134004
26	0.0425674	0.00251068	0.00249196	0.0305135	0.0061036	0.010792	0.0327187	0.0141888	0.0211426	0.0112034	0.00482127	0.0069083	0.719646	0.00848005	0.0124909	0.0317728	0.0243921	0.00884049	0.00574074	0.0026747
27	0.0107566	0.000516175	0.000322919	0.000385716	0.258705	0.00729923	0.0242449	0.00166606	0.00624073	0.0208642	0.0097368	0.0165568	0.00300138	0.000473734	0.00649006	0.0270152	0.00972078	0.00738048	0.000614577	0.588008
28	0.189027	0.0134894	0.00366544	0.00422835	0.0913052	0.0440776	0.00591191	0.0725891	0.00686743	0.125556	0.0363037	0.00660797	0.0829708	0.00507847	0.00930002	0.0574867	0.047082	0.16475	0.0256205	0.00808231
29	0.0307621	0.00646114	0.000930361	0.00758834	0.030276	0.00646135	0.00345264	0.223752	0.00466942	0.240349	0.229301	0.00449274	0.00245115	0.00285091	0.00498175	0.00986303	0.0252693	0.162205	0.0018572	0.00202489
30	0.648232	0.00124147	0.00129661	0.00046523	0.000903999	0.027346	0.00597175	0.00825869	0.000915901	0.00367737	0.00156588	0.000597495	0.00326668	0.00343089	0.00549467	0.220445	0.0362008	0.0299541	0.00037818	0.00035668
31	0.00769068	0.00174065	0.0390779	0.114773	0.0067105	0.0270219	0.0993834	0.01287	0.0202328	0.0246167	0.0211678	0.056882	0.0025204	0.495336	0.00925866	0.0251602	0.0077824	0.00458868	0.000954534	0.0222322
32	0.0251821	0.00332653	0.00244899	0.00361047	0.172689	0.00366956	0.010678	0.0715006	0.00157072	0.475377	0.126545	0.00235492	0.00451456	0.00414938	0.0112226	0.0056515	0.0058447	0.0480007	0.0145313	0.00713166
33	0.0976391	0.0147504	0.0135195	0.00902169	0.00266599	0.526269	0.00518673	0.00574886	0.00503458	0.00585264	0.00517191	0.0267974	0.00492373	0.00483402	0.004657	0.188444	0.0682385	0.00815313	0.000909934	0.00218098
34	0.0382848	0.0342303	0.00284669	0.00244056	0.0527239	0.0267875	0.0137777	0.0702618	0.0156803	0.0826067	0.0265385	0.00541708	0.0189295	0.00470435	0.0320836	0.0188624	0.0285014	0.0399925	0.409766	0.0755647
35	0.112477	0.0285236	0.00412201	0.0278163	0.00638029	0.553939	0.00347472	0.0330138	0.00448096	0.0143293	0.00797394	0.00762713	0.0258692	0.00325156	0.00417744	0.0589913	0.0399703	0.038719	0.003489	0.0213741
36	0.241775	0.00400205	0.00242093	0.00244686	0.0283488	0.0711045	0.00431143	0.0374871	0.00510833	0.0755361	0.0140095	0.00522823	0.229496	0.00315149	0.0057853	0.038202	0.0408582	0.117117	0.0712367	0.0023743
37	0.0982008	0.0102836	0.0146906	0.0139987	0.00625764	0.635116	0.00281939	0.0152372	0.00329796	0.0109424	0.00655098	0.012566	0.00586607	0.00409889	0.00467584	0.0950448	0.0313556	0.0216597	0.00371313	0.00362467
38	0.107765	0.0158272	0.00641291	0.000894613	0.0181175	0.0155581	0.00102428	0.251276	0.00224805	0.0626911	0.0299366	0.00139288	0.0015089	0.00107133	0.00122195	0.03216	0.16437	0.284698	0.000518303	0.00130809
39	0.24853	0.00362086	0.00139158	0.00153702	0.0638113	0.00682546	0.00260473	0.0314509	0.00252967	0.11101	0.044216	0.00231536	0.00349628	0.00231818	0.00345992	0.00746967	0.200034	0.259738	0.00232544	0.00131536
40	0.104922	0.012729	0.00066397	0.0013216	0.0283799	0.0173126	0.000936523	0.161352	0.00095019	0.0735003	0.0391321	0.00520215	0.00129022	0.00190644	0.00108163	0.0066004	0.0174857	0.522061	0.00169024	0.00148154
41	0.0261871	0.00137838	0.000702019	0.00556642	0.0294835	0.00250488	0.00185344	0.228727	0.00144342	0.233213	0.368986	0.00149984	0.0010874	0.00138734	0.00486885	0.00499896	0.00516436	0.0787133	0.00131971	0.000915113
42	0.0290547	0.0109745	0.000443386	0.000691423	0.0363258	0.00312905	0.000411448	0.35073	0.00178494	0.119769	0.0359376	0.000638768	0.00239906	0.00051075	0.00274501	0.00798377	0.0276192	0.366599	0.00131026	0.000942273
43	0.0624099	0.0119657	0.000503363	0.00372057	0.033017	0.0284959	0.00270898	0.182359	0.0051712	0.302809	0.136565	0.00443311	0.00338319	0.00270725	0.00182782	0.0150423	0.0391524	0.160725	0.000455813	0.00254705
44	0.11721	0.0245962	0.0507164	0.0107187	0.0550606	0.0240187	0.0116363	0.095776	0.0132585	0.0780906	0.0233607	0.0146636	0.0149401	0.0118383	0.0139419	0.238262	0.131431	0.0587443	0.00629471	0.00544166
45	0.0776944	0.0114355	0.00261757	0.00287583	0.0621257	0.076421	0.00937781	0.0295588	0.0101003	0.0785435	0.0160332	0.00506773	0.0705578	0.00405199	0.0242347	0.0248913	0.0202928	0.0411285	0.395326	0.0376654
46	0.11919	0.0209867	0.000550606	0.000402554	0.0293768	0.0236352	0.000719956	0.186952	0.00104071	0.065504	0.0284684	0.00116687	0.00190887	0.00200986	0.000824654	0.0109507	0.0290075	0.473988	0.00122166	0.00209449
47	0.0231917	0.0185528	0.000780126	0.00187815	0.0319359	0.0030589	0.00228762	0.392269	0.00240943	0.15385	0.132941	0.000972075	0.00378174	0.000772379	0.00782087	0.00506549	0.0138102	0.202188	0.00183734	0.000597802
48	0.0734064	0.049863	0.00758351	0.00586805	0.00718348	0.0823412	0.00780932	0.0189529	0.0133673	0.0171927	0.0344574	0.0366766	0.0115333	0.00838054	0.0123725	0.329758	0.258653	0.0172563	0.00448128	0.00286302
49	0.0363993	0.00237482	0.0110038	0.00142625	0.215662	0.0105139	0.00801939	0.0488393	0.00214975	0.45154	0.0359724	0.00376522	0.0153281	0.00327196	0.00576148	0.0112254	0.00664519	0.107549	0.00901946	0.0135332
50	0.0106352	0.000502127	0.000321954	0.000394263	0.258313	0.00714371	0.0245268	0.00167078	0.00631166	0.021279	0.00987748	0.0170904	0.0029864	0.000578441	0.00608265	0.0273516	0.00947965	0.00727388	0.000906958	0.587274
51	0.173307	0.0868008	0.00234742	0.00250585	0.0138507	0.0345088	0.00549954	0.0258708	0.0048026	0.0143189	0.00859647	0.00778187	0.0712145	0.00296603	0.00596046	0.309317	0.185269	0.0409416	0.00138812	0.00275273
52	0.0308281	0.00111626	0.0033404	0.00237957	0.117701	0.00325658	0.0187823	0.0699331	0.00175946	0.518888	0.0955636	0.00336876	0.00544345	0.00581116	0.0159781	0.00329425	0.00596612	0.0593004	0.0231455	0.0141441
53	0.0203405	0.0234033	0.00242145	0.00436719	0.0218032	0.0415125	0.0282635	0.0140314	0.0308406	0.0190442	0.00991009	0.00457761	0.0173181	0.00370675	0.0614472	0.00924707	0.00914411	0.00743635	0.556931	0.114253
54	0.101813	0.00745131	0.00761127	0.0108255	0.0170442	0.0761643	0.0300913	0.0309676	0.036774	0.116493	0.0278765	0.0229898	0.0337271	0.220957	0.108603	0.0455678	0.0524889	0.0326377	0.00924975	0.0106651
55	0.0293907	0.00451959	0.00286864	0.0268378	0.0372252	0.00638924	0.00691463	0.0835187	0.00593824	0.408735	0.267207	0.00450589	0.00342538	0.00591984	0.0101303	0.0097549	0.0173553	0.0584526	0.00665189	0.00425865
56	0.0292552	0.0063888	0.000472863	0.000570617	0.0207803	0.00566451	0.000623765	0.343918	0.00134049	0.0667866	0.0253934	0.00278775	0.00147937	0.000779771	0.00280019	0.00500126	0.0188849	0.465491	0.000783775	0.00079769
57	0.009813	0.00216888	0.0343932	0.158374	0.00801853	0.0222826	0.0866663	0.0213697	0.0111425	0.0342874	0.0193311	0.0376248	0.00243991	0.498618	0.00457672	0.0186434	0.00611294	0.00571445	0.00131949	0.0171027
58	0.0533871	0.0129577	0.00209707	0.0098934	0.0428598	0.00903751	0.00634899	0.0877177	0.00389632	0.380659	0.271856	0.00364085	0.00435901	0.00417834	0.00775833	0.0101267	0.0202733	0.0592281	0.00562945	0.00409542
59	0.0588431	0.0152013	0.00790928	0.029179	0.0405676	0.0206565	0.260412	0.0586597	0.0248495	0.0752143	0.0339834	0.0113353	0.0180093	0.0304385	0.0255872	0.0311863	0.0275873	0.134829	0.00629712	0.0892547
60	0.0359305	0.00314443	0.121772	0.21282	0.00519935	0.0284754	0.0346767	0.0137168	0.106377	0.0207807	0.0155412	0.061255	0.0306167	0.0736709	0.100479	0.06665	0.0455033	0.0138379	0.00301513	0.00653828
61	0.074686	0.107	0.00146422	0.0018546	0.0385819	0.0111286	0.00303997	0.182244	0.00301583	0.223493	0.14707	0.00276499	0.0375718	0.00218396	0.00307427	0.0126477	0.037164	0.108354	0.00112824	0.00153387
62	0.0832855	0.00745441	0.0540066	0.105289	0.0729209	0.0150569	0.00970569	0.247964	0.00972725	0.0322542	0.0222996	0.0105909	0.00810336	0.00869192	0.0102568	0.0232223	0.0265283	0.241857	0.004344	0.0064413
63	0.0362584	0.00229779	0.0293808	0.0962621	0.00317076	0.00740411	0.0306934	0.011168	0.024803	0.00591345	0.00397026	0.00449898	0.670441	0.0121844	0.0135007	0.0214999	0.0189046	0.00486165	0.00110463	0.00168209
64	0.00886372	0.000254269	0.00375932	0.0115614	0.000415037	0.017331	0.0323225	0.00265943	0.50774	0.0102337	0.0117472	0.0628624	0.00243619	0.0230464	0.241381	0.0135781	0.0320517	0.0125054	0.00506082	0.000190568
65	0.0533777	0.008763	0.0122222	0.0165372	0.0110903	0.0231651	0.0216522	0.0283361	0.193874	0.0310782	0.0278662	0.033353	0.0233779	0.0289289	0.333205	0.0418769	0.0576071	0.0345838	0.0108656	0.00823894
66	0.0102379	0.00687195	0.00121513	0.000718072	0.431846	0.0072618	0.00245979	0.0650293	0.000955507	0.369386	0.0498155	0.00182362	0.00291368	0.00092456	0.00166961	0.0113371	0.00365008	0.0274762	0.00172355	0.00268509
67	0.0288981	0.00150304	0.256797	0.236984	0.00279204	0.0378697	0.0363239	0.00625085	0.0408966	0.00898878	0.0058669	0.0677346	0.0192244	0.0935985	0.037884	0.0786517	0.0297167	0.00450005	0.000544449	0.00497503
68	0.0393538	0.0118241	0.0184564	0.0269989	0.0151943	0.0269152	0.0938365	0.0250297	0.222991	0.031765	0.0245019	0.0434845	0.0284196	0.0443258	0.205546	0.0375219	0.0414496	0.0292043	0.011412	0.0217691
69	0.0392615	0.00658557	0.00491569	0.00541436	0.151354	0.0146057	0.028619	0.0558975	0.00890527	0.219725	0.033832	0.0100972	0.0127703	0.00970718	0.00994838	0.0246028	0.020216	0.116473	0.010128	0.216941
70	0.0569852	0.00906464	0.00442937	0.00444169	0.0644895	0.0225353	0.12719	0.0660791	0.0836963	0.0843919	0.0452672	0.0277831	0.0603693	0.0337287	0.0906111	0.0719921	0.0471179	0.0398133	0.00751733	0.0524968
71	0.0337503	0.00150515	0.279098	0.291267	0.00264133	0.0659438	0.0194762	0.00885303	0.0235987	0.00967852	0.00589539	0.0527201	0.00798946	0.0589254	0.0254499	0.072731	0.0322251	0.00579586	0.000677879	0.00177699
72	0.0436417	0.0111789	0.0792434	0.0287516	0.0852569	0.0195159	0.0231114	0.0778173	0.013094	0.345262	0.0507374	0.0212725	0.0149496	0.0200442	0.019135	0.0349893	0.0245156	0.0648815	0.0118366	0.0107655
73	0.13083	0.00578007	0.0105642	0.0111869	0.00290064	0.654552	0.00218667	0.00923259	0.00196192	0.00522281	0.00478306	0.0135281	0.00527702	0.00187651	0.00260623	0.0914429	0.029174	0.0126079	0.00123747	0.00304867
74	0.0379527	0.00857581	0.00413891	0.016733	0.00516991	0.0182019	0.0263814	0.00996117	0.369357	0.015316	0.0231944	0.0457708	0.0075038	0.103508	0.21002	0.0236229	0.0319975	0.0317192	0.00621918	0.0046565
75	0.0485988	0.0163254	0.00225458	0.0729545	0.0375242	0.00411841	0.424826	0.00580605	0.00319822	0.00636753	0.014476	0.00216251	0.00313316	0.0554077	0.0195805	0.00740038	0.00663671	0.0459058	0.00122266	0.222101
76	0.150047	0.0277151	0.000553049	0.000646508	0.0263638	0.0195179	0.000953606	0.159072	0.0014723	0.0638563	0.0220664	0.00198608	0.00387401	0.00199095	0.00163741	0.0187525	0.027911	0.468586	0.0013132	0.00168484
77	0.0400621	0.00442349	0.00301067	0.0012484	0.277185	0.00943092	0.00562135	0.0585473	0.00148974	0.421739	0.0499064	0.00227036	0.010154	0.00329959	0.00413533	0.012583	0.00779866	0.0706865	0.0074828	0.00892497
78	0.0903203	0.0043936	0.0276338	0.032356	0.00176114	0.652722	0.00382441	0.00525761	0.00421979	0.00383061	0.00493163	0.0162176	0.00591868	0.00769288	0.00457291	0.0922918	0.0299933	0.00851637	0.000675568	0.00287033
79	0.0109329	0.0025482	0.228596	0.305311	0.0034921	0.0113204	0.0299642	0.00596168	0.098344	0.00800308	0.00523617	0.0214476	0.097168	0.0612994	0.065847	0.0248363	0.00987219	0.00601154	0.0011182	0.00269037
80	0.00961253	0.0003609	0.00432931	0.0109593	0.000547632	0.0164563	0.0316684	0.00309329	0.492378	0.0103682	0.0119185	0.0592204	0.00346659	0.0216973	0.260894	0.0135131	0.0319509	0.0121842	0.00510877	0.000272389
81	0.0456609	0.0134917	0.00871357	0.0114436	0.0415463	0.0228812	0.0209833	0.0821515	0.128127	0.245522	0.0654286	0.0234956	0.0141464	0.0258938	0.0603423	0.0359928	0.0492111	0.0780536	0.0131187	0.0137959
82	0.0933781	0.00977554	0.011723	0.0114102	0.00456071	0.665366	0.00376762	0.0127336	0.00281722	0.012493	0.00865438	0.0116254	0.00573249	0.003097	0.00426861	0.0857269	0.031339	0.0138831	0.00184013	0.00580756
83	0.0543093	0.0016742	0.00566565	0.00155629	0.18144	0.0188582	0.00537901	0.0340984	0.00209841	0.450026	0.0259674	0.00255524	0.0345314	0.00412674	0.00407128	0.0133412	0.00683302	0.125837	0.00870654	0.0189246
84	0.0130753	0.0307916	0.000697437	0.000903684	0.0217227	0.0186783	0.014379	0.010703	0.0249324	0.0139981	0.00768625	0.00119281	0.00533745	0.00117668	0.0356084	0.00508598	0.00344174	0.00330208	0.626725	0.160562
85	0.0207463	0.00732092	0.00135362	0.00205065	0.0280195	0.0032558	0.00389686	0.393157	0.0033913	0.162639	0.0508507	0.00233235	0.00261895	0.0009425	0.0076657	0.00727673	0.0210295	0.277887	0.00275458	0.00081008
86	0.0120838	0.00146591	0.000379439	0.000453139	0.00730108	0.00679583	0.000543891	0.337209	0.00109597	0.0202926	0.0144217	0.0043363	0.00066797	0.000407485	0.000840492	0.00149039	0.0130839	0.576536	0.000264488	0.000330429
87	0.0755329	0.0112259	0.000614188	0.0020386	0.0315243	0.0150207	0.00131515	0.189603	0.00219751	0.126117	0.0541444	0.00563013	0.00239324	0.00194107	0.00178795	0.00937359	0.0225369	0.443421	0.00186968	0.00171289
88	0.107627	0.00668764	0.00244182	0.0227859	0.00457295	0.0154505	0.0174863	0.0131199	0.0135969	0.00900298	0.00339038	0.00638463	0.616251	0.00624007	0.00789194	0.0844596	0.0449799	0.0137688	0.00226924	0.0015924
89	0.031681	0.00664555	0.00398318	0.00796615	0.0485323	0.0163505	0.0139907	0.0518566	0.0100377	0.380564	0.127882	0.00517312	0.00993195	0.113653	0.0557747	0.0156358	0.0351455	0.0443934	0.0130815	0.00772091
90	0.0448819	0.00559996	0.0316116	0.0503408	0.0109376	0.0281625	0.0313694	0.0178199	0.155108	0.0464314	0.0256321	0.0468637	0.0245574	0.189384	0.140919	0.0561381	0.0532523	0.0239663	0.00624214	0.0107821
91	0.045865	0.00653983	0.00140647	0.00520584	0.0474102	0.01102	0.00550252	0.171914	0.00417613	0.371034	0.157663	0.00339225	0.00322856	0.00292912	0.00564915	0.00914465	0.0207777	0.119378	0.00448304	0.00328033
92	0.0272535	0.00982166	0.000587019	0.000670858	0.0307257	0.00312157	0.000426565	0.35973	0.00174169	0.109311	0.033756	0.000848014	0.00231718	0.000541269	0.00274174	0.00741114	0.0307647	0.376265	0.00110532	0.000860384
93	0.15234	0.0467217	0.00306622	0.00268515	0.0282374	0.0295712	0.0040187	0.140359	0.00697157	0.0729776	0.0247452	0.00460954	0.00855309	0.00353907	0.00443842	0.038989	0.0518612	0.371208	0.00247152	0.00263651
94	0.0150028	0.0021922	0.143054	0.200882	0.00573919	0.0217516	0.0520647	0.0121921	0.020504	0.0184786	0.0270734	0.0423879	0.00808473	0.353402	0.0127969	0.0271462	0.0196924	0.00611909	0.000971863	0.0104647
95	0.0458771	0.0114977	0.000530943	0.000426832	0.022501	0.00828453	0.000525015	0.292885	0.00112663	0.0697709	0.0224665	0.00225664	0.00179331	0.00100044	0.00126229	0.00731007	0.0268572	0.481699	0.000790763	0.00113775
96	0.0948976	0.00770108	0.0143334	0.00522028	0.00243777	0.506345	0.00195873	0.00461499	0.00225331	0.00420045	0.00624808	0.0118631	0.00244363	0.00189469	0.00700299	0.287864	0.02924	0.00754878	0.000817553	0.00111473
97	0.144376	0.0274605	0.00233598	0.000785639	0.0190402	0.032067	0.00123011	0.14794	0.00435609	0.0975844	0.015948	0.00135068	0.00160404	0.00127595	0.00136206	0.0651252	0.1884	0.246397	0.000520803	0.000840866
98	0.0340112	0.128083	0.346668	0.00217688	0.00482766	0.0144905	0.0264715	0.00809169	0.0045796	0.00868035	0.00606391	0.279801	0.00306077	0.0062927	0.00458983	0.0977779	0.0119913	0.00826815	0.00198119	0.00209302
99	0.0802416	0.0142021	0.0036048	0.00271178	0.021414	0.0112013	0.00210863	0.270206	0.00479915	0.0880408	0.0522429	0.00420116	0.00300631	0.00266311	0.00342528	0.0238917	0.130123	0.279006	0.00123428	0.00167569
100	0.0327888	0.00603119	0.000446861	0.000607447	0.0159864	0.00754931	0.000740823	0.305317	0.00130053	0.0539591	0.0199359	0.00414657	0.00133557	0.000778361	0.00113483	0.00520762	0.0174678	0.523789	0.00072938	0.000747289
101	0.0104105	0.000672394	0.000493718	0.000416881	0.284904	0.00681059	0.0231166	0.00279069	0.00616674	0.0265154	0.0104141	0.014896	0.00309997	0.000561573	0.00608544	0.0247079	0.00954499	0.00756347	0.00309732	0.557732
102	0.0279198	0.00557808	0.00331395	0.010248	0.013636	0.0138822	0.00677702	0.139254	0.0140679	0.197565	0.181999	0.0528676	0.00868929	0.00836551	0.0103652	0.0654239	0.117821	0.111795	0.00478602	0.00564616
103	0.0149516	0.00311999	0.000408365	0.000654167	0.0132951	0.00560555	0.000572981	0.337603	0.00124556	0.044353	0.0194576	0.00391063	0.00101833	0.000494168	0.00128807	0.0025644	0.0154926	0.533022	0.000508989	0.0004339
104	0.192771	0.0315284	0.00397796	0.00403357	0.0209207	0.030511	0.00538195	0.156403	0.00797353	0.0611282	0.0419816	0.00578069	0.0073155	0.00530642	0.00932166	0.0695371	0.191363	0.148663	0.0026778	0.00342343
105	0.193418	0.00370259	0.0099783	0.00910225	0.0024788	0.599532	0.00151552	0.00998133	0.00210141	0.0062025	0.00548384	0.0093773	0.00467741	0.00230137	0.00298082	0.0873752	0.029062	0.0168156	0.00188036	0.00203282
106	0.144364	0.00766707	0.0115472	0.0100758	0.00294701	0.629467	0.00246571	0.00781573	0.00330307	0.00768422	0.00583108	0.0104337	0.0042357	0.00232771	0.00378555	0.0975665	0.0313374	0.0131072	0.000957675	0.00308112
107	0.0721302	0.00145382	0.0154688	0.0450072	0.00195164	0.00422585	0.0114626	0.00347778	0.280467	0.00520305	0.00497291	0.126331	0.0354298	0.0624707	0.119969	0.0507799	0.150805	0.00615048	0.00115576	0.00108791
108	0.0756652	0.136081	0.0021429	0.00125758	0.00844678	0.0991058	0.00530449	0.0182197	0.00214412	0.0159055	0.00936126	0.0205335	0.00962539	0.00192993	0.00437252	0.468259	0.108505	0.00952463	0.00178575	0.00182977
109	0.0278059	0.00237691	0.00326966	0.00252695	0.120508	0.00285033	0.0150351	0.0850249	0.00220626	0.508645	0.0933312	0.00248979	0.00491613	0.00551274	0.0170867	0.00368545	0.00594981	0.0662326	0.0206638	0.00988323
110	0.0108041	0.00416903	0.00175633	0.0690572	0.00390045	0.00472188	0.0199454	0.00708225	0.440685	0.00640476	0.0706503	0.00442586	0.00317185	0.23867	0.0865605	0.0070391	0.00845454	0.00915786	0.00125296	0.00209017
111	0.00932219	0.000348633	0.00472817	0.013341	0.000514866	0.0175831	0.0329528	0.00272361	0.501881	0.0103549	0.0117434	0.0635825	0.00287658	0.0242265	0.239364	0.0145296	0.031908	0.0126524	0.00498789	0.000378212
112	0.0742181	0.0178607	0.000443416	0.000417247	0.0459016	0.0108375	0.000471166	0.26229	0.00102898	0.105503	0.0262807	0.000694262	0.00340642	0.00129853	0.00120453	0.0132245	0.0248798	0.406926	0.00127543	0.0018383
113	0.0501642	0.0117011	0.00225687	0.0470188	0.0528591	0.00508426	0.362159	0.00765508	0.00438311	0.00981451	0.0264323	0.00255323	0.00339954	0.0509698	0.0146461	0.00987365	0.00842061	0.084889	0.00142164	0.244298
114	0.0393833	0.000884753	0.353477	0.245284	0.00129514	0.0382233	0.0131887	0.0076986	0.0219066	0.00847496	0.00530731	0.0667762	0.00166428	0.058982	0.0163033	0.0808219	0.0366299	0.00246751	0.000468709	0.0007622
115	0.0165001	0.00131152	0.000786112	0.0101247	0.00729198	0.00895973	0.00456413	0.188892	0.00892173	0.311755	0.105305	0.0142643	0.0017546	0.00475115	0.00367285	0.0296314	0.100915	0.176967	0.00077465	0.00285633
116	0.139147	0.0212157	0.000547135	0.000678233	0.0295324	0.0238663	0.00109918	0.139688	0.00173034	0.13608	0.0113001	0.000901857	0.00611602	0.00182176	0.00108737	0.0408977	0.0567551	0.383364	0.00259696	0.00157417
117	0.0227022	0.000767906	0.130475	0.150179	0.00111111	0.0219737	0.0465677	0.00187348	0.0871662	0.00675421	0.00174912	0.120782	0.0336058	0.120364	0.0834942	0.125021	0.0330616	0.00437368	0.000368216	0.00760929
118	0.0155458	0.00175356	0.0126675	0.00192546	0.0386393	0.0031322	0.0343205	0.310268	0.00386146	0.367132	0.0637066	0.00326666	0.00473959	0.00385744	0.0193794	0.00382455	0.00593926	0.0827877	0.0181244	0.00512882
119	0.00885754	0.000262674	0.00378646	0.0113583	0.000425609	0.0169572	0.0322035	0.00263504	0.507254	0.0104495	0.0114542	0.0613364	0.00256675	0.0222983	0.246176	0.0137249	0.0310012	0.0120327	0.00502951	0.00019018
120	0.0192256	0.00440647	0.00309204	0.00345292	0.00608498	0.0389135	0.00572959	0.0646109	0.0329794	0.258751	0.0157794	0.0043227	0.0312734	0.167547	0.0993342	0.0112919	0.18637	0.0407558	0.00256081	0.00351813
121	0.0841342	0.00118057	0.0134169	0.0152674	0.00467867	0.0220011	0.0147328	0.00502341	0.0303776	0.00606541	0.00618107	0.0318102	0.0254802	0.0229292	0.0342621	0.323511	0.334324	0.015791	0.000797645	0.00803533
122	0.0104685	0.000491851	0.000314254	0.00036533	0.258762	0.00709061	0.0244695	0.00162176	0.00623176	0.0208471	0.00954085	0.015992	0.0029811	0.000478727	0.00597454	0.0266618	0.00953604	0.00729251	0.000596627	0.590283
123	0.0128693	0.0310275	0.000788178	0.000928146	0.0441168	0.0175735	0.013125	0.0106571	0.0235055	0.0172805	0.00910682	0.00139204	0.0054424	0.00129677	0.0335088	0.00562564	0.00346608	0.00359474	0.603232	0.161463
124	0.0296178	0.0074907	0.00184759	0.00375085	0.0330517	0.0079974	0.00371378	0.358083	0.00523582	0.1432	0.198134	0.00288626	0.00336528	0.00255137	0.0117565	0.00991176	0.0203016	0.151638	0.00284213	0.0026242
125	0.0660242	0.0622032	0.000605459	0.000821233	0.0591548	0.0120464	0.0013954	0.188027	0.0015772	0.275497	0.125319	0.00147735	0.0155099	0.00120193	0.00124507	0.0113734	0.0270447	0.147916	0.000624729	0.000935484
126	0.0987658	0.0119251	0.000844006	0.00213989	0.0667184	0.0402743	0.00206333	0.204401	0.00329475	0.207352	0.114437	0.00290626	0.00807857	0.00176684	0.00255738	0.0172408	0.0320796	0.174738	0.00469591	0.00372136
127	0.0106699	0.00071468	0.000459507	0.000717137	0.272436	0.00687712	0.0246156	0.00193278	0.00620491	0.0234193	0.0101697	0.0153865	0.00308425	0.000819192	0.00594987	0.027176	0.00944509	0.00817755	0.00351424	0.568231
128	0.191551	0.00257117	0.0304273	0.00760098	0.00151134	0.529226	0.00211793	0.00394999	0.00184203	0.00352904	0.0102479	0.0169393	0.00179269	0.000887013	0.00329105	0.142026	0.0342243	0.0142282	0.000549724	0.00148719
129	0.162215	0.130388	0.00224018	0.00112263	0.015652	0.0626784	0.00606881	0.027287	0.00204517	0.0179732	0.00901826	0.00527461	0.0271158	0.00149005	0.00286989	0.392928	0.108791	0.0223569	0.00123737	0.00124732
130	0.144941	0.0465349	0.000654199	0.000808518	0.025909	0.0156253	0.00155845	0.153603	0.00149621	0.111871	0.00773928	0.00104643	0.0147294	0.00186087	0.0016417	0.0559062	0.0164672	0.393833	0.00227348	0.00150143
131	0.00807143	0.0019924	0.0319793	0.0931381	0.00819435	0.027879	0.103448	0.0143389	0.012455	0.030468	0.0203195	0.0480148	0.0019218	0.54317	0.00394295	0.0194929	0.00463045	0.00472068	0.00108264	0.0207397
132	0.00889064	0.0073763	0.00122294	0.000454736	0.434023	0.0074869	0.00202165	0.0691267	0.000886685	0.370449	0.0492181	0.00133966	0.00213957	0.000689282	0.00144553	0.0121539	0.00348036	0.0252849	0.00111478	0.00119595
133	0.058857	0.00455537	0.0047555	0.00112227	0.174242	0.0203242	0.00301626	0.0504216	0.00158806	0.381294	0.0183474	0.00199087	0.0271009	0.00301076	0.00227043	0.0192866	0.00729691	0.202745	0.00557912	0.0121954
134	0.0368825	0.0210668	0.0036165	0.00276226	0.055522	0.00827968	0.0101252	0.28169	0.00497274	0.285033	0.0690751	0.00362624	0.0237383	0.00374522	0.00836928	0.0107571	0.0193236	0.142239	0.00588584	0.0032897
135	0.628093	0.00127363	0.00156342	0.000476533	0.0010832	0.0267094	0.00625738	0.00755131	0.00110794	0.00364078	0.00141657	0.000754081	0.00365325	0.00331473	0.00542183	0.243468	0.0367662	0.0265796	0.000412498	0.000456269
136	0.0236973	0.0054779	0.0135549	0.0364267	0.0420722	0.0200489	0.0929886	0.0228327	0.0114545	0.125473	0.0188336	0.0216486	0.00723756	0.416421	0.0119273	0.0532144	0.0136674	0.0136959	0.00265017	0.0466766
137	0.0354563	0.17168	0.00263216	0.00275702	0.106184	0.0227754	0.00399856	0.070257	0.00473239	0.257379	0.0669256	0.00392659	0.00476072	0.00293028	0.00528442	0.0530585	0.118433	0.0248563	0.0393142	0.00265799
138	0.0468981	0.00533253	0.0184355	0.0321231	0.00651288	0.0132472	0.0210161	0.0156668	0.160393	0.01551	0.0170665	0.0362357	0.257268	0.0273613	0.204914	0.0369543	0.05736	0.0159506	0.00642773	0.00532671
139	0.0270561	0.0368245	0.31364	0.010117	0.00288868	0.0618365	0.0463076	0.00584392	0.00778121	0.00604818	0.00855099	0.295357	0.00204876	0.00817834	0.00931573	0.132224	0.0175798	0.00575777	0.00126148	0.00138286
140	0.0356045	0.00352722	0.00403641	0.0014238	0.286003	0.0127495	0.00550878	0.038411	0.00228184	0.414275	0.0304083	0.00345673	0.032429	0.00360404	0.00401461	0.0116872	0.00653061	0.0829045	0.0069278	0.0142155
141	0.0351253	0.0166008	0.291807	0.117626	0.00189476	0.0396927	0.0361358	0.00488103	0.0242351	0.0065606	0.00570989	0.193321	0.00461779	0.0523943	0.0222825	0.10256	0.0376953	0.00403554	0.000876625	0.00194813
142	0.226063	0.00334917	0.0440188	0.0158186	0.00809921	0.0341309	0.0174308	0.0112725	0.052605	0.013296	0.0082814	0.0430894	0.0145776	0.0536402	0.0282936	0.309153	0.089211	0.0204597	0.00152149	0.00568824
143	0.0213038	0.00705171	0.0023663	0.00289103	0.0276888	0.0046735	0.00808709	0.405055	0.00421831	0.210106	0.0972233	0.00293276	0.00288291	0.00183799	0.0115676	0.00627537	0.016838	0.161918	0.00392999	0.00115251
144	0.0862637	0.00198714	0.00601271	0.00795176	0.00335176	0.0114293	0.00712183	0.00538659	0.0279773	0.0049995	0.00877552	0.0236297	0.0242424	0.0133885	0.0238681	0.324098	0.400251	0.0127497	0.00147157	0.00504344
145	0.220908	0.00659373	0.00156243	0.00219236	0.0587333	0.0900585	0.00283949	0.0881855	0.00294748	0.0779131	0.0292781	0.00428047	0.0778911	0.00196411	0.00412822	0.08043	0.0413224	0.153031	0.051006	0.00473434
146	0.0123248	0.00156066	0.000344861	0.00040238	0.00734256	0.00631226	0.000508735	0.343997	0.00108028	0.0219439	0.0143794	0.00400287	0.00062413	0.000405129	0.000819216	0.00139638	0.0132685	0.568677	0.00028152	0.000328907
147	0.350057	0.0281222	0.0105938	0.00662862	0.00915194	0.0667229	0.00942193	0.018921	0.0113551	0.0165007	0.00787579	0.0153085	0.0167656	0.0101537	0.0119486	0.292366	0.0769685	0.0366453	0.00190397	0.0025896
148	0.0212151	0.00543356	0.00192292	0.000548702	0.38497	0.0113523	0.0024127	0.0642819	0.00107267	0.3845	0.0405185	0.0015721	0.0065082	0.00120733	0.00145256	0.0145934	0.00385483	0.0474186	0.00197798	0.00318635
149	0.154194	0.0326793	0.000783429	0.00100942	0.0283844	0.0211191	0.00216182	0.156629	0.00163059	0.122622	0.0119819	0.00146087	0.020518	0.00192341	0.00219337	0.0570006	0.0195489	0.356016	0.00632804	0.00181522
150	0.5023	0.0116901	0.00582398	0.00498015	0.0109302	0.0617142	0.0125705	0.0291374	0.00726415	0.0293985	0.0171961	0.00787978	0.0131869	0.00776672	0.0110505	0.151696	0.0553066	0.0532673	0.00359852	0.00324228
151	0.284778	0.00988539	0.101956	0.0426779	0.00539355	0.0829814	0.0149686	0.0109749	0.0233892	0.0120377	0.00858693	0.0520309	0.011514	0.0288796	0.0182322	0.206257	0.05911	0.0219607	0.00122152	0.00316456
152	0.102897	0.015945	0.000580076	0.000670866	0.031031	0.0154478	0.000832408	0.192151	0.00112398	0.0847019	0.0238618	0.00242932	0.00270369	0.00395478	0.000938692	0.0131988	0.0251376	0.479153	0.00138432	0.00185646
153	0.0576508	0.0191992	0.00318813	0.00947831	0.0187409	0.0156815	0.00601522	0.0874506	0.0134334	0.230686	0.218616	0.0158603	0.0107252	0.00829731	0.0126045	0.0343523	0.147141	0.0800738	0.0064434	0.00436255
154	0.207613	0.00935229	0.0281495	0.0238722	0.00806522	0.0364822	0.0194354	0.0137989	0.0383715	0.0172225	0.00980027	0.0502022	0.0191565	0.0704612	0.03525	0.271417	0.107555	0.0249335	0.0025926	0.00626859
155	0.0346179	0.0262636	0.000722174	0.000740179	0.109488	0.00293528	0.000914664	0.284518	0.00160561	0.225695	0.0561703	0.000971389	0.00946729	0.000645501	0.00207679	0.00598241	0.0165168	0.218692	0.00104694	0.000930834
156	0.131361	0.195249	0.00141932	0.00125065	0.00783238	0.104304	0.00453589	0.0308471	0.00199941	0.044419	0.021655	0.00549307	0.00707392	0.00158113	0.0030895	0.295064	0.131808	0.0090607	0.000967632	0.000988918
157	0.0186362	0.0035972	0.00277133	0.00631212	0.212394	0.00925038	0.0685127	0.00582485	0.00943565	0.0250386	0.0112722	0.017596	0.00557021	0.0122238	0.00994925	0.0433434	0.015598	0.0154814	0.00125177	0.505941
158	0.117008	0.168674	0.0112489	0.00396159	0.0123678	0.0521103	0.0352372	0.027383	0.00797567	0.0287424	0.0151546	0.0148977	0.0150774	0.00529943	0.0113911	0.36807	0.0771125	0.0212376	0.00317343	0.00387804
159	0.216327	0.00967349	0.00462673	0.00442253	0.0614796	0.0176869	0.00734004	0.0343103	0.0143164	0.046614	0.141202	0.00989659	0.0136816	0.00973986	0.0611218	0.0260898	0.260526	0.0452201	0.00920644	0.00651858
160	0.02638	0.00771864	0.000933334	0.000739313	0.0288496	0.00352185	0.00242617	0.408208	0.00208241	0.113584	0.0407376	0.00112416	0.00217029	0.000689249	0.00683689	0.00586413	0.0181372	0.32736	0.00191416	0.000722596
161	0.318483	0.107157	0.00253058	0.00127326	0.00729762	0.0865728	0.00523982	0.0213609	0.00154268	0.0213481	0.0118495	0.00627576	0.0151218	0.00171501	0.0038307	0.268603	0.0989732	0.0191459	0.000661384	0.00101762
162	0.0277274	0.100474	0.00351261	0.00264977	0.121934	0.0158818	0.00855414	0.0704754	0.010519	0.09624	0.0208847	0.00558537	0.0116489	0.00359908	0.0167719	0.0641731	0.0648915	0.0278927	0.274864	0.0517203
163	0.173491	0.0371167	0.00177336	0.00120785	0.018079	0.0564337	0.00145306	0.10614	0.0104184	0.0508907	0.010527	0.00188834	0.00190663	0.00150538	0.00203127	0.0651122	0.161941	0.29633	0.000712995	0.00104203
164	0.506043	0.00383886	0.00189546	0.00166766	0.00304421	0.106904	0.00243919	0.0318975	0.00285513	0.0145014	0.0246681	0.00247793	0.00260778	0.00199016	0.003322	0.0613656	0.141031	0.0849907	0.00091957	0.00153978
165	0.168259	0.10911	0.00214287	0.00120717	0.0159171	0.0401556	0.00509622	0.0265818	0.00221453	0.0139703	0.00722774	0.00590558	0.0695233	0.00154884	0.00291371	0.35543	0.14294	0.0260389	0.00118592	0.00263054
166	0.102208	0.000501079	0.0292278	0.0239774	0.00654529	0.039608	0.0300321	0.00469407	0.0441994	0.00904617	0.0022865	0.0665195	0.02799	0.0388722	0.0324292	0.294899	0.221421	0.0150314	0.000268031	0.0102435
167	0.0424904	0.00135286	0.00210919	0.00288129	0.00223064	0.00547779	0.00267999	0.00867524	0.0204526	0.00429753	0.00987937	0.0474689	0.014893	0.0045567	0.0101159	0.273167	0.534242	0.00685813	0.00431878	0.00185286
168	0.105264	0.000522201	0.0277998	0.0227248	0.00673196	0.0371055	0.0280626	0.00499265	0.042824	0.00864792	0.00247408	0.0606226	0.0291214	0.0351786	0.0320745	0.295697	0.233396	0.0155928	0.000324936	0.0108427
169	0.327504	0.0156568	0.00145384	0.00120699	0.00556977	0.030291	0.00282274	0.0200549	0.00224664	0.0142646	0.00431752	0.0122862	0.110059	0.00188381	0.00257199	0.234978	0.15133	0.058594	0.00102476	0.00188368
170	0.0373346	0.000766368	0.314421	0.234475	0.00129079	0.0463803	0.0215187	0.00582987	0.027002	0.00751296	0.00432821	0.0731243	0.00341911	0.0625738	0.0276543	0.0931176	0.0341904	0.00287365	0.000454895	0.00173266
171	0.0953183	0.0053225	0.00144939	0.0015156	0.0366183	0.0469002	0.0323922	0.0336247	0.126639	0.0546896	0.0551462	0.074783	0.0213204	0.0811903	0.1265	0.0701602	0.0505297	0.0556366	0.00472332	0.0255405
172	0.17872	0.00728902	0.00141536	0.00149461	0.0812925	0.0413233	0.00274983	0.0939236	0.00866197	0.075928	0.100173	0.00355424	0.0355244	0.00375532	0.0160383	0.0359607	0.09325	0.178441	0.0328799	0.00762517
173	0.0177737	0.00675875	0.00216581	0.000705723	0.376781	0.00802411	0.00320456	0.0609233	0.000907629	0.395694	0.0462859	0.00177213	0.00643987	0.00171269	0.00258317	0.0110868	0.00497632	0.0430959	0.0045187	0.00458959
174	0.0461484	0.00392841	0.253639	0.0110242	0.00418612	0.228601	0.033115	0.0068064	0.0207692	0.0077894	0.0246355	0.159133	0.00295689	0.00550884	0.0353236	0.110904	0.0332422	0.00867142	0.0018524	0.00176507
175	0.133997	0.00981899	0.00156996	0.00247653	0.075377	0.0389562	0.00262659	0.161591	0.00738447	0.101176	0.0970703	0.00346251	0.0149144	0.00354889	0.0092524	0.0465511	0.0675688	0.193987	0.0121273	0.0165449
176	0.00779457	0.00800046	0.00109654	0.0004717	0.444311	0.00759831	0.00160217	0.0685754	0.000915772	0.365028	0.0492557	0.00134914	0.00197129	0.000679636	0.00119647	0.0119254	0.00355775	0.0233151	0.000508385	0.000847214
177	0.050102	0.00337615	0.0133514	0.0175609	0.00275834	0.0993072	0.0334916	0.00850877	0.0243313	0.0176589	0.00384371	0.251074	0.00484667	0.0323849	0.00599638	0.254116	0.167932	0.00637526	0.000812965	0.0021712
178	0.180587	0.00271743	0.0126369	0.0084528	0.00110461	0.617453	0.000915385	0.00355266	0.000828919	0.00209003	0.00507791	0.00904643	0.00185952	0.000637857	0.00185941	0.109414	0.0312871	0.00842902	0.000361818	0.00168822
179	0.0299895	0.00341432	0.0024572	0.00450457	0.104975	0.00419638	0.0113405	0.110307	0.00202583	0.466148	0.143568	0.00208321	0.00376424	0.00410193	0.0114401	0.0046209	0.00645099	0.0641688	0.0138267	0.00661639
180	0.101651	0.00899329	0.0138525	0.0126933	0.005481	0.623545	0.00390091	0.0125084	0.00580454	0.0112979	0.0080778	0.0139792	0.00650999	0.00473276	0.0069774	0.0976687	0.0329723	0.01876	0.00492686	0.00566712
181	0.0362989	0.00191777	0.207321	0.28292	0.00292574	0.0360366	0.0126729	0.00761464	0.0293458	0.0085877	0.0174881	0.0892651	0.00235005	0.0907967	0.0157588	0.0478453	0.101826	0.00511452	0.00122477	0.00268945
182	0.0139646	0.00402736	0.000659121	0.000782066	0.0170884	0.00301812	0.0018306	0.425733	0.00221164	0.0783577	0.0434301	0.0018645	0.0011064	0.000506927	0.00747964	0.00286894	0.0125322	0.380128	0.00197673	0.000434568
183	0.639157	0.00135467	0.00176772	0.000508615	0.00102662	0.0262392	0.00604402	0.00771118	0.00109017	0.00361712	0.00135186	0.000738992	0.00410006	0.00330927	0.00538342	0.231986	0.036833	0.0269845	0.000411926	0.000385485
184	0.0211593	0.00932692	0.00332918	0.00247956	0.357265	0.00967001	0.0116525	0.0564382	0.00578778	0.212387	0.0367838	0.00895438	0.015365	0.00527855	0.00589997	0.0194017	0.0141514	0.0500323	0.00862408	0.146014
185	0.625737	0.00413269	0.00234872	0.000647192	0.00102638	0.0389823	0.0057583	0.00826202	0.00134834	0.00394662	0.00198516	0.00183507	0.00398953	0.00363961	0.00577803	0.221948	0.0398833	0.0277801	0.000461893	0.00050916
186	0.0107719	0.000517066	0.000315728	0.000368025	0.268887	0.00687215	0.0238109	0.00173501	0.00614101	0.0219452	0.0100963	0.0154032	0.00297964	0.000562775	0.00610716	0.0259179	0.00926858	0.00819409	0.00139001	0.578716
187	0.585554	0.00744181	0.00459836	0.00150743	0.00222803	0.0391426	0.00654685	0.0103034	0.0030162	0.00606963	0.00252236	0.00577817	0.00671048	0.00484132	0.00636921	0.230562	0.0465584	0.0289994	0.000545537	0.000704526
188	0.148631	0.0045988	0.0107654	0.00968683	0.00118641	0.640672	0.00143973	0.00408661	0.00111197	0.00246118	0.0035746	0.0100089	0.00404134	0.00111271	0.00210773	0.11153	0.0312288	0.00940641	0.000414812	0.00193436
189	0.0429723	0.0129051	0.0229056	0.0507392	0.033635	0.0204406	0.290644	0.0244882	0.0433217	0.0375944	0.0200334	0.0300121	0.028316	0.0709694	0.0372927	0.0421415	0.0272901	0.0432395	0.0085353	0.112524
190	0.0798802	0.0154397	0.030326	0.0112955	0.00453701	0.123386	0.0207883	0.0113946	0.0186014	0.0137992	0.00625955	0.196583	0.00860047	0.0233479	0.0122753	0.301531	0.106749	0.010477	0.00138111	0.00334781
191	0.0294952	0.00581816	0.00074294	0.0011282	0.0187496	0.0075547	0.00093775	0.31762	0.00193093	0.0626615	0.0253376	0.00372163	0.00151419	0.000986898	0.00217228	0.00631762	0.0190013	0.492594	0.000977922	0.000737931
