236	20
1	0.0836684	0.00906757	0.0702244	0.119003	0.043071	0.0308209	0.0452911	0.0363332	0.0308898	0.0529777	0.0363986	0.0344282	0.00344759	0.100024	0.0714983	0.087949	0.0554637	0.0726774	0.00365127	0.013115
2	0.0586808	0.00895659	0.0360978	0.169846	0.00900372	0.0107626	0.0570555	0.0208357	0.164895	0.0411829	0.0263474	0.0303281	0.00255597	0.11281	0.0873392	0.0482635	0.040188	0.0485436	0.012997	0.0133107
3	0.00326219	0.00434488	0.000582407	0.000840432	0.016645	0.00371388	0.00194683	0.384023	0.00306973	0.0861381	0.0293562	0.00291462	0.000542884	0.00210714	0.000867615	0.00213513	0.00488108	0.449647	0.000951041	0.00203043
4	0.125633	0.0208422	0.0334601	0.0257793	0.0605985	0.317553	0.0167105	0.0204302	0.0296249	0.0370149	0.0176991	0.0330172	0.022256	0.0212516	0.0221563	0.0843676	0.0494091	0.0350722	0.00679749	0.0203258
5	0.0516508	0.0147205	0.0135476	0.0179311	0.0754757	0.014353	0.127242	0.020782	0.0790744	0.0305803	0.0454789	0.0295798	0.0525791	0.039824	0.0638991	0.0427985	0.0333588	0.0328954	0.00512109	0.209108
6	0.0154132	0.00754933	0.00057183	0.00152468	0.0256239	0.00344396	0.00074726	0.282251	0.00287399	0.378937	0.0872374	0.000823667	0.00273792	0.000852948	0.00193149	0.00719177	0.0114759	0.165519	0.001376	0.00191882
7	0.0161587	0.00827278	0.000785965	0.0021692	0.0308056	0.00290455	0.0015587	0.251893	0.00259729	0.410232	0.0907695	0.000809266	0.00296138	0.00141126	0.0025123	0.00681069	0.0104399	0.151394	0.00137201	0.00414196
8	0.193823	0.0218187	0.018329	0.0211642	0.0223154	0.0405557	0.0209359	0.0474806	0.026946	0.0446125	0.0181417	0.0307263	0.0135539	0.0203476	0.0176815	0.183328	0.135727	0.0970454	0.00342612	0.0220422
9	0.0469915	0.00696683	0.0395222	0.036801	0.029887	0.0564198	0.0713965	0.0227476	0.0711872	0.0310726	0.0081572	0.0133266	0.285307	0.0284836	0.0562497	0.085667	0.0549552	0.0267026	0.00221468	0.0259444
10	0.0271617	0.0193758	0.00207686	0.0106201	0.0517101	0.00206958	0.0206999	0.136112	0.00873286	0.403938	0.0871395	0.00587773	0.00390393	0.00989525	0.0141742	0.0109574	0.018031	0.129576	0.00252662	0.0354212
11	0.0155986	0.00768	0.000559873	0.00153804	0.025544	0.00345531	0.000734454	0.279647	0.0028802	0.382741	0.0881842	0.000766154	0.00268312	0.000833919	0.00193294	0.00732218	0.0114774	0.163185	0.00135679	0.00188066
12	0.034135	0.00471874	0.146674	0.142413	0.00493254	0.0215057	0.0196582	0.0190345	0.0770385	0.0108603	0.00608567	0.0712219	0.0314023	0.0865257	0.0130988	0.106832	0.16375	0.0348705	0.00132119	0.00392077
13	0.0139951	0.00976568	0.00241048	0.00447013	0.044103	0.00190479	0.00681647	0.099457	0.00256106	0.575111	0.100999	0.00174474	0.00565584	0.0058631	0.0086508	0.00662332	0.010369	0.0821103	0.00248628	0.0149034
14	0.0121963	0.0109632	0.00508021	0.00655647	0.0667682	0.026605	0.0437345	0.0166641	0.05404	0.292771	0.1917	0.0347194	0.00397622	0.00727306	0.0549813	0.0341941	0.054851	0.0402991	0.0020602	0.0405664
15	0.0601092	0.00567095	0.0538394	0.0687491	0.00742509	0.0651934	0.0352634	0.0145489	0.0739142	0.0526528	0.00606876	0.0154819	0.258953	0.0430509	0.0663422	0.0916443	0.0514693	0.0202962	0.000890739	0.00843678
16	0.0122175	0.00692488	0.00435353	0.00570774	0.221564	0.0132529	0.0548269	0.0196529	0.0136573	0.044441	0.00754429	0.00592954	0.00318748	0.0212279	0.00474886	0.0288895	0.00734243	0.0281316	0.0227263	0.473674
17	0.0546254	0.0103227	0.079862	0.155833	0.00963891	0.0245457	0.0308979	0.010472	0.136947	0.0253271	0.0122066	0.0564467	0.0119487	0.111112	0.123159	0.0632427	0.0540213	0.0200496	0.00187211	0.00747113
18	0.0134365	0.0161372	0.0425195	0.0550889	0.00916906	0.0370801	0.0190285	0.0199621	0.228727	0.0320974	0.00867437	0.0368147	0.00416207	0.114878	0.264578	0.0426963	0.0220032	0.021494	0.00136621	0.0100863
19	0.0307443	0.019427	0.330967	0.0729069	0.00978581	0.0582759	0.02255	0.0207765	0.0399679	0.0354759	0.0100821	0.102446	0.0118816	0.0505266	0.0217048	0.0692347	0.04938	0.0305556	0.00245318	0.0108583
20	0.0758901	0.0109795	0.152794	0.330838	0.00742441	0.0620839	0.038012	0.00969705	0.0263318	0.0251168	0.00759964	0.0338527	0.00656296	0.0551556	0.01637	0.0823056	0.0312625	0.0177879	0.00240344	0.00753231
21	0.0340375	0.0377943	0.0109924	0.0325134	0.0594494	0.00963648	0.0801227	0.130114	0.031763	0.13018	0.0789077	0.0143757	0.00715676	0.0508042	0.0294199	0.0275873	0.0324881	0.0931039	0.00488934	0.104664
22	0.0604695	0.0146536	0.036142	0.024204	0.0791434	0.355334	0.0247158	0.0199664	0.033107	0.0469683	0.0206136	0.0382271	0.015157	0.0246337	0.0272124	0.054995	0.0386393	0.02799	0.00888696	0.0489405
23	0.025047	0.00995012	0.00508536	0.00914661	0.0312856	0.015409	0.0187409	0.0583006	0.0263413	0.348722	0.149205	0.01962	0.00894265	0.0115852	0.0247633	0.0530937	0.0718186	0.0914682	0.00321046	0.0182637
24	0.0431758	0.0175427	0.167956	0.0541044	0.0179403	0.255504	0.0212144	0.0171062	0.0374676	0.0548001	0.015384	0.0636798	0.0192843	0.0356065	0.0309531	0.0647415	0.0434622	0.023017	0.00307375	0.0139866
25	0.0538691	0.108686	0.0268496	0.0399605	0.0217357	0.0381416	0.044196	0.0285876	0.164213	0.0449068	0.0216063	0.0357613	0.013213	0.0641841	0.109083	0.0601904	0.0449755	0.0467711	0.00739865	0.0256708
26	0.0706848	0.0197771	0.04151	0.0379179	0.0243174	0.0285751	0.024878	0.0452464	0.0474448	0.102192	0.0538351	0.074489	0.0136386	0.034759	0.043792	0.0849068	0.155145	0.0713913	0.00397789	0.0215211
27	0.00798807	0.00673166	0.00059389	0.00112886	0.019046	0.00353682	0.00256107	0.359919	0.00396368	0.149189	0.0440613	0.00260294	0.00118246	0.00263174	0.00149234	0.00461898	0.00901795	0.37583	0.00144559	0.00245877
28	0.160446	0.00993489	0.0139989	0.0795206	0.0079791	0.0223199	0.0142938	0.0126783	0.0337076	0.0191167	0.0376834	0.0235348	0.00460991	0.167634	0.024895	0.180288	0.160431	0.0179731	0.00256396	0.00639215
29	0.058625	0.00495945	0.00220593	0.0104193	0.0242856	0.00522136	0.0134276	0.148267	0.0135453	0.12807	0.0756369	0.0169212	0.0156036	0.016321	0.00356229	0.0439979	0.166369	0.232806	0.00293527	0.0168205
30	0.017372	0.0116267	0.00255016	0.00526211	0.0481356	0.00229922	0.00724216	0.100543	0.0022206	0.5638	0.0993404	0.00181267	0.0051392	0.00637203	0.00909628	0.00688965	0.00904586	0.079692	0.00248353	0.0190768
31	0.299197	0.0585058	0.00492018	0.00994099	0.0075305	0.0559533	0.002725	0.00275979	0.00594333	0.00838356	0.0184736	0.0072566	0.0383403	0.00361733	0.0163867	0.35067	0.0800031	0.0261852	0.0010109	0.00219648
32	0.0155219	0.00945378	0.00195859	0.00379261	0.0412313	0.00192631	0.00547176	0.122342	0.00174667	0.556097	0.0954333	0.000842521	0.0050744	0.0051482	0.00672359	0.00642666	0.00931254	0.0968454	0.00223043	0.0124211
33	0.00222294	0.00417436	0.000638925	0.000855111	0.017808	0.00294491	0.00175273	0.421557	0.00345917	0.0902324	0.0316391	0.00266183	0.00049658	0.00185973	0.000920088	0.00171039	0.00385876	0.407881	0.00119188	0.002135
34	0.00213133	0.00380698	0.000652221	0.000985349	0.013337	0.00299463	0.00207431	0.365503	0.00273792	0.0721862	0.0273319	0.00263349	0.000489735	0.00239855	0.00104449	0.00186969	0.00332671	0.492114	0.000550234	0.00183239
35	0.164052	0.38337	0.0100751	0.00819397	0.00790011	0.0186467	0.0119244	0.0356389	0.0134256	0.0238636	0.0174385	0.00945324	0.00928564	0.00974335	0.0157516	0.0811057	0.02898	0.142208	0.00232716	0.00661764
36	0.0584954	0.0116483	0.040181	0.047999	0.0175486	0.0505434	0.0421817	0.0205005	0.0952549	0.0431415	0.0138917	0.0243036	0.219472	0.0417594	0.0801234	0.0862341	0.0539286	0.0292853	0.00398625	0.0195218
37	0.0619057	0.00908725	0.00540515	0.0123981	0.021304	0.0105873	0.01204	0.100018	0.0302551	0.164564	0.0838576	0.0123595	0.0216623	0.0268594	0.0122319	0.0620395	0.121036	0.214274	0.00486978	0.0132443
38	0.278507	0.0593521	0.0059293	0.0106849	0.0083689	0.0552631	0.00333562	0.00397562	0.00678394	0.00990781	0.0185303	0.00901073	0.041688	0.00413813	0.0161539	0.341522	0.0924749	0.030827	0.000975142	0.00257172
39	0.033632	0.0224866	0.00614165	0.0167829	0.0433751	0.00868248	0.0437385	0.115416	0.0228445	0.280429	0.0648115	0.0121976	0.00647239	0.0210562	0.0223543	0.0270817	0.0337315	0.179675	0.00587648	0.0332148
40	0.0177838	0.00992489	0.00101261	0.00255655	0.0326404	0.00292376	0.00224129	0.230649	0.00235692	0.431234	0.0937884	0.000787608	0.00314157	0.00199522	0.00324627	0.00719315	0.0108136	0.138081	0.0014614	0.0061692
41	0.0529935	0.00796077	0.0344435	0.00956047	0.00366743	0.086461	0.036629	0.0051424	0.0353936	0.0085402	0.0075598	0.0900865	0.0146726	0.0336562	0.0459701	0.411258	0.0831926	0.00742092	0.0120327	0.0133588
42	0.107017	0.0112578	0.0340811	0.0557971	0.0064289	0.0438051	0.0292735	0.0149628	0.092004	0.0238155	0.012645	0.0715393	0.00802455	0.0953557	0.0866484	0.16644	0.11573	0.020156	0.0012153	0.00380288
43	0.0443204	0.0189136	0.0142015	0.0229704	0.0784075	0.0251294	0.0247469	0.0685286	0.0320567	0.209544	0.046169	0.0155669	0.0150436	0.0233531	0.0249825	0.0435375	0.0390106	0.0782385	0.121173	0.0541063
44	0.0670991	0.00931284	0.0131244	0.145193	0.0153439	0.00844149	0.0787345	0.0513763	0.103184	0.0565453	0.0610047	0.00784973	0.00346474	0.113096	0.0650942	0.0385402	0.0423891	0.0878791	0.00802105	0.0243059
45	0.107385	0.0151483	0.0212841	0.0444753	0.00408636	0.05064	0.0374016	0.0166888	0.10205	0.0337692	0.0136304	0.0540212	0.00652791	0.0922072	0.0712595	0.180788	0.133193	0.0121429	0.000857646	0.0024439
46	0.0134366	0.010332	0.00313002	0.00481593	0.0474748	0.00122917	0.00843193	0.0750206	0.00196607	0.608774	0.0980742	0.00125098	0.00611564	0.00747365	0.0104811	0.00629655	0.00738827	0.067072	0.00332441	0.0179118
47	0.0139389	0.00671775	0.0339626	0.0343903	0.00448198	0.0358425	0.00865466	0.00344409	0.271528	0.00669293	0.013786	0.139885	0.00610823	0.0557028	0.199731	0.100306	0.0541616	0.00682476	0.00086291	0.00297751
48	0.0469488	0.0115802	0.00125061	0.0038861	0.0204398	0.00905987	0.0151407	0.174246	0.0182482	0.162157	0.0397261	0.00769562	0.00707069	0.0170178	0.00632898	0.0361457	0.0532172	0.35756	0.0097007	0.00257953
49	0.0177151	0.0561647	0.00485466	0.0197221	0.100689	0.00417133	0.0917202	0.105091	0.0206914	0.179948	0.0669432	0.00796595	0.00262734	0.0214344	0.023879	0.0213945	0.0118312	0.0882921	0.00264487	0.15222
50	0.0500304	0.00946508	0.00130827	0.00419305	0.0164772	0.00749401	0.0122773	0.177162	0.0266933	0.166943	0.0497151	0.006541	0.00731667	0.0231612	0.00584727	0.0339256	0.0654871	0.326583	0.00667934	0.00269994
51	0.0127977	0.00321061	0.00319628	0.00453899	0.230468	0.0151426	0.041266	0.0170808	0.0126307	0.0362817	0.0035472	0.00464092	0.00215088	0.0199555	0.00320292	0.0297616	0.00515327	0.0273131	0.0267913	0.50087
52	0.0176173	0.00958597	0.0122198	0.0265371	0.0193889	0.0109873	0.405995	0.0117967	0.0208784	0.0159905	0.0119857	0.0162277	0.00902137	0.026794	0.0134169	0.0245518	0.0746426	0.0184137	0.00419563	0.249754
53	0.0161064	0.00538797	0.010038	0.0090975	0.120362	0.00790754	0.16103	0.00708753	0.0393226	0.0124446	0.0117798	0.0650257	0.0332126	0.0876891	0.0143925	0.0638751	0.0143041	0.0312314	0.00421197	0.285494
54	0.0150247	0.0125725	0.429198	0.0732729	0.00171398	0.0565841	0.0109955	0.0201115	0.0262596	0.0282641	0.00470806	0.131988	0.00143486	0.0510858	0.00594822	0.0658668	0.0421672	0.0205332	0.000569124	0.00170257
55	0.00532861	0.00476095	0.000580742	0.00103524	0.0182894	0.00339574	0.00145241	0.379257	0.00318973	0.151385	0.0418058	0.0023695	0.000845478	0.00157086	0.00115688	0.00264861	0.00574	0.371006	0.00118682	0.00299481
56	0.00244546	0.0039327	0.000619782	0.000974865	0.0134859	0.00307626	0.00207781	0.363548	0.00282634	0.0750554	0.0277994	0.00260827	0.000527106	0.00239049	0.00102452	0.0020117	0.0035553	0.489665	0.000577666	0.0017987
57	0.0143632	0.00737908	0.000564988	0.00151305	0.0256082	0.00347468	0.00078964	0.296827	0.00296027	0.362107	0.08353	0.000882956	0.00254981	0.00087346	0.00182789	0.00679774	0.0113194	0.173163	0.00151603	0.00195284
58	0.146989	0.0308029	0.00762054	0.0107829	0.00682551	0.0441997	0.00800687	0.00742875	0.0123246	0.0113831	0.0118858	0.0127941	0.0214259	0.0116982	0.0153495	0.349208	0.260752	0.0238125	0.001727	0.00498378
59	0.0173506	0.0112427	0.00557933	0.00732852	0.00481842	0.0373865	0.00683133	0.00573406	0.00841781	0.009512	0.00580063	0.00823378	0.00349973	0.00871629	0.0072837	0.364947	0.468297	0.0110762	0.00241309	0.0055315
60	0.0170692	0.00896222	0.00688159	0.00997887	0.186744	0.0166283	0.0611136	0.0239415	0.0195734	0.0520622	0.0134631	0.00987203	0.00723154	0.0239117	0.0104803	0.0304814	0.0132673	0.0317255	0.0201512	0.436461
61	0.0250247	0.00626917	0.0374997	0.00975691	0.00787185	0.422655	0.0381015	0.0048211	0.0164807	0.0116107	0.0191284	0.0805	0.00646352	0.0272749	0.0453268	0.158291	0.0585371	0.010095	0.00371386	0.0105784
62	0.0561677	0.011881	0.00421495	0.00617689	0.0116541	0.00602215	0.00877163	0.206915	0.0184954	0.0658542	0.0371855	0.00783971	0.00613635	0.0107485	0.0042685	0.0270895	0.21725	0.283702	0.00299467	0.00663227
63	0.00212305	0.00383586	0.000650578	0.000984297	0.0135174	0.00299303	0.00208046	0.36707	0.0027556	0.0726121	0.0275376	0.00265038	0.000478382	0.00236621	0.00103183	0.00184491	0.00330581	0.48975	0.000570176	0.00184232
64	0.0257726	0.0119529	0.00131227	0.00382478	0.0313742	0.00364396	0.00554265	0.214213	0.00551431	0.391331	0.0809416	0.00246246	0.00366742	0.00483742	0.00517005	0.0107888	0.0180485	0.168186	0.00237707	0.00903794
65	0.0513301	0.0278602	0.158523	0.0466389	0.135012	0.0431316	0.0354053	0.0231835	0.0456699	0.0653522	0.0253843	0.0472415	0.0180469	0.0435947	0.0369493	0.05987	0.0469363	0.0368442	0.00979358	0.0432324
66	0.0561619	0.0139436	0.0710378	0.313234	0.0146671	0.0380896	0.0260592	0.0144508	0.0684112	0.0318245	0.014628	0.03379	0.010522	0.0914435	0.0476383	0.0617118	0.0431597	0.0294294	0.00288146	0.0169162
67	0.179087	0.0228759	0.0267976	0.014643	0.019505	0.384041	0.0122307	0.00693199	0.019645	0.015715	0.0133467	0.028521	0.0343663	0.0129448	0.0171437	0.115567	0.0413816	0.0190895	0.00391806	0.0122484
68	0.0347165	0.0188842	0.0562833	0.0444451	0.033637	0.0188376	0.182921	0.0188741	0.0535277	0.0308629	0.0192998	0.0412896	0.0167052	0.131348	0.0389815	0.0480559	0.0392937	0.0328824	0.00561149	0.133543
69	0.0617993	0.00516324	0.00435743	0.0210775	0.0320361	0.00678193	0.0233622	0.123782	0.0108745	0.0829795	0.0743858	0.0390039	0.0187245	0.0188723	0.0102635	0.0609041	0.20405	0.158515	0.00222784	0.0408391
70	0.00392011	0.00440439	0.000634792	0.000978078	0.0182172	0.00307437	0.00204702	0.412136	0.00395568	0.101986	0.0332635	0.00267479	0.000617696	0.00233799	0.00116814	0.00266818	0.0053641	0.396981	0.00139579	0.00217587
71	0.0614925	0.199487	0.00588378	0.00653028	0.00683543	0.00715157	0.1253	0.00646394	0.0297949	0.0100637	0.00742501	0.0449142	0.0049029	0.0422388	0.198431	0.128855	0.0287677	0.0385391	0.00212274	0.0447996
72	0.0124297	0.00678686	0.0275538	0.0373068	0.00489125	0.0329452	0.0136751	0.00418642	0.300256	0.00538241	0.0170316	0.0678572	0.00712133	0.0769445	0.312174	0.0332946	0.0303494	0.00717252	0.000640178	0.00200093
73	0.0540016	0.0249919	0.0203223	0.0248686	0.110881	0.0256547	0.030346	0.0442507	0.0352854	0.079578	0.0313434	0.0227044	0.0180633	0.0308713	0.0298208	0.0665797	0.0457302	0.059793	0.181096	0.0638185
74	0.191686	0.126946	0.00326002	0.00448731	0.00437409	0.00431222	0.00446948	0.137055	0.0106949	0.0615076	0.00688205	0.00393603	0.00230186	0.00493941	0.00447985	0.0135809	0.0226849	0.387095	0.00178148	0.00352584
75	0.0242053	0.0170189	0.00119496	0.00513412	0.0364554	0.00420662	0.0103403	0.204599	0.00697191	0.364224	0.078829	0.00341286	0.00359586	0.00613536	0.00748634	0.0147627	0.0173101	0.177088	0.0028516	0.014178
76	0.130969	0.0460535	0.00850284	0.0116444	0.00731667	0.0417001	0.0095496	0.00681108	0.0108079	0.0113361	0.0125765	0.0156646	0.0192434	0.0111499	0.0175218	0.335224	0.271505	0.0246542	0.00202241	0.00574631
77	0.0604337	0.0120378	0.0513334	0.0270881	0.0183019	0.448998	0.0205129	0.0106693	0.0351696	0.0243734	0.0142242	0.0496086	0.0112755	0.0238068	0.0323086	0.0760085	0.0447806	0.018721	0.00412781	0.0162202
78	0.131271	0.0172459	0.0302927	0.0796003	0.0172805	0.0353308	0.0215985	0.0277671	0.0618698	0.0358938	0.0241799	0.0385905	0.0136753	0.0630518	0.049563	0.124542	0.16136	0.0486411	0.00438112	0.0138651
79	0.0514373	0.01996	0.0386505	0.0432049	0.0183914	0.0450792	0.0675805	0.0217033	0.0653089	0.0435419	0.0133311	0.02278	0.228218	0.0412634	0.0909031	0.0821015	0.0501136	0.0255376	0.00275401	0.0281394
80	0.0147671	0.00856564	0.000908516	0.00247118	0.0333526	0.00279801	0.00270386	0.272693	0.00306613	0.380928	0.0840247	0.00130619	0.00291981	0.00223225	0.00324465	0.00673685	0.0101381	0.158852	0.00173279	0.00655837
81	0.0231664	0.00771468	0.00163144	0.00379389	0.0154896	0.00577732	0.0132451	0.28086	0.0118942	0.106428	0.0371676	0.0061593	0.00327464	0.0188478	0.00479474	0.0164356	0.026734	0.40775	0.00394572	0.00488911
82	0.0613143	0.0223122	0.0387326	0.0318764	0.0202551	0.0482331	0.0260793	0.0267564	0.056077	0.0632978	0.0759979	0.123013	0.0136464	0.0388075	0.0495266	0.154677	0.0815686	0.046049	0.00513355	0.0166455
83	0.0392017	0.0139659	0.22356	0.144019	0.00541682	0.0375998	0.0238705	0.0130031	0.0958862	0.0232919	0.00880654	0.0857098	0.00859854	0.0719645	0.0551565	0.0658558	0.0558835	0.0205758	0.00154608	0.00608798
84	0.0129756	0.00956708	0.00227956	0.00414926	0.0456432	0.00115455	0.00603493	0.0891622	0.00122343	0.606051	0.0970429	0.000796672	0.00556359	0.00561494	0.00782604	0.00529859	0.00753091	0.0754221	0.00249524	0.0141678
85	0.0128796	0.003114	0.00324645	0.00454736	0.229847	0.0152536	0.0414644	0.0169319	0.0125862	0.0358742	0.00341538	0.0047462	0.00216675	0.0201651	0.00316027	0.0302053	0.00511867	0.0272074	0.0268036	0.501266
86	0.289908	0.0615401	0.0057774	0.0110893	0.00838503	0.0567487	0.00289625	0.00366452	0.00634857	0.00996217	0.0201968	0.00796394	0.0430933	0.00375446	0.0155338	0.330161	0.0893813	0.0300759	0.000853431	0.00266587
87	0.0182775	0.0151489	0.00287756	0.00728349	0.0519914	0.00160463	0.0126392	0.108702	0.00460854	0.520644	0.0946007	0.00274448	0.00470309	0.00928336	0.0119999	0.00685758	0.00870488	0.0871952	0.0027053	0.0274287
88	0.0121627	0.00701916	0.000546633	0.00134331	0.0268693	0.00321185	0.00102025	0.307297	0.00294108	0.315991	0.0756116	0.00121958	0.00210386	0.00103356	0.00167564	0.00581079	0.00950577	0.221367	0.00130126	0.00196884
89	0.0747713	0.170035	0.00521143	0.00670901	0.00568857	0.00584786	0.0934728	0.00604884	0.0464743	0.0098266	0.00633376	0.0387699	0.00372889	0.0676635	0.215034	0.118346	0.0421556	0.059033	0.00164464	0.0232059
90	0.0396124	0.0990487	0.0201004	0.0252101	0.231313	0.0245107	0.0373095	0.043505	0.0247277	0.113776	0.037843	0.0171645	0.00944372	0.0268854	0.0264336	0.0421407	0.0321543	0.0513632	0.0226999	0.0747583
91	0.0132133	0.00971633	0.0024362	0.00406396	0.0469259	0.00147331	0.00613409	0.092805	0.00143589	0.598724	0.0988286	0.000933705	0.00543208	0.00581518	0.00813026	0.00550408	0.00742972	0.0741	0.00240227	0.0144963
92	0.008294	0.0134189	0.0317871	0.0325062	0.00475795	0.0451827	0.0312327	0.00825319	0.272711	0.00948344	0.0111184	0.0569874	0.00450859	0.0897311	0.321227	0.0258748	0.019802	0.00918228	0.000680644	0.00326105
93	0.0279531	0.0241143	0.00219442	0.0127665	0.0562122	0.00174039	0.0233885	0.141763	0.0102368	0.378651	0.0884377	0.00645566	0.00303347	0.0101531	0.0169561	0.0107901	0.0114484	0.128463	0.00260038	0.0426417
94	0.0712992	0.029493	0.00920072	0.0359611	0.0541212	0.0116667	0.0312297	0.115883	0.0339712	0.1579	0.061863	0.014306	0.0154353	0.0223698	0.0449033	0.0410172	0.0587435	0.126125	0.00738425	0.057127
95	0.00335052	0.00450209	0.000623601	0.000944591	0.0187185	0.00298941	0.00177139	0.416543	0.00385744	0.103871	0.0341289	0.00262581	0.000623421	0.00193399	0.00110309	0.00219912	0.00461868	0.392142	0.0012483	0.00220476
96	0.122018	0.0139577	0.0250734	0.0606001	0.00699221	0.047086	0.0237095	0.0214109	0.082073	0.0300145	0.0135924	0.0537649	0.00672451	0.0971455	0.0622276	0.168393	0.136945	0.0231921	0.00119309	0.0038876
97	0.011736	0.010715	0.070401	0.0178972	0.00950114	0.0354225	0.0325191	0.0732937	0.155846	0.0751624	0.00738407	0.0293861	0.00577341	0.0393137	0.233516	0.0393421	0.0509588	0.0704314	0.00357163	0.0278278
98	0.0579143	0.00570264	0.0493445	0.0645355	0.00949223	0.0630874	0.0395338	0.0154138	0.0757564	0.0464125	0.0061377	0.0159659	0.263824	0.0433699	0.0624291	0.0974588	0.0526233	0.0206766	0.00106466	0.00925733
99	0.0174387	0.0519986	0.00481352	0.0184379	0.106994	0.00452856	0.0896341	0.109624	0.0223752	0.167099	0.0601503	0.00744798	0.00249868	0.0201624	0.0219179	0.0201098	0.011753	0.0863576	0.00383379	0.172826
100	0.0339857	0.0203976	0.00907768	0.0285047	0.0315952	0.0100608	0.0492476	0.155996	0.0388052	0.194594	0.0424783	0.0267684	0.00647432	0.0171723	0.0528914	0.0272783	0.0437988	0.164373	0.01776	0.0287407
101	0.0171604	0.00833177	0.000644181	0.0019303	0.0243732	0.00411155	0.00178325	0.26757	0.00357016	0.367614	0.0839866	0.00134177	0.00289318	0.00199332	0.0025428	0.00974343	0.0139888	0.182342	0.00165682	0.00242183
102	0.0118542	0.00462518	0.0265956	0.0405214	0.00463706	0.0319168	0.0104213	0.00279196	0.308268	0.00447313	0.0179374	0.0774757	0.00726144	0.0785355	0.295958	0.0370659	0.0313314	0.00611004	0.000521548	0.00169837
103	0.197045	0.022918	0.019099	0.0216636	0.0217841	0.0408005	0.0185254	0.0466121	0.0284816	0.0454637	0.018905	0.0285572	0.0146708	0.020917	0.0192301	0.17574	0.137957	0.0960806	0.00364692	0.0219018
104	0.0167959	0.0063697	0.00070493	0.00154234	0.016182	0.00493782	0.00464052	0.323528	0.00722835	0.128136	0.0349823	0.00342816	0.00221581	0.00581347	0.00204213	0.010468	0.0218166	0.404382	0.00280233	0.00198252
105	0.0155005	0.00792777	0.000633993	0.00180451	0.0273723	0.00324361	0.00110339	0.26855	0.00277522	0.393578	0.0896738	0.000795084	0.0028025	0.00103915	0.00221939	0.00710691	0.0110194	0.158797	0.00136317	0.00269348
106	0.104103	0.00609197	0.0356259	0.0591575	0.00512107	0.048319	0.0244528	0.014338	0.103195	0.0212301	0.012104	0.0687467	0.00817711	0.0984704	0.094382	0.163447	0.116779	0.0143748	0.000684885	0.00119977
107	0.197611	0.0247159	0.0189052	0.0216329	0.0222194	0.0417795	0.0173578	0.0461745	0.0279239	0.045203	0.0197814	0.0279304	0.016304	0.0213243	0.0204125	0.176598	0.135297	0.0935004	0.00380474	0.0215244
108	0.0215062	0.00941524	0.000593788	0.00164873	0.0215859	0.00519512	0.00266194	0.272256	0.00523567	0.330033	0.0786333	0.00174249	0.00315112	0.00345666	0.00271293	0.0120564	0.0241476	0.200152	0.00229517	0.0015197
109	0.0991311	0.0348417	0.00730214	0.0191237	0.0443341	0.0286706	0.0136011	0.113931	0.0236475	0.158732	0.0489083	0.0146054	0.0159775	0.0172763	0.0250281	0.0695213	0.0768457	0.157218	0.00689641	0.0244082
110	0.0142568	0.0102311	0.00604979	0.00841382	0.0404714	0.0185055	0.025598	0.035658	0.0328516	0.399749	0.154988	0.0265883	0.00502719	0.0100041	0.0463471	0.0243048	0.0597052	0.0533397	0.00291529	0.024995
111	0.0422078	0.105849	0.0249495	0.0350399	0.0119005	0.0237242	0.0547725	0.0176489	0.111547	0.0266212	0.0112133	0.0351449	0.0090936	0.103007	0.228152	0.0690868	0.0334664	0.0347106	0.00254108	0.0193226
112	0.0514662	0.00700928	0.03805	0.0236684	0.00841127	0.334196	0.0279963	0.00941197	0.0431455	0.0160701	0.0141192	0.0722472	0.0107228	0.0395752	0.0572789	0.147195	0.0737532	0.0138973	0.00239648	0.00938949
113	0.0120733	0.00436199	0.026432	0.0405733	0.00463181	0.0316765	0.00956705	0.00245116	0.309368	0.00412003	0.0185358	0.0789833	0.00742232	0.0770112	0.295284	0.0373296	0.0320638	0.00599444	0.000505869	0.00161534
114	0.0950959	0.00901617	0.0364851	0.030728	0.00882924	0.0457536	0.0188042	0.017321	0.0462258	0.103326	0.0221804	0.0251108	0.189787	0.0243966	0.0954893	0.125611	0.0586866	0.0341367	0.00290341	0.0101136
115	0.0233024	0.01046	0.000771318	0.00290455	0.0232221	0.00637504	0.00491006	0.246562	0.00657596	0.339954	0.0802192	0.00292285	0.00344924	0.00501238	0.00579421	0.0152305	0.0225808	0.193459	0.00268866	0.00360601
116	0.0277609	0.00908796	0.000729525	0.00174926	0.0202653	0.00580505	0.0048219	0.25615	0.00784254	0.283207	0.0654203	0.00255334	0.00352758	0.00611832	0.0029246	0.0152604	0.0302443	0.251367	0.00342517	0.0017399
117	0.0379682	0.0295347	0.00222844	0.0173118	0.050448	0.00456624	0.0317986	0.188318	0.0239487	0.210519	0.0666781	0.0146882	0.00268678	0.0164783	0.0257479	0.0204813	0.0199673	0.190392	0.00453541	0.0417024
118	0.0174343	0.0070749	0.00731001	0.0103057	0.182991	0.0166156	0.0722213	0.0225018	0.0181567	0.0503376	0.0119612	0.010123	0.00625465	0.0268202	0.0107145	0.0319995	0.0149733	0.0329913	0.019768	0.429445
119	0.0150102	0.0115586	0.423734	0.0783022	0.00167825	0.0557076	0.0111389	0.0196405	0.0281714	0.0275122	0.00478953	0.130025	0.00173725	0.0530661	0.0064866	0.0658908	0.043417	0.0198907	0.000552982	0.0016895
120	0.0957344	0.0250887	0.0246138	0.072516	0.0475823	0.0175731	0.0390471	0.0497852	0.0494905	0.0800039	0.0547719	0.0173856	0.0194204	0.044327	0.069539	0.0626268	0.0867116	0.0819549	0.0131451	0.0486825
121	0.0222516	0.016687	0.0022659	0.0093081	0.0535305	0.00137993	0.0141559	0.122642	0.00568793	0.467651	0.0979101	0.00357103	0.00424966	0.00749615	0.0119077	0.00751716	0.0109256	0.107058	0.0021209	0.031684
122	0.0143743	0.0337506	0.00992297	0.185993	0.168816	0.00885864	0.0105585	0.00892584	0.08566	0.139686	0.00890728	0.00873385	0.00455269	0.123468	0.0590154	0.0162033	0.0148447	0.0359134	0.00301359	0.0588012
123	0.112614	0.00440443	0.0486191	0.0844338	0.0105209	0.0344371	0.0201013	0.0163253	0.0939169	0.0263492	0.0142512	0.0726019	0.00487202	0.10102	0.0852732	0.130354	0.108725	0.0297863	0.00041883	0.000975438
124	0.0427326	0.00620724	0.0947701	0.0247301	0.0136357	0.512635	0.0139799	0.0073433	0.0298469	0.0145406	0.00928257	0.0645837	0.00728023	0.0159715	0.0184935	0.0534957	0.0379368	0.012293	0.00159071	0.0186508
125	0.117116	0.00460893	0.0387235	0.0733765	0.0102132	0.0350622	0.0167516	0.0164231	0.109839	0.0263502	0.013123	0.0688465	0.00538483	0.0938576	0.0955967	0.129266	0.120546	0.0231988	0.000534801	0.00118101
126	0.0471574	0.0110772	0.00129254	0.00392316	0.0203544	0.00923953	0.0150883	0.17528	0.0184711	0.163236	0.0402082	0.00783307	0.00677559	0.0176851	0.00636231	0.0354369	0.0522762	0.356632	0.00911106	0.00256001
127	0.00885992	0.00530316	0.00480834	0.00553712	0.0400265	0.0356468	0.0434966	0.0055432	0.0576758	0.267865	0.225055	0.0512582	0.0030679	0.00620521	0.0570444	0.0276085	0.0785004	0.04617	0.00177723	0.0285504
128	0.0998452	0.00656065	0.0347542	0.0524245	0.00422078	0.0495688	0.0265443	0.0147752	0.102656	0.0203142	0.0118851	0.0684689	0.0102005	0.0976883	0.095812	0.173291	0.116302	0.0123328	0.000764065	0.00159245
129	0.0453615	0.00623566	0.00506257	0.0169699	0.00386928	0.00504063	0.209801	0.00464554	0.121057	0.0195815	0.00466933	0.158736	0.00251923	0.136617	0.0707522	0.0816434	0.0589827	0.0200503	0.00151771	0.0268868
130	0.0119391	0.00502994	0.00342664	0.00557821	0.23505	0.0132744	0.0418135	0.0182929	0.0144224	0.0403704	0.0045663	0.0046632	0.00235073	0.0216879	0.00402651	0.0278806	0.00549093	0.0288449	0.0247847	0.486507
131	0.181736	0.02283	0.0173957	0.0248159	0.0227835	0.0402086	0.017488	0.0525522	0.032353	0.0471511	0.0204974	0.0293623	0.0154564	0.0285451	0.021752	0.166042	0.139014	0.0930947	0.00543553	0.0214862
132	0.0857691	0.0199226	0.0602488	0.0550918	0.0179403	0.0221676	0.0228386	0.0225985	0.0459903	0.0167839	0.0206709	0.136937	0.00604973	0.0594756	0.0271235	0.214222	0.116717	0.0433141	0.00153068	0.00460755
133	0.00448679	0.00590556	0.000581851	0.000939235	0.0164454	0.00315872	0.00201177	0.387378	0.00329578	0.0924821	0.0311073	0.0027795	0.000545927	0.00210722	0.000985559	0.00212769	0.00479153	0.435809	0.000989083	0.0020721
134	0.0129397	0.0103327	0.0063885	0.00517054	0.141018	0.00254865	0.0152381	0.0576956	0.00374201	0.535366	0.0816314	0.00234007	0.00531094	0.00671973	0.0132432	0.00775279	0.0111753	0.054472	0.00301231	0.0239022
135	0.182952	0.0223073	0.0189635	0.0261092	0.0260924	0.0454519	0.0190839	0.0477901	0.0301594	0.0491121	0.0189136	0.0261109	0.0171139	0.0229615	0.0208935	0.161203	0.136277	0.101009	0.00404023	0.0234546
136	0.0386896	0.030176	0.00223577	0.0163834	0.0479747	0.0049402	0.035573	0.174698	0.0214691	0.207043	0.0672103	0.0145649	0.0029981	0.0190467	0.0263692	0.0228651	0.0230855	0.198221	0.00510098	0.0413561
137	0.0143757	0.00726242	0.000574598	0.00145267	0.025054	0.00351896	0.000851178	0.29835	0.00310279	0.353773	0.0814437	0.00103473	0.00252679	0.000974926	0.00185636	0.00685125	0.0112735	0.18233	0.00148264	0.00191112
138	0.0145738	0.00982756	0.00189073	0.00486628	0.0410869	0.00180107	0.00504533	0.126188	0.00158301	0.546016	0.100222	0.000855906	0.00581655	0.00456219	0.00641096	0.00613517	0.0100705	0.0982193	0.00196353	0.0128654
139	0.0106464	0.0282763	0.042268	0.0388246	0.0102469	0.0406828	0.0260385	0.0291332	0.205742	0.0301175	0.0072668	0.0280826	0.00465578	0.125534	0.280138	0.0357168	0.0174622	0.0249889	0.00201826	0.0121606
140	0.179224	0.284368	0.0102068	0.0126984	0.0128711	0.0240938	0.010536	0.0460173	0.016374	0.0401718	0.0331044	0.0119464	0.0113708	0.0117704	0.0150563	0.0832829	0.0420889	0.141579	0.00302914	0.0102103
141	0.0158574	0.0724355	0.376614	0.0412104	0.00672648	0.0356862	0.0118388	0.0145795	0.0187439	0.0542116	0.00753532	0.158534	0.00336604	0.0327792	0.0094081	0.0587409	0.0450868	0.0301439	0.00172538	0.0047763
142	0.0961617	0.0151843	0.260279	0.0468909	0.0122174	0.0281357	0.0963675	0.0145137	0.0247553	0.0256077	0.0138467	0.072906	0.048323	0.0319345	0.0180682	0.11697	0.0386122	0.0233459	0.00509367	0.0107861
143	0.0776125	0.0198747	0.0119967	0.0372392	0.0439821	0.0306741	0.016771	0.0820193	0.0312331	0.130736	0.0423136	0.0142099	0.103588	0.0197733	0.0500723	0.0792864	0.0693327	0.093558	0.019709	0.0260182
144	0.172125	0.020904	0.018814	0.0265225	0.0289239	0.0374883	0.0194375	0.0530961	0.0391443	0.0578973	0.0217135	0.0240594	0.0200882	0.0236499	0.0267283	0.148258	0.133044	0.0964443	0.00540751	0.0262539
145	0.0143621	0.00931314	0.002145	0.0040836	0.0426614	0.00181221	0.00580297	0.108626	0.00171846	0.572673	0.0963713	0.00104891	0.00648698	0.00538861	0.00749839	0.0063376	0.0095113	0.0887532	0.00250454	0.0129011
146	0.0767886	0.406406	0.0209708	0.0157835	0.0169298	0.0258977	0.0317742	0.028631	0.0277981	0.0362933	0.0216302	0.0226618	0.0086676	0.0254256	0.043629	0.0621183	0.0294502	0.0749732	0.00445935	0.0197115
147	0.290968	0.0628455	0.00553304	0.011249	0.00861785	0.0566478	0.00268369	0.00327185	0.00607266	0.0101625	0.0201442	0.00770433	0.0441545	0.00346854	0.0155419	0.329592	0.0882187	0.0298681	0.000914363	0.00234144
148	0.00224783	0.00423613	0.000638176	0.000876307	0.0179569	0.00292368	0.00172945	0.422391	0.00354177	0.091608	0.0320284	0.0026453	0.000503238	0.00185451	0.000938886	0.00179812	0.00384984	0.40488	0.00121405	0.00213889
149	0.0830489	0.401577	0.0203313	0.0165738	0.019735	0.0221967	0.0293479	0.0285008	0.0267387	0.0462148	0.022061	0.021669	0.0107189	0.0241206	0.0364448	0.0640653	0.0308289	0.0722215	0.00396978	0.0196357
150	0.0600368	0.0511306	0.00634478	0.011261	0.0972403	0.0699449	0.0102864	0.0392765	0.0161677	0.281571	0.071104	0.0307909	0.00848978	0.0104399	0.03456	0.0776119	0.0452891	0.0265393	0.00356759	0.048348
151	0.0553153	0.0273058	0.0442842	0.0403468	0.00998433	0.0385916	0.0405161	0.0330215	0.0570724	0.0523511	0.0177791	0.0382176	0.190271	0.0529785	0.123486	0.079082	0.0508492	0.0170975	0.00210247	0.0293473
152	0.0815081	0.383873	0.0211219	0.0180513	0.0173605	0.0218982	0.0307815	0.032242	0.025271	0.0452412	0.0240902	0.0220457	0.00761083	0.0243463	0.0428548	0.0675775	0.0327422	0.0789607	0.00451941	0.0179039
153	0.140413	0.0370606	0.00768441	0.0352447	0.009116	0.206941	0.00975957	0.00912747	0.142643	0.136292	0.0391493	0.010362	0.00554264	0.0362738	0.0106461	0.0177547	0.0405498	0.0407607	0.0310638	0.0336142
154	0.0410594	0.0294124	0.0322013	0.0350278	0.0277405	0.0317159	0.254212	0.0203	0.0468426	0.0363439	0.0227133	0.0449427	0.0178164	0.0540387	0.0473185	0.0605404	0.052272	0.0348285	0.00601916	0.104655
155	0.128793	0.0269239	0.0146112	0.034961	0.0409765	0.0316299	0.0184883	0.0672116	0.0434023	0.0827537	0.0366197	0.0199588	0.0322262	0.028358	0.0476573	0.0984615	0.106497	0.0943246	0.00881679	0.0373286
156	0.0546024	0.247699	0.1562	0.046679	0.0118809	0.0898266	0.0205916	0.0159984	0.0330681	0.0298002	0.0153908	0.052831	0.0095924	0.03684	0.0273115	0.0632001	0.0370808	0.0361885	0.00403035	0.0111886
157	0.0117187	0.0185955	0.0419725	0.0503352	0.0181228	0.0506538	0.0186443	0.0315756	0.197208	0.0420813	0.00673078	0.0188802	0.00309733	0.127219	0.235607	0.0485475	0.0180633	0.0391248	0.00204543	0.0197778
158	0.0601146	0.00567098	0.0538779	0.0688139	0.00744853	0.065205	0.0352954	0.0145632	0.0738989	0.0525784	0.00606162	0.0154781	0.258953	0.0430381	0.0663584	0.0915584	0.0514526	0.0202951	0.000890764	0.00844692
159	0.0711507	0.415552	0.0266694	0.0162196	0.0161124	0.0205402	0.0292702	0.030066	0.0275752	0.0403317	0.022447	0.0266122	0.00813177	0.0233034	0.0374323	0.061857	0.0327591	0.073103	0.00509548	0.015771
160	0.0123103	0.00675494	0.00074463	0.00162546	0.0226905	0.00341124	0.00179293	0.35199	0.00418157	0.27249	0.0646225	0.00178036	0.00194881	0.00192899	0.00202217	0.00601995	0.0108632	0.227535	0.00275642	0.00253121
161	0.0907983	0.0269576	0.0226763	0.0728289	0.0496224	0.0190119	0.0359397	0.0562721	0.0456418	0.0904141	0.0578766	0.0152612	0.0194355	0.0429471	0.0652455	0.0608625	0.0832364	0.0869305	0.0122292	0.0458123
162	0.284723	0.0630518	0.00535117	0.0107777	0.00803746	0.0543432	0.00263004	0.00295526	0.00613626	0.00907398	0.0192719	0.00751603	0.0428774	0.00339701	0.0153118	0.338177	0.0938684	0.0295446	0.000911673	0.0020439
163	0.0442002	0.0168567	0.0368266	0.0589332	0.0134067	0.0353948	0.029894	0.0202208	0.214192	0.0351876	0.0208465	0.0560793	0.0120876	0.0760989	0.1622	0.0646703	0.0538103	0.0339434	0.00342337	0.0117284
164	0.0344252	0.00863416	0.000892407	0.00212158	0.0170216	0.00788391	0.00739186	0.255641	0.0115407	0.192473	0.0484517	0.00424791	0.00438627	0.0101124	0.00347659	0.0197013	0.0419518	0.322972	0.00482175	0.00185324
165	0.110142	0.00453765	0.0507056	0.0924041	0.011143	0.0316674	0.0201617	0.0158163	0.0898183	0.0285593	0.0138104	0.0742208	0.00446866	0.102131	0.0795703	0.124883	0.108848	0.035375	0.00047401	0.00126302
166	0.148851	0.00961082	0.0319371	0.0668341	0.0213306	0.0308241	0.0143858	0.0303304	0.082385	0.0352905	0.0199479	0.050861	0.00962364	0.0716934	0.0758023	0.107884	0.124353	0.0560673	0.00248277	0.00950522
167	0.0352697	0.0106779	0.00264621	0.00644271	0.0308193	0.00512223	0.00772996	0.142314	0.00896561	0.385437	0.0832356	0.00482821	0.00821421	0.00895906	0.00769782	0.0215255	0.0482902	0.167391	0.00343619	0.0109976
168	0.0155986	0.00768	0.000559873	0.00153804	0.025544	0.00345531	0.000734454	0.279647	0.0028802	0.382741	0.0881842	0.000766154	0.00268312	0.000833919	0.00193294	0.00732218	0.0114774	0.163185	0.00135679	0.00188066
169	0.053611	0.0457625	0.029337	0.0777426	0.0316311	0.0265356	0.0304264	0.0571991	0.0732657	0.0778748	0.026272	0.0181965	0.0198226	0.110019	0.10734	0.0770771	0.0507706	0.0543402	0.00634291	0.0264332
170	0.0593763	0.0165622	0.0165466	0.0142689	0.336186	0.0160804	0.0202988	0.0151305	0.0197339	0.0448698	0.0177795	0.0162307	0.00886666	0.0178582	0.0167678	0.0671903	0.0268498	0.0236729	0.204754	0.0409768
171	0.0946363	0.00742556	0.0369149	0.0523843	0.00481267	0.0464292	0.0261534	0.0174537	0.1034	0.0242541	0.0119934	0.0656139	0.0185115	0.0969135	0.0910003	0.167702	0.11671	0.0139462	0.000990762	0.00275465
172	0.0797078	0.00910462	0.0203915	0.0328437	0.00244631	0.0768374	0.0349375	0.0107202	0.0849208	0.0175086	0.00989877	0.0500515	0.00792785	0.0824384	0.0723213	0.262554	0.131969	0.00710867	0.00247892	0.00383351
173	0.0133229	0.0153887	0.0273	0.00811632	0.449341	0.00820688	0.0437535	0.015617	0.013963	0.133509	0.0462506	0.00705309	0.00411855	0.0115462	0.0131292	0.0177509	0.0274387	0.0181045	0.00987037	0.11622
174	0.0178059	0.0185603	0.00275714	0.00770642	0.0614345	0.00228914	0.0145215	0.107843	0.00484347	0.506186	0.0897976	0.00274547	0.00484873	0.00800653	0.0106895	0.0084242	0.00906122	0.0893665	0.00238575	0.0307271
175	0.0173848	0.0115897	0.415513	0.075016	0.00197063	0.055235	0.0114398	0.0213853	0.0276989	0.028463	0.00473456	0.127848	0.00240651	0.052791	0.00584752	0.0682901	0.0476396	0.0224274	0.0005725	0.00174738
176	0.0253634	0.0311014	0.00254626	0.0134981	0.060609	0.00178612	0.0346022	0.133615	0.0116729	0.35572	0.0859121	0.00701842	0.00278206	0.0123757	0.0186823	0.0113373	0.0108699	0.11829	0.00248952	0.0597274
177	0.0157607	0.00780265	0.000557542	0.00153566	0.0254532	0.00350371	0.000736602	0.279331	0.00288017	0.382755	0.0882045	0.000759795	0.00266918	0.000842739	0.00193312	0.00741155	0.0116218	0.163004	0.00135692	0.00188012
178	0.0493936	0.0058177	0.00989725	0.499588	0.00598263	0.0594703	0.00891476	0.00654882	0.0241416	0.0104972	0.00664222	0.00595795	0.00322908	0.177545	0.00745978	0.054055	0.0128025	0.0264152	0.00217731	0.0234649
179	0.114582	0.0221953	0.0176729	0.0407057	0.0439527	0.0272441	0.0157923	0.0735518	0.0720365	0.0588939	0.027319	0.0276302	0.0418989	0.0374382	0.0536549	0.0647053	0.128178	0.0887807	0.0119754	0.0317925
180	0.127263	0.0193861	0.0264706	0.0599852	0.0407074	0.0256837	0.036104	0.053657	0.0419257	0.0661281	0.0354443	0.0180549	0.0374887	0.0466166	0.0576859	0.0836166	0.0908877	0.0885544	0.00804823	0.0362917
181	0.01296	0.00986717	0.0025404	0.00434325	0.0480937	0.00112507	0.00668297	0.0767257	0.00123372	0.617655	0.0979876	0.000876425	0.00570333	0.00619343	0.00861582	0.005335	0.00727679	0.0683813	0.00264685	0.0157567
182	0.113268	0.00398023	0.0435937	0.0934093	0.0112864	0.027673	0.0170002	0.0128869	0.124825	0.0263331	0.0132429	0.0670798	0.00371521	0.0965704	0.101654	0.107138	0.111952	0.0223266	0.000596276	0.00146848
183	0.165819	0.0200719	0.0148994	0.0289855	0.024611	0.0383804	0.0165927	0.068636	0.0288791	0.0502969	0.0263946	0.0326386	0.0168234	0.025282	0.0255989	0.138213	0.13191	0.1143	0.00479152	0.0268763
184	0.0174856	0.00893235	0.000609174	0.00181422	0.0237741	0.00430461	0.00125764	0.270999	0.00322826	0.37752	0.0878328	0.00104299	0.0028135	0.00141327	0.00261758	0.00957478	0.0145212	0.166815	0.00151253	0.00193089
185	0.0557612	0.00530933	0.0729182	0.211194	0.00347329	0.0109326	0.0383718	0.00204799	0.163909	0.0167092	0.0102915	0.0655852	0.000834269	0.103434	0.111399	0.0536473	0.0539901	0.012941	0.00193547	0.00531616
186	0.0548518	0.00558567	0.0750475	0.220717	0.00313367	0.00996974	0.0381598	0.00179603	0.160569	0.0155633	0.0104069	0.0634834	0.000706642	0.106417	0.109103	0.0517695	0.0535691	0.0124034	0.001821	0.00492669
187	0.0156166	0.0136221	0.0155125	0.00737976	0.301783	0.00742843	0.0225455	0.0415391	0.00762095	0.335986	0.0628043	0.00503228	0.00439775	0.00934893	0.0120113	0.0144528	0.019407	0.0398323	0.00558273	0.0580961
188	0.102749	0.00646824	0.0338542	0.0536945	0.0042192	0.0503238	0.0257645	0.014267	0.101478	0.020629	0.0120639	0.0685903	0.00903406	0.0981606	0.0929355	0.172692	0.118321	0.0127333	0.000744423	0.00127804
189	0.0563695	0.0251755	0.0206354	0.0574332	0.0235869	0.0111952	0.0156452	0.0399981	0.0725476	0.0921409	0.0682725	0.0320133	0.0121612	0.028901	0.0935105	0.0410221	0.186298	0.0846361	0.00660034	0.0318581
190	0.00213133	0.00380698	0.000652221	0.000985349	0.013337	0.00299463	0.00207431	0.365503	0.00273792	0.0721862	0.0273319	0.00263349	0.000489735	0.00239855	0.00104449	0.00186969	0.00332671	0.492114	0.000550234	0.00183239
191	0.0134404	0.0101532	0.002657	0.0043927	0.0491433	0.0015705	0.00684015	0.0754229	0.00143125	0.613795	0.100322	0.00118007	0.0056082	0.0062713	0.00889258	0.00595471	0.00742533	0.0665527	0.00268184	0.0162651
192	0.0166585	0.0086793	0.000808918	0.00203309	0.025077	0.00481669	0.0018197	0.262405	0.00330626	0.376185	0.0833819	0.00136606	0.00284279	0.00204703	0.00326976	0.00905144	0.0139822	0.177471	0.00171084	0.00308813
193	0.0218782	0.010909	0.000851666	0.00281583	0.0267161	0.00414818	0.00295681	0.244287	0.0037529	0.381768	0.0910906	0.00170991	0.00322813	0.00289899	0.00389019	0.0110531	0.017998	0.161121	0.00173537	0.00519098
194	0.069443	0.0183257	0.0670385	0.0382664	0.0172764	0.126908	0.024473	0.0207401	0.0404979	0.0692528	0.0226169	0.0839572	0.015767	0.0390616	0.0377036	0.18044	0.075514	0.033209	0.00439755	0.0151112
