627	20
1	0.0340825	0.0167085	0.00505969	0.00599105	0.0442028	0.0182552	0.0090682	0.00984607	0.0181371	0.0144353	0.0207985	0.0409388	0.00408207	0.0156939	0.00642162	0.347131	0.316848	0.0216199	0.0166133	0.034067
2	0.0497142	0.028142	0.00244315	0.00315286	0.180875	0.00974009	0.0233015	0.0723941	0.0023898	0.220611	0.0552328	0.00691877	0.000954867	0.0221114	0.00144263	0.0432143	0.0434964	0.10812	0.00468946	0.121055
3	0.0174461	0.00454798	0.0019226	0.0331848	0.0131057	0.00778422	0.00840177	0.184372	0.0117422	0.40685	0.0407518	0.00399041	0.00512026	0.0260489	0.00429826	0.0171918	0.0350048	0.128588	0.000911562	0.0487378
4	0.016604	0.00606674	0.000294885	0.00032282	0.0121426	0.0010569	0.00105816	0.418465	0.00104375	0.206843	0.0523712	0.000952785	0.00276403	0.00132933	0.00117758	0.00292774	0.0167821	0.25245	0.000294462	0.00505247
5	0.0616824	0.0254686	0.0240348	0.00543208	0.147114	0.0771045	0.107351	0.0236553	0.0116714	0.0411024	0.0180345	0.113233	0.0115192	0.0445644	0.0249982	0.0925215	0.0156851	0.00872837	0.00183836	0.144261
6	0.0472304	0.00425414	0.157994	0.3492	0.00254627	0.0353656	0.0280396	0.00700857	0.0323665	0.022032	0.00576354	0.0371825	0.00815243	0.117172	0.0158818	0.0694078	0.0305626	0.0150707	0.00058725	0.0141831
7	0.0680136	0.00216908	0.0374831	0.0281677	0.00367316	0.0330598	0.0574086	0.00912846	0.109383	0.0114776	0.00657283	0.119613	0.0078383	0.0748269	0.0937098	0.192367	0.12181	0.0126236	0.000331205	0.0103427
8	0.0363707	0.00625814	0.0519974	0.0259251	0.00258244	0.27949	0.0237132	0.0075897	0.0651631	0.0146661	0.00902556	0.114572	0.0365605	0.035672	0.0224704	0.180542	0.0714333	0.00926827	0.001256	0.00544476
9	0.0469074	0.00586389	0.146899	0.083144	0.0015671	0.0612922	0.00801052	0.00576498	0.0715533	0.0117367	0.0132747	0.173542	0.020099	0.0286356	0.0372298	0.214642	0.0600283	0.00456607	0.000445009	0.00479796
10	0.0489499	0.00548668	0.130792	0.0244139	0.0212279	0.0362737	0.00821756	0.0967149	0.00509535	0.0723841	0.0397191	0.0223443	0.0187543	0.00711816	0.00394455	0.0296793	0.164214	0.245573	0.00131217	0.0177852
11	0.124161	0.00233038	0.0850769	0.111051	0.0063297	0.0304256	0.0219846	0.0143515	0.0330892	0.108833	0.0225061	0.0318501	0.00588594	0.0791523	0.0155774	0.110014	0.0836488	0.110384	0.000615714	0.00273196
12	0.0151337	0.0197635	0.0034554	0.0175813	0.00353271	0.00631288	0.0263565	0.0082368	0.345201	0.0147849	0.0140767	0.0211893	0.00657193	0.0538363	0.361118	0.0342302	0.0310603	0.00955659	0.00204302	0.00595917
13	0.0917689	0.0262854	0.00351478	0.00861468	0.0184274	0.0036158	0.00321753	0.246137	0.0118836	0.106759	0.0396462	0.00996559	0.000731146	0.0109919	0.00350958	0.0345838	0.063233	0.314016	0.000333806	0.00276466
14	0.0436512	0.0028344	0.258961	0.367337	0.000806203	0.0417506	0.0135093	0.00842937	0.034653	0.0124244	0.00129342	0.0326512	0.00337189	0.0670213	0.0126702	0.0558798	0.0261273	0.00678698	0.000221744	0.00962035
15	0.494621	0.0197983	0.00305412	0.0117367	0.00748532	0.105939	0.0047537	0.00885755	0.00581826	0.0198828	0.00629508	0.0132517	0.00428271	0.0100023	0.00550493	0.079891	0.177844	0.0143122	0.00397322	0.00269599
16	0.00786819	0.00578781	0.000324021	0.000716023	0.0399433	0.00508653	0.00174919	0.117896	0.000415043	0.65108	0.0872649	0.00149823	0.000624008	0.00729764	0.000478037	0.00485495	0.00986915	0.0544749	0.000842884	0.00192926
17	0.0186806	0.00344511	0.00435139	0.0270666	0.00469432	0.00627246	0.0334625	0.00371638	0.356938	0.0122389	0.00799495	0.0310804	0.0079586	0.0604154	0.320825	0.0448969	0.0383941	0.012126	0.00290503	0.00253725
18	0.0685288	0.00169518	0.0285453	0.0288734	0.00341728	0.0272075	0.0490029	0.00630015	0.150053	0.0107434	0.00367526	0.100195	0.00462445	0.0804383	0.130243	0.15689	0.12525	0.0130227	0.000531983	0.0107622
19	0.0258897	0.00855221	0.000653452	0.00144606	0.012651	0.00185996	0.00108384	0.342849	0.00174807	0.278062	0.0473708	0.00171796	0.00528202	0.00205516	0.00119844	0.00607629	0.0236729	0.232976	0.000669935	0.00418426
20	0.0217758	0.00926694	0.00036287	0.000489482	0.00543714	0.000728503	0.00213301	0.42985	0.000980369	0.0996448	0.0273003	0.00174849	0.00321317	0.00108668	0.000831971	0.00442147	0.0169016	0.363419	0.00403481	0.00637408
21	0.0938938	0.0147315	0.00839385	0.0221706	0.0420761	0.0260072	0.0269896	0.0732468	0.0262455	0.1453	0.0814489	0.0504792	0.000713629	0.0679914	0.0298986	0.115249	0.0685744	0.073508	0.0031108	0.0299709
22	0.113754	0.0110355	0.00629429	0.0174651	0.0241475	0.0427222	0.0157108	0.0934255	0.0146344	0.199959	0.103955	0.0367833	0.00540369	0.0541627	0.0159612	0.0857197	0.0622866	0.0688633	0.0031545	0.0245612
23	0.0173375	0.0255367	0.00445439	0.0390785	0.00821766	0.00749661	0.0582991	0.177645	0.00774093	0.143388	0.272368	0.0120689	0.00612721	0.0465337	0.00694996	0.0271924	0.0822679	0.0492901	0.00258934	0.00541723
24	0.0163068	0.00629341	0.000814848	0.00462902	0.0333192	0.00484043	0.00266022	0.145596	0.00146615	0.583495	0.0853676	0.00240434	0.00240567	0.00968706	0.00170137	0.00826536	0.0145625	0.0715849	0.000884204	0.00371642
25	0.0513651	0.00512318	0.0669716	0.0387562	0.00300113	0.0226637	0.079656	0.00564098	0.0330677	0.00973579	0.00302769	0.431765	0.00382154	0.0616171	0.0158459	0.134334	0.0199974	0.00651762	0.000624008	0.0064684
26	0.0565638	0.0107185	0.116114	0.0745671	0.00375027	0.416165	0.0134995	0.0113244	0.0264016	0.0173712	0.00546194	0.0446867	0.0181169	0.0320817	0.0156192	0.0775666	0.0331982	0.0177684	0.00185201	0.00717326
27	0.0720459	0.0014545	0.0385283	0.0318212	0.00330722	0.0331067	0.0526599	0.00660329	0.112494	0.00961544	0.00393184	0.113652	0.00586745	0.0804175	0.101306	0.179192	0.130925	0.0115679	0.000202002	0.0113003
28	0.00735874	0.00541726	0.000278718	0.000380677	0.0413494	0.00520442	0.0015044	0.118178	0.00035167	0.666774	0.0775136	0.00124062	0.000294481	0.00678733	0.000302132	0.00364019	0.0077175	0.0530844	0.000747345	0.00187505
29	0.00928505	0.00563522	0.000305851	0.000551128	0.0388533	0.00484167	0.00163245	0.141797	0.000476819	0.62774	0.0732763	0.00150985	0.000949631	0.00617408	0.0004794	0.00409191	0.00970178	0.0697964	0.000833357	0.0020694
30	0.0679051	0.0178467	0.00485327	0.00940618	0.018579	0.00755417	0.00746116	0.223618	0.00867165	0.144561	0.135901	0.011271	0.00401301	0.0132241	0.0051768	0.0337837	0.0482949	0.227954	0.00161272	0.00831269
31	0.0373733	0.0132614	0.0556818	0.0375069	0.0516483	0.00330244	0.135516	0.028702	0.0196366	0.0166863	0.0196221	0.0709092	0.0306535	0.0794451	0.00264058	0.0828357	0.183269	0.0604098	0.0192489	0.0516508
32	0.0270837	0.0129432	0.00051925	0.000672911	0.00330621	0.00148672	0.00311729	0.373549	0.00116674	0.0595884	0.0162399	0.00237768	0.0038418	0.00118958	0.000676758	0.00584457	0.020594	0.452668	0.0073754	0.00575855
33	0.0178343	0.00644924	0.00047018	0.000536246	0.0109094	0.00094574	0.00129938	0.431624	0.00116997	0.181537	0.0502213	0.00117367	0.00237495	0.00138615	0.00123413	0.00325454	0.0167568	0.26456	0.000589351	0.00567327
34	0.0195387	0.00363968	0.00424762	0.0260432	0.00464826	0.0065451	0.0334504	0.00398542	0.342657	0.0143027	0.0075203	0.0322555	0.00781703	0.0624368	0.328313	0.0454487	0.0396885	0.011994	0.00280317	0.00266406
35	0.00385037	0.0143511	0.00191261	0.000948166	0.386243	0.00460892	0.0215794	0.0129803	0.000942812	0.0245275	0.00324977	0.00792021	0.000611433	0.0078039	0.00771923	0.0166949	0.00207804	0.0226285	0.00619389	0.453156
36	0.0868172	0.0377432	0.0032213	0.00826273	0.017841	0.00376731	0.00292373	0.241513	0.0100731	0.113429	0.0377502	0.00971608	0.000868177	0.00834359	0.00187861	0.0343351	0.0600456	0.318075	0.000581428	0.00281464
37	0.0118464	0.00617126	0.00312926	0.0061062	0.00665166	0.00411031	0.00717558	0.0482104	0.00533505	0.265066	0.381068	0.0102972	0.00573734	0.030678	0.00377724	0.0376618	0.0630703	0.0981348	0.00281565	0.00295764
38	0.0629672	0.00635465	0.0395288	0.0473731	0.00408022	0.0251844	0.0162529	0.0158028	0.0415654	0.0220327	0.0278646	0.0699403	0.326845	0.0314897	0.0182474	0.135907	0.0667558	0.0340818	0.00130926	0.00641795
39	0.0910686	0.0380515	0.0399446	0.0283155	0.00746461	0.0194039	0.0276387	0.0306514	0.0145306	0.0480519	0.0252408	0.0927437	0.0125051	0.0305377	0.0091383	0.35626	0.0831495	0.0366377	0.00342551	0.00524039
40	0.0608618	0.00481807	0.162103	0.0987859	0.00414856	0.0481881	0.0226275	0.00564137	0.0761299	0.0137602	0.00786003	0.149411	0.0162371	0.0574483	0.0463666	0.155207	0.0589071	0.00794849	0.000307208	0.00324228
41	0.011144	0.0113036	0.521259	0.0815733	0.00120699	0.0188258	0.0203103	0.0029732	0.0106419	0.00340353	0.00522615	0.13803	0.0116091	0.0040431	0.00287824	0.0972388	0.0283738	0.00788214	0.000739555	0.0213368
42	0.0190618	0.00496494	0.0137825	0.0172386	0.00776577	0.00876244	0.159903	0.00936843	0.33009	0.0123734	0.0114624	0.0864899	0.00728	0.0366206	0.188791	0.0356809	0.0287557	0.0129837	0.00326161	0.00536279
43	0.0524368	0.0024103	0.0355182	0.124549	0.00361599	0.0274517	0.0219381	0.0338114	0.0631601	0.0278505	0.077651	0.0724061	0.0267766	0.129608	0.0445413	0.0709359	0.0930147	0.0578132	0.000742087	0.0337683
44	0.0170924	0.00576505	0.000295863	0.000319082	0.013808	0.00152633	0.00100648	0.390643	0.000929978	0.254019	0.0489604	0.00101508	0.00315852	0.00124583	0.00106766	0.00296396	0.0163908	0.234669	0.000548579	0.00457497
45	0.0181885	0.0139206	0.00406214	0.0212339	0.0042073	0.00619109	0.0292393	0.0076094	0.364346	0.0153528	0.0119255	0.0247316	0.00692266	0.0582956	0.322702	0.0393453	0.0342886	0.0104018	0.00239528	0.0046399
46	0.0121556	0.0212463	0.00337652	0.0155381	0.00309161	0.00623043	0.0259821	0.0075203	0.330482	0.0135466	0.0138637	0.019142	0.00658831	0.0516291	0.389752	0.0326936	0.0288527	0.0091082	0.00201074	0.00718948
47	0.00845826	0.00578012	0.00034475	0.000972373	0.0397214	0.00519819	0.00189945	0.124056	0.000602745	0.64276	0.0803361	0.00195521	0.000999182	0.0070498	0.000838928	0.00515026	0.00968065	0.060766	0.000788834	0.00264194
48	0.0555391	0.0464228	0.00397023	0.00642117	0.0788958	0.00680824	0.0135631	0.140835	0.00699103	0.202716	0.0614453	0.0109307	0.0032484	0.0157155	0.00482737	0.0384157	0.0524418	0.202587	0.00254365	0.045682
49	0.0332754	0.014898	0.00422313	0.0127014	0.168867	0.0171972	0.0679182	0.0297783	0.0243967	0.220292	0.0677944	0.0123629	0.00244801	0.067361	0.0193094	0.0317804	0.0296481	0.0524894	0.00761115	0.115648
50	0.0390219	0.0244914	0.00226452	0.00499463	0.143371	0.00785089	0.0219056	0.108384	0.00290594	0.24401	0.0635834	0.00921952	0.00297073	0.0204382	0.0044323	0.0391601	0.0347111	0.117429	0.00338318	0.105472
51	0.0038798	0.0143785	0.0018234	0.000933913	0.377431	0.00442304	0.0211814	0.0123843	0.000945193	0.0240181	0.00319285	0.00767981	0.000604502	0.0074763	0.00742259	0.0159464	0.00209299	0.0219597	0.0061065	0.46612
52	0.0382105	0.0198386	0.00286777	0.00412901	0.202297	0.0101806	0.023907	0.0475046	0.00600227	0.244049	0.0580665	0.00631424	0.00128667	0.0277799	0.00397052	0.0386451	0.0415491	0.0729148	0.0274216	0.123065
53	0.0439275	0.00561904	0.196525	0.366601	0.00221245	0.0371057	0.0187049	0.00932703	0.0343144	0.0159081	0.00462067	0.0377256	0.0148493	0.0694313	0.0138774	0.072986	0.0296366	0.0150351	0.000856577	0.0107367
54	0.0356929	0.0153301	0.000964486	0.00193854	0.00552842	0.00150107	0.00296817	0.365542	0.00256108	0.0662979	0.020008	0.0034966	0.00319896	0.00225611	0.000928886	0.0101243	0.026593	0.423708	0.00599626	0.00536479
55	0.0269242	0.0152166	0.000585907	0.000909638	0.00341185	0.00162129	0.00390191	0.360661	0.00157709	0.0587464	0.017345	0.00249889	0.00371552	0.00152766	0.000725503	0.00604546	0.0221263	0.456334	0.0105429	0.00558226
56	0.0256472	0.00356229	0.362345	0.367052	0.00118206	0.0386274	0.00247794	0.00681646	0.0284877	0.0101317	0.00164576	0.0171402	0.0613213	0.0115311	0.00222297	0.025188	0.0111677	0.0168332	0.00450506	0.00211429
57	0.0136664	0.0263644	0.00333913	0.0142569	0.0030475	0.00654661	0.0245908	0.011279	0.356523	0.0160154	0.0199407	0.016418	0.00550156	0.0494095	0.355619	0.030708	0.0277328	0.010143	0.00160414	0.0072943
58	0.0194851	0.0712023	0.00709942	0.0089285	0.0343456	0.0101057	0.0897397	0.0123113	0.0330552	0.0796402	0.0579285	0.0114714	0.00600519	0.0157376	0.131391	0.0231121	0.140213	0.0662466	0.00241131	0.179571
59	0.00743468	0.00537359	0.000277766	0.000380638	0.0412902	0.00522692	0.00148803	0.119031	0.000351456	0.665839	0.0773738	0.00123379	0.000291097	0.00675054	0.000303824	0.0036324	0.00770843	0.0533778	0.000759635	0.00187541
60	0.0175949	0.0328298	0.00252636	0.00649502	0.00259645	0.00707659	0.0164224	0.0306438	0.303972	0.0472046	0.0398606	0.00831803	0.00420435	0.0441089	0.345243	0.0310378	0.0252175	0.0252072	0.00114201	0.00829882
61	0.0404287	0.00400399	0.046237	0.0993671	0.00596058	0.00770143	0.156356	0.00654085	0.0190736	0.0215405	0.00533052	0.0479158	0.0662307	0.323665	0.0171905	0.0768417	0.0296952	0.0160757	0.00165043	0.00819501
62	0.0575216	0.00581867	0.188127	0.276552	0.00395925	0.0336096	0.0131195	0.0152814	0.0286751	0.0184047	0.00893773	0.0236923	0.140566	0.0309824	0.0093785	0.0554321	0.0300816	0.05004	0.00291366	0.00690726
63	0.0174627	0.0127078	0.00249189	0.006669	0.0351698	0.00654006	0.010595	0.123274	0.00398433	0.382678	0.166384	0.0155875	0.00705483	0.0167658	0.0078681	0.041227	0.0388729	0.0815438	0.0108798	0.0122434
64	0.0215748	0.00702871	0.00042521	0.0010406	0.0114895	0.00161762	0.00157838	0.399817	0.0014453	0.202051	0.0473092	0.00146623	0.0032278	0.00202034	0.00138383	0.00515072	0.0190066	0.265298	0.00108215	0.00598728
65	0.00916708	0.00577702	0.000423755	0.00227234	0.0388267	0.00517375	0.00245937	0.12896	0.001158	0.630879	0.0748687	0.00187213	0.00157694	0.00769828	0.000953074	0.00609349	0.0111547	0.0650087	0.000948515	0.00472817
66	0.106061	0.0652165	0.00397162	0.00838186	0.0151138	0.0114273	0.0043143	0.21868	0.010183	0.0953399	0.0310665	0.0132157	0.00288753	0.00796529	0.00420971	0.0718408	0.0576406	0.265551	0.00233949	0.0045939
67	0.0493208	0.0054275	0.113138	0.0938138	0.00437499	0.0260449	0.0604165	0.00630714	0.0350967	0.0111678	0.0037572	0.33251	0.00621332	0.0732007	0.0180117	0.115023	0.0281426	0.00948504	0.000677026	0.00787066
68	0.224215	0.0261279	0.0110566	0.0101585	0.0536852	0.0981562	0.0396798	0.0382096	0.011698	0.0591326	0.0399723	0.0649353	0.0124076	0.0278509	0.0116202	0.175242	0.0415755	0.024358	0.00326731	0.0266512
69	0.0203012	0.0118328	0.000991651	0.00181985	0.0801826	0.00581689	0.00832719	0.126165	0.00141103	0.492761	0.0714331	0.00398136	0.00143701	0.0112049	0.0015613	0.0169977	0.0200328	0.0837777	0.00235597	0.0376088
70	0.0411982	0.0176157	0.00547447	0.017866	0.0386744	0.0152831	0.0324587	0.0284982	0.135923	0.142413	0.0690101	0.0229558	0.0050248	0.102885	0.186184	0.0393488	0.0342909	0.0330851	0.00230731	0.0295022
71	0.0368645	0.00497374	0.0151654	0.0304849	0.0153527	0.0143288	0.0657862	0.00865084	0.233372	0.0209127	0.0136906	0.0834054	0.00642092	0.0682108	0.215552	0.082027	0.0516238	0.0197865	0.00177944	0.0116112
72	0.0159781	0.0120989	0.509691	0.0934422	0.00153937	0.0191781	0.0205189	0.00359378	0.0122735	0.00462079	0.00538	0.132282	0.0119528	0.00886141	0.00457322	0.0890912	0.0265462	0.00814674	0.000726679	0.0195052
73	0.00975804	0.00547645	0.00036028	0.00112461	0.037338	0.00481161	0.00196424	0.145052	0.00115109	0.614791	0.0731818	0.001756	0.00122334	0.00675485	0.00116316	0.00507532	0.0103772	0.0746695	0.000815978	0.00315541
74	0.0911898	0.0119968	0.00906132	0.0230538	0.0340023	0.0250806	0.0310204	0.0761074	0.0373974	0.144206	0.0828988	0.0671695	0.00270408	0.0794851	0.028285	0.102671	0.061705	0.0656253	0.00227443	0.0240656
75	0.0892059	0.0160958	0.0245616	0.0154017	0.0314714	0.0299908	0.102104	0.0180229	0.0252037	0.0299072	0.0148865	0.149326	0.0130187	0.0354433	0.0243089	0.234981	0.0662538	0.0265994	0.0028252	0.0503922
76	0.0813016	0.00362827	0.0403654	0.0614971	0.00282742	0.00801952	0.00383346	0.0156492	0.0149491	0.0103542	0.0105919	0.0236773	0.535768	0.023831	0.00683478	0.0761857	0.0330838	0.0447134	0.000799268	0.00208977
77	0.0453688	0.0140701	0.0485895	0.0340535	0.00658951	0.0216401	0.0630451	0.012671	0.0352706	0.0167113	0.00911449	0.414605	0.00891662	0.0436189	0.0239809	0.131538	0.0386641	0.0173706	0.00156913	0.0126132
78	0.0337481	0.00412418	0.235597	0.406429	0.00135224	0.0358767	0.0154321	0.00838331	0.0283564	0.0155852	0.00321878	0.0282884	0.0161263	0.0612051	0.00979219	0.0502939	0.0222247	0.0132473	0.00138301	0.00933574
79	0.00401458	0.0143556	0.00182755	0.000950213	0.370595	0.00433054	0.0211151	0.0120393	0.000957498	0.0237626	0.00306907	0.00740665	0.000596379	0.00722528	0.00721019	0.0155393	0.00204884	0.0211479	0.00610151	0.475707
80	0.0209367	0.00869085	0.000335666	0.000442936	0.00647216	0.000739428	0.00191658	0.428768	0.00104206	0.117038	0.0296149	0.00159192	0.00337128	0.00102002	0.000852146	0.00478214	0.0168561	0.346551	0.00300379	0.00597467
81	0.0101752	0.0489453	0.00475089	0.00612284	0.00298519	0.00857326	0.0209326	0.0131547	0.255861	0.0170701	0.0197799	0.00942832	0.0058589	0.044947	0.462712	0.0227572	0.0231963	0.00762068	0.000809601	0.0143194
82	0.174573	0.0213827	0.0338049	0.0183278	0.00500006	0.397375	0.00963209	0.0226627	0.0164935	0.0218045	0.0107957	0.0310081	0.0186681	0.023661	0.0147398	0.0985379	0.0361986	0.0364334	0.00213531	0.00676649
83	0.23371	0.145775	0.00624514	0.0131077	0.00266455	0.0343992	0.00652412	0.0567195	0.00747303	0.0540851	0.01193	0.0272829	0.00362799	0.00700127	0.0152742	0.219197	0.0551692	0.0933618	0.00187808	0.00457393
84	0.208578	0.0606175	0.00781929	0.013194	0.00914652	0.0279078	0.0117956	0.0346657	0.0132628	0.0269894	0.0333286	0.0462015	0.0061643	0.0168052	0.0127976	0.136575	0.276093	0.0436602	0.0034756	0.0109223
85	0.0101285	0.00674535	0.00101344	0.00250378	0.0405381	0.00554629	0.00272842	0.119139	0.00148146	0.631414	0.0783112	0.00304527	0.0016209	0.00834239	0.00161178	0.00870159	0.0119554	0.0590084	0.00125157	0.00491307
86	0.00858436	0.0358361	0.00364907	0.00872306	0.00240332	0.00694481	0.0212343	0.00950193	0.294622	0.014265	0.0167812	0.0116606	0.00605474	0.0460171	0.446543	0.0242634	0.0225713	0.00731965	0.00113643	0.0118879
87	0.0364355	0.0208248	0.00289204	0.00328516	0.236588	0.00974378	0.0225524	0.0475677	0.00324443	0.21646	0.0441356	0.00754619	0.00103786	0.0218699	0.00287934	0.0389288	0.0362587	0.0718728	0.00944202	0.166434
88	0.0287389	0.013591	0.000931238	0.0026217	0.0219381	0.00331223	0.00222215	0.24649	0.00294842	0.345407	0.0621286	0.0036041	0.00327741	0.00488672	0.00154924	0.011933	0.0257098	0.214468	0.00098836	0.00325401
89	0.0861573	0.151168	0.0116796	0.0111886	0.0067081	0.0161633	0.0160477	0.0280508	0.00957169	0.0413467	0.0446037	0.0268267	0.00652772	0.0383432	0.00771877	0.284953	0.170262	0.0251598	0.00411298	0.0134097
90	0.0166208	0.0101162	0.00444231	0.0221892	0.00459163	0.00662508	0.0345542	0.00533349	0.355457	0.0127273	0.0100611	0.0277498	0.00718238	0.0568035	0.331727	0.039896	0.0359231	0.0111875	0.00253443	0.00427853
91	0.0174476	0.00661661	0.000322635	0.000417922	0.0106755	0.000969422	0.00136903	0.417159	0.00104862	0.195031	0.0476298	0.00109645	0.00286249	0.00134464	0.0011837	0.00340916	0.0169679	0.267303	0.000858962	0.0062877
92	0.0404779	0.00400415	0.191913	0.397566	0.00162768	0.0383428	0.0196917	0.00715658	0.0300779	0.0164023	0.0034344	0.0307986	0.0049436	0.0901567	0.0125422	0.0598989	0.0244301	0.00851945	0.000608978	0.0174066
93	0.289642	0.00417251	0.00621733	0.0486041	0.0140611	0.00900753	0.00479097	0.00700701	0.0646605	0.0252697	0.00467899	0.00735198	0.287929	0.0136633	0.0468422	0.081823	0.0354343	0.0451502	0.000870948	0.00282254
94	0.0275354	0.00281046	0.337337	0.378471	0.00080021	0.0397924	0.00654672	0.00768262	0.0280602	0.00960628	0.00109013	0.025	0.0268765	0.0287159	0.0054326	0.038798	0.0176661	0.0114059	0.00188922	0.004483
95	0.0106791	0.00492714	0.000332822	0.000564865	0.0362794	0.00491869	0.00131951	0.159533	0.000441957	0.616116	0.0647509	0.00120045	0.00172311	0.00545575	0.000408454	0.00355051	0.00939102	0.0756142	0.0013126	0.00148063
96	0.0176643	0.00534245	0.000336692	0.000509158	0.0152295	0.00210324	0.0010581	0.358812	0.000950512	0.302851	0.0463813	0.00110076	0.00391655	0.00149191	0.00105933	0.00311105	0.0160959	0.217272	0.000962619	0.00375155
97	0.0393482	0.00346232	0.205248	0.407191	0.00117757	0.0380015	0.0179601	0.00685018	0.0315173	0.0133277	0.0020302	0.0326538	0.00358602	0.0828936	0.012313	0.0580815	0.0237385	0.00733542	0.000418791	0.0128654
98	0.0868714	0.00765117	0.0250297	0.0342464	0.00394519	0.022517	0.0171098	0.0183829	0.0157774	0.0221783	0.0142652	0.0326102	0.327858	0.0696337	0.00725859	0.164126	0.0841145	0.0399295	0.00152323	0.00497224
99	0.00899335	0.00697165	0.000380993	0.00124616	0.0393841	0.00486539	0.00219194	0.122191	0.000829851	0.635992	0.0845301	0.00256605	0.0013953	0.00711455	0.00114999	0.0070926	0.0108344	0.0588701	0.00110575	0.00229523
100	0.0632449	0.021133	0.00251263	0.00572952	0.0139081	0.00274535	0.0033171	0.28133	0.00810902	0.0986875	0.0366181	0.0074582	0.00166117	0.00708161	0.00159263	0.0223108	0.0477556	0.368605	0.00267979	0.00352057
101	0.105871	0.00998505	0.0428214	0.0358439	0.00571509	0.0297184	0.045969	0.0132933	0.0339524	0.026679	0.0122525	0.101722	0.0454325	0.048181	0.0247399	0.288243	0.0953287	0.0271136	0.00129294	0.00584588
102	0.282799	0.00444113	0.00407561	0.00602698	0.00320685	0.0292045	0.0105165	0.00380269	0.00291762	0.00452704	0.00299519	0.0258346	0.0467491	0.022265	0.00490807	0.398307	0.117275	0.0276698	0.000816653	0.00166165
103	0.0251941	0.0109437	0.000414765	0.000543012	0.00376532	0.000926525	0.00250671	0.412455	0.000998755	0.0701003	0.0186005	0.00205831	0.00353522	0.00101434	0.000734558	0.00538961	0.0182325	0.410772	0.00547659	0.00633855
104	0.0505643	0.00366959	0.00283679	0.00392722	0.00248392	0.0131569	0.011702	0.134257	0.128684	0.0820912	0.0578694	0.00489962	0.0025434	0.0277055	0.1406	0.0414296	0.0732754	0.214301	0.000851125	0.00315261
105	0.15504	0.00223031	0.00260516	0.044694	0.00178357	0.0449581	0.00353914	0.00399165	0.0306424	0.0285002	0.00311527	0.0988026	0.0119832	0.142779	0.0120512	0.283131	0.10817	0.0198672	0.000585393	0.00153149
106	0.0588729	0.120174	0.0195459	0.0156095	0.00572049	0.02215	0.0281107	0.0225364	0.0181016	0.0200718	0.012937	0.380015	0.00690225	0.0218247	0.00948499	0.159879	0.0391855	0.0268697	0.00286495	0.00914462
107	0.0100964	0.00623529	0.000448457	0.00143793	0.0350852	0.00483336	0.00230354	0.150321	0.000982707	0.581226	0.0886236	0.0029775	0.00174844	0.00728693	0.00132194	0.00757711	0.013003	0.0800494	0.00104504	0.00339705
108	0.0488358	0.00220292	0.251485	0.265437	0.00340662	0.0423414	0.0212239	0.00609195	0.0450092	0.0127876	0.00173093	0.0704371	0.00424517	0.0697756	0.0223601	0.0746215	0.0419245	0.00985242	0.000248118	0.00598211
109	0.0450069	0.0107699	0.0285124	0.0170336	0.0281146	0.0249754	0.153356	0.0131487	0.0230036	0.0251719	0.0104328	0.31608	0.00581636	0.0439004	0.0294133	0.121311	0.034428	0.0189066	0.0014532	0.0491648
110	0.01633	0.0123894	0.00430606	0.0216469	0.00418372	0.0062493	0.0296044	0.00503247	0.33436	0.0123832	0.0101254	0.0253228	0.00903742	0.057218	0.359911	0.0392758	0.034105	0.0107097	0.00251447	0.00529502
111	0.0504711	0.016654	0.0256312	0.0276985	0.0387392	0.0181785	0.146959	0.0287576	0.0267437	0.0401459	0.0219084	0.125797	0.0131486	0.053779	0.0314279	0.107524	0.0714373	0.0827385	0.00600626	0.0662542
112	0.28376	0.00385533	0.0044789	0.00690984	0.00256443	0.0326186	0.0135083	0.00594264	0.00387603	0.00885981	0.00493057	0.0267656	0.0608535	0.0339685	0.00450634	0.358163	0.105093	0.0367679	0.000760944	0.00181632
113	0.00403979	0.0143849	0.00181064	0.000952693	0.368662	0.00428242	0.0209917	0.0119387	0.000973885	0.0236774	0.00305395	0.00737352	0.000591461	0.0071903	0.0071977	0.0153966	0.00206565	0.0210375	0.00602732	0.478352
114	0.0294114	0.0141266	0.000909894	0.00148476	0.00473689	0.00193101	0.00327114	0.315616	0.0022136	0.0621712	0.0173195	0.00325581	0.00337246	0.00206645	0.00112089	0.00762695	0.0225418	0.495331	0.00609699	0.00539549
115	0.0129055	0.0245327	0.00390002	0.014237	0.0029084	0.00680834	0.0246593	0.00830777	0.298392	0.0139864	0.0125229	0.0181646	0.00635183	0.0510635	0.422173	0.031151	0.0280185	0.0100887	0.00186072	0.00796787
116	0.0132554	0.020919	0.00357419	0.0156178	0.0031877	0.00590473	0.0254615	0.00771816	0.350892	0.0129555	0.0142141	0.0186989	0.00611764	0.0487373	0.376639	0.0322669	0.0275709	0.008354	0.001809	0.00610591
117	0.0540178	0.0136028	0.0238235	0.0178251	0.0409063	0.0310979	0.155357	0.0150761	0.027852	0.0289341	0.0126977	0.262302	0.00692056	0.0496	0.0408149	0.0983487	0.0329507	0.0223273	0.00224246	0.0633028
118	0.260903	0.0597445	0.00355244	0.0115667	0.0144776	0.0298296	0.00376567	0.0995972	0.00629264	0.0465572	0.0176372	0.0119646	0.00284952	0.00767472	0.00535775	0.125003	0.0969451	0.188278	0.00237095	0.00563198
119	0.0753811	0.0229148	0.00322558	0.00752005	0.0197554	0.00347088	0.00426337	0.251749	0.00823367	0.102843	0.0365735	0.00950698	0.00105484	0.00638351	0.00161546	0.0255722	0.0509608	0.363892	0.00141614	0.00366782
120	0.0179623	0.0171274	0.00283322	0.00739466	0.0341036	0.00566412	0.0132145	0.0965693	0.00493759	0.357245	0.179151	0.0250588	0.010398	0.018126	0.0127818	0.0607983	0.0466517	0.0710779	0.00901417	0.00989073
121	0.313966	0.157575	0.00811938	0.0104609	0.00546148	0.0371046	0.00893519	0.0275924	0.00831636	0.0422541	0.0168011	0.0177546	0.00559364	0.0304453	0.00931102	0.151201	0.0938906	0.0442066	0.00248642	0.00852352
122	0.0194729	0.00798624	0.000322517	0.000383699	0.00729595	0.00067609	0.00177215	0.442213	0.000980998	0.13084	0.0358055	0.00133489	0.00275648	0.00108556	0.000963381	0.00383244	0.0155938	0.318109	0.00245919	0.00611599
123	0.0577389	0.0242766	0.0244997	0.00472749	0.181217	0.0706375	0.0983699	0.0220565	0.00832971	0.0438773	0.0200301	0.0923444	0.00865307	0.0362999	0.0146278	0.102206	0.0190704	0.0123711	0.00388452	0.154782
124	0.0919672	0.00352459	0.0220098	0.0295069	0.0211832	0.0214115	0.0661597	0.00876949	0.0930223	0.0123943	0.00728322	0.0924632	0.00516068	0.0732174	0.0853054	0.183766	0.138232	0.0159181	0.00135844	0.0273469
125	0.032382	0.0121741	0.000839925	0.00167745	0.00762861	0.00126031	0.00230703	0.397353	0.00249178	0.0998611	0.0301258	0.00307932	0.00272773	0.00216741	0.000996943	0.0086346	0.0243579	0.360766	0.00348026	0.005689
126	0.00385686	0.0142574	0.00211863	0.000918705	0.392027	0.00464329	0.0221963	0.0141021	0.00095755	0.0244813	0.00341006	0.00800897	0.000617963	0.00822972	0.00793092	0.0176276	0.00206803	0.0234186	0.00621404	0.442915
127	0.0427523	0.0256842	0.0342353	0.0160998	0.0447328	0.0319897	0.167372	0.017183	0.0823272	0.0394878	0.0142427	0.120458	0.00413961	0.0840515	0.143397	0.0428275	0.0148999	0.0399707	0.000681539	0.0334678
128	0.0574514	0.023755	0.0265422	0.00560961	0.166017	0.0797081	0.105234	0.020578	0.010547	0.0428967	0.0188799	0.103457	0.00999075	0.0399803	0.0195381	0.0978298	0.018053	0.0102772	0.00314993	0.140505
129	0.0250306	0.00357598	0.366427	0.367842	0.00116566	0.0384584	0.00203556	0.00672383	0.0267332	0.0101547	0.0016155	0.0167065	0.06315	0.0098132	0.00185623	0.0243102	0.0106379	0.0174206	0.00462181	0.00172169
130	0.0318147	0.0118151	0.0614917	0.0401742	0.0516614	0.00439626	0.144566	0.0264991	0.0196111	0.0204387	0.0196208	0.0723706	0.0295987	0.0871082	0.00262682	0.0863549	0.159594	0.0567465	0.0195925	0.0539183
131	0.0342152	0.0103909	0.00117274	0.00363763	0.0252227	0.00460373	0.00278915	0.236212	0.00320259	0.381977	0.0559515	0.00427245	0.00350734	0.0063237	0.00210828	0.014491	0.0254931	0.177706	0.00105418	0.00566853
132	0.0162043	0.00560841	0.000291407	0.00028449	0.0115823	0.000999415	0.00107865	0.429352	0.00104368	0.197919	0.0539373	0.000900357	0.00235552	0.00134911	0.00124791	0.00259713	0.0163297	0.251368	0.000206574	0.00534468
133	0.0678466	0.00255931	0.0397957	0.0627268	0.00146018	0.00617861	0.00297165	0.0127664	0.0120979	0.0082455	0.0123909	0.0248816	0.565623	0.0226919	0.00362947	0.0739082	0.0318532	0.0459187	0.000684533	0.00177
134	0.0427384	0.00767749	0.246425	0.0545561	0.003965	0.0201659	0.0654408	0.00535351	0.0247442	0.00927052	0.00478283	0.286159	0.00673957	0.0392632	0.0138244	0.116246	0.0284055	0.00985799	0.000729709	0.0136545
135	0.384184	0.0325691	0.0121311	0.0120138	0.00377624	0.274391	0.00729583	0.0287701	0.00552156	0.03171	0.0102408	0.0124607	0.0158658	0.0202203	0.00553125	0.0773839	0.0289724	0.0248322	0.00522001	0.00690972
136	0.247081	0.0308142	0.0429917	0.038948	0.00321879	0.101499	0.0116218	0.0298509	0.026818	0.0275971	0.0147225	0.0249227	0.118885	0.0139398	0.0221095	0.15291	0.0306307	0.0552759	0.00094168	0.00522169
137	0.0343497	0.00299477	0.295825	0.363371	0.000738883	0.0375599	0.0131119	0.00728532	0.0305477	0.0108271	0.00146691	0.0337458	0.00784518	0.0559735	0.00979511	0.052498	0.0239581	0.00747249	0.000562534	0.0100718
138	0.0180647	0.00329466	0.00201626	0.0459929	0.00338997	0.00892674	0.0105021	0.147577	0.0163086	0.442696	0.0442267	0.00420175	0.00690486	0.0306231	0.00552191	0.020501	0.0367999	0.111117	0.000787162	0.0405479
139	0.0165542	0.00575693	0.000302224	0.000323874	0.011608	0.00100326	0.001109	0.428688	0.00107538	0.196429	0.0538214	0.000920604	0.00233589	0.00136164	0.00124724	0.00270538	0.0165066	0.252637	0.000225024	0.0053882
140	0.0634333	0.00698518	0.16874	0.319649	0.00128117	0.0519821	0.0200153	0.00581665	0.034937	0.0178228	0.00470658	0.0359715	0.00414634	0.0995002	0.0184906	0.0856575	0.0307551	0.00971818	0.000245786	0.020146
141	0.0363032	0.00381114	0.185698	0.406358	0.00285115	0.034151	0.0233981	0.0076574	0.0324451	0.014236	0.00447282	0.0295748	0.00740193	0.0888921	0.0135403	0.0557732	0.0255304	0.014249	0.000631158	0.0130262
142	0.0722574	0.00866563	0.0135147	0.0194752	0.00258895	0.0729583	0.0129361	0.0096378	0.0678752	0.0343815	0.0174717	0.125678	0.00963341	0.0601956	0.0236479	0.210727	0.204335	0.0271531	0.00109491	0.00577214
143	0.0292534	0.00480897	0.360774	0.312964	0.00121895	0.0359435	0.0101329	0.0117259	0.0242641	0.011234	0.00282049	0.0393039	0.0221978	0.0337814	0.00657789	0.0490939	0.0207497	0.0127276	0.00189967	0.00852748
144	0.152668	0.00384246	0.0129743	0.00830517	0.00209477	0.0446251	0.0244687	0.0461544	0.00989283	0.116306	0.0467935	0.0200109	0.159811	0.0506693	0.00541617	0.12902	0.0928584	0.0673919	0.000877779	0.00581923
145	0.183966	0.047596	0.00482607	0.00406567	0.00496298	0.0332267	0.00459445	0.0465704	0.00491251	0.0240061	0.00495206	0.0329579	0.00425155	0.00913876	0.010385	0.295786	0.199637	0.0752878	0.00358095	0.00529603
146	0.206932	0.0737504	0.00366586	0.00596412	0.00578366	0.0217283	0.00394052	0.0512382	0.00601682	0.0242983	0.00631333	0.0263109	0.00364637	0.00810915	0.0101937	0.214452	0.226266	0.093141	0.00255277	0.0056971
147	0.0119957	0.0415146	0.00222757	0.00574187	0.00152681	0.00631357	0.0173948	0.0156196	0.349885	0.0196014	0.021475	0.00653306	0.00435149	0.0444712	0.389831	0.0233848	0.0212833	0.00603498	0.000972331	0.00984147
148	0.0370687	0.0524225	0.0503817	0.0294445	0.0103891	0.0257277	0.0407145	0.0177733	0.131852	0.0271133	0.0201031	0.0465707	0.0105057	0.0530217	0.307514	0.0533826	0.0387107	0.0216091	0.00843274	0.0172622
149	0.0805393	0.0177051	0.0361804	0.0210644	0.00576141	0.0282462	0.0344627	0.0117372	0.0246012	0.0177359	0.0103257	0.238571	0.014487	0.0288726	0.0150852	0.308339	0.0792384	0.0188467	0.00216416	0.00603668
150	0.429524	0.0549782	0.00676458	0.00917313	0.00386482	0.135363	0.005451	0.016499	0.00657236	0.016631	0.0240295	0.0205834	0.00971305	0.0112259	0.00863335	0.177913	0.0309781	0.0243784	0.00280843	0.00491522
151	0.0339445	0.0186726	0.00227152	0.00382471	0.191747	0.00910025	0.0203077	0.059814	0.00443305	0.302696	0.0553544	0.0060328	0.00132377	0.023543	0.00276829	0.0337739	0.035901	0.0724168	0.0101472	0.111927
152	0.0854343	0.0244495	0.00464516	0.012677	0.0177216	0.00382107	0.00380895	0.232243	0.0102597	0.148676	0.0497795	0.0104948	0.00167503	0.00915033	0.00209592	0.03183	0.0547253	0.292537	0.000297934	0.00367807
153	0.104744	0.0265603	0.0121575	0.0176085	0.0622283	0.0279103	0.0189194	0.0739368	0.0156069	0.138999	0.0753271	0.0331737	0.00161228	0.0444173	0.0167449	0.106814	0.0667477	0.118623	0.00348551	0.0343832
154	0.0103218	0.00579371	0.00049337	0.00170024	0.0366993	0.00502031	0.00210785	0.151123	0.0013509	0.600106	0.0734168	0.00192087	0.00141029	0.00708722	0.000963795	0.00523555	0.0112778	0.0789858	0.000921329	0.00406447
155	0.0542097	0.0306415	0.00262287	0.00347948	0.182272	0.0100787	0.0241414	0.070962	0.00252042	0.20798	0.0503246	0.0070781	0.000490994	0.0226742	0.000781055	0.043899	0.0434138	0.111578	0.00416573	0.126687
156	0.0266088	0.00276052	0.00429828	0.0269063	0.00481708	0.00611767	0.0355407	0.00520442	0.342396	0.0161285	0.00867946	0.032746	0.00759499	0.0625677	0.309395	0.046469	0.0415482	0.0137076	0.00377971	0.00273371
157	0.304638	0.0408507	0.00627831	0.0119979	0.00748616	0.0394959	0.00666376	0.0479078	0.00842495	0.0265397	0.0112621	0.022884	0.0118353	0.0116327	0.00874151	0.185415	0.13293	0.106896	0.00286038	0.00525975
158	0.0754651	0.0226602	0.00325177	0.00787904	0.020034	0.00319672	0.00372499	0.265015	0.00982273	0.134602	0.0453654	0.0111107	0.00110505	0.00703025	0.00187997	0.0264864	0.0520437	0.305937	0.00017345	0.00321594
159	0.0853428	0.00193002	0.199442	0.116716	0.00915485	0.0363028	0.0466298	0.00364802	0.0648377	0.0191487	0.00160002	0.117485	0.00308932	0.0947158	0.0400375	0.0916154	0.0494213	0.0170728	0.000196399	0.00161422
160	0.00392496	0.0142159	0.00191032	0.000942992	0.376301	0.0044134	0.0215197	0.0126019	0.0009847	0.0240086	0.0031159	0.00749668	0.000618971	0.00745279	0.00738133	0.0159505	0.00202413	0.0216985	0.00628186	0.467156
161	0.00790232	0.00559861	0.000302529	0.000409095	0.0434023	0.00527107	0.00181214	0.118808	0.000348882	0.659504	0.0764696	0.00129907	0.000318644	0.00702173	0.000313341	0.00403889	0.00818646	0.0545806	0.000819013	0.00359349
162	0.093208	0.0160786	0.00881772	0.0218474	0.0416866	0.0261904	0.0256447	0.071988	0.0242419	0.146839	0.0820258	0.0506293	0.000756971	0.0658907	0.0287375	0.119569	0.0705394	0.0717595	0.00390876	0.0296412
163	0.0438691	0.0219148	0.00260224	0.00410481	0.193186	0.0106494	0.025761	0.0535211	0.00527195	0.234136	0.0620724	0.00690296	0.000952603	0.0291611	0.00351271	0.0424482	0.0446315	0.082741	0.0130827	0.119478
164	0.0487662	0.00640523	0.134568	0.0892433	0.00196423	0.0676985	0.00709839	0.00583134	0.0683502	0.0125566	0.0144382	0.175006	0.0206617	0.028616	0.0347724	0.218548	0.0559766	0.00461566	0.000447805	0.00443534
165	0.0334814	0.00326986	0.36105	0.352762	0.00116531	0.0432616	0.00302783	0.00672858	0.0243502	0.0103978	0.001648	0.0179639	0.0588746	0.0114969	0.0021519	0.0320052	0.0116495	0.0187231	0.00383535	0.00215693
166	0.130887	0.00424118	0.0176985	0.00943689	0.00229023	0.0440365	0.0225043	0.0632539	0.0104316	0.126878	0.0498825	0.0178855	0.154023	0.0488331	0.00537359	0.124692	0.0952845	0.0651831	0.000723201	0.00646152
167	0.00883582	0.00771739	0.000678608	0.000843835	0.0494413	0.00489163	0.00313538	0.117329	0.000792386	0.614632	0.08998	0.00437291	0.00145069	0.0073518	0.00136698	0.0106607	0.0137465	0.0556328	0.00188051	0.00525995
168	0.0705244	0.0145447	0.00800459	0.0180095	0.0433648	0.0175629	0.0163824	0.0957196	0.013023	0.291248	0.069265	0.023622	0.00669041	0.0705188	0.013383	0.0726332	0.0471386	0.074357	0.00307038	0.0309381
169	0.0651398	0.0132065	0.0118499	0.0158216	0.0409181	0.0186845	0.0173939	0.0610913	0.0172692	0.231643	0.143351	0.0455314	0.00384979	0.0525391	0.018182	0.087734	0.0659036	0.0669562	0.00476271	0.0181724
170	0.283464	0.0262317	0.00159629	0.020316	0.0167915	0.045835	0.00147792	0.109895	0.00457159	0.0320789	0.0178917	0.00196319	0.000849908	0.00205334	0.00171382	0.113958	0.0616996	0.253926	0.00274219	0.000943717
171	0.0838586	0.0246625	0.00382735	0.0095238	0.0211939	0.00357993	0.00439581	0.248166	0.0101151	0.109984	0.0405789	0.0118203	0.000607919	0.00758985	0.00187996	0.0294673	0.0553509	0.329557	0.000397324	0.00344407
172	0.0191319	0.00638931	0.000484484	0.00139786	0.0146862	0.00226667	0.00115676	0.339751	0.0013447	0.308821	0.0465672	0.00145909	0.00461874	0.00209467	0.0011021	0.00439179	0.0191641	0.219935	0.000903038	0.00433387
173	0.0359748	0.00273771	0.227033	0.413076	0.0010574	0.0367932	0.0170705	0.00738656	0.0306372	0.012032	0.00139055	0.0304346	0.00336497	0.0738202	0.0110921	0.0538789	0.0239752	0.00701916	0.000339436	0.0108867
174	0.0392724	0.020799	0.00257129	0.00368084	0.197783	0.00958847	0.0212865	0.0596419	0.00423438	0.268863	0.0571966	0.006103	0.000893142	0.0242095	0.00222667	0.0372942	0.0410417	0.0808005	0.00881142	0.113702
175	0.0828921	0.0304684	0.00324494	0.00820635	0.0229743	0.00359844	0.00355702	0.246596	0.00993511	0.11142	0.0389995	0.0101701	0.000758206	0.00851076	0.00197951	0.031972	0.0604047	0.319854	0.0005384	0.00392067
176	0.00666251	0.0454317	0.00323488	0.00471797	0.00168496	0.00815608	0.0190643	0.0121146	0.278254	0.0159401	0.0196962	0.00716587	0.00564061	0.0431536	0.469157	0.0201318	0.0196457	0.00610146	0.000763643	0.0132837
177	0.0184137	0.0055061	0.00429758	0.0248585	0.00466809	0.00622214	0.0334176	0.00426798	0.354179	0.0137175	0.00862066	0.0300006	0.00763115	0.0604918	0.324211	0.0444227	0.0375346	0.0117236	0.00273123	0.00308445
178	0.0931765	0.0181945	0.0343868	0.0249653	0.0262657	0.0125954	0.0115345	0.180083	0.0101363	0.0973498	0.04692	0.0172638	0.00393583	0.0127827	0.00471664	0.0378659	0.0745144	0.28498	0.000853416	0.00747887
179	0.0174737	0.00402079	0.00445425	0.0255781	0.00477699	0.0067831	0.0342124	0.00318121	0.345242	0.0119202	0.00775214	0.0309938	0.00808239	0.059809	0.335309	0.0440973	0.0388972	0.0117316	0.00282547	0.00285906
180	0.00392404	0.0140511	0.00199004	0.000952889	0.387869	0.00449354	0.0210882	0.0128696	0.000981479	0.0338798	0.00377904	0.00765724	0.000642058	0.0080172	0.00741804	0.0169825	0.00277772	0.0222774	0.00693839	0.441411
181	0.0171188	0.00569632	0.000341129	0.000358145	0.0114355	0.00109598	0.00109224	0.422519	0.0011919	0.200063	0.0555157	0.000987913	0.00235339	0.00153334	0.00136698	0.00278003	0.0174627	0.251692	0.000214159	0.00518238
182	0.0436486	0.0016212	0.0172357	0.0559037	0.00989772	0.00779731	0.0261815	0.0029279	0.353086	0.0104225	0.00513923	0.0273479	0.0175224	0.0518328	0.224577	0.0639785	0.0586899	0.0171775	0.00205575	0.00295663
183	0.0887605	0.038745	0.00338969	0.00867975	0.0188716	0.0033973	0.00299851	0.237253	0.0106645	0.111573	0.0386516	0.0101794	0.000522695	0.00900339	0.00195174	0.0358114	0.0631366	0.313491	0.00028965	0.00263049
184	0.0207303	0.00982643	0.00046488	0.00127856	0.0122229	0.00142395	0.00133611	0.369083	0.00162661	0.229744	0.0513959	0.00173289	0.00468397	0.00181118	0.00147231	0.00725715	0.022186	0.256235	0.000483977	0.00500563
185	0.0503127	0.0270766	0.00256441	0.00302314	0.19333	0.0113241	0.0235223	0.0677183	0.00230286	0.215693	0.0504556	0.00623148	0.000493917	0.0226545	0.000705364	0.0433133	0.0426218	0.102654	0.00549579	0.128507
186	0.0717105	0.0216978	0.0816333	0.115877	0.0127767	0.038294	0.0118529	0.0130631	0.0253267	0.0414069	0.0280924	0.10088	0.00849215	0.0483113	0.0136396	0.264276	0.0632619	0.0331477	0.00100333	0.0052563
187	0.0103544	0.0063879	0.000479441	0.000967114	0.0393641	0.00479815	0.00192683	0.14299	0.000638654	0.607548	0.0809363	0.0022702	0.00103962	0.0066501	0.000833263	0.00597417	0.0110355	0.0723452	0.000958452	0.00250265
188	0.0480565	0.0158568	0.00202492	0.00431711	0.0108991	0.00470164	0.00461359	0.288435	0.00605809	0.100095	0.0285568	0.00536494	0.00433713	0.00476684	0.00399046	0.0181596	0.030195	0.410115	0.00353681	0.00591936
189	0.0536513	0.00384787	0.0028202	0.00429867	0.00277575	0.0135649	0.0125439	0.133451	0.127929	0.0793817	0.0561554	0.00506005	0.0023048	0.0278476	0.140173	0.0436298	0.0722368	0.214244	0.00080751	0.00327709
190	0.00386432	0.0141255	0.00185951	0.00099868	0.388751	0.00431652	0.0201366	0.0120297	0.0010179	0.0417131	0.00376085	0.00743922	0.000636033	0.00798795	0.00713259	0.0163973	0.00338195	0.0213019	0.00649224	0.436657
191	0.0392377	0.00295721	0.21266	0.400574	0.00153883	0.0361252	0.0214728	0.00709898	0.030241	0.0130368	0.00174848	0.0333894	0.00514502	0.081483	0.0122243	0.0568077	0.0244998	0.00826316	0.000377046	0.0111195
192	0.350349	0.0996089	0.00452186	0.00764548	0.0020597	0.0837353	0.00342228	0.0270323	0.00602123	0.0197975	0.0127723	0.01833	0.00331626	0.00593749	0.00735425	0.235459	0.0521698	0.0546846	0.00172548	0.00405689
