216	20
1	0.0851606	0.00920152	0.000176407	0.00465366	0.0025552	0.82623	0.00237367	0.00150202	0.000276061	0.0012966	0.000696149	0.00244454	0.0023237	0.000326337	0.000383006	0.05082	0.00151755	0.00123042	0.00415836	0.00267436
2	0.0435361	0.00971644	0.000614742	0.00167902	0.0980939	0.014537	0.00125398	0.237748	0.00112401	0.247072	0.0446062	0.00130136	0.0021031	0.001002	0.000908774	0.0145899	0.0248333	0.244718	0.00440962	0.00615198
3	0.51213	0.0212529	0.000284793	0.00163452	0.00355956	0.120441	0.00212759	0.0141122	0.00236565	0.00539444	0.0187186	0.000739305	0.00167866	0.00185981	0.00154253	0.189107	0.0639177	0.0366171	0.000260738	0.00225689
4	0.00596052	0.00148518	0.00024536	0.00078564	0.0285469	0.00253935	0.000333321	0.227412	0.000270854	0.547962	0.102691	0.000679176	0.000380742	0.000474453	0.000312082	0.00198252	0.00663208	0.0698747	0.000314654	0.00111711
5	0.0250086	0.013032	0.000806566	0.00160104	0.27267	0.00864299	0.00106453	0.108228	0.00113754	0.322795	0.0894936	0.00208234	0.00273252	0.00843577	0.00133906	0.011735	0.0195524	0.0605964	0.0134063	0.0356402
6	0.00368124	0.00105404	0.000242129	0.000746186	0.0204496	0.001387	0.000272314	0.23365	0.000253044	0.565921	0.102308	0.000522108	0.000298265	0.000550884	0.000293943	0.00125056	0.00593234	0.0604176	0.000214252	0.000555675
7	0.00433594	0.00164177	0.000784283	0.0101008	0.35679	0.00301136	0.0155244	0.00532273	0.00103372	0.0678848	0.0113732	0.00163609	0.00121429	0.00111611	0.00105583	0.00564758	0.00380828	0.02059	0.009127	0.478001
8	0.0883652	0.00934488	0.000210624	0.0045983	0.00265866	0.8198	0.00246217	0.00176204	0.000435822	0.00143714	0.000724749	0.00242644	0.00230516	0.000344513	0.000491436	0.0523345	0.00200254	0.00142079	0.00407845	0.00279625
9	0.00608379	0.0016779	0.000477965	0.00255551	0.0169315	0.00223799	0.000563593	0.240775	0.000747794	0.460758	0.187338	0.00128584	0.000795948	0.0034824	0.000822582	0.00317832	0.00814641	0.0595118	0.000595537	0.00203488
10	0.0436126	0.00662909	0.0943036	0.199275	0.00148256	0.0317376	0.0140155	0.00823152	0.115027	0.0238993	0.00879333	0.0797282	0.000895821	0.0953952	0.0560626	0.131445	0.0751609	0.00504418	0.00263917	0.0066216
11	0.0368008	0.00198938	0.00123793	0.00250612	0.053404	0.0064176	0.000987639	0.154766	0.0177267	0.269603	0.170552	0.0118221	0.000870793	0.0345934	0.00563306	0.0312311	0.0794362	0.0773455	0.00229829	0.0407783
12	0.0443152	0.00852433	0.000524623	0.000650575	0.146549	0.0134188	0.000545667	0.125591	0.00109119	0.3499	0.125515	0.0015843	0.00138852	0.00436984	0.00274237	0.0135928	0.0453745	0.0772816	0.00987021	0.0271714
13	0.100692	0.00295218	0.000355388	0.000589471	0.0016632	0.0637217	0.000414818	0.00338153	0.000589495	0.0026933	0.00641678	0.000670747	0.000460357	0.000601048	0.00213346	0.762917	0.0444535	0.00410209	0.00042605	0.000765717
14	0.0517985	0.00619748	0.122866	0.250807	0.00147537	0.0284545	0.0136437	0.00925641	0.0819895	0.0255682	0.00719529	0.0723512	0.000651817	0.0909827	0.0354358	0.107059	0.0763437	0.00619179	0.00334949	0.00838189
15	0.0851606	0.00920152	0.000176407	0.00465366	0.0025552	0.82623	0.00237367	0.00150202	0.000276061	0.0012966	0.000696149	0.00244454	0.0023237	0.000326337	0.000383006	0.05082	0.00151755	0.00123042	0.00415836	0.00267436
16	0.0209274	0.00238121	0.00026618	0.000640891	0.0597976	0.00748196	0.000310601	0.177524	0.000611935	0.519235	0.114097	0.00103117	0.000712653	0.00152006	0.000961562	0.00498328	0.0141331	0.0630361	0.00299448	0.00735368
17	0.0517483	0.00696038	0.086778	0.229774	0.00246771	0.022804	0.0120156	0.0099827	0.146185	0.0290219	0.014375	0.0679326	0.000873491	0.108645	0.0536688	0.0821406	0.0605266	0.00565214	0.00230883	0.00613965
18	0.0707091	0.00510523	0.0790201	0.11619	0.00528324	0.0111236	0.00545964	0.0235139	0.240263	0.0617008	0.0603065	0.0802413	0.00153523	0.0972628	0.0773648	0.0279279	0.023307	0.00916071	0.0013233	0.00320131
19	0.354613	0.00212244	0.000603366	0.00105309	0.0206894	0.0190842	0.000687178	0.0309947	0.000970484	0.069733	0.029135	0.00174261	0.000831181	0.00850153	0.0085409	0.131387	0.123853	0.193718	0.000683978	0.00105663
20	0.535668	0.0205708	0.000282582	0.000454269	0.00411657	0.0748223	0.000437271	0.0141183	0.00222857	0.00450651	0.0278383	0.000936411	0.00211377	0.00240012	0.00163311	0.18404	0.0775611	0.0454427	0.000248239	0.000580476
21	0.0933514	0.00970592	0.000259245	0.00544336	0.00258542	0.801303	0.0027744	0.00227732	0.000496654	0.001815	0.000767717	0.00248476	0.00250779	0.000352834	0.00044498	0.0599408	0.00408334	0.00223817	0.00399204	0.0031759
22	0.0569107	0.00265111	0.216069	0.150716	0.00491781	0.090237	0.00209889	0.0226769	0.067303	0.00821873	0.0049007	0.180144	0.0514001	0.00365211	0.00193365	0.116661	0.0079034	0.00769349	0.00131415	0.00259838
23	0.0119859	0.00555644	0.000390728	0.00554881	0.00183308	0.00923115	0.0300794	0.00774975	0.32546	0.00331047	0.00180856	0.0236232	0.000611905	0.0954549	0.419927	0.0317022	0.0115859	0.0129678	0.000465806	0.00070776
24	0.00776819	0.00175532	0.000924073	0.00292324	0.0139876	0.00343128	0.0010611	0.186197	0.00141218	0.405008	0.292888	0.0019446	0.00156654	0.00347711	0.0012192	0.00504697	0.00836575	0.0579016	0.000978193	0.00214338
25	0.0139464	0.00609029	0.00376426	0.0113903	0.00188065	0.00906899	0.0291093	0.0076651	0.316774	0.00513074	0.00313768	0.0283704	0.000614225	0.102463	0.400831	0.0330988	0.0132832	0.0122318	0.000466225	0.000684248
26	0.045489	0.00419846	0.000315642	0.00151481	0.121886	0.0143104	0.00104995	0.186619	0.000978617	0.288199	0.116009	0.00278685	0.00169708	0.00170761	0.00126429	0.0121365	0.0267306	0.150312	0.00713017	0.0156648
27	0.126639	0.00461889	0.0111986	0.0190978	0.00841201	0.0341479	0.0082601	0.0162952	0.0245279	0.0180079	0.00648856	0.125059	0.0904622	0.0121194	0.0168757	0.250184	0.194633	0.0258341	0.00236614	0.00477251
28	0.0172028	0.00206748	0.0444662	0.035928	0.00219737	0.0968329	0.00949302	0.00379622	0.125569	0.00413482	0.00210301	0.0656808	0.00165608	0.0370278	0.0600088	0.377962	0.106886	0.00381909	0.00130042	0.00186865
29	0.0370458	0.000880256	0.0193457	0.0260768	0.00169269	0.0459538	0.0195759	0.00612678	0.0662569	0.00724095	0.00168312	0.335071	0.0170875	0.0255318	0.0426152	0.235998	0.0918675	0.0128866	0.00517987	0.00188404
30	0.0111891	0.0250425	0.00588431	0.00323572	0.00767868	0.00722956	0.00218774	0.040064	0.190059	0.0389244	0.00705599	0.0034113	0.379022	0.00361904	0.075549	0.0327649	0.122978	0.0377221	0.0021513	0.00423122
31	0.0287341	0.00137632	0.00364372	0.00426848	0.0502992	0.0169917	0.000850916	0.109938	0.0782745	0.17828	0.227083	0.0173781	0.00101271	0.0059905	0.0352728	0.0819764	0.0739839	0.051717	0.000738069	0.0321901
32	0.384118	0.0121749	0.000398594	0.0020281	0.00433776	0.394144	0.00155762	0.0086494	0.00122949	0.00524228	0.00937563	0.00133685	0.00149519	0.00132822	0.0012271	0.116793	0.0314025	0.0197714	0.00146319	0.00192648
33	0.0558732	0.014213	0.000208607	0.000453315	0.0753166	0.00510429	0.000259779	0.317662	0.000227336	0.168801	0.0549464	0.000449993	0.00236193	0.000289073	0.000522091	0.0176629	0.0456616	0.236684	0.00144829	0.00185491
34	0.0643341	0.00309158	0.000477501	0.000654664	0.10609	0.0331267	0.000619739	0.0892829	0.000697824	0.622612	0.0148968	0.00276314	0.0033614	0.0051851	0.000686066	0.00462688	0.00709204	0.0310825	0.0024317	0.00688741
35	0.16307	0.0144825	0.00068096	0.000914783	0.0685388	0.0146639	0.000738011	0.13571	0.000394041	0.111959	0.0385167	0.001759	0.000412141	0.000326721	0.000404273	0.0622611	0.113431	0.270467	0.000321171	0.000949431
36	0.0846735	0.00915014	0.00020612	0.00468898	0.00255581	0.825128	0.00247269	0.00163826	0.000384851	0.00138637	0.000742532	0.00255169	0.00247591	0.000396151	0.000525207	0.0508709	0.00176446	0.00158106	0.00414667	0.00266097
37	0.263084	0.0158817	0.000444129	0.000717783	0.0575102	0.0417556	0.000442292	0.0929723	0.000703165	0.141846	0.0784963	0.00184674	0.000908216	0.000698011	0.000562964	0.0311731	0.121937	0.147717	0.000423019	0.000879777
38	0.129579	0.0157997	0.00039942	0.000629383	0.0982345	0.113914	0.000555806	0.166568	0.000752259	0.187504	0.0239142	0.0010539	0.000581334	0.000602714	0.000578645	0.0138829	0.0122138	0.231901	0.00041809	0.000918061
39	0.0187961	0.00566024	0.000146052	0.00172598	0.0214574	0.00104604	0.000152153	0.327333	0.000224261	0.156081	0.0393991	0.000272366	0.000474649	0.000247321	0.00185932	0.00629325	0.0355503	0.377174	0.00369721	0.00240981
40	0.211628	0.00792343	0.00308281	0.00285919	0.0173361	0.0349342	0.00180401	0.0255151	0.00342964	0.0142051	0.0171199	0.00681161	0.0085811	0.0025739	0.00272339	0.256634	0.336736	0.0432866	0.000793513	0.00202342
41	0.509097	0.0182575	0.000330953	0.000450349	0.0052694	0.0803738	0.000405579	0.0198468	0.00255563	0.0088658	0.0393413	0.000726378	0.00129484	0.00292957	0.00159854	0.167172	0.0801052	0.0606186	0.000258015	0.000503255
42	0.0449139	0.00892744	0.000172724	0.000986246	0.0281252	0.00338051	0.000650142	0.35719	0.000543568	0.19334	0.0443905	0.00108155	0.001004	0.000248755	0.000744959	0.0087638	0.0250082	0.274918	0.00241084	0.00319935
43	0.0175791	0.00546163	0.000142789	0.00175164	0.0209866	0.000984736	0.000160035	0.327868	0.000232845	0.155122	0.0388785	0.000299805	0.00045369	0.00026494	0.00187862	0.00631061	0.0356363	0.379612	0.00392105	0.00245504
44	0.0216185	0.0134059	0.0102816	0.0453445	0.0174748	0.0127299	0.192229	0.0175142	0.0244654	0.0400618	0.00965018	0.119119	0.00366686	0.277608	0.0300743	0.0315678	0.021728	0.0172455	0.00345208	0.0907626
45	0.100722	0.00292827	0.000613796	0.000900337	0.00185846	0.0626406	0.000615628	0.00379662	0.00150072	0.00296726	0.00660905	0.002497	0.0014036	0.000886609	0.00248835	0.753484	0.048299	0.00456764	0.000446788	0.000773817
46	0.100733	0.00335569	0.000527457	0.000948747	0.00215452	0.0648762	0.000800811	0.0038247	0.00102435	0.00323728	0.00668728	0.00208923	0.000559243	0.00073955	0.00247877	0.755362	0.0447088	0.00434538	0.000527559	0.00101941
47	0.100692	0.00295218	0.000355388	0.000589471	0.0016632	0.0637217	0.000414818	0.00338153	0.000589495	0.0026933	0.00641678	0.000670747	0.000460357	0.000601048	0.00213346	0.762917	0.0444535	0.00410209	0.00042605	0.000765717
48	0.471169	0.0160922	0.000404537	0.000767956	0.00927851	0.0763947	0.000667961	0.0277194	0.00217866	0.0244267	0.0404952	0.000952412	0.00143265	0.00267311	0.00155142	0.13157	0.110712	0.08007	0.000660504	0.000783188
49	0.205828	0.00962238	0.000705908	0.000905737	0.0344418	0.0139142	0.000761172	0.084124	0.000697998	0.0770103	0.0272164	0.00166202	0.000493783	0.00111659	0.00132994	0.0731108	0.210606	0.255064	0.000371138	0.00101762
50	0.0410493	0.00619556	0.0235952	0.0060092	0.0220024	0.0170607	0.00248751	0.0845649	0.00503737	0.0335512	0.0465099	0.00706807	0.00701428	0.00467983	0.0075278	0.19528	0.423776	0.0610313	0.00169236	0.00386627
51	0.113835	0.0115676	0.000604732	0.00104384	0.0610021	0.0142847	0.000623031	0.244337	0.000736682	0.148747	0.0396646	0.0016445	0.00109567	0.000894048	0.000832541	0.0392078	0.058225	0.25727	0.00167348	0.00270964
52	0.00906832	0.00145742	0.000338591	0.0013091	0.0281466	0.00299633	0.000496545	0.220893	0.000611139	0.509541	0.132765	0.00112387	0.000557411	0.0014943	0.000505849	0.00346875	0.0116709	0.0692064	0.00123775	0.00311105
53	0.205137	0.0124533	0.000763619	0.00101132	0.032011	0.0123875	0.000886275	0.0769226	0.000715681	0.0866513	0.0278472	0.00120236	0.000519426	0.000820674	0.000803443	0.061723	0.232684	0.243777	0.000509352	0.00117375
54	0.00760189	0.00311965	0.000357101	0.000528147	0.00175048	0.00142436	0.000445701	0.67168	0.000471622	0.0302828	0.0178155	0.000643606	0.000494989	0.000619181	0.00044316	0.00864658	0.00881014	0.243811	0.000386142	0.000668641
55	0.101155	0.00311648	0.00036721	0.000699031	0.00184516	0.0673239	0.000783917	0.0038156	0.000622624	0.00290907	0.00641738	0.00068173	0.000512872	0.000622306	0.00217456	0.757104	0.0443089	0.00423789	0.000424096	0.000877581
56	0.0385128	0.0101506	0.000505697	0.00088945	0.202087	0.0178067	0.000603802	0.0894163	0.000582393	0.528924	0.0283191	0.00227211	0.00454302	0.0065853	0.000596058	0.0055695	0.00731735	0.0302566	0.00327845	0.0217839
57	0.0899045	0.00895328	0.00171514	0.00219623	0.0390442	0.0412288	0.00179634	0.222736	0.00175605	0.0849009	0.0308413	0.00884929	0.00317062	0.00185781	0.00712422	0.0971509	0.123608	0.228291	0.0018808	0.00299516
58	0.0316648	0.000901507	0.0229188	0.0275225	0.0017349	0.0588712	0.0185277	0.00559951	0.0701792	0.00661324	0.00176504	0.285004	0.0139556	0.0305929	0.0474965	0.269086	0.0907238	0.010896	0.0038631	0.00208399
59	0.521824	0.0145843	0.000668567	0.00175429	0.00442143	0.0623307	0.00100634	0.0119849	0.00194214	0.00642583	0.0189811	0.0026254	0.0074653	0.00234215	0.0017039	0.228934	0.0659503	0.0433479	0.000229818	0.00147832
60	0.0252222	0.00164263	0.030794	0.0314747	0.00202581	0.0763014	0.0142006	0.00500475	0.0886591	0.00593803	0.00214893	0.189326	0.00877909	0.0357617	0.0610299	0.31355	0.094383	0.00853496	0.00288472	0.00233884
61	0.00372188	0.00108447	0.000249808	0.000727571	0.0206491	0.00139525	0.000268132	0.233263	0.000264138	0.565682	0.102509	0.000514622	0.000296159	0.00053726	0.00029954	0.00124977	0.00584068	0.0606936	0.000216993	0.000537734
62	0.00394945	0.00130791	0.000299805	0.00114655	0.018604	0.00142753	0.000312654	0.23257	0.000344581	0.544213	0.124588	0.000580376	0.000307458	0.00104304	0.000362427	0.00156191	0.00609765	0.0604997	0.000244943	0.000539869
63	0.0394173	0.0011806	0.0240353	0.0324305	0.00191592	0.0447894	0.0161965	0.00657938	0.0649624	0.0067011	0.00181536	0.282531	0.0179636	0.0277218	0.0423306	0.254067	0.11694	0.012483	0.00318253	0.00275567
64	0.0246676	0.0134277	0.000303642	0.000554444	0.194625	0.00590277	0.000675777	0.122674	0.000603561	0.422262	0.0744506	0.0015813	0.00213854	0.00571762	0.000721899	0.00824824	0.0159857	0.0461904	0.00390234	0.0553658
65	0.114056	0.00237854	0.019834	0.0722838	0.0278168	0.0361838	0.0223756	0.0295081	0.0867932	0.030649	0.0204258	0.0335048	0.0244658	0.0137764	0.0744784	0.14448	0.153624	0.0561056	0.000696305	0.0365646
66	0.0550755	0.00684391	0.101126	0.235527	0.0018202	0.0277535	0.0131908	0.00992959	0.107542	0.0284061	0.011989	0.0742007	0.000965395	0.104415	0.0455939	0.0924754	0.0672044	0.00591604	0.00263913	0.00738742
67	0.5659	0.01596	0.000221459	0.000601184	0.00357801	0.0663873	0.000520522	0.0113029	0.00194695	0.0042665	0.0203831	0.00160984	0.00375873	0.00210083	0.00133764	0.19317	0.0647763	0.0413079	0.000204307	0.000666691
68	0.046237	0.00892862	0.000132753	0.00086558	0.0319222	0.00316641	0.000132595	0.352141	0.000194516	0.160708	0.0430174	0.000310152	0.000830798	0.000206616	0.000892327	0.0104402	0.0346562	0.301415	0.00178656	0.00201666
69	0.0797372	0.00849876	0.000177072	0.0042723	0.00270009	0.818266	0.00331462	0.00257502	0.000968634	0.00160945	0.00097448	0.00422285	0.00434775	0.000963041	0.000464195	0.0524037	0.00324269	0.00252627	0.0061025	0.00263364
70	0.00775203	0.0031682	0.000343198	0.000551447	0.00241925	0.00137502	0.000449284	0.657823	0.000458137	0.0342699	0.0182725	0.000633304	0.000495488	0.00059992	0.000507009	0.00849533	0.0100207	0.251128	0.000501827	0.000737083
71	0.00786144	0.00329003	0.000355164	0.000500973	0.00167088	0.00144644	0.000419111	0.685082	0.000455396	0.0299363	0.0178231	0.000633234	0.000491952	0.000636646	0.000432456	0.00895733	0.00856365	0.230451	0.000367128	0.000625447
72	0.0265495	0.00756296	0.000289076	0.000737665	0.187753	0.00969762	0.000437588	0.148006	0.000497658	0.352429	0.107532	0.00124773	0.000635844	0.00334673	0.000657055	0.00931641	0.0188079	0.0884297	0.00514368	0.0309227
73	0.0846059	0.00914676	0.000174802	0.00463963	0.00258124	0.826011	0.00240332	0.00154036	0.000291895	0.00129836	0.000710759	0.00264907	0.00240136	0.000359954	0.000579574	0.0508071	0.00159125	0.00132274	0.00420849	0.00267607
74	0.524082	0.0216952	0.000293219	0.000947426	0.00450979	0.0759544	0.000992421	0.0143648	0.00232231	0.00599081	0.0247038	0.00140755	0.00308804	0.00228318	0.0017697	0.192625	0.0780076	0.0436017	0.000436598	0.000924334
75	0.0573489	0.00322466	0.189996	0.162541	0.0040924	0.0772963	0.0052449	0.0189544	0.0696405	0.0117919	0.00556797	0.172812	0.0383002	0.0212696	0.0103137	0.115356	0.0235582	0.00739522	0.00165591	0.00363997
76	0.00778679	0.00327954	0.000340668	0.000537828	0.00202827	0.0013895	0.000420619	0.676325	0.000441307	0.0327214	0.0179419	0.000627123	0.000474903	0.000628902	0.000474927	0.00883657	0.00927933	0.235311	0.000492108	0.000661738
77	0.0852803	0.00917639	0.000177011	0.00461408	0.00256773	0.825248	0.00241324	0.00157532	0.000295818	0.00134003	0.000696953	0.00247928	0.00238152	0.000387301	0.000389804	0.0510435	0.00166685	0.00136324	0.00418039	0.00272312
78	0.0371717	0.00871167	0.00654211	0.00243622	0.0233719	0.0142439	0.00135037	0.0324054	0.00274863	0.0241798	0.0130064	0.00316707	0.00284979	0.00208249	0.00216018	0.187988	0.600474	0.0320016	0.00140226	0.00170635
79	0.0367375	0.00861947	0.00591498	0.00145941	0.0229658	0.0135463	0.00165076	0.0334883	0.00227497	0.0254876	0.013106	0.00280041	0.00302542	0.00188498	0.00171011	0.175198	0.613037	0.0336163	0.00140461	0.00207147
80	0.0408798	0.00877056	0.000119105	0.000789451	0.0296856	0.00281322	0.000125388	0.364334	0.000180276	0.161259	0.0441937	0.000254471	0.000826621	0.000202762	0.000895701	0.00837986	0.0293725	0.302977	0.00181522	0.00212492
81	0.0826925	0.0110743	0.00499328	0.00855035	0.0302773	0.0200369	0.00431911	0.107217	0.0643304	0.0806484	0.156244	0.011367	0.00588748	0.00840361	0.0148649	0.0577401	0.261234	0.0501609	0.00446685	0.0154919
82	0.443903	0.0172229	0.000469559	0.00352483	0.00364076	0.190041	0.00482547	0.0186087	0.00309363	0.00980037	0.0131186	0.000936897	0.00181142	0.00156793	0.0020093	0.184738	0.059954	0.0348486	0.000463889	0.00542041
83	0.0300389	0.0101741	0.00205148	0.00506269	0.134111	0.017376	0.00370059	0.166266	0.00551235	0.15865	0.0560469	0.00565125	0.0100463	0.0964776	0.00517669	0.0160448	0.017715	0.0928284	0.151352	0.0157184
84	0.00395316	0.00239083	0.000371092	0.00218437	0.017822	0.00195115	0.000409264	0.298449	0.000363108	0.48552	0.107525	0.000751899	0.000393279	0.00285299	0.000422604	0.00197202	0.00495414	0.0667217	0.000222853	0.000770089
85	0.0199881	0.00576354	0.00012722	0.00164078	0.021843	0.00114907	0.000142193	0.337021	0.000210768	0.155166	0.0395319	0.000263991	0.000477826	0.000240827	0.00174462	0.00642392	0.034477	0.367916	0.00349028	0.00238183
86	0.349769	0.0159188	0.000517935	0.00244075	0.00275516	0.077142	0.00219746	0.00995936	0.00279559	0.00422049	0.0136173	0.00121609	0.00137821	0.00170065	0.0056354	0.413453	0.0688328	0.023328	0.000400285	0.00272146
87	0.512891	0.0198196	0.000406341	0.00151298	0.00364931	0.100057	0.00149386	0.017469	0.0024158	0.00717592	0.0228352	0.000809732	0.00187629	0.0023502	0.00153271	0.186595	0.0716956	0.0433698	0.000267897	0.00177697
88	0.0387129	0.002742	0.000824536	0.00265518	0.121793	0.0131917	0.00660571	0.208377	0.00351081	0.247895	0.0420203	0.00521929	0.0436861	0.00567061	0.00310661	0.0213949	0.0218868	0.118802	0.0379922	0.0539133
89	0.0230906	0.00150209	0.000604585	0.00236409	0.108446	0.00707035	0.0128253	0.257195	0.00455185	0.230964	0.0326127	0.0070881	0.0409857	0.00358173	0.00217387	0.0192734	0.0123463	0.16539	0.0232195	0.0447153
90	0.0823175	0.0171465	0.000312446	0.000518883	0.122335	0.014418	0.000424751	0.225527	0.000372692	0.177554	0.0694041	0.00115823	0.00148553	0.000444757	0.000559547	0.0304779	0.0524112	0.199335	0.00203072	0.00176591
91	0.0593432	0.00987438	0.000241337	0.00131079	0.121866	0.0203839	0.000586114	0.23472	0.000823122	0.248494	0.060194	0.00111801	0.0011599	0.000944057	0.000778261	0.0132777	0.0200314	0.193295	0.00463823	0.00692008
92	0.278502	0.00505298	0.000927375	0.00205117	0.182533	0.178683	0.0014244	0.0628788	0.0014993	0.0933771	0.0468501	0.00245209	0.0216045	0.00146316	0.00163756	0.00944821	0.0523167	0.0477973	0.00120479	0.00829634
93	0.0638823	0.0121272	0.000216246	0.00045859	0.0374604	0.00561943	0.00017068	0.385465	0.00036037	0.179734	0.0390532	0.000381896	0.00109519	0.000305859	0.000415225	0.0121818	0.0224367	0.236265	0.000752538	0.00161794
94	0.167555	0.0100633	0.000336424	0.00409077	0.00548033	0.698717	0.00242043	0.00427407	0.000639244	0.00303185	0.00436266	0.00209422	0.00224929	0.000719578	0.000577251	0.0691265	0.011134	0.00704676	0.00326721	0.00281417
95	0.179096	0.0135755	0.00026613	0.000506068	0.0784741	0.0164261	0.00042119	0.141108	0.000324931	0.100391	0.0378314	0.00212417	0.00030747	0.000369124	0.000372952	0.0611531	0.0945183	0.271836	0.000327692	0.0005715
96	0.0449929	0.00104092	0.000402179	0.00470693	0.159798	0.016187	0.00234385	0.275206	0.00572344	0.214344	0.0235546	0.00173052	0.0063738	0.00750148	0.00482194	0.0103776	0.00881786	0.131276	0.0337324	0.0470684
97	0.0851606	0.00920152	0.000176407	0.00465366	0.0025552	0.82623	0.00237367	0.00150202	0.000276061	0.0012966	0.000696149	0.00244454	0.0023237	0.000326337	0.000383006	0.05082	0.00151755	0.00123042	0.00415836	0.00267436
98	0.051819	0.00670831	0.112665	0.24912	0.00142344	0.0287537	0.0140404	0.00949407	0.085486	0.0278133	0.00868788	0.0739714	0.000684915	0.0951671	0.0409494	0.102139	0.0739878	0.0056749	0.00299411	0.00842041
99	0.178907	0.0133252	0.000254297	0.000439901	0.0767898	0.0169329	0.000376202	0.143579	0.000307221	0.0997625	0.037273	0.00213756	0.000344119	0.000326985	0.000362639	0.0614545	0.0926895	0.273881	0.00028415	0.000572353
100	0.0146082	0.0182571	0.000218016	0.00295633	0.0528479	0.00587182	0.000358677	0.318968	0.000274298	0.397465	0.0342188	0.000422493	0.000336427	0.000381469	0.000281808	0.006117	0.00162395	0.143828	0.000480231	0.000485622
101	0.0431385	0.00315975	0.000263263	0.000676229	0.126624	0.0176713	0.000317494	0.169532	0.000457502	0.320205	0.13124	0.00147196	0.000512628	0.000841025	0.00118935	0.0128472	0.0292798	0.125196	0.00449338	0.0108852
102	0.0990564	0.00955173	0.000213296	0.00470124	0.0025383	0.784061	0.00255756	0.00219646	0.000453382	0.00154886	0.00132699	0.00230125	0.00224613	0.000375736	0.000511667	0.0721293	0.00491763	0.00256686	0.00390297	0.00284305
103	0.0301879	0.00986348	0.000487978	0.00232493	0.107971	0.0113606	0.00148216	0.216331	0.00123787	0.34291	0.0596546	0.00229175	0.00197694	0.00156235	0.000943287	0.0106784	0.0164672	0.167705	0.00545676	0.00910548
104	0.263633	0.0129478	0.000312611	0.00377075	0.00402303	0.527726	0.0025741	0.00741392	0.00152407	0.00352139	0.00796147	0.00164815	0.00190311	0.00117191	0.00103245	0.110732	0.0269102	0.0157515	0.00230308	0.00314019
105	0.0426504	0.00321828	0.000285145	0.000553038	0.117819	0.0193046	0.000328615	0.162801	0.000645289	0.334225	0.138408	0.00142544	0.000467953	0.00166615	0.00158322	0.0135844	0.0364594	0.105589	0.00551616	0.0134698
106	0.0048754	0.000874413	0.000245777	0.0010164	0.0206634	0.00152494	0.000380993	0.231432	0.000301194	0.550816	0.109348	0.000807407	0.000533369	0.000785803	0.000312189	0.00175357	0.00725861	0.065323	0.000599722	0.00114771
107	0.0307092	0.0107127	0.000834888	0.00173023	0.224721	0.0104876	0.00118404	0.1347	0.00257346	0.286273	0.117605	0.00252289	0.00210773	0.00738532	0.0021556	0.0147594	0.0285509	0.0804861	0.0140718	0.0264292
108	0.019921	0.00747042	0.000465191	0.0008448	0.200099	0.00410732	0.000752303	0.126536	0.00179032	0.299299	0.103067	0.0030058	0.00143298	0.0168939	0.00132643	0.0159128	0.0553609	0.0642823	0.00566987	0.0717632
109	0.0903535	0.0094387	0.000201704	0.00492328	0.00257361	0.808581	0.00287278	0.0022388	0.000529645	0.0015528	0.000750274	0.00252328	0.00250074	0.000449322	0.000527758	0.0572493	0.00336717	0.00182692	0.0041409	0.003398
110	0.00451034	0.00112749	0.000251263	0.00107634	0.0207655	0.0017137	0.000333433	0.234328	0.000359336	0.552218	0.109799	0.00069089	0.000378908	0.00105693	0.000326868	0.00161664	0.00646761	0.0616505	0.000369856	0.000959909
111	0.0464275	0.00532571	0.116434	0.229702	0.00138089	0.0335772	0.0139754	0.00900112	0.0835244	0.0217903	0.00510518	0.0766754	0.00118139	0.0875999	0.0357652	0.132105	0.0809428	0.00681954	0.00385068	0.00881566
112	0.0583589	0.0095278	0.00037801	0.000491435	0.116255	0.0157246	0.000344344	0.125054	0.000915774	0.32591	0.134647	0.00110986	0.00139255	0.00376217	0.0055636	0.0171066	0.0627412	0.0726668	0.0204198	0.0276305
113	0.00960392	0.00257766	0.000761895	0.00430192	0.0178937	0.00349537	0.000927485	0.281588	0.00161289	0.383427	0.189141	0.00174727	0.000872603	0.00729334	0.00160146	0.0059999	0.0109659	0.0727499	0.000945606	0.00249331
114	0.0172028	0.00206748	0.0444662	0.035928	0.00219737	0.0968329	0.00949302	0.00379622	0.125569	0.00413482	0.00210301	0.0656808	0.00165608	0.0370278	0.0600088	0.377962	0.106886	0.00381909	0.00130042	0.00186865
115	0.0450883	0.00109234	0.000406478	0.00495445	0.163812	0.0160662	0.00228799	0.272246	0.00545678	0.215171	0.0234582	0.00171912	0.00659239	0.00723733	0.00460724	0.0102341	0.0091535	0.129944	0.0333433	0.0471285
116	0.0521109	0.00729732	0.00039303	0.00118685	0.139687	0.0277846	0.000995634	0.117428	0.00124537	0.497788	0.0229533	0.00613966	0.0108975	0.0142252	0.00117823	0.0102654	0.00649298	0.0355684	0.0121314	0.0342319
117	0.353601	0.0235884	0.00586558	0.0189276	0.019538	0.132627	0.00485433	0.0360625	0.00426686	0.0165927	0.0162137	0.00993824	0.0269315	0.00975719	0.0024871	0.183614	0.0885951	0.0361747	0.00130289	0.00906036
118	0.017114	0.00529348	0.000144401	0.00202499	0.0209829	0.00100808	0.000243866	0.326984	0.000277969	0.160369	0.0387289	0.000468316	0.000435093	0.000247652	0.00209693	0.00601145	0.0348009	0.37616	0.00371983	0.00288812
119	0.0500981	0.00289901	0.000409157	0.000693688	0.105521	0.0245259	0.000549291	0.106828	0.000543065	0.613774	0.0235117	0.00181269	0.00215774	0.00322843	0.000591802	0.00422701	0.00859797	0.0430647	0.00162081	0.00534616
120	0.178716	0.0132453	0.000284955	0.000469451	0.0746535	0.0164016	0.00041174	0.141208	0.000304492	0.100295	0.0367958	0.00203981	0.000310999	0.000317646	0.000365621	0.062036	0.0960726	0.275237	0.00026437	0.000570138
121	0.0884504	0.00929596	0.000169377	0.00464989	0.00270841	0.818743	0.00260874	0.00183057	0.000345357	0.00136368	0.000728693	0.00244212	0.0024621	0.000390787	0.000461054	0.0526946	0.00213112	0.00143255	0.00416692	0.00292422
122	0.285011	0.0156947	0.00040627	0.000662996	0.0610403	0.051388	0.000407506	0.0836705	0.000763461	0.144723	0.0783881	0.00210106	0.00152812	0.000744269	0.000609721	0.0276448	0.11559	0.128089	0.000461371	0.00107524
123	0.127023	0.0154578	0.000396757	0.000608546	0.0928284	0.108158	0.000528779	0.174292	0.000670292	0.187831	0.0246653	0.00102996	0.000655801	0.000597576	0.000537614	0.0137861	0.0131028	0.236561	0.000398543	0.000870381
124	0.0438355	0.00477279	0.000323543	0.000874768	0.137164	0.0157546	0.000465117	0.18159	0.000633699	0.295899	0.110278	0.00148714	0.000672017	0.000800116	0.000869698	0.0133801	0.0290877	0.149211	0.0038797	0.00902131
125	0.0478836	0.12769	0.00562495	0.00634735	0.0271384	0.0250476	0.00467802	0.041986	0.00790629	0.0364672	0.0302295	0.0158731	0.0127007	0.00605747	0.00628521	0.0724154	0.466502	0.0428417	0.0086213	0.00770409
126	0.303452	0.0159341	0.000515959	0.000995277	0.0634837	0.106842	0.000563416	0.08133	0.000676807	0.148608	0.0725337	0.00233944	0.00264679	0.000929108	0.000925898	0.0196477	0.0600265	0.116566	0.000551297	0.00143164
127	0.051656	0.0105479	0.000130355	0.000614893	0.0309246	0.00389519	0.000113356	0.373955	0.000209391	0.174822	0.0427826	0.000279309	0.000794672	0.000227724	0.000634285	0.0096227	0.0256153	0.270163	0.00122435	0.00178707
128	0.0246397	0.00644654	0.00014428	0.00151748	0.0218048	0.00179318	0.000169467	0.358994	0.000186354	0.166528	0.0444988	0.000342893	0.00049718	0.000471314	0.00151709	0.00655761	0.0301169	0.328981	0.00254423	0.00224978
129	0.0244932	0.0128082	0.0266517	0.0867245	0.01536	0.0141232	0.169653	0.0152414	0.0274056	0.0398531	0.00969527	0.108698	0.00314985	0.264372	0.0223449	0.0370748	0.0278797	0.0129826	0.00278262	0.0787061
130	0.101131	0.00297936	0.000355378	0.000589177	0.00165789	0.0636852	0.000433033	0.00343958	0.000589489	0.00271209	0.00646257	0.000670914	0.000462862	0.000601471	0.00214649	0.762209	0.0445103	0.00414094	0.000424082	0.000798406
131	0.104404	0.00319045	0.000375022	0.000857161	0.00169764	0.0652199	0.000789153	0.00349917	0.000791589	0.00272562	0.00639341	0.000925655	0.000469414	0.000680752	0.00220915	0.754962	0.044759	0.00454685	0.000430294	0.0010736
132	0.100692	0.00295218	0.000355388	0.000589471	0.0016632	0.0637217	0.000414818	0.00338153	0.000589495	0.0026933	0.00641678	0.000670747	0.000460357	0.000601048	0.00213346	0.762917	0.0444535	0.00410209	0.00042605	0.000765717
133	0.465667	0.012768	0.000304581	0.000993993	0.0109212	0.0488287	0.000526709	0.0239828	0.00195022	0.0253389	0.026613	0.0021668	0.0027627	0.00350235	0.00272031	0.150624	0.108508	0.110255	0.00058982	0.000975911
134	0.119232	0.0030086	0.00428432	0.00169171	0.0373612	0.00852156	0.00129722	0.0446116	0.00190906	0.0187119	0.0224156	0.00271919	0.00193325	0.0023054	0.00177473	0.217955	0.439311	0.0682056	0.000990517	0.00176001
135	0.0334565	0.0105835	0.00171032	0.00252686	0.0726504	0.00688309	0.0016584	0.215293	0.00234969	0.15575	0.0857264	0.00246432	0.00185653	0.00262431	0.00158559	0.0238231	0.176907	0.19672	0.00166595	0.00376487
136	0.472335	0.0183329	0.000805929	0.00360693	0.00435364	0.100571	0.00295759	0.0157525	0.00407963	0.00648875	0.0228191	0.00184566	0.00326888	0.0033065	0.00200639	0.20616	0.0831178	0.0447584	0.000285239	0.00314888
137	0.0182993	0.0123416	0.000187235	0.00260101	0.0384514	0.00446639	0.000998216	0.326372	0.000646558	0.323382	0.0381935	0.00162432	0.000908933	0.000389767	0.000642462	0.00628204	0.0104241	0.208427	0.00250101	0.00286162
138	0.130319	0.0122534	0.00116889	0.00159301	0.0616186	0.0115776	0.00137492	0.16509	0.000467469	0.128677	0.0383151	0.00164842	0.000615569	0.00043552	0.00061606	0.0504355	0.103438	0.287256	0.000941449	0.00215802
139	0.0132254	0.00326302	0.00106607	0.0192958	0.011395	0.00587323	0.00161746	0.340035	0.00277842	0.247343	0.167356	0.00456465	0.00222553	0.0706934	0.00207802	0.0096823	0.0133799	0.0757447	0.00230784	0.00607539
140	0.047413	0.0103157	0.000125248	0.000672291	0.036932	0.00355321	0.00014776	0.36566	0.000209217	0.165278	0.0449417	0.000281293	0.00102281	0.000239214	0.000717712	0.0104777	0.0293888	0.278648	0.00145576	0.00252135
141	0.243502	0.00509501	0.00150879	0.00283012	0.169618	0.124737	0.00233163	0.0389646	0.00268232	0.0709587	0.0446823	0.00426438	0.155893	0.00330904	0.00295678	0.0140022	0.0284318	0.0308946	0.0187652	0.034573
142	0.0281706	0.00513703	0.000276205	0.00218232	0.0506787	0.00449811	0.00455469	0.271918	0.00238328	0.293097	0.0597574	0.00558308	0.00485971	0.000778633	0.000832329	0.0113272	0.016931	0.20719	0.0140526	0.0157919
143	0.0248671	0.00682892	0.000138131	0.00146545	0.0234203	0.00148216	0.000151368	0.336578	0.000209629	0.157118	0.0410281	0.000243039	0.000569491	0.000216889	0.00158659	0.00680812	0.0339416	0.357864	0.00313568	0.00234652
144	0.0226641	0.0172716	0.000308775	0.000518809	0.212003	0.00362834	0.000451227	0.11114	0.000540735	0.439053	0.0616241	0.00136654	0.00203194	0.00507826	0.000584006	0.00746232	0.0109615	0.0355901	0.0020456	0.0656767
145	0.0864741	0.00929715	0.000183303	0.004619	0.00262938	0.824325	0.00240214	0.00153444	0.0002795	0.00131528	0.000696837	0.00243892	0.00231669	0.000344667	0.000398414	0.0510203	0.00161998	0.00124961	0.00415465	0.00270049
146	0.260385	0.025197	0.0301515	0.0543307	0.0254679	0.0537289	0.00421696	0.0642838	0.00727581	0.019752	0.0280723	0.0301782	0.0221501	0.0646951	0.00598451	0.159165	0.0869043	0.0455095	0.0019432	0.0106091
147	0.112536	0.00651775	0.0142141	0.020774	0.0116087	0.0681065	0.0476592	0.0268794	0.0332192	0.0291719	0.0128426	0.283882	0.0186457	0.0208915	0.0236162	0.128513	0.0613626	0.0591985	0.00501555	0.0153456
148	0.0120607	0.00368789	0.000329388	0.000573397	0.00522627	0.00160818	0.000360862	0.641494	0.000429593	0.0445943	0.0209189	0.000569264	0.00048564	0.000568163	0.000528984	0.00910756	0.0117457	0.244222	0.00065216	0.000837022
149	0.044914	0.0145666	0.0571757	0.0115934	0.0207727	0.0234217	0.00607688	0.087749	0.0424086	0.0382254	0.019693	0.0122288	0.218165	0.00820947	0.0170005	0.0539527	0.221743	0.0866905	0.00635552	0.00905725
150	0.347947	0.00683643	0.00465487	0.0109936	0.00803075	0.0333691	0.00281043	0.0194824	0.002726	0.0187249	0.00830281	0.0277264	0.112026	0.00486532	0.00254944	0.229673	0.113734	0.0392482	0.00107888	0.00522091
151	0.0303092	0.00146098	0.000504628	0.00970674	0.0245243	0.00525921	0.00423123	0.216054	0.00276216	0.337303	0.104912	0.0181943	0.00318448	0.00451091	0.00102092	0.00815771	0.0135079	0.187242	0.008452	0.0187025
152	0.00470526	0.00362899	0.000261275	0.00113984	0.0236011	0.00194562	0.000310295	0.264115	0.000270903	0.531831	0.088853	0.000497518	0.000290215	0.00065598	0.000285259	0.00203575	0.00493938	0.0699011	0.000231693	0.00050122
153	0.509114	0.0154374	0.000250222	0.000768131	0.00324652	0.0676507	0.000655465	0.0102943	0.00173957	0.00411891	0.0178572	0.00132279	0.00318054	0.00180552	0.00173465	0.261411	0.0622642	0.0360627	0.000202657	0.000883906
154	0.443386	0.0166808	0.0002455	0.000985502	0.0033924	0.0774942	0.000867433	0.0127409	0.00215949	0.00391481	0.0227307	0.000509979	0.00109613	0.00220706	0.0013448	0.302492	0.0696854	0.0366859	0.000234223	0.00114734
155	0.0628691	0.0120147	0.00020755	0.000477561	0.0393407	0.00610884	0.000200659	0.37824	0.000351598	0.183537	0.0405611	0.000433524	0.00098323	0.000278549	0.000432042	0.0122832	0.0222902	0.237046	0.000716767	0.00162712
156	0.0934486	0.00574795	0.00989362	0.0253676	0.0117017	0.306648	0.00891034	0.0435698	0.0379594	0.0183656	0.0103079	0.0541164	0.0525026	0.0277785	0.0177378	0.096004	0.103097	0.0597024	0.00313154	0.014009
157	0.485795	0.0166393	0.000509939	0.00110916	0.00418136	0.0901832	0.00107432	0.0140699	0.00646007	0.00516379	0.0317015	0.00103115	0.00153226	0.00524117	0.00131559	0.189982	0.0962857	0.0463177	0.000279717	0.00112704
158	0.0410234	0.000849239	0.017745	0.0266281	0.0016111	0.04211	0.0194256	0.00669478	0.0558666	0.00768328	0.00158153	0.35736	0.0195686	0.0246643	0.0387233	0.227689	0.0904085	0.0139922	0.00438149	0.00199364
159	0.0578024	0.00112559	0.0285212	0.046487	0.00372269	0.0391405	0.0188771	0.0104929	0.0559392	0.00970165	0.00342795	0.289546	0.0208297	0.0260586	0.0398546	0.212849	0.106617	0.0189514	0.00339451	0.00665999
160	0.297765	0.015829	0.00052177	0.00732918	0.00449305	0.370828	0.00925386	0.0154856	0.00447037	0.00792554	0.00578241	0.00200244	0.00292639	0.00164862	0.00254249	0.170975	0.0479695	0.0204884	0.00173387	0.0100296
161	0.0119859	0.00555644	0.000390728	0.00554881	0.00183308	0.00923115	0.0300794	0.00774975	0.32546	0.00331047	0.00180856	0.0236232	0.000611905	0.0954549	0.419927	0.0317022	0.0115859	0.0129678	0.000465806	0.00070776
162	0.014886	0.00688612	0.00419113	0.0131079	0.00203201	0.00912541	0.0283769	0.00781217	0.316002	0.00552343	0.00388265	0.0289109	0.000667996	0.107565	0.392078	0.0324053	0.0132181	0.0121429	0.000477954	0.000708718
163	0.268669	0.00471228	0.000593522	0.000870084	0.00559339	0.0136882	0.0006073	0.0288283	0.000799561	0.0464013	0.020972	0.0011771	0.00074718	0.00192777	0.00175822	0.0724512	0.309102	0.21947	0.00056562	0.00106623
164	0.519397	0.0177162	0.000437665	0.000560169	0.00819057	0.070988	0.000611754	0.0151371	0.00225478	0.00774817	0.0317907	0.00127735	0.00246248	0.00269526	0.00183776	0.187155	0.0775916	0.0506907	0.000530686	0.00092715
165	0.0611605	0.0110463	0.000412206	0.000551878	0.117533	0.0155061	0.000375773	0.120842	0.000884954	0.326484	0.133874	0.00113034	0.00143709	0.00357306	0.00652544	0.0158384	0.0589447	0.0740657	0.021547	0.0282663
166	0.179951	0.0132486	0.000251279	0.000446765	0.0778882	0.0169169	0.00038084	0.141605	0.000306635	0.0997109	0.0382603	0.00225538	0.000331719	0.000336099	0.000365184	0.0620407	0.0925079	0.272299	0.000337462	0.000559186
167	0.0114299	0.020323	0.00151985	0.0279737	0.0256919	0.00698928	0.363737	0.0118696	0.00239243	0.0644424	0.00673151	0.113181	0.0026745	0.0930881	0.0203067	0.00921013	0.00895182	0.0113633	0.00159145	0.196532
168	0.051415	0.0226433	0.000778951	0.00143045	0.144717	0.00757271	0.0011318	0.155821	0.000652918	0.209171	0.0816619	0.00118716	0.00136199	0.00095542	0.00102476	0.033134	0.103689	0.174199	0.00333121	0.00412222
169	0.0437325	0.00352263	0.000282032	0.000511019	0.11456	0.0192118	0.000291464	0.159385	0.000715356	0.333849	0.141395	0.0013948	0.000494531	0.00200688	0.00185203	0.0137177	0.0401791	0.100726	0.00668049	0.0154917
170	0.0266905	0.00844692	0.00317493	0.0060243	0.19688	0.0149869	0.00580279	0.178317	0.00591433	0.0576671	0.0288905	0.057296	0.0075387	0.00925633	0.00670091	0.0288732	0.0712884	0.0810103	0.00553504	0.199705
171	0.0436481	0.00221036	0.0820134	0.0788749	0.00261533	0.0552505	0.0121242	0.0110363	0.100403	0.0108744	0.0055234	0.236212	0.020383	0.0319687	0.0348316	0.192755	0.063739	0.00990927	0.00284664	0.00278013
172	0.0185365	0.00571556	0.000149592	0.0017242	0.0216419	0.000993529	0.000153213	0.32477	0.000237399	0.156013	0.0390885	0.00028926	0.000468183	0.000271721	0.00183885	0.00654911	0.036105	0.379155	0.00387912	0.00242086
173	0.0547014	0.0191567	0.000487627	0.000835567	0.138357	0.00726606	0.000771278	0.211221	0.0004368	0.182395	0.0723127	0.00088313	0.00144013	0.000465694	0.000520683	0.0365906	0.101998	0.167476	0.00125358	0.00142999
174	0.151136	0.0109746	0.00892548	0.0305879	0.0159674	0.211642	0.0144366	0.0559413	0.0267439	0.0260426	0.0154923	0.0186773	0.014146	0.00879764	0.043636	0.166119	0.0971768	0.0387713	0.00241322	0.042373
175	0.323834	0.00330678	0.000547535	0.000858865	0.0117525	0.0193998	0.000617591	0.0317627	0.000847098	0.0513887	0.0264241	0.00121039	0.000594417	0.00482544	0.00461629	0.111159	0.19443	0.21111	0.000501344	0.000813472
176	0.0585583	0.0120351	0.000141493	0.000450852	0.0366822	0.00549666	0.000137999	0.375118	0.00021864	0.177882	0.0425291	0.000336791	0.000972017	0.000234897	0.000459908	0.0117268	0.0239359	0.25045	0.000908231	0.00172466
177	0.0194724	0.00114936	0.00040259	0.00289171	0.0419921	0.00282439	0.00957225	0.258658	0.00450284	0.308502	0.0460978	0.0104162	0.0101335	0.0011684	0.00106616	0.0110116	0.0132028	0.204234	0.0238788	0.0288238
178	0.0759918	0.0208581	0.000978322	0.00152359	0.179786	0.0217313	0.0013259	0.163564	0.00190492	0.135326	0.124197	0.00296689	0.00195429	0.0042858	0.00249758	0.0154646	0.0425135	0.15133	0.0434567	0.00834295
179	0.0118079	0.00456924	0.000326413	0.000888067	0.0101524	0.00200915	0.000493419	0.602954	0.000533819	0.0913565	0.0213174	0.000698045	0.0005568	0.00055111	0.000562731	0.00797443	0.0105901	0.23069	0.000943075	0.00102527
180	0.547604	0.017334	0.000252508	0.00085597	0.00364666	0.0795162	0.000703997	0.0126581	0.00201389	0.00500584	0.020855	0.00110205	0.00267455	0.00208179	0.00151034	0.19684	0.0647597	0.0395238	0.000222924	0.000838849
181	0.0778241	0.00507828	0.00125225	0.0030889	0.0620486	0.0232885	0.00176561	0.158019	0.00200485	0.18805	0.13234	0.0837792	0.00165767	0.002842	0.00227439	0.0173518	0.0366712	0.191825	0.00284051	0.00599907
182	0.2047	0.0113768	0.000653174	0.000875384	0.0802212	0.031285	0.000761379	0.119476	0.000705939	0.110156	0.0491621	0.00593543	0.000894787	0.00116166	0.00142771	0.0659969	0.0868347	0.226935	0.000513066	0.000928927
183	0.0147395	0.0200966	0.00325763	0.0288466	0.0242964	0.00960427	0.364136	0.0138225	0.00445797	0.0599764	0.00831753	0.119479	0.00313862	0.086854	0.0198415	0.0152384	0.0134571	0.0153048	0.0014536	0.173682
184	0.0325607	0.00662614	0.00552379	0.00141668	0.0262224	0.015462	0.00134488	0.0344487	0.00170449	0.0283964	0.0124049	0.00204782	0.00190031	0.00154689	0.00142954	0.191365	0.600276	0.0327849	0.00104596	0.00149239
185	0.0549287	0.0192241	0.000511922	0.000836108	0.13753	0.0071428	0.000802613	0.212784	0.000433012	0.180871	0.0718532	0.000911409	0.00145378	0.000469451	0.000505159	0.0370223	0.102594	0.167578	0.00124546	0.00130373
186	0.0334642	0.0104303	0.00409095	0.00911229	0.307406	0.0188545	0.00767586	0.0622659	0.00798935	0.140451	0.0357045	0.00993669	0.00775344	0.00814674	0.00646495	0.117984	0.0318564	0.046459	0.00697805	0.126976
187	0.0418777	0.00105272	0.0192343	0.0309975	0.00194928	0.0420138	0.0193052	0.00692346	0.0585848	0.00803719	0.00181392	0.34586	0.0188351	0.0261392	0.0401208	0.225038	0.090895	0.0143936	0.00429396	0.00263451
