252	20
1	0.075192	0.0115913	0.0439426	0.0473455	0.0589789	0.0120044	0.111896	0.0591085	0.017184	0.111345	0.0319393	0.0402797	0.00457564	0.0574844	0.0596722	0.0425525	0.0498439	0.032184	0.0209558	0.111924
2	0.00997372	0.00117101	0.000602956	0.000516322	0.0185404	0.000681776	0.000551889	0.401655	0.000325022	0.204765	0.0296527	0.000652574	0.00161217	0.000649968	0.00281587	0.00290496	0.00382079	0.318291	0.000248957	0.000568685
3	0.12456	0.00482995	0.211956	0.186215	0.00415211	0.0310251	0.0226804	0.00364996	0.0265686	0.0149416	0.00949647	0.0496049	0.00959077	0.0625779	0.0817664	0.0798282	0.0443784	0.01457	0.00572927	0.0118795
4	0.110113	0.0181758	0.000784241	0.000987799	0.00919218	0.00730175	0.00189751	0.229143	0.000649358	0.112031	0.0437255	0.00179939	0.00133577	0.0133399	0.00174088	0.0193138	0.0651819	0.360081	0.000799807	0.00240642
5	0.0467977	0.0195351	0.000532051	0.000989584	0.0736568	0.00152828	0.00605728	0.229266	0.000433987	0.237699	0.075446	0.00438505	0.00707712	0.0139921	0.00120423	0.00949904	0.0478901	0.202423	0.00406969	0.0175185
6	0.0513505	0.0217928	0.000580285	0.00105371	0.0773802	0.00113642	0.00680309	0.221293	0.000471526	0.229324	0.0679103	0.00477525	0.00765819	0.0153589	0.00117148	0.0108631	0.0554184	0.202169	0.00427051	0.0192201
7	0.216427	0.0830329	0.00287939	0.00256521	0.012079	0.0503734	0.0366047	0.0421711	0.00114164	0.0330168	0.00913916	0.0546902	0.0820898	0.00252903	0.00198108	0.211903	0.0847081	0.0693618	0.00111039	0.0021963
8	0.116615	0.00909496	0.131766	0.0695989	0.00936051	0.200294	0.0244791	0.00973355	0.016555	0.023363	0.0105925	0.0548253	0.016256	0.0276737	0.0352585	0.174424	0.0487438	0.0111629	0.00356133	0.00664227
9	0.029248	0.00158043	0.00068673	0.000689359	0.0558229	0.0013068	0.00121952	0.191507	0.000495247	0.406535	0.187898	0.00447888	0.00532435	0.00997329	0.0011333	0.00206175	0.0252507	0.0715508	0.00150475	0.00173285
10	0.220771	0.0822981	0.00362312	0.00297174	0.0115133	0.0506809	0.0360363	0.0411896	0.00123598	0.0316322	0.00919741	0.0589162	0.0782754	0.00252481	0.00239734	0.210333	0.0849802	0.0681551	0.00110967	0.00215869
11	0.367627	0.0152938	0.0138049	0.00882284	0.00570277	0.343	0.00468993	0.0131484	0.00272099	0.0171328	0.0114042	0.00842386	0.0126803	0.00742774	0.00554269	0.100198	0.0306471	0.0279687	0.000920465	0.00284394
12	0.0175187	0.0502081	0.0278146	0.00591044	0.055677	0.00627374	0.0497807	0.217931	0.00361227	0.0187237	0.0305802	0.0300359	0.00383278	0.0518423	0.0286586	0.033105	0.0321678	0.304922	0.00312984	0.028276
13	0.166961	0.00192403	0.0120018	0.0218185	0.0143934	0.0355943	0.00133469	0.0322534	0.0144771	0.0586506	0.0275727	0.00387177	0.370071	0.0251403	0.0336369	0.0717174	0.0382995	0.0501054	0.000732104	0.0194446
14	0.0514924	0.0154574	0.0261261	0.0505192	0.0377307	0.0113072	0.076075	0.0338912	0.0353998	0.0630511	0.0342032	0.0303565	0.00658058	0.0707294	0.240627	0.036648	0.0415632	0.0405454	0.0131853	0.084511
15	0.118447	0.0115935	0.0452369	0.0245199	0.00565391	0.532223	0.0160149	0.00930485	0.0133289	0.0133504	0.00863511	0.03466	0.00842312	0.0138984	0.00993047	0.103322	0.0144904	0.0107558	0.00145532	0.00475573
16	0.0643132	0.00965939	0.040383	0.0472833	0.00981581	0.0379311	0.0345056	0.0200206	0.209457	0.0314509	0.0178337	0.0541153	0.0113075	0.0726921	0.220786	0.040365	0.0298508	0.030788	0.00513007	0.012311
17	0.0871791	0.01144	0.0333124	0.0272232	0.0242973	0.0136894	0.0355096	0.118886	0.0194319	0.11956	0.0477729	0.0185458	0.00888829	0.0461123	0.111752	0.021719	0.06524	0.122646	0.0280827	0.0387131
18	0.0458431	0.0177138	0.000550543	0.000931175	0.0684408	0.00109189	0.00578121	0.228903	0.000420863	0.25087	0.0778577	0.00459589	0.00626055	0.0133315	0.00126966	0.00983356	0.0487916	0.197594	0.00410153	0.0158169
19	0.0970661	0.00625004	0.0959512	0.100474	0.0205744	0.0373283	0.05381	0.0157698	0.030308	0.0559999	0.0181724	0.0569942	0.0263555	0.0968762	0.0842907	0.0846589	0.0704814	0.0194942	0.00650621	0.0226386
20	0.0230166	0.00111464	0.000681133	0.000704377	0.0562914	0.00112874	0.000976687	0.19884	0.000530124	0.410707	0.188475	0.00378599	0.0039443	0.00762371	0.000863916	0.00186833	0.0218788	0.0745057	0.00159936	0.00146346
21	0.288753	0.0422403	0.00456423	0.00477132	0.00857727	0.0342138	0.0117062	0.0301159	0.00318895	0.0379443	0.00799999	0.0174754	0.268939	0.00697626	0.00744571	0.118848	0.0462377	0.0520635	0.00343304	0.0045067
22	0.0824041	0.00905675	0.0436417	0.050331	0.03616	0.0282505	0.0836773	0.0364585	0.0355541	0.0966914	0.0331805	0.0789463	0.0090716	0.0965857	0.0662625	0.0626713	0.0691316	0.0292959	0.00674651	0.0458826
23	0.253979	0.0149481	0.0204693	0.00759588	0.00364447	0.0561501	0.00665513	0.0173026	0.00110639	0.00684894	0.00818994	0.0634182	0.00615972	0.00520728	0.00186353	0.409193	0.0777282	0.0296736	0.00131787	0.00854884
24	0.102612	0.0168911	0.000762674	0.000803478	0.00356431	0.00607673	0.00125368	0.229169	0.000468977	0.0944911	0.03806	0.0014167	0.000575887	0.0136013	0.00137446	0.0170973	0.0639995	0.4063	0.000575405	0.000906653
25	0.0573841	0.0150163	0.00426003	0.00824748	0.115267	0.00256455	0.012487	0.13021	0.00130085	0.214221	0.102171	0.00544193	0.00769969	0.0403181	0.0210812	0.0195975	0.0289793	0.119059	0.00663603	0.0880582
26	0.174318	0.00466544	0.00428713	0.00403057	0.0541767	0.144777	0.00423742	0.0750291	0.00234378	0.139402	0.042031	0.0321934	0.00319245	0.00469754	0.0220777	0.091445	0.0556402	0.0981645	0.00157585	0.0417144
27	0.051143	0.0253052	0.00120572	0.00144246	0.054015	0.00213225	0.012568	0.155431	0.000790943	0.236886	0.113665	0.00900477	0.0109703	0.0284928	0.00229152	0.0120391	0.0850313	0.182403	0.0023147	0.0128677
28	0.122427	0.0202276	0.0750688	0.0215102	0.00531931	0.119396	0.0209039	0.00735112	0.00728101	0.014883	0.0129712	0.0788038	0.00456047	0.00786474	0.02053	0.333869	0.108007	0.0121935	0.00356652	0.00326567
29	0.054801	0.022019	0.000495314	0.000960575	0.0606704	0.00145346	0.00730204	0.218768	0.000413593	0.20782	0.0700974	0.00516034	0.00655725	0.0177988	0.000990538	0.0117188	0.064081	0.231377	0.00318463	0.0143303
30	0.079028	0.0144482	0.0574959	0.0514551	0.0291087	0.0330997	0.0736186	0.0224582	0.0351139	0.0790033	0.0297998	0.102881	0.0101654	0.0758201	0.0700204	0.0735608	0.104377	0.0222951	0.00975375	0.0264968
31	0.141849	0.00643772	0.159063	0.104993	0.0142581	0.0780033	0.0266941	0.0147668	0.0186737	0.0435383	0.0093623	0.0497934	0.0284436	0.0525922	0.0670057	0.105108	0.0542863	0.0114267	0.00512258	0.00858265
32	0.0493486	0.00326567	0.491197	0.182333	0.00343964	0.031493	0.0210249	0.0165349	0.00833562	0.00961595	0.00460159	0.0728436	0.0079749	0.0158094	0.0214793	0.0232774	0.0135895	0.00875937	0.00219705	0.0128798
33	0.153168	0.00389086	0.00901095	0.0148456	0.0100266	0.0589553	0.00199692	0.0392456	0.0179507	0.04193	0.0284068	0.00383867	0.335174	0.0259559	0.0546719	0.104265	0.0380277	0.0426991	0.000677647	0.0152632
34	0.0594348	0.00558393	0.456993	0.107925	0.00889596	0.0382957	0.034764	0.0151993	0.0107658	0.0185907	0.00979656	0.0762981	0.0103345	0.0222746	0.0306208	0.0394048	0.0232463	0.014796	0.00354198	0.0132387
35	0.0855474	0.0666652	0.00657107	0.00721574	0.0257887	0.0303668	0.0607141	0.0964886	0.0211576	0.210528	0.137081	0.040171	0.0038241	0.0115574	0.0449269	0.0110831	0.0193646	0.100718	0.00316682	0.0170641
36	0.0114023	0.00344228	0.0167074	0.0261358	0.0586672	0.0173524	0.028465	0.0770532	0.0851779	0.0810611	0.0411048	0.0039755	0.00205779	0.017018	0.223768	0.0190479	0.0205289	0.157591	0.0274576	0.0819854
37	0.408123	0.0151372	0.00313418	0.00306128	0.00335909	0.0170732	0.00247713	0.0307096	0.00182249	0.067355	0.00416902	0.00347842	0.306562	0.00437365	0.00328737	0.029967	0.0204181	0.062276	0.0104349	0.00278191
38	0.0290062	0.00977104	0.122789	0.0416867	0.00880998	0.00991755	0.008012	0.307342	0.00745317	0.103422	0.0159298	0.00991151	0.00656525	0.0139479	0.0151143	0.018168	0.0523081	0.208423	0.00389602	0.00752626
39	0.166926	0.00185496	0.0131329	0.0335951	0.0175446	0.0323248	0.00150952	0.0296722	0.0151306	0.0666591	0.0282748	0.00398764	0.357406	0.0243151	0.0309968	0.0705914	0.0363626	0.0449516	0.00083103	0.0239342
40	0.0909236	0.0118967	0.0798245	0.0336885	0.00656462	0.148702	0.0422129	0.00563206	0.0223301	0.0220096	0.0122862	0.0906474	0.0077212	0.0211339	0.0655603	0.218324	0.105785	0.00922755	0.00264441	0.00288575
41	0.0847823	0.00701492	0.0268947	0.0114758	0.0032377	0.0589523	0.00733454	0.00772533	0.00345226	0.00820471	0.0134627	0.047988	0.00190049	0.0130719	0.00558314	0.608941	0.0744846	0.00858499	0.00146747	0.00544137
42	0.0567471	0.0218557	0.00083295	0.00206158	0.0654934	0.00300588	0.00651764	0.203598	0.00116873	0.257524	0.0738348	0.00557625	0.0161061	0.0192393	0.00382457	0.00988442	0.0449502	0.183393	0.00329453	0.0210918
43	0.612085	0.0120724	0.00249638	0.0014457	0.00435617	0.146649	0.00167618	0.0108045	0.000795793	0.0181639	0.00965811	0.00382153	0.00148573	0.0014495	0.00138123	0.0762793	0.0513294	0.042613	0.000388886	0.00104901
44	0.0706289	0.021267	0.00869152	0.0199131	0.10864	0.00527937	0.0215704	0.102372	0.00353141	0.187542	0.10964	0.00899089	0.00711138	0.0634408	0.0269798	0.0199029	0.0243758	0.100457	0.00769563	0.0819694
45	0.0357643	0.00975379	0.000494542	0.000653817	0.0332094	0.00107837	0.00223712	0.278661	0.000338502	0.228732	0.0377941	0.00180178	0.00341525	0.00587677	0.00250477	0.00510075	0.0230174	0.322306	0.00156148	0.00569859
46	0.0517653	0.0166633	0.00136818	0.00375083	0.0909504	0.00264526	0.00566536	0.164158	0.000859363	0.232935	0.107104	0.00518468	0.0135814	0.0366887	0.0116046	0.0132182	0.0392399	0.154203	0.00323333	0.0451816
47	0.0815298	0.0688367	0.00336291	0.00321981	0.0218378	0.0131571	0.044235	0.100973	0.00901533	0.214421	0.143524	0.0419872	0.0047391	0.0100928	0.0177736	0.0110132	0.042182	0.147132	0.00201664	0.018951
48	0.178572	0.0236323	0.128849	0.0974794	0.00807544	0.0533492	0.0177587	0.00521469	0.0128246	0.015468	0.00956333	0.0716703	0.00696473	0.0283853	0.0409022	0.190614	0.0836328	0.0134528	0.00860768	0.00498294
49	0.113545	0.0136571	0.0540373	0.0361413	0.00653836	0.0575249	0.0095522	0.00706596	0.00442321	0.00990061	0.0127659	0.0472861	0.00228662	0.0108889	0.00951681	0.511105	0.0759231	0.00954742	0.00327598	0.00501856
50	0.339511	0.0182491	0.0057192	0.00575843	0.00571305	0.0279539	0.00522586	0.0306873	0.00526999	0.0464167	0.00897726	0.00851242	0.306982	0.00852544	0.011066	0.0627815	0.0382116	0.0541983	0.00473973	0.00550134
51	0.0613096	0.012346	0.0344055	0.0426423	0.0155992	0.0167416	0.0479242	0.0189338	0.0955435	0.038455	0.0278924	0.0499725	0.00784766	0.0621115	0.345498	0.0355186	0.0325754	0.0297005	0.00508749	0.0198947
52	0.0866841	0.00676259	0.0318289	0.0492658	0.0239865	0.0365734	0.105703	0.023029	0.0303238	0.0734406	0.0245191	0.124358	0.00759355	0.0993419	0.0592878	0.0656826	0.0748866	0.033102	0.00298141	0.0406495
53	0.104583	0.0158905	0.000965402	0.00106899	0.00158282	0.00636802	0.000892887	0.222713	0.000659676	0.0871095	0.0373312	0.00116142	0.000777193	0.014926	0.00145988	0.0158029	0.0606511	0.425075	0.000298477	0.000682664
54	0.0479053	0.0116486	0.00370093	0.00588304	0.0387281	0.00545364	0.007208	0.231746	0.00314112	0.252625	0.0719369	0.00625859	0.00933234	0.0156305	0.00889623	0.0129064	0.0342227	0.218117	0.00297827	0.0116812
55	0.111951	0.0154487	0.0243728	0.0320162	0.00284275	0.0180792	0.0207937	0.00480916	0.169289	0.0245567	0.00606984	0.0689058	0.00445466	0.100365	0.247473	0.0907552	0.0127011	0.0411827	0.00125624	0.00267722
56	0.0476987	0.00392634	0.0291792	0.0392275	0.00159272	0.0157535	0.0622148	0.00255116	0.15478	0.0097253	0.00945081	0.12453	0.00122142	0.0995741	0.346639	0.0201864	0.0188909	0.0107134	0.000653064	0.00149201
57	0.0945469	0.0160998	0.000752423	0.00194311	0.00673483	0.00564802	0.00161088	0.218157	0.00142374	0.100221	0.0425593	0.00191258	0.00163524	0.0171553	0.00230754	0.0141504	0.0607707	0.410064	0.000513061	0.00179345
58	0.0153331	0.00209675	0.101229	0.0664674	0.0019787	0.525758	0.0392402	0.00302159	0.0417978	0.01006	0.00282974	0.106563	0.00137852	0.0200086	0.0146376	0.0309593	0.0103873	0.00362398	0.000850339	0.00177943
59	0.020955	0.00940338	0.0118556	0.00670493	0.166429	0.00422288	0.0114236	0.0670346	0.00203878	0.397312	0.0647291	0.00526725	0.00274799	0.00768848	0.0145559	0.011384	0.00927155	0.0438091	0.0600766	0.0830901
60	0.0418159	0.0048409	0.0295964	0.113707	0.0378845	0.00506509	0.0808701	0.00692521	0.0317187	0.0306464	0.0153752	0.0439426	0.00265823	0.15835	0.145279	0.0633929	0.10464	0.0125496	0.0131987	0.057543
61	0.324107	0.0128037	0.00466455	0.00595486	0.00513645	0.0272084	0.00278068	0.0336312	0.00511996	0.0502285	0.00954019	0.00406601	0.348162	0.00900826	0.0108434	0.0506486	0.0274017	0.0569748	0.0053645	0.0063554
62	0.103436	0.0172738	0.000907389	0.000889203	0.00166377	0.00623278	0.00102958	0.222257	0.000611537	0.0860692	0.0366317	0.00112041	0.000713738	0.0140891	0.00157596	0.0166674	0.0613845	0.426357	0.000344705	0.000745555
63	0.113137	0.0162422	0.000791178	0.000755282	0.00185255	0.00852735	0.0010237	0.221587	0.000474109	0.0884736	0.0387951	0.00104192	0.000891915	0.0134073	0.00159566	0.0169223	0.0604389	0.413089	0.000337978	0.000615817
64	0.419518	0.0129025	0.0107871	0.00442015	0.00480353	0.343191	0.00171328	0.00733472	0.000965325	0.0117634	0.00895768	0.00386936	0.00338351	0.00450276	0.00177258	0.104631	0.0297082	0.0239551	0.00055523	0.00126469
65	0.0850806	0.113541	0.00545067	0.00606226	0.113337	0.00869552	0.00774195	0.109738	0.00425319	0.0797371	0.0174546	0.00982944	0.131947	0.00995566	0.00761498	0.0175944	0.0944145	0.16651	0.00342485	0.00761804
66	0.0984578	0.0110723	0.155045	0.189567	0.0144429	0.0369587	0.0319849	0.0242311	0.0266492	0.0369404	0.0160392	0.0518492	0.0154608	0.0564007	0.0668086	0.0682562	0.043707	0.0274645	0.00765581	0.0210087
67	0.0193191	0.00112604	0.000701651	0.000686291	0.0498927	0.0010089	0.000855178	0.205768	0.000487149	0.419474	0.179371	0.00363342	0.00323574	0.00653872	0.000754126	0.00176658	0.0205765	0.082087	0.00139023	0.00132753
68	0.0947554	0.00844692	0.174079	0.193906	0.0123808	0.0452784	0.0320178	0.0206336	0.0281001	0.0299749	0.0135355	0.0567667	0.0128589	0.0571278	0.0677704	0.0601994	0.0411487	0.0248714	0.00660577	0.019542
69	0.0179195	0.0135357	0.00804541	0.00564974	0.395313	0.00505102	0.0252781	0.0335614	0.00308668	0.0981404	0.0302975	0.00743465	0.00556613	0.0104046	0.00924966	0.0191037	0.0107819	0.0249977	0.0144804	0.262103
70	0.00820608	0.00873651	0.00649184	0.00206329	0.396229	0.00278658	0.016853	0.00922084	0.00160157	0.0255909	0.0122629	0.00349011	0.0059954	0.00764362	0.00269498	0.0191196	0.00484306	0.00635372	0.014983	0.444834
71	0.0196788	0.00290763	0.000667947	0.000780227	0.0195832	0.00135643	0.000808184	0.352243	0.00051675	0.237932	0.036384	0.000985912	0.00201188	0.002219	0.00354506	0.00403264	0.0110514	0.301518	0.000537086	0.00124105
72	0.0504549	0.0222597	0.000524421	0.00102142	0.0715248	0.00107814	0.0080364	0.21354	0.000396265	0.227551	0.0719383	0.00513265	0.00772681	0.0176658	0.00104735	0.0108029	0.0609763	0.208055	0.00356568	0.0167018
73	0.0690848	0.00420143	0.0206117	0.0661591	0.00754263	0.0186636	0.0270613	0.0259634	0.0699358	0.0794079	0.0215772	0.0177521	0.0168336	0.274038	0.0777597	0.0545353	0.0603927	0.0787509	0.00157049	0.00815879
74	0.167862	0.00217849	0.0128096	0.0187197	0.0124563	0.0354624	0.0016616	0.0326144	0.0151813	0.053582	0.0245752	0.00446624	0.372657	0.025456	0.0320366	0.0709162	0.0423121	0.054981	0.000749036	0.0193226
75	0.156836	0.0029909	0.0312419	0.0328929	0.0129898	0.0359222	0.00508956	0.0298213	0.0161845	0.0537913	0.0300411	0.00937398	0.332838	0.0330551	0.0417198	0.0723125	0.0381116	0.0453139	0.00167169	0.0178016
76	0.0790459	0.0159842	0.00537358	0.0401706	0.0025529	0.0192052	0.0023677	0.199514	0.0329347	0.150443	0.0331848	0.0125379	0.0198034	0.0440998	0.0622082	0.00945063	0.0554593	0.207781	0.00282849	0.00505424
77	0.155848	0.00632482	0.151261	0.0850245	0.0167408	0.0915864	0.0259145	0.0135244	0.0171816	0.0453656	0.00913996	0.0506595	0.0376212	0.0478133	0.0644114	0.109766	0.0507204	0.0102088	0.00484645	0.00604163
78	0.155837	0.00216232	0.0113324	0.0197513	0.0125602	0.0411585	0.00144297	0.0321546	0.0165006	0.0548836	0.0283399	0.00371859	0.363075	0.0261601	0.0424247	0.0820674	0.0389571	0.047519	0.000607271	0.0193476
79	0.284858	0.0729401	0.00372574	0.00305432	0.00926506	0.0537509	0.0301134	0.0419647	0.00104042	0.0311075	0.0114872	0.0488984	0.0552095	0.00203124	0.00189078	0.199184	0.0735917	0.0725795	0.000923377	0.00238449
80	0.0122074	0.0136437	0.00444924	0.00176777	0.483737	0.00208396	0.00987343	0.0225803	0.00112482	0.144437	0.0397343	0.00314816	0.00376951	0.00500975	0.00285976	0.00994998	0.00463382	0.0192304	0.0128309	0.202929
81	0.131049	0.00900235	0.121122	0.0325268	0.010394	0.145093	0.0396305	0.0104017	0.0101851	0.0440991	0.00998061	0.0570756	0.0192159	0.0208369	0.034086	0.218466	0.0707019	0.00888409	0.00355831	0.00369146
82	0.0107652	0.00131387	0.000535083	0.000559323	0.0261746	0.000738996	0.000620239	0.334861	0.000363423	0.28384	0.0829432	0.00130949	0.0017115	0.00225852	0.00193161	0.00216061	0.00823169	0.237979	0.000712679	0.000989347
83	0.135027	0.00478261	0.210729	0.188247	0.00280506	0.0333148	0.020101	0.0031594	0.0254048	0.014491	0.00947916	0.050038	0.0102864	0.0560874	0.0751517	0.0851606	0.0450705	0.0156699	0.00525736	0.00973757
84	0.163631	0.00868846	0.165357	0.14178	0.00667217	0.0544367	0.0284294	0.00469621	0.0206688	0.01779	0.0223867	0.0510676	0.0182045	0.0471117	0.0721054	0.089961	0.0529653	0.0224802	0.00422093	0.00734658
85	0.0682194	0.0154451	0.00366993	0.0265092	0.0203756	0.0134685	0.00458809	0.188853	0.0201483	0.214475	0.0563244	0.0201348	0.022684	0.048632	0.0354098	0.018644	0.0453139	0.163103	0.00226787	0.0117341
86	0.0970651	0.00992308	0.214489	0.161394	0.00492472	0.0187201	0.0577182	0.00461056	0.0134915	0.012794	0.00764994	0.153059	0.00505741	0.03999	0.0452078	0.0736155	0.0556064	0.0132292	0.00390699	0.00754731
87	0.138474	0.00542042	0.204965	0.179661	0.00354548	0.0367793	0.0210861	0.00329258	0.025102	0.0153821	0.00999275	0.0506929	0.0117967	0.0554769	0.0761612	0.0871074	0.0455977	0.0154324	0.00506279	0.00897058
88	0.0313496	0.016948	0.0204742	0.0169154	0.283686	0.00279477	0.0661898	0.0373315	0.00248629	0.0937008	0.0272908	0.00808674	0.00894639	0.0228567	0.0175566	0.0243977	0.0115368	0.0195185	0.0274114	0.260522
89	0.158219	0.00992584	0.176772	0.152409	0.00525027	0.0490821	0.02472	0.00341401	0.0206166	0.0153492	0.0204985	0.0481762	0.0133958	0.0501206	0.0763857	0.0935997	0.0513601	0.0190956	0.00461315	0.00699664
90	0.135682	0.00332011	0.20961	0.159719	0.00726687	0.0650482	0.0117651	0.0159478	0.0290005	0.0228916	0.00599804	0.0462086	0.107041	0.0380447	0.0358217	0.0609529	0.0222753	0.0141028	0.00314026	0.00616343
91	0.0422865	0.0195818	0.000671529	0.00107594	0.104948	0.00106298	0.00556538	0.221797	0.000501404	0.225731	0.0662851	0.00527145	0.00609362	0.0129378	0.00228622	0.00860477	0.0431262	0.197514	0.00630244	0.0283565
92	0.0177868	0.0146495	0.00183899	0.00160274	0.31115	0.00179146	0.00223273	0.128432	0.00111237	0.263136	0.0536317	0.00564218	0.0019243	0.00435255	0.00484432	0.0049686	0.0193878	0.0894904	0.0199741	0.0520512
93	0.134496	0.00482534	0.210821	0.188533	0.00277767	0.0327551	0.0202572	0.00315683	0.0255115	0.0144351	0.00939154	0.050336	0.0101013	0.0561051	0.0752741	0.085442	0.0450873	0.0157029	0.00520744	0.00978376
94	0.13398	0.00630724	0.208179	0.196067	0.00325926	0.030999	0.0204202	0.00317707	0.0248944	0.0143999	0.00911374	0.0503927	0.00934207	0.0551739	0.0731361	0.0847858	0.046442	0.0153154	0.00511331	0.00950249
95	0.00971482	0.0015685	0.0005014	0.000506243	0.0226163	0.000758894	0.00069937	0.373489	0.000363688	0.23447	0.0522202	0.00081672	0.00153327	0.00125473	0.00239232	0.00255104	0.00558503	0.287565	0.000429458	0.000962989
96	0.0768997	0.0123799	0.0442731	0.0458868	0.0579086	0.0117535	0.099708	0.0633788	0.0148329	0.114712	0.0330835	0.042898	0.00425757	0.0568406	0.0566356	0.0369875	0.043601	0.0362074	0.0255774	0.122178
97	0.24699	0.00561279	0.00269972	0.0606936	0.0027097	0.0256808	0.00267166	0.113119	0.0435191	0.141272	0.058692	0.00548918	0.00633052	0.0313571	0.0536067	0.0160689	0.0359468	0.14313	0.00148398	0.00292491
98	0.126935	0.0114559	0.0055355	0.0093957	0.0291814	0.0160811	0.00718013	0.082906	0.00518264	0.217492	0.242931	0.00942342	0.0120115	0.100869	0.0157341	0.0164787	0.026229	0.0487555	0.00324068	0.0129826
99	0.0108896	0.00176938	0.101595	0.0614115	0.00172397	0.540886	0.0399795	0.00269701	0.0413999	0.00967876	0.00255513	0.106848	0.00107387	0.0197011	0.0140847	0.0286068	0.00953205	0.00346895	0.000682138	0.00141687
100	0.0124195	0.00147049	0.000454294	0.000451411	0.0183787	0.000648215	0.000469505	0.377082	0.000280116	0.238144	0.0286435	0.000627495	0.00189249	0.000617054	0.00332328	0.00233228	0.00453624	0.307377	0.000281947	0.000570074
101	0.136115	0.00358128	0.200839	0.165385	0.0055151	0.0502488	0.0122571	0.0112145	0.0332126	0.0216589	0.00568658	0.0550231	0.106584	0.0413826	0.0409724	0.05918	0.0252069	0.0165203	0.00320688	0.00620945
102	0.142839	0.01065	0.00348128	0.0121731	0.00557795	0.0197247	0.00225819	0.210076	0.00883326	0.190795	0.0300269	0.00574183	0.005464	0.0160807	0.0224523	0.0292527	0.0640319	0.215906	0.00142018	0.00321478
103	0.116035	0.037073	0.114884	0.15977	0.0206781	0.0180697	0.0312302	0.00398146	0.0200024	0.0189016	0.00852814	0.0619477	0.00549687	0.0681445	0.0753715	0.124044	0.086585	0.00987312	0.00624581	0.0131383
104	0.495093	0.0191937	0.014906	0.0053514	0.0037201	0.0802066	0.00732576	0.0167236	0.000899047	0.0118836	0.00691651	0.0410766	0.00696045	0.00153607	0.00141202	0.14877	0.0863	0.0476523	0.001023	0.00305034
105	0.0432057	0.0150121	0.00057416	0.000839797	0.0693345	0.00117549	0.00500278	0.227073	0.000415965	0.268367	0.100043	0.00591492	0.00543918	0.011591	0.00135674	0.00848602	0.0475231	0.169741	0.00605076	0.0128535
106	0.0295769	0.0217214	0.00334342	0.00378601	0.0160928	0.00453533	0.0195367	0.209548	0.0021464	0.169258	0.0815385	0.0362956	0.00437658	0.0165588	0.0038928	0.0463586	0.162434	0.161323	0.00220306	0.00547491
107	0.145691	0.0143206	0.0522343	0.0440969	0.0115089	0.0379388	0.0614685	0.0111045	0.0561055	0.0291836	0.01448	0.0440575	0.00914615	0.0676306	0.0887642	0.23153	0.0459583	0.0227749	0.00335981	0.00864567
108	0.0897948	0.00984266	0.140939	0.194335	0.0160325	0.0437222	0.0358243	0.0226075	0.0292324	0.0362628	0.0185114	0.0500572	0.0209884	0.0597502	0.0704059	0.060963	0.041731	0.028771	0.00822947	0.0220002
109	0.159276	0.0485249	0.0678812	0.0466416	0.131707	0.0330166	0.0100546	0.0102786	0.00327994	0.0352951	0.0439489	0.0325329	0.00372972	0.00662452	0.00604621	0.203598	0.0354323	0.07913	0.00240499	0.0405971
110	0.167616	0.0131494	0.0379222	0.0324687	0.00809382	0.454295	0.0092388	0.00788942	0.00574899	0.0139208	0.0234636	0.0139422	0.0114502	0.0245567	0.0140301	0.130221	0.0145165	0.0121208	0.00170782	0.0036484
111	0.155596	0.00692995	0.00937156	0.0144644	0.0118671	0.0260683	0.00374869	0.0342401	0.0106675	0.0627238	0.0184803	0.0140156	0.370958	0.0245026	0.0221558	0.0720881	0.0633377	0.0636259	0.00148506	0.0136738
112	0.186514	0.0153924	0.0186444	0.00765282	0.0058109	0.57462	0.00257051	0.00467078	0.00143186	0.00716386	0.00947243	0.0033458	0.00561034	0.00799169	0.00236789	0.12957	0.00764133	0.00678068	0.000881876	0.00186599
113	0.0756738	0.012356	0.0424459	0.067507	0.0266389	0.0394912	0.0471233	0.0423608	0.0399071	0.0747415	0.0305071	0.0434798	0.0165046	0.154562	0.0900604	0.0520425	0.0539605	0.0513763	0.00802236	0.0312391
114	0.0163972	0.0140712	0.00223914	0.00290129	0.347336	0.0028357	0.00257613	0.105922	0.00126287	0.179945	0.0587542	0.00790748	0.00186822	0.00838102	0.0120098	0.00730166	0.00794841	0.0827819	0.0136082	0.123952
115	0.0973051	0.01018	0.145754	0.183998	0.0137799	0.0390841	0.034568	0.020253	0.0251118	0.0380996	0.0199368	0.0541151	0.0173417	0.0620617	0.0673004	0.069903	0.0473498	0.0255328	0.00738187	0.0209428
116	0.0116304	0.00135698	0.000620468	0.000551354	0.0173489	0.000707811	0.000591643	0.389901	0.000331126	0.214565	0.0270447	0.000630661	0.00179112	0.00066432	0.00309888	0.00299608	0.00448429	0.320862	0.000231355	0.000591241
117	0.0805291	0.0246834	0.0172823	0.0164068	0.0169589	0.0242212	0.0266696	0.0638596	0.00977218	0.064995	0.0338925	0.120119	0.018596	0.0246815	0.0200846	0.0704135	0.226851	0.118803	0.00513902	0.0160423
118	0.0146538	0.0158431	0.00149184	0.00159967	0.479049	0.00214802	0.00172481	0.0346986	0.00101266	0.276687	0.0574275	0.00247645	0.0009805	0.00190054	0.00232056	0.0034697	0.00719149	0.0274523	0.0148539	0.053018
119	0.0780121	0.00711072	0.043349	0.0464189	0.0299417	0.0274529	0.0926121	0.028444	0.0419453	0.0904574	0.0348748	0.0976913	0.0120111	0.093407	0.0699207	0.0660748	0.0748845	0.0275074	0.00436862	0.0335155
120	0.055568	0.0201389	0.0200031	0.0223043	0.0881755	0.0195119	0.206511	0.0319644	0.00590331	0.058193	0.0203566	0.0421182	0.00430058	0.0323956	0.0384259	0.0509821	0.0428473	0.0321965	0.0136713	0.194433
121	0.165669	0.00619141	0.155131	0.101793	0.0136853	0.0865122	0.0253643	0.0108094	0.0214023	0.0332964	0.00963722	0.0531562	0.0546516	0.0406548	0.0602837	0.096618	0.0446233	0.0117833	0.00392301	0.00481529
122	0.0284554	0.00291483	0.560187	0.101898	0.00325467	0.0133757	0.0576286	0.00873617	0.00174238	0.00694334	0.00391269	0.143284	0.00225149	0.00695566	0.0145284	0.0136234	0.0167772	0.00612456	0.00119977	0.00620641
123	0.460064	0.0162257	0.00223676	0.00188983	0.00260813	0.0180832	0.00226762	0.0342285	0.00148194	0.0684268	0.0032044	0.00302846	0.24827	0.0029933	0.00236004	0.0346394	0.0216296	0.0669436	0.0073615	0.00205742
124	0.0169179	0.00135317	0.00071268	0.000808106	0.0450033	0.00105229	0.00101062	0.205826	0.000484633	0.422179	0.174751	0.00338477	0.00285292	0.00615495	0.000889633	0.00198884	0.0185763	0.093335	0.00136972	0.00134856
125	0.143067	0.00714141	0.129461	0.112797	0.00444193	0.0325267	0.0240935	0.00426924	0.0618261	0.0280575	0.00789619	0.0595079	0.0136753	0.0733759	0.12784	0.0996526	0.0399463	0.0218893	0.00298092	0.00555479
126	0.168943	0.0178247	0.0061466	0.0204728	0.0286294	0.0174059	0.0139561	0.0888892	0.0170695	0.190926	0.142743	0.0130715	0.00563688	0.0256472	0.0709527	0.018	0.0247405	0.104205	0.00332432	0.021416
127	0.530423	0.0434148	0.00293707	0.00224455	0.00490718	0.0763168	0.00694822	0.0320973	0.00112789	0.0217238	0.0171686	0.0139614	0.0151266	0.0021176	0.00223076	0.106852	0.0587049	0.0593768	0.000641598	0.001679
128	0.0632464	0.00533669	0.434954	0.115395	0.00803511	0.0444326	0.0347609	0.0154487	0.0109549	0.0160066	0.00957111	0.0807925	0.0168356	0.0219787	0.0279757	0.0414221	0.0218929	0.013912	0.00356776	0.0134809
129	0.0315315	0.00370729	0.0334087	0.1427	0.0332849	0.00221313	0.0786619	0.00308916	0.0294954	0.0262053	0.016213	0.0337172	0.00173403	0.198906	0.158427	0.0512006	0.0702448	0.0069781	0.0195781	0.0587031
130	0.295934	0.0222855	0.0012887	0.00220518	0.0028647	0.0338724	0.00201978	0.163568	0.0010739	0.0790492	0.037219	0.00304871	0.00233666	0.00794198	0.00325013	0.0415648	0.0616952	0.237029	0.000590831	0.0011629
131	0.040116	0.015332	0.000557368	0.000836264	0.0828448	0.000951017	0.00464329	0.239773	0.0004223	0.249384	0.0840326	0.00598156	0.00498034	0.0105581	0.00172878	0.00810063	0.0427848	0.183863	0.00682887	0.0162812
132	0.0539838	0.00988453	0.00379449	0.00801329	0.137929	0.00429434	0.0054228	0.0856096	0.00221466	0.223895	0.149026	0.00576829	0.00626118	0.0416429	0.0459848	0.023694	0.0119926	0.0787274	0.00768995	0.0941709
133	0.024144	0.0150348	0.00233115	0.00261731	0.459596	0.00307335	0.00441711	0.0344354	0.00110654	0.249403	0.0609171	0.00311178	0.00169127	0.0055518	0.00552734	0.00630713	0.00689359	0.0285658	0.0129808	0.0722951
134	0.0467764	0.0156091	0.0231386	0.0286518	0.00543042	0.0119637	0.0326062	0.00439863	0.246588	0.0161192	0.0169042	0.0494567	0.00191269	0.0656531	0.377295	0.0215611	0.0135912	0.0142643	0.00135272	0.00672765
135	0.0613026	0.0297108	0.0206941	0.0238921	0.0334962	0.00767618	0.129731	0.0372188	0.0136548	0.0871629	0.0469397	0.022312	0.0039807	0.0365212	0.258946	0.024669	0.0299463	0.028958	0.0128435	0.0903443
136	0.187926	0.0089558	0.00482475	0.00465645	0.00692081	0.0152088	0.00489698	0.18366	0.00287996	0.251604	0.0205437	0.00722689	0.00295906	0.00712747	0.0100068	0.0565131	0.104032	0.114333	0.00191949	0.00380416
137	0.107869	0.0161249	0.0007681	0.00075103	0.00150902	0.00666112	0.000855963	0.22195	0.000476473	0.0881957	0.0382195	0.00101815	0.000658572	0.0141313	0.00145838	0.0167797	0.0618918	0.419759	0.000316193	0.000606525
138	0.0417249	0.00652774	0.0298031	0.0358198	0.00188783	0.0139841	0.0368272	0.00292967	0.278546	0.00746891	0.01032	0.0713753	0.00120358	0.0779196	0.350651	0.0119258	0.00985748	0.00887112	0.000808066	0.00154896
139	0.0997697	0.00689937	0.0416165	0.0765004	0.0310709	0.0511104	0.0658388	0.0222249	0.0297033	0.0712808	0.0304521	0.0766807	0.00782688	0.148707	0.0520399	0.0535035	0.0661053	0.025657	0.00506977	0.0379433
140	0.104876	0.0160642	0.0007567	0.000735261	0.00171127	0.00626815	0.000853577	0.222771	0.000477096	0.0876525	0.0380104	0.00101904	0.000667808	0.0144168	0.00136278	0.0160326	0.0615296	0.423803	0.00032937	0.00066301
141	0.46295	0.0196432	0.019087	0.0180076	0.00883519	0.0685151	0.00920404	0.0305354	0.00857563	0.0384661	0.0149796	0.019612	0.0426202	0.0147848	0.0162362	0.0874938	0.053242	0.0567389	0.00287556	0.00759732
142	0.0747904	0.0112021	0.0466499	0.0438617	0.0505404	0.0156688	0.106887	0.0637916	0.0197559	0.118985	0.038894	0.0470571	0.00543987	0.0627164	0.0671082	0.0385266	0.045794	0.0313589	0.0175435	0.0934291
143	0.0414317	0.00754373	0.0291923	0.0350567	0.0018377	0.012795	0.0309276	0.00299854	0.30208	0.00745389	0.0110341	0.0634509	0.00119264	0.0762713	0.344629	0.0117819	0.0086169	0.00931375	0.000772512	0.0016197
144	0.0409415	0.0270805	0.0210486	0.0494789	0.0280354	0.0130194	0.199979	0.0206717	0.0151874	0.0411652	0.0186246	0.0765785	0.00409104	0.108603	0.108909	0.0378008	0.0436507	0.0215457	0.00949514	0.114095
145	0.0109918	0.00177656	0.102088	0.0616008	0.00172307	0.539747	0.0403493	0.00267163	0.0419865	0.00959326	0.00256809	0.107139	0.00106782	0.0195307	0.0137062	0.0285867	0.00936465	0.00342739	0.000671191	0.00141088
146	0.0762409	0.0103732	0.0428868	0.056213	0.0437306	0.018738	0.0956371	0.0417003	0.029899	0.0928985	0.0297309	0.0651883	0.00579543	0.0899181	0.0710772	0.051065	0.0679392	0.0298249	0.0115346	0.0696091
147	0.451161	0.0263558	0.00317901	0.00282403	0.0047587	0.0538196	0.0039765	0.0366249	0.00164093	0.0266979	0.0128656	0.00743677	0.00968466	0.00495613	0.00381228	0.075594	0.0819623	0.189075	0.00114447	0.0024295
148	0.101666	0.14687	0.00727966	0.00583584	0.0103275	0.0282072	0.0193063	0.0500405	0.00412626	0.0255498	0.0110888	0.0531677	0.0290857	0.00783984	0.00680387	0.26429	0.151662	0.0682717	0.00292036	0.00566058
149	0.0562906	0.121421	0.0121213	0.0121857	0.268606	0.0152868	0.0245078	0.0576088	0.00714766	0.10742	0.0333835	0.0170191	0.0243161	0.0152465	0.0145557	0.0406198	0.0369735	0.0610405	0.014357	0.059893
150	0.0317053	0.0105331	0.00301947	0.00265733	0.0664052	0.00333665	0.00739228	0.147913	0.00171728	0.379523	0.172756	0.00584062	0.00566773	0.0193902	0.00680287	0.0105511	0.0250486	0.0825519	0.00511292	0.0120751
151	0.528438	0.01432	0.00842782	0.00348387	0.0045065	0.193215	0.00283419	0.0101915	0.00102877	0.0145846	0.00910437	0.00760596	0.00514371	0.00268306	0.00209682	0.108275	0.0469446	0.0353286	0.000601602	0.00118679
152	0.0590467	0.00907567	0.0423065	0.0434152	0.00886039	0.0489732	0.0435638	0.0108114	0.195715	0.0276889	0.0149035	0.0934748	0.00614092	0.0727064	0.23236	0.0341028	0.0257548	0.0200519	0.00318677	0.00786088
153	0.204661	0.0134882	0.0149069	0.0173778	0.0133924	0.0324602	0.00537834	0.0356824	0.0102117	0.0555099	0.0199848	0.00939988	0.349135	0.0206722	0.0228022	0.0663419	0.0394318	0.0533457	0.00387343	0.0119442
154	0.0180258	0.0221256	0.00416475	0.00438029	0.248871	0.00354778	0.00695073	0.200561	0.00192396	0.133366	0.052632	0.018366	0.0025735	0.0106177	0.0210233	0.00975663	0.0127729	0.0969598	0.0218705	0.109511
155	0.0320291	0.00368016	0.0324787	0.143365	0.0338822	0.00224291	0.0793051	0.00322015	0.0293084	0.0270516	0.0158938	0.0332501	0.00173987	0.199513	0.155065	0.0512263	0.0701298	0.00700106	0.0198553	0.0597625
156	0.242417	0.0119348	0.00679073	0.00970923	0.00789574	0.040689	0.00288721	0.0311634	0.00986437	0.039857	0.0159588	0.0052715	0.332568	0.0159523	0.0257684	0.1069	0.0391614	0.0436121	0.00155462	0.0100445
157	0.157787	0.0142435	0.0291605	0.0140276	0.00714592	0.503184	0.00776553	0.00772995	0.00499786	0.0106867	0.0110085	0.0175364	0.00635211	0.0111491	0.00712513	0.155254	0.0189884	0.0108279	0.00124702	0.00378243
158	0.0714441	0.00476754	0.0165096	0.00912658	0.00379153	0.0416652	0.00403818	0.0086157	0.00269661	0.00766388	0.0127977	0.057159	0.00252549	0.0110914	0.00372751	0.665127	0.0591818	0.0105184	0.00139508	0.00615787
159	0.15583	0.0127505	0.0250797	0.0096215	0.00500932	0.325621	0.00626511	0.00715701	0.00235847	0.00822393	0.0109964	0.0263635	0.00736645	0.00856245	0.00483606	0.332843	0.0360438	0.010307	0.00127503	0.00349057
160	0.0252924	0.00536662	0.00132001	0.0014558	0.117262	0.0018461	0.0023628	0.133102	0.00114713	0.406607	0.181193	0.00405509	0.00406401	0.00975946	0.00254414	0.00440166	0.0248739	0.055214	0.0065682	0.0115654
161	0.0745091	0.0209046	0.0444692	0.0347248	0.0434477	0.0293708	0.177236	0.0356542	0.0204834	0.0610345	0.0238744	0.0597081	0.010781	0.0469412	0.0594169	0.0603892	0.0516055	0.0480061	0.00922735	0.0882158
162	0.0100694	0.00141597	0.00051928	0.000494555	0.0213534	0.000714716	0.000600053	0.386249	0.000321806	0.219646	0.0390396	0.000714916	0.00147647	0.000818244	0.00257774	0.0026491	0.00467318	0.305518	0.000358744	0.000789151
163	0.0687536	0.0198686	0.0499716	0.042427	0.0422924	0.0332228	0.184179	0.0339502	0.0195496	0.0537338	0.0248952	0.0627405	0.00977374	0.0501519	0.0689702	0.0597382	0.0475994	0.0384224	0.00960036	0.0801595
164	0.0504301	0.0225694	0.000564557	0.00119785	0.0716437	0.00112705	0.00824342	0.211112	0.000429731	0.225135	0.0736658	0.00540651	0.00767787	0.0187289	0.00130974	0.0114578	0.0618676	0.206734	0.00360321	0.0170952
165	0.122272	0.0150742	0.0296608	0.0188811	0.00954196	0.0684623	0.01473	0.0171651	0.00573343	0.0220425	0.0179409	0.0462255	0.0142192	0.0166468	0.0112237	0.470183	0.0629167	0.024209	0.00274623	0.0101257
166	0.0133166	0.00167128	0.000476082	0.000480586	0.017517	0.000647174	0.000488372	0.356487	0.000292666	0.252127	0.0269071	0.000614528	0.00212018	0.000604771	0.00340524	0.00221988	0.00480604	0.314938	0.000270716	0.000609509
167	0.0576219	0.0215733	0.0027868	0.0517766	0.00262582	0.0171796	0.00235425	0.186291	0.0357704	0.214395	0.0179424	0.0260409	0.011117	0.0703943	0.0278283	0.00840809	0.0539415	0.179413	0.0014987	0.0110404
168	0.0120958	0.00179978	0.101534	0.0613025	0.00212349	0.530779	0.041611	0.00314155	0.042474	0.0106475	0.00304345	0.106762	0.00141451	0.0203056	0.0153767	0.0292636	0.0101066	0.00371965	0.000766292	0.00173261
169	0.0462262	0.00380631	0.0298907	0.0413752	0.00166704	0.0155004	0.0633464	0.00247763	0.156169	0.010107	0.00962703	0.126448	0.00142618	0.100878	0.339418	0.0192832	0.0192049	0.0110485	0.000653541	0.00144692
170	0.118005	0.0315725	0.03944	0.0329643	0.0175398	0.0374564	0.0379028	0.0335766	0.0181013	0.0493389	0.0219881	0.112254	0.109367	0.0299238	0.032875	0.1029	0.10318	0.0535382	0.00491064	0.0131647
171	0.0140433	0.00157115	0.000489504	0.00047213	0.0172461	0.000692462	0.000471823	0.368425	0.000303785	0.24212	0.0246007	0.000622595	0.00206038	0.000620901	0.00386025	0.00248221	0.00499145	0.314028	0.00025433	0.000644179
172	0.0150967	0.0205087	0.0017518	0.00181986	0.483875	0.00243337	0.00251185	0.0331707	0.00115117	0.264202	0.0546719	0.00276821	0.00122236	0.00243384	0.00267936	0.00389457	0.00679197	0.0268306	0.0136941	0.0584918
173	0.415548	0.027842	0.0249743	0.0097011	0.00314575	0.0561217	0.0125756	0.0219136	0.00115279	0.00986118	0.00568336	0.0604113	0.0101324	0.00210895	0.00207632	0.175553	0.100382	0.0552723	0.00144441	0.00410004
174	0.132421	0.0285478	0.00827555	0.00694917	0.141505	0.0393517	0.171464	0.00974868	0.00341397	0.0141545	0.00963061	0.0300752	0.00327756	0.00647115	0.00641965	0.115211	0.0715708	0.0401259	0.00268916	0.158698
175	0.0136467	0.00156921	0.000470543	0.000454095	0.0173484	0.000678612	0.000473892	0.368973	0.000300767	0.241718	0.0250635	0.000608162	0.00199757	0.000590153	0.00364896	0.002489	0.0050755	0.314016	0.000240615	0.000637325
176	0.573745	0.0121395	0.00342915	0.00161213	0.00369744	0.207604	0.00108242	0.00925029	0.000595716	0.0143926	0.00852097	0.00317927	0.00148742	0.00171816	0.000936299	0.0773334	0.0430287	0.0348915	0.000403487	0.000953214
177	0.234053	0.014257	0.0217895	0.0107928	0.00525213	0.489402	0.0046016	0.0106906	0.0033722	0.0138991	0.0123258	0.00861757	0.00995211	0.00997592	0.00507921	0.108814	0.016707	0.0164151	0.000963441	0.00303985
178	0.0169795	0.0413732	0.0036598	0.00366256	0.00857308	0.00516333	0.0207975	0.013207	0.0028207	0.440845	0.218266	0.00524358	0.0035629	0.0574694	0.00517632	0.0411325	0.0295047	0.0768053	0.00170644	0.00405067
179	0.0545565	0.0157141	0.005221	0.0505853	0.00395792	0.0157274	0.00422183	0.17936	0.046748	0.192384	0.0217112	0.0181696	0.0124162	0.113677	0.0402115	0.0129248	0.044876	0.157494	0.00174014	0.00830418
180	0.0531797	0.0202087	0.00135655	0.00163331	0.0493797	0.00248887	0.0099741	0.148313	0.000853649	0.24232	0.144119	0.00909609	0.00899959	0.0291589	0.0023985	0.0113585	0.0879063	0.164979	0.00182965	0.0104474
181	0.469833	0.0176571	0.0021679	0.00187369	0.00263559	0.0186166	0.00236034	0.033386	0.00137367	0.0738483	0.00316365	0.00292615	0.235501	0.0026831	0.00259777	0.0349871	0.0193879	0.0657434	0.0074062	0.00185209
182	0.018	0.00104351	0.000647293	0.000633843	0.0496994	0.000967653	0.000792052	0.216667	0.000475736	0.408084	0.179248	0.00350729	0.00303529	0.00631743	0.000702372	0.00171785	0.0195264	0.0862877	0.00136697	0.00128024
183	0.0144871	0.0158249	0.00136899	0.00153856	0.482223	0.0021085	0.00169019	0.0337395	0.000987231	0.275926	0.0577231	0.00245392	0.000944929	0.00186104	0.00229559	0.00315719	0.00700665	0.0270988	0.0147054	0.0528598
184	0.41125	0.0958807	0.00449858	0.00353445	0.00603034	0.0471872	0.0124798	0.0412147	0.00174763	0.0196875	0.00958259	0.0306783	0.0235832	0.00312405	0.00231275	0.136073	0.0746742	0.0724597	0.00136948	0.00263223
185	0.223788	0.0159647	0.0127877	0.0151659	0.0106363	0.0421512	0.00653963	0.0305646	0.010064	0.0468716	0.0165697	0.0109551	0.319148	0.0176077	0.0231647	0.0969684	0.0413183	0.0469222	0.00198266	0.0108296
186	0.0620083	0.0204629	0.00740181	0.00752193	0.0994454	0.0403214	0.240512	0.0117181	0.00433653	0.0189076	0.0093448	0.0707055	0.00364137	0.0129003	0.0129857	0.0860625	0.0744642	0.0350955	0.00324874	0.178915
187	0.181391	0.00872645	0.00417317	0.00460364	0.0412678	0.063114	0.0230372	0.257247	0.00327512	0.0662116	0.0741034	0.0056947	0.0227879	0.00755999	0.00661088	0.0196284	0.0155902	0.188089	0.00198257	0.00490662
188	0.111668	0.0183897	0.0822292	0.0490771	0.0180195	0.0582473	0.0553346	0.0242861	0.0334149	0.044678	0.0211081	0.146877	0.0169209	0.0424673	0.0638528	0.0945365	0.0591323	0.0354288	0.00475424	0.0195773
189	0.183013	0.00921134	0.0211157	0.00926513	0.00465032	0.0710203	0.00568624	0.0105992	0.00201319	0.00844763	0.0115237	0.0421086	0.00668411	0.00826447	0.00307259	0.519111	0.0601198	0.0171942	0.00110207	0.0057976
190	0.00820608	0.00873651	0.00649184	0.00206329	0.396229	0.00278658	0.016853	0.00922084	0.00160157	0.0255909	0.0122629	0.00349011	0.0059954	0.00764362	0.00269498	0.0191196	0.00484306	0.00635372	0.014983	0.444834
191	0.0904996	0.00531575	0.133239	0.144474	0.00980289	0.0243809	0.039396	0.00501867	0.0581063	0.0189693	0.0118655	0.0549427	0.00836685	0.0966588	0.152471	0.0624584	0.0444988	0.0130042	0.0077006	0.0188314
192	0.0599203	0.0129904	0.0381802	0.0439901	0.0158027	0.0193473	0.0479102	0.0239872	0.101235	0.0400364	0.0261346	0.0478094	0.0155845	0.0639637	0.313314	0.0385284	0.0339264	0.0302315	0.00515291	0.0219542
193	0.140435	0.054049	0.095981	0.132377	0.0197666	0.0220036	0.02406	0.00500119	0.0186146	0.021266	0.00688335	0.0708246	0.00559446	0.0457548	0.0526591	0.16782	0.100072	0.00843623	0.00440292	0.00399857
