208	20
1	0.0862333	0.00245418	0.0361851	0.00422166	0.205836	0.00380668	0.00427201	0.092204	0.0625086	0.0644089	0.0403157	0.00360041	0.00247666	0.023581	0.00643806	0.0278319	0.163222	0.164813	0.00150396	0.00408621
2	0.0338342	0.00215721	0.00261271	0.00297257	0.00300648	0.00302757	0.00319115	0.326952	0.0987527	0.0833801	0.0033569	0.00288628	0.0171796	0.00392163	0.0386413	0.0120808	0.0351414	0.323016	0.00105423	0.00283452
3	0.157072	0.000245944	0.169879	0.279161	0.000391009	0.0226279	0.00753378	0.00751789	0.0432021	0.013135	0.000549664	0.0297907	0.00426914	0.117782	0.0802552	0.0377046	0.0248968	0.00306673	0.000156206	0.000763348
4	0.159407	0.000619362	0.156244	0.263715	0.000846435	0.0214299	0.00621731	0.00767015	0.0480683	0.0156225	0.00108433	0.0302351	0.00439337	0.124503	0.0917493	0.03779	0.0262702	0.00320558	0.000306865	0.00062264
5	0.0245271	0.00800831	0.000449181	0.000518588	0.00552271	0.000588457	0.000589113	0.354722	0.000823931	0.105587	0.00928093	0.000523009	0.000398807	0.000692952	0.000824431	0.00102006	0.00299477	0.476826	0.000789196	0.00531389
6	0.022831	0.000764035	0.00400239	0.01902	0.00147027	0.0152353	0.0278474	0.010794	0.317213	0.0243841	0.00618436	0.0134	0.000586063	0.0327012	0.441041	0.0194714	0.0157641	0.0178059	0.000427097	0.00905701
7	0.162054	0.000247274	0.163814	0.271757	0.000390718	0.0208674	0.0064904	0.00799411	0.0459001	0.0141294	0.000538773	0.0310141	0.00455956	0.121384	0.0839707	0.0360651	0.02545	0.00277803	0.0001555	0.000439173
8	0.130598	0.00361512	0.0144771	0.0661972	0.00526155	0.0389274	0.0206653	0.00481133	0.179564	0.0248012	0.00896951	0.0510185	0.000599034	0.121675	0.212881	0.0752028	0.0241804	0.0114326	0.00164012	0.00348174
9	0.275327	0.00222331	0.00280962	0.00321374	0.00309215	0.00332784	0.00334619	0.0692688	0.00363673	0.0673018	0.00349668	0.0450686	0.00234343	0.00392936	0.00447081	0.0446378	0.216735	0.241503	0.00111254	0.00315491
10	0.0331718	0.00338463	0.319678	0.00527589	0.00506072	0.00519886	0.00598444	0.00781217	0.0270868	0.00857381	0.00530859	0.154173	0.0916694	0.00632929	0.0962922	0.195346	0.011089	0.0110517	0.0014821	0.00603219
11	0.0168353	0.00277029	0.000658535	0.00515017	0.0548755	0.000856459	0.000976079	0.176984	0.00129794	0.584498	0.066586	0.000904944	0.000575469	0.00304055	0.00264649	0.00208878	0.00559788	0.0641341	0.000534154	0.00898947
12	0.146243	0.00240383	0.151244	0.130675	0.00460967	0.00428471	0.00395357	0.0828923	0.0520556	0.0512331	0.0048448	0.00390441	0.00204502	0.0105084	0.0471704	0.00789113	0.0106208	0.218402	0.00150109	0.0635167
13	0.0906335	0.000368377	0.252056	0.357253	0.000647236	0.0565214	0.0188184	0.00207857	0.0122247	0.00309485	0.000729707	0.0171398	0.0010214	0.0523363	0.03377	0.0648207	0.0224254	0.00785836	0.0002503	0.00595277
14	0.0260772	0.0072954	0.000366961	0.000392924	0.00763242	0.000930986	0.00044166	0.328353	0.000583446	0.142907	0.013252	0.000442647	0.000266679	0.000616048	0.000696315	0.000930652	0.00372467	0.457102	0.00085181	0.00713647
15	0.0242979	0.00794587	0.000558635	0.000783149	0.00558733	0.000603546	0.000646345	0.361529	0.00152941	0.10105	0.00864524	0.000575094	0.000630338	0.000833328	0.00117997	0.00103628	0.00329867	0.472763	0.000949558	0.00555636
16	0.0652161	0.00116152	0.0127914	0.0213771	0.00129687	0.340357	0.011624	0.00233841	0.019831	0.00272445	0.00386253	0.0304632	0.00138889	0.0225324	0.0641175	0.372231	0.0162228	0.00314974	0.000520436	0.0067939
17	0.0841952	0.000450505	0.255054	0.361705	0.00069285	0.0636747	0.0221942	0.00162097	0.00879595	0.00214231	0.000864918	0.0168082	0.0007245	0.0465585	0.0294345	0.0676515	0.020725	0.00900489	0.000267193	0.00743493
18	0.00490616	0.000994403	0.00195009	0.00137248	0.0563673	0.0015597	0.207123	0.00752145	0.0505615	0.00964888	0.0169135	0.00204191	0.000996732	0.021625	0.0426569	0.0154867	0.0437413	0.0234811	0.0103129	0.480739
19	0.0256627	0.00143999	0.0688118	0.0819526	0.00220065	0.00183181	0.087348	0.00359594	0.0861339	0.0141335	0.00259511	0.174801	0.00120317	0.0215903	0.119408	0.148622	0.109333	0.045253	0.00076334	0.0033199
20	0.0106819	0.00633676	0.0012723	0.00133404	0.250875	0.00472252	0.0163359	0.0388044	0.00359478	0.220604	0.0655588	0.00158629	0.0012153	0.0107255	0.00843738	0.00301058	0.00598924	0.0303563	0.038654	0.279905
21	0.0355787	0.0104133	0.00205288	0.0101951	0.0519392	0.00341598	0.0181396	0.0433683	0.0978747	0.160725	0.0498613	0.00355084	0.00186807	0.0444889	0.0723186	0.0247953	0.00621766	0.317159	0.0336928	0.0123443
22	0.359779	0.0158002	0.00124185	0.00202757	0.00193902	0.487046	0.00229247	0.00455064	0.0033654	0.00689151	0.00371599	0.0162835	0.0154321	0.00301728	0.0027795	0.0427417	0.0130973	0.0159424	0.000604348	0.00145246
23	0.0595509	0.244924	0.00646703	0.00833493	0.0452119	0.00906065	0.0084437	0.122676	0.00915221	0.179429	0.0117571	0.0439185	0.0450381	0.0111257	0.0491879	0.103074	0.0166285	0.0159461	0.00223152	0.00784228
24	0.0610941	0.246525	0.0110852	0.0117886	0.0179052	0.0240168	0.0149308	0.035974	0.0166898	0.0731183	0.0573783	0.0199467	0.0202696	0.0228195	0.0279451	0.22391	0.0637757	0.0344039	0.00406781	0.0123558
25	0.0796016	0.00429092	0.0113094	0.0180987	0.00700014	0.010963	0.00488914	0.0624486	0.0140518	0.0300659	0.017791	0.00545744	0.5416	0.0262756	0.0280814	0.0447501	0.0253495	0.0604974	0.001367	0.00611108
26	0.00559767	0.00158534	0.0012431	0.00210984	0.429828	0.00228466	0.00726982	0.0109225	0.00239385	0.0310437	0.00853939	0.00193169	0.0031525	0.00493646	0.0026767	0.00357768	0.00384936	0.0153654	0.0597933	0.401899
27	0.0350385	0.00682051	0.0184133	0.0304865	0.015042	0.0185974	0.164651	0.0176298	0.229151	0.0318072	0.0152468	0.0296022	0.00668398	0.03502	0.134182	0.0445984	0.10033	0.0271527	0.00280967	0.0367367
28	0.0371927	0.000844417	0.0681546	0.054177	0.00202776	0.195559	0.0943318	0.00236105	0.0669723	0.00552848	0.00249397	0.20706	0.00103828	0.119893	0.0551415	0.0678303	0.0146263	0.00287108	0.00051519	0.0013814
29	0.0570013	0.000790499	0.434393	0.253893	0.00134126	0.0311041	0.011056	0.00322897	0.010293	0.00438629	0.00167028	0.0175508	0.0015049	0.0332486	0.0273167	0.0568534	0.0422605	0.00643932	0.000646424	0.00502152
30	0.0212702	0.00295292	0.00671047	0.0154089	0.00743174	0.016479	0.0579619	0.00743876	0.302008	0.0313877	0.00822695	0.00801592	0.00130638	0.0267129	0.376811	0.0387646	0.0409794	0.0178186	0.00088236	0.0114317
31	0.0046983	0.00275592	0.00968925	0.0015065	0.0018609	0.0133395	0.0119567	0.0027551	0.0404475	0.00315585	0.00201951	0.00991881	0.00117378	0.00233622	0.00298798	0.263798	0.619359	0.00398753	0.000600123	0.00165345
32	0.263315	0.0113556	0.0023545	0.0032569	0.00331189	0.556453	0.00209909	0.00419745	0.00596925	0.00707492	0.00729964	0.0208314	0.0331582	0.00691837	0.00348143	0.0542974	0.00394811	0.00776761	0.000814812	0.0020946
33	0.260881	0.00981929	0.0210116	0.0226152	0.0075116	0.0817856	0.0197286	0.0184171	0.0244884	0.0163468	0.0142183	0.0193041	0.0151157	0.019446	0.03676	0.289204	0.0794431	0.0317231	0.00218758	0.00999338
34	0.0306166	0.00935378	0.00365971	0.00724635	0.203592	0.00751607	0.0112421	0.0692498	0.0104881	0.270131	0.0984361	0.00482363	0.00648117	0.016503	0.0144467	0.0119848	0.0173324	0.0656137	0.0152215	0.126062
35	0.00753271	0.00243899	0.00432496	0.0163433	0.0324181	0.00416315	0.159582	0.0496251	0.0292731	0.00919401	0.0168355	0.176928	0.00247702	0.0850408	0.0053094	0.147477	0.099557	0.0488724	0.00131634	0.101291
36	0.0251053	0.00788187	0.000402535	0.000510407	0.0061679	0.000626833	0.000509424	0.345509	0.00121106	0.118212	0.0105436	0.000500125	0.00043385	0.000646297	0.000856526	0.000975726	0.0032591	0.470046	0.000760569	0.00584232
37	0.0368704	0.00308144	0.0768917	0.00714771	0.030494	0.00531746	0.0574935	0.0300391	0.00867217	0.00927982	0.00589402	0.18028	0.00446266	0.00918033	0.0898982	0.244204	0.0387126	0.0565198	0.00176967	0.103791
38	0.115308	0.0011273	0.0651451	0.108318	0.00228154	0.0207649	0.00475198	0.0166381	0.0202626	0.0123413	0.00576313	0.0119473	0.416318	0.0653552	0.0399524	0.0497876	0.0247944	0.0162808	0.00050522	0.00235816
39	0.11986	0.000747952	0.193555	0.311195	0.00137072	0.0728936	0.0258501	0.00259728	0.00586271	0.00271033	0.00146608	0.0171052	0.0018673	0.0451727	0.018378	0.112963	0.042025	0.0182292	0.000468219	0.00568213
40	0.0251914	0.00150942	0.0241017	0.043848	0.00220448	0.0286069	0.0601009	0.00639662	0.318675	0.0445028	0.0151591	0.0079429	0.00119603	0.0299951	0.271447	0.0150613	0.0750745	0.0228415	0.000682485	0.00546269
41	0.0215806	0.0010428	0.0408021	0.0296226	0.00169512	0.288789	0.0939187	0.00219732	0.057421	0.00754033	0.00162926	0.201346	0.000859955	0.120359	0.0544113	0.0593326	0.0128911	0.00265823	0.000467648	0.0014358
42	0.0299328	0.00651499	0.00212008	0.00270965	0.150161	0.00674435	0.0544866	0.0624753	0.00384231	0.163617	0.0375527	0.0188096	0.00234855	0.00373276	0.0181814	0.102883	0.0931137	0.128748	0.00113709	0.110889
43	0.00235125	0.000534426	0.000669213	0.000911762	0.440224	0.000939141	0.00386105	0.00131729	0.0011187	0.0108199	0.00101067	0.00105882	0.0025372	0.00208357	0.00135023	0.00176001	0.00178013	0.0101595	0.059583	0.45593
44	0.00519982	0.00100182	0.00202328	0.00141022	0.0558754	0.00161817	0.216455	0.00719328	0.0533101	0.0093815	0.0161366	0.0020725	0.00105634	0.0206405	0.0430486	0.0148985	0.0420259	0.0226335	0.00985149	0.474168
45	0.0748151	0.0870588	0.00661081	0.00488917	0.00538622	0.0118193	0.00839676	0.00919715	0.0147559	0.0189135	0.00839491	0.00727748	0.0340679	0.0070223	0.00789136	0.280042	0.362167	0.043314	0.00184949	0.00613099
46	0.0182341	0.00101338	0.0428504	0.0241065	0.00154787	0.297886	0.106506	0.00219767	0.0584582	0.00797531	0.00153606	0.183008	0.00123919	0.120588	0.0529098	0.0641934	0.0104095	0.00325258	0.000509801	0.00157839
47	0.212112	0.00205508	0.0104769	0.184119	0.00435534	0.00405072	0.00450977	0.0701398	0.109327	0.0562569	0.00552674	0.00782444	0.00185319	0.0739908	0.0661031	0.0109439	0.0591431	0.0889155	0.00144726	0.0268495
48	0.0770547	0.00142556	0.0160991	0.0165709	0.0017171	0.316542	0.0213143	0.00345096	0.0265623	0.00365457	0.00527061	0.0247943	0.0018024	0.0178089	0.0554236	0.376552	0.0176188	0.00412968	0.000684685	0.0115235
49	0.0855016	0.00845513	0.0055974	0.00893919	0.0047386	0.739851	0.00442239	0.00289864	0.013034	0.00783629	0.00579321	0.0398708	0.00957626	0.00596245	0.00689338	0.0389034	0.00366451	0.00540271	0.000682502	0.00197606
50	0.00983672	0.00171337	0.761989	0.0303649	0.00282766	0.00317915	0.00351757	0.00405182	0.0043576	0.00531717	0.00340859	0.0323635	0.00653128	0.00356176	0.0134434	0.0515884	0.0509703	0.00580059	0.00116448	0.00401311
51	0.221244	0.0428021	0.00110044	0.00131628	0.00454135	0.0102329	0.00432187	0.0778981	0.00181454	0.0958999	0.0227964	0.00290817	0.0143556	0.0020644	0.00223638	0.0389845	0.0386965	0.41473	0.000706523	0.0013502
52	0.010905	0.00575955	0.00411692	0.00823318	0.419053	0.00457566	0.00496512	0.292149	0.00633103	0.0157631	0.00729715	0.00509138	0.0038822	0.00554122	0.00615492	0.00830456	0.00990537	0.076463	0.00480766	0.1007
53	0.1054	0.00118901	0.132667	0.0526137	0.00169041	0.0500074	0.00241429	0.00279343	0.0679451	0.00353833	0.00204479	0.029453	0.0124109	0.015911	0.0290125	0.28817	0.196324	0.00394668	0.000595546	0.00187361
54	0.00277359	0.000868234	0.000675972	0.000935374	0.440801	0.00112338	0.00680966	0.00382981	0.00166142	0.0165811	0.00329823	0.00109906	0.00263533	0.00286394	0.00196997	0.00216599	0.0023003	0.0110639	0.0568645	0.43968
55	0.0257936	0.00713382	0.000370073	0.000428314	0.00778315	0.000914523	0.000459535	0.326548	0.000597595	0.148625	0.0130771	0.000462559	0.000290507	0.000645576	0.000710115	0.000945334	0.00386708	0.453009	0.000937975	0.00740128
56	0.0231374	0.0178336	0.00288426	0.0822693	0.00347387	0.0200877	0.00330216	0.0213698	0.0191816	0.00620786	0.511438	0.00342383	0.00222836	0.105152	0.0927201	0.0373308	0.0205154	0.0228097	0.00111199	0.00352161
57	0.0174535	0.00089134	0.0373992	0.0238444	0.00125142	0.307599	0.104079	0.00182045	0.0550768	0.00826299	0.00127647	0.198643	0.000907634	0.108961	0.0564431	0.0615457	0.0102015	0.00259456	0.000422063	0.00132591
58	0.0228929	0.0169632	0.000780226	0.00649169	0.00360142	0.00134611	0.00134143	0.219327	0.011193	0.434545	0.0317521	0.00113808	0.00298534	0.0332385	0.0261235	0.0185074	0.0205815	0.133423	0.00273859	0.0110308
59	0.0879597	0.00112767	0.148004	0.0501478	0.00155452	0.0591859	0.00222151	0.00277992	0.0422389	0.00342438	0.00235301	0.0287918	0.0185274	0.0168989	0.0197231	0.295073	0.21382	0.00376443	0.000675151	0.0017286
60	0.0258761	0.00574577	0.00948611	0.00735864	0.338929	0.0155247	0.0170135	0.0375483	0.00914101	0.0505533	0.0202439	0.0111596	0.0357311	0.0136324	0.0153608	0.0181268	0.0161845	0.037814	0.0347379	0.279833
61	0.105817	0.00142521	0.0025971	0.00322237	0.0444829	0.0552595	0.015227	0.0399657	0.0309245	0.0302468	0.00408965	0.00243292	0.22397	0.0300123	0.104221	0.100889	0.107295	0.0780298	0.00179737	0.0180934
62	0.0758851	0.000408323	0.264223	0.380344	0.000756671	0.0587701	0.0198655	0.00166486	0.00917048	0.00222278	0.000952188	0.0160417	0.000721943	0.0439477	0.0277584	0.0615397	0.020592	0.00804221	0.000272137	0.00682083
63	0.583535	0.0150857	0.00114523	0.00166044	0.0016358	0.0270328	0.00736867	0.0104634	0.00253171	0.0103512	0.00623083	0.00261328	0.00275126	0.00211909	0.00501221	0.149389	0.0993264	0.0696334	0.000589642	0.00152466
64	0.152444	0.0226776	0.000665174	0.000949974	0.00464683	0.010174	0.0024771	0.174505	0.00123643	0.149292	0.0357928	0.00226128	0.00322109	0.00169594	0.00174059	0.0120802	0.0178595	0.40249	0.00070836	0.00308253
65	0.037757	0.00399717	0.00931389	0.115532	0.00568116	0.0185845	0.0134248	0.0137537	0.192101	0.0345392	0.0104326	0.0116775	0.00117653	0.103181	0.31538	0.0341655	0.0319684	0.0277348	0.00192765	0.017671
66	0.0432355	0.00135464	0.0161961	0.0300128	0.0378881	0.00088388	0.0497426	0.0318992	0.0794039	0.198904	0.0618461	0.0235833	0.000581571	0.145034	0.156181	0.0305104	0.0254641	0.0320484	0.0138369	0.0213924
67	0.0842878	0.0450819	0.00198987	0.00713317	0.0148468	0.00768811	0.00661229	0.0932061	0.0143689	0.339552	0.0751327	0.00535538	0.00297501	0.0290516	0.0202708	0.0191266	0.0172819	0.203481	0.00490228	0.00765589
68	0.540696	0.0134643	0.00671957	0.0105628	0.00378771	0.0567972	0.0125791	0.0136818	0.00941238	0.012269	0.0123927	0.00681016	0.0099004	0.00796994	0.0158712	0.148951	0.0701304	0.0432379	0.00091827	0.00384771
69	0.162324	0.000242523	0.163421	0.271151	0.000390917	0.0208824	0.0064356	0.00803999	0.0460717	0.0141559	0.000538906	0.0310764	0.00459158	0.121568	0.0841772	0.0360659	0.025497	0.0027916	0.000155195	0.000423927
70	0.0205666	0.000977917	0.00364756	0.0384651	0.00163276	0.0117928	0.0192495	0.012634	0.291345	0.0191744	0.00959744	0.00933702	0.000764774	0.0487037	0.448831	0.0143341	0.0143123	0.0202037	0.000570289	0.0138598
71	0.101324	0.0181721	0.00243277	0.00427033	0.0985996	0.0196556	0.0213988	0.0655636	0.00401939	0.132064	0.0387273	0.0211199	0.00730457	0.00667991	0.0095907	0.0638971	0.0576603	0.186154	0.00379496	0.13757
72	0.0181168	0.000826126	0.0397772	0.0248128	0.00172492	0.299805	0.106088	0.00188019	0.0531525	0.00787322	0.00131277	0.204843	0.00133283	0.105389	0.0548832	0.061704	0.0108522	0.00262004	0.000643861	0.00236191
73	0.0830674	0.00754815	0.0252526	0.0990503	0.0105524	0.0429631	0.0126056	0.00159378	0.112026	0.0214345	0.0135604	0.0333242	0.000514031	0.150373	0.23705	0.0920885	0.03603	0.0119413	0.00340236	0.00562158
74	0.022261	0.0183944	0.00108165	0.0107165	0.00864755	0.00105047	0.00138886	0.180893	0.00664316	0.494316	0.055004	0.00165485	0.00323607	0.0381703	0.0237745	0.00902709	0.0184921	0.0948668	0.000401391	0.00998033
75	0.01902	0.0087299	0.00128096	0.00244237	0.14176	0.0121893	0.0163245	0.0821075	0.0133573	0.265932	0.0505544	0.00163227	0.00468275	0.0189836	0.0308499	0.00736939	0.0135755	0.0920865	0.0250607	0.192061
76	0.161442	0.000248901	0.165033	0.273344	0.000395687	0.0211389	0.00656875	0.00795399	0.045654	0.0139721	0.000528807	0.0309627	0.0045076	0.120169	0.0833211	0.0359722	0.0252953	0.00281133	0.000157268	0.000523526
77	0.220443	0.0401947	0.000960291	0.00120396	0.00339615	0.013445	0.00271075	0.117955	0.00150794	0.120913	0.0428942	0.00311584	0.00595952	0.00195997	0.00167295	0.0205115	0.0314823	0.368017	0.000461946	0.00119452
78	0.0112456	0.0439493	0.00364881	0.00478438	0.00477332	0.00499566	0.122406	0.00683556	0.00637012	0.119199	0.0644534	0.367963	0.00243599	0.00911096	0.00661096	0.0690329	0.0895525	0.0314019	0.00173277	0.0294975
79	0.734153	0.0179336	0.00161233	0.00174711	0.00199645	0.184221	0.00162959	0.00975057	0.00185576	0.00297483	0.00237761	0.00161526	0.0157114	0.00201792	0.00273322	0.00769209	0.00293929	0.00496822	0.000559078	0.0015111
80	0.041982	0.00112933	0.0140417	0.0269378	0.0423083	0.00196177	0.0438212	0.0351848	0.0721748	0.206885	0.0602804	0.0212064	0.0011038	0.131808	0.162506	0.0303545	0.0221336	0.0370002	0.0184963	0.0286833
81	0.162146	0.000243764	0.164026	0.271447	0.000400093	0.0211682	0.00645373	0.00807982	0.0460752	0.0140444	0.00053224	0.03118	0.00458039	0.120724	0.0838057	0.0362478	0.02542	0.00280735	0.000155763	0.000462964
82	0.013413	0.00828209	0.00115007	0.00126302	0.251537	0.00544155	0.0148134	0.0409955	0.00338352	0.224233	0.0635418	0.00173621	0.00117139	0.0123838	0.00900452	0.00343076	0.00681423	0.0400078	0.0297658	0.267632
83	0.0179648	0.00319706	0.000612362	0.00532452	0.0554642	0.000906448	0.00101027	0.144386	0.0013459	0.609415	0.0687829	0.000824323	0.000965908	0.00347274	0.00280121	0.00191195	0.00558566	0.0656985	0.000643765	0.00968708
84	0.00246494	0.000596498	0.00069057	0.000972296	0.442471	0.000917054	0.0047727	0.00197746	0.00114204	0.0161813	0.00318377	0.00107147	0.00268521	0.00253152	0.00139039	0.00181627	0.00188746	0.0097618	0.061904	0.441582
85	0.0569758	0.0159687	0.00897543	0.122931	0.00457038	0.238359	0.0191644	0.00416559	0.0757242	0.0229359	0.0191073	0.0128787	0.00153585	0.0873141	0.192395	0.0781904	0.0254929	0.00772394	0.00183179	0.00375975
86	0.0187392	0.0191999	0.000639154	0.00712882	0.0114236	0.000839756	0.000822485	0.208116	0.0043169	0.4648	0.0523556	0.000789505	0.00287791	0.0273327	0.0180083	0.00692339	0.0169123	0.129743	0.000567085	0.00846451
87	0.0944766	0.00770948	0.00461118	0.00736183	0.00481349	0.72931	0.00581718	0.0024023	0.0125949	0.0073968	0.00458911	0.0395333	0.0103894	0.00683146	0.00687576	0.0420571	0.00510835	0.00586695	0.000623972	0.0016311
88	0.00235125	0.000534426	0.000669213	0.000911762	0.440224	0.000939141	0.00386105	0.00131729	0.0011187	0.0108199	0.00101067	0.00105882	0.0025372	0.00208357	0.00135023	0.00176001	0.00178013	0.0101595	0.059583	0.45593
89	0.503924	0.00632483	0.00238599	0.00278752	0.00232616	0.0516811	0.0230867	0.0118541	0.00994112	0.00617931	0.0155217	0.00314207	0.00347949	0.00399402	0.0242191	0.215549	0.0836652	0.0262784	0.000756654	0.00290361
90	0.0078077	0.0020161	0.00211315	0.00252817	0.0644848	0.00382394	0.113439	0.0457185	0.0370961	0.0559908	0.0346967	0.00334088	0.00174421	0.0166098	0.0539961	0.0205379	0.0235983	0.0436706	0.0319368	0.434851
91	0.0802618	0.000599786	0.384757	0.255465	0.00153941	0.0338718	0.012453	0.00364638	0.015916	0.00544187	0.00139318	0.0202015	0.00202107	0.0498143	0.0359151	0.0526502	0.0325818	0.00636284	0.000425608	0.00468162
92	0.0857146	0.0124085	0.00594555	0.00479238	0.0923482	0.0290481	0.0476809	0.0159522	0.0716726	0.0406963	0.0162991	0.00407911	0.0358622	0.0309986	0.284027	0.027379	0.0567759	0.0565428	0.016789	0.0649876
93	0.0260888	0.00991182	0.00317282	0.00502202	0.223786	0.00718482	0.0117177	0.0676111	0.00769415	0.262998	0.075307	0.0037348	0.00398141	0.0160811	0.012707	0.0114603	0.0166178	0.0652733	0.016244	0.153406
94	0.0392682	0.0126873	0.00338824	0.00591384	0.0448311	0.0102793	0.0950002	0.0123721	0.101017	0.0379209	0.016444	0.00508836	0.00485178	0.0395503	0.413185	0.0592271	0.0242737	0.0270011	0.00435357	0.0433473
95	0.0369785	0.00120096	0.0887884	0.0427746	0.00261219	0.224584	0.110756	0.00285044	0.0503475	0.00597002	0.00210079	0.223618	0.00177342	0.0810951	0.0429572	0.0626777	0.0117024	0.00346856	0.000839993	0.00290426
96	0.0492039	0.00212667	0.0191416	0.0437652	0.00462314	0.0320033	0.0353058	0.0098589	0.221814	0.0237347	0.00866426	0.0542507	0.0026574	0.0616403	0.339701	0.0454852	0.022181	0.0149737	0.00139444	0.00747501
97	0.0272664	0.00807283	0.000359082	0.000409275	0.00737458	0.000514951	0.000467705	0.330912	0.00210284	0.165467	0.0101205	0.00049721	0.000264592	0.00143401	0.00237677	0.00301562	0.0040981	0.426328	0.00187887	0.00704046
98	0.00738996	0.00224029	0.0021062	0.00301908	0.00291957	0.00305831	0.00315732	0.283988	0.00405284	0.0482148	0.44241	0.00281919	0.00179787	0.00428579	0.0053666	0.00623848	0.0773753	0.0957494	0.000888251	0.00292226
99	0.00807052	0.0230462	0.00761043	0.0272528	0.13734	0.00295069	0.00295261	0.287783	0.00353531	0.0676402	0.0133753	0.00199378	0.00222779	0.00415361	0.00468068	0.00415642	0.0238492	0.266196	0.0244451	0.0867404
100	0.0900252	0.0041052	0.0172704	0.0136244	0.0103745	0.0172407	0.0065565	0.0263611	0.0172151	0.0159677	0.0108854	0.0113649	0.500654	0.0362286	0.0607679	0.0927297	0.0301503	0.0313157	0.00154474	0.00561777
101	0.0305266	0.00825223	0.000783749	0.00161519	0.00919371	0.00131036	0.001774	0.32695	0.00450055	0.142828	0.0128649	0.00120772	0.00149556	0.00230926	0.00352749	0.00403704	0.007923	0.428703	0.00197789	0.00822033
102	0.0756473	0.040527	0.00284068	0.00256725	0.0688339	0.00618615	0.0777054	0.0259691	0.115698	0.047949	0.0428218	0.00271673	0.00459459	0.023833	0.320482	0.0259226	0.0342532	0.0487364	0.00400713	0.0287089
103	0.109082	0.00792737	0.022038	0.0773164	0.0112766	0.053212	0.00706607	0.00168642	0.106879	0.029282	0.0116329	0.0263668	0.000543093	0.141989	0.238031	0.0951094	0.0362347	0.0147421	0.00359137	0.00599344
104	0.0636331	0.00356105	0.0063446	0.0103424	0.00407671	0.644479	0.00537903	0.00214147	0.0184872	0.00468028	0.00860322	0.0395036	0.00567377	0.00717657	0.0180671	0.144097	0.00662401	0.00339023	0.000539439	0.00320011
105	0.0895899	0.00300713	0.0378476	0.119527	0.00439479	0.0322889	0.0278968	0.00318758	0.154222	0.0141469	0.00922257	0.0578592	0.00112132	0.144342	0.193684	0.073889	0.024006	0.00601843	0.00124469	0.00250405
106	0.00904652	0.0172567	0.00278641	0.00371616	0.0175934	0.00286585	0.00327556	0.138104	0.00478328	0.0361474	0.00400957	0.00276279	0.0716876	0.00384662	0.00494108	0.0203513	0.121493	0.528982	0.00147301	0.00487717
107	0.0253791	0.00817834	0.00038144	0.000482688	0.00574156	0.000547889	0.000540208	0.351875	0.000611598	0.10994	0.0096106	0.000492142	0.000351634	0.000650698	0.000749657	0.00098844	0.00295635	0.474359	0.000744765	0.00541846
108	0.71918	0.0172636	0.00161644	0.00174008	0.00192113	0.199162	0.00153182	0.00930896	0.00185757	0.00297355	0.00233369	0.00192622	0.0165326	0.00205398	0.00271698	0.00796215	0.00279112	0.00508785	0.000513691	0.00152643
109	0.0155081	0.00489104	0.00413502	0.00509476	0.409901	0.00488697	0.0098665	0.0443047	0.0074204	0.0547915	0.0181402	0.00531777	0.00401551	0.0103174	0.00992413	0.0113497	0.0116107	0.0299314	0.0381742	0.300419
110	0.247677	0.0057515	0.0368729	0.0183501	0.0031615	0.106748	0.0144168	0.0103533	0.0215137	0.00762205	0.0144525	0.0125485	0.0122072	0.008882	0.030141	0.257466	0.169952	0.0175142	0.00120596	0.00316397
111	0.236039	0.00896677	0.00284895	0.00412224	0.00282075	0.511026	0.00526873	0.00433279	0.00815194	0.00674464	0.0104526	0.0195053	0.0245239	0.00760281	0.00945317	0.111696	0.0142094	0.00916565	0.000621379	0.0024477
112	0.0467653	0.00649283	0.0122031	0.0321008	0.0152285	0.0248801	0.0305319	0.0186173	0.169237	0.0331894	0.0148695	0.0192082	0.00608603	0.049501	0.405557	0.0406453	0.0267838	0.0276332	0.00351872	0.0169506
113	0.149347	0.00205353	0.00255731	0.00352479	0.00348054	0.00344158	0.00345131	0.203412	0.075216	0.0727973	0.003377	0.00339963	0.00355158	0.00414706	0.149826	0.0692005	0.0663477	0.176036	0.00156279	0.00326979
114	0.0173586	0.00324438	0.000594394	0.00526102	0.0549412	0.000718871	0.000853219	0.144991	0.0011348	0.61356	0.0686363	0.000811755	0.000553739	0.00337215	0.0026709	0.00170222	0.00554891	0.0643351	0.000449092	0.00926199
115	0.0706399	0.00363182	0.137331	0.0421287	0.060262	0.16646	0.0434226	0.00622913	0.0242428	0.0475773	0.0253126	0.0037978	0.0605357	0.00631819	0.0467387	0.0735071	0.0720016	0.0296686	0.00190218	0.0782928
116	0.714515	0.0160594	0.00179738	0.00187914	0.00210642	0.17212	0.00212142	0.00950366	0.00204526	0.00371452	0.002589	0.00186206	0.0426736	0.00220825	0.00329886	0.00929823	0.00389313	0.00593023	0.000618653	0.00176598
117	0.0547188	0.00762778	0.0142514	0.034958	0.0119318	0.0291238	0.0351116	0.0199977	0.335182	0.0388194	0.0182891	0.0246599	0.00604568	0.0475443	0.18481	0.0418509	0.0446523	0.031051	0.00354283	0.0158321
118	0.00536594	0.00139537	0.001838	0.00160557	0.379519	0.00171896	0.0248887	0.00930362	0.00637401	0.026175	0.0082411	0.00494323	0.00263571	0.00654262	0.00607302	0.00520079	0.0068732	0.0150994	0.0503955	0.435811
119	0.0139718	0.0136438	0.000976497	0.0088715	0.00600009	0.00109378	0.00121711	0.210933	0.00412138	0.449194	0.0854763	0.00117038	0.00530825	0.0392598	0.0285453	0.00702816	0.0293356	0.0869916	0.000411603	0.00645027
120	0.0481892	0.0132264	0.0461235	0.0363563	0.0170563	0.0963879	0.0753482	0.0192825	0.0361256	0.0382645	0.0190355	0.273046	0.0131772	0.043113	0.0417939	0.0678306	0.0465659	0.0303374	0.00627706	0.0324632
121	0.00624828	0.00352377	0.00767331	0.00142026	0.00209334	0.0185332	0.00939888	0.00270114	0.0293423	0.00337422	0.00194042	0.00780183	0.00154924	0.00253121	0.002906	0.316453	0.57582	0.00411687	0.00067698	0.00189547
122	0.130891	0.00271301	0.00654793	0.00996925	0.00545226	0.0134929	0.00540915	0.0135489	0.0250143	0.00878907	0.00747058	0.00479168	0.463987	0.0648591	0.0704828	0.131313	0.0154498	0.0144619	0.00125476	0.00410105
123	0.0983008	0.00036217	0.225827	0.369309	0.000726115	0.0435411	0.0146406	0.00363977	0.0199214	0.00579783	0.000836749	0.0211967	0.00180541	0.0694864	0.0429902	0.0503427	0.0204537	0.0060117	0.000207641	0.00460346
124	0.00589465	0.00350695	0.00764985	0.00142819	0.00209303	0.0191018	0.00941409	0.00265029	0.0290851	0.0032494	0.00190464	0.00778356	0.00141164	0.00249859	0.00291954	0.316478	0.576458	0.00399626	0.000632768	0.00184368
125	0.111116	0.00144416	0.0150054	0.0304559	0.00334717	0.0043235	0.00299954	0.0692248	0.0194674	0.0545912	0.0401659	0.00268415	0.414179	0.0254066	0.0306415	0.0462963	0.0305006	0.0943238	0.000964091	0.00286254
126	0.0239293	0.00899786	0.00175062	0.00466768	0.0189741	0.00103733	0.00090231	0.315545	0.00418269	0.254868	0.010608	0.000828853	0.000559858	0.00382396	0.00579759	0.00672044	0.0111527	0.299762	0.00830245	0.0175893
127	0.00235125	0.000534426	0.000669213	0.000911762	0.440224	0.000939141	0.00386105	0.00131729	0.0011187	0.0108199	0.00101067	0.00105882	0.0025372	0.00208357	0.00135023	0.00176001	0.00178013	0.0101595	0.059583	0.45593
128	0.0221364	0.00144746	0.0741629	0.0788701	0.0022848	0.00187239	0.0998653	0.00363283	0.101124	0.0126236	0.00268919	0.15757	0.001249	0.0213633	0.117103	0.147912	0.109648	0.0407681	0.000769608	0.00290908
129	0.049312	0.00509834	0.0200233	0.0351297	0.0163013	0.0353946	0.0376889	0.0198793	0.321357	0.0362277	0.0161146	0.0329222	0.00532921	0.0485453	0.182239	0.0449039	0.0407281	0.0302727	0.00370388	0.0188293
130	0.0650353	0.00115353	0.012722	0.0209576	0.0012885	0.337038	0.0117424	0.00243497	0.020219	0.00276653	0.00378473	0.0306579	0.00117384	0.0225072	0.0652637	0.373517	0.0171635	0.00315032	0.000538209	0.00688597
131	0.0887919	0.00178243	0.0184631	0.0848743	0.00305173	0.0301856	0.0376335	0.00341227	0.21016	0.0133895	0.00973672	0.0695394	0.000632324	0.128167	0.195254	0.0752293	0.0220483	0.00520396	0.000852622	0.00159189
132	0.0494347	0.00339431	0.0025395	0.00411703	0.00465394	0.00397778	0.10214	0.0927851	0.00521914	0.196016	0.0248586	0.0602867	0.00256428	0.0440999	0.00558558	0.0278882	0.0825032	0.280745	0.00125787	0.00593367
133	0.0186005	0.00346381	0.000632228	0.00530539	0.0558677	0.00119408	0.00114189	0.144128	0.00134525	0.603248	0.0693154	0.000872437	0.00149339	0.00390371	0.00283172	0.00204862	0.00592485	0.0673052	0.000721012	0.0106568
134	0.00235125	0.000534426	0.000669213	0.000911762	0.440224	0.000939141	0.00386105	0.00131729	0.0011187	0.0108199	0.00101067	0.00105882	0.0025372	0.00208357	0.00135023	0.00176001	0.00178013	0.0101595	0.059583	0.45593
135	0.120763	0.0103473	0.00228252	0.0045351	0.00362528	0.740666	0.00121681	0.00183111	0.00844868	0.00828977	0.00450807	0.0337821	0.0138996	0.00268309	0.00192612	0.0307551	0.00239559	0.00629321	0.000502656	0.00124914
136	0.0173746	0.00324437	0.000590928	0.00525391	0.0549774	0.000718757	0.000853305	0.144991	0.00113189	0.613597	0.0685713	0.000811772	0.000549529	0.00334097	0.00264267	0.00169637	0.00551844	0.0644168	0.000454504	0.00926437
137	0.0281715	0.00242035	0.171616	0.0452313	0.0315253	0.0220678	0.158362	0.00599503	0.00489857	0.00834296	0.00437923	0.269895	0.0371089	0.0152211	0.00576377	0.0269514	0.0392809	0.0093071	0.00971914	0.103742
138	0.042453	0.00048586	0.0161004	0.0308535	0.0362774	0.000863098	0.0492856	0.0316168	0.0787074	0.203918	0.0613828	0.0246907	0.000579309	0.148042	0.154969	0.0310996	0.0244587	0.0287672	0.0145878	0.0208626
139	0.439395	0.00692306	0.00890275	0.0114443	0.00574268	0.0528157	0.0409432	0.0131298	0.015606	0.0106023	0.0158967	0.00959754	0.00783239	0.0106519	0.0264932	0.216037	0.067617	0.0293039	0.00203382	0.00903239
140	0.0262948	0.00362532	0.00321982	0.0104831	0.0112059	0.0172089	0.0522098	0.00846713	0.239322	0.0428591	0.00741763	0.00790819	0.00135072	0.0364084	0.427827	0.0446538	0.0184913	0.0212926	0.00132135	0.018434
141	0.0933636	0.00916037	0.0217537	0.0871865	0.0118494	0.0464212	0.00675679	0.00151472	0.104209	0.0264179	0.0133743	0.0245691	0.000523211	0.147279	0.248514	0.0946251	0.036236	0.0146127	0.00427314	0.00736099
142	0.271733	0.0405144	0.000933551	0.00122935	0.00392881	0.0139138	0.00352221	0.07726	0.00137201	0.0950339	0.026794	0.00243736	0.00796607	0.00175601	0.00166555	0.0332563	0.0336729	0.381209	0.000466452	0.00133494
143	0.0260346	0.00727204	0.000373391	0.000402555	0.00766925	0.000933391	0.000446639	0.327816	0.000585167	0.144048	0.0132644	0.000441888	0.000273136	0.000614575	0.000697826	0.000931986	0.00375707	0.456372	0.000871376	0.00719457
144	0.0253666	0.00725823	0.000378851	0.000423608	0.0072408	0.000806553	0.000432113	0.334793	0.000613715	0.136592	0.0125168	0.000452863	0.000320433	0.000616219	0.000712626	0.000967147	0.00352793	0.459374	0.00082489	0.00678264
145	0.179246	0.0816275	0.0026618	0.00256089	0.00541027	0.0125912	0.00520778	0.0611226	0.00387065	0.131406	0.0658524	0.00650784	0.00799929	0.00630895	0.00457419	0.0434599	0.0388442	0.336668	0.000987271	0.00309403
146	0.0924492	0.00292814	0.172126	0.334301	0.00433985	0.0390897	0.0206675	0.0126749	0.0300235	0.0196768	0.00946652	0.0283929	0.0050013	0.0595041	0.0511805	0.0534266	0.0320336	0.0209401	0.00219934	0.00957903
147	0.0869525	0.00772817	0.00909211	0.00845832	0.00481956	0.727703	0.00516636	0.00230337	0.0144463	0.00707305	0.0057506	0.0405039	0.00917254	0.00644982	0.00816877	0.0418147	0.0058305	0.00599977	0.000599359	0.00196747
148	0.0220216	0.00823355	0.0121618	0.014221	0.024942	0.00854091	0.149107	0.0259267	0.0219812	0.0693108	0.0229906	0.176231	0.00701685	0.0681167	0.0190279	0.066075	0.0544719	0.0689133	0.00496676	0.155744
149	0.0677647	0.00419428	0.0179851	0.0044119	0.254839	0.00531622	0.00758132	0.0925853	0.0346537	0.0957323	0.0601733	0.00486672	0.00375552	0.0167653	0.0069124	0.0242063	0.126056	0.141239	0.0025021	0.0284599
150	0.0178476	0.00246469	0.722869	0.0519914	0.0043393	0.00821306	0.0064213	0.00434491	0.00532797	0.00637116	0.00414562	0.0286759	0.00487512	0.00743735	0.0140413	0.0493356	0.0477432	0.00735903	0.00121685	0.00497984
151	0.254669	0.047736	0.0021578	0.00313584	0.0217132	0.00798556	0.0161786	0.0436592	0.00404559	0.0914102	0.0166859	0.00327871	0.00750642	0.0045004	0.00513042	0.0220903	0.0192778	0.424514	0.00157352	0.00275112
152	0.0165279	0.00573829	0.000685982	0.00562103	0.0418064	0.000843829	0.000944317	0.192712	0.00237574	0.555112	0.0633447	0.000918871	0.001313	0.00993259	0.00748469	0.00359291	0.00906355	0.0729086	0.000649768	0.00842408
153	0.360266	0.00248675	0.00300739	0.00414889	0.00395633	0.0803926	0.0271362	0.0212055	0.0205521	0.00591331	0.0337187	0.00411542	0.00437263	0.00582148	0.0537029	0.246969	0.106253	0.00989853	0.00130999	0.00477278
154	0.18052	0.114696	0.00320128	0.00288258	0.00458101	0.0133069	0.00391311	0.0173484	0.004375	0.279512	0.171046	0.00930223	0.00239277	0.0112	0.00554917	0.0455257	0.0159877	0.109899	0.00133954	0.00342133
155	0.0896231	0.00511137	0.0406243	0.00784974	0.123644	0.007942	0.193953	0.0134772	0.0149809	0.0252329	0.0448064	0.0116736	0.0064369	0.0834008	0.0148226	0.0145159	0.0178327	0.0550386	0.00468048	0.224353
156	0.261391	0.00387422	0.00636489	0.146623	0.00642898	0.00657262	0.00913187	0.0620528	0.021841	0.047109	0.0600037	0.0471748	0.00322144	0.11374	0.0988733	0.0671993	0.0133645	0.0155909	0.00181792	0.00762412
157	0.299577	0.00271266	0.00379232	0.0274257	0.0226419	0.0252707	0.049069	0.0271267	0.0641749	0.0276385	0.0256859	0.040382	0.00304745	0.0281802	0.0500006	0.138611	0.030802	0.0732652	0.00138979	0.0592066
158	0.0627981	0.0015147	0.151271	0.182296	0.0035219	0.312637	0.0323703	0.0032167	0.0216079	0.00517862	0.00254792	0.0671994	0.00311924	0.0445791	0.027135	0.0506834	0.0155428	0.00604956	0.000684792	0.0060462
159	0.00591804	0.0227353	0.0086307	0.0352788	0.104562	0.00207985	0.00173117	0.322884	0.0023649	0.0497213	0.0109347	0.00201923	0.00116697	0.00249378	0.00249986	0.00383884	0.0254404	0.2937	0.0240464	0.0779538
160	0.0192779	0.002177	0.0477719	0.0604373	0.0315912	0.0388241	0.149816	0.00753607	0.00567155	0.00809013	0.00477604	0.301435	0.0428712	0.0264112	0.00572634	0.049962	0.074147	0.0110296	0.017354	0.0950943
161	0.586281	0.0165721	0.00118359	0.00153585	0.00162249	0.024649	0.00612767	0.0113145	0.00212329	0.0118941	0.0055157	0.00279972	0.0028774	0.002053	0.0032459	0.140568	0.100086	0.0773393	0.000638681	0.00157311
162	0.0248987	0.00889125	0.000520914	0.000824835	0.00635455	0.000684329	0.00052347	0.348467	0.00110927	0.108213	0.00974493	0.000517089	0.00116719	0.000735574	0.000948065	0.00113349	0.00431085	0.473952	0.00107011	0.00593422
163	0.572589	0.0147024	0.00222854	0.0030077	0.0025137	0.323138	0.00196861	0.00753828	0.00397604	0.00428592	0.00351746	0.00925581	0.0162108	0.00299633	0.00289856	0.0177837	0.00331538	0.00561719	0.000729726	0.00172693
164	0.128433	0.0397934	0.0030255	0.00360829	0.00345175	0.00489318	0.00357847	0.00618833	0.00425302	0.0226558	0.00402173	0.00330553	0.0776486	0.00488831	0.00557415	0.287984	0.311069	0.0813374	0.00108777	0.00320247
165	0.0532908	0.238008	0.0053465	0.00615884	0.00775589	0.00782165	0.00785625	0.0138837	0.00820059	0.194864	0.194324	0.00751489	0.00542733	0.0391801	0.010581	0.137918	0.0163857	0.0354224	0.00192512	0.00813489
166	0.0807902	0.00579612	0.00868325	0.012752	0.00448747	0.632373	0.00818979	0.00274954	0.0161041	0.00757301	0.00744185	0.0375836	0.0102513	0.0123478	0.0193169	0.113462	0.00989121	0.00585111	0.000681273	0.00367506
167	0.0247185	0.00625677	0.0133456	0.00547232	0.0029707	0.0175656	0.0111659	0.00409064	0.0320926	0.0059269	0.00304203	0.011403	0.00623276	0.0039105	0.0051484	0.278828	0.55271	0.0108825	0.00101783	0.00321977
168	0.081236	0.000464068	0.25463	0.367024	0.000698838	0.0655871	0.024453	0.00148207	0.00730043	0.00176351	0.000920096	0.017463	0.000620631	0.0435098	0.0270848	0.0672672	0.0202404	0.0096898	0.000280725	0.00828462
169	0.0216483	0.00421509	0.00751811	0.00771635	0.0102786	0.00824535	0.693344	0.0121062	0.0126257	0.0153357	0.0107402	0.00767161	0.00532925	0.105067	0.0118603	0.0157466	0.0173212	0.0173409	0.00296897	0.0129209
170	0.202973	0.0293257	0.000805015	0.00112335	0.00336681	0.0139464	0.00230657	0.141223	0.00135011	0.131533	0.0417631	0.0026335	0.00418233	0.00175369	0.00186366	0.0156771	0.0229316	0.378952	0.000588569	0.00170062
171	0.114298	0.00211409	0.0136004	0.0603569	0.00312699	0.0365922	0.0303882	0.00381609	0.22375	0.0211739	0.00813577	0.0605197	0.000531049	0.110722	0.209467	0.0696915	0.0221044	0.00694604	0.000970308	0.001696
172	0.0138507	0.0137573	0.00116832	0.0109	0.00179397	0.00136324	0.00133755	0.205887	0.00490185	0.434395	0.0708075	0.00157289	0.00751919	0.0519858	0.0320758	0.00822096	0.0380685	0.0933817	0.000449816	0.00656263
173	0.0208309	0.00661012	0.0005051	0.00369619	0.0271249	0.000719347	0.000742299	0.220919	0.00221147	0.466957	0.0392771	0.000661927	0.000986061	0.00731567	0.00555789	0.00369441	0.00762104	0.174354	0.00164366	0.00857301
174	0.093396	0.00901509	0.0220752	0.0877347	0.0113211	0.0466514	0.00715143	0.00145013	0.105865	0.0261578	0.013266	0.0251928	0.000510167	0.146611	0.247795	0.0948649	0.0360677	0.0141034	0.00400773	0.00676313
175	0.0354505	0.00113038	0.00559276	0.0244647	0.00161851	0.0281487	0.0263738	0.00901135	0.316029	0.0214054	0.00653904	0.0239261	0.000747679	0.0435565	0.391664	0.0244238	0.0169429	0.014809	0.000521881	0.00764458
176	0.0233652	0.0154915	0.00102109	0.00118697	0.231495	0.00927423	0.0111604	0.0583099	0.00385415	0.24741	0.0557163	0.00120488	0.00166278	0.0198923	0.0133286	0.00294857	0.0105778	0.0740138	0.0113654	0.206721
177	0.0265987	0.00748667	0.000371198	0.000395295	0.0073998	0.000937303	0.000460074	0.330124	0.000559092	0.13878	0.0130327	0.00045021	0.000269982	0.000628533	0.000691458	0.000918341	0.00354161	0.45969	0.000828384	0.00683693
178	0.00569965	0.0255255	0.0099991	0.0322034	0.0765053	0.00209708	0.00179664	0.307715	0.00231192	0.0525495	0.00900841	0.00202037	0.00342869	0.00231634	0.00244939	0.00409431	0.0329149	0.330641	0.0233099	0.0734141
179	0.0213163	0.0157937	0.00139014	0.00240952	0.231386	0.00845194	0.00979246	0.0723252	0.00378157	0.239931	0.0504865	0.00133067	0.00148039	0.0170761	0.0123161	0.00292208	0.0104895	0.0836128	0.0117588	0.201949
180	0.170252	0.06703	0.00175695	0.00221558	0.0041689	0.0269854	0.00357431	0.064882	0.0033441	0.208635	0.109704	0.0169107	0.00362444	0.00580144	0.00360394	0.0294874	0.0295289	0.243299	0.00086386	0.0043322
181	0.0134297	0.0083928	0.00118942	0.00128071	0.256695	0.00536358	0.0142446	0.0404612	0.0031413	0.227501	0.0641558	0.00140895	0.00118407	0.0125435	0.00841954	0.00270715	0.00647352	0.038615	0.0304235	0.26237
182	0.0185541	0.0024342	0.717693	0.045005	0.00404014	0.00781863	0.00653752	0.00509226	0.00711355	0.00686288	0.00486246	0.0288868	0.00673004	0.00714315	0.0155135	0.0499239	0.049875	0.00870713	0.00146104	0.0057458
183	0.224553	0.00656193	0.00404573	0.00441668	0.00459732	0.319535	0.00663942	0.00730392	0.00876288	0.00877945	0.0272973	0.00991224	0.0859963	0.0316275	0.0162183	0.203733	0.013035	0.0110158	0.00148332	0.00448642
184	0.0184833	0.00268739	0.709509	0.0472126	0.00456734	0.00703105	0.0066716	0.00674473	0.00679246	0.00752717	0.00492126	0.0303908	0.00714417	0.00916055	0.017477	0.0496406	0.0488	0.00801155	0.00131088	0.00591681
185	0.167152	0.000319007	0.157265	0.265286	0.000540737	0.0227826	0.00629203	0.00858545	0.0479443	0.0144512	0.000737564	0.0333668	0.00526021	0.117115	0.0854768	0.0358881	0.0271372	0.00364552	0.000204236	0.000550327
186	0.581557	0.0145286	0.00731685	0.00581461	0.00611939	0.118581	0.00486411	0.0164188	0.00632027	0.0129288	0.0120757	0.00648821	0.0971636	0.00820216	0.0115523	0.0335691	0.0230107	0.0268213	0.00145097	0.00521561
187	0.092251	0.00798329	0.00533003	0.00743037	0.00505975	0.72459	0.00417268	0.00352588	0.0142414	0.0083142	0.00547879	0.0373868	0.0110565	0.00656247	0.00879321	0.0414732	0.00688909	0.00640729	0.000702528	0.00235105
188	0.0637169	0.00190827	0.00315211	0.0654778	0.00387232	0.00298987	0.00389592	0.0970739	0.0780826	0.0903007	0.00516809	0.017275	0.0016963	0.297936	0.140974	0.00691876	0.0441657	0.067531	0.00142842	0.00643625
189	0.14942	0.00137863	0.00877576	0.0741436	0.00216634	0.0198914	0.0289013	0.0133623	0.244492	0.0201479	0.0149688	0.0781596	0.00112883	0.0976037	0.16431	0.0527994	0.019497	0.00638801	0.000567967	0.00189825
190	0.349051	0.00577093	0.0159509	0.0284925	0.00499943	0.130287	0.0175114	0.0106382	0.0308507	0.00918464	0.0146453	0.0158887	0.0105813	0.0262812	0.0707977	0.186508	0.0484982	0.014854	0.00132702	0.00788094
