936	20
1	0.401745	0.022161	0.0176028	0.0204375	0.0113407	0.0553451	0.0141444	0.00845076	0.0165959	0.00768024	0.00278153	0.0187271	0.0125895	0.0272588	0.0178271	0.239511	0.045269	0.0486492	0.00274431	0.00913878
2	0.058501	0.00432331	0.0145046	0.00419736	0.00495779	0.0269558	0.0164791	0.00689104	0.00923611	0.00677175	0.00299132	0.0395653	0.0471567	0.00741904	0.0137624	0.518212	0.203299	0.0132399	0.000438624	0.00109789
3	0.0418227	0.00807764	0.00263636	0.00644252	0.0144245	0.0188557	0.00431407	0.0168749	0.00275492	0.0183665	0.0276208	0.00338939	0.00219533	0.00334502	0.0025753	0.259812	0.531913	0.0325539	0.000676785	0.00134775
4	0.071798	0.0128829	0.00306763	0.00210736	0.0817159	0.00842718	0.00787247	0.168962	0.00851172	0.167952	0.0458903	0.00659387	0.00961963	0.0070435	0.00281579	0.0321352	0.0237873	0.266647	0.0040982	0.0680724
5	0.240882	0.0198255	0.00289421	0.00703382	0.024594	0.214828	0.00198663	0.114555	0.00488983	0.0552349	0.0193914	0.00540297	0.0111085	0.00531605	0.00330133	0.0476653	0.0479246	0.169666	0.000942958	0.00255696
6	0.0240246	0.00683119	0.00405367	0.00327447	0.255682	0.00537253	0.0168676	0.0943135	0.00459168	0.256814	0.038687	0.00760347	0.0074044	0.00787052	0.00318799	0.0222017	0.0154327	0.116774	0.00904313	0.0999702
7	0.00704069	0.00292579	0.00087446	0.000593862	0.0244672	0.00276739	0.00175575	0.492597	0.00354689	0.0558181	0.0217203	0.00199679	0.00481495	0.00625496	0.00245683	0.00644213	0.0125695	0.333378	0.000434107	0.0175458
8	0.259685	0.0207155	0.00268072	0.00738275	0.0288765	0.146257	0.00163635	0.133216	0.0037713	0.0604049	0.0177471	0.00420366	0.00949084	0.00354349	0.00239106	0.0431518	0.054329	0.197667	0.000797966	0.0020521
9	0.0318526	0.0047208	0.0167868	0.0363637	0.0175873	0.0181956	0.0366818	0.101038	0.0565446	0.0870504	0.0416039	0.027835	0.00668001	0.0440748	0.0663261	0.0746448	0.105094	0.198535	0.00862582	0.0197591
10	0.00251831	0.00826951	0.00333065	0.0096432	0.228982	0.0102319	0.0066559	0.0141747	0.00274487	0.557564	0.0936893	0.00223993	0.0108756	0.00336194	0.00163518	0.00326966	0.00292254	0.0151724	0.00426235	0.0184556
11	0.0137135	0.00411746	0.00414344	0.00445056	0.293849	0.00174489	0.0395688	0.0427119	0.00376531	0.116731	0.0153968	0.0125073	0.00837678	0.0143019	0.00130231	0.0251144	0.0136263	0.0378722	0.0114892	0.335217
12	0.0269771	0.00639823	0.000674366	0.000990656	0.0119067	0.00371596	0.00197257	0.304803	0.00112519	0.0713163	0.00731781	0.00328047	0.00647885	0.00422819	0.00191749	0.0123844	0.0311525	0.494663	0.00073165	0.00796542
13	0.314268	0.00890351	0.0123832	0.0219027	0.0108386	0.343233	0.00612132	0.0236869	0.00889155	0.00972993	0.00496167	0.00555152	0.00882682	0.0119917	0.00693606	0.0700515	0.0602213	0.0653881	0.00138436	0.00472834
14	0.355557	0.018217	0.0126617	0.0155895	0.0106669	0.0602745	0.0121185	0.033831	0.0121257	0.0161511	0.00638145	0.0159785	0.0110386	0.0235781	0.0230171	0.166939	0.0952377	0.100059	0.00191258	0.00866461
15	0.0678899	0.00563244	0.0153099	0.00827889	0.00943236	0.0367201	0.0182672	0.00905942	0.0144023	0.00939176	0.00529804	0.0355089	0.052469	0.0152343	0.0197747	0.441083	0.214666	0.018646	0.000732552	0.00220326
16	0.0573817	0.0102618	0.00244297	0.00409941	0.0475779	0.00904947	0.00418353	0.223582	0.0093988	0.190213	0.0432857	0.00563605	0.00864638	0.00607563	0.00724733	0.0261533	0.0329062	0.284981	0.00270624	0.0241722
17	0.0578749	0.00453787	0.0149453	0.0189614	0.0083782	0.0202786	0.0235472	0.0124203	0.0191609	0.0389305	0.0185322	0.0163943	0.527837	0.041461	0.0183967	0.0774203	0.0422117	0.027513	0.00301569	0.00818306
18	0.142264	0.00973391	0.0281071	0.0341407	0.0119101	0.0283793	0.0105715	0.070766	0.0199682	0.0252775	0.0315371	0.0342756	0.0406991	0.0242486	0.0165672	0.162657	0.228852	0.0709928	0.00176257	0.00728959
19	0.0240646	0.00293336	0.000637498	0.0008296	0.0279008	0.00410388	0.00185602	0.332231	0.00473358	0.223039	0.031754	0.00162827	0.00465812	0.00387339	0.00683412	0.00937166	0.0206312	0.292341	0.00115405	0.00542403
20	0.38295	0.0311357	0.0131743	0.0171394	0.00475006	0.0350899	0.00490065	0.00359285	0.00850147	0.0121667	0.00191693	0.0186835	0.0054634	0.0134677	0.00819701	0.353132	0.0346128	0.0348589	0.00483519	0.0114313
21	0.104266	0.013633	0.00970415	0.0159976	0.0145249	0.0156327	0.0062066	0.142748	0.0214679	0.0522484	0.0470294	0.0300384	0.0395482	0.0200316	0.0184139	0.105366	0.196685	0.137354	0.00127934	0.00782431
22	0.0333886	0.00509826	0.0182154	0.0434678	0.0205871	0.00912971	0.0251642	0.114808	0.0809665	0.125718	0.0460051	0.0350658	0.0130337	0.0487442	0.112721	0.0567481	0.0915507	0.095238	0.00772704	0.0166231
23	0.0619921	0.00796255	0.0526092	0.0283679	0.0173083	0.0377798	0.0169342	0.0340853	0.101419	0.01499	0.00738379	0.115852	0.00582282	0.0506491	0.169394	0.176327	0.0580522	0.0236359	0.00280592	0.0166281
24	0.0179189	0.00499756	0.00411852	0.00702073	0.0688933	0.00599697	0.00697693	0.0995179	0.00796436	0.488435	0.0935799	0.00884932	0.00586938	0.00896314	0.0090213	0.0135027	0.0149281	0.104557	0.0040157	0.0248743
25	0.0707497	0.00158553	0.0586225	0.0414131	0.021625	0.0131925	0.0357568	0.0332526	0.0797201	0.0595592	0.0296839	0.0655165	0.109029	0.0371921	0.0633704	0.112796	0.0834736	0.0336424	0.00948086	0.0403386
26	0.062893	0.00556601	0.0472208	0.0519251	0.0114726	0.0580496	0.0244619	0.0413592	0.0518862	0.0381343	0.0129515	0.0692173	0.0682789	0.0497659	0.0519604	0.175302	0.107064	0.0544899	0.00248535	0.0155152
27	0.0860231	0.00604606	0.071894	0.131649	0.0114105	0.0405286	0.0433418	0.0159027	0.0758316	0.0484734	0.0325783	0.0592902	0.0213351	0.125664	0.0428325	0.0680014	0.0413446	0.0258822	0.00334601	0.0486252
28	0.0480703	0.00408253	0.0319844	0.0342008	0.0281788	0.0288339	0.022156	0.0853999	0.051058	0.0771732	0.0282805	0.0397186	0.0102662	0.0333112	0.0517144	0.138285	0.165459	0.0910785	0.00504258	0.0257063
29	0.0374019	0.000981294	0.0302435	0.0728743	0.0221544	0.0034316	0.0430547	0.0462587	0.116142	0.103829	0.0602452	0.056046	0.0128556	0.049056	0.114782	0.0533268	0.106765	0.0377198	0.0138157	0.0190171
30	0.0264877	0.00348903	0.000947802	0.00120787	0.0357877	0.00679415	0.00221361	0.333022	0.0071124	0.217913	0.0412856	0.00205521	0.00808027	0.00523898	0.0095232	0.01164	0.0246674	0.252103	0.00181655	0.00861443
31	0.0656133	0.00219975	0.049363	0.0459843	0.0242781	0.0102573	0.0370131	0.0285646	0.0873208	0.0642104	0.0270425	0.0629094	0.120157	0.0444004	0.0705442	0.11001	0.0707711	0.0308276	0.0104756	0.0380578
32	0.049149	0.00884324	0.0224289	0.0246251	0.0330696	0.0236502	0.0249375	0.144927	0.0282203	0.139811	0.0514639	0.040493	0.0119195	0.042533	0.033449	0.067205	0.0730096	0.143722	0.00185268	0.0346909
33	0.0666515	0.00362947	0.177842	0.231974	0.00670258	0.0245173	0.0286909	0.00694194	0.0447335	0.0181008	0.0130724	0.0686882	0.0264102	0.0889188	0.0318543	0.0941106	0.0374648	0.0176745	0.000249433	0.0117727
34	0.0508449	0.00124687	0.0271059	0.0417407	0.0277755	0.0233038	0.0235161	0.061961	0.0623476	0.0353665	0.0224578	0.0482977	0.00165539	0.0346222	0.0670444	0.149657	0.203292	0.0755755	0.00666665	0.0355231
35	0.00999357	0.00466412	0.000966121	0.00514235	0.451976	0.000969975	0.0234899	0.014621	0.00257205	0.0148157	0.00331324	0.00880686	0.00368461	0.00867733	0.00089162	0.0123496	0.00662032	0.0142726	0.0108071	0.401366
36	0.0526997	0.00126	0.0427332	0.0528485	0.0233344	0.00565059	0.0369262	0.0390827	0.101196	0.0938144	0.0395955	0.0589366	0.0868969	0.0428029	0.0834229	0.0765213	0.085041	0.032678	0.0125331	0.0320261
37	0.0232298	0.00459663	0.00371738	0.00676338	0.0181709	0.00533306	0.00348501	0.319595	0.00997813	0.101832	0.0238218	0.00920447	0.00766129	0.0116529	0.0162885	0.0164649	0.0295048	0.37399	0.00208024	0.0126298
38	0.0240686	0.00337469	0.0708508	0.0716768	0.00998934	0.0276007	0.0633676	0.0309806	0.0978778	0.0199284	0.00497226	0.167308	0.00707419	0.0908185	0.0741307	0.101523	0.0762025	0.0411027	0.000803797	0.0163484
39	0.0107867	0.00468302	0.00125797	0.00482021	0.42829	0.000954915	0.0238794	0.0173005	0.00277231	0.0248567	0.00447521	0.00845892	0.00436297	0.00945947	0.000958047	0.0134774	0.00727814	0.016167	0.0114628	0.404298
40	0.0213284	0.00547832	0.000596343	0.00071946	0.0112377	0.00319578	0.00233825	0.334748	0.0012666	0.0689071	0.00803666	0.00373727	0.00669457	0.0050299	0.00229928	0.00945447	0.0245633	0.480584	0.001011	0.00877291
41	0.0638509	0.0104438	0.0360914	0.0368532	0.0475207	0.163427	0.128707	0.0174029	0.019752	0.029478	0.00785641	0.115189	0.00671722	0.0273937	0.0173349	0.129944	0.0434746	0.0208077	0.0044255	0.0733291
42	0.111583	0.0140768	0.0150982	0.0112563	0.00866412	0.511995	0.0143458	0.0218197	0.0147109	0.0143973	0.00632374	0.0553499	0.0149871	0.0175947	0.0101521	0.0996137	0.0210861	0.0234079	0.000990666	0.0125462
43	0.0142931	0.0058134	0.00354767	0.00856508	0.384401	0.00532163	0.0209408	0.0366477	0.00618897	0.122921	0.0233384	0.0106318	0.00669282	0.0111158	0.00573061	0.018003	0.0159442	0.0342906	0.0107648	0.254848
44	0.224557	0.0134128	0.0240305	0.0387351	0.027411	0.0842194	0.031779	0.0223673	0.0253161	0.0185561	0.00721426	0.0573309	0.0264863	0.0478087	0.0479025	0.219835	0.0265553	0.0452748	0.00247136	0.00873591
45	0.132627	0.00950685	0.0576882	0.0384453	0.0168119	0.0349021	0.0532337	0.0197109	0.0273582	0.0518191	0.0138786	0.0408012	0.0167111	0.0740098	0.0286245	0.243255	0.0476494	0.0324446	0.00435313	0.0561689
46	0.0588832	0.00548356	0.0468633	0.0392808	0.00502308	0.261726	0.0215466	0.00960504	0.0723738	0.00570214	0.00330219	0.116284	0.0143237	0.0406871	0.0837639	0.125163	0.0667823	0.0136104	0.00143717	0.00815832
47	0.0333174	0.00290357	0.0961826	0.0503936	0.00498758	0.199353	0.0364141	0.00877693	0.0446151	0.00701432	0.0050063	0.185571	0.0218481	0.0264933	0.0490451	0.146058	0.0650337	0.0117849	0.000416634	0.00478585
48	0.0102901	0.00488979	0.000980946	0.00529538	0.445521	0.000972824	0.0250875	0.0145373	0.00269263	0.0155925	0.00320774	0.00883638	0.00412501	0.00919588	0.000902154	0.013136	0.00674897	0.0144294	0.0107256	0.402833
49	0.239128	0.015907	0.00797006	0.00890872	0.00734637	0.0304384	0.00555202	0.0883768	0.0123573	0.0390712	0.0173471	0.0206531	0.0124066	0.0149876	0.0246484	0.113723	0.171014	0.161496	0.00104251	0.00762617
50	0.0116357	0.00507979	0.00145638	0.00451581	0.378746	0.00106676	0.0245691	0.0182996	0.00302453	0.0286346	0.00411214	0.00866124	0.00545653	0.0113549	0.00102432	0.0143316	0.00755749	0.0169221	0.0138803	0.439671
51	0.0104989	0.00427854	0.00310067	0.00426809	0.385877	0.00148217	0.0305959	0.0404009	0.00264805	0.0995945	0.0129046	0.0104201	0.00654376	0.0108246	0.00131763	0.0221576	0.0108165	0.0348391	0.0155118	0.291919
52	0.0790447	0.0149531	0.00116324	0.00138286	0.0424518	0.00909209	0.00198301	0.198313	0.00902953	0.185413	0.0518999	0.00411203	0.0104679	0.00468331	0.00285863	0.0260643	0.0245605	0.306475	0.00246922	0.0235824
53	0.0140587	0.00501295	0.00392125	0.00611446	0.288255	0.0017245	0.045627	0.0399157	0.00549509	0.0878826	0.0103556	0.0190272	0.0153523	0.0169405	0.00173027	0.0297001	0.0136239	0.0314116	0.0120492	0.351802
54	0.0466027	0.00346987	0.0232255	0.0496558	0.0245466	0.0184877	0.0242044	0.0797872	0.0682113	0.0420925	0.0229066	0.0533367	0.00484501	0.0394321	0.0725131	0.126956	0.176025	0.0845895	0.00548364	0.0336295
55	0.0399733	0.0079904	0.00319301	0.00556282	0.0141272	0.0185764	0.00492713	0.0145171	0.00274642	0.0182973	0.0259623	0.00510635	0.00312196	0.00308938	0.0028313	0.272599	0.526324	0.029262	0.000645474	0.0011474
56	0.00795182	0.00665381	0.00851373	0.021818	0.00548368	0.00561039	0.0201601	0.00927102	0.422877	0.00653111	0.0107188	0.0255085	0.00877197	0.0417327	0.343043	0.0177401	0.0146337	0.0144373	0.0016842	0.00685909
57	0.0284741	0.00211304	0.000663221	0.00105037	0.0381159	0.00543105	0.00204787	0.286048	0.00674953	0.342197	0.0447809	0.00138857	0.00200403	0.00289633	0.00979118	0.00970571	0.0207032	0.192431	0.00174496	0.00166314
58	0.260756	0.01891	0.00249681	0.00514735	0.0208353	0.0820113	0.00171894	0.137634	0.00336275	0.0640032	0.0167335	0.00688212	0.00905925	0.00547563	0.00548041	0.0515342	0.0789862	0.224727	0.000749922	0.00349673
59	0.0335944	0.0103872	0.0305757	0.0415376	0.0208629	0.0220873	0.123627	0.0191662	0.133519	0.0368639	0.0150556	0.0591948	0.0135254	0.0815239	0.19033	0.0520233	0.0405066	0.0291366	0.0113225	0.0351596
60	0.0307484	0.00216957	0.000581955	0.000928589	0.0366955	0.00526909	0.00206903	0.296264	0.00707664	0.313613	0.0447063	0.0010814	0.00241051	0.00323047	0.00991113	0.010579	0.0222746	0.206858	0.0016481	0.00188571
61	0.00798671	0.916247	0.00124701	0.00127027	0.00113223	0.00139084	0.00430042	0.0129126	0.00418359	0.0101976	0.000941351	0.00141218	0.000970058	0.00165033	0.00132561	0.00598993	0.0112524	0.00494079	0.00661666	0.00403222
62	0.0616811	0.0127042	0.0191367	0.0214256	0.0188824	0.0215973	0.0968608	0.0595743	0.0466795	0.105176	0.0427144	0.0550002	0.017964	0.112188	0.0134649	0.0970626	0.0848655	0.0851478	0.00136619	0.0265079
63	0.0333186	0.00191596	0.101443	0.0499667	0.00524077	0.184175	0.039183	0.00846781	0.0471064	0.00756643	0.00516281	0.200907	0.0174741	0.0262125	0.0488448	0.143261	0.0619235	0.0116915	0.000390941	0.00574754
64	0.0583265	0.00531294	0.113976	0.0803314	0.00786974	0.046035	0.0211473	0.0183852	0.0375519	0.0249585	0.0104745	0.0838157	0.0851825	0.0404922	0.0304313	0.195924	0.0995863	0.0257276	0.00249394	0.0119769
65	0.102604	0.00209253	0.0401201	0.045805	0.0159171	0.00937686	0.0287712	0.0352516	0.0840967	0.0571323	0.0191093	0.0508449	0.158365	0.0303046	0.0647508	0.103522	0.0893433	0.0305222	0.00757115	0.0245004
66	0.0129628	0.00313457	0.00577685	0.00307957	0.318078	0.00176507	0.0394602	0.0584688	0.00282154	0.171581	0.0222571	0.0114753	0.00720074	0.0130507	0.00149557	0.0295535	0.0176812	0.0524551	0.0110504	0.216652
67	0.0218555	0.0131481	0.0556539	0.0553691	0.0531097	0.0382497	0.143199	0.0311287	0.028059	0.0334009	0.00842363	0.143403	0.00928032	0.0561805	0.0403661	0.0766292	0.0558965	0.0181803	0.0194308	0.0990359
68	0.0533988	0.00503108	0.0235655	0.0116228	0.00684416	0.0268476	0.0211971	0.0181786	0.0178422	0.0145008	0.00777509	0.068241	0.0413921	0.0154802	0.0187213	0.427463	0.19141	0.023459	0.00121274	0.0058172
69	0.0140274	0.00561682	0.00299547	0.00601766	0.338357	0.00220147	0.0357414	0.0193303	0.00538617	0.0311169	0.00508892	0.0145022	0.00844978	0.0170684	0.0023834	0.019049	0.0115842	0.018214	0.0113055	0.431564
70	0.0682114	0.00882028	0.0037216	0.00889858	0.0187299	0.00987041	0.00611186	0.228409	0.00951186	0.0771313	0.0211743	0.0123565	0.00885543	0.0088347	0.0108781	0.0381513	0.0911662	0.349593	0.00169798	0.0178765
71	0.0490779	0.00672831	0.188394	0.269907	0.00576152	0.0327107	0.0217285	0.0178618	0.0393904	0.0252804	0.0115517	0.0495548	0.0218799	0.0704669	0.0274384	0.0811046	0.0381352	0.0286558	0.00111256	0.01326
72	0.0546499	0.00795827	0.000975516	0.0016196	0.0375517	0.00668119	0.00216385	0.248656	0.00865309	0.24106	0.0524015	0.00272304	0.0061637	0.00489113	0.00714549	0.0181367	0.0266416	0.258129	0.00204423	0.0117555
73	0.0671421	0.0021775	0.0184599	0.0283874	0.00427447	0.0149999	0.0149537	0.00792175	0.0162605	0.0237316	0.00783482	0.0150431	0.562552	0.0374647	0.0181532	0.0809793	0.0486402	0.0245369	0.00275208	0.00373491
74	0.0136125	0.00454067	0.00173205	0.00310762	0.0546448	0.00649398	0.00320015	0.0874886	0.00520819	0.615826	0.0489202	0.00839972	0.0055582	0.00114951	0.00647009	0.00803135	0.00496607	0.103984	0.00417395	0.0124921
75	0.058297	0.00564833	0.167344	0.259494	0.00516897	0.0325758	0.0277703	0.0116612	0.0467086	0.0203537	0.0109795	0.0591856	0.0236762	0.0867957	0.0295837	0.0824837	0.037935	0.0227194	0.000290215	0.0113301
76	0.00841048	0.909389	0.00126077	0.0014188	0.00119832	0.00177699	0.00472407	0.0130719	0.00429553	0.0104707	0.00101907	0.00148093	0.00100496	0.00176097	0.00144459	0.00879579	0.0121119	0.00549388	0.00671701	0.00415474
77	0.0399045	0.00246658	0.117113	0.0609107	0.0103528	0.0740969	0.0527655	0.0155121	0.0618445	0.0151874	0.00744318	0.21159	0.0123579	0.037757	0.0459449	0.138116	0.0621288	0.0183053	0.000674234	0.0155284
78	0.0127	0.00548577	0.00136263	0.00496114	0.366835	0.00102856	0.0276057	0.0165311	0.00363118	0.0232132	0.00338036	0.00955848	0.00616623	0.0135226	0.00109432	0.0142394	0.00794118	0.0160577	0.0120336	0.452652
79	0.0450244	0.00384733	0.0646307	0.0399972	0.00543513	0.0974773	0.0349821	0.0142072	0.0940688	0.0129595	0.00754504	0.200657	0.00872674	0.0471867	0.0881763	0.144436	0.0574592	0.0168781	0.00182145	0.0144835
80	0.0268524	0.00183946	0.00158584	0.00288127	0.0348668	0.00539727	0.00255258	0.283097	0.00847125	0.319351	0.0421172	0.00307855	0.00303512	0.00506368	0.0132309	0.0111579	0.0220476	0.208083	0.00206748	0.00322358
81	0.0573735	0.00788791	0.000663488	0.0013492	0.0351694	0.00669728	0.0020935	0.246721	0.00789208	0.24177	0.0433826	0.00237006	0.00608784	0.00380035	0.00582338	0.0178418	0.0240664	0.276545	0.00195217	0.0105133
82	0.0248944	0.0098492	0.0153087	0.0802367	0.00514987	0.00460236	0.0374671	0.0196352	0.198967	0.0641959	0.0240038	0.0424749	0.00288625	0.117511	0.217112	0.0512426	0.050474	0.0238632	0.00430228	0.00582353
83	0.261597	0.0211542	0.107381	0.029326	0.00664841	0.0367832	0.0127993	0.00907153	0.0166645	0.0156311	0.00583862	0.025892	0.010792	0.0249436	0.016738	0.295326	0.0664972	0.0232581	0.00367446	0.00998367
84	0.196947	0.0181336	0.00189449	0.00489025	0.0310963	0.0719186	0.00170549	0.168868	0.00424696	0.124274	0.0264322	0.0048684	0.00853554	0.00397373	0.00373514	0.0338056	0.046445	0.240549	0.00133707	0.00634278
85	0.0195586	0.00558424	0.00322666	0.00755617	0.321572	0.00181536	0.055144	0.0212272	0.0109782	0.0403261	0.00644602	0.0187109	0.013006	0.0227474	0.00191734	0.0241983	0.0176687	0.0209445	0.00978021	0.377592
86	0.0307031	0.00223133	0.00204449	0.00443498	0.0300538	0.0059816	0.00348269	0.26446	0.0121253	0.282238	0.0438128	0.00366716	0.00417812	0.0084983	0.0165956	0.017199	0.0276834	0.233179	0.00332091	0.00411023
87	0.313231	0.00851116	0.0245221	0.0151107	0.00999652	0.183227	0.0205352	0.0398209	0.012004	0.00905607	0.00431846	0.00879873	0.00795186	0.0255789	0.0115832	0.149515	0.102565	0.045105	0.00213003	0.00643814
88	0.059698	0.00258271	0.230576	0.241393	0.00562349	0.0209584	0.0282563	0.00526365	0.0374022	0.0139607	0.0109207	0.0605361	0.0294583	0.0837392	0.0263246	0.0854686	0.0328815	0.0151091	0.000355242	0.00949261
89	0.043235	0.00275843	0.292387	0.216583	0.00529696	0.0244396	0.0274248	0.00872252	0.0330715	0.0119342	0.00804077	0.0609876	0.0429719	0.0579815	0.0213535	0.0773707	0.0366242	0.0159897	0.000713932	0.0121134
90	0.0224219	0.00596602	0.000539587	0.000706224	0.0109279	0.00310102	0.00198653	0.323392	0.000856753	0.0695155	0.00687393	0.00322977	0.00665766	0.00438472	0.00188612	0.0100392	0.0271065	0.491656	0.000628558	0.00812377
91	0.0273424	0.00554149	0.00159232	0.00310318	0.0462302	0.00591878	0.00285069	0.176046	0.00751073	0.443728	0.0454377	0.00632998	0.00497158	0.00371769	0.00802183	0.0132906	0.0182606	0.166708	0.00259461	0.0108037
92	0.0378129	0.00630218	0.00511079	0.00271148	0.194075	0.00435358	0.0270508	0.119753	0.00524121	0.157233	0.0317155	0.0100678	0.00800058	0.0103872	0.00260666	0.032053	0.0235112	0.150915	0.00805726	0.163042
93	0.349351	0.00582255	0.0136189	0.0204192	0.0100966	0.282598	0.00609803	0.0291273	0.00720585	0.00970828	0.00484378	0.00447826	0.00618339	0.0103387	0.00563167	0.0583714	0.0803732	0.0901204	0.00126895	0.00434432
94	0.0616127	0.00766586	0.00130386	0.00150122	0.0119965	0.00828991	0.00180464	0.245551	0.0021915	0.0914439	0.0118404	0.00390153	0.00569254	0.00636927	0.00363127	0.0217997	0.0397804	0.463619	0.000845841	0.00915905
95	0.0265344	0.00648326	0.0110636	0.0124798	0.3036	0.0169989	0.0314926	0.0385532	0.0143979	0.0835534	0.0173288	0.0226901	0.0106075	0.0187282	0.0134274	0.0521007	0.0340826	0.0415439	0.0104541	0.23388
96	0.408501	0.0230235	0.0124169	0.0187469	0.00593686	0.0379294	0.00619253	0.00578606	0.00932877	0.00911277	0.0020381	0.0154715	0.00690684	0.0162985	0.0118266	0.309072	0.0405329	0.0459037	0.00558636	0.00938886
97	0.0775941	0.0029094	0.1478	0.209058	0.00677831	0.0220602	0.0332061	0.00554096	0.0573351	0.0169284	0.0139905	0.0642802	0.0303943	0.120581	0.0391628	0.0882748	0.0361992	0.0159444	0.00056041	0.0114022
98	0.084224	0.014902	0.0011227	0.00139078	0.0413568	0.0102454	0.00183632	0.197411	0.00876787	0.172985	0.0504773	0.00422457	0.0105831	0.00508923	0.00266374	0.0272224	0.0264987	0.311603	0.00263592	0.0247604
99	0.00974922	0.00435119	0.000846181	0.00493247	0.465226	0.000925724	0.0213016	0.0142356	0.0022536	0.0124131	0.00325202	0.00762427	0.00297579	0.0078711	0.000858591	0.0112435	0.00609373	0.013782	0.0108694	0.399195
100	0.057895	0.00332205	0.0147887	0.00666193	0.00425953	0.0264253	0.0162494	0.0165045	0.0171997	0.0156005	0.00391521	0.0364034	0.091278	0.0138379	0.0209901	0.453961	0.174949	0.0225617	0.00135847	0.00183896
101	0.0120835	0.00240254	0.00445934	0.00579078	0.0281833	0.00285449	0.00600116	0.228699	0.00768666	0.281585	0.227733	0.0036659	0.00145164	0.0172585	0.00636965	0.0125364	0.0249809	0.112404	0.00120886	0.0126453
102	0.0768196	0.00742625	0.0266577	0.0250312	0.00261065	0.0445069	0.0244663	0.0087587	0.226569	0.0178993	0.0185208	0.0418963	0.00255408	0.121164	0.202482	0.0866083	0.0344	0.0165149	0.0036589	0.011456
103	0.075075	0.00260283	0.168823	0.22713	0.00720032	0.0209857	0.0299821	0.00414168	0.0469156	0.0164227	0.0150505	0.0675226	0.0282983	0.0964801	0.0338973	0.0965238	0.0363718	0.0149632	0.000261414	0.0113527
104	0.0188879	0.00469989	0.000628131	0.000768885	0.014179	0.00320753	0.002152	0.372524	0.00182733	0.0708078	0.0112772	0.00317881	0.00630917	0.00534315	0.00262891	0.00883	0.0213714	0.439976	0.000866845	0.0105367
105	0.0614813	0.00360009	0.1378	0.172579	0.00731276	0.0515411	0.0376407	0.00885359	0.0530606	0.0163153	0.0110266	0.119904	0.0230526	0.0711226	0.0408234	0.110631	0.0442692	0.0173089	0.000371927	0.0113051
106	0.0136516	0.00409388	0.00417407	0.00381736	0.10762	0.00475873	0.00601261	0.291277	0.0107297	0.201405	0.126432	0.00369385	0.00292655	0.0115163	0.00697192	0.0108726	0.0202749	0.14793	0.00302624	0.0188158
107	0.0376203	0.000767738	0.0320408	0.0759642	0.0206284	0.0039988	0.0408979	0.0477436	0.112722	0.104741	0.059339	0.0560944	0.0118456	0.0472106	0.113033	0.054907	0.110416	0.0376425	0.0133859	0.019001
108	0.0562972	0.00483449	0.173273	0.28976	0.00485843	0.023868	0.0242513	0.00976971	0.040615	0.0185865	0.0139419	0.0524999	0.0198288	0.0941435	0.029615	0.0776045	0.0369754	0.0180097	0.000469558	0.0107982
109	0.106201	0.00717534	0.0296577	0.0327595	0.00585259	0.0458381	0.0179225	0.0262981	0.108443	0.0177271	0.00859363	0.124929	0.0151177	0.0496302	0.11722	0.14409	0.0941126	0.0279777	0.00225461	0.0181994
110	0.0192759	0.00378143	0.0164964	0.0328572	0.02286	0.0071558	0.00865883	0.187253	0.045762	0.164084	0.0655997	0.0268582	0.00391971	0.0378246	0.0684257	0.0402076	0.0667808	0.160701	0.00224842	0.0192495
111	0.0228631	0.0118752	0.0118258	0.0735862	0.00661345	0.00500292	0.04136	0.0172817	0.212394	0.051485	0.0203201	0.0400438	0.0018311	0.127782	0.233362	0.0500867	0.040421	0.0224054	0.00467535	0.00478522
112	0.0499789	0.00195852	0.0761765	0.0556706	0.0134632	0.0271382	0.0431294	0.0244436	0.0827512	0.0625313	0.030279	0.13268	0.0319136	0.0372599	0.0632551	0.127383	0.0869482	0.0263916	0.00560051	0.0210483
113	0.00798671	0.916247	0.00124701	0.00127027	0.00113223	0.00139084	0.00430042	0.0129126	0.00418359	0.0101976	0.000941351	0.00141218	0.000970058	0.00165033	0.00132561	0.00598993	0.0112524	0.00494079	0.00661666	0.00403222
114	0.0137126	0.00389558	0.00507178	0.00410478	0.303173	0.00164628	0.0430328	0.0500455	0.00341207	0.121017	0.0161468	0.01344	0.00906336	0.0149155	0.00168497	0.031925	0.0152177	0.0468979	0.0154492	0.286148
115	0.0217054	0.00421417	0.042957	0.0806277	0.00635229	0.0218827	0.0582401	0.0365866	0.113557	0.0198328	0.00339979	0.144068	0.00810053	0.111561	0.0931066	0.0936177	0.0776623	0.0491388	0.000516411	0.0128723
116	0.0585348	0.00891603	0.0434453	0.0247024	0.00796479	0.341711	0.0254577	0.00814835	0.0291579	0.0118736	0.00478786	0.14005	0.0167775	0.0284223	0.0298103	0.157496	0.0359333	0.0106769	0.00111014	0.0150235
117	0.0495374	0.00520541	0.118599	0.127016	0.00748109	0.0604582	0.0246027	0.0211013	0.0498146	0.0232765	0.00970693	0.111937	0.0571315	0.068071	0.0319619	0.121746	0.0752292	0.0281396	0.000629345	0.00835477
118	0.0546027	0.00545578	0.0942919	0.0577741	0.0177638	0.067092	0.0226323	0.0325902	0.0374753	0.0363149	0.0144737	0.11606	0.0906216	0.0483111	0.0287704	0.141626	0.0833598	0.0317721	0.00218258	0.0168293
119	0.0861658	0.00375775	0.057237	0.0400281	0.0115723	0.0480632	0.0296363	0.025436	0.0553711	0.0359445	0.0147095	0.094974	0.0768245	0.0406492	0.0542838	0.175349	0.091234	0.0319084	0.00349644	0.0233595
120	0.0588521	0.00591713	0.0156381	0.0247402	0.0131497	0.00779498	0.0337493	0.01217	0.0889807	0.0358194	0.0197822	0.028056	0.359144	0.0468739	0.0860493	0.0849749	0.0327021	0.0240455	0.00491966	0.0166408
121	0.0290689	0.00189661	0.000964229	0.00159316	0.0370253	0.00542852	0.00216565	0.292592	0.00783757	0.32382	0.0466131	0.00184625	0.00197539	0.00440112	0.0120967	0.0108175	0.0229255	0.193367	0.0017131	0.00185167
122	0.228682	0.012475	0.019795	0.0310194	0.0279995	0.166218	0.0172313	0.0548924	0.0155008	0.0297631	0.0106325	0.0181686	0.00989146	0.0200778	0.0175063	0.105412	0.0853779	0.115358	0.00101564	0.0129825
123	0.0677108	0.010668	0.00524054	0.00696363	0.0440284	0.0735566	0.00768729	0.139158	0.0102825	0.316089	0.0413298	0.00912383	0.00961018	0.00911577	0.00984378	0.0287332	0.026515	0.168434	0.00305452	0.0128551
124	0.0456064	0.00453731	0.0616269	0.0707157	0.0122533	0.0499554	0.011061	0.0877008	0.0252144	0.0895059	0.0132191	0.0283563	0.00593301	0.0255978	0.0551591	0.132598	0.176203	0.088812	0.00307331	0.0128721
125	0.0137645	0.00443794	0.00174382	0.00310964	0.0545218	0.00648735	0.00316641	0.0885806	0.00518998	0.614256	0.0491697	0.0083518	0.00554021	0.00117418	0.00641791	0.00808026	0.00504654	0.104412	0.00413708	0.0124126
126	0.0459004	0.0092208	0.00294942	0.00607439	0.0155856	0.0208843	0.00565393	0.0150593	0.00329412	0.0196187	0.0249146	0.00425051	0.00292789	0.00358045	0.00337948	0.272002	0.512915	0.0290741	0.00109645	0.00161952
127	0.395252	0.0252957	0.011996	0.016524	0.00409863	0.0342748	0.00348967	0.00309539	0.00799387	0.0104393	0.00168641	0.015849	0.00513707	0.0118955	0.00779866	0.366225	0.0300625	0.0342823	0.00517321	0.0094314
128	0.0111845	0.00344881	0.000793312	0.000675691	0.020005	0.00307111	0.00183007	0.445707	0.00290579	0.0638934	0.0195115	0.00232557	0.00547212	0.00629968	0.00249492	0.00696523	0.0151861	0.372734	0.000616856	0.0148787
129	0.248175	0.0199435	0.00528581	0.00572087	0.00744433	0.0296783	0.00370678	0.100448	0.00931023	0.0354473	0.0231927	0.0219221	0.0137274	0.0136995	0.0155619	0.0912239	0.190784	0.159243	0.00070888	0.0047764
130	0.275569	0.0204767	0.00196899	0.00639838	0.0264387	0.106111	0.00125331	0.136632	0.00282732	0.0633179	0.0183641	0.00465829	0.00925233	0.0031538	0.00226321	0.0395217	0.0631521	0.216074	0.000647489	0.00191962
131	0.0141768	0.0148715	0.0618957	0.0366597	0.0610784	0.0428874	0.213944	0.0191133	0.0141429	0.0177958	0.00190756	0.181438	0.00190182	0.0506336	0.0319742	0.0571764	0.0236474	0.0120401	0.0137521	0.128964
132	0.041115	0.00815644	0.00225964	0.00561531	0.0145813	0.0186263	0.00431209	0.0157804	0.00238834	0.0185032	0.0271563	0.00278443	0.00185117	0.00304533	0.00227385	0.263117	0.535571	0.0310338	0.000652368	0.00117618
133	0.0777326	0.014335	0.00117902	0.00138982	0.0394392	0.00890638	0.00193631	0.202754	0.00833772	0.1687	0.0473283	0.00426157	0.0102155	0.00540676	0.00272595	0.0262957	0.0263559	0.325553	0.00244389	0.0247032
134	0.124829	0.0118464	0.00149236	0.00208123	0.0227046	0.0250558	0.00166963	0.19186	0.00425621	0.113833	0.0235515	0.00455511	0.00729734	0.00708091	0.00466146	0.0304643	0.0406371	0.364975	0.00167983	0.0154695
135	0.0187255	0.00481314	0.00498692	0.00358695	0.308441	0.0038333	0.0253608	0.0863043	0.00344947	0.189126	0.0289921	0.00906344	0.007588	0.00983266	0.00253667	0.0264423	0.0163844	0.0901275	0.0104596	0.149945
136	0.0647316	0.0110365	0.000727241	0.00120791	0.039769	0.00767501	0.00189391	0.231257	0.00811502	0.236375	0.0483562	0.00264122	0.00708715	0.00363257	0.00454907	0.0202975	0.0242714	0.270517	0.00185117	0.0140093
137	0.208273	0.0160812	0.00813272	0.0157871	0.0283777	0.280448	0.00969958	0.0710769	0.0112136	0.0405162	0.0134098	0.0119915	0.0126287	0.0139179	0.00959845	0.0714056	0.047649	0.120261	0.00115069	0.00838166
138	0.0532008	0.00628233	0.0675147	0.0312151	0.0077959	0.0356068	0.0210501	0.0202186	0.0299254	0.0184278	0.00871051	0.0788928	0.0273776	0.0252378	0.0356401	0.297816	0.196529	0.0258744	0.00213163	0.0105519
139	0.0581547	0.00549785	0.0813061	0.0433806	0.00607607	0.0590479	0.0344409	0.0214537	0.0760896	0.0179046	0.00764701	0.182503	0.00789164	0.0320027	0.0738441	0.166929	0.0811463	0.0251754	0.000878797	0.0186301
140	0.0375887	0.0018103	0.109858	0.0461829	0.00653171	0.081141	0.0469148	0.0115046	0.0610057	0.0147706	0.00921651	0.245916	0.00966229	0.0302823	0.0424431	0.14853	0.0673246	0.0156586	0.000572668	0.0130857
141	0.0655006	0.00738936	0.0567649	0.0396107	0.00932962	0.204119	0.025261	0.0181364	0.0452849	0.013962	0.00724315	0.105976	0.0274174	0.032115	0.0570754	0.161971	0.0846243	0.0262326	0.00205834	0.00992922
142	0.0212244	0.0106067	0.011165	0.0199454	0.0620211	0.00606428	0.102621	0.0373439	0.161598	0.0356074	0.0270407	0.0255475	0.00232121	0.115899	0.170935	0.0443651	0.0533745	0.0504264	0.0222367	0.0196568
143	0.0370671	0.00450862	0.0710056	0.0394516	0.00566843	0.316834	0.0259747	0.0049684	0.0378164	0.00556914	0.00253044	0.153062	0.0220859	0.0262041	0.0431031	0.138852	0.0519696	0.00854439	0.000459554	0.00432536
144	0.0365788	0.00373116	0.0639366	0.058802	0.00556366	0.0842267	0.0363175	0.0209518	0.0765378	0.0118875	0.00681945	0.212294	0.00830367	0.0405466	0.0573439	0.182372	0.0546797	0.0229943	0.000948735	0.0151641
145	0.173538	0.00421053	0.0165949	0.0499265	0.00426561	0.0183596	0.0127912	0.0267143	0.0728351	0.0338901	0.00595551	0.0491094	0.205077	0.0275702	0.0607573	0.120915	0.084863	0.0253999	0.00238637	0.00483987
146	0.0245069	0.00530049	0.000736043	0.000721282	0.0178493	0.00418063	0.00181828	0.343589	0.00290904	0.0928683	0.0157531	0.00325018	0.0142653	0.00566717	0.00413431	0.0122889	0.0263531	0.412004	0.00100212	0.0108033
147	0.0441613	0.0105399	0.020133	0.0232587	0.0155393	0.0318195	0.095797	0.0695777	0.057555	0.114487	0.0341191	0.0587082	0.017404	0.12957	0.0196101	0.103852	0.0618968	0.0680076	0.00218283	0.0217806
148	0.0777233	0.00254008	0.0438794	0.0419317	0.0182092	0.0147463	0.0335316	0.023821	0.0823819	0.0502218	0.020559	0.0651031	0.1456	0.0517691	0.0719569	0.119342	0.0655358	0.0315624	0.00977442	0.0298098
149	0.046455	0.00478518	0.094105	0.0686476	0.00794169	0.0666603	0.0302411	0.0253851	0.0600535	0.0208621	0.00884563	0.154533	0.0344791	0.0445526	0.049821	0.148802	0.0870814	0.0313207	0.00141669	0.014012
150	0.0115879	0.00169308	0.00551025	0.0116887	0.0115279	0.00215659	0.0071489	0.0811308	0.00220898	0.376711	0.332403	0.00544598	0.00124097	0.023541	0.0067431	0.0224983	0.038484	0.0448728	0.00112636	0.0122806
151	0.0874875	0.0185607	0.0228203	0.0282816	0.0351956	0.0282545	0.0688993	0.0605665	0.0335079	0.137971	0.045939	0.0388042	0.0211586	0.0607567	0.00801681	0.0674152	0.0871474	0.105492	0.000901377	0.0428239
152	0.0040371	0.00826021	0.00324159	0.00633655	0.363285	0.00771306	0.00866708	0.0336666	0.00249904	0.363686	0.0615618	0.00288084	0.00888328	0.00529746	0.00161518	0.00839303	0.00544848	0.0371789	0.0115696	0.0557788
153	0.115752	0.0293166	0.111018	0.0101538	0.00506847	0.0346229	0.0139365	0.0101337	0.0116292	0.0122886	0.00454055	0.0283134	0.0201442	0.0118811	0.0114406	0.393303	0.153064	0.0137025	0.00332081	0.00636938
154	0.0677314	0.00292766	0.0433756	0.0215362	0.00995957	0.0224888	0.0173798	0.0430593	0.0902572	0.0573655	0.0261689	0.0454876	0.152708	0.0311644	0.0352847	0.145144	0.124216	0.0440214	0.0044023	0.0153218
155	0.0122619	0.0051902	0.00125757	0.00492014	0.374884	0.00104403	0.0269427	0.0175451	0.00356396	0.0239251	0.00337025	0.00932039	0.00597192	0.0129804	0.00102233	0.0140641	0.0075719	0.0152742	0.0123773	0.446512
156	0.252555	0.0173624	0.00176617	0.00487168	0.0207163	0.0786104	0.00127136	0.14558	0.00247084	0.0743832	0.0156502	0.00457697	0.00816199	0.00471309	0.00422919	0.038616	0.0642117	0.255708	0.000714635	0.00383042
157	0.0126213	0.00177107	0.00531152	0.0108612	0.0123469	0.00226208	0.00687533	0.0867192	0.0021956	0.379327	0.321226	0.00526764	0.00130025	0.0232879	0.00678423	0.0200964	0.0367639	0.050818	0.00118982	0.0129744
158	0.0597586	0.00944626	0.00662879	0.00588104	0.0131319	0.0248673	0.00712483	0.0135435	0.0037394	0.0167854	0.0204177	0.00829538	0.00771509	0.00459137	0.0041913	0.310838	0.455316	0.0253712	0.000976787	0.00138015
159	0.0720266	0.0034559	0.160153	0.213081	0.00734616	0.028167	0.0287326	0.00634211	0.0473501	0.0182383	0.0127418	0.0746153	0.0385036	0.0917383	0.0301092	0.0983257	0.0412095	0.0178583	0.000186179	0.00981945
160	0.0199772	0.00449945	0.0356372	0.0823237	0.00634345	0.016342	0.0614044	0.0353339	0.117689	0.0229975	0.00449115	0.123632	0.0119687	0.125107	0.102786	0.0816255	0.0798995	0.0494195	0.000803159	0.0177196
161	0.0503849	0.00798331	0.00213604	0.00688948	0.0295261	0.00656111	0.00327931	0.220061	0.0107677	0.217486	0.0438069	0.00482435	0.00553579	0.00912412	0.0105148	0.0228332	0.026903	0.305851	0.00338652	0.0121454
162	0.0465512	0.00250166	0.0260831	0.0359697	0.0288846	0.016538	0.0202124	0.081114	0.054215	0.0436982	0.0204601	0.0359491	0.00318035	0.0255668	0.0545391	0.143992	0.227629	0.0990939	0.00800107	0.0258208
163	0.0191121	0.0109378	0.00990062	0.0355421	0.00317408	0.00718719	0.0202943	0.0103256	0.363763	0.0233905	0.0196385	0.0259381	0.0044954	0.0876324	0.28528	0.0309397	0.0195354	0.013972	0.00353815	0.00540292
164	0.0325543	0.00250491	0.000927492	0.00261804	0.0297006	0.00594678	0.00431579	0.270622	0.00930467	0.273558	0.0459049	0.0021372	0.00339659	0.00840757	0.0131227	0.0142552	0.0230402	0.249402	0.00447317	0.00380838
165	0.0513822	0.00944979	0.00874431	0.0202946	0.013364	0.00615967	0.0319547	0.00573439	0.080901	0.0295141	0.0110552	0.024877	0.389113	0.0596212	0.0986476	0.0979888	0.0153308	0.026294	0.00245932	0.0171143
166	0.0249153	0.0063317	0.000618039	0.000802568	0.0118713	0.00351815	0.00190838	0.310128	0.00110489	0.0737101	0.00752187	0.00311236	0.0064707	0.00425211	0.00194602	0.0115859	0.0300912	0.491657	0.000606637	0.00784778
167	0.0871249	0.00456763	0.13132	0.194578	0.0157921	0.0298362	0.0551365	0.00674238	0.0386457	0.0183792	0.0123756	0.065226	0.0256673	0.100003	0.0391804	0.103168	0.0328564	0.0163964	0.00159195	0.0214127
168	0.0740414	0.0031562	0.174105	0.219568	0.00736952	0.0228021	0.0322573	0.0050123	0.0471412	0.0183741	0.0134554	0.0722236	0.0278546	0.0892652	0.0318962	0.0969209	0.0362105	0.0161566	0.000212667	0.0119776
169	0.00798671	0.916247	0.00124701	0.00127027	0.00113223	0.00139084	0.00430042	0.0129126	0.00418359	0.0101976	0.000941351	0.00141218	0.000970058	0.00165033	0.00132561	0.00598993	0.0112524	0.00494079	0.00661666	0.00403222
170	0.0259383	0.00385668	0.0366747	0.00578464	0.00327949	0.0108075	0.0302975	0.0144015	0.018827	0.0149518	0.00642131	0.115894	0.0158599	0.028443	0.0162634	0.350159	0.27506	0.0211997	0.00155437	0.00432607
171	0.00798671	0.916247	0.00124701	0.00127027	0.00113223	0.00139084	0.00430042	0.0129126	0.00418359	0.0101976	0.000941351	0.00141218	0.000970058	0.00165033	0.00132561	0.00598993	0.0112524	0.00494079	0.00661666	0.00403222
172	0.123498	0.0027071	0.0740682	0.0595816	0.00986141	0.0938509	0.0153673	0.0159454	0.0280828	0.035703	0.0106293	0.0974205	0.0345705	0.0347248	0.0513847	0.235929	0.0305085	0.0248747	0.00676202	0.0145307
173	0.0989412	0.0037716	0.137903	0.179949	0.00683523	0.0261575	0.0227067	0.00756865	0.0413312	0.032819	0.0134515	0.0712587	0.0259773	0.0741103	0.0357559	0.147405	0.0461828	0.0163303	0.00134344	0.0102011
174	0.00799269	0.914236	0.00127491	0.00129487	0.00129687	0.00147051	0.00448666	0.0130332	0.00423216	0.0104052	0.000957265	0.00153454	0.000986572	0.00172436	0.00157059	0.00643341	0.0113356	0.00499547	0.00668619	0.00405278
175	0.0272766	0.00535515	0.00296449	0.00467142	0.0383795	0.00566044	0.00334639	0.177897	0.00832638	0.388738	0.0843202	0.00589138	0.00498934	0.00761847	0.00916594	0.0179804	0.0208614	0.172511	0.00290244	0.0111434
176	0.11741	0.00336307	0.0828448	0.0740876	0.00974698	0.0941415	0.0163166	0.0143572	0.0288018	0.0350438	0.00982824	0.101538	0.0294227	0.0379741	0.047306	0.225804	0.029493	0.0240911	0.00579704	0.0126324
177	0.229853	0.0104055	0.0367967	0.0268331	0.013982	0.0457685	0.0329935	0.0121802	0.0337359	0.0244852	0.00625015	0.0334428	0.0145248	0.0569663	0.0454954	0.270611	0.0509423	0.0392251	0.00232887	0.0131794
178	0.064281	0.00272417	0.0199255	0.0132401	0.00313455	0.172409	0.0328669	0.00534615	0.171003	0.00502274	0.00477686	0.085739	0.00237544	0.0598837	0.24755	0.0619267	0.0183266	0.00732151	0.00918661	0.0129607
179	0.0187762	0.00374833	0.487411	0.034739	0.00987526	0.0318289	0.0234873	0.0106725	0.0250128	0.0108971	0.0056085	0.169792	0.0109355	0.0281954	0.012384	0.0573614	0.0253459	0.0114165	0.0112625	0.0112499
180	0.0784771	0.0028184	0.0123009	0.0179003	0.00484169	0.0169367	0.0141634	0.0137819	0.0163147	0.0261353	0.00795649	0.0103291	0.556066	0.0287098	0.018342	0.0854895	0.0517247	0.030891	0.00302314	0.00379804
181	0.0146855	0.00294249	0.0065012	0.00381884	0.280166	0.00161149	0.049248	0.0597993	0.00326525	0.153852	0.0210852	0.0141564	0.00826105	0.0148057	0.00158738	0.0328905	0.0183793	0.0504267	0.0106696	0.251848
182	0.00798671	0.916247	0.00124701	0.00127027	0.00113223	0.00139084	0.00430042	0.0129126	0.00418359	0.0101976	0.000941351	0.00141218	0.000970058	0.00165033	0.00132561	0.00598993	0.0112524	0.00494079	0.00661666	0.00403222
183	0.0969374	0.0115003	0.0305443	0.0267859	0.0113372	0.370379	0.0178493	0.0215123	0.0250445	0.0162222	0.00848175	0.0577574	0.0679167	0.0261333	0.0226749	0.110629	0.0409565	0.0277894	0.00135663	0.00819182
184	0.0463091	0.0273912	0.0352949	0.0300391	0.0683316	0.024803	0.0428554	0.0594327	0.0469753	0.101868	0.0316258	0.0449874	0.0258681	0.0379484	0.0503679	0.0725826	0.0619311	0.0728839	0.0588209	0.0596832
185	0.00971427	0.910255	0.00139193	0.00150223	0.00144062	0.00192881	0.0044476	0.0129697	0.00452371	0.0102119	0.0010478	0.00150537	0.00108182	0.00193733	0.00151401	0.00694052	0.0115039	0.00542687	0.00656557	0.00409136
186	0.0673942	0.0016088	0.0108564	0.0172235	0.00354534	0.0117943	0.0149681	0.00542458	0.0137569	0.0218005	0.00682775	0.00852436	0.624424	0.027069	0.0161343	0.0851568	0.0376136	0.0197138	0.003021	0.00314278
187	0.0599575	0.00683491	0.100695	0.09066	0.00806028	0.0541302	0.0119156	0.0256871	0.0359306	0.0357054	0.0113296	0.106792	0.094641	0.0541878	0.0206794	0.143193	0.0938554	0.0363019	0.00162396	0.00781862
188	0.0771753	0.0184981	0.00572583	0.00981286	0.0291	0.0170405	0.00879936	0.134287	0.0137573	0.258298	0.0381483	0.0261069	0.0133469	0.01167	0.013511	0.0514794	0.0925433	0.164559	0.00184635	0.0142946
189	0.0700943	0.00503354	0.0836347	0.0642094	0.00756349	0.0493028	0.0135062	0.0281953	0.042259	0.0373264	0.0120897	0.0931738	0.120996	0.0428976	0.0271071	0.153567	0.105005	0.0313905	0.00198866	0.0106592
190	0.150533	0.00703565	0.0289247	0.0762522	0.0537497	0.137918	0.0493867	0.0202774	0.0445098	0.0257708	0.00687682	0.0247248	0.00915345	0.0457262	0.0309021	0.0907647	0.0926053	0.0729172	0.00241154	0.0295603
191	0.0339434	0.00346584	0.0475007	0.0727561	0.00877045	0.026689	0.0482442	0.035077	0.0915481	0.0330656	0.0107742	0.106599	0.0444689	0.096566	0.0776804	0.103561	0.0923437	0.0448275	0.00210508	0.0200134
192	0.0550582	0.0107607	0.00373152	0.00181905	0.126181	0.00679875	0.0161847	0.145386	0.00694683	0.185639	0.0426267	0.00785545	0.00925278	0.00758961	0.00244676	0.0316652	0.0214626	0.203857	0.00571938	0.109018
193	0.0496062	0.000418323	0.0269821	0.0429765	0.0276891	0.0223942	0.0240728	0.0596475	0.0652189	0.0339363	0.0219582	0.0479897	0.00078864	0.0350005	0.0700349	0.151766	0.203394	0.0726966	0.0070309	0.0363987
