274	20
1	0.123925	0.010954	0.0024817	0.0642389	0.0057835	0.00846686	0.0023548	0.186818	0.0107288	0.171667	0.0180365	0.0684394	0.0339611	0.0461412	0.027669	0.113478	0.018504	0.0801492	0.00179437	0.00440853
2	0.0438044	0.000899193	0.000176726	0.00930805	0.0402365	0.00173467	0.000273359	0.203648	0.00317907	0.405933	0.0842013	0.00131224	0.0087043	0.00426022	0.00406129	0.00823159	0.028546	0.116457	0.0169632	0.0180692
3	0.0587554	0.0114979	0.00120855	0.00156479	0.281883	0.0137502	0.0178431	0.040925	0.00180875	0.0286413	0.00466748	0.00279684	0.00764877	0.0162055	0.0159726	0.0509163	0.0127811	0.0417493	0.00126263	0.388121
4	0.0639664	0.00761116	0.0675582	0.113264	0.00620409	0.0702556	0.0311186	0.0121829	0.0805989	0.0094631	0.0067457	0.066484	0.0370366	0.107935	0.106029	0.133354	0.0580432	0.0123879	0.000479047	0.00928316
5	0.0434125	0.00410055	0.000235564	0.00560726	0.0763034	0.00271879	0.00098152	0.180136	0.00369657	0.373985	0.0821738	0.000573437	0.0215229	0.00335914	0.00340113	0.0135495	0.0283803	0.1097	0.0193684	0.0267947
6	0.00990027	0.00279959	0.413747	0.236481	0.00343594	0.00492317	0.0379035	0.00537294	0.0166928	0.00730527	0.00385808	0.14645	0.00264491	0.00550025	0.00168177	0.0109107	0.0213709	0.00749865	0.0011562	0.0603669
7	0.492031	0.00454725	0.00173364	0.0124406	0.0044178	0.0742739	0.0010786	0.00976967	0.00692452	0.040351	0.020065	0.00871604	0.00281217	0.0224957	0.0162196	0.165457	0.0837106	0.0231725	0.00098069	0.00880282
8	0.0470673	0.0135491	0.000277002	0.000193818	0.0801721	0.00358018	0.000144671	0.263596	0.00015545	0.316862	0.0589942	0.000419369	0.00185097	0.00021682	0.000102398	0.00176095	0.0226609	0.184033	0.00236083	0.00200326
9	0.0437728	0.00481975	0.000281891	0.00514308	0.0784644	0.0031735	0.000774128	0.178179	0.0034923	0.373755	0.0794379	0.000635189	0.0283132	0.00368143	0.00297958	0.0124165	0.0282907	0.111178	0.0168395	0.024371
10	0.0826485	0.00933969	0.00325816	0.00229936	0.0572069	0.0380533	0.00194842	0.121281	0.00507575	0.166307	0.111276	0.0190391	0.00590663	0.0203896	0.00304598	0.0937558	0.118452	0.110138	0.00226133	0.0283183
11	0.398633	0.00284315	0.000333159	0.000420522	0.00169687	0.356924	0.000456661	0.00151114	0.000469445	0.00145342	0.00182348	0.00162332	0.00806942	0.000633575	0.000471871	0.169576	0.0415701	0.0102947	0.000533339	0.000663003
12	0.0246232	0.0264881	0.000409014	0.000264264	0.250788	0.0069027	0.00060513	0.137358	0.000789679	0.341918	0.0435117	0.00088091	0.00121593	0.000432341	0.00044803	0.0210498	0.00592451	0.117582	0.00537188	0.0134366
13	0.052975	0.00518275	0.00287208	0.00373727	0.0392216	0.00822626	0.002167	0.0271971	0.00413956	0.0092026	0.0519378	0.00851128	0.00451504	0.659504	0.00233322	0.0328847	0.067001	0.0114682	0.0018579	0.00506517
14	0.0426124	0.0116289	0.0191225	0.0162573	0.0224245	0.0239845	0.258173	0.0218211	0.0298524	0.0162342	0.0110635	0.257949	0.00919589	0.0277059	0.0192494	0.119374	0.037297	0.0198906	0.00407606	0.0320881
15	0.0307739	0.00276282	0.00131401	0.00019952	0.0317297	0.00197904	8.39003e-05	0.377858	0.000137938	0.205448	0.0360487	0.00214404	0.002907	0.000167091	0.000127866	0.00444097	0.0160436	0.282926	0.000495025	0.00241296
16	0.023947	0.00506484	0.000337064	0.000628269	0.0353513	0.00140988	0.000363785	0.042466	0.00059997	0.692742	0.132306	0.000837189	0.00100789	0.00081712	0.000499494	0.00672528	0.00373129	0.0492701	0.000634055	0.00126228
17	0.254636	0.0221355	0.000753507	0.00139507	0.0216644	0.0514378	0.000590697	0.116921	0.00102968	0.092754	0.0370561	0.00546098	0.00825288	0.00199555	0.00194501	0.074409	0.0915519	0.210619	0.000843095	0.00454943
18	0.187502	0.0607797	0.00139897	0.00303386	0.0315144	0.0509901	0.00200842	0.08335	0.00161361	0.0989523	0.179716	0.00984842	0.00752252	0.00529411	0.00159203	0.113973	0.0703299	0.0866811	0.000967827	0.00293139
19	0.0317192	0.00437723	0.00376709	0.000634914	0.0583862	0.00360563	0.000196079	0.338654	0.000454488	0.228029	0.0400345	0.0065992	0.00364933	0.000955582	0.000547816	0.00857271	0.0184659	0.246669	0.000866204	0.00381547
20	0.136908	0.0135606	0.000221633	0.00169836	0.0503045	0.0275078	0.000224298	0.18807	0.000837262	0.143914	0.0361286	0.0019811	0.00153614	0.000623707	0.0023712	0.0139133	0.0345969	0.33971	0.000473691	0.00541894
21	0.195823	0.0157463	0.00351033	0.00896456	0.0100035	0.14225	0.00423946	0.0141276	0.00481587	0.0164308	0.0111553	0.0117634	0.177266	0.0411043	0.00401741	0.24984	0.0252886	0.0216959	0.03566	0.00629747
22	0.139824	0.0256473	0.00107735	0.00191542	0.0225067	0.0196608	0.000529383	0.255874	0.00366595	0.118107	0.0386688	0.0207216	0.0052248	0.00605226	0.00288578	0.0305201	0.0466807	0.256299	0.000551412	0.00358773
23	0.0284431	0.00213812	0.00127522	0.000239727	0.0287391	0.00200016	0.000105266	0.391996	0.000175204	0.183912	0.0301468	0.0022968	0.00268183	0.000181788	0.000163183	0.00525818	0.0186867	0.298154	0.00030639	0.00309978
24	0.200703	0.0139189	0.00111063	0.00168532	0.00652337	0.0188882	0.00178643	0.0469269	0.00198144	0.0619443	0.0193313	0.00601726	0.0279458	0.00351738	0.00191037	0.110102	0.345399	0.126285	0.000933885	0.00308878
25	0.0703751	0.00539704	0.0170111	0.00249933	0.00417729	0.0409019	0.00909448	0.00790688	0.00226693	0.00659607	0.00467303	0.0112779	0.700019	0.00306899	0.00173054	0.0464143	0.023898	0.0382628	0.00155733	0.00287204
26	0.251405	0.0319576	0.00109344	0.00160051	0.00912467	0.0697981	0.000749091	0.0890106	0.00110395	0.0588377	0.0429932	0.00777105	0.0791373	0.00234323	0.000661915	0.103698	0.095223	0.150649	0.000931881	0.0019116
27	0.0413747	0.00373477	0.000202017	0.00499686	0.0520579	0.00184306	0.000149015	0.218495	0.00195967	0.394721	0.0756099	0.00045964	0.00559775	0.0025384	0.00197941	0.00533967	0.0267432	0.135661	0.0129433	0.0135935
28	0.0285591	0.00395438	0.00141002	0.000289404	0.0400374	0.00225638	9.91745e-05	0.367317	0.000176063	0.227221	0.0431186	0.00203291	0.00312607	0.000219276	0.000135232	0.00387591	0.0159171	0.256846	0.00111539	0.00229341
29	0.0241233	0.00138159	0.00130833	0.000138053	0.0262036	0.0016257	0.000100299	0.405989	0.000129617	0.184595	0.0304393	0.00223911	0.002626	0.000130475	0.000106741	0.0044162	0.014724	0.297255	0.000243478	0.00222526
30	0.369184	0.0587245	0.00237837	0.000240107	0.0133123	0.12499	0.000230519	0.0238961	0.000261506	0.0223394	0.0126125	0.00612701	0.00234142	0.000442225	0.000300821	0.230334	0.0684997	0.0607348	0.000601902	0.00244981
31	0.0913113	0.0115346	0.00172396	0.00128585	0.00315446	0.410772	0.00311029	0.00455479	0.0135444	0.0167196	0.0167127	0.137433	0.0028607	0.0156522	0.0165634	0.193226	0.0484274	0.00605164	0.00126579	0.00409651
32	0.294367	0.0216272	0.00036784	0.00041359	0.0101181	0.0683961	0.000399292	0.0816695	0.000544288	0.0650374	0.0454234	0.00625645	0.0121776	0.00065528	0.000373607	0.0906531	0.109906	0.189705	0.000339901	0.00156919
33	0.208326	0.0341302	0.000386387	0.00282242	0.0655456	0.0649268	0.000396577	0.103551	0.000576518	0.183596	0.0748253	0.00661222	0.00453782	0.00096407	0.000725531	0.0684453	0.0687527	0.108127	0.000546866	0.00220467
34	0.0256611	0.00405031	0.000278954	0.00168858	0.0379019	0.0012891	0.000315444	0.0844948	0.00100477	0.624804	0.124363	0.000722116	0.0021615	0.00133119	0.000918638	0.00609204	0.00849268	0.0670185	0.0035136	0.00389818
35	0.0238786	0.00149056	0.00124378	0.000166372	0.0248635	0.00162669	0.000115148	0.408697	0.000152421	0.177436	0.0285972	0.0021982	0.00247432	0.000151943	0.000124337	0.00432128	0.0150775	0.304962	0.000235871	0.00218805
36	0.11002	0.0124243	0.0409159	0.0247495	0.0108276	0.0230032	0.0125714	0.0170835	0.0179945	0.0222731	0.0145027	0.173932	0.00957412	0.198852	0.0132424	0.18116	0.0710679	0.0240667	0.00202243	0.0197171
37	0.354167	0.0715006	0.00228779	0.000536479	0.0159129	0.106544	0.000679022	0.0227702	0.000536499	0.0254355	0.0286849	0.0111742	0.0026739	0.00102379	0.000670276	0.227119	0.0641015	0.0604794	0.000697832	0.00300505
38	0.358069	0.0533059	0.00262299	0.000564688	0.0117383	0.119633	0.000284608	0.0222648	0.000285005	0.020233	0.0117886	0.00737247	0.00291134	0.000459755	0.00029325	0.266346	0.0655436	0.0535863	0.000437966	0.00225939
39	0.0274622	0.00580733	0.000265077	0.0012437	0.0498959	0.00221262	0.000384982	0.0748265	0.00084174	0.623622	0.123085	0.000829542	0.00172608	0.00101408	0.000731428	0.00765727	0.00861416	0.0635496	0.00261715	0.00361349
40	0.0296038	0.0200707	0.000460793	0.000195672	0.216105	0.00537584	0.000333	0.174893	0.000384725	0.327703	0.0414656	0.000885815	0.000848037	0.000421724	0.000271046	0.0145513	0.00727384	0.146016	0.00334273	0.00979802
41	0.214881	0.00919496	0.000866728	0.00120061	0.0677576	0.0419235	0.00133795	0.187254	0.00133746	0.046871	0.103187	0.0028636	0.002336	0.00195558	0.00202742	0.0126307	0.0310745	0.265332	0.000607661	0.00536093
42	0.265146	0.035135	0.00370284	0.00349993	0.00484113	0.0935264	0.00105077	0.00914404	0.000583269	0.00818817	0.00620317	0.0234455	0.00628497	0.000847424	0.000494442	0.462773	0.0534775	0.0186384	0.000422198	0.00259614
43	0.0297831	0.00234933	0.000293279	0.000297352	0.00289604	0.919183	0.000333589	0.00121561	0.00035634	0.00116244	0.00188942	0.00129652	0.000579566	0.000451679	0.000267396	0.0269441	0.00281721	0.00415491	0.00314461	0.00058501
44	0.0249084	0.00140273	0.0013975	0.000119421	0.0276137	0.00161834	9.54076e-05	0.39952	0.000113249	0.191274	0.0321322	0.00237677	0.00283444	0.000123566	9.96378e-05	0.00458962	0.0145231	0.292712	0.000257259	0.00228823
45	0.369059	0.0567662	0.0023366	0.000248679	0.0130175	0.124067	0.00024029	0.0248381	0.000332238	0.0224791	0.0129562	0.00607772	0.00243367	0.000459735	0.000331387	0.227205	0.0701631	0.0639893	0.000616408	0.00238258
46	0.0945145	0.0181437	0.00399309	0.00204121	0.00455506	0.0258082	0.00660386	0.0124056	0.00271723	0.0120285	0.0051507	0.0156709	0.0154212	0.0052353	0.00112625	0.418197	0.319778	0.0245814	0.00096646	0.0110613
47	0.0240835	0.0265281	0.000260529	0.000409047	0.234762	0.00536084	0.00115811	0.142591	0.00162766	0.337493	0.0578653	0.000578222	0.00218439	0.000488998	0.000653045	0.0208336	0.0111402	0.100509	0.0100481	0.0214255
48	0.0261277	0.00225907	0.00139207	0.000118175	0.0325729	0.00168904	8.75088e-05	0.387004	0.000101938	0.204327	0.0351517	0.00226435	0.00290968	0.000123474	8.94878e-05	0.00439387	0.015023	0.281847	0.000367506	0.00215039
49	0.0530426	0.00531573	0.0022327	0.00291599	0.0411573	0.00827105	0.00208194	0.0278401	0.00331786	0.00891989	0.0556324	0.00803232	0.0043243	0.661637	0.00224238	0.0301923	0.0646745	0.0114129	0.00185836	0.00489816
50	0.161359	0.0478097	0.00203793	0.00228183	0.00378233	0.032225	0.00292659	0.0979901	0.000460198	0.061914	0.0625026	0.0216302	0.0126149	0.0136234	0.00138012	0.178179	0.156915	0.138763	0.000290718	0.00131449
51	0.0242705	0.00147327	0.00134484	0.000147582	0.0280753	0.00155264	0.000102781	0.401888	0.000130948	0.187114	0.0308617	0.00234564	0.0027695	0.000128504	0.000104565	0.00453416	0.0147257	0.295815	0.000259194	0.00235538
52	0.026206	0.00221114	0.000304638	0.000300166	0.00278698	0.923267	0.000347389	0.00123146	0.000406496	0.00121766	0.00189634	0.00153478	0.000605084	0.000499504	0.000380679	0.0261803	0.00304075	0.00377352	0.00322378	0.000586466
53	0.362236	0.056879	0.00257842	0.000331108	0.0129475	0.119989	0.000454553	0.0253005	0.000260491	0.0242425	0.0142382	0.00662543	0.00265559	0.00118331	0.000423833	0.236403	0.0703616	0.0599398	0.000481913	0.00246849
54	0.024211	0.00276621	0.00100655	0.00459217	0.0057423	0.18003	0.014707	0.00460427	0.314386	0.0065686	0.00585242	0.0232037	0.00313287	0.0255493	0.331744	0.0237311	0.0111498	0.0104473	0.00225022	0.00432519
55	0.0230873	0.00496131	0.000332974	0.000527403	0.0352812	0.00133304	0.00036961	0.0436934	0.000569751	0.692975	0.132604	0.000869272	0.000875109	0.000775001	0.000438778	0.00651489	0.00368023	0.0492619	0.000661583	0.00118856
56	0.0878223	0.0115359	0.0025187	0.0165714	0.0262986	0.0135466	0.00265797	0.168736	0.00756823	0.247062	0.049724	0.0220071	0.0836508	0.036423	0.00880749	0.0525912	0.0354657	0.106389	0.00845532	0.0121686
57	0.0754753	0.062424	0.000988719	0.00158705	0.00876438	0.00716238	0.00164669	0.19148	0.00170047	0.026453	0.108049	0.00480254	0.00694329	0.00210918	0.00125101	0.0948118	0.110281	0.289799	0.000971167	0.00329979
58	0.0359733	0.00394714	0.0012621	0.000562956	0.0234091	0.00340147	0.000156578	0.383658	0.000253299	0.160622	0.0425667	0.00276487	0.00253164	0.00025607	0.000208994	0.00827057	0.0164879	0.310938	0.000398733	0.0023305
59	0.0656399	0.00652429	0.00287167	0.00344821	0.0650894	0.0109601	0.00286007	0.0412126	0.00393735	0.0116612	0.0804873	0.00807972	0.0057552	0.560771	0.00342459	0.0317378	0.0717352	0.0152468	0.00196763	0.00658957
60	0.075624	0.00840368	0.00048105	0.000335204	0.00427546	0.820614	0.000489876	0.00287691	0.000428547	0.00302784	0.00230449	0.00253122	0.00115253	0.00066528	0.000344011	0.045598	0.00786285	0.0172344	0.00383529	0.00191551
61	0.157556	0.0369954	0.000403914	0.000812704	0.00717239	0.0171399	0.000624305	0.145812	0.000410053	0.0599319	0.0447812	0.0061333	0.021096	0.00115244	0.000459792	0.105759	0.166909	0.224455	0.000304389	0.00209083
62	0.176356	0.0208819	0.0174959	0.0117852	0.00289766	0.0963899	0.00488592	0.00788711	0.00728567	0.0069613	0.00630782	0.0564038	0.0088093	0.0118626	0.00890716	0.482433	0.0568803	0.00997379	0.000717107	0.00487873
63	0.0596076	0.0130466	0.0010029	0.00148663	0.335694	0.0136755	0.0193855	0.0337576	0.00166848	0.0228968	0.0039014	0.00279559	0.00856156	0.0106325	0.00971249	0.0507711	0.0138984	0.0319185	0.00111296	0.364474
64	0.332252	0.0319888	0.00140675	0.00194183	0.00951491	0.0964744	0.000704193	0.054806	0.00147539	0.0389039	0.0265684	0.0121793	0.00786398	0.00314269	0.00156474	0.143767	0.110834	0.121367	0.000672815	0.00257194
65	0.053837	0.024615	0.00219402	0.00287484	0.283194	0.0154707	0.0186869	0.028016	0.00694004	0.0229816	0.012667	0.0041144	0.0281141	0.0089127	0.00975676	0.0456821	0.0508689	0.0314784	0.00226455	0.347331
66	0.0262418	0.0023581	0.00222316	0.000189062	0.0334741	0.0019924	9.59601e-05	0.380657	0.0001243	0.210833	0.0374976	0.00272968	0.00364605	0.000234573	9.77875e-05	0.00447366	0.0146902	0.275829	0.000434318	0.00217802
67	0.413857	0.00231941	0.000452303	0.00050233	0.00152298	0.304071	0.000631046	0.00149975	0.000487653	0.00141413	0.0021234	0.000969424	0.0161576	0.0010671	0.000355521	0.189323	0.0515129	0.0102695	0.000751338	0.000712776
68	0.185464	0.0319567	0.00033365	0.000694417	0.00663952	0.0245685	0.000380377	0.135042	0.0003802	0.0627915	0.0399241	0.00623827	0.0229274	0.00063768	0.000316315	0.104112	0.161556	0.214022	0.000261469	0.0017549
69	0.129525	0.0161986	0.000288551	0.00706818	0.075594	0.0321977	0.000233206	0.140342	0.00155939	0.303449	0.0973401	0.00142022	0.00527632	0.00192152	0.00176441	0.0446083	0.0582986	0.0682663	0.00711449	0.00753396
70	0.0943528	0.0204941	0.00142167	0.0150181	0.00435508	0.00543723	0.00115457	0.329082	0.0249182	0.15035	0.0377873	0.0612683	0.0100942	0.0562374	0.020667	0.0599062	0.0232478	0.0797844	0.00120117	0.00322235
71	0.378829	0.0447523	0.00411681	0.00156751	0.0128673	0.122372	0.000379424	0.0201839	0.0010843	0.0262732	0.0171516	0.0055264	0.00501664	0.00283712	0.0016855	0.225404	0.0689671	0.0552282	0.000577795	0.0051802
72	0.153255	0.0129576	0.000557419	0.000784794	0.0267025	0.038179	0.000479961	0.275217	0.000739197	0.133978	0.0211419	0.00228118	0.00170871	0.000875728	0.00119893	0.0220499	0.0330898	0.269973	0.000309354	0.00452212
73	0.231224	0.0587372	0.00135244	0.000790284	0.017051	0.331416	0.00130649	0.0271171	0.00123609	0.0240161	0.0115678	0.0112426	0.00249157	0.00119795	0.00120263	0.102351	0.0341882	0.121773	0.00781949	0.011919
74	0.0444955	0.0026493	0.000499951	0.00393318	0.0399187	0.00262275	0.000143783	0.264763	0.00151265	0.326513	0.0652081	0.000992059	0.00514431	0.00197501	0.00170505	0.00569613	0.0227331	0.188224	0.00941632	0.0118546
75	0.0239686	0.0247147	0.000296508	0.000482242	0.238053	0.00546034	0.00136279	0.140262	0.00192592	0.331655	0.0593749	0.000642488	0.00245921	0.000604644	0.000852921	0.0216079	0.0117501	0.100554	0.00999503	0.0239778
76	0.163873	0.0332191	0.00157591	0.00102447	0.00819191	0.475409	0.00186367	0.0211521	0.00130983	0.0213699	0.0206951	0.0165541	0.00335297	0.00471217	0.00213975	0.123652	0.0510756	0.0434718	0.0021603	0.0031973
77	0.364828	0.0568059	0.00234488	0.00028574	0.0128827	0.120438	0.000284668	0.0268461	0.000240793	0.0248887	0.0145603	0.00617782	0.00275744	0.000667081	0.000309149	0.227807	0.069914	0.0650636	0.000543598	0.00235491
78	0.119846	0.048645	0.00468484	0.00465044	0.00145009	0.034661	0.00631514	0.0763994	0.000614926	0.059477	0.0598691	0.0365547	0.00720519	0.0302388	0.00298848	0.251995	0.166533	0.086187	0.000327807	0.00135738
79	0.0429715	0.00933156	0.000268552	0.00200534	0.0663064	0.00301452	0.000137595	0.255323	0.000816741	0.344475	0.0709635	0.000446456	0.00308456	0.00105769	0.00081124	0.00286185	0.0228611	0.162299	0.00547244	0.00549135
80	0.156911	0.0171047	0.000206817	0.000324536	0.0394998	0.0236636	0.000177472	0.210688	0.000249406	0.162999	0.0292585	0.0012875	0.00237569	0.000239236	0.00102981	0.00997545	0.0280106	0.311539	0.000305363	0.00415435
81	0.423205	0.00283682	0.000386945	0.000630183	0.00189834	0.328562	0.000430435	0.00176275	0.000524032	0.00201457	0.00192823	0.00112472	0.0079479	0.0008647	0.000615045	0.166416	0.0462565	0.0114551	0.00033034	0.000811171
82	0.331694	0.00895869	0.00177012	0.0019656	0.0015375	0.222266	0.000685224	0.0022441	0.000747412	0.00186778	0.00459222	0.0100808	0.00946914	0.00087893	0.000447994	0.360512	0.032449	0.0061759	0.000648124	0.00101007
83	0.0119183	0.00126422	0.000448997	0.00454462	0.00731702	0.0439268	0.0190386	0.00172991	0.3074	0.0073557	0.00719103	0.0336134	0.00396469	0.0397645	0.436655	0.0362229	0.016271	0.0119093	0.00304292	0.00642077
84	0.0166923	0.00186945	0.000660022	0.00357596	0.0187079	0.0319088	0.0292074	0.00291429	0.366663	0.00555185	0.00521486	0.0289359	0.00872901	0.0308244	0.351289	0.0374653	0.0170717	0.0302844	0.00805871	0.004376
85	0.026826	0.0225883	0.000496367	0.000244789	0.241845	0.00589609	0.000462119	0.14898	0.000542081	0.337156	0.0399946	0.000948112	0.000954359	0.000447648	0.000372217	0.0179158	0.00515621	0.132273	0.00428165	0.0126198
86	0.0351707	0.00719089	0.0010404	0.000151349	0.0807837	0.00297148	0.000136131	0.316585	0.000163595	0.248441	0.0371333	0.00155157	0.00218057	0.000254001	0.000175264	0.00487811	0.014723	0.242621	0.000880928	0.00296783
87	0.10296	0.0165152	0.0024933	0.00152568	0.00380729	0.0232468	0.0065671	0.0123484	0.00156354	0.0147303	0.00517818	0.00921496	0.0861777	0.00328114	0.00132479	0.364464	0.302887	0.0295318	0.00131176	0.0108712
88	0.0620759	0.00323034	0.00828786	0.00170752	0.00269272	0.031349	0.0108712	0.00449431	0.00134915	0.00405114	0.00314676	0.0121871	0.754102	0.00168118	0.000978366	0.0527737	0.0274906	0.0145467	0.00086942	0.002115
89	0.0296543	0.00349369	0.00126116	0.000184166	0.0367501	0.00196757	8.48539e-05	0.367857	0.000128561	0.218355	0.0390087	0.00203292	0.00293835	0.000174599	0.000132735	0.00416312	0.0163203	0.272583	0.000626129	0.00228344
90	0.0236133	0.00787368	0.000539475	0.00546148	0.0136711	0.00225985	0.000428744	0.260449	0.000556262	0.063846	0.00884669	0.00427616	0.00126057	0.000612876	0.000367904	0.00719528	0.0292565	0.567333	0.00039466	0.00175748
91	0.109503	0.0174801	0.00352623	0.00170222	0.00265719	0.0291638	0.00552549	0.0103561	0.00124438	0.00941286	0.0026043	0.0103263	0.0157467	0.00184721	0.000804827	0.437574	0.304223	0.0257577	0.000746692	0.00979847
92	0.0407872	0.00280211	0.000310755	0.000286718	0.00296109	0.900732	0.000321094	0.00131531	0.000340383	0.00127976	0.00192762	0.00132017	0.000787242	0.000459797	0.000269084	0.0314082	0.00392559	0.00490915	0.00312873	0.000728258
93	0.113972	0.0400135	0.000432129	0.00138916	0.00955063	0.00538461	0.000692914	0.171235	0.000488267	0.0685039	0.03734	0.00481419	0.013356	0.00139762	0.00056205	0.106054	0.185687	0.2357	0.00030555	0.00312262
94	0.0238575	0.00567633	0.000814101	0.00316139	0.0167325	0.00222185	0.000339873	0.318304	0.00039994	0.104397	0.0158151	0.00342266	0.00164629	0.000414671	0.000235039	0.00584779	0.0252953	0.469022	0.000313754	0.00208196
95	0.0222941	0.0044568	0.000764679	0.00275679	0.0166185	0.00213108	0.000306567	0.353192	0.000394474	0.11177	0.0166833	0.00323447	0.00157005	0.000396639	0.000274905	0.00468504	0.0200094	0.436178	0.000298797	0.00198488
96	0.150304	0.0281223	0.000273473	0.00417388	0.117029	0.0464265	0.000654344	0.101904	0.000794735	0.255931	0.105835	0.00188198	0.00373675	0.00081828	0.000551602	0.0630202	0.0762876	0.0340494	0.00250015	0.00570562
97	0.133513	0.0536679	0.0023314	0.00269139	0.00351287	0.0256153	0.00300145	0.103139	0.000517662	0.061276	0.0761663	0.0218488	0.00901823	0.0158955	0.00158923	0.19712	0.158366	0.128768	0.000308656	0.00165314
98	0.0315982	0.00308522	0.00127479	0.000249149	0.0321275	0.00300957	0.000138659	0.383961	0.000236641	0.199879	0.0400042	0.00236142	0.00280974	0.000287616	0.000207736	0.00488479	0.0157529	0.274938	0.000663685	0.00253011
99	0.0253078	0.0021921	0.000304641	0.000300399	0.00279544	0.925936	0.000334622	0.00122188	0.000354768	0.00119267	0.00184772	0.00124744	0.000583369	0.000465292	0.000272452	0.0253927	0.00270299	0.00372684	0.00323946	0.000581641
100	0.0402547	0.00220266	0.000195312	0.00603872	0.0482158	0.00178998	0.000214485	0.194973	0.00250237	0.419999	0.083985	0.000695025	0.00677878	0.00335766	0.00251466	0.00726134	0.028137	0.119382	0.0151457	0.0163554
101	0.0909573	0.0316784	0.0033906	0.00203006	0.00317687	0.0366021	0.012189	0.0104805	0.00127563	0.00566008	0.00339997	0.0167258	0.0208114	0.00239767	0.00129709	0.497317	0.216864	0.0171454	0.000852841	0.0257488
102	0.0292763	0.0058531	0.0003713	0.00247532	0.0507653	0.00275078	0.000421063	0.100931	0.00106458	0.587827	0.108582	0.000909984	0.0026419	0.00169307	0.00113371	0.00806474	0.0108695	0.0749374	0.00409838	0.00533315
103	0.0295036	0.0176644	0.000342281	0.00107886	0.179186	0.00444218	0.000819868	0.181552	0.00150508	0.335196	0.0581674	0.000603173	0.00254951	0.000747816	0.000989404	0.0161458	0.0133827	0.129631	0.00837266	0.0181201
104	0.0639664	0.00761116	0.0675582	0.113264	0.00620409	0.0702556	0.0311186	0.0121829	0.0805989	0.0094631	0.0067457	0.066484	0.0370366	0.107935	0.106029	0.133354	0.0580432	0.0123879	0.000479047	0.00928316
105	0.0618146	0.0185707	0.00031679	0.00739234	0.0187315	0.0031056	0.000494054	0.206194	0.00061462	0.0517841	0.00665434	0.00310676	0.00233261	0.000787198	0.000579307	0.0371321	0.0900249	0.486808	0.000336822	0.00321944
106	0.441196	0.00596522	0.000563852	0.000935362	0.00229249	0.28211	0.000340988	0.00324408	0.000688321	0.00422239	0.00311371	0.00123296	0.00816505	0.00128737	0.000884077	0.177836	0.0507349	0.0137905	0.000342252	0.00105374
107	0.0413417	0.00885297	0.000568147	0.000919875	0.0628366	0.00284744	0.000115047	0.290526	0.000499454	0.289051	0.0596955	0.000921199	0.00288362	0.000625967	0.000520761	0.00328814	0.0211985	0.204956	0.00438613	0.00396652
108	0.0124746	0.00365431	0.00691866	0.00160651	0.0403908	0.00681736	0.145135	0.0228735	0.0390576	0.00645321	0.00517869	0.569319	0.00282237	0.00399884	0.00466055	0.0491161	0.0104343	0.00864191	0.00224465	0.0582023
109	0.0423917	0.00197071	0.000201814	0.00661945	0.0508499	0.00190652	0.000384285	0.202147	0.00302116	0.39872	0.0817774	0.000465851	0.00797117	0.00336604	0.00305333	0.00907452	0.0286408	0.118383	0.0193974	0.019658
110	0.177269	0.0277801	0.000267899	0.00496593	0.101406	0.0545467	0.000271046	0.095953	0.000421467	0.243583	0.104568	0.00211863	0.00312415	0.000773014	0.000386507	0.0699065	0.0800739	0.0312762	0.000271545	0.00103758
111	0.0427468	0.00165118	0.000270162	0.00697415	0.0426182	0.00157788	0.000184407	0.20669	0.00249196	0.406229	0.0818984	0.000528299	0.00689365	0.00338613	0.00266454	0.0064265	0.026758	0.12964	0.0151255	0.0152454
112	0.438933	0.00210351	0.00031772	0.000357953	0.00130244	0.307346	0.000365957	0.0011697	0.000408837	0.00112128	0.00147132	0.000673703	0.00905286	0.000497998	0.000311631	0.177278	0.0468836	0.00957877	0.000240023	0.000585607
113	0.177339	0.0277695	0.000289106	0.00496444	0.101349	0.054659	0.000272769	0.095908	0.000421664	0.243604	0.104469	0.00211832	0.00310527	0.00077232	0.000394288	0.0699887	0.0800225	0.0312448	0.000273569	0.0010345
114	0.0284899	0.0121217	0.000263731	0.00114797	0.110413	0.00299455	0.000530444	0.140717	0.00110215	0.47079	0.0882581	0.000635145	0.00227031	0.000960575	0.000725568	0.00962114	0.0153961	0.0980534	0.005874	0.00963425
115	0.186572	0.0153744	0.000140686	0.000236841	0.0360693	0.0328722	0.000159003	0.205333	0.000251104	0.153562	0.0272017	0.00105009	0.00139696	0.000292745	0.00140367	0.013414	0.0277772	0.291398	0.000116524	0.00537814
116	0.103396	0.0295177	0.000371832	0.00228823	0.0209419	0.00435527	0.000422524	0.222519	0.000511782	0.0869141	0.0161833	0.00189633	0.00459995	0.000706453	0.00048882	0.0724614	0.146858	0.279522	0.000289054	0.00575534
117	0.1054	0.040171	0.000464863	0.00248111	0.0228236	0.00401635	0.000676288	0.20711	0.000628875	0.0652793	0.0231323	0.00272591	0.00577051	0.000815911	0.000634813	0.0723767	0.137988	0.302751	0.000341866	0.00441104
118	0.0268467	0.00233418	0.00138069	0.000116902	0.0322701	0.00161215	9.56e-05	0.384901	0.00010167	0.203928	0.0351688	0.00220226	0.00289862	0.000120662	8.79109e-05	0.00436762	0.0152058	0.28389	0.000363392	0.0021069
119	0.185057	0.0137478	0.0002031	0.00026529	0.0515052	0.0357633	0.000214789	0.188731	0.00105201	0.14583	0.0352074	0.00113269	0.00140666	0.000469935	0.00392716	0.0149015	0.0321764	0.279986	0.000183452	0.00824025
120	0.0238682	0.0310917	0.000320657	0.000402934	0.253957	0.00600014	0.00102131	0.125393	0.00143648	0.340185	0.0540412	0.000843307	0.00193599	0.00052974	0.000699163	0.0227407	0.0113714	0.0967098	0.00900281	0.0184504
121	0.0190907	0.0210054	0.0010418	0.00130848	0.192166	0.00565561	0.012079	0.136736	0.0133128	0.213296	0.0907814	0.00256185	0.00507856	0.0019133	0.00298929	0.0278419	0.0372023	0.0705496	0.0412231	0.104167
122	0.0436866	0.00155627	0.000169577	0.00685445	0.0464889	0.00161007	0.000233339	0.200479	0.0028305	0.405407	0.0818972	0.000463631	0.00775664	0.00355668	0.00291795	0.00748212	0.0292375	0.121062	0.0184281	0.0178817
123	0.0137264	0.00114177	0.000377267	0.00526681	0.00755861	0.0581508	0.022054	0.00171004	0.31944	0.00567091	0.00534662	0.035495	0.00388264	0.0379312	0.411753	0.0366375	0.0134896	0.0124188	0.00318202	0.00476757
124	0.0521991	0.00676638	0.00566595	0.00133734	0.0163156	0.0276361	0.0012865	0.143901	0.00432926	0.163473	0.124581	0.0336376	0.00738621	0.0151552	0.00145211	0.0974232	0.14801	0.13152	0.000979632	0.0169455
125	0.368608	0.0573977	0.00251043	0.000248631	0.0134628	0.123	0.000223541	0.0238859	0.00027067	0.0232879	0.013114	0.00592298	0.00251148	0.000477832	0.000311331	0.23446	0.0678616	0.0594608	0.0004984	0.00248643
126	0.219169	0.0218545	0.00513844	0.00592149	0.00177202	0.0829958	0.00130392	0.00381654	0.000917252	0.00259183	0.00425417	0.0366533	0.00689301	0.00113009	0.000624783	0.556578	0.0416929	0.00385129	0.000517178	0.00232425
127	0.0259801	0.00168361	0.00165507	0.000144951	0.0293485	0.00190175	8.79842e-05	0.393476	0.00011514	0.196308	0.035063	0.00257028	0.0033817	0.000131433	9.87613e-05	0.00460127	0.0143746	0.286531	0.000327506	0.00221909
128	0.0435184	0.0092117	0.000292928	0.00220954	0.0710156	0.0028819	0.000135375	0.241673	0.000924936	0.355741	0.0671234	0.00041997	0.0032949	0.00114699	0.000946364	0.00331924	0.0227861	0.161299	0.00594793	0.00611028
129	0.0253682	0.0014174	0.00141697	0.000119661	0.0282826	0.00157887	9.29139e-05	0.398064	0.000110766	0.191798	0.0327669	0.00246862	0.00290592	0.000125453	0.000101812	0.00466245	0.0146236	0.291383	0.000260053	0.00245286
130	0.423947	0.00615672	0.000430943	0.000495042	0.0023917	0.306006	0.000379945	0.00283531	0.000489442	0.00280164	0.00244681	0.00138947	0.0081204	0.000594821	0.000469998	0.180152	0.0457089	0.0138426	0.000347418	0.000993735
131	0.0273299	0.00337961	0.000331283	0.00279341	0.0341616	0.00150893	0.00044206	0.116027	0.00136922	0.576968	0.126738	0.000693698	0.00269671	0.00235841	0.00120695	0.00596732	0.0118211	0.0724296	0.00580581	0.00597194
132	0.162191	0.0156256	0.000168017	0.000190844	0.0423212	0.0253176	0.000140266	0.214494	0.00018715	0.170677	0.0325913	0.00097839	0.00165579	0.000216267	0.00116074	0.00973905	0.027425	0.289993	0.000308569	0.0046196
133	0.182347	0.0171628	0.000207809	0.000257145	0.0359399	0.0302512	0.000183481	0.195565	0.000247762	0.144028	0.0256936	0.00120313	0.00189635	0.000248763	0.00128217	0.0111873	0.0299031	0.317223	0.000143566	0.0050273
134	0.0253078	0.0021921	0.000304641	0.000300399	0.00279544	0.925936	0.000334622	0.00122188	0.000354768	0.00119267	0.00184772	0.00124744	0.000583369	0.000465292	0.000272452	0.0253927	0.00270299	0.00372684	0.00323946	0.000581641
135	0.0735206	0.162895	0.00411405	0.0039646	0.0596942	0.0157452	0.00475432	0.0152509	0.00535142	0.0149507	0.0645625	0.00967529	0.0101024	0.00647739	0.00424867	0.064862	0.211434	0.0236036	0.00322371	0.241569
136	0.178289	0.0152323	0.000144785	0.000224331	0.0333726	0.0294928	0.000152049	0.213552	0.000216475	0.157123	0.0267758	0.00110339	0.00148513	0.000272362	0.00114424	0.0119204	0.0263549	0.298293	0.000133639	0.00471769
137	0.189266	0.0157794	0.000160707	0.000215339	0.0404045	0.0333509	0.000171621	0.194115	0.000323845	0.145677	0.0308432	0.00103171	0.00141275	0.000288082	0.0018061	0.0130946	0.0308712	0.294674	0.000122096	0.00639129
138	0.260869	0.0297383	0.000311471	0.00100226	0.0263138	0.076038	0.000304099	0.0969487	0.00040834	0.0891808	0.0547085	0.00608182	0.0100273	0.000602771	0.000497607	0.0819004	0.0933662	0.169291	0.000269743	0.00214038
139	0.0363732	0.00602454	0.00103385	0.000132222	0.0516996	0.0024724	9.12951e-05	0.341725	0.000104386	0.24038	0.0407379	0.00156687	0.00304631	0.000146832	0.00010395	0.00408141	0.0176909	0.249696	0.00089919	0.00199329
140	0.0350299	0.0037019	0.00123177	0.000159478	0.0336427	0.00333392	9.6107e-05	0.37452	0.000110274	0.20881	0.0404684	0.00203775	0.0026719	0.000160202	0.000125116	0.00438424	0.0151715	0.271697	0.000580327	0.00206761
141	0.0579296	0.0142334	0.000921284	0.00131273	0.31476	0.0156395	0.0234564	0.0288086	0.00128716	0.0235708	0.00322538	0.00229841	0.00812259	0.00983612	0.0091047	0.0513806	0.0119247	0.0326138	0.000865986	0.388708
142	0.0463482	0.012592	0.000263775	0.000718595	0.0772283	0.00334815	0.000127567	0.260726	0.000336249	0.321077	0.0622117	0.000403249	0.00258223	0.000443755	0.000321304	0.00216521	0.0229755	0.180067	0.00317392	0.00289044
143	0.0316916	0.011475	0.000376189	0.00593508	0.0154015	0.00325631	0.000517866	0.231094	0.000585267	0.0532584	0.00622767	0.00443619	0.00131189	0.00066414	0.000402766	0.00718909	0.029729	0.594477	0.000389605	0.00158086
144	0.13457	0.0435061	0.00669018	0.00371665	0.00189266	0.042393	0.00712745	0.0658642	0.000674836	0.054438	0.0481789	0.0381253	0.00802932	0.0306375	0.00323335	0.264066	0.163764	0.0810277	0.000312387	0.00175191
145	0.2873	0.0288971	0.000981693	0.000519881	0.00907149	0.0727422	0.000629896	0.0764028	0.000379691	0.057213	0.0440092	0.00794751	0.0107511	0.00216815	0.000447609	0.130227	0.107775	0.160854	0.000260171	0.00142275
146	0.124301	0.0127255	0.000407694	0.000196749	0.0427345	0.0177449	0.000120165	0.248965	0.000163557	0.190681	0.0386774	0.00115345	0.00184101	0.000201453	0.000841118	0.0086458	0.0280931	0.277761	0.000706239	0.00403884
147	0.0529299	0.0112387	0.0266282	0.38471	0.0139251	0.0798907	0.013986	0.0211356	0.0307593	0.0207548	0.0165111	0.028899	0.0182978	0.0971997	0.0364877	0.0670863	0.0410973	0.0249486	0.00296488	0.0105492
148	0.167513	0.00836981	0.00265327	0.00155568	0.00487573	0.0151882	0.0031996	0.0132547	0.00198685	0.0324118	0.00591974	0.00602473	0.015628	0.00497676	0.00163933	0.256613	0.401819	0.0504792	0.0010764	0.00481488
149	0.0846843	0.0227986	0.000687361	0.0022354	0.0214644	0.00535362	0.000435336	0.240478	0.00094266	0.0977307	0.0259223	0.00417791	0.00410291	0.00162882	0.000500235	0.065918	0.138899	0.272925	0.000479474	0.008636
150	0.0253078	0.0021921	0.000304641	0.000300399	0.00279544	0.925936	0.000334622	0.00122188	0.000354768	0.00119267	0.00184772	0.00124744	0.000583369	0.000465292	0.000272452	0.0253927	0.00270299	0.00372684	0.00323946	0.000581641
151	0.122685	0.0450234	0.0914095	0.0144835	0.0102872	0.0183809	0.0102556	0.0209015	0.0102524	0.0228959	0.0154386	0.198757	0.00810858	0.111431	0.00901624	0.0973124	0.0904659	0.0856897	0.00220993	0.0149957
152	0.039359	0.00530017	0.000880921	0.00389655	0.0775974	0.00748111	0.00208725	0.175196	0.0052123	0.303181	0.10129	0.00561157	0.00780589	0.00471615	0.00350183	0.0286699	0.059205	0.11406	0.0200288	0.0349188
153	0.0727549	0.00836151	0.0117988	0.00837355	0.0425777	0.0126016	0.00666158	0.0148024	0.03551	0.0499063	0.0111671	0.0860806	0.00744996	0.081912	0.00525104	0.194104	0.317966	0.0201369	0.00301477	0.00956899
154	0.456618	0.00286702	0.000503681	0.00185179	0.00166328	0.276863	0.000362417	0.00269679	0.00119456	0.00436668	0.00314837	0.00180951	0.00820698	0.00254511	0.00178757	0.168013	0.0520341	0.0118354	0.000289285	0.00134381
155	0.0467416	0.00399094	0.00356765	0.00052089	0.0187717	0.0243213	0.000477955	0.155506	0.00457345	0.166154	0.134499	0.0303739	0.00547986	0.0103173	0.00101111	0.0681417	0.158369	0.14768	0.001074	0.0184285
156	0.0639664	0.00761116	0.0675582	0.113264	0.00620409	0.0702556	0.0311186	0.0121829	0.0805989	0.0094631	0.0067457	0.066484	0.0370366	0.107935	0.106029	0.133354	0.0580432	0.0123879	0.000479047	0.00928316
157	0.0426409	0.00284542	0.000185134	0.00592111	0.0480767	0.00174479	0.000164195	0.208935	0.00240181	0.400854	0.079135	0.000447684	0.0066776	0.00316542	0.00239772	0.00613885	0.028956	0.128542	0.0158186	0.0149521
158	0.0639664	0.00761116	0.0675582	0.113264	0.00620409	0.0702556	0.0311186	0.0121829	0.0805989	0.0094631	0.0067457	0.066484	0.0370366	0.107935	0.106029	0.133354	0.0580432	0.0123879	0.000479047	0.00928316
159	0.124516	0.0361944	0.0251221	0.0394333	0.00811652	0.19372	0.039687	0.0134663	0.0319251	0.0139657	0.0115718	0.106085	0.0160019	0.0421746	0.0931538	0.114957	0.0368951	0.0186914	0.00225522	0.0320673
160	0.338538	0.0486795	0.00176768	0.000645563	0.0111958	0.234496	0.000570963	0.0181975	0.000603156	0.0168864	0.00974008	0.00660419	0.00409229	0.000739341	0.000948847	0.184726	0.0526694	0.0630332	0.00224604	0.00362036
161	0.0244672	0.0013724	0.00127594	0.000131529	0.0257721	0.00168263	0.000108409	0.406892	0.000132065	0.183484	0.0300809	0.00221672	0.00261621	0.000137522	0.000111184	0.00444863	0.0148606	0.29776	0.000233452	0.00221773
162	0.0650513	0.00471695	0.000499531	0.00413279	0.08474	0.0149234	0.00161305	0.170798	0.00737757	0.2945	0.0882763	0.00334914	0.00714444	0.00384894	0.00922407	0.0236609	0.0435906	0.130789	0.0141024	0.0276621
163	0.219705	0.0682011	0.00157403	0.00149459	0.0131732	0.36089	0.00170086	0.0164635	0.00205316	0.0141816	0.00689429	0.0178654	0.00257251	0.00168076	0.00175867	0.0953162	0.032853	0.116942	0.0138551	0.0108246
164	0.056881	0.0071355	0.103097	0.0660197	0.00546286	0.0165031	0.0176236	0.00934977	0.0258203	0.0257543	0.00738544	0.227856	0.0104469	0.124581	0.0202983	0.163465	0.0598851	0.0149871	0.00106133	0.0363868
165	0.312843	0.00422484	0.000463095	0.00039668	0.0025913	0.47951	0.000468673	0.00194837	0.000473876	0.00192225	0.00218209	0.00263084	0.00582505	0.000581162	0.000485234	0.138782	0.0328443	0.0101103	0.000979848	0.000736074
166	0.051016	0.0122964	0.000530135	0.000430979	0.120246	0.00428977	0.000221843	0.223926	0.000288752	0.323949	0.0446053	0.000865022	0.00163354	0.000402708	0.000281275	0.00555146	0.0154756	0.185107	0.00254691	0.00633552
167	0.125041	0.0475769	0.00477484	0.0039397	0.00204052	0.0462513	0.00633715	0.0704689	0.000714384	0.0572883	0.0584781	0.0381871	0.00721725	0.0282445	0.0028316	0.253956	0.157719	0.0871966	0.000325462	0.00141069
168	0.111078	0.0351357	0.00456702	0.00339823	0.002188	0.0446347	0.00683411	0.00914045	0.00114737	0.00529382	0.00394934	0.0307972	0.013472	0.00255005	0.000856793	0.533214	0.164364	0.0134109	0.000614184	0.0133546
169	0.178406	0.0278876	0.000269906	0.00487689	0.100928	0.0542995	0.000269215	0.0956384	0.000424708	0.242178	0.105003	0.00213263	0.00311425	0.000760191	0.000388205	0.0704047	0.079596	0.0320888	0.000267098	0.00106679
170	0.0342665	0.00706763	0.00083565	0.000117963	0.0546781	0.00226397	8.27023e-05	0.339634	0.000106786	0.246955	0.0438277	0.00139406	0.00245971	0.000147212	8.11476e-05	0.00333289	0.0176892	0.242226	0.00104177	0.00179226
171	0.335898	0.0237847	0.00203883	0.00180564	0.00423248	0.179044	0.000520449	0.00751329	0.000411512	0.00700287	0.00589023	0.0112814	0.0067165	0.000567644	0.000371096	0.347744	0.0447522	0.0187315	0.000376306	0.00131759
172	0.435492	0.0022797	0.000344999	0.000335648	0.00131262	0.302119	0.000371658	0.00127441	0.000403044	0.00115969	0.00159633	0.000710129	0.00970459	0.000493059	0.000354849	0.183707	0.0479206	0.00959818	0.000249025	0.000572935
173	0.0509349	0.0137285	0.000269387	0.000205369	0.0784566	0.00413122	0.000132956	0.261757	0.000164833	0.312289	0.0574138	0.00042277	0.00187764	0.00019968	0.000130662	0.00196878	0.0225596	0.188954	0.00229803	0.00210546
174	0.0359783	0.0168057	0.00024772	0.00148692	0.161844	0.00496749	0.0004071	0.181907	0.00100568	0.351945	0.0610047	0.000585601	0.00280943	0.000894884	0.000856359	0.0125715	0.0153205	0.130936	0.0069802	0.0114462
175	0.0662234	0.0232575	0.00250392	0.00182189	0.00557177	0.469781	0.00416519	0.00664754	0.00862366	0.0133466	0.0117735	0.153458	0.00316268	0.0107258	0.0121314	0.158336	0.0305422	0.0100568	0.00217304	0.00569739
176	0.368909	0.0586476	0.00239862	0.000251437	0.0134211	0.123949	0.000224557	0.0238137	0.000253212	0.0225299	0.0127111	0.00618201	0.00239085	0.000459249	0.000286681	0.232442	0.0681784	0.0599706	0.00056353	0.00241711
177	0.15573	0.0285362	0.000460006	0.00434928	0.115242	0.0530328	0.00063436	0.0908535	0.000843677	0.248254	0.109216	0.00206804	0.00678123	0.000997481	0.000795162	0.0618463	0.0861142	0.0300504	0.0011339	0.00306109
178	0.0601792	0.00293911	0.00887324	0.00163013	0.00311121	0.0305653	0.0104913	0.00421669	0.0013577	0.00441953	0.00336045	0.0115532	0.7598	0.00163147	0.00102108	0.049299	0.0275593	0.0148179	0.000825256	0.00234869
179	0.0398117	0.00169321	0.00374351	0.000430784	0.0205218	0.0260633	0.000488095	0.153864	0.00499177	0.175141	0.141651	0.0320437	0.00484951	0.0112697	0.00106203	0.0692153	0.154047	0.139631	0.00112757	0.0183541
180	0.190987	0.0289182	0.014363	0.00387379	0.004869	0.0563729	0.00362228	0.031927	0.00174362	0.0201086	0.015444	0.0244403	0.00831134	0.0103187	0.00213646	0.37656	0.162785	0.0376453	0.000706918	0.00486719
181	0.125911	0.0368382	0.00390845	0.002518	0.00195573	0.0379996	0.00627638	0.0558925	0.000806	0.0351414	0.030529	0.0219973	0.0158435	0.015977	0.002139	0.320177	0.20797	0.0717502	0.00038683	0.00598386
182	0.0598859	0.0130292	0.00104113	0.00130469	0.336311	0.0141817	0.0202696	0.0297114	0.00151822	0.0221859	0.0034458	0.00269081	0.00933087	0.00966741	0.00885598	0.0483143	0.0136222	0.0309654	0.00100329	0.372666
183	0.356125	0.00680359	0.00125676	0.00157331	0.00136585	0.246026	0.0005384	0.00193571	0.000615716	0.00134581	0.00330826	0.0073569	0.0123531	0.000804403	0.000367275	0.311293	0.03849	0.00696254	0.000607702	0.000870069
184	0.0712982	0.00666805	0.0118893	0.0118017	0.0306182	0.0102291	0.00281302	0.0262167	0.00812568	0.0150922	0.0409541	0.0177347	0.00682389	0.561738	0.00459018	0.0707577	0.0785388	0.0136774	0.00167181	0.00876133
185	0.0348969	0.00716437	0.0841333	0.0333515	0.0147436	0.00872468	0.0494689	0.0120556	0.021831	0.012314	0.00524887	0.462411	0.00427019	0.0475823	0.00585337	0.104086	0.0410998	0.016463	0.00129743	0.0330045
186	0.20307	0.030895	0.00130263	0.00264284	0.0100012	0.0390985	0.00162901	0.12523	0.00130541	0.0601198	0.0432349	0.018213	0.0138366	0.00532789	0.00160793	0.111725	0.129401	0.198167	0.000660982	0.00253033
187	0.0373228	0.00245426	0.00029207	0.000298548	0.00297039	0.907583	0.000326163	0.00121084	0.000347764	0.0012054	0.00188626	0.00133065	0.000648901	0.000416283	0.000265669	0.029866	0.00347416	0.00447069	0.00303664	0.000593467
188	0.0268921	0.00279443	0.0014927	0.000310646	0.0349769	0.00196819	9.77099e-05	0.377841	0.000167658	0.217891	0.0393308	0.00218046	0.00311962	0.000276534	0.000167173	0.00425527	0.0155426	0.267112	0.00100584	0.00257802
