264	20
1	0.0148976	0.000904702	0.00457164	0.000833763	0.263714	0.00205208	0.0147623	0.0175482	0.00124718	0.0429762	0.00126508	0.00148842	0.000848617	0.00418694	0.00112829	0.0031196	0.00851937	0.0179461	0.0137481	0.584241
2	0.0152535	0.000879936	0.00464525	0.000817506	0.269545	0.00208309	0.0144406	0.0173192	0.00130921	0.0435619	0.00137946	0.00147843	0.000889611	0.00425264	0.00115471	0.00326729	0.00854574	0.0179047	0.0145089	0.576764
3	0.32951	0.0150581	0.000966753	0.00158745	0.0541937	0.114369	0.00101308	0.0170734	0.00681228	0.123901	0.0659677	0.00333456	0.00668607	0.00355101	0.0213479	0.0795069	0.052245	0.0601208	0.0281079	0.014648
4	0.0630231	0.0280667	0.00102545	0.0236487	0.034635	0.0102408	0.00142098	0.090911	0.103837	0.133084	0.0354378	0.0201925	0.00392449	0.0453544	0.0368853	0.0274364	0.0932121	0.174737	0.0219203	0.0510073
5	0.152862	0.10705	0.00167291	0.00255777	0.112266	0.376614	0.00811742	0.011578	0.00444567	0.0483185	0.0259627	0.00578646	0.00554767	0.00237329	0.00328986	0.0804348	0.0184234	0.0255928	0.003533	0.00357305
6	0.384072	0.010285	0.000899794	0.001265	0.0698285	0.143494	0.00114894	0.0216576	0.00178749	0.0984689	0.0549047	0.00434396	0.00164268	0.00129946	0.00445431	0.059854	0.0693983	0.0555449	0.0107786	0.00487145
7	0.0659489	0.0143397	0.000639139	0.00167954	0.204564	0.0192028	0.000816632	0.0742796	0.0033049	0.246835	0.0629196	0.0022125	0.0123107	0.00097263	0.00143164	0.00648131	0.0129048	0.200168	0.0452915	0.0236972
8	0.156383	0.0474363	0.00191124	0.0010515	0.0217535	0.545451	0.0016147	0.0104735	0.00487512	0.0171321	0.00457312	0.00936719	0.00567198	0.00130125	0.00378566	0.129398	0.0266111	0.00825284	0.000841424	0.00211546
9	0.127161	0.0590548	0.00332675	0.0032925	0.0300659	0.557449	0.00282612	0.0124178	0.00876007	0.0251939	0.00863825	0.0112087	0.00813365	0.0033587	0.00618859	0.0916129	0.0226615	0.0145737	0.00114003	0.00293603
10	0.175634	0.00979584	0.000436	0.00136747	0.0323838	0.0405549	0.000628821	0.172596	0.00204592	0.147642	0.0750725	0.0100397	0.00184981	0.000697188	0.00229411	0.0302972	0.0476047	0.242099	0.000970152	0.00599019
11	0.0302733	0.0105115	0.000496436	0.00237106	0.0648664	0.00475871	0.000485701	0.159435	0.00201958	0.477734	0.102093	0.00246147	0.00120687	0.000751805	0.00938567	0.0081862	0.0293662	0.0906055	0.00160914	0.00138163
12	0.295621	0.164854	0.00815669	0.0015255	0.00524457	0.0422694	0.00143938	0.0146513	0.0101372	0.0165486	0.00255089	0.0457174	0.00238362	0.00180633	0.00258834	0.220697	0.117024	0.0433852	0.00110866	0.00229119
13	0.284913	0.149124	0.0292593	0.00487412	0.012734	0.0411963	0.0030642	0.0188754	0.0129807	0.0227301	0.00677809	0.0359539	0.00700558	0.00423977	0.00663026	0.164008	0.142591	0.0439776	0.0029093	0.00615597
14	0.13668	0.0310336	0.001651	0.00319977	0.017103	0.569266	0.00360358	0.0193859	0.00844489	0.0194146	0.00460001	0.0127619	0.0233054	0.00233609	0.00871127	0.0956052	0.025147	0.0142608	0.0010894	0.00240057
15	0.128321	0.0106549	0.000701573	0.00167221	0.0596471	0.0301744	0.00268416	0.138496	0.00705472	0.207194	0.0245896	0.00532348	0.0463874	0.00205544	0.013293	0.0868249	0.0890418	0.133948	0.00263249	0.00930362
16	0.0766621	0.0128042	0.00504255	0.00574521	0.0231496	0.010504	0.00353213	0.133174	0.0107607	0.0348236	0.00864421	0.0352611	0.0057914	0.00956162	0.0183693	0.0852734	0.361387	0.15281	0.00204109	0.00466288
17	0.150066	0.0142022	0.0258206	0.0227806	0.0372343	0.0681508	0.0773622	0.0339094	0.0807316	0.0492681	0.0168218	0.0475722	0.0461545	0.0288133	0.03983	0.0973037	0.0682771	0.0484968	0.00775013	0.0394547
18	0.189869	0.0133727	0.0011517	0.00210673	0.0645375	0.0815702	0.00120733	0.0209444	0.0187979	0.1339	0.0469124	0.00467189	0.0103529	0.00192121	0.00441702	0.084112	0.204824	0.086442	0.0147844	0.0141043
19	0.354551	0.00991633	0.000487132	0.000965231	0.0567754	0.136033	0.000584945	0.0366133	0.00177102	0.123733	0.0520145	0.00541203	0.00191881	0.000909037	0.00362271	0.0596234	0.0652608	0.0778677	0.00784235	0.0040984
20	0.0479548	0.00367641	0.000305611	0.00171697	0.0260539	0.00604659	0.000380569	0.283946	0.00144185	0.164255	0.101048	0.00599139	0.000521299	0.000426823	0.00390054	0.0068208	0.029722	0.311938	0.000513374	0.00333906
21	0.0731238	0.0113559	0.00551022	0.00308717	0.0241547	0.00914413	0.00294872	0.110509	0.00597776	0.0220017	0.00496475	0.0272552	0.00641444	0.00693002	0.0302451	0.074083	0.437627	0.13676	0.00294897	0.00495796
22	0.112883	0.0096107	0.00603476	0.0104611	0.0307727	0.0485734	0.0123791	0.10191	0.0345149	0.0872158	0.0150192	0.0192946	0.138151	0.00888456	0.0276979	0.095779	0.144083	0.0838062	0.00396184	0.00896778
23	0.0409196	0.0209855	0.000576035	0.00190601	0.174515	0.00601223	0.000652893	0.179876	0.0023208	0.272338	0.0592849	0.002344	0.00320296	0.000755523	0.00363788	0.00754903	0.0185815	0.174367	0.0155595	0.0146149
24	0.0422991	0.0108596	0.155681	0.216608	0.0343113	0.059846	0.0190466	0.0108081	0.0396882	0.0238318	0.00826277	0.0695764	0.0194541	0.102527	0.0237538	0.0785352	0.0459033	0.0254746	0.00217927	0.0113539
25	0.049839	0.00556484	0.000538859	0.0016684	0.0239238	0.00805304	0.000808157	0.242046	0.00226468	0.157263	0.0938026	0.0103672	0.00103245	0.000896461	0.00389471	0.0110738	0.0321381	0.349537	0.000824696	0.0044635
26	0.0451872	0.0135151	0.000522618	0.00213103	0.108233	0.008535	0.000443988	0.186086	0.00270758	0.269092	0.0818497	0.00361713	0.00479363	0.000869926	0.00501056	0.0090797	0.0242873	0.208887	0.0146592	0.0104918
27	0.0463825	0.00529586	0.0158202	0.0106142	0.0135761	0.0350429	0.0200592	0.05695	0.303469	0.028989	0.0222323	0.0466283	0.0186888	0.0284031	0.123504	0.0924206	0.0701564	0.0446902	0.00267668	0.014401
28	0.0678412	0.0846802	0.00640323	0.0679449	0.0955424	0.0342735	0.00549677	0.0501872	0.03386	0.0917815	0.029459	0.0187326	0.0170335	0.0331366	0.0189144	0.0462201	0.118956	0.141316	0.0132442	0.0249765
29	0.0443004	0.00341637	0.0188016	0.0104178	0.0190397	0.0671388	0.0318087	0.0212087	0.248618	0.0117342	0.00763223	0.0901177	0.0190075	0.0285746	0.146161	0.111423	0.0719279	0.0264909	0.00115668	0.0210241
30	0.0395203	0.00785501	0.00139402	0.00542543	0.0276094	0.0248293	0.00154646	0.239327	0.0255151	0.195467	0.128742	0.0218004	0.0030477	0.00597522	0.0239304	0.0295864	0.0324738	0.171027	0.00500973	0.00991803
31	0.0230811	0.0052393	0.0613333	0.195876	0.0213724	0.0435517	0.0190599	0.00961174	0.0304402	0.0450553	0.0167878	0.0437739	0.0101076	0.247731	0.0303905	0.0616449	0.074002	0.0525403	0.00246003	0.00594098
32	0.122184	0.00730085	0.00049095	0.00147148	0.0265422	0.0231059	0.000794599	0.225297	0.00193777	0.138726	0.065918	0.00805179	0.00334439	0.00060959	0.00232082	0.024263	0.046909	0.293238	0.00102019	0.00647325
33	0.0610633	0.00977828	0.218434	0.11297	0.0108556	0.0501829	0.0452439	0.00739762	0.0297619	0.0120979	0.00502051	0.197887	0.00758513	0.0397236	0.00952442	0.0939973	0.0444477	0.0118339	0.0023703	0.0298261
34	0.120481	0.00533376	0.00973874	0.0137957	0.0076819	0.05603	0.0126023	0.0128966	0.178716	0.025435	0.00445026	0.032325	0.128853	0.0138226	0.147991	0.124054	0.0761501	0.022496	0.00157459	0.0055728
35	0.115263	0.00505246	0.0233319	0.178338	0.0108007	0.0764016	0.00275443	0.0606806	0.00570728	0.0966178	0.0281896	0.0274806	0.00596294	0.00860971	0.0291837	0.102989	0.082512	0.131524	0.00253876	0.00606169
36	0.0708786	0.0229382	0.00290821	0.0344913	0.0409569	0.0145979	0.00224921	0.0708305	0.107696	0.146969	0.0314786	0.0187477	0.00713453	0.0387572	0.0282035	0.0333875	0.101069	0.148296	0.0351629	0.0432467
37	0.0525905	0.00640776	0.019944	0.0144017	0.0298312	0.0432328	0.0605575	0.0141403	0.0936926	0.0294918	0.00752967	0.173417	0.0108302	0.0161624	0.0482268	0.102728	0.0413166	0.0219905	0.0173632	0.196145
38	0.0410652	0.00299012	0.0150364	0.00881422	0.0146842	0.0732177	0.0326528	0.0198745	0.215412	0.00843031	0.00615835	0.0983339	0.0123361	0.0230377	0.133949	0.15764	0.0848252	0.0274332	0.00089277	0.0232162
39	0.0250857	0.00230226	0.00262159	0.00204205	0.017836	0.147454	0.0166837	0.0249404	0.0905653	0.00754474	0.00349248	0.11923	0.0042918	0.00407223	0.0947929	0.295326	0.0978527	0.0336667	0.00125603	0.00894303
40	0.0467222	0.00507408	0.000475188	0.0016648	0.0276368	0.00728213	0.000454464	0.2784	0.00285269	0.160607	0.110829	0.00982389	0.000843826	0.000628719	0.00560238	0.0088238	0.0366661	0.288678	0.00175661	0.00517864
41	0.112566	0.0209914	0.00117226	0.00339541	0.0657188	0.0501312	0.00135202	0.0122537	0.0346979	0.120299	0.0470722	0.00366105	0.0173425	0.00252749	0.00807144	0.104915	0.244812	0.101464	0.0229471	0.0246084
42	0.0497751	0.014748	0.0768232	0.075096	0.0096695	0.113844	0.0404882	0.0079846	0.145161	0.018821	0.00252525	0.066568	0.0329583	0.0751097	0.0385367	0.129446	0.0723325	0.0135769	0.000664006	0.0158728
43	0.130839	0.0479328	0.000940919	0.000943334	0.0227145	0.607461	0.00175404	0.0104919	0.00491352	0.0195844	0.00501193	0.0099918	0.00633507	0.00165338	0.00383496	0.0980332	0.0170983	0.00789108	0.00086385	0.00171137
44	0.0620639	0.012042	0.00114686	0.00191383	0.349427	0.00995401	0.00122955	0.0534257	0.0052105	0.241129	0.0584666	0.00297907	0.00760906	0.002928	0.0023128	0.0128193	0.0250526	0.0858167	0.0439242	0.0205491
45	0.0260011	0.00217515	0.00310881	0.00183742	0.0187844	0.13997	0.0199395	0.0273223	0.102669	0.00753748	0.00341455	0.116161	0.00538925	0.00480182	0.103741	0.274822	0.0983698	0.0328021	0.000987458	0.0101677
46	0.058078	0.00458527	0.0029448	0.00671828	0.00974226	0.00935999	0.0196462	0.237406	0.0669109	0.0663241	0.00591222	0.0125382	0.00547929	0.0443198	0.00540665	0.103192	0.168036	0.165038	0.00287715	0.00548593
47	0.0597701	0.00840234	0.00209903	0.00339966	0.0259982	0.0127121	0.00532018	0.209466	0.0162021	0.171915	0.0171169	0.00931593	0.0189604	0.0102186	0.00603748	0.0935561	0.130388	0.187557	0.00377406	0.00779157
48	0.0553986	0.0132561	0.000696699	0.0036044	0.0973992	0.00776897	0.000958093	0.191876	0.0160282	0.189429	0.0670249	0.0042587	0.00483352	0.00436603	0.00411615	0.0121315	0.0276179	0.186796	0.0475543	0.0648859
49	0.0920914	0.00627311	0.00297939	0.0269885	0.00309343	0.0179764	0.00289192	0.0074765	0.303034	0.0113064	0.00433055	0.0149443	0.0107044	0.0210294	0.37553	0.0748357	0.00974719	0.0117411	0.000831925	0.00219438
50	0.0917602	0.00587079	0.015445	0.0145293	0.00777094	0.0778273	0.014655	0.0121919	0.25174	0.0287805	0.00474774	0.0364396	0.0676816	0.0157827	0.146572	0.120122	0.0540021	0.0269425	0.0010916	0.00604693
51	0.322533	0.00842506	0.00471703	0.0451742	0.0182177	0.086977	0.00470491	0.0247495	0.00831091	0.0721363	0.0155358	0.0419742	0.00869652	0.00536947	0.0089018	0.101752	0.0345981	0.149287	0.00406985	0.0338704
52	0.0219044	0.00659594	0.000965494	0.00121219	0.081246	0.0181093	0.000794302	0.0871179	0.00174603	0.635635	0.0586418	0.00215071	0.00134202	0.00133343	0.0048488	0.00602785	0.0284062	0.0374687	0.00260975	0.00184382
53	0.0808492	0.013481	0.00457327	0.00509527	0.173038	0.0492427	0.00368508	0.0238084	0.0146038	0.110673	0.0253335	0.00793554	0.00993128	0.00577479	0.00696039	0.0402604	0.135717	0.131818	0.0472537	0.109966
54	0.029538	0.00235119	0.0165589	0.00854943	0.0057534	0.0152076	0.0149026	0.0243337	0.447487	0.0180225	0.0318902	0.0327339	0.00393793	0.0258159	0.196371	0.0444684	0.0442452	0.0256686	0.000678765	0.011486
55	0.118811	0.032336	0.00645167	0.00641955	0.0245054	0.517079	0.00528086	0.0166086	0.0191664	0.0352685	0.00875793	0.0218069	0.0132289	0.00787115	0.0121019	0.093586	0.0297192	0.0220672	0.00243157	0.00650286
56	0.0513581	0.0185272	0.000770564	0.00221679	0.195942	0.0132082	0.000740634	0.103828	0.00667216	0.24047	0.0595274	0.00270709	0.0119992	0.0018963	0.00281791	0.00820723	0.0178932	0.181298	0.0526944	0.0272259
57	0.352917	0.0111188	0.000517611	0.00131133	0.0594832	0.147087	0.000814638	0.0285946	0.00203201	0.11577	0.0521817	0.00444367	0.00234647	0.00102041	0.00512041	0.0688306	0.0628308	0.0682974	0.0102613	0.00502162
58	0.144045	0.00637412	0.00781121	0.00665658	0.0156988	0.0969672	0.00948245	0.0160432	0.0422933	0.0292351	0.00591901	0.0245954	0.12833	0.00995418	0.0357881	0.203005	0.181085	0.0275378	0.00250675	0.00667161
59	0.0572107	0.0107024	0.0127172	0.0119006	0.0253042	0.0291975	0.0115223	0.0376117	0.250904	0.0607041	0.0566649	0.0294038	0.0170915	0.0320362	0.081921	0.0617868	0.121684	0.0642169	0.00827073	0.01915
60	0.0704886	0.00681676	0.00137374	0.00236098	0.440433	0.0100692	0.00145443	0.0198424	0.00419221	0.240852	0.0616457	0.00404963	0.00571067	0.00319667	0.00278551	0.00954785	0.0163683	0.0498157	0.0356764	0.0133206
61	0.0485735	0.0288571	0.000610977	0.00193601	0.23037	0.00828888	0.000746241	0.155697	0.00388373	0.20181	0.0408269	0.00183764	0.00481866	0.000972426	0.00155338	0.00648268	0.0134292	0.180211	0.0329602	0.0361342
62	0.122852	0.0320859	0.00592751	0.00785867	0.02592	0.522127	0.00482488	0.0146572	0.0130891	0.0363263	0.00999206	0.0208263	0.0112594	0.0118327	0.0106957	0.0910106	0.0286453	0.0213598	0.0024814	0.00622771
63	0.0171634	0.0015023	0.00482601	0.000995486	0.265775	0.00295421	0.0142718	0.0195627	0.00151067	0.0460145	0.00214457	0.00176358	0.00101417	0.0044291	0.00127037	0.00342744	0.0101743	0.0217935	0.0149318	0.564475
64	0.188021	0.0627593	0.00466623	0.0022899	0.0515814	0.340735	0.00395373	0.0130313	0.0060595	0.0275127	0.010287	0.00912049	0.00635289	0.00200786	0.00546262	0.190768	0.0516608	0.0171656	0.00153043	0.00503356
65	0.288177	0.0120021	0.000495157	0.00106746	0.052242	0.083635	0.000836309	0.0789478	0.00202607	0.145281	0.0548025	0.0105875	0.00459516	0.000846938	0.0021158	0.0559519	0.0559909	0.143492	0.00233737	0.00457109
66	0.0431495	0.00887738	0.0577327	0.117236	0.0188796	0.109936	0.0235345	0.0125849	0.0670219	0.0348796	0.0141092	0.0528234	0.0173367	0.183179	0.0389571	0.0811786	0.0664656	0.040009	0.00206643	0.0100423
67	0.114778	0.0315169	0.00455709	0.00819322	0.0212163	0.551558	0.00547212	0.0158763	0.0192436	0.0295935	0.007947	0.0221305	0.012031	0.0089734	0.0150473	0.0812793	0.0245449	0.01989	0.00159005	0.00456119
68	0.370538	0.0137067	0.00103056	0.00154487	0.0602258	0.136615	0.00110794	0.0162088	0.00272694	0.105006	0.0628386	0.00401044	0.00287518	0.00183453	0.0103305	0.079434	0.0503621	0.0473305	0.0239971	0.00827566
69	0.11199	0.140921	0.00231219	0.0044616	0.265096	0.155327	0.0239436	0.0103234	0.00490726	0.0639944	0.0458774	0.00578914	0.00533943	0.00304229	0.00466609	0.0552173	0.015862	0.0647046	0.0103719	0.00585275
70	0.0647399	0.00451922	0.00834567	0.0208344	0.00436718	0.0163404	0.00820395	0.0131214	0.353454	0.012276	0.0117528	0.0219156	0.00750723	0.0261375	0.323063	0.0622115	0.0200625	0.0148127	0.000735683	0.00559914
71	0.0150668	0.000885035	0.00471286	0.00081792	0.269833	0.00212217	0.0144233	0.0172623	0.00125725	0.0427042	0.00120945	0.00148728	0.000839602	0.00428554	0.00116802	0.00316524	0.00844754	0.0179501	0.0144165	0.577945
72	0.139666	0.0547176	0.00178965	0.00190256	0.0289955	0.558693	0.00241869	0.0109304	0.006074	0.026901	0.00778774	0.0099443	0.0066949	0.00210943	0.00385106	0.101614	0.0206904	0.0113468	0.00147895	0.00239335
73	0.0273905	0.00516852	0.00261426	0.00289327	0.0838816	0.0815952	0.00247883	0.0381721	0.00499418	0.625495	0.0277477	0.00807357	0.00442027	0.00436932	0.00591412	0.0144363	0.0263981	0.023416	0.00563437	0.00490685
74	0.0663764	0.0138371	0.00491605	0.00994476	0.100716	0.0256197	0.00785852	0.0644393	0.0310058	0.0875832	0.0266474	0.0184313	0.0112319	0.0160899	0.0156188	0.0444459	0.108902	0.124959	0.0189569	0.202419
75	0.0439226	0.00511126	0.101836	0.280031	0.0152686	0.0489082	0.011616	0.0128929	0.0479578	0.0265055	0.00965943	0.050982	0.0150701	0.124815	0.0358838	0.0776924	0.047392	0.0350955	0.00221286	0.00714701
76	0.0149068	0.000944038	0.00461811	0.000849693	0.263835	0.00235072	0.0145267	0.0194327	0.00129525	0.0438581	0.00132975	0.00155368	0.000868393	0.00423191	0.00121286	0.00328332	0.00853457	0.0187179	0.0137606	0.57989
77	0.0676135	0.0178206	0.00130771	0.0023594	0.32167	0.0167614	0.001674	0.0535478	0.00442445	0.207154	0.0635044	0.0035768	0.00843675	0.0023581	0.00316445	0.0118093	0.0202587	0.121707	0.0488033	0.0220489
78	0.0468115	0.00367065	0.0152543	0.0154958	0.00668038	0.0220792	0.0147259	0.0196443	0.373544	0.016884	0.0203024	0.0354024	0.0108676	0.0293572	0.236696	0.0589844	0.0380923	0.0230531	0.0012369	0.0112179
79	0.0452336	0.00439611	0.0264	0.0168522	0.0119996	0.0370631	0.0348614	0.0225778	0.332311	0.0107106	0.0126026	0.0592306	0.0122862	0.0420512	0.163126	0.0702368	0.054093	0.0248252	0.000463497	0.0186793
80	0.0545956	0.0278753	0.00101343	0.0269322	0.0366621	0.00694586	0.00157854	0.0911293	0.112411	0.130983	0.0320715	0.0223688	0.002943	0.0540318	0.0353832	0.0248237	0.0942599	0.169628	0.0231497	0.0512146
81	0.0169059	0.00128239	0.00457919	0.000865454	0.265802	0.00231039	0.0142988	0.0181578	0.00164907	0.0467046	0.00207913	0.00164948	0.00103899	0.0043476	0.00126915	0.00372488	0.00959611	0.0202079	0.0144296	0.569102
82	0.289406	0.152727	0.00774006	0.00126786	0.00522252	0.0429426	0.00121425	0.0158524	0.0111946	0.0164874	0.00235742	0.041371	0.00217633	0.00147705	0.00251979	0.235375	0.125048	0.042141	0.00103524	0.00244456
83	0.0617113	0.00873569	0.231068	0.139779	0.0069755	0.0911968	0.0224274	0.00402571	0.0541201	0.0114082	0.00269419	0.107668	0.0129993	0.0607524	0.0127112	0.102207	0.0477344	0.00908587	0.00134886	0.0113514
84	0.0458449	0.00735335	0.000561394	0.00520888	0.0403455	0.00662653	0.000574173	0.235918	0.00345741	0.254198	0.140899	0.00657588	0.00102537	0.000819581	0.0121624	0.0122374	0.0245102	0.198535	0.00085649	0.00229026
85	0.245983	0.0143298	0.000434323	0.00129996	0.0475782	0.0726977	0.000689155	0.0924345	0.00271869	0.154166	0.0591126	0.0134909	0.0043167	0.000793913	0.00320904	0.051335	0.0605744	0.167417	0.00166105	0.00575806
86	0.0487071	0.0038099	0.00415217	0.00318134	0.0411288	0.0409214	0.084631	0.00930779	0.0733262	0.0373497	0.00567105	0.188324	0.00445354	0.00385272	0.0447957	0.0710355	0.0246298	0.0142228	0.0370753	0.259425
87	0.0557836	0.00405136	0.0122271	0.0210764	0.00544655	0.0168796	0.0131168	0.0153692	0.356807	0.0103791	0.0110787	0.0301389	0.00484338	0.0363395	0.305709	0.0538445	0.0237177	0.0150851	0.000589654	0.00751719
88	0.0367618	0.00657575	0.0307703	0.00902982	0.0632902	0.0165649	0.00721861	0.0685279	0.0133571	0.0439763	0.0103157	0.0738257	0.00645783	0.0470777	0.0393568	0.10877	0.324373	0.0842117	0.0031738	0.00636434
89	0.143672	0.00956574	0.00076692	0.0021897	0.0850064	0.0599982	0.00131634	0.0872516	0.00952066	0.161091	0.0235193	0.00477848	0.0385689	0.00230977	0.0224323	0.106272	0.087356	0.129689	0.00506178	0.0196336
90	0.0626467	0.00340289	0.00031439	0.000725921	0.018252	0.00751494	0.000378128	0.313244	0.000881011	0.12164	0.0525632	0.00335183	0.000800897	0.000477855	0.00134867	0.0096604	0.0360597	0.362062	0.000464883	0.0042103
91	0.0166268	0.000887651	0.005699	0.000872208	0.276538	0.00266708	0.0136628	0.0169945	0.00142149	0.0416902	0.00154506	0.00160022	0.000961645	0.00443635	0.00126862	0.00345285	0.00939583	0.0198466	0.0174979	0.562935
92	0.128059	0.0148556	0.000993436	0.0017835	0.0860181	0.032394	0.00130096	0.130154	0.00648922	0.220313	0.047528	0.00700707	0.0151577	0.00213939	0.00866404	0.0537835	0.0511926	0.171362	0.00858798	0.0122175
93	0.296506	0.0118954	0.000640356	0.00156074	0.0529917	0.0891354	0.000886401	0.0748966	0.00211233	0.141311	0.0541566	0.0100083	0.00426851	0.000867776	0.00282602	0.0569596	0.0563522	0.13534	0.00288237	0.00440318
94	0.329223	0.0066383	0.00743177	0.00166472	0.0126013	0.1293	0.0015488	0.0118003	0.00317521	0.00747563	0.00316097	0.00378421	0.00320845	0.00218324	0.0129197	0.396941	0.0498597	0.00756231	0.00148656	0.00803548
95	0.312928	0.0104386	0.00694249	0.00191731	0.0143536	0.162149	0.0016909	0.0118283	0.00325322	0.0106624	0.00409017	0.00463911	0.00422867	0.00228982	0.0121802	0.368514	0.0504084	0.00834698	0.0015983	0.00754104
96	0.276803	0.0486611	0.00115822	0.00178296	0.0761949	0.25139	0.00353484	0.030002	0.00248226	0.0909274	0.038147	0.0055968	0.0043844	0.00158938	0.00449797	0.0648095	0.0389581	0.0484112	0.00609779	0.00457155
97	0.158285	0.0930422	0.00638079	0.00298636	0.0172022	0.0219731	0.00196637	0.0616086	0.0085713	0.0269204	0.00740327	0.0287954	0.00663684	0.00354555	0.00952864	0.167695	0.263855	0.105562	0.00323585	0.00480488
98	0.275615	0.0348765	0.00926945	0.0115591	0.0237596	0.106453	0.00452905	0.0221859	0.021701	0.0369478	0.0133908	0.0203429	0.0193734	0.00879637	0.0192416	0.235373	0.0836124	0.0405577	0.004315	0.00809997
99	0.0185889	0.00526593	0.0653165	0.277171	0.0232149	0.0392927	0.0118884	0.00820434	0.0171412	0.0315564	0.0164591	0.0322264	0.010094	0.218135	0.0273876	0.0523015	0.0738256	0.0652914	0.0018129	0.00482525
100	0.0439997	0.0226704	0.000735758	0.00139796	0.221757	0.0050821	0.000911809	0.273769	0.0020984	0.121817	0.0395916	0.00324143	0.00155103	0.00115939	0.0020615	0.00717573	0.0143403	0.218747	0.0070869	0.0108055
101	0.0423064	0.0204776	0.00151756	0.00213991	0.277319	0.00646488	0.00156378	0.307612	0.00361287	0.0910332	0.0241701	0.00384858	0.0026843	0.00212391	0.00275554	0.00966165	0.0120785	0.172437	0.00675204	0.00944057
102	0.267625	0.030913	0.00578969	0.0100869	0.0400971	0.0969654	0.00623269	0.0468742	0.02113	0.072659	0.0284839	0.0194357	0.0195609	0.00904716	0.0218265	0.127472	0.0747211	0.0752202	0.00716887	0.0186902
103	0.0966903	0.0601114	0.146329	0.0721057	0.0156982	0.0684223	0.0245057	0.0142148	0.0638872	0.0234429	0.00811997	0.111544	0.014591	0.0401201	0.0213535	0.103392	0.06714	0.026888	0.00306203	0.0183814
104	0.064962	0.00271742	0.000254806	0.000604588	0.0191914	0.00544721	0.0002909	0.32496	0.000632847	0.122533	0.0583837	0.00341556	0.000494008	0.00039611	0.00116593	0.0065753	0.0362586	0.346912	0.000394023	0.00441112
105	0.346991	0.0238357	0.000787945	0.00137531	0.0895614	0.165976	0.00257529	0.0218519	0.00181267	0.103204	0.0528279	0.00397429	0.00173097	0.00121936	0.00429637	0.0562889	0.0503242	0.0570474	0.00987658	0.00444219
106	0.0684461	0.0112303	0.00119959	0.00541969	0.0722452	0.0223299	0.00122021	0.157193	0.00833692	0.263729	0.0684905	0.00760581	0.0125411	0.00362906	0.0094672	0.0250359	0.0436912	0.195375	0.0108689	0.0119449
107	0.291649	0.170244	0.0082264	0.0026454	0.00762284	0.0390145	0.00193615	0.0159097	0.00971541	0.0193897	0.00383328	0.0464352	0.0033553	0.00228206	0.00325096	0.202459	0.110695	0.0567992	0.00140064	0.00313617
108	0.159915	0.0123521	0.0115546	0.0133887	0.0231661	0.0650755	0.0161016	0.0407995	0.0484299	0.0544782	0.0141293	0.028313	0.166964	0.0160718	0.0333655	0.118375	0.105595	0.0568305	0.00397096	0.0111239
109	0.0596623	0.00809934	0.00116414	0.00168992	0.438084	0.00798188	0.00141286	0.0214914	0.00353408	0.217592	0.0798745	0.00270466	0.00663978	0.00255895	0.00214206	0.00768287	0.0146676	0.0636159	0.0447733	0.0146284
110	0.0383401	0.00650119	0.11459	0.289197	0.0125367	0.0486459	0.0130537	0.0115633	0.044005	0.022905	0.00948453	0.051789	0.0162503	0.130503	0.0365853	0.0761548	0.0415056	0.028355	0.00153502	0.00649942
111	0.296713	0.0472128	0.00609196	0.00663266	0.0143847	0.0648723	0.00307328	0.0148245	0.00843902	0.0188746	0.00644999	0.0228039	0.0198713	0.00583628	0.0105536	0.278315	0.137116	0.0292447	0.00229633	0.00639369
112	0.0660138	0.00278284	0.000261418	0.000587551	0.0191643	0.00553149	0.000291313	0.320508	0.000654731	0.122563	0.0577678	0.00343646	0.000506407	0.000392074	0.00107618	0.00692038	0.0369171	0.349187	0.000581481	0.00485618
113	0.0530506	0.00400464	0.013629	0.0172209	0.00643309	0.0218481	0.0151184	0.018433	0.367779	0.014017	0.0172641	0.0345206	0.00919795	0.0285772	0.252422	0.061722	0.0343151	0.0197773	0.000703527	0.00996678
114	0.0618064	0.00405474	0.000347435	0.00102677	0.0292972	0.00612417	0.000530597	0.321512	0.00183471	0.120431	0.0529978	0.00373596	0.000853789	0.00107725	0.00156314	0.00938631	0.0354466	0.341675	0.00105549	0.00524348
115	0.0474421	0.00345188	0.0129768	0.0167474	0.00571747	0.0159705	0.0139182	0.0196876	0.379449	0.0121145	0.0151986	0.0309646	0.00533854	0.0359959	0.280238	0.0495549	0.0289046	0.0172804	0.00065262	0.00839615
116	0.0377955	0.00586111	0.000450056	0.00285184	0.0351343	0.00613737	0.000520936	0.260923	0.00288078	0.228177	0.132036	0.0067746	0.000732425	0.000621774	0.00896986	0.00839482	0.0267894	0.231151	0.000917476	0.00288032
117	0.0311844	0.00759259	0.0226902	0.101756	0.0286216	0.0338854	0.024626	0.0259032	0.0341231	0.0468369	0.0257973	0.0412065	0.00868123	0.274809	0.0273942	0.0563067	0.0941843	0.0986041	0.00524773	0.0105494
118	0.145564	0.0116196	0.00520067	0.00396925	0.022325	0.0385126	0.00351793	0.0636434	0.0142956	0.0334169	0.00704256	0.0232662	0.0329536	0.00627498	0.046174	0.18041	0.28327	0.0682301	0.00358684	0.00672741
119	0.0207521	0.0047029	0.0372882	0.0591437	0.0172557	0.0308813	0.0483756	0.00995559	0.0465205	0.0257529	0.0417867	0.0756197	0.00629261	0.291377	0.0224998	0.0934662	0.106991	0.0528958	0.00227774	0.00616429
120	0.0237085	0.00144048	0.00872398	0.0013743	0.282151	0.00493809	0.0128855	0.0167244	0.00226845	0.0420852	0.00240529	0.00312672	0.0013591	0.0051034	0.0021137	0.00475423	0.0134932	0.0230488	0.0223123	0.525983
121	0.150914	0.00638512	0.0202836	0.0187151	0.0104476	0.0953862	0.0392726	0.0244499	0.0949121	0.0338803	0.00690676	0.0314345	0.140052	0.0204705	0.0325304	0.127452	0.105589	0.0318189	0.00149647	0.00760239
122	0.0495902	0.00382559	0.0299748	0.0100584	0.0109442	0.0484189	0.0225824	0.0239485	0.248162	0.0183563	0.00673655	0.0847932	0.0745342	0.0235988	0.121179	0.11392	0.0689758	0.028099	0.000960055	0.0113418
123	0.0500796	0.0157162	0.077533	0.0782264	0.00987531	0.130538	0.0358556	0.00758974	0.134556	0.0197633	0.00252464	0.0661958	0.0353139	0.069337	0.0339984	0.132091	0.0699755	0.0130122	0.000798127	0.0170193
124	0.0343335	0.00734973	0.000839469	0.00159402	0.107907	0.0129179	0.000755897	0.0804104	0.00358875	0.55231	0.0809774	0.00197456	0.00285509	0.00265094	0.00516549	0.00869819	0.0306472	0.0512161	0.00821978	0.00558829
125	0.151051	0.00567926	0.000965055	0.00260748	0.0461879	0.053262	0.00118201	0.0647129	0.0168364	0.15951	0.0302455	0.0040267	0.0280933	0.00474913	0.0841737	0.106989	0.0793641	0.127401	0.0104759	0.0224873
126	0.046964	0.0114335	0.10494	0.113069	0.0105514	0.131917	0.0292233	0.00602349	0.112624	0.0191744	0.00209624	0.0673263	0.0378959	0.0653997	0.0276254	0.127266	0.0579754	0.0112689	0.000947408	0.0162786
127	0.216108	0.0548685	0.00107047	0.00152921	0.0493385	0.457788	0.00264595	0.0121004	0.00427853	0.0382426	0.0165221	0.00682233	0.00545196	0.00155473	0.00380342	0.0814179	0.0234862	0.0170657	0.00324696	0.00265846
128	0.0587287	0.0079885	0.00092918	0.00149096	0.376807	0.00868894	0.00104256	0.0284173	0.00340663	0.226874	0.0911876	0.00241054	0.00948625	0.00239341	0.00198784	0.00672624	0.0128642	0.0940801	0.0467151	0.0177754
129	0.10388	0.00539039	0.0142533	0.0112742	0.0123927	0.0823804	0.0131561	0.0191515	0.119613	0.071892	0.00752232	0.0697888	0.145808	0.0143803	0.0724085	0.0901646	0.105016	0.0312736	0.00248955	0.00776424
130	0.0321875	0.00278973	0.019446	0.00924247	0.0063098	0.0171518	0.0180825	0.0226226	0.426492	0.0180748	0.0299103	0.0351308	0.00475873	0.0268295	0.208708	0.0453974	0.0401418	0.0247077	0.000694014	0.0113225
131	0.0394741	0.00607572	0.000421323	0.002513	0.0369018	0.00537968	0.000465666	0.26006	0.00198263	0.216232	0.122235	0.00605844	0.000754215	0.000556494	0.00660957	0.00751671	0.0260155	0.256391	0.000987097	0.0033707
132	0.0571394	0.00875894	0.00158413	0.00657792	0.0323808	0.00800976	0.00154903	0.226685	0.0244482	0.13506	0.06374	0.00778283	0.00262628	0.00938773	0.00828287	0.0269621	0.0550596	0.180402	0.0458289	0.0977341
133	0.116405	0.0112205	0.00208629	0.0321794	0.00421981	0.035165	0.00201245	0.00578879	0.2506	0.0191894	0.00283285	0.0106653	0.0155259	0.0115274	0.33981	0.108343	0.0109349	0.0182929	0.00101842	0.00218281
134	0.297374	0.00393372	0.00316916	0.09957	0.0082103	0.00893994	0.00266592	0.0077901	0.00467322	0.0127721	0.00544298	0.121046	0.00391288	0.0551839	0.00449148	0.215467	0.123984	0.0135255	0.00279604	0.00505224
135	0.0334073	0.00326707	0.156272	0.325218	0.00540432	0.0486347	0.0112822	0.00314626	0.0392439	0.0108783	0.00214149	0.0644221	0.0163729	0.124937	0.0282133	0.0860387	0.0276311	0.00827382	0.000853384	0.00436227
136	0.0848671	0.0141011	0.00892889	0.0129372	0.0190257	0.37144	0.00996964	0.0186253	0.0751279	0.0357292	0.00910256	0.0434659	0.019246	0.0188788	0.0812896	0.0925928	0.0434758	0.0284457	0.00406594	0.00868461
137	0.0148976	0.000904702	0.00457164	0.000833763	0.263714	0.00205208	0.0147623	0.0175482	0.00124718	0.0429762	0.00126508	0.00148842	0.000848617	0.00418694	0.00112829	0.0031196	0.00851937	0.0179461	0.0137481	0.584241
138	0.0835361	0.00572256	0.00466654	0.0261626	0.00341604	0.0170171	0.0046147	0.0089897	0.315542	0.0107335	0.00573043	0.0185315	0.00915083	0.0236265	0.364298	0.0699616	0.0123395	0.0120371	0.000815457	0.00310754
139	0.11015	0.0226955	0.00361722	0.00783582	0.0200682	0.410222	0.0046634	0.0477302	0.0164813	0.0405141	0.010257	0.0194338	0.0144204	0.00549297	0.0153789	0.131209	0.0479864	0.0638656	0.00295931	0.00501878
140	0.0207626	0.0063118	0.000842021	0.00105454	0.0741798	0.0172889	0.000750393	0.0880166	0.00175077	0.643029	0.0610929	0.00202386	0.00139532	0.00107358	0.00485183	0.00578271	0.0291515	0.0371257	0.00206529	0.00145056
141	0.0501518	0.0266376	0.0023106	0.005646	0.0855935	0.0868068	0.00324201	0.0443303	0.0256241	0.150249	0.00896449	0.00682525	0.140562	0.00345269	0.00660121	0.0191636	0.04583	0.277075	0.00442161	0.00651236
142	0.17592	0.00778995	0.00307625	0.00530525	0.0282644	0.0405709	0.0152712	0.0528278	0.0221505	0.0985787	0.0172306	0.0133905	0.161601	0.0077367	0.0208494	0.134538	0.0809709	0.0973393	0.00513779	0.0114514
143	0.0546377	0.0100826	0.0016107	0.0036553	0.0537971	0.0167111	0.0019281	0.179724	0.00932457	0.32823	0.0660087	0.00664863	0.00902446	0.00554437	0.00799307	0.0237123	0.06215	0.146229	0.00468782	0.0083013
144	0.0536387	0.0125546	0.00175512	0.00343825	0.165998	0.0213849	0.00222338	0.0621184	0.0114663	0.345998	0.0572997	0.00553303	0.0112121	0.0061554	0.00660772	0.0196821	0.0290135	0.108349	0.0525296	0.0230425
145	0.135566	0.123612	0.00129507	0.00204897	0.137367	0.3455	0.00989819	0.00948258	0.00354037	0.0548237	0.033466	0.00452944	0.00454876	0.0020149	0.00330555	0.0791972	0.0144542	0.028188	0.00384386	0.00331748
146	0.0469325	0.00499302	0.0186307	0.0166084	0.0104753	0.0351784	0.0183534	0.0222003	0.327379	0.0187125	0.0190438	0.0470234	0.0163745	0.0298336	0.188095	0.0780526	0.0604511	0.0264352	0.00163137	0.0135949
147	0.0226068	0.00355911	0.0782239	0.197151	0.0131291	0.0423399	0.023783	0.00447771	0.0356277	0.0251889	0.0140655	0.0635773	0.0083811	0.261893	0.0305703	0.0716069	0.0648611	0.0337185	0.00123889	0.00400002
148	0.064249	0.00290477	0.000276358	0.000702891	0.0196722	0.00558756	0.000289909	0.325481	0.00085158	0.121916	0.0559795	0.00336474	0.000550747	0.000449051	0.00127795	0.00720191	0.0356363	0.348819	0.000423432	0.00436648
149	0.118298	0.00767251	0.0105979	0.0124004	0.0205558	0.0561681	0.0120707	0.03588	0.041556	0.0454069	0.00953698	0.0262636	0.154141	0.0137509	0.0345002	0.155958	0.182889	0.049069	0.00352237	0.00976203
150	0.0183288	0.00254623	0.00502747	0.0010716	0.273997	0.00310303	0.0137268	0.0183167	0.00167593	0.0509056	0.0041871	0.00173668	0.00123179	0.00428522	0.00125637	0.0037588	0.010161	0.0220761	0.016229	0.546379
151	0.271832	0.0505426	0.00627339	0.00574403	0.0159342	0.0669263	0.00306125	0.0186323	0.00984125	0.023963	0.00811577	0.024047	0.0275495	0.00535314	0.0124656	0.256622	0.150886	0.0333061	0.00252708	0.00637756
152	0.0476617	0.00440111	0.000365174	0.00196225	0.027769	0.00633332	0.000462907	0.285062	0.00275919	0.174284	0.10813	0.00680508	0.000531245	0.000773601	0.00599257	0.00811334	0.0311091	0.282979	0.000815758	0.0036892
153	0.0719051	0.0133275	0.000553006	0.00225131	0.0360359	0.0133999	0.000418724	0.225431	0.00481226	0.155872	0.0914881	0.0119168	0.00143757	0.00183285	0.00442784	0.0158774	0.0407834	0.297532	0.00231977	0.00837763
154	0.0442752	0.00864677	0.0116545	0.0106358	0.0220773	0.0205418	0.0109102	0.0839371	0.292402	0.0677961	0.06288	0.0280632	0.00598243	0.0230488	0.109513	0.0415752	0.0521462	0.0785572	0.00723657	0.0181202
155	0.0586144	0.0133882	0.00215984	0.00272181	0.294667	0.0162639	0.00301552	0.0667965	0.00454515	0.230831	0.0587072	0.00431444	0.00786066	0.00335313	0.00407086	0.0152832	0.0237588	0.0963229	0.0312953	0.0620302
156	0.14535	0.0162057	0.00206849	0.00315769	0.0472328	0.0560511	0.00159514	0.0145398	0.022216	0.107054	0.0332437	0.00581058	0.0176326	0.0029233	0.00779046	0.132529	0.249217	0.0938235	0.0254962	0.0160635
157	0.274435	0.154616	0.0073963	0.00165261	0.00494196	0.0376059	0.00137182	0.0159351	0.00966975	0.015439	0.00240501	0.0415284	0.00276607	0.00157513	0.00266798	0.234781	0.138098	0.0497239	0.00113467	0.00225686
158	0.0346448	0.00286636	0.00492424	0.00332619	0.257106	0.00768835	0.0111877	0.0209291	0.00881792	0.0827485	0.0128696	0.00496806	0.00372303	0.0187378	0.00418506	0.014488	0.0165945	0.0273611	0.0181347	0.444699
159	0.035921	0.00552415	0.137667	0.272443	0.00854125	0.0832881	0.0148877	0.00507579	0.0579773	0.0154534	0.00257471	0.0544214	0.0302099	0.103669	0.0253706	0.088502	0.0377671	0.0123719	0.00112369	0.00721097
160	0.0544159	0.00460022	0.0263459	0.016169	0.0145185	0.0469097	0.0365271	0.0219251	0.28778	0.0119356	0.00927559	0.0680298	0.0176141	0.049387	0.146543	0.0801601	0.0621124	0.0281855	0.000807326	0.016758
161	0.0680026	0.0103707	0.0052193	0.00268283	0.0265057	0.00674355	0.0028545	0.133423	0.00865607	0.021161	0.0036726	0.0286153	0.00449954	0.00826266	0.0202266	0.0836673	0.421049	0.13927	0.001638	0.00348033
162	0.0803593	0.0165374	0.000897632	0.00203647	0.0266141	0.0167777	0.00122255	0.187313	0.00461559	0.142583	0.0396168	0.00791817	0.00403618	0.00210497	0.00393469	0.0395501	0.0415967	0.373795	0.00200755	0.00648373
163	0.0314166	0.00325367	0.150417	0.330836	0.00545859	0.0459583	0.0107771	0.00316286	0.0424527	0.0113192	0.00211983	0.0617954	0.0164822	0.129326	0.0304955	0.0850391	0.0270453	0.00755232	0.000891437	0.00420124
164	0.127747	0.00392119	0.0017006	0.00330164	0.119916	0.0244383	0.00206839	0.0292521	0.049882	0.288283	0.0922218	0.00470897	0.0101553	0.0522071	0.006478	0.0514811	0.0204243	0.0338086	0.0181126	0.0598917
165	0.0334041	0.00833647	0.000500227	0.00278886	0.054645	0.00402226	0.000445371	0.196086	0.00219818	0.383122	0.122406	0.00419081	0.000918934	0.000643411	0.00919197	0.00735728	0.0277588	0.139118	0.00137183	0.0014958
166	0.0153129	0.00094066	0.00455266	0.000838119	0.260871	0.00242094	0.0156583	0.0174588	0.00204602	0.0432402	0.00146946	0.00347563	0.000894337	0.00428613	0.0014961	0.00409027	0.00865575	0.0178197	0.0139934	0.580479
167	0.0470195	0.0084104	0.0392879	0.0406566	0.00968328	0.0470963	0.0361029	0.0164243	0.290705	0.0127926	0.00928106	0.0557548	0.0138386	0.0656442	0.138568	0.08158	0.0510551	0.018942	0.000499011	0.0166581
168	0.0429748	0.0031156	0.00916903	0.00709629	0.0293678	0.0434938	0.0812973	0.0110249	0.166318	0.0185241	0.00419495	0.165673	0.00790711	0.0125068	0.0734164	0.0918822	0.0420405	0.0143227	0.0124297	0.163245
169	0.089797	0.0109758	0.000957056	0.00173582	0.0184996	0.0240679	0.00119287	0.17897	0.0032114	0.134424	0.034372	0.00707528	0.00288814	0.00151144	0.00292475	0.0413949	0.0413922	0.398306	0.00114479	0.00515862
170	0.0490855	0.00386601	0.000318856	0.00152546	0.0253612	0.0066592	0.000325793	0.286341	0.00167345	0.156234	0.101341	0.00640464	0.000494079	0.000407208	0.00391053	0.00661532	0.0319877	0.313444	0.000468138	0.00353731
171	0.054526	0.00830307	0.0392006	0.0324914	0.0117949	0.0972629	0.0480017	0.0236741	0.193513	0.0195507	0.00498235	0.0529679	0.0578279	0.0534239	0.0630104	0.120189	0.080545	0.0234069	0.00143163	0.0138967
172	0.0294856	0.00238036	0.0169623	0.0074488	0.00615618	0.0162102	0.0154156	0.0236809	0.450644	0.0174613	0.0362527	0.0353767	0.00446832	0.0245185	0.178261	0.0464615	0.0459458	0.0294003	0.00080791	0.0126621
173	0.0538898	0.00519774	0.0361727	0.0195708	0.0105439	0.0576148	0.0243741	0.0200299	0.221847	0.0194091	0.00535439	0.0721102	0.0835903	0.0292904	0.103201	0.12443	0.0767341	0.0242524	0.00108738	0.0112987
174	0.0977936	0.00695766	0.00264957	0.0269501	0.00308943	0.0222927	0.00223834	0.00693226	0.295628	0.0126764	0.00405765	0.0133411	0.0153477	0.0180443	0.364354	0.0815737	0.0102229	0.0130042	0.000830483	0.00201607
175	0.0611298	0.00404529	0.198178	0.243975	0.00532827	0.0465786	0.0181711	0.00315165	0.0420392	0.00942378	0.00222035	0.0890375	0.0113777	0.0972368	0.020831	0.105035	0.0291076	0.00582252	0.000932211	0.0063792
176	0.026832	0.00199995	0.149646	0.361112	0.00717121	0.0397362	0.0082125	0.00358451	0.0298269	0.0125707	0.00303682	0.0526409	0.0167957	0.141151	0.0301926	0.0734545	0.0265744	0.0111677	0.00124905	0.00304483
177	0.0824777	0.0950283	0.00270022	0.0346024	0.124125	0.0244307	0.00419022	0.0436495	0.0210953	0.163914	0.0592733	0.0106564	0.0363581	0.0102636	0.0116209	0.0338849	0.0487163	0.125069	0.021258	0.046687
178	0.130809	0.00306418	0.00254354	0.00280731	0.0138846	0.0510894	0.00502669	0.0119442	0.0252008	0.0157086	0.004042	0.021366	0.125851	0.00673963	0.0420584	0.252333	0.258081	0.0199207	0.00209236	0.00543725
179	0.031343	0.00227608	0.0198228	0.00786649	0.00690914	0.0210901	0.0188902	0.0245207	0.423595	0.0170086	0.0297347	0.0443859	0.00633392	0.0278477	0.17484	0.0523404	0.0484228	0.0292991	0.000556954	0.0129159
180	0.0149662	0.00546197	0.017742	0.182706	0.0365393	0.0376045	0.0141329	0.00940557	0.00811496	0.0438585	0.0267806	0.0254076	0.00384668	0.272028	0.0301573	0.0507413	0.116465	0.0983993	0.00201841	0.00362368
181	0.0622332	0.0111858	0.0327279	0.0381577	0.0168853	0.0463625	0.0220688	0.0313287	0.195188	0.0566962	0.0159102	0.0611663	0.0192792	0.0948612	0.0713	0.0691122	0.0799344	0.0527205	0.00513792	0.0177437
182	0.0639158	0.0125752	0.00236342	0.00565918	0.0455444	0.021091	0.00283492	0.118048	0.0163632	0.280994	0.0419293	0.00936149	0.0125815	0.00815417	0.0112704	0.0397719	0.11993	0.170395	0.0067768	0.0104398
183	0.215499	0.00985566	0.00167736	0.00462133	0.045909	0.0989419	0.00164628	0.0796633	0.00666204	0.155222	0.0339084	0.00840037	0.0144813	0.00193137	0.0135309	0.102196	0.0702311	0.123437	0.00365909	0.00852592
184	0.0640619	0.00306699	0.000311997	0.000606998	0.017885	0.00620699	0.000385738	0.317365	0.000809627	0.114874	0.0492607	0.0031842	0.000605038	0.000452586	0.00101697	0.00883698	0.035106	0.371262	0.000457333	0.00424425
185	0.0974171	0.0166299	0.0072531	0.00872259	0.0179806	0.0461021	0.00782667	0.0288411	0.0311082	0.0170558	0.00573017	0.0615854	0.0375375	0.0155441	0.0389807	0.248254	0.26316	0.0414704	0.00178841	0.00701209
186	0.0564147	0.0331937	0.00063294	0.0022285	0.235409	0.0103771	0.00072564	0.142787	0.00352109	0.197587	0.0403505	0.0028798	0.00685422	0.00124135	0.00211041	0.00921165	0.0165303	0.187077	0.0269365	0.0239314
187	0.271434	0.0151427	0.000462827	0.00113617	0.0465695	0.0907933	0.00064962	0.0768865	0.00230507	0.147257	0.0571885	0.0130167	0.00307922	0.000688522	0.00244059	0.0542784	0.0642097	0.145503	0.00207702	0.00488119
188	0.323622	0.00629249	0.00720662	0.00183865	0.0123522	0.148799	0.00162065	0.0114584	0.00316346	0.00772977	0.00327273	0.00403956	0.00353069	0.00249958	0.0147113	0.383208	0.0476009	0.00769892	0.0014717	0.00788414
189	0.171286	0.0335809	0.00221955	0.00306093	0.0234048	0.521454	0.0029662	0.0139529	0.00946349	0.0300425	0.0107601	0.0126111	0.0076847	0.00331445	0.00737711	0.0949277	0.0254645	0.0204294	0.00258689	0.00341294
190	0.0763783	0.0306761	0.000810597	0.00652107	0.10373	0.0146607	0.00100625	0.144759	0.017567	0.189244	0.0456453	0.00720369	0.00699013	0.00704123	0.00710415	0.02219	0.0388151	0.215486	0.0219684	0.0422017
191	0.0657301	0.00270185	0.00024383	0.000578417	0.0190977	0.00547539	0.000289631	0.325961	0.000601701	0.121376	0.0566594	0.0032843	0.000499846	0.000400525	0.00103723	0.00660307	0.0363366	0.348244	0.000390729	0.00448855
192	0.322317	0.0137165	0.00765954	0.00336175	0.0124615	0.113263	0.00171451	0.0123422	0.00325206	0.00900846	0.00346262	0.00743142	0.00495584	0.00313156	0.0119942	0.388195	0.0613663	0.0104664	0.00192659	0.00797378
193	0.128538	0.031585	0.00540283	0.00656969	0.0228011	0.539988	0.00487692	0.0156723	0.0136871	0.0302954	0.00825188	0.0198987	0.0114336	0.00863203	0.010704	0.0877029	0.0274659	0.0198521	0.00192959	0.00471232
