442	20
1	0.0957049	0.00187133	0.0167755	0.0294314	0.0421518	0.0179528	0.117278	0.0186185	0.0216547	0.0235754	0.017506	0.00541113	0.133926	0.0586554	0.114712	0.0352624	0.0842929	0.0835737	0.000669225	0.080977
2	0.00400095	0.00188601	0.000746919	0.000828658	0.0256776	0.00101161	0.00326885	0.0428421	0.000909318	0.526608	0.314247	0.00139874	0.000650028	0.0359067	0.00109364	0.0100966	0.0131825	0.0104229	0.000293508	0.00492799
3	0.00821995	0.0126909	0.00686594	0.00148451	0.00210786	0.00210786	0.0030744	0.00224297	0.00288117	0.00263016	0.00262695	0.0285506	0.00109268	0.00301301	0.0103942	0.127678	0.777119	0.00398357	0.000379046	0.000857326
4	0.00940804	0.012067	0.0099812	0.00147721	0.00182969	0.00349993	0.00207482	0.00199903	0.00221319	0.00253193	0.00185424	0.0300359	0.00116094	0.00257056	0.00790838	0.153044	0.752028	0.00318198	0.00034721	0.000787487
5	0.187124	0.000913752	0.178529	0.0958053	0.0112434	0.0679899	0.00724049	0.00188758	0.0635991	0.0119561	0.00531841	0.118128	0.00323267	0.0791056	0.0206152	0.120647	0.0117921	0.00436468	0.000498561	0.0100092
6	0.0434929	0.00320842	0.0595613	0.0823208	0.112768	0.0062883	0.228458	0.0061005	0.0057566	0.00858589	0.0317952	0.0400012	0.00549212	0.0802093	0.00672142	0.0376361	0.152402	0.0508008	0.00226168	0.0361396
7	0.0460718	0.00187552	0.00593251	0.00387725	0.00374329	0.760072	0.00408867	0.00237424	0.00388204	0.0060682	0.00484998	0.0164341	0.00405382	0.00709775	0.00369816	0.0864768	0.0311522	0.00567082	0.000722763	0.00185848
8	0.0802721	0.0170266	0.000720222	0.000498139	0.00922357	0.0113818	0.006706	0.11489	0.00151399	0.0644548	0.0194679	0.0047981	0.00613014	0.00617554	0.000590836	0.00760299	0.103652	0.544209	0.000190637	0.000495228
9	0.0617892	0.00539281	0.00074563	0.0243376	0.00138115	0.0518331	0.00602019	0.00926315	0.144466	0.0283815	0.00167421	0.0321681	0.0730612	0.102709	0.283958	0.0384972	0.0874857	0.0459045	0.000349602	0.000582596
10	0.0148129	0.0024984	0.000349185	0.00136854	0.0152245	0.000684533	0.0101996	0.440515	0.00058716	0.109866	0.0165849	0.00147734	0.00255927	0.00768951	0.000654637	0.00198875	0.00593447	0.358289	0.00125583	0.00746122
11	0.157412	0.00148949	0.0531006	0.030642	0.0041246	0.0910826	0.0341061	0.00215189	0.0398937	0.00357665	0.00251034	0.0520188	0.0706711	0.025004	0.0385506	0.295665	0.0503054	0.00442547	0.000435454	0.0428347
12	0.0228131	0.000250105	0.625352	0.0638727	0.000658771	0.00779445	0.0142709	0.000638921	0.00510805	0.000872607	0.000602593	0.162477	0.0160869	0.0137527	0.0012655	0.0313299	0.0288155	0.00360031	0.000103358	0.000334684
13	0.0224847	0.000337377	0.62035	0.0618564	0.000854101	0.00772948	0.0148026	0.00068383	0.00507338	0.00100941	0.000697776	0.165122	0.0165119	0.0137628	0.00149606	0.0315471	0.0306565	0.00452422	0.00012582	0.000374165
14	0.086397	0.00130291	0.263744	0.119583	0.0119745	0.0188589	0.0664823	0.00387717	0.0307932	0.00425534	0.00636438	0.140555	0.00784147	0.117824	0.00738095	0.0272818	0.0643613	0.0160326	0.00089149	0.00419847
15	0.0161084	0.00151244	0.0790952	0.0298636	0.0246823	0.00475861	0.139585	0.0249613	0.030405	0.0150261	0.00857122	0.42534	0.00294258	0.101478	0.0152105	0.0090157	0.038763	0.0288298	0.00105708	0.00279432
16	0.0392348	0.00120361	0.00220487	0.00184613	0.00668977	0.00432827	0.00227276	0.0023305	0.00331056	0.00380096	0.00209782	0.00307429	0.00641136	0.0113207	0.00273465	0.556753	0.337574	0.00377963	0.00805499	0.000977155
17	0.0503654	0.00424341	0.0247511	0.0995517	0.0361895	0.0133121	0.0260592	0.0458265	0.0474394	0.308409	0.0559093	0.0314984	0.0118383	0.0666333	0.0386923	0.0373561	0.0367257	0.0545552	0.00176766	0.00887633
18	0.0172808	0.00333146	0.000964932	0.0131544	0.00244786	0.00272059	0.0131361	0.0112986	0.4956	0.0234192	0.0115338	0.0143061	0.00145187	0.0238079	0.201909	0.0400779	0.106041	0.0154764	0.000347631	0.00169566
19	0.0243885	0.00299385	0.087624	0.0663046	0.00568614	0.467066	0.0615055	0.00391184	0.0400633	0.00791385	0.0124321	0.0619148	0.0045455	0.0409345	0.0434682	0.0152082	0.0275092	0.00628702	0.0181422	0.00210114
20	0.197352	0.00207845	0.102178	0.117041	0.00443788	0.0262024	0.010689	0.023974	0.0470995	0.0359206	0.00562483	0.0339448	0.131319	0.0394365	0.0241624	0.0953474	0.0571963	0.0450738	0.000215069	0.000706596
21	0.0572367	0.0103277	0.00289482	0.0215038	0.00280991	0.049711	0.0143685	0.00926546	0.13883	0.031732	0.0040748	0.0376972	0.0753854	0.0997661	0.274078	0.0371435	0.0834596	0.0471305	0.000768661	0.00181712
22	0.0355278	0.000774594	0.00602107	0.00293312	0.00203364	0.887873	0.00295592	0.00149971	0.00405913	0.00244057	0.0017836	0.00609035	0.00206181	0.00306279	0.00252179	0.020294	0.0132957	0.00330317	0.000380646	0.00108789
23	0.118084	0.00518387	0.000731553	0.00154635	0.00118006	0.0142683	0.00117482	0.00118323	0.00125399	0.00183947	0.00169062	0.0194854	0.743467	0.00678824	0.00259332	0.0561402	0.0183557	0.00396673	0.000479717	0.000587726
24	0.0393268	0.00164032	0.00225658	0.0044103	0.00384889	0.0189709	0.00348392	0.0194987	0.00433898	0.0411906	0.0225091	0.00691788	0.00231458	0.0354448	0.00386628	0.0467989	0.664514	0.0760865	0.000800791	0.00178156
25	0.133926	0.00253733	0.00275241	0.00651323	0.0153357	0.00443793	0.00958333	0.257414	0.00583547	0.309704	0.0200772	0.0114186	0.00350278	0.0449362	0.00661058	0.00970434	0.0393142	0.111297	0.000643607	0.00445653
26	0.0043932	0.00225455	0.000806911	0.00112422	0.0264659	0.00106586	0.00321787	0.0477796	0.000896756	0.515949	0.317521	0.00146922	0.000678774	0.0360242	0.00111469	0.00992705	0.0129557	0.0113826	0.000255583	0.00471764
27	0.0260084	0.000419707	0.0894368	0.759262	0.00100999	0.00252205	0.00142581	0.00110916	0.0066868	0.00139829	0.00114317	0.00565301	0.00638416	0.0685868	0.00158251	0.0112973	0.00816312	0.00727666	0.000171389	0.000462773
28	0.0204429	0.000539974	0.731285	0.0647626	0.00143756	0.0152739	0.00702498	0.00152023	0.00617283	0.00234446	0.00150524	0.07352	0.00836858	0.0126865	0.00518512	0.0207979	0.0219167	0.00404642	0.000181867	0.000986941
29	0.0296237	0.00521366	0.0103254	0.00959957	0.163748	0.052047	0.233366	0.0104638	0.010048	0.0165598	0.0140621	0.0686621	0.0995722	0.193072	0.0124431	0.0201436	0.0259698	0.0164977	0.00275075	0.00583235
30	0.0331146	0.00184729	0.00065516	0.00136135	0.077235	0.0012759	0.0252346	0.300947	0.00132039	0.197599	0.014197	0.00268939	0.0024451	0.0134902	0.00139314	0.00336158	0.00638507	0.259453	0.000494571	0.0555003
31	0.0646541	0.00203076	0.00227302	0.00361247	0.315461	0.0383436	0.00442604	0.0230513	0.0031942	0.291612	0.107982	0.0239228	0.00316506	0.00852815	0.0045718	0.0284486	0.00830713	0.0123751	0.00157287	0.0524679
32	0.0562652	0.00984737	0.00799491	0.0155257	0.100906	0.0154215	0.0340398	0.0276899	0.0304221	0.179131	0.0419667	0.0332405	0.0201388	0.128567	0.163567	0.0269889	0.0346086	0.0440893	0.00312555	0.0264644
33	0.0250117	0.000432296	0.0888863	0.757565	0.00117963	0.00328872	0.00122373	0.000986597	0.00734872	0.00145056	0.00144447	0.00698192	0.00627982	0.0663839	0.00151082	0.0116183	0.0105119	0.00722793	0.000187748	0.000480047
34	0.0458847	0.00338444	0.00565191	0.0264586	0.0035475	0.00974466	0.0130274	0.0194697	0.300966	0.0339432	0.011665	0.0221975	0.00681756	0.0502595	0.341555	0.0238817	0.0505073	0.0264435	0.00101265	0.00358201
35	0.0081787	0.00490237	0.000609977	0.00127549	0.031295	0.00097025	0.00396953	0.461413	0.0014318	0.284065	0.0815844	0.002385	0.00207854	0.0116985	0.000860457	0.00220099	0.00922851	0.090611	0.000172792	0.00106792
36	0.071135	0.001119	0.00174593	0.00225689	0.0362959	0.00235343	0.0698258	0.00241963	0.0158355	0.00361497	0.215837	0.0851916	0.00174689	0.0664121	0.012392	0.0856633	0.3119	0.0116619	0.000770979	0.00182215
37	0.0506793	0.00167552	0.00222864	0.00669786	0.00397909	0.00669598	0.186985	0.0200932	0.106338	0.0108036	0.00857859	0.0183946	0.00418822	0.0477142	0.483345	0.00856966	0.0133522	0.0127437	0.0019032	0.00503507
38	0.00528407	0.00170531	0.00153916	0.00151879	0.787914	0.00151021	0.0137429	0.0207276	0.00193907	0.0366451	0.0149551	0.00268533	0.000934683	0.0042816	0.00234611	0.00421288	0.00547918	0.00825636	0.00808278	0.0762394
39	0.0246542	0.000909617	0.709899	0.0596594	0.00221736	0.0156985	0.00836642	0.00166621	0.00661508	0.00473479	0.00212311	0.0816131	0.00947522	0.0140551	0.00558216	0.0221952	0.0235546	0.00544754	0.000460303	0.00107311
40	0.039262	0.00415944	0.00538819	0.00905529	0.00877533	0.00821681	0.256431	0.0339651	0.0605751	0.0168194	0.0111613	0.0325671	0.0064751	0.0339605	0.391531	0.0203795	0.021719	0.0265456	0.00306515	0.00994797
41	0.0369454	0.00246227	0.0976991	0.667004	0.00360794	0.0098063	0.00433235	0.00361366	0.0186123	0.00572349	0.00379742	0.015812	0.00766271	0.0652698	0.0097356	0.0184252	0.015958	0.0112607	0.000362844	0.00190895
42	0.0760458	0.0119229	0.0193632	0.0232372	0.0137849	0.029082	0.0326138	0.0160101	0.0947129	0.0280315	0.0171305	0.0386041	0.0215619	0.0493789	0.252145	0.159017	0.0716516	0.0319711	0.00411945	0.00961693
43	0.0230441	0.00326561	0.000662602	0.00228282	0.0143885	0.00197018	0.00491541	0.373655	0.00401091	0.101991	0.0227491	0.00241169	0.00619215	0.00476631	0.00280533	0.00371613	0.0181787	0.403904	0.00149685	0.00359316
44	0.108003	0.00437856	0.00720778	0.0110547	0.00608394	0.0172455	0.00778218	0.0128964	0.011278	0.00884265	0.00465717	0.0149473	0.549632	0.0228903	0.0137844	0.0483598	0.0873892	0.0544362	0.00102581	0.00810536
45	0.0353397	0.00153833	0.0932762	0.664234	0.00434369	0.0079554	0.00459314	0.00449205	0.0188813	0.00967419	0.00587279	0.015226	0.00845461	0.0671551	0.00908227	0.0191232	0.017206	0.011481	0.000460525	0.00161033
46	0.0543385	0.00195172	0.00607629	0.0130242	0.00499557	0.0201702	0.019533	0.015129	0.143092	0.0155614	0.0104584	0.0212266	0.00829853	0.0437369	0.56264	0.0172919	0.0206686	0.0128646	0.00243563	0.00650629
47	0.103502	0.00312931	0.0010325	0.00116658	0.00867761	0.00162039	0.00180765	0.126795	0.00148231	0.00602989	0.00445742	0.00209255	0.00405649	0.00354417	0.0015316	0.0150009	0.00708503	0.705817	0.000383906	0.000788241
48	0.0596114	0.00815698	0.00314676	0.00475748	0.0151655	0.00735102	0.00546398	0.179465	0.00469757	0.0816284	0.0196311	0.00803907	0.0104454	0.00998251	0.0059249	0.0103582	0.0456545	0.513388	0.00173821	0.00539398
49	0.0397479	0.00848387	0.0234947	0.0195902	0.0309115	0.0161465	0.374592	0.0126617	0.0172581	0.0258615	0.0219826	0.103197	0.0189439	0.148235	0.0385969	0.0275815	0.0290218	0.0251585	0.0019841	0.016551
50	0.590127	0.00954782	0.013648	0.0140997	0.00807189	0.084618	0.00896596	0.00677816	0.0135336	0.0124202	0.00802817	0.016541	0.0211247	0.0210847	0.010756	0.0906858	0.0419265	0.0227611	0.000701062	0.00458044
51	0.0508455	0.0024538	0.0095917	0.0137801	0.00482303	0.0101869	0.025519	0.0159575	0.146329	0.0172534	0.010687	0.0201578	0.00920523	0.0469918	0.554289	0.0167691	0.0211112	0.014955	0.00172543	0.00736874
52	0.0804794	0.00112996	0.00337388	0.00278577	0.00236155	0.846809	0.00199391	0.00164994	0.00306782	0.00336413	0.0026139	0.0046785	0.00115782	0.00407082	0.00196388	0.0191878	0.0125533	0.00562805	0.000316859	0.000813482
53	0.342241	0.00205864	0.00199124	0.00297533	0.0685338	0.0126577	0.00392015	0.00446801	0.00305329	0.0054143	0.00352534	0.00541683	0.00230959	0.00770592	0.00346655	0.190546	0.190696	0.0847438	0.000957147	0.0633201
54	0.094081	0.000415745	0.00180275	0.000764826	0.00185686	0.865649	0.0012024	0.000888907	0.00212934	0.00194754	0.00100366	0.00186251	0.000597272	0.00141458	0.00110049	0.0110607	0.00874909	0.00278201	0.000223519	0.000467857
55	0.10693	0.00651536	0.00122785	0.00135845	0.00969072	0.00411639	0.00331152	0.127201	0.0020529	0.0375353	0.0110734	0.00360347	0.00736927	0.00466016	0.00160182	0.0120984	0.03278	0.624876	0.000648235	0.00134927
56	0.0102387	0.00230326	0.00239161	0.00311096	0.213346	0.00343291	0.380376	0.00583935	0.00423962	0.0146238	0.00584017	0.0191596	0.00216172	0.0060791	0.0122789	0.00722144	0.0101661	0.0251224	0.0207627	0.251306
57	0.0271805	0.000799838	0.0032904	0.00214448	0.00223472	0.913308	0.00150336	0.00124583	0.00349141	0.00257208	0.00187919	0.00324303	0.00144113	0.0032641	0.00223871	0.0145908	0.0110232	0.00347368	0.000333378	0.000742018
58	0.00777434	0.00132313	0.00226928	0.0354123	0.187696	0.00289464	0.061414	0.0209391	0.0297803	0.0193299	0.0039341	0.0212262	0.00219664	0.00532085	0.00322891	0.00594827	0.15115	0.200731	0.0013783	0.236052
59	0.0143781	0.00191611	0.0017056	0.00292902	0.597247	0.00332179	0.0124613	0.0360171	0.00255757	0.167219	0.0326468	0.00774441	0.00328895	0.00804516	0.00385758	0.00722667	0.0075788	0.0282781	0.00318398	0.0583966
60	0.00448163	0.000606221	0.00106588	0.219383	0.00121523	0.00128565	0.00619218	0.0344233	0.179442	0.0250845	0.00132919	0.0252129	0.000754925	0.177029	0.149405	0.0122281	0.102531	0.0573264	0.000349089	0.000655625
61	0.147699	0.0540456	0.00395531	0.00282873	0.00655933	0.0229741	0.00369303	0.0236887	0.00376759	0.345776	0.00392754	0.041268	0.0915776	0.00614095	0.00297715	0.12062	0.0422717	0.072691	0.00136556	0.00217328
62	0.00812011	0.016364	0.0174402	0.0028572	0.0211927	0.00359031	0.0623762	0.00366314	0.0193417	0.0194054	0.0033697	0.035927	0.00234365	0.00583299	0.00366967	0.00641415	0.074228	0.00554169	0.00100848	0.687314
63	0.0874415	0.00556985	0.130505	0.281319	0.00503435	0.0512691	0.0114853	0.0122194	0.203835	0.0114167	0.00585656	0.0253661	0.00519605	0.0502346	0.0379382	0.0241114	0.0348432	0.0117325	0.000433138	0.0041933
64	0.0286015	0.00048773	0.000784862	0.00122102	0.143328	0.00132161	0.0158482	0.184822	0.00123133	0.260487	0.00494138	0.00182286	0.00297759	0.00509234	0.00123212	0.00247549	0.00345466	0.227676	0.00039042	0.111804
65	0.00626715	0.0143436	0.00675148	0.00122369	0.00172505	0.00145858	0.00189989	0.00166426	0.00187674	0.00209382	0.00152006	0.0227157	0.00103141	0.00254697	0.00747367	0.135512	0.78605	0.00270179	0.000469825	0.000673679
66	0.0583022	0.0293122	0.00180085	0.00594848	0.0121207	0.0169951	0.0461997	0.00923372	0.240293	0.00712895	0.0238522	0.0197017	0.00143004	0.0274284	0.184283	0.159141	0.118587	0.0269569	0.000803398	0.0104805
67	0.571448	0.00759811	0.014226	0.0117199	0.00896668	0.0827362	0.00907001	0.007543	0.0141191	0.0133453	0.0102012	0.0178504	0.027394	0.0251057	0.0139102	0.0895932	0.0436311	0.0264733	0.000954886	0.00411405
68	0.209977	0.0157769	0.118943	0.00421228	0.00315087	0.0719494	0.0685743	0.00375068	0.197965	0.00526464	0.00314115	0.00819092	0.0200258	0.0350592	0.0490139	0.134571	0.0398401	0.0055951	0.00105458	0.00394437
69	0.0247597	0.000775607	0.00108403	0.00154326	0.122597	0.00142638	0.00502873	0.158623	0.00144525	0.2522	0.0284256	0.00685501	0.0233883	0.00323344	0.00171096	0.00355096	0.0156058	0.333263	0.000835454	0.0136476
70	0.00650269	0.000630452	0.00132568	0.00139594	0.288082	0.00230611	0.00283477	0.00994937	0.00165176	0.574298	0.0579499	0.00629587	0.00179162	0.00394052	0.00173957	0.00354985	0.0052896	0.0208155	0.00775253	0.00189799
71	0.118809	0.0182545	0.018517	0.0033311	0.002677	0.109701	0.00559885	0.00355699	0.0193207	0.0067567	0.00369161	0.112317	0.00212662	0.115381	0.0498714	0.162647	0.238736	0.00598305	0.00065535	0.00206768
72	0.0663463	0.000828193	0.000899212	0.0479767	0.00148495	0.00168959	0.0153074	0.0521666	0.382363	0.108404	0.00324722	0.00886141	0.000951301	0.0369008	0.139709	0.00400891	0.0300237	0.0976438	0.000324181	0.00086347
73	0.00435748	0.000602104	0.00104913	0.21754	0.00121001	0.00128522	0.00621679	0.0345473	0.180172	0.0249381	0.00130194	0.0252689	0.000757332	0.17733	0.150441	0.0121373	0.102395	0.0574463	0.000348003	0.000655486
74	0.0661082	0.0105479	0.000972037	0.00272523	0.00926935	0.00830659	0.0053512	0.133501	0.0030303	0.070543	0.0225761	0.00640073	0.00999934	0.00769687	0.00170392	0.00874795	0.112182	0.517998	0.000610977	0.00172871
75	0.108346	0.00101187	0.223913	0.334476	0.00330933	0.0290459	0.00286018	0.00537598	0.0558765	0.00886631	0.00281075	0.0171085	0.0527368	0.0543917	0.0197155	0.0347672	0.0366918	0.00748537	0.00049355	0.000718413
76	0.0622308	0.00948349	0.000373394	0.000746751	0.00882249	0.005971	0.00382006	0.128384	0.0016538	0.0967966	0.0237408	0.00383751	0.00533752	0.00478832	0.000455688	0.00521042	0.0738356	0.563327	0.000186431	0.00099805
77	0.00571099	0.00286089	0.000544032	0.000677793	0.533806	0.00104201	0.0130528	0.00315122	0.00320517	0.0342067	0.00474516	0.00152965	0.000471281	0.00117002	0.00369657	0.00437296	0.00451824	0.0131127	0.0373937	0.330732
78	0.0801599	0.0170926	0.000687423	0.000459003	0.00930966	0.0111755	0.0065474	0.114912	0.00150643	0.0643431	0.0195408	0.00477503	0.00612004	0.00607365	0.000588425	0.00753708	0.103458	0.545031	0.000187497	0.000494377
79	0.0492364	0.00290432	0.00477152	0.0117039	0.00430334	0.00912852	0.0166582	0.0166519	0.151911	0.0190341	0.010397	0.0191513	0.00907343	0.0440294	0.567586	0.0170208	0.0231604	0.0139135	0.00236891	0.006996
80	0.00571317	0.00153441	0.000827107	0.00120068	0.697609	0.0013199	0.0114819	0.105625	0.000986286	0.0810466	0.0404576	0.00171973	0.00107406	0.00453506	0.00129659	0.00290513	0.00344879	0.0222996	0.000463243	0.0144562
81	0.0608446	0.0030395	0.0153763	0.0149769	0.00679693	0.0426243	0.00522673	0.00552286	0.00849326	0.0119672	0.00600504	0.0189493	0.00966014	0.0164936	0.0144901	0.662578	0.0810127	0.00890148	0.00345672	0.00358389
82	0.136847	0.00302438	0.0852226	0.146972	0.00922284	0.0314922	0.0230192	0.0140412	0.0436768	0.0202684	0.0167301	0.101444	0.0216219	0.0689174	0.0253222	0.0630663	0.148706	0.0325172	0.00184574	0.00604161
83	0.0628547	0.00936612	0.00374765	0.00853267	0.0182355	0.00887949	0.0150377	0.150252	0.00879835	0.0867975	0.0754146	0.0129882	0.00839792	0.0177248	0.00897882	0.0156389	0.0569757	0.424408	0.00133806	0.00563298
84	0.362757	0.00262456	0.0030417	0.00422726	0.0138069	0.0414931	0.00599634	0.0106171	0.005782	0.0724715	0.00509732	0.0322362	0.00370931	0.235238	0.00597948	0.0252317	0.0157542	0.149187	0.00124101	0.00350754
85	0.0321861	0.000581045	0.00425149	0.00200193	0.00146954	0.906051	0.0022034	0.00109151	0.00379386	0.00212754	0.00158448	0.00527311	0.000663881	0.00369236	0.00206505	0.0159446	0.0114492	0.00245028	0.000622199	0.000497211
86	0.044031	0.00247047	0.00490485	0.0548859	0.134865	0.0971321	0.00580831	0.00624343	0.00561396	0.00818998	0.00542506	0.0779457	0.0353219	0.00959208	0.00688454	0.472048	0.0140516	0.0101642	0.00111844	0.00330327
87	0.0474252	0.00127228	0.000765496	0.0107707	0.00143085	0.00289732	0.00628686	0.0152576	0.262123	0.0281652	0.0104155	0.0118934	0.00109065	0.0445725	0.513339	0.00568132	0.017632	0.0133919	0.00117441	0.00441462
88	0.0318685	0.000583658	0.00424979	0.00222225	0.00154095	0.907733	0.0017292	0.000886141	0.00340944	0.00201302	0.0011229	0.00436149	0.00118626	0.00264395	0.00268815	0.0167637	0.0109487	0.00318667	0.000426071	0.00043606
89	0.174737	0.00601977	0.0166832	0.00855855	0.00799254	0.0458445	0.0076481	0.00589365	0.0131959	0.0104379	0.00770953	0.0244509	0.0177488	0.0211723	0.0161477	0.52276	0.0711077	0.0168759	0.00127077	0.00374479
90	0.465039	0.0017394	0.00235268	0.00328921	0.0470637	0.040746	0.0038199	0.00387691	0.0371777	0.00605749	0.0488907	0.0388765	0.0827819	0.00575939	0.00391548	0.0576098	0.0495576	0.0980518	0.000782095	0.00261291
91	0.0320364	0.000552452	0.582692	0.20552	0.00131286	0.0171458	0.00485134	0.00156129	0.0150175	0.00247462	0.00197592	0.050898	0.0102851	0.0227548	0.0058789	0.0193571	0.021036	0.00392364	0.000188946	0.00053767
92	0.114013	0.0014423	0.00219542	0.00356969	0.0160484	0.00413318	0.00434304	0.0179419	0.00342075	0.190278	0.151055	0.0047487	0.00253175	0.0208522	0.00348835	0.00807419	0.384848	0.0640589	0.000766345	0.00219185
93	0.257525	0.0114956	0.00605166	0.00393517	0.0149267	0.012377	0.00563338	0.0286246	0.00636243	0.0409512	0.00827242	0.0310543	0.125669	0.00853325	0.00445178	0.0233966	0.0642914	0.34141	0.00159927	0.00343876
94	0.0524674	0.00568454	0.00750779	0.0178212	0.0294699	0.0127765	0.027053	0.0307199	0.0777	0.162943	0.094116	0.0374801	0.0141515	0.0586362	0.245648	0.032415	0.0392493	0.0410757	0.00260343	0.0104807
95	0.039433	0.00144207	0.624917	0.0622949	0.00344042	0.0702026	0.00977669	0.0027104	0.0171605	0.00600994	0.00391933	0.0552915	0.00996396	0.0170834	0.0111898	0.0294483	0.0255719	0.0075268	0.000972025	0.00164594
96	0.0817793	0.00917947	0.00105666	0.00072104	0.00934996	0.00629486	0.00402038	0.125525	0.00157175	0.0559422	0.0146606	0.00391868	0.0129309	0.00458493	0.0008617	0.00849465	0.0639454	0.593816	0.000325138	0.00102163
97	0.0382566	0.0046314	0.00946358	0.0131705	0.0155841	0.011893	0.320923	0.0754965	0.029389	0.0189363	0.0142026	0.0352315	0.0127863	0.0339433	0.259301	0.0244531	0.0262141	0.0404142	0.00389192	0.0118184
98	0.0425767	0.00266677	0.0211014	0.0203901	0.00485861	0.691604	0.0127012	0.0064382	0.0414649	0.00922212	0.00779413	0.0212324	0.00598579	0.0185572	0.0239783	0.0270968	0.0246076	0.0133968	0.00208593	0.00224101
99	0.0131226	0.000574279	0.000950046	0.000946981	0.231519	0.00547505	0.0294779	0.00152141	0.00123246	0.00212363	0.00577816	0.00229683	0.00102781	0.00205222	0.00415218	0.00963131	0.00726185	0.00520649	0.440404	0.235246
100	0.698565	0.0095926	0.00729716	0.00242151	0.00174987	0.00912705	0.00219161	0.00151951	0.00213325	0.00221894	0.0017587	0.010369	0.0239641	0.00302641	0.00206335	0.164402	0.0432403	0.0122958	0.000299557	0.00176342
101	0.0801599	0.0170926	0.000687423	0.000459003	0.00930966	0.0111755	0.0065474	0.114912	0.00150643	0.0643431	0.0195408	0.00477503	0.00612004	0.00607365	0.000588425	0.00753708	0.103458	0.545031	0.000187497	0.000494377
102	0.0413001	0.00219975	0.0009347	0.0105157	0.00186344	0.00570251	0.00796236	0.0137672	0.244893	0.0176043	0.00983941	0.012485	0.00264524	0.041262	0.528182	0.0129834	0.0287762	0.0110489	0.00120995	0.0048245
103	0.003586	0.000468915	0.000630456	0.000846986	0.876712	0.00104821	0.0144479	0.0295835	0.000950267	0.0214013	0.0190055	0.00140065	0.000643166	0.00146696	0.00100509	0.00224742	0.00266378	0.00439484	0.000401583	0.0170952
104	0.00634717	0.00280516	0.000442793	0.000727047	0.502867	0.00117727	0.0158554	0.00560566	0.00317612	0.0401125	0.00484711	0.00169081	0.000463678	0.00130869	0.00412737	0.00440802	0.00445104	0.0156841	0.0374855	0.346418
105	0.0554916	0.00706496	0.0185937	0.0316948	0.0107402	0.0188922	0.0249459	0.0182909	0.18357	0.0273755	0.0219096	0.0379052	0.0147678	0.0519203	0.0948325	0.0763183	0.253957	0.0434284	0.00194571	0.00635512
106	0.137588	0.000838547	0.252859	0.267529	0.00293669	0.0370462	0.00144247	0.0043071	0.0690463	0.00814245	0.00100866	0.00758015	0.0468492	0.0578373	0.0253536	0.0383858	0.0355331	0.00501189	0.000214628	0.000489534
107	0.0229701	0.000386617	0.075469	0.78513	0.000934282	0.0010966	0.00111958	0.000934985	0.00484807	0.00138691	0.000963458	0.00321136	0.00584786	0.0692711	0.0010682	0.0102831	0.00699065	0.00742914	0.000182571	0.000476275
108	0.034411	0.00106982	0.00518407	0.00333228	0.00297449	0.877594	0.0033973	0.00142239	0.00471612	0.00308176	0.00337184	0.00633936	0.00190638	0.00879299	0.00292628	0.0181364	0.0146526	0.00516554	0.000452187	0.00107309
109	0.0190015	0.00339113	0.00478134	0.00574781	0.00699253	0.00723471	0.00714929	0.199571	0.0071556	0.0468295	0.0087318	0.418659	0.00421863	0.0109918	0.00705341	0.0129046	0.0906477	0.131403	0.00263088	0.00490438
110	0.0122623	0.000465305	0.000599898	0.000801706	0.230282	0.00542243	0.0254472	0.00122491	0.001075	0.0014876	0.00577494	0.00144847	0.000608139	0.00160194	0.00353827	0.00963586	0.00676904	0.00470707	0.448606	0.238243
111	0.023434	0.000708167	0.717524	0.0567664	0.00122721	0.0185312	0.00909487	0.00130299	0.00686375	0.0033136	0.00168015	0.0823921	0.0103895	0.0130558	0.00453328	0.0216252	0.0220574	0.00440218	0.000235364	0.00086246
112	0.0123523	0.00250361	0.00049674	0.000680326	0.0187504	0.000784731	0.00400125	0.448275	0.00239807	0.330375	0.0407754	0.00365759	0.00211271	0.00491954	0.000687455	0.00158445	0.0145889	0.109729	0.000179938	0.001147
113	0.0434515	0.00456407	0.00152168	0.00292452	0.0283263	0.00399716	0.00542086	0.194669	0.00599919	0.154032	0.0228442	0.00653148	0.00655417	0.00605539	0.00338027	0.00688458	0.041917	0.451696	0.000774341	0.00845607
114	0.493269	0.00340906	0.00226693	0.00183947	0.00148869	0.414937	0.00418146	0.00109747	0.00204416	0.00210844	0.00208935	0.00342069	0.00106367	0.00466519	0.00153457	0.0378858	0.0188647	0.00288828	0.000334211	0.000611731
115	0.0390868	0.0050405	0.00725888	0.011517	0.0194623	0.00877827	0.0161896	0.198618	0.0179657	0.173793	0.0173501	0.283238	0.00673425	0.0245768	0.0169056	0.0244322	0.0496512	0.069705	0.00220456	0.00749207
116	0.0338993	0.000384558	0.552804	0.0592153	0.002074	0.0128026	0.0121664	0.00132552	0.00910745	0.00270524	0.00152449	0.198281	0.0139132	0.0163689	0.0030909	0.0443806	0.0299238	0.00450368	0.000241598	0.00128707
117	0.0183166	0.00136548	0.00160179	0.00301569	0.0476759	0.00232249	0.0134106	0.538311	0.00223348	0.00754094	0.211597	0.00402853	0.001744	0.00741666	0.00249467	0.0244353	0.0412541	0.0690819	0.000547952	0.0016058
118	0.138829	0.00510281	0.00534922	0.00689759	0.00395434	0.0135993	0.00519313	0.00552739	0.00427323	0.00528903	0.00355913	0.0196036	0.6539	0.0122545	0.00594853	0.0508654	0.0317012	0.0227671	0.00116517	0.00422051
119	0.0300185	0.00165953	0.000593963	0.00172883	0.0082587	0.00125118	0.0020244	0.302495	0.0019807	0.0700505	0.00909088	0.00148928	0.0151013	0.00263245	0.00261764	0.00462361	0.0118281	0.528507	0.0016608	0.00238773
120	0.00938169	0.00190709	0.00102325	0.00186318	0.778276	0.00248181	0.0136437	0.024984	0.001844	0.0320828	0.0156705	0.00293329	0.0014507	0.00494834	0.00278915	0.0093566	0.00779342	0.00785803	0.00826455	0.0714482
121	0.00972808	0.000872288	0.000980399	0.00137428	0.796205	0.00199237	0.0148099	0.0491849	0.00182207	0.0360225	0.0224463	0.00336134	0.00130577	0.00542487	0.00226525	0.00446167	0.00573404	0.0174969	0.000927291	0.0235845
122	0.0212145	0.00269376	0.000454856	0.00162112	0.0122991	0.00135835	0.00430496	0.352812	0.0014511	0.115586	0.0190791	0.00189127	0.00491365	0.00374692	0.00181552	0.00251595	0.01902	0.428077	0.00152918	0.00361542
123	0.0573689	0.00791242	0.0378512	0.0420087	0.0236984	0.02165	0.0545199	0.0119698	0.0414877	0.0384827	0.0253512	0.133691	0.00855619	0.335444	0.0386324	0.042184	0.0424819	0.0253354	0.00255924	0.00881517
124	0.0300343	0.000609964	0.640115	0.123416	0.00171451	0.0171695	0.00771024	0.00134892	0.0122411	0.00227331	0.00204732	0.0764809	0.0112369	0.0184411	0.00528708	0.0224896	0.0228004	0.00384218	0.000232968	0.00050812
125	0.708789	0.00478133	0.000556051	0.000794076	0.00108653	0.198253	0.0050094	0.00100905	0.000874677	0.00144173	0.00147081	0.00135096	0.000533584	0.00149058	0.000936005	0.0488427	0.0203499	0.00174488	0.000184178	0.000501807
126	0.0158145	0.00133061	0.0014973	0.00215221	0.044071	0.002159	0.0141236	0.563177	0.00217206	0.00850312	0.198757	0.00335716	0.00170568	0.00589068	0.00255556	0.0255069	0.0380158	0.0672347	0.000534129	0.0014415
127	0.047062	0.00326676	0.017907	0.0880592	0.00651956	0.0109131	0.0202021	0.0173247	0.3144	0.0737931	0.0143504	0.060752	0.00373424	0.104557	0.0859577	0.0508744	0.0451065	0.0306181	0.00116513	0.00343691
128	0.0147722	0.00219887	0.00132611	0.00206158	0.609522	0.00485331	0.0098054	0.0299015	0.00278024	0.157672	0.030803	0.00552809	0.00302919	0.00656091	0.00366263	0.00753445	0.0078183	0.0264747	0.00407364	0.0696217
129	0.137507	0.00425562	0.00484498	0.00621146	0.00488998	0.0147768	0.00377919	0.008208	0.00437051	0.00665258	0.00448348	0.0155431	0.605208	0.0151696	0.00503697	0.0452133	0.0614863	0.0437169	0.000774472	0.00787233
130	0.0270333	0.000663867	0.716221	0.0558498	0.00116069	0.0165006	0.00742574	0.00143197	0.00848532	0.00224235	0.00227425	0.0789324	0.00949166	0.0131121	0.00623239	0.0239642	0.0229096	0.0046177	0.000307494	0.00114351
131	0.025122	0.000888339	0.00124459	0.0017471	0.270981	0.00288687	0.0075404	0.0852913	0.00187891	0.313718	0.0406939	0.00935037	0.0176257	0.00397699	0.00231712	0.00557565	0.0100236	0.160232	0.00171685	0.0371881
132	0.0534684	0.00479844	0.0238275	0.0503273	0.00956943	0.0163174	0.0319033	0.0158876	0.214417	0.0352126	0.020592	0.105702	0.00947241	0.165702	0.114996	0.0346284	0.0565853	0.0291468	0.0011095	0.00633648
133	0.0741741	0.00248958	0.00449082	0.0868766	0.00557751	0.0339857	0.00650712	0.00662289	0.00628343	0.00831876	0.0650058	0.00858639	0.554948	0.0499395	0.00976164	0.0158916	0.0173786	0.0103917	0.0298116	0.00295911
134	0.128554	0.00321189	0.0325265	0.27483	0.00585096	0.0150882	0.0381424	0.0112528	0.0710982	0.0221434	0.0342008	0.0348597	0.00642495	0.109001	0.0623874	0.0823552	0.0340599	0.0286986	0.00106722	0.0042469
135	0.139854	0.00507176	0.00602944	0.00832135	0.00220017	0.0222366	0.00198454	0.00229421	0.00484598	0.00417288	0.00385354	0.0185317	0.676519	0.00871409	0.00430225	0.0563801	0.023842	0.00875661	0.000874815	0.00121545
136	0.021862	0.000435318	0.629484	0.0597217	0.000870837	0.00772231	0.0174059	0.00099654	0.00506591	0.00113298	0.000916719	0.155007	0.0172269	0.0184044	0.00155729	0.0296755	0.0278244	0.00409785	0.000207552	0.000384968
137	0.0247862	0.0351897	0.0384498	0.00696003	0.0412035	0.0113111	0.0790984	0.0073997	0.052413	0.075117	0.0107227	0.168387	0.00502149	0.0171281	0.157327	0.120985	0.0897908	0.0183334	0.0328539	0.00752202
138	0.139657	0.000933818	0.244346	0.281108	0.00327273	0.0437461	0.00233089	0.00378865	0.0620943	0.00644913	0.00187675	0.0195022	0.0350459	0.0571587	0.0208453	0.0381833	0.0333303	0.00514603	0.000213673	0.000971751
139	0.0533053	0.00563571	0.0178581	0.0353265	0.0176722	0.0176888	0.0308188	0.0160156	0.0397223	0.0283334	0.0249168	0.0425605	0.0116058	0.428178	0.037914	0.0363988	0.112708	0.0303758	0.00343487	0.00953084
140	0.703332	0.00472224	0.000596205	0.000788515	0.00108601	0.203415	0.00494346	0.00100035	0.00087696	0.00142511	0.00147179	0.00154729	0.000512338	0.00168851	0.000926739	0.0485565	0.0208015	0.0016786	0.000179678	0.00045178
141	0.383552	0.00249694	0.00259113	0.00361722	0.0118839	0.0513186	0.00521393	0.00422939	0.00415022	0.0191991	0.00432516	0.0150119	0.00279672	0.326121	0.00402113	0.119387	0.0126855	0.0241372	0.000708246	0.00255306
142	0.0306461	0.00107195	0.00101951	0.00152718	0.00740407	0.0016124	0.0016349	0.00163956	0.00218274	0.00230669	0.00158661	0.00235546	0.00755629	0.00728231	0.00176586	0.545806	0.373884	0.00271645	0.00521457	0.000787927
143	0.556189	0.00990738	0.0159513	0.0157343	0.0096368	0.0783015	0.00856531	0.012176	0.0130751	0.0177083	0.010867	0.0171479	0.0277662	0.0232121	0.0102328	0.0860492	0.0455595	0.036733	0.000803835	0.00438355
144	0.0436574	0.00706792	0.0146748	0.0147542	0.0342912	0.017098	0.44601	0.0202914	0.0152244	0.0270918	0.0222873	0.106108	0.00881048	0.044948	0.049996	0.0289117	0.0316458	0.0318826	0.00265874	0.0325904
145	0.0227368	0.000248524	0.625767	0.0634155	0.000651108	0.00779704	0.0142561	0.000640821	0.00508429	0.000879346	0.000604398	0.162383	0.0160805	0.0137588	0.00128894	0.0313864	0.0289088	0.00367183	0.000104008	0.000336659
146	0.0316041	0.00641435	0.00852315	0.00696037	0.00975579	0.0167954	0.0121479	0.011328	0.0114908	0.0224614	0.00884324	0.20522	0.0052854	0.0159884	0.013517	0.307651	0.284896	0.0142469	0.00175016	0.00512135
147	0.118842	0.0226069	0.00317095	0.0035718	0.293275	0.0213105	0.0190952	0.0496985	0.00851541	0.159777	0.0451089	0.0133274	0.0059003	0.0266024	0.0137812	0.0279967	0.0139012	0.0306211	0.00350664	0.11939
148	0.0122851	0.000871551	0.000962641	0.000890637	0.241038	0.00514394	0.0250458	0.0018184	0.00156101	0.00511368	0.00576417	0.00230092	0.000607642	0.00219017	0.00386883	0.00939246	0.00760441	0.00598429	0.416885	0.250671
149	0.020049	0.00045446	0.72718	0.0524719	0.00144363	0.0176041	0.00923601	0.00133951	0.00592833	0.0019818	0.00184837	0.0847853	0.00955655	0.0148036	0.00444524	0.0218296	0.0207178	0.0033901	0.000273817	0.000660428
150	0.00603762	0.003125	0.000563405	0.000939606	0.50985	0.0010206	0.0129735	0.00317981	0.00366745	0.0379031	0.00456283	0.00198177	0.000479157	0.00154096	0.0043539	0.0042391	0.00711141	0.0166056	0.0211674	0.358698
151	0.085988	0.0205979	0.000931935	0.00200394	0.0155946	0.00899357	0.00588034	0.136112	0.00626483	0.0460764	0.0269262	0.00437818	0.0047868	0.0126258	0.00455654	0.0086994	0.0670218	0.541435	0.000220387	0.000906494
152	0.236754	0.00464041	0.00556011	0.0061478	0.0789558	0.166635	0.00720182	0.00736385	0.00706638	0.0165742	0.0107136	0.0140198	0.00622728	0.0453688	0.00682481	0.162048	0.0666212	0.103766	0.00155731	0.0459537
153	0.0250504	0.00242774	0.00573594	0.0604639	0.0166571	0.00659306	0.0667491	0.0119562	0.00937129	0.386986	0.0583148	0.0493745	0.00598686	0.0715404	0.0482369	0.0932275	0.0194449	0.0569913	0.00130644	0.00358527
154	0.0630103	0.00183186	0.00243925	0.00342599	0.0230273	0.0045757	0.0630448	0.0040796	0.0376313	0.00619637	0.16849	0.0856772	0.00243109	0.0905368	0.0110048	0.120493	0.279769	0.0286893	0.00119625	0.00244983
155	0.0595394	0.00327177	0.00584283	0.041205	0.00667832	0.0126997	0.00733708	0.00709903	0.0374815	0.00837638	0.00853635	0.0108849	0.305857	0.0805614	0.00744515	0.112551	0.264457	0.0151561	0.0019765	0.00304436
156	0.125857	0.00218435	0.0933267	0.269145	0.0051767	0.0247662	0.00826554	0.0111215	0.0398943	0.0170023	0.00638737	0.0221118	0.0933829	0.064788	0.0230011	0.0910826	0.0770344	0.0216327	0.000510746	0.00332888
157	0.274438	0.00296554	0.00871298	0.00648967	0.0163553	0.00717325	0.00395472	0.00944755	0.008997	0.00728346	0.00455467	0.00580945	0.00258636	0.00583883	0.00428995	0.197395	0.359556	0.059355	0.00091828	0.0138794
158	0.110925	0.00149932	0.00178712	0.0026328	0.0177039	0.00351116	0.00393902	0.0171503	0.00314669	0.182517	0.171314	0.00411228	0.0019038	0.0216843	0.00296534	0.00646124	0.398013	0.0462174	0.000755133	0.001761
159	0.0643169	0.00321087	0.00475452	0.00564899	0.00669407	0.00635317	0.529587	0.00627398	0.00770684	0.00900728	0.0123109	0.218732	0.00610776	0.0357597	0.0223655	0.0211777	0.0146377	0.019263	0.000994866	0.00509709
160	0.0787161	0.00170776	0.00238869	0.00289022	0.0389943	0.00305229	0.069315	0.00274846	0.0144689	0.0047566	0.201535	0.100713	0.00200048	0.0545434	0.0130825	0.0894677	0.303241	0.0117672	0.00128436	0.00332717
161	0.0526437	0.00634558	0.000666173	0.00515692	0.0170025	0.00391888	0.0114733	0.235458	0.00393723	0.104213	0.0672646	0.0108077	0.00349178	0.0209897	0.00118736	0.00990421	0.0599574	0.381709	0.00021229	0.00366045
162	0.0154778	0.0100775	0.00221656	0.00686844	0.0533967	0.00186998	0.0030429	0.182478	0.00154939	0.352077	0.272509	0.00261445	0.00124134	0.0412709	0.00262491	0.00623411	0.0120105	0.0286222	0.000296255	0.00352267
163	0.0210765	0.00187058	0.003473	0.00296732	0.210928	0.00962953	0.0284178	0.00338747	0.00417607	0.0101093	0.00993	0.00812278	0.00495207	0.00750603	0.00754849	0.0157711	0.0148577	0.0125996	0.41264	0.210036
164	0.343182	0.00226808	0.00255559	0.00258375	0.0176122	0.00507673	0.0189491	0.0906936	0.00303016	0.142435	0.0035784	0.0221658	0.00245648	0.072723	0.0031397	0.0210235	0.100079	0.143409	0.000919406	0.00211864
165	0.0181656	0.0041507	0.00414135	0.0111947	0.0237493	0.00358981	0.0268147	0.0404446	0.00336518	0.423699	0.257605	0.00965153	0.00356335	0.0576358	0.00937478	0.0177372	0.049319	0.0284347	0.000944408	0.00641927
166	0.113312	0.0010998	0.00750029	0.00148548	0.00134955	0.0529932	0.00197556	0.00129708	0.00467989	0.00222967	0.00256322	0.00914576	0.00220286	0.0121753	0.0127148	0.738507	0.0305985	0.00241909	0.000462836	0.00128764
167	0.0493509	0.00300236	0.286178	0.0557157	0.00631374	0.360356	0.0216846	0.00563343	0.0208768	0.00851329	0.00911695	0.03928	0.00971519	0.0213876	0.0178528	0.0351125	0.0317393	0.0110511	0.00410406	0.00301602
168	0.0502197	0.00696229	0.0106481	0.0121771	0.0244349	0.0155885	0.18905	0.0140114	0.0326105	0.0305274	0.0223952	0.189811	0.00849974	0.0385602	0.170989	0.0384483	0.0399734	0.0312016	0.00753561	0.0663564
169	0.582596	0.00370274	0.00110788	0.00125148	0.00139215	0.2626	0.00406758	0.00142049	0.00133568	0.00358367	0.00238997	0.00586868	0.00149037	0.00364769	0.0012276	0.0519359	0.0670004	0.00231233	0.000296993	0.000772485
170	0.0234999	0.000532575	0.000544297	0.000875215	0.00372724	0.000945056	0.00190859	0.413592	0.00467544	0.431844	0.0118291	0.00575198	0.00151909	0.00362138	0.000916979	0.00173079	0.0270858	0.0645095	0.000212711	0.000678805
171	0.131566	0.00449367	0.00467837	0.00623651	0.00405445	0.0142373	0.00384201	0.00442536	0.00459533	0.00397861	0.00362108	0.0206072	0.671719	0.00961903	0.00462152	0.0542398	0.0288611	0.0196823	0.00113739	0.00378347
172	0.0481522	0.000786653	0.000798296	0.00805068	0.00131493	0.00471325	0.0058927	0.0151967	0.177062	0.012122	0.00761387	0.00961359	0.00128879	0.0399165	0.643766	0.00358483	0.00767098	0.00515125	0.00176982	0.00553461
173	0.151547	0.00347922	0.0136271	0.0071663	0.00455069	0.0484641	0.00784959	0.0056907	0.0103843	0.01112	0.00758496	0.0849422	0.0134912	0.0236885	0.01739	0.503631	0.0691813	0.0103537	0.000925506	0.00493254
174	0.00574793	0.00279313	0.00044285	0.000629629	0.469133	0.000799672	0.0135758	0.00117205	0.00409819	0.0452363	0.00334236	0.00121458	0.000479495	0.00117622	0.00405328	0.00496577	0.00509641	0.0121143	0.0225159	0.401413
175	0.0899884	0.0087522	0.0172865	0.0174496	0.0126483	0.0380158	0.0277978	0.0114171	0.0507134	0.0319146	0.0228253	0.115955	0.0137556	0.042814	0.139799	0.239571	0.0718169	0.0314158	0.00416468	0.0118981
176	0.0803651	0.00126984	0.00190486	0.00248417	0.0381115	0.00259053	0.0698657	0.00277024	0.0123006	0.0047006	0.215289	0.0780553	0.00176515	0.0485754	0.017181	0.0753196	0.334462	0.0100479	0.000938563	0.00200237
177	0.0354782	0.00523757	0.00414943	0.0153087	0.0291991	0.00496311	0.00927686	0.301993	0.00816337	0.132247	0.15637	0.00888799	0.00310281	0.0585519	0.00855508	0.0112136	0.0335354	0.168229	0.00100225	0.0045352
178	0.0190005	0.00127197	0.0745551	0.39506	0.0122329	0.00324651	0.0271853	0.00276591	0.0169639	0.00882246	0.0057205	0.030094	0.00445588	0.360598	0.00478974	0.0114814	0.0123902	0.00741856	0.000518579	0.00142887
179	0.0915145	0.00260184	0.00392434	0.00426929	0.00316936	0.821826	0.00278846	0.00168667	0.00364069	0.00342213	0.00369912	0.00628468	0.0011619	0.00752951	0.00190853	0.0215615	0.0142939	0.00381337	0.000259898	0.000644035
180	0.0103458	0.0010559	0.000570904	0.000757433	0.300647	0.00429888	0.036161	0.00219173	0.00189014	0.0118627	0.00530482	0.0019002	0.000533356	0.00153013	0.004281	0.00810154	0.00611353	0.00643517	0.327243	0.268776
181	0.0368619	0.00107472	0.00525654	0.00214392	0.00232696	0.819391	0.0042086	0.00177895	0.00421447	0.00460517	0.00409884	0.0140798	0.00349262	0.00536512	0.00349464	0.0532511	0.0283577	0.00436277	0.000543223	0.00109217
182	0.00699543	0.00133263	0.000358221	0.00234725	0.00577877	0.000619438	0.00215493	0.417914	0.000557589	0.0576916	0.00720511	0.00087266	0.00197383	0.00220432	0.000573909	0.00162764	0.00631116	0.478791	0.00270214	0.00198843
183	0.0241139	0.0018847	0.0143112	0.00668022	0.00845658	0.00457683	0.488005	0.00730315	0.00762761	0.00763001	0.0114449	0.296865	0.00244769	0.0457124	0.0197113	0.0164435	0.0118387	0.0201887	0.000827368	0.00393085
184	0.0515167	0.00387526	0.00676924	0.0034891	0.00453245	0.00804219	0.00272726	0.00456287	0.00715169	0.00545485	0.00209083	0.00882776	0.00478547	0.00638719	0.00565361	0.426974	0.435167	0.0076151	0.00298365	0.00139448
185	0.00294839	0.00160391	0.000523575	0.000597858	0.769367	0.000723919	0.010824	0.0109879	0.00146074	0.0180931	0.00832266	0.00126434	0.000425744	0.00113488	0.00225504	0.00221203	0.00260693	0.00777085	0.00489838	0.151979
186	0.0617739	0.030712	0.00486298	0.00668875	0.0104624	0.0179047	0.0372143	0.0101106	0.241559	0.0108539	0.0212665	0.0203148	0.00527938	0.0325677	0.197053	0.142939	0.113753	0.0254871	0.00087737	0.0083192
187	0.00634763	0.000617923	0.00125988	0.00138079	0.286581	0.00240453	0.00276527	0.0092393	0.0015829	0.575185	0.0597165	0.00623033	0.00175321	0.00373191	0.00168626	0.00346542	0.00533732	0.0212371	0.00805178	0.00142604
188	0.0071842	0.00116086	0.000323434	0.00264491	0.00494616	0.000579968	0.00147279	0.381319	0.000522646	0.0648511	0.00555482	0.000857428	0.00265828	0.00171626	0.000476908	0.00133956	0.00900835	0.508834	0.00282596	0.00172341
189	0.121287	0.00346644	0.262622	0.0616203	0.0060383	0.0577328	0.0116738	0.00506641	0.0385314	0.0107651	0.00710139	0.177997	0.0182975	0.0274921	0.0120789	0.0989638	0.0627108	0.01191	0.000734138	0.00391078
