247	20
1	0.0195199	0.00304633	0.0107321	0.0418558	0.00658176	0.0088992	0.00561679	0.111313	0.0594418	0.0145712	0.0721301	0.0630919	0.0107536	0.014979	0.100451	0.243224	0.156043	0.00923541	0.00167782	0.0468362
2	0.0836397	0.00518844	0.0189619	0.0907086	0.00499242	0.0384925	0.00788903	0.0279592	0.248166	0.0222823	0.0205684	0.0502079	0.0367138	0.0706565	0.0406607	0.0928451	0.0831577	0.049994	0.00320435	0.00371167
3	0.110378	0.0118768	0.0102892	0.145637	0.0194046	0.0656951	0.050398	0.0109901	0.0741441	0.0194697	0.0065506	0.050923	0.13394	0.088773	0.0637359	0.0922443	0.0239999	0.0119529	0.00147484	0.00812353
4	0.0450409	0.00321625	0.0231312	0.118011	0.00462458	0.12225	0.0068183	0.0311949	0.0836177	0.0244384	0.0363193	0.0493512	0.0570434	0.077637	0.0452548	0.127779	0.0813922	0.0563854	0.00219323	0.00430097
5	0.0559284	0.00364376	0.0183696	0.0673693	0.00569094	0.0306049	0.00736935	0.0682247	0.10925	0.0499396	0.0381113	0.0748963	0.0586896	0.0677931	0.0371267	0.0880146	0.0700629	0.14324	0.00204687	0.00362813
6	0.0184539	0.0041189	0.019928	0.0216672	0.00725162	0.0173984	0.0313923	0.100949	0.0822362	0.0824573	0.0192607	0.209613	0.0680436	0.0826337	0.0277259	0.106531	0.0419171	0.0101197	0.0401543	0.00814841
7	0.0291377	0.00276879	0.0165287	0.088098	0.0186959	0.0252503	0.00649385	0.0292126	0.0805754	0.100459	0.0486884	0.118687	0.0685398	0.0961329	0.0534983	0.116892	0.0489351	0.0433531	0.00348613	0.00456748
8	0.0111526	0.0030692	0.0359556	0.0158949	0.00756455	0.00911632	0.00862142	0.0540024	0.0921882	0.133416	0.0399605	0.233513	0.0260151	0.0654225	0.0215969	0.173547	0.0415461	0.00848054	0.0112738	0.00766322
9	0.045848	0.00238735	0.0151444	0.0549976	0.00405744	0.0188198	0.0063131	0.0254402	0.335218	0.0223516	0.0325846	0.0721166	0.0265082	0.0570754	0.0718983	0.106296	0.0759088	0.017469	0.00583226	0.00373335
10	0.0811747	0.00805095	0.00983624	0.0945554	0.0157265	0.0565979	0.0483525	0.0122616	0.118531	0.018407	0.010501	0.0389828	0.101416	0.167654	0.0781033	0.0898496	0.0278283	0.0142529	0.00135419	0.00656399
11	0.0129431	0.00933545	0.010566	0.0690051	0.00804077	0.00717616	0.0321836	0.0153846	0.37261	0.0125949	0.028645	0.0294972	0.00964514	0.157287	0.140144	0.0245278	0.047902	0.00336602	0.00394863	0.00519699
12	0.0146594	0.00949062	0.0402289	0.0593552	0.00509236	0.0418716	0.00672647	0.015889	0.314438	0.0270864	0.0561727	0.0967462	0.0164841	0.0284538	0.108774	0.0758037	0.0259734	0.00760584	0.0413599	0.00778899
13	0.0111835	0.000875599	0.0121034	0.0536957	0.0023594	0.00308461	0.00350773	0.0159534	0.603951	0.00489162	0.016965	0.0463403	0.00503185	0.0434239	0.0957886	0.0196548	0.0518572	0.00248823	0.00276834	0.00407559
14	0.0224789	0.0296811	0.0191413	0.0792932	0.00799143	0.0452741	0.010915	0.0556286	0.34073	0.0191534	0.0164569	0.0452106	0.0572062	0.0760408	0.0251369	0.0472064	0.0352521	0.0476236	0.00216078	0.0174186
15	0.0260185	0.00280081	0.0178266	0.10952	0.00419922	0.0388439	0.00571554	0.0179988	0.304543	0.0380454	0.0457075	0.0781923	0.033361	0.050152	0.0613924	0.0915765	0.0386817	0.0204332	0.0118859	0.00310679
16	0.0449047	0.00256283	0.0417666	0.210641	0.00485312	0.0641386	0.00648	0.0243787	0.0899437	0.0265392	0.0176865	0.0557074	0.0420464	0.0923152	0.0670979	0.0728024	0.0812909	0.0497262	0.00184602	0.00327297
17	0.0754028	0.00299558	0.0188084	0.0805758	0.00514852	0.023806	0.00645389	0.110904	0.0727515	0.0427873	0.0309983	0.0901273	0.0336887	0.041377	0.0605522	0.0651623	0.155452	0.0764902	0.00219661	0.00432253
18	0.0151873	0.00929569	0.0217383	0.0753469	0.0578689	0.0134521	0.0154556	0.0311494	0.0882698	0.0617948	0.0114643	0.0267457	0.018559	0.0739578	0.0227712	0.0427797	0.319968	0.0129634	0.0056855	0.0755472
19	0.012272	0.0067292	0.0154818	0.0104875	0.0180163	0.0134645	0.0150304	0.181639	0.0354631	0.171066	0.0442529	0.0994585	0.0208226	0.0721827	0.0244012	0.08308	0.06094	0.00880011	0.0900856	0.016327
20	0.0163154	0.00745645	0.463362	0.0876727	0.00757404	0.0515697	0.0323992	0.00960708	0.0353649	0.00876734	0.0276758	0.0692697	0.0320755	0.0131461	0.013998	0.0456334	0.0151381	0.0184243	0.00285868	0.0416915
21	0.0744576	0.00287775	0.0140727	0.0447304	0.00486848	0.0204918	0.013666	0.0546908	0.0647141	0.0239596	0.0167666	0.0920698	0.084888	0.0628356	0.0722259	0.208958	0.108172	0.0240462	0.00586292	0.0056458
22	0.0463735	0.00681701	0.00705024	0.0080355	0.168583	0.00652585	0.0062726	0.0324489	0.0471194	0.0671543	0.00712881	0.152578	0.00702512	0.0124672	0.00812237	0.143845	0.0670327	0.0180809	0.0301643	0.157175
23	0.0269403	0.0506084	0.019338	0.141724	0.0509136	0.0560083	0.0271264	0.0133737	0.0861994	0.0185562	0.00890282	0.0272296	0.0650353	0.0705816	0.0205271	0.0683815	0.0282261	0.0100206	0.00368559	0.206622
24	0.0432029	0.00278301	0.0203924	0.0948345	0.00424978	0.0991433	0.00654884	0.0441506	0.0958094	0.0252146	0.0368337	0.0535816	0.0565963	0.0620175	0.0504228	0.148375	0.0950993	0.0551194	0.00188335	0.00374144
25	0.160994	0.0228037	0.0118132	0.119666	0.0157833	0.0792192	0.0478913	0.0143164	0.0565896	0.0333661	0.00911925	0.0692537	0.105102	0.0724533	0.040919	0.082765	0.0311588	0.0143062	0.0023189	0.0101608
26	0.0118321	0.00343489	0.0228533	0.0278189	0.00716203	0.0110539	0.00853384	0.0296662	0.158718	0.0751442	0.0224256	0.269145	0.0252382	0.0641222	0.025244	0.178562	0.0348859	0.00866724	0.00552249	0.00997065
27	0.0204594	0.00472615	0.0718924	0.0875034	0.0059623	0.119193	0.0363307	0.100684	0.0729894	0.0848282	0.0111659	0.0778113	0.0299708	0.0842821	0.0289643	0.0449703	0.0886896	0.0164475	0.00515864	0.00797024
28	0.0465899	0.00281	0.0673412	0.167197	0.00576546	0.0677955	0.00797603	0.0278865	0.0649741	0.040293	0.0155325	0.0764343	0.0318296	0.0779818	0.109822	0.0556328	0.0940656	0.0334784	0.00217933	0.00441497
29	0.0296399	0.00276355	0.0166131	0.0754895	0.00608502	0.0287454	0.00768659	0.0286804	0.103997	0.0427512	0.0222595	0.11974	0.0874144	0.102155	0.0456021	0.17328	0.0617196	0.039189	0.00236182	0.00382715
30	0.230396	0.00281824	0.0119647	0.0264182	0.00659843	0.0124114	0.0133272	0.0266773	0.0843146	0.0223029	0.0103253	0.0873939	0.0792679	0.0503049	0.0276792	0.169374	0.0944831	0.0126042	0.0241891	0.00715017
31	0.0221166	0.0025756	0.015882	0.114522	0.00549939	0.0282773	0.00566985	0.0190327	0.19873	0.0497977	0.0409866	0.129791	0.0558272	0.0682082	0.0661741	0.107944	0.0364749	0.0218743	0.00790052	0.00271615
32	0.00764669	0.0145411	0.218742	0.149072	0.00429681	0.0434808	0.053545	0.0189386	0.181433	0.00679328	0.00390669	0.156041	0.0238589	0.0276772	0.0061283	0.0137129	0.0116163	0.0109634	0.00104327	0.0465627
33	0.057127	0.00782411	0.0102237	0.0907106	0.0134674	0.0561304	0.0642213	0.0130044	0.166091	0.0164016	0.0094258	0.0357061	0.137906	0.0997102	0.0734922	0.104977	0.0225485	0.0113387	0.00196947	0.00772508
34	0.0998243	0.00307227	0.0116397	0.0299525	0.00529144	0.0165434	0.0274062	0.0439943	0.0677902	0.0192254	0.0102844	0.0814598	0.116406	0.0468627	0.0555758	0.237783	0.0984516	0.0131503	0.00906874	0.00621841
35	0.0434154	0.00351481	0.0365425	0.175842	0.00554566	0.056016	0.0122353	0.0244097	0.109319	0.026286	0.0191719	0.0687622	0.0694597	0.0887502	0.0570859	0.098217	0.065244	0.0345485	0.0020952	0.00353988
36	0.019039	0.00297979	0.038946	0.038346	0.00596953	0.058989	0.0118459	0.146287	0.0628051	0.0616426	0.0152472	0.126933	0.0855057	0.116254	0.0440187	0.0814678	0.0517324	0.0182055	0.00851093	0.00527509
37	0.0157359	0.00314177	0.0152028	0.0381056	0.00644944	0.0156271	0.009463	0.0305666	0.090107	0.0924695	0.0216177	0.148583	0.121674	0.0993182	0.0552678	0.173966	0.0333444	0.0160999	0.00776618	0.00549439
38	0.181473	0.00395106	0.0136406	0.0387618	0.00601388	0.17087	0.00818346	0.0202715	0.0643277	0.0399096	0.0107886	0.0191789	0.0163656	0.0543854	0.0748628	0.0999122	0.034626	0.13396	0.00233126	0.00618708
39	0.0372051	0.00383782	0.0259291	0.0672204	0.00698841	0.0219961	0.00940099	0.0392826	0.0659639	0.0237931	0.0174152	0.347565	0.0446199	0.03706	0.0309453	0.0687502	0.114584	0.0245035	0.0028249	0.0101136
40	0.0104576	0.0420979	0.0140912	0.0122507	0.0464052	0.0152112	0.0193314	0.0196928	0.0241889	0.0609528	0.0190765	0.0144243	0.00766712	0.118935	0.101391	0.0793007	0.0430725	0.00549619	0.259528	0.0864286
41	0.0225037	0.00394801	0.0483837	0.0408243	0.00700122	0.0307548	0.0110279	0.164986	0.106981	0.0393917	0.0154431	0.0879325	0.0925482	0.109567	0.0306175	0.0583654	0.0960618	0.0208114	0.00618064	0.00667075
42	0.00626331	0.000833624	0.00701946	0.0724864	0.00221149	0.00244834	0.0420733	0.00402457	0.148838	0.00754498	0.00298603	0.0088823	0.0195926	0.636833	0.0112495	0.00736638	0.0140432	0.00207246	0.000543926	0.00268747
43	0.485159	0.0073947	0.0147079	0.0253711	0.0101348	0.0403939	0.00904573	0.0279652	0.0122231	0.00709596	0.0050679	0.00725614	0.0196553	0.0219872	0.00489797	0.0712574	0.118882	0.104898	0.000974087	0.00563237
44	0.020759	0.00391562	0.00358089	0.00374694	0.0413809	0.00544649	0.026583	0.0493416	0.0066471	0.599408	0.0460894	0.00529648	0.0125564	0.0141627	0.0181451	0.0142542	0.0162729	0.0565318	0.00392913	0.0519526
45	0.0139217	0.000719123	0.0836994	0.668486	0.00175155	0.0393641	0.00189065	0.00214711	0.121206	0.00388923	0.00144455	0.005787	0.00197625	0.0158734	0.0124128	0.0100339	0.00466187	0.00820153	0.000463116	0.00207097
46	0.0129047	0.00353405	0.175516	0.334647	0.00539519	0.0550075	0.0117967	0.0136387	0.107541	0.0134952	0.00477077	0.0307366	0.0101604	0.12772	0.0223001	0.0191355	0.0287659	0.0119562	0.00115037	0.00982764
47	0.00734964	0.00734165	0.00387876	0.00472436	0.336428	0.00911756	0.00782933	0.109848	0.0102636	0.30084	0.0119437	0.0112335	0.00499519	0.00808224	0.0137157	0.0505229	0.0403523	0.0156472	0.00893533	0.0369511
48	0.00836981	0.00167699	0.00938261	0.089913	0.00454571	0.00511811	0.00357606	0.00944791	0.612653	0.0080198	0.0106484	0.0475097	0.0104862	0.054427	0.0579758	0.0250263	0.0299253	0.00275715	0.00225586	0.00628499
49	0.093658	0.00235164	0.0123062	0.0215012	0.00656249	0.00793707	0.00509789	0.0417324	0.0543539	0.121409	0.0619543	0.0668694	0.0107714	0.0148922	0.0129259	0.142297	0.298624	0.0135331	0.00402299	0.00719937
50	0.00543608	0.00181667	0.00758003	0.0815957	0.00161447	0.0024821	0.0475446	0.00228222	0.109686	0.00706809	0.00185031	0.00494349	0.0199431	0.685626	0.00538578	0.0043139	0.00706941	0.00112135	0.000567751	0.00207334
51	0.0182703	0.00368875	0.00303547	0.00316128	0.0276661	0.00446336	0.00820357	0.0707455	0.0107965	0.637912	0.0495113	0.0062244	0.0141744	0.0135014	0.0441842	0.0242442	0.0196878	0.0184197	0.00245959	0.0196501
52	0.00778584	0.00132273	0.00633829	0.0104569	0.00251098	0.00836863	0.00273958	0.0871202	0.26528	0.00531935	0.0106383	0.0323307	0.00287602	0.0179042	0.375353	0.0496542	0.106848	0.00222294	0.00116823	0.00376157
53	0.0195619	0.00405363	0.00817857	0.00732284	0.104096	0.00511573	0.00461676	0.0536478	0.0504303	0.0713237	0.00617924	0.313922	0.00596764	0.00918037	0.00800468	0.10122	0.102338	0.0384674	0.0128546	0.0735194
54	0.00856794	0.0435319	0.0320926	0.024788	0.0140616	0.0309296	0.018537	0.016325	0.0912036	0.0398509	0.0635479	0.0261307	0.0108481	0.0454944	0.142288	0.043262	0.0215295	0.00566273	0.283441	0.0379074
55	0.00821798	0.00169116	0.0328123	0.445709	0.00606162	0.0168878	0.00566583	0.00562594	0.273771	0.0157536	0.00717961	0.016397	0.0110505	0.0840703	0.0280695	0.0175359	0.0115008	0.00470982	0.00239861	0.00489147
56	0.00844452	0.00412222	0.0236234	0.135384	0.0044995	0.0124598	0.00658172	0.0113366	0.532992	0.00936146	0.0112877	0.0580922	0.0249502	0.0468501	0.0425204	0.0226026	0.0246692	0.00526111	0.00289285	0.0120684
57	0.00815741	0.00290613	0.0277913	0.0167928	0.0192289	0.00797348	0.00911614	0.0285851	0.115681	0.018736	0.00779977	0.481595	0.00830492	0.0140599	0.0187338	0.0882198	0.0763034	0.00916737	0.0043895	0.0364578
58	0.0114196	0.00740302	0.00859253	0.0105872	0.10378	0.0428721	0.00888952	0.0404828	0.0195993	0.378211	0.0146576	0.0182884	0.00870065	0.0194745	0.0182984	0.0681572	0.025645	0.0431877	0.128198	0.0235545
59	0.00829646	0.00185077	0.0293048	0.204112	0.00319984	0.0124413	0.00262462	0.00678849	0.547287	0.00559067	0.007789	0.0309376	0.00845485	0.0387813	0.0473315	0.0132498	0.0220402	0.00312952	0.0017779	0.0050124
60	0.0138016	0.00231131	0.0115788	0.0170326	0.00453599	0.00661842	0.00706052	0.11263	0.186268	0.0123015	0.020508	0.0453767	0.008449	0.0220885	0.10727	0.137288	0.264006	0.00736687	0.00252767	0.0109812
61	0.00798384	0.00476277	0.0139504	0.145264	0.00502149	0.0151154	0.00562981	0.00828078	0.424852	0.0204991	0.0626442	0.0445078	0.0118077	0.0327288	0.102708	0.0372941	0.0212546	0.00390545	0.0268378	0.00495222
62	0.0128874	0.00166074	0.00787043	0.00353913	0.0511245	0.00238258	0.00134888	0.595945	0.0199973	0.0712163	0.0228535	0.0149074	0.00451689	0.00466716	0.0106623	0.0154	0.0529628	0.0888649	0.00247451	0.014718
63	0.015019	0.0022126	0.0381046	0.0106406	0.0272293	0.00574719	0.00443101	0.032134	0.0904282	0.0258551	0.0842071	0.136634	0.00615597	0.0112646	0.0156098	0.319122	0.153698	0.0052953	0.00224648	0.0139649
64	0.00895892	0.0413215	0.0698228	0.0104604	0.00884616	0.0196617	0.275519	0.0159983	0.0618492	0.0138893	0.008745	0.170208	0.0115199	0.0147939	0.0548946	0.166895	0.016084	0.00600499	0.00422907	0.0202994
65	0.0103188	0.00309454	0.00176559	0.00176104	0.031624	0.00288208	0.00700535	0.0707478	0.0036729	0.71171	0.0278514	0.00419255	0.0150558	0.0154471	0.0160602	0.0113332	0.0180727	0.0244928	0.00190003	0.0210122
66	0.0347723	0.00306158	0.0721036	0.275799	0.00863995	0.0417624	0.00686287	0.0214135	0.0631498	0.0234981	0.011532	0.0418156	0.0236787	0.0807214	0.0863893	0.0447988	0.103499	0.04589	0.00204213	0.00857038
67	0.0153687	0.00457365	0.108389	0.0272775	0.00955388	0.0130277	0.00887891	0.0340577	0.0915021	0.06588	0.0170588	0.16733	0.0127905	0.0287936	0.0193036	0.0666208	0.286972	0.00890115	0.00318792	0.0105323
68	0.0126233	0.00109864	0.0116607	0.0349137	0.00122995	0.00206435	0.00262285	0.0251299	0.594237	0.00330837	0.0104926	0.0527409	0.00333363	0.0371032	0.121686	0.0209912	0.0584935	0.00120429	0.00139566	0.00367013
69	0.0425535	0.0040383	0.323371	0.226094	0.032733	0.0258721	0.0205704	0.0118244	0.042648	0.0122946	0.00654883	0.0424113	0.0104431	0.0204437	0.0181862	0.0249772	0.052058	0.041835	0.00177692	0.0393205
70	0.019705	0.0031841	0.513261	0.0954947	0.00379134	0.0429998	0.0540012	0.00475536	0.0414716	0.00284348	0.00500666	0.121302	0.00697879	0.0055088	0.0042685	0.0157154	0.00623861	0.0304932	0.000756582	0.0222236
71	0.00546993	0.000735297	0.00779383	0.0821837	0.00112876	0.00231429	0.0477383	0.00178388	0.110958	0.00640913	0.00135288	0.00421851	0.0199668	0.69298	0.00223116	0.00323752	0.00640051	0.00109619	0.000384748	0.00161651
72	0.037389	0.00214026	0.0135659	0.0571825	0.00344694	0.012055	0.00471255	0.0222337	0.485523	0.012773	0.0150373	0.049262	0.0137886	0.0413841	0.0686108	0.0572463	0.0841306	0.0124062	0.00240398	0.00470868
73	0.229471	0.00295193	0.0257453	0.0840373	0.00443566	0.0355488	0.00615714	0.0410546	0.0664498	0.0295314	0.0265499	0.0540341	0.0416653	0.044408	0.0289528	0.0991296	0.105274	0.0695284	0.00196768	0.00310661
74	0.0058506	0.00100309	0.00489895	0.0110139	0.00193543	0.018815	0.00211356	0.0702283	0.243156	0.0058177	0.00964466	0.0238452	0.00255657	0.0175169	0.457944	0.0540439	0.0644208	0.0016265	0.000867024	0.00270177
75	0.0118961	0.00114043	0.0728907	0.638765	0.00216783	0.0329483	0.00408495	0.00240835	0.138554	0.0051444	0.00228618	0.00634167	0.00404999	0.0414241	0.0118881	0.0102812	0.00422829	0.00637881	0.00062998	0.00249182
76	0.0337104	0.00109618	0.00925383	0.0114021	0.0146949	0.00371795	0.0023824	0.576129	0.0192095	0.0380072	0.0251491	0.0476637	0.00680147	0.00544678	0.011463	0.0161545	0.071597	0.0954806	0.00101593	0.00962426
77	0.0111592	0.00283317	0.0162457	0.0624613	0.00468571	0.00901453	0.0304309	0.0160045	0.170823	0.0196212	0.00758676	0.0563621	0.0255034	0.461571	0.0269933	0.0357991	0.0249817	0.00719234	0.00337668	0.0073539
78	0.139704	0.011355	0.0156067	0.0244097	0.0611615	0.0176631	0.0123427	0.0261865	0.0359515	0.0223148	0.0573577	0.034758	0.0218308	0.0235353	0.0617621	0.354048	0.0449724	0.0122596	0.00377615	0.019005
79	0.0100473	0.00336181	0.00122094	0.0015446	0.0328179	0.00298155	0.00768103	0.0562295	0.00315946	0.727779	0.0306211	0.00323379	0.0144227	0.014829	0.0173862	0.010709	0.0161452	0.0222274	0.00164879	0.021954
80	0.00849547	0.000928816	0.00778522	0.0278607	0.00212883	0.00269781	0.00322368	0.044412	0.422824	0.00494675	0.0161039	0.0400613	0.00281226	0.0240887	0.28525	0.0276307	0.0723509	0.0014228	0.00179595	0.00318034
81	0.00514468	0.000714121	0.0055678	0.0688081	0.00115544	0.00113583	0.0496567	0.00166043	0.109969	0.00634583	0.00139706	0.00422076	0.0203334	0.70954	0.0019396	0.00304359	0.00642527	0.000924507	0.000405801	0.00161166
82	0.0175251	0.00279354	0.519083	0.10254	0.00361765	0.0445269	0.0517062	0.00456436	0.0430366	0.00275412	0.00472896	0.116456	0.00701125	0.0058138	0.00400984	0.0152542	0.0061333	0.0296594	0.000619466	0.0181662
83	0.0967212	0.00297499	0.0101881	0.0160325	0.00898017	0.00722908	0.00553133	0.0483989	0.037879	0.140732	0.0398431	0.0666097	0.0104518	0.0138395	0.0119837	0.162184	0.295764	0.00989495	0.00419913	0.0105624
84	0.0143894	0.000656622	0.00943512	0.00417164	0.0169806	0.00217938	0.00125467	0.642703	0.0193424	0.0434086	0.0270613	0.0131603	0.00448009	0.00449443	0.0161588	0.0107427	0.0566535	0.102555	0.000423159	0.00974952
85	0.00800891	0.00162549	0.00941237	0.0428593	0.00155167	0.00136317	0.00355555	0.0209172	0.627296	0.00368794	0.00914072	0.0493123	0.00415725	0.0412536	0.101822	0.0150165	0.0523231	0.000878206	0.00114536	0.00467312
86	0.0197883	0.00152502	0.010514	0.083179	0.00228748	0.0100111	0.0406275	0.00607897	0.121414	0.0102362	0.00422016	0.0134507	0.0246966	0.597197	0.0109279	0.0181751	0.0151792	0.00731131	0.000738201	0.00244299
87	0.0109965	0.00362377	0.0317042	0.0111324	0.011949	0.00723381	0.00945353	0.0291411	0.09192	0.0209217	0.0164004	0.417842	0.00917046	0.0126366	0.0193551	0.152067	0.117945	0.00702069	0.00298244	0.0165041
88	0.00532517	0.00142286	0.0147376	0.0869325	0.0020604	0.00493394	0.0416506	0.00461452	0.139681	0.007189	0.00230603	0.0100757	0.0246799	0.625732	0.00619378	0.00694679	0.00889205	0.00209407	0.000567083	0.00396559
89	0.00823828	0.000605588	0.00969248	0.0416734	0.00127228	0.00125451	0.0022145	0.0243646	0.63266	0.00262307	0.00874898	0.0539651	0.00443763	0.0353434	0.0966081	0.0157551	0.0543292	0.000912619	0.000986945	0.00431374
90	0.0153331	0.00350362	0.0106374	0.0074133	0.0807501	0.00503726	0.00517032	0.0812343	0.0618555	0.0521144	0.00803629	0.32917	0.00614877	0.00872068	0.00934181	0.0974631	0.103117	0.0400339	0.00964292	0.0652759
91	0.0407468	0.00258998	0.0767921	0.367806	0.00425604	0.0397026	0.00955786	0.0153516	0.113153	0.0164463	0.0115004	0.0579877	0.024069	0.0448695	0.045216	0.04412	0.0447453	0.0332725	0.00208133	0.00573593
92	0.00966487	0.00192686	0.0259772	0.0545331	0.00248918	0.00677949	0.00506551	0.0267452	0.565409	0.00637972	0.00982376	0.0724444	0.00929779	0.0358725	0.0747255	0.0196044	0.0588271	0.00422844	0.00156849	0.00863762
93	0.0131255	0.00107188	0.0081725	0.00343078	0.0306875	0.00145001	0.00202753	0.617276	0.0172563	0.0797016	0.0260585	0.0115718	0.00401799	0.0040536	0.0128595	0.0100316	0.0520456	0.0920891	0.000865882	0.0122066
94	0.0127963	0.000697702	0.0828045	0.677911	0.00169425	0.0365462	0.00140055	0.0019258	0.124146	0.0036157	0.00127047	0.00469514	0.00161062	0.0153242	0.0111452	0.00908944	0.00393056	0.00702788	0.00051565	0.00185204
95	0.0128134	0.00068853	0.0833296	0.678931	0.00164795	0.0367241	0.00139092	0.00191217	0.122992	0.00352018	0.00121582	0.00450742	0.00152079	0.0151491	0.0112607	0.00896292	0.00390404	0.00715916	0.000498229	0.00187133
96	0.00816344	0.014359	0.142616	0.032405	0.0037271	0.0242986	0.0617425	0.0136908	0.0571625	0.00774157	0.00560398	0.420983	0.00934351	0.00909456	0.0259551	0.102221	0.0338377	0.00940293	0.00270903	0.0149426
97	0.0143165	0.00246425	0.0308212	0.012248	0.0111197	0.00666939	0.00427273	0.285851	0.0539553	0.0541984	0.212395	0.0203581	0.0104658	0.0139331	0.039009	0.0200653	0.075246	0.120307	0.00218679	0.0101175
98	0.0107559	0.00371538	0.0107612	0.0662344	0.00449105	0.00842605	0.0167083	0.0112805	0.496539	0.0115083	0.00782438	0.0348374	0.0357689	0.173516	0.0405312	0.0251919	0.025338	0.00650735	0.00165404	0.00841158
99	0.0110835	0.0166476	0.0276065	0.0243959	0.0385603	0.012415	0.280871	0.0124207	0.0828006	0.0165268	0.0085027	0.0381164	0.0308445	0.0594748	0.0295215	0.0301031	0.0416661	0.00550881	0.00389465	0.22904
100	0.0321958	0.00247292	0.00427412	0.00692609	0.0123865	0.00759022	0.01108	0.0284908	0.0106586	0.547864	0.0157147	0.00773922	0.164714	0.0192247	0.0112777	0.052063	0.0284955	0.0239458	0.00120649	0.0116804
101	0.0174682	0.00242043	0.00775984	0.00689901	0.0235025	0.00373584	0.00388409	0.470723	0.0186563	0.173845	0.0406983	0.015124	0.00685616	0.00919043	0.0281169	0.0220904	0.064059	0.0670738	0.00351965	0.0143773
102	0.0154438	0.00563633	0.383821	0.103282	0.00380059	0.0489153	0.125914	0.0076814	0.0585021	0.00425996	0.00486835	0.138361	0.00889562	0.00900635	0.00560926	0.019973	0.0077767	0.0256681	0.000742499	0.021842
103	0.00797188	0.00141054	0.0295956	0.203409	0.00364496	0.0126117	0.00414523	0.00776498	0.531907	0.005985	0.00818915	0.03388	0.00888961	0.0438949	0.0480955	0.0145149	0.0224038	0.00383755	0.00237026	0.00547785
104	0.0327562	0.0020606	0.00976456	0.0178815	0.0129575	0.00589928	0.00578037	0.325368	0.0305745	0.0352856	0.0308696	0.0229317	0.00792923	0.0101341	0.016309	0.0335714	0.300471	0.0880203	0.000735527	0.0106992
105	0.0131888	0.0041438	0.172274	0.137543	0.00956598	0.0289324	0.0140055	0.103599	0.0420124	0.0649546	0.00970798	0.032522	0.0168751	0.118993	0.0255676	0.0246453	0.153696	0.0138547	0.00298375	0.0109339
106	0.0122974	0.00603979	0.438718	0.0592165	0.0046184	0.0337621	0.0418332	0.0105356	0.0408488	0.00676358	0.00639727	0.192117	0.00653975	0.00629114	0.0121165	0.0641803	0.023239	0.0189071	0.001089	0.0144899
107	0.0121713	0.00433769	0.003044	0.00492094	0.0263186	0.00459849	0.00801243	0.0476447	0.00779577	0.702734	0.0247193	0.00738628	0.0208167	0.0292126	0.0162162	0.0145269	0.0186834	0.0223885	0.0031879	0.0212842
108	0.0136374	0.00123726	0.0841552	0.657292	0.00206388	0.0366514	0.00223403	0.00287545	0.122853	0.004082	0.00161739	0.00760839	0.00251353	0.016583	0.015769	0.0106379	0.00649723	0.00803452	0.000641704	0.00301546
109	0.00845752	0.00187284	0.0304179	0.0127209	0.010319	0.00707149	0.00566635	0.032055	0.108947	0.0155997	0.0103351	0.476814	0.00707538	0.0113713	0.026859	0.0781494	0.132545	0.00688775	0.00175666	0.0150793
110	0.00664222	0.0882019	0.00865594	0.00744576	0.0286454	0.0297296	0.195968	0.00781576	0.0179588	0.0689045	0.0282976	0.00959798	0.00622421	0.0229984	0.368781	0.0384199	0.0124604	0.00382726	0.00480256	0.0446225
111	0.0130527	0.00630907	0.00762717	0.0086934	0.065977	0.043301	0.00799862	0.0924239	0.0166169	0.317852	0.0177587	0.0218303	0.0102974	0.0149473	0.0175863	0.222714	0.0355907	0.0160545	0.0114273	0.0519417
112	0.00817803	0.00246868	0.00485066	0.0220776	0.00296474	0.0545972	0.00585922	0.0350085	0.0900855	0.00874496	0.00701153	0.0122917	0.0139423	0.034428	0.59773	0.0634822	0.02582	0.00512714	0.0019339	0.0033979
113	0.00892957	0.00210226	0.00583198	0.0147948	0.00297906	0.0345973	0.00342413	0.055711	0.120357	0.00973329	0.00855891	0.0189398	0.00586377	0.033689	0.551875	0.0614033	0.0500267	0.00384903	0.00326856	0.00406559
114	0.0171192	0.00291504	0.516721	0.107596	0.00479169	0.0432236	0.0524787	0.00424195	0.0430845	0.00254298	0.00446987	0.115773	0.0063936	0.00521127	0.00317238	0.0148419	0.00579832	0.0304595	0.00051867	0.0186458
115	0.0116213	0.00248205	0.0298379	0.016307	0.0124346	0.0101442	0.0075877	0.0360315	0.0842909	0.0174446	0.0103027	0.48443	0.0118141	0.0139694	0.0213208	0.0844066	0.115078	0.0106579	0.00303015	0.016809
116	0.0102537	0.00309442	0.00190217	0.00192018	0.0287739	0.00317914	0.00687749	0.0647189	0.00403783	0.719238	0.0280755	0.00499703	0.0158647	0.0159959	0.0161841	0.0107663	0.0170013	0.0246024	0.00183216	0.0206844
117	0.00706902	0.00393932	0.00645418	0.0190138	0.00280133	0.0393313	0.00565386	0.0383543	0.126575	0.00863709	0.00738462	0.0157395	0.00938851	0.0408456	0.564203	0.0602613	0.0353365	0.00313307	0.00263525	0.00324321
118	0.0141477	0.000623068	0.008811	0.00436266	0.0175108	0.00102879	0.00112808	0.654843	0.0183362	0.0436895	0.0262657	0.0123021	0.00425146	0.00374551	0.0119264	0.00843893	0.0562706	0.102709	0.000384341	0.00922454
119	0.0135362	0.000642766	0.00840188	0.00346504	0.019013	0.0011887	0.00142205	0.642368	0.018087	0.0585098	0.0263831	0.0122149	0.00417712	0.00407381	0.0123544	0.00891678	0.0559146	0.0986627	0.00071303	0.00995554
120	0.156727	0.0101354	0.0268915	0.0534269	0.00602796	0.272868	0.00732245	0.0210358	0.0373553	0.0214168	0.0111902	0.0217041	0.0199575	0.0278394	0.0291696	0.139915	0.0877418	0.0402901	0.00204347	0.00694157
121	0.0106769	0.00357868	0.00214753	0.00311616	0.0281781	0.00297893	0.00736142	0.0531061	0.00394694	0.724451	0.0278078	0.00492083	0.0176282	0.0173873	0.0178636	0.0111269	0.0175567	0.0234182	0.00163274	0.0211162
122	0.0388094	0.00128253	0.00313486	0.00494354	0.00203828	0.0112449	0.0211352	0.00748973	0.00637745	0.0815351	0.00277732	0.00460546	0.631178	0.0139941	0.00493531	0.11752	0.037737	0.00571975	0.0010056	0.00253726
123	0.0129277	0.000758803	0.0837667	0.672918	0.00171215	0.0369277	0.00144909	0.00195555	0.124952	0.00377314	0.0013797	0.00498419	0.00191124	0.0162302	0.0114061	0.00936402	0.00398059	0.00706615	0.000533624	0.00200358
124	0.0151144	0.00192342	0.283826	0.396192	0.00556986	0.0398135	0.011429	0.00451076	0.106657	0.00473887	0.0040677	0.0296424	0.00677499	0.0201557	0.0128283	0.0241909	0.0103821	0.0131618	0.000894979	0.00812694
125	0.0125066	0.0145981	0.0376247	0.0284089	0.0310316	0.0134042	0.296431	0.0152845	0.0648362	0.016487	0.00675423	0.0682901	0.0551538	0.0342847	0.0235515	0.0399604	0.0348437	0.00737686	0.00317176	0.196
126	0.0154615	0.00138485	0.440289	0.243029	0.00360503	0.0455052	0.0310085	0.00324659	0.0665263	0.00280908	0.00432337	0.0666396	0.00482743	0.0104633	0.00686525	0.0155741	0.00572376	0.0204655	0.000639286	0.0116132
127	0.014181	0.0051286	0.0124769	0.0120948	0.0150753	0.00729589	0.00360956	0.419229	0.167189	0.037147	0.044128	0.0168777	0.0134691	0.0305877	0.0168192	0.017724	0.0532704	0.103117	0.00127905	0.00930029
128	0.0101997	0.00116464	0.00835464	0.0131997	0.00238622	0.00922987	0.00358531	0.0753118	0.250384	0.00726553	0.0127702	0.053002	0.00680896	0.0208806	0.355232	0.0653063	0.0945685	0.00356494	0.00170525	0.00508016
129	0.0108057	0.000716551	0.0107359	0.0348582	0.00166147	0.0024186	0.00257863	0.0270158	0.597047	0.00490586	0.00907404	0.0607353	0.00498261	0.0333063	0.106498	0.0222591	0.0636599	0.00163787	0.000675446	0.00442794
130	0.0146514	0.00518818	0.0465858	0.0183188	0.00689216	0.0132771	0.0139419	0.0799199	0.120145	0.026796	0.0219585	0.161371	0.0141792	0.0273609	0.0680036	0.266452	0.0673669	0.00887854	0.00414097	0.0145731
131	0.0107524	0.00327696	0.00151171	0.00185442	0.0306452	0.00312037	0.00785781	0.0539014	0.00385699	0.725176	0.0307798	0.00429315	0.0151953	0.0155131	0.0178302	0.0110595	0.017466	0.0226615	0.00163779	0.0216104
132	0.0165635	0.00374169	0.508277	0.0956994	0.00349872	0.0475211	0.0565703	0.00501076	0.0441259	0.00340333	0.00459199	0.120963	0.00764267	0.00631467	0.00474291	0.0167317	0.00642295	0.0282504	0.000814726	0.0191134
133	0.0140572	0.000508643	0.00884745	0.00363017	0.0192044	0.000881124	0.00108698	0.654129	0.0187801	0.0436344	0.026715	0.0122659	0.00420495	0.00372289	0.0121632	0.00806907	0.0555555	0.103067	0.000382378	0.00909541
134	0.0302197	0.000977122	0.0092288	0.00901918	0.0151672	0.00259242	0.00171037	0.620937	0.0166915	0.0389441	0.0268178	0.0139021	0.00634037	0.00379436	0.0108051	0.0123032	0.0687346	0.102314	0.00042478	0.00907576
135	0.00951553	0.00553429	0.00327242	0.00317867	0.0787675	0.00528719	0.0056877	0.106459	0.00757503	0.595813	0.0227403	0.00886729	0.0120771	0.0125566	0.0141439	0.0219638	0.030315	0.0256314	0.00456352	0.026051
136	0.00525767	0.000778896	0.00619878	0.0709228	0.00119279	0.00134252	0.0499221	0.00166803	0.110253	0.00635905	0.00146593	0.00414874	0.020284	0.705587	0.00204764	0.00320526	0.00642887	0.000935614	0.000390509	0.00161027
137	0.0138349	0.00122739	0.120021	0.611273	0.00194603	0.0398937	0.00882743	0.00235242	0.11292	0.00335476	0.00172702	0.0224847	0.00249991	0.0136531	0.0109467	0.00988302	0.00517731	0.0127839	0.000501079	0.00469255
138	0.0164537	0.00268607	0.0101778	0.00964941	0.0267872	0.00504414	0.00524424	0.503334	0.0262089	0.0550543	0.0243808	0.0349751	0.00786093	0.011118	0.0192538	0.065475	0.0631762	0.0664579	0.00562203	0.0410408
139	0.0141755	0.000656651	0.00910136	0.00472414	0.0182788	0.00213246	0.00175035	0.632899	0.021993	0.048969	0.0297954	0.0136369	0.00475259	0.00509806	0.0175734	0.0119512	0.0566145	0.0954783	0.000637843	0.00978181
140	0.0127501	0.00299811	0.0085687	0.120147	0.0220786	0.0101855	0.01378	0.00824404	0.381729	0.0132381	0.0140116	0.0241275	0.0194041	0.202172	0.0681081	0.0418033	0.0223575	0.00404322	0.0029005	0.00735297
141	0.012826	0.00108681	0.0737791	0.652732	0.00179529	0.0334848	0.00226881	0.00324437	0.13632	0.00480036	0.00244174	0.00741455	0.00373868	0.0226853	0.0141152	0.0113783	0.00591747	0.00698831	0.000990653	0.00199274
142	0.0134855	0.00356221	0.024961	0.0247498	0.00663335	0.0128228	0.00881947	0.034432	0.142821	0.0148853	0.0106807	0.412681	0.0130993	0.0224397	0.0715637	0.0652638	0.0934908	0.0100553	0.00194912	0.0116039
143	0.0817258	0.249488	0.0160873	0.0211153	0.177477	0.0180242	0.0156233	0.0236371	0.0336357	0.0378053	0.0176712	0.03523	0.015645	0.0220993	0.0288391	0.118382	0.0315022	0.0122902	0.00861681	0.035105
144	0.0389199	0.0014497	0.00342366	0.00529576	0.00240911	0.0111205	0.0204892	0.00808199	0.00728497	0.0856421	0.00315476	0.00548454	0.620403	0.0143166	0.00524993	0.118719	0.0386821	0.00582878	0.00124448	0.0028001
145	0.00828701	0.0149896	0.235469	0.152414	0.00333404	0.0444859	0.054861	0.0189643	0.171728	0.00623522	0.00350414	0.15567	0.0212505	0.0252967	0.0056386	0.0124415	0.010239	0.0127191	0.00108777	0.0413849
146	0.015447	0.000984818	0.0102388	0.00490227	0.0170386	0.00133028	0.00124649	0.645269	0.0187545	0.0430624	0.026838	0.012935	0.00461697	0.00428972	0.0118763	0.0102938	0.0592308	0.101995	0.000420307	0.00922936
147	0.0100314	0.00290993	0.00164665	0.00210383	0.0271358	0.00281015	0.00659416	0.0520076	0.00399349	0.727543	0.0260291	0.00701148	0.0197877	0.019988	0.015213	0.00998877	0.0184044	0.0243956	0.00163613	0.0207694
148	0.014568	0.000826084	0.0812923	0.669101	0.00181536	0.0393103	0.00135972	0.00257521	0.121593	0.00387556	0.00176076	0.00532809	0.00246474	0.015942	0.0121839	0.0105664	0.00504193	0.00805603	0.00051096	0.001829
149	0.00623163	0.00136669	0.00604252	0.0678032	0.00197346	0.00310595	0.0452713	0.00427651	0.11574	0.00850353	0.0021998	0.0084205	0.0288907	0.667269	0.00652334	0.0114137	0.00947302	0.00241983	0.000769078	0.00230567
150	0.0129615	0.00175331	0.0742428	0.633723	0.00205157	0.0370503	0.00267573	0.00330501	0.139483	0.00476085	0.00269749	0.011167	0.00512098	0.0193195	0.0187081	0.0126763	0.00599395	0.00747261	0.000918104	0.00391864
151	0.0186574	0.00817747	0.102785	0.369928	0.00291745	0.251446	0.00316969	0.00448042	0.0890078	0.00647052	0.00368346	0.0106641	0.00470691	0.0190117	0.0330123	0.0378527	0.0169148	0.0115141	0.000963805	0.00463684
152	0.00968815	0.000908353	0.0118463	0.0338213	0.00304657	0.00324343	0.00249253	0.034391	0.575185	0.00547278	0.00915804	0.0704798	0.0066498	0.0317166	0.0953867	0.0296207	0.0677103	0.00255877	0.00121008	0.0054137
153	0.0196094	0.00122317	0.0086819	0.0144398	0.0153113	0.00750551	0.00253657	0.471986	0.0275005	0.0467409	0.0245865	0.0245901	0.00697928	0.00697854	0.0135064	0.0140028	0.074998	0.208359	0.00088045	0.00958406
154	0.151821	0.0029949	0.0382072	0.247607	0.00568275	0.0521291	0.00689332	0.0181979	0.0609883	0.020114	0.0120948	0.0267587	0.0219599	0.0355929	0.023365	0.142625	0.0953782	0.0312373	0.00173741	0.00461551
155	0.0185503	0.000736951	0.00880508	0.00508039	0.0164483	0.00167799	0.00141729	0.645429	0.0176861	0.0415441	0.0259975	0.0125427	0.00553383	0.00374042	0.0113718	0.00931555	0.0607327	0.103919	0.00039495	0.00907568
156	0.0127914	0.000734456	0.0843575	0.678661	0.00175644	0.0365914	0.0011234	0.0019967	0.121015	0.00364159	0.00143448	0.0036494	0.00156122	0.0154501	0.0115084	0.00931355	0.00448568	0.00753254	0.000534588	0.00186083
157	0.00482209	0.00114705	0.00435803	0.0144149	0.00178023	0.0287526	0.00211674	0.05494	0.178891	0.00569088	0.00836639	0.019181	0.00229642	0.0203423	0.554444	0.0485657	0.0442894	0.00175541	0.00146049	0.00238446
158	0.0171956	0.000673071	0.008864	0.00404302	0.0178438	0.00132627	0.00120471	0.647613	0.0183978	0.0424001	0.0269579	0.0123479	0.00467539	0.00380092	0.0116542	0.00877504	0.0578012	0.104915	0.000406991	0.00910337
159	0.00676659	0.0759413	0.0123806	0.00830338	0.0405474	0.0228949	0.320728	0.00744595	0.0244194	0.0543171	0.0210142	0.0228662	0.011058	0.0210855	0.221262	0.042722	0.0140177	0.00415185	0.00582283	0.0622553
160	0.00442736	0.00257904	0.00467045	0.0186344	0.00251911	0.0361189	0.00363403	0.0403395	0.159671	0.00711073	0.00836976	0.0152063	0.00298979	0.0233385	0.582623	0.0471605	0.0341377	0.00151187	0.00201553	0.00294184
161	0.0449848	0.00458094	0.0160143	0.0201909	0.0139894	0.0160455	0.00873324	0.0363973	0.0390264	0.0833751	0.0239808	0.0520541	0.0241166	0.0210635	0.0231308	0.417417	0.120603	0.0087988	0.00443106	0.021067
162	0.0381907	0.00192517	0.00451617	0.011041	0.00305612	0.0136292	0.027996	0.00936646	0.0156362	0.0698443	0.00419483	0.0111832	0.592877	0.0205766	0.0108686	0.117342	0.0376967	0.00550112	0.00134998	0.00320887
163	0.0359152	0.00224171	0.00611369	0.0124681	0.00451817	0.012645	0.0194092	0.0123215	0.0228179	0.0640408	0.00530079	0.0189422	0.53051	0.0275792	0.0167584	0.154649	0.03881	0.00649892	0.00224221	0.00621719
164	0.0205228	0.00107439	0.00956146	0.0201575	0.0156149	0.00790929	0.00275169	0.44238	0.0336814	0.0578863	0.0265133	0.0223754	0.00726579	0.00750603	0.0159562	0.0141153	0.0792281	0.205616	0.000850056	0.00903338
165	0.00989119	0.0112713	0.00343023	0.00551824	0.156526	0.00776047	0.00780646	0.0874322	0.00783033	0.527386	0.0216081	0.00707503	0.0111329	0.012898	0.0166	0.027358	0.0251657	0.0195911	0.00646894	0.0272493
166	0.00895953	0.00687746	0.0885832	0.0249989	0.00556369	0.0172901	0.0227654	0.022615	0.0679541	0.0192345	0.0095276	0.468488	0.0106411	0.0142817	0.0221989	0.106139	0.060488	0.00838214	0.00292811	0.012084
167	0.0350435	0.0019401	0.00540082	0.00824884	0.00242335	0.0172548	0.0188409	0.0104536	0.0108429	0.0853994	0.00390704	0.0100547	0.59987	0.0204509	0.00769617	0.10771	0.0431404	0.00687377	0.00135608	0.00309301
168	0.00558086	0.00139242	0.00588521	0.069385	0.00206593	0.00252032	0.0440333	0.00299711	0.153315	0.00690317	0.00216623	0.00723617	0.0235407	0.648472	0.0048953	0.00558948	0.00871401	0.00210752	0.000479532	0.00272083
169	0.0177808	0.00706887	0.0168917	0.0399649	0.0107893	0.0176099	0.00987026	0.0301959	0.128971	0.26095	0.103086	0.0356397	0.0511715	0.0304549	0.127189	0.0420292	0.0263293	0.0156889	0.0153369	0.0129818
170	0.00854802	0.00183559	0.0106432	0.014297	0.00484466	0.00563061	0.00718018	0.118676	0.183831	0.010291	0.0166631	0.0325147	0.00691732	0.0357904	0.116694	0.0563994	0.348866	0.0091367	0.0013037	0.00993778
171	0.0183238	0.00234783	0.0185557	0.0241228	0.0116108	0.00946844	0.00786767	0.0590117	0.122913	0.0209737	0.0317322	0.0772112	0.0120815	0.0237341	0.0342135	0.116655	0.376825	0.0127551	0.00203074	0.0175661
172	0.0404973	0.00138627	0.00343932	0.0062103	0.0022868	0.0118769	0.0219077	0.00797904	0.00753006	0.0799237	0.00315332	0.00570108	0.622726	0.014544	0.00566577	0.116643	0.0384723	0.00653726	0.000979359	0.002541
173	0.00701087	0.00547934	0.00880635	0.0188458	0.00358301	0.0730709	0.00472852	0.0347181	0.079534	0.00866841	0.00707346	0.0076618	0.00540499	0.0233724	0.611691	0.0643482	0.0226784	0.00591386	0.00265135	0.0047592
174	0.00852374	0.00169928	0.025478	0.015939	0.010904	0.00833868	0.00654621	0.0440752	0.131987	0.0160519	0.00811909	0.451156	0.00844953	0.0156382	0.0428973	0.0685098	0.107363	0.00986333	0.00275443	0.0157062
175	0.115703	0.00438772	0.0150499	0.0733648	0.00665309	0.0957383	0.00868473	0.105077	0.0432613	0.0210335	0.0164881	0.0275879	0.0218559	0.0282298	0.0242886	0.0620134	0.0764662	0.245609	0.00198732	0.00652042
176	0.0149077	0.000805311	0.00896111	0.00471308	0.0186661	0.00133707	0.00176255	0.624863	0.0187468	0.0567484	0.0340951	0.012731	0.0043857	0.0037767	0.0124197	0.0126871	0.0613607	0.093759	0.000708192	0.0125658
177	0.392632	0.00775413	0.0487033	0.0345604	0.0143617	0.0244839	0.0167212	0.0254669	0.0280064	0.0144493	0.0102877	0.0201373	0.0481711	0.0240541	0.0120093	0.0608769	0.107088	0.0579348	0.0034557	0.048846
178	0.00739564	0.00273932	0.00838837	0.0648772	0.00301742	0.00300993	0.00879577	0.0112555	0.60317	0.0058064	0.00794511	0.0387409	0.0111893	0.105094	0.0621205	0.012872	0.0331723	0.00248651	0.00171562	0.006208
179	0.00919089	0.0044195	0.00201723	0.00246212	0.222581	0.00451288	0.00957701	0.0662599	0.00475394	0.510452	0.0239604	0.00448227	0.01137	0.0124262	0.0178573	0.0184486	0.019995	0.0255218	0.00488555	0.0248264
180	0.0118196	0.00911966	0.0171951	0.0601452	0.0112288	0.0133495	0.0216894	0.0190024	0.456227	0.0131705	0.00813108	0.0401078	0.0459527	0.111207	0.0327273	0.0264772	0.0315393	0.0090527	0.00329841	0.0585592
181	0.0107142	0.0120876	0.0646684	0.024689	0.00446933	0.0334847	0.0239536	0.0211815	0.0850978	0.0146842	0.011764	0.425606	0.0137695	0.0198017	0.0474785	0.113936	0.0475702	0.0089712	0.00655141	0.00952074
182	0.0563613	0.00770252	0.00914394	0.0109117	0.129612	0.00770907	0.00857973	0.0258706	0.0376895	0.0374831	0.0103076	0.130719	0.00872852	0.0132907	0.0118622	0.197929	0.045637	0.0138025	0.0154562	0.221204
183	0.00515724	0.000714127	0.00556833	0.0687777	0.00114707	0.00113631	0.0496766	0.00166022	0.109631	0.0063502	0.00136254	0.00419053	0.0203654	0.71008	0.00183121	0.00301446	0.00641584	0.000924524	0.000389021	0.00160777
184	0.143762	0.00322724	0.00996755	0.0882089	0.00372416	0.0134351	0.00477339	0.128638	0.0270487	0.0186132	0.0476271	0.0646799	0.0279725	0.0143073	0.0192164	0.0714386	0.23489	0.0724536	0.00130404	0.00471153
185	0.00954192	0.000508958	0.00942597	0.0359443	0.00127448	0.00167861	0.00230879	0.0251303	0.617236	0.00261243	0.00899908	0.0540721	0.00382802	0.0331931	0.112281	0.0181332	0.0578557	0.000967446	0.00102084	0.00398811
186	0.0130392	0.000744855	0.0875425	0.667396	0.00174925	0.0371491	0.00207268	0.00218995	0.122443	0.00405346	0.00118359	0.00600051	0.0016419	0.0160662	0.0120616	0.00935413	0.00495644	0.00774088	0.000510795	0.00210396
187	0.00759863	0.000791915	0.00833635	0.0703514	0.00321287	0.00171712	0.00321728	0.0111612	0.642844	0.00495172	0.0111456	0.0417992	0.00598508	0.0489432	0.0783885	0.0139557	0.0380311	0.00128133	0.0019599	0.0043284
188	0.0137237	0.000577978	0.00878673	0.00377982	0.0176593	0.00105353	0.00122868	0.648071	0.0192834	0.0441777	0.0256763	0.0156956	0.00452638	0.00417155	0.0118471	0.00907863	0.0573414	0.102081	0.000551809	0.0106884
189	0.0100366	0.00341332	0.00199927	0.00181166	0.0329297	0.00284149	0.00724376	0.0607616	0.00353928	0.721428	0.028411	0.00353318	0.0153357	0.0152453	0.0167397	0.0103072	0.0171935	0.0235017	0.00151991	0.0222081
190	0.00592108	0.00489791	0.00675353	0.0633007	0.00177645	0.00202707	0.0523635	0.00249983	0.108229	0.0120624	0.00190784	0.00561294	0.0198515	0.680248	0.0135002	0.00483073	0.00846565	0.00132113	0.000584121	0.0038458
191	0.315334	0.00449486	0.0258592	0.0739365	0.00556806	0.0464898	0.00722898	0.0317826	0.054309	0.0189732	0.0143161	0.035291	0.0332074	0.0458553	0.0248555	0.0909458	0.098953	0.0675905	0.00156035	0.00344934
192	0.472497	0.00749021	0.0204574	0.0289012	0.00766951	0.0322166	0.00845271	0.0459476	0.0126516	0.00777749	0.00763414	0.0109517	0.0258031	0.0173517	0.00458394	0.0609178	0.118649	0.101837	0.000988084	0.00722261
193	0.0137706	0.00104167	0.0101864	0.030041	0.00144258	0.00240976	0.00256769	0.0325697	0.558643	0.00346757	0.0104019	0.0524933	0.00310287	0.0327199	0.148621	0.0245422	0.0657526	0.0012614	0.00123726	0.00372796
