500	20
1	0.0339886	0.00619894	0.160342	0.213267	0.00608131	0.0838186	0.030153	0.0252374	0.0555781	0.00586875	0.00735803	0.0740051	0.00994517	0.10274	0.0303261	0.0722304	0.044176	0.029286	0.000444682	0.00895573
2	0.043551	0.00377519	0.074933	0.0290426	0.00574599	0.585295	0.00885473	0.00858187	0.0135219	0.00679488	0.00335316	0.0898822	0.00592453	0.0119427	0.00844626	0.0639019	0.0239584	0.00925971	0.000432035	0.0028032
3	0.021202	0.0102227	0.0216852	0.0144534	0.0442548	0.00722735	0.00714404	0.127707	0.0344804	0.30215	0.160717	0.0131135	0.00448982	0.015665	0.0232224	0.0271008	0.0351619	0.0847023	0.0117658	0.0335332
4	0.0262947	0.00932041	0.00776019	0.0399869	0.00945938	0.00961712	0.115118	0.0452192	0.0694464	0.0532137	0.051488	0.0104824	0.00529356	0.00982436	0.0137598	0.249059	0.217935	0.0469284	0.00288258	0.00691009
5	0.0541915	0.0724708	0.0093531	0.0517165	0.0183527	0.0140372	0.0341159	0.103251	0.088715	0.0544407	0.0203185	0.0215967	0.0111441	0.0711155	0.0715642	0.0474324	0.0737721	0.146429	0.0063005	0.0296823
6	0.135375	0.00582301	0.00937878	0.0487104	0.00426052	0.137862	0.0274634	0.00882647	0.0941601	0.0150957	0.0322543	0.116992	0.0110714	0.0681295	0.0387141	0.186393	0.0469905	0.00874766	0.00193229	0.00181972
7	0.324874	0.0161256	0.0217413	0.0511196	0.030607	0.0068002	0.00373034	0.0576049	0.0537898	0.0808399	0.00320354	0.00586382	0.00171351	0.0330785	0.0413191	0.092955	0.072739	0.0832365	0.00151344	0.0171447
8	0.0129254	0.00470105	0.000273675	0.00133231	0.00871112	0.00183458	0.00164732	0.378845	0.00309931	0.0702826	0.0168815	0.00134148	0.0013967	0.00102304	0.00100937	0.00554963	0.00633295	0.479702	0.00016125	0.00294961
9	0.0485322	0.0063591	0.160895	0.252793	0.0062777	0.0437004	0.026471	0.0194629	0.0678866	0.00477619	0.00904149	0.0636146	0.0073824	0.102347	0.0346608	0.0701891	0.0409957	0.0237432	0.000564787	0.010307
10	0.0659257	0.0070273	0.20877	0.237285	0.00534316	0.0388952	0.0163267	0.0127913	0.0615487	0.00622828	0.00614698	0.0654343	0.00536581	0.08672	0.0260923	0.0859131	0.0409293	0.015071	0.000405107	0.00778076
11	0.126043	0.0596547	0.00110196	0.00542121	0.0196831	0.048539	0.00439483	0.0581404	0.00398458	0.228256	0.0581921	0.0036834	0.00402627	0.0031929	0.0211522	0.0675852	0.103096	0.176731	0.00250233	0.00461963
12	0.0162946	0.00178255	0.0372143	0.00924205	0.00387716	0.7377	0.0066329	0.00686236	0.0114279	0.00368732	0.00205532	0.0873538	0.00636938	0.00117383	0.0059269	0.0372621	0.0167419	0.00632198	0.000379133	0.00169403
13	0.288022	0.0232709	0.00956529	0.00954054	0.00707024	0.164564	0.00527512	0.0145644	0.019274	0.0254439	0.0172827	0.0480566	0.00272361	0.0151069	0.00823851	0.222209	0.0845811	0.0289423	0.000892327	0.00537583
14	0.255571	0.0107521	0.00984115	0.0180231	0.0134674	0.0595379	0.0179856	0.0126913	0.0218458	0.0116695	0.00403386	0.0612635	0.00301056	0.0174164	0.0127144	0.412964	0.0310116	0.0148524	0.00149287	0.00985541
15	0.107723	0.107815	0.00784744	0.0145687	0.0276131	0.034866	0.0133527	0.101572	0.0191769	0.0828884	0.0266986	0.0209497	0.0136384	0.0161423	0.0226608	0.146084	0.106336	0.109265	0.00753232	0.0132693
16	0.232303	0.0468362	0.00249604	0.00962882	0.00900833	0.0193777	0.00399018	0.0453012	0.00620716	0.0406225	0.0138684	0.00917481	0.0206299	0.00637917	0.0120829	0.158539	0.144249	0.215669	0.000911258	0.00272561
17	0.132048	0.00881729	0.00893356	0.0547029	0.00604467	0.126407	0.0201112	0.0116828	0.0913363	0.0116042	0.0189521	0.113371	0.0047634	0.0649832	0.044186	0.236426	0.0353861	0.00691097	0.00141584	0.00191704
18	0.177014	0.00780623	0.0129447	0.02713	0.00363015	0.031073	0.0148413	0.0257753	0.04233	0.0143214	0.0180196	0.0450851	0.0111847	0.0175334	0.0267511	0.323687	0.161093	0.0287864	0.00089798	0.010096
19	0.016004	0.00245274	0.000338458	0.00265994	0.0152593	0.00444659	0.00452049	0.459729	0.00584811	0.109184	0.0369359	0.000736829	0.00344684	0.00130451	0.00239069	0.00516286	0.0125113	0.307147	0.000194891	0.00972668
20	0.0479889	0.00668598	0.124538	0.218701	0.00650094	0.0387831	0.0272183	0.0261713	0.0689424	0.011887	0.0099129	0.0540826	0.00623881	0.109631	0.0555512	0.0872312	0.053173	0.0352178	0.00158808	0.00995646
21	0.0848765	0.00412698	0.0182247	0.0863979	0.0106586	0.0799354	0.00750546	0.011793	0.14672	0.0133815	0.0154319	0.0889927	0.00213104	0.0723679	0.0844065	0.226357	0.0344435	0.00958422	0.00080802	0.00185737
22	0.201931	0.0217478	0.0138207	0.0603363	0.029913	0.0439442	0.0275216	0.0533919	0.077387	0.0424383	0.0112594	0.0498137	0.00839584	0.0530805	0.0506192	0.118111	0.0467226	0.0750462	0.00354979	0.0109702
23	0.0932222	0.00418879	0.0185752	0.0867836	0.0117538	0.0844321	0.00666955	0.00861877	0.139472	0.0105559	0.0151263	0.0968322	0.0021379	0.0681131	0.0701915	0.247446	0.0295205	0.00430565	0.000573827	0.0014811
24	0.175879	0.0680341	0.0011931	0.00538232	0.0263764	0.0120731	0.00263511	0.183163	0.00510415	0.0614206	0.013209	0.00359881	0.00709172	0.0111877	0.00666398	0.0319091	0.0428644	0.331999	0.00461574	0.00559934
25	0.0618645	0.0091625	0.0425691	0.0869672	0.0113619	0.0216297	0.0252232	0.0298495	0.0706223	0.0454364	0.0198923	0.0443589	0.00851014	0.0856245	0.0952152	0.146079	0.108567	0.0811742	0.00233005	0.00356251
26	0.0119814	0.00569944	0.000218454	0.000677534	0.00673379	0.000497236	0.000343439	0.284794	0.00119277	0.0502833	0.00932227	0.00179439	0.000285762	0.000773889	0.000487683	0.00576597	0.00303987	0.615531	0.000160508	0.000416756
27	0.197614	0.0146235	0.0542978	0.0331544	0.00968754	0.125058	0.00859329	0.00850216	0.0175607	0.017038	0.00502719	0.081918	0.00153137	0.0186536	0.012491	0.324414	0.048329	0.0154785	0.000823244	0.00520469
28	0.0152566	0.0106066	0.00727217	0.00915781	0.157261	0.00518607	0.0132919	0.113326	0.00939185	0.33286	0.0606742	0.00425914	0.00202292	0.0154738	0.0214546	0.0116347	0.0265704	0.0659511	0.0152609	0.103088
29	0.0484218	0.00272018	0.00190943	0.0240677	0.00556451	0.00534455	0.00197686	0.248617	0.0133135	0.362292	0.0978153	0.0152799	0.0111724	0.013315	0.00377322	0.00582489	0.0269725	0.105942	0.00181656	0.00386086
30	0.218231	0.013555	0.0209697	0.0330019	0.00401243	0.0201241	0.0107623	0.021304	0.0413089	0.0354835	0.0275154	0.043416	0.0380713	0.0404176	0.0262774	0.236736	0.125615	0.0391274	0.000878658	0.0031926
31	0.124529	0.00553141	0.0197236	0.095309	0.00498631	0.141777	0.0220607	0.0104213	0.0842772	0.0134481	0.0249312	0.103463	0.00607734	0.0721594	0.0359716	0.182443	0.0383837	0.0104549	0.00175399	0.00229789
32	0.0243385	0.00649006	0.00466813	0.128396	0.00247022	0.00641117	0.00669607	0.0196175	0.235574	0.033647	0.0175076	0.0256683	0.00117596	0.106111	0.213526	0.0654194	0.0696486	0.0298287	0.00095536	0.00185068
33	0.230787	0.0625592	0.00618999	0.0055852	0.00896441	0.186491	0.00316772	0.0269331	0.00803103	0.102757	0.0193911	0.0178272	0.00223318	0.00502312	0.00731603	0.116375	0.0748674	0.106598	0.00270775	0.00619575
34	0.0388623	0.00971024	0.135361	0.199022	0.00816153	0.032645	0.0437117	0.0220154	0.0824887	0.0136859	0.0134774	0.060932	0.00854205	0.082495	0.0637778	0.0761614	0.064652	0.0335927	0.00179065	0.00891485
35	0.0119418	0.00562597	0.000217098	0.000675248	0.00668717	0.000497429	0.000354649	0.285065	0.00119319	0.0501103	0.00931885	0.00179465	0.00028571	0.000774584	0.000487793	0.00577885	0.00303574	0.615582	0.00014464	0.000429844
36	0.0154213	0.0501923	0.00150404	0.0961987	0.0130454	0.0048316	0.0747822	0.0600381	0.0966392	0.0163764	0.0127993	0.0316756	0.00179898	0.0816523	0.11237	0.0286458	0.113672	0.117045	0.00170231	0.0696091
37	0.01178	0.00231251	0.00111333	0.00248329	0.300433	0.00914444	0.0493325	0.0354575	0.0124508	0.0288516	0.0102022	0.00796242	0.00259448	0.00204797	0.013808	0.0191368	0.00821984	0.0199686	0.0350899	0.427611
38	0.0335823	0.00687574	0.180991	0.198341	0.00571607	0.0922389	0.0269365	0.0217207	0.0492376	0.00726389	0.00613441	0.0801129	0.0111418	0.0946659	0.0258185	0.0781098	0.0465459	0.0267515	0.00041074	0.00740431
39	0.633465	0.0389992	0.000649818	0.00704015	0.0109438	0.0442279	0.00128899	0.00828158	0.00312064	0.00438076	0.00120356	0.000783078	0.00616294	0.000857495	0.000850846	0.171273	0.0438764	0.0208102	0.00117923	0.00060467
40	0.111091	0.00901826	0.0300356	0.0776634	0.0063268	0.0169481	0.0145555	0.0224277	0.0740097	0.0304851	0.0267327	0.0457423	0.0222366	0.0491064	0.0590218	0.210111	0.14291	0.0478194	0.00101927	0.00273867
41	0.0269095	0.00793031	0.000739372	0.00556358	0.0423747	0.0031318	0.0121312	0.271505	0.00552316	0.282557	0.0553569	0.00173039	0.00625351	0.00200361	0.00775483	0.010052	0.0145545	0.221848	0.00708413	0.0149969
42	0.0315093	0.00268753	0.00101885	0.0193475	0.00342989	0.00446034	0.00126394	0.293977	0.00861648	0.363657	0.0840492	0.0202389	0.00856913	0.00812951	0.00173137	0.00344751	0.0186396	0.122946	0.000732248	0.00154888
43	0.0430308	0.0098006	0.0150871	0.0933274	0.00529417	0.0243181	0.0182855	0.0350211	0.105041	0.0426176	0.0244035	0.0401487	0.00307926	0.0812148	0.136571	0.134409	0.11239	0.0695363	0.00264601	0.00377778
44	0.00856119	0.00252273	0.00110594	0.0024644	0.319523	0.00924771	0.0627518	0.0436088	0.0149934	0.0277843	0.0112293	0.00924123	0.00123698	0.0021449	0.0170512	0.0176848	0.00763523	0.0228913	0.00127738	0.417044
45	0.0356683	0.0079605	0.282144	0.154548	0.00692783	0.0665154	0.0241849	0.0204081	0.0419223	0.00638235	0.00598465	0.0984954	0.00699854	0.073563	0.0232094	0.0730314	0.0419249	0.0218584	0.000455925	0.00781669
46	0.0774211	0.0317288	0.0016337	0.0121562	0.00193983	0.0164238	0.00197963	0.00568871	0.0159618	0.0185649	0.00176979	0.010437	0.587157	0.0116645	0.0226595	0.106964	0.0259217	0.0434492	0.000707819	0.005771
47	0.085213	0.00393438	0.272882	0.128753	0.01488	0.0660518	0.0152752	0.00509223	0.0150747	0.0174087	0.00280393	0.0974618	0.00233922	0.0562713	0.0110786	0.151186	0.0411905	0.00673724	0.000585722	0.00578061
48	0.304255	0.0266668	0.0112017	0.00814693	0.0075147	0.15403	0.00334879	0.0113423	0.0119658	0.0275263	0.00933023	0.0392413	0.00144607	0.00854812	0.00482425	0.261998	0.0731368	0.0288709	0.000476733	0.00612838
49	0.175014	0.0592723	0.000543525	0.00468896	0.0283589	0.0384754	0.00460423	0.134965	0.00439226	0.129288	0.0331879	0.00400193	0.0037596	0.0037618	0.0088182	0.0509827	0.0634173	0.230384	0.0125986	0.00948568
50	0.108335	0.0260941	0.000320544	0.000701611	0.0952053	0.0273843	0.00301698	0.199079	0.0031483	0.209937	0.0338338	0.000616498	0.00132785	0.00287388	0.00253222	0.0370152	0.0511495	0.18375	0.00460487	0.00907486
51	0.0841942	0.0589052	0.00137637	0.00360069	0.277958	0.00945523	0.00524171	0.0355267	0.00425902	0.274476	0.0872101	0.00403376	0.00268579	0.00398031	0.0055117	0.0521894	0.0192383	0.032833	0.0100001	0.0273243
52	0.293137	0.0294484	0.0111756	0.00759879	0.00909369	0.175245	0.00260461	0.0127556	0.0124375	0.0294987	0.0131949	0.0388998	0.00122453	0.0102502	0.00556334	0.22551	0.0807089	0.0348672	0.00046073	0.00632449
53	0.0392827	0.0102768	0.00030529	0.0052276	0.0139979	0.00537072	0.0017341	0.327981	0.00246181	0.149336	0.0417987	0.00180866	0.00180448	0.0017584	0.00282708	0.00637335	0.0281912	0.354829	0.000299159	0.00433607
54	0.0802366	0.0238677	0.0184935	0.0328196	0.00349683	0.017017	0.0071351	0.00955307	0.0318246	0.0199862	0.00633736	0.0230156	0.471669	0.0146871	0.0247942	0.136269	0.0317601	0.0386019	0.00141162	0.00702399
55	0.130629	0.0439406	0.000653465	0.00509348	0.033599	0.0187908	0.00372161	0.112106	0.00544433	0.116818	0.0360147	0.00408584	0.00638821	0.00413709	0.0173886	0.0688911	0.108636	0.275041	0.0020544	0.00656642
56	0.0284231	0.0148122	0.000423791	0.00252085	0.0838035	0.00186753	0.0044476	0.146223	0.00252459	0.401995	0.10266	0.000993501	0.00144441	0.00151769	0.00484314	0.0190182	0.0167642	0.135901	0.0174362	0.0123809
57	0.110997	0.0260219	0.000311784	0.000624548	0.0960559	0.0273612	0.00307346	0.200392	0.00288608	0.206267	0.033067	0.000568617	0.00118157	0.00271247	0.00243003	0.036511	0.0518212	0.185475	0.00439691	0.00784484
58	0.119281	0.0125394	0.00963059	0.0274025	0.00840594	0.159376	0.0146312	0.0380525	0.0628812	0.0263622	0.0460504	0.0716526	0.0337561	0.0331286	0.0306612	0.17337	0.0809239	0.0234744	0.0215534	0.00686654
59	0.0274512	0.0152297	0.000415123	0.00274367	0.0769764	0.00133104	0.00472395	0.150798	0.00231792	0.414088	0.0908134	0.000942691	0.00146387	0.00107333	0.00519949	0.0187674	0.0182184	0.135975	0.0182307	0.0132411
60	0.0238955	0.0138756	0.0305096	0.0413251	0.0943601	0.0110046	0.0349677	0.0155384	0.0361054	0.0426852	0.00822888	0.0806042	0.00610892	0.0174118	0.0702874	0.211165	0.132334	0.0166993	0.0525734	0.0603202
61	0.0280747	0.0162262	0.0012792	0.00313275	0.0728118	0.00138438	0.00555719	0.149037	0.00261621	0.407278	0.0823571	0.000930191	0.00141563	0.00154695	0.00709304	0.0191297	0.0210104	0.141181	0.0205481	0.0173906
62	0.109918	0.0234954	0.0249033	0.0737101	0.0168633	0.0463802	0.031384	0.0360524	0.0956916	0.0470684	0.0220807	0.0320809	0.0105252	0.0776214	0.156768	0.0843655	0.0384424	0.0475819	0.00851269	0.0165541
63	0.146962	0.0099817	0.0789077	0.0931411	0.00871675	0.0216379	0.0103574	0.0337777	0.0294496	0.0857184	0.0751633	0.0593706	0.0172569	0.0241055	0.0192051	0.165435	0.0809008	0.0317925	0.00239602	0.00572392
64	0.027391	0.0155414	0.000381652	0.00264	0.0794632	0.00130833	0.00479918	0.148388	0.00228076	0.413228	0.090004	0.00084822	0.00141983	0.00104618	0.00518897	0.0191479	0.0183397	0.136573	0.018538	0.013472
65	0.0504347	0.0100485	0.000526238	0.00797211	0.0174051	0.0054931	0.00150959	0.285018	0.00290035	0.258414	0.0536808	0.00496377	0.00248182	0.0033923	0.00290818	0.0074405	0.0292085	0.252682	0.00105361	0.00246713
66	0.00861476	0.0263481	0.00273235	0.0211754	0.0430995	0.0138647	0.00292062	0.0524057	0.0606344	0.210021	0.249459	0.0502784	0.00184796	0.0303404	0.0740573	0.0469111	0.0244731	0.0495099	0.0197635	0.0115419
67	0.0575551	0.0243322	0.00155476	0.00262012	0.348042	0.0175124	0.00245647	0.0486098	0.00373972	0.279005	0.0181078	0.00321401	0.00144769	0.00282126	0.0042873	0.00940057	0.00572243	0.0438144	0.117307	0.00844995
68	0.0515465	0.0143058	0.000317777	0.00668911	0.012671	0.00529731	0.00104822	0.28697	0.00196854	0.160707	0.0424796	0.00221739	0.000955242	0.00183821	0.00364183	0.00684481	0.0370256	0.360777	0.000450796	0.00224846
69	0.0270505	0.0197463	0.000785463	0.00249005	0.100845	0.0024226	0.00504338	0.137924	0.00233595	0.415535	0.0758237	0.00141798	0.00166487	0.00190254	0.00485712	0.0216118	0.0200931	0.12673	0.0143842	0.0173358
70	0.612905	0.0418461	0.000710008	0.00717008	0.0115632	0.0428105	0.00129876	0.00884355	0.00311974	0.00476111	0.00191535	0.00101892	0.00678314	0.00101335	0.00104561	0.175772	0.0497563	0.0257554	0.00114867	0.000763266
71	0.0158023	0.0446521	0.00863201	0.00364498	0.0171384	0.00944191	0.00365331	0.106571	0.00742586	0.0996398	0.00981689	0.00536485	0.00669064	0.00834087	0.00745021	0.124432	0.424988	0.0902776	0.0012786	0.00475858
72	0.0788889	0.0323053	0.00185521	0.00391728	0.0759671	0.0265244	0.00649326	0.150213	0.0057185	0.220754	0.0679345	0.00318809	0.0498464	0.00584462	0.00678026	0.0277984	0.033248	0.171505	0.00665739	0.0245614
73	0.0758121	0.0192529	0.000509437	0.00114155	0.188872	0.0136343	0.00345598	0.206767	0.00226929	0.200266	0.0364316	0.00169789	0.00123169	0.00202787	0.00232015	0.0209483	0.0367	0.175001	0.00302878	0.00863277
74	0.0306407	0.0247729	0.00192143	0.00351346	0.147275	0.0659116	0.00414246	0.138223	0.0165856	0.175152	0.0184604	0.00389049	0.00268006	0.0150161	0.00589384	0.0485609	0.0353866	0.185699	0.0264033	0.0498709
75	0.132934	0.0469692	0.00140377	0.00450884	0.0270073	0.020807	0.00345339	0.148572	0.00377583	0.12727	0.0230296	0.00356395	0.0227014	0.00505329	0.00808943	0.0441702	0.0570539	0.308628	0.00396907	0.00703907
76	0.329298	0.0354025	0.00493236	0.00662589	0.00503979	0.32961	0.00431397	0.0106339	0.00660793	0.0212083	0.00956627	0.0155524	0.0014756	0.00340892	0.00301727	0.157804	0.032892	0.017155	0.000625893	0.00483087
77	0.0372117	0.00427036	0.00734749	0.00312066	0.0398374	0.0244765	0.0511366	0.00622776	0.148054	0.0436118	0.00449393	0.0689344	0.00144003	0.027536	0.361206	0.05275	0.00757587	0.00595603	0.0602759	0.0445373
78	0.0145203	0.0100683	0.00240037	0.00858642	0.0339765	0.0224781	0.19618	0.0369652	0.166083	0.0226135	0.00652048	0.00927721	0.020752	0.055561	0.174433	0.0181391	0.0569916	0.0580897	0.00795656	0.078408
79	0.0436496	0.0252824	0.00090414	0.00241377	0.145671	0.00928955	0.00408792	0.212951	0.00277038	0.262608	0.0471577	0.00228265	0.00221264	0.00321915	0.00347727	0.0174146	0.0243655	0.161058	0.0106717	0.0185132
80	0.00857804	0.00254851	0.0011197	0.00239917	0.318543	0.00925446	0.0631675	0.0443314	0.0153246	0.0281735	0.0114144	0.0093517	0.00122598	0.00208375	0.0170106	0.0180417	0.00765591	0.0234831	0.00119818	0.415095
81	0.0301515	0.00746491	0.000657235	0.013172	0.0213238	0.00515864	0.0129194	0.192323	0.0626025	0.129034	0.0377625	0.000995238	0.0225636	0.018168	0.0757227	0.0286686	0.0341133	0.288552	0.00544536	0.0132017
82	0.172863	0.00903914	0.0292354	0.0447061	0.00425044	0.0464606	0.0220324	0.0141487	0.0652789	0.0344619	0.0330319	0.0700549	0.0286802	0.0508952	0.0322545	0.193448	0.106949	0.0381285	0.000711974	0.00336925
83	0.641144	0.0235951	0.000521975	0.0051648	0.0124296	0.0445119	0.00116822	0.00565599	0.00204156	0.0042527	0.00113366	0.00120893	0.00576439	0.00149847	0.000735267	0.207276	0.0269846	0.0126327	0.00173846	0.000540614
84	0.0251643	0.00234273	0.00122793	0.00241863	0.201213	0.0106203	0.00197709	0.00420591	0.00322448	0.0413021	0.0105159	0.00250341	0.00883675	0.0021707	0.00289431	0.0252489	0.00855583	0.0128633	0.22187	0.410845
85	0.0404598	0.00713705	0.00832749	0.00635092	0.0193272	0.0232288	0.0554099	0.0091625	0.243829	0.0275632	0.00799186	0.0436907	0.00171548	0.0430341	0.363076	0.0346162	0.0154902	0.00504519	0.0198436	0.0247007
86	0.412485	0.00732694	0.00730027	0.00715407	0.0121691	0.0410459	0.00498559	0.00539511	0.00525959	0.00536757	0.00206625	0.0261825	0.00510052	0.0104852	0.00277954	0.418522	0.013847	0.00681973	0.00201343	0.00369492
87	0.151363	0.00956941	0.00462108	0.0096291	0.0047362	0.0283536	0.00532639	0.0267354	0.0144495	0.0125078	0.0650731	0.0464341	0.00494261	0.00652003	0.0210933	0.363488	0.15567	0.0528424	0.00143771	0.0152073
88	0.233953	0.0216259	0.00506414	0.0186428	0.00544067	0.0249172	0.00561685	0.0358496	0.0132512	0.0451468	0.0448629	0.0108174	0.0886706	0.0133678	0.0122414	0.18697	0.178458	0.0496392	0.00208777	0.00337708
89	0.0658289	0.0130795	0.00424306	0.00534928	0.0107156	0.0691335	0.00369044	0.0131378	0.00790471	0.0421244	0.00587454	0.0693167	0.00382607	0.00484281	0.00635324	0.343952	0.290004	0.0355168	0.00146046	0.00364662
90	0.0409385	0.0146212	0.00452369	0.010876	0.0555293	0.0109413	0.00754057	0.150303	0.0166169	0.292277	0.144138	0.0110429	0.00404436	0.0113044	0.0182509	0.0319763	0.0295061	0.117081	0.00980997	0.0186789
91	0.0799692	0.00997479	0.155847	0.0959911	0.00524523	0.0286591	0.0181318	0.0112736	0.0373003	0.0156757	0.0116499	0.0639276	0.194575	0.0319904	0.0222985	0.150024	0.0362663	0.0234856	0.000809521	0.0069057
92	0.103756	0.0297785	0.00239586	0.00662091	0.0713986	0.0212119	0.00631494	0.107677	0.011154	0.117502	0.0349718	0.00655649	0.00395772	0.00579216	0.0185924	0.0744654	0.14496	0.202477	0.00331984	0.0270979
93	0.0305331	0.0148043	0.00256749	0.0042783	0.10382	0.005491	0.00524222	0.186897	0.00338143	0.351214	0.0629678	0.00205798	0.00161682	0.00551889	0.00602183	0.0161196	0.023672	0.134522	0.0131243	0.0261493
94	0.0119418	0.00562597	0.000217098	0.000675248	0.00668717	0.000497429	0.000354649	0.285065	0.00119319	0.0501103	0.00931885	0.00179465	0.00028571	0.000774584	0.000487793	0.00577885	0.00303574	0.615582	0.00014464	0.000429844
95	0.187116	0.0506655	0.00103808	0.00546623	0.0320698	0.0359777	0.0047762	0.096096	0.00425981	0.0828154	0.0791412	0.00624648	0.00830348	0.00461091	0.0135911	0.0841933	0.102697	0.190664	0.00409252	0.006179
96	0.0266503	0.0149586	0.000437006	0.00272758	0.0772873	0.00132419	0.0044598	0.148453	0.00239986	0.415111	0.0962525	0.00103786	0.00146378	0.00117889	0.00496856	0.0188712	0.0179796	0.133846	0.0178308	0.0127629
97	0.259202	0.0234593	0.0109033	0.0130762	0.00704189	0.134814	0.00621824	0.0166991	0.0190178	0.0277303	0.0145992	0.0346367	0.00789502	0.0179135	0.0108339	0.210842	0.133462	0.0437863	0.000774689	0.0070948
98	0.0877369	0.0249137	0.00562204	0.0120011	0.00856932	0.023408	0.00735703	0.0496228	0.0134892	0.042807	0.012039	0.027555	0.0146276	0.0091617	0.011327	0.309266	0.288165	0.045609	0.00187827	0.00484466
99	0.0274685	0.00778685	0.00132763	0.00288469	0.0108215	0.041039	0.00196941	0.00876077	0.00355252	0.0363783	0.00281653	0.0604379	0.00264656	0.00251424	0.00363849	0.414135	0.334005	0.0347216	0.000941297	0.00215453
100	0.167337	0.0655941	0.000643186	0.0056646	0.0181268	0.0244105	0.00329537	0.126482	0.00426596	0.0751888	0.019981	0.00468476	0.00778232	0.00554781	0.00968757	0.0578651	0.0774693	0.315104	0.00544431	0.00542556
101	0.639797	0.0248803	0.000522428	0.00538819	0.012133	0.0441777	0.00119178	0.00585898	0.00209777	0.00427864	0.00109296	0.00130087	0.00590251	0.00140468	0.000734659	0.205213	0.0283604	0.0134603	0.00161736	0.000587123
102	0.0246847	0.00232124	0.00123147	0.00247796	0.208896	0.0102817	0.00323142	0.00492617	0.00328461	0.0398443	0.0102274	0.00260717	0.00911252	0.00208756	0.00317009	0.0249312	0.00876069	0.0124266	0.21161	0.413887
103	0.110378	0.0266561	0.000344731	0.000699059	0.103328	0.0253392	0.00290625	0.199858	0.00269869	0.202291	0.0314892	0.00064747	0.00110702	0.00222467	0.00249993	0.0389314	0.0581009	0.180518	0.00340612	0.00657551
104	0.0214605	0.00239474	0.00121635	0.00308533	0.261321	0.00902693	0.0303788	0.0226281	0.00839286	0.0316777	0.00974014	0.00621056	0.00492404	0.00247434	0.00938069	0.0257948	0.0133585	0.0162406	0.0912736	0.429021
105	0.182229	0.0262036	0.0144069	0.0155332	0.00866248	0.257004	0.00873792	0.0166785	0.0204072	0.0529663	0.0162676	0.0449099	0.00301546	0.0144402	0.0178333	0.206452	0.0547816	0.0299221	0.00221754	0.00733129
106	0.0655696	0.0676759	0.00110244	0.00304661	0.0655672	0.00757137	0.00277679	0.171587	0.00289694	0.174045	0.0152466	0.00197323	0.00314262	0.00430983	0.00345945	0.0162627	0.0310305	0.34966	0.00890679	0.00416899
107	0.0260492	0.0494009	0.0256119	0.00534873	0.0116809	0.0208615	0.00496459	0.0954829	0.00980491	0.100424	0.00993325	0.00649332	0.0080004	0.0205681	0.00901101	0.0909282	0.344895	0.152631	0.00227649	0.00563371
108	0.0213648	0.025709	0.00347233	0.00473805	0.188729	0.0107278	0.00964631	0.122353	0.00533914	0.265449	0.059075	0.00421684	0.0034468	0.0082934	0.00725261	0.0204082	0.0343664	0.117321	0.00941539	0.0786764
109	0.02003	0.0112989	0.00623366	0.00927152	0.184596	0.00915975	0.0163888	0.09513	0.0139867	0.299928	0.0587187	0.00718312	0.00227136	0.0149672	0.0306934	0.0166425	0.0251723	0.0603997	0.0163579	0.101571
110	0.0353938	0.00562244	0.414204	0.150204	0.00868575	0.031975	0.0129914	0.012249	0.0298408	0.00558048	0.0127233	0.123623	0.00285535	0.0398885	0.0235262	0.0474158	0.0244906	0.0124499	0.00113021	0.00514932
111	0.171625	0.0136879	0.0183321	0.0300064	0.00567174	0.043482	0.011209	0.0200356	0.0435532	0.0297716	0.023627	0.0496853	0.0168542	0.024684	0.0256444	0.261749	0.150439	0.0519657	0.00142542	0.00655191
112	0.183489	0.0475302	0.00310746	0.0205541	0.00342147	0.0095721	0.00367903	0.0350162	0.00647488	0.0229542	0.012942	0.00932548	0.0563814	0.00646096	0.00858724	0.281165	0.222715	0.063593	0.000755934	0.00227451
113	0.182839	0.0507419	0.00207174	0.017138	0.00382048	0.00908306	0.0037445	0.039579	0.00508422	0.0252816	0.0137774	0.00810282	0.0557019	0.00511186	0.00769129	0.266521	0.229743	0.0707135	0.000885446	0.00236853
114	0.049767	0.020936	0.00258302	0.011221	0.0546346	0.013754	0.00764313	0.114174	0.0285467	0.204455	0.124114	0.0141408	0.00749031	0.0128437	0.0478825	0.050795	0.0483405	0.160115	0.0106531	0.0159106
115	0.0263391	0.0143735	0.000595486	0.00459335	0.054238	0.00380504	0.00263531	0.272957	0.00332868	0.319337	0.067314	0.00430711	0.0024184	0.00274974	0.00369813	0.010204	0.0158922	0.179062	0.00592403	0.00622765
116	0.0162122	0.00976724	0.000491053	0.00104421	0.113008	0.0013958	0.00166765	0.335851	0.00118074	0.272195	0.0410932	0.00148549	0.00090122	0.00158867	0.00132461	0.00326249	0.00395	0.191295	0.000888613	0.0013992
117	0.114464	0.0211712	0.00205945	0.00479063	0.04585	0.0485271	0.0041057	0.0964479	0.00572945	0.0995059	0.109278	0.00632381	0.00358948	0.00318168	0.0232479	0.0985976	0.195075	0.109064	0.00127348	0.00771764
118	0.0139163	0.0133368	0.00728985	0.00895697	0.173631	0.0048041	0.0111962	0.111962	0.00645867	0.340706	0.0605472	0.00407863	0.00185014	0.0149204	0.0122433	0.00959107	0.0277934	0.0644817	0.01415	0.0980859
119	0.0118339	0.00555829	0.000210915	0.000711001	0.00636698	0.000571882	0.000425107	0.307286	0.00162996	0.0513624	0.00897861	0.00171328	0.000377333	0.00081272	0.000536023	0.00579029	0.00351732	0.591643	0.000155583	0.00051948
120	0.100793	0.0613931	0.00249311	0.00739232	0.00619586	0.0205111	0.00774516	0.0391517	0.00760025	0.0544364	0.0122351	0.0412319	0.0102924	0.00807624	0.0221165	0.402913	0.129639	0.0572551	0.00348645	0.00504207
121	0.0256144	0.020306	0.00112524	0.00298826	0.137863	0.00347615	0.00546243	0.118768	0.00248007	0.403136	0.0740979	0.00185534	0.00194995	0.00248719	0.00500972	0.0221279	0.0189591	0.110805	0.0179102	0.0235776
122	0.0605743	0.00793548	0.0318856	0.0120348	0.00542213	0.618357	0.00670694	0.00990018	0.014104	0.0154468	0.00677663	0.0711656	0.00637498	0.00492802	0.00768179	0.0656515	0.0371031	0.0136365	0.000650543	0.00366397
123	0.0410211	0.00915966	0.0113121	0.0109269	0.0103118	0.0163907	0.0440226	0.00913061	0.267073	0.0243756	0.00783348	0.0378977	0.00170731	0.0542838	0.365776	0.0354722	0.0218013	0.00601726	0.00971524	0.0157718
124	0.0251643	0.00234273	0.00122793	0.00241863	0.201213	0.0106203	0.00197709	0.00420591	0.00322448	0.0413021	0.0105159	0.00250341	0.00883675	0.0021707	0.00289431	0.0252489	0.00855583	0.0128633	0.22187	0.410845
125	0.0246241	0.0116266	0.00560103	0.011889	0.0321112	0.00869297	0.0042758	0.12553	0.0207187	0.323253	0.256288	0.0149718	0.00379291	0.0121653	0.0198832	0.0233413	0.0189551	0.0636529	0.0090046	0.00962319
126	0.0651133	0.0137613	0.0765048	0.164764	0.0392491	0.0310798	0.0311812	0.0297221	0.0992273	0.0326597	0.0192266	0.0451087	0.00906392	0.0649541	0.0723235	0.0887021	0.0544201	0.0403673	0.00524691	0.0173242
127	0.100017	0.0352047	0.00490572	0.0111073	0.0115514	0.0675997	0.0444434	0.0614904	0.0202322	0.0394988	0.00612231	0.110164	0.00337788	0.0438786	0.0227521	0.296258	0.0465232	0.0552709	0.00212971	0.0174727
128	0.0272471	0.00620169	0.0010395	0.0104499	0.0183361	0.00544259	0.0113942	0.209662	0.0599495	0.128624	0.0449054	0.00106338	0.0190986	0.0141502	0.0745231	0.0251257	0.0333266	0.293675	0.0045417	0.0112432
129	0.348444	0.0242782	0.0213381	0.041467	0.00937591	0.0377951	0.00873263	0.0186683	0.0256136	0.021962	0.0135291	0.0236541	0.016775	0.0194653	0.0199654	0.203819	0.101232	0.0385044	0.00172912	0.00365062
130	0.0384404	0.00611383	0.0117868	0.0100853	0.00428696	0.0127045	0.0271701	0.00580638	0.319947	0.0205268	0.00655957	0.027017	0.000707248	0.0590035	0.389023	0.0269432	0.0197555	0.00307209	0.00230822	0.00874257
131	0.112128	0.00672804	0.0046768	0.0263466	0.00520843	0.355249	0.0109983	0.00969713	0.0663212	0.0260916	0.0156615	0.0627142	0.00401194	0.0449729	0.0615774	0.148981	0.0220558	0.0101547	0.00193444	0.00449126
132	0.0509562	0.008933	0.00981966	0.0763396	0.00420491	0.0105635	0.0237237	0.0128427	0.262758	0.025662	0.0117317	0.0249807	0.00299777	0.0942316	0.267591	0.0486149	0.0405376	0.0172304	0.00138366	0.0048971
133	0.423951	0.0270233	0.00662535	0.0118219	0.0089319	0.0637957	0.00544276	0.0155244	0.0126004	0.018529	0.0102138	0.017742	0.0116631	0.00991226	0.00921189	0.206885	0.0949571	0.0395999	0.00173139	0.00383857
134	0.237636	0.0332305	0.0113535	0.00949488	0.00835222	0.169672	0.00535117	0.0146294	0.0134197	0.0343588	0.0100041	0.0508944	0.00211322	0.00964798	0.00933935	0.258239	0.0829523	0.0319954	0.000896195	0.00642019
135	0.0765525	0.00585405	0.190768	0.261284	0.00401521	0.019261	0.014644	0.0140184	0.0775318	0.00368946	0.00623574	0.0511851	0.00326222	0.100278	0.0352087	0.07689	0.0344892	0.014808	0.000469095	0.00955633
136	0.535773	0.0265029	0.00251539	0.0078405	0.00989685	0.0441122	0.0029042	0.0108065	0.00586467	0.0103576	0.00525279	0.00911207	0.00861207	0.00448228	0.00422761	0.227304	0.0488008	0.0318046	0.00170278	0.00212728
137	0.0389949	0.00767933	0.00087606	0.0110369	0.0287413	0.0047098	0.00248113	0.242985	0.00525856	0.379014	0.0822618	0.00893549	0.00471019	0.00579593	0.00297708	0.00918827	0.0196396	0.133513	0.00595941	0.00524233
138	0.176222	0.0100654	0.0189803	0.0301017	0.00390719	0.0491828	0.0094483	0.019181	0.0390382	0.0177078	0.0179064	0.0405957	0.0123183	0.0176116	0.0276132	0.321204	0.149701	0.0313456	0.00071185	0.00715865
139	0.0415298	0.00657233	0.0130136	0.00748252	0.00276026	0.0130769	0.0258924	0.00538474	0.326723	0.0201032	0.00643913	0.025698	0.000774738	0.058849	0.390309	0.0268681	0.0188765	0.0022782	0.000479262	0.00688926
140	0.0359101	0.0167141	0.00324968	0.00532157	0.107199	0.0046439	0.00593157	0.13079	0.00586486	0.380415	0.0967888	0.00379925	0.00185254	0.00738255	0.0100018	0.0203025	0.0202746	0.0978746	0.0139223	0.0317614
141	0.0353116	0.00266555	0.00120134	0.0171934	0.00445145	0.00587185	0.00123853	0.278404	0.00806196	0.368615	0.100077	0.015132	0.00698404	0.00943621	0.00186043	0.00361601	0.0201056	0.117403	0.000787139	0.00158487
142	0.0365835	0.00735251	0.1698	0.190053	0.00587893	0.0923967	0.0256715	0.0207648	0.0555669	0.00755491	0.00649749	0.0813529	0.0109631	0.0938817	0.0280169	0.0898491	0.0452077	0.0251773	0.00044082	0.00699039
143	0.113073	0.0484255	0.00415872	0.00876697	0.0862836	0.0184474	0.00743089	0.0303387	0.0081057	0.309185	0.155159	0.00789253	0.00367953	0.00724619	0.0130693	0.0896472	0.0342866	0.0362622	0.00607074	0.0124713
144	0.210746	0.0320293	0.00185197	0.00374115	0.00362259	0.0167674	0.0285454	0.0335765	0.0596391	0.00765153	0.00504456	0.00411076	0.0017971	0.0418833	0.0184648	0.0498828	0.356212	0.0847154	0.00130804	0.0384101
145	0.0773869	0.0317284	0.00157436	0.0121153	0.00194147	0.0164137	0.00197072	0.00570527	0.0159319	0.018569	0.0017679	0.0104129	0.587442	0.0116593	0.0227145	0.106837	0.0258806	0.0434659	0.0006986	0.0057841
146	0.148353	0.0103685	0.0392632	0.0598236	0.0046906	0.018612	0.0157448	0.0158491	0.063338	0.0322331	0.0280718	0.0461725	0.041769	0.0384225	0.0361798	0.219352	0.135769	0.0421974	0.00078415	0.00300567
147	0.0428162	0.0143023	0.103471	0.150907	0.0102862	0.0130968	0.0420092	0.017819	0.0976438	0.0224564	0.0236528	0.0524873	0.0178606	0.0555042	0.0738478	0.106003	0.109325	0.0395548	0.00266907	0.00428774
148	0.466679	0.0439785	0.00436412	0.00733806	0.00932537	0.106698	0.00315232	0.0158523	0.00726945	0.0227702	0.00730366	0.0126341	0.00677215	0.00373214	0.0044312	0.160364	0.0725018	0.0389933	0.00129739	0.00454256
149	0.0685079	0.0307471	0.00347086	0.003963	0.0141589	0.00877522	0.00446736	0.112811	0.016388	0.139731	0.048813	0.012803	0.00236151	0.00506474	0.0362799	0.0649606	0.261039	0.140429	0.00114086	0.0240874
150	0.0153289	0.00674929	0.000477426	0.00274294	0.0560117	0.00314802	0.0025504	0.373651	0.00250218	0.246277	0.0444674	0.00221641	0.00236254	0.00176952	0.00161862	0.00331599	0.00673215	0.223531	0.000350497	0.00419716
151	0.0436134	0.0195466	0.0446769	0.125788	0.0183927	0.0105944	0.0512948	0.0266275	0.113335	0.034084	0.0204327	0.0485932	0.00707099	0.0578317	0.117114	0.0777136	0.108944	0.0569922	0.0031688	0.0141852
152	0.0202983	0.0059362	0.000822337	0.13465	0.00163354	0.00163746	0.00308191	0.014679	0.273988	0.0288558	0.0144335	0.0199719	0.000698913	0.117439	0.234216	0.0462584	0.0592377	0.0205478	0.000467883	0.00114602
153	0.0365556	0.0180813	0.0114573	0.105106	0.00572719	0.0290973	0.0176335	0.0421383	0.0908018	0.0430031	0.0259961	0.0451491	0.00259978	0.0830563	0.118523	0.115759	0.104008	0.0872099	0.006456	0.0116415
154	0.017662	0.00327795	0.000307531	0.00282666	0.0143666	0.00436509	0.00400595	0.442312	0.00635355	0.109879	0.0361438	0.000851848	0.00302899	0.00145099	0.00260514	0.00575095	0.0153158	0.320162	0.000187063	0.00914704
155	0.0866644	0.0113728	0.0953084	0.083525	0.00293735	0.00891708	0.0166796	0.00593387	0.0340885	0.0146432	0.011124	0.0513684	0.338148	0.00877694	0.018808	0.167677	0.0134595	0.0214567	0.000958951	0.00815222
156	0.121876	0.0297061	0.000642078	0.00259329	0.0671957	0.0273429	0.00286935	0.161523	0.00458943	0.151269	0.0411413	0.00258633	0.00233439	0.00301067	0.0103468	0.063313	0.10185	0.195863	0.00209313	0.00785497
157	0.0702838	0.0050947	0.274424	0.166174	0.0109524	0.0515374	0.0156508	0.00849205	0.0327495	0.0123136	0.0035223	0.0860726	0.00368504	0.0678516	0.0177508	0.116848	0.0411667	0.00896316	0.000535177	0.00593339
158	0.0289397	0.00682998	0.0102979	0.0212633	0.076802	0.00720331	0.011396	0.0931423	0.00893856	0.380015	0.089998	0.00516152	0.00238913	0.0288998	0.0176673	0.017303	0.0305103	0.0461862	0.0147837	0.102273
159	0.0216517	0.00872535	0.000321218	0.0029915	0.0375601	0.00381251	0.00217549	0.341981	0.00266106	0.185957	0.0397376	0.00155739	0.00200484	0.00319614	0.00252134	0.00499045	0.0136713	0.319317	0.000575115	0.0045921
160	0.0352555	0.00711021	0.0986965	0.183673	0.00720273	0.0150336	0.163283	0.0142317	0.0734418	0.0272911	0.00729704	0.0426606	0.00469287	0.126854	0.0466942	0.0859887	0.0293726	0.0229449	0.00214546	0.00613074
161	0.0483264	0.00437717	0.00169416	0.0425143	0.00563826	0.00415314	0.00424714	0.13196	0.1233	0.0432037	0.00693976	0.00299275	0.1393	0.0354191	0.0869187	0.0412457	0.0508372	0.220057	0.00256739	0.00430842
162	0.0193876	0.00192179	0.0419786	0.0120239	0.00362678	0.692714	0.00931438	0.00719419	0.0118438	0.00457758	0.0021865	0.107016	0.00591295	0.00216474	0.00890476	0.0437478	0.0165265	0.00658514	0.000482964	0.00188982
163	0.0616542	0.0135989	0.156226	0.131597	0.0101674	0.0313264	0.0252497	0.0239411	0.0652723	0.032672	0.0345616	0.0593191	0.0123759	0.0510354	0.0512417	0.0978797	0.086164	0.0472025	0.00232547	0.00619001
164	0.0282994	0.00367837	0.00138874	0.00576617	0.0385042	0.00482706	0.00418738	0.304254	0.0345179	0.0867571	0.0173019	0.00250831	0.00344251	0.0044982	0.0268909	0.0186972	0.0726366	0.281814	0.00268363	0.0573463
165	0.0173257	0.00390685	0.000391627	0.00321848	0.0293251	0.00527116	0.00376886	0.404605	0.00380043	0.179366	0.0455129	0.00135204	0.00338527	0.00168366	0.00217252	0.00399019	0.0107142	0.272172	0.000230861	0.00780671
166	0.0216301	0.00552055	0.00167021	0.0316557	0.0207168	0.0048102	0.00745138	0.164751	0.0695507	0.112196	0.0220251	0.00264151	0.0152274	0.0155874	0.146795	0.0342553	0.0372454	0.264151	0.00632966	0.01579
167	0.0136788	0.0050601	0.00025328	0.00148584	0.00943047	0.00172926	0.00128024	0.329321	0.00208773	0.0728955	0.0200555	0.00143098	0.00108551	0.00100491	0.000980975	0.00591007	0.00623288	0.52328	0.000161474	0.00263542
168	0.0296072	0.0070673	0.000938765	0.0117964	0.0211084	0.00491406	0.0134034	0.192305	0.060752	0.132597	0.0388385	0.00100338	0.0236164	0.0163661	0.0734916	0.027564	0.0332975	0.293614	0.00512662	0.0125916
169	0.0830644	0.0332571	0.00475768	0.0188092	0.00535852	0.0266304	0.00797074	0.0089219	0.0235314	0.0206746	0.00435118	0.0139681	0.491187	0.0211617	0.0391155	0.107896	0.0336414	0.0403371	0.00267102	0.0126943
170	0.196685	0.0240852	0.015716	0.0133853	0.00846148	0.299458	0.00771131	0.0183467	0.0161642	0.0379509	0.0114605	0.0545113	0.00331354	0.0120265	0.0141119	0.164767	0.0558772	0.0376769	0.00122317	0.00706669
171	0.198025	0.0144298	0.0495626	0.066578	0.00483439	0.0369187	0.00981693	0.0156184	0.0417527	0.0360008	0.0294614	0.0360719	0.0284723	0.0270726	0.0220587	0.220508	0.125149	0.0331145	0.00116522	0.00338865
172	0.0413716	0.00629227	0.0118195	0.00803178	0.00456911	0.0144002	0.028708	0.00563228	0.310939	0.0208661	0.00673677	0.0290778	0.000647809	0.0590453	0.388397	0.0299661	0.0191977	0.00308224	0.00275515	0.00846356
173	0.0160039	0.00290406	0.00036216	0.00321931	0.0220772	0.00495294	0.0045617	0.424907	0.00473625	0.134856	0.0434318	0.000926431	0.00441002	0.00162586	0.00284992	0.00453036	0.0114005	0.302643	0.000235111	0.00936637
174	0.077748	0.0294508	0.00556719	0.018372	0.00198597	0.015313	0.00292067	0.00592037	0.0173596	0.0189807	0.00226446	0.0124849	0.571993	0.0111924	0.0228502	0.111105	0.0246117	0.0433225	0.000819148	0.00573809
175	0.0514264	0.0127233	0.231598	0.110233	0.0132736	0.0347645	0.025795	0.0294478	0.0537665	0.0277875	0.0150516	0.0784662	0.00740001	0.0514076	0.0673223	0.0695753	0.052045	0.0534076	0.0032653	0.011244
176	0.276453	0.0312341	0.00735143	0.00689813	0.00489829	0.352065	0.00377223	0.0103891	0.00954927	0.0296898	0.0106439	0.022658	0.00111621	0.00480902	0.005686	0.155517	0.0378662	0.0204926	0.000529449	0.00838226
177	0.0133854	0.00395663	0.00212682	0.0553041	0.0356294	0.00453315	0.00463937	0.145569	0.0430506	0.0494491	0.00726733	0.00408383	0.00420351	0.00632248	0.174455	0.0393693	0.075492	0.296223	0.00221536	0.0327245
178	0.0130834	0.00569817	0.000241916	0.00104377	0.00921036	0.00110034	0.000691737	0.29451	0.00135994	0.0636714	0.0135464	0.00159605	0.000786133	0.000920511	0.000674929	0.00547871	0.00421148	0.580654	0.00018822	0.00133276
179	0.0527705	0.0152021	0.000334717	0.0068956	0.0116431	0.00507892	0.000952475	0.279206	0.00219514	0.160161	0.0422781	0.00241031	0.000771352	0.00184689	0.00425971	0.00680292	0.0403214	0.364526	0.00049418	0.00185014
180	0.0767391	0.0230606	0.0229635	0.115285	0.0735011	0.0262492	0.041028	0.0267598	0.0463414	0.0211961	0.0075771	0.01751	0.0180868	0.0856323	0.11254	0.0990198	0.0616734	0.0169427	0.0294373	0.0784562
181	0.0644208	0.005686	0.052276	0.0485917	0.00569056	0.429537	0.00998895	0.0123645	0.0242096	0.0132458	0.00820118	0.0795791	0.00771075	0.0241467	0.0148605	0.11651	0.0612901	0.0173732	0.000946718	0.0033708
182	0.062724	0.00417929	0.0227672	0.107534	0.00467533	0.00633904	0.0949292	0.0498704	0.0261377	0.022737	0.00534927	0.11683	0.014334	0.1341	0.0217718	0.190909	0.0964504	0.0128655	0.00184331	0.00365334
183	0.0661739	0.00735887	0.00195533	0.00544828	0.00739614	0.0409699	0.00305227	0.0132547	0.00802398	0.02559	0.00894414	0.0483273	0.00348994	0.00250353	0.00703239	0.418112	0.291718	0.0352896	0.000900399	0.00445948
184	0.145837	0.0632417	0.000721845	0.0055092	0.0211737	0.0115303	0.0026533	0.129355	0.00422729	0.0823105	0.0142988	0.00367771	0.0109743	0.00753233	0.00925836	0.0471624	0.072281	0.361	0.00328999	0.00396477
185	0.049562	0.0179362	0.346788	0.0677138	0.0261904	0.0408856	0.0201559	0.0153627	0.025358	0.0186679	0.00865256	0.116125	0.00401859	0.0287775	0.0264859	0.10737	0.0520762	0.016652	0.00394333	0.0072788
186	0.0554072	0.0154901	0.0664736	0.150127	0.00984395	0.032996	0.0292515	0.0334607	0.0772787	0.0284443	0.0159517	0.0462944	0.010021	0.0882512	0.0755171	0.0884692	0.0905885	0.067949	0.00339141	0.0147933
187	0.470912	0.0306257	0.00527418	0.0119576	0.00921774	0.0895798	0.00363442	0.00885979	0.00757153	0.0113501	0.00390271	0.0164932	0.00440253	0.0053565	0.00459971	0.254303	0.0395943	0.0178011	0.00127005	0.00329411
188	0.0239812	0.014822	0.00269469	0.00470227	0.0902974	0.00245791	0.00798899	0.139969	0.00348867	0.388292	0.0882298	0.00133366	0.00164661	0.00577275	0.00779955	0.0176974	0.0215554	0.120994	0.0201205	0.0361556
189	0.0154618	0.00224454	0.000390396	0.00306152	0.0192605	0.00538384	0.00492815	0.439258	0.0053375	0.129177	0.0449534	0.000988123	0.00457936	0.00159216	0.00253515	0.00454418	0.01191	0.293583	0.000196729	0.0106145
190	0.104699	0.028323	0.00815213	0.01868	0.008076	0.0175566	0.00763651	0.0354442	0.0169829	0.0530252	0.0158753	0.0245308	0.0486826	0.0125488	0.0121949	0.280074	0.253281	0.0489483	0.00153973	0.00374862
191	0.0549185	0.00387912	0.00182415	0.0458652	0.00387219	0.00405844	0.00348154	0.12746	0.130077	0.0324989	0.00572712	0.00319681	0.163702	0.032836	0.0664506	0.0428741	0.055496	0.216992	0.00185345	0.00293712
192	0.0160681	0.00164128	0.037171	0.00927585	0.00380274	0.74067	0.00636652	0.00681531	0.0114025	0.00355248	0.00203905	0.0865424	0.0063653	0.00112162	0.00583883	0.0362547	0.0168011	0.00622459	0.000340783	0.00170558
193	0.0976834	0.00398259	0.29062	0.114838	0.0212214	0.0592062	0.0129069	0.00549063	0.010742	0.0163099	0.00481006	0.093403	0.00183128	0.046453	0.0097603	0.158779	0.0399544	0.00578912	0.000799143	0.00541896
