322	20
1	0.0152918	0.00267444	0.000190567	0.00146095	0.00127245	0.000463636	0.000182208	0.430271	0.000328495	0.196922	0.0382656	0.000967519	0.00157397	0.00100136	0.00141299	0.00350027	0.0129283	0.287932	0.00131204	0.00204842
2	0.0158636	0.00734446	0.000328665	0.000672917	0.0696552	0.00373535	0.00147239	0.0889712	0.000815607	0.6681	0.0638026	0.000628648	0.00232293	0.00157912	0.000670993	0.00363287	0.0106052	0.0490479	0.00164728	0.00910337
3	0.0254936	0.00682604	0.000259083	0.000351296	0.0541929	0.00471066	0.000245912	0.38644	0.00225963	0.255087	0.0805351	0.000294477	0.00284834	0.000940085	0.000281351	0.00471613	0.0223351	0.146754	0.00317204	0.00225681
4	0.297148	0.0216357	0.000330613	0.000496193	0.0501576	0.111398	0.000256487	0.156471	0.000479451	0.134423	0.018888	0.000720028	0.000270797	0.000473045	0.000398479	0.0203515	0.0140202	0.171119	0.000151191	0.000811887
5	0.525055	0.0251427	0.00289998	0.00134459	0.0014966	0.0511898	0.000429704	0.0136808	0.00273921	0.00275911	0.00281962	0.00775404	0.00122941	0.0012304	0.000603948	0.238453	0.0634496	0.0567751	0.000312951	0.000634555
6	0.380635	0.0137646	0.00394824	0.00752895	0.00894041	0.233126	0.00105607	0.0179976	0.000858985	0.0169657	0.0241305	0.00193768	0.0109179	0.0034253	0.000746747	0.173413	0.0422964	0.0561476	0.000985837	0.00117726
7	0.293124	0.0219923	0.000343042	0.000527377	0.0480465	0.109906	0.000269373	0.15858	0.000471597	0.134842	0.0184585	0.000737425	0.000246529	0.000449462	0.000387071	0.0202237	0.014163	0.176355	0.000152068	0.000724595
8	0.01724	0.00295929	0.000181986	0.00130181	0.000408256	0.000350945	0.000152143	0.428272	0.000259306	0.19251	0.0353784	0.00107319	0.00144069	0.00115253	0.00120163	0.00381165	0.0142991	0.294723	0.00108779	0.00219606
9	0.151452	0.0353354	0.0139515	0.00984112	0.006939	0.00619657	0.00393429	0.00980589	0.047724	0.0220323	0.00797403	0.043662	0.00156298	0.0123059	0.00522507	0.423092	0.13665	0.0231776	0.000815009	0.0383233
10	0.0915034	0.00623515	0.00174679	0.00249296	0.214164	0.108868	0.00154769	0.0274235	0.00258007	0.305041	0.0347875	0.00227702	0.00449483	0.00282627	0.00207743	0.0153926	0.00779976	0.107133	0.0347503	0.026859
11	0.297177	0.021637	0.000330669	0.000496184	0.0503016	0.111454	0.000256482	0.156395	0.000479611	0.134368	0.0189506	0.000724758	0.000270796	0.000472954	0.000400099	0.0203472	0.0140166	0.170956	0.000151853	0.000814183
12	0.0826203	0.0150438	0.000403752	0.0023544	0.0426522	0.0124144	0.00102312	0.259815	0.00102616	0.120188	0.0249421	0.00138238	0.00213099	0.00703547	0.000601132	0.0175372	0.0580138	0.347983	0.00103159	0.00180057
13	0.0183463	0.004249	0.000166236	0.00100338	0.00131017	0.000515657	0.000172384	0.400025	0.000251944	0.161404	0.0325469	0.0014038	0.00115529	0.0012932	0.000913289	0.00317843	0.0146686	0.355036	0.000782568	0.00157788
14	0.0729754	0.0124761	0.000243762	0.000403797	0.0672263	0.0235205	0.0015767	0.269523	0.000381553	0.153465	0.019772	0.00238571	0.00330468	0.00135856	0.000349013	0.0246627	0.074846	0.2664	0.00182062	0.00330837
15	0.0302208	0.00734759	0.000229561	0.00035059	0.0551507	0.00642478	0.000338353	0.376778	0.00204477	0.246835	0.0745264	0.000467417	0.00284021	0.000996098	0.000269984	0.00665049	0.0266471	0.156721	0.00291327	0.00224848
16	0.196434	0.0318072	0.00231121	0.00846392	0.0159816	0.0214662	0.00335938	0.100177	0.00573529	0.0546918	0.0616928	0.0365736	0.013828	0.0102101	0.00738092	0.133981	0.121644	0.166881	0.000878761	0.00650211
17	0.206797	0.0366913	0.00161511	0.0159907	0.00302277	0.149613	0.00538688	0.101366	0.00984668	0.0132186	0.0226985	0.00839857	0.00225352	0.00947236	0.00224475	0.0677815	0.108569	0.232666	0.000621251	0.00174712
18	0.073158	0.0123687	0.000232852	0.000399185	0.0667426	0.0232621	0.00157499	0.269812	0.00037129	0.153046	0.0199193	0.00238737	0.00333058	0.00135733	0.00032451	0.0248651	0.0748454	0.266842	0.00183262	0.00332752
19	0.025314	0.00658578	0.00027123	0.000366437	0.0533072	0.00455178	0.000209801	0.388911	0.002243	0.254967	0.0805692	0.000279453	0.00283891	0.000916988	0.000302429	0.00462472	0.0217715	0.146657	0.00308479	0.00222833
20	0.22186	0.00806292	0.00447115	0.0185804	0.00354397	0.453845	0.00207443	0.00812076	0.00337235	0.00609357	0.0090217	0.0259022	0.00363174	0.00849485	0.00191449	0.142461	0.0492122	0.0195769	0.00796206	0.00179783
21	0.0808588	0.00460406	0.00113436	0.00839216	0.177324	0.00814566	0.0124417	0.139753	0.00136685	0.0660719	0.0204644	0.0092639	0.000680589	0.0016952	0.00433201	0.0519644	0.0626476	0.176886	0.0215754	0.150397
22	0.0705272	0.00616006	0.000795464	0.001457	0.145836	0.0110271	0.00418452	0.174181	0.00113875	0.0666554	0.0154241	0.0107427	0.000585684	0.00124499	0.00640331	0.0426096	0.0475686	0.220035	0.0335402	0.139883
23	0.0216926	0.00538046	0.0549857	0.0273931	0.00515896	0.00863918	0.00550502	0.0110209	0.00718653	0.0116943	0.0140675	0.170554	0.00273109	0.132773	0.00582932	0.161009	0.335549	0.0128177	0.00147617	0.00453599
24	0.0368724	0.00250585	0.344849	0.138308	0.00135889	0.0122742	0.0425549	0.00749563	0.00780412	0.00763024	0.0135567	0.112008	0.00290709	0.126751	0.0158118	0.0494162	0.0606213	0.0105666	0.00211989	0.00458791
25	0.0941651	0.00237306	0.00173033	0.00289793	0.163733	0.0535764	0.00245757	0.00487366	0.00261748	0.0801822	0.029139	0.0724238	0.00132633	0.0163128	0.0504214	0.168347	0.0314309	0.0433281	0.0620598	0.116604
26	0.0341725	0.000521836	0.0126144	0.0246061	0.000563786	0.0151515	0.0199663	0.00095702	0.41335	0.00577733	0.000636544	0.0921268	0.000220261	0.0606441	0.246797	0.0526289	0.00847299	0.00589623	0.000132223	0.00476388
27	0.225274	0.00668096	0.0169818	0.0138851	0.00647475	0.011739	0.00240118	0.0084924	0.0318747	0.0108106	0.0124835	0.0509795	0.00133326	0.0210318	0.0118351	0.389287	0.153088	0.0130946	0.000291358	0.0119617
28	0.0588177	0.005316	0.0389478	0.54042	0.00221305	0.0243148	0.0036247	0.00809845	0.0392778	0.018617	0.0214981	0.0182924	0.000613433	0.112046	0.0226168	0.0475628	0.017588	0.0155031	0.00402852	0.000603173
29	0.0341725	0.000521836	0.0126144	0.0246061	0.000563786	0.0151515	0.0199663	0.00095702	0.41335	0.00577733	0.000636544	0.0921268	0.000220261	0.0606441	0.246797	0.0526289	0.00847299	0.00589623	0.000132223	0.00476388
30	0.381328	0.00585199	0.00280381	0.063198	0.00414251	0.0092811	0.00259719	0.0769126	0.0200726	0.00802148	0.0073707	0.00657494	0.00798618	0.0252188	0.0242653	0.160828	0.14974	0.03911	0.00127559	0.00342087
31	0.0298275	0.00528463	0.00045066	0.000592794	0.0459839	0.00365669	0.000348607	0.364688	0.00218105	0.277181	0.110415	0.000640759	0.00269157	0.0014717	0.000621035	0.0053306	0.0208429	0.123232	0.00226948	0.00228927
32	0.0608778	0.00363611	0.251503	0.42376	0.000688894	0.0146869	0.000502872	0.0014406	0.0101838	0.0158773	0.00114137	0.0380428	0.00248929	0.0907556	0.01528	0.0375432	0.0185397	0.00547418	0.000212919	0.00736305
33	0.510382	0.00268251	0.00916691	0.0395354	0.00516337	0.0466472	0.014702	0.00113367	0.027964	0.00421672	0.00206266	0.0285962	0.000266986	0.0141647	0.00614333	0.2345	0.0339655	0.00656505	0.000301142	0.0118401
34	0.0153109	0.0064378	0.000272043	0.000439721	0.060193	0.00188119	0.00125478	0.107543	0.000430968	0.68061	0.046808	0.000518047	0.00237754	0.000749019	0.000440945	0.00305077	0.00983255	0.0565595	0.000487476	0.0048024
35	0.0341725	0.000521836	0.0126144	0.0246061	0.000563786	0.0151515	0.0199663	0.00095702	0.41335	0.00577733	0.000636544	0.0921268	0.000220261	0.0606441	0.246797	0.0526289	0.00847299	0.00589623	0.000132223	0.00476388
36	0.0492224	0.000714913	0.0955034	0.138097	0.00515083	0.0110233	0.0218422	0.0129842	0.213865	0.0192723	0.011262	0.0797548	0.000284534	0.103667	0.0845103	0.0941858	0.0541013	0.00398203	0.000179294	0.000396995
37	0.0583796	0.00370654	0.252238	0.425435	0.000672099	0.0146968	0.000482082	0.00144612	0.00986303	0.0159162	0.00111069	0.0377564	0.00251677	0.0909029	0.0153797	0.0372818	0.0188981	0.00553309	0.000194554	0.00759082
38	0.0137834	0.00343477	0.000270984	0.00123128	0.00187249	0.00110151	0.000333174	0.351891	0.00057024	0.209694	0.0239116	0.00129532	0.0012491	0.000894901	0.0010994	0.00270815	0.0109345	0.370194	0.0008137	0.00271726
39	0.0775013	0.0286601	0.00730735	0.00126638	0.00165023	0.00201882	0.000839887	0.0764659	0.00117638	0.0298701	0.012805	0.00147459	0.00205154	0.00143384	0.000926251	0.00781083	0.183833	0.561649	0.000345047	0.000914819
40	0.0296418	0.0178795	0.00153096	0.0129607	0.00317226	0.00361982	0.00188568	0.120838	0.0279249	0.0646845	0.00882105	0.00246691	0.387186	0.0128636	0.0405449	0.00638261	0.00638743	0.248856	0.000573134	0.00178051
41	0.00836903	0.000570902	0.00485406	0.00283045	0.000360475	0.96504	0.00536293	0.000651645	0.00173511	0.000660886	0.000411526	0.000383403	0.00019215	0.000671544	0.00341923	0.00266627	0.000752977	0.000758565	9.43497e-05	0.00021475
42	0.00449667	0.000534976	0.948128	0.00424712	0.000591261	0.00662462	0.00140185	0.00109759	0.00055265	0.0011349	0.000650594	0.0155737	0.000623549	0.000902423	0.000511435	0.0068271	0.00405746	0.00133847	0.000162198	0.000543002
43	0.0146019	0.00238385	0.000208309	0.00168853	0.000441173	0.000420025	0.000181011	0.432847	0.00030145	0.199682	0.0358746	0.000971987	0.00147042	0.000901429	0.00155311	0.00345191	0.0122235	0.287211	0.00141692	0.00216892
44	0.0194269	0.00598497	0.000153963	0.000846103	0.00210352	0.000624914	0.000172226	0.382829	0.000261521	0.140063	0.0311675	0.00114175	0.000922711	0.00157729	0.000761538	0.00253658	0.0139083	0.393695	0.000594367	0.00122874
45	0.0340102	0.0108141	0.0291467	0.0719011	0.0488449	0.00268924	0.0395542	0.160063	0.0207519	0.167092	0.0209137	0.00251787	0.00977409	0.0545359	0.00244171	0.00465161	0.0485164	0.203049	0.00959554	0.0591363
46	0.0133956	0.00495988	0.000327911	0.000510192	0.052685	0.00125162	0.00108369	0.125922	0.000446746	0.676432	0.0394469	0.000523772	0.00276174	0.000613949	0.000482108	0.00284108	0.00891099	0.0637883	0.000299402	0.00331799
47	0.264662	0.016981	0.00164914	0.100883	0.00460304	0.0284616	0.00146784	0.0544797	0.00364128	0.013862	0.0234348	0.0129604	0.0430676	0.0352521	0.0161165	0.10218	0.150073	0.113906	0.000620683	0.0116982
48	0.0104248	0.000713452	0.00441815	0.00317301	0.000338075	0.962524	0.00571269	0.000651489	0.00172398	0.000679979	0.000404022	0.000365475	0.000187605	0.000807344	0.00319246	0.00284219	0.000757884	0.000777339	9.26225e-05	0.000213307
49	0.0569684	0.0106998	0.394008	0.0883191	0.00174592	0.0105616	0.017548	0.0066514	0.0115977	0.00719933	0.0349178	0.119593	0.00260862	0.0462606	0.0340513	0.0766914	0.0461571	0.0264244	0.00277197	0.00522409
50	0.0383884	0.00242747	0.0162144	0.0310774	0.019145	0.00764341	0.04167	0.171016	0.0695974	0.0820139	0.0160996	0.044307	0.00552917	0.040216	0.109005	0.0924323	0.0931321	0.10136	0.00129745	0.0174287
51	0.0167399	0.00413152	0.00023178	0.000323106	0.00697976	0.00176652	0.000187317	0.291823	0.000347419	0.0359337	0.017169	0.000491444	0.000151739	0.000340839	0.000223315	0.000711065	0.0152404	0.606953	7.47747e-05	0.000179931
52	0.232955	0.0207711	0.00222226	0.00413043	0.00429185	0.117506	0.0011328	0.0144259	0.00356725	0.0110357	0.0102323	0.0127163	0.387581	0.00290876	0.00126967	0.124271	0.0223156	0.0251063	0.000711838	0.000848121
53	0.658382	0.0370916	0.00104458	0.00194016	0.00213794	0.153408	0.00103102	0.00722772	0.00179318	0.00558777	0.00538745	0.00175796	0.0010121	0.00156299	0.000928433	0.0870929	0.0120315	0.0187612	0.000241522	0.00157987
54	0.00449667	0.000534976	0.948128	0.00424712	0.000591261	0.00662462	0.00140185	0.00109759	0.00055265	0.0011349	0.000650594	0.0155737	0.000623549	0.000902423	0.000511435	0.0068271	0.00405746	0.00133847	0.000162198	0.000543002
55	0.230416	0.0538266	0.00101241	0.00138206	0.0337176	0.129247	0.000781419	0.162635	0.00117403	0.149216	0.0427307	0.00159596	0.00134924	0.00181845	0.00102916	0.0205411	0.0168609	0.149228	0.000322484	0.00111567
56	0.0442009	0.00692724	0.00941132	0.0493383	0.0350046	0.00863788	0.0171828	0.167807	0.0491332	0.104188	0.033875	0.0158224	0.00355497	0.0256573	0.186819	0.037842	0.0585667	0.112256	0.0174502	0.0163261
57	0.0199261	0.00481786	0.00028693	0.00045753	0.0500326	0.00316524	0.00027987	0.330156	0.0017594	0.372245	0.0693358	0.0003589	0.00303764	0.000791992	0.000347319	0.00408853	0.0161844	0.119076	0.00197309	0.00168001
58	0.0254102	0.00681368	0.000259082	0.000351121	0.0541509	0.00466014	0.000241596	0.386688	0.00226799	0.255292	0.0806528	0.000293057	0.00284263	0.000936613	0.000281973	0.00467799	0.0222476	0.146515	0.00315966	0.00225813
59	0.0256238	0.0113934	0.000219961	0.000459472	0.0890834	0.00491487	0.00170099	0.0823456	0.000402441	0.634486	0.0654732	0.000401676	0.00178181	0.00101571	0.000384726	0.00384432	0.0125473	0.0547499	0.000992138	0.00817968
60	0.0473989	0.00814196	0.0100734	0.077132	0.0214639	0.00727421	0.0148386	0.0254464	0.23901	0.0334251	0.0332508	0.00391319	0.000461049	0.135219	0.16402	0.0830104	0.0529677	0.023003	0.0002113	0.0197394
61	0.0892317	0.0345937	0.00847312	0.00115472	0.00242928	0.00142774	0.000665528	0.10749	0.000916576	0.0389864	0.0163949	0.000911946	0.00100089	0.00215927	0.000977897	0.00751912	0.183234	0.5016	0.000297409	0.000535455
62	0.0434332	0.00250557	0.407437	0.138778	0.000674901	0.0133583	0.0236787	0.00765238	0.00920206	0.00813853	0.0108722	0.109542	0.00282297	0.0927913	0.0215992	0.0488261	0.0383637	0.0126774	0.00229359	0.00535269
63	0.0539424	0.00475094	0.0467616	0.560262	0.00177895	0.0235045	0.00287691	0.00680678	0.0288146	0.0163372	0.0223876	0.0193113	0.000685427	0.117601	0.0171515	0.0398598	0.0160939	0.0161862	0.00405965	0.000827292
64	0.520865	0.00312116	0.00834474	0.0175226	0.00725141	0.0339453	0.00654781	0.00358609	0.0167445	0.00311258	0.00597424	0.0136179	0.000433065	0.0109252	0.0033388	0.306235	0.0207526	0.0119309	0.000393185	0.00535769
65	0.134564	0.00744354	0.00161401	0.0171613	0.0359102	0.0178247	0.0113722	0.118902	0.0146644	0.0943462	0.0382232	0.0335104	0.0365238	0.027862	0.0026199	0.209757	0.104058	0.0860091	0.000465547	0.00716769
66	0.0173899	0.00898733	0.000336563	0.000581468	0.0872971	0.00488671	0.001564	0.0679635	0.000816745	0.642828	0.0889817	0.00065439	0.00292145	0.00237109	0.000539479	0.00323883	0.0116198	0.0418851	0.00204447	0.0130923
67	0.0079624	0.000995779	0.0147171	0.00106199	0.00106474	0.00148934	0.000618115	0.00704393	0.00101497	0.00403827	0.00126412	0.00557682	0.000535986	0.00130001	0.00106065	0.0123781	0.932163	0.00483096	0.000277703	0.000606253
68	0.0103757	0.000712257	0.00458097	0.00279461	0.000350452	0.962877	0.00535729	0.000703876	0.00167519	0.00067001	0.00043342	0.000362454	0.000189302	0.000799443	0.00333289	0.00286893	0.000789278	0.000780895	9.95441e-05	0.000246828
69	0.0508113	0.00440712	0.0318805	0.625674	0.00111911	0.0147477	0.00103827	0.00487808	0.023403	0.0123228	0.0172072	0.0114585	0.000541343	0.118044	0.0151345	0.0310585	0.0140139	0.0177078	0.0037745	0.000777576
70	0.253256	0.0135553	0.00402064	0.00584944	0.0109314	0.0183677	0.00211635	0.0579048	0.00728818	0.0333894	0.0360741	0.0331971	0.0109226	0.00907497	0.00589411	0.248101	0.13298	0.110344	0.000355244	0.00637783
71	0.285564	0.0268832	0.00050933	0.000925702	0.0366073	0.096836	0.00053242	0.142055	0.000747065	0.12675	0.0178405	0.00139368	0.000380367	0.000921487	0.000664692	0.0208534	0.014763	0.224717	0.00019609	0.000859638
72	0.021413	0.0064105	0.00419962	0.000962034	0.524599	0.00542448	0.012852	0.0201181	0.000817523	0.0797697	0.00688742	0.000868692	0.000416203	0.0046747	0.00063292	0.0158414	0.00946403	0.0245794	0.0388011	0.221268
73	0.22938	0.00247493	0.00387114	0.00485997	0.0145925	0.0186388	0.00243157	0.00772502	0.0648771	0.0177799	0.0751975	0.0311584	0.00130706	0.0429433	0.0489989	0.340466	0.0818252	0.00825866	0.000651593	0.00256187
74	0.102455	0.00321195	0.00475392	0.00805339	0.00242121	0.583433	0.00145496	0.00490692	0.00246142	0.00456084	0.00326531	0.0596362	0.00115951	0.0155951	0.00235023	0.133232	0.0542148	0.00653808	0.00473726	0.00155917
75	0.022679	0.0227775	0.00123895	0.0075581	0.00497052	0.022258	0.00111996	0.00289437	0.00345082	0.00818091	0.00381537	0.00358118	0.00652599	0.00168513	0.00145873	0.225134	0.644981	0.0142277	0.000466056	0.000997264
76	0.0714078	0.00215316	0.00293816	0.0232413	0.0556797	0.00649372	0.0175153	0.117634	0.0254625	0.149694	0.0284897	0.0701193	0.0193563	0.0344865	0.0114352	0.142279	0.122414	0.0807469	0.000464952	0.0179887
77	0.0973268	0.0185246	0.000604482	0.00278587	0.015475	0.00143561	0.000419046	0.228121	0.000587959	0.0650942	0.0316348	0.000691997	0.000473297	0.0134374	0.000489718	0.00662093	0.0369681	0.478715	0.000182687	0.00041218
78	0.106437	0.0175163	0.023883	0.0304609	0.0160509	0.0203144	0.0435931	0.0230852	0.0998155	0.0151732	0.00699957	0.101177	0.00390973	0.0645948	0.0805068	0.192466	0.0988777	0.0258014	0.000258369	0.029079
79	0.00942417	0.00064224	0.00445481	0.00295518	0.000322574	0.963981	0.00559019	0.000653564	0.00173943	0.000656387	0.00039723	0.000354735	0.000188036	0.000754811	0.00323717	0.00280689	0.000755607	0.000766653	0.000102367	0.000216631
80	0.104196	0.0172446	0.0236613	0.0301933	0.0161722	0.0197994	0.0439866	0.0252886	0.0999126	0.0164024	0.0070362	0.100201	0.00389408	0.0639814	0.0811923	0.190466	0.0995926	0.027389	0.000251315	0.0291395
81	0.390966	0.0676835	0.00112099	0.00262122	0.0032534	0.424452	0.0011807	0.0116096	0.00156564	0.0116958	0.0115886	0.00161286	0.00119923	0.0019369	0.00151761	0.0258004	0.0120808	0.0257955	0.000533937	0.00178464
82	0.0200909	0.00469098	0.00536126	0.0544894	0.00157436	0.0033941	0.0094128	0.0900054	0.182896	0.0756607	0.0399916	0.00942005	0.000760436	0.0318932	0.180114	0.053921	0.163755	0.0711719	0.000453397	0.000942701
83	0.393519	0.0355946	0.00171084	0.0046383	0.0707041	0.150396	0.0017624	0.0630368	0.00269552	0.0586081	0.0503174	0.00263495	0.00154142	0.00306816	0.00407282	0.0144428	0.0130589	0.101933	0.000902469	0.0253627
84	0.0374907	0.0029275	0.00119964	0.0480588	0.00890088	0.00782793	0.00108112	0.192021	0.0355668	0.130382	0.00799923	0.00192131	0.00914572	0.00801764	0.0180326	0.0162045	0.00959153	0.461656	0.000692904	0.00128296
85	0.0668537	0.0140698	0.000579614	0.00177824	0.0107634	0.0016572	0.00040154	0.215863	0.000576092	0.0487519	0.0223979	0.000838406	0.000518161	0.00745401	0.000570012	0.00467176	0.029582	0.571528	0.000143118	0.00100153
86	0.0341219	0.0178576	0.000947423	0.00683478	0.0498351	0.0017676	0.00081225	0.28239	0.00122025	0.00763834	0.00707042	0.00671693	0.000575737	0.00146623	0.00670392	0.0139451	0.0685553	0.44378	0.000314942	0.0474468
87	0.506954	0.00426491	0.0113437	0.0481644	0.00649471	0.058176	0.0113922	0.00139394	0.0298868	0.00390701	0.00229135	0.0333189	0.000503732	0.0189418	0.00759028	0.207108	0.030884	0.00574976	0.000428621	0.0112062
88	0.0253917	0.00321089	0.00217986	0.00330179	0.00291402	0.0189003	0.00236677	0.166587	0.00331729	0.00638882	0.00437555	0.00321464	0.0134713	0.00401568	0.0026912	0.0350802	0.482344	0.217151	0.000966618	0.00213123
89	0.0668625	0.00409825	0.00138403	0.00248774	0.000714197	0.89453	0.00512161	0.00145607	0.00102404	0.00145834	0.000924255	0.000808226	0.000403282	0.00391244	0.00135749	0.00904832	0.00181384	0.00179967	0.000274815	0.000520793
90	0.0222337	0.0125354	0.00289816	0.00562475	0.00777801	0.0130788	0.0010878	0.00333937	0.00571288	0.0107793	0.00475457	0.00700005	0.00454665	0.00216749	0.00142409	0.254935	0.62279	0.0156521	0.000330266	0.00133064
91	0.0519287	0.00421345	0.0255188	0.60919	0.00120668	0.0141192	0.00113653	0.00475465	0.0261669	0.0125844	0.0174664	0.0106423	0.000477441	0.132393	0.0159398	0.0317746	0.0164565	0.0198178	0.00359506	0.000617761
92	0.0253937	0.00680752	0.000258614	0.000351215	0.0541077	0.00465571	0.000239569	0.386627	0.00226742	0.255325	0.0807903	0.000293198	0.00284278	0.000937748	0.000281986	0.0046867	0.022222	0.146488	0.00316763	0.00225659
93	0.00936715	0.00063966	0.00470542	0.00279478	0.000349801	0.964005	0.00530599	0.000670555	0.00171328	0.000688685	0.000396224	0.000379614	0.000194282	0.000721157	0.00334921	0.00281972	0.000775556	0.000773554	0.000122896	0.00022717
94	0.0334817	0.00584276	0.00909423	0.0441648	0.00501075	0.00269075	0.0245722	0.0206851	0.332673	0.030446	0.0244695	0.00633464	0.000269824	0.138181	0.212221	0.0500199	0.0428806	0.0122212	0.000121395	0.00461967
95	0.0166855	0.0035804	0.000213781	0.00120523	0.00216189	0.000672173	0.000176745	0.435896	0.000356106	0.153738	0.0315859	0.000959579	0.00114897	0.00128815	0.000992453	0.00324493	0.0131089	0.3305	0.000853126	0.0016322
96	0.178696	0.00726843	0.0117565	0.019265	0.0477423	0.0782187	0.0284984	0.0224027	0.0269603	0.0394839	0.0296332	0.0765345	0.00665772	0.0544456	0.0226061	0.212987	0.0806543	0.038344	0.0049551	0.0128894
97	0.0267269	0.0106778	0.000218861	0.000405421	0.088918	0.0052095	0.00157028	0.0875954	0.000406509	0.630581	0.0608603	0.00041413	0.0021994	0.000853281	0.000375191	0.00439551	0.0130781	0.0574641	0.00095141	0.00709874
98	0.0231317	0.00421814	0.00175818	0.0338183	0.0239944	0.00590339	0.00280422	0.118626	0.0575158	0.342437	0.123444	0.00633616	0.000967378	0.0375235	0.0280639	0.0486939	0.0672504	0.0633197	0.00237147	0.00782265
99	0.0721689	0.00609606	0.000777548	0.00136991	0.144239	0.0114234	0.00430128	0.17604	0.00111158	0.0694314	0.0154703	0.0104682	0.00064612	0.00120869	0.00594087	0.0440887	0.0500715	0.218747	0.0317215	0.134679
100	0.38961	0.015963	0.00365073	0.00687296	0.0084227	0.235634	0.000975726	0.0175981	0.000815355	0.0160122	0.0236252	0.00166773	0.0115174	0.00327987	0.000688281	0.167636	0.0390807	0.054939	0.000941225	0.0010692
101	0.0175271	0.00334624	0.000187291	0.00121102	0.000371247	0.000356289	0.000157393	0.427864	0.000257315	0.187805	0.0359877	0.00109991	0.00146656	0.00130967	0.00113078	0.00387827	0.0149858	0.297969	0.00102119	0.00206795
102	0.474847	0.0256976	0.00275566	0.000915124	0.00166352	0.0349002	0.000442587	0.0117776	0.00301032	0.00307903	0.00161482	0.0120617	0.00146947	0.00142171	0.000630496	0.279841	0.093774	0.0491043	0.000256519	0.000737666
103	0.0365125	0.00718923	0.000414247	0.00211888	0.0597694	0.00751613	0.00228616	0.18574	0.00745621	0.343464	0.127302	0.00597045	0.00281709	0.0116355	0.0103915	0.00980185	0.0480037	0.112901	0.00347368	0.015238
104	0.353943	0.0209056	0.000484678	0.00315673	0.0437822	0.103707	0.000332501	0.135493	0.000658193	0.117288	0.0196693	0.00089291	0.000341966	0.00061923	0.00311128	0.0277609	0.0196223	0.145059	0.00018929	0.00298392
105	0.0170172	0.00420699	0.000241764	0.000331278	0.00694236	0.00175182	0.000184403	0.289227	0.00034426	0.0358947	0.0172136	0.000506943	0.000156729	0.000365556	0.000219813	0.000745414	0.0153008	0.609092	7.61038e-05	0.000180618
106	0.746166	0.0137597	0.000799927	0.000710346	0.00167761	0.0630265	0.000404432	0.00433022	0.00107577	0.00262432	0.00202897	0.000928852	0.00031954	0.000853028	0.00055973	0.13295	0.0118689	0.014739	0.00020433	0.000972771
107	0.209349	0.0179781	0.000848804	0.00269356	0.0349819	0.0335318	0.00120966	0.155029	0.00184375	0.0855065	0.0415783	0.00986011	0.00845314	0.00407802	0.00286935	0.0720386	0.105467	0.207855	0.000656195	0.00417117
108	0.0152779	0.00273036	0.000210646	0.00141295	0.00143515	0.000427455	0.00015418	0.441589	0.00032186	0.18791	0.0359977	0.000990584	0.00146837	0.000972844	0.00132692	0.00343884	0.012647	0.288464	0.00122389	0.00199965
109	0.0749784	0.00274156	0.000634856	0.00122485	0.00119433	0.0136896	0.000748494	0.00366998	0.00663637	0.016751	0.00151851	0.00322373	0.819476	0.00123732	0.00101778	0.0256361	0.0170789	0.00755089	0.000368568	0.000623082
110	0.0600692	0.00386485	0.081377	0.509963	0.00190141	0.0222438	0.00390348	0.00585345	0.0331189	0.0149883	0.0140341	0.026287	0.00267483	0.107719	0.0178149	0.0481268	0.0231627	0.0182493	0.00264414	0.00200395
111	0.323599	0.0313309	0.0097106	0.111717	0.0063775	0.178799	0.00398332	0.0200481	0.00647952	0.0116108	0.0336904	0.00806031	0.00924154	0.01141	0.00579825	0.1267	0.0554268	0.0389639	0.00231644	0.00473649
112	0.0173759	0.00804698	0.000264583	0.000432735	0.0738534	0.00327583	0.0014747	0.0893567	0.000457834	0.66506	0.0621679	0.000478734	0.00201968	0.00113064	0.000424115	0.00325729	0.0109977	0.0509361	0.00109353	0.00789599
113	0.144414	0.0313083	0.00414801	0.0329868	0.0207646	0.0329543	0.00317711	0.145227	0.00415439	0.0969057	0.0275447	0.00852428	0.131819	0.00914466	0.00819811	0.0977632	0.10176	0.0927884	0.000944421	0.0054727
114	0.278513	0.0179116	0.00104028	0.00423763	0.0155654	0.0194794	0.000892531	0.0784334	0.0012154	0.0397886	0.0502003	0.00859427	0.0174625	0.00648112	0.00448698	0.113064	0.161791	0.17414	0.000240022	0.00646181
115	0.11344	0.0206201	0.000654977	0.00377516	0.0192504	0.00145042	0.000529092	0.221902	0.000702212	0.0695108	0.0345109	0.000757977	0.000513526	0.0181945	0.000520101	0.00766255	0.0414849	0.443827	0.000221617	0.000471517
116	0.0263304	0.00615537	0.00025253	0.000441678	0.0484503	0.00418838	0.000274116	0.382734	0.00211862	0.253048	0.0799318	0.000529456	0.00340032	0.00117551	0.000413986	0.0048773	0.0227039	0.157997	0.00265712	0.00231922
117	0.164655	0.00766032	0.0181413	0.0117138	0.00622903	0.00965962	0.00160964	0.0100587	0.0273621	0.0124816	0.0119424	0.0549132	0.00212993	0.021755	0.0104894	0.406943	0.195283	0.0145807	0.000412407	0.0119803
118	0.0466873	0.00884057	0.000394347	0.00154178	0.00732426	0.00124727	0.000255187	0.361784	0.000330075	0.151146	0.0366901	0.00094382	0.00125876	0.00546591	0.000760483	0.00739715	0.0288551	0.336979	0.000741719	0.00135754
119	0.270144	0.0216894	0.000999048	0.00416135	0.0193865	0.0189716	0.000769105	0.0788481	0.00120199	0.0367202	0.0456487	0.0081611	0.013557	0.00574259	0.0046478	0.125401	0.165198	0.171002	0.000230608	0.00752003
120	0.0226298	0.00609653	0.000600391	0.00206798	0.0840818	0.00762534	0.00228087	0.0856444	0.00650085	0.485449	0.142014	0.00534409	0.00369329	0.0121641	0.0089337	0.00818319	0.0271709	0.0626469	0.00396071	0.0229126
121	0.568856	0.0188017	0.00342521	0.000704326	0.000972999	0.0274735	0.000378084	0.0126615	0.00339016	0.00130443	0.00108791	0.00691946	0.000342672	0.000965614	0.000544258	0.242031	0.0619794	0.047456	0.000232988	0.000472687
122	0.0395015	0.00317306	0.000535201	0.00394885	0.0635175	0.0117751	0.00392223	0.149691	0.0138035	0.285004	0.146057	0.0126853	0.00203505	0.021187	0.0227437	0.0167592	0.0540048	0.116332	0.00625654	0.027068
123	0.352238	0.0305694	0.00273203	0.00594406	0.00535911	0.196595	0.000929077	0.0106174	0.00231749	0.0062302	0.00791898	0.0166803	0.00411629	0.00277848	0.00105477	0.246544	0.0692396	0.0351268	0.0015248	0.00148438
124	0.272615	0.0185902	0.00109712	0.00471441	0.0142765	0.0212567	0.000846926	0.0808359	0.00128427	0.0390097	0.0520746	0.00881645	0.0166639	0.00713204	0.00457062	0.116353	0.157983	0.175552	0.000246746	0.00608101
125	0.00602285	0.00155379	0.00137892	0.00214991	0.00162081	0.0366253	0.187236	0.00375827	0.136508	0.00339599	0.00239882	0.468183	0.000928074	0.0196393	0.0974574	0.0203985	0.00427103	0.00463011	0.000628079	0.00121523
126	0.284216	0.0609384	0.00205912	0.00522383	0.00491471	0.0425628	0.00264523	0.0695407	0.00531497	0.0166185	0.0154781	0.0209699	0.00292176	0.00526845	0.00325795	0.078657	0.0612861	0.315188	0.000762544	0.00217613
127	0.0131757	0.00220256	0.000314081	0.00151596	0.00175923	0.000911639	0.000321079	0.384373	0.000579428	0.254671	0.029046	0.00122511	0.001913	0.00100437	0.00139579	0.00343463	0.011151	0.286337	0.00114662	0.00352357
128	0.0180523	0.00430777	0.000236283	0.000365915	0.00706549	0.00174052	0.00018922	0.291065	0.000356254	0.0366786	0.0174782	0.000493578	0.000152712	0.000498604	0.000229233	0.000814471	0.015877	0.604145	7.65956e-05	0.000177008
129	0.0301763	0.00147501	0.00254784	0.00980558	0.00138996	0.00403739	0.00877054	0.00320268	0.722513	0.00415854	0.00201651	0.0113542	0.000779725	0.00893513	0.151246	0.0217041	0.00972194	0.00434232	0.000445511	0.0013777
130	0.0341725	0.000521836	0.0126144	0.0246061	0.000563786	0.0151515	0.0199663	0.00095702	0.41335	0.00577733	0.000636544	0.0921268	0.000220261	0.0606441	0.246797	0.0526289	0.00847299	0.00589623	0.000132223	0.00476388
131	0.018545	0.00637383	0.00253752	0.00959647	0.0291909	0.021204	0.00330342	0.102854	0.0378915	0.173776	0.398465	0.00613796	0.00174665	0.036777	0.0109289	0.0346154	0.0408273	0.0543525	0.00248529	0.00839124
132	0.125213	0.00203614	0.0660813	0.087563	0.00528265	0.0445986	0.0352027	0.00403459	0.0282951	0.0070805	0.00447359	0.0323317	0.13136	0.0505028	0.0250995	0.223502	0.0882363	0.0370653	0.000609907	0.00143177
133	0.560076	0.0176745	0.00440566	0.00127622	0.00107961	0.0229151	0.000537022	0.0139585	0.00445872	0.00137148	0.00121399	0.00754752	0.000387411	0.00134307	0.000707409	0.250661	0.06232	0.0472811	0.000242661	0.000543095
134	0.109694	0.0210201	0.000740829	0.00272976	0.0222414	0.00737985	0.000720913	0.235413	0.000865395	0.0842407	0.0333422	0.000966366	0.000909415	0.0133371	0.000492726	0.00954999	0.0450629	0.41025	0.000329738	0.000712426
135	0.0500074	0.00415931	0.0303929	0.625135	0.00129368	0.0150097	0.00121131	0.00488834	0.0234104	0.0121968	0.0170956	0.0117991	0.000467127	0.119754	0.0148812	0.0318511	0.0143608	0.0177521	0.00370661	0.000628076
136	0.442363	0.016076	0.00412024	0.0110291	0.00346061	0.0511391	0.00389644	0.0100198	0.00917911	0.00637203	0.00344948	0.028125	0.00327371	0.0056268	0.00278038	0.247999	0.108314	0.03846	0.000468401	0.00384779
137	0.0160499	0.0057751	0.000266472	0.000516343	0.0536084	0.00188498	0.00116993	0.155771	0.000565068	0.609174	0.0470189	0.000621739	0.00220259	0.000818849	0.000687653	0.00328681	0.0111716	0.0846365	0.000679326	0.00409512
138	0.0732949	0.00452768	0.00147345	0.00302671	0.000845884	0.873474	0.00483075	0.00156881	0.00111935	0.00168657	0.00115349	0.00322499	0.000499031	0.00540838	0.00134637	0.0146178	0.00445505	0.00217955	0.000669877	0.000597296
139	0.271539	0.093904	0.00151744	0.00270791	0.0155469	0.0985339	0.00155537	0.00689945	0.00316658	0.00510259	0.00322023	0.0546409	0.00252005	0.00280264	0.00230425	0.381626	0.0411974	0.00827529	0.000720085	0.00222017
140	0.105993	0.0400494	0.00885529	0.00126236	0.00108672	0.00259427	0.000700845	0.0743927	0.00117047	0.0299018	0.0171208	0.00124096	0.00115391	0.00108815	0.00115223	0.0113403	0.196162	0.503704	0.000333759	0.000696475
141	0.0103939	0.00261542	0.0716247	0.0377546	0.00263462	0.00378259	0.00154558	0.00510011	0.00345866	0.00534814	0.0146813	0.166644	0.00123069	0.0400294	0.00236611	0.223893	0.397926	0.00596719	0.000784517	0.00221932
142	0.0549369	0.022468	0.054807	0.00407385	0.0424225	0.00652958	0.0226931	0.162074	0.00455383	0.0285702	0.00522989	0.139635	0.0020685	0.00525052	0.00418984	0.00995916	0.185618	0.220933	0.00109743	0.02289
143	0.0179441	0.00392195	0.000221492	0.00140157	0.00250046	0.000799681	0.00023989	0.400045	0.00061205	0.146468	0.0303585	0.00101819	0.00120774	0.00137808	0.00118192	0.00320934	0.0138562	0.371399	0.000823287	0.00141377
144	0.281211	0.129173	0.00413135	0.00981713	0.00832428	0.0797088	0.00823853	0.122151	0.0182117	0.0257532	0.0147795	0.0428143	0.00483029	0.0124888	0.00686582	0.0496193	0.0893239	0.0872628	0.00120582	0.00408883
145	0.0262274	0.00789709	0.0017039	0.00477161	0.0248095	0.00999322	0.00197702	0.00481054	0.00554177	0.030525	0.00634014	0.00588354	0.00340379	0.00291168	0.00231089	0.311413	0.508084	0.0393027	0.000580608	0.00151264
146	0.00449667	0.000534976	0.948128	0.00424712	0.000591261	0.00662462	0.00140185	0.00109759	0.00055265	0.0011349	0.000650594	0.0155737	0.000623549	0.000902423	0.000511435	0.0068271	0.00405746	0.00133847	0.000162198	0.000543002
147	0.0323587	0.00173792	0.00192955	0.00937068	0.00196517	0.00402699	0.00866287	0.00413062	0.792349	0.00415422	0.0026274	0.00757371	0.00112312	0.005599	0.0821768	0.0223117	0.0106405	0.00524564	0.000664607	0.00135168
148	0.00798188	0.00106755	0.014418	0.00109731	0.00103282	0.00151049	0.000608019	0.00672726	0.000914872	0.00408543	0.001162	0.00551462	0.000582927	0.00129218	0.00105579	0.0129405	0.932262	0.00487175	0.000274312	0.000600076
149	0.0293764	0.00173682	0.00327526	0.00297601	0.000446678	0.941066	0.00518179	0.000850714	0.00141932	0.000896277	0.000535902	0.000465298	0.00023141	0.00165076	0.00244369	0.00488157	0.000993994	0.00106524	0.000159079	0.000347351
150	0.00794434	0.0010021	0.0151197	0.00140086	0.00102167	0.00151217	0.000607609	0.00671587	0.000918828	0.00406555	0.0012746	0.00699333	0.000553468	0.00158785	0.00106465	0.0132724	0.929278	0.00479652	0.000279039	0.000591185
151	0.0175944	0.00412066	0.000326922	0.000473737	0.0461465	0.0024559	0.000434584	0.2784	0.00143324	0.457895	0.0636511	0.000452525	0.00327481	0.000801105	0.000388011	0.00380489	0.013993	0.101231	0.00147701	0.00164448
152	0.0078704	0.00100238	0.0154598	0.00151211	0.00102357	0.00146482	0.000596399	0.00674615	0.000936025	0.0040322	0.00126008	0.00787099	0.000543819	0.00173156	0.00107895	0.0137598	0.927485	0.00473769	0.000272159	0.000615736
153	0.0341834	0.0153211	0.00245256	0.189754	0.00251484	0.00514367	0.0181542	0.0050304	0.0864943	0.0973249	0.0970044	0.00304446	0.00152503	0.292009	0.0421485	0.0182955	0.0557366	0.0310937	0.000966816	0.00180232
154	0.0431894	0.00759418	0.0560984	0.0127713	0.00700029	0.303647	0.00750804	0.0129488	0.0119255	0.0139533	0.0101344	0.347104	0.00500978	0.0123791	0.0116228	0.0838037	0.0285386	0.0171429	0.00271194	0.00491707
155	0.0335192	0.00584146	0.00915214	0.0443152	0.0050117	0.00269702	0.0244981	0.0206591	0.332518	0.0304234	0.0244549	0.00636296	0.00026586	0.13817	0.212191	0.0500751	0.0428954	0.0122154	0.000121426	0.00461326
156	0.0190874	0.00831011	0.0030693	0.00935073	0.0294846	0.015984	0.00373199	0.115863	0.0306113	0.12584	0.463243	0.00708936	0.00286109	0.0382003	0.00933686	0.0279968	0.0318905	0.0478044	0.00243914	0.00780669
157	0.0396693	0.00962026	0.0125568	0.0489052	0.00484774	0.00407877	0.0122602	0.107357	0.136977	0.0535416	0.0340677	0.0128056	0.0017178	0.0290086	0.121328	0.075975	0.181887	0.108534	0.000993783	0.003869
158	0.0385746	0.0022449	0.0163888	0.0312646	0.0206148	0.00803445	0.044311	0.173237	0.0643223	0.0852612	0.0151804	0.0462581	0.00524828	0.0404829	0.100944	0.0920622	0.0938882	0.103122	0.00127284	0.0172885
159	0.0115317	0.000763169	0.00438171	0.00285774	0.000351899	0.961758	0.00538267	0.000685365	0.00165208	0.00071503	0.000427844	0.000361627	0.000195504	0.000831985	0.00317714	0.00300202	0.000804287	0.000821525	9.49381e-05	0.000203299
160	0.0451953	0.00257097	0.403278	0.10806	0.000872117	0.0157945	0.0295613	0.00839156	0.0117332	0.0101479	0.0141712	0.120972	0.00327293	0.0819205	0.0219111	0.0576185	0.0445701	0.0115623	0.00275676	0.00563967
161	0.0753208	0.00274281	0.000655474	0.00121817	0.00119982	0.013792	0.000746982	0.00368119	0.00667937	0.0166156	0.00151455	0.00324631	0.819052	0.00123569	0.00101251	0.0257221	0.0171103	0.00745671	0.000367954	0.000629716
162	0.0721118	0.0115992	0.00287786	0.0137488	0.0462624	0.0141082	0.00558407	0.134798	0.0158034	0.12637	0.157185	0.0146545	0.00782287	0.0205692	0.0129011	0.0907326	0.133261	0.103257	0.00283844	0.0135139
163	0.0418539	0.00277065	0.456896	0.312868	0.000986171	0.0100661	0.00229373	0.00242395	0.00615678	0.00975807	0.00238195	0.0304438	0.00422351	0.0584485	0.00968516	0.0252103	0.0136146	0.00508665	0.000434624	0.00439792
164	0.21745	0.0551028	0.00139684	0.0069939	0.00203036	0.0872404	0.0139981	0.168607	0.0420284	0.0402028	0.0144647	0.0246197	0.00150835	0.0189492	0.0017387	0.0406893	0.113413	0.147716	0.000566169	0.00128365
165	0.689926	0.0237467	0.00106561	0.000712025	0.0022557	0.0516572	0.000395213	0.00558592	0.00143551	0.00165027	0.00130963	0.0056788	0.000474742	0.000839859	0.000627156	0.166927	0.0261521	0.0182353	0.000254834	0.0010702
166	0.019068	0.00762389	0.000242893	0.000409521	0.0719289	0.00254168	0.0013587	0.127054	0.000514983	0.630227	0.0536785	0.000385537	0.00156225	0.000600801	0.000348308	0.00335471	0.011053	0.0621267	0.000685242	0.00523544
167	0.0155357	0.00807994	0.000986574	0.00125601	0.10515	0.00662448	0.00169971	0.0545767	0.00357728	0.548562	0.160597	0.00190576	0.00740155	0.00526935	0.00176112	0.00417558	0.015781	0.0356547	0.00268054	0.0187238
168	0.00556922	0.0471365	0.00848222	0.0388214	0.00163435	0.00281283	0.0312391	0.194174	0.0173462	0.010852	0.0251449	0.0175389	0.00111508	0.0260976	0.0163216	0.0122216	0.302238	0.239595	0.000518806	0.00114025
169	0.0203964	0.00877601	0.00339213	0.000966442	0.537434	0.00528861	0.00924888	0.0244075	0.000920241	0.101701	0.00687216	0.00102098	0.000392696	0.00386177	0.000751809	0.0147912	0.00800284	0.0352159	0.0436029	0.172956
170	0.0397568	0.025533	0.00130677	0.0096571	0.00994335	0.0103199	0.0171129	0.164238	0.00208645	0.427448	0.00236856	0.0100315	0.00109516	0.0176852	0.019147	0.0364162	0.0366312	0.167667	0.000510757	0.00104525
171	0.066547	0.00415702	0.00141132	0.00248215	0.000692818	0.894146	0.0050945	0.00146285	0.00102683	0.00144348	0.000925998	0.000971114	0.000378152	0.00384116	0.00132664	0.00953596	0.00195672	0.00178717	0.000305764	0.000507022
172	0.0216352	0.01009	0.000214219	0.000408249	0.0806729	0.00392997	0.0020295	0.086515	0.000578659	0.63839	0.0684865	0.000585551	0.00144487	0.00142205	0.000598288	0.00369555	0.0138047	0.0550942	0.00109313	0.00931142
173	0.11344	0.0206201	0.000654977	0.00377516	0.0192504	0.00145042	0.000529092	0.221902	0.000702212	0.0695108	0.0345109	0.000757977	0.000513526	0.0181945	0.000520101	0.00766255	0.0414849	0.443827	0.000221617	0.000471517
174	0.389282	0.0652995	0.00123843	0.00295463	0.00291941	0.406507	0.00108751	0.0110456	0.00141458	0.0103855	0.0115876	0.00163825	0.0028536	0.00205239	0.00137967	0.0427405	0.0129918	0.0305709	0.000572584	0.00147791
175	0.0238839	0.00457325	0.00067946	0.000936201	0.0488466	0.00358893	0.000493949	0.372094	0.00204441	0.281184	0.12843	0.000761861	0.0023379	0.00151908	0.000803806	0.00844167	0.0156981	0.0998114	0.00197886	0.00189261
176	0.0408648	0.0229659	0.00166062	0.0474127	0.0387769	0.00555754	0.0140562	0.142341	0.0331031	0.12272	0.175226	0.0334788	0.00104161	0.0665038	0.0430668	0.0667913	0.0379754	0.0478949	0.0115634	0.0469992
177	0.00452655	0.000534829	0.947811	0.00439257	0.0005915	0.00660991	0.00137701	0.00110498	0.000551883	0.00113579	0.000658329	0.0155685	0.000616392	0.00100487	0.000525254	0.00684818	0.00409144	0.00134473	0.000162177	0.000544476
178	0.0753547	0.0026778	0.00193116	0.00612765	0.00147947	0.0124541	0.00076362	0.00450538	0.0111987	0.0207681	0.00162243	0.00402844	0.797392	0.00202527	0.00326858	0.0236543	0.0195053	0.0101505	0.000412064	0.000680155
179	0.0433195	0.0203514	0.00178024	0.0202515	0.00801277	0.00447917	0.00185743	0.148676	0.0153078	0.106476	0.0178198	0.00223275	0.317178	0.00911599	0.0195026	0.0104081	0.0164751	0.233478	0.000708491	0.00256809
180	0.0114485	0.00224967	0.00330899	0.00668455	0.00219477	0.00458963	0.00464918	0.00477355	0.178776	0.0154813	0.00354253	0.0124753	0.00104736	0.0225407	0.69713	0.0127974	0.00766182	0.00589756	0.000767728	0.00198416
181	0.0752663	0.00081061	0.0213472	0.0922748	0.00476253	0.00533734	0.000587895	0.0099183	0.0910776	0.0407575	0.00112645	0.0215509	0.506466	0.0135131	0.0414519	0.00607998	0.0227471	0.0440996	0.000295351	0.000529865
182	0.105652	0.00194909	0.118069	0.204805	0.00788106	0.131579	0.0126963	0.00535702	0.0334773	0.0184841	0.00787628	0.037063	0.0179108	0.0638535	0.0120301	0.150745	0.0565585	0.0121859	0.000624429	0.00120189
183	0.279308	0.0204211	0.000990681	0.00391676	0.0168454	0.0177923	0.000704265	0.0767237	0.00120054	0.0341482	0.0441544	0.00785234	0.0131059	0.0055537	0.00442155	0.124729	0.160408	0.178934	0.000193022	0.00859691
184	0.766269	0.0146152	0.000742287	0.00082747	0.00122143	0.0589528	0.00040597	0.00386133	0.00100307	0.00182958	0.00148335	0.000917892	0.000369274	0.000808477	0.000595574	0.121666	0.0106476	0.0126536	0.000208436	0.000920658
185	0.00874728	0.00058881	0.0045452	0.00291032	0.000326447	0.964726	0.00559185	0.000634032	0.00179468	0.000650006	0.000381331	0.000364898	0.000188851	0.000726497	0.00328314	0.00275526	0.000739759	0.000741021	9.87085e-05	0.000205605
186	0.015987	0.00417558	0.000255947	0.000956633	0.00519422	0.00129557	0.000190315	0.375727	0.000522285	0.0748265	0.0217341	0.000751728	0.000502695	0.000920921	0.000557221	0.00168655	0.0133996	0.480292	0.00027563	0.000748566
187	0.02873	0.00613266	0.0130862	0.049903	0.00528581	0.00305096	0.0218591	0.0303786	0.296613	0.0306123	0.0211654	0.0108238	0.000291645	0.103451	0.230227	0.0573097	0.0647758	0.0222299	0.000149361	0.00392475
