288	20
1	0.0399118	0.00450034	0.00144497	0.00225113	0.101452	0.0290042	0.0126892	0.100157	0.00888937	0.331189	0.0406193	0.00303977	0.00492881	0.00344539	0.0257415	0.00981281	0.0157155	0.216961	0.036924	0.0113226
2	0.104074	0.00738927	0.00391728	0.00743474	0.107997	0.0164913	0.00431511	0.0183716	0.00728043	0.13042	0.0167258	0.00697955	0.00806463	0.00738022	0.123807	0.116395	0.107256	0.0954238	0.0374144	0.0728626
3	0.108299	0.00226488	0.00157525	0.00280633	0.00458953	0.0118077	0.00145225	0.0541061	0.00658009	0.00754216	0.0157315	0.0485439	0.00282943	0.00311472	0.012281	0.256864	0.421368	0.033551	0.0025715	0.00212212
4	0.24668	0.0381209	0.00032974	0.00181162	0.0755368	0.0706903	0.000192405	0.034561	0.000499416	0.184976	0.0399627	0.000598993	0.00402255	0.000425941	0.00302139	0.0863054	0.0783806	0.122498	0.00472499	0.00666114
5	0.249815	0.0385019	0.00043984	0.00187694	0.0739588	0.0832567	0.000433644	0.0244135	0.000849088	0.182684	0.0329079	0.000779571	0.0037839	0.000951437	0.00437549	0.0994797	0.0810936	0.10198	0.0125718	0.00584738
6	0.124351	0.0133269	0.00169822	0.00273584	0.0261865	0.0109851	0.00578261	0.206111	0.00340948	0.137891	0.0605665	0.00274765	0.00332728	0.0145377	0.0228705	0.0711192	0.0263811	0.243069	0.0100282	0.0128749
7	0.0377074	0.00732066	0.000559128	0.00108347	0.0140851	0.00201189	0.000250757	0.363813	0.000730072	0.137013	0.0392336	0.000679467	0.00539966	0.000808277	0.00286324	0.00579645	0.0103442	0.365156	0.00450324	0.000641935
8	0.347091	0.0307056	0.000771652	0.0036223	0.0288196	0.0835697	0.000551527	0.0346291	0.00186274	0.0781723	0.0229093	0.00163013	0.00297447	0.00128564	0.00326539	0.155374	0.101399	0.0913107	0.00642377	0.00363259
9	0.230901	0.0955705	0.00183735	0.00326273	0.0312982	0.0836349	0.00107336	0.0215724	0.00159668	0.0672581	0.0144146	0.00222957	0.00894367	0.00165252	0.00258771	0.35069	0.046422	0.0286155	0.00375408	0.0026851
10	0.0432789	0.00988269	0.00506446	0.00779454	0.171418	0.0229466	0.0426584	0.0285427	0.0133811	0.0788427	0.0237676	0.0144738	0.0142072	0.00654663	0.0235401	0.0247382	0.0230385	0.0509174	0.0500849	0.344876
11	0.0287659	0.0063741	0.00122394	0.00219311	0.303164	0.0200203	0.026881	0.0265962	0.00871007	0.117262	0.0104458	0.00864881	0.00294571	0.00208622	0.00370807	0.0216045	0.0164205	0.0508935	0.031975	0.310081
12	0.250854	0.054779	0.000292823	0.00197831	0.0694674	0.0678118	0.000280983	0.0299203	0.000758394	0.157517	0.0361056	0.000626472	0.00383208	0.000582369	0.00295658	0.118819	0.089528	0.103345	0.00491121	0.00563357
13	0.201972	0.0362941	0.0019182	0.00412515	0.0616562	0.059523	0.00181942	0.0374003	0.00327339	0.239811	0.0375613	0.00438703	0.00723367	0.00344225	0.00726333	0.132689	0.0577161	0.0846615	0.00870102	0.0085521
14	0.0687325	0.00546536	0.0460016	0.0292429	0.0168884	0.0417633	0.0316565	0.0345591	0.0223766	0.0336569	0.0206785	0.179751	0.0158009	0.0268498	0.0188526	0.14903	0.19236	0.0477428	0.00607913	0.0125126
15	0.0880166	0.0134738	0.00242846	0.00604439	0.032953	0.0133975	0.00307803	0.23205	0.00476091	0.116387	0.0446092	0.00631751	0.00725576	0.00782444	0.010247	0.0509078	0.0368729	0.308286	0.00882768	0.00626231
16	0.226239	0.0699881	0.00229978	0.00525475	0.0309402	0.140512	0.00100939	0.0188501	0.00189281	0.0683298	0.0217156	0.00340819	0.0125333	0.00167343	0.00323825	0.268952	0.0536355	0.0596156	0.00593916	0.00397288
17	0.061665	0.018938	0.00104182	0.0016181	0.048778	0.0171657	0.00132638	0.219013	0.00203513	0.274269	0.0492555	0.00724955	0.00479897	0.00333704	0.0050523	0.0122341	0.0481056	0.211716	0.00601239	0.0063888
18	0.0504176	0.0176072	0.00220076	0.00525098	0.0324347	0.0454967	0.00287094	0.204067	0.00723111	0.286558	0.0411498	0.0515274	0.0066325	0.00829979	0.00874028	0.0174702	0.0798512	0.11685	0.00775902	0.00758492
19	0.0461127	0.0103916	0.0104168	0.0104642	0.0334025	0.0286044	0.00793305	0.139118	0.0081164	0.315623	0.0416343	0.101151	0.00804763	0.00956798	0.00859965	0.0385541	0.0871449	0.0731105	0.00858009	0.0134274
20	0.0479524	0.00844992	0.000656926	0.00169488	0.0532788	0.00901856	0.000831893	0.154964	0.00289763	0.435665	0.0820759	0.0073329	0.00340067	0.00295412	0.00437263	0.0198953	0.028914	0.111366	0.00749353	0.0167844
21	0.055018	0.00642258	0.0569932	0.0333414	0.0199646	0.0650436	0.0375063	0.0235079	0.0234228	0.0372979	0.0188039	0.240195	0.0170991	0.0386009	0.0197074	0.178422	0.0664034	0.0384049	0.006919	0.0169261
22	0.0507318	0.00559819	0.0160182	0.0319988	0.00925745	0.0592318	0.0176828	0.010016	0.264167	0.0278243	0.0105026	0.0262091	0.0182602	0.0371882	0.297881	0.0409478	0.0287041	0.0236074	0.00814528	0.0160281
23	0.0130389	0.00457825	0.00100142	0.00152369	0.233626	0.0039347	0.0615144	0.00427024	0.00147727	0.0414047	0.00419333	0.0135538	0.00188223	0.00146909	0.00194685	0.00469994	0.00757498	0.0245372	0.0316427	0.54213
24	0.0477977	0.0146136	0.000781743	0.00295161	0.0407394	0.0128168	0.00109934	0.21012	0.00265929	0.352929	0.0582123	0.0122876	0.00484882	0.00405426	0.00604539	0.0147594	0.0519888	0.143549	0.00682815	0.0109179
25	0.0412053	0.00426816	0.00109685	0.00168771	0.0805046	0.00894492	0.00251254	0.0835858	0.00238351	0.513072	0.0928813	0.00741031	0.00219822	0.00182061	0.00453059	0.0256999	0.0244276	0.0456453	0.0107257	0.0453996
26	0.113789	0.0114715	0.024044	0.0418557	0.0409608	0.125239	0.0148419	0.0228591	0.054417	0.038602	0.0490261	0.0350254	0.0199779	0.0228014	0.035389	0.188401	0.0962903	0.04298	0.00939678	0.0126311
27	0.0477303	0.0120904	0.0114762	0.0491383	0.0553654	0.0241461	0.138354	0.0396989	0.0141125	0.0356655	0.0144532	0.0866531	0.01322	0.0151666	0.0182556	0.160643	0.0664295	0.0993023	0.00723359	0.0908655
28	0.0409616	0.0179686	0.00229495	0.00888086	0.12795	0.00887484	0.190429	0.013919	0.00358013	0.0558892	0.00837589	0.0248275	0.00519877	0.00362991	0.00476845	0.029945	0.0424268	0.0409003	0.0181241	0.351055
29	0.0994626	0.0185218	0.0172914	0.0261354	0.0788579	0.128142	0.015768	0.0309878	0.028054	0.0844112	0.0391305	0.0247481	0.0304087	0.0163761	0.0388656	0.0873526	0.0449235	0.0638536	0.022731	0.103979
30	0.0220799	0.00592078	0.00108247	0.00309157	0.277647	0.00995025	0.0483342	0.013775	0.00483134	0.0625328	0.00826369	0.0128444	0.0041262	0.00348007	0.00397734	0.0127319	0.0130041	0.0370705	0.0301907	0.425066
31	0.0282051	0.000752862	0.005298	0.0189885	0.00219023	0.0241133	0.0265661	0.0054531	0.248424	0.0225489	0.0057948	0.00823917	0.00824268	0.0469201	0.453741	0.0369355	0.0151883	0.020574	0.00807	0.0137551
32	0.0124887	0.00452446	0.00100902	0.00155243	0.233321	0.00346334	0.0629787	0.00371632	0.00125422	0.0402044	0.00407792	0.0137909	0.00182472	0.00145324	0.00196022	0.00459344	0.00744668	0.0234649	0.0307834	0.546092
33	0.163678	0.0140556	0.0271186	0.0329108	0.0245826	0.0558741	0.00818159	0.0420322	0.0212462	0.06079	0.0248829	0.0190278	0.238343	0.0182436	0.0330669	0.0707266	0.0414844	0.0678867	0.0154848	0.0203842
34	0.042957	0.0072718	0.00052813	0.000950298	0.0155554	0.00190373	0.000273972	0.350811	0.00074222	0.134771	0.034871	0.000726512	0.00408321	0.000858163	0.00241261	0.00693355	0.0100219	0.378738	0.0049468	0.00064432
35	0.160816	0.0292351	0.0023371	0.00640629	0.151907	0.0487795	0.00517219	0.0301702	0.00553206	0.156891	0.0302785	0.00534092	0.00625937	0.00358668	0.0106002	0.11851	0.08235	0.107296	0.0134705	0.025063
36	0.0616159	0.0108706	0.00123778	0.00240733	0.0550298	0.0148816	0.00212604	0.147657	0.00279981	0.376077	0.0815077	0.00590022	0.0049813	0.00374624	0.00617001	0.0252327	0.0306337	0.142945	0.00872523	0.0154555
37	0.0957032	0.0119554	0.0140081	0.0312811	0.0423406	0.0407032	0.00814495	0.0623156	0.0193885	0.0793679	0.0877202	0.0213406	0.0760649	0.0210419	0.0267357	0.0735907	0.154704	0.0997746	0.0184203	0.0153979
38	0.232646	0.0410837	0.000453905	0.00175379	0.0726698	0.0622678	0.000468776	0.0493264	0.000691569	0.199657	0.0532518	0.00166948	0.00426484	0.00127458	0.00398178	0.0722667	0.0728901	0.118214	0.00510237	0.00606556
39	0.14912	0.0375695	0.000356225	0.000998138	0.0674591	0.036825	0.000404564	0.136419	0.00108179	0.242012	0.066131	0.00299059	0.0045125	0.00239336	0.00187332	0.0313437	0.0512124	0.159553	0.00289705	0.00484785
40	0.0711889	0.0078668	0.0273228	0.0433271	0.0274656	0.0554775	0.0916292	0.0243078	0.0327218	0.035988	0.0182312	0.12487	0.0186339	0.0333392	0.0499556	0.182772	0.0589517	0.0507733	0.00776426	0.0374134
41	0.140419	0.0241408	0.00341031	0.00476374	0.0631962	0.0364328	0.00179018	0.10136	0.00432131	0.26431	0.075155	0.00729093	0.00599619	0.00582106	0.00847315	0.0527676	0.0485386	0.12986	0.00845423	0.0134986
42	0.22549	0.0400825	0.000262512	0.00142473	0.0725386	0.0672601	0.000222583	0.0482885	0.000464629	0.200118	0.0465968	0.000960146	0.00492457	0.000753882	0.00241462	0.0778395	0.0756503	0.125398	0.0039584	0.00535111
43	0.228919	0.0502099	0.00125342	0.00279559	0.044447	0.0351372	0.000845535	0.0840079	0.00168546	0.105317	0.042303	0.00174445	0.00371559	0.00252991	0.00361986	0.109806	0.0637726	0.20813	0.00542321	0.00433729
44	0.223615	0.0883944	0.00185354	0.00583829	0.0465086	0.0501439	0.0026047	0.0358387	0.00360848	0.117916	0.0284854	0.00488676	0.00580349	0.00306109	0.00459783	0.179191	0.102924	0.0813806	0.00631849	0.00702967
45	0.335941	0.0352647	0.00242133	0.00542306	0.0386249	0.045155	0.0012651	0.0197077	0.00231967	0.0730317	0.0187069	0.00244787	0.00526254	0.00225303	0.00700177	0.208569	0.0962005	0.0688842	0.0268303	0.00468922
46	0.124453	0.0336782	0.000343014	0.000663406	0.0722204	0.0307654	0.000350333	0.162478	0.000640221	0.255652	0.062043	0.00303055	0.00381116	0.00286835	0.000988665	0.0211809	0.0414063	0.176329	0.00218174	0.0049165
47	0.0528295	0.00832991	0.00179394	0.00330532	0.332107	0.0426695	0.00230019	0.0483882	0.0141941	0.208775	0.0171235	0.00410795	0.00440896	0.00340131	0.00651821	0.0584474	0.0247065	0.0629195	0.0361443	0.0675304
48	0.173888	0.0671745	0.00521993	0.00847129	0.0151461	0.202304	0.0021141	0.0107579	0.00399193	0.029348	0.0140861	0.00629926	0.0272043	0.00344622	0.00469046	0.37403	0.0212292	0.0199982	0.00628051	0.00432094
49	0.229068	0.0279094	0.00360495	0.0168963	0.0953244	0.0608456	0.00178704	0.0241779	0.00357808	0.138216	0.0396716	0.00360219	0.00599505	0.00342616	0.00947377	0.115051	0.0774228	0.109849	0.00763731	0.0264633
50	0.129742	0.014118	0.00340363	0.00218739	0.040706	0.00462733	0.000453271	0.176673	0.00198327	0.0795581	0.03594	0.00280296	0.00248824	0.00299911	0.00135728	0.0195849	0.0187417	0.452091	0.00927568	0.0012669
51	0.230166	0.0429992	0.000962522	0.00293326	0.0749815	0.0615844	0.00107355	0.0420198	0.00198069	0.145175	0.0318029	0.00164948	0.0136601	0.00182452	0.00498131	0.120905	0.0652699	0.143657	0.00591339	0.00646084
52	0.109395	0.00368755	0.00197165	0.004528	0.012952	0.00845092	0.0169787	0.21194	0.00605572	0.150542	0.0710662	0.00422645	0.00379645	0.0320821	0.0497588	0.0856672	0.0304928	0.160646	0.0139325	0.0218298
53	0.110832	0.00272512	0.05193	0.0853439	0.0150156	0.0864469	0.0300036	0.0214221	0.0609996	0.025542	0.0233548	0.0591187	0.0332195	0.0331688	0.0640283	0.155568	0.0701441	0.0463463	0.0060318	0.0187589
54	0.0749532	0.00968177	0.002765	0.00476646	0.153436	0.0224698	0.0027005	0.0664602	0.00751269	0.136798	0.0372962	0.00521164	0.0458702	0.00982204	0.00760028	0.0475658	0.0301903	0.148358	0.165928	0.0206139
55	0.036496	0.0016951	0.000635699	0.000983088	0.0572955	0.00363696	0.000533794	0.0864682	0.000812655	0.587865	0.0994075	0.00859376	0.00136036	0.00106622	0.00117612	0.0252932	0.0239759	0.0299728	0.00756795	0.0251641
56	0.0793364	0.0123111	0.046184	0.0647422	0.010714	0.103095	0.0118939	0.0142412	0.248493	0.0170154	0.0134278	0.053349	0.0321497	0.0323415	0.0989319	0.0639685	0.0506202	0.0248058	0.00751806	0.0148619
57	0.0272428	0.00613828	0.000259395	0.000993878	0.0162391	0.00306902	0.000305611	0.378983	0.000984069	0.157724	0.039519	0.000654462	0.00550874	0.000552276	0.00362628	0.00489071	0.0108194	0.334636	0.00647374	0.00138004
58	0.195039	0.0148496	0.00520601	0.0148269	0.0277473	0.0283111	0.00326291	0.0875028	0.0408662	0.0833297	0.0249603	0.0138959	0.0151983	0.00929095	0.0128174	0.0561882	0.179341	0.170597	0.00896147	0.00780734
59	0.254099	0.0147383	0.0164587	0.0206368	0.0195789	0.0333919	0.00689135	0.0322444	0.0105259	0.0502983	0.0164784	0.0135139	0.296723	0.0100503	0.0192473	0.0683783	0.0352169	0.0544855	0.00802548	0.0190172
60	0.0486003	0.00845225	0.00283035	0.0082236	0.113481	0.0237782	0.00220654	0.0549922	0.062792	0.331792	0.0610881	0.00715648	0.0477158	0.032584	0.103499	0.0369599	0.0134811	0.0275096	0.00674655	0.00611077
61	0.106284	0.0108922	0.0250949	0.0396336	0.0246487	0.186676	0.0116968	0.0578661	0.0836031	0.0515665	0.0231233	0.035657	0.035183	0.061417	0.0493315	0.072247	0.0431336	0.0507137	0.0171706	0.0140617
62	0.135114	0.0018369	0.0526766	0.0798609	0.0156532	0.0715986	0.0276902	0.0180227	0.0417976	0.0330438	0.0211065	0.0548594	0.0401221	0.0303718	0.0586823	0.166439	0.0762833	0.0437332	0.00605064	0.0250566
63	0.0304289	0.00633565	0.000641835	0.00418964	0.0134288	0.00351051	0.000650334	0.358133	0.00197361	0.131555	0.0516471	0.00124337	0.0205029	0.002017	0.00922183	0.00604952	0.020747	0.331518	0.00470341	0.00150268
64	0.0275685	0.00077155	0.00509546	0.0189604	0.0020675	0.0242489	0.026678	0.00537905	0.249746	0.0224637	0.00578174	0.00786982	0.00800758	0.0474622	0.453862	0.0365225	0.0151207	0.0207144	0.00815489	0.0135253
65	0.180585	0.0173074	0.0204045	0.026495	0.0131712	0.166081	0.0081081	0.0144814	0.0189166	0.0262566	0.0221794	0.0187888	0.0399175	0.0136214	0.0225154	0.241716	0.0795414	0.0363724	0.022596	0.0109444
66	0.0255521	0.000780683	0.00479786	0.0185517	0.00212199	0.0238713	0.0266721	0.00520853	0.251223	0.0211623	0.00603655	0.00697672	0.00765868	0.0498778	0.458004	0.0350358	0.0152432	0.0200483	0.00865083	0.012527
67	0.0609347	0.00781103	0.0144302	0.0312893	0.00711918	0.0423758	0.0105288	0.00696171	0.35255	0.0229947	0.00766871	0.0451352	0.00575816	0.0250107	0.256016	0.0253522	0.0339482	0.0195701	0.00493698	0.0196081
68	0.0444896	0.00757971	0.000614902	0.00109408	0.0156557	0.00217867	0.000300988	0.348801	0.00097773	0.131034	0.0377848	0.000787702	0.00480843	0.000907122	0.00262017	0.00684503	0.0106919	0.377361	0.00484839	0.000618677
69	0.283619	0.0345782	0.000486966	0.00246211	0.0721766	0.0601735	0.000355458	0.0252661	0.000912977	0.147975	0.0323027	0.000779684	0.00406616	0.000706454	0.00915757	0.118483	0.0775559	0.115553	0.00698274	0.00640704
70	0.277494	0.043079	0.000431852	0.00230534	0.0619291	0.0633294	0.000226423	0.036074	0.00101085	0.148776	0.0324354	0.000733325	0.00371777	0.000457899	0.0033177	0.109671	0.0882617	0.117304	0.00432251	0.00512173
71	0.065174	0.0126477	0.00122463	0.00308923	0.0508047	0.0150584	0.00190842	0.203341	0.0040051	0.306249	0.0601737	0.00646008	0.00420053	0.00476742	0.00652282	0.0229462	0.0319217	0.178154	0.00766041	0.0136904
72	0.186528	0.0407218	0.003998	0.00963098	0.00971759	0.261275	0.00101921	0.00757292	0.00298611	0.0187336	0.0151112	0.00733521	0.0169319	0.00225446	0.00235784	0.35673	0.02875	0.0186375	0.00668392	0.00302435
73	0.124796	0.0233199	0.00108048	0.00106747	0.0505738	0.00929632	0.000561452	0.1775	0.00137899	0.146164	0.040893	0.00216655	0.00267981	0.00592609	0.0015459	0.0215383	0.0212044	0.359036	0.00705674	0.00221483
74	0.0761748	0.0107904	0.00219611	0.00215573	0.0267566	0.00353503	0.000368065	0.280638	0.0017295	0.111648	0.0378298	0.00213056	0.00524122	0.0018444	0.00249666	0.011324	0.0201189	0.396234	0.00580024	0.000988085
75	0.0914012	0.0168696	0.00487132	0.0101044	0.128223	0.0367608	0.00514817	0.0548371	0.0118883	0.162371	0.13368	0.0115099	0.0149219	0.0129857	0.0180285	0.10365	0.0605726	0.0832527	0.0162524	0.0226719
76	0.290833	0.0909243	0.00180781	0.00572683	0.0323016	0.0420617	0.000714298	0.0294372	0.00180754	0.0701569	0.021562	0.00174592	0.00491947	0.00135541	0.00327928	0.21763	0.0994309	0.0753737	0.00487275	0.00405966
77	0.250125	0.0381606	0.000264178	0.00165939	0.0760144	0.0742479	0.000235315	0.0302132	0.000524629	0.186028	0.0380278	0.000511593	0.00395927	0.000413517	0.00317979	0.0895654	0.0796002	0.115449	0.00569204	0.00612831
78	0.0891907	0.00347363	0.0116354	0.0179751	0.00714372	0.0438016	0.0154483	0.0304253	0.0107548	0.0204416	0.0161549	0.14003	0.00779179	0.0210671	0.0147377	0.283073	0.228204	0.0291809	0.00391764	0.00555218
79	0.0384907	0.00756016	0.000402921	0.00122836	0.0170977	0.00417961	0.000427157	0.356694	0.00116356	0.141832	0.0375077	0.001639	0.00501395	0.00120496	0.00310973	0.00671779	0.0123296	0.357458	0.00492116	0.00102291
80	0.209532	0.0291905	0.00235273	0.00327742	0.0616091	0.0459732	0.000796932	0.078387	0.0021361	0.169846	0.0415731	0.00321187	0.00494741	0.00254016	0.00381974	0.0597323	0.056272	0.212136	0.00632548	0.00634061
81	0.226771	0.0596743	0.000479504	0.00184017	0.0742243	0.0828616	0.000591685	0.026652	0.0012966	0.184436	0.034277	0.00122438	0.00449448	0.000938508	0.00362607	0.1169	0.0743325	0.0931024	0.0066078	0.00566998
82	0.116034	0.0106105	0.0332711	0.0435119	0.016042	0.162165	0.0155973	0.0256596	0.034229	0.0423271	0.0204931	0.113131	0.0206048	0.0249955	0.0311431	0.174217	0.0504745	0.0436923	0.00973052	0.0120706
83	0.0827614	0.010741	0.0269451	0.0324586	0.033	0.0546012	0.027141	0.0537354	0.0230205	0.0646385	0.0275314	0.141451	0.0172138	0.0257396	0.0241261	0.112667	0.0833328	0.127584	0.0108991	0.0204131
84	0.107951	0.0140201	0.00313544	0.00214816	0.0283915	0.00352053	0.000384714	0.215786	0.00201157	0.0769932	0.0427933	0.00261441	0.00367516	0.00238526	0.00164533	0.015569	0.0196317	0.449288	0.00696542	0.00108969
85	0.284353	0.0421563	0.004945	0.0100419	0.0257364	0.0860456	0.00241921	0.0227798	0.00621031	0.0584151	0.0205734	0.0111241	0.010309	0.00428567	0.00982814	0.238807	0.0912488	0.0568533	0.00827657	0.00559133
86	0.0810076	0.0143121	0.00181284	0.00431419	0.111351	0.027624	0.00438898	0.0916938	0.00806025	0.335203	0.0593687	0.00803733	0.00803354	0.00611629	0.0103285	0.0362991	0.0366934	0.106695	0.0152674	0.0333924
87	0.0355432	0.00185757	0.00562708	0.020874	0.00336668	0.0253727	0.0229167	0.00578242	0.265749	0.0255972	0.00631248	0.0152987	0.00776181	0.042167	0.420397	0.0348636	0.0168907	0.0210173	0.00745208	0.015153
88	0.0125131	0.00452303	0.00100556	0.00152331	0.232637	0.00340678	0.0635626	0.00369057	0.00124584	0.0399995	0.00406546	0.0136474	0.00183721	0.00141995	0.00193011	0.00453766	0.00745318	0.0233413	0.0308074	0.546853
89	0.0231446	0.00598379	0.000239465	0.000934493	0.0129648	0.0034076	0.000282414	0.386264	0.00112234	0.162008	0.0347296	0.00162202	0.00501715	0.000625449	0.00381595	0.00461754	0.0131555	0.334546	0.00476153	0.000756976
90	0.191705	0.00995155	0.0612817	0.0454792	0.0173037	0.0519642	0.0107571	0.0206764	0.0202716	0.0344643	0.0159285	0.0236479	0.16157	0.0210393	0.0322374	0.117504	0.0456317	0.037327	0.0111622	0.0700972
91	0.0822844	0.0154189	0.00164127	0.00473035	0.0489463	0.0195274	0.00216844	0.214144	0.00376939	0.186167	0.0457621	0.00523254	0.0143176	0.00475846	0.00800986	0.0236253	0.0342547	0.266855	0.0111984	0.00718824
92	0.140745	0.0273729	0.0144182	0.0236296	0.0279482	0.0912072	0.0107071	0.030795	0.0132389	0.0612671	0.0254602	0.0570507	0.0180332	0.0152473	0.0162923	0.251712	0.103073	0.053819	0.00727646	0.0107068
93	0.0884282	0.0186147	0.0015627	0.00457656	0.157938	0.0379269	0.00504576	0.0846067	0.0107699	0.264559	0.0465271	0.00606676	0.00606407	0.00438947	0.0107733	0.040377	0.0367121	0.10956	0.0169203	0.0485813
94	0.108901	0.00597102	0.0274279	0.0729066	0.02095	0.042328	0.0180189	0.0320937	0.0241963	0.0369352	0.0491691	0.117524	0.0227633	0.0218649	0.0301517	0.0955061	0.150126	0.102147	0.00782187	0.0131971
95	0.05371	0.00448119	0.0189217	0.033658	0.0129767	0.0520906	0.020955	0.0174575	0.207325	0.0380184	0.0160088	0.0260614	0.0185524	0.0559478	0.267964	0.0627153	0.0349809	0.03434	0.00963783	0.0141984
96	0.254261	0.0240951	0.00438579	0.00995145	0.0415355	0.0575935	0.00228599	0.0407979	0.005645	0.0929466	0.0785515	0.00877662	0.0101826	0.00583674	0.00694975	0.0878218	0.125509	0.125826	0.00888823	0.00816016
97	0.0245204	0.00514388	0.000270458	0.000919563	0.011941	0.00175999	0.000218485	0.387525	0.000803658	0.147912	0.0343149	0.000511546	0.00522797	0.000475393	0.00299338	0.00432669	0.00930818	0.357243	0.00403971	0.000544656
98	0.108655	0.00507553	0.0393947	0.0643712	0.0210089	0.096611	0.0228943	0.0229815	0.0825613	0.0354818	0.0341885	0.0470493	0.028197	0.0312951	0.0900526	0.138229	0.0650193	0.0430463	0.00739473	0.0164921
99	0.27694	0.038377	0.00589232	0.0107506	0.0155098	0.142165	0.00308334	0.0164286	0.0050227	0.0397799	0.020141	0.0101318	0.0134275	0.00435104	0.00624072	0.270723	0.0659803	0.0429249	0.00810148	0.00402913
100	0.173025	0.0212789	0.00326597	0.00512411	0.0123508	0.0330733	0.0015712	0.040151	0.00624147	0.0277474	0.0191775	0.028994	0.0045031	0.00385758	0.00867155	0.258633	0.292306	0.0524235	0.00455052	0.00305415
101	0.117747	0.0112502	0.00235609	0.00394918	0.0098622	0.0148471	0.00224093	0.0599591	0.00693836	0.025517	0.0201482	0.0379226	0.0039492	0.00453531	0.00928064	0.244935	0.363689	0.05281	0.00417958	0.00388303
102	0.170595	0.0137743	0.0231236	0.0265334	0.0269411	0.0475543	0.00634891	0.0482387	0.0188484	0.0619931	0.0265311	0.0168174	0.254371	0.0164231	0.02669	0.0624289	0.0405887	0.0716625	0.0175332	0.0230039
103	0.140807	0.0239814	0.00094113	0.00192026	0.11711	0.0394258	0.00111264	0.100801	0.00472763	0.228651	0.0446065	0.00342259	0.00523845	0.00283643	0.00481098	0.0421999	0.0459125	0.160982	0.0117665	0.0187473
104	0.170902	0.0267791	0.00285978	0.00403684	0.097712	0.0421325	0.001621	0.0868498	0.00500789	0.164969	0.0391548	0.00470802	0.00819207	0.00387916	0.00588184	0.058228	0.0506271	0.195211	0.0143015	0.0169474
105	0.260251	0.0710621	0.0021771	0.00686257	0.0450302	0.0495497	0.0023319	0.040656	0.00534439	0.100897	0.0287786	0.00549556	0.0069589	0.00316792	0.00574052	0.150172	0.114515	0.0854489	0.00693309	0.00862845
106	0.181598	0.0244627	0.00677531	0.0068771	0.0500498	0.0306649	0.00257295	0.112716	0.00296522	0.117282	0.0572414	0.00730496	0.00629912	0.00521859	0.00528141	0.048939	0.0484959	0.268897	0.00779003	0.0085684
107	0.0404571	0.00695409	0.000388004	0.000886711	0.0152895	0.00214942	0.000293998	0.355013	0.00086028	0.139857	0.0345629	0.000619602	0.00430586	0.000894722	0.00247016	0.00683067	0.0095297	0.372975	0.00496129	0.000701214
108	0.0851473	0.0270158	0.000376346	0.000898093	0.0744928	0.0185315	0.000594303	0.173953	0.00115025	0.316097	0.065942	0.00385154	0.00384161	0.0032225	0.00160507	0.0122619	0.0363571	0.161581	0.00412659	0.00895347
109	0.291701	0.0353694	0.00266129	0.00549891	0.0295221	0.105981	0.00169501	0.0192427	0.00406695	0.0773194	0.0335328	0.00591145	0.00496003	0.00252052	0.0045798	0.196175	0.101884	0.064439	0.00910771	0.00383244
110	0.0561205	0.0199764	0.00164932	0.00299601	0.248789	0.0507941	0.00177078	0.0576792	0.0297306	0.168906	0.0251916	0.00428401	0.00511689	0.00295764	0.00758907	0.0227995	0.0400944	0.109946	0.0448632	0.0987457
111	0.0914365	0.026133	0.000378634	0.000679644	0.0747938	0.017172	0.00057172	0.202594	0.000747303	0.263687	0.0601169	0.00292607	0.00339096	0.00307824	0.0014561	0.00907647	0.0350128	0.195972	0.00373546	0.00704253
112	0.0276415	0.0063013	0.000287283	0.00138431	0.0122803	0.00238003	0.000268875	0.386629	0.0010477	0.146602	0.0431544	0.000606159	0.00686426	0.000691996	0.00392568	0.00490631	0.011578	0.337833	0.00482997	0.000786879
113	0.0840874	0.00579322	0.0226404	0.0549812	0.0439695	0.0715376	0.0142147	0.0659393	0.0557222	0.0961246	0.0522388	0.0338003	0.0214058	0.0406314	0.0632777	0.100437	0.0798317	0.074273	0.0073494	0.0117452
114	0.0661837	0.0294584	0.00249524	0.0241443	0.0875838	0.130349	0.00166787	0.0214684	0.0832886	0.211457	0.0364581	0.0258672	0.00890927	0.0299798	0.123223	0.0153021	0.013183	0.0761603	0.00703576	0.00578443
115	0.0255247	0.000780737	0.00479518	0.0185322	0.00216421	0.0239263	0.0266762	0.0052017	0.251228	0.0211481	0.0060408	0.00697775	0.00766131	0.0500395	0.457883	0.0350083	0.015221	0.0200434	0.00864473	0.0125023
116	0.0255521	0.000780683	0.00479786	0.0185517	0.00212199	0.0238713	0.0266721	0.00520853	0.251223	0.0211623	0.00603655	0.00697672	0.00765868	0.0498778	0.458004	0.0350358	0.0152432	0.0200483	0.00865083	0.012527
117	0.0960836	0.0110903	0.0267617	0.118145	0.0693306	0.0395718	0.0230701	0.0371814	0.0215788	0.0503352	0.0207725	0.0304427	0.0771503	0.0192562	0.0370832	0.0747097	0.105152	0.0680746	0.0118462	0.0623645
118	0.143138	0.0026472	0.0580155	0.0633158	0.013398	0.0649313	0.0202771	0.0170743	0.032755	0.0285732	0.018232	0.0426058	0.0397515	0.0250343	0.0567862	0.200448	0.100385	0.0466402	0.00662421	0.0193666
119	0.0605219	0.00913681	0.0107343	0.0673556	0.0314962	0.0214594	0.00736249	0.0524895	0.015604	0.054135	0.0419888	0.0235813	0.0239831	0.0636475	0.0178866	0.0385152	0.198747	0.238674	0.0115052	0.0111753
120	0.0907693	0.0137843	0.00601804	0.0111231	0.13401	0.026251	0.0386509	0.0302158	0.00971608	0.0784445	0.0266957	0.0128437	0.016464	0.00782845	0.0159334	0.0336228	0.0355516	0.0614026	0.057051	0.293623
121	0.2347	0.0382577	0.000269558	0.00137567	0.073811	0.068575	0.000215202	0.0470616	0.000482603	0.19781	0.0442747	0.000908118	0.00405873	0.000481829	0.00256241	0.07588	0.0720506	0.127885	0.00388455	0.00545615
122	0.381306	0.0609914	0.00114205	0.00705498	0.0162427	0.0507679	0.000558084	0.02507	0.00198764	0.0432275	0.0148889	0.00149881	0.00337911	0.00124033	0.00265482	0.222809	0.101236	0.0544019	0.0072495	0.00229261
123	0.0422655	0.00515374	0.000715758	0.00170324	0.0549696	0.00615097	0.000700799	0.107634	0.00170307	0.527194	0.0986532	0.00782978	0.00240169	0.0021336	0.0034789	0.0228678	0.0278164	0.0573118	0.00793706	0.0213797
124	0.0229166	0.00506227	0.000278028	0.000911312	0.0118493	0.00204308	0.000219383	0.390192	0.000831902	0.152338	0.0334557	0.000658187	0.00504105	0.000448916	0.00314308	0.00439503	0.00944964	0.352032	0.00419172	0.000542713
125	0.131915	0.0148049	0.0119293	0.020304	0.0457431	0.0334673	0.00678028	0.0684228	0.0148936	0.147821	0.0396875	0.0148576	0.172881	0.0151287	0.0252696	0.049275	0.0458242	0.106759	0.0165588	0.0176773
126	0.0354249	0.00717774	0.000463691	0.00105763	0.0150391	0.00259178	0.000366908	0.364046	0.000895238	0.143211	0.0397691	0.000740217	0.00543333	0.00087957	0.00310342	0.00594593	0.0112066	0.356888	0.00509784	0.000662697
127	0.170847	0.0656474	0.00318246	0.00427536	0.0448214	0.0289751	0.00149865	0.102574	0.00273592	0.11699	0.060859	0.00436822	0.00613563	0.00384899	0.00445233	0.0525864	0.0436158	0.268985	0.00747496	0.00612588
128	0.26838	0.0341779	0.00044446	0.00193614	0.0719449	0.0802886	0.000496091	0.0259281	0.000873957	0.176399	0.0332368	0.000790046	0.00368948	0.000784343	0.00371414	0.0897789	0.0909319	0.103026	0.00727939	0.00590011
129	0.14921	0.0265323	0.0153222	0.0239552	0.036155	0.215768	0.00634531	0.0318213	0.0252896	0.0659731	0.0258338	0.0332405	0.0173779	0.0135776	0.0236046	0.159316	0.0481629	0.0582947	0.0107722	0.0134475
130	0.116564	0.0238586	0.00178591	0.00196909	0.0381094	0.00915961	0.000736258	0.196193	0.002219	0.102932	0.0414592	0.00279743	0.00327957	0.00359929	0.00271243	0.0324771	0.0220322	0.386358	0.00894432	0.00281334
131	0.0980184	0.017109	0.0031073	0.00236924	0.0244429	0.0033056	0.000369116	0.227447	0.00131233	0.0814519	0.0536348	0.00280062	0.00432481	0.00214131	0.0020594	0.014754	0.0160418	0.437713	0.0063915	0.00120602
132	0.0384921	0.00828561	0.000321942	0.000982253	0.0147782	0.00271703	0.000335761	0.360285	0.00093768	0.143545	0.0404762	0.000707331	0.00510868	0.000861926	0.00293446	0.00608605	0.0113111	0.356543	0.00454465	0.000746491
133	0.308174	0.0931868	0.00143177	0.00628155	0.0272472	0.0445411	0.00109699	0.0289836	0.00206506	0.0612149	0.0195441	0.00214914	0.00501335	0.00178622	0.00270962	0.225222	0.100407	0.0595172	0.00555776	0.00387008
134	0.111113	0.00409578	0.00157267	0.00243753	0.00523398	0.0125997	0.00112411	0.0549106	0.00660968	0.0098602	0.0160912	0.0448	0.00286882	0.00283483	0.00980701	0.261878	0.413387	0.034161	0.00248512	0.00212987
135	0.103636	0.0105483	0.0107952	0.0216954	0.0400592	0.144614	0.00729231	0.0815072	0.0618798	0.110052	0.0220791	0.0628583	0.0171354	0.0194844	0.0319185	0.0437601	0.0390608	0.113412	0.0426435	0.0155688
136	0.164497	0.0312376	0.00747104	0.0178074	0.00727011	0.334798	0.00125154	0.00696394	0.00358459	0.0146972	0.0143703	0.0101503	0.0154946	0.00272861	0.00282475	0.309998	0.0256394	0.018715	0.00682473	0.00367533
137	0.121988	0.0112282	0.0332629	0.0916086	0.0256004	0.0605491	0.0203247	0.031141	0.0325164	0.0434859	0.0253088	0.04943	0.0286391	0.02421	0.0408038	0.16211	0.0812983	0.0878777	0.0089301	0.0196866
138	0.163797	0.01457	0.00568021	0.017271	0.0366582	0.0235789	0.00372606	0.0817494	0.00641191	0.121098	0.0302868	0.00843406	0.192979	0.00768989	0.014399	0.0323279	0.0411975	0.173123	0.0125968	0.0124256
139	0.0669292	0.00340293	0.0360801	0.0525672	0.0101245	0.0801406	0.0132369	0.013666	0.0133447	0.0781148	0.0170322	0.19716	0.0106064	0.0286083	0.0206959	0.295391	0.026108	0.0206063	0.00388661	0.0122979
140	0.0726117	0.015089	0.00767348	0.0144915	0.179868	0.0476923	0.00711194	0.0582374	0.0614096	0.126103	0.0325129	0.0139413	0.0131965	0.0139725	0.0282311	0.042879	0.0454706	0.146467	0.0254087	0.0476318
141	0.0247103	0.00371389	0.0235561	0.0167568	0.0119041	0.0591356	0.0774456	0.0108059	0.00552614	0.025254	0.0119807	0.327909	0.00606115	0.0585884	0.00684814	0.255907	0.0390302	0.0219697	0.00386422	0.00903275
142	0.033762	0.00653278	0.00358195	0.0086113	0.0994276	0.0139466	0.00334681	0.0359004	0.00595202	0.126473	0.119655	0.00592197	0.0822484	0.0379775	0.010144	0.0239625	0.0618117	0.187794	0.124267	0.00868326
143	0.0667615	0.0104972	0.000836235	0.00178771	0.214486	0.0296206	0.00166672	0.140399	0.011237	0.19369	0.03443	0.00225785	0.0035423	0.00230645	0.00345298	0.0169232	0.0249442	0.15302	0.0244791	0.0636624
144	0.141474	0.0243492	0.0171624	0.0262564	0.0373691	0.206476	0.0061996	0.0321971	0.0259797	0.0729822	0.0249015	0.0328276	0.0198373	0.0148943	0.027042	0.15625	0.0459935	0.0610435	0.0119734	0.0147909
145	0.0915184	0.0146207	0.00310246	0.00584806	0.115937	0.0246066	0.00439049	0.137097	0.00777657	0.149585	0.0382838	0.00587278	0.00836115	0.00515832	0.00812297	0.0291301	0.0323978	0.272528	0.0182927	0.0273697
146	0.0303363	0.0172222	0.000546692	0.00147397	0.0246809	0.0102716	0.000627507	0.308745	0.00166698	0.231882	0.0359817	0.00791826	0.0051224	0.00210984	0.00399355	0.00504612	0.0456602	0.260526	0.00392588	0.00226358
147	0.118366	0.0316604	0.000561046	0.00083271	0.0605921	0.018271	0.000570281	0.202432	0.000822244	0.212247	0.0690881	0.00318882	0.0033487	0.00369101	0.00219829	0.015397	0.0310715	0.217161	0.00357259	0.00492853
148	0.269958	0.0819874	0.00246467	0.0046868	0.0406898	0.0444858	0.00151969	0.0511146	0.00298557	0.0964005	0.0312035	0.00288711	0.0090247	0.00319811	0.00477019	0.111895	0.0678186	0.157917	0.00607516	0.00891842
149	0.023994	0.00513902	0.000276968	0.000908447	0.0129795	0.00202343	0.000237307	0.386694	0.000757643	0.150925	0.0341971	0.000545879	0.00504236	0.000494189	0.00292881	0.00441894	0.00910957	0.354499	0.00422312	0.000605376
150	0.310865	0.0101292	0.00130288	0.00235404	0.00812393	0.173648	0.00108971	0.0120057	0.00445566	0.0303658	0.0354283	0.00208405	0.00470891	0.00166522	0.00255299	0.202137	0.123909	0.0574695	0.0133487	0.00235601
151	0.240239	0.0544082	0.00400403	0.00548018	0.0144963	0.148965	0.00149353	0.0120318	0.00243124	0.0327599	0.0141971	0.00566992	0.0155394	0.00248808	0.00332024	0.366985	0.0391693	0.0264833	0.00686362	0.00297391
152	0.0971444	0.00334971	0.00647413	0.0115564	0.00779809	0.0207582	0.00842456	0.0461554	0.00982127	0.0139058	0.0181265	0.0691638	0.00523975	0.0095993	0.0131118	0.237955	0.364695	0.0483849	0.00320264	0.00513272
153	0.205788	0.0389777	0.000352796	0.00117744	0.0737563	0.0600409	0.000483777	0.0758688	0.000688573	0.20973	0.0472773	0.00157376	0.00403173	0.00118812	0.00208521	0.0661342	0.0635597	0.138228	0.00376166	0.00529574
154	0.245963	0.0503825	0.000628322	0.00274462	0.0636656	0.0866681	0.000662172	0.0254446	0.00136017	0.17527	0.0306465	0.00245021	0.00452917	0.0015091	0.00336279	0.13572	0.0684793	0.0887847	0.00665601	0.00507329
155	0.0853325	0.00390039	0.0359629	0.0542583	0.0146333	0.061772	0.0243843	0.0197525	0.0762993	0.0389367	0.0193758	0.100205	0.0207491	0.0307103	0.119952	0.166953	0.0631364	0.0379414	0.00702393	0.0187205
156	0.215376	0.0249392	0.0107574	0.0188717	0.0224228	0.225816	0.00373146	0.0193619	0.0117496	0.0557623	0.0242753	0.0145411	0.0177917	0.00795913	0.0106122	0.189335	0.0577804	0.0498847	0.0103958	0.00863634
157	0.11395	0.0222837	0.00100917	0.00237101	0.117361	0.0480013	0.00237573	0.0870012	0.00575126	0.267159	0.042921	0.00366183	0.00500423	0.0028512	0.00617158	0.0367859	0.05179	0.153421	0.0131044	0.0170245
158	0.0597882	0.0123117	0.00914399	0.0245368	0.0842389	0.0608669	0.00774327	0.0319586	0.147159	0.132156	0.0716691	0.0214186	0.0190933	0.0270818	0.137705	0.0425088	0.0332574	0.0457429	0.0118028	0.0198167
159	0.115209	0.00604274	0.0025637	0.00293221	0.0055162	0.0232749	0.0012514	0.0437717	0.00760749	0.0101913	0.0242967	0.0373239	0.00378711	0.00318098	0.00896935	0.288002	0.375687	0.0348466	0.00325605	0.00228989
160	0.0842753	0.0273488	0.00133958	0.00240252	0.036539	0.0116859	0.00117828	0.233715	0.00197056	0.159357	0.0462674	0.00472075	0.00554113	0.00367428	0.00361928	0.0184622	0.0407024	0.306789	0.00553375	0.0048778
161	0.0732925	0.0151911	0.000956569	0.00221034	0.0792682	0.0208722	0.00381407	0.151792	0.00382504	0.25906	0.0564048	0.00314697	0.00615739	0.00372518	0.00924618	0.0150818	0.0275861	0.244874	0.0149969	0.00849827
162	0.0771027	0.00915966	0.0233997	0.0349032	0.0160967	0.0715231	0.0256268	0.0202176	0.0269619	0.0453947	0.0229849	0.142591	0.0174685	0.0634799	0.0308265	0.267739	0.0501974	0.0333888	0.00796489	0.0129726
163	0.114586	0.00866297	0.0455096	0.0803715	0.0102665	0.274143	0.0112997	0.0135217	0.0259494	0.0232173	0.0135918	0.0393325	0.026626	0.0192811	0.0291955	0.181483	0.0367591	0.0268685	0.00653668	0.012798
164	0.0449113	0.00470087	0.00112756	0.00357841	0.0441503	0.0177997	0.00733656	0.182306	0.0184816	0.258276	0.0540701	0.00428137	0.00843966	0.00983194	0.0456732	0.0212683	0.0218285	0.210124	0.0309205	0.0108951
165	0.0431285	0.0101238	0.000581709	0.0021114	0.0345331	0.00891542	0.000947973	0.274609	0.00136494	0.28347	0.0522761	0.00613026	0.00494859	0.00198132	0.0051427	0.0124151	0.0281353	0.21414	0.00638962	0.00865477
166	0.0372702	0.00297555	0.0007546	0.00147116	0.0548852	0.00627974	0.000729762	0.0821105	0.00122842	0.564805	0.111617	0.00839497	0.00221292	0.00171439	0.00313538	0.0251569	0.0252877	0.032662	0.00934621	0.0279621
167	0.147357	0.00397826	0.0024409	0.00297768	0.00923947	0.0788035	0.0013831	0.0332452	0.018988	0.0144365	0.0240853	0.0252234	0.00553587	0.00415259	0.00795823	0.234983	0.341484	0.0339937	0.00618728	0.00354715
168	0.101249	0.00401526	0.0845404	0.0818445	0.0126347	0.0883283	0.0231469	0.0175314	0.0568219	0.023344	0.0180543	0.0649723	0.0712575	0.0404129	0.0552184	0.133064	0.0576848	0.0368992	0.0103334	0.0186466
169	0.10556	0.00526083	0.217009	0.168097	0.0115563	0.0461181	0.0106924	0.0121216	0.0145066	0.0367926	0.0106315	0.0556549	0.0894306	0.0518045	0.0138087	0.0626207	0.0484093	0.0203846	0.0087719	0.0107683
170	0.126587	0.00496482	0.0399242	0.0961556	0.0130639	0.14617	0.0181745	0.0162468	0.0345571	0.0309904	0.0184194	0.0671347	0.0253388	0.0239168	0.0413849	0.190216	0.0494557	0.0351538	0.00565665	0.016489
171	0.116294	0.0118172	0.0438505	0.0951065	0.0304959	0.0765625	0.016782	0.0323254	0.0471916	0.0502879	0.0240705	0.0543034	0.0383392	0.0263348	0.0529609	0.109878	0.0750326	0.0621177	0.0128432	0.0234062
172	0.0275366	0.000800816	0.00493872	0.0188904	0.00210999	0.0240805	0.0261472	0.00547977	0.250987	0.0220206	0.00594546	0.0080449	0.00777245	0.0482234	0.454007	0.0358769	0.0153399	0.0202962	0.0082726	0.0132297
173	0.04093	0.00451939	0.00059013	0.000985693	0.0539219	0.0049741	0.00054976	0.105085	0.000884104	0.550157	0.0960618	0.00885895	0.00166298	0.00144488	0.00161848	0.0223838	0.0257582	0.0492272	0.00778123	0.0226049
174	0.0264732	0.00439618	0.270933	0.038794	0.0120183	0.0597849	0.0627051	0.0127894	0.00549259	0.0206522	0.0101399	0.303697	0.0321886	0.0319684	0.00676187	0.0227839	0.04593	0.0212336	0.00567155	0.00558666
175	0.26739	0.0280228	0.0121687	0.0104616	0.0141353	0.0797636	0.00320562	0.0174383	0.00526837	0.0289347	0.0127114	0.00719801	0.171114	0.00710635	0.00968926	0.240273	0.0327368	0.0296451	0.00798891	0.0147486
176	0.0613635	0.0156899	0.000965168	0.00265018	0.0446087	0.0120968	0.00140713	0.246617	0.00204939	0.220701	0.0628456	0.00293393	0.00626163	0.00455935	0.0068662	0.0127241	0.0284053	0.254306	0.00719971	0.00574904
177	0.0969962	0.00223928	0.0522858	0.074987	0.0145084	0.0670859	0.0251969	0.0165032	0.0350752	0.0466475	0.0181943	0.11839	0.0263129	0.0280626	0.0530615	0.201578	0.055292	0.0365109	0.00541456	0.0256575
178	0.0754568	0.0138112	0.00288849	0.0044864	0.0669055	0.0238809	0.00242593	0.111703	0.00578806	0.383038	0.0668795	0.00951386	0.00767176	0.00483739	0.00867205	0.0422705	0.0378377	0.0986723	0.00965803	0.0236033
179	0.0814523	0.0148419	0.00140397	0.00383263	0.0557094	0.0217076	0.00160329	0.0915065	0.00275037	0.420355	0.0869515	0.0093092	0.00587799	0.00330149	0.00445435	0.0398181	0.0569099	0.0710294	0.00881389	0.0183711
180	0.037527	0.00873071	0.00429539	0.00835255	0.0618205	0.0557101	0.00401943	0.0190774	0.00990532	0.133248	0.237455	0.00769589	0.00933274	0.00721657	0.0879291	0.0247832	0.0229319	0.0314884	0.0527448	0.175736
181	0.027441	0.0140752	0.00178753	0.0064007	0.148964	0.00763932	0.165408	0.0110702	0.00288917	0.0475735	0.00675015	0.0212894	0.00422214	0.00266479	0.00421301	0.0220185	0.0281871	0.0337234	0.0219216	0.421761
182	0.0832935	0.0174825	0.00382195	0.00961141	0.0473463	0.022089	0.00269669	0.167559	0.00764104	0.16207	0.0953861	0.0127753	0.0125111	0.0165221	0.0127686	0.0500433	0.111233	0.143239	0.0104908	0.0114184
183	0.21019	0.0745191	0.0026812	0.00394872	0.0177755	0.146368	0.0010831	0.0133236	0.00198348	0.0363485	0.0128023	0.00407844	0.0173876	0.00180029	0.00242976	0.397877	0.0267119	0.0213376	0.00485375	0.00249982
184	0.164517	0.0491985	0.0165467	0.0230922	0.0207461	0.0936042	0.00490081	0.0623392	0.0183751	0.044099	0.0160058	0.0115106	0.235883	0.0147923	0.0566904	0.0410417	0.0357025	0.0493517	0.0149252	0.0266784
185	0.038655	0.00709114	0.00210841	0.0189814	0.034335	0.00657227	0.00132652	0.258171	0.00413304	0.112477	0.097523	0.00357233	0.0305777	0.0133244	0.0131099	0.0137987	0.0593679	0.272319	0.00896556	0.00359041
186	0.173281	0.0167924	0.0436881	0.0349305	0.0158057	0.0647897	0.0104815	0.0186826	0.0163008	0.0345316	0.0170118	0.0406939	0.0249216	0.0150193	0.0256613	0.296447	0.0706276	0.0583404	0.00825801	0.0137354
187	0.103226	0.0309678	0.000572246	0.000833857	0.0647432	0.0168454	0.000522108	0.196409	0.000912371	0.223179	0.0562762	0.00265751	0.00333098	0.00343786	0.00133842	0.0136653	0.0320143	0.240217	0.00428903	0.00456306
188	0.112835	0.0331516	0.000320162	0.000603469	0.0712518	0.0254268	0.000372927	0.177683	0.000610832	0.26131	0.0648658	0.00312901	0.00364057	0.00291275	0.00103792	0.0146604	0.0391199	0.179808	0.00229626	0.00496345
189	0.0807503	0.0276297	0.000509754	0.0013569	0.0777709	0.0176624	0.00144296	0.174658	0.00158157	0.293445	0.0485924	0.00378889	0.00914326	0.00768123	0.0030491	0.0107871	0.0420975	0.187526	0.00514268	0.00538426
190	0.0749873	0.0133925	0.00172427	0.00374864	0.0632721	0.0230373	0.00288047	0.120316	0.00586401	0.379601	0.065629	0.0075416	0.0075075	0.00415574	0.00887643	0.0371999	0.0359817	0.112914	0.0117136	0.0196565
191	0.108183	0.0245343	0.000602297	0.00115796	0.0778201	0.047021	0.00255117	0.140307	0.00269151	0.258517	0.0559681	0.00389171	0.00400325	0.00268425	0.00545779	0.0202057	0.034485	0.193223	0.00958998	0.0071051
192	0.166629	0.0134896	0.00543884	0.0138626	0.0306069	0.0194111	0.00315675	0.109154	0.00584833	0.111407	0.0255844	0.00595124	0.252792	0.00627226	0.014069	0.0250486	0.0323325	0.138631	0.00966879	0.0106465
193	0.243426	0.038332	0.000260594	0.00197806	0.0774507	0.069043	0.000274288	0.0331188	0.000616444	0.183713	0.0403373	0.000676583	0.00400781	0.000670005	0.00415924	0.0863024	0.0808273	0.121135	0.00546649	0.00820472
