257	20
1	0.407984	0.197611	0.00337675	0.00178735	0.00150685	0.0820919	0.00516337	0.00269715	0.00983481	0.0177802	0.00149489	0.06992	0.0254436	0.00986758	0.00185952	0.120947	0.0270872	0.0115314	0.000596647	0.00141921
2	0.0057011	0.00130336	0.0018134	0.00197311	0.309675	0.00219789	0.026252	0.0509053	0.00220551	0.26328	0.0104016	0.00231165	0.00914875	0.00273852	0.00191921	0.00415346	0.0038724	0.021284	0.00948445	0.269379
3	0.010286	0.00313255	0.0101485	0.010402	0.023111	0.00243434	0.00179373	0.564815	0.00275669	0.0454234	0.00376894	0.00255184	0.00131279	0.00246388	0.00170081	0.00472222	0.0150907	0.274428	0.00114188	0.0185164
4	0.0567577	0.00209666	0.202621	0.0308268	0.00206799	0.158541	0.0406325	0.00408604	0.00346463	0.00519396	0.00275764	0.435475	0.00259342	0.00354253	0.0157816	0.0199195	0.00499306	0.00505363	0.00125606	0.0023391
5	0.140715	0.00143525	0.0839309	0.0452031	0.00374903	0.264386	0.00709164	0.00463621	0.0909364	0.00497209	0.00117516	0.107018	0.00404352	0.0148203	0.0283593	0.149222	0.0419931	0.00185939	0.000357632	0.00409508
6	0.0830239	0.0079637	0.0733934	0.295538	0.00200806	0.0229345	0.0416217	0.00495697	0.0871503	0.0392872	0.00642367	0.0640699	0.000611227	0.113872	0.0550198	0.0312086	0.0206622	0.02717	0.0081263	0.0149587
7	0.516271	0.00924837	0.00960555	0.0288093	0.0287917	0.0311602	0.00719567	0.0198602	0.00738449	0.0127341	0.00666979	0.00900051	0.00459642	0.0515819	0.00663266	0.0910343	0.0471176	0.0823855	0.00218348	0.0277376
8	0.0213286	0.00727269	0.000641634	0.000674189	0.0149721	0.000697417	0.000964615	0.380509	0.00163803	0.0833648	0.00884091	0.00188989	0.000465237	0.000887846	0.000285136	0.0020439	0.0117282	0.459587	0.00138797	0.000820866
9	0.0843798	0.00697047	0.0838413	0.288161	0.00198316	0.0229156	0.0377449	0.00516399	0.0851091	0.0393419	0.00571029	0.0663297	0.000589508	0.108841	0.0600907	0.0324933	0.0217942	0.0272123	0.00754033	0.0137871
10	0.455709	0.00385717	0.0169284	0.0299915	0.00602354	0.0186967	0.0222363	0.0327203	0.0177171	0.0183865	0.00468616	0.030898	0.00260222	0.00635984	0.0160854	0.181247	0.0402503	0.0767817	0.00150004	0.017323
11	0.62758	0.0181371	0.00206932	0.000996046	0.00247629	0.038329	0.00195916	0.00374845	0.00112985	0.00250011	0.00258481	0.0048823	0.00151032	0.0017513	0.00134491	0.251261	0.0286896	0.00785574	0.000342747	0.000851649
12	0.0373058	0.000866125	0.343583	0.366358	0.000652555	0.018948	0.00455009	0.0049171	0.036053	0.00628977	0.000706941	0.0479611	0.0151331	0.0525409	0.0101285	0.0278611	0.0208364	0.00278634	0.000390756	0.00213166
13	0.0649966	0.000683805	0.255237	0.402868	0.000737311	0.00735587	0.0116336	0.00276285	0.0312407	0.00410247	0.000730961	0.0262123	0.0427533	0.0756292	0.019874	0.0206914	0.0220469	0.00285716	0.000547877	0.00703901
14	0.00840745	0.00720614	0.00062537	0.00244695	0.0470829	0.00169905	0.00186146	0.192266	0.0032313	0.569853	0.0501716	0.00263489	0.00280315	0.00313518	0.0029378	0.00246054	0.00918113	0.0753848	0.00944436	0.00716748
15	0.61659	0.00303556	0.001884	0.00131685	0.00368385	0.237653	0.00127088	0.00509618	0.0018366	0.0146816	0.00146241	0.00155149	0.00161489	0.00378797	0.00118708	0.0444157	0.0224118	0.03059	0.000486475	0.00544278
16	0.113146	0.00087139	0.0603888	0.0380956	0.00063458	0.0116051	0.0168696	0.053729	0.135507	0.11821	0.00639454	0.0291749	0.00127173	0.0597938	0.159601	0.0245027	0.109313	0.0596554	0.000310991	0.000924468
17	0.00751357	0.0056639	0.000790347	0.00531077	0.0147863	0.00177854	0.00243795	0.250429	0.00179752	0.529861	0.0520928	0.00366163	0.00143162	0.00585189	0.00154613	0.00222415	0.0118535	0.0956511	0.00292364	0.00239401
18	0.014766	0.00609983	0.000975007	0.0110606	0.00300293	0.00200982	0.00672231	0.255191	0.00133129	0.470293	0.0593053	0.00549044	0.00115097	0.00823605	0.00213307	0.00372914	0.0145646	0.131109	0.000642315	0.00218833
19	0.133844	0.0806802	0.00655646	0.00186975	0.00832299	0.00608592	0.00174359	0.0162611	0.00224254	0.00691442	0.00383782	0.00365178	0.00385963	0.00217659	0.00181005	0.102522	0.380475	0.234975	0.000686502	0.0014847
20	0.207296	0.00174667	0.00218561	0.00272838	0.0281363	0.00481758	0.0509284	0.004107	0.0669473	0.254983	0.079215	0.00328775	0.00207862	0.00343045	0.0661778	0.066783	0.096362	0.0202237	0.0215993	0.0169665
21	0.0431231	0.00202109	0.24772	0.404439	0.0015049	0.014016	0.0112759	0.00416527	0.0423806	0.012982	0.00188278	0.0437552	0.0141682	0.0681817	0.0235636	0.0267191	0.0252277	0.00650207	0.0014352	0.00493653
22	0.0594598	0.116818	0.00491709	0.0268385	0.00348478	0.0274928	0.0269982	0.028191	0.00529826	0.0077848	0.108198	0.0855253	0.0032997	0.15683	0.00487022	0.214611	0.0828582	0.0309284	0.00184556	0.00375015
23	0.0493241	0.000745432	0.00391195	0.00196244	0.00140018	0.894506	0.000989972	0.00165969	0.0030612	0.00186846	0.00132531	0.00271727	0.00392102	0.00162251	0.00159445	0.0203549	0.00323769	0.00378686	0.000665466	0.00134545
24	0.0366841	0.00196289	0.0103364	0.0121133	0.00229691	0.0103061	0.0310087	0.0171518	0.438202	0.0118787	0.00336949	0.0256992	0.0106164	0.0414204	0.229247	0.0453434	0.0270353	0.0400007	0.00215804	0.00316911
25	0.0688426	0.00644306	0.000593589	0.00067666	0.000496506	0.00302899	0.0036898	0.0048295	0.000700979	0.00108083	0.0037455	0.000790767	0.814221	0.0007786	0.000592908	0.0653814	0.0161111	0.00694258	0.00065197	0.000401954
26	0.00704981	0.00603277	0.000815663	0.00186512	0.0862761	0.0017645	0.00295467	0.148655	0.00629729	0.558252	0.0459116	0.00193791	0.00354323	0.004322	0.0071082	0.00669125	0.0157162	0.0584658	0.0169037	0.0194374
27	0.0647111	0.0014579	0.00194062	0.0219245	0.00840813	0.0178533	0.00207577	0.0397201	0.206487	0.018821	0.00207612	0.0317496	0.160971	0.00979377	0.132053	0.121458	0.113494	0.042499	0.000723497	0.001782
28	0.0297743	0.0010296	0.210668	0.51098	0.00101915	0.00688378	0.00835006	0.00297776	0.0207691	0.0101965	0.00121952	0.0197691	0.00632691	0.0897248	0.01846	0.0194631	0.0293231	0.00889754	0.00114811	0.00301958
29	0.642921	0.0137001	0.00157131	0.0009106	0.000892612	0.0380638	0.00166377	0.00135025	0.00108041	0.00158466	0.000816901	0.0044365	0.000783073	0.001092	0.000930256	0.254585	0.02616	0.00637488	0.000312234	0.000770317
30	0.0187473	0.00718055	0.000626133	0.000646232	0.0140682	0.000414015	0.000336451	0.375367	0.00148043	0.0673705	0.00662428	0.00140025	0.000211713	0.000613009	0.000274848	0.00228248	0.0135294	0.48664	0.00139279	0.000794667
31	0.17066	0.00106919	0.0921949	0.0395713	0.00154716	0.0394264	0.0149737	0.0227171	0.0663822	0.147675	0.0107589	0.04224	0.00139608	0.0381053	0.110636	0.0334621	0.108994	0.0561634	0.000619739	0.00140881
32	0.121838	0.00809164	0.00699379	0.0095547	0.124347	0.0866587	0.0163398	0.0541648	0.0509076	0.145464	0.00919858	0.0096706	0.00669797	0.0120174	0.050576	0.0214291	0.0603565	0.0201368	0.00418317	0.181374
33	0.483917	0.00958156	0.00189295	0.0016	0.00378912	0.194294	0.00185534	0.00245139	0.00183823	0.00420839	0.00381733	0.0044926	0.00106006	0.00190382	0.00154581	0.219054	0.0473397	0.0116008	0.000932682	0.00282543
34	0.412718	0.0157835	0.00164824	0.00141765	0.00570912	0.0433072	0.0019199	0.0943387	0.00615284	0.0601915	0.0470529	0.0272131	0.00118047	0.0129561	0.0128799	0.0511428	0.067526	0.129255	0.000720218	0.00688729
35	0.152146	0.00129894	0.0922444	0.0388797	0.00736737	0.20061	0.0117264	0.00589537	0.0709398	0.00898101	0.00146885	0.104844	0.00483245	0.018419	0.0320375	0.191551	0.048134	0.00243476	0.000606289	0.00558376
36	0.0225061	0.0151806	0.00096737	0.000990953	0.525799	0.00144286	0.00130623	0.0117833	0.00127883	0.0326501	0.0120411	0.0153396	0.00087678	0.00113019	0.000996479	0.0165739	0.00650379	0.0251504	0.0157986	0.291684
37	0.0120329	0.0150997	0.000550688	0.000604782	0.285551	0.00622799	0.000547832	0.226651	0.00093188	0.232679	0.0195205	0.000666455	0.000440155	0.000713418	0.000821007	0.00364493	0.00910846	0.14677	0.0082648	0.0291742
38	0.0755222	0.00581631	0.106262	0.29521	0.00205027	0.0197115	0.0320374	0.00498324	0.0761532	0.036098	0.00538978	0.0571994	0.00132219	0.10678	0.0708418	0.0308521	0.0235994	0.0256795	0.00930057	0.015191
39	0.0200319	0.00183644	0.00299536	0.0153474	0.226528	0.00357442	0.0933053	0.0336091	0.00310479	0.0804481	0.0614802	0.00362565	0.00200805	0.0699184	0.0253587	0.0177357	0.0294791	0.0226407	0.149826	0.137146
40	0.0229585	0.016233	0.00102903	0.0011806	0.522535	0.00149029	0.00110853	0.0114222	0.001343	0.0300287	0.0117694	0.0158258	0.000878859	0.00125751	0.00106902	0.0174344	0.00649684	0.0248758	0.0155664	0.295497
41	0.643235	0.0136587	0.00158156	0.000944127	0.00100127	0.0379523	0.00165299	0.00158267	0.0010822	0.0017518	0.00103977	0.0044714	0.000782293	0.00114183	0.000960543	0.252989	0.0263367	0.00674921	0.000310687	0.000775294
42	0.163406	0.00197916	0.020574	0.130564	0.00316216	0.295465	0.0320693	0.0463587	0.0276944	0.00751143	0.00313862	0.00822873	0.00561242	0.0786194	0.00746153	0.131036	0.00866221	0.00643681	0.00137033	0.0206489
43	0.0923763	0.00799304	0.0643583	0.300021	0.00272786	0.0213279	0.0472391	0.00598741	0.0756307	0.0416588	0.0109168	0.0603589	0.0011069	0.112067	0.047437	0.0261495	0.0196495	0.0328181	0.0125974	0.017579
44	0.692668	0.0168362	0.00490878	0.00199362	0.0060618	0.0745707	0.000905004	0.0319027	0.00477189	0.00684912	0.00118635	0.00118691	0.00485116	0.0253901	0.00108998	0.0266248	0.0315393	0.0640984	0.000391789	0.00217372
45	0.03547	0.0162624	0.0227199	0.0393127	0.00304563	0.0486751	0.0204107	0.0260983	0.186061	0.0751652	0.032305	0.0232492	0.0625191	0.0262137	0.16401	0.0281806	0.0708499	0.0979477	0.00114625	0.0203579
46	0.0419492	0.00338186	0.00636835	0.0166476	0.0304195	0.00855028	0.118404	0.0360966	0.0459751	0.0417224	0.0367611	0.0643726	0.00364857	0.0808759	0.310459	0.0923467	0.0290966	0.0129534	0.00297597	0.0169949
47	0.0104444	0.00126783	0.00477591	0.0276518	0.0110556	0.00323575	0.0588985	0.0202795	0.0986905	0.0329327	0.0265035	0.039997	0.00240403	0.138944	0.389055	0.0275833	0.0515535	0.0178079	0.00220979	0.0347099
48	0.0584872	0.00623553	0.000566356	0.00143359	0.0205711	0.00934956	0.0103711	0.294069	0.00236529	0.21194	0.0590919	0.00868231	0.00908914	0.0104728	0.00127237	0.00310251	0.0125275	0.27361	0.00422552	0.00253797
49	0.0251893	0.00653124	0.0028807	0.0122502	0.0333004	0.00131017	0.0164718	0.225809	0.00432991	0.224004	0.073773	0.00983957	0.00314304	0.0305298	0.0165691	0.0260397	0.0634188	0.173828	0.00672881	0.0440535
50	0.152744	0.0474379	0.00150185	0.00103024	0.0116961	0.0224731	0.00901939	0.103633	0.00340908	0.126329	0.0482251	0.0100786	0.000820297	0.00360707	0.00470807	0.0585025	0.166834	0.217597	0.000518862	0.00983531
51	0.025079	0.00781969	0.00418219	0.0140328	0.031828	0.00237703	0.0184512	0.2294	0.00828354	0.219886	0.0703703	0.0103521	0.00299677	0.0337484	0.0187636	0.0245282	0.0665934	0.163269	0.00685233	0.0411864
52	0.0104691	0.00108773	0.00496394	0.0275264	0.010153	0.00270694	0.0617022	0.0184368	0.107949	0.0288462	0.0249065	0.0396094	0.00175344	0.134558	0.392004	0.0303081	0.0501336	0.0160358	0.00246352	0.034387
53	0.0224205	0.00271197	0.0738438	0.581446	0.00249143	0.00547934	0.00882002	0.00466973	0.0264874	0.00934583	0.00313289	0.0237954	0.00338216	0.119906	0.0626402	0.0131021	0.0207546	0.00941334	0.00195392	0.00420276
54	0.0688426	0.00644306	0.000593589	0.00067666	0.000496506	0.00302899	0.0036898	0.0048295	0.000700979	0.00108083	0.0037455	0.000790767	0.814221	0.0007786	0.000592908	0.0653814	0.0161111	0.00694258	0.00065197	0.000401954
55	0.0191179	0.00745266	0.000626339	0.000629011	0.0140955	0.000427397	0.000456406	0.375667	0.00150264	0.0697989	0.00671109	0.00147729	0.000216796	0.000604356	0.0002735	0.00219048	0.0131123	0.483519	0.00136664	0.000754498
56	0.0290345	0.00042227	0.00306066	0.00076184	0.00057591	0.935909	0.000746219	0.000919089	0.000829423	0.00118104	0.000532387	0.000837183	0.00384679	0.000848705	0.000721886	0.0161927	0.00141211	0.00136606	0.000273798	0.00052804
57	0.0485861	0.00675487	0.00759782	0.00723716	0.00557429	0.0247574	0.00777738	0.0439078	0.00988924	0.0136663	0.00764156	0.00850185	0.496036	0.00873697	0.00765322	0.0433308	0.0583961	0.182002	0.00701258	0.00494057
58	0.219111	0.0947124	0.00584902	0.0017771	0.0152227	0.00518748	0.00193934	0.0365323	0.00182394	0.0310668	0.00982024	0.00382861	0.00141202	0.00262571	0.00184104	0.07545	0.128187	0.361262	0.000718895	0.00163317
59	0.456364	0.00206875	0.00286686	0.00298382	0.016937	0.264627	0.00243144	0.00736911	0.00273944	0.0419134	0.00701629	0.00372729	0.00208399	0.0039316	0.00249083	0.0553751	0.0283315	0.0669085	0.00304074	0.0267941
60	0.303878	0.0217124	0.00102124	0.000920182	0.0135646	0.0415684	0.00182211	0.129605	0.00236342	0.107585	0.0363097	0.00899786	0.000678298	0.00526813	0.00380224	0.0444419	0.051788	0.220642	0.00079356	0.00323845
61	0.0559112	0.00657906	0.000459801	0.00097033	0.019491	0.00745476	0.00880789	0.298832	0.00234988	0.207781	0.0518211	0.00686906	0.00670136	0.00743372	0.000662933	0.00189143	0.00915595	0.302477	0.00363384	0.000716384
62	0.147544	0.0770226	0.00160677	0.00128874	0.0128985	0.0245635	0.00785806	0.0882675	0.00531505	0.123437	0.0479758	0.00770169	0.00143779	0.00580906	0.00813261	0.0558658	0.208103	0.161277	0.000494252	0.0134008
63	0.0707358	0.00636667	0.000812598	0.000972549	0.000504349	0.00377022	0.00381095	0.00484432	0.000941141	0.0011279	0.00371551	0.00119555	0.806122	0.00103947	0.000955836	0.0679988	0.0167368	0.00720897	0.00069264	0.000447625
64	0.0232202	0.00865686	0.00217695	0.00658187	0.363716	0.00410273	0.0357337	0.0321925	0.00256734	0.071226	0.0305901	0.00917765	0.00193316	0.0260548	0.0105532	0.0172518	0.015604	0.0376742	0.0968649	0.204122
65	0.0322874	0.0129839	0.0157937	0.00867249	0.00533731	0.0273274	0.0191112	0.00963692	0.0147878	0.0175455	0.00910183	0.514713	0.00616287	0.0836275	0.0201422	0.160486	0.021119	0.0135064	0.00286534	0.0047918
66	0.0244074	0.0140281	0.00122062	0.00183052	0.503467	0.00289525	0.0050372	0.0143659	0.00186645	0.0416152	0.0179874	0.0185778	0.00120898	0.00369552	0.00278535	0.0175687	0.00775129	0.025563	0.0183809	0.275748
67	0.0688453	0.00633517	0.00163983	0.00218313	0.000783507	0.00363108	0.00385747	0.0048679	0.0017184	0.00117232	0.00380852	0.000928658	0.808045	0.00144401	0.000839965	0.0649793	0.0162428	0.00712122	0.000998104	0.000558554
68	0.0992534	0.00274904	0.00324896	0.00392979	0.0219245	0.00549661	0.0259372	0.200616	0.0034164	0.237402	0.0501316	0.105298	0.00249817	0.00663569	0.00418063	0.0802816	0.0263861	0.113423	0.00154997	0.00564191
69	0.279989	0.00571502	0.00744219	0.00717401	0.0414207	0.120531	0.00685134	0.0159668	0.00739479	0.0662956	0.0471483	0.0635155	0.00395435	0.0329897	0.00655105	0.197651	0.0177598	0.0210044	0.0376535	0.0129915
70	0.0388547	0.00970084	0.00370628	0.0111772	0.0246038	0.0039964	0.0150911	0.204396	0.00669917	0.212527	0.0914559	0.00937831	0.00340328	0.0308994	0.0139021	0.031444	0.067886	0.182432	0.00553567	0.0329106
71	0.261186	0.0236121	0.00065964	0.00072149	0.0154508	0.031055	0.00260713	0.142556	0.00150389	0.12201	0.039204	0.00441546	0.00147589	0.00414796	0.00152955	0.0365928	0.0509317	0.257192	0.000824172	0.00232356
72	0.476611	0.0164677	0.00225519	0.00168721	0.0110331	0.0480582	0.0026772	0.0623676	0.0042984	0.0340489	0.0404848	0.0166884	0.00346176	0.0118078	0.0102099	0.106936	0.0681778	0.076533	0.00115298	0.00504386
73	0.0465052	0.0059148	0.0159502	0.0440338	0.0099214	0.0161008	0.0730214	0.0170598	0.164743	0.0328613	0.01673	0.0330554	0.00677502	0.0691924	0.274985	0.0370854	0.0367827	0.0257925	0.0555941	0.0178957
74	0.0838188	0.0058376	0.0393211	0.0390103	0.00993988	0.12545	0.0249118	0.0159089	0.293061	0.0282094	0.00912223	0.0451279	0.0174821	0.0292013	0.0897882	0.0629318	0.0343837	0.0328807	0.00454132	0.00907263
75	0.310485	0.0298597	0.000576321	0.000615949	0.0109001	0.0222727	0.000920538	0.108336	0.000969241	0.113821	0.0279361	0.00196828	0.000491919	0.00322741	0.00075355	0.0393781	0.0526538	0.273333	0.000248118	0.00125345
76	0.610893	0.000942514	0.00130245	0.0012292	0.00267382	0.269762	0.00120495	0.00164874	0.00136673	0.0110142	0.00117052	0.00153229	0.000923948	0.00127462	0.00128415	0.0452648	0.0145748	0.0268743	0.000514535	0.0045485
77	0.0688426	0.00644306	0.000593589	0.00067666	0.000496506	0.00302899	0.0036898	0.0048295	0.000700979	0.00108083	0.0037455	0.000790767	0.814221	0.0007786	0.000592908	0.0653814	0.0161111	0.00694258	0.00065197	0.000401954
78	0.578181	0.023074	0.00381333	0.00161141	0.00777762	0.0600194	0.00142026	0.0552471	0.00376723	0.0308136	0.0123041	0.00285317	0.0034766	0.0180444	0.00189547	0.0407491	0.0415636	0.110232	0.000519105	0.00263743
79	0.00571536	0.00460528	0.000475784	0.000458919	0.0761283	0.00176657	0.00152022	0.126212	0.00417454	0.64489	0.0474145	0.00149415	0.00396255	0.000905727	0.00384699	0.00277542	0.00689102	0.0376267	0.0158068	0.0133287
80	0.335016	0.0166771	0.00537994	0.0058542	0.0175087	0.0357337	0.014499	0.056949	0.0174364	0.124011	0.0579029	0.0147974	0.00448328	0.00986374	0.0184829	0.0927883	0.0596124	0.0945365	0.00815586	0.0103119
81	0.329847	0.0495163	0.00430428	0.00160002	0.0132341	0.0174395	0.00198105	0.0558238	0.00195482	0.0478495	0.0247259	0.00515452	0.00202787	0.00432695	0.00320503	0.0911789	0.0955966	0.247447	0.000702592	0.0020832
82	0.0309263	0.000420006	0.00333874	0.000869941	0.000632368	0.931644	0.000754272	0.000969571	0.00101943	0.0013037	0.000598611	0.00114899	0.00381656	0.000894814	0.000791595	0.0166176	0.00165684	0.00161136	0.000366608	0.000618538
83	0.105205	0.203202	0.0187919	0.0163568	0.00841339	0.0334332	0.0186349	0.0162099	0.0192036	0.0208656	0.0136938	0.317968	0.012286	0.0337048	0.0144231	0.0802014	0.0322993	0.0226042	0.00412305	0.0083802
84	0.078218	0.0280318	0.00278215	0.000944787	0.000952286	0.0229897	0.000990978	0.00832543	0.00122024	0.00162999	0.0010611	0.00218165	0.0150213	0.00102073	0.00100693	0.13959	0.66575	0.0270619	0.000422346	0.000798184
85	0.182663	0.0485374	0.00107085	0.000911183	0.0139575	0.0227783	0.00464559	0.11258	0.00277215	0.106484	0.0569156	0.00664131	0.000678783	0.00367292	0.00369418	0.0544838	0.134262	0.232729	0.000489891	0.0100324
86	0.0171065	0.00687763	0.000914299	0.000968306	0.01371	0.000485877	0.00047533	0.397985	0.00178249	0.0688591	0.00628371	0.00133491	0.000230641	0.000720428	0.000350153	0.00226532	0.0121258	0.464959	0.00121693	0.00134804
87	0.0576852	0.00689887	0.00042099	0.000695062	0.02016	0.00772967	0.00888597	0.299759	0.00227467	0.208179	0.0530052	0.00685687	0.00673893	0.00719968	0.000441825	0.00153325	0.00802543	0.29984	0.0033269	0.000344046
88	0.0474869	0.00104118	0.0113241	0.014253	0.00189544	0.0137452	0.0315552	0.0143845	0.418222	0.0101821	0.00227817	0.0248995	0.0084664	0.0422952	0.249129	0.0431059	0.0241304	0.0354408	0.00244395	0.0037206
89	0.0688426	0.00644306	0.000593589	0.00067666	0.000496506	0.00302899	0.0036898	0.0048295	0.000700979	0.00108083	0.0037455	0.000790767	0.814221	0.0007786	0.000592908	0.0653814	0.0161111	0.00694258	0.00065197	0.000401954
90	0.245819	0.00507395	0.0420583	0.00509402	0.00393802	0.0355079	0.00460442	0.00691005	0.00646598	0.00865159	0.00409835	0.00687574	0.0757413	0.00649689	0.00516076	0.51149	0.0108016	0.00974961	0.00165454	0.00380749
91	0.0790676	0.0066187	0.0896123	0.262743	0.00771135	0.0184088	0.0368995	0.0051867	0.0672384	0.0785851	0.0112655	0.0661485	0.0014949	0.112965	0.0408875	0.0240713	0.030387	0.029279	0.00699808	0.0244307
92	0.202261	0.0251157	0.0043201	0.0021801	0.00500277	0.0238754	0.00256977	0.0124316	0.00263563	0.00518742	0.00597592	0.00414775	0.0121241	0.00350394	0.00262487	0.146365	0.496519	0.0401912	0.000738838	0.0022302
93	0.0700778	0.0069662	0.00182398	0.00141938	0.000991024	0.00708045	0.0044495	0.00605804	0.00231043	0.00248374	0.00844611	0.00167912	0.782227	0.00206376	0.00120885	0.0707167	0.0185746	0.00897358	0.00143692	0.00101261
94	0.019158	0.00175309	0.00110713	0.00107473	0.0611124	0.00657172	0.00614017	0.0837474	0.00260229	0.686574	0.0425535	0.0078284	0.00298487	0.00462905	0.0023571	0.0030489	0.00401744	0.022046	0.00753298	0.0331606
95	0.0686516	0.0368067	0.00374735	0.00113558	0.00123701	0.0179031	0.00104892	0.0120992	0.00131904	0.00201268	0.00121069	0.00228161	0.01072	0.00120301	0.00105962	0.136323	0.662145	0.0377528	0.000411262	0.000931159
96	0.487164	0.0292931	0.00256267	0.00210149	0.0234752	0.0330518	0.00362705	0.0372973	0.00196277	0.0136186	0.0276497	0.00371054	0.00695359	0.00937545	0.00786915	0.207373	0.0628684	0.0368509	0.00106847	0.00212678
97	0.0439627	0.0017717	0.00204508	0.00239204	0.0481885	0.00673493	0.00755277	0.0933806	0.00257136	0.639814	0.0434724	0.0280358	0.00308228	0.0115094	0.00218643	0.00869233	0.00570646	0.0227201	0.0034674	0.0227132
98	0.296103	0.0243202	0.00451563	0.0467299	0.00775478	0.00697122	0.0072555	0.0378755	0.065718	0.103937	0.00751508	0.00585136	0.0275579	0.00606832	0.0107644	0.05909	0.0554192	0.138613	0.0208982	0.0670416
99	0.00571536	0.00460528	0.000475784	0.000458919	0.0761283	0.00176657	0.00152022	0.126212	0.00417454	0.64489	0.0474145	0.00149415	0.00396255	0.000905727	0.00384699	0.00277542	0.00689102	0.0376267	0.0158068	0.0133287
100	0.694332	0.0166113	0.00486771	0.00202437	0.00606509	0.0751996	0.000843388	0.0314343	0.00507094	0.00691322	0.000903732	0.001249	0.00499512	0.025395	0.001081	0.0248776	0.0317518	0.0637854	0.000392733	0.00220712
101	0.0839872	0.00824967	0.0679972	0.302391	0.00214499	0.0228052	0.0431095	0.00581693	0.0824909	0.0397781	0.00731836	0.0605723	0.000697269	0.113446	0.0515415	0.027103	0.0193714	0.0312661	0.0105264	0.0193875
102	0.0120329	0.0150997	0.000550688	0.000604782	0.285551	0.00622799	0.000547832	0.226651	0.00093188	0.232679	0.0195205	0.000666455	0.000440155	0.000713418	0.000821007	0.00364493	0.00910846	0.14677	0.0082648	0.0291742
103	0.135204	0.00475691	0.00365691	0.00348521	0.00283357	0.0489835	0.00453494	0.00964836	0.0090269	0.00596277	0.0051841	0.00430237	0.534219	0.00383564	0.00596854	0.0901845	0.0765873	0.0450895	0.00401067	0.00252534
104	0.201782	0.00175321	0.0843117	0.0602532	0.00244542	0.0188246	0.00285606	0.00505729	0.201028	0.00563211	0.00230884	0.00372593	0.23184	0.0596671	0.0283545	0.0643744	0.0166996	0.00435028	0.000984977	0.00375104
105	0.136957	0.000951465	0.0748861	0.0660072	0.00335594	0.258457	0.00748643	0.00416046	0.0987644	0.00560821	0.00121225	0.0941951	0.00557793	0.0194642	0.0407589	0.135004	0.0400936	0.00261161	0.00041768	0.00403013
106	0.249208	0.0424181	0.0018583	0.00145813	0.0142122	0.0132173	0.00199413	0.0741363	0.00206204	0.102157	0.0225873	0.00305933	0.00103274	0.00277984	0.00142829	0.0469585	0.0966252	0.319503	0.000441423	0.00286304
107	0.0120329	0.0150997	0.000550688	0.000604782	0.285551	0.00622799	0.000547832	0.226651	0.00093188	0.232679	0.0195205	0.000666455	0.000440155	0.000713418	0.000821007	0.00364493	0.00910846	0.14677	0.0082648	0.0291742
108	0.0132313	0.0056636	0.00422855	0.00398464	0.00331708	0.0255804	0.00399049	0.00578501	0.00542562	0.00636482	0.00432319	0.606903	0.00367709	0.128437	0.0244689	0.133489	0.00835325	0.00766509	0.00161806	0.00349387
109	0.0182386	0.00707792	0.000593875	0.000576995	0.0141257	0.000450459	0.000366487	0.361879	0.00144067	0.066141	0.0069257	0.00144317	0.000234044	0.00065534	0.000299435	0.00224178	0.0141732	0.500872	0.00156804	0.00069664
110	0.0283992	0.00769535	0.000547792	0.000550189	0.0171354	0.0017986	0.00226805	0.369205	0.00161451	0.104344	0.0147475	0.00314594	0.0014825	0.00182031	0.000288089	0.00190812	0.0110391	0.429693	0.00169726	0.000619764
111	0.230153	0.0120735	0.00390382	0.00395123	0.0304376	0.234047	0.0108128	0.0206097	0.00462377	0.0169735	0.035792	0.00664357	0.00398248	0.00579253	0.00498695	0.190552	0.0996446	0.0657978	0.0068543	0.0123686
112	0.083651	0.00711685	0.082804	0.289348	0.00201629	0.0229458	0.0382798	0.00515765	0.0848447	0.0399488	0.00579786	0.0665309	0.000563873	0.109762	0.058679	0.0320591	0.0213798	0.0274807	0.00760851	0.0140254
113	0.297696	0.00427792	0.00233022	0.127017	0.0130068	0.00376937	0.0142827	0.0403297	0.0198889	0.120137	0.0139904	0.00303592	0.0276677	0.00254177	0.0259204	0.0109262	0.107212	0.125373	0.00304984	0.0375481
114	0.00573201	0.00460481	0.000475944	0.000460847	0.0761121	0.00175135	0.00151947	0.125821	0.00412613	0.645388	0.0475642	0.00153287	0.00394663	0.00093158	0.003823	0.00277222	0.00688036	0.0375242	0.015817	0.0132158
115	0.122677	0.0827797	0.00122513	0.00125899	0.0135966	0.0174988	0.00540146	0.099169	0.00599445	0.144343	0.0547571	0.00870058	0.000842056	0.00632488	0.0103822	0.0473889	0.200524	0.159427	0.000533156	0.0171766
116	0.111722	0.000887717	0.0615298	0.0379193	0.000641038	0.0118394	0.0168184	0.0550816	0.134351	0.119722	0.00629459	0.0288648	0.00134506	0.0588809	0.159918	0.0244168	0.108317	0.0601512	0.00031615	0.000983079
117	0.0182154	0.00708352	0.000602423	0.000578017	0.0140873	0.000455436	0.000363833	0.36183	0.00143817	0.0660689	0.00705035	0.00145033	0.0002368	0.000658906	0.000299429	0.00225577	0.0141839	0.500879	0.00156918	0.000692836
118	0.167375	0.00126049	0.025948	0.06104	0.0017777	0.106816	0.0304256	0.00362089	0.138991	0.0119845	0.00168974	0.0253215	0.00680124	0.0780804	0.208297	0.102909	0.00624021	0.00351081	0.000836803	0.0170741
119	0.256309	0.00421467	0.00637136	0.00800263	0.0405167	0.0894465	0.106328	0.00982565	0.151357	0.108235	0.0369208	0.00890215	0.00572203	0.00789315	0.00924658	0.0164381	0.0154553	0.106178	0.00247693	0.0101612
120	0.0221886	0.00679072	0.000889776	0.00101183	0.0155029	0.00116503	0.00151365	0.392943	0.0017599	0.0934916	0.0111546	0.00216578	0.00092309	0.00137326	0.000327624	0.00214581	0.0107851	0.431117	0.00143179	0.00131914
121	0.0312921	0.00826672	0.00757025	0.00545545	0.00372057	0.07721	0.00558226	0.00807175	0.00592356	0.00825936	0.0043249	0.0381366	0.0062233	0.00551296	0.00478759	0.366161	0.395191	0.0124587	0.00130095	0.00455081
122	0.0134159	0.0111218	0.00125977	0.00113059	0.218925	0.00505784	0.00246138	0.175824	0.00248408	0.363259	0.0282419	0.00178479	0.00224872	0.00154254	0.00230562	0.00466198	0.00986115	0.106211	0.0105388	0.0376648
123	0.0741509	0.0286637	0.0105508	0.00334214	0.00432739	0.0217189	0.00296738	0.0123387	0.00599861	0.00764157	0.00401477	0.00491426	0.0138239	0.00350555	0.00554313	0.124136	0.63025	0.0382051	0.00113002	0.00277759
124	0.0290345	0.00042227	0.00306066	0.00076184	0.00057591	0.935909	0.000746219	0.000919089	0.000829423	0.00118104	0.000532387	0.000837183	0.00384679	0.000848705	0.000721886	0.0161927	0.00141211	0.00136606	0.000273798	0.00052804
125	0.135233	0.00498046	0.0982896	0.0314225	0.00662661	0.142121	0.0123488	0.0104118	0.0467208	0.0110967	0.00549125	0.0562294	0.0208023	0.0199615	0.0241937	0.297938	0.0525541	0.0128932	0.00224039	0.00844425
126	0.133049	0.0580038	0.0145928	0.00238882	0.00884125	0.010737	0.00264559	0.0150694	0.00234642	0.00875944	0.0049234	0.00561613	0.00558876	0.00257681	0.00203806	0.10427	0.451454	0.164526	0.000656861	0.00191634
127	0.215136	0.00155978	0.0171978	0.0892612	0.00206329	0.107903	0.00293174	0.00375097	0.0334048	0.00616015	0.00193759	0.0880297	0.123626	0.0516047	0.150492	0.0564692	0.0287148	0.0163955	0.000914382	0.00244757
128	0.0342384	0.00754633	0.00146622	0.00148252	0.00164882	0.00215655	0.00152929	0.286087	0.00160022	0.0106333	0.00199816	0.0448586	0.00735483	0.00184757	0.00154409	0.0338803	0.216204	0.342179	0.000580814	0.00116395
129	0.0292496	0.000421808	0.00313208	0.000791976	0.000617712	0.934085	0.000760181	0.000950503	0.00098336	0.0014062	0.00063619	0.000843603	0.00396048	0.00112984	0.000764993	0.0163499	0.00163327	0.00147531	0.000273131	0.000535231
130	0.0328449	0.000724957	0.00545198	0.0013013	0.00119309	0.00381551	0.0325792	0.0183005	0.478778	0.00921553	0.00103647	0.0193475	0.00514442	0.0397405	0.227921	0.0469697	0.0223698	0.0509921	0.00103892	0.0012349
131	0.0452819	0.0182334	0.0218125	0.0204908	0.00270417	0.0217396	0.0397797	0.252725	0.0759044	0.218062	0.072634	0.0128431	0.0013541	0.050807	0.0334109	0.00518073	0.047013	0.0565124	0.00137944	0.00213232
132	0.0538199	0.0068634	0.000462831	0.00129581	0.0180037	0.00877853	0.00843772	0.29562	0.00224223	0.236221	0.0569385	0.00679659	0.00684451	0.00778143	0.000485107	0.00162938	0.00892128	0.275222	0.00324451	0.00039284
133	0.140412	0.0183299	0.0282131	0.029006	0.00885205	0.0177932	0.0148682	0.0439535	0.132811	0.132064	0.0188923	0.0185142	0.0127345	0.0272974	0.072506	0.0342664	0.138439	0.0946394	0.00321376	0.0131947
134	0.032198	0.000902664	0.00847324	0.00229839	0.00140383	0.00555403	0.0339387	0.0142744	0.475581	0.00815593	0.00124886	0.024136	0.00826573	0.0353028	0.249722	0.0365533	0.0186654	0.0400145	0.00167035	0.00164043
135	0.132949	0.0332602	0.00110278	0.00329664	0.0147357	0.0121126	0.00598419	0.125357	0.00210785	0.161921	0.0554997	0.00538843	0.00115303	0.00698146	0.00417569	0.0413279	0.104239	0.276718	0.000819248	0.0108714
136	0.183637	0.0412229	0.00519602	0.00411543	0.011368	0.101835	0.0472929	0.0486063	0.00606541	0.0457793	0.0416325	0.00752406	0.00431716	0.00742349	0.00601957	0.178666	0.1867	0.0646343	0.00185618	0.00610886
137	0.00894142	0.0029935	0.00156758	0.0016216	0.0511773	0.00311353	0.00208215	0.0889119	0.00357557	0.605279	0.161262	0.00339252	0.00433016	0.00247558	0.00301069	0.00460618	0.00592211	0.0215779	0.0153463	0.00881215
138	0.0556498	0.00156798	0.204227	0.451001	0.00126221	0.0102309	0.0118684	0.00398275	0.0327579	0.0101652	0.00219249	0.0267861	0.0179765	0.0799226	0.0254902	0.0224482	0.0269031	0.00889967	0.00165898	0.00500996
139	0.0185592	0.00522418	0.00214337	0.00349466	0.0541637	0.00550449	0.00491458	0.118494	0.00564045	0.583327	0.077208	0.00511217	0.0156437	0.00468196	0.00475523	0.00648382	0.0101944	0.0484576	0.0121392	0.0138583
140	0.0295112	0.000569638	0.00338777	0.00108534	0.000583936	0.932764	0.000818087	0.000955431	0.00142937	0.0012263	0.000535908	0.00132406	0.00382827	0.000870843	0.000872861	0.0164096	0.0016221	0.00139718	0.000272564	0.000535154
141	0.0290211	0.000511757	0.00306021	0.000760965	0.000589641	0.935227	0.000743682	0.000944863	0.000840239	0.00118103	0.000532343	0.000880643	0.00410508	0.000872408	0.000724666	0.0162312	0.00141816	0.00140994	0.000392349	0.000553246
142	0.0240527	0.00646482	0.0480734	0.00893889	0.00669368	0.0120066	0.157644	0.010417	0.078852	0.0849124	0.00637961	0.403337	0.00736414	0.00967016	0.00993154	0.0877531	0.0149584	0.0139067	0.00306943	0.00557402
143	0.482652	0.0776365	0.0327741	0.00667504	0.00545938	0.0792667	0.00561567	0.017142	0.00983648	0.0113506	0.0060713	0.0264505	0.0108464	0.0158735	0.00561064	0.138783	0.034283	0.0285986	0.00121962	0.00385425
144	0.0706723	0.0063193	0.00102597	0.000774615	0.000752174	0.00356877	0.0037512	0.00480217	0.000800761	0.0012736	0.00386222	0.000965931	0.806514	0.000940667	0.000636079	0.0683539	0.0164436	0.00724693	0.000714549	0.000580858
145	0.0129464	0.0146115	0.000609787	0.000631739	0.280678	0.00608493	0.00078661	0.219757	0.00108447	0.243765	0.0203714	0.000738406	0.000628718	0.000774931	0.000942827	0.0037255	0.00943741	0.144083	0.00833869	0.0300031
146	0.0127986	0.00532323	0.000900063	0.0065206	0.00401785	0.00237394	0.0040454	0.279259	0.00136126	0.475587	0.0500096	0.00455503	0.00125576	0.00743769	0.00128929	0.00249287	0.011367	0.127733	0.000821517	0.000851335
147	0.0179514	0.0070334	0.000626981	0.000627841	0.0140634	0.000441017	0.000351492	0.364258	0.00143912	0.0654759	0.00683657	0.0014417	0.000224246	0.000641435	0.000298098	0.00224808	0.0140602	0.499679	0.00153921	0.000762896
148	0.017231	0.0229806	0.00123886	0.00141865	0.209786	0.00565189	0.00260671	0.163262	0.00383462	0.356313	0.0362151	0.00270402	0.00215864	0.00265152	0.00319841	0.00840976	0.0244207	0.0946103	0.0105637	0.0307443
149	0.0347646	0.000939117	0.386101	0.340901	0.000743452	0.0216956	0.00313043	0.00451566	0.0380181	0.00522155	0.000873618	0.0532706	0.0203149	0.035858	0.00740514	0.0264907	0.0150533	0.00247982	0.000363329	0.00186043
150	0.0449428	0.00285624	0.338936	0.0847632	0.00254373	0.0719898	0.0103548	0.00372978	0.0703968	0.0053579	0.00224497	0.0893677	0.00325764	0.0219005	0.0160298	0.0988693	0.110335	0.0160101	0.00100898	0.0051051
151	0.00504866	0.00105574	0.692544	0.00183686	0.00110238	0.0169563	0.00895613	0.00202002	0.00908249	0.00282127	0.00138095	0.203993	0.00117615	0.00195738	0.00158371	0.0393444	0.00419421	0.00301085	0.000484023	0.00145199
152	0.00910929	0.00529116	0.000943414	0.00700148	0.00204208	0.00199797	0.00347289	0.279313	0.00118948	0.49693	0.051256	0.00453243	0.00086946	0.00746059	0.00119457	0.00254716	0.0114463	0.112254	0.000364186	0.000784097
153	0.0344348	0.00087819	0.381906	0.345469	0.000697098	0.0217452	0.00327595	0.00449575	0.0376472	0.00532284	0.000811601	0.051577	0.0191318	0.0382184	0.00767398	0.0265514	0.0155205	0.0024366	0.000369366	0.00183671
154	0.114282	0.000854443	0.060923	0.0380494	0.000632656	0.0117524	0.0167181	0.0535269	0.134786	0.11924	0.00627867	0.0293267	0.00124089	0.0598969	0.158503	0.0249059	0.10849	0.0593907	0.000312688	0.000889661
155	0.293419	0.0428093	0.00893969	0.00354891	0.0126038	0.0214546	0.0036099	0.0525798	0.00506164	0.0396424	0.0170128	0.0101092	0.0094792	0.00696884	0.00500621	0.0863866	0.161519	0.21373	0.00114438	0.00497389
156	0.30933	0.0288004	0.000818636	0.000701928	0.0104452	0.0211729	0.000991388	0.10753	0.00120324	0.112192	0.0263539	0.00200782	0.000652898	0.0034073	0.000949396	0.0388832	0.0504465	0.282433	0.000350229	0.00132999
157	0.150217	0.000716419	0.0906071	0.203394	0.000677458	0.0207693	0.00861344	0.00468271	0.121866	0.00790437	0.000871223	0.049767	0.00430076	0.0382322	0.15184	0.0849688	0.057228	0.00199646	0.000330262	0.00101809
158	0.184578	0.00272733	0.0233688	0.127532	0.00311339	0.261181	0.0342781	0.0531516	0.020452	0.00777879	0.00345186	0.00510846	0.00524174	0.094983	0.00664287	0.133052	0.00775815	0.00725719	0.00157259	0.0167717
159	0.30913	0.0303131	0.00056409	0.000621535	0.0107695	0.0219968	0.000978421	0.107917	0.0010616	0.115339	0.0273758	0.00199144	0.000503912	0.00325202	0.000771695	0.0392339	0.054269	0.272375	0.000252697	0.00128333
160	0.0551583	0.00588808	0.00050186	0.000525511	0.0197207	0.00729427	0.00840202	0.287295	0.00219213	0.208394	0.0708854	0.00624605	0.0062281	0.00820337	0.000519301	0.00277373	0.0098907	0.295732	0.00309239	0.0010567
161	0.413268	0.00702165	0.00176941	0.0018011	0.00375281	0.0520992	0.00139686	0.101234	0.00927705	0.0529859	0.0498684	0.0337849	0.00131124	0.0195189	0.0201923	0.0437322	0.0515382	0.125132	0.000994314	0.00932187
162	0.401461	0.20119	0.00346117	0.00184602	0.00144071	0.0770383	0.00641201	0.00238863	0.00850986	0.0176905	0.0014192	0.0658209	0.0206311	0.00833101	0.00179408	0.135837	0.0326046	0.0100915	0.000721199	0.0013114
163	0.129177	0.0014389	0.0442086	0.0686536	0.00255617	0.113378	0.0203843	0.00753203	0.170089	0.0148416	0.0024524	0.061221	0.0150766	0.0498509	0.15778	0.0891078	0.0330921	0.0100007	0.00106284	0.00809649
164	0.0217044	0.0144862	0.000955893	0.00101735	0.522061	0.00147282	0.00189848	0.0126813	0.00122898	0.038066	0.0125097	0.0150137	0.000944363	0.00111373	0.00095017	0.0158951	0.00675986	0.0249722	0.0158949	0.290374
165	0.108961	0.00443279	0.0732852	0.122791	0.00273828	0.0431434	0.0178346	0.023853	0.13794	0.0240355	0.00836629	0.0253604	0.0826936	0.066755	0.122643	0.0510135	0.0306766	0.0240797	0.00207912	0.0273188
166	0.294706	0.0257316	0.037631	0.0096676	0.0322562	0.0156493	0.00804148	0.0184	0.00835141	0.014135	0.00915487	0.0384669	0.00444809	0.0104596	0.00717578	0.12392	0.178992	0.152774	0.0021729	0.00786619
167	0.133778	0.331405	0.0139444	0.0160776	0.020988	0.0322875	0.0146485	0.0354901	0.0193389	0.0413174	0.0182697	0.0493334	0.0211337	0.0204822	0.0148226	0.0702084	0.0644789	0.0630308	0.00566469	0.0132998
168	0.0345085	0.00761038	0.00156861	0.0016154	0.00129026	0.00231452	0.0016001	0.283923	0.00158856	0.00845278	0.00185598	0.0471995	0.00759845	0.00194305	0.00160658	0.0349762	0.223439	0.335135	0.000561371	0.00121284
169	0.438949	0.145973	0.00393088	0.00260595	0.0026665	0.0549366	0.0118407	0.00501663	0.00594832	0.0126953	0.00325292	0.046567	0.0118959	0.00635315	0.00226575	0.194615	0.0363819	0.0111231	0.00104359	0.00193818
170	0.357378	0.00168678	0.00280294	0.00248459	0.00201407	0.0778982	0.0022174	0.00332321	0.00250647	0.00406561	0.00253644	0.00286788	0.217539	0.00284684	0.00209599	0.118542	0.149251	0.0451856	0.00087977	0.00187953
171	0.0568951	0.0287465	0.168998	0.191333	0.00482672	0.0259545	0.0220552	0.00823813	0.111173	0.028101	0.00694944	0.0902293	0.00592273	0.0543134	0.0435136	0.053573	0.0635875	0.0203953	0.00391737	0.0112776
172	0.0219154	0.00193484	0.0112126	0.0397828	0.00934933	0.00870369	0.0546509	0.01749	0.106783	0.0290492	0.0205468	0.0394195	0.00339566	0.139246	0.360853	0.0376017	0.051166	0.0177947	0.00239801	0.0267074
173	0.0120329	0.0150997	0.000550688	0.000604782	0.285551	0.00622799	0.000547832	0.226651	0.00093188	0.232679	0.0195205	0.000666455	0.000440155	0.000713418	0.000821007	0.00364493	0.00910846	0.14677	0.0082648	0.0291742
174	0.00596867	0.00209744	0.00175478	0.00170165	0.311682	0.00239599	0.0226865	0.0647206	0.00192428	0.265016	0.0102004	0.00218873	0.0081308	0.0021677	0.00148266	0.00398177	0.00388363	0.0279742	0.00834158	0.2517
175	0.0197788	0.0076333	0.000648252	0.000653036	0.014293	0.00046718	0.000584701	0.378743	0.00152731	0.0707524	0.00692462	0.00189866	0.000329312	0.000660174	0.000285286	0.00245799	0.0136403	0.476569	0.00134652	0.000806866
176	0.0167384	0.00312238	0.0283792	0.121248	0.00389765	0.00675765	0.483042	0.00698997	0.00560716	0.00902691	0.00403456	0.0055733	0.0287571	0.184354	0.0319066	0.0114108	0.0335522	0.00998316	0.00192161	0.00369756
177	0.146961	0.000700748	0.0887207	0.203537	0.000675591	0.0215249	0.00898487	0.00471666	0.121246	0.00812167	0.000826594	0.0483944	0.00461995	0.0396511	0.156788	0.0860234	0.0550838	0.00188878	0.000304528	0.00123004
178	0.140395	0.000955385	0.0800991	0.0484573	0.00329108	0.269965	0.00601123	0.00408579	0.096086	0.00440842	0.00102227	0.103337	0.00330819	0.0136477	0.0284245	0.149454	0.0411026	0.00180006	0.000318118	0.00383111
179	0.0173945	0.00695904	0.000865291	0.000929325	0.0137896	0.00048165	0.000521285	0.398348	0.00187985	0.0699533	0.00631791	0.00139128	0.000227662	0.000685888	0.000312636	0.00212194	0.0118754	0.463487	0.00122733	0.00123033
180	0.186573	0.00272277	0.00380293	0.0416748	0.0721215	0.00871914	0.153971	0.0259296	0.0449622	0.0665065	0.00341891	0.00545259	0.00314642	0.0233039	0.00467407	0.0275494	0.00922452	0.0582562	0.0013367	0.256654
181	0.0075709	0.0124181	0.00052416	0.000619014	0.16793	0.00341901	0.000886359	0.181084	0.00329303	0.445334	0.0356638	0.000753722	0.00218782	0.000929364	0.00309753	0.00348771	0.0106938	0.0879767	0.0124073	0.0197243
182	0.0319656	0.000712233	0.00537893	0.0012517	0.00113258	0.00368844	0.0329994	0.0183202	0.479425	0.0087137	0.000984391	0.0196153	0.00522408	0.0393556	0.228731	0.0461476	0.0223909	0.051647	0.00104389	0.00127208
183	0.033561	0.00572037	0.00197723	0.00882875	0.0172374	0.00234398	0.0127058	0.202049	0.00289716	0.224656	0.103497	0.00591509	0.00255756	0.0213168	0.00918519	0.0225698	0.0532111	0.241195	0.0032712	0.0253038
184	0.0652269	0.00104771	0.0181015	0.00865939	0.00175837	0.803779	0.00217016	0.00278207	0.0144776	0.00314884	0.0013129	0.01437	0.00426541	0.00473703	0.00545004	0.0344829	0.00851879	0.00327754	0.000755907	0.001678
185	0.0196896	0.00157597	0.307692	0.0262234	0.00242741	0.0266506	0.0833494	0.00348986	0.014732	0.0164557	0.00189973	0.195095	0.125553	0.0145047	0.0374736	0.0876628	0.00468668	0.00461066	0.00080636	0.0254216
186	0.0512791	0.00897967	0.0116378	0.0104972	0.00847666	0.162512	0.010435	0.0192535	0.0118587	0.0196961	0.0122207	0.0128164	0.465466	0.0121872	0.00991675	0.0401556	0.0322991	0.0334757	0.0563732	0.0104635
187	0.0913546	0.00121814	0.16549	0.328331	0.00151274	0.00299863	0.0130889	0.00406048	0.0489564	0.00339456	0.00147484	0.0142	0.169141	0.0630823	0.0252461	0.03321	0.0162934	0.00369094	0.000763971	0.0124921
188	0.132353	0.00109526	0.0817042	0.0494773	0.00332586	0.287903	0.00566545	0.00359743	0.0961091	0.00460679	0.00101775	0.104103	0.00313122	0.0136246	0.0266111	0.136511	0.0437906	0.00176319	0.000307096	0.00330293
189	0.0339856	0.00799153	0.00161929	0.00155652	0.00122367	0.0022886	0.00159295	0.276679	0.00162588	0.00819028	0.00156243	0.0471961	0.00810775	0.00183292	0.00165224	0.0369001	0.231311	0.332887	0.000557543	0.00123904
