310	20
1	0.0572749	0.0187385	0.02166	0.0605844	0.0297869	0.0278907	0.0143493	0.0131612	0.127541	0.0128299	0.00530636	0.0563336	0.0062321	0.0755416	0.238146	0.0953377	0.0880107	0.0248469	0.0072249	0.0192032
2	0.0270173	0.00533877	0.000199185	0.000230686	0.00197767	0.895106	0.000277079	0.000401377	0.000235236	0.000608953	0.000347624	0.00826872	0.000131227	0.000269352	0.000282218	0.055575	0.00156247	0.000538997	0.000131783	0.00150033
3	0.0401892	0.0133167	0.000816054	0.00266639	0.018477	0.0130537	0.00763131	0.195446	0.0227283	0.233088	0.0403992	0.00293198	0.00515167	0.0503164	0.0786806	0.0158971	0.0970209	0.154061	0.000646336	0.00748246
4	0.0201071	0.00336793	0.000493527	0.000727114	0.00745605	0.00100402	0.000726243	0.265286	0.00152682	0.0821207	0.00890966	0.00140816	0.00108235	0.000919893	0.000633242	0.00260434	0.00762513	0.59061	0.00126681	0.00212527
5	0.0386766	0.0165556	0.0128199	0.0840879	0.018182	0.0171245	0.0485769	0.021222	0.0132037	0.0422362	0.0251195	0.0182187	0.00720872	0.530883	0.014738	0.022962	0.020792	0.0247952	0.00458509	0.0180126
6	0.0276482	0.00542952	0.00019687	0.000234106	0.00201204	0.890224	0.000278259	0.000404028	0.000238576	0.000613633	0.000350395	0.00823572	0.000133628	0.00027274	0.000286912	0.0592014	0.00207344	0.000542788	0.000131358	0.00149229
7	0.0116455	0.00410284	0.000427421	0.000588447	0.00322421	0.00147948	0.000591668	0.267072	0.000939822	0.0414155	0.00460014	0.000890077	0.00065069	0.00089264	0.000701586	0.00229747	0.00592239	0.651124	0.000599123	0.000834187
8	0.0270173	0.00533877	0.000199185	0.000230686	0.00197767	0.895106	0.000277079	0.000401377	0.000235236	0.000608953	0.000347624	0.00826872	0.000131227	0.000269352	0.000282218	0.055575	0.00156247	0.000538997	0.000131783	0.00150033
9	0.0392676	0.0419051	0.00221131	0.00291888	0.379644	0.00906596	0.0180889	0.0211156	0.00386284	0.170411	0.0657574	0.00401704	0.00150603	0.00573183	0.00341407	0.0142335	0.0184809	0.0470264	0.0498297	0.101512
10	0.0019466	0.000825495	0.000495572	0.000621892	0.00376604	0.000967733	0.000798866	0.00405134	0.0154303	0.00474933	0.00186919	0.00087347	0.000332115	0.000746517	0.95465	0.00129139	0.00124531	0.00154315	0.00309827	0.000697148
11	0.127246	0.00259168	0.000775139	0.0015222	0.00554775	0.00505692	0.00285256	0.00321101	0.00184184	0.00249676	0.00310222	0.000782074	0.799353	0.00261057	0.00104128	0.020565	0.00461977	0.00640794	0.00264614	0.00572985
12	0.0511987	0.0207231	0.00226644	0.00315465	0.431136	0.00324872	0.0825585	0.00477439	0.00297722	0.0567624	0.0205292	0.00316575	0.00144034	0.0188825	0.00313611	0.0211001	0.104408	0.00707937	0.00219278	0.159266
13	0.00306799	0.00540713	0.000460298	0.000646842	0.000986892	0.000874133	0.000655594	0.226649	0.000642463	0.0177212	0.00132112	0.000718864	0.000457253	0.000765022	0.000801459	0.00148817	0.00155939	0.734588	0.000404079	0.000784857
14	0.0867382	0.0266693	0.0132423	0.00242048	0.114867	0.00276214	0.106243	0.0034571	0.0243086	0.00449928	0.00298594	0.00222121	0.0011376	0.00251273	0.00412321	0.0272035	0.00321265	0.00639757	0.055967	0.509031
15	0.0414851	0.0133202	0.00600282	0.0192153	0.00756524	0.039416	0.0271877	0.0124822	0.104466	0.012372	0.0157144	0.0898374	0.00243696	0.078982	0.416166	0.0278623	0.0572804	0.0136765	0.00258734	0.0119441
16	0.0377873	0.0110699	0.000973376	0.00195989	0.0198384	0.00797546	0.00955577	0.196903	0.0145456	0.388424	0.0301838	0.00192972	0.00350102	0.0377609	0.0420676	0.0171898	0.0710952	0.0965002	0.000574445	0.0101639
17	0.466372	0.0328158	0.00234721	0.00285772	0.0375225	0.0436991	0.00519648	0.0462858	0.00305319	0.0345106	0.0111182	0.00754068	0.00614195	0.00325777	0.0050308	0.0908	0.0711292	0.113627	0.00548578	0.0112078
18	0.0119911	0.041716	0.00913482	0.0087434	0.105083	0.00208091	0.153553	0.0174768	0.0154206	0.32819	0.0709755	0.0287788	0.000783585	0.00872101	0.00858157	0.0246452	0.00988037	0.00309016	0.0236134	0.127541
19	0.057571	0.0241401	0.0457415	0.0793248	0.00180961	0.325097	0.0307603	0.0022299	0.0547647	0.00305337	0.0018702	0.165442	0.00768873	0.0393649	0.106403	0.0392613	0.00242708	0.00296059	0.00855319	0.00153604
20	0.0204154	0.00291267	0.000399742	0.000551699	0.0285489	0.00180577	0.000601377	0.15643	0.000259617	0.649296	0.0263036	0.000260552	0.000427836	0.000723958	0.00265542	0.00477381	0.0059013	0.086784	0.00481775	0.00613081
21	0.110879	0.0230187	0.0182087	0.0125029	0.0189246	0.0616509	0.0410977	0.00172374	0.136081	0.00796842	0.00141094	0.0693098	0.0183565	0.00599916	0.100775	0.138609	0.169855	0.0403514	0.00116858	0.0221083
22	0.0270173	0.00533877	0.000199185	0.000230686	0.00197767	0.895106	0.000277079	0.000401377	0.000235236	0.000608953	0.000347624	0.00826872	0.000131227	0.000269352	0.000282218	0.055575	0.00156247	0.000538997	0.000131783	0.00150033
23	0.00628611	0.0145949	0.019317	0.0936383	0.203922	0.00259978	0.0352649	0.0154222	0.00163553	0.0162291	0.00292348	0.0134366	0.00098244	0.00197202	0.0627064	0.0939948	0.118285	0.0164065	0.144209	0.136174
24	0.10651	0.0710976	0.00141629	0.00284736	0.0177593	0.00685432	0.00602386	0.161776	0.00125506	0.0949884	0.0633662	0.00819261	0.00283788	0.0088267	0.00283603	0.0220147	0.0546969	0.353833	0.00251242	0.0103563
25	0.0445479	0.0341748	0.0151542	0.0334786	0.0282777	0.0245212	0.00705153	0.023401	0.123783	0.0782958	0.00860843	0.0450607	0.00500098	0.0778033	0.28023	0.0780485	0.0359807	0.0248136	0.0112181	0.0205501
26	0.0165403	0.00629399	0.00624702	0.00450044	0.00613313	0.0115752	0.00475569	0.00826131	0.00474065	0.0112851	0.00675494	0.85816	0.00296631	0.00453176	0.00599767	0.0134788	0.00911819	0.010498	0.00263293	0.00552873
27	0.0276144	0.0210627	0.16061	0.0180474	0.00214671	0.046531	0.0120714	0.0303249	0.029485	0.0380251	0.0259392	0.101326	0.000929309	0.0273241	0.046127	0.161366	0.222944	0.0255838	0.000704541	0.00183786
28	0.0778471	0.0469313	0.00278446	0.127943	0.00572452	0.232961	0.0251598	0.0257655	0.00379819	0.0284102	0.0462442	0.0255205	0.0019513	0.0455635	0.00379424	0.157751	0.0474349	0.0298989	0.00218601	0.0623304
29	0.200604	0.0334645	0.00105308	0.00262791	0.0227992	0.0137445	0.00324051	0.119908	0.00136128	0.109914	0.0805421	0.00236079	0.000812027	0.00381129	0.00223951	0.00843957	0.0278159	0.350623	0.00301057	0.011629
30	0.0312568	0.00737138	0.0313193	0.270738	0.0336717	0.0106126	0.0404751	0.0777127	0.0103901	0.133319	0.00145247	0.00842335	0.000617738	0.0426917	0.0550054	0.0230891	0.057615	0.090801	0.0105478	0.0628901
31	0.015132	0.000504805	0.000292194	0.000352294	0.00242115	0.000450482	0.000419003	0.736318	0.000298553	0.0845388	0.0143292	0.000385527	0.000178204	0.000391679	0.000338715	0.004384	0.0176551	0.120923	0.000188511	0.000498767
32	0.0365639	0.00602502	0.0482619	0.218884	0.0403023	0.011935	0.0782674	0.0773942	0.013179	0.125355	0.00180334	0.0152026	0.000706985	0.0396206	0.059114	0.0209919	0.0368463	0.0842072	0.0131121	0.0722274
33	0.032213	0.00124487	0.814016	0.0851508	0.00143833	0.00622514	0.00105061	0.0017139	0.000976621	0.00261897	0.00613248	0.00891142	0.00205943	0.00119553	0.00100779	0.00891793	0.0116222	0.0119881	0.000455047	0.0010614
34	0.0467153	0.0114081	0.000882016	0.00300091	0.0301808	0.0128182	0.010109	0.223613	0.0160479	0.264839	0.0435963	0.00294136	0.00573681	0.0306466	0.0472085	0.0248667	0.0844656	0.132166	0.000469206	0.00828918
35	0.418441	0.0279069	0.0200888	0.00467955	0.0119745	0.188116	0.00782436	0.00545867	0.0010468	0.00650533	0.00429968	0.0101815	0.0105843	0.00106131	0.00775196	0.209076	0.0163402	0.0257732	0.00428504	0.0186053
36	0.00749406	0.0188088	0.000927322	0.00134417	0.0130495	0.00255406	0.00140426	0.304164	0.00112938	0.11973	0.0509926	0.0026961	0.0412518	0.00232403	0.00160318	0.013394	0.16906	0.244524	0.00122028	0.00232843
37	0.00182632	0.980096	0.00451994	0.000533112	0.000889933	0.00081138	0.000663876	0.000952339	0.000581309	0.00142725	0.000780788	0.000714428	0.000304555	0.000632362	0.000657996	0.00127134	0.000896727	0.00149817	0.000290663	0.000651537
38	0.0992714	0.00992227	0.134185	0.167476	0.00414085	0.0287895	0.0320234	0.0086266	0.099238	0.00257209	0.00397549	0.0243444	0.18764	0.0372117	0.0442715	0.0641004	0.0167305	0.03016	0.000209248	0.00511207
39	0.184473	0.00130475	0.309324	0.18552	0.0119763	0.000999893	0.0234848	0.00596175	0.0546771	0.00999208	0.00105958	0.0337958	0.00439024	0.0551442	0.0405557	0.0412456	0.0134906	0.0176434	0.00421497	0.000747581
40	0.00258666	0.978811	0.00449205	0.000558695	0.000892345	0.000929143	0.000663603	0.000941696	0.000585737	0.00140627	0.000802969	0.000701092	0.000304192	0.000636347	0.000672014	0.00136219	0.000949092	0.00175868	0.000290094	0.000656543
41	0.156236	0.00100788	0.00490453	0.0411982	0.0154499	0.00900194	0.00130334	0.0694739	0.113708	0.192967	0.0333662	0.014252	0.00272866	0.0635018	0.158259	0.0114019	0.026132	0.0648382	0.0189702	0.00129851
42	0.165519	0.0049663	0.0627553	0.142977	0.00242259	0.0270354	0.0174226	0.00604036	0.129676	0.0337985	0.0128367	0.0398645	0.00246565	0.0727885	0.192749	0.0513388	0.023092	0.0045143	0.000384086	0.00735276
43	0.00718804	0.00113271	0.158623	0.767704	0.00116133	0.00152596	0.000931145	0.00133832	0.000771248	0.00206599	0.00152191	0.00131177	0.000536178	0.037654	0.000839351	0.00600453	0.00194383	0.00636311	0.000430403	0.000953565
44	0.00495466	0.00218886	0.00270522	0.00331823	0.050917	0.00260148	0.00242771	0.232806	0.0019081	0.2953	0.255238	0.00146496	0.00096499	0.0104543	0.011336	0.00414768	0.0108826	0.102605	0.000822708	0.002956
45	0.00595696	0.00277375	0.0383799	0.0200313	0.011614	0.16324	0.0907298	0.00341854	0.0807587	0.172825	0.0322485	0.0465991	0.000998428	0.0486597	0.240469	0.0133305	0.00307528	0.00395137	0.00106791	0.0198719
46	0.00426135	0.00190391	0.0178324	0.00112883	0.0214808	0.00723853	0.765217	0.00188355	0.001145	0.00310234	0.00179091	0.0647255	0.000803186	0.0015188	0.00794794	0.00246033	0.00197448	0.00397979	0.000592204	0.0890132
47	0.136711	0.00235986	0.000314871	0.000412513	0.00565743	0.00397928	0.00270913	0.000849565	0.000381954	0.00108822	0.00180226	0.000437422	0.804581	0.0025426	0.000411385	0.0201101	0.00307629	0.00457436	0.00264534	0.0053552
48	0.045069	0.0181142	0.00150105	0.00195862	0.209976	0.00566724	0.00639325	0.0217287	0.00218599	0.272927	0.0747747	0.00260656	0.000995742	0.00229293	0.00260327	0.00470701	0.00376152	0.034147	0.0771344	0.211456
49	0.0368489	0.00259832	0.00133188	0.00196267	0.00279463	0.0026567	0.0124972	0.434047	0.0015693	0.0511976	0.00292342	0.0350535	0.0010565	0.00212392	0.00192266	0.00426882	0.347872	0.0542163	0.00105435	0.00200462
50	0.151082	0.0183735	0.00097742	0.00309806	0.00423055	0.00929352	0.0122925	0.00606582	0.00110628	0.00298738	0.0072716	0.155594	0.00445314	0.00460425	0.00129495	0.277447	0.301242	0.0365734	0.000568857	0.00144369
51	0.00201599	0.979799	0.00452369	0.000534283	0.000898072	0.000819125	0.000663882	0.000952339	0.000581534	0.00143043	0.000780798	0.000716887	0.000312426	0.000621442	0.000656875	0.00128941	0.000921668	0.00153904	0.000291399	0.000651525
52	0.134463	0.0346261	0.000495476	0.00265772	0.0066196	0.0010844	0.00598319	0.0174296	0.000581395	0.00386355	0.0074869	0.0183549	0.00063199	0.00412632	0.000829268	0.176285	0.559118	0.0238125	0.000295037	0.00125547
53	0.0436733	0.009689	0.242649	0.095985	0.0294829	0.0166739	0.155852	0.0025861	0.0179071	0.0237718	0.0161242	0.0938134	0.00083455	0.139364	0.0108657	0.0342483	0.00374382	0.0114583	0.0217397	0.0295374
54	0.00286935	0.978495	0.0044633	0.000544819	0.000869368	0.000881156	0.000683885	0.000961955	0.000579957	0.00144169	0.000771368	0.000725103	0.000322842	0.000641551	0.000605088	0.00139707	0.000944788	0.00184232	0.000289166	0.000670113
55	0.0268524	0.00545523	0.000634156	0.00099113	0.00205356	0.892391	0.000384282	0.000409002	0.000252885	0.000790771	0.000404741	0.00881801	0.000137307	0.000335165	0.000402429	0.0554355	0.00171017	0.000805623	0.000136639	0.00159968
56	0.151972	0.00371741	0.00206194	0.00498954	0.00623149	0.0109355	0.00898976	0.00266106	0.00235022	0.00264109	0.00243938	0.00152041	0.74403	0.0105897	0.00185485	0.0232538	0.00467931	0.00614733	0.00263681	0.00629848
57	0.00189384	0.000809801	0.000493601	0.000599343	0.00382168	0.000888986	0.000762518	0.00402608	0.0154254	0.00474889	0.00185805	0.000734213	0.000330612	0.000650636	0.955236	0.00129319	0.00112896	0.00151993	0.00309564	0.000682862
58	0.00908497	0.00280231	0.000312253	0.000419259	0.320064	0.000650925	0.034094	0.0175316	0.000357619	0.0376321	0.000738955	0.000468275	0.000277296	0.00616457	0.00434026	0.00336661	0.00790055	0.00653927	0.013809	0.533446
59	0.0197015	0.0199882	0.000901852	0.000953865	0.00152469	0.00727147	0.00728701	0.00163245	0.000910417	0.00270962	0.00154006	0.00696592	0.000638935	0.0011847	0.00119077	0.643232	0.277264	0.00328898	0.000561814	0.00125132
60	0.015132	0.000504805	0.000292194	0.000352294	0.00242115	0.000450482	0.000419003	0.736318	0.000298553	0.0845388	0.0143292	0.000385527	0.000178204	0.000391679	0.000338715	0.004384	0.0176551	0.120923	0.000188511	0.000498767
61	0.0153111	0.000541058	0.000291208	0.000356594	0.00257197	0.000449268	0.000413175	0.733165	0.000304005	0.0858698	0.0145155	0.000485776	0.000266699	0.000412728	0.000345517	0.00456685	0.0176683	0.121681	0.000283048	0.000501315
62	0.0207781	0.00360931	0.000386611	0.000637375	0.0230221	0.0028549	0.000485405	0.197371	0.000295302	0.568698	0.0318867	0.000327952	0.00235291	0.00141692	0.0017246	0.00602216	0.00703544	0.121781	0.00322033	0.00609403
63	0.123129	0.00257421	0.000794482	0.00222825	0.00538771	0.00877023	0.00301341	0.00417932	0.00286025	0.00264127	0.00339431	0.000726572	0.795904	0.00271866	0.00160802	0.0219108	0.00326732	0.00676644	0.00246616	0.00565882
64	0.0100135	0.00348755	0.000489618	0.000808209	0.320086	0.000633729	0.0357855	0.0163961	0.00073871	0.0349783	0.00152609	0.000602947	0.000257609	0.005368	0.00428968	0.00382461	0.00814865	0.00615815	0.0162677	0.53014
65	0.0319029	0.00121301	0.814373	0.0841793	0.00138249	0.00619353	0.00109251	0.00175887	0.000845627	0.00233475	0.00612627	0.0107117	0.00193008	0.00110039	0.000950392	0.00911872	0.0113809	0.0118769	0.000465019	0.00106363
66	0.00189384	0.000809801	0.000493601	0.000599343	0.00382168	0.000888986	0.000762518	0.00402608	0.0154254	0.00474889	0.00185805	0.000734213	0.000330612	0.000650636	0.955236	0.00129319	0.00112896	0.00151993	0.00309564	0.000682862
67	0.100809	0.010606	0.133033	0.167788	0.00420725	0.0282081	0.0322681	0.00921515	0.0996339	0.0025661	0.00398456	0.024308	0.187196	0.0364081	0.0440713	0.0630561	0.0167073	0.0305855	0.000215199	0.00513341
68	0.070931	0.00917349	0.00119146	0.00111178	0.017494	0.00180864	0.0586507	0.00250859	0.0660923	0.0565108	0.0163478	0.394906	0.00071372	0.0494717	0.14863	0.0537925	0.0305095	0.00312029	0.00812414	0.00891111
69	0.120263	0.031695	0.00144442	0.0035083	0.00763844	0.00317149	0.00701921	0.0308132	0.0017937	0.00826749	0.00801652	0.0185793	0.00153597	0.00470614	0.00286302	0.17017	0.549377	0.0248965	0.000630592	0.00361081
70	0.152376	0.0176458	0.000973997	0.00183477	0.00364752	0.0189729	0.00385155	0.00338105	0.00115376	0.00326419	0.00283696	0.00888092	0.00138799	0.0022028	0.00145631	0.530759	0.228754	0.0143796	0.000796635	0.00144428
71	0.0268926	0.00935787	0.00198262	0.00428232	0.106362	0.00373837	0.00630999	0.0400304	0.0140426	0.479877	0.157119	0.00277856	0.00382883	0.0138291	0.00684859	0.00770186	0.00445771	0.0263753	0.0302585	0.053927
72	0.102536	0.00980559	0.130442	0.164551	0.00388572	0.0353722	0.0327345	0.0097126	0.101885	0.00248102	0.00376728	0.0250198	0.175801	0.0372278	0.0438107	0.0620861	0.0176947	0.0343105	0.000222186	0.00665488
73	0.0236351	0.0120927	0.00169181	0.00186001	0.297876	0.00253908	0.021078	0.0189228	0.00132921	0.124646	0.0313987	0.00174707	0.000629662	0.0042243	0.00390358	0.00550886	0.00751947	0.0218654	0.046585	0.370947
74	0.106802	0.00910969	0.0159017	0.0679427	0.00238465	0.00978682	0.0228374	0.00956395	0.114214	0.0105967	0.00910605	0.00205673	0.433112	0.0181314	0.0231956	0.0257059	0.0821399	0.0338872	0.000915905	0.00260938
75	0.022052	0.0031442	0.00195175	0.00410788	0.0740971	0.00337823	0.00380732	0.00538742	0.0318112	0.485925	0.288238	0.0025266	0.0125857	0.0305344	0.00766146	0.00628124	0.00368415	0.00512032	0.00486631	0.00283964
76	0.00300544	0.977449	0.00442301	0.000532082	0.00087114	0.000878931	0.000702608	0.000960563	0.000565806	0.00145561	0.000810285	0.000706426	0.000330339	0.000649014	0.000658176	0.0015177	0.00108762	0.00243837	0.000295691	0.000662632
77	0.0992714	0.00992227	0.134185	0.167476	0.00414085	0.0287895	0.0320234	0.0086266	0.099238	0.00257209	0.00397549	0.0243444	0.18764	0.0372117	0.0442715	0.0641004	0.0167305	0.03016	0.000209248	0.00511207
78	0.184473	0.00130475	0.309324	0.18552	0.0119763	0.000999893	0.0234848	0.00596175	0.0546771	0.00999208	0.00105958	0.0337958	0.00439024	0.0551442	0.0405557	0.0412456	0.0134906	0.0176434	0.00421497	0.000747581
79	0.00309598	0.97781	0.00447935	0.000542591	0.00090928	0.000932852	0.000662119	0.000961516	0.000602546	0.00146179	0.000797499	0.000723034	0.000313234	0.000645934	0.000654484	0.00139809	0.000999409	0.00205062	0.000293124	0.000667022
80	0.139095	0.00578815	0.067429	0.186511	0.002609	0.0306544	0.0252937	0.0049738	0.101431	0.0656969	0.0123073	0.0418773	0.000170582	0.080564	0.140602	0.0359304	0.0394231	0.00584438	0.000185219	0.0136142
81	0.00718804	0.00113271	0.158623	0.767704	0.00116133	0.00152596	0.000931145	0.00133832	0.000771248	0.00206599	0.00152191	0.00131177	0.000536178	0.037654	0.000839351	0.00600453	0.00194383	0.00636311	0.000430403	0.000953565
82	0.0101035	0.00376966	0.000529414	0.000536715	0.319842	0.000770004	0.0370152	0.0162843	0.000966236	0.0326446	0.00102891	0.000570643	0.000346013	0.00527941	0.00414456	0.0036898	0.00797659	0.00633765	0.0146558	0.533509
83	0.11398	0.00745373	0.0738789	0.202383	0.0036083	0.0294762	0.0304825	0.00645676	0.0986531	0.0605206	0.0129007	0.044905	0.00015373	0.082221	0.123052	0.0382341	0.0530097	0.00792476	0.000201456	0.0105048
84	0.00415442	0.00323207	0.529381	0.0267586	0.000608469	0.00326374	0.0135072	0.00840768	0.00569697	0.00494463	0.000659237	0.299789	0.0033072	0.00309	0.00324541	0.0566129	0.0268275	0.005717	0.000260482	0.000536506
85	0.102825	0.0115367	0.00219166	0.0193592	0.00618648	0.00386371	0.0042098	0.0938267	0.0189065	0.050923	0.041137	0.00413045	0.477429	0.00442726	0.0238137	0.0352986	0.0124658	0.0645205	0.00160293	0.0213458
86	0.00415442	0.00323207	0.529381	0.0267586	0.000608469	0.00326374	0.0135072	0.00840768	0.00569697	0.00494463	0.000659237	0.299789	0.0033072	0.00309	0.00324541	0.0566129	0.0268275	0.005717	0.000260482	0.000536506
87	0.0176145	0.0039367	0.00237291	0.00680854	0.00714514	0.00448126	0.00246567	0.0150227	0.0351211	0.0223298	0.005268	0.00636933	0.0010168	0.0112304	0.822051	0.00831744	0.00707487	0.00893673	0.00900645	0.00343042
88	0.00189384	0.000809801	0.000493601	0.000599343	0.00382168	0.000888986	0.000762518	0.00402608	0.0154254	0.00474889	0.00185805	0.000734213	0.000330612	0.000650636	0.955236	0.00129319	0.00112896	0.00151993	0.00309564	0.000682862
89	0.00890448	0.00380245	0.00043496	0.000434602	0.332145	0.000651473	0.0377564	0.0154367	0.000551702	0.0305664	0.000889148	0.000525312	0.000288155	0.0051299	0.00396446	0.00314567	0.0081547	0.00566357	0.0144313	0.527124
90	0.00487141	0.00190594	0.0218181	0.00219592	0.0220137	0.00759885	0.783536	0.00262649	0.00153447	0.00465264	0.00193233	0.0662187	0.000719009	0.00208138	0.00908206	0.00273905	0.00254918	0.00358748	0.00104541	0.0572917
91	0.414161	0.0252773	0.00238563	0.00449277	0.0119582	0.0605646	0.00344112	0.105668	0.00162784	0.023625	0.00837704	0.00495481	0.0155673	0.00301947	0.00271217	0.0787918	0.0949339	0.116557	0.00282871	0.0190559
92	0.00465345	0.00228404	0.00429873	0.602161	0.00247488	0.00280938	0.0192211	0.00264863	0.0098441	0.00369206	0.0113512	0.00204558	0.000870944	0.308541	0.0103845	0.00328748	0.00274362	0.00386535	0.000914922	0.00190796
93	0.193905	0.00976531	0.00336442	0.00440353	0.00656436	0.137999	0.00471476	0.0110723	0.0041288	0.0356844	0.00661063	0.00430405	0.191756	0.00484604	0.00529405	0.0725205	0.278525	0.0148879	0.00284347	0.00681088
94	0.0178633	0.0065222	0.000712514	0.00107454	0.0267303	0.00512608	0.00109534	0.397198	0.000852728	0.0743709	0.00771779	0.0113504	0.00305906	0.00508983	0.000821377	0.0153826	0.124927	0.292332	0.000627866	0.00714682
95	0.427215	0.170604	0.0025641	0.00121441	0.0019242	0.0509126	0.00140656	0.00234507	0.00119694	0.00292482	0.00366229	0.0101465	0.00099013	0.00147924	0.00142646	0.202617	0.102768	0.0123868	0.000650735	0.00156512
96	0.00182632	0.980096	0.00451994	0.000533112	0.000889933	0.00081138	0.000663876	0.000952339	0.000581309	0.00142725	0.000780788	0.000714428	0.000304555	0.000632362	0.000657996	0.00127134	0.000896727	0.00149817	0.000290663	0.000651537
97	0.0660294	0.0011027	0.0399599	0.0629861	0.0215316	0.0189788	0.0172067	0.00483579	0.0450639	0.00911341	0.00127561	0.0233647	0.524901	0.0204807	0.0275319	0.0614997	0.00535473	0.00963867	0.00406832	0.0350759
98	0.129758	0.00177061	0.209414	0.108789	0.00196247	0.00814049	0.0471837	0.0607913	0.0778412	0.0404211	0.00782229	0.0344567	0.000908272	0.0343059	0.0520597	0.0226981	0.046301	0.113184	0.000782555	0.00141057
99	0.00182632	0.980096	0.00451994	0.000533112	0.000889933	0.00081138	0.000663876	0.000952339	0.000581309	0.00142725	0.000780788	0.000714428	0.000304555	0.000632362	0.000657996	0.00127134	0.000896727	0.00149817	0.000290663	0.000651537
100	0.135969	0.0086584	0.0835774	0.192756	0.00308094	0.0245213	0.0262781	0.00599868	0.10662	0.0491217	0.0129311	0.0446555	0.000294655	0.0905799	0.120141	0.0413249	0.0388059	0.00592046	0.000320959	0.00844444
101	0.026912	0.00532513	0.000730732	0.00106393	0.00199638	0.892356	0.000278917	0.000420354	0.000248169	0.000693414	0.000397143	0.00897313	0.000136194	0.000290014	0.000284381	0.0559774	0.00170093	0.000556585	0.000158709	0.00150013
102	0.0656527	0.00803282	0.0197967	0.0779975	0.0204223	0.114019	0.0471176	0.00187201	0.30049	0.0188789	0.00826024	0.0513828	0.000557012	0.103092	0.0795592	0.0329174	0.00216493	0.00288179	0.000648806	0.0442564
103	0.0151098	0.00071549	0.000331353	0.000344801	0.00388154	0.000668859	0.000443338	0.719208	0.000301239	0.0850479	0.0137928	0.000687926	0.000298424	0.000663203	0.000335788	0.00524817	0.0215672	0.130302	0.000368195	0.000683479
104	0.0366272	0.00071534	0.00037223	0.00040237	0.00841056	0.000824634	0.000495724	0.274402	0.00276307	0.11133	0.0124061	0.000546355	0.000328751	0.000560477	0.000486755	0.000980749	0.00784617	0.53983	0.00026038	0.000410588
105	0.473964	0.0111743	0.00172193	0.00714506	0.030007	0.133287	0.0029886	0.00654488	0.00182085	0.131901	0.0238675	0.00695165	0.00343562	0.00634146	0.00786983	0.0319604	0.0319453	0.0716225	0.00923326	0.00621803
106	0.0353848	0.000793688	0.000410027	0.000397702	0.00800618	0.000807839	0.000496119	0.281163	0.00269069	0.11187	0.0134313	0.000518107	0.000347116	0.00053075	0.000509552	0.00103063	0.00753907	0.53332	0.000308235	0.000445353
107	0.00576273	0.00165856	0.0015391	0.00262191	0.00432423	0.00306637	0.00212652	0.00495088	0.0638245	0.00727165	0.00262647	0.00317294	0.000714342	0.00355539	0.878842	0.00371426	0.00331981	0.00252373	0.00294676	0.00143805
108	0.0270173	0.00533877	0.000199185	0.000230686	0.00197767	0.895106	0.000277079	0.000401377	0.000235236	0.000608953	0.000347624	0.00826872	0.000131227	0.000269352	0.000282218	0.055575	0.00156247	0.000538997	0.000131783	0.00150033
109	0.00681869	0.00446059	0.000335703	0.00170462	0.0160223	0.00101573	0.00181464	0.34789	0.000325513	0.407948	0.0296408	0.000436915	0.000808523	0.00362915	0.000589735	0.00355597	0.00984984	0.146293	0.000586568	0.0162732
110	0.0326495	0.00636939	0.000615134	0.00101771	0.00247818	0.82056	0.000575773	0.00089322	0.000564259	0.00121318	0.000800016	0.00884511	0.000686624	0.000567283	0.000489354	0.106005	0.0125607	0.00128721	0.000198367	0.00162409
111	0.0270173	0.00533877	0.000199185	0.000230686	0.00197767	0.895106	0.000277079	0.000401377	0.000235236	0.000608953	0.000347624	0.00826872	0.000131227	0.000269352	0.000282218	0.055575	0.00156247	0.000538997	0.000131783	0.00150033
112	0.00890708	0.00298407	0.000323269	0.000424475	0.326223	0.000681573	0.0344679	0.0177476	0.000391905	0.0334036	0.000746163	0.000503369	0.000253058	0.0055294	0.00405951	0.00310003	0.00811255	0.00609391	0.0138772	0.53217
113	0.027883	0.00523942	0.00211927	0.00272977	0.00467098	0.00470409	0.473474	0.0072141	0.00204578	0.0987848	0.0163879	0.0382667	0.0017919	0.274707	0.00364407	0.00614881	0.00519631	0.00866162	0.00167224	0.014658
114	0.0156884	0.00253628	0.000335588	0.000441892	0.036856	0.00107856	0.000430052	0.117449	0.000253664	0.719264	0.0223996	0.000220912	0.000110393	0.000234475	0.00188041	0.00330896	0.00528382	0.0610271	0.00603632	0.0051645
115	0.125277	0.0486654	0.000552725	0.00375213	0.0149974	0.00945837	0.00277628	0.140319	0.000878108	0.129584	0.10843	0.00503534	0.000850568	0.00399712	0.000864761	0.0232925	0.0426858	0.322705	0.00248474	0.013393
116	0.174413	0.537105	0.00151506	0.00202519	0.00353701	0.0157991	0.00245674	0.00472722	0.00223941	0.00544326	0.00322269	0.00248066	0.00109902	0.00237521	0.00227269	0.0528336	0.0162616	0.166475	0.00104832	0.00266922
117	0.0185367	0.0140043	0.520707	0.00268033	0.0029968	0.0161768	0.0026286	0.0152917	0.0498735	0.0418387	0.0150987	0.144098	0.00126867	0.00287872	0.0439108	0.0664344	0.0117474	0.0266901	0.00101682	0.00212202
118	0.613504	0.0372255	0.000640757	0.000743203	0.00874595	0.131818	0.000865942	0.0305769	0.000797522	0.0190181	0.00936967	0.000935798	0.0311518	0.000878408	0.00100329	0.0202027	0.0454176	0.0409522	0.00105063	0.00510162
119	0.0540639	0.035674	0.0343264	0.0349165	0.0527197	0.048875	0.00171876	0.00214681	0.0479603	0.0780951	0.00860776	0.00953521	0.000621413	0.024306	0.201232	0.0735336	0.265809	0.00993931	0.00729412	0.00862554
120	0.0418155	0.00189785	0.0158891	0.160771	0.00218539	0.00866465	0.00130543	0.00202307	0.0816234	0.0901193	0.00834381	0.0279658	0.000708059	0.0305196	0.312599	0.0354462	0.165749	0.010044	0.000771314	0.00155831
121	0.0214909	0.00543845	0.000799721	0.000992829	0.0297763	0.0023484	0.0012812	0.156208	0.000797195	0.616959	0.0277375	0.000624541	0.00249239	0.0022224	0.00264876	0.00588966	0.0084937	0.10262	0.0044601	0.00671816
122	0.0111709	0.00395762	0.00374304	0.00775082	0.0124857	0.00576083	0.00396939	0.00635874	0.0516126	0.00867537	0.00425129	0.00772165	0.00159605	0.012268	0.82589	0.0121845	0.00703847	0.00609081	0.00378268	0.00369184
123	0.116421	0.00732989	0.0721917	0.20327	0.00338012	0.0279935	0.0285598	0.00629843	0.100013	0.0619513	0.0130576	0.0446122	0.000144404	0.0831724	0.125482	0.0368921	0.050358	0.00785397	0.000184764	0.0108342
124	0.013699	0.00636763	0.00263061	0.00320596	0.00555248	0.117498	0.0265021	0.142657	0.0493855	0.266138	0.00653611	0.0708768	0.00211618	0.00459985	0.163515	0.0526123	0.00712175	0.0518309	0.00206694	0.0050878
125	0.0867003	0.00957411	0.00744714	0.0235811	0.0175781	0.0132963	0.00748634	0.108476	0.169858	0.184668	0.0289428	0.0134629	0.00557296	0.0406653	0.119547	0.0215149	0.0578322	0.0664841	0.0084312	0.00888092
126	0.0191325	0.00169632	0.0205232	0.00818403	0.0149992	0.0854506	0.172203	0.0161455	0.0967002	0.00973653	0.00217058	0.150194	0.00727162	0.1062	0.218722	0.0483727	0.0104633	0.00274528	0.00075792	0.0083325
127	0.00189384	0.000809801	0.000493601	0.000599343	0.00382168	0.000888986	0.000762518	0.00402608	0.0154254	0.00474889	0.00185805	0.000734213	0.000330612	0.000650636	0.955236	0.00129319	0.00112896	0.00151993	0.00309564	0.000682862
128	0.0659914	0.00111345	0.0400786	0.0630186	0.0215434	0.019035	0.0170504	0.00483	0.0450494	0.00911671	0.00127871	0.0232927	0.524952	0.0205175	0.0275259	0.0614618	0.00535999	0.00959136	0.0040623	0.0351306
129	0.164593	0.00199641	0.0923799	0.0822241	0.00823507	0.109036	0.104206	0.00202946	0.0344536	0.00950343	0.0019144	0.063021	0.0051818	0.0235202	0.07354	0.128552	0.0615029	0.0164709	0.000898645	0.0167416
130	0.0684146	0.00991409	0.0257148	0.0848869	0.015292	0.05752	0.027172	0.0103561	0.266295	0.0261513	0.00950401	0.0414517	0.00609384	0.101807	0.152844	0.039732	0.0200546	0.010439	0.00287158	0.0234857
131	0.136711	0.00235986	0.000314871	0.000412513	0.00565743	0.00397928	0.00270913	0.000849565	0.000381954	0.00108822	0.00180226	0.000437422	0.804581	0.0025426	0.000411385	0.0201101	0.00307629	0.00457436	0.00264534	0.0053552
132	0.0141245	0.00710595	0.000770382	0.000874641	0.425676	0.0013763	0.0012242	0.0165587	0.000900002	0.464232	0.0413674	0.00123838	0.000593129	0.000999811	0.00121997	0.00717926	0.00184986	0.00776314	0.000765367	0.00418126
133	0.755227	0.035529	0.000920526	0.00102564	0.00335815	0.120457	0.00108705	0.00864513	0.000589981	0.00752758	0.00283209	0.00107405	0.00858133	0.00101783	0.00117701	0.0300584	0.00917768	0.0091155	0.00092524	0.00167453
134	0.00866887	0.0080722	0.000414153	0.00126434	0.0142963	0.00148038	0.00129244	0.262972	0.000466237	0.429963	0.0291539	0.000537022	0.00271312	0.00311305	0.000741441	0.0038324	0.00979838	0.209114	0.000899367	0.0112069
135	0.0206715	0.0058259	0.000761029	0.00117362	0.0313986	0.00234231	0.000941888	0.135727	0.000597083	0.646964	0.0418732	0.00035147	0.00363561	0.00228052	0.00286537	0.0050931	0.00629158	0.0806932	0.00497233	0.00554048
136	0.37572	0.0413934	0.00153745	0.00241395	0.00298426	0.0164826	0.0823811	0.00367972	0.182328	0.00486977	0.00315397	0.0024178	0.00135738	0.00240097	0.158611	0.0934905	0.00363909	0.017581	0.00122984	0.00232751
137	0.12036	0.00273273	0.0025532	0.00437553	0.00590643	0.0119238	0.00372928	0.00329767	0.00338975	0.00279189	0.00304969	0.00168804	0.785002	0.00356324	0.00208455	0.0251175	0.00353399	0.00620186	0.00248511	0.00621346
138	0.0497879	0.00547139	0.00045058	0.000783033	0.00837729	0.00350636	0.000839004	0.307681	0.00188866	0.0862827	0.0122366	0.000939937	0.000844951	0.00106601	0.000653882	0.00293419	0.0118165	0.501851	0.00101669	0.00157284
139	0.025092	0.0198411	0.00076371	0.00142856	0.00318508	0.00160583	0.00115201	0.0639658	0.00101094	0.162196	0.0100513	0.00149508	0.000583201	0.00115973	0.000985246	0.0108279	0.0474516	0.639739	0.00471164	0.00275413
140	0.0186624	0.00329106	0.000260289	0.000585865	0.0216561	0.00191376	0.000630231	0.240582	0.000219248	0.535542	0.0262394	0.000734036	0.00132674	0.0014647	0.0013605	0.00520816	0.0075372	0.122106	0.00334451	0.00733618
141	0.130657	0.0666752	0.000861929	0.00127812	0.0238534	0.00289022	0.00117768	0.06093	0.00138037	0.441696	0.112247	0.00112738	0.000732875	0.00126444	0.00177622	0.00595658	0.00872239	0.13272	0.00199832	0.00205492
142	0.0842347	0.00761764	0.106608	0.150542	0.00362625	0.0255523	0.0326522	0.00735367	0.128859	0.00294114	0.00336925	0.0302522	0.176333	0.0450613	0.0889694	0.0530994	0.0231445	0.0249662	0.000418256	0.00439949
143	0.00626122	0.00712468	0.000539678	0.00440813	0.0243017	0.00152232	0.00476666	0.351511	0.000661384	0.315351	0.0213192	0.0013374	0.000994141	0.0066139	0.000743657	0.00474811	0.0190268	0.192512	0.00215457	0.034103
144	0.0287811	0.00535717	0.000530011	0.000886034	0.00201223	0.890289	0.000295397	0.000458059	0.000295761	0.000890547	0.000498291	0.00847334	0.000525386	0.000361453	0.000337532	0.0558535	0.0018371	0.000624711	0.000181669	0.00151213
145	0.107573	0.0385595	0.000304511	0.000378803	0.116356	0.0123502	0.000467613	0.270656	0.000355044	0.196677	0.0222855	0.000401147	0.00621372	0.000403708	0.000380511	0.000848401	0.00743344	0.217607	0.00025802	0.000490514
146	0.012822	0.00520392	0.00315321	0.00362822	0.224718	0.00535058	0.00446444	0.0652304	0.00298253	0.104714	0.470018	0.0044381	0.00202223	0.00459872	0.00473891	0.00757625	0.00733189	0.0594273	0.00263802	0.00494374
147	0.0441475	0.0101635	0.000795009	0.00644325	0.0324793	0.00643607	0.0133475	0.167663	0.0175939	0.303798	0.0349252	0.00744601	0.0183013	0.0184891	0.0879122	0.0232219	0.0526144	0.124082	0.000747534	0.0293939
148	0.136711	0.00235986	0.000314871	0.000412513	0.00565743	0.00397928	0.00270913	0.000849565	0.000381954	0.00108822	0.00180226	0.000437422	0.804581	0.0025426	0.000411385	0.0201101	0.00307629	0.00457436	0.00264534	0.0053552
149	0.0922043	0.0691809	0.0241582	0.00386021	0.0284173	0.0534882	0.0248813	0.00617544	0.00346237	0.00931982	0.0255434	0.0633585	0.0429901	0.00439274	0.00487101	0.180283	0.00754792	0.0307763	0.0019157	0.323173
150	0.14619	0.0300105	0.000433356	0.002707	0.00676563	0.000766296	0.00634161	0.0115978	0.000500269	0.00123728	0.00578519	0.0228741	0.000326663	0.0044701	0.00058107	0.198183	0.541613	0.0187955	0.000278512	0.000542727
151	0.0806565	0.00469957	0.00211211	0.00609807	0.00562359	0.218899	0.011165	0.00554551	0.00322047	0.00826804	0.0055924	0.00333154	0.577247	0.00626135	0.00366966	0.0330214	0.00949456	0.00886262	0.00223651	0.00399478
152	0.0147681	0.00256631	0.000358627	0.000468225	0.0358522	0.00106543	0.000493402	0.127502	0.000245033	0.705614	0.0222482	0.000211897	0.000114263	0.000366633	0.0018357	0.00318506	0.00577061	0.0658463	0.00562515	0.00586296
153	0.0240794	0.00552812	0.0016486	0.00204035	0.00416159	0.0040063	0.469436	0.00777307	0.00212239	0.0737295	0.024392	0.0249476	0.00135404	0.307173	0.00353944	0.00591695	0.00481494	0.0100527	0.00150403	0.0217804
154	0.0414105	0.0111398	0.0191242	0.0312478	0.0317523	0.00230208	0.358655	0.00537101	0.0298561	0.117882	0.0106981	0.00219064	0.00103343	0.0493273	0.0206422	0.0197974	0.0296687	0.0342767	0.0261324	0.157493
155	0.0106869	0.00240024	0.013756	0.0176355	0.0207274	0.00488183	0.00922928	0.202015	0.00824978	0.46098	0.0894717	0.00129024	0.00120137	0.00748212	0.0187546	0.00965666	0.00655491	0.103146	0.00162561	0.0102551
156	0.0157851	0.00258313	0.000341038	0.000435987	0.0363196	0.0011051	0.000427707	0.122555	0.00024238	0.712609	0.0224305	0.000217343	0.000103474	0.00027754	0.00191081	0.00335473	0.00539062	0.0624922	0.00603011	0.00538843
157	0.0184302	0.00986465	0.000487761	0.000659423	0.362291	0.00100119	0.000772867	0.0245041	0.000645726	0.486489	0.0642532	0.000786951	0.000427022	0.000789113	0.000828354	0.00906371	0.00135954	0.0110891	0.00133093	0.00492671
158	0.0207473	0.00298194	0.000249572	0.000412392	0.0290092	0.00182971	0.000390856	0.16691	0.000225275	0.63406	0.0272228	0.000244876	0.000541764	0.000705339	0.00196631	0.00522291	0.00604551	0.0895355	0.00511979	0.00657829
159	0.00310891	0.00539872	0.000459709	0.000647749	0.000993375	0.000874119	0.000655602	0.226728	0.000641733	0.0177882	0.00133252	0.000718928	0.000457263	0.000765022	0.000799792	0.00148818	0.00156456	0.734389	0.000404079	0.000784725
160	0.308757	0.0782277	0.00089406	0.00122748	0.0226396	0.00207455	0.00139757	0.0505582	0.00107504	0.0826021	0.240396	0.00121428	0.000587188	0.00145253	0.00124752	0.00377144	0.0435913	0.155725	0.000750538	0.00181099
161	0.125476	0.0313457	0.00142497	0.00358695	0.00648359	0.00268351	0.00683413	0.0151638	0.00160108	0.00390516	0.00625322	0.0188199	0.000963316	0.00499629	0.00255379	0.1974	0.547265	0.0209865	0.000647726	0.00161053
162	0.0775982	0.0179158	0.00158357	0.00215786	0.00521663	0.0602054	0.00496868	0.00355056	0.00215724	0.0047834	0.00282175	0.00677845	0.00241716	0.00183148	0.0024215	0.642067	0.151952	0.00583312	0.00108152	0.00265842
163	0.809452	0.0396575	0.000519071	0.000792669	0.00115618	0.111783	0.000974921	0.00583679	0.000637301	0.00211721	0.00115434	0.000819894	0.00058484	0.000875656	0.000849724	0.0177867	0.00167564	0.00192803	0.00048763	0.000911171
164	0.0155038	0.00627296	0.00654062	0.0041658	0.00626322	0.010178	0.00476097	0.00795223	0.00453554	0.0118542	0.00699846	0.861698	0.00273296	0.00464522	0.00596765	0.0126005	0.00835182	0.0103333	0.00295109	0.00569321
165	0.0604662	0.00587682	0.000490306	0.020052	0.045442	0.0108063	0.0118925	0.153095	0.0184105	0.258117	0.0373687	0.00817563	0.0296787	0.0229766	0.117025	0.0170592	0.0294709	0.136012	0.00127219	0.0163125
166	0.147051	0.0140488	0.0320263	0.0346854	0.0120333	0.088877	0.0680481	0.00183758	0.096161	0.00726394	0.00147968	0.0674223	0.0197677	0.00820255	0.0836018	0.137102	0.130929	0.028266	0.000702754	0.0204939
167	0.0271595	0.00242916	0.0930035	0.110577	0.00382993	0.555174	0.00187086	0.00316742	0.00176968	0.00479867	0.002986	0.0781772	0.00111706	0.00334269	0.00192343	0.0977167	0.00365487	0.00420804	0.00107283	0.00202154
168	0.100991	0.0109731	0.0707822	0.290477	0.00500013	0.0223367	0.0211025	0.00758647	0.0866501	0.0607885	0.0193327	0.0374521	0.000411192	0.0680982	0.102155	0.0323659	0.0446446	0.00602872	0.000304657	0.0125184
169	0.128491	0.0200319	0.00162727	0.00412952	0.00691422	0.0078722	0.00393362	0.0229567	0.00411768	0.0168149	0.0240709	0.00439252	0.605939	0.00529559	0.00506783	0.0698808	0.0211089	0.0367324	0.00257733	0.00804574
170	0.00886615	0.00736226	0.000798333	0.00106988	0.00306378	0.00657855	0.00111015	0.156823	0.000741924	0.450841	0.0791359	0.000932383	0.0590041	0.0192823	0.00101793	0.0129228	0.017468	0.165434	0.00052236	0.00702546
171	0.0142613	0.00243044	0.0211245	0.0297834	0.0240109	0.0110177	0.0051464	0.306111	0.0189082	0.264211	0.0895741	0.00163719	0.00127766	0.0107928	0.00846976	0.020761	0.00533449	0.158744	0.000951239	0.00545252
172	0.361164	0.0330927	0.00083054	0.00131625	0.0262196	0.00689793	0.00284539	0.112361	0.000979391	0.0497553	0.0087007	0.00618763	0.000599943	0.00233539	0.00116058	0.0504358	0.0962689	0.220987	0.00656112	0.0113012
173	0.0810489	0.0075489	0.273246	0.145269	0.00461584	0.0229639	0.0238741	0.00745626	0.070477	0.00667659	0.00462671	0.0360182	0.149872	0.0266052	0.0323195	0.0575094	0.0188128	0.0249356	0.000586604	0.00553803
174	0.149975	0.0249569	0.000779919	0.0011403	0.106148	0.144907	0.0165188	0.0245886	0.0154184	0.135225	0.0182022	0.0130426	0.00059692	0.00152434	0.00136924	0.0181231	0.0110896	0.0597116	0.0160943	0.240588
175	0.0385234	0.00631383	0.000950982	0.00110632	0.146475	0.00158834	0.0125864	0.171572	0.00712875	0.130063	0.0276603	0.00111684	0.000541044	0.00600076	0.00118127	0.00237517	0.0165283	0.218945	0.0517307	0.157612
176	0.019788	0.00352532	0.000365593	0.000552458	0.0318407	0.00176972	0.000540957	0.148841	0.0002435	0.653547	0.023585	0.000297585	0.000609708	0.0005025	0.00208376	0.00423714	0.00571446	0.0919723	0.00477243	0.00521083
177	0.0253373	0.0276774	0.0496418	0.0139442	0.0700378	0.0100771	0.0520805	0.11305	0.00157898	0.0715962	0.122143	0.0107273	0.000835422	0.0101691	0.0195944	0.0381103	0.174249	0.13105	0.00886323	0.0492377
178	0.00391395	0.0019951	0.0195559	0.00124656	0.0193928	0.00915483	0.790245	0.00200891	0.00136206	0.0031944	0.00194042	0.0753399	0.000826659	0.00158197	0.00724646	0.00246727	0.00224481	0.00315106	0.000597809	0.0525337
179	0.00413196	0.00322965	0.529085	0.0267905	0.000607698	0.00326324	0.0134518	0.0084055	0.00570008	0.00493873	0.000660138	0.300444	0.00330316	0.00308823	0.0032099	0.0563919	0.026804	0.00569924	0.00026131	0.000533887
180	0.0373043	0.00655315	0.00448268	0.00964329	0.0168941	0.0138198	0.0132843	0.0306403	0.0395073	0.214003	0.0634529	0.00818427	0.00612855	0.0160177	0.455209	0.0148334	0.0135398	0.0241176	0.00584594	0.00653869
181	0.0651058	0.00215857	0.225925	0.319087	0.00194474	0.00191945	0.00913015	0.0246283	0.0702039	0.00347873	0.00197137	0.00154571	0.15399	0.00167513	0.0689397	0.0028199	0.0177334	0.0254424	0.000704122	0.00159645
182	0.019049	0.00248125	0.000418178	0.00138628	0.00451715	0.00136969	0.00195284	0.681816	0.00111987	0.0834935	0.0140677	0.00383196	0.00126437	0.00150612	0.00103595	0.00548314	0.0559525	0.117372	0.000481561	0.00140054
183	0.132034	0.0100771	0.000869386	0.0218511	0.0241444	0.00181376	0.0834488	0.0733605	0.0214816	0.194921	0.0141048	0.00975265	0.0084486	0.0311639	0.0401115	0.00287581	0.0100209	0.273257	0.000772829	0.0454898
184	0.133743	0.0729454	0.00117097	0.00224414	0.0110399	0.00371793	0.0143371	0.141206	0.00117856	0.104878	0.0525549	0.0194965	0.0009482	0.0184693	0.0013599	0.046416	0.0783545	0.278196	0.00165886	0.016084
185	0.0317061	0.00128585	0.78049	0.119025	0.00152555	0.00591214	0.0011821	0.00172307	0.00136981	0.00253111	0.00588149	0.00691653	0.00267703	0.00352144	0.00112875	0.00868836	0.010858	0.0120007	0.00048998	0.0010873
186	0.032094	0.00136409	0.810321	0.0830937	0.00144843	0.00643758	0.0014757	0.00183911	0.00101848	0.00304821	0.0061701	0.0119169	0.00196315	0.00114497	0.00125923	0.00946917	0.0119047	0.0124567	0.000443966	0.00113068
