232	20
1	0.0514172	0.00215263	0.0136631	0.0378281	0.0142161	0.0026984	0.00302465	0.106254	0.0385315	0.282549	0.0745604	0.105952	0.00125749	0.0230908	0.0639912	0.0319942	0.0438624	0.0852344	0.0010692	0.0166536
2	0.0261425	0.0151287	0.00136369	0.00193965	0.0646964	0.00271369	0.00330942	0.241145	0.00586033	0.402943	0.0660365	0.00173352	0.00033891	0.0015911	0.00255384	0.00370895	0.00504176	0.100743	0.0226791	0.0303308
3	0.0498309	0.0100992	0.00833463	0.0323213	0.00138746	0.0368353	0.00428282	0.00271416	0.236659	0.00267744	0.00191142	0.0620836	0.00144831	0.123336	0.211095	0.0983471	0.0649865	0.049797	0.000563998	0.00128912
4	0.0274355	0.00738057	0.000901229	0.00087367	0.136303	0.00230038	0.000873431	0.205112	0.000968361	0.104531	0.061338	0.00101148	0.000552509	0.000968197	0.00135648	0.00229606	0.0230346	0.399552	0.00431716	0.0188942
5	0.13164	0.0166926	0.00480023	0.00532205	0.00635486	0.0193881	0.00395882	0.017796	0.00278213	0.00760243	0.0298966	0.0146083	0.0051638	0.0161134	0.00311665	0.145076	0.508783	0.057512	0.000881	0.00251145
6	0.0232052	0.00951236	0.0073005	0.00694037	0.0126231	0.0429942	0.00633689	0.0695796	0.00735435	0.214966	0.0137162	0.0115325	0.00290794	0.00915471	0.00885286	0.224324	0.139808	0.180317	0.00290691	0.0056681
7	0.0410526	0.00252715	0.0124755	0.00367495	0.53497	0.00798322	0.00260831	0.0330557	0.00269623	0.0614539	0.0236214	0.00276012	0.0209536	0.00282096	0.00361582	0.00530662	0.00504383	0.030518	0.0587677	0.144094
8	0.0364587	0.000464873	0.0044492	0.000619413	0.000740887	0.908091	0.000892735	0.000707357	0.000882807	0.00206029	0.00101192	0.00491273	0.000380868	0.00383529	0.00192731	0.0273789	0.00248542	0.00144819	0.000203429	0.00104833
9	0.0971929	0.00452268	0.0745585	0.427549	0.00278107	0.0115763	0.0100779	0.00610149	0.0325099	0.0198552	0.0137497	0.0271896	0.0150817	0.135013	0.0233505	0.0529653	0.0286691	0.011619	0.0011612	0.00447596
10	0.0968071	0.00882762	0.0113678	0.0177763	0.0054094	0.065205	0.00622187	0.00913212	0.0239227	0.0135311	0.0070219	0.0175023	0.00786623	0.0139015	0.0167686	0.549993	0.0961459	0.0198917	0.00234342	0.0103643
11	0.040944	0.0119807	0.0190754	0.0187382	0.05572	0.0243784	0.404128	0.0261674	0.0281121	0.0273057	0.0210365	0.0301442	0.0121587	0.101214	0.0333352	0.0380254	0.0297877	0.0325543	0.00861877	0.0365755
12	0.0391824	0.000301753	0.00424055	0.000381785	0.000491576	0.911377	0.000397877	0.000662162	0.000548896	0.00100045	0.000638528	0.00234078	0.000189206	0.00357155	0.000794163	0.0287427	0.00242715	0.00145844	0.00017693	0.00107599
13	0.1595	0.000778714	0.0616943	0.127004	0.00505682	0.0233062	0.0151435	0.00615312	0.120338	0.00989827	0.000883072	0.0326798	0.229088	0.00843841	0.0448224	0.0688846	0.0420985	0.0262415	0.000409279	0.0175802
14	0.644127	0.0149315	0.000850947	0.000780054	0.00509817	0.139394	0.000758178	0.0056401	0.00492159	0.00162391	0.00853168	0.00188596	0.000358524	0.00493757	0.0051206	0.1103	0.00503587	0.0305455	0.00274636	0.0124122
15	0.00150697	0.000413635	0.000521376	0.00203552	0.0168389	0.000600487	0.00105556	0.540231	0.000600253	0.225074	0.0190648	0.000671503	0.000244033	0.00125159	0.000787644	0.00132209	0.00456325	0.181598	0.000198673	0.00142083
16	0.0397328	0.00212462	0.00841254	0.00386106	0.0022984	0.831231	0.0028969	0.00316675	0.00559612	0.00637949	0.00267037	0.0137367	0.0018962	0.0065458	0.00801445	0.0381123	0.014955	0.00533482	0.000552761	0.00248162
17	0.247921	0.154859	0.00315407	0.00320273	0.00673479	0.0751993	0.00274946	0.0931156	0.00329508	0.0183107	0.00473662	0.00312133	0.00188745	0.00347614	0.00395166	0.0261991	0.0337215	0.308321	0.00126103	0.00478341
18	0.0179474	0.00406139	0.00280415	0.00345441	0.00391929	0.0035516	0.00344943	0.125142	0.00355192	0.0543816	0.0189595	0.0428808	0.00110036	0.00407366	0.00499725	0.0556971	0.135225	0.509572	0.00171052	0.00352144
19	0.00154478	0.000330248	0.000461391	0.000549663	0.025331	0.000526944	0.000406874	0.575286	0.000488953	0.151741	0.0146374	0.000507772	0.000220555	0.000572637	0.000669364	0.00100826	0.00362049	0.221474	0.000166486	0.000455892
20	0.059756	0.00384673	0.381934	0.162968	0.0171542	0.0552544	0.0378527	0.0055226	0.0173488	0.0063253	0.00484043	0.0904069	0.00332901	0.0181021	0.023527	0.072235	0.0280703	0.00716558	0.00139199	0.00296858
21	0.0197757	0.000908401	0.00915167	0.00457751	0.00237003	0.812775	0.00471396	0.00213873	0.0021097	0.0118233	0.00464237	0.0716721	0.0063212	0.00531029	0.0142192	0.0182742	0.00399452	0.00291823	0.000629253	0.00167405
22	0.0432084	0.0146478	0.000763079	0.000863125	0.122642	0.004888	0.00114316	0.19384	0.000823232	0.105631	0.0558804	0.00105509	0.00199199	0.00121261	0.00126921	0.00236882	0.0233461	0.404282	0.00386524	0.0162785
23	0.0783284	0.00226609	0.0385514	0.079226	0.00211057	0.00605091	0.00912029	0.0122323	0.048325	0.00624043	0.00219648	0.00775931	0.588818	0.0317111	0.0086135	0.0272793	0.0278052	0.018474	0.00056801	0.00432369
24	0.292609	0.0138932	0.00181679	0.00231291	0.0109979	0.0143459	0.00200425	0.00304791	0.00241217	0.00357221	0.00317865	0.00255498	0.415558	0.00226532	0.00294738	0.164618	0.0140435	0.03527	0.000864529	0.0116876
25	0.00530253	0.00157729	0.0126486	0.00339906	0.00366126	0.794916	0.00435274	0.00261752	0.00230137	0.0321236	0.0120302	0.0557065	0.00349338	0.00422198	0.0444214	0.00566287	0.0044338	0.00411847	0.00090028	0.00211141
26	0.00434264	0.00126396	0.00187124	0.0214326	0.0220258	0.00148976	0.00988255	0.258428	0.0119155	0.410291	0.0140213	0.00758018	0.000740091	0.0191751	0.00321553	0.00421636	0.0222919	0.160987	0.00144298	0.0233878
27	0.1595	0.000778714	0.0616943	0.127004	0.00505682	0.0233062	0.0151435	0.00615312	0.120338	0.00989827	0.000883072	0.0326798	0.229088	0.00843841	0.0448224	0.0688846	0.0420985	0.0262415	0.000409279	0.0175802
28	0.00203744	0.000589495	0.000469615	0.000733159	0.0252399	0.000527779	0.000424684	0.564216	0.000784098	0.166415	0.0159312	0.000574362	0.000224208	0.000836605	0.000638087	0.0010388	0.00385619	0.21366	0.000575841	0.00122779
29	0.0654822	0.0212911	0.170864	0.184898	0.111132	0.00467689	0.00423947	0.0230977	0.00449428	0.0267668	0.022895	0.00423721	0.00154435	0.0737187	0.0227506	0.00997821	0.00732299	0.00754137	0.0911286	0.14194
30	0.0511835	0.0123213	0.00182551	0.00189145	0.0685206	0.0187647	0.00171105	0.0630867	0.00278528	0.316708	0.305161	0.00196585	0.000611853	0.00210225	0.00271437	0.00915038	0.00391204	0.120023	0.00182129	0.0137395
31	0.0971357	0.00576303	0.187513	0.311688	0.00181832	0.0324857	0.0120411	0.00170011	0.0484958	0.00692444	0.00199548	0.0670893	0.00951866	0.0511331	0.0414467	0.112969	0.00641622	0.00238432	0.000462841	0.00101968
32	0.0223985	0.000914479	0.00118937	0.00141588	0.00696514	0.00125436	0.00114088	0.00209658	0.0889951	0.0317429	0.00669782	0.00164633	0.000603597	0.0234214	0.78879	0.00829868	0.00226802	0.00277258	0.000552848	0.00683523
33	0.0230642	0.0010639	0.00224585	0.00336175	0.00816916	0.00284015	0.00359927	0.00347558	0.0902825	0.0311613	0.00696368	0.00321724	0.000757563	0.0237183	0.772068	0.00970198	0.00303554	0.00353579	0.000801234	0.00693676
34	0.0227707	0.000906044	0.00135316	0.00158778	0.00683155	0.00146184	0.00126759	0.00222604	0.0937375	0.0314525	0.00695604	0.0018218	0.00062564	0.0236586	0.782217	0.00875647	0.00231911	0.00281929	0.000558068	0.00667285
35	0.287342	0.0137123	0.00206286	0.00250794	0.0123303	0.0141721	0.00217258	0.00411396	0.00266002	0.00403756	0.00334502	0.00264462	0.409431	0.00252373	0.00327665	0.168403	0.0152645	0.0382558	0.000854934	0.0108889
36	0.087745	0.0300172	0.0257987	0.051982	0.00494547	0.118179	0.0105981	0.00715443	0.169079	0.0134998	0.0144502	0.0650107	0.00250773	0.064103	0.142129	0.120501	0.0393909	0.0256406	0.00196777	0.00530089
37	0.136942	0.0056522	0.0117519	0.00328259	0.00212169	0.0550201	0.00214971	0.0101798	0.00227053	0.0142533	0.0386792	0.00438933	0.0117105	0.014635	0.00278265	0.111301	0.436569	0.133515	0.0008775	0.00191664
38	0.017952	0.00299714	0.00780081	0.00259948	0.00235193	0.00252703	0.00196703	0.00998395	0.00248345	0.0154546	0.00416141	0.0273963	0.00104335	0.00414419	0.00297331	0.213732	0.666025	0.00890683	0.000931552	0.00456831
39	0.201485	0.00332024	0.00479965	0.00476663	0.00460232	0.0301873	0.003652	0.00611306	0.119596	0.00691329	0.0246912	0.00410286	0.261943	0.19193	0.00564104	0.0460845	0.0655887	0.00928923	0.00163685	0.0036567
40	0.0229386	0.00109934	0.0023821	0.00213015	0.00733755	0.00234937	0.00247506	0.0039861	0.0885184	0.0310692	0.00750846	0.00222978	0.000855414	0.0229138	0.774273	0.00991482	0.00437039	0.00484648	0.000805909	0.00799585
41	0.0525514	0.0112468	0.00835504	0.0258783	0.00148667	0.0374838	0.00426933	0.00277587	0.253034	0.00271029	0.00192302	0.0656098	0.00128937	0.124998	0.212872	0.0954912	0.0488106	0.0471415	0.000622975	0.00145
42	0.0635314	0.00516485	0.0678766	0.416555	0.00837484	0.0147875	0.0144193	0.0173023	0.0485372	0.0242892	0.0116498	0.0297883	0.00880514	0.102468	0.0411219	0.0448333	0.0422504	0.0252762	0.00422935	0.00874002
43	0.159566	0.00077756	0.0617655	0.126799	0.00504124	0.0233596	0.0151391	0.00615799	0.120201	0.00988094	0.00087746	0.0328364	0.229226	0.00841381	0.0447482	0.0688716	0.0421119	0.0262245	0.000415425	0.0175867
44	0.0262212	0.00257869	0.646464	0.069479	0.00557387	0.00910488	0.00725101	0.00412808	0.00924284	0.0049191	0.00298622	0.11672	0.0037563	0.0122495	0.0132668	0.0406485	0.0133271	0.00531723	0.0020349	0.00472994
45	0.047719	0.000808673	0.0280922	0.320376	0.011189	0.00114059	0.0235367	0.0475519	0.115295	0.0348607	0.0099366	0.0416699	0.000480604	0.0789731	0.0838641	0.0250624	0.0559583	0.0664398	0.000507593	0.00653743
46	0.0468404	0.000784355	0.0282526	0.320932	0.0112456	0.00114276	0.0235815	0.0473632	0.115094	0.034662	0.00987534	0.0416588	0.000482368	0.0784735	0.0842699	0.0251356	0.0563701	0.0667087	0.00051054	0.00661635
47	0.00349086	0.000760678	0.000465876	0.000525943	0.0360827	0.000628695	0.000480923	0.544806	0.000507074	0.143073	0.0174058	0.000546625	0.000236716	0.000606259	0.000700083	0.00112218	0.00518971	0.241232	0.000470568	0.00166865
48	0.00893703	0.00343378	0.0043763	0.0269573	0.0212711	0.00204531	0.0135642	0.186494	0.0268846	0.337306	0.014651	0.0209981	0.000959551	0.0294006	0.011636	0.0109595	0.0380381	0.202219	0.00510394	0.0347641
49	0.138741	0.0125177	0.00533443	0.00691032	0.00476627	0.0594182	0.00380036	0.00659362	0.00925502	0.00941887	0.00720389	0.0112762	0.00482647	0.00924699	0.00894257	0.50926	0.165895	0.0183588	0.00130316	0.00693088
50	0.0351641	0.000493578	0.0048768	0.000930159	0.000852312	0.900604	0.00111	0.000816598	0.00178824	0.00301621	0.00117517	0.00743934	0.000751104	0.0037687	0.0034237	0.0276423	0.00306053	0.00178747	0.000237878	0.00106178
51	0.0249799	0.00635244	0.00117505	0.000886996	0.126462	0.00204346	0.000875047	0.202682	0.000952833	0.101699	0.0603607	0.00101501	0.000633068	0.00119816	0.00136047	0.00258329	0.0281781	0.410682	0.00366816	0.0222118
52	0.0132535	0.0226451	0.00534762	0.00454743	0.342292	0.00500444	0.0552511	0.00723225	0.0270648	0.0698976	0.049676	0.0265839	0.0022222	0.0257731	0.0443646	0.0295289	0.00879932	0.132235	0.00164926	0.126632
53	0.00635751	0.00186411	0.00233699	0.0260043	0.0418071	0.00256764	0.046825	0.0823435	0.244549	0.0348856	0.0372587	0.0276828	0.00110151	0.0271514	0.142991	0.00538782	0.0603364	0.0879823	0.000956877	0.11961
54	0.0166114	0.00303559	0.00699343	0.00289374	0.00281878	0.00355311	0.00230113	0.00967145	0.00304522	0.0296123	0.00485703	0.0219949	0.00115182	0.00410017	0.00354797	0.198037	0.669921	0.0101584	0.000985563	0.00471018
55	0.11518	0.0490025	0.105654	0.0926485	0.0100609	0.0132007	0.00922547	0.0247691	0.0303758	0.125071	0.0206288	0.0143567	0.00936817	0.0774538	0.0241536	0.0780265	0.157086	0.0259051	0.00636178	0.0114723
56	0.0389286	0.00030657	0.00421673	0.000387981	0.000547394	0.911705	0.000434691	0.000671481	0.000547341	0.00106737	0.000604834	0.00243528	0.000187421	0.00353572	0.00075593	0.0284949	0.00244936	0.0014471	0.00017934	0.00109727
57	0.329581	0.0247722	0.00325809	0.0167376	0.0429862	0.00718088	0.0252797	0.0076021	0.0038928	0.0138051	0.0661197	0.00645255	0.00205859	0.00667267	0.00465009	0.160567	0.262463	0.0118056	0.00137129	0.00274321
58	0.249335	0.0105211	0.00845861	0.0139577	0.00865857	0.014403	0.00385937	0.00874396	0.0116731	0.00506031	0.0038612	0.00334842	0.453041	0.0118336	0.00469823	0.119831	0.0188573	0.0395837	0.000949517	0.00932448
59	0.00143975	0.000318314	0.00045976	0.000748014	0.0203062	0.000542237	0.000503737	0.569705	0.000518973	0.180796	0.0171867	0.000540128	0.000213116	0.000620011	0.000692784	0.000998595	0.00372424	0.199934	0.000175561	0.000576915
60	0.381109	0.0888183	0.00160114	0.00195085	0.00364086	0.0602222	0.00968963	0.00291888	0.00182036	0.0113065	0.0228312	0.0166874	0.0107213	0.00893538	0.00462616	0.201616	0.126913	0.0422348	0.000701841	0.00165591
61	0.0629843	0.0158827	0.00146851	0.00151095	0.0834758	0.0305131	0.0012145	0.0827106	0.00229311	0.287192	0.252813	0.00172713	0.000556942	0.0016396	0.00245434	0.0210495	0.00376403	0.129549	0.00302737	0.0141736
62	0.0203556	0.00185426	0.00279958	0.0393881	0.0141213	0.00228098	0.0134184	0.219315	0.00523195	0.194124	0.162555	0.0142663	0.00107044	0.0212962	0.0200631	0.0146059	0.0424869	0.201194	0.00219029	0.00738314
63	0.0102075	0.00193102	0.000603428	0.000623954	0.0724426	0.000768955	0.000528838	0.428768	0.000640209	0.115027	0.0290318	0.000679129	0.00032633	0.000706304	0.000792979	0.00151637	0.0123123	0.31528	0.00167308	0.00613975
64	0.033849	0.00212859	0.0428091	0.213084	0.017191	0.00307089	0.029901	0.00456994	0.0682928	0.0448664	0.00318229	0.0156558	0.0272806	0.0446393	0.252593	0.019005	0.00539161	0.0209175	0.0837038	0.0678678
65	0.0685757	0.0140629	0.0578422	0.0291266	0.0141318	0.0569337	0.0375175	0.024252	0.0261941	0.0233723	0.0141016	0.299251	0.0137826	0.0198224	0.0294448	0.157126	0.0603777	0.0305796	0.00443177	0.0190737
66	0.0332843	0.0136499	0.00282305	0.0694689	0.00216714	0.0267937	0.00245269	0.00434429	0.152396	0.00548379	0.00325637	0.0683568	0.00197949	0.0600176	0.124093	0.0562046	0.262375	0.107513	0.00103312	0.00230749
67	0.019135	0.00125508	0.702316	0.0407117	0.00297389	0.0034666	0.00447134	0.00238413	0.00538905	0.00261604	0.00177576	0.143783	0.000689425	0.00676104	0.00927569	0.0372204	0.010406	0.00306344	0.0006501	0.00165714
68	0.204474	0.00326994	0.00437482	0.00465866	0.00405353	0.00468703	0.00394954	0.0552559	0.0743615	0.00724899	0.0417471	0.00644123	0.00267674	0.199658	0.00550665	0.0274009	0.154113	0.152817	0.00192094	0.0413844
69	0.0106415	0.00274814	0.031863	0.0216774	0.0043123	0.00555844	0.0935972	0.0799727	0.209491	0.00815422	0.00483826	0.00557777	0.00228624	0.0232955	0.443704	0.0283661	0.00874234	0.00916909	0.00177332	0.00423211
70	0.0619634	0.0082354	0.101558	0.0671263	0.0166535	0.071336	0.0219948	0.0149151	0.0419475	0.0247196	0.0142072	0.022262	0.0913962	0.128817	0.0302042	0.200222	0.0297401	0.0239392	0.00348308	0.0252787
71	0.0819779	0.00580231	0.0154746	0.0423833	0.00363616	0.0830809	0.0202175	0.0100687	0.21623	0.00888771	0.0120503	0.0303379	0.00464131	0.0889622	0.204424	0.0955496	0.041049	0.0295407	0.000535126	0.00515051
72	0.0796804	0.00380518	0.166833	0.0604632	0.0357589	0.0265504	0.0624032	0.00812627	0.0784497	0.0374665	0.0111836	0.00993267	0.0872947	0.0430995	0.0224249	0.13675	0.0185795	0.0151372	0.00280173	0.0932593
73	0.059637	0.015348	0.0241659	0.00941699	0.0354994	0.0140299	0.215797	0.0367871	0.0231942	0.0269679	0.0218406	0.165295	0.0175077	0.017615	0.033911	0.0427146	0.0211166	0.0365669	0.0148761	0.167714
74	0.164592	0.00171534	0.185998	0.193109	0.00212013	0.149984	0.0197574	0.00531198	0.0239102	0.00273895	0.00118726	0.0625229	0.00184426	0.0313053	0.0405987	0.0927998	0.0169981	0.00222848	0.000415193	0.000862381
75	0.0450001	0.00188133	0.0164431	0.00259308	0.458231	0.0101475	0.00167397	0.0473879	0.00175889	0.0916928	0.0351556	0.00168141	0.0365641	0.0018249	0.00213576	0.00359284	0.00360866	0.0429435	0.0433634	0.152321
76	0.0234078	0.00105988	0.00200179	0.00253838	0.00746785	0.00229884	0.00255444	0.00302024	0.0890871	0.0310449	0.00689835	0.00214083	0.000950365	0.0235579	0.774266	0.0100521	0.00451831	0.00435828	0.00112463	0.00765188
77	0.140123	0.00548963	0.0204298	0.03434	0.0051953	0.00804557	0.00514521	0.0140793	0.0202423	0.00587238	0.00251363	0.00365779	0.58666	0.0167575	0.00525503	0.0674083	0.0207597	0.0322247	0.000584541	0.00521577
78	0.0388059	0.000311115	0.00415162	0.000388692	0.000522135	0.911175	0.000426522	0.000689072	0.000546886	0.000894457	0.000584942	0.00217257	0.000198915	0.0034567	0.000598316	0.0299144	0.00245729	0.00145089	0.000182465	0.00107215
79	0.0394488	0.0105585	0.0145641	0.0149487	0.105543	0.016512	0.378996	0.030381	0.020095	0.0346143	0.0249454	0.0214259	0.0169757	0.0933215	0.0256092	0.0309748	0.0254678	0.0350477	0.0129363	0.0476341
80	0.317219	0.0105942	0.0014648	0.0017496	0.00176574	0.152295	0.00119063	0.00283866	0.00261737	0.00225274	0.00336269	0.0101737	0.000832682	0.00829286	0.00796936	0.409631	0.0465378	0.0139831	0.000852104	0.00437708
81	0.0374937	0.00290287	0.607221	0.0615039	0.00496788	0.0144849	0.00753595	0.00471588	0.0127313	0.00624071	0.00448565	0.125744	0.00364659	0.022381	0.0148868	0.0452099	0.0133909	0.00591789	0.00130639	0.00323218
82	0.0442563	0.00192009	0.0164889	0.00256524	0.459692	0.010425	0.00162781	0.0473962	0.00178638	0.0911606	0.0336792	0.00165806	0.0319386	0.00177692	0.00213705	0.00356224	0.00338665	0.0427329	0.0428852	0.158924
83	0.170342	0.00644244	0.00650152	0.00265717	0.00245738	0.0449482	0.00148654	0.0149416	0.00168539	0.0101991	0.0254428	0.00424865	0.0848585	0.00913515	0.00375022	0.101955	0.387449	0.118547	0.000705444	0.00224611
84	0.0649576	0.00364257	0.497768	0.0772023	0.00403476	0.0248388	0.0109144	0.005757	0.033548	0.00979088	0.00539619	0.140303	0.00420936	0.0186036	0.0229357	0.0500992	0.0132921	0.00771614	0.00160082	0.00338928
85	0.0287905	0.00275629	0.00456247	0.00370283	0.0718137	0.00499242	0.206555	0.104962	0.00476844	0.0333673	0.0339953	0.0271189	0.0791698	0.026226	0.00736298	0.00970513	0.0277318	0.0681635	0.0740607	0.180195
86	0.0674464	0.00609701	0.0320989	0.0981826	0.00762346	0.062549	0.0265958	0.0212015	0.117278	0.0170351	0.00762319	0.0578318	0.0745108	0.0655489	0.146379	0.0568545	0.0837037	0.0399319	0.0023177	0.00919048
87	0.0377682	0.000334782	0.00443268	0.000502097	0.000610392	0.905034	0.000718116	0.000755491	0.000755224	0.00179815	0.000996408	0.00486251	0.000393009	0.00393085	0.0024318	0.0288549	0.00279944	0.0017135	0.000190047	0.00111796
88	0.0788668	0.00396224	0.00485656	0.00328001	0.00126221	0.626961	0.00112848	0.00157124	0.00452407	0.00195563	0.00139676	0.00646268	0.000772302	0.00646406	0.00479081	0.216698	0.0263732	0.00555811	0.000520271	0.00259543
89	0.0368533	0.000382245	0.00440347	0.00066668	0.000720982	0.908401	0.000814211	0.000712111	0.000643332	0.00179279	0.000985206	0.00530423	0.000448661	0.00362137	0.00182058	0.0271501	0.00245902	0.00148723	0.000215376	0.00111765
90	0.0468307	0.0140447	0.0183053	0.0118571	0.166167	0.0136835	0.160036	0.0190892	0.0194965	0.031515	0.0807784	0.0697794	0.00495859	0.0211534	0.140436	0.0782699	0.020433	0.0454632	0.00436951	0.0333333
91	0.420438	0.01899	0.00685766	0.0118401	0.0683411	0.0139246	0.0426646	0.010056	0.00614593	0.0419067	0.0349271	0.0106285	0.00369496	0.00883408	0.00970425	0.15649	0.104937	0.0199268	0.00326747	0.00642513
92	0.0944644	0.00856438	0.011051	0.0140473	0.0056928	0.0659741	0.00578854	0.00790068	0.0210783	0.0115201	0.00586195	0.0168531	0.0072738	0.0127051	0.0154234	0.554111	0.109284	0.0196059	0.00197812	0.0108221
93	0.465507	0.010003	0.00220193	0.000743634	0.00319268	0.374827	0.000720763	0.004773	0.00358725	0.00230683	0.00585863	0.00235264	0.000341764	0.00431999	0.00392333	0.0781803	0.00452869	0.0206129	0.00191308	0.010106
94	0.0232087	0.00119225	0.00280008	0.00260495	0.0079426	0.00219657	0.00397348	0.00438686	0.0890088	0.031804	0.00758596	0.00264347	0.00116818	0.0229138	0.768386	0.00993428	0.0046483	0.00483892	0.000770252	0.00799266
95	0.0192763	0.00226402	0.00348332	0.0405128	0.0130745	0.00266038	0.0112842	0.229348	0.00703274	0.214492	0.132421	0.0167727	0.00100762	0.0188935	0.018501	0.0243783	0.0474081	0.186992	0.00222785	0.00796996
96	0.0448062	0.00661535	0.00910624	0.00848525	0.00552701	0.0109982	0.00506022	0.0141837	0.00798188	0.0207795	0.0128211	0.0242628	0.00472891	0.00910059	0.00963395	0.161811	0.606035	0.0302845	0.00142769	0.00635074
97	0.129697	0.0398566	0.000435446	0.00066164	0.0156166	0.0159172	0.00278172	0.13528	0.000607356	0.125575	0.0156615	0.000712884	0.0106939	0.00290507	0.00101027	0.00330212	0.03282	0.458303	0.00249477	0.00566916
98	0.37528	0.0908581	0.00156968	0.0018477	0.00291779	0.0592046	0.00851397	0.00302897	0.00186653	0.0100781	0.0222738	0.0189466	0.0145059	0.00815151	0.00475209	0.208468	0.122075	0.043309	0.000725757	0.00162627
99	0.0148166	0.00645309	0.0124801	0.00692249	0.0444274	0.00279504	0.0475906	0.236662	0.00773688	0.266313	0.0739277	0.0139667	0.0039602	0.00540918	0.0331555	0.00681166	0.0108568	0.119756	0.0301993	0.0557599
100	0.092435	0.125829	0.00507906	0.00560495	0.0175663	0.0110665	0.00441973	0.0756771	0.00498925	0.0915395	0.032634	0.00697743	0.00368538	0.00560702	0.00687333	0.0379928	0.202588	0.262414	0.00197414	0.00504826
101	0.0443537	0.00901144	0.000968996	0.0016784	0.126623	0.00358783	0.00134804	0.198626	0.00106802	0.0988956	0.0638303	0.00115476	0.00103553	0.00128155	0.00343087	0.00382001	0.0250352	0.393307	0.00385937	0.0170845
102	0.419085	0.00753524	0.00305613	0.00161611	0.00402056	0.40679	0.00145047	0.0127225	0.00402921	0.00581757	0.0052289	0.00343467	0.000943261	0.00528683	0.00471195	0.0597787	0.00532064	0.0391075	0.00207347	0.00799042
103	0.0384453	0.00030302	0.00413005	0.000418494	0.000524245	0.912084	0.000425921	0.000648232	0.000542026	0.00099782	0.000597285	0.0024133	0.000225872	0.00345929	0.000697813	0.0289623	0.00245643	0.00144103	0.000169804	0.00105779
104	0.597377	0.0138825	0.00124094	0.00114951	0.00593499	0.14662	0.000852654	0.00537507	0.00491382	0.00222903	0.00773135	0.00245864	0.000554896	0.00519666	0.00521221	0.137171	0.00914603	0.0360307	0.00326592	0.0136576
105	0.00154479	0.000328264	0.000464489	0.000547195	0.0255964	0.000522379	0.000406571	0.574652	0.000492082	0.150129	0.0144241	0.000493224	0.000236702	0.000583179	0.000659709	0.00102791	0.00367715	0.223583	0.000163594	0.000468218
106	0.331691	0.179209	0.00849968	0.00638448	0.0111187	0.0266976	0.00644229	0.0496633	0.00774842	0.0601013	0.0133933	0.0123252	0.00377907	0.00848658	0.0129148	0.0442511	0.0477941	0.150009	0.00723927	0.0122518
107	0.0900982	0.00709271	0.024151	0.0712878	0.0152964	0.0478795	0.00950327	0.0282546	0.212858	0.0772105	0.0356807	0.00831079	0.00286097	0.076525	0.194321	0.0612745	0.0180946	0.0147251	0.00140937	0.00316576
108	0.140948	0.0225948	0.0363682	0.0913077	0.00999595	0.0138186	0.00417059	0.0418041	0.141921	0.144869	0.0307876	0.00515491	0.00179441	0.109334	0.0753818	0.0696505	0.0306744	0.022794	0.00243107	0.00419848
109	0.0307995	0.0169085	0.00141285	0.000722146	0.0489678	0.00119727	0.00320725	0.250495	0.00626133	0.38871	0.0753739	0.00158418	0.000275911	0.000790981	0.0026881	0.00377755	0.00435475	0.102077	0.0275049	0.0328914
110	0.00802032	0.00468815	0.000945366	0.00275271	0.0214672	0.000787799	0.00222489	0.412105	0.00246211	0.346971	0.0335503	0.00119656	0.000357911	0.00183075	0.00179955	0.00209555	0.00573413	0.136412	0.00582489	0.00877319
111	0.0933423	0.00605673	0.185273	0.319841	0.00177214	0.0251018	0.0115392	0.00159195	0.0482236	0.0066884	0.00202645	0.0684431	0.0100286	0.0525883	0.0412136	0.116434	0.00593319	0.00240541	0.000458039	0.00103868
112	0.00795154	0.0340033	0.0152442	0.00270887	0.00466398	0.549122	0.0489989	0.00429571	0.103555	0.0438268	0.0281374	0.00447683	0.00140699	0.0768014	0.0279434	0.0320926	0.00536039	0.00595565	0.00104075	0.00241418
113	0.0170136	0.000993467	0.715659	0.0438635	0.00315137	0.0035335	0.00503656	0.00205843	0.00464613	0.00231275	0.00166806	0.133212	0.000691244	0.00646234	0.0082867	0.0358088	0.0108063	0.002775	0.000541302	0.00148055
114	0.0374612	0.00315626	0.0081178	0.00389057	0.00379733	0.00626536	0.00259792	0.00888503	0.00349791	0.0120452	0.0053364	0.0212989	0.00135152	0.00381917	0.00362494	0.319863	0.538689	0.0106779	0.000963181	0.00466114
115	0.130307	0.0412418	0.000461179	0.000607414	0.0147899	0.0162752	0.00285465	0.132865	0.000574531	0.125942	0.0151607	0.00061084	0.0108961	0.0028792	0.00091248	0.00306724	0.0327287	0.459493	0.0025218	0.00581137
116	0.0365541	0.00052784	0.00433918	0.000662461	0.000747515	0.90443	0.000848774	0.00106501	0.00108419	0.00225831	0.0011441	0.00503838	0.000307061	0.00393379	0.0024295	0.0286905	0.00276379	0.00178598	0.000224093	0.00116512
117	0.207605	0.00514514	0.00600242	0.00334673	0.0028665	0.650536	0.00155385	0.00435759	0.00237677	0.00344988	0.00349716	0.00472853	0.00261297	0.00517796	0.00345579	0.0629057	0.0074583	0.0157276	0.00142723	0.00576863
118	0.0396855	0.000782323	0.000848691	0.000758379	0.000847371	0.00861333	0.000763033	0.444821	0.0047088	0.034714	0.0084575	0.00457043	0.000402224	0.00109791	0.00513279	0.00621948	0.0283338	0.408227	0.000321687	0.000694202
119	0.0394848	0.000831319	0.000846956	0.000755561	0.00102546	0.00860849	0.000808104	0.443868	0.00458216	0.0349692	0.00845319	0.00439487	0.000397485	0.00109638	0.00509373	0.00610456	0.0281213	0.409523	0.000337965	0.000697684
120	0.0383632	0.00367358	0.0781273	0.372094	0.00756081	0.00444946	0.012412	0.0226288	0.0465228	0.025028	0.00804355	0.0206069	0.0019225	0.107762	0.0570851	0.0427774	0.0839339	0.0439096	0.00242941	0.0206702
121	0.136194	0.0976079	0.0010066	0.00135962	0.0203942	0.0280186	0.00256103	0.148804	0.00117099	0.0895291	0.0118276	0.00142063	0.00667496	0.00274005	0.00176078	0.0171759	0.0529285	0.367952	0.00197224	0.00890102
122	0.107554	0.0141933	0.00335562	0.04124	0.0377434	0.00277567	0.016244	0.143857	0.00463638	0.0374783	0.0450244	0.00430665	0.00100379	0.0165875	0.124099	0.0197665	0.0573389	0.290744	0.0150445	0.0170066
123	0.00792985	0.00169165	0.0528609	0.125965	0.026464	0.0028209	0.0141665	0.100553	0.0529919	0.0713556	0.00317758	0.0280184	0.00110705	0.0421984	0.0692543	0.136643	0.165235	0.0818474	0.012412	0.00330807
124	0.0079543	0.00249291	0.0178627	0.0182856	0.00333846	0.501289	0.017137	0.00460961	0.00339776	0.0105765	0.00483808	0.320704	0.0342236	0.0053679	0.00879259	0.0229308	0.00586414	0.0064473	0.00117554	0.00271206
125	0.128376	0.0404987	0.00045985	0.000656099	0.0173541	0.0159543	0.00276009	0.133957	0.000562571	0.125954	0.0172747	0.000664838	0.011116	0.00285523	0.00097135	0.00312223	0.0320342	0.456942	0.00243476	0.00605235
126	0.0690913	0.00167667	0.0411978	0.0726569	0.00208421	0.00536893	0.00970629	0.0142482	0.0428746	0.0049886	0.00153641	0.00735535	0.617529	0.0238186	0.00872514	0.0276453	0.0255916	0.0193524	0.000472721	0.00407957
127	0.141895	0.0111233	0.0107388	0.00171296	0.00199041	0.0322664	0.00175401	0.097151	0.00223411	0.0277147	0.00285694	0.00256524	0.316884	0.0021694	0.0272158	0.0594551	0.040488	0.217199	0.000829059	0.0017557
128	0.0365099	0.0150028	0.0171908	0.0131211	0.0759311	0.401362	0.0725647	0.0183613	0.0282767	0.0861658	0.0256683	0.0267191	0.00805398	0.0284333	0.0263971	0.0415788	0.0225282	0.0277369	0.0062459	0.0221522
129	0.0303005	0.0169022	0.00134652	0.000759652	0.048769	0.00118508	0.00313904	0.248801	0.00635817	0.392368	0.074326	0.00157292	0.000274449	0.000888465	0.00263398	0.00376747	0.00441855	0.102115	0.0276124	0.032462
130	0.0364645	0.000473527	0.00451425	0.000538636	0.000845822	0.904818	0.000922228	0.000768307	0.00133131	0.00289614	0.0010807	0.00445624	0.00148481	0.00455475	0.0022032	0.027131	0.00259383	0.00155836	0.000277979	0.001086
131	0.093141	0.00619454	0.185814	0.318756	0.00189532	0.0256589	0.0114464	0.00163852	0.0476996	0.006722	0.00206345	0.0686126	0.00985265	0.0526719	0.0407101	0.117179	0.00603626	0.00241003	0.000460794	0.00103654
132	0.0997245	0.00383687	0.0243141	0.0425232	0.00423345	0.00658843	0.00855986	0.0183773	0.0222764	0.00815743	0.00249499	0.00375359	0.627941	0.0195065	0.00536276	0.0455331	0.0217994	0.0306305	0.00063367	0.00375253
133	0.0144666	0.00630153	0.0112036	0.00703687	0.0454155	0.00272681	0.0459445	0.236403	0.00781937	0.264045	0.0750857	0.0145434	0.00298985	0.00510633	0.0316498	0.0067961	0.0109802	0.122876	0.0294997	0.0591104
134	0.051608	0.014729	0.123107	0.127244	0.189754	0.00780624	0.0092798	0.0222237	0.00940793	0.0327844	0.0200845	0.00629134	0.00861489	0.0445006	0.017062	0.0169656	0.0140765	0.0187372	0.0570101	0.208714
135	0.191679	0.00107154	0.181024	0.156223	0.0020204	0.178213	0.0241518	0.0071147	0.0203548	0.00221281	0.00133498	0.0603287	0.000623043	0.0324132	0.0422608	0.078399	0.0164565	0.00257643	0.00048886	0.00105205
136	0.0424816	0.00266865	0.0437885	0.0431719	0.00365021	0.0919547	0.00357969	0.00497296	0.0771844	0.00631847	0.00420545	0.00785479	0.00272457	0.00976243	0.022073	0.449144	0.153149	0.011455	0.00139535	0.0184652
137	0.0299606	0.0170508	0.00128023	0.000749046	0.0482964	0.00118316	0.00283264	0.251847	0.00607847	0.393876	0.0743045	0.0014796	0.000285668	0.000799211	0.00242056	0.00372256	0.00440842	0.10122	0.0267041	0.0315014
138	0.0840029	0.00428382	0.169616	0.2034	0.00943574	0.0182802	0.0372186	0.00432802	0.0869293	0.0133277	0.00301905	0.0390535	0.0773205	0.0464771	0.0403603	0.11411	0.013957	0.00947796	0.0013432	0.024059
139	0.176456	0.00671594	0.00249727	0.00320062	0.00183664	0.151688	0.00154871	0.00254601	0.00400314	0.00293733	0.00216234	0.0132675	0.00117539	0.0114947	0.0110996	0.52474	0.0656171	0.013202	0.000728791	0.0030822
140	0.0468404	0.000784355	0.0282526	0.320932	0.0112456	0.00114276	0.0235815	0.0473632	0.115094	0.034662	0.00987534	0.0416588	0.000482368	0.0784735	0.0842699	0.0251356	0.0563701	0.0667087	0.00051054	0.00661635
141	0.00516774	0.0029385	0.000691604	0.00229169	0.0205199	0.000655454	0.0016998	0.486226	0.00140235	0.285094	0.0284361	0.000961881	0.000324872	0.00144437	0.0012595	0.00161987	0.00498987	0.145539	0.00364426	0.00509298
142	0.644521	0.0149935	0.000871904	0.000762595	0.0051193	0.139422	0.000747075	0.00552583	0.0048469	0.00163282	0.00855818	0.00186609	0.000360028	0.00487253	0.00506704	0.110327	0.00504	0.0303354	0.00275284	0.0123781
143	0.183418	0.00296502	0.00537934	0.0100094	0.00680718	0.117614	0.0267952	0.00508525	0.0737832	0.00920164	0.0534824	0.00424959	0.004221	0.117979	0.131034	0.170453	0.0282716	0.0100351	0.0013574	0.0378594
144	0.398154	0.0112944	0.00524262	0.0118526	0.00499385	0.0582982	0.00454647	0.0609603	0.00458506	0.143134	0.0757617	0.0283399	0.00144158	0.00522099	0.00602165	0.0476527	0.0501348	0.0498309	0.0031924	0.0293415
145	0.0523417	0.0132103	0.00150334	0.00160664	0.0740994	0.0198387	0.00114634	0.0665294	0.00227616	0.307706	0.301178	0.00170093	0.000558372	0.00160474	0.00196374	0.0086585	0.00318948	0.124011	0.00212912	0.0147473
146	0.0476449	0.0224427	0.00341166	0.00216518	0.167529	0.0356501	0.00269857	0.0692517	0.00318227	0.257177	0.199617	0.0025015	0.00322845	0.00290713	0.0034929	0.0149256	0.00418333	0.122116	0.00555867	0.0303168
147	0.176675	0.00659749	0.00259594	0.00323609	0.00169733	0.153887	0.00168495	0.00251818	0.00418994	0.00297758	0.00219509	0.0124888	0.0012082	0.0107527	0.0116417	0.52177	0.0675475	0.0126194	0.000715009	0.00300275
148	0.0115882	0.000381641	0.000555253	0.000583754	0.0176641	0.00261022	0.000431911	0.555398	0.00153989	0.108125	0.0119915	0.00146224	0.000272832	0.000708465	0.00183041	0.00228364	0.0102157	0.27165	0.000194994	0.000512305
149	0.00970938	0.00251196	0.0179342	0.0183394	0.00367076	0.498442	0.0168183	0.00494642	0.00375919	0.0116276	0.0052335	0.311356	0.0391774	0.00570558	0.00997065	0.0230515	0.00644126	0.0070896	0.00116379	0.00305158
150	0.643745	0.0148742	0.000857398	0.000773088	0.00520015	0.139277	0.000770633	0.00552509	0.0048325	0.0016428	0.00850831	0.00187776	0.000357435	0.00484255	0.00505245	0.111072	0.00524602	0.0303667	0.00276329	0.0124156
151	0.104915	0.0145856	0.00223794	0.00513063	0.00341618	0.00992668	0.00237871	0.135478	0.00308047	0.0231623	0.00772282	0.0111033	0.00188551	0.003339	0.0034817	0.0471297	0.117443	0.49966	0.00122341	0.00269969
152	0.0360599	0.00782347	0.00961239	0.0238111	0.0107438	0.0136501	0.0112599	0.067379	0.174539	0.0300406	0.0578032	0.146844	0.00436589	0.0639094	0.032426	0.0254095	0.177734	0.0868067	0.00304327	0.0167389
153	0.0394159	0.000304634	0.00421603	0.000382987	0.000496696	0.911673	0.00039856	0.000660353	0.00053763	0.000882356	0.000580786	0.00219682	0.00019091	0.00350093	0.000604811	0.0287988	0.00241975	0.00146042	0.000179571	0.00109937
154	0.0122885	0.00237743	0.000640886	0.000630068	0.0796829	0.000866958	0.000536301	0.396984	0.000664954	0.116755	0.0321151	0.000774363	0.000399974	0.000784475	0.000812519	0.00180795	0.0136621	0.328559	0.00189928	0.00775858
155	0.161619	0.00240937	0.180511	0.217852	0.00193787	0.124919	0.0184578	0.00481809	0.0274828	0.00424625	0.00193711	0.0600906	0.00382934	0.0413639	0.039082	0.0911649	0.0138365	0.00270118	0.000479266	0.00126228
156	0.0443745	0.00194163	0.0163917	0.00256761	0.459911	0.0101004	0.00200418	0.0475875	0.00176874	0.0909438	0.0346944	0.0017693	0.034438	0.00197948	0.00221461	0.00360851	0.00350138	0.0439483	0.0431896	0.153065
157	0.0359809	0.000472901	0.00440945	0.000536395	0.000807907	0.906033	0.000749087	0.000686955	0.000876605	0.0030015	0.00116291	0.0064999	0.0004584	0.00369101	0.0025118	0.0268196	0.00251255	0.00148733	0.000243273	0.00105813
158	0.254636	0.00367451	0.132414	0.149639	0.00271155	0.0150281	0.00212536	0.0391933	0.034155	0.104516	0.0146186	0.0210386	0.000916737	0.00700251	0.0163962	0.0790799	0.0771332	0.030754	0.0125485	0.0024191
159	0.0278216	0.00326933	0.0137164	0.00853641	0.00303456	0.769561	0.00736006	0.00353688	0.00971831	0.0123226	0.00620146	0.0557534	0.00509676	0.0174685	0.0171528	0.0246473	0.00584275	0.00535703	0.00119889	0.00240423
160	0.0257421	0.0092676	0.0520512	0.0112509	0.273609	0.012112	0.0209886	0.0159262	0.0598223	0.0243123	0.149284	0.0167019	0.00504455	0.0136152	0.163545	0.0257131	0.0207686	0.0751144	0.00409743	0.0210339
161	0.191783	0.00106369	0.181063	0.156224	0.00201888	0.177871	0.0241858	0.0071124	0.0204232	0.00220507	0.00133181	0.0603792	0.000627968	0.0324634	0.0422956	0.0784375	0.0164012	0.00257514	0.000489275	0.00104897
162	0.0981824	0.0380834	0.00377396	0.00367701	0.0796825	0.089919	0.0032757	0.0373643	0.00412887	0.173469	0.0638469	0.00415259	0.00188273	0.00402316	0.0050248	0.20985	0.0104361	0.16233	0.00201886	0.00487904
163	0.458363	0.0627325	0.00281541	0.00247616	0.00546731	0.0254122	0.00543549	0.00630974	0.00259216	0.00954802	0.00940393	0.0107625	0.00492841	0.00495713	0.0147968	0.197225	0.0953006	0.074595	0.00272709	0.00415134
164	0.0624696	0.0241197	0.0696033	0.167614	0.00274213	0.0383222	0.0137827	0.00389848	0.118163	0.0160702	0.0331698	0.0810964	0.00190035	0.0209064	0.155746	0.123088	0.0584442	0.00558671	0.00113699	0.00213937
165	0.0183042	0.00208998	0.01455	0.00301054	0.0147324	0.0156164	0.0275989	0.00450107	0.152195	0.0384156	0.00311827	0.0027219	0.00118752	0.00310453	0.43306	0.0790335	0.105465	0.0174283	0.0135401	0.0503269
166	0.0393018	0.0003066	0.00421139	0.000388707	0.000509202	0.911449	0.00042049	0.000664696	0.000552843	0.000912237	0.000591462	0.00234792	0.000190913	0.00359147	0.000624734	0.0287267	0.00243134	0.0014627	0.000183019	0.00113301
167	0.0408884	0.00333927	0.014884	0.0355999	0.00436873	0.0332758	0.00398824	0.00501692	0.0601902	0.00743581	0.00430633	0.0245482	0.00241724	0.0232243	0.0268702	0.602879	0.0552714	0.0257488	0.00150219	0.0242446
168	0.0582092	0.00138976	0.0519337	0.550358	0.00157092	0.00188506	0.00960921	0.00255424	0.0304331	0.0206861	0.00637405	0.0134242	0.000750753	0.160197	0.0171778	0.0206143	0.0393398	0.00848575	0.000729803	0.00427713
169	0.278163	0.0609273	0.0437104	0.00353569	0.0230087	0.00393588	0.13232	0.0113617	0.00470846	0.00781941	0.0557213	0.111656	0.0016755	0.00455053	0.0235385	0.108595	0.00776277	0.059934	0.00302786	0.0540485
170	0.0718957	0.00886403	0.009816	0.0255079	0.00757136	0.0525697	0.0103422	0.0174683	0.0867657	0.0529625	0.00947797	0.2451	0.00546147	0.0290207	0.116977	0.0334055	0.132832	0.0728385	0.00305574	0.00806746
171	0.026086	0.00158984	0.663322	0.0653123	0.00460044	0.00942473	0.00731374	0.00355347	0.00804848	0.0041246	0.00216561	0.121027	0.00206384	0.0107586	0.0106203	0.0395736	0.0120889	0.00391096	0.00125462	0.00316037
172	0.13207	0.0135079	0.055301	0.226739	0.00218211	0.00329001	0.00302776	0.00647303	0.0181504	0.0284065	0.0031166	0.0150157	0.288579	0.104972	0.00387756	0.0325797	0.0291102	0.0299994	0.000954506	0.00264716
173	0.0453175	0.00219303	0.0421087	0.0463633	0.00303108	0.0869874	0.0027729	0.00384786	0.0647641	0.00513656	0.00342733	0.00764098	0.00163321	0.0083226	0.0211309	0.462112	0.162484	0.010475	0.00110765	0.0191437
174	0.0720054	0.00443121	0.502791	0.0704058	0.00537644	0.0298589	0.0130957	0.0063826	0.0146404	0.00862969	0.00541876	0.150383	0.00241433	0.015267	0.0189743	0.0499779	0.0155673	0.00795002	0.00190475	0.00452525
175	0.0237924	0.00307427	0.0343723	0.00331429	0.00364574	0.00404473	0.340204	0.0203505	0.0384481	0.0208266	0.00391735	0.359367	0.00145435	0.0043496	0.0617039	0.0230961	0.00657454	0.00691994	0.00129399	0.0392504
176	0.232899	0.0797485	0.0307911	0.00352362	0.0103184	0.00410834	0.142551	0.0244555	0.00435813	0.00656665	0.0216733	0.132767	0.00178065	0.00450297	0.0110701	0.204858	0.00749247	0.0245437	0.00201702	0.0499756
177	0.0421692	0.000409628	0.00516134	0.00156923	0.000554316	0.901695	0.000535687	0.000757781	0.00111198	0.000933374	0.000643248	0.00267747	0.000199688	0.00376668	0.00109595	0.0305085	0.00267897	0.00169336	0.000217532	0.00162112
178	0.0385891	0.000607289	0.00472171	0.000677954	0.000757004	0.900415	0.001065	0.000769098	0.00109139	0.00255946	0.00121763	0.00717737	0.000774154	0.00375517	0.0026687	0.0275694	0.00251276	0.00166554	0.000207835	0.00119855
179	0.0403691	0.00187509	0.000812179	0.000732889	0.00275263	0.00798103	0.000825922	0.439413	0.00404828	0.0419307	0.00917759	0.00417704	0.000808074	0.00107764	0.00456232	0.00575703	0.0284158	0.404066	0.000393583	0.000823402
180	0.0495535	0.00296228	0.00539542	0.0103034	0.00618081	0.00456686	0.00368781	0.128988	0.0102533	0.348271	0.0146407	0.0787244	0.00179913	0.0835701	0.031931	0.0675478	0.0825862	0.0606054	0.00181399	0.00661838
181	0.0394159	0.000304634	0.00421603	0.000382987	0.000496696	0.911673	0.00039856	0.000660353	0.00053763	0.000882356	0.000580786	0.00219682	0.00019091	0.00350093	0.000604811	0.0287988	0.00241975	0.00146042	0.000179571	0.00109937
182	0.0364969	0.000492589	0.0046724	0.000645459	0.000710588	0.903726	0.000736419	0.000800796	0.000767488	0.00238773	0.00115224	0.00747473	0.000470705	0.00360204	0.00331921	0.0271981	0.00246152	0.00161183	0.00021029	0.00106334
183	0.0164684	0.0064732	0.00120868	0.00391864	0.0280093	0.00365719	0.00254606	0.396558	0.00336136	0.27554	0.093635	0.00231352	0.000617518	0.0024155	0.00354453	0.00451032	0.00731869	0.130266	0.00664852	0.0109893
184	0.0916993	0.00354512	0.00354976	0.00361861	0.00341233	0.0128088	0.00281303	0.0053546	0.00407434	0.00609134	0.00497784	0.00585424	0.00136813	0.00507434	0.00490471	0.534	0.294757	0.00827645	0.00100766	0.00281252
185	0.00984233	0.00286291	0.037136	0.00334058	0.00363262	0.00351817	0.00389807	0.0379282	0.00396489	0.00902051	0.00397314	0.180076	0.00170554	0.0041946	0.00465374	0.261414	0.382643	0.026165	0.00108964	0.0189406
186	0.0369304	0.00036198	0.00440055	0.000485786	0.000611633	0.907149	0.000722638	0.000739358	0.000850019	0.00210986	0.00103512	0.00484436	0.000485209	0.00367268	0.00187535	0.0281567	0.00260781	0.00156989	0.000188482	0.00120288
187	0.148205	0.00303469	0.0618533	0.293733	0.00351688	0.00419843	0.00537698	0.00549598	0.00957064	0.0260186	0.146139	0.0349517	0.00220068	0.155453	0.00795128	0.0301563	0.0309512	0.0260968	0.00160156	0.0034951
188	0.0610546	0.00294827	0.0411709	0.0791454	0.00151415	0.00240436	0.00707052	0.0144115	0.0275523	0.00634376	0.0017443	0.00422287	0.645922	0.0354762	0.00283798	0.0202516	0.0249928	0.0187054	0.000536331	0.00169468
