267	20
1	0.00857539	0.000189158	0.000455866	0.000449664	0.00788305	0.000722784	0.00048054	0.660566	0.000553311	0.0338425	0.00533878	0.000625204	0.000343114	0.000853352	0.000704931	0.0012925	0.0128771	0.263301	0.000376156	0.000569769
2	0.00636094	0.000710294	0.00174044	0.00177011	0.0749465	0.013338	0.40822	0.0143063	0.00230374	0.0148396	0.00295356	0.00244459	0.00123553	0.116753	0.00283673	0.00497855	0.0162542	0.0595011	0.0345648	0.219942
3	0.18358	0.00255951	0.0197837	0.0161731	0.0214339	0.0419322	0.00241946	0.0949518	0.0105622	0.00718723	0.0199257	0.0346364	0.151042	0.00717233	0.022343	0.118961	0.140888	0.0966242	0.00169402	0.00613108
4	0.039081	0.00041906	0.00134186	0.0178105	0.00267773	0.00523079	0.0262724	0.00255193	0.356569	0.0126004	0.0126189	0.001678	0.00242126	0.0767728	0.386752	0.0132558	0.020945	0.00654728	0.00146244	0.0129919
5	0.175285	0.000549648	0.0660397	0.0828052	0.0243881	0.031308	0.0218087	0.00599716	0.0810043	0.0475018	0.0200966	0.0137942	0.0198874	0.0738285	0.112779	0.153375	0.035836	0.00850659	0.00886876	0.0163408
6	0.0895833	0.00118429	0.0075103	0.00229709	0.00306622	0.784804	0.0068451	0.00311188	0.00269308	0.00483852	0.00305556	0.00792562	0.00232201	0.00317303	0.00283883	0.0613314	0.00616843	0.00383811	0.00179971	0.00161372
7	0.0329614	0.0121077	0.0126552	0.00179587	0.107906	0.0030602	0.013724	0.0373175	0.0979714	0.0773957	0.0155612	0.0145368	0.0682541	0.00373907	0.297815	0.0161923	0.0854404	0.0531588	0.0234719	0.0249355
8	0.0101495	0.000253999	0.00051888	0.000543442	0.647458	0.00290492	0.00562362	0.00398698	0.00058856	0.0378724	0.0152966	0.000667272	0.000591521	0.00101868	0.000840131	0.00158866	0.0026677	0.00888022	0.0328742	0.225674
9	0.0416161	0.00070871	0.0340654	0.0676014	0.00507977	0.011928	0.0147374	0.0182254	0.0223304	0.0116044	0.029336	0.122657	0.0449862	0.145314	0.186516	0.098788	0.119219	0.0208297	0.00133396	0.00312449
10	0.031015	0.000977307	0.00216378	0.00239422	0.0265193	0.0033438	0.0142021	0.00348394	0.0639622	0.0165051	0.017907	0.154868	0.0013496	0.063455	0.295065	0.0955231	0.186907	0.00425244	0.00151428	0.0145907
11	0.0186506	0.000451517	0.000279237	0.000410165	0.109674	0.00107317	0.000506098	0.216776	0.000404576	0.445656	0.0353435	0.000433695	0.000300091	0.000907338	0.0036791	0.00139796	0.00740754	0.1404	0.0129198	0.00332881
12	0.0284405	0.000523688	0.00554187	0.0183787	0.0034156	0.01615	0.0294227	0.00339514	0.174847	0.0119004	0.00751603	0.0112669	0.0211731	0.0734371	0.523026	0.0400297	0.0172058	0.00382427	0.00347044	0.00703526
13	0.0153473	0.00317218	0.025673	0.0158731	0.023372	0.00513332	0.00349221	0.123806	0.0301779	0.0426956	0.0276012	0.0996611	0.00278655	0.0709318	0.062913	0.0638051	0.146314	0.129454	0.101288	0.00650345
14	0.15704	0.0629365	0.00289635	0.00332296	0.0934741	0.112968	0.00337591	0.0201859	0.00343526	0.15456	0.0266333	0.00351345	0.00443906	0.00471996	0.00398404	0.120311	0.14592	0.04496	0.00621096	0.0251143
15	0.0441686	0.00100472	0.000482841	0.00295885	0.0683704	0.00539914	0.00341962	0.172186	0.00135944	0.320865	0.0968774	0.000642987	0.000443532	0.00980617	0.00281041	0.00921684	0.0334664	0.15063	0.0344269	0.0414645
16	0.238532	0.000153699	0.000340082	0.000313481	0.0472143	0.0965696	0.000352808	0.063651	0.000428835	0.248556	0.0149621	0.000399214	0.00385113	0.00050911	0.000419854	0.0780969	0.0869283	0.11815	0.000265188	0.00030577
17	0.098664	0.00202222	0.000303682	0.000346702	0.0372428	0.0529265	0.000444185	0.229099	0.000370831	0.310798	0.0359255	0.00262139	0.00313454	0.00227958	0.000568768	0.0187969	0.0255278	0.171136	0.00495878	0.00283344
18	0.0101495	0.000253999	0.00051888	0.000543442	0.647458	0.00290492	0.00562362	0.00398698	0.00058856	0.0378724	0.0152966	0.000667272	0.000591521	0.00101868	0.000840131	0.00158866	0.0026677	0.00888022	0.0328742	0.225674
19	0.0436105	0.0022442	0.00057348	0.000504525	0.323963	0.0163725	0.0020012	0.11217	0.000470756	0.20524	0.0568155	0.000650227	0.000426704	0.002096	0.00080387	0.00350866	0.0296952	0.0927541	0.0399712	0.0661288
20	0.0998427	0.00194877	0.000309837	0.000353867	0.0364894	0.0537538	0.000424933	0.228633	0.000360171	0.312114	0.0350679	0.00259807	0.0030746	0.00227594	0.00053754	0.0190697	0.0256084	0.170081	0.00477354	0.00268207
21	0.11183	0.00178408	0.000279701	0.000429017	0.0365877	0.0552269	0.000440531	0.209734	0.00040085	0.309638	0.0394702	0.00223259	0.00270792	0.00306563	0.000785582	0.0228114	0.0386934	0.155304	0.00573145	0.00284721
22	0.162536	0.103316	0.0116929	0.016936	0.0236606	0.0157314	0.00789331	0.0186626	0.00892672	0.0240084	0.0201283	0.00997739	0.26115	0.0164816	0.0130631	0.0965537	0.0411831	0.13187	0.00842421	0.00780587
23	0.00904852	0.000317885	0.000663503	0.000692982	0.490023	0.0110145	0.00943126	0.0318346	0.000760498	0.0959938	0.0245614	0.000817829	0.000606672	0.00146978	0.00119741	0.00192332	0.0121283	0.0232341	0.124475	0.159806
24	0.0148	0.00024356	0.000253348	0.000299224	0.107134	0.000527105	0.000350876	0.221112	0.000356287	0.464098	0.030269	0.000453935	0.000296071	0.000571521	0.00315773	0.000876674	0.00516035	0.139133	0.0104839	0.000424658
25	0.0222772	0.000669322	0.0282582	0.0652858	0.0033972	0.00782441	0.00211404	0.0187937	0.00924714	0.012366	0.0405494	0.116285	0.0653056	0.159432	0.18467	0.104381	0.125575	0.030172	0.0014423	0.00195427
26	0.0108311	0.000530315	0.000861534	0.00114407	0.389572	0.0144458	0.0108957	0.0567381	0.0014007	0.131763	0.0299492	0.00103735	0.000723587	0.00204857	0.00187958	0.00287465	0.017726	0.0362055	0.155659	0.133714
27	0.0119851	0.000839641	0.310188	0.106005	0.00441228	0.0995898	0.0670366	0.00377642	0.0116868	0.0105695	0.00538059	0.200333	0.0297262	0.0498929	0.00399284	0.0495009	0.00675032	0.00825657	0.0030673	0.0170103
28	0.0661809	0.000585488	0.0309506	0.0643496	0.0117708	0.0412023	0.0889613	0.003565	0.0850484	0.00923047	0.00507934	0.0761259	0.024279	0.132175	0.224171	0.0926876	0.0286466	0.00372363	0.00270785	0.0085595
29	0.0586733	0.00425282	0.0230907	0.0556494	0.0140389	0.0103249	0.00772079	0.00736091	0.0149049	0.0128912	0.00792894	0.00726483	0.602098	0.106575	0.012022	0.0186316	0.0152173	0.0133754	0.00283944	0.00513952
30	0.335549	0.0052215	0.00182735	0.00192607	0.034744	0.0818262	0.00226134	0.0813481	0.00205204	0.190401	0.0342679	0.00289132	0.0205127	0.0041038	0.00210066	0.0495561	0.0611205	0.0817476	0.00329921	0.00324397
31	0.0164485	0.00271592	0.00043176	0.00104691	0.0378963	0.000796857	0.000484765	0.529271	0.000490169	0.122445	0.0286761	0.000563217	0.00035053	0.00146452	0.0012657	0.00127492	0.0164553	0.236989	0.000399496	0.000533821
32	0.0449427	0.00148323	0.00383147	0.00399005	0.0483723	0.00539562	0.0730103	0.00935731	0.0385649	0.172447	0.0677459	0.00478512	0.00318309	0.00925611	0.0284481	0.0214537	0.0215877	0.0559288	0.355226	0.0309913
33	0.0217825	0.000554957	0.000325997	0.000319865	0.166931	0.0029007	0.000454328	0.192193	0.000382707	0.403633	0.0363722	0.000473594	0.00029549	0.00088166	0.00264763	0.00133561	0.0103456	0.128056	0.0184296	0.0116844
34	0.0186957	0.000327516	0.63363	0.0782752	0.00267841	0.0105424	0.029733	0.00324532	0.0198674	0.0118812	0.0040085	0.118618	0.00288605	0.0245194	0.00463928	0.0174664	0.00599096	0.00506815	0.00437729	0.00354996
35	0.0148	0.00024356	0.000253348	0.000299224	0.107134	0.000527105	0.000350876	0.221112	0.000356287	0.464098	0.030269	0.000453935	0.000296071	0.000571521	0.00315773	0.000876674	0.00516035	0.139133	0.0104839	0.000424658
36	0.201624	0.000939658	0.0594426	0.0566321	0.00563675	0.0816781	0.00214282	0.026766	0.00190304	0.00599414	0.0255523	0.0148375	0.255185	0.014304	0.00360539	0.105441	0.0526885	0.0662593	0.00138676	0.0179811
37	0.0456318	0.00102246	0.0251771	0.0727116	0.00777784	0.0419814	0.036379	0.00944234	0.0435192	0.0235589	0.0160868	0.0709188	0.0404069	0.166843	0.223344	0.107603	0.0465233	0.012453	0.00336277	0.00525724
38	0.0193598	0.00043464	0.00268569	0.0354301	0.00354597	0.0128637	0.0396702	0.00505929	0.263861	0.00639391	0.0136034	0.00678521	0.002945	0.122734	0.399554	0.0283621	0.0221976	0.00365327	0.00177167	0.00908905
39	0.0315925	0.000601581	0.000953791	0.000951431	0.614139	0.00589278	0.00605035	0.00536964	0.00148279	0.0481906	0.0144756	0.00139017	0.00281446	0.0016009	0.00143888	0.00828225	0.0038714	0.0128213	0.0261921	0.211889
40	0.0142442	0.00151679	0.00344796	0.00355451	0.195138	0.0057236	0.213539	0.00744076	0.00500454	0.0334312	0.00743197	0.0977825	0.0032128	0.0313557	0.0766236	0.0343033	0.0627922	0.00996498	0.00312376	0.190369
41	0.0147713	0.000268053	0.000253064	0.000302655	0.107011	0.000523033	0.000351934	0.222144	0.000356454	0.463177	0.0301981	0.000452958	0.000296144	0.000574488	0.00314448	0.00087641	0.00519249	0.13925	0.0104296	0.000426024
42	0.026453	0.00151967	0.00074006	0.00086502	0.405938	0.019936	0.00760651	0.0649257	0.0010952	0.145517	0.0355933	0.00114433	0.000750977	0.00198991	0.00196766	0.00382733	0.0194629	0.0505448	0.0837993	0.126323
43	0.112816	0.0013696	0.0989338	0.00272911	0.0266731	0.282505	0.025889	0.00505571	0.0038931	0.0068984	0.0205959	0.129129	0.0352511	0.0305736	0.00394021	0.0697865	0.0353611	0.0293467	0.0760197	0.00323381
44	0.0463594	0.000888829	0.000464351	0.00259184	0.0490037	0.00731277	0.00333309	0.183287	0.000576502	0.330502	0.0956873	0.000658871	0.000500973	0.00789507	0.0016608	0.00959518	0.0359237	0.153246	0.034296	0.036216
45	0.016057	0.0228575	0.0292397	0.0464256	0.0105172	0.00525326	0.00398702	0.124805	0.0193217	0.0701979	0.0142609	0.0188399	0.00292829	0.0942898	0.0293126	0.100112	0.220282	0.155217	0.00637073	0.00972503
46	0.0147353	0.000285155	0.000268506	0.000309644	0.108286	0.000631916	0.00035695	0.221673	0.000356145	0.462039	0.0303992	0.000462684	0.000297585	0.000589284	0.00314963	0.00089334	0.00538322	0.138901	0.0103858	0.000596995
47	0.00840012	0.000306197	0.000742012	0.000859934	0.424403	0.0146171	0.0116238	0.0435527	0.000913611	0.120795	0.0263292	0.0009489	0.000644129	0.00156291	0.00129389	0.00221871	0.0164273	0.0304583	0.152257	0.141646
48	0.183598	0.00817596	0.0203709	0.0350273	0.0108821	0.0323802	0.0033307	0.0265194	0.00471824	0.0208443	0.0416151	0.0118313	0.189368	0.0202466	0.0157016	0.159305	0.0948818	0.111558	0.00240225	0.00724337
49	0.0444155	0.00113647	0.0291561	0.0689617	0.0119945	0.0446156	0.0808265	0.00752514	0.104011	0.0131203	0.0102188	0.0411005	0.0122458	0.274845	0.146666	0.059415	0.0278319	0.0102733	0.00343252	0.00820854
50	0.0336922	0.000410202	0.618623	0.0938283	0.00327153	0.0114287	0.0285674	0.00584657	0.0219643	0.014079	0.00457623	0.0867258	0.00168766	0.0260662	0.00445491	0.0174057	0.01073	0.00881746	0.00473976	0.00308479
51	0.0316781	0.0035582	0.000712339	0.000674834	0.325464	0.0141051	0.00066084	0.152643	0.000675812	0.193758	0.0642599	0.000827416	0.000507064	0.00206242	0.00113165	0.00470396	0.0368529	0.105199	0.0204173	0.0401075
52	0.0307968	0.00229131	0.000615538	0.000539204	0.333452	0.0115563	0.00157321	0.127078	0.000519462	0.197457	0.0635019	0.000686104	0.000435441	0.00261498	0.00085191	0.00344244	0.0344839	0.0955009	0.0315995	0.0610037
53	0.029992	0.00179247	0.000629679	0.000505019	0.340263	0.0119095	0.00245847	0.11475	0.000533751	0.20044	0.0555617	0.000697659	0.000420062	0.00207836	0.000898453	0.00299918	0.0293976	0.0897788	0.0440679	0.0708264
54	0.0148806	0.000245641	0.000258706	0.000300037	0.107151	0.000564562	0.000356909	0.221092	0.000355569	0.463561	0.0304269	0.000460257	0.000297789	0.000583197	0.00315316	0.000908115	0.00525366	0.139113	0.0105088	0.000528813
55	0.405069	0.00146915	0.00158784	0.00160812	0.0136736	0.0414914	0.00966563	0.00654598	0.00228294	0.022018	0.0407922	0.00249097	0.00111176	0.00225351	0.00247796	0.139932	0.271912	0.0212025	0.0108369	0.00157873
56	0.224037	0.0116905	0.000654676	0.000618213	0.115014	0.094418	0.000835017	0.073421	0.000899961	0.230995	0.0514673	0.000946683	0.000890457	0.0011169	0.00097058	0.013528	0.0185355	0.0875167	0.0379412	0.0345033
57	0.0149332	0.000285488	0.000263506	0.000295832	0.107741	0.000560288	0.000350072	0.221673	0.000357425	0.462025	0.0304647	0.000451989	0.000304533	0.000564543	0.0031353	0.000895868	0.00534556	0.139237	0.0105088	0.000607175
58	0.0577338	0.000995938	0.00143404	0.00475718	0.03966	0.00500634	0.00268208	0.0729244	0.0078307	0.543401	0.121362	0.00505407	0.0143792	0.0179159	0.008448	0.0149024	0.0200876	0.0460789	0.00765171	0.00769486
59	0.0160553	0.00251594	0.000419117	0.00116375	0.0370273	0.000812037	0.000511341	0.529283	0.000483291	0.113256	0.0301973	0.000572047	0.000360123	0.00153309	0.00145882	0.00136152	0.0180121	0.243986	0.000485036	0.000507075
60	0.062546	0.00939992	0.000439073	0.00152418	0.0457953	0.0154992	0.000773981	0.307051	0.000514775	0.228267	0.0605415	0.00108708	0.0010834	0.00274358	0.00252481	0.00779881	0.028557	0.212732	0.00617435	0.00494726
61	0.310499	0.0781493	0.00203175	0.00164582	0.0499001	0.147661	0.00209137	0.026455	0.00225189	0.0827553	0.0457377	0.00240921	0.00396106	0.00305846	0.00328689	0.177599	0.0440562	0.0113453	0.00138394	0.00372218
62	0.606505	0.00429432	0.00302915	0.00283102	0.00778716	0.207205	0.00327508	0.0106406	0.00327991	0.0187193	0.00944238	0.00412703	0.00364323	0.00362134	0.00380484	0.0587544	0.0217829	0.024049	0.00157684	0.0016313
63	0.032104	0.00230252	0.000605782	0.00051246	0.334245	0.0114553	0.00137019	0.127798	0.000481121	0.202519	0.0621512	0.000686211	0.000409276	0.00219665	0.000749473	0.00343217	0.0330753	0.0963929	0.0306979	0.0568155
64	0.236989	0.0211546	0.000989399	0.000733813	0.0390688	0.289638	0.000883326	0.0156572	0.000953562	0.13742	0.0333996	0.00111754	0.00158842	0.00139456	0.00131727	0.121787	0.072456	0.0205522	0.000623332	0.00227605
65	0.0351378	0.000814605	0.000529337	0.00243469	0.077529	0.00898744	0.00116203	0.181836	0.00269286	0.454481	0.0470899	0.00314434	0.0065814	0.00929498	0.00637994	0.00844342	0.0179341	0.115614	0.0114579	0.00845476
66	0.0543857	0.0026879	0.00379932	0.00355986	0.538167	0.0119816	0.00602227	0.0264452	0.00373584	0.0723729	0.0222746	0.00509516	0.00480574	0.00578173	0.0034612	0.014671	0.0201451	0.0286597	0.0277718	0.144176
67	0.0725172	0.00371411	0.000639505	0.000492053	0.288236	0.025997	0.00132347	0.106624	0.000536369	0.218443	0.0589542	0.00067228	0.000437321	0.00211995	0.000791656	0.00488801	0.028872	0.0957841	0.0348674	0.0540907
68	0.0752659	0.00673305	0.000722934	0.00150718	0.0432384	0.00119261	0.000717493	0.202247	0.000670048	0.0576083	0.0697324	0.00079949	0.00303774	0.00183069	0.00192929	0.0181639	0.0668848	0.441817	0.00498537	0.000916991
69	0.13887	0.00265671	0.0153376	0.0138641	0.00965137	0.0344234	0.0123487	0.0288035	0.0116136	0.013448	0.0114078	0.0826601	0.00882744	0.0164329	0.0294456	0.231	0.288608	0.0378385	0.00390929	0.00885353
70	0.197617	0.000958709	0.00275272	0.0019092	0.0074238	0.0336057	0.0104572	0.0363353	0.00405566	0.00952701	0.00977393	0.0269555	0.00727547	0.00368318	0.0230729	0.247037	0.317146	0.0526346	0.00182835	0.00595009
71	0.0434183	0.000875296	0.000484869	0.00266734	0.0502194	0.0048716	0.0036974	0.181268	0.00073985	0.327801	0.0950327	0.000620708	0.000454793	0.00845093	0.00194367	0.00979896	0.0354742	0.157799	0.0345268	0.0398547
72	0.224037	0.0116905	0.000654676	0.000618213	0.115014	0.094418	0.000835017	0.073421	0.000899961	0.230995	0.0514673	0.000946683	0.000890457	0.0011169	0.00097058	0.013528	0.0185355	0.0875167	0.0379412	0.0345033
73	0.0807315	0.000709882	0.005591	0.001784	0.00253052	0.814356	0.00730375	0.00262455	0.0021909	0.00405962	0.0025267	0.0067192	0.00128264	0.00217707	0.00236265	0.0527416	0.00445824	0.00340007	0.00113149	0.00131863
74	0.0200735	0.000666984	0.0019085	0.00684497	0.00287393	0.00832867	0.0234883	0.00351055	0.0589639	0.005754	0.00457171	0.00646924	0.0108237	0.0564528	0.740273	0.0272493	0.0079449	0.00399194	0.00548681	0.0043229
75	0.0682272	0.00313166	0.000764701	0.00119755	0.0163235	0.00193311	0.000941876	0.199231	0.00102114	0.0410246	0.0336098	0.00108935	0.00534125	0.00165465	0.00138668	0.0146103	0.0339555	0.570822	0.00203496	0.00169934
76	0.00744742	0.000305679	0.000731284	0.00078957	0.505702	0.0109935	0.00942218	0.0264381	0.000782065	0.087092	0.0203992	0.000816726	0.000686991	0.00131573	0.00134118	0.00207309	0.0106499	0.0192354	0.128254	0.165525
77	0.00188364	0.984104	0.000545266	0.000471759	0.000860554	0.000706367	0.000562433	0.000906261	0.000604251	0.00120752	0.000954611	0.000583748	0.00038108	0.00074051	0.000623658	0.00129838	0.00150788	0.00115723	0.000425231	0.000475428
78	0.0799081	0.000708048	0.00825039	0.00256205	0.00293215	0.803045	0.00788749	0.00279113	0.00367233	0.00463233	0.00246496	0.0120291	0.00151205	0.00276143	0.00324911	0.0502938	0.00464039	0.00346704	0.00117504	0.0020177
79	0.0101495	0.000253999	0.00051888	0.000543442	0.647458	0.00290492	0.00562362	0.00398698	0.00058856	0.0378724	0.0152966	0.000667272	0.000591521	0.00101868	0.000840131	0.00158866	0.0026677	0.00888022	0.0328742	0.225674
80	0.354472	0.00159398	0.00124945	0.0013129	0.017494	0.0474846	0.0126226	0.00745091	0.00128718	0.0289116	0.0277453	0.00231778	0.000879866	0.00156783	0.00233149	0.151503	0.304274	0.0290912	0.00538426	0.0010256
81	0.00188364	0.984104	0.000545266	0.000471759	0.000860554	0.000706367	0.000562433	0.000906261	0.000604251	0.00120752	0.000954611	0.000583748	0.00038108	0.00074051	0.000623658	0.00129838	0.00150788	0.00115723	0.000425231	0.000475428
82	0.0583046	0.00586517	0.0190468	0.0319731	0.186826	0.0160911	0.010001	0.0149921	0.0138818	0.030591	0.0182741	0.0107981	0.435584	0.0228029	0.0143527	0.0292939	0.0237462	0.0250685	0.00882186	0.0236847
83	0.0168321	0.00122064	0.00754587	0.0119753	0.0507639	0.018059	0.311962	0.0137613	0.0129307	0.0159479	0.00623225	0.0107748	0.0047144	0.275596	0.0118202	0.0153135	0.0187462	0.0448936	0.0224716	0.128439
84	0.123022	0.00550908	0.0108473	0.0111224	0.0143241	0.0266961	0.00896907	0.0202773	0.00917418	0.0183093	0.0160255	0.0272725	0.0049234	0.0117582	0.0230279	0.253538	0.365597	0.0369848	0.00629949	0.006323
85	0.0779415	0.00563919	0.000963452	0.00129526	0.0308541	0.00163266	0.00201748	0.202957	0.00155464	0.0636608	0.0543241	0.00609482	0.00407981	0.00455944	0.0021152	0.0260916	0.0931941	0.416346	0.00332698	0.00135103
86	0.0081311	0.000262889	0.000596863	0.000751205	0.531891	0.00774275	0.00793828	0.0184307	0.000647694	0.0686797	0.0186065	0.000819039	0.000601874	0.00126787	0.00108319	0.0019	0.0078715	0.0157772	0.0951389	0.211861
87	0.0699052	0.00422137	0.00237586	0.0025335	0.0176288	0.00448279	0.00340319	0.0869905	0.003474	0.0282585	0.0700896	0.00373242	0.00367654	0.0053184	0.00430994	0.0143518	0.36192	0.305626	0.0037031	0.00399815
88	0.088691	0.00084415	0.113238	0.0821521	0.0368809	0.0364636	0.0339574	0.0106853	0.0603966	0.0702771	0.0381762	0.0188271	0.00561121	0.0766903	0.106422	0.130866	0.0298743	0.0148833	0.0234305	0.0216333
89	0.0576851	0.00157577	0.000465312	0.00209652	0.0521295	0.0121911	0.00237061	0.197085	0.000451636	0.333922	0.0843178	0.000808268	0.000785561	0.00554075	0.00181278	0.00959254	0.0287878	0.156265	0.0271774	0.0249385
90	0.0101505	0.000254	0.00051696	0.00054675	0.647285	0.0028992	0.00561469	0.00395265	0.000586754	0.037742	0.0154083	0.00070044	0.000628633	0.00104868	0.000840131	0.00158639	0.00264169	0.00887366	0.0327551	0.225969
91	0.0390843	0.000356923	0.000900007	0.00965579	0.0167268	0.00494517	0.00165447	0.218156	0.0129284	0.288296	0.109053	0.018654	0.00631569	0.0567829	0.0372032	0.025298	0.0553634	0.088801	0.0013122	0.00851337
92	0.0604898	0.00108531	0.00347775	0.00234727	0.0349838	0.00483662	0.0623371	0.00715132	0.056297	0.0737755	0.0658239	0.00343603	0.00237187	0.00462972	0.0147538	0.0260335	0.0256408	0.0567096	0.451347	0.0424723
93	0.0675202	0.00867408	0.000506205	0.00161243	0.039676	0.000840293	0.000569686	0.22179	0.000520915	0.0663742	0.0685188	0.00061165	0.00248288	0.00191969	0.00220547	0.0149974	0.0712771	0.426218	0.00306752	0.000617326
94	0.0412049	0.000480941	0.452059	0.149961	0.00483614	0.0240811	0.0261911	0.00768172	0.0342793	0.0208975	0.00804045	0.108699	0.00333277	0.0444689	0.00874445	0.0281569	0.0146638	0.0130861	0.00420943	0.0049244
95	0.059056	0.000492891	0.0317046	0.0707985	0.0173098	0.0460959	0.0858692	0.00350892	0.116691	0.00944299	0.00805758	0.0614702	0.0191375	0.117864	0.218932	0.0739937	0.0389094	0.00382914	0.00332299	0.013514
96	0.105335	0.00147028	0.00490387	0.00708548	0.0065196	0.00900458	0.0955621	0.00576528	0.0272005	0.0114044	0.00578219	0.00858187	0.0656261	0.0230526	0.531993	0.0416622	0.0129571	0.0072291	0.00370067	0.0251638
97	0.133274	0.00130218	0.00354546	0.00272588	0.0461687	0.0236889	0.0217557	0.0479147	0.0231817	0.0918369	0.00579566	0.25211	0.0464994	0.0619397	0.0468401	0.0321251	0.0881954	0.0650759	0.00259109	0.00343378
98	0.161403	0.00133789	0.0417158	0.0442801	0.00585173	0.0235463	0.0102247	0.0108404	0.294684	0.0332248	0.0107886	0.0363845	0.00332294	0.202875	0.00592486	0.0686772	0.0336414	0.0061764	0.00217476	0.00292597
99	0.0184609	0.000555279	0.00144118	0.00613701	0.00204726	0.00739977	0.0228584	0.00312409	0.0424178	0.00328801	0.00431609	0.00634877	0.00513268	0.0629911	0.76877	0.0272597	0.00530676	0.00272083	0.00565746	0.00376724
100	0.0128542	0.000589273	0.00110722	0.00126671	0.0320739	0.00218833	0.00136524	0.327706	0.076364	0.165851	0.172834	0.00278269	0.000906501	0.0193737	0.0719874	0.0151273	0.0338626	0.0570532	0.00138132	0.00332554
101	0.0739723	0.000661759	0.00170648	0.00884913	0.00412568	0.00433897	0.0227846	0.0027686	0.394678	0.0277242	0.00839695	0.00200605	0.0067609	0.0628529	0.320117	0.0097694	0.0224506	0.0131049	0.00220381	0.0107287
102	0.0289418	0.000811805	0.00200726	0.00487529	0.095799	0.00299627	0.0149304	0.0359829	0.0607231	0.383952	0.111446	0.0033653	0.00419545	0.0461709	0.0715183	0.0263035	0.0190018	0.0427382	0.00946181	0.0347788
103	0.238532	0.000153699	0.000340082	0.000313481	0.0472143	0.0965696	0.000352808	0.063651	0.000428835	0.248556	0.0149621	0.000399214	0.00385113	0.00050911	0.000419854	0.0780969	0.0869283	0.11815	0.000265188	0.00030577
104	0.0601628	0.00742408	0.0143257	0.0159392	0.0152302	0.0139129	0.00662934	0.121801	0.0763523	0.0368512	0.0203078	0.026851	0.0119439	0.0377019	0.0336491	0.119372	0.242267	0.116198	0.00929082	0.0137897
105	0.00639424	0.000693777	0.00172872	0.00173567	0.0731763	0.0135784	0.409001	0.014031	0.00230759	0.0149999	0.00292885	0.00240848	0.00125413	0.117151	0.00282643	0.00496274	0.0164304	0.0593873	0.0348783	0.220126
106	0.238532	0.000153699	0.000340082	0.000313481	0.0472143	0.0965696	0.000352808	0.063651	0.000428835	0.248556	0.0149621	0.000399214	0.00385113	0.00050911	0.000419854	0.0780969	0.0869283	0.11815	0.000265188	0.00030577
107	0.102319	0.00194447	0.000313171	0.000322962	0.0350589	0.0522671	0.000384193	0.229514	0.000367431	0.311698	0.0356909	0.00236092	0.00282316	0.00222573	0.000522822	0.0191016	0.0266616	0.16898	0.00488696	0.00255751
108	0.0426196	0.00207349	0.00290331	0.00558979	0.118141	0.0133012	0.0144644	0.106239	0.0128304	0.174127	0.10955	0.00417045	0.0038057	0.0105566	0.0102823	0.0148523	0.0283319	0.0816264	0.16956	0.0749752
109	0.0950687	0.00192122	0.000298355	0.000355522	0.0369214	0.0516918	0.000473295	0.2263	0.000389173	0.321275	0.0399635	0.00222249	0.00257074	0.0028522	0.000518567	0.0172728	0.0281695	0.161406	0.00690368	0.00342659
110	0.23833	0.000220403	0.000339589	0.000314052	0.0476389	0.0964387	0.000355736	0.0636213	0.000426732	0.249047	0.0151373	0.00039716	0.00384107	0.00051025	0.000425511	0.077609	0.0864314	0.117952	0.000458183	0.00050563
111	0.016443	0.002741	0.000434692	0.00108382	0.038433	0.00085257	0.000482083	0.529013	0.00049278	0.124255	0.0289944	0.000561366	0.000361097	0.00148568	0.00129925	0.00124014	0.0163827	0.234503	0.000385017	0.00055603
112	0.40915	0.011834	0.0011071	0.00100863	0.00969905	0.140271	0.00122806	0.00195904	0.00134934	0.00411476	0.0036007	0.00152164	0.0142559	0.00208473	0.00819602	0.367173	0.0158791	0.00321521	0.000937387	0.00141531
113	0.0244314	0.000799185	0.000343543	0.000346335	0.191828	0.00421174	0.000546154	0.179046	0.000383068	0.375679	0.0410481	0.000490275	0.000306432	0.00115268	0.00240197	0.00166943	0.0137609	0.123499	0.0206677	0.0173893
114	0.210906	0.0102641	0.000625058	0.000611595	0.120863	0.0876146	0.000897724	0.0770633	0.00087191	0.236862	0.0515674	0.000902467	0.000798422	0.00134268	0.000958346	0.0119708	0.0182234	0.0915528	0.0403768	0.0357274
115	0.15135	0.0630053	0.00778395	0.00976921	0.0827404	0.0369485	0.00468535	0.0377703	0.0074093	0.0439856	0.0231773	0.00747331	0.0114733	0.00838926	0.00813774	0.172896	0.203451	0.0707571	0.0369141	0.0118834
116	0.0828632	0.00044637	0.00366439	0.00104525	0.00210143	0.830159	0.00658446	0.00218844	0.00131263	0.00267812	0.00194311	0.00163007	0.00115436	0.00187302	0.00139851	0.0511208	0.00297734	0.00279341	0.000767651	0.00129889
117	0.034198	0.00450992	0.000720412	0.000663621	0.30326	0.0165498	0.000713734	0.162374	0.000789513	0.2022	0.0647453	0.000886561	0.000525144	0.00192936	0.00124593	0.00621431	0.0373795	0.105358	0.0189037	0.0368327
118	0.316661	0.000794079	0.00132728	0.00105549	0.010774	0.0537658	0.0201364	0.0124914	0.00148763	0.0233756	0.0177119	0.0064907	0.00108478	0.00276884	0.00451057	0.175662	0.306278	0.0385233	0.00336462	0.00173696
119	0.00875332	0.00046977	0.00109078	0.00100691	0.46864	0.0158093	0.0103202	0.0347582	0.00160122	0.111244	0.021448	0.00143233	0.000931913	0.00156354	0.00169429	0.00313971	0.0136146	0.02378	0.145964	0.132739
120	0.075567	0.00615966	0.000556562	0.00131095	0.0319112	0.00116471	0.000650418	0.213074	0.000662959	0.0541398	0.0632906	0.00078242	0.00387309	0.001578	0.00150821	0.0208154	0.0684635	0.450244	0.00331866	0.000929242
121	0.254342	0.038753	0.00112434	0.000839318	0.0497131	0.238999	0.00110058	0.0239409	0.00105053	0.13552	0.0386498	0.001243	0.00193	0.00151915	0.001377	0.127978	0.0603969	0.0175159	0.000914397	0.00309295
122	0.00530408	0.000507852	0.00143172	0.00149613	0.0793396	0.00283078	0.00181971	0.0033976	0.00198018	0.0228077	0.00294815	0.0020075	0.00109486	0.00248783	0.00227651	0.00390502	0.00443782	0.0115563	0.0616574	0.786713
123	0.0138187	0.000781223	0.000910369	0.000922569	0.440643	0.01258	0.011806	0.0415487	0.00230437	0.116896	0.0263072	0.00131619	0.000743046	0.0021658	0.00219618	0.00450237	0.0148785	0.0355525	0.140031	0.130096
124	0.0899486	0.00126591	0.00350464	0.00237563	0.00606251	0.0252242	0.0209092	0.0818644	0.00452006	0.00842358	0.0244624	0.0594922	0.00397438	0.0226806	0.00756813	0.187953	0.234584	0.142779	0.00268631	0.0697207
125	0.104251	0.00301432	0.179913	0.0397453	0.0112281	0.0965177	0.0164599	0.0186592	0.00574025	0.0128774	0.0183781	0.030262	0.191506	0.0215665	0.00636015	0.0935739	0.0327696	0.0695725	0.00541201	0.0421937
126	0.15557	0.00457762	0.00217417	0.00287497	0.0237169	0.00621986	0.00180708	0.17834	0.00262952	0.0509365	0.081796	0.00424135	0.0187896	0.00355643	0.00451869	0.0466359	0.0755938	0.330207	0.00353783	0.00227712
127	0.147911	0.0415744	0.00560457	0.00501129	0.0843018	0.00842184	0.00521012	0.0827846	0.00655852	0.0135959	0.0101966	0.00608697	0.00513009	0.00773962	0.00639557	0.21197	0.132292	0.0570394	0.156101	0.00607476
128	0.0674562	0.00889044	0.000492305	0.00171931	0.0399021	0.000846112	0.000578347	0.220388	0.000524277	0.0677309	0.0691865	0.000618442	0.00246802	0.00197768	0.00235228	0.0148197	0.0721817	0.424226	0.00301772	0.000624118
129	0.224037	0.0116905	0.000654676	0.000618213	0.115014	0.094418	0.000835017	0.073421	0.000899961	0.230995	0.0514673	0.000946683	0.000890457	0.0011169	0.00097058	0.013528	0.0185355	0.0875167	0.0379412	0.0345033
130	0.0473035	0.00340074	0.000556459	0.000825043	0.221227	0.0252913	0.000634815	0.205079	0.000699193	0.21992	0.0544609	0.00125079	0.00111105	0.00221416	0.00120552	0.00856893	0.038028	0.135301	0.0123339	0.0205881
131	0.0305945	0.00213434	0.00063694	0.000472328	0.341752	0.011735	0.00195704	0.122482	0.00047823	0.198186	0.0578874	0.000702017	0.000413694	0.00215418	0.000789416	0.00338174	0.030838	0.0927204	0.0360447	0.0646413
132	0.363391	0.00115051	0.00120099	0.00111864	0.015804	0.046391	0.0123987	0.00678341	0.00125622	0.0261099	0.0284222	0.00231988	0.000702205	0.00146723	0.00224352	0.150291	0.305134	0.0269241	0.00585647	0.0010353
133	0.252817	0.0687925	0.0026004	0.00243798	0.0704482	0.143365	0.00179543	0.0469291	0.00221117	0.121791	0.0624944	0.00167429	0.0024319	0.00274193	0.00207601	0.114405	0.0639217	0.0229626	0.00571918	0.00838486
134	0.210766	0.0589937	0.0182434	0.0173998	0.0399695	0.0363992	0.00528018	0.0321503	0.0118578	0.0434621	0.107659	0.00593049	0.00537742	0.0087576	0.00686993	0.0875761	0.247973	0.0427009	0.00646024	0.00617286
135	0.00436546	0.000455803	0.00129479	0.00116012	0.125957	0.00379382	0.00291435	0.00602033	0.00161235	0.0356663	0.00493768	0.00151731	0.000924018	0.00213433	0.00188191	0.00327819	0.00507122	0.0130905	0.0754743	0.70845
136	0.098208	0.00197485	0.000282972	0.000394855	0.0365143	0.049898	0.000493926	0.227182	0.0003536	0.312612	0.0394194	0.00224847	0.00265454	0.00252927	0.000546807	0.0180385	0.0273898	0.168407	0.00684268	0.00400829
137	0.0609003	0.00289023	0.0390743	0.00513615	0.311549	0.00941136	0.00620352	0.0483009	0.0072176	0.199196	0.121158	0.0695664	0.0046998	0.0456544	0.00803267	0.0150035	0.0161185	0.0166662	0.00529282	0.00792789
138	0.720267	0.00350403	0.00211037	0.00209817	0.0110299	0.10764	0.00245802	0.0225724	0.00246651	0.0302673	0.00841309	0.0034176	0.00319639	0.00344351	0.00271127	0.0211044	0.0146895	0.0331428	0.00252477	0.00294264
139	0.0933177	0.00115351	0.0145044	0.00467111	0.00593002	0.708193	0.0206419	0.00558128	0.00680883	0.00774712	0.00462159	0.0232479	0.00401216	0.00795101	0.00852312	0.0513903	0.0154961	0.00882097	0.00425234	0.00313527
140	0.00857905	0.000295282	0.000741669	0.000844078	0.425662	0.0144018	0.011539	0.0435136	0.00088998	0.121101	0.0268236	0.000923978	0.000644428	0.00154453	0.00127493	0.00208155	0.0164529	0.0310178	0.150323	0.141346
141	0.0955225	0.00168667	0.00210115	0.00231175	0.0063204	0.00410651	0.00259311	0.0398013	0.00548947	0.295351	0.44438	0.00300405	0.00223605	0.00389537	0.00339701	0.0239175	0.0373937	0.0219298	0.00167289	0.00288973
142	0.0235198	0.000650949	0.00217778	0.0125364	0.0028876	0.00899518	0.0247952	0.00379401	0.143741	0.00907811	0.00676765	0.00681116	0.0140195	0.0649002	0.62164	0.0256948	0.0138701	0.00406994	0.00440802	0.00564277
143	0.146032	0.00695561	0.055188	0.142289	0.0168232	0.034626	0.00921701	0.016431	0.0275128	0.0207354	0.0244422	0.0406295	0.02978	0.0379856	0.027334	0.180651	0.136046	0.0329454	0.00567607	0.00870151
144	0.103118	0.00203219	0.0165428	0.0186831	0.00788394	0.0138802	0.0312336	0.0343398	0.210737	0.0404429	0.0324592	0.0730557	0.00311267	0.293682	0.00793111	0.0524358	0.0411175	0.0098516	0.00289188	0.00456882
145	0.0705058	0.00708501	0.000597023	0.0016426	0.0405355	0.000941627	0.000595485	0.208126	0.000647498	0.0590184	0.0710028	0.000659937	0.00293954	0.00184236	0.00213549	0.0166727	0.0684542	0.4421	0.0037515	0.000746714
146	0.00188364	0.984104	0.000545266	0.000471759	0.000860554	0.000706367	0.000562433	0.000906261	0.000604251	0.00120752	0.000954611	0.000583748	0.00038108	0.00074051	0.000623658	0.00129838	0.00150788	0.00115723	0.000425231	0.000475428
147	0.0122995	0.00046893	0.00105851	0.00269306	0.0335493	0.00233638	0.00159496	0.300916	0.0644694	0.185549	0.146226	0.00378411	0.0011712	0.0258096	0.0695442	0.0140441	0.0576266	0.0706161	0.00117216	0.00507059
148	0.00639258	0.000704114	0.0017258	0.00171253	0.0730558	0.0136645	0.408558	0.0140212	0.00231488	0.0151711	0.00302758	0.00234588	0.00125235	0.116932	0.00277212	0.004964	0.0163732	0.0596942	0.0347918	0.220527
149	0.0742227	0.0102567	0.000566909	0.00156788	0.0448375	0.0181158	0.000709168	0.285746	0.000821567	0.209376	0.075451	0.00123749	0.0015348	0.00236142	0.00240508	0.00961052	0.0317444	0.220506	0.0051355	0.00379382
150	0.00188364	0.984104	0.000545266	0.000471759	0.000860554	0.000706367	0.000562433	0.000906261	0.000604251	0.00120752	0.000954611	0.000583748	0.00038108	0.00074051	0.000623658	0.00129838	0.00150788	0.00115723	0.000425231	0.000475428
151	0.0604968	0.00330574	0.0266308	0.070215	0.0092095	0.00459179	0.00243974	0.00431646	0.0112034	0.00779972	0.00441274	0.00309347	0.734925	0.0240217	0.00412762	0.00948684	0.00814423	0.00792976	0.00141477	0.0022354
152	0.00572166	0.000495193	0.00143402	0.00171375	0.076227	0.00281835	0.00744545	0.0030573	0.00238359	0.0218282	0.00258822	0.00208545	0.00107688	0.00425986	0.00274254	0.00411594	0.00462454	0.0122711	0.057904	0.785207
153	0.39135	0.00962936	0.0011371	0.00112987	0.0109335	0.151505	0.00132534	0.00210178	0.00134443	0.00410802	0.00320973	0.00161777	0.0174972	0.00220161	0.00999931	0.366458	0.0186612	0.00328294	0.000968022	0.00154025
154	0.0188644	0.000491979	0.00517305	0.0185073	0.00328195	0.0128948	0.0264764	0.00392676	0.097862	0.0065415	0.00657858	0.0123171	0.00995246	0.0810164	0.632383	0.0377269	0.0132967	0.0029488	0.00503624	0.00472347
155	0.02649	0.00201173	0.000774315	0.000859748	0.263247	0.0101439	0.00182148	0.208056	0.00155001	0.22887	0.0446215	0.00134238	0.000902318	0.00227633	0.00290036	0.00448774	0.0230909	0.115083	0.0224636	0.0390085
156	0.0503363	0.00365065	0.0264793	0.0373134	0.0190404	0.0245162	0.0371757	0.0253282	0.0451011	0.037593	0.0238504	0.0366086	0.0154196	0.429651	0.0494164	0.0433657	0.0403207	0.0349475	0.00777942	0.0121064
157	0.380687	0.0088566	0.00130139	0.00116487	0.0120922	0.156864	0.00133839	0.00223714	0.00147548	0.00439217	0.00337031	0.00166631	0.0178885	0.00222077	0.00951967	0.367226	0.02151	0.00352418	0.00101014	0.00165555
158	0.466605	0.00237977	0.0044449	0.00392327	0.0073197	0.0111478	0.00389206	0.0112131	0.00501508	0.0380274	0.00909613	0.00485547	0.00511028	0.00763974	0.00537243	0.0630035	0.0140992	0.328099	0.00325968	0.00549707
159	0.0530841	0.00115932	0.00237279	0.00437073	0.0269058	0.00437133	0.00437191	0.0566063	0.00907498	0.457173	0.241268	0.00490076	0.00993659	0.0174918	0.00996506	0.0185556	0.0247135	0.0378722	0.00726163	0.00854406
160	0.0346686	0.00100284	0.000642974	0.00209591	0.171717	0.00662343	0.00379869	0.138317	0.00433677	0.269551	0.0862678	0.000810162	0.000551399	0.0113693	0.00563666	0.00697786	0.0376303	0.12622	0.0325862	0.0591955
161	0.0213516	0.000318358	0.613634	0.0931412	0.0033703	0.0102102	0.0255577	0.00362368	0.0237034	0.0148822	0.00546365	0.110162	0.0020756	0.028981	0.00519033	0.0181439	0.00626589	0.00594122	0.00466202	0.00332198
162	0.111679	0.000628579	0.0308443	0.0573267	0.00838589	0.0308398	0.0651014	0.00250109	0.112983	0.0146186	0.0031261	0.0489228	0.081031	0.0828464	0.236246	0.0708985	0.0305323	0.00356467	0.00151771	0.00640564
163	0.01703	0.000345637	0.423603	0.142187	0.00478768	0.0180024	0.0327188	0.00354366	0.0431922	0.0250934	0.0082045	0.167854	0.00337641	0.0514316	0.008387	0.027031	0.00552961	0.00580814	0.00515128	0.00672333
164	0.108233	0.00148294	0.00208487	0.00311638	0.00557225	0.0108392	0.00419869	0.00914475	0.00358242	0.00763953	0.00595212	0.0215975	0.00202458	0.00379132	0.0288558	0.387687	0.373856	0.0156886	0.00208849	0.00256329
165	0.02102	0.00112114	0.00157304	0.00434709	0.0965366	0.00324064	0.0112712	0.0664875	0.0563307	0.336506	0.0898043	0.0022143	0.00177533	0.0278915	0.069255	0.0243896	0.0148111	0.061249	0.019253	0.0909227
166	0.072455	0.00106242	0.00203158	0.00179055	0.0308655	0.00272551	0.0112294	0.10797	0.00227297	0.145835	0.00334102	0.0463561	0.00148313	0.0219893	0.00250411	0.0365199	0.232337	0.273821	0.00151839	0.00189126
167	0.0610942	0.00152493	0.000987488	0.00100605	0.00868745	0.00158347	0.00107562	0.191575	0.00112773	0.0222845	0.0239377	0.00134282	0.00851011	0.001686	0.00127907	0.0140307	0.0208311	0.633579	0.00156682	0.00229005
168	0.324826	0.000633975	0.000920262	0.000964727	0.0109864	0.0505533	0.0198051	0.010173	0.00127022	0.0213047	0.0181489	0.00487064	0.000779915	0.00175501	0.00432903	0.177984	0.311286	0.0346667	0.00358895	0.00115238
169	0.00663069	0.000577147	0.00144463	0.00176569	0.0895197	0.00281746	0.00628017	0.00405798	0.00239113	0.0243168	0.00383122	0.00248828	0.00144287	0.00451446	0.00287848	0.00511013	0.0054207	0.0128069	0.0545948	0.767111
170	0.0182389	0.000326872	0.417577	0.134598	0.00496148	0.0151733	0.0320105	0.00386369	0.0526389	0.0256672	0.00755058	0.170037	0.0019155	0.0548677	0.012949	0.023872	0.00722526	0.00606957	0.00440149	0.00605662
171	0.0381181	0.000870475	0.00184617	0.00563577	0.0986824	0.00315625	0.0268964	0.0371397	0.090218	0.28321	0.092242	0.00258334	0.00190042	0.0596515	0.0870227	0.0157602	0.0390296	0.0692235	0.00859859	0.0382152
172	0.0870919	0.000808863	0.00496938	0.00144715	0.0032889	0.800091	0.00672792	0.00289643	0.00191412	0.00573078	0.002875	0.00453183	0.0017447	0.00274206	0.00241413	0.0582105	0.00609828	0.003856	0.00129665	0.00126453
173	0.0878852	0.000614483	0.664534	0.0701835	0.00282477	0.0148165	0.0209312	0.00737984	0.0139371	0.00824708	0.00259606	0.0159009	0.0012825	0.0114588	0.00277981	0.0272105	0.0303959	0.00521176	0.0100823	0.00172806
174	0.00188364	0.984104	0.000545266	0.000471759	0.000860554	0.000706367	0.000562433	0.000906261	0.000604251	0.00120752	0.000954611	0.000583748	0.00038108	0.00074051	0.000623658	0.00129838	0.00150788	0.00115723	0.000425231	0.000475428
175	0.00916734	0.000210768	0.000463114	0.000523661	0.00650561	0.000745613	0.000502323	0.663964	0.000571737	0.0296086	0.00448867	0.000652675	0.000346745	0.000851114	0.000728469	0.00140471	0.0123292	0.265932	0.000425165	0.000578755
176	0.028954	0.00030963	0.637103	0.0849518	0.0032859	0.00850368	0.0254431	0.00498231	0.0202247	0.0129971	0.00435626	0.093514	0.00152073	0.0257156	0.0053989	0.0181306	0.00870675	0.00834137	0.00447851	0.00308223
177	0.00188364	0.984104	0.000545266	0.000471759	0.000860554	0.000706367	0.000562433	0.000906261	0.000604251	0.00120752	0.000954611	0.000583748	0.00038108	0.00074051	0.000623658	0.00129838	0.00150788	0.00115723	0.000425231	0.000475428
178	0.0302386	0.00124219	0.0285903	0.00695941	0.022457	0.201898	0.0420832	0.0040586	0.112103	0.021524	0.0198772	0.141498	0.00189608	0.0435184	0.0866807	0.104845	0.0597348	0.00614529	0.00213082	0.062518
179	0.0349993	0.00112903	0.0019256	0.0176944	0.0459468	0.00348885	0.0199905	0.0422514	0.0194688	0.347143	0.202063	0.00384796	0.00475781	0.0894344	0.0340734	0.011385	0.0128865	0.0509838	0.0192411	0.0372891
180	0.00188364	0.984104	0.000545266	0.000471759	0.000860554	0.000706367	0.000562433	0.000906261	0.000604251	0.00120752	0.000954611	0.000583748	0.00038108	0.00074051	0.000623658	0.00129838	0.00150788	0.00115723	0.000425231	0.000475428
181	0.0603587	0.0035022	0.00722405	0.00732012	0.0867241	0.0142256	0.0339488	0.0944572	0.00883835	0.0847405	0.0343828	0.00935009	0.00895125	0.0221053	0.0141999	0.0266407	0.036053	0.314931	0.0201891	0.111857
182	0.0727596	0.00173822	0.0922072	0.0918577	0.0311211	0.00780666	0.0580441	0.00996483	0.005674	0.0122121	0.00748437	0.108613	0.00316155	0.326505	0.00569654	0.0127668	0.0333658	0.11218	0.00314646	0.00369502
183	0.266325	0.00469521	0.00376535	0.00484804	0.0183644	0.0169014	0.00533799	0.0879418	0.00493858	0.0518998	0.0250281	0.00690473	0.0112188	0.00730361	0.00715087	0.0389585	0.043286	0.384466	0.00444556	0.00622073
184	0.00193594	0.983071	0.000569853	0.000545709	0.000860951	0.000769641	0.000561119	0.00114065	0.000648519	0.00127793	0.0010111	0.000585132	0.000381213	0.000795215	0.000630283	0.00132002	0.00162662	0.00135729	0.000425624	0.000486327
185	0.0616479	0.00398173	0.0260887	0.0699144	0.00968565	0.00522111	0.0031136	0.00403431	0.0132712	0.00854835	0.00534313	0.00290753	0.723784	0.022436	0.00725333	0.0111434	0.00887964	0.00886711	0.00152016	0.00235833
186	0.0799825	0.00383899	0.00249618	0.00251034	0.0115889	0.00385981	0.00349284	0.0624211	0.00388036	0.0201537	0.0566033	0.00468575	0.00290868	0.00590771	0.00391884	0.0127459	0.447105	0.266108	0.00318245	0.00260927
187	0.0532425	0.000851076	0.0696099	0.0236282	0.004354	0.598149	0.0119949	0.00328975	0.0205584	0.00551606	0.00442214	0.0976768	0.00470375	0.0129396	0.0196562	0.0420632	0.0124097	0.0077003	0.00421635	0.00301822
188	0.00888	0.000211368	0.000455134	0.000451642	0.00802099	0.000752007	0.000507507	0.658321	0.000553487	0.0336849	0.00563663	0.000655096	0.000385708	0.000857523	0.000734809	0.00141705	0.0133072	0.264217	0.000383263	0.000567798
