201	20
1	0.0862372	0.00114341	0.0186578	0.0638239	0.01048	0.00271078	0.010455	0.253255	0.0418524	0.129915	0.0281458	0.0109728	0.000868176	0.0454342	0.0645446	0.00402732	0.137896	0.07849	0.000423392	0.0106676
2	0.0098788	0.00386739	0.000466836	0.000867873	0.00162665	0.000760566	0.000514032	0.614104	0.00113003	0.0656316	0.00822045	0.000656608	0.000926927	0.00145047	0.000794395	0.0015417	0.0041189	0.281825	0.000590037	0.00102821
3	0.0309918	0.00099994	0.252784	0.447257	0.00074833	0.0192603	0.00107354	0.0201471	0.0238396	0.0226251	0.00159836	0.0665115	0.00157626	0.0264957	0.00421524	0.0448573	0.0250626	0.00763551	0.00026248	0.00205816
4	0.228937	0.000950495	0.12438	0.151936	0.000643223	0.0352795	0.0150804	0.0052199	0.0737996	0.0171819	0.00365689	0.0802548	0.00132412	0.0798804	0.0244539	0.0739319	0.0788513	0.00326065	0.000302309	0.000676371
5	0.134816	0.00444692	0.00394225	0.00501821	0.0701285	0.030241	0.0274221	0.105414	0.00589504	0.314418	0.00940259	0.00597711	0.0255168	0.00558212	0.0112079	0.013647	0.0606896	0.0922292	0.00151969	0.0724852
6	0.0281013	0.00303044	0.0035477	0.00482437	0.179212	0.00598176	0.00433348	0.00507301	0.00530448	0.0326493	0.00357538	0.00419066	0.00207691	0.00480289	0.00575347	0.0287407	0.0073839	0.0375396	0.576369	0.0575099
7	0.0492333	0.00109712	0.342442	0.353995	0.000554666	0.0209211	0.00076032	0.0125501	0.0246099	0.0162863	0.00183638	0.0667551	0.00210162	0.029201	0.00526041	0.0420895	0.024038	0.00356404	0.000257346	0.00244704
8	0.140921	0.0154731	0.00091376	0.00127209	0.0530759	0.00136809	0.00100236	0.137875	0.00133059	0.0277128	0.0205176	0.00135071	0.000832958	0.00131905	0.00137816	0.0554511	0.176917	0.355654	0.000326633	0.00530797
9	0.0191042	0.00268624	0.000705714	0.0011418	0.0182452	0.00409403	0.00146391	0.241019	0.00636455	0.438672	0.022323	0.00179456	0.00339161	0.00226357	0.0225365	0.00547942	0.0105751	0.190736	0.000641035	0.00676204
10	0.238798	0.000804116	0.176319	0.21219	0.000689968	0.0382019	0.0255923	0.0071066	0.0370115	0.0106489	0.00673047	0.0660119	0.0008141	0.0411974	0.0250458	0.0719616	0.0372176	0.00229368	0.000308673	0.0010565
11	0.169609	0.000957153	0.0851444	0.0494189	0.00994784	0.120498	0.0136528	0.0110806	0.0418969	0.25022	0.0795553	0.0209934	0.000871679	0.0619102	0.0208199	0.0320591	0.00328619	0.00426813	0.00061624	0.023194
12	0.00620483	0.00067038	0.000591417	0.00309441	0.000807017	0.00084567	0.000974669	0.176751	0.0012167	0.735009	0.0110307	0.00381378	0.000359814	0.000699703	0.00247466	0.0017092	0.00253104	0.0505562	0.000186554	0.000472965
13	0.032878	0.00207131	0.285002	0.317387	0.00131809	0.0414959	0.00476081	0.0108999	0.0193139	0.0130936	0.00310124	0.17495	0.00225414	0.0211297	0.00616152	0.0318707	0.020317	0.00682918	0.000783153	0.00438258
14	0.217965	0.000722565	0.0619167	0.047465	0.000558281	0.0546152	0.0158586	0.0137311	0.0869593	0.0350386	0.0102516	0.0787768	0.00460367	0.0584851	0.0862068	0.147975	0.0630745	0.0149298	0.000266589	0.000599847
15	0.013478	0.000586848	0.00283468	0.00302274	0.000532957	0.937843	0.00138486	0.0013614	0.00391422	0.00120347	0.000964853	0.00923601	0.00086101	0.00171576	0.00243488	0.0140787	0.00180123	0.00161921	0.000292736	0.00083384
16	0.0858254	0.000584902	0.0235853	0.215491	0.000766442	0.0136714	0.0105184	0.0279815	0.255713	0.024285	0.00661219	0.00157982	0.000514697	0.0555145	0.0823244	0.0574628	0.107852	0.0286554	0.000277217	0.000783876
17	0.0424132	0.00314264	0.00102744	0.00153111	0.0335329	0.00987515	0.00388327	0.177561	0.00436105	0.442326	0.0215965	0.00243627	0.00305924	0.00159122	0.0273157	0.00971115	0.0236524	0.171647	0.00062819	0.0187086
18	0.0174207	0.00329627	0.00470989	0.00758717	0.00420911	0.00891947	0.00561837	0.00891823	0.0125766	0.0102372	0.00481841	0.0065051	0.00391435	0.00716976	0.84814	0.0139367	0.011915	0.0140382	0.00162433	0.00444526
19	0.148533	0.025097	0.00109717	0.00122402	0.0422099	0.00161147	0.000839183	0.168469	0.00229941	0.0338881	0.0229632	0.00374454	0.00185404	0.0010798	0.00201324	0.0557465	0.137094	0.34332	0.00111934	0.00579763
20	0.583847	0.0852862	0.00104006	0.00124313	0.00070632	0.0161726	0.00103306	0.00847206	0.00120987	0.00192232	0.0015213	0.00109824	0.0007134	0.00386601	0.00188579	0.233625	0.0474053	0.00793651	0.000279615	0.000735786
21	0.0410616	0.00182027	0.0027464	0.457439	0.0200745	0.00449666	0.00315206	0.0047517	0.00452089	0.00481378	0.0193814	0.0746174	0.00161905	0.12966	0.0048693	0.0878615	0.111612	0.0222813	0.00105442	0.00216637
22	0.00768018	0.00106307	0.00136226	0.00199852	0.000970748	0.00274182	0.0173498	0.00235817	0.413168	0.0171847	0.00140789	0.00199249	0.193987	0.0277207	0.27127	0.0119419	0.00294439	0.0136505	0.000443664	0.0087639
23	0.0444755	0.00878073	0.00613309	0.0126071	0.107136	0.0132651	0.0103283	0.0269018	0.00980302	0.0680386	0.00896864	0.00899718	0.00427855	0.00914442	0.0127943	0.0284997	0.0153003	0.0961572	0.469671	0.0387197
24	0.0220005	0.00125246	0.00122388	0.0539314	0.00967	0.0112113	0.0879951	0.113377	0.121807	0.00247951	0.00163517	0.0190074	0.000920653	0.148506	0.0570691	0.0131694	0.158993	0.174123	0.000434256	0.00119421
25	0.0885365	0.00873212	0.000870708	0.0011432	0.00166351	0.00130005	0.000877701	0.0188034	0.00133182	0.00346238	0.0020692	0.0052808	0.000434973	0.000987658	0.00143033	0.0175512	0.130699	0.708736	0.000299352	0.00579054
26	0.00397011	0.000790863	0.0153285	0.00174064	0.000980226	0.0116016	0.178587	0.00204395	0.00875526	0.00200748	0.00119298	0.692977	0.000751137	0.0085557	0.0541193	0.00304229	0.00262492	0.00943231	0.000328304	0.00116999
27	0.166987	0.00366481	0.0618315	0.402751	0.000614403	0.00883504	0.0216072	0.0190043	0.0503284	0.00868488	0.00586341	0.0145219	0.0245323	0.0390058	0.01295	0.0572119	0.0697478	0.0278867	0.000292816	0.00367893
28	0.0882268	0.0103608	0.018125	0.0770178	0.0256491	0.0188916	0.110282	0.0120075	0.0758756	0.0253424	0.00706776	0.0166776	0.00683741	0.0354992	0.15384	0.0468495	0.0572106	0.0215722	0.152216	0.040451
29	0.196647	0.00434076	0.0016077	0.00218701	0.00126469	0.00226247	0.00166714	0.268124	0.00428198	0.109796	0.00664662	0.00582209	0.00142775	0.00195456	0.0036481	0.00689532	0.0130111	0.362724	0.00452844	0.00116445
30	0.028315	0.00354229	0.00799944	0.104343	0.00520061	0.0148634	0.0105034	0.0107371	0.275773	0.0114879	0.128234	0.00898559	0.0065593	0.214514	0.104544	0.0226755	0.0157077	0.0171204	0.00243821	0.00645654
31	0.0163407	0.00280404	0.00478869	0.144366	0.00323259	0.00762956	0.00630035	0.008123	0.250085	0.00732963	0.142954	0.00639744	0.00224066	0.225026	0.133605	0.011759	0.0101714	0.011434	0.00139736	0.0040165
32	0.318368	0.00216086	0.0104616	0.0395152	0.00111013	0.436277	0.00229776	0.00270029	0.0245772	0.00246054	0.0022371	0.0270731	0.000877264	0.00281901	0.00486514	0.110685	0.00626327	0.00326282	0.000571517	0.00141736
33	0.00861369	0.00289132	0.000538065	0.000810747	0.00156158	0.000788907	0.000546194	0.653135	0.00110398	0.0708082	0.00643127	0.000688926	0.00072083	0.00129235	0.00081552	0.00160326	0.00320237	0.2432	0.000467608	0.000779953
34	0.00792763	0.00143574	0.000576777	0.00377272	0.000676947	0.00093227	0.00106009	0.156443	0.00113535	0.74949	0.0185504	0.00477355	0.000323203	0.000816741	0.00212722	0.00176198	0.00291883	0.0446359	0.000199887	0.000442478
35	0.0117718	0.00306633	0.000809375	0.00597314	0.000742523	0.001222	0.0012202	0.132495	0.00136838	0.747941	0.037942	0.00449938	0.000393187	0.00104791	0.00244312	0.00189525	0.00323598	0.0410547	0.000254143	0.000625119
36	0.0556026	0.0271399	0.00892765	0.00582769	0.153558	0.126878	0.0319843	0.0056494	0.00614143	0.00622793	0.00382878	0.0932197	0.0021427	0.00527283	0.0313482	0.0921845	0.00780516	0.0310663	0.00819367	0.297002
37	0.0330091	0.0130114	0.00856556	0.0137941	0.334302	0.0136147	0.0149053	0.122086	0.015344	0.0542698	0.0981879	0.00782216	0.00461513	0.0125859	0.0229968	0.054691	0.0401212	0.0854076	0.00570205	0.0449689
38	0.0332529	0.00204371	0.00337885	0.00517042	0.0024746	0.136274	0.0030753	0.0281442	0.25173	0.0425849	0.0222896	0.00523439	0.0431639	0.025229	0.267168	0.0484428	0.0300639	0.027049	0.00122353	0.0220063
39	0.0252453	0.00215616	0.00180838	0.00320803	0.00716093	0.00446687	0.0136152	0.237093	0.00395229	0.467664	0.0185105	0.01726	0.00144354	0.00257396	0.00814211	0.0178405	0.0719805	0.0901629	0.000801406	0.00491447
40	0.0463856	0.000750369	0.0270524	0.0534215	0.034663	0.0111471	0.130563	0.00159398	0.144359	0.0230699	0.00102456	0.0167587	0.00543678	0.0612064	0.197766	0.0575317	0.089051	0.00222926	0.024248	0.0717411
41	0.0142474	0.0196225	0.001844	0.00243733	0.0214431	0.00317557	0.00174395	0.334479	0.00332669	0.173719	0.174447	0.002276	0.0031698	0.00355316	0.00439996	0.0048147	0.00558588	0.199997	0.0107857	0.0149324
42	0.0806927	0.000639989	0.0246322	0.0322494	0.00063496	0.0122047	0.000940816	0.00150231	0.00894415	0.00648637	0.000856034	0.00629443	0.757366	0.0186436	0.00665443	0.0261303	0.0120911	0.00200029	0.000288999	0.000747204
43	0.0783027	0.00195608	0.00240514	0.00374839	0.00212995	0.0352144	0.00261504	0.0173437	0.00404414	0.387996	0.0452678	0.0313658	0.103984	0.0183412	0.00499995	0.0791622	0.141738	0.0363749	0.000799616	0.0022115
44	0.0415626	0.00170065	0.00812334	0.0194733	0.00320095	0.014513	0.0172612	0.00668589	0.3583	0.0176786	0.00996817	0.00706591	0.073208	0.0590872	0.293407	0.0180911	0.0227053	0.0147018	0.00200687	0.0112595
45	0.0445402	0.000655857	0.0283548	0.0497241	0.0335047	0.00824522	0.131914	0.00150341	0.150286	0.0229962	0.000939005	0.0145917	0.00592161	0.0546153	0.199089	0.0575162	0.0893393	0.00216564	0.023799	0.0802993
46	0.219799	0.000775621	0.0653235	0.0436365	0.00057973	0.0609839	0.0160751	0.013548	0.0836337	0.0384742	0.0107354	0.074973	0.00523176	0.0524098	0.0881345	0.148761	0.0600663	0.0158899	0.000303582	0.000666018
47	0.0246261	0.000480261	0.0342055	0.0328324	0.000619982	0.617286	0.00527951	0.00134471	0.0344477	0.00135735	0.00263703	0.135143	0.000387614	0.0115767	0.0246242	0.0657697	0.0017162	0.00172859	0.000266101	0.00367175
48	0.11551	0.0134464	0.00074349	0.000982272	0.0459532	0.00107403	0.000715555	0.191657	0.00107296	0.0174142	0.0344104	0.000904024	0.000543076	0.000921556	0.00136132	0.0687716	0.145938	0.3495	0.000253859	0.00882717
49	0.0168154	0.00308296	0.00530937	0.00904362	0.00414322	0.00939999	0.00588014	0.00912682	0.0109649	0.0110558	0.00534328	0.00631377	0.00342887	0.00743792	0.842701	0.0144139	0.0130282	0.0148505	0.00217681	0.00548322
50	0.166476	0.0275485	0.00343061	0.00439711	0.00283938	0.00550873	0.00379363	0.228213	0.0289476	0.114282	0.0250799	0.0590653	0.00256915	0.00390763	0.0088871	0.0438765	0.0138183	0.251423	0.0030004	0.00293667
51	0.00972496	0.00173498	0.00271351	0.00439669	0.0021053	0.409218	0.0772979	0.0207663	0.00429545	0.00430477	0.00290612	0.141744	0.174082	0.00360086	0.00439637	0.104667	0.0220253	0.00640203	0.000817616	0.00280046
52	0.419326	0.138862	0.00173871	0.00212407	0.00127572	0.0512785	0.00177708	0.00818107	0.00240876	0.00243981	0.00435709	0.00187147	0.00162654	0.003151	0.00321849	0.25219	0.0940826	0.00855528	0.000380851	0.00115498
53	0.115849	0.0135024	0.000724416	0.0009828	0.046033	0.00108681	0.000718369	0.190911	0.00106963	0.0174619	0.0343939	0.000907779	0.000541321	0.000880851	0.00135217	0.0689227	0.146289	0.349322	0.000254395	0.00879662
54	0.290491	0.0037509	0.00242328	0.00349745	0.00205961	0.00348025	0.00266373	0.124574	0.0039222	0.0191369	0.0168239	0.00397584	0.00133161	0.0026359	0.00381945	0.00645955	0.00932028	0.496152	0.00130319	0.00217854
55	0.0174389	0.00290075	0.00495344	0.00793757	0.00468715	0.00959371	0.00656294	0.0104956	0.0130949	0.0106628	0.00558674	0.00798879	0.00368693	0.0076443	0.836641	0.0151801	0.0123107	0.0155815	0.00176282	0.00528913
56	0.0459785	0.000653161	0.0270082	0.0455722	0.0311088	0.00691146	0.136968	0.00152368	0.156899	0.0219537	0.000891017	0.0125989	0.00536427	0.0523732	0.205794	0.0539341	0.0830298	0.00217425	0.0229078	0.086356
57	0.0120735	0.000610143	0.000805896	0.00123113	0.000507655	0.956958	0.00101514	0.00136368	0.00221591	0.00125738	0.000870624	0.00291167	0.000419429	0.00112004	0.00125046	0.0110295	0.00167853	0.00167562	0.000282596	0.000722994
58	0.580413	0.0626583	0.000695361	0.00117069	0.000646097	0.0111783	0.000860689	0.00566691	0.00104695	0.001348	0.000898471	0.00112065	0.00040354	0.00470822	0.00147887	0.26683	0.0496159	0.00832923	0.00020375	0.000726887
59	0.00221696	0.00448873	0.000789675	0.0011452	0.186169	0.00112018	0.110398	0.00111178	0.00119416	0.00119434	0.000700559	0.000843913	0.000453239	0.000950527	0.021527	0.00593582	0.00165033	0.001498	0.0128347	0.643779
60	0.0222517	0.00284187	0.00060001	0.00100862	0.0083872	0.00127337	0.000679966	0.440942	0.00282672	0.185362	0.0238451	0.00091541	0.00610771	0.00494623	0.00441275	0.00203231	0.00372586	0.283876	0.00153817	0.00242657
61	0.356279	0.00155192	0.0100166	0.0528833	0.00113351	0.3876	0.00180192	0.00249817	0.0202027	0.00254095	0.00178932	0.0236293	0.000866548	0.0018476	0.00264865	0.121726	0.00581525	0.00328576	0.000510238	0.0013735
62	0.0302544	0.00111212	0.00138068	0.0190324	0.00121086	0.0196947	0.00164627	0.00237083	0.374015	0.00298526	0.00172513	0.0189497	0.304	0.00221397	0.110542	0.0817738	0.013038	0.00358037	0.000480002	0.00999425
63	0.0225236	0.000483242	0.0352167	0.0323725	0.000588882	0.62129	0.00522498	0.0012265	0.0325732	0.00132226	0.00254632	0.135606	0.000347857	0.0114352	0.0240349	0.0661103	0.00162314	0.00158044	0.000213035	0.00368101
64	0.285642	0.081187	0.00119263	0.00157278	0.000940043	0.00172733	0.00133452	0.00372201	0.00158821	0.00215814	0.00156828	0.00160827	0.000681109	0.00140454	0.00180891	0.00433158	0.0749509	0.53061	0.000383793	0.00158799
65	0.00282173	0.0020022	0.000351136	0.00175697	0.000969938	0.000627612	0.000405561	0.351748	0.0015606	0.0158525	0.0033701	0.000514004	0.000198457	0.00255761	0.000548176	0.000942365	0.0111306	0.602166	0.000137887	0.000338209
66	0.0124311	0.0246757	0.00269303	0.00562539	0.0113142	0.00417976	0.00251152	0.154422	0.00424188	0.356443	0.282032	0.00408574	0.0013586	0.00289005	0.00450251	0.0062171	0.00607198	0.0986012	0.00682618	0.00887683
67	0.0288116	0.0206829	0.00482867	0.00943254	0.0206201	0.0109226	0.00683364	0.146567	0.00951699	0.226203	0.282688	0.00789266	0.00448473	0.0077431	0.0126523	0.0183264	0.022248	0.139435	0.00715026	0.0129601
68	0.0835052	0.00106304	0.0246165	0.0330254	0.000674427	0.0123002	0.00111427	0.00207556	0.0103358	0.00744296	0.00116535	0.00638462	0.745773	0.0186176	0.00801348	0.0275426	0.012487	0.00256348	0.000321335	0.000978034
69	0.151587	0.128121	0.00549162	0.0100461	0.00569628	0.139627	0.00610459	0.0104829	0.0100215	0.0107623	0.0446644	0.0113686	0.00388353	0.00805021	0.0121458	0.362968	0.0553481	0.0159185	0.00241378	0.00529955
70	0.00547878	0.0076293	0.00173107	0.0031704	0.333076	0.00324069	0.0638318	0.0120391	0.00475435	0.0120971	0.00370806	0.00273033	0.00111105	0.00226672	0.0163226	0.0096471	0.0127085	0.0243361	0.00768216	0.472438
71	0.00353549	0.00919956	0.000642089	0.00709338	0.00302212	0.00113399	0.00080203	0.312406	0.00198256	0.00865661	0.00425298	0.0010879	0.000364514	0.00781849	0.00118512	0.0023731	0.0350486	0.598428	0.000318464	0.000649456
72	0.0128404	0.00156447	0.0294965	0.0151488	0.00239493	0.0252841	0.14767	0.00457268	0.0118971	0.00512643	0.00362408	0.640545	0.00152791	0.0100774	0.0527558	0.0103113	0.00770184	0.0125255	0.00141644	0.00351913
73	0.0248766	0.00286444	0.00049116	0.00092083	0.0031218	0.00101195	0.000614317	0.57654	0.00124157	0.0931276	0.0188144	0.000829145	0.00317588	0.00272387	0.000981466	0.00181178	0.00493551	0.259411	0.00111961	0.00138689
74	0.0442656	0.00117558	0.00231768	0.00561903	0.00122152	0.895096	0.00140159	0.00145099	0.00523346	0.00153276	0.00124594	0.00733334	0.000875522	0.00137942	0.00195769	0.0209827	0.00221025	0.00287209	0.000283788	0.00154527
75	0.269551	0.00247284	0.00829357	0.0295142	0.00134374	0.531883	0.00255589	0.00348193	0.0169644	0.00351168	0.00201813	0.0181388	0.00202304	0.00248329	0.00393268	0.0863071	0.00749755	0.00499701	0.00106641	0.00196365
76	0.00221696	0.00448873	0.000789675	0.0011452	0.186169	0.00112018	0.110398	0.00111178	0.00119416	0.00119434	0.000700559	0.000843913	0.000453239	0.000950527	0.021527	0.00593582	0.00165033	0.001498	0.0128347	0.643779
77	0.00285623	0.00178452	0.00030114	0.00115894	0.000722474	0.000614362	0.000395355	0.350927	0.0015972	0.0172315	0.00316748	0.000477237	0.00019421	0.00178334	0.000546844	0.000893812	0.00843775	0.606459	0.000126758	0.000325624
78	0.00567641	0.00107012	0.359717	0.0427151	0.00158872	0.491822	0.0174658	0.00311347	0.00618316	0.00318065	0.00216349	0.0146662	0.000946586	0.0155198	0.00306262	0.0165276	0.00410882	0.0042999	0.000632736	0.00553963
79	0.126296	0.00497394	0.0621729	0.410918	0.000828571	0.00544792	0.0181578	0.0101746	0.0498765	0.00746066	0.00351427	0.0127187	0.0154806	0.0447967	0.0281685	0.107448	0.0741985	0.0149305	0.000415357	0.0020215
80	0.0224075	0.000478251	0.0339582	0.0324295	0.000595541	0.624322	0.00524526	0.00123626	0.0322842	0.00130909	0.00254962	0.135175	0.00034637	0.0113044	0.0238179	0.0654801	0.00162223	0.00154164	0.000208458	0.00368866
81	0.0837124	0.0118106	0.00158785	0.00298565	0.0012358	0.00355574	0.00180419	0.00333004	0.00249238	0.00316421	0.00246554	0.00384978	0.000854565	0.00278701	0.00344485	0.136752	0.709185	0.0231893	0.000487627	0.00130489
82	0.0142619	0.0052244	0.00201098	0.00544897	0.00294058	0.00305645	0.00242193	0.126041	0.00299058	0.687129	0.0664847	0.00508359	0.00227473	0.00251809	0.00491184	0.00572935	0.0080856	0.0501569	0.000868515	0.00236121
83	0.00284192	0.00180386	0.000313462	0.00125895	0.000719343	0.000605332	0.000398534	0.351511	0.00160147	0.0170373	0.00330956	0.000472853	0.000200957	0.0018906	0.000548537	0.000867845	0.00883849	0.605316	0.000134139	0.000329815
84	0.0109813	0.00178769	0.720494	0.0186366	0.00218831	0.0235902	0.0149368	0.00477124	0.00586246	0.00449512	0.00294216	0.122422	0.00369347	0.00530957	0.00518091	0.0105233	0.00792206	0.00676568	0.00094881	0.0265481
85	0.392281	0.0727614	0.0045938	0.00936915	0.00210018	0.0643615	0.00431764	0.0243089	0.00996202	0.00892995	0.00491248	0.00760466	0.00220738	0.00763509	0.00942236	0.276287	0.0834043	0.0119609	0.00090242	0.00267765
86	0.0490911	0.22554	0.0129899	0.0187443	0.0904179	0.10758	0.0999334	0.0209326	0.0172616	0.0211604	0.0134926	0.0231096	0.0061068	0.013969	0.0280511	0.0365719	0.0240078	0.0303272	0.130295	0.0304186
87	0.410203	0.0222562	0.0556576	0.00400424	0.00339174	0.00493451	0.00390992	0.00548608	0.00499262	0.00599458	0.0033671	0.00416386	0.0019778	0.00411658	0.00539828	0.112014	0.0633297	0.280896	0.00100421	0.00290174
88	0.121932	0.00739682	0.0196809	0.0253374	0.00472978	0.090398	0.00964204	0.0161377	0.0353533	0.0810875	0.0109328	0.0303906	0.00721492	0.0201214	0.0992755	0.207316	0.184464	0.020224	0.002346	0.00601946
89	0.00561604	0.00209251	0.000328317	0.00126674	0.00090785	0.000688068	0.000478508	0.354719	0.00158137	0.0211978	0.00413862	0.00052911	0.00032284	0.00190368	0.000787056	0.000940178	0.0086143	0.593282	0.000211114	0.000395199
90	0.0167635	0.00180319	0.00742924	0.00347465	0.000617823	0.92396	0.00152989	0.00149383	0.00424709	0.00157166	0.00104391	0.00981704	0.000460863	0.00182815	0.0025385	0.0152302	0.00232818	0.00234036	0.000352595	0.00116906
91	0.114838	0.018568	0.0090798	0.0263238	0.00636564	0.056027	0.00670054	0.0120465	0.0147212	0.0190251	0.0141161	0.0272124	0.00404092	0.0166715	0.0173966	0.520193	0.0868042	0.0224802	0.00215221	0.00523752
92	0.190499	0.247743	0.00926509	0.015833	0.0163001	0.186014	0.0192373	0.0146183	0.0155295	0.0167992	0.0147058	0.0131262	0.0104918	0.0103472	0.0185683	0.104114	0.0458249	0.0252312	0.0150024	0.0107508
93	0.550359	0.101297	0.00291298	0.00270489	0.00158909	0.0193141	0.00235699	0.0104869	0.00297071	0.00472261	0.00318189	0.00221654	0.00910283	0.00471073	0.00331056	0.190921	0.0485496	0.0362287	0.00124684	0.00181649
94	0.0430746	0.00893377	0.0181733	0.0330902	0.0120818	0.0352982	0.103288	0.0291491	0.060486	0.0247253	0.0171287	0.0287647	0.00994046	0.348775	0.0658281	0.0438751	0.0569397	0.0381678	0.00536799	0.0169121
95	0.00949437	0.00301616	0.000553262	0.000799228	0.00191851	0.000794545	0.000583164	0.665528	0.00111332	0.0781658	0.00745676	0.000697434	0.000876103	0.00151322	0.000892621	0.00164396	0.00302593	0.220317	0.000618504	0.000992551
96	0.0134306	0.00072751	0.00300436	0.00400289	0.000607602	0.93707	0.00146073	0.00144496	0.00393412	0.00133907	0.000973512	0.00801367	0.00113934	0.0016189	0.00264359	0.0137229	0.00186112	0.00176334	0.000387937	0.000854278
97	0.148011	0.00237294	0.036952	0.125919	0.00215861	0.00532655	0.00415889	0.00513973	0.395375	0.00547146	0.00278143	0.0361436	0.00228856	0.00631694	0.149832	0.0315668	0.0303235	0.00642507	0.000954169	0.00248246
98	0.00402113	0.000806615	0.015208	0.00180944	0.000994345	0.0126509	0.179251	0.00204279	0.00939613	0.00199714	0.00119512	0.68613	0.000769635	0.00804428	0.0594848	0.00314349	0.00261686	0.00888185	0.000321079	0.00123579
99	0.0592003	0.0360023	0.00177933	0.00268713	0.00141091	0.00280158	0.00167355	0.0640801	0.00304457	0.00403625	0.00249187	0.00418956	0.00092012	0.00217133	0.00325992	0.0121093	0.0820577	0.712277	0.000522039	0.00328534
100	0.0484171	0.00786167	0.0163909	0.0339975	0.0131236	0.0201783	0.180596	0.0233377	0.300076	0.0264147	0.0125338	0.0180286	0.026199	0.0363005	0.0885526	0.0417388	0.0464131	0.0291956	0.00778231	0.022862
101	0.00592587	0.000489124	0.000583723	0.0029063	0.000870353	0.000821043	0.0010391	0.18886	0.00134104	0.72459	0.00837848	0.00362384	0.000366602	0.000722828	0.00265182	0.00172144	0.00268013	0.0517773	0.00019787	0.000452927
102	0.251838	0.0056781	0.0100344	0.0364313	0.00196111	0.379145	0.00394688	0.00435303	0.0201345	0.00850676	0.00546299	0.0267771	0.00208784	0.00944944	0.00851647	0.203307	0.0112124	0.00726758	0.000830591	0.00306021
103	0.467919	0.0430246	0.0075522	0.0205576	0.00209083	0.174771	0.00428949	0.0102176	0.0138426	0.00667168	0.00444487	0.0106566	0.004924	0.00646644	0.00830911	0.137876	0.057664	0.0134908	0.00158557	0.00364557
104	0.0449562	0.00110525	0.0284402	0.0302258	0.000926961	0.593267	0.00714125	0.00289617	0.0289452	0.00279563	0.0036213	0.135081	0.00540708	0.0105402	0.0219377	0.0718449	0.0036702	0.00286836	0.000376624	0.00395333
105	0.0899649	0.0090353	0.000939532	0.00115422	0.0006279	0.00124776	0.000937819	0.0161604	0.00128782	0.00253528	0.00195213	0.00528457	0.000439247	0.00102258	0.00148396	0.0175505	0.126056	0.716207	0.000307239	0.00580631
106	0.118946	0.00901655	0.0172595	0.0191523	0.0113618	0.128227	0.0136728	0.0282426	0.0208846	0.269767	0.0231115	0.0184541	0.0170992	0.0909194	0.0245253	0.0382674	0.0415095	0.0926758	0.00437457	0.0125321
107	0.0100056	0.00306971	0.000540522	0.000809995	0.00232996	0.000801065	0.000590267	0.661928	0.00117028	0.0862748	0.00847968	0.000710212	0.00105256	0.00172472	0.000895957	0.00166671	0.00313506	0.213028	0.000679454	0.00110757
108	0.0333219	0.000825653	0.0017912	0.00370373	0.000586076	0.918095	0.00123982	0.0013911	0.0037506	0.00153036	0.00112334	0.00572237	0.000499054	0.00165732	0.0017273	0.0173386	0.00233716	0.00211306	0.000332956	0.000913253
109	0.0129845	0.00124792	0.00274371	0.00242193	0.000549672	0.942217	0.00125769	0.00140579	0.00353621	0.0014188	0.000993804	0.00698387	0.000518708	0.0015141	0.00242597	0.0129375	0.00199043	0.00173749	0.000278622	0.000836144
110	0.0499866	0.00936307	0.000970491	0.00214707	0.00101527	0.00149293	0.00157134	0.166271	0.00234247	0.0116637	0.00343623	0.0029015	0.000549621	0.00223709	0.00360591	0.0090224	0.0629874	0.664955	0.000395387	0.00308601
111	0.0089354	0.00142971	0.000624512	0.00344717	0.00175825	0.00151367	0.00128636	0.173646	0.00150602	0.713693	0.0170067	0.00426845	0.00130738	0.00104513	0.00338149	0.00284884	0.00567757	0.0554263	0.000230885	0.000967648
112	0.0724084	0.00505565	0.0801799	0.471178	0.00552978	0.0260888	0.0105168	0.017665	0.0344156	0.0145237	0.00905428	0.0418713	0.00990829	0.0442844	0.0193922	0.0551307	0.0554485	0.0203157	0.00201542	0.00501767
113	0.0801101	0.000956596	0.0242803	0.032055	0.000695526	0.013005	0.00148823	0.0020656	0.0107233	0.00703383	0.000993547	0.00658832	0.750056	0.0184225	0.00768096	0.0270923	0.0127896	0.00270007	0.000402427	0.000860567
114	0.0295725	0.00313445	0.000691961	0.00121223	0.00756179	0.00158078	0.000818956	0.413903	0.00269908	0.182016	0.0289348	0.00118002	0.0108717	0.00446845	0.00434519	0.00231376	0.00458582	0.295738	0.00172957	0.00264208
115	0.0198866	0.00283232	0.0200817	0.0858256	0.00301849	0.362422	0.0321269	0.00722796	0.0198379	0.00734555	0.00506868	0.134685	0.00355977	0.144431	0.0181964	0.10829	0.0100008	0.00891469	0.00117622	0.00507232
116	0.297902	0.00232675	0.0576541	0.0543819	0.0025214	0.0318989	0.0105313	0.010618	0.0619839	0.0193222	0.00807657	0.127835	0.00445069	0.030955	0.0432067	0.126884	0.0746033	0.031238	0.00109143	0.00251877
117	0.189455	0.00128416	0.0665307	0.0304194	0.00110755	0.0948601	0.0164205	0.0100083	0.071579	0.0359928	0.0207761	0.077838	0.0039478	0.0315649	0.0867282	0.179579	0.0515248	0.0289661	0.000400279	0.00101743
118	0.0804231	0.00183981	0.0242619	0.0319911	0.000842289	0.0123408	0.00120007	0.00231995	0.0114141	0.00707987	0.000979776	0.0062503	0.748471	0.018609	0.0080841	0.0265512	0.0127193	0.00332084	0.000418633	0.000883214
119	0.0851343	0.00889665	0.000926247	0.0011652	0.000629139	0.00138001	0.000922561	0.0170911	0.00132722	0.00261796	0.00204223	0.00558255	0.000470233	0.00103001	0.00145336	0.0169383	0.126435	0.719773	0.000297726	0.00588737
120	0.00686483	0.00256387	0.000404279	0.00108607	0.000990411	0.000679621	0.000477467	0.560308	0.00122082	0.0451803	0.00502081	0.000578769	0.000419901	0.00149371	0.000677944	0.00123983	0.0054198	0.364591	0.000236854	0.00054629
121	0.00341748	0.00189795	0.000340431	0.00128111	0.000758179	0.000619927	0.000402081	0.362972	0.00160737	0.0183219	0.00333579	0.000492248	0.000223726	0.00190939	0.00056458	0.000936189	0.00879216	0.591639	0.000134564	0.000353834
122	0.0213944	0.00150652	0.116491	0.121981	0.00107855	0.539178	0.00937367	0.00258274	0.0208626	0.00298756	0.0030113	0.0725593	0.000852041	0.012756	0.020186	0.0409129	0.00356546	0.00338253	0.000624761	0.00471323
123	0.00989977	0.00170355	0.733094	0.0216967	0.00168189	0.0105451	0.0152706	0.0040526	0.00544977	0.00474479	0.002633	0.128804	0.00147562	0.00493591	0.00436058	0.00911482	0.00700876	0.00524884	0.000747511	0.0275327
124	0.00654707	0.00145912	0.3582	0.0472875	0.00188397	0.34088	0.0553859	0.00381935	0.0051232	0.00392389	0.00272549	0.121877	0.00155365	0.0079454	0.00398341	0.0100741	0.00559371	0.0049384	0.0007587	0.0160402
125	0.31827	0.118572	0.00186642	0.00206441	0.00116941	0.00245911	0.00172824	0.00484696	0.00258099	0.00332655	0.00190489	0.00182396	0.00390772	0.00189464	0.00258972	0.00575542	0.0561096	0.466908	0.000666099	0.00155614
126	0.0374952	0.0137007	0.00936325	0.0133131	0.270649	0.0148391	0.0169693	0.0387737	0.0168611	0.0779389	0.0932217	0.0115764	0.00508514	0.0118306	0.0166291	0.187219	0.0394633	0.102605	0.00418416	0.0182818
127	0.0112681	0.00260364	0.000584549	0.000870769	0.00363353	0.000833251	0.000558601	0.605483	0.00201359	0.116184	0.0114822	0.000739997	0.00286491	0.00247516	0.00131317	0.00164067	0.00290468	0.230654	0.000735521	0.00115754
128	0.0169895	0.000822693	0.00306893	0.00357334	0.000542035	0.928974	0.00142032	0.00141738	0.00377111	0.00168239	0.00118023	0.00956066	0.0008742	0.00156813	0.00235433	0.0173771	0.0018431	0.00182802	0.000317896	0.00083437
129	0.414637	0.0388886	0.004899	0.0222639	0.00134647	0.197654	0.00174002	0.00713267	0.0139293	0.00530764	0.0031811	0.00958105	0.00201754	0.00695183	0.00419998	0.221969	0.033684	0.00792021	0.000662552	0.00203502
130	0.034156	0.00364725	0.0260299	0.0383886	0.00354495	0.452864	0.00983976	0.008944	0.0668059	0.0106606	0.0330123	0.116331	0.00408208	0.0129818	0.0878678	0.052985	0.0152225	0.01169	0.00176938	0.00917739
131	0.443675	0.167715	0.00121495	0.00214597	0.00134305	0.0227792	0.00175823	0.00634148	0.00209799	0.00256068	0.00242929	0.00163299	0.00691662	0.00356155	0.00256076	0.255329	0.0582565	0.0161263	0.000446156	0.00110895
132	0.0203357	0.00418204	0.00963969	0.0647798	0.0105081	0.0603031	0.0168313	0.218095	0.0208067	0.0229193	0.0618074	0.00871427	0.00310566	0.0136173	0.203833	0.0213691	0.0272726	0.179107	0.00222613	0.0305471
133	0.00295994	0.00170155	0.000306678	0.00112557	0.000668335	0.000611937	0.000409268	0.351796	0.00159811	0.018042	0.00329055	0.000483611	0.000238502	0.00173804	0.000543187	0.000881027	0.00807553	0.60508	0.000126647	0.000323326
134	0.0898188	0.00944479	0.00102179	0.00127304	0.000821981	0.00150756	0.000924708	0.0166755	0.00136172	0.00286356	0.00206355	0.00526848	0.00047599	0.00110622	0.00149015	0.0169813	0.12679	0.712916	0.000321554	0.00687318
135	0.071756	0.00328549	0.247175	0.302458	0.00270541	0.0315479	0.00803289	0.0136422	0.027162	0.0156413	0.00588662	0.0452835	0.00633794	0.0297067	0.0133355	0.116618	0.0404668	0.0108433	0.000962556	0.00715303
136	0.0155465	0.000663454	0.00285962	0.00275872	0.000723174	0.938412	0.00117495	0.00168462	0.0035527	0.00124535	0.00110747	0.00715403	0.000458816	0.00163754	0.00241209	0.013916	0.0017412	0.00183119	0.000282436	0.000837973
137	0.132637	0.0200221	0.000941777	0.00101688	0.0498738	0.0012326	0.000758507	0.16552	0.00117373	0.0225229	0.0257696	0.001282	0.000967938	0.000986185	0.00131005	0.0598146	0.152315	0.355079	0.00021029	0.00656525
138	0.00725475	0.0015088	0.00224133	0.00461763	0.00150368	0.0055827	0.0442614	0.281231	0.0174149	0.0539693	0.0162798	0.00289143	0.0012349	0.00243131	0.172557	0.00537508	0.0164964	0.360561	0.000769191	0.00181833
139	0.00284656	0.00173719	0.000303057	0.00112378	0.000659626	0.000616419	0.000396128	0.351001	0.0015971	0.0173967	0.00315395	0.000476762	0.000194571	0.00173014	0.000540218	0.000876105	0.00817233	0.606728	0.000126592	0.000323351
140	0.0106561	0.0225424	0.00385423	0.231285	0.00246566	0.403829	0.00412128	0.00532106	0.0377088	0.00590714	0.00411031	0.00685249	0.00195956	0.0245217	0.183082	0.0307109	0.00794197	0.00867672	0.0010096	0.00344419
141	0.0724728	0.00159707	0.0339005	0.255081	0.00075976	0.0100438	0.0128859	0.0191328	0.260944	0.017454	0.00495024	0.0044094	0.00168237	0.0456596	0.0874051	0.0482588	0.10141	0.0207861	0.000313536	0.000853633
142	0.0186965	0.000941511	0.0353803	0.0563609	0.00203092	0.551876	0.0119557	0.00256826	0.0388601	0.00245216	0.00457008	0.147733	0.00062533	0.0110042	0.0450503	0.0534804	0.00281042	0.00278418	0.000800037	0.0100204
143	0.601551	0.0759063	0.000748759	0.00105727	0.000599463	0.0118545	0.000792554	0.00659615	0.00104196	0.00133869	0.000929279	0.00110449	0.000339219	0.00390339	0.00151701	0.23812	0.0444592	0.00720266	0.000227282	0.000710601
144	0.0182675	0.00407148	0.00220873	0.00586331	0.00286933	0.00268415	0.00650396	0.346588	0.0290683	0.0391151	0.00823622	0.00427878	0.00153611	0.00544526	0.0250215	0.00685122	0.0157162	0.472324	0.000905661	0.00244483
145	0.00788928	0.000792908	0.000640367	0.00211029	0.00372547	0.00127755	0.00112885	0.229636	0.00263308	0.617728	0.0109525	0.00309795	0.00178574	0.00144458	0.00675268	0.00221925	0.00399086	0.100816	0.000244746	0.00113414
146	0.347266	0.00229516	0.00826379	0.0384827	0.00115923	0.418578	0.00169605	0.00299718	0.0198882	0.0027343	0.00228877	0.018101	0.00101522	0.00217362	0.00280452	0.117955	0.00665334	0.00331311	0.000715277	0.00162049
147	0.237421	0.00515952	0.0441833	0.306481	0.00228331	0.0103626	0.0155192	0.0340181	0.0381943	0.0118135	0.030677	0.0139797	0.0427844	0.0252724	0.0124173	0.0611147	0.0740203	0.0286665	0.000842326	0.00478963
148	0.0216355	0.000954057	0.0298484	0.0288676	0.000905526	0.628916	0.00558716	0.00198718	0.0290205	0.00190905	0.00321445	0.145207	0.00180892	0.00987978	0.022247	0.0588632	0.00262834	0.00249681	0.000337996	0.00368596
149	0.108834	0.020029	0.00154775	0.00183855	0.0284336	0.00226655	0.00143163	0.0908963	0.00182585	0.0219338	0.0203895	0.00275478	0.001009	0.00164398	0.00216893	0.0473969	0.198527	0.441008	0.000379116	0.00568549
150	0.00695403	0.0259661	0.00183914	0.00345882	0.356902	0.00352606	0.0152693	0.0634565	0.0156915	0.0542878	0.00404361	0.00271693	0.00125531	0.00290053	0.0150273	0.0193228	0.0760009	0.134381	0.000655892	0.196344
151	0.0058737	0.000481166	0.000583651	0.00287386	0.000879043	0.000830116	0.00104401	0.190204	0.00143113	0.72255	0.00829979	0.00360186	0.000365825	0.000726094	0.00270959	0.00173165	0.00271422	0.0524484	0.000197405	0.000454698
152	0.0435597	0.00804023	0.00161596	0.00708143	0.00133516	0.02916	0.00174163	0.00343516	0.0041433	0.00497272	0.0137093	0.0518851	0.00112179	0.00950183	0.00602586	0.505088	0.281243	0.0241223	0.000656479	0.00156082
153	0.221025	0.00218848	0.00308001	0.00447076	0.00208871	0.0995642	0.00330375	0.00539234	0.0969313	0.00465533	0.0375506	0.00390764	0.0663235	0.241842	0.0410252	0.149057	0.00722236	0.00695564	0.0010385	0.0023778
154	0.0519465	0.00725393	0.0124611	0.0219884	0.00667943	0.104636	0.0117981	0.0177095	0.0269793	0.0284136	0.0117634	0.0199261	0.00542446	0.0156325	0.185026	0.270197	0.170462	0.0213903	0.00272708	0.00758601
155	0.0690164	0.0091685	0.00435957	0.010206	0.0239606	0.00706886	0.00632357	0.263941	0.00811428	0.0256101	0.0219832	0.00678295	0.0030942	0.00758315	0.0126362	0.107775	0.169427	0.233127	0.00166638	0.00815663
156	0.00750228	0.00110045	0.0013785	0.00195874	0.000973763	0.00251748	0.017803	0.00241385	0.411599	0.0168903	0.00138097	0.00201804	0.194692	0.0277964	0.272942	0.0115535	0.00296492	0.0134853	0.000431485	0.00859712
157	0.0081017	0.00208242	0.000402797	0.00094414	0.00158125	0.000702966	0.000625898	0.430844	0.00153253	0.0446416	0.00570669	0.000716465	0.000721345	0.00166893	0.00134166	0.00139739	0.00641972	0.489455	0.000441203	0.000672154
158	0.0085807	0.0139756	0.00289806	0.00404365	0.301453	0.00404355	0.00960627	0.124219	0.0109891	0.0581017	0.00541378	0.00328383	0.0014445	0.00398526	0.0100701	0.0140263	0.0402361	0.184927	0.00108105	0.197621
159	0.0067462	0.00173794	0.761399	0.00321343	0.00174089	0.00383034	0.0163741	0.00378618	0.00361186	0.00365839	0.00247394	0.13527	0.00129971	0.00298697	0.00418115	0.00568496	0.00581516	0.00527946	0.000753088	0.0301568
160	0.0887929	0.0234489	0.0019617	0.00366958	0.0129737	0.00651239	0.00342144	0.189471	0.0101994	0.304286	0.0214644	0.0108652	0.00368022	0.00433199	0.0453151	0.0140284	0.0167014	0.229451	0.00272482	0.00670112
161	0.198832	0.0029783	0.0638062	0.374483	0.000579634	0.00760099	0.0181832	0.0204151	0.0489932	0.0116605	0.00815326	0.0176531	0.0253088	0.0310262	0.00930499	0.0469614	0.0690167	0.0408623	0.000256076	0.00392556
162	0.124908	0.00174386	0.0103615	0.0897924	0.00173206	0.0513824	0.00376672	0.00562734	0.041292	0.0449832	0.00293408	0.0652457	0.00185797	0.0274359	0.0312269	0.375474	0.109105	0.00830331	0.000752429	0.00207463
163	0.0361617	0.00128074	0.302328	0.239333	0.000830667	0.172425	0.00378701	0.00945953	0.0289042	0.0112375	0.00232358	0.0829899	0.00222092	0.0305588	0.00719388	0.0425265	0.0188536	0.00364017	0.000432807	0.00351248
164	0.135772	0.00721006	0.0686029	0.385987	0.000619856	0.0060439	0.0183525	0.0119747	0.0685214	0.00963422	0.00412796	0.0190449	0.0217415	0.039442	0.024901	0.0753798	0.0795125	0.0203263	0.000276637	0.00252816
165	0.00374439	0.00364911	0.00105019	0.0288491	0.00711633	0.00183974	0.00108385	0.37218	0.00225285	0.00553276	0.0079976	0.00147267	0.000566821	0.0191755	0.0018247	0.00329075	0.0446268	0.492308	0.000381393	0.00105739
166	0.0050768	0.00102559	0.00161386	0.002222	0.0943957	0.00284617	0.152652	0.0985739	0.00259117	0.0703616	0.0610184	0.00215153	0.0010296	0.00211401	0.0213332	0.132371	0.211706	0.0133044	0.000515754	0.123098
167	0.00961699	0.00194353	0.0208701	0.0291073	0.0370533	0.00800744	0.0211842	0.125401	0.0713636	0.0066138	0.0501525	0.00431336	0.00181102	0.0376538	0.232643	0.00945221	0.0429489	0.10119	0.000912266	0.187763
168	0.166305	0.00262766	0.0154817	0.0270195	0.00168536	0.549788	0.00461594	0.0051326	0.047655	0.00521196	0.00483297	0.0472165	0.00271213	0.00790509	0.0162394	0.0718338	0.0118519	0.00775198	0.000934148	0.00319925
169	0.0255992	0.00189701	0.00356056	0.166128	0.0206138	0.0225606	0.0193745	0.0250259	0.0284157	0.0530011	0.00467683	0.00367894	0.00175207	0.0221767	0.299197	0.058259	0.029976	0.0415814	0.000947389	0.171578
170	0.310627	0.00169056	0.0175333	0.117436	0.00173903	0.00433717	0.00284874	0.00460035	0.0523124	0.00413109	0.00314907	0.00347943	0.252563	0.00349751	0.00404095	0.185783	0.00611734	0.0214892	0.000767341	0.00185767
171	0.0238712	0.0127258	0.027918	0.0067472	0.131704	0.158154	0.0361668	0.00666457	0.00716863	0.00756383	0.00457298	0.138192	0.00262659	0.00559786	0.14106	0.0268078	0.00916635	0.0156091	0.0323796	0.205304
172	0.568728	0.0615339	0.000930246	0.00207165	0.000703888	0.0127555	0.00113134	0.00615352	0.00139213	0.00164638	0.00115922	0.0013216	0.000684581	0.00691286	0.00180083	0.269104	0.0526627	0.00819975	0.000252826	0.000854198
173	0.0167318	0.00311523	0.00525337	0.0156483	0.00681999	0.0148298	0.0317271	0.21871	0.0233142	0.0473234	0.0219745	0.00558665	0.00288696	0.00970897	0.222847	0.0127696	0.023064	0.297734	0.0013473	0.018608
174	0.108307	0.0486036	0.00456308	0.00741731	0.11208	0.0118827	0.00619351	0.107722	0.00913549	0.0786357	0.0663818	0.0064959	0.00441523	0.00592041	0.00945996	0.0575848	0.0832851	0.255412	0.00388124	0.0126219
175	0.00281924	0.00188483	0.000312399	0.00137702	0.000755557	0.000615386	0.00039813	0.34948	0.00159576	0.0167485	0.00322063	0.000486242	0.000188712	0.00203165	0.000554942	0.000931549	0.00913735	0.606984	0.000132663	0.000345984
176	0.0806927	0.000639989	0.0246322	0.0322494	0.00063496	0.0122047	0.000940816	0.00150231	0.00894415	0.00648637	0.000856034	0.00629443	0.757366	0.0186436	0.00665443	0.0261303	0.0120911	0.00200029	0.000288999	0.000747204
177	0.213735	0.0140013	0.00783237	0.0411973	0.0023207	0.194427	0.00317259	0.00620664	0.0182324	0.020992	0.0070444	0.0185412	0.0018	0.0135445	0.0105989	0.383045	0.0283101	0.0115358	0.000898069	0.00256426
178	0.0520768	0.00974838	0.00137644	0.0018623	0.00134054	0.0196846	0.00142285	0.00250903	0.00227938	0.00267241	0.017176	0.0524683	0.000693027	0.010547	0.00259884	0.548586	0.241906	0.0294529	0.000440404	0.0011584
179	0.314061	0.320378	0.0038151	0.00661778	0.00409244	0.0118531	0.00480361	0.017404	0.00704823	0.0182682	0.00449796	0.0048868	0.0835541	0.00545871	0.00723921	0.0585302	0.0575285	0.0646451	0.00178159	0.00353647
180	0.303491	0.160563	0.0054087	0.00623889	0.0096678	0.00989557	0.00543356	0.072817	0.00759699	0.0600609	0.00785373	0.00769558	0.0661207	0.00580317	0.00982963	0.0318953	0.0684556	0.154084	0.00238347	0.00470451
181	0.0235747	0.00303459	0.000601892	0.00109301	0.00738972	0.0013126	0.000669188	0.407249	0.00297577	0.172649	0.0263992	0.00109178	0.00646387	0.00424331	0.00437756	0.00211361	0.00477589	0.326113	0.00154749	0.00232593
182	0.00914634	0.00266857	0.000408389	0.00235362	0.00196334	0.000834629	0.000987043	0.380631	0.00175694	0.0264519	0.00604278	0.000661437	0.000610627	0.00282301	0.00224373	0.00246283	0.0129044	0.544016	0.000326971	0.000705672
183	0.126057	0.00257443	0.00109176	0.00173242	0.00207949	0.00165581	0.0011917	0.400161	0.00253528	0.093441	0.0113764	0.0027513	0.00220562	0.00216571	0.00226204	0.00389148	0.00819761	0.330784	0.00264142	0.00120399
184	0.114959	0.00618886	0.0189426	0.0368363	0.00682532	0.150791	0.0177932	0.0169194	0.138183	0.0245148	0.0126126	0.0197785	0.00793668	0.025828	0.112536	0.0596259	0.189544	0.0253704	0.00416126	0.0106531
185	0.00922693	0.00170283	0.0308425	0.00355526	0.00215905	0.00399642	0.0339551	0.00440837	0.202204	0.00416868	0.00310672	0.0174249	0.00151131	0.250714	0.247909	0.00623366	0.145442	0.00600616	0.000946448	0.0244857
186	0.14212	0.00887488	0.0126376	0.0198753	0.00775989	0.021351	0.0122848	0.0391816	0.0836686	0.148021	0.0126895	0.0147671	0.00607997	0.0165839	0.235293	0.0282596	0.0280096	0.150033	0.00356839	0.00894075
187	0.105657	0.0157779	0.170352	0.229316	0.00158335	0.0178098	0.0107489	0.00974601	0.0980586	0.0128209	0.0045496	0.0713619	0.0200785	0.0288292	0.0412577	0.0858566	0.0601056	0.0117533	0.000730687	0.00360623
188	0.197622	0.00316018	0.0597149	0.393493	0.000650878	0.00960682	0.01664	0.0170612	0.0553209	0.00854946	0.00619871	0.0159677	0.0279135	0.0331104	0.00979889	0.0454826	0.065966	0.0276212	0.000267221	0.00585406
