406	20
1	0.0626604	0.00270061	0.0757787	0.160069	0.0143563	0.0333957	0.0312654	0.0446452	0.019571	0.117759	0.0562612	0.0191591	0.0116003	0.0393187	0.00425474	0.040582	0.0576965	0.175182	0.00175797	0.0319858
2	0.0325011	0.00178342	0.386149	0.343598	0.00134585	0.0160103	0.0204992	0.00464252	0.0189842	0.00404285	0.0120445	0.0318661	0.00829404	0.0477245	0.0146227	0.0174038	0.0197272	0.00758343	0.000662751	0.0105141
3	0.106423	0.0112512	0.0140784	0.0205978	0.0042467	0.022224	0.0167739	0.0469758	0.0138183	0.0513695	0.0134425	0.0814232	0.0171291	0.0147054	0.0172673	0.282506	0.193714	0.0581343	0.00571341	0.00820609
4	0.0255784	0.00608162	0.00214667	0.00395987	0.0381842	0.00475629	0.0185291	0.196562	0.00474575	0.316502	0.159917	0.00246081	0.00627417	0.00681414	0.0116167	0.0106852	0.0220209	0.148761	0.00501984	0.00938402
5	0.0298067	0.00760168	0.000559156	0.000906856	0.0539916	0.00115765	0.00434622	0.139995	0.000894729	0.444974	0.101135	0.000988944	0.00552019	0.00434068	0.00949557	0.00878716	0.0259543	0.152117	0.00240588	0.00502059
6	0.0158409	0.0047593	0.0263345	0.0482873	0.00910495	0.0215599	0.0350697	0.00996923	0.215766	0.0204527	0.0124554	0.0347665	0.00342031	0.103601	0.354175	0.0266701	0.0263035	0.0210097	0.00626504	0.00418937
7	0.0387489	0.0756453	0.0139106	0.00767936	0.103833	0.0338971	0.083511	0.0176803	0.0105492	0.0735459	0.0136351	0.0209246	0.00350559	0.0390765	0.0305218	0.0848513	0.0489975	0.0396818	0.113369	0.146436
8	0.0462261	0.012304	0.0588018	0.104259	0.00959918	0.0303557	0.0739418	0.0177227	0.086878	0.0482152	0.0248601	0.0359628	0.0146089	0.16091	0.143082	0.0526393	0.0353489	0.0256506	0.00647966	0.0121539
9	0.0123296	0.00254903	0.0120764	0.0248341	0.00395391	0.016612	0.0178619	0.0141571	0.236038	0.0221281	0.0127528	0.023551	0.00101301	0.0599449	0.465718	0.019994	0.0313119	0.0135932	0.00410501	0.0054761
10	0.105776	0.00218969	0.00129386	0.00275801	0.0044683	0.0116192	0.00155801	0.16518	0.00167812	0.0537126	0.0209975	0.00194342	0.00136778	0.0021562	0.00210119	0.012022	0.0165497	0.586875	0.00450058	0.0012524
11	0.192756	0.0197123	0.0286802	0.0351238	0.0123576	0.195008	0.0114081	0.012889	0.0161734	0.0199717	0.00305546	0.0413647	0.0242635	0.0143301	0.0296577	0.255063	0.0563883	0.024847	0.00135343	0.00559702
12	0.0403484	0.00886542	0.307224	0.202581	0.00558975	0.0568641	0.0379381	0.0120083	0.0272975	0.0172395	0.0139849	0.072156	0.012403	0.0443998	0.0307146	0.0482775	0.026944	0.0242682	0.00142365	0.00947299
13	0.0304993	0.00747009	0.00197899	0.00119764	0.128593	0.0022096	0.00518005	0.124225	0.000946522	0.416115	0.082327	0.00114938	0.00493817	0.0039133	0.00755932	0.0090118	0.022166	0.134198	0.00325174	0.0130703
14	0.0229433	0.00651297	0.0114689	0.00391524	0.400213	0.0130632	0.0169565	0.0301163	0.00412671	0.308853	0.0340301	0.00337013	0.00277077	0.00476766	0.00496157	0.0124725	0.0104573	0.0366488	0.0102938	0.0620575
15	0.0682053	0.00675784	0.00450649	0.00712287	0.0314823	0.00790668	0.0060363	0.258644	0.00866984	0.165549	0.0712818	0.00577542	0.00667751	0.00715983	0.0111172	0.0274538	0.0394906	0.256296	0.00416972	0.005697
16	0.216379	0.0203598	0.0284833	0.0325405	0.0112181	0.150235	0.0133986	0.0210451	0.0176054	0.0246623	0.0109424	0.0428777	0.0269916	0.0162219	0.0287124	0.214913	0.0717599	0.0427882	0.00279633	0.00607045
17	0.0724219	0.00718575	0.00359467	0.000886161	0.0450896	0.00122119	0.000871544	0.295864	0.000872827	0.15038	0.0515739	0.00285026	0.00283554	0.00244702	0.00113125	0.0129937	0.0413722	0.299829	0.000635812	0.00594371
18	0.28687	0.0232775	0.0168568	0.0210876	0.0197931	0.0649516	0.0122923	0.0335936	0.011938	0.0401918	0.0224481	0.0356504	0.0175901	0.0129874	0.0198915	0.184266	0.111788	0.0567317	0.00277014	0.00502442
19	0.0341754	0.0575092	0.0138178	0.00779697	0.177972	0.0216663	0.0689977	0.032025	0.00928873	0.158528	0.0242629	0.0176577	0.00341463	0.0306572	0.0227582	0.0592989	0.0336623	0.0494058	0.0521443	0.124961
20	0.0346451	0.0101412	0.00533713	0.00382153	0.188436	0.00669478	0.0103086	0.0970763	0.00394073	0.355631	0.0759383	0.00276443	0.00440741	0.00713892	0.00967624	0.0180933	0.0224138	0.109481	0.00689571	0.0271582
21	0.119089	0.0358295	0.0284523	0.0312845	0.0264912	0.0645003	0.0273429	0.030423	0.0220389	0.0497406	0.0205087	0.0476274	0.0325726	0.024078	0.0362859	0.246218	0.086227	0.0482645	0.00913711	0.0138878
22	0.0593665	0.00806839	0.0060484	0.00768479	0.029869	0.0117072	0.00912595	0.280914	0.00910244	0.145931	0.0762767	0.0062252	0.00674561	0.00910909	0.0137292	0.0240764	0.0368595	0.246981	0.00424078	0.00793831
23	0.0865667	0.0240125	0.0351146	0.0350795	0.0128449	0.0405133	0.0328805	0.0391399	0.032315	0.0599979	0.0260937	0.0262023	0.188871	0.043684	0.0466841	0.136238	0.0517808	0.062407	0.00767106	0.0119027
24	0.0364258	0.00863994	0.000798585	0.000742249	0.0543389	0.00113487	0.00349694	0.161523	0.000610909	0.410063	0.0893882	0.001285	0.00503868	0.00398615	0.00775495	0.00901635	0.0266967	0.171828	0.00207974	0.0051529
25	0.0701014	0.0108489	0.0624163	0.166275	0.0170585	0.030255	0.0366112	0.0355125	0.0387924	0.115564	0.0438848	0.023462	0.0167357	0.0732406	0.0424905	0.0542228	0.0456578	0.0946966	0.00793023	0.0142438
26	0.0330475	0.00778956	0.000864416	0.00124509	0.0527788	0.00195546	0.00457702	0.150474	0.00144946	0.428251	0.0958271	0.00153407	0.00568913	0.00489085	0.0106449	0.00947977	0.0260888	0.156028	0.00229754	0.00508793
27	0.0430975	0.0082408	0.00126642	0.000750613	0.0596186	0.00119599	0.00312709	0.176026	0.000699026	0.375867	0.0813395	0.00143836	0.00455507	0.00363449	0.00655471	0.00937598	0.0285504	0.187227	0.00177829	0.00565773
28	0.0333858	0.0605787	0.0150282	0.00751378	0.13639	0.0251771	0.0994388	0.0193093	0.00947491	0.0923417	0.0166798	0.0238046	0.0035388	0.0408548	0.0274654	0.0730092	0.0423087	0.0357656	0.0768195	0.161115
29	0.0441657	0.0169155	0.0122182	0.0080747	0.264579	0.0139381	0.0192668	0.0756363	0.00950991	0.236459	0.0435305	0.00709746	0.00656457	0.00972415	0.0169271	0.0348035	0.0279287	0.0862595	0.0160639	0.050337
30	0.0760172	0.00374859	0.00199621	0.0013207	0.0192363	0.00505108	0.00111704	0.26474	0.00118292	0.0947046	0.027788	0.00169884	0.00218841	0.00196581	0.00139147	0.0100755	0.0264804	0.454306	0.00256001	0.00243032
31	0.100474	0.00434931	0.0173181	0.0118505	0.0040366	0.0318226	0.0387979	0.0306603	0.0382315	0.052372	0.0229025	0.0663969	0.0158985	0.0484658	0.0296885	0.216535	0.195108	0.0471613	0.00774786	0.0201833
32	0.057469	0.00837658	0.204723	0.201495	0.00623215	0.0496265	0.0372228	0.0138094	0.0306596	0.0316007	0.0126213	0.0404519	0.058723	0.0582552	0.0317844	0.0738024	0.0344185	0.0367541	0.00198016	0.0099947
33	0.0227474	0.0158994	0.0126519	0.00411727	0.356873	0.0133669	0.028555	0.0291287	0.00471392	0.254832	0.0307496	0.00592474	0.00266036	0.00935483	0.00822037	0.0217465	0.0149266	0.0428023	0.0205771	0.100152
34	0.0110232	0.0020216	0.0118016	0.0275293	0.0027215	0.0177739	0.0169732	0.00909458	0.247008	0.0144885	0.00665833	0.0263007	0.00066858	0.0614933	0.475368	0.0199535	0.0299782	0.012255	0.00384995	0.00303902
35	0.0361638	0.0757109	0.0141177	0.00881601	0.096238	0.0429203	0.0743579	0.0261201	0.018222	0.0884519	0.0200908	0.0205247	0.00499995	0.0408452	0.0570369	0.0706817	0.0438767	0.0414825	0.106833	0.11251
36	0.0889592	0.00249221	0.00132179	0.00131588	0.0087933	0.00827751	0.00117116	0.199931	0.00137207	0.0703004	0.0200371	0.00172962	0.0012364	0.00185609	0.00168492	0.0084898	0.0175864	0.557763	0.00427146	0.00141117
37	0.0375716	0.00830405	0.000920653	0.000762893	0.0562131	0.00109017	0.00333932	0.163471	0.000619874	0.406484	0.086247	0.00128699	0.00501616	0.0039621	0.00747424	0.00895362	0.0267224	0.174306	0.00201687	0.00523772
38	0.0565535	0.00899376	0.00206055	0.000716202	0.0519513	0.00111918	0.00208965	0.220565	0.000641747	0.285139	0.0700845	0.00219408	0.00340146	0.00302027	0.00423657	0.0107794	0.0332993	0.236335	0.00116376	0.00565573
39	0.0356044	0.00498078	0.0550047	0.184182	0.00550638	0.00903318	0.070936	0.00845116	0.0630809	0.072364	0.0334761	0.0143522	0.0126456	0.273848	0.0729381	0.0221868	0.0234489	0.0158678	0.0166149	0.00547776
40	0.0267196	0.00753386	0.00746763	0.00316821	0.290004	0.00819159	0.0128821	0.0658975	0.00323044	0.347636	0.0536326	0.00254682	0.00369666	0.00478202	0.00634563	0.0140048	0.016318	0.0751335	0.00782348	0.042985
41	0.138971	0.0405667	0.0474861	0.0531724	0.0181428	0.235239	0.0128263	0.0195024	0.0280812	0.0168045	0.00372706	0.0359696	0.0183689	0.0209189	0.0351746	0.176035	0.051111	0.0402785	0.00117816	0.00644602
42	0.440853	0.0110176	0.00450471	0.00757792	0.00675201	0.0136779	0.00936495	0.0320537	0.00711558	0.0474678	0.0272065	0.0215995	0.00490564	0.00686411	0.00813707	0.0952468	0.182453	0.0669942	0.00311171	0.00309636
43	0.0406563	0.0159303	0.0127732	0.00794324	0.28163	0.0155707	0.0224483	0.0625022	0.00720465	0.252719	0.0429906	0.00809789	0.00529609	0.0100279	0.0100695	0.0393895	0.0252309	0.071477	0.0147429	0.0533004
44	0.125725	0.00909803	0.00415578	0.0113353	0.0260065	0.0133235	0.00497557	0.229469	0.00840892	0.123249	0.0581638	0.0080224	0.00511798	0.00790125	0.00946596	0.0373697	0.0518908	0.257884	0.00309719	0.00533914
45	0.0877165	0.00411859	0.00196339	0.00241486	0.0201194	0.00736435	0.00145769	0.219149	0.00180749	0.108761	0.0334211	0.00212235	0.00203373	0.00263797	0.00222404	0.0119067	0.0245449	0.460073	0.00315653	0.00300692
46	0.071013	0.00822601	0.00275127	0.00963659	0.0477808	0.0060853	0.00711674	0.130212	0.00709086	0.357953	0.0963763	0.0036227	0.00581155	0.0086851	0.014685	0.0220144	0.0324911	0.159145	0.00332548	0.00597786
47	0.11764	0.0545895	0.0527421	0.0510673	0.0198987	0.20717	0.0205259	0.0199526	0.0349248	0.0238835	0.0083171	0.038819	0.0210986	0.0257059	0.0411228	0.150878	0.0523035	0.0433866	0.00606906	0.00990625
48	0.135206	0.0270448	0.04762	0.04663	0.0150468	0.179363	0.0212675	0.0163322	0.0259137	0.0253506	0.00728579	0.0469837	0.0251297	0.0241163	0.038709	0.200818	0.0655725	0.041213	0.00245416	0.00794296
49	0.123953	0.00751735	0.00157724	0.0151753	0.0356446	0.0155053	0.00448812	0.113826	0.00597074	0.265144	0.109656	0.0026877	0.00634497	0.00653226	0.0100069	0.0511041	0.0349117	0.182284	0.00224065	0.0054299
50	0.089478	0.0139701	0.0130222	0.0145273	0.0105493	0.0274846	0.016091	0.0785128	0.0148236	0.0391921	0.027013	0.0453278	0.0189389	0.0148091	0.0206265	0.224384	0.224584	0.0920765	0.00654842	0.00804114
51	0.0307705	0.0335892	0.0406637	0.0300353	0.0425853	0.0241232	0.182626	0.0161548	0.0414935	0.0469879	0.0153763	0.0607617	0.0117496	0.0790861	0.10476	0.0701131	0.0348177	0.0233475	0.0208313	0.0901278
52	0.0242157	0.00656968	0.0107206	0.00368652	0.387463	0.0121599	0.0170135	0.0333047	0.00388263	0.316183	0.0366884	0.00323427	0.00268233	0.00453284	0.00495215	0.0134524	0.0109568	0.0398372	0.00977427	0.0586899
53	0.0601343	0.00773519	0.00225179	0.000708797	0.0514278	0.00120947	0.00186319	0.234223	0.000709525	0.267319	0.0652272	0.00215294	0.0037955	0.00311166	0.00362119	0.011455	0.035583	0.240612	0.00109043	0.00576872
54	0.20909	0.00389756	0.00950145	0.00856391	0.00355078	0.0212563	0.0252804	0.0174614	0.0170542	0.0332854	0.0407391	0.145313	0.00937778	0.0119381	0.0144195	0.195745	0.196714	0.0273803	0.00330171	0.00612957
55	0.200265	0.00464882	0.00112488	0.0253187	0.0147006	0.0307525	0.00375675	0.114961	0.00587718	0.107311	0.0869694	0.00116855	0.00581114	0.00491495	0.00805632	0.0625098	0.0391177	0.276477	0.00132196	0.00493713
56	0.0222946	0.0073894	0.00971132	0.0029493	0.329456	0.00988135	0.013822	0.0489745	0.0032231	0.335538	0.0472472	0.00289626	0.00281131	0.00443749	0.00555193	0.0108262	0.012307	0.0605162	0.0117943	0.0583726
57	0.244544	0.00578663	0.00623896	0.00611551	0.0048171	0.012693	0.0152952	0.023101	0.0227694	0.028916	0.067415	0.0772736	0.00476387	0.0106197	0.0105179	0.145228	0.274049	0.0328436	0.00293665	0.00407648
58	0.0427074	0.0444051	0.0166006	0.00973579	0.110821	0.0203591	0.11451	0.0212837	0.011318	0.073964	0.027427	0.0298958	0.00502873	0.0405652	0.0251422	0.0905478	0.0529933	0.0430023	0.0485999	0.171094
59	0.118423	0.00455236	0.0154121	0.00890795	0.00531127	0.0481177	0.0523865	0.0243997	0.036413	0.0734735	0.0258835	0.0525382	0.0337962	0.0409517	0.0544296	0.165343	0.152666	0.0534866	0.0236774	0.00982981
60	0.0618687	0.00756408	0.00248009	0.000938028	0.0479067	0.00162695	0.00153857	0.24079	0.000691728	0.241765	0.0620345	0.00209261	0.00382342	0.00280189	0.00322571	0.012265	0.0347595	0.265379	0.0011561	0.00529251
61	0.077426	0.00567554	0.0128135	0.0438754	0.0341902	0.00669751	0.0192124	0.110537	0.0612328	0.102907	0.136841	0.0231779	0.00634812	0.0161795	0.0440808	0.0274713	0.0781284	0.172895	0.0165951	0.00371614
62	0.0309223	0.00762068	0.00100627	0.00226082	0.0534155	0.00125208	0.00480926	0.138925	0.00261634	0.434967	0.102442	0.0018052	0.00545143	0.00436221	0.0110022	0.00884436	0.0275824	0.152587	0.00322019	0.00490803
63	0.197991	0.00703249	0.00983185	0.012759	0.00851233	0.0370721	0.0202838	0.0687564	0.0138159	0.0583352	0.0300127	0.0359932	0.016352	0.0172859	0.021322	0.15358	0.149846	0.101553	0.0198956	0.0197696
64	0.030847	0.00797623	0.00067229	0.000925058	0.0567107	0.00135076	0.00419112	0.133383	0.000696619	0.452488	0.0982426	0.00113662	0.00649726	0.00509305	0.00890841	0.0115563	0.0244039	0.147165	0.00236792	0.00538926
65	0.0885648	0.0104	0.00552304	0.00687929	0.0278547	0.00948762	0.00708548	0.218413	0.0111092	0.119095	0.0620519	0.0107326	0.0070451	0.00863793	0.0135278	0.0466618	0.139191	0.197428	0.00343037	0.006881
66	0.0819698	0.0057193	0.00250233	0.00143781	0.0280792	0.00537154	0.000913436	0.237021	0.000954102	0.103489	0.0439634	0.00216533	0.001837	0.0021705	0.00113761	0.0156733	0.0375595	0.422578	0.00169046	0.00376794
67	0.149765	0.117131	0.00387249	0.0120006	0.136385	0.00506628	0.00511791	0.0380382	0.00512143	0.0921059	0.0242387	0.00870183	0.00412416	0.0044423	0.00549439	0.29509	0.058689	0.0298722	0.00184754	0.00289627
68	0.0428472	0.0101518	0.0404954	0.0529887	0.0122522	0.0291571	0.0417937	0.0282246	0.16373	0.0403385	0.0271129	0.0381465	0.0121142	0.0751143	0.240792	0.0500742	0.0441734	0.0345949	0.00646494	0.00943286
69	0.0767424	0.00757838	0.00355423	0.0011539	0.047	0.00162201	0.000963043	0.282116	0.000903851	0.153045	0.0539958	0.00302218	0.00260074	0.00252137	0.00124953	0.0142296	0.0425044	0.298295	0.000577749	0.00632488
70	0.133582	0.10406	0.00366481	0.0121888	0.126461	0.00533085	0.00482498	0.0392084	0.00553847	0.14493	0.0346954	0.00835446	0.00512085	0.00595987	0.0065189	0.258029	0.0513934	0.0445618	0.00207919	0.00349836
71	0.176767	0.0428801	0.0349914	0.0423295	0.0183115	0.150418	0.0161848	0.0196495	0.0286653	0.0284692	0.0120907	0.0353851	0.0230068	0.0208902	0.0350561	0.157721	0.0946479	0.0497108	0.0039344	0.00889063
72	0.259742	0.0130492	0.020149	0.0301798	0.0112933	0.0766115	0.0105657	0.0663023	0.0152689	0.0580116	0.0391706	0.0183155	0.0106431	0.0131219	0.0185648	0.0910449	0.0697272	0.170154	0.0023878	0.00569717
73	0.0553506	0.00811621	0.00166056	0.000834731	0.054059	0.00131342	0.00237122	0.20335	0.000701429	0.321888	0.0706972	0.00184016	0.0041096	0.0033671	0.00494393	0.0105835	0.0320858	0.216052	0.00138875	0.00528723
74	0.153743	0.00804396	0.00478165	0.00949177	0.0162893	0.0146725	0.00416748	0.151812	0.00608621	0.0823398	0.0397722	0.00569154	0.00415941	0.00448795	0.00551156	0.0369442	0.0462878	0.398775	0.00322403	0.00371803
75	0.225421	0.0175818	0.0149541	0.0180043	0.013078	0.0537634	0.0153695	0.0335017	0.0142014	0.0380013	0.0198807	0.0475397	0.0158625	0.0140126	0.0200639	0.21676	0.156896	0.0548239	0.00409062	0.00619325
76	0.125814	0.125666	0.00431125	0.0116172	0.14534	0.00514772	0.00714064	0.0349431	0.00592351	0.0969398	0.0296485	0.00935212	0.00488869	0.00513304	0.00573107	0.281813	0.0597961	0.0312415	0.00274318	0.00680995
77	0.169795	0.00485794	0.0015701	0.0182746	0.0194295	0.0232172	0.0032703	0.147959	0.00446289	0.154619	0.0739232	0.0017113	0.00503357	0.00464531	0.00720374	0.0479516	0.0354275	0.269955	0.0017283	0.0049642
78	0.231921	0.00987282	0.00715448	0.0119512	0.016127	0.0188588	0.0106163	0.107748	0.0119527	0.074723	0.0458205	0.0236848	0.00895011	0.0107747	0.0135403	0.0878101	0.170118	0.127404	0.00499744	0.00597457
79	0.479736	0.00814962	0.00379038	0.00613545	0.00363576	0.0170913	0.00701542	0.0382272	0.00496281	0.0297126	0.0240131	0.0197963	0.00357867	0.00425413	0.00577102	0.088089	0.173644	0.0778865	0.00188156	0.00262905
80	0.0488363	0.00808304	0.00161566	0.000694495	0.0546472	0.00114199	0.00275942	0.196778	0.000714887	0.340541	0.0745563	0.00175854	0.00417376	0.00352669	0.00565725	0.00957966	0.0296716	0.208534	0.00142538	0.00530448
81	0.111723	0.00548514	0.0143605	0.00778055	0.00536671	0.0284429	0.0239039	0.0269249	0.0387705	0.0501807	0.0477853	0.0579845	0.00948584	0.0276834	0.0248902	0.216329	0.249514	0.0379273	0.00708963	0.00837219
82	0.0319212	0.00965525	0.00507036	0.00342386	0.153091	0.00652017	0.0101691	0.10427	0.00379981	0.389235	0.0725011	0.00363488	0.00535363	0.00635047	0.00991519	0.0158872	0.0238762	0.115821	0.00688388	0.0226204
83	0.0436289	0.00760346	0.0018371	0.00264488	0.0501718	0.00276373	0.00346948	0.179792	0.00138782	0.356318	0.0866547	0.0016829	0.0108563	0.00425104	0.00699176	0.0155349	0.0290126	0.188591	0.00187778	0.00493036
84	0.115448	0.00567846	0.0129289	0.0111979	0.00682972	0.030972	0.0476557	0.0447697	0.0270284	0.0497742	0.0220725	0.0585086	0.0446516	0.0424959	0.0493812	0.133448	0.186313	0.0668451	0.0312175	0.0127834
85	0.0397824	0.00954281	0.00125331	0.00136504	0.0588006	0.00132621	0.00331924	0.165083	0.00166344	0.391376	0.084658	0.00182519	0.00464007	0.0041732	0.00759644	0.0097305	0.0277882	0.178206	0.00228655	0.00558266
86	0.0365928	0.0085508	0.00704763	0.00256827	0.255808	0.00724701	0.00969661	0.123466	0.00292749	0.282478	0.0441431	0.00270778	0.00338639	0.0046279	0.00525098	0.0133569	0.0211041	0.124984	0.0062344	0.0378215
87	0.0909421	0.021979	0.035471	0.0351672	0.01469	0.0437077	0.0318812	0.0424138	0.0319421	0.0591248	0.02505	0.0256099	0.180451	0.037987	0.0469692	0.136279	0.0562245	0.0672183	0.00555806	0.0113339
88	0.0339048	0.0039666	0.0504314	0.112113	0.00978605	0.00728545	0.0545198	0.0234338	0.0998882	0.0759903	0.0771559	0.0135958	0.00868435	0.202308	0.128445	0.0208211	0.0372461	0.0276864	0.00862432	0.00411303
89	0.0360399	0.00768276	0.00138141	0.00221161	0.049225	0.00205728	0.00465556	0.163655	0.00131514	0.391439	0.102733	0.00142757	0.00552986	0.0045418	0.00823276	0.0100199	0.0267498	0.173413	0.00251069	0.0051782
90	0.041508	0.00812167	0.00216725	0.00268311	0.0553101	0.00354233	0.00528366	0.160832	0.00342239	0.38139	0.0887964	0.00245523	0.00555829	0.00609521	0.0124827	0.0133345	0.0288049	0.169438	0.00246926	0.006305
91	0.0263199	0.0197366	0.0879442	0.0500573	0.00339092	0.0417738	0.134909	0.00475124	0.103894	0.0187071	0.00633945	0.112292	0.0125731	0.0790047	0.162139	0.0851497	0.0235974	0.00651121	0.0014557	0.0194534
92	0.0916729	0.00214576	0.00137592	0.00148219	0.00594072	0.00872888	0.00125842	0.197725	0.00144983	0.0606357	0.0169887	0.00172048	0.00146472	0.00183591	0.00176042	0.00791319	0.0153847	0.573997	0.00531733	0.00120196
93	0.058306	0.0114397	0.0233227	0.0701751	0.0478408	0.0163208	0.0273612	0.0683883	0.0994495	0.0882913	0.0984055	0.0239879	0.0105481	0.0561578	0.0740769	0.0397786	0.0574905	0.109739	0.0121488	0.00677194
94	0.100518	0.00519	0.0170733	0.0262607	0.0178876	0.0134286	0.0187563	0.0611076	0.0654825	0.111228	0.0785475	0.0444946	0.0108747	0.0287726	0.0539573	0.0605954	0.106583	0.163038	0.0114029	0.00480261
95	0.0265364	0.00865228	0.0257573	0.0361232	0.012166	0.0245228	0.0481854	0.0212194	0.166793	0.0391353	0.0198673	0.0327115	0.0072175	0.0685382	0.351361	0.038385	0.0345778	0.0223573	0.00620375	0.00968948
96	0.0827109	0.00994727	0.0884292	0.171496	0.0129505	0.0383933	0.0260194	0.0462268	0.0313065	0.0803929	0.0465183	0.0235482	0.0148089	0.0439507	0.0298675	0.0548311	0.0499221	0.132549	0.00406756	0.0120638
97	0.138174	0.0183451	0.0473238	0.0426949	0.0217372	0.145108	0.026006	0.0107855	0.0166455	0.0632971	0.0070709	0.0465891	0.0368283	0.0222863	0.0349993	0.214558	0.0611052	0.0343801	0.00326511	0.00880156
98	0.0213365	0.00717896	0.0130728	0.0038682	0.394124	0.0120325	0.0175233	0.0307169	0.00431341	0.294985	0.0358052	0.00346649	0.00267819	0.00484037	0.00515498	0.0125191	0.010326	0.0388749	0.0111242	0.0760599
99	0.0455693	0.0110302	0.00436101	0.00715043	0.0661625	0.00510547	0.00766285	0.120873	0.00615775	0.403833	0.0824844	0.00410617	0.00625725	0.0111732	0.0147128	0.0188999	0.0301069	0.139008	0.00510082	0.0102461
100	0.0165551	0.0105321	0.0119171	0.0274185	0.0120762	0.0151193	0.0151235	0.0224687	0.187056	0.0220388	0.0289345	0.0311739	0.00709156	0.0506164	0.427612	0.0278886	0.0324431	0.035653	0.0152213	0.0030606
101	0.0651199	0.00992449	0.0737695	0.0259672	0.00966823	0.0495911	0.0534937	0.035189	0.178192	0.0792424	0.0127343	0.0758058	0.0098098	0.0868132	0.0934408	0.0279142	0.0816595	0.0221361	0.00370197	0.00582646
102	0.0141442	0.00444973	0.0187314	0.0334657	0.00403413	0.0202898	0.0356709	0.00922066	0.230052	0.0162953	0.00874378	0.0343059	0.00283117	0.0743197	0.418022	0.0246095	0.0286423	0.0129976	0.0041213	0.00505296
103	0.520233	0.00692352	0.00178351	0.00295434	0.00137237	0.00728877	0.00591764	0.0319746	0.00217869	0.0274733	0.0248409	0.0193134	0.00124445	0.00239873	0.0025716	0.0641597	0.202635	0.0719956	0.001188	0.0015525
104	0.0475188	0.0109252	0.0978154	0.0660169	0.00549091	0.0163295	0.113082	0.0109694	0.0907447	0.0457049	0.0335873	0.0315397	0.01032	0.0913797	0.205675	0.051514	0.0217703	0.0148328	0.0226557	0.0121281
105	0.038819	0.00207922	0.0927699	0.298252	0.00346651	0.00676315	0.0495935	0.00681086	0.0609936	0.0372659	0.0275418	0.0126874	0.00922093	0.227194	0.0701089	0.0138986	0.0248188	0.00957013	0.00569109	0.00245442
106	0.0433832	0.0131423	0.00706676	0.0132088	0.0626558	0.0088743	0.0158764	0.117179	0.010846	0.36603	0.0778887	0.00644825	0.00772359	0.017043	0.0229127	0.0220579	0.0299922	0.134475	0.0076133	0.0155841
107	0.0358115	0.00824125	0.351528	0.123443	0.00253211	0.109288	0.0526092	0.00608974	0.0144124	0.00977599	0.010455	0.12077	0.00359326	0.0237187	0.029134	0.0446833	0.022838	0.0255633	0.000864563	0.00464851
108	0.0139264	0.00455153	0.0164952	0.04483	0.00769296	0.0165172	0.0225173	0.0142936	0.215504	0.0248832	0.0167091	0.0241532	0.00231292	0.101446	0.378371	0.0221755	0.02725	0.0314497	0.0117838	0.00313754
109	0.0346332	0.00381443	0.320821	0.346985	0.0018511	0.0196915	0.0219685	0.00606588	0.0303936	0.00758457	0.0123864	0.0375649	0.00727116	0.0630125	0.0212294	0.0229894	0.0229214	0.00938475	0.00101942	0.00841122
110	0.0657488	0.00668784	0.00213214	0.0040687	0.0383694	0.00573105	0.00385474	0.174891	0.00233087	0.262756	0.0796448	0.00191804	0.00443173	0.00403917	0.00622667	0.015666	0.0298946	0.284604	0.00233251	0.00467269
111	0.123664	0.0311857	0.087077	0.0725132	0.0154987	0.214646	0.0170911	0.0132848	0.0270932	0.0192689	0.00611613	0.0409531	0.0205095	0.0246937	0.0345445	0.142773	0.0469164	0.0547662	0.000756015	0.0066487
112	0.0659183	0.00596883	0.00591534	0.0086394	0.008597	0.018123	0.030063	0.182025	0.0378739	0.30072	0.0903992	0.0238654	0.00444561	0.0162423	0.108145	0.0158668	0.0450581	0.0241902	0.00311214	0.00483151
113	0.0220808	0.00396639	0.00429147	0.00352262	0.00774301	0.0103741	0.0106021	0.394129	0.00343447	0.070661	0.214958	0.0031637	0.00663957	0.00475676	0.00406196	0.0119258	0.0235019	0.18652	0.00883691	0.0048311
114	0.0308739	0.00906283	0.0121468	0.0157328	0.0195411	0.0107229	0.0300218	0.0791311	0.12843	0.118926	0.0914119	0.0102143	0.00400287	0.0628256	0.265346	0.0208656	0.043218	0.035782	0.0057248	0.00601916
115	0.0175589	0.00453636	0.0183312	0.0209204	0.0113273	0.0118979	0.0255716	0.0425271	0.188954	0.0536131	0.056168	0.0142357	0.00183828	0.075225	0.36691	0.0189969	0.0424071	0.0198571	0.00479865	0.00432511
116	0.0125696	0.00263271	0.0169624	0.0352038	0.00349219	0.0198728	0.0201447	0.00799382	0.250333	0.014126	0.00647072	0.0294432	0.00120938	0.0714795	0.436494	0.0208358	0.0287678	0.0145815	0.00455611	0.00283085
117	0.0626533	0.0103848	0.090947	0.335867	0.00566027	0.0146465	0.0273307	0.0143866	0.0637922	0.0321875	0.0194215	0.0115166	0.00824078	0.123053	0.0293031	0.0311787	0.0635687	0.045654	0.00388396	0.00632328
118	0.0431962	0.00581005	0.141318	0.306077	0.00484765	0.0159611	0.043593	0.0102517	0.0479171	0.0319595	0.0209653	0.0235825	0.00958907	0.150851	0.0509271	0.0290508	0.0312367	0.0195252	0.00456619	0.00877444
119	0.523008	0.00698666	0.001704	0.00287508	0.00137396	0.0071779	0.00585606	0.0317196	0.00210058	0.0274831	0.0249042	0.0184554	0.00121731	0.00239661	0.00245796	0.0627037	0.202794	0.0720469	0.00120358	0.00153466
120	0.152072	0.031154	0.0370465	0.0453085	0.0130495	0.173265	0.013739	0.0204462	0.0183163	0.0361593	0.01006	0.0351127	0.027115	0.0186853	0.0284685	0.1914	0.0684616	0.0639842	0.00263384	0.0135219
121	0.0619851	0.00958653	0.00984138	0.0151118	0.0313104	0.010873	0.0173449	0.0347675	0.068152	0.0860804	0.0962704	0.0153325	0.00688596	0.0600377	0.0621255	0.0874042	0.121026	0.0923084	0.106696	0.00686037
122	0.0272772	0.0323005	0.0421965	0.0308726	0.0127143	0.0218983	0.219913	0.00681883	0.0570341	0.0277382	0.0101603	0.068826	0.0135279	0.0984675	0.17257	0.0615259	0.0188107	0.0113697	0.00761296	0.0583656
123	0.141701	0.00537256	0.00466513	0.0166998	0.0193607	0.0134953	0.00536815	0.142061	0.0108174	0.119015	0.0706208	0.00726548	0.00606214	0.00810029	0.0114245	0.0342351	0.0455611	0.330285	0.00365299	0.00423683
124	0.0291138	0.0205613	0.0483984	0.0369693	0.0030624	0.0242805	0.228089	0.00417812	0.0653562	0.0222634	0.00905314	0.0722685	0.0234974	0.105714	0.188154	0.0616441	0.0156418	0.00642929	0.00170092	0.0336243
125	0.15151	0.00978826	0.0372762	0.0880792	0.0167863	0.0256799	0.0234423	0.0680257	0.029766	0.0873739	0.097466	0.0168223	0.00847988	0.0352454	0.0359096	0.0611652	0.0570509	0.134895	0.00592827	0.00930955
126	0.0375439	0.00808469	0.0014254	0.00102394	0.0665068	0.0016467	0.00365879	0.161456	0.00109774	0.395159	0.0852466	0.00136874	0.00525	0.00424645	0.00788395	0.0099307	0.0267279	0.172282	0.00243451	0.00702641
127	0.438498	0.00847469	0.00545473	0.00720639	0.00373275	0.0183651	0.00884926	0.0369818	0.00685357	0.0320249	0.0277174	0.0239669	0.00444126	0.00570481	0.00746502	0.0788751	0.206645	0.072692	0.00273405	0.00331679
128	0.0287459	0.0210705	0.0512577	0.0393683	0.00270462	0.0256517	0.228752	0.00290808	0.0717536	0.0206729	0.00795467	0.0748796	0.0157789	0.110028	0.182944	0.0613414	0.0150677	0.00471541	0.00124784	0.0331577
129	0.0253514	0.0126084	0.0429205	0.0523095	0.00483863	0.0333039	0.118517	0.00713852	0.14995	0.0214424	0.00818908	0.053708	0.00948123	0.0936033	0.268875	0.0457934	0.0220938	0.010977	0.00306556	0.0158346
130	0.0751578	0.00399607	0.00230202	0.00217769	0.0216131	0.0050552	0.00134199	0.307351	0.00142193	0.100942	0.0314521	0.00211695	0.00300525	0.00218906	0.00192027	0.0112336	0.026627	0.394747	0.0024254	0.00292455
131	0.0324795	0.00906473	0.0207588	0.03035	0.00708062	0.0253425	0.0514622	0.0244479	0.166664	0.0337209	0.0200562	0.0348312	0.00836339	0.0622621	0.361532	0.0384573	0.0346231	0.0242252	0.00507171	0.00920597
132	0.105335	0.0402187	0.0721557	0.0572217	0.0203412	0.174521	0.0264772	0.0124681	0.065899	0.016742	0.00437681	0.055915	0.0142428	0.0328399	0.0689936	0.134558	0.0510469	0.0382992	0.00116734	0.00718139
133	0.0303319	0.0149333	0.0784282	0.0629409	0.00383208	0.0306301	0.191475	0.00439377	0.0673855	0.030597	0.0105076	0.0712476	0.0156731	0.131798	0.147649	0.0541232	0.017677	0.00886694	0.00243061	0.0250786
134	0.116435	0.00844363	0.0107542	0.0144654	0.0103848	0.0123222	0.016654	0.0338435	0.0715053	0.0365844	0.124421	0.0872917	0.00689586	0.0170163	0.0236142	0.0848724	0.271012	0.0408155	0.00629305	0.00637565
135	0.0725014	0.00313861	0.00169065	0.00140311	0.0143686	0.00565587	0.00118348	0.281729	0.00130231	0.0821533	0.0237605	0.00170363	0.00231745	0.00196569	0.0016611	0.00865428	0.0211452	0.46836	0.00323627	0.00206956
136	0.0389357	0.0101832	0.00410666	0.00559499	0.0592587	0.00588298	0.0104055	0.134873	0.00733363	0.38458	0.0859467	0.00513283	0.00665899	0.0116803	0.0172508	0.0203784	0.0304376	0.147564	0.00406389	0.00973202
137	0.0263789	0.0204241	0.0483386	0.0358808	0.00222578	0.0226253	0.238896	0.00288017	0.0653625	0.0197133	0.00888828	0.0769892	0.0164741	0.103946	0.190601	0.0635567	0.0131445	0.00424567	0.00126358	0.0381652
138	0.282245	0.0104769	0.00514457	0.00892024	0.0101646	0.0149227	0.00914662	0.081629	0.0103799	0.0390598	0.0362761	0.0240896	0.00770909	0.00848295	0.0109711	0.108829	0.2386	0.0845124	0.00367018	0.00477149
139	0.42487	0.00768645	0.00499241	0.00718589	0.00375672	0.0128802	0.00944397	0.0372887	0.00792665	0.0321181	0.029189	0.0267166	0.00493278	0.00659914	0.00728469	0.0827146	0.21867	0.0700359	0.00244769	0.00325997
140	0.0394332	0.00720368	0.00103678	0.00246659	0.0484965	0.00272782	0.00493194	0.155861	0.00225427	0.399146	0.108624	0.0015134	0.00545286	0.00444265	0.0100318	0.0117862	0.0267525	0.160449	0.00250788	0.00488235
141	0.0732466	0.00748361	0.00347752	0.000972977	0.0472737	0.00120891	0.000913023	0.285809	0.000912099	0.155682	0.0503903	0.00295231	0.00260564	0.00246135	0.00117532	0.013173	0.0419253	0.301642	0.00064617	0.00604964
142	0.0374243	0.0037967	0.0852528	0.253695	0.00290937	0.00792588	0.0732979	0.00700469	0.0608257	0.042995	0.0271913	0.0165579	0.0116074	0.229171	0.0726427	0.0204471	0.0243212	0.0107088	0.00669224	0.00553261
143	0.0397916	0.0105418	0.0110176	0.0239966	0.0363791	0.00658129	0.0260876	0.081636	0.0275675	0.354731	0.0919017	0.00957059	0.00702164	0.0576105	0.045976	0.0259079	0.031624	0.0976225	0.00585121	0.00858408
144	0.21485	0.0164321	0.019246	0.0264886	0.0109715	0.146069	0.0110346	0.015224	0.0132681	0.0197188	0.00400849	0.0489544	0.0309004	0.0133188	0.0345962	0.288363	0.0612931	0.0184815	0.00195053	0.00483097
145	0.0329823	0.0160278	0.0564659	0.0506381	0.00394579	0.0355301	0.171717	0.00437768	0.115331	0.0235354	0.00667204	0.0699595	0.0135816	0.113402	0.182082	0.0527593	0.0201217	0.00740395	0.00163819	0.0218284
146	0.520946	0.0069377	0.00168685	0.00289152	0.00145028	0.00714174	0.00585662	0.0319754	0.00214026	0.0275388	0.0250749	0.0183201	0.0012379	0.00237492	0.00244596	0.0628016	0.204596	0.0718464	0.00116963	0.00156724
147	0.0486132	0.00954436	0.00627721	0.0102903	0.0660532	0.00722554	0.00923091	0.122753	0.0108698	0.371768	0.083819	0.00537868	0.00596099	0.0122678	0.0204618	0.0219184	0.0318803	0.141202	0.00427913	0.0102062
148	0.128739	0.0416396	0.0574019	0.0639197	0.0200364	0.224587	0.0140099	0.0132033	0.0386749	0.0136301	0.00300512	0.0388227	0.0156492	0.025462	0.0407381	0.157304	0.0506406	0.0460169	0.000535768	0.00598343
149	0.0423497	0.0102975	0.00507086	0.0061314	0.0654119	0.00629145	0.00955064	0.124613	0.00887236	0.39517	0.0833523	0.00490448	0.00643497	0.0117025	0.020353	0.0177245	0.0292926	0.138192	0.00459102	0.00969364
150	0.0346043	0.0158404	0.0600361	0.0653407	0.00281471	0.0262992	0.190931	0.00351791	0.0796902	0.0259226	0.00919353	0.0657118	0.0156143	0.14121	0.154178	0.0571418	0.0185188	0.00614185	0.00177884	0.0255136
151	0.0603078	0.0293511	0.137551	0.0629854	0.00633814	0.101627	0.0342142	0.00764012	0.0482374	0.0153356	0.00528413	0.169996	0.0156666	0.0215586	0.0335124	0.170738	0.0469315	0.018053	0.000744068	0.0139278
152	0.14697	0.0927659	0.0218279	0.0268369	0.0617477	0.0595417	0.0147226	0.0294555	0.0145494	0.0588925	0.0175057	0.026574	0.0271099	0.015673	0.0221776	0.246312	0.0658389	0.0379614	0.00568193	0.00785466
153	0.520784	0.00761374	0.00191095	0.00310768	0.00139074	0.00720403	0.0060015	0.0313336	0.00253551	0.0275084	0.0257269	0.0192276	0.0012555	0.00260338	0.00262501	0.0626136	0.20131	0.0723467	0.00130095	0.00159953
154	0.0572434	0.00417607	0.00224811	0.00115297	0.023882	0.00316314	0.00153323	0.338785	0.00109723	0.110675	0.0332256	0.00175383	0.00363875	0.00206648	0.00163468	0.007718	0.0253673	0.375494	0.00223632	0.00290877
155	0.0577869	0.0344484	0.0221511	0.027469	0.0535134	0.0271526	0.0471221	0.0455704	0.0357319	0.0878763	0.041059	0.0255986	0.0162193	0.0442317	0.059956	0.0823107	0.0667818	0.0736265	0.104415	0.0469796
156	0.084963	0.00454043	0.0118687	0.0427726	0.0234494	0.00786742	0.0153587	0.101768	0.063549	0.102181	0.160525	0.0210014	0.00573988	0.0165174	0.0496146	0.0342634	0.0743648	0.165371	0.0108122	0.00347243
157	0.0817499	0.0143666	0.0492718	0.089795	0.0149321	0.0466266	0.0305429	0.044504	0.0334791	0.0902991	0.0315626	0.0221618	0.0998198	0.0400298	0.0284991	0.0871796	0.0526921	0.126248	0.00462814	0.011612
158	0.0963582	0.0027622	0.0234852	0.00769504	0.00300953	0.0435622	0.0318881	0.0222787	0.0372418	0.0624358	0.0323147	0.0561319	0.0115984	0.0355799	0.0333584	0.230346	0.209236	0.0439593	0.00680282	0.00995564
159	0.0619844	0.00258205	0.0782664	0.160654	0.0133056	0.0337671	0.0315773	0.0416149	0.0200134	0.118249	0.0551523	0.0202409	0.0115067	0.0421107	0.00415504	0.0418349	0.0566491	0.17346	0.00153245	0.0313446
160	0.0327366	0.00782843	0.00121949	0.000997351	0.0728517	0.00147033	0.00469985	0.138615	0.000854521	0.431414	0.0946832	0.00114859	0.00531194	0.00433717	0.00824352	0.00999958	0.0247037	0.148284	0.00279249	0.00780849
161	0.0208095	0.0336157	0.0557491	0.0675442	0.0197982	0.0163783	0.176014	0.0443902	0.0529163	0.0353535	0.0126552	0.0748022	0.00503871	0.11867	0.0387867	0.0552346	0.053667	0.0436105	0.00381239	0.0711544
162	0.0365547	0.00958451	0.00239525	0.0056603	0.0444248	0.00401681	0.00682577	0.120794	0.00642458	0.438898	0.111601	0.00365784	0.00521582	0.00814147	0.0143007	0.0135605	0.0273415	0.131072	0.00402135	0.00550984
163	0.0817828	0.0333758	0.00698612	0.0125849	0.0383225	0.0111031	0.0104756	0.129525	0.0356809	0.0602255	0.0644527	0.0142215	0.00686978	0.0164969	0.0203488	0.0859533	0.271674	0.0876219	0.00711747	0.0051818
164	0.0258944	0.0204884	0.0508027	0.036775	0.00291549	0.0232836	0.238474	0.00331957	0.0655286	0.0204628	0.00848275	0.0769376	0.0160302	0.10372	0.185538	0.0619721	0.0142333	0.00507985	0.0013008	0.03876
165	0.0400686	0.0137444	0.074578	0.0824199	0.00451887	0.0375851	0.145752	0.00557643	0.0868377	0.0306493	0.0101287	0.0685498	0.0146985	0.146659	0.126632	0.0549047	0.0286931	0.00913289	0.00212467	0.0167455
166	0.0843758	0.0102811	0.018527	0.023109	0.00354139	0.0205125	0.0138861	0.0560443	0.00892865	0.0319289	0.0106567	0.0512979	0.0345079	0.010635	0.0171456	0.314235	0.19779	0.0785044	0.00709698	0.00699528
167	0.0638312	0.00322246	0.00216119	0.00124603	0.0166867	0.0041477	0.00120286	0.320964	0.00136615	0.0884752	0.0227638	0.00168774	0.00268809	0.00185749	0.00158541	0.00762885	0.0219383	0.431339	0.00295826	0.00224948
168	0.0956427	0.0571903	0.00623404	0.00658405	0.00384198	0.0319119	0.0212103	0.00971312	0.0105608	0.0173067	0.00710032	0.00519361	0.253337	0.0521595	0.0685618	0.307409	0.0147791	0.0155691	0.0112651	0.0044297
169	0.146254	0.00393375	0.00515107	0.0295447	0.0221285	0.017972	0.00783232	0.126901	0.0283026	0.105448	0.11128	0.0101091	0.00576274	0.00904964	0.0221579	0.04905	0.0555923	0.234761	0.00478787	0.00398165
170	0.0211429	0.032243	0.165711	0.0605565	0.00319252	0.058386	0.0591543	0.00697843	0.0589194	0.00974567	0.00847936	0.210804	0.00695083	0.0253404	0.0377729	0.16029	0.0502143	0.00739106	0.000848346	0.0158789
171	0.0325079	0.0115341	0.251862	0.0951971	0.00499977	0.0901372	0.0916688	0.0107333	0.0282519	0.0238905	0.0105738	0.130866	0.00630213	0.0388019	0.0384072	0.051667	0.0375313	0.0334456	0.00121755	0.0104054
172	0.0923032	0.0165783	0.0174216	0.0106652	0.0042818	0.0303482	0.0366372	0.0245296	0.0404533	0.0483433	0.0179166	0.0242222	0.204302	0.0445741	0.0463361	0.177351	0.0895899	0.0543909	0.0082845	0.0114709
173	0.0612909	0.00347473	0.0827731	0.156635	0.0140937	0.0352048	0.0300324	0.043386	0.0202618	0.114376	0.0540395	0.0209562	0.0121187	0.0386274	0.00566798	0.0431597	0.0583903	0.175041	0.0015104	0.0289594
174	0.0609132	0.00253249	0.0017949	0.00126542	0.0139437	0.00471911	0.00132743	0.324133	0.00133873	0.0840216	0.0222145	0.00142736	0.00307223	0.00179802	0.00166733	0.00641136	0.0193151	0.442965	0.00332777	0.00181179
175	0.0917081	0.00446013	0.0212179	0.0273424	0.0263313	0.00514341	0.019373	0.0669542	0.0707235	0.130582	0.096249	0.0294222	0.00573539	0.0570003	0.0526454	0.0445362	0.0612041	0.175832	0.00851312	0.00502677
176	0.0367278	0.00276659	0.0694313	0.177661	0.00320543	0.00935214	0.0828631	0.00518697	0.0746279	0.0545102	0.0348426	0.018592	0.0145173	0.264474	0.0871157	0.0193343	0.0238042	0.0084666	0.00804812	0.00447241
177	0.0589461	0.00247385	0.00194012	0.0013059	0.0128382	0.00462936	0.00133403	0.331583	0.00127098	0.080289	0.02279	0.00138328	0.00320874	0.0018276	0.00161952	0.00674845	0.0193909	0.441329	0.00338914	0.00170328
178	0.029777	0.0103774	0.0118061	0.0156992	0.0278064	0.0115002	0.0297948	0.0774544	0.133111	0.120916	0.0816689	0.0087718	0.00363253	0.0729881	0.238668	0.0206501	0.052026	0.0406991	0.00662104	0.00603152
179	0.129403	0.0416749	0.0554686	0.0632586	0.0196189	0.224347	0.0137287	0.0129324	0.0382338	0.0138007	0.00296809	0.0387276	0.0158725	0.0255811	0.0416579	0.160681	0.0507902	0.0446267	0.000482743	0.00614598
180	0.0311221	0.0178539	0.127168	0.0845982	0.00356678	0.0450091	0.106863	0.00495001	0.0714816	0.0166512	0.00657841	0.127212	0.0283361	0.0765643	0.0936539	0.110829	0.0233415	0.00849209	0.00144021	0.014289
181	0.052011	0.00344532	0.3246	0.162209	0.00246365	0.11302	0.0538014	0.00436977	0.00721882	0.00895854	0.0133126	0.0865746	0.00476333	0.0386855	0.0406456	0.0284576	0.0153739	0.0357279	0.00106699	0.00329434
182	0.141154	0.00311515	0.00255784	0.00655356	0.00796278	0.0138638	0.0023666	0.148485	0.00276108	0.0613744	0.0310577	0.00311612	0.00194106	0.0027536	0.00350493	0.02113	0.0297025	0.509957	0.00406945	0.00257384
183	0.0659192	0.00471024	0.011807	0.0354207	0.027671	0.00356844	0.0183829	0.110212	0.0806247	0.0947936	0.144463	0.0277716	0.00494426	0.0185049	0.0629428	0.0246906	0.0759564	0.169596	0.0159426	0.00207816
184	0.072092	0.00415933	0.0123847	0.0307907	0.0248035	0.00398653	0.0202409	0.103924	0.0735222	0.109434	0.134847	0.0269933	0.00436351	0.0264439	0.0550548	0.0306316	0.0718191	0.17977	0.0120206	0.00271843
185	0.0534245	0.00649191	0.00224844	0.00149949	0.0397927	0.00288617	0.00201424	0.2666	0.00113135	0.226515	0.0669558	0.00207849	0.00450881	0.00289754	0.00374304	0.0110307	0.0295915	0.270015	0.00199015	0.00458488
186	0.227928	0.0049088	0.00205069	0.0214937	0.0154438	0.0241953	0.00414155	0.125826	0.00535682	0.110849	0.0729993	0.00293568	0.00522912	0.00522239	0.00733983	0.0627687	0.050983	0.243229	0.00167968	0.00541924
187	0.190628	0.0258827	0.0375902	0.0441303	0.0135769	0.206676	0.0122686	0.0132756	0.0213164	0.01928	0.00357674	0.0369611	0.0233227	0.0176298	0.0318236	0.207413	0.0555251	0.0321323	0.00114256	0.00584903
188	0.0414736	0.00423964	0.00331949	0.00185674	0.0231455	0.00399448	0.00367505	0.395668	0.00265383	0.109847	0.0737692	0.00288732	0.00913833	0.00337032	0.00416	0.0100538	0.0304797	0.269855	0.00308558	0.00332741
189	0.0248137	0.0100885	0.0274236	0.0354683	0.00808975	0.0232962	0.0450179	0.0214754	0.172397	0.0356703	0.0197938	0.035032	0.00665465	0.0750799	0.345257	0.0414194	0.0354008	0.0228795	0.00635017	0.00839204
190	0.0377855	0.00485646	0.00303025	0.00196909	0.0278465	0.00495441	0.00672987	0.31625	0.00206162	0.171768	0.130468	0.00207652	0.00929781	0.00296933	0.00408828	0.010478	0.0260115	0.228707	0.00391554	0.00473608
191	0.0861284	0.0224531	0.0350186	0.0367102	0.012155	0.0487489	0.038361	0.039853	0.0309874	0.0532557	0.0237529	0.027572	0.184722	0.0409189	0.0549846	0.1374	0.046959	0.0608891	0.00638159	0.0127485
192	0.0321712	0.00874291	0.000747287	0.00108026	0.0547617	0.00133983	0.00424823	0.145786	0.00134638	0.43018	0.0977502	0.00127573	0.00543471	0.00447094	0.00971023	0.0101381	0.0268871	0.156391	0.00247107	0.00506684
193	0.0367828	0.0100828	0.00295885	0.00559261	0.0518194	0.00586814	0.00753683	0.126636	0.00551168	0.428413	0.0999927	0.00339495	0.00635076	0.00907447	0.014523	0.0150936	0.0265253	0.132979	0.00407852	0.00678525
194	0.0263948	0.0203078	0.0484992	0.0360082	0.0021815	0.0226606	0.23898	0.00286407	0.0654817	0.0198017	0.00887549	0.0767197	0.0165126	0.104183	0.190556	0.0635359	0.0130887	0.00418215	0.0012663	0.0379007
