286	20
1	0.0894766	0.0183975	0.0660561	0.0474434	0.0100976	0.216058	0.0361253	0.0107231	0.0716641	0.0186555	0.00742084	0.140439	0.0185932	0.0369176	0.0439439	0.0955849	0.0393169	0.0213701	0.0021704	0.00954571
2	0.0237109	0.00958602	0.000554264	0.00141608	0.0170889	0.00398809	0.00111945	0.42002	0.00202872	0.0975278	0.0171356	0.0037686	0.00224638	0.00371535	0.00429705	0.00489907	0.0102491	0.36779	0.00336695	0.00549189
3	0.0403159	0.0519106	0.0497414	0.0057569	0.00653796	0.0300249	0.0899502	0.147057	0.0931793	0.236075	0.00760851	0.0137535	0.00385802	0.0115161	0.102067	0.0157917	0.0202104	0.0671482	0.00165093	0.00584721
4	0.466951	0.0057557	0.000977448	0.00489869	0.00129275	0.343576	0.00111067	0.0130149	0.00119301	0.00975391	0.00110728	0.00490212	0.0069755	0.00100285	0.00480678	0.0984991	0.0272047	0.0057292	0.000304076	0.000943566
5	0.0271948	0.00439018	0.000618823	0.000885685	0.0588716	0.000912365	0.00556899	0.127935	0.000858091	0.287091	0.397383	0.00100975	0.000860742	0.0008348	0.00195474	0.00499366	0.0136275	0.064075	0.000269813	0.000663938
6	0.0491774	0.00994734	0.142747	0.416505	0.00330389	0.0127084	0.0216338	0.010182	0.0655489	0.0112746	0.00799895	0.0402794	0.0143218	0.0757304	0.0221011	0.0362572	0.0308412	0.0276049	0.000340651	0.00149639
7	0.0210523	0.00840356	0.000305113	0.000778873	0.0159991	0.00360807	0.00044665	0.432337	0.00107989	0.0877449	0.0171779	0.00277658	0.00094701	0.00268656	0.00402842	0.00449402	0.00801256	0.379136	0.00356316	0.00542229
8	0.0343799	0.0312388	0.00997672	0.0107991	0.0355908	0.0111689	0.0637132	0.0932166	0.0135937	0.078762	0.0134337	0.0286334	0.00818723	0.0560086	0.0299117	0.0252864	0.0448623	0.171906	0.0764237	0.162907
9	0.0423382	0.0508504	0.00204725	0.00274133	0.2181	0.0197877	0.0605375	0.0341627	0.00748155	0.0104611	0.00530306	0.0148662	0.0056822	0.00443912	0.011719	0.00830209	0.0156715	0.00997631	0.0262409	0.449292
10	0.0217319	0.00840378	0.000311697	0.000831023	0.0162284	0.00376297	0.000471121	0.427981	0.00115447	0.0908054	0.0185818	0.00287869	0.00113818	0.0028417	0.00404031	0.00461308	0.00836856	0.376995	0.00354249	0.00531837
11	0.0617165	0.0012597	0.329102	0.205175	0.00228159	0.0346933	0.0127404	0.000953985	0.0481129	0.0209414	0.000646278	0.0796096	0.024531	0.0157066	0.0237517	0.0769877	0.0370508	0.0193888	0.000175656	0.00517547
12	0.057887	0.00817996	0.0944167	0.396834	0.00406643	0.0191101	0.0276659	0.00958462	0.0742445	0.0151187	0.00678615	0.033281	0.0269435	0.100903	0.0259835	0.0345773	0.0331626	0.0289861	0.000651945	0.00161713
13	0.17996	0.00740272	0.0413904	0.139854	0.00617681	0.0027682	0.00177041	0.0162744	0.112969	0.00481883	0.0035217	0.0232814	0.0226714	0.0432114	0.0298467	0.132781	0.15725	0.0700585	0.000403291	0.00359026
14	0.0209564	0.010015	0.00233828	0.00623333	0.0952367	0.00444695	0.00673409	0.090063	0.00278428	0.483502	0.122018	0.00372229	0.00282875	0.00579671	0.00561848	0.0107273	0.0185618	0.0931957	0.0013176	0.0139035
15	0.0919511	0.00400511	0.188617	0.278733	0.00303168	0.0271442	0.0147378	0.00564531	0.0797246	0.0153021	0.00367928	0.0465569	0.0282276	0.0482077	0.0264572	0.0734005	0.0387102	0.023169	0.000205856	0.00249401
16	0.102741	0.00349907	0.0411791	0.126838	0.0049657	0.0273923	0.0144132	0.0226394	0.13744	0.027817	0.00538068	0.0349312	0.0024125	0.112898	0.0723449	0.0578075	0.124812	0.0730577	0.00433064	0.00310162
17	0.0197692	0.0235794	0.000873029	0.00178319	0.262502	0.0148821	0.0967716	0.0160268	0.00830726	0.00918344	0.00453182	0.0169933	0.00548703	0.00394149	0.0135647	0.0033195	0.0138375	0.00781338	0.0320564	0.444777
18	0.0370418	0.00826806	0.0854901	0.0276795	0.0383075	0.0186097	0.0637645	0.0530586	0.0316167	0.168634	0.0501626	0.112467	0.00442516	0.0584199	0.0238275	0.0766095	0.0558615	0.0437396	0.00674361	0.0352733
19	0.0364563	0.00846831	0.0355807	0.0610026	0.00219829	0.202613	0.0669128	0.00214965	0.133728	0.00315741	0.00198032	0.180109	0.0117869	0.0716335	0.0492952	0.111233	0.00687619	0.00840932	0.000542585	0.00586667
20	0.353848	0.018459	0.00154841	0.025419	0.0177325	0.00315639	0.00227384	0.0136927	0.0021193	0.00480707	0.0020581	0.00268746	0.00215747	0.00942737	0.00240148	0.019883	0.0622797	0.446728	0.000578513	0.00874231
21	0.201713	0.00804714	0.119594	0.0897336	0.00300864	0.05329	0.00537298	0.00237857	0.0586636	0.0132235	0.00255456	0.0234486	0.0797217	0.00237205	0.0142718	0.290303	0.0198943	0.0105653	0.000479661	0.00136399
22	0.187057	0.00789949	0.0375977	0.13776	0.00646302	0.00276713	0.00160648	0.0155132	0.122721	0.00466569	0.00323973	0.0215336	0.0245661	0.0478278	0.0317531	0.129808	0.148258	0.0645524	0.000370614	0.0040392
23	0.0769328	0.00330881	0.191817	0.227197	0.00306038	0.0458017	0.0167449	0.00591846	0.0831393	0.0193117	0.00277809	0.0596626	0.0261454	0.0510634	0.0332105	0.0744123	0.0438828	0.0311176	0.0011088	0.0033872
24	0.0453913	0.0123823	0.0148154	0.0368852	0.0456191	0.0345488	0.0306185	0.0179104	0.199275	0.0368104	0.012845	0.0479181	0.00917573	0.0372457	0.166923	0.0605923	0.0559899	0.0305244	0.0065064	0.0980232
25	0.0156495	0.0169062	0.00107847	0.00586046	0.3953	0.00758531	0.0265244	0.0258955	0.00793787	0.0487829	0.00889148	0.00840842	0.00418158	0.00349527	0.00638523	0.0237138	0.0138082	0.0410636	0.0168777	0.321655
26	0.100154	0.0098647	0.0397548	0.110833	0.0122358	0.0175019	0.0161657	0.0128418	0.0930518	0.013659	0.0063824	0.0322986	0.019758	0.0378538	0.0356292	0.160767	0.225735	0.0399299	0.00111467	0.014469
27	0.0359833	0.00920464	0.00420783	0.0144607	0.0137337	0.00601383	0.00521631	0.319442	0.0304367	0.202288	0.013343	0.0184594	0.00989038	0.0179111	0.0204305	0.0104042	0.0182056	0.244392	0.00176811	0.00420866
28	0.0855135	0.0081326	0.191041	0.111796	0.00689557	0.161541	0.020964	0.00931801	0.0526265	0.0195077	0.00467711	0.0887899	0.0293525	0.023883	0.0259801	0.0949348	0.0360821	0.0220063	0.00117378	0.00578437
29	0.0359106	0.0160287	0.00954733	0.010122	0.113794	0.0105556	0.0134936	0.0542577	0.0116615	0.448767	0.0443064	0.0147449	0.005072	0.0124108	0.00971745	0.0503702	0.0283615	0.0716733	0.00329577	0.0359089
30	0.269056	0.0168427	0.0173496	0.0181472	0.00925706	0.330727	0.010444	0.0150205	0.0356078	0.0237451	0.00751982	0.0301932	0.0123385	0.0140061	0.0280721	0.0916977	0.0367351	0.0209814	0.00167055	0.010589
31	0.0270443	0.0142024	0.0113021	0.0179565	0.0297423	0.011449	0.0185622	0.0485963	0.0161135	0.467026	0.106236	0.0146083	0.00455572	0.064165	0.0292352	0.0189834	0.0425955	0.044167	0.00235577	0.0111031
32	0.0338724	0.0106539	0.00380952	0.00763873	0.0602651	0.00521462	0.0108354	0.0888659	0.00351648	0.330223	0.317775	0.00521511	0.00213732	0.0140924	0.0042225	0.0204501	0.0294493	0.0453129	0.00100262	0.00544754
33	0.43442	0.0112433	0.00109979	0.00438835	0.00171331	0.326089	0.0014123	0.0115265	0.00152921	0.00973631	0.0017248	0.00871382	0.00650921	0.00173392	0.00527731	0.126626	0.036636	0.007721	0.000370499	0.00152872
34	0.0147601	0.0143012	0.000980056	0.00408981	0.508382	0.00321766	0.00811534	0.0189957	0.00181317	0.0686172	0.00962105	0.00164061	0.0037975	0.00118658	0.00203715	0.0252392	0.00936258	0.0645007	0.00737768	0.231964
35	0.0587088	0.142912	0.00797057	0.0103805	0.0877351	0.0142729	0.0110852	0.0331307	0.00946104	0.0376415	0.0123709	0.0170894	0.150643	0.0100495	0.0131454	0.0338887	0.133286	0.200466	0.0049122	0.0108511
36	0.0575257	0.00765118	0.0797742	0.0337204	0.00547892	0.0360179	0.0368203	0.00760896	0.00789267	0.00921411	0.00685719	0.243626	0.00579404	0.00649751	0.00830906	0.226408	0.201953	0.0137106	0.00121659	0.00392391
37	0.0675258	0.00213158	0.342105	0.189217	0.00272084	0.034331	0.012081	0.00176742	0.0460444	0.0197018	0.00115016	0.0719025	0.0250918	0.0152496	0.0260634	0.0820007	0.0343018	0.0212863	0.00031256	0.00501535
38	0.0442946	0.0143029	0.027029	0.0142844	0.0224957	0.0149654	0.0737447	0.065652	0.0408666	0.201478	0.0270975	0.0708606	0.00414719	0.0493103	0.0856843	0.0352159	0.0586155	0.0962066	0.00955868	0.0441901
39	0.068851	0.0101268	0.127226	0.321332	0.00895192	0.0246934	0.0202691	0.0114305	0.0721919	0.0245497	0.00785621	0.0432272	0.0229814	0.0635262	0.0313649	0.058258	0.0452	0.0317159	0.000888109	0.00536041
40	0.0624913	0.00507074	0.310913	0.163549	0.00536238	0.0324584	0.0228445	0.00619009	0.0454137	0.0220661	0.00430232	0.116238	0.0217351	0.0203832	0.0235914	0.0740526	0.0350485	0.0202531	0.00105317	0.00698354
41	0.021541	0.00845069	0.000348727	0.000831647	0.0159032	0.00367312	0.000467572	0.431486	0.00114377	0.0881731	0.0172449	0.00279262	0.00100011	0.00267555	0.00408433	0.00472746	0.00836302	0.378203	0.00351172	0.00537822
42	0.0562369	0.104654	0.00918466	0.00684153	0.00791075	0.0112234	0.0990084	0.0937412	0.00945715	0.0306303	0.00753827	0.0830241	0.00807711	0.0477076	0.0132663	0.0221409	0.0836376	0.19618	0.0168984	0.0926421
43	0.143781	0.0502443	0.0113006	0.0153784	0.00770062	0.0257253	0.0107713	0.00856589	0.00919092	0.013387	0.00721973	0.0205871	0.00677554	0.00783966	0.00966172	0.346339	0.255764	0.0401477	0.000683543	0.00893671
44	0.0271948	0.00439018	0.000618823	0.000885685	0.0588716	0.000912365	0.00556899	0.127935	0.000858091	0.287091	0.397383	0.00100975	0.000860742	0.0008348	0.00195474	0.00499366	0.0136275	0.064075	0.000269813	0.000663938
45	0.27356	0.12515	0.00099685	0.00299094	0.0064102	0.0501038	0.00175393	0.00204796	0.00146315	0.0333859	0.0106263	0.0137896	0.00512479	0.0114142	0.00526742	0.318429	0.0959297	0.0372277	0.000400895	0.00392798
46	0.0294963	0.00609464	0.000905317	0.00229992	0.0580414	0.00197301	0.00640487	0.114802	0.00108955	0.310815	0.378185	0.00128372	0.0010832	0.00427202	0.00234706	0.00741472	0.0157347	0.0564691	0.000310444	0.000978044
47	0.043705	0.0133853	0.0847463	0.0273595	0.00910934	0.0297707	0.033817	0.0158158	0.0119437	0.0128158	0.0064546	0.289211	0.00815258	0.0103452	0.016493	0.167098	0.1886	0.0228867	0.00180156	0.00648909
48	0.420977	0.0180802	0.00127235	0.0186386	0.0133696	0.00342827	0.00189514	0.00978526	0.00191518	0.00447643	0.00265175	0.00251164	0.00215443	0.00797182	0.00232286	0.0283852	0.0618847	0.390404	0.000416082	0.00745996
49	0.0994516	0.142715	0.00175334	0.00235531	0.0286971	0.00434598	0.00284759	0.107082	0.00258882	0.119085	0.0168628	0.00349617	0.0159886	0.00254448	0.00317308	0.00686411	0.133775	0.303759	0.000735408	0.00187951
50	0.126062	0.00494525	0.0371921	0.0115502	0.00250358	0.0144977	0.0693171	0.00533602	0.0692679	0.0258159	0.0252993	0.0536143	0.0275621	0.0461147	0.0409831	0.358818	0.0670176	0.0113124	0.000669271	0.00212147
51	0.00981335	0.00289986	0.00203137	0.00252044	0.00214465	0.0382623	0.0115767	0.00332687	0.190323	0.0364236	0.013679	0.202983	0.00169365	0.0530093	0.343809	0.0506467	0.0262706	0.00541975	0.000752477	0.00241415
52	0.0335384	0.0155522	0.00576604	0.0132531	0.0430231	0.00849273	0.0132605	0.0644941	0.00654137	0.437205	0.174832	0.00799992	0.00415649	0.027323	0.0111283	0.0200229	0.0457212	0.0561201	0.0014715	0.0100977
53	0.0271948	0.00439018	0.000618823	0.000885685	0.0588716	0.000912365	0.00556899	0.127935	0.000858091	0.287091	0.397383	0.00100975	0.000860742	0.0008348	0.00195474	0.00499366	0.0136275	0.064075	0.000269813	0.000663938
54	0.0610941	0.00372113	0.115943	0.376402	0.00354893	0.0132763	0.0199104	0.0091348	0.0993639	0.0120405	0.00551236	0.0353663	0.0164183	0.0846562	0.0316885	0.0432759	0.0409608	0.02681	0.000154456	0.000721588
55	0.00985702	0.00289368	0.00205103	0.00252753	0.00215442	0.037866	0.0115129	0.00328682	0.192212	0.0363444	0.0134903	0.202095	0.0017004	0.0527076	0.344681	0.0498092	0.0262098	0.00536125	0.000753818	0.00248604
56	0.0097419	0.0106069	0.00366446	0.0609284	0.1217	0.019169	0.0424994	0.0202918	0.119454	0.0150877	0.00353581	0.0766485	0.00270549	0.0505633	0.0122841	0.115952	0.122899	0.0226357	0.00112382	0.168508
57	0.0384043	0.00874362	0.0378067	0.0671627	0.00176638	0.134789	0.0800546	0.0019993	0.139005	0.00228691	0.00180993	0.204762	0.00918045	0.0764641	0.04926	0.125681	0.00522832	0.00868302	0.000418217	0.00649329
58	0.0210523	0.00840356	0.000305113	0.000778873	0.0159991	0.00360807	0.00044665	0.432337	0.00107989	0.0877449	0.0171779	0.00277658	0.00094701	0.00268656	0.00402842	0.00449402	0.00801256	0.379136	0.00356316	0.00542229
59	0.16136	0.0109978	0.164887	0.106622	0.00400593	0.0635976	0.00545527	0.00245564	0.0726933	0.0143505	0.00282915	0.040697	0.0974581	0.00724304	0.0216782	0.184832	0.0236523	0.0127302	0.000482682	0.00197227
60	0.0197782	0.0257225	0.00124872	0.00215394	0.257785	0.0152041	0.0952582	0.0167838	0.00865537	0.0112322	0.00469642	0.0175373	0.0055703	0.00451636	0.0196362	0.00464733	0.0149139	0.0106857	0.0320974	0.431877
61	0.025406	0.00914343	0.00142047	0.00364973	0.0319888	0.00475368	0.00206454	0.298601	0.00384457	0.285051	0.0313843	0.00539837	0.00423644	0.00555756	0.00519845	0.00833482	0.0142019	0.250666	0.00250789	0.00659079
62	0.058407	0.0222898	0.120021	0.39091	0.00472246	0.0111048	0.0209109	0.0156827	0.0622127	0.0131803	0.0177418	0.0368265	0.0122503	0.0791119	0.0217534	0.0364974	0.0342206	0.0386466	0.000884421	0.00262544
63	0.092156	0.0315613	0.0158437	0.0212834	0.0313779	0.0136782	0.0106008	0.172552	0.0167382	0.0940516	0.023064	0.0182239	0.0134595	0.013925	0.021045	0.0391728	0.0545998	0.294977	0.00408886	0.0176008
64	0.392935	0.012645	0.011646	0.012348	0.00348511	0.331454	0.00389392	0.015321	0.0076189	0.0161054	0.00314051	0.0126702	0.00901285	0.00543147	0.00819001	0.103506	0.0338057	0.0134045	0.0008185	0.00256788
65	0.102809	0.0341764	0.0161905	0.0214886	0.00949851	0.0223359	0.0149797	0.0133231	0.0187978	0.0164293	0.0109106	0.0307587	0.0119386	0.0125485	0.0215577	0.279693	0.306696	0.0439862	0.00169174	0.0101901
66	0.0654428	0.00624528	0.221857	0.291919	0.00343279	0.0245345	0.0167487	0.00598958	0.060204	0.0172283	0.00409349	0.0616379	0.0213815	0.0427323	0.0241956	0.0618123	0.0397765	0.0264215	0.000431195	0.00391546
67	0.0883435	0.0323122	0.00847758	0.0107839	0.00940085	0.0148592	0.0147002	0.0118552	0.0065256	0.00906543	0.00748466	0.0192618	0.00561981	0.00597839	0.00862564	0.392715	0.301011	0.0409165	0.000791829	0.0112709
68	0.0287893	0.00758574	0.00328445	0.0055145	0.0202192	0.00364918	0.00290323	0.257283	0.0126873	0.269036	0.0208381	0.0367286	0.0281216	0.0393586	0.0102715	0.00853129	0.0215411	0.21892	0.00124766	0.00348927
69	0.0228508	0.00746853	0.0019823	0.00503621	0.0403798	0.00320132	0.00192034	0.308855	0.0075876	0.217485	0.0191632	0.023478	0.0208917	0.0278238	0.00729818	0.00716315	0.0215081	0.249008	0.00138042	0.00551898
70	0.058948	0.00436226	0.313723	0.14643	0.00679726	0.0301942	0.0253177	0.00705906	0.0449854	0.0234181	0.00384096	0.131132	0.0201309	0.01999	0.0249447	0.0712661	0.0370244	0.0222696	0.000836552	0.00733068
71	0.0321293	0.00495206	0.0198876	0.0349145	0.00314749	0.0721965	0.0233429	0.00613936	0.188776	0.0324027	0.0111245	0.157732	0.00420308	0.0576791	0.239755	0.0592217	0.034571	0.0118421	0.000915113	0.00506795
72	0.360172	0.0455515	0.00688213	0.00874168	0.00389237	0.0415126	0.00433987	0.00516414	0.00566581	0.0163931	0.00748169	0.00973567	0.0228877	0.0057165	0.00754755	0.372612	0.0496297	0.0218134	0.000712001	0.0035487
73	0.0591472	0.0101676	0.0496156	0.0945895	0.0111324	0.030186	0.0272859	0.01747	0.21585	0.0358849	0.0115483	0.0642724	0.010649	0.0545296	0.136894	0.0673953	0.0555185	0.0316839	0.00199339	0.014186
74	0.297645	0.0227271	0.0208296	0.0176802	0.00346164	0.0513764	0.00496266	0.00552311	0.0117068	0.0110775	0.00966845	0.0235326	0.122334	0.00524988	0.00802852	0.332992	0.029256	0.019162	0.00062757	0.00215845
75	0.0993506	0.0941382	0.00232212	0.00342375	0.0184386	0.00648529	0.00463346	0.123892	0.00511688	0.0763656	0.0155684	0.00903594	0.0140581	0.00382755	0.0110207	0.0249275	0.157	0.323386	0.00169805	0.00531132
76	0.0884668	0.012416	0.0480118	0.0786261	0.0124021	0.041444	0.0263192	0.0153794	0.164302	0.025044	0.0109359	0.0567507	0.0246552	0.047435	0.0936428	0.147445	0.0618053	0.0311356	0.00163683	0.012147
77	0.0603331	0.00130435	0.318586	0.21238	0.00240046	0.0334191	0.0132116	0.00142541	0.0520644	0.02014	0.000857917	0.0767032	0.0231997	0.0202908	0.0249253	0.0744467	0.0387978	0.0204885	0.000183125	0.00484263
78	0.0120172	0.00779493	0.00119008	0.00162549	0.0235174	0.00239002	0.00479019	0.0464754	0.00190833	0.752802	0.0142533	0.00175856	0.000802979	0.00213433	0.00368293	0.0081967	0.00724351	0.0961483	0.00229337	0.00897456
79	0.022958	0.012283	0.00378516	0.0100224	0.141552	0.00571767	0.00700107	0.0886888	0.00334185	0.471412	0.0575303	0.00483757	0.00373189	0.00707878	0.00642016	0.0150272	0.0199406	0.0924806	0.00153718	0.0246535
80	0.0748458	0.00283027	0.0674244	0.37523	0.00239016	0.0329963	0.0214793	0.00528709	0.0804516	0.0199149	0.00307933	0.0252356	0.0599554	0.10337	0.0283244	0.0316919	0.0335396	0.0303932	0.000389266	0.00117114
81	0.0638654	0.001411	0.322237	0.209748	0.0022138	0.035481	0.012457	0.00102544	0.050042	0.0203482	0.00073072	0.0767309	0.0258416	0.016887	0.0231855	0.0777025	0.0360588	0.0189056	0.000174897	0.00495279
82	0.0555599	0.0822663	0.0241542	0.0650844	0.0047418	0.00709975	0.162181	0.00772354	0.00628616	0.00965103	0.00476881	0.0254747	0.00345998	0.00458365	0.00555179	0.404641	0.0112099	0.0292997	0.00189262	0.0843698
83	0.0210523	0.00840356	0.000305113	0.000778873	0.0159991	0.00360807	0.00044665	0.432337	0.00107989	0.0877449	0.0171779	0.00277658	0.00094701	0.00268656	0.00402842	0.00449402	0.00801256	0.379136	0.00356316	0.00542229
84	0.0494342	0.0182404	0.143175	0.387278	0.00414817	0.0115292	0.0243731	0.0182891	0.0695184	0.0119188	0.0117623	0.050049	0.011306	0.0745155	0.0200271	0.0339411	0.0309541	0.026747	0.000520877	0.00227305
85	0.0778489	0.00809298	0.0834632	0.150087	0.006422	0.129863	0.0234796	0.00821716	0.119961	0.0199061	0.00675281	0.0653861	0.0250719	0.0602009	0.057496	0.0809978	0.0449836	0.0249962	0.000892241	0.00588171
86	0.0230115	0.00945414	0.000425861	0.000827501	0.0163217	0.00477819	0.00066232	0.416919	0.00110712	0.0830148	0.0167108	0.00322359	0.00129226	0.00377426	0.00443678	0.00524783	0.00855764	0.391546	0.00357729	0.00511151
87	0.0660539	0.00342593	0.285399	0.19736	0.00451556	0.031702	0.0139992	0.00580209	0.0524426	0.0308876	0.0032643	0.0712458	0.0238987	0.0230047	0.0252806	0.0822153	0.0476575	0.0241009	0.000794188	0.00694981
88	0.0329403	0.0782577	0.00664276	0.00681694	0.00826414	0.0217328	0.0139752	0.0744595	0.00802642	0.0177409	0.00732466	0.156278	0.0473424	0.00753934	0.0383702	0.17836	0.161158	0.124936	0.00228674	0.00754777
89	0.0212062	0.0367962	0.032519	0.00728557	0.0081976	0.00874937	0.00915729	0.164777	0.103483	0.10865	0.00750264	0.0104306	0.00499805	0.00836848	0.0118136	0.126205	0.1482	0.116312	0.00240403	0.0629456
90	0.0396052	0.0168757	0.0418256	0.0312561	0.0820118	0.0330613	0.0865089	0.0246284	0.0436625	0.0652973	0.0168024	0.15237	0.00968627	0.0322533	0.0228395	0.134625	0.0750365	0.0347367	0.00418989	0.0527278
91	0.265989	0.063154	0.00932666	0.0172344	0.0217746	0.0327193	0.0105248	0.0476608	0.0152072	0.0972505	0.107839	0.0178886	0.019074	0.012679	0.0152037	0.10321	0.0659737	0.06432	0.00378153	0.0091892
92	0.0950875	0.113408	0.00790962	0.0104301	0.0561162	0.0238782	0.0143147	0.0694782	0.0167026	0.213942	0.0425083	0.0181005	0.0145039	0.0148836	0.0161955	0.0749683	0.064391	0.105188	0.00441018	0.023584
93	0.014028	0.0158661	0.000923647	0.00294291	0.358705	0.00876722	0.0421392	0.0224943	0.00500535	0.0321177	0.00744607	0.010047	0.00445454	0.0028769	0.00834414	0.0122094	0.0119819	0.0274663	0.0254366	0.386748
94	0.42848	0.0132911	0.00316011	0.0062222	0.00232553	0.314126	0.00174929	0.0118974	0.00256312	0.0109495	0.0024086	0.00806247	0.00988778	0.00267617	0.00526074	0.130304	0.0349317	0.00919336	0.000393275	0.00211742
95	0.299171	0.0238242	0.0174894	0.0185204	0.00613218	0.277881	0.00878282	0.0121828	0.0199523	0.0155344	0.0056319	0.0274077	0.0200684	0.0119258	0.0140326	0.154155	0.04309	0.018065	0.000850352	0.0053026
96	0.140151	0.0436204	0.00993532	0.0245694	0.00824815	0.0189613	0.00837753	0.0203853	0.0165566	0.0161352	0.00794871	0.0195613	0.00913643	0.0116565	0.011587	0.223261	0.323382	0.0764299	0.00158108	0.00851587
97	0.183991	0.0135729	0.0124475	0.00959717	0.00958243	0.0168627	0.0207787	0.011473	0.0187259	0.01651	0.00969537	0.192042	0.0116012	0.117091	0.0156851	0.282595	0.0303338	0.0196828	0.00173446	0.00599838
98	0.301111	0.0706772	0.0113765	0.0128759	0.00743232	0.0588298	0.00799692	0.00813535	0.0112677	0.0493705	0.0137441	0.0177163	0.0161551	0.0101048	0.0106931	0.277856	0.0737594	0.0346092	0.00114245	0.00514607
99	0.00722148	0.00487657	0.000890618	0.00105319	0.0223576	0.00117505	0.00494692	0.0387664	0.000997996	0.783524	0.0121229	0.00137125	0.000731455	0.00117325	0.00287225	0.00765729	0.00352552	0.0924101	0.00261146	0.00971513
100	0.0169557	0.00767874	0.0228539	0.0182515	0.118205	0.0057613	0.0287544	0.0660495	0.0120179	0.433887	0.0679645	0.021947	0.00321947	0.0322374	0.0113946	0.022154	0.0298648	0.0446047	0.00363071	0.0325687
101	0.0453892	0.00806861	0.143318	0.0450518	0.00436898	0.0794674	0.0806605	0.00585044	0.0667533	0.00686294	0.00367764	0.267237	0.00839567	0.0355529	0.0307145	0.114536	0.0372355	0.0114629	0.000646376	0.00475049
102	0.312822	0.116468	0.00100306	0.00279394	0.00553896	0.038574	0.00185949	0.00183487	0.00155437	0.0241026	0.0129539	0.0122738	0.00435598	0.00872327	0.00459656	0.299381	0.10723	0.0393161	0.000364644	0.00425375
103	0.0210523	0.00840356	0.000305113	0.000778873	0.0159991	0.00360807	0.00044665	0.432337	0.00107989	0.0877449	0.0171779	0.00277658	0.00094701	0.00268656	0.00402842	0.00449402	0.00801256	0.379136	0.00356316	0.00542229
104	0.0468235	0.00241509	0.321546	0.162211	0.00303219	0.0297793	0.0269673	0.0042632	0.0432595	0.0154249	0.00170136	0.161	0.0167782	0.0185826	0.0290454	0.0645308	0.0323272	0.0161279	0.000260559	0.00392355
105	0.0370466	0.00593002	0.014158	0.0352293	0.00496646	0.126472	0.0196516	0.00823329	0.205716	0.0398266	0.0130263	0.0997748	0.00819834	0.0502519	0.218217	0.0530272	0.0380628	0.014364	0.00140004	0.00644794
106	0.031713	0.00379576	0.00847105	0.0238031	0.00311871	0.026869	0.0265325	0.00975314	0.218711	0.0288688	0.0142877	0.066938	0.00358456	0.0506735	0.346162	0.0590901	0.0500882	0.0217359	0.00110614	0.00469745
107	0.0206299	0.00735682	0.0770636	0.017565	0.0935742	0.00778861	0.0482873	0.0245088	0.0362127	0.247458	0.0264958	0.140525	0.00434632	0.0202203	0.0123906	0.0557249	0.0288036	0.023392	0.00638419	0.101272
108	0.467288	0.00579425	0.000984206	0.00495346	0.00144082	0.342747	0.00115289	0.0129948	0.00119119	0.00976841	0.00110893	0.00489213	0.00714563	0.00100589	0.00480707	0.098513	0.0272301	0.0057254	0.000301881	0.000955752
109	0.021029	0.0083854	0.000311534	0.000778946	0.0159956	0.00361017	0.000447393	0.432013	0.00108183	0.0880763	0.0172407	0.00282314	0.00101675	0.0027504	0.00402836	0.00448685	0.00803217	0.378936	0.00355041	0.00540521
110	0.327606	0.0358991	0.00432018	0.0192155	0.0132035	0.0132702	0.00575216	0.0294802	0.00753238	0.019765	0.00591731	0.00839039	0.00752546	0.00999361	0.00864118	0.0507882	0.0697009	0.352975	0.00147871	0.00854537
111	0.0227126	0.00878085	0.000478735	0.00157461	0.0220242	0.00404238	0.00130251	0.386339	0.00142971	0.110184	0.0499888	0.0038698	0.00222715	0.00399861	0.00493198	0.00559411	0.0115378	0.349901	0.00316331	0.00591797
112	0.274635	0.38092	0.00273075	0.00399841	0.00400031	0.00965978	0.00398667	0.0058291	0.00437824	0.00807145	0.0411206	0.00559428	0.00651859	0.00358357	0.00422908	0.036221	0.131356	0.0688994	0.00114326	0.00312499
113	0.447858	0.00847063	0.00110239	0.00452078	0.00142603	0.332557	0.00122603	0.0120866	0.00149365	0.00979222	0.0014864	0.00604779	0.00644127	0.00131744	0.00511323	0.114679	0.0346409	0.00817743	0.000333619	0.00122971
114	0.0268522	0.023728	0.00392124	0.00581748	0.217451	0.0132136	0.0489371	0.070071	0.0102636	0.0405905	0.00971392	0.0186257	0.00539771	0.00841624	0.0135524	0.0182569	0.027622	0.0664711	0.0268069	0.344291
115	0.161174	0.00587312	0.209403	0.141351	0.00252381	0.0564373	0.00510919	0.00162536	0.0713993	0.0180398	0.00129401	0.0438762	0.0668866	0.00649385	0.0200016	0.148449	0.022765	0.0146633	0.000314404	0.00231869
116	0.178335	0.00787867	0.0418246	0.148045	0.00634482	0.00316675	0.00211889	0.015992	0.12013	0.00454223	0.00322177	0.0216224	0.0246274	0.0474568	0.0337596	0.128545	0.144703	0.0634677	0.000356708	0.00386175
117	0.144103	0.0187952	0.0462189	0.0366159	0.0407548	0.196797	0.0163354	0.0127647	0.0693187	0.0187169	0.0095301	0.0341781	0.0910656	0.021673	0.0298506	0.147594	0.0328741	0.0227668	0.0018225	0.00822475
118	0.230066	0.0068899	0.0164677	0.00635502	0.00319639	0.0455446	0.00376203	0.00465492	0.00563615	0.0061896	0.0156292	0.0468789	0.259512	0.00300817	0.00490864	0.295693	0.021282	0.0210576	0.000839882	0.00242825
119	0.360339	0.113148	0.00248677	0.00573335	0.00564062	0.0431749	0.00391399	0.00582601	0.00453727	0.0233727	0.0110869	0.0126968	0.00947078	0.0103803	0.00835928	0.249085	0.0832173	0.0421593	0.000706178	0.00466575
120	0.069799	0.00598225	0.0598195	0.181753	0.00483973	0.0297924	0.0225902	0.0114493	0.127979	0.0212195	0.00842629	0.0446	0.0123835	0.0916398	0.139937	0.0585831	0.0661438	0.0369045	0.00237839	0.00377933
121	0.158566	0.214408	0.00636064	0.0102516	0.0107079	0.0323245	0.0100039	0.0116636	0.00820775	0.0211112	0.0119179	0.021559	0.138461	0.0141944	0.0176585	0.192286	0.0638995	0.0441887	0.00366403	0.00856606
122	0.0573411	0.0206751	0.00891744	0.0112301	0.00923175	0.00754466	0.0159048	0.0131845	0.00424403	0.0057975	0.0053528	0.0165367	0.00429542	0.00416112	0.00627377	0.336191	0.40379	0.058449	0.000878665	0.0100004
123	0.109499	0.103579	0.0204842	0.025656	0.0125942	0.16417	0.0267429	0.0179715	0.0393026	0.0322036	0.0154748	0.0564337	0.0236793	0.0682571	0.0314038	0.141181	0.0527545	0.042174	0.00414709	0.0122918
124	0.390345	0.0141146	0.0106206	0.0136239	0.00380063	0.325871	0.00383911	0.0131687	0.0102241	0.0137552	0.00292812	0.0115893	0.0111093	0.0075036	0.00874258	0.106421	0.0351507	0.0131282	0.000670967	0.00339356
125	0.372282	0.185194	0.00219423	0.00376234	0.00584503	0.0265585	0.00373665	0.0185082	0.00356479	0.0242421	0.0308365	0.00807543	0.00571886	0.00559896	0.00545873	0.0975355	0.100504	0.0951875	0.00155612	0.00364026
126	0.414556	0.00879401	0.00330067	0.00767511	0.00201398	0.366802	0.00153561	0.0120941	0.00579544	0.0106484	0.00152098	0.00897578	0.00827904	0.00329978	0.00631318	0.100282	0.0282881	0.0081889	0.000356787	0.00128008
127	0.418913	0.103736	0.00146859	0.00273912	0.00463843	0.0301869	0.00201619	0.0027152	0.0017699	0.0205387	0.0119784	0.0106985	0.0041649	0.0082574	0.00615872	0.243922	0.0814201	0.0413043	0.000430906	0.00294211
128	0.0217171	0.0108956	0.000414499	0.00083627	0.0170144	0.0040083	0.000630734	0.420435	0.00121557	0.0835461	0.0169261	0.00303956	0.00118358	0.00291405	0.00455759	0.00481977	0.0091813	0.387818	0.00364952	0.00519695
129	0.32144	0.0559982	0.0171176	0.0316586	0.00873514	0.0861883	0.0069948	0.0219123	0.0225298	0.0216223	0.0113432	0.0179129	0.0168978	0.0153081	0.0156139	0.133626	0.112946	0.0739251	0.00171246	0.0065176
130	0.0271948	0.00439018	0.000618823	0.000885685	0.0588716	0.000912365	0.00556899	0.127935	0.000858091	0.287091	0.397383	0.00100975	0.000860742	0.0008348	0.00195474	0.00499366	0.0136275	0.064075	0.000269813	0.000663938
131	0.021221	0.00949661	0.00273771	0.00351297	0.0223222	0.00521577	0.00966316	0.103268	0.00563796	0.549328	0.0156047	0.00616108	0.00456509	0.0090131	0.0099738	0.0129509	0.0143821	0.160459	0.0188693	0.0156176
132	0.0210523	0.00840356	0.000305113	0.000778873	0.0159991	0.00360807	0.00044665	0.432337	0.00107989	0.0877449	0.0171779	0.00277658	0.00094701	0.00268656	0.00402842	0.00449402	0.00801256	0.379136	0.00356316	0.00542229
133	0.214581	0.113146	0.0072419	0.00912561	0.00788643	0.0962905	0.00737576	0.00554812	0.00668579	0.0242137	0.0093884	0.0203805	0.0139908	0.0161673	0.00995517	0.308374	0.0880583	0.0337896	0.000909272	0.00689131
134	0.15291	0.0235049	0.0430319	0.0862479	0.00718871	0.0272683	0.0109477	0.0122304	0.0452148	0.0155176	0.00684028	0.0224117	0.1748	0.031446	0.078566	0.138059	0.0539102	0.0632533	0.00166701	0.00498453
135	0.0132071	0.00203882	0.378344	0.0338037	0.00236661	0.0190871	0.0606843	0.00882205	0.0158319	0.00380556	0.00169113	0.375384	0.00124279	0.00161665	0.0233029	0.0379413	0.014944	0.00404698	0.000357649	0.00148068
136	0.211864	0.135561	0.0151543	0.0192243	0.0154111	0.0328713	0.0110173	0.0183399	0.0155321	0.0329403	0.0175723	0.0210571	0.122179	0.0154583	0.0212158	0.140044	0.0676032	0.0669103	0.00627558	0.0137696
137	0.132668	0.027605	0.00624059	0.010209	0.00985441	0.014821	0.00958176	0.0726173	0.00911031	0.0513414	0.0100897	0.0555633	0.105014	0.00956278	0.0197565	0.120697	0.122743	0.200293	0.00377331	0.00845845
138	0.0138203	0.00639391	0.000923565	0.00385967	0.0452737	0.00301813	0.00372536	0.0923113	0.00098074	0.654433	0.0211955	0.00188598	0.00192242	0.00192133	0.00351415	0.00779541	0.0099666	0.114078	0.00160363	0.0113771
139	0.138604	0.0226352	0.00245087	0.00388771	0.00360676	0.00503821	0.00411257	0.116512	0.00383931	0.00903314	0.00350121	0.0087055	0.0245126	0.00352465	0.0332402	0.107339	0.0689948	0.436283	0.00107349	0.00310664
140	0.0206663	0.0134209	0.0022317	0.0144732	0.201765	0.00552901	0.00269168	0.134267	0.00119836	0.381371	0.0389898	0.00156249	0.0046577	0.00269615	0.0078814	0.0110886	0.0236895	0.114316	0.000308698	0.0171956
141	0.0591245	0.00153052	0.334534	0.209231	0.00255717	0.0340717	0.0136781	0.00113617	0.0457023	0.0211982	0.000869552	0.0804975	0.0224877	0.015657	0.0229678	0.072495	0.035973	0.0209526	0.000233249	0.0051031
142	0.0793556	0.0285301	0.0397159	0.0195052	0.0056309	0.0746003	0.0386902	0.0056683	0.0613366	0.00837467	0.00449329	0.0740909	0.133275	0.0756097	0.122859	0.184325	0.0248301	0.0140595	0.000935182	0.00411513
143	0.0370829	0.0147705	0.000981459	0.0155035	0.143906	0.00879377	0.00129301	0.146458	0.00119996	0.38942	0.0299496	0.00133177	0.00423392	0.00178832	0.00669197	0.0128084	0.0318914	0.136626	0.000329836	0.0149406
144	0.0290457	0.00221279	0.00145252	0.0216091	0.00159794	0.00264197	0.0485885	0.0123756	0.21433	0.00638194	0.014851	0.0126646	0.00114272	0.0594135	0.402405	0.0711975	0.0606443	0.0345699	0.000884025	0.00199113
145	0.454729	0.00542915	0.00102261	0.00459485	0.00124923	0.34516	0.00107016	0.0128793	0.00127399	0.00945809	0.00113358	0.00543218	0.00673795	0.00101569	0.00533037	0.106853	0.0292744	0.00605124	0.000309535	0.000995922
146	0.0373269	0.0203735	0.0126851	0.00719511	0.014349	0.00463741	0.0195741	0.0185274	0.00362845	0.00512446	0.0053011	0.0197026	0.00252022	0.00275826	0.006104	0.340526	0.400142	0.0635471	0.000965901	0.0150112
147	0.0195258	0.0237977	0.000845688	0.0017762	0.261038	0.0149783	0.0960521	0.0161564	0.0081917	0.0092147	0.00458752	0.0168731	0.0057804	0.00399806	0.0136367	0.00330796	0.0139071	0.00784087	0.032375	0.446117
148	0.0364138	0.00933575	0.00172086	0.00863506	0.121491	0.0042988	0.00426543	0.150643	0.0028849	0.28038	0.183792	0.00401067	0.00360662	0.00336911	0.0139134	0.0190154	0.0246921	0.1173	0.00110618	0.00912581
149	0.166756	0.00958059	0.0386971	0.13576	0.00746551	0.00614945	0.00362783	0.0179666	0.126077	0.00800356	0.00401064	0.0237122	0.0175394	0.057866	0.0447406	0.10946	0.149914	0.0664553	0.00102981	0.00518747
150	0.0133295	0.00202581	0.377398	0.0338771	0.00238728	0.0191356	0.0606931	0.00882474	0.0157531	0.00375427	0.00168528	0.375697	0.00122743	0.00163044	0.023265	0.0381897	0.0152615	0.00405285	0.000335379	0.00147655
151	0.363039	0.0173228	0.00149974	0.0234548	0.0169111	0.00282775	0.00201851	0.0112075	0.00197462	0.00434221	0.00186742	0.00253727	0.00212038	0.0100787	0.00215072	0.0196196	0.0672156	0.440057	0.000473235	0.00928187
152	0.0155214	0.019252	0.00134721	0.00185087	0.248586	0.0146307	0.0714124	0.0184794	0.00698112	0.0130925	0.00532933	0.0192855	0.00455858	0.00509879	0.0130772	0.00408658	0.0173012	0.011334	0.046892	0.461884
153	0.0577239	0.00700231	0.31826	0.141254	0.00506592	0.0316037	0.027106	0.00684788	0.0434317	0.0218047	0.00413736	0.134854	0.0210073	0.0187229	0.0246118	0.0746678	0.0353235	0.0199921	0.000689593	0.00589383
154	0.0214237	0.0179302	0.00394583	0.00781813	0.378734	0.00900105	0.0236915	0.0390958	0.00753643	0.0875985	0.0168078	0.00895718	0.00478991	0.00542519	0.00794639	0.0236609	0.0180835	0.0615979	0.0135202	0.242436
155	0.0130136	0.0132507	0.000788645	0.0039752	0.452254	0.00488399	0.0173251	0.0207405	0.00282245	0.057673	0.0106929	0.00392008	0.0042859	0.00190716	0.00407402	0.0196814	0.00974343	0.0506182	0.0141845	0.294165
156	0.0798371	0.00642318	0.100042	0.21217	0.0061745	0.0271045	0.0265338	0.0114147	0.13897	0.019311	0.00735971	0.0563391	0.0188277	0.0670309	0.0516091	0.0729269	0.0628954	0.0286186	0.000711153	0.00570078
157	0.309437	0.0158625	0.0253314	0.019441	0.00485354	0.172869	0.0055432	0.00916185	0.0157037	0.0131455	0.00814509	0.0233589	0.148934	0.00535511	0.0120386	0.157749	0.0277412	0.0189638	0.00171388	0.00465097
158	0.0132071	0.00203882	0.378344	0.0338037	0.00236661	0.0190871	0.0606843	0.00882205	0.0158319	0.00380556	0.00169113	0.375384	0.00124279	0.00161665	0.0233029	0.0379413	0.014944	0.00404698	0.000357649	0.00148068
159	0.0253753	0.0104562	0.00598839	0.0251787	0.0378037	0.0138716	0.020408	0.0272446	0.00480022	0.510236	0.168301	0.00588326	0.00313938	0.0573054	0.00966913	0.0147682	0.0413117	0.00877125	0.00132597	0.00816171
160	0.132858	0.00434421	0.0480625	0.0181482	0.00249128	0.015555	0.0548664	0.00566969	0.0611218	0.0290082	0.0395576	0.0453833	0.0249292	0.021407	0.0368436	0.363643	0.0791823	0.0144742	0.000558375	0.00189635
161	0.0854447	0.023417	0.00757599	0.00886361	0.00859602	0.00918892	0.0200587	0.012107	0.00401502	0.00673229	0.00609855	0.0143453	0.00258042	0.00370338	0.0064337	0.370982	0.339283	0.0599038	0.000862502	0.00980805
162	0.0565322	0.00493005	0.204825	0.327249	0.0028497	0.0234411	0.0170832	0.00569453	0.0619363	0.0157125	0.00392438	0.0554682	0.0263529	0.0577363	0.0238509	0.0517376	0.0336494	0.023881	0.000232407	0.00291348
163	0.0135203	0.0141669	0.000773508	0.00363446	0.443433	0.00524641	0.0224796	0.0218862	0.00339718	0.0497191	0.00890037	0.00485918	0.00422231	0.00198923	0.00466413	0.0188325	0.0096627	0.0434802	0.0150023	0.310131
164	0.173787	0.0443413	0.0206955	0.0318687	0.0138671	0.0251847	0.0112959	0.0321634	0.0194523	0.031328	0.0118932	0.025973	0.179943	0.0167777	0.0239013	0.116361	0.0635813	0.14297	0.00638199	0.00823325
165	0.0125358	0.00552901	0.00348786	0.0222117	0.00394168	0.0215814	0.00461991	0.114054	0.00541158	0.0569151	0.0372293	0.00556476	0.00350253	0.00409814	0.0679154	0.0264337	0.190065	0.336157	0.00163236	0.0771139
166	0.0317204	0.0108344	0.00162238	0.00387153	0.0456589	0.00568232	0.00434601	0.233188	0.00332544	0.22897	0.164916	0.00488916	0.0029288	0.00510072	0.00624538	0.00855327	0.022963	0.206496	0.00184188	0.00684738
167	0.0528933	0.00270444	0.303103	0.184054	0.0114787	0.029438	0.0202691	0.0046269	0.0515066	0.0383609	0.00457544	0.105591	0.0179931	0.0199934	0.0228764	0.0653172	0.0352738	0.0200574	0.000751868	0.00913481
168	0.0837609	0.0296886	0.00988074	0.0176016	0.00849047	0.0142218	0.0144103	0.0122293	0.00974936	0.0107507	0.00704685	0.0200706	0.00743042	0.0066149	0.00860055	0.342726	0.339867	0.0448989	0.000756408	0.0112051
169	0.0242004	0.00551163	0.00310997	0.00634282	0.0161497	0.00388038	0.0041957	0.28384	0.0122401	0.226797	0.0161605	0.0457191	0.0247057	0.0465243	0.0090745	0.0089475	0.0167636	0.24047	0.001883	0.00348438
170	0.098224	0.00311135	0.0397413	0.125938	0.0047873	0.0299514	0.0150913	0.0217746	0.140174	0.0291607	0.00552616	0.037586	0.00178918	0.115269	0.0778403	0.0561822	0.12069	0.0695235	0.00448783	0.00315192
171	0.260845	0.120481	0.00124262	0.00381389	0.00606194	0.0464225	0.00251265	0.00240336	0.00182999	0.024543	0.0096022	0.0180526	0.00598219	0.011159	0.00581637	0.323651	0.109525	0.0404241	0.00039646	0.00523494
172	0.017201	0.0177246	0.00152904	0.00336778	0.31176	0.0110884	0.0549092	0.0205522	0.00716303	0.0268995	0.00683529	0.0144231	0.00478653	0.00451611	0.0121875	0.0107429	0.0150192	0.0233768	0.0290173	0.406901
173	0.0217856	0.0125433	0.0020635	0.0136851	0.18255	0.0051201	0.00262297	0.141156	0.00145748	0.37175	0.0356126	0.00220834	0.00760232	0.0036175	0.0102606	0.01429	0.0322195	0.118718	0.000408249	0.0203286
174	0.0789268	0.00297714	0.0230985	0.101646	0.0050091	0.0603205	0.0229087	0.00977494	0.16775	0.0254725	0.00934613	0.0792591	0.00112847	0.0957611	0.126343	0.070778	0.0862429	0.0266422	0.0013154	0.00530007
175	0.359243	0.0893827	0.0049017	0.00768048	0.00582006	0.0370368	0.00489936	0.00488887	0.00514313	0.020196	0.00847758	0.0142847	0.017481	0.0120203	0.023338	0.282399	0.0652163	0.0318263	0.000921601	0.00484305
176	0.00967155	0.00533082	0.00101134	0.0015064	0.0245501	0.00177568	0.00468079	0.0473863	0.00116452	0.748403	0.0145322	0.00205698	0.00137308	0.00234901	0.00283362	0.00769552	0.00548906	0.10636	0.00244456	0.00938577
177	0.0599472	0.00268313	0.314499	0.206191	0.00327331	0.0326262	0.0133304	0.00245065	0.0489078	0.0203966	0.00159938	0.0740241	0.0219162	0.0183845	0.0328545	0.0778711	0.0380317	0.0205202	0.000413598	0.0100787
178	0.0836929	0.00239468	0.0235956	0.104695	0.00527017	0.0518625	0.0174287	0.0115455	0.171625	0.0290892	0.00868092	0.069336	0.000886412	0.102891	0.125567	0.0612391	0.0913236	0.0320482	0.00162462	0.0052038
179	0.23508	0.352885	0.00291887	0.00414772	0.00522113	0.0121936	0.00416818	0.00797613	0.00429847	0.0119852	0.0290336	0.00673201	0.00758282	0.00460447	0.00464055	0.0657072	0.136719	0.0996636	0.00103589	0.00340661
180	0.0158137	0.0193306	0.00142628	0.00207418	0.25786	0.0142598	0.0710845	0.0190172	0.00708686	0.0167554	0.00591436	0.0177399	0.00458096	0.00488714	0.0128879	0.0046423	0.0160576	0.0126126	0.0409069	0.455062
181	0.0833342	0.00241159	0.0232774	0.104175	0.00534756	0.0521235	0.0174271	0.0113082	0.17186	0.0289328	0.00870868	0.069701	0.000876027	0.102181	0.127085	0.0620088	0.0911307	0.0312235	0.00158116	0.00530622
182	0.105987	0.148231	0.00180749	0.00231715	0.0292488	0.00413203	0.00257562	0.111412	0.00242281	0.122914	0.0154655	0.00353281	0.0179932	0.00260293	0.00317552	0.00730521	0.12284	0.29344	0.000746221	0.00185065
183	0.0253121	0.0272272	0.00314054	0.00902758	0.287965	0.00872906	0.00984786	0.0681803	0.00408807	0.271472	0.0381701	0.00507327	0.00366824	0.00455842	0.00543973	0.0198416	0.0216865	0.0963551	0.00290149	0.0873161
184	0.0625411	0.0312683	0.0558296	0.0475005	0.0602685	0.0340948	0.105747	0.0282213	0.0473431	0.0551748	0.0177383	0.075171	0.0174472	0.0302692	0.0429435	0.0868681	0.0551584	0.0502073	0.00917355	0.0870349
185	0.243771	0.105238	0.00118053	0.00328895	0.00679121	0.0425563	0.00253945	0.00215528	0.0016501	0.0218524	0.00931427	0.0151178	0.0040248	0.00784622	0.00456025	0.339982	0.141291	0.0378783	0.000397313	0.00856504
186	0.0753404	0.0302973	0.012341	0.0173721	0.0377858	0.0180714	0.0155445	0.0614673	0.0150719	0.230786	0.120057	0.022183	0.10724	0.0232559	0.0187671	0.0585739	0.0448023	0.0707312	0.00627724	0.0140345
187	0.0161974	0.0197862	0.000922349	0.00183083	0.263075	0.0143411	0.0732186	0.0182159	0.00716217	0.0122532	0.00522159	0.0186287	0.00452711	0.00459657	0.0136649	0.00404847	0.0162747	0.0103559	0.0375572	0.458122
188	0.0485384	0.0992662	0.0109877	0.0117909	0.0127454	0.130598	0.0477301	0.0235616	0.0135289	0.0192019	0.00907556	0.0973349	0.0569616	0.0153469	0.0196081	0.160005	0.139919	0.0730446	0.00227631	0.00847886
189	0.022273	0.00394184	0.00371226	0.00995157	0.00311776	0.05827	0.0110259	0.00564645	0.239827	0.0570245	0.0178356	0.109836	0.0024572	0.0376591	0.330923	0.0396432	0.0300622	0.00950579	0.00119428	0.00609256
190	0.0257281	0.0106148	0.00659855	0.0251802	0.036431	0.0125474	0.019783	0.0349146	0.00544218	0.498973	0.171058	0.00669772	0.00305132	0.0541437	0.00980914	0.0158526	0.0385945	0.0140538	0.00155268	0.0089737
191	0.157678	0.0638428	0.00893819	0.0187194	0.0180176	0.0125985	0.00857045	0.0574011	0.0149524	0.0425509	0.0115295	0.016974	0.0750958	0.0100483	0.017566	0.0688057	0.120403	0.265675	0.00357573	0.00705711
192	0.0663243	0.00320343	0.0132016	0.0669333	0.00348228	0.0278113	0.0275848	0.0120036	0.177683	0.0167677	0.010411	0.0391787	0.00280446	0.0922074	0.249351	0.0739644	0.0809883	0.0312331	0.00129936	0.00356709
