449	20
1	0.0122693	0.00648507	0.00633781	0.00218555	0.535434	0.00668204	0.035003	0.016581	0.00111983	0.0406786	0.00835047	0.0138701	0.000778766	0.00625749	0.01257	0.00988618	0.00212143	0.0190786	0.0126187	0.251692
2	0.372707	0.0369878	0.0038689	0.00357105	0.00882309	0.19397	0.00335184	0.0194039	0.00323012	0.0343415	0.00472976	0.00310331	0.0277989	0.00314111	0.00372093	0.213916	0.0176935	0.0395631	0.00417607	0.00190233
3	0.0468752	0.0203258	0.00125474	0.00606205	0.0289019	0.00647509	0.00733324	0.139848	0.0130261	0.364313	0.11545	0.00586094	0.00579396	0.0212676	0.00242588	0.0188424	0.0463466	0.146968	0.000379759	0.00224939
4	0.0569939	0.00674692	0.0240095	0.0244277	0.0186981	0.0163637	0.0159589	0.0797345	0.0521905	0.19427	0.0549045	0.042063	0.00623183	0.102776	0.0343203	0.0847945	0.0859621	0.0847731	0.00727414	0.00750736
5	0.0312771	0.0222069	0.000864573	0.00210305	0.0354599	0.00323456	0.00380755	0.128823	0.00397693	0.502869	0.0951881	0.0014791	0.00229057	0.00716307	0.0014052	0.0145894	0.0307749	0.109582	0.0010815	0.00182376
6	0.0129679	0.00677658	0.00119511	0.000891508	0.0431293	0.000482833	0.000615363	0.121692	0.000663987	0.669134	0.0639157	0.000500831	0.000313733	0.0025596	0.00230394	0.00414199	0.0123017	0.0519793	0.00223479	0.00219973
7	0.075359	0.00573843	0.027007	0.110328	0.00910362	0.0333574	0.0983591	0.0111513	0.0430882	0.040902	0.0316817	0.0639035	0.0100653	0.150408	0.118	0.0547656	0.0651102	0.0201275	0.000530255	0.0310138
8	0.0257691	0.00592195	0.000334254	0.00170304	0.020491	0.000493742	0.000347829	0.376223	0.000398222	0.253394	0.0425059	0.000548415	0.000261476	0.00200284	0.00123908	0.00524777	0.0179731	0.240771	0.00165727	0.00271737
9	0.0754446	0.0129043	0.00209875	0.00306386	0.0181993	0.0030804	0.00168047	0.252141	0.000453238	0.127515	0.0436942	0.00665551	0.00255434	0.00216067	0.00628153	0.0288506	0.090086	0.318809	0.000611536	0.0037158
10	0.160836	0.0341314	0.0630812	0.0811932	0.0180742	0.0525862	0.0433196	0.0153884	0.0383646	0.0244391	0.0114516	0.0385604	0.0242648	0.101194	0.0201929	0.148368	0.0615576	0.0491295	0.000751585	0.0131155
11	0.389248	0.0385066	0.00340608	0.00323406	0.0106916	0.212016	0.00329578	0.0126845	0.0042735	0.0268419	0.00355236	0.00220957	0.0172923	0.00306597	0.00438741	0.215636	0.0131852	0.0296927	0.00514084	0.00163964
12	0.674214	0.00717227	0.000736851	0.00388588	0.000907867	0.0410128	0.00100782	0.00233655	0.00258981	0.00205346	0.00121358	0.00136327	0.0102527	0.00144675	0.00104398	0.177422	0.041894	0.0279239	0.0003643	0.00115792
13	0.0246559	0.0181831	0.000570312	0.00183704	0.00610911	0.0008856	0.00253951	0.374723	0.000644338	0.0922044	0.00886535	0.00109355	0.00236185	0.0038471	0.00104328	0.00548267	0.011664	0.437799	0.000485956	0.00500527
14	0.15086	0.0168155	0.00398275	0.0190011	0.0406463	0.019024	0.104299	0.0320915	0.0245139	0.0362573	0.0240773	0.0550419	0.00606263	0.059402	0.0437045	0.11093	0.0853198	0.0725892	0.00202249	0.0933587
15	0.0219393	0.0174322	0.00108375	0.00105583	0.211719	0.00245809	0.00479853	0.11021	0.00105747	0.406042	0.0655027	0.00208643	0.000646374	0.00309838	0.00348321	0.00918832	0.0233595	0.0699104	0.00827415	0.0366553
16	0.0274618	0.00621181	0.00917219	0.0114218	0.00448199	0.0106433	0.012219	0.017018	0.394996	0.0236955	0.0125354	0.0309908	0.00348563	0.0391956	0.305998	0.0382944	0.0273031	0.0195195	0.00140988	0.00394644
17	0.0637766	0.011193	0.0666216	0.0468193	0.0102719	0.0275827	0.0305649	0.0142426	0.120894	0.027466	0.0180938	0.201928	0.0174646	0.0602181	0.152408	0.0652618	0.0325761	0.0240455	0.00171731	0.00685382
18	0.0218664	0.0237197	0.000390525	0.000605138	0.32112	0.00345501	0.00740683	0.0885351	0.000473164	0.277047	0.062844	0.00210767	0.000367853	0.00194583	0.00462021	0.00947238	0.0242375	0.0754127	0.0130524	0.0613203
19	0.023325	0.0217643	0.00065627	0.00178472	0.00349527	0.0010124	0.00306261	0.369231	0.00076125	0.0636581	0.00220138	0.00114509	0.00287184	0.00431897	0.00099484	0.00462297	0.00998293	0.479177	0.000242894	0.00569115
20	0.0213773	0.00765739	0.00822947	0.00726348	0.00528232	0.0119024	0.0134279	0.0137965	0.372704	0.0246537	0.0104188	0.0301042	0.00397797	0.0383323	0.346449	0.0434128	0.0227988	0.0141765	0.000902528	0.00313259
21	0.0661398	0.00797224	0.0233638	0.0241263	0.0100676	0.0179066	0.0273908	0.0143283	0.191345	0.0361705	0.00847268	0.102286	0.00815445	0.0417956	0.265468	0.0738366	0.0432054	0.0262181	0.00140498	0.0103476
22	0.0709477	0.0379807	0.0088775	0.0145876	0.0134327	0.0386113	0.142753	0.0197055	0.0777622	0.0669912	0.0130293	0.0884809	0.00929486	0.0309859	0.141663	0.107161	0.0308369	0.0261977	0.00257198	0.058129
23	0.0217169	0.0208279	0.00624484	0.0280563	0.0471597	0.0171867	0.0117753	0.0206626	0.0144355	0.0174958	0.00884408	0.0106216	0.00549137	0.011968	0.030145	0.0275536	0.0132399	0.0175304	0.592953	0.0760918
24	0.119716	0.0104079	0.0769263	0.0118755	0.00458322	0.0379139	0.0265171	0.0757924	0.0840076	0.0449985	0.00603222	0.0603015	0.0264387	0.0253166	0.0704087	0.107655	0.0646593	0.137185	0.00189183	0.00737273
25	0.0226072	0.0188544	0.000541745	0.00169351	0.00658585	0.000902793	0.00242809	0.378165	0.000656761	0.0942337	0.00887543	0.000952208	0.00224178	0.00371769	0.000939657	0.00455868	0.0103978	0.436139	0.000514062	0.0049948
26	0.0202563	0.0089398	0.00841695	0.00558384	0.00625892	0.0130233	0.0156784	0.0118739	0.341878	0.0257696	0.00915608	0.0309523	0.0047707	0.0394683	0.371974	0.0497128	0.0210002	0.011915	0.000668834	0.00270279
27	0.135927	0.0179215	0.0261372	0.0307425	0.00157426	0.0523292	0.0159549	0.0139215	0.0563991	0.0056846	0.00633629	0.0612026	0.00461977	0.0519406	0.0736396	0.287547	0.131779	0.0244115	0.00043931	0.00149338
28	0.0574095	0.00720798	0.0405264	0.0896553	0.0191777	0.0180382	0.0646598	0.0298226	0.0509404	0.0974849	0.0478324	0.0519643	0.00503359	0.12906	0.0776844	0.0767319	0.072345	0.0367499	0.00106521	0.0266109
29	0.024699	0.00589226	0.000302868	0.00170733	0.0203926	0.000453166	0.000352569	0.381268	0.000317173	0.25261	0.0419224	0.000411934	0.000226933	0.00196893	0.00120208	0.00487864	0.0163568	0.240539	0.00172327	0.00277477
30	0.0246064	0.00582139	0.000305566	0.00168117	0.0203836	0.000445686	0.000341415	0.381325	0.00030706	0.253363	0.0423309	0.000417563	0.000214082	0.00192326	0.00121979	0.00487497	0.0165509	0.23941	0.00172104	0.00275762
31	0.0463061	0.0128177	0.0818719	0.0630368	0.00215321	0.122452	0.0118362	0.00555692	0.0116948	0.00757619	0.0056647	0.0874452	0.183484	0.0497826	0.0214148	0.186715	0.0903797	0.00663154	0.000891628	0.0022887
32	0.0715949	0.0294372	0.00131234	0.00364039	0.0244147	0.00837503	0.00663738	0.14234	0.00638623	0.278788	0.105342	0.00481078	0.00436657	0.0113208	0.00339922	0.0388485	0.0669002	0.189462	0.000781591	0.00184247
33	0.0251407	0.0144855	0.00225804	0.0027848	0.0708413	0.0024999	0.00363251	0.143394	0.00302645	0.482408	0.0907551	0.00290926	0.0023735	0.00790536	0.00239782	0.0146356	0.0316698	0.0881149	0.00194897	0.00681816
34	0.031419	0.0240075	0.000813852	0.00235503	0.080247	0.00331336	0.00457189	0.142526	0.00343622	0.427849	0.0928866	0.0018413	0.00186042	0.00596602	0.00204418	0.0138929	0.0331557	0.116042	0.00231317	0.0094584
35	0.139676	0.0180013	0.0237388	0.0266213	0.00163153	0.0478263	0.016961	0.0142059	0.0624086	0.00575958	0.00630795	0.0583326	0.00448477	0.0459687	0.0783859	0.285791	0.134295	0.0275861	0.000493773	0.00152385
36	0.0245385	0.00708237	0.000303343	0.00170981	0.0193153	0.000486401	0.000512709	0.380994	0.000337059	0.238371	0.0387907	0.000459249	0.000440615	0.00210413	0.0011654	0.00472119	0.0159083	0.257922	0.00162796	0.00320895
37	0.0251078	0.0103204	0.0106963	0.00694013	0.00825252	0.0153211	0.0209153	0.00923872	0.288808	0.0312864	0.00797998	0.0391324	0.00665331	0.0454547	0.375077	0.0616244	0.021789	0.0118373	0.000434553	0.00313075
38	0.117629	0.00775231	0.0141249	0.0253572	0.00508959	0.0321092	0.0153451	0.069731	0.129589	0.0309828	0.0197601	0.0341349	0.0303704	0.0326655	0.13572	0.14666	0.073901	0.0709682	0.00218658	0.00592408
39	0.0428606	0.0209224	0.016763	0.0251771	0.135499	0.0194124	0.0500924	0.0645471	0.0143645	0.0602666	0.0218003	0.100715	0.00881636	0.184289	0.016414	0.0483592	0.0301375	0.0530733	0.00745365	0.0790359
40	0.012851	0.00817285	0.000966595	0.00143484	0.083633	0.000800686	0.00116782	0.14282	0.00102452	0.574162	0.0714629	0.00080278	0.000457677	0.00341116	0.00208372	0.00516487	0.0208705	0.0579178	0.00252773	0.00826785
41	0.188729	0.0243438	0.0132522	0.0306546	0.00245313	0.0818261	0.0162911	0.0320263	0.0299026	0.0104161	0.00889103	0.0300815	0.00793199	0.0526745	0.0479174	0.246944	0.122334	0.0487593	0.000753621	0.00381822
42	0.0194869	0.00154256	0.363183	0.352215	0.00119947	0.00919499	0.0112499	0.00992593	0.00497817	0.00744496	0.00901113	0.0669804	0.00305632	0.054167	0.0129887	0.0373669	0.0117305	0.0204137	0.000401475	0.00346276
43	0.670673	0.00749325	0.000754366	0.00386974	0.000919806	0.041247	0.00112139	0.00245298	0.00259235	0.00207922	0.00127882	0.00140159	0.0103805	0.00153007	0.00116093	0.178349	0.0428241	0.0282901	0.000366991	0.0012155
44	0.0236506	0.0059292	0.000311523	0.00172158	0.0206132	0.0004535	0.000352561	0.384916	0.000326106	0.247642	0.0426061	0.000434955	0.000249164	0.00197585	0.00135822	0.00476145	0.0159997	0.242025	0.00182304	0.00285054
45	0.280155	0.0426299	0.00407249	0.00547358	0.00108926	0.0457335	0.0155692	0.0168221	0.0137888	0.00552685	0.00787044	0.0168965	0.00698611	0.0163273	0.021439	0.264036	0.168897	0.0579773	0.000324411	0.00838541
46	0.0875143	0.0126497	0.00300182	0.00439292	0.0204847	0.00508059	0.00689931	0.20325	0.00218234	0.112985	0.0489201	0.00941458	0.00509452	0.00476364	0.0159827	0.0385918	0.108006	0.302799	0.000625015	0.00736155
47	0.0424273	0.0105482	0.00108006	0.00303765	0.0167673	0.00189473	0.00128333	0.351347	0.000790186	0.17478	0.0530149	0.00325639	0.00151546	0.00291818	0.00333836	0.0140814	0.0420195	0.271434	0.00120697	0.00325929
48	0.398483	0.0442492	0.0034835	0.00354809	0.0100538	0.19719	0.00351868	0.0131574	0.00370497	0.0252928	0.0045045	0.00315456	0.0157539	0.00382746	0.00383902	0.215006	0.0140271	0.0291117	0.00609113	0.00200289
49	0.0744343	0.00247711	0.0725729	0.152711	0.0035917	0.0402258	0.023594	0.00864428	0.0708788	0.0233263	0.0216984	0.0819583	0.0102412	0.148256	0.0461498	0.104407	0.0801364	0.029223	0.000176601	0.00529693
50	0.143611	0.0150695	0.00454839	0.0244049	0.0364155	0.0174849	0.114765	0.0280568	0.0258571	0.0371701	0.0217703	0.0483496	0.00386279	0.0592358	0.0477294	0.116253	0.0875699	0.0729488	0.00174109	0.0931561
51	0.0238379	0.00277578	0.373009	0.305169	0.00153089	0.0155706	0.0120343	0.0101885	0.00604056	0.0102911	0.0101971	0.0702778	0.00467565	0.0519534	0.0124008	0.0464406	0.0167946	0.0213008	0.000649069	0.00486236
52	0.0128299	0.00744035	0.00598808	0.00213825	0.525705	0.00651197	0.0332427	0.0198181	0.00115171	0.0534181	0.0110903	0.0131067	0.000733511	0.00596758	0.0119124	0.00979492	0.00316361	0.0218614	0.0128234	0.241302
53	0.0655582	0.00260136	0.00318964	0.0298645	0.0100574	0.0316783	0.0207141	0.00854972	0.00644363	0.0412731	0.0083605	0.00526939	0.644741	0.00812472	0.0105183	0.0350175	0.0196094	0.0132165	0.0177555	0.0174568
54	0.0753318	0.00586427	0.0706428	0.045628	0.00746513	0.0123197	0.0275189	0.00675687	0.162833	0.0182036	0.0139851	0.202892	0.0173769	0.0625241	0.179179	0.0471866	0.0203831	0.0180697	0.00100416	0.00483529
55	0.0231219	0.0236431	0.00639645	0.0320459	0.0116165	0.0192206	0.00884214	0.0245357	0.0173015	0.0177201	0.00987936	0.01194	0.00618565	0.0131683	0.0279594	0.0301449	0.0149706	0.0194496	0.634138	0.0477198
56	0.0483195	0.00480118	0.0334791	0.088629	0.00222532	0.0185821	0.00649603	0.00633023	0.0473776	0.0233173	0.00511627	0.0324413	0.46432	0.0841645	0.00459057	0.0676894	0.0526699	0.00657691	0.000757331	0.00211611
57	0.0496762	0.00286963	0.109333	0.104161	0.00170605	0.0887062	0.0254696	0.00314834	0.00593373	0.00849495	0.0037361	0.214673	0.00806308	0.0548674	0.003828	0.178373	0.105496	0.023103	0.000610857	0.00775088
58	0.017754	0.00885408	0.00163567	0.00154878	0.068747	0.00108139	0.00168316	0.133422	0.00131667	0.589022	0.0652469	0.00162611	0.00113494	0.00384757	0.00272058	0.00702696	0.0172348	0.0652745	0.00302438	0.00779824
59	0.0173801	0.0118148	0.000957503	0.00145696	0.0487582	0.00118887	0.00142557	0.14792	0.00151681	0.569081	0.0798222	0.000846752	0.000870896	0.00375368	0.00197336	0.00684815	0.0214686	0.0791425	0.00144908	0.00232519
60	0.0515408	0.00803821	0.0540811	0.0739207	0.00171886	0.0579364	0.00806992	0.00625773	0.0253455	0.013755	0.00737676	0.056284	0.336455	0.0726386	0.0112128	0.122181	0.0853526	0.00549182	0.000568982	0.0017743
61	0.0874891	0.0152024	0.00264157	0.00342516	0.0181338	0.00411112	0.00213838	0.221585	0.000493465	0.0890372	0.0435823	0.00889369	0.00311729	0.00211491	0.00795055	0.0357414	0.109933	0.33985	0.000281585	0.00427831
62	0.10137	0.00386106	0.0679189	0.130113	0.00263498	0.0495866	0.0211409	0.00975621	0.0687057	0.0196592	0.0180818	0.0788559	0.0171476	0.144123	0.0321395	0.122265	0.0778667	0.0317628	0.000227999	0.00278285
63	0.0229419	0.0105326	0.0101477	0.0050076	0.00879174	0.0158581	0.0213839	0.00859825	0.289847	0.0300486	0.00717858	0.0371674	0.00590158	0.0417739	0.386235	0.0635754	0.0211451	0.0103635	0.000347803	0.00315411
64	0.0137701	0.00883981	0.00091541	0.0016498	0.10381	0.000981331	0.00141194	0.153781	0.00102545	0.523271	0.0766207	0.00086622	0.000429876	0.00329445	0.00214389	0.00513561	0.0239573	0.0646422	0.00273915	0.0107151
65	0.0856371	0.00359735	0.0635837	0.1262	0.00147652	0.0633833	0.0238798	0.00811011	0.0694355	0.0186713	0.0204883	0.0848009	0.00891535	0.133962	0.0550334	0.116079	0.0897034	0.0251152	0.000293989	0.00163368
66	0.0625067	0.00739655	0.00544794	0.0234384	0.0255629	0.0225615	0.0326712	0.145995	0.0236718	0.176778	0.0596874	0.0296433	0.005705	0.0513502	0.0250399	0.0286481	0.0555203	0.210327	0.00242039	0.0056281
67	0.103143	0.0144765	0.0172111	0.0144629	0.0122715	0.0234894	0.0551927	0.0943875	0.074868	0.059602	0.0102965	0.0819241	0.0100618	0.0280042	0.086586	0.0848336	0.0696815	0.119494	0.00499458	0.0350188
68	0.446726	0.0269447	0.00257455	0.00365668	0.00598454	0.161427	0.00355166	0.0139738	0.00474269	0.018966	0.00336664	0.00277653	0.0186975	0.003774	0.00534018	0.205651	0.0330727	0.0341102	0.00289071	0.00177297
69	0.0812037	0.0139315	0.0024048	0.00310832	0.0174085	0.00395129	0.00189437	0.24495	0.000599676	0.111321	0.0425648	0.00727293	0.00324221	0.00281899	0.00688998	0.0345503	0.0957814	0.321599	0.000614273	0.00389367
70	0.0162593	0.00814401	0.0016573	0.00184021	0.0418746	0.00106907	0.00181836	0.13466	0.00131688	0.621049	0.0643291	0.00141309	0.00100516	0.00428625	0.00275109	0.00609698	0.015135	0.0705821	0.0021785	0.00253441
71	0.0697217	0.00703623	0.0281821	0.104007	0.011764	0.026514	0.069558	0.0187212	0.0526945	0.0488339	0.0362546	0.0417966	0.00471638	0.156201	0.113132	0.0713496	0.0723414	0.0310397	0.000508169	0.0356276
72	0.100909	0.0198147	0.0031412	0.00307914	0.0190403	0.00912906	0.00251195	0.206811	0.0016534	0.0868362	0.044217	0.0100129	0.00360024	0.00643196	0.0076058	0.0551276	0.11737	0.297554	0.00127577	0.00387919
73	0.224103	0.0325796	0.00645458	0.00622228	0.00976302	0.068689	0.00510803	0.118273	0.00621706	0.124498	0.0363946	0.00992548	0.00880798	0.0162494	0.00692869	0.147576	0.0562028	0.108589	0.00320481	0.00421332
74	0.0759509	0.0134839	0.135582	0.158416	0.01465	0.0314814	0.0570298	0.00942322	0.0397151	0.0232587	0.0140951	0.109319	0.0101968	0.0827398	0.043065	0.0918773	0.0468722	0.0310483	0.00059583	0.0112
75	0.192351	0.0226046	0.0192604	0.0207544	0.001761	0.0492363	0.0155352	0.014394	0.0325531	0.00617679	0.00635679	0.0480142	0.00673722	0.0439057	0.0447766	0.282134	0.155155	0.033361	0.000484243	0.00444967
76	0.0242134	0.00579948	0.000305061	0.00169559	0.0212798	0.00043697	0.000346857	0.38045	0.000313374	0.254983	0.0426336	0.000402256	0.000215353	0.00195725	0.00122378	0.00481465	0.0163292	0.238065	0.00175205	0.00278309
77	0.0263205	0.0267832	0.000424861	0.000908271	0.288221	0.00389524	0.00772495	0.0900719	0.0010136	0.286485	0.0694003	0.00211281	0.000717969	0.00254979	0.00421346	0.0118373	0.0270312	0.0850532	0.0116307	0.0536047
78	0.0668068	0.00774954	0.0244867	0.0731863	0.00848987	0.0297131	0.0412987	0.0214584	0.162499	0.0321171	0.0226835	0.0589682	0.00365553	0.104724	0.155751	0.0571614	0.064934	0.0368344	0.00209363	0.0253891
79	0.0212678	0.00829478	0.0082374	0.00648249	0.00557105	0.0121956	0.0144713	0.0127389	0.3582	0.0256998	0.00964031	0.0310899	0.00442834	0.0389706	0.35805	0.046517	0.021582	0.0130981	0.00072341	0.00274173
80	0.0123084	0.00701215	0.00614254	0.00223493	0.505888	0.00619424	0.0310131	0.017173	0.00124117	0.0462381	0.00868019	0.0134316	0.000822312	0.00547009	0.012003	0.009268	0.00278828	0.0201591	0.0153102	0.276621
81	0.101778	0.016783	0.0300159	0.071309	0.00761806	0.0680783	0.0268081	0.0252614	0.0691442	0.0269542	0.015638	0.0504145	0.0125488	0.0726242	0.107841	0.156577	0.0747119	0.0546845	0.00192359	0.00928668
82	0.158464	0.00245636	0.0630785	0.239767	0.00309806	0.0414308	0.0123853	0.00631883	0.053381	0.0276307	0.0062073	0.0251013	0.0425953	0.116579	0.0244872	0.0816983	0.0487727	0.0430151	0.000560111	0.00297321
83	0.0482833	0.0339125	0.0327459	0.0557882	0.233181	0.0304872	0.029089	0.0181533	0.00973858	0.0461907	0.0533058	0.0233193	0.00716265	0.0438067	0.0100933	0.115841	0.0378254	0.0670654	0.00292659	0.101084
84	0.0346247	0.00991145	0.0131054	0.0114783	0.00835917	0.0242987	0.0259124	0.010687	0.260806	0.0307466	0.00836848	0.0425067	0.00606383	0.046109	0.352213	0.0649232	0.0292297	0.0155745	0.000617946	0.00446407
85	0.0254564	0.0159787	0.00394196	0.00454545	0.00334633	0.0185282	0.00634377	0.00954731	0.0167304	0.0114604	0.00578227	0.0520341	0.00337155	0.01886	0.00547653	0.450861	0.320174	0.0217197	0.00100609	0.0048363
86	0.0507755	0.00371604	0.232321	0.133389	0.00526368	0.0181639	0.0239882	0.0059348	0.0283429	0.00867312	0.0139248	0.238161	0.0264432	0.0633463	0.0450578	0.0566257	0.0156817	0.025316	0.000917467	0.00395754
87	0.166689	0.00270347	0.113641	0.333049	0.00284995	0.0245791	0.00997229	0.00434399	0.0516458	0.0139609	0.0033702	0.00755176	0.051213	0.060652	0.0343505	0.0606697	0.0261787	0.0290294	0.000629419	0.00292106
88	0.0391513	0.015306	0.00305468	0.00270876	0.0376749	0.00542092	0.00277076	0.161842	0.00315743	0.434262	0.0726796	0.00374814	0.00388434	0.00888712	0.00386152	0.0260939	0.0432372	0.127121	0.00158623	0.00355189
89	0.0124234	0.00740572	0.00650732	0.00260743	0.507581	0.00617589	0.0341569	0.0161519	0.00158303	0.0438262	0.00804685	0.0150807	0.000800096	0.0067908	0.0124501	0.0101742	0.00220263	0.0201091	0.0149566	0.27097
90	0.0549168	0.00369265	0.0242697	0.0338499	0.013894	0.0210416	0.0252506	0.0669699	0.0630205	0.163016	0.0509336	0.0463541	0.00339604	0.10383	0.0515017	0.0971198	0.0998019	0.0673832	0.0039741	0.00578398
91	0.0208803	0.0019075	0.355588	0.343748	0.00150792	0.0101596	0.0114185	0.0121488	0.00642825	0.00873573	0.0100952	0.0664478	0.00351202	0.0563539	0.0131886	0.0396037	0.0133132	0.0203048	0.000434643	0.00422294
92	0.0194582	0.00700479	0.000643057	0.00150227	0.0368933	0.00060646	0.000533146	0.275871	0.000698172	0.408704	0.0581862	0.000534668	0.00036794	0.00246928	0.00149999	0.00498804	0.0172164	0.158366	0.00175383	0.00270262
93	0.0425273	0.00561611	0.0127926	0.0224178	0.00765086	0.0139123	0.0286362	0.040778	0.218158	0.129444	0.0253605	0.0538899	0.00358415	0.0865442	0.143913	0.0470514	0.0494689	0.0585402	0.00353639	0.00617752
94	0.0263815	0.023253	0.0108082	0.0201355	0.175472	0.00486073	0.109689	0.0311095	0.0232524	0.100358	0.0301887	0.0433978	0.00189259	0.0454675	0.00643325	0.0380008	0.00572484	0.0451978	0.00387998	0.254497
95	0.146089	0.119377	0.00783847	0.00543367	0.0151656	0.0328064	0.00520737	0.13332	0.00823841	0.0594036	0.0117032	0.021354	0.00414713	0.0189916	0.0102902	0.147171	0.0790491	0.165249	0.00309359	0.0060723
96	0.020768	0.0206665	0.00169519	0.0021788	0.140471	0.00315806	0.00584039	0.132618	0.00171486	0.438898	0.0627871	0.00330905	0.00185286	0.00578159	0.00385737	0.0100706	0.0202255	0.0811212	0.00665245	0.0363336
97	0.0458612	0.00235491	0.231923	0.214752	0.00144799	0.0485911	0.01658	0.00572925	0.0168768	0.0126564	0.0100472	0.116632	0.00945893	0.0799194	0.0141342	0.0972858	0.0516211	0.0205428	0.000357647	0.00322844
98	0.0979153	0.00656579	0.0224373	0.0323123	0.00623639	0.0397355	0.0259638	0.0540599	0.182133	0.0292498	0.00892657	0.0809422	0.00665526	0.0452135	0.132154	0.0664298	0.0830098	0.0664785	0.00438252	0.00919903
99	0.0171306	0.0128814	0.000779308	0.00191945	0.152004	0.00192694	0.00321431	0.143581	0.00198497	0.438411	0.0776918	0.00158513	0.000797883	0.00471517	0.00249466	0.00706595	0.0292016	0.076437	0.00470932	0.021468
100	0.292773	0.0647378	0.00889248	0.0150848	0.00801424	0.0625819	0.0263398	0.0148188	0.0157165	0.013665	0.0219506	0.0214122	0.0199234	0.076961	0.0162766	0.175343	0.0998133	0.035271	0.0013649	0.00905894
101	0.153285	0.00379932	0.0475503	0.14691	0.00401279	0.0469536	0.0171661	0.00843706	0.060439	0.0324892	0.0095818	0.0422375	0.0377981	0.144337	0.0225414	0.107539	0.065205	0.0454549	0.000392593	0.0038685
102	0.0595857	0.00399523	0.00404136	0.0344405	0.00877684	0.030796	0.0159671	0.0113547	0.00817169	0.0625173	0.0108189	0.00690963	0.615367	0.00946122	0.0167752	0.0332167	0.0232353	0.0204982	0.0103842	0.0136873
103	0.0137496	0.0121839	0.00586843	0.00313818	0.469616	0.00584543	0.0361874	0.0305037	0.00229626	0.0860429	0.0188861	0.0143618	0.000717292	0.00840249	0.0105785	0.0121394	0.00563658	0.0297163	0.0116403	0.22249
104	0.0461261	0.00747206	0.0165693	0.0206629	0.0346134	0.0135258	0.0199181	0.0718533	0.0430892	0.238195	0.0627568	0.029277	0.00616854	0.0871443	0.0258249	0.0537739	0.101376	0.0953822	0.00399162	0.0222795
105	0.075005	0.00221868	0.0736959	0.152714	0.00328455	0.0415841	0.0227505	0.00824064	0.0683004	0.0224006	0.0203783	0.0835225	0.0104141	0.149679	0.0462343	0.10463	0.0808092	0.0294717	0.00018102	0.00448555
106	0.0239023	0.0138398	0.000842113	0.00217915	0.0479369	0.00204735	0.00240167	0.154979	0.00338353	0.503507	0.0847221	0.00157614	0.00139669	0.00584707	0.0018623	0.00941904	0.0281602	0.108255	0.00124793	0.00249398
107	0.0219322	0.0236215	0.000389626	0.000583549	0.321657	0.00344463	0.00737972	0.0887495	0.000471827	0.276867	0.0628017	0.00209689	0.000368556	0.00191895	0.00460684	0.00949228	0.0242259	0.0755576	0.0130588	0.0607757
108	0.0498552	0.00385129	0.0158235	0.0296993	0.0113891	0.0193656	0.0148654	0.0691989	0.116652	0.149108	0.0430317	0.0462264	0.00270259	0.112829	0.0497833	0.0783301	0.0874451	0.0895285	0.00553103	0.00478352
109	0.0793148	0.0335892	0.002152	0.00423552	0.0196119	0.0155416	0.00574366	0.13393	0.0108854	0.277981	0.101001	0.00534812	0.00728491	0.0204318	0.00320766	0.052625	0.0679984	0.155862	0.00168697	0.00156924
110	0.0846853	0.0107058	0.0240813	0.0510702	0.00581928	0.029194	0.0277717	0.0424432	0.193318	0.0279597	0.0101249	0.0702509	0.00363884	0.0542674	0.147816	0.054401	0.0840474	0.0647964	0.00366104	0.00994765
111	0.0518833	0.00849953	0.00804595	0.0342431	0.00813288	0.0233236	0.00426168	0.174444	0.00326559	0.173866	0.00521036	0.0262242	0.10203	0.0730746	0.0103716	0.058651	0.0711969	0.149635	0.00121854	0.0124222
112	0.099483	0.00599866	0.00480263	0.00604039	0.00497182	0.0399739	0.0441023	0.196906	0.00525929	0.155337	0.00685057	0.00824398	0.0390964	0.00854399	0.0263246	0.0442529	0.0119194	0.176022	0.034124	0.0817472
113	0.0213532	0.0291671	0.000776768	0.000998348	0.294144	0.00545453	0.00767419	0.0869288	0.00103044	0.285727	0.0632766	0.00268999	0.000816452	0.00412291	0.00448811	0.0098119	0.0224249	0.067986	0.0131712	0.077958
114	0.176439	0.103927	0.005295	0.00335448	0.0106637	0.0365699	0.00611407	0.0968163	0.00659551	0.0439191	0.0094154	0.0210567	0.00397295	0.0194205	0.0136494	0.159218	0.121544	0.154749	0.0012458	0.00603461
115	0.0144687	0.00698623	0.00244333	0.00222257	0.0591154	0.000884249	0.00145471	0.137397	0.00288159	0.58172	0.0754828	0.00244926	0.00116298	0.00938885	0.00216371	0.00750897	0.0231619	0.0637717	0.00158994	0.00374597
116	0.0492402	0.00340398	0.0292661	0.033376	0.0164347	0.0197348	0.0257782	0.0688492	0.0610123	0.164315	0.0479364	0.0480077	0.00386683	0.102371	0.0496642	0.0905084	0.105296	0.0703987	0.00384319	0.00669692
117	0.0382539	0.00782457	0.0429372	0.0151235	0.0552951	0.00311038	0.0192187	0.0875528	0.00552756	0.346577	0.0731038	0.04035	0.0198507	0.0540362	0.0150368	0.0508317	0.040098	0.0551302	0.00552921	0.0246133
118	0.0560564	0.0333566	0.00079145	0.00530054	0.0238506	0.0066729	0.00845692	0.128793	0.00836066	0.340644	0.131708	0.00359511	0.00482776	0.0148403	0.00156264	0.0244865	0.0474258	0.157361	0.000328937	0.00158068
119	0.165803	0.0889093	0.00589423	0.00268655	0.0189435	0.0282601	0.00276259	0.141534	0.00548568	0.0724737	0.0163354	0.0204194	0.00337965	0.0176301	0.00627919	0.125837	0.0911618	0.181592	0.00180564	0.00280784
120	0.0668451	0.0103357	0.0563137	0.155292	0.00485278	0.0341819	0.0267119	0.00961753	0.0788489	0.025768	0.0207415	0.0636422	0.00976096	0.159136	0.0648986	0.0926361	0.0745215	0.0360595	0.000389848	0.00944704
121	0.0227868	0.0145324	0.000447907	0.00192627	0.0118239	0.000764331	0.00161181	0.387372	0.000510994	0.159276	0.0242495	0.000680896	0.00132819	0.00302824	0.00103158	0.00443098	0.0127141	0.346473	0.000996461	0.00401527
122	0.0121825	0.00658078	0.00632897	0.00208018	0.537568	0.00678929	0.0350307	0.0162389	0.00119347	0.0410136	0.00863175	0.0136538	0.00076689	0.00598409	0.0123357	0.00993675	0.002137	0.0191592	0.0125238	0.249865
123	0.0120791	0.00991708	0.0095724	0.00671739	0.460591	0.00613408	0.0538786	0.0181019	0.0035558	0.0458128	0.0116827	0.0207108	0.000782479	0.0155613	0.0129863	0.0150684	0.00238454	0.0237481	0.0110128	0.259703
124	0.0498554	0.0123563	0.227426	0.147357	0.00759605	0.0454494	0.0311481	0.0115804	0.0158948	0.0190591	0.0110708	0.120933	0.0099951	0.051479	0.015603	0.123085	0.0653655	0.0257419	0.00088247	0.00812203
125	0.0167213	0.0140226	0.00086883	0.00104218	0.163537	0.0017174	0.00345059	0.117793	0.000728016	0.481803	0.0676592	0.00126488	0.000446752	0.0028463	0.00303374	0.00684065	0.0202073	0.0632987	0.00639514	0.0263233
126	0.0885259	0.0522587	0.00840119	0.00688741	0.005487	0.0233491	0.0113828	0.0199744	0.0150164	0.0163715	0.00803424	0.088622	0.00743268	0.0233548	0.0127249	0.334664	0.225746	0.0362481	0.00198799	0.013531
127	0.0834502	0.112319	0.00555552	0.00850959	0.0593301	0.0117283	0.00857154	0.013234	0.00715519	0.0150732	0.00863947	0.0120729	0.0042578	0.0115286	0.00782155	0.330137	0.0562123	0.0164241	0.0245478	0.203431
128	0.0467087	0.0102035	0.0089427	0.0202331	0.0489804	0.0187975	0.0714206	0.0856933	0.0187277	0.112799	0.0301953	0.0276797	0.00813172	0.228744	0.0215059	0.0346084	0.0550833	0.136725	0.00313729	0.011683
129	0.0205178	0.00190933	0.376987	0.330699	0.00128068	0.0111515	0.0113412	0.0096666	0.00526942	0.00867149	0.00935271	0.0670584	0.00342569	0.0518204	0.0125397	0.0391103	0.0128056	0.0216025	0.000451157	0.00433917
130	0.0152505	0.00665458	0.000956	0.001158	0.0445354	0.000495108	0.000494444	0.188783	0.000556318	0.557452	0.0631374	0.000467388	0.000320494	0.00216514	0.00194311	0.00417422	0.0155123	0.0914403	0.00192337	0.00258095
131	0.068146	0.00288428	0.00327134	0.0315026	0.0103061	0.0359052	0.020087	0.00539278	0.00534985	0.0424741	0.00895764	0.00564004	0.641159	0.00674016	0.0102986	0.0343926	0.0207315	0.0128054	0.0139857	0.0199705
132	0.168229	0.00300699	0.112794	0.324715	0.0031367	0.0250219	0.010066	0.00455539	0.0495576	0.0138263	0.00366161	0.0080693	0.0552498	0.0615783	0.0345142	0.0627986	0.0261095	0.0291508	0.000717052	0.00324168
133	0.0148525	0.0211395	0.0143607	0.0225166	0.284061	0.00483478	0.0914261	0.0278593	0.0116837	0.0619593	0.0230986	0.0446617	0.00107253	0.0444297	0.00799434	0.037877	0.00364674	0.0391633	0.00535119	0.238011
134	0.0168436	0.0129551	0.00419673	0.0020122	0.448749	0.00563479	0.024074	0.0465971	0.00101111	0.135513	0.029592	0.00959022	0.00070353	0.0050346	0.0089632	0.0106416	0.0111416	0.0437128	0.0122836	0.170751
135	0.0820546	0.0126955	0.0222816	0.0455007	0.0359243	0.128425	0.0958662	0.117045	0.00606249	0.0506429	0.043536	0.0928822	0.0229185	0.0368287	0.00806779	0.0427842	0.0362051	0.0918528	0.0205752	0.00785139
136	0.0217794	0.0235679	0.000394263	0.000598487	0.32033	0.00345081	0.00734914	0.0891155	0.000478599	0.278164	0.0630428	0.00210208	0.000377064	0.00197222	0.00457081	0.00949817	0.0242781	0.075312	0.0129847	0.0606334
137	0.062247	0.00465232	0.00792909	0.0281713	0.00637428	0.0210446	0.150852	0.0464552	0.0614542	0.263388	0.0299642	0.0415645	0.00348612	0.0786066	0.0784868	0.0276176	0.0358675	0.0455499	0.00176889	0.00451993
138	0.0979693	0.00686809	0.019795	0.0362321	0.00737512	0.0443141	0.0271966	0.0497117	0.181418	0.0268193	0.0100151	0.0823745	0.00470098	0.0497074	0.132094	0.063564	0.0841165	0.0594021	0.00534567	0.0109799
139	0.0205658	0.0298036	0.00383134	0.00430767	0.259624	0.00488949	0.0179702	0.080027	0.0027698	0.276751	0.0582151	0.00981885	0.00162664	0.0130967	0.00515035	0.013883	0.0191793	0.0606811	0.0134183	0.104391
140	0.014545	0.00970584	0.0010849	0.00099091	0.0902473	0.000969964	0.00178926	0.12244	0.000932194	0.586585	0.0644155	0.000878062	0.000411559	0.00311422	0.00265888	0.005456	0.0155293	0.0624101	0.00403162	0.0118042
141	0.0494026	0.0116593	0.0122609	0.0305237	0.0102388	0.012284	0.00371577	0.145229	0.00271088	0.186233	0.00426547	0.0166297	0.134236	0.0548589	0.0139511	0.0690835	0.0595621	0.174718	0.000831189	0.0076056
142	0.0497905	0.0237961	0.000883612	0.00570476	0.0272582	0.00725584	0.00749123	0.133413	0.012259	0.361669	0.118463	0.00496281	0.00520959	0.0194009	0.00219067	0.0196333	0.0464766	0.152082	0.000286822	0.00177328
143	0.0321273	0.0174096	0.231597	0.112208	0.0132742	0.0213297	0.0136648	0.0943499	0.0351958	0.0705034	0.0479012	0.0289916	0.00450125	0.0503624	0.0159429	0.101466	0.053871	0.0209484	0.00196303	0.0323916
144	0.0590816	0.00966378	0.0532199	0.114958	0.0189578	0.0216931	0.0588016	0.0187693	0.068591	0.0593792	0.0360937	0.0497157	0.00364636	0.135917	0.091989	0.071868	0.0680771	0.027954	0.000620742	0.0310039
145	0.0600626	0.0151287	0.00154071	0.00322138	0.0239423	0.00336748	0.00270965	0.225124	0.00266611	0.230708	0.067084	0.00499415	0.00242495	0.00513334	0.00427707	0.0225837	0.067657	0.25379	0.000584781	0.0029991
146	0.0234675	0.0102926	0.00951761	0.00548764	0.00754772	0.0141721	0.0198923	0.00957866	0.306144	0.0286786	0.00799149	0.0362676	0.00610494	0.044357	0.378871	0.0571512	0.0203277	0.0108765	0.000426185	0.00284761
147	0.281977	0.0395869	0.00469807	0.00439337	0.000881503	0.041971	0.0174174	0.0154617	0.0108975	0.00524597	0.00727756	0.0175693	0.00576618	0.0142726	0.0206069	0.259807	0.18634	0.0574172	0.000266702	0.00814641
148	0.14101	0.0325357	0.0664055	0.0855935	0.0115096	0.0681284	0.0298336	0.0137944	0.0385366	0.0199468	0.010435	0.0537327	0.018858	0.085834	0.0359245	0.168837	0.0730931	0.0370502	0.000620377	0.00832136
149	0.0233189	0.0217382	0.00065692	0.0017855	0.00349995	0.0010135	0.00305552	0.369399	0.000762045	0.0638172	0.00229961	0.00114459	0.00286621	0.00431311	0.000990752	0.00462763	0.00998677	0.478789	0.000246347	0.00568908
150	0.149685	0.0739705	0.00537408	0.00482917	0.0264528	0.0236081	0.00531358	0.187004	0.00509381	0.0738406	0.0189388	0.0228925	0.00402284	0.0233193	0.00708578	0.0909145	0.0746551	0.196376	0.0022311	0.00439194
151	0.0197202	0.00154152	0.363024	0.352578	0.00120638	0.00915267	0.0112368	0.00993104	0.00504548	0.00744654	0.00902232	0.0666977	0.00315676	0.0540866	0.0130304	0.0372042	0.0116625	0.0203986	0.000393174	0.00346486
152	0.175865	0.0860769	0.00616833	0.00402607	0.0251043	0.0289491	0.00453045	0.151385	0.00446449	0.0638726	0.0123387	0.0302925	0.00317182	0.0188358	0.00670473	0.116558	0.0813818	0.174283	0.00206321	0.00392875
153	0.0378431	0.00717955	0.000665803	0.00181506	0.0196392	0.00113198	0.000773361	0.346444	0.000548284	0.240534	0.0456388	0.00133802	0.00101666	0.00268918	0.00201137	0.0106647	0.0298023	0.246012	0.00153434	0.00271827
154	0.17135	0.025239	0.0223716	0.0380224	0.00294718	0.0627221	0.0194344	0.0167477	0.0412857	0.00857834	0.0108982	0.0507511	0.0104933	0.0654743	0.047649	0.249137	0.118156	0.0341177	0.000368751	0.00425657
155	0.0432421	0.0227912	0.0091307	0.0141584	0.0180871	0.0161499	0.0886303	0.0471031	0.0135124	0.225394	0.294459	0.0161612	0.00930038	0.0223825	0.0129425	0.0349986	0.0346269	0.0604942	0.00426092	0.0121749
156	0.0124138	0.00782204	0.00593151	0.00197884	0.491299	0.00594735	0.0290614	0.0196621	0.00115842	0.0550753	0.0104231	0.0129497	0.000816528	0.00499438	0.0115659	0.00905917	0.00360917	0.0222327	0.0154714	0.278529
157	0.099723	0.0113266	0.00311086	0.00250752	0.0175282	0.0277902	0.0027928	0.179093	0.00736455	0.104499	0.0726948	0.00817458	0.0045492	0.024439	0.00811751	0.105897	0.15501	0.158261	0.00473863	0.0023819
158	0.0426941	0.00998331	0.105249	0.104902	0.026521	0.0252514	0.029421	0.037322	0.0557516	0.111734	0.0287146	0.0523161	0.00406341	0.113216	0.0471687	0.0934983	0.0663039	0.0286605	0.00145388	0.0157761
159	0.0256087	0.00549135	0.00820957	0.0111243	0.0038835	0.00929718	0.0106784	0.0194613	0.409612	0.0243723	0.0134121	0.0278782	0.00281684	0.0395548	0.299938	0.0345085	0.0277147	0.0210658	0.00164719	0.00372568
160	0.0164807	0.0168775	0.0195884	0.0423553	0.172092	0.00436398	0.109441	0.0176651	0.0129333	0.0528907	0.0190368	0.067668	0.00202367	0.0736798	0.0112638	0.0478472	0.00448055	0.0262088	0.00771717	0.275387
161	0.0213757	0.0263715	0.000704844	0.000986847	0.312446	0.00393524	0.00900807	0.0880243	0.000841885	0.276751	0.0612726	0.00318831	0.000437316	0.00308624	0.00452673	0.0104382	0.0230836	0.0723648	0.0126946	0.0684621
162	0.0860244	0.0148233	0.00256583	0.00340065	0.0184463	0.00393134	0.00205369	0.22518	0.000480995	0.0966264	0.0446221	0.00851168	0.00298179	0.00190614	0.00765924	0.034287	0.108032	0.333926	0.000309381	0.00423226
163	0.0725014	0.00219878	0.0714473	0.15159	0.00337805	0.0422784	0.0229219	0.00874298	0.0710329	0.0248024	0.0210193	0.0812926	0.0101041	0.149767	0.0463805	0.103731	0.0832238	0.0286288	0.000207083	0.00475115
164	0.155138	0.043027	0.145536	0.0229083	0.008421	0.0326201	0.0251177	0.0489627	0.0294663	0.0337619	0.00542723	0.0301385	0.00817181	0.015898	0.011976	0.170404	0.0917007	0.111292	0.0015051	0.0085284
165	0.0885887	0.0153386	0.0026397	0.00349805	0.0185055	0.0040361	0.00214008	0.218911	0.000482018	0.0895808	0.0443838	0.00894814	0.00300486	0.00189359	0.00793316	0.0353987	0.111883	0.338304	0.000232585	0.00429661
166	0.0483985	0.0940022	0.0112321	0.021542	0.0125771	0.0546619	0.01402	0.0645984	0.0454519	0.0298427	0.014339	0.02105	0.00855615	0.0189531	0.0200259	0.0855176	0.0301686	0.0353582	0.341415	0.0282898
167	0.0498917	0.00260739	0.104887	0.101165	0.00163668	0.0863256	0.0268764	0.0032923	0.00593695	0.00867332	0.00364472	0.220906	0.00646572	0.055104	0.00363342	0.179577	0.106795	0.0244054	0.00064903	0.00752735
168	0.0307739	0.0135647	0.00221535	0.00455511	0.0452313	0.00365842	0.00453256	0.129542	0.00943442	0.482487	0.0936852	0.00461581	0.00293685	0.0175021	0.00232312	0.0128152	0.0342864	0.101304	0.00107027	0.00346683
169	0.0217942	0.00988659	0.00110989	0.0015093	0.0394823	0.00132283	0.00152102	0.159443	0.00179902	0.553234	0.0699982	0.00125846	0.00104592	0.00449722	0.00217618	0.00743145	0.0207429	0.0976166	0.00183819	0.00229265
170	0.0820966	0.00652482	0.00303512	0.00268131	0.0181804	0.0295373	0.00289799	0.172626	0.0104354	0.112017	0.0787598	0.0083563	0.00426779	0.0302246	0.00988285	0.107513	0.175497	0.138122	0.00528177	0.00206223
171	0.033345	0.0111432	0.0133297	0.00986683	0.00883285	0.0197074	0.0239366	0.00973937	0.265333	0.0313403	0.00828343	0.0481918	0.00614483	0.044297	0.356276	0.0650024	0.0269993	0.0134156	0.000630048	0.00418461
172	0.0188095	0.0164801	0.0191521	0.0452617	0.161978	0.00464474	0.119357	0.017691	0.0146659	0.0537674	0.0202539	0.0733056	0.00197419	0.0827308	0.013818	0.0528583	0.00611476	0.0256814	0.0072422	0.244214
173	0.068454	0.00821921	0.264827	0.213123	0.00482328	0.0376374	0.0167602	0.0133136	0.0217956	0.0189915	0.0115107	0.0687904	0.0137223	0.0618479	0.0198405	0.0758751	0.0371577	0.0349101	0.000758388	0.00764199
174	0.0504795	0.00364881	0.0330078	0.0384842	0.0178649	0.0197749	0.0296311	0.065585	0.0571285	0.161304	0.0513035	0.0477244	0.00492919	0.104309	0.0500913	0.0919069	0.0964168	0.0642369	0.00360767	0.00856542
175	0.01404	0.0088534	0.00110379	0.00113027	0.0825349	0.000882904	0.00145547	0.127101	0.000912075	0.592616	0.0668214	0.000846184	0.000411502	0.00300735	0.00242829	0.00531649	0.0165566	0.0612168	0.00338497	0.00938055
176	0.0888088	0.0188191	0.00257523	0.00326689	0.0169916	0.00513883	0.00207192	0.225351	0.00071785	0.0874164	0.0393227	0.00857125	0.00330202	0.00314257	0.00704904	0.0369065	0.102277	0.34364	0.000371071	0.00425967
177	0.161243	0.06438	0.00623389	0.00602292	0.0185346	0.0426884	0.0140162	0.117622	0.00622535	0.0468618	0.0215534	0.0335252	0.0202625	0.0179423	0.0100284	0.133575	0.108132	0.147525	0.0035545	0.0200732
178	0.11597	0.0157135	0.0181905	0.0293574	0.00564616	0.0407422	0.0307927	0.0313886	0.165609	0.0244405	0.0247924	0.0836943	0.00936022	0.0513732	0.159735	0.0817196	0.0680053	0.0334147	0.00249801	0.00755594
179	0.447549	0.039857	0.0029705	0.00380275	0.00794288	0.150156	0.00290608	0.0111859	0.00432662	0.019072	0.00431754	0.00318127	0.0120392	0.00309441	0.00336635	0.230274	0.0188441	0.0293977	0.00360933	0.00210781
180	0.0396545	0.0221762	0.000672385	0.00345529	0.0376545	0.00441412	0.00544048	0.157999	0.00628494	0.382604	0.117665	0.00260884	0.00337949	0.0107573	0.00131708	0.0172943	0.0401794	0.144179	0.000461558	0.00180256
181	0.087764	0.00685659	0.0281727	0.0648011	0.00379519	0.116732	0.0684954	0.0108337	0.0845598	0.0214078	0.0248302	0.0722438	0.00380707	0.0845907	0.151837	0.0598902	0.0819972	0.0176359	0.00119938	0.00855012
182	0.0180857	0.0173704	0.00257356	0.0012036	0.405405	0.00468114	0.0169691	0.0610149	0.000833406	0.191116	0.041919	0.00671527	0.000509416	0.0033311	0.00751376	0.00982875	0.015676	0.0526917	0.0126832	0.129879
183	0.0153631	0.00869198	0.00111429	0.00115289	0.0405107	0.000845359	0.00104282	0.120126	0.00133691	0.649822	0.0682017	0.000744595	0.000668968	0.00365584	0.00216682	0.00561707	0.0144796	0.0602521	0.00210506	0.00210241
184	0.26888	0.035329	0.00480651	0.00713343	0.000923525	0.0523214	0.013952	0.0162729	0.0167331	0.00533056	0.00736537	0.0179636	0.00554623	0.0167739	0.0263394	0.281605	0.166487	0.0497452	0.000362311	0.00612963
185	0.192259	0.0376477	0.0050702	0.00401248	0.00216292	0.0267148	0.0161407	0.0182181	0.016507	0.0125327	0.0124585	0.0311171	0.00415379	0.0130314	0.0145358	0.306873	0.226851	0.0514174	0.00063695	0.00765984
186	0.0230863	0.00587374	0.000285163	0.00171099	0.0243619	0.000438688	0.000327177	0.379148	0.000322468	0.256983	0.0437446	0.000415734	0.000224187	0.00199396	0.00124015	0.00473203	0.0157475	0.234595	0.00192462	0.00284433
187	0.106091	0.0329832	0.00325152	0.00308384	0.0197121	0.00945812	0.0023804	0.201142	0.0013917	0.0831921	0.0378393	0.0117578	0.00299752	0.00558432	0.00761025	0.0545706	0.112405	0.299897	0.000686955	0.00396493
188	0.0756389	0.00130372	0.0799832	0.155775	0.00156074	0.0458542	0.0188156	0.00765965	0.0640248	0.01945	0.0180245	0.093074	0.0118967	0.144683	0.0351482	0.111488	0.0841404	0.029487	0.000204435	0.0017886
189	0.0983979	0.0441516	0.0451502	0.0472067	0.013858	0.0886141	0.0372018	0.017345	0.103298	0.0402761	0.0244941	0.150081	0.00963043	0.0666514	0.0940285	0.0684648	0.0278308	0.0140797	0.00135828	0.0078819
190	0.0235822	0.0211479	0.000640613	0.00188623	0.00384208	0.00100679	0.00295887	0.37162	0.000758041	0.0675262	0.0041722	0.00117963	0.00277166	0.00424027	0.00104094	0.00493679	0.0106358	0.470209	0.000288698	0.00555587
191	0.023325	0.0217643	0.00065627	0.00178472	0.00349527	0.0010124	0.00306261	0.369231	0.00076125	0.0636581	0.00220138	0.00114509	0.00287184	0.00431897	0.00099484	0.00462297	0.00998293	0.479177	0.000242894	0.00569115
192	0.0248757	0.00587335	0.000293705	0.00167518	0.020835	0.000426287	0.000332837	0.379118	0.000313112	0.254995	0.0422663	0.000416116	0.000218031	0.00194276	0.00117667	0.00492185	0.0166095	0.239193	0.00175079	0.00276663
