295	20
1	0.0146925	0.000969065	0.00264555	0.00202749	0.0409642	0.00299013	0.00245825	0.00334416	0.00235968	0.0409428	0.0112	0.00265748	0.0204037	0.00225443	0.00226513	0.0336407	0.0327201	0.0434093	0.67698	0.0610757
2	0.00589599	0.00103103	0.0148143	0.0222468	0.0364922	0.00512895	0.548971	0.0111899	0.00249599	0.066451	0.00702844	0.0286431	0.0114091	0.0681973	0.0201029	0.0176203	0.00458807	0.00407474	0.00206855	0.12155
3	0.0641928	0.00161755	0.0933315	0.145956	0.00326426	0.0375406	0.0498341	0.00862993	0.109529	0.0403897	0.00443727	0.0593869	0.00503197	0.128821	0.105621	0.0936996	0.0212345	0.017057	0.00102139	0.00940398
4	0.0593702	0.00189384	0.00419733	0.00378764	0.00393596	0.0220611	0.00320144	0.00948278	0.00306829	0.0487206	0.00236879	0.00364092	0.00369656	0.0295801	0.0207161	0.607254	0.133283	0.00590245	0.00103963	0.0327992
5	0.0757062	0.0041141	0.00388943	0.0079901	0.0492287	0.00935232	0.0124905	0.163212	0.0163942	0.191195	0.0902822	0.00707122	0.00557905	0.00618026	0.0057498	0.0542647	0.125972	0.150459	0.00126208	0.0196073
6	0.0714959	0.000613129	0.0116626	0.0221765	0.0225953	0.00780087	0.00978525	0.066211	0.0180465	0.326803	0.0924436	0.0117063	0.00380571	0.0244307	0.0101797	0.0560931	0.0507258	0.189828	0.000410435	0.00318652
7	0.0971912	0.000551166	0.0595122	0.115944	0.0125929	0.0250452	0.00435348	0.00814514	0.0480134	0.0448619	0.00107544	0.0462391	0.230786	0.0810589	0.060574	0.108561	0.0344009	0.0127124	0.00077972	0.00760198
8	0.0973556	0.000537548	0.0593291	0.11587	0.0125373	0.0251396	0.00435235	0.00810925	0.0478074	0.0447536	0.00110418	0.0462401	0.230352	0.0809953	0.060576	0.109258	0.0348035	0.0126474	0.000758501	0.00747254
9	0.0299625	0.0228902	0.00636635	0.0620992	0.00507616	0.0314928	0.0497104	0.00554997	0.0688518	0.0308582	0.0194105	0.00776184	0.0998928	0.164132	0.282112	0.0916201	0.00981362	0.00684879	0.00221712	0.00333331
10	0.0136501	0.000287164	0.00297828	0.000768242	0.0347088	0.000985048	0.00584365	0.212027	0.000620954	0.60074	0.0416267	0.000753741	0.00454123	0.000749499	0.0037452	0.00274531	0.00184713	0.0678937	0.000194754	0.00329427
11	0.0144919	0.000479658	0.00326727	0.00129814	0.0134006	0.00562009	0.00120852	0.292313	0.00195971	0.287873	0.0137667	0.00379266	0.00157268	0.00116777	0.00777194	0.00508258	0.0160357	0.325252	0.000229419	0.00341663
12	0.00554394	0.00732075	0.0140892	0.00481576	0.0688185	0.0113018	0.367735	0.00422958	0.001949	0.0180268	0.00211733	0.0335729	0.0036778	0.0184477	0.0759711	0.0118198	0.00428905	0.00416806	0.00397655	0.338129
13	0.165504	0.0017397	0.00564539	0.0188963	0.0205017	0.0134613	0.00566563	0.0275206	0.0300792	0.00970923	0.00456788	0.0191415	0.00328875	0.01003	0.0143355	0.394778	0.1931	0.0567051	0.0013281	0.00400283
14	0.00611503	0.0222715	0.00292558	0.00290837	0.149548	0.00633635	0.064236	0.00372253	0.00257588	0.0309172	0.00240414	0.015315	0.00228166	0.00249172	0.00878677	0.00720541	0.00457457	0.00476303	0.00106039	0.659561
15	0.395122	0.000666945	0.00575789	0.00163343	0.0254531	0.049533	0.0022715	0.039034	0.00129987	0.0590333	0.00667042	0.00486258	0.0058212	0.00285766	0.00144895	0.0377754	0.0339301	0.325294	0.000313726	0.00122113
16	0.0890729	0.0112741	0.00087936	0.00106398	0.100385	0.0191048	0.00859227	0.193896	0.0130225	0.138174	0.0984952	0.000990524	0.0116892	0.00105801	0.00581341	0.0121214	0.0578941	0.206181	0.00366183	0.0266299
17	0.0215235	0.00175939	0.05484	0.0279591	0.0211587	0.0240591	0.118587	0.0435608	0.047077	0.0285824	0.00738378	0.127205	0.0368807	0.0412448	0.0171324	0.19744	0.162455	0.0150076	0.00189995	0.00424426
18	0.0382464	0.0063733	0.00637046	0.00366252	0.00184559	0.875042	0.00491995	0.001193	0.00189547	0.00216196	0.00105917	0.00238294	0.00127317	0.00304538	0.00893719	0.0281839	0.00881074	0.0034765	0.000304803	0.000815076
19	0.0322313	0.00370963	0.00796432	0.00830644	0.523639	0.00990607	0.0141982	0.0165694	0.00513535	0.0948251	0.0202005	0.00725846	0.0137915	0.00700704	0.0127879	0.0535937	0.0152085	0.0539739	0.00939203	0.0903015
20	0.544682	0.00610891	0.00875402	0.00240096	0.00200458	0.0183333	0.00114916	0.00497456	0.00387977	0.0059525	0.00123667	0.00326509	0.00336407	0.00762774	0.00484545	0.314493	0.0392885	0.0256456	0.000354426	0.00163942
21	0.633725	0.000572749	0.00539638	0.00346926	0.0129826	0.0647128	0.00240927	0.0138442	0.00126066	0.019609	0.00574197	0.00434374	0.00969481	0.0028096	0.00180562	0.0417654	0.0336344	0.140797	0.000305745	0.0011199
22	0.0436341	0.000392716	0.0195779	0.040979	0.012413	0.0225096	0.0293471	0.0267668	0.136626	0.0285105	0.0287884	0.0782544	0.0106344	0.0377256	0.207863	0.12005	0.103115	0.0337385	0.00815478	0.0109185
23	0.0217078	0.000655382	0.00501703	0.0191795	0.0386045	0.00517698	0.00251138	0.222629	0.0123418	0.300839	0.177742	0.00388243	0.00276253	0.016231	0.0056378	0.0172124	0.0230634	0.12185	0.000346849	0.00260923
24	0.0256421	0.00370375	0.0144846	0.00555102	0.00288158	0.0111859	0.000914307	0.0081612	0.00276659	0.0144297	0.00152397	0.0280331	0.00482939	0.00673797	0.00281842	0.208902	0.639568	0.013311	0.000369609	0.00418583
25	0.0856249	0.000723055	0.0869131	0.125488	0.0112723	0.0194389	0.00443077	0.00702696	0.0459739	0.0363624	0.00146991	0.0461292	0.264219	0.0779916	0.055269	0.0823481	0.0268897	0.0112766	0.0008172	0.0103349
26	0.107533	0.00349393	0.103225	0.113118	0.0147791	0.1424	0.0243381	0.0109954	0.0302301	0.0262331	0.0108219	0.111098	0.00811895	0.0217083	0.0233397	0.158734	0.0404765	0.0246832	0.0129488	0.0117249
27	0.0581002	0.0310257	0.00315475	0.0038302	0.1452	0.0141483	0.0209862	0.153852	0.0103181	0.112595	0.059278	0.00337894	0.015019	0.0032996	0.00634465	0.0181847	0.0412397	0.260909	0.00271519	0.0364204
28	0.0256872	0.000245605	0.00548821	0.000588005	0.0225932	0.00323296	0.000778355	0.163519	0.00291673	0.330711	0.0190071	0.00688954	0.00118419	0.000625256	0.00418874	0.00791761	0.0107312	0.387207	0.00014807	0.00634137
29	0.0861448	0.000474805	0.0235917	0.0506642	0.0215449	0.0286512	0.0513399	0.0215716	0.0914763	0.0231316	0.0223136	0.0708916	0.0080478	0.0393105	0.100399	0.20617	0.0916739	0.038034	0.00941895	0.0151495
30	0.0940896	0.00173989	0.0860472	0.0199221	0.0370866	0.00539773	0.182227	0.00528307	0.0358643	0.150955	0.0535177	0.00445505	0.00353797	0.213431	0.0210268	0.0269625	0.0244116	0.00783292	0.00128821	0.0249235
31	0.0294804	0.0055697	0.0127026	0.00703745	0.00403133	0.0114973	0.0013628	0.0146606	0.0097991	0.013651	0.00364045	0.0244033	0.00430988	0.00616636	0.0108155	0.193597	0.624573	0.0181731	0.00056848	0.00396021
32	0.0373684	0.00385322	0.00464173	0.0160776	0.014031	0.00845581	0.00387529	0.12287	0.0312691	0.0463097	0.0343879	0.0134637	0.00373191	0.00450793	0.0321923	0.0450974	0.451531	0.120264	0.00107127	0.00500115
33	0.00828956	0.00160055	0.0305809	0.00459753	0.0251334	0.00867485	0.493729	0.00498015	0.00296156	0.0106587	0.00300641	0.0459447	0.00413018	0.0270258	0.199111	0.0163042	0.00593772	0.0057337	0.00936121	0.092239
34	0.0267017	0.00355244	0.0123554	0.00466062	0.00372604	0.0105094	0.000886405	0.00907018	0.00327443	0.0124123	0.00120145	0.0244841	0.00391047	0.00607819	0.00345525	0.225605	0.632173	0.0117717	0.000271149	0.00390165
35	0.056396	0.00465112	0.0237579	0.0357028	0.0612861	0.0200141	0.0217727	0.019687	0.0357832	0.0329255	0.0112931	0.0318165	0.130618	0.102365	0.0896744	0.151148	0.0728908	0.0275571	0.0541073	0.016554
36	0.0581689	0.000706772	0.118661	0.179509	0.00338716	0.037705	0.042948	0.00996746	0.0955905	0.0423855	0.00441823	0.0619964	0.00275182	0.140791	0.0828328	0.0784164	0.0108155	0.0168188	0.000285403	0.0118448
37	0.0389888	0.00218342	0.00507732	0.0103915	0.274851	0.00671612	0.00727159	0.0695161	0.0130968	0.231863	0.0770881	0.00579232	0.00501383	0.011739	0.00908105	0.0409104	0.0280723	0.113641	0.00228004	0.0464273
38	0.026347	0.000579635	0.00333644	0.00934515	0.0288804	0.00509065	0.00284548	0.162517	0.00932143	0.389205	0.164816	0.00398141	0.00268362	0.0101992	0.00518697	0.0253255	0.028043	0.116772	0.000377273	0.00514721
39	0.0169531	0.022278	0.0372837	0.0418314	0.00379452	0.32692	0.0452741	0.00387725	0.0496282	0.0256437	0.00833484	0.0422429	0.0429658	0.0966899	0.154043	0.0660372	0.00618165	0.00611212	0.00151137	0.00239803
40	0.0168635	0.000546234	0.00211069	0.00306502	0.0282207	0.00273021	0.00257214	0.140736	0.00173405	0.590444	0.0741883	0.00239483	0.00311801	0.00256874	0.00429788	0.00553843	0.00750386	0.104881	0.00024143	0.00624495
41	0.0110796	0.000906669	0.000389613	0.00268962	0.00866359	0.00216444	0.00381354	0.546615	0.00127932	0.0528243	0.0183023	0.000404383	0.00292475	0.00213444	0.00231847	0.00275647	0.0165077	0.320095	0.000148354	0.00398237
42	0.0317619	0.00680061	0.00636742	0.00306599	0.00148995	0.898858	0.00412419	0.000772142	0.000546892	0.00157035	0.000965114	0.00129232	0.00109215	0.0021635	0.00763305	0.0228727	0.00510096	0.0028594	0.000191737	0.000471478
43	0.0254338	0.000245946	0.00547427	0.000642941	0.0236127	0.00321372	0.000814683	0.160604	0.00288771	0.323459	0.0202699	0.00718852	0.00120358	0.000671059	0.00405662	0.0079957	0.0104554	0.395441	0.000162994	0.00616694
44	0.0139391	0.000274576	0.00248263	0.000940293	0.0321341	0.00129881	0.00478064	0.186259	0.000642555	0.618039	0.041233	0.0011223	0.00503974	0.000893391	0.00368069	0.00296614	0.00242519	0.0778211	0.000171308	0.00385608
45	0.00550871	0.000233679	0.811011	0.0332038	0.000611112	0.0172308	0.0120498	0.00326868	0.00376379	0.00131422	0.000524178	0.0727621	0.00206529	0.00957837	0.000628465	0.0131305	0.00795352	0.00217303	0.00015229	0.00283629
46	0.0270876	0.00396167	0.0142976	0.00495539	0.00279696	0.0119673	0.000822481	0.00749836	0.00251264	0.0126392	0.00126764	0.0279921	0.00418446	0.00579149	0.00256925	0.210294	0.641729	0.0130169	0.000264323	0.00435197
47	0.0279425	0.00655194	0.00661974	0.0031026	0.00150454	0.900331	0.00424259	0.000768168	0.000779255	0.00166559	0.000941617	0.00179764	0.00129355	0.00242635	0.00792507	0.0233705	0.00499259	0.00307893	0.000211218	0.000454265
48	0.0122019	0.000876723	0.000360553	0.00262891	0.00946083	0.00197658	0.00296493	0.538436	0.00143246	0.0601584	0.0167861	0.000354809	0.00318107	0.00206073	0.0019889	0.00245035	0.0172248	0.322683	9.99458e-05	0.00267282
49	0.118657	0.00127059	0.0791222	0.0339467	0.0899106	0.038084	0.0384701	0.0145267	0.017606	0.0549929	0.00306926	0.0151059	0.00713512	0.00606069	0.00992445	0.185724	0.0912728	0.0156823	0.0570225	0.122416
50	0.248927	0.00222547	0.00909674	0.0285421	0.0304427	0.0599594	0.00732767	0.0433354	0.00790881	0.0302059	0.0270728	0.041747	0.266047	0.007675	0.00679761	0.0685357	0.0259788	0.0770813	0.00162464	0.0094689
51	0.115728	0.00433059	0.124849	0.109222	0.0214466	0.116978	0.0277932	0.0136026	0.0361702	0.0334379	0.0132947	0.0638658	0.00709915	0.0236994	0.0298287	0.150905	0.0559306	0.0324807	0.0039092	0.0154301
52	0.0227637	0.00323906	0.029825	0.00861637	0.0219476	0.018966	0.35368	0.00777785	0.0262601	0.0145993	0.00614276	0.0840507	0.0064629	0.0257743	0.175178	0.111873	0.0132868	0.00938561	0.00632234	0.0538488
53	0.0954747	0.000535471	0.0566571	0.11249	0.0124295	0.0251628	0.00552144	0.00933445	0.0521603	0.0452728	0.00234212	0.0474984	0.220256	0.0781397	0.0651947	0.110504	0.0379523	0.014315	0.00116414	0.00759508
54	0.211066	0.00696524	0.03902	0.0301405	0.0120083	0.029862	0.0105099	0.0115898	0.0186575	0.0237049	0.00461746	0.020042	0.072361	0.0214292	0.0189954	0.341583	0.0897724	0.0215943	0.00210098	0.0139802
55	0.00702476	0.000413274	0.00121651	0.00117956	0.662312	0.00154188	0.00961817	0.00160119	0.000826134	0.118075	0.0203435	0.00123169	0.000908774	0.00110347	0.00978458	0.0112646	0.00205539	0.0105876	0.00465655	0.134255
56	0.0459181	0.00613059	0.169399	0.0102984	0.00407586	0.0689279	0.0858091	0.00465567	0.0484561	0.0201853	0.00309054	0.180161	0.0031588	0.00833717	0.0576951	0.265877	0.00634953	0.00750641	0.00124853	0.00272079
57	0.0361369	0.00115346	0.00119747	0.00309177	0.0111911	0.00391465	0.00316693	0.432961	0.00234866	0.0585283	0.0169894	0.00186524	0.0143563	0.00261394	0.00197744	0.00851453	0.0163642	0.380594	0.000318217	0.00271636
58	0.0454042	0.00290248	0.00700682	0.00502279	0.00489483	0.0148562	0.00478477	0.0132796	0.00512496	0.0234617	0.00142491	0.00560492	0.76925	0.00982407	0.00261023	0.0412891	0.0231978	0.013051	0.000477127	0.00653227
59	0.373145	0.00157829	0.0168903	0.085006	0.00373157	0.0189342	0.0175335	0.00449345	0.115277	0.0325069	0.00283121	0.00388754	0.0751529	0.00343444	0.00358086	0.160555	0.0717669	0.0059414	0.00125823	0.00249568
60	0.0304427	0.000371812	0.00589015	0.00745822	0.0111641	0.0191468	0.0374036	0.00559397	0.266226	0.0169983	0.0183192	0.0500057	0.00119504	0.0458053	0.392977	0.0398124	0.0292493	0.00660076	0.00410703	0.0112322
61	0.0150903	0.000996642	0.00262937	0.00216596	0.048184	0.00317124	0.00272754	0.00343756	0.00267059	0.0411176	0.0111468	0.00272537	0.0202069	0.00250574	0.0025956	0.0342241	0.0324729	0.0427995	0.668946	0.0601859
62	0.0199638	0.00038431	0.00295539	0.015337	0.00458979	0.00739871	0.0288576	0.00335463	0.481903	0.00678812	0.00624632	0.0444928	0.00333217	0.040269	0.280822	0.0266653	0.0178835	0.00282694	0.00230036	0.00362902
63	0.0246603	0.00669958	0.00647516	0.0030326	0.00154837	0.903712	0.00433362	0.000746695	0.000802555	0.00168411	0.000938151	0.00172998	0.00113084	0.00237951	0.00797651	0.0236952	0.00487162	0.00295297	0.000195029	0.000435159
64	0.0430242	0.00655511	0.0117861	0.0101669	0.00232554	0.845236	0.00610655	0.00191242	0.00274601	0.00433198	0.00241919	0.00625662	0.00214108	0.00554448	0.0102268	0.0259549	0.00692901	0.00493332	0.000445112	0.000958737
65	0.463918	0.000686832	0.00610744	0.00197547	0.0290252	0.0722824	0.00157122	0.0204611	0.00163757	0.0410309	0.00643215	0.00689488	0.00554164	0.00370151	0.00157168	0.0348414	0.03199	0.268699	0.000421972	0.00121012
66	0.0307074	0.00111612	0.00616995	0.00859977	0.0104119	0.0191035	0.0335543	0.00564966	0.228149	0.0172434	0.0201409	0.0482048	0.00336608	0.0585455	0.408863	0.0439337	0.0299392	0.00965174	0.00363343	0.0130164
67	0.123663	0.000885806	0.0539473	0.027438	0.107091	0.0259274	0.0176279	0.0288629	0.00602611	0.0153279	0.00205835	0.0465826	0.00664839	0.00442459	0.00996307	0.291459	0.0781064	0.0288189	0.0137044	0.111437
68	0.00702476	0.000413274	0.00121651	0.00117956	0.662312	0.00154188	0.00961817	0.00160119	0.000826134	0.118075	0.0203435	0.00123169	0.000908774	0.00110347	0.00978458	0.0112646	0.00205539	0.0105876	0.00465655	0.134255
69	0.0867971	0.00160181	0.199607	0.137984	0.0472419	0.0214259	0.0565926	0.0255576	0.00383442	0.0407382	0.00311976	0.0555101	0.00247118	0.0260718	0.0148429	0.0474529	0.0404284	0.15395	0.000789662	0.0339829
70	0.0738285	0.00572589	0.0199057	0.0207549	0.0225142	0.56436	0.027039	0.00718452	0.0139048	0.0119398	0.00477175	0.0170937	0.00603536	0.0237541	0.03054	0.0794498	0.021755	0.0398936	0.00244301	0.00710687
71	0.00736802	0.0011296	0.0167423	0.0173978	0.0337228	0.00707873	0.57378	0.0093822	0.00242955	0.045034	0.00555307	0.0409512	0.00725775	0.05382	0.0640231	0.0159849	0.00530376	0.00491877	0.00424758	0.0838747
72	0.0497274	0.00640933	0.0322143	0.0570851	0.0133595	0.473318	0.0150435	0.0213584	0.0178102	0.0773316	0.0492038	0.0219919	0.00950557	0.0184841	0.0190242	0.0511498	0.0272553	0.0302565	0.00253927	0.0069323
73	0.0547829	0.00457966	0.013722	0.00716193	0.00483942	0.0133855	0.00299385	0.0163536	0.00618792	0.0273526	0.00699485	0.0246678	0.00512381	0.007998	0.00551625	0.200066	0.569687	0.0225408	0.00084044	0.00520538
74	0.0325961	0.00121917	0.0316268	0.0246721	0.0322743	0.00512446	0.435386	0.0105533	0.012866	0.0976467	0.030586	0.020427	0.00755448	0.140446	0.010678	0.0186475	0.0108372	0.00554191	0.00121656	0.0701003
75	0.137802	0.0350047	0.00313367	0.0407618	0.0039849	0.00416262	0.00277714	0.0844733	0.0397369	0.00656538	0.0344723	0.00606793	0.00220351	0.0241777	0.0251602	0.0906199	0.209481	0.23312	0.0138747	0.00242083
76	0.390734	0.00431217	0.0082478	0.000855961	0.000887649	0.0291247	0.000702323	0.0015601	0.00162193	0.0115913	0.000716294	0.00582871	0.0068607	0.00223289	0.00761134	0.415746	0.0891926	0.0213975	0.000203617	0.000572382
77	0.155738	0.00426041	0.00420849	0.00960665	0.00547114	0.183998	0.0104399	0.0059246	0.0156851	0.00957427	0.00166159	0.0205019	0.00345659	0.00704693	0.0176708	0.40242	0.122793	0.00877173	0.0032156	0.0075546
78	0.031987	0.00535372	0.0621961	0.0598208	0.0133932	0.0156681	0.0122634	0.353626	0.0122701	0.0247698	0.0135852	0.015296	0.0110779	0.0123324	0.0140321	0.0808538	0.217526	0.0294447	0.00362584	0.0108781
79	0.0617672	0.015062	0.0257472	0.0144177	0.00580955	0.0631001	0.0371338	0.00432039	0.0148506	0.00886704	0.00279587	0.311588	0.00523437	0.0212851	0.0792041	0.303173	0.00570198	0.0165018	0.000951504	0.00248808
80	0.14468	0.00224547	0.0286185	0.024282	0.194972	0.00935196	0.0490064	0.0267196	0.00447234	0.0800784	0.00418074	0.00612058	0.0858885	0.0269802	0.0418912	0.113355	0.0146811	0.0705064	0.0211194	0.0508506
81	0.0786844	0.00475978	0.00484315	0.00539594	0.0409378	0.0089955	0.00733919	0.138592	0.0079469	0.158645	0.0746311	0.00616602	0.00704701	0.00453879	0.00443194	0.0387501	0.0623715	0.327035	0.00126498	0.0176246
82	0.0948239	0.000556371	0.0685028	0.119225	0.0132786	0.0240736	0.00490981	0.00814232	0.0473439	0.0410846	0.00107034	0.0472267	0.232246	0.0819744	0.0606492	0.100202	0.0325543	0.0126096	0.000766653	0.0087601
83	0.00589139	0.0192615	0.105549	0.0164109	0.00284488	0.508084	0.0490556	0.00343426	0.0124866	0.00955055	0.00250807	0.0943395	0.0190633	0.0328462	0.0582626	0.0489243	0.00424841	0.00438575	0.000764775	0.00208837
84	0.537476	0.00156589	0.00461626	0.00303692	0.0170233	0.0502545	0.00359497	0.0156898	0.00402406	0.0241443	0.0342592	0.00955359	0.00453326	0.0140521	0.00256912	0.034924	0.0324826	0.20218	0.000853602	0.0031667
85	0.0588003	0.00630489	0.0653809	0.0441453	0.00331626	0.0715947	0.0344768	0.00445201	0.0236049	0.00856767	0.00262125	0.32409	0.00415054	0.0212603	0.0304487	0.275586	0.00705545	0.00851058	0.00301333	0.0026193
86	0.0561647	0.000394746	0.0288422	0.0555425	0.0117708	0.0276635	0.0314946	0.0292938	0.119327	0.0323901	0.0254141	0.0947855	0.0141416	0.0349203	0.137239	0.135095	0.111566	0.0378217	0.00739124	0.00874207
87	0.0250844	0.00657162	0.00664168	0.00296786	0.00147707	0.906421	0.00415576	0.000747788	0.000507472	0.00152215	0.00090869	0.0013138	0.000981935	0.00206026	0.00776503	0.0227957	0.00459069	0.0028879	0.000171381	0.000427652
88	0.022459	0.0021716	0.00421049	0.023087	0.00788675	0.00951177	0.00290027	0.0777391	0.0484631	0.0139165	0.0231985	0.0220133	0.00208597	0.00364651	0.0504516	0.0476232	0.542419	0.0925195	0.00107031	0.00262692
89	0.773303	0.000334533	0.00588079	0.00569141	0.000971672	0.0674657	0.00335222	0.00954261	0.000814697	0.00302243	0.00101861	0.00162578	0.0162258	0.000886561	0.00249728	0.0483364	0.0279353	0.0300704	0.000224945	0.00079964
90	0.233714	0.0019437	0.00648915	0.0102436	0.019619	0.0166643	0.00513817	0.0366513	0.0573003	0.00641204	0.00359543	0.00794882	0.00269511	0.0202832	0.060842	0.330176	0.0740601	0.101185	0.00152087	0.00351788
91	0.0384549	0.00634279	0.00641755	0.00372162	0.00194696	0.87037	0.00458091	0.00128358	0.00179692	0.00183269	0.00132944	0.00251536	0.001363	0.00267535	0.0105918	0.0302358	0.00999021	0.00340976	0.000376097	0.000765378
92	0.0285303	0.000782924	0.0021126	0.0029657	0.0172005	0.0123013	0.0020031	0.281096	0.00189882	0.0522131	0.315029	0.00155307	0.00166786	0.00298501	0.00172747	0.0161473	0.0431978	0.213848	0.000523717	0.00221644
93	0.298145	0.00214669	0.04272	0.0276147	0.0703943	0.0300419	0.0207819	0.0208226	0.011142	0.0202052	0.00397239	0.0195221	0.0146073	0.0116972	0.025616	0.224819	0.043299	0.0395354	0.00770631	0.0652112
94	0.0632677	0.0022315	0.00665573	0.00219256	0.00753733	0.0144284	0.00887151	0.0261484	0.00933059	0.0223041	0.0011184	0.00647804	0.64454	0.0167765	0.00115301	0.0837599	0.0477383	0.0206141	0.000311793	0.014542
95	0.0369927	0.000925096	0.0136049	0.0175208	0.0128125	0.029804	0.0458714	0.0111111	0.175274	0.0322045	0.0280552	0.0638479	0.00515995	0.0456462	0.330838	0.0683408	0.0487532	0.0140959	0.00539204	0.0137505
96	0.681047	0.001687	0.0106815	0.0205546	0.00314704	0.0544857	0.00503084	0.0109469	0.0116185	0.00702646	0.00338912	0.00480571	0.0171211	0.00398608	0.00486935	0.0969968	0.029887	0.0296638	0.00050416	0.00255162
97	0.0120375	0.00224786	0.0214093	0.00795113	0.0202742	0.0100084	0.427165	0.00485857	0.0439894	0.0162621	0.00595693	0.0410858	0.00776767	0.0416294	0.22462	0.0215426	0.00828764	0.00572216	0.0124884	0.0646963
98	0.0169404	0.000419638	0.00414337	0.000934436	0.0175762	0.00440801	0.00100182	0.235113	0.00221929	0.32328	0.0152625	0.0046555	0.00128349	0.000896017	0.00628707	0.00565882	0.0125953	0.342663	0.000228594	0.00443392
99	0.532475	0.00430299	0.00847087	0.00224474	0.00134277	0.0239609	0.000855532	0.00409195	0.00298475	0.00653793	0.000681758	0.00334984	0.00443439	0.00517708	0.00516985	0.318266	0.0504368	0.023824	0.000250362	0.00114166
100	0.035365	0.000793053	0.00266555	0.00328921	0.0202137	0.0134391	0.00174485	0.253526	0.0019965	0.056278	0.331941	0.00172837	0.00170645	0.00330955	0.00187343	0.0182834	0.0426188	0.206377	0.000563591	0.00228746
101	0.00615126	0.0226077	0.00291216	0.00298204	0.14414	0.00641985	0.0655457	0.00363057	0.0024811	0.0300167	0.00219988	0.015581	0.00224342	0.00254689	0.00876751	0.00716798	0.0045911	0.00476275	0.00098716	0.664265
102	0.0167371	0.0100303	0.00301682	0.0375044	0.0034057	0.0160263	0.0353554	0.00349037	0.368715	0.0149725	0.00855087	0.0235209	0.0377564	0.094032	0.259203	0.0484097	0.0109477	0.00403813	0.00191908	0.00236864
103	0.300335	0.00431279	0.00439254	0.00285513	0.0482893	0.0441379	0.00350722	0.0797974	0.00507091	0.0640333	0.0354516	0.00494471	0.00785624	0.0037436	0.00254573	0.0307605	0.0551444	0.29462	0.00127948	0.00692204
104	0.0741065	0.327382	0.00631703	0.0069772	0.00942279	0.0113149	0.00621232	0.0397811	0.00607769	0.117076	0.012298	0.0054778	0.0639009	0.00631174	0.00663386	0.174556	0.0700388	0.0483141	0.00173591	0.00606412
105	0.022331	0.000432172	0.00314479	0.00120332	0.0216037	0.00461671	0.00130928	0.129846	0.00194649	0.504951	0.0309391	0.00615922	0.00224087	0.00116928	0.00442249	0.00627875	0.0103313	0.24079	0.000222169	0.00606288
106	0.476256	0.00436948	0.0188778	0.00717494	0.00441644	0.0315604	0.00551232	0.00773335	0.0194666	0.00709037	0.00150296	0.0128166	0.00556777	0.00819929	0.00872392	0.309381	0.0404056	0.026825	0.000786789	0.00333358
107	0.370428	0.000987586	0.00195856	0.00915025	0.00196211	0.535386	0.00211183	0.00302558	0.00139009	0.00316429	0.00173744	0.00174367	0.00323508	0.00923311	0.00203216	0.0213653	0.0253526	0.00368887	0.00062336	0.00142425
108	0.0100251	0.000907043	0.0043537	0.0132899	0.0571897	0.00295487	0.00112561	0.318312	0.00103938	0.176976	0.255209	0.00134752	0.000927058	0.00612863	0.00131013	0.00585541	0.0145243	0.125649	0.000445157	0.00243085
109	0.0459086	0.00157373	0.487266	0.114475	0.00715062	0.0420408	0.0197806	0.00974899	0.0300232	0.0164571	0.00700764	0.0562894	0.00460264	0.0397796	0.019728	0.0490695	0.0195196	0.0207429	0.00102336	0.0078121
110	0.241881	0.00209771	0.0851716	0.147451	0.00549666	0.0289583	0.00637131	0.0241063	0.0755757	0.00968067	0.0516112	0.00805676	0.00440196	0.0872584	0.0650183	0.0556332	0.0859044	0.00995559	0.00147993	0.00389014
111	0.735351	0.000442276	0.00599177	0.00624799	0.00289735	0.079584	0.00353716	0.00977582	0.0014291	0.00535639	0.00195325	0.00334398	0.015912	0.00149222	0.00265739	0.0496916	0.0274697	0.045556	0.000263931	0.00104711
112	0.0117378	0.000994952	0.000417587	0.00257493	0.00965774	0.00194052	0.00319455	0.539853	0.00134556	0.0602758	0.018281	0.000340469	0.00306937	0.00226121	0.00206892	0.00248419	0.0169837	0.319713	0.000116796	0.00268827
113	0.120621	0.00368424	0.122991	0.111846	0.0175922	0.107694	0.0310609	0.0120507	0.0454056	0.0313287	0.0119153	0.0602672	0.00775102	0.0313223	0.0389578	0.146666	0.0518951	0.0298452	0.00351073	0.0135938
114	0.00610781	0.000262453	0.801989	0.0361796	0.000697197	0.0168193	0.0127675	0.00338094	0.00432777	0.00125258	0.000701105	0.0749019	0.00198678	0.010293	0.00104202	0.0135621	0.00804023	0.00255395	0.000158008	0.0029771
115	0.0290827	0.00964499	0.0414104	0.0301576	0.00733787	0.294517	0.0377391	0.0105196	0.0820012	0.027507	0.0134514	0.0804292	0.0165333	0.0379493	0.132517	0.0896756	0.0357412	0.0146153	0.00309583	0.00607456
116	0.193366	0.0784897	0.00476885	0.0369803	0.00507946	0.00674495	0.00485661	0.0689678	0.0199805	0.00912366	0.0202854	0.00429797	0.00418621	0.0159857	0.0126196	0.0742091	0.0595835	0.367422	0.00859001	0.00446286
117	0.00598377	0.000270826	0.806677	0.0326989	0.00068378	0.0186115	0.0113525	0.00343319	0.00372173	0.00114991	0.000558371	0.0746763	0.00218113	0.0104326	0.000702782	0.0133021	0.00826035	0.0023115	0.000187795	0.00280387
118	0.0121693	0.00101358	0.000556167	0.00216475	0.00771779	0.00171811	0.00498048	0.476512	0.00103445	0.0475958	0.0243934	0.000782516	0.00418968	0.00236758	0.00163853	0.00285629	0.0145625	0.390593	0.000165102	0.00298943
119	0.0136501	0.000287164	0.00297828	0.000768242	0.0347088	0.000985048	0.00584365	0.212027	0.000620954	0.60074	0.0416267	0.000753741	0.00454123	0.000749499	0.0037452	0.00274531	0.00184713	0.0678937	0.000194754	0.00329427
120	0.0581689	0.000706772	0.118661	0.179509	0.00338716	0.037705	0.042948	0.00996746	0.0955905	0.0423855	0.00441823	0.0619964	0.00275182	0.140791	0.0828328	0.0784164	0.0108155	0.0168188	0.000285403	0.0118448
121	0.00561157	0.000228272	0.810945	0.0334373	0.000589791	0.0167055	0.0121603	0.00307891	0.00382503	0.000991623	0.000478672	0.0740336	0.00194858	0.00913107	0.000626818	0.0130773	0.00803699	0.00205107	0.00015025	0.00289207
122	0.133713	0.0015075	0.00367404	0.00685056	0.00974851	0.0856057	0.00420765	0.0481566	0.00338171	0.0544089	0.00584282	0.0422625	0.361814	0.00488012	0.00283869	0.0867159	0.0338274	0.0941427	0.00108707	0.0153347
123	0.0122022	0.000881934	0.000360646	0.00262017	0.00946502	0.00196825	0.00297359	0.538425	0.00143161	0.0601669	0.0168519	0.000354729	0.00317667	0.00206969	0.00198492	0.00244942	0.0172614	0.322585	9.95135e-05	0.00267181
124	0.476966	0.00403947	0.0122346	0.0051548	0.00658007	0.0153761	0.00207137	0.0160555	0.0158603	0.00508118	0.00165163	0.00403517	0.00290102	0.013448	0.0100723	0.31298	0.0449384	0.0470269	0.000494545	0.00303225
125	0.0113165	0.00220227	0.00166005	0.00205805	0.0108808	0.00165965	0.00480215	0.544858	0.00104809	0.0697518	0.0400545	0.000524989	0.00267336	0.00582141	0.00173768	0.00257884	0.0182827	0.2753	0.000169983	0.00261901
126	0.736373	0.000364766	0.00554029	0.00602638	0.00100121	0.108994	0.00312142	0.00956273	0.000794975	0.00287823	0.000844858	0.00157368	0.0157323	0.00131271	0.00249455	0.0479616	0.0268373	0.0275127	0.000258026	0.000814644
127	0.386011	0.0040731	0.00808123	0.000934121	0.00091728	0.0313188	0.000919616	0.00148831	0.00173398	0.0113469	0.000727465	0.00576182	0.00640142	0.00250638	0.00770714	0.416513	0.0923322	0.0199819	0.000210323	0.00103416
128	0.00702476	0.000413274	0.00121651	0.00117956	0.662312	0.00154188	0.00961817	0.00160119	0.000826134	0.118075	0.0203435	0.00123169	0.000908774	0.00110347	0.00978458	0.0112646	0.00205539	0.0105876	0.00465655	0.134255
129	0.15796	0.00573492	0.00163887	0.0185301	0.00647135	0.260171	0.0280179	0.00746474	0.036289	0.00248183	0.00103259	0.0370467	0.00147747	0.00630405	0.0307213	0.281007	0.096	0.00832704	0.00551071	0.00781332
130	0.0366067	0.00051879	0.00789336	0.00767264	0.00932226	0.0165679	0.0491358	0.00506637	0.273924	0.0188605	0.018006	0.0634636	0.00134965	0.0410168	0.365791	0.0389892	0.0244404	0.00575918	0.0060278	0.00958797
131	0.0114227	0.0177955	0.0519224	0.0133512	0.00276871	0.620095	0.0340612	0.00231875	0.0152225	0.0101836	0.00257428	0.0610664	0.0177413	0.0321513	0.0520188	0.0447389	0.00422608	0.0044494	0.000563461	0.00132799
132	0.0113178	0.000887459	0.000386892	0.00277809	0.00905634	0.00209313	0.00328712	0.544938	0.00130391	0.0553214	0.0173208	0.000377352	0.00295706	0.0020819	0.00235768	0.00265451	0.0165228	0.320947	0.000118991	0.0032916
133	0.0723767	0.00218449	0.00948947	0.00839877	0.0427524	0.00669476	0.00821059	0.0900101	0.00561166	0.27378	0.0569766	0.00925775	0.00411396	0.00987157	0.00593947	0.0535448	0.0431438	0.289994	0.000765676	0.00688332
134	0.0521013	0.00536628	0.000797467	0.001496	0.0474089	0.00825066	0.00534499	0.216481	0.0061536	0.0789793	0.0600416	0.00216691	0.012379	0.00106703	0.00312632	0.00951911	0.0328387	0.442541	0.00148129	0.0124598
135	0.222966	0.0841996	0.00464219	0.0307043	0.00491681	0.00699066	0.00382143	0.0660219	0.0206891	0.0100449	0.0208407	0.00401098	0.0039534	0.0158717	0.0128946	0.111463	0.0714123	0.292105	0.00897416	0.00347742
136	0.274987	0.124361	0.00739725	0.00405819	0.00936773	0.0257849	0.00375765	0.0385532	0.0081347	0.0708432	0.0510738	0.00445772	0.00706375	0.00423959	0.003329	0.141074	0.16812	0.0491664	0.00109695	0.00313502
137	0.383647	0.00450642	0.00861324	0.000865191	0.000925561	0.0288196	0.00070947	0.00152829	0.00155368	0.0111498	0.000733418	0.00556919	0.00705491	0.00222587	0.00760912	0.423448	0.089115	0.0211085	0.000204427	0.000613394
138	0.671846	0.000691607	0.0050758	0.00601604	0.00111273	0.191208	0.00300293	0.007072	0.000873636	0.00264054	0.00120845	0.00134441	0.0140512	0.00289556	0.00166832	0.0423364	0.0243454	0.021315	0.000357096	0.000939095
139	0.0250876	0.00653017	0.00643845	0.00286531	0.00147283	0.907601	0.0040514	0.000747138	0.000459057	0.0014804	0.000903963	0.00103729	0.000960612	0.00196036	0.00765909	0.0226548	0.00460032	0.00289173	0.000171241	0.000426799
140	0.0450874	0.00580102	0.0411679	0.0295066	0.0366409	0.0255735	0.0229352	0.0129743	0.0239622	0.0210466	0.00645804	0.319276	0.0570715	0.0293194	0.0690271	0.190827	0.0295264	0.0198346	0.00459794	0.0093663
141	0.117842	0.00387121	0.12462	0.106388	0.0191393	0.112897	0.0276986	0.0129598	0.0360098	0.0317403	0.0130405	0.0702614	0.00687534	0.022985	0.0286448	0.160825	0.0532915	0.0309024	0.00477179	0.0152361
142	0.0258386	0.00653131	0.00637311	0.00297861	0.00151375	0.901203	0.00415758	0.000806377	0.000812221	0.00147783	0.000903459	0.00137337	0.000970741	0.00200196	0.00788037	0.0257693	0.00572995	0.00297796	0.000230463	0.000469822
143	0.097292	0.00068205	0.0580158	0.10907	0.0132546	0.0266074	0.00825437	0.0105544	0.0533803	0.0421522	0.00401086	0.0522253	0.205884	0.0730062	0.0648978	0.110967	0.0419491	0.0184189	0.00132553	0.00805191
144	0.112906	0.00466541	0.126163	0.111163	0.0223473	0.116617	0.027402	0.0142507	0.0348734	0.0356616	0.0137641	0.0628247	0.00661311	0.0235019	0.0288876	0.145887	0.057087	0.0358508	0.00350201	0.0160308
145	0.0175156	0.00213464	0.00756061	0.00412416	0.00892182	0.00666503	0.00162192	0.0195578	0.00873347	0.0152921	0.0017596	0.0140373	0.00297902	0.00948367	0.0100187	0.283772	0.5743	0.00805843	0.00037562	0.00308858
146	0.0254211	0.00028302	0.00498049	0.000620276	0.020518	0.00356655	0.000847794	0.16909	0.00264435	0.333509	0.0180803	0.00638588	0.00119796	0.000637583	0.00500461	0.00841634	0.0122184	0.380639	0.000147022	0.00579187
147	0.0955157	0.000654484	0.0216329	0.0523134	0.0298686	0.0281936	0.0597566	0.0206572	0.0738631	0.0211965	0.0175685	0.0640008	0.00683564	0.0407473	0.0654576	0.241189	0.0921821	0.0427409	0.00856463	0.0170613
148	0.0334906	0.00701094	0.0573035	0.0236357	0.00564074	0.0330119	0.0410823	0.00798809	0.0155976	0.0125062	0.0028421	0.455291	0.00567779	0.025895	0.0414669	0.199506	0.0165353	0.0111454	0.00114645	0.00322625
149	0.110052	0.00584938	0.128992	0.114332	0.0203667	0.122727	0.0247244	0.0164325	0.031694	0.0388696	0.0148642	0.0600522	0.00633042	0.0229885	0.0261825	0.135951	0.0614914	0.0402295	0.00321812	0.0146515
150	0.50504	0.00658871	0.0108726	0.0207476	0.00920755	0.0309183	0.00576438	0.0290667	0.0174211	0.0070784	0.0067944	0.00863443	0.00798394	0.00986632	0.0198675	0.170997	0.0553383	0.0696038	0.00275681	0.00545204
151	0.0413661	0.00317234	0.00646611	0.00405066	0.00396507	0.00875856	0.00408722	0.0106943	0.00423223	0.0191006	0.00110698	0.00323048	0.80792	0.00907219	0.00139561	0.035373	0.0207131	0.00887255	0.000339014	0.00608441
152	0.0148778	0.00100196	0.0027666	0.00220449	0.0409733	0.00339884	0.00269849	0.00361839	0.00240988	0.0400014	0.011363	0.00271139	0.0205065	0.00272593	0.00248314	0.034788	0.032447	0.0434517	0.675628	0.0599442
153	0.0113374	0.00207209	0.00565519	0.00783692	0.0319438	0.00237485	0.00267329	0.393984	0.00087278	0.1583	0.190553	0.0011128	0.000858185	0.00927804	0.00143735	0.00493461	0.0187485	0.153752	0.000325978	0.0019486
154	0.0680931	0.00664511	0.00125949	0.00091355	0.0773483	0.0124228	0.00752124	0.18727	0.00888086	0.284476	0.0749707	0.00131407	0.00782335	0.000745471	0.00515822	0.0107844	0.0471178	0.176039	0.00232805	0.0188888
155	0.0286391	0.00370239	0.0258418	0.0134863	0.00652753	0.0153688	0.00830697	0.0262744	0.0115347	0.0159558	0.00519178	0.0417829	0.0076103	0.0103534	0.0109053	0.187428	0.555329	0.0195928	0.000978019	0.00519092
156	0.080208	0.00916462	0.0053396	0.00838268	0.0173952	0.0105714	0.00508699	0.156982	0.00730565	0.0865579	0.0278015	0.00667123	0.00720587	0.00600936	0.00627884	0.0271637	0.0519852	0.471983	0.00222412	0.00568317
157	0.368266	0.00103907	0.00198767	0.00911444	0.0019648	0.53807	0.00209773	0.00299197	0.00138647	0.00314343	0.00173223	0.00173502	0.00322774	0.00912843	0.00205001	0.0214177	0.0249864	0.00365252	0.000612856	0.00139571
158	0.759665	0.00046521	0.00621151	0.00608825	0.00106227	0.068991	0.00334661	0.009197	0.00152631	0.00345173	0.00103808	0.0016721	0.0165607	0.000967993	0.00240832	0.0578442	0.0288443	0.0296337	0.000226293	0.000799126
159	0.101387	0.00522299	0.00258911	0.0122827	0.00633589	0.278014	0.0136761	0.00550642	0.0197259	0.00418093	0.00216472	0.0299444	0.00216169	0.00652023	0.018615	0.365918	0.109004	0.0064904	0.00473044	0.00553018
160	0.0270623	0.00393356	0.0142955	0.00495392	0.00279703	0.0119278	0.000822708	0.00746185	0.00251355	0.0126269	0.00129071	0.0280185	0.00420143	0.00579408	0.00256561	0.210373	0.6417	0.0130301	0.000264323	0.00436756
161	0.0627232	0.000567872	0.00176673	0.00191753	0.00819658	0.00287225	0.00989707	0.245382	0.00493417	0.184873	0.107863	0.00745559	0.00134643	0.00164742	0.00215331	0.0401623	0.205709	0.0939933	0.000481615	0.0160581
162	0.00564438	0.000252416	0.810397	0.0329774	0.000624414	0.0180668	0.0114404	0.00336347	0.00369834	0.00104917	0.000472136	0.0732402	0.00203519	0.0101311	0.000626684	0.0130733	0.00780111	0.00217423	0.000148145	0.00278422
163	0.0439988	0.012875	0.0148356	0.0459411	0.0130776	0.0282866	0.035223	0.0119174	0.0666138	0.0284729	0.0160963	0.0235034	0.096009	0.0918923	0.30402	0.106718	0.0277254	0.0176205	0.00541199	0.00976156
164	0.0541244	0.000317516	0.0289481	0.0562519	0.0105799	0.0242595	0.0323601	0.0296907	0.121347	0.0305675	0.0240758	0.0881151	0.0125425	0.0376633	0.147198	0.138977	0.112089	0.0351581	0.00724942	0.00848567
165	0.0108143	0.00260026	0.00211745	0.00260395	0.0125614	0.00174276	0.00448726	0.532283	0.000987016	0.0819897	0.0542087	0.000597358	0.00241185	0.00608919	0.00177188	0.00260531	0.0183488	0.259092	0.000186949	0.00250102
166	0.052192	0.000999142	0.00223277	0.00189301	0.0143308	0.00500159	0.00211281	0.171979	0.00239145	0.127144	0.0201009	0.00608074	0.00868039	0.00112951	0.00205091	0.0127237	0.0183069	0.547243	0.000315754	0.00309082
167	0.0258979	0.000252951	0.00544108	0.000604199	0.023267	0.00319623	0.000796051	0.161908	0.00290471	0.330095	0.0193662	0.0070644	0.00118452	0.00065498	0.00412707	0.0080729	0.0106141	0.387989	0.000150309	0.00641336
168	0.088968	0.346602	0.00819116	0.00838909	0.00726161	0.0119259	0.00591568	0.0277361	0.00615914	0.102521	0.0120301	0.00655718	0.0497231	0.00656273	0.00709662	0.172965	0.091223	0.0336717	0.00154374	0.00495631
169	0.0274434	0.000813344	0.196678	0.227912	0.0166055	0.0249659	0.0374386	0.0398473	0.0354329	0.0418293	0.0291274	0.03847	0.0148588	0.122018	0.0349643	0.0601626	0.00900872	0.0126411	0.000772186	0.0290117
170	0.560051	0.00171661	0.00397905	0.00468041	0.00590536	0.0569547	0.0164827	0.018901	0.0156355	0.0209084	0.0249453	0.0506036	0.00568107	0.0059247	0.00380636	0.0731236	0.0288977	0.0875572	0.000690865	0.0135547
171	0.0288351	0.00959324	0.0431038	0.021341	0.00877044	0.335487	0.0286284	0.0106526	0.077257	0.0175309	0.00654466	0.173036	0.0344991	0.0221245	0.0428669	0.0966463	0.0225921	0.0128663	0.00295806	0.0046659
172	0.478267	0.000745173	0.0058685	0.00267972	0.0280545	0.0833356	0.00318726	0.0183915	0.00278986	0.0386431	0.0071731	0.0126777	0.0051897	0.00419718	0.00175428	0.0333292	0.0302843	0.240698	0.000638822	0.00209469
173	0.452152	0.000591042	0.00665159	0.00146859	0.0291176	0.0574867	0.0015608	0.0240611	0.00122577	0.0431183	0.00662547	0.00500952	0.00644091	0.00350983	0.00125167	0.0396211	0.0356263	0.283032	0.000325843	0.00112439
174	0.370418	0.000987587	0.00195383	0.00915423	0.0019624	0.535524	0.00209899	0.00303492	0.00141779	0.00314558	0.00172668	0.00175456	0.00323706	0.00920707	0.00201396	0.0213479	0.0253355	0.0036357	0.000625834	0.00141859
175	0.0899304	0.00734531	0.00285268	0.00409063	0.076271	0.0300732	0.00624868	0.192395	0.0100151	0.135363	0.150065	0.00287238	0.00820602	0.00394708	0.00590508	0.0184073	0.0476085	0.187937	0.00268711	0.0177797
176	0.0266224	0.000592868	0.00134752	0.00246253	0.0122475	0.00292324	0.00199636	0.424878	0.00208444	0.107014	0.0139218	0.00231173	0.00437824	0.00149293	0.00217521	0.0065768	0.0158428	0.368243	0.000133897	0.00275514
177	0.0326809	0.00217278	0.00310223	0.000666809	0.0484552	0.00397017	0.00406413	0.169184	0.003785	0.418805	0.0442936	0.00273182	0.00393512	0.000637087	0.00418724	0.0085985	0.0144225	0.222163	0.000769037	0.0113756
178	0.0882739	0.0119923	0.000829623	0.00101636	0.100816	0.0185649	0.00887969	0.19344	0.013962	0.13655	0.094742	0.000958204	0.0122544	0.00095186	0.00611464	0.0117203	0.0604014	0.206982	0.00386599	0.027685
179	0.42812	0.00358651	0.0072477	0.00203451	0.001509	0.0285655	0.00117034	0.0034861	0.00178542	0.011254	0.000876725	0.00694415	0.00858575	0.00219257	0.00985563	0.370743	0.0857121	0.0254045	0.000226196	0.000699783
180	0.049618	0.00321821	0.0100095	0.0109651	0.00561922	0.0102732	0.0052059	0.0133249	0.00832373	0.0223946	0.00110466	0.00659678	0.733535	0.0178044	0.0063062	0.0500002	0.0263725	0.0112863	0.000400221	0.00764126
181	0.168736	0.0354418	0.00291047	0.044169	0.00346781	0.00330985	0.0028513	0.0868003	0.0455767	0.00537948	0.0387119	0.00417181	0.00209811	0.0269351	0.0236071	0.106766	0.103507	0.273873	0.0189316	0.00275683
182	0.0152773	0.000725819	0.00376292	0.00733417	0.0291027	0.00251048	0.00146964	0.28387	0.000842144	0.127126	0.170116	0.00165739	0.00333952	0.00479922	0.000941981	0.00490072	0.0150696	0.325234	0.000293806	0.00162577
183	0.772845	0.00032899	0.00598122	0.00561088	0.000973601	0.0668381	0.00347803	0.00964595	0.000910805	0.00304622	0.00103785	0.00173714	0.0162825	0.00088133	0.0024957	0.0480374	0.0282442	0.0305656	0.000226958	0.000832175
184	0.173104	0.000963281	0.0394228	0.0376043	0.1156	0.0347313	0.0296686	0.0319363	0.0063471	0.0230258	0.00175021	0.0174642	0.0161694	0.00549513	0.016019	0.254527	0.0515175	0.0244097	0.00864731	0.111597
185	0.0071816	0.000823395	0.00126386	0.00120991	0.64685	0.00189123	0.0109801	0.00195519	0.000866675	0.115298	0.0198459	0.00168978	0.00111926	0.00121451	0.0107617	0.0122058	0.00224664	0.0106669	0.00451821	0.147412
186	0.113882	0.00442437	0.125389	0.109963	0.0217429	0.116174	0.0281138	0.0139666	0.0362613	0.0339378	0.0133355	0.0650829	0.00693288	0.0247015	0.0301549	0.14889	0.055156	0.0327708	0.00370168	0.0154189
187	0.0123239	0.000881331	0.00036519	0.00270633	0.00958535	0.00201368	0.00309767	0.539754	0.00137396	0.0570943	0.0170049	0.000388703	0.00325446	0.00203126	0.00211937	0.00291614	0.0167269	0.323294	0.000112722	0.0029556
188	0.0219898	0.00154033	0.00207959	0.00112094	0.0365813	0.00304886	0.00498091	0.217552	0.00164861	0.527927	0.0424822	0.00104489	0.00656197	0.00111315	0.00345616	0.00406369	0.00792675	0.108983	0.000435269	0.00546381
189	0.0255819	0.00103816	0.00551054	0.0205727	0.00527997	0.00940197	0.0274058	0.00480437	0.455746	0.00824031	0.00740715	0.0423313	0.00711879	0.0465092	0.269268	0.0319318	0.0208344	0.00468368	0.00207125	0.00426178
