333	20
1	0.126043	0.0133522	0.0390491	0.0831284	0.00909932	0.0480529	0.0273197	0.0138066	0.0782582	0.0316124	0.00909655	0.0331528	0.0306852	0.0562591	0.0564969	0.1655	0.111702	0.0596239	0.00254435	0.00521794
2	0.0264356	0.0031411	0.000489234	0.000771615	0.0347659	0.00403945	0.00274942	0.181474	0.000784576	0.535227	0.0745913	0.00473816	0.00411075	0.00119895	0.000759293	0.00642541	0.0169554	0.0960954	0.00220981	0.00303677
3	0.0702702	0.0191298	0.00202847	0.00367992	0.0160146	0.178753	0.00316272	0.0109707	0.0404902	0.0144693	0.00707363	0.0277235	0.0221713	0.00800051	0.0209362	0.28977	0.233684	0.0236687	0.00312752	0.00487549
4	0.0432971	0.00867466	0.000119688	0.000167493	0.081563	0.0113276	0.00439661	0.212822	0.00037455	0.326815	0.0755454	0.00137183	0.00582115	0.00154679	0.000225375	0.0107438	0.0269008	0.173122	0.00483026	0.0103347
5	0.0426845	0.00845592	0.000137767	0.000242561	0.0797124	0.0120018	0.00429259	0.212908	0.000416867	0.329145	0.0736494	0.00143806	0.00649319	0.00148904	0.000263314	0.0106209	0.0269536	0.173508	0.00555358	0.0100335
6	0.122474	0.0161059	0.0404878	0.0788372	0.00848382	0.048531	0.0324878	0.0129214	0.0694583	0.0277971	0.0151249	0.0389703	0.0414672	0.0693731	0.0462468	0.200113	0.086562	0.0366514	0.00241962	0.00548726
7	0.0588593	0.0135868	0.000622583	0.000956007	0.0925622	0.0173238	0.00377273	0.169965	0.00197773	0.32093	0.0606862	0.00282463	0.00503264	0.00153464	0.00233592	0.0180636	0.0261273	0.176389	0.00803138	0.018418
8	0.0543721	0.0103832	0.000119632	0.00110455	0.0359537	0.00552128	0.00118611	0.297194	0.00111362	0.141926	0.0190935	0.000610051	0.000411388	0.000743006	0.00025951	0.00897385	0.0211575	0.391558	0.00213046	0.00618802
9	0.207987	0.0278207	0.000689225	0.00117143	0.0808052	0.150664	0.0020939	0.0848916	0.00309979	0.124318	0.0227027	0.00189993	0.00284785	0.00156685	0.00308649	0.0726059	0.0663422	0.129771	0.00654041	0.00909633
10	0.0386949	0.00579489	0.00041972	0.000683337	0.0511078	0.00754036	0.00314537	0.205895	0.000708069	0.421875	0.0738913	0.00280965	0.0051412	0.00149698	0.000698067	0.00836346	0.022138	0.139881	0.00345467	0.00626127
11	0.121638	0.0195381	0.00636354	0.00601744	0.0445259	0.0340655	0.00204086	0.166815	0.00318338	0.176454	0.0538664	0.00780103	0.00433368	0.00702209	0.00478581	0.0641647	0.0927302	0.176207	0.00298501	0.00546158
12	0.00709546	0.0136126	0.000745505	0.00894067	0.340222	0.00939001	0.00357163	0.00407973	0.00495292	0.0167272	0.00811361	0.00526821	0.00558658	0.0115589	0.0176716	0.0126561	0.00890528	0.0105339	0.00809314	0.502275
13	0.0251545	0.0114144	0.00043551	0.00176361	0.371403	0.00580348	0.01503	0.0639982	0.00152689	0.201473	0.0325683	0.00319342	0.00438778	0.00141537	0.00421473	0.0195335	0.021866	0.06197	0.0237481	0.1291
14	0.0795402	0.018243	0.193938	0.0764136	0.0106797	0.0589009	0.00509304	0.00653174	0.00494245	0.0355552	0.0103888	0.126963	0.0249873	0.00766631	0.00388743	0.136128	0.153213	0.0257117	0.0018744	0.0193423
15	0.142926	0.0420112	0.00413684	0.00473309	0.0198299	0.0264829	0.00268441	0.144979	0.00796153	0.0604487	0.0229199	0.019956	0.00644831	0.00518599	0.00529993	0.0918042	0.140465	0.239137	0.003284	0.00930607
16	0.351854	0.0318513	0.00250276	0.00362854	0.0106225	0.0691258	0.00155258	0.0502488	0.00268491	0.0156075	0.013841	0.0153364	0.01061	0.0061794	0.00368135	0.239934	0.0990119	0.0652308	0.00170145	0.00479537
17	0.280365	0.0154284	0.00739038	0.00630898	0.00623661	0.334484	0.00435668	0.019707	0.00810151	0.0149787	0.00375338	0.013442	0.00348599	0.00879376	0.0135862	0.192444	0.0426893	0.018841	0.0021689	0.00343798
18	0.163263	0.0216835	0.00883754	0.00999825	0.0383162	0.273442	0.00544079	0.0702357	0.00873321	0.0841346	0.0187944	0.0129648	0.0107642	0.0063896	0.0174692	0.0769815	0.0459109	0.108262	0.00662518	0.0117532
19	0.274463	0.00869784	0.000917831	0.00354771	0.00543089	0.0692065	0.00212649	0.0238032	0.00716783	0.0112748	0.00472912	0.00896655	0.344687	0.00671422	0.00394101	0.1213	0.0542792	0.0405062	0.0010122	0.00722794
20	0.00890552	0.0142165	0.000798031	0.0111379	0.344801	0.0100646	0.00464745	0.00532884	0.0050712	0.0230396	0.00875322	0.00622461	0.00671434	0.0111028	0.0164569	0.0156771	0.0120041	0.0140998	0.0125244	0.468432
21	0.25289	0.0166288	0.0074082	0.00781314	0.0128616	0.350657	0.00418346	0.0256898	0.00819592	0.0287809	0.00558368	0.0151869	0.00557867	0.00697754	0.0167005	0.153395	0.0375609	0.0338973	0.0046917	0.00531948
22	0.142226	0.0106466	0.0148918	0.0166397	0.0197354	0.0131899	0.00201738	0.204254	0.00477263	0.0949718	0.0260538	0.0152333	0.00422657	0.00739852	0.0057153	0.11397	0.147684	0.148831	0.00321228	0.00433074
23	0.0647669	0.0116302	0.126436	0.199051	0.0143048	0.0335335	0.0316801	0.0288328	0.0570484	0.0340502	0.013877	0.0497969	0.017273	0.0471	0.0427235	0.0788725	0.0696821	0.055837	0.00580269	0.0177008
24	0.111996	0.0119509	0.0525091	0.101221	0.00731618	0.0457655	0.0301587	0.0109184	0.0644824	0.0271957	0.00858139	0.0362136	0.0821388	0.0715989	0.0544407	0.163795	0.0725996	0.0401101	0.0021447	0.00486332
25	0.193592	0.0123588	0.00246092	0.00344151	0.0140084	0.0186582	0.00132776	0.158399	0.00206935	0.0449105	0.0390231	0.00345901	0.00417913	0.00133805	0.0033912	0.144645	0.189162	0.151133	0.00519448	0.00724945
26	0.0548448	0.0106108	0.000142963	0.00112279	0.0363087	0.00607497	0.00121353	0.296286	0.00132885	0.142983	0.0196183	0.000661932	0.000561991	0.000780901	0.000322243	0.0091998	0.0212757	0.388	0.00216742	0.00649465
27	0.0326858	0.0024146	0.00141231	0.0211556	0.00509262	0.155345	0.058439	0.00616626	0.210954	0.0218569	0.0111454	0.042428	0.0142528	0.127481	0.146828	0.116929	0.014117	0.00601814	0.00157646	0.00370243
28	0.456198	0.00917911	0.001027	0.00362538	0.0103178	0.0807774	0.0012847	0.0202622	0.00621841	0.00435304	0.00248081	0.00251677	0.0141775	0.00340787	0.00393326	0.274576	0.071616	0.0315582	0.000703648	0.00178707
29	0.285385	0.0282057	0.00164226	0.00241371	0.0285959	0.293426	0.00216296	0.0530381	0.00487203	0.0485348	0.00596133	0.00338389	0.00619068	0.0031338	0.00588486	0.0825045	0.039666	0.0933393	0.00697209	0.00468713
30	0.233655	0.0193553	0.0113147	0.0111992	0.00853721	0.321075	0.00555831	0.0204937	0.0120709	0.0200804	0.00559721	0.0236455	0.00602693	0.0126255	0.0192153	0.187574	0.0494049	0.0236703	0.00337975	0.00552107
31	0.0769256	0.0104957	0.000806804	0.00126294	0.0034378	0.0333119	0.00326636	0.021467	0.0106942	0.0177121	0.00822601	0.0183322	0.686274	0.0110831	0.00171405	0.0164494	0.0294288	0.0291676	0.00126883	0.0186759
32	0.0486263	0.0156907	0.000759906	0.00209216	0.249272	0.0192071	0.00483761	0.0546554	0.00219242	0.305942	0.0493242	0.00296638	0.00550906	0.00162798	0.0108902	0.022067	0.021723	0.0737722	0.0205952	0.0882494
33	0.0183892	0.00852688	0.000868768	0.00176484	0.277831	0.00696777	0.00652702	0.0636322	0.00167641	0.274628	0.0365037	0.00217515	0.0150553	0.00161379	0.0101173	0.0168779	0.0149344	0.0639202	0.0323564	0.145634
34	0.440977	0.00659426	0.000590035	0.00549669	0.00717677	0.0813559	0.00110068	0.0306635	0.00329069	0.0051657	0.00420624	0.00224038	0.029229	0.00204753	0.00556662	0.222366	0.0814105	0.0671294	0.000978416	0.00241396
35	0.0208494	0.0047712	0.0017298	0.00318868	0.0140714	0.00696312	0.00377497	0.405753	0.00333616	0.376075	0.0273915	0.00544864	0.00428111	0.00280169	0.00331304	0.0114493	0.046262	0.0505158	0.00306168	0.00496287
36	0.0386814	0.00357165	0.00037413	0.000617178	0.0333403	0.00588124	0.00231183	0.19208	0.00064641	0.480078	0.0716433	0.00301133	0.00564509	0.000993971	0.000695595	0.00711005	0.0228461	0.122539	0.00347956	0.00445418
37	0.207831	0.0265896	0.000954002	0.00145822	0.059491	0.152425	0.00188541	0.0915297	0.0035941	0.133212	0.0259691	0.00230385	0.00370136	0.00218835	0.00307113	0.0799169	0.0632134	0.127932	0.0058767	0.00685572
38	0.0292927	0.0106906	0.000278666	0.000947076	0.265861	0.00712625	0.00887085	0.108749	0.00112738	0.25189	0.0563792	0.00156856	0.00456443	0.00232121	0.00319713	0.0160985	0.0205234	0.100093	0.0184163	0.0920051
39	0.055478	0.0112079	0.000132805	0.000795478	0.0463036	0.00857688	0.00179291	0.273576	0.000996693	0.188981	0.0316136	0.000836408	0.00180632	0.000898817	0.000276366	0.0105993	0.0235856	0.332224	0.00282776	0.00749029
40	0.0541732	0.0103731	0.00011598	0.00110681	0.035921	0.00549612	0.00120539	0.297882	0.00111203	0.141988	0.0190106	0.000611322	0.000411813	0.000741995	0.000261377	0.00892087	0.0210685	0.391268	0.00212536	0.00620647
41	0.0483156	0.00977404	0.000216219	0.000296878	0.0786696	0.0132495	0.00389605	0.201867	0.000480706	0.332769	0.0753621	0.00177506	0.00532778	0.00147485	0.000352533	0.0133679	0.0275972	0.17067	0.00468423	0.0098536
42	0.102253	0.012312	0.00180802	0.00342224	0.00477448	0.0415679	0.00393863	0.0210375	0.0121684	0.0202523	0.0072222	0.0163987	0.614923	0.0121771	0.00323137	0.0403662	0.0387524	0.0282687	0.00141941	0.0137062
43	0.0233667	0.0104933	0.00037558	0.00171701	0.37753	0.00579436	0.00618955	0.0773876	0.00100549	0.226945	0.0321782	0.00109809	0.00346365	0.00101522	0.00317994	0.0186231	0.0143389	0.0757219	0.0255273	0.0940495
44	0.0549335	0.0116965	0.000127311	0.00109837	0.0415829	0.0068106	0.00127432	0.289911	0.00169817	0.150455	0.0206948	0.00072966	0.00129456	0.000784384	0.000314195	0.00973843	0.0215755	0.376488	0.00217919	0.00661349
45	0.0620165	0.0244243	0.00604953	0.00462514	0.105647	0.0161863	0.0115403	0.0765102	0.00682402	0.152897	0.0800476	0.00955984	0.0127919	0.00446952	0.0134618	0.0405104	0.035594	0.175821	0.131345	0.029678
46	0.195986	0.0960017	0.0071004	0.0046557	0.0026719	0.110619	0.00271946	0.0220301	0.0024831	0.0194926	0.0152167	0.062706	0.00596297	0.0266121	0.00333664	0.282221	0.102137	0.0294201	0.00105181	0.00757701
47	0.0540578	0.0102826	0.000116984	0.00114837	0.0359533	0.00546337	0.00121042	0.298005	0.00109917	0.143064	0.0190321	0.000619065	0.000453838	0.000760341	0.000260583	0.00886272	0.0210037	0.390177	0.00211444	0.00631462
48	0.07859	0.010932	0.00143396	0.00244027	0.00364421	0.0332963	0.00337645	0.0217593	0.0108193	0.0183739	0.00759308	0.0172098	0.678571	0.0113182	0.00268852	0.0193123	0.0312418	0.0284401	0.00131346	0.0176462
49	0.0536578	0.0135733	0.02143	0.0411212	0.0221146	0.0178496	0.017537	0.150507	0.00846947	0.16754	0.0756424	0.0257585	0.00599385	0.0496692	0.015479	0.033782	0.108245	0.15991	0.00415865	0.00756166
50	0.239616	0.083413	0.00608795	0.00403842	0.00370842	0.102696	0.00215642	0.023621	0.00187981	0.017665	0.0131593	0.0526382	0.00634998	0.0182972	0.00325286	0.273987	0.102105	0.0374729	0.00103191	0.00682423
51	0.0509167	0.0113223	0.00028888	0.000453919	0.0911679	0.0147276	0.0037494	0.183324	0.00102626	0.342331	0.0614366	0.0026124	0.00483961	0.00131136	0.00102144	0.0153271	0.0244839	0.166659	0.0059021	0.0170972
52	0.054395	0.0105222	0.000119949	0.0010963	0.0373237	0.00555941	0.00123254	0.296581	0.0011786	0.142611	0.020108	0.000618466	0.000507115	0.000776163	0.000263361	0.00909974	0.0209192	0.388654	0.00211694	0.00631713
53	0.139935	0.0205636	0.00406215	0.00449221	0.0569142	0.0311555	0.00229315	0.157366	0.00407681	0.144184	0.0351753	0.00588362	0.00480306	0.00354776	0.00481949	0.0596299	0.0913783	0.213989	0.00624083	0.00948982
54	0.285361	0.0260391	0.00454605	0.00518867	0.0385404	0.108615	0.00364814	0.0460493	0.00500549	0.045612	0.0221899	0.0127428	0.011288	0.00570373	0.00704578	0.158868	0.0910551	0.0908716	0.00724123	0.024388
55	0.0657185	0.0126165	0.118492	0.205748	0.016664	0.030491	0.0317618	0.0269368	0.0642225	0.0332881	0.0133717	0.0460666	0.0135974	0.0468831	0.0513524	0.0765758	0.0678794	0.0522289	0.00609858	0.0200073
56	0.0253799	0.00536376	0.000624406	0.00131859	0.0505813	0.00441475	0.00425052	0.0740341	0.00464481	0.58748	0.157881	0.00403901	0.00234343	0.00136912	0.00201294	0.0137154	0.0141395	0.0426134	0.00131486	0.00247889
57	0.437776	0.00955366	0.00148981	0.00393899	0.0107489	0.085889	0.00152399	0.0200837	0.00546408	0.00522474	0.00284558	0.00309845	0.0129767	0.0037897	0.0040293	0.289553	0.0689562	0.0304038	0.000683046	0.00197225
58	0.195943	0.0648703	0.00615391	0.00388444	0.00558267	0.0413489	0.00353986	0.019019	0.00293638	0.0432261	0.023543	0.0537771	0.00536456	0.012469	0.00321879	0.227286	0.248511	0.0301559	0.00215138	0.00701814
59	0.300636	0.0398757	0.00150345	0.00344302	0.0234047	0.0271239	0.00330338	0.0289009	0.00260327	0.0623622	0.0616519	0.0080125	0.00357481	0.00255702	0.00358867	0.134899	0.227832	0.0504048	0.00476964	0.00955275
60	0.0188841	0.0133226	0.000331253	0.000918402	0.358721	0.004331	0.00698566	0.0782895	0.000817597	0.215883	0.0380239	0.00117556	0.00458062	0.000996394	0.00332388	0.0151793	0.0142516	0.063092	0.0213879	0.139504
61	0.0747576	0.0101486	0.0700685	0.0998049	0.00942976	0.0326946	0.0325017	0.0127882	0.096185	0.0196995	0.00866663	0.057436	0.0756875	0.0827563	0.107069	0.105605	0.0583168	0.0371448	0.00206756	0.00717226
62	0.124577	0.0185935	0.0535116	0.0966357	0.00767349	0.0528541	0.0328719	0.0123354	0.0740836	0.0275756	0.00996854	0.0389854	0.0273709	0.0696294	0.0491589	0.169778	0.0847488	0.0402205	0.0019959	0.00743153
63	0.0744826	0.0125007	0.18265	0.0915985	0.00682512	0.028519	0.0199289	0.0105846	0.0430121	0.0156733	0.0060208	0.237297	0.0233853	0.029586	0.0335494	0.087208	0.0617553	0.0247915	0.0017099	0.00892169
64	0.305035	0.00936635	0.00839128	0.00606159	0.00373005	0.336919	0.00435527	0.0156714	0.00674371	0.0142655	0.00198537	0.0109047	0.00155843	0.0072721	0.0172707	0.206982	0.0301939	0.00892589	0.00201379	0.00235462
65	0.298691	0.0134018	0.00714073	0.00606583	0.00636669	0.317611	0.0039394	0.0191253	0.00687376	0.0149687	0.00353617	0.0118934	0.0040271	0.00746052	0.0131891	0.201268	0.0403353	0.0185041	0.00245195	0.00314949
66	0.0164786	0.030825	0.000949714	0.00953312	0.331761	0.024634	0.00734523	0.00756846	0.011493	0.0383942	0.0103436	0.0110501	0.016483	0.012429	0.0165939	0.0305097	0.0217234	0.0291801	0.0124447	0.36026
67	0.0808721	0.0279384	0.00217414	0.00272952	0.0312945	0.0206945	0.00209794	0.21648	0.0261502	0.101865	0.0134481	0.00571818	0.00559821	0.00289247	0.00897328	0.0280419	0.0484745	0.351759	0.0032048	0.019594
68	0.0700188	0.0134972	0.0285419	0.0266414	0.027562	0.0174411	0.00388471	0.122016	0.0070441	0.215279	0.0787471	0.0286979	0.00547907	0.0356546	0.0223809	0.0305805	0.0916943	0.167967	0.00230617	0.00456588
69	0.0666526	0.0226059	0.00984642	0.0110199	0.10911	0.0288423	0.0159805	0.0656161	0.0141287	0.123656	0.0431019	0.0141113	0.019793	0.00988716	0.0220027	0.0559361	0.0486262	0.124025	0.15829	0.0367686
70	0.0952617	0.0211923	0.00223773	0.0030297	0.0244662	0.032003	0.00288635	0.192078	0.0152625	0.0857713	0.012956	0.00398346	0.00787427	0.00403247	0.00769265	0.0200952	0.0318118	0.395299	0.00435315	0.0377135
71	0.140784	0.0138151	0.0319634	0.0992891	0.0102125	0.0394855	0.0391072	0.0147985	0.0738075	0.0425455	0.0104946	0.0311893	0.0206469	0.0598927	0.0651312	0.183041	0.0735154	0.040565	0.00499034	0.0047248
72	0.380342	0.0236674	0.00339101	0.00459596	0.00852176	0.121264	0.00245755	0.0235847	0.00505341	0.0102288	0.00612796	0.0146199	0.0112619	0.00729167	0.00587471	0.255897	0.0764883	0.0346198	0.00101044	0.00370142
73	0.019556	0.0111577	0.000341058	0.00137561	0.36609	0.00480438	0.00741599	0.0677307	0.000722183	0.222564	0.0396218	0.00114174	0.00445562	0.000993071	0.0037248	0.0176722	0.0159971	0.0600167	0.0257057	0.128913
74	0.0752859	0.00917643	0.0249327	0.0551106	0.00785617	0.112188	0.047829	0.0100971	0.132598	0.0244011	0.0106069	0.0476212	0.0304768	0.0907282	0.0907292	0.146974	0.0513941	0.0236924	0.0019714	0.00633102
75	0.112243	0.0118601	0.0516477	0.101373	0.00744296	0.0454166	0.0302515	0.0109828	0.064306	0.0272085	0.00863633	0.0355181	0.0825327	0.07078	0.055134	0.165158	0.0726172	0.0399312	0.0021789	0.00478219
76	0.0430217	0.0373826	0.00110088	0.0156281	0.316174	0.0210448	0.00564045	0.00819403	0.00546603	0.0730099	0.0109586	0.0283927	0.0246575	0.0151582	0.0206429	0.0543044	0.0612641	0.0579513	0.0333068	0.166701
77	0.118127	0.0461439	0.00526285	0.00271129	0.0526221	0.0355293	0.00739151	0.0667088	0.0034142	0.0982748	0.0714332	0.00572369	0.0198337	0.00318821	0.00763281	0.0677005	0.055155	0.184362	0.140025	0.00876042
78	0.194631	0.0830262	0.0101232	0.00795872	0.00381501	0.12252	0.00374576	0.0214487	0.00524682	0.019246	0.0127665	0.062633	0.00645663	0.0254942	0.00533637	0.270872	0.102698	0.0288714	0.00099712	0.0121137
79	0.0303953	0.0163262	0.00255121	0.0270574	0.367199	0.0356365	0.0051338	0.0263035	0.00554565	0.155086	0.0174245	0.0120316	0.0111372	0.00631542	0.00903221	0.0749671	0.0346971	0.0407999	0.0699379	0.0524229
80	0.042471	0.00605876	0.00397	0.0158023	0.0481096	0.00948738	0.0423696	0.0998374	0.0040159	0.248206	0.203767	0.0183853	0.00366002	0.0635243	0.00716758	0.0654229	0.0328287	0.0479705	0.00288287	0.0340626
81	0.0606109	0.0147369	0.0304689	0.0317129	0.0257185	0.0197079	0.00438307	0.130141	0.00741401	0.213461	0.0842522	0.0320677	0.00563894	0.0374208	0.0170219	0.032219	0.094631	0.153922	0.000748091	0.00372231
82	0.248934	0.0208243	0.00160136	0.00425792	0.0331009	0.136459	0.00358798	0.0867211	0.00578992	0.0751399	0.0378671	0.00552903	0.0280124	0.00509015	0.00657418	0.0823025	0.0698501	0.131666	0.00715826	0.00953412
83	0.0251486	0.013319	0.000853351	0.0036775	0.335884	0.00924899	0.00696699	0.0553913	0.00146437	0.202261	0.0334864	0.00400643	0.00684944	0.00216314	0.00572087	0.0362925	0.0274461	0.0617304	0.0417144	0.126375
84	0.086783	0.0280226	0.00165721	0.00159826	0.0930489	0.0172084	0.00337778	0.0728853	0.00215681	0.207278	0.0559937	0.012466	0.00505055	0.00185564	0.00820187	0.0318293	0.0341006	0.211625	0.0945159	0.0303453
85	0.0797755	0.0242107	0.0136207	0.0279437	0.00867096	0.0848589	0.0128591	0.0115959	0.0621133	0.0191238	0.0101104	0.0735759	0.0157864	0.0554389	0.0233589	0.361684	0.0847623	0.0220324	0.00294874	0.00552928
86	0.0194453	0.00993698	0.000307296	0.00131844	0.359683	0.00491439	0.00740356	0.0636475	0.000735246	0.227491	0.0357207	0.00138934	0.00482615	0.000942758	0.00392742	0.0191266	0.0168315	0.0587037	0.0327922	0.130856
87	0.0583119	0.0127435	0.000151492	0.000211462	0.0956122	0.0160793	0.00407806	0.199947	0.000980313	0.29391	0.0700317	0.0014088	0.0051066	0.00136035	0.000451028	0.0169268	0.0267055	0.181185	0.00443509	0.0103635
88	0.172522	0.0813216	0.029669	0.0191271	0.00367317	0.097557	0.00416711	0.0190737	0.00618708	0.0252398	0.0133621	0.064366	0.00710282	0.022414	0.00479604	0.270958	0.116925	0.0289185	0.00095305	0.0116673
89	0.204664	0.0832272	0.00735152	0.00411951	0.00191463	0.1078	0.00248432	0.026734	0.00203327	0.0178754	0.0123217	0.0671022	0.00614754	0.0216604	0.00353111	0.285612	0.105613	0.0319065	0.000816368	0.00708578
90	0.193361	0.0304661	0.000565567	0.00104205	0.0726593	0.0477092	0.00166339	0.106314	0.00199535	0.144548	0.0361003	0.00279856	0.00346631	0.00129726	0.00271504	0.0774281	0.0839898	0.175852	0.00531843	0.01071
91	0.057456	0.0114423	0.000110493	0.00106748	0.0378387	0.0074667	0.00127691	0.289012	0.00111065	0.149907	0.0216194	0.000720695	0.000627929	0.000787244	0.000281825	0.010441	0.0224343	0.378128	0.00213456	0.00613639
92	0.0655194	0.0175875	0.203463	0.0657864	0.00896094	0.0619586	0.00839638	0.00853144	0.0292506	0.0232496	0.00772785	0.230684	0.0179977	0.0125437	0.0300484	0.0937582	0.0817659	0.0190485	0.00242009	0.011302
93	0.121577	0.0330138	0.00336062	0.00425411	0.0562225	0.0529239	0.00190004	0.129007	0.00295828	0.221719	0.0431642	0.0420286	0.00382448	0.00522432	0.00339708	0.0446913	0.0397613	0.180693	0.00370775	0.00657199
94	0.432007	0.00961509	0.00248974	0.00816536	0.00738722	0.0738246	0.00299955	0.0273201	0.00682588	0.00726452	0.00443616	0.00590943	0.040942	0.00597192	0.00699387	0.231895	0.0712775	0.0502222	0.00149652	0.00295634
95	0.149392	0.0153016	0.00468228	0.00546965	0.022394	0.0197543	0.0014859	0.182169	0.00326736	0.111712	0.0299269	0.00915946	0.00408431	0.00298078	0.00332595	0.117206	0.139032	0.169749	0.00383021	0.00507672
96	0.00744223	0.0135817	0.000745501	0.00881385	0.339631	0.00943212	0.00408229	0.00474006	0.00483123	0.0188733	0.00826974	0.0053621	0.00556094	0.0114111	0.0174801	0.0128488	0.00911333	0.0110944	0.00821303	0.498473
97	0.0832373	0.0131212	0.00527777	0.00519669	0.0124784	0.0379615	0.00461944	0.0274576	0.0128254	0.0260206	0.0103098	0.0187486	0.566625	0.0111172	0.00669844	0.0347619	0.0640142	0.0343103	0.00655305	0.0186653
98	0.149807	0.0251265	0.00740037	0.00755188	0.0190947	0.0289874	0.00227261	0.134518	0.00622016	0.0694024	0.0445586	0.00912547	0.0127001	0.00862818	0.0135303	0.0943296	0.163926	0.19051	0.004451	0.00785912
99	0.0334315	0.00421085	0.00044684	0.000694232	0.0407578	0.00623481	0.00297096	0.176016	0.00078891	0.492522	0.0764453	0.00355058	0.0049491	0.00130416	0.000688452	0.00833941	0.0211588	0.117508	0.0032688	0.00471379
100	0.0665772	0.0215825	0.000427108	0.000772647	0.133033	0.0210042	0.00355005	0.186452	0.00306774	0.245954	0.0552988	0.00216519	0.00894244	0.0016062	0.00151277	0.0208206	0.0300402	0.170453	0.0052375	0.0215041
101	0.135503	0.0315755	0.000128093	0.000208339	0.0704565	0.0521434	0.000925558	0.146405	0.00182778	0.230846	0.0379116	0.00193326	0.00284926	0.000852142	0.00117603	0.0449281	0.03539	0.199458	0.00230134	0.0031815
102	0.0949285	0.0141079	0.128381	0.116632	0.00841317	0.0511817	0.0211739	0.0105052	0.0393327	0.0300252	0.00817088	0.0756427	0.0255382	0.0492167	0.0265961	0.14494	0.104281	0.0383496	0.00158869	0.0109947
103	0.0519302	0.0207952	0.00415213	0.0132262	0.2112	0.0362519	0.0326562	0.0209213	0.00956935	0.056774	0.0175347	0.0345843	0.0130476	0.0132219	0.0152132	0.107776	0.0749448	0.0367914	0.0178566	0.211554
104	0.0432039	0.00874772	0.000123002	0.000169606	0.0822466	0.0112357	0.00438635	0.212458	0.00040943	0.326891	0.0753865	0.00140299	0.00577665	0.00152392	0.000228954	0.0107375	0.026656	0.173323	0.00478633	0.0103066
105	0.124048	0.0192112	0.0533275	0.0966326	0.00762632	0.0530914	0.0332648	0.0123774	0.0739373	0.0278787	0.0100933	0.0383289	0.0269229	0.0692181	0.0492198	0.169614	0.0849602	0.0403757	0.00200724	0.00786401
106	0.0949415	0.0114009	0.00207586	0.00395006	0.0122947	0.0262376	0.00428353	0.191285	0.121389	0.0729018	0.00881294	0.00498975	0.00419451	0.00524531	0.0468781	0.0163314	0.0374752	0.314253	0.00657836	0.0144816
107	0.122306	0.0329643	0.000226931	0.000362782	0.135373	0.0404501	0.0009138	0.105421	0.00320517	0.240329	0.0308096	0.00273218	0.00189971	0.000567967	0.00257765	0.034137	0.0330792	0.171296	0.0117583	0.0295906
108	0.201148	0.0339638	0.000845975	0.00159538	0.0613141	0.223487	0.0013911	0.088766	0.00313617	0.114622	0.00840567	0.00225139	0.00242029	0.00171456	0.00301774	0.0524482	0.0446408	0.146794	0.00423564	0.00380273
109	0.0587661	0.0125966	0.00015922	0.000185403	0.0908211	0.0175174	0.00400117	0.19983	0.000769129	0.298932	0.0703723	0.00139019	0.00501453	0.00138377	0.000402506	0.0173705	0.0276209	0.178642	0.00438138	0.00984388
110	0.104005	0.01538	0.0121179	0.0101929	0.0135322	0.0127091	0.00280115	0.178022	0.0100298	0.0930947	0.02358	0.0618872	0.00466735	0.0086608	0.00610661	0.0963161	0.173382	0.166774	0.00261071	0.00413048
111	0.135879	0.0323354	0.000126953	0.000197876	0.0704546	0.0510932	0.000833146	0.145162	0.0018557	0.23121	0.0369068	0.00195227	0.00284707	0.000783345	0.00118156	0.0443174	0.035769	0.200002	0.00310898	0.00398362
112	0.137164	0.03191	0.000130313	0.000188344	0.0847153	0.0534747	0.000774416	0.131908	0.00189926	0.233578	0.0347077	0.00175075	0.00237369	0.00073288	0.00140118	0.0433037	0.0365198	0.192513	0.00335374	0.00760134
113	0.112151	0.0309673	0.0011268	0.00112276	0.0947912	0.0446844	0.00423002	0.139972	0.00202789	0.243533	0.0423702	0.00314542	0.00364866	0.00168826	0.00231017	0.0341769	0.0400381	0.177777	0.0063486	0.0138903
114	0.243497	0.0309845	0.00107192	0.00182963	0.0407715	0.0454484	0.00323704	0.0670935	0.00214348	0.0419952	0.051925	0.00467902	0.00401031	0.00221552	0.00332989	0.152811	0.181279	0.0983331	0.00659702	0.0167476
115	0.0900565	0.0287102	0.000267392	0.000573065	0.220832	0.0255263	0.00212882	0.0790834	0.00197305	0.238909	0.0315818	0.00274844	0.00145293	0.000534806	0.00332129	0.0269882	0.0304532	0.132278	0.0173754	0.0652071
116	0.0462513	0.00623379	0.000243681	0.000452399	0.0539736	0.0093566	0.003041	0.185957	0.000542663	0.39727	0.0730355	0.00197447	0.00835776	0.00112415	0.000466478	0.0110214	0.0261005	0.160825	0.00620019	0.00757193
117	0.149529	0.0622146	0.0189363	0.0142042	0.00498629	0.0605716	0.00578313	0.0398907	0.0104649	0.0268414	0.0128488	0.0926725	0.0106456	0.02394	0.00696501	0.241529	0.149211	0.0585503	0.0022719	0.00794243
118	0.054051	0.0261407	0.00033878	0.0008636	0.280528	0.0142502	0.00403385	0.0916348	0.00188299	0.220227	0.0387685	0.00199598	0.0033195	0.000932653	0.00310098	0.0196508	0.020305	0.103962	0.0161216	0.0978913
119	0.0551516	0.00305641	0.0018969	0.00765068	0.0411477	0.00448473	0.0173686	0.114349	0.0918613	0.106657	0.037984	0.0164606	0.00276193	0.0242551	0.121642	0.0333049	0.0407035	0.170509	0.0562849	0.0524688
120	0.237762	0.0184724	0.0124739	0.0101496	0.0102917	0.336197	0.00518147	0.0198194	0.00984763	0.0207405	0.00544976	0.0219932	0.00474505	0.0100017	0.01911	0.1795	0.0460846	0.0228035	0.00291366	0.00646225
121	0.0896343	0.0179844	0.00121032	0.00133627	0.0603706	0.02696	0.00222096	0.1874	0.0012141	0.252775	0.0518816	0.00262797	0.00379553	0.0020028	0.00131457	0.0303541	0.0398088	0.217631	0.00350595	0.00597152
122	0.127416	0.014809	0.0527369	0.0952607	0.0079218	0.0495998	0.0333982	0.0110777	0.0762597	0.0257424	0.00953873	0.0422974	0.0294461	0.0709211	0.0514514	0.170011	0.0834644	0.0413029	0.0019372	0.00540707
123	0.0922221	0.0220939	0.000798279	0.00140089	0.0494029	0.0264092	0.00101712	0.231735	0.00249969	0.173379	0.0246789	0.00207245	0.00275786	0.00284877	0.00116241	0.0266301	0.0280201	0.302693	0.00238467	0.00579345
124	0.0688311	0.0152627	0.00134424	0.00202577	0.0427382	0.0152604	0.00214303	0.246421	0.00472711	0.156363	0.0261361	0.00242625	0.00311253	0.0021504	0.00272729	0.018493	0.031643	0.341996	0.00567165	0.0105274
125	0.293929	0.0131082	0.00653431	0.00550432	0.00781299	0.350051	0.00347646	0.0197196	0.00631483	0.0193457	0.00384439	0.0102693	0.00376635	0.00592444	0.0134353	0.172159	0.0349643	0.0223387	0.00420291	0.00329839
126	0.0415327	0.00267846	0.00152598	0.0101749	0.0424992	0.00326516	0.0211527	0.12	0.0991205	0.0961259	0.0395021	0.0197477	0.00197797	0.0214522	0.127829	0.0336414	0.0301385	0.168042	0.0633544	0.0562388
127	0.285683	0.0202523	0.00053871	0.0012746	0.0537576	0.0691898	0.00446994	0.0547939	0.00137813	0.0451696	0.0487872	0.00128894	0.00343089	0.0017007	0.00261332	0.124465	0.154164	0.105356	0.00751912	0.0141659
128	0.207731	0.0532511	0.010242	0.018292	0.00902772	0.0892216	0.0057171	0.0238224	0.0100695	0.0324372	0.0230076	0.0399568	0.00832021	0.0199949	0.00821118	0.283423	0.111664	0.0358198	0.00218904	0.00760237
129	0.0550728	0.0105157	0.000688052	0.00293992	0.0327396	0.00659454	0.00143999	0.291964	0.00204646	0.140971	0.018725	0.00128886	0.0007931	0.00161491	0.00120933	0.0103893	0.028653	0.381342	0.00208618	0.00892589
130	0.142567	0.0331743	0.000117392	0.000201428	0.07147	0.0592505	0.000734979	0.14068	0.00219471	0.224495	0.0350845	0.00177919	0.00278312	0.00077315	0.00129315	0.0471837	0.0343445	0.197283	0.0019221	0.00266864
131	0.0422326	0.00846928	0.000187827	0.000238275	0.0784593	0.0118405	0.00416126	0.20709	0.000505382	0.341926	0.0791357	0.001581	0.00554158	0.00148177	0.000310772	0.011263	0.0260194	0.165594	0.00448025	0.0094811
132	0.267848	0.0250019	0.000564617	0.00152618	0.0644393	0.0781426	0.00478186	0.0524095	0.00195308	0.0420971	0.0494658	0.00246807	0.00492475	0.00184058	0.00336339	0.133693	0.154327	0.0826711	0.0122215	0.0162602
133	0.0543721	0.0103832	0.000119632	0.00110455	0.0359537	0.00552128	0.00118611	0.297194	0.00111362	0.141926	0.0190935	0.000610051	0.000411388	0.000743006	0.00025951	0.00897385	0.0211575	0.391558	0.00213046	0.00618802
134	0.047587	0.00993607	0.000125796	0.00024321	0.0880428	0.0117255	0.00414236	0.215168	0.000671645	0.304318	0.070773	0.00132111	0.00533378	0.00146293	0.000287794	0.0121564	0.0260908	0.185479	0.00466244	0.0104725
135	0.195661	0.0134367	0.00232911	0.00333841	0.0149988	0.0198068	0.00135747	0.152848	0.00195105	0.045708	0.0405679	0.00368601	0.00407545	0.00133637	0.00350095	0.143843	0.189161	0.149695	0.00512415	0.00757456
136	0.0261377	0.00334535	0.000401174	0.000600447	0.0393757	0.00419974	0.00285638	0.180995	0.000759234	0.527275	0.0767934	0.00483084	0.00400999	0.00103403	0.000657478	0.00623428	0.0161284	0.0987618	0.00227062	0.00333321
137	0.139012	0.0483562	0.00201966	0.00344014	0.0539768	0.0076142	0.00322755	0.0841501	0.00385839	0.285008	0.00671846	0.00419937	0.00349086	0.00291921	0.00436522	0.232923	0.0766004	0.0309572	0.00306417	0.00409869
138	0.0775532	0.0106767	0.00205448	0.00295127	0.00409957	0.0327532	0.00353006	0.0224389	0.0115143	0.0196231	0.00780816	0.017668	0.673326	0.0110447	0.00241143	0.0196439	0.03213	0.0292224	0.001591	0.0179598
139	0.0283768	0.0137802	0.000713752	0.00339035	0.331723	0.0100132	0.0101747	0.0582105	0.00201365	0.212073	0.0354023	0.00490536	0.00541962	0.00353752	0.00517674	0.0307131	0.0226754	0.0638654	0.0278698	0.129966
140	0.0542891	0.0103182	0.000118784	0.00109387	0.036644	0.00559116	0.00124955	0.295566	0.00108539	0.144334	0.0201632	0.000610231	0.000441651	0.000762224	0.0002598	0.00897342	0.0212017	0.388871	0.0021801	0.00624649
141	0.0541478	0.0102373	0.00011907	0.00108742	0.0365907	0.00564291	0.00122247	0.295072	0.0010325	0.146255	0.0202091	0.000597594	0.000506712	0.000755381	0.000256969	0.00899121	0.0213343	0.387555	0.00218342	0.00620203
142	0.0434435	0.00875776	0.000119254	0.000171806	0.0813377	0.0113364	0.00438619	0.213643	0.000397998	0.324555	0.0751664	0.00136856	0.00576983	0.00154411	0.00022348	0.0107411	0.0268956	0.174978	0.00482232	0.0103428
143	0.32849	0.016849	0.00934789	0.00549622	0.00344378	0.257387	0.00538512	0.0168262	0.00621546	0.0127969	0.00269783	0.0158712	0.00177302	0.0108246	0.0112711	0.244059	0.0390856	0.00840777	0.000931505	0.00284142
144	0.0437804	0.00876428	0.000120813	0.000175746	0.0809947	0.0114938	0.00429951	0.21428	0.00043887	0.323845	0.0748014	0.00144711	0.00576649	0.001624	0.00025371	0.0109488	0.0269041	0.17508	0.00476623	0.0102151
145	0.0763769	0.0224599	0.00287874	0.00623308	0.104328	0.0762685	0.00592249	0.0802992	0.00906489	0.0711591	0.0167794	0.014854	0.16187	0.00633644	0.0417246	0.0416765	0.129334	0.0379325	0.048924	0.045577
146	0.0192879	0.00812383	0.0425475	0.0687008	0.0157254	0.00634408	0.0445883	0.00395259	0.260493	0.00732183	0.00920461	0.0252924	0.0111895	0.0927505	0.299436	0.0317431	0.0339537	0.0155313	0.000617031	0.00319612
147	0.0539409	0.0145584	0.00720676	0.00703194	0.0450885	0.0213059	0.00258793	0.252055	0.00912891	0.183684	0.0442861	0.0132239	0.00395253	0.00934746	0.00541617	0.0220221	0.0511881	0.245029	0.00267292	0.00627325
148	0.0192879	0.00812383	0.0425475	0.0687008	0.0157254	0.00634408	0.0445883	0.00395259	0.260493	0.00732183	0.00920461	0.0252924	0.0111895	0.0927505	0.299436	0.0317431	0.0339537	0.0155313	0.000617031	0.00319612
149	0.0538763	0.0131103	0.00299515	0.0053957	0.0214476	0.0526771	0.00985255	0.0545501	0.010447	0.0330645	0.0604562	0.0403649	0.413024	0.0109166	0.00778772	0.0298095	0.0311624	0.0640583	0.0061704	0.0788341
150	0.140139	0.0131852	0.0321101	0.0978774	0.0105711	0.03987	0.0391026	0.0143785	0.0729126	0.0419814	0.0107776	0.0319579	0.0208817	0.0600217	0.0653214	0.185788	0.0732696	0.0400256	0.00535207	0.00447662
151	0.0502997	0.00993206	0.0557684	0.0720677	0.012765	0.0202757	0.0420809	0.00620984	0.195692	0.0109388	0.0087123	0.0556927	0.0180556	0.0838557	0.216846	0.0687394	0.0460228	0.0210449	0.000836475	0.00416373
152	0.0411874	0.00821914	0.000151031	0.000187528	0.0838051	0.0104296	0.00424116	0.208673	0.000460703	0.341857	0.07529	0.00176172	0.00545893	0.00149405	0.000329515	0.0105724	0.0251804	0.165507	0.00468804	0.0105056
153	0.124852	0.0674781	0.0147708	0.0176088	0.00339187	0.0728478	0.00750303	0.0223602	0.0176252	0.0268428	0.018556	0.100113	0.0177057	0.0463562	0.0106619	0.279034	0.115714	0.0291762	0.00140388	0.00599758
154	0.0931883	0.0325555	0.00985707	0.00607279	0.00751632	0.00880928	0.00511556	0.102418	0.0212574	0.0306462	0.0063832	0.119472	0.00742488	0.0059113	0.00422144	0.110433	0.259803	0.160397	0.0029911	0.00552767
155	0.042449	0.00458259	0.000467158	0.000534062	0.0393877	0.00733801	0.0024552	0.187334	0.00064404	0.457104	0.0736644	0.00274569	0.00587552	0.00106054	0.000636351	0.00846338	0.0239503	0.132219	0.00385045	0.00523841
156	0.0430772	0.0165445	0.000305336	0.000980969	0.320078	0.0110308	0.00542953	0.0658018	0.000972436	0.22527	0.0354941	0.00212188	0.003282	0.000909029	0.00361365	0.0224026	0.0213317	0.0852709	0.0229982	0.113086
157	0.0504356	0.017983	0.00490621	0.00776349	0.217445	0.0222376	0.0119539	0.0599111	0.0092797	0.145802	0.0369813	0.0104463	0.0146756	0.00494972	0.0152932	0.0438292	0.0417044	0.0974848	0.111705	0.0752128
158	0.137921	0.0805182	0.0148051	0.00800481	0.0032314	0.0771157	0.00405573	0.0241793	0.00970362	0.0220365	0.0145743	0.105369	0.010288	0.0305641	0.00545645	0.285488	0.125734	0.032173	0.00144719	0.00733373
159	0.0270858	0.0112375	0.000451549	0.00154	0.312174	0.00766307	0.0064011	0.0655901	0.000920044	0.243617	0.0395116	0.00170272	0.00619073	0.0012012	0.00501871	0.0240426	0.0208017	0.0677671	0.0311706	0.125912
160	0.125565	0.0816652	0.00554249	0.00316679	0.00272099	0.0802391	0.00301412	0.0231527	0.010491	0.0219043	0.0188675	0.115361	0.0107016	0.0406542	0.00364127	0.312771	0.105596	0.0267609	0.00165984	0.00652587
161	0.0285394	0.0143396	0.00351122	0.00774679	0.183275	0.270148	0.0106815	0.0165228	0.00823334	0.0288366	0.0119969	0.0471185	0.00953881	0.00903825	0.0114509	0.062962	0.0296322	0.0252567	0.00858148	0.21259
162	0.0288866	0.0144814	0.000616382	0.00391288	0.352374	0.00931067	0.00702439	0.0527036	0.00160545	0.19364	0.0296768	0.00496081	0.00703595	0.00297455	0.00582272	0.0262913	0.028613	0.0702488	0.0378779	0.121943
163	0.0278819	0.00277887	0.221045	0.269092	0.00363165	0.00805243	0.0397971	0.0273495	0.0617103	0.0115025	0.00758075	0.0572425	0.0056813	0.0468306	0.0320855	0.042956	0.0659058	0.0450258	0.00102358	0.0228266
164	0.0653778	0.041424	0.00338197	0.00361364	0.00580125	0.0789338	0.00364768	0.0143793	0.0449595	0.0167598	0.0120085	0.145163	0.00831565	0.0552521	0.00514503	0.41662	0.0533752	0.0158852	0.00358495	0.00637095
165	0.308401	0.0314515	0.00202484	0.00242195	0.0241767	0.0362123	0.00212201	0.0931526	0.00646303	0.0428423	0.0110042	0.00282507	0.00429311	0.00322698	0.00528442	0.0533527	0.078689	0.282576	0.00229666	0.00718387
166	0.312632	0.0107938	0.00710505	0.00503701	0.00357624	0.333775	0.00398525	0.0164009	0.00589888	0.0131238	0.00222525	0.00990814	0.00159033	0.00719962	0.0130325	0.207514	0.0325627	0.00952893	0.00174515	0.00236639
167	0.131041	0.0770928	0.0100952	0.00981264	0.0044151	0.054917	0.0124127	0.0310511	0.00973497	0.0243099	0.012576	0.0957156	0.010172	0.0313795	0.00640814	0.234119	0.173062	0.061823	0.00250145	0.00736081
168	0.0472253	0.0112695	0.000136614	0.000230658	0.0939825	0.0113998	0.00424572	0.200841	0.000685556	0.298429	0.0718094	0.00174425	0.0050613	0.00149453	0.000900186	0.0125245	0.0261545	0.18705	0.00806717	0.0167488
169	0.41587	0.00934811	0.000669759	0.00439439	0.0113106	0.070646	0.00139169	0.0481005	0.00248979	0.0100854	0.00922575	0.00220903	0.0205209	0.00189477	0.00466345	0.199625	0.0842396	0.0980224	0.00169182	0.00360115
170	0.11717	0.013199	0.0513595	0.105481	0.00848543	0.0575679	0.0291808	0.0115624	0.0654044	0.0289481	0.00944262	0.0399393	0.0518482	0.0723461	0.0516609	0.161411	0.0767848	0.0403341	0.00241356	0.0054601
171	0.0862221	0.00975311	0.107548	0.163167	0.00877615	0.0311003	0.0339788	0.0252637	0.052938	0.0259482	0.0114833	0.053971	0.0205949	0.0743374	0.037541	0.100803	0.0769926	0.0640265	0.0025574	0.0129969
172	0.0899378	0.0167918	0.00377971	0.00484936	0.0276799	0.01674	0.002658	0.233685	0.00759992	0.103329	0.0239181	0.0096652	0.00322189	0.00440873	0.0041702	0.0444777	0.0933161	0.297765	0.00335848	0.00864789
173	0.0245165	0.00274784	0.242939	0.2884	0.00343693	0.0048349	0.0388219	0.0227636	0.0795557	0.012074	0.00695005	0.0422251	0.00256649	0.037809	0.0320614	0.0329162	0.0615238	0.0412387	0.00121218	0.021407
174	0.0513667	0.0176124	0.200024	0.0676858	0.00601499	0.0114146	0.00885783	0.00784387	0.0753576	0.00972962	0.00468016	0.368683	0.00916876	0.0187689	0.061159	0.0561351	0.00991827	0.00952092	0.00220952	0.00384909
175	0.0670213	0.0261455	0.00177391	0.00274052	0.00717517	0.0432593	0.00411463	0.044248	0.01025	0.0345165	0.00885624	0.0145981	0.540785	0.00942112	0.00323929	0.0230836	0.0275197	0.11201	0.00365453	0.0155876
176	0.0326858	0.0024146	0.00141231	0.0211556	0.00509262	0.155345	0.058439	0.00616626	0.210954	0.0218569	0.0111454	0.042428	0.0142528	0.127481	0.146828	0.116929	0.014117	0.00601814	0.00157646	0.00370243
177	0.0192879	0.00812383	0.0425475	0.0687008	0.0157254	0.00634408	0.0445883	0.00395259	0.260493	0.00732183	0.00920461	0.0252924	0.0111895	0.0927505	0.299436	0.0317431	0.0339537	0.0155313	0.000617031	0.00319612
178	0.101371	0.0318158	0.0442387	0.0150162	0.0064686	0.0229961	0.00472073	0.0588811	0.0105785	0.0361002	0.00741684	0.134065	0.0089749	0.00856151	0.00387502	0.149211	0.262188	0.0830321	0.00302581	0.0074626
179	0.0191742	0.0131574	0.000325361	0.000908684	0.356949	0.00446418	0.00692525	0.0764506	0.000818483	0.217513	0.0380014	0.0011451	0.00451166	0.000996126	0.00331186	0.0154092	0.0142832	0.0634987	0.0218909	0.140266
180	0.0827797	0.0112486	0.0047586	0.00668841	0.00703118	0.032657	0.00465034	0.0358215	0.0120835	0.0383913	0.0117576	0.0179384	0.586799	0.0186256	0.00507888	0.0264272	0.0425814	0.0373309	0.00207198	0.0152788
181	0.0303755	0.00590747	0.00158521	0.00598995	0.00857265	0.0182761	0.00345914	0.0631788	0.246069	0.0637048	0.0184354	0.00688146	0.0029606	0.00659929	0.40068	0.0128171	0.0500469	0.041304	0.00609931	0.00705753
182	0.335997	0.0116323	0.00729256	0.00508007	0.00414903	0.288463	0.00412778	0.0172438	0.0060438	0.0125499	0.00205938	0.0112592	0.0024019	0.0076059	0.0122471	0.220492	0.0373911	0.0102237	0.0013728	0.0023679
183	0.032862	0.00469399	0.000429437	0.00076473	0.0476045	0.00631936	0.00335584	0.203633	0.000706606	0.452806	0.0785142	0.00346839	0.00459046	0.00180502	0.000648139	0.00749584	0.0206027	0.121161	0.00295039	0.0055885
184	0.0964647	0.0292097	0.000275103	0.000452707	0.188256	0.0276362	0.00195567	0.0947208	0.00206375	0.246413	0.0363562	0.00267934	0.00145675	0.000619239	0.00295987	0.0270662	0.0307582	0.148819	0.0146086	0.047229
185	0.12668	0.0455531	0.000614902	0.00093549	0.0489943	0.0666472	0.00128668	0.168787	0.00454851	0.206706	0.0225044	0.00268715	0.0137759	0.00174786	0.00213593	0.0389847	0.023251	0.196565	0.00849745	0.0190979
186	0.212603	0.0693108	0.00591743	0.0046088	0.0143278	0.0913537	0.00261249	0.0297625	0.00175831	0.036489	0.026157	0.0433016	0.00533955	0.0153988	0.00295976	0.254759	0.122027	0.0493994	0.00253704	0.00937709
187	0.057515	0.0106843	0.000167664	0.000834159	0.0441499	0.0106676	0.00174638	0.259556	0.000940324	0.19939	0.0344036	0.00102432	0.00212613	0.000807039	0.000351013	0.0115245	0.0259757	0.328208	0.00290111	0.00702756
188	0.136979	0.0336667	0.000108923	0.000175176	0.0685544	0.0578985	0.000759243	0.14929	0.0030379	0.223857	0.0354684	0.00179737	0.00419553	0.000851205	0.001012	0.0433422	0.0333891	0.19943	0.002285	0.00390222
189	0.0313647	0.00499525	0.000257854	0.00042626	0.0547034	0.00619163	0.00328514	0.177856	0.000748204	0.47128	0.0819395	0.00352967	0.00469527	0.00111733	0.00047877	0.00827919	0.0183983	0.122198	0.00306483	0.00519194
190	0.079831	0.0335907	0.0265799	0.0130543	0.0169409	0.0500199	0.0048114	0.173557	0.00847607	0.0794085	0.0295336	0.0177465	0.00697346	0.0299769	0.0104477	0.0385272	0.141213	0.227838	0.002941	0.0085325
191	0.20613	0.0193655	0.00179425	0.00251278	0.02231	0.0260226	0.00172739	0.133835	0.00182037	0.044783	0.0522282	0.00290411	0.00427716	0.00146023	0.00383876	0.140712	0.172123	0.144786	0.00554194	0.0118271
192	0.141133	0.0326775	0.000127306	0.000212261	0.0767112	0.0598074	0.000723026	0.136517	0.00219685	0.227284	0.0344727	0.00172499	0.00267921	0.000747171	0.00149787	0.046871	0.0341628	0.193756	0.00238908	0.00430954
