483	20
1	0.00740246	0.0077949	0.00332077	0.00423446	0.483245	0.00190571	0.0163202	0.0154688	0.00203541	0.0383463	0.00293662	0.00697793	0.00111256	0.00422916	0.00475048	0.00404523	0.00217511	0.0053677	0.034355	0.353976
2	0.00884392	0.0219842	0.126698	0.0705767	0.0291853	0.0137756	0.10021	0.0411715	0.011179	0.0412889	0.00424649	0.277169	0.00457765	0.0422703	0.0231666	0.103754	0.0245222	0.00676625	0.0012613	0.0473529
3	0.0509434	0.00481507	0.0223391	0.0494679	0.00639557	0.0117305	0.0174583	0.0127135	0.033352	0.00886188	0.00283677	0.00834354	0.642915	0.0224381	0.0247486	0.0427959	0.0155207	0.0130904	0.00206975	0.00716389
4	0.0848921	0.0102255	0.0157127	0.0999176	0.00810576	0.0116252	0.0125656	0.034675	0.233434	0.0451227	0.0125108	0.0423411	0.00642322	0.0646523	0.116565	0.0715717	0.076435	0.048397	0.000150914	0.00467647
5	0.0751317	0.00762957	0.0576984	0.085059	0.109858	0.00722085	0.0209991	0.0299219	0.0393919	0.0599038	0.00488315	0.0670114	0.00450448	0.0527331	0.0285575	0.0959396	0.0998912	0.087937	0.00134198	0.0643865
6	0.0719209	0.0630533	0.00383014	0.00986571	0.00833179	0.00394042	0.00182192	0.373156	0.00351113	0.025645	0.00982009	0.00869147	0.00421245	0.00699363	0.0133188	0.0108341	0.0459966	0.33332	0.000465153	0.00127141
7	0.0536406	0.0100131	0.0827529	0.264929	0.00659963	0.0121956	0.0221254	0.0150027	0.0751688	0.0163797	0.00820554	0.0379236	0.020635	0.247235	0.0335019	0.0386709	0.021453	0.0193168	0.00233858	0.0119114
8	0.18505	0.0163541	0.0153971	0.0461202	0.0133108	0.0435574	0.0117868	0.00418739	0.0844404	0.0140521	0.00641267	0.0859767	0.0240412	0.03549	0.0360489	0.320599	0.046394	0.00849967	0.000287828	0.00199355
9	0.100705	0.0528398	0.0266245	0.0251361	0.0308949	0.0782598	0.0162949	0.0220734	0.0983474	0.0191815	0.0160054	0.0449212	0.00787221	0.0296355	0.06417	0.306033	0.0146614	0.0330556	0.000759047	0.0125298
10	0.0241854	0.0106538	0.00613727	0.0279143	0.0918603	0.0107405	0.0631448	0.0747031	0.0508643	0.0827242	0.0202697	0.0152632	0.00810514	0.0275913	0.0602985	0.0232573	0.0315852	0.0623891	0.200995	0.107318
11	0.0654384	0.0167687	0.0163569	0.0202485	0.0280858	0.0186291	0.0467284	0.0146334	0.02274	0.0657155	0.0615605	0.109211	0.0112615	0.108881	0.0230501	0.135615	0.0293825	0.0210112	0.0149322	0.16975
12	0.102544	0.00083255	0.141686	0.177073	0.00113855	0.0040869	0.0160043	0.00148389	0.0716353	0.0099159	0.000951283	0.0183813	0.118606	0.0442036	0.0362109	0.20676	0.0397688	0.0014378	0.000206191	0.00707361
13	0.009454	0.00578293	0.0012612	0.00977099	0.185022	0.0146563	0.0199148	0.0198698	0.0103275	0.0295834	0.00498897	0.00192183	0.00102564	0.00184683	0.0308833	0.00409255	0.00194896	0.0186458	0.413297	0.215707
14	0.00934984	0.00594131	0.0012586	0.0093653	0.180044	0.0150921	0.0206202	0.0199038	0.0101825	0.0268207	0.00489334	0.00209593	0.00113473	0.00210868	0.0311517	0.00408614	0.00245065	0.0192982	0.416397	0.217806
15	0.0136496	0.00401625	0.0735325	0.461687	0.00601115	0.006786	0.0307238	0.0465069	0.0124412	0.0481443	0.0244157	0.0439387	0.00832146	0.0380503	0.0113514	0.0158797	0.0106078	0.134144	0.00166049	0.00813125
16	0.0862552	0.00469468	0.103685	0.244704	0.00230065	0.00838129	0.00856465	0.00724562	0.203117	0.00863317	0.00586606	0.0459068	0.00123299	0.0807389	0.0828519	0.0582431	0.0329689	0.0109698	0.000105143	0.00353472
17	0.115831	0.0427607	0.00877731	0.219143	0.00223947	0.00225408	0.00225044	0.00267104	0.0987738	0.0200254	0.0291429	0.0728258	0.00181097	0.195576	0.0160151	0.110456	0.0430452	0.0138478	0.000490685	0.00206366
18	0.0824051	0.0107864	0.182491	0.0642635	0.00171034	0.25754	0.017156	0.00574739	0.0748174	0.00353861	0.0013563	0.0878512	0.00346463	0.0498762	0.0233902	0.0739326	0.0320005	0.0253437	0.000429625	0.00189959
19	0.0902829	0.0619574	0.00148597	0.00201849	0.00173333	0.0116085	0.00141638	0.0911665	0.00948103	0.0307146	0.0574001	0.00243018	0.00706039	0.00263756	0.00175896	0.182188	0.141227	0.298818	0.00328462	0.00133076
20	0.0048165	0.000600951	0.00446829	0.00564519	0.001444	0.00302449	0.000688048	0.576487	0.000682963	0.156635	0.0297936	0.000776368	0.00203786	0.000758274	0.000639905	0.00125401	0.000807089	0.207668	0.000126415	0.00164532
21	0.0735598	0.0415624	0.000800161	0.00566924	0.0240263	0.00374046	0.00230974	0.264047	0.00638815	0.170024	0.0830051	0.00324384	0.00537761	0.00430361	0.0123365	0.0375055	0.0600155	0.198293	0.000379827	0.00341243
22	0.0422909	0.0230488	0.00339404	0.00973322	0.0950166	0.0027719	0.00975937	0.219061	0.00614155	0.261983	0.111004	0.00280814	0.00564933	0.0127709	0.0114298	0.0286308	0.0310202	0.106915	0.00417001	0.0124019
23	0.0392935	0.00532633	0.0158764	0.0300269	0.012855	0.011959	0.0141548	0.0490752	0.0313177	0.0225969	0.00781474	0.00919629	0.609192	0.0239632	0.0143204	0.0400394	0.0185947	0.0285873	0.00399726	0.0118125
24	0.0632592	0.0069734	0.0211685	0.0289016	0.00567158	0.0442158	0.00961365	0.00995344	0.022517	0.00779585	0.00414337	0.00884456	0.611064	0.0188861	0.0125223	0.082185	0.0207906	0.0120757	0.00249935	0.00691922
25	0.0459973	0.00881078	0.0200195	0.0301151	0.0164279	0.0269225	0.0139763	0.0196986	0.0277706	0.0443776	0.0108599	0.0142961	0.536575	0.0247457	0.0161229	0.0780587	0.0242168	0.0227528	0.00467726	0.0135783
26	0.0438452	0.0195693	0.0431404	0.0475591	0.03033	0.0312191	0.0381763	0.0407825	0.0591101	0.127991	0.0293057	0.16917	0.014954	0.0449665	0.0444553	0.0731199	0.0609143	0.0473341	0.00553678	0.0285209
27	0.0106638	0.00510214	0.00368983	0.00579449	0.00710817	0.00278023	0.00153577	0.483888	0.00246633	0.190906	0.0429824	0.0022741	0.00269469	0.00303573	0.00394381	0.00464975	0.00992654	0.212842	0.000169496	0.00354716
28	0.0561324	0.0192384	0.0623549	0.0427792	0.0195521	0.0378272	0.0207599	0.0203746	0.0389182	0.0306062	0.0217602	0.13108	0.0167242	0.0266855	0.0288871	0.144747	0.221113	0.0406683	0.00394561	0.0158465
29	0.0605697	0.0107367	0.0146087	0.0113368	0.0114093	0.67012	0.00579612	0.0175194	0.010807	0.0177778	0.00421566	0.0397378	0.00375525	0.0101289	0.0110001	0.0310748	0.0190899	0.0436979	0.00219076	0.00442734
30	0.0699701	0.0163065	0.00938084	0.0117189	0.0306497	0.0187783	0.0292313	0.0268007	0.0437456	0.0097206	0.0138325	0.0713524	0.0075824	0.037123	0.0298578	0.193031	0.209752	0.138763	0.000816238	0.0315869
31	0.00886729	0.00709103	0.00322709	0.00597365	0.0531993	0.00434193	0.00450589	0.122625	0.00558712	0.55028	0.116126	0.00563543	0.00507501	0.0106742	0.0120271	0.00902107	0.014282	0.0458347	0.00289796	0.012728
32	0.0508844	0.0151337	0.0238882	0.0328819	0.0198784	0.0219083	0.343717	0.0140154	0.0411951	0.0239524	0.0131401	0.0571743	0.012111	0.0344223	0.0414964	0.142463	0.0415888	0.0183023	0.00688997	0.0449574
33	0.00367232	0.0033907	0.00123259	0.00168371	0.0147679	0.00297926	0.000786352	0.324145	0.0016012	0.431265	0.108566	0.000968661	0.00718823	0.00107072	0.0049808	0.003209	0.00268105	0.0741633	0.000130727	0.0115177
34	0.083071	0.00925364	0.0202208	0.0135424	0.00998716	0.592392	0.00952765	0.00578956	0.0196255	0.0125678	0.00562944	0.0397198	0.0241378	0.0132857	0.0118519	0.0800567	0.0242551	0.0196497	0.00129904	0.00413722
35	0.0394122	0.0164645	0.0166084	0.0281233	0.0372492	0.0221504	0.296462	0.032565	0.0361712	0.0553579	0.0654853	0.0551916	0.0148905	0.057403	0.0397731	0.0592221	0.0361683	0.0315085	0.0136552	0.0461385
36	0.62576	0.00477058	0.00198305	0.00256057	0.0059626	0.198307	0.0110761	0.00172224	0.0040068	0.00698661	0.00791371	0.00210764	0.00626469	0.0063817	0.00282011	0.0598773	0.0366886	0.0104235	0.00299155	0.0013955
37	0.00511225	0.00550436	0.00144076	0.00306164	0.0634313	0.0014101	0.00274871	0.146562	0.00203258	0.547236	0.124248	0.00300169	0.00393899	0.00834263	0.00831543	0.00473017	0.00906504	0.0472407	0.00196706	0.0106104
38	0.144419	0.00524172	0.00565546	0.0289597	0.0105947	0.137061	0.00552656	0.0112542	0.00724541	0.0245682	0.0919339	0.0808994	0.0332935	0.015122	0.00842515	0.121998	0.251366	0.00943319	0.00208132	0.00492097
39	0.173687	0.113865	0.0126725	0.00854389	0.00879044	0.0397321	0.00426753	0.0278018	0.00379708	0.024091	0.00772557	0.052982	0.00265777	0.00443373	0.0177743	0.0952232	0.0904207	0.306466	0.00118153	0.00388741
40	0.102311	0.0127646	0.0088917	0.00719716	0.0103463	0.0146391	0.00659324	0.0026089	0.0127367	0.00376937	0.00458692	0.0154	0.00909717	0.0109951	0.00383595	0.58652	0.178478	0.00244617	0.000285571	0.0064967
41	0.00477314	0.00060569	0.00442661	0.00559834	0.00151	0.00301927	0.000684692	0.576075	0.000672205	0.155848	0.029609	0.000774355	0.00208227	0.000783414	0.000638712	0.00126131	0.000781641	0.209111	0.00012646	0.00161892
42	0.00793886	0.00327603	0.0168338	0.0682088	0.00369	0.00414038	0.00573351	0.0190091	0.0210979	0.00773248	0.00414004	0.040877	0.00455053	0.755093	0.00851251	0.0102275	0.00690087	0.00615977	0.000848556	0.00502899
43	0.044429	0.00424899	0.305385	0.241716	0.00695253	0.0123344	0.0169289	0.00699949	0.0838421	0.0106108	0.00216461	0.0664808	0.011859	0.0765508	0.0211502	0.0480684	0.0213773	0.0112603	0.00101574	0.00662602
44	0.30419	0.0430561	0.0029187	0.0029497	0.00235908	0.0220805	0.00244631	0.0495458	0.00341044	0.0380748	0.00493185	0.00334409	0.0103613	0.00356994	0.00274699	0.170866	0.238862	0.0898926	0.00176127	0.00263288
45	0.0019961	0.00205852	0.00104253	0.00153449	0.0172439	0.00265221	0.000817753	0.274319	0.00130359	0.497058	0.114747	0.000944685	0.00744535	0.00154102	0.00540704	0.00270276	0.0020171	0.0522963	0.000123513	0.0127489
46	0.0759369	0.0789961	0.00353996	0.00593381	0.00643162	0.00191183	0.00156951	0.392522	0.00216334	0.0236725	0.0092504	0.0101942	0.00189027	0.00629554	0.0158377	0.0080997	0.0456	0.308673	0.000361845	0.00111934
47	0.0410726	0.0479804	0.00918354	0.0213205	0.0119771	0.0214614	0.0209942	0.0305975	0.143279	0.0251177	0.0110117	0.0285088	0.00979537	0.0424333	0.409663	0.0455823	0.0361196	0.0266472	0.00287908	0.014376
48	0.0090666	0.00578297	0.00122688	0.00952302	0.173858	0.0152954	0.02063	0.0193955	0.0102876	0.025579	0.00481399	0.0018648	0.0010799	0.00195466	0.0319499	0.00393695	0.00206756	0.0183076	0.428439	0.214941
49	0.117779	0.0597314	0.0039258	0.00414695	0.0040362	0.0136937	0.0023299	0.0569765	0.00627658	0.0299006	0.0293779	0.00960593	0.00603061	0.00373832	0.00489211	0.123569	0.202913	0.316659	0.00197209	0.00244621
50	0.0263575	0.021978	0.00254953	0.0100126	0.0356364	0.00196898	0.00783249	0.228557	0.0108016	0.234829	0.0439721	0.00943081	0.00325076	0.0108876	0.0159185	0.0209625	0.0507865	0.24045	0.00452485	0.0192928
51	0.00908223	0.00576263	0.00124271	0.00952021	0.175091	0.0153755	0.0203213	0.019195	0.0103099	0.0251157	0.00457191	0.00186787	0.00108101	0.00186281	0.0315004	0.00388198	0.00197947	0.0180905	0.427829	0.216319
52	0.00367189	0.00563159	0.00294349	0.00994294	0.0160291	0.000543659	0.00546685	0.268584	0.0108772	0.286176	0.0299888	0.0115804	0.000485879	0.0115141	0.0166113	0.00363234	0.03384	0.271393	0.000133887	0.0109534
53	0.0688928	0.0109385	0.0149124	0.0270009	0.00690023	0.0969553	0.0110282	0.0108549	0.0249182	0.00895926	0.00700841	0.0115875	0.540086	0.0203967	0.0139284	0.0841043	0.0202735	0.0125006	0.0026895	0.00606414
54	0.071451	0.00348539	0.0116879	0.00897534	0.00927743	0.72576	0.00583218	0.00309791	0.01545	0.0130528	0.00249934	0.0429362	0.00682276	0.00829422	0.00800168	0.0305448	0.0119672	0.0169497	0.00132907	0.0025855
55	0.0182657	0.127791	0.00536547	0.00800641	0.153667	0.00633706	0.00680422	0.0217269	0.00786618	0.104134	0.0933191	0.0209253	0.0127022	0.014165	0.00925378	0.058947	0.146533	0.142084	0.00339753	0.0387102
56	0.0437357	0.0104583	0.300538	0.103165	0.0169727	0.0180562	0.0193502	0.0127816	0.0390215	0.023184	0.00706038	0.0366015	0.172274	0.0314268	0.0217664	0.0700387	0.0359028	0.0156887	0.00223066	0.0197478
57	0.0306513	0.0151701	0.0150589	0.0254628	0.013777	0.0170837	0.349085	0.0182698	0.0716428	0.0298313	0.011365	0.054485	0.0119867	0.0567065	0.117169	0.0585346	0.0337163	0.0163295	0.00689089	0.0467839
58	0.279493	0.0148894	0.02724	0.0554767	0.0131255	0.0342318	0.0188153	0.0207413	0.102127	0.0249366	0.0157579	0.0360875	0.0163726	0.0377458	0.0472037	0.108041	0.0972779	0.0359961	0.00335675	0.011083
59	0.0713612	0.0179722	0.0191634	0.0148896	0.0109957	0.319855	0.0099453	0.00876253	0.0218278	0.0118938	0.00790329	0.0342752	0.032065	0.0178129	0.015086	0.295365	0.0663366	0.0174757	0.00126442	0.00574979
60	0.0435967	0.0222891	0.00495132	0.0121509	0.0412642	0.00540691	0.00898938	0.279616	0.0139295	0.200506	0.0638439	0.00993014	0.00743215	0.0118978	0.0168472	0.0405193	0.0412339	0.158004	0.00463607	0.0129557
61	0.660745	0.0034015	0.00271764	0.0037224	0.00315986	0.0843441	0.0074647	0.00290565	0.00827648	0.00759754	0.0136938	0.00276751	0.00556505	0.00540059	0.00380673	0.1011	0.0519647	0.0238328	0.00615963	0.00137341
62	0.067019	0.104864	0.00430999	0.00711985	0.0365104	0.0117389	0.0061316	0.0740747	0.010966	0.0495245	0.0769803	0.0203794	0.0116424	0.0131229	0.00862054	0.106454	0.160548	0.212457	0.00245257	0.0150835
63	0.0242102	0.0126416	0.0243717	0.0375278	0.031319	0.015675	0.22296	0.0237374	0.0464154	0.0308407	0.0139818	0.0557882	0.0217207	0.155433	0.0469335	0.0323622	0.023653	0.0257522	0.00795526	0.146721
64	0.16059	0.0200792	0.0287281	0.00756122	0.0141407	0.0163842	0.0163953	0.0320444	0.017319	0.0129801	0.0227746	0.0412516	0.00610339	0.0203831	0.0140571	0.198502	0.211722	0.129034	0.00130596	0.0286429
65	0.0338384	0.0192041	0.00199842	0.00739902	0.0298388	0.00274043	0.00394096	0.247639	0.0081485	0.264035	0.112616	0.00502666	0.00472167	0.00748896	0.0177456	0.0183796	0.0348355	0.168813	0.00130741	0.0102828
66	0.00907392	0.00813908	0.00365445	0.00762013	0.0396139	0.00255675	0.00444093	0.230293	0.00714283	0.37327	0.0769664	0.00698249	0.00543193	0.0109006	0.0123084	0.00732541	0.0226985	0.156904	0.00172469	0.0129535
67	0.0486092	0.00473498	0.257876	0.243049	0.00720198	0.0124796	0.0259706	0.00953856	0.0593829	0.028648	0.00455279	0.0550263	0.0311634	0.0517905	0.0210305	0.0814421	0.0302012	0.0184472	0.00089446	0.00796081
68	0.00815417	0.00904165	0.00217484	0.0115662	0.00240752	0.00263022	0.0299741	0.00841611	0.297895	0.00470312	0.00169859	0.0405986	0.00211389	0.0310388	0.4945	0.0127234	0.022437	0.00943967	0.000450343	0.00803682
69	0.00210277	0.0023073	0.00107086	0.00142781	0.0161511	0.00294191	0.000688883	0.295718	0.00137075	0.474592	0.11309	0.00071547	0.00808167	0.000911306	0.00512426	0.00285307	0.00162969	0.0559483	0.000106585	0.0131688
70	0.0226478	0.0116678	0.0530885	0.0151093	0.00987024	0.24279	0.0130772	0.0476136	0.0524265	0.0151212	0.0103525	0.0197062	0.0492679	0.0167143	0.0854496	0.126517	0.180705	0.0157097	0.00256185	0.00960402
71	0.0317685	0.0087527	0.0150032	0.0423995	0.00952712	0.014728	0.0333194	0.0242921	0.205866	0.0286593	0.0128237	0.0303472	0.0896647	0.0424827	0.29776	0.0470231	0.0336742	0.0192237	0.00158097	0.0111039
72	0.034706	0.00263181	0.318738	0.30897	0.00128942	0.00784173	0.014903	0.00573225	0.0815886	0.00658176	0.00102274	0.0660595	0.0133381	0.0754297	0.00915376	0.0301479	0.0129413	0.0063608	0.000291165	0.00227258
73	0.167859	0.00210896	0.0577023	0.237379	0.0021515	0.0897027	0.00234177	0.00261542	0.245562	0.0295357	0.0020081	0.0449947	0.00848805	0.0320963	0.0283442	0.0211063	0.00384093	0.0195258	0.000510073	0.00212681
74	0.0311099	0.0332779	0.0139357	0.0186737	0.172442	0.0232633	0.030994	0.0352456	0.0353394	0.0957276	0.104627	0.083658	0.0177948	0.0344538	0.0354804	0.0551249	0.0638944	0.0492547	0.00944612	0.0562573
75	0.00367518	0.00562146	0.00295919	0.0100161	0.0160212	0.000552359	0.00547987	0.267838	0.0109283	0.287031	0.0301459	0.0116888	0.0004719	0.0115365	0.0166452	0.00364468	0.0339198	0.270722	0.000139222	0.0109632
76	0.0808137	0.00388684	0.118686	0.276873	0.00180789	0.00964571	0.00696587	0.00415498	0.200333	0.00488422	0.00463684	0.0438356	0.000608358	0.0850683	0.0723415	0.0480153	0.0262126	0.00794174	0.000100356	0.00318905
77	0.0469575	0.00597295	0.00799948	0.0687065	0.00339972	0.0062494	0.0124295	0.042206	0.335372	0.0681753	0.0162176	0.013814	0.00535166	0.0559682	0.165153	0.0317476	0.0617731	0.0410354	0.00028148	0.0111896
78	0.075905	0.0777077	0.00358209	0.00607917	0.0067125	0.0019826	0.00158013	0.391564	0.002271	0.0242014	0.00933457	0.01008	0.00192386	0.00616513	0.0157654	0.00828341	0.0454153	0.309988	0.000356351	0.00110331
79	0.0133911	0.0199698	0.00272678	0.0118916	0.199884	0.00714989	0.0217333	0.0636652	0.00978308	0.140973	0.0491882	0.00274492	0.00730968	0.0111951	0.0259993	0.0147893	0.0124442	0.0469221	0.206322	0.131917
80	0.0793179	0.0041494	0.123847	0.277625	0.00187737	0.00697838	0.007456	0.00418886	0.195006	0.00373694	0.00488043	0.043721	0.000402726	0.0847768	0.0750553	0.048151	0.0277147	0.00769958	8.90243e-05	0.00332721
81	0.00911699	0.00572392	0.00129243	0.00941966	0.180648	0.0148384	0.0205583	0.0194787	0.010116	0.0264333	0.00484554	0.00193934	0.00105437	0.0020809	0.0314731	0.00391186	0.00200529	0.0185213	0.419915	0.216628
82	0.0421881	0.0215391	0.00582845	0.0443048	0.00839299	0.0118004	0.0163115	0.0277429	0.273815	0.0421031	0.0114769	0.024994	0.00461866	0.0483339	0.280908	0.0408166	0.0532316	0.0321922	0.000507734	0.0088935
83	0.0294948	0.00273767	0.175048	0.366171	0.00178477	0.021291	0.0712181	0.00531381	0.0647766	0.00733649	0.00161219	0.111227	0.0161046	0.0200477	0.0215423	0.031852	0.0318177	0.00942551	0.000501887	0.0106976
84	0.0208409	0.014444	0.0155564	0.0189237	0.0240456	0.00976654	0.31904	0.0103399	0.0919702	0.039441	0.00823215	0.0560494	0.00765544	0.0205066	0.0744074	0.112435	0.0641271	0.00855175	0.00464618	0.0790205
85	0.086324	0.0950418	0.0108103	0.0870413	0.00971418	0.133971	0.0759151	0.0616584	0.0129205	0.0145895	0.00891271	0.013754	0.0172764	0.191812	0.065656	0.0713539	0.0155294	0.0150054	0.00248006	0.0102349
86	0.100713	0.0136435	0.208368	0.0719314	0.00141103	0.23587	0.0159142	0.00666316	0.0563964	0.00265891	0.00122437	0.0829101	0.00205238	0.0440738	0.016232	0.0748692	0.030886	0.0325038	0.000360828	0.00131866
87	0.0849505	0.01055	0.0152724	0.0995922	0.00775271	0.0117287	0.0124681	0.0341049	0.238406	0.0446258	0.0127975	0.0415618	0.00616733	0.0647787	0.117463	0.0713182	0.0745863	0.0471826	0.000146754	0.00454628
88	0.00872236	0.00515143	0.00373911	0.00575369	0.0197596	0.0036104	0.0024225	0.428752	0.0031114	0.249421	0.0581435	0.00312008	0.00393703	0.0042172	0.00545705	0.00595863	0.0101235	0.170503	0.000865752	0.00723102
89	0.0280679	0.0363129	0.00201011	0.00346882	0.0696194	0.00329919	0.0260564	0.0431823	0.121626	0.12671	0.0406473	0.0786903	0.00227881	0.0199264	0.0879363	0.0536607	0.148987	0.0340589	0.000822611	0.0726382
90	0.0673393	0.000752036	0.0937011	0.110224	0.00360445	0.0276277	0.05806	0.000917306	0.0811706	0.0113868	0.00340574	0.147312	0.00260038	0.0915905	0.0539857	0.154411	0.0742252	0.00120515	0.000166285	0.016315
91	0.165213	0.0283875	0.0175956	0.0471939	0.0217638	0.0259535	0.0164661	0.0458689	0.0432122	0.0329925	0.0184824	0.0347357	0.00949943	0.0808004	0.0327591	0.0866824	0.128385	0.137583	0.00496129	0.0214651
92	0.00128842	0.00119645	0.000495577	0.00313823	0.0411402	0.000549892	0.00245882	0.0606142	0.00114652	0.684659	0.144257	0.00416764	0.00059931	0.0121419	0.0100052	0.00133657	0.00833685	0.0167164	0.00085587	0.00489585
93	0.00748978	0.00898991	0.00214237	0.0109382	0.00228869	0.00225673	0.0311449	0.00827412	0.298996	0.00281299	0.00137162	0.0392256	0.00195897	0.0280004	0.502105	0.0115488	0.0227068	0.00917136	0.000400668	0.00817752
94	0.0305112	0.0120008	0.00139598	0.00945909	0.00344734	0.0205686	0.00319162	0.041847	0.17888	0.0253707	0.00132264	0.00862595	0.00435292	0.036593	0.535038	0.0392661	0.0369153	0.00890117	0.000272626	0.00204025
95	0.00145081	0.00121065	0.000673006	0.00278279	0.0342484	0.000693614	0.00208048	0.089136	0.00109048	0.665749	0.139808	0.0035879	0.00143175	0.00944192	0.00911254	0.00151948	0.00706042	0.0224505	0.00056727	0.00590447
96	0.181836	0.00698818	0.0106324	0.00818963	0.00959329	0.625579	0.00513478	0.00347546	0.00843136	0.0111559	0.0032862	0.0265843	0.0130444	0.00764466	0.00699319	0.035086	0.0151694	0.017544	0.00106469	0.00256727
97	0.309516	0.115557	0.00262526	0.00537978	0.0254133	0.133239	0.00996521	0.0237405	0.00254176	0.0398615	0.0108489	0.012821	0.00756507	0.00467315	0.00491852	0.112613	0.0481844	0.122118	0.000841526	0.00757698
98	0.117674	0.0164258	0.0103219	0.0086244	0.00769839	0.0210743	0.00759817	0.00765359	0.0156573	0.00698856	0.00648829	0.0197363	0.0108429	0.0118277	0.00394213	0.514119	0.189145	0.0177022	0.00127681	0.00520327
99	0.0137837	0.0364595	0.00394505	0.00426056	0.231646	0.00161457	0.00698869	0.079767	0.00466187	0.314128	0.0890004	0.00232707	0.0191633	0.0106795	0.0111565	0.0115846	0.018556	0.0767933	0.0119987	0.0514851
100	0.0583973	0.00456097	0.29737	0.200157	0.00558298	0.0319758	0.0213293	0.00760749	0.0760528	0.013266	0.00262406	0.0835365	0.0115717	0.0536517	0.0215785	0.0599032	0.0298173	0.0140213	0.000470021	0.00652658
101	0.0083033	0.00584526	0.00199061	0.00723657	0.31046	0.00930636	0.0180988	0.0183398	0.00653275	0.0328959	0.00397267	0.00355701	0.00102505	0.00256736	0.0205451	0.00367542	0.00163318	0.0134316	0.263444	0.267139
102	0.0208335	0.00154942	0.150705	0.032255	0.00199752	0.039246	0.0019988	0.00219482	0.0159087	0.00276504	0.00151687	0.189328	0.00249972	0.00293627	0.0144681	0.228466	0.28646	0.00251179	0.000503076	0.00185573
103	0.0119656	0.00938059	0.00373347	0.0145135	0.00373723	0.00420461	0.0452485	0.00970853	0.284033	0.00673584	0.00301366	0.0376828	0.00603765	0.0289165	0.467757	0.0177364	0.0253692	0.0100416	0.000577332	0.0096067
104	0.0878924	0.0448359	0.0360018	0.232776	0.0379189	0.00745497	0.0104128	0.0314152	0.0356512	0.0183072	0.00651745	0.0191937	0.00568075	0.080853	0.0146282	0.0654515	0.0714844	0.137323	0.00190111	0.0543012
105	0.209071	0.0654924	0.0056773	0.00848545	0.0316412	0.00672936	0.0291649	0.00727502	0.00762373	0.00835899	0.00557325	0.0531166	0.00507653	0.0535787	0.197868	0.0362375	0.0325202	0.122726	0.00162286	0.112161
106	0.0210979	0.0190699	0.00854221	0.0103982	0.341963	0.00733678	0.0404069	0.0281366	0.0130231	0.054394	0.0176802	0.021866	0.00725294	0.0160858	0.0115377	0.0472381	0.0225881	0.0264158	0.0337174	0.251249
107	0.0754919	0.0189586	0.0247406	0.0149053	0.00893336	0.0223328	0.0118953	0.0101377	0.020848	0.0108494	0.0094597	0.0399263	0.0112635	0.0141381	0.00985024	0.464121	0.201134	0.02343	0.000972309	0.00661114
108	0.00173093	0.00136494	0.00101557	0.00342477	0.0397531	0.00073841	0.00257607	0.0657048	0.00177648	0.672477	0.145796	0.00413094	0.000862568	0.0125072	0.0108675	0.00192572	0.00899369	0.0184964	0.00086985	0.00498878
109	0.0358281	0.0213032	0.0114878	0.0201321	0.160408	0.0585063	0.0169759	0.225235	0.0184627	0.111531	0.0418732	0.0184904	0.0160911	0.0192482	0.0201878	0.0334353	0.036395	0.0913389	0.0132524	0.0298173
110	0.0731406	0.0799635	0.00360995	0.00567581	0.00635952	0.00195104	0.00162674	0.388786	0.00232859	0.0241219	0.00910733	0.011229	0.00187707	0.006133	0.0161368	0.00779942	0.0442096	0.314405	0.000368819	0.00117058
111	0.0281876	0.00896137	0.00209439	0.0199033	0.00393109	0.018271	0.00557789	0.0402019	0.207516	0.0398179	0.00190526	0.00801552	0.00694793	0.0679146	0.451366	0.0354089	0.0397063	0.0116436	0.000306611	0.00232295
112	0.0012849	0.00125726	0.000519064	0.00312303	0.0418522	0.000545685	0.00248635	0.0593527	0.00115291	0.683986	0.145373	0.00419929	0.000550918	0.0122474	0.0100017	0.0013538	0.00837292	0.0166486	0.000899153	0.00479265
113	0.0148592	0.046223	0.00335945	0.00490112	0.179011	0.00378207	0.204524	0.00453727	0.0259474	0.00563676	0.0123305	0.0468011	0.00320918	0.0271738	0.00597341	0.0485316	0.03832	0.0256248	0.0247441	0.274511
114	0.0228695	0.000990316	0.381842	0.221412	0.00114134	0.0100168	0.0192652	0.00777689	0.0945642	0.00523535	0.0008474	0.0993004	0.00580186	0.0547995	0.0119944	0.0385777	0.0192853	0.00237426	0.000256234	0.0016493
115	0.0793179	0.0041494	0.123847	0.277625	0.00187737	0.00697838	0.007456	0.00418886	0.195006	0.00373694	0.00488043	0.043721	0.000402726	0.0847768	0.0750553	0.048151	0.0277147	0.00769958	8.90243e-05	0.00332721
116	0.0132684	0.00197894	0.0624424	0.0473993	0.00335832	0.322378	0.0252964	0.00309189	0.198647	0.00543575	0.00209679	0.178457	0.00863562	0.0322794	0.0188704	0.0600914	0.00714356	0.0065171	0.000425713	0.00218747
117	0.00711842	0.00623964	0.00349662	0.0104047	0.0199548	0.00086868	0.00675454	0.260605	0.0130065	0.281631	0.0328851	0.0101291	0.00070786	0.0117843	0.0187764	0.00694163	0.0431487	0.25042	0.00104102	0.0140861
118	0.00443812	0.00131044	0.00399132	0.00566243	0.00310626	0.00282312	0.00114141	0.539242	0.0015587	0.179033	0.0318196	0.0016781	0.00195009	0.0018059	0.00226313	0.00152769	0.00413716	0.209714	0.000125973	0.0026721
119	0.0119388	0.0162989	0.00201125	0.0080872	0.188537	0.010217	0.0506196	0.027661	0.012666	0.0361319	0.0103257	0.0135708	0.00182765	0.00933048	0.0229173	0.0156234	0.0149539	0.0388818	0.26767	0.240731
120	0.0245405	0.0102217	0.00622809	0.0213291	0.00434307	0.0113764	0.0159393	0.0251172	0.210588	0.0206209	0.00509499	0.0240079	0.00603736	0.0370441	0.496671	0.0290614	0.0324806	0.0123022	0.000588187	0.00640785
121	0.0208142	0.154327	0.125295	0.0135862	0.0130816	0.0160657	0.0122059	0.0120022	0.0160641	0.0133758	0.00981136	0.0151887	0.00857365	0.0157702	0.0480415	0.469108	0.0128636	0.013216	0.0023556	0.00825358
122	0.0198651	0.239119	0.0116483	0.0121862	0.0229772	0.0113599	0.0100858	0.0104126	0.0134279	0.017383	0.0269909	0.0558963	0.116631	0.0164109	0.0124668	0.0997696	0.173156	0.0806234	0.00276006	0.0468303
123	0.25247	0.00634888	0.00605211	0.0156047	0.0384377	0.0183652	0.0411963	0.0701773	0.0388382	0.005723	0.0157219	0.0202044	0.00251177	0.0853231	0.0603497	0.145346	0.134066	0.0235072	0.000917605	0.0188391
124	0.0289378	0.0129462	0.0504388	0.0257269	0.113158	0.0198284	0.0129901	0.0199814	0.0817751	0.181741	0.126359	0.0212951	0.0193961	0.0423568	0.0261452	0.110407	0.0276307	0.0316443	0.0107165	0.0365252
125	0.035684	0.0112044	0.0036329	0.0440997	0.00716403	0.0181147	0.0188456	0.0197317	0.243248	0.0758111	0.00676913	0.0364536	0.00537236	0.115674	0.246522	0.0549388	0.0316672	0.020624	0.000584743	0.0038578
126	0.061019	0.0165166	0.0118222	0.0092805	0.00635208	0.0156815	0.00845895	0.00240821	0.0167246	0.00393517	0.00362414	0.0200773	0.00955755	0.0111989	0.0018615	0.604267	0.191907	0.0019355	0.000222892	0.00314864
127	0.586833	0.0049229	0.00210382	0.00275897	0.00163022	0.0481654	0.00527656	0.00783817	0.00484769	0.0102532	0.0161805	0.00236824	0.00838523	0.00540383	0.00375338	0.120069	0.112526	0.0491719	0.00628098	0.00123153
128	0.00421276	0.00544276	0.00278203	0.010095	0.0174074	0.000739234	0.00567417	0.271946	0.0111211	0.286972	0.031872	0.0109336	0.000603527	0.0118534	0.0176777	0.00406445	0.0350434	0.260135	0.000169878	0.0112545
129	0.148619	0.0273675	0.016323	0.0251358	0.0475736	0.0392405	0.0162638	0.0213483	0.0354243	0.0272917	0.015011	0.0382066	0.019616	0.0255816	0.023773	0.330206	0.0903534	0.0302567	0.00501731	0.0173904
130	0.0552989	0.00282743	0.278943	0.189656	0.00360509	0.0151018	0.023772	0.00642099	0.0818561	0.00886373	0.00234887	0.0809835	0.0193512	0.051836	0.0259146	0.0910925	0.04579	0.0101669	0.000227055	0.00594453
131	0.00731708	0.00197001	0.00819579	0.0114985	0.00391783	0.0028604	0.00223263	0.499343	0.00263609	0.184265	0.0313358	0.00367393	0.0019913	0.00314181	0.00357488	0.00258363	0.00679038	0.219425	0.000175686	0.00307152
132	0.0558785	0.0109197	0.0771978	0.307379	0.00845679	0.0120228	0.0214454	0.0156023	0.076577	0.0195235	0.0099607	0.0334762	0.0198438	0.189526	0.0377538	0.0393696	0.0243329	0.0247068	0.00271696	0.0133096
133	0.0379446	0.00562692	0.182801	0.413846	0.00167866	0.0144417	0.0374668	0.0118956	0.0383064	0.0135496	0.00321992	0.0445763	0.0222408	0.0653599	0.0148486	0.0410038	0.0167741	0.0260938	0.00029233	0.00803333
134	0.00524862	0.00101494	0.00516303	0.00705973	0.0024835	0.00266741	0.00110616	0.533459	0.00159487	0.177377	0.0285904	0.00227638	0.00191812	0.00181324	0.00175713	0.00143558	0.00325532	0.219389	0.000130012	0.00226018
135	0.0758257	0.0133662	0.0839138	0.0992728	0.00324618	0.00313268	0.00322997	0.0254891	0.133395	0.00483098	0.0137019	0.0537688	0.113093	0.0160668	0.00480937	0.102044	0.229265	0.0171087	0.000919062	0.00352013
136	0.159168	0.00279092	0.0516557	0.215156	0.00275224	0.126743	0.00303432	0.00353434	0.239508	0.0299435	0.00283347	0.0379327	0.0123792	0.0274833	0.0302159	0.0239112	0.00524116	0.0221275	0.000716403	0.00287254
137	0.0289914	0.00455353	0.00927633	0.0517242	0.0226218	0.0236639	0.0704876	0.00606513	0.244917	0.0108751	0.0114802	0.0622898	0.161326	0.0358146	0.103407	0.103625	0.0306989	0.00768046	0.0013649	0.00913712
138	0.0783218	0.0095452	0.0148466	0.0874247	0.00984274	0.011124	0.0123589	0.0366814	0.230013	0.050781	0.0205757	0.0384578	0.00645385	0.0600714	0.107735	0.0876093	0.0852291	0.0454436	0.000476018	0.00700915
139	0.0282442	0.00334843	0.0178752	0.0323191	0.151579	0.0190321	0.0043846	0.00498734	0.0976199	0.213157	0.119209	0.0106601	0.0194287	0.0678187	0.0286509	0.0379323	0.0219916	0.0332771	0.0233961	0.0650884
140	0.00116264	0.00113294	0.000483881	0.00290348	0.0379371	0.00068234	0.00224456	0.0759455	0.00102516	0.676971	0.139843	0.0037887	0.00109522	0.0110697	0.0101785	0.00128612	0.00757683	0.0184748	0.000724107	0.00547442
141	0.18358	0.0175608	0.0160802	0.0455044	0.0135832	0.0414396	0.0114419	0.00406219	0.0797378	0.0149076	0.0067154	0.0888251	0.0235561	0.0343276	0.035028	0.326101	0.0477194	0.00765799	0.000272207	0.00189945
142	0.00375258	0.00319562	0.00105447	0.00134732	0.0119846	0.00101862	0.000752114	0.409369	0.00112898	0.0394378	0.00360786	0.00103921	0.00779512	0.00605912	0.00338013	0.00371668	0.00283203	0.497137	0.000222603	0.00116862
143	0.0400584	0.00527971	0.0425118	0.054217	0.00589323	0.0123951	0.0189969	0.0125597	0.102591	0.0141454	0.00772192	0.0174102	0.46651	0.0290923	0.0554533	0.0529254	0.0400683	0.0127509	0.00142903	0.00799043
144	0.033117	0.00202001	0.00490875	0.00805767	0.0106347	0.734746	0.00449149	0.00471919	0.00707111	0.0192076	0.00704837	0.068157	0.00260457	0.00480188	0.00588087	0.0268391	0.0297926	0.0225724	0.000853836	0.0024754
145	0.0194145	0.0637545	0.00554412	0.00759271	0.122912	0.00568088	0.120963	0.00678591	0.0209968	0.00845862	0.0260852	0.0666233	0.00475567	0.0385049	0.00855045	0.0446319	0.0350993	0.0369115	0.0191599	0.337575
146	0.0320661	0.0362278	0.00513495	0.0109674	0.115369	0.00650087	0.0116355	0.151636	0.0108593	0.159766	0.0790897	0.012862	0.0117832	0.0135968	0.0159374	0.0341734	0.0583693	0.195089	0.0095893	0.0293469
147	0.0614562	0.00829559	0.00933745	0.0119058	0.0146255	0.648577	0.0074752	0.0161323	0.0149431	0.0413628	0.00901813	0.0411182	0.00688452	0.0107105	0.0119659	0.0322253	0.0229288	0.0232161	0.00173954	0.0060823
148	0.050634	0.0153003	0.00188624	0.0272745	0.0461322	0.00183637	0.029365	0.17398	0.0202485	0.0864339	0.0347991	0.0145171	0.00275461	0.02158	0.0243934	0.0544527	0.0903203	0.218922	0.0350562	0.0501129
149	0.00227109	0.0023028	0.0010695	0.00146103	0.0163446	0.00287618	0.000704086	0.292822	0.00138213	0.476173	0.114328	0.000748053	0.00792717	0.00100574	0.00518841	0.0028354	0.0016917	0.0556199	0.000114754	0.0131341
150	0.0381331	0.00642177	0.00190739	0.0208865	0.0699944	0.00284699	0.0481231	0.220519	0.013859	0.0509712	0.0173647	0.0155552	0.00231031	0.012221	0.0136589	0.0298264	0.0996965	0.223931	0.0546858	0.0570877
151	0.0198302	0.0176054	0.0201017	0.025111	0.0130983	0.00764606	0.279414	0.0125639	0.111238	0.0507085	0.00541279	0.0513537	0.00896751	0.0175483	0.0858544	0.112701	0.07522	0.00786891	0.00134563	0.0764112
152	0.0171878	0.0141894	0.00286133	0.00706921	0.0727604	0.00174966	0.00521396	0.27174	0.00750441	0.246838	0.0540045	0.00612309	0.00419307	0.00874963	0.0123526	0.0110007	0.0295658	0.209993	0.00289901	0.0140042
153	0.105626	0.0509266	0.0270227	0.0242988	0.032078	0.073659	0.0152788	0.0232577	0.100976	0.0183835	0.0149954	0.0455704	0.00773478	0.0308601	0.0649943	0.297106	0.0174303	0.0338899	0.00094942	0.0149621
154	0.0111738	0.00904776	0.00216822	0.00902949	0.202904	0.0115066	0.0280962	0.0271541	0.0107035	0.0514171	0.0111743	0.00581881	0.00230421	0.00620304	0.0268492	0.0080882	0.00651152	0.0334038	0.31101	0.225436
155	0.0380219	0.00270745	0.00828357	0.0613096	0.00338734	0.00560547	0.00645107	0.0139789	0.135062	0.00923935	0.00250876	0.00520528	0.53506	0.0842842	0.0257899	0.0148451	0.00764904	0.0359629	0.00111404	0.00353447
156	0.00477777	0.000600567	0.00447396	0.00566979	0.00145887	0.00301544	0.000694225	0.57616	0.000717585	0.156641	0.0297375	0.000800986	0.00203732	0.000761389	0.000669429	0.00127011	0.000831432	0.207885	0.000126285	0.00167068
157	0.0490158	0.0158334	0.00370823	0.0457454	0.0158826	0.0106368	0.00300062	0.351941	0.0123766	0.0169118	0.00448144	0.0044544	0.0158711	0.0163728	0.0048463	0.0270115	0.063941	0.334507	0.00101489	0.00244735
158	0.00345473	0.00272797	0.00132732	0.00161	0.0104397	0.00104441	0.000722623	0.424139	0.000978869	0.0460523	0.00440559	0.000955629	0.00691987	0.00565444	0.00304003	0.00315725	0.00208457	0.4799	0.000197172	0.00118868
159	0.351984	0.0139335	0.0181794	0.0311688	0.0102055	0.0737035	0.00988903	0.00532491	0.040917	0.0191158	0.00776025	0.0451877	0.0135149	0.0221312	0.01915	0.26289	0.0386832	0.0112442	0.00226905	0.00274796
160	0.0646182	0.0315307	0.012786	0.0253886	0.0397842	0.0210237	0.0156558	0.0839051	0.0406327	0.152519	0.0456751	0.0376469	0.0115512	0.0267571	0.029222	0.0741462	0.169077	0.0927503	0.00446109	0.0208694
161	0.0467814	0.030501	0.00881356	0.020927	0.0377803	0.0501682	0.0152153	0.042615	0.0369358	0.120678	0.0805401	0.100515	0.0142865	0.0245696	0.0304155	0.0674972	0.199355	0.0474961	0.00261051	0.0222988
162	0.0357177	0.0225758	0.0168261	0.0236403	0.105388	0.018879	0.0363463	0.0301355	0.07175	0.0666215	0.0920344	0.089586	0.0171609	0.0367107	0.147303	0.0525967	0.0586542	0.0338183	0.0075739	0.0366818
163	0.00531222	0.00113128	0.004922	0.0061769	0.00247679	0.00319134	0.00131579	0.525878	0.00167909	0.155649	0.0293813	0.00176162	0.0390123	0.00182054	0.00153208	0.0023803	0.00265555	0.211399	0.000223849	0.00210128
164	0.0449432	0.0105434	0.055353	0.26998	0.0186074	0.0118743	0.0501106	0.0215082	0.0618275	0.032623	0.0148528	0.0344525	0.022257	0.130427	0.0396504	0.041684	0.0345926	0.039201	0.00481974	0.0606924
165	0.102312	0.0471751	0.0120224	0.0205442	0.0232208	0.0185247	0.014041	0.0767189	0.0279387	0.0512216	0.0313537	0.026662	0.0111197	0.0202131	0.0188361	0.105717	0.177813	0.193625	0.00431389	0.0166267
166	0.00508944	0.00280602	0.00144819	0.00218209	0.015508	0.00286069	0.00116278	0.319914	0.00204143	0.415462	0.126047	0.00104021	0.00661397	0.00133662	0.00629432	0.00342803	0.00197121	0.0728436	0.000150055	0.011801
167	0.0139248	0.0250671	0.00571877	0.00712032	0.221924	0.00450178	0.00955734	0.10523	0.0191038	0.285235	0.072743	0.00499566	0.0443999	0.0132148	0.0126237	0.0152394	0.0160123	0.0706941	0.0118552	0.0408396
168	0.11029	0.012162	0.114564	0.04237	0.00552409	0.419332	0.0117998	0.00568307	0.0368811	0.0103712	0.00334764	0.0541835	0.0124328	0.0312809	0.016136	0.0585034	0.0246026	0.0248087	0.00191571	0.00381213
169	0.025381	0.00536841	0.509965	0.0968351	0.0206417	0.0134677	0.0222955	0.0114593	0.0456414	0.0283945	0.00568975	0.0592857	0.0143679	0.0320258	0.0176795	0.040267	0.0204801	0.0101842	0.00124397	0.0193264
170	0.0614808	0.0397844	0.00335935	0.00395808	0.00293655	0.0180572	0.00324577	0.0546786	0.00841599	0.0223491	0.0424225	0.00525294	0.0149712	0.00429966	0.00398233	0.189817	0.187766	0.327668	0.00235999	0.00319554
171	0.575904	0.00685686	0.00201094	0.00258706	0.00915438	0.293413	0.0103692	0.00163895	0.003222	0.00784646	0.00361897	0.00218314	0.0072472	0.00706902	0.00336338	0.0442243	0.013492	0.00342043	0.000908569	0.00147033
172	0.00304449	0.00315932	0.000845266	0.000925864	0.0117788	0.000800078	0.000673554	0.404194	0.00102111	0.0283884	0.000743202	0.00100358	0.00771129	0.00631325	0.00332931	0.00355075	0.00184239	0.519428	0.000186347	0.0010608
173	0.206143	0.120557	0.00925627	0.0094046	0.0117518	0.0421577	0.00591005	0.051938	0.00516619	0.026248	0.0110599	0.044051	0.00477043	0.00637594	0.0176462	0.0804372	0.0669788	0.273517	0.00115148	0.00547996
174	0.00318899	0.00313034	0.000855956	0.000954767	0.0117806	0.000823809	0.000670472	0.403775	0.00103567	0.0286691	0.000801052	0.00100533	0.0077125	0.00631288	0.00333168	0.00354799	0.00194926	0.519214	0.000184133	0.00105672
175	0.0180372	0.0125512	0.0186673	0.017192	0.0104686	0.0137403	0.476306	0.0136907	0.0125241	0.0240954	0.008079	0.192865	0.00546492	0.0468433	0.0205013	0.0368697	0.0141472	0.0111311	0.00229107	0.0445346
176	0.0875229	0.0189187	0.0123935	0.0129595	0.00926611	0.124449	0.0118474	0.0111564	0.0192251	0.0131924	0.0376451	0.0228334	0.232467	0.0219598	0.0164665	0.266508	0.05363	0.0170128	0.00226172	0.00828439
177	0.0221377	0.00103851	0.398976	0.184882	0.00118076	0.0117105	0.0202041	0.00747538	0.0981606	0.00600957	0.000840662	0.107352	0.00457088	0.0516944	0.0142013	0.0451338	0.0203659	0.00224665	0.000241189	0.00157873
178	0.0626329	0.00673569	0.312612	0.134327	0.00755346	0.04246	0.020636	0.00743522	0.0738333	0.0137805	0.00391957	0.101385	0.00830278	0.0462765	0.0258588	0.0691249	0.0385756	0.0149531	0.000799269	0.00879882
179	0.062113	0.00227691	0.147947	0.0978535	0.0027379	0.0797632	0.0454106	0.00212475	0.0857507	0.0100841	0.00239746	0.140256	0.00421041	0.0757928	0.0420263	0.124336	0.0589328	0.00524397	0.000224356	0.0105176
180	0.0761216	0.00574012	0.118739	0.25863	0.00217247	0.00719398	0.00838927	0.00504233	0.197511	0.00516096	0.00498855	0.0431077	0.000869437	0.0822063	0.0939017	0.0473743	0.0303133	0.00877695	0.000134579	0.00362646
181	0.0336818	0.00221572	0.00258425	0.0533492	0.00419639	0.00235087	0.0120715	0.0560771	0.302323	0.0999383	0.0247337	0.0127819	0.00791291	0.0436799	0.170293	0.021586	0.072294	0.0656791	0.000258883	0.0119927
182	0.0023688	0.0025926	0.0010831	0.00142243	0.0157937	0.00300841	0.000713126	0.302283	0.00139863	0.464698	0.114501	0.000769295	0.00781833	0.00096027	0.00501528	0.00283812	0.00163291	0.0584254	0.000134137	0.0125442
183	0.031053	0.00327526	0.00616835	0.0541225	0.00440496	0.0046415	0.00969952	0.0516286	0.229745	0.0631781	0.0145643	0.010838	0.24374	0.0453192	0.108928	0.0186735	0.0409028	0.0500722	0.000884366	0.0081606
184	0.00448518	0.000755179	0.00406466	0.0051608	0.00203344	0.00277108	0.000680901	0.567359	0.0006842	0.146553	0.0267747	0.000778869	0.00235111	0.00116191	0.000831147	0.00133998	0.000847926	0.229545	0.000117189	0.00170473
185	0.00292797	0.00293377	0.0010014	0.00132154	0.0118358	0.000944326	0.000653352	0.432583	0.000955024	0.0382003	0.00301031	0.000981722	0.00725374	0.00582752	0.00306171	0.00331	0.00180682	0.480065	0.000173572	0.0011529
186	0.256885	0.15838	0.00472487	0.0181545	0.0737353	0.0875144	0.0100176	0.0117048	0.00515969	0.0721698	0.0106342	0.0228584	0.00497979	0.0181704	0.0058343	0.0567348	0.110541	0.0504022	0.00115908	0.0202397
187	0.084787	0.0109562	0.297503	0.125055	0.0143638	0.0307004	0.0597666	0.0138805	0.0491654	0.018684	0.00578444	0.0558858	0.0161664	0.0400332	0.0248532	0.0729173	0.0394689	0.0208978	0.00200242	0.0171281
188	0.0991841	0.00106878	0.161356	0.182516	0.00140635	0.00629608	0.0152361	0.00207091	0.0690772	0.00843258	0.00105492	0.0186876	0.111832	0.0351863	0.0303316	0.191058	0.0520002	0.00177738	0.000326484	0.0111016
189	0.00467745	0.000836158	0.0042681	0.0057388	0.00202713	0.00295186	0.000843986	0.56118	0.00109604	0.163899	0.0303013	0.00129905	0.00196608	0.00128528	0.0012377	0.00135948	0.00228353	0.21068	0.000126984	0.00194161
190	0.232324	0.0244592	0.0142951	0.0205747	0.0131236	0.0394195	0.0110255	0.0322568	0.0220066	0.0281116	0.0198389	0.0324842	0.0149028	0.0208897	0.0172978	0.165054	0.212446	0.0662626	0.00399547	0.00923131
191	0.0469406	0.0075391	0.0196779	0.0324622	0.00963878	0.0589051	0.0125108	0.0144636	0.074068	0.0137233	0.00773564	0.0200722	0.517395	0.0253458	0.0274398	0.0637322	0.0229644	0.0154808	0.00251638	0.00738818
192	0.572654	0.0100572	0.00438317	0.00433345	0.00781236	0.222952	0.00913532	0.00276977	0.005163	0.00860467	0.00719911	0.00437812	0.0135922	0.00744794	0.00400946	0.0739774	0.023976	0.0134945	0.00248416	0.00157635
193	0.056953	0.0247128	0.0318036	0.0272503	0.0185282	0.098484	0.212028	0.0141734	0.0437684	0.0218907	0.0154883	0.0617403	0.0249556	0.0517252	0.0367595	0.157656	0.0433705	0.0179589	0.00873071	0.0320225
