260	20
1	0.0386594	0.00422554	0.00985907	0.010873	0.0952702	0.0183345	0.00803482	0.111243	0.0204915	0.211836	0.0447143	0.0168476	0.00117476	0.00848533	0.0165068	0.0596659	0.0278245	0.177505	0.0460578	0.0723908
2	0.0164135	0.00402029	0.0143603	0.0682577	0.00200731	0.00260118	0.0392637	0.00415696	0.0708471	0.00591362	0.0027222	0.0179276	0.00171519	0.0496134	0.542165	0.0974326	0.0401076	0.0166277	0.000588266	0.0032592
3	0.00354803	0.0104203	0.00817044	0.00354542	0.235452	0.00181137	0.0628765	0.0107644	0.0588252	0.145747	0.0134086	0.0176492	0.000768063	0.00224082	0.033274	0.0118434	0.0123267	0.0118436	0.000550602	0.354935
4	0.108635	0.0151535	0.00247527	0.00403073	0.0602265	0.0618297	0.00267755	0.0573042	0.00481064	0.0445495	0.0196674	0.00397841	0.00207539	0.0152308	0.0314998	0.140573	0.19178	0.229979	0.000662061	0.00286167
5	0.019118	0.00227279	0.0567431	0.00457192	0.00217547	0.287226	0.00225658	0.00408506	0.0176382	0.00433221	0.00264101	0.0486716	0.00127733	0.0167033	0.00455032	0.44573	0.071939	0.00489479	0.000780772	0.00239306
6	0.221336	0.0573175	0.000804794	0.00129741	0.0108464	0.0171311	0.000823427	0.121032	0.00143457	0.0615985	0.0239484	0.00126496	0.000760088	0.00180263	0.00251092	0.082992	0.12453	0.267363	0.00025832	0.000948274
7	0.0187024	0.000715238	0.00042782	0.000743295	0.0157992	0.00299157	0.000469624	0.156593	0.00144235	0.672379	0.0430021	0.00249679	0.00447407	0.00437786	0.00135389	0.000995751	0.0108023	0.0567815	0.00015679	0.00529477
8	0.0210692	0.00696528	0.000315585	0.000443101	0.00211883	0.00198066	0.000279448	0.33692	0.00327776	0.139237	0.0195494	0.00042339	0.000154509	0.000423072	0.00176088	0.00288795	0.0131486	0.446677	0.000482322	0.00188619
9	0.0174447	0.00496573	0.00106844	0.00224455	0.0525483	0.00166969	0.00129038	0.351669	0.00231604	0.0996957	0.0106092	0.00460285	0.00204416	0.00206609	0.00211732	0.00280426	0.00937634	0.301421	0.000427466	0.129619
10	0.0201692	0.00263	0.0124728	0.0283379	0.00354921	0.789093	0.0048673	0.00269732	0.0229747	0.00351816	0.00190777	0.0457294	0.00271113	0.0108096	0.0135511	0.0196721	0.00686958	0.00455652	0.000465962	0.00341694
11	0.482754	0.0275262	0.00543718	0.00555923	0.00552371	0.0779447	0.00955274	0.0409975	0.0052618	0.023953	0.0111394	0.0152552	0.00210402	0.00807616	0.00965921	0.130403	0.0852487	0.0459525	0.000217736	0.00743468
12	0.0326965	0.00932936	0.093775	0.135071	0.00964299	0.18836	0.0189938	0.00239092	0.101552	0.00908732	0.00218913	0.129879	0.0157024	0.0582562	0.0429227	0.101431	0.0339912	0.00334083	0.000695631	0.010694
13	0.0466553	0.00509417	0.151378	0.246072	0.0164859	0.0194901	0.0423824	0.00788062	0.0453824	0.041922	0.0125327	0.0639361	0.012587	0.0898605	0.038314	0.0824958	0.0292361	0.0136885	0.00199681	0.032609
14	0.478988	0.0301135	0.00817122	0.00817854	0.00562398	0.0820174	0.00980544	0.0344503	0.00622704	0.0237791	0.0118456	0.0181675	0.00225478	0.00959769	0.0108795	0.127253	0.0837631	0.0388393	0.000301087	0.00974372
15	0.495565	0.0325015	0.00322629	0.00489962	0.00285389	0.185133	0.00417995	0.0198725	0.0029956	0.0263312	0.0118094	0.00735902	0.00192093	0.00662878	0.00531998	0.095012	0.0664968	0.0233049	0.000252743	0.0043372
16	0.0221899	0.00764309	0.000294116	0.000456505	0.00161021	0.00211711	0.000277458	0.330048	0.00330227	0.142635	0.0200691	0.000407547	0.000138751	0.000414839	0.00182044	0.0028698	0.0135127	0.448074	0.000415959	0.00170279
17	0.011303	0.00317922	0.000390122	0.000599731	0.0380345	0.000588718	0.00039703	0.479901	0.000761596	0.195583	0.0152368	0.00171137	0.00189815	0.000840144	0.000653166	0.0010772	0.0107801	0.218024	0.000123257	0.0189176
18	0.0109978	0.00277998	0.000435239	0.000648866	0.0393951	0.000615765	0.000453373	0.496741	0.000767579	0.187238	0.0129802	0.00150857	0.00218301	0.000832395	0.000671086	0.00109441	0.00909358	0.210743	0.000164085	0.020658
19	0.665825	0.0328591	0.00561614	0.00209517	0.00157802	0.0352882	0.00211706	0.00783593	0.00201373	0.00689287	0.00296034	0.00749045	0.00925428	0.00247931	0.00282895	0.138533	0.0457244	0.0262081	0.000201407	0.00219834
20	0.0164619	0.00204994	0.0211069	0.0222821	0.00237538	0.0486831	0.00221186	0.459833	0.0170628	0.0393754	0.190251	0.00339802	0.0137401	0.00356935	0.00332496	0.0409594	0.029187	0.0811684	0.000660525	0.00229833
21	0.129287	0.00331701	0.00660251	0.0664119	0.00461776	0.035177	0.00776925	0.00500682	0.0391474	0.0298779	0.00299491	0.0625971	0.319033	0.034739	0.0202138	0.173939	0.0239361	0.00624718	0.00132244	0.0277635
22	0.0190243	0.000569082	0.000451208	0.000680937	0.0151903	0.00264369	0.000464827	0.17278	0.00141897	0.663694	0.0376884	0.00289148	0.00435581	0.00445408	0.00131187	0.000970397	0.0106605	0.055376	0.000191372	0.00518257
23	0.0152692	0.016206	0.00992501	0.074508	0.000462908	0.00206868	0.0472032	0.0107077	0.272733	0.0186174	0.00686053	0.033233	0.00273909	0.0811205	0.311074	0.0422272	0.0400654	0.0076752	0.00011892	0.00718458
24	0.0266499	0.000782043	0.215174	0.327888	0.000953381	0.0171449	0.0076459	0.00108118	0.105079	0.00170298	0.00242666	0.0740804	0.0686046	0.0358783	0.0219381	0.0634376	0.0169906	0.00306427	0.00189874	0.00757845
25	0.0108857	0.00265226	0.000405411	0.000612178	0.0376083	0.000609772	0.000429956	0.496396	0.000785719	0.190261	0.0135463	0.00151813	0.00209566	0.000824081	0.00063331	0.0010786	0.0094232	0.21066	0.000144997	0.019429
26	0.0365888	0.00172525	0.134066	0.0609657	0.00197438	0.0357358	0.00626656	0.00265432	0.0919039	0.00778673	0.00169881	0.126665	0.000793022	0.169675	0.0724143	0.199456	0.0438129	0.00370482	0.000527123	0.00158512
27	0.0128353	0.00203046	0.000558791	0.00089825	0.0358053	0.000762695	0.000549015	0.509734	0.000984903	0.166187	0.0103323	0.00142149	0.00328491	0.000952913	0.00101213	0.00121684	0.00786647	0.211018	0.000179844	0.0323695
28	0.0453556	0.00645486	0.146293	0.240626	0.0181251	0.0189256	0.0455244	0.00945636	0.0397509	0.0456578	0.013017	0.0666647	0.00783528	0.0913094	0.0383559	0.0806749	0.0313919	0.015002	0.00209666	0.0374821
29	0.0233298	0.00187541	0.400759	0.272031	0.00266032	0.016864	0.00939498	0.00260838	0.0590155	0.00616171	0.00288073	0.0526493	0.0189102	0.034116	0.0358372	0.0316012	0.0135327	0.00456436	0.00138733	0.00982024
30	0.0159278	0.000868712	0.000441293	0.000658946	0.0150477	0.00212962	0.000572405	0.217769	0.00140267	0.600727	0.0323016	0.00218372	0.00338477	0.0047955	0.00119086	0.00116366	0.00974936	0.0840404	0.000170158	0.00547554
31	0.0194773	0.00321984	0.0012434	0.00322675	0.0197649	0.00368423	0.00259758	0.196818	0.00780925	0.542361	0.0485576	0.00381864	0.00587073	0.0074854	0.00658043	0.00526457	0.0144287	0.0968865	0.00126653	0.00963894
32	0.0688256	0.0160993	0.0716329	0.115088	0.0309789	0.171847	0.0183429	0.00399159	0.094754	0.0113154	0.0039237	0.0983337	0.0277734	0.0345967	0.0760391	0.0718268	0.0519783	0.00540247	0.000638424	0.0266117
33	0.0311312	0.0144177	0.024546	0.0806686	0.00666816	0.00911545	0.0322131	0.0180105	0.201522	0.0312057	0.0147685	0.0371877	0.00566106	0.0917905	0.276859	0.0516427	0.0436246	0.01492	0.00155376	0.0124937
34	0.0322941	0.000667814	0.190328	0.334539	0.00118896	0.0232643	0.00981218	0.000897262	0.11718	0.00172617	0.00318492	0.055152	0.0739872	0.0421179	0.0301527	0.0586396	0.0136987	0.00345966	0.00153279	0.00617675
35	0.0674613	0.00195545	0.00305492	0.451278	0.00234935	0.0148433	0.00189784	0.00350432	0.027678	0.0165863	0.00228793	0.00317832	0.073438	0.114915	0.0130843	0.0703387	0.0501547	0.0780976	0.00116936	0.00272737
36	0.00951495	0.00385506	0.00419839	0.00660494	0.00521454	0.00491443	0.00387825	0.614916	0.044183	0.00906972	0.00590915	0.00689913	0.00216561	0.0305497	0.00559364	0.0105685	0.103883	0.121762	0.00156471	0.00475511
37	0.084275	0.00919017	0.0355562	0.127332	0.0143896	0.0311652	0.0184713	0.00119591	0.287742	0.00569192	0.00481422	0.0401575	0.00231997	0.0428481	0.159229	0.0771062	0.0375089	0.00164498	0.000232341	0.0191292
38	0.0288122	0.0127421	0.241211	0.0137158	0.00172437	0.430705	0.0227225	0.00303148	0.00349217	0.00348219	0.00201829	0.141215	0.000924384	0.0333308	0.0245635	0.0252708	0.004399	0.00400136	0.00064704	0.00199174
39	0.0132784	0.00201113	0.00199223	0.021702	0.00180051	0.00183199	0.00203257	0.00310687	0.778991	0.00460699	0.00180604	0.0148034	0.0020904	0.0500736	0.0729296	0.00691692	0.00417814	0.00364632	0.000412017	0.0117896
40	0.00407214	0.0328741	0.00188501	0.00938552	0.00195905	0.00208705	0.00174549	0.0691038	0.0596408	0.00340588	0.00223782	0.0177195	0.000841972	0.00596021	0.159363	0.0389474	0.31616	0.270047	0.0004545	0.00210956
41	0.0123473	0.00661924	0.000280394	0.000607842	0.00790082	0.000419245	0.00034837	0.301123	0.000526428	0.0148492	0.00215183	0.00054803	0.000177616	0.000524675	0.000466212	0.00200939	0.00372627	0.64171	0.0013607	0.00230294
42	0.00203155	0.00297053	0.000511575	0.00130226	0.0242231	0.000827349	0.000485792	0.0277706	0.00135907	0.788847	0.112823	0.000861456	0.000662822	0.000863247	0.0011843	0.00117211	0.0098215	0.0201074	0.000167825	0.00200803
43	0.0123473	0.00661924	0.000280394	0.000607842	0.00790082	0.000419245	0.00034837	0.301123	0.000526428	0.0148492	0.00215183	0.00054803	0.000177616	0.000524675	0.000466212	0.00200939	0.00372627	0.64171	0.0013607	0.00230294
44	0.00341927	0.00132739	0.00162155	0.00218569	0.00159021	0.00195215	0.0011849	0.00241079	0.00294662	0.00271065	0.0170145	0.00199742	0.000662658	0.00225363	0.00232619	0.379737	0.569364	0.0032738	0.000497191	0.00152487
45	0.0195357	0.0031231	0.00862069	0.00747169	0.00168313	0.884535	0.0020883	0.0013914	0.00814604	0.00187459	0.00159072	0.0293182	0.000562819	0.00309529	0.0081938	0.00973285	0.00324147	0.00434954	0.00040472	0.00104074
46	0.588429	0.0401554	0.00257435	0.00428516	0.00143514	0.16417	0.00183521	0.0100832	0.00204882	0.016171	0.00870967	0.00428233	0.00290079	0.00466584	0.00239964	0.0906281	0.0368643	0.0162431	0.000265579	0.00185336
47	0.548382	0.0346533	0.00309146	0.00444309	0.00203153	0.178446	0.00280513	0.014316	0.00241324	0.0208703	0.0100076	0.00586514	0.00277047	0.0052738	0.00384697	0.0873042	0.0511148	0.0191442	0.000265693	0.00295499
48	0.0298379	0.00342954	0.00773742	0.0102828	0.00320567	0.837054	0.00265986	0.00596418	0.0124028	0.00522446	0.00306767	0.0297624	0.00302937	0.00504028	0.010967	0.0138272	0.00665834	0.00684371	0.00082921	0.00217662
49	0.00770488	0.0021034	0.00197553	0.0024326	0.00215815	0.00280413	0.00142116	0.00681997	0.00337774	0.00343666	0.0163898	0.00230052	0.00126644	0.00260655	0.00305903	0.36761	0.560047	0.0100854	0.000500985	0.00189988
50	0.0257288	0.00871422	0.00274648	0.00972045	0.0213757	0.00644892	0.00277671	0.363266	0.00882546	0.141614	0.0257175	0.00995614	0.00244419	0.0051659	0.00756616	0.0133864	0.0252783	0.301294	0.00159896	0.0163753
51	0.0312996	0.00358936	0.00725625	0.00773995	0.00205006	0.857448	0.00149598	0.0031741	0.0102783	0.00383873	0.0018968	0.0295809	0.00107491	0.00399684	0.00864184	0.012251	0.00632845	0.00568167	0.000204349	0.00217307
52	0.189939	0.0161548	0.0324042	0.0369792	0.0141535	0.208724	0.0110755	0.0158517	0.0416949	0.0185425	0.00927546	0.0458946	0.0137826	0.0226523	0.0552764	0.166464	0.058358	0.028457	0.00240655	0.011914
53	0.0464009	0.00633304	0.0896927	0.346301	0.0111854	0.0202687	0.015881	0.0113664	0.103905	0.0208663	0.00953283	0.0323698	0.0254273	0.0885786	0.0488962	0.0487079	0.0273207	0.0307442	0.00280986	0.0134123
54	0.0155297	0.000633367	0.000482361	0.000686241	0.0137962	0.00222642	0.000483592	0.177245	0.00140406	0.673213	0.0386336	0.00249732	0.00341273	0.00422253	0.00118991	0.000903425	0.00882331	0.0500613	0.000143483	0.00441262
55	0.242356	0.147937	0.00125433	0.00225011	0.00597322	0.00940531	0.00135803	0.0682528	0.00246772	0.0396953	0.019669	0.00215169	0.0011578	0.00217856	0.00248612	0.0968303	0.0890928	0.263539	0.000276634	0.00166851
56	0.0160262	0.0174931	0.00947282	0.0708241	0.00185017	0.00219847	0.0460811	0.0118511	0.270756	0.0235281	0.00896298	0.032135	0.00271239	0.0785224	0.310319	0.0406488	0.0396873	0.00800999	0.00058321	0.0083382
57	0.0303655	0.0153153	0.0156615	0.0636718	0.0174273	0.0118785	0.0228376	0.103719	0.174158	0.0754967	0.0409738	0.0246218	0.00746599	0.136409	0.118146	0.0354159	0.0443734	0.0388087	0.00488025	0.0183733
58	0.0235625	0.0120133	0.000338264	0.00058808	0.00401698	0.00283668	0.000292394	0.297276	0.00270948	0.159331	0.0196329	0.000505011	0.000165755	0.000509996	0.00154734	0.00274404	0.0175215	0.452588	0.000310348	0.00151052
59	0.305755	0.0718106	0.00140736	0.0235003	0.00123575	0.00893167	0.0165604	0.0919479	0.016727	0.209749	0.0415164	0.00870564	0.000864826	0.00225585	0.00209916	0.0770454	0.0414286	0.0696704	0.000439213	0.0083502
60	0.0146887	0.0117085	0.0413953	0.115189	0.00227596	0.245155	0.0279695	0.00150479	0.14367	0.0124546	0.0010171	0.165224	0.00167667	0.0666907	0.049424	0.0743802	0.0166124	0.00214929	0.000290209	0.00652362
61	0.116955	0.0546897	0.00275601	0.00443545	0.0129601	0.0046476	0.00377048	0.0526989	0.00505291	0.0609586	0.00532112	0.00524737	0.496842	0.00530655	0.0037065	0.0285042	0.039285	0.0932318	0.000620951	0.00301023
62	0.0844913	0.00913856	0.0355583	0.127644	0.0143492	0.0313121	0.0183011	0.00115729	0.287998	0.00562175	0.00482976	0.0400978	0.00230359	0.042696	0.158806	0.0773916	0.037294	0.0016726	0.000231427	0.0191065
63	0.0158607	0.0163672	0.0100606	0.0756899	0.000412784	0.00228256	0.046067	0.0113916	0.26855	0.0202788	0.00781084	0.0333421	0.00233453	0.0830617	0.309046	0.0418173	0.0410642	0.0075184	0.000106832	0.00693734
64	0.0161563	0.00054019	0.000474257	0.000643089	0.0135577	0.00228475	0.000493405	0.181536	0.00138288	0.669543	0.0359461	0.00256393	0.00358899	0.00436525	0.00119677	0.000927527	0.00886839	0.0512333	0.000146249	0.00455167
65	0.0120165	0.00335866	0.000385768	0.000577416	0.0362855	0.000588137	0.000396677	0.465903	0.000894751	0.195936	0.0163539	0.0016946	0.00178395	0.000816795	0.000713605	0.00120683	0.0114426	0.231354	0.000117891	0.018174
66	0.0199153	0.00798048	0.000401327	0.000596506	0.00756939	0.00195921	0.000347379	0.298509	0.00257061	0.199696	0.0245459	0.000720796	0.000379063	0.000774827	0.00155224	0.00283514	0.0190658	0.407735	0.000189436	0.00265663
67	0.00988103	0.0213104	0.00318771	0.00454201	0.22307	0.00333607	0.00248552	0.131302	0.00482329	0.23937	0.0112578	0.00604988	0.00152459	0.00447036	0.00399593	0.0081825	0.0110557	0.279845	0.00235296	0.0279575
68	0.0286356	0.00191917	0.427257	0.308686	0.0016683	0.0273931	0.0019275	0.00261389	0.0458681	0.00363732	0.00180845	0.0320804	0.00505639	0.0225783	0.0656986	0.00880666	0.00636611	0.00361705	0.000655158	0.00372646
69	0.0572085	0.0271426	0.00382532	0.00722091	0.00445788	0.00508728	0.216417	0.0939189	0.0544376	0.0294537	0.00467532	0.143693	0.0019965	0.0360096	0.131184	0.0679461	0.00938762	0.100286	0.0012572	0.00439449
70	0.100205	0.0200081	0.0877173	0.0709646	0.0448234	0.160135	0.0294192	0.00614558	0.0207536	0.0100532	0.0045991	0.125963	0.0272455	0.015835	0.0236012	0.112099	0.0880595	0.00767201	0.000818203	0.0438824
71	0.0349376	0.00549503	0.0696716	0.325876	0.00609125	0.0209656	0.0169538	0.00755587	0.175408	0.0136981	0.00762126	0.0326768	0.0244382	0.094121	0.0685692	0.042751	0.0228174	0.0207021	0.00136717	0.00828289
72	0.0448343	0.0100879	0.0530626	0.0462725	0.105281	0.0391631	0.0583173	0.00842309	0.00980458	0.0109831	0.00590775	0.115796	0.00743011	0.0145091	0.00798868	0.168361	0.19067	0.0113388	0.00157098	0.0901981
73	0.109383	0.0170002	0.0825449	0.0595697	0.0442908	0.188572	0.0206576	0.00438425	0.0192502	0.00482757	0.00307081	0.138877	0.0344485	0.00917777	0.0240949	0.101277	0.0939818	0.00555973	0.000518656	0.0385132
74	0.0213312	0.00211833	0.000613071	0.00136841	0.0147209	0.00298354	0.00091774	0.164802	0.00371626	0.624091	0.0440506	0.00271166	0.00491143	0.00770086	0.00255015	0.00198829	0.0161295	0.0771109	0.000636434	0.00554772
75	0.00306718	0.00922588	0.00862904	0.00908247	0.122909	0.00147046	0.107534	0.00319369	0.0172224	0.0130631	0.00295839	0.0100099	0.00047494	0.00198809	0.00295697	0.024707	0.0104149	0.00381712	0.000555252	0.646721
76	0.0453474	0.00652298	0.146793	0.239794	0.0182952	0.0188193	0.0460706	0.00951609	0.0390246	0.0459287	0.0129791	0.0670876	0.00709847	0.0918662	0.0379109	0.0807819	0.0315215	0.0149437	0.00216833	0.0375302
77	0.0109543	0.00154579	0.000406698	0.000636938	0.0288825	0.00105081	0.00041528	0.445191	0.000846627	0.297694	0.0177879	0.00151285	0.00237941	0.00173308	0.000741553	0.00112466	0.00810114	0.165472	0.000163251	0.0133596
78	0.0398343	0.0127835	0.113719	0.226654	0.0210617	0.0218593	0.05032	0.0158475	0.0392713	0.0489309	0.0157946	0.0710411	0.00511759	0.0818906	0.0423802	0.0814199	0.0360041	0.0198475	0.00224216	0.0539809
79	0.00585303	0.00227262	0.0150227	0.0660975	0.00249888	0.0153426	0.0398172	0.032234	0.0637131	0.24827	0.0919718	0.085103	0.00125073	0.124089	0.150042	0.0166402	0.0176838	0.00520142	0.00110474	0.0157911
80	0.0436763	0.0063108	0.134928	0.262948	0.0171643	0.0186582	0.0383297	0.0082823	0.06322	0.037591	0.0134015	0.0586955	0.0124314	0.088323	0.0424781	0.0750235	0.0284556	0.0139438	0.00193762	0.0342008
81	0.00317884	0.00310414	0.000474168	0.00124838	0.0238384	0.00094913	0.000466872	0.0371783	0.00134852	0.779842	0.106967	0.000949993	0.000998479	0.00109064	0.00123584	0.00111366	0.0103293	0.023328	0.000148924	0.00220908
82	0.0190397	0.00834762	0.000405755	0.000629385	0.00921725	0.00181872	0.000356831	0.305935	0.0023993	0.197084	0.0245046	0.000760971	0.000294013	0.000663831	0.00143683	0.00275613	0.0189893	0.401735	0.000171167	0.0034539
83	0.326831	0.0987049	0.00259748	0.0145124	0.0024184	0.303132	0.0031061	0.0292296	0.00369217	0.0347209	0.0260735	0.00666387	0.00113004	0.0151095	0.00393499	0.0564705	0.0466719	0.0216093	0.0005246	0.002867
84	0.0184747	0.0110272	0.111126	0.0516142	0.00473455	0.0149206	0.00511716	0.00505566	0.033221	0.00712993	0.00339549	0.277529	0.00290718	0.0641107	0.0228334	0.327034	0.0275727	0.00654453	0.00118341	0.00446796
85	0.0158936	0.00671021	0.000264607	0.000485351	0.00783273	0.000640796	0.000292304	0.342108	0.00107639	0.0314062	0.00410278	0.000480502	0.000177691	0.000472651	0.000658005	0.00225403	0.00506021	0.576315	0.00163058	0.00213868
86	0.0631404	0.0443125	0.00275548	0.0280321	0.00273151	0.0162757	0.00503555	0.0374863	0.159634	0.0545446	0.0239949	0.00536768	0.00125385	0.106575	0.258137	0.0507357	0.130389	0.00553201	0.000644732	0.00342143
87	0.0157686	0.0165656	0.01067	0.0786605	0.00043337	0.00203752	0.047282	0.010769	0.271478	0.0183134	0.00676066	0.0347738	0.00234335	0.0837403	0.304446	0.0416611	0.0397119	0.00757249	9.59463e-05	0.00691615
88	0.0736683	0.0462621	0.00232792	0.00339637	0.0173373	0.00303088	0.00370707	0.0756157	0.0045178	0.054819	0.00300272	0.00414459	0.57321	0.0053331	0.00337888	0.0202283	0.0259579	0.075601	0.000666662	0.00379467
89	0.0535982	0.00183158	0.265022	0.193966	0.0120231	0.0191939	0.0715401	0.00279032	0.023992	0.0138588	0.00457892	0.063349	0.00300564	0.157184	0.0102265	0.0526777	0.0172441	0.00941937	0.00833574	0.0161634
90	0.0213164	0.00682395	0.000289046	0.00044578	0.00259398	0.00195668	0.000277787	0.341704	0.00364919	0.13563	0.0191954	0.000436556	0.000188179	0.000403035	0.00197886	0.00290245	0.0131946	0.44381	0.000509801	0.00269466
91	0.0123539	0.00661689	0.000279202	0.000606579	0.00788922	0.000427983	0.000348418	0.301209	0.000536449	0.0151624	0.00219464	0.000548877	0.000175231	0.000521346	0.00046842	0.00200408	0.00374775	0.641243	0.00135838	0.00230849
92	0.00206928	0.00111717	0.00118146	0.0185194	0.459561	0.00110299	0.00101447	0.108134	0.00176808	0.0424244	0.0129588	0.00149881	0.000434868	0.00147544	0.0016625	0.00233296	0.002126	0.0555094	0.00495349	0.280156
93	0.0496699	0.0137345	0.0405542	0.051019	0.0323616	0.0363701	0.149344	0.0251908	0.0594187	0.0272297	0.0106042	0.201303	0.00948481	0.0514727	0.060075	0.0729958	0.0406106	0.0288692	0.00328286	0.0364091
94	0.616476	0.0489704	0.0039575	0.002131	0.00225165	0.0334274	0.0020818	0.0168856	0.00204388	0.0124537	0.00506714	0.0057348	0.00622391	0.00253901	0.00243166	0.131874	0.0524135	0.050761	0.000238864	0.00203708
95	0.519235	0.0353286	0.00824991	0.0163077	0.00600907	0.0553095	0.00707211	0.0252911	0.0140332	0.0238408	0.0107375	0.0148023	0.017666	0.0118122	0.0141585	0.109644	0.0507339	0.0511957	0.00170007	0.00687301
96	0.511836	0.0381643	0.0137705	0.0266381	0.00697447	0.055248	0.00661627	0.0208729	0.0157041	0.0254062	0.0115118	0.0151715	0.0148708	0.0161418	0.015559	0.107849	0.0482052	0.0404807	0.00152365	0.00745576
97	0.00324408	0.00871684	0.00842023	0.00837911	0.131959	0.00175493	0.101812	0.00497848	0.0225431	0.0335771	0.00458549	0.0111344	0.000686017	0.00218224	0.00712622	0.0227094	0.0106003	0.00535992	0.000664514	0.609567
98	0.0320276	0.0104104	0.0224183	0.0912981	0.0103359	0.0152226	0.0197686	0.0170177	0.424809	0.0247616	0.0119808	0.0291567	0.00860284	0.0560875	0.128131	0.0359742	0.026478	0.0201307	0.00179557	0.013593
99	0.0427129	0.016062	0.0877203	0.0549098	0.0352002	0.0219228	0.203961	0.0344235	0.0591564	0.0430743	0.0171258	0.062325	0.0125612	0.0412893	0.0601781	0.0474326	0.039338	0.0392952	0.00502192	0.07629
100	0.0314984	0.0109255	0.00148582	0.00246539	0.0162447	0.00463252	0.00204628	0.274794	0.00475641	0.191201	0.0281463	0.00252027	0.00540771	0.00253997	0.00384588	0.00981408	0.0208396	0.374485	0.00214826	0.0102029
101	0.0627695	0.0156478	0.0370508	0.0419615	0.0758608	0.115253	0.0662976	0.0190554	0.028821	0.0232911	0.011981	0.064254	0.222545	0.0201023	0.0239928	0.0676688	0.0504176	0.0238366	0.00373199	0.025461
102	0.00280223	0.0030624	0.00058751	0.00153631	0.0264651	0.000862381	0.000525321	0.0299844	0.0014066	0.738666	0.148726	0.00278418	0.000662661	0.00168634	0.00114269	0.00135927	0.00924421	0.024865	0.000216482	0.00341547
103	0.0122067	0.0395537	0.0045156	0.0117996	0.0258294	0.00402417	0.00414014	0.0848755	0.0271273	0.207523	0.329775	0.0175619	0.00167101	0.0699678	0.0151002	0.0102572	0.0350445	0.0790331	0.00415949	0.0158346
104	0.0270449	0.00363625	0.0323562	0.459174	0.00450586	0.00746504	0.0105551	0.00611003	0.0982567	0.0107086	0.0072387	0.0108744	0.00575632	0.2173	0.0190736	0.0286259	0.0216768	0.0248533	0.00111988	0.00366835
105	0.0398301	0.0168683	0.0994201	0.206757	0.0239052	0.0233764	0.0536165	0.0199635	0.0413759	0.052148	0.0177598	0.0713738	0.00439135	0.0740268	0.046555	0.0806489	0.0395272	0.0246123	0.00267107	0.0611729
106	0.0581395	0.00487247	0.00958583	0.0109769	0.078539	0.00692885	0.129785	0.00700901	0.00809024	0.00804768	0.00526644	0.361544	0.00306334	0.0523367	0.00640123	0.127367	0.0500975	0.00918326	0.00140628	0.06136
107	0.0768585	0.0475293	0.00229831	0.00338314	0.0146552	0.00314174	0.00345787	0.057272	0.00430566	0.0494602	0.00250634	0.0043185	0.599273	0.00533882	0.00317893	0.0214329	0.0279405	0.0704742	0.000644628	0.00253004
108	0.0309956	0.0425468	0.0683286	0.161687	0.0357642	0.0219192	0.0639304	0.0299099	0.0444607	0.0534532	0.0268791	0.0530022	0.00258295	0.067728	0.0451077	0.0816088	0.0535503	0.0386702	0.00690363	0.070972
109	0.0886392	0.00213662	0.00375184	0.461058	0.00253149	0.0129365	0.00219066	0.00384423	0.0370292	0.0161551	0.00233577	0.00552988	0.0203097	0.122815	0.0215147	0.0757436	0.0459956	0.072195	0.000881702	0.00240613
110	0.687462	0.034322	0.00372113	0.00229847	0.00131828	0.0491691	0.00202749	0.0073546	0.0018966	0.00698735	0.00324536	0.0057787	0.00548263	0.00265027	0.00246697	0.124557	0.0345845	0.0224258	0.000216446	0.00203547
111	0.0169975	0.00674845	0.000265445	0.000469307	0.0077591	0.000713949	0.000285058	0.343815	0.00126625	0.0348111	0.00488022	0.00045167	0.000152474	0.000474465	0.000761039	0.00239264	0.00581871	0.568104	0.00179628	0.00203702
112	0.035556	0.0137695	0.00762268	0.0341254	0.0456539	0.00129915	0.00795507	0.0427333	0.209411	0.102846	0.0616467	0.0148976	0.000570366	0.0702321	0.229779	0.00263727	0.0439602	0.00276767	0.0130396	0.0594969
113	0.0160711	0.0283969	0.00437138	0.0160337	0.00810118	0.00428207	0.00800355	0.0866428	0.020543	0.0111866	0.0084835	0.376654	0.00218914	0.00752157	0.0259831	0.0134402	0.221769	0.130744	0.00132569	0.0082577
114	0.0417837	0.0159666	0.0394663	0.062145	0.0190509	0.0542542	0.0298619	0.0322169	0.0615255	0.0252495	0.0142995	0.302484	0.0120067	0.0372125	0.0557456	0.0889928	0.0531515	0.0317584	0.00262287	0.020206
115	0.0180509	0.00710791	0.00026093	0.000458238	0.00732261	0.000879824	0.000268745	0.346705	0.00140108	0.0391666	0.00579174	0.000428132	0.000151254	0.000468666	0.000821448	0.00255772	0.00674566	0.557758	0.00162964	0.00202592
116	0.0379605	0.00126325	0.00662819	0.0131115	0.12416	0.0397636	0.0109036	0.115228	0.0273321	0.255631	0.0448032	0.00433058	0.000499553	0.0181069	0.0277514	0.034456	0.0122243	0.10419	0.032992	0.0886649
117	0.272965	0.0221241	0.00681843	0.00581152	0.00342241	0.51777	0.00313248	0.00917056	0.00448141	0.0138223	0.00744077	0.0182078	0.00221177	0.00567909	0.00707511	0.0497837	0.0327966	0.0133325	0.000381134	0.00357309
118	0.00375994	0.0013179	0.00157891	0.0022792	0.00172325	0.00181746	0.00143955	0.0024535	0.00312974	0.00282657	0.0188691	0.00206861	0.000688933	0.00268884	0.00242993	0.376374	0.569296	0.00320227	0.000494206	0.00156161
119	0.035556	0.0137695	0.00762268	0.0341254	0.0456539	0.00129915	0.00795507	0.0427333	0.209411	0.102846	0.0616467	0.0148976	0.000570366	0.0702321	0.229779	0.00263727	0.0439602	0.00276767	0.0130396	0.0594969
120	0.024147	0.00558674	0.00177059	0.0238476	0.0126336	0.00213127	0.0131408	0.0817796	0.0275785	0.0145069	0.0126545	0.56762	0.00126058	0.00289928	0.0321838	0.0044203	0.0878535	0.0708166	0.000570162	0.0125991
121	0.0220837	0.0121728	0.000422445	0.000667987	0.00663127	0.00261989	0.000353278	0.272646	0.00248719	0.192212	0.0228284	0.000585557	0.000240597	0.000689371	0.00143592	0.00284647	0.0218845	0.435659	0.000214545	0.00131785
122	0.228833	0.0581252	0.000809618	0.00205219	0.00923453	0.0171813	0.00138408	0.117401	0.00203499	0.0694328	0.0272747	0.00151447	0.000709694	0.00171023	0.00227624	0.0851792	0.113162	0.260214	0.000238776	0.00123267
123	0.00556238	0.0131573	0.329696	0.15885	0.00201886	0.00275507	0.00206368	0.00343849	0.132123	0.0496628	0.00216253	0.0336924	0.00140546	0.0575339	0.0964055	0.0427051	0.043526	0.00428887	0.000700967	0.0182522
124	0.287739	0.0714857	0.00150101	0.0248481	0.00140904	0.0102421	0.0150598	0.0924035	0.0176705	0.215496	0.0445207	0.0104088	0.000987145	0.0027829	0.00231437	0.0734665	0.0465925	0.0703809	0.000455826	0.0102352
125	0.676671	0.0509312	0.00351424	0.0021098	0.00144695	0.0183343	0.00133039	0.00211357	0.0021671	0.00244539	0.00134831	0.00406428	0.00568993	0.00166378	0.00191005	0.181974	0.020251	0.0202626	0.000405324	0.00136713
126	0.0146887	0.0117085	0.0413953	0.115189	0.00227596	0.245155	0.0279695	0.00150479	0.14367	0.0124546	0.0010171	0.165224	0.00167667	0.0666907	0.049424	0.0743802	0.0166124	0.00214929	0.000290209	0.00652362
127	0.213596	0.080004	0.000922594	0.00166265	0.00662322	0.00996234	0.00106366	0.0780821	0.00181861	0.0392156	0.0147813	0.00164176	0.000794161	0.00205002	0.0024687	0.0825014	0.102003	0.359367	0.000327484	0.0011144
128	0.0406579	0.000709485	0.140138	0.334548	0.00200768	0.0313047	0.011588	0.00101592	0.130187	0.00243266	0.00458732	0.0430505	0.0809009	0.0534961	0.0392361	0.06478	0.0104614	0.0044306	0.00122928	0.0032388
129	0.0152011	0.0164332	0.00977883	0.0733782	0.000527767	0.00207483	0.047628	0.0107679	0.275131	0.0185522	0.00681543	0.0331377	0.00269564	0.0800345	0.310483	0.0421359	0.0399279	0.00777462	0.000116718	0.00740653
130	0.0147302	0.00750266	0.00246739	0.00748977	0.126157	0.00358805	0.00262892	0.0898734	0.00623853	0.172027	0.339801	0.0248316	0.00127133	0.0140356	0.00443075	0.00969757	0.0112492	0.124727	0.00433393	0.0329193
131	0.0179728	0.00657151	0.000297818	0.000440122	0.00465527	0.00134071	0.000268081	0.328313	0.00200529	0.0764179	0.0125204	0.000416915	0.000178247	0.000400015	0.00117171	0.00239424	0.00925683	0.532473	0.000872226	0.00203396
132	0.0126887	0.00520553	0.00167328	0.00674506	0.0630687	0.00154621	0.00148158	0.0599684	0.00313698	0.191223	0.49055	0.0383675	0.000982289	0.0181094	0.00285957	0.00390187	0.00671625	0.0684741	0.000455314	0.0228457
133	0.0181046	0.00627587	0.000256596	0.000467314	0.00656448	0.00113712	0.000260537	0.362691	0.00186416	0.0695696	0.00954713	0.000421888	0.000238563	0.000466202	0.00112421	0.00239995	0.00782089	0.507204	0.0012299	0.00235533
134	0.0423148	0.00636661	0.007382	0.0123745	0.00619886	0.0163598	0.00413926	0.0155041	0.00750631	0.011666	0.0158472	0.0145748	0.00342254	0.00944388	0.00775182	0.344077	0.44599	0.0234254	0.000940722	0.00471403
135	0.00986846	0.00304544	0.00215387	0.00317862	0.00282454	0.00332489	0.00221857	0.00763584	0.00415382	0.00449014	0.0161265	0.00304913	0.00135639	0.00327929	0.00344002	0.3598	0.555377	0.0120184	0.000618586	0.00204083
136	0.0291433	0.00856675	0.390743	0.149518	0.0122936	0.0373659	0.053687	0.0101341	0.0482944	0.0151119	0.00816937	0.0463791	0.0132041	0.0424208	0.0323992	0.0420216	0.0287136	0.0142557	0.00275691	0.0148212
137	0.0316344	0.0106302	0.0280323	0.0887731	0.0114156	0.0145039	0.0191549	0.0149716	0.420768	0.0244515	0.0106393	0.03289	0.0131699	0.0595953	0.122491	0.0341864	0.0284547	0.0160123	0.00179195	0.0164335
138	0.488823	0.0370261	0.0123834	0.0207607	0.00568605	0.0607307	0.00807426	0.0290069	0.0147635	0.0323264	0.00977177	0.0150688	0.0212118	0.0113831	0.0124554	0.108214	0.055782	0.0496877	0.000840884	0.00600335
139	0.0699008	0.0186374	0.00104954	0.00222075	0.00995978	0.0065952	0.00123967	0.268899	0.00346318	0.0791978	0.0144943	0.00179087	0.00535357	0.00149698	0.0024311	0.0215329	0.0286581	0.45539	0.00154023	0.00614946
140	0.0535789	0.0107915	0.042699	0.0880332	0.00702762	0.0198684	0.0346051	0.00650198	0.242691	0.0119553	0.00593544	0.0753922	0.00292758	0.0516069	0.224353	0.0629384	0.0322012	0.00704739	0.000382248	0.0194636
141	0.102709	0.0248682	0.0101222	0.0306953	0.00989823	0.0151741	0.00661534	0.0283881	0.0186571	0.0334495	0.00388757	0.0209694	0.535076	0.017505	0.010848	0.0643811	0.0218383	0.0361512	0.00127438	0.00749175
142	0.189707	0.0177617	0.00377309	0.0056961	0.00623077	0.0115135	0.00398781	0.0262147	0.00719366	0.0140123	0.0063782	0.00725729	0.0269822	0.00618747	0.00707017	0.219303	0.330164	0.105001	0.000994067	0.00457286
143	0.00894292	0.0228212	0.0114146	0.0128156	0.00376362	0.00363937	0.00357389	0.00606786	0.00626313	0.00661661	0.00404109	0.45899	0.00209699	0.0116744	0.00537121	0.39251	0.0272317	0.00708978	0.0010558	0.00401961
144	0.0123976	0.00663005	0.000278069	0.000606069	0.00792921	0.000422354	0.000340495	0.30139	0.000532192	0.0151251	0.00218931	0.000547015	0.000177815	0.000523956	0.000464061	0.00201194	0.00376039	0.640996	0.00136409	0.00231509
145	0.0176794	0.00520552	0.00386479	0.0120621	0.0675915	0.00639116	0.00579147	0.0760246	0.0229994	0.309815	0.253285	0.0188157	0.00199681	0.0193238	0.0199209	0.0131941	0.0134999	0.0590118	0.00667713	0.0668498
146	0.0260673	0.00454229	0.0108069	0.0104482	0.00152719	0.850123	0.00252621	0.00369838	0.0101854	0.00327087	0.0025264	0.0318839	0.000766153	0.00527021	0.00908033	0.0147812	0.00479333	0.00479367	0.000317869	0.00259136
147	0.473191	0.0404922	0.00421875	0.00467791	0.00503362	0.0666713	0.00597311	0.0336897	0.00408266	0.0328177	0.0112042	0.010347	0.00250276	0.00897718	0.00789315	0.125635	0.0954107	0.0605677	0.000234939	0.00637954
148	0.00334082	0.00129617	0.00156949	0.0021846	0.00158949	0.00165259	0.00118648	0.00235986	0.00295347	0.00259252	0.017093	0.00196546	0.000653894	0.00225654	0.00232453	0.379252	0.570588	0.00311543	0.000501062	0.00152497
149	0.0274842	0.00911649	0.0237718	0.0836102	0.0107074	0.0155959	0.0218645	0.0119226	0.428505	0.0218717	0.0107014	0.0279825	0.0129986	0.0549012	0.134107	0.0344733	0.0260836	0.0161187	0.00181577	0.0263688
150	0.0562713	0.0134713	0.0110563	0.0344477	0.0376259	0.00703166	0.0108328	0.0421646	0.139167	0.112438	0.0706005	0.0176051	0.00164349	0.0565173	0.215135	0.0162818	0.0627077	0.0183037	0.0105893	0.0661093
151	0.0295958	0.0139482	0.000537774	0.000990498	0.045885	0.00226682	0.00066517	0.317636	0.00129331	0.203289	0.0256218	0.00259294	0.00106243	0.0012098	0.00098667	0.00231122	0.0279433	0.306516	0.000235635	0.0154133
152	0.30286	0.295227	0.00511471	0.00846615	0.00486986	0.128513	0.00505794	0.0104159	0.00878883	0.0113617	0.00714605	0.0602619	0.00288337	0.00779179	0.00750409	0.0176868	0.0413071	0.067991	0.00154673	0.00520694
153	0.0422798	0.00549932	0.0921669	0.363166	0.014645	0.0274615	0.0134843	0.0104858	0.0968485	0.0172014	0.00821662	0.0328796	0.0216365	0.0928234	0.0369862	0.0501756	0.0270339	0.0303711	0.00176177	0.0148765
154	0.00697432	0.00681361	0.00324424	0.0234177	0.00997088	0.00547811	0.00490273	0.137205	0.0893557	0.324621	0.165994	0.00701604	0.00131511	0.0633289	0.0438554	0.00927604	0.0147837	0.0405646	0.0169515	0.0249317
155	0.0212836	0.00923768	0.0016869	0.00187479	0.0555665	0.00154577	0.00119736	0.321649	0.00260377	0.165346	0.0246995	0.00669757	0.00117819	0.00126738	0.00191123	0.00488642	0.017308	0.268778	0.00155396	0.0897273
156	0.0359682	0.0187697	0.000402442	0.000743477	0.00613689	0.0050369	0.000449578	0.265897	0.00266317	0.148357	0.0199765	0.000773827	0.000257999	0.00068439	0.00155307	0.00586546	0.0259366	0.458853	0.000324809	0.00134953
157	0.0852204	0.0088506	0.00379825	0.00519844	0.0613056	0.060371	0.0035138	0.0446042	0.00656213	0.0519825	0.0251495	0.00478673	0.00240754	0.0221184	0.0358624	0.132972	0.227978	0.209441	0.00163935	0.00623818
158	0.0159341	0.0166175	0.0113115	0.0794702	0.000443194	0.00203282	0.0473245	0.0106612	0.270875	0.0181911	0.00668525	0.0353113	0.00231921	0.0841423	0.302745	0.0415927	0.0397618	0.00763548	9.54024e-05	0.00685008
159	0.00216254	0.00131518	0.00122293	0.0174073	0.458786	0.00105399	0.00143457	0.103681	0.00195637	0.0447748	0.014195	0.00181845	0.000424945	0.00149251	0.00180292	0.00235173	0.00242196	0.0532405	0.00520944	0.283249
160	0.226185	0.0583042	0.000808548	0.00155304	0.00967645	0.0172607	0.00106627	0.11854	0.00165405	0.064186	0.026426	0.00131572	0.000699116	0.00172688	0.00235584	0.0856116	0.116837	0.264468	0.000230222	0.00109566
161	0.210465	0.06892	0.00117621	0.00179801	0.011368	0.0138544	0.00119101	0.119869	0.00214885	0.0409584	0.016779	0.0021354	0.000939216	0.00217777	0.00280711	0.11051	0.180516	0.210602	0.000338079	0.00144667
162	0.0502328	0.0232109	0.00462319	0.0163598	0.0120183	0.0117558	0.00473215	0.0815766	0.0246598	0.0201616	0.00983753	0.0250744	0.00368179	0.0136014	0.0480019	0.0896355	0.362183	0.191507	0.00214001	0.00500637
163	0.0402643	0.0144042	0.0251765	0.0693467	0.0137849	0.023693	0.0310265	0.0223517	0.179604	0.0346103	0.0171107	0.039495	0.00552381	0.0615612	0.279066	0.0530907	0.0466894	0.0217341	0.00244173	0.0190253
164	0.0213499	0.00769913	0.00733297	0.0175328	0.400115	0.0100959	0.017381	0.0599991	0.0236028	0.0716495	0.0281897	0.0182127	0.00423659	0.0124667	0.0189939	0.0219382	0.020469	0.0462894	0.021503	0.170942
165	0.0250595	0.00236745	0.00633877	0.00750024	0.00116174	0.876997	0.00169924	0.00192364	0.0093105	0.00239393	0.00102382	0.0289049	0.00107711	0.00353608	0.00818663	0.0126936	0.00413297	0.00448643	0.0002387	0.000967264
166	0.0420465	0.0173996	0.0343555	0.0476728	0.0188878	0.0533973	0.0317641	0.0330694	0.0427161	0.0189773	0.0134752	0.361271	0.00850296	0.0289875	0.0371528	0.0962399	0.0562926	0.0349045	0.00235448	0.0205322
167	0.0337406	0.0125923	0.00362221	0.00863374	0.0169568	0.00609711	0.00325227	0.251199	0.00889274	0.0831355	0.0188259	0.00773844	0.00292952	0.00699521	0.00889416	0.0172426	0.0313817	0.464906	0.00180822	0.0111561
168	0.0225814	0.00534271	0.000752594	0.00143406	0.0162083	0.00262831	0.000900744	0.260542	0.00315201	0.380142	0.036239	0.00191395	0.00194126	0.00248067	0.00195083	0.00381881	0.0137094	0.236472	0.000619761	0.0071697
169	0.0386348	0.00543938	0.0541658	0.0120587	0.0057221	0.726954	0.00660955	0.00266291	0.00800454	0.00237277	0.0013648	0.0698246	0.00423347	0.00883772	0.0117254	0.0206224	0.0119303	0.00344266	0.000304183	0.00508944
170	0.0935331	0.0152693	0.0267546	0.0391583	0.0164215	0.0354285	0.0148424	0.0222929	0.0337103	0.0265555	0.0172377	0.0611335	0.0161119	0.0312338	0.0286335	0.297627	0.166174	0.0348009	0.00208419	0.0209974
171	0.202925	0.00341636	0.00670054	0.0967697	0.00341301	0.00613373	0.015698	0.00523626	0.142936	0.00688126	0.010254	0.12013	0.00820069	0.0893134	0.128167	0.113025	0.00974402	0.024842	0.00100012	0.00521322
172	0.0257195	0.00203629	0.00717892	0.00653396	0.00137957	0.881179	0.00174606	0.00195863	0.00767144	0.00287842	0.00148043	0.0282407	0.000461867	0.00346198	0.00795747	0.0100678	0.00375515	0.00423703	0.000329199	0.00172676
173	0.118718	0.0181559	0.0287569	0.0416381	0.0158496	0.0341819	0.0149584	0.0234729	0.0308202	0.0253267	0.017668	0.0516968	0.0232027	0.0269238	0.0323174	0.280792	0.159382	0.0382183	0.0029713	0.0149487
174	0.0218453	0.00870967	0.000677947	0.00113959	0.00763451	0.00244504	0.000561122	0.303761	0.00276976	0.116232	0.0215813	0.00136935	0.000348142	0.00201818	0.00222252	0.0053439	0.0147654	0.481144	0.000669355	0.00476104
175	0.020234	0.00675814	0.000310577	0.000461542	0.00360985	0.00193586	0.000277286	0.344237	0.00325896	0.144487	0.0195995	0.00043032	0.000237495	0.000433575	0.00180252	0.00273946	0.0129911	0.4331	0.0003985	0.00269688
176	0.0345367	0.00372732	0.146636	0.284612	0.0071913	0.0175754	0.0132906	0.00534298	0.0755436	0.0140465	0.00641816	0.0490102	0.134829	0.0450558	0.0250346	0.075242	0.0192194	0.0112044	0.0199963	0.0114867
177	0.00960092	0.00370662	0.00358464	0.00606655	0.0259641	0.00447789	0.0666265	0.174413	0.0955167	0.309033	0.00775855	0.00653755	0.00209337	0.00678802	0.0750348	0.00763531	0.0942635	0.0945815	0.00153197	0.00478534
178	0.0164445	0.00769146	0.00913436	0.0182065	0.396865	0.00920629	0.0157549	0.0777151	0.0201159	0.0817683	0.0195751	0.0140755	0.00566521	0.0100327	0.0137804	0.0187645	0.0187001	0.0581289	0.0235022	0.164873
179	0.0360373	0.0164403	0.00529428	0.0398943	0.0268536	0.00370628	0.00708193	0.0461448	0.184295	0.0887694	0.0534203	0.0109178	0.000724192	0.081266	0.278777	0.0107861	0.0629204	0.00314178	0.00754801	0.0359811
180	0.0780058	0.0083579	0.0340183	0.135613	0.0113705	0.0244191	0.0196558	0.00173541	0.295355	0.00571861	0.00445072	0.0420579	0.0022552	0.0469556	0.168194	0.0731048	0.0306566	0.00225118	0.000219616	0.015605
181	0.0381447	0.0165783	0.0272314	0.0719126	0.0210832	0.0170785	0.0208843	0.0561757	0.0641952	0.20802	0.0658075	0.0304534	0.0113726	0.133831	0.0696554	0.0356954	0.0400846	0.0417214	0.00649004	0.023585
182	0.0146562	0.00124816	0.00055251	0.00106326	0.0191657	0.00207618	0.00081788	0.216966	0.00212811	0.592529	0.0410022	0.00242517	0.00307503	0.00389843	0.00147462	0.00133783	0.00983166	0.0784529	0.000417625	0.0068815
183	0.204722	0.00181951	0.0134169	0.376144	0.00240389	0.0135639	0.00218493	0.00337226	0.133467	0.0568356	0.00255116	0.00285544	0.0013123	0.100749	0.0535453	0.0176058	0.00515639	0.00574609	0.000535481	0.00201301
184	0.214122	0.00181063	0.00265847	0.112241	0.00180335	0.00237159	0.0180339	0.00314748	0.187744	0.00330951	0.0115663	0.134444	0.000994396	0.101347	0.12133	0.0662028	0.00439863	0.00968834	0.000573171	0.00221297
185	0.0195343	0.00170316	0.0113442	0.00864292	0.00155393	0.868917	0.00217716	0.00154215	0.0106481	0.00194027	0.0010189	0.0361626	0.000950856	0.00486794	0.00896837	0.0112766	0.00349228	0.0035674	0.000200821	0.00149057
186	0.0514646	0.00624044	0.0129566	0.0898777	0.00765421	0.346426	0.0100142	0.0150704	0.185665	0.0139587	0.00712659	0.0156618	0.00412307	0.0523904	0.0171072	0.0226292	0.0181771	0.114384	0.00197668	0.00709603
187	0.0623323	0.0111217	0.0460918	0.0782935	0.0158073	0.0408702	0.0200156	0.0145795	0.0423708	0.0210616	0.00867457	0.164102	0.255495	0.0287374	0.0247119	0.0938329	0.0351927	0.015865	0.00332114	0.0175241
188	0.0163477	0.00657335	0.00040885	0.000596217	0.0079514	0.00167593	0.000334013	0.329345	0.00239855	0.181952	0.0188489	0.000630162	0.000546386	0.000558573	0.0014102	0.00273599	0.0143591	0.409324	0.000165151	0.00383831
189	0.00776365	0.0021039	0.00250241	0.00330981	0.00289676	0.0054286	0.00171986	0.00678849	0.00368412	0.00329311	0.0166065	0.00555667	0.00116637	0.0031523	0.00306767	0.364001	0.5545	0.00966205	0.000579821	0.00221652
