248	20
1	0.0081599	0.0163716	0.00187379	0.00259143	0.119293	0.00389574	0.00250504	0.00501796	0.00259475	0.0313214	0.0031068	0.00333002	0.00194996	0.00305184	0.0171487	0.00639825	0.00698861	0.00702338	0.728361	0.0290173
2	0.0107717	0.00914688	0.00308921	0.00242098	0.424457	0.00253671	0.011852	0.0185277	0.00279441	0.0887584	0.0238509	0.00374803	0.000757287	0.00837199	0.00209504	0.00710686	0.00999894	0.0252172	0.0337931	0.310706
3	0.0442788	0.00552671	0.00182211	0.100205	0.00811822	0.00190827	0.020795	0.0210177	0.0472284	0.0273881	0.00570293	0.0160635	0.457784	0.0282624	0.0447443	0.0711552	0.0506704	0.0422566	0.00370949	0.00136352
4	0.013206	0.0113991	0.140291	0.136657	0.00204766	0.434146	0.0144482	0.00319446	0.0161138	0.00379953	0.00195972	0.0734485	0.00126442	0.0400004	0.0187025	0.048986	0.029582	0.00834543	0.000716255	0.00169285
5	0.582143	0.0287629	0.000619757	0.00326707	0.00094191	0.0457938	0.00070662	0.0138305	0.000740667	0.010021	0.00893898	0.00436408	0.000392834	0.000862618	0.00815126	0.137745	0.110287	0.0414949	0.000296929	0.000639172
6	0.0271056	0.00241134	0.0043553	0.0769846	0.0206694	0.00341439	0.0211418	0.00482023	0.15388	0.0160926	0.00990691	0.002898	0.00110305	0.0673478	0.429993	0.0497583	0.0854644	0.00635833	0.00261785	0.0136766
7	0.00649047	0.00291188	0.00134049	0.000218359	0.0275118	0.00140012	0.000357699	0.108367	0.000243877	0.692337	0.0203292	0.000286899	0.00014096	0.00640248	0.000361532	0.000699944	0.0106074	0.10888	0.0014683	0.00964478
8	0.0513118	0.00952338	0.00753565	0.00410418	0.00936172	0.00876492	0.0203944	0.00893836	0.00536474	0.00828885	0.00452441	0.300084	0.00835425	0.00772961	0.00579662	0.437251	0.0829279	0.012691	0.00198888	0.00506399
9	0.00967426	0.00744974	0.00386053	0.00276785	0.32828	0.000800615	0.0137365	0.0103146	0.0020636	0.0383081	0.00664449	0.00307112	0.00036103	0.0134378	0.000719666	0.00547532	0.00449819	0.021013	0.0556007	0.471923
10	0.477416	0.0338532	0.00117879	0.0036361	0.00552748	0.028774	0.00166075	0.0245103	0.00156205	0.0137754	0.0120028	0.00560885	0.00366341	0.00262007	0.00596747	0.114624	0.188262	0.0737459	0.000420722	0.00119099
11	0.161205	0.0101703	0.0982746	0.35029	0.00698013	0.00814969	0.0452802	0.00936008	0.0365317	0.00647799	0.00192145	0.0268339	0.000767005	0.125042	0.0655066	0.0155593	0.00898752	0.0154599	0.000621845	0.00658178
12	0.0145149	0.00473171	0.0156758	0.052443	0.00493798	0.0250581	0.155163	0.00730899	0.0375665	0.0504893	0.0045994	0.355022	0.00285208	0.102137	0.0264036	0.0308339	0.0870888	0.0157659	0.00158173	0.00582729
13	0.0682958	0.0224345	0.000561569	0.000717531	0.00698421	0.00754053	0.0047236	0.162113	0.000574338	0.250228	0.101268	0.00464267	0.00515061	0.00929179	0.00104702	0.0205126	0.043137	0.287366	0.000323407	0.00308727
14	0.00439435	0.00366164	0.000823515	0.000987248	0.060247	0.00169771	0.00160201	0.0214181	0.00118911	0.786796	0.0752514	0.00184394	0.00128419	0.00194096	0.0075965	0.00289159	0.00423853	0.019908	0.000557397	0.00167062
15	0.105057	0.0474365	0.000688955	0.000862419	0.113719	0.00129409	0.0019322	0.0834144	0.00086193	0.288418	0.0637473	0.00154534	0.000473844	0.00158917	0.00151318	0.00914351	0.021054	0.215963	0.00556665	0.0357202
16	0.650321	0.00243528	0.00138407	0.0208597	0.00228898	0.0029163	0.00191005	0.00373276	0.00218175	0.0144422	0.0139517	0.00222083	0.00135009	0.0960233	0.0242686	0.067128	0.0338789	0.0563881	0.000763343	0.00155515
17	0.196507	0.0007882	0.0414129	0.0622745	0.00111877	0.0926011	0.0253663	0.00741978	0.064408	0.0244249	0.00433261	0.0593062	0.000397466	0.0998474	0.0919486	0.139161	0.0714712	0.0160688	0.00024396	0.000901313
18	0.32896	0.00280187	0.0123301	0.0224126	0.0556602	0.0714639	0.047321	0.00413334	0.00184336	0.0148231	0.00229613	0.00233173	0.00144148	0.0337219	0.073642	0.128045	0.0777879	0.0160713	0.0800943	0.0228183
19	0.00438933	0.00366903	0.000820889	0.000989359	0.0605344	0.00170303	0.00160316	0.0208808	0.00119389	0.786904	0.0758452	0.00186695	0.0012935	0.00193308	0.00761326	0.00290724	0.00422284	0.0194169	0.000550972	0.00166189
20	0.0861648	0.00187524	0.0172427	0.0471473	0.0025568	0.0100528	0.010971	0.0294624	0.242095	0.0538227	0.00256265	0.00178094	0.00103781	0.0386618	0.366661	0.0310611	0.025035	0.0289709	0.000583213	0.00225484
21	0.0140378	0.0019655	0.00799037	0.013204	0.000880177	0.883941	0.0107303	0.00425176	0.0158303	0.00391765	0.00307326	0.018097	0.00421149	0.00243691	0.008228	0.00186642	0.00135925	0.00199029	0.000265536	0.00172314
22	0.0173812	0.00206502	0.000305192	0.002065	0.0062603	0.000596679	0.000570786	0.326827	0.00322077	0.0426292	0.00853609	0.000442199	0.000262709	0.000824524	0.00167613	0.00131716	0.0089343	0.574952	0.00020246	0.000931088
23	0.0381475	0.00211199	0.00114976	0.0782801	0.00176946	0.23063	0.00179672	0.0111773	0.229122	0.0119504	0.00169828	0.00185191	0.000966906	0.131059	0.0902143	0.0132894	0.0537963	0.0987309	0.000793948	0.00146456
24	0.11105	0.00897061	0.00116407	0.0745159	0.00166103	0.00239825	0.00263206	0.0113396	0.185045	0.00425409	0.0168593	0.0096896	0.23008	0.0315473	0.114284	0.0403184	0.052245	0.0998265	0.00081981	0.00129924
25	0.0140378	0.0019655	0.00799037	0.013204	0.000880177	0.883941	0.0107303	0.00425176	0.0158303	0.00391765	0.00307326	0.018097	0.00421149	0.00243691	0.008228	0.00186642	0.00135925	0.00199029	0.000265536	0.00172314
26	0.037891	0.00788262	0.589041	0.167324	0.0018151	0.0235656	0.00533242	0.00660279	0.0167668	0.00614704	0.00252689	0.0255451	0.00646731	0.011876	0.0081622	0.0578219	0.0146436	0.00815783	0.00075617	0.00167379
27	0.0861238	0.0535553	0.00301919	0.00409936	0.00641687	0.0091994	0.0335375	0.0650875	0.0146018	0.0114271	0.00515058	0.0137868	0.00264457	0.00553047	0.353134	0.01537	0.0764226	0.206656	0.00303307	0.0312043
28	0.0343204	0.0131382	0.000727813	0.00220634	0.00915307	0.00161958	0.00138542	0.275358	0.00215003	0.0792391	0.0245751	0.000522405	0.000472954	0.00234345	0.00610312	0.00356276	0.0157691	0.523912	0.00051346	0.0029272
29	0.479184	0.0750603	0.00156684	0.00179271	0.00234623	0.0548807	0.00213085	0.0456723	0.0020427	0.0151626	0.00250195	0.00236051	0.00124809	0.0024953	0.00259518	0.0150687	0.00550395	0.285673	0.00116803	0.00154687
30	0.300422	0.0155894	0.00323677	0.00915019	0.0136161	0.372889	0.0206482	0.00523269	0.00514283	0.0206764	0.000970396	0.0156914	0.0097976	0.00391357	0.00223465	0.114136	0.0257331	0.0476694	0.00297179	0.0102782
31	0.00940335	0.0320806	0.00208744	0.00253543	0.108654	0.00427619	0.00318878	0.114973	0.00274193	0.0927901	0.0447126	0.00305801	0.00147435	0.00542457	0.00373865	0.00671355	0.00873791	0.174058	0.0497257	0.329626
32	0.0648967	0.0234111	0.000844121	0.00110662	0.00633518	0.0198382	0.00443731	0.115706	0.00100995	0.291638	0.12117	0.00937101	0.0044787	0.008219	0.0020318	0.0312248	0.040534	0.25114	0.000541605	0.00206569
33	0.287189	0.0214991	0.00249417	0.00459777	0.0090221	0.283184	0.0193747	0.00662547	0.00385048	0.0143037	0.00284777	0.0269717	0.0441474	0.00780952	0.00324193	0.147913	0.056617	0.049541	0.00199458	0.00677554
34	0.0586539	0.00420521	0.0782076	0.031629	0.0064015	0.0246528	0.0913611	0.0097906	0.0296924	0.032274	0.0112879	0.200963	0.00219087	0.0998031	0.0102565	0.1455	0.119939	0.0172555	0.00157066	0.0243655
35	0.0542921	0.0703178	0.00730091	0.00662783	0.0132017	0.0306858	0.00766538	0.103232	0.0047071	0.087764	0.0491159	0.0376487	0.000704173	0.0131453	0.0225072	0.119895	0.226549	0.135183	0.000425397	0.00903072
36	0.299074	0.021582	0.000805873	0.00500243	0.00144498	0.00881326	0.00109463	0.00728728	0.00105541	0.00377206	0.00687129	0.00860429	0.00766691	0.0014417	0.00154582	0.103908	0.454528	0.0640713	0.000518996	0.000911331
37	0.045649	0.0046865	0.000350554	0.000540206	0.00684109	0.00315209	0.00620361	0.200503	0.00047934	0.256747	0.045006	0.000867312	0.00298449	0.00397415	0.000852071	0.00598642	0.0298952	0.37551	0.000218814	0.0095533
38	0.0281916	0.00442178	0.000367243	0.00277181	0.00654111	0.000810124	0.000695693	0.31247	0.00421027	0.0410657	0.0108956	0.000416251	0.000236558	0.00118915	0.00253704	0.00167016	0.0116591	0.568344	0.000158551	0.00134839
39	0.293043	0.033269	0.0024957	0.00264827	0.0386278	0.123527	0.00424804	0.0741235	0.00273059	0.0924695	0.0713064	0.00597484	0.00253356	0.00679483	0.00390745	0.0673967	0.091466	0.076774	0.00132135	0.00534265
40	0.0699511	0.0445874	0.000866245	0.000950562	0.156487	0.00928444	0.0101685	0.0490734	0.00262608	0.282803	0.122491	0.00792368	0.00367002	0.00241275	0.0029174	0.0199953	0.0486279	0.0965961	0.00607415	0.0624935
41	0.0204694	0.0173671	0.00256159	0.00106901	0.201675	0.00838211	0.0394675	0.0704794	0.00513314	0.321334	0.0934215	0.00693581	0.000994933	0.00392631	0.0058303	0.0167181	0.0345711	0.0739227	0.00909998	0.0666419
42	0.319935	0.0142583	0.00296309	0.00613701	0.0110385	0.347389	0.0153028	0.0102206	0.00436074	0.0204807	0.00310044	0.0154271	0.00942971	0.00506121	0.00429468	0.107731	0.034417	0.0586396	0.00190529	0.00790805
43	0.290726	0.0256745	0.000689798	0.00501889	0.00149764	0.00644041	0.000845202	0.00888668	0.000946223	0.00438301	0.00807782	0.00682725	0.00521659	0.00111878	0.00130479	0.10171	0.457084	0.072352	0.000441086	0.000759853
44	0.514136	0.0243545	0.000641947	0.00318863	0.000935304	0.0298502	0.000768099	0.0112624	0.00073244	0.00939358	0.00991148	0.00813847	0.00175342	0.000896019	0.00540086	0.128799	0.198413	0.0504952	0.000305898	0.000622743
45	0.171801	0.0098309	0.00477356	0.00085192	0.00642001	0.105943	0.000922844	0.00176255	0.0024315	0.0102112	0.000971413	0.020032	0.0104619	0.00499422	0.00136675	0.583444	0.0418033	0.00708609	0.0140632	0.000828849
46	0.00373554	0.00654409	0.000658984	0.000890648	0.0123688	0.00121305	0.00101721	0.4905	0.00082014	0.19395	0.0476828	0.0010596	0.000615437	0.00122002	0.0105358	0.00285905	0.00276447	0.219074	0.00166602	0.000824983
47	0.0358193	0.00278117	0.00512018	0.0104392	0.00229751	0.851983	0.00827119	0.00817356	0.00951747	0.00916655	0.00545014	0.0147137	0.00356682	0.00506953	0.00531649	0.00866599	0.00380575	0.00551619	0.000589713	0.00373657
48	0.286248	0.0254445	0.000898767	0.00605241	0.00150225	0.00796488	0.000973402	0.00793344	0.00118708	0.00410168	0.00713315	0.00706488	0.00554282	0.00128791	0.00166132	0.113827	0.452285	0.0676099	0.000442573	0.00083915
49	0.219009	0.199006	0.00640743	0.0114679	0.00402836	0.10596	0.00213388	0.0359491	0.0128616	0.0209132	0.0120448	0.0292833	0.00155025	0.00427864	0.00789157	0.175324	0.0651292	0.0716478	0.0028553	0.0122576
50	0.328062	0.0978241	0.00189707	0.00176891	0.0284356	0.0211192	0.00207303	0.0673973	0.00179947	0.0286462	0.0251741	0.00249282	0.00801102	0.00270148	0.0029351	0.0649482	0.190063	0.12229	0.000790096	0.0015704
51	0.197462	0.0108562	0.00429907	0.00108908	0.00877346	0.120342	0.0025314	0.00245176	0.00267941	0.0100253	0.00122217	0.0209471	0.0133882	0.00453774	0.00145666	0.532368	0.0408506	0.0123199	0.0109502	0.00145057
52	0.149441	0.0416363	0.00653792	0.00604244	0.00675131	0.0552398	0.022126	0.024485	0.00778023	0.0176826	0.0163237	0.00821499	0.0838481	0.107735	0.01145	0.113852	0.189204	0.12423	0.00244228	0.00497706
53	0.0429372	0.00360383	0.273911	0.513404	0.00238701	0.00625186	0.0106205	0.0108162	0.00576026	0.0280915	0.00247578	0.0205422	0.00128064	0.0194018	0.0177264	0.0250729	0.00587288	0.00727723	0.00101585	0.00155165
54	0.0672764	0.0352805	0.00146571	0.00379646	0.161508	0.0185615	0.0225174	0.0521664	0.00417809	0.250618	0.119395	0.0173306	0.00280897	0.00861598	0.0048904	0.0379349	0.0559914	0.068075	0.00874858	0.0588414
55	0.239817	0.0166895	0.0352385	0.0155883	0.00786743	0.218271	0.0152244	0.0180973	0.0139327	0.0223984	0.0103508	0.0222429	0.00736881	0.0272609	0.0237287	0.136179	0.129231	0.0311082	0.0038318	0.00557356
56	0.150656	0.0023685	0.00127382	0.0454134	0.00157638	0.00997589	0.00166725	0.0483044	0.014444	0.0479192	0.0019854	0.00935181	0.131707	0.010738	0.00222029	0.0543427	0.13278	0.32305	0.000788653	0.00943696
57	0.345594	0.0115975	0.0014622	0.00230663	0.00997143	0.322914	0.0116855	0.00551189	0.00371852	0.0161786	0.00143935	0.0155109	0.0086102	0.00163309	0.00145867	0.135971	0.0410758	0.0551427	0.000821412	0.00739617
58	0.115847	0.0373591	0.00229911	0.000476561	0.00924622	0.00663354	0.000663896	0.218591	0.000586011	0.0938089	0.0455725	0.000514472	0.00086134	0.00273743	0.00071271	0.00567236	0.0248815	0.432552	0.000208661	0.000775844
59	0.101649	0.00355242	0.00167158	0.00266967	0.00508519	0.00439278	0.0159613	0.197701	0.01445	0.2387	0.0174898	0.0154658	0.00207399	0.00365482	0.0438301	0.0489132	0.0615948	0.188991	0.00193221	0.0302203
60	0.0359355	0.0119673	0.552251	0.200809	0.00124501	0.0311581	0.00725972	0.00748169	0.0183471	0.0023749	0.00131177	0.0131967	0.000723994	0.0195685	0.00320343	0.0780663	0.00653027	0.00695614	0.000522528	0.00109038
61	0.0537342	0.0123549	0.0138057	0.0192503	0.013006	0.0883081	0.0632341	0.0364393	0.0401745	0.0336132	0.0149859	0.0104412	0.0103673	0.03078	0.410462	0.0399532	0.0476857	0.0441783	0.00566945	0.0115564
62	0.028714	0.0166482	0.00106299	0.00140781	0.245912	0.00510977	0.0143339	0.0782406	0.00468729	0.303418	0.0910682	0.0109266	0.00104475	0.00214316	0.0105793	0.0182373	0.0333011	0.0657638	0.0150601	0.052341
63	0.189912	0.000935699	0.0396172	0.0608418	0.00108963	0.0961436	0.0251993	0.00764048	0.0691233	0.0236439	0.00418564	0.0564446	0.000415795	0.0995189	0.0971267	0.13728	0.0718541	0.0179604	0.000266826	0.000799723
64	0.0575003	0.0176388	0.0751318	0.0190494	0.0150616	0.0282209	0.0272916	0.0247012	0.0164208	0.0927719	0.0193602	0.0271487	0.00836576	0.272094	0.0230299	0.0586761	0.163978	0.0352078	0.00510575	0.0132454
65	0.0212521	0.00722848	0.00279757	0.00428278	0.0254807	0.00648307	0.00499386	0.167246	0.0046473	0.248363	0.011709	0.00541146	0.00325711	0.00648843	0.00773082	0.114807	0.101271	0.249465	0.00186201	0.00522296
66	0.196418	0.000792071	0.0414208	0.0622691	0.00112028	0.0926428	0.0253267	0.00741757	0.064424	0.0243917	0.00434314	0.059186	0.000399924	0.0999448	0.0920061	0.139224	0.0714767	0.0160511	0.00024396	0.000901311
67	0.0910897	0.00433536	0.024801	0.0119442	0.0059386	0.00290536	0.00278096	0.00604075	0.0219833	0.0205128	0.00378812	0.00336399	0.655948	0.0189969	0.0339292	0.0469313	0.0172619	0.0231607	0.00246773	0.00181989
68	0.0290127	0.00197897	0.00114666	0.0015662	0.00166663	0.00237509	0.00205084	0.00361571	0.64729	0.00689447	0.00173007	0.0162656	0.00970556	0.0021324	0.137062	0.0250139	0.0700805	0.0382341	0.000746741	0.00143236
69	0.00649047	0.00291188	0.00134049	0.000218359	0.0275118	0.00140012	0.000357699	0.108367	0.000243877	0.692337	0.0203292	0.000286899	0.00014096	0.00640248	0.000361532	0.000699944	0.0106074	0.10888	0.0014683	0.00964478
70	0.00605022	0.00222824	0.00140426	0.00178864	0.46226	0.00248321	0.00203271	0.221351	0.00188313	0.143453	0.00338768	0.00230927	0.00102899	0.00243118	0.00266236	0.00523763	0.00475096	0.130451	0.00106828	0.00173859
71	0.311826	0.08894	0.00120355	0.00165005	0.0301492	0.0235886	0.00194493	0.0528154	0.00184308	0.030871	0.0275928	0.00213245	0.00985361	0.00313572	0.00260719	0.0698583	0.221102	0.1168	0.000557515	0.00152826
72	0.14812	0.100182	0.0693527	0.0173184	0.00292296	0.0335605	0.00290444	0.0693922	0.00287328	0.00599507	0.00323398	0.00343015	0.0438937	0.00505984	0.0039081	0.0801054	0.102512	0.301348	0.00129972	0.00258765
73	0.111397	0.00237898	0.518344	0.0275772	0.0017844	0.00992245	0.00171301	0.00278501	0.0542973	0.0208069	0.00173996	0.0775636	0.0471371	0.00190078	0.03018	0.0621127	0.0220495	0.00423397	0.000715013	0.00136119
74	0.189423	0.026612	0.00976011	0.0320502	0.0150654	0.428746	0.0472348	0.00677472	0.0026617	0.0220629	0.00106654	0.0198748	0.0196208	0.0117241	0.00604437	0.0981359	0.0121744	0.0283076	0.0102205	0.0124403
75	0.0851783	0.0350978	0.00461162	0.00507633	0.0397599	0.00903424	0.0943091	0.0427546	0.00607264	0.0179634	0.00793803	0.00717025	0.00365528	0.00697757	0.0100759	0.0668312	0.122676	0.172402	0.00255902	0.259856
76	0.0143854	0.0109807	0.00981927	0.0184567	0.0686359	0.0212702	0.0736124	0.0693584	0.00336749	0.0862216	0.0195825	0.00200461	0.00966031	0.0811581	0.226956	0.0632705	0.0736499	0.0790844	0.0254007	0.0431249
77	0.00965424	0.00742355	0.00385873	0.00276983	0.328136	0.000794993	0.0137276	0.0102935	0.00207337	0.0383144	0.00663538	0.00306819	0.000361027	0.0133981	0.000729027	0.00548568	0.00450551	0.0210274	0.0555177	0.472226
78	0.0119883	0.00323738	0.00124764	0.000365527	0.0257417	0.00252243	0.00111157	0.11831	0.000428179	0.643893	0.0227826	0.000457969	0.000410084	0.0078253	0.000471844	0.00157682	0.0119944	0.134857	0.00146372	0.00931499
79	0.0133555	0.0156529	0.00454149	0.00285685	0.307213	0.00158911	0.0122856	0.025568	0.00218868	0.0628672	0.0181384	0.00322513	0.000676599	0.0231418	0.00158986	0.00568521	0.0112805	0.0549504	0.0599861	0.373207
80	0.0164385	0.00128388	0.000477756	0.0018774	0.00536707	0.000917892	0.000627309	0.385191	0.0032638	0.0344899	0.00840678	0.000685027	0.000511143	0.000936404	0.0010403	0.00156766	0.00971734	0.526424	0.000281924	0.000495156
81	0.00683216	0.00364796	0.00129719	0.000280252	0.0294649	0.00144924	0.000617022	0.10074	0.000307343	0.696397	0.0248102	0.000348741	0.000188042	0.00652058	0.000778259	0.000939289	0.00998134	0.104448	0.00138692	0.00956573
82	0.00803152	0.00530552	0.00260787	0.00238814	0.45461	0.00150435	0.00887949	0.00707842	0.00332157	0.0345576	0.00619653	0.00253875	0.000695257	0.00770515	0.00162093	0.00693662	0.00423409	0.0170161	0.0298295	0.394942
83	0.0687233	0.0332468	0.00274088	0.00387233	0.00420416	0.0390638	0.00299967	0.00716011	0.00788992	0.0113659	0.00485442	0.0123688	0.00912495	0.0045284	0.0123735	0.575145	0.180264	0.0157211	0.00193553	0.00241747
84	0.0986602	0.0138308	0.00344422	0.00287065	0.00715872	0.0492225	0.00363419	0.00755007	0.00687684	0.0116951	0.004565	0.0308283	0.0395452	0.00711211	0.00590021	0.60899	0.0703476	0.016319	0.00549951	0.00594954
85	0.409029	0.130135	0.00363416	0.00404165	0.00567523	0.123247	0.00535136	0.0326395	0.00476913	0.0107539	0.0062115	0.00580885	0.123607	0.00638751	0.030942	0.0632482	0.0142194	0.0137651	0.00186522	0.00466998
86	0.00684737	0.0139322	0.00137268	0.00177457	0.0668187	0.00277726	0.00218934	0.48285	0.00208265	0.140851	0.151955	0.00397813	0.00109502	0.00233182	0.00414506	0.0154359	0.00978312	0.0838648	0.00426914	0.00164664
87	0.108607	0.034818	0.00213985	0.00174349	0.00912892	0.0057831	0.00134988	0.191682	0.00132622	0.0734878	0.032936	0.000714817	0.00204615	0.00343804	0.00359239	0.00786535	0.0414298	0.475642	0.000343898	0.00192555
88	0.00897115	0.0015058	0.000897314	0.00639545	0.00138194	0.00175141	0.756828	0.00206918	0.00109793	0.0024804	0.00755409	0.0127152	0.000648776	0.155831	0.00730574	0.0136892	0.00852993	0.00336103	0.000532767	0.00645375
89	0.0642005	0.0202037	0.00214583	0.0167931	0.00291627	0.189908	0.0027816	0.00514708	0.0037199	0.00562561	0.00304088	0.0171961	0.00246372	0.00346207	0.087773	0.457682	0.104379	0.00681507	0.00140143	0.00234535
90	0.13553	0.00597527	0.00238158	0.00260069	0.0033283	0.0432297	0.145152	0.0518107	0.00345962	0.00686508	0.005253	0.00331485	0.0247832	0.173486	0.00463501	0.0844225	0.0990272	0.200813	0.00129195	0.00264075
91	0.0771244	0.00401951	0.00529253	0.0248729	0.00428806	0.679396	0.00930266	0.0269409	0.0101919	0.0373715	0.0114009	0.014713	0.00257077	0.0243853	0.0104339	0.019153	0.0160444	0.0166423	0.000840643	0.00501535
92	0.0506502	0.0272843	0.0114398	0.0189546	0.00512935	0.682459	0.0212117	0.00825868	0.0108788	0.0110812	0.00498133	0.0439644	0.0225142	0.00796729	0.00988526	0.0318377	0.0127302	0.0101204	0.0030657	0.00558641
93	0.0711821	0.0328692	0.000614353	0.000905428	0.0100656	0.00832043	0.00655346	0.12187	0.000805849	0.24569	0.138966	0.0075326	0.00632862	0.0111161	0.00160726	0.02832	0.0616207	0.243433	0.000436719	0.00176226
94	0.00649047	0.00291188	0.00134049	0.000218359	0.0275118	0.00140012	0.000357699	0.108367	0.000243877	0.692337	0.0203292	0.000286899	0.00014096	0.00640248	0.000361532	0.000699944	0.0106074	0.10888	0.0014683	0.00964478
95	0.00649047	0.00291188	0.00134049	0.000218359	0.0275118	0.00140012	0.000357699	0.108367	0.000243877	0.692337	0.0203292	0.000286899	0.00014096	0.00640248	0.000361532	0.000699944	0.0106074	0.10888	0.0014683	0.00964478
96	0.026514	0.004317	0.0532926	0.0524998	0.00407109	0.0135674	0.0675132	0.00751763	0.0703751	0.0192349	0.00444426	0.282595	0.00232506	0.105006	0.0134563	0.113743	0.118467	0.0291518	0.00174681	0.0101624
97	0.095709	0.00226388	0.0102024	0.0108057	0.00228668	0.133886	0.0591808	0.056856	0.0488743	0.108461	0.0736026	0.00182674	0.00123735	0.0421891	0.125133	0.0670156	0.031793	0.116031	0.00192238	0.0107245
98	0.00702312	0.00347242	0.00131978	0.000230775	0.0308052	0.00144758	0.000517433	0.106925	0.000294045	0.68761	0.0216934	0.000353888	0.000158768	0.0062824	0.000483689	0.000860098	0.0106615	0.107976	0.00157743	0.0103064
99	0.00960555	0.00147836	0.000995988	0.00696295	0.00143352	0.00175281	0.74647	0.00191733	0.0011263	0.00257224	0.00793723	0.0132474	0.000639326	0.161703	0.00770693	0.0147819	0.00902821	0.0032625	0.00057806	0.00680025
100	0.151379	0.113609	0.00103684	0.0333712	0.0366757	0.0792358	0.0357484	0.016572	0.0080687	0.0964576	0.0863809	0.0564881	0.000817921	0.0284273	0.00901612	0.137694	0.0278099	0.0236719	0.0197439	0.0377955
101	0.0233345	0.00346402	0.484221	0.0378877	0.00311101	0.140434	0.00301219	0.00504713	0.00354892	0.00703523	0.00344138	0.174939	0.00241333	0.00399483	0.00454457	0.0798898	0.00831827	0.00740929	0.00116303	0.00279191
102	0.0462768	0.0070621	0.000346206	0.00111168	0.00936784	0.00504227	0.00784698	0.199537	0.000723785	0.266238	0.054833	0.00168265	0.00314541	0.00593507	0.00164292	0.0102038	0.0313129	0.337267	0.000689254	0.00973617
103	0.0432204	0.00240359	0.0292299	0.0112081	0.00208561	0.171661	0.0667307	0.0214935	0.153043	0.00457081	0.0117037	0.00215389	0.00122316	0.0862851	0.191748	0.0844817	0.0999524	0.0144	0.00082344	0.00158202
104	0.0224248	0.00552423	0.173656	0.123324	0.00149213	0.340342	0.028071	0.00256099	0.0320725	0.00326164	0.00191421	0.0546696	0.000939271	0.0355646	0.0208732	0.0991906	0.0404368	0.0114636	0.000758621	0.00146027
105	0.0357819	0.0126381	0.564314	0.202369	0.00118435	0.0223751	0.00689935	0.00798667	0.0178675	0.00273389	0.00129504	0.0126148	0.00071458	0.0181263	0.00249999	0.0766908	0.00548253	0.00680356	0.000499963	0.00112228
106	0.0187809	0.0237453	0.00129247	0.00154811	0.00204051	0.00280795	0.00330471	0.0705585	0.0625154	0.00428159	0.00240474	0.0589601	0.00128668	0.00216456	0.374208	0.0229687	0.100027	0.243464	0.00078615	0.00285451
107	0.0205697	0.0190525	0.000667094	0.000699065	0.267569	0.00579868	0.0171725	0.0604991	0.00501019	0.303979	0.111005	0.00629046	0.000788471	0.0012439	0.00444897	0.0134943	0.032421	0.0504577	0.0126376	0.0661955
108	0.0200194	0.0188226	0.000668584	0.000699007	0.269057	0.00576966	0.0171874	0.0602321	0.00497489	0.304894	0.110511	0.00624552	0.000757154	0.00122397	0.00445165	0.0134181	0.0320447	0.0499389	0.0127392	0.0663454
109	0.0141162	0.0270499	0.0211484	0.00487263	0.310419	0.0047152	0.028821	0.0258029	0.00346033	0.0265826	0.00763606	0.00467672	0.00218166	0.114625	0.00481308	0.0091873	0.0288227	0.021397	0.058957	0.280716
110	0.00979151	0.00718227	0.00366536	0.00270092	0.325592	0.000837686	0.0140105	0.0102242	0.00218555	0.0377189	0.00655072	0.00302018	0.00035384	0.01298	0.000748153	0.00546591	0.00432698	0.0205048	0.0528177	0.479323
111	0.0805285	0.0269458	0.00651796	0.00304909	0.00247228	0.0337165	0.00352175	0.00861399	0.00598066	0.0168547	0.00321438	0.0162839	0.0089754	0.00512795	0.0115223	0.346828	0.39445	0.0223062	0.0012456	0.00184511
112	0.0920782	0.0241074	0.0118791	0.00236338	0.0022305	0.0291362	0.00456604	0.0152927	0.0103188	0.00801293	0.00277892	0.0389901	0.0194841	0.0076272	0.0215336	0.211134	0.48124	0.014427	0.000974271	0.00182554
113	0.0971379	0.127529	0.00322324	0.00417746	0.00625396	0.00821763	0.00437912	0.0576377	0.0046327	0.0782415	0.00666522	0.00469636	0.0790861	0.0068125	0.00642117	0.0154366	0.36154	0.122359	0.00185156	0.00370135
114	0.164954	0.0116187	0.00468266	0.00127347	0.00593241	0.123465	0.00112947	0.00206271	0.00269989	0.00926266	0.00123944	0.0202546	0.0101314	0.00476638	0.00444474	0.565138	0.0480123	0.00731844	0.0106778	0.000936949
115	0.00901451	0.0160745	0.00207253	0.00274701	0.116199	0.00405812	0.00282654	0.00569472	0.00275085	0.033019	0.0032075	0.00359433	0.00207747	0.00323283	0.0170352	0.00712177	0.00743926	0.00746762	0.725793	0.028575
116	0.0546861	0.016093	0.00325608	0.00232291	0.0173232	0.0125889	0.00260688	0.367523	0.00275539	0.0835569	0.0606182	0.00199376	0.00140442	0.00468016	0.00370047	0.00753236	0.0313407	0.318257	0.00198802	0.00577291
117	0.0571488	0.0250213	0.000815332	0.00190008	0.0137899	0.00770562	0.0068692	0.136301	0.00108406	0.283893	0.110272	0.00520871	0.00444493	0.0141489	0.00237186	0.02317	0.048733	0.250819	0.000889289	0.00541432
118	0.0924038	0.00381895	0.0024904	0.00279912	0.0054369	0.0100584	0.0323946	0.00572709	0.00254759	0.233209	0.161215	0.0205552	0.00325815	0.0975486	0.0183782	0.109167	0.0765373	0.103509	0.00113481	0.0178102
119	0.115254	0.0376057	0.00245443	0.000621834	0.00934751	0.00648396	0.000531076	0.218023	0.000691159	0.0841959	0.0439198	0.000468483	0.000653422	0.00287971	0.0010414	0.00567208	0.0250167	0.444309	0.000192131	0.000638763
120	0.164778	0.00989984	0.00520842	0.000819905	0.00612593	0.11192	0.000924262	0.00162292	0.00228534	0.00991618	0.000904116	0.0201336	0.0104996	0.00532286	0.00155586	0.586188	0.0422371	0.00723232	0.0116683	0.000757171
121	0.333188	0.0115919	0.00127146	0.00274763	0.011132	0.331416	0.0134656	0.00541932	0.00388704	0.0176108	0.000970724	0.0170422	0.00953558	0.00181327	0.00132302	0.136565	0.0360709	0.0557905	0.00104049	0.00811898
122	0.0475128	0.0172181	0.00486814	0.00623567	0.0200877	0.0137643	0.0117616	0.0268442	0.00718219	0.302169	0.147628	0.0437129	0.0370568	0.0230294	0.0415821	0.0378127	0.108919	0.0875097	0.00302802	0.0120779
123	0.0824387	0.0596901	0.00436988	0.00861931	0.0212876	0.0257681	0.0060144	0.0809867	0.00521494	0.0838241	0.0493344	0.0332648	0.000731684	0.016076	0.0187862	0.11903	0.236864	0.136644	0.000283866	0.0107707
124	0.0140343	0.00196473	0.00799026	0.0132446	0.000880231	0.883764	0.0107158	0.00425359	0.015884	0.00391422	0.00306655	0.0180434	0.0042488	0.00243475	0.00829306	0.00187706	0.00136315	0.00203941	0.000265496	0.00172292
125	0.573619	0.0353473	0.000630348	0.00447634	0.000899166	0.0498872	0.000764688	0.011244	0.000989164	0.00994742	0.00727539	0.00347926	0.000426636	0.000900359	0.00667738	0.147626	0.110242	0.0345528	0.00034922	0.000666274
126	0.145399	0.036494	0.00227922	0.00296586	0.00269784	0.0365732	0.0029376	0.0208635	0.0422515	0.00673971	0.00344795	0.00831373	0.0353839	0.0172865	0.0705131	0.249703	0.3028	0.00983956	0.00110996	0.00240049
127	0.0612914	0.0134898	0.000550397	0.000548256	0.0054542	0.00464743	0.00416262	0.202153	0.00054366	0.24252	0.0579432	0.00198871	0.00576802	0.00441958	0.000803457	0.010459	0.0300045	0.347342	0.000268263	0.00564263
128	0.0300717	0.0125834	0.000417612	0.00458568	0.00982581	0.000744732	0.00253672	0.158258	0.00318848	0.0466684	0.0108198	0.000423738	0.000283147	0.00466065	0.0122575	0.00521565	0.0265497	0.663853	0.000210736	0.00684546
129	0.0709586	0.0516549	0.00085008	0.00125882	0.0269799	0.00669127	0.010012	0.0948899	0.00118339	0.25091	0.140749	0.00603489	0.00347547	0.0139722	0.00245819	0.0324362	0.0839448	0.194944	0.000784068	0.00581203
130	0.00728286	0.00468084	0.00239469	0.00208039	0.290386	0.0013514	0.00866306	0.00688263	0.00541869	0.0246772	0.00813195	0.00227901	0.000584708	0.00688595	0.00120836	0.00864347	0.0037944	0.0207365	0.0291557	0.564762
131	0.0287498	0.00910807	0.621222	0.188076	0.00113031	0.0172542	0.00460516	0.00563812	0.0127481	0.00188185	0.00117527	0.0146742	0.000569611	0.0131383	0.00314812	0.0625288	0.00578457	0.00725977	0.000432975	0.000874222
132	0.0171418	0.00196249	0.00762358	0.0139661	0.00118201	0.879112	0.00955983	0.00541477	0.0136443	0.00517851	0.00409721	0.0172671	0.00375826	0.00354715	0.00728303	0.00258393	0.0015864	0.0023669	0.000296947	0.00242766
133	0.124785	0.016734	0.0152168	0.00227224	0.0187978	0.00405053	0.0575273	0.0046913	0.00249372	0.00555481	0.0031012	0.22714	0.00181371	0.00299937	0.00365801	0.490232	0.00800875	0.00738872	0.00115132	0.00238409
134	0.127525	0.00589137	0.0191605	0.00859222	0.00497895	0.00594543	0.00223535	0.00555196	0.0195402	0.0227302	0.00345903	0.00245674	0.639531	0.0101471	0.0308919	0.0463984	0.0165677	0.0248041	0.00187247	0.00172016
135	0.14538	0.0110727	0.00227587	0.0023295	0.0475991	0.0747808	0.00641204	0.0123485	0.00241959	0.25034	0.105916	0.0164914	0.0023728	0.0242335	0.0051991	0.0757843	0.126185	0.0671049	0.000983832	0.0207718
136	0.118357	0.0388335	0.00239338	0.00048461	0.00958034	0.00679921	0.000483062	0.220208	0.00061235	0.0856005	0.0450223	0.000475657	0.000694552	0.0027057	0.000711756	0.00555882	0.0247096	0.436122	0.000202409	0.000445532
137	0.0425458	0.00549047	0.0328659	0.00174784	0.00172569	0.0143791	0.00908974	0.00504085	0.00177129	0.00445449	0.00198652	0.0568916	0.00352892	0.00964437	0.0180173	0.144668	0.639077	0.00513475	0.000676148	0.00126505
138	0.0200018	0.0149372	0.0135006	0.00206922	0.0943681	0.0269156	0.157841	0.10587	0.0127325	0.110924	0.0282412	0.0131746	0.00151916	0.013786	0.013602	0.0402577	0.0445385	0.195213	0.00104224	0.0894661
139	0.0194099	0.0181827	0.00070158	0.000750286	0.27876	0.00567131	0.0167303	0.0587784	0.00486764	0.302409	0.108288	0.00617214	0.000751126	0.00134128	0.00443697	0.0131863	0.031123	0.049149	0.0122978	0.0669941
140	0.0586428	0.00480516	0.00497143	0.0104891	0.00384293	0.762612	0.00949257	0.0132088	0.00749929	0.0235712	0.00951197	0.0150402	0.00373086	0.00951381	0.00580247	0.0192454	0.0127214	0.0187588	0.00101119	0.00552917
141	0.323133	0.0733473	0.00110364	0.0016273	0.0232847	0.0232309	0.00213013	0.0619602	0.00147145	0.0441947	0.0361853	0.00226181	0.00670785	0.00279824	0.00226818	0.0647175	0.203112	0.124397	0.000675051	0.00139388
142	0.159988	0.00893678	0.00390226	0.00452667	0.00578985	0.253265	0.00583222	0.00377022	0.0023418	0.0100985	0.00172249	0.016569	0.00768273	0.00534135	0.012363	0.43273	0.0400505	0.0153405	0.00652531	0.00322409
143	0.100984	0.00271792	0.0198519	0.00849869	0.00447606	0.00158085	0.00147553	0.00364244	0.0207189	0.0171354	0.00281506	0.00150543	0.683957	0.0102086	0.0322089	0.0465763	0.0146735	0.0238537	0.00198971	0.00112933
144	0.187725	0.00700233	0.00383089	0.00451511	0.00528175	0.188055	0.00666976	0.00895963	0.0473874	0.0109981	0.0278201	0.00545328	0.0876987	0.00625694	0.30992	0.0366438	0.0366792	0.0128754	0.00221428	0.00401346
145	0.00967426	0.00744974	0.00386053	0.00276785	0.32828	0.000800615	0.0137365	0.0103146	0.0020636	0.0383081	0.00664449	0.00307112	0.00036103	0.0134378	0.000719666	0.00547532	0.00449819	0.021013	0.0556007	0.471923
146	0.00648791	0.00290689	0.00134013	0.000218121	0.0275878	0.00140202	0.000357798	0.108324	0.00024663	0.692361	0.0203387	0.000288931	0.000145178	0.00639994	0.000363591	0.000698271	0.0106136	0.108795	0.00146938	0.00965527
147	0.12653	0.00210544	0.0952255	0.0514901	0.0102976	0.0633753	0.0523431	0.0132725	0.017649	0.0670802	0.0265357	0.0285071	0.00117158	0.145371	0.0211397	0.178874	0.0791802	0.00639094	0.000775012	0.0126855
148	0.0989786	0.0585911	0.00400031	0.00837324	0.0209645	0.0271691	0.00651296	0.0735887	0.00581851	0.0813909	0.05148	0.028035	0.00130383	0.0155506	0.016829	0.120833	0.239347	0.130542	0.000310501	0.0103811
149	0.00365767	0.00661864	0.000655436	0.000891444	0.0120862	0.0011943	0.00101287	0.489997	0.000818868	0.194563	0.0474452	0.00106752	0.000609114	0.0012453	0.0103817	0.00283225	0.00274435	0.219696	0.0016598	0.000822691
150	0.109548	0.0864577	0.00198844	0.00227383	0.0817327	0.0351601	0.0050209	0.0349929	0.00277469	0.276053	0.10949	0.0178741	0.0142863	0.00414516	0.00526125	0.0281531	0.088009	0.0270351	0.00154254	0.0682011
151	0.0620619	0.0105037	0.0028722	0.00466476	0.00461579	0.0121832	0.00410812	0.033367	0.00818757	0.0531774	0.0324603	0.00538864	0.0605472	0.00597186	0.0115474	0.368637	0.185628	0.122203	0.0011851	0.01069
152	0.386001	0.0264167	0.00237768	0.00389893	0.00334488	0.0694204	0.00259248	0.010322	0.00426047	0.0105082	0.00620283	0.00908427	0.00728887	0.00458678	0.00902785	0.206284	0.198066	0.0361506	0.00231877	0.00184659
153	0.173846	0.0124183	0.00470719	0.011903	0.0176339	0.572789	0.0176216	0.00972525	0.00562837	0.0173298	0.00529063	0.0150315	0.00851389	0.00773107	0.00538788	0.0615668	0.0165213	0.0252183	0.00388408	0.0072526
154	0.584438	0.0221569	0.00169724	0.00679399	0.00280523	0.0332981	0.00181538	0.0123752	0.00202707	0.0126129	0.0179823	0.0049487	0.00167781	0.0180483	0.0101641	0.137733	0.0851118	0.041815	0.00120831	0.00129039
155	0.141213	0.00263637	0.00450353	0.032774	0.00249823	0.00773673	0.00198445	0.0333409	0.0183687	0.0414046	0.00251019	0.00700864	0.265758	0.00940748	0.00850633	0.0555783	0.103281	0.253663	0.00106329	0.00676342
156	0.112914	0.00944873	0.00559141	0.0100031	0.0100404	0.021891	0.0197602	0.0189067	0.00670742	0.267752	0.117059	0.0167059	0.00469588	0.0741706	0.0157781	0.109803	0.0638243	0.0999815	0.00161241	0.0133547
157	0.102347	0.00326772	0.00165219	0.00203688	0.00231628	0.0163273	0.00222651	0.0196289	0.0176573	0.0762713	0.0417292	0.00295761	0.140874	0.00507615	0.0261821	0.317782	0.134255	0.062055	0.000943764	0.0244139
158	0.0453387	0.00448913	0.000327755	0.000553119	0.00668131	0.00309339	0.00624641	0.200492	0.000487686	0.257884	0.044516	0.000868946	0.00302301	0.00392552	0.000842644	0.00592979	0.0299951	0.375629	0.000220223	0.00945638
159	0.0508228	0.0782138	0.0158928	0.00234755	0.0318842	0.00412914	0.113858	0.0329651	0.0167159	0.0918686	0.0611708	0.0323476	0.0162582	0.249663	0.0751929	0.0207941	0.0367043	0.0219843	0.0445071	0.00268005
160	0.00649047	0.00291188	0.00134049	0.000218359	0.0275118	0.00140012	0.000357699	0.108367	0.000243877	0.692337	0.0203292	0.000286899	0.00014096	0.00640248	0.000361532	0.000699944	0.0106074	0.10888	0.0014683	0.00964478
161	0.356963	0.10865	0.0247631	0.00388679	0.0125312	0.0820274	0.00328641	0.030367	0.0018999	0.0396774	0.00257595	0.0684213	0.00144309	0.0128648	0.00314205	0.11457	0.0381866	0.0815826	0.0111557	0.00200496
162	0.0232412	0.00924195	0.00593575	0.00704453	0.00847326	0.0109682	0.00819152	0.0487278	0.00692313	0.0159694	0.00949775	0.183607	0.11513	0.0470703	0.00933732	0.321495	0.0680846	0.0559501	0.00302742	0.0420834
163	0.0289131	0.0199844	0.017976	0.00360586	0.0239681	0.0822012	0.00497427	0.370018	0.00310747	0.0939238	0.0547816	0.00447779	0.0022825	0.021161	0.00494961	0.0112845	0.0894439	0.124802	0.00154257	0.0366019
164	0.136334	0.0283597	0.00215264	0.0020719	0.00428165	0.0396789	0.00181845	0.00558246	0.0166206	0.00720561	0.00335781	0.00821056	0.0212007	0.00459524	0.012534	0.57178	0.120102	0.00873623	0.00356749	0.0018101
165	0.0119168	0.0069365	0.00116085	0.000584876	0.155061	0.00246233	0.00397809	0.110815	0.00158023	0.516333	0.0353789	0.00218131	0.00040574	0.00440749	0.00212536	0.00448596	0.0144312	0.102924	0.00402449	0.0188066
166	0.118143	0.0383771	0.00233741	0.000482079	0.00966702	0.00694067	0.000599143	0.21883	0.000613168	0.0890626	0.0460293	0.000542209	0.000780258	0.00280978	0.000699196	0.00584492	0.0249393	0.432609	0.000204479	0.000489924
167	0.142881	0.00542975	0.00404998	0.00473548	0.00625738	0.384413	0.0195016	0.065498	0.00362049	0.0675671	0.0265017	0.0211879	0.00222495	0.0407757	0.00439961	0.0501801	0.114707	0.0310171	0.00139033	0.00366206
168	0.155141	0.0313778	0.0128701	0.0346056	0.0118023	0.454402	0.0536699	0.00791112	0.00212528	0.0197395	0.00129131	0.0224946	0.0265097	0.0123526	0.00764409	0.0928964	0.0107404	0.0199366	0.0106914	0.0117986
169	0.0955161	0.123244	0.0624218	0.00281246	0.00350606	0.0217166	0.0164093	0.0325796	0.0025799	0.0471805	0.00319812	0.155747	0.00186082	0.00414082	0.00398178	0.192517	0.101743	0.124422	0.0018312	0.00259128
170	0.0515671	0.00770266	0.00721557	0.0486753	0.0147815	0.00154937	0.00942346	0.0153862	0.033338	0.0309573	0.00765602	0.00786835	0.551512	0.0288263	0.0426683	0.0628334	0.0372366	0.0330193	0.00676016	0.00102345
171	0.0582839	0.0485282	0.0078821	0.00910579	0.0120114	0.0257439	0.00493471	0.104456	0.00757815	0.118027	0.057472	0.0369197	0.000763121	0.0101659	0.0174892	0.118935	0.2454	0.102101	0.00041963	0.0137828
172	0.0366468	0.00213928	0.019832	0.0303919	0.00207745	0.0400097	0.0113367	0.0228635	0.020125	0.496198	0.0318486	0.0116369	0.00102942	0.0500237	0.0206933	0.0739462	0.0353864	0.0913344	0.00075527	0.00172589
173	0.10632	0.00358664	0.0245319	0.0127177	0.00467281	0.00306792	0.00226843	0.00464789	0.0197356	0.0172221	0.0038529	0.00200539	0.649917	0.0101731	0.0306004	0.0639232	0.0146441	0.0226466	0.00222704	0.00123863
174	0.0327943	0.0125233	0.000801902	0.008533	0.00975495	0.00226836	0.00310941	0.151065	0.00370165	0.0751934	0.0147321	0.00134704	0.000895133	0.00850981	0.0122437	0.0125986	0.0325525	0.609612	0.000598312	0.00716585
175	0.00556411	0.0109551	0.00131253	0.00143395	0.0530902	0.00261898	0.134536	0.011511	0.0107051	0.0122663	0.00203404	0.00201302	0.000967975	0.0104494	0.157024	0.00403084	0.049693	0.0333813	0.0615861	0.434827
176	0.19682	0.0159753	0.00572819	0.0138014	0.00984295	0.484962	0.0227738	0.00935321	0.0048808	0.0186502	0.00408131	0.023264	0.0115592	0.00997715	0.00526902	0.0986201	0.023139	0.0290438	0.00401097	0.00824734
177	0.106498	0.00656313	0.0133741	0.262459	0.0229006	0.0276284	0.0254614	0.0431509	0.0431079	0.0832971	0.0306243	0.0117029	0.00190094	0.0735614	0.0906003	0.0377324	0.0205888	0.093289	0.00198957	0.00357044
178	0.00867507	0.0911926	0.00164065	0.00254453	0.0127319	0.00398556	0.00302658	0.42135	0.00230609	0.231846	0.110994	0.0168599	0.00155461	0.00378995	0.00367044	0.0228485	0.0316036	0.0258009	0.00117336	0.00240539
179	0.187351	0.0170076	0.00473753	0.00504604	0.00655523	0.0587474	0.0175686	0.0181207	0.00832275	0.0196518	0.0356342	0.00785081	0.0984045	0.124854	0.0115214	0.17053	0.114873	0.083603	0.00214087	0.00747896
180	0.200337	0.229233	0.00163471	0.00721901	0.00228341	0.13957	0.00210566	0.0348526	0.0220705	0.0100612	0.0214579	0.018094	0.00147571	0.00252192	0.0131164	0.128437	0.0763749	0.0668022	0.000876973	0.0214761
181	0.151379	0.113609	0.00103684	0.0333712	0.0366757	0.0792358	0.0357484	0.016572	0.0080687	0.0964576	0.0863809	0.0564881	0.000817921	0.0284273	0.00901612	0.137694	0.0278099	0.0236719	0.0197439	0.0377955
182	0.018064	0.0057507	0.00147024	0.00137636	0.0301897	0.00252549	0.00134145	0.100398	0.00115344	0.659472	0.0289085	0.00137669	0.000877893	0.00678564	0.00251506	0.00374952	0.0141685	0.108049	0.00180296	0.0100245
183	0.138076	0.00714967	0.00359469	0.00962319	0.00648828	0.664286	0.0118219	0.00901924	0.00575868	0.0144282	0.00559645	0.0147522	0.00573331	0.00656665	0.00398346	0.0508837	0.0150093	0.0198818	0.00157179	0.00577526
184	0.0719178	0.0499378	0.000709986	0.00094098	0.0269284	0.00515629	0.0108563	0.0965383	0.000973092	0.240949	0.149919	0.00532032	0.00360472	0.0130248	0.00177348	0.0298733	0.0756897	0.209793	0.000792723	0.00530012
185	0.145157	0.00222635	0.496689	0.0241131	0.00162619	0.00977122	0.00166015	0.00251311	0.0621478	0.0171508	0.00171542	0.0708883	0.0431787	0.00178243	0.0329842	0.0623055	0.0176449	0.004213	0.000778842	0.00145378
186	0.118163	0.0387112	0.00238704	0.000490743	0.00954074	0.00676059	0.000486022	0.219973	0.000614834	0.0855015	0.0448756	0.000470975	0.000695826	0.00271168	0.000740413	0.00554357	0.0247281	0.436954	0.000193981	0.000457942
187	0.184389	0.0125101	0.108776	0.283677	0.00821148	0.00945704	0.0526311	0.0096986	0.0421861	0.00333214	0.00175306	0.0288384	0.000781343	0.133104	0.0655202	0.0176167	0.0107376	0.0178298	0.000698113	0.00825239
188	0.0288456	0.0120078	0.000399145	0.00471689	0.00975909	0.000689721	0.00261912	0.156966	0.00326831	0.0459053	0.0100233	0.000432117	0.000285242	0.00487154	0.0125692	0.00528802	0.02684	0.667351	0.000216626	0.00694643
189	0.00844432	0.0160525	0.0020398	0.00260689	0.120107	0.00392305	0.00274525	0.00504492	0.00260578	0.0324193	0.00308124	0.0034663	0.00195588	0.00328941	0.0167524	0.00666862	0.00712012	0.00764667	0.723468	0.0305626
