689	20
1	0.252145	0.0230574	0.0288759	0.00262221	0.00883073	0.0467478	0.00970681	0.00891965	0.00264882	0.0103495	0.0105865	0.0585791	0.0312799	0.0241099	0.00399673	0.288098	0.152565	0.0279656	0.000240886	0.00867513
2	0.0362471	0.00233341	0.0174265	0.0135344	0.00077146	0.760963	0.00397228	0.00199141	0.00412949	0.00357543	0.00154939	0.0300932	0.00229942	0.00147353	0.0201449	0.0892617	0.00293082	0.00614856	0.000396246	0.000757793
3	0.033587	0.0145472	0.0383342	0.0624772	0.00560766	0.022953	0.0299891	0.011072	0.266895	0.0209415	0.0181366	0.0273883	0.0120059	0.0585045	0.270125	0.0404515	0.0279737	0.0158888	0.0167308	0.00639101
4	0.0178285	0.0779231	0.015415	0.0119304	0.195716	0.0103821	0.0884777	0.017169	0.00668564	0.0863526	0.0138161	0.039759	0.00569548	0.0222121	0.0141713	0.0641054	0.0106095	0.0256429	0.00402989	0.272078
5	0.0761673	0.00611906	0.00345914	0.0058001	0.0103382	0.0161699	0.00153391	0.263123	0.00203554	0.0639351	0.0277784	0.00317937	0.00434831	0.00190844	0.00332816	0.0171366	0.0315622	0.459838	0.000617344	0.00162242
6	0.0133914	0.0248825	0.00432649	0.0107397	0.00156083	0.0228088	0.0308442	0.00626953	0.14259	0.0147191	0.00329882	0.0102084	0.00279848	0.0542133	0.611106	0.023499	0.0104717	0.00406795	0.00570947	0.00249424
7	0.0240196	0.0665426	0.0155028	0.0116012	0.194516	0.0117438	0.0892596	0.0216355	0.00776793	0.0942833	0.0186684	0.0394474	0.00632217	0.017221	0.013189	0.0667275	0.0154568	0.0290727	0.00302267	0.254
8	0.160895	0.0183764	0.0125932	0.0104538	0.0135173	0.0370132	0.0121082	0.0552943	0.0160403	0.0545011	0.0368597	0.0444786	0.0296727	0.0131338	0.0171346	0.210623	0.188507	0.059416	0.00202395	0.00735725
9	0.128647	0.0074256	0.0112083	0.0111276	0.00384171	0.0263058	0.0134907	0.0032975	0.00628565	0.0148829	0.00351318	0.0316006	0.405906	0.0350424	0.00367113	0.206038	0.0695526	0.0144342	0.000404667	0.00332451
10	0.0137795	0.00339279	0.298793	0.51188	0.00202575	0.0264237	0.00409981	0.00477575	0.0238928	0.0027007	0.00170734	0.027109	0.00717391	0.0287142	0.00605884	0.0142328	0.00823616	0.0120995	0.000319953	0.00258459
11	0.0215961	0.0102174	0.0117366	0.064169	0.00437169	0.0131738	0.137004	0.00976342	0.0472981	0.027919	0.00498214	0.033069	0.0237509	0.401096	0.109457	0.0359712	0.0127031	0.0175966	0.00440514	0.00971961
12	0.032917	0.00508378	0.00204631	0.0033422	0.0460439	0.00650663	0.0054227	0.197334	0.00216131	0.298001	0.0779609	0.00418463	0.00531239	0.00366452	0.00306866	0.0205628	0.0282845	0.243854	0.00475863	0.00948984
13	0.00895759	0.0023541	0.338194	0.549239	0.000260922	0.0184952	0.000451391	0.000543256	0.0167646	0.000650947	0.000360781	0.027796	0.000318834	0.0167213	0.000558562	0.00800426	0.00591999	0.00407824	0.000128235	0.000203062
14	0.358045	0.00586133	0.00510418	0.0109164	0.00610545	0.0569828	0.00161554	0.0596584	0.00779876	0.0305806	0.0291968	0.0173968	0.0224024	0.00234067	0.00796749	0.101785	0.133567	0.14034	0.000670237	0.00166535
15	0.024342	0.00592663	0.0022535	0.0060049	0.0570138	0.00594596	0.00936849	0.126992	0.0062107	0.448119	0.0919492	0.00660553	0.00537946	0.0107801	0.00577584	0.0314202	0.0253002	0.110586	0.00601944	0.0140071
16	0.0152984	0.00486112	0.290457	0.503082	0.000534396	0.0254731	0.0037985	0.0038015	0.0296348	0.00335126	0.00266374	0.0324892	0.00916582	0.0259475	0.00888986	0.0200939	0.0093348	0.00884146	0.000287875	0.00199335
17	0.0200951	0.0178973	0.0040352	0.0100425	0.0307506	0.0157568	0.0204675	0.0297051	0.0752207	0.204246	0.0339814	0.011168	0.00674099	0.0321742	0.386199	0.023677	0.0192553	0.0341234	0.0113706	0.0130941
18	0.0500809	0.00478915	0.00351426	0.00372006	0.0440756	0.00856608	0.00901304	0.167795	0.00464121	0.311402	0.0875567	0.00556392	0.00802608	0.00712323	0.00568869	0.0224965	0.0281682	0.215749	0.00475085	0.00728035
19	0.0229118	0.061821	0.0174351	0.00865282	0.203478	0.015747	0.081053	0.0164733	0.00817942	0.0957848	0.0135479	0.0399223	0.00645853	0.0250958	0.0117374	0.0706794	0.0147711	0.0239792	0.00264695	0.259625
20	0.121344	0.0135499	0.0365421	0.0136635	0.00395657	0.0752924	0.0433842	0.0295133	0.0153711	0.013191	0.00914648	0.201278	0.0188554	0.0120177	0.00769966	0.226196	0.109077	0.0304575	0.00113085	0.0183327
21	0.00911921	0.00239753	0.3274	0.563448	0.000240893	0.0180578	0.000420575	0.00045962	0.0170627	0.000630579	0.00031938	0.0248698	0.000335907	0.0172825	0.000501582	0.00759352	0.00574011	0.00379347	0.000133388	0.00019341
22	0.0558938	0.220147	0.0114966	0.0135449	0.0442159	0.0378024	0.0443398	0.0272338	0.0167789	0.0420075	0.0135093	0.0381525	0.0102645	0.0193771	0.0676624	0.144457	0.0411987	0.0305536	0.0434988	0.0778657
23	0.0750738	0.0054966	0.00567985	0.0132746	0.00280585	0.0209451	0.0202448	0.00598541	0.0052972	0.0174618	0.00426464	0.0101269	0.584915	0.0300869	0.00649706	0.143466	0.0296754	0.0158016	0.0011	0.00180121
24	0.0406437	0.0145579	0.0326993	0.0506759	0.00297358	0.0273196	0.0282793	0.0118091	0.28409	0.0134249	0.0172565	0.0298567	0.00620178	0.0504618	0.287675	0.0433909	0.0274017	0.01727	0.0084794	0.00553337
25	0.0659815	0.0054622	0.00685815	0.0121485	0.0076111	0.0154645	0.0206331	0.00965105	0.00427087	0.026618	0.00646824	0.0136006	0.565444	0.032537	0.00998463	0.145692	0.030806	0.0172323	0.00142372	0.00211197
26	0.0422166	0.0256677	0.0030606	0.00313784	0.00725265	0.0293869	0.00252617	0.0303617	0.0101685	0.00791358	0.00444157	0.0822773	0.0129028	0.00497436	0.00989017	0.391433	0.323987	0.00620462	0.000643314	0.00155326
27	0.163262	0.0330606	0.0187791	0.00919733	0.0197476	0.0628303	0.0140927	0.0273423	0.0125562	0.0384615	0.0153878	0.060887	0.0351275	0.013711	0.0205865	0.277227	0.113951	0.042678	0.00748994	0.0136242
28	0.0467742	0.0152348	0.00196363	0.00382205	0.0394337	0.00853251	0.00903712	0.0946029	0.00523623	0.217897	0.1662	0.0106429	0.00477354	0.00225492	0.00229645	0.133287	0.159044	0.0684302	0.00259666	0.00794116
29	0.00374217	0.0110603	0.00144271	0.00649705	0.000718966	0.00942036	0.00348655	0.00381314	0.233397	0.0120071	0.00139749	0.00415585	0.00116423	0.0200257	0.668321	0.00393442	0.0101115	0.00165637	0.00296919	0.000679088
30	0.0120167	0.0254077	0.00422766	0.0105289	0.0054511	0.021324	0.0340714	0.0076511	0.144332	0.0172214	0.00294579	0.0148721	0.00298152	0.0617212	0.579343	0.0274837	0.0119263	0.00572449	0.00458515	0.00618469
31	0.00998465	0.0026378	0.0030514	0.0610435	0.00202825	0.00658893	0.211776	0.00765166	0.00873392	0.0353733	0.00142879	0.0353261	0.00151579	0.518194	0.0373959	0.0177614	0.0048743	0.0136689	0.000954309	0.0200117
32	0.00936271	0.00651853	0.00470657	0.058605	0.00170114	0.00860587	0.185496	0.00616248	0.0265996	0.0258882	0.00129692	0.0361841	0.00290965	0.502135	0.0695844	0.0202444	0.00526419	0.0109665	0.00196694	0.0158012
33	0.0146209	0.00313634	0.000876066	0.00126424	0.0419759	0.00189983	0.00343827	0.213403	0.00132662	0.39923	0.102652	0.00104606	0.00255397	0.0020392	0.00110017	0.00977331	0.0235055	0.166079	0.00424992	0.00582963
34	0.0201012	0.00286959	0.000458903	0.00219849	0.0149024	0.00181809	0.00271112	0.311363	0.0022493	0.188936	0.129057	0.000837854	0.000898678	0.00181458	0.0012546	0.00927102	0.047031	0.255631	0.00121776	0.00537834
35	0.0077083	0.013225	0.00364167	0.00962808	0.000869104	0.0117951	0.00972007	0.00458818	0.230186	0.0116832	0.00329855	0.0072201	0.00175311	0.0280159	0.628533	0.00955614	0.0114603	0.00252176	0.00300176	0.00159466
36	0.00912682	0.00238033	0.327065	0.562668	0.000239244	0.0181063	0.000431213	0.000457002	0.0171942	0.000646121	0.000324402	0.0256268	0.000363851	0.0173384	0.000505676	0.00761453	0.00576169	0.00380785	0.000149222	0.000192627
37	0.106644	0.195675	0.0112442	0.00917186	0.057366	0.0293595	0.0442395	0.0125531	0.00527399	0.0281007	0.00904867	0.0410569	0.0126633	0.00988307	0.0120323	0.190795	0.0528369	0.0209273	0.00359518	0.147533
38	0.0460534	0.00185029	0.0052104	0.0124227	0.00104207	0.00885497	0.0210026	0.00145026	0.00107967	0.0106151	0.000818678	0.00367562	0.691116	0.0301485	0.00308225	0.139061	0.0122284	0.00947869	0.000275833	0.000534119
39	0.0223038	0.00480133	0.000718197	0.00364648	0.0160524	0.00300808	0.00265	0.321792	0.0015917	0.117464	0.0751285	0.00168138	0.00157665	0.00189081	0.00162574	0.0086408	0.0346895	0.376439	0.000476903	0.00382259
40	0.0190214	0.00588261	0.0020463	0.00212647	0.0593337	0.00483931	0.00986153	0.126248	0.00474375	0.473315	0.0902039	0.00542539	0.00553869	0.00893432	0.0133954	0.0202617	0.0190814	0.102899	0.0113188	0.0155235
41	0.346845	0.0471968	0.0115097	0.00127503	0.00659946	0.0451649	0.00199972	0.0057274	0.00167227	0.0186656	0.00395889	0.00967711	0.0098152	0.00670586	0.0119864	0.353792	0.0951454	0.0185659	0.000525832	0.00317156
42	0.0592639	0.0173417	0.0450487	0.0235966	0.00729151	0.0504392	0.180536	0.010925	0.0248592	0.0146522	0.00440597	0.246015	0.0157217	0.0513293	0.0174484	0.154639	0.0413761	0.0109565	0.0013821	0.0227717
43	0.0188795	0.00527141	0.000669335	0.00508992	0.00924059	0.00257543	0.00113651	0.333975	0.000897595	0.0740675	0.0341939	0.000803589	0.000573948	0.000984058	0.00167465	0.00524585	0.0190968	0.483791	0.000304414	0.00152939
44	0.00915298	0.00238805	0.328348	0.561997	0.000236638	0.0181203	0.000454509	0.000489774	0.0170524	0.000633065	0.000318881	0.0252246	0.000329809	0.0172757	0.000509286	0.00758256	0.00579557	0.00378235	0.000116849	0.000191687
45	0.198672	0.00607575	0.00691838	0.0116247	0.00393897	0.0259153	0.00632032	0.00705346	0.0101743	0.0210068	0.00505293	0.0184146	0.292722	0.0236404	0.00429833	0.216426	0.114411	0.0249094	0.000586942	0.00183909
46	0.00352238	0.0111424	0.00113361	0.00588675	0.000747448	0.00931166	0.00269184	0.0037581	0.232747	0.0121056	0.000959017	0.00401343	0.00122152	0.0191009	0.672394	0.00378988	0.0102873	0.00154018	0.00298661	0.000660179
47	0.0216245	0.010738	0.0133479	0.0654562	0.00446994	0.0143041	0.149941	0.00914519	0.03638	0.0278147	0.00358082	0.0354957	0.0263938	0.417562	0.080299	0.0381008	0.0113422	0.0155167	0.00343339	0.0150546
48	0.0219148	0.00451216	0.00141828	0.00178036	0.0462049	0.00433905	0.00484499	0.200279	0.00153255	0.37076	0.100572	0.00386515	0.00396763	0.0031418	0.0022644	0.0186905	0.0299437	0.167984	0.00488229	0.00710234
49	0.0311609	0.0148717	0.0299244	0.060617	0.00339275	0.0267318	0.0271058	0.0132924	0.266145	0.0137926	0.0136593	0.0362546	0.00546998	0.0576921	0.29586	0.0498338	0.0276912	0.0138649	0.00782832	0.0048111
50	0.059435	0.00650589	0.00775732	0.00712842	0.0165798	0.0122852	0.00462207	0.249777	0.00570085	0.107318	0.0436613	0.00717998	0.00564593	0.00719046	0.00417811	0.0268304	0.033635	0.389316	0.00172206	0.003531
51	0.00951954	0.117545	0.00450676	0.00455064	0.0059631	0.00727423	0.00972335	0.0106848	0.0221105	0.0717791	0.00908949	0.00679338	0.0039152	0.00863427	0.0336754	0.0623562	0.00827865	0.0111616	0.588325	0.0041136
52	0.0288388	0.0286613	0.0108947	0.00501183	0.252203	0.00923823	0.0308028	0.0613582	0.00792005	0.17208	0.0381066	0.0215626	0.00739201	0.00975896	0.007704	0.0568344	0.0240834	0.0609346	0.00525724	0.161358
53	0.0278827	0.0107044	0.017243	0.0714603	0.00842681	0.0129406	0.132584	0.0105925	0.0373693	0.0433647	0.00775606	0.032788	0.0174471	0.38182	0.0915522	0.0441016	0.015537	0.0173118	0.00276627	0.016351
54	0.0642993	0.0238056	0.0818351	0.056435	0.0166577	0.0908068	0.0424579	0.0170877	0.0234807	0.0192658	0.0106587	0.180952	0.0159	0.0330899	0.0259268	0.180763	0.069927	0.0209427	0.00131107	0.0243974
55	0.0138741	0.0245631	0.00426137	0.00918046	0.00234537	0.0252805	0.0356646	0.0081445	0.133058	0.0153045	0.00323902	0.0124861	0.00278675	0.0662012	0.588094	0.0276327	0.0103255	0.00771745	0.00536795	0.00447324
56	0.0147945	0.0249405	0.00435323	0.0112528	0.00141056	0.0217741	0.0401919	0.00556806	0.136492	0.0154849	0.00264211	0.0150851	0.00459041	0.0712161	0.576748	0.0315904	0.0104139	0.00479516	0.00478098	0.00187588
57	0.0520862	0.199078	0.0113815	0.0156165	0.0475869	0.0418159	0.0449977	0.025501	0.0202361	0.0399535	0.0135607	0.0394203	0.0114423	0.0267625	0.0764425	0.133326	0.0423555	0.0334846	0.0463048	0.0786473
58	0.0117623	0.0284494	0.00412089	0.0105035	0.00455106	0.0283141	0.033601	0.00539063	0.132026	0.016542	0.00313204	0.0121195	0.0036247	0.0568358	0.591148	0.0270699	0.011872	0.00371599	0.00727417	0.00794645
59	0.00900771	0.00238986	0.334436	0.551054	0.000261998	0.0183534	0.000543486	0.000503556	0.0172109	0.000691566	0.00035451	0.0280089	0.000414466	0.0172145	0.000655203	0.00838136	0.00607227	0.00397665	0.000153158	0.000316944
60	0.0427263	0.0122554	0.0290005	0.0468515	0.00325142	0.0253209	0.0315702	0.0142161	0.291304	0.0150264	0.0182645	0.040205	0.00695368	0.0599262	0.254895	0.051925	0.0295572	0.0168059	0.00427654	0.0056686
61	0.0318428	0.00741309	0.00531354	0.0501054	0.0132348	0.0128256	0.129017	0.0228432	0.0153635	0.0912613	0.0196194	0.0319183	0.0190882	0.392029	0.0508946	0.0372447	0.0216308	0.0298956	0.00418844	0.014271
62	0.00625502	0.0132049	0.00201491	0.00720241	0.000685578	0.010779	0.00476846	0.00386695	0.215248	0.0130258	0.00243275	0.00409345	0.00151021	0.024089	0.669506	0.00531587	0.00979132	0.00218202	0.00323989	0.000788627
63	0.0193595	0.0167836	0.011278	0.0339685	0.00162975	0.0149675	0.035913	0.00790818	0.301391	0.00721198	0.00975754	0.0449295	0.00227514	0.0706313	0.347316	0.0436277	0.0182065	0.00772736	0.00229617	0.00282234
64	0.0167105	0.00453313	0.282749	0.506396	0.00187077	0.0262078	0.00605352	0.0032236	0.0248747	0.00447262	0.0022178	0.0286979	0.00639612	0.0320981	0.00920656	0.0204544	0.0114053	0.00840047	0.000502678	0.00352928
65	0.305235	0.0299643	0.0114547	0.00103872	0.00751049	0.03852	0.00165108	0.00575445	0.000757102	0.0183665	0.00448616	0.0115155	0.0111595	0.0073941	0.007787	0.400593	0.118982	0.0150648	0.000298534	0.00246726
66	0.26656	0.030598	0.0166473	0.00133741	0.0170034	0.049215	0.00344907	0.00976224	0.00135839	0.0202688	0.0100373	0.0163375	0.0156818	0.0126148	0.0063568	0.374871	0.112753	0.0303277	0.000256612	0.00456377
67	0.00772009	0.0402449	0.007094	0.0267605	0.00108894	0.0177506	0.154817	0.00740996	0.0521586	0.0109566	0.00126775	0.0238965	0.00196938	0.234969	0.345134	0.040479	0.00739253	0.00396141	0.0111596	0.00376939
68	0.0163437	0.00377105	0.00143008	0.00122872	0.0528942	0.00278042	0.0048169	0.135139	0.00177985	0.496883	0.109083	0.00260416	0.00300995	0.00240267	0.00176363	0.0188253	0.0231155	0.107332	0.00670341	0.00809359
69	0.00879592	0.00268667	0.00197399	0.0741644	0.00107054	0.00860119	0.189916	0.00627699	0.0117486	0.0301958	0.00147243	0.031846	0.00154326	0.534371	0.0398887	0.0161507	0.00558973	0.018882	0.000954979	0.0138715
70	0.283196	0.0222936	0.0190189	0.00137309	0.00877443	0.0537183	0.00367792	0.00534426	0.000811541	0.0143453	0.00946798	0.0204695	0.0189812	0.0153177	0.00497481	0.353579	0.135347	0.0251938	0.000150279	0.00396589
71	0.0220952	0.0045925	0.00156701	0.00331903	0.0310704	0.00335281	0.00369889	0.236424	0.00196163	0.248025	0.0685902	0.00164313	0.00198474	0.0027253	0.00260855	0.0119682	0.0188942	0.327092	0.00372269	0.00466455
72	0.0654216	0.0251543	0.078261	0.0540027	0.0144844	0.0783626	0.0501695	0.0179655	0.0264093	0.018008	0.00692609	0.174423	0.0204375	0.0411981	0.0364849	0.17759	0.0681783	0.0213386	0.00182621	0.0233584
73	0.0623237	0.0353223	0.00707856	0.018366	0.00236917	0.0350695	0.0481262	0.0123797	0.105297	0.0109755	0.00685239	0.0630136	0.0127798	0.109167	0.275077	0.152626	0.0251539	0.0117534	0.00273474	0.0035341
74	0.0731277	0.0251345	0.0211231	0.0291018	0.00665274	0.0587032	0.0296051	0.0212481	0.145872	0.0206225	0.0143869	0.0732296	0.0367995	0.0401781	0.117675	0.181489	0.0642393	0.0237002	0.010069	0.00704264
75	0.023787	0.00358023	0.00181403	0.0015489	0.053476	0.00452704	0.00523735	0.16377	0.00170257	0.420416	0.0943582	0.00359267	0.00447418	0.00300845	0.00186872	0.0165159	0.0206691	0.16021	0.00648414	0.00895984
76	0.0116158	0.0243579	0.00155883	0.0018341	0.00835116	0.032367	0.00188593	0.0309481	0.0110377	0.0063839	0.00212254	0.099013	0.0113328	0.00455246	0.00956768	0.418263	0.320143	0.00310404	0.000622703	0.000938311
77	0.305755	0.0256964	0.0155581	0.00457072	0.00764967	0.0525474	0.00442069	0.0102516	0.00445241	0.0170284	0.00818675	0.0264731	0.0213042	0.0104971	0.00936042	0.321939	0.115898	0.0340312	0.000603998	0.00377596
78	0.020042	0.00436982	0.00215803	0.00185251	0.0564025	0.00378662	0.00602788	0.141729	0.00355049	0.44139	0.116864	0.00388577	0.00438354	0.00383899	0.00302354	0.0254852	0.0307454	0.114242	0.00681251	0.00941061
79	0.0602067	0.0273231	0.0880776	0.0482963	0.0123396	0.0760264	0.0417021	0.0179485	0.0265962	0.0165052	0.00710804	0.193691	0.0181957	0.0309547	0.025454	0.197787	0.0709466	0.0192875	0.00232384	0.0192297
80	0.0334895	0.0158408	0.0304526	0.0547374	0.0042014	0.0288068	0.0281236	0.012673	0.27006	0.0168082	0.0155523	0.0265593	0.00887715	0.0463056	0.311669	0.0426759	0.0277821	0.0144312	0.00357735	0.00737748
81	0.0136055	0.00284956	0.00105875	0.000939869	0.0464728	0.00224792	0.00396649	0.183626	0.00106132	0.450225	0.0989123	0.00132449	0.00365004	0.00233708	0.00122646	0.0107295	0.0174634	0.146684	0.00559723	0.00602177
82	0.0216454	0.00329689	0.00150402	0.00170207	0.0454317	0.0044518	0.00379948	0.163522	0.000964772	0.464926	0.0947973	0.002523	0.00359736	0.00206663	0.00126963	0.0160015	0.021007	0.136199	0.00546471	0.00583015
83	0.0444731	0.00499601	0.00262625	0.00354494	0.0268452	0.0076406	0.00476429	0.225153	0.00641822	0.221965	0.125743	0.00562008	0.00558785	0.00495309	0.00537774	0.0314001	0.0555764	0.208099	0.00308749	0.0061285
84	0.0172913	0.00403286	0.291285	0.511732	0.00179607	0.0214326	0.0054161	0.00349992	0.0262469	0.00394147	0.00106176	0.0282933	0.00159241	0.0298078	0.00942268	0.0154395	0.010031	0.00935363	0.00503902	0.00328464
85	0.0170962	0.00675565	0.293119	0.416479	0.00113284	0.0299848	0.0133661	0.0028502	0.0291389	0.00335822	0.00118414	0.07443	0.00290462	0.027962	0.00991541	0.0438497	0.0160717	0.00726118	0.000458042	0.00268258
86	0.0747925	0.0211673	0.0351587	0.0192803	0.0287945	0.0586456	0.0294882	0.0865883	0.0198993	0.0523249	0.0272471	0.150865	0.017846	0.0221265	0.0261175	0.164057	0.0877704	0.0590283	0.00265969	0.0161418
87	0.00894832	0.00236085	0.335311	0.554239	0.000243452	0.0181414	0.000434	0.000468261	0.0168133	0.000658861	0.000314321	0.0265743	0.000348354	0.0169645	0.000525795	0.00765815	0.0058279	0.00386301	0.000115408	0.00018946
88	0.0106071	0.0461555	0.0137359	0.0201828	0.00363229	0.0218051	0.150591	0.00932729	0.0505641	0.013347	0.00281341	0.0241843	0.00303235	0.151622	0.398894	0.0470397	0.0101493	0.00477039	0.00947931	0.0080677
89	0.0195852	0.00587311	0.00177036	0.00202195	0.0607577	0.00371422	0.0118333	0.128966	0.00266024	0.469631	0.0920332	0.00510962	0.0057211	0.0135374	0.00363041	0.0222121	0.0197364	0.107715	0.00872644	0.0147659
90	0.226661	0.014048	0.0174451	0.0149665	0.00757198	0.0371549	0.0177567	0.0127325	0.0097112	0.0421015	0.0196613	0.0426498	0.0625014	0.0676691	0.012165	0.214773	0.139076	0.0355384	0.00114571	0.00467004
91	0.0380906	0.0129042	0.0295134	0.0569287	0.00553639	0.021796	0.0284129	0.0168331	0.261708	0.0240476	0.0167967	0.0258442	0.0109476	0.0522082	0.298875	0.0385576	0.0240793	0.0231882	0.00713149	0.0066008
92	0.00831866	0.00290479	0.00225079	0.0626857	0.00108466	0.00589628	0.202813	0.00643735	0.0120021	0.0285052	0.000973064	0.0328501	0.00115758	0.534904	0.0468945	0.0165554	0.00408796	0.0127589	0.00139859	0.0155214
93	0.335551	0.0119001	0.01145	0.00689471	0.00771105	0.0561857	0.0030077	0.0258506	0.00449655	0.020811	0.0192014	0.0204861	0.0218903	0.00865241	0.00680089	0.207138	0.135558	0.0934405	0.000441193	0.0025328
94	0.252731	0.0236662	0.0131979	0.00442532	0.00821691	0.040087	0.0035383	0.0137512	0.00405593	0.0173179	0.00969184	0.0300925	0.0241517	0.0116431	0.00731338	0.33278	0.171529	0.0279807	0.00033203	0.00349803
95	0.00815381	0.00212322	0.00178662	0.0640445	0.000790499	0.00541436	0.203158	0.00643354	0.00993571	0.0291841	0.000997425	0.0327418	0.00113831	0.544382	0.04081	0.0157925	0.00401398	0.0132161	0.00117859	0.0147052
96	0.0154426	0.0035902	0.00136494	0.0016239	0.0578594	0.00296913	0.00510511	0.135852	0.0016871	0.502076	0.10597	0.00224093	0.00348557	0.00280135	0.00267527	0.0154597	0.0177098	0.10577	0.00729072	0.00902617
97	0.318278	0.00717062	0.00786164	0.0105619	0.00656688	0.0559337	0.0024548	0.0551174	0.0064168	0.030516	0.0263889	0.0201621	0.0267831	0.00585385	0.0083017	0.127331	0.141856	0.140077	0.000548123	0.00182111
98	0.00895134	0.163047	0.0106654	0.00749992	0.160724	0.00993962	0.0937258	0.00427352	0.00248578	0.0513365	0.00359687	0.0464425	0.00778042	0.00632197	0.0153126	0.085547	0.00347287	0.0148115	0.00642002	0.297646
99	0.00895775	0.00227899	0.320099	0.565818	0.000288521	0.0180162	0.000417001	0.000496479	0.0194727	0.000702917	0.000341255	0.0245382	0.000322844	0.0191356	0.000685672	0.00777863	0.0058805	0.0039089	0.000116324	0.000744727
100	0.0371008	0.0205546	0.0548377	0.0525112	0.00849811	0.0663973	0.051282	0.0114789	0.0998897	0.0136936	0.00496123	0.171975	0.0135104	0.0667711	0.105282	0.150501	0.0418252	0.013104	0.00396119	0.0118651
101	0.218799	0.0186839	0.0197789	0.00447398	0.00975833	0.0855188	0.0326266	0.00927785	0.00907119	0.0180435	0.0275178	0.0355837	0.0244184	0.0428441	0.010456	0.294876	0.103595	0.0269463	0.00103721	0.00669333
102	0.0160793	0.00371867	0.00117825	0.00194839	0.0524385	0.00261886	0.00631757	0.158904	0.00121633	0.467829	0.0966115	0.0021793	0.00336235	0.00803269	0.00207688	0.0146405	0.0183927	0.128621	0.00581624	0.00801756
103	0.0204352	0.00469967	0.00155348	0.00143269	0.0563291	0.00369279	0.00608867	0.147614	0.00218745	0.424982	0.122099	0.00266224	0.00512767	0.00269774	0.00178444	0.0334284	0.0356561	0.110996	0.00829586	0.00823741
104	0.311356	0.0254319	0.0149738	0.00137544	0.00777798	0.0480916	0.00230297	0.00540017	0.000874114	0.0163801	0.00647329	0.0140157	0.0159649	0.0101901	0.00683831	0.365994	0.120755	0.0225816	0.00015693	0.00306649
105	0.0181001	0.0031886	0.000691174	0.00196719	0.0250414	0.00219144	0.00356319	0.277476	0.00209006	0.251589	0.132641	0.00147551	0.00226559	0.00175869	0.00131355	0.0119969	0.0465698	0.20661	0.00279716	0.00667362
106	0.33704	0.0130943	0.0119376	0.0132899	0.00595488	0.170114	0.00459294	0.0170835	0.00602413	0.0133551	0.00894682	0.0239344	0.030377	0.00805572	0.0113275	0.17359	0.083169	0.064511	0.000986976	0.00261522
107	0.00914295	0.00232451	0.294203	0.557477	0.000372923	0.017421	0.000985985	0.000979478	0.03639	0.00113243	0.000587458	0.0239192	0.000542628	0.0267076	0.00389258	0.00891214	0.00723249	0.00438879	0.000242382	0.00314608
108	0.0114466	0.00521758	0.142234	0.329869	0.00150586	0.0148923	0.0659266	0.00398232	0.0452997	0.0130634	0.00198617	0.0324525	0.00523459	0.236009	0.0419951	0.018958	0.00792217	0.00943376	0.00295097	0.00961926
109	0.300487	0.0178122	0.0132409	0.00684783	0.00610003	0.048306	0.00412301	0.0175703	0.00392197	0.0151732	0.0102843	0.0370222	0.0265489	0.0113265	0.00753408	0.242674	0.17792	0.0490411	0.000275731	0.00379038
110	0.0138693	0.00428178	0.00155605	0.000911831	0.0742377	0.00246646	0.00587492	0.120395	0.00164621	0.512243	0.101624	0.00215754	0.00320388	0.00265755	0.0019986	0.0185376	0.014318	0.0968867	0.00820396	0.0129304
111	0.392123	0.00273329	0.00225647	0.0197763	0.00176846	0.0609948	0.000978904	0.017351	0.00488587	0.010632	0.00331315	0.0255542	0.0242735	0.00274218	0.0107546	0.117483	0.21353	0.0878764	0.000249498	0.000723257
112	0.0201054	0.0027649	0.303969	0.540925	0.00081644	0.0186609	0.00168381	0.00123082	0.0194046	0.00200383	0.000807987	0.025319	0.00268714	0.0224202	0.00185705	0.0191455	0.00818414	0.00666749	0.000348757	0.000998817
113	0.0287289	0.0247909	0.00980956	0.00503057	0.234757	0.0122057	0.0362097	0.0661853	0.00934873	0.181443	0.0432208	0.0276383	0.0119862	0.0103194	0.0141424	0.0548656	0.0300589	0.0606771	0.00312312	0.135459
114	0.0118542	0.00267886	0.000974975	0.000722614	0.0495395	0.00162929	0.00357561	0.152859	0.00081942	0.519784	0.100803	0.000967607	0.00249555	0.00212967	0.00101097	0.00989862	0.0135288	0.112704	0.00624395	0.00578177
115	0.316326	0.0365462	0.0153098	0.00176285	0.00813155	0.0567122	0.00290757	0.00585511	0.00214809	0.0172363	0.00618683	0.0169747	0.0148438	0.0107273	0.010248	0.347403	0.102881	0.023615	0.000318967	0.00386504
116	0.0222151	0.00838933	0.114285	0.289037	0.00202609	0.0162872	0.0267563	0.00771184	0.196454	0.00863181	0.00893401	0.0330985	0.00466258	0.0793504	0.112115	0.0300803	0.0173651	0.0108946	0.00176607	0.00994045
117	0.310293	0.015853	0.0149304	0.0117565	0.0101215	0.0590416	0.00989722	0.0330467	0.0138003	0.0311312	0.0191597	0.0266758	0.0321697	0.0115123	0.0148538	0.195121	0.0988814	0.0838404	0.00187551	0.00603963
118	0.145013	0.0133138	0.0194211	0.0172413	0.00501413	0.030256	0.0174145	0.0292089	0.197646	0.0167033	0.0323529	0.0237544	0.0107777	0.0160942	0.149176	0.07919	0.149648	0.0415743	0.00218619	0.00401342
119	0.0752833	0.0106183	0.0270447	0.0231336	0.00342911	0.556769	0.0113971	0.0110256	0.00847106	0.0101392	0.00551878	0.0429789	0.00710134	0.0101393	0.0291881	0.118994	0.0243411	0.0209306	0.00090157	0.00259549
120	0.166753	0.0180759	0.0131097	0.0110502	0.0112794	0.0384916	0.0100803	0.051094	0.0134962	0.0427424	0.0349261	0.0414234	0.030644	0.0145314	0.015846	0.22137	0.192942	0.0620069	0.00481517	0.0053229
121	0.307128	0.0143184	0.0146587	0.0144264	0.0103932	0.0572581	0.00703979	0.036773	0.0105371	0.0342146	0.0211482	0.0220428	0.0369953	0.0119115	0.011192	0.190446	0.102412	0.0917168	0.000652375	0.00473635
122	0.015955	0.00579331	0.000461024	0.00540509	0.00881179	0.00179053	0.000860969	0.326525	0.000623255	0.0587416	0.0152984	0.000620445	0.000418565	0.000802075	0.0017344	0.00398471	0.011576	0.539635	0.000222177	0.000741139
123	0.00867702	0.00219223	0.342797	0.544744	0.000284931	0.0177335	0.000454591	0.000466274	0.0174886	0.00076579	0.000334362	0.028259	0.000331746	0.0171417	0.000504774	0.0077523	0.00594251	0.00379489	0.000127649	0.000207138
124	0.0137488	0.111485	0.00433544	0.00507076	0.00778366	0.00806953	0.00991773	0.0133434	0.0226912	0.0758203	0.00976263	0.00742256	0.00396737	0.0126477	0.0312744	0.0591017	0.00908083	0.0150532	0.574316	0.00510746
125	0.0168307	0.0056854	0.000558525	0.00529003	0.00806771	0.00208533	0.000854973	0.344055	0.000746249	0.0575262	0.0157762	0.000696457	0.000519474	0.000746426	0.00176205	0.00423291	0.0120546	0.521472	0.000271823	0.00076842
126	0.058626	0.00394405	0.00580188	0.0125762	0.00162673	0.00973229	0.021689	0.00339911	0.00401163	0.0225369	0.00538355	0.0101138	0.606527	0.0459368	0.00543176	0.14194	0.0270378	0.0122193	0.000378641	0.00108815
127	0.0192381	0.00349414	0.000966938	0.00167712	0.0394819	0.00257598	0.00412679	0.227932	0.00184521	0.331383	0.119632	0.00159791	0.00293196	0.00239205	0.00143296	0.0133008	0.0331977	0.180336	0.00507823	0.007379
128	0.0309389	0.00446269	0.00185585	0.00154683	0.0646685	0.00705373	0.00875869	0.156181	0.00186421	0.395018	0.101362	0.00670496	0.0161448	0.00585252	0.00344713	0.0228363	0.024927	0.13001	0.00650898	0.00985873
129	0.0835301	0.0104106	0.0253824	0.0210662	0.00848374	0.551947	0.0085026	0.00926176	0.00730897	0.011013	0.00655072	0.0431563	0.0124713	0.00638486	0.0238131	0.12034	0.0267123	0.0174677	0.00129119	0.0049063
130	0.0538561	0.00976613	0.00604844	0.00998404	0.0388707	0.0162027	0.011478	0.154015	0.0136705	0.239598	0.124385	0.0104158	0.00788714	0.0120664	0.0108648	0.0586694	0.0680691	0.139936	0.00520625	0.0090102
131	0.0369161	0.0147977	0.0229821	0.0460848	0.00274898	0.027807	0.0298605	0.0143283	0.262176	0.0177808	0.01442	0.0325782	0.00780874	0.0630138	0.307156	0.0464596	0.026633	0.0176194	0.00452895	0.00429971
132	0.0769639	0.00498468	0.00954287	0.0158424	0.00542188	0.0174705	0.0198468	0.00822709	0.0043153	0.0198317	0.00544611	0.00927138	0.564584	0.0295842	0.00482185	0.150158	0.0330718	0.0173108	0.000447817	0.00285655
133	0.0863561	0.0097843	0.0283402	0.0276603	0.00482323	0.532561	0.00898912	0.0112005	0.0119575	0.012467	0.00735344	0.0402933	0.0136496	0.00954615	0.0270953	0.115818	0.0279865	0.0200519	0.000770059	0.00329702
134	0.074651	0.00568079	0.00627453	0.0112782	0.00558714	0.0155387	0.0213645	0.00948634	0.00335627	0.0220248	0.00487713	0.0108899	0.57186	0.0286844	0.00439251	0.152264	0.0320933	0.0175393	0.000433846	0.00172396
135	0.00963764	0.00234969	0.384074	0.467743	0.000441107	0.0212712	0.00107094	0.000909268	0.0161871	0.00116593	0.000357132	0.0480803	0.00124545	0.0157136	0.000825729	0.0143088	0.00792397	0.00604974	0.000189221	0.000455387
136	0.272485	0.0230454	0.0141873	0.00511774	0.0103227	0.0442405	0.00437823	0.0140338	0.00420088	0.0211787	0.0110842	0.0277172	0.0393954	0.0132477	0.00783258	0.323297	0.124367	0.0357616	0.000393328	0.003714
137	0.0493884	0.00822649	0.00227882	0.00461892	0.0587352	0.00917889	0.00773185	0.280793	0.0030573	0.0957583	0.0425976	0.0101637	0.00821364	0.00651304	0.00583248	0.030005	0.029074	0.339055	0.000894021	0.00788399
138	0.0729656	0.0112396	0.0218404	0.0174371	0.00408602	0.571296	0.0100639	0.0099689	0.00945727	0.0113116	0.00662903	0.042168	0.00935511	0.00635101	0.0304896	0.114549	0.0275352	0.0179517	0.00169635	0.00360812
139	0.0794465	0.0167375	0.00497566	0.00763507	0.0136055	0.0196173	0.00650152	0.16763	0.00878031	0.0879506	0.0920434	0.0247085	0.0110293	0.00571799	0.00626204	0.127291	0.186686	0.128317	0.000747286	0.00431784
140	0.0177909	0.0061214	0.000402463	0.00557472	0.00897229	0.0019113	0.000575883	0.328902	0.000429429	0.0459612	0.00554715	0.00059551	0.000405808	0.00061232	0.00176857	0.00391213	0.0090846	0.560939	0.000136088	0.000356748
141	0.303886	0.0264601	0.0143519	0.00241013	0.00715732	0.0445874	0.00244792	0.00877512	0.00152629	0.016343	0.00681567	0.0191747	0.018521	0.0106872	0.00706695	0.34824	0.131932	0.0262332	0.000201338	0.00318251
142	0.0157058	0.00571007	0.000581184	0.00531135	0.00838359	0.00213174	0.000884522	0.35193	0.000571524	0.0520825	0.0115113	0.000626108	0.000444282	0.000780834	0.00177192	0.00419914	0.0109161	0.525696	0.000195076	0.000566851
143	0.151506	0.0320813	0.0175351	0.0088856	0.015288	0.0593372	0.0190884	0.0255253	0.0118666	0.0313192	0.0172674	0.0608194	0.0569053	0.017115	0.0236942	0.281804	0.116314	0.0334712	0.00823557	0.0119414
144	0.00730229	0.0502523	0.00781253	0.0204532	0.00123983	0.0203856	0.167538	0.00832197	0.045501	0.0112655	0.00145726	0.0201863	0.00207485	0.179835	0.383316	0.0466174	0.00871691	0.00337684	0.0121705	0.00217711
145	0.0624967	0.0297736	0.0119765	0.00838952	0.00188755	0.364446	0.0178543	0.0123813	0.0349846	0.00723481	0.00338782	0.0875534	0.00439568	0.0122819	0.104329	0.191389	0.0263065	0.0158455	0.000946265	0.00214054
146	0.0678362	0.2489	0.010777	0.00714782	0.00547645	0.167186	0.0132892	0.0231265	0.0108774	0.0129972	0.00580119	0.0406929	0.0090682	0.00838509	0.0311674	0.247023	0.0385593	0.0379332	0.0019416	0.011815
147	0.117934	0.0167327	0.0495037	0.0162583	0.00483638	0.0786861	0.0289396	0.0177393	0.0154841	0.0058237	0.00672803	0.194748	0.0270283	0.0156674	0.00853575	0.25314	0.10193	0.0249985	0.000329622	0.0149567
148	0.0703576	0.00912503	0.0223726	0.0210576	0.00346843	0.598582	0.00814679	0.00716188	0.00853362	0.00913632	0.00452661	0.0389318	0.0119535	0.00845924	0.0266523	0.113188	0.0209481	0.0135561	0.00110444	0.00273841
149	0.0199046	0.00303129	0.000373866	0.00249365	0.00802691	0.00195341	0.00256758	0.338013	0.00208568	0.142306	0.124686	0.000870273	0.000596049	0.00160479	0.00104528	0.00825767	0.049881	0.28738	0.000230484	0.00469354
150	0.337947	0.0124956	0.0107586	0.0135638	0.00539552	0.16232	0.00486943	0.0180386	0.00705096	0.0151761	0.0104527	0.0246007	0.0237605	0.00728093	0.0123809	0.167751	0.0915043	0.0708273	0.000889793	0.00293614
151	0.296936	0.0204875	0.0153234	0.0075703	0.00844183	0.0581878	0.00476816	0.0154114	0.00515656	0.019847	0.0130914	0.0291198	0.0307149	0.0112614	0.00822086	0.282564	0.121154	0.0471471	0.000561001	0.00403599
152	0.0151419	0.0259764	0.00298882	0.0100251	0.00192855	0.021104	0.0326636	0.00672125	0.144983	0.0150283	0.0025079	0.0107138	0.00304089	0.055367	0.602067	0.0236197	0.0115439	0.00594843	0.00696893	0.00166154
153	0.360905	0.00679413	0.00626869	0.00881274	0.00762106	0.0525901	0.00325584	0.0619191	0.0102037	0.0332952	0.0214284	0.0148582	0.0201435	0.00504302	0.0103168	0.104953	0.0945882	0.174141	0.000878684	0.00198352
154	0.00990342	0.132233	0.00344728	0.00387812	0.00799722	0.00730967	0.00720618	0.00951566	0.021135	0.0721433	0.00734727	0.00678431	0.00381516	0.00541454	0.0251854	0.06527	0.00819339	0.00972373	0.582808	0.0106897
155	0.0829841	0.0144425	0.0200571	0.0143369	0.00309723	0.512201	0.0095435	0.00700259	0.00948964	0.00708844	0.0039163	0.0563265	0.00863063	0.00675661	0.0251721	0.164871	0.0380232	0.012903	0.000648077	0.00250936
156	0.0237836	0.00854085	0.00358118	0.00336433	0.059652	0.0060464	0.012622	0.120571	0.00373834	0.446328	0.090695	0.00884113	0.00596159	0.0146076	0.0051231	0.0271017	0.0240517	0.104639	0.0115834	0.0191681
157	0.257136	0.00720307	0.0098991	0.00858205	0.00859052	0.0432457	0.00386865	0.109284	0.00810449	0.0407531	0.0252983	0.0157308	0.0187184	0.00615474	0.00863792	0.0944819	0.0818483	0.249329	0.000784538	0.00234913
158	0.0675212	0.0145992	0.0618517	0.0327346	0.00244868	0.134287	0.0338765	0.0106751	0.0176456	0.00232728	0.000719573	0.243146	0.0156	0.0115704	0.00925288	0.255456	0.0692661	0.00900824	0.000253733	0.00776028
159	0.0142248	0.00462077	0.00138846	0.00129292	0.0602896	0.002983	0.00497256	0.137637	0.00207655	0.484559	0.108785	0.00241614	0.00344168	0.00269078	0.00243993	0.0196159	0.0232846	0.107095	0.00690779	0.00927779
160	0.00909169	0.00238106	0.332232	0.556559	0.000246387	0.0182872	0.000443009	0.000504516	0.0169083	0.000671211	0.000316237	0.0267243	0.00034399	0.0170585	0.000560216	0.00762062	0.00577345	0.00396389	0.000126134	0.000188664
161	0.147359	0.0125803	0.00903726	0.00876149	0.0769912	0.0361066	0.0182035	0.100686	0.00629143	0.110695	0.0407163	0.0254507	0.124751	0.0161534	0.0101946	0.0856447	0.0605637	0.0934081	0.00128796	0.0151174
162	0.181974	0.00639243	0.0147417	0.0125207	0.0123675	0.0490946	0.00365834	0.0942397	0.0108997	0.0717501	0.0846097	0.0249485	0.0226371	0.00199517	0.0030751	0.126816	0.135047	0.138776	0.00161363	0.00284239
163	0.0140459	0.012824	0.00839945	0.0377082	0.00136713	0.0114729	0.0301585	0.00707782	0.282219	0.00783758	0.0076079	0.0153699	0.00186802	0.0628433	0.45775	0.0170791	0.0129901	0.00530121	0.00326638	0.0028141
164	0.0620785	0.00497668	0.00347455	0.00561736	0.00913266	0.0164242	0.00252769	0.270419	0.00253971	0.0571122	0.0214879	0.0025801	0.00254094	0.00274995	0.00354214	0.0108302	0.0241829	0.496293	0.000391763	0.00109844
165	0.357011	0.00541165	0.00719803	0.00828501	0.00734153	0.0505974	0.00187694	0.0624854	0.00757656	0.0386384	0.0454906	0.0145258	0.0155949	0.00350885	0.00463488	0.10794	0.0962417	0.163028	0.000978496	0.00163441
166	0.0130632	0.00312561	0.314969	0.521101	0.000470642	0.0228389	0.00203301	0.00164591	0.0207206	0.00126892	0.000828789	0.0367841	0.00184533	0.0191962	0.0015906	0.0224889	0.00930779	0.00534935	0.000258068	0.00111416
167	0.0159451	0.0055516	0.000509789	0.00502479	0.0100896	0.00184297	0.000977429	0.334894	0.000684197	0.0673047	0.023932	0.000651598	0.000436333	0.000785036	0.00168398	0.00456114	0.0143319	0.509192	0.000364522	0.00123678
168	0.0135927	0.00287203	0.000860827	0.00138846	0.039058	0.00216251	0.00310759	0.184948	0.00120684	0.458272	0.0932486	0.000971417	0.00207811	0.00195106	0.00120731	0.00874706	0.017653	0.156758	0.00469036	0.00522631
169	0.0358889	0.011536	0.0361842	0.0500161	0.00400064	0.0286181	0.023296	0.0166771	0.28236	0.0178188	0.0171143	0.0265986	0.00708923	0.0468684	0.300042	0.03973	0.026724	0.0168181	0.00641162	0.00620734
170	0.0190522	0.00503591	0.427584	0.296444	0.00233711	0.0378802	0.00852389	0.00294099	0.0189176	0.00368274	0.00219442	0.0841336	0.00316589	0.0131051	0.00757602	0.0355636	0.0156214	0.0119602	0.000461833	0.00381899
171	0.00689097	0.0199119	0.00133147	0.00272681	0.000726028	0.0152081	0.00346213	0.00340134	0.144165	0.019022	0.000949427	0.00214537	0.0023063	0.0335595	0.722226	0.00665591	0.00659516	0.0018094	0.0062653	0.000642034
172	0.111401	0.00320867	0.00252425	0.0173522	0.0026734	0.00870159	0.0337381	0.00533549	0.00575579	0.155246	0.0634956	0.0580035	0.144336	0.141056	0.0261844	0.10347	0.0828609	0.0318015	0.000963824	0.00189195
173	0.30336	0.0357707	0.0125943	0.00106225	0.00871655	0.0452676	0.00195573	0.00604315	0.00141858	0.0243323	0.00513525	0.010858	0.0109955	0.00814578	0.0113617	0.387713	0.103552	0.018842	0.00024565	0.00263037
174	0.0123044	0.112993	0.00384963	0.00525034	0.0064059	0.00879871	0.00850093	0.011137	0.0230872	0.0678972	0.00807199	0.00738091	0.0056928	0.00862226	0.034059	0.0599664	0.00896827	0.0111954	0.591092	0.00472649
175	0.00679421	0.0163466	0.0137755	0.00215787	0.315834	0.00324438	0.0341535	0.00849343	0.00879326	0.218724	0.0159058	0.018277	0.0016167	0.0118889	0.00465209	0.0373067	0.00417246	0.0148763	0.00118477	0.261802
176	0.00781861	0.0496607	0.00797165	0.0297323	0.0019321	0.0179373	0.164996	0.00808153	0.0487263	0.00988354	0.00196824	0.0214347	0.00253812	0.193316	0.33904	0.0421249	0.00896427	0.00444291	0.0372354	0.00219629
177	0.00813594	0.00210691	0.379878	0.500217	0.000311597	0.0184719	0.000529664	0.000541482	0.0166797	0.000788308	0.000365958	0.0362604	0.000415248	0.015787	0.000542605	0.00817842	0.0060321	0.00436464	0.000143528	0.00024966
178	0.0621685	0.198281	0.0127742	0.011494	0.0401591	0.037007	0.0426753	0.0258001	0.0178913	0.0420298	0.0145446	0.0311747	0.0132691	0.019886	0.061722	0.14542	0.0494218	0.0290563	0.0819253	0.0632999
179	0.0202029	0.0282065	0.00437794	0.010596	0.00238496	0.0259768	0.0380823	0.0108188	0.122125	0.0164575	0.00355521	0.0128376	0.00420349	0.055834	0.577217	0.0300791	0.0129021	0.0130256	0.00773569	0.00338138
180	0.0358809	0.0471923	0.00949738	0.00613979	0.00218837	0.0269617	0.0336808	0.0152162	0.0625952	0.00475159	0.00208545	0.185076	0.00457395	0.0210225	0.199258	0.275265	0.0466946	0.0183278	0.000837054	0.00275488
181	0.0146493	0.00385035	0.00165759	0.000687111	0.0737979	0.00182486	0.00779659	0.146395	0.000854169	0.438003	0.113851	0.0012427	0.00298425	0.00199418	0.00118845	0.0168403	0.0154628	0.13373	0.0119563	0.0112341
182	0.00914017	0.00239787	0.325901	0.565408	0.000235883	0.0179626	0.000416228	0.000453508	0.0171675	0.000627306	0.000317247	0.0244791	0.000321393	0.0173767	0.000500886	0.00751834	0.00576376	0.00371057	0.000116203	0.000185898
183	0.0153427	0.00604865	0.000378685	0.00572816	0.00827471	0.00179261	0.000538518	0.32869	0.000403198	0.0468202	0.00560363	0.000549497	0.000357399	0.000601296	0.00170208	0.00351729	0.00880829	0.564372	0.000127393	0.000343974
184	0.0147908	0.0036914	0.00132112	0.000926554	0.0631483	0.00162847	0.00608578	0.184939	0.00111285	0.388262	0.118538	0.00106389	0.00243109	0.00187858	0.00118671	0.0140842	0.0209491	0.1542	0.00840382	0.0113578
185	0.0608476	0.0168656	0.0535696	0.0237072	0.00313828	0.105786	0.0494525	0.0114625	0.0196691	0.00476983	0.00179592	0.252812	0.0156033	0.0199463	0.0281396	0.241022	0.072557	0.00987842	0.000305879	0.00867098
186	0.124022	0.00513777	0.00296935	0.00634729	0.00615099	0.0115168	0.00394189	0.15274	0.0285048	0.129046	0.120818	0.00323072	0.00381487	0.0256083	0.0276774	0.0406136	0.0425611	0.263034	0.000617744	0.00164719
187	0.0139174	0.0107808	0.00161066	0.00077644	0.133286	0.00282313	0.0086267	0.132777	0.00140465	0.418071	0.102319	0.00396515	0.00495	0.00328804	0.00240483	0.023422	0.0139209	0.101894	0.00784677	0.0119148
188	0.051842	0.00365274	0.00558971	0.0118486	0.00207131	0.0105433	0.0198137	0.00255863	0.00203675	0.011625	0.00122924	0.00655034	0.645594	0.0290204	0.00323856	0.160778	0.0208671	0.00968864	0.000381828	0.00107019
189	0.410164	0.0085335	0.00497037	0.010318	0.00373318	0.0604764	0.00138334	0.017203	0.00416392	0.0147874	0.00604071	0.0180996	0.0214478	0.0044701	0.00980512	0.161761	0.157321	0.0834472	0.000475965	0.00139911
190	0.343305	0.00523627	0.0109046	0.0384013	0.00349767	0.312699	0.00271514	0.00784809	0.00310033	0.00615356	0.00376718	0.0143853	0.0600517	0.00323037	0.00684199	0.11433	0.0283402	0.0325913	0.000726774	0.00187482
191	0.0375677	0.0245127	0.0188609	0.0090693	0.00775609	0.0463266	0.0115508	0.0244698	0.0119815	0.00631914	0.00222646	0.154599	0.012989	0.00807539	0.0108264	0.374888	0.227988	0.00588883	0.000545142	0.0035587
