265	20
1	0.0571877	0.0181427	0.00545478	0.0432825	0.0115203	0.0183235	0.00656706	0.0515896	0.215893	0.10019	0.0516545	0.034721	0.0197883	0.0759923	0.0784715	0.0530433	0.112293	0.0415718	0.00106643	0.0032471
2	0.00796926	0.00158277	0.000888184	0.00242453	0.0199585	0.00728968	0.00317003	0.151752	0.00108423	0.557586	0.135789	0.00133753	0.00443993	0.00450274	0.00579038	0.00384939	0.00672851	0.0812605	0.000384848	0.00221168
3	0.108074	0.0322465	0.0794506	0.115699	0.0246261	0.0455531	0.0134728	0.0681536	0.0587404	0.0480925	0.0389437	0.0577907	0.0030193	0.0239825	0.0404528	0.0411532	0.0593946	0.0934885	0.0126468	0.0350196
4	0.034554	0.0124571	0.000930639	0.00453468	0.0866427	0.00680137	0.00409882	0.0822062	0.00384078	0.498459	0.104866	0.00189492	0.00291058	0.0134215	0.00379199	0.0253091	0.0317416	0.0678188	0.000866921	0.0128535
5	0.037128	0.00447946	0.000673886	0.00116531	0.0200129	0.00260181	0.00205765	0.488742	0.00923779	0.0548472	0.0526847	0.00154216	0.00499187	0.00106303	0.0074857	0.00902444	0.0441695	0.255868	0.000413263	0.0018108
6	0.00754397	0.00320842	0.723118	0.0303084	0.00371749	0.00960018	0.00508268	0.00730801	0.00478056	0.00735016	0.00424202	0.116184	0.00333504	0.0083318	0.00545382	0.0188093	0.00858464	0.00634667	0.00148096	0.0252136
7	0.0883749	0.00832585	0.0488469	0.0469634	0.0217233	0.00815901	0.0627016	0.0404915	0.0162985	0.0568362	0.0248121	0.15595	0.00659742	0.0222818	0.0276718	0.128664	0.162877	0.045925	0.0175486	0.00895032
8	0.00721116	0.000936713	0.000907743	0.00168675	0.0131634	0.00680683	0.00295047	0.189583	0.00104205	0.509585	0.142229	0.00131455	0.00463245	0.00351242	0.00573941	0.00266884	0.00692244	0.0974976	0.000372649	0.00123746
9	0.0370011	0.00549579	0.050135	0.102501	0.00575323	0.0404398	0.0226761	0.029419	0.212324	0.0117405	0.0221429	0.0800616	0.00638492	0.0925278	0.207578	0.0292604	0.0268582	0.00822228	0.0038896	0.00558963
10	0.0204503	0.0106183	0.014129	0.0185931	0.0148005	0.0179799	0.112523	0.0219215	0.18859	0.0579711	0.0172952	0.038497	0.00973151	0.0849633	0.233066	0.0660423	0.0250516	0.0205575	0.00547431	0.0217444
11	0.0244838	0.0117958	0.000655042	0.00370639	0.0866629	0.00649651	0.00396288	0.0697889	0.00241796	0.570379	0.0982623	0.00116888	0.00298538	0.010826	0.00361948	0.0205708	0.0192771	0.0491427	0.000433908	0.0133645
12	0.0786376	0.0942469	0.0463996	0.032872	0.0147728	0.187224	0.011296	0.0123168	0.00989994	0.0293795	0.00808992	0.0819783	0.00643976	0.0147425	0.03443	0.257247	0.0358898	0.0125949	0.00560796	0.0259348
13	0.0461837	0.0050637	0.000838145	0.00209214	0.0180198	0.00329832	0.00286332	0.446918	0.00940845	0.0636821	0.050639	0.00263506	0.00564197	0.00171861	0.00685226	0.0140636	0.0487813	0.267315	0.000824372	0.00316178
14	0.338647	0.0185564	0.0248965	0.0243576	0.00187113	0.0813114	0.0160267	0.0214011	0.00338039	0.00619321	0.00813092	0.0187387	0.0236433	0.00363209	0.00592315	0.223579	0.12307	0.0407699	0.000514862	0.0153557
15	0.0128216	0.0128462	0.0256956	0.00531926	0.0487418	0.00701793	0.323887	0.0164738	0.00645037	0.0597029	0.00276946	0.0439295	0.00704637	0.0284842	0.00842422	0.0196587	0.025572	0.00729146	0.00251886	0.335349
16	0.0184784	0.0112023	0.023442	0.0162079	0.079096	0.0191589	0.263998	0.0271889	0.0350966	0.0500786	0.00601448	0.0630163	0.0152436	0.0688489	0.0568594	0.0370368	0.0164796	0.0131294	0.00465895	0.174765
17	0.00498666	0.0122898	0.00767768	0.00225231	0.510567	0.0021124	0.0183753	0.0274749	0.00230482	0.0966258	0.0289556	0.0129273	0.0015873	0.00333948	0.00295857	0.0265608	0.0345295	0.0266523	0.0142642	0.163559
18	0.0445009	0.00445871	0.130869	0.247838	0.00222181	0.0382261	0.0280402	0.0172664	0.116171	0.0165269	0.0142184	0.062445	0.00820786	0.101609	0.0684362	0.0411518	0.0283909	0.024357	0.000321841	0.00474411
19	0.0445009	0.00445871	0.130869	0.247838	0.00222181	0.0382261	0.0280402	0.0172664	0.116171	0.0165269	0.0142184	0.062445	0.00820786	0.101609	0.0684362	0.0411518	0.0283909	0.024357	0.000321841	0.00474411
20	0.0127803	0.00761382	0.206992	0.50753	0.0038382	0.00777348	0.0216728	0.00610729	0.0373	0.00505558	0.0020392	0.0484287	0.00159737	0.0674505	0.0143436	0.0138958	0.0160809	0.00413189	0.000505747	0.0148627
21	0.0426675	0.00478539	0.00235379	0.00454539	0.0270749	0.00390655	0.00354428	0.406261	0.0113022	0.0901979	0.0727738	0.0050688	0.00450717	0.00670446	0.00989598	0.0193778	0.0708194	0.206386	0.00254091	0.0052873
22	0.0440419	0.0039735	0.123654	0.219829	0.00307323	0.0402614	0.0272149	0.0192665	0.133832	0.0150868	0.0152997	0.0688982	0.00764215	0.0991634	0.0842684	0.0394881	0.0281865	0.0218973	0.000646332	0.00427716
23	0.132938	0.00800775	0.00226251	0.0126707	0.0225135	0.0101764	0.0112696	0.223234	0.0022627	0.0364244	0.0198239	0.0196384	0.00547522	0.00256433	0.00287615	0.0572803	0.123286	0.287719	0.00113281	0.0184451
24	0.358599	0.0194121	0.0215393	0.0146581	0.0014282	0.0650894	0.00928689	0.0260152	0.00259446	0.00449645	0.00886753	0.0195364	0.0265053	0.0032243	0.00595277	0.233553	0.126719	0.0386615	0.000474324	0.0133868
25	0.0115232	0.00257289	0.00106364	0.00260923	0.0248238	0.0067406	0.00308522	0.151716	0.00270282	0.533205	0.131498	0.00190724	0.00394244	0.00525812	0.00608074	0.00687345	0.011935	0.088431	0.00063984	0.0033926
26	0.044105	0.0588083	0.0180453	0.0404318	0.0190066	0.0650314	0.0386265	0.011409	0.0984037	0.0462011	0.0568769	0.033529	0.011396	0.0710359	0.208793	0.0914483	0.0153352	0.0156072	0.0248631	0.0310463
27	0.0229715	0.01304	0.00145774	0.00339177	0.19067	0.00551585	0.00584064	0.0608779	0.00256291	0.456367	0.0882399	0.00272338	0.00271325	0.0107689	0.00333081	0.024885	0.0226607	0.0475641	0.00220204	0.0322169
28	0.0343893	0.019913	0.0153933	0.0323611	0.0301131	0.0423754	0.0299484	0.0373164	0.187432	0.0515551	0.0339562	0.0375876	0.0105544	0.056693	0.230322	0.0651421	0.0415475	0.0204681	0.00889898	0.0140335
29	0.0357248	0.00405034	0.00181421	0.00382077	0.023356	0.00562284	0.0024754	0.257495	0.00696794	0.320935	0.0939466	0.00400014	0.00550788	0.0066827	0.00753348	0.0169198	0.0427579	0.153606	0.00199286	0.00479049
30	0.0252107	0.0136265	0.000492465	0.00350131	0.093697	0.00570386	0.00413109	0.0679298	0.00249258	0.558005	0.0981767	0.000919937	0.00242933	0.0129142	0.00322333	0.0229518	0.0205813	0.0501214	0.00020667	0.0136853
31	0.0238707	0.00706437	0.0173741	0.0466119	0.00778356	0.0177744	0.0229654	0.0289202	0.197534	0.0196911	0.0243771	0.0638289	0.011517	0.0595115	0.355108	0.0335276	0.0355414	0.0142904	0.00426586	0.00844298
32	0.0325206	0.00585029	0.153431	0.391513	0.00347659	0.0209838	0.0297743	0.0124762	0.06991	0.0146903	0.00768114	0.0496278	0.00491244	0.0929668	0.0361214	0.0263	0.0223398	0.0151399	0.00062303	0.00966116
33	0.0542843	0.00817773	0.0381508	0.0631323	0.0162962	0.0172758	0.176623	0.0148909	0.0502679	0.0260679	0.00795253	0.152086	0.00909109	0.105469	0.0841609	0.054675	0.02831	0.00740895	0.00513433	0.0805453
34	0.0726469	0.0135352	0.0546524	0.0569018	0.00578643	0.438723	0.01122	0.0110792	0.0364057	0.0133455	0.00933263	0.0299531	0.00940922	0.0304648	0.0568861	0.0896951	0.0300012	0.0201881	0.00262761	0.00714623
35	0.00564502	0.0210985	0.0202334	0.00537599	0.187428	0.00435534	0.117882	0.0186818	0.00593366	0.04892	0.00325337	0.0331667	0.00414577	0.0216644	0.00920145	0.0213266	0.0110071	0.008984	0.00889055	0.442806
36	0.0335067	0.0175159	0.0942883	0.0527093	0.0310591	0.0298192	0.196729	0.0084299	0.062024	0.0123822	0.00290278	0.133682	0.031192	0.0435872	0.0515583	0.0642982	0.0203069	0.00473555	0.00502792	0.104246
37	0.111457	0.00864048	0.00104188	0.0103239	0.0223272	0.00720331	0.0100631	0.262022	0.0032224	0.0520471	0.0306385	0.0112638	0.00624125	0.00264726	0.00354876	0.0504204	0.0960156	0.296373	0.00187404	0.0126288
38	0.0677203	0.0290195	0.0253987	0.00721285	0.0060655	0.0117597	0.0231325	0.041464	0.00547719	0.0547929	0.00981366	0.00975977	0.122349	0.0294535	0.00756803	0.381614	0.113976	0.0295454	0.00203231	0.0218446
39	0.157024	0.0320147	0.0320637	0.13385	0.0333821	0.0096457	0.0106772	0.0162857	0.00815439	0.0435737	0.0100712	0.0119977	0.160166	0.107269	0.0118136	0.0755891	0.118576	0.014414	0.00319971	0.0102329
40	0.0574728	0.00630901	0.000710258	0.00308444	0.0184169	0.00451983	0.00437786	0.411804	0.00745696	0.0579855	0.0471165	0.00366323	0.00624057	0.00137637	0.00579952	0.0202735	0.0573401	0.280334	0.000838744	0.00488025
41	0.0349787	0.00230891	0.03164	0.086739	0.0101516	0.0191302	0.0249072	0.0311993	0.23277	0.0184599	0.0305169	0.111522	0.00706177	0.0635052	0.200751	0.0247813	0.0349318	0.00505578	0.00825769	0.0213327
42	0.165307	0.00933079	0.0214175	0.0203453	0.00281851	0.467576	0.00647446	0.0110227	0.00355219	0.00523104	0.00491577	0.0131727	0.0128947	0.00362088	0.0103129	0.134539	0.0697772	0.0299042	0.000758698	0.0070287
43	0.00727127	0.00109848	0.000891542	0.00168181	0.0145272	0.00675023	0.00294732	0.187439	0.00103848	0.511281	0.141916	0.00126239	0.00458041	0.00366408	0.00565892	0.00291918	0.00695863	0.0963138	0.000372073	0.00142845
44	0.0152662	0.0017189	0.000878515	0.00181294	0.0146235	0.00616645	0.00298759	0.221674	0.00225466	0.444561	0.122732	0.00161735	0.0062987	0.00363351	0.00570047	0.00534362	0.0155554	0.12483	0.000467676	0.00187698
45	0.072895	0.102986	0.0504248	0.0531342	0.0166384	0.12212	0.00533877	0.00799606	0.00698761	0.0354874	0.00439807	0.0997685	0.00365038	0.0170692	0.0375979	0.31562	0.026721	0.00755586	0.0018	0.0118106
46	0.0197736	0.00801915	0.000953265	0.00366382	0.0613481	0.00668522	0.00419763	0.0968313	0.00277404	0.56929	0.106234	0.00145809	0.00347751	0.0088491	0.00489785	0.0159099	0.0154728	0.0604254	0.000451608	0.00928774
47	0.00580492	0.0221311	0.0198577	0.00566174	0.164353	0.00488684	0.127675	0.0169759	0.0065172	0.0456628	0.00125217	0.0352388	0.00469742	0.024168	0.010467	0.0213706	0.00888318	0.00775217	0.00783437	0.45881
48	0.0272081	0.00555543	0.160603	0.419718	0.00284361	0.0197455	0.0241096	0.0109759	0.06969	0.0101068	0.00717315	0.0497977	0.00457722	0.0848128	0.0351108	0.0241673	0.0211929	0.0128648	0.000453461	0.00929371
49	0.224514	0.0126761	0.00904184	0.00989283	0.0133827	0.0327819	0.0074767	0.14371	0.00787427	0.0564217	0.0405718	0.0150017	0.0392048	0.00786016	0.0102214	0.103297	0.100812	0.151988	0.00280632	0.0104647
50	0.261234	0.029976	0.0173405	0.012714	0.00368032	0.049155	0.00791439	0.0258639	0.00585312	0.0096753	0.010963	0.0245882	0.0263439	0.00545001	0.00708119	0.289242	0.163356	0.0360142	0.00194166	0.011613
51	0.00611098	0.023749	0.0203663	0.00681315	0.145702	0.00564044	0.137173	0.0158921	0.00655542	0.0412862	0.00132138	0.0402148	0.00526757	0.0246023	0.00971721	0.0213086	0.00950092	0.00747977	0.00713873	0.46416
52	0.0214915	0.0134645	0.00117297	0.00352701	0.121711	0.0053729	0.0110649	0.0709795	0.00267022	0.489372	0.0922587	0.00342693	0.00278351	0.0138603	0.008513	0.0232245	0.0254527	0.0506196	0.00175503	0.0372797
53	0.0881952	0.105959	0.0496906	0.0445829	0.0151122	0.136814	0.00573896	0.00814694	0.00687712	0.0351531	0.00438586	0.097461	0.00372189	0.0153661	0.0428066	0.293369	0.0248766	0.00791427	0.00169632	0.0121322
54	0.066577	0.00487419	0.00570254	0.00899952	0.0163311	0.00677607	0.00276535	0.204203	0.0193589	0.182371	0.0870414	0.0114129	0.00565724	0.0160253	0.0115604	0.0428209	0.0937079	0.196868	0.00694555	0.0100011
55	0.0126479	0.00471074	0.000826946	0.00301567	0.037728	0.00696125	0.00369023	0.128171	0.00171963	0.547971	0.135889	0.0015939	0.00407886	0.00645601	0.0052147	0.00911715	0.0114574	0.0729541	0.000407123	0.00538923
56	0.0300675	0.0180516	0.158591	0.137473	0.0210145	0.0194581	0.156386	0.00857537	0.0516979	0.011429	0.00249592	0.120473	0.0120723	0.053741	0.0378913	0.0518004	0.0176803	0.00519418	0.00347627	0.0824309
57	0.0444153	0.00434302	0.129604	0.244063	0.00232336	0.0388963	0.0278126	0.0174696	0.118615	0.0162714	0.014208	0.0633278	0.00819719	0.101469	0.0709968	0.0409279	0.028182	0.0239898	0.000342201	0.00454556
58	0.197212	0.00837017	0.00488092	0.0115209	0.0246954	0.0150512	0.0105904	0.177358	0.00248428	0.0329124	0.0178019	0.02056	0.00604117	0.00348221	0.00411808	0.0739759	0.119045	0.250058	0.00114595	0.018696
59	0.241137	0.0200793	0.0258912	0.00985698	0.00307445	0.0373018	0.0124682	0.0266276	0.00432719	0.0181412	0.00755503	0.0131892	0.0435456	0.015074	0.00647687	0.342871	0.120881	0.036611	0.00108592	0.0138054
60	0.0272636	0.0108234	0.00195774	0.00827761	0.0765688	0.0103989	0.00622317	0.0693257	0.00508469	0.553651	0.10158	0.00206171	0.00412996	0.0132037	0.00653525	0.0212436	0.0207627	0.0487673	0.00072955	0.011411
61	0.0436456	0.0047264	0.134613	0.255419	0.00228148	0.037296	0.0279853	0.0170229	0.113842	0.0160185	0.013733	0.0619454	0.00805904	0.0997456	0.0659207	0.0402762	0.0281218	0.0237672	0.000320544	0.00526075
62	0.017053	0.0137341	0.00518214	0.0115533	0.105288	0.0126236	0.0810855	0.110957	0.00642009	0.127942	0.0371462	0.0383431	0.0102643	0.0647466	0.051075	0.0309007	0.0583554	0.0791071	0.00677422	0.131449
63	0.0503366	0.0174468	0.00772756	0.0139954	0.00603908	0.0315461	0.0239699	0.0212087	0.00457656	0.0568459	0.0286441	0.023747	0.377112	0.0562909	0.0178137	0.135903	0.0707938	0.0388447	0.00185624	0.0153015
64	0.0186485	0.0141816	0.00552071	0.0112897	0.0862536	0.0132207	0.0705887	0.107817	0.0079865	0.161587	0.0410386	0.0185274	0.010639	0.0329988	0.0815913	0.0533799	0.0484137	0.0435295	0.00691166	0.165876
65	0.0474664	0.0125788	0.042695	0.0424197	0.0199527	0.0244584	0.200938	0.0150401	0.0657874	0.0244321	0.00975728	0.123003	0.0104236	0.0882777	0.0877786	0.0616523	0.0202552	0.00741544	0.00698231	0.0886859
66	0.0403905	0.0538916	0.0198225	0.0375601	0.0222459	0.0580787	0.0401375	0.0126595	0.0985942	0.0513432	0.0557851	0.0324576	0.0108395	0.0675728	0.219435	0.0835154	0.0156819	0.0186883	0.0299301	0.0313709
67	0.0421949	0.0212957	0.0476348	0.0717582	0.0102122	0.0581254	0.0245917	0.020341	0.160306	0.023144	0.029595	0.0513002	0.00897147	0.0730658	0.209258	0.0691394	0.0397823	0.0158255	0.0113325	0.0121253
68	0.0685245	0.00494448	0.00525519	0.00965179	0.0174236	0.00715788	0.00251436	0.192195	0.0177677	0.190664	0.0899766	0.0111102	0.00567486	0.0168986	0.011369	0.0426193	0.0940068	0.196051	0.0073718	0.0088235
69	0.027959	0.00459634	0.00428444	0.0335302	0.00523639	0.0736591	0.0144167	0.0375319	0.00532947	0.0373695	0.0422763	0.0634449	0.285164	0.0880971	0.0710577	0.0762524	0.0499692	0.0683625	0.0017771	0.0096861
70	0.0409527	0.0561735	0.0169164	0.0364502	0.0165026	0.0659927	0.0330048	0.0116024	0.0990228	0.0396425	0.0584434	0.033751	0.0142427	0.0636465	0.223229	0.0934146	0.0204485	0.0151622	0.0340926	0.0273086
71	0.0255565	0.0255248	0.00171002	0.00685385	0.122778	0.00856084	0.0180259	0.0776167	0.00341173	0.398016	0.0760591	0.00578155	0.00447821	0.0243843	0.0142867	0.0360316	0.0296256	0.0650444	0.00433954	0.0519151
72	0.0450144	0.00516036	0.127165	0.237729	0.00276964	0.0378955	0.0281439	0.0181437	0.118783	0.0170092	0.016281	0.0641448	0.00799015	0.0997035	0.07285	0.0414305	0.0297921	0.023898	0.000694723	0.00540104
73	0.339435	0.0170352	0.0249706	0.011656	0.0035345	0.0511103	0.00829431	0.0338119	0.00368103	0.00840086	0.00959397	0.0205165	0.0301541	0.00482884	0.00670158	0.199888	0.150973	0.0630004	0.000714866	0.0116985
74	0.0175793	0.00221048	0.00738566	0.0272652	0.00739071	0.00758934	0.0265663	0.0344891	0.273895	0.0186427	0.0285961	0.0559881	0.0112462	0.0631248	0.317806	0.0296615	0.0493842	0.0157979	0.00158154	0.00380051
75	0.0298669	0.0135541	0.0689874	0.0356345	0.027021	0.0313056	0.157878	0.0118352	0.0577815	0.0269708	0.00961077	0.104949	0.0130846	0.0693202	0.0823236	0.105116	0.0248375	0.00710627	0.0348479	0.0879698
76	0.00582801	0.022178	0.0199094	0.00567753	0.163875	0.00493488	0.127944	0.0169528	0.00654709	0.0454661	0.00125395	0.0353813	0.00469489	0.0242201	0.0104737	0.0215102	0.00893819	0.00774874	0.00781529	0.45865
77	0.0236018	0.0103911	0.000662474	0.00328272	0.0776178	0.00603413	0.00405667	0.126333	0.00247518	0.496921	0.107573	0.00133124	0.00335049	0.0106326	0.00417776	0.0184979	0.0238675	0.0673712	0.000409375	0.0114123
78	0.0258749	0.015367	0.000698702	0.0034624	0.0948784	0.00583919	0.00479106	0.0836373	0.00294555	0.519308	0.096896	0.00132403	0.00272645	0.0135001	0.00386114	0.0248247	0.0230524	0.0613583	0.000487643	0.0151668
79	0.0487881	0.00372438	0.0093203	0.0218055	0.0164922	0.00532238	0.00451109	0.178554	0.0410332	0.216771	0.0965779	0.0161726	0.00600112	0.0343206	0.0308921	0.0370342	0.0606522	0.162682	0.00379666	0.00554871
80	0.0387895	0.00214801	0.0612126	0.134402	0.00444098	0.0339836	0.0231877	0.0275704	0.206777	0.011647	0.0201774	0.0896167	0.00626238	0.0922633	0.17438	0.0255914	0.0282402	0.0100149	0.00285783	0.00643744
81	0.0259941	0.0123685	0.000649409	0.00377503	0.0909131	0.00624059	0.00391509	0.0621772	0.00254031	0.579017	0.0926031	0.00106215	0.00249929	0.0115963	0.00339302	0.0213327	0.0194947	0.047682	0.000269709	0.012477
82	0.345044	0.0275692	0.0179034	0.0145185	0.00453153	0.0623199	0.00733858	0.0294044	0.00523873	0.010557	0.0108671	0.0216139	0.0251807	0.00394211	0.012665	0.218092	0.116011	0.0535434	0.00134469	0.012315
83	0.0683451	0.0224214	0.023729	0.0786926	0.0178957	0.0246493	0.00990026	0.0586452	0.185004	0.0573224	0.0452682	0.0548134	0.0098211	0.0471803	0.0809075	0.0409436	0.103392	0.0551547	0.00406198	0.0118519
84	0.0690573	0.00474946	0.0050486	0.0100467	0.018363	0.0073488	0.00272855	0.186477	0.0168597	0.200878	0.092631	0.0109285	0.00532096	0.0174472	0.011908	0.0409686	0.0954458	0.189039	0.00669217	0.00806214
85	0.0242659	0.00660384	0.330623	0.20909	0.00382139	0.0397812	0.0203674	0.0110128	0.0500852	0.00970256	0.00699669	0.121238	0.00561385	0.0564568	0.031753	0.0263664	0.0176082	0.011503	0.00168082	0.0154304
86	0.00490535	0.0142522	0.00808487	0.0023173	0.491962	0.00222973	0.0230131	0.0257997	0.0022084	0.0902825	0.0264729	0.0144098	0.00171793	0.00431246	0.00336588	0.0281243	0.0324378	0.0247635	0.0144848	0.184856
87	0.047288	0.00813663	0.110601	0.167359	0.00464811	0.031841	0.026319	0.0306757	0.0945393	0.0168454	0.016298	0.15916	0.00761407	0.0771679	0.0537824	0.0609056	0.0441574	0.0335798	0.00191864	0.00716372
88	0.0452309	0.00307322	0.014576	0.0154533	0.0145574	0.00475239	0.00391574	0.221989	0.0463364	0.181796	0.0982825	0.0218907	0.00727496	0.0349368	0.0447058	0.0393564	0.0596414	0.132837	0.00381225	0.00558198
89	0.0639686	0.00433931	0.00562271	0.0102643	0.0163731	0.0065067	0.00289774	0.197968	0.0221922	0.185651	0.0895319	0.0124999	0.00534041	0.0191191	0.0139736	0.0400294	0.0890011	0.200228	0.0063679	0.00812467
90	0.0296789	0.0038791	0.0313904	0.0730383	0.00723673	0.0214975	0.0246504	0.027365	0.239653	0.0226321	0.0201752	0.0602339	0.0090204	0.135463	0.193912	0.0367232	0.0385484	0.0166384	0.00307462	0.00518986
91	0.132373	0.0454873	0.0637379	0.0906262	0.028144	0.0417439	0.0104565	0.0690705	0.0434842	0.0590842	0.048738	0.0408057	0.00333872	0.0157869	0.0542852	0.0793055	0.0518819	0.0769624	0.0107921	0.0338953
92	0.0623084	0.00363809	0.00546018	0.0144619	0.0157916	0.00596115	0.00327031	0.171199	0.0296621	0.190754	0.093259	0.0135465	0.00399521	0.0254909	0.0170921	0.0390782	0.0841374	0.208776	0.0055302	0.00658822
93	0.0140497	0.0101411	0.0259629	0.00446772	0.0434143	0.00652522	0.358674	0.0180927	0.00634713	0.0697931	0.00306282	0.0403998	0.00766823	0.0285627	0.00874089	0.018272	0.0276545	0.00721955	0.00244897	0.298503
94	0.0172244	0.0065155	0.00651547	0.014326	0.0128045	0.0101829	0.0741129	0.0220334	0.210288	0.0675072	0.0163872	0.024762	0.00919664	0.149949	0.243992	0.0461915	0.0278365	0.0287702	0.00324711	0.00815795
95	0.038792	0.00202894	0.0662319	0.12902	0.00400665	0.0398809	0.0233179	0.0284676	0.205708	0.00987107	0.0197438	0.0848862	0.00586812	0.097011	0.175596	0.0261877	0.027605	0.0100978	0.00204893	0.00363013
96	0.0125683	0.00791397	0.197516	0.518775	0.0040705	0.00700639	0.0221592	0.00583375	0.0375582	0.00488047	0.00185351	0.0472165	0.00156538	0.0672566	0.0143144	0.0139532	0.0158229	0.0038365	0.000518597	0.01538
97	0.00733068	0.00099943	0.000885469	0.00169226	0.0136323	0.00682333	0.00293515	0.188962	0.00101444	0.510245	0.141791	0.0012995	0.00464314	0.00356731	0.00568548	0.00277505	0.00700116	0.0970626	0.000359936	0.00129544
98	0.0546116	0.00613387	0.00305647	0.0192028	0.025428	0.00843698	0.0138742	0.031355	0.274217	0.040505	0.0197482	0.0425295	0.00852039	0.0933276	0.168463	0.0658203	0.0713586	0.0483286	0.00107329	0.00400954
99	0.0926139	0.00849218	0.00689032	0.0104222	0.130445	0.0165715	0.0167614	0.0477541	0.0435302	0.0924089	0.0446123	0.0332645	0.0274489	0.00892457	0.0605224	0.131297	0.17427	0.0213921	0.00259	0.029788
100	0.0410604	0.0550674	0.0168017	0.0387929	0.0161215	0.0632506	0.0328316	0.0118098	0.106939	0.0387036	0.0564404	0.0390939	0.0118394	0.0603506	0.225958	0.0941124	0.0215031	0.014024	0.0281869	0.027113
101	0.0192837	0.0206603	0.0108765	0.0108228	0.0471925	0.0123864	0.0236954	0.0375774	0.0111562	0.0302309	0.0114914	0.017039	0.00719906	0.0268977	0.0282863	0.0493917	0.0195182	0.0178041	0.494748	0.103743
102	0.0186239	0.0163481	0.0114653	0.00994147	0.0418924	0.012027	0.0219964	0.0380372	0.0105072	0.0282538	0.0114442	0.0155854	0.00863288	0.0275358	0.0303142	0.0449928	0.0200313	0.0179632	0.511938	0.102469
103	0.0277709	0.0047465	0.00687031	0.0334006	0.0092231	0.00899499	0.0203321	0.0393057	0.291766	0.0269809	0.0342309	0.0626667	0.00928843	0.0573743	0.217463	0.04399	0.0815037	0.0179955	0.00169302	0.00440311
104	0.325793	0.00453274	0.00416433	0.00319853	0.0169681	0.0462911	0.00608424	0.038997	0.00239262	0.0497926	0.00895043	0.00564883	0.00384037	0.00663819	0.00986524	0.162606	0.0826413	0.208053	0.00090671	0.0126348
105	0.0296024	0.0126569	0.0140478	0.0359091	0.0120789	0.0246411	0.0268886	0.033766	0.118388	0.0332768	0.0278991	0.0419938	0.0580981	0.0539633	0.349583	0.0487942	0.0352162	0.0238303	0.00571279	0.0136538
106	0.00727502	0.00314954	0.733016	0.0283808	0.00356618	0.00917411	0.00415034	0.00721299	0.00400072	0.00726823	0.00417844	0.114476	0.00312986	0.00770657	0.00503854	0.0181359	0.00759312	0.00616393	0.00144247	0.0249407
107	0.0413191	0.0146212	0.0741201	0.135068	0.00713793	0.0532621	0.0387878	0.0219635	0.134932	0.0208914	0.0232506	0.0634498	0.00784564	0.0976998	0.156679	0.0479734	0.0246229	0.017224	0.00650942	0.0126427
108	0.0625299	0.011422	0.0058043	0.00773866	0.0136214	0.00854477	0.00848863	0.251128	0.0113866	0.176587	0.0392944	0.00988087	0.0836809	0.0120746	0.0130911	0.046477	0.0624499	0.163735	0.00367655	0.0083892
109	0.0558845	0.00387743	0.00463612	0.0155148	0.0129735	0.00580389	0.00649158	0.150873	0.0366347	0.175158	0.082333	0.0130894	0.00409791	0.0273753	0.0200189	0.0361594	0.0811644	0.256848	0.00462389	0.00644134
110	0.0460008	0.00630589	0.123874	0.248717	0.00459231	0.0384283	0.0299143	0.0209164	0.110025	0.0177257	0.0148219	0.0611802	0.00797896	0.0933632	0.0644297	0.0417854	0.0300872	0.0303394	0.00115819	0.00835543
111	0.0663843	0.193509	0.00599249	0.0064652	0.040807	0.0264423	0.00607744	0.0527487	0.00635663	0.0543722	0.0318415	0.0516481	0.00997334	0.00604202	0.00672527	0.217469	0.0605051	0.0459556	0.0459271	0.0647585
112	0.00593317	0.0220256	0.0196306	0.00548992	0.174513	0.00459171	0.123316	0.0170803	0.00621443	0.0473149	0.00195137	0.0342811	0.00433826	0.022997	0.0098369	0.0212914	0.00989802	0.0081748	0.00804214	0.45308
113	0.00893143	0.00988773	0.00675286	0.00396589	0.389082	0.00455405	0.0299887	0.0509615	0.00397642	0.0897043	0.0697818	0.0134613	0.00433213	0.00812637	0.00935934	0.024261	0.0769842	0.0452955	0.0194025	0.131191
114	0.0518973	0.206371	0.00308949	0.00853509	0.133929	0.0192897	0.00878562	0.0592868	0.00328377	0.103701	0.0121871	0.00925351	0.0107561	0.00815494	0.00595557	0.164979	0.0248509	0.0453444	0.0301783	0.0901711
115	0.362042	0.0199149	0.0182933	0.0123369	0.00174312	0.0631017	0.00682831	0.0325537	0.00256045	0.00524646	0.0113201	0.0219008	0.0291067	0.00245508	0.00593502	0.223537	0.127053	0.0420979	0.000411296	0.0115625
116	0.0695207	0.00443299	0.00542401	0.00984547	0.0174373	0.00735711	0.00255683	0.184122	0.0177996	0.196116	0.0934837	0.0128099	0.00525402	0.0178281	0.0117397	0.0418285	0.096308	0.19098	0.006944	0.00821163
117	0.311424	0.0256563	0.0165463	0.0205978	0.00292518	0.127287	0.0082304	0.0218646	0.00897743	0.00860348	0.00913163	0.0203575	0.0232471	0.0036892	0.00786441	0.204107	0.112835	0.0545585	0.00107759	0.0110196
118	0.0748252	0.00793288	0.00421851	0.0112186	0.0190301	0.00670834	0.0036634	0.208381	0.013485	0.1596	0.0759905	0.00969668	0.00632344	0.0141694	0.0102804	0.0472835	0.089136	0.219459	0.00793969	0.0106587
119	0.0621426	0.120541	0.00709871	0.0536869	0.0980842	0.026994	0.0449823	0.0631097	0.00646511	0.110953	0.0102159	0.0108701	0.00808105	0.0352647	0.0180857	0.0829766	0.0434273	0.0594078	0.00691123	0.130703
120	0.0308967	0.00789608	0.0452029	0.0990403	0.00700473	0.0250198	0.0262575	0.024899	0.143708	0.0192784	0.0215086	0.058397	0.0132797	0.0660613	0.319339	0.0329685	0.0294143	0.0150578	0.00479905	0.00997209
121	0.0194601	0.00275587	0.0209671	0.0341188	0.00770614	0.004173	0.005708	0.202281	0.0962619	0.148231	0.0642527	0.0328517	0.00690721	0.0600992	0.0750064	0.0394658	0.0299137	0.145155	0.00124157	0.00344441
122	0.116618	0.0427042	0.0753376	0.103004	0.026818	0.045361	0.0111903	0.0776806	0.0473288	0.0531485	0.0495316	0.0491479	0.00257509	0.0174536	0.0484581	0.0460802	0.0567021	0.0836344	0.0133783	0.0338473
123	0.0265816	0.0137021	0.000504695	0.00353469	0.0933298	0.0059202	0.00433633	0.0747298	0.00246222	0.537199	0.101843	0.000944857	0.00263886	0.0136871	0.00313129	0.0237221	0.0228387	0.0551038	0.000203614	0.0135866
124	0.384041	0.016987	0.0169485	0.0115744	0.00376673	0.0607516	0.00679371	0.0312445	0.0024768	0.00908756	0.00973645	0.0186596	0.0226613	0.0025774	0.00621985	0.199983	0.123895	0.060595	0.000454427	0.0115461
125	0.0195585	0.00254866	0.0116094	0.0358808	0.00688834	0.0120756	0.0262002	0.0356729	0.289745	0.0178755	0.0250723	0.0597438	0.0116942	0.0746684	0.278814	0.0293179	0.0440811	0.0121751	0.00228081	0.00409776
126	0.0839779	0.00817731	0.00252384	0.00801841	0.0182842	0.00625975	0.00561559	0.260873	0.00880346	0.113311	0.0552048	0.00849726	0.0087952	0.0077534	0.00670778	0.0419461	0.0852856	0.254628	0.00447818	0.0108583
127	0.360444	0.0218493	0.0182188	0.0125906	0.00147652	0.062604	0.00704915	0.0316888	0.00272876	0.00394045	0.0120344	0.025029	0.0256912	0.00272508	0.0060642	0.2274	0.127044	0.0385262	0.000488402	0.0124074
128	0.0232017	0.0123367	0.000501629	0.0032174	0.0884768	0.00554212	0.00392773	0.0793679	0.00236156	0.550815	0.104894	0.000933223	0.00233841	0.0114308	0.00322592	0.0205715	0.0194603	0.0545853	0.00022818	0.0125837
129	0.0407497	0.00471608	0.000758225	0.00128975	0.0180512	0.00275562	0.00235702	0.470815	0.01003	0.0592921	0.0510239	0.00191603	0.00533908	0.00116526	0.00737422	0.0106986	0.045515	0.263226	0.000545324	0.00238195
130	0.167759	0.0166519	0.00735424	0.0122192	0.0238583	0.0428661	0.0299435	0.0588949	0.0072686	0.0947567	0.0126516	0.00962175	0.0158635	0.0481542	0.0142223	0.155841	0.0782828	0.152529	0.00287151	0.0483904
131	0.0919172	0.00721867	0.000930236	0.00648515	0.0178279	0.00599273	0.00944889	0.308314	0.00473576	0.062859	0.0385908	0.00852068	0.00819018	0.00269859	0.00402586	0.0393074	0.0813354	0.289876	0.00156644	0.0101592
132	0.00741807	0.000996056	0.000905742	0.00168291	0.0134556	0.00681712	0.00291122	0.188983	0.00106541	0.509331	0.141958	0.00132973	0.00459902	0.00359874	0.00572651	0.00284725	0.00722069	0.0974663	0.000377025	0.00131072
133	0.00910787	0.00364006	0.711217	0.0366936	0.00362306	0.0106413	0.00489835	0.00760737	0.00842785	0.00792318	0.00506343	0.109142	0.00336543	0.0113608	0.00758687	0.019172	0.00850617	0.00681691	0.00155868	0.0236484
134	0.00857352	0.00369454	0.71057	0.0386144	0.00396592	0.0108876	0.00512803	0.00765182	0.00738283	0.00874167	0.00470585	0.107731	0.00332901	0.00994622	0.00765278	0.0191415	0.0092514	0.00712398	0.00160361	0.0243043
135	0.0369175	0.00437315	0.000683496	0.00111238	0.0203846	0.00264782	0.00201692	0.490892	0.00914906	0.0546152	0.0532098	0.00157329	0.00494662	0.00105827	0.00751459	0.0088122	0.044244	0.253662	0.000370464	0.00181686
136	0.00537501	0.0170544	0.0135739	0.0039227	0.335478	0.00280494	0.0662876	0.0223271	0.0039918	0.0699279	0.0148607	0.0233652	0.00272161	0.0128518	0.00651797	0.0237178	0.0219602	0.0170596	0.0114761	0.324726
137	0.0076358	0.00364409	0.711703	0.0303252	0.00927978	0.00872337	0.008463	0.00757151	0.00526907	0.0086006	0.00437242	0.108553	0.0031857	0.00873279	0.00572917	0.0182205	0.00823728	0.00629604	0.00163838	0.0338192
138	0.0371281	0.00448991	0.000676599	0.00117477	0.0203167	0.00262015	0.00204942	0.488307	0.00919144	0.0551464	0.0526167	0.00152277	0.00500608	0.00108571	0.00753411	0.00901833	0.0441894	0.255718	0.000408779	0.00180018
139	0.0121213	0.0330313	0.0211318	0.00914951	0.0798138	0.0196229	0.227677	0.020586	0.0210468	0.0381195	0.00379272	0.0384692	0.00949864	0.0385229	0.0183008	0.0241771	0.0139809	0.0216252	0.00413564	0.345197
140	0.152842	0.00943065	0.0179588	0.0141971	0.00329544	0.517622	0.00422114	0.0103572	0.00339509	0.00630305	0.00490921	0.010988	0.0124357	0.00400066	0.0123209	0.128684	0.0536571	0.0267146	0.000856229	0.00581122
141	0.0414649	0.0127458	0.00741353	0.0248679	0.0238473	0.0136334	0.00651487	0.0215995	0.0127582	0.012926	0.0248925	0.0492935	0.0153918	0.00712571	0.0142137	0.179392	0.511312	0.0121437	0.002089	0.00637471
142	0.0212849	0.00765773	0.00917757	0.025488	0.0373082	0.0100214	0.0282548	0.155565	0.0216059	0.313547	0.125192	0.0103924	0.0542694	0.0558685	0.0369547	0.0225047	0.0166517	0.0358134	0.00264112	0.00980207
143	0.0129219	0.00796255	0.198518	0.513613	0.00407454	0.00729989	0.0224491	0.00590035	0.0384557	0.00494178	0.00190755	0.0478926	0.00163844	0.0675262	0.014692	0.014307	0.015947	0.00400516	0.000525146	0.0154217
144	0.0138858	0.00773699	0.197272	0.505024	0.00404455	0.00828519	0.0220158	0.00636967	0.0407571	0.00549636	0.00245263	0.0477791	0.00190347	0.0684354	0.0165624	0.0152685	0.0163703	0.0049191	0.000493884	0.0149276
145	0.0201871	0.00851413	0.00338227	0.00664999	0.0343221	0.00745855	0.0115091	0.132314	0.0145917	0.479986	0.100027	0.00749928	0.00801206	0.0162843	0.0295211	0.0173147	0.0199182	0.0683321	0.00189798	0.0122788
146	0.0596871	0.00867969	0.0142013	0.0863456	0.0100158	0.0366228	0.0370594	0.114678	0.055748	0.0278308	0.0123666	0.0160044	0.00814556	0.16698	0.066605	0.0798053	0.0512629	0.133348	0.0033126	0.0113015
147	0.0826707	0.0697991	0.00565752	0.0112754	0.0155387	0.00986383	0.0542042	0.152559	0.0297414	0.258762	0.0143247	0.00928092	0.0326542	0.0561073	0.0562549	0.0427216	0.0387754	0.0430333	0.00366075	0.0131146
148	0.00570947	0.0169189	0.0100346	0.00323778	0.447338	0.00273034	0.0381075	0.025685	0.00289447	0.082947	0.0233871	0.0174581	0.00228577	0.00731604	0.00501095	0.0276068	0.0286598	0.0226634	0.0131207	0.216888
149	0.0450467	0.0153436	0.0122628	0.0211653	0.0191042	0.0165632	0.0135919	0.0550963	0.0223308	0.0248993	0.0244525	0.0656015	0.045765	0.0126269	0.0190722	0.122721	0.417826	0.0325706	0.00344452	0.0105159
150	0.044177	0.00449024	0.134069	0.243847	0.00223201	0.0382832	0.0283285	0.0171473	0.115728	0.0165557	0.0142764	0.0640957	0.00819304	0.10122	0.0686484	0.0412281	0.0284284	0.0241065	0.000328897	0.00461599
151	0.164637	0.00697123	0.00234506	0.00676099	0.0188262	0.0110633	0.00783291	0.248746	0.00512482	0.053105	0.0366421	0.00911449	0.00658401	0.00343641	0.00517039	0.0464702	0.0821408	0.274273	0.0013174	0.00943867
152	0.035835	0.004287	0.000676425	0.0011528	0.0213728	0.00258286	0.00195071	0.496526	0.00890527	0.053435	0.0538313	0.00149875	0.00480315	0.00108233	0.00755416	0.00831172	0.0442291	0.249972	0.000316842	0.0016772
153	0.044286	0.00485913	0.129857	0.240595	0.00224579	0.0384173	0.0288058	0.0173546	0.114867	0.0188298	0.0147475	0.0614152	0.00855264	0.103174	0.0695691	0.042466	0.0297483	0.0251615	0.000340798	0.00470889
154	0.0243575	0.0121543	0.000596594	0.00380717	0.0922744	0.00612627	0.00429969	0.063121	0.00236429	0.575369	0.0946013	0.00112243	0.00248746	0.0114129	0.00364765	0.020953	0.0198358	0.046328	0.000402226	0.0147391
155	0.069908	0.0248331	0.00758014	0.00954627	0.00778525	0.029565	0.0202545	0.0232544	0.00604645	0.0720601	0.0301006	0.017147	0.364615	0.0357211	0.0134914	0.138777	0.0658972	0.0487291	0.00206854	0.0126195
156	0.0210826	0.0115825	0.199221	0.379416	0.00629292	0.0164469	0.0297987	0.00944081	0.0668775	0.00764127	0.00465447	0.0645159	0.00356802	0.0684995	0.032545	0.0279064	0.0206784	0.00952386	0.000531408	0.0197763
157	0.0539183	0.203884	0.00497822	0.0118052	0.112521	0.0274134	0.0124681	0.0546882	0.00417766	0.0914427	0.0119169	0.0135523	0.00982894	0.00978258	0.00598286	0.169314	0.0281195	0.039003	0.0178825	0.117321
158	0.0550676	0.00706474	0.00421463	0.00709968	0.0206632	0.00664292	0.00741177	0.255952	0.0129568	0.134945	0.182659	0.00811792	0.00812119	0.0133264	0.0109555	0.0292079	0.0550042	0.170325	0.00322384	0.0070409
159	0.0187032	0.00155701	0.0106687	0.0345586	0.00630256	0.0111452	0.0250367	0.0347629	0.300291	0.0155663	0.0241497	0.059325	0.0116439	0.0795321	0.277949	0.0276881	0.0445476	0.0120654	0.00152304	0.00298325
160	0.0700765	0.00553069	0.0050495	0.00921135	0.0171261	0.00771969	0.00280128	0.1972	0.0164058	0.18635	0.0879465	0.0108345	0.00643849	0.0159794	0.011121	0.0441636	0.0926594	0.196669	0.00771465	0.00900313
161	0.0700849	0.134057	0.00582071	0.00674258	0.0342689	0.0202016	0.00791146	0.0638161	0.00741112	0.104268	0.054722	0.0172471	0.0823335	0.00944032	0.0089736	0.190344	0.0636578	0.0702833	0.0150364	0.0333801
162	0.00501273	0.0123323	0.00844423	0.00211842	0.479729	0.00201178	0.0241429	0.0266589	0.00226917	0.0934607	0.0268899	0.013813	0.00149734	0.00429192	0.00342144	0.0258645	0.0332554	0.025907	0.0142051	0.194674
163	0.0434231	0.0557737	0.0191876	0.0401414	0.021951	0.0619332	0.0391967	0.013882	0.0983031	0.0506116	0.0584878	0.0335998	0.0106549	0.0699313	0.207355	0.0907768	0.0153328	0.0157121	0.0235481	0.0301982
164	0.185708	0.0107728	0.00243892	0.0101886	0.0256298	0.0128996	0.0131608	0.174055	0.00174059	0.0317281	0.0176512	0.0129774	0.00527231	0.00275766	0.00330229	0.0656391	0.120619	0.2884	0.0010122	0.0140465
165	0.00736378	0.00117437	0.000899488	0.00174155	0.0150755	0.00676674	0.00290801	0.187485	0.0010479	0.510927	0.14113	0.00130408	0.00462177	0.00367715	0.00563436	0.00312642	0.0071863	0.0960934	0.000375753	0.00146113
166	0.00580492	0.0221311	0.0198577	0.00566174	0.164353	0.00488684	0.127675	0.0169759	0.0065172	0.0456628	0.00125217	0.0352388	0.00469742	0.024168	0.010467	0.0213706	0.00888318	0.00775217	0.00783437	0.45881
167	0.111553	0.00821131	0.00236338	0.0183475	0.043282	0.00958922	0.0150615	0.19589	0.00375315	0.049498	0.0208027	0.0139469	0.00506037	0.00427815	0.00401635	0.0725091	0.148835	0.256988	0.00174501	0.0142696
168	0.129146	0.00806129	0.00249727	0.0146674	0.0248251	0.0112563	0.0109705	0.21387	0.00217965	0.03438	0.0183912	0.0202803	0.00495602	0.00283306	0.00304426	0.0619442	0.136663	0.280171	0.00120896	0.0186544
169	0.0545917	0.0210917	0.0557467	0.0575548	0.00827404	0.0187516	0.038667	0.031966	0.0648236	0.019428	0.0284202	0.178542	0.0155301	0.0127879	0.0366419	0.180773	0.122766	0.0380971	0.00464655	0.0108997
170	0.0451131	0.00458066	0.131106	0.247095	0.00235699	0.0382639	0.0278623	0.0176286	0.115466	0.0165889	0.0143991	0.0624331	0.00815534	0.101182	0.0678668	0.0413286	0.0285145	0.0247703	0.000390739	0.00489707
171	0.0346564	0.00416666	0.00096628	0.001338	0.0252968	0.0025744	0.00219723	0.498887	0.00850903	0.0519483	0.0601573	0.00177121	0.00459386	0.00126696	0.0080675	0.00834154	0.0494153	0.233703	0.000369143	0.00177312
172	0.332329	0.0219959	0.0169934	0.0214547	0.00154225	0.132633	0.00808435	0.0202472	0.00483898	0.00425433	0.00729021	0.018628	0.0209038	0.00260217	0.00565615	0.204896	0.117124	0.0476007	0.000527065	0.0103988
173	0.102091	0.00741184	0.000794121	0.00709893	0.0186649	0.00647717	0.0103059	0.299173	0.00376416	0.049366	0.0330958	0.0100851	0.00689914	0.00159183	0.00318767	0.0421216	0.0857925	0.300573	0.000990233	0.0105166
174	0.0379242	0.018167	0.0249657	0.0561837	0.0638408	0.0355783	0.071917	0.040453	0.0807823	0.141041	0.0767122	0.0181477	0.0128025	0.111704	0.079653	0.0525709	0.0154957	0.0155248	0.00841104	0.0381251
175	0.0360511	0.00172109	0.0532121	0.113412	0.00490964	0.0353766	0.02252	0.0303512	0.22262	0.0099704	0.0208412	0.0916361	0.00590759	0.0903781	0.193331	0.0235494	0.0275589	0.00764231	0.00306387	0.00594703
176	0.0332368	0.00708427	0.166894	0.323517	0.00296555	0.0274902	0.0284279	0.0147204	0.0930449	0.0119919	0.00920805	0.0598198	0.00556598	0.0834978	0.0457971	0.0327801	0.0252779	0.0178938	0.000297661	0.0104888
177	0.0337867	0.00939537	0.0495542	0.0370469	0.0186901	0.0253968	0.21904	0.0184867	0.0780469	0.0186796	0.0047572	0.135995	0.010446	0.102766	0.0655697	0.0581422	0.0175306	0.00654467	0.0051621	0.0849628
178	0.0417581	0.00553335	0.124535	0.172381	0.00550591	0.0648654	0.0446727	0.0184477	0.130293	0.0144031	0.0132083	0.0813814	0.0100826	0.0858354	0.0829923	0.0449069	0.0261002	0.0187148	0.00155683	0.0128256
179	0.0314227	0.0443847	0.00446664	0.0260925	0.119708	0.0304355	0.0585341	0.075273	0.00779379	0.153654	0.0244745	0.00811015	0.0175032	0.0557652	0.0752376	0.0618767	0.0196283	0.0725446	0.0460854	0.0670096
180	0.100757	0.0347985	0.0803143	0.111609	0.0239062	0.0502613	0.0168955	0.0670147	0.0582423	0.0430265	0.0410849	0.066304	0.0029572	0.0194403	0.0402104	0.0470121	0.0600964	0.0916609	0.0108545	0.0335537
181	0.0276871	0.0140214	0.000620962	0.0038111	0.0943737	0.00612195	0.00433431	0.072056	0.00313722	0.535425	0.0995815	0.00109153	0.00306976	0.0132718	0.0035382	0.024807	0.0228943	0.0553368	0.000454745	0.014366
182	0.0604411	0.182639	0.00245988	0.00927819	0.125723	0.0232389	0.0104849	0.0642876	0.00298452	0.134018	0.0156682	0.00745491	0.0112587	0.00978835	0.00695206	0.156556	0.0248606	0.0550494	0.0164495	0.080407
183	0.0343961	0.00213876	0.0325666	0.0873818	0.00919043	0.0191912	0.0243831	0.0306122	0.237197	0.0180538	0.0296202	0.112189	0.00680547	0.0621254	0.201134	0.0254065	0.0360852	0.00523939	0.00744832	0.0188351
184	0.380796	0.0191208	0.0191425	0.0135696	0.00162839	0.065862	0.00746775	0.027365	0.00260529	0.00361313	0.00952771	0.0198428	0.0260526	0.00246152	0.00595414	0.212153	0.127277	0.0436794	0.000371014	0.011511
185	0.00455407	0.0119988	0.0076872	0.00210058	0.51706	0.00201171	0.0178359	0.0266609	0.00197254	0.0943611	0.0289132	0.0129003	0.00148474	0.00295295	0.002744	0.0264615	0.0342738	0.0264614	0.0143493	0.163216
186	0.0239253	0.0127351	0.000635739	0.0036568	0.0935715	0.0059118	0.00651553	0.0688167	0.00279316	0.539986	0.100098	0.00182825	0.00300334	0.0126513	0.00742891	0.022678	0.0232274	0.0479191	0.000575759	0.0220422
187	0.0226543	0.00403328	0.0065664	0.0398215	0.0060326	0.0051762	0.0069671	0.0797496	0.108394	0.142364	0.0427295	0.0245007	0.00536238	0.0500165	0.0504296	0.0403501	0.0743761	0.284576	0.00131732	0.00458319
188	0.0329828	0.00621492	0.124075	0.318926	0.00501629	0.0267403	0.0388033	0.0152728	0.0910034	0.0153474	0.0114772	0.0593904	0.00754941	0.0913393	0.0687817	0.0325104	0.0240824	0.0158611	0.00145147	0.013175
189	0.367277	0.0192472	0.0190082	0.0130339	0.00265124	0.0624595	0.00740639	0.0279331	0.00341727	0.00516575	0.0101491	0.0199582	0.0300373	0.00288017	0.00755694	0.218629	0.128087	0.0431489	0.000394694	0.0115596
190	0.0189872	0.00240652	0.0114339	0.0369853	0.00612199	0.012487	0.0252281	0.0339188	0.295873	0.0159857	0.0250946	0.0589211	0.0126674	0.0784963	0.275809	0.028918	0.0434062	0.0113822	0.00213037	0.0037463
191	0.0262645	0.0278241	0.010537	0.0120543	0.024716	0.0138442	0.0121772	0.0568879	0.0132514	0.036678	0.016685	0.0154364	0.0104088	0.0261698	0.031552	0.0665774	0.0263009	0.0266527	0.492585	0.0533975
192	0.0523389	0.0781222	0.00590985	0.0196833	0.183853	0.0160291	0.0479443	0.0500468	0.00414362	0.12651	0.0112617	0.011237	0.0077138	0.031181	0.0175964	0.075651	0.0257616	0.0480415	0.00879911	0.178176
193	0.0888781	0.030642	0.00745668	0.00965839	0.00898597	0.0281459	0.0157298	0.0266221	0.00488655	0.0736026	0.0286441	0.0131214	0.34068	0.0292708	0.010574	0.14728	0.0686655	0.053122	0.00190261	0.0121312
194	0.0508414	0.0117027	0.0261873	0.0315207	0.0066718	0.0203633	0.0190567	0.0341871	0.0663728	0.0111016	0.0237341	0.101869	0.0294497	0.00524894	0.0411104	0.272245	0.212271	0.0260721	0.00193525	0.00805924
