381	20
1	0.012621	0.00217494	0.0690139	0.0196692	0.0231442	0.0558001	0.00560066	0.077374	0.055233	0.104027	0.0415658	0.0692791	0.0444766	0.0647688	0.0310059	0.0518636	0.0581693	0.209085	0.00131037	0.00381794
2	0.121562	0.000357626	0.0446523	0.059709	0.00700405	0.0323373	0.0314903	0.0185672	0.0488314	0.0287317	0.0109401	0.0265954	0.357554	0.0325458	0.0289623	0.069873	0.0412638	0.0339935	0.00218719	0.00284201
3	0.0539231	0.00446872	0.0361915	0.0259033	0.0290842	0.030551	0.0532597	0.0973841	0.0651616	0.163466	0.0486274	0.0135407	0.0249723	0.0434135	0.044318	0.0847869	0.0996376	0.0478838	0.00207943	0.0313477
4	0.0828986	0.000431098	0.0354951	0.103615	0.00493088	0.0221714	0.0176133	0.0147349	0.190525	0.0246273	0.00753984	0.0256653	0.0415425	0.0767111	0.196667	0.053406	0.0757466	0.0173679	0.00322749	0.00508337
5	0.0552494	0.000454462	0.0692143	0.550897	0.00112867	0.0126804	0.0097997	0.00114328	0.0692582	0.00592471	0.0012572	0.0160631	0.00115864	0.0868894	0.0356396	0.0247953	0.0489153	0.00874942	0.000195632	0.000585724
6	0.1106	0.00176033	0.0959118	0.112755	0.0412153	0.0163479	0.00667313	0.00592196	0.072361	0.0796301	0.0162377	0.017106	0.0132687	0.0622864	0.0565795	0.0325232	0.0325302	0.0186044	0.013503	0.194184
7	0.00466551	0.00100895	0.000913085	0.00415177	0.00597759	0.00096135	0.000654067	0.495602	0.00203466	0.196257	0.0113972	0.00121437	0.00256225	0.00516475	0.00695982	0.00112929	0.00973981	0.24853	0.000391458	0.000684576
8	0.0768655	0.00474558	0.025017	0.062361	0.0168321	0.00827787	0.0219362	0.128932	0.0735508	0.12411	0.0396883	0.0178109	0.00242649	0.0501265	0.0661294	0.0280676	0.0655102	0.16818	0.000893003	0.0185396
9	0.00260424	0.00351497	0.00112084	0.00114871	0.0103943	0.000557824	0.000710647	0.163287	0.000914367	0.663542	0.0732411	0.000724831	0.00964088	0.0012811	0.000961973	0.00146275	0.00749173	0.0564962	0.00028297	0.000621796
10	0.0803634	0.000296979	0.0676131	0.12447	0.00117849	0.031358	0.0202487	0.0131562	0.187581	0.0192394	0.00861723	0.0533428	0.00161872	0.101312	0.181246	0.0468792	0.0337658	0.0237967	0.00338246	0.00053506
11	0.0781057	0.00037655	0.108394	0.246133	0.0124054	0.0229506	0.0145955	0.0218418	0.0777718	0.0532034	0.0349821	0.0450895	0.00377864	0.0733673	0.0705703	0.0502365	0.0582531	0.0258421	0.00041601	0.00168662
12	0.0192064	0.00103119	0.00189935	0.00284736	0.0337371	0.0127112	0.0101821	0.0543738	0.0131703	0.312288	0.455941	0.00264969	0.00086181	0.0179441	0.00309631	0.0161668	0.00756895	0.0227524	0.00993452	0.00163779
13	0.149352	0.0479411	0.00811814	0.112324	0.0051904	0.00534359	0.00538233	0.0617832	0.0480026	0.161862	0.0515848	0.00816246	0.0018986	0.0452991	0.01459	0.0137639	0.0798692	0.17414	0.000752418	0.00464134
14	0.0832398	0.000309763	0.0598011	0.140318	0.000716983	0.0291355	0.0161753	0.0110074	0.198853	0.0145434	0.00563494	0.046249	0.00173121	0.107683	0.188161	0.0470447	0.0265045	0.0176105	0.00473428	0.000546427
15	0.0505387	0.000422807	0.309325	0.260394	0.00416992	0.0237348	0.0125528	0.0140749	0.0419258	0.0182807	0.0129029	0.051514	0.0151494	0.0280976	0.0291552	0.0646372	0.0428693	0.0144325	0.00253124	0.00329174
16	0.0962173	0.00132848	0.0867751	0.10659	0.018362	0.155647	0.0189067	0.00605953	0.0748869	0.018786	0.00816997	0.0797457	0.0124553	0.071988	0.0414579	0.101145	0.0587405	0.00797411	0.00249741	0.0322681
17	0.0618528	0.000471588	0.0178969	0.1037	0.0105887	0.00591836	0.0293646	0.0152205	0.171002	0.0371983	0.0112175	0.00982389	0.012112	0.129961	0.198602	0.041372	0.0935907	0.02141	0.00742541	0.0212715
18	0.00906771	0.00308336	0.00204362	0.00564075	0.00250968	0.000932289	0.00103081	0.256615	0.00996823	0.462385	0.00317825	0.00462638	0.000538752	0.010942	0.00200902	0.00149515	0.0186213	0.204242	0.000317462	0.000753095
19	0.0262575	0.00133081	0.022334	0.0678389	0.016942	0.00212729	0.0166968	0.190294	0.0685889	0.102569	0.0297792	0.0131054	0.000397255	0.0406692	0.0719206	0.0231767	0.0443805	0.24567	0.00017933	0.0157424
20	0.121424	0.000303515	0.0402264	0.0667697	0.0066368	0.0327031	0.0241941	0.0141652	0.0741389	0.0298982	0.00959357	0.0246098	0.321898	0.0297873	0.0556537	0.0687729	0.0468631	0.0282507	0.00190763	0.00220262
21	0.0814146	0.000483616	0.10018	0.128191	0.00372964	0.0318812	0.010357	0.0060145	0.170229	0.023242	0.00710204	0.0480354	0.0759584	0.0323713	0.123212	0.06567	0.078388	0.011499	0.00144609	0.000595002
22	0.0635197	0.00255102	0.0910421	0.0748489	0.00628685	0.2541	0.0144254	0.00419301	0.0684685	0.00538484	0.00329714	0.0814058	0.0261223	0.0280835	0.0357155	0.179208	0.0511075	0.00634109	0.000886695	0.00301173
23	0.00652315	0.00505492	0.00697216	0.00777423	0.495939	0.00551788	0.0316881	0.00461907	0.0048922	0.0343698	0.00598187	0.0136309	0.000471475	0.00450788	0.00773162	0.0147681	0.00986743	0.0156452	0.0120758	0.31197
24	0.226439	0.00773041	0.00606123	0.00656207	0.00713659	0.546523	0.00508106	0.00772169	0.00565959	0.0336052	0.00400944	0.0231372	0.00230412	0.00467781	0.00624114	0.0383584	0.0348481	0.0302839	0.00109492	0.00252505
25	0.0295499	0.0126213	0.0144047	0.0358298	0.339818	0.00331818	0.0544771	0.00246326	0.0038108	0.0798137	0.0191283	0.0129999	0.00084575	0.0192075	0.00897889	0.0355545	0.0343269	0.00736667	0.0240507	0.261434
26	0.134372	0.0239243	0.00339691	0.00434176	0.0959748	0.00514453	0.00363064	0.0870167	0.00454312	0.121437	0.00622978	0.00440577	0.00195314	0.00489669	0.0043899	0.00776146	0.0147303	0.467172	0.000977456	0.00370119
27	0.0289623	0.00130316	0.0188676	0.0685171	0.0155764	0.00213738	0.0176688	0.167239	0.0822743	0.093353	0.0333991	0.0111185	0.000364185	0.0432899	0.0850419	0.0233988	0.0521575	0.2391	0.000193147	0.0160384
28	0.0547817	0.00226899	0.213512	0.0842507	0.00978042	0.0438513	0.0209667	0.0186537	0.0852595	0.0252781	0.033422	0.0398693	0.0725274	0.0631484	0.0716643	0.0487013	0.0470872	0.0242884	0.024872	0.0158167
29	0.0154776	0.000851313	0.00435799	0.00198455	0.0529497	0.000738609	0.00122566	0.32043	0.00601064	0.316958	0.0525109	0.00143466	0.000513301	0.0029234	0.00183219	0.00121375	0.0136668	0.173493	0.0140498	0.0173782
30	0.00122003	0.00403695	0.00188237	0.000733029	0.543257	0.00341144	0.0222704	0.00599185	0.00193381	0.0305707	0.00433747	0.00447673	0.000295281	0.000887392	0.00503624	0.00508624	0.00218921	0.017146	0.0120931	0.333144
31	0.00494674	0.000617804	0.00068345	0.0031813	0.0076122	0.001518	0.000626901	0.513536	0.000806307	0.120632	0.01388	0.000838165	0.00386863	0.0032109	0.00629154	0.00109803	0.00720994	0.308657	0.000267233	0.000517206
32	0.0838127	0.000855781	0.0431722	0.0289249	0.0042615	0.0413121	0.0466112	0.00941302	0.0297976	0.0130842	0.00534466	0.0360958	0.437285	0.0126147	0.0106596	0.133592	0.0245874	0.0233815	0.00116997	0.0140247
33	0.0196227	0.000702649	0.00125502	0.00159248	0.0392484	0.015131	0.00434575	0.0641455	0.0134626	0.332816	0.422301	0.0015018	0.000528602	0.0179575	0.00171969	0.0183713	0.00645486	0.0252832	0.012564	0.000996326
34	0.0257845	0.00235744	0.210326	0.0353172	0.00253633	0.00832798	0.113864	0.00415212	0.0157496	0.00358612	0.00235318	0.385919	0.0152149	0.0212783	0.0106465	0.0838592	0.0330484	0.023516	0.000723499	0.00144066
35	0.018454	0.000443547	0.142058	0.0545197	0.00424244	0.535048	0.0161831	0.00158789	0.0427598	0.00593679	0.00142669	0.0922557	0.00424705	0.0276491	0.0233283	0.0173098	0.00555169	0.00190481	0.000257037	0.00483704
36	0.032797	0.00174401	0.480626	0.139118	0.0073161	0.044212	0.0142668	0.0131465	0.0252094	0.01559	0.00831235	0.0717714	0.0137339	0.0241042	0.0189185	0.0345906	0.0245079	0.0211573	0.00257778	0.00630054
37	0.00654724	0.00101879	0.00332763	0.0755691	0.0312573	0.00156138	0.0128659	0.139849	0.155856	0.0459714	0.0135162	0.0030996	0.000993758	0.0230275	0.194296	0.00584101	0.154492	0.103643	0.00043606	0.0268313
38	0.216663	0.0190812	0.000978153	0.00130871	0.00512462	0.0112812	0.000984112	0.10706	0.00121939	0.0350998	0.00689286	0.00124909	0.000760322	0.00135412	0.00132262	0.00411911	0.0195541	0.564922	0.00031758	0.000708768
39	0.0543334	0.00363306	0.0132728	0.0985425	0.0144928	0.00375466	0.0120308	0.111018	0.0938134	0.158553	0.0374891	0.0148614	0.000945523	0.0452347	0.0745819	0.0208061	0.0578409	0.172458	0.00144596	0.0108928
40	0.319887	0.0124073	0.00147276	0.00214546	0.00381367	0.0165178	0.00135813	0.0539818	0.00188868	0.0238829	0.00452922	0.00181083	0.000687752	0.00187886	0.00196458	0.00323072	0.0168976	0.529983	0.000417191	0.00124442
41	0.36031	0.00143912	0.00198281	0.00359194	0.0101169	0.50316	0.00196408	0.0108064	0.00292625	0.0100043	0.00201151	0.00568865	0.00101139	0.00283586	0.00281163	0.00488886	0.0153237	0.0573752	0.000486676	0.00126497
42	0.0606609	0.000932059	0.0163645	0.0892347	0.0129262	0.00487155	0.024741	0.0184501	0.17141	0.0252349	0.0162468	0.0105811	0.00756741	0.105036	0.245888	0.0417141	0.0925383	0.0404715	0.00410675	0.0110246
43	0.00578062	0.000697884	0.000744411	0.00270262	0.0113904	0.00235758	0.000667854	0.478563	0.000824319	0.0990403	0.0132039	0.00100951	0.00589681	0.0024353	0.00472265	0.00123323	0.00654642	0.361562	0.00015836	0.000461886
44	0.0348929	0.00713026	0.000925246	0.0171278	0.00721329	0.000600033	0.0114317	0.229487	0.0434342	0.0695222	0.0256745	0.00975469	0.000981445	0.00669289	0.0279303	0.02537	0.0995547	0.376447	0.000189302	0.0056405
45	0.0838966	0.000324452	0.05719	0.14617	0.00071695	0.0282926	0.0156522	0.0103871	0.201243	0.0141619	0.00532325	0.0442267	0.0015874	0.10756	0.188576	0.047093	0.0257136	0.0168996	0.00439314	0.000592632
46	0.00462943	0.000612059	0.000651852	0.0036681	0.00686941	0.00136595	0.000724993	0.520728	0.0011706	0.123343	0.0130813	0.000983261	0.00341119	0.00399438	0.00755547	0.00144257	0.0081446	0.296878	0.000158777	0.000586414
47	0.00904955	0.00308371	0.00205244	0.00567124	0.00241199	0.000930394	0.00103447	0.256355	0.00996378	0.462687	0.00304105	0.00466641	0.000538502	0.011004	0.00200596	0.00149466	0.0186522	0.204361	0.000278848	0.000717542
48	0.0542624	0.000447692	0.0681247	0.555282	0.00119633	0.0123568	0.00973038	0.0012632	0.0679276	0.00571262	0.00125759	0.0143005	0.00124652	0.0880032	0.0334612	0.0254618	0.0499097	0.00925832	0.000197165	0.000600415
49	0.0296545	0.00207859	0.014318	0.0580051	0.0052776	0.0121869	0.131664	0.00485208	0.0671575	0.00919981	0.00254089	0.0605513	0.0625943	0.0449869	0.361978	0.0822534	0.0269449	0.00459253	0.000657265	0.0185065
50	0.0153243	0.000978102	0.00469853	0.00223123	0.0526284	0.000738505	0.00125238	0.318357	0.00604109	0.319687	0.0515811	0.00152184	0.000515618	0.00310382	0.00195838	0.00132147	0.0142182	0.173219	0.013499	0.0171253
51	0.0382675	0.00381958	0.00133785	0.00319293	0.00762307	0.00188612	0.00156394	0.25658	0.00427144	0.087861	0.0234058	0.00266339	0.00676835	0.00293901	0.00363796	0.00582361	0.0358651	0.509176	0.00143992	0.00187756
52	0.2071	0.0865189	0.0098066	0.00957716	0.0121919	0.310615	0.0127859	0.013272	0.00679838	0.0219618	0.013284	0.0168552	0.00380515	0.0081234	0.00841131	0.154359	0.0584686	0.0408681	0.00101924	0.00417816
53	0.00710675	0.00104211	0.0034775	0.0751672	0.0311016	0.00152138	0.0126731	0.140496	0.152696	0.0465612	0.0141448	0.00328635	0.000990238	0.0230743	0.191748	0.00604253	0.153553	0.108536	0.000442204	0.0263395
54	0.00508593	0.00928066	0.00246449	0.00335762	0.315356	0.00368794	0.00274649	0.0601985	0.00321675	0.249294	0.00402567	0.00337777	0.00111614	0.00428754	0.00465913	0.0175099	0.00591505	0.145113	0.00188421	0.157423
55	0.0492494	0.000469595	0.231279	0.217711	0.0105632	0.0206939	0.0255028	0.0227601	0.0569032	0.0301041	0.0157054	0.0663106	0.0175775	0.0428776	0.0381028	0.0631131	0.0664824	0.0199176	0.00351397	0.0011624
56	0.0321474	0.00132128	0.284042	0.0712399	0.00269508	0.0309641	0.0530067	0.00467463	0.0328247	0.00370048	0.00209814	0.293985	0.00752324	0.0306145	0.0167182	0.0814498	0.0275394	0.0207851	0.00128901	0.00138128
57	0.100187	0.000442173	0.0470707	0.121901	0.00453654	0.0331669	0.00846934	0.00356712	0.174029	0.0326253	0.00853577	0.0379917	0.10718	0.0247957	0.139919	0.0608306	0.0821081	0.0117389	0.000314191	0.000590814
58	0.0586695	0.00217006	0.0213661	0.0347986	0.0059089	0.0250326	0.0434959	0.0218737	0.209068	0.037013	0.00791677	0.0649649	0.00617151	0.0313254	0.306543	0.0694404	0.0334695	0.0125145	0.00155768	0.00669991
59	0.0269745	0.00781592	0.00606261	0.00248135	0.0971471	0.00309815	0.00911757	0.14421	0.0253003	0.295212	0.103516	0.00593761	0.00652421	0.0184903	0.0368501	0.00200275	0.0100768	0.104568	0.0159923	0.0786228
60	0.0770459	0.00129269	0.176615	0.0994503	0.00422639	0.00371341	0.115774	0.045835	0.0173541	0.0242301	0.0266529	0.0579927	0.0736602	0.0585078	0.00551442	0.0688691	0.0599249	0.0803712	0.0012518	0.00171808
61	0.0255684	0.00038936	0.164469	0.0665211	0.00424658	0.485159	0.0187356	0.00182147	0.0406066	0.0041411	0.00116089	0.0936297	0.00432244	0.0268861	0.0215003	0.0253972	0.0090557	0.00207214	0.000407625	0.00390887
62	0.0492236	0.00235435	0.261795	0.0716619	0.0588094	0.00619919	0.045662	0.00899652	0.00756647	0.0272452	0.00584934	0.0809453	0.00259037	0.147551	0.00824011	0.0900585	0.0282549	0.0330209	0.00121079	0.0627658
63	0.0294659	0.00677287	0.00507894	0.00613216	0.0793534	0.00305572	0.0108958	0.134691	0.0347476	0.260824	0.126457	0.00547936	0.0183762	0.0214214	0.0441307	0.00301805	0.0107664	0.108256	0.0114414	0.0796351
64	0.0764921	0.00878455	0.00147015	0.00398423	0.00655626	0.00334335	0.00245338	0.164812	0.00658492	0.0768745	0.029707	0.00349369	0.00385163	0.00401891	0.00454497	0.010675	0.0511697	0.538058	0.00103228	0.0020933
65	0.0286992	0.00157136	0.0170849	0.0647436	0.0136263	0.00182904	0.0148939	0.165029	0.0696136	0.0903213	0.0329007	0.0102664	0.000511253	0.0426294	0.0762271	0.0253837	0.0523494	0.276718	0.000169507	0.0154327
66	0.235814	0.0227377	0.00105686	0.00143685	0.00733791	0.0107762	0.00102766	0.104084	0.00125807	0.0505296	0.011053	0.0012021	0.000926497	0.00127611	0.00146084	0.00502638	0.0303066	0.511703	0.000268244	0.000717522
67	0.0546959	0.000453746	0.0684277	0.555963	0.0011728	0.0123465	0.00990067	0.00111855	0.0685552	0.00525919	0.00107907	0.0144371	0.00119212	0.0876155	0.0337943	0.0250195	0.0493082	0.00887141	0.000196305	0.000593115
68	0.00857225	0.00169879	0.0017443	0.00584272	0.0151486	0.000701007	0.000787624	0.362464	0.0052407	0.357577	0.0229374	0.00226867	0.00114334	0.00956292	0.00315093	0.00122277	0.0121391	0.180855	0.00287562	0.00406619
69	0.0299003	0.00144093	0.01826	0.0712673	0.0158152	0.00219652	0.016713	0.164475	0.0810829	0.094438	0.033924	0.0112817	0.000305163	0.0445724	0.0830427	0.0234919	0.0532712	0.238002	0.000205565	0.0163134
70	0.360343	0.00144335	0.00198034	0.00358857	0.0100804	0.503184	0.00196905	0.0107968	0.0029288	0.0100299	0.00201129	0.00568524	0.0010114	0.00283721	0.00281222	0.00488754	0.0153194	0.057343	0.000490086	0.00125807
71	0.0197608	0.0047788	0.0175333	0.0601358	0.0169283	0.00726284	0.0301413	0.0362613	0.304853	0.0254719	0.00848288	0.00305949	0.00130849	0.0658317	0.250685	0.0239677	0.041335	0.0565695	0.00103475	0.0245978
72	0.00751018	0.00240281	0.00124908	0.00246799	0.0106478	0.00304063	0.000652114	0.414822	0.000776182	0.0639649	0.0101542	0.00436271	0.00439841	0.00221334	0.00349359	0.00240355	0.00577663	0.458461	0.000149995	0.00105292
73	0.0317658	0.00810303	0.00103084	0.0194874	0.00681467	0.000623316	0.0117507	0.236879	0.0494964	0.0702695	0.0243374	0.00877456	0.000585176	0.00625704	0.0313746	0.0270695	0.0984918	0.360536	0.000221152	0.00613267
74	0.0547695	0.000451177	0.0683793	0.555458	0.00117274	0.0122919	0.00989097	0.00114638	0.0683532	0.00539107	0.00115417	0.0145603	0.00118777	0.0876598	0.0338678	0.0251823	0.0493935	0.00889454	0.000194609	0.000600599
75	0.00838392	0.0065243	0.00390688	0.0054469	0.00259384	0.00162918	0.0010536	0.320598	0.00208965	0.0181623	0.00265341	0.0212922	0.000667739	0.00511577	0.00572949	0.0100677	0.0118282	0.567647	0.000242607	0.00436758
76	0.00199243	0.00332641	0.00107682	0.00114339	0.0109297	0.000526323	0.00067944	0.166134	0.000927773	0.664231	0.0711772	0.00073342	0.0095238	0.00114513	0.00092386	0.00113828	0.00673624	0.0566444	0.000280827	0.000729589
77	0.198236	0.018111	0.0320123	0.0536726	0.00674928	0.292535	0.0118673	0.00846856	0.0278576	0.012123	0.00621692	0.0413292	0.0211521	0.0191787	0.020627	0.157529	0.0473318	0.0186991	0.00133509	0.0049691
78	0.0507821	0.000451643	0.299407	0.148582	0.00540476	0.0277399	0.0305478	0.0184819	0.0586023	0.00982162	0.00589978	0.079266	0.0261015	0.0352299	0.0290169	0.0779105	0.0766277	0.0133327	0.00617172	0.000621881
79	0.111776	0.00026606	0.0362326	0.0545854	0.00762379	0.0338213	0.0306653	0.0172766	0.0409523	0.0275051	0.00975682	0.021703	0.409693	0.0276801	0.0216952	0.0690375	0.0399465	0.0344974	0.00231034	0.00297657
80	0.0704626	0.000784825	0.0753623	0.088657	0.00725795	0.209758	0.0122514	0.00189373	0.0785362	0.00213635	0.00126122	0.102366	0.026557	0.027212	0.0446163	0.195951	0.04959	0.0025361	0.00030895	0.00250066
81	0.078304	0.0100954	0.00611517	0.0092399	0.0114826	0.00363675	0.00127879	0.160671	0.002508	0.218648	0.166424	0.00169049	0.000645063	0.0220427	0.00185293	0.0281591	0.0856439	0.189384	0.000568999	0.00160867
82	0.126439	0.00355602	0.127322	0.225911	0.0107968	0.0278338	0.00924709	0.116111	0.017216	0.0261011	0.0303015	0.0133021	0.00410807	0.0688086	0.0158903	0.0250076	0.0249691	0.119584	0.00254187	0.00495321
83	0.0337085	0.00592176	0.00190928	0.0181944	0.00629116	0.00159147	0.00934199	0.238254	0.0327982	0.0546267	0.0369684	0.0172708	0.00137378	0.00655677	0.0223329	0.0264305	0.107703	0.373182	0.000533957	0.00501112
84	0.0555449	0.000471697	0.113348	0.33308	0.00906684	0.014805	0.0154616	0.0257913	0.0613813	0.0581511	0.0348302	0.042007	0.00692294	0.0674936	0.0461493	0.0423398	0.0431126	0.0282307	0.000470119	0.00134259
85	0.134895	0.0077248	0.00507559	0.0143655	0.00570765	0.0306056	0.00184724	0.154527	0.00348382	0.153056	0.128635	0.00545881	0.000927352	0.0223089	0.00242261	0.0657148	0.0913367	0.169938	0.000506986	0.0014625
86	0.108364	0.0123497	0.00138584	0.00501707	0.00656904	0.00403313	0.00299151	0.159459	0.00966831	0.0654459	0.0187952	0.00415565	0.00305369	0.00282837	0.00597628	0.0124302	0.054167	0.520578	0.000610098	0.00212131
87	0.0219362	0.00129069	0.00394682	0.00280331	0.0418464	0.000727484	0.00117256	0.315974	0.00716037	0.32077	0.0575939	0.00158578	0.000574838	0.00493397	0.00164796	0.00263686	0.0186269	0.169988	0.0109805	0.0138039
88	0.0378472	0.00122236	0.0213902	0.0943837	0.00703321	0.00327004	0.193369	0.0482208	0.0461109	0.0595709	0.0202311	0.0459624	0.00131149	0.0925305	0.127401	0.0179017	0.0263913	0.0649871	0.000624953	0.0902401
89	0.119437	0.00102261	0.0554557	0.100727	0.00304572	0.0368164	0.0142983	0.0100384	0.0646347	0.00412314	0.00517416	0.133535	0.00237056	0.0963945	0.032284	0.169526	0.134846	0.00854389	0.000593823	0.00713244
90	0.0301831	0.00439597	0.0187886	0.0375942	0.0138978	0.0156665	0.0405015	0.0220367	0.154787	0.0253853	0.0194631	0.0292046	0.0101449	0.0465794	0.423856	0.0341758	0.0330389	0.0258871	0.00202044	0.0123936
91	0.0267271	0.0011601	0.0178535	0.0695977	0.0153682	0.00182678	0.0176099	0.167831	0.0879243	0.0900607	0.0316488	0.0104552	0.000326996	0.0412446	0.0888784	0.0218445	0.0549658	0.238559	0.000152733	0.015965
92	0.035741	0.0024479	0.380529	0.0858435	0.0061057	0.0432649	0.0269709	0.00909295	0.0245239	0.00815198	0.00535274	0.189055	0.0113939	0.0242888	0.0165153	0.0741212	0.0320942	0.0171358	0.00197488	0.00539659
93	0.0149646	0.00315092	0.00390775	0.00176582	0.0852616	0.000944044	0.00309628	0.304647	0.00603813	0.30954	0.0569756	0.00160824	0.000711352	0.00369955	0.00325343	0.00128231	0.0133934	0.151745	0.0132111	0.0208037
94	0.150185	0.0855137	0.00477229	0.0155912	0.00749225	0.0105291	0.00781658	0.0229664	0.0117949	0.028854	0.0231752	0.0143228	0.00306318	0.0205842	0.131856	0.112842	0.315628	0.0264507	0.000853272	0.00570922
95	0.0581338	0.000577472	0.259742	0.0959273	0.00142534	0.102514	0.0913639	0.00206786	0.083816	0.00217295	0.00186083	0.126913	0.00215041	0.0914914	0.0163901	0.037216	0.016775	0.00364084	0.000950702	0.00487081
96	0.0135873	0.00258542	0.0300965	0.0749062	0.042312	0.00527171	0.00513115	0.0872323	0.0310938	0.162461	0.12129	0.0254622	0.00425679	0.075469	0.0478435	0.00908679	0.120231	0.0825782	0.0543183	0.00478728
97	0.11308	0.0003814	0.0374257	0.0510563	0.00835925	0.0322214	0.0302165	0.0189461	0.0410808	0.0323603	0.0113153	0.0240568	0.399226	0.0268909	0.0229055	0.0716305	0.0375233	0.0347734	0.00341776	0.00313277
98	0.00495273	0.0179954	0.00182778	0.0023302	0.291245	0.00146495	0.0201417	0.270859	0.00224633	0.194246	0.0697819	0.00225116	0.000972213	0.00296275	0.00266721	0.00285368	0.0245529	0.0725409	0.00110275	0.0130058
99	0.0259352	0.0206673	0.00210553	0.00240494	0.24232	0.00190535	0.0144931	0.28851	0.00381077	0.153156	0.079136	0.00266553	0.00135477	0.00697668	0.00603921	0.00287322	0.019842	0.0910131	0.00284397	0.0319472
100	0.0723477	0.0291013	0.0147564	0.0233328	0.0190059	0.0150928	0.0106328	0.027626	0.0206491	0.0303423	0.0171977	0.0522385	0.00787617	0.0201409	0.0305094	0.0867648	0.469163	0.042718	0.00227571	0.00822866
101	0.0208825	0.00468246	0.00422528	0.00905305	0.0169427	0.00282941	0.00313247	0.388106	0.00779263	0.125884	0.0207194	0.005794	0.00396583	0.00690372	0.00965893	0.007896	0.0192225	0.335657	0.00145956	0.00519172
102	0.0319437	0.00180712	0.497737	0.143127	0.00599794	0.0460112	0.0151542	0.0122855	0.0193713	0.0152025	0.00710797	0.0709413	0.0171952	0.0199803	0.0128202	0.035074	0.0243224	0.0169166	0.00163573	0.00536915
103	0.0839307	0.00178097	0.0764301	0.0295278	0.00598464	0.0746776	0.0344097	0.0113248	0.0286273	0.0150805	0.00801559	0.0280044	0.385822	0.0154425	0.0138305	0.128001	0.0248734	0.021989	0.00219157	0.0100555
104	0.294129	0.00197693	0.0978873	0.188888	0.0367688	0.00552663	0.0229159	0.0517783	0.0581974	0.0352851	0.0106829	0.00814624	0.00348193	0.0103765	0.0453499	0.03548	0.0134478	0.0750087	0.00131907	0.00335358
105	0.0399985	0.000786941	0.282932	0.119693	0.00771183	0.0196464	0.0178341	0.0200938	0.0715196	0.0117366	0.00523499	0.08369	0.0224472	0.0251552	0.0465572	0.080482	0.113304	0.0264002	0.00345164	0.00132489
106	0.661592	0.00335284	0.00211473	0.0030155	0.00131373	0.0605567	0.0018354	0.00556235	0.0021024	0.00219599	0.00416349	0.0108103	0.00256374	0.00204891	0.00176354	0.199736	0.0229306	0.0112415	0.000399751	0.000700422
107	0.00588812	0.000904321	0.00297824	0.00346212	0.010344	0.0296207	0.0301609	0.0122275	0.3529	0.00502351	0.0289633	0.0049908	0.00112283	0.0318146	0.450072	0.0147739	0.0054347	0.006306	0.000533593	0.00247865
108	0.0334081	0.00202334	0.482999	0.124944	0.010067	0.0382045	0.0189374	0.0123381	0.0235205	0.0144386	0.00689342	0.0827267	0.0176587	0.0216924	0.0178267	0.0380057	0.0269906	0.0181305	0.00242353	0.00677157
109	0.0344872	0.0146862	0.00555682	0.00912741	0.436405	0.00458925	0.0441347	0.0522313	0.00460194	0.0916527	0.0274623	0.00961723	0.00168832	0.0069467	0.00615208	0.0195701	0.0202219	0.0268068	0.00933613	0.174726
110	0.0334954	0.00194439	0.469606	0.136381	0.00858786	0.04406	0.0181317	0.0130351	0.0281197	0.0134391	0.00683916	0.0778368	0.0158897	0.022489	0.017734	0.037844	0.0274928	0.0173726	0.00258277	0.00711791
111	0.0328638	0.00221333	0.496245	0.136489	0.00864512	0.0450288	0.0158547	0.0113323	0.0202029	0.015215	0.00675631	0.0723992	0.0147204	0.0204168	0.0143523	0.0362813	0.024511	0.0161657	0.00228107	0.00802563
112	0.577605	0.00492919	0.00578461	0.00932625	0.00533412	0.181333	0.00374098	0.0094354	0.00564883	0.00823649	0.00637119	0.0127529	0.00530687	0.0054225	0.00477334	0.104595	0.0175379	0.0290311	0.00120514	0.00163021
113	0.0285224	0.0118276	0.0022089	0.00417944	0.0178721	0.00216648	0.00213759	0.295259	0.00489209	0.131765	0.0121415	0.00593031	0.00169254	0.00514082	0.00504255	0.0059941	0.0165446	0.442418	0.000527247	0.00373835
114	0.12778	0.0371386	0.00383928	0.00828764	0.411946	0.00371589	0.0554373	0.00357977	0.00458021	0.068044	0.0357641	0.0226375	0.00120323	0.00601646	0.00448003	0.0522927	0.040093	0.0177841	0.00489205	0.0904875
115	0.253101	0.0309516	0.00188091	0.00253893	0.0316063	0.00762652	0.00178821	0.14059	0.00232975	0.0696112	0.010103	0.00238406	0.00104849	0.00274058	0.0025134	0.00754536	0.0217628	0.40725	0.000422936	0.00220445
116	0.0504776	0.000622045	0.0139205	0.101948	0.00896354	0.0050573	0.0289368	0.0163682	0.188569	0.0307679	0.011178	0.0091547	0.0101875	0.127683	0.214953	0.0411915	0.0921656	0.0258899	0.00745183	0.0145137
117	0.00134307	0.00406665	0.00198139	0.000948816	0.540508	0.00339745	0.0224129	0.00609743	0.00197669	0.0307254	0.0044512	0.0046377	0.000292189	0.000979741	0.00510328	0.0053223	0.0023505	0.0171593	0.0123102	0.333935
118	0.0207657	0.00424648	0.016718	0.0618666	0.016391	0.00717216	0.0311075	0.0354297	0.296646	0.0258186	0.00826468	0.00325145	0.00194509	0.0697739	0.248956	0.0253254	0.0475114	0.0534818	0.00135708	0.0239721
119	0.0102541	0.00344426	0.00146349	0.00432024	0.00716414	0.00155525	0.00119075	0.33384	0.0057507	0.232636	0.00994378	0.0039826	0.00241648	0.00573378	0.00441681	0.00275732	0.0139727	0.353188	0.00058991	0.00137944
120	0.0211354	0.0174914	0.00479636	0.00507624	0.138984	0.0305536	0.00671837	0.115194	0.0156373	0.192248	0.0478718	0.0056949	0.00295282	0.0263945	0.0496153	0.00561019	0.0225486	0.0892568	0.0511305	0.15109
121	0.0134196	0.00593989	0.00242192	0.00270162	0.003485	0.00194889	0.000807268	0.273638	0.00112991	0.0270013	0.00491229	0.0103201	0.00180736	0.00265656	0.00287257	0.00459121	0.00929753	0.628576	0.0002016	0.00227103
122	0.200964	0.0552015	0.0124129	0.00953687	0.0101406	0.258774	0.048818	0.0105076	0.00671135	0.0128271	0.0105674	0.0196807	0.00406173	0.00662935	0.0102772	0.23649	0.0554256	0.0254342	0.00171207	0.0038278
123	0.0184986	0.00371321	0.00343676	0.00780294	0.0163111	0.00274329	0.00377189	0.39326	0.00921042	0.12058	0.0193308	0.00549293	0.00403211	0.00649924	0.0105359	0.00659201	0.0185833	0.343978	0.00121091	0.00441649
124	0.586387	0.014344	0.00782137	0.0127227	0.00737489	0.0798573	0.00694197	0.0126962	0.0115535	0.0124115	0.00897834	0.0141724	0.0155136	0.0103292	0.0115423	0.114517	0.0289395	0.038516	0.00134144	0.00403961
125	0.036149	0.00263307	0.480397	0.144567	0.00662942	0.04572	0.0174925	0.0102121	0.0242817	0.0125867	0.0062444	0.0693886	0.0190447	0.0214118	0.0152493	0.0381241	0.0252253	0.017467	0.00179585	0.00538066
126	0.0825685	0.0101552	0.0113016	0.0159431	0.0122705	0.0066966	0.00461262	0.17873	0.0128977	0.0638164	0.0163781	0.0100113	0.0045974	0.00903084	0.0111887	0.0152097	0.03023	0.497555	0.00114857	0.00565821
127	0.194507	0.0171629	0.0132062	0.0112436	0.00195919	0.119609	0.00990395	0.00671523	0.00636308	0.00647594	0.00531659	0.0194404	0.00321328	0.00546996	0.00903232	0.426994	0.122168	0.0195424	0.000427874	0.00124928
128	0.0691578	0.0121698	0.00295044	0.0152263	0.0332066	0.00265012	0.554961	0.00402455	0.00400797	0.00465872	0.00284049	0.0457193	0.00130028	0.00405968	0.00395933	0.0372568	0.0274714	0.00531158	0.011207	0.15786
129	0.00485011	0.00459185	0.00312888	0.00556515	0.45699	0.00299498	0.0223692	0.0106032	0.00211404	0.0433071	0.00615465	0.00462582	0.00036505	0.0036978	0.0063845	0.00714636	0.00553568	0.0177018	0.0105875	0.381286
130	0.0359455	0.00583057	0.00379775	0.0083409	0.0169998	0.00264302	0.00264013	0.275047	0.00848897	0.180337	0.0203931	0.00456537	0.00243692	0.00678644	0.00768674	0.00660598	0.0250451	0.379728	0.00151263	0.00516778
131	0.0532304	0.000581773	0.0127978	0.0905308	0.00778246	0.0068127	0.0285402	0.0145247	0.184142	0.0316998	0.00947948	0.00979988	0.0154764	0.131201	0.226497	0.040524	0.0946687	0.0237006	0.00589728	0.0121136
132	0.109353	0.000321189	0.036013	0.0587562	0.0072119	0.0326288	0.0306911	0.0174451	0.0411907	0.0282481	0.00996298	0.0209975	0.410911	0.0269468	0.0212579	0.0679808	0.0406467	0.0342062	0.00223262	0.00299809
133	0.0172738	0.000427218	0.139535	0.0533986	0.00436279	0.550567	0.0138408	0.00154428	0.0405673	0.00542782	0.00114705	0.0912077	0.00434517	0.0246764	0.0231916	0.0165511	0.00511554	0.00175698	0.000243889	0.0048199
134	0.0588703	0.00125594	0.0255874	0.0246269	0.00103569	0.025005	0.0123957	0.00429032	0.0117419	0.00667487	0.00426919	0.0229628	0.00300778	0.0103853	0.0187405	0.559837	0.191437	0.017008	0.000265054	0.000602911
135	0.283839	0.00114042	0.0231255	0.0755258	0.00467537	0.022093	0.0132608	0.0262161	0.0186706	0.036496	0.0124297	0.0176932	0.280313	0.0300479	0.0238277	0.0712968	0.0182093	0.0302801	0.00130165	0.00955744
136	0.00235397	0.00338941	0.00118872	0.0010642	0.0123726	0.000528128	0.000728977	0.173994	0.00110707	0.652032	0.0704254	0.000749398	0.00925132	0.00117259	0.000994254	0.0011141	0.00725218	0.0583514	0.000842747	0.00108778
137	0.0277295	0.00202904	0.345706	0.0660337	0.00353068	0.0362441	0.0380945	0.00582372	0.0221191	0.00474931	0.00270499	0.288446	0.00723928	0.0228977	0.0128668	0.0670989	0.0275122	0.016412	0.000796584	0.00196543
138	0.0793646	0.000272716	0.0743235	0.125751	0.00221386	0.0301407	0.0196705	0.0136951	0.174822	0.0239722	0.0118041	0.0537255	0.00137044	0.099135	0.173138	0.0469062	0.0402906	0.0260236	0.00272363	0.000657132
139	0.0526008	0.000498353	0.193248	0.470649	0.00154215	0.0162323	0.0082153	0.00393209	0.0443415	0.00859844	0.00364079	0.0250713	0.00876542	0.0541226	0.0228915	0.0301852	0.0435659	0.00894002	0.000571893	0.00238772
140	0.334504	0.00737261	0.0052485	0.00488262	0.00909388	0.492162	0.00348839	0.00987495	0.00378747	0.0113985	0.00249789	0.00979058	0.00156671	0.0038791	0.0041323	0.0266873	0.0197944	0.0474747	0.000676329	0.00168766
141	0.0635697	0.00233292	0.00256983	0.0327124	0.129784	0.00283499	0.023692	0.0405747	0.022434	0.116056	0.0249994	0.0133232	0.00130374	0.114734	0.0887856	0.00390742	0.033519	0.0452168	0.00266973	0.234981
142	0.0781046	0.000363863	0.0748919	0.199749	0.00371014	0.0223609	0.0167193	0.00899749	0.134537	0.0398305	0.0138111	0.0713643	0.000970529	0.0855293	0.134354	0.0489945	0.0461924	0.017381	0.00137042	0.000768231
143	0.0316838	0.00468334	0.0204517	0.0386553	0.0138825	0.0173547	0.0423853	0.0276357	0.140251	0.0276735	0.0181327	0.0308723	0.0111523	0.0444605	0.409125	0.0380898	0.0367232	0.0315895	0.00198304	0.0132152
144	0.689684	0.00462002	0.00112756	0.00191921	0.00137473	0.100261	0.00146377	0.0053448	0.0013363	0.00180467	0.00420344	0.00965844	0.00250533	0.00159722	0.00130172	0.150118	0.00928151	0.0114038	0.000281768	0.000712628
145	0.0117209	0.0242748	0.00482524	0.00789891	0.0242405	0.00503974	0.00504707	0.00798357	0.00678544	0.00964652	0.00546834	0.0998549	0.00227525	0.00749397	0.00773452	0.0101495	0.744845	0.00983404	0.00137057	0.00351093
146	0.0798309	0.00989414	0.0197886	0.0216056	0.00396957	0.027048	0.0106518	0.0120476	0.0150279	0.0115726	0.00757715	0.0255101	0.00681555	0.0107942	0.018889	0.493962	0.19427	0.0273064	0.000688216	0.00275111
147	0.0261469	0.00695817	0.0098462	0.019565	0.0508332	0.00942253	0.00979728	0.0887721	0.0186841	0.0304453	0.0227892	0.0144948	0.00892119	0.0169496	0.0171378	0.0261709	0.157491	0.384787	0.00353827	0.0772494
148	0.022806	0.00624764	0.0109572	0.019067	0.320184	0.00751915	0.0355997	0.0170399	0.0142664	0.0486913	0.0123702	0.0113207	0.00437718	0.0148055	0.0211471	0.0171485	0.0169569	0.0233338	0.0097813	0.36638
149	0.0120197	0.00962653	0.0027983	0.00255528	0.189795	0.00231921	0.00640325	0.143205	0.00621492	0.356855	0.0468959	0.00333908	0.00304829	0.00545882	0.00714608	0.00898425	0.011967	0.117047	0.00418121	0.06014
150	0.0557283	0.0059771	0.0170491	0.0243558	0.0125917	0.0100207	0.00970902	0.0910151	0.0193273	0.0415769	0.0207076	0.0156888	0.0984751	0.0229556	0.0188567	0.0448185	0.10865	0.368068	0.00242928	0.0119994
151	0.0493575	0.000568884	0.278809	0.118053	0.00252682	0.13408	0.0616656	0.00472123	0.0588381	0.00393236	0.00295947	0.0970245	0.00624479	0.0661824	0.0237098	0.0537378	0.0266554	0.0056847	0.00191486	0.00333327
152	0.00591054	0.0211894	0.00299549	0.0216103	0.0556113	0.00253914	0.110525	0.00434472	0.122765	0.0261482	0.00214614	0.0985724	0.00215422	0.0663463	0.37066	0.0313914	0.0126969	0.00373717	0.000537459	0.0381194
153	0.266894	0.0490426	0.00122431	0.0024053	0.00564472	0.0113666	0.00142452	0.0702936	0.00228863	0.0389657	0.00885229	0.00167785	0.00109057	0.00227196	0.00245053	0.019523	0.0562519	0.456405	0.000450585	0.0014763
154	0.00433464	0.000450206	0.000641236	0.00366207	0.00675518	0.00130164	0.0006174	0.531205	0.000827386	0.129058	0.0129513	0.000706534	0.0035455	0.00367559	0.0070112	0.00101249	0.00737642	0.284273	0.000143631	0.000452188
155	0.0904229	0.00158605	0.0376376	0.0494428	0.00772636	0.0315157	0.0574496	0.0153002	0.0385596	0.0232234	0.0101601	0.027121	0.381802	0.0289627	0.0467352	0.0743517	0.036504	0.029627	0.00215629	0.0097158
156	0.0428264	0.00787704	0.0103661	0.0177858	0.040043	0.0152648	0.0134881	0.0774247	0.0213335	0.226843	0.327634	0.0134821	0.00508323	0.0254728	0.0189605	0.0299134	0.0296127	0.0547816	0.00896118	0.0128456
157	0.00880939	0.0118556	0.00239495	0.00227568	0.195576	0.00175542	0.0111965	0.251575	0.00361867	0.304711	0.0645596	0.0022974	0.00217923	0.00347709	0.00335715	0.00225715	0.0162903	0.0873063	0.00423612	0.0202715
158	0.0937003	0.00161878	0.0409179	0.0525151	0.00821646	0.0346754	0.036318	0.0194947	0.0392634	0.0314896	0.0118426	0.0273825	0.384231	0.0278228	0.0314615	0.0778018	0.0386099	0.033188	0.00283551	0.0066149
159	0.090716	0.000953823	0.0784675	0.239946	0.0152404	0.0191711	0.0291402	0.0167556	0.0688436	0.0295355	0.0138393	0.0274615	0.135657	0.0583246	0.0396271	0.0546411	0.0425091	0.0338769	0.00179946	0.0034936
160	0.0777001	0.00159347	0.00684154	0.0858443	0.00740423	0.00255522	0.0170016	0.0878389	0.190155	0.038051	0.0352819	0.0167106	0.001345	0.0301054	0.126852	0.0197132	0.0351344	0.212784	0.000780713	0.00630704
161	0.00411849	0.00262404	0.00125663	0.00276674	0.0124785	0.000675041	0.00105041	0.301722	0.0021487	0.482818	0.0446196	0.00122796	0.00593391	0.0035477	0.00318861	0.0012559	0.00832643	0.11833	0.000701015	0.00121075
162	0.17225	0.133511	0.00834283	0.0159454	0.0150557	0.0551179	0.0121217	0.024061	0.0142653	0.0335273	0.0168143	0.0147057	0.00379197	0.0147209	0.0174332	0.242042	0.148566	0.0496688	0.00122614	0.00683266
163	0.121656	0.00453553	0.0515197	0.0912112	0.0072499	0.0624615	0.0132016	0.0133474	0.0353816	0.0165534	0.0111363	0.124659	0.0150354	0.0518215	0.0296097	0.10767	0.204055	0.029708	0.00140773	0.00777913
164	0.0214181	0.000433574	0.157495	0.0584364	0.00516707	0.512749	0.0167727	0.00165538	0.0403156	0.00458865	0.00114552	0.0984049	0.00368177	0.025417	0.0198423	0.0200185	0.00586468	0.00198409	0.000283438	0.00432665
165	0.0099455	0.00269907	0.00192846	0.00620392	0.0048729	0.000976885	0.000926002	0.272072	0.00840939	0.449294	0.0104023	0.00400482	0.00117236	0.00969368	0.00205165	0.00134139	0.0163019	0.19599	0.000578672	0.0011352
166	0.239201	0.146345	0.00655886	0.0167411	0.020726	0.0145058	0.00787784	0.0427652	0.0131917	0.0969888	0.0366819	0.00977281	0.00275378	0.0166533	0.0135052	0.0751071	0.135126	0.0963553	0.00155381	0.00758946
167	0.101803	0.0124443	0.0277371	0.0305574	0.00801071	0.0440594	0.0133892	0.0115488	0.0187673	0.0149619	0.00996445	0.0303973	0.0126015	0.0161017	0.0218709	0.437238	0.149223	0.0320294	0.00120635	0.00608799
168	0.00882147	0.00380055	0.00221287	0.00281993	0.0245089	0.00145626	0.00148479	0.207713	0.00349283	0.538882	0.0673354	0.00163489	0.00656695	0.00467168	0.00275742	0.00299723	0.0124984	0.0986387	0.00219415	0.00551215
169	0.0224176	0.00306602	0.0090997	0.0178159	0.00891912	0.0109594	0.0391105	0.0155347	0.188709	0.014346	0.0849558	0.107078	0.0034517	0.0710655	0.260895	0.0153063	0.0184728	0.100348	0.00256836	0.00588194
170	0.167793	0.00178138	0.0349873	0.0866827	0.00784116	0.0266682	0.0247228	0.0208608	0.0352802	0.0376296	0.0121202	0.0219771	0.316084	0.039016	0.0271605	0.0627587	0.0340618	0.0322287	0.0019449	0.0084014
171	0.0554814	0.000680751	0.231706	0.0917923	0.00169066	0.118091	0.100814	0.00219105	0.0894887	0.00259612	0.00148365	0.143521	0.000716136	0.093159	0.0152922	0.0280026	0.0129383	0.00346265	0.000394386	0.00649765
172	0.0512223	0.00400642	0.0268117	0.350307	0.00535776	0.00726801	0.00794601	0.0183453	0.0876402	0.0560368	0.0114654	0.0124031	0.00350239	0.0654244	0.0378876	0.0159358	0.0255145	0.207464	0.00138866	0.00407276
173	0.0367556	0.000416533	0.459056	0.303004	0.00117402	0.024556	0.00461778	0.00447957	0.00851658	0.0121553	0.00436399	0.0316488	0.024195	0.0135494	0.00538324	0.0323401	0.0195158	0.0084575	0.000346131	0.00546848
174	0.0183623	0.00199835	0.0100669	0.0235509	0.0104226	0.0201731	0.0306258	0.014928	0.282187	0.0140647	0.0212075	0.0125236	0.00314858	0.0429472	0.430452	0.0221081	0.0169619	0.0156575	0.00119972	0.0074148
175	0.0408547	0.0253754	0.00566966	0.00637499	0.161117	0.00515809	0.0136142	0.0789794	0.0163838	0.265036	0.0819445	0.00725918	0.00363435	0.0265287	0.0299808	0.0108378	0.0177646	0.0750068	0.0148059	0.113674
176	0.36796	0.1636	0.00182328	0.00535069	0.00292222	0.00705574	0.002659	0.0145414	0.00571637	0.028139	0.00510225	0.00319041	0.0014872	0.00511638	0.00620637	0.0920756	0.161789	0.121689	0.000534097	0.00304114
177	0.0256507	0.00732303	0.00536516	0.00335147	0.0955592	0.0034398	0.00935017	0.123312	0.0281168	0.296465	0.12436	0.00561968	0.00929839	0.0199507	0.038487	0.00277034	0.0100007	0.0988843	0.0141807	0.0785136
178	0.213895	0.108012	0.00214581	0.00443253	0.00709774	0.0168677	0.00466243	0.0286001	0.00454661	0.0464025	0.00858762	0.00427451	0.00266414	0.00471754	0.00741349	0.149771	0.320531	0.0554162	0.0006294	0.00933267
179	0.443911	0.18759	0.00299103	0.00581999	0.00319609	0.00531123	0.00344816	0.0145695	0.00580077	0.0244824	0.00462412	0.00409685	0.0015847	0.00504279	0.00564439	0.0472569	0.0480292	0.184159	0.000644579	0.00179722
180	0.0137056	0.00104425	0.227987	0.223503	0.0418526	0.0130255	0.0163507	0.0783972	0.00645668	0.0892472	0.0027982	0.0304107	0.00106226	0.0384091	0.0279405	0.0136674	0.0289235	0.124541	0.0129743	0.00770394
181	0.0779261	0.000338411	0.0527673	0.133642	0.00145904	0.0257749	0.0169042	0.0125981	0.202602	0.0141579	0.00539509	0.0397204	0.00296442	0.112959	0.198763	0.0465755	0.0298803	0.0178452	0.00551053	0.00221779
182	0.00633521	0.016883	0.00261843	0.00313956	0.287972	0.00181302	0.02602	0.286155	0.00248359	0.173771	0.0667437	0.00316132	0.0013731	0.00356005	0.00306866	0.00350773	0.021903	0.07575	0.00129938	0.0124422
183	0.111531	0.03742	0.0172163	0.0770122	0.180855	0.0204939	0.0720789	0.00454231	0.0208383	0.0364161	0.00865602	0.0400541	0.00142136	0.00690381	0.0440455	0.0780803	0.0227123	0.0333839	0.00396841	0.18237
184	0.0206913	0.00155121	0.00425613	0.0992074	0.00386519	0.00596727	0.0667955	0.00616147	0.0327289	0.0217111	0.00397704	0.0568259	0.264952	0.0956519	0.194374	0.0666995	0.0411363	0.0079874	0.00100163	0.00445865
185	0.205929	0.0482993	0.0107515	0.00541449	0.00451079	0.360645	0.0125514	0.00456879	0.00334937	0.00712357	0.00771498	0.0194261	0.00343345	0.00277179	0.0072919	0.224752	0.0499976	0.0192267	0.000611058	0.0016321
186	0.0209291	0.000867249	0.00371901	0.00196243	0.0412544	0.000797757	0.00120567	0.285404	0.00702034	0.272802	0.0486651	0.0014601	0.00145059	0.00322567	0.00219588	0.00168268	0.0177965	0.260909	0.0121329	0.0145189
187	0.0121502	0.00307007	0.0061664	0.007628	0.0280243	0.00507187	0.00606654	0.678107	0.00771886	0.00989961	0.148772	0.0070787	0.00276303	0.00766365	0.00749845	0.00934083	0.0348052	0.0128546	0.00132151	0.00399857
188	0.0052456	0.0236631	0.0027603	0.0210308	0.0545191	0.00231445	0.11732	0.0042966	0.130363	0.0271545	0.00222246	0.106965	0.00175599	0.0665732	0.350212	0.0290588	0.0112667	0.00369103	0.000542422	0.0390461
189	0.0762536	0.0079782	0.0138089	0.0194351	0.00469272	0.020029	0.00877632	0.0182011	0.0119853	0.0140896	0.00728291	0.0217489	0.00746734	0.00909901	0.015671	0.47671	0.188704	0.0727434	0.00111645	0.00420697
190	0.123735	0.00126974	0.0404909	0.0340068	0.00355031	0.00991583	0.0937977	0.00841728	0.277781	0.0115116	0.0057644	0.0242977	0.0158324	0.107651	0.126805	0.030748	0.0411213	0.024682	0.0149977	0.00362457
191	0.287674	0.0039794	0.0383135	0.0841001	0.0342154	0.0318415	0.0891013	0.0105726	0.0169313	0.0187038	0.0316276	0.0135573	0.00439292	0.119832	0.0944151	0.0164212	0.0176129	0.0138906	0.00266465	0.0701534
192	0.0433258	0.0037055	0.0207204	0.0528028	0.00883848	0.0184063	0.0381928	0.0132856	0.186905	0.0192401	0.0160867	0.0300891	0.0151659	0.05762	0.338608	0.0653913	0.0427165	0.0176978	0.00209466	0.00910747
