441	20
1	0.0172885	0.00198265	0.000456081	0.000953636	0.0090471	0.000616148	0.00141566	0.345922	0.000785463	0.0529356	0.00762528	0.000614138	0.000449363	0.000723751	0.000857689	0.00745034	0.0129384	0.533275	0.00196483	0.00269874
2	0.397282	0.00877671	0.00813485	0.0064451	0.013825	0.187699	0.0073354	0.0125057	0.00895072	0.0927857	0.0492924	0.00826456	0.00412172	0.0139336	0.00958299	0.0480789	0.0260133	0.0571695	0.00428019	0.0355226
3	0.0240857	0.003948	0.000804409	0.00261947	0.0156131	0.00164183	0.00435266	0.300421	0.00201535	0.0690796	0.0107999	0.00138481	0.00230554	0.00167546	0.00195725	0.010976	0.0235557	0.507433	0.0111927	0.00413907
4	0.0302789	0.00822307	0.000657792	0.00237811	0.0238721	0.00400177	0.000774291	0.320725	0.00357463	0.312685	0.0310259	0.000907905	0.00350689	0.00133133	0.000860394	0.00297787	0.0119276	0.228051	0.00345596	0.00878448
5	0.0781293	0.00398438	0.00539877	0.012354	0.0264467	0.0696767	0.00635583	0.0359095	0.186493	0.015388	0.011688	0.0143715	0.00484734	0.0401924	0.118763	0.143246	0.117215	0.102579	0.00192062	0.00504012
6	0.00959495	0.000874914	0.00104203	0.00170324	0.166591	0.0018336	0.00429195	0.298363	0.00701739	0.298293	0.0664009	0.00185523	0.00386219	0.00311462	0.00201661	0.00883471	0.00946995	0.0953843	0.00143854	0.0180175
7	0.0202009	0.00194292	0.619071	0.0130323	0.00240591	0.00816142	0.0476772	0.00363112	0.0150608	0.0100993	0.00650461	0.14249	0.0026304	0.0221	0.006879	0.0392351	0.0289146	0.00593936	0.000992689	0.00303079
8	0.0545482	0.0416346	0.0603052	0.0120732	0.00565137	0.00761918	0.00698948	0.0469005	0.0529479	0.0766727	0.00952372	0.0762654	0.00616289	0.0947636	0.0347741	0.113428	0.20196	0.0883008	0.00315542	0.00632407
9	0.192865	0.00774118	0.0134411	0.0248824	0.0113693	0.0130984	0.0148491	0.055752	0.0865391	0.0311341	0.0113898	0.0166195	0.217761	0.0711605	0.0229498	0.0533961	0.0686876	0.0755142	0.00365159	0.00719863
10	0.0178307	0.00130977	0.137957	0.00268604	0.00818513	0.48623	0.00184786	0.00193914	0.096779	0.00395627	0.0018181	0.132859	0.0241791	0.0162003	0.0178681	0.0201088	0.0221191	0.00407369	0.000585817	0.00146666
11	0.253656	0.00202486	0.0824731	0.136368	0.000768012	0.0194602	0.0159168	0.00932826	0.0928269	0.0184652	0.00388765	0.0398576	0.0170953	0.0986423	0.0413073	0.0949407	0.0515095	0.0162195	0.00214138	0.00311125
12	0.0621897	0.000757813	0.0710372	0.0316157	0.00633991	0.0259497	0.0194146	0.00141994	0.184434	0.00986126	0.00428185	0.0736814	0.191128	0.0324232	0.0948679	0.109204	0.0606126	0.012695	0.00236022	0.00572618
13	0.0744889	0.00558702	0.00703034	0.0744801	0.00753593	0.00895567	0.0335626	0.0105043	0.0129528	0.0232588	0.174123	0.0103531	0.00539223	0.0918622	0.0114699	0.0155954	0.0450205	0.351988	0.00270188	0.0331376
14	0.0664221	0.0112382	0.081717	0.0385565	0.0200031	0.0866836	0.0361066	0.0161998	0.0751957	0.0331273	0.0197581	0.180454	0.0214144	0.0493047	0.0509948	0.111751	0.0562641	0.0262999	0.00405087	0.014458
15	0.146275	0.00998188	0.00898614	0.00737454	0.00468825	0.00740774	0.00425423	0.0373596	0.0246437	0.0362035	0.00873467	0.0145005	0.00421125	0.0327477	0.0256848	0.108453	0.37487	0.12513	0.0120026	0.00649142
16	0.0318117	0.00925517	0.00143785	0.003509	0.0613996	0.00337883	0.00481387	0.129855	0.00993024	0.436874	0.130247	0.0036607	0.0063816	0.0184454	0.0107942	0.0122618	0.0178057	0.0827525	0.00790138	0.0174845
17	0.0337111	0.0116575	0.048594	0.0187291	0.00670451	0.107824	0.0210327	0.00259358	0.0418276	0.00913339	0.00903517	0.18133	0.00876636	0.0171416	0.044358	0.33629	0.0820238	0.0159212	0.000650754	0.00267597
18	0.377232	0.0176899	0.012333	0.00481465	0.0154962	0.326609	0.00927029	0.00858306	0.0145808	0.0201799	0.0158	0.00871562	0.00537228	0.00492273	0.0165904	0.0849671	0.0242802	0.0252015	0.00213147	0.00522939
19	0.121431	0.0223305	0.000995803	0.00314354	0.00645897	0.00548386	0.00142646	0.253663	0.00236207	0.148316	0.0346652	0.00115735	0.0072572	0.00343508	0.00548633	0.0317341	0.0535229	0.291043	0.00150528	0.00458164
20	0.0171272	0.00207133	0.000477601	0.00104467	0.00866302	0.000638745	0.0015365	0.347295	0.000890575	0.0515812	0.00803227	0.000652885	0.000448395	0.000817155	0.00174908	0.00746281	0.0127247	0.532161	0.00204238	0.00258361
21	0.0118856	0.00232625	0.000829568	0.00132723	0.138645	0.00142524	0.00314161	0.292598	0.00486247	0.329909	0.0530843	0.00115241	0.0025852	0.0020707	0.00145914	0.0056311	0.0076757	0.122453	0.00222015	0.0147185
22	0.0617329	0.0103928	0.00269584	0.00795579	0.0113182	0.00661207	0.0180626	0.242228	0.0363698	0.040925	0.118516	0.0127239	0.00208752	0.0393311	0.098689	0.0248283	0.0640327	0.192904	0.000898643	0.00769558
23	0.0861315	0.0121751	0.0289054	0.0254088	0.0112554	0.0447954	0.0166334	0.0119821	0.0532228	0.027554	0.0140139	0.0558472	0.0180875	0.0337344	0.070621	0.223634	0.216821	0.0356702	0.00512366	0.00838362
24	0.375274	0.0177653	0.0132733	0.00502222	0.0155695	0.328292	0.00947435	0.00840327	0.0153711	0.0200524	0.0152277	0.00810105	0.00494737	0.00514673	0.0177227	0.0812891	0.0255211	0.0266518	0.00200139	0.00489375
25	0.119887	0.00352377	0.0668516	0.0788645	0.00379642	0.025386	0.0141969	0.0080999	0.201098	0.0184831	0.0071967	0.0466287	0.0593204	0.0691032	0.126907	0.0753842	0.0549947	0.0132528	0.00239732	0.00462875
26	0.0683436	0.000856164	0.0727854	0.0366624	0.00623769	0.0299392	0.0211123	0.00201169	0.182598	0.0105186	0.0042278	0.0692064	0.19266	0.0333902	0.0857674	0.104993	0.056773	0.0142894	0.00239061	0.00523683
27	0.0238826	0.00132877	0.139029	0.0101345	0.00710043	0.442952	0.00297758	0.00200565	0.100676	0.00412417	0.00211803	0.136149	0.0221312	0.0221773	0.0244489	0.0296287	0.0223104	0.00424685	0.00055424	0.00202442
28	0.0188548	0.0218926	0.0305353	0.00819343	0.0093307	0.0763927	0.01572	0.00293392	0.0303802	0.0166012	0.0244809	0.223534	0.00415292	0.0136747	0.0205105	0.368697	0.0692623	0.0417943	0.000834897	0.00222389
29	0.0457136	0.00480388	0.010458	0.00696146	0.433633	0.00457201	0.0229329	0.0235434	0.0107152	0.0667678	0.061844	0.0102417	0.00932875	0.00856901	0.010097	0.0150839	0.0118278	0.00859836	0.0754809	0.158828
30	0.0230936	0.00476296	0.000444488	0.00142022	0.0129215	0.00107716	0.00126612	0.351009	0.00131267	0.0915819	0.0122214	0.000631899	0.0014774	0.000820922	0.000895878	0.00803842	0.0148723	0.466411	0.00250563	0.00323605
31	0.38936	0.0151541	0.0293987	0.0174469	0.0262175	0.137391	0.0145026	0.0164595	0.0238547	0.031642	0.0149181	0.0170828	0.00626293	0.0362658	0.0206025	0.0806211	0.0293926	0.082488	0.00300211	0.00793675
32	0.0977756	0.00616928	0.0286916	0.00866571	0.0107474	0.674349	0.0051803	0.00425848	0.0224817	0.0103288	0.00564538	0.0294831	0.00909298	0.0120017	0.0105285	0.0304904	0.0183469	0.0122581	0.000837225	0.00266783
33	0.213871	0.0172943	0.0105189	0.0141137	0.0844382	0.0537778	0.0148451	0.0560641	0.0201558	0.161581	0.0502319	0.0138451	0.0275901	0.02321	0.0201989	0.0516137	0.0478258	0.0776157	0.0109875	0.0302216
34	0.0470012	0.00238907	0.217018	0.0389912	0.00553506	0.134678	0.0245101	0.00482371	0.116163	0.0166725	0.0085483	0.152478	0.0382329	0.0390492	0.0361754	0.0666205	0.0354208	0.00947172	0.001598	0.00462385
35	0.059615	0.0131994	0.00109201	0.00418972	0.0196466	0.00530088	0.00169777	0.295469	0.00387492	0.247339	0.0309104	0.00154825	0.00844536	0.00263992	0.00285142	0.018132	0.0371206	0.236534	0.00220561	0.00818832
36	0.0481345	0.00586174	0.0687584	0.0389278	0.0101076	0.0871737	0.0134573	0.00252192	0.0815963	0.00685167	0.00494018	0.192043	0.0089625	0.02769	0.0321507	0.24159	0.116471	0.0101962	0.000716109	0.0018494
37	0.0184043	0.01591	0.056566	0.174693	0.048746	0.00636712	0.0243735	0.0872624	0.0321336	0.139086	0.0850877	0.0131161	0.00357624	0.0723059	0.0222477	0.0246658	0.0296167	0.0877135	0.0148429	0.043286
38	0.00967352	0.00100213	0.00100446	0.00156994	0.164434	0.00173223	0.00417806	0.297832	0.00667136	0.302954	0.0644715	0.0016824	0.00363511	0.00288726	0.00194176	0.00834899	0.00923095	0.0976287	0.00154673	0.0175746
39	0.222038	0.00144706	0.104103	0.123865	0.000861175	0.0317387	0.0121498	0.00859056	0.106816	0.0206002	0.00275929	0.0519292	0.0151125	0.0969769	0.0376675	0.0961196	0.0466832	0.0131191	0.0014861	0.00593712
40	0.0585385	0.000625906	0.0724284	0.0299368	0.00634364	0.0251304	0.0192277	0.00106739	0.184145	0.00948923	0.00411575	0.0714947	0.208146	0.0297541	0.0941497	0.106985	0.0579912	0.012364	0.00238886	0.005678
41	0.025191	0.0484025	0.00739496	0.0101983	0.14184	0.00896473	0.00881903	0.089324	0.181864	0.0475155	0.0347023	0.00921081	0.00558214	0.0132872	0.0365862	0.0148382	0.0189298	0.228955	0.00303923	0.0653559
42	0.105598	0.00894243	0.0215594	0.0248261	0.0171989	0.0191952	0.0185357	0.02055	0.0559801	0.0380192	0.00380615	0.0215805	0.403189	0.0289282	0.0286479	0.0484358	0.0940656	0.030825	0.00531275	0.00480404
43	0.0198398	0.00278992	0.00159617	0.00300736	0.0336784	0.00299176	0.0027249	0.250267	0.002365	0.0679271	0.00687431	0.00162572	0.00265003	0.00408505	0.00505878	0.0180197	0.05808	0.500957	0.00403339	0.0114283
44	0.0170614	0.00217868	0.000428041	0.000980601	0.00880695	0.000637619	0.00137597	0.354138	0.000740673	0.0543861	0.00737418	0.000598694	0.000428008	0.000708315	0.000812685	0.00735347	0.0124828	0.525053	0.00203603	0.00241837
45	0.523456	0.0246982	0.00748023	0.0102735	0.00768549	0.0462972	0.0126832	0.0133043	0.0125436	0.0458598	0.0103165	0.00889682	0.00862162	0.0121423	0.0234716	0.12247	0.0410803	0.0605285	0.00211998	0.00607074
46	0.5342	0.0327714	0.00302227	0.00457219	0.00543172	0.0294916	0.00853244	0.027555	0.00664255	0.0618408	0.0128896	0.00517341	0.00396876	0.00718538	0.0171652	0.0989998	0.0383997	0.0940517	0.00167199	0.0064341
47	0.0485512	0.0113276	0.00733613	0.0264516	0.0198564	0.00715225	0.00506406	0.266011	0.00988435	0.179038	0.0290376	0.00411657	0.0036477	0.0133013	0.0123331	0.0148128	0.0418365	0.280119	0.00433046	0.0157927
48	0.0229383	0.00217513	0.207319	0.0413696	0.00365802	0.0104657	0.0755522	0.00498468	0.0479299	0.0445442	0.039724	0.262818	0.00217864	0.0787951	0.0318576	0.0621966	0.0372234	0.0170108	0.00113834	0.00612063
49	0.0455129	0.00352278	0.0673088	0.023089	0.00818125	0.462654	0.0144853	0.00342972	0.0667864	0.00891513	0.00467657	0.0979146	0.0152516	0.0266533	0.0229907	0.0649605	0.0470541	0.0102847	0.00129139	0.00503663
50	0.108552	0.00623966	0.0272015	0.0174846	0.0250305	0.00750013	0.0298809	0.00775041	0.0259067	0.0397205	0.00863813	0.0586956	0.200627	0.0909421	0.0210382	0.0786141	0.148987	0.0688381	0.00183579	0.0265165
51	0.53122	0.0960923	0.00688405	0.0038116	0.00315477	0.0336709	0.00779605	0.0148944	0.00649324	0.0269025	0.00391619	0.00890948	0.00417131	0.00443943	0.0186923	0.111145	0.0430721	0.0722745	0.000678458	0.00178157
52	0.0173669	0.00339494	0.00108288	0.00196705	0.0375993	0.00252788	0.00226264	0.068462	0.00545019	0.559725	0.184954	0.00453862	0.00906699	0.009519	0.00508214	0.00672309	0.011812	0.0489433	0.00902118	0.0105006
53	0.108332	0.0106789	0.0355408	0.0281121	0.0108079	0.239512	0.018477	0.00680731	0.0305911	0.0151288	0.0100878	0.0794569	0.00932928	0.0225639	0.0324439	0.260396	0.0544523	0.0200348	0.00144786	0.00579911
54	0.121079	0.0100551	0.0219421	0.0163813	0.0128941	0.470445	0.0109521	0.0156833	0.0369441	0.0232659	0.0143527	0.0267888	0.00873721	0.0215938	0.0442932	0.0529118	0.0331734	0.0471194	0.00226829	0.00911976
55	0.179458	0.0109495	0.0129521	0.00776203	0.0124608	0.6035	0.00688549	0.00579945	0.0125554	0.0133871	0.00815802	0.0143065	0.00584507	0.00870477	0.011511	0.0440776	0.0188215	0.0181394	0.00123769	0.00348855
56	0.05751	0.0560103	0.00444709	0.0059712	0.115211	0.00818847	0.00933735	0.0355416	0.0104424	0.332982	0.0628234	0.00906625	0.00545148	0.0235707	0.0188186	0.0166307	0.0837899	0.0827415	0.0127035	0.0487633
57	0.0954297	0.0065643	0.106828	0.302744	0.00496036	0.0493549	0.0278093	0.00774568	0.0602187	0.0217506	0.00697522	0.0344652	0.0212201	0.0724054	0.0320028	0.0847146	0.0391889	0.0159402	0.00351618	0.00616583
58	0.0239256	0.00985036	0.00148526	0.00281429	0.0724623	0.00282764	0.00224397	0.0873739	0.00354468	0.491326	0.0501397	0.00308645	0.00316605	0.00993577	0.00757317	0.00573279	0.0550644	0.1299	0.0199511	0.017597
59	0.52084	0.0466359	0.00370546	0.00395958	0.00408004	0.0273112	0.00852912	0.0206104	0.00698912	0.0424572	0.00731809	0.00601572	0.00537733	0.00713392	0.0162979	0.111424	0.0645038	0.0911043	0.00131644	0.00438994
60	0.0114491	0.000984926	0.00106509	0.00136827	0.0201497	0.00199843	0.00113498	0.0655991	0.00272709	0.60575	0.195274	0.0048786	0.0110941	0.00607962	0.00178123	0.00240991	0.00992184	0.0434562	0.00787398	0.00500353
61	0.107674	0.0158758	0.0119688	0.0209606	0.0242439	0.014053	0.0111767	0.184649	0.0313872	0.139104	0.0513131	0.0149973	0.00911146	0.0297762	0.0760674	0.0336703	0.0470695	0.153401	0.00465159	0.0188492
62	0.0167936	0.00219625	0.000424886	0.000976662	0.00882098	0.000593078	0.0013555	0.358891	0.000720733	0.0534267	0.00723079	0.000579972	0.000377035	0.000686914	0.000797785	0.0072419	0.0121708	0.522381	0.00188718	0.0024474
63	0.51712	0.0699729	0.0028414	0.00233499	0.0032647	0.0384271	0.00722118	0.0229587	0.00502283	0.0347833	0.00554976	0.00456431	0.00404861	0.00255945	0.0106959	0.101852	0.0523348	0.112752	0.00050198	0.00119381
64	0.0738662	0.0114555	0.00405861	0.00392455	0.00935075	0.00696672	0.00264731	0.00667057	0.0069827	0.0529647	0.0253896	0.00842769	0.0110518	0.00672551	0.0101123	0.18495	0.493389	0.0724872	0.00277883	0.00580095
65	0.0268548	0.00298685	0.195854	0.0404927	0.00382806	0.00903473	0.0683824	0.00605197	0.0478055	0.050695	0.0424612	0.245561	0.00435235	0.0815113	0.033461	0.0637569	0.0492823	0.0210916	0.00116593	0.00537048
66	0.0588502	0.000557141	0.0732115	0.0305268	0.00633787	0.0251212	0.0191437	0.00104945	0.183284	0.00954968	0.00411053	0.0714562	0.207892	0.0297665	0.0940185	0.106901	0.05789	0.0123809	0.00237185	0.00558051
67	0.110883	0.0022657	0.041788	0.103314	0.0035876	0.128129	0.0383573	0.00671455	0.0774796	0.0268127	0.00394372	0.0669378	0.0083322	0.0357163	0.0495157	0.217653	0.0424872	0.0248291	0.00144815	0.00980588
68	0.117998	0.0170908	0.00604348	0.00420466	0.00948566	0.00898563	0.00327909	0.0110323	0.0100892	0.0422424	0.0146764	0.0131018	0.0074427	0.0107033	0.0134843	0.177451	0.444164	0.077565	0.0028849	0.00807504
69	0.116757	0.00172608	0.00202379	0.0154001	0.023752	0.0255534	0.00503871	0.0457614	0.178804	0.0347041	0.0303322	0.0393829	0.0027096	0.131587	0.0992443	0.107897	0.0337714	0.096991	0.00108639	0.00747729
70	0.011623	0.00164373	0.000906629	0.00149982	0.144947	0.00183705	0.00363076	0.26644	0.00542946	0.339103	0.0670881	0.00171128	0.00333797	0.00311898	0.00195436	0.00724128	0.010062	0.108316	0.00309175	0.0170182
71	0.249508	0.0109589	0.00847105	0.00470857	0.0152334	0.538489	0.00481961	0.00599532	0.00849794	0.0148293	0.0108929	0.00710886	0.00396534	0.00582334	0.0112821	0.0554066	0.0190345	0.0197494	0.00146052	0.00376611
72	0.0534901	0.0503661	0.00208551	0.00417831	0.0667781	0.0084541	0.00337467	0.0482787	0.00551697	0.362865	0.0937594	0.00370515	0.0020035	0.0327265	0.010802	0.0104605	0.0756393	0.137187	0.00736964	0.0209595
73	0.0983369	0.011221	0.0164774	0.0235916	0.0217714	0.0218716	0.016081	0.0275461	0.0278276	0.0489866	0.00521613	0.0107852	0.489638	0.0181433	0.0171114	0.0338734	0.0691026	0.0320071	0.00701838	0.00339294
74	0.0658719	0.0050808	0.0925144	0.372222	0.00688485	0.0227585	0.0237213	0.00804098	0.0480752	0.0262194	0.0122623	0.0206696	0.0131354	0.135464	0.0330907	0.0305139	0.0461318	0.0275468	0.00434796	0.00544869
75	0.0550653	0.0116379	0.00276982	0.00546684	0.0171685	0.00652856	0.00318088	0.260699	0.00471627	0.14841	0.0260175	0.00241068	0.00357257	0.0053805	0.0059144	0.0176073	0.0492452	0.360535	0.00334536	0.0103286
76	0.0306278	0.00438403	0.00539216	0.0153345	0.00680904	0.00755395	0.00600471	0.00897649	0.346875	0.146475	0.107184	0.037252	0.00366986	0.0670651	0.0929188	0.0347412	0.0500429	0.018441	0.00183956	0.00841257
77	0.0668956	0.0132146	0.0018308	0.00453902	0.0227491	0.00576172	0.00295431	0.241254	0.00460656	0.195693	0.0338581	0.00321999	0.00539581	0.00608909	0.00700134	0.0266979	0.0427937	0.302694	0.00421959	0.00853226
78	0.0849577	0.00481418	0.0289433	0.0125282	0.0099149	0.674971	0.00514964	0.00394488	0.0259775	0.00806018	0.00454756	0.0351072	0.0076857	0.0157846	0.0124743	0.0326369	0.0178102	0.0113172	0.000867096	0.00250817
79	0.0324599	0.00847193	0.00072811	0.00242248	0.0289662	0.00396769	0.000882378	0.320096	0.00351435	0.317785	0.0327798	0.000952829	0.00376657	0.0017282	0.00112699	0.00415121	0.0130873	0.211002	0.0034019	0.00870945
80	0.0158272	0.00294041	0.00134454	0.0028291	0.1462	0.0041479	0.00851207	0.246531	0.00842622	0.328248	0.0778048	0.00310357	0.00449275	0.00720466	0.00581696	0.0119805	0.012211	0.0873932	0.00462363	0.0203636
81	0.0952588	0.0108164	0.0178635	0.0247606	0.0216264	0.0208128	0.0172993	0.0309214	0.0291141	0.0554933	0.00761751	0.0121385	0.470683	0.0169077	0.0183209	0.0371135	0.0685718	0.0335983	0.00693792	0.00414428
82	0.237095	0.010091	0.00893938	0.00566502	0.0193108	0.545393	0.00505461	0.00589926	0.00800063	0.0161536	0.0115096	0.00687442	0.00344479	0.00711823	0.0117161	0.0516587	0.0195402	0.0207281	0.00166906	0.00413821
83	0.384476	0.0117598	0.0143995	0.00717676	0.029201	0.279704	0.00702887	0.00824989	0.0107042	0.0280277	0.0199242	0.00766373	0.00489339	0.00607432	0.019606	0.0914507	0.0225492	0.0252319	0.00912985	0.0127492
84	0.11558	0.00627384	0.0357272	0.0257659	0.0104825	0.489496	0.0132766	0.0055579	0.0440704	0.0132265	0.00656573	0.0563207	0.0113294	0.0262748	0.0211079	0.0606953	0.039144	0.0129303	0.00104282	0.00513137
85	0.227544	0.0128903	0.0104501	0.0068678	0.0145684	0.473184	0.00889244	0.0156544	0.0106484	0.0387857	0.0165153	0.0111828	0.00723053	0.0101649	0.0125174	0.0548148	0.0269323	0.0319877	0.00202642	0.00714197
86	0.0608686	0.0291599	0.00728915	0.0131544	0.0110412	0.0136211	0.00818016	0.00876416	0.0167812	0.0395152	0.0405986	0.0190332	0.0095579	0.024871	0.0341286	0.179966	0.432585	0.0413909	0.00245661	0.00703764
87	0.175089	0.00924332	0.0131665	0.0322615	0.0153605	0.0474861	0.0453768	0.0246141	0.0489228	0.0666358	0.0204843	0.0559568	0.00624084	0.128546	0.0664244	0.0403012	0.0309516	0.127347	0.00350113	0.0420903
88	0.0702006	0.0081669	0.032086	0.0375462	0.0148559	0.0397049	0.0329642	0.0175502	0.117738	0.0328276	0.0169724	0.0927207	0.036185	0.0661351	0.155377	0.0903297	0.0902778	0.0260882	0.00687087	0.0154026
89	0.015681	0.00227704	0.00165398	0.00294552	0.0272993	0.00211784	0.00243322	0.0699321	0.00572256	0.574284	0.184501	0.0047972	0.0102563	0.00827131	0.0050795	0.00544331	0.00993857	0.0467526	0.0110232	0.00959009
90	0.100929	0.0112915	0.00341646	0.0142102	0.0261025	0.0185889	0.0179247	0.0281362	0.0154466	0.0550492	0.00263943	0.00368385	0.546541	0.00779222	0.00762326	0.0277133	0.073722	0.0290828	0.00830832	0.00179884
91	0.0997623	0.00838569	0.0084008	0.047961	0.00130347	0.0172614	0.00566665	0.00772162	0.300934	0.00787521	0.0045027	0.0165059	0.013473	0.0820248	0.311271	0.0381024	0.0210761	0.0044429	0.000715317	0.00261399
92	0.0421687	0.020098	0.00387445	0.00828937	0.0609145	0.00633101	0.00463715	0.0700855	0.0126633	0.337281	0.102988	0.0051751	0.00229726	0.0301511	0.0321879	0.0171994	0.0732899	0.12969	0.0095028	0.0311763
93	0.0241934	0.00265713	0.000429024	0.00107125	0.00998429	0.000702916	0.00148313	0.328783	0.000787012	0.0611662	0.00861712	0.000647336	0.00103437	0.000807136	0.000759557	0.0106219	0.0168049	0.52456	0.00267974	0.00221003
94	0.174592	0.00733261	0.0157503	0.0146914	0.0375485	0.40303	0.00797755	0.00790663	0.0196396	0.0214391	0.0139189	0.0369313	0.0102241	0.0263465	0.0165101	0.101166	0.0578063	0.0190684	0.00185508	0.00626611
95	0.0351342	0.0083759	0.00062089	0.00266805	0.0326805	0.00334755	0.000834413	0.298832	0.00378789	0.302231	0.0346491	0.000904601	0.00484333	0.00132159	0.000930548	0.00443661	0.0166147	0.234469	0.00426249	0.00905555
96	0.0880073	0.00815917	0.0427439	0.0396125	0.00558134	0.010381	0.0352317	0.0185127	0.0520193	0.0927723	0.0265791	0.0209539	0.19659	0.117226	0.0513336	0.0856128	0.0795469	0.0229069	0.00154276	0.00468701
97	0.148653	0.00268433	0.0565868	0.0468793	0.00876097	0.0247207	0.00742859	0.00544577	0.0622431	0.0132887	0.0066974	0.0986352	0.0361475	0.0684175	0.0183846	0.143347	0.20433	0.0369887	0.0019564	0.0084053
98	0.672958	0.0164253	0.00357458	0.00401137	0.00270578	0.0247485	0.0106518	0.00676287	0.00647298	0.0226233	0.00210889	0.00455769	0.00448663	0.00490765	0.024664	0.108021	0.0242138	0.0545008	0.000345849	0.00125922
99	0.0131618	0.00158186	0.000987965	0.00141918	0.024031	0.00204738	0.00148816	0.0668802	0.00315219	0.595881	0.18968	0.00448163	0.0102865	0.00711272	0.00295944	0.00335824	0.0101757	0.0463327	0.00796056	0.00702183
100	0.0987009	0.00465057	0.189999	0.183535	0.00114436	0.0208443	0.0141081	0.00149673	0.0587171	0.0211179	0.00151185	0.0381703	0.1899	0.0684798	0.0133938	0.0422516	0.0429632	0.00749415	0.000480268	0.00104124
101	0.0122639	0.00108367	0.00117485	0.00154185	0.0195467	0.00201839	0.00126401	0.0648867	0.00284581	0.591982	0.207575	0.00471797	0.0115222	0.00576076	0.00200249	0.00259452	0.00995507	0.0436539	0.00848912	0.00512057
102	0.0761372	0.0337133	0.00343713	0.0200439	0.0128181	0.00968877	0.00592006	0.141512	0.00638208	0.104613	0.383905	0.0060222	0.0178141	0.00973516	0.00597459	0.0323286	0.0454556	0.0786725	0.0022604	0.00356679
103	0.0893639	0.0191487	0.00800065	0.0106263	0.0183392	0.0147187	0.00745749	0.0454005	0.011614	0.142162	0.0235451	0.0111545	0.0109764	0.0176267	0.0161047	0.121755	0.288151	0.121893	0.00660827	0.0153551
104	0.123151	0.00473671	0.0226237	0.0128734	0.0283025	0.00944208	0.0139716	0.00713257	0.0211582	0.0251468	0.0093052	0.067852	0.0839431	0.0598709	0.0152833	0.136302	0.27091	0.0581534	0.0016097	0.0282323
105	0.208888	0.0109812	0.0276394	0.0250271	0.0142597	0.316806	0.0117259	0.0112335	0.0348482	0.0270865	0.0108101	0.0333433	0.0619704	0.0223142	0.0226333	0.0924439	0.0353431	0.0229949	0.00247421	0.00717791
106	0.0904479	0.00616066	0.014029	0.053698	0.000723804	0.0184968	0.00564993	0.00844848	0.359494	0.0108772	0.00422914	0.0324933	0.0048792	0.0705989	0.247626	0.0447406	0.0193307	0.00422337	0.000309616	0.00354322
107	0.0394889	0.00684752	0.0273036	0.0452424	0.0155593	0.0182778	0.0241474	0.00423933	0.0711809	0.0322497	0.0496279	0.0668655	0.084169	0.129951	0.0483081	0.149632	0.154413	0.0258066	0.00191971	0.00477021
108	0.0298935	0.00803134	0.000770375	0.00247138	0.0230371	0.00449451	0.00096039	0.319117	0.00397124	0.309039	0.0301625	0.00108697	0.00343743	0.00141931	0.000985694	0.00316647	0.0130387	0.23193	0.00340769	0.00957895
109	0.0578646	0.000638855	0.0700861	0.0289121	0.00700238	0.0251896	0.0214105	0.0015806	0.189672	0.00981386	0.00406603	0.0735629	0.194921	0.0321613	0.0993258	0.105245	0.057359	0.0126478	0.00249356	0.00604756
110	0.135068	0.0115507	0.00250226	0.0126881	0.0262255	0.0227393	0.0122814	0.0252372	0.0105255	0.0488459	0.00185545	0.00196185	0.533292	0.00426202	0.00752969	0.0296111	0.0728523	0.0297125	0.00986447	0.00139418
111	0.0851285	0.00547506	0.0172013	0.0617199	0.00231247	0.0243026	0.01457	0.0139752	0.338148	0.011147	0.00486798	0.0452004	0.00554508	0.0659228	0.221968	0.0522536	0.0192688	0.0057214	0.000492486	0.00478
112	0.0870969	0.00557254	0.0236415	0.0771229	0.00139679	0.0153627	0.007284	0.00748763	0.310678	0.0165037	0.00663012	0.0252531	0.00565565	0.0980865	0.225575	0.0415146	0.034595	0.00524475	0.00240183	0.00289745
113	0.265659	0.0113578	0.0111316	0.0173229	0.0181725	0.114229	0.01387	0.0294457	0.0240151	0.122218	0.0720603	0.014236	0.00744576	0.0510448	0.0188097	0.0635759	0.049495	0.062562	0.00603983	0.0273089
114	0.0449073	0.00428403	0.00586142	0.0304189	0.00449403	0.00752236	0.00650891	0.00896945	0.416898	0.146838	0.0567033	0.0255714	0.00295132	0.0319773	0.127068	0.0197854	0.0239231	0.0266827	0.00194382	0.00669153
115	0.103808	0.00764633	0.0103436	0.0427466	0.00202622	0.0214647	0.0069263	0.00826176	0.301109	0.0088253	0.00505434	0.0207844	0.0146461	0.0695879	0.28655	0.0514443	0.0288964	0.00590052	0.00050163	0.00347614
116	0.0527444	0.0183276	0.00159032	0.00415954	0.06599	0.00455476	0.00885781	0.0730281	0.020948	0.357058	0.171664	0.00462354	0.00404693	0.0277861	0.0264134	0.0318832	0.0199499	0.0593862	0.0130656	0.0339235
117	0.0334909	0.00306334	0.0950053	0.0196317	0.00799514	0.446962	0.00904292	0.00442255	0.0823119	0.00982446	0.0032616	0.113941	0.0377812	0.0242483	0.0244521	0.0434284	0.0278838	0.00796776	0.00101325	0.00427247
118	0.0533906	0.00957642	0.000695953	0.00266075	0.0292153	0.0033483	0.000881554	0.263307	0.00311837	0.316921	0.033513	0.00112287	0.00330331	0.00188928	0.00152968	0.00704593	0.0209613	0.232739	0.0064121	0.00836854
119	0.0357336	0.00422062	0.000530699	0.00165041	0.013919	0.00126428	0.00168026	0.311628	0.00112801	0.0753115	0.011817	0.000773202	0.00184042	0.00119027	0.00184693	0.013493	0.0252452	0.490519	0.0028237	0.00338523
120	0.0200501	0.00190354	0.619853	0.0130559	0.00236335	0.00829053	0.0482756	0.00358433	0.0150779	0.0101832	0.00652186	0.141057	0.0026158	0.0222578	0.00681176	0.038999	0.0290817	0.00596808	0.00100292	0.00304684
121	0.0922284	0.00209484	0.0499515	0.155033	0.0129263	0.00316576	0.0241385	0.0290134	0.0895103	0.157417	0.0742913	0.0168993	0.00282639	0.14001	0.0726631	0.00684802	0.0288951	0.0219655	0.0143575	0.00576532
122	0.156114	0.0658509	0.00123849	0.00314598	0.00431003	0.00549001	0.00429658	0.129124	0.00364029	0.151346	0.0300776	0.00473483	0.00515305	0.00494991	0.00602149	0.0479231	0.0664389	0.302071	0.0036488	0.00442518
123	0.114534	0.0253984	0.00203943	0.00442443	0.00680831	0.00563229	0.00203828	0.240374	0.00367693	0.120291	0.0268797	0.00202601	0.0164681	0.00504879	0.005668	0.0328921	0.0599296	0.318405	0.00309337	0.00437222
124	0.101092	0.00442966	0.185473	0.182421	0.00108387	0.0210675	0.0139812	0.00156006	0.0597514	0.0210793	0.00150106	0.0389254	0.18821	0.0691778	0.0136002	0.0446076	0.0428882	0.00767089	0.000451722	0.00102752
125	0.0793889	0.0162453	0.0276034	0.0517513	0.00490794	0.00642025	0.047625	0.00738082	0.0633811	0.0519792	0.0115465	0.0320252	0.231388	0.109326	0.0590989	0.0625532	0.0978925	0.03371	0.0011163	0.00466
126	0.0251307	0.00677844	0.0806376	0.128501	0.0556468	0.00838247	0.061042	0.076198	0.0509903	0.111918	0.0489104	0.0309655	0.00373202	0.0525338	0.0393855	0.0403335	0.0164611	0.102653	0.00652266	0.0532765
127	0.0234276	0.00624849	0.00249364	0.00390383	0.0786346	0.00254779	0.00550491	0.0983266	0.00939954	0.464254	0.146279	0.00559453	0.00766875	0.0127013	0.00980444	0.0113667	0.0160957	0.0605151	0.0119456	0.023288
128	0.0266111	0.0154651	0.0497379	0.146205	0.0434373	0.00711743	0.0227866	0.0733067	0.0514887	0.177115	0.0851085	0.0136827	0.00398591	0.069983	0.0408222	0.0338077	0.0203022	0.0709387	0.00982725	0.0382704
129	0.129718	0.00275996	0.059477	0.169248	0.00210361	0.00941604	0.019039	0.00654214	0.128302	0.01215	0.00585425	0.0203269	0.00802398	0.137433	0.108743	0.0829175	0.0743674	0.0108991	0.0100502	0.00262945
130	0.140784	0.0494592	0.0290538	0.0337975	0.00288892	0.0139467	0.00285939	0.204769	0.0140872	0.0276966	0.0186661	0.0036023	0.00319638	0.02734	0.0051794	0.00914175	0.138447	0.270893	0.00105576	0.00313562
131	0.482163	0.0329427	0.00802885	0.0110729	0.00981898	0.0495432	0.0120722	0.0251316	0.0131873	0.0560942	0.0131551	0.00953074	0.0082346	0.0131289	0.0215643	0.103811	0.0465106	0.0725878	0.00336156	0.00806118
132	0.0508668	0.00672856	0.00333432	0.0157826	0.00735212	0.00473697	0.00805225	0.327325	0.0172458	0.0588932	0.0381055	0.00390777	0.00265585	0.0109917	0.0652359	0.0236356	0.0537738	0.27368	0.00185803	0.0258385
133	0.0996139	0.00164993	0.0460244	0.152913	0.0106703	0.0030794	0.0205526	0.0267599	0.0962662	0.157147	0.0703098	0.0188947	0.00279209	0.142475	0.0771164	0.00523129	0.0328527	0.0180418	0.0147081	0.00290142
134	0.0898913	0.00629326	0.0139169	0.0527184	0.00071708	0.0182312	0.00560845	0.00826436	0.362587	0.0116082	0.00450352	0.0318892	0.00497933	0.0712738	0.245723	0.0444592	0.0192624	0.004253	0.000303648	0.00351697
135	0.14069	0.00429984	0.00690287	0.0164018	0.0308096	0.012235	0.012205	0.0185104	0.151919	0.11084	0.0586384	0.0580755	0.0038289	0.128303	0.0571711	0.0666943	0.0190269	0.0551917	0.00253808	0.0457188
136	0.148666	0.00580094	0.0140157	0.00915995	0.0092943	0.00587293	0.00474738	0.0118376	0.0266372	0.0268113	0.00779104	0.0307306	0.00572534	0.0260272	0.037861	0.168559	0.388006	0.0581728	0.00331473	0.010969
137	0.0593194	0.00282035	0.00576567	0.0248244	0.024336	0.0803968	0.0803819	0.0259138	0.243589	0.0208469	0.0137186	0.121363	0.0210011	0.0714484	0.11257	0.0466606	0.0201131	0.0120811	0.00151797	0.0113315
138	0.0709921	0.000949957	0.0312613	0.0911754	0.00273365	0.305916	0.0253923	0.00307988	0.0642611	0.00866728	0.00246339	0.0818644	0.024572	0.0603018	0.0516391	0.124172	0.0306275	0.00928178	0.000847022	0.00980251
139	0.0656402	0.00577765	0.011751	0.0112364	0.0382681	0.0517998	0.27675	0.0104318	0.084801	0.0641555	0.0112329	0.193413	0.0361965	0.0190313	0.0177808	0.0210517	0.0224341	0.0440914	0.00312708	0.0110294
140	0.0426071	0.0145313	0.0101086	0.00968804	0.283165	0.00774908	0.0493525	0.0197902	0.0173981	0.0683619	0.063671	0.0194103	0.00758212	0.0232271	0.0376826	0.0180495	0.0471391	0.0160459	0.0442263	0.200214
141	0.0721535	0.00959577	0.0682853	0.049288	0.0174388	0.023086	0.0217951	0.0262803	0.0427636	0.141155	0.0240312	0.0238431	0.24225	0.0519541	0.0339339	0.0511496	0.0546006	0.0296155	0.00524782	0.0115333
142	0.231306	0.0122005	0.0210248	0.0317328	0.0244365	0.0487572	0.0285017	0.0247642	0.038199	0.0604628	0.0284306	0.0331739	0.0150239	0.0764752	0.0389017	0.10822	0.0659145	0.0551417	0.00633826	0.0509949
143	0.101521	0.0103728	0.00250454	0.0140131	0.022541	0.0169571	0.016756	0.0341489	0.0124405	0.048428	0.00197142	0.00254702	0.564078	0.00498565	0.00653841	0.0235819	0.0725081	0.0345168	0.00796301	0.00162661
144	0.038917	0.00552203	0.0835789	0.103174	0.120398	0.0134123	0.0359258	0.061712	0.0654333	0.1331	0.0690047	0.0200101	0.00361768	0.0668345	0.0287475	0.0328337	0.0122506	0.0401396	0.00749522	0.0578938
145	0.178911	0.00589957	0.00854	0.0576718	0.00984523	0.0148024	0.0286197	0.0191847	0.233603	0.0531217	0.019968	0.0501015	0.0036196	0.0524632	0.151708	0.038314	0.0239104	0.030041	0.000997039	0.0186777
146	0.110742	0.0235711	0.00118499	0.00319763	0.0109827	0.00560573	0.00156306	0.259797	0.00290959	0.189869	0.0358436	0.00150852	0.00573846	0.0036807	0.00498416	0.0271169	0.0458139	0.258074	0.00199738	0.00581972
147	0.0301912	0.00851699	0.000737347	0.00242142	0.0254595	0.00401917	0.000819673	0.321679	0.00361936	0.322736	0.032094	0.000923049	0.00359902	0.00156119	0.000916001	0.00292242	0.0116435	0.213885	0.00340382	0.00885237
148	0.0194267	0.00207628	0.37979	0.29671	0.00201479	0.00463528	0.0212592	0.00267242	0.0618325	0.00758115	0.00431623	0.0205723	0.00325414	0.0963691	0.0311791	0.0068347	0.0224098	0.0134267	0.00126501	0.00237407
149	0.308592	0.133751	0.00191456	0.00300065	0.00175981	0.0136332	0.00830296	0.0277775	0.0043786	0.0655587	0.00517337	0.00833336	0.00255298	0.00273171	0.00846897	0.0915947	0.0985875	0.210322	0.00238487	0.00118162
150	0.0440846	0.0106266	0.000704275	0.00438119	0.0281961	0.00313549	0.00165563	0.283047	0.00329723	0.228988	0.0378203	0.00142573	0.00392157	0.00163081	0.00145279	0.00769754	0.0200027	0.301363	0.00890864	0.0076605
151	0.0652067	0.00681226	0.0174347	0.221819	0.00282832	0.0208574	0.00688674	0.00620021	0.26009	0.0114998	0.0068688	0.0131899	0.00681937	0.100089	0.190869	0.0232821	0.0235298	0.00973314	0.002557	0.00342731
152	0.266556	0.00764704	0.00609485	0.0651799	0.0227283	0.0241222	0.0380132	0.0424492	0.0946661	0.0646847	0.0186597	0.0488631	0.00174271	0.041765	0.0661187	0.0514532	0.0459399	0.073858	0.000678668	0.0187801
153	0.0935555	0.000865204	0.0283132	0.0938848	0.00206129	0.282617	0.0340721	0.00385315	0.0480169	0.00947061	0.0021689	0.0740967	0.0142576	0.0605616	0.0462335	0.146799	0.0350349	0.0106632	0.000602197	0.0128727
154	0.027751	0.00698463	0.00980411	0.0233579	0.00663645	0.033076	0.0147569	0.201564	0.020521	0.260679	0.0249358	0.0105125	0.00220057	0.00678033	0.011753	0.0151135	0.0766623	0.193056	0.0054613	0.0483935
155	0.251824	0.00169788	0.089445	0.129129	0.000802831	0.021253	0.0146429	0.00993793	0.0974724	0.0208463	0.00386669	0.0407174	0.0153814	0.100221	0.0417992	0.0881857	0.0508756	0.0164247	0.00188774	0.0035898
156	0.270359	0.0120776	0.0450421	0.0139478	0.0165751	0.307871	0.0103624	0.0317185	0.0169414	0.0449942	0.0338387	0.0136342	0.00677749	0.0150904	0.0320246	0.0595185	0.0257978	0.0307625	0.0029064	0.00976059
157	0.0352873	0.0100881	0.00375109	0.0088156	0.0855819	0.00304129	0.01635	0.0677719	0.0307616	0.347962	0.112807	0.00860735	0.00576349	0.0347054	0.0307371	0.0368171	0.0148976	0.0524631	0.0170851	0.0767061
158	0.113103	0.00172433	0.0481706	0.16741	0.00762464	0.00400178	0.0176897	0.0214651	0.109899	0.14297	0.0617033	0.0154239	0.00361955	0.134039	0.0820504	0.00518209	0.0311201	0.0184786	0.0118491	0.00247636
159	0.266915	0.00836411	0.00606818	0.0640897	0.0212087	0.0229988	0.0393392	0.0420057	0.0939612	0.0665154	0.0192482	0.0454938	0.00190752	0.0416361	0.0654786	0.0512189	0.046897	0.0767111	0.000830563	0.0191125
160	0.165885	0.0044414	0.0543721	0.193515	0.00377154	0.0222384	0.0153331	0.0129341	0.112457	0.0227827	0.00950322	0.0274074	0.0225123	0.0809775	0.0487385	0.073542	0.0926878	0.0270002	0.00393377	0.00596715
161	0.61913	0.0226427	0.00472463	0.00910529	0.00377523	0.0211073	0.0183562	0.00481764	0.0074921	0.0237418	0.00283165	0.00984129	0.00824413	0.0100665	0.0473728	0.12123	0.0238591	0.0386573	0.000706003	0.00229819
162	0.264674	0.00693592	0.00711363	0.0606483	0.0250103	0.0397203	0.0393164	0.0401026	0.0866589	0.0665778	0.0154732	0.0575486	0.00213635	0.0452534	0.0678638	0.0597968	0.0342748	0.0644927	0.000636893	0.0157648
163	0.113373	0.0240495	0.00955678	0.0141116	0.158093	0.0317829	0.0165839	0.0489037	0.0179825	0.172133	0.0496477	0.0140085	0.0289349	0.0236212	0.0200433	0.0422503	0.0893373	0.0661872	0.0152884	0.0441112
164	0.464466	0.0195604	0.0126715	0.00517913	0.0121941	0.225271	0.00900811	0.00896816	0.014972	0.0204337	0.0107854	0.0064509	0.00420261	0.00692718	0.0183319	0.0815671	0.0260542	0.0481573	0.00123856	0.00356052
165	0.0579376	0.0025421	0.09933	0.223047	0.00314733	0.014364	0.0243254	0.00493872	0.116704	0.0329398	0.0217104	0.0235461	0.0491362	0.135934	0.0810133	0.0298399	0.0527688	0.0210277	0.00376227	0.00198608
166	0.0460595	0.0280464	0.00788237	0.0162171	0.0350069	0.0115599	0.00831849	0.211888	0.0407131	0.266158	0.0515549	0.00852755	0.00675957	0.0197895	0.0176904	0.0181572	0.0305491	0.148948	0.00735289	0.0188208
167	0.420061	0.0284455	0.00562826	0.00340255	0.0153628	0.131469	0.00638893	0.0216595	0.00637777	0.0597003	0.0349887	0.00406325	0.00334677	0.00890263	0.00655908	0.0842603	0.0396298	0.102391	0.00404854	0.0133146
168	0.0898931	0.00474679	0.00189432	0.003586	0.015048	0.0105515	0.00839058	0.124776	0.0660417	0.0494906	0.136342	0.0248338	0.00147226	0.0641777	0.0924029	0.0316668	0.0667766	0.204351	0.000711145	0.00284799
169	0.0601895	0.0088907	0.0398777	0.023098	0.00494273	0.12454	0.0299037	0.00417319	0.0282039	0.0116862	0.00677133	0.0704742	0.00488321	0.0128355	0.0469987	0.39247	0.11241	0.0116147	0.00128498	0.00475237
170	0.0586825	0.000558175	0.0726391	0.0299726	0.00634848	0.0251011	0.0192588	0.00106038	0.183722	0.00950074	0.00413218	0.0715565	0.20799	0.0297228	0.0941668	0.107134	0.058029	0.0124173	0.00238929	0.00561795
171	0.0563369	0.00407172	0.00695529	0.411537	0.00538798	0.00739162	0.0359923	0.00711154	0.0112285	0.0127511	0.00756855	0.0265323	0.00471975	0.209974	0.0111236	0.011876	0.0861741	0.0759462	0.00222215	0.00509909
172	0.401706	0.148018	0.00738444	0.00467896	0.00292054	0.0161656	0.00699202	0.0196089	0.00572755	0.0353633	0.00396062	0.0121357	0.00368573	0.00450975	0.0163161	0.126432	0.082473	0.0985755	0.00138679	0.00196
173	0.0913964	0.00564847	0.0137957	0.0558344	0.000885002	0.0190485	0.00675387	0.00890981	0.357665	0.0114005	0.00439901	0.0361349	0.00489781	0.0686391	0.241347	0.0451344	0.0185306	0.00509264	0.00034889	0.0041387
174	0.110231	0.00120097	0.0355345	0.0823728	0.00327568	0.253231	0.0289491	0.00481674	0.0468972	0.0121119	0.00315875	0.0845144	0.0117849	0.0584554	0.0460456	0.15612	0.0343613	0.0149755	0.000693244	0.0112696
175	0.033088	0.00880055	0.00892915	0.0166791	0.0377652	0.00499385	0.0105111	0.0620556	0.0767094	0.356559	0.167098	0.0128325	0.00932466	0.0300879	0.033205	0.0242219	0.0225366	0.0495881	0.0109008	0.024113
176	0.0664229	0.00717943	0.00204325	0.00624879	0.0136307	0.00676762	0.0125041	0.22479	0.0421471	0.0385044	0.131816	0.0147944	0.00154681	0.0424563	0.101064	0.0229354	0.0629855	0.195388	0.000722848	0.0060523
177	0.0884444	0.000850263	0.0320039	0.0902466	0.00185574	0.280155	0.0390515	0.00351898	0.0470677	0.00993286	0.0018008	0.077629	0.0129482	0.0591498	0.0472309	0.148959	0.0342263	0.0106101	0.000711935	0.013607
178	0.0270728	0.00739217	0.000815623	0.00230545	0.0312908	0.00427665	0.00108605	0.306719	0.00349876	0.338575	0.0345797	0.00116373	0.00342019	0.00159032	0.00101073	0.00287519	0.011685	0.206574	0.00374003	0.0103282
179	0.0369184	0.00682924	0.011732	0.00704086	0.341768	0.00441906	0.0454647	0.0216854	0.0211413	0.0513975	0.039252	0.0103659	0.00687016	0.0122948	0.0135005	0.0125119	0.014121	0.00941302	0.0651547	0.268119
180	0.0372233	0.00486509	0.0833716	0.0324123	0.31055	0.00787633	0.0605359	0.0138848	0.0663878	0.0793198	0.0138898	0.043465	0.00380726	0.082736	0.0666396	0.0140587	0.0281056	0.0116796	0.00282681	0.0363644
181	0.181571	0.0108671	0.0131743	0.0173095	0.0191471	0.202563	0.0150066	0.021401	0.0242763	0.176377	0.021916	0.0526914	0.0207046	0.0226219	0.0191612	0.0492571	0.0740476	0.0351297	0.00598599	0.0167915
182	0.0752513	0.0236051	0.0126907	0.0650481	0.0100261	0.0106178	0.0141677	0.00806003	0.056534	0.0270728	0.0950317	0.0425461	0.0246327	0.152389	0.0491068	0.155485	0.150816	0.0180804	0.00288529	0.00595324
183	0.288855	0.00291445	0.0677752	0.117239	0.00299639	0.0118956	0.0261934	0.0205048	0.0693878	0.0263651	0.00891339	0.0361577	0.00657036	0.0835602	0.0563989	0.0958335	0.051916	0.0203714	0.00236681	0.00378532
184	0.0857605	0.0389689	0.00115893	0.00256032	0.0299662	0.0105034	0.00216332	0.103429	0.00318197	0.292967	0.138044	0.00203029	0.00310249	0.0188599	0.00678264	0.018533	0.0562225	0.169899	0.00335731	0.0125091
185	0.0704976	0.0021491	0.0396588	0.0884268	0.0026344	0.231558	0.0187141	0.00473244	0.158482	0.0082676	0.0031617	0.0779709	0.0151	0.07116	0.0691551	0.0843122	0.0397513	0.00722905	0.00108796	0.0059512
186	0.0745642	0.0024083	0.0528163	0.0369633	0.00435561	0.0230774	0.015126	0.00375373	0.24676	0.00942059	0.00380192	0.0582642	0.12882	0.0435072	0.152815	0.083938	0.0433336	0.00952626	0.00167032	0.00507751
187	0.0207827	0.00591819	0.103957	0.128813	0.0605672	0.00716717	0.045412	0.0627021	0.0589033	0.128423	0.0608079	0.0507116	0.00350081	0.06637	0.0299365	0.0377113	0.0151827	0.0628299	0.007582	0.0427215
188	0.0567677	0.00130444	0.0618843	0.0265422	0.00674449	0.0306314	0.0321044	0.00283122	0.178462	0.0150216	0.00475692	0.0746111	0.17858	0.0393658	0.102419	0.0996014	0.0601326	0.0155693	0.00411514	0.00855481
189	0.0693269	0.00725302	0.0111722	0.0160955	0.0750282	0.0964463	0.0221296	0.0487581	0.0873228	0.0237034	0.0145136	0.0571401	0.0439503	0.0259698	0.173721	0.0298128	0.0579672	0.0214769	0.00344811	0.114764
190	0.232011	0.00822575	0.0286479	0.0255812	0.010744	0.232587	0.0151752	0.0302148	0.0330053	0.0300291	0.0133443	0.0374854	0.015428	0.0286163	0.0334016	0.122904	0.0440988	0.0396261	0.00148647	0.0173868
191	0.0513198	0.00272736	0.00671638	0.0272737	0.00955763	0.0268331	0.097586	0.0119208	0.254522	0.0136146	0.00730676	0.117708	0.0112838	0.0885137	0.137124	0.0667048	0.0340076	0.00802742	0.0013011	0.0259517
192	0.0253549	0.00288782	0.000423992	0.00111526	0.0100634	0.000726744	0.00147669	0.328264	0.000806924	0.0636142	0.00898104	0.000645888	0.00122631	0.00079827	0.000791508	0.0108659	0.0173366	0.519711	0.00269979	0.0022096
193	0.378526	0.0183428	0.0115468	0.00481274	0.0156223	0.323339	0.00990287	0.00876985	0.0136663	0.0199233	0.0167262	0.00902104	0.00543427	0.00475398	0.0163701	0.0876348	0.0232831	0.0246903	0.00208462	0.0055491
