206	20
1	0.0351246	0.0121496	0.00045906	0.000719926	0.341636	0.011793	0.0272136	0.074447	0.0012737	0.124506	0.0236366	0.0123337	0.00587267	0.014016	0.00848167	0.00789837	0.0161079	0.0608383	0.0210026	0.20049
2	0.0676528	0.0169727	0.00290701	0.00400381	0.0556879	0.0148287	0.0031834	0.192127	0.00318267	0.224678	0.093621	0.0088975	0.00306384	0.00716207	0.00426577	0.0376545	0.0805496	0.170253	0.00299094	0.00631773
3	0.0942106	0.0290385	0.00485365	0.0020815	0.320526	0.00792426	0.0025273	0.0788054	0.0014506	0.141849	0.0181114	0.00336025	0.00195217	0.00305591	0.00210762	0.0249787	0.040276	0.216528	0.00269168	0.0036717
4	0.0449199	0.0186742	0.000453959	0.000523629	0.225857	0.0279711	0.0103521	0.141807	0.000748085	0.167698	0.019186	0.00690012	0.00400208	0.00916316	0.000637976	0.0177702	0.0294436	0.136649	0.0545442	0.0826979
5	0.0465332	0.0141051	0.000476943	0.00110403	0.17651	0.0302138	0.00907987	0.155242	0.0019372	0.17814	0.0223541	0.00677723	0.00370701	0.0138528	0.00149738	0.0184633	0.0337054	0.136578	0.0555104	0.0942121
6	0.0768895	0.485025	0.00104458	0.00201034	0.0470418	0.0526442	0.00177001	0.0269388	0.00174338	0.0137643	0.0313317	0.00321168	0.00361833	0.00297607	0.00233625	0.121878	0.0559872	0.0637324	0.00146464	0.0045917
7	0.140451	0.0349431	0.00204681	0.0175302	0.00856137	0.0552607	0.00285236	0.20634	0.00280711	0.0164516	0.00910015	0.0652683	0.00368612	0.0197051	0.00340248	0.105817	0.0627803	0.236283	0.00217917	0.00453338
8	0.0373907	0.00815162	0.000179265	0.000890598	0.0407978	0.00536329	0.000441116	0.351709	0.000322528	0.282742	0.0359958	0.000651716	0.000355505	0.00113969	0.000322396	0.00451556	0.0261239	0.197023	0.00038116	0.0055039
9	0.0801151	0.00447181	0.0200192	0.00127529	0.00435006	0.018462	0.00376507	0.0130333	0.00705747	0.0326089	0.00333252	0.0283781	0.0901744	0.023627	0.020734	0.418902	0.204439	0.0225214	0.000916081	0.00181733
10	0.0790623	0.00573663	0.0209418	0.00202956	0.00404313	0.0168622	0.00329898	0.0205411	0.00547	0.0292102	0.00530127	0.0334835	0.0660808	0.0257643	0.0140627	0.34969	0.289077	0.0261959	0.00126458	0.00188413
11	0.023117	0.00750755	0.000195206	0.000269769	0.0294257	0.000906293	0.000420438	0.394042	0.000271074	0.270465	0.0372704	0.000638029	0.000374752	0.000769521	0.000295492	0.00324303	0.0240705	0.19956	0.000234964	0.00692275
12	0.0268618	0.00589774	0.0375019	0.206315	0.0174134	0.0128887	0.0639277	0.0207638	0.0245309	0.0487475	0.0101293	0.0223204	0.0109313	0.333917	0.0415317	0.0569132	0.0285785	0.0267743	0.00127717	0.00277839
13	0.0273629	0.000917081	0.000404111	0.011327	0.0020574	0.0145619	0.0207035	0.0208783	0.377538	0.064393	0.0152116	0.0151648	0.0213833	0.0311932	0.259007	0.0370829	0.037414	0.0348992	0.00396777	0.00453372
14	0.0325434	0.00994028	0.0117998	0.0917229	0.0345141	0.0284554	0.0572125	0.0220383	0.0618817	0.0484545	0.0178212	0.0560755	0.00404636	0.360476	0.0569239	0.0503425	0.0181395	0.0329165	0.00127459	0.00342038
15	0.00521947	0.00503287	0.000434091	0.000467558	0.607197	0.00201828	0.00166342	0.00753098	0.000690754	0.0564397	0.0142794	0.00329778	0.00327606	0.00576587	0.00324537	0.0181434	0.010819	0.0160868	0.00655357	0.231839
16	0.0326438	0.00224552	0.179345	0.141184	0.00269521	0.0878272	0.0634086	0.0174439	0.066138	0.00985169	0.00661767	0.136005	0.00104455	0.0722524	0.0214768	0.10366	0.022121	0.00824512	0.000511652	0.025283
17	0.0208306	0.00199472	0.00042972	0.00361371	0.292024	0.00173577	0.000712075	0.144889	0.000671358	0.341564	0.0762999	0.0012676	0.00330147	0.00337638	0.000858436	0.00337937	0.00598141	0.057278	0.000605537	0.0391864
18	0.0330808	0.00167801	0.0369018	0.00646726	0.00877308	0.051345	0.0200448	0.00840084	0.0630123	0.0261956	0.00241771	0.0773696	0.0390853	0.0500674	0.07893	0.290513	0.184129	0.0127285	0.00283982	0.00602069
19	0.177125	0.0255654	0.0116743	0.00199211	0.0212877	0.0571088	0.00502724	0.0234678	0.00639292	0.0230749	0.0110781	0.0298542	0.0361608	0.0107282	0.0109519	0.330531	0.172342	0.0377427	0.00110303	0.00679192
20	0.160909	0.00298433	0.00103074	0.0253118	0.0557893	0.0110243	0.00151639	0.0137956	0.0289211	0.069319	0.0248187	0.0216233	0.00218721	0.0402425	0.0346863	0.163284	0.235693	0.0832106	0.00156975	0.0220831
21	0.141515	0.0338916	0.00141737	0.0035529	0.0247882	0.0173389	0.00162928	0.130532	0.0017989	0.0606523	0.0395514	0.0133826	0.00710098	0.00431414	0.00326602	0.192958	0.19422	0.113266	0.0014715	0.0133525
22	0.204577	0.0146448	0.00017247	0.00384535	0.00876354	0.552316	0.00148694	0.00737174	0.000223773	0.00787985	0.00430562	0.0094611	0.00331264	0.0027761	0.00291179	0.148718	0.0153793	0.0112082	0.000254693	0.000390617
23	0.103161	0.0276918	0.000293509	0.000427345	0.067716	0.0369675	0.000424442	0.236908	0.000342051	0.1584	0.0421068	0.00110949	0.000468868	0.000570843	0.0028237	0.0444778	0.0624051	0.20427	0.00707673	0.00235959
24	0.0208849	0.00777804	0.000270668	0.000380278	0.0730985	0.00168923	0.00114135	0.349366	0.000672831	0.279646	0.0482146	0.00122273	0.00127545	0.0015563	0.000282336	0.00763606	0.026617	0.174249	0.000240705	0.00377737
25	0.276854	0.0113352	0.000733961	0.00109851	0.00410279	0.0153639	0.001447	0.0434411	0.00114717	0.0532397	0.0297657	0.0154947	0.0858464	0.00182593	0.00214876	0.11302	0.122038	0.199571	0.00690131	0.0146255
26	0.0359055	0.0168078	0.000377927	0.000720067	0.240156	0.0240072	0.00796884	0.141051	0.00152255	0.172384	0.0219633	0.00607076	0.00657298	0.00866027	0.000708659	0.0145331	0.0278893	0.128961	0.0454832	0.098257
27	0.029058	0.0098271	0.000222922	0.000358966	0.0427179	0.00372757	0.000624536	0.369097	0.000317987	0.257526	0.0404177	0.000779675	0.000531949	0.000890704	0.000375037	0.00717832	0.0300446	0.199107	0.000798926	0.00639821
28	0.196553	0.0756182	0.0029281	0.0011052	0.0245429	0.0832914	0.00114489	0.0362909	0.000973143	0.020361	0.0161496	0.00462205	0.0168631	0.00190966	0.00204085	0.268961	0.18605	0.0536655	0.000765879	0.0061638
29	0.0336234	0.010947	0.000540755	0.000634148	0.346132	0.00909169	0.0586605	0.0366522	0.000732183	0.0655133	0.0149724	0.0168377	0.00539952	0.0222505	0.0166234	0.00497265	0.011267	0.0178913	0.00999136	0.317267
30	0.0108017	0.0166538	0.000735367	0.000999709	0.296726	0.00420732	0.00397892	0.103438	0.00632911	0.158938	0.0247983	0.00333363	0.00965061	0.00942326	0.00128756	0.00671189	0.00826936	0.08982	0.0182673	0.22563
31	0.220819	0.0187837	0.000324058	0.00398534	0.0121141	0.508565	0.0019537	0.0124456	0.000466095	0.0117525	0.00534159	0.00851392	0.0031848	0.00301027	0.00299033	0.14529	0.0186653	0.0198093	0.00064336	0.0013414
32	0.168748	0.0117385	0.0283638	0.0393586	0.00752945	0.20986	0.0198233	0.0180615	0.0453368	0.0136825	0.00625628	0.0544015	0.00237131	0.0748387	0.0591527	0.140527	0.0785491	0.0102698	0.00164576	0.00948544
33	0.141061	0.00417536	0.0126524	0.0129788	0.0238575	0.106925	0.0380739	0.0272205	0.0656613	0.0568367	0.00558207	0.0249574	0.00610491	0.0378905	0.178031	0.144562	0.0537848	0.0439842	0.00482719	0.0108326
34	0.0510594	0.0243199	0.00827251	0.00367953	0.0135021	0.0543108	0.137517	0.0233597	0.035496	0.0150485	0.0132091	0.288415	0.00316262	0.0320577	0.0882514	0.120744	0.0164797	0.0359213	0.00247189	0.0327216
35	0.0271991	0.00101061	0.000916741	0.0115081	0.00244619	0.014414	0.022001	0.0210072	0.368955	0.0645312	0.0151528	0.0153616	0.020271	0.033137	0.262711	0.0381796	0.0372537	0.0352657	0.00395482	0.00472355
36	0.105661	0.00941909	0.00219396	0.00366392	0.0193956	0.107984	0.00407349	0.0827576	0.00389862	0.0543884	0.0350875	0.0261653	0.19537	0.00601745	0.00734323	0.102547	0.102958	0.119809	0.00333497	0.00793325
37	0.0271644	0.000975001	0.000416825	0.0110261	0.00204097	0.0142069	0.0212395	0.0208079	0.374419	0.0654399	0.0154029	0.0148375	0.0203675	0.032119	0.263331	0.0361033	0.0364463	0.0352848	0.00383662	0.00453473
38	0.0229113	0.00830436	0.00017673	0.00025161	0.0365658	0.00106496	0.000463421	0.380087	0.000334905	0.274408	0.041559	0.000688196	0.000438197	0.00084241	0.000284266	0.00413181	0.0249431	0.196144	0.000256083	0.00614441
39	0.207566	0.0147087	0.000179289	0.00395484	0.0089486	0.547725	0.00148474	0.00743043	0.000228629	0.00792155	0.00444845	0.00940675	0.00324281	0.00280634	0.00292375	0.149371	0.0156406	0.0113583	0.000261636	0.000393197
40	0.049677	0.0157685	0.000428546	0.000547697	0.180273	0.0323093	0.00870063	0.159068	0.000584403	0.160972	0.0178191	0.00781834	0.00317732	0.010619	0.000601958	0.020606	0.0351605	0.137979	0.0603892	0.0975022
41	0.202622	0.0145646	0.000176203	0.00376642	0.00867918	0.555029	0.00150325	0.00728549	0.000223756	0.00784282	0.00420807	0.00953397	0.00337339	0.002706	0.00289844	0.148444	0.0153353	0.0111651	0.000252525	0.000389953
42	0.0889342	0.0398716	0.00150656	0.00191031	0.00688444	0.0574395	0.00332809	0.128042	0.00173445	0.192372	0.126163	0.00535793	0.00256831	0.00362556	0.00239157	0.180233	0.0399256	0.112842	0.00129822	0.00357158
43	0.0596406	0.0115054	0.000438181	0.00207768	0.0944608	0.0171564	0.000437029	0.217622	0.000718567	0.362983	0.0373838	0.000588305	0.000627688	0.00279827	0.000328226	0.0086862	0.0209762	0.160915	0.000150047	0.000506737
44	0.0499321	0.0211098	0.000345281	0.000304479	0.0871555	0.0147743	0.000611655	0.250965	0.000889124	0.268486	0.0521174	0.000825069	0.000818548	0.00130601	0.000843564	0.023109	0.043373	0.178818	0.00254204	0.00167362
45	0.0406426	0.00412294	0.00597252	0.00931488	0.0476821	0.00247843	0.00248999	0.144638	0.010133	0.233818	0.226445	0.0138992	0.00248912	0.0101343	0.00375099	0.0172318	0.0723604	0.139926	0.00135262	0.0111176
46	0.21953	0.0154374	0.000180177	0.00450311	0.00962201	0.527742	0.00148865	0.00799705	0.000228911	0.00839777	0.00504348	0.00918575	0.00291707	0.00316938	0.00306792	0.152968	0.0157944	0.0120262	0.000281502	0.000419419
47	0.0458299	0.0100807	0.000281948	0.00122344	0.0836099	0.00927917	0.000554174	0.269648	0.000744165	0.33008	0.0415976	0.000694414	0.000782314	0.00196318	0.000290716	0.00770705	0.0259401	0.167768	0.000168458	0.00175621
48	0.202366	0.0160958	0.000212803	0.00372197	0.00942215	0.543958	0.0014875	0.00741066	0.000228213	0.00814428	0.00440939	0.00966393	0.00332325	0.0027023	0.002867	0.153648	0.0175389	0.0117318	0.000273804	0.000794496
49	0.208427	0.0915321	0.00123894	0.000847093	0.0352146	0.09891	0.0016536	0.0389159	0.000962174	0.025314	0.0211909	0.00573249	0.00716908	0.00156339	0.00206686	0.254963	0.134363	0.0590614	0.00118992	0.00968559
50	0.0208307	0.00162909	0.000445588	0.00351853	0.292636	0.00169641	0.000714693	0.144344	0.00069005	0.344252	0.0753155	0.00125074	0.00325319	0.00337209	0.000867602	0.00314244	0.00582392	0.0567777	0.000517244	0.0389228
51	0.0231831	0.00806895	0.000170087	0.000249764	0.0333009	0.00100149	0.000439742	0.384915	0.000310124	0.271767	0.0398692	0.000654048	0.00040072	0.000795485	0.000292303	0.00378586	0.0251665	0.198864	0.000251892	0.00651322
52	0.0250135	0.0149793	0.00038788	0.000500807	0.375822	0.00799807	0.0295842	0.0537153	0.00158275	0.0833921	0.0174301	0.0104549	0.0108893	0.0185921	0.0118384	0.00625841	0.00907622	0.0350108	0.0163717	0.271103
53	0.352705	0.0194845	0.00361679	0.000857498	0.0361956	0.0423833	0.00548442	0.0455617	0.000713386	0.0317554	0.016545	0.00794151	0.0040381	0.00250489	0.00122012	0.264773	0.0964178	0.0603529	0.00171049	0.00573957
54	0.0702987	0.0217276	0.0012371	0.00225788	0.00775682	0.0400924	0.00364194	0.160247	0.00166789	0.24693	0.0918404	0.00651363	0.00226735	0.00425909	0.00465922	0.174673	0.0513754	0.103533	0.00112514	0.00389664
55	0.132701	0.00986872	0.00299378	0.00678704	0.0339405	0.0386698	0.00209808	0.0439509	0.00527703	0.0212711	0.00689356	0.00617376	0.379357	0.00597159	0.00283914	0.0909683	0.135601	0.0590054	0.0017256	0.013906
56	0.0296432	0.00978774	0.0055044	0.0734225	0.0301663	0.0229721	0.0968792	0.0212584	0.0557531	0.0426747	0.0171257	0.0662397	0.00366365	0.388215	0.04045	0.0402599	0.0224899	0.0289844	0.00128364	0.00322643
57	0.0433222	0.0161315	0.000341772	0.000483959	0.220666	0.0289937	0.00947416	0.141972	0.000860566	0.16542	0.0186873	0.00817955	0.00424946	0.00967831	0.000886177	0.0181411	0.0296161	0.131068	0.0557679	0.0960603
58	0.0283236	0.0126051	0.000695969	0.00283006	0.236369	0.00609101	0.000877787	0.145337	0.0017526	0.365203	0.0622314	0.00174688	0.00283759	0.0053026	0.00131112	0.00986989	0.0119177	0.0770678	0.00178641	0.0258429
59	0.0932488	0.0292112	0.000263598	0.000350451	0.0675184	0.033422	0.000415685	0.245719	0.000348675	0.168101	0.0433117	0.000796495	0.000378932	0.000546188	0.00205406	0.0396911	0.0580531	0.20707	0.00666252	0.0028377
60	0.0932943	0.00998239	0.00034454	0.00442281	0.0775184	0.0258312	0.000439917	0.20972	0.00045003	0.35604	0.0240661	0.000681127	0.000450486	0.0027392	0.000387319	0.00508699	0.0205571	0.166986	0.000241058	0.000761693
61	0.21854	0.0152185	0.000180572	0.00438686	0.00947853	0.529982	0.0015059	0.00786176	0.00024127	0.00827354	0.00490801	0.00925978	0.00297561	0.00310341	0.0030221	0.152833	0.0157155	0.0118278	0.000288944	0.000397296
62	0.0322408	0.0105322	0.00516753	0.0904874	0.0370548	0.0261688	0.0559635	0.0226274	0.0633979	0.0509667	0.0192725	0.0548829	0.00350499	0.382188	0.0489965	0.0456528	0.0148069	0.0328303	0.00110413	0.00215382
63	0.0300921	0.0132729	0.000408313	0.000391336	0.108611	0.0062985	0.000863087	0.245175	0.00128982	0.338973	0.0540896	0.00102299	0.00126548	0.00194247	0.000271683	0.0128152	0.0274762	0.15497	0.000221423	0.000550251
64	0.0314659	0.0130792	0.000424858	0.00054206	0.107749	0.00701837	0.000805424	0.242235	0.00124617	0.34602	0.0527786	0.000960817	0.00122366	0.00198665	0.000276041	0.0119744	0.0259923	0.153533	0.00015639	0.000532563
65	0.0712832	0.0178741	0.00271866	0.00423892	0.0177425	0.0107202	0.0246593	0.182708	0.00213233	0.184659	0.11187	0.0211255	0.00477082	0.0162388	0.00905341	0.0602353	0.0866791	0.163514	0.00157299	0.00620362
66	0.213996	0.0148979	0.000214601	0.00418063	0.00940357	0.535537	0.0015888	0.0077861	0.000238836	0.008205	0.00473165	0.00937705	0.00305609	0.00291338	0.00303956	0.152189	0.0160162	0.0119083	0.000263865	0.000455928
67	0.102343	0.0292998	0.000322474	0.000533182	0.0681866	0.0341686	0.000398287	0.244284	0.000383239	0.162657	0.0436514	0.000752842	0.000448537	0.000585172	0.00205148	0.0394794	0.057869	0.203769	0.00622393	0.00259323
68	0.207011	0.014743	0.000213191	0.00393667	0.00886702	0.547885	0.00155982	0.00738344	0.000263094	0.00790062	0.00450564	0.00951368	0.00328434	0.00280207	0.00304359	0.14957	0.0155359	0.0113028	0.000275238	0.00040319
69	0.254428	0.014974	0.00895784	0.00133339	0.0526415	0.0711184	0.00770703	0.013569	0.00432633	0.0160417	0.017961	0.0772588	0.0016696	0.00241031	0.00891784	0.307345	0.0832026	0.0340258	0.00102585	0.0210858
70	0.288908	0.0168524	0.00965171	0.00106427	0.0118741	0.0123345	0.00492604	0.018634	0.000748653	0.0166171	0.00464292	0.0131807	0.0530599	0.00483599	0.00188289	0.268311	0.229412	0.0395552	0.000703822	0.00280431
71	0.117209	0.025382	0.00145428	0.00477699	0.0377591	0.0451272	0.00212454	0.0927375	0.00346305	0.0465251	0.0148279	0.00805316	0.245511	0.00951045	0.00318349	0.0517923	0.164356	0.110624	0.00281788	0.012765
72	0.0223213	0.00107872	0.000405304	0.0130928	0.055812	0.00158691	0.00374057	0.137544	0.0288976	0.379835	0.0853037	0.00158699	0.0133167	0.0474307	0.0198303	0.0157301	0.0226308	0.129676	0.00696278	0.0132178
73	0.0374337	0.0106249	0.000504469	0.00073804	0.392643	0.0156532	0.0351054	0.039458	0.000942395	0.0604787	0.0120624	0.0114151	0.00603306	0.0214397	0.0231002	0.00587759	0.011543	0.0262777	0.0180338	0.270635
74	0.089272	0.0452219	0.00443618	0.00654461	0.0125221	0.00749451	0.00303423	0.0999314	0.00164183	0.0212416	0.0202334	0.0677048	0.0234075	0.00762007	0.00263234	0.1914	0.312525	0.0778673	0.00129189	0.00397809
75	0.0414556	0.0120169	0.00021847	0.000787318	0.0382978	0.00717055	0.000636788	0.341272	0.000295623	0.264177	0.0370092	0.000990792	0.000649278	0.00148048	0.000904296	0.00894794	0.0340435	0.201506	0.00123865	0.00690172
76	0.20328	0.014498	0.0002086	0.00379	0.00871331	0.553474	0.00153485	0.00735816	0.000226718	0.00787446	0.00424509	0.0094928	0.00335818	0.00277901	0.00295659	0.148687	0.015526	0.011356	0.000252617	0.000388362
77	0.0442737	0.0255373	0.00193525	0.00267467	0.0124523	0.00630788	0.00290943	0.136717	0.00256593	0.193404	0.0565994	0.00753885	0.0567023	0.0361921	0.00501829	0.033716	0.180902	0.112077	0.0319919	0.0504852
78	0.259118	0.0148366	0.0130496	0.00134459	0.00966299	0.0143102	0.00184662	0.0149816	0.000906605	0.0128018	0.00329193	0.00967902	0.0679065	0.00449251	0.00256495	0.266176	0.256013	0.0441733	0.000811712	0.00203317
79	0.0297597	0.0149566	0.000467907	0.000528691	0.359709	0.00913721	0.0375882	0.0457276	0.00106447	0.0727029	0.0149612	0.0125561	0.0073275	0.0185677	0.0147006	0.00511769	0.00950778	0.0282003	0.0133199	0.304099
80	0.0294965	0.0120106	0.000318724	0.000614977	0.0907354	0.00569419	0.000764483	0.271137	0.00141588	0.337359	0.0519425	0.00089594	0.00122411	0.00227941	0.000515229	0.010172	0.0244018	0.156927	0.000322436	0.001774
81	0.0189558	0.00156384	0.224423	0.167048	0.00263702	0.0532298	0.0657514	0.0182031	0.0618937	0.0113655	0.00725132	0.139612	0.0012156	0.0672492	0.0180038	0.0899093	0.0193184	0.00928632	0.000525583	0.022557
82	0.0189549	0.00154819	0.226298	0.163812	0.00257794	0.0539604	0.0657678	0.0181796	0.0630874	0.0109227	0.00724104	0.141359	0.000973223	0.0655983	0.0176985	0.0901501	0.019213	0.00923314	0.000518922	0.0229054
83	0.0295682	0.037227	0.00336374	0.00476256	0.0391776	0.0139424	0.0398689	0.127973	0.00646113	0.0216215	0.0121278	0.315543	0.00661497	0.00972172	0.0129059	0.227613	0.0253611	0.0530823	0.0029553	0.0101086
84	0.0923998	0.0426636	0.022133	0.0193036	0.0855116	0.0191081	0.00337798	0.0920277	0.00498757	0.191565	0.0728025	0.0114312	0.00361777	0.0105133	0.00366051	0.0475741	0.0868854	0.180118	0.0023641	0.00795533
85	0.150714	0.00718047	0.00333063	0.0172662	0.0778527	0.0085826	0.00247391	0.0822042	0.0147387	0.122641	0.0403745	0.0241632	0.00300774	0.0343376	0.0195347	0.129929	0.110976	0.110952	0.00254723	0.0371944
86	0.207275	0.00314163	0.00115667	0.00167733	0.00648136	0.0870589	0.00216078	0.020478	0.00509918	0.00908764	0.00502628	0.00385633	0.509621	0.00279614	0.00212116	0.0961689	0.0215816	0.0106243	0.00127831	0.00330941
87	0.0222589	0.00108363	0.000382193	0.0129136	0.0560418	0.00169346	0.00374302	0.137504	0.0300355	0.377311	0.0847315	0.00144229	0.0144757	0.047138	0.0198587	0.0160097	0.0213844	0.131773	0.00739024	0.0128297
88	0.0333992	0.0113964	0.00055096	0.000641145	0.347008	0.00894197	0.0560148	0.0379185	0.000774934	0.0670484	0.015331	0.0166948	0.00561186	0.0215639	0.016289	0.00487163	0.0111237	0.0194775	0.0104462	0.314896
89	0.0238907	0.00865302	0.000965084	0.00153615	0.0900681	0.00336713	0.00533878	0.289344	0.00178686	0.263813	0.065919	0.0064367	0.00200834	0.00611373	0.00187341	0.0203134	0.0369598	0.168434	0.000500838	0.00267848
90	0.118911	0.0230072	0.000374395	0.000649752	0.0613384	0.0409949	0.000614829	0.231859	0.000453702	0.141538	0.0415413	0.00230203	0.000677533	0.00079618	0.003701	0.0481436	0.0707553	0.204166	0.00573434	0.00244159
91	0.0303244	0.0130406	0.000432605	0.000463481	0.108827	0.00671496	0.000825438	0.243176	0.00126348	0.345996	0.0528619	0.000977651	0.00124335	0.00195942	0.000268748	0.0121146	0.0257529	0.15308	0.000152954	0.000525406
92	0.209122	0.0149832	0.00029804	0.00424425	0.00908404	0.542223	0.00157773	0.00799652	0.000464172	0.00819607	0.00458261	0.00940469	0.00318787	0.00332675	0.00313073	0.150186	0.0157194	0.0115548	0.00030434	0.000414106
93	0.115836	0.0142231	0.00114177	0.0109914	0.0532345	0.027077	0.00169767	0.0659063	0.00435565	0.0278771	0.010517	0.00692938	0.307321	0.00727611	0.0022622	0.0671189	0.151335	0.0990818	0.0019085	0.0239104
94	0.254976	0.02318	0.00332363	0.00191594	0.0172142	0.104027	0.00344179	0.0410694	0.00273038	0.0430011	0.0173974	0.00981284	0.0360585	0.0040105	0.0151223	0.163344	0.121986	0.127669	0.0028227	0.0068974
95	0.0997139	0.00921482	0.000320504	0.00505894	0.073297	0.0265235	0.000504481	0.218505	0.000427525	0.340504	0.022712	0.000772119	0.000528679	0.00265114	0.000499605	0.00501195	0.020677	0.171833	0.000311704	0.000934169
96	0.209161	0.0150773	0.000213534	0.00399231	0.00920912	0.543122	0.00155086	0.00789949	0.000246203	0.00808667	0.00460922	0.00940026	0.00316794	0.00286583	0.00302232	0.149893	0.0158841	0.0118134	0.000269886	0.000514839
97	0.00513519	0.00476615	0.000422916	0.000496636	0.609635	0.00196531	0.00112534	0.00706076	0.000690194	0.056991	0.0146936	0.00307551	0.00320207	0.00565036	0.00304362	0.0187957	0.0111432	0.0165419	0.00633703	0.229229
98	0.0631527	0.0109788	0.000411074	0.0022682	0.0897661	0.0187606	0.000483774	0.222314	0.000662928	0.351685	0.0364554	0.00062187	0.000564724	0.00348384	0.000412044	0.00861356	0.0215318	0.166777	0.000345418	0.000710918
99	0.0936459	0.00995342	0.000351837	0.0045126	0.0769667	0.0258634	0.00042096	0.209511	0.00043331	0.355883	0.0239481	0.000662302	0.0004563	0.00276723	0.000399733	0.00499157	0.0204007	0.167806	0.000249504	0.00077639
100	0.205343	0.0147351	0.000189918	0.00398863	0.00875757	0.550518	0.00151932	0.00744646	0.000215501	0.00797537	0.00439831	0.00935681	0.00324705	0.00286697	0.00310816	0.148819	0.0153991	0.0114719	0.000248121	0.000396264
101	0.209806	0.0145435	0.000376015	0.00387471	0.00999944	0.532251	0.00213961	0.00762745	0.00031933	0.00823717	0.00491009	0.0110525	0.00314335	0.00300062	0.00310986	0.155054	0.017063	0.0121011	0.000327315	0.00106306
102	0.110832	0.0038529	0.00200837	0.0275277	0.0748	0.00520219	0.00182098	0.112392	0.021983	0.160957	0.0527112	0.0168973	0.00241346	0.0527394	0.0318397	0.0875738	0.0614528	0.114402	0.00247074	0.0561235
103	0.0460407	0.0457392	0.00160478	0.00126426	0.224902	0.0140529	0.000848614	0.09858	0.00104383	0.347387	0.0527595	0.00368531	0.00110467	0.00755105	0.000848657	0.0285209	0.0268895	0.0759883	0.00517434	0.0160148
104	0.080721	0.0151354	0.00426348	0.00753701	0.0320407	0.0204687	0.0066375	0.164654	0.00471877	0.19632	0.0818783	0.0243953	0.00576394	0.0132543	0.0108481	0.0756291	0.0944462	0.149498	0.00238051	0.00940945
105	0.0473309	0.00254561	0.0426327	0.011695	0.0123695	0.0874346	0.0213857	0.0102135	0.0786236	0.028527	0.00313053	0.0833224	0.0162921	0.0643242	0.09771	0.219012	0.145131	0.014541	0.0043544	0.00942425
106	0.203058	0.0153197	0.000351812	0.00384537	0.00914984	0.540003	0.00179537	0.00851012	0.000315509	0.00971005	0.00489112	0.0114143	0.00500014	0.00277185	0.00306726	0.149577	0.0170057	0.0129088	0.000395718	0.000909374
107	0.0150849	0.0130252	0.000565213	0.000644476	0.392905	0.0053787	0.01454	0.0601524	0.00255431	0.0916202	0.0195927	0.00645209	0.0164905	0.0126351	0.00623938	0.0114868	0.00863625	0.044375	0.0175929	0.260029
108	0.0598172	0.0103435	0.000393762	0.00215802	0.0885549	0.017304	0.000456672	0.225648	0.000619286	0.357	0.035969	0.000665246	0.000607109	0.00340005	0.000320635	0.00771597	0.0207088	0.167354	0.000190171	0.000774508
109	0.109181	0.0268882	0.000276956	0.0010288	0.0687745	0.0376324	0.00034852	0.244649	0.000343616	0.167855	0.0390859	0.000810291	0.000461043	0.000597045	0.00207834	0.0376603	0.0558572	0.198442	0.00588592	0.00214302
110	0.210039	0.0882748	0.00112089	0.00083246	0.0333621	0.0955538	0.00157705	0.0466676	0.00082029	0.0269367	0.0215556	0.00185478	0.00881043	0.00136995	0.00193555	0.244463	0.136675	0.0697843	0.00118487	0.0071821
111	0.0474227	0.0465663	0.0013569	0.000498252	0.227633	0.0204743	0.00283988	0.101522	0.000482076	0.313194	0.038024	0.00435522	0.00151053	0.0078592	0.000553509	0.0276205	0.0245473	0.0837546	0.0191359	0.0306505
112	0.0292023	0.0131581	0.00043538	0.000390867	0.108524	0.00590502	0.000903314	0.246071	0.00136733	0.339512	0.0545037	0.00107612	0.00129186	0.00201339	0.000290144	0.0126623	0.0276364	0.154248	0.000190025	0.00061845
113	0.100141	0.0290363	0.000299515	0.000386719	0.0680287	0.0359975	0.000351318	0.238555	0.000331251	0.161994	0.0421933	0.000927521	0.000493628	0.000602367	0.00242662	0.0431293	0.0618429	0.203492	0.00730187	0.00246867
114	0.363561	0.0170874	0.00623326	0.000975087	0.034897	0.0649297	0.00400024	0.0473422	0.00084464	0.0306888	0.0132852	0.00566694	0.00350593	0.00193752	0.00212054	0.246493	0.0746601	0.073515	0.00288085	0.00537523
115	0.0231778	0.0100446	0.000390901	0.000396102	0.112161	0.0033526	0.00148339	0.280534	0.00125725	0.309942	0.0548948	0.00160435	0.0021822	0.00232732	0.000334298	0.0126567	0.0287018	0.153266	0.000270012	0.00102298
116	0.040103	0.00273365	0.00127595	0.00182819	0.101918	0.0260006	0.0222675	0.111563	0.0123107	0.251266	0.0159563	0.00319147	0.279416	0.00297469	0.00207607	0.0082249	0.0619667	0.00912894	0.0325683	0.0132302
117	0.0238268	0.0108455	0.000327728	0.000384083	0.108731	0.00375658	0.00128289	0.274954	0.00122795	0.318115	0.055792	0.00138517	0.00183243	0.0021563	0.000291522	0.0120464	0.02861	0.153191	0.000202044	0.00104124
118	0.0480906	0.0673166	0.00168881	0.000737318	0.229545	0.0181718	0.000731742	0.0786742	0.000597926	0.347113	0.0439775	0.00513036	0.000870619	0.00578082	0.000816693	0.0401551	0.0227408	0.062334	0.00714029	0.0183861
119	0.217875	0.0300418	0.0204231	0.00257279	0.0628268	0.202426	0.00206469	0.0384551	0.00278779	0.143982	0.131531	0.0052934	0.0148853	0.00510989	0.00227768	0.04601	0.0313056	0.0292882	0.00177641	0.00906598
120	0.00482835	0.00480552	0.000437074	0.000486476	0.61009	0.00187669	0.000987976	0.00701712	0.000697706	0.0569679	0.0145462	0.00306211	0.00326434	0.0055498	0.00295006	0.018731	0.0110284	0.0163683	0.00639121	0.229914
121	0.027747	0.000905605	0.000391797	0.0113637	0.00210621	0.0147292	0.0206226	0.0211278	0.37676	0.0645412	0.0154274	0.015056	0.0221207	0.0308529	0.257762	0.0375485	0.0376636	0.0346589	0.00402116	0.00459323
122	0.0189549	0.00154819	0.226298	0.163812	0.00257794	0.0539604	0.0657678	0.0181796	0.0630874	0.0109227	0.00724104	0.141359	0.000973223	0.0655983	0.0176985	0.0901501	0.019213	0.00923314	0.000518922	0.0229054
123	0.0214832	0.00139468	0.000460033	0.00356757	0.296736	0.00168533	0.000863442	0.148472	0.00065737	0.329067	0.0770835	0.00136609	0.00319995	0.00315336	0.000829898	0.00312041	0.00641563	0.0587634	0.000520852	0.0411596
124	0.040103	0.00273365	0.00127595	0.00182819	0.101918	0.0260006	0.0222675	0.111563	0.0123107	0.251266	0.0159563	0.00319147	0.279416	0.00297469	0.00207607	0.0082249	0.0619667	0.00912894	0.0325683	0.0132302
125	0.027747	0.000905605	0.000391797	0.0113637	0.00210621	0.0147292	0.0206226	0.0211278	0.37676	0.0645412	0.0154274	0.015056	0.0221207	0.0308529	0.257762	0.0375485	0.0376636	0.0346589	0.00402116	0.00459323
126	0.251692	0.0389228	0.0026936	0.00235193	0.0157196	0.00969421	0.0406359	0.0367965	0.00249594	0.0670507	0.0245082	0.0256282	0.024924	0.0332063	0.00296748	0.252592	0.117843	0.0412593	0.00196148	0.00705682
127	0.0579698	0.0227787	0.000388999	0.000323639	0.0890821	0.0180873	0.000484669	0.240137	0.000808402	0.262425	0.0499461	0.000758768	0.000703449	0.00113918	0.00100793	0.0269086	0.0450687	0.177493	0.00310338	0.00138579
128	0.268709	0.0136941	0.000798599	0.00134649	0.00531135	0.0138435	0.00148337	0.0474648	0.00112845	0.0519738	0.0290932	0.0148008	0.0871979	0.00193183	0.00201205	0.113	0.130255	0.195488	0.00638173	0.0140867
129	0.0147861	0.0126092	0.000369975	0.000428654	0.48706	0.00464915	0.0148359	0.0283936	0.00109528	0.070281	0.0135274	0.00889055	0.00603298	0.0110802	0.00726579	0.0111056	0.00860702	0.021249	0.0120172	0.265715
130	0.0350054	0.0043765	0.00765884	0.00604944	0.043704	0.00288664	0.0027073	0.153347	0.00573835	0.213186	0.264032	0.0144106	0.001325	0.00397269	0.0012466	0.0165068	0.0668165	0.149167	0.000760742	0.00710333
131	0.0479115	0.0813999	0.00136132	0.000938729	0.243914	0.0157638	0.000989965	0.0706665	0.000776023	0.328859	0.0412677	0.00485521	0.00114085	0.00532465	0.00105158	0.0428866	0.0225992	0.0598013	0.0084342	0.0200583
132	0.0773763	0.026934	0.00173794	0.00480213	0.0201972	0.0094681	0.00510376	0.180608	0.00203386	0.164022	0.0460441	0.0196168	0.0191668	0.0201128	0.0151843	0.0610385	0.152974	0.146828	0.00617376	0.0205776
133	0.0683806	0.0685232	0.00114433	0.0108582	0.0176668	0.00520727	0.00141069	0.13601	0.00149014	0.0265311	0.0383793	0.0529387	0.00810562	0.00338874	0.00220028	0.14396	0.287137	0.120438	0.00111467	0.00511563
134	0.0498613	0.0391251	0.00150582	0.000933443	0.170195	0.0190334	0.000447168	0.133291	0.000612328	0.375801	0.0430198	0.00241116	0.000556965	0.00445687	0.000437376	0.0233605	0.0207352	0.101516	0.00376265	0.00893837
135	0.219892	0.0155184	0.000277094	0.00494063	0.00976384	0.523648	0.00157174	0.00812165	0.000395759	0.00856804	0.00524227	0.0093213	0.00285341	0.00354429	0.00345012	0.153568	0.0163879	0.0122107	0.000290966	0.000434349
136	0.170068	0.0218739	0.041161	0.0173653	0.0440813	0.0902089	0.00236613	0.114087	0.0139551	0.142143	0.0502322	0.0298145	0.00340403	0.0294133	0.0043419	0.0718584	0.0762896	0.0687273	0.00142868	0.00718005
137	0.277644	0.0109204	0.00072803	0.00106361	0.00417678	0.0165616	0.00140543	0.0424258	0.00119945	0.0529761	0.0295006	0.0156167	0.0852028	0.00179036	0.00237686	0.113083	0.122314	0.199403	0.00703328	0.0145776
138	0.00901388	0.00710872	0.000424067	0.000568718	0.561215	0.00365402	0.00577527	0.0179418	0.000968888	0.0636373	0.0141643	0.00472225	0.00500717	0.00752583	0.00478841	0.0169756	0.0101669	0.0211935	0.0109444	0.234204
139	0.168766	0.0173846	0.021477	0.00357287	0.0770016	0.136977	0.00210741	0.081586	0.00292822	0.206049	0.134478	0.0059969	0.00736891	0.00607831	0.00263932	0.0381993	0.0331943	0.0357286	0.00228961	0.0161773
140	0.123773	0.0117447	0.00172722	0.0161398	0.0602742	0.0271143	0.0020481	0.0549513	0.00494995	0.0204688	0.00810933	0.00643632	0.325358	0.00695136	0.00324771	0.080021	0.146056	0.0754517	0.00128642	0.0238909
141	0.0316083	0.00997888	0.00880234	0.0924304	0.0335759	0.0249939	0.0552253	0.0222352	0.0741692	0.049099	0.0182234	0.0523238	0.00437445	0.374381	0.0512477	0.0454501	0.0160925	0.0317938	0.00127351	0.00272173
142	0.0128906	0.015481	0.000772193	0.00104578	0.272314	0.00572433	0.00369465	0.111309	0.00604979	0.160116	0.0247271	0.00309188	0.00854708	0.0107526	0.00130236	0.00714079	0.00967378	0.0923884	0.0197352	0.233244
143	0.0191437	0.00251125	0.000433501	0.00549034	0.250744	0.00203381	0.00115542	0.150174	0.00407031	0.338881	0.0716569	0.00119235	0.00580902	0.00829556	0.00285858	0.00458591	0.00867688	0.0794363	0.00223535	0.0406161
144	0.0271117	0.0048999	0.0486116	0.223828	0.0133071	0.0103667	0.0705471	0.021528	0.0155128	0.0463646	0.00830584	0.0158018	0.013119	0.315	0.0429832	0.0582857	0.0329426	0.0268163	0.00152596	0.00314176
145	0.163672	0.00299387	0.00170907	0.0304194	0.0532262	0.0144655	0.0021341	0.0128849	0.0270864	0.0604678	0.0239275	0.0294522	0.00196308	0.0397182	0.0360052	0.175222	0.218378	0.0825507	0.0015906	0.0221335
146	0.0328539	0.0106866	0.0051864	0.0897454	0.0373438	0.0259841	0.0551583	0.023539	0.0628631	0.0522151	0.0194639	0.0545316	0.00354382	0.380086	0.0495123	0.0457355	0.01505	0.0329615	0.00111283	0.00242637
147	0.00511906	0.00493299	0.000454126	0.000493961	0.603614	0.00198996	0.00126136	0.0082204	0.000796207	0.0591959	0.0150782	0.00310183	0.00333278	0.00559901	0.00288805	0.0188213	0.0115245	0.0174815	0.00669106	0.229404
148	0.107913	0.00874839	0.0223659	0.0138904	0.0102603	0.127826	0.0433801	0.0110503	0.0544988	0.0127639	0.0131104	0.156264	0.00284687	0.044111	0.102256	0.17904	0.0418483	0.0176936	0.00232359	0.0278089
149	0.024614	0.00125605	0.000686739	0.012777	0.0591845	0.00153021	0.00329014	0.139744	0.0264257	0.37215	0.0921815	0.00231801	0.0113998	0.0436721	0.0174835	0.0146234	0.0290033	0.12669	0.00606805	0.0149016
150	0.0425903	0.00192047	0.0334919	0.00113821	0.0043195	0.0376628	0.00775931	0.00972313	0.0263353	0.0299625	0.0025362	0.0562236	0.0697554	0.0339643	0.0358694	0.387141	0.204342	0.0129397	0.000759077	0.00156587
151	0.140151	0.00987924	0.00243233	0.00309013	0.0192777	0.0647913	0.00302953	0.159907	0.00159254	0.110584	0.042483	0.0182906	0.00886711	0.00502997	0.0147319	0.0825534	0.118526	0.188727	0.00218654	0.00386925
152	0.0226853	0.0076324	0.000196249	0.000284885	0.0305986	0.00101742	0.000551337	0.393891	0.000288123	0.262699	0.0378783	0.000746061	0.000402752	0.000840233	0.000317057	0.00396014	0.024871	0.203856	0.000422701	0.00686217
153	0.126621	0.0259095	0.00135471	0.00485015	0.0796585	0.0665194	0.00230412	0.0939735	0.00364733	0.0363679	0.00837536	0.00535646	0.234808	0.0172908	0.00297352	0.0313379	0.103634	0.142697	0.00173777	0.0105839
154	0.216477	0.0172937	0.000260323	0.00440829	0.0109235	0.512872	0.0017042	0.0100946	0.000287242	0.00872857	0.00710005	0.00898183	0.00292282	0.00494087	0.00313161	0.156792	0.0181387	0.0137864	0.000532466	0.000624611
155	0.329724	0.0359119	0.00263913	0.00130255	0.0444638	0.156071	0.00868454	0.0522576	0.00112004	0.0384071	0.0155849	0.00377234	0.00355734	0.00245213	0.00266016	0.14671	0.0572075	0.0822486	0.00780271	0.00742346
156	0.305713	0.0538451	0.00212549	0.00123939	0.0559258	0.140275	0.00552619	0.0552369	0.00129422	0.0480092	0.0116995	0.0031392	0.00391441	0.00284751	0.00249162	0.11599	0.0548883	0.118784	0.00524288	0.0118122
157	0.100682	0.0283654	0.000328027	0.000529857	0.0683153	0.0502523	0.000529908	0.233384	0.000399246	0.161776	0.0402705	0.000874754	0.000522387	0.000610236	0.00228687	0.0432601	0.0582058	0.200369	0.0065782	0.00245996
158	0.0616754	0.0160517	0.000456409	0.00126249	0.090595	0.019852	0.000388757	0.221448	0.000692197	0.319791	0.0423429	0.000607285	0.000551369	0.00188344	0.000610035	0.0189164	0.0312035	0.169295	0.00147806	0.000898149
159	0.202052	0.0181426	0.00087048	0.00328086	0.0116464	0.484768	0.00155384	0.0119719	0.000411737	0.0103599	0.00605899	0.00957027	0.00481453	0.00260499	0.00290002	0.173138	0.0336474	0.0200879	0.00057292	0.00154758
160	0.203334	0.0143934	0.000485594	0.0036466	0.00991752	0.539603	0.00177514	0.00726771	0.000441402	0.00791908	0.00467562	0.0130195	0.00331215	0.00268564	0.0032507	0.154268	0.0170003	0.0116838	0.000274717	0.00104502
161	0.0473695	0.0149682	0.0004125	0.000502101	0.184114	0.0322084	0.00887974	0.15601	0.000501436	0.165285	0.0181436	0.00735592	0.00317588	0.0111853	0.000591265	0.0190294	0.0333343	0.137079	0.0595402	0.100314
162	0.022893	0.007453	0.000180764	0.000255914	0.0282486	0.000796258	0.000423023	0.396283	0.000244848	0.268427	0.0371798	0.000635214	0.000354589	0.000743344	0.00029162	0.00309849	0.024162	0.201039	0.00024935	0.00704094
163	0.0432395	0.00336936	0.00207369	0.0251939	0.00765384	0.0178413	0.00228241	0.00966107	0.00280581	0.0592731	0.0650874	0.044194	0.00319139	0.0373263	0.00373857	0.141836	0.4258	0.0876141	0.0139576	0.00386047
164	0.0205646	0.00829729	0.000478348	0.000475651	0.480472	0.00756663	0.0204254	0.0220363	0.000720384	0.0551369	0.0123689	0.00819691	0.00386389	0.012461	0.0140582	0.010586	0.0104569	0.0184404	0.00922356	0.28417
165	0.0377891	0.00995249	0.000488342	0.000693004	0.409907	0.0145063	0.0333895	0.0357777	0.000762089	0.0569702	0.0117298	0.0110852	0.00530384	0.0207231	0.0230141	0.00598196	0.0120039	0.0230227	0.0144006	0.272499
166	0.145794	0.014136	0.0146009	0.00283955	0.00945938	0.0202248	0.00337754	0.0289485	0.00359248	0.0256379	0.00653473	0.0222117	0.075341	0.0145004	0.010535	0.341901	0.219188	0.0369927	0.000942907	0.00324127
167	0.207275	0.00314163	0.00115667	0.00167733	0.00648136	0.0870589	0.00216078	0.020478	0.00509918	0.00908764	0.00502628	0.00385633	0.509621	0.00279614	0.00212116	0.0961689	0.0215816	0.0106243	0.00127831	0.00330941
168	0.0401293	0.644337	0.00154291	0.00239349	0.0347892	0.0303509	0.00242851	0.020562	0.00244696	0.012087	0.0246471	0.00419765	0.00283514	0.00392273	0.00294971	0.0728856	0.0360584	0.0551935	0.0018145	0.00442865
169	0.035091	0.0103317	0.000577958	0.000737896	0.336819	0.00929224	0.0849452	0.0374147	0.0008173	0.0672862	0.0156474	0.017151	0.00545196	0.0236844	0.0170457	0.00517557	0.0122467	0.0176018	0.0100812	0.292602
170	0.305519	0.0241193	0.00485656	0.00490302	0.0338703	0.223519	0.00524777	0.039434	0.00318046	0.0637311	0.0265434	0.00994266	0.00908449	0.00708417	0.0048932	0.119776	0.0438006	0.057371	0.00426184	0.00886333
171	0.217073	0.0151939	0.000363797	0.00483134	0.00959538	0.529096	0.00158224	0.00799443	0.000423971	0.00866971	0.0051026	0.00931626	0.00298687	0.00340652	0.00348236	0.151953	0.0160983	0.0120625	0.000280004	0.000488121
172	0.0191021	0.00154484	0.22461	0.163367	0.00259996	0.0537445	0.0657125	0.0182561	0.0635363	0.0108085	0.00715429	0.142038	0.000973079	0.0656483	0.0178894	0.0909468	0.0193609	0.00929987	0.000536397	0.0228707
173	0.0241617	0.0037648	0.0865605	0.227123	0.00874598	0.01487	0.0773923	0.0224821	0.0178556	0.0422459	0.0068884	0.0325951	0.0112908	0.260917	0.0394315	0.0635842	0.0298591	0.0224758	0.00140764	0.00634845
174	0.0273209	0.00091724	0.000411643	0.0112945	0.00208295	0.0145758	0.0207985	0.020834	0.37735	0.0644373	0.0152574	0.0151309	0.0212302	0.0312707	0.259332	0.0369628	0.037395	0.0349236	0.00396379	0.00451111
175	0.262404	0.0150833	0.0127401	0.00124001	0.00980963	0.014547	0.00192749	0.0145203	0.000936356	0.0128591	0.00314024	0.00879683	0.069658	0.00398983	0.00277394	0.275194	0.244684	0.0429582	0.00072948	0.00200862
176	0.0278867	0.0116061	0.000636192	0.00268656	0.286947	0.00536182	0.00225869	0.119126	0.00160531	0.299397	0.0589635	0.00263317	0.00360006	0.00721577	0.0011045	0.00758173	0.0101657	0.0712911	0.00677528	0.073158
177	0.219668	0.015446	0.000186143	0.00449961	0.0096685	0.527319	0.00149483	0.00801493	0.000228914	0.00842814	0.00505128	0.00918032	0.00291578	0.00316407	0.00306332	0.153044	0.0158292	0.0120918	0.000281594	0.00042504
178	0.0238369	0.00224883	0.000829825	0.0108022	0.0582458	0.00206711	0.00314243	0.163339	0.0221286	0.358538	0.0960607	0.00280322	0.00995007	0.0379268	0.014739	0.0141676	0.0271391	0.132361	0.00514427	0.0145291
179	0.207231	0.0153278	0.000215172	0.00403242	0.00898506	0.54325	0.0015512	0.0076835	0.000267426	0.00817302	0.00456982	0.00948103	0.00332904	0.0030073	0.00307981	0.151045	0.0163046	0.0117247	0.000287857	0.00045471
180	0.0245476	0.0097015	0.000258141	0.000291174	0.0794159	0.00252365	0.000920056	0.310245	0.000829822	0.302035	0.0506389	0.00105525	0.00101594	0.00162087	0.000235873	0.00857646	0.0273241	0.175668	0.000211437	0.00288636
181	0.100506	0.0254957	0.000332969	0.0019031	0.0700119	0.0325713	0.000323425	0.227252	0.000305248	0.239633	0.0346621	0.000629568	0.000445085	0.00110858	0.00142793	0.0253534	0.0463851	0.185926	0.00396092	0.00176614
182	0.0601932	0.0333455	0.00545266	0.00120263	0.220277	0.0159255	0.000915887	0.11699	0.000899211	0.300592	0.0315666	0.00244326	0.00100394	0.00372215	0.000873158	0.0273011	0.0275177	0.139677	0.00319952	0.0069012
183	0.205239	0.014547	0.000298194	0.00371662	0.00925905	0.540727	0.00160904	0.00775724	0.000347671	0.00956262	0.00510852	0.0102058	0.00788716	0.00284024	0.00298509	0.146821	0.0165431	0.0133698	0.000414272	0.000761216
184	0.204211	0.00725722	0.0144387	0.00156056	0.0596982	0.0630024	0.0100303	0.00697	0.00785314	0.0103143	0.0241212	0.116149	0.00147328	0.00267213	0.0161821	0.323023	0.0834177	0.0267253	0.000757917	0.0201421
185	0.0225857	0.00721144	0.000179359	0.00025702	0.0309464	0.000807448	0.000520384	0.395421	0.000254234	0.266056	0.0376216	0.000681183	0.000422321	0.000826792	0.00029077	0.0033826	0.0246612	0.200695	0.000266524	0.00691271
186	0.0405359	0.00292188	0.00130017	0.00191552	0.102105	0.0256703	0.0225663	0.112003	0.0122455	0.252129	0.0165704	0.0031789	0.27615	0.00316217	0.00215885	0.00851829	0.0613851	0.0100139	0.0321756	0.0132946
187	0.210759	0.01476	0.000178404	0.00404371	0.0092568	0.541488	0.00155616	0.00746416	0.000244325	0.00800063	0.00460531	0.00954153	0.00317012	0.00289805	0.00296074	0.151431	0.015589	0.0114032	0.000258086	0.000392324
188	0.126866	0.00646352	0.00719538	0.00530785	0.0216772	0.065035	0.00476739	0.0314957	0.0202292	0.0200568	0.00755374	0.0159417	0.358279	0.0125212	0.0133465	0.12402	0.111779	0.0375369	0.0017361	0.00819079
189	0.0229102	0.00746057	0.000181569	0.000252774	0.0285809	0.000797207	0.000427117	0.395716	0.000247903	0.268671	0.0372201	0.00064082	0.000356892	0.000743815	0.000291155	0.00315356	0.0241711	0.200921	0.000249316	0.00700718
190	0.0230041	0.00748017	0.00018807	0.000258622	0.0294867	0.000805853	0.000438671	0.394581	0.000248789	0.26915	0.0375404	0.000640656	0.000363849	0.000743131	0.000290209	0.00321236	0.0242852	0.200077	0.000241581	0.00696301
