474	20
1	0.0747971	0.0505341	0.0679845	0.0386755	0.0175099	0.0676413	0.0140816	0.0207964	0.0509515	0.0273468	0.00233156	0.0974359	0.00287051	0.0314413	0.0641729	0.222148	0.114288	0.0209337	0.0014175	0.0126416
2	0.003983	0.00490206	0.00130556	0.000523684	0.0408029	0.000364795	0.00376075	0.0682468	0.00248882	0.720715	0.0631513	0.00295078	0.00680676	0.00624927	0.00299849	0.00576378	0.00797204	0.0496239	0.00458668	0.00280342
3	0.0380532	0.0109289	0.0213086	0.0608473	0.00294275	0.0160295	0.0178803	0.0316694	0.269977	0.0446816	0.0291954	0.0595053	0.0156604	0.0900994	0.139647	0.0660768	0.0650649	0.0156466	0.00210787	0.00267787
4	0.0319986	0.0116028	0.0824556	0.205465	0.00257962	0.0461472	0.0155177	0.0229735	0.153518	0.0240905	0.00640497	0.0626954	0.00599657	0.0858269	0.099478	0.0645804	0.0398047	0.0334193	0.00220107	0.00324388
5	0.0152303	0.00819257	0.0278837	0.0814803	0.00311452	0.0175669	0.0162624	0.00750201	0.313663	0.020327	0.018506	0.0403163	0.00448467	0.138402	0.194982	0.0410038	0.0322443	0.00739644	0.00672843	0.00471352
6	0.0181789	0.121416	0.00656315	0.00820127	0.18291	0.0137471	0.079261	0.0233256	0.0084791	0.0440911	0.00613343	0.0213193	0.0056452	0.0126924	0.0121352	0.0854341	0.0171095	0.0758776	0.00526713	0.252213
7	0.0951109	0.0781912	0.00304255	0.01224	0.108313	0.0136199	0.0505043	0.0533433	0.0161404	0.075552	0.0407492	0.0344095	0.00273915	0.01205	0.0143158	0.166958	0.102279	0.0633526	0.00536185	0.0517284
8	0.0217686	0.0099744	0.373094	0.15815	0.0051371	0.0239791	0.0279474	0.0171264	0.0508283	0.0193614	0.00323839	0.121305	0.00615408	0.0302676	0.0146325	0.0449981	0.025542	0.0316906	0.00202448	0.0127809
9	0.0447419	0.0384309	0.0722486	0.124366	0.038124	0.0694003	0.0284093	0.0647028	0.035494	0.105477	0.0162043	0.0264102	0.0138175	0.0444224	0.0204937	0.0662411	0.0390101	0.10694	0.0120304	0.0330352
10	0.0722299	0.0184375	0.00702984	0.0179431	0.0200712	0.00686466	0.00673569	0.13862	0.00552671	0.192837	0.0644267	0.0214518	0.0113866	0.0134494	0.0106048	0.0903947	0.10366	0.192894	0.0013746	0.00406244
11	0.221473	0.0250445	0.0163352	0.021302	0.0164124	0.0654637	0.00508597	0.0136394	0.0212926	0.0319742	0.0104499	0.0260216	0.0715723	0.0260756	0.0247766	0.245567	0.113404	0.040439	0.000703396	0.00296718
12	0.13608	0.00830697	0.0128786	0.0348091	0.0302077	0.01438	0.00757441	0.095166	0.0877454	0.0259865	0.0273919	0.0131991	0.0220934	0.0104902	0.054286	0.0968659	0.180568	0.122075	0.00368987	0.0162054
13	0.0226695	0.0170891	0.00344547	0.00490266	0.204814	0.00905407	0.0195987	0.0295188	0.00630872	0.41821	0.035104	0.0167534	0.0269564	0.00811057	0.0172216	0.0409353	0.0215979	0.0662743	0.0117974	0.0196377
14	0.0129866	0.00736943	0.00382388	0.00383546	0.0509171	0.00234591	0.00846723	0.0647209	0.00323802	0.625412	0.0527441	0.00438671	0.0279141	0.0119746	0.0085204	0.0167075	0.0183255	0.0652328	0.0081662	0.00291169
15	0.0385642	0.0151929	0.0379771	0.0511652	0.00488002	0.0230339	0.0187672	0.0328505	0.211153	0.0385227	0.025805	0.0770646	0.0154045	0.091713	0.126905	0.0972275	0.0702265	0.0166962	0.00252795	0.00432336
16	0.0131327	0.00959561	0.0371308	0.0872985	0.0042577	0.0272206	0.0159066	0.00621595	0.27726	0.0125696	0.0147922	0.0390499	0.00331101	0.159225	0.196776	0.0474135	0.0278628	0.0075216	0.00788913	0.00557057
17	0.0404632	0.0328286	0.00570705	0.00694713	0.0608647	0.0194012	0.0414791	0.147836	0.0084653	0.220263	0.0616852	0.00687429	0.00510292	0.00899495	0.0142001	0.0269291	0.0236036	0.223892	0.00828493	0.0361786
18	0.0151963	0.0386141	0.0108894	0.00834696	0.333163	0.00326698	0.0524306	0.00940763	0.00861416	0.0900448	0.00443676	0.0055744	0.00287376	0.00935862	0.00406323	0.0497665	0.00573409	0.0247223	0.00998367	0.313513
19	0.125075	0.0140297	0.0153684	0.0485168	0.0192441	0.0229141	0.00941627	0.0755215	0.0617293	0.0570105	0.0512284	0.0184068	0.0246141	0.0166269	0.0519404	0.107532	0.159068	0.110832	0.00374115	0.0071847
20	0.024072	0.0125956	0.189451	0.145017	0.00808914	0.0402158	0.0426575	0.0126296	0.0875354	0.0230143	0.00779192	0.115919	0.0222305	0.0648389	0.0440743	0.0756416	0.0317116	0.0236743	0.010549	0.0182913
21	0.0660035	0.0175869	0.0486249	0.13024	0.0207394	0.0228884	0.0195926	0.0696252	0.0385598	0.166327	0.0290511	0.0198627	0.0218685	0.0386747	0.0152376	0.0545061	0.0503806	0.154953	0.00584597	0.00943166
22	0.0304822	0.0204566	0.0082241	0.0126336	0.116676	0.0128038	0.0228854	0.0443684	0.0289355	0.334706	0.0471248	0.0140551	0.034166	0.0209949	0.0212274	0.038898	0.0270033	0.0803432	0.0479319	0.0360842
23	0.0321201	0.010912	0.0051712	0.00510745	0.0484114	0.00428071	0.011605	0.253153	0.0108427	0.196314	0.0779197	0.00337869	0.00284952	0.00775246	0.00789834	0.0137651	0.0215239	0.266185	0.00497464	0.0158346
24	0.0916587	0.0189488	0.0076897	0.0115872	0.0161455	0.0129095	0.0296276	0.166912	0.0159931	0.0770021	0.0395226	0.0179331	0.0146217	0.0282716	0.0166492	0.109365	0.123345	0.190278	0.00314336	0.00839684
25	0.0415906	0.0100607	0.106213	0.30738	0.00443347	0.0316312	0.0272064	0.017907	0.101286	0.0265474	0.00676386	0.0303374	0.0263437	0.0767713	0.0297288	0.0586401	0.0389314	0.0502348	0.00252885	0.00546396
26	0.0368944	0.0120249	0.00983164	0.0040234	0.0020541	0.835753	0.00213031	0.0027942	0.0164524	0.00421876	0.00174861	0.00309277	0.0057478	0.00287613	0.01052	0.0303748	0.00811724	0.00430152	0.000912439	0.00613183
27	0.0706279	0.0151769	0.107563	0.252317	0.00733528	0.0395146	0.0269239	0.0411835	0.0673346	0.0410822	0.0129331	0.0271555	0.0123727	0.047723	0.0120785	0.0474659	0.0543843	0.104412	0.00285911	0.00955671
28	0.074844	0.0503884	0.0667608	0.0403794	0.0178592	0.0682806	0.0143933	0.0205303	0.0505827	0.0279328	0.00229788	0.0972157	0.00306244	0.0316279	0.0628236	0.221495	0.115404	0.0202125	0.00145518	0.0124533
29	0.0583259	0.0124015	0.109072	0.276409	0.00521734	0.0435377	0.0228038	0.0325637	0.0799552	0.0332637	0.00852752	0.0365082	0.00886428	0.0522327	0.0272421	0.0506012	0.0494306	0.0836041	0.00222801	0.00721118
30	0.0636368	0.0134234	0.0910483	0.177805	0.00770303	0.042799	0.0359664	0.0356702	0.0747233	0.0752826	0.0152898	0.0449189	0.0257178	0.0825204	0.0281125	0.0521894	0.0497595	0.0663007	0.00324033	0.0138925
31	0.0512904	0.0147497	0.0227029	0.044937	0.0207516	0.020282	0.0185628	0.111104	0.0289663	0.269796	0.0298241	0.0138564	0.0556193	0.0684251	0.025206	0.0361993	0.0343445	0.119444	0.00671466	0.00722398
32	0.0322166	0.0163487	0.116946	0.306675	0.00359778	0.0520508	0.0202129	0.0148176	0.106512	0.0174884	0.00362388	0.0407484	0.0108575	0.06951	0.0486854	0.0606634	0.0329793	0.0397403	0.00220875	0.00411706
33	0.0570072	0.0193818	0.0260249	0.0483466	0.0164028	0.0216844	0.0999232	0.0270657	0.0735825	0.0797245	0.0230603	0.0489098	0.0631722	0.112855	0.0929587	0.0814266	0.0476388	0.0355842	0.0068393	0.0184111
34	0.0185713	0.0111771	0.414013	0.114751	0.00533523	0.0255735	0.0288482	0.0150082	0.0509326	0.0141014	0.00210012	0.143137	0.00467019	0.0278507	0.0183912	0.0509558	0.0194204	0.0198379	0.0017314	0.0135941
35	0.0145189	0.007061	0.00227594	0.00413324	0.0555747	0.00233648	0.0105661	0.35401	0.00266288	0.155575	0.0424702	0.00137461	0.00142838	0.00492951	0.00381116	0.00964243	0.0170476	0.292251	0.00526948	0.0130611
36	0.0456273	0.00724572	0.0192023	0.0289001	0.0106278	0.00692414	0.0237003	0.108367	0.0616844	0.10988	0.176518	0.0177838	0.00517118	0.0169758	0.0797109	0.0638598	0.0800703	0.0963609	0.0322945	0.00909558
37	0.0130529	0.00968473	0.0344409	0.0847009	0.0040121	0.0250183	0.0163823	0.00680303	0.274956	0.0155683	0.0169367	0.0375205	0.00457977	0.161679	0.196039	0.0472377	0.0288419	0.0077819	0.00894246	0.00582114
38	0.0500101	0.0148619	0.00650541	0.0026272	0.0589179	0.00419804	0.0112099	0.171502	0.00504956	0.247895	0.108818	0.00175654	0.00172174	0.00634989	0.00609873	0.00668077	0.0182299	0.249935	0.00182568	0.0258077
39	0.0349135	0.0142254	0.0831543	0.179553	0.00692734	0.0443115	0.0555693	0.0155279	0.100985	0.0251347	0.00749079	0.1011	0.0111403	0.0848414	0.0652928	0.0866669	0.0348215	0.0329959	0.00450158	0.0108466
40	0.151405	0.00701553	0.025455	0.049281	0.018202	0.0155464	0.00835083	0.064498	0.0859379	0.0442341	0.0555019	0.0106353	0.0129162	0.0104918	0.0638824	0.0979579	0.173237	0.0943452	0.00431858	0.00678752
41	0.0568654	0.0214623	0.134247	0.15898	0.00888496	0.0764986	0.0301273	0.0122469	0.0667234	0.0213008	0.00326072	0.112655	0.00413055	0.0430856	0.0735956	0.107778	0.0314799	0.0234681	0.00344085	0.00976898
42	0.0149637	0.0129753	0.109097	0.0941827	0.0128779	0.022567	0.0785901	0.0134036	0.0557661	0.01793	0.00389655	0.277044	0.00715464	0.0661536	0.0804565	0.0695261	0.00830397	0.0259122	0.00803379	0.0211646
43	0.0119903	0.00706759	0.00239171	0.000924582	0.0439663	0.00113688	0.00510633	0.0923473	0.00269327	0.62528	0.072263	0.00265124	0.00545071	0.00577221	0.00307919	0.00615405	0.0102544	0.0904166	0.00397369	0.00708061
44	0.00998455	0.0178002	0.00210381	0.00163343	0.378877	0.00129614	0.00665686	0.0305333	0.00285826	0.388834	0.0308846	0.00489758	0.00626134	0.00321625	0.00650441	0.0085217	0.00523674	0.0526593	0.00605447	0.0351859
45	0.041395	0.0105084	0.0196757	0.0663907	0.0025141	0.0122302	0.0168774	0.0280195	0.279465	0.0484233	0.0293265	0.0657561	0.0139743	0.0806515	0.133412	0.0653374	0.0662031	0.0157431	0.00163479	0.00246162
46	0.047099	0.00665208	0.0015845	0.0225598	0.00509587	0.00180255	0.0186302	0.0229563	0.0200494	0.0499644	0.0103654	0.00609885	0.600095	0.0161244	0.0235658	0.104666	0.0198992	0.0204813	0.000808245	0.00150202
47	0.0585356	0.0385332	0.00614023	0.0407861	0.0275739	0.0126718	0.0094605	0.0745759	0.0143119	0.241375	0.0372905	0.0210253	0.00921964	0.0228777	0.0118158	0.205621	0.0712887	0.0884537	0.00291181	0.00553222
48	0.0742146	0.0326625	0.0695193	0.138062	0.0162063	0.0229116	0.0775594	0.0147785	0.0501676	0.0593063	0.0101203	0.027396	0.05206	0.0723792	0.017769	0.122663	0.104298	0.0273302	0.00317361	0.0074221
49	0.0793049	0.00982789	0.0053477	0.00710991	0.0108487	0.0196063	0.0107838	0.163084	0.00485647	0.0900429	0.0478316	0.0154253	0.0297858	0.00696018	0.0106188	0.0660412	0.100428	0.317671	0.00123088	0.00319471
50	0.0178502	0.0105986	0.0249368	0.0718371	0.00432421	0.0183272	0.0179586	0.0143721	0.296782	0.0213074	0.0196951	0.0360646	0.00545388	0.127848	0.200095	0.0453275	0.0432956	0.0120507	0.0070862	0.00478917
51	0.103761	0.0299795	0.00521252	0.0100982	0.0142731	0.00855879	0.00702814	0.109901	0.0061426	0.102011	0.0495924	0.0273399	0.00701951	0.00748093	0.0280528	0.101779	0.156561	0.218192	0.00135346	0.00566333
52	0.0865979	0.0389186	0.00715801	0.0186352	0.048836	0.0134235	0.0145133	0.0808504	0.00950055	0.174075	0.0533992	0.0220926	0.0100799	0.0117609	0.0149422	0.114091	0.1073	0.15624	0.00478241	0.012802
53	0.00817637	0.00544687	0.00164485	0.000817927	0.0440762	0.000538428	0.00408577	0.0812104	0.00277228	0.678343	0.0649778	0.00264784	0.0059169	0.00551491	0.00306668	0.00640374	0.010029	0.0654056	0.00446393	0.00446194
54	0.0587832	0.0183556	0.0127478	0.0186663	0.0231221	0.00983528	0.0169276	0.0955389	0.0212225	0.154759	0.150279	0.0191914	0.00737566	0.0144566	0.0322402	0.0715401	0.139756	0.111651	0.0129599	0.0105921
55	0.0303254	0.0349168	0.00779201	0.0206694	0.0155173	0.0115149	0.0158763	0.0911348	0.1106	0.149431	0.0377429	0.0719792	0.00805287	0.0839064	0.0767663	0.0767319	0.0491995	0.0808461	0.00562364	0.0213732
56	0.0371401	0.012041	0.0102052	0.00555795	0.0025374	0.82742	0.00271073	0.00281626	0.0168576	0.00471318	0.00186765	0.00388659	0.00577328	0.00354939	0.0109732	0.0311947	0.00867089	0.00476183	0.000984279	0.00633835
57	0.0478386	0.00825516	0.0109851	0.00682423	0.0133641	0.0184965	0.00929075	0.207233	0.00435562	0.111798	0.0365913	0.0065507	0.0244509	0.00692499	0.00630143	0.0413944	0.0539181	0.380872	0.00129098	0.00326433
58	0.320726	0.0205616	0.0168236	0.0256519	0.0159092	0.0535708	0.00488753	0.0166795	0.01417	0.0332669	0.00954487	0.0147953	0.0598214	0.0206308	0.0134002	0.208934	0.0902193	0.055383	0.000838449	0.00418581
59	0.0369101	0.0117137	0.00930538	0.00394657	0.00204632	0.837753	0.00206889	0.00277124	0.0164326	0.00422677	0.00173957	0.00302281	0.00577389	0.00280729	0.0104685	0.0297437	0.00807142	0.00422051	0.000891282	0.0060862
60	0.0994066	0.0111721	0.003874	0.00522121	0.0118293	0.0129679	0.00890774	0.173032	0.00343465	0.0774214	0.0548746	0.0109415	0.0114494	0.0052111	0.0122287	0.0700091	0.109167	0.314078	0.00106171	0.00371144
61	0.0368434	0.0118531	0.00963439	0.00398474	0.00204961	0.835226	0.00227797	0.00279862	0.0164198	0.00429991	0.00181484	0.00339752	0.0057748	0.00286729	0.0106155	0.0307546	0.00811687	0.00428075	0.000887168	0.00610348
62	0.0263319	0.010455	0.0280457	0.0779588	0.00580019	0.0184022	0.0186644	0.0219505	0.287852	0.036289	0.0230648	0.0432574	0.00831801	0.106768	0.156465	0.0524619	0.051147	0.0158506	0.00535272	0.00556491
63	0.0456104	0.0286618	0.00641615	0.00820799	0.00997024	0.00946497	0.00837808	0.0183513	0.0105465	0.0292789	0.0107541	0.0102381	0.00722736	0.0141592	0.0171354	0.416169	0.311936	0.0270902	0.00247567	0.00792832
64	0.125981	0.020992	0.00711794	0.0127925	0.0439539	0.0105922	0.00886629	0.120616	0.0256196	0.0557775	0.0379649	0.0282998	0.00960171	0.00845985	0.0339666	0.0846071	0.188391	0.163541	0.0019417	0.0109178
65	0.0875875	0.0669487	0.00610836	0.0186435	0.0590529	0.032113	0.02542	0.0415147	0.0145017	0.203017	0.0384514	0.0229368	0.0112538	0.0121503	0.0180221	0.127417	0.0873509	0.0770371	0.0209286	0.0295454
66	0.0633379	0.0140114	0.00777183	0.0125299	0.0257103	0.0125033	0.0110308	0.159558	0.0104511	0.157143	0.0532956	0.0101931	0.0111652	0.0114379	0.0130763	0.0522611	0.0739895	0.289165	0.00333505	0.00803333
67	0.0194253	0.0105839	0.0406611	0.0954821	0.00482995	0.031326	0.0278313	0.0102671	0.230068	0.0176031	0.0144533	0.0619867	0.00545804	0.146785	0.175492	0.0535598	0.0279811	0.0116261	0.00814906	0.00643132
68	0.0318676	0.012767	0.0193718	0.044676	0.0103055	0.0175711	0.077776	0.0183353	0.159607	0.078982	0.0243632	0.0432649	0.0191948	0.156929	0.11858	0.0810323	0.044608	0.0254005	0.00537334	0.00999491
69	0.0111762	0.024033	0.00313645	0.00268244	0.462233	0.00165404	0.01219	0.0224928	0.003976	0.276414	0.019146	0.00502493	0.00535879	0.0035633	0.00689803	0.0121083	0.00381118	0.0498246	0.00695241	0.0673239
70	0.0709376	0.00872443	0.0036986	0.00356696	0.0157429	0.0114872	0.00836845	0.221989	0.00221355	0.0839406	0.046885	0.00804198	0.0109298	0.00412725	0.00911543	0.0537897	0.0850445	0.346969	0.0013744	0.00305396
71	0.030976	0.0494089	0.00972197	0.0265638	0.0665281	0.049175	0.0723666	0.0622818	0.0186231	0.183324	0.0163029	0.0251108	0.0116726	0.0152816	0.039513	0.0769085	0.0450936	0.123146	0.0280364	0.0499646
72	0.0427675	0.0236464	0.0565409	0.0504113	0.00689751	0.0329808	0.0384886	0.0230749	0.150873	0.0792686	0.0316362	0.0579958	0.0248723	0.105563	0.105365	0.0858915	0.048064	0.022793	0.00586038	0.00700916
73	0.0400316	0.0544765	0.0312126	0.0278359	0.0384857	0.028197	0.0367395	0.0403372	0.0541579	0.099707	0.0283841	0.0291498	0.0117561	0.0458131	0.0869697	0.0624447	0.0431268	0.0507024	0.170648	0.0198242
74	0.587483	0.0180377	0.00388203	0.0119618	0.00796409	0.0368594	0.00267355	0.0213961	0.00293587	0.0215268	0.00833168	0.00353697	0.00657923	0.00218174	0.00150122	0.089909	0.0608022	0.107292	0.000428912	0.00471715
75	0.0650161	0.0135576	0.0431014	0.0946028	0.00612013	0.0245465	0.0237995	0.0240203	0.184744	0.0471837	0.0193558	0.0571951	0.0154751	0.0809026	0.0998531	0.0998814	0.0727348	0.0224513	0.00175459	0.00370422
76	0.0278429	0.0127235	0.0801754	0.161146	0.00329464	0.173359	0.0128922	0.0106713	0.143234	0.0131979	0.00588236	0.0436065	0.00413983	0.086467	0.10038	0.0629712	0.0293075	0.0212468	0.003114	0.00434845
77	0.041965	0.0130877	0.0295901	0.0972284	0.00311491	0.0178311	0.0173016	0.0363439	0.2283	0.0450498	0.0225704	0.0682235	0.0127242	0.0785403	0.124104	0.0673329	0.0678714	0.0247597	0.00150194	0.00255942
78	0.0724761	0.0123856	0.0978636	0.250918	0.00712063	0.0369264	0.0262377	0.0419172	0.072596	0.0421361	0.0128644	0.0269626	0.0117437	0.0491987	0.0186651	0.0492783	0.0550493	0.104929	0.00270152	0.00802997
79	0.0226614	0.0694665	0.00791511	0.0160485	0.0467544	0.0395143	0.154689	0.0169845	0.0213901	0.0637216	0.0113628	0.0936562	0.0107571	0.0642601	0.0347331	0.112504	0.0670668	0.0354479	0.00488116	0.106186
80	0.0220306	0.011921	0.0198738	0.0408197	0.00453508	0.0259157	0.0320216	0.0179244	0.191517	0.04431	0.0213497	0.0382691	0.0383232	0.188997	0.164676	0.0686796	0.0425425	0.0191033	0.00365387	0.00353672
81	0.00584113	0.00998073	0.517316	0.0749835	0.00478869	0.0143867	0.0308902	0.0144415	0.0355269	0.0110548	0.00114641	0.171609	0.00382678	0.0184765	0.00757212	0.0380477	0.0109398	0.0121128	0.0010963	0.0159627
82	0.00364497	0.00516426	0.00103765	0.00270569	0.0526249	0.00175031	0.0107191	0.421153	0.00199749	0.132442	0.0278639	0.0010389	0.00124488	0.00294481	0.00293982	0.00916605	0.0138825	0.293958	0.00580845	0.00791416
83	0.0626986	0.0257446	0.0305764	0.0379872	0.0135169	0.0140709	0.161746	0.00890636	0.0480457	0.0740911	0.0225024	0.0600213	0.00839458	0.107276	0.0314083	0.17778	0.0524143	0.0400725	0.0114444	0.0113022
84	0.0161228	0.0247794	0.00255066	0.00283681	0.431864	0.00378745	0.00980417	0.0182839	0.00381291	0.302637	0.0204408	0.00685894	0.00901497	0.00280817	0.0104479	0.015979	0.0081679	0.0552481	0.0108582	0.0436974
85	0.039862	0.0121409	0.00584461	0.00265564	0.0404398	0.010792	0.00964906	0.188258	0.00452956	0.194785	0.0816746	0.0025884	0.00728341	0.00538142	0.00538424	0.014149	0.0227442	0.333326	0.00210884	0.0164026
86	0.0271671	0.01826	0.00414536	0.00271689	0.191397	0.00312657	0.011876	0.169432	0.00447658	0.250105	0.0624595	0.0021089	0.00216959	0.00568632	0.00471448	0.0063445	0.0115371	0.187002	0.00329556	0.0319778
87	0.0437553	0.00812116	0.00368335	0.0194872	0.0223562	0.00446421	0.0221264	0.0281428	0.0159326	0.130206	0.015293	0.00748647	0.46341	0.0175665	0.0256799	0.0913654	0.0289234	0.0454228	0.00435363	0.00222374
88	0.0101494	0.0205132	0.00225306	0.00190419	0.4511	0.0014935	0.00746812	0.0187095	0.00277168	0.324932	0.0216099	0.00592322	0.00648301	0.00219203	0.0077528	0.00969104	0.00395942	0.0521669	0.00686671	0.0420614
89	0.230138	0.0252399	0.00521117	0.0127786	0.0168091	0.06937	0.00353339	0.0126056	0.0124867	0.0354165	0.0115773	0.0167857	0.0898372	0.0274179	0.0200228	0.246384	0.120278	0.0416911	0.000706713	0.00170987
90	0.0126494	0.0224046	0.00275208	0.00221612	0.442915	0.00180596	0.00844023	0.0256776	0.00301819	0.299063	0.023457	0.0057288	0.00711924	0.00276293	0.00779827	0.0111526	0.00546058	0.0628192	0.0071901	0.045569
91	0.0446086	0.0965229	0.0304747	0.0119718	0.0121805	0.0115876	0.0392686	0.0391371	0.0567926	0.0477121	0.0113857	0.0115149	0.00732636	0.0725721	0.191559	0.0549108	0.054477	0.0235341	0.174381	0.00808243
92	0.0316432	0.0110745	0.15552	0.316012	0.00412586	0.041421	0.0216698	0.0158396	0.0873276	0.01814	0.00293401	0.0505367	0.00837935	0.0554247	0.0383057	0.0549083	0.0363562	0.0426033	0.00210532	0.00567247
93	0.00540156	0.00529712	0.00135883	0.000592895	0.0417219	0.000482499	0.00426991	0.0726059	0.00277942	0.707085	0.0627705	0.00289731	0.00617707	0.00602284	0.00300685	0.00593527	0.00822124	0.0549835	0.00462362	0.00376676
94	0.0620495	0.040871	0.02917	0.0312766	0.0567005	0.0317191	0.0350716	0.0272298	0.0310463	0.0881403	0.0164666	0.118364	0.011169	0.0300596	0.0401288	0.213547	0.0681474	0.0439459	0.00698421	0.0179124
95	0.0953067	0.0326345	0.00526736	0.0163467	0.0183044	0.00654181	0.00731569	0.0982025	0.00700726	0.159366	0.0545607	0.0290239	0.00654931	0.014244	0.0130404	0.123767	0.152441	0.152655	0.00155235	0.00587311
96	0.0179924	0.0375195	0.00370337	0.0112899	0.0664134	0.00342855	0.0578223	0.115408	0.0382229	0.399023	0.0803746	0.0044985	0.00249082	0.0456216	0.00464377	0.0197345	0.00788128	0.0318919	0.00219616	0.0498438
97	0.0346647	0.00890092	0.0211828	0.067133	0.00178285	0.0124878	0.0181061	0.0190256	0.304016	0.0449446	0.0291829	0.06018	0.0137635	0.095465	0.144726	0.057401	0.0497676	0.0121903	0.00249558	0.00258396
98	0.0182216	0.0392334	0.00347854	0.0115716	0.0699423	0.00338687	0.0574079	0.114166	0.0380282	0.395392	0.0806808	0.00428289	0.00233527	0.0457035	0.00433086	0.0195385	0.00768264	0.0316174	0.00206315	0.0509367
99	0.059355	0.107793	0.0106164	0.0130328	0.0282746	0.0215242	0.0145722	0.0202837	0.0121324	0.0364564	0.00943167	0.0198938	0.0100779	0.0225265	0.0303033	0.38007	0.154382	0.026867	0.00763409	0.0147729
100	0.0470169	0.0145604	0.0058919	0.00311006	0.0600326	0.00491262	0.0108313	0.140305	0.00499632	0.319843	0.0970207	0.00233198	0.0041205	0.00693775	0.00557408	0.00888528	0.0181716	0.220551	0.00248866	0.0224184
101	0.062475	0.0133364	0.0941435	0.232849	0.00836797	0.032491	0.0266202	0.0500494	0.0708969	0.0554917	0.0184856	0.0282091	0.0103349	0.0541536	0.0146598	0.0446355	0.0514206	0.116457	0.003223	0.0116995
102	0.0376397	0.0191614	0.11781	0.215897	0.00444958	0.0839063	0.013541	0.0135749	0.0890349	0.0153203	0.00151886	0.0638882	0.00394228	0.0559347	0.0677898	0.107124	0.0499966	0.0333221	0.00123111	0.00491831
103	0.00482354	0.00512809	0.00131497	0.000687649	0.0413863	0.00044427	0.00408775	0.0700349	0.00297728	0.713223	0.062928	0.00305395	0.00616534	0.00663501	0.00321536	0.00573319	0.00779619	0.0524628	0.00455501	0.00334703
104	0.020874	0.00924399	0.0032566	0.00259417	0.049761	0.00375355	0.0101523	0.308554	0.00301715	0.17983	0.0574317	0.00120118	0.00205403	0.00408368	0.00330817	0.00866124	0.0157664	0.299692	0.00375576	0.0130089
105	0.0147625	0.0103906	0.033466	0.0786058	0.00390025	0.0284157	0.0153588	0.00753221	0.270133	0.0137119	0.0150897	0.0409657	0.0036574	0.162226	0.19619	0.0568581	0.028716	0.00733692	0.00713438	0.00554888
106	0.057392	0.00905082	0.00395808	0.00298626	0.0197204	0.0109247	0.00771827	0.226869	0.00256509	0.0987423	0.0424248	0.00630657	0.0101073	0.00432583	0.00692108	0.0435064	0.0666071	0.374887	0.00132257	0.00366419
107	0.0038885	0.00482255	0.00113072	0.000430788	0.0413955	0.000326936	0.00348299	0.0693348	0.00245891	0.723867	0.06061	0.0028122	0.00629237	0.00574486	0.00272203	0.00564858	0.00765492	0.050042	0.0047226	0.00261208
108	0.0110714	0.0168454	0.00232792	0.00182761	0.348802	0.00144429	0.00770182	0.0353438	0.00291052	0.397068	0.0344391	0.00549865	0.00696705	0.00328112	0.00696157	0.0093788	0.00565694	0.0631251	0.00607826	0.0332705
109	0.012524	0.00582814	0.00238037	0.00262978	0.0393069	0.00540025	0.0088252	0.359462	0.00235456	0.117152	0.0302889	0.00217615	0.00477543	0.00285321	0.00323645	0.0169113	0.0224052	0.351879	0.00392234	0.00568889
110	0.010462	0.0209362	0.0023432	0.00197396	0.457108	0.00151633	0.00778358	0.0174372	0.00279991	0.31689	0.0209841	0.00619135	0.0070002	0.00216393	0.00807743	0.0101503	0.00387035	0.0521434	0.00709525	0.0430735
111	0.0107066	0.00999812	0.476532	0.0938247	0.00514046	0.0168696	0.0309126	0.0149095	0.0403052	0.0124492	0.00156252	0.159884	0.00462141	0.0227178	0.0109836	0.0407857	0.0142243	0.0171098	0.00143295	0.01503
112	0.0485288	0.0160642	0.113786	0.0538506	0.0054108	0.527606	0.00975418	0.00696663	0.0273223	0.0101965	0.00238304	0.0384032	0.00511921	0.0131282	0.0196119	0.0605597	0.0168039	0.0147889	0.00172185	0.00799414
113	0.00692587	0.0069039	0.0017228	0.00245772	0.0421869	0.000999582	0.00576704	0.0679238	0.00515601	0.691005	0.0619936	0.00432369	0.007429	0.0111233	0.00454953	0.00928315	0.0101091	0.0515648	0.00466946	0.00390581
114	0.00826213	0.0101058	0.490542	0.0843845	0.00508805	0.0154041	0.0335147	0.0143507	0.0365329	0.0119436	0.00168739	0.169403	0.00420216	0.021048	0.00924323	0.0401701	0.0123813	0.0142844	0.00172316	0.0157285
115	0.0380496	0.0120462	0.0965529	0.272973	0.00369111	0.0525658	0.0183982	0.0218227	0.109761	0.0247257	0.00487138	0.0464555	0.00627883	0.0689217	0.0643027	0.0614155	0.0399927	0.0508478	0.00197327	0.00435432
116	0.0613905	0.371103	0.00255437	0.00759227	0.111012	0.0263366	0.0188044	0.0160122	0.00378603	0.0313762	0.00968568	0.0124165	0.00554314	0.00582736	0.0176379	0.17334	0.059456	0.0165447	0.021815	0.0277658
117	0.0139731	0.0157953	0.0265237	0.0647809	0.00692469	0.0249344	0.0225627	0.00938132	0.252225	0.0217222	0.0181239	0.0303791	0.00660592	0.151884	0.235052	0.0441498	0.0255531	0.0131353	0.0117417	0.00455226
118	0.0540229	0.0486195	0.00548854	0.0162665	0.0886295	0.0337121	0.0590394	0.0580911	0.0308265	0.173615	0.0244235	0.0329776	0.0101838	0.0244673	0.0214404	0.100568	0.0653587	0.090308	0.0213323	0.0406287
119	0.0471414	0.0066431	0.00158505	0.0225908	0.005069	0.00180318	0.0185829	0.0229776	0.0200597	0.0498928	0.0103698	0.00609894	0.600132	0.0161431	0.0235793	0.104692	0.0199179	0.0204124	0.000806676	0.00150179
120	0.00435107	0.00497452	0.0011492	0.000441495	0.0435194	0.0003894	0.00369076	0.0724308	0.0027511	0.717572	0.0585822	0.00264907	0.00625393	0.00565121	0.00272103	0.00592167	0.00805215	0.0511426	0.00461528	0.00314122
121	0.00689479	0.00976789	0.479637	0.0755852	0.00536183	0.0147555	0.033279	0.0147638	0.0389496	0.0111353	0.0012458	0.185538	0.00402512	0.0227585	0.0121109	0.0414577	0.0105704	0.0133001	0.00191557	0.0169477
122	0.125	0.0247393	0.0036835	0.00669631	0.0125569	0.00863278	0.00683209	0.104807	0.00429808	0.0920434	0.0556716	0.0205752	0.00721063	0.00695413	0.0146665	0.109865	0.176069	0.212918	0.000950592	0.00582947
123	0.191857	0.022129	0.00722482	0.0135353	0.0152462	0.0626571	0.0047981	0.0135425	0.0132756	0.0335493	0.0116367	0.0140319	0.114156	0.0472356	0.0172909	0.246557	0.130827	0.0364915	0.00123494	0.00272376
124	0.0343522	0.0116949	0.00826386	0.00601805	0.0355165	0.0123286	0.00974925	0.194459	0.00461802	0.21472	0.0646035	0.00320569	0.0158926	0.00800452	0.00421784	0.0148704	0.0222243	0.320296	0.00238289	0.0125822
125	0.12097	0.0194584	0.179682	0.15703	0.0116121	0.119364	0.0105896	0.00832706	0.0369388	0.0195313	0.00369878	0.0527904	0.00404197	0.0182816	0.0341626	0.129639	0.0356206	0.0244819	0.0019887	0.0117907
126	0.0811208	0.0210095	0.107501	0.22027	0.0084218	0.0378785	0.0276493	0.0426319	0.0611779	0.0374292	0.0176373	0.0303599	0.0118695	0.0432947	0.0112259	0.0620056	0.0617964	0.10341	0.00337239	0.00993888
127	0.00636622	0.00520646	0.00133947	0.000718262	0.0452404	0.000753091	0.00414643	0.0902679	0.00263706	0.676423	0.0576483	0.00253801	0.00579237	0.0053605	0.00276312	0.00634216	0.00891189	0.0690813	0.00448585	0.00397829
128	0.0113623	0.00698098	0.00184236	0.00256381	0.051794	0.00266967	0.0104173	0.369622	0.00230866	0.15236	0.0405727	0.00108097	0.00158524	0.00341239	0.00335718	0.00888857	0.0147616	0.299162	0.00525988	0.00999787
129	0.0428826	0.00708934	0.0132847	0.0172124	0.00872203	0.00596861	0.0320246	0.138626	0.036478	0.0979589	0.210471	0.0194902	0.00412114	0.00669222	0.0702093	0.055833	0.092793	0.092336	0.0360464	0.0117614
130	0.0305453	0.0283301	0.0494091	0.0533119	0.0184769	0.0299319	0.104626	0.0170246	0.0458048	0.0278479	0.00881663	0.184238	0.0120494	0.0620244	0.056019	0.162106	0.0483423	0.0297423	0.00679631	0.024557
131	0.00535753	0.00582939	0.00132126	0.00120632	0.0462564	0.000852747	0.00580133	0.153855	0.00297225	0.57474	0.0546718	0.00247257	0.00514659	0.00558785	0.00301667	0.00701039	0.00964256	0.103848	0.00505422	0.00535652
132	0.00462413	0.00506953	0.00126856	0.000450066	0.0423446	0.000348477	0.00372176	0.0716169	0.00255959	0.715181	0.0608621	0.0027127	0.00646066	0.00571547	0.00278475	0.0057653	0.00810387	0.0525009	0.00470541	0.00320413
133	0.0129937	0.00946608	0.029041	0.0805586	0.00375315	0.0215713	0.0177413	0.00616979	0.292088	0.0152658	0.0179517	0.0369961	0.00381675	0.152508	0.208602	0.0426113	0.0273646	0.00831199	0.00818015	0.00500812
134	0.0301184	0.0123551	0.0167724	0.0231779	0.00288299	0.631374	0.00789704	0.00617976	0.0738059	0.0090804	0.00677104	0.0146258	0.00607881	0.0305923	0.0581721	0.0375526	0.016549	0.00738594	0.00321832	0.00541045
135	0.0291638	0.0200786	0.219101	0.084345	0.0163915	0.0374369	0.0359767	0.0185937	0.0524166	0.0197104	0.00307969	0.185069	0.0047357	0.0360751	0.048349	0.101522	0.0408714	0.0200655	0.0064837	0.0205346
136	0.00514045	0.00613848	0.00127954	0.000628455	0.0766103	0.000540454	0.00413251	0.0726159	0.00291008	0.681308	0.0533659	0.00296818	0.00620906	0.00523262	0.0028911	0.00627364	0.00787599	0.0526761	0.00476189	0.00644118
137	0.00712849	0.0120803	0.00165461	0.00133566	0.23916	0.000933214	0.00706439	0.0389267	0.00298974	0.524592	0.0389624	0.00739508	0.0110671	0.0041457	0.00687463	0.0110825	0.00669823	0.050471	0.00693916	0.0204986
138	0.0471414	0.0066431	0.00158505	0.0225908	0.005069	0.00180318	0.0185829	0.0229776	0.0200597	0.0498928	0.0103698	0.00609894	0.600132	0.0161431	0.0235793	0.104692	0.0199179	0.0204124	0.000806676	0.00150179
139	0.0731153	0.0172616	0.148668	0.190747	0.014741	0.089234	0.0178446	0.0133209	0.0647435	0.0193454	0.00405945	0.05094	0.00773419	0.0405207	0.0422234	0.107871	0.0398399	0.034181	0.00332026	0.020289
140	0.587773	0.0179228	0.00377797	0.0117751	0.0077742	0.0356512	0.00285049	0.0229474	0.00280852	0.0217269	0.0090866	0.0035288	0.00466039	0.00161078	0.00149513	0.0861193	0.0610752	0.112106	0.000440634	0.00486927
141	0.0943825	0.015127	0.0158956	0.0240213	0.0386167	0.00874205	0.0941235	0.0235718	0.0687401	0.119415	0.031571	0.0257492	0.0103554	0.104859	0.0477153	0.162328	0.0528481	0.0469656	0.00694788	0.00802411
142	0.00364497	0.00516426	0.00103765	0.00270569	0.0526249	0.00175031	0.0107191	0.421153	0.00199749	0.132442	0.0278639	0.0010389	0.00124488	0.00294481	0.00293982	0.00916605	0.0138825	0.293958	0.00580845	0.00791416
143	0.0344951	0.0202301	0.0131761	0.017414	0.0643407	0.0144599	0.0212516	0.0846253	0.0215035	0.30017	0.046939	0.0132339	0.0148408	0.0193081	0.0270389	0.0379775	0.0309614	0.113351	0.0869387	0.0177448
144	0.0042534	0.00533788	0.0011021	0.0026762	0.0515253	0.00210942	0.0104294	0.416327	0.00199003	0.132044	0.0281961	0.00108204	0.00145914	0.00292796	0.00289051	0.00959206	0.0142652	0.298507	0.00555196	0.00773269
145	0.144873	0.0294656	0.0118908	0.022687	0.0250652	0.0236001	0.0140323	0.0579605	0.0236463	0.109811	0.0374848	0.0214095	0.0173929	0.020185	0.023949	0.131002	0.169895	0.102494	0.00519344	0.00796358
146	0.0388067	0.0282006	0.00452481	0.00605549	0.00819991	0.00576319	0.00631198	0.017074	0.00665527	0.0274997	0.0091894	0.00654886	0.00458421	0.0133118	0.0149626	0.449247	0.318808	0.024206	0.00229854	0.00775216
147	0.0383728	0.0333922	0.0264067	0.044699	0.0127428	0.026506	0.0267259	0.029515	0.136394	0.0423268	0.0223939	0.0449381	0.0251449	0.0818537	0.178528	0.114707	0.0589796	0.0331163	0.0139983	0.00925961
148	0.0468791	0.00671516	0.00165007	0.0227739	0.00522455	0.0018635	0.0187048	0.0232167	0.019945	0.0499133	0.0107336	0.00616455	0.599581	0.0160525	0.0235212	0.104334	0.0199071	0.0205033	0.000807165	0.0015091
149	0.241954	0.0228998	0.00543657	0.01742	0.0168578	0.0740044	0.00191743	0.0138723	0.0134208	0.0380789	0.013296	0.0130929	0.0794313	0.0265272	0.0192868	0.235907	0.116616	0.0480998	0.000641508	0.00123961
150	0.567274	0.017388	0.00500707	0.0156365	0.00868276	0.0359274	0.00381759	0.0253233	0.00494095	0.0229883	0.00996854	0.00452401	0.00588897	0.00233247	0.00254136	0.0880607	0.0629943	0.111206	0.000620419	0.00487776
151	0.284554	0.0382319	0.0368488	0.0398655	0.0176097	0.0505966	0.00913744	0.0233053	0.0188316	0.052712	0.0182091	0.0356625	0.0132775	0.0146818	0.0213838	0.157862	0.0876087	0.0706426	0.00234638	0.00663255
152	0.0852666	0.0617954	0.0517656	0.00726675	0.00748884	0.143727	0.0481885	0.0249208	0.0135866	0.036438	0.00576697	0.0356562	0.00389939	0.0231012	0.0297313	0.366008	0.0319002	0.0172926	0.00182762	0.00437227
153	0.0352755	0.00581902	0.0138287	0.0322981	0.0211514	0.011246	0.0345959	0.0455958	0.114628	0.200651	0.037918	0.0178779	0.019029	0.162439	0.124728	0.0344314	0.0243369	0.049852	0.00621588	0.00808314
154	0.0043539	0.00532582	0.00112651	0.00268467	0.0526381	0.0018005	0.0107244	0.417153	0.00210037	0.13397	0.0291645	0.00104814	0.00125449	0.00299663	0.0029637	0.00915847	0.0138023	0.293847	0.00571501	0.00817245
155	0.0484993	0.0105153	0.0067412	0.0274182	0.0125888	0.00533451	0.0179915	0.0431277	0.0171777	0.126199	0.0148795	0.00694358	0.451353	0.0208778	0.021529	0.0967391	0.027301	0.0393479	0.00324193	0.00219335
156	0.243386	0.0240687	0.00432771	0.0124587	0.0171171	0.0744068	0.001656	0.0125168	0.0100744	0.0402944	0.0127039	0.0120224	0.0850781	0.0279471	0.0164016	0.240759	0.116444	0.0466151	0.0006438	0.0010782
157	0.0157723	0.0454146	0.00902534	0.00901714	0.300624	0.00315352	0.0617875	0.00906532	0.00900293	0.0681114	0.00297415	0.00513457	0.00212749	0.00994903	0.00386171	0.0512058	0.00581159	0.0247005	0.00971987	0.353541
158	0.00962936	0.00610161	0.00293803	0.002731	0.0378168	0.00671151	0.00813992	0.349823	0.00282329	0.11938	0.0286927	0.00188687	0.00525022	0.00316166	0.0029076	0.0150671	0.0179616	0.36974	0.00352314	0.00571512
159	0.00584113	0.00998073	0.517316	0.0749835	0.00478869	0.0143867	0.0308902	0.0144415	0.0355269	0.0110548	0.00114641	0.171609	0.00382678	0.0184765	0.00757212	0.0380477	0.0109398	0.0121128	0.0010963	0.0159627
160	0.0186288	0.00956615	0.00730021	0.0172853	0.00972855	0.0108991	0.0205807	0.0347174	0.102078	0.124638	0.0312489	0.0130475	0.0276698	0.199893	0.259412	0.0359444	0.0286899	0.0387519	0.00460485	0.00531435
161	0.0468497	0.0157625	0.00689008	0.00366504	0.0545758	0.00523382	0.0107453	0.150653	0.00636904	0.276626	0.0964311	0.00150904	0.00461608	0.00878677	0.00483186	0.00655078	0.0168415	0.258676	0.00211507	0.0222707
162	0.101656	0.0310437	0.00765842	0.0164727	0.0418631	0.0123163	0.0144348	0.0734486	0.015893	0.0931204	0.0549637	0.0218324	0.00866196	0.0103274	0.0205502	0.142385	0.169844	0.147314	0.00283622	0.0133779
163	0.0360449	0.0108174	0.104194	0.311166	0.0051068	0.0320528	0.0299901	0.0181946	0.107146	0.0231226	0.00696929	0.0373259	0.0142901	0.0705721	0.043005	0.0524792	0.0375867	0.0506083	0.00310389	0.00622412
164	0.00461066	0.00524665	0.00129429	0.00258011	0.0497472	0.00222612	0.0100722	0.414883	0.00206659	0.127401	0.0279455	0.00114075	0.00160807	0.00284053	0.0028842	0.0105384	0.0148959	0.305454	0.00535569	0.00721002
165	0.0212122	0.0117133	0.00866487	0.0127865	0.0107727	0.0122832	0.0237826	0.0331023	0.0855362	0.112865	0.0240556	0.0123388	0.0537804	0.239822	0.21693	0.0354837	0.0284609	0.0463998	0.00455702	0.0054526
166	0.0404355	0.0119965	0.0100542	0.0043806	0.00276317	0.814706	0.00266711	0.00328015	0.0164729	0.00542371	0.00234698	0.00390611	0.00800363	0.00367712	0.0109901	0.0354916	0.0103232	0.00539269	0.00157463	0.00611363
167	0.00904523	0.0173085	0.00215057	0.00173859	0.369086	0.00131795	0.00697692	0.0302387	0.00294825	0.401161	0.0292023	0.00553484	0.00702322	0.00321153	0.00675138	0.00957259	0.00512591	0.0512625	0.00647005	0.0338744
168	0.0677446	0.0427307	0.0742921	0.0456192	0.0180309	0.0672197	0.0137318	0.0188028	0.0538121	0.029665	0.00242043	0.104307	0.00251102	0.0330733	0.0608641	0.216503	0.116584	0.0187756	0.00176005	0.0115527
169	0.0667302	0.00981147	0.117921	0.259027	0.00441419	0.0310677	0.0303599	0.0112872	0.0974116	0.0238584	0.00495856	0.0272492	0.0390597	0.0768371	0.0171863	0.0849412	0.0503248	0.0388702	0.00281691	0.0058675
170	0.107231	0.0118057	0.0952484	0.188337	0.00594871	0.0311025	0.0295355	0.0230051	0.0807851	0.0421339	0.00890325	0.0265771	0.0376189	0.0666984	0.00951294	0.0861647	0.0715797	0.069784	0.0021802	0.00584813
171	0.0396406	0.0103877	0.120085	0.34129	0.00504144	0.0331573	0.0313186	0.0183399	0.0824146	0.0223995	0.00518964	0.0302861	0.0147282	0.065255	0.0245369	0.050445	0.0413536	0.0554442	0.00238658	0.00630046
172	0.0365026	0.0119709	0.0128771	0.0191941	0.00900344	0.0107429	0.0287632	0.110177	0.0995436	0.0804799	0.162548	0.0198702	0.00523534	0.0193384	0.128321	0.0556928	0.055036	0.0849173	0.0384698	0.0113169
173	0.0403792	0.00973848	0.0901238	0.302369	0.00362157	0.0402552	0.021884	0.0275477	0.104754	0.0298863	0.00608685	0.0375931	0.00959895	0.0769306	0.0477617	0.0482184	0.0372547	0.0598882	0.00161976	0.00448773
174	0.0656101	0.0135826	0.107627	0.262382	0.00679885	0.0356736	0.0273884	0.0388289	0.0703155	0.0394475	0.0114168	0.028409	0.0116784	0.0515469	0.0147776	0.0464633	0.0555352	0.100831	0.00278481	0.008902
175	0.080516	0.0352789	0.105501	0.0807912	0.0182039	0.0728122	0.0161413	0.0183603	0.0498812	0.0302711	0.00246736	0.0940198	0.00229742	0.027484	0.0596067	0.181671	0.0910634	0.0208327	0.00217246	0.0106283
176	0.0215078	0.00753896	0.005085	0.0114877	0.0385942	0.00308623	0.0101213	0.077401	0.0170647	0.562641	0.0537244	0.006281	0.0188076	0.0326213	0.0137499	0.0165911	0.0202362	0.0722257	0.00694903	0.00428621
177	0.409781	0.0202183	0.00408851	0.0140605	0.0126901	0.0584954	0.00202386	0.0153647	0.00672782	0.0312052	0.00934544	0.00815673	0.0482977	0.0143997	0.00963144	0.179899	0.0858058	0.0667644	0.000503677	0.00254051
178	0.0446993	0.018635	0.117498	0.22531	0.00403707	0.0877996	0.0179217	0.0129304	0.0880106	0.0149233	0.00165868	0.0739203	0.00354748	0.0532581	0.0711953	0.0978996	0.0312993	0.0294295	0.00126678	0.00476005
179	0.0131148	0.00876808	0.0298332	0.0838406	0.00344137	0.0201717	0.0160646	0.00638743	0.304115	0.0165247	0.0171951	0.0381857	0.00354529	0.149269	0.199628	0.0413505	0.0288198	0.00712333	0.00755248	0.005069
180	0.0974848	0.0110337	0.00389785	0.00520923	0.0122006	0.0124962	0.00946469	0.177612	0.00337697	0.0779262	0.05589	0.011361	0.0111396	0.00516931	0.0138573	0.0667675	0.11103	0.309149	0.00129044	0.00364421
181	0.012229	0.00688468	0.00193929	0.00267484	0.054723	0.00254532	0.0112609	0.366695	0.00265951	0.151868	0.0410227	0.00115371	0.00166358	0.00366869	0.00398909	0.00857932	0.0139762	0.292521	0.00810576	0.0118398
182	0.180919	0.0306123	0.0489837	0.0130238	0.0260479	0.0197266	0.04735	0.0401949	0.0318227	0.0258024	0.0193808	0.0313737	0.00585403	0.0746934	0.0287	0.282576	0.0668802	0.0178115	0.00274721	0.00549976
183	0.0293443	0.0235107	0.0345829	0.0542125	0.0158319	0.0223291	0.159126	0.0147674	0.0570493	0.0443727	0.0153642	0.123405	0.0135986	0.133972	0.0582413	0.0979808	0.0359783	0.0264738	0.0078256	0.0320333
184	0.0255248	0.010703	0.00366767	0.00226159	0.0523665	0.00303402	0.00985343	0.297982	0.00332151	0.193997	0.0709908	0.00110539	0.00150513	0.00411244	0.00373989	0.00685327	0.0148904	0.275344	0.00307067	0.0156764
185	0.0120333	0.00939006	0.0331987	0.0843233	0.00400846	0.0257313	0.0157674	0.00604452	0.282425	0.0124927	0.0152162	0.0382096	0.00285916	0.162969	0.201652	0.0458558	0.0275234	0.00698491	0.0078881	0.00542742
186	0.0836682	0.0151153	0.0191214	0.0499225	0.00858027	0.0418457	0.014083	0.0403666	0.170531	0.0392154	0.0269845	0.0480795	0.0140878	0.07503	0.104535	0.11695	0.0937758	0.0309331	0.00182704	0.00534712
187	0.0752841	0.0308126	0.0338609	0.0301279	0.014702	0.0141085	0.150542	0.0103346	0.0403568	0.0885147	0.0202469	0.0563702	0.00862281	0.118709	0.0266136	0.167029	0.0537988	0.040941	0.00889331	0.010131
188	0.0249029	0.0123116	0.0186334	0.0346478	0.00662537	0.0227594	0.0351988	0.022696	0.203915	0.0658215	0.0311302	0.034241	0.0263267	0.131254	0.197247	0.0607411	0.0350709	0.0274769	0.00577034	0.00322929
189	0.194566	0.0244583	0.00572842	0.0147042	0.0273088	0.0659651	0.00862347	0.0241376	0.0136546	0.0568583	0.0197741	0.0234067	0.0775376	0.0234521	0.0217135	0.228299	0.114244	0.0511628	0.00129399	0.00311182
190	0.00680207	0.00897825	0.00157908	0.000876552	0.146179	0.000714925	0.00457728	0.0602085	0.0024113	0.611337	0.0514994	0.00314705	0.00602287	0.00468144	0.00393684	0.00635825	0.00721238	0.0559806	0.00463064	0.0128658
191	0.0342765	0.0187175	0.0105624	0.00349093	0.0936236	0.00452637	0.260868	0.0341926	0.00419643	0.0722518	0.0182104	0.0270044	0.00229431	0.0519471	0.0438502	0.00949475	0.0124574	0.00611823	0.00124313	0.290674
192	0.0668312	0.0150367	0.0129061	0.0218026	0.0245828	0.00598534	0.00987509	0.15711	0.0116447	0.162637	0.101326	0.0187213	0.00779388	0.0106966	0.0205625	0.0729092	0.0958529	0.170654	0.00627244	0.00679987
193	0.00492591	0.00564678	0.00139661	0.000802665	0.042324	0.000508201	0.00490377	0.0701411	0.00315848	0.706064	0.0643935	0.00318834	0.0063822	0.00772841	0.00319195	0.00610972	0.00802745	0.0524893	0.0045445	0.0040734
194	0.0577888	0.35438	0.00517522	0.00840588	0.0798874	0.028308	0.0158908	0.0154041	0.00526865	0.0263922	0.00801989	0.0144864	0.00626626	0.0111671	0.027522	0.222129	0.0636353	0.0166888	0.0177737	0.0154098
