342	20
1	0.00571275	0.00066915	0.00223968	0.00158839	0.163379	0.00147729	0.0482731	0.00213247	0.00194823	0.0299314	0.00623223	0.00823991	0.00108043	0.00171828	0.00838425	0.00352062	0.00284753	0.00373676	0.0252201	0.681668
2	0.019912	0.00110722	0.564598	0.139091	0.00318017	0.0138364	0.0144445	0.00938817	0.0468657	0.00692632	0.00271224	0.0608253	0.00477651	0.0332473	0.0288184	0.0292051	0.0108909	0.00640267	0.000779635	0.00299242
3	0.0106165	0.0013513	0.00713756	0.00458774	0.17715	0.00371599	0.053939	0.00767879	0.00600943	0.0390108	0.00853448	0.0139334	0.00206445	0.00564618	0.0161832	0.0101114	0.00762966	0.0128604	0.0217763	0.590064
4	0.018303	0.000496212	0.00202884	0.00337143	0.0156266	0.00177716	0.00155654	0.420186	0.00226848	0.0793457	0.0199314	0.00243112	0.00143972	0.00459133	0.00354762	0.00643428	0.0175906	0.396345	0.000590113	0.00213856
5	0.00969019	0.000255747	0.00163071	0.00118472	0.00821649	0.000717734	0.000602942	0.499105	0.000847679	0.0570228	0.0104239	0.00094263	0.000436526	0.00195597	0.00114367	0.00221174	0.00209535	0.399996	0.000310655	0.00120913
6	0.0118427	0.000214193	0.00165461	0.00141092	0.0100021	0.000681626	0.000544407	0.353257	0.000790234	0.0613425	0.0126983	0.000825209	0.000328177	0.00173853	0.00114985	0.00235279	0.0045786	0.533011	0.000239119	0.00133782
7	0.0240107	0.000180477	0.00649601	0.00467937	0.00063108	0.915512	0.000808016	0.000805342	0.000914506	0.00262475	0.00061661	0.0172197	0.000976278	0.000730313	0.0139164	0.00351278	0.00102117	0.00286362	0.00199356	0.000487298
8	0.025677	0.00024245	0.00617483	0.00513118	0.000794093	0.910464	0.000720667	0.000985418	0.00107987	0.00283815	0.000709845	0.0169379	0.00123391	0.00135923	0.0137492	0.00453831	0.00146846	0.00329408	0.00199628	0.00060496
9	0.0250279	0.000287362	0.00661217	0.00651051	0.00145324	0.899894	0.000805476	0.00133708	0.00232302	0.00379764	0.000871782	0.0181634	0.00128379	0.00206197	0.0142488	0.00561515	0.0025139	0.00419901	0.00200912	0.000984288
10	0.412965	0.0084132	0.00673356	0.00223811	0.00707602	0.00870742	0.00507406	0.0362009	0.00519839	0.0272731	0.00579542	0.00561314	0.00740179	0.00874674	0.0084647	0.103269	0.0874091	0.246579	0.00117169	0.00566997
11	0.452112	0.0954198	0.00285732	0.00279564	0.00329393	0.00716941	0.00251228	0.0040796	0.00289075	0.00553772	0.0140965	0.00397727	0.00628461	0.00302619	0.00327394	0.290187	0.0776637	0.019679	0.00112978	0.00201313
12	0.0230726	0.000280771	0.00689742	0.00504888	0.00111215	0.902377	0.000800247	0.00127175	0.00283248	0.00359907	0.00088626	0.0201039	0.00132394	0.00119771	0.0163862	0.00449351	0.00140702	0.00383682	0.00200606	0.00106632
13	0.276818	0.175597	0.00843708	0.00986823	0.00892352	0.0159935	0.00654801	0.0113871	0.00975303	0.0221605	0.0156417	0.0121479	0.00793192	0.00922789	0.01305	0.290079	0.0769795	0.0214754	0.00277928	0.00520161
14	0.302019	0.0223472	0.0167227	0.00699719	0.0092906	0.0346232	0.0128545	0.00736335	0.00700829	0.0119573	0.00783622	0.00927524	0.199184	0.0157722	0.0206843	0.2017	0.077749	0.0271245	0.00158878	0.00790182
15	0.00969417	0.00184687	0.00219454	0.00306641	0.0294606	0.00183214	0.00296779	0.112537	0.00353898	0.629675	0.0672614	0.0023816	0.00202125	0.0102819	0.00465896	0.00365402	0.0152509	0.0903282	0.00321321	0.00413523
16	0.385215	0.0215837	0.0120874	0.016934	0.0105347	0.070158	0.00895489	0.0284664	0.0151626	0.02932	0.010913	0.0127154	0.0222635	0.0169385	0.0188901	0.129706	0.0660712	0.113958	0.00205664	0.00807146
17	0.261536	0.0176124	0.0194224	0.00644448	0.00706586	0.0218003	0.00561466	0.00991056	0.00663655	0.00964204	0.00539847	0.0222324	0.0293749	0.00394777	0.0182505	0.288058	0.235356	0.0272212	0.00063683	0.00383918
18	0.0969592	0.0088419	0.0196284	0.0164259	0.0200768	0.028118	0.012787	0.0356057	0.0248361	0.0335932	0.0133766	0.0310435	0.0232608	0.0162508	0.0396124	0.243158	0.262359	0.0571828	0.00399102	0.0128934
19	0.014434	0.00295139	0.00326953	0.00440591	0.0308993	0.00462766	0.00451729	0.0939724	0.00504375	0.628163	0.0551148	0.0038959	0.0034269	0.012852	0.0076091	0.0102388	0.0167196	0.0891059	0.0031666	0.00558657
20	0.331472	0.0488246	0.00989036	0.0078562	0.00955631	0.0472647	0.00679788	0.00998725	0.00646455	0.010623	0.0116453	0.012516	0.0179251	0.00686493	0.0153628	0.305079	0.102741	0.032194	0.00140558	0.00552886
21	0.027687	0.0159734	0.00979566	0.0146166	0.00207685	0.0304372	0.0367361	0.00872168	0.190037	0.0213369	0.0141915	0.13171	0.00138731	0.0152035	0.199108	0.180337	0.0945525	0.00320199	0.00109908	0.00179102
22	0.0291439	0.000318868	0.00153702	0.00293741	0.0142377	0.0007691	0.00100894	0.234781	0.00178078	0.0665778	0.0172204	0.00117713	0.00158152	0.00304843	0.0028099	0.00703243	0.0197518	0.592436	0.000353279	0.00149702
23	0.0178722	0.00176368	0.00306425	0.00445575	0.0297738	0.00521	0.00375197	0.124525	0.00471429	0.535493	0.051745	0.00380046	0.00296822	0.00893524	0.00706304	0.0111598	0.0199743	0.153424	0.00350231	0.00680355
24	0.0194338	0.000831317	0.00160909	0.0028497	0.00897662	0.00122518	0.00146709	0.116604	0.00218228	0.218566	0.0192534	0.00205668	0.00184694	0.00271474	0.00301854	0.00575595	0.0149484	0.574032	0.00108233	0.00154515
25	0.0195135	0.000510598	0.00153602	0.00217131	0.0160758	0.00200991	0.00108802	0.203647	0.0013463	0.319835	0.0349667	0.000976781	0.00118924	0.00338626	0.00297944	0.00501637	0.0159629	0.364505	0.00152887	0.00175542
26	0.0812605	0.0057967	0.0751988	0.163332	0.00788694	0.204077	0.0188959	0.0150781	0.0605521	0.0192084	0.00898436	0.0570086	0.0153938	0.0661673	0.0581956	0.0705265	0.0422706	0.019511	0.00217944	0.00847704
27	0.015739	0.00162722	0.0150067	0.0280669	0.00543115	0.0185356	0.0268748	0.0137641	0.253801	0.0144603	0.00929561	0.044759	0.00472565	0.0450541	0.418912	0.0374905	0.0259783	0.0126088	0.00287317	0.00499618
28	0.0284612	0.00100545	0.0101441	0.00878259	0.0026744	0.832516	0.00321231	0.00395835	0.0058946	0.00777613	0.00230021	0.0218274	0.00330992	0.00465283	0.0280749	0.00911714	0.00659527	0.00605412	0.0108939	0.00274923
29	0.152524	0.00321858	0.0444458	0.0219407	0.00775429	0.131974	0.00687352	0.00624277	0.0102816	0.00679723	0.00465886	0.0360919	0.0473042	0.00389701	0.0265688	0.277117	0.195974	0.0116647	0.000740243	0.00393139
30	0.221461	0.00421566	0.0174577	0.00580129	0.0448064	0.0451723	0.023974	0.0309032	0.00957041	0.0721099	0.0193558	0.017863	0.0194883	0.0235817	0.0330794	0.172368	0.0865022	0.115494	0.00344461	0.033351
31	0.0830824	0.000762229	0.0299802	0.0264584	0.00268662	0.0335034	0.0191463	0.00889554	0.0219884	0.0128898	0.00636652	0.0118583	0.56234	0.0459324	0.0286883	0.05829	0.0247781	0.0151085	0.00139616	0.00584869
32	0.0744433	0.00860913	0.0139489	0.0154149	0.11061	0.0542056	0.0890703	0.0486564	0.00792507	0.0914805	0.0165901	0.0154681	0.00730512	0.0198099	0.0213129	0.15061	0.0725136	0.068127	0.00391484	0.109985
33	0.0976775	0.000704566	0.112817	0.143405	0.00267266	0.317622	0.0038804	0.00360088	0.0231674	0.00481218	0.00220699	0.0890078	0.00320575	0.0127357	0.0255174	0.0849188	0.0534037	0.014892	0.00119245	0.00256
34	0.00767125	0.00166181	0.22566	0.0166228	0.0972603	0.00486038	0.00647473	0.00585168	0.00743141	0.00784863	0.00386222	0.230391	0.00303279	0.0176725	0.0545166	0.0257781	0.026558	0.0236105	0.0159797	0.217256
35	0.0858001	0.000385058	0.0328126	0.0153999	0.0010824	0.0174432	0.0217	0.00806031	0.0143096	0.0111535	0.00695081	0.00819761	0.604544	0.0371514	0.0253905	0.0645963	0.0244898	0.0148548	0.000471891	0.00520664
36	0.175981	0.00942868	0.0297905	0.00805509	0.00740026	0.0267065	0.00711193	0.00735896	0.00686378	0.00568611	0.00470569	0.0260084	0.0508953	0.0017557	0.0252524	0.331945	0.258129	0.0125957	0.000624511	0.0037059
37	0.248478	0.00124592	0.0166046	0.0101999	0.0547789	0.0295539	0.0277141	0.0256403	0.0119753	0.0615746	0.00782635	0.016066	0.117212	0.016773	0.0299188	0.128617	0.0451762	0.0884204	0.01546	0.0467658
38	0.317883	0.0050201	0.00827644	0.00251679	0.029704	0.0385615	0.0182332	0.0128376	0.00516489	0.0314432	0.00822559	0.017553	0.0192418	0.0178091	0.0338594	0.211048	0.0922282	0.103049	0.00190534	0.0254399
39	0.0682356	0.00679515	0.0518918	0.207888	0.00746126	0.0303504	0.0228132	0.0195894	0.0974581	0.0189558	0.0148314	0.0352431	0.016089	0.19669	0.0798124	0.0569841	0.0375863	0.0231031	0.00115109	0.00707068
40	0.267887	0.000738074	0.00591482	0.00258842	0.0327838	0.0717793	0.0161345	0.00831933	0.00536962	0.0320709	0.00728525	0.0163821	0.0522961	0.0277376	0.0637425	0.200685	0.0806097	0.0720683	0.00203198	0.0335759
41	0.0184962	0.000730643	0.00376367	0.00992749	0.503518	0.00255849	0.0107749	0.0180811	0.00341518	0.0708245	0.0062013	0.00611295	0.002289	0.0029418	0.00854351	0.0150065	0.00778324	0.0286514	0.00618965	0.274191
42	0.0411775	0.000250231	0.00107371	0.00746157	0.0337714	0.000984506	0.000796635	0.232916	0.00164109	0.0611076	0.0242072	0.000878249	0.000537668	0.007167	0.00633777	0.00847161	0.067	0.50246	0.000340926	0.00141878
43	0.0533526	0.00453572	0.0124132	0.00394241	0.00348309	0.0107374	0.00246886	0.0140145	0.00460705	0.00491174	0.00358576	0.0308768	0.0105286	0.00358835	0.010448	0.506532	0.304236	0.0126008	0.000601408	0.00253595
44	0.0836523	0.00483968	0.0618911	0.173615	0.00614032	0.0415829	0.0238538	0.0166879	0.114611	0.0210387	0.00810567	0.0485482	0.0191341	0.123038	0.0992415	0.0747409	0.0472267	0.0239788	0.000873372	0.00720001
45	0.00584309	0.000467192	0.720144	0.133137	0.00194388	0.00451554	0.00558861	0.00860665	0.0278308	0.00298212	0.00138772	0.051744	0.001098	0.0143807	0.00288206	0.00894368	0.00372204	0.00259366	0.000854167	0.00133497
46	0.0485258	0.000835777	0.00856515	0.0078516	0.00529437	0.818161	0.00306521	0.00482095	0.00324244	0.0135583	0.00366943	0.0185623	0.00553788	0.00299452	0.015285	0.0199642	0.00705303	0.00752564	0.0020072	0.00347986
47	0.0151798	0.000184402	0.0016287	0.00216673	0.0147413	0.000641193	0.00053252	0.341231	0.000818398	0.0665772	0.0165381	0.000778965	0.00037222	0.00252207	0.00175414	0.00292204	0.0102497	0.519527	0.000259616	0.00137528
48	0.169073	0.00182202	0.0383103	0.034101	0.087436	0.0284005	0.00811989	0.0427329	0.0227556	0.127693	0.00393044	0.00645467	0.200567	0.0057537	0.0507598	0.0389167	0.00841433	0.0476976	0.00600549	0.0710562
49	0.0532426	0.00326182	0.0156203	0.00689942	0.00794553	0.0170478	0.00611173	0.015795	0.0146579	0.00966833	0.00473366	0.067263	0.0124531	0.00573794	0.0242096	0.463179	0.249171	0.0161708	0.00125163	0.00558027
50	0.257801	0.000889704	0.0107307	0.00248319	0.0287159	0.0465146	0.0324262	0.0207267	0.00595784	0.0394931	0.00933811	0.0167715	0.0203978	0.0234705	0.0452722	0.220488	0.0852773	0.0996919	0.00227301	0.0312813
51	0.0299439	0.00279475	0.0271787	0.0387551	0.0115491	0.026118	0.0395469	0.019955	0.184342	0.026277	0.0113051	0.0485005	0.00974879	0.0495994	0.342229	0.0508552	0.039351	0.0211805	0.00491955	0.0158507
52	0.297804	0.0022332	0.00954808	0.00785526	0.00839256	0.289978	0.00780815	0.012294	0.00779868	0.0153579	0.00878722	0.00923245	0.213321	0.0122949	0.0122921	0.0453592	0.0165975	0.0132002	0.00305998	0.00678635
53	0.00934385	0.00254327	0.00554631	0.00979822	0.00202063	0.0343004	0.023868	0.00579821	0.267619	0.0121558	0.00374608	0.0618065	0.00237597	0.0257107	0.462304	0.0475266	0.0172883	0.0033659	0.00102806	0.00185451
54	0.0433273	0.000231637	0.00103926	0.00354423	0.014638	0.000656077	0.000684734	0.183195	0.00212767	0.0500664	0.0127693	0.000829351	0.00117708	0.00351315	0.00296844	0.00949826	0.0305477	0.638108	0.000268381	0.000810055
55	0.0192222	0.00310668	0.00532052	0.00713748	0.0407198	0.00523809	0.00577898	0.0870911	0.00675494	0.60495	0.0531995	0.00500955	0.00489634	0.0124973	0.00941432	0.0100095	0.0155377	0.0913546	0.00388414	0.00887749
56	0.0321247	0.000272345	0.00616263	0.00468611	0.00152636	0.889966	0.0013452	0.00243983	0.00151111	0.00428664	0.00133758	0.0174742	0.00206066	0.00133576	0.0136348	0.00842069	0.00377769	0.00456189	0.00234115	0.000734237
57	0.0280955	0.000209293	0.00609284	0.00449045	0.000899051	0.909032	0.000535694	0.00137166	0.000861725	0.0028535	0.000795572	0.0169566	0.0010165	0.000723084	0.013483	0.00523475	0.00163259	0.00323299	0.00197095	0.000512109
58	0.123289	0.000978854	0.0876179	0.121615	0.00681885	0.326846	0.00295615	0.0076208	0.0192719	0.00530194	0.00369475	0.0688469	0.00431083	0.0120428	0.0216573	0.103681	0.065187	0.0144259	0.001286	0.00255198
59	0.0280371	0.00048415	0.00987882	0.00138182	0.00198573	0.00690759	0.00117854	0.0136716	0.00179367	0.00243258	0.00177469	0.0312356	0.00474592	0.00134655	0.00617687	0.54281	0.333948	0.00848965	0.000483045	0.00123818
60	0.418679	0.0945056	0.0031956	0.00307591	0.00379245	0.00848339	0.00306703	0.00489884	0.00313241	0.00602927	0.0169826	0.00489998	0.00656221	0.0031769	0.00391728	0.311662	0.0785359	0.0218503	0.00120281	0.00235081
61	0.00880046	0.000245615	0.00165991	0.000949441	0.00859702	0.000812405	0.000683083	0.500208	0.000798324	0.0754304	0.0140682	0.00105883	0.000412498	0.00194475	0.00110063	0.00218227	0.00411807	0.375057	0.000372056	0.00150067
62	0.0444903	0.00670374	0.0510591	0.0550349	0.00664368	0.0592245	0.0288255	0.0130123	0.131744	0.0193195	0.0106594	0.181779	0.0154815	0.0438815	0.12414	0.122416	0.0611933	0.0145633	0.00269186	0.00713573
63	0.313463	0.00106323	0.00598536	0.0126421	0.0208211	0.361428	0.00188101	0.0276563	0.0018588	0.00604412	0.0106496	0.00671041	0.00466001	0.0024394	0.00332777	0.143261	0.0596951	0.0140888	0.000873525	0.0014521
64	0.0616503	0.000243207	0.00624398	0.00500149	0.00188909	0.85369	0.000674204	0.00284739	0.00119942	0.00336646	0.0020621	0.0156378	0.00322515	0.00111259	0.0126592	0.0179654	0.00464924	0.0033378	0.00190499	0.000640055
65	0.0329903	0.000320608	0.00136652	0.00617993	0.0711251	0.00142487	0.000970851	0.234207	0.00140236	0.0808789	0.0303624	0.00198879	0.000690935	0.00583452	0.00574681	0.00721425	0.050625	0.460795	0.000750109	0.00512592
66	0.0105079	0.000754337	0.00237969	0.00228245	0.195047	0.00324871	0.0332422	0.0185095	0.0037125	0.0736736	0.0241605	0.0109405	0.00229957	0.00319092	0.00669711	0.00701084	0.00869626	0.0327989	0.0276976	0.53315
67	0.0287152	0.000509028	0.0105409	0.00155872	0.00215368	0.00700863	0.00121997	0.0133826	0.00180546	0.00265367	0.00179479	0.031455	0.00480875	0.00135653	0.00621449	0.543795	0.33052	0.00876975	0.000482432	0.00125542
68	0.0894998	0.00532248	0.0579761	0.17532	0.00597374	0.0452473	0.0230786	0.0154841	0.114729	0.0200272	0.0071645	0.0491505	0.0213042	0.127052	0.0962378	0.0777278	0.0414769	0.0204865	0.000641758	0.00609964
69	0.0518749	0.000801882	0.00750523	0.0420128	0.0401598	0.0018855	0.00458231	0.158027	0.0305857	0.275645	0.0576155	0.00188884	0.0073123	0.0494026	0.032879	0.021895	0.0410238	0.169145	0.00428892	0.00146957
70	0.399051	0.00222122	0.00536724	0.0012132	0.00213929	0.00167314	0.00137388	0.0481719	0.00463689	0.0292692	0.00364878	0.00249788	0.00153381	0.00597501	0.0020693	0.0719997	0.0715005	0.343755	0.000593225	0.00130916
71	0.0850645	0.00508237	0.0641806	0.176364	0.00558828	0.0426337	0.0240004	0.0157737	0.115423	0.0204998	0.00784276	0.0523056	0.0190107	0.122366	0.0995226	0.0740931	0.0412472	0.0222965	0.000636312	0.0060684
72	0.0907954	0.00468378	0.0573478	0.188034	0.00518758	0.0390434	0.0224044	0.0158739	0.114267	0.0179331	0.0068371	0.0414767	0.0193732	0.152253	0.0853725	0.0733959	0.0400442	0.0196278	0.000602855	0.00544587
73	0.359378	0.0433101	0.0086493	0.00622466	0.00891926	0.0737512	0.00666099	0.00816762	0.0036191	0.00768431	0.0100199	0.00981012	0.0166356	0.00445179	0.0127833	0.297239	0.0961191	0.0205488	0.00111592	0.00491226
74	0.00721957	0.000600456	0.00202903	0.00261253	0.207803	0.00154295	0.0399322	0.00347963	0.00187479	0.0317439	0.00568996	0.00689886	0.00101728	0.0017355	0.00744944	0.00439407	0.0027451	0.00652091	0.0220044	0.642707
75	0.0884423	0.0048023	0.0547374	0.188315	0.00537669	0.0383073	0.0220976	0.0172301	0.115045	0.0185021	0.00701879	0.0414795	0.0199962	0.15192	0.0872123	0.0725435	0.0402241	0.0206073	0.000635347	0.0055064
76	0.0502684	0.00960791	0.0325871	0.0280537	0.0618124	0.048602	0.0365198	0.0382692	0.0373005	0.083921	0.029682	0.0352489	0.0194029	0.0329514	0.0530716	0.0533741	0.0490094	0.0486255	0.144988	0.106704
77	0.0252593	0.000358281	0.00118069	0.0029914	0.0141876	0.000582404	0.000601128	0.216966	0.00115266	0.0616517	0.0151562	0.000836436	0.000597049	0.00291559	0.00245736	0.00451084	0.0201901	0.627188	0.000223463	0.000994158
78	0.105713	0.0068908	0.063953	0.168348	0.0132149	0.0685109	0.0227186	0.0227513	0.0820635	0.0302934	0.0113316	0.0473005	0.0272074	0.094901	0.0714506	0.077804	0.0445484	0.0296446	0.002055	0.00929959
79	0.0298149	0.000406024	0.0951672	0.131275	0.00131268	0.00841606	0.0242698	0.00340527	0.230477	0.0037954	0.00110379	0.100293	0.00899776	0.073689	0.199446	0.0706972	0.00896381	0.00496897	0.000536192	0.0029652
80	0.0858687	0.0055174	0.0527554	0.174879	0.00614069	0.0395704	0.0221138	0.021557	0.120091	0.0215481	0.00930956	0.0439414	0.0179897	0.124862	0.102663	0.0712691	0.0440519	0.0278412	0.000923593	0.00710665
81	0.0149024	0.000175642	0.00203996	0.00175429	0.0237107	0.000896833	0.000517308	0.327249	0.000535577	0.104981	0.0345021	0.000669154	0.000370375	0.00220843	0.00202351	0.003052	0.0106973	0.466628	0.00023913	0.00284774
82	0.251511	0.000355031	0.00355326	0.00157574	0.00250207	0.00102917	0.00114764	0.0788599	0.00673383	0.0410099	0.00568389	0.00155424	0.00076953	0.00466722	0.00217332	0.0582822	0.0702506	0.466947	0.000453288	0.000941557
83	0.0148446	0.00166152	0.00641884	0.0291047	0.180582	0.0106635	0.157592	0.0129815	0.00636931	0.0154163	0.00501337	0.00889113	0.00360841	0.066815	0.0324119	0.174629	0.0388058	0.0369948	0.00244345	0.194754
84	0.017316	0.00085844	0.00330531	0.0398282	0.0168408	0.00715863	0.023796	0.0432885	0.245058	0.0223647	0.035874	0.00327075	0.0195699	0.141774	0.288642	0.0111665	0.0276001	0.0394196	0.0108158	0.00205238
85	0.0762652	0.000606154	0.030176	0.0188663	0.00298195	0.0183251	0.0201328	0.0118872	0.0198766	0.0147464	0.00637597	0.0110947	0.586091	0.0423131	0.0279871	0.0599418	0.0248435	0.0200974	0.00103691	0.0063548
86	0.160766	0.00850138	0.0298919	0.0148569	0.0070622	0.0275176	0.010487	0.00453622	0.020042	0.00947715	0.00370433	0.0488328	0.0296541	0.00249464	0.0456331	0.334414	0.211573	0.0209381	0.000883779	0.00873374
87	0.389423	0.00123671	0.0102183	0.00255868	0.00552106	0.00385914	0.00349818	0.0524658	0.00605166	0.0365616	0.00446098	0.00625156	0.00525364	0.00846146	0.00431491	0.0799342	0.0645842	0.30888	0.0014085	0.00505591
88	0.0393779	0.00118052	0.00187187	0.00402454	0.202881	0.00709083	0.00358124	0.109976	0.00450232	0.200763	0.0617315	0.0156587	0.00420843	0.00287963	0.00488421	0.0134414	0.0354154	0.218629	0.00894579	0.0589571
89	0.0114784	0.000641911	0.00975463	0.0415118	0.00765297	0.0129479	0.0233671	0.0267987	0.274125	0.0136684	0.0190484	0.020485	0.0104874	0.100267	0.356923	0.0239624	0.0207368	0.0197803	0.00490105	0.00146172
90	0.0872296	0.00484639	0.0646648	0.168351	0.00751629	0.0474629	0.027234	0.0150109	0.110378	0.0210093	0.00795714	0.05416	0.0203487	0.120102	0.0967188	0.0777999	0.0413022	0.0194562	0.000680884	0.00777081
91	0.323279	0.000491934	0.00765749	0.0070039	0.00919936	0.440884	0.00159899	0.0160166	0.0018948	0.00774538	0.0124747	0.00377955	0.00912664	0.00194603	0.00338072	0.125199	0.022749	0.0034645	0.000776679	0.00133174
92	0.0137287	0.00348753	0.00220445	0.00279661	0.165709	0.00435236	0.00846067	0.0598678	0.00898422	0.49877	0.0593344	0.0112989	0.00279334	0.0130865	0.00368706	0.0099091	0.0149364	0.0583106	0.0106366	0.047646
93	0.0085842	0.00046244	0.0013679	0.00145892	0.0191416	0.000963298	0.000865436	0.171392	0.000770475	0.48521	0.0514294	0.000905377	0.00108107	0.00395228	0.00325783	0.00207074	0.0117242	0.23156	0.00236495	0.00143882
94	0.0752845	0.0038943	0.0601425	0.245638	0.00542619	0.0289829	0.0250172	0.0167286	0.0954945	0.0173633	0.0058898	0.0303242	0.0155493	0.181161	0.0696969	0.0549687	0.040083	0.0215029	0.000982122	0.00587006
95	0.398397	0.000431642	0.00582081	0.00114073	0.00181143	0.00114179	0.00117641	0.0541419	0.00451085	0.0311709	0.00348418	0.0019875	0.000803594	0.00617718	0.00165259	0.0697737	0.067142	0.347711	0.000465988	0.00105927
96	0.0221202	0.000173781	0.0058188	0.00431672	0.000564482	0.9213	0.000492209	0.000689665	0.000633078	0.00251267	0.000503382	0.0170654	0.0010072	0.000598129	0.0135898	0.00235388	0.000876422	0.00289677	0.00202102	0.000465991
97	0.0290378	0.000214372	0.00157449	0.00618603	0.0328044	0.000839296	0.000702098	0.27964	0.00102088	0.0656562	0.0234391	0.000823943	0.000445574	0.00513115	0.00424933	0.0047017	0.0355999	0.50597	0.000282131	0.00168172
98	0.0975193	0.0188957	0.0231139	0.0115686	0.0976245	0.0831789	0.0305624	0.0583732	0.0068019	0.159547	0.0341415	0.00547051	0.00142674	0.00450834	0.0224921	0.113106	0.0859832	0.113386	0.0039673	0.0283336
99	0.0806053	0.000727242	0.0297089	0.0172189	0.0033511	0.0261753	0.019887	0.0096257	0.0172832	0.014449	0.00642118	0.0100777	0.586304	0.03539	0.0265435	0.0639068	0.0263596	0.0189184	0.000928568	0.00611904
100	0.00728405	0.00181532	0.213862	0.0183591	0.112365	0.00425738	0.00797671	0.00549356	0.0049875	0.00691308	0.00375573	0.210333	0.00276515	0.0205413	0.0561781	0.0214836	0.0193043	0.0195097	0.0192053	0.24361
101	0.0454905	0.00287269	0.0330718	0.0358052	0.0808654	0.0238609	0.0926543	0.0419346	0.0327175	0.0807325	0.0204867	0.0988825	0.017067	0.039582	0.064823	0.0893599	0.0514412	0.0558564	0.00791795	0.0845779
102	0.0243851	0.000519842	0.00977031	0.00703847	0.00116465	0.848016	0.00228519	0.00226771	0.00936511	0.0038801	0.00135565	0.0388934	0.00194838	0.00374771	0.0228526	0.0112424	0.00328386	0.00438006	0.00248013	0.00112342
103	0.0638813	0.00133811	0.0061201	0.0352799	0.458006	0.00621492	0.00484699	0.0171606	0.0060262	0.0694185	0.00558771	0.00525016	0.0107708	0.00436978	0.0218112	0.0169275	0.00766752	0.0515236	0.00257519	0.205224
104	0.034519	0.000998909	0.0098325	0.00275149	0.00368313	0.00883562	0.00217805	0.0183074	0.0059365	0.00685333	0.00352478	0.0459619	0.00608443	0.00350551	0.0145788	0.491343	0.32497	0.0125117	0.000812334	0.00281162
105	0.023041	0.000803476	0.00166786	0.00459291	0.279825	0.00638644	0.00518566	0.0720333	0.00737501	0.209919	0.0672803	0.0265214	0.00570743	0.00157122	0.00502021	0.0184827	0.0250115	0.129614	0.0135794	0.096382
106	0.00610989	0.000471499	0.706812	0.139151	0.0020666	0.00492412	0.00604935	0.00859918	0.0297288	0.00318474	0.00136696	0.0522316	0.00130164	0.0158501	0.00401725	0.00913973	0.00416278	0.00270513	0.000757782	0.00136967
107	0.0101431	0.0120081	0.0436552	0.00783422	0.0710939	0.00512463	0.448996	0.00721258	0.0142032	0.0160636	0.00563302	0.0464111	0.00266276	0.0364009	0.0618201	0.0147979	0.00985437	0.0139635	0.0141391	0.157983
108	0.0515539	0.000698018	0.007311	0.0425329	0.0390044	0.00139759	0.00420408	0.162107	0.0309728	0.271754	0.0556006	0.00163707	0.00735527	0.0505424	0.0335116	0.0209262	0.0406362	0.172904	0.00438908	0.000961322
109	0.0817769	0.000340134	0.0255585	0.02656	0.0311343	0.0155392	0.0349128	0.098998	0.0360291	0.0839832	0.0121767	0.0705098	0.0554752	0.0448234	0.029197	0.115232	0.0628843	0.125182	0.00732792	0.0423595
110	0.0254848	0.000298836	0.00602768	0.0045886	0.00086693	0.910494	0.000615855	0.00164353	0.000898041	0.00271771	0.00070969	0.0170703	0.00113702	0.000693857	0.0132566	0.00486058	0.00235972	0.00358374	0.00210809	0.0005844
111	0.102054	0.00524377	0.0163529	0.00592121	0.0108833	0.0255375	0.00602889	0.0294303	0.00980583	0.0178378	0.00790729	0.0310023	0.0212562	0.00719291	0.0179681	0.354391	0.292535	0.0310273	0.00118235	0.0064429
112	0.0269548	0.00157294	0.0298867	0.0668208	0.00746125	0.0161542	0.0255912	0.0221988	0.232546	0.0176359	0.0151992	0.0391901	0.011293	0.0948617	0.288612	0.0416241	0.0317349	0.0219903	0.00392488	0.00474764
113	0.0340174	0.000215147	0.00117074	0.00636076	0.0367953	0.00109101	0.000683114	0.251802	0.000866361	0.0713271	0.0304064	0.000859615	0.000438053	0.00606381	0.00563312	0.00500717	0.0558336	0.489359	0.00028326	0.00178772
114	0.172385	0.00488828	0.0121371	0.0114047	0.0416263	0.160567	0.0106037	0.0317209	0.0061066	0.0218567	0.0107388	0.021944	0.0151538	0.00729207	0.0181041	0.230569	0.145752	0.0590755	0.00176993	0.0163044
115	0.0889379	0.000575164	0.00806976	0.00889069	0.00280502	0.78689	0.0017964	0.00408999	0.00263039	0.0054798	0.00312615	0.0173762	0.00705006	0.00321002	0.0169982	0.0253848	0.00789697	0.00536335	0.00183848	0.00159067
116	0.0282015	0.000486225	0.00987884	0.0013946	0.00198017	0.00691105	0.00118583	0.0136966	0.00184675	0.00245424	0.00176564	0.0313056	0.00476931	0.00135105	0.00624661	0.542219	0.334026	0.00854642	0.000483044	0.00125154
117	0.0128203	0.00159122	0.00567779	0.00597802	0.00696496	0.00672099	0.00661097	0.347402	0.00722602	0.248576	0.0276664	0.0276789	0.00327356	0.00654289	0.00728498	0.0109891	0.164451	0.0952673	0.0019569	0.0053202
118	0.0190038	0.000800389	0.00205616	0.0108372	0.569649	0.00205586	0.00282441	0.020865	0.0028026	0.0839024	0.00631452	0.00379056	0.00151368	0.00212004	0.00770429	0.0122227	0.00497272	0.0350701	0.00245656	0.209038
119	0.0110472	0.00108249	0.64899	0.122428	0.00480044	0.00845109	0.0127136	0.0119603	0.0314603	0.00716258	0.00303845	0.0570707	0.00605501	0.0185991	0.0136558	0.0164226	0.00927359	0.00745358	0.00152307	0.00681113
120	0.0799611	0.00424276	0.0629172	0.150146	0.00496636	0.0477026	0.0297746	0.0131213	0.116393	0.0196683	0.00631403	0.0613183	0.0293243	0.111544	0.107321	0.0915417	0.0411243	0.0159904	0.00123303	0.00539511
121	0.0230454	0.000178531	0.0091838	0.00710016	0.000610917	0.90298	0.00128918	0.000930144	0.00232716	0.00286286	0.000571196	0.01867	0.00107878	0.00159842	0.0158686	0.00416276	0.00170336	0.00332327	0.00195079	0.000564734
122	0.0130941	0.00122996	0.0244509	0.0154742	0.0523038	0.00432445	0.100901	0.0260065	0.111241	0.0124861	0.00657582	0.0931074	0.00227992	0.0768823	0.254206	0.0327421	0.111318	0.0165901	0.0180278	0.0267583
123	0.0308171	0.00267059	0.0241123	0.0401902	0.00433783	0.0783973	0.0225874	0.01113	0.201095	0.0146691	0.00717149	0.0752994	0.00922549	0.0457115	0.33226	0.0608282	0.024399	0.00901561	0.00270087	0.00338174
124	0.0125245	0.00980491	0.043235	0.0186817	0.0427088	0.00521645	0.404274	0.0121845	0.0437	0.0108474	0.00633323	0.0463109	0.00244703	0.0515313	0.105483	0.019863	0.0297352	0.0189523	0.0128202	0.103346
125	0.108204	0.00207438	0.0241784	0.00549841	0.00692824	0.0262836	0.00469977	0.0137556	0.00504311	0.00492713	0.00485619	0.0255014	0.0446339	0.00216117	0.0188677	0.370992	0.318069	0.00993556	0.000674059	0.00271633
126	0.315843	0.0558872	0.00701668	0.00404015	0.00489548	0.0139708	0.00421304	0.00600897	0.00375588	0.00613701	0.0105417	0.0123762	0.0114143	0.00320139	0.00812509	0.383348	0.127241	0.0177767	0.00119435	0.0030131
127	0.183506	0.00432036	0.0517874	0.019081	0.018453	0.0248516	0.0169582	0.0276188	0.0197622	0.0394335	0.00949745	0.0266754	0.165767	0.0241393	0.0301366	0.16664	0.080492	0.0677334	0.00440769	0.0187392
128	0.00589686	0.000466578	0.720043	0.132873	0.00189436	0.00456668	0.00564786	0.00862465	0.0278621	0.00296943	0.001385	0.0518444	0.00111572	0.0144853	0.00300339	0.00899287	0.00363544	0.00259215	0.00076066	0.00134034
129	0.0288699	0.023417	0.00880627	0.00762107	0.103767	0.0203525	0.0128682	0.0498595	0.00914047	0.525392	0.0468936	0.00807555	0.00327569	0.0147204	0.0100367	0.0283129	0.0224467	0.0448251	0.00682859	0.02449
130	0.0085204	0.00286286	0.00189309	0.00216129	0.0916686	0.00238574	0.00412321	0.0749861	0.00378357	0.632827	0.056311	0.00417878	0.00205428	0.00981538	0.00380711	0.00544438	0.0109128	0.0560741	0.00411583	0.0220745
131	0.0891469	0.00540065	0.0571469	0.174467	0.00646546	0.0449283	0.022957	0.0154551	0.113805	0.0205264	0.00713298	0.0498848	0.0216431	0.126871	0.0966609	0.0784623	0.0414314	0.0208246	0.000643449	0.00614665
132	0.349183	0.000545014	0.00654356	0.00824894	0.0101381	0.410073	0.00163701	0.0167203	0.00185264	0.00730283	0.0113354	0.00419486	0.0096085	0.00205691	0.00336932	0.126204	0.0253956	0.00354163	0.000786862	0.00126234
133	0.00695863	0.00172126	0.203503	0.029238	0.00397082	0.00438787	0.0281276	0.00503778	0.0450642	0.00610312	0.00330776	0.511841	0.00175974	0.00380639	0.0501159	0.0225117	0.0594737	0.00658809	0.00149956	0.0049832
134	0.0874198	0.000353662	0.0312992	0.0141775	0.00114564	0.016078	0.0240674	0.00743283	0.0128327	0.0111061	0.00661482	0.00834197	0.612073	0.0357681	0.0251594	0.0631581	0.0230512	0.0140859	0.000406749	0.00542803
135	0.0488255	0.00105716	0.119208	0.108602	0.00278988	0.0454091	0.050873	0.00745208	0.118466	0.0153609	0.00235041	0.107209	0.0252358	0.061652	0.129985	0.104604	0.0344835	0.00966678	0.00171689	0.00505178
136	0.0259097	0.0164483	0.0088103	0.0137726	0.00220197	0.0310597	0.0354586	0.00857956	0.175781	0.0229074	0.0179385	0.174095	0.0013539	0.0173637	0.189857	0.16298	0.0891553	0.0032504	0.00113807	0.00193897
137	0.0055361	0.000725106	0.00132783	0.00106585	0.0135712	0.00143564	0.0013402	0.174093	0.00107515	0.578224	0.067194	0.00162444	0.00173838	0.00557969	0.00369193	0.00196434	0.0179265	0.117724	0.00326454	0.000898088
138	0.0395823	0.000230921	0.0268701	0.0560379	0.0131904	0.00328903	0.0479577	0.0467225	0.144695	0.0300954	0.0236872	0.0213693	0.000413332	0.0578894	0.180986	0.0642719	0.143198	0.0636876	0.00799866	0.0278273
139	0.0230921	0.000733872	0.00169528	0.00507122	0.0141474	0.0017965	0.00181699	0.16608	0.00281392	0.155043	0.0289991	0.00224243	0.00348836	0.00522442	0.00416297	0.00577456	0.0317741	0.543652	0.000756694	0.00163401
140	0.0602478	0.00627589	0.011987	0.00988614	0.179229	0.0555218	0.0119957	0.0451853	0.00890616	0.249728	0.0490113	0.0117029	0.00374507	0.00524323	0.0104489	0.0452795	0.031361	0.105086	0.019163	0.0799962
141	0.0148501	0.00114277	0.00413637	0.00524252	0.0107544	0.00489633	0.00404714	0.345557	0.00455327	0.233733	0.0316137	0.0150967	0.00222459	0.00525812	0.0058913	0.00741954	0.124772	0.173945	0.00134976	0.00351746
142	0.00643577	0.0143448	0.0393394	0.00469455	0.0598664	0.00324753	0.498373	0.00475508	0.0128996	0.00944221	0.00318586	0.0516307	0.00210449	0.0375079	0.0717211	0.00819976	0.00601568	0.0102181	0.0154185	0.140599
143	0.434466	0.090254	0.00502268	0.00498589	0.00503774	0.00946189	0.00396778	0.00673747	0.00648769	0.0138165	0.0144283	0.006326	0.0077417	0.00516735	0.00844794	0.261604	0.0853579	0.0257428	0.0014761	0.00347048
144	0.0489953	0.0025468	0.00352782	0.00415971	0.00479405	0.0141179	0.00332215	0.0301043	0.0380992	0.0570415	0.0239374	0.0447438	0.00258746	0.0296541	0.0455387	0.207024	0.386761	0.0477923	0.00232637	0.00292605
145	0.362155	0.00368501	0.00540456	0.00149844	0.00265271	0.0021999	0.00196091	0.0519964	0.00532612	0.0305966	0.00470114	0.00237384	0.00285107	0.00582179	0.0026177	0.0738845	0.0786457	0.359233	0.000676771	0.00171851
146	0.0522851	0.00250878	0.0267118	0.113142	0.0111797	0.0468819	0.139293	0.0124799	0.063743	0.0407078	0.00864012	0.062363	0.0209632	0.155974	0.0378542	0.0724859	0.0610834	0.0318697	0.00149307	0.0383401
147	0.00351812	0.000692934	0.00185111	0.00579111	0.00199032	0.0125974	0.0252853	0.0047256	0.307455	0.0114177	0.00224654	0.0427957	0.00144021	0.0261981	0.517665	0.0220403	0.00598834	0.0034394	0.00110514	0.00175686
148	0.00990276	0.000213588	0.00162733	0.0010935	0.00938288	0.000659702	0.000588262	0.483598	0.000721147	0.0662757	0.0130216	0.000823509	0.000376812	0.00195963	0.00120922	0.00214141	0.00321584	0.401584	0.000297945	0.00130707
149	0.0404051	0.000827453	0.00949132	0.0348607	0.0306828	0.00306728	0.00777254	0.192467	0.0261444	0.272729	0.0687138	0.00317563	0.00611356	0.0398863	0.0259442	0.0194077	0.047927	0.165602	0.0033688	0.0014131
150	0.02572	0.00255566	0.00487621	0.00832913	0.258619	0.0116007	0.0131479	0.0986832	0.0137458	0.222537	0.0631581	0.0190298	0.00402841	0.00581425	0.00861236	0.0343557	0.0322344	0.103411	0.00890887	0.0606333
151	0.0878812	0.00056572	0.0314248	0.0186193	0.011732	0.0144204	0.0215546	0.0534631	0.0290342	0.056655	0.00828038	0.0313784	0.313045	0.0531395	0.0236996	0.0903356	0.0504797	0.0834666	0.0036493	0.0171754
152	0.0870626	0.000845523	0.00808507	0.0152089	0.00521579	0.00486448	0.0140116	0.0688565	0.14671	0.0396068	0.0477132	0.00708925	0.00263053	0.0481715	0.299069	0.0560689	0.0997557	0.0361272	0.00618743	0.00672035
153	0.448479	0.00878465	0.00635973	0.0016258	0.00626348	0.00653946	0.0038715	0.0340597	0.00358647	0.0236403	0.00408984	0.00487256	0.00531009	0.00715939	0.00654178	0.106197	0.0827524	0.234309	0.00102772	0.00453039
154	0.0520285	0.000253877	0.0299368	0.0520591	0.0193436	0.00588245	0.0444493	0.0731208	0.105998	0.0421833	0.0221049	0.0418262	0.0141268	0.0556494	0.11268	0.0830332	0.109612	0.0912251	0.00538037	0.0391063
155	0.0607391	0.000697755	0.0298028	0.0536059	0.00234716	0.691626	0.00376505	0.00377368	0.0157522	0.005043	0.00218385	0.0316322	0.00418297	0.01419	0.0213727	0.0323384	0.0167176	0.00683771	0.00167845	0.00171399
156	0.0344843	0.000328966	0.000777052	0.00547789	0.022973	0.00102351	0.000777326	0.188546	0.00161977	0.0572804	0.0211555	0.000967929	0.000606187	0.0048198	0.0044612	0.00651866	0.045425	0.601515	0.000277414	0.000965102
157	0.0473769	0.000921714	0.0122536	0.0621133	0.031734	0.00216647	0.00434861	0.173225	0.0311989	0.23973	0.0496761	0.00258168	0.00662672	0.0608133	0.0445155	0.0228264	0.0341315	0.168393	0.00392399	0.00144298
158	0.017032	0.000669846	0.00205569	0.00970908	0.495497	0.00172378	0.00756432	0.0143793	0.00232903	0.0578199	0.00326965	0.00279727	0.00118772	0.00208716	0.00766561	0.00966774	0.00330859	0.026964	0.00720859	0.327064
159	0.0371364	0.000215191	0.0241323	0.0583554	0.0131403	0.00396094	0.047453	0.0482895	0.143136	0.0283021	0.0246002	0.0206683	0.000350858	0.0572029	0.171818	0.0721569	0.145811	0.0648169	0.00738024	0.0310744
160	0.0512224	0.00236961	0.328579	0.136702	0.00389323	0.0509401	0.0231915	0.0102923	0.0758133	0.0116345	0.00352655	0.0670845	0.0118355	0.0629922	0.0665262	0.0525076	0.0245687	0.011164	0.00085349	0.00430379
161	0.0897001	0.00590219	0.0560104	0.173856	0.00690386	0.0445189	0.0227021	0.0153112	0.112176	0.0211951	0.00711301	0.0501013	0.0226467	0.124543	0.0974112	0.0809246	0.0410183	0.0212416	0.000666567	0.00605742
162	0.0373882	0.000214291	0.0267593	0.059289	0.0140032	0.00327214	0.0494275	0.0461932	0.142991	0.0293946	0.0222774	0.0227127	0.000351423	0.0592883	0.177424	0.0640577	0.143209	0.064411	0.00831053	0.0290253
163	0.407918	0.000437842	0.00575659	0.00115114	0.00191412	0.00113681	0.00125301	0.0518053	0.00445424	0.0300972	0.0033681	0.00209282	0.000824415	0.00652148	0.00177278	0.0687375	0.0680104	0.341138	0.000510885	0.00109985
164	0.0181571	0.00130768	0.00432667	0.0107992	0.250386	0.00737062	0.0184508	0.081783	0.0218793	0.228664	0.0660766	0.0252464	0.00397053	0.00523617	0.0105509	0.0314337	0.0255004	0.0960653	0.0103964	0.082399
165	0.0200474	0.000518308	0.00191075	0.00631114	0.020473	0.00143123	0.00165509	0.188029	0.00404467	0.38166	0.0444405	0.00238481	0.00168537	0.00924122	0.00969993	0.0053174	0.0383609	0.259453	0.00216758	0.00116891
166	0.0325083	0.0132743	0.0172243	0.0242309	0.00187375	0.0332511	0.0370221	0.00902875	0.183572	0.0224267	0.0127936	0.125224	0.00685417	0.0220023	0.191755	0.172344	0.088594	0.00300505	0.00125336	0.00176335
167	0.217478	0.00240451	0.0108276	0.0125312	0.00887405	0.525031	0.00282595	0.0121428	0.00396457	0.00713555	0.00834383	0.0122973	0.00835764	0.00305132	0.00945441	0.10998	0.0328864	0.00887725	0.00118744	0.00234895
168	0.196085	0.00902381	0.0290229	0.00729181	0.00730312	0.0256316	0.00629766	0.00747196	0.00651175	0.00586877	0.00495126	0.0236501	0.0521193	0.00226942	0.0240541	0.303061	0.269335	0.0151761	0.000656712	0.00421917
169	0.00619842	0.000776692	0.0018685	0.0013815	0.0134905	0.00184112	0.00186194	0.186821	0.00145087	0.55627	0.0726198	0.00200545	0.00184018	0.00610816	0.00399426	0.00244721	0.0222354	0.112777	0.00306332	0.000948292
170	0.155261	0.000816098	0.00624502	0.00530063	0.00472935	0.708251	0.00172679	0.00702845	0.0017853	0.00528283	0.00528937	0.0119671	0.00864934	0.001548	0.00975892	0.0482766	0.0103866	0.00442198	0.00161238	0.00166291
171	0.0282214	0.000503516	0.00991242	0.00139621	0.00217462	0.00707914	0.00127607	0.0136926	0.00183809	0.00244462	0.00186487	0.0311251	0.00502306	0.00156383	0.00621313	0.540951	0.334265	0.00868729	0.000484545	0.00128333
172	0.0947095	0.00121433	0.0295394	0.0158131	0.00315111	0.0208898	0.0199653	0.010053	0.0137191	0.013275	0.0065686	0.0102292	0.569813	0.0329308	0.0232868	0.0705052	0.0372506	0.0195821	0.000811104	0.00669331
173	0.0237068	0.00765488	0.022578	0.0164922	0.0306369	0.0149389	0.441506	0.0116989	0.0174396	0.0336135	0.00717822	0.0346153	0.00954497	0.113596	0.0392478	0.0293508	0.0235247	0.0511338	0.00824995	0.0632924
174	0.00638305	0.00285431	0.00210748	0.00199005	0.0375965	0.00128096	0.00418386	0.0839706	0.00413314	0.690152	0.0672884	0.00161078	0.00200039	0.0154598	0.00425306	0.00275521	0.0100037	0.0529422	0.00409163	0.00494268
175	0.0116805	0.00253657	0.00379679	0.00277293	0.0319158	0.00338096	0.00491119	0.078697	0.00379749	0.61273	0.128297	0.00316296	0.00212979	0.0148035	0.00486727	0.00419966	0.0118364	0.0648842	0.0039859	0.00561461
176	0.0108531	0.00237663	0.00317666	0.00169997	0.0378955	0.00199495	0.00581908	0.066151	0.00519329	0.603385	0.164324	0.00204063	0.00205215	0.0213378	0.00422322	0.00314672	0.00910412	0.043499	0.0054302	0.00629703
177	0.0125131	0.00178144	0.00331322	0.00508001	0.0312805	0.00309485	0.00377046	0.123705	0.00476582	0.584106	0.067978	0.00332982	0.00240261	0.0116172	0.00647185	0.00606309	0.0261574	0.0950988	0.00315367	0.00431716
178	0.0694286	0.00437495	0.0295882	0.0233758	0.0104071	0.0290878	0.0126526	0.0152653	0.0264739	0.0127222	0.00597828	0.0657231	0.0153101	0.0146412	0.0362111	0.388352	0.208234	0.0208349	0.00195346	0.00938504
179	0.0292331	0.000269139	0.00602058	0.0045056	0.00140789	0.903994	0.000668583	0.00145675	0.00103774	0.00432867	0.00102808	0.0164713	0.00118398	0.000905544	0.0132078	0.0062089	0.00210313	0.00334083	0.00196219	0.000665985
180	0.0094912	0.000255232	0.00163786	0.00112196	0.00805286	0.000724412	0.000615363	0.500386	0.000853932	0.0575995	0.0104905	0.000939185	0.000439112	0.00191759	0.0010989	0.00220916	0.00172389	0.398893	0.000313896	0.00123655
181	0.0279569	0.000293736	0.00598754	0.00444303	0.00116003	0.906601	0.00152569	0.00126166	0.000818174	0.00335989	0.000811637	0.0167234	0.00129689	0.00075101	0.0135356	0.00555261	0.00161047	0.00336399	0.00199506	0.000951832
182	0.0914194	0.00055979	0.0317745	0.0139797	0.00161707	0.016306	0.0266779	0.00802797	0.0127087	0.0115472	0.00666091	0.00948653	0.584182	0.0343084	0.0254025	0.0749193	0.0286861	0.0153322	0.000478585	0.00592511
183	0.0892277	0.00573493	0.0550492	0.177191	0.00574838	0.0428715	0.0222251	0.0180813	0.118206	0.0202792	0.00823974	0.0464818	0.019694	0.126384	0.101028	0.0739222	0.040787	0.0222253	0.000673871	0.0059503
184	0.00855298	0.00283266	0.00485064	0.00435111	0.154688	0.00542262	0.0577269	0.0494956	0.0487231	0.382468	0.0804759	0.00630461	0.00271747	0.0725692	0.00693458	0.0102762	0.00969379	0.0112441	0.0390651	0.0416075
185	0.0469553	0.00098142	0.0257666	0.00394524	0.00278737	0.306257	0.00312536	0.0148106	0.116069	0.00526626	0.00277754	0.203178	0.0114056	0.0251022	0.133334	0.0833681	0.00605742	0.00465168	0.00153419	0.00262681
186	0.0138225	0.000245118	0.00165602	0.00166627	0.0200486	0.000959305	0.000554374	0.376117	0.000574186	0.100774	0.0325445	0.000732476	0.000516168	0.00230212	0.0021366	0.00264661	0.011158	0.429036	0.000335065	0.00217505
187	0.0488078	0.00108405	0.0784375	0.0765875	0.00290132	0.0256552	0.0159582	0.0058218	0.114442	0.0166719	0.00320013	0.0657391	0.187924	0.0565613	0.085425	0.13404	0.0678963	0.0065482	0.00228143	0.00401703
188	0.0869109	0.012765	0.00407186	0.0218872	0.00937434	0.00374742	0.016794	0.134834	0.00749098	0.164888	0.0306212	0.0169642	0.0621027	0.0139402	0.00768966	0.0189964	0.0397369	0.341638	0.00179164	0.00375539
189	0.081632	0.00147376	0.0585566	0.095503	0.0503483	0.0748759	0.0948918	0.0225077	0.0323749	0.0868886	0.0613064	0.080542	0.0041265	0.0516301	0.027515	0.0628788	0.0387188	0.0143849	0.00241032	0.0574346
190	0.0401058	0.00063288	0.00137619	0.00632871	0.0249378	0.00178495	0.00122607	0.213695	0.0024826	0.0683875	0.0234488	0.00180496	0.00254258	0.00614253	0.00556626	0.00859253	0.0592168	0.529624	0.000418097	0.00168576
