263	20
1	0.0623834	0.00150604	0.0110573	0.0245752	0.130192	0.00947548	0.012274	0.0551085	0.0243211	0.200283	0.225081	0.0315509	0.0422718	0.016297	0.0268956	0.0260955	0.0259577	0.0406306	0.00407384	0.0299697
2	0.163739	0.000378378	0.0274966	0.0705264	0.00560354	0.0645761	0.0175873	0.00910924	0.0791112	0.0286207	0.0433935	0.0903756	0.0272153	0.146183	0.0339632	0.143482	0.0290942	0.00872027	0.00148574	0.00933747
3	0.149422	0.000772497	0.00453965	0.0209839	0.0382138	0.0531444	0.0031732	0.0835632	0.0297213	0.0498388	0.0202217	0.0361481	0.0167619	0.0072343	0.00807186	0.0678099	0.0435987	0.363614	0.000703317	0.00246338
4	0.0455868	0.000949618	0.0375492	0.067928	0.0134491	0.0163655	0.00555163	0.0267659	0.0460037	0.0125675	0.00268615	0.0679801	0.00202844	0.0334856	0.00793613	0.163785	0.382894	0.0653394	0.000261832	0.000886138
5	0.038765	0.00259207	0.00212742	0.0073858	0.0315778	0.00290462	0.000955441	0.213519	0.00360807	0.370621	0.0508167	0.00427223	0.00336315	0.0100166	0.00627507	0.0132213	0.0238204	0.210309	0.00152892	0.00232052
6	0.0648952	0.00141007	0.0425942	0.262769	0.00495948	0.0140403	0.0447617	0.0104573	0.064502	0.0114104	0.00724562	0.109178	0.0297894	0.178455	0.0162278	0.0388078	0.0687711	0.0241565	0.0014266	0.00414332
7	0.021011	0.0072759	0.00395584	0.0430552	0.00223974	0.00238631	0.0209354	0.00500978	0.347756	0.0176726	0.00550417	0.0102033	0.000911838	0.0552455	0.336048	0.037889	0.041863	0.0246516	0.000774559	0.0156109
8	0.0281503	0.00218938	0.00194479	0.0246647	0.000999005	0.0014901	0.0182268	0.00678006	0.388883	0.019297	0.00488871	0.00607198	0.00108111	0.0529076	0.301583	0.0599348	0.0319569	0.0376138	0.000372591	0.0109641
9	0.0351867	0.0041494	0.00163923	0.00654006	0.0377429	0.00258452	0.00125652	0.214978	0.0035212	0.381605	0.0609876	0.00338895	0.00316541	0.00966228	0.00558419	0.0100787	0.0186688	0.195674	0.00168554	0.00190045
10	0.0483406	0.000422466	0.0408796	0.042504	0.00460885	0.00765447	0.0170515	0.0206596	0.0561631	0.0118019	0.00169707	0.0955955	0.0043804	0.0347432	0.0248004	0.117332	0.413196	0.05706	0.000438319	0.000671346
11	0.0124731	0.00425795	0.000583709	0.00460079	0.0183489	0.000402583	0.000348818	0.393506	0.00282158	0.131471	0.00795494	0.000627323	0.000694844	0.000760031	0.000562148	0.000834765	0.00622312	0.40651	9.01159e-05	0.00692845
12	0.04572	0.000518891	0.0453145	0.0769588	0.00808402	0.0126603	0.00504086	0.0333894	0.0445165	0.0102112	0.00212774	0.0579987	0.00168515	0.0248446	0.00728862	0.171899	0.374252	0.0769392	0.000152557	0.000398672
13	0.018245	0.00388881	0.00081306	0.00431705	0.0260663	0.000883505	0.000492889	0.346601	0.00260984	0.209745	0.018434	0.00129048	0.00131837	0.00257831	0.0013955	0.00250848	0.00884389	0.344282	0.00047523	0.00521128
14	0.0519157	0.000332997	0.00664709	0.0178847	0.000926673	0.00140833	0.00496043	0.00162447	0.0178555	0.0172986	0.00114903	0.00209882	0.820745	0.00622637	0.00170976	0.0264823	0.0122681	0.00748525	0.000358204	0.000622707
15	0.308285	0.00117668	0.0212562	0.0427453	0.0183723	0.0216284	0.00360152	0.0551669	0.0947299	0.0367812	0.0337569	0.00657662	0.00543453	0.0710893	0.0227548	0.0582434	0.0593846	0.120242	0.0161524	0.00262274
16	0.0568175	0.000518436	0.0147448	0.0128662	0.0030103	0.00799391	0.022666	0.00518977	0.130809	0.0175106	0.00230282	0.137897	0.00647937	0.047603	0.0749471	0.134541	0.305413	0.0160149	0.000552448	0.002122
17	0.295875	0.00014004	0.000877745	0.00438873	0.0127326	0.00578077	0.000625202	0.161013	0.00737398	0.057317	0.0246302	0.0012026	0.00117914	0.0112655	0.00404765	0.00681397	0.0339206	0.37021	0.000172926	0.000433077
18	0.0127244	0.00281993	0.00149737	0.0250017	0.000752769	0.00120585	0.0157019	0.00288218	0.380281	0.015669	0.00473291	0.00992482	0.000786956	0.0430262	0.398095	0.0318861	0.0267766	0.0143648	0.000277721	0.0115929
19	0.0335902	0.00317718	0.00167793	0.00533349	0.0372043	0.00234534	0.000642141	0.233654	0.00301177	0.381892	0.0483428	0.00343913	0.00258745	0.00821635	0.00481577	0.00899125	0.018349	0.19982	0.00144544	0.0014648
20	0.0984637	0.00128645	0.170313	0.0117045	0.00386164	0.00633666	0.0539381	0.00657985	0.0715545	0.0086051	0.00395782	0.170939	0.275627	0.0503004	0.00705039	0.0325028	0.0125607	0.0102708	0.00116528	0.00298266
21	0.0126206	0.00067475	0.0605517	0.0233005	0.00178088	0.762044	0.00244341	0.0048531	0.0179696	0.00366117	0.00194784	0.0549084	0.00286169	0.00463146	0.00384964	0.0188908	0.00815283	0.0126305	0.00073822	0.00148881
22	0.00638761	0.000925616	0.00804386	0.00406235	0.567985	0.00814091	0.035902	0.0124473	0.00512044	0.0264777	0.00580787	0.00338186	0.00197553	0.00331715	0.00406026	0.00920101	0.00947468	0.042479	0.0119554	0.232855
23	0.0221531	0.00247204	0.00786492	0.0302329	0.00593959	0.00826843	0.0181805	0.00902475	0.265756	0.0245927	0.0112609	0.016591	0.00242257	0.0499018	0.434269	0.0293011	0.0300382	0.0171076	0.00251989	0.0121032
24	0.0646305	0.000494007	0.0072641	0.0177387	0.00151696	0.00301871	0.00545436	0.0033989	0.0704706	0.0168323	0.00201517	0.00390187	0.734992	0.00795373	0.00406362	0.02437	0.0212998	0.00884741	0.000484418	0.00125297
25	0.0123373	0.000651117	0.0616725	0.0230481	0.00179408	0.763068	0.00223281	0.00497955	0.0169076	0.00344432	0.00185681	0.0553054	0.00263556	0.00418879	0.00401356	0.0185707	0.0081894	0.0127803	0.000756687	0.00156713
26	0.0141353	0.00109172	0.0174105	0.0236672	0.00304881	0.00629894	0.105626	0.0485506	0.409029	0.0187746	0.00428207	0.12454	0.00385117	0.0325193	0.0372298	0.0220936	0.0797068	0.0439955	0.00130191	0.00284806
27	0.306017	0.000174659	0.000945251	0.00446214	0.0121417	0.00628666	0.000729897	0.154547	0.00788319	0.0557296	0.0231415	0.0014278	0.00328585	0.0110651	0.00405851	0.00801402	0.0335199	0.365873	0.00021081	0.000487081
28	0.0519157	0.000332997	0.00664709	0.0178847	0.000926673	0.00140833	0.00496043	0.00162447	0.0178555	0.0172986	0.00114903	0.00209882	0.820745	0.00622637	0.00170976	0.0264823	0.0122681	0.00748525	0.000358204	0.000622707
29	0.0934001	0.00104521	0.00302629	0.0301972	0.0522095	0.0052005	0.0155827	0.0979612	0.0203385	0.211262	0.211021	0.00782067	0.0442965	0.0183518	0.0258458	0.0306695	0.0329215	0.0630929	0.00414533	0.0316115
30	0.122361	0.000860159	0.00476739	0.00848283	0.00268819	0.0201086	0.0309863	0.00418053	0.169524	0.00938656	0.00473919	0.153659	0.0157327	0.0330377	0.0615988	0.240904	0.104598	0.00841856	0.000935839	0.00303089
31	0.0519065	0.00096757	0.0039383	0.019718	0.00440568	0.00335933	0.0120464	0.269853	0.004684	0.155181	0.123419	0.00434911	0.017842	0.0066077	0.00359693	0.00695714	0.0133561	0.290772	0.000720158	0.00631995
32	0.0126137	0.00408088	0.000589843	0.00464169	0.0186295	0.000428508	0.000441971	0.398356	0.00283922	0.134855	0.00913763	0.000674254	0.000805263	0.000770505	0.000557432	0.00084877	0.00620055	0.39666	9.49013e-05	0.00677332
33	0.111949	0.000880398	0.00531959	0.232484	0.0021669	0.0025434	0.00297381	0.00272518	0.296695	0.0149952	0.00195387	0.0131269	0.00192737	0.106522	0.119669	0.0130911	0.0551146	0.00577328	0.000560593	0.00952906
34	0.0235708	0.00192526	0.00351073	0.027355	0.000661937	0.00288039	0.0126201	0.00387673	0.408507	0.0143287	0.00578744	0.011525	0.00145203	0.0808859	0.288228	0.0509403	0.032946	0.0200076	0.0002876	0.00870329
35	0.0185112	0.00176454	0.010494	0.0414756	0.0125486	0.0086573	0.0494568	0.0109427	0.127446	0.0748964	0.0869954	0.0316995	0.00387026	0.0701375	0.330154	0.0362701	0.0597554	0.0133937	0.00173509	0.00979655
36	0.00519518	0.000837345	0.0077602	0.00355355	0.569978	0.00768516	0.0391968	0.00926927	0.00387566	0.018319	0.00160886	0.00250742	0.00128078	0.0029613	0.00230257	0.0091042	0.00857518	0.0416293	0.0129913	0.251369
37	0.145487	0.00113302	0.0440388	0.093384	0.00440589	0.169811	0.00859261	0.0122115	0.0777816	0.0162472	0.0178421	0.0665358	0.0333663	0.0809421	0.0260428	0.156168	0.0276706	0.0146108	0.000659834	0.00307013
38	0.198065	0.000382029	0.0398981	0.0952507	0.00144435	0.0666688	0.00550997	0.0124629	0.129876	0.0352529	0.0386078	0.0440327	0.0657954	0.115032	0.0269312	0.0953412	0.0160533	0.00492416	0.000361194	0.00811049
39	0.15331	0.000390067	0.0761138	0.069991	0.00268053	0.126594	0.00674068	0.00424739	0.0246106	0.00666459	0.0209419	0.0680633	0.0056057	0.104357	0.0380938	0.266934	0.0171679	0.00526625	0.000360608	0.00186623
40	0.294045	0.000141749	0.000891163	0.00436472	0.0127052	0.00579314	0.000740045	0.160686	0.00740002	0.0573773	0.0245304	0.00121101	0.00115646	0.0112312	0.00395266	0.00680888	0.0337616	0.372602	0.000172271	0.000429245
41	0.0203596	0.00150818	0.0303347	0.0947626	0.0514687	0.0120273	0.118954	0.03258	0.0259137	0.061963	0.00921868	0.0326614	0.00436514	0.145546	0.230312	0.0171281	0.0426077	0.0126412	0.00283484	0.0528131
42	0.166865	0.000442718	0.0309501	0.0444649	0.0257206	0.032699	0.0264124	0.01879	0.00705879	0.00726963	0.0877722	0.109299	0.0123004	0.114623	0.0626676	0.134477	0.0442237	0.0212924	0.00807719	0.0445933
43	0.047188	0.000329362	0.274839	0.48854	0.0040075	0.00878521	0.00427788	0.00131312	0.0345709	0.00754933	0.00321897	0.0139043	0.00552903	0.0337407	0.0155834	0.0234214	0.0244293	0.0051624	0.000223819	0.00338618
44	0.29542	0.000140072	0.000878383	0.00438093	0.0127626	0.00580399	0.000624545	0.161231	0.00737758	0.0573716	0.0246704	0.00120032	0.00116072	0.0112729	0.00394126	0.00681402	0.0338309	0.370511	0.000172988	0.000434089
45	0.0461415	0.00410782	0.00153209	0.0095343	0.0448895	0.00399997	0.00068736	0.186405	0.00668955	0.376652	0.0656613	0.00376475	0.00257542	0.0141173	0.00946429	0.0183004	0.0247376	0.174904	0.00237691	0.00345876
46	0.0910979	0.00031136	0.0695332	0.100516	0.0148379	0.0790787	0.0168839	0.017618	0.0576565	0.00593752	0.0123074	0.1334	0.0169691	0.0940445	0.0612532	0.193898	0.00866184	0.0226705	0.000515988	0.00280756
47	0.0738186	0.000171586	0.24378	0.385954	0.00200432	0.0243126	0.00830837	0.000627287	0.054213	0.00995501	0.0052836	0.0229093	0.00520023	0.0582524	0.0161265	0.0535396	0.0282815	0.00320626	0.000136169	0.00392052
48	0.0520279	0.00326491	0.00153527	0.0126744	0.0390208	0.00341383	0.000916123	0.177949	0.00819567	0.366162	0.066207	0.00400463	0.00312806	0.0156844	0.010934	0.0211311	0.0280291	0.17871	0.00199375	0.00501843
49	0.0323	0.00210139	0.00210163	0.0096712	0.0109435	0.00165942	0.00508055	0.320811	0.00291754	0.168026	0.0617087	0.00211869	0.00987329	0.00258895	0.00147013	0.0038788	0.0114151	0.345169	0.000479807	0.00568532
50	0.0625455	0.000740587	0.0287966	0.264576	0.0028743	0.00405778	0.0935336	0.00857649	0.0650473	0.00472213	0.00240379	0.131243	0.007539	0.212152	0.0148067	0.0279724	0.047202	0.0186019	0.000670121	0.00193926
51	0.0402646	0.000289895	0.036962	0.0468371	0.00153329	0.0241395	0.00357709	0.00238161	0.441576	0.00274949	0.00292193	0.0653238	0.00585816	0.155666	0.043242	0.0773123	0.0441728	0.00405366	0.000277238	0.000861044
52	0.0332342	0.0031328	0.00175709	0.00531733	0.037689	0.00243788	0.000548644	0.22431	0.00282207	0.39386	0.046873	0.00350225	0.00243665	0.00824725	0.00485633	0.00927279	0.0188594	0.197985	0.00164305	0.00121555
53	0.0742637	0.000310115	0.0635996	0.0963026	0.00190762	0.0172071	0.009833	0.00259309	0.221073	0.00818894	0.0234951	0.113653	0.00118975	0.0961364	0.149025	0.0397374	0.0654161	0.0145561	0.000358645	0.00115384
54	0.0393627	0.00199601	0.00368272	0.00911677	0.0199267	0.00252926	0.00422377	0.248311	0.00280378	0.295827	0.0565901	0.00428904	0.0130191	0.00579224	0.00360048	0.00827066	0.0164747	0.259951	0.00110593	0.00312697
55	0.230748	0.000919999	0.00122771	0.00470215	0.0132196	0.00594355	0.00113675	0.183871	0.00719897	0.0818266	0.0216695	0.00202176	0.00248808	0.00894186	0.00371162	0.0073335	0.0290575	0.392319	0.000218	0.00144547
56	0.236365	0.00192118	0.0151972	0.0255638	0.00542165	0.0774792	0.00508172	0.0189127	0.0181125	0.0441826	0.00792621	0.0221448	0.0149821	0.0348844	0.0243327	0.322566	0.0683483	0.0513031	0.00120805	0.00406676
57	0.167632	0.000461791	0.0302312	0.043473	0.0261697	0.0322906	0.0254425	0.0189086	0.00674855	0.00707835	0.0887149	0.107263	0.0126901	0.115773	0.0638325	0.132849	0.0449918	0.0214492	0.00841952	0.0455802
58	0.0519157	0.000332997	0.00664709	0.0178847	0.000926673	0.00140833	0.00496043	0.00162447	0.0178555	0.0172986	0.00114903	0.00209882	0.820745	0.00622637	0.00170976	0.0264823	0.0122681	0.00748525	0.000358204	0.000622707
59	0.107935	0.000477249	0.0619698	0.244666	0.00123916	0.0121704	0.00256051	0.00974337	0.143347	0.00171013	0.00100401	0.0429187	0.0238179	0.0444627	0.01227	0.0684164	0.148689	0.0715382	0.000382344	0.00068301
60	0.00520077	0.000923694	0.00760121	0.00351199	0.571459	0.00782113	0.0384649	0.00934592	0.0038835	0.0184396	0.00159817	0.00251255	0.00126121	0.00296832	0.00229791	0.00908477	0.00850621	0.0419742	0.0128324	0.250313
61	0.0440716	0.000416894	0.0457213	0.0752544	0.00817169	0.0117669	0.00506739	0.0377011	0.0421439	0.0103975	0.00222403	0.0570617	0.00139215	0.0234187	0.00702446	0.172254	0.371058	0.0843314	0.000159101	0.000363967
62	0.202865	0.00128625	0.00106294	0.0045248	0.0151425	0.00438631	0.000867629	0.213796	0.00588279	0.112353	0.0242652	0.00150605	0.00260653	0.00836867	0.00330304	0.00582513	0.025841	0.363783	0.000310546	0.0020245
63	0.0422948	0.000370964	0.0518569	0.062491	0.0106966	0.00884258	0.0072447	0.0547205	0.0384786	0.00909164	0.00370548	0.0560844	0.00142372	0.0152596	0.0073391	0.134237	0.37451	0.120619	0.000219914	0.00051392
64	0.0140937	0.00605438	0.00137056	0.00471687	0.0914328	0.00130798	0.00272351	0.346377	0.00473277	0.127049	0.0100966	0.00136204	0.00330719	0.00242955	0.00178308	0.00375475	0.00852374	0.346415	0.000893991	0.0215755
65	0.0510004	0.000375134	0.238311	0.521075	0.00378781	0.00667089	0.00345332	0.00172048	0.0324392	0.00673871	0.00278948	0.0105313	0.00706101	0.0342244	0.0122361	0.0265597	0.0285457	0.00925955	0.000233313	0.00298664
66	0.0129489	0.00416074	0.000675213	0.00468716	0.0185477	0.000443446	0.000427839	0.391307	0.0029346	0.137222	0.00939461	0.000710948	0.000969445	0.000870208	0.000685139	0.00102724	0.00642542	0.399623	0.000110524	0.00682828
67	0.0137359	0.00125808	0.0141358	0.0232638	0.286035	0.00862283	0.00810258	0.0111861	0.02932	0.217775	0.143262	0.0153941	0.00666503	0.0112745	0.0576277	0.0158535	0.0205223	0.0307391	0.00185077	0.0833758
68	0.0519157	0.000332997	0.00664709	0.0178847	0.000926673	0.00140833	0.00496043	0.00162447	0.0178555	0.0172986	0.00114903	0.00209882	0.820745	0.00622637	0.00170976	0.0264823	0.0122681	0.00748525	0.000358204	0.000622707
69	0.0281255	0.000339984	0.152968	0.577944	0.0030536	0.00314764	0.00224932	0.00222545	0.0247501	0.00538791	0.00152248	0.00524271	0.0095394	0.0436894	0.00565078	0.0482388	0.0573096	0.0262068	0.000434178	0.00197426
70	0.019132	0.00274351	0.00244675	0.00442153	0.295582	0.00244475	0.00162323	0.29221	0.0113848	0.12434	0.010389	0.00272359	0.0100983	0.0053443	0.00251576	0.011486	0.0124544	0.184898	0.000731645	0.00302999
71	0.110791	0.000300674	0.0645188	0.249671	0.00109324	0.0132151	0.00186112	0.00889275	0.14417	0.00113049	0.000852952	0.0427708	0.0252914	0.043421	0.0107383	0.0655153	0.148607	0.0665285	0.000214574	0.000415956
72	0.0374252	0.00209192	0.00675751	0.0100858	0.0220645	0.00266313	0.00259261	0.229468	0.00313791	0.335268	0.048024	0.00713059	0.0091362	0.00689609	0.00426979	0.0112256	0.0201632	0.238116	0.00126132	0.00222296
73	0.158547	0.00109524	0.0401498	0.0467709	0.00310796	0.0904036	0.00383804	0.0336406	0.0846439	0.0205748	0.00549057	0.0399251	0.0806015	0.115621	0.00629387	0.0814352	0.11388	0.0710679	0.000975702	0.00193739
74	0.0441053	0.000374373	0.494098	0.134554	0.0043485	0.0657491	0.00383578	0.00249432	0.0467049	0.00400152	0.00155462	0.0620848	0.0333887	0.0377047	0.00440073	0.03153	0.0243959	0.00335038	0.00037225	0.000952756
75	0.110949	0.000278286	0.0645445	0.249374	0.001093	0.0131824	0.00186823	0.00891658	0.143804	0.00111705	0.000848976	0.0428311	0.0253931	0.0434424	0.0107102	0.0658013	0.148807	0.0664081	0.000214659	0.000416148
76	0.0124614	0.00428741	0.000590837	0.00458228	0.0184342	0.000404542	0.00035314	0.393928	0.00280883	0.131947	0.0079935	0.000628501	0.000705935	0.000756654	0.000564389	0.000851013	0.00622394	0.405422	9.01906e-05	0.00696647
77	0.109976	0.000355201	0.0645914	0.24575	0.00118593	0.0134875	0.00208871	0.00940189	0.14374	0.00132684	0.000868235	0.0437835	0.0256702	0.0444521	0.0108886	0.0665556	0.148974	0.066242	0.000228204	0.000433861
78	0.0201762	0.00222448	0.00170912	0.0323404	0.000600166	0.00138124	0.0138334	0.00379078	0.402854	0.0169302	0.00446988	0.00743919	0.000799395	0.0586784	0.330146	0.041971	0.0294901	0.0208562	0.00025878	0.0100509
79	0.0784966	0.00101884	0.0231415	0.0102697	0.0397598	0.00530644	0.0537966	0.0895567	0.0528597	0.0836843	0.00971272	0.0069057	0.133005	0.0081601	0.0457923	0.0677115	0.0963853	0.136801	0.000825977	0.0568104
80	0.325759	0.0166001	0.00512038	0.0082592	0.0274936	0.00724554	0.00329761	0.00588004	0.00848722	0.0338131	0.00301613	0.00562635	0.00394497	0.00761664	0.0056708	0.174099	0.0935602	0.241939	0.00081277	0.0217582
81	0.0255486	0.000373528	0.142879	0.585453	0.00313708	0.00259198	0.0020632	0.00252201	0.0232527	0.00510734	0.00129858	0.00453485	0.0102251	0.0426422	0.00511809	0.0509556	0.0624359	0.0275302	0.000519659	0.00181164
82	0.0129775	0.00431287	0.000617631	0.00459211	0.0185521	0.000420997	0.000359396	0.390556	0.00279441	0.135427	0.00864619	0.000687927	0.000764068	0.000866479	0.000617225	0.000969393	0.00641786	0.403437	0.000103035	0.00688064
83	0.0539746	0.00132954	0.0446323	0.0447353	0.00506917	0.0299666	0.00768927	0.0117912	0.0674838	0.00764492	0.00146095	0.0850708	0.00541956	0.0271023	0.0113367	0.136296	0.425211	0.0327854	0.000271607	0.000728557
84	0.0513294	0.000305359	0.24702	0.529922	0.00388885	0.00558186	0.0031734	0.00180073	0.0303701	0.0064897	0.00239532	0.00916099	0.00622773	0.0301627	0.0124769	0.0228336	0.0252918	0.00828033	0.000285184	0.00300369
85	0.198582	0.000203237	0.0614821	0.243703	0.00097469	0.0218593	0.00312951	0.0090194	0.11547	0.00134873	0.000805986	0.0319377	0.0164244	0.0443305	0.010788	0.070843	0.113972	0.0544048	0.000238568	0.000483965
86	0.0701487	0.000103799	0.278531	0.40398	0.00251084	0.0135551	0.00571307	0.000885569	0.0472111	0.00961998	0.00534313	0.02386	0.00754086	0.0480103	0.0139445	0.0331911	0.0282079	0.00342965	0.000238324	0.00397483
87	0.0124766	0.00425273	0.000583878	0.00461094	0.0183514	0.000403897	0.000348889	0.393633	0.00282825	0.131558	0.00797387	0.000632578	0.000694767	0.000760032	0.000562647	0.000828607	0.00621958	0.40626	9.01159e-05	0.00693066
88	0.0672589	0.000191731	0.370123	0.279531	0.00320468	0.0176084	0.00457933	0.000799284	0.0562689	0.00598983	0.00415188	0.0423512	0.0081718	0.0578938	0.0106843	0.0327326	0.0330972	0.00221694	0.000145618	0.00299999
89	0.0824208	0.000216707	0.0700632	0.114624	0.00190201	0.0218755	0.012124	0.00256122	0.243425	0.00475117	0.0139101	0.10856	0.00108487	0.0885135	0.110653	0.0461475	0.0639712	0.0122816	0.000223926	0.000690107
90	0.104849	0.00268625	0.0251775	0.0922993	0.0108143	0.0194088	0.0152207	0.0210236	0.0526334	0.0183782	0.0696439	0.075563	0.00987042	0.118647	0.0353385	0.067399	0.14219	0.102879	0.00415816	0.0118205
91	0.0307368	0.00288919	0.00163655	0.0049226	0.0369903	0.00232484	0.000504302	0.251036	0.00297697	0.381807	0.0438252	0.00326095	0.00215677	0.00757883	0.00441846	0.00836428	0.0176765	0.193975	0.0014791	0.00144051
92	0.0700755	0.000126061	0.259929	0.419328	0.00226504	0.0136033	0.005541	0.000554625	0.0487008	0.00805993	0.00547511	0.0217965	0.0065173	0.0514346	0.0135821	0.0340579	0.0300912	0.00456666	7.23577e-05	0.00422378
93	0.0646695	0.00122612	0.00586526	0.0192363	0.00375524	0.0417744	0.0058797	0.101702	0.0807497	0.0432263	0.0445613	0.119445	0.00353816	0.00780297	0.101061	0.0167293	0.124844	0.208989	0.00123574	0.0037088
94	0.0455666	0.00316028	0.00255808	0.00990844	0.0380341	0.00397586	0.00352673	0.198755	0.0056794	0.343657	0.0842437	0.00719946	0.00773918	0.0114226	0.0080028	0.0141517	0.0218653	0.183456	0.00221772	0.00487942
95	0.0361724	0.00151673	0.0108635	0.0409278	0.0270496	0.0449763	0.0126443	0.0277069	0.101834	0.0721649	0.0063514	0.011632	0.00324361	0.131957	0.367879	0.0127277	0.0155969	0.0301011	0.0185648	0.0260903
96	0.132045	0.000565962	0.00315928	0.00627326	0.00343483	0.00472042	0.00286247	0.0249401	0.0079173	0.0663518	0.00459573	0.0044194	0.00716367	0.00598963	0.0048631	0.00814276	0.0223857	0.688174	0.000719388	0.00127631
97	0.0387277	0.000733358	0.0228735	0.0390304	0.0063101	0.00891151	0.00578322	0.0929571	0.0604126	0.024878	0.00689726	0.0560864	0.0020371	0.00871441	0.0222326	0.0913841	0.320398	0.189289	0.000711156	0.00163268
98	0.0121418	0.00372635	0.000635738	0.00447426	0.0232602	0.000490455	0.000372893	0.411084	0.00317893	0.144855	0.00986992	0.000740139	0.000838846	0.000788573	0.000606945	0.0010076	0.00620052	0.369013	0.000111672	0.00660279
99	0.0322427	0.000765073	0.407943	0.0349714	0.00214204	0.0315037	0.0272321	0.00376789	0.00754499	0.0167062	0.00222528	0.320802	0.00315302	0.0081545	0.00444788	0.037182	0.0506601	0.00604855	0.000758957	0.00174862
100	0.0123556	0.00128698	0.00891104	0.00893336	0.448865	0.00848249	0.0328164	0.0112135	0.0140491	0.0424404	0.0173166	0.00452553	0.00381893	0.00733683	0.0158833	0.0337334	0.032433	0.0390629	0.0106516	0.245884
101	0.0543866	0.00929103	0.0163027	0.185535	0.00348283	0.00235607	0.0251216	0.00854081	0.143159	0.0166149	0.00439177	0.0236866	0.00119945	0.131502	0.0468819	0.0615527	0.115655	0.134632	0.00602373	0.00968449
102	0.137998	0.00200935	0.0329285	0.0791638	0.00571136	0.333927	0.00826392	0.0438345	0.0414026	0.0158972	0.00769894	0.0289925	0.0144389	0.035077	0.0195792	0.0898378	0.0663634	0.0296829	0.0018864	0.00530681
103	0.0148923	0.00103262	0.024167	0.0284521	0.0570162	0.00596457	0.0043503	0.00601451	0.179681	0.061595	0.0045015	0.00797958	0.00320582	0.0458814	0.101177	0.0999695	0.285012	0.00914201	0.00112368	0.0588417
104	0.0129353	0.00394826	0.000650113	0.00497143	0.0191367	0.000496535	0.000397732	0.401799	0.00345223	0.138352	0.0089272	0.000760159	0.000809017	0.000828616	0.000637828	0.0009525	0.00684381	0.38719	0.000114207	0.00679667
105	0.0405504	0.000367743	0.483829	0.143319	0.00423981	0.0752704	0.00355099	0.00206112	0.0469933	0.00387764	0.0015974	0.0645786	0.025413	0.0400609	0.00481671	0.0290553	0.0255671	0.0035235	0.000390754	0.000937338
106	0.0283441	0.000404215	0.337894	0.106066	0.00296152	0.302714	0.00427466	0.00241693	0.0318286	0.00417557	0.0016332	0.0805594	0.0127949	0.0244272	0.00362729	0.0250337	0.0233526	0.00578094	0.000597687	0.00111327
107	0.108852	0.000616446	0.0623762	0.254531	0.00132119	0.0120846	0.00320557	0.00839217	0.146232	0.00216616	0.00131189	0.0413398	0.023978	0.0462474	0.0121497	0.0617745	0.138385	0.0739583	0.000344328	0.00073412
108	0.219405	0.000806217	0.0163355	0.21345	0.00234616	0.00371034	0.00248584	0.00618164	0.0829717	0.0248977	0.00265833	0.0126588	0.175296	0.0200373	0.0170826	0.0239196	0.0477655	0.125627	0.000722342	0.00164246
109	0.0360685	0.00759201	0.00233635	0.00766317	0.106567	0.00357613	0.00161209	0.208266	0.00668954	0.318625	0.0598587	0.00425202	0.00884989	0.0156252	0.00679846	0.0127036	0.0186606	0.16746	0.0027574	0.00403805
110	0.179961	0.00052662	0.178981	0.378974	0.00137819	0.00644083	0.00150777	0.0165866	0.0446283	0.00434378	0.0029408	0.00506401	0.0370614	0.060754	0.00499703	0.0406381	0.0212881	0.0121327	0.000501009	0.00129491
111	0.130964	0.00268527	0.0972019	0.0861032	0.00988723	0.141052	0.0135697	0.056149	0.0791179	0.0185804	0.0126136	0.0314605	0.01548	0.0402084	0.114363	0.0522406	0.0294913	0.0211467	0.00311347	0.0445731
112	0.0250035	0.00352168	0.00270606	0.00488367	0.170325	0.00330755	0.000979499	0.254632	0.00705914	0.266432	0.0315895	0.0037248	0.00564977	0.00789122	0.00394829	0.0099658	0.0150148	0.178975	0.0020994	0.00229221
113	0.0729342	0.000704813	0.160982	0.282614	0.00205892	0.0479728	0.00664806	0.00352251	0.0775502	0.0081574	0.00348831	0.0431776	0.00854582	0.0617601	0.0183547	0.102846	0.0811412	0.0150671	0.000375377	0.00210001
114	0.0795276	0.000125131	0.275943	0.374721	0.00200542	0.014269	0.00602283	0.000592122	0.0561971	0.00828747	0.00633534	0.0257721	0.00565396	0.0562056	0.0153978	0.0359014	0.0296472	0.00252179	8.18968e-05	0.00479212
115	0.175621	0.000403106	0.0254552	0.071008	0.00203092	0.109105	0.0150978	0.00899336	0.101486	0.0333906	0.0269176	0.0715944	0.033959	0.159122	0.0231746	0.108769	0.0217505	0.00810119	0.000531853	0.00348792
116	0.0342497	0.00282982	0.00204756	0.00544501	0.0346313	0.00253683	0.000643419	0.221911	0.00262951	0.392323	0.0442658	0.00386767	0.0028614	0.00803427	0.00459868	0.00943769	0.0197713	0.205049	0.00162666	0.00123993
117	0.0813658	0.000554278	0.00362768	0.0758497	0.002711	0.0182232	0.0047971	0.19174	0.10405	0.132703	0.0234221	0.0249704	0.00225899	0.00495268	0.0491525	0.0148254	0.0795006	0.18021	0.000590514	0.00449474
118	0.0127128	0.000665997	0.0628401	0.0252703	0.00190568	0.758164	0.00230469	0.00483806	0.0173237	0.00344038	0.0017875	0.0551971	0.0029887	0.00442039	0.00418101	0.0190928	0.00821586	0.012275	0.000738895	0.00163662
119	0.161334	0.000994841	0.00567988	0.0130781	0.00669188	0.042422	0.0711339	0.0557077	0.0636655	0.119504	0.223444	0.0279715	0.00696742	0.00814275	0.0287564	0.0130652	0.036373	0.108053	0.00131439	0.00570157
120	0.107665	0.0226145	0.0243411	0.0544444	0.0279733	0.038753	0.00658171	0.0312069	0.195161	0.0108893	0.00526754	0.0484702	0.0141202	0.0436291	0.013012	0.129968	0.198882	0.0220882	0.00125692	0.00367424
121	0.339197	0.000913282	0.0079693	0.0368606	0.00273594	0.00644698	0.00277707	0.0209315	0.105069	0.0144619	0.00360899	0.0075587	0.106774	0.0260533	0.00687362	0.0419828	0.072925	0.193608	0.000951148	0.00230196
122	0.0118079	0.000632529	0.086168	0.0238792	0.002097	0.699139	0.00360556	0.00473642	0.0162207	0.00442863	0.00206941	0.0737015	0.00284654	0.00561948	0.00492255	0.0249012	0.0148775	0.015804	0.000765735	0.00177766
123	0.0769389	0.000120522	0.285747	0.368463	0.0020235	0.0149333	0.00577798	0.00053302	0.0537631	0.00810356	0.00637383	0.0279426	0.00592654	0.0559199	0.0149996	0.036868	0.0286507	0.00245003	8.8398e-05	0.0043769
124	0.0453825	0.000462214	0.0637065	0.0701887	0.0117164	0.0109531	0.00584907	0.0411976	0.0329253	0.00805688	0.00595718	0.0556902	0.00164234	0.0157961	0.00610779	0.135735	0.372978	0.114823	0.000283852	0.000548367
125	0.0226157	0.00257387	0.0024174	0.00429593	0.28102	0.00252378	0.00146186	0.285155	0.0114406	0.137478	0.0125162	0.00272303	0.00950592	0.00563093	0.00260498	0.0118366	0.0126805	0.187931	0.00082109	0.00276843
126	0.0615968	0.000270929	0.313691	0.239314	0.00318167	0.0166846	0.00307162	0.00343156	0.0799282	0.00341579	0.00172487	0.0539277	0.017112	0.0422715	0.00734686	0.0505655	0.0819008	0.019144	0.00031754	0.00110298
127	0.0461276	0.00137092	0.00369338	0.0134567	0.00885843	0.00261116	0.00860962	0.262818	0.00307691	0.216212	0.0892185	0.00388887	0.0175084	0.00459297	0.00285001	0.00663747	0.0130491	0.289638	0.000785452	0.00499701
128	0.0489413	0.000390755	0.0430836	0.0396206	0.00433166	0.00821987	0.0152225	0.0175011	0.0589773	0.00997046	0.00159224	0.0912868	0.00502249	0.0329772	0.0219142	0.118902	0.426432	0.0546931	0.000333979	0.000586293
129	0.00552588	0.000837675	0.00778721	0.00358244	0.567581	0.00770639	0.0394915	0.00938988	0.00403738	0.0188987	0.00163934	0.00250403	0.00127946	0.00311938	0.00229403	0.00908687	0.00882948	0.0416362	0.0140802	0.250693
130	0.0637336	0.000506019	0.0220619	0.0200464	0.00177286	0.00334801	0.0190141	0.00340361	0.0260679	0.0165295	0.00254689	0.0237715	0.715479	0.0225238	0.00434176	0.0282318	0.0145856	0.00992269	0.000601	0.00151205
131	0.184263	0.000243796	0.192661	0.44877	0.000934626	0.00420101	0.00113798	0.00681106	0.0374879	0.00241247	0.0014091	0.00318634	0.0188324	0.0390851	0.00284234	0.0260885	0.0161588	0.0121684	0.000278507	0.00102829
132	0.0479968	0.000194323	0.396887	0.286119	0.00576553	0.0239728	0.00671024	0.00105828	0.0448564	0.00572021	0.00289291	0.0421773	0.014444	0.0463952	0.00807202	0.0288233	0.0327295	0.00253932	0.000190785	0.00245587
133	0.00853539	0.000820112	0.00924025	0.00423016	0.540799	0.00743301	0.0451217	0.0109188	0.00591876	0.025284	0.00171119	0.00292067	0.00137409	0.00447506	0.00264365	0.00890146	0.0115223	0.0414673	0.0252412	0.241442
134	0.136549	0.00090569	0.067681	0.0862938	0.00841513	0.0494329	0.0237955	0.0277865	0.0252191	0.00822632	0.0264452	0.106911	0.0403727	0.0539719	0.0246917	0.195963	0.0192043	0.090639	0.00138471	0.00611199
135	0.198465	0.000416382	0.0419074	0.134169	0.00137027	0.0489785	0.00489567	0.0103178	0.132787	0.0367911	0.0341814	0.041784	0.0593653	0.105171	0.0339911	0.083352	0.018558	0.00721738	0.000438566	0.00584368
136	0.0791269	0.000409684	0.1332	0.279267	0.00267264	0.00807429	0.0670306	0.00692233	0.0720446	0.00525425	0.00322773	0.0918133	0.00395509	0.136164	0.0198197	0.0441535	0.0365041	0.00783817	0.000363946	0.00215795
137	0.0354969	0.00444457	0.00223136	0.00670757	0.061179	0.00368617	0.000936661	0.196081	0.00503918	0.387735	0.0516811	0.00399996	0.00284871	0.012385	0.00623863	0.0124204	0.0205152	0.180817	0.00310421	0.00245266
138	0.355471	0.00112459	0.00909812	0.0342195	0.003125	0.0079764	0.00555595	0.00728507	0.213515	0.0108298	0.00587712	0.015381	0.00378676	0.108761	0.109759	0.0454262	0.0439296	0.0137086	0.00132446	0.00384557
139	0.011907	0.00066981	0.0625865	0.0231583	0.00194021	0.758722	0.00236017	0.00505367	0.0167336	0.00357764	0.0021641	0.05674	0.00271069	0.00446877	0.00407155	0.0193829	0.00802785	0.013437	0.000727877	0.00155988
140	0.0760473	0.00053013	0.0249387	0.0480879	0.00208324	0.0212536	0.00318428	0.00435993	0.421424	0.00924755	0.00626368	0.0527839	0.00779868	0.161093	0.0447547	0.0637227	0.0444365	0.00518633	0.000846851	0.00195648
141	0.111588	0.000286888	0.0646006	0.248361	0.00111369	0.0131112	0.00184785	0.0088465	0.142931	0.00113569	0.000894834	0.0426917	0.0257178	0.0433889	0.0106697	0.0656615	0.150113	0.0663756	0.000238019	0.000426688
142	0.217758	0.000533792	0.00262809	0.0102701	0.0209048	0.0439873	0.00187236	0.101544	0.0203953	0.0434831	0.0160235	0.0179349	0.00918748	0.00782932	0.00416088	0.0416404	0.0386292	0.399516	0.000514813	0.00118683
143	0.0445939	0.00622517	0.0180336	0.161209	0.00316374	0.00260425	0.0232228	0.0124023	0.121619	0.0174024	0.00375065	0.0266129	0.00144759	0.177064	0.0425827	0.0697455	0.122751	0.134042	0.00438949	0.00713786
144	0.0358033	0.00306661	0.00184089	0.0058906	0.0356068	0.00262988	0.000610273	0.214294	0.00303651	0.390193	0.0485665	0.00386314	0.00263707	0.00907407	0.00536977	0.0107785	0.020569	0.202987	0.00166288	0.00151991
145	0.0101465	0.000771669	0.0180335	0.0200684	0.0026673	0.00438238	0.101753	0.0560653	0.397924	0.0186871	0.00299095	0.137222	0.00253823	0.032487	0.0316098	0.0209102	0.0901599	0.0486393	0.00115207	0.00179199
146	0.0805022	0.000413244	0.0644489	0.29936	0.00127322	0.0806054	0.00836266	0.00249457	0.0715365	0.0141115	0.00227518	0.0222174	0.00183393	0.0996796	0.0209735	0.163141	0.0529943	0.0123978	0.000436138	0.000942778
147	0.0130386	0.00418311	0.000630287	0.004689	0.0180483	0.000443474	0.000480772	0.390927	0.00284097	0.131854	0.0092097	0.000680449	0.000932765	0.000801241	0.00058082	0.00098331	0.00645	0.406255	9.14918e-05	0.00687976
148	0.194821	0.000384251	0.017028	0.0962474	0.00103559	0.0434476	0.00711884	0.011183	0.132368	0.0501778	0.0358082	0.053073	0.0227486	0.151849	0.0364188	0.104911	0.0337427	0.00419128	0.000438099	0.00300773
149	0.0496356	0.00113856	0.00672649	0.0714341	0.0873913	0.0113716	0.0144036	0.0499577	0.0271735	0.208372	0.186823	0.0101334	0.0174715	0.0234374	0.0521257	0.026418	0.0374542	0.0412507	0.00270446	0.0745769
150	0.0519322	0.000411988	0.00665193	0.0185871	0.001207	0.00145169	0.00511337	0.00209069	0.0180643	0.0188599	0.00137599	0.00233501	0.815175	0.00646323	0.00201759	0.0266627	0.0128003	0.00765781	0.000385315	0.000757261
151	0.181954	0.000770723	0.0282165	0.243801	0.00206387	0.00640149	0.00252294	0.00726927	0.111198	0.0146926	0.00217081	0.0255726	0.123989	0.0249059	0.0131605	0.0341081	0.0738481	0.10159	0.000473887	0.00128941
152	0.0374409	0.00312952	0.00168531	0.00681005	0.0368158	0.00287205	0.000567481	0.207037	0.00389253	0.385834	0.0538666	0.00384939	0.00240971	0.0101264	0.00700783	0.0128636	0.0220861	0.197971	0.00164427	0.00209105
153	0.0306899	0.000763884	0.411758	0.0340709	0.0021223	0.0295002	0.0272567	0.003583	0.00723567	0.0162505	0.00221542	0.325336	0.00258666	0.00775112	0.00411415	0.0354538	0.0510549	0.00579298	0.000782045	0.00168144
154	0.173811	0.000212331	0.201802	0.440277	0.00094424	0.00528323	0.00139845	0.00652312	0.0407018	0.00287957	0.00192668	0.00461989	0.0196602	0.0401254	0.00403885	0.0271513	0.0168437	0.0102914	0.000215655	0.00129409
155	0.180267	0.000245901	0.187255	0.455325	0.000906672	0.00378437	0.00107629	0.00688041	0.0346969	0.00220856	0.00116799	0.00262643	0.0180134	0.0400061	0.00255909	0.0281951	0.0186391	0.0149051	0.000311577	0.000929545
156	0.0171019	0.003752	0.0164217	0.0113001	0.254351	0.00840936	0.00333584	0.0539709	0.0167392	0.354789	0.0905377	0.0250085	0.00759621	0.010857	0.0209912	0.0117568	0.0161459	0.051597	0.00469038	0.0206483
157	0.292617	0.000159578	0.00116479	0.0046537	0.013839	0.00677626	0.000718786	0.162425	0.00841746	0.0569049	0.025512	0.00157309	0.0011707	0.0116249	0.00398391	0.00800232	0.0342074	0.365568	0.000232563	0.000448782
158	0.106459	0.000734029	0.00577541	0.193232	0.00168867	0.00267593	0.00243684	0.00251857	0.370381	0.0228759	0.00189735	0.0106091	0.00206238	0.0968967	0.103131	0.0171256	0.0463868	0.00613317	0.000472579	0.00650802
159	0.161982	0.00071167	0.00831661	0.0653979	0.00243136	0.0416559	0.00439008	0.0234082	0.123551	0.127926	0.0147521	0.0446854	0.0069382	0.112109	0.100528	0.115353	0.0355022	0.00661386	0.00129696	0.0024503
160	0.0344633	0.00700469	0.00344095	0.00687465	0.0841343	0.00535849	0.00105042	0.174049	0.00544323	0.396032	0.0600831	0.0051628	0.00385378	0.0143884	0.00638117	0.0122864	0.0200299	0.153344	0.0043	0.00231922
161	0.120731	0.00061045	0.075833	0.210541	0.00159735	0.113208	0.00277392	0.00956761	0.122279	0.00577808	0.00411483	0.0335835	0.0299657	0.0398665	0.0124503	0.0774087	0.0970792	0.0402782	0.000456017	0.00187681
162	0.0273736	0.00264763	0.229388	0.0454976	0.00254225	0.0784326	0.0041932	0.00504851	0.0410908	0.0061765	0.00257917	0.0951459	0.0099943	0.0116644	0.00564443	0.135382	0.285914	0.00829008	0.000896005	0.0020992
163	0.0356005	0.00282826	0.00223579	0.00645473	0.0331467	0.00257494	0.000942319	0.216955	0.00285991	0.382395	0.0479844	0.00395011	0.00344656	0.00879338	0.00502707	0.0103008	0.0199599	0.211065	0.00194037	0.00153915
164	0.126474	0.000123846	0.243565	0.414874	0.00137838	0.0103537	0.00353537	0.00308662	0.0442801	0.00532152	0.00352805	0.0125166	0.0128234	0.0467152	0.00852979	0.0291489	0.0236428	0.0073455	0.000136658	0.00261999
165	0.258659	0.000423668	0.0616111	0.160088	0.00144187	0.0782389	0.00552869	0.00571388	0.0605131	0.00506187	0.00331754	0.0204262	0.00552116	0.0738992	0.027627	0.0998094	0.0860129	0.044165	0.000410808	0.00153084
166	0.014239	0.00308683	0.0207783	0.0130314	0.280786	0.00935893	0.00421702	0.0254954	0.0192059	0.328019	0.123168	0.0200616	0.00828655	0.0101314	0.0281336	0.0106257	0.0152476	0.0311388	0.00464178	0.0303472
167	0.0131906	0.00283398	0.0017446	0.0267012	0.000620061	0.00117342	0.0147578	0.00289838	0.389189	0.015492	0.00366351	0.00897738	0.000723148	0.0438873	0.388827	0.0326429	0.0256627	0.0149442	0.000239421	0.0118308
168	0.218397	0.000241376	0.060151	0.216041	0.000877787	0.0291389	0.00463247	0.0067876	0.103263	0.00165586	0.00105032	0.0328292	0.0130813	0.0542929	0.0134734	0.0717018	0.11687	0.0547581	0.000268204	0.000488534
169	0.0814734	0.000115413	0.272179	0.387174	0.00202291	0.0146475	0.00598967	0.000575857	0.0526265	0.00826465	0.00619208	0.0235342	0.00606224	0.0533133	0.0149807	0.0352965	0.0279329	0.0028133	7.41127e-05	0.00473164
170	0.0124845	0.0042345	0.000585821	0.00458695	0.0183667	0.00040211	0.000348684	0.3946	0.00284422	0.131844	0.00806728	0.000624878	0.000695767	0.000761875	0.000558456	0.000829617	0.00621337	0.404972	8.961e-05	0.00688971
171	0.0131815	0.00286616	0.00140908	0.0250468	0.000664141	0.00113075	0.0149099	0.00289946	0.387369	0.0151436	0.0037238	0.00860828	0.000669285	0.0443588	0.392293	0.03307	0.0257609	0.0150273	0.000230369	0.0116379
172	0.0934871	0.000233623	0.0717319	0.131682	0.000925251	0.0236259	0.00877582	0.00240686	0.223397	0.00496451	0.0141311	0.0874194	0.0031896	0.0864124	0.0922451	0.0517132	0.0832586	0.0195431	0.000281116	0.000576098
173	0.0701914	0.000589761	0.168891	0.120983	0.00776728	0.0469631	0.03398	0.00970738	0.0480655	0.00894505	0.0102115	0.159135	0.0112904	0.090417	0.0355109	0.127536	0.0292185	0.0160387	0.000961185	0.00359653
174	0.0378223	0.00339269	0.00177296	0.00687444	0.0380291	0.00282374	0.000781421	0.208983	0.00405562	0.385018	0.0560197	0.00383287	0.00308808	0.0100029	0.00643921	0.0123051	0.0213418	0.193584	0.00167633	0.00215651
175	0.0791532	0.000477071	0.0683766	0.302592	0.00132755	0.0870913	0.0104013	0.00240881	0.0690283	0.0112415	0.00183929	0.0233646	0.00188865	0.0995211	0.0226281	0.144079	0.0571119	0.0160319	0.000493241	0.000944482
176	0.0723715	0.000793637	0.0450254	0.0977637	0.014901	0.0563518	0.0292942	0.0156947	0.121591	0.00795181	0.0092811	0.129945	0.00864884	0.0934535	0.105602	0.131034	0.0239194	0.0317659	0.000803583	0.00380725
177	0.0959457	0.000714844	0.0532592	0.134651	0.0121046	0.0587849	0.0375027	0.0138364	0.0852321	0.011332	0.0140257	0.109595	0.00777348	0.110072	0.0981213	0.102055	0.029417	0.0177379	0.00116003	0.00668013
178	0.0954454	0.00107859	0.00397103	0.0301677	0.0191637	0.0108333	0.0104446	0.147972	0.0677971	0.182107	0.0685444	0.0147365	0.00932612	0.0136311	0.0360697	0.0329241	0.0604088	0.176281	0.00140371	0.017694
179	0.0809815	0.000207245	0.0721587	0.11448	0.00136158	0.0210637	0.0110437	0.00188764	0.252163	0.0048345	0.0142624	0.103872	0.000962333	0.0883456	0.108284	0.0458479	0.0660627	0.0112962	0.000233402	0.000651583
180	0.0747225	0.000437147	0.0469962	0.0914931	0.0222131	0.0631832	0.0259382	0.0188781	0.100679	0.00476361	0.00670549	0.156339	0.0100178	0.0949224	0.109272	0.133956	0.00961585	0.0263163	0.000474647	0.00307665
181	0.137281	0.00225283	0.0153557	0.0645672	0.00903529	0.0516925	0.0447698	0.118487	0.0239409	0.0173286	0.00707794	0.0160025	0.00709875	0.0748551	0.210028	0.022678	0.149019	0.0179329	0.00228146	0.00831519
182	0.04003	0.00252757	0.00245749	0.00740389	0.0307247	0.00324888	0.000935621	0.209299	0.00372612	0.375518	0.0491998	0.00483813	0.00359547	0.00923668	0.00624589	0.0134895	0.0243653	0.209539	0.00150137	0.00211766
183	0.29542	0.000140072	0.000878383	0.00438093	0.0127626	0.00580399	0.000624545	0.161231	0.00737758	0.0573716	0.0246704	0.00120032	0.00116072	0.0112729	0.00394126	0.00681402	0.0338309	0.370511	0.000172988	0.000434089
184	0.0293516	0.00587935	0.00585848	0.0070388	0.13433	0.00859356	0.00140192	0.147166	0.00718328	0.392572	0.0636323	0.00715828	0.00372967	0.0131111	0.0071675	0.0120033	0.0202792	0.123062	0.00673164	0.00375006
185	0.0379092	0.000291284	0.476346	0.175798	0.00510665	0.0228018	0.00337165	0.00153409	0.0548542	0.00294422	0.00129695	0.0679635	0.0124241	0.0552059	0.00435121	0.0295722	0.0443365	0.00256197	0.000329128	0.001002
186	0.23075	0.000428039	0.0260437	0.0838278	0.00195512	0.0601942	0.0054716	0.01151	0.139958	0.0550059	0.0346232	0.0387178	0.0325371	0.131615	0.0271162	0.084671	0.0234585	0.00655251	0.00106587	0.00449826
187	0.0286062	0.00328177	0.00154058	0.00501373	0.0415374	0.00213206	0.000670283	0.267519	0.00314192	0.333084	0.0386722	0.00285239	0.00236352	0.00658254	0.00379232	0.00716707	0.0157198	0.232642	0.00130014	0.00238079
188	0.0443777	0.00255842	0.00189411	0.0098907	0.0333059	0.00302431	0.000733915	0.193596	0.00561074	0.372656	0.0548828	0.00455749	0.00251037	0.0121574	0.00898757	0.017511	0.0268167	0.199743	0.00149239	0.0036935
189	0.019132	0.00274351	0.00244675	0.00442153	0.295582	0.00244475	0.00162323	0.29221	0.0113848	0.12434	0.010389	0.00272359	0.0100983	0.0053443	0.00251576	0.011486	0.0124544	0.184898	0.000731645	0.00302999
190	0.0607269	0.000107155	0.262172	0.44135	0.00305515	0.0112198	0.00627891	0.000632676	0.0421849	0.009164	0.00421626	0.0193373	0.00873048	0.0445786	0.0125368	0.0315818	0.0330267	0.00520441	0.000106473	0.00379005
