379	20
1	0.0740198	0.0219926	0.000658523	0.00417422	0.110249	0.0110375	0.0114619	0.144037	0.00260829	0.211913	0.103994	0.00583391	0.0112848	0.00703976	0.00351164	0.0150608	0.0555109	0.162086	0.0110363	0.0324891
2	0.214963	0.00395934	0.00264114	0.0091815	0.0476834	0.00478879	0.0041776	0.139413	0.00473458	0.158101	0.0212279	0.00489962	0.0833555	0.027658	0.00387574	0.0455145	0.0714824	0.146054	0.0023237	0.00396556
3	0.194165	0.0068417	0.0302004	0.0247657	0.0215282	0.0285742	0.00645311	0.114392	0.0219988	0.0422462	0.0218576	0.0046991	0.00122835	0.0107482	0.0172294	0.145041	0.0995155	0.204122	0.000614279	0.00377927
4	0.198708	0.00800897	0.00135863	0.002158	0.0733008	0.0430264	0.00399295	0.0343153	0.0486019	0.119049	0.0766342	0.00943179	0.0167942	0.0110238	0.0416042	0.078025	0.13259	0.059186	0.0153378	0.0268529
5	0.075923	0.0202173	0.000659029	0.0042088	0.119904	0.0128026	0.0115168	0.153337	0.00237191	0.208034	0.106144	0.00601076	0.0113765	0.00548546	0.00360455	0.0140182	0.0487097	0.155563	0.00818757	0.0319258
6	0.0305217	0.0467592	0.00153071	0.00315017	0.0888689	0.00624466	0.00606667	0.185601	0.00500398	0.304422	0.073645	0.00359294	0.016572	0.0109013	0.00276716	0.0156503	0.0217653	0.157536	0.00362373	0.0157775
7	0.0750443	0.0187942	0.264657	0.0755564	0.00744166	0.0500159	0.0298647	0.00161407	0.0232793	0.00614844	0.000905765	0.161136	0.000906162	0.0337919	0.0155129	0.146283	0.0832104	0.00185119	0.00305146	0.000935803
8	0.206458	0.00931743	0.00109843	0.00221331	0.0764354	0.0460491	0.00321632	0.0352726	0.0428185	0.113159	0.0748328	0.0102535	0.0159838	0.0123486	0.036826	0.0713415	0.131675	0.062288	0.0163799	0.032033
9	0.053788	0.0148421	0.000566989	0.00247837	0.0998712	0.00666491	0.00707852	0.164052	0.00349331	0.263392	0.0961085	0.00324754	0.0125363	0.00357366	0.00203456	0.00811383	0.0295649	0.200498	0.00482093	0.0232758
10	0.0178452	0.00502646	0.261322	0.347825	0.00310465	0.0385463	0.00251456	0.00207569	0.0750031	0.0110584	0.00140692	0.075415	0.00906918	0.0396839	0.0424582	0.0384415	0.0134932	0.00302865	0.00214839	0.0105335
11	0.0847118	0.0144479	0.0549152	0.0785306	0.00378355	0.0942363	0.0155362	0.00215998	0.118201	0.00662963	0.00259072	0.113339	0.00843415	0.02669	0.0827586	0.148328	0.126301	0.010104	0.00282295	0.00547934
12	0.145237	0.0104114	0.0267343	0.0161537	0.0336774	0.014755	0.00662517	0.00829516	0.0657281	0.0424539	0.0063526	0.0108242	0.065443	0.00565649	0.0292938	0.284636	0.198991	0.0184952	0.00382873	0.0064071
13	0.159338	0.00533385	0.0307018	0.0180465	0.0191233	0.0317214	0.00589349	0.141816	0.0297707	0.0432491	0.0193532	0.00460528	0.00142896	0.017674	0.0250332	0.120203	0.0932571	0.229312	0.000636602	0.00350285
14	0.0366556	0.00767983	0.265617	0.229072	0.0041256	0.0367672	0.00885649	0.00211833	0.0866902	0.0134063	0.00150921	0.101422	0.0138855	0.0466633	0.0528516	0.0552875	0.0229968	0.00447973	0.00275645	0.00715952
15	0.0832673	0.0171653	0.0457921	0.0213785	0.0137207	0.013635	0.0139582	0.0152397	0.0204149	0.0288375	0.00810498	0.0158647	0.429433	0.0186849	0.0186404	0.126923	0.0658549	0.0150023	0.0234914	0.00459151
16	0.0678879	0.0172506	0.0232219	0.045005	0.00841791	0.0415426	0.0437679	0.00397388	0.186731	0.0231495	0.00613204	0.0782148	0.00148852	0.0437538	0.204308	0.121868	0.0492645	0.0133721	0.00401428	0.0166352
17	0.00851493	0.0224857	0.00561213	0.0171947	0.0400423	0.00388161	0.231668	0.189425	0.0390871	0.0659357	0.00457786	0.0481949	0.00254838	0.0468045	0.0470707	0.0312534	0.0198904	0.0690841	0.0079171	0.0988121
18	0.0297997	0.0201715	0.003707	0.00575549	0.241134	0.00958197	0.0174102	0.0485514	0.0217637	0.167314	0.0568363	0.00870238	0.00910372	0.0310417	0.0175865	0.0161698	0.031785	0.0993631	0.0338665	0.130356
19	0.012407	0.00420472	0.000497222	0.000875106	0.0753984	0.00285093	0.00187732	0.191597	0.00450625	0.405297	0.0858038	0.00102238	0.0059597	0.0028951	0.000961826	0.00424266	0.00833542	0.172132	0.0010251	0.0181108
20	0.177123	0.0113355	0.0115003	0.0481005	0.0271097	0.00719687	0.00782568	0.00967627	0.033613	0.0303123	0.00715815	0.0228757	0.0138906	0.00559955	0.00991202	0.405996	0.130562	0.0338893	0.00179095	0.00453266
21	0.0360031	0.00649467	0.0454616	0.023024	0.00118638	0.593067	0.012879	0.00123116	0.0373559	0.00278118	0.00374046	0.0713473	0.00153701	0.0185597	0.0523363	0.0827966	0.00772748	0.00150496	0.000300904	0.000665662
22	0.0547407	0.0201938	0.0379858	0.0367876	0.025134	0.0210589	0.105535	0.0442857	0.0436832	0.0419414	0.0156178	0.150555	0.0151087	0.0370599	0.0481992	0.121616	0.0619112	0.085182	0.0070539	0.0263506
23	0.00306753	0.00269751	0.00161498	0.00196401	0.573188	0.00457352	0.017142	0.00523108	0.00329247	0.0565047	0.00286736	0.00197064	0.00116102	0.00278309	0.00779787	0.0136612	0.00818204	0.0157395	0.0123838	0.264178
24	0.520996	0.0342884	0.00381344	0.00507526	0.0361038	0.0753241	0.0133499	0.013757	0.00552819	0.00853491	0.0115028	0.00440519	0.00531478	0.00305831	0.00476532	0.155293	0.0604807	0.033995	0.00145315	0.00296106
25	0.0755253	0.00973067	0.0367172	0.038787	0.0078995	0.0197446	0.0175237	0.0132742	0.0268683	0.035951	0.0104298	0.0222598	0.476523	0.0420163	0.0350966	0.0846254	0.0250929	0.0140972	0.00441682	0.0034204
26	0.0652363	0.00728354	0.00273602	0.00742615	0.0289878	0.00518571	0.00377301	0.189955	0.00517377	0.0912577	0.0329506	0.00355994	0.00824374	0.00490089	0.00329057	0.0139171	0.0312634	0.487494	0.00163848	0.00572603
27	0.00963609	0.00162081	0.000475277	0.00123466	0.0160993	0.000548822	0.00185956	0.300127	0.00573895	0.0792839	0.0151003	0.00074044	0.000403636	0.00102937	0.000631011	0.00118678	0.0121448	0.549927	0.000260245	0.00195207
28	0.0276481	0.00238617	0.0510843	0.130981	0.0293545	0.0187305	0.0326385	0.0961361	0.0722045	0.027419	0.00669514	0.0429435	0.0018158	0.0402856	0.0667522	0.05402	0.117973	0.17094	0.0017863	0.0082062
29	0.0532564	0.0180719	0.0333012	0.0242233	0.00433749	0.600904	0.0122382	0.00453545	0.0301891	0.00645169	0.00398497	0.050875	0.00700631	0.0142019	0.0398168	0.0705434	0.0163265	0.00671992	0.000862478	0.00215434
30	0.0450282	0.00542108	0.020253	0.142142	0.0215608	0.0158813	0.0290663	0.0333627	0.109316	0.0358135	0.0157323	0.0393225	0.00735027	0.0453257	0.0571675	0.11473	0.178023	0.0655811	0.00135865	0.0175646
31	0.00803693	0.00296505	0.000417076	0.000471637	0.0452642	0.00114902	0.00107489	0.200114	0.00570159	0.416137	0.0813851	0.000604888	0.00506404	0.00307221	0.000443843	0.00190863	0.00624278	0.211251	0.000338088	0.0083582
32	0.0728357	0.0182758	0.0103049	0.0106102	0.0377593	0.0176478	0.0205022	0.0474111	0.0176478	0.131401	0.0698196	0.0123107	0.340946	0.0186508	0.0166294	0.0582085	0.0337928	0.0490006	0.00532799	0.0109172
33	0.104983	0.0106883	0.123664	0.136111	0.00246347	0.0261037	0.018676	0.00335088	0.0388157	0.0378619	0.00280535	0.0284272	0.196409	0.0369593	0.0619792	0.131061	0.0189605	0.0177146	0.0011583	0.00180772
34	0.0954271	0.244662	0.0106618	0.00296698	0.0174575	0.0270374	0.00272853	0.0145727	0.00775773	0.0165149	0.00219665	0.0220026	0.0129173	0.00247478	0.00924323	0.348075	0.103004	0.0487459	0.00954631	0.00200835
35	0.00820037	0.0029928	0.000414416	0.000456628	0.0443994	0.00115506	0.00108024	0.199776	0.0057524	0.413962	0.0822286	0.000615033	0.00500876	0.00310622	0.000437137	0.00194716	0.00641561	0.213635	0.000333267	0.00808327
36	0.188796	0.00519852	0.0151503	0.0299112	0.0182215	0.0252583	0.00614211	0.164972	0.0135443	0.0586773	0.0315794	0.0083894	0.00863935	0.0121199	0.012713	0.0627182	0.0815072	0.250971	0.00155308	0.00393686
37	0.00566431	0.0071513	0.00333799	0.00510457	0.317568	0.00276063	0.0550539	0.0108821	0.00876042	0.0446458	0.00948697	0.00268716	0.00139532	0.00398341	0.00416102	0.0127548	0.00822444	0.00936937	0.00768957	0.479319
38	0.010162	0.00297807	0.000418069	0.000757843	0.042886	0.00122854	0.00143526	0.217912	0.00561666	0.370265	0.074532	0.00081916	0.00441249	0.00298471	0.000513353	0.00194857	0.00870835	0.244181	0.000455854	0.00778491
39	0.0183142	0.011746	0.00988013	0.0150444	0.00517211	0.0146558	0.0259986	0.00879947	0.134355	0.0154061	0.00579002	0.0294035	0.0104213	0.067354	0.544527	0.0263815	0.0317	0.0158031	0.00228526	0.00696208
40	0.0564675	0.011451	0.0241047	0.0223967	0.0456414	0.0110177	0.0340315	0.158978	0.0199124	0.144991	0.0576284	0.0682902	0.0111272	0.0199816	0.0176413	0.0301216	0.0562039	0.186612	0.00616374	0.0172382
41	0.0516874	0.0172426	0.0335201	0.021107	0.00365967	0.612552	0.0121165	0.00505731	0.0272126	0.00657406	0.00481308	0.0491819	0.0122965	0.0143701	0.0366088	0.0695699	0.0127262	0.00702086	0.000869914	0.00181313
42	0.181721	0.0117288	0.00959985	0.00823429	0.00581429	0.0209513	0.0133996	0.0147944	0.0101808	0.0324828	0.00584181	0.00425451	0.519261	0.00636985	0.00666492	0.100172	0.0369788	0.00719472	0.0024658	0.00188943
43	0.0236857	0.00993376	0.274773	0.0485451	0.0129918	0.0186232	0.0302996	0.0505581	0.0303579	0.0259656	0.0107887	0.266557	0.0110483	0.0196471	0.0270342	0.0398107	0.0370352	0.0439618	0.00281216	0.0155705
44	0.072898	0.0127967	0.0432507	0.0481709	0.0146425	0.0221088	0.0208188	0.0158098	0.0326251	0.0773476	0.019325	0.0254148	0.360954	0.036095	0.0613035	0.0751791	0.0309864	0.0207876	0.00296857	0.00651726
45	0.0383012	0.0355742	0.00668259	0.0164881	0.0232558	0.00513943	0.0642757	0.0524529	0.0744545	0.158976	0.0828532	0.0195831	0.00764054	0.0879026	0.128402	0.0813348	0.0767978	0.0296107	0.0053042	0.00497016
46	0.00971889	0.00358122	0.0122386	0.00350002	0.36439	0.00391156	0.261168	0.0458674	0.00546216	0.130426	0.00289507	0.0169303	0.0022702	0.00791277	0.00558142	0.00683768	0.00776889	0.00660437	0.00270252	0.100233
47	0.0945438	0.00818634	0.0427457	0.121972	0.025088	0.0287913	0.0255687	0.0238857	0.130249	0.0674011	0.0396843	0.0173703	0.0477641	0.0782517	0.0299846	0.0864014	0.0740907	0.0447244	0.00160557	0.0116914
48	0.166601	0.00880184	0.00576931	0.00422926	0.00883144	0.0192082	0.013114	0.0223462	0.00836276	0.0398386	0.00771171	0.00509449	0.557343	0.00720398	0.00553654	0.068138	0.0333783	0.0141021	0.00230734	0.00208178
49	0.039757	0.0192519	0.0102816	0.0218243	0.0138096	0.00504548	0.0516943	0.0932027	0.0816431	0.119363	0.05019	0.0304267	0.0114673	0.0514941	0.0907503	0.0816922	0.131725	0.08728	0.00558889	0.00351248
50	0.117488	0.0139547	0.020923	0.0163462	0.00354293	0.380388	0.0263887	0.00500695	0.0248747	0.00471056	0.00345952	0.0683779	0.00237991	0.0198962	0.0623763	0.182755	0.0338392	0.00576138	0.00317906	0.00435234
51	0.171261	0.00854423	0.00787133	0.00721535	0.0733943	0.0740604	0.00720871	0.0249801	0.0406627	0.116159	0.048828	0.0129785	0.0604643	0.00962645	0.0397482	0.100212	0.113131	0.052519	0.00810755	0.0230283
52	0.00752321	0.00531824	0.0124297	0.00464532	0.258577	0.00327602	0.262494	0.0532498	0.00960706	0.101605	0.00399047	0.0165122	0.00185374	0.0117568	0.00976314	0.0104153	0.00843497	0.0104464	0.00371533	0.204386
53	0.02713	0.0105419	0.0516487	0.0173893	0.0377008	0.0128705	0.430444	0.0344714	0.0196167	0.0973855	0.0175498	0.0489216	0.00923907	0.0177538	0.0169176	0.0295456	0.0595234	0.0406475	0.00303587	0.0176669
54	0.00846896	0.00566622	0.00322144	0.00324296	0.476392	0.0142882	0.0187936	0.0174979	0.00668261	0.182814	0.0123226	0.00445713	0.00272459	0.00703014	0.0106436	0.0148805	0.0118196	0.0249218	0.0302023	0.14393
55	0.0596875	0.0138185	0.0360381	0.0216488	0.00305182	0.543873	0.0144109	0.00393731	0.0326576	0.00594282	0.00432253	0.0610476	0.0035759	0.017712	0.0455062	0.105417	0.0178187	0.0054406	0.00136445	0.00272795
56	0.0213298	0.011429	0.079881	0.0145201	0.168905	0.0100738	0.194278	0.0407778	0.0181304	0.104382	0.0105165	0.0283068	0.00814426	0.0169597	0.0161678	0.0251998	0.024229	0.0223002	0.00457606	0.179893
57	0.0377805	0.00838587	0.0437318	0.0290709	0.0034653	0.504175	0.0168519	0.00356784	0.0539526	0.00676107	0.0048376	0.0672804	0.00620193	0.0289552	0.0805856	0.0794409	0.0151641	0.00572597	0.000939565	0.00312606
58	0.0630944	0.0159752	0.00791775	0.016479	0.0652832	0.0190216	0.0156201	0.123131	0.0250594	0.18619	0.1394	0.0131842	0.0230737	0.0160862	0.0190434	0.0365606	0.0539851	0.133485	0.00655454	0.0208565
59	0.00750198	0.00215681	0.000412532	0.000565519	0.033535	0.000848275	0.00135541	0.240288	0.00612992	0.324082	0.0623582	0.000733292	0.00345305	0.00264361	0.000513552	0.00162242	0.00839556	0.2974	0.000359313	0.00564567
60	0.0260706	0.0113	0.0235918	0.0166421	0.0776407	0.0159162	0.458594	0.0328114	0.0275517	0.0591815	0.0116667	0.0277004	0.0104866	0.0181394	0.0349181	0.0366239	0.0361278	0.0244606	0.00452515	0.0460508
61	0.481975	0.078827	0.00292403	0.00248787	0.0170229	0.123344	0.00626155	0.0157853	0.0031418	0.0042959	0.00940717	0.00525709	0.00471463	0.00290949	0.00389273	0.158153	0.0556888	0.02092	0.00121349	0.00177854
62	0.00817901	0.0029835	0.000411337	0.000462798	0.0440108	0.00111477	0.00108609	0.200006	0.00582743	0.414373	0.0817309	0.000614402	0.00501099	0.00312319	0.000439245	0.00188685	0.00646387	0.214042	0.000321094	0.00791235
63	0.0316829	0.0126413	0.013527	0.0288303	0.00295982	0.0195609	0.050618	0.00749259	0.23736	0.0144532	0.00471138	0.0531666	0.00106611	0.0583449	0.327149	0.0565061	0.0585316	0.0139656	0.000921389	0.00651136
64	0.00847003	0.00319704	0.000471619	0.000732131	0.0735512	0.00190349	0.00125177	0.198411	0.00461172	0.412426	0.0818878	0.000766124	0.00529858	0.00277799	0.000703877	0.00311973	0.00519562	0.178649	0.000577058	0.0159985
65	0.145234	0.0100326	0.014828	0.0122468	0.0338596	0.0212834	0.00719368	0.135499	0.0184687	0.0344175	0.0324578	0.00842243	0.00576144	0.00944529	0.0279669	0.108552	0.193858	0.156842	0.00297352	0.0206572
66	0.00207952	0.00691699	0.00332357	0.00469079	0.211251	0.00120953	0.0709297	0.00853523	0.00869725	0.0318903	0.00799699	0.00136365	0.000879722	0.00314032	0.00133537	0.00989875	0.00305766	0.00215726	0.0065934	0.614053
67	0.0970518	0.218753	0.00850125	0.00268715	0.0161229	0.0276552	0.00278093	0.0173761	0.00847052	0.0186438	0.00190892	0.0201806	0.0140066	0.0023323	0.00848546	0.355689	0.11345	0.056485	0.00747851	0.00194061
68	0.113182	0.204626	0.00932635	0.00448145	0.0149007	0.0276669	0.00595419	0.0144782	0.00889658	0.0164697	0.00292201	0.02887	0.0122427	0.00602621	0.0194805	0.358304	0.0917366	0.049592	0.00753663	0.00330742
69	0.0186984	0.0123084	0.0138801	0.017529	0.0103543	0.0200755	0.0317134	0.0118569	0.135403	0.0171108	0.00677317	0.0335499	0.00738425	0.0658641	0.511719	0.0258987	0.0314732	0.0158063	0.00276475	0.00983658
70	0.00365179	0.00179524	0.00135264	0.00166787	0.64228	0.0047703	0.00731347	0.00453117	0.00246248	0.0559447	0.00194294	0.00218612	0.00121009	0.0027695	0.00888577	0.0156387	0.00956013	0.0187575	0.0106833	0.202596
71	0.0711606	0.0102081	0.00809914	0.0129405	0.0299632	0.0109392	0.00928454	0.200788	0.0128043	0.0963299	0.0402351	0.00856053	0.00596307	0.00873711	0.00927818	0.0359612	0.059388	0.359239	0.00249919	0.00762167
72	0.0327728	0.0135085	0.0256042	0.0717695	0.00277635	0.00827282	0.0241562	0.00387596	0.354317	0.00737899	0.00827746	0.0195237	0.00283818	0.0958548	0.258258	0.0319887	0.0256365	0.00854916	0.001573	0.00306837
73	0.0439503	0.0144897	0.038616	0.0224438	0.00906952	0.0197283	0.0171678	0.0153535	0.0292184	0.0171579	0.0130844	0.069169	0.0051328	0.0184605	0.0282579	0.128498	0.482889	0.0185322	0.00250719	0.00627345
74	0.0851841	0.0110485	0.0106683	0.183178	0.0139476	0.0124212	0.0703717	0.00997947	0.0511849	0.0150172	0.00701437	0.131185	0.00476115	0.0480923	0.0195897	0.194729	0.0255014	0.016345	0.00451605	0.0852651
75	0.0190076	0.0150577	0.0113393	0.0230068	0.00433741	0.0165993	0.0360134	0.00790935	0.194639	0.0120766	0.00515285	0.0351925	0.00384053	0.0635118	0.459815	0.0305792	0.0396776	0.0123081	0.0022863	0.00765003
76	0.00538458	0.00300366	0.00691219	0.00336512	0.441802	0.00393754	0.115601	0.0213866	0.00442068	0.101853	0.00384361	0.0063616	0.00136002	0.00554982	0.00613819	0.00985883	0.00620843	0.00907625	0.00683155	0.237106
77	0.0386419	0.023174	0.0146447	0.050938	0.0131076	0.006677	0.0391438	0.0741894	0.106133	0.115102	0.0693082	0.0322757	0.00696942	0.0647327	0.0890325	0.0835479	0.112415	0.052395	0.00467997	0.00289218
78	0.0951188	0.0148113	0.00802929	0.0231266	0.0490309	0.0157059	0.0297617	0.133142	0.0215222	0.170747	0.0885503	0.0167295	0.0119089	0.0499986	0.0190323	0.0285777	0.067423	0.133056	0.00753164	0.0161962
79	0.0322768	0.0082149	0.175553	0.33395	0.0113344	0.042644	0.0130891	0.0143975	0.0697177	0.0174012	0.00699556	0.0554901	0.0183447	0.0427834	0.0396878	0.0492764	0.0337903	0.0224903	0.00287559	0.0096877
80	0.0455215	0.0122176	0.0354278	0.0572602	0.00456513	0.028506	0.0379823	0.00520627	0.228928	0.0175236	0.00553236	0.0634631	0.00188059	0.0613464	0.256546	0.0658015	0.049351	0.0134202	0.00175087	0.00776922
81	0.0914223	0.0208063	0.000943332	0.0051406	0.105944	0.0138913	0.0131723	0.150552	0.00389997	0.197956	0.107991	0.00872554	0.010497	0.00706357	0.00572952	0.0163604	0.055462	0.141215	0.00883738	0.0343902
82	0.0838137	0.0499299	0.0232028	0.0163747	0.0097646	0.552799	0.0126466	0.00734234	0.0208159	0.0124641	0.00699164	0.0357446	0.0112154	0.0130491	0.0278801	0.0776134	0.0228597	0.0085466	0.00235266	0.00459338
83	0.107429	0.0101677	0.0321446	0.0635023	0.0768532	0.108633	0.0141429	0.00797205	0.174262	0.0148267	0.00580621	0.025512	0.00502415	0.0169057	0.110204	0.0899758	0.0464862	0.0120471	0.00392027	0.0741854
84	0.212123	0.0088605	0.00275454	0.00169631	0.00226636	0.0245447	0.010823	0.015283	0.00554218	0.0176823	0.00233843	0.00196058	0.565066	0.00279727	0.00211434	0.0817109	0.0364854	0.00277823	0.0020403	0.0011329
85	0.00801397	0.0028409	0.000435711	0.000534304	0.0455072	0.00121207	0.00118039	0.204946	0.0135467	0.396519	0.0795418	0.000634521	0.00495964	0.00366991	0.000550829	0.00202514	0.0073605	0.218208	0.000320566	0.00799331
86	0.0465762	0.0155416	0.00054442	0.00255405	0.137763	0.0130057	0.00720791	0.159481	0.00318052	0.245633	0.107226	0.00358283	0.011139	0.00398038	0.00259766	0.0132209	0.0329426	0.158261	0.00529686	0.0302636
87	0.0817818	0.0167128	0.00296404	0.00637647	0.0865598	0.0155456	0.0103806	0.124821	0.010392	0.192714	0.105475	0.0077501	0.0451351	0.010601	0.0108574	0.0320542	0.0756112	0.127541	0.0137612	0.022966
88	0.05239	0.0152406	0.0207092	0.0370383	0.00836332	0.0351098	0.0410032	0.00728092	0.190756	0.0198461	0.00684763	0.0827945	0.00249255	0.0404427	0.220311	0.118017	0.0630641	0.0148822	0.00404448	0.0193655
89	0.163878	0.00954969	0.00298992	0.00529419	0.0896131	0.0157557	0.00784727	0.102846	0.0101756	0.148028	0.0507003	0.00783448	0.0972024	0.0135244	0.00976938	0.0508492	0.0803436	0.116863	0.00424003	0.0126965
90	0.0356456	0.0118542	0.000499179	0.00177323	0.121345	0.0106402	0.00520479	0.168874	0.00383376	0.286507	0.101418	0.0023237	0.0101755	0.00350779	0.00185321	0.0102385	0.0228152	0.174116	0.00358259	0.023792
91	0.149919	0.0255679	0.0279364	0.0168604	0.00680804	0.444053	0.0166629	0.00537771	0.0219783	0.00674401	0.00480952	0.0449241	0.00881606	0.0122084	0.0341251	0.134513	0.0274554	0.00744836	0.00112404	0.00266788
92	0.0756216	0.0184863	0.255803	0.0830789	0.00759982	0.0516966	0.0282515	0.0015566	0.0269483	0.00660297	0.0010145	0.152577	0.00456882	0.0340196	0.0180125	0.145033	0.0823131	0.00261437	0.00288204	0.00131922
93	0.0431538	0.0157714	0.000931517	0.00259573	0.126675	0.0151446	0.0062713	0.136471	0.00564835	0.287088	0.118624	0.00360125	0.0152002	0.00536117	0.0049404	0.0205549	0.0319189	0.121283	0.00483851	0.0339269
94	0.0142871	0.01795	0.00507128	0.00976764	0.0419196	0.00781154	0.214179	0.0408698	0.0944655	0.0150067	0.00421553	0.043898	0.00327976	0.0478612	0.149287	0.112268	0.0264931	0.0408752	0.0215328	0.0889613
95	0.0508975	0.00740838	0.0313475	0.0176892	0.00180147	0.564046	0.0159548	0.00221942	0.0270476	0.00356317	0.00356867	0.0611128	0.00210777	0.0144784	0.0482238	0.133426	0.0110067	0.00227328	0.000668217	0.0011588
96	0.0428882	0.0130634	0.000570859	0.00187122	0.106317	0.00773772	0.00751778	0.155674	0.00664774	0.274924	0.0986016	0.00262	0.0165702	0.00454661	0.00246921	0.00924731	0.0267414	0.189378	0.00454428	0.0280695
97	0.170855	0.00647839	0.00531216	0.00372453	0.0779968	0.0594535	0.00454559	0.0229612	0.0435185	0.125903	0.0493008	0.0109308	0.0510176	0.00739558	0.0385045	0.109007	0.122585	0.0555086	0.00867079	0.0263311
98	0.0791935	0.0454171	0.0440203	0.0223957	0.00662022	0.445438	0.0125346	0.00843882	0.0238835	0.0162358	0.00489362	0.0454321	0.0161594	0.0150838	0.0314997	0.130141	0.0320426	0.0163562	0.00173623	0.00247821
99	0.027015	0.00631636	0.000471578	0.000949609	0.072302	0.00258946	0.0029658	0.182121	0.00495256	0.348565	0.0868913	0.00121693	0.00989235	0.00273222	0.000834145	0.00298615	0.0108941	0.22034	0.00137256	0.0145927
100	0.210747	0.00600876	0.00209782	0.00644493	0.0613229	0.00845004	0.00374213	0.123115	0.00664761	0.160871	0.029549	0.00525878	0.0777863	0.0201283	0.00644491	0.0464463	0.0808378	0.132949	0.00337429	0.00777769
101	0.0431075	0.0245813	0.0130535	0.0278236	0.00891368	0.0183753	0.0585113	0.0161359	0.182598	0.0297193	0.0267215	0.0391631	0.0037439	0.041596	0.270322	0.0678329	0.073748	0.0286574	0.00399373	0.0214028
102	0.106547	0.0168624	0.00140519	0.0037039	0.125403	0.0365609	0.00788778	0.107952	0.0114898	0.185287	0.0906241	0.00785039	0.0191514	0.00654009	0.0119991	0.0400415	0.0640735	0.115425	0.00813351	0.0330615
103	0.206135	0.00854967	0.00126011	0.00461621	0.0701772	0.0401934	0.00609934	0.0601413	0.0307851	0.131934	0.0842569	0.0150546	0.0149355	0.0154702	0.0289868	0.0589938	0.107697	0.0719792	0.0131353	0.0295997
104	0.00992765	0.00333457	0.000425135	0.000521072	0.0483617	0.00125233	0.00141632	0.196158	0.00628743	0.399094	0.0905578	0.000753153	0.00581618	0.00322808	0.000495632	0.00216023	0.00849697	0.212306	0.000756405	0.00865176
105	0.110237	0.0197234	0.0455101	0.0679609	0.073666	0.0201165	0.0638935	0.0238769	0.0216643	0.0519521	0.028724	0.0452179	0.00821319	0.0524795	0.0103961	0.104751	0.115784	0.0706842	0.00422182	0.0609274
106	0.199122	0.00675412	0.00531298	0.0232484	0.0181378	0.0629619	0.0240968	0.132502	0.0266835	0.0643077	0.0803647	0.037096	0.00438887	0.048846	0.0108996	0.0358398	0.079402	0.0923847	0.0164977	0.0311529
107	0.192361	0.00792206	0.00193167	0.00233094	0.0818883	0.0490489	0.00370987	0.0312114	0.0384466	0.131181	0.0712984	0.0108204	0.0247209	0.00893482	0.0368984	0.0808459	0.123953	0.0624382	0.012528	0.0275312
108	0.0155758	0.0372678	0.00666806	0.0193265	0.00427858	0.00822212	0.0356653	0.00938107	0.219043	0.00953198	0.0051143	0.0216731	0.00193801	0.0581685	0.459961	0.0244834	0.0355905	0.0115106	0.00831638	0.00828407
109	0.19173	0.00708723	0.0290573	0.0218134	0.0199768	0.0297253	0.00560439	0.123216	0.0232159	0.0432995	0.0206985	0.00406677	0.00113333	0.0111611	0.0189183	0.137323	0.0976579	0.210218	0.000553103	0.00354377
110	0.203951	0.151475	0.00378492	0.00639392	0.104838	0.00673775	0.0084889	0.0687995	0.00766048	0.182749	0.00756451	0.00844965	0.00437862	0.00597688	0.00582977	0.0530492	0.107498	0.0329824	0.0201709	0.00922202
111	0.039516	0.00737716	0.0444951	0.0270112	0.00216016	0.532993	0.0139113	0.00223224	0.0500882	0.00443888	0.00449917	0.0763697	0.00227442	0.0205733	0.0613849	0.0877738	0.0173957	0.00310567	0.000661517	0.00173909
112	0.0144631	0.0119867	0.0115725	0.0487044	0.037601	0.00732237	0.123336	0.291182	0.0151919	0.106435	0.0114613	0.0235503	0.00647064	0.0603527	0.0155382	0.0132219	0.0209505	0.12986	0.00320994	0.0475896
113	0.00804437	0.00287545	0.000486885	0.000713162	0.0720261	0.00181168	0.00118329	0.197997	0.00465789	0.415556	0.0819294	0.000764766	0.0050267	0.0026387	0.000677297	0.00294132	0.00494286	0.17914	0.000508135	0.0160797
114	0.00582659	0.00368568	0.548452	0.0517637	0.00300576	0.00429046	0.0140248	0.00746809	0.0176773	0.00437826	0.00228779	0.276961	0.011909	0.003555	0.00569244	0.00886276	0.00524737	0.0214667	0.000960735	0.00248445
115	0.178888	0.0235818	0.0382697	0.024671	0.0429578	0.0656766	0.0616126	0.0388891	0.0298584	0.133682	0.027893	0.0560156	0.119534	0.0124251	0.0207073	0.0262615	0.0350864	0.0574276	0.00157296	0.00498947
116	0.551184	0.0453543	0.0029958	0.00259932	0.0193081	0.116648	0.00689449	0.0128454	0.00377888	0.00434052	0.00975009	0.00498182	0.00417043	0.00250881	0.00449939	0.135087	0.0487118	0.0218754	0.000786494	0.00167946
117	0.0434559	0.0147984	0.172285	0.0527422	0.0146101	0.0642072	0.031424	0.0188849	0.0473142	0.0184209	0.00904189	0.249843	0.014083	0.0276445	0.0539103	0.0730309	0.0521708	0.0284506	0.00367877	0.0100039
118	0.131968	0.0210821	0.0133649	0.0119676	0.0233456	0.0260157	0.0114535	0.0300874	0.0201795	0.0346912	0.019884	0.0213165	0.0128652	0.0111226	0.0171771	0.11755	0.421943	0.0408091	0.00415542	0.00902175
119	0.0920354	0.0164069	0.0257088	0.0159077	0.00279846	0.431762	0.0207093	0.00436155	0.0252878	0.0045942	0.00315693	0.0692048	0.00250891	0.0182986	0.0523474	0.17704	0.0269938	0.00530381	0.00201643	0.00355698
120	0.0108219	0.00350983	0.000412988	0.000535028	0.0578071	0.00162536	0.00143165	0.194755	0.00538863	0.405659	0.0842716	0.000691446	0.00582762	0.0029994	0.000569376	0.0024434	0.00658293	0.202793	0.000547929	0.0113276
121	0.152276	0.00564126	0.0144197	0.0238006	0.015434	0.0219607	0.0056633	0.180843	0.0129542	0.0440339	0.0306496	0.00703468	0.00235136	0.00844712	0.0127379	0.0579289	0.0774437	0.322314	0.000760675	0.00330524
122	0.00361072	0.00179388	0.00135849	0.00166877	0.641863	0.00474416	0.00772839	0.00459968	0.00246025	0.0563779	0.00192783	0.00217377	0.00120922	0.00278572	0.00886747	0.0155661	0.00950353	0.018803	0.0106751	0.202283
123	0.010843	0.0045596	0.0147205	0.00391861	0.237649	0.00463119	0.429462	0.0360171	0.00856808	0.0926866	0.00361938	0.016966	0.00267115	0.00969053	0.00952953	0.0118795	0.0122609	0.00786875	0.00300487	0.0794538
124	0.0773299	0.0198173	0.260121	0.0726314	0.00727606	0.0515512	0.0325195	0.00159836	0.0222836	0.0061156	0.000944966	0.165781	0.000795325	0.0340414	0.0154935	0.143991	0.0815197	0.00204718	0.00295925	0.00118208
125	0.0349611	0.00627558	0.0441777	0.0224923	0.00112371	0.592707	0.0124402	0.00133254	0.0389568	0.00262615	0.00386558	0.0735374	0.00137024	0.0186254	0.0535701	0.0822585	0.00726381	0.00148665	0.00029479	0.000634771
126	0.0131114	0.0204056	0.00443827	0.0085617	0.00526	0.00994065	0.0860553	0.00883247	0.177657	0.00766878	0.00368673	0.0294358	0.0014051	0.0520552	0.450705	0.0256443	0.0586177	0.0141095	0.0035378	0.0188724
127	0.0254749	0.0089528	0.0028808	0.00288138	0.0869207	0.00479906	0.00979476	0.181323	0.00534032	0.352003	0.0793261	0.00331808	0.00811703	0.00463839	0.00260365	0.00778457	0.0171539	0.173026	0.00317838	0.0204832
128	0.0198219	0.010116	0.0012122	0.00169947	0.117979	0.00687987	0.00388989	0.139164	0.0136157	0.346633	0.10231	0.00226731	0.00954145	0.00645404	0.00794335	0.00920421	0.0148654	0.13447	0.00329174	0.0486428
129	0.47103	0.033855	0.0106762	0.0106014	0.0263654	0.0733299	0.0121342	0.0263477	0.0110468	0.0253796	0.0178149	0.0110103	0.0281928	0.00848425	0.00858806	0.119584	0.055696	0.041055	0.00247517	0.00633309
130	0.0202975	0.00595349	0.000765491	0.00185624	0.0587738	0.00368677	0.00341306	0.192532	0.00558283	0.36721	0.0962222	0.00212242	0.0065649	0.00379597	0.00212904	0.00564841	0.0167826	0.191803	0.00183206	0.0130282
131	0.115123	0.0609068	0.0184744	0.0255538	0.0137404	0.07554	0.0544108	0.0131171	0.0339039	0.0176905	0.00778829	0.0985373	0.00509386	0.0897735	0.0420699	0.193737	0.0760479	0.018011	0.00576793	0.0347121
132	0.0228972	0.00541582	0.263047	0.357993	0.00363878	0.0363811	0.0050398	0.0026314	0.0636098	0.00958438	0.00182515	0.0723433	0.0143418	0.0341803	0.0351522	0.0397333	0.0182438	0.00485353	0.00177249	0.00731546
133	0.112889	0.0180952	0.0489747	0.0424803	0.0241758	0.0851581	0.0220029	0.0566512	0.0422335	0.0300831	0.0137855	0.0563032	0.0118374	0.0251827	0.0584601	0.147101	0.0897042	0.0822687	0.00378605	0.0288272
134	0.0360199	0.00891213	0.322832	0.11838	0.00513857	0.179712	0.0125435	0.00458038	0.0415822	0.00743882	0.00283527	0.0883981	0.0130836	0.0222336	0.0297978	0.0623307	0.0262254	0.0126905	0.00118522	0.00408101
135	0.00865515	0.00302227	0.00043811	0.00056067	0.047023	0.00129743	0.00124765	0.201949	0.0133293	0.39948	0.0806217	0.000653828	0.00522024	0.00382131	0.000560291	0.00206019	0.00751095	0.213534	0.000429842	0.00858535
136	0.120571	0.0090534	0.0151887	0.0125369	0.00581756	0.0194185	0.0127599	0.0131007	0.0131573	0.0270169	0.00706891	0.00988633	0.588798	0.015242	0.0183734	0.070739	0.028508	0.00773809	0.00319798	0.00182729
137	0.0415695	0.0537969	0.016798	0.0136872	0.10174	0.0123038	0.0319432	0.0653667	0.0247003	0.115728	0.0519037	0.0176426	0.0112604	0.0187061	0.0265617	0.0323421	0.0467095	0.103718	0.0111843	0.202338
138	0.238631	0.00647874	0.00545133	0.0626626	0.00815179	0.00719544	0.0954678	0.0485031	0.00872772	0.0297963	0.0074626	0.0655371	0.00483987	0.146926	0.0229497	0.0893467	0.0543898	0.085912	0.00234027	0.00922977
139	0.00740358	0.0023507	0.000411683	0.000489995	0.0372833	0.00098869	0.00125807	0.229302	0.00614466	0.352049	0.069432	0.00063446	0.0040216	0.00281299	0.000498155	0.00176053	0.0077218	0.26839	0.000324216	0.00672192
140	0.0226861	0.00966883	0.00802328	0.0154131	0.00305711	0.0196349	0.0513951	0.0157575	0.210429	0.0102286	0.00304906	0.0773675	0.0018008	0.0631733	0.359248	0.0420138	0.0691271	0.0115612	0.00105446	0.0053112
141	0.00822189	0.00101938	0.000482624	0.000956044	0.0164282	0.000586968	0.00215955	0.343691	0.00615446	0.0894305	0.0159808	0.000749453	0.000416248	0.00109066	0.000669814	0.00119732	0.0120786	0.496056	0.00027583	0.00235447
142	0.0961628	0.0192504	0.0393945	0.0762844	0.0249127	0.0370412	0.0363687	0.0300581	0.113979	0.0887359	0.0459558	0.0507794	0.023028	0.0551432	0.0438291	0.0773805	0.0952231	0.0340329	0.00294356	0.00949706
143	0.0753844	0.0188233	0.266321	0.075506	0.00734968	0.0500191	0.0301613	0.00139359	0.0229226	0.00584438	0.000816176	0.161111	0.000766206	0.0337192	0.015192	0.146164	0.0829376	0.00166953	0.00297741	0.00092239
144	0.053707	0.0112788	0.0448306	0.0277438	0.0025294	0.556718	0.0131929	0.0033371	0.0332602	0.00484792	0.00355431	0.0672546	0.00588191	0.0174219	0.0462206	0.0884226	0.013552	0.0035359	0.000619396	0.00209084
145	0.0119521	0.00518445	0.608095	0.0860054	0.00347277	0.0121912	0.00913225	0.00670922	0.0259039	0.00736291	0.00255203	0.145348	0.0112683	0.00601518	0.00593762	0.0129448	0.00682363	0.0294294	0.000969895	0.00270143
146	0.00926922	0.00286984	0.000410343	0.000787763	0.0409387	0.00127266	0.00151262	0.223198	0.00572549	0.361892	0.0731855	0.000836844	0.00449663	0.00297138	0.00050988	0.00192628	0.00862044	0.251443	0.000494547	0.00763859
147	0.0135884	0.00545933	0.00720854	0.337241	0.027166	0.00662797	0.00802152	0.053715	0.0803858	0.0116355	0.00639624	0.00808489	0.00594492	0.191696	0.0516225	0.036177	0.0456389	0.0966386	0.00196745	0.0047844
148	0.0351459	0.0132235	0.0158561	0.0118677	0.00839162	0.0101307	0.00792069	0.0120197	0.0146589	0.0133296	0.0116551	0.027042	0.00748317	0.00981654	0.0148409	0.14687	0.617972	0.0151531	0.00210531	0.00451805
149	0.0849596	0.0115407	0.00430306	0.0175723	0.0547437	0.00969877	0.0148783	0.209818	0.00579741	0.156951	0.107763	0.0167617	0.00547166	0.00751993	0.00449229	0.0153214	0.0643305	0.185776	0.00649796	0.0158019
150	0.0242851	0.00565755	0.221918	0.271051	0.00319069	0.169737	0.00487285	0.00206885	0.0643674	0.0076825	0.00147721	0.0707188	0.0104814	0.0334777	0.0382744	0.0422645	0.0164623	0.00366885	0.00154238	0.00680198
151	0.034533	0.0425754	0.00790442	0.0188015	0.0193276	0.00596666	0.061619	0.0654873	0.0662669	0.143621	0.0945258	0.0214522	0.00889824	0.0539705	0.155274	0.0794967	0.0762911	0.0328373	0.00516552	0.0059857
152	0.0273458	0.00943864	0.000655721	0.00152859	0.102568	0.00698808	0.00398975	0.166241	0.00692953	0.32213	0.101868	0.00212801	0.0111324	0.00455375	0.00378914	0.00868736	0.0177267	0.175675	0.00279585	0.0238293
153	0.170311	0.0996428	0.00897808	0.0100416	0.0278061	0.0327238	0.0107468	0.0602752	0.0138483	0.0431917	0.019452	0.0165108	0.0199579	0.00922723	0.0145652	0.18724	0.172823	0.0693065	0.00552143	0.00783084
154	0.436232	0.0344669	0.0108156	0.00969774	0.0301675	0.0792893	0.0123304	0.03509	0.0124788	0.0320558	0.0189857	0.0122043	0.0312684	0.0102011	0.0106432	0.110321	0.0568181	0.046967	0.003291	0.00667621
155	0.0261733	0.00982563	0.022747	0.0143463	0.0847748	0.0194593	0.464141	0.0326212	0.0233627	0.0606486	0.0109462	0.0254159	0.0186358	0.0178819	0.0315575	0.0323262	0.0298257	0.0219479	0.0043812	0.0489817
156	0.106284	0.00859249	0.0164565	0.0129711	0.00614698	0.0156506	0.0184255	0.0134909	0.0143395	0.0278833	0.00600688	0.0102016	0.60051	0.0157874	0.0158358	0.0689278	0.0276103	0.00840151	0.00393325	0.00254418
157	0.0393171	0.0191016	0.0424369	0.0595516	0.0189902	0.0329659	0.0328539	0.022544	0.249914	0.0280841	0.0188225	0.0415953	0.0143084	0.0498452	0.16853	0.0553315	0.0520534	0.0334704	0.00626898	0.0140153
158	0.00735691	0.00108477	0.000555565	0.00107512	0.0194982	0.000804832	0.00251304	0.331024	0.0172292	0.140879	0.0228043	0.00101413	0.00117087	0.00224753	0.00103275	0.0017216	0.0135291	0.431256	0.000380495	0.00282273
159	0.0145176	0.0062845	0.56667	0.0835538	0.003447	0.0218523	0.0103734	0.00493287	0.0267152	0.00530275	0.00182027	0.166927	0.00811122	0.00895184	0.00908558	0.0234488	0.0123207	0.0202992	0.00107008	0.00431557
160	0.139037	0.0102469	0.00609588	0.00422261	0.00716918	0.0149851	0.0172537	0.0187178	0.013192	0.0391015	0.00851361	0.00476901	0.580763	0.00784715	0.00611701	0.0737794	0.0346012	0.00826419	0.00340799	0.00191544
161	0.0390246	0.0023679	0.0563257	0.118378	0.0360233	0.0240418	0.0295277	0.108129	0.0494384	0.0247469	0.00476446	0.0384676	0.0013592	0.0312994	0.0568655	0.0526635	0.1033	0.212202	0.00255132	0.00852411
162	0.0166212	0.00522365	0.0103781	0.00271664	0.00360055	0.00234188	0.00349209	0.00406336	0.00445512	0.00429631	0.00970324	0.0236371	0.0015367	0.00521114	0.0068199	0.137249	0.751222	0.00397631	0.00133597	0.00211948
163	0.0351309	0.00629869	0.0440691	0.0224271	0.00116056	0.591006	0.0124702	0.00133273	0.0401501	0.00277324	0.00425771	0.0727722	0.00145072	0.0184505	0.0547355	0.0810806	0.00742994	0.00195474	0.000365204	0.000683995
164	0.0209537	0.00505828	0.265096	0.327424	0.00332318	0.0409222	0.00318012	0.00227325	0.0782646	0.009578	0.0014128	0.0770017	0.0108481	0.0421525	0.0426048	0.0403667	0.0159382	0.00350802	0.00190297	0.00819078
165	0.0838227	0.0227332	0.000986771	0.00342805	0.107602	0.014903	0.00940335	0.119791	0.00603728	0.215651	0.112638	0.00614236	0.0152421	0.00685526	0.00731197	0.0236611	0.068718	0.135753	0.00988593	0.0294336
166	0.0080703	0.00333893	0.0103167	0.00301545	0.380686	0.0035217	0.209654	0.033243	0.00512587	0.106897	0.00315809	0.0110407	0.00176268	0.0072715	0.00533425	0.0073409	0.00650556	0.00626965	0.00386152	0.183587
167	0.503868	0.0452147	0.00367002	0.00393434	0.0269457	0.0822936	0.00741777	0.017243	0.00456516	0.00879295	0.0155967	0.00342057	0.00480995	0.00232815	0.00421711	0.150876	0.0755587	0.0352885	0.00114597	0.00281264
168	0.0377111	0.0119991	0.00123137	0.00225767	0.157532	0.00844111	0.00994331	0.155757	0.00446703	0.261129	0.0865602	0.00303078	0.00892951	0.00409627	0.00343499	0.0110265	0.0253479	0.161768	0.00445324	0.0408843
169	0.103758	0.0309548	0.0340802	0.0417605	0.00643817	0.120105	0.0320848	0.00461664	0.0697728	0.00922711	0.00313847	0.0933285	0.00744153	0.046163	0.0832298	0.201891	0.0862037	0.0100107	0.00551429	0.0102812
170	0.0394753	0.097706	0.0108053	0.0165836	0.129389	0.0120964	0.034378	0.0201392	0.0171402	0.0646669	0.0182923	0.0116463	0.0068123	0.0133336	0.0150402	0.0415059	0.0985655	0.0290718	0.0442066	0.279145
171	0.0753844	0.0188233	0.266321	0.075506	0.00734968	0.0500191	0.0301613	0.00139359	0.0229226	0.00584438	0.000816176	0.161111	0.000766206	0.0337192	0.015192	0.146164	0.0829376	0.00166953	0.00297741	0.00092239
172	0.0368468	0.00743252	0.000899623	0.00222094	0.0673747	0.00575757	0.00462612	0.171229	0.00504146	0.315748	0.0847096	0.00232606	0.043901	0.00687077	0.00175958	0.0115098	0.0196875	0.196397	0.00244561	0.0132167
173	0.0436863	0.00981654	0.0101453	0.0151278	0.0430855	0.0115067	0.0204663	0.0100866	0.117394	0.0149508	0.00612052	0.0704834	0.0742385	0.0809193	0.32197	0.0789725	0.0239013	0.0358661	0.00356878	0.00769361
174	0.118833	0.0100807	0.0172098	0.0148073	0.00617785	0.0165474	0.0136875	0.0130758	0.012681	0.0252843	0.00580462	0.00964103	0.586814	0.0150345	0.0152297	0.0781528	0.0286213	0.00721598	0.00321408	0.00188707
175	0.00443818	0.004169	0.0118921	0.00367462	0.274094	0.0021735	0.158059	0.0273029	0.00731627	0.0730082	0.00538389	0.0065365	0.00117729	0.00824217	0.00296076	0.00738811	0.00436964	0.00341462	0.0040191	0.39038
176	0.0116246	0.00495991	0.000467577	0.000660738	0.0486849	0.00166246	0.0016523	0.199462	0.00557	0.400418	0.0800559	0.000852227	0.0054156	0.00326495	0.000614618	0.00251287	0.00838125	0.213773	0.000739708	0.00922722
177	0.0206687	0.00952997	0.0071118	0.0142208	0.00334735	0.017475	0.0453371	0.0184453	0.191187	0.00973846	0.00379003	0.0769312	0.00170022	0.0568072	0.351167	0.0546202	0.0993051	0.0112276	0.00236339	0.00502684
178	0.0021936	0.00690469	0.00312361	0.00435009	0.235511	0.0013012	0.0644194	0.00790707	0.00957794	0.0327593	0.0106682	0.00135881	0.000989236	0.00341353	0.00285468	0.0109492	0.00362827	0.00424023	0.00675343	0.587096
179	0.00576522	0.00972356	0.00270406	0.00275384	0.463775	0.00558806	0.0115993	0.00890866	0.0257437	0.112201	0.0347533	0.0031498	0.00359058	0.00855215	0.0362657	0.0117915	0.0107808	0.0408507	0.0104224	0.191081
180	0.00767323	0.0164229	0.00324221	0.00411276	0.0451466	0.00383279	0.198592	0.0520727	0.106215	0.0131726	0.00358474	0.0371417	0.00280486	0.0416291	0.159618	0.0891374	0.0276921	0.0568509	0.0306035	0.100454
181	0.0331799	0.00780317	0.000816895	0.00220348	0.0893379	0.00435468	0.0044687	0.235086	0.00445499	0.195939	0.0584031	0.00229231	0.0063835	0.00264977	0.00142022	0.00564079	0.0198597	0.309811	0.00217755	0.0137168
182	0.07496	0.0187426	0.26638	0.074739	0.00773182	0.0501334	0.0304822	0.00151908	0.0232222	0.00622019	0.000956297	0.159377	0.000770461	0.0333415	0.015308	0.14755	0.0827145	0.00178658	0.00297559	0.00108921
183	0.0603603	0.0161814	0.274231	0.136685	0.00743653	0.049846	0.0204441	0.00141683	0.0365596	0.00613211	0.000799112	0.145398	0.00204696	0.0356348	0.0213797	0.113158	0.0640368	0.00167602	0.00404058	0.00253836
184	0.0564719	0.0106689	0.0427946	0.0402699	0.00311555	0.527259	0.0138736	0.0037692	0.0362756	0.00716054	0.00439242	0.0568196	0.0152029	0.0175124	0.0443843	0.093774	0.0168636	0.00526131	0.000867079	0.00326405
185	0.0301626	0.00260879	0.0452191	0.132176	0.0277673	0.0198865	0.0312182	0.0903897	0.0792206	0.0249157	0.0066821	0.0446044	0.00183367	0.0380218	0.067941	0.0575194	0.122056	0.166952	0.00173386	0.00909085
186	0.0445437	0.0236145	0.0132324	0.0333052	0.0234066	0.00921009	0.0388913	0.0788678	0.0962163	0.137962	0.0848779	0.0253092	0.0100497	0.0515729	0.0924864	0.0734345	0.0965943	0.0518347	0.0059062	0.00868421
187	0.0581204	0.0152166	0.0160689	0.0573518	0.0190718	0.0343332	0.0617959	0.0235923	0.126246	0.048518	0.0199516	0.0435733	0.00630689	0.0645589	0.152646	0.115046	0.0860918	0.0356746	0.00451767	0.0113185
188	0.0943453	0.0108987	0.0941638	0.109053	0.00149427	0.0347506	0.0218111	0.00387515	0.0488375	0.0286824	0.00320428	0.0409345	0.239945	0.0519667	0.0794851	0.0994721	0.0221667	0.0132135	0.000707535	0.00099251
189	0.0186891	0.00450154	0.27415	0.33482	0.00264215	0.0391473	0.00254345	0.00191671	0.0739307	0.00906987	0.00134779	0.078445	0.0187341	0.0400043	0.0398474	0.034229	0.0126168	0.00356291	0.00169468	0.00810719
190	0.0122828	0.0026296	0.000457335	0.00162349	0.016061	0.000504953	0.00145424	0.258014	0.00504064	0.0701598	0.015026	0.000704917	0.000373427	0.00100586	0.00067587	0.00127	0.0113866	0.599582	0.000244069	0.001504
191	0.103604	0.0130403	0.130671	0.131516	0.00230819	0.0303751	0.024826	0.00387397	0.0326996	0.0335135	0.00276219	0.029909	0.217016	0.0370156	0.0552146	0.106837	0.0231197	0.0191163	0.0011095	0.00147136
192	0.00834559	0.000974747	0.000503231	0.000937346	0.0172768	0.00064521	0.00225564	0.351431	0.00648727	0.0925144	0.0167153	0.000752543	0.000495119	0.00111667	0.000696673	0.00125914	0.0123742	0.482324	0.000286498	0.0026078
193	0.211581	0.00912075	0.00302106	0.00176827	0.00239303	0.0243973	0.0108267	0.0153155	0.00563837	0.0177588	0.00233537	0.0019886	0.564635	0.00292338	0.00220011	0.081255	0.0366841	0.00291178	0.00212011	0.00112642
