556	20
1	0.0524874	0.000982843	0.227766	0.325433	0.0033128	0.0122354	0.031145	0.0143906	0.0308705	0.00362652	0.00689429	0.038668	0.0178645	0.098744	0.0351917	0.0390015	0.0487578	0.00655531	0.000289703	0.00578297
2	0.044226	0.000723898	0.312939	0.351694	0.00293624	0.0224262	0.0115469	0.0119802	0.0291259	0.00832005	0.00328113	0.0516519	0.00631837	0.0536628	0.0151631	0.0343366	0.0232444	0.0123754	0.000525934	0.00352249
3	0.0512474	0.00172647	0.195675	0.315983	0.00510726	0.0115274	0.0348169	0.0159068	0.0257611	0.00728254	0.0118521	0.0403665	0.0138826	0.138697	0.0296353	0.035692	0.0408954	0.00988489	0.00062448	0.0134359
4	0.0390784	0.000583972	0.317168	0.384555	0.00352394	0.023684	0.00668319	0.0124415	0.0259379	0.0108329	0.0023073	0.0487568	0.00345385	0.0475586	0.00851501	0.0305519	0.014424	0.0158266	0.000636318	0.00348076
5	0.0196529	0.00295359	0.019648	0.0266241	0.00166438	0.0212519	0.0104109	0.00331022	0.527676	0.0109974	0.00949259	0.0246664	0.00276664	0.0366216	0.23516	0.0150464	0.0140479	0.0106409	0.000744134	0.00662428
6	0.0349457	0.037198	0.00928226	0.0515753	0.15863	0.00897591	0.0526125	0.0939113	0.0172682	0.160268	0.041901	0.0150942	0.00311691	0.0428536	0.0442218	0.0396962	0.00977248	0.0612199	0.028434	0.0890226
7	0.0113456	0.00480254	0.00198277	0.00234842	0.0295569	0.00156556	0.00220366	0.0644759	0.00618052	0.705837	0.0666713	0.00257099	0.00527016	0.00646333	0.002667	0.0153097	0.0158109	0.0496871	0.00139391	0.00385646
8	0.0525973	0.000909273	0.223987	0.325264	0.00334356	0.0115062	0.032014	0.0142606	0.0311929	0.00299997	0.00702219	0.0383767	0.0175475	0.101549	0.0364995	0.0389557	0.0497651	0.00605303	0.000278511	0.00587834
9	0.0368832	0.000934261	0.255786	0.406533	0.012542	0.0150353	0.0132827	0.0150696	0.0202006	0.0110247	0.00336658	0.0397919	0.00709595	0.0632989	0.0210327	0.0363262	0.0199668	0.0174091	0.000571711	0.00384843
10	0.42971	0.0467436	0.00520122	0.00659959	0.00555366	0.0880005	0.00659584	0.0356433	0.00618141	0.025428	0.00979042	0.0179878	0.0111689	0.0210667	0.0137034	0.177452	0.0474933	0.0390439	0.000490729	0.00614491
11	0.04696	0.0192106	0.0121074	0.0299362	0.0130496	0.00746658	0.0102824	0.181486	0.045187	0.15377	0.0795018	0.0219145	0.00347202	0.0428906	0.0329389	0.0658786	0.0679328	0.151445	0.000420381	0.0141498
12	0.171933	0.00676725	0.0175045	0.0212651	0.0152007	0.0593139	0.0292422	0.0136039	0.0538448	0.0604381	0.0130606	0.0992655	0.00575699	0.0732913	0.11035	0.146435	0.0696832	0.0263442	0.00108036	0.00561885
13	0.129514	0.00832206	0.0156407	0.0239117	0.008686	0.0341421	0.0259074	0.112081	0.0419742	0.0757971	0.0220859	0.0654186	0.0073975	0.046111	0.0394027	0.0964744	0.107805	0.130993	0.000365472	0.00797026
14	0.0377038	0.0103791	0.0017137	0.00315154	0.0146051	0.00382782	0.00238032	0.365554	0.00236376	0.119549	0.0270384	0.000990361	0.00335503	0.00087653	0.00201943	0.00824708	0.0228457	0.370681	0.000229301	0.00248953
15	0.0279476	0.00652835	0.0205385	0.0243739	0.00278798	0.0159502	0.0197905	0.00622211	0.415689	0.0176856	0.0154608	0.0329985	0.00502904	0.0747364	0.247719	0.0235682	0.0237142	0.0117821	0.00162188	0.00585672
16	0.0672496	0.0016054	0.043442	0.0696516	0.0190168	0.0322462	0.0508466	0.0364203	0.108435	0.0409251	0.0392479	0.0945881	0.00874597	0.100246	0.0616911	0.105189	0.0750073	0.0367582	0.000155695	0.00853174
17	0.0522139	0.00835273	0.0252095	0.114116	0.0109032	0.0359537	0.107642	0.0165957	0.0423104	0.045027	0.0186052	0.1429	0.00638481	0.151195	0.0291127	0.0850779	0.0592176	0.027931	0.00115216	0.0200992
18	0.544526	0.042171	0.00356455	0.00156094	0.00452531	0.065965	0.00103987	0.0113743	0.00159629	0.0121069	0.00476543	0.00165097	0.00550604	0.00656505	0.0020607	0.234199	0.0285385	0.0244281	0.00021917	0.00363662
19	0.0354039	0.0314222	0.00942572	0.051324	0.151297	0.00913449	0.0855197	0.072092	0.017011	0.122263	0.029498	0.0157999	0.00465283	0.047147	0.0508032	0.0487684	0.0146325	0.0481365	0.025052	0.130617
20	0.0390384	0.0261276	0.0104763	0.0510445	0.118574	0.00817675	0.15639	0.0356642	0.0179842	0.0691502	0.0116186	0.0183238	0.00778937	0.0593801	0.0629983	0.0502516	0.0238579	0.0174299	0.0251934	0.190531
21	0.0276849	0.00923713	0.00488113	0.00862859	0.0347566	0.00604089	0.00598136	0.119361	0.0151974	0.495474	0.0734456	0.00988516	0.00684608	0.0166469	0.00997444	0.0261608	0.0282851	0.0892873	0.00194155	0.0102841
22	0.0402944	0.0121953	0.0176327	0.0261983	0.00547626	0.0139149	0.0336224	0.0111589	0.253061	0.0275618	0.019571	0.0511622	0.00993281	0.115596	0.256345	0.0422298	0.0394212	0.015226	0.00251516	0.00688496
23	0.037015	0.0213697	0.0115826	0.0167372	0.00532845	0.0105262	0.0328215	0.0122097	0.240695	0.0282045	0.0192487	0.0324283	0.0163096	0.113442	0.293842	0.039264	0.0415026	0.0167344	0.00213636	0.00860176
24	0.237743	0.0898442	0.0192214	0.0938622	0.0447845	0.0226707	0.0210864	0.0329137	0.0204481	0.0348294	0.0109968	0.0210367	0.00832309	0.0335167	0.0175821	0.169286	0.0313464	0.0460057	0.0283872	0.016116
25	0.0188898	0.00434321	0.00181542	0.00225888	0.0223656	0.00305207	0.00167702	0.109464	0.00828464	0.624028	0.0730446	0.00446696	0.00593032	0.00883283	0.00392977	0.0102907	0.0151411	0.0779635	0.00113742	0.00308495
26	0.0387716	0.000871474	0.325327	0.366778	0.00349187	0.0247117	0.0067093	0.0123321	0.0259824	0.0113165	0.00236622	0.056697	0.00355064	0.0428952	0.00851348	0.0338816	0.0150505	0.016438	0.000650596	0.00366466
27	0.0981035	0.00397405	0.0629229	0.078677	0.0160709	0.0476863	0.0326551	0.010251	0.098764	0.0200159	0.0142355	0.166358	0.0105332	0.088077	0.0520893	0.119529	0.0576668	0.0154131	0.000742786	0.00623509
28	0.0455488	0.00827816	0.184649	0.0802825	0.00783238	0.0921638	0.00539762	0.00220015	0.0387656	0.00871673	0.00249202	0.234627	0.00741783	0.0296715	0.0166248	0.185697	0.0429189	0.00469554	0.000326514	0.00169434
29	0.055409	0.00360705	0.14914	0.143097	0.0107375	0.0371372	0.0280607	0.0179519	0.0810513	0.0233973	0.0166481	0.118822	0.0109533	0.0732214	0.0529915	0.0966606	0.0502586	0.024348	0.000566735	0.00594055
30	0.0111279	0.00372715	0.00232407	0.00347183	0.022566	0.00119165	0.00180429	0.0662478	0.00802109	0.703944	0.0691745	0.00316807	0.00511652	0.00872422	0.00292654	0.0142369	0.0177763	0.0520692	0.000576781	0.00180538
31	0.0356124	0.0162788	0.0147445	0.0191358	0.00515045	0.0113505	0.0314453	0.0120785	0.253699	0.0285963	0.0194709	0.0373198	0.0178991	0.1093	0.276516	0.0446539	0.0405748	0.016681	0.00234732	0.00714573
32	0.0373564	0.000593775	0.341266	0.378148	0.00292047	0.0259823	0.00348221	0.0120457	0.026317	0.0115788	0.00174186	0.0525172	0.00212944	0.0377331	0.00500358	0.0301642	0.0106223	0.0167159	0.000659563	0.00302201
33	0.548221	0.0425244	0.00325092	0.00131679	0.00471425	0.0651541	0.000987504	0.0113119	0.00145097	0.0123581	0.00503454	0.00162889	0.00526817	0.00647174	0.00200475	0.230121	0.0286177	0.0256861	0.000229836	0.00364788
34	0.0191067	0.00566886	0.00206225	0.0023449	0.0311338	0.00385593	0.00268507	0.144663	0.00683515	0.575586	0.0696283	0.00365454	0.00444549	0.00771933	0.00395164	0.0110188	0.0173865	0.0828349	0.0015362	0.00388198
35	0.0177676	0.00227977	0.0209585	0.026704	0.00166419	0.0239711	0.00815065	0.00265552	0.547782	0.00984594	0.00854837	0.0232256	0.00244901	0.0292745	0.230824	0.0148329	0.0125701	0.010504	0.000532818	0.00545883
36	0.0458724	0.0662886	0.00842347	0.0213923	0.0677806	0.009254	0.170234	0.0239298	0.0490081	0.031947	0.0058494	0.045765	0.0119318	0.0467409	0.0719411	0.0422911	0.0505859	0.015803	0.0129916	0.20197
37	0.544635	0.0437167	0.00336955	0.00145952	0.00459836	0.0656915	0.00105925	0.0119608	0.00142238	0.0126938	0.00496712	0.00197865	0.00530149	0.00666517	0.0020211	0.230486	0.0287866	0.025238	0.000212728	0.00373678
38	0.198327	0.0279147	0.0383982	0.0234889	0.00706014	0.0825117	0.0370249	0.0238686	0.0146725	0.0706411	0.0136147	0.0533029	0.0164668	0.0254493	0.0134225	0.205465	0.0620524	0.0560294	0.00136882	0.0289204
39	0.169624	0.00715937	0.0467195	0.0717722	0.00673504	0.0575112	0.0283347	0.0110788	0.0502382	0.0714965	0.00898827	0.0974381	0.0126522	0.0735739	0.0150716	0.128204	0.118563	0.0184551	0.000768493	0.00561662
40	0.0363228	0.0137763	0.00489287	0.00943747	0.031974	0.00662406	0.00444173	0.219996	0.0222518	0.28047	0.0963616	0.0129231	0.00795638	0.0224877	0.0153709	0.0233989	0.0282026	0.149989	0.00236712	0.0107547
41	0.0332547	0.00882691	0.00195389	0.0033695	0.046421	0.00976118	0.00450512	0.266824	0.00630852	0.358731	0.0622303	0.0046654	0.00292993	0.00898891	0.00701628	0.00718316	0.0192627	0.134997	0.00321185	0.00955941
42	0.0573456	0.0329488	0.0969126	0.0550407	0.0072115	0.1481	0.00833703	0.00684552	0.0565208	0.0127088	0.00409632	0.138046	0.0169179	0.0305153	0.0219529	0.235974	0.0559493	0.00856076	0.000802667	0.00521325
43	0.0508183	0.00634082	0.154946	0.257908	0.0179396	0.0192994	0.058287	0.020468	0.0353265	0.0261514	0.0109328	0.063408	0.0141387	0.0848701	0.0324426	0.0530471	0.0460507	0.0205291	0.00223232	0.0248641
44	0.00949149	0.00309597	0.00167102	0.00142443	0.0236517	0.000979088	0.000995818	0.0649547	0.00566416	0.728488	0.067972	0.00209013	0.00531277	0.00559881	0.00130538	0.011383	0.0145771	0.0496383	0.000572757	0.00113354
45	0.030278	0.0110781	0.016446	0.0227082	0.00400978	0.0161764	0.0243053	0.0091079	0.343427	0.0218494	0.0156961	0.0343803	0.00936084	0.0890461	0.266839	0.0313186	0.0311587	0.0138724	0.00186337	0.00707827
46	0.284865	0.0380582	0.0198608	0.0192153	0.00773118	0.0541556	0.00779965	0.0419621	0.0162869	0.0399509	0.0137568	0.0250182	0.0148521	0.0225862	0.0126744	0.18221	0.125697	0.0643807	0.000850098	0.00808846
47	0.174825	0.0223348	0.034714	0.0241799	0.0067675	0.0751364	0.0160229	0.0628167	0.018762	0.0486949	0.0148841	0.0512638	0.0307914	0.0252858	0.0168163	0.173409	0.111951	0.0795254	0.000725734	0.0110931
48	0.0504031	0.00477554	0.0270507	0.0505283	0.0176741	0.0204598	0.0521552	0.0584003	0.0961932	0.120759	0.0671474	0.0543098	0.00607262	0.0819054	0.0523761	0.0938734	0.0799454	0.0554066	0.00058818	0.009976
49	0.0166524	0.00521575	0.00397684	0.00549902	0.027236	0.00408482	0.00320013	0.0653976	0.00989306	0.666896	0.0632099	0.00478955	0.0164223	0.00821139	0.00517122	0.019072	0.0194665	0.0509385	0.00135387	0.00331288
50	0.157614	0.0209331	0.0340976	0.0161794	0.0126888	0.0535758	0.00645459	0.0213313	0.0143961	0.0259691	0.00795625	0.0242406	0.0138306	0.0285162	0.00992438	0.2465	0.234821	0.0586677	0.00163615	0.0106669
51	0.0922948	0.019252	0.0378075	0.0545896	0.0113802	0.0411305	0.0200529	0.0412691	0.0349826	0.0522149	0.0154227	0.0343593	0.242037	0.0436025	0.0323037	0.113476	0.0618258	0.038134	0.00273199	0.0111324
52	0.0343956	0.0132915	0.0153617	0.0229491	0.00436022	0.0122972	0.0302476	0.0109078	0.284942	0.0251198	0.0179156	0.0388298	0.0102032	0.110361	0.27224	0.0360589	0.0365188	0.0146234	0.0022916	0.00708525
53	0.0721859	0.0316758	0.0363212	0.0537409	0.0312318	0.0577366	0.0265178	0.0194131	0.0568252	0.0496589	0.0130256	0.170123	0.00926892	0.0287426	0.0189449	0.180445	0.0641114	0.0244705	0.00242154	0.0531391
54	0.0114027	0.0160923	0.00489581	0.0037246	0.356546	0.00223022	0.0234442	0.0127909	0.00315719	0.0848284	0.00748173	0.0149775	0.00136	0.00818598	0.00873499	0.0181086	0.00576138	0.0175939	0.0252464	0.373437
55	0.0111981	0.0156952	0.00486329	0.00334384	0.35738	0.00218431	0.0237679	0.013456	0.0029193	0.0858449	0.00757811	0.0147707	0.00118804	0.00790504	0.00818576	0.0176652	0.00542048	0.0178674	0.0252274	0.373539
56	0.0464027	0.000991602	0.224128	0.365279	0.0067741	0.0114953	0.0257356	0.0159427	0.0247862	0.00679482	0.00579821	0.0354807	0.0128348	0.0932845	0.0306874	0.0372205	0.0370996	0.0127993	0.00068721	0.00577774
57	0.0141774	0.00458444	0.00242437	0.00288136	0.0252842	0.00242096	0.00199458	0.088287	0.00638979	0.667755	0.0649237	0.00302019	0.00553504	0.0073826	0.00297357	0.012795	0.0158188	0.0675377	0.00114939	0.0026651
58	0.0580387	0.0830017	0.0084285	0.0131139	0.177104	0.0121112	0.00971103	0.0141192	0.0123465	0.0682214	0.0806699	0.0152126	0.00743536	0.068583	0.0102761	0.172725	0.158786	0.0177397	0.00216786	0.0102083
59	0.0444849	0.00569888	0.174149	0.077336	0.0194066	0.0244208	0.108919	0.0117885	0.0154625	0.0246326	0.00500473	0.269681	0.00492758	0.0150269	0.0159557	0.041948	0.0528117	0.0458262	0.0013996	0.0411191
60	0.0572027	0.00715095	0.131597	0.256204	0.00962625	0.0119804	0.0317763	0.0387366	0.0198377	0.025981	0.0155893	0.0335198	0.00883881	0.189985	0.0205708	0.0380626	0.0296051	0.0359458	0.00328779	0.0345029
61	0.00825058	0.00290054	0.00161268	0.00123246	0.0238092	0.0006328	0.000927911	0.056933	0.00546439	0.745122	0.0676179	0.00175562	0.00531459	0.00534238	0.000945818	0.0114034	0.0145003	0.0448703	0.000460252	0.000903835
62	0.0360187	0.0325082	0.0110561	0.0158657	0.00635619	0.0201951	0.0335689	0.0148399	0.188108	0.0316152	0.0213516	0.0283916	0.0280416	0.1424	0.254689	0.0498005	0.0559883	0.0177721	0.00244011	0.00899292
63	0.0485044	0.0400691	0.00754983	0.0217626	0.0657218	0.008256	0.174609	0.0291851	0.0407277	0.0321702	0.00507393	0.0422379	0.0162703	0.0666918	0.0813813	0.0536173	0.0491503	0.0141861	0.0139948	0.188841
64	0.00818222	0.00282891	0.00161093	0.00122334	0.0227436	0.000608729	0.000913454	0.0565399	0.00536182	0.747525	0.0676514	0.0017679	0.0052722	0.00532184	0.000926661	0.0113089	0.014209	0.0448501	0.000464545	0.000689803
65	0.0427846	0.0027354	0.172888	0.296859	0.0247073	0.0193616	0.0237435	0.0264581	0.0355737	0.0240278	0.0140434	0.0571277	0.0105809	0.0712242	0.0352926	0.0709654	0.0377198	0.0245142	0.00107753	0.00831523
66	0.0485863	0.0177787	0.0171684	0.0430324	0.013459	0.00870483	0.0139867	0.16378	0.0451253	0.121245	0.0687645	0.0314225	0.00157909	0.0507925	0.0344995	0.0749841	0.0834312	0.147172	0.000317354	0.0141708
67	0.0164265	0.0137418	0.00453577	0.00596305	0.303133	0.00393177	0.0741547	0.0142794	0.00474465	0.0695431	0.00519292	0.0186426	0.00429266	0.0207974	0.0225602	0.0223573	0.0133248	0.0201296	0.0189685	0.34328
68	0.0158527	0.0177146	0.00111718	0.00306476	0.289556	0.0052998	0.00307978	0.139604	0.0132174	0.333678	0.0367856	0.00376848	0.00188037	0.00551615	0.0047105	0.00882506	0.0187172	0.0484715	0.00374694	0.0453947
69	0.0370235	0.0206771	0.0166052	0.0453888	0.0214476	0.00947025	0.0120331	0.145165	0.0581965	0.145134	0.070455	0.0213381	0.00193478	0.0532103	0.0446317	0.065316	0.0693619	0.1376	0.00165986	0.0233506
70	0.03744	0.00061052	0.342995	0.376688	0.00281252	0.0261242	0.00343808	0.0118558	0.026474	0.0114312	0.00175525	0.052798	0.00212685	0.0373031	0.00494379	0.030325	0.0107227	0.0165172	0.000652577	0.00298635
71	0.0887814	0.0478137	0.0207962	0.0178162	0.0234644	0.0227481	0.0420603	0.0278261	0.208984	0.0279352	0.00691071	0.0138365	0.0083389	0.0314323	0.175105	0.022513	0.0874281	0.0428313	0.00150083	0.0818778
72	0.0809008	0.0209107	0.0131559	0.0343656	0.0083796	0.024026	0.0108248	0.0208526	0.101868	0.0621468	0.00917417	0.0289571	0.0883868	0.0346895	0.0791637	0.185938	0.127077	0.030237	0.00460062	0.0343455
73	0.0433667	0.0159507	0.00462063	0.00993635	0.0232821	0.00587627	0.00488767	0.167742	0.0312748	0.215145	0.12226	0.028263	0.0217516	0.0213813	0.014622	0.0323233	0.0331143	0.187512	0.00166429	0.015026
74	0.176329	0.0285355	0.0126199	0.0217487	0.00383444	0.0377645	0.00529816	0.105606	0.0134355	0.0672572	0.0233754	0.0283659	0.0304028	0.0225139	0.0169346	0.116034	0.149548	0.132163	0.000305185	0.007929
75	0.0374515	0.000636886	0.324598	0.383865	0.00359633	0.0245067	0.0052819	0.0125549	0.0254403	0.0116958	0.00216891	0.0498962	0.0028647	0.0440783	0.00712155	0.0302738	0.0122862	0.0172676	0.000705557	0.00370973
76	0.0135628	0.00386044	0.0017186	0.00179341	0.0248332	0.00216721	0.0016211	0.100272	0.00586578	0.66478	0.0681013	0.00278717	0.00494052	0.00656835	0.00217357	0.0107636	0.0153117	0.0657097	0.00112054	0.00204888
77	0.0215173	0.0173447	0.0102556	0.013173	0.290291	0.00589536	0.0431829	0.0225226	0.0108124	0.0818777	0.00973079	0.0222816	0.00374167	0.0180434	0.018233	0.0258424	0.0152362	0.0235954	0.0213619	0.325061
78	0.0425979	0.0010699	0.248183	0.369515	0.0052566	0.0157665	0.0194243	0.0144297	0.0259124	0.00934191	0.00605941	0.0410445	0.00930374	0.0863868	0.0221433	0.0342236	0.0287605	0.0139094	0.000587275	0.00608457
79	0.0624705	0.0551568	0.0108723	0.0410251	0.0928839	0.0121655	0.04652	0.0943183	0.0264377	0.127476	0.0370574	0.02075	0.00650497	0.0495251	0.0600235	0.0768315	0.0318562	0.0793752	0.0156534	0.0530966
80	0.0473568	0.0138927	0.00271093	0.00591729	0.0154251	0.00636777	0.00332512	0.336534	0.00532116	0.127765	0.0319609	0.0043843	0.00434057	0.00435348	0.00438657	0.0186568	0.0312657	0.331994	0.000376957	0.00366405
81	0.0732332	0.0171804	0.0390342	0.0660841	0.0183464	0.0275602	0.0335476	0.0990977	0.0497889	0.0962295	0.0396897	0.0389431	0.0162868	0.116103	0.0459701	0.0660563	0.056527	0.0750988	0.00338094	0.0218416
82	0.0342141	0.0231193	0.00869329	0.0262484	0.174669	0.00662584	0.120931	0.0251371	0.0148104	0.0634259	0.00843681	0.0197319	0.00650512	0.0388313	0.0447917	0.0497594	0.0201186	0.0159823	0.0375592	0.260409
83	0.21894	0.0600712	0.01188	0.0176862	0.0107094	0.058563	0.0165621	0.0627122	0.0135907	0.0478316	0.017861	0.0643865	0.0159876	0.0226601	0.0120335	0.163226	0.0789064	0.0773259	0.00192369	0.0271423
84	0.175144	0.022773	0.0294266	0.0285506	0.00608222	0.138669	0.0345476	0.0289778	0.0263585	0.0447087	0.0124763	0.0604389	0.054039	0.0330892	0.0179827	0.15644	0.0709459	0.03642	0.00119558	0.0217342
85	0.0636802	0.0310252	0.0195615	0.0272128	0.0511513	0.013909	0.138044	0.0229595	0.05311	0.0303457	0.00634007	0.0829458	0.0105005	0.0508016	0.101298	0.0480222	0.0584877	0.0207476	0.0100684	0.159788
86	0.0371675	0.0103434	0.00149692	0.00276917	0.0141917	0.00392087	0.00233978	0.370112	0.00235338	0.119143	0.02701	0.000813648	0.00334767	0.000800748	0.00202205	0.00824088	0.0224774	0.368797	0.000199575	0.00245404
87	0.0355537	0.0104914	0.00139654	0.00250311	0.0139694	0.00409876	0.00238346	0.376398	0.0021733	0.123522	0.027772	0.000751439	0.00325064	0.00074118	0.00202507	0.00798425	0.0220696	0.360235	0.000226445	0.00245499
88	0.108946	0.0199925	0.0328428	0.0422066	0.0090979	0.0452698	0.017323	0.0368031	0.0348242	0.0402622	0.0124022	0.0345457	0.231773	0.0393564	0.0275309	0.14818	0.0651324	0.0403131	0.00302952	0.0101679
89	0.0372754	0.0165776	0.0160658	0.0265918	0.0087246	0.0128167	0.0323693	0.014471	0.240612	0.0286476	0.0183806	0.0399276	0.0125893	0.10873	0.272407	0.0399916	0.0412473	0.0178779	0.00257519	0.0121219
90	0.0127785	0.0043714	0.00318921	0.0036023	0.0286315	0.00213974	0.00298274	0.0704202	0.0121101	0.67499	0.0697219	0.00437594	0.00564447	0.00945099	0.00458216	0.015045	0.0182863	0.053876	0.000806666	0.00299451
91	0.0118134	0.0149853	0.0047832	0.00386389	0.351468	0.00238157	0.0285744	0.0141915	0.00293869	0.0868092	0.00729957	0.0149056	0.00154605	0.00930747	0.00895369	0.0180802	0.00630449	0.0177742	0.0242729	0.369747
92	0.0112662	0.00394501	0.00197495	0.00238947	0.0256869	0.0013959	0.00163379	0.0711015	0.00731081	0.699514	0.069324	0.00305135	0.00573421	0.00696479	0.00221553	0.0135634	0.0167488	0.0532119	0.000709991	0.00225817
93	0.0155983	0.00562243	0.00315297	0.00478486	0.0224025	0.00260624	0.00329071	0.0880829	0.0133817	0.609781	0.0836894	0.00616266	0.00687221	0.0158932	0.00630906	0.0163762	0.0193896	0.0721057	0.000888389	0.00361033
94	0.0357272	0.0180807	0.00189297	0.00325479	0.0136319	0.00423051	0.00275301	0.368462	0.00269606	0.116628	0.0266927	0.00129053	0.00333095	0.00181815	0.00248783	0.00973845	0.0232609	0.361047	0.000238594	0.00273817
95	0.233254	0.102874	0.00672741	0.0137167	0.0090679	0.0518732	0.00468486	0.0735724	0.00781923	0.0554085	0.0230102	0.0171277	0.0127828	0.0124985	0.010593	0.132099	0.119557	0.0998584	0.000946645	0.0125287
96	0.0455135	0.0107221	0.00181614	0.003736	0.0136395	0.00446676	0.00260843	0.341498	0.00424169	0.125394	0.0318334	0.00260339	0.00401909	0.00262237	0.00340656	0.0132922	0.0270206	0.358607	0.000264719	0.00269498
97	0.140518	0.0266323	0.0479147	0.0470084	0.0125577	0.157524	0.0220072	0.0357064	0.0509987	0.0456437	0.0157263	0.0631936	0.0233506	0.0354385	0.0315942	0.130672	0.0588071	0.041541	0.00171007	0.0114549
98	0.164757	0.038997	0.00874724	0.0166626	0.00791552	0.037242	0.00703708	0.126354	0.0150198	0.0730673	0.0288692	0.0256423	0.0153124	0.0247632	0.0278244	0.123364	0.120317	0.128784	0.000420915	0.0089037
99	0.139221	0.0251219	0.00878277	0.0160974	0.00716136	0.0258779	0.00837851	0.149527	0.01869	0.0928479	0.0344377	0.0310457	0.0114257	0.0208605	0.0184971	0.0908989	0.125284	0.167799	0.000352353	0.00769276
100	0.00993097	0.0150799	0.00481615	0.00162278	0.373124	0.00169713	0.0164839	0.00960793	0.00187402	0.0835595	0.00669612	0.0146455	0.000764798	0.00538322	0.00547346	0.0164546	0.00417412	0.0166583	0.0260626	0.385891
101	0.0357226	0.0103538	0.00140088	0.00252274	0.0142824	0.00413172	0.0023422	0.371267	0.00258992	0.131882	0.0309787	0.00113904	0.00343906	0.00136339	0.00241305	0.00822543	0.0219474	0.351043	0.000293229	0.00266199
102	0.0304274	0.00768794	0.0190444	0.0252434	0.00315012	0.0148394	0.022308	0.00716744	0.379431	0.0194722	0.0169471	0.0367638	0.0062619	0.0846502	0.252949	0.0265974	0.0266756	0.0124938	0.0019474	0.00594257
103	0.152138	0.0613714	0.008619	0.0135432	0.00777309	0.0277764	0.00745275	0.0434098	0.0214561	0.0606261	0.0149087	0.0437801	0.019474	0.0179589	0.0254069	0.210133	0.176893	0.0757296	0.00123731	0.0103127
104	0.0607492	0.00296903	0.0373257	0.058581	0.0172977	0.0392737	0.0481535	0.0225742	0.145604	0.0325606	0.0307575	0.106412	0.00827098	0.10129	0.094823	0.0925136	0.0673393	0.0254196	0.000770884	0.00731435
105	0.0854243	0.00897214	0.118508	0.199688	0.0169178	0.0245055	0.0146892	0.0206474	0.0225821	0.0372443	0.00620698	0.0291135	0.119277	0.0570254	0.0177357	0.12388	0.0634381	0.0257133	0.00198058	0.00645092
106	0.30397	0.0399576	0.00831933	0.010814	0.00615116	0.125387	0.0257166	0.0587497	0.00864481	0.0424963	0.014442	0.0648922	0.00707163	0.0336987	0.0122568	0.105721	0.0595207	0.0603555	0.000960499	0.0108744
107	0.145336	0.0143064	0.0697232	0.0726889	0.00558749	0.06986	0.0176388	0.0273129	0.0475499	0.0502436	0.00904381	0.0540449	0.101333	0.0498865	0.023183	0.135098	0.0752999	0.0257606	0.000677934	0.00542557
108	0.193189	0.0400757	0.0112914	0.0160384	0.00841501	0.0229652	0.0122065	0.0610473	0.0528699	0.0266532	0.0109378	0.0183357	0.0812856	0.0276641	0.137756	0.0799236	0.0642758	0.12196	0.00183705	0.0112726
109	0.0313639	0.017419	0.012943	0.0195191	0.00457155	0.0113333	0.0275634	0.010709	0.2917	0.0253317	0.0162878	0.0328882	0.0124877	0.0982187	0.290158	0.0339707	0.0380781	0.0156512	0.00201982	0.00778596
110	0.076959	0.0134562	0.19633	0.25304	0.0116332	0.0153209	0.016103	0.0275266	0.0197458	0.0356127	0.00674567	0.0306835	0.00965268	0.0564746	0.0112601	0.0909088	0.0213622	0.0639574	0.0171164	0.0261113
111	0.0356087	0.0105635	0.00140297	0.0025253	0.0140343	0.00393971	0.00232815	0.377023	0.00213747	0.120311	0.0273122	0.000727918	0.00327037	0.000686855	0.00201582	0.00804496	0.0222505	0.363113	0.000184594	0.00252059
112	0.0107085	0.00364662	0.00179443	0.00169953	0.022639	0.00167909	0.0012935	0.0657413	0.00603564	0.71631	0.070495	0.0027409	0.00528425	0.00636168	0.00204501	0.0128958	0.0152776	0.0512324	0.000704552	0.00141559
113	0.0284601	0.00730069	0.0191848	0.0270246	0.00294449	0.0162961	0.0202801	0.00675018	0.402796	0.0189919	0.0158583	0.0360956	0.00540899	0.0737813	0.248105	0.0245376	0.0263123	0.0120649	0.00178615	0.00602061
114	0.0412853	0.00102524	0.303378	0.357931	0.00385913	0.0231407	0.0113061	0.0124053	0.0269087	0.0101294	0.00323348	0.0546154	0.00620679	0.0540687	0.0132239	0.0372994	0.0209196	0.014517	0.000612546	0.00393409
115	0.00904148	0.0031623	0.00173349	0.00146213	0.0230926	0.000804147	0.00139641	0.0608989	0.00552942	0.735632	0.0682658	0.00195459	0.0052196	0.00578889	0.00139113	0.0115835	0.0143042	0.0471286	0.000584881	0.0010257
116	0.0548763	0.0134097	0.00387823	0.00726834	0.0208745	0.0130738	0.00417408	0.259892	0.00940272	0.228014	0.0512468	0.00858096	0.00539925	0.0123541	0.0089864	0.0263316	0.0415799	0.222219	0.0016239	0.0068141
117	0.0432156	0.000861379	0.263066	0.370021	0.00480543	0.0174287	0.0171328	0.0142419	0.0263976	0.00863742	0.00488309	0.0427654	0.009442	0.0748404	0.0207562	0.0349964	0.028429	0.0131872	0.000466269	0.00442651
118	0.104157	0.0583132	0.0142739	0.0313603	0.0524089	0.0294537	0.0441611	0.0858974	0.0257411	0.130092	0.0656926	0.0296912	0.011629	0.0387827	0.0290812	0.0734731	0.0501328	0.0813518	0.00831267	0.0359942
119	0.173429	0.120568	0.00558362	0.0128791	0.00919895	0.028325	0.00333051	0.0968069	0.00609217	0.0671691	0.030579	0.0144582	0.00940998	0.00960575	0.0091461	0.141744	0.124013	0.127621	0.000633339	0.00940723
120	0.0244896	0.010953	0.0131788	0.01825	0.00346214	0.0145449	0.0196449	0.00796228	0.407393	0.0178848	0.0122359	0.0264036	0.0116146	0.0685721	0.268596	0.0272497	0.0265645	0.0133053	0.00133825	0.00635616
121	0.494567	0.0494973	0.00307263	0.00242835	0.00502727	0.115281	0.00240525	0.0127951	0.00177813	0.0148574	0.00571366	0.00438424	0.00522486	0.00673299	0.00232373	0.214454	0.0281095	0.0265636	0.000288418	0.00449529
122	0.0396876	0.0108317	0.00214495	0.00513141	0.0139188	0.00416082	0.00255839	0.348154	0.0031529	0.113361	0.0258972	0.00232522	0.00364496	0.00166344	0.00273518	0.00976546	0.0260691	0.38194	0.000204553	0.00265355
123	0.0640062	0.0121637	0.0536979	0.0926988	0.016972	0.0234699	0.0447532	0.0327708	0.0983481	0.047374	0.0267212	0.0607873	0.0193759	0.139531	0.0919617	0.069909	0.0523716	0.0321375	0.00263629	0.0183139
124	0.0254994	0.0172789	0.00627585	0.0134248	0.00501039	0.00646843	0.533565	0.00628421	0.00816342	0.0191759	0.00369044	0.15833	0.0140412	0.0708385	0.00889161	0.0267094	0.0224415	0.0073744	0.00136571	0.0451705
125	0.0958992	0.0187619	0.0344075	0.0458703	0.0124252	0.0398633	0.0312223	0.0430197	0.0374764	0.0528026	0.0142493	0.0381627	0.226609	0.0441288	0.0352675	0.113261	0.0591796	0.0381542	0.00302239	0.0162171
126	0.00971736	0.00296088	0.00172543	0.00148074	0.0229447	0.000835719	0.00183618	0.0575509	0.00835516	0.720144	0.0678689	0.00287086	0.00757487	0.00518155	0.00121678	0.0160668	0.0221107	0.0474541	0.000838907	0.00126521
127	0.0326049	0.0132086	0.0152579	0.0214308	0.00489285	0.0130205	0.0291589	0.0103454	0.315444	0.0228468	0.0161501	0.0357655	0.0101189	0.0948406	0.271631	0.0332623	0.0344506	0.0145084	0.00214925	0.00891308
128	0.151878	0.0264717	0.0425011	0.048061	0.0140584	0.154626	0.01823	0.0355736	0.0546251	0.0465069	0.0159162	0.061634	0.0202123	0.038904	0.0337046	0.124185	0.0607363	0.0392662	0.00150957	0.0114002
129	0.013793	0.00449904	0.00232337	0.00262117	0.0308533	0.00243946	0.00184158	0.0651829	0.00751971	0.697427	0.0662226	0.00409009	0.0051384	0.00723226	0.00260571	0.014483	0.016525	0.0503111	0.00082276	0.0040682
130	0.0213766	0.0179673	0.0058898	0.0146986	0.265514	0.0048445	0.0831557	0.0169085	0.00772299	0.070731	0.00722202	0.0190295	0.0048015	0.0264077	0.0268333	0.0287371	0.0153308	0.0176774	0.0221533	0.322998
131	0.0119183	0.00731664	0.00184552	0.0023754	0.0835375	0.0025368	0.00277592	0.0819633	0.00818535	0.6279	0.0587745	0.00314526	0.00460178	0.00604422	0.00245044	0.0113258	0.015199	0.0484042	0.00172355	0.0179762
132	0.206087	0.0915468	0.00536113	0.012633	0.00677516	0.0344332	0.00274771	0.0816996	0.00454134	0.0851005	0.0367973	0.0138714	0.01153	0.0106312	0.00903105	0.137048	0.120705	0.118359	0.000506456	0.0105951
133	0.0420293	0.0123909	0.0285914	0.0560447	0.0176531	0.0151882	0.0231688	0.115974	0.0692596	0.117392	0.0642338	0.0368566	0.00448764	0.0744263	0.0430438	0.0738621	0.0783875	0.106188	0.000702486	0.0201191
134	0.079287	0.0364028	0.00675546	0.0157258	0.0114104	0.00909689	0.00614147	0.181433	0.019209	0.116538	0.06711	0.0209346	0.00329232	0.0170496	0.0203258	0.0997828	0.0961089	0.187027	0.000352115	0.00601661
135	0.192011	0.0908432	0.00542676	0.0120446	0.00664479	0.0304525	0.00263391	0.0883391	0.00464792	0.0774281	0.0339236	0.0150926	0.0121484	0.0105113	0.00933092	0.139551	0.135679	0.123821	0.000379097	0.00909126
136	0.0132857	0.00185988	0.0165016	0.0210279	0.00114447	0.0213583	0.00529472	0.00212526	0.602615	0.00782775	0.00652717	0.0167946	0.00308737	0.0170506	0.228436	0.0121771	0.00883441	0.00877405	0.000234083	0.00504399
137	0.0479163	0.00828138	0.200421	0.102425	0.00710253	0.085632	0.00628223	0.00408775	0.0362645	0.0107169	0.00283252	0.208561	0.00908867	0.0302063	0.0145449	0.169584	0.0469454	0.00615318	0.000640567	0.00231391
138	0.0349183	0.0168052	0.0140169	0.0363486	0.0215358	0.00735911	0.0109461	0.162299	0.0517886	0.178135	0.0786359	0.0225619	0.00399009	0.052693	0.041034	0.0527144	0.0536807	0.136116	0.0018684	0.0225531
139	0.0174105	0.00577886	0.00220712	0.00263837	0.0328585	0.0033489	0.00246609	0.107802	0.00680917	0.626953	0.0640084	0.00366613	0.00501172	0.00728603	0.00320715	0.0135254	0.0186559	0.0708442	0.00114781	0.00437454
140	0.0582848	0.0123871	0.0164711	0.0216065	0.0187316	0.0194888	0.00936906	0.0633082	0.0230641	0.343238	0.0423855	0.0202824	0.117475	0.0211489	0.0140519	0.065109	0.0623882	0.0593519	0.00307403	0.00878416
141	0.0566172	0.00519311	0.180864	0.189813	0.00780618	0.042207	0.0237439	0.0130401	0.0484608	0.0152742	0.00987714	0.11055	0.0174067	0.0679508	0.0373487	0.10002	0.0557977	0.0117703	0.000633619	0.00562621
142	0.130544	0.0142428	0.0205443	0.0234022	0.0104398	0.0363584	0.00944318	0.138725	0.0258822	0.0691113	0.018228	0.037913	0.011996	0.019194	0.0175622	0.0976083	0.173555	0.132229	0.000550852	0.0124699
143	0.130247	0.0264214	0.072338	0.0494544	0.00379018	0.110724	0.0240461	0.0385359	0.026315	0.0543679	0.0150902	0.0468631	0.127735	0.0329656	0.029549	0.112468	0.053843	0.0380119	0.000714182	0.00652047
144	0.0620248	0.00899107	0.183244	0.0951591	0.0118029	0.021023	0.0680901	0.0333767	0.0202166	0.0464246	0.00789965	0.0883522	0.013535	0.0271915	0.0124322	0.14968	0.0494103	0.0635166	0.0043044	0.0333249
145	0.0504676	0.00998103	0.16353	0.0928525	0.00765794	0.124572	0.00806537	0.00385318	0.0378133	0.0106356	0.00307892	0.201169	0.0103027	0.0287474	0.015101	0.175464	0.046975	0.00612352	0.000463882	0.00314611
146	0.0229036	0.0211383	0.0598265	0.0454985	0.00340347	0.0260206	0.0125104	0.0270423	0.0194597	0.00778994	0.00479493	0.164079	0.0125682	0.00655069	0.00415874	0.15908	0.375607	0.00741629	0.0165459	0.00360556
147	0.0370472	0.0110477	0.0023964	0.00396725	0.0140666	0.00409364	0.00305508	0.361849	0.00365084	0.12517	0.0305853	0.0021683	0.00316273	0.00225193	0.00319935	0.0111671	0.0258542	0.352126	0.000306036	0.00283549
148	0.0604598	0.00205408	0.0458127	0.063915	0.0220164	0.0324846	0.0512741	0.0433601	0.099955	0.0493839	0.0450288	0.0905761	0.00755246	0.0878757	0.0592531	0.111635	0.0782186	0.0392808	0.000163276	0.00970038
149	0.0430111	0.00683231	0.182906	0.0865777	0.018286	0.0248281	0.101088	0.0161278	0.022357	0.0278512	0.00772132	0.225114	0.00632643	0.023697	0.017793	0.0546086	0.0462521	0.0494922	0.00160246	0.0375274
150	0.548061	0.0428364	0.00321023	0.00123748	0.00458407	0.0643601	0.000942952	0.0111941	0.00125913	0.0121753	0.00478142	0.00156391	0.00524103	0.00654812	0.0019206	0.232706	0.0288253	0.0247042	0.000209105	0.00363954
151	0.0356537	0.0105874	0.00140337	0.00253056	0.0140105	0.0039195	0.0023256	0.376965	0.00214461	0.119959	0.0272739	0.000728785	0.00327469	0.000683365	0.0020142	0.00804786	0.0222458	0.363547	0.000171424	0.00251255
152	0.0399788	0.000616473	0.326994	0.37039	0.00308425	0.0238521	0.00697568	0.0122124	0.0270401	0.0101358	0.00247675	0.0508471	0.00387126	0.0464802	0.00904123	0.0319652	0.015248	0.0149623	0.000578991	0.00324944
153	0.0227799	0.0168667	0.0019501	0.0057391	0.232271	0.00633698	0.0046679	0.173129	0.0131469	0.286304	0.0404673	0.00597132	0.00242038	0.00780116	0.00681236	0.0138508	0.0230186	0.0877157	0.0040464	0.0447047
154	0.0344181	0.00978833	0.00142911	0.00241913	0.0144731	0.004882	0.00279216	0.3704	0.00249518	0.157723	0.0338716	0.00112287	0.00289895	0.00179697	0.00243473	0.00766705	0.0216464	0.32411	0.000769981	0.00286177
155	0.00831768	0.0029079	0.00164397	0.00127286	0.0225244	0.00069608	0.00097941	0.0599134	0.00533425	0.741408	0.0684014	0.00177836	0.00524249	0.0057398	0.00110237	0.0112894	0.0141956	0.0460481	0.000459828	0.000744739
156	0.0592591	0.0107	0.0201266	0.0396245	0.014619	0.0176658	0.0425636	0.0976755	0.0577213	0.113945	0.0585052	0.0491987	0.00459326	0.0786132	0.0429796	0.0762584	0.102372	0.102001	0.000772859	0.0108058
157	0.0597477	0.0112043	0.096023	0.0835744	0.0189982	0.0452165	0.0380155	0.0240797	0.0639643	0.0378424	0.0151643	0.156987	0.00957643	0.0626883	0.046914	0.112274	0.0685802	0.0259036	0.00263211	0.020614
158	0.0135241	0.0119797	0.00155436	0.00252688	0.192015	0.00386473	0.00324179	0.106125	0.00992772	0.477337	0.0467057	0.0034876	0.00338667	0.00553512	0.0036791	0.0100685	0.0170002	0.0474654	0.00315107	0.0374248
159	0.166382	0.0293865	0.0107054	0.0135254	0.0250945	0.0593434	0.00845576	0.114227	0.0132085	0.0358151	0.0317425	0.0220228	0.0120683	0.0176968	0.030432	0.207051	0.114713	0.0588701	0.00149936	0.02776
160	0.0450254	0.00219578	0.256114	0.356627	0.00762728	0.0207235	0.0137791	0.0174782	0.0294456	0.0155073	0.00527747	0.0470954	0.00947074	0.0616433	0.0186395	0.0405988	0.0263157	0.0190621	0.00133525	0.00603906
161	0.15746	0.0398924	0.0161231	0.023175	0.0155814	0.0320892	0.0122077	0.0778095	0.021746	0.0648231	0.0454914	0.0307957	0.0168466	0.0303661	0.0180235	0.136778	0.150101	0.0989312	0.00081799	0.0109416
162	0.141427	0.0192374	0.0324326	0.0400908	0.0100813	0.051925	0.0264904	0.0384932	0.0392383	0.0687071	0.0182704	0.100565	0.0157192	0.0450533	0.0277951	0.147746	0.109152	0.0549124	0.00156943	0.0110939
163	0.0185674	0.00381441	0.0177177	0.0226404	0.0017499	0.0194931	0.0105997	0.00358112	0.528474	0.0114153	0.00917902	0.0224869	0.00367262	0.0383355	0.241476	0.0157424	0.0144208	0.0103215	0.000756715	0.0055549
164	0.0112965	0.00453226	0.00206109	0.00245866	0.0329622	0.00193761	0.00254734	0.0696163	0.00642037	0.698921	0.0654368	0.00372698	0.00551357	0.00657311	0.0022138	0.0129416	0.0165693	0.0502993	0.000662848	0.00330944
165	0.0468549	0.0229568	0.0446947	0.0471561	0.0191175	0.0290816	0.0311589	0.030856	0.0320707	0.028265	0.0110987	0.136064	0.0186521	0.0254948	0.0219812	0.127338	0.248503	0.0218826	0.032431	0.0243422
166	0.0403911	0.0121671	0.00240163	0.00471288	0.0142962	0.00428525	0.00314244	0.352123	0.00455217	0.117682	0.0305451	0.00357239	0.0032955	0.00367473	0.0046466	0.017945	0.0295925	0.347376	0.000320938	0.00327693
167	0.0416602	0.0158973	0.0182291	0.0276026	0.011397	0.0155607	0.03199	0.0177897	0.248743	0.031132	0.0173551	0.0365987	0.0127673	0.0899548	0.259086	0.0432299	0.0414813	0.0200145	0.0023146	0.0171957
168	0.0307331	0.00707625	0.00205707	0.00269034	0.0252186	0.00831865	0.00444471	0.262075	0.00736212	0.388521	0.0819515	0.00552146	0.00407335	0.0110557	0.00721426	0.00705873	0.0180215	0.117429	0.00350962	0.00566822
169	0.101164	0.0167103	0.0194605	0.053344	0.0131468	0.0298738	0.178169	0.0161653	0.0465018	0.0336578	0.0135579	0.122071	0.0104363	0.124274	0.0420392	0.0703373	0.0492652	0.0236674	0.00235721	0.0338012
170	0.0330745	0.0179017	0.00653907	0.0144446	0.0218269	0.00670415	0.47616	0.00952957	0.0106823	0.0213948	0.00348904	0.128818	0.0124492	0.0650304	0.0189989	0.0281127	0.0239427	0.00850561	0.00359241	0.0888029
171	0.0423116	0.0114246	0.0163872	0.0240772	0.0218152	0.0227551	0.0146245	0.150811	0.0340559	0.231164	0.0868658	0.0335363	0.00718981	0.0660194	0.0247889	0.0430678	0.0387919	0.11407	0.00241497	0.0138279
172	0.140292	0.0254563	0.0308284	0.0353974	0.00519744	0.077809	0.017274	0.0737088	0.0424205	0.0433747	0.0153384	0.0365451	0.0998201	0.0380679	0.033418	0.127899	0.0735096	0.0729413	0.000831367	0.00987078
173	0.113036	0.0256089	0.0276135	0.0226851	0.00602623	0.0864408	0.0516293	0.0576639	0.0323372	0.031708	0.0253115	0.0352753	0.181587	0.0604378	0.0381502	0.12257	0.0397565	0.0322427	0.00128146	0.00863842
174	0.176237	0.0164637	0.0529273	0.00989321	0.0126863	0.0558437	0.00620351	0.0176793	0.0093202	0.0184635	0.00588286	0.0148672	0.0128838	0.0172907	0.00797487	0.248178	0.227688	0.0787565	0.00121612	0.00954369
175	0.0362662	0.0128061	0.0168676	0.0257643	0.00448296	0.0122294	0.0319696	0.0103196	0.262642	0.0256821	0.0190806	0.0456172	0.010193	0.118275	0.267063	0.0373422	0.0386727	0.0145248	0.00342424	0.00677709
176	0.0365399	0.000785955	0.329006	0.377189	0.00412788	0.0242772	0.00476606	0.0144759	0.0248047	0.0143213	0.00190132	0.0499467	0.00386534	0.0399221	0.00634544	0.031765	0.0117601	0.0200306	0.000761531	0.0034088
177	0.0132857	0.00185988	0.0165016	0.0210279	0.00114447	0.0213583	0.00529472	0.00212526	0.602615	0.00782775	0.00652717	0.0167946	0.00308737	0.0170506	0.228436	0.0121771	0.00883441	0.00877405	0.000234083	0.00504399
178	0.0526268	0.000923214	0.224196	0.326521	0.00348612	0.0114853	0.0316285	0.0142902	0.031117	0.00310942	0.00702668	0.0382046	0.0173741	0.101172	0.0364188	0.0388738	0.0493263	0.00611873	0.000278974	0.00582274
179	0.0194567	0.00518743	0.0173947	0.0212096	0.00192131	0.0176699	0.0132215	0.00451963	0.501945	0.0125361	0.00982452	0.0229653	0.0051167	0.045227	0.249301	0.0178659	0.0172334	0.0111941	0.000828495	0.0053809
180	0.0349684	0.0161732	0.0141758	0.0212806	0.00635891	0.0117523	0.0346297	0.0180088	0.232336	0.0325244	0.0208138	0.0368879	0.0126402	0.115513	0.277474	0.0417451	0.0426236	0.0189652	0.00228299	0.00884568
181	0.0556619	0.0038062	0.239347	0.324756	0.00790588	0.0347589	0.0111716	0.019143	0.0308484	0.0267074	0.00669168	0.0490088	0.0113421	0.0553176	0.0141642	0.0503534	0.0246468	0.0278484	0.00114153	0.00537923
182	0.0170214	0.00193631	0.0194167	0.0251121	0.00134026	0.0224949	0.0078408	0.00240816	0.558995	0.00921913	0.008415	0.0221948	0.00201175	0.0286478	0.232793	0.0130302	0.0116634	0.00955728	0.000539285	0.0053619
183	0.0462855	0.0018291	0.261095	0.330833	0.00637235	0.0250557	0.0148314	0.0138692	0.0288305	0.0127393	0.00457992	0.0578003	0.0112689	0.0587284	0.0176356	0.0560987	0.0295412	0.0165131	0.00101211	0.00507985
184	0.0386974	0.0116601	0.0258748	0.0411975	0.00557643	0.014711	0.0311307	0.0128431	0.259236	0.0261694	0.019175	0.0454132	0.00973453	0.110143	0.242394	0.0392026	0.0400035	0.0162975	0.00231983	0.00822106
185	0.0657219	0.00288135	0.0354841	0.0557066	0.0182151	0.0348929	0.0466083	0.0334946	0.0840725	0.0722459	0.0471137	0.106072	0.00580334	0.0891939	0.0720408	0.113564	0.0694759	0.0396535	0.000313043	0.00744731
186	0.045637	0.00114603	0.226047	0.357157	0.00522624	0.0129674	0.0250307	0.0152738	0.0243466	0.00720304	0.0069786	0.0389849	0.0119089	0.106409	0.0261871	0.0348776	0.0346943	0.0116942	0.000584032	0.00764743
187	0.0145945	0.00471874	0.00199349	0.00209969	0.0250244	0.00196478	0.0016773	0.0892836	0.00629932	0.666456	0.065124	0.00330047	0.0052963	0.00618744	0.00240402	0.0121829	0.016619	0.0710603	0.000760137	0.00295317
188	0.0329358	0.0197775	0.0115449	0.0168438	0.00507911	0.00999622	0.029448	0.0115344	0.254221	0.0270083	0.017	0.0318613	0.0149744	0.109046	0.306178	0.0373788	0.0396388	0.0158056	0.00206064	0.00766804
189	0.0352989	0.00963437	0.0192709	0.0154484	0.0169719	0.0102011	0.00552511	0.208112	0.0220192	0.275335	0.0808152	0.013745	0.00526486	0.0449337	0.0173053	0.0252345	0.0276024	0.152904	0.00279492	0.0115832
190	0.0276679	0.00816692	0.00361295	0.0061267	0.0235087	0.00462602	0.00368514	0.102919	0.0095739	0.568044	0.0613523	0.00814003	0.00612117	0.0111033	0.00575064	0.0248728	0.0310193	0.0884738	0.000861797	0.00437407
191	0.0408381	0.0119515	0.0022868	0.00462171	0.0153456	0.00467778	0.00287066	0.343816	0.00487018	0.128989	0.0323211	0.00337392	0.003995	0.00394511	0.00421995	0.0149728	0.0282396	0.344724	0.000449059	0.003491
192	0.324713	0.0349851	0.023706	0.0195494	0.00617738	0.148486	0.00800054	0.0170557	0.0157198	0.0206246	0.00742549	0.0295524	0.014779	0.0163621	0.00886036	0.215959	0.0505676	0.0300983	0.000796734	0.00658162
193	0.0593594	0.00478442	0.0381864	0.0620708	0.0169937	0.0355674	0.0420538	0.0303297	0.135634	0.0402517	0.0369047	0.0857135	0.0110254	0.0885503	0.0870291	0.104754	0.0792514	0.0313262	0.00102329	0.00919089
194	0.0768728	0.0203658	0.0435875	0.0455192	0.0118859	0.0336515	0.0242301	0.0764496	0.0384521	0.0480704	0.0257242	0.109763	0.0175646	0.0375401	0.0284568	0.131927	0.153316	0.061167	0.00381792	0.011639
