646	20
1	0.191136	0.0140941	0.0164213	0.0170765	0.00350605	0.176987	0.00299455	0.00898024	0.0305368	0.0216513	0.0113291	0.0407826	0.022698	0.0256675	0.0246219	0.268018	0.0851583	0.0296953	0.00374838	0.00489694
2	0.166296	0.0105529	0.0130873	0.0202237	0.0422046	0.129185	0.0138901	0.0125574	0.020264	0.0242192	0.0145137	0.0810218	0.134183	0.0770269	0.0186333	0.128882	0.0560103	0.0247208	0.0029428	0.00958479
3	0.0238115	0.0140606	0.000609968	0.00413665	0.055413	0.00389103	0.00617624	0.234198	0.00593472	0.29454	0.0595322	0.00389842	0.000650827	0.00796427	0.00293125	0.0151523	0.0259053	0.204075	0.00199136	0.0351265
4	0.00923233	0.00380145	0.0030903	0.00136808	0.0192263	0.00153368	0.00175553	0.265989	0.00209006	0.489566	0.0912485	0.0060051	0.000499283	0.0039619	0.00147112	0.00603638	0.0068239	0.0782079	0.000395695	0.00769725
5	0.465791	0.0214284	0.00386486	0.00831702	0.00416386	0.0630329	0.00411533	0.00690695	0.0112893	0.0193805	0.00609787	0.0198909	0.00952297	0.0216978	0.0178038	0.234549	0.0562429	0.021441	0.00124873	0.00321434
6	0.0355642	0.00586066	0.00260442	0.00798144	0.0107688	0.0128587	0.00825898	0.0560192	0.0180443	0.399843	0.132092	0.0371708	0.0156299	0.058518	0.0384536	0.0459186	0.0461474	0.0545874	0.0011759	0.0125027
7	0.0293651	0.0122603	0.0442762	0.0459603	0.0331648	0.0108323	0.0139315	0.0839715	0.0191153	0.395321	0.0865359	0.0327618	0.006802	0.0222934	0.0171184	0.0335921	0.0353766	0.0529131	0.00284197	0.0215668
8	0.0648129	0.00445225	0.132176	0.214844	0.00629626	0.0442276	0.0292843	0.0033264	0.0833928	0.0191443	0.00790072	0.0707701	0.00853732	0.100201	0.041246	0.0761487	0.0606406	0.019455	0.00169049	0.0114528
9	0.0680078	0.00435354	0.177719	0.219678	0.00370638	0.0572288	0.0188816	0.00591909	0.0666912	0.0181395	0.008309	0.0708563	0.010223	0.0776617	0.0397715	0.0860693	0.0413513	0.0165933	0.00223829	0.00660103
10	0.0203693	0.0143814	0.00219481	0.014123	0.181109	0.0047031	0.114283	0.0367026	0.0108999	0.0794566	0.00988159	0.0251553	0.00373475	0.0227636	0.0115268	0.0262987	0.0296535	0.0536057	0.0235331	0.315624
11	0.451696	0.0207086	0.00674395	0.0102392	0.00469693	0.0789764	0.00677412	0.0398414	0.0116986	0.0177394	0.00860388	0.0147896	0.00981056	0.0174916	0.00925594	0.165	0.0620302	0.0594211	0.00117331	0.00330941
12	0.0125197	0.00500162	0.00187126	0.00233241	0.0254564	0.0018988	0.0023987	0.276251	0.00330087	0.437709	0.058797	0.00424937	0.000478919	0.00352816	0.00237573	0.00663319	0.0115775	0.130801	0.000639165	0.0121806
13	0.0529306	0.00270489	0.043517	0.0800582	0.000382316	0.0376634	0.0252554	0.00553066	0.198895	0.0221733	0.0101913	0.104733	0.000631786	0.0985896	0.122534	0.0992686	0.0729039	0.0155418	0.000125837	0.00637003
14	0.0459032	0.0061736	0.0233841	0.0532907	0.000761107	0.0221804	0.026083	0.00714359	0.300664	0.0182947	0.00727196	0.067867	0.000575909	0.0823456	0.181519	0.0766252	0.050907	0.0180659	0.000176912	0.0107672
15	0.0103943	0.00879073	0.00144471	0.00132371	0.0436202	0.00142962	0.00174798	0.139914	0.00222325	0.568174	0.120526	0.0026117	0.000428286	0.00392372	0.00140009	0.00639454	0.0133908	0.0642081	0.000785842	0.00726888
16	0.014305	0.00496762	0.125425	0.0253546	0.00682978	0.00937074	0.093303	0.0441543	0.0293172	0.116274	0.0112984	0.340675	0.00823035	0.0114909	0.0261831	0.0476628	0.0241422	0.025537	0.00170288	0.0337765
17	0.0309135	0.0202016	0.000577279	0.00323739	0.0482282	0.00393322	0.00721517	0.259093	0.00719639	0.184756	0.0839309	0.00629494	0.00107756	0.012319	0.00289805	0.0198964	0.0330485	0.244006	0.00308993	0.0280864
18	0.0265444	0.0101276	0.00069694	0.00120352	0.0149769	0.0015046	0.00265401	0.332047	0.00429524	0.184894	0.0491247	0.00405156	0.00140067	0.00488275	0.00253257	0.0129055	0.0215102	0.315591	0.00144393	0.00761279
19	0.0400206	0.00497714	0.268142	0.126727	0.00498333	0.0683948	0.0571361	0.00666963	0.0298517	0.0114549	0.0061694	0.127485	0.0181839	0.0431478	0.0186256	0.0575266	0.0682431	0.023284	0.000908332	0.0180691
20	0.0568091	0.00427094	0.0979217	0.193739	0.00559434	0.0375962	0.0281936	0.0126285	0.0835174	0.029598	0.00778784	0.0647394	0.0116978	0.11316	0.0508768	0.070494	0.0815906	0.0340881	0.00131613	0.01438
21	0.0200613	0.0155001	0.00243692	0.0184676	0.17523	0.00479309	0.121537	0.0341783	0.0120506	0.0802132	0.00985168	0.0318759	0.00360282	0.0240454	0.0117879	0.0269342	0.0340871	0.0545656	0.0252455	0.293536
22	0.0405093	0.00435323	0.00344656	0.00511736	0.117564	0.0055235	0.00806535	0.0224326	0.00559078	0.0572533	0.0068617	0.00709013	0.00261521	0.00640987	0.00590225	0.0128889	0.0101684	0.0263741	0.57823	0.0736038
23	0.675116	0.0198997	0.000376781	0.000674468	0.00304078	0.0427697	0.000730559	0.00266148	0.00369457	0.00830861	0.0014555	0.00208733	0.00419212	0.00224205	0.00386772	0.193684	0.0166983	0.0168566	0.000152263	0.00149103
24	0.0556351	0.00463554	0.365519	0.163546	0.00230565	0.0534411	0.00769623	0.0029648	0.0208663	0.00153527	0.00296841	0.125042	0.0110858	0.0350832	0.0133313	0.0828457	0.035541	0.0119501	0.000177222	0.00382968
25	0.176245	0.00596164	0.0667607	0.0804682	0.00763995	0.0448456	0.0639699	0.00793152	0.0485488	0.0326944	0.00412723	0.0583334	0.00311058	0.0156954	0.00790428	0.273859	0.0335606	0.0234379	0.000912689	0.0439926
26	0.0156823	0.00414462	0.000288924	0.000491428	0.00990076	0.000595318	0.000919754	0.390273	0.00240184	0.208576	0.0185997	0.00245621	0.000528515	0.00109308	0.00197735	0.00849777	0.011762	0.318297	0.000675699	0.00283857
27	0.109669	0.00204721	0.0592286	0.0451553	0.0153971	0.137788	0.00230298	0.00995485	0.01922	0.00820801	0.0158355	0.00497525	0.240673	0.0115268	0.0139987	0.123768	0.109769	0.061864	0.000511888	0.00810712
28	0.0960497	0.00267548	0.0388028	0.267172	0.00320362	0.0222838	0.0110365	0.0225054	0.0998937	0.0247394	0.0159276	0.0285046	0.0444759	0.0988656	0.0475305	0.0621184	0.061259	0.0470033	0.0014482	0.00450429
29	0.142929	0.00672273	0.00477492	0.163563	0.0272015	0.0285255	0.00699672	0.0955778	0.00984869	0.0594643	0.0679215	0.0318975	0.0060528	0.0350381	0.0272131	0.191039	0.0363605	0.0514922	0.00192848	0.00545263
30	0.00865948	0.0106209	0.00113712	0.000555973	0.0521845	0.0010109	0.00136771	0.0633289	0.00125633	0.651772	0.154101	0.00137327	0.000452669	0.00305008	0.00104994	0.00323364	0.0113401	0.0293228	0.000261635	0.00392069
31	0.222567	0.0359993	0.0168669	0.0148835	0.00769211	0.0164364	0.121363	0.0142437	0.0130106	0.0525723	0.00730198	0.015214	0.0407248	0.00873824	0.0132334	0.263895	0.0261819	0.0270374	0.00224461	0.0797933
32	0.0311176	0.00100145	0.243531	0.399312	0.00172225	0.0250933	0.00663242	0.00474318	0.0336255	0.0246273	0.0107486	0.0394643	0.00359775	0.0845855	0.0178441	0.0340746	0.0147086	0.015834	0.00599842	0.00173873
33	0.064969	0.00447156	0.133119	0.216423	0.00638721	0.0443644	0.0295005	0.00337263	0.0813126	0.0190966	0.00784536	0.0700949	0.00875334	0.100666	0.0397099	0.0760236	0.061005	0.0195515	0.00169554	0.011638
34	0.0180408	0.019996	0.010407	0.0179647	0.002638	0.00601228	0.041641	0.00415796	0.152657	0.0175629	0.00782965	0.0353509	0.0331191	0.0870302	0.501979	0.0280729	0.00554176	0.00273283	0.000505186	0.00676086
35	0.0694417	0.0043094	0.129611	0.215043	0.00589765	0.0444806	0.0286456	0.0035607	0.0859142	0.0190098	0.00834518	0.0679857	0.00931561	0.102263	0.0417673	0.0763258	0.056888	0.0184473	0.00166295	0.0110862
36	0.0335916	0.0175143	0.0119106	0.00534971	0.0950821	0.00851783	0.0287535	0.0382876	0.00747501	0.394531	0.135901	0.0156444	0.00581703	0.0078453	0.00982125	0.0297396	0.023124	0.0376565	0.0104858	0.0829517
37	0.557588	0.0171875	0.00637729	0.00804855	0.00435149	0.0531733	0.00628194	0.00529253	0.00924313	0.0122049	0.00387108	0.00962721	0.0379882	0.00964556	0.00872981	0.195159	0.0302534	0.0207401	0.000627918	0.00360939
38	0.405285	0.0138906	0.00591188	0.00762943	0.00392597	0.212707	0.00459289	0.00661127	0.0113607	0.00858503	0.0105766	0.0225695	0.00746889	0.00961838	0.00805679	0.20008	0.0271387	0.0124541	0.00166405	0.0198733
39	0.0320732	0.0146652	0.00364047	0.00244299	0.0932291	0.00641403	0.0173968	0.0590001	0.00470225	0.467301	0.129904	0.00481698	0.00338153	0.00280653	0.00736459	0.0112585	0.0107478	0.0370909	0.0100681	0.0816961
40	0.0138531	0.00478257	0.000798224	0.00157762	0.0187091	0.00131339	0.001709	0.330126	0.00274584	0.316221	0.0290667	0.00303966	0.00035426	0.00180278	0.00214646	0.00762305	0.0119571	0.242912	0.000724798	0.00853835
41	0.439039	0.0337785	0.00139329	0.00215382	0.00677849	0.025903	0.00518541	0.102781	0.005466	0.0377108	0.0231792	0.00551822	0.00505235	0.00620953	0.00344001	0.0464833	0.0413268	0.203874	0.00119903	0.00352789
42	0.512283	0.0277536	0.0041531	0.00590198	0.00475557	0.0850893	0.00444015	0.00684614	0.00786837	0.0111629	0.00544793	0.0115763	0.00598222	0.00713205	0.006394	0.216027	0.047355	0.0245724	0.000583623	0.00467572
43	0.0291233	0.0146609	0.0146829	0.033766	0.00422596	0.0118828	0.0397022	0.00680985	0.261811	0.02147	0.00744551	0.0390631	0.0136356	0.0946728	0.315747	0.04107	0.0286783	0.0104264	0.000437412	0.0106886
44	0.0546043	0.0239687	0.000593671	0.000923342	0.0107991	0.00147947	0.00660082	0.288149	0.0071562	0.0698751	0.0274292	0.00887942	0.00633529	0.00600135	0.00432401	0.0112895	0.0281329	0.434494	0.000792798	0.00817207
45	0.0135212	0.0232514	0.00292332	0.00380746	0.256559	0.00336507	0.067747	0.00794595	0.00153753	0.0494983	0.00812383	0.0109717	0.00185098	0.00849185	0.00352186	0.00963063	0.0031675	0.00613131	0.00113983	0.516814
46	0.00785544	0.00966027	0.00169213	0.00218003	0.566326	0.0021668	0.030127	0.00490792	0.00139337	0.0560029	0.0102007	0.00500792	0.00117142	0.00378297	0.00232849	0.00744846	0.00313069	0.0060169	0.00038351	0.278217
47	0.0180513	0.0154623	0.00675449	0.0053333	0.0269	0.003194	0.387115	0.00426168	0.0132257	0.011982	0.00643315	0.190936	0.00175206	0.0798466	0.00939286	0.0179744	0.0222674	0.0101177	0.00106411	0.167936
48	0.0110169	0.00897495	0.00173933	0.00110572	0.0403056	0.0017723	0.0020001	0.141162	0.00221457	0.553199	0.127556	0.00318771	0.000588298	0.00424028	0.00168879	0.00722379	0.0145677	0.0686009	0.00105671	0.00779967
49	0.0645846	0.00377041	0.195588	0.265193	0.00347863	0.0728224	0.0174805	0.00470891	0.0475212	0.0167171	0.00786935	0.0601534	0.00656248	0.0724467	0.0234226	0.0806437	0.032975	0.0157206	0.00289134	0.00545052
50	0.0564995	0.0044656	0.237626	0.222169	0.00547283	0.0434112	0.0181324	0.00252882	0.0524457	0.0120967	0.00663283	0.0907435	0.00831926	0.072441	0.02459	0.0762125	0.0417794	0.0159108	0.00162452	0.00689806
51	0.0144664	0.0166756	0.00187026	0.00828163	0.215047	0.00403132	0.0913919	0.0249863	0.00527696	0.0706897	0.00833017	0.0152471	0.00459039	0.0160832	0.00739406	0.0167073	0.016026	0.0293299	0.012951	0.420624
52	0.0510208	0.00492253	0.36652	0.160813	0.00223922	0.0521104	0.00831253	0.0029059	0.0218497	0.00140788	0.00307489	0.132076	0.0112771	0.0358198	0.0139712	0.0822331	0.0335821	0.0116728	0.000168033	0.00402378
53	0.0305647	0.00101403	0.23194	0.404879	0.00204684	0.0243094	0.00700616	0.00466724	0.0354379	0.0264335	0.0112521	0.0378436	0.00324891	0.0887003	0.0191538	0.0331825	0.0145472	0.0155154	0.00648814	0.00176954
54	0.682236	0.0196181	0.000357908	0.000531731	0.00291821	0.0444291	0.00059504	0.00224865	0.00339692	0.00817423	0.00138707	0.00183296	0.00424239	0.00222359	0.0038072	0.189852	0.0150662	0.0159028	0.000114927	0.00106505
55	0.0260705	0.0144742	0.00171516	0.00305823	0.024491	0.00549924	0.00193379	0.21883	0.004753	0.313147	0.101985	0.00620894	0.00227567	0.0079534	0.00377898	0.0203638	0.0397783	0.190181	0.00318889	0.0103139
56	0.0481495	0.00340749	0.0429047	0.0836993	0.0008804	0.0351506	0.0340501	0.00556445	0.177738	0.0271721	0.0149778	0.111541	0.00130392	0.0951015	0.117607	0.101875	0.0722059	0.0178886	0.000353518	0.00842932
57	0.0131018	0.0238523	0.00294345	0.00345898	0.261386	0.00334578	0.0649512	0.007098	0.00110485	0.0482318	0.00830296	0.0101667	0.00166576	0.00750083	0.00335103	0.00886629	0.00218906	0.0043814	0.000508792	0.523594
58	0.629238	0.026563	0.00154216	0.00239414	0.0037714	0.0595997	0.00152769	0.00460921	0.00406178	0.00929068	0.00333842	0.00361872	0.00390261	0.00314237	0.00400084	0.186228	0.0295118	0.0211583	0.000470329	0.00203052
59	0.0128907	0.0110808	0.00154046	0.00107331	0.0512727	0.00213736	0.0024511	0.0730039	0.00221727	0.609248	0.151369	0.0028297	0.00102252	0.00416883	0.00278589	0.00627812	0.0146064	0.0390399	0.00108674	0.0098977
60	0.146141	0.171929	0.0085749	0.0614963	0.0335423	0.0979451	0.0100107	0.0118209	0.065475	0.0188512	0.0452736	0.0410389	0.0047164	0.0394383	0.0737377	0.116248	0.0191555	0.0247468	0.002336	0.00752281
61	0.622379	0.0195822	0.00104629	0.0011306	0.00295272	0.0864627	0.000904958	0.00238977	0.00317203	0.00721934	0.00312998	0.00422885	0.00387023	0.00235074	0.00362464	0.20047	0.0174292	0.0154803	0.00022381	0.00195236
62	0.0563596	0.00392021	0.235962	0.18295	0.00348609	0.145996	0.0138377	0.00285952	0.0417474	0.00848914	0.00494009	0.0847091	0.00785594	0.0561061	0.0197812	0.0772566	0.0341797	0.0125339	0.00117143	0.00585889
63	0.0421019	0.002323	0.193162	0.33157	0.00388414	0.0298037	0.0153877	0.0042809	0.0526516	0.0254874	0.0093017	0.0500984	0.0059225	0.100871	0.0283477	0.0462789	0.0308557	0.0167434	0.00470872	0.00621954
64	0.00661714	0.00449993	0.00118777	0.00187533	0.679844	0.00182611	0.0128258	0.00340153	0.00161141	0.0638309	0.0122117	0.00308392	0.000816371	0.00240182	0.0021751	0.00696206	0.003739	0.00691883	0.000398702	0.183773
65	0.109475	0.0220848	0.00278433	0.0235848	0.0180592	0.0265668	0.00521757	0.15008	0.0244197	0.0201268	0.0123588	0.032368	0.00890333	0.00850565	0.0309728	0.0803362	0.189427	0.227453	0.00206934	0.00520734
66	0.0427501	0.00237616	0.188664	0.326237	0.00445139	0.0308376	0.016708	0.00415609	0.0553039	0.0241827	0.00929381	0.0523834	0.005054	0.101561	0.0293571	0.0469122	0.0323026	0.016873	0.00493535	0.00566033
67	0.0790903	0.0360899	0.0119103	0.0279047	0.00846363	0.0200663	0.0226521	0.0356301	0.170757	0.0302053	0.0151948	0.0320898	0.00476325	0.0455038	0.125857	0.0856065	0.141807	0.0958244	0.00176963	0.00881463
68	0.0219792	0.0155594	0.00401145	0.00295844	0.00719184	0.00266844	0.00100829	0.270489	0.00279405	0.305595	0.0787563	0.00734365	0.000697317	0.00510056	0.00458438	0.017633	0.0798325	0.163795	0.00378721	0.004215
69	0.0162564	0.00467188	0.000427813	0.000689128	0.0106075	0.000848589	0.000896741	0.376284	0.00270635	0.213091	0.0261464	0.00281136	0.000541735	0.00199838	0.0025983	0.00995365	0.0137233	0.310702	0.000860643	0.00418499
70	0.177526	0.00667244	0.0248918	0.0663565	0.0182805	0.0293124	0.0290831	0.00938775	0.0417287	0.0258468	0.00788594	0.0673015	0.00945875	0.0190398	0.0126159	0.331306	0.0701512	0.018354	0.00150447	0.0332963
71	0.0396713	0.0322745	0.0100912	0.077309	0.00408635	0.0334102	0.096235	0.00776324	0.18471	0.0243486	0.00818995	0.0267466	0.00167818	0.131801	0.156967	0.0493828	0.076168	0.0302606	0.000799882	0.00810686
72	0.491367	0.0817577	0.000698361	0.00236679	0.0163364	0.0355443	0.00287024	0.0151254	0.0034293	0.0236924	0.0112659	0.0030646	0.00164083	0.00401329	0.00286702	0.163063	0.0732531	0.0598021	0.000682947	0.00715899
73	0.0138156	0.00387598	0.00106959	0.00104366	0.0103593	0.00100783	0.000859082	0.375568	0.00254869	0.254438	0.0498005	0.00337918	0.000443351	0.00359152	0.00188901	0.0114866	0.0138552	0.245682	0.00106354	0.00422327
74	0.0443188	0.00434142	0.369595	0.174983	0.00211646	0.0515502	0.0099298	0.0042777	0.0216218	0.00363794	0.00384575	0.122355	0.0112139	0.0383746	0.0149082	0.0718387	0.0336467	0.0125592	0.000696735	0.00418858
75	0.0281724	0.00247897	0.00738666	0.0584428	0.0865257	0.008426	0.105241	0.00614655	0.118223	0.127828	0.0300887	0.0216849	0.00339583	0.150017	0.0736546	0.0129403	0.0715135	0.0172432	0.000581996	0.0700093
76	0.0138263	0.0216346	0.00273889	0.00374886	0.297913	0.00329934	0.0601323	0.0079287	0.00148253	0.0517702	0.00984608	0.00998408	0.00165141	0.00727017	0.00382479	0.00959996	0.00347688	0.0065852	0.00127845	0.482008
77	0.0821043	0.0330516	0.00101235	0.00454635	0.0210161	0.00834734	0.0104117	0.276824	0.0169066	0.0320514	0.0327504	0.0142289	0.0167042	0.00923385	0.0135599	0.0274118	0.0840986	0.305958	0.000635296	0.00914723
78	0.0306004	0.0136489	0.00408768	0.00331835	0.0599753	0.0187089	0.0115521	0.0310926	0.0102197	0.428524	0.193665	0.0121815	0.0106894	0.0104509	0.0192597	0.0198013	0.0178273	0.0360241	0.00784064	0.0605326
79	0.0726928	0.00256497	0.00448407	0.351689	0.00329223	0.00736619	0.00433845	0.0298836	0.0518136	0.0192767	0.0223363	0.0121721	0.0432278	0.0766164	0.0301998	0.0619455	0.0940032	0.107472	0.000653246	0.00397162
80	0.169238	0.0106585	0.0944941	0.0777403	0.00162677	0.159803	0.0467033	0.0210404	0.0322663	0.0151384	0.00236085	0.0418773	0.00134555	0.0510059	0.0221398	0.19158	0.0344422	0.0220225	0.000332104	0.0041847
81	0.0166363	0.00479472	0.000315191	0.000645645	0.0100211	0.000743791	0.000944144	0.377932	0.00294664	0.204282	0.0233412	0.00281386	0.000499207	0.0018012	0.00213037	0.00941254	0.0127341	0.323868	0.000748155	0.00338963
82	0.0326702	0.0178822	0.000804751	0.00381588	0.0470513	0.00413037	0.00710696	0.262545	0.00728534	0.195298	0.0764326	0.00625674	0.00188103	0.0103942	0.00343872	0.0204034	0.038801	0.235639	0.00312896	0.025034
83	0.0438448	0.00499948	0.33433	0.186788	0.00268956	0.0430206	0.0133725	0.00336304	0.0325599	0.00578777	0.00555064	0.120315	0.00955772	0.0479923	0.0178058	0.0722387	0.0352511	0.0143927	0.00105466	0.00508545
84	0.0460833	0.00785526	0.0272084	0.0597662	0.000609127	0.0297582	0.0312862	0.00530759	0.195877	0.0187492	0.010814	0.0766476	0.00865011	0.0960836	0.241317	0.0781163	0.0473607	0.0121339	0.00021687	0.00615978
85	0.0172599	0.0093693	0.00107575	0.00332121	0.0241354	0.00394754	0.00138544	0.275513	0.00541131	0.262353	0.102556	0.00625279	0.000835099	0.0127232	0.00379226	0.0284662	0.0349984	0.190702	0.00424993	0.0116518
86	0.0171922	0.0078024	0.000781051	0.00640575	0.061631	0.00336851	0.00537018	0.199725	0.00590939	0.474391	0.0236695	0.00210673	0.000549743	0.002479	0.00384556	0.00595274	0.0196282	0.129497	0.000951194	0.0287439
87	0.0494855	0.00263811	0.177155	0.310071	0.0043996	0.0338476	0.0179374	0.00393376	0.0627718	0.023167	0.00916156	0.0537579	0.00548749	0.101638	0.0315088	0.0509558	0.0350398	0.0162536	0.00474519	0.00604532
88	0.049468	0.00649427	0.0187176	0.0495753	0.00139055	0.0187599	0.0230819	0.00787231	0.307201	0.0213413	0.00760766	0.0547856	0.0030509	0.0769496	0.200742	0.0773609	0.0449826	0.0192981	0.00041902	0.010902
89	0.107682	0.276014	0.019835	0.00868407	0.00537131	0.0292299	0.00726693	0.0263916	0.011661	0.0227613	0.0104425	0.0608855	0.00566954	0.0136998	0.0137511	0.266992	0.038087	0.0477775	0.0207386	0.00705906
90	0.0215689	0.0137974	0.000720399	0.00497435	0.0430484	0.00519958	0.00342927	0.248288	0.00520083	0.255447	0.0820108	0.00548429	0.000632097	0.0111053	0.00333795	0.0213401	0.0353244	0.208824	0.00376766	0.0264983
91	0.0760943	0.00444396	0.126016	0.209368	0.00613071	0.0481286	0.0267539	0.00391199	0.0904178	0.0189371	0.00952863	0.0659657	0.00937677	0.0982234	0.0424489	0.0786293	0.054592	0.0190507	0.00155235	0.0104297
92	0.0751252	0.00458028	0.12782	0.209478	0.00574509	0.0472162	0.0280944	0.0038431	0.0882529	0.0186684	0.00877558	0.0669357	0.00920368	0.0985643	0.0421966	0.079508	0.0554857	0.0184639	0.00150375	0.0105391
93	0.0138541	0.0221706	0.0048706	0.0691157	0.00349529	0.220448	0.0526754	0.0053397	0.108289	0.0170675	0.0119333	0.174299	0.0192048	0.0394155	0.145252	0.0506953	0.0178127	0.00737649	0.0012253	0.0154595
94	0.0654732	0.00399592	0.140331	0.237741	0.0057418	0.0425026	0.0266931	0.00333139	0.0815914	0.0194543	0.00933462	0.0653757	0.00778374	0.0991434	0.0384877	0.0711329	0.0522946	0.017687	0.00237057	0.00953431
95	0.302703	0.049852	0.00280328	0.00421651	0.0163578	0.0335353	0.00575569	0.056635	0.00597938	0.114483	0.0719586	0.00645468	0.00571437	0.0089254	0.00527796	0.0396653	0.072124	0.191017	0.00175738	0.0047844
96	0.0100224	0.00302393	0.00300337	0.00148159	0.00941742	0.00163251	0.000855039	0.329549	0.00258206	0.376659	0.104223	0.00623443	0.000494878	0.00704956	0.0013858	0.0133217	0.011251	0.11186	0.00123181	0.00472129
97	0.129166	0.0133098	0.00737256	0.0162327	0.00307949	0.677436	0.00401291	0.00270747	0.0123441	0.00769521	0.00640897	0.0145472	0.00311279	0.00698722	0.00846597	0.0657558	0.0135349	0.00434249	0.000630666	0.00285781
98	0.0153255	0.00497277	0.000438683	0.00083702	0.0126448	0.000992995	0.00103169	0.379849	0.0028869	0.214455	0.0378512	0.00284618	0.00045644	0.00343283	0.00202837	0.0121546	0.0156255	0.286867	0.00137721	0.00392577
99	0.67227	0.0232384	0.000324745	0.000617716	0.00334239	0.0427738	0.000738766	0.0027741	0.00323381	0.00849495	0.00170847	0.00178674	0.00398181	0.00212502	0.00360741	0.188859	0.020841	0.0176997	0.000118863	0.00146325
100	0.0162055	0.00721118	0.000651576	0.00526414	0.0595867	0.002899	0.00523033	0.205322	0.00553881	0.483374	0.0189135	0.00177407	0.000396477	0.00188733	0.0035092	0.00444933	0.0165331	0.133785	0.000630364	0.0268385
101	0.0369349	0.00246169	0.279384	0.31789	0.00202162	0.0335102	0.00798421	0.00387117	0.0320121	0.0173981	0.00826817	0.0685109	0.00633344	0.0690702	0.0190347	0.0524614	0.0217909	0.013985	0.00402943	0.00304761
102	0.434081	0.0853412	0.000437378	0.00271859	0.00897622	0.0270483	0.00352783	0.00765767	0.00143774	0.0136401	0.00725039	0.00153783	0.00043333	0.00123701	0.000958774	0.217026	0.128924	0.049475	0.000345501	0.00794558
103	0.025679	0.00333598	0.00771163	0.0502767	0.0865887	0.00786165	0.108803	0.00609845	0.120652	0.118617	0.0263225	0.0217909	0.00393052	0.138467	0.10846	0.0131264	0.0664731	0.0164985	0.000630112	0.0686764
104	0.0460323	0.00947202	0.0553103	0.105324	0.00343083	0.0325356	0.0316241	0.0064212	0.150264	0.0232911	0.00980509	0.078382	0.0122448	0.0971726	0.20591	0.0661329	0.0438293	0.0136439	0.000851497	0.00832261
105	0.032918	0.0244367	0.00468221	0.00313868	0.00817257	0.00387782	0.00123943	0.198964	0.00349953	0.301459	0.0616069	0.00851295	0.00084311	0.00371757	0.00719406	0.0208515	0.113611	0.192547	0.00504901	0.00367958
106	0.08419	0.00997539	0.263864	0.139542	0.00344929	0.063745	0.0169657	0.00756918	0.0321628	0.0102004	0.00698822	0.0987201	0.0145283	0.0414136	0.0196605	0.120778	0.0419797	0.0166802	0.000954081	0.00663482
107	0.0197204	0.0120362	0.00190859	0.0178167	0.0182648	0.00989852	0.0198384	0.19117	0.130001	0.113399	0.0764282	0.0138026	0.00139093	0.0412825	0.0436712	0.0218151	0.0515761	0.188758	0.0211306	0.00609082
108	0.0158407	0.00447005	0.000281806	0.000518213	0.0105963	0.000646432	0.00102714	0.38709	0.00250585	0.207864	0.0199382	0.00251483	0.00050659	0.00130161	0.00201914	0.00888548	0.0121592	0.317943	0.000726284	0.00316512
109	0.101288	0.00205005	0.0579834	0.142278	0.00179283	0.0374881	0.0184241	0.00716347	0.169677	0.0248438	0.00885831	0.0594857	0.0192458	0.11532	0.0885954	0.0830462	0.0450601	0.0110454	0.00136441	0.00498934
110	0.082969	0.00343051	0.0921479	0.175473	0.00383088	0.0455243	0.0228209	0.00540785	0.126328	0.0200201	0.0101433	0.0667885	0.0102427	0.100424	0.069835	0.0841191	0.0510219	0.0182734	0.00112785	0.0100714
111	0.479314	0.0490446	0.000772923	0.00260995	0.00766857	0.0379664	0.00405867	0.0618723	0.00396574	0.0214283	0.0084787	0.0031268	0.000804145	0.00365744	0.00260066	0.134145	0.0814102	0.0920845	0.000589234	0.00440112
112	0.0178085	0.00718466	0.000794093	0.0053325	0.0635945	0.00314642	0.00598693	0.178506	0.00590423	0.521802	0.0270245	0.00160063	0.000525678	0.00171358	0.00397165	0.00312661	0.0137047	0.105547	0.000790518	0.0319349
113	0.0537223	0.0377952	0.00382502	0.00387599	0.011193	0.00470122	0.00359142	0.156512	0.00439206	0.297205	0.0497429	0.0151345	0.00259664	0.00783582	0.0136448	0.0498223	0.125148	0.151797	0.00301828	0.00444652
114	0.0174706	0.0134306	0.00139821	0.00297641	0.0295933	0.00356394	0.00180841	0.209962	0.00775326	0.362932	0.112561	0.00532439	0.00105024	0.00853763	0.00340193	0.0194583	0.033458	0.152316	0.00362993	0.00937432
115	0.159593	0.00091699	0.00079692	0.0517707	0.00803301	0.0290093	0.0240888	0.0129301	0.0426861	0.0406147	0.0155311	0.0468905	0.0292999	0.0874359	0.0471053	0.233099	0.145969	0.0225311	0.000233867	0.00146487
116	0.0205218	0.0156452	0.00257914	0.0212972	0.174484	0.00499981	0.122742	0.0332831	0.011297	0.0766147	0.010164	0.0305937	0.0040497	0.0229846	0.0111441	0.0254384	0.0319167	0.0522672	0.026152	0.301826
117	0.11308	0.096574	0.00172129	0.00270149	0.0199098	0.016971	0.00935306	0.0371449	0.00384775	0.163545	0.0239496	0.0198695	0.00355444	0.0115929	0.00421588	0.191551	0.202926	0.0697581	0.000906078	0.00682834
118	0.0326876	0.00685437	0.000483103	0.000733209	0.00510981	0.000864336	0.00107451	0.304137	0.00340924	0.129449	0.0155752	0.00623983	0.0011652	0.00127414	0.0030993	0.0069427	0.0105571	0.464295	0.000412463	0.00563668
119	0.0186991	0.0111676	0.00206107	0.00167756	0.0721241	0.00311301	0.00754587	0.087977	0.00295762	0.547837	0.126635	0.00243075	0.00122447	0.00309374	0.00371315	0.00664174	0.011767	0.0501528	0.00333641	0.0358451
120	0.0526825	0.00269986	0.042231	0.077763	0.000313513	0.0374965	0.0251114	0.00554916	0.201087	0.0220942	0.010243	0.105182	0.000464354	0.0984375	0.124155	0.0996887	0.0728278	0.0155631	0.000109864	0.00630082
121	0.0584556	0.0707327	0.00398575	0.0241079	0.00755857	0.00668679	0.0247027	0.0871683	0.0363427	0.300255	0.0108856	0.0118314	0.00529878	0.00996134	0.0285532	0.139712	0.0492221	0.118048	0.00182698	0.00466407
122	0.0170058	0.00990305	0.00114493	0.00303237	0.0210644	0.00348472	0.00106509	0.285059	0.00467747	0.263883	0.0941147	0.00547058	0.000329107	0.00977156	0.00285277	0.0263137	0.0362	0.200138	0.00440678	0.0100826
123	0.0636095	0.0223886	0.00272762	0.0127953	0.0329141	0.0162358	0.00729987	0.18405	0.00727712	0.167025	0.0501816	0.0212954	0.0053455	0.00921625	0.0147038	0.0452987	0.0841407	0.22383	0.00651836	0.0231474
124	0.0587211	0.00347956	0.105172	0.158373	0.00351376	0.0412913	0.0253812	0.00428625	0.127036	0.0201056	0.0092511	0.0954132	0.00485594	0.0943208	0.0733093	0.0861604	0.0628563	0.0168493	0.00101234	0.00861228
125	0.0235828	0.0131888	0.00163771	0.0057267	0.022086	0.00629217	0.00200937	0.241448	0.0057056	0.266618	0.0900262	0.00961628	0.00135546	0.0122745	0.00541918	0.0317265	0.0589231	0.18435	0.00697272	0.0110414
126	0.0178945	0.0146603	0.00201196	0.0122791	0.18982	0.00468462	0.107598	0.0347516	0.00928383	0.0805991	0.00947037	0.0209521	0.00397856	0.0209481	0.0104353	0.023529	0.0252425	0.0488622	0.0212646	0.341734
127	0.0500177	0.00406043	0.0481673	0.00229668	0.00439136	0.0297445	0.0276419	0.0381473	0.0247984	0.0136019	0.00866251	0.201245	0.00857897	0.0189801	0.00913051	0.389873	0.10565	0.00915057	0.000515087	0.0053467
128	0.0158815	0.00919929	0.000813815	0.00304052	0.025558	0.00351361	0.00101655	0.289324	0.00469104	0.249575	0.100767	0.00503189	0.000311246	0.0110468	0.00253387	0.0252951	0.0298425	0.206038	0.00393277	0.0125881
129	0.125658	0.192638	0.0124982	0.00673401	0.00858346	0.0473902	0.00581736	0.0415428	0.00864171	0.0575931	0.0128498	0.0358899	0.00601619	0.0105772	0.00892297	0.214382	0.105841	0.0871735	0.00595719	0.0052943
130	0.0348517	0.00731272	0.0157493	0.0846666	0.0367657	0.0165288	0.0757328	0.01579	0.125447	0.1072	0.017109	0.0313576	0.00460409	0.146684	0.103854	0.0388032	0.0824729	0.0194836	0.000677327	0.034909
131	0.0510847	0.127221	0.00810769	0.00830065	0.0156164	0.0103728	0.00748774	0.173633	0.00975507	0.110187	0.0376058	0.0187018	0.00488718	0.00985281	0.00940681	0.0698757	0.0532346	0.244178	0.0180642	0.0124273
132	0.022492	0.0137343	0.00219712	0.0109139	0.161907	0.00565793	0.0876636	0.0393799	0.00870756	0.159301	0.0418789	0.0170524	0.00399509	0.0169254	0.0116547	0.0233348	0.0236975	0.0515918	0.0317266	0.266189
133	0.0665039	0.0315462	0.000977732	0.00220818	0.0464518	0.00261398	0.0228254	0.287893	0.0147754	0.0767596	0.0541493	0.00723804	0.00663556	0.0134393	0.00333712	0.0111502	0.0378485	0.281096	0.00103446	0.0315171
134	0.0274278	0.0025437	0.00762891	0.0570713	0.0857879	0.00849206	0.105001	0.00659562	0.117272	0.129726	0.0298208	0.0217563	0.00345071	0.150412	0.0729647	0.0132418	0.0712153	0.0178693	0.000686711	0.0710367
135	0.0843897	0.00744246	0.0116918	0.0347045	0.00778775	0.017515	0.0207156	0.0681326	0.0696334	0.180538	0.0394284	0.0358595	0.0130843	0.0892242	0.0511795	0.10714	0.108619	0.0416384	0.00171489	0.00956054
136	0.0482516	0.00475107	0.364643	0.157997	0.00231176	0.0573496	0.00921298	0.00322624	0.0208448	0.00168194	0.00326676	0.135706	0.0114561	0.0337805	0.0149467	0.0794593	0.034519	0.0120212	0.000214578	0.00436032
137	0.0514212	0.00504646	0.313652	0.177655	0.00333842	0.0448481	0.0135502	0.00262668	0.039786	0.00572893	0.00468718	0.118762	0.00991639	0.0540617	0.0195052	0.0778972	0.0370383	0.0135761	0.000643248	0.00625919
138	0.257883	0.0113927	0.0215147	0.00704741	0.00532919	0.0259237	0.114094	0.0221416	0.00811939	0.040042	0.0065472	0.00795377	0.101494	0.00658234	0.0142389	0.215659	0.0304973	0.0430001	0.00119449	0.0593449
139	0.149753	0.0348104	0.0024885	0.0222089	0.0293918	0.0360652	0.00623058	0.144641	0.012173	0.0278387	0.014393	0.0220729	0.00742106	0.00569329	0.0217204	0.0631411	0.157837	0.228112	0.003452	0.010556
140	0.471772	0.0314535	0.00148024	0.003468	0.00577621	0.0424817	0.00925928	0.0436951	0.00839105	0.0213276	0.0136745	0.00626761	0.00502843	0.00724223	0.00582134	0.16917	0.0748975	0.0734932	0.00061855	0.00468187
141	0.0647683	0.00450941	0.134591	0.219396	0.00651407	0.0443466	0.0287401	0.00325601	0.0815638	0.0192765	0.00808578	0.0698988	0.00849867	0.0996682	0.0394146	0.0754012	0.0598229	0.0192155	0.00183811	0.0111947
142	0.0173799	0.0101701	0.00123025	0.0033406	0.021308	0.00392221	0.00112576	0.283099	0.00526694	0.258236	0.100074	0.00575965	0.000366614	0.0109471	0.00291834	0.0268967	0.0400007	0.192331	0.00485753	0.01077
143	0.0140996	0.00977458	0.0014443	0.00291276	0.0501284	0.00236384	0.00325632	0.151494	0.00384144	0.507916	0.103172	0.00335102	0.000705092	0.00479316	0.00234058	0.00998455	0.0225637	0.0912922	0.00172084	0.0128457
144	0.0633366	0.00474638	0.136468	0.221682	0.00719381	0.0446991	0.0284106	0.00328391	0.0803143	0.0200764	0.00849634	0.0697993	0.00813078	0.0982892	0.0382729	0.0753473	0.0588784	0.0195356	0.0022838	0.0107554
145	0.0530319	0.00268704	0.0421712	0.0778353	0.000317367	0.0374929	0.0249411	0.00551975	0.201724	0.0220099	0.010262	0.104407	0.000632948	0.0985802	0.124297	0.0995461	0.0726696	0.0154864	0.000126711	0.00626173
146	0.021209	0.00825333	0.00326086	0.00718725	0.0297582	0.00550534	0.00703267	0.149853	0.0118766	0.442064	0.0982501	0.0126662	0.00387405	0.0290508	0.0151334	0.0234642	0.033128	0.0827537	0.00342668	0.0122527
147	0.0209696	0.0134497	0.0016996	0.00330397	0.0184682	0.0042709	0.00117747	0.264002	0.00458239	0.266717	0.0805008	0.00710005	0.000380617	0.00756215	0.00326939	0.0267839	0.0566789	0.204083	0.00664759	0.00835327
148	0.0498317	0.00546603	0.333387	0.165771	0.00300941	0.0476011	0.0122779	0.00251738	0.0326883	0.00376778	0.0039159	0.126548	0.0110675	0.0470622	0.0175576	0.0827953	0.0357044	0.0128996	0.000441924	0.00568948
149	0.0920608	0.0372903	0.00717076	0.0721755	0.0424153	0.0217107	0.0306326	0.0671923	0.0358239	0.172481	0.0151727	0.0585785	0.00648892	0.0670819	0.0489551	0.0258645	0.0916822	0.07748	0.00213516	0.0276074
150	0.0951053	0.00720139	0.0502867	0.0664351	0.0145982	0.0924633	0.00714326	0.0161315	0.0180664	0.105184	0.0408262	0.0124583	0.153861	0.0197296	0.0172616	0.117944	0.0672534	0.0854441	0.00162237	0.0109836
151	0.0276015	0.0185612	0.0028848	0.00313857	0.014073	0.00472437	0.00110867	0.22785	0.00368851	0.276756	0.0778618	0.00787852	0.000593482	0.0063379	0.00487842	0.0256491	0.081747	0.202001	0.00594682	0.00671947
152	0.615552	0.0211288	0.00255641	0.00349635	0.00341523	0.053924	0.00208167	0.00636427	0.00807357	0.0115422	0.00314466	0.00703102	0.00558739	0.0058656	0.00586855	0.189665	0.0304942	0.0219509	0.000443222	0.00181502
153	0.0135934	0.0238336	0.002976	0.0042423	0.257396	0.00337878	0.0654281	0.0076955	0.00149849	0.049512	0.00856455	0.0106439	0.00166543	0.00776399	0.00361556	0.00996531	0.00323046	0.00584759	0.00113019	0.518019
154	0.0689083	0.010367	0.0621281	0.102228	0.0146687	0.0303042	0.0424785	0.0193104	0.0985232	0.0533223	0.0213087	0.0579495	0.0129664	0.13246	0.0774901	0.0801796	0.0616761	0.0283824	0.00209744	0.0232504
155	0.0255878	0.0150518	0.00174988	0.00126612	0.010156	0.00179731	0.00185844	0.318734	0.00320716	0.226123	0.0344778	0.00467266	0.000863663	0.00276915	0.00346943	0.0139334	0.0508993	0.277033	0.00248808	0.00386134
156	0.557579	0.0543394	0.000400585	0.0015212	0.00601733	0.0394204	0.00185089	0.00537232	0.00234912	0.0114527	0.00423224	0.00179635	0.00227371	0.00186463	0.00237127	0.204077	0.066068	0.0330223	0.000214136	0.00377728
157	0.0274611	0.0151249	0.00211734	0.00894646	0.264011	0.00495694	0.0420054	0.0939714	0.00731597	0.158308	0.0263129	0.0155731	0.00452575	0.0113611	0.00735478	0.0231856	0.0405253	0.0836035	0.0106709	0.152669
158	0.0568869	0.00473838	0.330704	0.172557	0.00273735	0.0505426	0.0110026	0.00312534	0.0303214	0.00476252	0.00418379	0.118798	0.0105517	0.0441095	0.0172717	0.0841927	0.0351747	0.012759	0.000530433	0.00505064
159	0.0142536	0.00684836	0.00166301	0.00267922	0.0273192	0.00256662	0.00282018	0.262954	0.00378827	0.41429	0.0605879	0.00459146	0.000637102	0.00457591	0.00356162	0.00925935	0.0189619	0.144927	0.00137179	0.0123435
160	0.105355	0.0412514	0.0144407	0.0426916	0.0863618	0.0141365	0.0398156	0.0790701	0.006087	0.0593417	0.0283219	0.0416349	0.0109339	0.00935465	0.00933464	0.0493107	0.0714135	0.17494	0.0244495	0.0917551
161	0.0395139	0.00223215	0.245901	0.33165	0.00277071	0.0331713	0.0102545	0.00388752	0.0384972	0.0197039	0.00901739	0.0598138	0.00506239	0.0832556	0.0200879	0.0481701	0.0243735	0.0148843	0.00458836	0.00316442
162	0.0318172	0.00253679	0.0163757	0.00312447	0.0213529	0.0385121	0.0436003	0.0234292	0.0158775	0.0205828	0.0218339	0.239435	0.0138168	0.0293937	0.0124139	0.234035	0.181438	0.0284088	0.000760552	0.0212553
163	0.164547	0.0121135	0.0984819	0.0788212	0.00195462	0.164766	0.0444844	0.0224029	0.0312226	0.0151373	0.00281977	0.0410438	0.00165293	0.0543561	0.022343	0.18485	0.0335006	0.021155	0.000361832	0.00398488
164	0.0269216	0.00352811	0.0452942	0.0066072	0.0100726	0.023091	0.0518659	0.0283609	0.0288066	0.0530944	0.0266964	0.231405	0.027867	0.0207158	0.0108789	0.236572	0.12615	0.0154557	0.000720241	0.025897
165	0.0429299	0.010304	0.023746	0.0540075	0.0168782	0.0158882	0.042463	0.0125811	0.16489	0.0441445	0.0127324	0.0373289	0.0371577	0.109933	0.246293	0.0476394	0.0357372	0.01376	0.00100917	0.0305763
166	0.136395	0.00131484	0.0419514	0.133251	0.00159536	0.0398989	0.0145383	0.00991564	0.173507	0.0270103	0.0091638	0.0403894	0.0348588	0.121142	0.0864098	0.08733	0.0296372	0.00718781	0.00187051	0.00263361
167	0.00614026	0.00160226	0.00106176	0.0016615	0.738888	0.00160659	0.00536871	0.0035591	0.00173103	0.0713121	0.0148554	0.00207826	0.000887336	0.00171682	0.00223318	0.00661008	0.00399298	0.00767779	0.000624801	0.126392
168	0.0422754	0.0115608	0.00221873	0.00886522	0.0156398	0.00705724	0.02262	0.169224	0.0293158	0.301322	0.0490146	0.0178436	0.00465777	0.0454168	0.0557991	0.030404	0.0551937	0.116814	0.00345701	0.0113016
169	0.0831997	0.00275429	0.0713993	0.137981	0.00232321	0.0409836	0.0213242	0.00790166	0.142437	0.0273286	0.0133055	0.0794328	0.0112951	0.106656	0.0823671	0.0913273	0.056183	0.0142229	0.000946418	0.00663184
170	0.0561983	0.00258716	0.0449204	0.0830738	0.000554156	0.0388208	0.0242923	0.00588586	0.194702	0.0223979	0.0102266	0.103387	0.00166506	0.0982602	0.120377	0.0994321	0.0710374	0.0157638	0.000170351	0.00624824
171	0.0241785	0.00988213	0.00111461	0.00111076	0.0107994	0.00163851	0.00155083	0.33383	0.00299426	0.209097	0.0310274	0.00431015	0.00112439	0.00256718	0.00276965	0.0119422	0.0340932	0.308879	0.00204247	0.00504751
172	0.0720488	0.00435167	0.129447	0.213102	0.00617734	0.046561	0.0276119	0.00355053	0.0876945	0.0189459	0.00870939	0.067199	0.0092069	0.0986082	0.0412315	0.0772599	0.0567937	0.0189925	0.00161446	0.010894
173	0.0337672	0.00895915	0.0106609	0.0216298	0.00262333	0.0104106	0.0188287	0.0117894	0.413729	0.0204152	0.00460224	0.0380756	0.00156167	0.0582292	0.231362	0.0429038	0.0370622	0.0157814	0.000403543	0.0172047
174	0.0198724	0.00650178	0.00100334	0.00470943	0.0479569	0.00427623	0.00500563	0.193734	0.00525218	0.513585	0.027114	0.00251852	0.000560173	0.00278593	0.00424904	0.00390804	0.0135359	0.115662	0.000399763	0.027369
175	0.0501666	0.0209444	0.00486667	0.0152123	0.00547369	0.00675941	0.0958935	0.146279	0.0874773	0.158862	0.01561	0.0258214	0.00248802	0.0563957	0.130609	0.0347442	0.0566189	0.07555	0.00517267	0.00505527
176	0.0545044	0.00258209	0.0462074	0.0832559	0.000512982	0.0383954	0.024657	0.00564486	0.194438	0.0225897	0.0102634	0.103862	0.00126517	0.0981047	0.119255	0.0999626	0.0723925	0.0154819	0.000164851	0.00646016
177	0.0412594	0.0143101	0.000527826	0.000970949	0.0144938	0.00111643	0.00529377	0.305533	0.00567519	0.116567	0.02529	0.00627506	0.00244664	0.00371361	0.00311538	0.00782104	0.0191335	0.41361	0.000555986	0.0122912
178	0.0153048	0.00935145	0.00192036	0.00288075	0.0411591	0.00238368	0.00346793	0.165405	0.00437523	0.517676	0.0834007	0.00447342	0.00155751	0.00474664	0.00390845	0.00940382	0.0208652	0.0931488	0.00112443	0.0134461
179	0.0438089	0.024102	0.0418941	0.00614191	0.00346249	0.0616084	0.0054268	0.0205579	0.0479672	0.0113153	0.00703766	0.06982	0.0215226	0.021774	0.0617698	0.415015	0.103558	0.0280007	0.00162972	0.00358752
180	0.0659708	0.00372201	0.201176	0.198766	0.00290326	0.156487	0.0142461	0.00513628	0.0414372	0.012344	0.00566479	0.0672686	0.00945727	0.0588954	0.0213991	0.0807616	0.0334186	0.0140501	0.00197962	0.00491589
181	0.0381903	0.00170507	0.204803	0.359563	0.00316288	0.0284568	0.0128618	0.00503143	0.0497149	0.0253867	0.00995714	0.0444991	0.00411272	0.0947795	0.0261122	0.0403279	0.0248012	0.016734	0.00594958	0.00385076
182	0.124334	0.032925	0.00287246	0.0290378	0.0290041	0.0407962	0.00633207	0.136334	0.0136768	0.0232017	0.0103486	0.0259246	0.00774242	0.00540602	0.0295513	0.0735463	0.167877	0.226853	0.00371969	0.0105169
183	0.0732831	0.00432673	0.132111	0.212018	0.00585475	0.0470215	0.0269195	0.00358726	0.0887518	0.0182487	0.00878268	0.0685471	0.00904449	0.0972249	0.0412674	0.077816	0.0546042	0.0184298	0.001532	0.0106293
184	0.0299077	0.0129357	0.00349726	0.00208757	0.0867518	0.00559201	0.0159478	0.0657306	0.00422316	0.505023	0.122322	0.00377851	0.0027832	0.00214713	0.00641163	0.0096345	0.00976251	0.0350598	0.00869036	0.0677145
185	0.0516928	0.0092445	0.0250319	0.00648468	0.0422534	0.00459753	0.213304	0.00851978	0.0239167	0.0208419	0.0262584	0.137892	0.00292698	0.0650005	0.00938814	0.0530393	0.0304518	0.0276867	0.00283484	0.238634
186	0.0303683	0.00387224	0.00190521	0.00847293	0.0054863	0.011679	0.00889732	0.0740792	0.0193841	0.386092	0.10402	0.0398254	0.0161753	0.0696086	0.0419584	0.0549905	0.0570858	0.0552422	0.000786126	0.0100716
187	0.0638965	0.00446135	0.136405	0.221745	0.00621197	0.0431709	0.0291148	0.00330504	0.0808048	0.019052	0.00807275	0.0695753	0.00841514	0.100886	0.0392195	0.074477	0.0589712	0.018916	0.00181239	0.0114872
188	0.0101628	0.00418341	0.00114993	0.00329121	0.646037	0.00230536	0.0185362	0.0128608	0.00325735	0.0729314	0.0158808	0.00455408	0.00123935	0.00433139	0.00327854	0.00960784	0.00790029	0.0211944	0.00474987	0.152549
189	0.0142685	0.0125356	0.00149023	0.000914841	0.0593978	0.00231178	0.00354024	0.0606002	0.0022418	0.614015	0.152633	0.00207258	0.00101508	0.0032706	0.00297335	0.00502195	0.0125521	0.033047	0.0016244	0.0144739
190	0.0214404	0.0124358	0.0034675	0.018481	0.168191	0.00522352	0.120556	0.0368487	0.0219332	0.0699473	0.00990418	0.0450952	0.00363277	0.0292866	0.0194133	0.0386133	0.0339541	0.064965	0.0199227	0.256688
191	0.0499702	0.00544035	0.026333	0.0578507	0.000804695	0.0272993	0.0270652	0.00761599	0.253379	0.0188461	0.00787967	0.0739506	0.00455314	0.0854158	0.194561	0.0851191	0.0496813	0.014766	0.000261662	0.00920763
192	0.0191875	0.012364	0.0150403	0.0576516	0.00381052	0.0288566	0.118598	0.00588321	0.0802377	0.0290293	0.0218398	0.231945	0.00417805	0.0684614	0.11595	0.0846897	0.0535756	0.0107	0.0010289	0.0369734
