349	20
1	0.0461686	0.000952981	0.00112387	0.0875932	0.0120757	0.00143632	0.00878263	0.00762613	0.283868	0.00952299	0.00265467	0.00764077	0.000578453	0.0318648	0.345222	0.0666483	0.0605065	0.0192748	0.000372118	0.0060867
2	0.0484389	0.00106191	0.0309113	0.0214467	0.176114	0.00141117	0.044575	0.0589823	0.0122739	0.08112	0.042024	0.0327347	0.00242937	0.00228981	0.0334738	0.0123927	0.0243023	0.0317535	0.0247785	0.317487
3	0.0450464	0.000890429	0.00105889	0.0901251	0.0118364	0.00132607	0.00825328	0.00740371	0.28289	0.0084911	0.00179625	0.00697359	0.000585166	0.0315494	0.349717	0.0672653	0.0591759	0.0191968	0.000388786	0.0060308
4	0.0123659	0.00420083	0.00112962	0.00243298	0.0667806	0.00110487	0.00122806	0.308326	0.00154948	0.338822	0.155057	0.00463639	0.00215039	0.00196289	0.00368079	0.00170528	0.00604052	0.0806284	0.000558671	0.0056392
5	0.107838	0.00394481	0.0045633	0.00867378	0.00190285	0.0440513	0.00914482	0.0036446	0.0242082	0.0056488	0.00342045	0.0291605	0.625127	0.00220804	0.0507659	0.0533663	0.00520919	0.0133572	0.000594125	0.00317025
6	0.0663225	0.00226518	0.213879	0.3389	0.00029026	0.0250719	0.00721842	0.000901979	0.0853544	0.00417121	0.00275815	0.0403951	0.0135309	0.0760851	0.0357178	0.05821	0.0247058	0.00383046	0.00011049	0.000280801
7	0.0757525	0.000891162	0.0789187	0.155741	0.00353431	0.0682286	0.0412078	0.0025862	0.102466	0.013418	0.00924616	0.0517844	0.000319152	0.182964	0.093248	0.0627643	0.0401911	0.00875831	0.000200757	0.0077783
8	0.11289	0.0313683	0.00559696	0.105274	0.0171438	0.174072	0.00506808	0.0139387	0.039015	0.00667841	0.00497498	0.0124835	0.237697	0.00448247	0.012462	0.128854	0.064933	0.0188677	0.00126051	0.00293943
9	0.0114966	0.0097213	0.00332352	0.0208724	0.0383738	0.00447316	0.0225672	0.080647	0.00486527	0.0639541	0.322834	0.0274859	0.00166019	0.00402292	0.0212876	0.0323603	0.171708	0.153258	0.00110648	0.00398248
10	0.032527	0.00293333	0.162542	0.0626236	0.00204485	0.0330934	0.0191033	0.00243776	0.0281571	0.0132452	0.00270096	0.0673809	0.345981	0.00660877	0.00878907	0.146682	0.0497978	0.00301876	0.00133981	0.00899414
11	0.214678	0.00195894	0.0133239	0.0302921	0.00149748	0.0185871	0.00505622	0.00306705	0.0593842	0.00442816	0.0030311	0.0264939	0.471632	0.00411849	0.0657691	0.0627535	0.00426282	0.00635798	0.000605791	0.00270255
12	0.0524395	0.00243324	0.234445	0.347292	0.00104723	0.0178753	0.00600108	0.00233935	0.059053	0.00985663	0.00324915	0.0284575	0.0154467	0.0727794	0.0665318	0.045887	0.023978	0.00973345	0.000317471	0.000837339
13	0.167426	0.00655873	0.024174	0.00671803	0.00464452	0.00532197	0.0417237	0.21989	0.0074408	0.0425818	0.0166671	0.00985696	0.00202096	0.00522446	0.00590655	0.0362081	0.1303	0.260873	0.00119139	0.00527124
14	0.253964	0.018519	0.0120832	0.00849456	0.00564447	0.00953202	0.014365	0.184617	0.00733592	0.0433224	0.0246622	0.00721164	0.00179188	0.00639147	0.00640563	0.0315514	0.11095	0.246928	0.0011564	0.00507441
15	0.0458086	0.00196787	0.00447023	0.0188289	0.166916	0.00477681	0.047594	0.00805459	0.0221865	0.0126572	0.00498884	0.00485962	0.00128563	0.0347017	0.0754563	0.0248951	0.00533932	0.00502797	0.00233054	0.507854
16	0.0791376	0.00094094	0.0788599	0.156632	0.00376354	0.066579	0.0399132	0.00266344	0.0983265	0.0146002	0.00988446	0.0487966	0.000458228	0.182934	0.0941899	0.0659652	0.0397222	0.00908826	0.000218038	0.00732637
17	0.0178598	0.000703008	0.000451906	0.00272964	0.0465869	0.000453538	0.000542056	0.328478	0.000657401	0.319449	0.0930156	0.00778922	0.00239448	0.000641662	0.00454753	0.000754327	0.00110486	0.163504	0.000147061	0.00819006
18	0.0129013	0.00543059	0.000566827	0.000769617	0.00292048	0.000530984	0.000724374	0.434745	0.0018796	0.0347579	0.0124504	0.000644243	0.000248259	0.00065937	0.000796561	0.00365448	0.0128797	0.472724	0.000250418	0.000465205
19	0.0337422	0.00403129	0.00471257	0.00632352	0.00367073	0.00479742	0.320632	0.027407	0.164883	0.00773049	0.00574274	0.0415467	0.00226324	0.00495705	0.111866	0.169894	0.0743334	0.00688647	0.0011619	0.00341818
20	0.0498824	0.00180316	0.296292	0.297702	0.00203918	0.0286795	0.0173665	0.00291671	0.0604562	0.00449126	0.00447333	0.0462716	0.0128722	0.0636804	0.0273595	0.0505344	0.0255712	0.00559241	0.00037718	0.00163882
21	0.0662021	0.00354074	0.256126	0.3463	0.0184907	0.00646901	0.0919138	0.00690516	0.0164108	0.00867075	0.00542758	0.0104005	0.00307634	0.0314694	0.00683821	0.0186496	0.00747485	0.0212154	0.00812094	0.0662982
22	0.0380446	0.0119335	0.00614729	0.0187402	0.0158144	0.00591983	0.0151775	0.198566	0.0176149	0.299297	0.113506	0.00893907	0.00407214	0.0545501	0.0121583	0.0173345	0.0788561	0.0709495	0.00183934	0.010541
23	0.115651	0.00555814	0.0329131	0.0585586	0.0504501	0.0158502	0.0310607	0.0229073	0.0640023	0.0952908	0.103258	0.0445675	0.00193304	0.0645076	0.0492486	0.118219	0.0777875	0.0244643	0.00206112	0.0217105
24	0.0573599	0.00982474	0.00320737	0.0199682	0.0478398	0.00287488	0.00784307	0.100593	0.00419244	0.462319	0.156474	0.011041	0.0401983	0.00492674	0.00391134	0.00698797	0.0302051	0.0213212	0.00416888	0.00474362
25	0.0452219	0.00167739	0.282482	0.380259	0.00211787	0.0198309	0.0128779	0.00359279	0.0514945	0.00546527	0.00365762	0.0270123	0.00774419	0.0696429	0.0239902	0.0351814	0.0184967	0.00587587	0.000477763	0.00290161
26	0.0216121	0.00151648	0.000939482	0.00166321	0.000531336	0.934347	0.000933185	0.00111237	0.00184461	0.00240274	0.00103578	0.00840147	0.000349725	0.000972711	0.00165351	0.0122605	0.00623898	0.00121106	0.000416564	0.0005577
27	0.0529217	0.00481715	0.00879146	0.0131483	0.00662524	0.00687869	0.00987191	0.0371252	0.121228	0.0450026	0.012429	0.39691	0.00269984	0.0739742	0.0134484	0.130664	0.0443058	0.0115845	0.00217643	0.00539827
28	0.210154	0.00551897	0.0116386	0.0182379	0.00209851	0.0238424	0.00645925	0.00794363	0.0213174	0.00764753	0.00568403	0.018371	0.451786	0.00361413	0.0251219	0.146199	0.0173083	0.0123426	0.000663396	0.00405193
29	0.108383	0.00775098	0.0173333	0.0355463	0.0295753	0.0090869	0.0198684	0.0351318	0.169053	0.0781199	0.0521168	0.0201115	0.00251094	0.0458698	0.169684	0.0600492	0.103479	0.0246086	0.00420013	0.00752016
30	0.014028	0.00847109	0.00319177	0.00465665	0.0206307	0.00399029	0.00831285	0.0109024	0.00608416	0.312701	0.433196	0.00390541	0.00169392	0.116149	0.0309527	0.00516842	0.00585683	0.00632778	0.0010507	0.00273085
31	0.0726674	0.00124962	0.118375	0.178399	0.00334084	0.0591658	0.0441427	0.00448643	0.089835	0.0148495	0.00939824	0.0554524	0.00307507	0.140299	0.0832708	0.0590349	0.0493126	0.00812315	0.000295229	0.00522721
32	0.0157612	0.00144823	0.0510248	0.0211189	0.00123609	0.0107973	0.0115944	0.0245015	0.464637	0.00377839	0.00250871	0.010853	0.000909623	0.0853826	0.244604	0.00373748	0.0123594	0.0317323	0.000599117	0.00141535
33	0.0178565	0.00579736	0.00209514	0.00326157	0.0420465	0.00113283	0.00341022	0.284111	0.00374202	0.36234	0.0914943	0.00635977	0.00312297	0.00465847	0.00548023	0.00251473	0.0136028	0.136563	0.0028413	0.00756904
34	0.0280061	0.0313291	0.0034431	0.00600167	0.0324135	0.00364564	0.0059449	0.12292	0.00471431	0.0282758	0.569763	0.00603498	0.00195647	0.00388661	0.00554598	0.00806672	0.0530341	0.0609954	0.00112899	0.0228939
35	0.156949	0.00431586	0.0594598	0.0581349	0.0327843	0.0320534	0.0307694	0.0388868	0.0305651	0.0788206	0.0612492	0.0592577	0.00121448	0.0869552	0.0346469	0.0915443	0.0826611	0.0490466	0.000655078	0.0100301
36	0.403015	0.0410059	0.00346415	0.00476321	0.00166198	0.06892	0.00302391	0.0131874	0.00332928	0.00497715	0.0212958	0.0743129	0.00564238	0.00285403	0.00312004	0.215341	0.117764	0.0098778	0.000606961	0.00183734
37	0.0190085	0.000616571	0.000509028	0.0025387	0.0499733	0.000479863	0.000632531	0.330553	0.000670837	0.310678	0.0959411	0.00668922	0.00224167	0.00071936	0.00504929	0.000862283	0.00141812	0.161667	0.00021735	0.00953387
38	0.0709418	0.00683767	0.185061	0.134075	0.00341531	0.04837	0.0331449	0.00597213	0.0369044	0.00851773	0.0190417	0.124677	0.0524453	0.0435175	0.0466371	0.123612	0.0430587	0.00536858	0.00157142	0.00683087
39	0.0320016	0.00984431	0.00652868	0.0130547	0.00552488	0.00468102	0.00717005	0.31433	0.0549676	0.054849	0.0189353	0.00484688	0.00135822	0.00657009	0.00871998	0.00789158	0.0293999	0.413779	0.00285912	0.00268885
40	0.055446	0.0111127	0.0855254	0.0467367	0.00949977	0.048306	0.0621482	0.0207866	0.0445655	0.0343932	0.0238635	0.298248	0.0125082	0.0448727	0.0393686	0.0654701	0.0539915	0.0203259	0.00861686	0.0142143
41	0.0654163	0.00214513	0.02084	0.0155905	0.157014	0.00236558	0.0301754	0.0684023	0.0122794	0.119747	0.107482	0.0336517	0.00495771	0.00407176	0.0262834	0.0283948	0.0220499	0.0295813	0.0315728	0.217979
42	0.0218266	0.0160291	0.00136249	0.00172556	0.00251874	0.00131394	0.00188565	0.512981	0.00285762	0.0251122	0.0172281	0.00147079	0.00076954	0.00206068	0.00189278	0.00417019	0.0335499	0.349698	0.000361252	0.00118548
43	0.0255379	0.00132153	0.44236	0.152222	0.0054409	0.0546006	0.0411268	0.00654973	0.0254949	0.00248247	0.00784653	0.0902034	0.0201508	0.0299364	0.00927139	0.0420165	0.0372017	0.00443644	0.00082405	0.000975983
44	0.070188	0.00576099	0.0197454	0.0855527	0.0369286	0.0132159	0.0408787	0.0448569	0.137098	0.0932876	0.0533332	0.029405	0.00269489	0.0948749	0.050948	0.0537668	0.0851447	0.0343484	0.000868031	0.0471037
45	0.026621	0.0015458	0.451127	0.120102	0.013217	0.0464887	0.0515268	0.00931262	0.0169573	0.0062644	0.012109	0.0873625	0.0196479	0.0260487	0.00788049	0.0454841	0.0437554	0.0071896	0.00121051	0.00614883
46	0.0996738	0.00242738	0.0904978	0.240415	0.00325064	0.0598781	0.0224816	0.00513742	0.0791775	0.0154686	0.0103172	0.0376176	0.00498839	0.170107	0.0570609	0.0559103	0.0276508	0.0116381	0.000736034	0.0055659
47	0.0395128	0.00495634	0.0165086	0.0199224	0.187867	0.0070917	0.0274002	0.0315413	0.0175952	0.0575021	0.030197	0.0156043	0.00932305	0.0178284	0.0326256	0.0185178	0.0222095	0.0255999	0.0171997	0.400997
48	0.0943387	0.00646357	0.0349497	0.0298577	0.00343359	0.0250779	0.00986333	0.00666959	0.0282566	0.0123232	0.00652746	0.0276815	0.584573	0.00643021	0.0258598	0.0578239	0.0183033	0.0122248	0.00125208	0.00809059
49	0.11119	0.00343359	0.00634186	0.0149054	0.00431813	0.00440649	0.0449352	0.108223	0.0625359	0.0274814	0.0568144	0.00834169	0.00206415	0.348233	0.0680456	0.0404961	0.0090782	0.0741208	0.00140531	0.00362955
50	0.028683	0.0147048	0.00682993	0.0102253	0.010865	0.0104939	0.0195617	0.152703	0.00784034	0.0400928	0.0833752	0.0211095	0.00226205	0.00662689	0.00798264	0.0779893	0.316676	0.169789	0.00153969	0.0106493
51	0.119525	0.00862798	0.0553289	0.0997902	0.00783705	0.0501494	0.0584122	0.00543048	0.0677667	0.0182435	0.0247274	0.124936	0.00369374	0.0915236	0.0878034	0.105573	0.0501316	0.00941136	0.00061521	0.0104737
52	0.0273347	0.00216817	0.0145028	0.0269699	0.00331374	0.00793515	0.0069244	0.00472684	0.102783	0.0105455	0.00457182	0.0458048	0.00320076	0.0474985	0.627697	0.0309104	0.0195186	0.00676271	0.00418728	0.00264389
53	0.176037	0.229831	0.00762378	0.00730834	0.00468232	0.0158603	0.00602918	0.0801844	0.00691746	0.0601803	0.0684407	0.00850113	0.00284106	0.00864527	0.0108195	0.0449956	0.0354069	0.219673	0.00229205	0.00373003
54	0.0435201	0.017101	0.000614638	0.000906668	0.00429562	0.00612616	0.000734972	0.164718	0.00132632	0.0777783	0.0056408	0.000942773	0.000339337	0.00074073	0.000867193	0.00129085	0.00261329	0.663821	0.00602149	0.00060132
55	0.118735	0.0211263	0.0706177	0.0551645	0.00609093	0.039772	0.0739341	0.00488475	0.0373467	0.0136662	0.0185422	0.16975	0.00512712	0.0467377	0.0743094	0.156278	0.0642665	0.00878294	0.000802938	0.0140648
56	0.00990516	0.00422255	0.00326473	0.00477551	0.0028812	0.00281254	0.00360587	0.37334	0.00453657	0.00737536	0.545156	0.00396886	0.00166153	0.00351472	0.00411694	0.00585987	0.00675441	0.00733067	0.00114948	0.00376773
57	0.0188708	0.0039692	0.00059588	0.00266556	0.0388276	0.000767954	0.00098651	0.320015	0.00110415	0.326201	0.0823599	0.00761316	0.00226112	0.0015694	0.00458895	0.000969993	0.00466794	0.17434	0.000260298	0.00736587
58	0.471701	0.0100956	0.00680289	0.00847793	0.00175753	0.309765	0.00312571	0.00655204	0.00374176	0.0172318	0.00535068	0.00661501	0.00405119	0.00342914	0.00385744	0.083937	0.0370251	0.0138699	0.000685631	0.00192738
59	0.0176167	0.00534717	0.26744	0.00679704	0.00370713	0.0310402	0.0621562	0.00599861	0.0567383	0.00856555	0.00587478	0.218566	0.00234376	0.00569084	0.249704	0.0311897	0.00851306	0.00668045	0.0015325	0.0044978
60	0.0219169	0.0113544	0.00433562	0.00491937	0.0451066	0.00510251	0.0111307	0.102793	0.00711001	0.472658	0.183542	0.00865176	0.00487484	0.0220358	0.0122458	0.00893655	0.0149314	0.0439055	0.00330778	0.0111411
61	0.0212124	0.00187184	0.0051746	0.00516772	0.301892	0.00629532	0.00777796	0.025636	0.00424678	0.0534757	0.0108449	0.00634401	0.00362745	0.00283599	0.00698584	0.00548458	0.0151899	0.0185469	0.378061	0.119329
62	0.0121202	0.00284024	0.00463982	0.00599366	0.00353177	0.00412742	0.584067	0.00548955	0.0465659	0.00758516	0.00500416	0.280425	0.00202322	0.00493425	0.00497024	0.0076846	0.0068687	0.00618297	0.00144722	0.00349929
63	0.461899	0.00886121	0.00418274	0.00471641	0.00173485	0.0734676	0.00249017	0.0284647	0.00288603	0.0055331	0.0219485	0.0307084	0.0102436	0.00296108	0.00278797	0.232554	0.0881447	0.013995	0.000799342	0.00162166
64	0.0332337	0.00191024	0.129848	0.0527014	0.00180079	0.0171997	0.012122	0.00234133	0.0311675	0.0119694	0.00223295	0.0567399	0.436219	0.00444177	0.00984411	0.139481	0.0409628	0.00298251	0.000590785	0.0122108
65	0.0769855	0.00981875	0.004613	0.0243816	0.00233539	0.00351111	0.0211266	0.257191	0.0467578	0.259097	0.0560296	0.00404913	0.0014021	0.0359796	0.0106416	0.00490042	0.0620797	0.113349	0.00141242	0.00433927
66	0.0665228	0.00222842	0.21169	0.338601	0.000301378	0.0257138	0.00730169	0.000884528	0.0855789	0.00414245	0.00274165	0.0401485	0.0133319	0.0772526	0.0359264	0.0586884	0.0247014	0.00383532	0.000115773	0.000292693
67	0.0241972	0.00154988	0.455317	0.14639	0.00550339	0.047615	0.0424795	0.00860493	0.0275459	0.00209844	0.00895903	0.0886959	0.0253634	0.025625	0.00745497	0.0351812	0.0421232	0.00384715	0.000762647	0.00068557
68	0.0598361	0.0112316	0.21814	0.133373	0.00216509	0.143754	0.0366547	0.00352533	0.0326342	0.00406852	0.00464752	0.102777	0.0196398	0.0155907	0.00629866	0.098743	0.0874503	0.00335435	0.0129998	0.00311554
69	0.0662289	0.00235219	0.21901	0.335465	0.000302254	0.0248514	0.00719729	0.00108504	0.0858788	0.00436425	0.00296666	0.0412418	0.0142736	0.0738671	0.0353733	0.0567839	0.0246493	0.00372331	0.000113043	0.00027257
70	0.132873	0.02417	0.00694759	0.0585111	0.0331631	0.11097	0.00666758	0.0135596	0.0505585	0.00948883	0.00631449	0.0190205	0.249612	0.00451241	0.0183758	0.103079	0.115605	0.0317069	0.000989396	0.00387563
71	0.0386051	0.00368129	0.00336435	0.00285123	0.0113594	0.00223524	0.0072146	0.30604	0.00364198	0.0601593	0.073026	0.0037568	0.00109888	0.00562551	0.00485459	0.00898035	0.161073	0.298007	0.000717788	0.003708
72	0.0258415	0.0021138	0.00215204	0.00365863	0.000776355	0.914741	0.00127503	0.00187959	0.00266895	0.00351967	0.00147266	0.00894637	0.00190311	0.00234126	0.00298202	0.0132484	0.00728488	0.0016973	0.000448798	0.00104906
73	0.140689	0.120628	0.00352777	0.00477001	0.00273502	0.0252276	0.00457933	0.00910196	0.00547501	0.00934287	0.00521243	0.00430015	0.00151265	0.00439855	0.0045074	0.0205783	0.427355	0.201626	0.00127629	0.00315607
74	0.1216	0.00527515	0.00627518	0.00634211	0.00294037	0.0741012	0.0054287	0.0107007	0.00660817	0.0370886	0.0113029	0.0354555	0.00441273	0.00543864	0.00609857	0.600704	0.0449799	0.0103098	0.00134702	0.0035909
75	0.160105	0.185086	0.00584589	0.00740061	0.00457794	0.0435249	0.00641731	0.0147826	0.00820316	0.0176223	0.0109344	0.0114386	0.00795296	0.00542964	0.00749864	0.0606702	0.34702	0.0890283	0.00190455	0.00455724
76	0.0259095	0.0068458	0.0019928	0.00135062	0.0044921	0.00133381	0.00300666	0.416432	0.00271546	0.0270097	0.0233248	0.00180325	0.000705893	0.00149566	0.00154594	0.00690475	0.0879859	0.38364	0.000305603	0.00119998
77	0.0241467	0.00230115	0.00240211	0.00349586	0.00134838	0.913265	0.00167614	0.00166805	0.00327062	0.0037206	0.00228087	0.00941437	0.000501985	0.00282901	0.00310225	0.0133678	0.0074115	0.00255705	0.000442457	0.000798256
78	0.0834588	0.00983474	0.0454267	0.0362403	0.00706325	0.0509687	0.0191781	0.0165062	0.0260074	0.0241013	0.0178989	0.0592807	0.0205423	0.0233252	0.029563	0.440238	0.0633813	0.0161499	0.00269463	0.0081404
79	0.088002	0.0126525	0.0414955	0.0319563	0.00825337	0.0508265	0.0168235	0.0142033	0.0196618	0.0253819	0.0169711	0.0558074	0.0309757	0.0168003	0.0203654	0.462063	0.059896	0.0147659	0.00305165	0.0100472
80	0.0654366	0.00555916	0.186859	0.347777	0.00597215	0.027442	0.020206	0.0127145	0.0599068	0.0201454	0.0125531	0.0292352	0.014596	0.0613715	0.0320596	0.0389046	0.028119	0.0193447	0.00144926	0.0103487
81	0.418909	0.0146888	0.0164528	0.0200001	0.00239317	0.288086	0.00679777	0.00956279	0.0155209	0.0224323	0.0103022	0.0180939	0.0108421	0.0100734	0.0116682	0.0680902	0.0339648	0.017511	0.00161828	0.00299238
82	0.170177	0.241276	0.00654541	0.00616389	0.00498384	0.011983	0.00505907	0.121124	0.00602728	0.0618255	0.0837715	0.00649647	0.00223461	0.00718396	0.0081949	0.0469596	0.0261156	0.178977	0.00148254	0.00341813
83	0.0436629	0.0104252	0.00687651	0.0222742	0.0166525	0.00474114	0.021884	0.129091	0.0168635	0.229075	0.265142	0.00994555	0.00384011	0.0977058	0.0211558	0.0175051	0.0314177	0.043527	0.00153167	0.00668285
84	0.0194889	0.00889071	0.00265215	0.0047663	0.0461993	0.00213417	0.00475278	0.238028	0.00484484	0.400355	0.0950823	0.00573806	0.00446865	0.00537771	0.00489999	0.00349572	0.0132719	0.115683	0.00882327	0.0110471
85	0.134366	0.00393277	0.00136306	0.00191283	0.000909039	0.809762	0.00137474	0.0016088	0.00179472	0.00729461	0.00131478	0.00742751	0.000433017	0.00130464	0.00169956	0.012898	0.00574221	0.00366234	0.000473757	0.000725551
86	0.0589665	0.0803897	0.00966261	0.0109354	0.00876424	0.256014	0.00895211	0.0288687	0.0132735	0.13494	0.112306	0.0107101	0.00416568	0.0105327	0.0119637	0.0246236	0.0732562	0.132896	0.0030586	0.00572075
87	0.0167054	0.0107024	0.00182028	0.00338747	0.0438707	0.00350738	0.00426585	0.165339	0.00441961	0.444642	0.159475	0.00486986	0.00304069	0.00993456	0.00653308	0.0051276	0.0161458	0.0904293	0.000740181	0.00504412
88	0.447728	0.0143888	0.00725747	0.00944155	0.00317279	0.353938	0.00488871	0.00765908	0.00750689	0.023088	0.00649946	0.00776781	0.00914034	0.00644055	0.00629769	0.0436516	0.0221195	0.0158987	0.000891644	0.00222345
89	0.105187	0.00541158	0.00445095	0.00646873	0.0570149	0.00455334	0.0868153	0.011744	0.00699132	0.291997	0.324692	0.0136983	0.00373886	0.0169348	0.0177187	0.00985608	0.00861855	0.0072175	0.0016421	0.0152498
90	0.0428681	0.0117602	0.00474808	0.00982295	0.0136927	0.0171434	0.00989409	0.0482217	0.345807	0.150171	0.0073077	0.00739799	0.00260607	0.0168106	0.140534	0.0145703	0.0141814	0.0358853	0.0899205	0.0166556
91	0.0177042	0.00475092	0.0056971	0.0088472	0.0474832	0.00718207	0.00740086	0.0143826	0.232909	0.0574957	0.0078307	0.011235	0.00302354	0.00794917	0.326277	0.0114323	0.0368355	0.0090824	0.177701	0.00477999
92	0.0186536	0.000807812	0.0052461	0.00661496	0.000763373	0.00542536	0.00112388	0.00143576	0.0807346	0.00615614	0.00128351	0.0408508	0.000407662	0.0487003	0.748908	0.0249156	0.00542361	0.0015563	0.000366616	0.00062614
93	0.0296851	0.00538453	0.00956473	0.0123499	0.2026	0.0199501	0.0134383	0.0265497	0.0340805	0.0567938	0.0115178	0.0195428	0.00545469	0.0112215	0.0384053	0.0127184	0.0203844	0.0225229	0.395027	0.0528082
94	0.125365	0.000908576	0.0142468	0.140983	0.00432219	0.00848936	0.0136841	0.00835326	0.29006	0.00938643	0.00418588	0.0171286	0.00500111	0.0807256	0.196769	0.0321421	0.0300104	0.0130658	0.00028459	0.00488946
95	0.0153801	0.00145006	0.0503182	0.0211832	0.00128956	0.0110791	0.0112874	0.0254707	0.466238	0.00369091	0.00252674	0.0111029	0.000923996	0.0838485	0.245224	0.00365221	0.0119526	0.0314116	0.000604585	0.00136556
96	0.28221	0.00193914	0.063428	0.130466	0.00193506	0.0412193	0.018669	0.00386782	0.124782	0.0210447	0.0115752	0.0398691	0.00218928	0.0858686	0.0606577	0.0771328	0.0219671	0.00761638	0.000556917	0.00300618
97	0.33397	0.00258226	0.0350728	0.191351	0.00234389	0.00367919	0.0040851	0.0047232	0.0516277	0.0475504	0.00442573	0.00391575	0.00159408	0.239179	0.00470342	0.0233699	0.0367575	0.00567757	0.00095236	0.00243952
98	0.114074	0.00284056	0.054116	0.133114	0.00268615	0.228895	0.0204018	0.00458913	0.110452	0.0157373	0.011919	0.0322296	0.00431929	0.0862918	0.0798998	0.051103	0.0302194	0.0118154	0.000410226	0.00488665
99	0.0580094	0.0114945	0.00401055	0.00974304	0.00448307	0.0251181	0.00830537	0.0424258	0.382175	0.180739	0.00625734	0.00573468	0.00194849	0.024793	0.0960825	0.0144501	0.00832241	0.0414666	0.0507943	0.0236472
100	0.0274004	0.00203009	0.141654	0.0500492	0.00194698	0.0196119	0.0129431	0.00268511	0.0297353	0.0123923	0.00283933	0.0584083	0.413566	0.00447961	0.00907711	0.154118	0.0425277	0.00317303	0.000564279	0.0107985
101	0.0973866	0.00596737	0.0301559	0.0238696	0.0025962	0.0247288	0.00959153	0.00686228	0.0238999	0.0123026	0.00712805	0.0257159	0.606957	0.00418086	0.0259642	0.0563311	0.0133003	0.0128541	0.00122404	0.00898372
102	0.052748	0.0142724	0.0859444	0.0516587	0.0112619	0.0347527	0.0507355	0.0210618	0.047762	0.0365455	0.0226652	0.300293	0.0166217	0.0457113	0.0494192	0.0716092	0.0452279	0.0208158	0.00919449	0.0116996
103	0.0108311	0.00631438	0.0010893	0.00210215	0.0655194	0.00107507	0.00129441	0.27353	0.00141663	0.384481	0.158336	0.00381086	0.00249796	0.00228093	0.00305701	0.00172416	0.00771241	0.067646	0.000649275	0.00463228
104	0.0237031	0.00805678	0.000523652	0.000726238	0.00405074	0.0025981	0.000641376	0.307327	0.00140147	0.0517414	0.0105083	0.000603319	0.000235623	0.000613877	0.000664385	0.00233243	0.0074224	0.574236	0.00219478	0.000418593
105	0.0173143	0.0417208	0.00360042	0.00925659	0.0867771	0.00451118	0.00867261	0.114663	0.0049217	0.0304342	0.428151	0.00985611	0.0026852	0.00402078	0.00989085	0.0149038	0.112686	0.085739	0.00102763	0.00916652
106	0.0831155	0.00732624	0.0386019	0.0188796	0.00301588	0.0789595	0.00988778	0.00675281	0.00657499	0.0148137	0.00875261	0.0963308	0.00623949	0.00917101	0.00808381	0.510385	0.079741	0.00719456	0.00151078	0.00466257
107	0.337783	0.00755065	0.00445185	0.00543012	0.0022477	0.0607249	0.00315474	0.0249476	0.00372463	0.00624779	0.0139291	0.0415782	0.0392548	0.00306036	0.00361353	0.321389	0.0919538	0.0260651	0.000966826	0.00192701
108	0.0889121	0.00779799	0.207404	0.110995	0.00285917	0.167939	0.0305459	0.00497981	0.0276796	0.00594188	0.00576293	0.117559	0.0146924	0.0241122	0.01092	0.0945125	0.0622526	0.00574819	0.00585514	0.0035299
109	0.0873958	0.00527846	0.0214458	0.0175183	0.141306	0.00500622	0.0288399	0.0897506	0.0117528	0.0816676	0.0417597	0.0234812	0.00235522	0.00663103	0.0261563	0.0144969	0.0240631	0.13599	0.0204765	0.214629
110	0.0604752	0.0099602	0.0406798	0.108102	0.0115577	0.0134251	0.326177	0.0218873	0.0264905	0.0313092	0.0201505	0.0306502	0.00717444	0.166601	0.0208394	0.0322718	0.0237701	0.028214	0.00636006	0.0139047
111	0.0352977	0.0109352	0.00583643	0.00485855	0.00616171	0.00515228	0.0105689	0.306478	0.00501545	0.0506556	0.0362242	0.0108123	0.00119455	0.00458553	0.00400552	0.0217501	0.130415	0.344026	0.00131635	0.0047105
112	0.0839376	0.172361	0.0027541	0.00334236	0.00309192	0.0084646	0.00318099	0.102996	0.00366423	0.0556643	0.0173938	0.00376301	0.0015961	0.0032222	0.00343328	0.0114804	0.0225489	0.490929	0.00401897	0.00215659
113	0.021967	0.00551571	0.00564995	0.0076908	0.0442639	0.00827603	0.0256157	0.116235	0.0239796	0.350887	0.0328444	0.00873831	0.0362265	0.00787608	0.0127936	0.0106847	0.0128794	0.0399907	0.173562	0.0543236
114	0.0987933	0.00716762	0.151338	0.216634	0.0124011	0.0210244	0.182338	0.0132592	0.0311772	0.0188764	0.0120522	0.0361623	0.00688813	0.0403552	0.0250783	0.0417689	0.0237072	0.0283481	0.00500258	0.0276278
115	0.0713465	0.00847502	0.043939	0.0775355	0.0113517	0.0192443	0.0225384	0.0248265	0.302505	0.0453743	0.01286	0.0292988	0.0143381	0.0565147	0.13706	0.0353344	0.0300685	0.0293748	0.0180138	0.0100006
116	0.192411	0.011521	0.0138177	0.0191348	0.211643	0.0132543	0.0261237	0.0339924	0.021465	0.0912348	0.160032	0.022466	0.0101046	0.0212829	0.0217452	0.0314429	0.0271802	0.0280534	0.0102306	0.0328656
117	0.297681	0.338954	0.0077056	0.00783786	0.00522601	0.0165622	0.00848215	0.0119489	0.00931033	0.0154855	0.0105835	0.0101007	0.00346019	0.00795881	0.00882394	0.0242551	0.169179	0.0395643	0.00187929	0.00500056
118	0.0209465	0.00108505	0.0192041	0.00734324	0.00093423	0.00613229	0.00614232	0.00191556	0.0821076	0.0125315	0.00232636	0.0632648	0.000688552	0.0483412	0.687509	0.0250242	0.00618997	0.00204453	0.00524238	0.00102684
119	0.0264344	0.00191096	0.012354	0.0129648	0.257217	0.00264447	0.0188277	0.0368634	0.00937313	0.106658	0.0337223	0.0152183	0.00692496	0.00554977	0.0233563	0.00935157	0.0224369	0.0230947	0.0231841	0.351913
120	0.0157837	0.00227199	0.00219607	0.00303536	0.443463	0.00570886	0.00285986	0.0156405	0.00313736	0.0517207	0.0164532	0.00304615	0.00117429	0.00273882	0.00265301	0.0041543	0.0101404	0.0169735	0.348471	0.0483779
121	0.0173551	0.000882792	0.38727	0.512392	0.000928615	0.00158186	0.00346459	0.00164343	0.0216643	0.0021984	0.00140752	0.00150508	0.000698559	0.0288574	0.00210129	0.00892854	0.0021228	0.00176257	0.000359942	0.00287554
122	0.0139547	0.0071594	0.000691902	0.000822252	0.00277265	0.000683113	0.000728166	0.448793	0.00190023	0.0310023	0.0114774	0.000769924	0.000319309	0.000673418	0.00084561	0.00371766	0.0155912	0.457225	0.000384227	0.000488168
123	0.0658437	0.00287077	0.242822	0.29213	0.0017357	0.055848	0.0187399	0.00386424	0.0580931	0.00797476	0.0049249	0.0518679	0.0130595	0.0566789	0.0269258	0.0528672	0.0314136	0.00854736	0.00148057	0.00231259
124	0.154466	0.005264	0.00588555	0.0872277	0.0101618	0.00553614	0.00726384	0.0992259	0.0078828	0.201732	0.175324	0.0326549	0.125979	0.00853418	0.00690732	0.0101585	0.0413829	0.00852704	0.00206271	0.00382348
125	0.0185788	0.000812694	0.00524097	0.00652298	0.000819453	0.00533686	0.00120577	0.00153434	0.0813959	0.0064363	0.00129403	0.0399322	0.000384231	0.0478031	0.749459	0.0246443	0.0054745	0.00166339	0.000723793	0.000737438
126	0.0437067	0.00393991	0.00673599	0.170835	0.0375209	0.00611011	0.0110615	0.0938068	0.0876394	0.173956	0.0165502	0.00679028	0.00271546	0.081892	0.0078427	0.00962328	0.0734066	0.0137102	0.00205715	0.1501
127	0.0459963	0.0175868	0.000624165	0.000890037	0.00410418	0.00645863	0.000737181	0.156294	0.00130248	0.0760049	0.00508807	0.000894248	0.000333744	0.000739733	0.00085874	0.00116293	0.00250441	0.671707	0.00610405	0.000607795
128	0.0359619	0.00200228	0.0921743	0.0446302	0.00208697	0.0113437	0.00895875	0.00288257	0.0378532	0.00925693	0.00280835	0.0599997	0.522472	0.00582143	0.0189979	0.0784313	0.0312929	0.00433588	0.00069121	0.0279986
129	0.0158722	0.00100634	0.497282	0.122865	0.00650488	0.052195	0.0481275	0.0072543	0.0147775	0.00140335	0.0085448	0.0966051	0.0216976	0.0215071	0.00367458	0.0377181	0.0379372	0.00364227	0.000740189	0.000644924
130	0.0795996	0.0803789	0.0408118	0.0148862	0.0476827	0.00989077	0.129145	0.0171853	0.0542299	0.0230465	0.0198488	0.0416894	0.0185631	0.0139114	0.266657	0.0422878	0.0125596	0.0281077	0.0013794	0.0581395
131	0.0273978	0.00320623	0.0132884	0.0129831	0.190061	0.00358138	0.016462	0.0502567	0.0113872	0.177202	0.026303	0.0170337	0.0251088	0.00517711	0.0363961	0.0103671	0.0734339	0.0202554	0.0159002	0.2642
132	0.02651	0.0293501	0.00619037	0.00550935	0.00373105	0.0276411	0.0396716	0.169528	0.00609745	0.0191044	0.0167115	0.0279047	0.00185488	0.00522747	0.00556691	0.0837708	0.29868	0.200055	0.00136452	0.0255308
133	0.0076076	0.0129655	0.0013387	0.00172747	0.0613011	0.00164529	0.00225065	0.150663	0.00230948	0.548588	0.153136	0.0023054	0.00386681	0.00335496	0.00166243	0.00213193	0.013978	0.0270151	0.000803534	0.00134918
134	0.0306196	0.00661397	0.192585	0.0219972	0.0026596	0.0212687	0.0159069	0.00483143	0.00614513	0.00713128	0.00430319	0.188195	0.00377424	0.0133343	0.0236828	0.178075	0.267807	0.00545578	0.00136252	0.00425244
135	0.249422	0.0170463	0.00409963	0.0121942	0.00438392	0.0759159	0.00615802	0.0469343	0.00973196	0.0116216	0.0362282	0.00748374	0.41113	0.00384168	0.0118067	0.0353691	0.0103899	0.04183	0.00111507	0.00329793
136	0.112807	0.00138592	0.137911	0.298595	0.001352	0.012517	0.0481345	0.0204737	0.0894843	0.030283	0.00202267	0.0283216	0.000929354	0.0277166	0.0234035	0.00877173	0.0155632	0.128839	0.000539397	0.0109489
137	0.0936036	0.000726544	0.0927946	0.205334	0.00230542	0.0524904	0.0260711	0.00377775	0.119234	0.0110072	0.00744368	0.037507	0.00240466	0.155491	0.0859248	0.0577121	0.0338155	0.00787435	0.000176678	0.00430573
138	0.263185	0.0622014	0.00456509	0.00480658	0.00294555	0.0108924	0.00480304	0.0487445	0.00491725	0.0922261	0.0178859	0.00412212	0.00205352	0.00446137	0.00845287	0.0297091	0.0692033	0.359548	0.00264198	0.00263475
139	0.228636	0.0110024	0.00551673	0.0319624	0.00283792	0.00495055	0.0110431	0.166625	0.0411646	0.182799	0.0721396	0.0053413	0.00270612	0.0382467	0.030922	0.0126584	0.0231988	0.124157	0.00135913	0.00273294
140	0.0663862	0.00239149	0.220243	0.334388	0.000308731	0.0247643	0.00720847	0.00117295	0.0861186	0.0044381	0.00303123	0.0413332	0.014562	0.073284	0.035435	0.0562729	0.0245979	0.00368092	0.000111138	0.000272306
141	0.0839746	0.00387255	0.00487415	0.00644363	0.00720667	0.0046581	0.0464999	0.00654958	0.00685742	0.407386	0.174209	0.00556277	0.00190306	0.00675734	0.0877223	0.00818592	0.00722648	0.00656576	0.00156212	0.121983
142	0.0496176	0.164801	0.00280609	0.0033921	0.00369898	0.00698029	0.00307916	0.149417	0.00368494	0.0923882	0.0163837	0.00300665	0.00139202	0.00309927	0.00318937	0.00834107	0.00912699	0.469714	0.00363051	0.00225122
143	0.0315878	0.00372858	0.404512	0.115495	0.00576357	0.0490212	0.0485605	0.0077699	0.0264655	0.00575447	0.00786323	0.118778	0.0231799	0.0260434	0.0161417	0.0534346	0.0431477	0.00755459	0.00157924	0.00361887
144	0.0198617	0.000938511	0.395845	0.450417	0.00207521	0.00930838	0.0110696	0.00244418	0.0219313	0.00214722	0.00267984	0.0160356	0.00383205	0.0288517	0.00335075	0.0142663	0.00765616	0.00285171	0.00056717	0.00387116
145	0.0734608	0.0614115	0.0807077	0.0256866	0.0255761	0.0178189	0.102785	0.011119	0.0366647	0.0174846	0.015314	0.16546	0.0154655	0.0201435	0.16533	0.0663237	0.0245699	0.0187985	0.00190003	0.0539803
146	0.0852529	0.0175673	0.0431819	0.0269716	0.00549011	0.0385835	0.0152368	0.0301021	0.0173405	0.0196544	0.0168848	0.0746441	0.00777174	0.0171388	0.0213342	0.195269	0.31346	0.0438168	0.00306033	0.00723897
147	0.0207232	0.0100159	0.00221558	0.00289348	0.00964333	0.00184946	0.00387921	0.402628	0.00396429	0.0798773	0.0264572	0.00381834	0.00094011	0.00279379	0.00250462	0.00610618	0.0276809	0.388378	0.000614966	0.00301637
148	0.281188	0.0329564	0.00489719	0.021573	0.00799328	0.146012	0.0057764	0.0617256	0.0144009	0.0102302	0.0241053	0.00727155	0.226795	0.00479785	0.00898494	0.0672331	0.0234174	0.045776	0.00148318	0.00338263
149	0.0242664	0.00995967	0.0027021	0.00230034	0.00527306	0.00181375	0.00459564	0.386909	0.00325137	0.0649851	0.0342578	0.00359456	0.000690847	0.00436748	0.0031265	0.00782893	0.094848	0.342051	0.000483857	0.00269366
150	0.160116	0.0102271	0.0213358	0.0557018	0.0132603	0.0191809	0.0311118	0.0520359	0.049434	0.182208	0.0705255	0.0210565	0.00528508	0.138327	0.0362633	0.0386779	0.0342813	0.0430598	0.00428938	0.0136234
151	0.0349244	0.00315106	0.00399475	0.00735415	0.001015	0.873158	0.00241916	0.00263996	0.00522416	0.00533878	0.00239843	0.00972889	0.00211837	0.00521716	0.00699389	0.0188239	0.00971296	0.00359561	0.00120394	0.000987218
152	0.0282517	0.015625	0.00586131	0.00506355	0.00419068	0.0141206	0.0242606	0.169313	0.00538216	0.0191952	0.0178757	0.0290872	0.00193079	0.00427991	0.0043551	0.0844953	0.332585	0.219758	0.00124983	0.0131189
153	0.0728486	0.0271233	0.0380582	0.0275573	0.0114506	0.0252739	0.0181798	0.0562323	0.0227746	0.0397344	0.0288835	0.0620871	0.0105095	0.0215087	0.0255013	0.0718649	0.355028	0.0720353	0.00358885	0.00975937
154	0.0180192	0.00151516	0.00955355	0.00725013	0.350198	0.00188304	0.0115593	0.0201085	0.00526416	0.0598775	0.0316498	0.010521	0.00317831	0.00297012	0.0131229	0.00708185	0.0136654	0.0172935	0.0237759	0.391513
155	0.0130107	0.00405465	0.0477098	0.00677655	0.00381466	0.00493322	0.00539479	0.00801245	0.00651269	0.00924483	0.00687145	0.13485	0.00255365	0.00996052	0.010332	0.0741676	0.640366	0.00695366	0.00151632	0.0029639
156	0.0994144	0.136998	0.00881488	0.0121918	0.00723798	0.356236	0.0117527	0.0241146	0.0174014	0.0974023	0.0354572	0.0149659	0.00853856	0.0105019	0.0140794	0.0323882	0.0353912	0.0657107	0.00461271	0.0067907
157	0.104254	0.00389623	0.0163237	0.0892565	0.00426054	0.0141362	0.086166	0.029147	0.0715319	0.0516362	0.0202274	0.0124219	0.00266439	0.319012	0.0292252	0.053309	0.0155311	0.0714514	0.00168016	0.00386961
158	0.0455514	0.00112556	0.028539	0.0183144	0.180533	0.00145963	0.0386198	0.0592507	0.0109728	0.0799683	0.0421385	0.0322029	0.00294922	0.00252942	0.0315296	0.0111285	0.0236805	0.0300857	0.0235298	0.335891
159	0.017524	0.000878017	0.39547	0.485153	0.00124161	0.0045976	0.00603936	0.00201196	0.0217022	0.00213388	0.00192187	0.00771565	0.0022701	0.0287201	0.00238046	0.010896	0.00449103	0.0019131	0.000368646	0.0025712
160	0.024743	0.00216581	0.202047	0.0571292	0.00288506	0.021361	0.0169356	0.00434228	0.0280797	0.00855075	0.00419369	0.0716062	0.395705	0.00818605	0.0107305	0.0869179	0.0333692	0.00421276	0.000709196	0.01613
161	0.0180726	0.00598505	0.000512987	0.000803617	0.00307265	0.00133706	0.000731102	0.383168	0.00173605	0.039223	0.0111319	0.000659964	0.00025951	0.000674038	0.000749445	0.00316544	0.0130031	0.514365	0.000907378	0.000441759
162	0.18418	0.000684893	0.0234238	0.185561	0.000794767	0.0146368	0.0111694	0.00887941	0.27369	0.0110476	0.00624117	0.0273578	0.00654056	0.103616	0.0914989	0.0196077	0.0168774	0.00870504	0.000299763	0.00518866
163	0.190572	0.00279562	0.0604863	0.10686	0.00385938	0.0960363	0.0298253	0.00509325	0.0680306	0.0657854	0.0463657	0.0260736	0.00140415	0.0859589	0.0933011	0.0519718	0.0525431	0.00885615	0.000539011	0.00364272
164	0.0176479	0.00161558	0.000509237	0.00256351	0.0421424	0.000491329	0.00100022	0.332221	0.000995493	0.31924	0.0888786	0.00737862	0.00231177	0.0017352	0.00470665	0.000816316	0.00435454	0.163377	0.000161603	0.00785353
165	0.114813	0.0387367	0.219693	0.0111149	0.00544771	0.00974457	0.168577	0.00775425	0.00773714	0.0105492	0.00662659	0.133039	0.00355211	0.00918313	0.0128902	0.177914	0.0195024	0.0340566	0.00199242	0.00707646
166	0.0671891	0.00235943	0.216562	0.332146	0.000343101	0.0263499	0.00805478	0.00138773	0.0867744	0.00515875	0.00303515	0.0417551	0.0139913	0.0728363	0.0358688	0.0553229	0.0250542	0.00526306	0.000154782	0.000392782
167	0.268417	0.00745925	0.0218214	0.072081	0.0125899	0.0177604	0.0190008	0.0281858	0.0335672	0.170719	0.0767388	0.0203621	0.00365968	0.079045	0.0306601	0.0683057	0.0344041	0.0263517	0.00153279	0.00733806
168	0.0264159	0.00878351	0.000697057	0.00126873	0.0149092	0.0029139	0.000900883	0.264839	0.00150649	0.161308	0.0316572	0.00256219	0.000889844	0.000996053	0.00209374	0.00184605	0.00572437	0.465479	0.00237804	0.00283089
169	0.0924368	0.00234348	0.251328	0.11474	0.00241867	0.00354194	0.0037385	0.120889	0.0207588	0.0784332	0.00409586	0.00434425	0.00146025	0.033775	0.0048094	0.0212321	0.104068	0.132038	0.00104113	0.00250703
170	0.18281	0.000712062	0.0230456	0.196337	0.000759926	0.0124635	0.0113372	0.0104269	0.27392	0.0121365	0.00587255	0.0265054	0.00588995	0.10305	0.0858876	0.0184759	0.0158666	0.00956613	0.00033389	0.00460331
171	0.0418775	0.0017416	0.0212169	0.0214365	0.162523	0.00282779	0.0297004	0.0629224	0.0239147	0.116015	0.0543364	0.0315852	0.0031593	0.00278559	0.0532327	0.011265	0.0216565	0.0497118	0.0200094	0.268082
172	0.0910649	0.0296154	0.0121624	0.121138	0.00417625	0.0428305	0.0151376	0.00718835	0.0584115	0.00954389	0.00845138	0.335311	0.00374331	0.11599	0.0401711	0.0275924	0.0150968	0.00743985	0.00164476	0.05329
173	0.175742	0.000787047	0.0353216	0.177333	0.000801197	0.0237597	0.0119508	0.00753588	0.228701	0.0129407	0.0106343	0.0357193	0.00374266	0.10385	0.10019	0.0354811	0.0227881	0.00899123	0.00024822	0.00348192
174	0.125869	0.000688649	0.0555922	0.208014	0.00141156	0.0274075	0.0157455	0.0114498	0.189078	0.0137915	0.00731833	0.0357962	0.00240752	0.123076	0.0986408	0.0416831	0.0284644	0.00956282	0.000191857	0.00381201
175	0.0153205	0.00375588	0.00514276	0.00678116	0.0374633	0.0055581	0.0303861	0.112563	0.00732033	0.398406	0.0348805	0.00742281	0.0474153	0.00483729	0.00810332	0.00905687	0.0106716	0.0314006	0.162247	0.0612678
176	0.0158111	0.00100729	0.497645	0.122513	0.00653208	0.0522628	0.0481048	0.00724242	0.0148987	0.00141117	0.00849174	0.097106	0.0216533	0.0213737	0.00367429	0.0375812	0.0376801	0.00363843	0.000728683	0.000644234
177	0.0178462	0.0132759	0.00122401	0.00152683	0.00211224	0.00110277	0.00146153	0.508894	0.00266832	0.0183012	0.0118595	0.00120081	0.000860659	0.00135462	0.00138757	0.00396219	0.0350088	0.374736	0.000282118	0.000934266
178	0.104764	0.00574793	0.00397179	0.00865023	0.00244767	0.0484604	0.0114951	0.00583841	0.018143	0.00616123	0.00422738	0.0236339	0.62934	0.00215382	0.0439347	0.0524883	0.00754297	0.0175067	0.000461398	0.00303039
179	0.0180785	0.00072813	0.000477157	0.00248008	0.0454913	0.000453161	0.000595645	0.333716	0.000694662	0.308999	0.0906958	0.00712725	0.00229606	0.000770535	0.00469515	0.000818756	0.00247964	0.170675	0.00017546	0.00855271
180	0.0545326	0.0138907	0.0590864	0.0516976	0.0191788	0.018774	0.329995	0.0245914	0.0477611	0.0346951	0.0281508	0.105206	0.0129447	0.0366098	0.0360332	0.0464125	0.0288882	0.0237098	0.00665868	0.0211842
181	0.0172099	0.00664029	0.000691115	0.000828831	0.00367727	0.00137804	0.000965903	0.393013	0.00206499	0.0411161	0.0123933	0.000807422	0.000323022	0.000836179	0.00106238	0.00327662	0.0133766	0.498718	0.000946995	0.00067341
182	0.0360581	0.00336665	0.376198	0.172484	0.0064761	0.0414971	0.0373762	0.0097275	0.031026	0.00885331	0.00874756	0.0759973	0.0301016	0.0329798	0.0197843	0.0521742	0.0405031	0.0102877	0.00127192	0.00508942
183	0.510788	0.0147736	0.00363392	0.00378344	0.00201724	0.358592	0.00347569	0.00489773	0.00397335	0.0254833	0.00448526	0.00444787	0.0020707	0.00314419	0.00371491	0.0243286	0.00919391	0.0142573	0.000842237	0.00209716
184	0.242502	0.0155012	0.0262014	0.0535984	0.0114052	0.0346759	0.0276541	0.0206907	0.0723051	0.0341083	0.0236266	0.0317582	0.037577	0.0363932	0.171496	0.0694595	0.049462	0.0243889	0.00330671	0.0138905
185	0.0944968	0.0154786	0.0240996	0.026237	0.0180771	0.0353957	0.0201943	0.0364254	0.0253723	0.0611183	0.110669	0.0345585	0.0139417	0.0272871	0.0223787	0.33	0.0576994	0.0307545	0.00393007	0.0118864
186	0.0331039	0.00178884	0.00278224	0.00213536	0.000547161	0.912142	0.00110459	0.00136768	0.00208185	0.00367818	0.00164057	0.00859021	0.00074724	0.00126096	0.00187589	0.0140289	0.0077072	0.0023557	0.000441508	0.000620403
187	0.243481	0.00635665	0.00255095	0.00333416	0.000992593	0.666397	0.0018911	0.00348984	0.00234274	0.011363	0.00238698	0.00688423	0.00200422	0.00205599	0.00201772	0.0228354	0.0115396	0.0065339	0.000540438	0.0010024
188	0.0166736	0.0138688	0.00290195	0.00331378	0.512926	0.0031696	0.00623469	0.038572	0.00410276	0.0981365	0.208977	0.00558148	0.00188491	0.0087166	0.0053835	0.00649268	0.015233	0.0293923	0.00614967	0.0122893
189	0.0217578	0.00905476	0.000454472	0.000657684	0.00677715	0.00227378	0.000556213	0.292452	0.00131776	0.0698259	0.0134357	0.000629776	0.000230823	0.000505053	0.000656879	0.00206003	0.00534425	0.569397	0.00219395	0.000419077
190	0.224102	0.0265005	0.00385001	0.00683114	0.00668777	0.00786228	0.00483044	0.10082	0.00779722	0.150732	0.0179878	0.00379387	0.00214361	0.0057195	0.00719466	0.0133958	0.0196346	0.384102	0.0032164	0.00279956
191	0.0962772	0.00648244	0.0340546	0.027416	0.00246365	0.0251895	0.0094999	0.0064216	0.0240197	0.0124384	0.00680557	0.026848	0.596894	0.00568909	0.0246306	0.0561668	0.0153831	0.0131447	0.0010381	0.00913711
