277	20
1	0.00955414	0.0170128	0.0191918	0.0368397	0.00362701	0.010619	0.0178068	0.0273907	0.373223	0.0305722	0.0257272	0.0606276	0.00268997	0.0532829	0.238135	0.0404965	0.0219453	0.00297714	0.0024199	0.00586187
2	0.0556054	0.115494	0.00390634	0.0182995	0.0910194	0.0217978	0.020961	0.0768153	0.0189368	0.163374	0.0651697	0.00752242	0.00375814	0.0123255	0.0346526	0.106461	0.0440974	0.0613637	0.0133561	0.0650846
3	0.0225932	0.0132467	0.00372948	0.00209402	0.032664	0.00345741	0.00286485	0.436383	0.00263072	0.0880706	0.0440548	0.00147832	0.00226209	0.00147758	0.00278454	0.00400977	0.0227604	0.305212	0.00395675	0.00426929
4	0.0213268	0.0138601	0.00397372	0.00230871	0.0321793	0.00358867	0.00301083	0.434881	0.00286324	0.0885724	0.0452662	0.00145989	0.00246388	0.00176642	0.00291729	0.00352534	0.0212365	0.306722	0.00386106	0.00421651
5	0.0479111	0.010765	0.0255037	0.0638918	0.0130029	0.0103182	0.0574711	0.0266106	0.132416	0.132907	0.0849243	0.0395569	0.0409714	0.110347	0.0542978	0.0535333	0.0340136	0.0237063	0.00701732	0.0308345
6	0.0334656	0.0189693	0.113445	0.118828	0.015727	0.033056	0.122017	0.0187459	0.0696327	0.0317032	0.00911137	0.079379	0.0185961	0.0871066	0.0678237	0.066702	0.0313948	0.0210197	0.00241562	0.0408617
7	0.0338062	0.00169094	0.283388	0.320082	0.00733384	0.0318823	0.0276323	0.00387936	0.0546126	0.0150919	0.00193978	0.0661482	0.00635204	0.0503126	0.0186188	0.029354	0.0149403	0.0124355	0.000449084	0.0200495
8	0.00923796	0.0351927	0.00365949	0.00540521	0.289409	0.00631419	0.0462256	0.0458199	0.00693338	0.0819052	0.0139476	0.0107666	0.00244579	0.00784193	0.0136679	0.0161347	0.00663886	0.0304179	0.0153917	0.352644
9	0.0455245	0.0131635	0.00472001	0.00688879	0.0201071	0.0135767	0.00697118	0.0155539	0.0202648	0.124949	0.0100673	0.00588497	0.52346	0.0117436	0.0100837	0.0930534	0.019703	0.0387978	0.0021838	0.0133029
10	0.0143625	0.00457661	0.00236391	0.00876306	0.106956	0.00786605	0.00657136	0.104454	0.00627479	0.528284	0.0481644	0.00366016	0.0224249	0.00374405	0.00564272	0.0177084	0.0199013	0.0645075	0.00222369	0.0215503
11	0.0731626	0.0234739	0.0454113	0.0276428	0.0255718	0.0623635	0.0341371	0.0343715	0.0627193	0.0597682	0.0264369	0.0852426	0.030779	0.0318201	0.0680604	0.174771	0.0922823	0.033181	0.00339209	0.00541239
12	0.0348865	0.00602834	0.00244023	0.00328984	0.0505919	0.00230332	0.00130654	0.31902	0.00532947	0.185315	0.0733302	0.00131008	0.00144642	0.00307254	0.00415135	0.00466644	0.019935	0.27293	0.00468195	0.00396466
13	0.199728	0.0153399	0.0041993	0.00426153	0.0389486	0.0377721	0.00506575	0.12805	0.00644804	0.057889	0.0360177	0.00728352	0.00520873	0.00539931	0.00812126	0.03807	0.0392563	0.352157	0.00178508	0.00899897
14	0.0275709	0.00141886	0.236772	0.394066	0.00623228	0.0206249	0.0270617	0.0029062	0.0548548	0.0106961	0.00438014	0.0630704	0.00488136	0.0635725	0.0148177	0.0222936	0.0187069	0.00916047	0.000461376	0.0164514
15	0.0174592	0.0222232	0.0796578	0.0953531	0.0221405	0.0222648	0.158269	0.0206801	0.054037	0.0299025	0.00634811	0.0589664	0.0392147	0.134022	0.0687097	0.0832316	0.0252427	0.0147478	0.00157805	0.0459512
16	0.0406923	0.0319722	0.0413774	0.0602722	0.0142353	0.0271083	0.0259313	0.0796875	0.112547	0.0772358	0.0179548	0.0242054	0.0775125	0.0462518	0.069455	0.120816	0.0340309	0.0577488	0.0029335	0.0380325
17	0.103378	0.0231004	0.0436165	0.0550505	0.0385106	0.161937	0.0587456	0.0205718	0.047617	0.0261025	0.0151817	0.0748613	0.0115065	0.0234237	0.0527911	0.104049	0.0554302	0.0259632	0.0245918	0.0335715
18	0.0181233	0.0100311	0.00254957	0.00483682	0.221489	0.00521311	0.00460223	0.130195	0.00672774	0.368257	0.0414385	0.00423647	0.00840605	0.00630502	0.0135086	0.0126258	0.0137118	0.090888	0.00332927	0.0335264
19	0.0882372	0.0239293	0.0606069	0.0288402	0.0174704	0.0917886	0.0241924	0.0345725	0.0633191	0.0338262	0.0157536	0.0942972	0.0184799	0.0202749	0.038851	0.2032	0.087102	0.0284165	0.00472589	0.0221163
20	0.0456047	0.00754941	0.00166574	0.00494929	0.0578551	0.00664111	0.00149727	0.20204	0.00482105	0.362472	0.079112	0.00277626	0.00339371	0.00644673	0.00358787	0.0192122	0.0284991	0.149465	0.0022426	0.0101694
21	0.0200273	0.0917581	0.0305796	0.0513317	0.0564375	0.0551565	0.0810975	0.0225948	0.0258232	0.0214764	0.0077473	0.143356	0.0407105	0.103367	0.0533141	0.120472	0.0296279	0.014339	0.00327018	0.0275131
22	0.0439594	0.0252528	0.00501073	0.00668287	0.0262148	0.0122287	0.006104	0.0178234	0.0218524	0.138038	0.00934199	0.00706168	0.486558	0.0122187	0.0117272	0.105673	0.0168216	0.0322843	0.00202675	0.0131199
23	0.0495119	0.0200756	0.037108	0.0446515	0.0167559	0.0289331	0.0630928	0.0269869	0.102784	0.111759	0.0641592	0.0511883	0.0448299	0.088959	0.0625253	0.0772735	0.0410874	0.0294913	0.00507432	0.0337531
24	0.0409307	0.00982125	0.0856065	0.237635	0.00594125	0.0244568	0.037597	0.0151632	0.123737	0.05814	0.039685	0.0491119	0.0131155	0.0844012	0.0494247	0.0498616	0.0329535	0.023206	0.00427685	0.0149357
25	0.00724879	0.0143532	0.0163461	0.033554	0.00244796	0.0108158	0.0152163	0.019831	0.435541	0.0272133	0.0177488	0.0690834	0.00190039	0.0427542	0.221672	0.0370565	0.0186615	0.00237031	0.00191957	0.0042661
26	0.0620628	0.00716479	0.144674	0.236043	0.00221533	0.0309011	0.0209559	0.0247785	0.104095	0.0629628	0.0177375	0.0411713	0.0150585	0.0417959	0.0412271	0.0561851	0.0385958	0.0485584	0.00168271	0.00213331
27	0.0706678	0.0237716	0.0575699	0.0393155	0.0215674	0.0710017	0.0342312	0.0302476	0.0795611	0.0458753	0.0252545	0.086116	0.0240252	0.0304692	0.0679223	0.171454	0.0772953	0.033505	0.00467783	0.00547137
28	0.0373282	0.00562028	0.00240971	0.0028674	0.0468174	0.00232412	0.00136195	0.307028	0.00426794	0.200647	0.0795891	0.00139164	0.00132775	0.00385397	0.00429675	0.00477124	0.0214073	0.264506	0.00425947	0.00392431
29	0.0389593	0.0108743	0.0178596	0.0503475	0.0174801	0.00892026	0.052401	0.0317982	0.144325	0.120827	0.0970039	0.0395359	0.0263614	0.111036	0.0674547	0.0656687	0.0332161	0.0193515	0.00607461	0.040505
30	0.134885	0.0219941	0.00252588	0.00268598	0.034122	0.00704211	0.00482222	0.221944	0.00593745	0.12936	0.0489049	0.0140313	0.00844955	0.00443066	0.00616504	0.0632701	0.085939	0.18274	0.000757418	0.0199935
31	0.021616	0.0174711	0.0796947	0.11931	0.0147603	0.0228836	0.0998653	0.0209682	0.060797	0.0283114	0.00792132	0.0451768	0.0675207	0.125396	0.0749308	0.129541	0.031219	0.014539	0.00157444	0.0165027
32	0.0378577	0.132959	0.00521735	0.0111327	0.040233	0.0676236	0.0303611	0.0201198	0.0090076	0.0121017	0.00673707	0.139404	0.0267998	0.0329378	0.0636377	0.275461	0.057013	0.0161249	0.00161737	0.0136529
33	0.0114113	0.0209356	0.00804103	0.0245512	0.00682488	0.0126697	0.0374297	0.0329764	0.180015	0.0297781	0.0184893	0.0192666	0.00560049	0.0714011	0.409559	0.0510502	0.0132559	0.00562331	0.0272071	0.0139143
34	0.0329153	0.00604634	0.00251075	0.00253417	0.0474898	0.00170326	0.0014401	0.344635	0.00398112	0.155048	0.0662849	0.000844103	0.00152429	0.00175466	0.00382255	0.00214421	0.0191741	0.298245	0.00519698	0.0027056
35	0.100125	0.106296	0.00969538	0.00504911	0.0220254	0.0474341	0.00880133	0.0133153	0.00709464	0.0184956	0.0135722	0.0954415	0.00896595	0.00975027	0.023902	0.37474	0.103382	0.0244747	0.00198538	0.00545408
36	0.0197667	0.00546991	0.00148848	0.00647405	0.0727756	0.00858221	0.00154471	0.127243	0.00530876	0.53509	0.0663443	0.00159647	0.00787452	0.00559589	0.00352507	0.0178375	0.016988	0.0818149	0.00210767	0.0125729
37	0.180143	0.0155923	0.0201914	0.0271141	0.00936318	0.0829261	0.00391637	0.0262579	0.00895093	0.0422032	0.00601931	0.0198786	0.0160543	0.00402947	0.00815571	0.249331	0.226952	0.0377772	0.011758	0.00338541
38	0.156713	0.0231498	0.0022215	0.00205043	0.0322171	0.0083377	0.00527658	0.220541	0.00655097	0.083715	0.0345309	0.0133533	0.0092437	0.00225755	0.00700883	0.0717174	0.0928585	0.207379	0.000679511	0.0201985
39	0.00612409	0.0302873	0.00350321	0.00365482	0.306109	0.00546348	0.0498702	0.0393894	0.00598818	0.0507775	0.0108023	0.0118994	0.000721117	0.0082895	0.0132708	0.00967821	0.00454438	0.0219511	0.014096	0.40358
40	0.0405278	0.00629247	0.00220467	0.00304448	0.0481503	0.00262072	0.001182	0.287719	0.00409863	0.226459	0.0857031	0.00175673	0.00136594	0.00519657	0.0041506	0.00680165	0.0222114	0.241534	0.00386605	0.00511485
41	0.0892005	0.0988058	0.0081646	0.0121282	0.0395097	0.0394861	0.0152931	0.035586	0.0174579	0.0268752	0.0128765	0.0557749	0.00858934	0.0143133	0.0522464	0.289442	0.119879	0.0474642	0.0035177	0.0133895
42	0.0269165	0.00769878	0.00276773	0.0022549	0.0405832	0.00218579	0.00218648	0.386053	0.00332134	0.12752	0.0519661	0.000916167	0.00190451	0.0014595	0.0030848	0.00212619	0.0196948	0.310003	0.00444812	0.00290886
43	0.0546449	0.0412552	0.00440579	0.00925754	0.0104368	0.00792654	0.00595441	0.0989814	0.0156581	0.0118384	0.0176646	0.0116098	0.00280223	0.0153443	0.0507408	0.133715	0.437439	0.054811	0.001448	0.0140663
44	0.422463	0.0498255	0.00321114	0.00362466	0.0101556	0.0889978	0.0028259	0.0119127	0.0028472	0.0357867	0.00841831	0.00967395	0.00739107	0.00688469	0.0197564	0.0932445	0.0711756	0.148653	0.00107611	0.00207532
45	0.0257507	0.0340588	0.0638116	0.0271286	0.0310491	0.00994013	0.207586	0.0327608	0.0451643	0.0403806	0.00392641	0.0923562	0.0141192	0.10811	0.0807719	0.0386323	0.0247088	0.022577	0.00105442	0.0961134
46	0.00656467	0.0292796	0.00365951	0.00342021	0.317246	0.00510882	0.048243	0.0397256	0.00594366	0.0516865	0.010431	0.0112702	0.000732824	0.0078953	0.0127862	0.00990867	0.00471697	0.0231391	0.0154909	0.392751
47	0.0197544	0.0107215	0.00346766	0.00191765	0.0291406	0.00337707	0.00317791	0.448202	0.00238019	0.0836193	0.0344989	0.00113421	0.00258586	0.00132626	0.00223563	0.00244356	0.0212339	0.321879	0.00337814	0.00352647
48	0.0258925	0.00860935	0.362628	0.139972	0.00734185	0.0340151	0.0470631	0.0104298	0.0506463	0.0138967	0.00483141	0.116964	0.00888378	0.029915	0.0174613	0.067009	0.0139048	0.0166804	0.00187742	0.0219788
49	0.0326193	0.000935668	0.291148	0.328071	0.00757027	0.0277486	0.0284189	0.00302532	0.0520721	0.0131729	0.000992793	0.0672104	0.00641287	0.0524831	0.015972	0.0263994	0.0137206	0.0105277	0.000283385	0.0212159
50	0.00463711	0.0268496	0.00277714	0.0110614	0.0508851	0.0182955	0.00305108	0.0130193	0.0187954	0.0298534	0.00300911	0.00312599	0.00208487	0.00293616	0.0200733	0.0216591	0.0053797	0.00499781	0.75224	0.00526871
51	0.00996383	0.0190739	0.0152398	0.0531858	0.00209255	0.00956074	0.0220235	0.0179421	0.360942	0.0252903	0.0180892	0.058559	0.00203613	0.0826051	0.222689	0.0473076	0.0211154	0.00179046	0.00263926	0.0078551
52	0.00806545	0.00325443	0.000908118	0.00441844	0.0773899	0.00586711	0.00104238	0.106724	0.00345273	0.631666	0.0394327	0.00105509	0.0160212	0.00224947	0.0050182	0.0107183	0.00942891	0.0567657	0.00245318	0.0140687
53	0.0131915	0.0233688	0.0151314	0.058674	0.00397588	0.00741444	0.0323712	0.0170053	0.28803	0.0285574	0.0173244	0.0496387	0.00433258	0.11977	0.222272	0.0533713	0.0205535	0.00278156	0.00389333	0.0183426
54	0.0134988	0.0334313	0.0123132	0.0431595	0.00443174	0.00702837	0.0303547	0.0183497	0.305661	0.0272973	0.0170692	0.0415575	0.00414613	0.101306	0.240201	0.0605499	0.0202303	0.00321779	0.00343366	0.0127631
55	0.00984227	0.0363958	0.00682276	0.0185987	0.0235876	0.00675051	0.0330429	0.0396894	0.240321	0.0225536	0.014538	0.0172221	0.0164652	0.0806628	0.346595	0.0333916	0.0171915	0.00634404	0.0149012	0.0150835
56	0.0393063	0.00677922	0.00264654	0.0032819	0.0449508	0.00294092	0.00135398	0.296377	0.00425588	0.215559	0.0833692	0.00209924	0.00142545	0.00681601	0.00423083	0.00806114	0.0244465	0.242326	0.00351682	0.00625692
57	0.0188745	0.00570299	0.00106583	0.00592348	0.0707224	0.00867489	0.00103402	0.151976	0.00491445	0.507828	0.0652802	0.00105177	0.00828355	0.00477868	0.00371123	0.0149157	0.015108	0.0955158	0.00253476	0.0121032
58	0.0719632	0.025628	0.0646279	0.0483086	0.0215465	0.0915246	0.034776	0.0270796	0.0763249	0.036037	0.020478	0.0975316	0.0198412	0.0290637	0.0578571	0.166762	0.0644442	0.0332189	0.0059608	0.00702637
59	0.0729302	0.0263096	0.0136593	0.0173028	0.101769	0.0119218	0.0126668	0.166092	0.0186438	0.104827	0.0396759	0.0337403	0.0138761	0.0131003	0.0174766	0.0555886	0.074083	0.183463	0.00272921	0.020144
60	0.0220349	0.201759	0.0117836	0.0104296	0.065072	0.0115019	0.0105348	0.0633851	0.0323236	0.113458	0.0142534	0.021839	0.00524156	0.0121327	0.0172151	0.196305	0.0253785	0.142376	0.00608088	0.0168949
61	0.0342566	0.00557836	0.00183965	0.00490901	0.058845	0.00557498	0.00181905	0.20252	0.00455948	0.382675	0.0770952	0.00180441	0.004728	0.00518665	0.0041252	0.0115627	0.0200418	0.16138	0.00280065	0.00869865
62	0.0747614	0.0310305	0.0355139	0.0245893	0.0307296	0.0575109	0.0347559	0.0424088	0.0562045	0.0546638	0.0253604	0.0797772	0.0297948	0.0301392	0.0725537	0.169101	0.102457	0.0397552	0.0028797	0.00601311
63	0.0273067	0.00131132	0.23984	0.39472	0.00631971	0.0205472	0.0272621	0.00257844	0.0537953	0.0101114	0.00411115	0.0636183	0.00485181	0.0634406	0.0142852	0.0218696	0.0182398	0.00852587	0.000452087	0.0168132
64	0.00497168	0.026828	0.00282306	0.0111874	0.0506764	0.018658	0.00315193	0.0139675	0.0189327	0.0303719	0.0031926	0.00331381	0.00211328	0.00315762	0.0201884	0.0220687	0.00559804	0.0057304	0.747777	0.00529204
65	0.0379883	0.026812	0.12555	0.0925202	0.00622785	0.133585	0.0548563	0.00590594	0.104863	0.00356451	0.0130668	0.131462	0.00145656	0.0438164	0.034217	0.116633	0.0221016	0.0229293	0.00954065	0.0129033
66	0.0394537	0.00606118	0.00209258	0.00327649	0.049942	0.00311884	0.00119671	0.275054	0.00434731	0.248646	0.086942	0.00171891	0.00152137	0.0054649	0.0041538	0.00769852	0.0221328	0.227657	0.00369387	0.005828
67	0.0419082	0.00344829	0.230306	0.305902	0.00504781	0.0319135	0.0243415	0.00940095	0.0763313	0.0259793	0.00651235	0.0554194	0.00655985	0.0499591	0.0298639	0.0378193	0.0215695	0.0239269	0.000772796	0.0130183
68	0.0331912	0.0271485	0.117533	0.0980637	0.00671522	0.109274	0.0623885	0.00627974	0.113578	0.00642891	0.0130204	0.114737	0.00478037	0.0556937	0.0444103	0.116829	0.0251215	0.0208065	0.00827082	0.0157302
69	0.00727655	0.0144436	0.0163898	0.0337782	0.00250267	0.0108545	0.0152295	0.019951	0.435521	0.0270399	0.0176503	0.0689369	0.00190644	0.0431448	0.2212	0.0370111	0.018726	0.00236561	0.0018142	0.0042582
70	0.0368941	0.00644639	0.00294569	0.00391552	0.0538033	0.0033053	0.0022716	0.300538	0.00613451	0.193957	0.0653307	0.00209561	0.00351529	0.00242499	0.00434801	0.0055912	0.0200175	0.277072	0.00453026	0.00486393
71	0.0502846	0.118077	0.00815881	0.0167421	0.11128	0.0186513	0.0182475	0.0716113	0.0227385	0.139336	0.0392942	0.0112137	0.00616556	0.0363192	0.0416401	0.133439	0.031613	0.0704828	0.00955821	0.0451464
72	0.122984	0.0876227	0.0114013	0.00663565	0.0211691	0.0487254	0.00500083	0.0153903	0.00626575	0.0248843	0.0157311	0.0735855	0.00591791	0.0055643	0.0166868	0.373087	0.122164	0.0306558	0.00261711	0.00391225
73	0.0316441	0.00634952	0.0025257	0.00247149	0.0463368	0.00172486	0.00147225	0.350843	0.00386253	0.150283	0.0644893	0.000848198	0.00156237	0.00169921	0.00368505	0.00208016	0.0192593	0.300914	0.00529949	0.0026505
74	0.109088	0.0221916	0.0057638	0.00754325	0.0298461	0.00925809	0.00625569	0.162389	0.0123445	0.0539575	0.0359991	0.0205639	0.00790453	0.0070536	0.0166744	0.082461	0.229703	0.164967	0.00109423	0.014942
75	0.0190934	0.00501597	0.00200397	0.00817341	0.078956	0.0102609	0.00528985	0.107731	0.00573664	0.537281	0.0599084	0.00237053	0.0149717	0.00439958	0.00410469	0.0164938	0.021428	0.0770285	0.0018878	0.017865
76	0.0252915	0.00369022	0.39697	0.20046	0.00717089	0.0272461	0.0351463	0.00472055	0.046967	0.0108591	0.00201654	0.102026	0.00640865	0.0313655	0.0104455	0.0417518	0.0107572	0.0115155	0.000743771	0.0244479
77	0.0280737	0.0324272	0.0663449	0.0222184	0.0279023	0.0081946	0.184533	0.0352548	0.0478735	0.0443739	0.00400867	0.115589	0.0126946	0.0909589	0.0881825	0.0434049	0.026549	0.0255723	0.000965241	0.0948786
78	0.0731696	0.0249527	0.0438527	0.0248156	0.0278948	0.0675979	0.033615	0.0374058	0.0620392	0.0598976	0.0293766	0.0834618	0.034932	0.0297922	0.0649056	0.167518	0.0889744	0.0362561	0.00305294	0.00648954
79	0.0356846	0.00230417	0.0111362	0.0286458	0.0735875	0.0126031	0.0401249	0.0691355	0.016244	0.297576	0.0653631	0.0154824	0.063835	0.00192048	0.0118066	0.0160477	0.0566873	0.1351	0.00194251	0.0447737
80	0.0365344	0.00254269	0.00977693	0.0262921	0.0718883	0.0114474	0.0360277	0.0763391	0.0143149	0.311755	0.0692725	0.0130462	0.0597592	0.00235316	0.00982087	0.017113	0.0521011	0.134418	0.00175382	0.0434443
81	0.0586626	0.142922	0.00263128	0.0201374	0.101882	0.0287077	0.0285469	0.0734648	0.0184515	0.100076	0.0293242	0.00698625	0.00161566	0.00892812	0.045581	0.131414	0.0416952	0.0648888	0.0174538	0.0766308
82	0.03757	0.0267827	0.126449	0.0924181	0.00621275	0.13217	0.0557597	0.0058927	0.104579	0.00352758	0.0130335	0.132103	0.00144614	0.0449034	0.034113	0.115742	0.0221711	0.0226463	0.00946799	0.0130125
83	0.0411774	0.0245415	0.0936359	0.121753	0.0108802	0.121189	0.0452707	0.0127089	0.0840906	0.0175716	0.013346	0.0930352	0.0110033	0.0456543	0.0636648	0.128146	0.0288838	0.0242835	0.00728898	0.0118756
84	0.0174512	0.0152967	0.100595	0.158092	0.0129517	0.021919	0.0929815	0.0169702	0.0720117	0.027094	0.0059942	0.0408364	0.0444006	0.125639	0.0779131	0.106507	0.0315543	0.0164722	0.00132188	0.0139993
85	0.0311202	0.00378332	0.015873	0.0260219	0.104683	0.0117165	0.044735	0.0611791	0.0161285	0.274729	0.0685112	0.0141596	0.0525152	0.00323787	0.0107708	0.0157685	0.052519	0.129838	0.00340015	0.0593102
86	0.0179082	0.00753724	0.00111032	0.00832833	0.0788942	0.00923922	0.00123559	0.121459	0.00639275	0.539929	0.0679118	0.0011313	0.00793422	0.00589973	0.00336911	0.0212661	0.0159476	0.0670711	0.0024679	0.0149677
87	0.0282264	0.0323617	0.0600929	0.0191089	0.0297617	0.00658732	0.208823	0.0376778	0.0452929	0.048727	0.00550127	0.092449	0.0136967	0.0930988	0.0884767	0.0380842	0.0262915	0.0261975	0.00100458	0.0985402
88	0.0461697	0.00588433	0.0323479	0.035002	0.02365	0.0217033	0.00990404	0.197778	0.0396818	0.076563	0.0691624	0.0282968	0.00299855	0.0503135	0.0344064	0.0404354	0.0650195	0.210842	0.00147909	0.008362
89	0.0306902	0.117024	0.0114869	0.0178226	0.0375726	0.0685013	0.0399587	0.0221065	0.0171556	0.0144375	0.00703607	0.143513	0.0344982	0.0428427	0.0782719	0.237207	0.0470957	0.0156122	0.00194565	0.0152217
90	0.0621387	0.208766	0.00878651	0.00961646	0.0312175	0.0370714	0.0145976	0.0258249	0.0134205	0.0389627	0.0132648	0.0638009	0.0107184	0.0153623	0.0310151	0.284351	0.0687696	0.0431855	0.00637457	0.0127564
91	0.0592819	0.145452	0.00257037	0.0199449	0.10143	0.0287513	0.0287517	0.0727706	0.0182528	0.0969902	0.0287198	0.00703942	0.00165812	0.00876019	0.0458891	0.131213	0.0417242	0.0652755	0.0172988	0.0782257
92	0.436467	0.0489388	0.00213309	0.00278359	0.010286	0.0859395	0.00294548	0.0122381	0.00295152	0.0333567	0.00882438	0.00683977	0.00613717	0.00756821	0.0193219	0.0762371	0.0669037	0.167233	0.000899349	0.00199623
93	0.023176	0.0289387	0.0762766	0.0485846	0.0247998	0.0173284	0.196838	0.0273509	0.0528585	0.0330444	0.00353813	0.0916433	0.016269	0.110216	0.077152	0.0480462	0.0243578	0.0193924	0.0011086	0.0790802
94	0.0221826	0.00942826	0.00289388	0.00194537	0.0309889	0.00272746	0.00272986	0.433262	0.00245835	0.094747	0.0391928	0.000983384	0.00246901	0.00132795	0.00236468	0.00228738	0.0217566	0.319577	0.00368565	0.00299197
95	0.0186937	0.00444829	0.00145002	0.00367229	0.0586363	0.00452088	0.00125387	0.196262	0.00357283	0.457718	0.0522296	0.00106144	0.00770793	0.00279086	0.00404367	0.00746355	0.0132817	0.149523	0.00358834	0.00808172
96	0.0337942	0.0219623	0.1439	0.064081	0.00730991	0.0968121	0.0477749	0.0195695	0.0899414	0.00973517	0.0111838	0.194072	0.00456017	0.0274828	0.0264714	0.134804	0.0239157	0.0227413	0.00649974	0.0133878
97	0.0820598	0.0246512	0.0369951	0.022057	0.0243719	0.0607067	0.0244311	0.0558722	0.0451115	0.0823456	0.0283403	0.0703013	0.0248256	0.0230227	0.0700882	0.173036	0.0922075	0.0506529	0.00305985	0.0058631
98	0.0420136	0.00584661	0.00222746	0.00288461	0.0482486	0.00259347	0.0011463	0.287787	0.00406335	0.225241	0.0855449	0.0018087	0.00115821	0.00511117	0.00440684	0.0067677	0.0222487	0.242414	0.00381461	0.0046738
99	0.275338	0.0214218	0.00349894	0.00346158	0.0320014	0.0430159	0.00436026	0.0902087	0.00548843	0.0404992	0.0234846	0.00614956	0.00499685	0.00511689	0.00985565	0.0451173	0.0452135	0.332062	0.00123637	0.00747331
100	0.0222042	0.024859	0.0150542	0.0530375	0.005175	0.00732233	0.0370209	0.0174966	0.272653	0.0507919	0.0275665	0.0410534	0.00806175	0.122887	0.185055	0.0577192	0.0226529	0.0053992	0.00388486	0.0201055
101	0.0322141	0.001845	0.278804	0.3169	0.00772654	0.028967	0.0323316	0.00382452	0.0539872	0.0137789	0.0012665	0.0651287	0.0089433	0.0561857	0.018832	0.0314837	0.0149788	0.0109836	0.000354129	0.0214648
102	0.418031	0.0500186	0.00240631	0.00311269	0.0107003	0.101228	0.00312473	0.0126852	0.0031755	0.0329635	0.00890239	0.00683599	0.00596407	0.00742891	0.0203777	0.0739541	0.0648864	0.171098	0.000903524	0.00220267
103	0.0278084	0.0071341	0.00123118	0.00619506	0.0681483	0.0090569	0.00125168	0.143873	0.0049815	0.484972	0.0821676	0.0021208	0.0050553	0.00930725	0.003143	0.020555	0.0215656	0.0863531	0.00185694	0.0132242
104	0.0412784	0.0245482	0.127643	0.101227	0.00537597	0.119183	0.0485693	0.00624765	0.116769	0.00843124	0.0157303	0.113822	0.00111881	0.041343	0.0391834	0.116636	0.0233254	0.0273002	0.0116872	0.01058
105	0.16001	0.0222094	0.00206171	0.00206272	0.0318706	0.00846112	0.00527535	0.220843	0.0065959	0.0822385	0.0345573	0.0128091	0.00965795	0.00227703	0.00669381	0.0725025	0.093485	0.205367	0.000668937	0.0203539
106	0.0216666	0.00964234	0.00296632	0.00194847	0.0305276	0.00280861	0.00281442	0.436462	0.00242971	0.092405	0.0377088	0.000999651	0.00258622	0.00130045	0.00236531	0.00230592	0.0217005	0.320664	0.00363366	0.00306411
107	0.033241	0.0300801	0.119063	0.0989339	0.00829021	0.116449	0.0645176	0.00621778	0.103418	0.00399969	0.0123059	0.122942	0.00489119	0.0597008	0.0362403	0.110188	0.0232446	0.0199536	0.00799646	0.0183264
108	0.00770043	0.0149813	0.0170821	0.0367651	0.00220886	0.0110586	0.016256	0.0203928	0.42447	0.0275274	0.0187046	0.0689707	0.00175762	0.0463168	0.218595	0.0398616	0.0191147	0.00214121	0.00179517	0.00429985
109	0.0188426	0.0148412	0.0048324	0.00217303	0.0292716	0.00623821	0.0036224	0.456734	0.00257575	0.0690562	0.0327393	0.00177969	0.00249132	0.00167339	0.00280343	0.00386741	0.0197172	0.318145	0.00340099	0.00519447
110	0.010404	0.0234312	0.00855774	0.0274055	0.00568186	0.00852587	0.0371254	0.0284457	0.192063	0.0274844	0.0213613	0.0224171	0.00424814	0.0719898	0.408979	0.0461777	0.0139493	0.00539686	0.0226829	0.0136736
111	0.03248	0.00276457	0.255952	0.329113	0.00738272	0.0294095	0.0345373	0.0039381	0.0558274	0.0132187	0.0020916	0.0641948	0.00728626	0.060792	0.0201627	0.0303667	0.0153837	0.0126243	0.000506305	0.021969
112	0.114699	0.0819947	0.0137134	0.00922244	0.0242269	0.0494656	0.00817174	0.0266257	0.011987	0.0343551	0.0188007	0.0690279	0.00765096	0.00712118	0.0221187	0.335428	0.118279	0.0381249	0.00294074	0.00604639
113	0.0183347	0.0159346	0.00583799	0.00234661	0.0294367	0.00524885	0.00367835	0.461848	0.00283286	0.0683774	0.0331761	0.0022156	0.00262459	0.00168607	0.00273668	0.00430109	0.0199916	0.310023	0.00350615	0.0058632
114	0.014135	0.0223731	0.0177186	0.0504924	0.00280334	0.0102268	0.0245438	0.0205095	0.348029	0.0277378	0.0195469	0.0470696	0.00243037	0.0842247	0.222684	0.0525238	0.0195267	0.00206253	0.00259972	0.00876188
115	0.00612409	0.0302873	0.00350321	0.00365482	0.306109	0.00546348	0.0498702	0.0393894	0.00598818	0.0507775	0.0108023	0.0118994	0.000721117	0.0082895	0.0132708	0.00967821	0.00454438	0.0219511	0.014096	0.40358
116	0.0305089	0.00690277	0.00263163	0.00243137	0.0459829	0.00195724	0.00159005	0.36061	0.00380906	0.141465	0.0625338	0.000881213	0.00166441	0.00159941	0.00412825	0.00208586	0.0194836	0.301313	0.00570655	0.00271504
117	0.00811154	0.0159095	0.018212	0.0392878	0.00203367	0.0110903	0.0165357	0.0202999	0.414231	0.0275803	0.0183972	0.067647	0.00173752	0.0500535	0.22041	0.039841	0.0203264	0.00207608	0.00181195	0.00440722
118	0.0730248	0.0249798	0.0439165	0.0248281	0.0281119	0.0677621	0.0336285	0.0374293	0.0619805	0.0599471	0.0296817	0.0833899	0.0348721	0.0298397	0.0646402	0.16727	0.0887821	0.0363512	0.00306281	0.00650213
119	0.00794455	0.00325552	0.00091206	0.00444873	0.0779526	0.00590124	0.00104861	0.107048	0.00364977	0.630562	0.0395985	0.00107749	0.0161235	0.00230035	0.00496843	0.0109192	0.0094961	0.0562104	0.00246808	0.0141144
120	0.0611264	0.102664	0.00929137	0.0209298	0.066379	0.0302662	0.0304236	0.0717566	0.0338301	0.04395	0.0142575	0.0394175	0.00828213	0.0169594	0.0750341	0.17384	0.10578	0.0643217	0.00564447	0.0258463
121	0.0417879	0.00761668	0.0186256	0.0202683	0.0439714	0.0097323	0.0054343	0.181961	0.0211559	0.273917	0.0825225	0.0115064	0.0024167	0.0349547	0.0105107	0.0439471	0.0333643	0.143635	0.00154534	0.0111272
122	0.028136	0.00672791	0.388248	0.157803	0.00762265	0.0343326	0.0372188	0.00761317	0.0474263	0.0115927	0.00363121	0.117843	0.00644993	0.026949	0.0118265	0.0550594	0.0133277	0.0139103	0.0017027	0.0225789
123	0.0290254	0.132242	0.0316402	0.0123472	0.0799941	0.0120826	0.00957431	0.112342	0.0207782	0.117181	0.0170441	0.0632127	0.00649492	0.0118326	0.0173072	0.122078	0.0496285	0.138311	0.00387955	0.0130042
124	0.01929	0.0182256	0.016564	0.066618	0.00627892	0.00801188	0.0402671	0.0180495	0.211724	0.0506294	0.0306834	0.0386828	0.0112331	0.123383	0.2128	0.0585734	0.0242966	0.00675193	0.0102598	0.0276779
125	0.00463711	0.0268496	0.00277714	0.0110614	0.0508851	0.0182955	0.00305108	0.0130193	0.0187954	0.0298534	0.00300911	0.00312599	0.00208487	0.00293616	0.0200733	0.0216591	0.0053797	0.00499781	0.75224	0.00526871
126	0.0270504	0.0050609	0.32179	0.219282	0.00705496	0.0264366	0.0358707	0.00769192	0.0525116	0.0166813	0.0024534	0.119739	0.0101771	0.0354838	0.0140119	0.0474806	0.0123129	0.0138492	0.00056813	0.0244936
127	0.0903303	0.0349683	0.0153352	0.0113475	0.0238753	0.0414082	0.00470876	0.0227961	0.0182575	0.0565685	0.00926786	0.0310938	0.00719606	0.00582738	0.00972	0.378813	0.205949	0.0235911	0.00407347	0.00487266
128	0.0510814	0.0301255	0.00569623	0.00757793	0.00833421	0.00768051	0.00446864	0.102171	0.0172187	0.0127875	0.0245888	0.0110347	0.00329154	0.0116259	0.0350382	0.0979424	0.504346	0.0522137	0.00155242	0.0112247
129	0.00680502	0.0289353	0.00378251	0.00335099	0.326568	0.00500132	0.0472567	0.0405194	0.00602828	0.0524794	0.0103298	0.0108201	0.000769034	0.00769412	0.0125709	0.0101115	0.00457849	0.0241166	0.0163497	0.381932
130	0.0318287	0.00620245	0.0508513	0.0501199	0.0501226	0.0124063	0.0142929	0.154347	0.0475656	0.138893	0.0684331	0.0247012	0.0020397	0.0587367	0.0157511	0.0666991	0.0406049	0.153022	0.00171406	0.0116687
131	0.0337315	0.00835329	0.00475038	0.0087492	0.0527768	0.00695679	0.00491753	0.202669	0.01057	0.29569	0.129219	0.00477514	0.00632497	0.00976203	0.00697468	0.0176142	0.0239727	0.155342	0.00394331	0.0129077
132	0.00984347	0.0034501	0.000967318	0.00435123	0.0729095	0.00582715	0.00104393	0.115978	0.00340368	0.6153	0.0424619	0.00113308	0.0140291	0.00274632	0.00467119	0.0110049	0.0100232	0.0653763	0.00259747	0.0128821
133	0.0599328	0.00856596	0.152854	0.238048	0.0018397	0.0353449	0.0169021	0.0214534	0.109344	0.0524837	0.0171884	0.0410309	0.00939324	0.0382489	0.0462685	0.0625696	0.0360959	0.0487533	0.00200756	0.00167626
134	0.0787404	0.0531492	0.00736979	0.0209934	0.0210529	0.0166893	0.0141134	0.0833678	0.0203041	0.0193375	0.012607	0.0307912	0.00768684	0.026574	0.0763264	0.164238	0.241222	0.0826284	0.00219605	0.0206129
135	0.380988	0.0372839	0.0028718	0.00301844	0.0174652	0.069013	0.00343974	0.0472862	0.00389153	0.0402949	0.014868	0.00625238	0.00619334	0.006486	0.0151562	0.0675098	0.0587865	0.213868	0.000962089	0.00436473
136	0.0448136	0.108155	0.00587629	0.0221355	0.099836	0.0200094	0.019052	0.0975735	0.0223656	0.17161	0.0398642	0.0094771	0.00347615	0.010886	0.0309031	0.112292	0.0384974	0.0752161	0.0113335	0.0566277
137	0.0297771	0.0278691	0.0609524	0.078643	0.0124631	0.0359692	0.0547659	0.0446282	0.109387	0.077151	0.0242779	0.0303857	0.0700043	0.0731811	0.0623064	0.0872572	0.0340626	0.0379237	0.00259377	0.0464019
138	0.00612409	0.0302873	0.00350321	0.00365482	0.306109	0.00546348	0.0498702	0.0393894	0.00598818	0.0507775	0.0108023	0.0118994	0.000721117	0.0082895	0.0132708	0.00967821	0.00454438	0.0219511	0.014096	0.40358
139	0.0106441	0.0227273	0.0123704	0.0525896	0.0035984	0.007706	0.0274475	0.0203753	0.29112	0.0251216	0.0180335	0.0404222	0.00301731	0.102457	0.274541	0.0500292	0.0180917	0.00199234	0.00631304	0.0114028
140	0.0139487	0.0183483	0.0974546	0.146407	0.0136419	0.0237392	0.103584	0.0150791	0.0628233	0.0236695	0.00460264	0.0407019	0.0481858	0.130357	0.0794171	0.114451	0.0334707	0.0148586	0.00138617	0.0138734
141	0.291574	0.0223895	0.00376462	0.00394541	0.0284667	0.0540114	0.004241	0.0566355	0.00568143	0.0345676	0.0207777	0.00521378	0.00411534	0.00618365	0.0109941	0.0401839	0.0365506	0.364179	0.00157703	0.00494776
142	0.00953442	0.00410118	0.00116648	0.00502835	0.143542	0.00652751	0.00157647	0.102967	0.00412355	0.558504	0.0404919	0.00240224	0.014199	0.0032459	0.00531745	0.0126184	0.0114588	0.052688	0.00217092	0.0183363
143	0.0102369	0.00431784	0.00118308	0.00413423	0.0701115	0.00618337	0.00123894	0.0922378	0.00542073	0.553249	0.0342197	0.00130786	0.114323	0.00303621	0.00522346	0.0182041	0.0100478	0.0495882	0.00208458	0.013652
144	0.0429749	0.0105646	0.0230324	0.0115927	0.0128707	0.0368369	0.00583153	0.0452508	0.041436	0.0607508	0.00948333	0.00688806	0.00652368	0.00704775	0.0111512	0.286271	0.349789	0.0199823	0.0040995	0.00762265
145	0.0642235	0.00694462	0.139705	0.231598	0.0021905	0.0288733	0.0204086	0.026276	0.102571	0.0659858	0.0204111	0.0406191	0.0174564	0.0417207	0.0399158	0.0548088	0.0420511	0.0508463	0.00141494	0.00197957
146	0.0555599	0.00615621	0.177418	0.260129	0.00266253	0.0331962	0.0170688	0.0224786	0.0952074	0.0478834	0.0132521	0.0390016	0.00903453	0.0374321	0.0375394	0.0534923	0.0392902	0.0487121	0.000673504	0.0038119
147	0.0302809	0.00106388	0.271995	0.354702	0.00665942	0.0243421	0.028591	0.00276538	0.0534184	0.0118777	0.00213994	0.0653303	0.00573358	0.0569258	0.0150176	0.0244568	0.0151864	0.00991043	0.000303408	0.0192996
148	0.00463711	0.0268496	0.00277714	0.0110614	0.0508851	0.0182955	0.00305108	0.0130193	0.0187954	0.0298534	0.00300911	0.00312599	0.00208487	0.00293616	0.0200733	0.0216591	0.0053797	0.00499781	0.75224	0.00526871
149	0.0539168	0.00617209	0.184917	0.265112	0.00294981	0.0348517	0.0188119	0.0167534	0.0977188	0.0397683	0.0127867	0.0470481	0.00741089	0.0439331	0.0415229	0.0512465	0.0291863	0.0389348	0.00121605	0.00574293
150	0.0136548	0.0394393	0.00394458	0.00441562	0.354713	0.00589075	0.0376225	0.0506534	0.0123802	0.0594173	0.011524	0.0100322	0.00149404	0.00934138	0.0233618	0.0147306	0.0069924	0.0301003	0.0133264	0.296965
151	0.0107334	0.0038332	0.000891528	0.00463133	0.076063	0.00643496	0.0010473	0.108894	0.00359477	0.616223	0.0465094	0.00107815	0.0125278	0.00312219	0.00429458	0.0122419	0.0111325	0.0614005	0.00247724	0.0128694
152	0.0145011	0.0245471	0.015939	0.0524069	0.00319875	0.00832971	0.0270696	0.0185741	0.33113	0.0303843	0.0190718	0.0446099	0.00321392	0.0958194	0.220674	0.0541411	0.0198775	0.00219398	0.00275946	0.0115583
153	0.0369715	0.00238383	0.0108563	0.0291362	0.0720367	0.012179	0.0392146	0.0694956	0.0166838	0.293938	0.0662012	0.0149403	0.066534	0.00192753	0.0113063	0.0166791	0.0568708	0.13614	0.00181456	0.0446911
154	0.00807356	0.00501262	0.00124134	0.00445718	0.199061	0.00556485	0.00154177	0.0982505	0.00467254	0.51907	0.0331328	0.00299375	0.0131251	0.00352359	0.00823793	0.0114128	0.00991361	0.0486031	0.00223984	0.0198721
155	0.00748519	0.032893	0.00358274	0.0045041	0.298365	0.00587485	0.0497635	0.0410216	0.00649609	0.051442	0.0110769	0.012213	0.000791956	0.00838381	0.0146347	0.0124314	0.00525467	0.0231366	0.0142263	0.396423
156	0.0301873	0.00103157	0.273249	0.353328	0.00684366	0.0244032	0.028948	0.00266548	0.0532072	0.0115966	0.00189581	0.0663852	0.00569775	0.0571325	0.0147455	0.0244135	0.0150011	0.00953864	0.000294784	0.0194352
157	0.159702	0.0222189	0.00215426	0.00209724	0.0318362	0.00842625	0.0052036	0.220468	0.00671907	0.0825082	0.0348419	0.0128991	0.00954338	0.00238839	0.00671892	0.0723027	0.0937945	0.205311	0.000669114	0.0201969
158	0.0208005	0.0223862	0.211926	0.0578399	0.00605585	0.0561641	0.0620948	0.0200699	0.0637736	0.00910616	0.00724794	0.237535	0.00482557	0.0179015	0.0155194	0.12899	0.0133176	0.0269894	0.00451307	0.0129438
159	0.0357476	0.00336533	0.0274008	0.0345785	0.0519035	0.0118417	0.0226324	0.109976	0.0316169	0.22771	0.0727271	0.0216045	0.0318693	0.021756	0.0188647	0.0369433	0.0616983	0.151702	0.00140966	0.0246519
160	0.006827	0.0290079	0.00380459	0.00334559	0.327081	0.00499624	0.047126	0.0405351	0.00614097	0.0525302	0.0103743	0.0107851	0.000781445	0.00768364	0.0126072	0.0102424	0.00453655	0.0242754	0.0165234	0.380796
161	0.0061765	0.0265036	0.00331744	0.00341854	0.361067	0.00501295	0.0420585	0.0442233	0.00609566	0.0715724	0.0102495	0.0119136	0.00107855	0.00773574	0.0129086	0.00936902	0.00486899	0.0230068	0.0130587	0.336365
162	0.0541595	0.010492	0.027583	0.0746104	0.0112505	0.0115361	0.0600065	0.0239772	0.12498	0.135947	0.0750446	0.0443962	0.0503183	0.10633	0.0485493	0.0498558	0.0319647	0.0240771	0.00736399	0.0275571
163	0.0405987	0.0248281	0.128725	0.101631	0.0054623	0.11829	0.0487544	0.00637057	0.115045	0.00841083	0.0158837	0.114836	0.00144185	0.0426431	0.0389048	0.115795	0.0235141	0.0272151	0.0110931	0.0105571
164	0.0488306	0.00592001	0.00241519	0.00253829	0.0449919	0.00236977	0.00147271	0.310063	0.00390727	0.179399	0.0739424	0.00161803	0.00173497	0.00334259	0.0042732	0.00711922	0.0239693	0.273826	0.0040879	0.00417929
165	0.059525	0.142493	0.00286411	0.021808	0.0995327	0.0289454	0.0300403	0.0687139	0.0183907	0.0946363	0.0286825	0.00741806	0.00187899	0.00928794	0.0479293	0.129708	0.0434768	0.062971	0.021167	0.0805307
166	0.048688	0.0171119	0.137678	0.169213	0.00315427	0.0729467	0.0324491	0.0126977	0.120257	0.0289544	0.0195984	0.0653561	0.00458474	0.041413	0.0512739	0.0919174	0.0316289	0.0400258	0.00585974	0.00519133
167	0.0255747	0.00810446	0.00272337	0.00198572	0.0349267	0.00225646	0.00223151	0.406711	0.00285561	0.111598	0.0469231	0.000894541	0.00230165	0.00135726	0.00281632	0.00223983	0.0211067	0.316379	0.00427232	0.00274185
168	0.0248989	0.0283784	0.0358357	0.0487251	0.013568	0.00775944	0.0938501	0.0207637	0.181587	0.0405183	0.0174027	0.0580448	0.0100585	0.129492	0.147365	0.0501099	0.0228253	0.0114365	0.00292936	0.0544511
169	0.0380442	0.0170724	0.0167505	0.0510296	0.0137719	0.00675845	0.0546917	0.0219867	0.18711	0.096046	0.0647446	0.0329267	0.020183	0.125014	0.100342	0.0626518	0.0293916	0.0136145	0.00539596	0.0424733
170	0.0613364	0.00735082	0.152199	0.241645	0.0018925	0.0326197	0.0167249	0.0237767	0.103627	0.0545164	0.0163741	0.0372079	0.0100742	0.0360159	0.0418876	0.0601597	0.0448842	0.0548945	0.00126659	0.00154661
171	0.00797189	0.0155579	0.017964	0.0385653	0.00205797	0.0110245	0.016526	0.020405	0.41843	0.0277751	0.0187455	0.0676505	0.00181042	0.048734	0.218396	0.0401952	0.0197353	0.00208664	0.00181342	0.00455602
172	0.0124757	0.0280185	0.00449694	0.00514738	0.335269	0.00524248	0.0364223	0.0617645	0.00856312	0.0826666	0.0205296	0.0106712	0.00214779	0.0127567	0.0151651	0.0145773	0.00885799	0.0415532	0.0117861	0.281889
173	0.0323726	0.00106781	0.298209	0.317865	0.00775088	0.0278306	0.0283052	0.00326877	0.0523463	0.0138253	0.00118332	0.0690941	0.00657761	0.0501427	0.0157122	0.0277902	0.0135643	0.0112723	0.000312352	0.021509
174	0.011566	0.0191208	0.019854	0.0568949	0.00225146	0.0110095	0.0225251	0.0184885	0.357896	0.0259884	0.0180487	0.0532967	0.00224391	0.0802308	0.219707	0.0485181	0.0197685	0.0025883	0.00255687	0.00744602
175	0.00740035	0.0292644	0.00399774	0.00425945	0.288744	0.00647275	0.0506736	0.0384409	0.00688187	0.0488576	0.0110728	0.0121999	0.0010799	0.00872907	0.0142694	0.0106526	0.00566785	0.0218334	0.0135859	0.415916
176	0.00463711	0.0268496	0.00277714	0.0110614	0.0508851	0.0182955	0.00305108	0.0130193	0.0187954	0.0298534	0.00300911	0.00312599	0.00208487	0.00293616	0.0200733	0.0216591	0.0053797	0.00499781	0.75224	0.00526871
177	0.0562953	0.0101509	0.146144	0.214302	0.00199329	0.042271	0.0192196	0.0176719	0.118234	0.045752	0.0193694	0.0428228	0.00751878	0.0375014	0.0555972	0.0789939	0.0359328	0.0453627	0.00301667	0.00185053
178	0.0328072	0.000958283	0.288866	0.32853	0.00762334	0.027582	0.0282696	0.00321815	0.0524948	0.0136408	0.00121688	0.0670396	0.00649646	0.0525706	0.0160025	0.0265182	0.0140322	0.010875	0.000293908	0.0209638
179	0.0288915	0.120543	0.00977084	0.0153877	0.0398544	0.0688926	0.038154	0.0240605	0.0147227	0.014911	0.00693229	0.150711	0.0341343	0.0397123	0.06758	0.24362	0.0493453	0.0148692	0.00171947	0.0161879
180	0.036998	0.0061128	0.0197596	0.0278599	0.0646485	0.0220086	0.0419552	0.0601957	0.0326848	0.248629	0.0625907	0.0258841	0.0629928	0.00949765	0.0188724	0.0336078	0.0622151	0.120226	0.00216302	0.0410986
181	0.15184	0.0202347	0.00274117	0.00357704	0.0351853	0.00941794	0.00826675	0.207464	0.00695349	0.0985256	0.0381566	0.0125108	0.0139387	0.00224739	0.00685581	0.0668896	0.0910362	0.200706	0.000704301	0.0227483
182	0.00913941	0.00346269	0.00097419	0.00506563	0.0817186	0.00648645	0.00114277	0.107083	0.00410094	0.617124	0.04399	0.00105251	0.0155949	0.00265311	0.00468174	0.0123212	0.0105873	0.0554146	0.00231306	0.0150947
183	0.399048	0.0532833	0.00383555	0.00421169	0.011952	0.089405	0.00309394	0.011766	0.00336052	0.0354761	0.00887611	0.0133186	0.00744105	0.00687031	0.0188108	0.109426	0.0778454	0.138602	0.0011958	0.00218137
184	0.0238125	0.00982152	0.00297669	0.00215953	0.0390837	0.00260246	0.00235142	0.408098	0.00288838	0.109654	0.049948	0.00090492	0.00183559	0.0013588	0.00288827	0.00211131	0.0205703	0.309387	0.00450194	0.00304611
185	0.357482	0.0411841	0.00942152	0.0080177	0.0110755	0.09827	0.00592491	0.0166693	0.0080888	0.0403031	0.00894903	0.017636	0.0173379	0.00879872	0.026061	0.12217	0.0754281	0.122051	0.00187033	0.00326103
186	0.181098	0.0252961	0.00198687	0.00216678	0.0291098	0.0143389	0.00510787	0.199088	0.00643821	0.076508	0.0334434	0.0117745	0.00889084	0.00304703	0.00775227	0.0710169	0.0962455	0.207715	0.00066695	0.0183097
187	0.132088	0.0106814	0.00327997	0.00265112	0.0422069	0.0165229	0.00349735	0.23554	0.00522084	0.0702508	0.0395722	0.00532006	0.00424122	0.0025633	0.00474413	0.0309346	0.0356115	0.345044	0.00236513	0.00766511
188	0.0114311	0.00439053	0.00111381	0.00532338	0.0848251	0.00720714	0.00116726	0.104303	0.00402276	0.605657	0.0481085	0.00104044	0.0129829	0.00313902	0.00430004	0.0135679	0.0121308	0.0587285	0.00238511	0.0141765
189	0.0265708	0.0122243	0.352717	0.113516	0.00707928	0.0636117	0.0400357	0.0068818	0.0613641	0.00821941	0.0063593	0.12794	0.00468715	0.0255928	0.0154507	0.0711877	0.0134927	0.0159204	0.00386702	0.0232829
190	0.0745744	0.012665	0.00982241	0.00861158	0.0157729	0.0294315	0.00834228	0.0142848	0.0245922	0.0963864	0.0109246	0.0109153	0.469003	0.0161765	0.0130702	0.102818	0.0371316	0.0324834	0.00262876	0.0103652
191	0.0344526	0.103469	0.00679142	0.0145418	0.0399116	0.0181799	0.0607741	0.0391111	0.0591142	0.0429823	0.0301031	0.0173746	0.00706072	0.0346958	0.25656	0.0901103	0.0428285	0.0316622	0.0170085	0.0532687
192	0.00624454	0.0304595	0.00353842	0.00387222	0.306364	0.00548829	0.0497287	0.0400201	0.00633197	0.0504244	0.0109674	0.0118907	0.000763993	0.00861534	0.0136381	0.00976985	0.00463655	0.0221258	0.0140513	0.401069
193	0.0087018	0.0161609	0.0154185	0.0349104	0.00385331	0.0103746	0.0172951	0.0212219	0.418412	0.0267065	0.0172369	0.0620426	0.00343304	0.0497929	0.225208	0.0392049	0.0183598	0.00318341	0.00282804	0.00565557
194	0.0211113	0.0145008	0.00687099	0.0237198	0.107844	0.0098911	0.0148785	0.0951213	0.0307413	0.370424	0.0870858	0.00701251	0.0164413	0.00904444	0.00862852	0.027719	0.0245783	0.0647475	0.0127674	0.0468717
