545	20
1	0.02852	0.00274434	0.0175143	0.0258287	0.00246846	0.0155297	0.0135024	0.00929327	0.371209	0.0163946	0.0117726	0.0345478	0.00457919	0.0720887	0.282013	0.0445929	0.02324	0.0182101	0.000862096	0.00508832
2	0.0447181	0.00131907	0.266547	0.347497	0.00443037	0.0153864	0.0114353	0.00743941	0.0308568	0.0224842	0.00926172	0.0416141	0.00697732	0.0769086	0.0152124	0.0457013	0.0268658	0.0183514	0.000140717	0.00685329
3	0.0537368	0.00280873	0.0587428	0.214388	0.00146153	0.00834968	0.0321072	0.0118241	0.130546	0.0296189	0.0144904	0.0493911	0.00135691	0.164747	0.0891587	0.0544913	0.0525866	0.0207176	0.000144634	0.00933199
4	0.1456	0.0291838	0.00524488	0.0116042	0.0172232	0.023895	0.00495549	0.130686	0.012555	0.058677	0.018244	0.013968	0.0158449	0.0127025	0.0101643	0.0551432	0.216762	0.210687	0.00176273	0.00509653
5	0.0742088	0.00853984	0.0062965	0.0818766	0.0581127	0.00681934	0.00694265	0.163147	0.00932419	0.056995	0.0129375	0.0272895	0.00402391	0.0163445	0.00597563	0.0795095	0.116352	0.252859	0.00170599	0.0107398
6	0.0258849	0.00276333	0.0089077	0.035457	0.0289811	0.00791444	0.00537394	0.286207	0.0108302	0.0460705	0.00401102	0.0094143	0.00919207	0.00554716	0.00355523	0.0214161	0.156134	0.327097	0.00075858	0.00448514
7	0.0307736	0.00288641	0.489709	0.262094	0.00281549	0.0118184	0.0035564	0.00237403	0.0150611	0.00913964	0.00430646	0.0341941	0.0241377	0.0285027	0.0104563	0.0387135	0.0249678	0.00243284	0.000209925	0.0018506
8	0.0737055	0.00615404	0.0950147	0.198385	0.00928288	0.124002	0.037315	0.06568	0.0264776	0.0442077	0.00904543	0.0793197	0.0650687	0.0277675	0.0431142	0.0423637	0.0270909	0.0155125	0.00211188	0.00838125
9	0.0108146	0.00722342	0.00206285	0.00288572	0.0802399	0.00291183	0.00506891	0.154003	0.0048259	0.523291	0.088566	0.00408762	0.00375748	0.00313032	0.00578304	0.00715838	0.0165571	0.0505995	0.00375136	0.0232814
10	0.0493528	0.00102926	0.00611654	0.0127579	0.0116194	0.814903	0.00194503	0.00594738	0.0113572	0.00279492	0.00140926	0.0208518	0.000901717	0.0106362	0.00771635	0.0319833	0.0039945	0.00305528	0.000324238	0.00130386
11	0.0306259	0.00310353	0.0169481	0.034907	0.00324758	0.0141632	0.0139338	0.0146223	0.355741	0.0202629	0.0114441	0.0347036	0.00421056	0.0820078	0.260055	0.0462117	0.0286826	0.0171628	0.000917022	0.0070496
12	0.0586185	0.0044948	0.0206873	0.0434964	0.00892236	0.0188723	0.0167136	0.012585	0.0197176	0.0087138	0.00673767	0.0741343	0.0228156	0.0126997	0.0197688	0.352738	0.280979	0.00795256	0.00253268	0.00682029
13	0.139412	0.0162747	0.0382656	0.0423631	0.0112155	0.0569345	0.0208692	0.021102	0.0416141	0.024997	0.0155443	0.157781	0.0120903	0.0460513	0.0355898	0.185204	0.093141	0.0258394	0.00124957	0.0144625
14	0.0115445	0.00750223	0.00212942	0.00361249	0.0866686	0.00304588	0.00559559	0.157586	0.00497252	0.50354	0.0867967	0.00408687	0.00368163	0.00323925	0.00585531	0.00716655	0.0170957	0.0550862	0.00368434	0.0271097
15	0.0196223	0.0083952	0.00212033	0.00422991	0.0719038	0.00454691	0.00926931	0.183819	0.0083877	0.446208	0.0709739	0.00552775	0.00329973	0.00693161	0.00559379	0.00849066	0.0151905	0.0895713	0.00407014	0.0318478
16	0.126452	0.0362703	0.0895694	0.0828404	0.068651	0.0139246	0.0988035	0.0202093	0.0211415	0.0484456	0.0104725	0.049891	0.00625633	0.021048	0.0168218	0.157839	0.0603793	0.0262254	0.00226619	0.0424936
17	0.360032	0.0223743	0.0221248	0.0311349	0.0105709	0.0576602	0.0115972	0.0287292	0.034107	0.0249681	0.0123799	0.0339374	0.00804175	0.0382849	0.0263131	0.17158	0.0515761	0.0457775	0.00108545	0.00772523
18	0.0343448	0.0111481	0.00067748	0.00110201	0.0331695	0.00415806	0.0049491	0.386352	0.00357902	0.150017	0.0285387	0.0028139	0.00308511	0.00353688	0.0019125	0.00317827	0.00801222	0.300124	0.000277387	0.0190248
19	0.0402405	0.00330722	0.0324688	0.141667	0.009405	0.00642839	0.0388484	0.0217995	0.138131	0.0880676	0.0256837	0.0302089	0.0024503	0.187395	0.134392	0.0329241	0.0354539	0.0158465	0.000358811	0.0149232
20	0.0148534	0.0123771	0.00427001	0.00683026	0.182891	0.00713285	0.0251332	0.0997609	0.0120552	0.275163	0.0502858	0.0150729	0.00390083	0.0112698	0.0125785	0.0191263	0.0199052	0.043509	0.0101999	0.173685
21	0.070431	0.0242489	0.00343807	0.00853185	0.0323714	0.0170605	0.00722188	0.254179	0.013166	0.204739	0.0349952	0.010632	0.00408907	0.0119497	0.0060237	0.0239796	0.0344743	0.218605	0.00170029	0.0181633
22	0.011987	0.00751541	0.00234159	0.00396364	0.062008	0.00305793	0.00485014	0.166647	0.00488663	0.514308	0.0922492	0.00440586	0.00392853	0.00408591	0.00649884	0.00642797	0.0168753	0.0602894	0.00341663	0.020257
23	0.128588	0.059522	0.0347205	0.019778	0.00794474	0.108819	0.0135965	0.0237564	0.0320924	0.0387797	0.0263087	0.0992994	0.00894099	0.0345892	0.0245415	0.212061	0.0938565	0.0251703	0.000851221	0.00678423
24	0.00817976	0.0183739	0.00302376	0.00296574	0.283644	0.0112663	0.0465566	0.0254895	0.00879275	0.0627155	0.0114886	0.0267852	0.00321835	0.00967971	0.0108303	0.0264873	0.0128572	0.00887416	0.0210099	0.397761
25	0.133262	0.00948036	0.0318625	0.0390097	0.00930051	0.0895494	0.0202741	0.0155598	0.0382868	0.0226196	0.0212936	0.11566	0.0140879	0.0511952	0.0402119	0.218771	0.0974653	0.0232636	0.000308101	0.00853807
26	0.0423386	0.00388312	0.0639855	0.0840522	0.00350824	0.068919	0.0569949	0.00683717	0.0854278	0.00766192	0.0111924	0.227539	0.00283003	0.0940773	0.0719418	0.11745	0.0381784	0.00656454	0.000308276	0.0063097
27	0.0229913	0.00572395	0.00656938	0.0142793	0.0949934	0.00627779	0.0308706	0.0784992	0.0214608	0.313075	0.172765	0.0293564	0.00923379	0.0416346	0.0171635	0.0160575	0.0687437	0.0339723	0.00205768	0.0142742
28	0.0538959	0.00412395	0.0366641	0.0557622	0.0026796	0.0312671	0.0258684	0.0079574	0.243451	0.011988	0.0103558	0.0836604	0.00330998	0.0812864	0.162798	0.109596	0.0538744	0.0160977	0.00140621	0.00395683
29	0.133021	0.016088	0.0281075	0.0455136	0.0090118	0.0939101	0.0200089	0.0187692	0.045978	0.0208865	0.0178382	0.0983525	0.018687	0.0579167	0.0474441	0.211049	0.0911842	0.0192575	0.000739661	0.00623727
30	0.0751403	0.00516092	0.181243	0.382675	0.00401634	0.0326411	0.00858178	0.0155733	0.0478411	0.0214759	0.00398496	0.0325972	0.00369401	0.0694538	0.0109191	0.0632209	0.0208322	0.0171063	0.000261174	0.0035809
31	0.0476901	0.0010462	0.23285	0.337089	0.00622087	0.0143228	0.0146042	0.0087599	0.0338662	0.0235365	0.0128753	0.0434386	0.00467529	0.0895618	0.0193758	0.0480421	0.0306546	0.0226274	0.000113597	0.00864947
32	0.0402202	0.00376436	0.0234859	0.0597347	0.00318487	0.0149257	0.0161623	0.0140606	0.325222	0.0180551	0.0111971	0.0412236	0.00251103	0.0946379	0.223303	0.0498358	0.034108	0.0168653	0.000761275	0.00674111
33	0.0618943	0.0076444	0.00841785	0.0219539	0.0177635	0.0268473	0.0355647	0.0559247	0.0973835	0.224062	0.0273947	0.0319642	0.00278518	0.157663	0.0632319	0.0429605	0.0362461	0.0566055	0.0027504	0.0209418
34	0.137363	0.0120665	0.0270022	0.0308907	0.0152391	0.158404	0.016708	0.0225032	0.0765805	0.0309238	0.0086827	0.0584768	0.0064441	0.120468	0.0488699	0.1589	0.0504897	0.012874	0.00288229	0.00423104
35	0.0109573	0.00786174	0.00214735	0.00365128	0.0809181	0.0036217	0.00697493	0.154151	0.00471575	0.49629	0.0867088	0.00500776	0.00416263	0.00366724	0.00697018	0.00782192	0.0173264	0.0526371	0.00435989	0.0400488
36	0.0131581	0.00844643	0.00180378	0.00233319	0.0605891	0.00266308	0.00422374	0.192461	0.00372267	0.486642	0.0881863	0.00329606	0.00350582	0.00231479	0.00566392	0.00590457	0.0147908	0.0759553	0.00339366	0.0209466
37	0.0213788	0.0139039	0.0106507	0.0119677	0.159711	0.0147599	0.0921906	0.0228382	0.0164908	0.066573	0.00965977	0.105783	0.00589037	0.0267981	0.0210442	0.0568129	0.0220898	0.0134129	0.0106707	0.297373
38	0.0958208	0.00425364	0.0220602	0.0708328	0.00571956	0.0222836	0.0390505	0.0125382	0.128008	0.0171709	0.0180298	0.036643	0.0151716	0.0678465	0.114389	0.18921	0.119407	0.0160699	0.000951223	0.00454428
39	0.140436	0.0187799	0.0159527	0.0186845	0.0130682	0.00546113	0.00634091	0.132558	0.0261733	0.0419706	0.0238412	0.0118462	0.00936717	0.0309684	0.0211156	0.0627324	0.196535	0.212014	0.00437486	0.00778018
40	0.0423024	0.0109317	0.0202092	0.0481524	0.0131489	0.0177605	0.0115155	0.142602	0.05338	0.205158	0.102759	0.0398491	0.000866865	0.0460107	0.0284495	0.0127721	0.0524061	0.135306	0.000934919	0.0154866
41	0.0499073	0.0028068	0.0139916	0.0544604	0.011708	0.0143928	0.017512	0.00782402	0.0143233	0.00609976	0.00408884	0.0724596	0.0369095	0.00838664	0.0129342	0.341322	0.317925	0.00531834	0.002265	0.00536502
42	0.23822	0.0969863	0.00278617	0.00912595	0.0121024	0.0935771	0.00634234	0.0675566	0.00453934	0.0453949	0.0134828	0.0262768	0.0098752	0.0138338	0.00731945	0.126519	0.123408	0.0957103	0.000596297	0.00634764
43	0.00894967	0.0191429	0.00275526	0.00332716	0.2635	0.00884833	0.0600417	0.024097	0.0108904	0.0580861	0.0125411	0.0202786	0.00338476	0.013552	0.0161631	0.0336008	0.0141423	0.0102265	0.0176471	0.398825
44	0.0649081	0.01401	0.00252993	0.0100745	0.031139	0.00710071	0.00472987	0.30916	0.00658517	0.116593	0.0231323	0.005932	0.00491942	0.00584429	0.00408198	0.0162744	0.054582	0.302965	0.000689061	0.0147495
45	0.061853	0.00311621	0.121143	0.253295	0.00311679	0.0265099	0.0188349	0.0122776	0.11253	0.0184357	0.00844681	0.0567073	0.00450909	0.092345	0.0638253	0.0746525	0.043611	0.0192154	0.000413869	0.00516173
46	0.0343883	0.0112415	0.000677453	0.00110952	0.0330036	0.00412759	0.00502796	0.386702	0.00361334	0.150913	0.0287597	0.00278916	0.00306967	0.00358006	0.00194311	0.00318706	0.00805001	0.298474	0.000278516	0.0190655
47	0.024631	0.0025952	0.00875123	0.0352662	0.0289693	0.0077255	0.00556486	0.287038	0.0110272	0.0467273	0.00382536	0.00934523	0.00888454	0.00557858	0.00355035	0.0211113	0.156653	0.327484	0.00073759	0.00453348
48	0.018147	0.00947359	0.00316883	0.00558108	0.101909	0.00479441	0.0116094	0.167589	0.00803534	0.394825	0.0682152	0.00791095	0.00384411	0.00585637	0.00927471	0.0122453	0.0204536	0.0830176	0.00489117	0.0591595
49	0.0936668	0.0285672	0.295885	0.161099	0.0174487	0.018203	0.0435894	0.0154977	0.0324029	0.0240489	0.0097612	0.035431	0.0111563	0.0392554	0.0242051	0.0725724	0.0401436	0.0208884	0.00140148	0.0147762
50	0.011069	0.00702326	0.296361	0.103386	0.00268693	0.0191855	0.0285633	0.00394029	0.0693378	0.00707199	0.00236503	0.0877827	0.0474851	0.0381464	0.0385288	0.155914	0.0687707	0.00402073	0.00602739	0.0023335
51	0.0522451	0.00220677	0.107399	0.254454	0.00334622	0.016283	0.0228394	0.0161627	0.0987641	0.0234592	0.0141748	0.0511318	0.00168659	0.122281	0.0688588	0.0536942	0.0524084	0.0295435	0.000197269	0.00886467
52	0.03454	0.0103835	0.00101838	0.00243852	0.034343	0.00431031	0.00461986	0.368622	0.00385592	0.151024	0.0277133	0.00297545	0.00299229	0.00347674	0.00201508	0.00389234	0.0136266	0.309574	0.000354835	0.0182245
53	0.0445569	0.00824228	0.00681304	0.00957015	0.0588083	0.00627167	0.0239996	0.101885	0.0491551	0.0262004	0.00828963	0.0140737	0.0223442	0.0113752	0.181395	0.13731	0.135009	0.0909422	0.00120998	0.0625479
54	0.0342939	0.0113298	0.000698771	0.00112303	0.0326374	0.00405201	0.00510758	0.387365	0.00379682	0.154403	0.0300634	0.00277868	0.00302426	0.00360846	0.00207937	0.00316178	0.00847401	0.292563	0.000341692	0.0190987
55	0.0224222	0.00417625	0.0220177	0.0170232	0.00677898	0.0104147	0.0145106	0.0155775	0.313948	0.0421232	0.0257671	0.0209151	0.016207	0.0440747	0.307568	0.0657547	0.0208238	0.024885	0.000628993	0.00438294
56	0.0288895	0.00320232	0.0187568	0.036806	0.00457	0.013823	0.0158339	0.0158039	0.330149	0.0269326	0.0138166	0.0318449	0.00718832	0.0790682	0.27573	0.0450352	0.027272	0.0170633	0.000908298	0.00730662
57	0.0736851	0.0355307	0.0157353	0.0223144	0.0121997	0.0151845	0.0535521	0.0378803	0.0394048	0.0370114	0.0481118	0.0565554	0.0104427	0.120794	0.0577199	0.0540642	0.193093	0.100761	0.00237841	0.013581
58	0.0343949	0.011182	0.000673281	0.00109873	0.0331933	0.00414721	0.00493636	0.385436	0.00361705	0.151094	0.0289055	0.00276567	0.00306651	0.00355639	0.00193684	0.00315259	0.00804138	0.299414	0.000288352	0.0190989
59	0.117904	0.00939231	0.0314416	0.0411452	0.00706739	0.0845262	0.0145101	0.0167884	0.0330092	0.0186982	0.0186754	0.105689	0.0129414	0.0416747	0.0361622	0.25947	0.126612	0.0179126	0.000591628	0.0057888
60	0.176775	0.0222827	0.00399312	0.0133742	0.0454556	0.0301942	0.011142	0.0713948	0.0294424	0.150046	0.0411272	0.0366824	0.0053756	0.0222272	0.0101311	0.124615	0.0755588	0.116758	0.00211751	0.011307
61	0.0637756	0.00387926	0.0490043	0.151042	0.00316809	0.0151697	0.0293435	0.0145056	0.155127	0.0236722	0.0197863	0.0557482	0.00348888	0.13249	0.0969647	0.0830838	0.0708819	0.0220314	0.000452523	0.00638547
62	0.0379245	0.00332762	0.0217587	0.0668638	0.00458694	0.0142856	0.017324	0.0176593	0.299944	0.02496	0.0116948	0.0389268	0.00258057	0.105149	0.215807	0.0474121	0.0412452	0.0167693	0.000798822	0.0109813
63	0.055404	0.0284891	0.283902	0.110219	0.00924493	0.0273759	0.0201279	0.0154226	0.0458024	0.0206808	0.0108441	0.0690135	0.022476	0.0358575	0.0313478	0.131998	0.0565218	0.0152199	0.00234894	0.00770337
64	0.0510225	0.00151781	0.215255	0.360362	0.00310351	0.0245939	0.0081157	0.00807418	0.0524236	0.0155181	0.00551281	0.0470298	0.00516137	0.0724931	0.0214499	0.0594853	0.0285655	0.015642	0.000279358	0.00439429
65	0.00790432	0.0188198	0.00264902	0.00279119	0.286466	0.010482	0.0473435	0.0258988	0.00900608	0.0634008	0.0118638	0.0222268	0.00324194	0.00936081	0.0108457	0.0260164	0.0125064	0.00897773	0.0214256	0.398773
66	0.0207026	0.00899917	0.0322664	0.0368552	0.192495	0.00731746	0.0246678	0.0139272	0.011527	0.0389451	0.0462574	0.0213653	0.00431394	0.0511148	0.0349312	0.0776901	0.0650139	0.0119154	0.00624989	0.293446
67	0.0347637	0.011176	0.000744955	0.00123009	0.0325353	0.00402508	0.00476113	0.376033	0.00380631	0.161798	0.0311542	0.0025879	0.00277865	0.00364476	0.00218759	0.00304686	0.00849679	0.295556	0.000372419	0.0193002
68	0.0315044	0.00311723	0.0179673	0.0245327	0.00265211	0.0155194	0.0140364	0.00816316	0.358501	0.0159262	0.0125579	0.0370847	0.00464041	0.0711104	0.28383	0.0491807	0.0243216	0.0195344	0.000940563	0.00487963
69	0.129369	0.00839864	0.0380219	0.0419438	0.00641698	0.078102	0.0153153	0.0175087	0.0364797	0.0212084	0.0216616	0.111677	0.0101533	0.0509262	0.0406536	0.246304	0.100119	0.0198465	0.000333475	0.00556058
70	0.0501308	0.00141846	0.253253	0.398984	0.0030601	0.020585	0.00593135	0.0081447	0.0324281	0.0182027	0.00547281	0.0329538	0.00783338	0.073039	0.00873489	0.0476041	0.0184585	0.010072	0.000176164	0.00351714
71	0.0349494	0.0110636	0.000711408	0.00131204	0.0334093	0.00429863	0.0047495	0.380495	0.00356369	0.151426	0.0287248	0.002848	0.00295818	0.00352963	0.00192299	0.00328458	0.00836299	0.302473	0.000290373	0.0196278
72	0.073274	0.00990462	0.0338937	0.0140198	0.0130871	0.00521669	0.0200369	0.120106	0.0250318	0.0693462	0.0519082	0.0131433	0.00520892	0.0558618	0.0494668	0.0735849	0.135555	0.218175	0.00500973	0.00816878
73	0.0576811	0.00552503	0.0648726	0.0984345	0.00210434	0.0655094	0.0443088	0.00785868	0.0916968	0.00817555	0.012298	0.186992	0.00202192	0.0973457	0.0775765	0.121477	0.0453442	0.00848822	0.000286779	0.00200251
74	0.00982454	0.00726259	0.00195024	0.00269247	0.0649832	0.00280047	0.00438368	0.158694	0.00340427	0.53757	0.0929275	0.00360144	0.00401681	0.00224221	0.00591499	0.00660085	0.0156524	0.0511755	0.00361854	0.0206847
75	0.0114858	0.00735806	0.00232238	0.00309856	0.0839443	0.00295854	0.00625924	0.149214	0.00519781	0.508947	0.0959242	0.00537587	0.00441594	0.0043117	0.00641841	0.00756474	0.0197704	0.048289	0.00357962	0.0235636
76	0.0521737	0.00165727	0.161261	0.321804	0.00364575	0.0182617	0.0186487	0.0100536	0.0612788	0.0239296	0.0112207	0.0451494	0.00285967	0.110818	0.0350536	0.0547473	0.0359304	0.0220395	0.000235987	0.00923088
77	0.183352	0.063927	0.014446	0.0152001	0.00875379	0.0840462	0.00781376	0.0453634	0.017165	0.0335928	0.0165779	0.0642137	0.00825173	0.0218692	0.0183111	0.208425	0.129036	0.0536548	0.000388079	0.00561262
78	0.187906	0.0675383	0.00503578	0.0148714	0.0183156	0.0475882	0.00589638	0.111769	0.0116791	0.0743405	0.0301596	0.028429	0.00945326	0.0159194	0.00907127	0.0835722	0.115306	0.15085	0.00101901	0.0112797
79	0.0494156	0.00134433	0.00753328	0.0155405	0.0115325	0.790917	0.00327655	0.00675557	0.0135277	0.00370523	0.0022236	0.0254303	0.00101719	0.0130767	0.00961503	0.0342744	0.00555628	0.00345002	0.000362273	0.0014459
80	0.0109744	0.00723825	0.00207074	0.0028257	0.0792778	0.00294176	0.0048897	0.154943	0.00457708	0.51958	0.0904519	0.00417118	0.00384583	0.00332131	0.00584039	0.0074281	0.0174062	0.0519024	0.00364517	0.0226698
81	0.183101	0.0573761	0.0226307	0.0245925	0.0103162	0.0664728	0.0161102	0.0310581	0.025831	0.0322042	0.0159752	0.086484	0.0141927	0.0289176	0.0237782	0.217446	0.0961601	0.0389177	0.000954376	0.00748201
82	0.0451385	0.0148254	0.0101007	0.0265758	0.0274733	0.0133924	0.0308676	0.0710466	0.143449	0.0359391	0.0288953	0.042928	0.020634	0.0244075	0.18826	0.159036	0.0652724	0.0402387	0.00100568	0.0105139
83	0.145495	0.0249248	0.0262543	0.0306419	0.00805044	0.0857823	0.0147365	0.0220157	0.0328521	0.0229428	0.0194275	0.0998786	0.0109122	0.0447314	0.0371061	0.236869	0.101234	0.029057	0.00034994	0.00673826
84	0.0777573	0.0102412	0.0667265	0.0400772	0.0109243	0.0447931	0.022498	0.0133956	0.0405004	0.0184475	0.0123193	0.176037	0.0126763	0.0377167	0.0333922	0.218458	0.130046	0.0149582	0.00258147	0.0164532
85	0.0500783	0.0174974	0.0167704	0.0318633	0.0546452	0.0164231	0.0394251	0.0506224	0.0453271	0.112248	0.0315698	0.036742	0.0920049	0.0841564	0.0512481	0.0523722	0.0658486	0.0463043	0.00509496	0.0997586
86	0.0270461	0.00810303	0.0201664	0.0166481	0.147599	0.0244183	0.0589473	0.0120955	0.0083672	0.034108	0.00664368	0.233834	0.00424514	0.0348875	0.0176351	0.0497212	0.0260243	0.00958556	0.00759183	0.252332
87	0.0360718	0.0120992	0.000788045	0.00142029	0.0333666	0.00432544	0.00520762	0.383393	0.0037938	0.148528	0.0285671	0.00317635	0.00315623	0.0037965	0.00213012	0.00404133	0.0103341	0.295908	0.000348701	0.0195481
88	0.0341836	0.0104202	0.00160602	0.00438968	0.0343602	0.00494109	0.00596379	0.345739	0.00594608	0.177872	0.0332901	0.00393029	0.00313854	0.0061825	0.00455843	0.00493207	0.0160706	0.282853	0.000669397	0.0189532
89	0.0341396	0.00280769	0.0195331	0.0836171	0.00463944	0.0101113	0.0157743	0.027152	0.277909	0.0415143	0.0102949	0.025547	0.0109253	0.128338	0.199701	0.0384999	0.0439383	0.0117711	0.000873412	0.0129128
90	0.050614	0.00710771	0.0346624	0.095385	0.0186818	0.0202499	0.0315107	0.0417421	0.100869	0.132505	0.0293585	0.0351474	0.00612196	0.162891	0.0859803	0.0470543	0.039241	0.037789	0.00218028	0.0209081
91	0.0661988	0.00415063	0.0523453	0.0948159	0.00753396	0.298692	0.0203343	0.0101562	0.0695815	0.0102717	0.0081871	0.0941931	0.00476922	0.0563627	0.0470398	0.100308	0.0398261	0.0107246	0.000503725	0.00400514
92	0.0270101	0.00274689	0.0134975	0.0450907	0.00235343	0.0132406	0.0110197	0.0184917	0.360279	0.0182327	0.0077717	0.0321156	0.00320671	0.0995991	0.254269	0.0389927	0.0304074	0.0122035	0.000778739	0.00869391
93	0.0347128	0.0103783	0.00094231	0.00244098	0.0323868	0.00444159	0.00451651	0.373755	0.00361477	0.143444	0.0267567	0.00279551	0.00305961	0.00339911	0.00187305	0.0036972	0.0124052	0.316531	0.000264479	0.0185855
94	0.116877	0.00407421	0.0489289	0.0915361	0.00469423	0.0337719	0.029158	0.0109535	0.0971128	0.0249399	0.0122045	0.0755522	0.00672665	0.0744919	0.0667014	0.197523	0.0780986	0.0219593	0.00116767	0.00352839
95	0.00979219	0.00725922	0.00196725	0.00268991	0.0647801	0.00277209	0.00434248	0.158943	0.00336	0.537695	0.0931257	0.00360464	0.00401285	0.00223713	0.00592406	0.00654311	0.0156841	0.0511834	0.0035712	0.0205123
96	0.245178	0.0990677	0.00166939	0.00785428	0.0108526	0.0846755	0.00521845	0.0642249	0.00284953	0.0414853	0.0125391	0.0264257	0.0102137	0.0121862	0.00579439	0.132319	0.134861	0.0971681	0.000259462	0.00515834
97	0.0463665	0.0106915	0.0194256	0.0441211	0.0128446	0.0192383	0.0113429	0.137819	0.0513706	0.192917	0.0987815	0.0481984	0.00176466	0.0457036	0.0270723	0.014856	0.0622205	0.136201	0.00108479	0.0179802
98	0.242946	0.0118002	0.00972686	0.0162134	0.0528618	0.0230062	0.0137392	0.0478888	0.0208649	0.0354565	0.11441	0.0342404	0.00545634	0.0424023	0.0174813	0.18567	0.043427	0.0690421	0.00158978	0.0117772
99	0.0847141	0.0044708	0.0382667	0.0714155	0.00366744	0.0231519	0.0428055	0.0134602	0.203582	0.0185876	0.0100801	0.0547063	0.0106901	0.0863437	0.143017	0.118118	0.0453629	0.0190539	0.00142054	0.00708521
100	0.0269344	0.00308834	0.419002	0.239637	0.00273534	0.012735	0.00655757	0.00303491	0.0294094	0.0104059	0.00379706	0.0549242	0.0474879	0.0319165	0.0193416	0.0522698	0.0309845	0.00335685	0.000605422	0.00177569
101	0.118198	0.00395272	0.0442128	0.0960074	0.0158413	0.0349842	0.0335214	0.0203664	0.0897518	0.0287417	0.014313	0.0727891	0.0122268	0.0613881	0.0823722	0.173663	0.0601462	0.0323408	0.000936667	0.00424635
102	0.0429182	0.00117048	0.137227	0.321287	0.00456886	0.00881687	0.0301067	0.00857557	0.0449913	0.0302665	0.0178903	0.0367957	0.000896908	0.147437	0.0359025	0.0408414	0.041259	0.0293636	0.000187278	0.0194974
103	0.0303794	0.0100915	0.00994697	0.0505465	0.0309247	0.0163696	0.0295154	0.1161	0.0828868	0.19482	0.0567558	0.0288089	0.0025293	0.0625727	0.0902496	0.0234282	0.034879	0.0944607	0.00103941	0.0336952
104	0.0104852	0.00729667	0.00194799	0.00296364	0.0667948	0.00295958	0.00502087	0.159072	0.00392442	0.530644	0.0911148	0.00369237	0.00396914	0.00266187	0.0060579	0.00665252	0.0154436	0.0530349	0.0036768	0.0225869
105	0.0664821	0.00257735	0.0855547	0.194445	0.00166799	0.0193437	0.0285777	0.0121588	0.137318	0.0202586	0.0119046	0.0644138	0.00170958	0.12141	0.0840141	0.0679244	0.0523191	0.0225725	9.38958e-05	0.0052535
106	0.0142702	0.00763007	0.00221023	0.00299012	0.0648976	0.0032807	0.00507618	0.158924	0.00475265	0.518667	0.0913369	0.00443552	0.00431612	0.00362467	0.00655556	0.00886185	0.0181696	0.0547079	0.00355401	0.021739
107	0.0106178	0.00754015	0.00192035	0.00261211	0.0640018	0.00276587	0.00433357	0.165735	0.00340834	0.52612	0.0923564	0.00352153	0.00394958	0.00243174	0.00594087	0.00644923	0.0156561	0.0565006	0.00354275	0.0205969
108	0.0234912	0.00248177	0.00931439	0.0501536	0.00284975	0.0116397	0.0108921	0.0272011	0.350889	0.0243547	0.00687778	0.0259302	0.00354228	0.105064	0.261197	0.0308463	0.0311805	0.00948212	0.000678134	0.0119344
109	0.0342633	0.00211767	0.314795	0.271525	0.00306264	0.0191897	0.0104538	0.00451197	0.0479862	0.0107161	0.00523158	0.0572319	0.0177607	0.0518256	0.0280214	0.0680201	0.0366809	0.0118752	0.000814542	0.00391619
110	0.0380756	0.00877404	0.0045109	0.0197463	0.0322704	0.00654207	0.00589609	0.325382	0.00815247	0.103689	0.0199876	0.0128577	0.00481437	0.00720289	0.00541922	0.0228846	0.0635892	0.296012	0.000856563	0.0133366
111	0.241025	0.0884562	0.00236168	0.00961847	0.0140152	0.0813151	0.00517605	0.067447	0.00511706	0.047914	0.0146008	0.0274122	0.0100276	0.013315	0.0065017	0.12996	0.126234	0.102595	0.000356917	0.00655144
112	0.0503706	0.00148069	0.00704971	0.0146293	0.0116942	0.790393	0.00328997	0.00631203	0.0158311	0.00353025	0.00177815	0.0218359	0.00115025	0.0126551	0.0134664	0.033936	0.00520398	0.00354066	0.000333342	0.00151918
113	0.214059	0.0456291	0.00448967	0.0154024	0.0151169	0.0294823	0.00387462	0.106684	0.0105128	0.0447773	0.0161999	0.0168042	0.0114201	0.0143543	0.00977897	0.079108	0.175703	0.17829	0.00121013	0.00710232
114	0.039661	0.00395858	0.0213857	0.0367263	0.00281711	0.0181323	0.0156562	0.00791976	0.347777	0.0113247	0.0106745	0.0502055	0.00140267	0.08344	0.231984	0.0580729	0.0324058	0.0199527	0.00161513	0.00488844
115	0.0522959	0.00898977	0.00801856	0.0440607	0.0332811	0.0148655	0.00682015	0.233512	0.012588	0.0676242	0.0130783	0.0147968	0.00708488	0.0113277	0.00746336	0.0432848	0.133773	0.277329	0.00119797	0.00860751
116	0.00876768	0.0187813	0.00373023	0.00425235	0.275431	0.00992767	0.0510873	0.0251996	0.00964373	0.0613947	0.0129668	0.0220071	0.00310409	0.011188	0.0127757	0.0292748	0.0140132	0.00967797	0.0198684	0.396908
117	0.0317083	0.002994	0.486816	0.26423	0.00306088	0.0116302	0.00410022	0.00243428	0.0161876	0.00879917	0.00454396	0.0324286	0.0206352	0.0300871	0.0107997	0.0385481	0.0253337	0.00331593	0.000185415	0.0021617
118	0.0588117	0.000822782	0.165031	0.30516	0.00516917	0.0207262	0.0178357	0.0109383	0.0591774	0.0220823	0.0120148	0.0507148	0.00181856	0.0979903	0.0347603	0.0541889	0.042151	0.0308972	0.000105315	0.00960395
119	0.0322703	0.00318472	0.0187104	0.0291301	0.00267472	0.0151459	0.0130518	0.00892238	0.37224	0.0146206	0.0117473	0.0398236	0.00326048	0.0781841	0.258636	0.0466197	0.0272837	0.0180329	0.00096189	0.00549874
120	0.0190229	0.0022982	0.0216931	0.016386	0.00320731	0.00922166	0.0137667	0.0109216	0.346243	0.037572	0.0196136	0.0167225	0.0152626	0.0487781	0.335296	0.0445599	0.0154394	0.0183526	0.000523114	0.00511973
121	0.0780964	0.00342371	0.057519	0.158597	0.0013468	0.013778	0.030787	0.0123346	0.158495	0.0237273	0.0124716	0.055288	0.0018204	0.128559	0.0981675	0.0840752	0.0548577	0.0216472	0.00037666	0.0046322
122	0.0622412	0.00204384	0.202534	0.371165	0.00248003	0.0305385	0.00601052	0.0102916	0.0582088	0.0158787	0.00313266	0.0414921	0.00534245	0.068227	0.0191601	0.0586912	0.0256871	0.0139413	0.000175378	0.00275803
123	0.199211	0.0499507	0.00997364	0.0148669	0.0141426	0.0457234	0.00817793	0.0970366	0.0149259	0.0436367	0.0170106	0.032558	0.0106657	0.0191306	0.0152255	0.126411	0.153006	0.118569	0.0014184	0.00835962
124	0.0383122	0.00813878	0.0139501	0.0502911	0.0134855	0.0154523	0.0146924	0.152071	0.0493912	0.257814	0.0913871	0.0288081	0.000825204	0.0446868	0.0266802	0.014716	0.0424792	0.122645	0.00107035	0.0131031
125	0.051663	0.00374878	0.0250453	0.0451404	0.00434107	0.0227308	0.0210246	0.010684	0.31341	0.0125381	0.0106866	0.0582929	0.00217529	0.0822506	0.202104	0.0721357	0.0350656	0.0208285	0.00132066	0.00481411
126	0.0410831	0.00838235	0.0140391	0.0474819	0.0148745	0.0168382	0.014181	0.147848	0.0540098	0.257115	0.085947	0.0303288	0.000870631	0.043591	0.0253293	0.0182636	0.0415227	0.122736	0.00162155	0.0139362
127	0.00977184	0.00726943	0.00194707	0.00266836	0.0648993	0.00276996	0.00432107	0.15875	0.00334626	0.537733	0.0934007	0.00361874	0.00401653	0.00217268	0.00591515	0.00655587	0.0157336	0.0509795	0.00360051	0.0205303
128	0.0625352	0.00310787	0.0570269	0.179621	0.00115324	0.0100504	0.0300568	0.0150604	0.157284	0.0242146	0.0148213	0.0565414	0.00139383	0.145493	0.0987342	0.0614012	0.055568	0.0204404	9.30021e-05	0.00540298
129	0.035568	0.00185478	0.416267	0.322132	0.00271095	0.0130453	0.00342185	0.00356249	0.0176106	0.0111903	0.00461803	0.0346809	0.0175524	0.0401868	0.00823574	0.0394258	0.0218144	0.00427305	0.000169451	0.00168091
130	0.187839	0.0397926	0.0176815	0.021106	0.00724425	0.0511045	0.01304	0.0234048	0.0239567	0.0229514	0.0152664	0.0934875	0.00938766	0.0238233	0.0204403	0.251909	0.1459	0.0237202	0.00125395	0.00669113
131	0.0377323	0.00366574	0.0249408	0.0454433	0.00266604	0.0195037	0.0158441	0.00803379	0.34148	0.011587	0.0112518	0.0522522	0.00134903	0.0867913	0.225357	0.05561	0.0319061	0.0186755	0.00106864	0.0048413
132	0.0214017	0.0284026	0.00562259	0.0297208	0.0323655	0.0101506	0.02147	0.0963642	0.178202	0.0683889	0.0229745	0.0329265	0.00746469	0.0305779	0.214101	0.109199	0.0483615	0.0350223	0.000962124	0.00632106
133	0.0853684	0.0020022	0.156694	0.361792	0.00382585	0.0363872	0.00740867	0.0165583	0.0596729	0.0222527	0.00459029	0.0324492	0.00487828	0.0777681	0.0169515	0.0644711	0.0264103	0.0182428	0.000186114	0.00209051
134	0.0537373	0.00357643	0.0480345	0.165117	0.00169718	0.00943187	0.0324589	0.0136779	0.170409	0.0281983	0.0170234	0.0527709	0.00158078	0.157296	0.112751	0.0536044	0.0520023	0.0194737	0.000219077	0.00694016
135	0.0740348	0.0163695	0.00182835	0.00559426	0.0291549	0.00662033	0.00477997	0.317373	0.0059257	0.124588	0.0256105	0.00546763	0.00503191	0.00581925	0.00377936	0.0157018	0.0484375	0.286899	0.000623149	0.0163614
136	0.056767	0.000695861	0.16676	0.289817	0.00598691	0.0161989	0.0217932	0.0112452	0.0510923	0.0267157	0.016176	0.0508666	0.00148066	0.10699	0.0336219	0.0533344	0.044177	0.0339717	0.000106745	0.0122031
137	0.0832365	0.0132704	0.00697239	0.0698425	0.0655429	0.00690641	0.00898317	0.156963	0.0115107	0.0786482	0.0215161	0.0202787	0.00409002	0.0139332	0.0083466	0.0715203	0.11504	0.221232	0.00205042	0.0201162
138	0.0132395	0.00845571	0.00182272	0.00238427	0.060796	0.00266842	0.00431579	0.187462	0.00382171	0.493322	0.0900237	0.00334437	0.00352523	0.00239835	0.00592225	0.00602126	0.015017	0.0711661	0.00347192	0.0208208
139	0.0757857	0.00311748	0.057966	0.159184	0.00128412	0.014365	0.0318278	0.0125026	0.156763	0.0234056	0.0130035	0.0577161	0.00182271	0.130275	0.0973108	0.0820039	0.0553988	0.0211427	0.000353041	0.00477218
140	0.0423006	0.00599804	0.0866537	0.0972331	0.16043	0.00836629	0.0136055	0.0114359	0.0125673	0.0206743	0.0409777	0.0378848	0.00459655	0.0658988	0.0393671	0.0882536	0.0766757	0.0127195	0.00154377	0.172818
141	0.0144759	0.00868066	0.00225874	0.00318745	0.0571005	0.00278162	0.00507371	0.192169	0.00508867	0.485493	0.0895991	0.00382409	0.00339567	0.00383563	0.00627781	0.00599188	0.015624	0.0718184	0.0033219	0.0200017
142	0.0468258	0.00095435	0.162566	0.292319	0.00150664	0.0370762	0.00955422	0.00621786	0.100235	0.0050283	0.00301659	0.0728168	0.00130446	0.0708839	0.0531747	0.0615065	0.0474983	0.0223523	0.000127579	0.00503563
143	0.0493786	0.000985254	0.166397	0.302905	0.00168569	0.0363952	0.00860818	0.00669407	0.0960082	0.00629985	0.00293674	0.0658529	0.0015475	0.0702498	0.048879	0.061808	0.0466671	0.0217015	0.00012281	0.00487844
144	0.0233522	0.00242809	0.0156169	0.0274313	0.00268181	0.0118706	0.0125621	0.0139643	0.359653	0.026227	0.0126899	0.0244962	0.00725536	0.0725664	0.301181	0.0412728	0.0222609	0.0153771	0.000590783	0.00652247
145	0.0332355	0.0168435	0.0064374	0.011941	0.0359988	0.00627603	0.0115013	0.235828	0.0279699	0.31996	0.0610047	0.011508	0.00346831	0.0177525	0.0170679	0.0143632	0.0256751	0.120998	0.00258373	0.019587
146	0.0828813	0.00310101	0.0579698	0.152603	0.00147635	0.015327	0.0313838	0.0115854	0.155872	0.0234149	0.0118205	0.0562826	0.00204393	0.125366	0.0955189	0.0921601	0.0545755	0.0217934	0.000508789	0.00431611
147	0.0692022	0.00171859	0.121475	0.240324	0.00416377	0.0220394	0.0217484	0.0120731	0.0959138	0.0240147	0.0125403	0.0540157	0.00251553	0.105918	0.0585839	0.0697535	0.04895	0.0277547	0.000165346	0.00713007
148	0.0108742	0.00738196	0.00218459	0.00362843	0.0627228	0.00303264	0.00528575	0.160664	0.00464326	0.525169	0.0934628	0.00441216	0.00386131	0.00482622	0.00739334	0.00675699	0.0163732	0.0534899	0.00342992	0.0204068
149	0.0480049	0.000907401	0.174219	0.294908	0.00458792	0.0171872	0.0213725	0.00939066	0.0571884	0.0231301	0.0132064	0.0539222	0.00332135	0.103639	0.0351922	0.0544835	0.0439195	0.0294499	0.000269636	0.0117012
150	0.0744564	0.00226643	0.173635	0.421304	0.00276831	0.0342465	0.00422712	0.0131571	0.0468686	0.0212719	0.00212658	0.0318373	0.00368138	0.0726175	0.00669163	0.06073	0.0156387	0.0109564	0.000204195	0.00131446
151	0.0516435	0.00154192	0.153054	0.283474	0.00329156	0.0190262	0.0197679	0.00938986	0.0795464	0.0208541	0.0115729	0.0502289	0.00305002	0.111395	0.050873	0.054391	0.0432623	0.0240923	0.000167841	0.00937668
152	0.0348458	0.00411962	0.0160531	0.0304349	0.00688491	0.0154183	0.0142701	0.0127508	0.344444	0.0189792	0.0158501	0.0409593	0.00198699	0.087054	0.238943	0.0512895	0.0363624	0.0215676	0.00102395	0.00676238
153	0.0520245	0.00130369	0.139758	0.272765	0.00130385	0.0338794	0.0119643	0.00806205	0.117676	0.00746491	0.0042317	0.0688735	0.00158711	0.0821952	0.0619521	0.0613103	0.0480715	0.0211384	0.000123848	0.00431529
154	0.0589862	0.00169989	0.146523	0.282896	0.00249302	0.0266358	0.0148678	0.00987233	0.098337	0.0158388	0.00708053	0.0577023	0.00258137	0.0939514	0.0514343	0.0608901	0.0417249	0.0211624	0.000148671	0.00517431
155	0.0784718	0.0107342	0.0167997	0.0240394	0.116514	0.0172056	0.0370428	0.0527528	0.0348008	0.19747	0.0359115	0.0743296	0.00626699	0.0587444	0.0278096	0.0497696	0.0412262	0.0460326	0.00626033	0.0678176
156	0.0679644	0.00320923	0.0556501	0.162915	0.00141786	0.0120419	0.0300541	0.013709	0.167352	0.023816	0.0148085	0.0567766	0.00156069	0.13549	0.105114	0.0679272	0.0535614	0.0212295	0.000200756	0.00520223
157	0.0899704	0.00283253	0.0555988	0.166648	0.00324643	0.0154045	0.0294416	0.0128705	0.142442	0.0288834	0.0127056	0.0530348	0.00305635	0.13398	0.0873765	0.0838665	0.0495862	0.0243693	0.000531709	0.00415433
158	0.0078288	0.0186587	0.00264338	0.0026996	0.286281	0.0105599	0.0468782	0.0258817	0.00894872	0.0632938	0.0117499	0.0222528	0.00325436	0.00938338	0.0108077	0.0261099	0.0125171	0.00891091	0.0213541	0.399986
159	0.0500675	0.00291203	0.0669608	0.217371	0.00282957	0.00782157	0.0375033	0.0106983	0.115014	0.0378704	0.0162682	0.0457044	0.00187903	0.175041	0.0792341	0.0505445	0.0490876	0.0204952	0.000231836	0.0124662
160	0.0581059	0.00320012	0.0784577	0.206272	0.00111514	0.0153911	0.0263532	0.012584	0.146901	0.0201647	0.0122216	0.0581918	0.00132659	0.131327	0.0878121	0.0601915	0.0541741	0.020736	9.1743e-05	0.00538274
161	0.0507889	0.00847415	0.00537341	0.0103322	0.050941	0.0111813	0.0371386	0.0931672	0.0447896	0.426767	0.018435	0.0299507	0.00197077	0.0405906	0.00920221	0.0274206	0.0182488	0.0686708	0.012555	0.0340026
162	0.0493823	0.00132207	0.246144	0.322676	0.00533837	0.0156516	0.0143714	0.00972146	0.0357381	0.0220903	0.0127633	0.0435712	0.00595303	0.0836478	0.0204658	0.0497765	0.0311849	0.021815	0.000135787	0.00825068
163	0.0320147	0.00324314	0.0165251	0.0338856	0.00261271	0.0158478	0.0125112	0.0112053	0.372616	0.0129882	0.00970974	0.0417053	0.00175392	0.0853105	0.250071	0.0448807	0.0291229	0.0167824	0.00102469	0.00618923
164	0.0597239	0.00326519	0.0565007	0.184905	0.00122159	0.00921077	0.0297725	0.015637	0.153809	0.0250276	0.0165882	0.0553299	0.00146699	0.150022	0.0966265	0.057703	0.0564571	0.020618	0.000103516	0.00601143
165	0.0281574	0.00296635	0.0145447	0.0292342	0.00345108	0.0147238	0.0166076	0.0157404	0.354786	0.0194227	0.0114444	0.0324191	0.00369382	0.0796281	0.281679	0.040619	0.0259271	0.0172609	0.000770166	0.0069244
166	0.0315403	0.00341428	0.0168715	0.0274245	0.00294671	0.0163661	0.0147065	0.00977863	0.356242	0.0145392	0.01133	0.0406797	0.00278969	0.0776912	0.273781	0.0471827	0.0270767	0.01921	0.000999563	0.00543032
167	0.239694	0.109108	0.00209414	0.00762452	0.00956782	0.0914728	0.00701741	0.0573802	0.00347838	0.0389622	0.0138614	0.0256472	0.00909736	0.013603	0.00797878	0.144819	0.124753	0.0885759	0.000282759	0.00498185
168	0.0261842	0.0109917	0.00179688	0.0025958	0.0532931	0.00449294	0.00818765	0.23597	0.00904706	0.380823	0.0556561	0.00535606	0.00308707	0.00677794	0.00417855	0.00704958	0.0125058	0.145944	0.00311854	0.0229445
169	0.039182	0.00112511	0.132338	0.3441	0.00413926	0.00841815	0.0245038	0.00853238	0.040668	0.0309242	0.017797	0.0335317	0.000914868	0.154896	0.0349302	0.0377746	0.0396102	0.0301288	0.000254205	0.0162321
170	0.0153607	0.0238731	0.004779	0.0066618	0.242181	0.00722376	0.0667486	0.0256743	0.0123883	0.0560208	0.0199934	0.02149	0.00337675	0.0158795	0.0205887	0.0360529	0.0172824	0.0176109	0.0172792	0.369535
171	0.240469	0.0885752	0.001543	0.00867845	0.0148025	0.0757786	0.00469677	0.0705094	0.00344514	0.0466769	0.0132701	0.0275507	0.0106279	0.0125017	0.00532842	0.12424	0.133946	0.110683	0.000312505	0.00636436
172	0.00997111	0.00740992	0.001956	0.00263831	0.0647747	0.00273713	0.00428096	0.161391	0.00336893	0.533861	0.0933013	0.0035573	0.00395284	0.0021676	0.00593493	0.00645598	0.0156996	0.052255	0.00360336	0.0206822
173	0.0103228	0.0204478	0.00313655	0.0034475	0.229004	0.00686116	0.0951439	0.0275838	0.0159014	0.0633202	0.0113453	0.018975	0.00273779	0.0121827	0.0174214	0.0273479	0.0123096	0.00992239	0.0163031	0.396286
174	0.0456246	0.000690251	0.168968	0.322613	0.0050507	0.0130036	0.0242544	0.00884842	0.0404799	0.0268185	0.0159808	0.045941	0.000681205	0.117291	0.0281921	0.0481856	0.0412239	0.0305812	0.000123101	0.0154488
175	0.0800186	0.00229424	0.0833374	0.197494	0.0059172	0.0139431	0.0291713	0.0142185	0.118081	0.0304579	0.0165688	0.0509662	0.00323763	0.128908	0.0742006	0.0692217	0.0477398	0.028095	0.000126392	0.00600186
176	0.0358918	0.011572	0.00504375	0.0165035	0.0147063	0.00527662	0.012555	0.291338	0.0224683	0.275571	0.0733467	0.0101833	0.00114561	0.0246638	0.0150122	0.0067768	0.0220139	0.141018	0.00129202	0.013621
177	0.0616524	0.000953959	0.177866	0.325062	0.00689582	0.0203038	0.0164493	0.0114707	0.0475511	0.0282547	0.012254	0.0446253	0.00208047	0.0923405	0.0250212	0.0540729	0.0351252	0.0292105	0.000113727	0.00869543
178	0.0799601	0.00314516	0.05793	0.156572	0.00137497	0.014663	0.0312443	0.0120548	0.156616	0.0235798	0.0122585	0.0554242	0.00186894	0.127895	0.0971702	0.0869575	0.0547335	0.0215496	0.000449107	0.00455353
179	0.0109904	0.00741615	0.00202528	0.00293864	0.061091	0.00271969	0.00514415	0.165766	0.00398252	0.529649	0.0917454	0.00400964	0.00380754	0.00326801	0.0060707	0.00641017	0.0160209	0.0536617	0.00345814	0.0198253
180	0.359903	0.0342651	0.00361581	0.0405819	0.00617372	0.0230367	0.00491167	0.0427955	0.00674018	0.0172623	0.024182	0.0219647	0.00504286	0.0161297	0.00562904	0.106514	0.190074	0.0774473	0.000637622	0.0130932
181	0.0671293	0.0031363	0.0570533	0.168406	0.001239	0.0114332	0.0303563	0.0144511	0.16219	0.0235143	0.0142948	0.0573304	0.00148404	0.138711	0.100587	0.0673094	0.0552138	0.0209671	0.000115793	0.00507763
182	0.0498957	0.00945984	0.0152788	0.0318057	0.0206713	0.0167865	0.0144266	0.138571	0.050242	0.299912	0.061983	0.0330653	0.000978285	0.0408987	0.0182251	0.0178499	0.0346975	0.125925	0.0039247	0.0154023
183	0.0502489	0.00101027	0.184659	0.344891	0.0045552	0.0193598	0.0154215	0.00911287	0.047486	0.020774	0.0107682	0.0469672	0.00160662	0.0944349	0.0248539	0.0536438	0.0349058	0.0258634	0.0001116	0.00932586
184	0.0122598	0.00821881	0.00215171	0.00408575	0.0665418	0.0033292	0.00506378	0.157626	0.0046027	0.51871	0.0917017	0.00425842	0.0038993	0.00317713	0.00632877	0.00816628	0.0188809	0.0563488	0.00354736	0.0211011
185	0.0854921	0.00321551	0.131563	0.231713	0.024126	0.0140163	0.0265313	0.0200079	0.0417479	0.027862	0.0208613	0.0406377	0.00396287	0.0959133	0.0413926	0.0860068	0.0434145	0.0503913	0.000475635	0.0106695
186	0.0110542	0.0075521	0.00197118	0.00263757	0.0639348	0.00291443	0.0045583	0.164888	0.00383	0.526814	0.0905077	0.00378781	0.00387229	0.00253709	0.00602404	0.00660141	0.0153889	0.0568071	0.00359326	0.0207261
187	0.0262836	0.00907016	0.00410992	0.0621487	0.0926507	0.0231147	0.0624996	0.112422	0.0469464	0.184445	0.0162513	0.0258612	0.00408867	0.0678631	0.0628099	0.0157566	0.0247574	0.0808734	0.00365196	0.0743955
188	0.12774	0.00631036	0.0466647	0.0647611	0.00670835	0.0616002	0.0191023	0.0155397	0.0478005	0.023958	0.0193665	0.103225	0.00847775	0.0584332	0.048607	0.224208	0.0885935	0.0236838	0.000451451	0.00476823
189	0.029288	0.00327962	0.0160668	0.0295895	0.00273176	0.01533	0.0138461	0.012822	0.356267	0.0162924	0.0104908	0.0374069	0.00347673	0.0783314	0.280486	0.0443608	0.0264551	0.0166696	0.000882716	0.00592664
190	0.0535071	0.0029427	0.049291	0.19788	0.00123672	0.00775292	0.0290403	0.0154218	0.148179	0.0281749	0.0144209	0.0542699	0.00151475	0.166609	0.0978546	0.0527627	0.0529367	0.0197335	0.000134354	0.00633781
191	0.127481	0.0132784	0.0284462	0.0308362	0.00756126	0.11717	0.0131093	0.0279448	0.0408238	0.0203401	0.0199687	0.0920887	0.00885284	0.0428977	0.0410709	0.243215	0.0983367	0.0188711	0.00059694	0.00711011
192	0.0485894	0.00408689	0.0459561	0.144045	0.00461143	0.0101176	0.0278594	0.0265995	0.178396	0.0359288	0.0189661	0.0466532	0.00267165	0.139141	0.137454	0.0477075	0.0465712	0.0203109	0.00029245	0.014043
193	0.125359	0.00798163	0.0264908	0.0268444	0.0228956	0.0961569	0.0169085	0.0161996	0.0508802	0.0213757	0.0241256	0.0918103	0.0108377	0.0442103	0.0501728	0.193509	0.113257	0.0360715	0.000826929	0.0240868
194	0.132406	0.00734815	0.0371253	0.0475844	0.00838725	0.0735883	0.0205541	0.0145348	0.038777	0.0247784	0.0207948	0.115347	0.0113061	0.0537771	0.0415267	0.226679	0.0956094	0.0233285	0.000330652	0.00621699
