442	20
1	0.0207325	0.00165062	0.0289364	0.046669	0.00211597	0.00498165	0.0086297	0.00127383	0.320067	0.00375712	0.00247314	0.069415	0.00459631	0.0749755	0.332334	0.0349533	0.0345845	0.00647109	0.000542253	0.000841023
2	0.0222719	0.0042476	0.00674603	0.0323147	0.0056113	0.00654885	0.00954417	0.00139569	0.50917	0.00202478	0.00102519	0.0299248	0.00643408	0.045051	0.236008	0.0304592	0.0440166	0.00590449	0.000330984	0.000970377
3	0.165558	0.00253739	0.0016966	0.00169841	0.00393189	0.0086468	0.00363087	0.128358	0.00238623	0.028389	0.00529877	0.00879319	0.00170926	0.00588783	0.00457165	0.00431266	0.0129849	0.606254	0.00056582	0.00278928
4	0.532777	0.0822012	0.00272611	0.00330146	0.00510826	0.107059	0.00330162	0.0143919	0.00432436	0.0262323	0.00432368	0.00388455	0.00212631	0.00587216	0.00581299	0.0415304	0.070097	0.0817552	0.000854563	0.00231993
5	0.0180244	0.00322683	0.000612814	0.00275663	0.00927021	0.00122354	0.000786468	0.578181	0.000898224	0.0429134	0.00473557	0.00110466	0.00539356	0.00092222	0.00137883	0.00161466	0.00758182	0.3093	0.000403226	0.00967187
6	0.00457891	0.00395655	0.000392514	0.00088357	0.00851565	0.000875142	0.000904597	0.613418	0.000437848	0.163341	0.0195255	0.00275229	0.00735291	0.000566992	0.00265253	0.000962677	0.00085661	0.162715	0.000168404	0.00514296
7	0.031642	0.000394148	0.0034579	0.00327094	0.00198241	0.884011	0.000831472	0.00335837	0.00552212	0.00324651	0.000929425	0.014733	0.00113055	0.00787663	0.0106405	0.0193685	0.00512632	0.000882921	0.000360359	0.00123484
8	0.710657	0.00688129	0.000935962	0.00105515	0.00432625	0.0234336	0.00137242	0.00470052	0.00135577	0.0158883	0.00591619	0.00287588	0.00477721	0.00168907	0.00145367	0.159563	0.0109207	0.0408142	0.000293354	0.00109027
9	0.0305989	0.00029371	0.00230287	0.00293292	0.0019645	0.888772	0.000612429	0.00334106	0.00515218	0.00310502	0.000790687	0.0143453	0.000494218	0.00798452	0.0107985	0.0190714	0.00506709	0.000843294	0.000259488	0.00126995
10	0.0349616	0.0216256	0.00103119	0.00145824	0.0053947	0.00638844	0.00124867	0.120051	0.00147441	0.0230925	0.00761096	0.00851442	0.00225253	0.00161849	0.00195184	0.0675595	0.202426	0.488539	0.000429756	0.00237152
11	0.0491731	0.00629577	0.00604051	0.0113901	0.0542398	0.0193545	0.00720516	0.047208	0.0107292	0.209435	0.417289	0.0108318	0.00996517	0.0207517	0.0152771	0.0174296	0.0315965	0.0419907	0.00237574	0.0114211
12	0.0272428	0.000296608	0.00305072	0.00307185	0.00234643	0.888333	0.000979573	0.00343595	0.00553075	0.00313021	0.000780798	0.0150056	0.00050216	0.008236	0.0109325	0.0185744	0.00522993	0.00141965	0.00025199	0.00164901
13	0.334545	0.0207876	0.00121633	0.0013776	0.00780047	0.0474154	0.00150314	0.00192226	0.0016397	0.017232	0.0135382	0.00889747	0.000854225	0.00189808	0.00195231	0.507499	0.025625	0.0024405	0.000505318	0.00135036
14	0.195186	0.00218038	0.00682303	0.00654606	0.00338585	0.465763	0.00414717	0.0107899	0.0100516	0.00897428	0.00403745	0.0256167	0.00281356	0.090264	0.0328408	0.0703446	0.0454938	0.00563075	0.00417991	0.00493081
15	0.00970746	0.00426077	0.00053438	0.00135253	0.0102461	0.00127868	0.00123389	0.581906	0.000664139	0.16866	0.0225809	0.0031193	0.007396	0.000885392	0.00284556	0.00246189	0.00533962	0.169535	0.000323576	0.00566877
16	0.783494	0.0116012	0.00137297	0.00196316	0.00385365	0.033287	0.00177665	0.00779458	0.00192396	0.0159774	0.0037709	0.00223577	0.0049948	0.00276471	0.00241627	0.0480665	0.0161762	0.0546001	0.000475705	0.00145489
17	0.704404	0.0479951	0.00123863	0.00158091	0.00320133	0.0886658	0.0017395	0.00610284	0.00175283	0.0194205	0.00260034	0.00204075	0.00276723	0.00226097	0.00263204	0.026666	0.0323823	0.0506456	0.000460235	0.00144362
18	0.0257597	0.00406002	0.00659185	0.00869099	0.00800822	0.0108743	0.377245	0.0113879	0.0097955	0.301769	0.00873873	0.00920979	0.00508093	0.145426	0.0133348	0.0146387	0.0158128	0.0152276	0.00200945	0.00633819
19	0.0799594	0.133394	0.00296192	0.0028148	0.0968631	0.0138442	0.00885205	0.0947296	0.0045554	0.311242	0.0492812	0.00749101	0.00142678	0.00346215	0.00832905	0.0072984	0.0110724	0.155358	0.00105068	0.00601353
20	0.251207	0.0366619	0.00127461	0.00161233	0.00831836	0.0181028	0.00210105	0.112828	0.00192188	0.0331898	0.010562	0.00633927	0.00178094	0.00347365	0.00371513	0.0630597	0.110675	0.330062	0.000660068	0.00245426
21	0.0810939	0.00265717	0.0180549	0.00898373	0.00421988	0.567293	0.00567785	0.00973141	0.0130615	0.0104308	0.00585668	0.0677339	0.00531219	0.0245793	0.0214559	0.107292	0.0294818	0.00636064	0.00417877	0.0065449
22	0.425749	0.0407452	0.00177311	0.00334116	0.00328897	0.0354117	0.00197316	0.047958	0.00293939	0.0198504	0.00369185	0.00367118	0.00168352	0.0119222	0.00587059	0.129109	0.0717236	0.186104	0.000800812	0.00239246
23	0.0548659	0.000485266	0.00678606	0.00380292	0.00129821	0.757328	0.00233386	0.00558973	0.0120796	0.00216938	0.000933373	0.0381089	0.000479867	0.023888	0.0287366	0.0415714	0.0154124	0.00125251	0.000464845	0.00241301
24	0.0358893	0.0400293	0.00838297	0.00159155	0.0498975	0.0121191	0.0557117	0.199554	0.014817	0.278309	0.0351992	0.0108594	0.00265307	0.00555941	0.0301006	0.0112538	0.00548659	0.185034	0.000508604	0.0170445
25	0.0929211	0.00064644	0.118773	0.298231	0.00091301	0.0136591	0.00957358	0.018375	0.0790868	0.0105825	0.00307106	0.0198769	0.0230685	0.145796	0.0825394	0.0213021	0.0263373	0.0297031	0.00265592	0.00288862
26	0.0381893	0.0358344	0.00156308	0.00191181	0.00467953	0.0088624	0.00192558	0.0894045	0.00194132	0.0153256	0.00464451	0.00652028	0.00202365	0.00262806	0.00225985	0.0689096	0.166564	0.543787	0.00055955	0.00246599
27	0.0337811	0.000509536	0.0175762	0.0788029	0.0233739	0.00183794	0.0262555	0.0614635	0.0408589	0.282746	0.0256773	0.00141185	0.0252355	0.0187879	0.0595124	0.016476	0.0666871	0.14542	0.021455	0.0521322
28	0.0124663	0.00155332	0.000978291	0.00503179	0.0271042	0.00288391	0.00121701	0.0688132	0.00303466	0.624068	0.164993	0.003158	0.00299945	0.00258331	0.00657837	0.0021604	0.00562333	0.0560164	0.000642621	0.00809447
29	0.0214315	0.00553246	0.00219442	0.00374389	0.0895813	0.00681905	0.00557982	0.0723246	0.0026768	0.510623	0.1338	0.00524334	0.00359431	0.00666405	0.0104109	0.00524363	0.0126525	0.0690721	0.00451974	0.0282923
30	0.0206224	0.000672069	0.676107	0.136339	0.00168794	0.0207923	0.00496456	0.0022402	0.00973344	0.00523783	0.00229018	0.0385438	0.00838816	0.0179905	0.00895513	0.0216393	0.013642	0.00614599	0.000595492	0.00341255
31	0.0202361	0.00410209	0.00324015	0.00282933	0.0210839	0.00491823	0.00118015	0.217308	0.000955943	0.364452	0.126038	0.00719953	0.0012297	0.011082	0.00358388	0.0134971	0.0478486	0.137697	0.000358739	0.0111601
32	0.0807058	0.000345413	0.0231538	0.0536428	0.00762065	0.0208998	0.0114303	0.00613394	0.240289	0.0133908	0.00360295	0.00969412	0.153056	0.0558342	0.18789	0.0595709	0.0395921	0.0261402	0.000276989	0.00673074
33	0.008303	0.00177834	0.095393	0.00311641	0.00264464	0.00350845	0.0160474	0.016221	0.0158252	0.0188368	0.00303632	0.621758	0.00229432	0.00850435	0.0203531	0.107089	0.0335453	0.00500718	0.000842873	0.0158953
34	0.336538	0.00483956	0.0280511	0.0488584	0.00870051	0.0757423	0.00819085	0.00955894	0.126833	0.0205754	0.00925681	0.0183857	0.000523803	0.0354844	0.0900841	0.122616	0.0415402	0.00213644	0.000297595	0.0117871
35	0.0101161	0.00378772	0.000949037	0.0014491	0.0175689	0.00173597	0.0038515	0.489146	0.000841113	0.251539	0.0320134	0.00544181	0.013588	0.0011878	0.00648891	0.00278603	0.00507008	0.141656	0.0012526	0.00953009
36	0.774416	0.0113364	0.000855307	0.000961903	0.00304867	0.0222376	0.000839419	0.00868775	0.00110093	0.016773	0.00325151	0.00114293	0.00529702	0.00211749	0.00151864	0.0554606	0.016503	0.073277	0.000262943	0.000911433
37	0.384967	0.00421403	0.00345105	0.0208837	0.00835632	0.00805765	0.00346805	0.0917939	0.00919271	0.154894	0.119305	0.00484069	0.00290444	0.0649267	0.0103743	0.0296399	0.0526696	0.0216537	0.00158474	0.00282207
38	0.0644555	0.00110299	0.00652362	0.0155576	0.0103715	0.0262938	0.0360612	0.0756128	0.149309	0.222326	0.0409554	0.0125646	0.00943081	0.0380462	0.11637	0.0135107	0.0487381	0.105863	0.00325373	0.00365403
39	0.121189	0.000605928	0.0445089	0.128207	0.00517775	0.0298836	0.0163648	0.00217871	0.230834	0.0310866	0.026089	0.0508553	0.00218027	0.0960786	0.068088	0.0577038	0.0666982	0.020344	0.000582765	0.00134379
40	0.206967	0.00138608	0.0164897	0.0210151	0.0022948	0.0267171	0.0317918	0.00398872	0.0299435	0.0821054	0.0521561	0.0575986	0.0514539	0.100534	0.0265493	0.219324	0.0578407	0.00893335	0.000767189	0.00214352
41	0.0260695	0.00229294	0.0329652	0.0535379	0.00283546	0.00528034	0.00723967	0.00188176	0.441358	0.00323597	0.00194958	0.0679362	0.00485987	0.0485882	0.192219	0.0683196	0.0336405	0.00431893	0.000401593	0.00106999
42	0.0914101	0.00154661	0.021667	0.0523734	0.00790199	0.030104	0.0141657	0.00998844	0.213133	0.0265876	0.00627013	0.0116806	0.153793	0.0519291	0.169275	0.057028	0.0467225	0.0266649	0.000890126	0.00686835
43	0.115143	0.000360008	0.188507	0.20523	0.000477932	0.0289135	0.0233306	0.00219009	0.0991766	0.00182568	0.00263885	0.0517926	0.00795818	0.0585679	0.045223	0.0942864	0.0609953	0.00900287	0.00188562	0.00249518
44	0.0403424	0.001824	0.00534455	0.00449567	0.0363267	0.0052892	0.0528676	0.00384388	0.0251211	0.2501	0.00373979	0.109639	0.00179085	0.0210965	0.295687	0.0198457	0.00649381	0.00573212	0.000938493	0.109482
45	0.0142776	0.00310965	0.000745509	0.00138497	0.00814779	0.0010952	0.001012	0.566971	0.00162055	0.0869566	0.0100247	0.00202344	0.00553534	0.00118211	0.0025413	0.00212684	0.00787123	0.276404	0.000533792	0.00643612
46	0.0406765	0.00147018	0.0293469	0.187185	0.00305289	0.0183222	0.0291039	0.00493563	0.05574	0.00584208	0.00373295	0.00383968	0.00159186	0.0754821	0.0523579	0.113343	0.337878	0.0324679	0.000917739	0.00271411
47	0.16447	0.00132597	0.00194497	0.0118226	0.00201268	0.00291584	0.00229848	0.114433	0.00247838	0.0803004	0.00235208	0.00250667	0.23633	0.0136472	0.00325102	0.00388547	0.142438	0.197485	0.00219944	0.0119032
48	0.0940154	0.00396338	0.0066284	0.00569946	0.00347793	0.691526	0.00380563	0.0114642	0.0295365	0.00604987	0.00318376	0.028071	0.00292984	0.0242321	0.0241435	0.0343583	0.0154778	0.00672534	0.000929362	0.00378264
49	0.00497917	0.000651109	0.0347604	0.00206115	0.00164573	0.002613	0.0338494	0.0045977	0.00493831	0.00489429	0.00168819	0.810169	0.000929585	0.0126892	0.0187192	0.0375755	0.015339	0.00309892	0.000669689	0.00413116
50	0.0374273	0.00536477	0.00135662	0.00358993	0.0661378	0.00642787	0.000951741	0.215291	0.00101956	0.350795	0.0839317	0.00539756	0.00135678	0.0035163	0.00217898	0.014203	0.0673325	0.116145	0.00278724	0.0147904
51	0.0516497	0.0137552	0.0427568	0.0436432	0.00366085	0.0295733	0.00285128	0.00847351	0.264181	0.147023	0.0166645	0.00448112	0.00224076	0.0717984	0.202545	0.0120016	0.00880984	0.0371274	0.0344681	0.00229478
52	0.0183571	0.00326108	0.00182758	0.0051211	0.0150203	0.00751419	0.00462402	0.371411	0.001154	0.311566	0.0444833	0.009559	0.00395727	0.00321032	0.00664325	0.00562967	0.015201	0.163505	0.000351666	0.00760361
53	0.335558	0.00511288	0.0275597	0.047809	0.00846481	0.0764021	0.00798916	0.00908018	0.130491	0.0203485	0.00884628	0.0187898	0.000501682	0.0353607	0.0909562	0.122325	0.0404216	0.00215959	0.000291759	0.0115319
54	0.0319071	0.000540661	0.418314	0.225876	0.000861956	0.0810823	0.0130341	0.00104289	0.0139116	0.00797698	0.00088476	0.0530219	0.0187933	0.0286557	0.00706048	0.0389321	0.0392058	0.0120972	0.000226787	0.00657447
55	0.244193	0.464214	0.00229772	0.00342748	0.00294468	0.0191421	0.00288089	0.00381777	0.00351503	0.00665781	0.00337656	0.00358642	0.00193752	0.00419917	0.0180884	0.0339498	0.0252017	0.118685	0.000803711	0.0370806
56	0.0359083	0.000604832	0.512375	0.184433	0.00127304	0.0395792	0.0105901	0.00239064	0.0225099	0.00621127	0.00215076	0.0474437	0.0103587	0.0353661	0.0152026	0.0328904	0.0270181	0.00949112	0.000546581	0.00365646
57	0.0349405	0.00527052	0.00302722	0.00625854	0.0978924	0.00746511	0.00839266	0.116481	0.0057868	0.40628	0.0430817	0.00453848	0.0124432	0.00610073	0.0150646	0.0113978	0.0195636	0.107828	0.0295967	0.0585904
58	0.0208851	0.00339521	0.000528304	0.00381007	0.0128573	0.00147487	0.000682825	0.543962	0.000889685	0.0164006	0.00121187	0.000964338	0.00655114	0.00110119	0.00116432	0.00154927	0.00918803	0.358585	0.000381316	0.0144175
59	0.00462904	0.00398101	0.000394928	0.000891426	0.00848096	0.000873945	0.000895317	0.614351	0.000453533	0.161394	0.0194969	0.00268824	0.00727567	0.000560765	0.00260832	0.000964923	0.000918741	0.16386	0.000163227	0.00511769
60	0.01453	0.000944027	0.0614734	0.805078	0.00564612	0.0028998	0.00176614	0.00303938	0.00504817	0.013053	0.00740105	0.00465561	0.00205263	0.0220841	0.00433853	0.00907219	0.0166444	0.0183966	0.000636124	0.00124116
61	0.816218	0.00673925	0.00099585	0.00104835	0.00353205	0.0231967	0.00104193	0.00556071	0.00120547	0.0157788	0.00351696	0.00129595	0.00610382	0.0017965	0.00145915	0.0439411	0.00915629	0.0559421	0.00033865	0.00113203
62	0.0145742	0.00337143	0.000434246	0.00245047	0.0081856	0.000969913	0.000566676	0.606497	0.000606048	0.0430212	0.00412608	0.000791131	0.00438864	0.000802697	0.000761939	0.000933796	0.00518142	0.293088	0.00031998	0.00892881
63	0.0568858	0.00107558	0.00377773	0.00119465	0.0150119	0.00208651	0.00419468	0.25952	0.0139926	0.08914	0.0160539	0.00306665	0.0101212	0.0027189	0.0114384	0.0112931	0.0596846	0.431604	0.0019365	0.00520337
64	0.0134132	0.00094733	0.0588973	0.809337	0.00562871	0.00285167	0.00170299	0.00287404	0.00489814	0.0130855	0.00703062	0.00502527	0.00137122	0.0227987	0.00450378	0.00879215	0.0166559	0.0182283	0.00072536	0.00123238
65	0.0163972	0.000886598	0.0491946	0.0291475	0.00177051	0.0091667	0.0062517	0.00181021	0.198388	0.00854305	0.00489799	0.0695349	0.00810693	0.0735355	0.453209	0.0317072	0.0236869	0.0108529	0.00149061	0.00142199
66	0.0209404	0.00128034	0.00191354	0.00179277	0.0238465	0.00284356	0.00862263	0.126784	0.00247335	0.543007	0.0893574	0.00363364	0.0485816	0.00383306	0.0195072	0.00513102	0.00395749	0.0704729	0.00386461	0.0181562
67	0.116453	0.000452831	0.250036	0.427467	0.00122453	0.0204747	0.00859591	0.00140694	0.0475312	0.00980957	0.00837924	0.00626309	0.0380666	0.024091	0.00266629	0.0221724	0.00836225	0.00520838	0.000360581	0.000978873
68	0.0714686	0.000979224	0.00286687	0.00320789	0.00971717	0.00219544	0.00354335	0.255072	0.0060687	0.0767468	0.0108235	0.00280691	0.0637909	0.00420863	0.00811951	0.008453	0.0558895	0.397482	0.00995179	0.00660839
69	0.0340671	0.00712362	0.01257	0.0471615	0.00627596	0.0138754	0.00924092	0.00524333	0.503768	0.0113145	0.006075	0.0259842	0.0122508	0.0410421	0.176472	0.0316596	0.0391121	0.0114755	0.00107339	0.00421445
70	0.027726	0.00166649	0.0189119	0.0327602	0.00365809	0.0198241	0.111096	0.0204113	0.0719139	0.0533936	0.00351355	0.00414841	0.00241942	0.338018	0.221071	0.0221834	0.0217264	0.0214176	0.00107761	0.0030628
71	0.176211	0.00180414	0.141447	0.0891677	0.00260139	0.0448785	0.00305735	0.0174175	0.0825976	0.0338818	0.00403244	0.0248497	0.00153128	0.220854	0.0137596	0.126603	0.00626751	0.00612861	0.000821901	0.00208716
72	0.0310581	0.0098639	0.000598343	0.00113155	0.0595127	0.00566644	0.000618457	0.121073	0.000857859	0.532009	0.0335579	0.00297693	0.000618615	0.00123	0.00387526	0.00352787	0.0199335	0.163261	0.00107787	0.00755169
73	0.0174431	0.00087327	0.00147905	0.00589031	0.257326	0.00169323	0.016798	0.0936273	0.00156452	0.15933	0.040916	0.00166314	0.000836618	0.0110623	0.00197431	0.0115767	0.00649479	0.0574405	0.055688	0.256324
74	0.0620368	0.000802983	0.0133564	0.0283598	0.00516516	0.026462	0.0131117	0.00392229	0.343569	0.00786956	0.00268819	0.0302633	0.0855345	0.0374241	0.201585	0.0670272	0.0536692	0.0124333	0.000434238	0.00428518
75	0.158845	0.000801342	0.0482003	0.127008	0.00165423	0.0210056	0.00158837	0.00228703	0.064303	0.0104333	0.0017238	0.00220554	0.441994	0.0310078	0.0224644	0.0394557	0.0207951	0.00253475	0.000458037	0.00123434
76	0.0232037	0.00359228	0.272695	0.132992	0.0016889	0.237429	0.0455974	0.00211844	0.0509884	0.00641641	0.00385315	0.0877714	0.0108131	0.028322	0.0134311	0.0249142	0.0419026	0.0071253	0.00113821	0.00400775
77	0.268279	0.0169814	0.000617785	0.000832779	0.000745634	0.0396847	0.000767227	0.00650007	0.00085149	0.00727619	0.0041967	0.00662443	0.000473017	0.00116316	0.00119569	0.249774	0.353609	0.03958	0.000221312	0.000627187
78	0.00510413	0.00374209	0.000428908	0.000927796	0.00896539	0.00101317	0.00111695	0.601929	0.000443174	0.174767	0.0205322	0.00300498	0.00748096	0.000597864	0.00299782	0.00110831	0.000936051	0.15939	0.000177773	0.0053369
79	0.0181964	0.00222374	0.00162416	0.00121317	0.0160377	0.0019094	0.0023225	0.371389	0.00408751	0.124839	0.0138471	0.0067875	0.00671331	0.00442354	0.00703992	0.00432099	0.0153069	0.386516	0.000644773	0.0105576
80	0.244347	0.0131735	0.000662026	0.000999898	0.000812156	0.0437595	0.000848364	0.00557938	0.000977334	0.00691606	0.00386529	0.00726209	0.00057483	0.0011013	0.00137786	0.251716	0.376483	0.0386482	0.00028066	0.000615925
81	0.0124514	0.00310938	0.00204102	0.00181927	0.00629286	0.00464621	0.00220641	0.00550267	0.00175499	0.0165297	0.0124578	0.0161135	0.00641286	0.0025904	0.00264455	0.216933	0.675017	0.00967215	0.000403143	0.00140168
82	0.00386105	0.000605123	0.0349927	0.00129831	0.00153174	0.002646	0.0342366	0.00375618	0.00428601	0.00446832	0.0013253	0.82344	0.000817684	0.0122671	0.0159456	0.0364043	0.0120661	0.00221437	0.000346278	0.00349117
83	0.0287862	0.00506731	0.00397856	0.00393447	0.00682078	0.00891511	0.00768354	0.00766133	0.00542792	0.0165347	0.0122342	0.0177101	0.00588244	0.0041134	0.00364394	0.166779	0.677931	0.013941	0.000627667	0.00232768
84	0.195825	0.0176417	0.014851	0.00864335	0.00869164	0.0469788	0.0112755	0.0112667	0.0102075	0.0246535	0.0141858	0.0205987	0.0142953	0.0126938	0.0145603	0.446293	0.0998688	0.0198368	0.00269822	0.00493414
85	0.122405	0.00972224	0.0211514	0.00832786	0.00393079	0.114703	0.00443585	0.00754571	0.00639029	0.0105699	0.00678684	0.0228763	0.0110692	0.0119093	0.0131027	0.269247	0.32572	0.0256769	0.00179524	0.00263369
86	0.0236399	0.00554137	0.000841596	0.00132071	0.0452094	0.00471298	0.00153088	0.16045	0.000701694	0.523237	0.0606355	0.00310079	0.0014762	0.00157505	0.00477615	0.00370093	0.016065	0.132816	0.000703619	0.00796549
87	0.0892976	0.00143419	0.0226127	0.0268562	0.0030014	0.054426	0.0133614	0.00404741	0.0193228	0.0254283	0.00790153	0.0254955	0.359957	0.0550364	0.0289606	0.203791	0.0507247	0.00529034	0.000848414	0.00220628
88	0.0114861	0.0027511	0.00137879	0.00207359	0.0117136	0.00317369	0.00451409	0.434577	0.000926926	0.301232	0.042946	0.00565543	0.0057024	0.00211469	0.00810068	0.00405413	0.00783046	0.142199	0.000295147	0.00727608
89	0.0160043	0.00138637	0.00104688	0.00170436	0.0260166	0.00301395	0.00276981	0.17798	0.000616464	0.537664	0.101671	0.00346024	0.00375997	0.00219698	0.00585156	0.00390579	0.01186	0.0899384	0.000761964	0.00839219
90	0.202597	0.0456404	0.000623351	0.000762125	0.0427216	0.0127995	0.00144156	0.0636781	0.00426296	0.138089	0.0371293	0.0151878	0.000476146	0.00971205	0.0082967	0.0914279	0.142437	0.169037	0.00448436	0.0091968
91	0.119285	0.000371024	0.187785	0.273525	0.000608749	0.0241689	0.0192302	0.00231958	0.0889025	0.00355349	0.00382722	0.0380423	0.01424	0.0522574	0.0353175	0.0773836	0.0473002	0.00837122	0.00149541	0.00201614
92	0.178114	0.0012027	0.141265	0.0609891	0.0128355	0.169287	0.0241652	0.00411127	0.0026976	0.0156697	0.0229909	0.052975	0.0855377	0.0327484	0.0211369	0.0251301	0.0623204	0.074925	0.00088581	0.0110126
93	0.0148344	0.0561696	0.00432023	0.0210376	0.0721044	0.00599318	0.00587371	0.021116	0.00975941	0.37382	0.1613	0.00653829	0.00219412	0.0365683	0.105616	0.00789753	0.0259127	0.0573369	0.00109489	0.0105138
94	0.0847215	0.00148114	0.0256845	0.0287459	0.00285331	0.0606521	0.0105361	0.00378929	0.016169	0.0185586	0.00570117	0.025486	0.378831	0.047454	0.0228549	0.20138	0.0567919	0.00473095	0.00107672	0.00250216
95	0.116458	0.000446489	0.249629	0.42809	0.00122256	0.0203287	0.00861732	0.00140214	0.0475064	0.00983261	0.00840151	0.00615438	0.0381733	0.0240765	0.00265631	0.0221484	0.00833752	0.00520276	0.000351189	0.000964769
96	0.115534	0.000351934	0.188794	0.205106	0.00049412	0.028858	0.0232959	0.00221508	0.0991488	0.00190422	0.00263335	0.0515277	0.00796311	0.0587229	0.0450563	0.0941077	0.0609319	0.00896026	0.0018878	0.00250651
97	0.0532095	0.00102688	0.0187358	0.0439328	0.0284611	0.00590414	0.0273552	0.084208	0.0618578	0.285588	0.0266971	0.00348836	0.0145227	0.025859	0.0846996	0.012141	0.0448912	0.126462	0.0182114	0.0327484
98	0.0213303	0.00245063	0.0142619	0.0268187	0.00318753	0.00445913	0.00727251	0.0014169	0.380751	0.00371746	0.0024057	0.0360715	0.00300053	0.0784371	0.347575	0.0231289	0.0317524	0.0102413	0.000773082	0.000948577
99	0.0843827	0.000270608	0.0230275	0.0580948	0.00768416	0.0213376	0.012258	0.00522656	0.230291	0.013511	0.0036631	0.0095694	0.145564	0.0584796	0.192425	0.062029	0.0397849	0.0261427	0.000253027	0.00600542
100	0.0287084	0.00123852	0.0265171	0.00299456	0.0285627	0.0165997	0.135677	0.00346871	0.076853	0.0100581	0.0037872	0.242179	0.00155346	0.0171564	0.346833	0.00729695	0.00490228	0.00536763	0.000761714	0.0394838
101	0.00881235	0.000736411	0.00126606	0.00116258	0.759963	0.00216568	0.0100046	0.00680922	0.00167642	0.0289701	0.00174328	0.00150657	0.000687164	0.00940188	0.00205545	0.00276973	0.00275763	0.00374174	0.000956844	0.152813
102	0.233254	0.130881	0.00316044	0.00556963	0.0933192	0.00903434	0.00541134	0.0885752	0.00456766	0.123037	0.110397	0.00767707	0.00413848	0.0151786	0.00648205	0.0186064	0.0271966	0.106832	0.00262375	0.00405797
103	0.131069	0.0105467	0.00316165	0.00514295	0.0119767	0.0391617	0.00700899	0.220866	0.00615195	0.0452573	0.0116053	0.00951289	0.00693494	0.00890698	0.00895754	0.0208923	0.0363645	0.406071	0.00163657	0.00877456
104	0.0305725	0.00447735	0.00315598	0.00318254	0.0259035	0.00589473	0.00104158	0.229286	0.00134226	0.290955	0.117851	0.00837689	0.00175406	0.00829095	0.00229387	0.0257224	0.0769247	0.152189	0.00103449	0.00975209
105	0.0825087	0.00503057	0.0160646	0.0130009	0.0189308	0.0270018	0.457621	0.0142223	0.0186833	0.0797299	0.0123906	0.0263208	0.0143668	0.0503882	0.0314748	0.0430802	0.0307138	0.0182005	0.00826232	0.0320085
106	0.00748308	0.000549802	0.00103494	0.00108483	0.761932	0.00169249	0.00993512	0.00695225	0.00141863	0.0290444	0.00175856	0.00134192	0.0006311	0.00949976	0.00170372	0.00208817	0.0020124	0.00314072	0.000952385	0.155744
107	0.00811602	0.00055637	0.00149733	0.00152078	0.760091	0.00203389	0.0117109	0.00607016	0.00164286	0.0278262	0.00145976	0.00162971	0.000631492	0.00980928	0.00216694	0.00254842	0.00235112	0.00261356	0.000485059	0.15524
108	0.00381253	0.000637344	0.0349655	0.00181537	0.0012172	0.00166857	0.0331231	0.00380052	0.00358076	0.00481902	0.00147978	0.826547	0.000878021	0.012577	0.0141747	0.0364905	0.0123102	0.002352	0.000449109	0.00330209
109	0.0602493	0.00177396	0.00715724	0.0131829	0.00304268	0.0106425	0.013242	0.0151352	0.00999723	0.0136739	0.00364625	0.00433388	0.743394	0.0125054	0.00827005	0.0266839	0.0189018	0.0303995	0.000991515	0.00277693
110	0.122305	0.0016867	0.00264077	0.00607936	0.0041594	0.00376329	0.0072417	0.0595647	0.0033684	0.0419603	0.00514407	0.00364373	0.48836	0.00983189	0.00428523	0.00741444	0.058852	0.161419	0.00203037	0.00625038
111	0.0242663	0.00135569	0.0103216	0.0124823	0.00405177	0.00481009	0.0104508	0.0038804	0.128123	0.00724837	0.00879264	0.0309764	0.00503975	0.0306846	0.674725	0.0120641	0.0106936	0.0133636	0.00244068	0.00422897
112	0.0838767	0.00462819	0.0132166	0.0164942	0.0418625	0.0226556	0.110929	0.0625321	0.0120136	0.0401155	0.0142934	0.020923	0.00669165	0.0209796	0.0387502	0.0191368	0.0328088	0.0903468	0.00713784	0.340608
113	0.0112594	0.00213959	0.00139844	0.00862553	0.0226262	0.00356754	0.00175846	0.054791	0.00566826	0.587452	0.216639	0.00583956	0.00286896	0.00464313	0.00851915	0.00299639	0.00590851	0.0451142	0.000487235	0.00769745
114	0.0838122	0.000756617	0.0162294	0.0502095	0.0135821	0.0233345	0.0463721	0.00745965	0.21868	0.0180132	0.00346088	0.00829463	0.133785	0.0473746	0.205305	0.0450751	0.039645	0.0192186	0.000477692	0.0189147
115	0.0197597	0.00440698	0.00177584	0.003221	0.036428	0.00660204	0.00225895	0.0852483	0.00291229	0.616738	0.0910352	0.00295379	0.00297839	0.00358304	0.00925248	0.00321749	0.0101406	0.0873989	0.000926752	0.00916245
116	0.0393822	0.0119188	0.000706297	0.00132251	0.0601005	0.00781932	0.000764168	0.112062	0.00104266	0.513354	0.0366606	0.00374373	0.000710529	0.0016564	0.00450919	0.00631276	0.0241811	0.164139	0.00144829	0.00816562
117	0.0154573	0.000832355	0.0596033	0.797466	0.005434	0.00322948	0.00202115	0.00297088	0.00808762	0.0126959	0.00722948	0.00585308	0.00155322	0.0240582	0.00556599	0.00972765	0.01765	0.0183658	0.000623656	0.00157472
118	0.0095854	0.0023272	0.00114575	0.00205822	0.0093705	0.00298174	0.00400719	0.460649	0.000565136	0.295109	0.0371378	0.00599432	0.0061333	0.00169307	0.00733704	0.00314262	0.00415506	0.139502	0.00024443	0.00686111
119	0.0334292	0.00284674	0.00092653	0.00291684	0.0109108	0.00225297	0.00136962	0.508259	0.00194695	0.0321064	0.00428989	0.00194755	0.00620253	0.00154541	0.00278702	0.00278562	0.0123384	0.359534	0.000633539	0.0109712
120	0.112727	0.000517713	0.190289	0.20415	0.000514934	0.0299056	0.0257469	0.00212354	0.0998542	0.00170709	0.0026108	0.0522247	0.00848985	0.0573751	0.0442577	0.0918853	0.0622982	0.00873012	0.00216619	0.00242558
121	0.134386	0.0167256	0.00144674	0.00241661	0.0032662	0.022561	0.00316692	0.0141261	0.00258133	0.0116065	0.00728525	0.0159016	0.00196259	0.00366819	0.00328727	0.182221	0.541913	0.0295652	0.000552055	0.00136076
122	0.0877946	0.000838348	0.309462	0.0828704	0.0015259	0.0243052	0.002912	0.0034835	0.0951798	0.035632	0.00422391	0.0604352	0.00140797	0.0566647	0.0626128	0.148356	0.00752344	0.0127305	0.000478787	0.00156332
123	0.158845	0.000801342	0.0482003	0.127008	0.00165423	0.0210056	0.00158837	0.00228703	0.064303	0.0104333	0.0017238	0.00220554	0.441994	0.0310078	0.0224644	0.0394557	0.0207951	0.00253475	0.000458037	0.00123434
124	0.121144	0.00045427	0.119189	0.314415	0.000796542	0.0105524	0.0111798	0.0203032	0.0674864	0.0125965	0.00339734	0.0169991	0.00625552	0.130094	0.0704629	0.0266356	0.0280265	0.0350187	0.00209751	0.00289614
125	0.0554652	0.000658258	0.00404534	0.000875977	0.0121251	0.00167956	0.00418412	0.258437	0.0114476	0.0883668	0.0158559	0.00313688	0.0100841	0.00266213	0.0121097	0.0105123	0.0489747	0.452167	0.00204131	0.00517086
126	0.0338141	0.00434178	0.00106923	0.00427633	0.0399793	0.00251093	0.000685798	0.257553	0.000570889	0.331131	0.1014	0.00411719	0.00169224	0.00299911	0.000981389	0.0119198	0.0565095	0.135658	0.000728049	0.00806227
127	0.0947452	0.0011735	0.0117548	0.0149157	0.0380647	0.0209185	0.0487924	0.0737531	0.0154096	0.0212273	0.0153571	0.037968	0.00627813	0.023697	0.14823	0.0351865	0.100946	0.203729	0.000578488	0.0872758
128	0.0131905	0.00162023	0.000653563	0.0016744	0.0325275	0.00360362	0.000739929	0.0760792	0.00108151	0.623197	0.14948	0.00131565	0.00377633	0.00296874	0.00725494	0.00179439	0.0056809	0.0644345	0.000379954	0.00854658
129	0.0288126	0.000305451	0.00265918	0.00306735	0.00196545	0.888873	0.000687054	0.00342728	0.00554612	0.00312221	0.000843652	0.0148586	0.000551329	0.00797287	0.010795	0.0189933	0.00504788	0.000880694	0.00029378	0.00129712
130	0.0298357	0.00666947	0.00854759	0.0430489	0.0054011	0.0122623	0.00861026	0.00445126	0.496415	0.00806609	0.00276874	0.0272929	0.0128557	0.0415568	0.206924	0.031101	0.0393386	0.0115223	0.000545722	0.00278635
131	0.054005	0.00457148	0.0082833	0.0444946	0.00489618	0.153971	0.00577837	0.0473876	0.0809119	0.0173102	0.0268311	0.0210484	0.00469011	0.0486689	0.158867	0.132176	0.162354	0.0177522	0.00125936	0.00474232
132	0.114238	0.0122402	0.00175735	0.00107299	0.0119832	0.00585168	0.00406366	0.191518	0.00514587	0.0658746	0.019962	0.00618762	0.00523815	0.00296139	0.00570802	0.0364456	0.102121	0.402581	0.00163207	0.00341775
133	0.0096045	0.00349543	0.00062585	0.00118354	0.00871172	0.00107093	0.00105428	0.582233	0.00089274	0.133769	0.0155575	0.00238114	0.00657508	0.000787985	0.00278974	0.00147008	0.00447493	0.217115	0.000367858	0.00583938
134	0.0315705	0.000516628	0.0167763	0.084199	0.023146	0.00179608	0.0265378	0.0586903	0.0414164	0.276833	0.0265532	0.00138544	0.0275623	0.0183285	0.0579384	0.0178765	0.0706623	0.142813	0.0211482	0.0542506
135	0.432019	0.269062	0.00193757	0.00260798	0.00383995	0.0803186	0.00241913	0.00524624	0.00268486	0.015058	0.00276479	0.00287499	0.0015594	0.00352094	0.00855284	0.0229917	0.0439799	0.0839988	0.000700309	0.0138633
136	0.0305896	0.00138695	0.0262474	0.00331893	0.0282898	0.0191403	0.139061	0.00347102	0.087377	0.00995967	0.00366881	0.238275	0.0018204	0.0186975	0.334008	0.00716416	0.00543349	0.00519156	0.000829635	0.0360697
137	0.00544776	0.000923681	0.847486	0.0306944	0.00178904	0.00369302	0.00187814	0.00230585	0.00302606	0.00345089	0.00178712	0.0500559	0.00140289	0.0111905	0.00888121	0.016713	0.0040389	0.00313225	0.000551918	0.00155147
138	0.104587	0.00713917	0.0116703	0.0202371	0.0189072	0.023893	0.0199044	0.0392986	0.0202441	0.0230992	0.0128037	0.0228653	0.00804806	0.0236522	0.166474	0.102231	0.151346	0.188182	0.00220795	0.0332095
139	0.0653501	0.00189922	0.017095	0.0207028	0.00347891	0.028511	0.0108528	0.00901654	0.0153423	0.0148348	0.00421293	0.0124954	0.594214	0.0243008	0.0154158	0.0968988	0.0455359	0.0161924	0.000957235	0.00269314
140	0.0909225	0.00131274	0.00649347	0.00491847	0.00263021	0.698557	0.00371353	0.00761727	0.00964588	0.00542484	0.00249476	0.0430448	0.00271017	0.0216994	0.0215058	0.0422193	0.0168761	0.00378018	0.0027385	0.011695
141	0.00843625	0.000742316	0.00136066	0.0015173	0.758731	0.00189053	0.0102613	0.0070391	0.00192772	0.0288605	0.0018983	0.00189262	0.00079607	0.00967814	0.0024783	0.00271041	0.00223592	0.0043218	0.00103787	0.152184
142	0.0121054	0.00337041	0.000414831	0.00196313	0.0074009	0.000870222	0.000538528	0.618891	0.000553241	0.0599041	0.00580825	0.000954427	0.00417966	0.000725544	0.000834016	0.000833439	0.00411675	0.268881	0.000285073	0.00736925
143	0.308704	0.00106074	0.00269483	0.00155114	0.00115422	0.558333	0.00100823	0.00723444	0.00246364	0.0126889	0.00482864	0.0105748	0.0088663	0.00407304	0.00422015	0.0565271	0.00665644	0.00164623	0.00427257	0.00144153
144	0.00414611	0.000639608	0.0360254	0.00165809	0.0016136	0.00182034	0.0334038	0.00401448	0.00416471	0.00495441	0.00154094	0.820032	0.00081022	0.0130507	0.015682	0.0372814	0.0126077	0.00249469	0.000383477	0.00367608
145	0.0254156	0.00127677	0.0084653	0.00859874	0.00444246	0.00472249	0.0128101	0.00441335	0.089473	0.0100781	0.0091226	0.0318803	0.00483034	0.0264439	0.716177	0.0101694	0.00799577	0.0150396	0.00333314	0.00531149
146	0.00445824	0.00388429	0.000391445	0.000873781	0.00861819	0.000911365	0.000924606	0.611976	0.000445998	0.167029	0.0198754	0.00279896	0.00750783	0.000558903	0.00270222	0.00097999	0.000756203	0.159994	0.000169022	0.00514528
147	0.0506738	0.00367471	0.00561648	0.00794459	0.0276914	0.727259	0.00492702	0.0328078	0.0100888	0.0165744	0.00728282	0.0144521	0.0041561	0.0119573	0.0122967	0.02396	0.0129999	0.0152672	0.00363364	0.00673623
148	0.0403802	0.0336904	0.00129886	0.00164016	0.00454522	0.00950165	0.00151933	0.101058	0.00170252	0.0160927	0.00485054	0.00683722	0.00186792	0.00208847	0.00201176	0.0652835	0.173449	0.529579	0.000468425	0.00213499
149	0.0120398	0.000676417	0.00117959	0.00204167	0.656855	0.00169504	0.0133216	0.0216519	0.00169898	0.04739	0.00850141	0.00172722	0.000848064	0.014792	0.00183533	0.00368639	0.0029168	0.0114541	0.00902241	0.186667
150	0.26152	0.00208815	0.0146047	0.00341724	0.00522788	0.403336	0.00725377	0.0212251	0.00344618	0.0398701	0.00523475	0.0100272	0.00465409	0.00614964	0.00694964	0.118302	0.0295613	0.00461243	0.0428078	0.00971289
151	0.0405983	0.00396359	0.00141295	0.00157047	0.0742754	0.0291541	0.00145885	0.0568312	0.00228155	0.246023	0.41407	0.00376095	0.0115206	0.0189218	0.00679475	0.0104762	0.0245681	0.0429758	0.00053296	0.00880952
152	0.195495	0.0434593	0.00404968	0.0217127	0.0299528	0.0261883	0.00531916	0.0605701	0.00754105	0.17728	0.0990055	0.0239997	0.0216992	0.126751	0.00785538	0.0483638	0.0126428	0.082491	0.00137766	0.00424546
153	0.03427	0.0122509	0.0181025	0.0256086	0.0780714	0.0220894	0.0505501	0.0398765	0.0239612	0.259088	0.184094	0.0407155	0.000814664	0.0438917	0.0333155	0.0187314	0.0195375	0.0168826	0.0040114	0.0741371
154	0.0132368	0.00780808	0.140271	0.0535374	0.00171939	0.45635	0.0288768	0.00262569	0.081736	0.0105556	0.00833157	0.111429	0.0089348	0.0284814	0.00639302	0.0200893	0.0130295	0.00377679	0.000645251	0.00217261
155	0.011551	0.00025701	0.000436156	0.000606283	0.0297833	0.00251831	0.000531781	0.0776151	0.000550768	0.658299	0.130758	0.000714468	0.00332112	0.000980957	0.00502727	0.000918338	0.0025876	0.0645799	0.00034872	0.00861556
156	0.0266916	0.00194463	0.0631488	0.0129011	0.00245154	0.0837578	0.00673285	0.00296159	0.00276488	0.00429827	0.00301737	0.0409542	0.0345476	0.0227397	0.0212658	0.350209	0.312654	0.00454323	0.000578856	0.00183725
157	0.0298576	0.00241273	0.00151946	0.00362917	0.0429516	0.00291491	0.00160872	0.416157	0.00485909	0.0149301	0.00333927	0.00277791	0.0266804	0.00275917	0.0100563	0.00593205	0.0118596	0.386009	0.00109393	0.0286521
158	0.0354806	0.0006591	0.406051	0.228362	0.000942653	0.0769005	0.0129053	0.00117356	0.0164079	0.00789138	0.00129427	0.0505877	0.0188669	0.0288798	0.00803642	0.0435109	0.0416424	0.0136979	0.00030007	0.00640927
159	0.0326117	0.000930384	0.110038	0.702716	0.00762937	0.0035262	0.0033622	0.00246447	0.0063873	0.0190875	0.0115062	0.00476185	0.00346506	0.0332324	0.00330377	0.0086045	0.0168258	0.0277031	0.000497364	0.00134781
160	0.14628	0.00291318	0.00198852	0.00158405	0.00503992	0.00824913	0.00450499	0.185212	0.00410592	0.0453218	0.00894187	0.00631862	0.00369071	0.0041457	0.005587	0.00689419	0.0253613	0.530196	0.000924425	0.002741
161	0.00614062	0.00080011	0.844797	0.032864	0.00185235	0.00423388	0.00183751	0.00255148	0.00253201	0.00330767	0.00192296	0.0487008	0.0016334	0.0111448	0.00864376	0.0167411	0.00481565	0.0032964	0.000558423	0.00162663
162	0.32614	0.0043397	0.0344532	0.0549112	0.00823519	0.0734246	0.00843802	0.0093578	0.123414	0.0212008	0.00883106	0.0189208	0.000662215	0.0430434	0.0852683	0.123003	0.0416852	0.0029142	0.000310618	0.0114463
163	0.0243936	0.00277859	0.00143349	0.00305645	0.0251651	0.00330362	0.00296108	0.314203	0.000616384	0.348315	0.0745476	0.0053113	0.00255377	0.00293508	0.00412011	0.00965707	0.0312044	0.134452	0.000331449	0.00866069
164	0.165317	0.00657511	0.0066108	0.00561626	0.16644	0.0632454	0.00853595	0.0448365	0.0106559	0.0843239	0.0695039	0.0073278	0.00344211	0.0202439	0.0100485	0.0656686	0.221764	0.0278507	0.00378705	0.00820611
165	0.05729	0.00108473	0.00554238	0.00394442	0.00233526	0.795014	0.00125509	0.00460338	0.00690573	0.0051547	0.00232715	0.0203827	0.00188468	0.012427	0.0144446	0.0463212	0.0136437	0.00193353	0.00114038	0.00236503
166	0.0838248	0.000283607	0.0227555	0.0574679	0.00773021	0.0215889	0.0117201	0.00524247	0.229339	0.0137133	0.0036424	0.00968575	0.146469	0.0582941	0.193947	0.0614174	0.040738	0.0259181	0.000273026	0.00594894
167	0.302793	0.0232783	0.00462961	0.00538941	0.00556217	0.0083848	0.00639188	0.0789088	0.0358967	0.162292	0.00562668	0.0278296	0.0684168	0.00944628	0.0913192	0.0332385	0.00806575	0.0965347	0.00155717	0.0244381
168	0.0306045	0.00376754	0.00110786	0.00395306	0.0387393	0.00273809	0.00105073	0.25712	0.000430768	0.35353	0.0977941	0.00426559	0.00158668	0.00301287	0.00145975	0.0114947	0.0495125	0.128249	0.000861059	0.00872189
169	0.0543606	0.00131684	0.00420393	0.00844628	0.00335659	0.828302	0.002253	0.00570552	0.00789994	0.0098252	0.00233625	0.0130608	0.00155572	0.00922923	0.0116485	0.0218331	0.00727578	0.00349585	0.00165639	0.00223836
170	0.0373918	0.0248271	0.00877436	0.00648357	0.0466398	0.0104272	0.066313	0.177012	0.020563	0.222445	0.0450656	0.0115686	0.00613397	0.0127243	0.060487	0.0127463	0.0176872	0.185252	0.00259699	0.0248604
171	0.144448	0.00188122	0.0239527	0.0507259	0.00389095	0.0159046	0.00818085	0.015377	0.0297793	0.0186739	0.00482586	0.00691865	0.536547	0.0323718	0.0158835	0.033606	0.0252255	0.0269167	0.00104124	0.00384969
172	0.0242124	0.00225245	0.0254384	0.0425049	0.00320458	0.00781456	0.00717494	0.00214352	0.439181	0.00360129	0.00241383	0.0742915	0.00896346	0.0421335	0.204891	0.0700035	0.0333289	0.00463091	0.000506779	0.00130845
173	0.0117458	0.00326523	0.00128691	0.00164649	0.00631213	0.00276406	0.00184932	0.00571327	0.00177298	0.0164438	0.0133694	0.0159943	0.00602584	0.00230753	0.00239425	0.198888	0.696564	0.010004	0.000366229	0.0012873
174	0.140664	0.000437618	0.00258103	0.00264202	0.00177054	0.750591	0.000754565	0.00517304	0.0043846	0.00627035	0.00231346	0.0155623	0.00356864	0.00844646	0.00962203	0.0337376	0.00692383	0.00123868	0.0017057	0.00161227
175	0.0710001	0.0136361	0.00181614	0.00190793	0.0136434	0.00608036	0.00262475	0.186671	0.00369663	0.0831	0.029129	0.00776357	0.00394553	0.00329277	0.00539533	0.063327	0.157275	0.339461	0.00197452	0.00425939
176	0.00764868	0.000573229	0.00101493	0.00108146	0.757973	0.00165966	0.00998434	0.00720004	0.00141128	0.029426	0.00193634	0.00133126	0.000643957	0.00965106	0.00167859	0.00217446	0.00192803	0.00333366	0.000968229	0.158382
177	0.234166	0.016921	0.0141626	0.0279727	0.00785828	0.143031	0.0145114	0.0240763	0.211094	0.0162393	0.00784595	0.0144563	0.0120142	0.0446453	0.103894	0.0527097	0.0269809	0.0179973	0.00144316	0.00798085
178	0.023838	0.00582931	0.00261872	0.00422721	0.040404	0.00742539	0.00333871	0.0785915	0.00386348	0.596782	0.0662827	0.00448971	0.00259839	0.00661321	0.00905064	0.00710803	0.0330341	0.094387	0.00122428	0.00829352
179	0.148481	0.025657	0.00202447	0.00197325	0.0437211	0.0307855	0.0018285	0.0993318	0.00289054	0.208189	0.0525826	0.0196535	0.0011335	0.00835344	0.00598121	0.0812456	0.0950782	0.133545	0.0130122	0.0245331
180	0.00607464	0.000915552	0.844059	0.034787	0.00183966	0.00395483	0.00184941	0.00230762	0.00280652	0.00340186	0.00184702	0.0485797	0.00180036	0.0107712	0.00868077	0.0168098	0.00419087	0.00319821	0.000557443	0.00156881
181	0.0178154	0.00371301	0.00442574	0.00297961	0.0168786	0.00623981	0.00145383	0.194842	0.00153196	0.367505	0.133596	0.00877594	0.00133154	0.0138426	0.0034597	0.0157062	0.0499889	0.141853	0.000556016	0.013505
182	0.0416783	0.0144378	0.00169668	0.00185855	0.00905278	0.0054889	0.00240326	0.158199	0.00302817	0.0392849	0.0134387	0.00789134	0.00532942	0.00275815	0.0045638	0.057329	0.166307	0.460239	0.000868975	0.0041455
183	0.0271754	0.00029046	0.00222759	0.00303647	0.00197852	0.894116	0.000589831	0.00342539	0.00522238	0.00297438	0.000788654	0.0138779	0.000465779	0.00778991	0.010616	0.0182069	0.00474542	0.00095908	0.000267003	0.00124644
184	0.0148278	0.00335382	0.00377514	0.00240439	0.0119241	0.00379769	0.0137406	0.379063	0.00204238	0.372017	0.0359226	0.0112155	0.00612943	0.00426915	0.0118249	0.00399185	0.0062385	0.103566	0.000458543	0.00943687
185	0.0101691	0.000932975	0.793504	0.0549505	0.0018237	0.00943868	0.0033085	0.00263771	0.00540051	0.00462991	0.00203108	0.0460796	0.00292779	0.0171668	0.0100953	0.0196242	0.00820425	0.00450524	0.000579597	0.00198992
186	0.0461495	0.00248834	0.0028313	0.00138545	0.012367	0.00228069	0.00330422	0.273713	0.00854999	0.0742728	0.014035	0.00381356	0.00910737	0.00230707	0.00963126	0.0149904	0.0642201	0.447023	0.00153967	0.00599047
187	0.0493664	0.00420117	0.00125252	0.00142736	0.0928403	0.0291518	0.00138594	0.0485266	0.00167822	0.230672	0.407771	0.00360557	0.0134476	0.0144709	0.00402338	0.00910809	0.0302203	0.0446422	0.000575098	0.0116333
188	0.217203	0.0109845	0.00083209	0.000989356	0.000947621	0.0551348	0.000967562	0.00511456	0.00103582	0.00652445	0.00354586	0.00747105	0.000660842	0.00126621	0.00150764	0.252776	0.391184	0.0407965	0.000279018	0.000778525
189	0.0258963	0.0108122	0.00572444	0.0610082	0.0038589	0.0251044	0.00654919	0.00232478	0.543664	0.00567064	0.00179312	0.0201893	0.00333012	0.0412787	0.173653	0.0209092	0.0370692	0.00865686	0.00091165	0.00159587
