480	20
1	0.0636432	0.0521617	0.0187297	0.0689617	0.0315939	0.0233135	0.0175543	0.0926973	0.0285985	0.108341	0.113763	0.0242419	0.0049284	0.0276675	0.0281119	0.0619487	0.0515945	0.162415	0.00661639	0.013118
2	0.020797	0.00229297	0.00802215	0.0364823	0.00683037	0.0177277	0.0155505	0.0128094	0.420765	0.013597	0.0127445	0.0413581	0.00306111	0.0557673	0.224848	0.0333167	0.0596351	0.00935793	0.00414001	0.000897038
3	0.017491	0.0165075	0.0015464	0.0015249	0.426359	0.00308746	0.00525766	0.0481447	0.00263608	0.297166	0.0252463	0.00651365	0.00129427	0.00314021	0.00339269	0.0202511	0.0122083	0.0341381	0.00887714	0.0652177
4	0.0890913	0.0197687	0.0545887	0.0754966	0.00566375	0.138736	0.0151062	0.0149215	0.100846	0.0347054	0.0108014	0.0796578	0.00516053	0.0315999	0.0529536	0.176533	0.0715887	0.0164863	0.0032601	0.00303498
5	0.0190709	0.00134786	0.00977481	0.0376531	0.00646142	0.0176178	0.0141789	0.0103431	0.437877	0.0100552	0.0111745	0.0418928	0.00259911	0.0518063	0.237144	0.0289168	0.0503256	0.00690529	0.00427148	0.000584289
6	0.0406616	0.00184648	0.171139	0.23375	0.00157314	0.0292121	0.0268114	0.012067	0.133374	0.0127073	0.00866097	0.0631556	0.00519234	0.109093	0.0781757	0.020488	0.0274712	0.0213963	0.00058148	0.00264372
7	0.00518965	0.0073838	0.00107541	0.00110465	0.531408	0.00200593	0.00310424	0.018159	0.0021071	0.270206	0.011653	0.00675431	0.00109862	0.00162455	0.00242416	0.00609398	0.00539849	0.0085051	0.00863622	0.106067
8	0.0872107	0.00748505	0.0884322	0.138701	0.0114009	0.0279015	0.0309286	0.0428078	0.0904066	0.040211	0.0118878	0.0304539	0.00172567	0.0657815	0.0707371	0.0730109	0.08358	0.090519	0.00188025	0.00493848
9	0.0518084	0.00755447	0.0719558	0.153159	0.00602711	0.0442643	0.0197191	0.0171888	0.141182	0.0267498	0.0291659	0.0471038	0.00847858	0.144333	0.0742782	0.0838442	0.0430479	0.0229958	0.00272132	0.00442268
10	0.0370416	0.010033	0.00408897	0.00683886	0.0486921	0.0037316	0.0164964	0.153196	0.0344811	0.221091	0.214376	0.00986904	0.00157888	0.0307303	0.0187707	0.0284905	0.0365691	0.107547	0.00460817	0.0117692
11	0.0705216	0.00697486	0.00217169	0.00208491	0.0239425	0.0113034	0.0044034	0.268868	0.00285144	0.0798076	0.0269143	0.00510772	0.00110886	0.00387289	0.0120745	0.0161699	0.0281675	0.429855	0.0019129	0.00188804
12	0.0453174	0.00256338	0.00658787	0.0565992	0.0237836	0.00438057	0.0432496	0.00442102	0.0531631	0.0270246	0.00341614	0.0101863	0.428188	0.0962464	0.0897872	0.0694203	0.0212472	0.00564391	0.00603297	0.00274105
13	0.0544875	0.00662663	0.14089	0.269719	0.00461069	0.0463132	0.0207491	0.0171927	0.0703293	0.0270127	0.0130455	0.0624944	0.0100515	0.0956048	0.041756	0.0426753	0.0342075	0.0370498	0.00199331	0.00319161
14	0.0235821	0.0158952	0.0047898	0.00520528	0.0465045	0.0118706	0.00760356	0.0204626	0.0097581	0.144111	0.0119703	0.00982782	0.0076219	0.0120728	0.0203441	0.0394986	0.0153541	0.0228165	0.555103	0.0156085
15	0.0311607	0.00672618	0.0255221	0.0537673	0.00811402	0.0200167	0.0352084	0.0209232	0.282987	0.0245898	0.0140902	0.0386187	0.00336178	0.0696519	0.224468	0.0468003	0.0573745	0.0286474	0.00466083	0.00331106
16	0.0628951	0.00324993	0.20026	0.323856	0.00117185	0.0497874	0.0178256	0.00717523	0.0507671	0.0148106	0.0103556	0.052085	0.00576866	0.0939758	0.0184003	0.0314217	0.0263052	0.028812	0.000389243	0.000687449
17	0.0849357	0.00976404	0.086542	0.139207	0.00683385	0.0503434	0.0195062	0.0198257	0.14839	0.0257554	0.0145107	0.0541212	0.00681324	0.057716	0.0861203	0.0852386	0.068712	0.0289217	0.00285058	0.00389286
18	0.00600275	0.0180058	0.0116735	0.00228452	0.208945	0.00476497	0.143554	0.0119971	0.00425788	0.026505	0.00369674	0.021674	0.0111903	0.0127273	0.0123261	0.0174476	0.00705722	0.00965739	0.00287597	0.463358
19	0.0543892	0.0143916	0.0016916	0.0029473	0.0361863	0.00782039	0.00340651	0.255826	0.00254774	0.126966	0.0510012	0.0039008	0.0013932	0.00389846	0.00396354	0.0180848	0.0319609	0.3752	0.00319504	0.00122905
20	0.00566461	0.00157535	0.162506	0.0412379	0.00203755	0.0110024	0.0240899	0.0136671	0.0416957	0.00773097	0.00158708	0.562861	0.00057484	0.013538	0.00468048	0.0584353	0.0210714	0.0234397	0.00077785	0.00182656
21	0.011166	0.0132261	0.0065504	0.00261246	0.268809	0.00697417	0.0760732	0.0212409	0.00588387	0.0472898	0.00827897	0.0219872	0.00643092	0.0101263	0.0116286	0.0254281	0.0123602	0.0196472	0.00458415	0.419702
22	0.0580048	0.0311955	0.0768665	0.052233	0.00496591	0.113022	0.0226831	0.0130674	0.0988952	0.0234198	0.0071022	0.0932558	0.0106517	0.0242781	0.118729	0.161036	0.0659003	0.0140078	0.00878068	0.00190514
23	0.0368468	0.0695282	0.0478419	0.0343071	0.109936	0.0754448	0.065995	0.0177585	0.0236642	0.121214	0.00497712	0.0315094	0.00182354	0.0788147	0.0455759	0.0859626	0.0327952	0.0198874	0.00524551	0.0908722
24	0.0990908	0.0247812	0.017372	0.0227747	0.0612485	0.107297	0.0127437	0.0811045	0.0211265	0.194294	0.0348349	0.0209373	0.00413698	0.0226389	0.0236968	0.068627	0.0465975	0.0973732	0.0230019	0.0163228
25	0.0259599	0.00466874	0.0254999	0.0466172	0.00961248	0.022136	0.0214741	0.0127601	0.354269	0.0188546	0.0148181	0.0471748	0.0154328	0.0556549	0.214688	0.0450165	0.0477178	0.0109889	0.00417985	0.00247602
26	0.0816109	0.0190741	0.0447936	0.0528432	0.00409552	0.07172	0.0150132	0.0226864	0.128183	0.0246696	0.0123254	0.0905072	0.00660294	0.0307745	0.0910139	0.183965	0.0967699	0.0181977	0.0037824	0.0013715
27	0.0534418	0.0355314	0.0414626	0.0199611	0.0455722	0.0217347	0.0855915	0.0994096	0.0210701	0.138001	0.0109463	0.0421129	0.00291473	0.0769263	0.0213134	0.0877248	0.057244	0.0806631	0.00272119	0.0556575
28	0.0462423	0.00716019	0.00126464	0.00140195	0.048047	0.00536067	0.00333476	0.299583	0.00066569	0.176254	0.0453843	0.00209867	0.00196176	0.00373308	0.00149167	0.0125344	0.0221935	0.316765	0.0030557	0.00146721
29	0.0193796	0.00131525	0.00812435	0.0365117	0.00650268	0.0176764	0.0154311	0.0102683	0.432623	0.0108112	0.0114727	0.0436223	0.0029961	0.0537622	0.234442	0.0306127	0.0525587	0.00700813	0.00442767	0.000453546
30	0.0143957	0.00101818	0.15584	0.130862	0.0017385	0.00973949	0.0359138	0.00802353	0.230415	0.0108926	0.00502761	0.0881249	0.00638957	0.109355	0.148255	0.00775552	0.0212584	0.00965436	0.000606383	0.00473402
31	0.0373585	0.00554875	0.00111201	0.0011845	0.0492552	0.00475976	0.00343388	0.354877	0.000684914	0.178729	0.0492116	0.00236958	0.00323853	0.00319482	0.00129712	0.0106862	0.0200305	0.267839	0.00301358	0.00217541
32	0.106442	0.0145599	0.0220836	0.117611	0.00861754	0.00876445	0.0142201	0.0958946	0.0390652	0.113267	0.0537979	0.0163377	0.00156121	0.0407801	0.0340232	0.0791094	0.0837616	0.14509	0.00151785	0.00349481
33	0.00443679	0.00249466	0.000713665	0.00076893	0.472771	0.00529696	0.0116534	0.0165438	0.00508455	0.0560976	0.00264225	0.0133647	0.00334487	0.00126351	0.00553778	0.016565	0.0053851	0.00935695	0.00270723	0.363972
34	0.0243047	0.0161482	0.00136288	0.00146783	0.288419	0.00273656	0.00326509	0.0745217	0.00266226	0.379262	0.0613798	0.0046772	0.00109235	0.00336199	0.00315234	0.0216915	0.0191284	0.0594923	0.00649439	0.0253795
35	0.031732	0.00365724	0.0125679	0.0371999	0.0070704	0.0222	0.0200838	0.0128537	0.348877	0.0151993	0.0165751	0.0435166	0.00368476	0.0558184	0.239025	0.0523693	0.0564742	0.0142564	0.0056866	0.00115276
36	0.0155075	0.0252416	0.0041469	0.0161828	0.00355475	0.0356484	0.035745	0.0154643	0.203838	0.0187423	0.0199726	0.0343804	0.00171837	0.0670411	0.394052	0.0580525	0.0329993	0.00833568	0.00215753	0.00721922
37	0.11458	0.0185518	0.00498626	0.00759985	0.0660032	0.0383195	0.00485292	0.121946	0.00701399	0.207312	0.0519814	0.0080335	0.00467158	0.00685306	0.00786423	0.0778886	0.0621015	0.174358	0.00494908	0.010134
38	0.0597042	0.0267163	0.185607	0.155196	0.00751205	0.116566	0.020239	0.0088576	0.0564946	0.0277551	0.00875116	0.0745579	0.00545631	0.0425254	0.0477463	0.0959564	0.0338954	0.0182723	0.00360472	0.00458568
39	0.0766307	0.00306507	0.173739	0.268082	0.00142826	0.0618445	0.0209547	0.00930439	0.0679853	0.0180779	0.0138822	0.055279	0.00347795	0.0860222	0.0254077	0.047264	0.0384288	0.0275593	0.00048493	0.00108205
40	0.0371385	0.00413665	0.0760776	0.329734	0.00396439	0.0455793	0.00979508	0.00766026	0.0250338	0.0363589	0.0074565	0.0442047	0.0038289	0.265383	0.0117058	0.0254479	0.0202679	0.035912	0.00144899	0.008866
41	0.0132431	0.0128671	0.000734178	0.00068717	0.255546	0.00122075	0.00416003	0.0566213	0.00114277	0.528671	0.028791	0.00440656	0.00044044	0.00132928	0.00141372	0.014327	0.0111516	0.0377347	0.0039434	0.0215697
42	0.0265064	0.00308362	0.155114	0.101201	0.00218598	0.0246248	0.0215392	0.0114133	0.0516887	0.0106261	0.0042095	0.423441	0.00159003	0.0278457	0.0137137	0.0659744	0.0292858	0.0235974	0.000719511	0.00164003
43	0.0213029	0.00222229	0.0504079	0.0687084	0.00520306	0.0196197	0.0201509	0.00967192	0.372803	0.0116118	0.00925555	0.0567576	0.00374472	0.0659208	0.197994	0.0292275	0.0422517	0.00831887	0.00293049	0.00189699
44	0.0495508	0.00740147	0.00150566	0.00168247	0.0460092	0.00727591	0.00367933	0.290974	0.00148782	0.15989	0.0448643	0.00330505	0.00197966	0.00348502	0.00296603	0.0157096	0.0282449	0.325177	0.00280224	0.00200949
45	0.00588717	0.00144291	0.148272	0.0411427	0.0019916	0.010889	0.0247832	0.0139168	0.0423857	0.0078956	0.0015474	0.57563	0.00056208	0.0128818	0.00456383	0.0580708	0.0214205	0.024248	0.000695262	0.00177389
46	0.022403	0.00217296	0.00855784	0.0364927	0.00568739	0.0179302	0.0219603	0.0111103	0.372469	0.0144762	0.0148919	0.0442872	0.00467228	0.0600286	0.255005	0.0406485	0.0532423	0.00891244	0.00469285	0.000359637
47	0.0224008	0.014906	0.00340391	0.00313546	0.409931	0.00875576	0.0105116	0.0522694	0.00764669	0.192896	0.0200515	0.0112733	0.00299813	0.00517191	0.008695	0.0286748	0.0159908	0.0428155	0.00988595	0.128586
48	0.00412027	0.00512841	0.00230029	0.000710861	0.368578	0.00535675	0.0354562	0.0141189	0.0048763	0.0337613	0.0016643	0.0171651	0.00478263	0.0028321	0.0066163	0.0176345	0.00525044	0.00919892	0.00210243	0.458346
49	0.0193826	0.00115745	0.0062851	0.0357107	0.0067537	0.017666	0.0129983	0.0102985	0.446891	0.00991772	0.0112368	0.0412474	0.00246276	0.0501805	0.234928	0.0290556	0.052131	0.00692092	0.00446869	0.000307308
50	0.0771087	0.0234171	0.0495699	0.0554399	0.00496269	0.0839847	0.014539	0.0210252	0.120323	0.0293687	0.0100117	0.0897714	0.00879559	0.0292748	0.0919268	0.174542	0.0892837	0.0205448	0.00443745	0.00167223
51	0.0325578	0.00318007	0.0926672	0.150963	0.00485394	0.0248592	0.0217579	0.0186566	0.235353	0.0186639	0.0189496	0.0575869	0.00358296	0.112873	0.114491	0.0303782	0.0346246	0.0186722	0.00195504	0.00337395
52	0.0809495	0.00980603	0.0998574	0.22672	0.00801046	0.0387835	0.0200332	0.0332073	0.0488682	0.0433144	0.0188368	0.0399937	0.00494784	0.101027	0.0308774	0.0663462	0.0485841	0.0710611	0.0024542	0.00632239
53	0.0800023	0.00633388	0.153625	0.210446	0.00156176	0.0794209	0.0202868	0.0091772	0.0846803	0.0168047	0.0116253	0.0649143	0.00383648	0.0690068	0.0391549	0.0778627	0.0474416	0.0220553	0.000996319	0.000767676
54	0.0722041	0.00348745	0.16855	0.290209	0.00114044	0.0598352	0.0182664	0.00853929	0.0661504	0.015086	0.0121701	0.0552588	0.00411624	0.0857508	0.0253814	0.0486013	0.0365416	0.0275586	0.000524152	0.000629245
55	0.130573	0.00542238	0.0023974	0.00268752	0.125085	0.00576678	0.00324787	0.039752	0.00363693	0.218916	0.182551	0.00499239	0.00158465	0.00438454	0.00538325	0.0297911	0.0434317	0.0996316	0.00722599	0.083538
56	0.0333665	0.0141176	0.00719615	0.0173653	0.0243808	0.00235295	0.00256227	0.140236	0.0371361	0.238649	0.182719	0.00514112	0.000908107	0.0189278	0.0140491	0.0400379	0.0435949	0.173083	0.00247068	0.00170514
57	0.0801248	0.00333687	0.168888	0.252289	0.00116032	0.0654623	0.0212362	0.00952726	0.0732718	0.0162047	0.0130071	0.0573025	0.00333956	0.0809122	0.0292354	0.0539142	0.0431542	0.026404	0.000487515	0.000741385
58	0.025889	0.00171017	0.165255	0.170445	0.00148813	0.0182648	0.031179	0.0088099	0.190344	0.0117277	0.00669263	0.0785604	0.00565456	0.108319	0.120394	0.0134383	0.0235663	0.0139699	0.000580932	0.00371075
59	0.327753	0.038903	0.00955221	0.0192021	0.00722521	0.228501	0.00278809	0.0385276	0.00504485	0.0360402	0.0130876	0.00771733	0.00162362	0.00598184	0.00581361	0.134901	0.0437711	0.0650579	0.00639024	0.00211849
60	0.102694	0.0287901	0.0244941	0.0966917	0.011767	0.0158515	0.0240888	0.106588	0.0233445	0.0900207	0.0656692	0.0368113	0.00174466	0.0355495	0.0318749	0.0851305	0.0810252	0.129373	0.00172769	0.00676394
61	0.0371846	0.0113488	0.00163912	0.00253361	0.0973917	0.00819387	0.00524215	0.125934	0.00638642	0.406687	0.0998035	0.00441271	0.00154555	0.00582912	0.00592838	0.0226151	0.0283518	0.11663	0.00466854	0.00767464
62	0.0592001	0.0200805	0.0890277	0.0567667	0.00744723	0.050485	0.0219636	0.0197456	0.108385	0.0257603	0.00647614	0.111926	0.00501304	0.0188234	0.0914709	0.188157	0.0855646	0.0280224	0.00350686	0.00217734
63	0.0203606	0.0016166	0.0195532	0.0462048	0.00565672	0.0164836	0.0171619	0.0112595	0.409306	0.0111287	0.0127657	0.0455672	0.00329932	0.0577214	0.230098	0.0314174	0.0480158	0.00790041	0.00385693	0.000625945
64	0.0383009	0.00592095	0.0863663	0.219005	0.0054543	0.0425388	0.0219296	0.0106917	0.0634023	0.033602	0.0103218	0.0450655	0.0104857	0.26062	0.0399202	0.0375154	0.0283417	0.0294959	0.00196591	0.00905525
65	0.0261215	0.0105622	0.00146567	0.00199748	0.0724479	0.00194585	0.00637651	0.158324	0.00586576	0.395081	0.139247	0.00307507	0.00137801	0.00652774	0.0058061	0.0180297	0.0268563	0.112689	0.0043167	0.00188564
66	0.0398065	0.00939647	0.316734	0.285733	0.00232424	0.0348353	0.0107163	0.005678	0.0394731	0.0209179	0.00680783	0.0770268	0.00372257	0.0627628	0.0221046	0.0232314	0.0164041	0.0205319	0.000760069	0.001033
67	0.157861	0.0189064	0.0149723	0.0501335	0.0183359	0.017964	0.0147761	0.08711	0.0227151	0.0478705	0.0266615	0.0537065	0.00583599	0.0200325	0.0266262	0.108815	0.206988	0.0877993	0.00376708	0.00912267
68	0.00808777	0.0104149	0.00101419	0.00111815	0.388959	0.00202922	0.00433005	0.0239201	0.00180764	0.420938	0.0152116	0.0107127	0.00069009	0.00171495	0.00201816	0.00990301	0.00716614	0.0131533	0.0067636	0.0700474
69	0.0583513	0.00726612	0.00118138	0.00142666	0.0507469	0.00919589	0.00369382	0.283703	0.000695932	0.178255	0.0445057	0.00216542	0.00229544	0.00471602	0.00158409	0.0185675	0.0299075	0.297097	0.0030679	0.00157869
70	0.0765117	0.00271096	0.176616	0.275314	0.00108449	0.0613092	0.0199696	0.00872692	0.065875	0.0162114	0.0138894	0.0546304	0.00372145	0.0877236	0.0238182	0.0463433	0.0367099	0.0277174	0.000368461	0.000748009
71	0.0886799	0.00673831	0.00173078	0.00197527	0.103014	0.00711014	0.00310023	0.10931	0.00253929	0.235714	0.1353	0.00322047	0.00164719	0.00430395	0.00499095	0.0268092	0.0451082	0.163847	0.00884764	0.0460128
72	0.0179598	0.00757176	0.0143713	0.038325	0.00535927	0.0205721	0.0333776	0.0114225	0.314951	0.0151526	0.014199	0.0430953	0.00656079	0.0708992	0.284547	0.0439288	0.043489	0.00786339	0.00384167	0.00251264
73	0.0808594	0.0117703	0.0606052	0.0730234	0.0284294	0.0131342	0.0375455	0.0778734	0.0690991	0.0761837	0.01355	0.0171362	0.00141316	0.0538115	0.0797162	0.0730328	0.0659349	0.152437	0.00315201	0.0112932
74	0.038244	0.00346692	0.177047	0.185179	0.00158403	0.0312623	0.0257338	0.00871531	0.157042	0.0124043	0.00965189	0.0820404	0.00433736	0.0836656	0.102514	0.0285428	0.030309	0.0147758	0.000715796	0.00276925
75	0.00473472	0.0181476	0.0162468	0.0137029	0.0098204	0.036699	0.260169	0.0058169	0.0392648	0.00750933	0.00438738	0.149832	0.00480488	0.110379	0.100191	0.140634	0.0322896	0.0064966	0.00199909	0.0368749
76	0.0495109	0.0067819	0.0029326	0.00165542	0.0392332	0.00564637	0.00518459	0.29153	0.00122485	0.157439	0.0408325	0.00266242	0.00159102	0.00535507	0.0032953	0.0122403	0.0230206	0.345662	0.00280392	0.00139817
77	0.0208182	0.00162193	0.00682916	0.0350342	0.00665843	0.0186594	0.0162888	0.0108613	0.400231	0.0118908	0.0131838	0.04142	0.00324516	0.0542506	0.256017	0.0350024	0.0541928	0.00819375	0.00527117	0.000330712
78	0.0365383	0.00712675	0.00121076	0.00135293	0.0678364	0.00175393	0.00100568	0.229653	0.00521171	0.266292	0.160417	0.00257947	0.00129614	0.0055231	0.00577252	0.0170721	0.0381342	0.14124	0.00698291	0.00300077
79	0.0278418	0.00728439	0.124173	0.0553456	0.00324272	0.0356623	0.0266884	0.0174873	0.0905392	0.0137958	0.00401624	0.345586	0.00324785	0.0244704	0.0434876	0.100628	0.049425	0.0237814	0.00157749	0.00171925
80	0.0189439	0.0290372	0.0674391	0.0518137	0.0371918	0.0128045	0.0884045	0.177914	0.0772752	0.0355252	0.0321133	0.0618414	0.00239483	0.0226417	0.0703644	0.0251579	0.0206437	0.111156	0.0225686	0.0347694
81	0.00699857	0.00608237	0.0294318	0.0049687	0.00601482	0.0464408	0.0641619	0.00817825	0.0261841	0.00794305	0.00455638	0.260809	0.00166689	0.0109771	0.0273817	0.351309	0.119166	0.00830055	0.00341342	0.00601514
82	0.0212329	0.00179154	0.00714655	0.0350994	0.0066213	0.0185702	0.0171081	0.011144	0.392229	0.0123984	0.0139277	0.0410705	0.00341053	0.055276	0.258518	0.0364785	0.0537851	0.00853573	0.00532007	0.000336553
83	0.0145877	0.000980039	0.153555	0.129601	0.00168644	0.00998527	0.0366679	0.00797489	0.233257	0.0109059	0.00503707	0.0872723	0.00690942	0.109112	0.147767	0.00817031	0.0215031	0.00966248	0.000607375	0.00475675
84	0.0626839	0.0276515	0.0605131	0.058528	0.00440732	0.110891	0.0197192	0.0147568	0.10898	0.0261832	0.00846221	0.102725	0.00794064	0.0273594	0.0967459	0.167849	0.0723018	0.0147247	0.00572182	0.00185507
85	0.0179084	0.00811014	0.00128284	0.0011168	0.0505414	0.00308546	0.00825306	0.207065	0.0015225	0.483976	0.0432215	0.00224768	0.00273513	0.00255686	0.00564032	0.0125366	0.0150156	0.129218	0.00209903	0.00186704
86	0.0223716	0.00219556	0.0089463	0.0365794	0.00567312	0.0178956	0.0220497	0.0110895	0.372241	0.0144252	0.014902	0.0443916	0.00462908	0.0600636	0.254911	0.0406102	0.0530942	0.00889425	0.00467589	0.000360834
87	0.0145736	0.0266777	0.0291054	0.0442365	0.00798123	0.0416549	0.0915125	0.0120989	0.168317	0.0189707	0.0165909	0.0432155	0.0066041	0.0763109	0.268894	0.0697367	0.039838	0.0142149	0.00382969	0.0056369
88	0.255477	0.019663	0.00470734	0.00246801	0.0351582	0.0991256	0.000894345	0.117966	0.000932201	0.0771063	0.0329763	0.0042495	0.00415305	0.00229081	0.00536563	0.0827123	0.0615635	0.186509	0.00382249	0.00285907
89	0.0567125	0.00281016	0.164371	0.248785	0.00194434	0.0399152	0.0265786	0.0110975	0.104096	0.0159683	0.0106137	0.0578293	0.00426815	0.101093	0.0605813	0.0299805	0.0343919	0.0258341	0.000628165	0.00250083
90	0.0189767	0.00107577	0.114328	0.106943	0.00261574	0.0112063	0.0336342	0.00808804	0.270323	0.0127069	0.00723763	0.0799202	0.00595198	0.0969885	0.171945	0.015819	0.0280101	0.00918647	0.00150824	0.00353557
91	0.0133902	0.00535032	0.00829962	0.0159144	0.0111642	0.0133364	0.0197932	0.0273244	0.205014	0.118758	0.0996311	0.0539956	0.00508691	0.0853816	0.170768	0.0484292	0.0690779	0.016835	0.00734423	0.00510494
92	0.0318828	0.00719571	0.00192643	0.00182099	0.0490296	0.00614662	0.00760756	0.24851	0.00371731	0.328911	0.0773832	0.00309813	0.00763577	0.00455629	0.00626578	0.0159776	0.0230945	0.168788	0.00303234	0.0034209
93	0.018635	0.00500775	0.00824349	0.0294939	0.00525701	0.0197299	0.0210238	0.0134399	0.334157	0.0126963	0.0130652	0.0393942	0.00291393	0.0595317	0.320455	0.038009	0.0450085	0.00785752	0.00414776	0.00193387
94	0.0522071	0.0304965	0.0553607	0.057988	0.0171881	0.0714909	0.0428803	0.0299784	0.090586	0.0678342	0.0118038	0.0655092	0.00387613	0.06252	0.101101	0.108635	0.0631445	0.0420006	0.00949419	0.0159057
95	0.428474	0.0244373	0.0203435	0.00852394	0.00793133	0.170972	0.00308114	0.0452183	0.00561407	0.0308405	0.0143841	0.00622812	0.00202296	0.00453806	0.014358	0.0893831	0.0505489	0.0664318	0.00461373	0.0020547
96	0.00522203	0.00809413	0.00115832	0.00107468	0.529747	0.00185333	0.00235538	0.0179715	0.00183848	0.304817	0.0112869	0.00627079	0.000794512	0.00165023	0.00185375	0.00552725	0.00613303	0.00666791	0.0119248	0.0737585
97	0.0336295	0.00628901	0.00166315	0.00190307	0.038731	0.00297685	0.00553044	0.287689	0.00705007	0.0828264	0.0307997	0.0172297	0.000952969	0.00293892	0.00434265	0.0256765	0.0451706	0.400829	0.0021117	0.00165973
98	0.0650719	0.00276946	0.1742	0.31347	0.00133799	0.0495925	0.0182191	0.00864622	0.0601104	0.0156194	0.0108967	0.052052	0.00483013	0.101882	0.024376	0.0329272	0.0298289	0.0323933	0.000493142	0.00128442
99	0.00577755	0.00837247	0.00186062	0.00119949	0.501	0.00213766	0.00428721	0.0338882	0.00223652	0.274198	0.0110932	0.00648762	0.00103585	0.00197033	0.00314718	0.00668762	0.00726501	0.0145525	0.00834684	0.104456
100	0.00445877	0.0236054	0.0153745	0.0018139	0.13132	0.00313842	0.198501	0.00651302	0.00288676	0.0169163	0.00275586	0.0262677	0.0146399	0.0171512	0.0132895	0.0157643	0.00437869	0.00551042	0.00185985	0.493854
101	0.00309027	0.0164904	0.0016789	0.00402394	0.00197119	0.0290288	0.0553759	0.0129121	0.123738	0.0190137	0.00603279	0.0368227	0.000609433	0.0752068	0.56232	0.0271354	0.00603581	0.00254237	0.000700664	0.0152711
102	0.0764877	0.00657846	0.150083	0.213012	0.00203522	0.0921453	0.019748	0.00837486	0.0798511	0.0194187	0.0114232	0.0647007	0.00390436	0.0694678	0.032951	0.0828392	0.0423493	0.0225185	0.00105709	0.00105519
103	0.0248318	0.0189423	0.013965	0.0103278	0.145448	0.0144983	0.0755624	0.0534487	0.0159614	0.323516	0.0217577	0.0444171	0.00400656	0.0288149	0.0205396	0.0407897	0.0264009	0.0423435	0.00517781	0.0692501
104	0.0442134	0.042203	0.0580081	0.0561216	0.035776	0.0832667	0.0461928	0.0241385	0.0528719	0.10655	0.00985862	0.051216	0.00259261	0.0755796	0.0931838	0.0796515	0.0484066	0.032713	0.0137943	0.0436617
105	0.0185768	0.0168812	0.0283839	0.00934214	0.132591	0.00790031	0.0947027	0.130553	0.0170054	0.148914	0.0439793	0.0155421	0.00243836	0.0241753	0.0586994	0.0210616	0.0180489	0.0822713	0.00950695	0.119427
106	0.0351406	0.0099723	0.00195492	0.00216953	0.0788075	0.00431344	0.00660623	0.164642	0.00622819	0.359213	0.107933	0.00548263	0.00201696	0.00705897	0.00686679	0.0230071	0.0325899	0.136705	0.00453031	0.00476173
107	0.0213583	0.00143764	0.00759973	0.0364042	0.00647175	0.0180373	0.01472	0.0103324	0.432042	0.0108102	0.0116652	0.0436331	0.00303132	0.0518136	0.232372	0.0335826	0.0527328	0.0073737	0.00424592	0.000336787
108	0.00744961	0.00238725	0.132498	0.0395565	0.00242372	0.0148285	0.0304782	0.0159263	0.0475698	0.00834796	0.00212498	0.519867	0.000893574	0.0153319	0.00949461	0.0858756	0.0374372	0.0246971	0.000939666	0.00187222
109	0.00493051	0.00283373	0.000787728	0.000780135	0.407678	0.00589526	0.0119455	0.0163369	0.00552919	0.0391499	0.00182105	0.0149016	0.0031552	0.00128402	0.00640768	0.0185453	0.00550723	0.0111204	0.00263178	0.438759
110	0.0376579	0.0511283	0.0275569	0.0194654	0.0115196	0.0667192	0.0180846	0.0236231	0.0488582	0.0194585	0.00995831	0.0756801	0.00589157	0.0213506	0.144213	0.293295	0.0770987	0.0179403	0.0229537	0.00754753
111	0.078095	0.0475355	0.00472336	0.0102654	0.0716018	0.0268078	0.0218314	0.052379	0.0130224	0.0154549	0.0128109	0.0571882	0.0106154	0.00647821	0.0145875	0.397451	0.0525449	0.012193	0.00924189	0.0851725
112	0.0358697	0.0102318	0.00298514	0.0040908	0.0553034	0.00537317	0.00749399	0.112851	0.015386	0.313834	0.214549	0.00551789	0.00134402	0.0122547	0.0106844	0.0323894	0.0344018	0.111545	0.00633386	0.00756065
113	0.022226	0.00588317	0.117767	0.0549755	0.00904925	0.0234786	0.0420017	0.0209692	0.0549276	0.0214066	0.00867996	0.402152	0.00219874	0.0290577	0.027999	0.0808768	0.0355335	0.0271341	0.00178737	0.0118963
114	0.0464375	0.00840517	0.00310133	0.0116855	0.0365913	0.00481097	0.00284818	0.228187	0.0154815	0.203737	0.0949593	0.00302229	0.00144625	0.0124187	0.00589098	0.0284787	0.0358396	0.252679	0.00270683	0.00127219
115	0.0502454	0.0111962	0.00644056	0.037639	0.0130077	0.00366338	0.00367913	0.122058	0.052709	0.221938	0.156213	0.00709344	0.00127807	0.0259585	0.0142141	0.0617843	0.0515387	0.155695	0.00177039	0.00187842
116	0.282665	0.0326738	0.0116071	0.0124576	0.0209774	0.113737	0.00484471	0.0324605	0.0145672	0.0337669	0.0132975	0.0189937	0.00821956	0.00878334	0.0127774	0.186063	0.130189	0.0472456	0.00735868	0.00731593
117	0.0390525	0.0121788	0.00185814	0.00112825	0.12114	0.00634489	0.00297549	0.218013	0.00106129	0.27609	0.0565734	0.00227932	0.00170378	0.00341189	0.00250764	0.0183728	0.0262483	0.194579	0.00357052	0.0109106
118	0.132134	0.0124766	0.00214217	0.00438579	0.0406674	0.0374422	0.00247283	0.155619	0.00356303	0.115762	0.0499537	0.00589076	0.00458974	0.0046509	0.00888845	0.0747695	0.078682	0.256771	0.00372924	0.00541098
119	0.031847	0.00725761	0.0627507	0.0591569	0.0103716	0.0258199	0.0234404	0.0260973	0.231769	0.0263514	0.0165044	0.137646	0.00429577	0.0479064	0.128387	0.062505	0.0486974	0.038532	0.00465637	0.00600887
120	0.0436092	0.00858217	0.00157024	0.00194108	0.0632649	0.00670495	0.00385269	0.256362	0.00201941	0.252886	0.059773	0.00249573	0.00232334	0.00429531	0.0028107	0.01768	0.0267632	0.236726	0.00331271	0.00302801
121	0.0277481	0.0111128	0.00195496	0.00231308	0.0664745	0.00301893	0.00559931	0.120952	0.00689975	0.398211	0.173728	0.00340874	0.0011494	0.00668345	0.0064277	0.0208419	0.027129	0.10892	0.00507464	0.0023533
122	0.0332134	0.00408307	0.0425374	0.0750207	0.00609613	0.0278872	0.018345	0.0133156	0.344327	0.0157887	0.012309	0.049878	0.00507652	0.0568115	0.175474	0.044892	0.0543186	0.0153162	0.00386671	0.00144285
123	0.0246148	0.00465419	0.028024	0.0474907	0.00790227	0.0207608	0.020211	0.0153212	0.359074	0.0210238	0.0156298	0.0532813	0.00953391	0.0559958	0.207383	0.0415851	0.04795	0.012103	0.00412151	0.00333946
124	0.00594464	0.00540096	0.00147998	0.000917908	0.399213	0.00542491	0.0174538	0.0187767	0.00516799	0.0591071	0.00367216	0.0142703	0.00330872	0.00231984	0.0070646	0.0179204	0.00571195	0.0138268	0.00410934	0.408909
125	0.0555813	0.00484997	0.244158	0.2941	0.00148348	0.045003	0.0155102	0.00716361	0.0503271	0.0173492	0.00934054	0.0628778	0.00452769	0.0827561	0.0204404	0.029765	0.0248539	0.0286322	0.000498963	0.000781118
126	0.0236415	0.00366066	0.0241921	0.0479447	0.00840858	0.0216363	0.0194621	0.0122384	0.378301	0.0169846	0.0142078	0.0516247	0.00998785	0.055575	0.210406	0.0374009	0.0473117	0.0106137	0.0042041	0.00219842
127	0.0512123	0.00729267	0.00131564	0.0017234	0.0360906	0.00476673	0.00543013	0.273856	0.00190134	0.12596	0.0386868	0.00486706	0.0014257	0.00321414	0.00289988	0.021073	0.0555737	0.358816	0.00256067	0.00133349
128	0.246922	0.0251296	0.00379097	0.00194092	0.0176408	0.0189215	0.00169521	0.0144803	0.0086565	0.0193665	0.00917939	0.0176591	0.0125238	0.00466162	0.00379569	0.259555	0.289141	0.0361846	0.00243832	0.00631692
129	0.0781262	0.0212774	0.0585363	0.0788861	0.0042614	0.139281	0.0152368	0.0108696	0.103923	0.0331556	0.0102961	0.0895531	0.00530012	0.0329094	0.0584514	0.175725	0.0663969	0.01262	0.00339734	0.00179727
130	0.050092	0.00770012	0.00132053	0.001505	0.0442177	0.0065881	0.00333892	0.279195	0.00128406	0.158725	0.0494062	0.00374498	0.00181274	0.00365433	0.00292947	0.0160706	0.0286173	0.33497	0.00301315	0.00181426
131	0.0452202	0.00392272	0.203027	0.241718	0.00164961	0.037327	0.0225214	0.00801902	0.107691	0.0149908	0.00891592	0.0726205	0.00516206	0.0865371	0.0614414	0.0288016	0.0263357	0.0215384	0.000715039	0.00184515
132	0.0573375	0.0205811	0.0904573	0.0519931	0.00924793	0.0516723	0.024695	0.0173884	0.109949	0.0226179	0.00625902	0.110661	0.00512445	0.0181007	0.0921068	0.197123	0.0826242	0.0259086	0.00349379	0.00265923
133	0.135719	0.0318226	0.0145583	0.011062	0.0259648	0.0357844	0.014594	0.0324539	0.0234102	0.0376864	0.0152518	0.0525097	0.0121612	0.0147671	0.02268	0.281436	0.176106	0.048271	0.00463743	0.00912548
134	0.00585738	0.0345652	0.0205649	0.00257569	0.0983218	0.00541275	0.212209	0.00485558	0.00300668	0.0195537	0.00278146	0.0290728	0.0174154	0.0233702	0.0163547	0.0203166	0.00483678	0.00473867	0.00164161	0.472549
135	0.018329	0.0149323	0.00608299	0.00151316	0.197424	0.00325725	0.0057187	0.268993	0.00176528	0.227084	0.022939	0.00331836	0.00133323	0.00342274	0.004432	0.0118373	0.0228769	0.148888	0.0022604	0.0335929
136	0.150984	0.0252446	0.00205329	0.0045146	0.0399737	0.0803191	0.00228528	0.125462	0.002317	0.067219	0.027875	0.0184387	0.00363154	0.0041729	0.00473347	0.121891	0.0993979	0.211459	0.00406775	0.00395991
137	0.0506266	0.0226965	0.0135753	0.0166213	0.0126923	0.0458135	0.0146704	0.0651726	0.0493767	0.0328517	0.0186922	0.0728238	0.00436114	0.0402632	0.0784964	0.269768	0.130587	0.0458999	0.00699985	0.00801134
138	0.113787	0.0718786	0.00294244	0.00442781	0.0939443	0.0210065	0.0047237	0.0383558	0.00662387	0.0495944	0.0161208	0.0200571	0.00725457	0.0069143	0.00689856	0.351142	0.114233	0.0442984	0.0054907	0.0203069
139	0.0515829	0.00646492	0.271675	0.286695	0.00167726	0.0436744	0.0133979	0.00652246	0.0491945	0.0183017	0.00887658	0.0684312	0.00333263	0.0684282	0.0213831	0.03054	0.0233922	0.0250946	0.000528986	0.000806861
140	0.0685638	0.00271274	0.175281	0.264075	0.00144181	0.0486999	0.0207361	0.0126758	0.0842218	0.016569	0.0135828	0.0543645	0.00361084	0.0878369	0.0366614	0.037181	0.0383397	0.0318889	0.000409872	0.00114745
141	0.0728832	0.00773208	0.00182897	0.00181345	0.0266989	0.011935	0.00350952	0.258106	0.0019036	0.0907181	0.0289173	0.00363356	0.000964288	0.00308802	0.00790427	0.0145712	0.0263635	0.434032	0.00209047	0.00130615
142	0.0527678	0.0101171	0.00655639	0.0111942	0.0257963	0.00824463	0.0417631	0.140674	0.0168977	0.0935489	0.0702236	0.102344	0.00305389	0.0360641	0.0411403	0.116333	0.111454	0.0916786	0.00202768	0.0181201
143	0.0205069	0.00177793	0.00673164	0.034964	0.00670301	0.0187893	0.0156246	0.011071	0.410249	0.011553	0.0129596	0.0411161	0.00297425	0.0532587	0.251848	0.0341054	0.0524413	0.00814075	0.00486829	0.000316544
144	0.0325149	0.0198748	0.00221229	0.00163282	0.143675	0.00583746	0.00533219	0.121568	0.00221993	0.422611	0.0510834	0.00368691	0.00114595	0.00404754	0.00399069	0.0470071	0.0284933	0.0926328	0.00489967	0.00553444
145	0.0578942	0.0121521	0.00669428	0.0402345	0.0147482	0.00406522	0.00377003	0.12601	0.0428969	0.21267	0.151385	0.00655288	0.00148978	0.0235393	0.0138517	0.0631435	0.0505018	0.164694	0.00176937	0.0019371
146	0.0616477	0.00422831	0.218246	0.278724	0.00137047	0.0496782	0.0169609	0.00823447	0.0565864	0.0177345	0.010505	0.070217	0.00373063	0.0800589	0.0211732	0.0370669	0.0309787	0.031649	0.000451383	0.000758771
147	0.0155367	0.00127729	0.14057	0.119102	0.00207631	0.0109683	0.037912	0.00765056	0.245275	0.0108798	0.00556345	0.0852291	0.00655933	0.102195	0.160245	0.0109285	0.0235886	0.00927568	0.000918131	0.00424931
148	0.0914266	0.0107034	0.00315887	0.00492148	0.0514003	0.0250848	0.00369985	0.198434	0.00392781	0.161419	0.0539242	0.00406434	0.00374799	0.00592215	0.00552243	0.0380758	0.0471382	0.276261	0.00474163	0.00642716
149	0.0522073	0.00606795	0.224457	0.299575	0.00263103	0.0430685	0.0179773	0.00770724	0.0566658	0.0178158	0.00919283	0.063724	0.0053004	0.0816858	0.0283712	0.0308442	0.0249481	0.02551	0.000652312	0.00159795
150	0.0857077	0.0207642	0.134175	0.0875284	0.0126898	0.018523	0.0258297	0.0230062	0.0629164	0.0341603	0.00743608	0.05839	0.00236652	0.0166282	0.0528356	0.179118	0.0913654	0.0796531	0.00201898	0.00488713
151	0.0536975	0.00694158	0.00119469	0.00140847	0.0528226	0.00748335	0.00278212	0.260709	0.00162446	0.206225	0.0707085	0.00507737	0.00227382	0.00443646	0.00312703	0.0190588	0.0431866	0.248216	0.00632752	0.00269966
152	0.00623017	0.00394117	0.000911299	0.00102668	0.448706	0.00543985	0.0122266	0.0197181	0.00503383	0.0521427	0.00391286	0.0135574	0.00354632	0.00176808	0.00631143	0.0178527	0.00581692	0.0136115	0.00378478	0.374461
153	0.0861451	0.00788132	0.00149082	0.00161715	0.0339199	0.0165421	0.00338888	0.196539	0.00243057	0.115682	0.0432516	0.00540321	0.00301569	0.00313409	0.00406903	0.0485879	0.119811	0.298241	0.00360789	0.0052424
154	0.0178333	0.00149565	0.0542976	0.0713726	0.00455967	0.0131533	0.0224505	0.00904561	0.375997	0.0127624	0.0088285	0.058019	0.0042104	0.0754387	0.199366	0.0216662	0.0380346	0.00713183	0.00255689	0.00178092
155	0.00413918	0.00648198	0.00371732	0.0104357	0.013112	0.0109346	0.427619	0.00489431	0.0172858	0.00741059	0.00312898	0.163202	0.00151855	0.144519	0.0413367	0.0653336	0.0102139	0.00465168	0.00149453	0.0585706
156	0.0176188	0.0160365	0.00142029	0.00170622	0.431844	0.00302546	0.00338235	0.0487344	0.00219616	0.298637	0.0245369	0.00530665	0.00111842	0.00297648	0.00293525	0.0201604	0.0115453	0.0325936	0.0110335	0.0631922
157	0.263704	0.0290314	0.00349418	0.00167306	0.0208098	0.0131578	0.00147247	0.0126201	0.00662239	0.0200191	0.00865988	0.0181988	0.00879737	0.00430607	0.00349901	0.228544	0.311596	0.0331813	0.00229445	0.00831902
158	0.0696169	0.017268	0.0856708	0.0617383	0.00405518	0.189459	0.023206	0.00617251	0.0724701	0.0229022	0.00619009	0.114976	0.00410095	0.0323866	0.0387309	0.201222	0.0376709	0.00770176	0.0026962	0.00176598
159	0.0776539	0.017763	0.0789547	0.0621211	0.00443465	0.201861	0.0218127	0.00685237	0.0685781	0.0259105	0.00681352	0.0878906	0.00363176	0.0357888	0.0349057	0.215617	0.0368102	0.00802289	0.0026149	0.00196171
160	0.00599752	0.00143737	0.146708	0.0417506	0.00195696	0.0110792	0.0253513	0.0137345	0.0433544	0.00766259	0.00155076	0.574835	0.000557492	0.0131578	0.00466263	0.0577794	0.0218619	0.024101	0.000665749	0.00179522
161	0.00232159	0.0119557	0.00132304	0.00244888	0.00164332	0.0239845	0.0460295	0.0118784	0.106081	0.0130078	0.00384223	0.0277275	0.000520682	0.0579782	0.655587	0.0150582	0.00396842	0.00196751	0.000539081	0.0121381
162	0.0415086	0.0145742	0.0117935	0.0293223	0.00525062	0.034718	0.0171056	0.0168938	0.274604	0.0155157	0.0195664	0.0491247	0.00383209	0.052044	0.251005	0.0770229	0.0631499	0.0169679	0.00428781	0.00171269
163	0.0360408	0.00144036	0.164307	0.201596	0.00134748	0.0252882	0.0268249	0.0114345	0.16647	0.0113918	0.00872507	0.0693619	0.00479139	0.107052	0.0944344	0.0182607	0.0286	0.0192251	0.000524777	0.00288353
164	0.449599	0.0297455	0.0161213	0.00635595	0.00381164	0.20899	0.00176136	0.0342694	0.00265552	0.0263585	0.0127401	0.00387076	0.000931929	0.00272535	0.00925349	0.0960799	0.0452907	0.0424232	0.00538816	0.00162837
165	0.0159425	0.00848145	0.00604161	0.0076983	0.0125671	0.008581	0.0120064	0.192295	0.08037	0.040758	0.385695	0.014345	0.00258717	0.0154364	0.0790786	0.0240903	0.0581805	0.0232883	0.00427993	0.00827718
166	0.0453316	0.00732329	0.0282547	0.0358741	0.00576027	0.0333896	0.0177236	0.0136313	0.295871	0.0154999	0.0164081	0.0587996	0.00467682	0.0470043	0.197764	0.0971652	0.0579048	0.016254	0.00429318	0.00107074
167	0.0627004	0.0364292	0.0313017	0.0189128	0.0471128	0.0208522	0.0701138	0.108433	0.0229866	0.121681	0.0148344	0.0410835	0.00411598	0.0681265	0.0189959	0.0979269	0.0670124	0.0844887	0.00202723	0.0608653
168	0.0423821	0.0107938	0.00161397	0.00290049	0.0858505	0.00930752	0.00462782	0.161143	0.00355859	0.369985	0.0702382	0.00382443	0.00197682	0.00436402	0.0049594	0.0238816	0.0288599	0.161541	0.00396881	0.00422333
169	0.00846177	0.00728185	0.00481228	0.0146183	0.00317508	0.0202232	0.0304988	0.011588	0.205384	0.0114202	0.0067503	0.0321964	0.00134203	0.0539047	0.534679	0.0200206	0.0208685	0.00395759	0.00192782	0.00688931
170	0.020929	0.00275026	0.00974233	0.0312127	0.00536903	0.0155565	0.0311326	0.014096	0.329118	0.0288679	0.0206158	0.0462203	0.0100546	0.0747963	0.235709	0.044722	0.0631504	0.00964875	0.00402446	0.00228435
171	0.0224692	0.0022753	0.00791673	0.0357492	0.0060079	0.0185406	0.0193906	0.0116348	0.376791	0.0134393	0.0148977	0.0418405	0.00403651	0.0568	0.260356	0.039561	0.0536139	0.00936398	0.00496422	0.000351931
172	0.0684971	0.0025709	0.18305	0.318169	0.00103277	0.0527594	0.0182373	0.00786824	0.0564875	0.0145188	0.0115369	0.0515041	0.0046612	0.0918862	0.0202338	0.0351515	0.0306937	0.0301216	0.00037064	0.000649261
173	0.0221402	0.00231315	0.00790146	0.0356196	0.00619661	0.0194788	0.0178935	0.0114491	0.382664	0.0131247	0.0141889	0.0424619	0.00366694	0.0552093	0.257918	0.0393303	0.0542634	0.00888223	0.00498476	0.000313109
174	0.0058941	0.0196732	0.0129752	0.00544624	0.0854232	0.00622358	0.28813	0.00845751	0.00824209	0.0168956	0.00514523	0.0643805	0.0114703	0.0525155	0.0217693	0.0314584	0.00830762	0.00848322	0.00245335	0.336656
175	0.0995238	0.0271346	0.00923954	0.0137395	0.00650582	0.0269079	0.0191582	0.0579877	0.0722765	0.0358335	0.0254536	0.0569788	0.00389128	0.018213	0.116519	0.209263	0.175373	0.0180274	0.00315111	0.00482298
176	0.0507579	0.00622086	0.00119555	0.00178244	0.0318524	0.00491373	0.00446914	0.264753	0.00276719	0.11047	0.034487	0.00590989	0.00120245	0.00264232	0.00332691	0.0269336	0.0842019	0.357707	0.00255035	0.00185548
177	0.0923667	0.0279717	0.0141431	0.0115397	0.0242416	0.0358786	0.0141028	0.0360225	0.022672	0.0335361	0.0159772	0.0762231	0.00682663	0.0157513	0.0330824	0.257667	0.176573	0.0630127	0.0307426	0.0116688
178	0.00566757	0.00487987	0.00209805	0.000886	0.404257	0.00564769	0.0244619	0.0160775	0.00529493	0.0453826	0.00304308	0.0149644	0.00407159	0.00236553	0.00647108	0.0186064	0.00602137	0.011105	0.00333266	0.415365
179	0.0549745	0.0643764	0.00137184	0.00142492	0.382093	0.00434015	0.00228093	0.0155176	0.002377	0.273188	0.0251296	0.00498832	0.000795532	0.00696151	0.00287698	0.0905794	0.0213321	0.0082194	0.0172806	0.0198919
180	0.110202	0.00928513	0.001132	0.00113797	0.062145	0.0189186	0.00176442	0.124653	0.00223812	0.172595	0.0880361	0.00426408	0.00390913	0.00411125	0.0042966	0.0611733	0.117815	0.190048	0.00486516	0.0174115
181	0.157909	0.0264475	0.036903	0.0399327	0.0174256	0.212391	0.0169942	0.039099	0.0440442	0.0435118	0.0182498	0.0372929	0.00400043	0.0295834	0.0467636	0.113047	0.0432106	0.0545509	0.00776467	0.0108784
182	0.021871	0.0164766	0.000562229	0.000490664	0.168474	0.00109887	0.0032774	0.109075	0.000740672	0.496984	0.0513768	0.0012497	0.000593613	0.00119715	0.00116664	0.0202746	0.0187615	0.0840445	0.00110318	0.0011813
183	0.0630096	0.0704709	0.00155721	0.00186245	0.354241	0.00401773	0.00272548	0.0138973	0.00256783	0.274568	0.0282981	0.00554437	0.000905448	0.0079749	0.00300501	0.106867	0.0238025	0.00967972	0.0131917	0.011814
184	0.168243	0.0469001	0.0022743	0.00162055	0.0499353	0.0322331	0.00115461	0.0448435	0.00298933	0.0215039	0.0207921	0.00985023	0.00360802	0.00361914	0.00207587	0.24241	0.242846	0.0948569	0.00249132	0.00575154
185	0.200378	0.0314215	0.0303579	0.0340862	0.016906	0.218469	0.0122532	0.0380029	0.0315549	0.0431502	0.0165777	0.0298434	0.00435007	0.0225526	0.0300915	0.126668	0.0490191	0.0510338	0.00699114	0.00629267
186	0.134849	0.0589272	0.00222186	0.00208371	0.0554666	0.0632839	0.00150018	0.0934476	0.00215911	0.0604636	0.0282068	0.00864962	0.00392473	0.00328804	0.00257239	0.166155	0.144003	0.161182	0.00305458	0.00456031
187	0.140853	0.0301127	0.00157536	0.00170699	0.0563175	0.0575511	0.00127256	0.110289	0.00137722	0.0709472	0.036446	0.0060481	0.00408758	0.00291093	0.00331282	0.167348	0.110258	0.190737	0.00295925	0.003889
188	0.0607823	0.0095254	0.000994401	0.00214785	0.0420083	0.00913659	0.00294623	0.27599	0.000947414	0.146633	0.0420672	0.00260302	0.00176521	0.00354777	0.00220097	0.018206	0.0327792	0.340977	0.00378426	0.000957414
189	0.206464	0.0334219	0.00358052	0.00309751	0.0231148	0.0247365	0.00344711	0.018989	0.00888443	0.0371989	0.00991819	0.0172434	0.0135458	0.00836173	0.00605718	0.342364	0.191335	0.0366083	0.00319776	0.00843393
190	0.0361421	0.016286	0.0166563	0.0219707	0.0479825	0.0247362	0.0278309	0.0680999	0.0610077	0.221523	0.0472819	0.0282747	0.0177509	0.0363829	0.136184	0.0570776	0.0389273	0.0556553	0.0237821	0.016448
191	0.0418548	0.00878156	0.000915545	0.00102366	0.0681835	0.00536473	0.0026189	0.269479	0.000510051	0.236083	0.0609143	0.00170645	0.00258656	0.00372051	0.00132549	0.0146693	0.0263307	0.24877	0.00331592	0.00184579
192	0.0548207	0.00964864	0.00104828	0.00180645	0.0386807	0.00600644	0.00315715	0.279625	0.00140112	0.132024	0.0413059	0.00326495	0.00139494	0.00307966	0.0026435	0.0169936	0.0330984	0.366145	0.00306977	0.000785844
193	0.250303	0.0319594	0.00303658	0.0047386	0.0250749	0.152364	0.000994938	0.0869127	0.00114194	0.0583933	0.0217819	0.00477276	0.00293611	0.00190958	0.00320252	0.131914	0.0693675	0.142523	0.00476506	0.00190884
