279	20
1	0.0466185	0.032202	0.00217023	0.00482997	0.109251	0.0174264	0.0092302	0.0964515	0.01579	0.306274	0.105511	0.00872623	0.0166156	0.0085081	0.0199798	0.0251117	0.037471	0.0823113	0.0233393	0.032182
2	0.0374083	0.0146897	0.0885968	0.267456	0.012327	0.03434	0.0242427	0.0185373	0.0926851	0.0284956	0.00818927	0.0838727	0.0161713	0.0459326	0.0545166	0.0864347	0.0550316	0.0193631	0.00176383	0.0099465
3	0.0235616	0.0305042	0.00385956	0.0119653	0.0203089	0.0350168	0.0714616	0.019977	0.121306	0.0490334	0.00900296	0.0345643	0.00486484	0.0427617	0.0928053	0.184406	0.178471	0.026201	0.0021229	0.0378054
4	0.0338809	0.0199918	0.00388506	0.00995142	0.098877	0.0204356	0.0108907	0.252857	0.0136939	0.199629	0.0433091	0.0121069	0.00739589	0.00568451	0.0141725	0.0214331	0.0254004	0.149118	0.009182	0.0481053
5	0.0325246	0.00987516	0.0057018	0.00562781	0.0374918	0.00355261	0.00639836	0.333934	0.00666906	0.242386	0.041283	0.0106403	0.00397543	0.00138807	0.00436818	0.020744	0.0225067	0.187125	0.00872521	0.0150823
6	0.0773422	0.0826985	0.0101722	0.0393244	0.0354315	0.0180995	0.0618557	0.045136	0.0561842	0.0867944	0.0170434	0.0419249	0.00931887	0.0300265	0.0642841	0.0988519	0.0491851	0.0914714	0.00446802	0.0803872
7	0.0276179	0.0244306	0.0879077	0.0471972	0.00681885	0.0575986	0.0134882	0.00991033	0.18502	0.0303962	0.0104426	0.146161	0.0095892	0.0457633	0.0765996	0.122343	0.0723537	0.0176801	0.000782291	0.00790065
8	0.0537836	0.025399	0.00647967	0.0457894	0.00587072	0.0194364	0.0304033	0.030534	0.170407	0.0201833	0.057287	0.0647691	0.0353513	0.0268492	0.122121	0.131555	0.0588313	0.0559098	0.0193165	0.0197234
9	0.0311583	0.00960025	0.00590835	0.00501097	0.0369162	0.00323596	0.0066339	0.338526	0.00666139	0.262761	0.0433555	0.0103891	0.00417723	0.00126872	0.00449036	0.0197609	0.0196826	0.166477	0.00975033	0.0142354
10	0.0254235	0.0313583	0.00179789	0.014056	0.0834077	0.00907198	0.025443	0.0940744	0.019396	0.264536	0.0849561	0.0119733	0.0139465	0.0240293	0.0284465	0.0311688	0.0639603	0.103958	0.020983	0.0480131
11	0.0474396	0.0157981	0.103461	0.0989855	0.0130907	0.0411926	0.0427013	0.0181184	0.0925017	0.0368377	0.00718641	0.101229	0.0487571	0.0614941	0.0687146	0.0957345	0.067618	0.0224196	0.00393018	0.0127901
12	0.022452	0.029518	0.0557708	0.0104721	0.137936	0.0251078	0.116187	0.046023	0.0123082	0.0961042	0.0378732	0.027644	0.00980313	0.0371988	0.0396846	0.0792888	0.0242807	0.0292722	0.00456205	0.158513
13	0.0376604	0.0303085	0.0015717	0.00436632	0.089583	0.0159154	0.0100544	0.0915104	0.0127689	0.370047	0.0924962	0.00778712	0.0185743	0.00859199	0.0213636	0.0234787	0.0327785	0.082751	0.0171308	0.0312622
14	0.048639	0.0180061	0.115909	0.139315	0.0118669	0.0297286	0.0314268	0.021598	0.0882974	0.0388444	0.00846669	0.0970392	0.0191538	0.0564008	0.0572216	0.109457	0.0681476	0.0258669	0.00114328	0.0134727
15	0.0491639	0.0178549	0.0822206	0.0965305	0.0150123	0.0393208	0.0395182	0.0266956	0.0842574	0.0469067	0.00655029	0.0867357	0.0729293	0.0496514	0.0566665	0.105507	0.078488	0.0278569	0.00622985	0.0119043
16	0.034939	0.0122811	0.0991537	0.0442826	0.00906216	0.067799	0.08755	0.0065023	0.0939438	0.030648	0.0108394	0.182454	0.0176866	0.0699243	0.0584113	0.0830003	0.0531267	0.0171788	0.00108883	0.0201282
17	0.0380257	0.0119615	0.1269	0.0691127	0.0115853	0.0686511	0.0798803	0.00682283	0.0617551	0.0222966	0.00597839	0.174074	0.0180566	0.077223	0.05663	0.0830071	0.052733	0.0151794	0.00121203	0.0189154
18	0.0363839	0.013946	0.00557235	0.00456753	0.0434581	0.00475263	0.00891177	0.271818	0.00800134	0.306028	0.0510847	0.0125698	0.00612096	0.00328693	0.0103052	0.023025	0.025696	0.135335	0.0092584	0.0198788
19	0.0361464	0.0125057	0.00633923	0.00440516	0.0368305	0.00373978	0.00917419	0.299117	0.00697406	0.305705	0.0420932	0.0128776	0.00411317	0.00206044	0.00687483	0.0212	0.0205066	0.142208	0.00740944	0.0197189
20	0.0792999	0.0189049	0.0749334	0.0351297	0.0109258	0.0529385	0.0434295	0.0166461	0.0697747	0.0300129	0.0275844	0.0585089	0.0666663	0.0291062	0.0707141	0.18297	0.0817373	0.0339657	0.00489862	0.0118529
21	0.0522177	0.0174115	0.0817006	0.0733119	0.0158406	0.0401854	0.042408	0.0223119	0.0883877	0.0439737	0.006406	0.0916058	0.0860171	0.0567039	0.0623139	0.100684	0.0745496	0.0250012	0.00843392	0.0105355
22	0.0490427	0.0187652	0.113961	0.135013	0.0126634	0.0305525	0.0327687	0.0209901	0.0894964	0.0405487	0.00865955	0.0964223	0.0186244	0.0574601	0.0574765	0.107815	0.0681478	0.0264921	0.00121211	0.013888
23	0.0582955	0.0299954	0.0365268	0.0384459	0.022536	0.0260525	0.0425579	0.0214007	0.0501555	0.033612	0.0125022	0.0577431	0.0166432	0.304385	0.0571816	0.0741848	0.0502576	0.0363139	0.00561285	0.0255979
24	0.0239445	0.0274008	0.0168685	0.00872263	0.210805	0.046129	0.0820327	0.0413647	0.00970581	0.0795101	0.0384607	0.0258621	0.0112238	0.0357704	0.026498	0.0452641	0.0180452	0.0449229	0.00710468	0.200365
25	0.0642189	0.0224475	0.0183936	0.0335373	0.0133608	0.286188	0.0221149	0.0217726	0.0938544	0.0321359	0.035722	0.0441513	0.0174565	0.0304353	0.0823537	0.0800112	0.0454505	0.0369383	0.00519808	0.0142589
26	0.0626819	0.0310735	0.0144445	0.0204601	0.125468	0.0267933	0.0330971	0.0393347	0.0380462	0.0982488	0.0266696	0.0744641	0.0131273	0.03209	0.06087	0.0905639	0.0454369	0.0631592	0.00777675	0.0961941
27	0.0255584	0.0397135	0.00309742	0.0075256	0.0799268	0.0109019	0.0127366	0.0840955	0.0181663	0.222448	0.0854792	0.0110941	0.0140367	0.0113915	0.143086	0.0341181	0.0582944	0.0923247	0.016091	0.0299141
28	0.0635255	0.0171517	0.0341343	0.0404776	0.0115719	0.0406991	0.0290629	0.0219331	0.130536	0.0448632	0.0145193	0.067203	0.145736	0.0320363	0.0829537	0.124843	0.0547198	0.0263354	0.00729469	0.0104032
29	0.0478633	0.0169988	0.0421539	0.0280717	0.00979696	0.174244	0.0261764	0.0243669	0.150866	0.0249411	0.0276936	0.0862338	0.0149099	0.0306167	0.0783721	0.106764	0.0562822	0.0411629	0.00321448	0.00927174
30	0.0314343	0.0269775	0.0028868	0.027835	0.00526135	0.0187137	0.0461338	0.0182587	0.205539	0.0199906	0.0291312	0.0356039	0.0183709	0.0424489	0.291661	0.0847913	0.0461387	0.0310055	0.0082572	0.00956002
31	0.0912204	0.0364482	0.0210943	0.0238547	0.0119386	0.0435175	0.0197135	0.0223234	0.0341987	0.0302902	0.0340644	0.047169	0.0410209	0.016637	0.0329621	0.314522	0.100758	0.0591899	0.00361872	0.0154584
32	0.0832815	0.126612	0.00597638	0.016523	0.0176389	0.0207001	0.0101634	0.130899	0.0228515	0.0590434	0.0269257	0.0145718	0.0130387	0.013343	0.0363685	0.0855569	0.161731	0.136829	0.00384139	0.0141045
33	0.0496091	0.02258	0.00519621	0.0468521	0.0557475	0.00969916	0.0176922	0.0779986	0.0212371	0.157973	0.044078	0.046858	0.0253941	0.0385002	0.0221323	0.0659817	0.114143	0.129272	0.0199512	0.0291037
34	0.0360768	0.024767	0.0139685	0.0238942	0.0408821	0.0201067	0.0827973	0.0722948	0.0288154	0.0728785	0.0158146	0.0329854	0.051231	0.07182	0.030799	0.134961	0.125351	0.0710014	0.0288489	0.0207067
35	0.108614	0.100468	0.0145487	0.0212601	0.0255582	0.0606484	0.0190488	0.0179492	0.0185056	0.0240274	0.0140459	0.103181	0.0128164	0.138021	0.0254743	0.157522	0.0537221	0.0271788	0.00465417	0.0527557
36	0.0364712	0.0332689	0.00409341	0.00851579	0.060014	0.0237785	0.0276236	0.0658502	0.0150404	0.368205	0.0777587	0.023914	0.0212259	0.0222251	0.0291757	0.0396867	0.0317792	0.0600852	0.0123299	0.0389585
37	0.0402063	0.0116827	0.00577998	0.00475159	0.0323491	0.00344323	0.00860175	0.307126	0.00655909	0.297841	0.0417217	0.0115882	0.00376467	0.00134585	0.00553029	0.0230097	0.0229487	0.149806	0.00551024	0.0164334
38	0.0542106	0.0496925	0.0568465	0.0763163	0.0136191	0.031321	0.0194616	0.0330532	0.0560034	0.0646128	0.0227912	0.0784514	0.00891627	0.0262467	0.0238786	0.172906	0.0851172	0.0920371	0.00536672	0.0291515
39	0.025083	0.0334926	0.00274498	0.0133642	0.0857053	0.00965479	0.0327157	0.100665	0.0165688	0.24547	0.0807677	0.0137341	0.0126163	0.0192215	0.0261881	0.0311352	0.0740884	0.0994817	0.0186517	0.0586507
40	0.0366717	0.0351161	0.00223401	0.0157971	0.0775727	0.00921265	0.0173632	0.0975869	0.0276461	0.224502	0.0594469	0.0208715	0.0184591	0.0287982	0.0282086	0.0485804	0.0707975	0.115107	0.0193216	0.0467072
41	0.0355132	0.0106386	0.1503	0.100787	0.00827543	0.0504545	0.0816213	0.00691728	0.0418818	0.0180135	0.00524869	0.167247	0.0123909	0.0716499	0.0404142	0.0996833	0.0588084	0.0164576	0.0007021	0.022995
42	0.0532039	0.0228509	0.0869166	0.0771468	0.0411812	0.0355953	0.0337807	0.0222841	0.0808365	0.0839084	0.0123602	0.0703786	0.0166539	0.0481575	0.058932	0.0811788	0.0807379	0.0442224	0.00257193	0.0471024
43	0.0328113	0.0111927	0.00676263	0.00490336	0.0428963	0.00387956	0.00674813	0.320526	0.00869964	0.262007	0.0481314	0.0110675	0.00448289	0.00166105	0.00567946	0.019756	0.0214446	0.156901	0.0149282	0.0155212
44	0.0703116	0.0350145	0.00870284	0.0129946	0.0589653	0.0541429	0.0633745	0.0751137	0.0126365	0.0956083	0.0549836	0.0643105	0.0065804	0.0137765	0.0169059	0.108287	0.0921551	0.0461866	0.00435946	0.10559
45	0.0460603	0.0194728	0.0498856	0.042282	0.0103311	0.0520895	0.0136023	0.0114945	0.224851	0.0251628	0.0189086	0.103569	0.00995206	0.0579636	0.114879	0.100819	0.0692742	0.0200761	0.00155408	0.00777244
46	0.114591	0.0402521	0.00777331	0.0628593	0.0493215	0.125888	0.0445389	0.0595084	0.0148091	0.038723	0.0249189	0.0855858	0.00641324	0.0131275	0.0310104	0.184414	0.0387033	0.0205651	0.0188318	0.018166
47	0.0448006	0.0309801	0.00178208	0.00460155	0.106387	0.0164932	0.00910656	0.0976194	0.0156185	0.316839	0.104006	0.00813908	0.017286	0.00820495	0.0195119	0.0242044	0.0371232	0.0832354	0.0215633	0.0324977
48	0.0472558	0.0169433	0.125504	0.137406	0.0110118	0.0310977	0.0340502	0.019065	0.0773622	0.0339111	0.00988493	0.106295	0.0189835	0.0550663	0.0602736	0.111797	0.0654026	0.0234347	0.00118449	0.0140705
49	0.0439813	0.0177858	0.0940644	0.0886064	0.0105854	0.0434537	0.0253858	0.0165813	0.131409	0.0381658	0.0117438	0.114516	0.0248047	0.056898	0.0668011	0.104646	0.0747988	0.0235522	0.00180026	0.0104198
50	0.0293143	0.021358	0.0702354	0.0365599	0.00703389	0.0852908	0.0114846	0.00988254	0.194122	0.0288038	0.0121018	0.142766	0.0136776	0.0471186	0.0789648	0.112063	0.0740427	0.016914	0.000847918	0.00741847
51	0.0287457	0.0230049	0.0697023	0.0452239	0.00967957	0.0711197	0.0213664	0.0102539	0.186641	0.0348674	0.0110152	0.135149	0.0103715	0.0538765	0.0886653	0.105076	0.065732	0.0166068	0.00144992	0.011453
52	0.0546561	0.0168352	0.0715945	0.0527063	0.0137993	0.0403098	0.0558464	0.0186034	0.0629612	0.0397256	0.00646457	0.0956471	0.0863151	0.0878699	0.0464695	0.125892	0.0700736	0.0275378	0.00703441	0.0196581
53	0.0377085	0.0338496	0.00421045	0.00746863	0.26634	0.0143875	0.0129575	0.0825401	0.0155129	0.174637	0.0697103	0.0140902	0.016316	0.0105546	0.0259032	0.0297779	0.0366956	0.0628394	0.0445311	0.0399693
54	0.0299401	0.0103204	0.306498	0.0429962	0.00868446	0.0580343	0.0706902	0.00731622	0.0317721	0.0248031	0.00620363	0.128506	0.0126834	0.052578	0.0353865	0.0827567	0.048152	0.0167682	0.00150894	0.024401
55	0.0275782	0.0263936	0.00428252	0.0181216	0.00585651	0.0276532	0.027522	0.0212834	0.231285	0.0354061	0.104709	0.0354072	0.0136801	0.0329713	0.129971	0.11507	0.0843818	0.0456249	0.00343012	0.00937284
56	0.0410379	0.0171852	0.00428546	0.00747537	0.0548253	0.00622972	0.00908787	0.198176	0.0101623	0.194889	0.0536198	0.0127683	0.00767505	0.00665471	0.012198	0.0226849	0.0399118	0.263801	0.0100703	0.0272622
57	0.0431954	0.0140337	0.0972032	0.0467808	0.00998534	0.0368444	0.0228732	0.0325662	0.0425798	0.0612615	0.0072221	0.140566	0.136461	0.0241673	0.0408935	0.155577	0.0532401	0.0195611	0.00438552	0.0106022
58	0.0279304	0.0324083	0.0140544	0.0277913	0.0368242	0.0209908	0.217044	0.0245904	0.0410599	0.0719144	0.0356936	0.0388479	0.0161334	0.0700834	0.0987185	0.0607285	0.0627085	0.0371585	0.00797038	0.0573494
59	0.0450637	0.0157727	0.117669	0.0997311	0.0124804	0.0494447	0.0544828	0.0128406	0.0777555	0.030066	0.00678891	0.130498	0.0211569	0.0732802	0.0650091	0.0929942	0.0597649	0.0188383	0.0015336	0.0148292
60	0.0538768	0.034643	0.0182666	0.0269136	0.0193402	0.0111299	0.0509696	0.119077	0.0797286	0.180542	0.0152041	0.022979	0.00825378	0.0238954	0.115632	0.0463554	0.0321456	0.120705	0.00413576	0.0162063
61	0.0276887	0.0263685	0.00167292	0.00447389	0.0687174	0.0105885	0.0119427	0.0929899	0.0107628	0.439855	0.0774667	0.00792894	0.015412	0.00880268	0.0242604	0.0209673	0.0299581	0.0799712	0.0147252	0.0254478
62	0.0373248	0.0111691	0.00639393	0.00412353	0.0337579	0.00330713	0.00799452	0.306858	0.00657734	0.30901	0.0420567	0.0121497	0.00364537	0.00126141	0.00543741	0.0211915	0.0196073	0.144394	0.00692216	0.0168193
63	0.0654565	0.0404509	0.0326171	0.0559884	0.0204598	0.0258517	0.0336815	0.0272961	0.0516612	0.0873562	0.0238672	0.0562033	0.00790152	0.0726585	0.0655806	0.110175	0.0755468	0.0717911	0.00228527	0.0731716
64	0.0384118	0.0272449	0.0179956	0.0547401	0.0144159	0.024581	0.0515255	0.056458	0.199133	0.05011	0.0249033	0.0441561	0.0196419	0.0380777	0.111534	0.069357	0.0496562	0.0847978	0.00468852	0.0185717
65	0.0306342	0.0214531	0.00331283	0.00440326	0.0503781	0.007575	0.0095776	0.170465	0.00755378	0.421134	0.057335	0.00907021	0.0104629	0.00494621	0.0149801	0.0192199	0.0222266	0.107435	0.00896742	0.0188701
66	0.0241887	0.0168178	0.0721601	0.0799913	0.0332426	0.0458261	0.0639425	0.0309903	0.189549	0.0292205	0.00835137	0.0589829	0.0110972	0.0730703	0.0905331	0.0697566	0.0334377	0.0202377	0.0136018	0.0350021
67	0.0417505	0.0115629	0.137033	0.0669464	0.00832869	0.0641225	0.0995258	0.00468176	0.0421061	0.0176974	0.00505284	0.161189	0.0139388	0.0792674	0.0600982	0.0859846	0.0565695	0.0147884	0.000859115	0.0284967
68	0.0232921	0.0726153	0.0285341	0.0178113	0.118818	0.0105903	0.0503729	0.0709383	0.00909352	0.0965646	0.0160013	0.0381175	0.00628275	0.0113488	0.0147767	0.0342666	0.0402407	0.0265273	0.00295137	0.310857
69	0.0352361	0.0135508	0.0724199	0.0758777	0.00954609	0.309034	0.035938	0.0127136	0.0520725	0.0237338	0.0103788	0.0859653	0.0143948	0.048082	0.0494632	0.070144	0.0438706	0.0205236	0.00397134	0.0130836
70	0.0384141	0.0132149	0.00521928	0.00937053	0.047286	0.00873699	0.00651948	0.33727	0.00709846	0.189594	0.0336437	0.0109998	0.00448934	0.00189612	0.0061667	0.0201711	0.028591	0.204957	0.00626763	0.0200941
71	0.0405775	0.0121374	0.138678	0.0623855	0.00802974	0.0650694	0.100087	0.00417574	0.0382233	0.0172233	0.00504369	0.162743	0.0134722	0.0814544	0.0624224	0.0860849	0.0578727	0.0151734	0.000801271	0.0283453
72	0.037102	0.0128194	0.117672	0.0887191	0.0103639	0.127102	0.0489938	0.0128624	0.0770276	0.0249896	0.0114794	0.117824	0.0262588	0.0592208	0.0640277	0.0774387	0.0536069	0.0180406	0.00143079	0.0130204
73	0.0592143	0.023381	0.049057	0.0540212	0.0238626	0.0340585	0.0361339	0.0298731	0.0866186	0.0500956	0.00868061	0.0989838	0.102348	0.0488947	0.050299	0.108689	0.0729646	0.027947	0.0244343	0.0104429
74	0.044476	0.0275672	0.00240882	0.00512875	0.093288	0.0126591	0.00952251	0.122799	0.0144822	0.302615	0.105527	0.00867252	0.0133334	0.00787745	0.0176376	0.0243171	0.0413618	0.0987455	0.0188475	0.0287333
75	0.0240593	0.0289732	0.00219447	0.0153211	0.0796173	0.00879018	0.0354243	0.0933554	0.0208339	0.272821	0.0796402	0.0127001	0.0129829	0.0246455	0.0294133	0.0293526	0.0634113	0.0997807	0.0211496	0.0455337
76	0.0553128	0.0236005	0.0910539	0.0948977	0.014653	0.0336923	0.0338382	0.0177675	0.0763829	0.0362605	0.00702867	0.105693	0.0406539	0.0559642	0.0591102	0.149785	0.0625259	0.0257377	0.00297206	0.0130707
77	0.049085	0.0300723	0.00808977	0.0159926	0.0838907	0.0556057	0.0186934	0.0563413	0.0180407	0.109936	0.0362049	0.0281146	0.0194466	0.0164216	0.0403266	0.0539699	0.0600042	0.0675271	0.209363	0.0228739
78	0.0316705	0.0105211	0.00563247	0.00496205	0.0423152	0.00378906	0.00696436	0.32804	0.00715022	0.267288	0.045805	0.0103602	0.0047556	0.00174629	0.0055729	0.0195605	0.0203135	0.158026	0.00984841	0.0156788
79	0.0356042	0.0271867	0.0619391	0.102402	0.00993557	0.0301051	0.0616248	0.017224	0.0637175	0.0282841	0.0187438	0.0758376	0.0156084	0.0905834	0.0984899	0.119261	0.0747841	0.05051	0.00286922	0.01529
80	0.0852626	0.0495788	0.037972	0.0294054	0.0140953	0.0445012	0.0214291	0.00861344	0.0267109	0.0185328	0.0146081	0.10035	0.0349183	0.0270671	0.0305065	0.346353	0.0649624	0.0262732	0.00189464	0.0169651
81	0.0243473	0.0257852	0.00602905	0.00690911	0.283287	0.014752	0.0175061	0.0679058	0.012251	0.14315	0.052563	0.0148094	0.0204501	0.0124984	0.0275436	0.0261912	0.0285746	0.0530124	0.0533138	0.109122
82	0.0287267	0.0253061	0.00412491	0.00666411	0.047686	0.00795084	0.0186498	0.166068	0.0121904	0.396153	0.0517137	0.011372	0.00982773	0.00818151	0.0192234	0.0216726	0.0271431	0.104502	0.00874331	0.0241008
83	0.0548768	0.0482444	0.0264959	0.0388479	0.00886463	0.0219607	0.0273923	0.0152859	0.0522994	0.0350997	0.0518346	0.0702368	0.0188917	0.0132661	0.0466475	0.206101	0.15417	0.0643168	0.00457922	0.0405889
84	0.0344606	0.0100052	0.158242	0.0602574	0.0110443	0.0858733	0.0778676	0.00466395	0.0437736	0.0163187	0.00518815	0.183431	0.0137387	0.0787635	0.0444536	0.0825641	0.0522301	0.0158809	0.000881972	0.0203611
85	0.0214263	0.0734834	0.00627589	0.0191361	0.0187454	0.030796	0.137611	0.0147546	0.0342426	0.0420539	0.0127247	0.0190074	0.0112817	0.0427201	0.35346	0.0519685	0.0299344	0.0201661	0.0417669	0.0184442
86	0.0274144	0.0311241	0.00526261	0.0108016	0.0237702	0.0236551	0.0627518	0.0185758	0.121921	0.049507	0.00632846	0.0380768	0.00440864	0.0523403	0.0763607	0.180819	0.201767	0.027033	0.00217101	0.0359125
87	0.0289319	0.0271923	0.0174542	0.0203146	0.0504543	0.0251574	0.075022	0.0158161	0.0439869	0.039697	0.015787	0.0532584	0.0135816	0.300556	0.0908499	0.0557625	0.0339195	0.0238934	0.0060504	0.0623147
88	0.117765	0.0787952	0.0082444	0.0162742	0.0466143	0.0150874	0.0431422	0.018893	0.0417172	0.0280566	0.0120153	0.0221055	0.0106748	0.141906	0.0994945	0.0408617	0.0722913	0.0941882	0.0337583	0.0581146
89	0.0591093	0.0180962	0.00545367	0.0102544	0.0320489	0.00855176	0.00595015	0.245693	0.0129118	0.133345	0.0330201	0.0114953	0.00519256	0.00365838	0.00962655	0.0279201	0.0451697	0.31217	0.00314067	0.0171923
90	0.0332845	0.0368127	0.00751711	0.0519805	0.0150789	0.0399752	0.0429839	0.0697252	0.155481	0.0749092	0.0429416	0.0461452	0.0123652	0.0241553	0.107692	0.0565322	0.036831	0.1151	0.00459921	0.02589
91	0.0295007	0.020115	0.00519647	0.00747698	0.0575821	0.00882651	0.0157463	0.303601	0.00721268	0.191782	0.0280322	0.0181867	0.00373129	0.00248208	0.0061923	0.0180348	0.0222589	0.192799	0.00392963	0.0573134
92	0.0412634	0.0161792	0.117063	0.107148	0.0152137	0.0519375	0.0568402	0.0135389	0.0792281	0.0290291	0.00690432	0.13639	0.0172017	0.0689459	0.0622475	0.0896452	0.0563208	0.0186779	0.00156543	0.0146598
93	0.0726501	0.0507071	0.032289	0.0229639	0.0348264	0.181294	0.0185091	0.023746	0.0220965	0.0184756	0.0123013	0.0976983	0.0165168	0.0295059	0.0331537	0.256366	0.0367597	0.0173946	0.00374906	0.0189974
94	0.0993758	0.0568853	0.00630159	0.0583148	0.0261783	0.0125858	0.0523463	0.056361	0.0796109	0.0625874	0.0198034	0.0230731	0.0257827	0.0608678	0.0336011	0.105815	0.0885069	0.100127	0.00272044	0.0291551
95	0.0669862	0.0387347	0.0140577	0.0184189	0.0437818	0.0086798	0.0171631	0.0527136	0.117608	0.142067	0.0189936	0.036798	0.0187101	0.0418105	0.0688996	0.0900721	0.105726	0.0641284	0.00201218	0.0326388
96	0.0600718	0.0377521	0.0286737	0.0302339	0.0163991	0.0344994	0.0279095	0.0190286	0.0473456	0.0376941	0.0198654	0.0621627	0.0289403	0.027988	0.0379548	0.322716	0.0947791	0.0414562	0.00426235	0.0202674
97	0.0466213	0.0211769	0.126791	0.118316	0.0119099	0.0347932	0.0376777	0.0169614	0.0715589	0.0325941	0.00766928	0.104181	0.021701	0.0538296	0.0466569	0.139357	0.0684562	0.0232203	0.00117284	0.0153551
98	0.0563188	0.0170205	0.056578	0.0957341	0.0262627	0.0289542	0.0388267	0.0318824	0.0474494	0.0672136	0.00834357	0.0543265	0.096573	0.0314841	0.0574176	0.0965915	0.0752205	0.047938	0.0553636	0.0105013
99	0.0746782	0.0396623	0.00891039	0.0179322	0.0473474	0.00858365	0.0141858	0.0526888	0.126321	0.141721	0.0152426	0.0286629	0.0119579	0.0387053	0.0859245	0.086662	0.0849695	0.0783533	0.00203597	0.0354549
100	0.0538002	0.0171657	0.0711969	0.062255	0.0165212	0.0411599	0.0424809	0.0238851	0.0886157	0.0453782	0.00658324	0.0883845	0.0974089	0.0552962	0.0626587	0.104125	0.0777705	0.0260877	0.00918359	0.010043
101	0.0781993	0.0185445	0.00441598	0.0118831	0.0221959	0.00802488	0.00464195	0.219986	0.0206054	0.0837095	0.0412991	0.0115697	0.00401803	0.00381699	0.0110516	0.0347241	0.0753577	0.331508	0.00169091	0.0127574
102	0.0445225	0.0181144	0.0469242	0.02334	0.0142951	0.0298775	0.0178777	0.0430848	0.0811685	0.100605	0.0223981	0.0832329	0.059657	0.0234881	0.0585958	0.087952	0.189424	0.0368255	0.00461128	0.0140054
103	0.104519	0.0692305	0.0254927	0.0262832	0.0234744	0.066721	0.0187782	0.0170046	0.0251176	0.0246676	0.0186465	0.0863268	0.0193316	0.0235765	0.0258541	0.279265	0.0775777	0.0316028	0.00369044	0.0328406
104	0.0373492	0.021222	0.0100155	0.0431967	0.00881549	0.303596	0.0225652	0.0241681	0.0914282	0.0264818	0.0378105	0.0364638	0.0164199	0.0300697	0.112287	0.067319	0.0423251	0.049275	0.00668182	0.0125101
105	0.0996046	0.0280575	0.00547308	0.015554	0.0251045	0.0113532	0.00787137	0.182571	0.0215167	0.0737836	0.0362088	0.0135762	0.00782804	0.0083148	0.0162098	0.046034	0.0727073	0.310858	0.00272831	0.0146458
106	0.0639366	0.0211686	0.0307072	0.0295289	0.0154314	0.0296148	0.0312923	0.0258302	0.0458584	0.0591478	0.0136968	0.0545212	0.240793	0.0294325	0.0402246	0.134092	0.0770737	0.0386556	0.0062684	0.0127254
107	0.0378666	0.0260654	0.0290507	0.0312054	0.0215872	0.0273027	0.0462349	0.018431	0.0780972	0.0357045	0.0132275	0.055012	0.0149866	0.301276	0.0883846	0.0642068	0.0503671	0.0305172	0.00581225	0.0246641
108	0.0377088	0.0304236	0.0153008	0.0320567	0.025486	0.320181	0.0401079	0.0263686	0.0457092	0.0445203	0.0227514	0.0392862	0.017547	0.0283835	0.0846621	0.0672368	0.0383345	0.036052	0.0275506	0.0203332
109	0.0534239	0.0281249	0.0576182	0.0344067	0.0147765	0.0565772	0.0285154	0.0200219	0.0484604	0.0534552	0.0184307	0.0648506	0.0267997	0.0266465	0.0363208	0.210023	0.162629	0.0362068	0.00447357	0.0182379
110	0.0350673	0.0266892	0.00824118	0.0272113	0.0138476	0.0204862	0.0924284	0.0670242	0.157969	0.0586525	0.0224911	0.0400034	0.0159536	0.0535457	0.149104	0.0604256	0.0439538	0.0856111	0.00550215	0.0157925
111	0.0268897	0.0250783	0.0021982	0.00529093	0.0654977	0.00901042	0.0156577	0.11082	0.0107552	0.415579	0.0740541	0.00936952	0.0132189	0.00931782	0.0220911	0.0213341	0.033952	0.0868662	0.0144311	0.0285876
112	0.0733947	0.0348178	0.0326384	0.0471879	0.0241048	0.268301	0.0224746	0.0208121	0.0335456	0.0239442	0.0143025	0.0806158	0.0150381	0.0264972	0.0342856	0.162309	0.0411204	0.0209289	0.00652439	0.017157
113	0.0337656	0.0225141	0.00505008	0.00883725	0.0554368	0.0149882	0.0193659	0.0810885	0.0163551	0.223426	0.0569657	0.0158947	0.20172	0.0117432	0.0236058	0.0621079	0.0402066	0.0692994	0.0124649	0.0251647
114	0.0372237	0.0110028	0.00606149	0.00417892	0.0332047	0.00319542	0.00797579	0.310678	0.00606343	0.306235	0.0417514	0.0115809	0.00364254	0.00114354	0.00509422	0.0210598	0.0196902	0.148058	0.00572173	0.0164387
115	0.0298509	0.0254426	0.00250053	0.00524991	0.0772938	0.0111933	0.0128752	0.105226	0.0126017	0.387212	0.083167	0.00965964	0.0143473	0.00905282	0.0234595	0.0227058	0.0338484	0.0802412	0.0276054	0.026467
116	0.0320932	0.0299418	0.0134943	0.0150828	0.29451	0.0189204	0.0246679	0.0634126	0.0225541	0.111639	0.0411414	0.0248973	0.0161612	0.019606	0.0305377	0.0445449	0.0334941	0.0493788	0.0306225	0.0833004
117	0.0346494	0.0123242	0.00643673	0.00536533	0.0357904	0.00387933	0.00869846	0.292303	0.0101506	0.301937	0.0411839	0.0190116	0.00460888	0.00247464	0.00744725	0.026401	0.0211305	0.142186	0.00724638	0.0167755
118	0.0385092	0.01177	0.00612635	0.00485514	0.0348286	0.00432779	0.00801994	0.309389	0.00621071	0.296133	0.039571	0.0119655	0.00356749	0.00116961	0.00527523	0.020828	0.02045	0.152041	0.00560706	0.0193544
119	0.0227111	0.0315997	0.0167363	0.00711253	0.221323	0.0262561	0.0490766	0.0472282	0.00835044	0.0915706	0.0463749	0.022777	0.0101456	0.0230266	0.0203007	0.040255	0.0163775	0.0393332	0.00799718	0.251448
120	0.0844604	0.0229929	0.00371643	0.0130437	0.019836	0.0103335	0.00546499	0.256521	0.0212713	0.0767659	0.0465896	0.0150513	0.00549566	0.00452724	0.0137689	0.0368916	0.0869772	0.261852	0.00256575	0.0118743
121	0.0751179	0.0156865	0.140547	0.0592118	0.0115932	0.0388908	0.0441668	0.0134815	0.0477661	0.0273559	0.00876677	0.193033	0.0217273	0.0484452	0.0418867	0.0951812	0.0711657	0.0258779	0.00258305	0.0175155
122	0.0330792	0.0119978	0.28073	0.0422699	0.00764942	0.0524729	0.0521921	0.00694709	0.049587	0.0204312	0.00603358	0.146078	0.0129686	0.0495592	0.0375937	0.0948002	0.0585692	0.0170482	0.00126223	0.0187307
123	0.0395978	0.011705	0.00593891	0.00432942	0.0325881	0.00333686	0.00806823	0.307177	0.00643552	0.303382	0.0422668	0.0116557	0.00375078	0.00133415	0.00545508	0.0217195	0.0217023	0.147433	0.00587839	0.0162455
124	0.0551037	0.0210781	0.0677076	0.0810099	0.0156301	0.0503337	0.0410642	0.0231765	0.0715227	0.0599326	0.00708033	0.0827563	0.0896305	0.0527513	0.0563072	0.0957376	0.0752041	0.0345318	0.00829653	0.0111452
125	0.0494136	0.0188206	0.114604	0.133933	0.0130701	0.0302388	0.0323938	0.0219053	0.0884978	0.0413244	0.0087936	0.0950819	0.0198679	0.0557833	0.0558916	0.107882	0.0695942	0.0277673	0.00141892	0.0137184
126	0.0418703	0.0741166	0.0342409	0.0585319	0.0136783	0.0464306	0.0147518	0.0424996	0.048733	0.0530008	0.0394414	0.0819196	0.00603289	0.011473	0.0177029	0.182556	0.0887502	0.0992385	0.0140973	0.0309349
127	0.0326621	0.0116245	0.00596504	0.00757229	0.0372074	0.00488476	0.0069859	0.324827	0.00650203	0.24407	0.0417012	0.0126961	0.00364188	0.00154623	0.00506363	0.0270626	0.0225489	0.178089	0.00644301	0.0189077
128	0.0471969	0.0191756	0.120304	0.129316	0.0115006	0.0326266	0.0316768	0.0195278	0.0874782	0.0363789	0.00833773	0.0960432	0.0197073	0.0541629	0.0552893	0.123905	0.0690874	0.0243163	0.00114795	0.0128216
129	0.0717305	0.0784046	0.0325277	0.0314753	0.0165995	0.0301847	0.0191773	0.019066	0.0289398	0.0417893	0.019503	0.0754513	0.0135431	0.0188518	0.0187364	0.315608	0.0755249	0.0698657	0.00427094	0.0187502
130	0.0477763	0.0244243	0.0144396	0.051468	0.00720794	0.0192246	0.0321082	0.0212563	0.107978	0.0232842	0.0656477	0.0829083	0.0495827	0.018923	0.0825316	0.158185	0.108979	0.0495349	0.00744842	0.0270932
131	0.0505145	0.0392857	0.00349114	0.0268872	0.055171	0.0119761	0.0237787	0.118095	0.028552	0.155563	0.0366831	0.0242972	0.0193291	0.0296741	0.0362929	0.0468714	0.0893201	0.153319	0.011731	0.0391683
132	0.0310432	0.0810313	0.00692979	0.0156396	0.0243881	0.0404135	0.0180105	0.08372	0.0445888	0.101659	0.0432504	0.0199121	0.0270593	0.0150798	0.0958077	0.10267	0.0453087	0.143679	0.0366462	0.0231626
133	0.0509455	0.0487196	0.0089332	0.0417104	0.0673834	0.0166934	0.0169967	0.0557741	0.129279	0.194667	0.0577171	0.0233991	0.0107528	0.0357684	0.0370331	0.0512201	0.064307	0.0550617	0.00644962	0.0271894
134	0.0176451	0.0529309	0.0244208	0.0107928	0.167999	0.013746	0.0462554	0.0550611	0.00730101	0.0830214	0.0204235	0.0336085	0.0068214	0.0130815	0.0136266	0.0304423	0.021405	0.0269189	0.00520505	0.349294
135	0.16455	0.0424226	0.00969235	0.0457891	0.0317997	0.0162678	0.0167142	0.0838751	0.0320828	0.0495304	0.0220526	0.0249478	0.0140247	0.020514	0.0261038	0.0941982	0.0696739	0.207867	0.00454139	0.0233529
136	0.0305151	0.0144139	0.298679	0.0456384	0.0221644	0.0497909	0.055861	0.0135538	0.0371437	0.0298621	0.0083747	0.110402	0.012169	0.0464022	0.0360884	0.0785587	0.0480168	0.0203665	0.0022051	0.0397942
137	0.0327674	0.012646	0.298547	0.0535723	0.00911288	0.0440785	0.0483117	0.0117106	0.0464956	0.0255211	0.0061661	0.118577	0.0188411	0.0459983	0.0377097	0.0979289	0.0523676	0.0180978	0.00175209	0.0197984
138	0.0882413	0.0682831	0.00522879	0.012217	0.027926	0.0140452	0.0106732	0.146379	0.0192532	0.124753	0.0805268	0.0153674	0.0088596	0.00867672	0.0199464	0.0665472	0.133772	0.125411	0.00678195	0.0171112
139	0.0434187	0.0326895	0.0271169	0.0621887	0.0239596	0.0195298	0.0216422	0.0569645	0.116362	0.108136	0.0181194	0.0546165	0.0196656	0.0333414	0.065327	0.103117	0.0971016	0.072515	0.00353033	0.0206579
140	0.0348887	0.0123037	0.0058224	0.00426828	0.0367685	0.00357309	0.00779065	0.302	0.00689902	0.307131	0.0471298	0.011312	0.00466102	0.00150961	0.00566011	0.0202179	0.0192996	0.145822	0.00626376	0.0166784
141	0.0285976	0.0253624	0.0118767	0.00641232	0.212272	0.0303652	0.0406358	0.0531336	0.00921805	0.109216	0.0574947	0.0194811	0.0112724	0.0253548	0.023062	0.0412248	0.0185846	0.0541239	0.010772	0.21154
142	0.051992	0.0300132	0.0196889	0.0439161	0.0123452	0.0737121	0.0293082	0.0217963	0.168025	0.0543897	0.0247249	0.0621037	0.0132835	0.0323809	0.128551	0.11334	0.0546801	0.0500447	0.00349286	0.0122118
143	0.0920666	0.0621209	0.00503609	0.0739778	0.0129519	0.0134447	0.0138874	0.156358	0.0645286	0.0462773	0.0147669	0.0248919	0.0494942	0.0203295	0.0382396	0.0786609	0.0741532	0.141659	0.00273934	0.0144155
144	0.0620522	0.049946	0.00492382	0.0222271	0.0248011	0.035093	0.00828774	0.252622	0.0192911	0.0730133	0.0189813	0.0114138	0.0171786	0.00840392	0.0349337	0.049294	0.0578037	0.226358	0.0046059	0.0187696
145	0.0513331	0.0167623	0.0766307	0.0648685	0.015487	0.0411912	0.0397893	0.0218994	0.0972088	0.0428791	0.00696023	0.0955429	0.0853877	0.0560574	0.0649746	0.102475	0.0781091	0.0243476	0.00760463	0.0104913
146	0.086708	0.0552265	0.0283388	0.0203578	0.0125916	0.0509405	0.0167486	0.00828371	0.0273287	0.0168994	0.0227583	0.0949528	0.035321	0.0174052	0.0281801	0.3384	0.0916926	0.0250573	0.00181616	0.020993
147	0.0460908	0.0173413	0.0890528	0.104785	0.0153976	0.0362944	0.03372	0.0292583	0.0805486	0.0514255	0.00774647	0.0907446	0.0575208	0.0485421	0.0542122	0.105016	0.0805705	0.0345649	0.00542579	0.0117424
148	0.049493	0.0180822	0.117747	0.135171	0.0120666	0.0312869	0.033984	0.020344	0.0875265	0.0384189	0.00815654	0.0998622	0.0187253	0.0584722	0.0567328	0.106578	0.0675425	0.0254974	0.00120649	0.0131056
149	0.0488806	0.0161296	0.114621	0.0884578	0.0136439	0.0538475	0.0432217	0.0228294	0.0744697	0.0445447	0.0070672	0.0979109	0.0552918	0.0601754	0.0580696	0.0957787	0.0646102	0.0234103	0.00501616	0.0120238
150	0.0776497	0.128242	0.0178056	0.0434796	0.0139902	0.0538336	0.0263278	0.0461127	0.0401608	0.0348873	0.0137057	0.0494184	0.0595214	0.0685262	0.0564822	0.0784566	0.0982941	0.0727294	0.00542625	0.0149497
151	0.0482091	0.0179123	0.113696	0.138537	0.0113439	0.0299528	0.0301257	0.0212071	0.0877238	0.036803	0.00888612	0.100584	0.020503	0.0558756	0.058551	0.113454	0.0674494	0.0246025	0.00115723	0.0134265
152	0.0641835	0.0215204	0.097515	0.093111	0.0135835	0.0272867	0.0496964	0.0187213	0.0488238	0.0402016	0.0121433	0.0892694	0.0131307	0.0718377	0.0432976	0.0873931	0.0896429	0.0756346	0.00243636	0.0405712
153	0.0270218	0.0251419	0.002295	0.00514849	0.0661067	0.00932173	0.0132393	0.111627	0.0113448	0.420698	0.0706483	0.00883106	0.0137851	0.0091552	0.0243298	0.0214506	0.0297673	0.0907703	0.0136658	0.025652
154	0.0375306	0.00908221	0.210968	0.0442101	0.00729593	0.0512494	0.0697138	0.00497916	0.0263212	0.0159391	0.00450944	0.202322	0.0104142	0.0629954	0.0357002	0.0908877	0.0737435	0.0197538	0.00110689	0.0212771
155	0.0329718	0.0264264	0.0634178	0.0484757	0.00763925	0.0511554	0.0135548	0.0135525	0.200834	0.0310249	0.0115954	0.131005	0.00971319	0.0495262	0.0927236	0.105705	0.0801704	0.0182482	0.00103637	0.0112241
156	0.0325926	0.0130703	0.00527936	0.00471851	0.0431305	0.00493935	0.00777482	0.286941	0.00677021	0.308768	0.0436767	0.0108334	0.00524953	0.00196485	0.00655725	0.0199181	0.0203359	0.15243	0.00669259	0.0183574
157	0.0789831	0.0289349	0.0150612	0.0772338	0.0301263	0.0222029	0.0215566	0.0438898	0.0289701	0.0909699	0.0160642	0.0429804	0.0115485	0.058734	0.0227305	0.131613	0.101377	0.125152	0.00498801	0.0468835
158	0.0493853	0.0184224	0.116477	0.136737	0.0122832	0.0300538	0.0320218	0.0212908	0.0898256	0.0397931	0.00832882	0.0965812	0.0186141	0.0568646	0.0566961	0.107524	0.068515	0.026243	0.00118634	0.0131573
159	0.0271421	0.0351652	0.00457996	0.0109514	0.100052	0.0187856	0.0198455	0.0626853	0.0155042	0.168433	0.0515331	0.0185727	0.019779	0.0140468	0.0460143	0.0410115	0.0458383	0.0601085	0.211695	0.0282558
160	0.146697	0.118099	0.0143631	0.0360292	0.044573	0.0529915	0.0149835	0.0137759	0.0149701	0.0205403	0.0216323	0.065041	0.0109692	0.0288293	0.0175336	0.289088	0.0405481	0.0256067	0.00365522	0.0200747
161	0.0482473	0.0182838	0.113485	0.13645	0.0116957	0.0292573	0.0323033	0.0228571	0.0907435	0.0390659	0.0082024	0.0948767	0.0185341	0.0561272	0.0589872	0.108226	0.0723223	0.0258729	0.00117494	0.0132878
162	0.0478051	0.0186593	0.11146	0.135738	0.0115291	0.0288032	0.0320634	0.0238497	0.0908464	0.039704	0.00828022	0.0927062	0.0184327	0.0562224	0.0606778	0.108835	0.0737609	0.0261132	0.00131248	0.0132015
163	0.0366239	0.0250537	0.0114681	0.0203491	0.0820185	0.0247363	0.0189899	0.0614038	0.0251917	0.0927647	0.0255323	0.0933649	0.0247832	0.0189158	0.0367884	0.0708906	0.0738043	0.0485154	0.187667	0.0211386
164	0.0264349	0.0177073	0.0843241	0.0285527	0.0135349	0.0878576	0.0265703	0.0151604	0.106117	0.105731	0.0253215	0.132984	0.0108194	0.0854803	0.0751652	0.0615082	0.0438003	0.0209591	0.00322869	0.0287428
165	0.0304041	0.0162315	0.00442501	0.00500007	0.0505514	0.00654739	0.00899848	0.22272	0.00911063	0.302449	0.105568	0.00980338	0.00817433	0.00479749	0.0118605	0.0213968	0.0239524	0.128508	0.00981391	0.0196868
166	0.0330993	0.0238105	0.0080599	0.0381853	0.00594518	0.021173	0.0346704	0.0232169	0.230533	0.018607	0.027363	0.0492533	0.0264671	0.0506457	0.207277	0.0953191	0.0540621	0.0366183	0.00480279	0.0108911
167	0.0322556	0.0311918	0.00181579	0.00476286	0.0898084	0.0133697	0.0110805	0.0948639	0.0127489	0.379778	0.0813503	0.0087029	0.0191974	0.00946153	0.0231654	0.0229823	0.0321074	0.0818202	0.0175267	0.0320102
168	0.0339453	0.020215	0.0558833	0.0418697	0.0150077	0.0408686	0.101694	0.01615	0.112479	0.0326228	0.0123808	0.146002	0.018355	0.05178	0.0697988	0.11434	0.0640601	0.026114	0.00440844	0.0220251
169	0.0708043	0.0361573	0.00619995	0.0499865	0.01816	0.0116763	0.0190813	0.0970148	0.0722281	0.0765754	0.0250388	0.0256767	0.0739573	0.0403342	0.0662365	0.0798606	0.0840311	0.118207	0.00398237	0.0247918
170	0.0478688	0.0173262	0.129721	0.128603	0.0111519	0.0345182	0.0375976	0.0178349	0.0837707	0.0333939	0.00889303	0.0977901	0.0182411	0.0556348	0.052271	0.120995	0.0677812	0.0224868	0.00112073	0.0129989
171	0.0358199	0.0215875	0.0612928	0.0566853	0.0101406	0.0518065	0.0233401	0.0149609	0.222972	0.0308433	0.0134161	0.110248	0.0168288	0.0461695	0.0762252	0.0954367	0.0734446	0.024562	0.00259932	0.0116206
172	0.0728568	0.172512	0.0149279	0.025114	0.0497546	0.0333332	0.0249343	0.0344032	0.034631	0.042037	0.0196292	0.046592	0.014463	0.0253778	0.0333613	0.186974	0.0868644	0.0497603	0.00549279	0.0269808
173	0.0236214	0.0514575	0.00519571	0.0208265	0.01061	0.0139453	0.0407897	0.0110826	0.28589	0.0248042	0.00661851	0.0573252	0.00597275	0.0576261	0.233048	0.0548678	0.0449108	0.0191707	0.00697437	0.0252632
174	0.063862	0.0218696	0.0044601	0.0146623	0.0311031	0.00960251	0.00654005	0.231835	0.0129871	0.110483	0.0302445	0.012341	0.00610757	0.00537251	0.0101484	0.0356047	0.0633629	0.306501	0.0025526	0.0203598
175	0.0316149	0.0127426	0.00531346	0.00501438	0.0427042	0.00509633	0.00774848	0.265986	0.0082821	0.275494	0.105178	0.01064	0.00521413	0.0027336	0.00699083	0.0199738	0.0207113	0.146027	0.00678343	0.0157511
176	0.0231003	0.020445	0.0262088	0.0242195	0.0156462	0.0256826	0.109135	0.0144128	0.0574471	0.0406325	0.0086456	0.0794853	0.00894703	0.0743717	0.10995	0.151835	0.146089	0.0343857	0.00341466	0.025945
177	0.0247688	0.0304604	0.00821774	0.0096191	0.0899377	0.0113109	0.0264662	0.245978	0.00865791	0.155933	0.025069	0.0248529	0.00475621	0.00604121	0.00955974	0.0202717	0.0265998	0.152812	0.00468819	0.114
178	0.0199761	0.0306363	0.00437397	0.01137	0.0217848	0.0345283	0.0755559	0.0177459	0.1016	0.0480505	0.00600608	0.0378639	0.00359677	0.0395617	0.0939172	0.194177	0.19261	0.0218948	0.00197901	0.0427717
179	0.0219747	0.0322952	0.00953528	0.0228504	0.0302684	0.0292372	0.052255	0.0293095	0.237753	0.0505911	0.010864	0.0599273	0.00607092	0.0472176	0.209384	0.0528484	0.0334206	0.038126	0.00661445	0.0194571
180	0.0325506	0.0212665	0.0692369	0.0430925	0.00772567	0.0580648	0.0154434	0.0135414	0.186449	0.0331887	0.0146603	0.13279	0.0202948	0.0477319	0.082335	0.116478	0.0745115	0.0213713	0.00150079	0.0077663
181	0.0240776	0.0393317	0.00481174	0.0176505	0.0103375	0.0159278	0.0361803	0.0117431	0.2737	0.0247228	0.0101845	0.0567268	0.0074882	0.0463086	0.270275	0.0615596	0.042787	0.0209635	0.00746325	0.0177609
182	0.0512449	0.017102	0.0693819	0.053155	0.0153097	0.0438522	0.0373298	0.020008	0.110962	0.0406083	0.00810195	0.0979884	0.0839051	0.0560857	0.0701069	0.106319	0.0780764	0.0234366	0.00742786	0.00959832
183	0.0520421	0.0175338	0.0781837	0.0667414	0.0170645	0.0412519	0.0425887	0.0220651	0.0910534	0.044478	0.00624869	0.0956862	0.0847543	0.0570489	0.0615235	0.101555	0.0763331	0.0255979	0.00793832	0.0103116
184	0.0243713	0.0705985	0.0118802	0.0367018	0.0965453	0.0179292	0.0906694	0.025063	0.0196613	0.119713	0.0188443	0.0235458	0.0622635	0.0487986	0.107357	0.0407939	0.0508367	0.0281762	0.0109048	0.0953463
185	0.0379154	0.0482716	0.0778241	0.0283315	0.0138593	0.0256291	0.0237944	0.035041	0.0827216	0.0665979	0.0106435	0.0526611	0.119155	0.0266597	0.0781366	0.137423	0.0819584	0.0235525	0.00607451	0.0237507
186	0.0195168	0.0553996	0.02229	0.011602	0.148416	0.0141997	0.0492032	0.0909699	0.0075025	0.0985388	0.0207096	0.0358547	0.00643117	0.0119177	0.0130775	0.0304609	0.026186	0.0498663	0.00450384	0.283354
187	0.0187443	0.0299584	0.00373001	0.0120038	0.023947	0.0278275	0.0772352	0.0180727	0.107943	0.0485243	0.00502453	0.0377078	0.00299089	0.0425354	0.0952921	0.191516	0.19204	0.0215425	0.00193787	0.0414269
188	0.054447	0.0180969	0.0670268	0.0583688	0.0172542	0.040758	0.0430495	0.0251263	0.0856519	0.0454173	0.00704253	0.0875048	0.0993466	0.0566319	0.0626919	0.106932	0.0775831	0.0268822	0.0100685	0.0101196
189	0.0346949	0.0135158	0.00567466	0.0044584	0.0346597	0.00419361	0.00803816	0.286313	0.00635955	0.33067	0.0404328	0.0114359	0.00468112	0.00162496	0.006467	0.0198296	0.0197319	0.145196	0.00542332	0.0166006
190	0.0487867	0.0178305	0.114292	0.142081	0.0115029	0.0294207	0.0308373	0.0217702	0.0855363	0.0376568	0.00872445	0.0973379	0.0206492	0.0558759	0.0579236	0.112203	0.0674008	0.0252467	0.0011758	0.0137484
191	0.0578996	0.0291279	0.00434873	0.0468441	0.00511266	0.0259217	0.0332567	0.0338927	0.162877	0.0213425	0.0422616	0.0374721	0.0365191	0.0604085	0.154084	0.101127	0.0671138	0.0674004	0.00369187	0.00929773
192	0.0745292	0.0598848	0.0130829	0.0207108	0.0142991	0.0202881	0.0192694	0.0224696	0.0595347	0.0316579	0.0181605	0.0595647	0.0112146	0.0318355	0.0272566	0.168853	0.14086	0.183742	0.00319705	0.0195898
193	0.0834899	0.0607887	0.0319294	0.0492045	0.0218554	0.0300791	0.0323755	0.0181956	0.0340041	0.0438205	0.0168437	0.06991	0.0141261	0.0317712	0.0193155	0.276289	0.0652511	0.0780087	0.00298401	0.0197582
194	0.0584769	0.0442848	0.00775187	0.0462382	0.0256597	0.0112282	0.0612473	0.112459	0.0398632	0.075737	0.0209324	0.0254601	0.0120055	0.0369945	0.0263426	0.062815	0.123963	0.13111	0.00424282	0.0731884
195	0.0438631	0.0360539	0.00808382	0.019843	0.00928146	0.0194156	0.021604	0.0341554	0.251856	0.0327383	0.0404357	0.0348227	0.0385375	0.0303119	0.146062	0.0682097	0.110091	0.0371731	0.00376884	0.0136929
196	0.0214448	0.0550298	0.0293205	0.0129794	0.133157	0.0134033	0.0465969	0.091107	0.00932956	0.105762	0.0215014	0.0369916	0.00594758	0.0118045	0.0137868	0.033356	0.0302265	0.0391507	0.00458458	0.28452
197	0.0277518	0.0328199	0.00831932	0.0158681	0.0706724	0.015508	0.0448951	0.0600644	0.0242461	0.349411	0.0508473	0.0192474	0.0159688	0.0221127	0.0540078	0.0400193	0.0400612	0.0585846	0.0134512	0.0361433
