377	20
1	0.0293575	0.0047944	0.000517451	0.00217192	0.076355	0.000820399	0.00437894	0.169456	0.0152705	0.368398	0.105305	0.00297482	0.00429033	0.0015094	0.0223586	0.0160935	0.00917123	0.158331	0.00321839	0.00522676
2	0.148703	0.00728025	0.0273126	0.0470676	0.00356245	0.0138465	0.0086365	0.00935295	0.0927534	0.0253019	0.0840094	0.0568941	0.0525172	0.0148351	0.0688632	0.10454	0.202291	0.0277872	0.000956992	0.00348836
3	0.0401759	0.00427328	0.270856	0.407514	0.00151172	0.0302989	0.0122966	0.000974435	0.0381256	0.00247434	0.00385641	0.0534046	0.00229021	0.0539835	0.0190347	0.0230576	0.0194461	0.0125436	0.000284385	0.00359841
4	0.0169164	0.00178781	0.00136328	0.0120844	0.00341395	0.0196629	0.00408042	0.0072954	0.386537	0.0135334	0.0210701	0.0376056	0.00114508	0.0231375	0.390795	0.0108589	0.0401529	0.00179458	0.00371743	0.00304806
5	0.0281052	0.00531166	0.000478046	0.00196582	0.0750504	0.000717638	0.0046794	0.169877	0.0111832	0.382724	0.100691	0.00273469	0.00312522	0.00142499	0.0185326	0.0146039	0.00780907	0.162937	0.00323719	0.0048113
6	0.116637	0.0129888	0.0157292	0.0398658	0.0230264	0.0246197	0.0231128	0.0913252	0.0449529	0.105011	0.0585328	0.0224507	0.0053004	0.0309184	0.0591348	0.108389	0.0994674	0.10727	0.00235849	0.00890906
7	0.00584858	0.0170818	0.0237712	0.0369144	0.00901426	0.0152589	0.0614965	0.0106691	0.176502	0.0612246	0.0181221	0.0210541	0.00297582	0.181902	0.25403	0.0220385	0.0221897	0.0228062	0.0181579	0.0189417
8	0.326506	0.0052128	0.00770268	0.0127012	0.00809425	0.0134963	0.0030605	0.106107	0.00435086	0.0550015	0.0138207	0.00478354	0.00914332	0.00387338	0.00693222	0.0430669	0.0658847	0.305388	0.00229142	0.0025821
9	0.0291127	0.00371194	0.000738134	0.0033042	0.0439157	0.00272973	0.0027387	0.246178	0.00559175	0.236439	0.0696604	0.00284206	0.00168387	0.00192172	0.0115124	0.00759422	0.0157769	0.309859	0.00179183	0.00289916
10	0.0632273	0.00938716	0.0748818	0.0708705	0.00907157	0.0702304	0.0172772	0.0171197	0.109359	0.0459402	0.0291589	0.0526655	0.0302927	0.0442598	0.143092	0.134573	0.0348682	0.0286375	0.00074667	0.0143419
11	0.0303464	0.00494204	0.000491375	0.00225111	0.0756695	0.000770709	0.00446641	0.1692	0.0139396	0.368236	0.103042	0.00277195	0.00369254	0.00143566	0.0217297	0.0166825	0.00903221	0.163005	0.0032284	0.00506702
12	0.0371516	0.00840814	0.00619177	0.00957749	0.0664622	0.0065754	0.00929616	0.140754	0.021711	0.351632	0.0748677	0.00890295	0.013788	0.0127565	0.0305828	0.0315932	0.0177455	0.136549	0.00358212	0.0118716
13	0.294775	0.00184843	0.0040375	0.0156576	0.00357885	0.00737505	0.00179868	0.113783	0.00254709	0.0691458	0.00744332	0.00250369	0.00846153	0.00226092	0.00378037	0.0273766	0.0904117	0.340728	0.000829959	0.00165684
14	0.0394867	0.0185232	0.0567476	0.090784	0.00905163	0.0329156	0.0655855	0.0168885	0.098778	0.0421633	0.0170707	0.0404008	0.0362837	0.192847	0.105453	0.0610001	0.0331395	0.0223434	0.00541621	0.0151215
15	0.0292366	0.00355841	0.000743435	0.00321154	0.0444202	0.00289253	0.00270426	0.247174	0.00531659	0.231337	0.0688219	0.00280465	0.00156807	0.00178048	0.01109	0.00736116	0.0147313	0.316788	0.00169239	0.00276812
16	0.0668433	0.0248004	0.0197422	0.0273663	0.0249867	0.0261142	0.0291045	0.0298688	0.0570696	0.0929964	0.0329911	0.0253961	0.011936	0.0434226	0.0699901	0.0577738	0.0317977	0.037164	0.269409	0.0212267
17	0.0327144	0.00315125	0.000832016	0.00385391	0.035095	0.00356849	0.0018379	0.265056	0.00460692	0.169927	0.0620974	0.00266786	0.00143259	0.00207977	0.0114845	0.00616211	0.0189944	0.370399	0.0013489	0.00269043
18	0.0904708	0.0088317	0.0188232	0.0174942	0.00673295	0.0110993	0.0133873	0.0189008	0.0161671	0.0849624	0.0174638	0.0145048	0.430615	0.0553257	0.0276416	0.105625	0.0301043	0.0165165	0.00212755	0.0132056
19	0.031192	0.00221984	0.000915652	0.00497357	0.0152633	0.00517564	0.000597597	0.331807	0.0008429	0.0662804	0.039405	0.00298034	0.000426802	0.00239079	0.00559351	0.00125088	0.0248904	0.462617	0.00016797	0.00100874
20	0.0331367	0.00382566	0.00080249	0.00319527	0.049926	0.00239492	0.00280825	0.224444	0.00689833	0.244396	0.0761935	0.00248769	0.00192326	0.00163774	0.013715	0.00913633	0.0137296	0.302966	0.00220027	0.00418303
21	0.0497681	0.0134685	0.0114798	0.0251402	0.0314483	0.0149371	0.0365376	0.0979749	0.0384256	0.255483	0.0452314	0.0219541	0.0115232	0.0677818	0.0537348	0.0553824	0.0356158	0.111058	0.00778008	0.0152751
22	0.14035	0.0107409	0.00359596	0.00596557	0.00408159	0.0124648	0.00544252	0.00917651	0.00661524	0.0116198	0.00949992	0.0153872	0.0222657	0.0065635	0.0164685	0.442744	0.25911	0.0135485	0.00116953	0.00318967
23	0.163415	0.0169818	0.0330197	0.0359312	0.00950886	0.0392213	0.0234786	0.0312835	0.0508959	0.0445777	0.0289641	0.0392357	0.0198875	0.0610656	0.0615911	0.127157	0.145462	0.0567544	0.00348285	0.00808664
24	0.0702808	0.120633	0.0388615	0.0372072	0.0646892	0.0196335	0.0344828	0.0346533	0.0208209	0.0687632	0.00950478	0.0214678	0.0102402	0.0180073	0.0485679	0.229604	0.0431696	0.0258736	0.0153058	0.0682329
25	0.0391729	0.00569154	0.358425	0.221975	0.00207377	0.0450014	0.0204901	0.000787592	0.0414215	0.00263438	0.00524878	0.0857933	0.00337448	0.0547023	0.0215484	0.0381382	0.0268491	0.0205167	0.00016117	0.00599463
26	0.0144411	0.0177181	0.0487986	0.0436834	0.0241241	0.0279328	0.190917	0.0138964	0.0697345	0.0929764	0.0118968	0.0348001	0.00913179	0.127185	0.078091	0.0387238	0.0152169	0.0222158	0.00964297	0.108874
27	0.110698	0.00435684	0.0184287	0.00598573	0.00409285	0.00538218	0.00486266	0.0158427	0.00699899	0.105341	0.015251	0.0059213	0.480498	0.0574639	0.0167216	0.102886	0.0136228	0.0112169	0.00279163	0.0116375
28	0.00658176	0.04025	0.00227659	0.00293761	0.381258	0.00344365	0.0533416	0.0203174	0.00544641	0.0882798	0.00184311	0.00293273	0.00142767	0.00650792	0.00694557	0.02819	0.00433522	0.0073283	0.000762494	0.335594
29	0.0474903	0.00822107	0.00196098	0.00344773	0.0921875	0.00257074	0.00628229	0.132125	0.0106288	0.373054	0.07455	0.00436402	0.00352145	0.00648774	0.0168974	0.046457	0.0159572	0.130203	0.0136723	0.00992053
30	0.0273228	0.00563006	0.000500929	0.00199166	0.076825	0.000802567	0.00537336	0.168477	0.01024	0.386388	0.0972063	0.00281778	0.0028969	0.00186823	0.0176328	0.0145848	0.00742213	0.163107	0.00336719	0.00554559
31	0.0348479	0.00440021	0.0438833	0.0345338	0.00317838	0.0825419	0.018531	0.0226662	0.166643	0.0239148	0.0288042	0.0949925	0.0127255	0.0441618	0.179531	0.142499	0.0323924	0.0237123	0.000429496	0.00561192
32	0.0262843	0.0108245	0.00169856	0.00366868	0.142494	0.00299074	0.00986505	0.12995	0.0110618	0.365183	0.0733303	0.00395395	0.00334569	0.00510136	0.0187264	0.0219549	0.00913058	0.117189	0.00460377	0.0386441
33	0.106461	0.00838109	0.00865757	0.0475275	0.0195853	0.0162403	0.0364807	0.101895	0.0623749	0.107251	0.0590029	0.0234724	0.00208207	0.0471546	0.0672393	0.0809963	0.0853148	0.110218	0.00145759	0.00820776
34	0.0289398	0.00945116	0.0424528	0.0469119	0.00391869	0.0881981	0.0345741	0.0156367	0.164174	0.0364141	0.0170188	0.0888717	0.0112535	0.0818508	0.162792	0.125655	0.0181311	0.0149473	0.000658583	0.00815034
35	0.00752693	0.0339436	0.00213932	0.00294064	0.412335	0.00377786	0.0447933	0.0254913	0.00510406	0.101998	0.00274118	0.00294449	0.00145851	0.00573812	0.0063702	0.0267355	0.00406129	0.00831682	0.000735903	0.300848
36	0.0365736	0.0160004	0.017366	0.0257843	0.0311689	0.0228461	0.0289614	0.0638252	0.110434	0.161653	0.0440292	0.0284465	0.0162568	0.056713	0.165721	0.0524946	0.0325126	0.0666113	0.00761595	0.014986
37	0.0405996	0.00586529	0.341455	0.22078	0.00234423	0.0424556	0.0221175	0.00161358	0.0443302	0.00334811	0.0073011	0.0846219	0.00428745	0.0549384	0.0231598	0.0390773	0.0349335	0.0207758	0.000168246	0.00582717
38	0.292294	0.00182856	0.00391629	0.0165618	0.00293001	0.00766844	0.00182066	0.11937	0.00254695	0.0652192	0.00563434	0.00254725	0.00857789	0.00230198	0.00356166	0.0267609	0.0951952	0.33896	0.000831094	0.00147334
39	0.111799	0.0248318	0.0132068	0.0145925	0.00742468	0.0244729	0.0118864	0.0228074	0.0190203	0.0277317	0.022192	0.0352661	0.0205897	0.0140396	0.0393753	0.335877	0.216505	0.030304	0.00244378	0.00563434
40	0.104877	0.00808519	0.00911371	0.0490522	0.0188055	0.0165146	0.0339342	0.101402	0.0625667	0.106639	0.060136	0.0229352	0.00224358	0.0453126	0.0685856	0.079173	0.0893746	0.112444	0.00121561	0.00758999
41	0.136079	0.00836023	0.0284472	0.0113706	0.00407338	0.0405317	0.0466965	0.00881138	0.127227	0.0262307	0.0247713	0.104648	0.0079886	0.0517492	0.102034	0.0753663	0.180648	0.00980278	0.00163154	0.00353225
42	0.102909	0.00774547	0.00772927	0.0461856	0.0197417	0.0146352	0.0416713	0.104464	0.0643815	0.106955	0.0587256	0.0240921	0.00195855	0.0529812	0.0672658	0.0767942	0.0829861	0.109883	0.00112295	0.00777222
43	0.02164	0.0276029	0.00482652	0.00722203	0.348489	0.00871342	0.0306451	0.0635736	0.0103682	0.163959	0.0249791	0.00702524	0.00393342	0.00940337	0.0161644	0.038125	0.0117076	0.048817	0.00233258	0.150473
44	0.119442	0.00344029	0.0190384	0.00425514	0.00286878	0.00389373	0.00418834	0.016136	0.00576791	0.110592	0.0151229	0.00459501	0.470046	0.0675705	0.0155078	0.104747	0.0100299	0.00799805	0.00121194	0.0135478
45	0.336799	0.00186393	0.0043652	0.0187547	0.00173566	0.00828529	0.00206353	0.086835	0.00288177	0.0657608	0.00195579	0.00253885	0.0102177	0.0023459	0.00330102	0.0324553	0.112144	0.303183	0.000929811	0.00158298
46	0.0382722	0.00587014	0.350652	0.22309	0.0021694	0.0440166	0.0218457	0.000780878	0.0444404	0.00247283	0.00562628	0.0836567	0.00354751	0.0568449	0.0232514	0.0376093	0.0291756	0.0209104	0.000143446	0.00562412
47	0.0339662	0.025196	0.0745387	0.0983954	0.0163722	0.254754	0.0332169	0.0113627	0.0714983	0.0190292	0.0106837	0.0466792	0.0125416	0.0438659	0.108223	0.0905169	0.0194883	0.015388	0.00225217	0.0120323
48	0.027471	0.00499328	0.000552103	0.0021252	0.0743107	0.000798232	0.0044378	0.160657	0.0113686	0.405077	0.0980171	0.00269491	0.00327237	0.00149525	0.018648	0.014625	0.00799337	0.153275	0.0032325	0.004956
49	0.0879396	0.010716	0.0240957	0.0197266	0.0075252	0.0141963	0.0141761	0.0165202	0.020645	0.0808048	0.0164595	0.0160899	0.428264	0.0515124	0.0329162	0.102853	0.0246775	0.0172149	0.00173914	0.0119271
50	0.397011	0.0188586	0.0306383	0.0259969	0.00569012	0.151378	0.00708266	0.0134671	0.0127664	0.0240407	0.00963786	0.0155029	0.00786876	0.0127843	0.0267947	0.115527	0.064964	0.0481466	0.00619286	0.0056506
51	0.0304451	0.0200824	0.0256738	0.0338766	0.0128161	0.0507448	0.0357236	0.0200266	0.196439	0.0418628	0.0214775	0.0422402	0.010777	0.0596155	0.255528	0.0607377	0.0426279	0.0235271	0.00520227	0.0105764
52	0.364037	0.00425366	0.00888443	0.0146368	0.00541924	0.017605	0.00341971	0.0730276	0.0050481	0.0524406	0.00992959	0.00451011	0.0098624	0.00467786	0.0074861	0.0489037	0.074361	0.2874	0.00204099	0.00205579
53	0.0068272	0.0384942	0.00218451	0.00302451	0.389612	0.00377997	0.0516199	0.0215487	0.00540764	0.0900598	0.00190025	0.00296947	0.00149015	0.00630043	0.00718916	0.028205	0.00418234	0.00742015	0.000800479	0.326984
54	0.0929912	0.00892612	0.011396	0.0386687	0.0191414	0.0173535	0.0277937	0.105924	0.0557563	0.113712	0.0622682	0.0226712	0.00427554	0.0436048	0.0732581	0.0877748	0.0975245	0.109451	0.00115265	0.0063566
55	0.0284369	0.0160394	0.0482458	0.0634241	0.00623328	0.0693032	0.0494792	0.00915188	0.162137	0.0571713	0.0118479	0.070754	0.0138737	0.114826	0.145216	0.0946397	0.0124022	0.0119739	0.00196068	0.0128839
56	0.0193738	0.0180969	0.0182936	0.0432369	0.00943198	0.101648	0.0399126	0.00797986	0.248195	0.0201863	0.0221974	0.0419352	0.00704883	0.0842059	0.235317	0.041599	0.0227036	0.00801933	0.00422784	0.00639069
57	0.0302518	0.00491107	0.000498715	0.0023311	0.0757593	0.000776363	0.00444774	0.168826	0.0137484	0.368726	0.103302	0.00276143	0.00364266	0.00143899	0.0217507	0.0166184	0.009033	0.162876	0.00323122	0.00507011
58	0.100169	0.0095822	0.0352315	0.0200638	0.00724107	0.0167113	0.0108314	0.0163239	0.0270631	0.0937166	0.0169687	0.0151498	0.371549	0.0516146	0.0492187	0.107744	0.0220071	0.0141235	0.00166222	0.0130293
59	0.0378505	0.0131917	0.162906	0.208476	0.00620755	0.042178	0.0385661	0.00931757	0.0678328	0.026676	0.0101874	0.0534985	0.0206206	0.125141	0.054544	0.0636418	0.0257562	0.0214286	0.00235584	0.00962357
60	0.0697892	0.0219416	0.0204736	0.0278863	0.0242302	0.0296792	0.0289894	0.0385865	0.0491743	0.112387	0.0386172	0.0219101	0.0138331	0.037151	0.061438	0.0560039	0.0283648	0.043146	0.260629	0.0157692
61	0.115894	0.0219443	0.00736602	0.0107098	0.00600732	0.0193018	0.00745594	0.0187116	0.0134751	0.0225255	0.021648	0.0316575	0.0229393	0.00994161	0.0344784	0.36737	0.23722	0.0255943	0.00150066	0.0042596
62	0.102684	0.00404307	0.0174154	0.00777898	0.0031653	0.00571528	0.00540478	0.0144922	0.00813346	0.0951306	0.0141136	0.00706663	0.501009	0.0544727	0.0181499	0.10545	0.0142206	0.00899122	0.00124534	0.0113185
63	0.0297855	0.0075868	0.340415	0.144486	0.00287572	0.037335	0.0214009	0.0107121	0.0369712	0.0118048	0.00695251	0.14701	0.00969477	0.036349	0.0193993	0.0722436	0.0347973	0.0190182	0.000920856	0.0102413
64	0.0345267	0.00261583	0.00167476	0.00572386	0.0181919	0.00521771	0.0016883	0.314812	0.00248646	0.0827631	0.0420695	0.00353038	0.000901209	0.00309384	0.00760651	0.00378238	0.0256108	0.441794	0.000478206	0.00143276
65	0.0718843	0.00959495	0.0110341	0.0300842	0.0160745	0.0263482	0.02144	0.107404	0.0464355	0.113688	0.0650205	0.0212361	0.00560656	0.0446628	0.118149	0.0963452	0.0940838	0.0934402	0.00155483	0.00591362
66	0.00659852	0.0403107	0.00223145	0.00292291	0.382073	0.00347446	0.0530154	0.0204629	0.00541273	0.0889873	0.00183253	0.00295618	0.00142587	0.00648421	0.00687573	0.027944	0.00427141	0.00729497	0.000745167	0.33468
67	0.00911847	0.0353557	0.0024555	0.00328786	0.418835	0.00431397	0.0412012	0.0287211	0.00571051	0.110386	0.00416418	0.00308142	0.00167703	0.00573152	0.0076068	0.0301556	0.00455792	0.0112026	0.000845515	0.271593
68	0.02156	0.00698564	0.0340527	0.0222447	0.00341749	0.0700495	0.0330003	0.0175923	0.175889	0.0141739	0.0199976	0.0991028	0.00713294	0.0324092	0.195718	0.18235	0.0434015	0.0151325	0.000735746	0.00505395
69	0.0421811	0.0218051	0.169229	0.131686	0.0330278	0.0835387	0.0417654	0.0240216	0.0507109	0.0240781	0.00825586	0.0460687	0.0279474	0.0462304	0.0539288	0.0817155	0.0434448	0.0324233	0.00129678	0.0366455
70	0.0415708	0.00548046	0.281815	0.344968	0.00268351	0.0354631	0.0168053	0.00162592	0.042191	0.00507539	0.00511168	0.0610238	0.00365918	0.0555158	0.0234326	0.030105	0.0221978	0.0155082	0.000488885	0.00527888
71	0.00750949	0.0349379	0.0021965	0.00306196	0.408888	0.00358453	0.0457168	0.0246803	0.00488239	0.0975486	0.00201662	0.00301578	0.00143804	0.00584654	0.00612739	0.02703	0.00397133	0.00852112	0.000744394	0.308282
72	0.119407	0.00341787	0.0183926	0.00444241	0.00286717	0.00421622	0.00412219	0.015592	0.00572379	0.114277	0.0154134	0.00483677	0.466421	0.0694323	0.0155059	0.103483	0.00992855	0.00810125	0.00131799	0.0131018
73	0.0229186	0.0351674	0.023346	0.0377267	0.0150362	0.0384032	0.130158	0.0155079	0.117295	0.0396693	0.013859	0.0409704	0.0188285	0.103457	0.199389	0.057854	0.0310881	0.0173019	0.00600224	0.0360206
74	0.0318872	0.00491434	0.000552265	0.00254466	0.0745087	0.000921573	0.00461319	0.168681	0.0147259	0.359515	0.10145	0.0029647	0.00369255	0.0020072	0.0226277	0.0166402	0.00972687	0.169547	0.00321192	0.00526722
75	0.0326634	0.00712724	0.332921	0.190953	0.00351775	0.0587904	0.0297467	0.00367788	0.0460305	0.00352721	0.00505965	0.0864858	0.0039187	0.0594448	0.0294222	0.045576	0.0313776	0.020368	0.000314167	0.00907824
76	0.00448836	0.00411449	0.0234069	0.0116382	0.0175241	0.00357533	0.55195	0.0026951	0.0125839	0.01959	0.00238334	0.0241426	0.00626038	0.0167015	0.00999009	0.00621839	0.00470844	0.00355804	0.00091638	0.273554
77	0.410844	0.0125096	0.0342494	0.0272443	0.00965131	0.0603927	0.010569	0.0268373	0.0205961	0.035808	0.0123784	0.0149472	0.0177823	0.0187319	0.0230552	0.0975883	0.0582426	0.0954917	0.00639408	0.0066866
78	0.0994275	0.00737376	0.00728142	0.0446719	0.0198198	0.0129374	0.0422225	0.103478	0.0667417	0.11763	0.0571992	0.022254	0.00166147	0.0585955	0.0711618	0.0734987	0.0742037	0.109198	0.00184166	0.00880223
79	0.0377235	0.00588079	0.354842	0.21752	0.00206981	0.0446074	0.0212777	0.000829202	0.0447512	0.00246873	0.0054228	0.0863075	0.00335834	0.0570129	0.0237295	0.0377924	0.028349	0.0202663	0.000150652	0.00563985
80	0.0316863	0.00214993	0.000933919	0.00487849	0.0150632	0.0050528	0.000597436	0.326408	0.000852179	0.0663871	0.0389519	0.00304556	0.000439411	0.00236931	0.00599409	0.00132663	0.024326	0.468322	0.000170321	0.00104506
81	0.0176051	0.0858655	0.00824676	0.0148405	0.0125513	0.0344008	0.211974	0.00598053	0.0551688	0.0105614	0.00583106	0.0530278	0.048885	0.141062	0.176891	0.0613301	0.025403	0.00893845	0.00314813	0.0182878
82	0.412409	0.0206026	0.0726558	0.0447341	0.00684132	0.153356	0.00954818	0.0072432	0.01477	0.01658	0.00570519	0.0174714	0.00542732	0.0127436	0.0215035	0.0932975	0.0306579	0.0390773	0.00754677	0.00782907
83	0.134316	0.0138531	0.00357304	0.00517707	0.00454048	0.0123218	0.00506861	0.00793712	0.00566337	0.011946	0.00770812	0.0135185	0.0191444	0.00705049	0.0166983	0.45818	0.257206	0.0115055	0.00116807	0.00342396
84	0.0274148	0.0054017	0.000482039	0.00198042	0.0738958	0.00076779	0.00474058	0.171245	0.0103883	0.38375	0.0986979	0.00270191	0.00289755	0.00145439	0.0176778	0.0140871	0.00761869	0.166905	0.00319646	0.00469639
85	0.443019	0.0170681	0.0436446	0.0340853	0.00479817	0.104796	0.00759171	0.0128078	0.0195099	0.0193436	0.00871622	0.0177411	0.00734472	0.0138249	0.0256407	0.0977118	0.0548357	0.0556542	0.007383	0.00448303
86	0.0279469	0.0036788	0.000812151	0.00336658	0.0411724	0.00307416	0.00263285	0.249929	0.00450134	0.220407	0.0682201	0.00285394	0.00131566	0.00181531	0.0101468	0.00613231	0.0155343	0.33289	0.00117194	0.00239782
87	0.0910961	0.00980226	0.0222203	0.0152912	0.00646123	0.0135135	0.0147074	0.0163336	0.018822	0.0782307	0.0161552	0.0191992	0.43328	0.0503815	0.0326261	0.107375	0.0271199	0.0148299	0.00155832	0.0109969
88	0.0316919	0.00213135	0.00101832	0.00493925	0.0147897	0.00499635	0.000592625	0.325312	0.000827799	0.0663509	0.0382681	0.00306405	0.000429056	0.00235568	0.00559732	0.00124903	0.024258	0.470947	0.000166882	0.00101457
89	0.0185525	0.0139769	0.00213916	0.0033905	0.392153	0.00367385	0.0154653	0.0807162	0.0061854	0.221512	0.0274927	0.00352594	0.0020873	0.00418134	0.00967202	0.0281736	0.00574812	0.04841	0.00275823	0.110186
90	0.038241	0.00583885	0.349825	0.224773	0.00217402	0.0438153	0.0217377	0.00076962	0.0445425	0.00246973	0.00559993	0.0834396	0.00365926	0.0569552	0.0231622	0.0374037	0.0290616	0.0208123	0.000143626	0.00557527
91	0.0520671	0.0182537	0.0549361	0.0644726	0.0217551	0.0567741	0.0239351	0.00919734	0.0889366	0.0596303	0.0239051	0.0474919	0.101929	0.0537231	0.111109	0.139538	0.032393	0.0275138	0.000701461	0.0117372
92	0.0858439	0.00959722	0.00656962	0.0147932	0.00412042	0.030882	0.011587	0.051652	0.0157528	0.0327478	0.0507039	0.0781491	0.0387324	0.0100526	0.0500093	0.206906	0.233589	0.0658837	0.000485614	0.00194336
93	0.0531796	0.168453	0.0252471	0.0316294	0.049171	0.0674039	0.0387112	0.0263218	0.036121	0.0531049	0.0196317	0.0302465	0.0197861	0.0321909	0.0665779	0.139908	0.056684	0.0393653	0.00496961	0.0412968
94	0.0270497	0.00555236	0.000478125	0.00193798	0.0727151	0.000754697	0.00494727	0.17128	0.010309	0.389971	0.0971641	0.00308558	0.00294523	0.00182746	0.0175696	0.0140558	0.00739963	0.16303	0.0032424	0.0046853
95	0.55749	0.0111935	0.034733	0.0231826	0.00262004	0.124607	0.00379686	0.0060946	0.00538282	0.0112712	0.00404477	0.00575844	0.00336599	0.00685446	0.0118351	0.0921048	0.0352736	0.0476903	0.00982912	0.00287171
96	0.0444027	0.00281728	0.00160401	0.00588573	0.0201916	0.00532855	0.00171458	0.291716	0.00349382	0.0986145	0.0435846	0.00373025	0.00121343	0.00299893	0.00856838	0.00644754	0.0281796	0.427067	0.000745454	0.00169633
97	0.0283501	0.00460466	0.000567988	0.00243711	0.0644109	0.00154297	0.0039933	0.197023	0.00883939	0.326737	0.0911208	0.00270396	0.00240725	0.00144343	0.0156943	0.0119107	0.00988086	0.21939	0.00267805	0.0042635
98	0.0490888	0.0111125	0.183382	0.316013	0.0079327	0.0471078	0.0263203	0.0103744	0.050343	0.0190753	0.0093707	0.0439891	0.0112895	0.0738465	0.0396832	0.0412558	0.0251015	0.023343	0.00261434	0.00875683
99	0.0286766	0.00405537	0.000746896	0.00299511	0.0498203	0.00237664	0.00310595	0.224651	0.00609599	0.261088	0.0778612	0.00264794	0.00173079	0.0016953	0.012584	0.00854128	0.0130058	0.293222	0.00192685	0.00317312
100	0.0321553	0.0021284	0.00102481	0.00495621	0.0148157	0.00499607	0.000594052	0.324893	0.000856574	0.066917	0.0383862	0.00304755	0.000456243	0.00237974	0.00560413	0.0012902	0.0244389	0.469836	0.000171855	0.00105226
101	0.129926	0.00823678	0.012032	0.025656	0.00409266	0.0121117	0.00772773	0.020067	0.0312601	0.0343424	0.0909129	0.053814	0.0276452	0.00743891	0.0455632	0.121827	0.323247	0.0399806	0.000881973	0.00323641
102	0.0851501	0.0162562	0.00995719	0.0191063	0.00610779	0.010387	0.00703194	0.0410647	0.0549432	0.0314314	0.0898248	0.0856213	0.0411914	0.00960754	0.0485987	0.114135	0.253969	0.0725763	0.000878605	0.00216168
103	0.0592095	0.00839578	0.0483239	0.0466772	0.00683949	0.0539661	0.0236653	0.02966	0.139096	0.0444691	0.0258372	0.067012	0.024756	0.0472644	0.161268	0.124313	0.053398	0.0276728	0.00054208	0.00763432
104	0.0149942	0.00858519	0.0162739	0.273963	0.00695265	0.0159627	0.0379576	0.00785251	0.0922424	0.017874	0.00865614	0.0376314	0.135513	0.193277	0.0769977	0.0227167	0.0125827	0.010853	0.00237284	0.00674129
105	0.0409598	0.00965213	0.0479478	0.0452586	0.0077948	0.0572683	0.0239489	0.0157824	0.162703	0.0348596	0.0422281	0.0711205	0.0425418	0.0590146	0.155336	0.11777	0.0371573	0.0190036	0.00164505	0.00800842
106	0.160981	0.0443361	0.0470793	0.0413056	0.0334087	0.0302607	0.0195817	0.0370943	0.0162813	0.0687351	0.0224371	0.0261044	0.0201743	0.01129	0.0273938	0.237296	0.0640704	0.050592	0.00982742	0.0317504
107	0.0386274	0.00449747	0.290807	0.366392	0.00150992	0.0338261	0.01421	0.000891794	0.039208	0.00245935	0.00410008	0.0609329	0.00232214	0.0545154	0.0197367	0.0263235	0.021166	0.0142613	0.000218795	0.00399415
108	0.029471	0.00497667	0.000530416	0.00218909	0.0733867	0.00101109	0.00447333	0.175055	0.012046	0.364877	0.100169	0.00277722	0.00321829	0.00153136	0.0195242	0.0151174	0.00946461	0.172182	0.00315329	0.0048456
109	0.0384138	0.00579471	0.352987	0.223566	0.00215328	0.0440829	0.0216358	0.000789151	0.0432248	0.00245149	0.00548053	0.0846185	0.003449	0.0564337	0.0225808	0.0376275	0.0282182	0.0206862	0.000152144	0.00565453
110	0.0185221	0.0041254	0.0756538	0.0243337	0.0027916	0.0158078	0.045407	0.064862	0.0776454	0.0191592	0.0402321	0.175656	0.0203188	0.00830701	0.0570209	0.214861	0.101951	0.0123497	0.00115333	0.0198421
111	0.0310991	0.00226466	0.000907847	0.00488743	0.0164705	0.00508683	0.000665972	0.328439	0.00103067	0.0724574	0.0406039	0.00291336	0.000473081	0.0023415	0.00585103	0.00149235	0.024393	0.457298	0.000242014	0.00108192
112	0.0186249	0.201547	0.00966654	0.0112043	0.0151399	0.0297104	0.0453631	0.0124865	0.018716	0.0264829	0.00798406	0.0310371	0.00829854	0.0292559	0.129962	0.297638	0.069948	0.021004	0.00339061	0.0125405
113	0.0162838	0.022818	0.0435448	0.0711793	0.00463502	0.0512503	0.0756217	0.00511953	0.171376	0.0622893	0.00679472	0.0788804	0.00632755	0.142555	0.138094	0.0706527	0.00824103	0.00970769	0.0035784	0.0110508
114	0.390527	0.00691301	0.0175685	0.0185092	0.0078368	0.0338628	0.00462848	0.0584219	0.0105255	0.0517296	0.0127848	0.00767926	0.0129539	0.00726189	0.0138817	0.067774	0.0654169	0.203928	0.00405155	0.0037457
115	0.0329684	0.0107697	0.00516831	0.00797363	0.0738741	0.00676129	0.0093398	0.142541	0.0196753	0.359994	0.0685707	0.0100417	0.0162158	0.0107792	0.0263947	0.0309424	0.0176293	0.128974	0.00334509	0.0180411
116	0.0087807	0.0035808	0.0186993	0.206449	0.00229487	0.0158013	0.091357	0.0028311	0.0895729	0.00992195	0.00516373	0.0108524	0.0331107	0.418658	0.052103	0.0102743	0.00931564	0.00499327	0.00369878	0.00254112
117	0.202695	0.0185106	0.0961307	0.0587993	0.0225268	0.0339822	0.0122087	0.021208	0.0119053	0.0604724	0.0207885	0.0482857	0.0157491	0.0124365	0.0154504	0.191131	0.0517056	0.0672666	0.00537926	0.033368
118	0.339393	0.0021369	0.00434937	0.0183067	0.00183418	0.00993068	0.00216613	0.0859497	0.00301906	0.0649013	0.00234022	0.00263048	0.0100518	0.00266621	0.00368984	0.0332935	0.110144	0.300653	0.000933831	0.00161037
119	0.0295734	0.00495141	0.000482722	0.00210387	0.0756616	0.000740376	0.00458331	0.170032	0.013261	0.372781	0.102942	0.00279806	0.00359654	0.00142805	0.0209106	0.015975	0.00859609	0.161322	0.00323872	0.00502289
120	0.0866033	0.00862427	0.00908206	0.0164955	0.00387977	0.0230266	0.0161965	0.0505171	0.0166977	0.0271336	0.0554979	0.0772252	0.0383572	0.00883077	0.0494037	0.21751	0.235684	0.056565	0.000441693	0.00222876
121	0.0393902	0.00552372	0.265336	0.344185	0.00241595	0.0362904	0.0168075	0.00238555	0.0483067	0.00620749	0.00572889	0.0579311	0.00533146	0.0609987	0.0297964	0.0315303	0.02182	0.0147708	0.000605906	0.00463811
122	0.0309088	0.00227578	0.000914781	0.00482264	0.0166013	0.00505319	0.00069557	0.32607	0.00106539	0.0757137	0.0410352	0.00301914	0.000451495	0.00234842	0.00583418	0.00147451	0.0241937	0.456191	0.000242295	0.00108868
123	0.097929	0.00734406	0.00741371	0.0436646	0.0209545	0.0128514	0.042964	0.0997253	0.0683564	0.1191	0.0553862	0.0216669	0.00171085	0.0595905	0.0716391	0.0765291	0.0733635	0.108151	0.00191525	0.0097448
124	0.0380465	0.00584939	0.348924	0.221692	0.00219567	0.044538	0.0223332	0.000812057	0.0452203	0.00254824	0.0058098	0.0837095	0.00360729	0.0566858	0.0238954	0.038267	0.0291163	0.0208897	0.000213532	0.00564709
125	0.0307998	0.00276052	0.000904298	0.00431103	0.0276853	0.00412733	0.00135453	0.294694	0.0028171	0.129105	0.0517812	0.00277184	0.000886871	0.00213228	0.00801675	0.00378684	0.0207206	0.408748	0.000764345	0.00183118
126	0.0284703	0.00531011	0.00068663	0.00234638	0.0742614	0.00105387	0.00451676	0.158573	0.0114478	0.409099	0.0942569	0.00282394	0.00307808	0.00176937	0.018534	0.0162123	0.00826049	0.150375	0.00343574	0.00548911
127	0.0670981	0.00696807	0.0127576	0.025251	0.0041763	0.0245944	0.0138319	0.0187741	0.254891	0.0345423	0.0179452	0.0415028	0.00436665	0.0546702	0.265878	0.0433994	0.0920211	0.0102151	0.00270721	0.00441013
128	0.241122	0.0314832	0.00537057	0.0186938	0.00535773	0.0858928	0.00472309	0.0236359	0.0248862	0.0434286	0.0266957	0.0258373	0.00790948	0.0203442	0.0514749	0.152003	0.160409	0.0642392	0.00137792	0.005115
129	0.0319505	0.0021674	0.000924818	0.00486877	0.0151351	0.00504645	0.000615633	0.327215	0.000901715	0.0671177	0.0394567	0.00299726	0.00043175	0.0023522	0.00581906	0.0012461	0.02443	0.466065	0.000179217	0.00107966
130	0.161655	0.136175	0.0306022	0.0463438	0.0126192	0.287979	0.015084	0.0111255	0.0161218	0.0201967	0.00886722	0.0204039	0.00826207	0.0128691	0.0350498	0.0884918	0.0409013	0.0326486	0.00339542	0.0112086
131	0.0343872	0.014102	0.124256	0.110776	0.0156395	0.0903479	0.0506143	0.0395256	0.0730701	0.0394057	0.0125744	0.0386909	0.0187369	0.0481478	0.106137	0.079996	0.0318855	0.0358181	0.00226895	0.0336205
132	0.183979	0.0147272	0.0148696	0.044907	0.0124869	0.047962	0.0151385	0.0538214	0.0337337	0.0598866	0.0525768	0.027747	0.00874312	0.0214746	0.0603198	0.119755	0.132891	0.0782971	0.0024983	0.0141854
133	0.00524995	0.00832227	0.0195005	0.0101887	0.0340074	0.00445	0.513897	0.0034098	0.0155064	0.0266471	0.00217138	0.0216159	0.00686216	0.0149702	0.0131456	0.0105202	0.00506975	0.00358245	0.00087308	0.28001
134	0.0198185	0.00333611	0.031196	0.0303556	0.00204561	0.0905458	0.0187387	0.0184705	0.213269	0.0169473	0.0276786	0.108446	0.00566285	0.0458705	0.191626	0.124288	0.0296665	0.0168509	0.00061715	0.00456972
135	0.0270753	0.00639377	0.00066538	0.00224259	0.0947054	0.00113473	0.00568682	0.157239	0.0107548	0.390812	0.0891962	0.00297748	0.00291939	0.00249491	0.0179388	0.0159237	0.00826359	0.146712	0.00338101	0.0134837
136	0.094502	0.00748386	0.020183	0.0187541	0.0052805	0.0134695	0.0121138	0.0169566	0.0164362	0.0834591	0.0164696	0.0149655	0.438836	0.0551866	0.0265211	0.103404	0.0253516	0.0163706	0.00296997	0.0112865
137	0.0282508	0.00509314	0.00101142	0.0029786	0.0656654	0.00163982	0.00502354	0.175054	0.0102178	0.387712	0.0859145	0.00419099	0.00290029	0.00336433	0.0170316	0.0141651	0.0102168	0.170742	0.00334346	0.00548452
138	0.469338	0.0193782	0.0359981	0.0274975	0.00442041	0.148247	0.00617838	0.00809466	0.010412	0.0149263	0.00620281	0.012279	0.00503652	0.00899611	0.0203258	0.105021	0.0427568	0.042247	0.00774499	0.0049003
139	0.0322422	0.00755755	0.00607323	0.0137135	0.033359	0.00653185	0.033377	0.149337	0.0228066	0.338691	0.0519469	0.0272202	0.005739	0.0493553	0.0325459	0.0310285	0.0238126	0.11574	0.00616774	0.0127554
140	0.353384	0.00494309	0.0072647	0.016083	0.00283141	0.0211256	0.00296974	0.0496696	0.00709127	0.0431052	0.0109657	0.0123795	0.0120414	0.00489441	0.012756	0.0747566	0.136616	0.223321	0.00178987	0.00201224
141	0.0629966	0.0247834	0.0207656	0.0303544	0.0238599	0.0249477	0.038147	0.0338249	0.0443925	0.102841	0.0358904	0.0250985	0.0141799	0.0466524	0.0591403	0.0542757	0.0277207	0.0428437	0.268006	0.019279
142	0.031192	0.00221984	0.000915652	0.00497357	0.0152633	0.00517564	0.000597597	0.331807	0.0008429	0.0662804	0.039405	0.00298034	0.000426802	0.00239079	0.00559351	0.00125088	0.0248904	0.462617	0.00016797	0.00100874
143	0.100868	0.0166252	0.0162842	0.0151469	0.0089833	0.0211696	0.00952167	0.0225683	0.0147818	0.052323	0.0215035	0.0271446	0.252922	0.0221474	0.0403362	0.207834	0.112016	0.026293	0.0023715	0.0091613
144	0.0509908	0.0712388	0.00762054	0.0139973	0.0705688	0.0097867	0.0113029	0.108378	0.023246	0.192048	0.0714132	0.0131975	0.00723715	0.0146583	0.0474601	0.0895288	0.0597111	0.117739	0.00365366	0.0162237
145	0.0321794	0.0278704	0.000847269	0.00239308	0.07791	0.00127782	0.0047383	0.158878	0.011422	0.343981	0.096639	0.00332097	0.00351382	0.00220757	0.0205909	0.0236098	0.0105852	0.164023	0.00344323	0.0105693
146	0.0251477	0.00511036	0.000550899	0.00194133	0.0654442	0.00104898	0.00463446	0.184276	0.00972762	0.395803	0.0896249	0.00439708	0.00285631	0.00305803	0.0161133	0.0132327	0.00754217	0.161875	0.00316246	0.00445318
147	0.0219571	0.191947	0.00748875	0.0120393	0.01014	0.0323566	0.0282148	0.0131552	0.0166545	0.0265962	0.0105242	0.0339993	0.00639688	0.0395045	0.117626	0.287814	0.0965848	0.0340395	0.00375522	0.00920575
148	0.326537	0.00184762	0.00434612	0.0185682	0.00189943	0.00801346	0.00205828	0.0940551	0.00281849	0.0660127	0.00268436	0.00255331	0.0101757	0.00236686	0.00337651	0.0313581	0.11059	0.308242	0.000914656	0.00158171
149	0.0959223	0.0144521	0.00945255	0.0520513	0.0182634	0.0158244	0.0418119	0.110103	0.0557163	0.107984	0.050013	0.0256748	0.00297047	0.049643	0.0650136	0.0928668	0.0773549	0.104653	0.00199862	0.008231
150	0.179425	0.0337002	0.0605746	0.0443946	0.0276429	0.0268034	0.0231031	0.0349666	0.0147058	0.0662251	0.0244472	0.0279547	0.0218149	0.0100555	0.0219836	0.226256	0.0691739	0.0522497	0.00749459	0.0270283
151	0.17834	0.0112584	0.019594	0.0171211	0.00678332	0.0158949	0.0119332	0.0224221	0.0193849	0.0613319	0.0457883	0.0305794	0.202335	0.0300515	0.0287258	0.131158	0.0899403	0.0642443	0.00185841	0.0112557
152	0.0185241	0.150102	0.00961778	0.0105938	0.213197	0.00924301	0.0472868	0.0241371	0.012404	0.0679763	0.00585307	0.00703587	0.00395539	0.0114173	0.033972	0.109167	0.0164057	0.0260043	0.00385191	0.219256
153	0.00935625	0.0780299	0.00538966	0.00496818	0.225814	0.00737522	0.0896828	0.0175924	0.0139058	0.0656748	0.00316515	0.00507936	0.0044708	0.0138359	0.0249932	0.0601658	0.00948544	0.00838315	0.00196936	0.350663
154	0.0344741	0.00210986	0.00112525	0.00499823	0.0145185	0.00486099	0.00059816	0.319657	0.000857449	0.067472	0.0376334	0.00304314	0.00046197	0.00238317	0.00549662	0.00134335	0.0242557	0.473418	0.000186509	0.00110668
155	0.102891	0.00925823	0.00614036	0.013941	0.00423217	0.0428734	0.00998644	0.0501796	0.0145485	0.0336627	0.0435311	0.0778996	0.0379969	0.0131617	0.0533082	0.198449	0.218209	0.0668643	0.000514819	0.00235234
156	0.0208589	0.0805636	0.134101	0.0671226	0.0124566	0.337393	0.0415459	0.0075218	0.0180204	0.00836543	0.00407155	0.0553084	0.00545405	0.011838	0.0340738	0.102309	0.0132173	0.0105908	0.00157229	0.0336155
157	0.023147	0.0300223	0.00888097	0.0107996	0.333225	0.0128244	0.027344	0.0603088	0.0138284	0.161485	0.0256957	0.00900079	0.00465596	0.0114989	0.0206183	0.0428631	0.0137581	0.0464991	0.00253481	0.14101
158	0.0154793	0.00891152	0.00888681	0.0124616	0.0439717	0.00817189	0.146922	0.0381402	0.0212226	0.281928	0.0315717	0.0353338	0.00642667	0.0938805	0.0582421	0.0244584	0.0111633	0.0709887	0.0278824	0.0539565
159	0.0385644	0.00675304	0.346341	0.223066	0.00225176	0.0432298	0.0226255	0.00114253	0.0435557	0.00307927	0.00667426	0.081344	0.00353976	0.058326	0.0250653	0.0369021	0.0285136	0.0221051	0.000451126	0.00646899
160	0.52522	0.00586245	0.0400961	0.0221513	0.00436418	0.0545897	0.00504317	0.0121513	0.00554674	0.0182939	0.00612956	0.00890662	0.00883392	0.00618515	0.00800488	0.0960416	0.0383567	0.120592	0.00795075	0.00567939
161	0.0509032	0.184022	0.0217148	0.0229925	0.0376776	0.0443239	0.0319947	0.0202665	0.0218821	0.0406972	0.0150423	0.0313471	0.0144702	0.0285267	0.0737223	0.223084	0.0674042	0.0310636	0.00517806	0.0336866
162	0.127984	0.015153	0.0146568	0.0339569	0.0261579	0.0275998	0.0200887	0.0827334	0.0400981	0.0948514	0.0600911	0.0245178	0.0069659	0.0249775	0.0501217	0.130018	0.10175	0.105227	0.00305132	0.0100005
163	0.0404459	0.004247	0.270975	0.405616	0.00147636	0.030815	0.012309	0.000962781	0.039046	0.00260352	0.00385352	0.0531615	0.00220773	0.0540034	0.0191314	0.0229397	0.0195552	0.012806	0.000281248	0.0035644
164	0.019574	0.0769224	0.011425	0.0136036	0.00980193	0.032274	0.216052	0.00823237	0.0599417	0.0142758	0.0069239	0.0749527	0.0309261	0.121926	0.144704	0.0752652	0.0368111	0.0141045	0.00377215	0.0285114
165	0.0152522	0.0553444	0.0304671	0.0115744	0.043482	0.0139942	0.276692	0.00760748	0.049922	0.0220771	0.00719481	0.025369	0.093602	0.0369354	0.101751	0.0399095	0.0150845	0.0100792	0.00193462	0.141728
166	0.0259701	0.00481537	0.000811452	0.00274824	0.0594779	0.00174167	0.00422086	0.190469	0.00957656	0.382119	0.0816336	0.00521182	0.00316345	0.00406205	0.0159179	0.0135845	0.00966444	0.177632	0.00302367	0.00415624
167	0.0388681	0.00945423	0.0160557	0.056715	0.0382815	0.0161916	0.0610055	0.0367047	0.09595	0.173402	0.0247427	0.0279562	0.00867689	0.102231	0.107264	0.0732091	0.0292624	0.0618416	0.00594679	0.0162409
168	0.056014	0.0165114	0.0313551	0.0503841	0.0175476	0.0809392	0.0402892	0.00879092	0.178551	0.0440035	0.0143265	0.0375716	0.0285117	0.0901603	0.181463	0.0767561	0.0241009	0.0124453	0.00191957	0.00835923
169	0.0282317	0.0176108	0.152322	0.130336	0.00799874	0.223328	0.0311208	0.00614443	0.0754333	0.0143996	0.00751177	0.0601495	0.00830797	0.0443712	0.0688965	0.0789725	0.0173364	0.014648	0.00190894	0.0109726
170	0.00859232	0.00377621	0.0211806	0.227211	0.00237734	0.015521	0.085937	0.00311652	0.0901538	0.0114389	0.00553729	0.0123032	0.0348124	0.387939	0.0587822	0.0109875	0.0084432	0.00528746	0.00417992	0.00242305
171	0.0794457	0.0464496	0.0652023	0.0635537	0.0151807	0.278097	0.0268376	0.0127152	0.0481644	0.0196563	0.0112873	0.0426428	0.0155186	0.0261121	0.0706113	0.101066	0.0361636	0.023528	0.00376159	0.0140058
172	0.031192	0.00221984	0.000915652	0.00497357	0.0152633	0.00517564	0.000597597	0.331807	0.0008429	0.0662804	0.039405	0.00298034	0.000426802	0.00239079	0.00559351	0.00125088	0.0248904	0.462617	0.00016797	0.00100874
173	0.427746	0.00271587	0.00733412	0.0118305	0.00196551	0.0105601	0.00257685	0.0475805	0.00325742	0.0380905	0.00338587	0.0031226	0.0137641	0.00277722	0.0040218	0.0504952	0.0751688	0.29012	0.00184712	0.0016403
174	0.036922	0.0201883	0.242737	0.17654	0.0072542	0.177065	0.0253732	0.00487467	0.0401017	0.00754613	0.00525309	0.0658147	0.00614306	0.040783	0.0350108	0.0570893	0.0220984	0.0177402	0.000847051	0.010618
175	0.0151087	0.00307948	0.00389205	0.022167	0.00419197	0.0420926	0.00847656	0.00848128	0.372207	0.0118669	0.0222467	0.0504516	0.00160937	0.0370247	0.324978	0.0227446	0.040807	0.00265599	0.00271604	0.00320269
176	0.384856	0.00905614	0.015992	0.0176991	0.00473492	0.0405799	0.00539004	0.0346143	0.00877723	0.0346649	0.0126408	0.0143913	0.0113911	0.00699998	0.0180298	0.112494	0.107654	0.15176	0.00414733	0.00412764
177	0.02186	0.0104368	0.00156242	0.00284494	0.366782	0.00333492	0.0116548	0.0896952	0.00599738	0.24589	0.0338797	0.00327898	0.00213734	0.00301578	0.00950151	0.0266854	0.00617814	0.0598936	0.00345539	0.0919159
178	0.105345	0.0084182	0.00806097	0.0482197	0.0192556	0.0166727	0.0358669	0.102183	0.0625933	0.107777	0.05932	0.0237202	0.00177306	0.0476384	0.068145	0.0786909	0.0865973	0.110694	0.0012846	0.0077441
179	0.0173737	0.0148684	0.0356046	0.0605784	0.0041984	0.0857735	0.0540974	0.00719538	0.189902	0.0489478	0.009279	0.0848398	0.00586309	0.1197	0.138645	0.0895677	0.00959259	0.00901018	0.00196423	0.012999
180	0.108232	0.00665079	0.0170973	0.00631327	0.00505253	0.00499341	0.00620019	0.0190954	0.00871528	0.130751	0.0253773	0.00682379	0.418156	0.0682759	0.0182453	0.107254	0.0140291	0.0143469	0.00171548	0.0126754
181	0.0281671	0.183638	0.0184634	0.0183868	0.130346	0.0130836	0.0368837	0.036489	0.0166992	0.0786079	0.00916249	0.0115566	0.00593416	0.0140978	0.0630823	0.169269	0.0262864	0.0250636	0.00798059	0.106802
182	0.0108168	0.0253307	0.00224366	0.00310857	0.457722	0.00410995	0.0308193	0.0392192	0.00469769	0.134258	0.00504997	0.0032058	0.00165631	0.00473738	0.00643393	0.0284497	0.0044245	0.0129037	0.00120009	0.219613
183	0.145116	0.0688568	0.0316879	0.0381235	0.0523722	0.0237421	0.0178067	0.0326533	0.015426	0.0669785	0.0168863	0.016489	0.0155568	0.01039	0.024892	0.263972	0.0672753	0.0468377	0.00966369	0.0352745
184	0.057635	0.0243229	0.0424479	0.0490114	0.0214247	0.0563453	0.0292244	0.00847331	0.0681579	0.0362418	0.0175337	0.0612403	0.123209	0.0364419	0.0731069	0.191025	0.0667827	0.0282028	0.00113778	0.0080351
185	0.0315821	0.0061426	0.371712	0.18948	0.00247158	0.037966	0.0191944	0.00443202	0.0367907	0.00565703	0.00518138	0.121659	0.00526279	0.0452097	0.0194964	0.0450222	0.0280399	0.0174141	0.000402654	0.00688421
186	0.0316919	0.00213135	0.00101832	0.00493925	0.0147897	0.00499635	0.000592625	0.325312	0.000827799	0.0663509	0.0382681	0.00306405	0.000429056	0.00235568	0.00559732	0.00124903	0.024258	0.470947	0.000166882	0.00101457
187	0.164655	0.0268098	0.0144659	0.0204072	0.00623711	0.0657203	0.0211678	0.0126363	0.150565	0.0254069	0.0133631	0.0342066	0.00882378	0.0461974	0.144245	0.092783	0.125991	0.0209448	0.00135062	0.00402273
188	0.138665	0.0426594	0.0323724	0.043017	0.0313475	0.0296657	0.0251567	0.0572139	0.032059	0.0774933	0.0340354	0.022789	0.0127387	0.0180223	0.0396103	0.188583	0.0722405	0.0671142	0.0100256	0.0251913
189	0.0383227	0.00586493	0.350943	0.223065	0.00218387	0.0440396	0.0218097	0.000777645	0.0442714	0.00246538	0.00560212	0.0838203	0.00351584	0.0568762	0.0231503	0.0375991	0.0290273	0.0209022	0.000143395	0.00561936
190	0.0191936	0.0358101	0.016724	0.0150867	0.186756	0.0156041	0.152172	0.0217389	0.0262282	0.0701951	0.00822172	0.016162	0.00736929	0.0224648	0.0326257	0.0471609	0.0146789	0.0183984	0.00349621	0.269914
191	0.107859	0.00688499	0.0186737	0.00804657	0.00467276	0.00898835	0.00572472	0.0159688	0.00855432	0.0813667	0.0142929	0.00984775	0.440933	0.0437574	0.0198309	0.140894	0.0387531	0.0121437	0.00152674	0.0112806
192	0.0277696	0.00541008	0.000946983	0.00287172	0.0677207	0.00127948	0.00475759	0.166266	0.012107	0.394904	0.0942046	0.00399721	0.00392734	0.00263226	0.019093	0.0161082	0.0108364	0.157264	0.00309894	0.00480436
193	0.485992	0.00343443	0.0146692	0.0132576	0.00203128	0.0245899	0.00285476	0.0318124	0.00370618	0.0274508	0.00387592	0.00366877	0.0114555	0.00358548	0.00516589	0.0653259	0.0611825	0.230037	0.00387983	0.00202516
194	0.01487	0.0365662	0.0196255	0.0182954	0.0116372	0.0213803	0.380437	0.00530763	0.0416034	0.021121	0.00484228	0.0678693	0.0189036	0.0818428	0.0788113	0.0430096	0.0205625	0.00795501	0.00244856	0.102912
