578	20
1	0.0330746	0.00666922	0.00530438	0.00858001	0.0328252	0.00676645	0.0110983	0.117647	0.0123366	0.310767	0.23758	0.0105489	0.0055168	0.0135978	0.0131701	0.0322145	0.0517924	0.0773613	0.0063573	0.00679228
2	0.0276248	0.00132983	0.133811	0.438909	0.00153894	0.0321708	0.0276943	0.00261848	0.0850529	0.00345307	0.00222354	0.0295397	0.00201603	0.105539	0.0554204	0.0170466	0.0134159	0.0187365	0.000439406	0.00141931
3	0.118552	0.00535639	0.0182496	0.067737	0.00741182	0.00735733	0.0400875	0.0717248	0.106265	0.0244513	0.0138457	0.0305085	0.0552505	0.0844722	0.0971478	0.0842925	0.067006	0.0958969	0.000608913	0.00377816
4	0.024565	0.0155618	0.0135553	0.0111604	0.0291725	0.0147587	0.27485	0.00461169	0.0771763	0.0228125	0.00493303	0.151074	0.00524851	0.0791117	0.110438	0.0352846	0.0127876	0.0152838	0.00198062	0.0956337
5	0.103035	0.0172146	0.0395562	0.0343961	0.00275517	0.573436	0.00564386	0.00382468	0.0232406	0.00644548	0.00433315	0.0244463	0.00447686	0.0219111	0.0213711	0.0803752	0.0183437	0.0101189	0.00093792	0.00413785
6	0.0627125	0.00877484	0.0427399	0.0623486	0.0033987	0.0336959	0.0418306	0.0223898	0.123078	0.0180857	0.0124888	0.0953873	0.0356292	0.0554205	0.150757	0.129563	0.0639776	0.0262704	0.00263672	0.00881464
7	0.0260747	0.00119293	0.139343	0.438367	0.00156536	0.0307627	0.0269372	0.00258176	0.0855377	0.00291744	0.00190289	0.0308524	0.00171966	0.103422	0.0566973	0.0175279	0.0130578	0.0172726	0.000475718	0.00179265
8	0.00207597	0.00231058	0.000671702	0.000816131	0.104678	0.00619389	0.00174306	0.0678535	0.00262243	0.68505	0.0371586	0.000900458	0.0140482	0.00579876	0.000850676	0.00173375	0.00137971	0.045374	0.0150826	0.00365744
9	0.00207597	0.00231058	0.000671702	0.000816131	0.104678	0.00619389	0.00174306	0.0678535	0.00262243	0.68505	0.0371586	0.000900458	0.0140482	0.00579876	0.000850676	0.00173375	0.00137971	0.045374	0.0150826	0.00365744
10	0.0768505	0.0244929	0.0411717	0.0302657	0.00267931	0.62465	0.00530541	0.00214357	0.0233248	0.00545072	0.00218179	0.0212011	0.00264012	0.0167208	0.0203243	0.0724252	0.0161065	0.00671	0.00055087	0.00480504
11	0.081216	0.0189216	0.0943547	0.102341	0.00864522	0.053424	0.049327	0.0079706	0.0500747	0.0389969	0.0135915	0.10998	0.0335763	0.0501975	0.0502424	0.148443	0.0666753	0.0099719	0.000642902	0.0114075
12	0.119416	0.00441376	0.0250098	0.0621518	0.00499409	0.0312817	0.0172405	0.0282367	0.165674	0.0110529	0.0261796	0.0422713	0.0171518	0.0346139	0.146444	0.149133	0.0724534	0.0332271	0.00614029	0.00291517
13	0.0206425	0.00598491	0.00453017	0.00440272	0.26119	0.0068541	0.0670269	0.00854663	0.00666455	0.0264594	0.00410883	0.0138321	0.0163339	0.0109955	0.00995859	0.022386	0.00559104	0.00982298	0.00466888	0.49
14	0.0212746	0.064733	0.0181314	0.020828	0.0367533	0.0369037	0.0718799	0.00946354	0.154746	0.0356763	0.0139557	0.0753503	0.00490665	0.0425918	0.19666	0.0662537	0.034227	0.053688	0.00323009	0.038747
15	0.0242565	0.00372545	0.451109	0.0986256	0.00372277	0.0356198	0.0202093	0.00267462	0.0111696	0.00600427	0.00307667	0.168953	0.00904282	0.0157539	0.0126639	0.0785778	0.0253823	0.0162225	0.000511922	0.0126989
16	0.0791367	0.0078801	0.00805716	0.0181217	0.00500788	0.0150216	0.0191998	0.00670461	0.0142178	0.0289038	0.00573848	0.0173461	0.597173	0.0361776	0.0127444	0.0654863	0.0278283	0.0262428	0.00158663	0.00742492
17	0.0340896	0.00391759	0.000976516	0.00246882	0.015353	0.00210373	0.00362609	0.333356	0.00461343	0.254281	0.0742413	0.00229576	0.00355331	0.00892891	0.00888188	0.0132681	0.030459	0.197749	0.00243925	0.00339735
18	0.248866	0.00329489	0.00379378	0.0547308	0.00356375	0.0580767	0.0126337	0.00771977	0.0607145	0.00634547	0.0360733	0.0417603	0.00410509	0.0115288	0.0492268	0.177708	0.202881	0.0141776	0.000782385	0.00201712
19	0.0471702	0.0293192	0.0857854	0.0481807	0.010315	0.056273	0.0384925	0.0110946	0.034439	0.0172425	0.0091241	0.157988	0.0123145	0.027263	0.0470572	0.255784	0.0777283	0.0174243	0.00288517	0.0141193
20	0.0218514	0.0194601	0.00579071	0.00520403	0.253711	0.00771786	0.0408738	0.0336445	0.0035039	0.0621356	0.0102568	0.00529682	0.0145957	0.003342	0.00354037	0.0272983	0.0110607	0.0389068	0.00459985	0.42721
21	0.0513849	0.00975254	0.0853455	0.0680604	0.00151055	0.0561688	0.0655189	0.00691871	0.0578004	0.0175147	0.00308499	0.159869	0.0258753	0.045776	0.0815573	0.150636	0.0871993	0.0103033	0.000257519	0.0154659
22	0.0495636	0.00497864	0.201704	0.167636	0.0081988	0.0396258	0.0557478	0.00520279	0.0410416	0.0254136	0.00803053	0.124212	0.0155563	0.0441769	0.0330069	0.104647	0.0418246	0.0128934	0.000420374	0.0161193
23	0.00228606	0.00272608	0.000738473	0.000834877	0.104643	0.00620876	0.00192534	0.0695304	0.00264352	0.680388	0.0373326	0.000923217	0.013966	0.00576637	0.000867037	0.00201381	0.00155299	0.0462215	0.0151013	0.00433057
24	0.0334245	0.0033188	0.00967278	0.00690518	0.0325515	0.0165076	0.329884	0.0086242	0.0405796	0.0148279	0.00250713	0.117844	0.00962229	0.100152	0.106907	0.030951	0.00516369	0.00456395	0.00523983	0.120752
25	0.0153477	0.00368309	0.0556515	0.157264	0.00593588	0.0239252	0.0565561	0.00386331	0.191339	0.0255263	0.00804775	0.023957	0.00319005	0.156256	0.219968	0.0221891	0.0126178	0.00851358	0.0050364	0.00113147
26	0.00851015	0.00374868	0.00368975	0.00495502	0.0769584	0.00557613	0.00490793	0.0100344	0.00502878	0.105585	0.00634349	0.00486818	0.00457813	0.00527547	0.00471699	0.00927171	0.00770478	0.0098805	0.655015	0.0633516
27	0.175917	0.0278474	0.00479377	0.00851214	0.00820919	0.0260344	0.00767759	0.0161477	0.00851519	0.00861297	0.00915541	0.0147148	0.0141213	0.00823091	0.00802979	0.326868	0.301609	0.0206405	0.000896873	0.00346572
28	0.112111	0.0151881	0.00125776	0.00532859	0.0186876	0.00720131	0.00387382	0.218479	0.00834305	0.0434629	0.0312363	0.0071981	0.0154729	0.00628702	0.00551015	0.0164573	0.0431709	0.432795	0.000834701	0.00710464
29	0.0284712	0.00360964	0.0760671	0.390115	0.00522837	0.0186545	0.0754468	0.00538138	0.0463722	0.00899938	0.00703229	0.0212956	0.00791426	0.160469	0.0362689	0.0504781	0.0373211	0.0146295	0.00183592	0.0044095
30	0.0267028	0.00421209	0.0174648	0.0095072	0.0265288	0.00834128	0.300331	0.00397567	0.0566853	0.0119887	0.00294289	0.211028	0.00483778	0.0782197	0.0779806	0.0440305	0.0141375	0.00688657	0.00139538	0.0928032
31	0.0326995	0.00933729	0.00827236	0.0277637	0.00526093	0.00903052	0.0466123	0.0306652	0.0419125	0.0468684	0.00661156	0.0329498	0.42638	0.0909664	0.0671928	0.0454366	0.0285105	0.037254	0.00173822	0.00453748
32	0.052999	0.00239657	0.140876	0.360274	0.00434306	0.0282072	0.028073	0.00691787	0.078002	0.00905074	0.00698612	0.039241	0.010519	0.0974864	0.0456016	0.0418622	0.0227264	0.0204157	0.000773384	0.00324896
33	0.113215	0.0141567	0.000508403	0.00413298	0.013674	0.00658256	0.000825581	0.226299	0.00539556	0.041271	0.0316452	0.00292622	0.0141422	0.00425951	0.00272376	0.013332	0.0442751	0.457277	0.000172899	0.00318624
34	0.0169157	0.00307483	0.00252622	0.00341566	0.291995	0.00365917	0.0396687	0.00462564	0.00366031	0.0225303	0.00289461	0.00401465	0.0175162	0.00339207	0.003474	0.0177936	0.00501322	0.006399	0.00256287	0.544868
35	0.00726934	0.00335296	0.0035184	0.00411229	0.0767208	0.00519396	0.00448591	0.0092457	0.00498353	0.12181	0.00627205	0.00470317	0.00445735	0.00562945	0.00529658	0.00838898	0.00670838	0.00952689	0.647902	0.0604224
36	0.0484425	0.0063423	0.0386077	0.0604406	0.00276316	0.0319793	0.0225396	0.0215869	0.217143	0.0104298	0.0238857	0.0397924	0.0153921	0.0374364	0.240573	0.105022	0.0517465	0.0163238	0.00672141	0.00283155
37	0.086521	0.0162781	0.00239275	0.00563948	0.0129651	0.00438686	0.0124156	0.186929	0.00926117	0.246515	0.141683	0.00684447	0.00248085	0.00881214	0.0140688	0.0410509	0.12634	0.0692338	0.00200989	0.00417164
38	0.104067	0.012751	0.000475814	0.0033473	0.0133099	0.00605562	0.000723085	0.244884	0.00477145	0.059758	0.0345392	0.00265715	0.0131763	0.00397249	0.00311131	0.0122137	0.0403336	0.436433	0.000393923	0.00302586
39	0.00240897	0.00270538	0.000718429	0.000879255	0.104569	0.00626139	0.00186689	0.0702366	0.00263299	0.677617	0.0373686	0.000891101	0.0138718	0.00578813	0.00090958	0.0020261	0.00165849	0.0476662	0.0152394	0.00468497
40	0.0256269	0.00145504	0.143765	0.414162	0.00157146	0.0319544	0.0257321	0.00326337	0.0921255	0.0035954	0.00265692	0.0369398	0.00198998	0.0999152	0.0591573	0.0224709	0.01409	0.016519	0.000688912	0.00232058
41	0.0302641	0.00138463	0.131602	0.399522	0.00161033	0.030281	0.0332937	0.0032081	0.086593	0.00373294	0.00268594	0.0429952	0.00407496	0.0998262	0.0581871	0.0285503	0.0214661	0.0172265	0.000507751	0.0029882
42	0.00972967	0.00220773	0.000806526	0.00117817	0.0676494	0.00449402	0.0026373	0.163987	0.00328097	0.5406	0.0615665	0.00176564	0.0098269	0.011384	0.00396538	0.00604652	0.00727489	0.0881306	0.010662	0.002807
43	0.0720618	0.0454996	0.0716385	0.0457748	0.00414026	0.0890558	0.0220119	0.00614299	0.0203941	0.0140157	0.00384753	0.180354	0.0235095	0.0188049	0.0366353	0.263188	0.0683801	0.00699415	0.00148719	0.00606401
44	0.0201652	0.0010375	0.000773578	0.00156314	0.0118069	0.00134151	0.00128768	0.380421	0.00352305	0.279301	0.053752	0.0010155	0.00360042	0.0088428	0.00948592	0.0075295	0.00799879	0.202562	0.00211368	0.00187898
45	0.0763279	0.0141664	0.0195355	0.0533995	0.00661315	0.0158522	0.0539819	0.0644811	0.0988291	0.0395945	0.00801741	0.0668495	0.054314	0.0754341	0.100917	0.100383	0.0612585	0.0824274	0.000570799	0.00704679
46	0.0282548	0.0234066	0.0181937	0.0161522	0.148763	0.0201654	0.0260624	0.0633943	0.0148648	0.249557	0.0317625	0.0152073	0.0134616	0.0141355	0.0142673	0.0373147	0.0226848	0.0568699	0.0280463	0.157435
47	0.030785	0.0187289	0.00755329	0.0196006	0.0111501	0.013351	0.104849	0.0513116	0.088871	0.0561402	0.00670834	0.0518714	0.0358387	0.072889	0.167037	0.0915723	0.0446298	0.11254	0.00230428	0.0122689
48	0.0430828	0.00365695	0.0718241	0.272548	0.00451218	0.0204139	0.0346723	0.0201404	0.101458	0.0143629	0.00755536	0.028391	0.0166471	0.123393	0.107786	0.0406197	0.0370297	0.0476017	0.00144415	0.00286109
49	0.148191	0.0038857	0.0562157	0.153579	0.00820778	0.0119912	0.0294561	0.0284497	0.0960809	0.0167645	0.021309	0.0175246	0.0651546	0.0900704	0.0570457	0.106376	0.0548205	0.0314215	0.000638861	0.00281701
50	0.0430325	0.0188154	0.0103843	0.0141228	0.109039	0.0145578	0.0366129	0.0175272	0.0156422	0.0347243	0.00753176	0.0213049	0.306003	0.024789	0.0148556	0.0531845	0.0183883	0.0258511	0.00437638	0.209256
51	0.0567081	0.00252515	0.0356341	0.0614498	0.00281941	0.0382665	0.0143907	0.0321234	0.211816	0.0103567	0.0374324	0.0299559	0.00709004	0.0307592	0.216209	0.114577	0.0657657	0.0213426	0.0100732	0.00070445
52	0.0793961	0.0513721	0.0298454	0.0502968	0.0110611	0.0359754	0.0386614	0.0180582	0.110896	0.0294103	0.016413	0.0717344	0.0210565	0.059112	0.115911	0.141125	0.0702072	0.0322747	0.00271722	0.0144759
53	0.0737349	0.0109084	0.00106964	0.00325663	0.0208528	0.00540075	0.00258485	0.277244	0.00447492	0.126519	0.0459877	0.00256433	0.00947503	0.00581396	0.00488116	0.0133888	0.0310209	0.352106	0.00170291	0.00701414
54	0.0056168	0.0047031	0.00119895	0.00111943	0.0929485	0.00613526	0.00295708	0.104566	0.00279046	0.613582	0.0434401	0.00112979	0.0123316	0.00687825	0.00217108	0.00435838	0.00407117	0.0666015	0.0146178	0.00878321
55	0.0379693	0.00536517	0.170259	0.0979239	0.00467289	0.039001	0.0676589	0.00522516	0.0448445	0.0110069	0.00311532	0.164345	0.0147542	0.0397601	0.0589627	0.132819	0.0626727	0.0150135	0.000322781	0.0243076
56	0.0805794	0.00248649	0.0419367	0.0826301	0.0043294	0.0330511	0.0143078	0.0349286	0.186781	0.0139207	0.0349669	0.0254701	0.014042	0.0443842	0.1613	0.1183	0.0707243	0.0270336	0.00780652	0.0010207
57	0.0218677	0.068126	0.0265969	0.0211693	0.0305415	0.0408653	0.0729315	0.00780858	0.119944	0.0370022	0.0191433	0.0995266	0.00470404	0.037994	0.171765	0.0732409	0.0375438	0.0568219	0.00299613	0.0494112
58	0.0309897	0.00993996	0.021379	0.0404383	0.00595301	0.015463	0.0839703	0.0218935	0.0617548	0.0243465	0.00478389	0.0699972	0.299912	0.0875049	0.0818982	0.0571005	0.0374941	0.0309505	0.0013222	0.0129079
59	0.218543	0.0325447	0.0140188	0.0289672	0.00213883	0.351268	0.00293806	0.00268595	0.00778809	0.00422317	0.00541418	0.0147648	0.005736	0.00962474	0.00706924	0.220516	0.0487633	0.0210795	0.000482572	0.00143413
60	0.161471	0.023403	0.0300127	0.0260338	0.00214186	0.502781	0.00538465	0.00298804	0.0148893	0.00622188	0.00295614	0.0209856	0.00587163	0.0134046	0.0146528	0.114909	0.0326071	0.0148921	0.000855299	0.00353926
61	0.103622	0.0034455	0.0283817	0.0768513	0.00687515	0.0162528	0.0244339	0.059152	0.143373	0.018202	0.0225583	0.0271623	0.038643	0.0701923	0.123953	0.102126	0.066485	0.0618929	0.00399001	0.00240771
62	0.00926312	0.0041924	0.00474835	0.00698982	0.068115	0.00642598	0.00960079	0.0146043	0.0110065	0.0882265	0.00735778	0.00719793	0.00425069	0.0113347	0.015576	0.0123634	0.0081232	0.0119947	0.636151	0.0624777
63	0.00207597	0.00231058	0.000671702	0.000816131	0.104678	0.00619389	0.00174306	0.0678535	0.00262243	0.68505	0.0371586	0.000900458	0.0140482	0.00579876	0.000850676	0.00173375	0.00137971	0.045374	0.0150826	0.00365744
64	0.0142363	0.0147315	0.00251608	0.00968708	0.00276519	0.00458584	0.0280306	0.00616229	0.00866309	0.0173469	0.0049095	0.0136899	0.720977	0.0745124	0.0127985	0.0250616	0.0174873	0.016661	0.000915568	0.00426252
65	0.0360413	0.00863392	0.147904	0.0916648	0.00419992	0.481277	0.0124759	0.00246587	0.0176455	0.00860258	0.00304236	0.0540894	0.0042855	0.0210744	0.0182107	0.0560509	0.0118056	0.00653632	0.000574329	0.01342
66	0.664594	0.0106042	0.000832827	0.00719476	0.00178899	0.0405608	0.00383588	0.00235911	0.00124862	0.0179103	0.00329451	0.00863199	0.00200691	0.00201017	0.00560504	0.117844	0.0402026	0.0686221	0.000209952	0.00064348
67	0.0257929	0.0343251	0.0141493	0.0213268	0.0947885	0.0131783	0.0440171	0.129851	0.00776518	0.143939	0.0634654	0.0182061	0.00555856	0.015359	0.00439682	0.0791732	0.0557429	0.125606	0.00932274	0.0940363
68	0.0052371	0.00487938	0.00116523	0.00117636	0.103383	0.00693146	0.00266408	0.0752659	0.0026	0.650281	0.0372044	0.00108048	0.0134621	0.00574433	0.00116359	0.00346861	0.00310838	0.0571913	0.015177	0.00881646
69	0.0454049	0.0176497	0.120654	0.0621513	0.0125579	0.0591897	0.0770622	0.0128093	0.0549341	0.0222068	0.0103451	0.174799	0.0219965	0.0429795	0.0508461	0.116555	0.0462824	0.0216144	0.0020348	0.0279265
70	0.113201	0.0141115	0.000467217	0.00390951	0.0134475	0.00657455	0.000892898	0.227716	0.00526055	0.0421945	0.0321876	0.00288606	0.014756	0.00401255	0.00276909	0.0140724	0.044983	0.453207	0.000208472	0.00314209
71	0.442716	0.0128313	0.0046283	0.0120154	0.00643956	0.0356935	0.00499915	0.0682066	0.0080077	0.0328168	0.0156061	0.00956667	0.0209556	0.00689026	0.00892032	0.0905144	0.0480918	0.168085	0.000601769	0.00241365
72	0.0283014	0.00140538	0.129637	0.440535	0.00148702	0.0321344	0.0283521	0.00239446	0.0871989	0.00278537	0.00205886	0.0286881	0.00186832	0.106128	0.0573422	0.0155137	0.0135665	0.0188824	0.000447553	0.0012737
73	0.0337499	0.0967246	0.0183731	0.0136758	0.0152121	0.0245413	0.0105423	0.00695905	0.0118732	0.0332382	0.00817752	0.167491	0.0082834	0.0124274	0.0257084	0.369005	0.120974	0.0125681	0.00361846	0.00685772
74	0.105405	0.207073	0.0153518	0.0146457	0.0317488	0.0667005	0.0402109	0.03137	0.0297725	0.060185	0.0163723	0.0349218	0.0154589	0.0200641	0.0359695	0.130744	0.0450142	0.0598561	0.00598876	0.033147
75	0.00406354	0.00332693	0.000974195	0.00124465	0.103351	0.00639871	0.00262936	0.0742043	0.00270697	0.661354	0.0381843	0.00128868	0.0135476	0.00596326	0.00106707	0.00360609	0.00302777	0.0523061	0.014711	0.00604458
76	0.0321198	0.0382026	0.0296202	0.0435407	0.0149489	0.0561211	0.0543531	0.00984648	0.167553	0.0252669	0.0123395	0.0894989	0.0104631	0.0579649	0.159181	0.107064	0.04315	0.0238005	0.00424757	0.0207186
77	0.023829	0.0178512	0.0115752	0.0301038	0.00312712	0.0121544	0.011651	0.00858871	0.319744	0.00743796	0.00832783	0.0138377	0.00384447	0.0220596	0.435573	0.0423418	0.0161714	0.00675084	0.00338451	0.00164657
78	0.0503921	0.00916771	0.0842276	0.0683024	0.00157469	0.055471	0.0656459	0.00749173	0.0610673	0.0171551	0.00366946	0.158015	0.0255262	0.0459844	0.085073	0.147136	0.0877076	0.0106423	0.000308616	0.0154418
79	0.0980023	0.00714122	0.109283	0.147348	0.0126399	0.0341484	0.0272803	0.0192838	0.0789527	0.0439082	0.0345188	0.0469664	0.0427075	0.0579044	0.0416517	0.11669	0.0465218	0.02572	0.00185119	0.00748055
80	0.02831	0.00120993	0.372381	0.188191	0.00814175	0.0357018	0.0244359	0.00419768	0.0147677	0.00779248	0.0031224	0.128026	0.00819118	0.0369727	0.011745	0.0799111	0.0159326	0.0158038	0.000381677	0.0147844
81	0.0555796	0.0194695	0.136941	0.0695076	0.00251252	0.0699621	0.0412296	0.00456102	0.0316823	0.0126526	0.00250178	0.171576	0.017315	0.0270333	0.0517623	0.189871	0.0743645	0.00935817	0.000460908	0.011659
82	0.110752	0.0142918	0.000497073	0.00397922	0.0143302	0.00646377	0.000997923	0.229698	0.0050196	0.0446561	0.0325788	0.00295123	0.0140404	0.00386814	0.00272277	0.0138305	0.0449655	0.450819	0.00018782	0.00335006
83	0.408679	0.0177334	0.00414664	0.0141912	0.0100677	0.0424096	0.00647591	0.0506613	0.0099801	0.0398506	0.0339716	0.0101941	0.0111363	0.0100289	0.00899048	0.117798	0.0632602	0.132301	0.00118412	0.00693992
84	0.00778755	0.000966173	0.0010137	0.00185337	0.00418632	0.00175039	0.00147023	0.50439	0.00168144	0.023055	0.00236684	0.00179911	0.00161545	0.00205651	0.00589283	0.00320108	0.0138882	0.419692	0.000382644	0.000951232
85	0.0233122	0.00149037	0.000763325	0.00142922	0.014069	0.00129056	0.00201938	0.341301	0.00541294	0.299834	0.076821	0.00116204	0.00315742	0.0106107	0.0117634	0.00891155	0.0147099	0.177218	0.00269867	0.00202533
86	0.00865611	0.00470107	0.00409412	0.00499121	0.0751577	0.00550286	0.00567876	0.0063197	0.00470198	0.0708642	0.0039083	0.00512069	0.00397712	0.00470429	0.0049872	0.0103357	0.00777652	0.00789946	0.689408	0.0712146
87	0.0201566	0.00485636	0.019762	0.0450492	0.0142903	0.0221736	0.138213	0.00865522	0.133674	0.035534	0.00746381	0.0518112	0.0087401	0.172709	0.230289	0.0300397	0.0125944	0.0116423	0.00706831	0.0252781
88	0.0232464	0.0013399	0.468495	0.127846	0.00415828	0.033983	0.0188105	0.00207015	0.00934794	0.00606997	0.00301148	0.158456	0.0101361	0.0151948	0.006867	0.0619723	0.0171376	0.0187605	0.000469063	0.0126278
89	0.0469681	0.00340042	0.105301	0.301414	0.00362453	0.035456	0.0279966	0.0119399	0.116431	0.0100299	0.00917113	0.0479838	0.00973511	0.088045	0.0780861	0.0467588	0.0287542	0.0232579	0.00181496	0.0038313
90	0.0419861	0.0126647	0.0562053	0.0371767	0.00364158	0.569214	0.0151497	0.00300416	0.0356305	0.00622091	0.00280641	0.0710171	0.0040036	0.0325116	0.0269474	0.0547608	0.0141467	0.00416674	0.00072477	0.00802061
91	0.0258178	0.0642272	0.0589598	0.0435775	0.0532358	0.0692516	0.0705108	0.00983253	0.0740724	0.071093	0.0276164	0.0965839	0.0063021	0.0439204	0.0745314	0.0970519	0.0276135	0.0239833	0.00612344	0.0556953
92	0.0271136	0.00493902	0.403439	0.10751	0.00473741	0.0902066	0.0192177	0.00327535	0.017608	0.00768842	0.00368813	0.146586	0.00870537	0.0198475	0.0147527	0.0700575	0.0230368	0.014019	0.000952795	0.0126198
93	0.025081	0.00121144	0.423949	0.157605	0.00514445	0.0406539	0.0234463	0.00291962	0.012531	0.00686736	0.00258226	0.134588	0.00855444	0.0245014	0.0103385	0.0727615	0.0184042	0.015484	0.000395888	0.0129805
94	0.0254933	0.0223514	0.063802	0.0503778	0.0704252	0.0196056	0.0470062	0.0569703	0.0149989	0.175164	0.0817164	0.0292819	0.00844203	0.0198425	0.0068528	0.136064	0.0477174	0.0524406	0.00509494	0.0663526
95	0.184375	0.00102505	0.0123316	0.0261477	0.0013998	0.0282481	0.0088426	0.004588	0.0196983	0.0329038	0.00240439	0.0124728	0.449745	0.00440444	0.00860871	0.106839	0.0457824	0.048422	0.000360857	0.00140114
96	0.0256389	0.00192968	0.000782446	0.00171536	0.012693	0.00165831	0.00238981	0.355812	0.00401479	0.269433	0.0551366	0.00170129	0.00538434	0.00975599	0.0106265	0.00839819	0.0111015	0.217587	0.00216952	0.00207123
97	0.0378997	0.00929344	0.0477203	0.0343609	0.0037344	0.0253972	0.0808138	0.00548796	0.0604437	0.0128818	0.00296162	0.225688	0.0126662	0.0403164	0.0807999	0.215061	0.0711999	0.0112477	0.000779119	0.021247
98	0.0218507	0.0669933	0.0212433	0.0258021	0.0346823	0.0451461	0.072097	0.00604736	0.11752	0.0380242	0.0120216	0.094333	0.00550896	0.0465142	0.164035	0.0855672	0.0467939	0.0466708	0.00291393	0.0462352
99	0.018575	0.00224995	0.000910382	0.00156413	0.0279044	0.0023067	0.00367481	0.288376	0.0044481	0.338687	0.106528	0.00259008	0.00400973	0.01152	0.00784781	0.0105643	0.0137458	0.145165	0.00670635	0.002627
100	0.139077	0.00449664	0.0151165	0.0477182	0.00429204	0.0339899	0.0121586	0.0288566	0.109309	0.0161255	0.056256	0.0300091	0.00853056	0.0220642	0.076793	0.157336	0.199033	0.032732	0.00381175	0.00229374
101	0.0254652	0.046345	0.0117518	0.00760236	0.118855	0.0159875	0.0249632	0.10358	0.00273502	0.278408	0.0357644	0.00721272	0.00956008	0.00383514	0.00336347	0.0434393	0.0232322	0.112046	0.0141516	0.111702
102	0.0586173	0.00428601	0.0346676	0.0607483	0.00326417	0.0579691	0.0161919	0.026301	0.223186	0.017099	0.031179	0.032034	0.00562508	0.0276832	0.193621	0.115063	0.0540467	0.018564	0.0179488	0.00190467
103	0.0233166	0.00128968	0.215646	0.376619	0.00359022	0.029869	0.026773	0.00367093	0.0555946	0.00519248	0.00208565	0.0494753	0.00327046	0.0945602	0.0360041	0.0391514	0.012659	0.0145274	0.000557145	0.00614827
104	0.00366238	0.00403122	0.00139991	0.00140001	0.106849	0.0066912	0.00341956	0.070919	0.00278902	0.640969	0.0382086	0.0015835	0.0134508	0.00585345	0.0014302	0.00474978	0.00262778	0.0479463	0.0269838	0.0150357
105	0.0260913	0.00946628	0.0276186	0.0256992	0.0200054	0.0197173	0.213175	0.00593209	0.0814327	0.0216873	0.00478397	0.156215	0.00856935	0.1032	0.125312	0.0518817	0.022952	0.0116021	0.00247016	0.0621873
106	0.0586719	0.00869739	0.0797415	0.0752488	0.00169347	0.0559148	0.0602567	0.0110005	0.0715105	0.0196393	0.00722505	0.137778	0.024445	0.0464366	0.0880473	0.144584	0.0851721	0.010363	0.00129461	0.012279
107	0.00808443	0.00366712	0.0233508	0.0563834	0.0155195	0.016812	0.0865128	0.00273413	0.151044	0.0548141	0.0126187	0.036047	0.0036889	0.265385	0.227714	0.0111018	0.00710927	0.00577106	0.00673972	0.00490203
108	0.249838	0.0208883	0.00351264	0.0137583	0.00576874	0.0605714	0.00656537	0.0149184	0.00944464	0.0150075	0.0160732	0.0122616	0.0286986	0.00946218	0.00741756	0.282157	0.183249	0.0573556	0.00077161	0.00228007
109	0.0374561	0.082005	0.015891	0.0175845	0.0270917	0.0256509	0.0261331	0.0776774	0.0243039	0.0432974	0.0910149	0.0783472	0.0116112	0.0191888	0.0276827	0.234871	0.0451866	0.0308898	0.0550487	0.0290682
110	0.104739	0.0105408	0.00561058	0.0119223	0.00809873	0.00904529	0.010219	0.0656527	0.0332162	0.226686	0.141719	0.0106402	0.00483999	0.0140744	0.0755558	0.0673411	0.12409	0.068075	0.00278791	0.00514535
111	0.183597	0.0187284	0.00250435	0.00717555	0.0146656	0.0155417	0.00404181	0.178329	0.00856815	0.0523614	0.0293064	0.00656155	0.019711	0.00687481	0.00587356	0.0422981	0.0486359	0.347547	0.000882126	0.00679694
112	0.411765	0.0186219	0.0115858	0.0231277	0.00608597	0.0690526	0.00940944	0.0323499	0.0218786	0.0268914	0.0139787	0.0175922	0.0260806	0.013521	0.0196015	0.123123	0.069702	0.0804295	0.00106398	0.00413934
113	0.0278795	0.00347321	0.0124968	0.00838047	0.0325366	0.00868457	0.339135	0.0042031	0.0553635	0.013302	0.00269474	0.178954	0.00557114	0.0901064	0.0779433	0.0237725	0.00561714	0.00511204	0.00176425	0.10301
114	0.61471	0.0141862	0.00110566	0.00836825	0.00216427	0.064518	0.00351634	0.00222984	0.00176876	0.0159819	0.00335432	0.00828473	0.00275258	0.00305891	0.005224	0.140405	0.0425421	0.0647996	0.000319079	0.000710699
115	0.0164457	0.00122904	0.000570572	0.00146019	0.0217598	0.00191445	0.00135495	0.355354	0.00326454	0.31303	0.0537439	0.00099193	0.00446125	0.00843847	0.00742257	0.00628033	0.00798701	0.188867	0.00371313	0.00171188
116	0.0288983	0.00174377	0.295496	0.231667	0.00723409	0.0304999	0.0290081	0.010493	0.0373362	0.00903012	0.00466317	0.0941665	0.00796985	0.0637952	0.0208253	0.080464	0.0181503	0.0142109	0.000703923	0.0136443
117	0.288777	0.00324835	0.003461	0.0515437	0.00306223	0.0657698	0.0125657	0.00522525	0.0584238	0.00684847	0.0297957	0.0394634	0.00330958	0.0102389	0.0520269	0.169052	0.181071	0.0135167	0.000718148	0.00188281
118	0.0922242	0.0130685	0.00236207	0.00643174	0.0141746	0.00471216	0.012812	0.200566	0.00875126	0.235019	0.11774	0.00677014	0.00327928	0.0107193	0.011707	0.0478622	0.119433	0.0857753	0.00205281	0.00453925
119	0.008545	0.00897175	0.0038488	0.00428731	0.108518	0.00755959	0.00891789	0.0779558	0.00430594	0.562759	0.0393993	0.00421999	0.0131578	0.00861084	0.00336847	0.0135358	0.00989782	0.0567094	0.0252488	0.0301821
120	0.135803	0.00394784	0.0546129	0.143854	0.00790273	0.013212	0.0256035	0.0298446	0.106689	0.018261	0.0243435	0.0215289	0.0522904	0.0889026	0.0637924	0.110405	0.0635908	0.0321054	0.000718882	0.00259113
121	0.0507783	0.00485129	0.0303797	0.05497	0.00332006	0.0317409	0.0131347	0.0326497	0.234292	0.00907983	0.032178	0.027484	0.00618887	0.0262526	0.253006	0.101139	0.0580292	0.0211106	0.00857596	0.000839501
122	0.0543753	0.012231	0.0657892	0.0596649	0.00206533	0.62437	0.00544953	0.00213685	0.0190631	0.00507284	0.00220896	0.0254853	0.00337851	0.0204503	0.0204266	0.0575222	0.010639	0.00440614	0.00088097	0.00438351
123	0.0430451	0.0108372	0.280501	0.117945	0.0107908	0.0543788	0.0310901	0.010648	0.0281827	0.0164238	0.0079451	0.119021	0.0142861	0.0313484	0.0290071	0.115362	0.0388341	0.0215885	0.0022794	0.0164853
124	0.160452	0.00704169	0.0169444	0.0483232	0.00604528	0.0148335	0.0487118	0.0482497	0.083653	0.0210142	0.0106027	0.0389104	0.0623966	0.0574006	0.12188	0.106685	0.0671548	0.0723092	0.00171453	0.00567763
125	0.0330064	0.00391671	0.000769091	0.00207087	0.0124101	0.0024798	0.00186425	0.380048	0.00353919	0.186469	0.0403376	0.00171302	0.00514881	0.00651264	0.00688639	0.00867262	0.0176629	0.28105	0.00173027	0.00371123
126	0.42473	0.019142	0.0112286	0.0211431	0.012744	0.0709487	0.0121385	0.0206269	0.0212266	0.0267322	0.0116205	0.0160661	0.0274234	0.011635	0.020237	0.123579	0.0584016	0.0676423	0.00333076	0.0194041
127	0.0285859	0.0035059	0.000843963	0.00248733	0.0156144	0.00238506	0.00265261	0.367373	0.00386776	0.232549	0.0480215	0.00170579	0.00463322	0.00849604	0.00916124	0.00892071	0.0154106	0.237417	0.00238957	0.00397922
128	0.0377303	0.00405995	0.34223	0.12907	0.00729045	0.0377933	0.0324908	0.00427249	0.0220746	0.00970569	0.00492368	0.156056	0.0101362	0.025123	0.0191626	0.0791909	0.0279389	0.0217879	0.00106353	0.027901
129	0.0636633	0.00886728	0.00523492	0.0132458	0.0205171	0.00708789	0.0135578	0.116238	0.0181431	0.219186	0.183267	0.0105795	0.00380587	0.0159366	0.0178547	0.0573187	0.126373	0.0887669	0.00240084	0.00795549
130	0.0141403	0.0130778	0.0025345	0.00900923	0.00270984	0.00444402	0.0259991	0.00538824	0.00855884	0.0183369	0.00484698	0.0134937	0.720032	0.0793674	0.0126076	0.0248953	0.0205197	0.0152523	0.000871915	0.00391391
131	0.025417	0.00555868	0.00322651	0.00451211	0.0488266	0.00502404	0.0077251	0.172592	0.00852987	0.394546	0.120836	0.00533155	0.00790761	0.012046	0.00940041	0.0214863	0.0338705	0.0983299	0.00722256	0.00761144
132	0.0373386	0.00639457	0.120701	0.0616991	0.00560021	0.0368543	0.0942689	0.00627871	0.0415536	0.0134097	0.00454909	0.171962	0.0153668	0.0364933	0.0542013	0.134045	0.11583	0.0157776	0.000986814	0.0266896
133	0.123281	0.01647	0.00113585	0.00572307	0.0131382	0.00749379	0.00270467	0.216136	0.00717507	0.0403061	0.030201	0.00388468	0.0224398	0.00626695	0.00492993	0.0186322	0.0448946	0.4315	0.000242892	0.00344403
134	0.033217	0.0057756	0.115197	0.067726	0.00914621	0.0319919	0.110557	0.00551198	0.0476118	0.0104787	0.00401275	0.170392	0.0139097	0.0422456	0.0545303	0.126921	0.0915176	0.0198008	0.000512155	0.0389451
135	0.412275	0.0265794	0.00529715	0.0147798	0.00493535	0.0926188	0.00667268	0.00827109	0.00749735	0.0137389	0.00611225	0.015461	0.0141212	0.00717184	0.00925523	0.217477	0.0910331	0.043268	0.000550493	0.00288448
136	0.0553044	0.00924787	0.00167107	0.00398046	0.0171246	0.00471971	0.00395223	0.324429	0.005215	0.0954072	0.0285771	0.00338983	0.00878472	0.00653873	0.00688957	0.0122885	0.0273548	0.374902	0.00159804	0.00862497
137	0.0968361	0.0114144	0.000537053	0.0031636	0.0113559	0.00533626	0.000708252	0.274584	0.00416882	0.0358419	0.026706	0.00256484	0.0121571	0.00318131	0.00306063	0.0108005	0.041126	0.453491	0.000189546	0.00277725
138	0.104511	0.0128262	0.000456868	0.00338946	0.0131044	0.00591354	0.000775906	0.249654	0.00469867	0.0552301	0.0320079	0.00271693	0.012975	0.00394849	0.00298414	0.0121106	0.0403242	0.439179	0.000284592	0.00290874
139	0.026583	0.0206828	0.0155071	0.011767	0.192363	0.0146572	0.0563012	0.0225517	0.0137031	0.0465382	0.011642	0.0259432	0.0187914	0.0134936	0.0165341	0.0437664	0.0178801	0.0278026	0.0293661	0.374126
140	0.0042807	0.00507659	0.00139254	0.00115392	0.10384	0.00677322	0.00346648	0.0773232	0.00299002	0.644781	0.0392915	0.001543	0.0136205	0.00621695	0.00164539	0.00535369	0.00330957	0.0519465	0.0150751	0.0109198
141	0.350523	0.0298681	0.00374778	0.0212266	0.0023963	0.256958	0.00325367	0.00262469	0.00644311	0.00699617	0.00541854	0.0062396	0.00398239	0.00781593	0.00608689	0.192962	0.0609617	0.0309186	0.000457806	0.00111969
142	0.0862112	0.00981854	0.00115054	0.00491026	0.0120057	0.00552848	0.00219087	0.287463	0.00757699	0.0774055	0.0326183	0.00383249	0.0120084	0.00626099	0.00681573	0.0137085	0.0362166	0.390291	0.000589	0.00339748
143	0.00760678	0.000972691	0.00101749	0.00189352	0.00408119	0.00175274	0.00146612	0.504773	0.00166462	0.0218427	0.00213821	0.0017931	0.00158098	0.00201665	0.00589353	0.00318393	0.0138864	0.421097	0.000379532	0.000959642
144	0.0139232	0.00922052	0.0056997	0.010053	0.0881843	0.00784488	0.0108329	0.0871275	0.0225392	0.508186	0.0488502	0.00886418	0.0115776	0.0152771	0.010531	0.0210272	0.016858	0.0804315	0.0109585	0.0120131
145	0.405606	0.0375264	0.00284933	0.0147152	0.00330976	0.164976	0.00472331	0.00440989	0.00505216	0.0100718	0.00527047	0.00889718	0.00482317	0.00673541	0.00565638	0.18533	0.0890069	0.0392365	0.000378874	0.00142603
146	0.122891	0.0208301	0.0362412	0.0322954	0.00229714	0.520425	0.00802356	0.00324386	0.0166429	0.00506155	0.00405572	0.0223491	0.00450152	0.0158251	0.0187664	0.120252	0.0291673	0.0120321	0.000876981	0.00422169
147	0.0702418	0.408151	0.00862489	0.00756845	0.0547063	0.0417155	0.0675512	0.0126173	0.0119878	0.0607546	0.00683155	0.0128425	0.019142	0.0127599	0.00965918	0.0886193	0.0108836	0.0421043	0.00359513	0.0496437
148	0.105084	0.0127658	0.000464741	0.00339407	0.0121796	0.00579499	0.000653448	0.249943	0.00451475	0.0379809	0.028815	0.00268221	0.0132249	0.00339898	0.00263202	0.0116781	0.042414	0.459306	0.0001815	0.00289213
149	0.200634	0.0182738	0.00376982	0.0117457	0.0129691	0.0287125	0.00460886	0.160995	0.0128673	0.0424486	0.0259944	0.00731169	0.0219897	0.00819308	0.011042	0.0537057	0.0510123	0.314534	0.00103728	0.0081545
150	0.191476	0.0167409	0.00424434	0.0112727	0.0134878	0.0150863	0.00423453	0.173208	0.0108453	0.0495605	0.0280479	0.0072529	0.021167	0.00970518	0.00626394	0.0463403	0.0460289	0.338242	0.000672101	0.00612368
151	0.192181	0.0680299	0.017404	0.0218368	0.00622535	0.260531	0.01172	0.00475626	0.0094961	0.0133592	0.0057791	0.0320877	0.00875666	0.0113478	0.0126489	0.230306	0.0603797	0.0220355	0.00221577	0.00890304
152	0.0469788	0.0072018	0.0012407	0.00323078	0.0134525	0.00387955	0.00412428	0.366861	0.00393843	0.0928021	0.0263625	0.00321565	0.00752299	0.00536822	0.00615606	0.0110354	0.0257393	0.363195	0.00134786	0.00634706
153	0.202937	0.0141657	0.0133398	0.0281281	0.00520272	0.0294926	0.0152455	0.0128955	0.0219555	0.0326961	0.00572263	0.0170921	0.356127	0.0134324	0.0140515	0.107296	0.0518029	0.0516744	0.000785375	0.00595659
154	0.0329746	0.00470811	0.342886	0.140651	0.00658693	0.0531269	0.0282303	0.00666501	0.0304888	0.011372	0.00714036	0.120556	0.00962463	0.0315294	0.0281406	0.0776995	0.0297978	0.021573	0.00118088	0.0150681
155	0.11975	0.0293597	0.0337388	0.036078	0.0146967	0.0563797	0.0217407	0.0200719	0.0276373	0.0263228	0.014117	0.0517042	0.0435432	0.0208657	0.0302552	0.292019	0.111314	0.0321516	0.0027633	0.0154911
156	0.0340577	0.0208248	0.0150618	0.0145611	0.142828	0.0166287	0.0429835	0.0605124	0.0196775	0.211928	0.0265072	0.0205937	0.0155263	0.02029	0.0226377	0.0406753	0.0216264	0.0579417	0.0246521	0.170486
157	0.636583	0.0127504	0.000982796	0.00756712	0.00190924	0.0512351	0.00356577	0.00252339	0.00141347	0.0171744	0.00343411	0.00821939	0.00560731	0.00234085	0.00559829	0.127436	0.0427533	0.0680164	0.000227285	0.000661524
158	0.19129	0.00110067	0.0108747	0.023132	0.00126846	0.0277262	0.00866893	0.00399303	0.0159816	0.032978	0.0021542	0.0115879	0.455805	0.00280908	0.00655823	0.108428	0.0451949	0.0486039	0.000334927	0.00150939
159	0.0494393	0.0120892	0.0547849	0.0610281	0.00378926	0.0405821	0.0560446	0.017349	0.0848101	0.0255894	0.00577337	0.136542	0.0342545	0.0583142	0.107878	0.141655	0.0725108	0.0234676	0.000892444	0.0132057
160	0.139297	0.00660542	0.0886361	0.208993	0.0098358	0.0435135	0.0253299	0.0191221	0.0670367	0.0183496	0.0134001	0.0409163	0.0335393	0.0654457	0.0427138	0.0853891	0.0467155	0.0338779	0.00140682	0.00987628
161	0.0239479	0.00411715	0.00203214	0.00461273	0.0319685	0.00319134	0.00540137	0.297842	0.00571782	0.320447	0.0594039	0.00437813	0.00612127	0.0108887	0.00813755	0.0144487	0.0186826	0.167264	0.00447314	0.00692396
162	0.479168	0.00813312	0.00178376	0.0299583	0.00223686	0.0694789	0.00840427	0.00334645	0.024219	0.0120438	0.0129333	0.0191352	0.00342216	0.00572479	0.0289565	0.153667	0.0985266	0.0370678	0.000445285	0.00134858
163	0.0879301	0.00479691	0.0037114	0.0227845	0.00584953	0.0161628	0.00671552	0.0723441	0.0306623	0.0405205	0.11698	0.0217479	0.00364786	0.0199875	0.00747672	0.128223	0.303122	0.102585	0.00139072	0.00336022
164	0.0438918	0.0152037	0.0310801	0.0524158	0.00748547	0.0342437	0.0500361	0.01713	0.18338	0.0225786	0.0123957	0.0519174	0.013601	0.0620297	0.258102	0.0730902	0.0341822	0.0204806	0.00500128	0.0117538
165	0.0187891	0.00193836	0.000765487	0.00152743	0.0307273	0.00213574	0.00297288	0.300257	0.00385472	0.356709	0.0788621	0.00156519	0.00454984	0.00986735	0.00765637	0.00818942	0.0141572	0.148255	0.00491643	0.00230397
166	0.0439477	0.0110159	0.0569865	0.0590003	0.0047903	0.0497297	0.0583458	0.0145735	0.140036	0.0156369	0.013114	0.10626	0.0145367	0.0438613	0.161753	0.116469	0.0582265	0.0150538	0.00407661	0.0125871
167	0.0258884	0.00297468	0.000983398	0.00186724	0.0123659	0.00224254	0.00209965	0.38954	0.00355439	0.219082	0.0432206	0.00182829	0.00478705	0.00740406	0.00786029	0.00802	0.0135972	0.24768	0.00180439	0.00319974
168	0.58784	0.0147911	0.00213097	0.010658	0.00340945	0.0618619	0.00583852	0.00514721	0.00286834	0.0165149	0.00476748	0.00802403	0.00379268	0.00387481	0.00616985	0.146982	0.0556426	0.0577368	0.000367418	0.00158182
169	0.0255646	0.0051683	0.0456634	0.0804615	0.00435748	0.10079	0.00718108	0.00464006	0.291648	0.00713238	0.00448152	0.323443	0.00413443	0.0537501	0.00646396	0.0148024	0.00792567	0.00586718	0.0018909	0.00463431
170	0.507033	0.0177176	0.00809114	0.0174254	0.00434469	0.0714525	0.00948291	0.00744975	0.00816175	0.0158919	0.00666649	0.0130746	0.0127423	0.007719	0.0105164	0.156588	0.0696172	0.0522823	0.000756329	0.0029874
171	0.0665615	0.009394	0.064629	0.175661	0.00985893	0.0255696	0.0267021	0.0302928	0.129548	0.0243353	0.0215758	0.0408828	0.0195481	0.0742044	0.0931373	0.0708823	0.0488856	0.0588745	0.00226125	0.00719612
172	0.629377	0.013558	0.000894662	0.00883392	0.00194927	0.0711767	0.00351409	0.00217367	0.00192103	0.0163159	0.00317034	0.00793209	0.00183741	0.00281468	0.00538567	0.12339	0.0398736	0.0650074	0.000227168	0.000647569
173	0.0347729	0.00428481	0.000817025	0.0022556	0.0074796	0.00305734	0.00127591	0.423562	0.00244077	0.038661	0.0130915	0.00204345	0.00501893	0.00266999	0.00520056	0.00574032	0.0211839	0.424006	0.000587315	0.00185119
174	0.053657	0.0284504	0.00876489	0.0109697	0.0880575	0.0123566	0.0169003	0.149272	0.00883424	0.208623	0.0362227	0.00847453	0.0151191	0.00996892	0.00734606	0.0329534	0.0302111	0.203881	0.0125151	0.0574215
175	0.13541	0.0233554	0.0202278	0.0273132	0.0132975	0.0338688	0.0200103	0.0414324	0.0270394	0.0416136	0.0282818	0.0395953	0.0328368	0.0227158	0.0280506	0.184803	0.206225	0.0591726	0.00559774	0.009153
176	0.0477817	0.0148265	0.0511934	0.107293	0.0145608	0.0444585	0.0601866	0.0296182	0.0931473	0.0412832	0.0175762	0.0628561	0.0366922	0.121664	0.0959508	0.064064	0.0370484	0.0400101	0.00380473	0.0159842
177	0.0346606	0.0042359	0.360087	0.127434	0.0057163	0.0724076	0.023055	0.00558121	0.0311135	0.010236	0.0051435	0.122321	0.0162674	0.0319812	0.0270298	0.0689641	0.0243535	0.0174504	0.000973655	0.0109879
178	0.0355367	0.063828	0.0163035	0.00938041	0.122361	0.0206175	0.0316409	0.114953	0.00192255	0.14676	0.0303597	0.00829787	0.00785747	0.00242836	0.00445515	0.0553995	0.0302094	0.136729	0.0150514	0.145908
179	0.0407481	0.0049111	0.00087618	0.00256539	0.00818204	0.00308414	0.00256654	0.404439	0.00387561	0.0646713	0.0205545	0.00276812	0.00630927	0.00421726	0.00623248	0.007462	0.0224707	0.39163	0.000591524	0.00184524
180	0.0286064	0.00203083	0.000905383	0.00171023	0.0128948	0.00174278	0.00203317	0.329408	0.00510265	0.288969	0.0659177	0.0016005	0.00390192	0.0121721	0.0125049	0.0115272	0.0156475	0.198821	0.00237372	0.00212987
181	0.0266285	0.00847952	0.0270351	0.0684312	0.00899941	0.0231313	0.0708268	0.0122631	0.161341	0.0339794	0.0108459	0.0362264	0.01759	0.15693	0.242419	0.0409324	0.0217751	0.0187118	0.00610329	0.00735095
182	0.0434497	0.0104362	0.050774	0.0322617	0.000958532	0.730313	0.0025697	0.0011468	0.0140777	0.00329091	0.000862827	0.0189926	0.00119007	0.0156284	0.0181982	0.0461358	0.00468688	0.00146669	0.000360044	0.00319998
183	0.0324252	0.00474652	0.146646	0.241921	0.00211035	0.313018	0.0155714	0.0023052	0.0391135	0.0045554	0.00175243	0.0359978	0.00261245	0.0625665	0.0300601	0.0400243	0.00954023	0.00959801	0.000369836	0.00506584
184	0.0183515	0.0200003	0.00926272	0.0237098	0.00355783	0.00999855	0.0166182	0.00583658	0.339804	0.00780232	0.00522263	0.013345	0.0046046	0.0294565	0.435102	0.0346266	0.0110339	0.00688059	0.0025612	0.00222445
185	0.0933689	0.00316428	0.0452985	0.0954706	0.00442649	0.0272428	0.0187368	0.0299689	0.168067	0.0126658	0.0285204	0.0290464	0.0236885	0.0562788	0.144904	0.11667	0.0687664	0.0262648	0.00568997	0.0017608
186	0.0277305	0.0467039	0.0119661	0.00857813	0.112539	0.0153612	0.0291794	0.127889	0.00311194	0.23499	0.0388604	0.00850312	0.0081632	0.00523154	0.0041698	0.0473078	0.0281627	0.120706	0.0127052	0.108141
187	0.158953	0.00443731	0.0100659	0.0216379	0.00191349	0.0232563	0.0105359	0.00636363	0.0153475	0.0314092	0.00337504	0.0138254	0.488101	0.00929574	0.00857064	0.107782	0.0415899	0.040548	0.000631281	0.00236155
188	0.0150126	0.00521356	0.00223216	0.00438121	0.0794358	0.00738627	0.00571643	0.116034	0.00736086	0.54665	0.0473335	0.00402465	0.0133537	0.0109211	0.00707476	0.0119046	0.0124615	0.0738084	0.0227061	0.00698888
189	0.0237684	0.0142624	0.0152579	0.0100654	0.193845	0.0121989	0.0634245	0.0247547	0.0129023	0.0524367	0.00991816	0.0294897	0.0139375	0.015646	0.0209006	0.0372278	0.0147144	0.0305591	0.0324742	0.372216
190	0.0495521	0.0173616	0.0856406	0.0533757	0.00362244	0.0508289	0.051303	0.00635009	0.0476418	0.0142176	0.0041075	0.169909	0.0189297	0.033035	0.0723911	0.202911	0.0922785	0.0110014	0.00100875	0.014534
191	0.0143397	0.0234201	0.00620377	0.0189918	0.0036635	0.00683032	0.0119557	0.00405808	0.353161	0.00643876	0.00268509	0.0117305	0.00330686	0.0214352	0.466027	0.0300496	0.00640431	0.00539552	0.00152325	0.00237972
192	0.0446401	0.0052295	0.000717446	0.00226536	0.00863567	0.00346508	0.00123248	0.388785	0.00313183	0.0665938	0.020801	0.0019339	0.00636741	0.00346862	0.0051985	0.00713244	0.0235387	0.404225	0.00093419	0.0017046
193	0.102334	0.0125843	0.000499589	0.00329836	0.0135398	0.00648292	0.000734907	0.24343	0.00486878	0.0673934	0.0358425	0.0025453	0.0127464	0.00426141	0.00326744	0.0121535	0.0398949	0.430534	0.000481572	0.00310586
