258	20
1	0.244345	0.000950636	0.0275244	0.0367523	0.000540243	0.0519501	0.0098275	0.000887899	0.0236098	0.00637747	0.00210936	0.0206745	0.229292	0.0271821	0.0374881	0.179898	0.0925911	0.00731708	0.000236594	0.00044513
2	0.0297653	0.00594116	0.00723917	0.0132311	0.000767248	0.00419941	0.00814643	0.00360252	0.0511293	0.0192152	0.00366228	0.00102304	0.0078991	0.0610346	0.764392	0.00966477	0.002721	0.00528631	0.00029009	0.000789962
3	0.128511	0.00441582	0.000652148	0.00169305	0.00542268	0.00452647	0.00169149	0.269974	0.000548726	0.119748	0.0368486	0.00057541	0.0101005	0.00149343	0.00149222	0.00314058	0.0294462	0.37827	0.000972654	0.000477669
4	0.0253712	0.00466093	0.00224372	0.00790982	0.013012	0.00431087	0.00976623	0.148682	0.00347908	0.37676	0.0331788	0.0013023	0.00331557	0.00908556	0.00935113	0.0060437	0.0564445	0.271037	0.00144916	0.0125964
5	0.764212	0.00110421	0.00196659	0.0053809	0.000773934	0.0933748	0.000867917	0.0049033	0.000513284	0.00694535	0.00267689	0.00769875	0.00608636	0.00258096	0.00165517	0.0528873	0.0290441	0.0165279	0.000280832	0.000519162
6	0.276485	0.00737434	0.00410872	0.00714526	0.0195859	0.0404224	0.0341185	0.0875486	0.00327141	0.0634167	0.0218142	0.00290662	0.00252194	0.0102238	0.0533388	0.0969629	0.125073	0.098349	0.0155993	0.029734
7	0.0399252	0.0035858	0.000925686	0.00138399	0.00975346	0.00216853	0.00393164	0.138965	0.000657035	0.536216	0.0210702	0.000478421	0.007544	0.00291271	0.00139526	0.00494434	0.0192998	0.200949	0.00138802	0.00250579
8	0.353152	0.00855387	0.000853473	0.000813293	0.00563397	0.00962422	0.00111226	0.0372521	0.000750085	0.0474934	0.0191815	0.000645788	0.00953054	0.00135224	0.00161048	0.0382716	0.121254	0.335223	0.000384663	0.00730732
9	0.158536	0.00183566	0.0208487	0.0250073	0.00249965	0.242794	0.03434	0.00319724	0.0285682	0.0235386	0.00324362	0.029487	0.00516149	0.0449352	0.200541	0.0951689	0.0412528	0.0292774	0.00109293	0.00867467
10	0.135308	0.00939023	0.0118284	0.0539118	0.0214665	0.0334207	0.0479381	0.0383283	0.016376	0.198551	0.0416201	0.00690345	0.00250594	0.0542606	0.0993905	0.0378918	0.052973	0.0976733	0.0204525	0.019809
11	0.18744	0.000577444	0.136833	0.120849	0.000863339	0.137506	0.00119765	0.00732432	0.00969738	0.00269482	0.00116362	0.00603325	0.101321	0.043326	0.0325556	0.129211	0.060234	0.0114832	0.000378902	0.00931115
12	0.135018	0.000942	0.00976638	0.00350714	0.00231644	0.0194096	0.00259648	0.0441763	0.00143707	0.519087	0.024161	0.00747401	0.00156107	0.00295581	0.0700687	0.0114407	0.0416423	0.100429	0.000677881	0.00133369
13	0.336121	0.0876197	0.0124063	0.0125192	0.0103624	0.0342194	0.0142412	0.0884291	0.00718774	0.0481986	0.0236819	0.00633985	0.00788479	0.0171015	0.0261471	0.0982555	0.0790959	0.0756429	0.00460014	0.00994532
14	0.108867	0.00265788	0.235631	0.286194	0.00798319	0.0398383	0.0210395	0.00646197	0.0121308	0.0472018	0.00894874	0.016557	0.0119071	0.0486363	0.0503654	0.0277944	0.0354703	0.0223223	0.00229061	0.00770218
15	0.0171411	0.000561067	0.540058	0.320328	0.000862379	0.00925015	0.0066531	0.000890256	0.00446207	0.00309462	0.000927328	0.0218456	0.000619504	0.0389832	0.0164449	0.00700958	0.00366856	0.00597638	0.000302237	0.000921258
16	0.356789	0.0319357	0.00507827	0.00304974	0.0113228	0.0221251	0.00273593	0.028848	0.00106582	0.0579482	0.028916	0.00109375	0.00518243	0.00521774	0.0066424	0.0571716	0.128628	0.236055	0.00110631	0.00908892
17	0.254708	0.0106364	0.00215133	0.00636799	0.0182405	0.0269439	0.00334186	0.0270019	0.00188445	0.126512	0.056367	0.00208886	0.00467859	0.00410851	0.0052784	0.0239225	0.13237	0.266152	0.00144383	0.0258021
18	0.389773	0.00253579	0.00436113	0.00672002	0.00401429	0.0820695	0.121697	0.00450762	0.00468715	0.0107469	0.0040952	0.0209758	0.00345833	0.149423	0.00895289	0.111034	0.0104152	0.055774	0.00172086	0.00303921
19	0.0167269	0.000541539	0.522624	0.341173	0.000778611	0.00982322	0.00575862	0.000903268	0.00480307	0.00317226	0.000889051	0.0172243	0.000588423	0.0411483	0.0169874	0.00596232	0.00343147	0.00626996	0.000301034	0.000893338
20	0.6958	0.00388637	0.00784409	0.0110259	0.00202975	0.0650086	0.0026384	0.00789279	0.00187567	0.0144759	0.00591838	0.00749057	0.0116128	0.00606419	0.00715948	0.0607735	0.0523159	0.0340186	0.000602431	0.00156719
21	0.0653708	0.105843	0.0025882	0.0309928	0.0718996	0.00443316	0.00385834	0.0566624	0.00227984	0.206565	0.0647681	0.00328379	0.00222689	0.00880049	0.00541281	0.0346822	0.0577066	0.202102	0.00977737	0.0607462
22	0.123856	0.0164412	0.00643302	0.0896128	0.0190204	0.0113836	0.0211146	0.0800586	0.00620169	0.229984	0.0422866	0.00462958	0.00215702	0.0230814	0.0432354	0.0221937	0.0754847	0.164225	0.00568817	0.0129128
23	0.306624	0.000737677	0.0289122	0.0466087	0.0108946	0.0118719	0.00318486	0.0265255	0.0116802	0.0694948	0.00638317	0.0101141	0.00108497	0.0632486	0.146871	0.0761499	0.114726	0.0580996	0.000952	0.0058363
24	0.698937	0.00267751	0.00797198	0.0105934	0.00183594	0.0773266	0.00351796	0.00625614	0.00270854	0.0124027	0.0038783	0.00790934	0.00799026	0.00834726	0.00985874	0.0745539	0.0383144	0.0227556	0.000683598	0.00148069
25	0.027599	0.00357111	0.000964196	0.000535157	0.0124267	0.00186051	0.00502914	0.104915	0.000557371	0.637859	0.0204927	0.000489543	0.00325872	0.00249076	0.00196053	0.00484438	0.0144765	0.15147	0.00223031	0.0029698
26	0.0948235	0.000660696	0.0442088	0.154346	0.0012384	0.0537633	0.0333586	0.00255069	0.0327546	0.0098144	0.00580606	0.0184703	0.000715782	0.0664996	0.270195	0.0735505	0.0694051	0.0662604	0.000545251	0.00103343
27	0.0690499	0.00145253	0.00324877	0.0156824	0.0141815	0.00444852	0.0982655	0.00310022	0.0514141	0.00695534	0.00283347	0.0318285	0.00234517	0.0936199	0.199003	0.0992672	0.270678	0.0296726	0.00102308	0.00193085
28	0.0386366	0.00582982	0.00902518	0.0118156	0.00926227	0.014408	0.0134836	0.00992059	0.00707072	0.0241841	0.00823906	0.0065078	0.00904261	0.0114869	0.0184495	0.0203199	0.0180916	0.0196119	0.706922	0.0376921
29	0.237396	0.000783588	0.0290234	0.0373817	0.000511206	0.0534834	0.00996455	0.000860271	0.0233072	0.00628832	0.00205086	0.0216577	0.228442	0.0293229	0.0377812	0.181663	0.0925744	0.00673536	0.000268152	0.000505237
30	0.0956414	0.000703166	0.0449444	0.152595	0.00136548	0.0543654	0.0341522	0.00256525	0.0327587	0.0104698	0.00596795	0.0181075	0.000654968	0.065489	0.268668	0.0743481	0.0686462	0.0664687	0.000847333	0.00124224
31	0.0700917	0.00132787	0.00114845	0.00414273	0.0101621	0.0105359	0.00428033	0.302618	0.000834822	0.0687857	0.0184209	0.000860269	0.0363111	0.0062885	0.00272125	0.0117478	0.0378908	0.405874	0.00502337	0.000934858
32	0.125954	0.00766226	0.0210043	0.012383	0.00996928	0.0244546	0.0187419	0.0689823	0.00561587	0.0567972	0.0100538	0.00548577	0.4375	0.0109244	0.0301755	0.0425774	0.0293192	0.0655237	0.00504466	0.0118307
33	0.264964	0.000999208	0.120531	0.13029	0.00527443	0.0629554	0.0245827	0.00175115	0.0246239	0.019434	0.00823175	0.0157307	0.0619565	0.0457966	0.0988474	0.0305258	0.0549133	0.0263158	0.0012087	0.00106715
34	0.0197624	0.00230334	0.139615	0.0621211	0.00485771	0.0082189	0.0271825	0.00479167	0.158274	0.0288058	0.00401009	0.220108	0.00314488	0.048558	0.0935877	0.134363	0.0272415	0.00861691	0.00144324	0.00299395
35	0.17865	0.00696908	0.0220995	0.0155719	0.0064179	0.0284913	0.0180209	0.0216333	0.00758971	0.0636417	0.00671913	0.00692244	0.431179	0.0123344	0.0369688	0.0573622	0.0357411	0.0317813	0.00333355	0.00857273
36	0.345347	0.00256199	0.0817248	0.0857154	0.00897529	0.0566118	0.0113052	0.00553567	0.0220662	0.0316535	0.0130215	0.0112466	0.0191824	0.0313486	0.0782435	0.0790189	0.0704087	0.0406272	0.00291434	0.00249165
37	0.574083	0.00346274	0.000671421	0.000918184	0.00260285	0.305116	0.000945207	0.00441466	0.000573587	0.00352841	0.00213694	0.00148785	0.000535306	0.00263738	0.00303587	0.05065	0.0237598	0.0185948	0.000279882	0.000565225
38	0.0380812	0.00571607	0.0082783	0.0110285	0.00826611	0.013885	0.0102368	0.00948649	0.00658447	0.0232324	0.00813218	0.00653625	0.00774924	0.0106589	0.0173152	0.0197555	0.0175215	0.0193893	0.720156	0.0379907
39	0.0213749	0.0037814	0.000917876	0.000703858	0.0101442	0.0011334	0.00370058	0.189767	0.000684348	0.55643	0.0182788	0.000501423	0.00301813	0.00243285	0.00560129	0.00388177	0.0131993	0.160642	0.00108031	0.00272638
40	0.0280706	0.00668195	0.00230505	0.0227593	0.0153888	0.00790829	0.0113674	0.161987	0.00571702	0.186073	0.0544018	0.00259564	0.00413754	0.014516	0.0199633	0.0110755	0.121774	0.294997	0.000655055	0.0276257
41	0.301262	0.00122238	0.0248512	0.0429828	0.0131791	0.013292	0.00487119	0.0259616	0.0113167	0.0739961	0.00821789	0.0112299	0.000950957	0.0629006	0.147161	0.0778388	0.113339	0.0588677	0.00122764	0.00533054
42	0.356196	0.00768746	0.000899156	0.000996117	0.00493995	0.00878143	0.00112989	0.0376637	0.000801553	0.0440408	0.0178076	0.000686993	0.00997999	0.00147181	0.00160635	0.0371373	0.120297	0.341187	0.000372231	0.00631722
43	0.59011	0.00350161	0.000738351	0.00129375	0.00233825	0.287883	0.00114908	0.00461615	0.000646499	0.0042055	0.00252083	0.00192086	0.00080142	0.00246194	0.00308212	0.0477231	0.0238769	0.0202495	0.000311927	0.000569531
44	0.0273586	0.00758646	0.00645773	0.0318722	0.0053425	0.00836753	0.00911628	0.0303424	0.0923807	0.0733395	0.00613932	0.0314689	0.00433493	0.0120218	0.486362	0.0408584	0.0832505	0.012926	0.00225256	0.0282216
45	0.0158741	0.00225877	0.0044037	0.00517632	0.0233708	0.00599397	0.146687	0.00434799	0.00310798	0.00932769	0.00403876	0.2007	0.00309163	0.00633432	0.515975	0.00910306	0.00910248	0.00905825	0.00167393	0.0203746
46	0.0496531	0.0468802	0.00555527	0.00805615	0.00420416	0.00763698	0.0271839	0.00695709	0.330128	0.10165	0.0047628	0.0510804	0.00369026	0.00973978	0.225367	0.0387528	0.0376422	0.0343161	0.00200427	0.00473987
47	0.191765	0.00245924	0.00499878	0.0206414	0.00609413	0.25067	0.0101724	0.00518524	0.0338385	0.0835369	0.00481595	0.00471584	0.00327132	0.0665938	0.0908451	0.0766132	0.0427313	0.0544424	0.00205873	0.04455
48	0.0174643	0.00409568	0.00141316	0.00172867	0.00134416	0.00153345	0.00217277	0.439771	0.00132919	0.239685	0.00945573	0.00073602	0.000974765	0.00276837	0.0257037	0.00425312	0.0161683	0.227262	0.000300683	0.00184088
49	0.0468405	0.00151705	0.554657	0.0420713	0.00205864	0.00811688	0.0429717	0.00269758	0.00390127	0.0067557	0.00229681	0.179453	0.00236207	0.0267242	0.0215451	0.0391206	0.00767738	0.00592467	0.00111771	0.0021907
50	0.145844	0.00882897	0.0169275	0.0585352	0.0203401	0.0383717	0.0503707	0.0331081	0.0174994	0.168669	0.0356045	0.00811031	0.00196511	0.0549783	0.114636	0.0453999	0.0562641	0.0904319	0.0177262	0.0163887
51	0.0422787	0.00221715	0.0017713	0.0018562	0.0330982	0.00884163	0.0112791	0.167291	0.00123293	0.438522	0.062547	0.00131252	0.0028279	0.00395959	0.00328882	0.00447232	0.00901653	0.174677	0.0259708	0.0035392
52	0.0740555	0.0051912	0.0077536	0.0101127	0.00233695	0.013536	0.0112982	0.00457555	0.126144	0.0172258	0.00301752	0.0117443	0.00520614	0.058608	0.599896	0.0201807	0.0209131	0.00651601	0.000422985	0.00126594
53	0.0982623	0.00164331	0.0156896	0.0184505	0.00279035	0.059089	0.117705	0.00327121	0.0717613	0.0179161	0.00276825	0.0114174	0.00208911	0.045909	0.400218	0.106717	0.0121516	0.00646125	0.0027246	0.00296521
54	0.0823199	0.00192446	0.375663	0.237416	0.00396236	0.0544407	0.0195354	0.00199652	0.00464433	0.0156737	0.00321514	0.0304322	0.00792052	0.0306413	0.0384586	0.0282202	0.0369317	0.0200903	0.000922566	0.00559193
55	0.0177209	0.000551082	0.514677	0.340629	0.000905343	0.0109604	0.00626486	0.000929683	0.00531575	0.00361547	0.000998387	0.0174645	0.000679661	0.041636	0.0187771	0.00671272	0.0040471	0.00679241	0.000321223	0.00100223
56	0.0523696	0.00337232	0.00576073	0.0482583	0.00634719	0.0104677	0.0120463	0.0508989	0.00601492	0.117317	0.0457222	0.0043006	0.021076	0.170765	0.120589	0.0507821	0.049974	0.195289	0.0227649	0.00588444
57	0.0203906	0.00287468	0.00229082	0.00370122	0.048627	0.00319288	0.00791073	0.0529811	0.000922078	0.723429	0.0234176	0.000964419	0.00181614	0.00371955	0.00452006	0.00405758	0.0105546	0.0727426	0.00136713	0.0105198
58	0.140893	0.00134077	0.019981	0.0605642	0.00391447	0.219079	0.0246872	0.0032108	0.0383899	0.0323653	0.00336778	0.021166	0.00574584	0.0634383	0.18156	0.0927845	0.0512098	0.0235251	0.00128964	0.0114873
59	0.0164921	0.00720356	0.00193193	0.0081592	0.0251252	0.00293233	0.00412308	0.0769024	0.00146388	0.423434	0.2648	0.00118506	0.00128532	0.00250982	0.00399303	0.00403206	0.0109105	0.136641	0.00204894	0.00482692
60	0.0262853	0.00434751	0.00162241	0.00530235	0.0185878	0.00329398	0.00305857	0.173412	0.00136371	0.285175	0.256078	0.00119865	0.00116736	0.00196753	0.00296642	0.00320167	0.00661298	0.198289	0.00494379	0.00112662
61	0.0721006	0.00340155	0.0194776	0.0201845	0.0965927	0.00781312	0.00974021	0.0442109	0.00352143	0.523982	0.0215187	0.00329411	0.00554371	0.00878503	0.0222564	0.0118963	0.0162221	0.0806455	0.00613065	0.0226827
62	0.129784	0.00448493	0.000621735	0.00175885	0.0051704	0.00459779	0.00168421	0.268545	0.000560376	0.1169	0.0352082	0.000569486	0.0103085	0.00154829	0.00151353	0.00327298	0.0300117	0.382056	0.000881098	0.000523168
63	0.161939	0.432423	0.00486612	0.00448641	0.00372346	0.0420146	0.00760596	0.00526329	0.00342917	0.0585924	0.0163945	0.00315886	0.0027426	0.00516163	0.0115422	0.16115	0.0616585	0.00943969	0.00149383	0.00291498
64	0.30454	0.257101	0.0112824	0.00269782	0.00368551	0.0402905	0.00456346	0.0097777	0.00174179	0.0395708	0.0228101	0.00208111	0.00173663	0.00928892	0.0126516	0.129547	0.109118	0.0330657	0.000782692	0.00366734
65	0.0637569	0.00270733	0.471667	0.0350237	0.0035541	0.0132714	0.0637753	0.00398558	0.00916451	0.0115168	0.00406541	0.191822	0.00311852	0.0239331	0.0264156	0.0439409	0.012201	0.0103104	0.00188772	0.00388242
66	0.196773	0.00250517	0.101143	0.0950814	0.00231991	0.0798928	0.00866875	0.0209879	0.00917133	0.0152079	0.00514198	0.00672273	0.224566	0.0275736	0.0305273	0.102635	0.0454713	0.0187412	0.000925684	0.00594323
67	0.347228	0.000740886	0.0779915	0.0388434	0.00134209	0.0860912	0.0121728	0.00527808	0.0138541	0.0267371	0.00823462	0.0226922	0.015765	0.0290091	0.0339839	0.142641	0.0918746	0.0429288	0.00121685	0.00137492
68	0.0412441	0.00336372	0.00106233	0.00210126	0.014059	0.00336051	0.005007	0.205195	0.000993597	0.411686	0.0245482	0.00051961	0.00821047	0.00354868	0.00443902	0.00535296	0.0265159	0.232471	0.00248246	0.00383825
69	0.245447	0.00072306	0.0286346	0.0383959	0.000510689	0.0516608	0.0100665	0.000822899	0.0240343	0.00613354	0.00205763	0.0212782	0.225054	0.0275057	0.0370671	0.180564	0.0927005	0.0066158	0.00026477	0.000463863
70	0.345068	0.00199869	0.075562	0.0343441	0.00129823	0.0862283	0.0126714	0.0060628	0.0132885	0.0276877	0.00973207	0.0234787	0.0144856	0.0284404	0.0315954	0.143992	0.0968905	0.044575	0.00117538	0.00142471
71	0.0316149	0.00631241	0.00796195	0.0136293	0.000941318	0.00530697	0.00997408	0.00343027	0.0467925	0.0169123	0.00416765	0.00126601	0.00682092	0.0659376	0.761065	0.0095778	0.00260858	0.00462265	0.000296811	0.000760786
72	0.119065	0.00346994	0.000730299	0.00242858	0.00620578	0.00573252	0.00235835	0.29066	0.000592432	0.103413	0.0307121	0.000552199	0.0155161	0.00218847	0.0015622	0.00495629	0.0349492	0.372907	0.00150202	0.000498896
73	0.510016	0.00183962	0.0132037	0.0191987	0.00120934	0.0460103	0.00529003	0.00406396	0.010117	0.0193303	0.00259811	0.0103112	0.129864	0.0116464	0.0213505	0.108786	0.0590784	0.0245739	0.000543817	0.000968098
74	0.0183461	0.00647901	0.00201811	0.00748206	0.023124	0.00275167	0.00391857	0.0860508	0.00112033	0.424601	0.247622	0.00131771	0.00152882	0.00266364	0.00311053	0.0034815	0.0101415	0.148294	0.00177642	0.00417222
75	0.509208	0.0220562	0.00780872	0.00667183	0.00542634	0.0494404	0.0051985	0.0332385	0.00254757	0.0257845	0.0398789	0.00468205	0.00723559	0.0083919	0.0121914	0.0553979	0.110327	0.0875309	0.0018493	0.00513399
76	0.0233338	0.0031515	0.0015775	0.00205373	0.0302813	0.00251707	0.00538227	0.0813944	0.000677894	0.680668	0.0227561	0.000703354	0.00238994	0.00280064	0.00356657	0.00405985	0.0130123	0.111865	0.00173975	0.00606891
77	0.11933	0.00267942	0.0190238	0.00877564	0.0126427	0.0221188	0.0120087	0.00756851	0.267768	0.012053	0.00254519	0.048408	0.0022095	0.07645	0.277522	0.045613	0.0503831	0.0102238	0.000992119	0.00168365
78	0.0739906	0.0983012	0.00218273	0.0379904	0.0493346	0.00386999	0.003926	0.0607796	0.00178326	0.20945	0.0685912	0.00356594	0.00184819	0.00954203	0.00511894	0.0332673	0.0638532	0.208461	0.0101647	0.053979
79	0.0854657	0.00312593	0.00112361	0.00314762	0.00630099	0.0094301	0.00322912	0.262216	0.000929175	0.0976737	0.0306492	0.000557055	0.0156006	0.00349453	0.00246977	0.00569139	0.0283393	0.437807	0.00191488	0.000833891
80	0.163166	0.441982	0.0042235	0.00412458	0.00351753	0.0553062	0.00705719	0.00446452	0.00300799	0.0623654	0.0198115	0.00339716	0.00296283	0.00491692	0.0100336	0.141372	0.0562297	0.00825079	0.00125499	0.00255547
81	0.0811133	0.00235507	0.217566	0.114405	0.00467836	0.184541	0.0267157	0.00362134	0.0165943	0.0150192	0.00394764	0.0645777	0.0136216	0.0422235	0.0979996	0.054935	0.0318449	0.016901	0.00180095	0.00553956
82	0.00854808	0.000854071	0.00192318	0.00259508	0.0804338	0.00212007	0.0059856	0.0349447	0.000640942	0.767702	0.0251677	0.000587791	0.00058022	0.00150054	0.00245026	0.00191789	0.00592885	0.0427111	0.000296348	0.0131117
83	0.0739378	0.000474527	0.0188812	0.0297412	0.00076159	0.0789046	0.00429301	0.000952506	0.0114027	0.02278	0.00424458	0.0139187	0.0143323	0.00122193	0.0250884	0.33681	0.35283	0.00510952	0.00369923	0.000616378
84	0.0956173	0.00460003	0.00787741	0.00771977	0.0101261	0.0100464	0.00785787	0.00811653	0.00484079	0.0205396	0.00661569	0.00603132	0.0698434	0.013579	0.0438942	0.138703	0.301024	0.23104	0.00223218	0.00969463
85	0.293629	0.00093138	0.0892585	0.122969	0.00629213	0.0656982	0.0186434	0.00164049	0.0287723	0.0171169	0.0102182	0.0111248	0.0697001	0.0452047	0.0924923	0.0361705	0.0561148	0.0318869	0.00159133	0.000544926
86	0.175385	0.00168664	0.0717538	0.349611	0.0018582	0.0165528	0.00876264	0.00425331	0.0122765	0.0187439	0.00238721	0.00193621	0.0047611	0.190151	0.0708936	0.0122473	0.0426424	0.0116976	0.0008744	0.00152552
87	0.0754219	0.00318981	0.000997806	0.00361153	0.00598848	0.00682851	0.00326527	0.311792	0.000983988	0.112474	0.0265262	0.000652054	0.0146277	0.00359703	0.005752	0.00610565	0.0330591	0.381959	0.00171776	0.00145059
88	0.582111	0.00354854	0.000755972	0.00132608	0.00263445	0.293534	0.00115141	0.00452745	0.000689642	0.00419452	0.00238403	0.00192257	0.000641567	0.00330521	0.00345737	0.0503928	0.0236068	0.0188201	0.000325722	0.000671207
89	0.129397	0.0013897	0.0166448	0.0393162	0.00219991	0.0643442	0.0961926	0.00345734	0.0557523	0.0206743	0.00257438	0.0153613	0.00163685	0.056143	0.344707	0.117124	0.0198329	0.00933587	0.00197713	0.00193902
90	0.388354	0.00508297	0.00493286	0.00535711	0.00665964	0.0990963	0.00551809	0.00869446	0.00344601	0.158543	0.0344768	0.00426925	0.00402572	0.00736021	0.0113558	0.0251006	0.0593799	0.158206	0.00160394	0.00853788
91	0.00817689	0.00095025	0.00231428	0.0026282	0.559994	0.00307481	0.017612	0.0109789	0.00175418	0.113539	0.0196675	0.00177568	0.0101647	0.0116419	0.0119663	0.00451825	0.00383916	0.00441264	0.000854325	0.210137
92	0.132579	0.00803339	0.012299	0.0472961	0.0252263	0.0273128	0.0371072	0.0612969	0.0194979	0.195391	0.0359926	0.00707648	0.00328013	0.0527178	0.0892766	0.0363608	0.0662544	0.112343	0.0141883	0.0164712
93	0.113861	0.00191596	0.0144459	0.00320521	0.0021783	0.00406425	0.0140411	0.0721859	0.00228907	0.0644908	0.0131296	0.00221298	0.00286674	0.0363412	0.00527209	0.0617236	0.130154	0.452904	0.000940117	0.00177847
94	0.236938	0.000744319	0.0283593	0.0372203	0.00059351	0.0531117	0.00982925	0.000858938	0.0233171	0.0065215	0.00206251	0.0220723	0.22798	0.0294031	0.0376132	0.182894	0.0930847	0.00664292	0.000268736	0.000484524
95	0.27638	0.000768525	0.0251317	0.0383822	0.000620568	0.0453226	0.0100367	0.00102808	0.0279079	0.00630029	0.00200067	0.0176692	0.222269	0.0227619	0.0326334	0.168498	0.093265	0.00821689	0.000279361	0.000527839
96	0.774166	0.000729174	0.00231919	0.00601532	0.00058337	0.0606756	0.000946608	0.00571194	0.000580655	0.00804898	0.00287047	0.00838821	0.00699835	0.00268078	0.0015359	0.0576775	0.0406307	0.0185378	0.000314698	0.000588882
97	0.0421953	0.00370392	0.00146664	0.00420664	0.0168043	0.00333412	0.00311195	0.204068	0.00117978	0.265884	0.215952	0.00106725	0.00159549	0.00185535	0.002765	0.00293639	0.00789426	0.213953	0.0050198	0.0010069
98	0.325236	0.00238989	0.00624934	0.0873826	0.021396	0.189291	0.00732958	0.00425788	0.0438488	0.0179462	0.00431013	0.00429471	0.00463229	0.0906898	0.0192575	0.116787	0.0147543	0.0131523	0.00181384	0.0249809
99	0.173668	0.00122382	0.00736059	0.00282962	0.00519894	0.0266422	0.008755	0.00758691	0.267861	0.00579333	0.00219059	0.0321883	0.00152845	0.09169	0.260802	0.0346868	0.0584686	0.00901932	0.000831596	0.00167546
100	0.0485704	0.0065679	0.0094534	0.0190705	0.00386961	0.010211	0.01293	0.0199689	0.0487295	0.0296195	0.00735478	0.00559515	0.00689695	0.0672033	0.646106	0.019201	0.0174627	0.0143494	0.00218389	0.00465597
101	0.015873	0.00415909	0.00102649	0.000943779	0.0007117	0.00107351	0.00120109	0.469059	0.000775268	0.241315	0.00614626	0.00065134	0.000854304	0.00144744	0.0226846	0.00384695	0.00967662	0.217489	0.000319738	0.000746599
102	0.0324612	0.00282549	0.00515001	0.00638107	0.02653	0.00855623	0.00652547	0.00477551	0.00445602	0.0125477	0.00484311	0.00545886	0.0142881	0.0294803	0.0150793	0.102739	0.537917	0.152603	0.00171479	0.0256672
103	0.0325233	0.00588215	0.00802717	0.0154323	0.00127914	0.00716724	0.0115429	0.00430764	0.0488453	0.0202848	0.00428685	0.00433607	0.00718387	0.0599244	0.742447	0.012199	0.005567	0.00618041	0.000613432	0.00196975
104	0.644291	0.0115115	0.00904941	0.00710784	0.00179139	0.0948753	0.00212225	0.00742954	0.00184047	0.0121949	0.00732552	0.00745008	0.00644865	0.00600907	0.00668736	0.0706921	0.0685907	0.032654	0.000356271	0.00157281
105	0.13018	0.00251606	0.00837575	0.00754598	0.00524979	0.0233349	0.0106041	0.00760771	0.248673	0.00958841	0.00197452	0.0315224	0.00188106	0.0687351	0.340332	0.0307346	0.058409	0.0100867	0.00063377	0.00201565
106	0.1563	0.00092563	0.00773006	0.00184475	0.00546899	0.0272522	0.00864133	0.00763699	0.28524	0.00379498	0.00143905	0.0362351	0.00112043	0.071262	0.281948	0.0318478	0.0611973	0.00854837	0.000558254	0.00100922
107	0.156187	0.000942176	0.00773284	0.00185604	0.00549119	0.0271035	0.00867866	0.00774077	0.285285	0.00382048	0.00146228	0.0360401	0.00111663	0.0710314	0.282288	0.0317439	0.0613349	0.00855526	0.000557987	0.00103151
108	0.015873	0.00415909	0.00102649	0.000943779	0.0007117	0.00107351	0.00120109	0.469059	0.000775268	0.241315	0.00614626	0.00065134	0.000854304	0.00144744	0.0226846	0.00384695	0.00967662	0.217489	0.000319738	0.000746599
109	0.311779	0.00243852	0.00534748	0.0086216	0.00326925	0.108676	0.0368393	0.00441039	0.0981881	0.0445333	0.00358267	0.0217448	0.00274965	0.0168574	0.192022	0.0969342	0.0272874	0.00960569	0.00180151	0.00331193
110	0.248906	0.00144446	0.111396	0.234924	0.00135959	0.0317266	0.0158814	0.00625994	0.0241351	0.0219283	0.00314374	0.00168036	0.0104088	0.0810905	0.0853866	0.0246639	0.0756561	0.0190766	0.000429762	0.000502084
111	0.35459	0.000869579	0.0702788	0.0346538	0.00148173	0.069781	0.0115475	0.00531291	0.0176057	0.0370478	0.00704182	0.0222157	0.0133414	0.0284909	0.0337183	0.143427	0.102286	0.041134	0.00244467	0.0027311
112	0.0504104	0.000766106	0.0300621	0.0253406	0.00121872	0.347213	0.0289817	0.00159417	0.0426438	0.00467779	0.00135392	0.0729051	0.00537744	0.0341656	0.249876	0.081972	0.0154538	0.0044215	0.000538063	0.00102768
113	0.127476	0.00419885	0.000678646	0.00184008	0.00568255	0.00478088	0.00183785	0.276162	0.000565788	0.116133	0.0337452	0.000576979	0.0120864	0.00172171	0.0016116	0.00361543	0.030152	0.375411	0.00114854	0.000575386
114	0.246402	0.000759249	0.0331106	0.0415975	0.00080776	0.0568718	0.0100949	0.00121404	0.0238225	0.0074897	0.00263768	0.0203315	0.210226	0.0295662	0.0419887	0.170737	0.0910136	0.0103951	0.000306783	0.000628117
115	0.00817689	0.00095025	0.00231428	0.0026282	0.559994	0.00307481	0.017612	0.0109789	0.00175418	0.113539	0.0196675	0.00177568	0.0101647	0.0116419	0.0119663	0.00451825	0.00383916	0.00441264	0.000854325	0.210137
116	0.170147	0.00105167	0.0925858	0.23715	0.00114508	0.0420593	0.0219282	0.00721903	0.0278154	0.0171919	0.00305472	0.00628757	0.00507588	0.0743675	0.144402	0.0367983	0.0722668	0.0380239	0.000506811	0.000924034
117	0.0284089	0.00525986	0.00249312	0.0245763	0.0111312	0.00842368	0.0127438	0.166309	0.00635903	0.189982	0.0464933	0.00250614	0.0044004	0.0162172	0.0198806	0.0107413	0.117081	0.304028	0.000436706	0.022527
118	0.128841	0.00822291	0.0194929	0.0116681	0.00421238	0.031175	0.0180862	0.0174607	0.0053047	0.0410621	0.00466206	0.00557176	0.503426	0.0110198	0.0471344	0.0683091	0.0318832	0.0276457	0.0035008	0.0113218
119	0.187655	0.00057566	0.136745	0.120941	0.000870207	0.137362	0.00121778	0.00729165	0.00973373	0.00271339	0.00115108	0.00605198	0.101126	0.0433523	0.0327199	0.129015	0.0602258	0.0115505	0.000382564	0.00931912
120	0.0327933	0.0130696	0.00883238	0.0154664	0.00158902	0.00699812	0.0104509	0.00451127	0.0501044	0.0236374	0.00510359	0.00321231	0.00843028	0.0602526	0.725934	0.0131986	0.00770925	0.00630109	0.000710637	0.00169452
121	0.0223989	0.00330422	0.000835094	0.000518746	0.0166024	0.00123485	0.0046103	0.100209	0.000510695	0.654454	0.0205862	0.000379663	0.00304119	0.00234368	0.000908187	0.00399617	0.014368	0.144615	0.00166589	0.00341815
122	0.18744	0.000577444	0.136833	0.120849	0.000863339	0.137506	0.00119765	0.00732432	0.00969738	0.00269482	0.00116362	0.00603325	0.101321	0.043326	0.0325556	0.129211	0.060234	0.0114832	0.000378902	0.00931115
123	0.351567	0.000645957	0.0748552	0.0357156	0.00115177	0.0874753	0.0128598	0.00562027	0.0134014	0.0257673	0.00810532	0.0230826	0.0161137	0.0295795	0.0322498	0.14355	0.0921432	0.043729	0.00113984	0.0012469
124	0.0950186	0.00617679	0.00143757	0.00570604	0.00896814	0.00491507	0.00391674	0.234215	0.00125583	0.211287	0.0368344	0.00104236	0.00780528	0.00445945	0.00637947	0.00582227	0.0311554	0.328827	0.00168775	0.00309036
125	0.199663	0.159665	0.0109035	0.0124205	0.00807098	0.0258479	0.0496994	0.0146776	0.00840931	0.183044	0.0133943	0.00654281	0.00758744	0.0191741	0.0588673	0.140293	0.0410829	0.0254656	0.00468955	0.0105021
126	0.130857	0.000993287	0.0639573	0.0935755	0.00193324	0.0807953	0.067582	0.00506103	0.0337914	0.0121401	0.0040152	0.0217225	0.00332871	0.0838672	0.109999	0.161439	0.0991105	0.021384	0.00289157	0.00155654
127	0.327125	0.0361951	0.00478069	0.00242336	0.0138574	0.027586	0.00501265	0.0340452	0.00114993	0.0447689	0.0321294	0.00121823	0.00449162	0.00826375	0.0102359	0.0638573	0.157345	0.21335	0.00169137	0.0104739
128	0.015873	0.00415909	0.00102649	0.000943779	0.0007117	0.00107351	0.00120109	0.469059	0.000775268	0.241315	0.00614626	0.00065134	0.000854304	0.00144744	0.0226846	0.00384695	0.00967662	0.217489	0.000319738	0.000746599
129	0.0353571	0.00259328	0.0117631	0.055111	0.0685453	0.0176771	0.243725	0.00671024	0.013175	0.0296751	0.00970807	0.0097063	0.0446129	0.0531563	0.0494973	0.0441856	0.0127614	0.016366	0.0230231	0.252651
130	0.214285	0.0100002	0.00708279	0.0104278	0.00604364	0.0525973	0.00578661	0.0215387	0.00546728	0.216632	0.0168072	0.00574198	0.00511632	0.00627913	0.0177798	0.0591656	0.0598654	0.2723	0.00132591	0.00575786
131	0.106707	0.0048722	0.000684335	0.00151328	0.00420835	0.00406634	0.00163129	0.299824	0.000509191	0.129945	0.0315186	0.000483911	0.00820167	0.00148537	0.00425276	0.0030804	0.0246469	0.371164	0.000714737	0.000490396
132	0.00876168	0.00107575	0.00215394	0.004738	0.464526	0.00556492	0.0363837	0.00891099	0.00176836	0.0813565	0.0146172	0.00183783	0.00813195	0.0111423	0.0104686	0.0222004	0.00659982	0.0044309	0.00433173	0.300999
133	0.101024	0.0011867	0.0134709	0.0199089	0.00338546	0.0640455	0.00522976	0.00280687	0.00834876	0.0178452	0.0046763	0.0446507	0.00986505	0.00436462	0.019383	0.240065	0.424442	0.00995399	0.00295262	0.00239522
134	0.1787	0.00543522	0.0282701	0.11773	0.0121571	0.0270042	0.043739	0.0327691	0.0140399	0.118359	0.0188464	0.00764201	0.00260855	0.0721412	0.102118	0.0620157	0.0802445	0.0571791	0.00994564	0.00905556
135	0.265984	0.00152251	0.128532	0.137835	0.00324235	0.0797724	0.0131042	0.00464603	0.0160034	0.0186632	0.0069711	0.0127921	0.0403164	0.0427382	0.0562902	0.0739746	0.0678735	0.0255084	0.00109566	0.00313474
136	0.0498836	0.00137609	0.0123325	0.0116348	0.0319377	0.0137116	0.545562	0.0121213	0.00822672	0.0316193	0.00207384	0.00211045	0.0311058	0.0208061	0.0279377	0.034671	0.00605886	0.00505867	0.046929	0.104844
137	0.362682	0.00149433	0.059559	0.0342634	0.00278353	0.0376534	0.0127073	0.0053351	0.0225687	0.05455	0.00557237	0.01265	0.0141128	0.0296085	0.0324104	0.130104	0.123633	0.0429932	0.00732134	0.00799719
138	0.290783	0.000562549	0.0626302	0.0471036	0.00110298	0.0737926	0.0107959	0.00317614	0.0178607	0.0150207	0.00519055	0.0230279	0.104858	0.0311559	0.0449683	0.147785	0.0951102	0.0233131	0.000622648	0.00114022
139	0.0739496	0.000546624	0.0202033	0.0292264	0.000770436	0.080101	0.00481086	0.00101001	0.0105656	0.0245178	0.00476918	0.0141748	0.0151059	0.00129488	0.0242589	0.338651	0.345424	0.00588694	0.00409069	0.000642475
140	0.346868	0.00063962	0.0769531	0.0363301	0.00114161	0.0859935	0.0126223	0.00534655	0.0140176	0.0267406	0.0083348	0.0235655	0.0152237	0.02911	0.0330363	0.144559	0.0941292	0.0428969	0.00119943	0.00129154
141	0.192702	0.000603478	0.133153	0.119457	0.00102946	0.133003	0.00256532	0.00691305	0.0110805	0.00354234	0.00157203	0.00667139	0.09753	0.043902	0.0352744	0.126817	0.0625923	0.0124726	0.000429996	0.0086897
142	0.0279517	0.00484205	0.0025788	0.024365	0.0108316	0.00861138	0.0131413	0.166476	0.00654784	0.189845	0.045979	0.00248818	0.00451863	0.0165837	0.0198568	0.0106677	0.115994	0.306363	0.000392529	0.0219655
143	0.0774133	0.00200852	0.0892851	0.0456815	0.00422446	0.0854204	0.060374	0.00362686	0.0714739	0.0145372	0.00434291	0.0336488	0.00365008	0.0534109	0.276404	0.120039	0.0325207	0.0155769	0.00327887	0.00308226
144	0.296941	0.00117345	0.0899103	0.123519	0.00701801	0.0633379	0.0187942	0.00171629	0.0284584	0.0183298	0.0108593	0.0104242	0.0650669	0.0441182	0.0935039	0.0366283	0.0549142	0.0327241	0.00181606	0.000746792
145	0.0996275	0.00320593	0.30625	0.225969	0.0055738	0.0840657	0.0258167	0.00068906	0.000858185	0.0208745	0.00373575	0.0306941	0.00816376	0.0228459	0.0454851	0.0349671	0.044844	0.0276547	0.000366599	0.00831242
146	0.0731052	0.00625424	0.0132991	0.0687245	0.0509959	0.0266389	0.0369022	0.027684	0.0152373	0.353273	0.0421836	0.00830264	0.00213406	0.0296077	0.0782566	0.0223765	0.0302512	0.0720062	0.0104059	0.0323608
147	0.368235	0.0893936	0.0158776	0.00184292	0.00606658	0.0480599	0.00472937	0.0197944	0.00144983	0.0305266	0.0324037	0.00161972	0.00131598	0.0184106	0.0188949	0.112518	0.15995	0.061858	0.00128675	0.00576622
148	0.0963109	0.00280996	0.306602	0.223785	0.00590159	0.0863381	0.0270049	0.000671124	0.00088959	0.0208081	0.0036134	0.031259	0.00656814	0.0242517	0.048597	0.0328548	0.0448148	0.0279884	0.000311225	0.00862018
149	0.0996189	0.00275463	0.285428	0.237696	0.00550909	0.0807029	0.0250477	0.00165414	0.00322133	0.0225623	0.00365169	0.0277418	0.00684121	0.0268067	0.0502826	0.0342589	0.0486022	0.0292606	0.000419745	0.0079401
150	0.67063	0.00254473	0.0026309	0.00384316	0.0018674	0.1746	0.00151853	0.00951621	0.00107133	0.00839226	0.00668366	0.00498819	0.00332141	0.00290469	0.00284527	0.0450868	0.0315701	0.0247039	0.000423444	0.000857258
151	0.0423279	0.0034771	0.0905106	0.0870215	0.040667	0.0667273	0.137223	0.00669735	0.0432315	0.0313786	0.0114859	0.00804582	0.00465409	0.0198616	0.172917	0.0544883	0.0429752	0.0182698	0.0607233	0.057318
152	0.0206498	0.00735537	0.00183847	0.00609614	0.0515871	0.00338528	0.00675288	0.0672202	0.001101	0.651026	0.034049	0.000903838	0.00177119	0.00434349	0.00494471	0.00475045	0.0167951	0.097464	0.00233451	0.0156313
153	0.590897	0.00272343	0.000810106	0.00129666	0.00207868	0.25688	0.00102965	0.00709854	0.000568585	0.00430774	0.00296355	0.00268034	0.000827574	0.00243487	0.00282895	0.0553596	0.0415428	0.0225967	0.000331296	0.000743371
154	0.122314	0.000824529	0.0525133	0.181937	0.0013358	0.0545374	0.0290233	0.00383139	0.0276703	0.0132054	0.00429835	0.0128314	0.00234545	0.0878028	0.217589	0.0617121	0.0716664	0.0525604	0.000766545	0.00123489
155	0.0587039	0.0314104	0.00230879	0.048952	0.0134266	0.00516737	0.00832198	0.122484	0.00389124	0.216153	0.0501548	0.00574728	0.00241982	0.0198556	0.012284	0.0130145	0.0980799	0.262672	0.0019853	0.0229677
156	0.024213	0.00384119	0.000891617	0.000527948	0.0120187	0.00129188	0.00473258	0.108243	0.00057989	0.639508	0.0199108	0.000385962	0.00335893	0.00260074	0.00105785	0.00440713	0.014466	0.153191	0.00169065	0.00308311
157	0.176644	0.0135403	0.0214626	0.0447199	0.0224783	0.0222302	0.0634697	0.0210664	0.0106852	0.14789	0.034645	0.0108251	0.00165423	0.0433829	0.101878	0.0374314	0.058846	0.141326	0.0103368	0.0154885
158	0.186657	0.0100942	0.0262865	0.00935098	0.00193974	0.0562061	0.014006	0.00645506	0.00526409	0.0106977	0.00220123	0.00476548	0.470374	0.00713599	0.0399623	0.109486	0.0204635	0.0162382	0.000837146	0.00157954
159	0.290195	0.002473	0.118618	0.1384	0.00611686	0.0546249	0.0144094	0.00494325	0.0198698	0.0259229	0.0136233	0.0101212	0.0268647	0.0381273	0.0772381	0.0617513	0.0619034	0.0301892	0.00189649	0.00271148
160	0.369075	0.00584472	0.0017875	0.00124456	0.0036747	0.00653381	0.00166406	0.0521378	0.000950552	0.0419501	0.0198572	0.000818039	0.020789	0.00217754	0.0022004	0.0349114	0.0965455	0.332857	0.000450334	0.00453069
161	0.136996	0.00970192	0.0122526	0.0547137	0.0204501	0.0333088	0.0487131	0.0374058	0.0163077	0.198295	0.0413978	0.00713454	0.00231686	0.0543738	0.0986052	0.0382188	0.0539331	0.0968569	0.0199391	0.0190793
162	0.575509	0.00330388	0.000782511	0.00112733	0.00279208	0.300786	0.000954297	0.00427271	0.000615275	0.00395006	0.00210658	0.00150911	0.000658384	0.00297778	0.00336971	0.0538855	0.0224857	0.0180826	0.000268854	0.000562312
163	0.015424	0.00196897	0.00167557	0.00222036	0.0551289	0.00220727	0.00585393	0.0644127	0.000852159	0.706151	0.0257762	0.000594512	0.00148457	0.00221187	0.00254805	0.002914	0.0106912	0.0861476	0.00189146	0.00984541
164	0.135252	0.000937128	0.00840823	0.00289801	0.00226255	0.0170152	0.00255744	0.0364173	0.00146704	0.536019	0.0231642	0.00882393	0.0015209	0.00263547	0.0658725	0.0132536	0.040646	0.0985233	0.000880488	0.0014462
165	0.62349	0.00248922	0.00440796	0.00410668	0.00235038	0.217124	0.00307861	0.00479887	0.00121863	0.00601762	0.0025728	0.00449213	0.00302091	0.00595999	0.00421073	0.0609927	0.0289064	0.0197837	0.000300669	0.000678143
166	0.00998195	0.00106778	0.00192499	0.00281373	0.0771682	0.00222422	0.00620943	0.0375231	0.000711412	0.759846	0.0254264	0.000601196	0.000712987	0.00184599	0.00281563	0.00228435	0.00638957	0.0473006	0.000466237	0.0126864
167	0.0152903	0.00976217	0.00225768	0.0115742	0.0081979	0.00265211	0.00255777	0.0845701	0.00163501	0.260906	0.406176	0.00155196	0.00150335	0.00262553	0.00379487	0.00430269	0.0123465	0.165952	0.000972246	0.00137235
168	0.129652	0.0215332	0.0137288	0.0563515	0.0174837	0.0278929	0.0593982	0.0282458	0.0143668	0.224283	0.0331961	0.00782153	0.00299844	0.0548735	0.100914	0.0361114	0.0562336	0.0820729	0.0140315	0.0188118
169	0.00838839	0.000827784	0.00191985	0.00266077	0.0810308	0.00215592	0.00598854	0.0342453	0.000646964	0.768956	0.0252913	0.000593734	0.000552408	0.00149091	0.00250008	0.00192454	0.00584413	0.0415796	0.000276388	0.0131269
170	0.0540041	0.0216583	0.00402828	0.00454474	0.00351968	0.0415133	0.14996	0.0809345	0.00335504	0.0283763	0.00375724	0.0198784	0.00258952	0.265494	0.00864959	0.0674676	0.17033	0.0655391	0.00162679	0.00277324
171	0.149541	0.00194089	0.0357203	0.156457	0.00299636	0.0324457	0.131057	0.0189427	0.00857737	0.0264333	0.00349507	0.0203357	0.00250277	0.134837	0.0574974	0.135031	0.0402926	0.0228735	0.0167464	0.00227723
172	0.736767	0.000984834	0.00295403	0.00719186	0.00130457	0.0372798	0.0017245	0.00466883	0.00145849	0.00865162	0.00264296	0.0066818	0.00745592	0.00413716	0.003406	0.130328	0.0264105	0.0142044	0.000726956	0.00102109
173	0.0323841	0.00605651	0.00833266	0.0141115	0.00141565	0.00663558	0.0127243	0.00455186	0.0492117	0.0202006	0.00401329	0.00439719	0.0102799	0.0587775	0.739756	0.0121939	0.005454	0.00562465	0.000575026	0.00330439
174	0.184642	0.00258928	0.0346036	0.00881583	0.0853073	0.0254267	0.0552894	0.0381372	0.0198545	0.110592	0.0362797	0.0355832	0.0027893	0.0265454	0.110844	0.143306	0.0606929	0.0127606	0.0023823	0.00355888
175	0.255946	0.000558954	0.0549581	0.0644589	0.00171854	0.060716	0.0145258	0.000816693	0.0258895	0.00986902	0.00509635	0.020153	0.180272	0.0356366	0.0600419	0.114959	0.0794856	0.0141389	0.000373665	0.000385942
176	0.672158	0.000539515	0.0111063	0.0185253	0.000774971	0.0484788	0.00307848	0.00422791	0.0054618	0.00945771	0.00288017	0.00920636	0.04499	0.0105803	0.0079908	0.0832891	0.0499636	0.0161453	0.000415015	0.000730213
177	0.13601	0.00302862	0.00562513	0.00521391	0.0912547	0.00662486	0.00626617	0.113793	0.00380238	0.180621	0.0232423	0.00380365	0.142197	0.024206	0.00929784	0.00966078	0.00888353	0.181262	0.0025753	0.0426317
178	0.0178874	0.00379725	0.00103928	0.00112867	0.00107393	0.00156625	0.00138704	0.461207	0.000792427	0.222499	0.00684395	0.000652961	0.00206841	0.00171894	0.0229853	0.00446518	0.0107211	0.237024	0.000501436	0.00064101
179	0.0468445	0.0143038	0.00563468	0.00520678	0.003343	0.0256158	0.00615676	0.00562014	0.00372515	0.111361	0.0041344	0.00343516	0.400305	0.0054052	0.139303	0.0738857	0.0818852	0.0587322	0.00165752	0.00344523
180	0.0300566	0.00477426	0.0032203	0.00543185	0.0348407	0.0050318	0.016223	0.0667868	0.00234017	0.642513	0.0237321	0.00172798	0.00333576	0.00790305	0.0105929	0.00705366	0.0149157	0.105052	0.00362582	0.0108428
181	0.294847	0.00147078	0.210173	0.218601	0.00239901	0.0286558	0.003385	0.00402217	0.00220103	0.0369178	0.0259685	0.0023788	0.091986	0.00407206	0.00598548	0.0389865	0.0195413	0.00567792	0.00128214	0.00144905
182	0.0167269	0.000541539	0.522624	0.341173	0.000778611	0.00982322	0.00575862	0.000903268	0.00480307	0.00317226	0.000889051	0.0172243	0.000588423	0.0411483	0.0169874	0.00596232	0.00343147	0.00626996	0.000301034	0.000893338
183	0.203884	0.00812712	0.0168661	0.0313059	0.00942646	0.0441295	0.121088	0.0233137	0.0121373	0.0401389	0.00902164	0.0179337	0.0127494	0.220325	0.0388716	0.0731082	0.0501143	0.0493484	0.00615187	0.0119593
184	0.0504073	0.00125287	0.558253	0.0249528	0.00197565	0.00447781	0.0411749	0.00278599	0.00334376	0.00611001	0.00252226	0.202665	0.00201158	0.0224038	0.0206504	0.0417017	0.00556682	0.00492457	0.00112827	0.00169184
185	0.052443	0.0308866	0.00809113	0.00818519	0.00427767	0.0232036	0.00844318	0.00797362	0.0060229	0.102667	0.00631638	0.00477698	0.315861	0.00851547	0.141512	0.102257	0.0876822	0.0730672	0.00228942	0.00552922
186	0.074569	0.000459265	0.0187963	0.0297312	0.000738814	0.0795817	0.00424553	0.000936772	0.0112864	0.0229781	0.00421675	0.0138069	0.0141881	0.00122097	0.0253156	0.336714	0.351757	0.00512586	0.00372595	0.000605938
187	0.074819	0.026399	0.0150953	0.00342421	0.00231624	0.0408829	0.00378075	0.0030052	0.0388862	0.301159	0.0146353	0.00229976	0.00235248	0.0162258	0.34851	0.0428826	0.0544715	0.00571118	0.00119525	0.00194852
188	0.0369681	0.00461363	0.0088655	0.0118312	0.0143431	0.0142584	0.0335211	0.00913697	0.00678087	0.0234627	0.00723739	0.00582364	0.0119121	0.0111747	0.0195442	0.0227861	0.0164859	0.0166898	0.667562	0.0570024
189	0.0462042	0.00120817	0.571116	0.0233035	0.00179675	0.00398237	0.0418577	0.00240379	0.0030563	0.00547476	0.00208975	0.197877	0.0016595	0.0227584	0.0202373	0.0429954	0.0051195	0.00434274	0.00101741	0.00149901
190	0.145224	0.00183086	0.00275383	0.0393318	0.0283554	0.00428535	0.0288904	0.00329981	0.0479094	0.395086	0.0961683	0.0149318	0.0150461	0.0853514	0.0568802	0.00636589	0.018313	0.00650813	0.00112007	0.0023476
