270	20
1	0.134362	0.0176276	0.000451506	0.000324457	0.0140463	0.0215923	0.00285999	0.169697	0.000352507	0.142238	0.042698	0.000630533	0.00796229	0.0004056	0.00288948	0.0430249	0.0748022	0.320088	0.00101056	0.00293743
2	0.0393113	0.00991305	0.000713899	0.000393912	0.233353	0.0161912	0.000320622	0.0856746	0.000707436	0.399375	0.0680525	0.000570099	0.00186263	0.00107163	0.00309387	0.0181601	0.0109551	0.0663693	0.00815223	0.0357587
3	0.260557	0.0205202	0.000750934	0.000287655	0.0294632	0.105626	0.000363122	0.107124	0.000266952	0.147441	0.0285923	0.000370801	0.000466507	0.000372305	0.000324382	0.0742987	0.0579344	0.160158	0.00462971	0.000452854
4	0.0228086	0.000996261	0.000132875	0.000387385	0.0212689	0.00270983	0.000138099	0.394073	0.000213522	0.204123	0.044115	0.000183314	0.0016121	0.000161636	0.00021323	0.00608981	0.0184682	0.275766	0.000944602	0.0055955
5	0.0587541	0.0039238	0.000192998	0.000199528	0.0376233	0.0121512	0.00013253	0.230087	0.000616741	0.351919	0.0671121	0.000435251	0.0022097	0.000413135	0.000548302	0.0101844	0.0299981	0.188787	0.00217969	0.00253252
6	0.191956	0.00251963	0.000440283	0.000528911	0.0607321	0.140978	0.00041844	0.120826	0.000623093	0.225162	0.00742398	0.0007631	0.0096211	0.000682597	0.000598465	0.00901066	0.0426908	0.182267	0.0010217	0.00173669
7	0.306044	0.0196877	0.000570212	0.000691066	0.00749704	0.0343262	0.000726572	0.0227596	0.000588254	0.0604583	0.0819279	0.000972827	0.0012982	0.00134853	0.000680026	0.107747	0.246266	0.10507	0.000447139	0.000893655
8	0.0332518	0.00344342	0.00011207	0.000367087	0.0351669	0.0050214	0.000155752	0.312141	0.000162691	0.279292	0.071779	0.000214312	0.000425681	0.000412225	0.000431253	0.00959841	0.0286277	0.214193	0.0014841	0.00371922
9	0.158596	0.00123243	0.0007872	0.00105405	0.0495574	0.0744777	0.000909238	0.168687	0.00108696	0.112226	0.0035752	0.00144157	0.00179478	0.0012955	0.00110354	0.00523485	0.0229383	0.336159	0.00909428	0.0487494
10	0.0680629	0.0339269	0.000683774	0.00074973	0.0849889	0.0535938	0.000661285	0.0236117	0.00071617	0.567963	0.0451643	0.00113495	0.00118691	0.00620294	0.000844459	0.0516842	0.00359193	0.0411953	0.00629473	0.0077423
11	0.0250446	0.00369483	0.000532131	0.000452925	0.383467	0.0094764	0.000431983	0.0598575	0.000623551	0.354371	0.036868	0.00060422	0.00212484	0.000600725	0.00753879	0.00686356	0.0196538	0.0479699	0.00406507	0.0357594
12	0.173284	0.000730664	0.000434128	0.000462882	0.00153662	0.00204765	0.00334257	0.215326	0.000436201	0.115098	0.0431812	0.000585724	0.000817006	0.000590011	0.0127492	0.0425931	0.0541467	0.324677	0.00375815	0.00420327
13	0.129827	0.0194482	0.00044802	0.000363787	0.0218922	0.0310545	0.00805136	0.182106	0.000471266	0.10573	0.042285	0.00101105	0.076436	0.000557815	0.000384441	0.0315647	0.056301	0.279008	0.000402288	0.0126579
14	0.0726098	0.00640311	0.139643	0.40024	0.00423711	0.0198178	0.0024969	0.0336063	0.00645835	0.0173513	0.0232298	0.0159982	0.00295206	0.121614	0.0117627	0.0612149	0.0378025	0.0140504	0.0013032	0.00720893
15	0.0454431	0.000801884	0.00506825	0.00563473	0.025674	0.0116979	0.000870898	0.190364	0.0201621	0.277977	0.0384707	0.00104872	0.000957049	0.000941319	0.0239499	0.00302928	0.0264122	0.314665	0.000471102	0.00636058
16	0.0272907	0.000726347	0.000486143	0.00061442	0.00201542	0.00302467	0.000574535	0.196094	0.000644554	0.0676785	0.0141972	0.00122666	0.00581561	0.000701776	0.000598194	0.0327136	0.119332	0.524971	0.000383884	0.000910818
17	0.53023	0.0302088	0.000307201	0.00149364	0.0135425	0.162634	0.000249017	0.0126226	0.00029839	0.0221802	0.0160886	0.00056823	0.00601797	0.00032639	0.000275528	0.116146	0.0416882	0.0418782	0.000175621	0.003069
18	0.0374994	0.00389288	0.000116276	0.000139073	0.0257037	0.00783119	0.000131621	0.281441	0.000229786	0.359112	0.0630907	0.000211213	0.000397879	0.000255125	0.000128952	0.00498536	0.0164429	0.195593	0.00179821	0.000999772
19	0.157557	0.0235513	0.00048872	0.000760495	0.0309053	0.160598	0.000548555	0.134198	0.000685724	0.245132	0.0385549	0.000779519	0.00123795	0.000651264	0.000755505	0.0594682	0.049428	0.0921093	0.00163225	0.000958365
20	0.271909	0.0168417	0.000991069	0.000175028	0.0303442	0.06231	0.000257742	0.111551	0.000166937	0.132116	0.035232	0.000275232	0.000354695	0.000267557	0.000205299	0.0690189	0.0600232	0.201789	0.00583695	0.000334167
21	0.0985984	0.00620219	0.000314259	0.000437961	0.0436211	0.0195394	0.000408093	0.118496	0.000592073	0.331938	0.108874	0.00149905	0.0133914	0.000973595	0.000758787	0.0267554	0.0555268	0.160651	0.00501081	0.0064114
22	0.172844	0.0273018	0.000661301	0.000293069	0.0192162	0.0370978	0.0018535	0.148729	0.000254343	0.152936	0.0459424	0.000467055	0.0062872	0.000336262	0.000348202	0.0506459	0.0617063	0.268797	0.00192797	0.002355
23	0.272626	0.016839	0.000992082	0.000176894	0.0304945	0.0620044	0.000249197	0.111198	0.000167487	0.132063	0.0352163	0.000265706	0.000343973	0.000268879	0.000207301	0.0690746	0.0598694	0.201783	0.00583097	0.000329186
24	0.0682651	0.03381	0.000723887	0.000766882	0.0857032	0.0535189	0.000647562	0.0245944	0.000711187	0.564391	0.0450577	0.00113345	0.00118053	0.00606318	0.000852606	0.0519649	0.00375084	0.0424754	0.00643316	0.00795592
25	0.144745	0.0217003	0.000490644	0.000431045	0.0204273	0.0392622	0.00476611	0.174712	0.000393507	0.129685	0.0529842	0.000793487	0.0395573	0.000447248	0.000345543	0.0348776	0.0593883	0.261183	0.000976046	0.0128332
26	0.272352	0.0167818	0.00102849	0.000175035	0.0305014	0.0609843	0.000254428	0.11159	0.000168606	0.130991	0.0357837	0.000267409	0.000344789	0.000267168	0.00019959	0.0681307	0.060059	0.203961	0.00582886	0.000330583
27	0.0226817	0.00291131	0.000568228	0.000706946	0.34264	0.0120005	0.00061831	0.0507293	0.000649103	0.404169	0.0265299	0.000829945	0.00091999	0.000681142	0.0137681	0.00517179	0.0310522	0.0569241	0.00203095	0.024417
28	0.23485	0.00200583	0.0780226	0.0357309	0.00698459	0.0397189	0.0113286	0.00754801	0.00602205	0.00929566	0.00775412	0.0134417	0.00694008	0.0516375	0.0061437	0.389097	0.0660557	0.0229497	0.000529341	0.00394413
29	0.0650477	0.0016007	0.00165622	0.0045784	0.00223438	0.763422	0.00204873	0.0149712	0.00218857	0.0071097	0.00371011	0.0132687	0.00343734	0.0015862	0.003084	0.0706795	0.0203367	0.0170401	0.000840087	0.00115945
30	0.0218116	0.00293892	0.00063067	0.000794261	0.38287	0.0100212	0.000532999	0.0461129	0.000641366	0.381782	0.0319045	0.000797716	0.00146664	0.00073455	0.0104093	0.00616452	0.0263128	0.0480176	0.00170023	0.0243563
31	0.274855	0.000946845	0.000568859	0.000730201	0.00144367	0.186065	0.000719781	0.00269996	0.000667199	0.0039576	0.0124708	0.0232456	0.00649327	0.000800506	0.000741069	0.446914	0.0258174	0.00913537	0.000550499	0.0011777
32	0.03699	0.00688448	0.0838128	0.00977874	0.00587077	0.0319262	0.0655627	0.0168288	0.00227134	0.014982	0.00912753	0.422062	0.0246882	0.0149021	0.000899027	0.208954	0.0274473	0.0124574	0.000721205	0.00383327
33	0.0731911	0.00155704	0.0522396	0.0883642	0.00662908	0.0328466	0.00422877	0.00652976	0.0324698	0.00881338	0.00552769	0.0187619	0.343987	0.0157943	0.0326222	0.152066	0.0911523	0.0196167	0.00102162	0.0125807
34	0.267933	0.00752345	0.00358728	0.00292872	0.00410991	0.0186829	0.00268354	0.0892011	0.0218769	0.0229596	0.00710466	0.0346678	0.0454487	0.0358061	0.00173205	0.0819055	0.192465	0.156322	0.00106288	0.00199824
35	0.0417185	0.00246532	0.00074832	0.00190931	0.0049691	0.00616717	0.00143952	0.207421	0.00103665	0.081061	0.0177574	0.00223235	0.0116933	0.00153406	0.00149927	0.0279902	0.104068	0.482108	0.000373211	0.00180908
36	0.020456	0.000228316	0.000101803	0.000528393	0.0184325	0.00123825	0.000135127	0.433173	0.0001608	0.145198	0.0324193	0.000229989	0.00286044	0.000194872	0.00018098	0.00520201	0.0120041	0.317449	0.00141419	0.00839269
37	0.244863	0.0157977	0.000979674	0.000270842	0.0343217	0.0534981	0.000477442	0.110672	0.000304171	0.144891	0.0491001	0.000544836	0.00153187	0.00045588	0.000358373	0.0691069	0.0859861	0.181113	0.00459743	0.00112959
38	0.0201874	0.000348428	0.000101509	0.000514128	0.0188309	0.00146492	0.000140972	0.428371	0.000165314	0.154201	0.0341608	0.000218102	0.0026422	0.000193722	0.000166245	0.00531369	0.0130269	0.310537	0.00131542	0.00809988
39	0.263142	0.0199471	0.000799998	0.000282681	0.027335	0.110108	0.000271781	0.105935	0.000338936	0.153901	0.0357989	0.000479172	0.000551515	0.000703715	0.000296085	0.0564677	0.0661268	0.151809	0.00519092	0.000515153
40	0.399899	0.0895646	0.00277996	0.00758118	0.0201874	0.145856	0.000565947	0.00736469	0.000674289	0.0387341	0.0182699	0.0107082	0.00633687	0.00278768	0.000545322	0.147182	0.0671166	0.0306284	0.000428118	0.00278976
41	0.0362067	0.00353345	0.000631928	0.000161084	0.049966	0.00655446	0.000134612	0.156917	0.00081386	0.472491	0.102576	0.000449834	0.0022324	0.000362457	0.000225773	0.0100223	0.0194017	0.127471	0.00299392	0.00685487
42	0.0291695	0.00201093	0.000916791	0.00163918	0.158023	0.00632415	0.000839897	0.0434129	0.00089076	0.365415	0.245699	0.00109546	0.00130038	0.00743413	0.00440133	0.0233105	0.0190721	0.0341784	0.00675109	0.0481163
43	0.0258037	0.000265319	0.000136489	0.000580624	0.0189411	0.00120005	0.000177478	0.419827	0.000198865	0.135088	0.0296222	0.000254904	0.00411292	0.000217957	0.000204005	0.00597032	0.0129092	0.334156	0.0011649	0.00916893
44	0.0323863	0.00395204	0.00012571	0.000169744	0.0255783	0.00420548	0.000148324	0.277155	0.000175204	0.346984	0.0633225	0.000191662	0.000352043	0.000163624	0.000153817	0.00360512	0.01327	0.225166	0.00170685	0.00118946
45	0.183457	0.010084	0.00226449	0.00806845	0.00586986	0.273238	0.00257243	0.00913029	0.00384645	0.0146866	0.0257005	0.0144987	0.00921331	0.00251826	0.00531021	0.259993	0.110895	0.0540567	0.0015712	0.00302605
46	0.0832037	0.00645486	0.034248	0.0975306	0.0158613	0.0218779	0.0513339	0.0245497	0.113343	0.0440732	0.025837	0.0337948	0.000629302	0.117634	0.148631	0.0738908	0.0598966	0.0167442	0.0038947	0.0265712
47	0.472938	0.0189855	0.00032125	0.000482829	0.0106801	0.283835	0.000259787	0.011815	0.000312855	0.0185164	0.01097	0.000607211	0.00416955	0.000354181	0.000367358	0.0854474	0.0298655	0.0474517	0.000206243	0.00241506
48	0.025019	0.00287526	0.000116561	0.000129837	0.0279289	0.00409221	0.000112145	0.267334	0.000177217	0.392651	0.0688792	0.000167313	0.000629141	0.000163765	0.000117387	0.00394879	0.0141571	0.188262	0.00121107	0.00202848
49	0.0845731	0.00405642	0.022468	0.088709	0.0143466	0.0191875	0.0144888	0.0614786	0.0167151	0.0751394	0.0329827	0.0310327	0.000860224	0.0734194	0.0375818	0.112507	0.161497	0.126473	0.00998632	0.0124972
50	0.245914	0.0289736	0.00408639	0.0070881	0.00216409	0.0595491	0.00375225	0.0500173	0.00261078	0.0139607	0.00439769	0.0168236	0.0280407	0.00372629	0.000724598	0.118903	0.184809	0.222659	0.000647659	0.00115225
51	0.552429	0.0192671	0.00030044	0.00086639	0.0134549	0.164429	0.000218179	0.0156599	0.000261317	0.0201335	0.0180218	0.000466549	0.00649489	0.000264006	0.000238493	0.0994977	0.0364019	0.0481396	0.000183193	0.0032717
52	0.167829	0.00160067	0.000376254	0.000473552	0.0821589	0.114074	0.000408057	0.12193	0.000533568	0.245825	0.012253	0.000605998	0.0132864	0.000715363	0.000492567	0.0076418	0.0404463	0.187807	0.000582636	0.000958782
53	0.106657	0.00678809	0.000276214	0.000290375	0.0539604	0.0186685	0.00016071	0.114355	0.000616359	0.357378	0.0873092	0.00216913	0.00741466	0.000779848	0.000502305	0.0275948	0.0468115	0.157942	0.00464112	0.00568362
54	0.274316	0.0049018	0.00107175	0.00162858	0.00189244	0.173464	0.00107396	0.00418851	0.00215316	0.00556522	0.0117858	0.0197802	0.00706949	0.00174797	0.00285372	0.429309	0.043398	0.0114991	0.00065032	0.00165186
55	0.550832	0.0214142	0.000301154	0.000942446	0.0130623	0.16242	0.000226382	0.0146023	0.000261179	0.0206086	0.0177699	0.000425938	0.00710978	0.000264534	0.000243457	0.103269	0.0370364	0.0461217	0.000162786	0.00292582
56	0.0283538	0.014409	0.000607158	0.00118135	0.382974	0.00905051	0.00336725	0.121832	0.000685594	0.133821	0.0330155	0.0036567	0.00506969	0.00695163	0.000730823	0.00438089	0.0234362	0.212126	0.00427241	0.0100787
57	0.0237783	0.00140714	0.000181905	0.00044795	0.0240623	0.00303109	0.000216438	0.369859	0.000175396	0.220084	0.0669691	0.000235049	0.00126613	0.000264269	0.000126481	0.00818927	0.0216711	0.252863	0.000902871	0.00426953
58	0.0369652	0.00361834	0.0239807	0.00755085	0.00535644	0.114221	0.0488257	0.0113585	0.0261891	0.0249482	0.0080806	0.143634	0.0406175	0.0283806	0.0102695	0.354407	0.093172	0.0130513	0.00159166	0.0037818
59	0.0273381	0.00770766	0.0836252	0.00841435	0.00619384	0.0343589	0.0661988	0.0177502	0.00255304	0.0171265	0.0113608	0.439026	0.0303865	0.0116844	0.00120525	0.185897	0.0316857	0.0139118	0.000743296	0.00283324
60	0.0589188	0.00586183	0.00323913	0.00964897	0.0257605	0.0286357	0.00475447	0.250043	0.00489424	0.0948374	0.0186794	0.0219529	0.0295131	0.00694028	0.00546954	0.0341035	0.126624	0.265001	0.00106256	0.00405992
61	0.541429	0.0179023	0.000507154	0.000885539	0.0116421	0.149692	0.000696894	0.0160736	0.00104892	0.0223187	0.018538	0.0012989	0.0309279	0.000474095	0.00102209	0.0940836	0.0381378	0.0498076	0.000436856	0.00307645
62	0.17447	0.00431831	0.000525662	0.000509202	0.00535353	0.00800608	0.0029345	0.200387	0.000499264	0.12379	0.0389325	0.000549671	0.00141185	0.000627019	0.00940999	0.0411893	0.067121	0.313943	0.00295556	0.00306617
63	0.250596	0.0160364	0.00133941	0.000279629	0.0321297	0.0557216	0.000752584	0.113173	0.000346013	0.129413	0.0596941	0.000432793	0.00295155	0.00115877	0.000363001	0.0425928	0.0851841	0.202348	0.00319172	0.00229628
64	0.355532	0.0169871	0.00115538	0.00050328	0.023876	0.0964139	0.000294143	0.0824498	0.000261466	0.098887	0.034318	0.0005044	0.0022362	0.000574465	0.000284428	0.0738999	0.0626575	0.144552	0.00364914	0.000963786
65	0.0292856	0.00246809	9.56208e-05	0.000262294	0.0279935	0.004106	0.000117731	0.334135	0.000139081	0.274508	0.0657555	0.000171044	0.00047985	0.000206139	0.000153417	0.00761565	0.022597	0.226206	0.00104424	0.00266037
66	0.0231943	0.00181721	0.00113118	0.00159699	0.137132	0.00479422	0.000800491	0.0422739	0.00117404	0.404908	0.25582	0.00104628	0.00123557	0.00623593	0.00356462	0.0222656	0.0163787	0.0307937	0.00589634	0.0379422
67	0.0219584	0.00301801	0.000343958	0.000145269	0.0370404	0.00447475	0.000124877	0.218335	0.000498744	0.452934	0.0920781	0.000212074	0.00104001	0.00019995	0.000122054	0.00451283	0.0117117	0.145227	0.00179855	0.00422499
68	0.0269538	0.0014674	0.0054607	0.00757089	0.00226331	0.00925024	0.00237124	0.00646983	0.0119728	0.0210189	0.00497902	0.00441134	0.79513	0.00956559	0.00266651	0.0449566	0.0181878	0.0181349	0.00334726	0.00382233
69	0.0346796	0.000466285	0.000174292	0.000674568	0.0184925	0.00196895	0.000321514	0.387791	0.000243994	0.132082	0.0305498	0.000356522	0.00386643	0.000330205	0.000606777	0.00822764	0.0181085	0.350639	0.00114048	0.0092797
70	0.262405	0.0157381	0.00198178	0.000218933	0.0301173	0.0571403	0.000436335	0.117293	0.000224073	0.118085	0.0440956	0.000328411	0.00126266	0.000412093	0.000240813	0.0520688	0.0623277	0.230329	0.00429519	0.00100015
71	0.278213	0.000997754	0.00147505	0.00496529	0.0019508	0.0154164	0.00808577	0.0318329	0.0117071	0.0413592	0.0279934	0.0154618	0.38619	0.00197489	0.0145944	0.0555616	0.0280019	0.0641011	0.0033759	0.00674193
72	0.12127	0.00173709	0.00120135	0.00176999	0.00469091	0.110533	0.00239787	0.00759288	0.0503579	0.0103628	0.00724716	0.00462476	0.0158216	0.0265603	0.0872733	0.498295	0.0231767	0.00987669	0.00155102	0.0136596
73	0.00482297	0.000764855	0.00728002	0.0182694	0.00213968	0.00882288	0.0189538	0.0160905	0.279946	0.0294539	0.0219662	0.0168647	0.00971481	0.0535078	0.421072	0.0293198	0.0372697	0.0120327	0.00125118	0.0104571
74	0.0168174	0.00329195	0.00117498	0.000174395	0.0664991	0.00281961	0.000163079	0.128627	0.00144035	0.539893	0.110811	0.000342075	0.00132195	0.000256269	0.000201855	0.00956462	0.011121	0.0897853	0.00400924	0.0116853
75	0.0194391	0.00244638	0.00154666	0.00193332	0.0596811	0.0048582	0.000736096	0.0761838	0.00130167	0.505654	0.195133	0.000631178	0.000828743	0.00441354	0.00219238	0.0117911	0.0131284	0.0652557	0.0106011	0.0222448
76	0.0138245	0.001806	0.00118028	0.00183609	0.018605	0.0067225	0.00115955	0.140106	0.0012833	0.286811	0.450046	0.00178244	0.00230062	0.00311508	0.00140255	0.0118158	0.0124969	0.0334803	0.00229144	0.00793512
77	0.0201286	0.00160191	0.000972332	0.00148161	0.00264878	0.00614707	0.00111776	0.00565107	0.00774006	0.014102	0.00397781	0.0014232	0.861064	0.00956893	0.00133182	0.0268267	0.0147361	0.016577	0.00099494	0.00190802
78	0.0165719	0.00275109	0.000566053	0.000197725	0.0478794	0.00331777	0.000141252	0.173224	0.000807915	0.490334	0.116318	0.000224466	0.00124207	0.000262417	0.000150608	0.00619508	0.0113299	0.119445	0.00219173	0.00685043
79	0.275886	0.00094793	0.000573161	0.000724757	0.0014593	0.18625	0.000738192	0.0026952	0.000674146	0.003929	0.01246	0.0233598	0.00643923	0.000813051	0.000730638	0.445693	0.0256853	0.00921883	0.0005501	0.00117123
80	0.0396296	0.00300945	0.000594704	0.000654218	0.552862	0.0100072	0.0005628	0.0325461	0.000541733	0.0934036	0.0417397	0.000858959	0.0107276	0.000739396	0.000624314	0.0143057	0.0161177	0.0454707	0.0122941	0.12331
81	0.55927	0.0229919	0.000276178	0.00102134	0.0130128	0.153875	0.000200671	0.0142902	0.000269336	0.0209818	0.0165221	0.000434306	0.00641187	0.000263445	0.000239183	0.103569	0.0374306	0.0460659	0.000170844	0.00270296
82	0.400089	0.051101	0.00239828	0.0026665	0.00251641	0.0557291	0.000925694	0.0242218	0.000884764	0.0156961	0.00364618	0.00476547	0.00902598	0.00154815	0.00085391	0.262093	0.148307	0.0111045	0.000754574	0.00167218
83	0.0349657	0.00306433	0.00250392	0.00299585	0.00529082	0.00858832	0.0385219	0.181597	0.00243547	0.253542	0.0867808	0.0213731	0.00359751	0.0596071	0.00277217	0.0948292	0.0299242	0.143019	0.00212645	0.0224652
84	0.0177703	0.00336977	0.00143203	0.000242293	0.0692725	0.00272519	0.000182739	0.124155	0.00182098	0.540398	0.116761	0.000352944	0.00119548	0.000275883	0.000210845	0.00953951	0.0100705	0.0827767	0.00496556	0.0124841
85	0.0826795	0.00170997	0.000395777	0.000924618	0.00127335	0.809538	0.000384588	0.00899712	0.000430923	0.00525898	0.00159198	0.00375838	0.000980022	0.000544509	0.000571084	0.0538072	0.0166329	0.00960289	0.000262116	0.000655901
86	0.0733452	0.0010254	0.000579037	0.00131387	0.00106568	0.81306	0.000741707	0.00937914	0.000867988	0.00517192	0.00168023	0.00414223	0.00110015	0.000823494	0.00123846	0.0575165	0.017117	0.00884042	0.000262185	0.000728959
87	0.061829	0.0178863	0.0017978	0.00224785	0.00429208	0.00719703	0.00202364	0.00808666	0.0172294	0.147975	0.278661	0.0190089	0.0184641	0.00249164	0.016961	0.0690901	0.241097	0.0793825	0.00134764	0.00293141
88	0.0991881	0.00772535	0.00019058	0.000199414	0.0529569	0.0163299	0.000151168	0.12246	0.000462009	0.331134	0.0996383	0.00141769	0.0075599	0.000879268	0.000879077	0.0261444	0.0545488	0.163065	0.00656274	0.00850689
89	0.0507491	0.0124352	0.000685818	0.000760692	0.0595198	0.0265672	0.000585916	0.0212988	0.000856613	0.105829	0.0124422	0.00352523	0.00105689	0.00106683	0.0009224	0.191065	0.468726	0.040297	0.000432172	0.00117878
90	0.0228169	0.00104396	0.000613225	0.00532353	0.0374016	0.0114513	0.00146065	0.070946	0.00101748	0.400817	0.277147	0.00105165	0.00122749	0.00824265	0.00213814	0.0163458	0.0217058	0.0908962	0.00783967	0.0205138
91	0.0215694	0.000333764	0.00010223	0.000855069	0.0264924	0.0015409	0.000129828	0.41162	0.000191973	0.150596	0.0348335	0.000243167	0.00287729	0.000194152	0.000189115	0.0072572	0.0154232	0.315245	0.00100513	0.0093013
92	0.0671633	0.000596797	0.000395215	0.000499046	0.000922034	0.838465	0.000395006	0.00952608	0.000432443	0.00474387	0.00131479	0.00342938	0.000727821	0.000517507	0.000474644	0.0477877	0.0139223	0.00786882	0.000253637	0.000564705
93	0.0590447	0.00768604	0.000868457	0.00106598	0.00297982	0.0144919	0.000898352	0.00534691	0.00094435	0.00919529	0.00271912	0.0149371	0.00155613	0.00107179	0.00104245	0.357059	0.493678	0.0237668	0.000574095	0.0010742
94	0.368004	0.0348293	0.00428725	0.0041574	0.0039586	0.053636	0.00244362	0.019015	0.00252435	0.0270024	0.00950246	0.00836494	0.0802834	0.00291061	0.0022529	0.240691	0.110272	0.02196	0.00100398	0.00290151
95	0.222673	0.0177453	0.00436882	0.00643465	0.00395064	0.0562078	0.0137617	0.0349917	0.00507958	0.0241719	0.0136082	0.014106	0.0992504	0.00568472	0.00505783	0.121219	0.177663	0.169154	0.00217377	0.00269767
96	0.0302319	0.00699411	0.0394139	0.00824367	0.0355046	0.0272611	0.0361743	0.0206683	0.00332522	0.057928	0.0153738	0.512362	0.0193277	0.00916324	0.00428843	0.117947	0.0274357	0.0199621	0.00259142	0.00580315
97	0.0138719	0.00269522	0.000715288	0.000142442	0.0518842	0.00252357	0.000150099	0.154979	0.00099777	0.540935	0.0980534	0.000268613	0.00121006	0.000221874	0.000175561	0.00608462	0.00925995	0.104986	0.00238984	0.00845565
98	0.0223534	0.00100895	0.000184874	0.000451714	0.0197096	0.00259592	0.000127613	0.391889	0.00028536	0.206247	0.0417376	0.000205954	0.00182179	0.000167498	0.000349699	0.00524028	0.0158497	0.282905	0.00112071	0.00574811
99	0.178077	0.00481304	0.000639348	0.000472342	0.0058058	0.00864065	0.00268101	0.198137	0.000439093	0.122812	0.0438262	0.000520137	0.00115104	0.0005746	0.0085639	0.0352643	0.0516035	0.330408	0.00259174	0.00298009
100	0.181494	0.00162958	0.0872	0.0232115	0.00603314	0.0346603	0.0282441	0.00853329	0.00403201	0.00846098	0.00669377	0.0995977	0.00753061	0.0444149	0.00378211	0.369474	0.055973	0.0211351	0.000623905	0.00727592
101	0.105946	0.000657491	0.0334601	0.0721713	0.0158629	0.0766142	0.0133556	0.0100306	0.0424875	0.00772012	0.00630138	0.022286	0.231952	0.019099	0.143077	0.114046	0.0657179	0.017149	0.000350822	0.00171441
102	0.0281728	0.00559967	0.000748539	0.000434568	0.234962	0.00900356	0.000378626	0.0994853	0.000826565	0.399179	0.0813925	0.000454233	0.00248282	0.000694274	0.00283352	0.0105258	0.0105727	0.0617366	0.0086107	0.041906
103	0.0753218	0.000998066	0.0202024	0.0329671	0.0018295	0.39909	0.0347503	0.00342324	0.0337203	0.00466299	0.00275387	0.0417675	0.00728648	0.00848039	0.0494295	0.167593	0.104141	0.0096392	0.000781991	0.0011614
104	0.0219642	0.00437229	0.000780903	0.000335558	0.174516	0.00623741	0.000321578	0.120955	0.000998684	0.424226	0.110838	0.000540734	0.00269958	0.000769355	0.00130613	0.00946864	0.00980391	0.0737386	0.00652916	0.0295974
105	0.04245	0.00480288	0.000742569	0.000800733	0.555247	0.0105845	0.000893043	0.0378297	0.000723419	0.114859	0.0361181	0.00131883	0.00989587	0.00141217	0.00167869	0.0125325	0.0172574	0.0562591	0.00901074	0.0855835
106	0.21783	0.00117785	0.0914569	0.0445604	0.00653317	0.0421514	0.0134333	0.00749173	0.00508996	0.0088708	0.00720108	0.0128172	0.0058407	0.052293	0.0054037	0.375012	0.0744247	0.0235166	0.000583739	0.00431116
107	0.0329037	0.00458976	0.000461362	0.000519267	0.395	0.0120148	0.00153653	0.0882648	0.000554115	0.154669	0.0660335	0.0019127	0.0142402	0.00318443	0.000537278	0.00965012	0.0164362	0.107077	0.0154137	0.0750009
108	0.104745	0.0123904	0.000688536	0.000770481	0.076447	0.0309218	0.000661793	0.0251729	0.00071897	0.138507	0.0206164	0.00103611	0.00128262	0.000970462	0.000742661	0.128552	0.41608	0.038123	0.000491898	0.00108049
109	0.102926	0.00130556	0.00918414	0.0102719	0.00263883	0.0464501	0.0155074	0.0314633	0.00772952	0.10361	0.028576	0.015854	0.334923	0.0188325	0.0253074	0.0671404	0.0256684	0.0728103	0.0565343	0.023268
110	0.0277784	0.000463692	0.000135016	0.000642313	0.0205666	0.00183545	0.000237789	0.409979	0.00024745	0.139202	0.0293312	0.000398535	0.00537528	0.000236791	0.000225034	0.00665118	0.0140171	0.331784	0.00107719	0.00981636
111	0.092784	0.00209776	0.000368914	0.000587494	0.00181592	0.801961	0.000353025	0.0093484	0.000451637	0.00534217	0.00206737	0.00316671	0.000904865	0.000529988	0.000477176	0.0480325	0.0166812	0.0122265	0.000248802	0.000554649
112	0.132434	0.00482733	0.000209843	0.000214033	0.0460537	0.0387535	0.000171958	0.139765	0.00129609	0.373471	0.0443446	0.000487547	0.00312946	0.00118777	0.000259039	0.0174028	0.0316664	0.161338	0.00115399	0.0018338
113	0.129558	0.020713	0.000465235	0.000379824	0.0221779	0.0312931	0.00662624	0.178729	0.000445046	0.103034	0.0370709	0.0010897	0.0862212	0.000547329	0.000446934	0.031563	0.0546916	0.283594	0.000373729	0.0109816
114	0.257963	0.0171895	0.00122639	0.00017805	0.0303446	0.0557826	0.00049853	0.119839	0.000183189	0.127927	0.0394499	0.000311631	0.00134953	0.000249191	0.000201621	0.0598319	0.0613916	0.22008	0.00526	0.000742649
115	0.374288	0.0490243	0.00107235	0.002968	0.0150231	0.20005	0.000820384	0.016301	0.000681213	0.0319303	0.0217473	0.00382124	0.00646649	0.00128029	0.000727023	0.114715	0.0958867	0.0603353	0.000481414	0.002381
116	0.0411694	0.00502246	0.000199651	0.000712501	0.0458722	0.0061168	0.00020711	0.298256	0.000239069	0.244683	0.0787942	0.000315851	0.00112514	0.000907835	0.00100433	0.0142654	0.0388886	0.211356	0.00300598	0.0078579
117	0.153935	0.00378009	0.000181053	0.000182605	0.0549923	0.0440724	0.000158327	0.1221	0.00100549	0.355122	0.0341829	0.000489753	0.00478448	0.00102847	0.000195172	0.0130447	0.0356499	0.172682	0.000866436	0.00154677
118	0.0360494	0.00680322	0.000690558	0.000689139	0.393605	0.0193931	0.000580765	0.0502179	0.000679623	0.116046	0.0544548	0.000896019	0.00869817	0.000898465	0.000671553	0.0178172	0.0126073	0.0580438	0.0223224	0.198835
119	0.0115009	0.00273529	0.0918611	0.0181282	0.000724748	0.546278	0.0384987	0.00361482	0.0457645	0.00167321	0.00338779	0.11221	0.00282942	0.0311012	0.0561555	0.0224926	0.00640131	0.00149448	0.000229734	0.00291836
120	0.0554963	0.0086989	0.226194	0.343045	0.00233639	0.00807356	0.00456374	0.0264596	0.00705676	0.0131353	0.0287027	0.00597981	0.00144087	0.148946	0.0162928	0.0584279	0.0253729	0.011903	0.000690339	0.00718348
121	0.0435844	0.00139102	0.00998691	0.032533	0.0151904	0.00864127	0.0164297	0.238319	0.0117251	0.132972	0.0156149	0.0150676	0.00333035	0.0142581	0.0856014	0.00615982	0.0639805	0.283222	0.000711776	0.00128023
122	0.012838	0.00273137	0.000861008	0.000188332	0.0573195	0.00239375	0.000168519	0.138443	0.00113633	0.556623	0.102837	0.00027654	0.00125979	0.000249838	0.000186023	0.0070134	0.00907491	0.0935761	0.00282079	0.0100026
123	0.0458147	0.000745157	0.00515073	0.00559715	0.0256799	0.0119314	0.000852781	0.190464	0.0203069	0.277405	0.038352	0.00105278	0.000966634	0.000938262	0.0242945	0.00307593	0.026636	0.313773	0.000458253	0.00650455
124	0.0335457	0.00410945	0.000130004	0.000180456	0.0251477	0.00447506	0.000171851	0.272066	0.00021039	0.356027	0.061656	0.000208232	0.000362083	0.000173293	0.000254686	0.00324781	0.0121689	0.222884	0.00187964	0.00110057
125	0.0830318	0.00649609	0.0341999	0.0973394	0.0159351	0.0216866	0.0513666	0.0246342	0.112875	0.0442626	0.0260022	0.0337151	0.000624847	0.117715	0.149236	0.0735976	0.0599467	0.0166521	0.00394952	0.0267331
126	0.0572983	0.0062362	0.0954556	0.444659	0.0044296	0.0115116	0.00267692	0.0263817	0.0175167	0.0179535	0.0250803	0.00691266	0.00317606	0.15765	0.0157772	0.055091	0.0286485	0.014336	0.00124766	0.0079614
127	0.236027	0.0172427	0.00142953	0.000241202	0.0260966	0.049693	0.000963506	0.130222	0.000237469	0.124391	0.0434472	0.000356279	0.00286722	0.000364436	0.000220237	0.0450397	0.0571865	0.258633	0.00348382	0.0018584
128	0.0751325	0.00178354	0.000381246	0.000439686	0.00206737	0.00333069	0.00129974	0.189685	0.000402972	0.103625	0.0328896	0.00053397	0.00392599	0.000466252	0.00397016	0.0367634	0.0759548	0.464454	0.00120684	0.00168629
129	0.0201542	0.000234824	0.00010613	0.000524218	0.018329	0.00125964	0.000142979	0.432201	0.000157392	0.146196	0.0321734	0.000223938	0.00283989	0.000194148	0.000169051	0.00519368	0.0121669	0.317904	0.00135239	0.00847712
130	0.146748	0.00162538	0.0109939	0.00987378	0.00227379	0.0753277	0.0123347	0.0261304	0.0114737	0.0833547	0.0664289	0.0128985	0.202707	0.0103055	0.0285021	0.0900085	0.155884	0.0431539	0.00586319	0.00411279
131	0.105848	0.000657208	0.0335237	0.0722959	0.0159084	0.0764457	0.013406	0.010041	0.042482	0.00771185	0.00632326	0.0222996	0.231611	0.019115	0.143295	0.114024	0.0657851	0.0171689	0.000350821	0.00170792
132	0.0227156	0.00428643	0.00240976	0.000556601	0.0725281	0.00318268	0.000527686	0.108356	0.00170954	0.525426	0.131791	0.00044701	0.000954924	0.00104259	0.000889948	0.0106674	0.00956299	0.0761926	0.0101355	0.0166175
133	0.076624	0.000954303	0.00753154	0.029249	0.0116017	0.0110751	0.00626288	0.325912	0.0091088	0.124111	0.0112385	0.0196952	0.0065273	0.0187856	0.0123973	0.00841714	0.0471078	0.272055	0.000512697	0.00083305
134	0.0115009	0.00273529	0.0918611	0.0181282	0.000724748	0.546278	0.0384987	0.00361482	0.0457645	0.00167321	0.00338779	0.11221	0.00282942	0.0311012	0.0561555	0.0224926	0.00640131	0.00149448	0.000229734	0.00291836
135	0.0562961	0.00431282	0.0258558	0.075513	0.0126784	0.017867	0.0468226	0.0210334	0.161398	0.0409487	0.0216834	0.0288203	0.00245712	0.105404	0.218577	0.0644053	0.0556718	0.0145965	0.00447408	0.0211851
136	0.0115009	0.00273529	0.0918611	0.0181282	0.000724748	0.546278	0.0384987	0.00361482	0.0457645	0.00167321	0.00338779	0.11221	0.00282942	0.0311012	0.0561555	0.0224926	0.00640131	0.00149448	0.000229734	0.00291836
137	0.137304	0.0262461	0.000352515	0.000479442	0.0191227	0.0270866	0.00368438	0.182759	0.000383656	0.147497	0.0458698	0.000688111	0.0141016	0.000552833	0.000369191	0.0351736	0.0581166	0.295495	0.000617003	0.00410093
138	0.0884656	0.00523434	0.0196091	0.0801218	0.0121936	0.0205264	0.0139075	0.0568293	0.0152161	0.0702263	0.0302204	0.0390232	0.00096785	0.0718168	0.0350648	0.122925	0.171741	0.124098	0.00818058	0.0136321
139	0.110918	0.0164907	0.00049332	0.000393715	0.0172416	0.026043	0.00568084	0.178469	0.000411244	0.106389	0.0379168	0.00087955	0.0647424	0.000521349	0.000507574	0.0299047	0.0567869	0.33749	0.000281312	0.00843789
140	0.0254345	0.00306888	0.000153395	0.000131478	0.0281452	0.00424054	0.000117486	0.258951	0.000176912	0.400893	0.0717715	0.000169705	0.000572704	0.000146715	0.000117159	0.00389822	0.0139842	0.18478	0.00136491	0.00188202
141	0.128108	0.00596506	0.00037514	0.000393545	0.00198565	0.753275	0.00038616	0.00913112	0.000479687	0.00866279	0.00195611	0.00259634	0.000701111	0.000565898	0.000498458	0.0564569	0.0159467	0.0112077	0.000267898	0.00104075
142	0.0294531	0.00277823	9.91243e-05	0.000178053	0.0253433	0.00417746	0.000127688	0.32	0.000131794	0.308377	0.059949	0.000163396	0.000506115	0.00013791	8.91614e-05	0.00493596	0.0163716	0.223828	0.00136497	0.00198785
143	0.0978978	0.00470314	0.0212987	0.0589386	0.0245708	0.0153478	0.0703617	0.0178427	0.0994522	0.0590441	0.0174397	0.0552857	0.00173136	0.110416	0.157492	0.0743227	0.0475021	0.0144195	0.0162952	0.0356383
144	0.306993	0.00944685	0.00112621	0.0598881	0.0696251	0.0113523	0.0011416	0.0637521	0.00123862	0.0268929	0.0465398	0.0170548	0.11721	0.00127751	0.00905689	0.0691311	0.0364643	0.141439	0.000802937	0.00956658
145	0.0668298	0.000600277	0.00038434	0.000382909	0.000930868	0.840575	0.000378527	0.00960907	0.000438844	0.00480756	0.00130824	0.00317286	0.000671645	0.000537426	0.000454644	0.0465008	0.0137453	0.00785112	0.000256913	0.000563445
146	0.0197273	0.00417564	0.743742	0.0303228	0.00628946	0.00884021	0.0407128	0.0122443	0.00246323	0.013899	0.0120173	0.00414686	0.00410012	0.00767546	0.00402513	0.0353409	0.0122232	0.0327148	0.0017768	0.00356309
147	0.164433	0.000830765	0.000431684	0.000419801	0.00196584	0.00246288	0.00429367	0.206514	0.00046633	0.120991	0.0420976	0.000655995	0.00088342	0.00056898	0.0145571	0.041824	0.0681541	0.321789	0.00312062	0.00353971
148	0.0178176	0.00255927	0.0004064	0.000193624	0.040804	0.00311448	0.000135225	0.207442	0.000690438	0.473426	0.0840804	0.000202738	0.0010323	0.000194248	0.000318142	0.00511761	0.011629	0.14417	0.00141156	0.00525478
149	0.0962936	0.00630958	0.00045152	0.000770101	0.044589	0.0188776	0.00064779	0.13692	0.000806513	0.34741	0.0809775	0.00133837	0.0105004	0.00107902	0.000813504	0.0208066	0.0477358	0.174168	0.00389176	0.00561342
150	0.0206817	0.00372452	0.000590618	0.000168794	0.0467128	0.00290178	0.000163574	0.179528	0.000881828	0.47664	0.0937581	0.000220522	0.00113758	0.000192415	0.000230772	0.00503329	0.00929225	0.148916	0.00239235	0.00683377
151	0.0750167	0.0017333	0.00494357	0.0243615	0.0176853	0.0173625	0.00806886	0.305401	0.00913845	0.119874	0.0178689	0.0152264	0.00462031	0.0140929	0.0106832	0.00708824	0.0602249	0.285324	0.000496508	0.000789452
152	0.455045	0.0463853	0.00141865	0.00219491	0.00549433	0.0824613	0.000596132	0.018988	0.000662482	0.0197539	0.00677496	0.00296664	0.00813671	0.000990463	0.000550354	0.209393	0.116704	0.0191528	0.000483912	0.00184755
153	0.258946	0.0216304	0.00111984	0.000399922	0.0388161	0.0683514	0.000371295	0.0991774	0.000325622	0.136513	0.0369746	0.000600518	0.000716514	0.000635238	0.000360631	0.0814555	0.0542832	0.193489	0.00506852	0.000765397
154	0.104455	0.00648145	0.000177403	0.000164178	0.0524856	0.0184701	0.000133094	0.11595	0.000492229	0.347956	0.0930921	0.00138683	0.00754495	0.000676285	0.000568689	0.02535	0.0504889	0.16227	0.00546826	0.00638852
155	0.19636	0.0219598	0.000528336	0.000477111	0.025856	0.131331	0.000345046	0.125645	0.000399529	0.212854	0.0369424	0.000422443	0.000950058	0.000394403	0.000438283	0.0595441	0.0580576	0.124149	0.00265069	0.000695733
156	0.374941	0.0446156	0.00074469	0.00184179	0.00993393	0.366276	0.000715984	0.00812439	0.000937869	0.0232028	0.00827664	0.00136196	0.00285203	0.00111109	0.000942014	0.0794514	0.0287049	0.0425002	0.000714136	0.00275125
157	0.278382	0.0289113	0.000984778	0.000654764	0.0170928	0.0370621	0.000966501	0.0896947	0.0007633	0.117432	0.055115	0.000860899	0.00192925	0.000914775	0.000623519	0.0531039	0.0526681	0.25868	0.00270053	0.00145991
158	0.145682	0.00423738	0.00013431	0.000161762	0.0636229	0.037068	0.000208049	0.122107	0.0010127	0.341746	0.042579	0.000472879	0.00386896	0.00100276	0.000220267	0.0135583	0.0351993	0.184128	0.00110299	0.00188784
159	0.166683	0.00762018	0.000204037	0.000261943	0.047911	0.0433916	0.000223703	0.114122	0.000916527	0.35909	0.0412578	0.000685669	0.00518369	0.00104544	0.000303306	0.0163423	0.0363212	0.155163	0.00130342	0.00196997
160	0.033092	0.00173671	0.000353641	0.00196036	0.0464191	0.0104042	0.000309542	0.0919861	0.000386124	0.307953	0.310966	0.000638801	0.00163588	0.00430322	0.00158541	0.0225016	0.0305738	0.108399	0.00498262	0.0198127
161	0.131005	0.0252723	0.000345612	0.000492511	0.0218319	0.0264679	0.00341054	0.188177	0.000351958	0.151148	0.0500207	0.000668299	0.0133605	0.000594558	0.000439713	0.033562	0.058293	0.289138	0.000765055	0.0046555
162	0.136354	0.00364709	0.000195804	0.000269781	0.0508968	0.0302555	0.000181031	0.125385	0.00192665	0.36818	0.0472263	0.00059671	0.0035779	0.00158577	0.00046923	0.015728	0.0326971	0.176741	0.00133976	0.00274647
163	0.0546019	0.0172235	0.000686257	0.000780864	0.0879809	0.0326083	0.000630012	0.0284733	0.000709002	0.146415	0.0170801	0.000965388	0.00104241	0.000857726	0.000824001	0.141285	0.421778	0.044586	0.000507985	0.000964443
164	0.0115009	0.00273529	0.0918611	0.0181282	0.000724748	0.546278	0.0384987	0.00361482	0.0457645	0.00167321	0.00338779	0.11221	0.00282942	0.0311012	0.0561555	0.0224926	0.00640131	0.00149448	0.000229734	0.00291836
165	0.13613	0.0253758	0.000447112	0.000884787	0.0183865	0.0256921	0.00485737	0.188985	0.000559072	0.138885	0.0417499	0.00102481	0.0196794	0.000840272	0.00073911	0.0336741	0.0589623	0.297902	0.000631638	0.00459408
166	0.0317006	0.00336698	0.000117721	0.000182417	0.02416	0.00385168	0.000144527	0.296552	0.000150513	0.327578	0.0557206	0.000192763	0.000632961	0.000162845	0.000136274	0.00364771	0.0118727	0.236022	0.00172807	0.00207862
167	0.0280577	0.00083676	0.000554642	0.000746538	0.00264805	0.00354114	0.000705561	0.206573	0.000739568	0.0666868	0.0129287	0.00160567	0.00586706	0.000755873	0.000763318	0.0362676	0.137945	0.491407	0.000507711	0.000862183
168	0.0210977	0.000250663	0.000117679	0.000648608	0.0207391	0.00129065	0.000149162	0.426106	0.000183679	0.146413	0.0306868	0.00027482	0.00304558	0.00022212	0.00018218	0.0058291	0.0127591	0.318624	0.00117929	0.0102003
169	0.0302933	0.00282567	0.000178102	0.0010105	0.0438562	0.00502462	0.000177649	0.32358	0.000195795	0.238662	0.0660068	0.000278229	0.000653007	0.000416423	0.000465724	0.0121527	0.0286414	0.239235	0.00120907	0.00513682
170	0.0165388	0.00164377	0.000786647	0.00105137	0.0535236	0.00527127	0.000202809	0.107994	0.000859568	0.43998	0.237779	0.00034315	0.000957962	0.00231198	0.000852039	0.0122607	0.0159842	0.0830505	0.00407128	0.0145381
171	0.0292565	0.00312842	0.000142849	0.00019733	0.0269614	0.00434555	0.00012428	0.302265	0.000200006	0.323323	0.0670466	0.000216451	0.000534641	0.00019961	0.000167721	0.00497275	0.0170734	0.216403	0.00150629	0.0019347
172	0.526004	0.0110834	0.000589083	0.00059229	0.0123626	0.229166	0.00048558	0.0194719	0.000553568	0.0137213	0.010131	0.000835122	0.00398546	0.000505431	0.000566548	0.0637454	0.0271091	0.0767009	0.000273635	0.00211726
173	0.43419	0.0409615	0.000545883	0.00213911	0.0113125	0.232671	0.000359911	0.00942805	0.000437951	0.0229426	0.0141342	0.00127755	0.00501775	0.000489477	0.000387181	0.135216	0.0510263	0.0327569	0.000270578	0.00443543
174	0.0264342	0.000855041	0.00042179	0.00237419	0.0444132	0.010912	0.000353128	0.0855105	0.000476789	0.311224	0.336689	0.000540289	0.00081113	0.00509807	0.00165411	0.0220392	0.0251717	0.100136	0.00476469	0.0201219
175	0.0152857	0.00273968	0.00093081	0.000430266	0.0661796	0.00348177	0.000375723	0.18987	0.00135633	0.487479	0.095631	0.00051038	0.00156452	0.000558321	0.000386075	0.0111364	0.0136805	0.093224	0.00292861	0.0122513
176	0.274007	0.0685856	0.00408371	0.00650194	0.00683096	0.112172	0.00249745	0.0156806	0.00180308	0.0228882	0.00939264	0.0104559	0.0866383	0.00247142	0.00187756	0.200618	0.142413	0.0274252	0.00105282	0.00260424
177	0.0179495	0.00300863	0.00071362	0.000157482	0.0534288	0.00334076	0.000136829	0.159182	0.000961712	0.510236	0.110947	0.000266144	0.00171692	0.000223109	0.0001356	0.00671174	0.0109584	0.108995	0.00267448	0.00825598
178	0.283135	0.00384166	0.00065358	0.000724402	0.00210148	0.215133	0.00066721	0.00309893	0.00062692	0.00534138	0.0114475	0.0202006	0.00578287	0.000839397	0.000775168	0.40526	0.0273537	0.0112542	0.000467782	0.00129467
179	0.0777202	0.00301785	0.0285553	0.0794321	0.00841271	0.0163561	0.0225547	0.0830311	0.0213873	0.0861635	0.0435021	0.0221713	0.00103834	0.0797199	0.0359752	0.0767051	0.167811	0.12432	0.0138153	0.00831097
180	0.584052	0.0171795	0.00032724	0.00074111	0.0128626	0.143445	0.000261968	0.0147201	0.000310445	0.0207629	0.0143983	0.000565215	0.00609403	0.000366558	0.000362327	0.0909694	0.034216	0.0556773	0.000289004	0.00239872
181	0.0156048	0.00170367	0.000793487	0.000990461	0.0527081	0.00483451	0.00022613	0.113712	0.000850171	0.453076	0.225469	0.000330031	0.000984759	0.00203975	0.000665966	0.0109894	0.0150377	0.0825848	0.0039509	0.0134491
182	0.0621244	0.00666736	0.121035	0.416392	0.00211233	0.00813282	0.00100065	0.0272827	0.00611034	0.0147281	0.0275728	0.00579596	0.00142341	0.175028	0.0137848	0.0616066	0.0288195	0.0114608	0.000623196	0.00829881
183	0.0757469	0.00355278	0.0300301	0.099075	0.00870274	0.0196083	0.0386479	0.0182352	0.178124	0.0237262	0.0184857	0.057078	0.00104443	0.102134	0.103902	0.114668	0.0670926	0.0251412	0.00234652	0.0126584
184	0.0576989	0.00727775	0.000805166	0.00096918	0.00308322	0.0136507	0.000788739	0.00537372	0.000842595	0.00941939	0.00261292	0.0136941	0.00134309	0.000904862	0.00101106	0.354539	0.500258	0.024106	0.000562387	0.00105933
185	0.0668298	0.000600277	0.00038434	0.000382909	0.000930868	0.840575	0.000378527	0.00960907	0.000438844	0.00480756	0.00130824	0.00317286	0.000671645	0.000537426	0.000454644	0.0465008	0.0137453	0.00785112	0.000256913	0.000563445
186	0.403345	0.0204125	0.000731613	0.00106205	0.00668229	0.128786	0.000942833	0.0342584	0.00100021	0.108233	0.0356839	0.001381	0.00179597	0.00297967	0.00113074	0.0269416	0.151308	0.0711474	0.000962722	0.00121461
187	0.391595	0.00532138	0.0464492	0.00295252	0.00317679	0.0610731	0.00194985	0.0674051	0.00231333	0.0102236	0.0263897	0.0179546	0.018937	0.00323897	0.00171379	0.101536	0.121585	0.113275	0.00101835	0.00189232
