583	20
1	0.00332503	0.00420493	0.0012649	0.00300541	0.000835247	0.00429124	0.0183021	0.00166036	0.232822	0.00248245	0.0243288	0.00711376	0.000827366	0.0181201	0.648782	0.00401997	0.0142995	0.00167037	0.00757099	0.00107363
2	0.0151819	0.0094222	0.00244318	0.00116459	0.0468156	0.0025141	0.000769436	0.17157	0.0019616	0.554004	0.0649269	0.0016693	0.00285866	0.00396396	0.00219337	0.00766905	0.0121158	0.0902622	0.00210507	0.0063883
3	0.02222	0.00838368	0.0181249	0.0534637	0.00152852	0.0312109	0.0316571	0.0292126	0.286565	0.0306017	0.0253407	0.0687367	0.00408964	0.0440795	0.17164	0.0500387	0.0958784	0.0095237	0.00611263	0.0115922
4	0.0322146	0.0124353	0.000855176	0.00316458	0.0442001	0.00252246	0.00118755	0.440216	0.001691	0.0641927	0.0530958	0.00716034	0.000642787	0.00123022	0.00158958	0.0202023	0.0775949	0.224894	0.000301671	0.0106081
5	0.351471	0.00938709	0.0137604	0.00554906	0.00648152	0.358419	0.00284295	0.00823684	0.0042218	0.00351943	0.00247646	0.00358923	0.00405031	0.00189542	0.0137943	0.172767	0.026904	0.00533846	0.0026592	0.00263707
6	0.0236158	0.0168556	0.027655	0.0034321	0.157331	0.00331001	0.134179	0.0159388	0.0712251	0.0120063	0.0446818	0.00469093	0.00139835	0.0522083	0.0983452	0.057573	0.0454654	0.00402899	0.0717554	0.154303
7	0.00547108	0.00186702	0.00600164	0.00339188	0.00127175	0.015701	0.0115469	0.00676039	0.00169352	0.00767408	0.00977415	0.018373	0.0227105	0.00424462	0.00174753	0.422474	0.453521	0.0020629	0.000414512	0.00329906
8	0.150673	0.0494485	0.00242475	0.00315891	0.00563694	0.0426447	0.00276441	0.0457377	0.0114706	0.113469	0.0122681	0.00996963	0.0420248	0.00378592	0.00339145	0.13311	0.176537	0.187962	0.000865897	0.00265645
9	0.0217501	0.0387239	0.00958179	0.00333672	0.00169755	0.0174735	0.00837105	0.00509622	0.00889964	0.00766428	0.0042719	0.519473	0.00499191	0.00446102	0.00762295	0.272508	0.0413785	0.0114365	0.000875076	0.0103862
10	0.029264	0.011991	0.160727	0.0437563	0.00231439	0.182298	0.00362978	0.00551602	0.0528485	0.0054006	0.00365277	0.406135	0.00152009	0.00388066	0.0271841	0.0426439	0.00675603	0.00660392	0.000858723	0.00301906
11	0.00942907	0.0013372	0.00371967	0.00417578	0.643178	0.000784914	0.051801	0.0124993	0.000732276	0.0201668	0.00287691	0.0169418	0.00200779	0.000946035	0.00849207	0.00496069	0.00347411	0.00236145	0.0194856	0.190629
12	0.126017	0.0118206	0.0017398	0.00547541	0.0164471	0.0135403	0.0161851	0.171834	0.00758307	0.106455	0.0333486	0.00531095	0.000895176	0.00212803	0.0122978	0.0270351	0.0690168	0.367054	0.00128538	0.00453054
13	0.0180913	0.00182811	0.00032064	0.00189701	0.00166674	0.947251	0.0018815	0.00194348	0.000440121	0.000575023	0.000439758	0.00212395	0.00305766	0.000392706	0.00502765	0.0114889	0.000623369	0.000505824	0.000127531	0.000317318
14	0.00778948	0.0123498	0.00790837	0.0143244	0.00117164	0.0217758	0.023527	0.00279499	0.0772697	0.00740612	0.00847469	0.00682563	0.00900036	0.0261486	0.734758	0.019041	0.0108428	0.00316257	0.00359258	0.00183613
15	0.0593786	0.00237099	0.0331763	0.107577	0.00177228	0.00355131	0.0578155	0.00819933	0.0242537	0.0240522	0.00540665	0.0179599	0.00210207	0.513851	0.0640416	0.00908511	0.0324642	0.0299731	0.000951934	0.00201661
16	0.00812276	0.00112865	0.00665238	0.00622908	0.000903623	0.00123379	0.00311754	0.0155431	0.00127058	0.0161317	0.0181805	0.0110286	0.0113528	0.00133254	0.00147572	0.182439	0.710221	0.00179785	0.000373914	0.00146471
17	0.0898819	0.00121276	0.0355612	0.0619497	0.0133664	0.0159581	0.0379167	0.0158932	0.042445	0.0499084	0.00333048	0.0266002	0.287857	0.0574065	0.0301288	0.168321	0.0440649	0.0116855	0.000192668	0.00631902
18	0.0211155	0.00286169	0.163273	0.695985	0.000523451	0.00115798	0.00340426	0.00643588	0.01201	0.00277378	0.00170206	0.00136457	0.00267818	0.0418263	0.0117121	0.012782	0.00181921	0.0100719	0.00584967	0.000653361
19	0.0204629	0.00294145	0.156921	0.705377	0.000526375	0.00141845	0.00346187	0.00612547	0.0116048	0.00333215	0.00178169	0.00143519	0.00267569	0.0403909	0.0110783	0.0118311	0.00202666	0.0104366	0.00539529	0.000778088
20	0.0293317	0.0146734	0.00181175	0.00272195	0.00728609	0.00908926	0.0948089	0.108972	0.0718318	0.110184	0.0125356	0.00485922	0.010925	0.057689	0.336803	0.0309729	0.0159842	0.0642889	0.000939079	0.0142928
21	0.108568	0.00321824	0.0293019	0.214374	0.00218946	0.00780836	0.0329828	0.0123916	0.0692155	0.0585097	0.009017	0.0456514	0.00368197	0.218681	0.0863749	0.0243674	0.0284948	0.0413086	0.000799276	0.00306397
22	0.00450619	0.0035409	0.000424305	0.000726474	0.00787362	0.00120373	0.000491734	0.612539	0.00212979	0.0671725	0.0170374	0.00320589	0.000270833	0.000573482	0.00158518	0.00215566	0.0173206	0.255188	0.000147747	0.00190722
23	0.0211155	0.00286169	0.163273	0.695985	0.000523451	0.00115798	0.00340426	0.00643588	0.01201	0.00277378	0.00170206	0.00136457	0.00267818	0.0418263	0.0117121	0.012782	0.00181921	0.0100719	0.00584967	0.000653361
24	0.0605579	0.00651786	0.0667846	0.142852	0.00192951	0.040465	0.0349362	0.0191307	0.137536	0.023159	0.0212746	0.073892	0.00535569	0.0900064	0.13374	0.0613454	0.0486494	0.0225137	0.0014484	0.00790548
25	0.0892102	0.0252748	0.00883628	0.00163432	0.0837013	0.0116061	0.00219244	0.136515	0.00436278	0.26658	0.068674	0.00374118	0.00147278	0.00197499	0.00231623	0.0126702	0.0170918	0.236831	0.00786683	0.0174464
26	0.0196338	0.0195769	0.0351054	0.0476395	0.00207206	0.0358232	0.0403885	0.00806608	0.0757941	0.0151124	0.00994323	0.0320431	0.0106118	0.0573531	0.50827	0.044949	0.0200955	0.00733538	0.00359425	0.00659268
27	0.0511093	0.00375197	0.0546988	0.145431	0.00145832	0.0142297	0.0662726	0.0195493	0.0752498	0.0452044	0.0141352	0.0595075	0.00196851	0.23117	0.151079	0.0187221	0.0177489	0.0244361	0.000549764	0.00372824
28	0.0910385	0.126509	0.0021346	0.00200516	0.00162802	0.0357303	0.00272033	0.00942378	0.00983576	0.00501419	0.00576069	0.0673239	0.0137639	0.0127362	0.00260209	0.525043	0.0662558	0.0108056	0.000884614	0.00878504
29	0.325837	0.0339375	0.00894943	0.00426104	0.000586925	0.108312	0.00423516	0.00270473	0.00167515	0.00191273	0.0081383	0.00835182	0.0407279	0.0149944	0.00167065	0.337613	0.0648893	0.0291398	0.00145842	0.00060507
30	0.013176	0.00180543	0.706135	0.0928718	0.00094174	0.0225179	0.0153426	0.00259382	0.0231356	0.00288345	0.00188532	0.0553697	0.00553294	0.00983323	0.00537994	0.0229875	0.00737801	0.00457101	0.00125332	0.00440604
31	0.0466474	0.00694073	0.000466572	0.0352506	0.0603128	0.0193278	0.0242159	0.0712328	0.0223449	0.301223	0.0927817	0.00376305	0.0128343	0.036625	0.0476888	0.0472201	0.041006	0.0855646	0.0273083	0.017246
32	0.0117801	0.00763514	0.0114027	0.00178171	0.0725892	0.00217727	0.00177376	0.0984805	0.00173506	0.626805	0.0378875	0.00249761	0.0378815	0.00495854	0.00191989	0.00869211	0.00917816	0.0538165	0.00124085	0.00576645
33	0.0505092	0.0150356	0.00169932	0.023838	0.0670874	0.0205074	0.0134385	0.0923218	0.0196776	0.281052	0.0999441	0.00388247	0.0104803	0.0259863	0.0324179	0.0350703	0.0321796	0.112198	0.0384349	0.0242393
34	0.0249703	0.0318962	0.00125773	0.00125043	0.326449	0.00152485	0.0157559	0.0549747	0.00112665	0.171784	0.0321092	0.0179458	0.000800025	0.0012703	0.00148417	0.0436478	0.0354895	0.0453203	0.00522499	0.185718
35	0.183314	0.0124635	0.0480249	0.134814	0.00564019	0.0329073	0.0296351	0.0377949	0.0289165	0.0877152	0.0114201	0.0198033	0.0113671	0.0177151	0.0569468	0.156743	0.0747922	0.0346196	0.00172385	0.0136435
36	0.0266675	0.0119222	0.00314351	0.0231476	0.000568395	0.0205689	0.0182271	0.0121078	0.281578	0.0126383	0.00680918	0.0197037	0.00136913	0.0485282	0.48205	0.0157454	0.00891879	0.00368026	0.00187033	0.000756062
37	0.122682	0.00522229	0.0510238	0.333543	0.00333626	0.0943246	0.0217433	0.0143736	0.0270202	0.0755059	0.0066907	0.0306141	0.00888143	0.0468776	0.0364078	0.0650314	0.0264289	0.0163848	0.00231856	0.0115896
38	0.0761174	0.0145056	0.0161635	0.0173932	0.00181159	0.0262642	0.0166808	0.0121408	0.271891	0.0164334	0.013422	0.251124	0.00317476	0.0205149	0.0908853	0.068344	0.0629678	0.00953583	0.00151511	0.00911477
39	0.22926	0.0333299	0.0032168	0.00380133	0.00754126	0.0118184	0.0044871	0.0517863	0.00320839	0.00954281	0.00817301	0.00603972	0.00221193	0.00411143	0.0165747	0.223097	0.367734	0.00618822	0.00407404	0.00380281
40	0.00880354	0.00670107	0.00307011	0.00026166	0.0620603	0.000593327	0.000309218	0.0852702	0.000882758	0.704994	0.053129	0.000448237	0.00387706	0.00425792	0.000817299	0.008477	0.00766136	0.0405258	0.000992578	0.00686783
41	0.00333516	0.00428972	0.00128897	0.00308571	0.000833459	0.00438461	0.0184362	0.00164631	0.23183	0.00250805	0.0242111	0.00710168	0.00082594	0.018305	0.649254	0.00405979	0.0142673	0.00166779	0.00759617	0.00107366
42	0.0185694	0.054918	0.00414217	0.016233	0.00189731	0.0186162	0.0456657	0.0039318	0.102177	0.0222971	0.00904455	0.022632	0.00136985	0.0652917	0.554721	0.0302141	0.00802224	0.00475834	0.00993	0.00556807
43	0.489351	0.00900196	0.00230428	0.000782065	0.00201429	0.285283	0.00326444	0.00336177	0.000637116	0.00101831	0.00174287	0.00395939	0.00140671	0.00190073	0.00491374	0.168676	0.00876326	0.00764981	0.00340343	0.00056602
44	0.060388	0.0260731	0.00353087	0.000482877	0.0832317	0.0117526	0.000769637	0.166464	0.00404746	0.302924	0.066734	0.0024122	0.000676189	0.000799054	0.00097349	0.00623732	0.0169656	0.225076	0.0083707	0.0120917
45	0.0085055	0.0469235	0.00121273	0.00168751	0.280947	0.0017657	0.0398357	0.0164206	0.00122144	0.254472	0.0413842	0.018387	0.00125573	0.00132574	0.00198409	0.0142245	0.0199429	0.0198701	0.0307709	0.197863
46	0.331843	0.0345761	0.0254923	0.0254262	0.00281183	0.0302555	0.00604047	0.00625699	0.0320652	0.0173973	0.00497415	0.0382506	0.00353622	0.0191268	0.0629063	0.269483	0.0730995	0.0108587	0.000936361	0.00466329
47	0.378827	0.033979	0.0323205	0.0297516	0.00182933	0.0246426	0.00421858	0.00465811	0.0243341	0.0172766	0.00374823	0.0349043	0.00244729	0.00970303	0.0383578	0.280561	0.0647537	0.00954758	0.000533245	0.0036068
48	0.00551675	0.00798096	0.00317786	0.000312627	0.0459021	0.000327493	0.000304869	0.108017	0.000543853	0.713297	0.0484778	0.000609904	0.00491857	0.00460815	0.00086621	0.00644882	0.00621327	0.0376939	0.000284639	0.00449813
49	0.0102552	0.00153775	0.00138274	0.0298975	0.00106054	0.00154834	0.0123334	0.00185718	0.012638	0.0137191	0.00164077	0.00228931	0.00120594	0.885705	0.00386583	0.00338458	0.0103845	0.00353828	0.000482022	0.00127425
50	0.349441	0.0352941	0.0116948	0.00444155	0.000595736	0.100829	0.00375887	0.00281668	0.00264298	0.00225684	0.00910187	0.00835406	0.038207	0.0150416	0.00323197	0.309568	0.0697109	0.0311914	0.00124451	0.0005766
51	0.00673929	0.00322437	0.26052	0.286388	0.00209436	0.0558261	0.027532	0.00548298	0.0489393	0.00810594	0.00373806	0.0176938	0.0734979	0.00562047	0.00593484	0.122553	0.0191484	0.0182271	0.0131565	0.0155783
52	0.0170771	0.00201265	0.751874	0.0482397	0.00347797	0.0201897	0.0415985	0.00271484	0.00968459	0.0050672	0.00274726	0.0461686	0.0013698	0.00828419	0.00419479	0.015475	0.00704794	0.00373001	0.00071332	0.0083332
53	0.0181397	0.00182855	0.000286451	0.00168636	0.00165775	0.948086	0.00187828	0.00194137	0.00035518	0.000563348	0.000385597	0.0019994	0.00306263	0.000386505	0.00473926	0.0115394	0.000566783	0.000501442	0.000128583	0.000267066
54	0.0174591	0.0592969	0.00765267	0.0186929	0.111249	0.00450733	0.292655	0.0127809	0.00941422	0.0516721	0.0144345	0.0333339	0.00377768	0.0139296	0.0262124	0.0212349	0.0214997	0.0105589	0.0153321	0.254306
55	0.00383085	0.00229053	0.000533791	0.000607282	0.0226478	0.00647431	0.000662747	0.00320128	0.000535289	0.0217279	0.0014925	0.00290524	0.002597	0.00212262	0.00247082	0.00735917	0.00380904	0.00607517	0.897716	0.0109411
56	0.142355	0.0327158	0.00632853	0.00267102	0.00221051	0.0131157	0.00755893	0.0221387	0.00621555	0.0317323	0.01164	0.00498988	0.538874	0.0206886	0.0278236	0.0607293	0.0348141	0.03024	0.000707796	0.00245028
57	0.421167	0.0222481	0.00383039	0.00153522	0.00147918	0.232463	0.00298243	0.00253374	0.000706098	0.00147278	0.00453926	0.0042623	0.0146054	0.00525547	0.00335585	0.21287	0.0352965	0.0262751	0.00255532	0.000567038
58	0.018987	0.00116885	0.663909	0.0835489	0.00153488	0.0300871	0.028929	0.00194993	0.0196459	0.00185633	0.00220094	0.0635866	0.00193587	0.0135922	0.00645043	0.0392208	0.0122827	0.00417439	0.000542741	0.00439654
59	0.0225665	0.033168	0.00202715	0.00132651	0.314001	0.00241415	0.0169655	0.0565556	0.00118651	0.165221	0.0336789	0.0216016	0.00157638	0.00138215	0.00150451	0.0457713	0.0392207	0.0472516	0.00509354	0.187487
60	0.323635	0.0330519	0.00793666	0.00329304	0.000599929	0.112087	0.00439848	0.00292472	0.00121164	0.00177337	0.00828873	0.00809823	0.0412575	0.0138329	0.00106562	0.336163	0.0673467	0.0309397	0.00151313	0.000582058
61	0.0181397	0.00182855	0.000286451	0.00168636	0.00165775	0.948086	0.00187828	0.00194137	0.00035518	0.000563348	0.000385597	0.0019994	0.00306263	0.000386505	0.00473926	0.0115394	0.000566783	0.000501442	0.000128583	0.000267066
62	0.170509	0.0593943	0.00242379	0.00252355	0.00617642	0.0277664	0.00224701	0.0666879	0.00574915	0.102987	0.0114147	0.0117794	0.0670286	0.00453455	0.00363958	0.127662	0.123991	0.200023	0.000730954	0.00273105
63	0.0167595	0.00995866	0.00704196	0.0096333	0.00627693	0.00201959	0.0103345	0.0535671	0.00188013	0.386872	0.329569	0.0292041	0.0011456	0.0100423	0.00513482	0.0347614	0.0563635	0.0193791	0.000768673	0.00928814
64	0.0119595	0.00537857	0.000964086	0.00335808	0.665174	0.000899069	0.0136622	0.020721	0.0010762	0.0369223	0.00727987	0.00943125	0.000552951	0.00149589	0.00620417	0.0106615	0.010471	0.00937496	0.0161082	0.168305
65	0.0127159	0.0152244	0.000954629	0.00142481	0.148347	0.00214167	0.00260171	0.123573	0.00565982	0.37951	0.103185	0.00341901	0.000888919	0.0023216	0.00414108	0.0259063	0.0346995	0.08194	0.00501541	0.0463301
66	0.0214913	0.00681794	0.012794	0.0133786	0.0109586	0.00164281	0.00456771	0.0644477	0.00166638	0.395336	0.270556	0.0282965	0.000806083	0.0151539	0.00653245	0.0174293	0.0864954	0.0317887	0.000515409	0.00932544
67	0.0830236	0.0200429	0.00880514	0.00738629	0.00206612	0.0108067	0.0103585	0.0158157	0.00966988	0.0239795	0.0108087	0.00571888	0.61627	0.0315003	0.0371867	0.0653481	0.0275355	0.0116757	0.000387802	0.00161379
68	0.0862192	0.0183871	0.00174436	0.0171356	0.0487893	0.0434242	0.0118624	0.0817959	0.011454	0.183835	0.0747994	0.0137949	0.0276602	0.0198043	0.0234139	0.0978017	0.0973373	0.113426	0.0143377	0.0129773
69	0.0130777	0.00999531	0.00136007	0.003903	0.106604	0.00308631	0.00300582	0.0885182	0.00714754	0.499908	0.104676	0.00190785	0.00217766	0.00575613	0.0064627	0.0210053	0.0335884	0.0605563	0.00852817	0.0187361
70	0.0121902	0.00506053	0.000472907	0.00114965	0.0139065	0.00177523	0.000640833	0.572093	0.00196118	0.064743	0.0198221	0.00395116	0.000312235	0.000578894	0.0014897	0.00506603	0.0254407	0.26593	0.000292883	0.00312341
71	0.0289588	0.0141927	0.0014382	0.00210087	0.0996586	0.00430528	0.00137205	0.345611	0.00297106	0.139186	0.071477	0.00561177	0.00123675	0.00136808	0.00206704	0.0163227	0.0575283	0.18278	0.00308893	0.0187253
72	0.372947	0.0410307	0.00620596	0.00231185	0.000744154	0.100976	0.00305106	0.00413642	0.000997745	0.00351443	0.00824044	0.00497977	0.0295717	0.00930018	0.00201764	0.274853	0.0761558	0.0573025	0.00104433	0.000619839
73	0.0484934	0.0178549	0.00203595	0.0122213	0.083085	0.0122609	0.00720955	0.106301	0.0100771	0.351285	0.09094	0.00279899	0.00563378	0.01422	0.0171979	0.0234002	0.0297684	0.131009	0.0182026	0.0160056
74	0.00550409	0.021046	0.00120652	0.00470629	0.0851009	0.0023881	0.0676411	0.00182504	0.000433377	0.0181118	0.00243813	0.00521924	0.000285444	0.00084736	0.00742953	0.00986147	0.00971945	0.000586472	0.00307291	0.752577
75	0.0923807	0.0104045	0.00123469	0.00568171	0.0193669	0.0110011	0.00637755	0.282404	0.00402134	0.0606742	0.0277669	0.00710865	0.00043688	0.00160394	0.00428156	0.0284027	0.0648155	0.366442	0.000191813	0.00540372
76	0.00781454	0.00115282	0.00651358	0.00594035	0.000969873	0.00198059	0.00390909	0.015758	0.00125942	0.0159313	0.0186474	0.0106182	0.0133575	0.00154494	0.00148102	0.184819	0.704546	0.00187587	0.000407729	0.00147301
77	0.0111305	0.00536693	0.0125316	0.117442	0.00401398	0.512933	0.00562318	0.00712622	0.0261626	0.00818061	0.0282156	0.0422771	0.00274124	0.00598505	0.159625	0.0125065	0.0168499	0.00739973	0.00182206	0.0120673
78	0.0577827	0.0112388	0.073749	0.0116528	0.00258898	0.0250468	0.0527285	0.00664854	0.0382441	0.0120596	0.00479122	0.0786753	0.00351301	0.00793078	0.0436694	0.340211	0.170235	0.0311106	0.000777039	0.027346
79	0.00674894	0.00582797	0.00250719	0.00116032	0.0384983	0.000515844	0.000406715	0.166437	0.000655297	0.567073	0.103428	0.00159062	0.00493462	0.00431189	0.00104817	0.0083776	0.00854061	0.0725031	0.000308981	0.00512561
80	0.0345338	0.00111852	0.344105	0.125457	0.00425978	0.0483472	0.0541792	0.00222366	0.0354335	0.00204803	0.00418048	0.155815	0.000582618	0.021569	0.0121535	0.108387	0.0324989	0.00824425	0.000242678	0.00462069
81	0.158719	0.00496367	0.0208404	0.0463164	0.00257374	0.00301311	0.0119659	0.114767	0.0264921	0.0244208	0.0465434	0.00870859	0.00174806	0.00631101	0.00611223	0.0567999	0.2989	0.151533	0.00076469	0.00850749
82	0.101358	0.0107364	0.00173373	0.0113613	0.0130012	0.0116233	0.00581472	0.266121	0.00476228	0.0491709	0.043858	0.00605143	0.000652156	0.00237501	0.00444898	0.0275882	0.0713853	0.36085	0.000321279	0.0067864
83	0.0081815	0.00754653	0.00253411	0.000676317	0.047917	0.0010629	0.00044263	0.16517	0.00146726	0.600917	0.0628787	0.00146783	0.00362417	0.003999	0.00152467	0.00766862	0.0102291	0.0659867	0.00103812	0.00566832
84	0.00573772	0.00258073	0.0102944	0.00180852	0.00157729	0.0443753	0.0313995	0.00326909	0.00222476	0.00358644	0.0114745	0.0114071	0.072721	0.0104179	0.00250833	0.531886	0.245924	0.00254104	0.000745519	0.00352074
85	0.0898819	0.00121276	0.0355612	0.0619497	0.0133664	0.0159581	0.0379167	0.0158932	0.042445	0.0499084	0.00333048	0.0266002	0.287857	0.0574065	0.0301288	0.168321	0.0440649	0.0116855	0.000192668	0.00631902
86	0.0224487	0.00278401	0.14993	0.696452	0.000510852	0.00256713	0.00354217	0.00565358	0.0158963	0.00441379	0.00189851	0.00303615	0.00378545	0.0437556	0.0110652	0.0127215	0.00262925	0.0106522	0.00503312	0.00122507
87	0.0199388	0.0157548	0.0183365	0.00722723	0.106517	0.00248915	0.291249	0.0176866	0.0489736	0.0208103	0.0358406	0.0108517	0.00211909	0.0626179	0.0793405	0.0347215	0.0316691	0.0057258	0.0447669	0.143364
88	0.0284531	0.0272371	0.00132621	0.00315598	0.00149457	0.0168227	0.0635717	0.0483662	0.150287	0.0457619	0.00600174	0.00479614	0.0163372	0.0784886	0.383192	0.0267375	0.00438166	0.071562	0.00138171	0.0206454
89	0.0326057	0.0227344	0.00114521	0.00148555	0.00126389	0.0152149	0.0673504	0.0569393	0.136839	0.0512274	0.00637947	0.00278503	0.0197938	0.0722363	0.369374	0.0295189	0.00453341	0.0835079	0.000692806	0.024373
90	0.0187018	0.00310427	0.0554868	0.766873	0.00216018	0.0142179	0.0089987	0.00459221	0.0135749	0.0286533	0.00346676	0.00907368	0.00281228	0.0190156	0.00912164	0.0111131	0.0161851	0.00834657	0.00163173	0.00287032
91	0.0118739	0.00243398	0.000980002	0.00292104	0.0206534	0.00140445	0.00100843	0.28193	0.00117958	0.14132	0.353647	0.00382279	0.00157628	0.00320377	0.00178421	0.00794817	0.0150863	0.137509	0.000484399	0.00923335
92	0.0122994	0.155219	0.00437825	0.00515869	0.0276309	0.00556123	0.0288167	0.153894	0.0277837	0.221778	0.0315474	0.00656638	0.00318294	0.00908093	0.189107	0.0130535	0.0109697	0.081629	0.00174365	0.0105998
93	0.0103471	0.0295618	0.0028347	0.00634734	0.00332508	0.00839648	0.0333349	0.00287794	0.159536	0.0112991	0.0188402	0.0137594	0.00120071	0.0376446	0.611247	0.0163954	0.0112612	0.00341323	0.0125897	0.0057888
94	0.00740291	0.0120558	0.0108703	0.00596932	0.114343	0.00177632	0.194684	0.00943475	0.0013005	0.0284684	0.00488039	0.0266955	0.00545532	0.00313611	0.0124191	0.0110118	0.00633499	0.00123946	0.0131275	0.529395
95	0.00801354	0.00740936	0.00184388	0.00236992	0.0675628	0.00108792	0.00107485	0.209718	0.00440797	0.41711	0.114184	0.00381624	0.000897083	0.00459279	0.00374568	0.0156298	0.0369845	0.0836927	0.00251599	0.0133441
96	0.00556019	0.0216557	0.00114269	0.0050631	0.0869724	0.00252626	0.0673601	0.00184091	0.000442321	0.0185422	0.00246523	0.00514054	0.000474692	0.001076	0.00812699	0.00981774	0.0102047	0.000661313	0.00305469	0.747872
97	0.00767399	0.0441745	0.0165904	0.00346143	0.00630183	0.0098119	0.0265241	0.00960068	0.00469325	0.00836406	0.0114273	0.606483	0.00327099	0.0050552	0.00865934	0.105978	0.0523649	0.028715	0.00112952	0.03972
98	0.0210913	0.00745716	0.00872198	0.0127997	0.0238923	0.0077326	0.267325	0.0926498	0.0168027	0.0680671	0.104385	0.0485314	0.00480286	0.0815231	0.0741032	0.0272499	0.0484215	0.0584684	0.0049763	0.0209992
99	0.0100691	0.00150195	0.00116347	0.0300585	0.00175702	0.00170063	0.0120737	0.00238475	0.0128626	0.0162453	0.00241558	0.00214623	0.00127804	0.880001	0.00396227	0.00368139	0.0104338	0.00424313	0.000647932	0.00137324
100	0.0201338	0.00213615	0.000851183	0.00261561	0.001714	0.93438	0.00189571	0.00263429	0.00104149	0.000907567	0.000577773	0.00208555	0.00333087	0.000427015	0.00646595	0.0163359	0.0011538	0.000624949	0.000168284	0.0005198
101	0.0180258	0.00196098	0.000426952	0.00329128	0.00166968	0.941118	0.0019266	0.00207667	0.000812698	0.000751632	0.000834215	0.00265085	0.00303007	0.000419147	0.00729578	0.011513	0.000794905	0.000787264	0.000154645	0.000460207
102	0.00510708	0.00266841	0.00073786	0.00125778	0.024494	0.00667875	0.00138117	0.00505928	0.00105386	0.0270351	0.00325308	0.00293934	0.00300364	0.00268417	0.00333035	0.00839858	0.00577965	0.00931578	0.874381	0.0114407
103	0.0181397	0.00182855	0.000286451	0.00168636	0.00165775	0.948086	0.00187828	0.00194137	0.00035518	0.000563348	0.000385597	0.0019994	0.00306263	0.000386505	0.00473926	0.0115394	0.000566783	0.000501442	0.000128583	0.000267066
104	0.00923203	0.00892463	0.00152538	0.00222806	0.119807	0.00216868	0.0019873	0.0937151	0.0121858	0.490263	0.104365	0.00161687	0.00145345	0.00368017	0.00457421	0.0235357	0.0432571	0.054429	0.0043856	0.0166656
105	0.0161157	0.0101806	0.0868197	0.0504332	0.00862179	0.00635735	0.42375	0.014118	0.0115566	0.0746631	0.0147048	0.0789783	0.00729207	0.090301	0.0185347	0.0197947	0.0150434	0.0380267	0.00247326	0.0122351
106	0.0496529	0.00933091	0.00106088	0.00827286	0.0233705	0.00440593	0.00199823	0.421101	0.00279388	0.0524562	0.0562582	0.00675519	0.00067109	0.00161525	0.00243939	0.018044	0.070751	0.259425	0.000282356	0.00931493
107	0.0569139	0.00681768	0.00169339	0.0454444	0.057221	0.0195706	0.0184994	0.0666257	0.0345753	0.259765	0.0954356	0.00467375	0.0138699	0.0391784	0.0580656	0.0446627	0.0394808	0.0811749	0.0393687	0.0169635
108	0.110067	0.0152686	0.0411738	0.0271552	0.00457708	0.390729	0.00424875	0.0252399	0.0172977	0.0118064	0.00507359	0.00549437	0.0179668	0.00409206	0.0266857	0.246285	0.0300051	0.00605014	0.00157754	0.00920674
109	0.0655646	0.00292379	0.0329717	0.0585148	0.0109433	0.0125463	0.102975	0.0130794	0.0383259	0.0376333	0.00420529	0.0304236	0.266317	0.0790025	0.0459282	0.142427	0.0397989	0.00948748	0.000664903	0.00626626
110	0.0710043	0.0221892	0.0108048	0.00787056	0.00330236	0.047038	0.0214722	0.00672529	0.00701355	0.00949879	0.00917207	0.0203523	0.0860524	0.0153885	0.00599417	0.486632	0.152991	0.00990687	0.0014829	0.0051087
111	0.0885156	0.0423023	0.00936321	0.00837697	0.0221184	0.0138055	0.00628235	0.0862896	0.00184196	0.0515149	0.0446355	0.0936108	0.00112455	0.0195722	0.00194773	0.213081	0.227997	0.0636159	0.000388771	0.00361503
112	0.019242	0.00841234	0.00197008	0.00352111	0.0373462	0.0035853	0.00418941	0.190578	0.00363776	0.207374	0.339372	0.00461346	0.00183897	0.0045619	0.00372688	0.0130061	0.0217629	0.109021	0.00304457	0.0191961
113	0.00982688	0.0171491	0.00187418	0.00172789	0.164768	0.00160551	0.0102809	0.0669201	0.00347511	0.495996	0.069327	0.00500595	0.00219325	0.00357805	0.00316448	0.0141371	0.0188917	0.0408283	0.0106356	0.0586155
114	0.0882053	0.172525	0.00778866	0.00415896	0.00268223	0.202241	0.00346681	0.0116243	0.00375361	0.00904804	0.0187322	0.0197895	0.00539907	0.00401713	0.0044737	0.265356	0.137539	0.0251928	0.0010675	0.0129391
115	0.0079316	0.00109119	0.00645593	0.0060672	0.000913201	0.0012481	0.00331608	0.0158489	0.0012618	0.0162241	0.0182617	0.010606	0.0115834	0.00136973	0.00148705	0.177933	0.714764	0.00178934	0.000395367	0.00145199
116	0.306915	0.0768798	0.00420297	0.00126028	0.00102138	0.0190319	0.00109651	0.0489905	0.00180674	0.0447463	0.00321179	0.00381299	0.00903599	0.00655927	0.00445906	0.113405	0.131198	0.220467	0.000300718	0.00159808
117	0.00757973	0.00619246	0.00308789	0.000246628	0.0609695	0.000282487	0.000318793	0.0825348	0.000795683	0.716557	0.0527088	0.000393656	0.00397235	0.00443621	0.000835279	0.00880787	0.00762451	0.0353887	0.000749159	0.00651888
118	0.00424959	0.0177234	0.00608945	0.00172636	0.0013922	0.00953923	0.00740313	0.00461939	0.00442368	0.00741095	0.00392725	0.740115	0.00117037	0.00230136	0.00555233	0.117615	0.0346852	0.0159045	0.000669464	0.0134821
119	0.00560258	0.0216341	0.00109204	0.0046924	0.0847493	0.00244288	0.065963	0.00181955	0.000456016	0.0188594	0.0025055	0.00550415	0.000330594	0.000948994	0.0073914	0.00978316	0.00968465	0.00067545	0.00377322	0.752092
120	0.115096	0.011783	0.00135333	0.00727103	0.012193	0.0149494	0.00816722	0.214399	0.00508638	0.059008	0.0264244	0.00622385	0.000403653	0.00201105	0.00550593	0.0321548	0.0645414	0.408293	0.000187165	0.00494806
121	0.212645	0.118422	0.00216028	0.00296256	0.03612	0.00751723	0.00317904	0.0504566	0.002336	0.0248744	0.0201846	0.00681301	0.00173319	0.0026983	0.0061293	0.166132	0.307773	0.012892	0.0111691	0.00380307
122	0.0256742	0.00897071	0.0050591	0.00750442	0.0292162	0.00248711	0.00384955	0.0524248	0.00324248	0.545331	0.188054	0.0133748	0.00236754	0.00955047	0.0123873	0.0175165	0.0340178	0.0273119	0.00221874	0.00944146
123	0.00553039	0.0051396	0.00207998	0.00536714	0.00139796	0.00555859	0.0178482	0.00390816	0.216171	0.00539355	0.025518	0.00834749	0.00177893	0.0196949	0.642568	0.00666884	0.0150813	0.00309127	0.00739646	0.00146014
124	0.00428324	0.00325078	0.0010156	0.00169163	0.011666	0.000724617	0.00062426	0.323305	0.00208479	0.409334	0.104203	0.0034019	0.00145344	0.00410508	0.00241437	0.00548077	0.0111223	0.107588	0.000268469	0.0019822
125	0.00688624	0.00721727	0.00316866	0.000300559	0.0538446	0.000430005	0.000306113	0.0937399	0.000650409	0.714631	0.050275	0.000487446	0.00441024	0.0044296	0.000793212	0.00749914	0.00669538	0.0379601	0.000538391	0.00573704
126	0.0218561	0.0028572	0.00363126	0.0124832	0.00201295	0.898882	0.00254603	0.00308794	0.00254915	0.00201764	0.00150657	0.00367234	0.00399334	0.0016456	0.00920307	0.0214015	0.00358647	0.00157239	0.000362916	0.00113236
127	0.0651669	0.00715731	0.0838928	0.157021	0.00543432	0.00760108	0.00785559	0.00999964	0.0537529	0.0163005	0.116951	0.0107614	0.00476176	0.130022	0.00989285	0.0314829	0.0136348	0.259434	0.00219665	0.00668113
128	0.0926394	0.00338904	0.0816861	0.215236	0.0023269	0.126773	0.0136803	0.020414	0.0687326	0.0413138	0.0105712	0.0400339	0.0158759	0.0300557	0.0604151	0.0818436	0.0519771	0.03096	0.00374921	0.00832721
129	0.118987	0.0420299	0.0241782	0.00277589	0.00208884	0.0312561	0.00847632	0.0319025	0.0235234	0.0599069	0.0307753	0.006546	0.409677	0.0406969	0.0690001	0.0407469	0.0272809	0.0272319	0.000896196	0.0020236
130	0.033965	0.0010032	0.352267	0.124681	0.00462371	0.0451977	0.0533041	0.00247386	0.036183	0.00228766	0.00405051	0.152447	0.000568121	0.0220336	0.0116691	0.107567	0.0320611	0.00855462	0.000240488	0.00482255
131	0.050344	0.0317846	0.00330331	0.000632036	0.0773063	0.0100411	0.00176756	0.166963	0.00419102	0.328636	0.069742	0.00247728	0.000879599	0.00139356	0.00468279	0.00694359	0.0163987	0.20243	0.00769259	0.0123906
132	0.137703	0.00807431	0.0681014	0.1558	0.00527015	0.0691803	0.023061	0.0352664	0.0608358	0.0572171	0.00981962	0.0305952	0.0356923	0.0290114	0.0435215	0.0914784	0.0777598	0.0384066	0.0019403	0.0212655
133	0.0378703	0.00198063	0.00727696	0.0347378	0.000506087	0.0119174	0.00435151	0.024279	0.418204	0.0220578	0.0132098	0.0472068	0.000825164	0.0518699	0.265451	0.0245716	0.0207708	0.00604011	0.00355029	0.00332311
134	0.670427	0.0219166	0.000985897	0.00105586	0.00165577	0.166444	0.00121171	0.0017504	0.000895993	0.00449536	0.00136018	0.00161745	0.00106739	0.00114146	0.0107928	0.0330628	0.0341782	0.0444096	0.000607664	0.000924253
135	0.0172712	0.0564508	0.00353197	0.0135677	0.00190181	0.0179096	0.0500401	0.00398628	0.0907523	0.0224959	0.00754062	0.0191422	0.0014326	0.06681	0.576739	0.0253773	0.00540587	0.005477	0.00912554	0.00504258
136	0.0960155	0.0030409	0.0805043	0.111373	0.00247165	0.0458776	0.0156995	0.0125555	0.12718	0.0249274	0.0159471	0.0939735	0.0130622	0.0401134	0.0901466	0.115331	0.0819257	0.0250472	0.000829762	0.00397803
137	0.00973224	0.00435951	0.00259397	0.00478698	0.0379181	0.00892198	0.00482202	0.0199575	0.00382245	0.0420217	0.0114363	0.00592434	0.0138775	0.00596593	0.00730865	0.0143241	0.0100988	0.0161386	0.760975	0.0150142
138	0.0111799	0.00412079	0.000535478	0.00147387	0.0134529	0.00130164	0.000642826	0.551395	0.00200032	0.0941363	0.0534321	0.00429296	0.000385521	0.00112356	0.00140659	0.00541034	0.0246544	0.224952	0.000333426	0.00377074
139	0.0165041	0.0158625	0.00312391	0.00816969	0.0321464	0.00544022	0.164045	0.159215	0.0130226	0.187724	0.0474767	0.0161718	0.00354231	0.0526401	0.127554	0.0313146	0.020776	0.0788795	0.00294777	0.0134437
140	0.040212	0.000955633	0.312948	0.139014	0.00328015	0.0520778	0.0580131	0.00254286	0.0403609	0.00170627	0.0051433	0.123686	0.000580836	0.0258107	0.016799	0.125834	0.0364793	0.00972738	0.00025073	0.00457865
141	0.0134631	0.0212786	0.00533674	0.0350495	0.00273699	0.0178227	0.143857	0.00477166	0.0443446	0.0251628	0.00587689	0.0221019	0.00520897	0.0308874	0.580817	0.0195603	0.0091898	0.00574686	0.00347147	0.0033161
142	0.0183413	0.001879	0.000415007	0.00180607	0.00168233	0.946339	0.00187435	0.00207443	0.000421367	0.000596485	0.000385004	0.00200072	0.00311569	0.000389678	0.00485374	0.0122453	0.000605759	0.000500873	0.000135184	0.00033872
143	0.0327303	0.0445947	0.00971153	0.00239265	0.00186514	0.101691	0.0175416	0.00688468	0.00542191	0.00579799	0.01001	0.0332337	0.0273194	0.00641549	0.00448718	0.46047	0.208861	0.0117841	0.000680821	0.00810647
144	0.687303	0.0171213	0.0025963	0.00277931	0.0036073	0.0491331	0.00230082	0.00722862	0.00234234	0.0263418	0.00341884	0.00291863	0.00287986	0.00273893	0.00798139	0.0273977	0.0607981	0.0881615	0.000751927	0.00219964
145	0.16615	0.00651998	0.0158384	0.0444422	0.0040014	0.00594493	0.010919	0.121899	0.0216991	0.0320365	0.037508	0.00912204	0.00197714	0.00665303	0.0071082	0.058764	0.274085	0.162959	0.00103012	0.0113441
146	0.179456	0.0070605	0.00822965	0.029448	0.0680737	0.0472983	0.0918406	0.00773772	0.0222416	0.057888	0.0842974	0.0521587	0.00320551	0.0379771	0.0086151	0.110189	0.0245063	0.0215701	0.00148521	0.136722
147	0.115575	0.0354686	0.00507541	0.00866541	0.0207432	0.0258031	0.00524828	0.105466	0.00358106	0.0756908	0.0430858	0.0504684	0.0105682	0.0152649	0.00379451	0.176051	0.173719	0.120605	0.000528119	0.00459828
148	0.0671027	0.0123064	0.00585763	0.00470097	0.00195678	0.00812529	0.0119096	0.011037	0.00417706	0.015539	0.00703582	0.00399736	0.684538	0.0176996	0.0191069	0.0759101	0.0366456	0.00900432	0.000424719	0.00292566
149	0.10777	0.0301746	0.00589612	0.0166108	0.0184449	0.0117475	0.00774777	0.0945723	0.0152037	0.073372	0.0569932	0.0540166	0.00280375	0.0551114	0.01256	0.182717	0.179431	0.0680607	0.00153427	0.0052331
150	0.0423903	0.0185911	0.00239662	0.00729048	0.0957598	0.0110175	0.0047922	0.126868	0.00800224	0.326565	0.0774257	0.0026517	0.00368929	0.0093439	0.0109634	0.0177091	0.0226941	0.148947	0.0433614	0.0195416
151	0.459443	0.0202915	0.00441129	0.0016322	0.00235915	0.229934	0.00294638	0.00370588	0.000926428	0.00312002	0.00357758	0.00384137	0.0106856	0.00460751	0.00546594	0.172493	0.0404413	0.0273865	0.00202867	0.000702225
152	0.0355387	0.00305917	0.0392403	0.135319	0.0022724	0.0202343	0.0107072	0.0189532	0.360092	0.0205284	0.011156	0.0456446	0.00520962	0.0564146	0.160546	0.0264836	0.0275785	0.0124682	0.00276109	0.0057935
153	0.0550012	0.0239222	0.00269206	0.00120446	0.0859753	0.00904481	0.000678683	0.248827	0.00315745	0.215588	0.0654219	0.00394988	0.000881542	0.00086851	0.00117755	0.0103727	0.0362123	0.214931	0.0069717	0.0131215
154	0.00877802	0.0711112	0.00208895	0.00280202	0.218315	0.0035206	0.0294033	0.00961901	0.00196216	0.238881	0.0360632	0.0225639	0.00154474	0.00438326	0.00658965	0.0197004	0.0139534	0.0132339	0.136272	0.159215
155	0.00918323	0.00963336	0.0029338	0.0004679	0.063481	0.00106053	0.000497049	0.0906813	0.0017015	0.671663	0.0593846	0.000651563	0.0036873	0.00406983	0.00147697	0.00999042	0.0122066	0.0480031	0.00168457	0.00754231
156	0.343161	0.0527121	0.00998384	0.00593972	0.00193492	0.0692012	0.00294448	0.00886916	0.00475701	0.0063568	0.0067603	0.0124419	0.019947	0.00879644	0.00701532	0.304804	0.090224	0.0413138	0.00111461	0.00172266
157	0.0471774	0.0127014	0.00137832	0.00300501	0.0243906	0.0066897	0.0025336	0.38407	0.00301363	0.0984255	0.0360935	0.00480962	0.000446741	0.00120338	0.00244964	0.0122332	0.0364696	0.315844	0.00156535	0.00549963
158	0.00872825	0.00773244	0.00293802	0.000290748	0.0655699	0.000677596	0.000352691	0.0946836	0.00103495	0.680589	0.057015	0.000544709	0.00378436	0.00413523	0.000977993	0.0090072	0.00913051	0.0438631	0.0010219	0.00792323
159	0.0177232	0.00185498	0.000619859	0.00316357	0.00165453	0.941349	0.00190959	0.00194814	0.000839612	0.000690808	0.0008535	0.00311037	0.00298827	0.000412457	0.00719051	0.0113276	0.000983914	0.000591417	0.000133088	0.000655093
160	0.110186	0.0266046	0.00303957	0.00277789	0.0397505	0.0120018	0.00661326	0.13226	0.00495361	0.191133	0.0559758	0.00468767	0.0017593	0.00185884	0.0056086	0.0174024	0.0462502	0.325789	0.00399157	0.00735575
161	0.00550922	0.02118	0.00101419	0.00469428	0.0851645	0.00238895	0.0658046	0.00176604	0.000429954	0.0181154	0.0024198	0.00499753	0.000285431	0.000819659	0.00726633	0.00977999	0.00975992	0.000584999	0.00294476	0.755074
162	0.0192267	0.00290085	0.184866	0.667291	0.000640344	0.00404239	0.00474252	0.00642314	0.013598	0.002973	0.00169968	0.00198129	0.00489345	0.0366878	0.010702	0.0183647	0.00243244	0.00999267	0.00531846	0.00122443
163	0.00386539	0.00272484	0.000543341	0.000607859	0.0231395	0.00654544	0.000669047	0.00317297	0.000538554	0.0231121	0.00161358	0.00308446	0.00255924	0.00221011	0.00264217	0.00779014	0.00375792	0.00603402	0.893848	0.0115409
164	0.145928	0.0303083	0.0651417	0.104237	0.0284686	0.0413778	0.0408476	0.0308252	0.036115	0.0689691	0.0161186	0.0416589	0.0177805	0.0193993	0.0543023	0.14115	0.0390956	0.0129549	0.00115327	0.0641685
165	0.0180774	0.00182406	0.000286462	0.00191346	0.00171257	0.947132	0.00188874	0.00194663	0.000399216	0.000564835	0.000431429	0.00212828	0.00307054	0.000399068	0.00510425	0.0116219	0.000581133	0.000522041	0.000128221	0.000268329
166	0.051229	0.11511	0.0249685	0.0055799	0.0197366	0.0152566	0.0158149	0.0695527	0.00260659	0.0575642	0.0636785	0.124698	0.00267945	0.0132531	0.00312509	0.170832	0.158248	0.0769356	0.00102945	0.00810156
167	0.0431457	0.0137408	0.0169784	0.0196242	0.00507229	0.0170575	0.0821756	0.0195885	0.276011	0.0259298	0.0186696	0.215341	0.00458042	0.0287225	0.0628947	0.0449038	0.043218	0.0416635	0.00360943	0.0170731
168	0.173277	0.0254309	0.0049352	0.00258009	0.000923944	0.0428819	0.00641573	0.00949559	0.00235405	0.0103815	0.00707859	0.00472142	0.455598	0.017381	0.013983	0.155444	0.045873	0.0193323	0.0006054	0.00130788
169	0.0151452	0.00311341	0.00080634	0.0031552	0.0284332	0.00142532	0.000859645	0.333589	0.00105353	0.155441	0.233048	0.00434256	0.0014312	0.00322086	0.00147824	0.00867054	0.0244472	0.172835	0.000569586	0.006936
170	0.0756296	0.0176652	0.00396704	0.0120203	0.0670343	0.0209205	0.00877169	0.147134	0.0108146	0.18874	0.0601424	0.007191	0.0456042	0.0113047	0.0164304	0.05204	0.070174	0.164705	0.00964981	0.0100622
171	0.0631893	0.013966	0.00525398	0.00283566	0.00153823	0.00848924	0.0106489	0.0114189	0.00341416	0.0148866	0.00815065	0.00341352	0.702068	0.0164327	0.01986	0.0622205	0.0389628	0.00989162	0.000446736	0.00291264
172	0.0129199	0.00246557	0.0824252	0.794091	0.00100218	0.00629701	0.00524955	0.00396342	0.00993452	0.0140154	0.00221908	0.00472373	0.00183649	0.0223798	0.00724155	0.00778491	0.00944097	0.00787954	0.00266502	0.00146551
173	0.0152228	0.0156462	0.00117957	0.00075198	0.101965	0.00260601	0.00069826	0.153012	0.00507125	0.412374	0.109923	0.00140299	0.000721729	0.00207988	0.00301886	0.0180019	0.0315252	0.0997392	0.00442511	0.0206356
174	0.00480743	0.00865996	0.000638142	0.000801659	0.0330255	0.00710715	0.000780849	0.00308228	0.000746275	0.0426213	0.00386217	0.00511336	0.00225255	0.00397265	0.00445513	0.013483	0.00355452	0.00567162	0.838636	0.0167288
175	0.00854025	0.00905377	0.0017737	0.000915894	0.0848668	0.000690845	0.00126767	0.100375	0.00413565	0.541393	0.112829	0.00210658	0.00138255	0.00335212	0.00264031	0.0239185	0.0293199	0.0540691	0.00245681	0.014912
176	0.0173201	0.0162103	0.0016968	0.000505306	0.101175	0.00247792	0.000573955	0.126838	0.00387454	0.47453	0.0947104	0.000907142	0.00145932	0.00233443	0.00232384	0.0171149	0.0240624	0.0885763	0.00382472	0.0194847
177	0.0609707	0.0137286	0.00492798	0.00255465	0.00139948	0.0103472	0.0105237	0.0104095	0.00351359	0.014005	0.0088622	0.00321744	0.722092	0.0166892	0.0221989	0.0564042	0.027141	0.00807642	0.000436051	0.00250258
178	0.0217582	0.00808872	0.0565363	0.0348602	0.00416782	0.0196893	0.0613201	0.0111456	0.0857534	0.0298826	0.0117731	0.0897633	0.00319146	0.0372869	0.0862918	0.188308	0.155901	0.0128331	0.00294452	0.0785045
179	0.0201019	0.0018317	0.00333673	0.01607	0.00064955	0.00769935	0.00862233	0.0129023	0.357093	0.0111046	0.0171212	0.0307837	0.000889871	0.031591	0.434968	0.0135912	0.0209118	0.00370494	0.00491367	0.00211254
180	0.014434	0.013857	0.00128365	0.000685378	0.119188	0.00243729	0.000672707	0.136645	0.00536952	0.418233	0.105857	0.000972101	0.000833986	0.00191441	0.00300396	0.0186495	0.0298803	0.0961207	0.00493749	0.0250253
181	0.00576751	0.0143113	0.000932905	0.0014814	0.045242	0.00705485	0.00150248	0.00413126	0.000986061	0.0600204	0.00667563	0.00707225	0.0023753	0.00468959	0.00598521	0.0169098	0.00474567	0.00673767	0.779914	0.023465
182	0.0525363	0.324153	0.00481756	0.00228556	0.00300326	0.0768746	0.0028057	0.0239407	0.00424199	0.0113231	0.0127289	0.0457844	0.00205135	0.00408751	0.00367131	0.264033	0.094668	0.0421879	0.00094677	0.0238583
183	0.00863535	0.00429888	0.0191252	0.00624033	0.144534	0.0016392	0.295718	0.0199935	0.00181314	0.0449446	0.00839354	0.0519665	0.0149179	0.00401601	0.013697	0.0132493	0.00442247	0.00257451	0.021228	0.318593
184	0.148835	0.195543	0.00332891	0.00407643	0.0607259	0.00735931	0.00397024	0.0557328	0.00237896	0.0491237	0.0285013	0.0184153	0.00260228	0.0060977	0.00376542	0.150409	0.216265	0.0311355	0.00636299	0.00537107
185	0.0108285	0.00773536	0.0158375	0.0210606	0.00235407	0.0403785	0.0163397	0.00668452	0.0227824	0.0108607	0.00544242	0.00610571	0.0313159	0.0172737	0.720241	0.0344203	0.017279	0.00799272	0.00140761	0.00366014
186	0.0215412	0.00683591	0.0128221	0.0133778	0.010868	0.00164274	0.00456263	0.0644297	0.00166596	0.395144	0.270484	0.0284089	0.000809822	0.0153023	0.00655391	0.0173471	0.0865595	0.0318082	0.000503853	0.0093325
187	0.0765863	0.0113392	0.00101934	0.00454817	0.0337067	0.00915205	0.00456415	0.305946	0.0028957	0.067672	0.0461303	0.00890851	0.00120223	0.00136765	0.00465577	0.027895	0.0805483	0.304757	0.000376887	0.00672928
188	0.00734874	0.0302781	0.000993986	0.00318663	0.179968	0.0020396	0.0531101	0.00945849	0.000730303	0.105991	0.0167169	0.00958536	0.000753699	0.000956516	0.00471814	0.012759	0.014633	0.00917125	0.0111408	0.52646
189	0.0233807	0.00750377	0.00401998	0.011114	0.0669806	0.00508296	0.00565885	0.0885375	0.00715351	0.463362	0.128363	0.00776288	0.00369263	0.0152756	0.0130444	0.0227436	0.0487395	0.0569837	0.00750293	0.0130974
