257	20
1	0.285269	0.0177958	0.00980685	0.0127099	0.0148146	0.178136	0.00898615	0.0254391	0.00718205	0.0317085	0.0256204	0.0176436	0.0114804	0.0427432	0.00613607	0.133129	0.0391561	0.12099	0.00228369	0.00896934
2	0.0473638	0.005671	0.000305447	0.000833956	0.0178864	0.0044281	0.000929802	0.41047	0.000263914	0.146725	0.0328399	0.00103363	0.00190001	0.00212858	0.00215252	0.00554391	0.0154616	0.300336	0.000645718	0.00308179
3	0.260449	0.00575433	0.0025474	0.00699546	0.0383887	0.0564278	0.0323646	0.0475089	0.0410922	0.0896278	0.0172724	0.0103983	0.00425687	0.00433768	0.0299359	0.0618696	0.0369715	0.213601	0.00217806	0.0380218
4	0.0290608	0.00343428	0.00160383	0.00392485	0.0565558	0.0227575	0.10011	0.0286486	0.0656683	0.179674	0.0171785	0.00817376	0.00381206	0.0240859	0.109498	0.0267044	0.00622204	0.0411379	0.0139024	0.257847
5	0.352159	0.0134928	0.00918207	0.00240023	0.000846147	0.475975	0.000711227	0.00270639	0.000300294	0.0110159	0.00148586	0.00117983	0.00279386	0.00291604	0.00214348	0.0960986	0.0130297	0.00942613	0.000125245	0.00201159
6	0.268938	0.0714523	0.000869799	0.00117942	0.0252669	0.0227901	0.00200373	0.0930415	0.000810277	0.202689	0.0534883	0.00522229	0.00155596	0.00152625	0.000862712	0.0389564	0.0312534	0.173819	0.000578765	0.00369625
7	0.00958848	0.0133038	0.00154263	0.0230363	0.0891005	0.00328065	0.0230884	0.148861	0.0121108	0.371606	0.028559	0.00320521	0.00137831	0.00284845	0.0322569	0.00630839	0.00583673	0.136975	0.0578168	0.0292964
8	0.0705435	0.00672733	0.267484	0.335446	0.00090121	0.0160873	0.0187382	0.00719926	0.0437426	0.0139781	0.0115381	0.0297332	0.00101362	0.0447519	0.0402665	0.0387074	0.0277801	0.0127914	0.00241118	0.0101595
9	0.631257	0.0182068	0.000405559	0.000455956	0.00347174	0.0726919	0.0055992	0.00121453	0.000378893	0.00924121	0.0132746	0.00807918	0.000537358	0.000543269	0.000390296	0.214966	0.00638096	0.00949125	0.000185937	0.00322797
10	0.0354661	0.00422793	0.145341	0.0600011	0.0134393	0.216254	0.02076	0.00527545	0.00403427	0.0116053	0.0042632	0.313241	0.00685652	0.0100609	0.0059323	0.0975515	0.021192	0.010325	0.00340653	0.0107663
11	0.0744484	0.0245666	0.000390734	0.000519866	0.0224313	0.0136487	0.000532654	0.199653	0.000307076	0.108331	0.0166901	0.00117857	0.000354943	0.000786085	0.000397077	0.00357746	0.0230783	0.505061	0.000226823	0.00382031
12	0.198392	0.00541604	0.00189526	0.00215557	0.051765	0.0383488	0.00382702	0.141537	0.00430031	0.0154526	0.0122562	0.00453235	0.00284715	0.0022555	0.0181619	0.0245439	0.0129068	0.422293	0.00116203	0.0359506
13	0.318391	0.0550632	0.00421066	0.000710325	0.0141531	0.0261552	0.00149474	0.019919	0.000545297	0.0145123	0.0155197	0.00769791	0.00208365	0.000675249	0.000588769	0.156879	0.310427	0.0453721	0.000296683	0.00530587
14	0.255671	0.014849	0.00701694	0.00193941	0.00106038	0.526475	0.000572263	0.0025118	0.000441367	0.0101069	0.00115612	0.00977528	0.00266573	0.00251033	0.00180437	0.128172	0.0207195	0.00756574	0.000179446	0.00480769
15	0.0604321	0.0166237	0.00804438	0.0115211	0.0933753	0.0213698	0.0265051	0.0816468	0.0119776	0.0918714	0.040642	0.0171442	0.0152893	0.0122212	0.0174254	0.044457	0.0428512	0.211927	0.0116782	0.162997
16	0.102098	0.0126845	0.0153993	0.0163487	0.0160164	0.0272053	0.00898943	0.0270267	0.00670462	0.040109	0.0184197	0.0248387	0.453695	0.056233	0.00731068	0.064439	0.047034	0.0377267	0.00462122	0.0130999
17	0.18016	0.0117255	0.0163571	0.0145453	0.0120796	0.515905	0.0107938	0.00526015	0.00311803	0.0158569	0.00460549	0.0236186	0.00643537	0.0112551	0.0063701	0.108482	0.0251479	0.0138861	0.00327388	0.0111243
18	0.120232	0.0156371	0.00892362	0.00568376	0.0435939	0.0180496	0.0180655	0.0175691	0.00606352	0.0168109	0.0174877	0.0608743	0.00944322	0.00760388	0.00888158	0.284765	0.236945	0.0350368	0.00414771	0.0641857
19	0.0820324	0.0107724	0.00865291	0.00862364	0.0185725	0.0237372	0.00699509	0.0365451	0.00373059	0.0526714	0.0185327	0.011486	0.605772	0.0126014	0.00436541	0.0367661	0.0137127	0.0300237	0.00701636	0.00739086
20	0.269376	0.0142023	0.00475699	0.0137458	0.0165846	0.0146441	0.00195972	0.0920018	0.00195685	0.0202042	0.014186	0.00814683	0.0108739	0.00890999	0.00235352	0.15385	0.189215	0.158754	0.000878724	0.00339999
21	0.030935	0.00195017	0.015148	0.00117876	0.00404915	0.00242714	0.00278616	0.00389659	0.000935766	0.00373911	0.0124657	0.0611367	0.017591	0.0019335	0.00174892	0.406334	0.407575	0.0201039	0.000468479	0.00359649
22	0.0555949	0.00761819	0.192349	0.246445	0.00341306	0.0412791	0.0276068	0.00716013	0.0582926	0.0153417	0.0105202	0.0498896	0.0430018	0.0583192	0.0715552	0.0556773	0.0298135	0.0133562	0.00212853	0.0106381
23	0.0579173	0.00807369	0.000293779	0.00106025	0.0189906	0.00623523	0.00114948	0.362893	0.00029043	0.147775	0.0366002	0.0012789	0.00248401	0.00232459	0.00258586	0.00670016	0.0191484	0.320179	0.000862186	0.00315808
24	0.0425031	0.00893374	0.000648031	0.000833178	0.0273103	0.0128234	0.00255892	0.277713	0.00070152	0.315845	0.133408	0.00163686	0.00567005	0.00101293	0.000996633	0.0199773	0.037121	0.108762	0.000411247	0.00113398
25	0.0730585	0.0019285	0.0373114	0.242879	0.0100049	0.0659781	0.0112194	0.011197	0.0295455	0.00469816	0.00351883	0.017329	0.00886335	0.34127	0.0489457	0.0499	0.0304235	0.00878207	0.000686414	0.0024607
26	0.0514069	0.00620296	0.00136376	0.00574337	0.133365	0.0113184	0.151631	0.0680878	0.0200606	0.060453	0.036899	0.0595487	0.00911997	0.00241498	0.0343422	0.059667	0.0243457	0.0520089	0.0740243	0.137996
27	0.229847	0.0336952	0.00993353	0.00444219	0.00875082	0.0464821	0.00756128	0.00622207	0.00421431	0.0150086	0.00407869	0.00688388	0.00296182	0.0158054	0.00841888	0.536798	0.0263008	0.0255475	0.000700267	0.00634842
28	0.134118	0.00371602	0.000861587	0.00104739	0.0130089	0.00197366	0.00127964	0.0738814	0.000990396	0.0295254	0.00583446	0.00324037	0.0215806	0.00133553	0.000917059	0.160377	0.269553	0.274673	0.000549401	0.0015369
29	0.0235384	0.0056111	0.108752	0.0395045	0.0116351	0.0208039	0.0316445	0.0148517	0.00350864	0.0122766	0.0088062	0.521856	0.00693772	0.00416754	0.00380649	0.119095	0.0358566	0.0211866	0.00180826	0.00435298
30	0.0620059	0.00734728	0.204097	0.30174	0.00769555	0.0417063	0.0188406	0.0126375	0.0407704	0.0203653	0.0160656	0.0303404	0.0138234	0.0575328	0.0410922	0.0471897	0.0363386	0.0236143	0.00233863	0.0144585
31	0.206058	0.0160425	0.0141554	0.0234408	0.0213527	0.0283534	0.0190646	0.0318224	0.139419	0.0390279	0.127476	0.026676	0.0104384	0.0237579	0.108602	0.0584608	0.0337556	0.0493094	0.00486045	0.017927
32	0.161019	0.00676001	0.0016182	0.00432412	0.0112308	0.00519598	0.00176271	0.0883762	0.00114598	0.0248123	0.00858745	0.00440184	0.0148815	0.00294447	0.00150743	0.149995	0.253122	0.255277	0.000831524	0.00220648
33	0.544497	0.0147358	0.00328891	0.00111157	0.00253482	0.214916	0.00355754	0.00171895	0.000457801	0.00936601	0.00821271	0.00603339	0.00134715	0.00143453	0.00102904	0.16449	0.00871135	0.00974863	0.000197705	0.00261174
34	0.068732	0.0235583	0.00163438	0.00160118	0.0974541	0.0149321	0.003482	0.0111914	0.00142499	0.413214	0.104212	0.0040891	0.00184073	0.0030762	0.0016247	0.00939147	0.0499676	0.132127	0.00113191	0.0553145
35	0.0830101	0.00916124	0.185059	0.241652	0.00444201	0.0835447	0.0188524	0.00684273	0.0380546	0.0121005	0.00968962	0.0386117	0.0359789	0.0518513	0.0445272	0.0811294	0.0319218	0.013611	0.00159205	0.00836785
36	0.136916	0.0167735	0.00248872	0.0579756	0.00492783	0.00995498	0.00425409	0.147667	0.00118157	0.0606132	0.0629115	0.0166899	0.00170743	0.0172185	0.00663825	0.0651309	0.142655	0.238871	0.000841933	0.00458223
37	0.401765	0.0584036	0.00268744	0.00215938	0.00694302	0.193314	0.00453434	0.0173852	0.00193411	0.0680924	0.0336396	0.00731705	0.00341771	0.00642494	0.0026899	0.0677504	0.020378	0.0948098	0.0017652	0.00458878
38	0.17703	0.00863214	0.00120844	0.000829829	0.0965353	0.0400225	0.0148909	0.106812	0.00169073	0.184659	0.0455826	0.00836882	0.00617223	0.00439896	0.000845517	0.037694	0.0533532	0.14394	0.00576916	0.0615651
39	0.330765	0.0128342	0.00977188	0.00249068	0.000752595	0.502663	0.000436532	0.00282196	0.000301911	0.010946	0.000796234	0.000919566	0.00309344	0.00307924	0.00224214	0.0910446	0.0134871	0.00939321	0.000127461	0.00203316
40	0.350719	0.0103489	0.00408454	0.00337131	0.0264111	0.0909138	0.0259224	0.00804247	0.00304724	0.0131869	0.03114	0.0268864	0.00481548	0.0063994	0.00320516	0.229096	0.0189963	0.134947	0.00168789	0.00677867
41	0.429202	0.0206734	0.00113675	0.0033035	0.0023969	0.0224357	0.00149771	0.00691447	0.000938997	0.00416042	0.00341058	0.0178804	0.00316027	0.00213712	0.00202244	0.3775	0.0680544	0.0300384	0.000381482	0.00275463
42	0.059989	0.0111428	0.00276449	0.00138858	0.197976	0.00699918	0.0251469	0.104916	0.00177669	0.186804	0.110558	0.0176345	0.00128093	0.0182308	0.00156277	0.0238109	0.0213508	0.0910078	0.0298072	0.0858528
43	0.379805	0.0306173	0.00151452	0.00216331	0.00353894	0.0750388	0.00200127	0.00404393	0.00102157	0.00454815	0.0416659	0.0247182	0.00235404	0.00202265	0.00127071	0.232003	0.117035	0.0483769	0.00057227	0.0256886
44	0.037002	0.00876014	0.132562	0.138436	0.00656611	0.134816	0.03188	0.00371698	0.060017	0.00571046	0.00249795	0.0858528	0.13493	0.0330997	0.0554504	0.0752375	0.0376119	0.00836145	0.00167331	0.00581933
45	0.210987	0.00240234	0.00178986	0.0125079	0.0193868	0.0708576	0.0286988	0.0636851	0.0558862	0.134761	0.0160666	0.0141315	0.00171529	0.00238137	0.0707595	0.06797	0.0211102	0.184896	0.000818424	0.0191882
46	0.02416	0.00704602	0.0338051	0.0414983	0.0355454	0.0286905	0.02124	0.0183129	0.194933	0.0530507	0.0153703	0.0945075	0.021605	0.03834	0.204887	0.0793728	0.0325997	0.0257429	0.00202941	0.0272635
47	0.412352	0.0202744	0.000728932	0.00406036	0.0015949	0.0274989	0.000775169	0.00472476	0.00055312	0.00276194	0.00523271	0.0209996	0.00401261	0.00124877	0.000702624	0.341163	0.104162	0.0425997	0.000326054	0.00422875
48	0.0444431	0.0167957	0.000362405	0.000501213	0.0363983	0.00295542	0.0026974	0.221621	0.000337219	0.383995	0.134742	0.00119507	0.00180642	0.00065912	0.000869973	0.0147156	0.0187337	0.115929	0.000215162	0.00102654
49	0.256358	0.115408	0.00159455	0.00173062	0.0149488	0.00366225	0.00207124	0.00448226	0.00156874	0.00604533	0.01545	0.00287862	0.00189693	0.00201236	0.00190758	0.0298951	0.0841902	0.45008	0.000940719	0.00287792
50	0.302544	0.0593284	0.00369531	0.000551762	0.0139142	0.0265102	0.00146673	0.022197	0.00054117	0.0162945	0.0168834	0.00599612	0.00151602	0.000693182	0.000577916	0.148638	0.329696	0.04456	0.000287702	0.00410858
51	0.035542	0.0504594	0.00583637	0.00661752	0.19562	0.0128649	0.0103271	0.0239817	0.00582583	0.0320252	0.196321	0.0123918	0.00647512	0.00865538	0.00757091	0.0681714	0.102512	0.091666	0.106216	0.0209196
52	0.0490986	0.00907846	0.0353372	0.0700232	0.0170135	0.034975	0.01786	0.0267037	0.276894	0.027923	0.0177241	0.0531443	0.0153008	0.039533	0.154506	0.0695442	0.0366578	0.0328148	0.00294111	0.0129272
53	0.132157	0.0583047	0.00712618	0.00823879	0.0162772	0.0179802	0.140969	0.064602	0.00757252	0.0281041	0.109645	0.0140439	0.00732351	0.179648	0.0102561	0.125516	0.026112	0.0305762	0.00377546	0.0117731
54	0.0295539	0.00553675	0.00314861	0.0032898	0.0266474	0.0108779	0.0041009	0.0434339	0.00241572	0.172806	0.0289891	0.0324292	0.241579	0.00461455	0.0100795	0.0151764	0.0338157	0.324041	0.00216395	0.00530045
55	0.176967	0.0113146	0.0185168	0.0132607	0.0101775	0.507015	0.0115574	0.00645314	0.00383172	0.0182763	0.00542931	0.0271758	0.00778979	0.00917751	0.00683499	0.109744	0.0259865	0.0160984	0.00291546	0.0114785
56	0.0229606	0.00568771	0.000732258	0.000659882	0.0796058	0.00201048	0.00107217	0.0358163	0.000596082	0.627628	0.122441	0.00569037	0.000843067	0.000802453	0.00549945	0.00787285	0.016809	0.0593226	0.000499342	0.00345088
57	0.0496094	0.0145941	0.0397114	0.0179741	0.0710961	0.0437296	0.0339062	0.0280084	0.0173188	0.0335766	0.0213714	0.307301	0.0138114	0.0131428	0.0180836	0.137014	0.0621666	0.0424814	0.00966831	0.0254349
58	0.0490706	0.00886667	0.00200172	0.00397256	0.0268836	0.00925354	0.00531963	0.291256	0.00269646	0.166893	0.0317876	0.00552982	0.0059553	0.0162164	0.00485004	0.016244	0.028312	0.313053	0.00225582	0.00958245
59	0.279215	0.0756922	0.00207096	0.00484066	0.022354	0.0307822	0.00335688	0.0741609	0.00181901	0.176633	0.0617986	0.00637147	0.00604474	0.00644486	0.00233508	0.03966	0.035452	0.161211	0.0017789	0.00797785
60	0.631257	0.0182068	0.000405559	0.000455956	0.00347174	0.0726919	0.0055992	0.00121453	0.000378893	0.00924121	0.0132746	0.00807918	0.000537358	0.000543269	0.000390296	0.214966	0.00638096	0.00949125	0.000185937	0.00322797
61	0.0557118	0.0101474	0.290646	0.229703	0.00673892	0.0342201	0.0173615	0.00991301	0.0319856	0.0160303	0.0204732	0.06419	0.0157944	0.0357858	0.0324195	0.0552807	0.0372022	0.0185216	0.00272857	0.0151454
62	0.378498	0.0209443	0.0061263	0.00478013	0.0534608	0.00419296	0.00439258	0.0246075	0.00200756	0.0173025	0.0221534	0.00836696	0.0971178	0.0045094	0.00198351	0.180456	0.0902751	0.0755394	0.000701384	0.00258397
63	0.0134602	0.00078111	0.000396203	0.00128882	0.139454	0.000759091	0.000842934	0.112359	0.00240614	0.550976	0.0336383	0.00107777	0.000558502	0.00226962	0.00132267	0.00240646	0.00433465	0.0918036	0.0089822	0.0308834
64	0.0678928	0.00739169	0.00689087	0.00083027	0.134888	0.0114924	0.025175	0.0939063	0.00297832	0.167472	0.219932	0.0142419	0.00167337	0.0221371	0.000977207	0.0382422	0.0310121	0.0857293	0.0109965	0.0561417
65	0.0299708	0.0387146	0.00475858	0.00251723	0.0058055	0.00526479	0.0366047	0.0330111	0.00201058	0.00798189	0.00656564	0.0958747	0.00365952	0.0229378	0.0256431	0.230866	0.360766	0.0747	0.00106845	0.0112788
66	0.249784	0.00516892	0.00200411	0.00166856	0.0644322	0.0266109	0.00439454	0.0683671	0.00172832	0.161914	0.0509211	0.00367555	0.00416106	0.0111468	0.00140035	0.148002	0.0479475	0.127453	0.00134263	0.0178771
67	0.425028	0.0198542	0.000727257	0.00457085	0.00169381	0.0247999	0.000751863	0.00482817	0.000551469	0.00245695	0.00531274	0.0238278	0.00449856	0.000886988	0.000714373	0.332936	0.102038	0.0399913	0.000419958	0.0041119
68	0.0932889	0.00865293	0.00343019	0.00104252	0.127213	0.0205069	0.03288	0.0709488	0.00544258	0.209138	0.157136	0.00791263	0.0023696	0.030289	0.000933239	0.0493526	0.0561543	0.0734158	0.00463312	0.0452592
69	0.0477087	0.00134706	0.00656171	0.000915414	0.02112	0.0280348	0.0170073	0.100314	0.00322355	0.128858	0.097422	0.0153304	0.0292351	0.0108722	0.000952074	0.123481	0.24426	0.114625	0.000473476	0.00825856
70	0.041442	0.00714835	0.0898736	0.078575	0.0188991	0.320498	0.029868	0.00278703	0.0244505	0.0112544	0.00206898	0.0751154	0.071558	0.0338157	0.0237345	0.0956175	0.0451467	0.00703896	0.00551394	0.0155948
71	0.0841214	0.0107103	0.00104125	0.0260524	0.00535618	0.0148338	0.0063431	0.187758	0.00122662	0.0924463	0.036226	0.0147504	0.00341048	0.00905586	0.0113869	0.0321608	0.151392	0.305965	0.0010969	0.00466701
72	0.0164874	0.00556095	0.0332286	0.0739863	0.00766064	0.0488759	0.0187725	0.018772	0.270139	0.00941245	0.00514331	0.0950284	0.012722	0.0412057	0.185786	0.0722392	0.0329861	0.0432812	0.000492136	0.0082197
73	0.325892	0.0124643	0.0103269	0.00283368	0.000754009	0.506625	0.000434904	0.00279507	0.00046986	0.0108523	0.000829176	0.00147949	0.00326672	0.00314528	0.00242527	0.0901553	0.0135877	0.00956332	0.000129668	0.00196961
74	0.343792	0.011227	0.0079883	0.00222818	0.00125106	0.464755	0.00100515	0.00282169	0.000539029	0.0099003	0.00217523	0.00275765	0.0160163	0.00389045	0.00190096	0.103806	0.0120551	0.00945635	0.00023756	0.00219652
75	0.0181648	0.00525953	0.000474386	0.000585923	0.100595	0.00129666	0.000799791	0.0378129	0.000475455	0.626289	0.132496	0.00347635	0.000614343	0.000654576	0.00778816	0.00788005	0.0143525	0.0395489	0.000290977	0.00114493
76	0.0260481	0.00726287	0.000428626	0.000385719	0.0259859	0.00240991	0.00171812	0.305151	0.000472095	0.321708	0.126462	0.000780528	0.0019218	0.000725067	0.000581895	0.00851947	0.013013	0.154479	0.000243884	0.00170355
77	0.0201652	0.00431008	0.000303908	0.000286174	0.013518	0.00130002	0.000338578	0.477981	0.000305905	0.118333	0.0169904	0.000635481	0.000453604	0.000966516	0.000594587	0.00204048	0.00589241	0.33087	0.000151257	0.00456365
78	0.0550033	0.0200816	0.000179395	0.000196543	0.0322925	0.00678134	0.000295809	0.259602	0.0001621	0.116819	0.0301983	0.000336886	0.000202553	0.000612086	0.000364449	0.00283597	0.0154845	0.452805	0.000121119	0.00562557
79	0.0802646	0.0145412	0.00130355	0.00175372	0.00748309	0.00269566	0.00160465	0.0506739	0.00112938	0.0498048	0.00544749	0.0111549	0.00693559	0.00140856	0.00177767	0.180592	0.177319	0.400933	0.000767915	0.00240982
80	0.334005	0.0295205	0.00816362	0.00315292	0.0028495	0.447027	0.00162395	0.00497826	0.00106558	0.0168859	0.00495181	0.00315501	0.00298787	0.00354681	0.0029415	0.0808536	0.0209543	0.0274424	0.000559595	0.0033349
81	0.0488892	0.00625138	0.20391	0.227537	0.00577704	0.119209	0.0197158	0.00535494	0.0360168	0.00892308	0.0110247	0.0477853	0.0503646	0.0457163	0.0392809	0.0642685	0.0339196	0.0136066	0.00185679	0.010592
82	0.0543731	0.00531323	0.301449	0.301022	0.00167335	0.0229252	0.0150129	0.00573128	0.0356743	0.0111201	0.0176032	0.0354721	0.0137031	0.0417735	0.0338336	0.0421867	0.0336316	0.0123848	0.00205144	0.0130653
83	0.0527439	0.0108257	0.00555153	0.0059922	0.0722583	0.0170274	0.021266	0.0391849	0.00830415	0.100735	0.0217898	0.0183272	0.188459	0.0179909	0.0103032	0.0809801	0.0327075	0.169633	0.00913094	0.116789
84	0.0254524	0.00744361	0.03398	0.0331257	0.0425334	0.50667	0.0426799	0.00278981	0.00126362	0.0175759	0.00238869	0.0639054	0.00405441	0.0331005	0.0131429	0.0829581	0.0330798	0.00493193	0.0136515	0.0352727
85	0.183471	0.114581	0.00305993	0.0477047	0.0268905	0.0284837	0.00406941	0.0395254	0.00257914	0.191506	0.108275	0.00538976	0.082513	0.0485506	0.00383751	0.014292	0.0311774	0.0564545	0.0021754	0.0054631
86	0.053305	0.0056167	0.000824706	0.00509406	0.126514	0.012336	0.175731	0.062566	0.0237216	0.0537468	0.0268215	0.0629693	0.00937431	0.00136152	0.0361694	0.0626004	0.0225595	0.0469646	0.0752529	0.13647
87	0.210078	0.0288864	0.0183806	0.015346	0.0153894	0.107348	0.0141738	0.0262414	0.00542733	0.0197671	0.017823	0.0151882	0.0139574	0.0389675	0.00598254	0.302609	0.064583	0.0695986	0.00139168	0.00886034
88	0.0588293	0.00887013	0.0134072	0.00222066	0.007767	0.00739648	0.00513973	0.01469	0.00140605	0.0111603	0.0153073	0.0528299	0.0149353	0.00343445	0.00299833	0.34987	0.382643	0.041605	0.000825918	0.00466431
89	0.101956	0.0179973	0.00934423	0.0168893	0.0212186	0.0224546	0.0146141	0.160829	0.00741548	0.0521568	0.043174	0.0219456	0.00870907	0.0811133	0.0101858	0.104506	0.143035	0.14213	0.00401894	0.0163069
90	0.0294008	0.00419434	0.0625628	0.00441034	0.00691587	0.0345111	0.115107	0.0516553	0.00256886	0.0208441	0.022608	0.377172	0.0134015	0.00349743	0.00253347	0.0874014	0.0911864	0.0642149	0.00112668	0.00468764
91	0.100855	0.0177045	0.14085	0.231416	0.0117292	0.0333179	0.0186438	0.0216868	0.0400284	0.0583119	0.0267734	0.025295	0.0101614	0.0820999	0.0519324	0.0439526	0.0370073	0.0300051	0.00323398	0.0149962
92	0.0656911	0.0181784	0.0453011	0.167072	0.0164625	0.0835665	0.013719	0.0260976	0.0133653	0.0379005	0.145358	0.0163764	0.0136891	0.127012	0.0203933	0.043478	0.0364898	0.090054	0.00450076	0.0152939
93	0.0563804	0.00602459	0.267129	0.281304	0.00288506	0.0261593	0.0176353	0.00693421	0.0487581	0.0129649	0.0150022	0.0347458	0.0224511	0.0425263	0.0556153	0.0447652	0.032137	0.0132526	0.00198869	0.0113417
94	0.0294825	0.00220657	0.0172887	0.00131876	0.00424095	0.00253219	0.00292924	0.00390974	0.00104493	0.00405944	0.011934	0.0665683	0.0174039	0.00184773	0.00175293	0.403937	0.403574	0.0199956	0.000478837	0.00349463
95	0.052823	0.0086843	0.018599	0.0383011	0.0365128	0.0390332	0.0803664	0.0300749	0.0573298	0.102445	0.0279405	0.0329143	0.0110273	0.0474539	0.1988	0.0579858	0.0233646	0.0354221	0.0131861	0.0877366
96	0.0428793	0.00760888	0.00088286	0.00750796	0.109403	0.0133306	0.144756	0.062177	0.0234599	0.0779994	0.0357742	0.0595362	0.0134976	0.00244865	0.0592783	0.0445184	0.0183285	0.0544568	0.0609864	0.16117
97	0.0197842	0.00703632	0.00110213	0.00208263	0.359535	0.00725618	0.00975424	0.0544063	0.000820677	0.0969492	0.0788042	0.00718104	0.000879901	0.00309939	0.000788863	0.0110122	0.0133874	0.0494923	0.0270845	0.249543
98	0.331007	0.01283	0.00977807	0.00249335	0.000752806	0.502643	0.000436263	0.00281602	0.000301911	0.0109566	0.000794796	0.00089611	0.00310026	0.00308448	0.00224271	0.0908646	0.0134495	0.00939669	0.000127249	0.00202806
99	0.04648	0.00372707	0.0371175	0.0723167	0.0130659	0.0112545	0.0331243	0.0255297	0.122356	0.0660196	0.0429706	0.0240674	0.0234658	0.0821889	0.276947	0.0404056	0.0132154	0.0324614	0.0076695	0.0256169
100	0.10778	0.00812464	0.00278857	0.00112626	0.125104	0.0206681	0.0328027	0.0695353	0.00879076	0.214804	0.153802	0.00647075	0.0016379	0.0318703	0.00118448	0.0539612	0.0421566	0.0660757	0.00405411	0.0472617
101	0.631257	0.0182068	0.000405559	0.000455956	0.00347174	0.0726919	0.0055992	0.00121453	0.000378893	0.00924121	0.0132746	0.00807918	0.000537358	0.000543269	0.000390296	0.214966	0.00638096	0.00949125	0.000185937	0.00322797
102	0.0552699	0.0178323	0.0257235	0.0509996	0.0169101	0.0841044	0.0547874	0.0150317	0.0651868	0.0621131	0.0260909	0.0787564	0.00568401	0.0842548	0.194848	0.093059	0.0171479	0.0122916	0.0039936	0.035915
103	0.0384858	0.0060491	0.000296927	0.000639998	0.0182525	0.00351108	0.00111862	0.372955	0.000323367	0.222585	0.0770018	0.000794447	0.00203564	0.00167302	0.00142702	0.00730202	0.0164743	0.226287	0.000539166	0.00224829
104	0.0999173	0.0185495	0.00220358	0.00328984	0.0189967	0.0122658	0.00274379	0.0470988	0.00151614	0.0743934	0.0221248	0.00460745	0.60954	0.00774491	0.00198893	0.0221562	0.00809601	0.0254284	0.0134236	0.00391452
105	0.0098593	0.129656	0.00186233	0.0018607	0.00413892	0.0037737	0.00262573	0.0559452	0.00169547	0.142735	0.0992786	0.00389061	0.00188736	0.00238849	0.00202675	0.00832169	0.0307449	0.493167	0.00110724	0.00303468
106	0.0114649	0.000661679	0.000356053	0.00102311	0.128451	0.000665749	0.000786865	0.122342	0.00273835	0.549171	0.0314236	0.000582408	0.000480782	0.0024738	0.000924904	0.00131575	0.00328276	0.102575	0.00887419	0.0304062
107	0.0479176	0.00419208	0.334779	0.31485	0.00172042	0.0184066	0.0104372	0.00480797	0.0275911	0.00965318	0.0257657	0.0175077	0.0012265	0.0424312	0.0269897	0.037963	0.039736	0.0135086	0.00166232	0.0188541
108	0.0781247	0.00928835	0.0120771	0.0108893	0.0189148	0.0203427	0.00656853	0.0362353	0.00501786	0.0533185	0.0178156	0.0130684	0.592709	0.014721	0.00479016	0.0376642	0.0180866	0.0353029	0.00638466	0.00868055
109	0.322041	0.0183313	0.0116443	0.00199773	0.0208479	0.0286298	0.011311	0.00482578	0.0116447	0.00730907	0.00363198	0.00422455	0.00182497	0.0133223	0.035787	0.423095	0.0358683	0.0189841	0.000772328	0.0239073
110	0.0760226	0.001965	0.0394366	0.222032	0.0105547	0.0660187	0.0119201	0.0118698	0.0299806	0.00460714	0.00334898	0.018959	0.0103694	0.352881	0.0489055	0.0492907	0.0300211	0.00867664	0.000705431	0.00243513
111	0.0711158	0.00677639	0.265766	0.334643	0.000931072	0.0166946	0.0184194	0.00752771	0.0435149	0.0140661	0.0115497	0.0298242	0.00110593	0.0452963	0.0400411	0.0390157	0.0280334	0.0131114	0.00237747	0.0101897
112	0.34006	0.0830728	0.00105184	0.00126218	0.0112994	0.0336414	0.00140439	0.0732538	0.000768453	0.147812	0.0463819	0.00533148	0.00145278	0.00175556	0.00108698	0.0469891	0.0338464	0.167161	0.000450574	0.00191702
113	0.0269036	0.0033844	0.0014462	0.00349887	0.057509	0.0226156	0.101845	0.0287912	0.065443	0.168932	0.0182408	0.00826778	0.00354078	0.0203491	0.110159	0.0266851	0.0060447	0.0398412	0.0128105	0.273692
114	0.067961	0.00620782	0.279096	0.331445	0.000862511	0.016018	0.0176052	0.0066468	0.0423776	0.0139338	0.0121453	0.0292253	0.000823105	0.0442441	0.039231	0.0374649	0.0290986	0.0125798	0.00249741	0.0105365
115	0.0821742	0.0028647	0.00171411	0.00187438	0.178176	0.0146724	0.00225814	0.00517631	0.00140502	0.178088	0.3454	0.00316166	0.00176497	0.0127126	0.00178777	0.0296978	0.00607233	0.00719608	0.000858141	0.122946
116	0.326171	0.0139054	0.00968996	0.00247825	0.000886156	0.508253	0.000481568	0.00285494	0.000326118	0.0120929	0.00110872	0.000987512	0.0030113	0.00302262	0.00217443	0.0870096	0.0132637	0.0100858	0.000138363	0.00205782
117	0.0196766	0.00797564	0.000951969	0.00269427	0.469982	0.0102128	0.00366178	0.0331116	0.000741462	0.0752753	0.0674652	0.00313892	0.000790273	0.00108877	0.000853175	0.0101065	0.00833441	0.0393966	0.0125889	0.231954
118	0.0702274	0.00662494	0.268526	0.335622	0.000889498	0.0159741	0.0185282	0.00711475	0.0436486	0.0139939	0.0115964	0.0297243	0.000839658	0.0446947	0.0401655	0.0386057	0.0279172	0.0127211	0.00237208	0.0102141
119	0.0110437	0.000671554	0.000349759	0.00101467	0.124791	0.000668936	0.000795867	0.125888	0.00295689	0.545874	0.0320541	0.000563187	0.000549217	0.00256032	0.000913336	0.00128498	0.00344279	0.105588	0.00864147	0.0303485
120	0.271097	0.0212077	0.012713	0.00585722	0.00694969	0.252957	0.00630249	0.00684522	0.00391419	0.0146497	0.0070116	0.0180167	0.0098578	0.00656835	0.00664988	0.284074	0.036489	0.0228334	0.000621812	0.00538454
121	0.0260624	0.00394768	0.0297968	0.0949478	0.00826869	0.026882	0.0208553	0.0169339	0.26171	0.0149599	0.00972322	0.0661591	0.00791515	0.0565708	0.221209	0.0625681	0.034151	0.0261049	0.000861751	0.010372
122	0.0384518	0.000851852	0.0226324	0.126609	0.00744216	0.00126906	0.018428	0.0177184	0.279356	0.0175542	0.0150106	0.0213928	0.00216541	0.0729241	0.272723	0.0352992	0.0387046	0.0067172	0.000906838	0.00384391
123	0.0816904	0.02783	0.00179351	0.0307187	0.00400371	0.016325	0.0224263	0.171847	0.00120862	0.151485	0.0404064	0.0161344	0.00164621	0.0249627	0.0403146	0.0257862	0.209891	0.116666	0.00111999	0.0137441
124	0.0829577	0.0103912	0.00150781	0.00142356	0.0223741	0.013588	0.00312901	0.0481597	0.00117664	0.076132	0.0228187	0.00446304	0.616346	0.006157	0.00208866	0.0230506	0.00779025	0.0454458	0.00727354	0.00372661
125	0.0603071	0.0221109	0.000317176	0.000354086	0.0397392	0.00804227	0.00059678	0.226299	0.000261478	0.0843709	0.0259881	0.000839336	0.00040082	0.000724786	0.000761155	0.00328596	0.0163029	0.502243	0.000451575	0.0066038
126	0.0191874	0.00513322	0.000451146	0.000438287	0.0301321	0.00212812	0.00135017	0.331868	0.000350124	0.33729	0.154536	0.000668258	0.00165309	0.000663606	0.000392601	0.00691037	0.0108792	0.0951053	0.000183232	0.000679692
127	0.0110476	0.000667229	0.000349802	0.00101277	0.125156	0.000665991	0.000796166	0.12546	0.00292257	0.54608	0.0320898	0.000563594	0.000542956	0.00254695	0.00091331	0.00129764	0.00342284	0.105454	0.00866822	0.0303424
128	0.0439126	0.00529506	0.0386878	0.0798469	0.0168329	0.0193412	0.0340302	0.0292102	0.0850289	0.0821078	0.0356534	0.0272663	0.018949	0.0767463	0.256961	0.0510526	0.0171048	0.0365255	0.00702613	0.0384215
129	0.0327425	0.00162675	0.00398464	0.001099	0.0144652	0.0204825	0.0092627	0.0880736	0.00101194	0.143284	0.0960577	0.00873943	0.0353943	0.00581012	0.00120493	0.151061	0.269607	0.10938	0.000527966	0.00618464
130	0.0211511	0.0579907	0.00287636	0.00238382	0.00548313	0.00513948	0.0166735	0.0315021	0.00230282	0.00923328	0.00499913	0.0643999	0.00269729	0.0105431	0.0277234	0.176058	0.382404	0.154657	0.00125776	0.0205244
131	0.0626858	0.00209932	0.0137633	0.00125977	0.0272739	0.0373016	0.0226974	0.0984805	0.00581017	0.116264	0.0966408	0.0272523	0.02787	0.0127547	0.00164816	0.114474	0.195209	0.127055	0.000775697	0.00868438
132	0.0486615	0.00664918	0.11117	0.175758	0.00648133	0.0678733	0.0303067	0.0121249	0.0909528	0.0180356	0.0107914	0.0493242	0.0201444	0.0759309	0.136446	0.0584602	0.0361058	0.0298366	0.00231704	0.0126295
133	0.0078564	0.00181712	0.000397736	0.000367821	0.0154332	0.000716964	0.000381597	0.548992	0.000328383	0.0666992	0.00353527	0.000645207	0.000350026	0.000619058	0.000332829	0.00140835	0.00182801	0.345308	0.000232701	0.00275038
134	0.00786107	0.00181145	0.00040339	0.000368365	0.0154111	0.000716765	0.000385636	0.54908	0.000331428	0.0666297	0.00352942	0.000645014	0.000349508	0.000619144	0.000332479	0.0014135	0.00182909	0.345286	0.000235572	0.00276126
135	0.301741	0.0589647	0.00369585	0.000554118	0.0136395	0.0270376	0.00144584	0.0218348	0.000583508	0.0163165	0.0168731	0.00597109	0.00151789	0.000703027	0.000575558	0.148742	0.330821	0.0445491	0.000289791	0.00414368
136	0.165372	0.0599502	0.0443569	0.0204444	0.0172812	0.100344	0.028598	0.00326826	0.00232923	0.00534969	0.00971762	0.0187306	0.0110676	0.0187316	0.00177276	0.417398	0.0428644	0.0295477	0.000562645	0.00231334
137	0.111069	0.0210314	0.00951991	0.00454166	0.00566233	0.379504	0.00527449	0.00420312	0.00285899	0.0122845	0.00352143	0.0379687	0.00552043	0.00532557	0.00286505	0.331803	0.0397148	0.0114624	0.000943975	0.0049253
138	0.0673274	0.00142604	0.0007311	0.00457737	0.0167227	0.01614	0.00540185	0.308901	0.00147499	0.119635	0.0366634	0.00693389	0.0109243	0.0025212	0.00733867	0.0230302	0.0454537	0.317891	0.00322389	0.00368372
139	0.00769356	0.00176594	0.000737011	0.0017337	0.0455235	0.0020993	0.0215023	0.2682	0.00397078	0.210297	0.0134245	0.0047415	0.00635466	0.00120411	0.0123285	0.00888842	0.0247064	0.333927	0.00212587	0.0287757
140	0.0132573	0.000801406	0.000383272	0.00117974	0.133782	0.000730065	0.00126557	0.116494	0.00259333	0.545756	0.0325199	0.000984518	0.000436104	0.00260167	0.00107228	0.00168768	0.00326146	0.0969892	0.0109016	0.0333031
141	0.0216091	0.0076836	0.0311176	0.0741637	0.00793456	0.0521851	0.0227612	0.0184488	0.245332	0.0132659	0.0066841	0.087917	0.011027	0.051627	0.189605	0.0737959	0.0299394	0.0432156	0.000884558	0.0108027
142	0.0110292	0.00182302	0.000450366	0.000930493	0.0369688	0.00182546	0.00512111	0.252489	0.00449439	0.308342	0.0333054	0.0046463	0.00836026	0.00114773	0.00321717	0.0101218	0.0259602	0.274616	0.00114201	0.0140093
143	0.140215	0.00564716	0.0428965	0.0178526	0.00613425	0.316684	0.00291046	0.00666429	0.0256157	0.0202763	0.00258388	0.06398	0.0472917	0.00291142	0.0089952	0.190027	0.06457	0.0325688	0.000577425	0.00159773
144	0.0944507	0.00941931	0.00281145	0.00104609	0.134619	0.0190178	0.030777	0.0642652	0.00506821	0.214119	0.164594	0.00664947	0.00137874	0.0307581	0.0009822	0.0452575	0.0545883	0.0707791	0.00443772	0.0449816
145	0.0653778	0.0232648	0.000355482	0.000435398	0.025039	0.0107878	0.000502297	0.208286	0.000257507	0.0981082	0.0174732	0.000730267	0.000306052	0.000796639	0.000373723	0.00254208	0.0210102	0.520177	0.000163879	0.00401259
146	0.0110437	0.000671554	0.000349759	0.00101467	0.124791	0.000668936	0.000795867	0.125888	0.00295689	0.545874	0.0320541	0.000563187	0.000549217	0.00256032	0.000913336	0.00128498	0.00344279	0.105588	0.00864147	0.0303485
147	0.0585228	0.0216084	0.000243829	0.000229352	0.03596	0.00749006	0.000340554	0.233331	0.000202811	0.0776512	0.0226352	0.000527319	0.000245806	0.000559358	0.000574007	0.00259657	0.0137432	0.517576	0.000139381	0.00582276
148	0.0535818	0.0191284	0.000186996	0.000187101	0.0315425	0.00625791	0.000293885	0.268922	0.00016659	0.1186	0.0294195	0.000359375	0.000206347	0.00061519	0.000381717	0.00279255	0.0149345	0.4469	0.000121763	0.0054012
149	0.0642658	0.00945088	0.206097	0.296257	0.00642841	0.0382183	0.0183568	0.0137743	0.0422827	0.0171043	0.0189986	0.0361033	0.014737	0.0537804	0.0425764	0.0466944	0.0359274	0.0220547	0.00296701	0.0139255
150	0.0501897	0.00477975	0.328826	0.309602	0.00163485	0.0213921	0.0120407	0.00522361	0.0295645	0.0100259	0.0219966	0.0239588	0.00494789	0.0412021	0.0289675	0.0386566	0.0360157	0.0132155	0.0017403	0.0160203
151	0.0442221	0.00661046	0.00418272	0.00354372	0.00830835	0.279297	0.00502453	0.0104033	0.00328811	0.120799	0.0730341	0.0505166	0.0295487	0.0298477	0.00389323	0.0898284	0.0880938	0.142199	0.00164743	0.00571086
152	0.0480151	0.00407435	0.335777	0.31405	0.0013836	0.0186234	0.0104611	0.00474899	0.0276686	0.00954427	0.0261961	0.0174242	0.00112444	0.043357	0.0266837	0.0374489	0.0391224	0.0129735	0.00166767	0.0196555
153	0.0685444	0.0087283	0.137894	0.120473	0.00322073	0.10652	0.0297793	0.0033895	0.0488873	0.00657747	0.0022201	0.0703282	0.164954	0.0248667	0.0388852	0.107916	0.0467129	0.0079243	0.000763111	0.00141572
154	0.159094	0.0547931	0.0134758	0.0234422	0.0297163	0.0340886	0.012005	0.134067	0.00134766	0.0186256	0.0158082	0.0296346	0.00159646	0.0550357	0.0112348	0.0508048	0.134781	0.145078	0.00978098	0.06559
155	0.0215159	0.00600717	0.0474977	0.0242862	0.0379895	0.524102	0.041632	0.00413373	0.00117854	0.0308229	0.00285219	0.0668209	0.00412879	0.0249098	0.00976185	0.0666942	0.0322502	0.00565635	0.00976948	0.0379907
156	0.0414407	0.00815317	0.163381	0.176428	0.00268424	0.0628467	0.0312431	0.00502023	0.0670129	0.00916478	0.00631811	0.0650871	0.131587	0.0436358	0.0722515	0.0643181	0.0343389	0.00835941	0.0015321	0.00519677
157	0.0212629	0.0070561	0.00130543	0.00190596	0.311251	0.00523932	0.00938412	0.0584663	0.000897074	0.158635	0.0940402	0.0102931	0.001019	0.00431713	0.000871928	0.0130368	0.0121092	0.0518351	0.0249842	0.212091
158	0.0276561	0.0216948	0.138018	0.0115586	0.0135915	0.0128522	0.0111369	0.00444889	0.011207	0.0251916	0.00315556	0.263615	0.00157368	0.00182165	0.0014854	0.162342	0.27886	0.0067461	0.000634438	0.002411
159	0.0146501	0.00424297	0.000572111	0.000593332	0.109471	0.00132429	0.000831969	0.0367221	0.000533606	0.634569	0.126156	0.00330642	0.000632918	0.000730738	0.00992182	0.00726724	0.0126334	0.0340054	0.000468183	0.00136734
160	0.103569	0.39692	0.0155077	0.0156022	0.0274076	0.0407168	0.015175	0.0284591	0.0129967	0.0444193	0.0310363	0.0182026	0.0116649	0.0145449	0.0121724	0.0612943	0.0477118	0.0766983	0.00616476	0.0197361
161	0.407562	0.0178713	0.0231803	0.0605301	0.0116838	0.0141454	0.00217907	0.064446	0.0146071	0.00617631	0.0113706	0.0184613	0.0593949	0.032773	0.0131732	0.070758	0.0741856	0.0932318	0.00107396	0.00319598
162	0.315314	0.0123932	0.0116496	0.00299878	0.000851237	0.514452	0.000616236	0.00284032	0.00070489	0.0113079	0.000950698	0.0023999	0.00358237	0.00320443	0.00247714	0.0884118	0.0138112	0.00971537	0.000345303	0.001973
163	0.103447	0.399806	0.0117798	0.0126571	0.0233301	0.0470777	0.0129942	0.0384102	0.0105778	0.04782	0.0298387	0.0180162	0.0194299	0.0143931	0.00966993	0.0589987	0.0427592	0.0782705	0.00503616	0.0156872
164	0.131402	0.00716696	0.00612316	0.00501587	0.0295997	0.169395	0.04802	0.0125109	0.00367427	0.0341005	0.0498937	0.0106769	0.247317	0.0059437	0.00394433	0.195371	0.0137509	0.0196134	0.00182693	0.00465347
165	0.0319584	0.00475854	0.0322922	0.0725906	0.115584	0.0100567	0.085786	0.0390995	0.0281828	0.0674328	0.0115489	0.0202347	0.00382232	0.0202678	0.032859	0.0469183	0.0706354	0.0327142	0.0168462	0.256412
166	0.099955	0.0127692	0.0114672	0.0286492	0.0127379	0.0975387	0.052799	0.0252646	0.0237425	0.0655097	0.0297452	0.0333679	0.00313992	0.0800755	0.265198	0.0782568	0.0382808	0.0148695	0.00535403	0.0212797
167	0.150031	0.00723865	0.0424475	0.023771	0.0113022	0.226809	0.00464625	0.0115142	0.0191707	0.0204124	0.00405594	0.0563612	0.0984443	0.00377553	0.0072095	0.225298	0.0629386	0.0220204	0.000654855	0.00189947
168	0.117652	0.00328665	0.00127717	0.00111437	0.0311901	0.00514026	0.00219008	0.0781306	0.00106413	0.0946244	0.0296865	0.00384031	0.0212751	0.00232426	0.00108212	0.190301	0.149069	0.263259	0.000646338	0.00284654
169	0.0156014	0.00677391	0.00118009	0.00284482	0.442859	0.0169079	0.00444351	0.0284365	0.000932201	0.0701748	0.0569446	0.00326048	0.00117255	0.00154985	0.00111129	0.0102037	0.00804997	0.0363714	0.0113325	0.279849
170	0.0290459	0.00274373	0.045137	0.0873551	0.117134	0.00340821	0.0664341	0.0389735	0.0298683	0.0631691	0.00396445	0.0147042	0.00164442	0.0249282	0.0241545	0.049986	0.09549	0.0290202	0.0124028	0.260436
171	0.339832	0.0190329	0.0138843	0.0494006	0.0200492	0.0284849	0.00218002	0.116397	0.00430361	0.00772986	0.0229013	0.0156849	0.00621858	0.0295715	0.00522912	0.0811948	0.108219	0.120886	0.00138662	0.00741356
172	0.0421335	0.0135361	0.000304504	0.000469852	0.0270875	0.00335716	0.00271337	0.269501	0.000318135	0.333905	0.119371	0.000727012	0.00213433	0.0007625	0.000592911	0.0147289	0.0175798	0.149534	0.000229216	0.00101372
173	0.0102672	0.00336081	0.021256	0.0355991	0.0127945	0.0386654	0.0136236	0.0253374	0.363367	0.0127678	0.00901853	0.0817075	0.00737031	0.0271635	0.194765	0.0854868	0.0246	0.0272232	0.000536301	0.00508984
174	0.336074	0.0357769	0.00396733	0.000935458	0.0545411	0.00808843	0.00695833	0.0195518	0.000825223	0.0191654	0.0268035	0.0151682	0.027687	0.00128219	0.000931181	0.202062	0.184808	0.0524496	0.000503369	0.00242089
175	0.0875705	0.019319	0.00345412	0.00139309	0.00249867	0.442842	0.00154477	0.00312662	0.00114377	0.0118579	0.00255382	0.0467412	0.0013183	0.00153789	0.00120677	0.316166	0.045022	0.00588608	0.000607085	0.00421091
176	0.0536926	0.00815482	0.293064	0.233149	0.00898937	0.0312717	0.0165444	0.0121896	0.0318377	0.0176169	0.0214756	0.0486429	0.0176468	0.03809	0.0326855	0.050816	0.0417655	0.0207706	0.00280034	0.0187961
177	0.102331	0.0137908	0.00268926	0.00506551	0.0285358	0.0146785	0.00660182	0.250347	0.00407923	0.148154	0.0921918	0.00704206	0.00492487	0.00704992	0.00471235	0.0306953	0.0387542	0.224585	0.00188036	0.0118921
178	0.179726	0.0108099	0.0157325	0.013986	0.0114526	0.518311	0.0105267	0.00472795	0.00385388	0.0163974	0.00452191	0.0252355	0.00848639	0.0115487	0.00803194	0.106172	0.0238012	0.0124433	0.00324875	0.0109864
179	0.10314	0.401309	0.0156806	0.0167932	0.0228703	0.0407193	0.015402	0.0339458	0.00923033	0.0496349	0.0281923	0.0228277	0.0128994	0.0162617	0.013477	0.0629937	0.0448317	0.0679426	0.00529446	0.0165535
180	0.0447154	0.00816972	0.012648	0.0149464	0.0754046	0.0217557	0.157046	0.0431912	0.0184429	0.0409916	0.0187614	0.0958513	0.00873203	0.00891033	0.024747	0.108923	0.0760102	0.044917	0.034127	0.14171
181	0.228899	0.0273543	0.0055008	0.00317922	0.00927533	0.0739664	0.00394792	0.0330106	0.00247014	0.0241385	0.00951677	0.0105566	0.00394989	0.00610022	0.00352443	0.325444	0.180675	0.0426548	0.00118232	0.00465403
182	0.0155563	0.00443949	0.000678196	0.000832376	0.106242	0.00152574	0.00107359	0.0379602	0.00112996	0.62649	0.127634	0.00344845	0.000870576	0.000839459	0.0128171	0.00787027	0.0127073	0.0351631	0.00113248	0.00159043
183	0.355701	0.0131646	0.00826965	0.00221086	0.00100283	0.462447	0.000970127	0.00247589	0.000309983	0.0118412	0.00203182	0.00179102	0.0031751	0.00279963	0.00202214	0.105924	0.0127576	0.00887457	0.000127476	0.00210333
184	0.176554	0.00721542	0.00122128	0.000905003	0.099205	0.0404961	0.0145802	0.105631	0.00192131	0.177096	0.0414298	0.00953187	0.00708483	0.00381256	0.00112566	0.0391657	0.0515593	0.154688	0.00669793	0.06008
185	0.172902	0.067509	0.0481221	0.0228204	0.0162698	0.0981103	0.0314094	0.00363255	0.00234623	0.00572018	0.00960849	0.0202007	0.0106015	0.0174953	0.00207901	0.397511	0.0400058	0.0303805	0.000640351	0.00263526
186	0.0526928	0.00586972	0.00221963	0.00255858	0.208657	0.0106682	0.00931013	0.0416497	0.00269608	0.22062	0.199303	0.00589202	0.00169338	0.010836	0.00258234	0.0233404	0.0157608	0.0437179	0.0089179	0.131015
187	0.184431	0.0108384	0.019394	0.0152112	0.0119421	0.513722	0.010971	0.00432845	0.00349262	0.0162841	0.00431424	0.025795	0.00863889	0.0105199	0.00870773	0.0999779	0.0247135	0.0121723	0.0031403	0.0114047
188	0.631084	0.0182025	0.000406493	0.000455889	0.00346615	0.0726964	0.00560752	0.00121385	0.000380279	0.00924504	0.0133124	0.00808658	0.000539108	0.000541542	0.000390296	0.214988	0.00643787	0.00951868	0.000185938	0.00324152
189	0.268448	0.0183973	0.01598	0.00382094	0.0021936	0.436405	0.00268505	0.00296237	0.00130189	0.0106704	0.00175499	0.00992454	0.00494674	0.00384954	0.00209639	0.181953	0.0199781	0.0104215	0.000262219	0.00194793
190	0.0455946	0.00124488	0.000598218	0.00487195	0.0165398	0.012219	0.00426082	0.327326	0.00154154	0.149953	0.0344938	0.00526749	0.0120214	0.0020178	0.00480305	0.0225286	0.0407294	0.306418	0.00415452	0.00341698
191	0.0867423	0.0184297	0.00366654	0.00150952	0.0025081	0.443521	0.00150703	0.0031771	0.00150316	0.0119308	0.00251997	0.0481049	0.00141962	0.00149966	0.00134075	0.313818	0.0460272	0.00621667	0.000591888	0.00396615
