200	20
1	0.0485834	0.00332986	0.00474961	0.0172572	0.00257214	0.0276632	0.00411698	0.0124713	0.0674568	0.0327688	0.597451	0.00979866	0.00155062	0.0987093	0.0356666	0.0125949	0.00910169	0.0103922	0.00117557	0.00259
2	0.312645	0.00293854	0.00510741	0.00813037	0.0039505	0.148551	0.00670265	0.00615476	0.00901267	0.00697875	0.0259417	0.00945876	0.156279	0.00767591	0.00619034	0.0848898	0.0762058	0.118259	0.00122437	0.00370431
3	0.0127224	0.0166282	0.00873085	0.00155924	0.334682	0.000968115	0.023585	0.0561041	0.017843	0.163574	0.0494483	0.0249757	0.000895853	0.00315327	0.00843601	0.00237746	0.00183075	0.0450328	0.0161339	0.211319
4	0.135202	0.0170283	0.00304778	0.0131627	0.0287904	0.00622051	0.0258222	0.112229	0.0241968	0.0768028	0.014029	0.0267341	0.00449384	0.0290838	0.0341682	0.0418144	0.107179	0.289305	0.00920511	0.00148462
5	0.0180851	0.0030289	0.00319479	0.00695432	0.0121071	0.00383564	0.00795834	0.00323456	0.363422	0.00565038	0.00695932	0.0136652	0.00551901	0.0128954	0.381312	0.0712133	0.0695252	0.00355131	0.000753295	0.00713498
6	0.125263	0.00656911	0.0149854	0.0177889	0.00833013	0.0152477	0.00813825	0.0659144	0.0117049	0.081271	0.0164837	0.0521763	0.0259764	0.0109969	0.00984852	0.0642691	0.12647	0.334036	0.00303134	0.00149918
7	0.0116048	0.00168531	0.00104149	0.00609746	0.000820028	0.00663929	0.0204104	0.0010878	0.176296	0.00891874	0.0010584	0.00219464	0.000662048	0.0133098	0.733055	0.00953242	0.00218469	0.00196587	0.000223056	0.00121313
8	0.0572119	0.0125253	0.0126888	0.0179709	0.0116339	0.0186635	0.0202898	0.0111901	0.159555	0.0172791	0.0107626	0.0390243	0.00772959	0.0259455	0.297045	0.180706	0.0620952	0.0169719	0.00300337	0.0177072
9	0.0606004	0.0138668	0.012557	0.0256399	0.0180201	0.0176642	0.0247409	0.057085	0.08133	0.127818	0.0221787	0.0254623	0.00718338	0.0321102	0.250072	0.0313415	0.0367063	0.133185	0.00337062	0.0190674
10	0.0383852	0.00571696	0.0119932	0.0197295	0.00455453	0.0107836	0.0224553	0.0154183	0.184339	0.016534	0.00718379	0.012984	0.00734689	0.118237	0.45337	0.0255176	0.0230008	0.0126134	0.00157211	0.00826495
11	0.087533	0.00118935	0.0287229	0.594422	0.00134861	0.00157494	0.00200555	0.00178492	0.012299	0.0307556	0.00178599	0.00279128	0.00224291	0.187425	0.00311237	0.0133251	0.00335891	0.0225548	0.00053999	0.00122709
12	0.122931	0.00775484	0.00755616	0.0106173	0.00474099	0.034951	0.0494614	0.0133595	0.130625	0.0110709	0.00409079	0.0687192	0.00470887	0.0513535	0.389739	0.0259017	0.0118385	0.0103765	0.00122101	0.0389824
13	0.0175337	0.00389351	0.00228309	0.00416531	0.0291489	0.00386315	0.00582526	0.0531034	0.0128223	0.582616	0.19251	0.00651511	0.00118461	0.0112521	0.00446393	0.00643363	0.00770972	0.0446587	0.000742462	0.00927576
14	0.0175558	0.0499573	0.00133396	0.00184463	0.00104822	0.00110496	0.00133888	0.444124	0.00250659	0.00181233	0.00781463	0.00194001	0.000534671	0.0021387	0.00164326	0.00297219	0.116765	0.33659	0.000281857	0.00669365
15	0.135444	0.0251098	0.00306085	0.0100073	0.0370789	0.00796136	0.0223304	0.107403	0.0240907	0.0905052	0.00940032	0.0297626	0.00419154	0.024544	0.0288817	0.0470518	0.122059	0.255817	0.0142294	0.00107243
16	0.0769538	0.0131308	0.0261611	0.0496817	0.0198894	0.01538	0.0433264	0.047126	0.0652145	0.0471417	0.0152567	0.0316867	0.0164718	0.2386	0.0398235	0.0417505	0.0490223	0.142309	0.00389777	0.0171761
17	0.0847511	0.00429161	0.422192	0.126292	0.0130701	0.0114567	0.0419842	0.0071688	0.01496	0.0175712	0.0075162	0.121742	0.00793989	0.00896557	0.00729689	0.0341159	0.0134539	0.0359683	0.00149047	0.0177724
18	0.0251545	0.00354568	0.00732861	0.0109651	0.0110958	0.00498229	0.00894312	0.0047919	0.34882	0.00852889	0.00825191	0.019491	0.00593615	0.0193124	0.351872	0.0776269	0.0700184	0.00528275	0.00128489	0.00676855
19	0.0861732	0.0506265	0.188468	0.0213694	0.00881696	0.0124525	0.0156771	0.00923496	0.0213666	0.0164985	0.0087357	0.311209	0.00455052	0.0137705	0.0121743	0.0723204	0.116687	0.0163907	0.0020295	0.0114485
20	0.0639747	0.00852712	0.0287725	0.0418424	0.00860737	0.0180821	0.0151786	0.0121733	0.339509	0.0207198	0.0112794	0.0447961	0.00655708	0.0428832	0.125345	0.11053	0.0732561	0.0181816	0.0023831	0.00740184
21	0.0111538	0.0125482	0.00524228	0.00196384	0.292418	0.00298142	0.0247048	0.0228289	0.0111115	0.0863094	0.0239215	0.0127161	0.000593261	0.003524	0.00684565	0.00505861	0.00228679	0.0189703	0.0114418	0.44338
22	0.100815	0.00414533	0.0582054	0.00989856	0.00253567	0.173523	0.0165356	0.00470763	0.106888	0.00925729	0.00442229	0.293226	0.0028208	0.0435914	0.018707	0.122682	0.0152564	0.0084525	0.00118945	0.0031406
23	0.0573456	0.00121557	0.00174318	0.00263916	0.00138075	0.00159539	0.00246547	0.00211494	0.00364197	0.00268147	0.00154464	0.00313321	0.00211046	0.00311369	0.00268102	0.443015	0.45339	0.0123371	0.000584718	0.00126676
24	0.0704097	0.0139528	0.0199888	0.0457682	0.0209152	0.0147052	0.0952519	0.0334405	0.0453392	0.0432143	0.0131843	0.0307259	0.179712	0.124436	0.0275027	0.0325401	0.0464098	0.128097	0.00287239	0.0115336
25	0.033469	0.00406874	0.00873938	0.0170239	0.00805549	0.00904836	0.0123137	0.00876692	0.348691	0.0143588	0.00952458	0.0204532	0.00532525	0.0320014	0.34187	0.0556658	0.0544798	0.00823861	0.00128681	0.00661949
26	0.012496	0.00706125	0.0050043	0.0021379	0.257429	0.00416332	0.0489048	0.0156752	0.0110278	0.0748776	0.0166684	0.0104024	0.000760704	0.0128753	0.00870017	0.00700615	0.00382064	0.0129635	0.0103393	0.477686
27	0.0630098	0.0606289	0.0129752	0.0175322	0.00948502	0.0181891	0.030986	0.0173021	0.113542	0.0296426	0.00936927	0.0439528	0.00739653	0.0328256	0.402443	0.0487316	0.0287584	0.0266521	0.00330025	0.0232769
28	0.0116322	0.00426619	0.00233702	0.00371414	0.0508443	0.00217981	0.00621589	0.0105053	0.00546395	0.737768	0.0904232	0.00600686	0.00133806	0.00573392	0.00302379	0.00491487	0.00413896	0.036141	0.000456245	0.0128961
29	0.0053161	0.0111227	0.000901949	0.00136126	0.00484548	0.0009157	0.0014668	0.43848	0.00209109	0.0393944	0.00178781	0.00166785	0.000412566	0.00195423	0.00151635	0.00691425	0.0149711	0.46376	0.000260638	0.000859339
30	0.147459	0.00867007	0.00292511	0.0131768	0.0180072	0.00379678	0.0150457	0.131794	0.0120941	0.0497276	0.0543115	0.0107703	0.0026768	0.0127083	0.0093027	0.0133485	0.119393	0.370756	0.00177461	0.0022623
31	0.0455572	0.00124957	0.0017499	0.00263509	0.00138752	0.00162942	0.00237905	0.00227208	0.00374464	0.00270227	0.00158977	0.00298039	0.00204824	0.00297684	0.00271699	0.446724	0.461083	0.0127137	0.000629774	0.00123095
32	0.0645488	0.00706232	0.0579854	0.0148011	0.00731146	0.111613	0.0718805	0.0119831	0.169263	0.0158655	0.00818522	0.248205	0.00551301	0.0298993	0.0361168	0.0850973	0.0266822	0.0178563	0.00210111	0.00803015
33	0.00731841	0.0016014	0.00193532	0.00282349	0.0182995	0.0017238	0.00234814	0.00208176	0.394993	0.0031001	0.00838688	0.00523841	0.00791047	0.00405376	0.349935	0.0786876	0.0962175	0.00286761	0.000506554	0.00997099
34	0.0275359	0.0104345	0.112512	0.0170123	0.0540065	0.00665748	0.063867	0.00943653	0.0683758	0.0159631	0.0077011	0.0155706	0.00533026	0.163329	0.133101	0.0279608	0.0696436	0.0570078	0.00306236	0.131493
35	0.00269644	0.00537444	0.00087023	0.00118258	0.00619821	0.000855099	0.000994826	0.481143	0.00189508	0.045154	0.000760826	0.00133304	0.000414435	0.00179208	0.00127317	0.00498744	0.00252978	0.439876	0.00022637	0.000442524
36	0.0175418	0.0499792	0.00133474	0.00184435	0.00104822	0.00110471	0.00133362	0.444358	0.00250303	0.00181806	0.00783417	0.00192832	0.000534677	0.00213272	0.00164262	0.00298464	0.11683	0.336271	0.000281511	0.00669427
37	0.52309	0.257933	0.00100335	0.00161004	0.000787372	0.00112724	0.00131778	0.00118628	0.00214542	0.0019471	0.0240384	0.00165159	0.000588809	0.0017085	0.00137838	0.058583	0.0537617	0.0651274	0.000256268	0.000757901
38	0.0909251	0.00896382	0.0344149	0.086121	0.0164192	0.0219538	0.0465203	0.0340968	0.0919847	0.0404977	0.0194869	0.0320067	0.0130279	0.252517	0.0534182	0.0458389	0.0478881	0.0417368	0.00395007	0.0182319
39	0.00262429	0.00512873	0.000862266	0.00118102	0.00631399	0.000874567	0.00100321	0.484536	0.00195178	0.0455224	0.000753991	0.0013363	0.000423651	0.00179506	0.00128152	0.00492262	0.00213163	0.436677	0.000229449	0.000450542
40	0.150556	0.00583657	0.00176652	0.0127412	0.0202634	0.00175352	0.0141924	0.144943	0.00370977	0.0391862	0.0555435	0.00627569	0.00193084	0.00859633	0.00407826	0.00621739	0.14046	0.379418	0.00113577	0.0013963
41	0.0466237	0.0531602	0.0173848	0.0226821	0.03807	0.00405624	0.151869	0.00383416	0.0204889	0.00705925	0.00368873	0.020306	0.00189595	0.0335622	0.0482479	0.115161	0.070499	0.00700858	0.020994	0.313408
42	0.489069	0.00105143	0.00861553	0.00923918	0.000816825	0.0163691	0.0073639	0.00154149	0.00322579	0.00199365	0.00125555	0.00261476	0.00536936	0.0110027	0.00186631	0.37742	0.0537465	0.00295918	0.000333576	0.00414606
43	0.0418853	0.0047773	0.0200407	0.0991613	0.00359092	0.00683721	0.0214385	0.005879	0.283981	0.0315041	0.00457092	0.0157566	0.00308473	0.075479	0.108905	0.0498312	0.193407	0.00923675	0.00125523	0.019378
44	0.119211	0.00440971	0.0954214	0.0705265	0.00492093	0.0541017	0.00832434	0.0389947	0.131378	0.0176147	0.00419474	0.032368	0.00606033	0.0411171	0.00717385	0.0453567	0.20086	0.113427	0.00143549	0.00310385
45	0.0287982	0.00711995	0.0203156	0.0203621	0.00215287	0.731477	0.00642675	0.00382463	0.0479513	0.00588021	0.00238128	0.0596037	0.00462765	0.00843872	0.0113042	0.0235075	0.00796772	0.00553719	0.000609244	0.00171391
46	0.0473822	0.00488172	0.41424	0.160753	0.0133489	0.0306294	0.0223797	0.00894854	0.041143	0.0126566	0.00671988	0.0865127	0.00699458	0.0251461	0.0163234	0.0485173	0.0216402	0.0177763	0.00155088	0.0124554
47	0.0277392	0.00270188	0.00311176	0.0353692	0.0364733	0.00524953	0.0335589	0.134764	0.154746	0.0673044	0.0613102	0.00683033	0.00188625	0.0213607	0.144648	0.00694489	0.0207157	0.18959	0.000643794	0.0450521
48	0.0150352	0.0437367	0.00114493	0.00149056	0.00158543	0.0010404	0.00104631	0.391211	0.00221571	0.00734988	0.0056641	0.00170143	0.000566357	0.00178178	0.00144615	0.00357774	0.0852124	0.429397	0.000270888	0.00452663
49	0.0141304	0.00920545	0.0011295	0.00729442	0.0274675	0.000953729	0.00150333	0.229412	0.0190781	0.42226	0.116947	0.00426617	0.00058375	0.00190178	0.00167308	0.00582877	0.00950004	0.125075	0.000396364	0.0013934
50	0.52309	0.257933	0.00100335	0.00161004	0.000787372	0.00112724	0.00131778	0.00118628	0.00214542	0.0019471	0.0240384	0.00165159	0.000588809	0.0017085	0.00137838	0.058583	0.0537617	0.0651274	0.000256268	0.000757901
51	0.547487	0.00128455	0.0139665	0.0202807	0.00122534	0.0153257	0.0158034	0.00183972	0.00451567	0.00289088	0.00180628	0.00235187	0.00416399	0.0250824	0.00216601	0.287182	0.0397366	0.00296131	0.000430702	0.00950012
52	0.509092	0.0344178	0.0120158	0.0166944	0.00240632	0.028056	0.0105162	0.0056296	0.0226493	0.009315	0.008108	0.0167926	0.0184373	0.0173615	0.00942908	0.212724	0.0419119	0.0193609	0.00061344	0.00446858
53	0.0355955	0.04771	0.0360523	0.04602	0.0437621	0.00392155	0.10299	0.0048044	0.0386881	0.00903589	0.00418495	0.0380591	0.00224075	0.0286689	0.0574288	0.104578	0.0847608	0.00988941	0.0127317	0.288878
54	0.269303	0.00187798	0.00341614	0.00361881	0.00173199	0.00428998	0.00308274	0.00277011	0.00551237	0.00360372	0.00213055	0.00464211	0.00181673	0.00465001	0.00360784	0.664994	0.0123842	0.00418883	0.000533692	0.00184558
55	0.0651657	0.00657749	0.00663247	0.0130086	0.00442585	0.00771634	0.105423	0.00709199	0.2055	0.0103224	0.00614304	0.0824812	0.00380536	0.0157242	0.206999	0.137383	0.0997323	0.00957744	0.00201768	0.00427242
56	0.0659969	0.00381544	0.163207	0.452966	0.00379007	0.0307936	0.00563194	0.00722225	0.0364025	0.0180162	0.00559876	0.0273755	0.0103828	0.0770163	0.010883	0.0293128	0.0215907	0.0219973	0.00240201	0.00559884
57	0.0256505	0.0150376	0.00490904	0.00934152	0.0412615	0.00483895	0.0119709	0.0529149	0.0141896	0.607941	0.0683773	0.0117697	0.00284911	0.0123526	0.0117877	0.0127676	0.0125653	0.0594954	0.00179176	0.0181884
58	0.0816496	0.00293671	0.00690063	0.0300105	0.0110812	0.00459768	0.00660241	0.0314121	0.0570364	0.00677584	0.00466314	0.0073056	0.6434	0.0101272	0.0277744	0.010459	0.0315209	0.0170944	0.000965606	0.00768675
59	0.0623587	0.00228454	0.0165907	0.119602	0.0018334	0.00471636	0.00488606	0.00399279	0.442063	0.00887232	0.00274565	0.0473296	0.0267054	0.0450835	0.0155656	0.0401305	0.145857	0.00623881	0.000655945	0.00248785
60	0.144589	0.0293632	0.00319718	0.0104344	0.0340474	0.00991571	0.0261885	0.0995022	0.022298	0.0945431	0.0092554	0.0269291	0.0045499	0.0263678	0.0266682	0.0456858	0.112259	0.258849	0.0143744	0.000983008
61	0.0387725	0.00723436	0.0157364	0.0165899	0.00439408	0.585216	0.00957638	0.00765765	0.0507046	0.0131999	0.00475341	0.0842429	0.00649507	0.019629	0.0595264	0.0452817	0.0149788	0.0110023	0.00144321	0.00356544
62	0.0631961	0.0116821	0.0115488	0.0100656	0.112654	0.00592824	0.0171764	0.0396778	0.019487	0.455508	0.0575029	0.0193451	0.00484016	0.0152612	0.0103711	0.0162979	0.0194643	0.0583465	0.00429378	0.0473528
63	0.1659	0.00816462	0.0123894	0.0470188	0.00434422	0.00981538	0.0108944	0.00804305	0.270783	0.0193021	0.00670179	0.0233859	0.00444801	0.0568811	0.0430415	0.0862254	0.199046	0.0176086	0.00193088	0.00407545
64	0.084336	0.0199644	0.0626326	0.0388418	0.0134338	0.0254521	0.0248146	0.022032	0.0622264	0.0344214	0.0140703	0.258967	0.0107671	0.0336402	0.0291945	0.0612604	0.135476	0.047336	0.00427041	0.0168631
65	0.0123796	0.00340514	0.0012986	0.00125352	0.235255	0.00534436	0.024802	0.00270167	0.00706145	0.0255469	0.00686989	0.00244546	0.000485194	0.00281316	0.00631971	0.0065415	0.00170714	0.00291387	0.0115154	0.639341
66	0.529946	0.00135955	0.00867713	0.00916453	0.00110596	0.0194305	0.00724232	0.00176891	0.00429044	0.00266115	0.00197087	0.00398691	0.0286124	0.00980058	0.00224977	0.277082	0.0805243	0.00553739	0.000517835	0.00407105
67	0.478798	0.00300911	0.00915045	0.0100486	0.00157107	0.0235866	0.00829045	0.00339198	0.0067767	0.00418032	0.00211737	0.00953293	0.00557179	0.0124603	0.00377366	0.377037	0.0306969	0.0051569	0.000409668	0.0044407
68	0.522134	0.257007	0.00105233	0.00158826	0.00081103	0.00113622	0.00133517	0.00146099	0.00222709	0.00245102	0.023791	0.00170826	0.000615415	0.0017475	0.00137315	0.0594553	0.0537677	0.0651982	0.000352179	0.000788568
69	0.0174684	0.00539847	0.00594361	0.00426303	0.218708	0.00576019	0.0289649	0.00796322	0.0108735	0.0301611	0.00974507	0.00668591	0.00206248	0.00588226	0.0102914	0.009851	0.00528979	0.00730082	0.0109976	0.596389
70	0.523781	0.256642	0.00104256	0.00160663	0.000795963	0.00122118	0.00143401	0.00125942	0.0022286	0.00242278	0.0238875	0.00169112	0.000639853	0.00172733	0.00137947	0.0591237	0.0533556	0.0647271	0.000271949	0.000761863
71	0.0821602	0.0168826	0.00420508	0.0104875	0.012834	0.00370484	0.0124013	0.149641	0.00744118	0.0354991	0.0322401	0.0100055	0.00367396	0.00986849	0.00664072	0.0129362	0.133735	0.45036	0.001652	0.00363159
72	0.0438599	0.00696173	0.00761523	0.0110413	0.00255836	0.814254	0.00502637	0.00466154	0.0236469	0.00570147	0.00240868	0.0173867	0.00746506	0.00574712	0.0076715	0.0166515	0.00740517	0.00652533	0.000900538	0.00251193
73	0.0136	0.0119674	0.00745377	0.00382974	0.275633	0.00252821	0.0194693	0.0364514	0.0156584	0.326041	0.0526924	0.017515	0.00155986	0.0060595	0.00613775	0.00595882	0.00443826	0.0357633	0.00774203	0.149501
74	0.0245709	0.0155075	0.00300118	0.00626861	0.0330366	0.00307282	0.0106952	0.206962	0.0208941	0.420583	0.0834491	0.00982355	0.000902068	0.00678086	0.00742579	0.0127626	0.0121833	0.105811	0.00142684	0.0148421
75	0.0792542	0.103143	0.00285185	0.0051585	0.00527153	0.00288867	0.00329542	0.0999007	0.00882621	0.452042	0.0148955	0.00568588	0.00137879	0.00453086	0.0049924	0.0170401	0.00539696	0.180603	0.000926263	0.00191777
76	0.450605	0.00429373	0.00791882	0.00933625	0.00388833	0.304149	0.0383547	0.00658782	0.0164828	0.00858418	0.00716295	0.010408	0.0124039	0.00971051	0.00859794	0.0340641	0.0467817	0.0154129	0.00143524	0.0038221
77	0.0366401	0.010569	0.0100169	0.0172243	0.00672513	0.0121466	0.02179	0.0162351	0.134375	0.0789381	0.0104937	0.0172927	0.00445559	0.0281241	0.506412	0.028926	0.0227173	0.0256786	0.00222278	0.0090163
78	0.0305431	0.00413057	0.00693672	0.0156866	0.00297882	0.0105614	0.0213028	0.0096744	0.201349	0.0126002	0.0049146	0.0116772	0.00424674	0.0575888	0.555131	0.0223931	0.0160646	0.00643501	0.00132059	0.00446453
79	0.1021	0.00416828	0.00194207	0.0131224	0.0224203	0.00210404	0.0299992	0.118815	0.00561751	0.108351	0.0585379	0.00663993	0.00162463	0.0100372	0.00566851	0.00842834	0.149734	0.34798	0.00171245	0.00099678
80	0.0574697	0.0122991	0.0223647	0.0262034	0.0334645	0.01263	0.0268721	0.0455355	0.0395298	0.360291	0.0367746	0.116105	0.00808616	0.0290646	0.0205155	0.0337454	0.0359005	0.0553205	0.0032012	0.0246272
81	0.0662753	0.00327985	0.00313728	0.0312682	0.00164744	0.00266132	0.0468153	0.00511554	0.285235	0.0237966	0.00195346	0.0436371	0.00205941	0.194531	0.0132216	0.0450675	0.208601	0.0192384	0.000617741	0.00184066
82	0.0237578	0.016262	0.00291926	0.00447185	0.0159605	0.0033052	0.00281992	0.0464104	0.523117	0.045271	0.0352088	0.0440302	0.00152969	0.060564	0.0370109	0.0220698	0.0938418	0.00506998	0.000738467	0.015642
83	0.0935493	0.00781362	0.0455479	0.0906229	0.0214203	0.00730809	0.0420589	0.067465	0.0953913	0.0932501	0.00549539	0.0162059	0.0282661	0.0766901	0.00893443	0.017797	0.142855	0.135669	0.0016617	0.00199863
84	0.0123463	0.00280179	0.00102478	0.00123581	0.232696	0.00555286	0.0241512	0.00106285	0.00673451	0.0207918	0.00530999	0.00168586	0.000448111	0.00283505	0.00620545	0.00657546	0.00162339	0.00152699	0.0108036	0.654588
85	0.0605064	0.00199077	0.0298939	0.287791	0.00270951	0.00290885	0.00503224	0.017785	0.149925	0.020434	0.0149601	0.0049159	0.0583214	0.118001	0.0226404	0.0170677	0.0797231	0.103264	0.000683143	0.00144583
86	0.0947182	0.00605572	0.0101756	0.0119796	0.00362961	0.62845	0.00838169	0.00619558	0.0273959	0.00820676	0.00683833	0.0221345	0.067313	0.0108409	0.00999981	0.0298628	0.0194618	0.0236372	0.00132702	0.00339623
87	0.108834	0.0498936	0.00999928	0.0388652	0.0087689	0.00509524	0.0346238	0.0265762	0.108088	0.0869904	0.0053161	0.0694738	0.0256081	0.109372	0.0121471	0.0405203	0.118716	0.135793	0.00217561	0.0031442
88	0.247343	0.00580216	0.00886291	0.0220847	0.0197309	0.0398185	0.0126875	0.0276273	0.0234294	0.0139796	0.0126215	0.0163589	0.322967	0.0167954	0.014937	0.0457649	0.041295	0.0936598	0.00144477	0.0127896
89	0.0994639	0.0104552	0.0200662	0.0282437	0.144038	0.0115917	0.0244924	0.102071	0.0324449	0.0420415	0.0178847	0.0221836	0.2296	0.0306318	0.0230837	0.0258234	0.0283307	0.056877	0.00439102	0.0462859
90	0.00804323	0.00191286	0.00239395	0.0040952	0.022178	0.00186816	0.00275814	0.00219714	0.381967	0.00350673	0.00838255	0.00548542	0.00772046	0.004924	0.348959	0.0787399	0.0984173	0.0032086	0.000567147	0.0126755
91	0.524671	0.256303	0.0010304	0.00165608	0.000808618	0.0011387	0.00134481	0.00132206	0.00220529	0.00224548	0.0238514	0.00169075	0.000584246	0.00168013	0.00146032	0.057946	0.0530248	0.0659871	0.000277553	0.000772056
92	0.012003	0.0188253	0.00989539	0.00141991	0.330322	0.000858255	0.0241671	0.0581289	0.0159622	0.171488	0.0466555	0.0269442	0.00102527	0.00330902	0.0068432	0.00237236	0.00168473	0.0434627	0.0138966	0.210736
93	0.0249618	0.0143903	0.0062835	0.00815389	0.035755	0.00851502	0.0133401	0.0609005	0.0199898	0.595665	0.0694573	0.013587	0.00255094	0.0128326	0.0134571	0.0117475	0.0111557	0.0616636	0.0013144	0.0142785
94	0.0536176	0.00484234	0.421226	0.165078	0.0106799	0.0334584	0.0222138	0.00595353	0.0357299	0.0128418	0.00597149	0.092683	0.00677176	0.0204355	0.00921784	0.0517668	0.0211857	0.0148514	0.00144332	0.0100316
95	0.0199396	0.0459174	0.00120657	0.00163344	0.00108179	0.00108061	0.00122852	0.381041	0.00237847	0.00259306	0.00703165	0.0018672	0.000489156	0.00202675	0.00155138	0.00339779	0.104601	0.415236	0.000279942	0.00541904
96	0.0459717	0.00605979	0.0054096	0.00760788	0.0020616	0.826411	0.00401611	0.00307287	0.0229717	0.0046506	0.0065048	0.0195197	0.00551483	0.00526172	0.00825213	0.0120967	0.00659139	0.00541931	0.00057541	0.00203073
97	0.0273582	0.0386285	0.00348811	0.00792463	0.0384718	0.0040019	0.00602848	0.122134	0.0204955	0.496852	0.0764469	0.00984638	0.0017692	0.00772116	0.00782897	0.00987513	0.0101965	0.0904255	0.00172027	0.0187871
98	0.18037	0.0103175	0.00361663	0.00845096	0.0140498	0.00465537	0.0211854	0.0785707	0.0638383	0.0684532	0.0152189	0.0279478	0.00418228	0.0474354	0.0396312	0.0598104	0.104591	0.241257	0.00505593	0.00136232
99	0.0167517	0.00420567	0.00446211	0.00924824	0.0154185	0.00489699	0.00512679	0.00363394	0.32612	0.00967133	0.0215932	0.00908731	0.0194933	0.0100848	0.333396	0.0825085	0.107911	0.00591928	0.00117641	0.00929425
100	0.0997057	0.00178709	0.00328316	0.00455547	0.00202591	0.00478087	0.00332708	0.00280322	0.00839711	0.0041444	0.00264185	0.00637059	0.00387227	0.00612832	0.00486279	0.422664	0.401651	0.0143457	0.000692363	0.00196055
101	0.0452311	0.00122125	0.00173549	0.00265179	0.00135765	0.00161955	0.00240791	0.002271	0.00384299	0.00270988	0.00158916	0.00297908	0.00206161	0.00298078	0.00269007	0.4448	0.463206	0.0128142	0.000590549	0.00124026
102	0.133508	0.0152042	0.00855802	0.0158209	0.019163	0.0114891	0.0181181	0.0633565	0.0455532	0.0896266	0.0117941	0.059671	0.00796811	0.0317215	0.0527717	0.0680343	0.140571	0.196435	0.00691807	0.0037169
103	0.0419032	0.00717104	0.00814169	0.0117894	0.00196364	0.826503	0.00428182	0.0035453	0.0251803	0.00475289	0.00244714	0.0164524	0.00571807	0.00598844	0.00804604	0.0120546	0.00642283	0.00526726	0.00072906	0.00164183
104	0.27782	0.0327561	0.00906748	0.008327	0.00395382	0.00793597	0.0767241	0.0062633	0.0125395	0.00800098	0.00521908	0.262163	0.00344035	0.00856829	0.00814135	0.240301	0.0114089	0.0116964	0.00157531	0.00409812
105	0.013298	0.00212186	0.00202746	0.00673048	0.00558668	0.00496003	0.0142437	0.00255408	0.275312	0.00795893	0.00402088	0.00490872	0.00306961	0.016246	0.568093	0.030762	0.0306235	0.00318621	0.000485097	0.00381137
106	0.00396097	0.00882546	0.000842417	0.00112871	0.00491741	0.000840643	0.00100539	0.442252	0.00189068	0.0396125	0.00084398	0.00131186	0.000395204	0.00169819	0.00121205	0.00535952	0.00807193	0.475077	0.000234444	0.000518742
107	0.0244124	0.0132495	0.0145039	0.00851033	0.308168	0.00588225	0.0305802	0.034399	0.0225918	0.12239	0.0329778	0.0192174	0.00377977	0.0145292	0.0128655	0.0129617	0.0122275	0.0362379	0.00949228	0.261023
108	0.502891	0.00304267	0.00565226	0.00688309	0.0023573	0.319574	0.0196624	0.00387699	0.0110741	0.00596182	0.00404648	0.00659702	0.0074432	0.00757532	0.00529474	0.0507807	0.0256086	0.00799541	0.000927768	0.00275547
109	0.106925	0.0324277	0.00266664	0.00555371	0.00864496	0.00277189	0.00711128	0.179454	0.00601087	0.0233008	0.0179977	0.00850336	0.00235335	0.00717485	0.00576512	0.0110549	0.0954126	0.472128	0.00195073	0.00279334
110	0.0314215	0.00753342	0.00913077	0.0122087	0.00199452	0.811571	0.00370073	0.00288783	0.0395424	0.00541646	0.00231615	0.0230932	0.00562111	0.0064163	0.00862379	0.0138202	0.00722405	0.00487061	0.000857107	0.00175008
111	0.514158	0.247328	0.00134903	0.00222316	0.000983897	0.00156206	0.00158085	0.00262411	0.00311115	0.00550561	0.0269982	0.00256897	0.000994388	0.00222809	0.00195554	0.0595068	0.0532209	0.0705931	0.000483855	0.00102428
112	0.272666	0.113548	0.00536083	0.00755811	0.00694256	0.00564642	0.00629379	0.0545129	0.0112499	0.204534	0.00633795	0.00912483	0.00301042	0.00915323	0.00707234	0.0754284	0.0164214	0.179038	0.00242885	0.00367166
113	0.0529304	0.00528386	0.42296	0.140618	0.0128903	0.0327234	0.0261296	0.00653654	0.0310344	0.0141408	0.00575308	0.099603	0.0106084	0.0216207	0.012318	0.0530686	0.0205263	0.0158436	0.00221042	0.0132004
114	0.455131	0.00320476	0.00755388	0.00917702	0.00297634	0.332336	0.0165937	0.00462071	0.0144344	0.00763312	0.00486617	0.00933412	0.0138309	0.00995265	0.00761382	0.0621973	0.0242398	0.0101887	0.00119863	0.00291752
115	0.0373105	0.00696397	0.00778137	0.0101534	0.0018084	0.832624	0.00348128	0.00320229	0.0252681	0.00442745	0.00173932	0.0179105	0.0056822	0.0047304	0.00768066	0.0159485	0.00639434	0.00475817	0.000541402	0.0015941
116	0.0135405	0.00836238	0.00105925	0.0058752	0.0225443	0.000921441	0.00255885	0.258105	0.0172976	0.4039	0.117663	0.00448977	0.000484423	0.0016346	0.00201271	0.00723076	0.00904866	0.121774	0.000394865	0.00110249
117	0.0786005	0.00457247	0.285153	0.0675196	0.0403033	0.00372624	0.0546611	0.00413843	0.00964382	0.0506039	0.00362208	0.221129	0.00207146	0.00694384	0.00568366	0.0447736	0.0116432	0.0127411	0.00119122	0.0912782
118	0.00262429	0.00512873	0.000862266	0.00118102	0.00631399	0.000874567	0.00100321	0.484536	0.00195178	0.0455224	0.000753991	0.0013363	0.000423651	0.00179506	0.00128152	0.00492262	0.00213163	0.436677	0.000229449	0.000450542
119	0.142941	0.00382558	0.0179487	0.0347805	0.0163438	0.0162868	0.012365	0.0239094	0.04396	0.0107377	0.00689384	0.0200545	0.505297	0.0183165	0.0244993	0.031167	0.0297933	0.0296492	0.00156309	0.00966783
120	0.061679	0.0120466	0.0247641	0.020038	0.0408296	0.014435	0.32196	0.0337678	0.0429441	0.0566231	0.0156181	0.0446016	0.0127513	0.0749943	0.0534809	0.0425821	0.0302547	0.0400384	0.00472942	0.0518616
121	0.0505168	0.00486813	0.0143761	0.00854977	0.004828	0.193497	0.00957939	0.00815283	0.0335483	0.00989296	0.00597819	0.227619	0.00313369	0.0513249	0.051155	0.258626	0.0440618	0.0143002	0.00187332	0.00411871
122	0.0804087	0.0176358	0.0698952	0.344128	0.0025026	0.00275128	0.0215651	0.0397602	0.00750463	0.021815	0.0479284	0.117337	0.0605107	0.00567255	0.00469144	0.0233444	0.0250976	0.10415	0.00091854	0.00238233
123	0.0510324	0.00637488	0.0146894	0.0262366	0.0030255	0.0127084	0.00727015	0.00238225	0.39872	0.0158771	0.00760656	0.0503955	0.00169561	0.0507752	0.175	0.094618	0.0694874	0.00689273	0.00247851	0.00273408
124	0.0184489	0.00287494	0.00239594	0.00810514	0.00365636	0.00687141	0.0184949	0.00478773	0.22088	0.0111976	0.00452309	0.00865024	0.00255327	0.0173491	0.617614	0.0243838	0.0192092	0.00442892	0.000488505	0.00308675
125	0.0115824	0.0111441	0.0064174	0.00142175	0.328907	0.0025982	0.0247092	0.0305551	0.0134473	0.123353	0.0320216	0.0153231	0.000989593	0.00476624	0.0066352	0.00401684	0.00235667	0.0241572	0.011374	0.344225
126	0.180112	0.00592034	0.00841104	0.017209	0.0755704	0.0107304	0.0122522	0.0716071	0.0259951	0.0162348	0.0107284	0.0148001	0.341906	0.0168103	0.0187769	0.0190029	0.0216056	0.0742743	0.00345464	0.0545993
127	0.0361665	0.0281464	0.0066918	0.011278	0.00334524	0.719881	0.00748429	0.00721891	0.060514	0.0113058	0.0045461	0.0210071	0.00637386	0.0101062	0.0199167	0.0170928	0.0136517	0.0102917	0.00124901	0.00373337
128	0.0123642	0.00282807	0.00102602	0.00124138	0.23242	0.00556963	0.0241255	0.00091131	0.00671619	0.0203473	0.0051513	0.00164801	0.000448269	0.00283565	0.00620658	0.00658199	0.00161483	0.00143647	0.0107843	0.655743
129	0.0392679	0.00256485	0.295889	0.00644218	0.00695886	0.0661129	0.0342987	0.00267908	0.0864836	0.00457876	0.00225965	0.286569	0.00157811	0.0102282	0.00558252	0.134775	0.00655135	0.00462117	0.000595293	0.00196338
130	0.0528025	0.00143613	0.0927934	0.185563	0.00147124	0.0228135	0.00243654	0.00225793	0.217454	0.00306401	0.00184153	0.113631	0.00101866	0.0362069	0.0377697	0.203048	0.0187402	0.00344726	0.00088916	0.00131459
131	0.0119455	0.0187434	0.0100551	0.00147094	0.329394	0.000827357	0.0244113	0.0581976	0.0159979	0.171878	0.0468309	0.0269366	0.000901711	0.00338067	0.00685752	0.00239155	0.00167953	0.0431063	0.0138411	0.211153
132	0.0273652	0.00268275	0.521129	0.0226763	0.0192823	0.0145232	0.0457575	0.00285198	0.0255269	0.00979974	0.00228981	0.183574	0.00138	0.0041541	0.00340064	0.0877042	0.00657891	0.00860349	0.0007768	0.0099433
133	0.48804	0.00131996	0.0119471	0.0235054	0.00146096	0.0352112	0.0109905	0.00225322	0.00438527	0.00314914	0.00239753	0.0222603	0.281322	0.00293599	0.00244127	0.0797854	0.0169415	0.00763402	0.000690419	0.00132917
134	0.0152296	0.000679061	0.370668	0.469903	0.000678091	0.0438605	0.000993934	0.000919895	0.0213205	0.00448213	0.000919807	0.00958744	0.000443683	0.0273095	0.00115152	0.0108957	0.014287	0.00153961	0.000242686	0.00488796
135	0.121819	0.00359526	0.00167488	0.0171531	0.0206563	0.00192215	0.0180835	0.116783	0.00387634	0.0551174	0.0609367	0.00652673	0.00168775	0.0112128	0.00469046	0.00770653	0.162748	0.381614	0.00126703	0.000929627
136	0.0226638	0.00485617	0.00660311	0.0080738	0.0177666	0.0060001	0.224191	0.0121895	0.0146542	0.490652	0.02411	0.0134695	0.00408312	0.0539934	0.00940986	0.0138874	0.010596	0.0526628	0.00195545	0.00818215
137	0.0139393	0.00165316	0.00142456	0.0102581	0.000873374	0.0061877	0.0298598	0.00579363	0.192552	0.00799627	0.00122207	0.00265321	0.0027648	0.0252828	0.68147	0.00900693	0.00260832	0.00264199	0.000312252	0.00150019
138	0.0683133	0.00114419	0.120295	0.0949926	0.00101693	0.0213079	0.00159372	0.00146836	0.291521	0.00271541	0.00121667	0.130664	0.000695113	0.0264806	0.0638764	0.153739	0.0154133	0.00218341	0.000343214	0.00102049
139	0.0378707	0.0158735	0.00917191	0.0118866	0.0268147	0.00859615	0.0799893	0.00690895	0.0314376	0.0102638	0.00505806	0.0512952	0.00343604	0.0198575	0.312222	0.0360103	0.0231767	0.0099794	0.00530144	0.29485
140	0.0172297	0.00738891	0.0016351	0.00385633	0.0115601	0.00272771	0.00637212	0.39852	0.0101803	0.14644	0.0391921	0.00613398	0.00282182	0.00454442	0.00496711	0.0105	0.0136849	0.309321	0.000841388	0.00208337
141	0.0103579	0.0148313	0.00917271	0.00173572	0.385915	0.000966206	0.0234463	0.042569	0.0172167	0.171311	0.0475214	0.0212533	0.000881313	0.00472778	0.0062279	0.00249894	0.00210199	0.0346986	0.0110656	0.191501
142	0.189753	0.00459006	0.00369636	0.00385375	0.00142088	0.677175	0.00451255	0.00192396	0.0138657	0.0027349	0.00269157	0.00806853	0.0105029	0.0038893	0.00439976	0.0468676	0.0116792	0.00658829	0.000354409	0.00143219
143	0.0775189	0.0112708	0.0019448	0.0367421	0.0031666	0.0456606	0.00336157	0.106529	0.175051	0.181907	0.0349995	0.0368959	0.00117746	0.050656	0.0754723	0.0177029	0.0244357	0.101683	0.000434869	0.0133906
144	0.0643946	0.0120279	0.0398653	0.0298022	0.0131319	0.0158369	0.25403	0.0197736	0.036336	0.0318083	0.0131907	0.194528	0.0124152	0.0258502	0.0239507	0.0510049	0.0345981	0.108459	0.00460225	0.0143944
145	0.00403008	0.0101777	0.000806459	0.00122671	0.00533541	0.00102959	0.00104091	0.462185	0.00199364	0.0388999	0.00128535	0.00132323	0.00044789	0.00166396	0.00115779	0.00480379	0.0130683	0.448278	0.000264908	0.000981563
146	0.573888	0.00111463	0.0133536	0.00883568	0.00104875	0.0454918	0.00734124	0.00159327	0.0036217	0.00249223	0.00159605	0.00273336	0.00507952	0.0108763	0.00202604	0.276242	0.0350448	0.00290583	0.000373419	0.004341
147	0.0761578	0.000653925	0.252975	0.30728	0.00069469	0.0791221	0.00133408	0.000902604	0.0326258	0.0076392	0.00456666	0.0902355	0.000501248	0.0162861	0.0137743	0.0644599	0.0352629	0.0103734	0.00431238	0.000842707
148	0.0131157	0.00496512	0.00226481	0.0018372	0.233539	0.00494077	0.0322894	0.00531724	0.0079643	0.0312882	0.00829909	0.0038703	0.000782018	0.00554154	0.00741404	0.00913028	0.0027976	0.00445554	0.0113566	0.608831
149	0.0714244	0.00723968	0.00234586	0.0107435	0.0214287	0.00373844	0.007424	0.195935	0.0256797	0.211129	0.166972	0.00852671	0.00163906	0.0102604	0.00835383	0.0102689	0.0523848	0.178915	0.00129306	0.00429713
150	0.0624021	0.00729639	0.0134259	0.075589	0.000990808	0.0204342	0.00337914	0.00286048	0.378524	0.026328	0.00828495	0.0265767	0.00291762	0.0657433	0.135744	0.0579236	0.0999784	0.00660732	0.00244799	0.00254635
151	0.0382677	0.00240278	0.00271775	0.0963679	0.00204118	0.00248371	0.046258	0.0327047	0.0486777	0.139621	0.0590237	0.0669797	0.0015678	0.11436	0.00414031	0.0855894	0.157953	0.0196536	0.000968329	0.078222
152	0.0121719	0.00652581	0.0019683	0.00392801	0.0348972	0.00195447	0.00562885	0.0352581	0.00663186	0.709749	0.098564	0.00541457	0.00125341	0.00510549	0.00281211	0.00454583	0.00463406	0.0478641	0.000529843	0.0105629
153	0.154063	0.00342915	0.00456164	0.145441	0.00213772	0.023918	0.00460404	0.0676775	0.125992	0.0516936	0.0972105	0.0244378	0.0021551	0.127251	0.069222	0.0397393	0.0223623	0.0299234	0.000928951	0.0032511
154	0.0166613	0.000688749	0.369331	0.463447	0.000674903	0.045309	0.00102735	0.000873704	0.0220381	0.00460693	0.000985289	0.0113384	0.000427517	0.0274235	0.00137624	0.011769	0.0149841	0.00171365	0.000367073	0.00495715
155	0.0152296	0.000679061	0.370668	0.469903	0.000678091	0.0438605	0.000993934	0.000919895	0.0213205	0.00448213	0.000919807	0.00958744	0.000443683	0.0273095	0.00115152	0.0108957	0.014287	0.00153961	0.000242686	0.00488796
156	0.050474	0.00332605	0.447382	0.116135	0.0129364	0.0226552	0.0295564	0.00325378	0.0206933	0.0145731	0.00335667	0.157979	0.00352908	0.00798023	0.0075175	0.051957	0.0155902	0.0138685	0.00161523	0.0156216
157	0.0563828	0.00393627	0.170475	0.169368	0.0340184	0.00554004	0.00627418	0.00768882	0.0708219	0.00889455	0.00543535	0.0765329	0.293052	0.0411661	0.00879803	0.0130862	0.0114277	0.0116731	0.00161903	0.0038098
158	0.0152296	0.000679061	0.370668	0.469903	0.000678091	0.0438605	0.000993934	0.000919895	0.0213205	0.00448213	0.000919807	0.00958744	0.000443683	0.0273095	0.00115152	0.0108957	0.014287	0.00153961	0.000242686	0.00488796
159	0.0707625	0.0209667	0.0125358	0.0429761	0.00188326	0.0286579	0.00392759	0.00846948	0.29573	0.077775	0.0347655	0.0194402	0.00224807	0.0531397	0.135506	0.093617	0.0797829	0.0125053	0.0026155	0.00269565
160	0.0123642	0.00282807	0.00102602	0.00124138	0.23242	0.00556963	0.0241255	0.00091131	0.00671619	0.0203473	0.0051513	0.00164801	0.000448269	0.00283565	0.00620658	0.00658199	0.00161483	0.00143647	0.0107843	0.655743
161	0.0647593	0.0141048	0.0188378	0.0450315	0.00091011	0.0219172	0.00191006	0.00149007	0.342163	0.0265247	0.0146684	0.0280086	0.000869722	0.111859	0.160762	0.0668599	0.0605817	0.011212	0.00630195	0.00122829
162	0.0877168	0.0139803	0.00481588	0.0599151	0.00144625	0.00396414	0.00772594	0.00516716	0.274887	0.0153882	0.00378709	0.013882	0.00200009	0.0886467	0.0728125	0.114558	0.19682	0.0280689	0.00168911	0.002729
163	0.0166891	0.00363244	0.0057708	0.00744143	0.0448459	0.00471836	0.305436	0.092579	0.0119743	0.0443773	0.00529074	0.00764618	0.00491314	0.364417	0.0367139	0.0115878	0.00840227	0.011206	0.00144793	0.0109103
164	0.0146237	0.016472	0.023639	0.00473804	0.343527	0.00199939	0.0262897	0.0455718	0.017579	0.160387	0.0416902	0.0300432	0.0012275	0.00640413	0.00755532	0.0055175	0.00424625	0.0365811	0.0112154	0.200693
165	0.201323	0.0025111	0.00405651	0.00556073	0.00255395	0.0566042	0.00472563	0.0240006	0.0526241	0.00555983	0.0041664	0.0741262	0.00246831	0.047829	0.0266017	0.429332	0.0090785	0.043405	0.000991597	0.00248211
166	0.06919	0.012959	0.0281578	0.0405213	0.00090668	0.0324927	0.00203981	0.00116052	0.330425	0.032131	0.0121084	0.0322795	0.00068413	0.108668	0.161278	0.0643845	0.0537265	0.0117439	0.0040166	0.00112593
167	0.012401	0.00310353	0.00111474	0.00123774	0.234324	0.00536885	0.0244345	0.00184152	0.006829	0.0230734	0.00590125	0.00203222	0.00044979	0.0028397	0.00610493	0.00638577	0.001587	0.00218224	0.0108248	0.647964
168	0.00865758	0.00211075	0.00301894	0.00385581	0.00226476	0.00278179	0.0453547	0.51013	0.00528896	0.238957	0.0295084	0.0186938	0.00151469	0.00494426	0.0173026	0.0513514	0.00519535	0.046271	0.000870891	0.00192715
169	0.366789	0.000732871	0.0720254	0.168033	0.00140591	0.00745	0.00377543	0.00422398	0.118923	0.00728987	0.00335174	0.0477594	0.000701585	0.0744503	0.0256227	0.0571269	0.0344617	0.00467578	0.000207252	0.000993903
170	0.296246	0.00177404	0.038734	0.0883476	0.0137578	0.00263062	0.0340046	0.0189454	0.163289	0.040281	0.0119026	0.11604	0.00157899	0.0582659	0.0445859	0.0452383	0.00625566	0.0157282	0.000693055	0.00170132
171	0.0262408	0.00192816	0.150015	0.202481	0.00173668	0.366015	0.00265699	0.0025122	0.0531135	0.00546384	0.00332551	0.0917559	0.00161724	0.00792617	0.00730478	0.040291	0.0259165	0.006111	0.00185957	0.00172879
172	0.00262429	0.00512873	0.000862266	0.00118102	0.00631399	0.000874567	0.00100321	0.484536	0.00195178	0.0455224	0.000753991	0.0013363	0.000423651	0.00179506	0.00128152	0.00492262	0.00213163	0.436677	0.000229449	0.000450542
173	0.0766174	0.000688676	0.243965	0.297774	0.000679516	0.0806755	0.00133966	0.00102078	0.0358184	0.00834344	0.005374	0.0940042	0.00052335	0.0160736	0.0148922	0.0693675	0.0356522	0.0114887	0.00494916	0.000753864
174	0.484765	0.00130833	0.0116559	0.0234668	0.00150962	0.0357203	0.0112521	0.00243417	0.00447447	0.00322261	0.0023644	0.0222865	0.285873	0.00288828	0.00254187	0.0782181	0.0163417	0.00761422	0.00068069	0.00138167
175	0.0334104	0.000597723	0.352214	0.390503	0.000638348	0.0626418	0.00107912	0.000760916	0.0277222	0.007125	0.0019362	0.0346062	0.000436619	0.0242996	0.00474873	0.0263437	0.0221487	0.00383083	0.00136223	0.00359484
176	0.01216	0.00195084	0.00109835	0.00466921	0.0174514	0.000859105	0.00565522	0.335632	0.0160734	0.330639	0.126032	0.00532082	0.000502191	0.0016805	0.00311251	0.0126454	0.00900785	0.11445	0.000302814	0.000757547
177	0.077118	0.00385438	0.0257325	0.341526	0.00600706	0.00432043	0.00767066	0.0162775	0.082181	0.0161558	0.011886	0.0137329	0.104443	0.0958088	0.037377	0.0175918	0.0420952	0.0909081	0.00100761	0.00430633
178	0.0777499	0.000662335	0.247136	0.303756	0.00069023	0.0809248	0.00137912	0.000931512	0.0329555	0.00787636	0.00488303	0.0920157	0.000504143	0.0159043	0.0143292	0.0661519	0.0360185	0.0108548	0.00454498	0.000731283
179	0.0220167	0.00201414	0.00147502	0.00502987	0.0200467	0.00132934	0.00186794	0.268094	0.0237392	0.305287	0.193923	0.00462018	0.000677305	0.00215017	0.00181605	0.00653337	0.0173112	0.120919	0.000328458	0.000821719
180	0.0190023	0.0147965	0.00815148	0.00205334	0.284023	0.00143741	0.0200265	0.0722704	0.0183691	0.16162	0.0580543	0.0224533	0.00166063	0.00343971	0.00725432	0.00358061	0.00256911	0.0525281	0.0215343	0.225175
181	0.0850312	0.00444191	0.00488949	0.0819726	0.00125834	0.00372393	0.0153852	0.0116114	0.28617	0.0318404	0.00230091	0.0251838	0.00288283	0.120356	0.0442005	0.0462997	0.216527	0.0116057	0.000741948	0.00357733
182	0.0666399	0.000934888	0.119735	0.100231	0.00101506	0.0198066	0.00157839	0.00145875	0.289749	0.0021711	0.00126511	0.132142	0.000663369	0.0258963	0.0613208	0.157175	0.0147559	0.00209348	0.000343535	0.00102427
183	0.165709	0.0107868	0.00646675	0.0125081	0.0151557	0.00781511	0.013735	0.0993779	0.016443	0.0548217	0.0235619	0.0364035	0.00951843	0.0161683	0.0144372	0.0348228	0.116847	0.339191	0.00378959	0.00244096
184	0.020271	0.0082466	0.0112673	0.00659485	0.202001	0.00460202	0.196902	0.0284421	0.0162306	0.0868048	0.013733	0.0129307	0.00451856	0.108639	0.0184049	0.0153158	0.0129967	0.0173376	0.0057591	0.209002
185	0.406535	0.000639919	0.0665051	0.168994	0.000761652	0.00974176	0.00223113	0.00262026	0.0974898	0.00670837	0.00392933	0.0370063	0.000483003	0.0731126	0.0223494	0.0565745	0.0385097	0.00416058	0.000179871	0.00146754
186	0.501678	0.00146519	0.0157586	0.0532046	0.00115644	0.0455993	0.00197321	0.00232714	0.101466	0.0144276	0.0178493	0.015559	0.000985287	0.0518012	0.0135286	0.107565	0.040778	0.00692034	0.000589167	0.0053681
187	0.0643083	0.0132131	0.0133863	0.0278002	0.0255546	0.0122998	0.0550119	0.222179	0.0630332	0.0623072	0.0250414	0.0246255	0.0127946	0.138982	0.0392909	0.0342671	0.0442027	0.102337	0.00334576	0.0160198
188	0.0862581	0.00825888	0.0102172	0.0123306	0.00559948	0.0136915	0.0682546	0.0125728	0.11625	0.0148704	0.00608599	0.0372613	0.00532802	0.0262431	0.494952	0.031929	0.0169728	0.0123548	0.00133896	0.019231
189	0.0863638	0.00122614	0.0284893	0.590245	0.00133522	0.00159924	0.0019612	0.00175935	0.0125717	0.0305465	0.00176128	0.00279564	0.00210964	0.193339	0.00301074	0.0130249	0.00348511	0.0226345	0.000535057	0.00120722
190	0.0114872	0.00163912	0.00103833	0.00612985	0.000773817	0.00669304	0.0206695	0.00107328	0.175247	0.00885319	0.000993364	0.00213105	0.000638274	0.013335	0.734892	0.00912448	0.00189498	0.00198694	0.000206352	0.00119394
191	0.0739458	0.0100557	0.0203317	0.0388493	0.000872886	0.0201283	0.00256493	0.00244209	0.375705	0.0261749	0.0134586	0.0267373	0.0012007	0.103061	0.171007	0.0532518	0.0433073	0.0119364	0.00375386	0.0012152
