202	20
1	0.0391331	0.00554452	0.0477679	0.0451553	0.00610879	0.00742999	0.25298	0.00378855	0.0870237	0.00667906	0.0110526	0.15858	0.0374983	0.102562	0.0759799	0.0367317	0.0369391	0.01915	0.000668448	0.0192271
2	0.0260285	0.0156945	0.00146833	0.00363153	0.137753	0.00944332	0.0222156	0.0652332	0.00266962	0.450666	0.0567808	0.007138	0.00312798	0.011559	0.00923498	0.0315309	0.0133354	0.0869121	0.00392144	0.0416552
3	0.452852	0.0313837	0.000697232	0.00121859	0.00722032	0.0293841	0.00164346	0.0196026	0.00563879	0.0248018	0.011169	0.00682819	0.0020252	0.00321429	0.00174783	0.226397	0.0856903	0.0840826	0.00016075	0.00424158
4	0.108298	0.0175928	0.00739518	0.0189687	0.0457216	0.014908	0.0579759	0.0448656	0.0161783	0.0217994	0.00781495	0.0292713	0.112566	0.0497588	0.0119706	0.104066	0.177799	0.108678	0.0015185	0.0428535
5	0.0310461	0.0459046	0.00261921	0.0114038	0.182877	0.0422262	0.0492229	0.0182999	0.00425532	0.156787	0.0739506	0.0163119	0.0218091	0.00802652	0.027064	0.0679557	0.0543142	0.0446059	0.0960047	0.0453159
6	0.0359786	0.00599047	0.359261	0.100766	0.00615111	0.0492158	0.0320493	0.0076889	0.0401269	0.0114659	0.0110845	0.0948183	0.0411129	0.037193	0.0566788	0.0593616	0.0249136	0.0189225	0.000983829	0.00623735
7	0.0295788	0.0144872	0.000664691	0.00161404	0.0717106	0.00833149	0.00955869	0.104138	0.00141145	0.512794	0.0541755	0.00621869	0.00270244	0.00238958	0.00711993	0.034943	0.0111224	0.104707	0.000423694	0.0219084
8	0.0904134	0.0367818	0.035403	0.0149948	0.0394331	0.00692081	0.00634098	0.0365852	0.0561151	0.0682151	0.0228034	0.0469307	0.0902632	0.0975939	0.0436657	0.178647	0.0252238	0.0637648	0.00155924	0.0383445
9	0.0439994	0.0331568	0.00108836	0.013543	0.184673	0.0253963	0.0418296	0.0423684	0.00201264	0.168147	0.0948053	0.0228764	0.00803454	0.00532179	0.0283789	0.0666196	0.0395879	0.0902225	0.0141869	0.0737514
10	0.00614262	0.00705464	0.000613871	0.000909195	0.0553423	0.00433996	0.00465591	0.0864984	0.000841968	0.690817	0.0243127	0.000931791	0.00169841	0.00163768	0.00676416	0.0132385	0.00315537	0.087713	0.000169634	0.0031628
11	0.139379	0.0116322	0.0269653	0.0540446	0.0275602	0.00781805	0.00677861	0.012239	0.0297852	0.0737904	0.0181004	0.0673351	0.0469791	0.0576589	0.0488033	0.203094	0.104109	0.0339104	0.00218372	0.0278335
12	0.0465377	0.0154923	0.15661	0.212915	0.0272897	0.0566178	0.0999897	0.00416988	0.0176252	0.00712907	0.00367313	0.0802472	0.0434307	0.133423	0.0166523	0.0363793	0.00699987	0.0147572	0.000741459	0.019319
13	0.0484229	0.0332254	0.00586509	0.00700751	0.0535684	0.0126523	0.139835	0.0220057	0.00804402	0.0239147	0.00455649	0.108598	0.10276	0.0294426	0.0138072	0.11851	0.0486132	0.024227	0.0017184	0.193226
14	0.10517	0.00897145	0.00303124	0.0089027	0.0486467	0.00911231	0.013283	0.181382	0.0251672	0.141504	0.0372171	0.0238703	0.021414	0.00894193	0.0192789	0.0321021	0.0544092	0.24368	0.000730662	0.0131848
15	0.0495359	0.0152888	0.00943392	0.0389559	0.00544498	0.0222774	0.015898	0.017864	0.210457	0.0830544	0.0208771	0.0153415	0.0517506	0.167141	0.152378	0.0362475	0.0528571	0.0262268	0.00267315	0.00629594
16	0.0357056	0.0215952	0.0147965	0.0422499	0.0391608	0.0190421	0.0224356	0.0138246	0.182073	0.0322339	0.0454161	0.0894146	0.00869348	0.0225494	0.22644	0.0551645	0.043496	0.0203551	0.0400718	0.0252814
17	0.0748891	0.010868	0.00317435	0.0156761	0.0196112	0.693925	0.00471461	0.0117031	0.0104083	0.0392203	0.00515946	0.0048872	0.00476201	0.00374831	0.0136225	0.0218908	0.0103924	0.0459936	0.000879162	0.00447498
18	0.0196103	0.0127219	0.000619093	0.00127368	0.0650239	0.0090914	0.00715178	0.0946976	0.00124272	0.574175	0.0496757	0.00372543	0.00219885	0.00217538	0.00647339	0.0238365	0.00700254	0.10594	0.000351872	0.0130122
19	0.00523894	0.00681601	0.000667347	0.000996243	0.0749528	0.00378921	0.00397748	0.0803006	0.000902331	0.679357	0.0220937	0.00104553	0.00147573	0.0018961	0.00654978	0.0117862	0.00331422	0.0891761	0.000642053	0.00502298
20	0.0114537	0.0110098	0.00227146	0.00390452	0.278981	0.00596264	0.0577088	0.0240524	0.00354244	0.0774458	0.00393678	0.00409808	0.00473931	0.0100107	0.0272462	0.0581478	0.0172935	0.0286057	0.00240332	0.367186
21	0.0608622	0.0221468	0.00718585	0.0353544	0.00358976	0.0181246	0.0514353	0.00420765	0.0414604	0.0611848	0.00344577	0.00605271	0.328813	0.0400856	0.0627303	0.178683	0.0493313	0.00674366	0.000882122	0.0176809
22	0.404155	0.0349251	0.000927438	0.00480417	0.00818473	0.0457495	0.00472047	0.0131052	0.00742614	0.0179929	0.00789702	0.00549099	0.00184971	0.00447341	0.00680661	0.304942	0.0619371	0.0612384	0.000178073	0.00319697
23	0.00551735	0.00669022	0.000690759	0.00100878	0.0643564	0.00385803	0.00416942	0.0802241	0.000902407	0.695447	0.0221771	0.000997493	0.00137844	0.00200324	0.00653119	0.0120563	0.00287298	0.0844222	0.000206017	0.00449061
24	0.304116	0.031536	0.00625155	0.0318177	0.00588406	0.0706989	0.0116673	0.004034	0.0102074	0.00834433	0.00603045	0.0091854	0.0116381	0.0154893	0.0369168	0.377205	0.0443271	0.0107464	0.000587121	0.00331676
25	0.083189	0.00351417	0.0587859	0.0654758	0.0150929	0.0344372	0.0231727	0.104328	0.0466252	0.191759	0.00513621	0.0146674	0.00409685	0.0552585	0.0428643	0.090382	0.0612349	0.0960293	0.000770607	0.00317957
26	0.539104	0.0265093	0.00117855	0.00177155	0.00629077	0.0442845	0.00279508	0.0168925	0.00356653	0.0182461	0.00578716	0.00560274	0.00652998	0.00298471	0.00273261	0.129249	0.0965477	0.0872685	0.000263312	0.00239491
27	0.00990939	0.00694759	0.000875325	0.00146898	0.0541079	0.00481218	0.00480657	0.103193	0.00124847	0.632753	0.0320266	0.00147832	0.00220769	0.00218597	0.00666929	0.0141107	0.00547606	0.111344	0.000171858	0.00420678
28	0.0118069	0.0114713	0.00245742	0.00396546	0.270977	0.00605159	0.0587205	0.0241096	0.00324339	0.0702314	0.00300849	0.00513834	0.00639575	0.0105274	0.0271498	0.0592224	0.018816	0.0291151	0.00242958	0.375162
29	0.0498383	0.0202073	0.0089186	0.0069995	0.0820846	0.00970845	0.14132	0.0276369	0.00617599	0.0349128	0.00465342	0.100614	0.116811	0.0203871	0.0101181	0.106776	0.0466702	0.0172368	0.0019842	0.186947
30	0.0528854	0.00415785	0.00268912	0.00522624	0.00450182	0.0261778	0.0176081	0.00482778	0.00399312	0.0551703	0.0156717	0.00515466	0.707093	0.0181514	0.00702284	0.0173254	0.0197945	0.0279457	0.000792002	0.0038111
31	0.00470696	0.00288007	0.00145153	0.00213931	0.400192	0.00283774	0.00341306	0.0418873	0.00184239	0.378022	0.0282453	0.00215091	0.00176324	0.00340885	0.0116159	0.0139718	0.013776	0.0385523	0.0112072	0.035937
32	0.458713	0.0334333	0.000877746	0.00323602	0.00614015	0.036182	0.00256365	0.0157804	0.00538288	0.0242837	0.00989419	0.00639992	0.00215065	0.00363186	0.00403986	0.239185	0.0694325	0.0746924	0.000173775	0.00380612
33	0.0626367	0.0106841	0.00303705	0.0170869	0.00742946	0.775592	0.00334466	0.00916879	0.00959463	0.0176429	0.00211203	0.00700667	0.00451894	0.00320715	0.0135462	0.0209413	0.00742506	0.0218482	0.000508633	0.00266837
34	0.0481496	0.0303216	0.00946852	0.0234633	0.00523555	0.0197125	0.0293496	0.0147412	0.240065	0.037533	0.0173899	0.0224877	0.0120752	0.0700193	0.303922	0.0413898	0.0393733	0.0241685	0.00450556	0.00662864
35	0.00504988	0.00271452	0.00130928	0.0020052	0.356628	0.00276914	0.00291966	0.044842	0.00168595	0.426591	0.0285373	0.00200345	0.00175107	0.00303957	0.0103217	0.0145456	0.0122965	0.0397051	0.0108875	0.0303978
36	0.175868	0.0107315	0.0138261	0.0495551	0.0121282	0.0166265	0.0214023	0.0448474	0.0504015	0.0288596	0.0106875	0.0371291	0.00484516	0.0106388	0.00194982	0.125107	0.173846	0.189327	0.000239403	0.0219844
37	0.175178	0.0118406	0.0130023	0.0436581	0.0142448	0.0154343	0.0229309	0.0518296	0.045893	0.0296808	0.0102174	0.0363043	0.00630677	0.0103566	0.00247629	0.123892	0.175923	0.184887	0.000260617	0.0256841
38	0.0211849	0.00366073	0.00234009	0.00716552	0.047122	0.00535823	0.0265385	0.242882	0.00721991	0.12099	0.0150821	0.0172756	0.018853	0.00456267	0.0212445	0.0359487	0.0611462	0.308951	0.000728412	0.0317465
39	0.0287799	0.00634061	0.00454183	0.0742104	0.0590706	0.00837012	0.384027	0.00630302	0.00720496	0.0443964	0.0051065	0.0247149	0.00654708	0.0765228	0.0525606	0.0472591	0.0100827	0.071408	0.00117132	0.0813822
40	0.477836	0.0287669	0.00224496	0.00505817	0.00769177	0.0367145	0.00452803	0.021328	0.00748107	0.0221153	0.0082159	0.00844935	0.00560264	0.0037021	0.00327288	0.147	0.0963667	0.108573	0.00042116	0.00463154
41	0.176967	0.00975672	0.0142869	0.0532805	0.011867	0.017146	0.0209308	0.0420762	0.0552322	0.0282656	0.0110027	0.0381488	0.00462621	0.010807	0.00211561	0.125274	0.171281	0.186244	0.000264997	0.0204258
42	0.475876	0.0310303	0.00068545	0.00111802	0.00677183	0.0272081	0.001219	0.0172347	0.0056228	0.0267727	0.0115013	0.00628999	0.00209037	0.00317685	0.00154691	0.2201	0.0697558	0.0876806	0.000134462	0.00418506
43	0.0462697	0.0338156	0.00213587	0.0097551	0.167002	0.0195902	0.0677025	0.0305985	0.00375045	0.207475	0.107787	0.0154511	0.0076829	0.0102031	0.0175715	0.0574846	0.0281465	0.063258	0.00883768	0.0954834
44	0.0285481	0.00258031	0.327803	0.0503775	0.00253833	0.0626526	0.0493387	0.00279888	0.00689777	0.00424803	0.00286935	0.214133	0.0202726	0.0108106	0.0243002	0.134277	0.0402462	0.0125559	0.000546237	0.00220539
45	0.0196754	0.00811479	0.082433	0.0700052	0.00298267	0.260998	0.0204937	0.00586502	0.127542	0.0274695	0.0331015	0.0467166	0.0197005	0.0718408	0.124086	0.0376953	0.0124936	0.017647	0.000654457	0.0104852
46	0.139168	0.0119368	0.00144967	0.0104747	0.0454293	0.00740452	0.0060773	0.135211	0.0256808	0.125763	0.062658	0.0102157	0.00628431	0.00549537	0.0047902	0.0278346	0.0445129	0.322318	0.00040286	0.00689153
47	0.0244303	0.00805219	0.00859744	0.0313842	0.0220019	0.0398129	0.0087915	0.152124	0.0646679	0.222574	0.037325	0.006849	0.0050826	0.094762	0.0641013	0.0374097	0.0172147	0.149037	0.00107119	0.00471086
48	0.0506189	0.0459247	0.0112049	0.00847752	0.00577698	0.138291	0.033388	0.0105739	0.00813584	0.00852693	0.00428419	0.291641	0.013109	0.0163213	0.0456696	0.229119	0.0337898	0.0364584	0.00107503	0.00761403
49	0.0510229	0.0395264	0.0022569	0.00891086	0.16843	0.0245438	0.0953339	0.0257279	0.00318048	0.105582	0.0368787	0.014827	0.0223444	0.0182222	0.0369722	0.0751961	0.0444487	0.0676721	0.0181939	0.14073
50	0.0618678	0.0166402	0.00716605	0.0206264	0.00360488	0.0235586	0.0211976	0.00385205	0.0209897	0.0285694	0.00603242	0.00543636	0.468198	0.0172537	0.0436236	0.184768	0.0451408	0.00959963	0.00102573	0.0108498
51	0.00594521	0.00740242	0.000656215	0.000957423	0.0553078	0.0041501	0.00440153	0.0838449	0.00091622	0.690323	0.0228848	0.00101018	0.00159266	0.00175955	0.00649497	0.0124545	0.00296512	0.0936438	0.000176876	0.00311251
52	0.0382242	0.0176736	0.000724241	0.00207809	0.0808159	0.00982322	0.0077745	0.0886713	0.00164472	0.48159	0.0654396	0.00803436	0.00217335	0.00215705	0.00596667	0.0392906	0.0120263	0.108815	0.000669944	0.0264077
53	0.481569	0.0306243	0.000616667	0.000977443	0.00606764	0.0265123	0.00110402	0.0174002	0.00575614	0.0251029	0.0113644	0.00626788	0.00166911	0.00314708	0.00121567	0.220042	0.0703036	0.086424	0.000145076	0.00369096
54	0.107394	0.00407551	0.000573534	0.0130266	0.0300197	0.00470424	0.00349018	0.178103	0.00457891	0.0865749	0.0538463	0.00192316	0.00570433	0.00149049	0.00191575	0.0052499	0.0277267	0.468156	0.000188406	0.00125905
55	0.0452653	0.0100687	0.0321299	0.0884705	0.00530563	0.0292521	0.0248399	0.017328	0.163686	0.0759013	0.0299388	0.0334714	0.0245328	0.200826	0.103984	0.0367949	0.035849	0.0330048	0.00161397	0.00773712
56	0.0235724	0.00268329	0.000368603	0.00143408	0.0487663	0.00496938	0.000705365	0.293086	0.000630673	0.148747	0.104722	0.00071552	0.00149296	0.00402051	0.00199837	0.00798672	0.0179131	0.334941	0.00013694	0.00110929
57	0.153743	0.0469605	0.00379529	0.0103744	0.102184	0.0238557	0.0128547	0.071861	0.00975706	0.119888	0.0543128	0.0157247	0.0112381	0.00765794	0.0107839	0.0725968	0.0462027	0.193739	0.00312383	0.0293474
58	0.0238377	0.00264784	0.000365049	0.00141152	0.0476051	0.00489012	0.000712204	0.297052	0.000659137	0.149349	0.104117	0.000731715	0.00146394	0.00405625	0.00194303	0.00799259	0.0178522	0.33209	0.000135288	0.00108842
59	0.284551	0.023542	0.00650416	0.0123065	0.00439744	0.223547	0.0125465	0.00413963	0.00477906	0.00674282	0.0052434	0.0242285	0.00565266	0.00560772	0.0126991	0.308716	0.039784	0.0121161	0.000482533	0.00241385
60	0.0700364	0.045231	0.000963459	0.00502904	0.118615	0.0167544	0.011123	0.0844118	0.00242619	0.212449	0.107471	0.0202787	0.00304549	0.00290368	0.00772864	0.0613156	0.0231861	0.140004	0.00263784	0.0643902
61	0.0727146	0.0436186	0.000967466	0.00478374	0.113989	0.0162857	0.00995733	0.0867872	0.00309734	0.21157	0.10991	0.0210725	0.00285776	0.00273671	0.0072772	0.0600022	0.0231507	0.144116	0.0022807	0.0628256
62	0.0371265	0.0693318	0.0157741	0.0111631	0.013711	0.0444152	0.08637	0.0207755	0.0187694	0.0172289	0.00649404	0.333811	0.0258801	0.02418	0.0444928	0.108782	0.0349293	0.0643954	0.00153158	0.0208386
63	0.0455801	0.0173451	0.0161144	0.0371547	0.0447786	0.0204286	0.321081	0.0159025	0.0222807	0.0430225	0.0101944	0.0521808	0.0315041	0.0471	0.0439683	0.102888	0.0286576	0.0463561	0.00243443	0.0510278
64	0.4591	0.0348933	0.00068584	0.00111988	0.00653001	0.0285559	0.00114352	0.0180545	0.00563786	0.0264934	0.0140759	0.00616147	0.00183967	0.00377304	0.00168116	0.219644	0.0736514	0.0922445	0.000158991	0.00455468
65	0.10191	0.00356802	0.000531409	0.013381	0.0286131	0.00436714	0.00330074	0.180375	0.00395238	0.0903558	0.0569046	0.00170795	0.0056714	0.0014853	0.00170045	0.00491392	0.0259333	0.469977	0.000185783	0.00116566
66	0.424464	0.0260297	0.00495144	0.00468854	0.0167138	0.0969779	0.00506729	0.0253922	0.00588341	0.0360127	0.00610851	0.00726077	0.00918172	0.00444963	0.00792863	0.0823385	0.0782895	0.154129	0.000635429	0.00349698
67	0.0387552	0.0123436	0.344844	0.0620994	0.0112243	0.0491529	0.0227438	0.0129667	0.0504435	0.0201835	0.0414348	0.0682508	0.0406151	0.030629	0.0700292	0.0563798	0.0284332	0.0260573	0.00217404	0.0112398
68	0.0570469	0.00831817	0.00245276	0.0164368	0.00761094	0.807586	0.00249037	0.00877392	0.00906137	0.0174394	0.0019036	0.00297156	0.00218429	0.00236931	0.0121918	0.0128679	0.00362805	0.0221366	0.00043589	0.00209401
69	0.182624	0.00835044	0.0174916	0.0290664	0.0256135	0.0234752	0.0226485	0.0375435	0.0634261	0.0210751	0.00773975	0.0328627	0.00568198	0.00818889	0.00528004	0.109707	0.26007	0.124118	0.000658885	0.014378
70	0.467858	0.0311254	0.00104671	0.00137002	0.00655005	0.0352625	0.00173378	0.0189514	0.00540643	0.022394	0.00957046	0.00738192	0.0029604	0.00314849	0.00229532	0.209356	0.0880093	0.0817473	0.000245017	0.00358794
71	0.00753131	0.00532647	0.00140579	0.00247181	0.436834	0.00352183	0.00396994	0.0466219	0.0018258	0.302826	0.0367611	0.00346728	0.0017778	0.00265356	0.0119634	0.0167843	0.0174337	0.0439577	0.0119079	0.0409587
72	0.0292801	0.0207429	0.00396397	0.0135382	0.109006	0.0103314	0.0334138	0.0104287	0.00640855	0.0538499	0.0197693	0.0227369	0.0122526	0.0192392	0.0744335	0.0217935	0.0209958	0.035076	0.423569	0.05917
73	0.0340427	0.00482343	0.043753	0.0444807	0.0043581	0.00712181	0.249305	0.00382748	0.0944787	0.00679291	0.0136018	0.190199	0.0255493	0.102286	0.0727713	0.0353899	0.0366488	0.0158211	0.000847237	0.0139019
74	0.00764371	0.00509106	0.00141705	0.00241095	0.445696	0.0034805	0.00395092	0.0462672	0.00184098	0.299332	0.0359977	0.00321788	0.0017798	0.00275085	0.0115844	0.0165088	0.0165067	0.0442239	0.0113576	0.038942
75	0.038727	0.0174627	0.000736614	0.00209875	0.128009	0.0119285	0.00523947	0.1352	0.00177607	0.250675	0.117555	0.00803657	0.0026973	0.00316609	0.00389654	0.030907	0.015617	0.192048	0.00137908	0.0328448
76	0.0275567	0.0143809	0.0390596	0.0537172	0.00865354	0.0433774	0.0579336	0.00802844	0.0954594	0.0187873	0.0115437	0.175648	0.0115459	0.0297639	0.109694	0.108794	0.156042	0.018525	0.00225574	0.00923273
77	0.454349	0.0325225	0.000706147	0.00112236	0.00747696	0.0278235	0.00143047	0.0194846	0.0056213	0.0239729	0.0121321	0.00652413	0.0018317	0.00324625	0.00166986	0.226332	0.0849744	0.0836341	0.0001753	0.0049702
78	0.00703825	0.007534	0.00193333	0.00311231	0.364527	0.0083278	0.00628484	0.0337052	0.00256739	0.298838	0.033491	0.00325936	0.00481361	0.00354085	0.0114586	0.016683	0.0175345	0.030622	0.114575	0.0301534
79	0.472254	0.0307783	0.00062937	0.00128719	0.00646222	0.02885	0.00144491	0.0173189	0.00550379	0.0247252	0.0108166	0.00604935	0.00198966	0.00325228	0.00154974	0.224037	0.0739549	0.0850836	0.000164883	0.00384747
80	0.120701	0.00468895	0.0911952	0.293883	0.00273986	0.0681572	0.0228227	0.0144313	0.0459074	0.0111772	0.0100914	0.0154868	0.0189258	0.0921284	0.0351234	0.0520912	0.0683071	0.029284	0.000634763	0.00222323
81	0.0238205	0.00265246	0.00036554	0.00140913	0.0476517	0.00489693	0.00068483	0.297001	0.000623028	0.149339	0.104286	0.000724205	0.00144414	0.00405768	0.00192721	0.0079953	0.0178214	0.332079	0.000135225	0.00108509
82	0.0475032	0.0377079	0.00859531	0.0207254	0.0138249	0.0170351	0.0182516	0.0234047	0.249388	0.0501627	0.0348492	0.0485096	0.0081557	0.0301388	0.24357	0.0498577	0.0306719	0.0201022	0.0354992	0.0120473
83	0.0253182	0.0033425	0.000390816	0.00169948	0.0514142	0.00485871	0.000779253	0.284999	0.000963263	0.140889	0.103913	0.000836901	0.00153826	0.00381611	0.00247544	0.00888444	0.0200349	0.342548	0.000137437	0.00116103
84	0.00555595	0.00811893	0.00086951	0.00130307	0.205509	0.00347313	0.00402513	0.0785144	0.00117624	0.53918	0.0241537	0.00137118	0.00162409	0.00192706	0.00776749	0.0122788	0.0076854	0.0816744	0.0016539	0.0121385
85	0.0672533	0.0342887	0.0205971	0.0159617	0.0182418	0.0302565	0.121396	0.00689857	0.135233	0.0224092	0.00926522	0.0593969	0.00737083	0.0521732	0.260321	0.0668349	0.0279068	0.0142092	0.0035126	0.0264732
86	0.00597033	0.00515397	0.00123263	0.00180341	0.381546	0.00287939	0.00327013	0.0550476	0.00158329	0.377265	0.0287552	0.00200935	0.0016985	0.00242648	0.00973887	0.0158319	0.0129431	0.0554058	0.00756489	0.0278742
87	0.100322	0.00585171	0.0255332	0.0216409	0.00424703	0.0380539	0.021357	0.00467401	0.0411138	0.0136305	0.0135211	0.00838634	0.12179	0.00701236	0.0481817	0.387805	0.122624	0.00889948	0.000949817	0.00440648
88	0.240321	0.00587906	0.0302103	0.0476267	0.00389168	0.0774187	0.0107693	0.0053972	0.0544349	0.01243	0.0220381	0.0124343	0.110699	0.00939239	0.0675284	0.201076	0.0681543	0.0148035	0.00089258	0.00460155
89	0.0334942	0.00630265	0.0575611	0.112789	0.00240907	0.0275401	0.0256275	0.0122206	0.189266	0.0360819	0.0496719	0.076643	0.00423247	0.0815097	0.164118	0.0480139	0.0290313	0.0293667	0.00144731	0.0126737
90	0.0328275	0.0115959	0.000624911	0.00173237	0.0627206	0.0111841	0.0046309	0.152891	0.00171521	0.350259	0.102931	0.00473142	0.00289473	0.002789	0.00412399	0.0231807	0.0130496	0.200318	0.000384805	0.0154147
91	0.0801085	0.00794828	0.0907219	0.209734	0.00392821	0.0534194	0.0250093	0.0137561	0.113674	0.021398	0.02041	0.0416985	0.0179282	0.0775097	0.072489	0.0481671	0.0643923	0.0307914	0.00110109	0.00581509
92	0.156121	0.00891176	0.0434779	0.0754297	0.0247615	0.00900994	0.00795512	0.00805904	0.01961	0.076157	0.0103823	0.0693397	0.0278489	0.0509482	0.0360608	0.226735	0.0995712	0.0221763	0.00224132	0.0252032
93	0.0403462	0.0198494	0.00399064	0.0242767	0.00306194	0.0102204	0.0108556	0.0220483	0.303295	0.0300452	0.0243847	0.0119775	0.0152122	0.0780522	0.270668	0.0289774	0.0694825	0.0273033	0.00345567	0.00249722
94	0.30107	0.0145513	0.00847008	0.0244013	0.0130491	0.03034	0.0193083	0.0530983	0.026856	0.031686	0.00845491	0.0280776	0.0067956	0.0075156	0.00414879	0.092262	0.151331	0.163824	0.000311025	0.0144491
95	0.0237819	0.00768889	0.2994	0.0603628	0.00429328	0.0754248	0.0211311	0.00510671	0.0663221	0.00902192	0.00997452	0.127224	0.0652127	0.0215048	0.0883996	0.0649792	0.0269388	0.0180863	0.000930044	0.00421673
96	0.0241663	0.00266009	0.000360324	0.00171216	0.0487552	0.00514353	0.00122106	0.292701	0.00121447	0.1492	0.100869	0.00109014	0.00197644	0.00490029	0.0027084	0.00849217	0.0185366	0.332594	0.000187209	0.00151181
97	0.24773	0.0279581	0.008566	0.0165134	0.0100525	0.0560939	0.0105207	0.0126442	0.0144393	0.0203411	0.00974885	0.0163237	0.0182007	0.00862326	0.0198581	0.364559	0.08556	0.0446108	0.00057309	0.00708268
98	0.115981	0.00909376	0.015892	0.0176032	0.0073802	0.0330033	0.0157223	0.00766243	0.0561298	0.012669	0.0258574	0.0101172	0.0585705	0.00775498	0.0675638	0.409402	0.10794	0.014592	0.00130087	0.00576532
99	0.00546202	0.00341992	0.00136711	0.0021315	0.415877	0.00292086	0.00324981	0.0453921	0.00182027	0.350534	0.0302667	0.0022779	0.00177519	0.00305713	0.0120474	0.0155702	0.0144318	0.0413679	0.0109722	0.0360597
100	0.0662787	0.0175867	0.0412779	0.10707	0.0104299	0.0391321	0.0261474	0.0173625	0.085402	0.0427484	0.0146874	0.0306141	0.0869016	0.151434	0.0539267	0.0851441	0.0443986	0.0650457	0.00232244	0.0120898
101	0.493001	0.029728	0.000627632	0.00096667	0.00604166	0.0280399	0.00118829	0.0165568	0.00536951	0.0245458	0.0104787	0.00591137	0.00208124	0.00309387	0.00127797	0.211845	0.0695376	0.0860323	0.000145115	0.00353122
102	0.00585919	0.0071772	0.000643005	0.00102673	0.0550117	0.00435189	0.0043204	0.083071	0.000929343	0.684027	0.023638	0.00106103	0.00149335	0.001804	0.00646839	0.012086	0.00297864	0.100808	0.000178633	0.00306711
103	0.122395	0.0624673	0.00188478	0.00917496	0.0571517	0.0489165	0.00320138	0.025177	0.00422207	0.0793533	0.0309617	0.00644799	0.0180492	0.00302466	0.0216657	0.250362	0.115334	0.108214	0.000538532	0.0314578
104	0.431442	0.0255093	0.002391	0.00492353	0.00586044	0.0922574	0.00581882	0.0116138	0.00428084	0.0147642	0.00607697	0.0107957	0.0062195	0.00418549	0.00680224	0.22923	0.0784123	0.0567196	0.000299534	0.00239755
105	0.0199502	0.00775273	0.00396199	0.02644	0.084949	0.00757351	0.365459	0.00680657	0.00574423	0.147458	0.0110875	0.0113584	0.00569808	0.0784373	0.0245276	0.0306855	0.00970854	0.0651781	0.00128356	0.0859396
106	0.0205789	0.00239996	0.000430737	0.00125118	0.0507599	0.0098132	0.00105371	0.229945	0.00081494	0.181625	0.143566	0.000953421	0.00286505	0.00296302	0.00180377	0.00627311	0.015845	0.324023	0.00016044	0.00287444
107	0.0471746	0.0213363	0.00594763	0.0173729	0.0750092	0.0147728	0.0295178	0.0101884	0.0114902	0.0388941	0.0164018	0.0246671	0.0141127	0.0221706	0.0833655	0.0257344	0.021837	0.02617	0.455324	0.0385131
108	0.0220892	0.0406491	0.00393862	0.0172831	0.00703071	0.0132855	0.0240793	0.040948	0.0960603	0.114647	0.0288453	0.00830455	0.00737331	0.100917	0.301272	0.0527578	0.039316	0.0742522	0.00209171	0.00486001
109	0.278622	0.0613533	0.00258004	0.0149025	0.00529429	0.0862739	0.0161099	0.00396331	0.00556483	0.00625686	0.00317357	0.00708467	0.00340894	0.00817781	0.0229179	0.417122	0.0443668	0.00971442	0.000458913	0.00265395
110	0.0313071	0.00364897	0.000919958	0.00345167	0.0612319	0.00489487	0.0066937	0.260273	0.00359869	0.11409	0.0807238	0.00433441	0.00566107	0.00416802	0.00971357	0.0185319	0.0369795	0.343167	0.000348112	0.00626342
111	0.0913086	0.0617379	0.00542016	0.0149582	0.0219415	0.0240472	0.0109155	0.0459427	0.0132209	0.0326511	0.0263138	0.0299211	0.027865	0.00813415	0.0129899	0.200098	0.209413	0.143051	0.00101667	0.0190538
112	0.0561448	0.0232419	0.0108331	0.0217564	0.00544688	0.0221879	0.0411716	0.00910212	0.257835	0.0417365	0.0143251	0.0250326	0.0108098	0.057521	0.301058	0.0457062	0.0273738	0.0175468	0.00399782	0.00717287
113	0.104156	0.071029	0.0046598	0.00757387	0.00830599	0.0535897	0.0752488	0.0216744	0.0136449	0.011372	0.00628698	0.216539	0.0344172	0.0180541	0.045761	0.127205	0.0554732	0.109702	0.00121186	0.0140956
114	0.0567745	0.0347272	0.0130346	0.0163302	0.00980924	0.0318659	0.0683699	0.00834212	0.189701	0.0349773	0.0108029	0.0308271	0.00848702	0.0622919	0.296546	0.06805	0.0227592	0.0176303	0.00378557	0.0148882
115	0.0966292	0.021342	0.00497665	0.017235	0.0454211	0.0841574	0.0400748	0.0402061	0.104814	0.0385172	0.0375855	0.0356356	0.013511	0.00796712	0.181692	0.0942152	0.0575372	0.0529824	0.00341992	0.0220798
116	0.025063	0.00278015	0.000428148	0.00152122	0.0514175	0.00995648	0.00119947	0.219993	0.00127172	0.180957	0.141826	0.00122429	0.00293668	0.00286825	0.00187214	0.00699427	0.0165618	0.327764	0.000152827	0.00321252
117	0.171155	0.0502607	0.00215185	0.005874	0.053539	0.0376811	0.00417274	0.0368107	0.00544651	0.126518	0.045354	0.00693803	0.0413732	0.00333312	0.0134845	0.16113	0.0745066	0.130417	0.000575039	0.0292784
118	0.126815	0.00655093	0.000651788	0.011455	0.0313769	0.00546428	0.0040669	0.172882	0.00769424	0.0874559	0.054612	0.00369615	0.00540909	0.00214333	0.00244484	0.00864975	0.0359156	0.430691	0.000248183	0.00177686
119	0.0271963	0.00262929	0.340415	0.0501183	0.00265437	0.0665732	0.0464637	0.00291101	0.00674525	0.00430858	0.00295644	0.204339	0.0220289	0.0117456	0.024123	0.132442	0.0374589	0.012137	0.000567882	0.00218629
120	0.0695051	0.0474782	0.00095551	0.00529826	0.11592	0.0196714	0.011966	0.0788696	0.00186086	0.213602	0.108071	0.0207741	0.00404318	0.00284338	0.00845637	0.0658924	0.024363	0.133168	0.00298358	0.0642768
121	0.020221	0.00751227	0.118547	0.111448	0.00399955	0.0148093	0.0271416	0.0296135	0.0649858	0.0318364	0.0427528	0.134373	0.0052006	0.107357	0.0965736	0.0605448	0.0304207	0.0605077	0.000887856	0.0312673
122	0.0398838	0.00980304	0.200516	0.109693	0.00404481	0.0869407	0.0166694	0.00718453	0.0895798	0.0135964	0.0135888	0.0711305	0.077115	0.0565688	0.0916013	0.0385648	0.0379092	0.0296911	0.000959469	0.00495991
123	0.0890237	0.026556	0.0131226	0.0721806	0.00331298	0.0509363	0.0258051	0.00401595	0.0460148	0.0336079	0.00359798	0.00523293	0.322572	0.0946695	0.0687388	0.093618	0.0286104	0.00758899	0.00070256	0.0100933
124	0.0233801	0.00299714	0.00095639	0.00183846	0.0465156	0.0104234	0.0018191	0.202782	0.00418249	0.168926	0.170554	0.0035216	0.00600927	0.00334714	0.00284767	0.00752665	0.0151632	0.322008	0.000346258	0.00485632
125	0.108341	0.00724445	0.0748876	0.0838338	0.00696618	0.0299696	0.0223272	0.00579453	0.0402296	0.0471377	0.00611644	0.0394791	0.193668	0.0145053	0.0208257	0.23419	0.045753	0.0106362	0.00134673	0.00674728
126	0.0221504	0.0273006	0.002304	0.00577176	0.199215	0.0100799	0.0935503	0.0219817	0.00342315	0.0812943	0.013958	0.0149738	0.0176386	0.0219102	0.0232192	0.0652978	0.0231915	0.0335059	0.00532097	0.313913
127	0.0676899	0.0285105	0.000783187	0.00318532	0.118017	0.0117286	0.00645751	0.129593	0.0037458	0.212994	0.106403	0.0127489	0.00254275	0.00312946	0.00454233	0.0437302	0.019926	0.184858	0.00103762	0.0383777
128	0.0553512	0.00840171	0.00253439	0.0167941	0.00752086	0.809921	0.00243923	0.00868331	0.00918204	0.0173911	0.00186315	0.003031	0.00211035	0.00234531	0.0123711	0.0123394	0.00355353	0.0216838	0.000438078	0.00204539
129	0.0368697	0.0752488	0.00660304	0.00719048	0.00715436	0.0444001	0.0655681	0.0222284	0.0138079	0.0109005	0.00566303	0.333453	0.0241434	0.0189197	0.0406088	0.129885	0.0359056	0.105798	0.00127752	0.0143754
130	0.169924	0.0621283	0.00161032	0.00627993	0.0448689	0.0426055	0.00283616	0.0345274	0.00495735	0.108426	0.0484496	0.00743848	0.0221481	0.00290732	0.0165858	0.181111	0.0844772	0.127766	0.000633845	0.030319
131	0.0256936	0.0026859	0.000369278	0.00151672	0.0471816	0.00491276	0.000725522	0.294924	0.000746129	0.148718	0.103495	0.000790279	0.00149162	0.0040445	0.00194206	0.00808696	0.0180705	0.333371	0.000129683	0.00110495
132	0.0217292	0.00645861	0.00228612	0.00467188	0.0873506	0.00802893	0.0236908	0.198541	0.00710412	0.309532	0.036761	0.0089334	0.0221318	0.00598927	0.023883	0.0366041	0.03831	0.142867	0.000924785	0.0142027
133	0.0479393	0.0303047	0.023085	0.045384	0.00594687	0.301645	0.0314571	0.0083281	0.0571088	0.0372136	0.0130268	0.0146766	0.0505145	0.0849448	0.0873364	0.083476	0.0150911	0.0170143	0.00172762	0.0437794
134	0.0199612	0.0378621	0.00312386	0.024474	0.129667	0.0103413	0.0326436	0.00712856	0.00942321	0.0438419	0.0264926	0.052979	0.0213756	0.0130905	0.136838	0.0190514	0.0298659	0.0179852	0.325715	0.0381396
135	0.506131	0.0231948	0.00323733	0.00305803	0.00747536	0.0819013	0.00443716	0.0187227	0.00393376	0.0187759	0.00399495	0.00716626	0.0133492	0.00364624	0.00679358	0.0929139	0.108553	0.0901949	0.000406941	0.0021138
136	0.415143	0.0257305	0.00447285	0.00697677	0.0218379	0.0648911	0.00746216	0.0189154	0.00997534	0.0228437	0.00918808	0.0106916	0.0105691	0.00652688	0.0090965	0.155646	0.113662	0.0785746	0.000677989	0.0071185
137	0.11641	0.00655623	0.0417374	0.102715	0.00563004	0.135672	0.00640548	0.00776517	0.0251644	0.175556	0.0222473	0.0246638	0.00593016	0.0424556	0.0789987	0.106717	0.00972036	0.0296707	0.0510274	0.00495773
138	0.0504428	0.00778823	0.00345697	0.0520478	0.00647659	0.0265106	0.00662326	0.0378943	0.130034	0.201927	0.0408989	0.00628332	0.0114596	0.267247	0.0564326	0.0191838	0.0299652	0.0402385	0.000993301	0.00409624
139	0.0235279	0.00263318	0.000360652	0.00141073	0.0477137	0.00523539	0.000689248	0.292152	0.000627424	0.151717	0.108094	0.000727537	0.00152965	0.0040803	0.0019255	0.00777861	0.0175813	0.330959	0.000131767	0.0011261
140	0.0278428	0.0343469	0.0147685	0.0132658	0.00632259	0.0788736	0.0634444	0.0119238	0.0252474	0.00957855	0.00591399	0.328859	0.0135904	0.0501322	0.0905039	0.118734	0.0589012	0.0372749	0.00129317	0.00918332
141	0.0360917	0.00647687	0.0528004	0.104406	0.00248544	0.030413	0.0253137	0.0102109	0.204814	0.0367503	0.0463162	0.0655891	0.00460378	0.080459	0.184372	0.0448319	0.0249722	0.027483	0.00144709	0.0101635
142	0.23852	0.0254052	0.0054437	0.01653	0.0158829	0.0344096	0.00744011	0.0254903	0.0243728	0.052028	0.023158	0.0208164	0.00746624	0.00561628	0.00640635	0.192937	0.133945	0.144609	0.00039827	0.0191244
143	0.0846736	0.00391592	0.00101982	0.0199824	0.0280828	0.00483016	0.00663349	0.200252	0.00467074	0.0927187	0.0430357	0.00401171	0.00868029	0.00301213	0.00478448	0.00996317	0.0306077	0.443806	0.000382111	0.00493701
144	0.396975	0.00628502	0.0420438	0.0229935	0.00596325	0.0916477	0.00548459	0.019397	0.0325184	0.0202448	0.00685073	0.0211902	0.0117921	0.0043173	0.0543093	0.080835	0.0691594	0.103824	0.0008932	0.00327624
145	0.123266	0.0100302	0.0015794	0.00701676	0.0513335	0.00959822	0.0103815	0.151624	0.0240651	0.139022	0.0692494	0.0149588	0.00822077	0.00870961	0.00782362	0.0328948	0.0593946	0.260382	0.000526862	0.00992232
146	0.0528089	0.00361788	0.000490317	0.00290296	0.0434886	0.0053263	0.00182568	0.252072	0.00397606	0.134199	0.108683	0.00237594	0.00211266	0.00400282	0.00230311	0.0107784	0.028099	0.339027	0.000173329	0.00173713
147	0.27087	0.0189357	0.00957583	0.0121581	0.00432402	0.234569	0.0155912	0.00445347	0.00406692	0.00655162	0.00688288	0.0376051	0.00792478	0.00509541	0.01153	0.288566	0.0467349	0.0114371	0.000589047	0.00253941
148	0.0856301	0.0157403	0.0224458	0.0164404	0.00446297	0.2271	0.00799037	0.00398888	0.00409671	0.00786232	0.00401154	0.0959187	0.00759184	0.00417298	0.010197	0.42353	0.0470381	0.00801175	0.000655802	0.00311387
149	0.11584	0.0544458	0.0146785	0.0450895	0.011821	0.0777318	0.0139119	0.0124074	0.0151404	0.0251058	0.00821244	0.0287265	0.0244799	0.0151874	0.0259609	0.415889	0.0552321	0.0273045	0.00230942	0.0105252
150	0.0471519	0.018728	0.0102844	0.0124509	0.074439	0.0144296	0.15762	0.0229214	0.0113485	0.0337009	0.00787697	0.101813	0.184988	0.0246119	0.0175873	0.11099	0.0419339	0.0236506	0.0026082	0.0808655
151	0.0290869	0.0227621	0.00415016	0.0156657	0.0766022	0.00945577	0.0349468	0.00736617	0.00739429	0.0252882	0.0146356	0.0288495	0.013855	0.024901	0.108829	0.0158825	0.0189586	0.0236143	0.471602	0.0461542
152	0.0150447	0.0128838	0.00233302	0.00753652	0.288256	0.00802928	0.0738369	0.0239371	0.00364663	0.114475	0.0175204	0.00918904	0.0064829	0.0125575	0.0360961	0.0485199	0.0199565	0.0342466	0.00981773	0.255635
153	0.0155912	0.00717021	0.392755	0.0635114	0.00494535	0.0570149	0.0097132	0.00518996	0.0720892	0.00832506	0.010921	0.0832736	0.0804693	0.015329	0.102122	0.0337825	0.0160874	0.0164504	0.000953396	0.00430614
154	0.107982	0.00850028	0.00294985	0.00832251	0.0372015	0.00795906	0.00671136	0.113369	0.0433927	0.06359	0.14094	0.0198721	0.00713985	0.00582601	0.0068032	0.0192673	0.0277172	0.352806	0.000806569	0.0188439
155	0.00651203	0.00613031	0.00177304	0.0030423	0.377762	0.0041932	0.0280137	0.0301055	0.00261047	0.183411	0.0161593	0.00332512	0.00258341	0.00492351	0.0238279	0.0345121	0.0150528	0.0300472	0.00696508	0.21905
156	0.0534339	0.0193095	0.134096	0.141018	0.00461609	0.207507	0.0145942	0.00786909	0.0635181	0.0200489	0.0108354	0.0454221	0.0266068	0.0468074	0.0896944	0.0470763	0.0281073	0.0311838	0.00178648	0.0064697
157	0.0318631	0.105668	0.00482159	0.00743413	0.00786261	0.047301	0.055023	0.0485082	0.0260214	0.0125756	0.00712065	0.195307	0.0353579	0.0308777	0.0442596	0.156777	0.0600769	0.0949421	0.00138862	0.0268143
158	0.0328173	0.0083479	0.211138	0.143405	0.00834788	0.0299001	0.0515028	0.0121329	0.0482524	0.0168461	0.019283	0.119045	0.0230431	0.0975291	0.0668911	0.0463687	0.0206892	0.0280058	0.000648529	0.0158061
159	0.0126314	0.00712928	0.0023518	0.00379442	0.425495	0.00579159	0.00843771	0.0458287	0.00263267	0.275658	0.0340746	0.00510668	0.00406359	0.00447386	0.014061	0.0218317	0.0234909	0.0459517	0.0111948	0.0460008
160	0.0547929	0.00831313	0.00309462	0.0168124	0.00755268	0.806233	0.00251014	0.00876266	0.00967818	0.0177294	0.00256151	0.00329789	0.00228672	0.0025319	0.0129667	0.0122569	0.00373071	0.02224	0.000426985	0.00222163
161	0.00699059	0.00775824	0.0020094	0.00310992	0.36745	0.00843479	0.00642621	0.0329528	0.00260415	0.294762	0.0340585	0.00319569	0.00483153	0.00341161	0.0115171	0.017156	0.0180424	0.0301125	0.11488	0.030296
162	0.053976	0.00897884	0.00344226	0.0197909	0.00789062	0.795117	0.00355497	0.00884986	0.0102115	0.01841	0.00214634	0.00347659	0.00256007	0.00420362	0.013083	0.014156	0.00448484	0.0220823	0.000535337	0.00304955
163	0.055834	0.0143746	0.00455479	0.0146279	0.00369406	0.0181843	0.015095	0.012215	0.355796	0.0234894	0.0136686	0.0184332	0.0322372	0.0600745	0.250579	0.0336417	0.0511854	0.0158589	0.00291476	0.00354145
164	0.080086	0.00645126	0.0028748	0.00584224	0.00411189	0.0403654	0.0116641	0.00460882	0.00403427	0.0361504	0.0112123	0.00463311	0.692403	0.0117532	0.00875026	0.0260388	0.0170853	0.0268745	0.000598495	0.00446134
165	0.102596	0.00369967	0.000546235	0.0134585	0.0285482	0.00446911	0.00334324	0.179164	0.0042095	0.0899203	0.0568849	0.00171393	0.00565709	0.00146652	0.00170395	0.00494555	0.0262663	0.470045	0.000184128	0.00117827
166	0.242159	0.0302291	0.00664379	0.00792795	0.00880253	0.16099	0.0299997	0.0318088	0.00922529	0.0144182	0.0059317	0.038181	0.0106953	0.0269051	0.0405271	0.0807454	0.19014	0.0564631	0.00165308	0.0065543
167	0.1109	0.00393375	0.000975791	0.0198619	0.024334	0.00429117	0.00682092	0.16479	0.00486974	0.0764171	0.0366755	0.00315491	0.0125372	0.00171897	0.00299322	0.00643182	0.0255298	0.490863	0.000330794	0.0025709
168	0.0464267	0.0182419	0.0269511	0.084166	0.0069384	0.0331547	0.023738	0.0188895	0.126489	0.0833558	0.0261732	0.0342339	0.020109	0.0997845	0.222914	0.0489788	0.031748	0.0342142	0.00411904	0.00937437
169	0.0965909	0.0144231	0.0140983	0.0398487	0.00858555	0.159954	0.0108441	0.00933494	0.0163291	0.0438889	0.0111483	0.0229877	0.068366	0.0110987	0.0205478	0.340374	0.0630198	0.0385031	0.00189415	0.00816262
170	0.118849	0.0104314	0.00602141	0.0155243	0.00878957	0.633346	0.00431685	0.0113288	0.00990816	0.020169	0.00514862	0.00772798	0.00524052	0.0038478	0.0122348	0.0583507	0.022517	0.0417925	0.000875991	0.00357926
171	0.118818	0.0208924	0.00273607	0.00978033	0.0177173	0.158382	0.0396892	0.0380221	0.0984928	0.030569	0.0388552	0.0147682	0.0444444	0.00730099	0.127463	0.0970375	0.0486893	0.052503	0.00101796	0.0328223
172	0.34551	0.00587068	0.028922	0.0286485	0.00452325	0.197784	0.00906227	0.00688154	0.0146871	0.0109136	0.0235723	0.0516923	0.0356797	0.00562156	0.0223658	0.136837	0.0458783	0.0209032	0.00103216	0.00361496
173	0.0683273	0.0106602	0.0775228	0.0100091	0.0392234	0.0381026	0.0887972	0.058945	0.00877365	0.0622151	0.00557774	0.316074	0.0181994	0.00924172	0.0123622	0.103986	0.0164338	0.0147452	0.00169754	0.0391064
174	0.0705191	0.0155964	0.0151715	0.0341409	0.0195896	0.0675492	0.0377009	0.0224446	0.201683	0.0384037	0.0384685	0.0409137	0.0120621	0.0298393	0.183479	0.0742465	0.0413632	0.0378251	0.00423642	0.0147673
175	0.045357	0.0353433	0.00111644	0.0128163	0.183862	0.0246338	0.0400835	0.0452583	0.00175731	0.16138	0.0964214	0.023968	0.00756991	0.00517018	0.0248179	0.0697601	0.0394928	0.0931745	0.012154	0.075864
176	0.0278063	0.00256794	0.360526	0.0531265	0.00263779	0.0603607	0.0483538	0.00278396	0.00576951	0.00423454	0.00323001	0.195027	0.0192785	0.0121398	0.0237835	0.128426	0.0352532	0.0119135	0.000529727	0.00225169
177	0.057746	0.00861208	0.00300486	0.0167393	0.00753859	0.797064	0.00299553	0.00933681	0.00971338	0.01783	0.00233097	0.00335784	0.00234355	0.00302555	0.0129328	0.0144019	0.00484187	0.0234261	0.000508485	0.00225055
178	0.0317783	0.00764993	0.0455447	0.0857197	0.00651565	0.0246474	0.0210105	0.0112552	0.211718	0.0310471	0.058493	0.0721267	0.0054703	0.0587727	0.203794	0.0433498	0.0341378	0.0286446	0.00677737	0.0115477
179	0.104792	0.00496357	0.00067818	0.00814736	0.0334399	0.00491952	0.00310816	0.187881	0.00728859	0.105562	0.0867033	0.00363481	0.00381823	0.00278849	0.00194149	0.00959902	0.0341628	0.39421	0.000223448	0.00213909
180	0.166244	0.013272	0.0155224	0.0448759	0.0181849	0.0146061	0.0214539	0.0501658	0.0412697	0.0340562	0.00991044	0.038067	0.00929782	0.0118324	0.00392494	0.131689	0.170032	0.176735	0.000496571	0.0283635
181	0.136498	0.0363214	0.00123158	0.00413814	0.0783035	0.0149307	0.00628075	0.0917114	0.00881249	0.211712	0.0801888	0.0138286	0.0105833	0.00374271	0.0050767	0.0651364	0.0268595	0.163662	0.000698416	0.0402837
182	0.011313	0.0108732	0.00232503	0.00396492	0.278077	0.00606844	0.0576286	0.0246683	0.00327606	0.07261	0.00276928	0.00395245	0.00473029	0.0100869	0.0279566	0.0587633	0.0176955	0.0289179	0.00237957	0.371943
183	0.0981003	0.0383319	0.0205279	0.0869582	0.00473921	0.0739107	0.0156439	0.0053526	0.0423203	0.019907	0.00442976	0.00675939	0.294557	0.12709	0.0760281	0.0480894	0.0183862	0.0103303	0.0010009	0.00753763
184	0.0556032	0.00834367	0.00242459	0.016672	0.00742831	0.807838	0.00252907	0.00893458	0.00961595	0.0180163	0.00201258	0.00285837	0.00232268	0.00262779	0.0128769	0.0115686	0.00363672	0.0220863	0.000471085	0.00213322
185	0.0690005	0.0205225	0.0191438	0.0194806	0.00347645	0.193834	0.00599455	0.00349348	0.00338242	0.00779448	0.00322343	0.0581121	0.00877606	0.00331834	0.00701723	0.49703	0.0648083	0.00829905	0.000563643	0.00272876
186	0.0213177	0.00235601	0.00040625	0.00135624	0.04905	0.00780954	0.0008263	0.267389	0.000782975	0.158186	0.13251	0.000882223	0.00223362	0.00342211	0.00180429	0.00690485	0.0169491	0.323514	0.000146549	0.00215412
187	0.119717	0.00518858	0.106167	0.268076	0.0035975	0.0697543	0.0236278	0.0195116	0.041673	0.0174292	0.00856785	0.0176413	0.0182856	0.0938098	0.03259	0.05307	0.0602283	0.0374127	0.000817632	0.00283506
188	0.092719	0.00452121	0.00057155	0.00871992	0.0390451	0.00458936	0.00260023	0.194608	0.00536701	0.112543	0.0713866	0.00221891	0.00399721	0.00208732	0.00183222	0.0080863	0.0256155	0.417547	0.000206385	0.00173833
189	0.0299535	0.00798909	0.0249316	0.0932672	0.0393603	0.0132501	0.302167	0.00707933	0.0217929	0.0344743	0.00694111	0.0457141	0.0146548	0.106772	0.0622843	0.0593013	0.01566	0.0487834	0.00115293	0.0644706
190	0.0314532	0.00271015	0.000433521	0.00217432	0.0482753	0.00530952	0.000965597	0.27195	0.00105995	0.151506	0.102984	0.000863983	0.00177091	0.00371205	0.00192148	0.00791152	0.0193235	0.344252	0.00013982	0.00128384
191	0.105779	0.0854415	0.002143	0.0135237	0.0531854	0.0501564	0.00415879	0.0323766	0.00524345	0.0601602	0.0257081	0.00791082	0.0147918	0.00421148	0.0234014	0.248087	0.12551	0.102099	0.000548496	0.0355642
192	0.00860889	0.00625674	0.000536148	0.000902349	0.055667	0.0046296	0.00427697	0.113071	0.000822881	0.612965	0.0390388	0.0010037	0.00186374	0.00190208	0.00592496	0.0138784	0.00549777	0.119911	0.000145007	0.00309776
193	0.0897473	0.0299918	0.0217362	0.0861045	0.00747894	0.00733675	0.00508248	0.0307614	0.0325412	0.126096	0.00535503	0.0247679	0.0769041	0.0240749	0.00992965	0.223203	0.116936	0.0592955	0.01602	0.00663699
