434	20
1	0.0644854	0.00624693	0.0224881	0.0360985	0.0645289	0.00495992	0.00916794	0.0873119	0.158784	0.101853	0.095542	0.0113437	0.00207777	0.0214589	0.0573674	0.0396794	0.0587253	0.116415	0.00161949	0.0398466
2	0.00709699	0.000210893	0.00122084	0.00102564	0.0227244	0.000309421	0.00199438	0.18056	0.000265182	0.647452	0.0434521	0.000483127	0.00345683	0.00472086	0.000416582	0.0060421	0.00768033	0.0692446	8.95507e-05	0.0015542
3	0.0272841	0.00349243	0.0320739	0.0588104	0.0111278	0.0222803	0.023712	0.0231907	0.105642	0.0256006	0.0179634	0.121289	0.0369929	0.0736133	0.0497723	0.0652763	0.200335	0.0596642	0.00362362	0.038256
4	0.0231796	0.00113263	0.000372893	0.0072849	0.00946076	0.00130149	0.000581763	0.363251	0.00134183	0.060505	0.0192709	0.0028005	0.00208822	0.00341702	0.00164775	0.00611242	0.0196206	0.473839	0.000567404	0.00222417
5	0.0495059	0.00482596	0.0242941	0.0449188	0.0102436	0.0129538	0.562101	0.00997068	0.0581733	0.0232965	0.0081814	0.0537567	0.0069056	0.0278395	0.0235982	0.0267391	0.0215233	0.0148757	0.00225049	0.0140468
6	0.00707642	0.000211021	0.00122289	0.00103092	0.0227047	0.000307686	0.00199668	0.180605	0.000276528	0.647621	0.0434453	0.000484324	0.00351077	0.00475132	0.000418569	0.006055	0.00773473	0.0688771	9.26505e-05	0.00157712
7	0.01014	0.000379396	0.000363287	0.0077348	0.0155748	0.000501509	0.000894515	0.410815	0.000498069	0.0543514	0.013873	0.00432162	0.000225318	0.00390865	0.00305989	0.00559409	0.0183112	0.445281	0.000253241	0.0039191
8	0.13302	0.0066144	0.00257254	0.000948031	0.000859031	0.00123269	0.00471343	0.00364633	0.00392548	0.00434702	0.000745511	0.00286685	0.726527	0.00650851	0.00483069	0.0628	0.0262306	0.0022013	0.00202027	0.00339043
9	0.0270294	0.00198325	0.00203526	0.00790684	0.00204347	0.00205367	0.0023501	0.00723555	0.00238916	0.00650843	0.00223184	0.0169734	0.00118248	0.0026372	0.0043965	0.529985	0.369354	0.00815785	0.000891072	0.00265512
10	0.0424261	0.0425443	0.0212123	0.0191216	0.0141885	0.0257106	0.51589	0.0123007	0.019331	0.0249371	0.0114461	0.0464098	0.0114764	0.0203611	0.0103339	0.0886497	0.0260941	0.0211192	0.00416745	0.0222797
11	0.00907048	0.0342936	0.260192	0.0198968	0.0135864	0.00932531	0.0140322	0.0225973	0.00962011	0.0107658	0.00614426	0.473268	0.00213245	0.0099063	0.0103621	0.0543182	0.0158726	0.011319	0.00143766	0.0118595
12	0.00486671	0.00045332	0.883233	0.0383113	0.00165434	0.0114308	0.00215537	0.00152525	0.00461513	0.00273223	0.00109452	0.0187832	0.00126418	0.00817566	0.00172524	0.00774086	0.00297141	0.00192986	0.000385395	0.00495206
13	0.189757	0.004228	0.00566206	0.0110295	0.0356117	0.0102124	0.00914848	0.0555273	0.0108793	0.143768	0.0196829	0.00874204	0.0555549	0.0111578	0.00421317	0.0675487	0.0488767	0.275733	0.00129592	0.0313717
14	0.0563866	0.00202241	0.00503994	0.0074524	0.00217604	0.0142246	0.00518435	0.0172997	0.00396403	0.0133207	0.00387631	0.0488584	0.00127082	0.00446052	0.00453169	0.35097	0.421663	0.0328043	0.000943425	0.00355166
15	0.0437522	0.00418518	0.000384123	0.000453083	0.00808926	0.00347939	0.00049245	0.16717	0.0039418	0.0916335	0.0201265	0.0019601	0.00799594	0.000679548	0.000418192	0.00187901	0.0149721	0.622887	0.00165018	0.00385016
16	0.0225847	0.000747735	0.503328	0.26288	0.0049862	0.0549625	0.00413032	0.00425436	0.0121324	0.0103864	0.00619155	0.0309356	0.00368671	0.0351682	0.0100031	0.0155609	0.00864991	0.00648656	0.000604356	0.00232046
17	0.022105	0.000468791	0.0794861	0.490542	0.00131925	0.0197167	0.006502	0.0142924	0.0385297	0.00683508	0.00990979	0.019284	0.0134385	0.19312	0.0249693	0.0270621	0.0251651	0.00564542	0.000338437	0.0012703
18	0.0135172	0.0028496	0.00514212	0.00795929	0.112737	0.00648289	0.0260639	0.00840678	0.00498583	0.0140613	0.00629993	0.0252602	0.00285546	0.0105	0.00665645	0.0354233	0.0173527	0.0134548	0.0195981	0.660393
19	0.00501536	0.000347285	0.000739936	0.00108138	0.129178	0.000814541	0.0104222	0.00108827	0.000803108	0.00235765	0.000908818	0.00138319	0.000469141	0.00488115	0.000945762	0.00384915	0.00526405	0.00453719	0.000470768	0.825443
20	0.00988312	0.00122709	0.00596126	0.0105854	0.248123	0.00645931	0.0302975	0.0431683	0.00707098	0.0376451	0.0444465	0.0111905	0.00609794	0.00913543	0.00472054	0.0353322	0.0523802	0.0395341	0.113879	0.282862
21	0.0428411	0.00212238	0.056701	0.136164	0.00818194	0.0602996	0.027442	0.0198848	0.173817	0.0250482	0.0227894	0.0819869	0.0115322	0.0979508	0.0796692	0.0456693	0.0589185	0.0327164	0.00380532	0.0124602
22	0.184584	0.00454975	0.0403744	0.0569134	0.00346488	0.0637168	0.0314376	0.0228625	0.0232129	0.0470997	0.017953	0.043804	0.00182986	0.0455637	0.0184654	0.218488	0.0793519	0.0595732	0.00519974	0.0315554
23	0.0238488	0.00130518	0.00877053	0.0408598	0.00532855	0.00504744	0.0596149	0.0247354	0.224734	0.0241119	0.00506928	0.327365	0.00197716	0.0398982	0.151025	0.0138872	0.0124067	0.0243888	0.00189104	0.00373495
24	0.0285949	0.00220767	0.0237792	0.0272592	0.00792639	0.0485535	0.0266278	0.00604068	0.0608185	0.0078039	0.0457055	0.395508	0.0416608	0.0123698	0.00612489	0.164327	0.0443791	0.0250984	0.00167519	0.0235391
25	0.0452792	0.00019838	0.0548391	0.0961298	0.011492	0.0438656	0.0370286	0.0251687	0.177804	0.030311	0.0190668	0.0912418	0.0135351	0.0864441	0.0906874	0.051161	0.0614218	0.0414146	0.00494173	0.0179693
26	0.207566	0.0226034	0.0509067	0.0401839	0.0141916	0.187936	0.01918	0.00784438	0.0139815	0.0165541	0.00626782	0.0540575	0.0223909	0.0425935	0.00673428	0.168924	0.0305552	0.0460342	0.00869605	0.0327983
27	0.103057	0.0529083	0.0788437	0.0526539	0.00927751	0.189069	0.0197191	0.00448129	0.0131643	0.0165005	0.00544872	0.065325	0.00596658	0.0456222	0.00342117	0.214604	0.0467893	0.0337776	0.0065857	0.0327856
28	0.0504907	0.00310429	0.00149883	0.0077501	0.0145044	0.00426297	0.00207398	0.238171	0.00403022	0.0612573	0.0199792	0.0045284	0.00357563	0.00598033	0.00529857	0.012273	0.0426286	0.510485	0.00136456	0.00674292
29	0.0163483	0.0192576	0.00767934	0.138705	0.0245691	0.00608791	0.0418483	0.0101943	0.107953	0.0375842	0.032212	0.0209227	0.00257427	0.264748	0.174815	0.0143914	0.0426093	0.0122212	0.00204429	0.0232354
30	0.00909186	0.0207382	0.0144486	0.0258724	0.127471	0.0227124	0.00941398	0.00510683	0.00421176	0.0200687	0.00428685	0.163215	0.00277694	0.00604408	0.0313829	0.0996716	0.0554003	0.0181825	0.00164579	0.358258
31	0.0285542	0.0156589	0.00315528	0.00979226	0.00712644	0.00319	0.00382579	0.431532	0.0102911	0.016478	0.0127374	0.00927501	0.00180053	0.0111931	0.0293024	0.0138858	0.0941013	0.286919	0.00446344	0.00671878
32	0.00731506	0.000323241	0.00134036	0.00117438	0.0238999	0.000417746	0.00233844	0.181376	0.000469401	0.64253	0.0438492	0.000733496	0.00396078	0.00566705	0.00076216	0.00628741	0.00803979	0.0665975	0.000292293	0.00262525
33	0.0219844	0.00482507	0.277021	0.0801167	0.00664177	0.0678409	0.0111057	0.0077206	0.0094736	0.0138575	0.00596868	0.167737	0.0125908	0.0287173	0.0106331	0.133239	0.127373	0.00729946	0.00156342	0.00429154
34	0.0299155	0.000577964	0.00152793	0.00901496	0.00158461	0.00283294	0.00217981	0.00964444	0.00170295	0.00783698	0.00195454	0.0247119	0.00092424	0.00204581	0.00375455	0.436288	0.450319	0.0107726	0.000558899	0.00185272
35	0.136819	0.00625174	0.0010227	0.00132634	0.00784038	0.00793006	0.000904904	0.154665	0.00199313	0.0509166	0.0298534	0.00331724	0.00284639	0.00552546	0.00113875	0.0186642	0.0420558	0.517972	0.000781461	0.00817532
36	0.00882252	0.000268618	0.000332291	0.00735357	0.0156637	0.000434173	0.00089816	0.404718	0.000498297	0.0570577	0.0147317	0.00483988	0.00025731	0.00406437	0.00249745	0.00494771	0.0171276	0.451458	0.000271154	0.00375823
37	0.060802	0.00263029	0.14952	0.165107	0.00905418	0.0290585	0.0319452	0.00944307	0.0326782	0.00894647	0.0151817	0.018617	0.158501	0.0782552	0.0170775	0.121143	0.0752254	0.0116131	0.000762291	0.004439
38	0.366256	0.0140347	0.00615431	0.139271	0.00278944	0.0196764	0.0036577	0.00451367	0.00428138	0.0195321	0.0041526	0.00736367	0.00310973	0.0863881	0.00342115	0.26636	0.0216072	0.00801361	0.00116219	0.0182554
39	0.0132399	0.00182049	0.00198477	0.00457264	0.0585345	0.00171949	0.00677141	0.159337	0.00333192	0.53925	0.0475371	0.00432236	0.00390167	0.0157376	0.00566317	0.011469	0.0129271	0.0959853	0.00237979	0.0095151
40	0.137195	0.000625533	0.034005	0.0738686	0.001281	0.00671973	0.0280621	0.00157551	0.222864	0.0320581	0.00977831	0.0474598	0.00857396	0.096234	0.153136	0.102619	0.0274315	0.00228831	0.000376643	0.0138472
41	0.00308003	0.00977899	0.22549	0.0186513	0.00620099	0.00761724	0.00820769	0.00688511	0.00642917	0.0076093	0.00941857	0.612851	0.000779387	0.00219641	0.0115031	0.0312025	0.00981748	0.014307	0.000580237	0.00739411
42	0.0756009	0.00151316	0.0109336	0.0689573	0.0090096	0.00800836	0.0119964	0.0133472	0.172502	0.0220319	0.00427803	0.0256607	0.316916	0.0787125	0.0472999	0.0967832	0.0238488	0.00470695	0.00315016	0.00474275
43	0.095743	0.0137872	0.166873	0.10828	0.000878776	0.029912	0.0242254	0.00578677	0.118043	0.0122662	0.00875182	0.149706	0.014827	0.0266731	0.0681041	0.102739	0.0408502	0.00421991	0.000463429	0.00787077
44	0.0102308	0.010604	0.00223286	0.0015221	0.00360583	0.00133698	0.0146187	0.007539	0.0296509	0.0048549	0.00134728	0.00414869	0.000721355	0.00422158	0.875846	0.002791	0.00727654	0.0146543	0.00147234	0.00132437
45	0.0104621	0.000522496	0.00213988	0.00889374	0.00189137	0.00704554	0.0328468	0.0181691	0.436497	0.0180282	0.0101112	0.00237604	0.000640357	0.0408491	0.318859	0.0138099	0.0662396	0.00747146	0.000442205	0.00270441
46	0.0113407	0.00313002	0.00155512	0.00808359	0.346633	0.00548346	0.0161373	0.0774522	0.00921018	0.226887	0.063089	0.00810249	0.00278757	0.0146903	0.0102215	0.012622	0.0214414	0.0848765	0.013173	0.0630832
47	0.0274882	0.00197061	0.000655095	0.0138576	0.00860858	0.00129197	0.000854166	0.388941	0.00111931	0.035462	0.0157561	0.00291039	0.000461365	0.00576361	0.00424293	0.0123538	0.0416006	0.433877	0.000505871	0.00227944
48	0.0100599	0.00359339	0.000711914	0.00475086	0.245519	0.00351412	0.0165516	0.0796632	0.00560929	0.355428	0.0665152	0.00720924	0.00236738	0.016422	0.0103868	0.0147132	0.0231946	0.0709821	0.0141219	0.048686
49	0.0875312	0.00139395	0.0115531	0.0622299	0.0365457	0.00490813	0.0604719	0.0239449	0.0916277	0.00786554	0.0195802	0.0103224	0.00196307	0.0721666	0.0222262	0.251169	0.106391	0.0322972	0.0444408	0.0513717
50	0.0164506	0.000816589	0.0202984	0.0227683	0.0086243	0.0090936	0.0335238	0.0213004	0.275536	0.0211935	0.0146674	0.016392	0.00109703	0.109075	0.349122	0.0283046	0.0295469	0.0125621	0.00236133	0.00726657
51	0.0122186	0.00138149	0.00555395	0.00959756	0.0359496	0.00382863	0.0103744	0.00698182	0.00503285	0.00772126	0.00652989	0.0263887	0.00453067	0.00483032	0.0161134	0.0304693	0.0175549	0.0208354	0.649594	0.124513
52	0.00688825	0.000726174	0.00455286	0.0101721	0.0896886	0.00333451	0.0132919	0.0122317	0.00264643	0.00985784	0.0120409	0.0154319	0.00593282	0.00371972	0.0062505	0.0232244	0.0214116	0.0198464	0.552921	0.18583
53	0.0452422	0.000187259	0.0547497	0.0961685	0.0106418	0.0442125	0.0357326	0.0250077	0.180879	0.0301436	0.0191588	0.0907239	0.0131089	0.0865035	0.0908583	0.0514369	0.0619732	0.0414907	0.0047667	0.0170143
54	0.0295806	0.00115694	0.000540659	0.000763087	0.056999	0.00136833	0.00337386	0.24641	0.006583	0.216775	0.0637139	0.00335478	0.00941037	0.00351849	0.00216682	0.00522093	0.0238618	0.301393	0.00969	0.0141197
55	0.0104181	0.000526651	0.00206069	0.00902598	0.00175675	0.0070259	0.0334411	0.0184707	0.433404	0.0178484	0.0101375	0.00243799	0.00063114	0.0405774	0.320952	0.0139948	0.0664821	0.00762062	0.000436915	0.0027518
56	0.0417202	0.000143872	0.0583626	0.10007	0.00717152	0.0429144	0.0250759	0.0206516	0.217532	0.0240833	0.0189733	0.0779703	0.0118246	0.0897474	0.095613	0.0402714	0.072873	0.0397373	0.00345341	0.0118107
57	0.0098029	0.00260063	0.00114167	0.00342307	0.22723	0.00269693	0.0315474	0.0490295	0.00555662	0.328721	0.0898491	0.010701	0.00172085	0.0161466	0.00946031	0.0230635	0.026606	0.0557521	0.00835372	0.0965976
58	0.0430539	0.00406001	0.000383082	0.000628847	0.00830609	0.00340582	0.000513427	0.173144	0.00382139	0.0907727	0.0200099	0.00197827	0.00787894	0.000749232	0.000458551	0.00201122	0.0150852	0.618229	0.00162969	0.00388003
59	0.0948433	0.012894	0.15805	0.108993	0.000882402	0.0271013	0.025253	0.00579337	0.12782	0.0132177	0.00852093	0.146286	0.0152518	0.0307314	0.07097	0.103374	0.0376885	0.00398912	0.000458084	0.00788102
60	0.0321325	0.00121421	0.0450776	0.0526561	0.0100426	0.0409063	0.0257196	0.0188618	0.279206	0.0280463	0.0138674	0.0420391	0.0068446	0.0764656	0.200687	0.035215	0.0496919	0.0254669	0.00431208	0.0115472
61	0.0129612	0.00670151	0.00397438	0.00756082	0.00441386	0.00436247	0.0123868	0.00571543	0.0154315	0.00841651	0.00512643	0.0067434	0.00263424	0.22895	0.63859	0.0092829	0.00985246	0.0113692	0.00149448	0.0040326
62	0.0108623	0.00302826	0.000998141	0.00239738	0.141889	0.00248784	0.00961602	0.14284	0.0038457	0.471777	0.0466431	0.00514822	0.00308175	0.0146365	0.00838804	0.0124745	0.0120598	0.0864083	0.005459	0.0159599
63	0.02858	0.00257636	0.0704054	0.42025	0.00161339	0.0145315	0.00838061	0.0118742	0.0302617	0.0103872	0.0099023	0.0198604	0.0105507	0.237502	0.0239692	0.0500708	0.0348295	0.0123186	0.000378722	0.00175754
64	0.010075	0.00448893	0.000930116	0.00568148	0.255339	0.00531933	0.0152859	0.120132	0.00488503	0.348174	0.0514515	0.00661719	0.00237434	0.0189532	0.0120704	0.0124891	0.0139081	0.0851868	0.00777333	0.018864
65	0.144391	0.00582264	0.0010405	0.00503071	0.00727971	0.00762091	0.000974353	0.261346	0.000857353	0.0307416	0.0213713	0.00334558	0.000557368	0.00647842	0.00148953	0.0226689	0.0490629	0.422211	0.000307411	0.0074029
66	0.0164475	0.00395968	0.0185554	0.0103295	0.0125513	0.127767	0.0480102	0.0396712	0.0107255	0.0650881	0.0103594	0.472969	0.00513234	0.00953452	0.0112561	0.0631976	0.0196223	0.0433932	0.00233732	0.0090926
67	0.0445562	0.00122264	0.00103695	0.00127321	0.00126848	0.920428	0.00134394	0.00128381	0.00115435	0.00208273	0.00100806	0.00203949	0.000921698	0.00141327	0.00334906	0.00927143	0.00256017	0.00215614	0.000410441	0.00122017
68	0.0295672	0.00106534	0.000804079	0.000971807	0.000918851	0.943845	0.00106754	0.00113923	0.000938765	0.00213565	0.000923375	0.00146388	0.000454909	0.00099162	0.00321794	0.00513398	0.00242509	0.00158931	0.000305059	0.00104183
69	0.00622931	0.000674674	0.00489233	0.0112624	0.115655	0.00349231	0.0136947	0.0155985	0.00298253	0.0138964	0.0165143	0.0137889	0.00645583	0.00366323	0.00539853	0.023209	0.0223316	0.0228731	0.503921	0.193467
70	0.0870345	0.100469	0.00567313	0.00588235	0.00638334	0.0072173	0.0106003	0.00730031	0.00551879	0.00996443	0.00571674	0.0219614	0.00438144	0.00812321	0.00656618	0.432455	0.120773	0.146001	0.00211054	0.00586831
71	0.0346613	0.00563984	0.0185868	0.0320404	0.0293331	0.0169911	0.0276573	0.0528186	0.0225586	0.132953	0.299198	0.0257448	0.0109123	0.128307	0.0235892	0.0432149	0.0387192	0.0374597	0.00396994	0.0156441
72	0.0474549	0.00297627	0.080743	0.00759983	0.0102072	0.0129443	0.185039	0.0189688	0.00775967	0.0221159	0.00567288	0.285716	0.00351559	0.00830319	0.00720082	0.226668	0.035208	0.00876608	0.0130643	0.0100762
73	0.00444179	0.000404857	0.893227	0.0381655	0.00121361	0.0115778	0.00193645	0.00135572	0.0041321	0.00240268	0.00108063	0.0144466	0.00114172	0.00740146	0.00127439	0.00654405	0.00249545	0.00177225	0.000378643	0.0046072
74	0.0793247	0.00304011	0.077945	0.414123	0.00716177	0.0264901	0.0123466	0.0251353	0.0341456	0.0150734	0.0137914	0.0260029	0.014102	0.109187	0.0224647	0.0544323	0.0364452	0.0189355	0.00196412	0.00788893
75	0.509278	0.00788849	0.00542836	0.0138181	0.00556158	0.215078	0.00771137	0.00694577	0.00626863	0.0059509	0.00355658	0.00908743	0.016379	0.00760969	0.00796613	0.128158	0.0167515	0.0200918	0.00183209	0.00463842
76	0.320955	0.0600478	0.0115302	0.00251442	0.00234518	0.0225973	0.0027168	0.00313696	0.00266602	0.00509004	0.00230483	0.0245755	0.0103586	0.00312513	0.00236012	0.0431997	0.379153	0.0973341	0.000772219	0.00321768
77	0.163677	0.0318039	0.00400365	0.00292832	0.00249814	0.00620503	0.00330082	0.00389563	0.00244534	0.00428025	0.00262657	0.00801471	0.065648	0.00372948	0.00259275	0.0433695	0.483979	0.161532	0.000779987	0.00269052
78	0.0264902	0.00487676	0.00970401	0.00961965	0.0493088	0.0101632	0.230033	0.00985918	0.00528987	0.0413698	0.00832728	0.240586	0.00348161	0.0152007	0.00938228	0.103223	0.0178627	0.0135056	0.00439306	0.187323
79	0.00666618	0.000887933	0.00383876	0.00796827	0.339234	0.00556409	0.0243272	0.024535	0.00882266	0.0816285	0.0434627	0.00995851	0.00430433	0.00758038	0.00654225	0.0254586	0.0364232	0.0330894	0.0872771	0.242431
80	0.137829	0.00227246	0.0347547	0.0431673	0.00568705	0.0431424	0.0920639	0.0483405	0.0147654	0.0283823	0.0378845	0.0620241	0.00326033	0.0453716	0.0113821	0.168825	0.0697682	0.117347	0.003293	0.0304403
81	0.0667178	0.0093389	0.227906	0.0462341	0.0231631	0.135398	0.0143775	0.0080884	0.00709275	0.011644	0.00494864	0.0341145	0.0301321	0.0184571	0.00575941	0.232168	0.0989474	0.0137232	0.00252777	0.00926102
82	0.0377603	0.000523839	0.00129412	0.0013422	0.0374955	0.00305526	0.00253731	0.35266	0.00415626	0.190871	0.133236	0.00310973	0.00343953	0.00232856	0.00185064	0.00889444	0.0333508	0.168057	0.00616302	0.00787435
83	0.0104101	0.000520181	0.000389175	0.00688344	0.0174016	0.000644924	0.00100678	0.389619	0.000679928	0.0569815	0.0147236	0.00525578	0.000610284	0.00368951	0.00256425	0.00507477	0.017859	0.460678	0.000362868	0.00464475
84	0.0488743	0.00438119	0.146644	0.185552	0.0118372	0.0283361	0.050981	0.0156056	0.0702545	0.0241621	0.0138708	0.0653819	0.0319324	0.0701268	0.0644076	0.0595025	0.0637805	0.0222991	0.00387136	0.0181988
85	0.0333636	0.00497166	0.0554663	0.230319	0.00869237	0.0201534	0.0208625	0.016235	0.0487132	0.0273727	0.0158578	0.0728627	0.00820667	0.248909	0.0512862	0.0530133	0.0447588	0.0255068	0.00209001	0.0113585
86	0.00516559	0.00104137	0.00192331	0.00330891	0.271803	0.00225793	0.0353452	0.00516853	0.00410968	0.212527	0.137545	0.0137875	0.00109137	0.0190668	0.0053302	0.0374482	0.0349175	0.0202227	0.00738554	0.180555
87	0.187077	0.00178114	0.00958125	0.00945563	0.00151802	0.0270639	0.00265806	0.00708568	0.00314799	0.0085291	0.00120894	0.0195638	0.00530523	0.00489827	0.00348782	0.389097	0.297925	0.0165396	0.000488175	0.0035886
88	0.0130852	0.00421494	0.000654328	0.00185714	0.142382	0.00294399	0.0145357	0.121744	0.00735476	0.43119	0.0534219	0.0082994	0.00310667	0.0178627	0.0161707	0.0144227	0.0136597	0.0971633	0.00771896	0.0282109
89	0.0295187	0.00129522	0.000792053	0.0010037	0.00100132	0.942164	0.0010624	0.00113569	0.000999393	0.00224914	0.000938206	0.00176779	0.000454124	0.00124747	0.00316217	0.00575305	0.00241776	0.00158951	0.00040286	0.00104558
90	0.0131188	0.00305041	0.00681141	0.00672124	0.26587	0.0128129	0.114221	0.0295987	0.00922028	0.22174	0.068645	0.0450208	0.0030323	0.0123733	0.0294287	0.0257759	0.0304964	0.0339198	0.00709453	0.0610491
91	0.0180771	0.000605643	0.0377925	0.0327229	0.0101302	0.00842793	0.0321409	0.019667	0.170727	0.017867	0.00768204	0.0267264	0.00060956	0.1456	0.410805	0.0310751	0.00618299	0.0165602	0.00385376	0.00274627
92	0.00731103	0.000745158	0.00173776	0.00653418	0.517222	0.00289961	0.0204056	0.0188405	0.0186692	0.0867664	0.0424208	0.00780776	0.000715786	0.00374201	0.0122201	0.00567365	0.0256027	0.0540798	0.0203529	0.146252
93	0.00710749	0.000209489	0.00121751	0.00103989	0.0226641	0.000308126	0.00199935	0.180671	0.000266467	0.647537	0.0434632	0.000489396	0.00350231	0.00474474	0.000416385	0.00602896	0.00772465	0.0689076	8.93382e-05	0.00161238
94	0.0452422	0.000187259	0.0547497	0.0961685	0.0106418	0.0442125	0.0357326	0.0250077	0.180879	0.0301436	0.0191588	0.0907239	0.0131089	0.0865035	0.0908583	0.0514369	0.0619732	0.0414907	0.0047667	0.0170143
95	0.0521794	0.00129143	0.0377727	0.0629324	0.0323533	0.00615429	0.0223595	0.154852	0.0484371	0.0999748	0.0546311	0.0206736	0.00185812	0.0583204	0.0522767	0.0503192	0.0704135	0.157047	0.000821324	0.0153313
96	0.130502	0.00589387	0.00331327	0.00126081	0.00109256	0.00129076	0.0043239	0.00330015	0.00440224	0.00556144	0.000823346	0.00264935	0.720478	0.00745513	0.00437639	0.0662211	0.0290979	0.00209036	0.00192124	0.00394658
97	0.0102466	0.00118783	0.00315501	0.017451	0.00337102	0.00565992	0.0371226	0.0140364	0.332801	0.0401768	0.0175268	0.00503039	0.00100704	0.0386739	0.322288	0.0285584	0.0934002	0.0233096	0.000919481	0.00407786
98	0.187299	0.00699058	0.00137727	0.00178526	0.00973536	0.0124497	0.0011715	0.152695	0.00113008	0.0278137	0.0261335	0.00407187	0.00087802	0.00789068	0.00146331	0.0281714	0.0555199	0.459471	0.000465841	0.0134866
99	0.465537	0.0101839	0.00137222	0.0115181	0.00723448	0.292175	0.00538704	0.00403678	0.0049151	0.00652505	0.00296937	0.00735469	0.0119789	0.00518249	0.00718225	0.113622	0.0181765	0.0199412	0.00195779	0.00275058
100	0.0116787	0.000940473	0.00455071	0.00895029	0.0303685	0.00253475	0.00928926	0.00537327	0.00304733	0.00605104	0.00641096	0.025525	0.00369625	0.00323372	0.0101979	0.02211	0.0167662	0.0222818	0.691669	0.115324
101	0.070285	0.00371126	0.0152603	0.0170823	0.0133789	0.00890859	0.447532	0.0103629	0.0269773	0.0278583	0.0201734	0.0429319	0.00407403	0.182769	0.0202714	0.0266063	0.0218269	0.0194425	0.00788709	0.0126601
102	0.0451102	0.00206168	0.00136941	0.00468057	0.020024	0.00300118	0.001978	0.341256	0.00309912	0.129051	0.0499661	0.00360215	0.00390174	0.00434707	0.00279896	0.00778687	0.0241831	0.343015	0.00294011	0.00582794
103	0.00447325	0.00040329	0.891368	0.0383012	0.00122933	0.0115015	0.00194032	0.00144456	0.00414974	0.0024201	0.001082	0.0152313	0.00116917	0.00744238	0.00130588	0.00701027	0.00281276	0.00178505	0.000377783	0.0045522
104	0.131338	0.00583511	0.00383636	0.00159036	0.00137822	0.00119346	0.00398377	0.00381963	0.00366622	0.00623327	0.00101908	0.00207738	0.69482	0.00904158	0.00392314	0.0674731	0.0474644	0.00397924	0.00256432	0.00476313
105	0.00451798	0.000755171	0.00603501	0.0036752	0.595263	0.00407021	0.00785903	0.0163054	0.00599251	0.02986	0.013428	0.00474422	0.000789078	0.00297413	0.00382603	0.00502752	0.00950786	0.0167008	0.0146253	0.254043
106	0.029188	0.00133177	0.000991928	0.0013018	0.000956553	0.941631	0.00118803	0.00113258	0.000938424	0.00232844	0.00100271	0.00190945	0.000456954	0.00124497	0.00327663	0.00556477	0.00257474	0.0016076	0.000320326	0.00105367
107	0.0459436	0.00836599	0.0181801	0.0183364	0.0111294	0.00722024	0.704469	0.00713761	0.0220108	0.0237994	0.00573174	0.0350636	0.00425648	0.0172945	0.00556863	0.0263101	0.0107321	0.0141553	0.001469	0.0128256
108	0.255237	0.00682992	0.0109949	0.0104942	0.00393576	0.0313148	0.0068432	0.00617766	0.00961918	0.00934377	0.00352174	0.0240277	0.0197631	0.0122944	0.00700275	0.46052	0.0929329	0.0212888	0.00149215	0.00636546
109	0.142699	0.000686742	0.0296822	0.0655178	0.00238715	0.00740395	0.0262975	0.00313966	0.215704	0.0348299	0.00952588	0.0513684	0.0103944	0.091506	0.148509	0.114877	0.0269708	0.00342958	0.000878708	0.0141925
110	0.058684	0.00126932	0.0436344	0.0773975	0.0362247	0.00664215	0.0221715	0.13861	0.0432252	0.0946547	0.0438844	0.021546	0.00381531	0.0599587	0.0368857	0.0514837	0.0828958	0.160014	0.00178182	0.0152216
111	0.0178668	0.00204978	0.00492284	0.00858839	0.00941869	0.00528987	0.160186	0.0293267	0.00559579	0.0628272	0.118535	0.0309067	0.00281868	0.393103	0.0127672	0.0368852	0.0510148	0.0380685	0.0027457	0.00708395
112	0.535644	0.0075481	0.00222767	0.0117439	0.00409622	0.212791	0.00540866	0.00540628	0.00571872	0.00389609	0.00157748	0.00502929	0.0217272	0.00411134	0.0066755	0.134953	0.00912818	0.0185142	0.000992508	0.00281035
113	0.152956	0.00259624	0.040843	0.0449222	0.0300092	0.0213607	0.018931	0.0174488	0.0182912	0.0606134	0.0119535	0.0902891	0.00548791	0.021698	0.0381481	0.191568	0.127164	0.0323028	0.0277246	0.0456919
114	0.00994162	0.00094763	0.00187312	0.00463373	0.0174606	0.000914786	0.00565087	0.172006	0.000769122	0.612539	0.0881435	0.00131485	0.00343589	0.00595901	0.000976528	0.0106409	0.0103277	0.0502755	0.000225729	0.00196313
115	0.00620976	0.0011144	0.00224883	0.00327634	0.271101	0.00257067	0.0336309	0.00582788	0.00400997	0.21318	0.135472	0.0136325	0.00119227	0.0199292	0.00508797	0.0414757	0.0332635	0.0221649	0.00715947	0.177453
116	0.335295	0.00786919	0.00933189	0.00782831	0.0130599	0.326478	0.0149376	0.0041905	0.00867799	0.00654118	0.00514473	0.0346374	0.00862128	0.0181146	0.00540761	0.15339	0.00946088	0.0118446	0.00737493	0.0117939
117	0.0128669	0.00505225	0.000448486	0.00303469	0.152806	0.00274044	0.0132244	0.111812	0.00549898	0.442156	0.0541219	0.00659613	0.00292787	0.0193066	0.0117593	0.0144947	0.0146673	0.0982259	0.00593864	0.0223209
118	0.00835042	0.000796018	0.00229842	0.00630755	0.518838	0.00318197	0.0204494	0.0194076	0.0181666	0.0768923	0.0376849	0.0080265	0.000933036	0.00334144	0.0113962	0.00613583	0.023706	0.0575055	0.0187396	0.157842
119	0.0113578	0.00426114	0.000486754	0.00300992	0.194188	0.00365134	0.0124301	0.122184	0.00542479	0.400279	0.0496239	0.00644259	0.00292861	0.0197695	0.0123873	0.0132814	0.0134311	0.0969081	0.00739663	0.0205578
120	0.281196	0.0107945	0.0114045	0.00721294	0.0211703	0.361358	0.0119374	0.00436001	0.00995779	0.00775981	0.00897084	0.0471025	0.00732387	0.0247689	0.00550964	0.134529	0.0104054	0.0106837	0.0121701	0.0113852
121	0.0114002	0.0102345	0.0033839	0.00301341	0.00393901	0.00246263	0.0151182	0.00796407	0.032322	0.00630369	0.00213216	0.00557123	0.000977423	0.00732302	0.857096	0.00393724	0.00865227	0.0145284	0.00159517	0.00204511
122	0.0652431	0.000712019	0.00157996	0.00181016	0.00810365	0.00740351	0.00204238	0.525631	0.00183234	0.111259	0.129412	0.00244405	0.00105657	0.00230755	0.00180935	0.00552279	0.0224996	0.106613	0.000722483	0.00199518
123	0.0417754	0.00662306	0.127324	0.032585	0.0207918	0.0719086	0.323139	0.0196592	0.0217871	0.0276287	0.0173265	0.0415864	0.0667969	0.0262263	0.022879	0.0445343	0.0341406	0.0240896	0.00547539	0.0237239
124	0.0132933	0.000866599	0.0119366	0.00727897	0.127125	0.00411969	0.11183	0.0267915	0.0165423	0.0140591	0.0167871	0.0281199	0.00997773	0.028222	0.00340088	0.0405398	0.0130761	0.0289295	0.0916914	0.405412
125	0.013547	0.00273851	0.085078	0.25449	0.00499519	0.00675075	0.00797074	0.00593328	0.00726325	0.0710791	0.00525704	0.0832587	0.00317636	0.186749	0.127044	0.017565	0.0355851	0.0540957	0.00240795	0.0250156
126	0.0743531	0.00110894	0.0302768	0.141071	0.00355666	0.0743763	0.00384124	0.00413532	0.014975	0.016952	0.014794	0.161895	0.00166793	0.0750066	0.0380584	0.0895472	0.245438	0.00475841	0.00118448	0.00300337
127	0.0645028	0.0227611	0.00425455	0.00589824	0.0643358	0.0439307	0.00591646	0.00618676	0.00497728	0.344305	0.256565	0.00767441	0.0634081	0.0264959	0.0438428	0.0104112	0.0101645	0.00798063	0.00173237	0.00465642
128	0.022989	0.000902628	0.0799041	0.47608	0.0015264	0.0177552	0.00673488	0.0131348	0.035878	0.00901038	0.009595	0.0208133	0.0126113	0.20081	0.0258863	0.0287467	0.0279446	0.0076176	0.000325984	0.00173332
129	0.00737365	0.00358162	0.00284962	0.0273883	0.434953	0.0160645	0.0193663	0.069443	0.00581627	0.120777	0.0801314	0.00638216	0.00153315	0.0281574	0.00666434	0.00882954	0.0368256	0.0759927	0.0204534	0.0274179
130	0.0198116	0.000257719	0.000516129	0.00068157	0.0555652	0.000705173	0.0030756	0.30604	0.00616298	0.20948	0.0682472	0.00315232	0.00513723	0.00197247	0.00125499	0.00451809	0.0215716	0.263818	0.0122873	0.0157446
131	0.0109824	0.000911041	0.00442605	0.00925876	0.0289186	0.002114	0.00926798	0.00497577	0.00204294	0.00591311	0.00616026	0.026143	0.00413009	0.00290554	0.00950152	0.0213708	0.01531	0.0211121	0.69759	0.116966
132	0.0178524	0.00064261	0.0376468	0.0323128	0.0102355	0.0080249	0.0323582	0.019514	0.170144	0.0178037	0.00760929	0.0261034	0.000500222	0.146789	0.413237	0.0308751	0.00558168	0.0163157	0.00381776	0.00263549
133	0.0109519	0.00164434	0.0257855	0.00744265	0.117666	0.0774607	0.146505	0.0354743	0.0174221	0.132465	0.0215605	0.140326	0.00663164	0.00344798	0.0202507	0.0797681	0.0974531	0.036742	0.00109052	0.0199127
134	0.00603354	0.000522289	0.00136092	0.00165434	0.122867	0.00125087	0.0172402	0.00257373	0.0018607	0.00352591	0.00179915	0.00471781	0.00107387	0.00599062	0.00125766	0.0065888	0.00651676	0.00603487	0.00920269	0.797928
135	0.0923742	0.0526807	0.0658556	0.0460499	0.0101805	0.186765	0.0219663	0.00400489	0.0155468	0.0169743	0.00405119	0.0757294	0.00555386	0.0464981	0.00274773	0.224978	0.0465118	0.0389063	0.00803931	0.0345856
136	0.257999	0.0041154	0.0174066	0.00278096	0.00218563	0.0028208	0.00448512	0.00442279	0.00371317	0.00621337	0.0025177	0.00538502	0.489705	0.00761973	0.00419361	0.103333	0.0520037	0.00549682	0.00156473	0.0220377
137	0.116654	0.00572655	0.00886407	0.0114562	0.00735362	0.00551144	0.00889677	0.0332283	0.0147872	0.027926	0.00567356	0.0139441	0.54044	0.0167602	0.0110281	0.0535026	0.0769913	0.0109674	0.0234621	0.00682624
138	0.0676699	0.00583333	0.147048	0.121588	0.00653271	0.0213766	0.0254918	0.00618848	0.0371263	0.0106799	0.0112977	0.0340876	0.249985	0.03	0.0186929	0.130511	0.0613849	0.00669897	0.000292747	0.00751302
139	0.00515356	0.000988583	0.00190767	0.0034466	0.280267	0.00226148	0.0339776	0.00490483	0.00471841	0.208936	0.134742	0.0136016	0.00107493	0.0184005	0.00519169	0.0353347	0.0331432	0.0202232	0.00742085	0.184306
140	0.0732652	0.0839701	0.0976377	0.0685261	0.00593228	0.109026	0.0334871	0.00519073	0.0415674	0.0146234	0.00670593	0.12051	0.00615581	0.0488103	0.0174186	0.156982	0.0441542	0.0273117	0.00436136	0.0343639
141	0.00440562	0.000622757	0.00511832	0.0088925	0.45588	0.0088242	0.00858003	0.0216771	0.00452645	0.0285976	0.0140538	0.0054905	0.0053589	0.00313895	0.0036605	0.018676	0.0185988	0.017354	0.0963092	0.270235
142	0.0193033	0.000784834	0.600226	0.207866	0.00455612	0.0513055	0.00440695	0.00266704	0.00800855	0.00934542	0.00506922	0.0289142	0.00249453	0.015905	0.0063886	0.0167202	0.00709726	0.0057057	0.000521974	0.00271343
143	0.0548833	0.00129901	0.0384227	0.050907	0.0291693	0.0160331	0.0157422	0.212207	0.0263804	0.0863679	0.0373003	0.019286	0.00163655	0.0512915	0.0470907	0.0486971	0.0557826	0.193609	0.000852957	0.0130405
144	0.0159119	0.00127269	0.0356971	0.0133615	0.102651	0.0705846	0.0664289	0.0322567	0.0380123	0.191041	0.0189175	0.120536	0.012497	0.00327517	0.0182176	0.107386	0.0790681	0.0533559	0.0009114	0.0186167
145	0.0946979	0.0137762	0.165502	0.108807	0.00088488	0.029385	0.0247349	0.00580132	0.118135	0.0126204	0.00912522	0.149865	0.0147458	0.0271281	0.0682704	0.103167	0.0403495	0.00437196	0.000492448	0.00813959
146	0.044734	0.00574754	0.0383278	0.0187687	0.0593021	0.0055485	0.00861348	0.126152	0.0445001	0.140659	0.165694	0.0302838	0.00264959	0.0206503	0.0481193	0.135314	0.029427	0.0562474	0.00170638	0.0175554
147	0.0541219	0.00122244	0.0676653	0.147069	0.0882841	0.0225864	0.116851	0.0109656	0.0272873	0.0298035	0.00900168	0.053494	0.0651654	0.0392066	0.0570989	0.0271773	0.0401659	0.0233907	0.00919964	0.110243
148	0.0625665	0.00226691	0.331347	0.270368	0.0145974	0.142201	0.0069502	0.00381979	0.015873	0.0225815	0.01528	0.0342748	0.00172577	0.00810427	0.0170876	0.0219024	0.00656064	0.017901	0.00117305	0.00341895
149	0.00801948	0.0117567	0.0181615	0.0348439	0.137315	0.0136244	0.00651906	0.00484518	0.00357082	0.0220302	0.00338592	0.143101	0.00208566	0.00499736	0.0282985	0.0654951	0.061507	0.0219923	0.00171511	0.406736
150	0.0368207	0.00957503	0.185568	0.0508071	0.0106883	0.033374	0.0176854	0.00987983	0.0403472	0.0154103	0.00966552	0.364226	0.00805808	0.0201105	0.0405213	0.0722749	0.027219	0.014746	0.00233234	0.0306904
151	0.0469748	0.00416111	0.000431242	0.000458748	0.00800158	0.00360936	0.00053587	0.167663	0.00383282	0.0944173	0.0198639	0.00210207	0.00790741	0.000822286	0.000423562	0.00187736	0.0152604	0.615938	0.00176331	0.00395652
152	0.0137598	0.000496456	0.000810499	0.00881532	0.0117388	0.000737487	0.00111714	0.396074	0.000978023	0.0615217	0.0140983	0.00402868	0.000528648	0.00534589	0.00228358	0.00649234	0.019948	0.447966	0.000273544	0.00298572
153	0.0290466	0.000572938	0.000749796	0.000915608	0.0555477	0.00173983	0.00314213	0.294355	0.00521898	0.239363	0.120038	0.00304364	0.00553302	0.00332163	0.00202081	0.00616969	0.0237937	0.18504	0.0087437	0.0116429
154	0.0226027	0.00022153	0.000549232	0.000614998	0.0608155	0.000713604	0.00344477	0.2958	0.00665539	0.225709	0.0719149	0.00308706	0.00626567	0.00218248	0.00134227	0.00485455	0.0228955	0.239607	0.0137949	0.0169291
155	0.144741	0.0021783	0.00587038	0.0071592	0.00659547	0.00621928	0.00796449	0.0106326	0.00603321	0.199519	0.006131	0.0342719	0.426768	0.00879609	0.00687672	0.0158853	0.0833513	0.0110125	0.00343792	0.00655614
156	0.0125532	0.0149016	0.00395553	0.00923501	0.28663	0.0076814	0.0167343	0.0935957	0.00769577	0.27295	0.0829993	0.00976866	0.00330871	0.0174923	0.0116751	0.0161092	0.0207376	0.0726236	0.00928258	0.0300702
157	0.0308247	0.00129002	0.000800412	0.00104478	0.000995496	0.938746	0.00111556	0.00118278	0.00101282	0.00252408	0.000976752	0.00186957	0.000530916	0.00133522	0.00327199	0.00663251	0.00263017	0.00172446	0.000365947	0.00112614
158	0.0500775	0.0567778	0.140326	0.129754	0.00350911	0.274221	0.0101047	0.0037313	0.00492094	0.014045	0.0225875	0.0908759	0.0022566	0.0384002	0.00542963	0.096931	0.0349255	0.0127063	0.00149052	0.00692994
159	0.0050692	0.000627734	0.883876	0.038698	0.00130877	0.0117289	0.00198373	0.00197688	0.00415591	0.00258967	0.00125735	0.0198985	0.00118652	0.00733638	0.00145908	0.00668266	0.00265969	0.00238876	0.000412177	0.00470383
160	0.012016	0.00202189	0.00385678	0.0098843	0.465049	0.00583715	0.0173486	0.0501341	0.0132077	0.106322	0.0422159	0.0103193	0.00206773	0.00888995	0.0106316	0.00955355	0.0240086	0.0806148	0.0163121	0.109709
161	0.085649	0.00142371	0.00429876	0.0196098	0.00387167	0.00442549	0.121671	0.00461935	0.0374217	0.00621464	0.0315606	0.151876	0.00171068	0.194477	0.0712593	0.0965342	0.152796	0.00580296	0.00123891	0.00353878
162	0.00431461	0.000525356	0.00369199	0.00225792	0.385981	0.00267077	0.00755738	0.00942142	0.00356448	0.0135651	0.00545096	0.00295457	0.000698497	0.00346013	0.00233882	0.00389476	0.00655737	0.0093992	0.00816045	0.523536
163	0.0428094	0.00200482	0.0346677	0.104144	0.0197176	0.0305815	0.00740585	0.0433459	0.0424971	0.0750659	0.0803194	0.0145973	0.00232252	0.323007	0.0411409	0.0730207	0.0316099	0.0150396	0.00152741	0.015176
164	0.0689949	0.00161113	0.037827	0.0285751	0.0456248	0.00492617	0.0298431	0.00569472	0.00738706	0.0278317	0.00471989	0.38275	0.00282819	0.101659	0.0258571	0.0597189	0.0107133	0.0455575	0.0018268	0.106053
165	0.415286	0.00707241	0.00427643	0.0113336	0.00231708	0.0221075	0.00324489	0.00373672	0.00297004	0.00451914	0.00209062	0.00787949	0.032267	0.0118951	0.00296814	0.40658	0.0446789	0.010616	0.000859935	0.00330141
166	0.0541414	0.000609764	0.0616371	0.121784	0.0206976	0.0295358	0.0879129	0.0238718	0.0742306	0.0369416	0.0172454	0.100179	0.0313274	0.070377	0.0806199	0.0513007	0.0437526	0.026571	0.0117858	0.055479
167	0.0167862	0.00119137	0.00374383	0.00624185	0.0191945	0.00304393	0.0168256	0.00465151	0.00260914	0.0055469	0.00543195	0.0547102	0.00294759	0.00416541	0.00869897	0.0249362	0.0196738	0.0252411	0.636158	0.138202
168	0.00381193	0.000778022	0.00723954	0.00251025	0.62867	0.00383157	0.0034545	0.0160792	0.00323909	0.0145947	0.00444718	0.00325009	0.000851378	0.00213481	0.00244186	0.00375712	0.00507779	0.00757442	0.0117185	0.274538
169	0.0425906	0.000136464	0.0562082	0.096584	0.00788709	0.0438595	0.0283602	0.0231213	0.207301	0.0253608	0.0181478	0.0790515	0.0116367	0.0839321	0.095533	0.0454839	0.074047	0.0437192	0.00413068	0.0129087
170	0.0248595	0.00228959	0.0191443	0.0599474	0.0359481	0.0156014	0.0166079	0.00803938	0.0435132	0.0144626	0.0113159	0.411343	0.0112422	0.0854802	0.0144484	0.136041	0.053942	0.0155548	0.00278699	0.0174324
171	0.00924337	0.00117431	0.00322063	0.0048263	0.00416374	0.00292922	0.00426938	0.105002	0.00247738	0.361388	0.428384	0.00412403	0.00183885	0.0172016	0.00330206	0.0193771	0.0185931	0.00489347	0.000880979	0.00271084
172	0.013657	0.000398935	0.717488	0.141758	0.00328949	0.0325104	0.00260087	0.00225557	0.00707844	0.00597634	0.00300579	0.0250139	0.00314035	0.0123241	0.00460712	0.0120196	0.00530157	0.00387626	0.000435553	0.00326228
173	0.0197353	0.000830323	0.00856416	0.0137162	0.00644186	0.0109741	0.0280432	0.0159489	0.35405	0.0415759	0.011823	0.00821108	0.00110917	0.0647675	0.325418	0.0211821	0.0476497	0.0104485	0.00179676	0.0077144
174	0.0072061	0.0003045	0.00123188	0.0010359	0.0242259	0.000346472	0.00212398	0.179175	0.000345594	0.646004	0.0434854	0.000592461	0.00343065	0.0049529	0.000554743	0.00616861	0.00780858	0.0690477	0.000147498	0.00181234
175	0.0250646	0.000970776	0.00102894	0.00230836	0.0384377	0.001644	0.00261655	0.301234	0.00414885	0.195839	0.0589533	0.00335442	0.00451324	0.00351122	0.0022059	0.00584271	0.0212987	0.311373	0.00575298	0.00990188
176	0.141441	0.000496402	0.0297808	0.0674804	0.0018928	0.00652554	0.0317844	0.00162759	0.217812	0.0318818	0.00954275	0.0465634	0.00835743	0.0927818	0.163533	0.100325	0.0277247	0.00281299	0.00051174	0.017125
177	0.077867	0.00283067	0.00638498	0.00715611	0.0125344	0.0315991	0.282762	0.0298966	0.00785339	0.0815914	0.0276438	0.0742972	0.00299695	0.00840647	0.00769753	0.0648459	0.0332319	0.011703	0.00232761	0.226374
178	0.200775	0.00695232	0.00145992	0.00170332	0.010057	0.0144575	0.00143874	0.156117	0.00113084	0.0252915	0.0283597	0.00446871	0.000773063	0.00839582	0.00151022	0.0271015	0.0595719	0.437929	0.000421336	0.0120858
179	0.0394967	0.00164084	0.0403917	0.121011	0.00737456	0.0272362	0.0249994	0.0151688	0.207809	0.0261961	0.0218865	0.103847	0.00877237	0.115226	0.105493	0.0363466	0.0569604	0.0275244	0.0024406	0.0101777
180	0.0768881	0.00162153	0.0629966	0.0444623	0.00816439	0.0241894	0.00398721	0.0285331	0.0917808	0.114386	0.0877444	0.0317021	0.00183304	0.253177	0.0109296	0.0928222	0.0374235	0.0194769	0.00125242	0.0066296
181	0.0445685	0.000167226	0.0552986	0.0948435	0.00941771	0.0451552	0.0320507	0.0235422	0.191555	0.0286207	0.0187743	0.0880094	0.0128561	0.0865766	0.0932258	0.0494957	0.0647626	0.0413628	0.00426629	0.0154516
182	0.00485859	0.000367877	0.0005401	0.00122233	0.0510874	0.000702902	0.00326396	0.31116	0.00128234	0.0774165	0.0223685	0.00659253	0.000664487	0.00142079	0.0031969	0.00426329	0.0154279	0.474847	0.00213026	0.0171856
183	0.0214234	0.00218054	0.0283142	0.0368102	0.00577537	0.0163688	0.287767	0.0283408	0.0986563	0.0101515	0.0107455	0.202774	0.00359304	0.022847	0.0834213	0.0394573	0.0836412	0.00995585	0.00200652	0.00577076
184	0.172098	0.00899238	0.00114918	0.00089281	0.00690354	0.00786572	0.000930011	0.157513	0.00131402	0.0687904	0.0262623	0.00489647	0.00257641	0.00660269	0.000860084	0.0180278	0.039585	0.466708	0.000648775	0.00738374
185	0.0107349	0.00436503	0.000587697	0.00344632	0.209414	0.00438569	0.012283	0.12207	0.00525814	0.386372	0.0497742	0.00630858	0.00280708	0.0207504	0.0129902	0.0133988	0.0130683	0.0951268	0.0067576	0.0201017
186	0.0049245	0.000491977	0.00129957	0.00131369	0.155438	0.0011144	0.0101913	0.00182443	0.000963713	0.00418846	0.00161604	0.00261832	0.000490262	0.00479822	0.00113447	0.00447714	0.00583856	0.00482615	0.00142611	0.791025
187	0.121187	0.00690451	0.0124515	0.0117052	0.00764881	0.0311059	0.012218	0.0104054	0.0125738	0.0122323	0.00666933	0.0357848	0.0106972	0.0139088	0.0100717	0.516788	0.13239	0.0228902	0.00312475	0.00924333
188	0.0608572	0.000945202	0.00960795	0.0127241	0.00237865	0.0220946	0.00818164	0.0256973	0.00928631	0.0192772	0.00778451	0.0741397	0.00293405	0.0103852	0.00820348	0.247584	0.429421	0.0426899	0.000683251	0.00512547
189	0.135396	0.00341203	0.00663407	0.00798053	0.0129426	0.0087759	0.00849385	0.0163117	0.00780814	0.228558	0.0179339	0.030507	0.378045	0.0107073	0.00913619	0.0193607	0.0667165	0.0191335	0.00382065	0.0083256
190	0.257928	0.00107985	0.0215642	0.00728238	0.0013944	0.0579375	0.00240532	0.0070367	0.0042209	0.014823	0.00107633	0.0277463	0.000721544	0.00547808	0.00419375	0.310325	0.237537	0.0283889	0.000446494	0.0084138
191	0.0529228	0.023703	0.0440435	0.0407745	0.0504213	0.00521544	0.0119879	0.104188	0.0621727	0.13488	0.123461	0.0156227	0.00188501	0.0272179	0.0589197	0.040538	0.0658099	0.0936765	0.00142371	0.0411367
