342	20
1	0.00745336	0.0101426	0.000541619	0.000539526	0.0386766	0.00417625	0.00138098	0.132858	0.000778481	0.58805	0.109827	0.00180901	0.000249492	0.00202223	0.000570879	0.00562746	0.0121005	0.0746755	0.000156849	0.00836315
2	0.0227289	0.00238315	0.0056894	0.00512992	0.016491	0.00537828	0.0310162	0.00717311	0.631252	0.0229957	0.00653344	0.00551804	0.00151106	0.0649601	0.118909	0.0113114	0.00652333	0.00427751	0.000997976	0.0292197
3	0.0902269	0.00700657	0.197375	0.410994	0.00163464	0.0398214	0.0107911	0.00628487	0.0432376	0.0216764	0.00141843	0.0106733	0.0139451	0.0613872	0.0058921	0.0302803	0.0379158	0.00173097	0.00046072	0.00724786
4	0.156139	0.00370392	0.00392888	0.0816759	0.0200426	0.00457308	0.00473198	0.0537683	0.136914	0.0391565	0.00572143	0.00558052	0.00183726	0.0393233	0.169396	0.0266728	0.121065	0.118277	0.00135304	0.00613837
5	0.00762262	0.0121284	0.000333445	0.000475968	0.0474569	0.00383114	0.00139303	0.107532	0.00071914	0.588976	0.128434	0.000574707	0.000212933	0.00153786	0.000427601	0.00522373	0.0114821	0.0734275	0.000100879	0.00810965
6	0.291761	0.0199453	0.00345182	0.0548833	0.0264193	0.0295307	0.0039293	0.014538	0.114191	0.0391631	0.00832953	0.0267214	0.00194923	0.0602471	0.0688628	0.118956	0.0325022	0.046441	0.0084392	0.0297383
7	0.0170441	0.0140193	0.00253044	0.000807656	0.0571154	0.000620111	0.0055695	0.284701	0.0041896	0.310425	0.0597864	0.0107294	0.000397066	0.00281382	0.000743569	0.00512806	0.0216549	0.191107	0.000192469	0.0104249
8	0.0854768	0.003552	0.0332344	0.053309	0.00523416	0.00583549	0.0253512	0.0325817	0.267491	0.0650247	0.0198979	0.0530236	0.0173882	0.0474009	0.141898	0.0519139	0.0627698	0.016996	0.00660067	0.00501988
9	0.10179	0.00183122	0.04843	0.21506	0.00258078	0.0142877	0.0157692	0.00307843	0.253627	0.00344887	0.00422302	0.0643641	0.000393067	0.11301	0.0740121	0.0454738	0.034541	0.00172895	0.000279551	0.0020709
10	0.0161807	0.00943392	0.00217014	0.000823678	0.100355	0.00111027	0.00786298	0.220924	0.00794203	0.322806	0.10113	0.00700077	0.000492012	0.0026841	0.000861521	0.00235782	0.0172869	0.156518	0.000315968	0.0217437
11	0.0146834	0.00325325	0.0038044	0.00656371	0.00434841	0.00620221	0.00406579	0.060234	0.306445	0.0547316	0.0341698	0.0272977	0.00169239	0.0233478	0.291008	0.0166317	0.0318785	0.0828686	0.00137623	0.0253974
12	0.0159406	0.0920606	0.218154	0.063228	0.0375402	0.248231	0.00722575	0.00896651	0.0102756	0.0132603	0.00728894	0.0094236	0.00383159	0.0412649	0.00733895	0.183367	0.0146827	0.00821375	0.00237726	0.00732922
13	0.0265805	0.00179417	0.143104	0.397691	0.00680394	0.0111382	0.0152694	0.00963348	0.11393	0.00348827	0.00372249	0.0710895	0.00400808	0.104771	0.0116712	0.0379566	0.0256705	0.00353841	0.000238531	0.00790015
14	0.0318019	0.0389303	0.00154483	0.00707992	0.0129898	0.00438545	0.00161197	0.287998	0.00573409	0.014756	0.00343208	0.00243495	0.00432951	0.00893328	0.00479289	0.01452	0.0544115	0.459357	0.000536203	0.0404205
15	0.0347677	0.00366926	0.0272663	0.0140514	0.00499333	0.00729646	0.00971821	0.0287093	0.130539	0.0517097	0.0161958	0.0626075	0.00279053	0.065063	0.0223799	0.0725839	0.411776	0.0269778	0.00121015	0.00569405
16	0.0172368	0.0103326	0.00296846	0.00763828	0.00538588	0.000624192	0.000894409	0.367833	0.00707077	0.12093	0.0264949	0.00114177	0.00311631	0.00234316	0.00134936	0.00390322	0.0152276	0.401322	0.000167054	0.00401997
17	0.115177	0.00133436	0.119963	0.126193	0.00407427	0.0780126	0.00754937	0.00241228	0.0494535	0.0103915	0.0125461	0.174739	0.00103044	0.0331655	0.026887	0.180918	0.0298479	0.00961103	0.00519603	0.0114992
18	0.0488966	0.0150214	0.0213334	0.00833145	0.00409122	0.016149	0.0235845	0.0051075	0.0236271	0.0076938	0.048806	0.108699	0.00218774	0.505291	0.00610415	0.113464	0.0243164	0.00648278	0.00237849	0.00843467
19	0.204344	0.0355562	0.00161729	0.00195653	0.00917652	0.00878385	0.00334537	0.117018	0.00262846	0.162775	0.0894384	0.00223682	0.00194424	0.00388932	0.00188114	0.0317615	0.0631134	0.25038	0.000538255	0.00761584
20	0.0329015	0.0254328	0.0260477	0.0335462	0.0588756	0.00527148	0.00509253	0.332871	0.00832986	0.234417	0.0119119	0.00667651	0.00392332	0.00883471	0.00711987	0.0109571	0.0114971	0.0102609	0.00324409	0.162789
21	0.100985	0.0184387	0.0138705	0.0278	0.0117555	0.131075	0.0178461	0.0582126	0.0507392	0.0415732	0.0164508	0.0736037	0.0206344	0.120824	0.0721063	0.0872093	0.0853611	0.031762	0.00564627	0.0141069
22	0.00381692	0.00585655	0.0196953	0.00191365	0.00134761	0.83741	0.00134499	0.00143954	0.0186437	0.00200289	0.00238928	0.045385	0.000584168	0.00218346	0.00670052	0.0369497	0.00610413	0.00144584	0.00356597	0.00122048
23	0.1252	0.0264473	0.00226386	0.00517705	0.0478079	0.0103335	0.00723326	0.0410844	0.00441844	0.284361	0.221091	0.00612245	0.00157061	0.0146857	0.00556051	0.0338555	0.0606773	0.0902432	0.0010452	0.0108208
24	0.0537844	0.00764605	0.149238	0.06623	0.0191118	0.0275101	0.0252496	0.0192289	0.102899	0.0334221	0.0139332	0.131103	0.00693302	0.0558243	0.133702	0.0665233	0.0462517	0.0208791	0.00584848	0.0146826
25	0.00468274	0.00506138	0.0195	0.00184268	0.00147433	0.808792	0.00156129	0.00158319	0.0176588	0.00260101	0.00261242	0.053399	0.000726061	0.00256171	0.00644361	0.0533475	0.00941169	0.00178599	0.00358339	0.00137157
26	0.0224262	0.0113325	0.00238142	0.00226427	0.0690052	0.00131202	0.00811232	0.263536	0.00885254	0.196137	0.106084	0.010259	0.000975783	0.00277947	0.00132212	0.00291672	0.0194891	0.246811	0.000321578	0.0236813
27	0.01935	0.00419812	0.00631597	0.00818509	0.0310004	0.00634894	0.00568034	0.0720382	0.228869	0.0139895	0.00624108	0.0540895	0.162591	0.0617428	0.123833	0.015027	0.164695	0.00760727	0.00217982	0.00601789
28	0.516744	0.110997	0.000801586	0.00105128	0.000993863	0.0503979	0.00793437	0.0102194	0.00131397	0.00870133	0.00157004	0.00639506	0.00154566	0.00640745	0.000866577	0.168774	0.0428363	0.0612027	0.000295648	0.0009523
29	0.0101982	0.0198217	0.000425213	0.000823295	0.039319	0.00606762	0.0018207	0.0891021	0.000822523	0.58389	0.146137	0.000713362	0.000255767	0.00244768	0.000490414	0.00784607	0.0130082	0.0676212	0.000157464	0.00903213
30	0.0219402	0.0110847	0.00221127	0.00107393	0.111456	0.00104887	0.0118773	0.231116	0.0120413	0.224659	0.109955	0.00743551	0.000563036	0.00278537	0.0010668	0.00212482	0.0175437	0.195045	0.000422986	0.0345493
31	0.0150878	0.135638	0.00569752	0.00749977	0.00623685	0.00602246	0.00671504	0.00733388	0.00926687	0.010937	0.00581199	0.00761538	0.00286337	0.0101529	0.0595668	0.0411368	0.237252	0.00954185	0.229353	0.18627
32	0.0295377	0.00132658	0.255229	0.567356	0.00114483	0.0137552	0.001634	0.0017649	0.00869137	0.014464	0.000983241	0.0173955	0.000832028	0.0348195	0.00145892	0.00989718	0.0331862	0.00139241	0.000275634	0.0048557
33	0.0989224	0.0320392	0.00555453	0.00999382	0.00691764	0.105303	0.00584297	0.085089	0.0109062	0.0406316	0.00634527	0.00922354	0.182837	0.0555588	0.00936632	0.0788121	0.218433	0.0296893	0.00236364	0.00617008
34	0.131295	0.0250227	0.0210053	0.0180177	0.00823573	0.0198058	0.0125755	0.0162219	0.0268149	0.0257483	0.0107338	0.0360297	0.0172447	0.0182198	0.0144096	0.335766	0.219491	0.0313458	0.00246893	0.00954819
35	0.0473222	0.00502381	0.00826007	0.0944979	0.00574483	0.0107353	0.0382567	0.0607894	0.0646316	0.127087	0.01374	0.0526205	0.00347023	0.0453754	0.0350701	0.111396	0.103041	0.0753789	0.00390108	0.0936579
36	0.0442718	0.0266659	0.00171042	0.00309728	0.0149659	0.00303375	0.00299685	0.272191	0.00323561	0.245419	0.0430929	0.00482814	0.00234051	0.00295977	0.00187156	0.0124675	0.0351045	0.273229	0.000253466	0.00626503
37	0.0313978	0.00816434	0.34042	0.127459	0.0129195	0.0199772	0.105555	0.0150955	0.0562029	0.0176605	0.00852619	0.0666211	0.00679774	0.0354259	0.0179805	0.0442445	0.0362261	0.012222	0.00359538	0.033508
38	0.240406	0.00190277	0.00228906	0.00210216	0.00257207	0.00386305	0.00190599	0.0187029	0.0311154	0.0104633	0.00908117	0.00247921	0.53965	0.0208112	0.0024621	0.0621282	0.00568636	0.03915	0.000778368	0.00245011
39	0.0222156	0.00160211	0.156017	0.43358	0.0234929	0.00441296	0.0201825	0.0279651	0.0486083	0.00353061	0.00916364	0.0744142	0.00264531	0.0988992	0.00291455	0.00975617	0.00845304	0.0104	0.000803839	0.0409431
40	0.0183661	0.0210001	0.182745	0.130487	0.025674	0.0107035	0.0407537	0.00853344	0.0951755	0.010198	0.00462773	0.0763905	0.00201382	0.0582549	0.0203426	0.10959	0.138292	0.0187963	0.0011612	0.0268947
41	0.00719725	0.00495672	0.016435	0.00180757	0.00127673	0.833844	0.00158522	0.00187243	0.0185691	0.00247532	0.0026601	0.0449906	0.00110471	0.00341863	0.00747212	0.0367494	0.0068686	0.0014652	0.00363562	0.00161573
42	0.0189351	0.0138532	0.00273677	0.00481589	0.0143911	0.00101703	0.00221341	0.347547	0.00514728	0.195787	0.0349795	0.00308596	0.00214952	0.00204416	0.000912467	0.00568628	0.0171976	0.323012	0.00028748	0.00420116
43	0.0777205	0.00682682	0.0134348	0.0835459	0.0277941	0.00855151	0.0190741	0.0742482	0.17235	0.0838995	0.0333429	0.0268044	0.003835	0.0301258	0.123035	0.048891	0.0843493	0.0391338	0.00556348	0.0374738
44	0.0173987	0.0042977	0.00312266	0.000849157	0.289616	0.000762074	0.0102745	0.00914407	0.00132738	0.0435184	0.0103857	0.00934204	0.00046744	0.00355324	0.00103065	0.00717017	0.00226357	0.00615821	0.00714238	0.572176
45	0.0392238	0.0119267	0.0213354	0.0236224	0.0136077	0.0163964	0.116737	0.0171672	0.0625679	0.0366259	0.0334715	0.0402446	0.00642067	0.127156	0.214286	0.0410993	0.0396053	0.0302028	0.0679177	0.0403864
46	0.00340204	0.0046077	0.0163951	0.00105692	0.000929863	0.844782	0.00101874	0.00126253	0.0181636	0.00186393	0.00228262	0.047206	0.000494593	0.00176262	0.00636919	0.0365425	0.00602906	0.00118152	0.00353562	0.00111377
47	0.018144	0.0109713	0.00344285	0.00447921	0.0413831	0.0036459	0.0428457	0.0167023	0.129021	0.206636	0.0811553	0.004292	0.0020021	0.0115287	0.175679	0.00869573	0.0155372	0.00702812	0.00125481	0.215555
48	0.0253084	0.00198188	0.0100551	0.0106662	0.00313775	0.00262835	0.00268535	0.00364793	0.0119015	0.0280805	0.00293351	0.0520146	0.023167	0.0042105	0.00285865	0.333568	0.474155	0.00342605	0.000915592	0.00265823
49	0.0199076	0.014202	0.00225653	0.00460028	0.0105189	0.000715806	0.00203173	0.353269	0.00460728	0.193996	0.0329808	0.00287329	0.00203666	0.00117854	0.000750973	0.00474631	0.0164234	0.329909	0.000148684	0.00284653
50	0.106008	0.00225786	0.027493	0.0562284	0.00997869	0.00754462	0.014115	0.0111122	0.220596	0.0334894	0.00581694	0.0427481	0.212344	0.0402878	0.0735134	0.0632632	0.0554803	0.0125986	0.00107486	0.00405005
51	0.026687	0.00109354	0.250193	0.575272	0.0017742	0.0116083	0.00196691	0.00244885	0.010857	0.0126832	0.00109734	0.0191817	0.00076369	0.0377286	0.00118184	0.00851308	0.0295431	0.0015995	0.000278775	0.00552901
52	0.0152993	0.0190361	0.0018768	0.000981831	0.0180688	0.000734439	0.0036386	0.304495	0.00123782	0.377392	0.0345695	0.00966491	0.000451614	0.00243963	0.000844637	0.00961956	0.0251112	0.172852	0.000196122	0.00148984
53	0.0523854	0.0415492	0.00624116	0.00895189	0.0429056	0.00708103	0.038296	0.0509531	0.0899363	0.14781	0.0580751	0.013321	0.00239414	0.0597854	0.198803	0.0146712	0.0323749	0.0170733	0.00310015	0.114292
54	0.123391	0.000996394	0.0280012	0.192308	0.0026622	0.0143194	0.0149258	0.00160717	0.272912	0.00188596	0.00148531	0.0454603	0.000463819	0.137962	0.100949	0.0245082	0.0303678	0.00135987	0.000352661	0.00408353
55	0.0292841	0.0301197	0.0183828	0.0509777	0.017956	0.00514405	0.00279147	0.0879322	0.147391	0.278372	0.0778464	0.00591585	0.00171503	0.0642907	0.022221	0.00889097	0.00683214	0.123309	0.00111645	0.0195109
56	0.017903	0.0139206	0.00105812	0.00152857	0.0701804	0.00418162	0.00337208	0.0900111	0.00243413	0.548334	0.123822	0.00172793	0.00129582	0.0075624	0.00268638	0.00845486	0.0124495	0.0670378	0.00129432	0.020746
57	0.0542083	0.00390993	0.00360223	0.00406461	0.00592991	0.00414202	0.00177699	0.0056085	0.029862	0.00568703	0.00347262	0.00284706	0.769811	0.02174	0.00595021	0.0352151	0.0250635	0.0113269	0.000811851	0.00497047
58	0.0763648	0.0153821	0.00770985	0.0064055	0.00233776	0.0453808	0.0508478	0.00424092	0.309263	0.00928308	0.0030957	0.039252	0.0162073	0.013902	0.0824239	0.089667	0.197706	0.0228116	0.00120757	0.00651091
59	0.0509565	0.00311786	0.0904977	0.324344	0.00192431	0.0165417	0.0175646	0.00630788	0.166659	0.00488318	0.00693431	0.0794551	0.00126073	0.105267	0.0252743	0.0607304	0.0346479	0.00268074	0.000187858	0.000765456
60	0.0231525	0.00637851	0.0133816	0.093309	0.0104036	0.00889622	0.0132624	0.00969794	0.0480102	0.0174422	0.080673	0.0208169	0.00624753	0.353965	0.0104254	0.118438	0.0185887	0.0131648	0.00520564	0.128541
61	0.0502235	0.0128865	0.0154596	0.023417	0.0839337	0.085368	0.0202234	0.0769211	0.0933076	0.0376633	0.0782675	0.0191358	0.153875	0.0306664	0.0213744	0.0401822	0.0375368	0.0212924	0.071337	0.0269293
62	0.0518427	0.00577203	0.0376185	0.0488238	0.00863787	0.00788654	0.0149223	0.197054	0.0251482	0.113978	0.0820024	0.0102396	0.00303974	0.0188851	0.0110098	0.11246	0.167788	0.0388833	0.0032689	0.0407383
63	0.203596	0.0171604	0.00472213	0.00971777	0.00601684	0.0117873	0.00622461	0.0448653	0.0185762	0.0509454	0.0138929	0.00781065	0.364417	0.0222043	0.00972937	0.0505425	0.0281494	0.122543	0.00166078	0.00543804
64	0.0344956	0.00299323	0.195394	0.50882	0.00459487	0.0131338	0.00734677	0.00720674	0.0402807	0.0142007	0.00500125	0.0312182	0.00363006	0.0542132	0.0106665	0.01977	0.0322848	0.00535712	0.000820517	0.00857189
65	0.369498	0.016724	0.00172116	0.00964203	0.00218732	0.32773	0.00734913	0.0148262	0.0028684	0.00409952	0.0161652	0.00240637	0.00173368	0.0029434	0.00964343	0.188041	0.00603774	0.0139474	0.000581563	0.00185422
66	0.0217322	0.0126104	0.0023618	0.000977793	0.104649	0.000959339	0.0120566	0.239288	0.0110734	0.238928	0.109719	0.00814844	0.000530793	0.00287209	0.0010345	0.0024748	0.0182584	0.182841	0.000388176	0.0290957
67	0.00480811	0.00181915	0.00169506	0.00209604	0.619116	0.00190779	0.00178265	0.0401301	0.0029252	0.185183	0.0163159	0.00243768	0.000928084	0.00550584	0.00206759	0.0041517	0.00394618	0.00255738	0.0338974	0.0667286
68	0.0154369	0.00872469	0.00349853	0.00276995	0.156548	0.00272402	0.0352369	0.0244182	0.00405302	0.0670493	0.037672	0.00644695	0.000950037	0.00428588	0.00247078	0.00739022	0.0096603	0.0101812	0.2915	0.308983
69	0.0189037	0.00490989	0.00206732	0.00213792	0.274589	0.00243387	0.00503231	0.0496862	0.00399883	0.390627	0.0710223	0.00254855	0.00326514	0.0135061	0.00862267	0.00773678	0.00840587	0.0269882	0.0106966	0.0928214
70	0.0145109	0.0200357	0.000774333	0.00187347	0.0483385	0.00499818	0.00277627	0.0852736	0.00181761	0.560785	0.149346	0.0011088	0.000486933	0.00612409	0.00125022	0.00887844	0.014485	0.0654973	0.000456299	0.0111835
71	0.0096269	0.0252454	0.000398839	0.0010832	0.0395396	0.00514009	0.00236071	0.0818085	0.00084678	0.587053	0.141733	0.000661322	0.000239029	0.00268841	0.000545842	0.0082227	0.011957	0.0713276	0.000136726	0.00938614
72	0.0353484	0.00807301	0.0155869	0.0348947	0.00831877	0.010323	0.05735	0.107225	0.109597	0.0465501	0.022819	0.0265798	0.00462183	0.0417476	0.0269663	0.0804815	0.219175	0.102859	0.00506597	0.0364179
73	0.00500158	0.00468284	0.0161266	0.00214222	0.00117406	0.834675	0.0012133	0.00158413	0.0199356	0.00266866	0.00266449	0.0472586	0.000592593	0.0022195	0.00681466	0.0379622	0.00665487	0.00162333	0.00367374	0.0013325
74	0.0259693	0.00176649	0.141852	0.397635	0.00693267	0.0110728	0.0153439	0.00951938	0.114901	0.00344525	0.0038359	0.0719382	0.00376744	0.104708	0.011786	0.0382162	0.0255727	0.00360185	0.000236861	0.00789846
75	0.0179567	0.0104567	0.00328968	0.00753376	0.00565393	0.000627028	0.000852822	0.366687	0.00688477	0.119476	0.0279321	0.00115827	0.00291606	0.00222162	0.00124093	0.00386831	0.0155255	0.401415	0.000179456	0.00412425
76	0.0951145	0.00683232	0.00470384	0.0053745	0.00594383	0.0268059	0.00313248	0.0122387	0.0175753	0.00936228	0.00510968	0.0037602	0.680208	0.0192209	0.00408371	0.0439478	0.0310747	0.018197	0.00128743	0.0060271
77	0.0229969	0.00175363	0.0111034	0.0119333	0.00215407	0.00209011	0.00221894	0.00285479	0.0125841	0.0194279	0.00210244	0.0567249	0.0165234	0.0036658	0.00258083	0.346814	0.476544	0.00278127	0.000907205	0.00223896
78	0.194879	0.000729597	0.0666641	0.0767724	0.00975231	0.0690571	0.0161227	0.00111288	0.0547218	0.0166078	0.00196766	0.107988	0.00145818	0.0537945	0.0294617	0.223614	0.0385182	0.0131568	0.0212525	0.00236915
79	0.0066064	0.00729933	0.00105958	0.00102056	0.0651183	0.00277117	0.00177862	0.116463	0.00135884	0.578769	0.0734477	0.00210161	0.000542038	0.00229565	0.00113563	0.00426219	0.00896886	0.118949	0.000333859	0.00571958
80	0.0180382	0.0187403	0.00847855	0.0361407	0.0274294	0.00748729	0.0500949	0.08221	0.0921706	0.0467707	0.0262873	0.0356587	0.00550949	0.0545093	0.0466506	0.140493	0.225259	0.0614676	0.00269073	0.0139138
81	0.133767	0.000899616	0.025822	0.175324	0.0027849	0.0126828	0.0199305	0.00162759	0.261771	0.00214156	0.00130487	0.0498803	0.000508407	0.143107	0.109256	0.0222497	0.0309817	0.00154814	0.000404042	0.00400858
82	0.0288459	0.00121276	0.255867	0.578943	0.000983521	0.0128474	0.00120736	0.00139858	0.00722973	0.0138126	0.000898824	0.0166532	0.000705071	0.0319255	0.00119347	0.00851556	0.0317613	0.00133421	0.000283887	0.00438079
83	0.0153842	0.0118161	0.00262447	0.00294695	0.101874	0.00240678	0.0314634	0.0460621	0.0038111	0.136776	0.0710811	0.00335952	0.00130242	0.00459629	0.00275851	0.00584545	0.0144484	0.00705454	0.455938	0.0784508
84	0.164069	0.0172757	0.0013613	0.00165049	0.025735	0.0135365	0.007675	0.0736567	0.00195422	0.21101	0.142751	0.00238859	0.000685542	0.00284345	0.00146228	0.055167	0.112364	0.159403	0.000505134	0.00450665
85	0.0108297	0.0123938	0.00181687	0.000811674	0.0217143	0.00148394	0.00310497	0.280453	0.0011305	0.462889	0.0396988	0.0085301	0.000412809	0.00259618	0.000870306	0.00897758	0.0205701	0.118522	0.000264018	0.00293142
86	0.0473263	0.0121518	0.288779	0.0652565	0.00338162	0.00462572	0.0232103	0.00592442	0.165175	0.0449816	0.00475778	0.112158	0.00388844	0.03109	0.0830596	0.0387397	0.0546127	0.00475169	0.00264705	0.00348289
87	0.156554	0.000749796	0.0786842	0.0838378	0.00607516	0.0500892	0.0144727	0.00103283	0.056459	0.0141164	0.00216338	0.153751	0.000902583	0.0487475	0.0319875	0.226926	0.0457182	0.0127903	0.0123158	0.00262694
88	0.00970502	0.0234041	0.000374857	0.00100909	0.0411481	0.0051878	0.00217075	0.0836029	0.00080615	0.586614	0.142977	0.000597705	0.000218617	0.00255632	0.000488883	0.00802715	0.0119932	0.0697437	0.000133044	0.00924066
89	0.0466951	0.00713337	0.13299	0.0584833	0.00887373	0.0756143	0.00858062	0.0110307	0.13085	0.0155073	0.014475	0.0305366	0.31186	0.027414	0.0350294	0.0281435	0.0297121	0.0166948	0.00246691	0.00790968
90	0.0874445	0.0021397	0.0290776	0.0651536	0.00241919	0.0104885	0.0307418	0.0193801	0.265284	0.0321742	0.00930668	0.0677194	0.0459739	0.0278729	0.10134	0.0759786	0.0979916	0.023226	0.00148559	0.00480217
91	0.0175204	0.0127995	0.20363	0.0771148	0.0200278	0.0126104	0.0440508	0.00292039	0.0757806	0.00898514	0.0022074	0.0843867	0.000992081	0.0540787	0.0236045	0.157197	0.173745	0.00819849	0.000707453	0.019443
92	0.164158	0.0177082	0.00131389	0.00154329	0.0242445	0.0140984	0.00730986	0.0739036	0.00198972	0.210641	0.14348	0.00220237	0.000685958	0.00295865	0.00146994	0.0552201	0.111708	0.160257	0.000549089	0.00455807
93	0.124565	0.0174399	0.0196748	0.0252796	0.0222171	0.0277409	0.221827	0.0306039	0.0529278	0.0523772	0.0154135	0.0330988	0.0113104	0.0455974	0.0369434	0.0703029	0.118867	0.0387432	0.00605881	0.0290108
94	0.0453227	0.00436296	0.00389183	0.00205555	0.00537394	0.00490185	0.00164758	0.0055087	0.0116232	0.00404937	0.00285813	0.00224788	0.809516	0.0151271	0.00222614	0.0373509	0.025575	0.0104579	0.000486337	0.00541653
95	0.0422125	0.0198015	0.00227635	0.00425669	0.0424925	0.00732046	0.00511254	0.117767	0.00658048	0.409032	0.14397	0.00539423	0.00113527	0.00779953	0.00345702	0.0178946	0.0325421	0.114551	0.00298553	0.0134185
96	0.235812	0.0227384	0.0114852	0.0139684	0.00689161	0.0583336	0.00851184	0.01277	0.0379998	0.0133366	0.00401735	0.0192296	0.00762334	0.0306999	0.0102688	0.218155	0.224946	0.0525723	0.00319233	0.00744854
97	0.0907222	0.00933065	0.0157411	0.028288	0.0142007	0.0206219	0.0209987	0.0198127	0.108008	0.102442	0.128061	0.0283486	0.00737171	0.134394	0.0937542	0.0460799	0.0314502	0.0213922	0.0486866	0.030295
98	0.00744171	0.00246738	0.00262791	0.0031655	0.463752	0.00303936	0.00286628	0.01913	0.00419584	0.405048	0.0106685	0.00351068	0.0014365	0.0102173	0.00361685	0.00656408	0.00606649	0.0102513	0.00982699	0.0241073
99	0.233452	0.0783388	0.000989598	0.00145174	0.0165588	0.0566153	0.00133357	0.0518661	0.00223194	0.0192789	0.00170715	0.00290975	0.0048485	0.00300227	0.0011831	0.196775	0.164835	0.152754	0.000349866	0.00951823
100	0.216856	0.0505076	0.00243101	0.00259409	0.00729142	0.0061356	0.00320903	0.136767	0.00336009	0.0753829	0.120206	0.00259581	0.00209694	0.0156954	0.00274753	0.13175	0.0712759	0.142187	0.00107901	0.00583211
101	0.707484	0.0025039	0.0013189	0.00218585	0.00116887	0.155645	0.00278427	0.00180341	0.0024353	0.00759115	0.00172349	0.00149062	0.00323002	0.00258433	0.00233009	0.0781739	0.0211873	0.00219753	0.000840149	0.00132199
102	0.0258315	0.017008	0.00232224	0.00483318	0.00476781	0.000710311	0.00127551	0.354061	0.00445985	0.165366	0.0305051	0.00169831	0.00236299	0.000954075	0.000700851	0.00503226	0.0173018	0.359209	0.000166792	0.00143398
103	0.20633	0.00410761	0.00439821	0.00563283	0.0292928	0.00513366	0.00518257	0.00888537	0.00726804	0.184789	0.115803	0.0992186	0.00277909	0.00698978	0.00529733	0.141954	0.128512	0.0314505	0.00157676	0.00539889
104	0.224864	0.0536176	0.00104494	0.00165482	0.0247064	0.0328987	0.00257895	0.0716666	0.00213281	0.0760245	0.036345	0.00224105	0.00137177	0.00335074	0.00132089	0.139868	0.138231	0.171332	0.000480028	0.0142704
105	0.0334623	0.103139	0.00299778	0.0175538	0.0307537	0.00601796	0.0048264	0.0189775	0.00512563	0.433926	0.235236	0.00391252	0.00151779	0.0285769	0.0045623	0.0179374	0.0127697	0.0312866	0.000988171	0.00643366
106	0.0376801	0.00349607	0.0879363	0.25882	0.00550936	0.0118914	0.0280384	0.00691307	0.107373	0.00915372	0.0100736	0.10109	0.00189979	0.183626	0.0321652	0.0675171	0.0310702	0.00579531	0.00156986	0.00838149
107	0.0467986	0.0267921	0.0061063	0.00694127	0.00373024	0.0450456	0.0840578	0.00855553	0.140321	0.0342121	0.00970244	0.0588176	0.0439155	0.021597	0.0707773	0.139659	0.201061	0.024845	0.00647356	0.020591
108	0.0378816	0.00201175	0.255392	0.530012	0.000939953	0.0211044	0.00272771	0.001862	0.0126766	0.0155878	0.000907981	0.0173279	0.00299062	0.0375509	0.0021279	0.0135546	0.0380562	0.00130428	0.000313744	0.00566977
109	0.0661344	0.0121511	0.0403966	0.0603122	0.0124481	0.0217385	0.026512	0.0232485	0.228851	0.0338147	0.0214793	0.049557	0.0165933	0.0516058	0.0635977	0.149973	0.0723805	0.0290355	0.00519619	0.0149743
110	0.0418731	0.00230315	0.0121669	0.064898	0.00373334	0.0134909	0.0464804	0.0975922	0.215337	0.0515873	0.0136839	0.0325497	0.00364234	0.071707	0.0347312	0.0595139	0.107108	0.102868	0.00343309	0.0213008
111	0.00814421	0.0029854	0.00197336	0.00186329	0.458872	0.00156607	0.00363624	0.0484833	0.00302325	0.174983	0.031111	0.00341894	0.00267982	0.00469398	0.00368799	0.00492463	0.00360083	0.0158845	0.0148323	0.209636
112	0.357432	0.0268772	0.0252958	0.0117598	0.00820332	0.00701033	0.00450072	0.00837074	0.0850383	0.012076	0.0048603	0.00850418	0.0021408	0.0960922	0.0366829	0.0875675	0.0583487	0.148374	0.00204736	0.00881735
113	0.120162	0.00122056	0.017779	0.152428	0.00252056	0.018055	0.0120142	0.00207388	0.334374	0.00307871	0.00147522	0.0302416	0.000739659	0.140983	0.0974697	0.0230963	0.0312393	0.0025684	0.000540042	0.00794006
114	0.277052	0.0107497	0.00965229	0.0498711	0.0216891	0.0511741	0.00938821	0.0117634	0.101693	0.0593622	0.0161804	0.0454101	0.00250223	0.047345	0.0534634	0.12365	0.0272642	0.0318098	0.0204245	0.0295552
115	0.0211783	0.0108491	0.00429384	0.0085246	0.0800813	0.00594935	0.00868805	0.0979787	0.0144155	0.365132	0.0754769	0.00931721	0.0055883	0.0113691	0.0128313	0.0125813	0.0182637	0.0923552	0.00824771	0.136879
116	0.171822	0.000656138	0.0757404	0.0869929	0.00692026	0.0563294	0.0144179	0.000959043	0.0573205	0.0152195	0.00221014	0.132787	0.00101109	0.0511325	0.0310182	0.224833	0.0414271	0.0120014	0.0144847	0.00271649
117	0.0174871	0.00392887	0.00327889	0.000698244	0.251447	0.000652143	0.0113058	0.00682266	0.000990029	0.0374423	0.00874265	0.0103451	0.00032542	0.00366233	0.00076679	0.00654261	0.00157834	0.00582881	0.00717192	0.620983
118	0.0240552	0.0145168	0.011896	0.00992382	0.0604486	0.0120292	0.074657	0.0261193	0.0203154	0.0600516	0.0509204	0.0188159	0.00484463	0.0383113	0.0217777	0.0217502	0.032144	0.0486373	0.305471	0.143315
119	0.0394627	0.00254008	0.0981502	0.355772	0.00210616	0.0134136	0.0171331	0.00644626	0.157128	0.00498793	0.00725169	0.073185	0.00151033	0.104218	0.0203897	0.0579608	0.0340563	0.00322218	0.000181709	0.000884454
120	0.0474601	0.00222504	0.0179139	0.00359197	0.0441031	0.00352127	0.12945	0.0040005	0.00492238	0.0208679	0.00346718	0.00394114	0.122499	0.00517414	0.00404108	0.0751692	0.0462778	0.00394529	0.000974384	0.456454
121	0.164634	0.0455964	0.00273021	0.0144262	0.0155006	0.0107954	0.00270322	0.109349	0.00431981	0.00736994	0.0260581	0.00800206	0.00195533	0.00427807	0.0029593	0.0329524	0.325453	0.180276	0.000929901	0.0397111
122	0.0170786	0.00393347	0.00318001	0.000827648	0.261385	0.000787451	0.0108479	0.00762603	0.00100352	0.0459318	0.00879116	0.00991121	0.000346641	0.00375634	0.000833697	0.006527	0.00174265	0.00603576	0.00698067	0.602474
123	0.0288459	0.00121276	0.255867	0.578943	0.000983521	0.0128474	0.00120736	0.00139858	0.00722973	0.0138126	0.000898824	0.0166532	0.000705071	0.0319255	0.00119347	0.00851556	0.0317613	0.00133421	0.000283887	0.00438079
124	0.0282977	0.00320587	0.34601	0.350721	0.00485931	0.019564	0.0128747	0.00566941	0.0371618	0.0113742	0.00322394	0.0537552	0.00405892	0.0363803	0.00827393	0.0266226	0.0270525	0.00391136	0.00103343	0.0159498
125	0.346077	0.0645886	0.00200025	0.00227131	0.000922117	0.0128987	0.00156664	0.015237	0.00154541	0.0063392	0.00964254	0.0015107	0.014134	0.00366115	0.00107033	0.434077	0.0390363	0.0419652	0.000273372	0.00118367
126	0.0123644	0.0243556	0.000679756	0.00137654	0.0352527	0.00625184	0.0020477	0.0837214	0.0011636	0.554226	0.172901	0.000873736	0.000287089	0.00396661	0.000853013	0.00998859	0.0153058	0.0641949	0.000256287	0.00993325
127	0.0544071	0.00228655	0.128832	0.0872346	0.00458297	0.0130743	0.0052083	0.00472827	0.0189783	0.00855478	0.00488138	0.36109	0.00187053	0.0159174	0.0408852	0.179138	0.055092	0.0070085	0.00125117	0.00497876
128	0.00973693	0.0261826	0.000445086	0.00111099	0.0385933	0.00503621	0.00235315	0.0849198	0.000863399	0.584649	0.13878	0.000904038	0.000253688	0.00284015	0.000556852	0.00831918	0.0121699	0.0729566	0.000154579	0.00917424
129	0.0161665	0.0173339	0.00213437	0.00135587	0.0206139	0.000626688	0.00343259	0.324203	0.00170973	0.338506	0.0326508	0.00818128	0.000642287	0.00228222	0.000745185	0.00742294	0.0221343	0.197847	0.000187649	0.00182358
130	0.537414	0.0206779	0.00302706	0.00644125	0.00503861	0.111132	0.00448424	0.0104882	0.007797	0.0119683	0.00534369	0.00472181	0.0265356	0.0097161	0.00384066	0.17394	0.0351282	0.0164537	0.00164115	0.00421065
131	0.0436656	0.00311025	0.00783632	0.00839316	0.00414074	0.00520345	0.00823362	0.0315445	0.350093	0.0547283	0.0544081	0.0182234	0.00182896	0.0869615	0.209243	0.0466366	0.030309	0.01882	0.00321709	0.0134032
132	0.0118418	0.0145172	0.00234017	0.00120435	0.0165959	0.00273725	0.00322176	0.26947	0.00143524	0.461731	0.0410939	0.0119815	0.000491893	0.00371737	0.00122321	0.0139016	0.0261468	0.112085	0.00034356	0.00392056
133	0.0331493	0.0043829	0.00279178	0.00193152	0.00663796	0.00541053	0.00132361	0.0032091	0.00849721	0.00400478	0.00220338	0.00162044	0.814299	0.0174365	0.00134888	0.0375213	0.0369686	0.00954013	0.000375976	0.0073475
134	0.130604	0.0176769	0.00298087	0.0676538	0.00311445	0.0275091	0.0273966	0.0477144	0.01813	0.0564524	0.00333562	0.0370122	0.0985134	0.0581482	0.0777804	0.0546596	0.119198	0.147992	0.00101242	0.00311568
135	0.0190531	0.0136189	0.00247749	0.005232	0.0051705	0.000541934	0.00128493	0.369665	0.00482801	0.162062	0.0299883	0.00161772	0.00240847	0.000900889	0.000678379	0.00448399	0.0149926	0.359567	0.000149763	0.00127871
136	0.372034	0.093096	0.000990541	0.00119383	0.0092557	0.0621224	0.00427308	0.0310242	0.00208897	0.0133996	0.00118012	0.00466098	0.00316772	0.00455057	0.00108103	0.156494	0.115483	0.118084	0.000334432	0.00548517
137	0.730228	0.00229108	0.00122896	0.00181748	0.00119063	0.136343	0.00231034	0.00177785	0.00234959	0.00791971	0.00172687	0.00157824	0.0033005	0.00245054	0.0020284	0.0774437	0.0197833	0.00214192	0.000772072	0.00131816
138	0.0744584	0.00984492	0.00307987	0.0111511	0.0416529	0.00347565	0.024317	0.0931013	0.11433	0.175893	0.0449446	0.00467654	0.00164667	0.00992626	0.150373	0.00930066	0.0891419	0.0338512	0.0013007	0.103534
139	0.0158509	0.0117342	0.00245745	0.00731142	0.00756858	0.000743599	0.000916518	0.358058	0.00687068	0.0905994	0.0194532	0.00119447	0.00235189	0.0045475	0.00238378	0.00458702	0.0203448	0.430836	0.000202616	0.0119883
140	0.02321	0.00830424	0.00307314	0.00114257	0.306958	0.00150343	0.0142772	0.0107133	0.00259286	0.0334887	0.00800139	0.00899495	0.000913609	0.00425713	0.0019777	0.0136492	0.00526249	0.00683021	0.00678709	0.538062
141	0.0395384	0.0222496	0.00617778	0.0117899	0.0081521	0.00897971	0.00922688	0.0166959	0.129019	0.0160235	0.0192855	0.0714567	0.00264172	0.15807	0.323788	0.0577312	0.031421	0.0321356	0.00248087	0.0331366
142	0.0328961	0.0541366	0.00766924	0.00882295	0.00698124	0.043768	0.105198	0.00892071	0.0892984	0.0924784	0.0356355	0.0801972	0.0412806	0.0201558	0.088004	0.106715	0.0945686	0.0153027	0.0286125	0.0393587
143	0.0390795	0.00263829	0.022022	0.0488693	0.00354468	0.00516685	0.0495373	0.1536	0.12613	0.0638836	0.0335123	0.0235676	0.000854552	0.0436658	0.0222415	0.0585334	0.126986	0.148493	0.0061009	0.0215736
144	0.0532722	0.00568246	0.00224008	0.00267467	0.515684	0.00218695	0.00460703	0.0072146	0.0125473	0.0273145	0.00415189	0.00466318	0.001406	0.00444153	0.0123057	0.0501492	0.0350471	0.0156851	0.0126117	0.226115
145	0.110657	0.00105235	0.122144	0.0975125	0.00386001	0.0536826	0.00996925	0.00128265	0.0795975	0.0140861	0.00331856	0.146956	0.000614594	0.0376066	0.0244477	0.216245	0.0522575	0.0143087	0.00632063	0.00408069
146	0.0914151	0.00564793	0.0258665	0.0324641	0.00659785	0.025152	0.00619295	0.0343289	0.0877808	0.339367	0.0737065	0.0305908	0.0027508	0.0425742	0.0962171	0.0331725	0.0184266	0.0351352	0.0037763	0.00883632
147	0.0207007	0.00980634	0.486275	0.0637416	0.014563	0.104945	0.0173415	0.00697907	0.0235747	0.0106302	0.00593588	0.0678834	0.00828102	0.0143569	0.0137091	0.0527536	0.01536	0.0069111	0.00216405	0.0540887
148	0.0153591	0.0127817	0.0025273	0.00307735	0.0915081	0.00237704	0.0334624	0.0438446	0.00405114	0.126565	0.0722243	0.00338176	0.00137219	0.00432294	0.00299062	0.00575416	0.0144876	0.00786663	0.461381	0.0906658
149	0.339168	0.0233958	0.00174753	0.00880255	0.00235826	0.316127	0.00683921	0.0192698	0.0031671	0.00433085	0.0188659	0.00279491	0.00197664	0.00359873	0.00881921	0.20956	0.00593227	0.0206693	0.000598499	0.00197834
150	0.193617	0.00279503	0.0220617	0.0382504	0.0293317	0.176371	0.074927	0.0062679	0.0355087	0.0505249	0.0300579	0.00835765	0.011678	0.0534881	0.00572098	0.0584248	0.0261757	0.00558624	0.0446561	0.1262
151	0.0406324	0.0112933	0.107562	0.0363698	0.120041	0.0156332	0.0194076	0.0288613	0.0552194	0.0269309	0.0219809	0.143849	0.00559024	0.106283	0.108084	0.0397448	0.0338666	0.0467715	0.00371278	0.0281663
152	0.00734389	0.00291823	0.0015315	0.00176272	0.641721	0.00167792	0.00180529	0.0326187	0.00276455	0.127099	0.0121464	0.00230913	0.000909027	0.0045809	0.00208129	0.00611063	0.00446063	0.00335419	0.0180672	0.124738
153	0.523593	0.113003	0.000863903	0.00109251	0.0010358	0.0527963	0.00822506	0.0100648	0.00141422	0.00844118	0.0013743	0.0068556	0.000969282	0.0064303	0.000898317	0.155295	0.0434054	0.0629527	0.000313733	0.000975098
154	0.0539872	0.00251162	0.035811	0.0374491	0.00330098	0.00377762	0.267741	0.00445006	0.0828669	0.0239433	0.00387806	0.141913	0.00157601	0.0791521	0.114402	0.0799122	0.0515185	0.00559879	0.00241759	0.00379351
155	0.0292633	0.0912187	0.00480829	0.0135331	0.0223673	0.00737388	0.00608492	0.0183324	0.0121536	0.370506	0.224776	0.00573665	0.00247514	0.0806717	0.00800208	0.0352258	0.0133216	0.0429658	0.00174478	0.00943922
156	0.00879996	0.0156313	0.000410996	0.000665972	0.0401133	0.00488178	0.00161727	0.102046	0.000785035	0.586649	0.137623	0.000903652	0.000241885	0.00203468	0.000485657	0.00658149	0.0126323	0.0689831	0.000151718	0.00876146
157	0.0608607	0.011178	0.0283355	0.028842	0.0185234	0.113041	0.12354	0.0234551	0.039794	0.0645359	0.0230008	0.0826078	0.00861386	0.104718	0.0311884	0.0480552	0.0451329	0.0214159	0.0174532	0.105708
158	0.0434883	0.0022443	0.0269695	0.0425411	0.00313265	0.0051218	0.0593903	0.163414	0.12175	0.0572358	0.0271407	0.0229308	0.00075632	0.0524247	0.021132	0.0559748	0.108426	0.151903	0.00828452	0.0257401
159	0.0216053	0.00114309	0.389682	0.400919	0.00316276	0.0155522	0.00699393	0.00196443	0.0125551	0.0101458	0.00130762	0.0458017	0.000773477	0.0241495	0.00274224	0.0193081	0.0242419	0.00192166	0.000533252	0.015496
160	0.0154134	0.0246491	0.000585537	0.0013143	0.0606749	0.00424277	0.00466245	0.0965732	0.00342018	0.517635	0.136842	0.00136875	0.00029649	0.00381619	0.00104907	0.00717239	0.0123662	0.0898976	0.000245797	0.0177743
161	0.00815046	0.0132709	0.000328701	0.000499112	0.0469188	0.00405889	0.00147554	0.104206	0.000760789	0.58738	0.131555	0.000569131	0.000210024	0.0016564	0.000419688	0.00557389	0.0116464	0.0728392	0.000109427	0.00837166
162	0.0391007	0.00822884	0.0148593	0.0368833	0.0129936	0.0166272	0.022246	0.0234416	0.210415	0.0324217	0.0180806	0.0356265	0.00647856	0.085172	0.318051	0.0315131	0.0388934	0.0251405	0.00369422	0.0201322
163	0.0167472	0.0226013	0.000666197	0.00151306	0.0367866	0.00759826	0.0021621	0.0807374	0.00136133	0.568325	0.154298	0.000958432	0.000275056	0.00417722	0.0010695	0.009312	0.0159234	0.0663308	0.000240568	0.0089164
164	0.0181856	0.00444375	0.00295517	0.000883615	0.311558	0.000848248	0.00987706	0.00895483	0.0017752	0.0429832	0.00880112	0.0093652	0.00035821	0.0038817	0.00159593	0.00878921	0.00338828	0.00640363	0.00737445	0.547577
165	0.0155319	0.0167531	0.00756631	0.00181021	0.0669939	0.00157584	0.00622297	0.281812	0.00517654	0.309055	0.0726897	0.0200495	0.000621272	0.0074827	0.001764	0.00684562	0.0244728	0.139849	0.000587088	0.0131404
166	0.21366	0.0754224	0.00121255	0.00181646	0.0222127	0.0533555	0.00145699	0.0625097	0.0022555	0.0263935	0.00300922	0.00313756	0.00469049	0.00308718	0.00147693	0.172758	0.172692	0.166265	0.000456905	0.012131
167	0.00744127	0.00896526	0.00105967	0.000710143	0.0510077	0.00209704	0.0019069	0.163404	0.00108595	0.549947	0.0700557	0.0033978	0.000418992	0.00179906	0.000986603	0.00494854	0.0115132	0.113382	0.000294967	0.00557868
168	0.0459389	0.0122571	0.032677	0.030064	0.0190094	0.0199538	0.201636	0.0244043	0.046372	0.131542	0.0170676	0.156832	0.00793464	0.0574138	0.0432122	0.0493156	0.0483733	0.0197927	0.00744992	0.0287536
169	0.252796	0.0729291	0.00107389	0.00163965	0.0198119	0.0526147	0.00150699	0.0459806	0.00269156	0.0227719	0.00175254	0.00281509	0.00203575	0.00324938	0.00140016	0.173148	0.180599	0.147661	0.000356511	0.0131664
170	0.0231532	0.0047619	0.511894	0.0850361	0.0122271	0.0302869	0.0193233	0.00777926	0.0327776	0.0161065	0.00658093	0.082342	0.00497073	0.0197624	0.0181878	0.0451353	0.0209879	0.0072706	0.00191961	0.0494969
171	0.0406309	0.00618185	0.161641	0.199177	0.0131376	0.0187369	0.137953	0.0187269	0.0750788	0.0223045	0.00876229	0.0643629	0.00676513	0.0590364	0.0207909	0.0509548	0.0403872	0.0116533	0.00450271	0.0392157
172	0.0510498	0.00216748	0.196424	0.32891	0.00421088	0.0445419	0.00951089	0.00531994	0.0690698	0.0107427	0.00588274	0.0862551	0.00736936	0.0518209	0.0158018	0.0634476	0.0312258	0.00620333	0.0014341	0.00861226
173	0.0492549	0.00792497	0.0209608	0.00495826	0.00253183	0.740921	0.00279141	0.00367053	0.0162846	0.00331446	0.00450577	0.0414782	0.0012529	0.00374796	0.00746001	0.0716201	0.00821327	0.00398758	0.00334324	0.00177861
174	0.00445994	0.00464058	0.0157424	0.001058	0.000927782	0.845905	0.00102801	0.0013257	0.0183131	0.00183166	0.00232261	0.045923	0.000464133	0.00183261	0.0064891	0.0359275	0.00586162	0.00124348	0.00361486	0.00108832
175	0.0444291	0.0101797	0.0319419	0.120939	0.0173551	0.0212833	0.0241756	0.115366	0.0763619	0.0506495	0.018545	0.120471	0.0111374	0.0492268	0.0427483	0.0455191	0.0531632	0.120244	0.00609735	0.0201676
176	0.211512	0.0182074	0.00672392	0.0150048	0.0070535	0.013163	0.00783696	0.0407527	0.0217557	0.0600041	0.0138229	0.0103643	0.311937	0.0265657	0.0146193	0.050251	0.0336705	0.126365	0.00230589	0.00808387
177	0.253363	0.0734431	0.0321548	0.0153454	0.00955753	0.146313	0.0078955	0.0192854	0.0117134	0.0151407	0.0113165	0.0142091	0.00724895	0.0147362	0.00876492	0.258015	0.0506273	0.0416229	0.00181537	0.00743213
178	0.310032	0.0554696	0.00269498	0.00444764	0.0116863	0.0410943	0.00465138	0.0390016	0.00897466	0.0257419	0.0101068	0.00590975	0.00662473	0.00766157	0.00515686	0.153456	0.179623	0.118745	0.000786561	0.0081345
179	0.0423024	0.0057423	0.00661228	0.00784152	0.0717026	0.00630154	0.626213	0.011603	0.010324	0.0172804	0.00644973	0.00772818	0.00288228	0.0413322	0.0062971	0.034998	0.0136229	0.00848101	0.00486277	0.0674223
180	0.412736	0.0419947	0.0027443	0.00322526	0.00696062	0.0283194	0.00435098	0.0269273	0.00638354	0.0102445	0.00371349	0.00485321	0.00212215	0.00775184	0.00310988	0.120078	0.218804	0.0891625	0.000773501	0.00574515
181	0.226959	0.0779997	0.00104824	0.00149594	0.0180253	0.058947	0.0013038	0.0526972	0.0024352	0.0204588	0.00130964	0.00294432	0.00422551	0.00307636	0.00126276	0.174674	0.181987	0.158393	0.000377025	0.0103808
182	0.0498244	0.00420143	0.015614	0.070945	0.00769858	0.0135417	0.0664169	0.0270544	0.204755	0.0286411	0.00951506	0.040363	0.00983653	0.0749388	0.18608	0.0474813	0.0818129	0.0466641	0.00370342	0.0109126
183	0.0414607	0.0172881	0.00266271	0.00304723	0.0218866	0.00246754	0.00301966	0.272699	0.00457638	0.280485	0.0548254	0.00457551	0.00150679	0.00259771	0.0013787	0.00994397	0.0251785	0.244644	0.000235657	0.0055213
184	0.0193108	0.0130228	0.00248615	0.00505336	0.0165106	0.000769826	0.00234907	0.347145	0.00520157	0.185348	0.0405267	0.0033488	0.0020952	0.0016567	0.000931232	0.0045482	0.0167938	0.327663	0.000183797	0.00505555
185	0.431391	0.0158689	0.00157056	0.00737845	0.0020158	0.297473	0.00928312	0.011897	0.00296083	0.0051303	0.0121989	0.00225341	0.00195859	0.0031618	0.00767283	0.161751	0.0108506	0.0126399	0.000763907	0.00178017
186	0.247859	0.0434369	0.0169418	0.0159152	0.00762746	0.0282248	0.00753853	0.0201016	0.0182835	0.0190602	0.00922931	0.0180257	0.0143546	0.0148044	0.00927866	0.328872	0.116863	0.0530691	0.00241636	0.00809819
187	0.221616	0.0687737	0.00355697	0.00584442	0.00701922	0.0963392	0.0080772	0.0593152	0.013314	0.022369	0.00415782	0.0103239	0.0798335	0.0228869	0.00938032	0.112758	0.17549	0.0704084	0.00169858	0.00683833
188	0.0392435	0.0083677	0.00986674	0.015479	0.0318881	0.0254414	0.163753	0.0274499	0.0225754	0.2758	0.0212552	0.0323204	0.00536075	0.160695	0.0204241	0.0228691	0.0636362	0.0187685	0.00471562	0.0300905
189	0.209196	0.006554	0.0172725	0.0546565	0.0414037	0.0998397	0.0185501	0.0109589	0.0284798	0.0466519	0.0160491	0.0233517	0.0396403	0.0517542	0.0147495	0.240336	0.0265826	0.0113417	0.0122044	0.0304284
190	0.0207045	0.00772809	0.468639	0.0307025	0.01766	0.0368759	0.0203255	0.00556223	0.0164274	0.00888707	0.00466447	0.112529	0.00228811	0.0151355	0.0127251	0.0963531	0.0335473	0.00616995	0.00180617	0.0812682
191	0.23257	0.00614406	0.00261507	0.00278901	0.0027902	0.00471517	0.0023517	0.0305149	0.0254614	0.0137382	0.0128015	0.00282487	0.508696	0.0240795	0.00312478	0.0574343	0.00879648	0.0550265	0.00086595	0.00265989
