252	20
1	0.0996799	0.00178296	0.0133521	0.0290984	0.0561451	0.0123852	0.381233	0.00446594	0.0214365	0.0354615	0.00299781	0.0027666	0.0018197	0.121704	0.0382829	0.0504009	0.0214001	0.0215916	0.0195223	0.0644733
2	0.0670276	0.00392387	0.0138526	0.0318555	0.0509024	0.0163019	0.363383	0.00813051	0.0384453	0.0410247	0.00767551	0.0119545	0.00385009	0.0604228	0.0662218	0.0401813	0.0233877	0.0246928	0.0256813	0.101085
3	0.150987	0.0230165	0.0102255	0.00434593	0.000917738	0.625117	0.00111345	0.00145222	0.00474546	0.00209306	0.00134465	0.0198272	0.01383	0.00119109	0.00556666	0.125746	0.0022376	0.00242854	0.000410433	0.00340411
4	0.009071	0.00135969	0.046052	0.0498697	0.0119522	0.0106414	0.17709	0.0021275	0.207815	0.043746	0.00170718	0.0680989	0.00648347	0.0588799	0.16414	0.0502996	0.0535127	0.00975332	0.000606681	0.0267938
5	0.0637948	0.00764538	0.154186	0.0214442	0.00450806	0.219295	0.0164058	0.00609317	0.0185777	0.0118466	0.00649485	0.117303	0.0326877	0.0224045	0.0250244	0.182036	0.0524859	0.0320614	0.00215435	0.00355132
6	0.0279421	0.00278062	0.0272285	0.112885	0.0380129	0.00645765	0.0129574	0.121375	0.0463668	0.193229	0.0513478	0.0145022	0.0159945	0.071285	0.0673579	0.0338778	0.0382338	0.0974891	0.0137756	0.00690199
7	0.129777	0.0202381	0.00460705	0.00500692	0.0253673	0.158203	0.0100032	0.0074905	0.00656934	0.0194194	0.0512195	0.0523429	0.00444064	0.0131894	0.0182437	0.230606	0.199827	0.00960349	0.0298896	0.00395478
8	0.101694	0.00274332	0.0164401	0.00276413	0.0264669	0.0034541	0.0102572	0.0603404	0.0184028	0.373558	0.111147	0.0028013	0.116139	0.00537888	0.0203567	0.0324554	0.0308919	0.0609769	0.00120727	0.0025257
9	0.128937	0.0143094	0.0105482	0.0116692	0.150124	0.0210172	0.0169149	0.0332819	0.0157412	0.058019	0.0323688	0.0101692	0.260948	0.0156376	0.0180706	0.0310921	0.033131	0.107729	0.0135146	0.0167764
10	0.18755	0.00441764	0.206483	0.161888	0.00319949	0.0286023	0.0112264	0.0135317	0.0397576	0.0152662	0.00454784	0.0326406	0.00364342	0.0743397	0.05591	0.0919432	0.0343042	0.0219794	0.00169381	0.00707541
11	0.479629	0.0153622	0.00103301	0.0022864	0.00201366	0.0744692	0.00425085	0.0794144	0.00569674	0.0199579	0.013391	0.00767223	0.00106081	0.00515882	0.00492639	0.0349373	0.00934384	0.23132	0.000540286	0.00753635
12	0.226266	0.0332673	0.0127501	0.0484435	0.0170973	0.0180111	0.00631176	0.0507115	0.0106977	0.0343827	0.0135177	0.00806549	0.00975008	0.0126185	0.0106926	0.0247387	0.0319016	0.423213	0.00304715	0.00451707
13	0.105478	0.00653148	0.00266421	0.0245284	0.00389479	0.0240802	0.0074104	0.0327675	0.00914158	0.0467189	0.0249576	0.022954	0.00306197	0.0549943	0.022967	0.0435871	0.417506	0.14034	0.00411278	0.00230462
14	0.0904078	0.00163117	0.197957	0.466301	0.0005999	0.0317617	0.00838252	0.00105259	0.0421457	0.0134759	0.000753206	0.00368046	0.00595694	0.0804435	0.0125047	0.022305	0.00745187	0.00961144	0.000238412	0.00333881
15	0.0874146	0.0016171	0.200945	0.466358	0.000623166	0.032418	0.00907845	0.00102617	0.0415256	0.0126817	0.000792835	0.00370445	0.00594027	0.0806875	0.0123226	0.0224828	0.00752185	0.00952965	0.000251135	0.00307904
16	0.0596972	0.00695984	0.0248853	0.0148216	0.0398368	0.00836509	0.00815676	0.167914	0.0106176	0.157325	0.0424961	0.00756896	0.0539501	0.0142919	0.0213319	0.0177478	0.0214259	0.313619	0.00330792	0.00568068
17	0.181984	0.0024393	0.00254746	0.00258976	0.00287041	0.00426226	0.00339792	0.0183572	0.0321493	0.0069837	0.00392807	0.00270154	0.00248333	0.198021	0.103121	0.267856	0.00620244	0.154917	0.00123	0.00195826
18	0.199148	0.00234159	0.13174	0.184109	0.00383191	0.0174312	0.00793026	0.0100631	0.0702658	0.00935964	0.0058152	0.0401631	0.000322728	0.0677701	0.0811745	0.0859429	0.0650958	0.0141252	0.0021979	0.0011722
19	0.0651619	0.00930253	0.000890024	0.00359426	0.00902607	0.001235	0.00500309	0.262149	0.00198861	0.125303	0.0375527	0.000654849	0.00498549	0.00092013	0.00550396	0.00444014	0.031226	0.42925	0.00142631	0.000387098
20	0.169918	0.00899565	0.00131449	0.0014533	0.0135594	0.00210203	0.0113301	0.147891	0.00216063	0.24393	0.0549015	0.00136148	0.00558542	0.00219123	0.0144646	0.011631	0.041596	0.26036	0.00415988	0.00109458
21	0.116687	0.000921409	0.0277159	0.0687599	0.00488244	0.0174414	0.0196406	0.00506719	0.200049	0.0311033	0.0120231	0.0447433	0.00156685	0.0966884	0.273774	0.0294102	0.032079	0.012461	0.00482504	0.00016065
22	0.177915	0.00947126	0.000715357	0.00125504	0.027856	0.00164888	0.0214312	0.203889	0.00199796	0.227047	0.0260718	0.0013016	0.000970516	0.00164778	0.0103169	0.00754125	0.0674367	0.198971	0.0103982	0.00211793
23	0.442033	0.0961386	0.0027408	0.00872817	0.00331695	0.0240056	0.00332221	0.0121692	0.00336438	0.0123736	0.00497965	0.00362012	0.00619847	0.00477329	0.00412942	0.152036	0.163019	0.0490851	0.00254324	0.00142386
24	0.0299116	0.0102283	0.00109143	0.00406043	0.0123556	0.00146773	0.00643906	0.239904	0.00593781	0.094642	0.0474753	0.00129616	0.00521678	0.0016843	0.00841677	0.00335557	0.0578554	0.463617	0.0034173	0.00162676
25	0.208243	0.00866035	0.00254478	0.00466537	0.0021923	0.0283129	0.000989321	0.00167274	0.00350756	0.00326096	0.0035525	0.00107984	0.648279	0.00160974	0.0016409	0.0443378	0.0251266	0.00902838	0.000629266	0.000666954
26	0.0187523	0.0028667	0.00106172	0.00273287	0.00574321	0.00297775	0.00228863	0.249445	0.00155978	0.157395	0.0852398	0.000920278	0.0134312	0.00219426	0.00355189	0.00430796	0.00990102	0.434263	0.0004101	0.000957443
27	0.0152228	0.0074	0.00235968	0.0037156	0.00615295	0.00329187	0.00494066	0.274429	0.00560953	0.0348598	0.0319387	0.00237162	0.00413914	0.00374748	0.00705307	0.00615944	0.11253	0.45906	0.0133043	0.00171341
28	0.14434	0.0100887	0.00170107	0.00267746	0.00220248	0.0308852	0.000907638	0.00142688	0.00404088	0.00220691	0.00343839	0.000893616	0.728544	0.00143695	0.00147043	0.0355735	0.0189225	0.00823096	0.000443063	0.000569549
29	0.0295456	0.0132928	0.00101868	0.00148958	0.208975	0.0130525	0.0459544	0.00719599	0.0089966	0.0972355	0.001849	0.00140892	0.00936005	0.00858611	0.0233542	0.0204928	0.011673	0.0158187	0.0759446	0.404756
30	0.125729	0.0237691	0.013997	0.00513603	0.000757858	0.651948	0.00101443	0.00120941	0.00262369	0.00218768	0.00130087	0.0238333	0.0144125	0.00134343	0.00370647	0.118882	0.0023487	0.00207985	0.000383969	0.00333556
31	0.426238	0.005879	0.00134624	0.00218385	0.0018072	0.085432	0.010288	0.0629713	0.0126855	0.0210623	0.0238418	0.0156128	0.00132276	0.00731926	0.010689	0.0548372	0.0249949	0.226766	0.000746237	0.00397722
32	0.0855051	0.0395448	0.00715597	0.0131129	0.00715503	0.515586	0.00880034	0.0131418	0.0123598	0.0322951	0.0432179	0.00819672	0.0109039	0.0414953	0.0940936	0.0265002	0.0166456	0.0165409	0.00339823	0.00435074
33	0.0508704	0.00420871	0.00267094	0.00350343	0.019167	0.00506525	0.00291417	0.00525526	0.0040209	0.00851408	0.00419831	0.00377465	0.00303255	0.00371886	0.00545677	0.2968	0.556919	0.0165195	0.001524	0.00186632
34	0.128823	0.0227395	0.0113898	0.00500478	0.00165855	0.631412	0.00188868	0.00254873	0.00459729	0.00438764	0.00280762	0.0197872	0.0137793	0.00341037	0.00762771	0.121884	0.00423372	0.00318908	0.000734973	0.00809603
35	0.0117958	0.00490882	0.000525665	0.000722295	0.0136512	0.000962689	0.00132145	0.120403	0.000764845	0.636192	0.0498085	0.00304281	0.00174423	0.00582519	0.00680299	0.00375416	0.00412023	0.131059	0.000305892	0.00228953
36	0.126308	0.00383015	0.129392	0.306584	0.00316171	0.0260903	0.0131876	0.00803205	0.07829	0.022151	0.00754568	0.0217259	0.00873792	0.078379	0.0688036	0.045105	0.0320011	0.0152161	0.00222839	0.00323078
37	0.107285	0.0213952	0.0115259	0.00585962	0.000913558	0.688949	0.00199116	0.00231883	0.00271129	0.00458053	0.0021509	0.0160174	0.0129409	0.00246869	0.00653285	0.103515	0.00274671	0.00250204	0.000368201	0.00322726
38	0.114821	0.00586991	0.0048389	0.00579828	0.0176501	0.129032	0.184371	0.00971717	0.00692094	0.0148137	0.00854748	0.133551	0.00522736	0.267322	0.0085068	0.0485131	0.0120074	0.0150899	0.0035695	0.00383306
39	0.174207	0.0153558	0.000694517	0.0010761	0.0261963	0.00138369	0.0177486	0.207455	0.00154192	0.203769	0.0277532	0.00100819	0.000933525	0.00131742	0.0082657	0.00894628	0.0635723	0.230163	0.00720182	0.00141068
40	0.0394855	0.0609815	0.0157203	0.00380578	0.00480436	0.0367798	0.0122288	0.100525	0.00361694	0.0734073	0.0465246	0.0782341	0.0178601	0.0809968	0.00638823	0.156669	0.112716	0.112248	0.00131465	0.0356929
41	0.435904	0.00304674	0.00786563	0.014401	0.00160835	0.0208981	0.00136877	0.00185734	0.00172992	0.00300617	0.00199409	0.00135998	0.354363	0.00184815	0.00210404	0.0867375	0.0481285	0.0101813	0.000660271	0.000937997
42	0.120681	0.0252764	0.0109105	0.00443241	0.000668197	0.674403	0.000964461	0.00129446	0.00212625	0.0026089	0.00142792	0.0174247	0.0149789	0.00135687	0.00385524	0.110424	0.00175066	0.00181669	0.000334005	0.00326527
43	0.008722	0.0115189	0.00369644	0.00119412	0.00950526	0.00184073	0.00183338	0.446294	0.000722658	0.0808876	0.0217599	0.000501073	0.00273147	0.00189533	0.00110769	0.00634607	0.00795947	0.390973	0.000217442	0.000293812
44	0.0810993	0.33362	0.00277771	0.00388622	0.00417509	0.00678962	0.00443109	0.00543301	0.0047103	0.00800874	0.00516431	0.0035928	0.00288552	0.00506763	0.00555741	0.239175	0.239591	0.0398118	0.00157317	0.00264997
45	0.00660454	0.00419224	0.000436581	0.000491584	0.0373182	0.000730201	0.0005066	0.218135	0.000552406	0.471748	0.0885136	0.00148068	0.00657382	0.0016505	0.00808746	0.00204409	0.0034493	0.140629	0.000224106	0.00663222
46	0.0113578	0.00912279	0.504156	0.0308598	0.00139575	0.0368423	0.00703449	0.00432284	0.00673209	0.0034945	0.0019812	0.23499	0.00182305	0.0180161	0.0127199	0.0713398	0.0328989	0.00399901	0.00062203	0.00629144
47	0.0119608	0.00268789	0.0016727	0.00178405	0.186057	0.00301483	0.0033822	0.0135856	0.00227202	0.358461	0.226725	0.00198771	0.00326132	0.0112627	0.00507668	0.00554379	0.057982	0.0716426	0.0294684	0.00217151
48	0.0195279	0.0107477	0.00167171	0.00289035	0.0735974	0.00355565	0.00296576	0.220902	0.00346116	0.349383	0.0936101	0.00270871	0.00869975	0.00491476	0.0107827	0.00728488	0.0122968	0.159534	0.00196859	0.00949622
49	0.0919213	0.00440855	0.265934	0.107938	0.00336729	0.018765	0.00714575	0.0213489	0.0591003	0.00747333	0.00387284	0.155946	0.00131925	0.0481668	0.0526104	0.0628128	0.0733188	0.00919132	0.00141172	0.00394732
50	0.116687	0.000921409	0.0277159	0.0687599	0.00488244	0.0174414	0.0196406	0.00506719	0.200049	0.0311033	0.0120231	0.0447433	0.00156685	0.0966884	0.273774	0.0294102	0.032079	0.012461	0.00482504	0.00016065
51	0.00678695	0.00996797	0.00451549	0.000916677	0.00984921	0.0021296	0.00196119	0.46377	0.000678855	0.0763676	0.022331	0.000494937	0.00258399	0.00225885	0.000974077	0.00762247	0.00736786	0.37873	0.000357659	0.00033596
52	0.0271304	0.00243768	0.018185	0.041382	0.028502	0.00229759	0.0115277	0.161267	0.0238412	0.252721	0.0403631	0.0189037	0.0214233	0.0414808	0.0574695	0.0334899	0.03055	0.172797	0.00719593	0.00703525
53	0.199148	0.00234159	0.13174	0.184109	0.00383191	0.0174312	0.00793026	0.0100631	0.0702658	0.00935964	0.0058152	0.0401631	0.000322728	0.0677701	0.0811745	0.0859429	0.0650958	0.0141252	0.0021979	0.0011722
54	0.0883293	0.00161339	0.19997	0.467442	0.000587137	0.0321331	0.00862458	0.00102483	0.0418648	0.012793	0.000697166	0.00370585	0.00603136	0.0798115	0.0123942	0.0225319	0.0075389	0.00955372	0.000240419	0.00311259
55	0.0198673	0.00543503	0.312532	0.019997	0.00729899	0.153885	0.0241549	0.00392461	0.00672521	0.00828092	0.0025925	0.287614	0.00375101	0.0137697	0.013311	0.0791591	0.0232968	0.00573378	0.00458181	0.00408865
56	0.0359628	0.00419045	0.00394735	0.00391423	0.235964	0.00603401	0.0261952	0.00862016	0.00477746	0.133153	0.375355	0.00479213	0.0254707	0.0300331	0.0284311	0.0329935	0.0143655	0.0167866	0.00561531	0.00339815
57	0.0275577	0.0703623	0.0414652	0.00418122	0.00505369	0.0255962	0.0218595	0.1031	0.00516769	0.0927971	0.0315595	0.0631864	0.0121856	0.0779764	0.00671447	0.143074	0.101202	0.118068	0.00183372	0.0470593
58	0.310629	0.124968	0.00116473	0.00600228	0.00810615	0.0187046	0.00128041	0.0629254	0.00145667	0.015167	0.00209837	0.00113153	0.00101753	0.00167839	0.00171946	0.0317782	0.0531994	0.35511	0.000660194	0.00120252
59	0.0331086	0.0249343	0.0448847	0.00453952	0.0040825	0.00548111	0.0041494	0.0477772	0.0598484	0.0102767	0.00539912	0.00424019	0.0034551	0.0279048	0.215956	0.0448017	0.18058	0.253121	0.0232451	0.00221537
60	0.036983	0.0116579	0.00293393	0.00450025	0.00984137	0.00502829	0.00343619	0.294491	0.00302508	0.0877587	0.0336416	0.00186099	0.0113626	0.0035203	0.00505397	0.00818198	0.0228232	0.450205	0.0020527	0.00164264
61	0.020272	0.00339001	0.0266269	0.454378	0.00450232	0.0725835	0.00499803	0.00590944	0.041881	0.00969351	0.00494616	0.00408735	0.00364171	0.285755	0.00620877	0.0109886	0.0273644	0.00895222	0.00155693	0.00226444
62	0.14434	0.0100887	0.00170107	0.00267746	0.00220248	0.0308852	0.000907638	0.00142688	0.00404088	0.00220691	0.00343839	0.000893616	0.728544	0.00143695	0.00147043	0.0355735	0.0189225	0.00823096	0.000443063	0.000569549
63	0.114273	0.0217795	0.01135	0.00451783	0.000879133	0.675111	0.00190452	0.00170881	0.00297301	0.00351016	0.00173016	0.017021	0.0131502	0.00158948	0.00548658	0.113824	0.00327599	0.00224002	0.000598861	0.00307741
64	0.0254885	0.00648404	0.00120875	0.00512941	0.00554654	0.00185247	0.00222396	0.293766	0.00199057	0.10098	0.034587	0.000731901	0.00815394	0.00101579	0.00448439	0.00289406	0.0232507	0.479075	0.000775343	0.000361722
65	0.0309576	0.0550803	0.00658767	0.00710559	0.0429522	0.0682497	0.011266	0.0463338	0.00916456	0.0569365	0.0214982	0.0532951	0.00634912	0.0135118	0.108605	0.177827	0.21887	0.0209775	0.00604989	0.0383825
66	0.0342524	0.00827059	0.00427245	0.00693663	0.0920972	0.0416161	0.13237	0.00893433	0.0451224	0.0657332	0.00766305	0.00502048	0.00650938	0.0165702	0.0994228	0.0223955	0.0123238	0.0234151	0.136411	0.230663
67	0.0412751	0.00239908	0.0445365	0.232534	0.0047378	0.0204853	0.0158824	0.0464984	0.0988714	0.0825641	0.0418383	0.014212	0.0236868	0.124326	0.098848	0.0368238	0.0527451	0.00862623	0.00831017	0.000799205
68	0.199148	0.00234159	0.13174	0.184109	0.00383191	0.0174312	0.00793026	0.0100631	0.0702658	0.00935964	0.0058152	0.0401631	0.000322728	0.0677701	0.0811745	0.0859429	0.0650958	0.0141252	0.0021979	0.0011722
69	0.0204969	0.00774231	0.00216524	0.00359338	0.0630752	0.00301056	0.004024	0.198186	0.00352842	0.416467	0.0724653	0.00318096	0.00650835	0.00630039	0.0113029	0.00675222	0.0125456	0.147679	0.00217608	0.00879928
70	0.0258375	0.00689922	0.344221	0.034496	0.00512266	0.0878891	0.0216089	0.00717476	0.0162635	0.00855594	0.00348913	0.275295	0.00392733	0.0197917	0.0191534	0.0684377	0.0347648	0.00785282	0.00332723	0.00589267
71	0.199148	0.00234159	0.13174	0.184109	0.00383191	0.0174312	0.00793026	0.0100631	0.0702658	0.00935964	0.0058152	0.0401631	0.000322728	0.0677701	0.0811745	0.0859429	0.0650958	0.0141252	0.0021979	0.0011722
72	0.187587	0.00212086	0.0283201	0.180913	0.0290232	0.00356737	0.193273	0.00318626	0.0157062	0.0192853	0.0159104	0.0161517	0.00202551	0.0769722	0.0408287	0.00715864	0.00567851	0.0177371	0.00165676	0.152899
73	0.0241227	0.00300014	0.00075457	0.00133336	0.00720541	0.00183543	0.00459029	0.247536	0.00111671	0.559717	0.0266563	0.00207449	0.00249301	0.0148704	0.0043626	0.00353604	0.00681136	0.0859606	0.000602372	0.00142033
74	0.0491464	0.00311808	0.00262142	0.00788712	0.00177602	0.0024161	0.0536337	0.00223918	0.361347	0.0251619	0.0022382	0.00213059	0.00136877	0.0208438	0.441268	0.0124201	0.00495921	0.0036431	0.000754535	0.00102642
75	0.135794	0.000955391	0.0564057	0.0644709	0.000890547	0.0997531	0.0645131	0.00128891	0.0623874	0.0122932	0.00507103	0.138965	0.0211932	0.0421271	0.0605624	0.163602	0.0503236	0.0184816	0.000326098	0.000595348
76	0.00436703	0.00375488	0.00100505	0.00130826	0.237473	0.00511146	0.00239137	0.0365128	0.00148148	0.493683	0.138899	0.0013322	0.00172822	0.00435433	0.00499394	0.00380712	0.0157349	0.0230903	0.00746519	0.0115059
77	0.0407992	0.00608214	0.0045396	0.00658387	0.255338	0.00710538	0.00782178	0.0417297	0.00555867	0.124454	0.189492	0.00550527	0.00751816	0.03385	0.00999202	0.0129898	0.0581162	0.095217	0.0820863	0.00522212
78	0.0128162	0.0124157	0.00231041	0.00249049	0.463601	0.0134677	0.00852651	0.0564505	0.00451824	0.205802	0.0843485	0.00261033	0.00392104	0.00590716	0.0111595	0.00634042	0.00928838	0.0274641	0.0186049	0.0479571
79	0.0922061	0.0119639	0.00950139	0.00649626	0.00597486	0.0931045	0.0058439	0.00816976	0.00979938	0.01328	0.0299843	0.0117106	0.49981	0.0162643	0.0085536	0.12529	0.0305255	0.016056	0.00265523	0.00281073
80	0.0179372	0.0034601	0.00407109	0.00516798	0.00606321	0.014874	0.00337795	0.232813	0.00276866	0.0738046	0.0270433	0.00264237	0.0473936	0.0047291	0.00495123	0.00865996	0.0120355	0.52545	0.00118137	0.00157516
81	0.113599	0.0364284	0.0108246	0.00489987	0.00156215	0.653	0.00185908	0.00347795	0.00304066	0.00422092	0.00301881	0.0178687	0.0145306	0.00305294	0.00653937	0.108511	0.00617241	0.00335907	0.000558103	0.00347604
82	0.0624339	0.0173043	0.0107268	0.0190617	0.0093548	0.537859	0.0163872	0.0201445	0.0185479	0.0636001	0.0172088	0.0130967	0.0152907	0.0191073	0.0798826	0.035578	0.0192617	0.0162671	0.00377882	0.00510772
83	0.0707136	0.0230399	0.0134979	0.0160272	0.0264811	0.0479909	0.0211329	0.0239024	0.0216767	0.0568912	0.167652	0.119406	0.0154813	0.0263933	0.0323569	0.0595849	0.196021	0.038897	0.0133414	0.00951265
84	0.274459	0.150648	0.000941405	0.00439032	0.0119617	0.0156333	0.00121008	0.0755544	0.00135284	0.0311069	0.0141587	0.0020474	0.00185866	0.00405625	0.00161152	0.042618	0.0847731	0.277935	0.000425528	0.00325792
85	0.417907	0.00771412	0.00203626	0.00511152	0.00225755	0.0249947	0.00265358	0.00286456	0.00266846	0.0210207	0.00276119	0.0150817	0.00588661	0.014323	0.0075141	0.430016	0.0194018	0.00853885	0.0054423	0.0018064
86	0.0592801	0.115224	0.0129535	0.0102395	0.0156353	0.161164	0.0159435	0.0188708	0.0113483	0.0371961	0.0452184	0.0868188	0.0100278	0.0213754	0.0292954	0.072616	0.231596	0.0229581	0.0130112	0.00922767
87	0.101981	0.00313781	0.0478312	0.0260699	0.00336337	0.203193	0.0205566	0.00353446	0.0244751	0.0089691	0.00391938	0.213693	0.0102897	0.0134444	0.0466641	0.226302	0.0276052	0.01191	0.00157415	0.00148659
88	0.13511	0.0313398	0.0117874	0.00541009	0.00125152	0.638393	0.00148483	0.00207097	0.00300818	0.00375383	0.00190303	0.0177807	0.0210937	0.00194228	0.00512009	0.108099	0.00298381	0.00363428	0.000469967	0.00336339
89	0.200906	0.0185954	0.0160058	0.0127398	0.00344298	0.306815	0.00814439	0.00660992	0.0122913	0.0132549	0.00791274	0.037429	0.0149925	0.0126757	0.0173776	0.251934	0.0369864	0.015398	0.00367644	0.00281194
90	0.0819628	0.0163424	0.0583106	0.0379054	0.00253277	0.61786	0.00732471	0.0033565	0.00599261	0.00704349	0.00385131	0.0360604	0.0113218	0.00768037	0.00819703	0.0793424	0.00598578	0.00458192	0.00121914	0.00312915
91	0.0599601	0.0303488	0.00469254	0.00710578	0.0112626	0.0733144	0.0304406	0.0194991	0.0125381	0.0817034	0.129378	0.0286766	0.00668663	0.0176558	0.0186215	0.130947	0.293489	0.022934	0.01056	0.0101865
92	0.0818244	0.037715	0.00319995	0.00520568	0.0124679	0.102051	0.0290541	0.0112569	0.00660611	0.0436906	0.0966155	0.0734586	0.003859	0.0277113	0.0326729	0.0844238	0.30236	0.0130839	0.0270273	0.00571601
93	0.423675	0.0975697	0.0011104	0.0114491	0.00183493	0.0150298	0.00174656	0.00262997	0.00180991	0.00698361	0.00326148	0.00201514	0.00311281	0.00292098	0.00239903	0.142004	0.25337	0.0247427	0.0015305	0.000804188
94	0.0284967	0.00505036	0.0011291	0.00316288	0.00944092	0.00269778	0.00278933	0.243341	0.00191424	0.145086	0.0762051	0.00104586	0.0128366	0.00189281	0.00420114	0.00437686	0.0162301	0.438223	0.000811372	0.00106874
95	0.0434462	0.00308792	0.00245758	0.00778432	0.00169187	0.00218973	0.0503452	0.00212747	0.362423	0.0244616	0.00197586	0.00186576	0.0013067	0.0214042	0.452868	0.0110986	0.00455462	0.00336898	0.000632149	0.000910157
96	0.00642452	0.0039933	0.000441462	0.000535438	0.038095	0.000728216	0.00053893	0.222496	0.000540328	0.465704	0.090259	0.001434	0.007048	0.00165507	0.00848074	0.00199953	0.00358624	0.138763	0.00025054	0.00702661
97	0.130697	0.00262864	0.0425528	0.0320961	0.00227733	0.177461	0.0220025	0.00280864	0.0309381	0.00783242	0.00354919	0.187657	0.0106843	0.0160838	0.0442986	0.240963	0.0314498	0.0118703	0.00100238	0.00114764
98	0.0485759	0.00743935	0.00127638	0.00201321	0.0305676	0.00278071	0.013179	0.0223136	0.00715235	0.444346	0.262329	0.00202634	0.00222587	0.00630507	0.0215846	0.0105896	0.0129536	0.087376	0.00203809	0.0129276
99	0.0355184	0.00241955	0.0636928	0.228415	0.00321727	0.0121917	0.0189189	0.0144501	0.103201	0.0370232	0.0139328	0.0128858	0.00793122	0.0860807	0.146047	0.0733043	0.122754	0.0131269	0.00326104	0.00162725
100	0.278334	0.0548479	0.00232835	0.0192077	0.0161362	0.0138603	0.00217798	0.0570233	0.00248421	0.0242997	0.00417479	0.00190921	0.00278175	0.00308314	0.00289794	0.0178535	0.0269572	0.466288	0.000949686	0.00240556
101	0.162746	0.0420798	0.00338311	0.00673183	0.0193521	0.0155554	0.00620162	0.158233	0.00676713	0.127668	0.0351977	0.00519533	0.00740425	0.0105534	0.0111412	0.0415448	0.0420343	0.291368	0.00256802	0.0042758
102	0.011755	0.0029813	0.00280673	0.00273166	0.0327767	0.00427412	0.00342185	0.007232	0.00333599	0.597237	0.0765768	0.00312332	0.0188813	0.0213193	0.0195909	0.0222646	0.120376	0.0452917	0.00229706	0.00172726
103	0.438433	0.00300361	0.00771314	0.0139724	0.00159283	0.020806	0.00134717	0.00183682	0.0017263	0.00297522	0.00190571	0.00132622	0.35301	0.00178017	0.00201306	0.0865022	0.0481817	0.0102542	0.000674609	0.000945383
104	0.0115496	0.00765929	0.502061	0.0334736	0.00136891	0.0377682	0.0071532	0.00459103	0.00768397	0.00291541	0.00165417	0.234298	0.00149026	0.0192939	0.013335	0.0673709	0.0357865	0.00349526	0.000551204	0.00650069
105	0.089971	0.0136649	0.00873361	0.0171716	0.00996194	0.470412	0.0102122	0.0529174	0.019182	0.0762709	0.0193802	0.00889985	0.0131584	0.0217636	0.0841827	0.031292	0.0170841	0.024953	0.00485314	0.00593598
106	0.0121093	0.00212835	0.0944362	0.162678	0.00238615	0.0122417	0.0188296	0.00306173	0.0703239	0.0169622	0.00280947	0.0128851	0.0022517	0.0850069	0.213762	0.113305	0.162538	0.00835633	0.000891435	0.00303688
107	0.026933	0.00556523	0.00134309	0.00657414	0.00516083	0.00218322	0.00222141	0.285374	0.00202148	0.0959687	0.0333749	0.000785547	0.0100683	0.00109621	0.00530796	0.00284121	0.0250826	0.48674	0.000982554	0.000375626
108	0.00696519	0.00976479	0.00429058	0.000953206	0.00986864	0.00205966	0.00195513	0.461508	0.000655898	0.0787916	0.0225496	0.000481288	0.00264831	0.00220662	0.000967576	0.00735873	0.00663978	0.379796	0.000223585	0.000316024
109	0.00900267	0.00139587	0.0529842	0.0607603	0.0104556	0.0102403	0.164506	0.0020716	0.190463	0.0373455	0.00167015	0.0613218	0.00749528	0.0594742	0.171587	0.0586929	0.0633853	0.00929979	0.00062543	0.0272221
110	0.0533064	0.013396	0.00798389	0.0157246	0.00825905	0.0132363	0.0109393	0.0665348	0.0386701	0.0739258	0.0216381	0.0176493	0.00556508	0.0572188	0.0273045	0.0878153	0.321744	0.147039	0.00628935	0.00575944
111	0.25056	0.0101164	0.00560382	0.00471691	0.00281545	0.435556	0.00382808	0.0047044	0.0301177	0.00705142	0.00403482	0.011978	0.00740521	0.0039168	0.0473251	0.15277	0.00615719	0.00700376	0.00104657	0.00329139
112	0.268177	0.0111298	0.0166412	0.02374	0.00912479	0.101615	0.0167446	0.032084	0.142332	0.0293141	0.0181839	0.0246653	0.00851785	0.0258722	0.0420631	0.0602567	0.0313041	0.128173	0.00426199	0.00580014
113	0.109597	0.0312346	0.00320171	0.00348566	0.00700429	0.0459034	0.00378725	0.00586687	0.0188627	0.0101481	0.00944417	0.0248831	0.00341099	0.00550816	0.023911	0.501764	0.172539	0.00962185	0.00744234	0.00238385
114	0.296154	0.00483369	0.00193897	0.00640798	0.00215337	0.0114718	0.00204852	0.00289713	0.00255978	0.0184643	0.00271756	0.00662506	0.012098	0.00712425	0.0140658	0.577808	0.0169361	0.00930347	0.0031028	0.0012888
115	0.507447	0.0102071	0.00117186	0.0140297	0.00137391	0.0378836	0.00154946	0.0059794	0.00140967	0.0431242	0.0202243	0.00164244	0.0171178	0.0101317	0.00241347	0.146123	0.138443	0.033652	0.00520725	0.000869006
116	0.0994941	0.0186001	0.0441022	0.0162741	0.00183676	0.606782	0.00443732	0.00254059	0.00541189	0.00455134	0.00235292	0.0372815	0.0137787	0.00592072	0.00761584	0.112504	0.00716319	0.00526653	0.000800591	0.00328545
117	0.0486231	0.0128178	0.00278606	0.00381387	0.189187	0.0112882	0.0343344	0.0109521	0.0110646	0.0940575	0.00486865	0.0030272	0.0400357	0.00853849	0.0172975	0.0208926	0.0283342	0.0192548	0.0608181	0.378008
118	0.0123835	0.00751459	0.467656	0.0380448	0.00195669	0.0417416	0.0104836	0.00640583	0.010357	0.00378518	0.00212111	0.248734	0.00169829	0.0193121	0.0137222	0.0619391	0.0384504	0.0040634	0.000923833	0.00870669
119	0.0105845	0.00321624	0.00145479	0.00172389	0.123086	0.0033451	0.00357713	0.0519415	0.00259563	0.545859	0.142175	0.00209895	0.0057024	0.00627027	0.0062004	0.0075267	0.0301399	0.0409504	0.00646426	0.00508808
120	0.0893974	0.00657803	0.00559813	0.00766319	0.0405693	0.0127521	0.00678678	0.0093074	0.0445195	0.050253	0.0488266	0.198145	0.038545	0.0115432	0.0449438	0.0180792	0.308123	0.0503897	0.00378025	0.00419864
121	0.135794	0.000955391	0.0564057	0.0644709	0.000890547	0.0997531	0.0645131	0.00128891	0.0623874	0.0122932	0.00507103	0.138965	0.0211932	0.0421271	0.0605624	0.163602	0.0503236	0.0184816	0.000326098	0.000595348
122	0.0176918	0.00467065	0.000838322	0.00129625	0.0131852	0.00222167	0.00204638	0.123381	0.00109025	0.621914	0.0496262	0.00481123	0.0020197	0.0074221	0.00688852	0.00545511	0.00619205	0.126664	0.000524951	0.00206042
123	0.00451332	0.0103593	0.00133923	0.00139649	0.526853	0.0151928	0.00387631	0.0684279	0.00167236	0.184918	0.0921678	0.0015511	0.00128964	0.00241851	0.00927731	0.00327124	0.0035318	0.0129458	0.0113088	0.0436891
124	0.0107768	0.0149542	0.00346496	0.00150916	0.00861136	0.00195504	0.00161994	0.439786	0.00101525	0.0709773	0.0196885	0.000579932	0.0029269	0.00181012	0.00147074	0.00592276	0.013004	0.398835	0.000718346	0.000373919
125	0.107183	0.0217749	0.0130358	0.00696176	0.00114954	0.682417	0.00245981	0.00179262	0.00266941	0.00393796	0.00165687	0.022709	0.0131269	0.00222272	0.0058684	0.103116	0.00213323	0.00229572	0.000499588	0.00298927
126	0.391348	0.0120163	0.00134983	0.0144901	0.00169934	0.0198497	0.00180199	0.00301785	0.00216563	0.0199663	0.00641366	0.00429817	0.0107855	0.00720057	0.00682307	0.402327	0.0673992	0.0219115	0.00409316	0.00104397
127	0.102883	0.0248891	0.146869	0.305769	0.00513821	0.0272147	0.0130778	0.0117544	0.0729052	0.0253349	0.00965604	0.0218857	0.0109442	0.0672575	0.0488847	0.0437491	0.0369499	0.0177809	0.0030525	0.00400472
128	0.18228	0.0108761	0.000658959	0.00108866	0.0204113	0.00128222	0.0178199	0.203331	0.00133281	0.211535	0.0286746	0.000955417	0.000810749	0.00130809	0.00880798	0.00826977	0.0618895	0.230467	0.00757814	0.000623165
129	0.112599	0.0269974	0.00321355	0.0534137	0.00432598	0.0134554	0.0451511	0.0746384	0.0070694	0.0160897	0.0106382	0.00709872	0.00309153	0.0574955	0.0130138	0.102547	0.358222	0.0613998	0.0228064	0.00673266
130	0.0439884	0.00513233	0.00116787	0.00137908	0.015758	0.00181247	0.00242619	0.108103	0.00154463	0.499486	0.0475063	0.00280052	0.00164218	0.00266098	0.0126268	0.0104056	0.00985661	0.229061	0.000717753	0.00192378
131	0.0351101	0.00308151	0.00179161	0.00950509	0.00157975	0.00234324	0.0382897	0.0021043	0.360038	0.0225708	0.00202024	0.00170797	0.00119159	0.0261899	0.474158	0.0090688	0.00443923	0.00344636	0.000564407	0.000799485
132	0.0151051	0.0045717	0.000731035	0.00138451	0.0142365	0.00125876	0.00171481	0.144326	0.00112832	0.564205	0.0459957	0.00283611	0.00252309	0.00483071	0.00690423	0.00455513	0.00937159	0.171426	0.000575223	0.00232025
133	0.0842012	0.00170615	0.00982771	0.0244344	0.0608334	0.0149099	0.418616	0.00427515	0.0215318	0.0273069	0.00272911	0.00242387	0.00174806	0.0923919	0.0368004	0.0520764	0.0181536	0.0265313	0.0209883	0.0785146
134	0.132362	0.00977654	0.00163149	0.00242052	0.00229661	0.0326944	0.0010118	0.00151179	0.00455598	0.00243103	0.00401759	0.000925487	0.737225	0.00156163	0.00163337	0.0372421	0.0174306	0.0080422	0.000582116	0.000647415
135	0.0287286	0.00255792	0.0156993	0.0357519	0.0323487	0.00182272	0.0137143	0.154567	0.026578	0.251461	0.048672	0.0185127	0.0172596	0.0533458	0.0670424	0.0286767	0.0318133	0.155618	0.0079783	0.00785213
136	0.289888	0.0128025	0.256	0.0750945	0.00225275	0.0490159	0.0327596	0.00513942	0.0136389	0.00690882	0.00282276	0.0251317	0.0121249	0.0571044	0.0274859	0.11434	0.00463178	0.00856291	0.000912947	0.00338207
137	0.369051	0.136231	0.00128029	0.00831844	0.00321355	0.0123629	0.00209308	0.011043	0.00257512	0.00841669	0.00498624	0.00291733	0.00215699	0.00331564	0.00384437	0.139831	0.234633	0.0510738	0.00105174	0.00160362
138	0.332415	0.116458	0.000939717	0.00420572	0.00790292	0.0281442	0.00164826	0.0764215	0.00183167	0.0213856	0.00656597	0.00190572	0.00133176	0.00257049	0.00194286	0.0363877	0.0547541	0.300109	0.000491575	0.00258793
139	0.196405	0.00249973	0.141528	0.179465	0.00367056	0.0193301	0.00808715	0.00994616	0.0664994	0.00916726	0.00537495	0.0418659	0.000502058	0.0687317	0.0813425	0.0873036	0.0610969	0.0137618	0.00206152	0.00136111
140	0.407827	0.114677	0.0011184	0.00904643	0.00176643	0.0103396	0.00164435	0.00248444	0.00176649	0.00483712	0.00210971	0.00159565	0.00196959	0.00235192	0.00231231	0.137403	0.267196	0.0276936	0.00103041	0.000831046
141	0.278023	0.12707	0.000982312	0.00579246	0.0134866	0.0163216	0.00121187	0.0689244	0.0014103	0.0292323	0.0130505	0.00173622	0.00189016	0.00421348	0.00155465	0.0413655	0.0774219	0.312405	0.000527291	0.00338135
142	0.175417	0.095313	0.00119898	0.010946	0.0302942	0.0231459	0.00189486	0.113528	0.00164615	0.0704221	0.0587811	0.00500992	0.00860641	0.0172649	0.00196239	0.0492729	0.0995282	0.219966	0.00073865	0.0150639
143	0.132575	0.0252096	0.0131103	0.00624893	0.000895471	0.619183	0.00143741	0.00131754	0.00342305	0.00225103	0.00156411	0.0318655	0.0158001	0.00147474	0.00504551	0.1285	0.00380412	0.00254722	0.000528696	0.0032187
144	0.00678244	0.00591974	0.00345359	0.00149402	0.00670989	0.00666871	0.00508144	0.418141	0.00101843	0.0962876	0.0291865	0.000853122	0.0107366	0.00575691	0.00171904	0.0158478	0.00553726	0.377926	0.000316832	0.000563642
145	0.0535904	0.00539828	0.072393	0.00768711	0.00626639	0.0834486	0.00770505	0.010021	0.00709861	0.0166267	0.0101307	0.00781875	0.176067	0.218726	0.00935499	0.156632	0.125652	0.0156832	0.00383359	0.00586736
146	0.0208979	0.00302984	0.00111132	0.0030884	0.00328811	0.00309487	0.00261603	0.252969	0.0016836	0.133738	0.077009	0.000922702	0.0143517	0.00217774	0.00343639	0.00457271	0.0121989	0.458878	0.000509453	0.000427354
147	0.51818	0.0047621	0.00108149	0.0174625	0.00150488	0.046958	0.00144855	0.00714101	0.00147892	0.0473856	0.0228339	0.00149513	0.0170846	0.012113	0.00196026	0.125036	0.129016	0.0368855	0.00533685	0.000835108
148	0.0968562	0.0222099	0.0253815	0.0506051	0.00596032	0.0125423	0.0227131	0.0122195	0.219074	0.0308705	0.0125038	0.0234107	0.00519808	0.0717904	0.280242	0.0298219	0.0504616	0.0217332	0.00415005	0.00225602
149	0.110427	0.132752	0.00108693	0.00473291	0.0371194	0.00686948	0.0023788	0.173354	0.00203791	0.0829309	0.0656649	0.00314374	0.0032272	0.00660755	0.00245696	0.0334171	0.0675718	0.256854	0.000681859	0.0066861
150	0.116687	0.000921409	0.0277159	0.0687599	0.00488244	0.0174414	0.0196406	0.00506719	0.200049	0.0311033	0.0120231	0.0447433	0.00156685	0.0966884	0.273774	0.0294102	0.032079	0.012461	0.00482504	0.00016065
151	0.46284	0.00814287	0.00122794	0.00315039	0.0033459	0.0796935	0.00541729	0.0627512	0.00695937	0.0306483	0.0334335	0.00926022	0.00404739	0.0128555	0.00582659	0.0667368	0.0296908	0.168151	0.00150392	0.00431748
152	0.103249	0.121071	0.000950953	0.00367612	0.0604478	0.00545129	0.00344312	0.187217	0.0024346	0.0924046	0.0544269	0.0023533	0.00262837	0.00484804	0.00218477	0.0313187	0.0618421	0.250034	0.000893407	0.00912428
153	0.0346267	0.011442	0.0113569	0.0128105	0.0121523	0.015631	0.0123305	0.199355	0.199834	0.0332966	0.0173624	0.174339	0.0109387	0.0209092	0.0196009	0.0862182	0.0267644	0.0895203	0.00542952	0.00608157
154	0.125204	0.00106606	0.0240167	0.0625213	0.00589906	0.0196776	0.0185975	0.00470715	0.19174	0.0399424	0.0161563	0.0420077	0.00310612	0.0909542	0.257621	0.0399609	0.0318055	0.0201273	0.00458817	0.000299964
155	0.180305	0.00236408	0.0133984	0.0603238	0.00297939	0.0271634	0.00342679	0.00319918	0.093598	0.0806268	0.0273645	0.0140451	0.00204202	0.0837405	0.079064	0.169877	0.0584742	0.0852558	0.0113582	0.00139446
156	0.224579	0.00939036	0.00369497	0.00636844	0.00201797	0.0259924	0.00110284	0.00225971	0.00355682	0.00562837	0.00414546	0.00191236	0.588811	0.00270634	0.00213051	0.058732	0.0449667	0.0102402	0.00099231	0.000771682
157	0.0308213	0.0419576	0.00277121	0.00364511	0.00487782	0.012999	0.0785189	0.022933	0.0214376	0.0670219	0.131887	0.00671305	0.0029944	0.00565209	0.00708638	0.0926906	0.435129	0.00853657	0.00290924	0.0194189
158	0.0248436	0.00534489	0.0029832	0.00474735	0.0254275	0.00205062	0.00413879	0.171594	0.00787906	0.429452	0.0758589	0.00350666	0.00721669	0.010328	0.0245397	0.00881424	0.0121989	0.172183	0.00165111	0.00524078
159	0.00476832	0.0131751	0.00124063	0.00146866	0.532601	0.0154588	0.0051526	0.0638532	0.00162062	0.195608	0.0815917	0.00145144	0.00127736	0.00257666	0.00807053	0.00317631	0.00355309	0.0152628	0.014414	0.0336789
160	0.00644265	0.00405757	0.000426614	0.000489369	0.0378762	0.000722008	0.000521516	0.220526	0.000550215	0.468527	0.0896768	0.00142444	0.0068182	0.00160473	0.0082147	0.00201907	0.0035025	0.139539	0.000230573	0.00683147
161	0.0852169	0.00464534	0.0755117	0.238748	0.00505793	0.0248603	0.0236694	0.0129789	0.106059	0.030283	0.0115649	0.0267167	0.00861313	0.0831796	0.0982528	0.0568381	0.0812889	0.0188498	0.00326305	0.00440277
162	0.0151292	0.0239373	0.00220283	0.00388074	0.439804	0.0112544	0.0225472	0.0417155	0.00389624	0.224525	0.0587356	0.00301387	0.00314752	0.00642906	0.00875132	0.00740451	0.0123875	0.055515	0.0297541	0.0259693
163	0.148745	0.00808502	0.00427818	0.0333526	0.0112058	0.0262325	0.219847	0.0371321	0.00666774	0.0127247	0.00672028	0.00520469	0.00254968	0.0793587	0.0282898	0.122728	0.146345	0.0628757	0.00858024	0.0290775
164	0.130087	0.02559	0.0109136	0.00452504	0.000714677	0.658564	0.000831338	0.00123189	0.00224037	0.00243514	0.00140805	0.0180908	0.0168349	0.00128114	0.00350745	0.113093	0.00280098	0.00209785	0.000394246	0.00335871
165	0.182033	0.00217596	0.137448	0.20923	0.00349543	0.0189469	0.00788528	0.010808	0.0685847	0.0128306	0.00625669	0.0364878	0.00136591	0.0699854	0.0763391	0.0801433	0.0588186	0.0134791	0.00222308	0.00146343
166	0.0883127	0.00161927	0.200063	0.467448	0.000587301	0.0321568	0.00863529	0.00102428	0.0418506	0.0127709	0.000695492	0.00370901	0.00602186	0.0797732	0.0123973	0.0225168	0.00753789	0.0095418	0.000240454	0.00309759
167	0.0443249	0.0189438	0.00383827	0.00738592	0.0205078	0.00321611	0.0131852	0.11854	0.0985158	0.16551	0.143163	0.00434711	0.0033629	0.0707816	0.13335	0.0420524	0.0252406	0.079464	0.00187576	0.00239522
168	0.15499	0.00127172	0.0768492	0.0879341	0.00154305	0.0688059	0.0443226	0.0032101	0.0666358	0.0114288	0.00488617	0.12258	0.0132138	0.0456673	0.0648561	0.148478	0.0652197	0.0168555	0.000709521	0.000542599
169	0.116687	0.000921409	0.0277159	0.0687599	0.00488244	0.0174414	0.0196406	0.00506719	0.200049	0.0311033	0.0120231	0.0447433	0.00156685	0.0966884	0.273774	0.0294102	0.032079	0.012461	0.00482504	0.00016065
170	0.0160042	0.00539632	0.00296564	0.00548976	0.0145829	0.00282435	0.00426592	0.154804	0.00522948	0.529898	0.0534571	0.00579621	0.00510237	0.0195004	0.014179	0.0104674	0.00994793	0.135254	0.00198407	0.00285019
171	0.0317912	0.00913271	0.00422079	0.00521786	0.279091	0.0135823	0.0117075	0.0382716	0.0061002	0.149374	0.165091	0.0086259	0.0070193	0.0220686	0.012793	0.0142106	0.0463876	0.0647322	0.0896018	0.0209809
172	0.184831	0.00330916	0.116244	0.169754	0.00355116	0.0186593	0.0122816	0.00881743	0.0883847	0.0106215	0.00684893	0.0431355	0.00108993	0.0702425	0.0917905	0.0855623	0.0685562	0.0132506	0.00211133	0.000958165
173	0.495833	0.00832593	0.00158611	0.0096803	0.00582132	0.0473704	0.00247886	0.0259399	0.00283576	0.0645073	0.0477676	0.00261836	0.0214342	0.0197599	0.0028609	0.089844	0.0998573	0.0443033	0.004379	0.00279658
174	0.0901341	0.00655276	0.0353699	0.0532666	0.0123903	0.0352581	0.0286737	0.0136665	0.131769	0.0379318	0.013655	0.0860446	0.00819485	0.0624055	0.247067	0.0538584	0.0497851	0.022058	0.00561559	0.00630329
175	0.0983034	0.00161634	0.0329934	0.0581557	0.00637075	0.0157041	0.0543139	0.0054959	0.211031	0.0315992	0.00981359	0.0417156	0.00230463	0.0779925	0.268109	0.0323573	0.0306462	0.0118755	0.0045175	0.00508445
176	0.135114	0.00102335	0.0563913	0.0652787	0.000978835	0.0978088	0.0640503	0.00129581	0.0615886	0.012575	0.005419	0.143195	0.0203867	0.0426896	0.0586529	0.163099	0.0509083	0.0186174	0.000328479	0.000599073
177	0.0354186	0.0092671	0.00135103	0.00201146	0.184666	0.0213426	0.065693	0.00540245	0.0083707	0.114995	0.00308156	0.00203729	0.00722289	0.00647982	0.0264138	0.0177262	0.0090988	0.0289588	0.108752	0.341711
178	0.0299582	0.00918584	0.00128157	0.00185588	0.17821	0.020917	0.0606464	0.00511706	0.00924733	0.108687	0.00260459	0.00173761	0.00712036	0.00683928	0.0299457	0.0195617	0.00862912	0.0222475	0.115503	0.360705
179	0.357295	0.0198328	0.00166264	0.00561863	0.00383418	0.0343392	0.00210805	0.00264584	0.00537869	0.0134266	0.00463561	0.011161	0.0049619	0.0072584	0.00826432	0.424363	0.070639	0.00966536	0.0116146	0.00129549
180	0.227151	0.0872055	0.0011374	0.00672479	0.0311108	0.032768	0.00173695	0.088075	0.00167411	0.0815739	0.0651576	0.00408126	0.00600682	0.0176489	0.00213772	0.0694815	0.0950961	0.165382	0.00070852	0.0151427
181	0.0418381	0.0161807	0.00315815	0.00483947	0.0216263	0.0024109	0.0100603	0.125557	0.0961471	0.178267	0.14558	0.00365829	0.00285442	0.0705976	0.132471	0.0371634	0.0220299	0.0820499	0.00164377	0.00186762
182	0.145259	0.00108952	0.052018	0.0595511	0.00109871	0.0977848	0.0646458	0.00154588	0.0612228	0.0137899	0.00531066	0.133629	0.0206982	0.0432846	0.0632235	0.166162	0.0488572	0.0197108	0.000392464	0.000726679
183	0.0514995	0.0144111	0.0065484	0.00878546	0.0233351	0.00838085	0.00677972	0.21794	0.00697545	0.225816	0.0409437	0.00777465	0.00879735	0.0121794	0.0157102	0.0329047	0.0253205	0.277918	0.00260599	0.00537398
184	0.133841	0.00963741	0.00253066	0.00295282	0.00343479	0.0317553	0.00180948	0.00180098	0.00511669	0.00384445	0.00414314	0.00200156	0.723443	0.00256703	0.00224196	0.0396206	0.0193219	0.00862415	0.000566908	0.000745935
185	0.00834413	0.00248098	0.000733215	0.000841259	0.0378421	0.00124821	0.0009116	0.369834	0.000869409	0.34965	0.0739043	0.00100266	0.013043	0.00136038	0.00646811	0.0020441	0.00697337	0.114605	0.000329014	0.00751588
186	0.132845	0.00479935	0.037021	0.0448447	0.00740817	0.0743497	0.125442	0.00755677	0.0440365	0.0193785	0.0101906	0.122198	0.0165026	0.0561988	0.0466387	0.176493	0.0436624	0.0226097	0.00268801	0.00513612
187	0.116861	0.00095406	0.0278069	0.0688216	0.00490809	0.0173994	0.0197594	0.00504151	0.200166	0.0309603	0.0119924	0.0447881	0.00156401	0.096809	0.272965	0.0295935	0.0321956	0.0124571	0.00479612	0.000160692
188	0.00715349	0.00669254	0.00141565	0.00154151	0.34267	0.0100526	0.00414915	0.0571076	0.00205521	0.357549	0.116609	0.00174744	0.00190373	0.00376145	0.0078701	0.0043723	0.00990525	0.0199138	0.00961937	0.0339111
189	0.44195	0.00290236	0.00756744	0.0142399	0.00153583	0.0214368	0.00133668	0.0019138	0.00169684	0.0038798	0.00235193	0.00136049	0.343969	0.00196635	0.00204886	0.0862506	0.0509489	0.0110173	0.000726663	0.000899855
190	0.0883127	0.00161927	0.200063	0.467448	0.000587301	0.0321568	0.00863529	0.00102428	0.0418506	0.0127709	0.000695492	0.00370901	0.00602186	0.0797732	0.0123973	0.0225168	0.00753789	0.0095418	0.000240454	0.00309759
191	0.189694	0.0540667	0.000879777	0.00213937	0.0191024	0.00489411	0.00894938	0.18389	0.00144508	0.169072	0.0386914	0.00157409	0.00152612	0.00345729	0.00645682	0.0284078	0.0486446	0.231403	0.00323196	0.00247534
