407	20
1	0.0342304	0.0105652	0.00786308	0.015636	0.0651946	0.00471163	0.20934	0.047338	0.0247829	0.0500155	0.0650415	0.0612017	0.00340736	0.0398687	0.023292	0.152512	0.0427146	0.00963627	0.00536036	0.127289
2	0.00922335	0.00356359	0.000697121	0.000623826	0.340143	0.00068636	0.0207502	0.0546319	0.00575789	0.212465	0.0551169	0.00166655	0.00509827	0.0189434	0.00568918	0.00839196	0.013173	0.0493207	0.0209805	0.173077
3	0.118073	0.00467458	0.0479844	0.13728	0.00963149	0.0251417	0.0209095	0.0216975	0.0990606	0.0262256	0.0165583	0.0558153	0.00362123	0.13413	0.0517799	0.115544	0.0689302	0.0383789	0.000310236	0.00425295
4	0.154325	0.00858896	0.0555011	0.0394655	0.0208007	0.381562	0.00870403	0.00644319	0.0240428	0.00562002	0.0075608	0.0791524	0.00214385	0.0249343	0.0146616	0.137561	0.0210169	0.00537152	0.000670078	0.00187372
5	0.0677464	0.0071466	0.0152197	0.0421022	0.0218231	0.00436649	0.00994037	0.160087	0.0242484	0.174066	0.0495259	0.024386	0.00524885	0.0438563	0.00829032	0.0484705	0.0689358	0.205499	0.00336047	0.015681
6	0.00557522	0.00326257	0.303116	0.576165	0.00553368	0.00727628	0.0136298	0.00085123	0.00540731	0.00303861	0.000891898	0.010608	0.00594363	0.0379381	0.00590943	0.00550513	0.00712677	0.00151789	0.000209507	0.000494031
7	0.0612764	0.00122386	0.191535	0.279663	0.00304021	0.0519768	0.0134543	0.00568658	0.0684485	0.0103635	0.00980872	0.0573951	0.0250814	0.0739524	0.019777	0.0862169	0.0193812	0.0133751	0.00144934	0.00689449
8	0.365417	0.0332212	0.00603282	0.00757282	0.00408875	0.011972	0.0277192	0.0128942	0.00712503	0.0165117	0.0103216	0.0137207	0.0478454	0.0229917	0.00494792	0.195243	0.111029	0.0763956	0.000642247	0.0243077
9	0.0278693	0.0170341	0.00334951	0.00405597	0.0064112	0.000974481	0.00104656	0.239408	0.00150023	0.154022	0.0331146	0.00575497	0.000727644	0.00539083	0.00150623	0.0157415	0.125773	0.354865	0.000514101	0.000940592
10	0.0436503	0.00234619	0.0012427	0.00145602	0.277155	0.00244326	0.00653233	0.188727	0.00434142	0.250895	0.0338755	0.0107407	0.00311647	0.0307203	0.00480621	0.00643101	0.0106628	0.0646916	0.00223214	0.0539346
11	0.0170721	0.00676765	0.00609706	0.00409344	0.00936568	0.0427609	0.00366283	0.00269943	0.248341	0.0173046	0.0166947	0.0696098	0.00143384	0.0598033	0.344748	0.0778366	0.047268	0.019636	0.0020151	0.00279066
12	0.0720434	0.0147811	0.0378183	0.0102386	0.00634504	0.0293923	0.0227128	0.00692706	0.0258871	0.0124841	0.00484081	0.294558	0.00741657	0.0194141	0.0120783	0.33329	0.0672765	0.0129895	0.00356932	0.00593654
13	0.0278184	0.0186764	0.00220786	0.00283231	0.0096461	0.0012601	0.00108116	0.255645	0.00113914	0.172492	0.0358761	0.00415032	0.000821278	0.00458893	0.0015063	0.01298	0.0969024	0.34852	0.000594673	0.00126109
14	0.0725911	0.000816109	0.197983	0.323775	0.00324921	0.0326099	0.0139427	0.0065046	0.0517125	0.0116678	0.00963553	0.0488652	0.00848596	0.0830674	0.0148016	0.0695427	0.0243082	0.0164493	0.00165053	0.00834161
15	0.687192	0.0176484	0.00141828	0.00252666	0.000771739	0.0604167	0.00266472	0.0110065	0.00221618	0.00778027	0.00255885	0.00322647	0.0103742	0.00467366	0.00223477	0.0985882	0.0532905	0.0278289	0.00162392	0.00195936
16	0.198415	0.178217	0.00153372	0.0022386	0.00395891	0.0289604	0.00152966	0.10253	0.00190669	0.0341703	0.0185612	0.00472764	0.00404183	0.00592684	0.002347	0.0620942	0.0436975	0.297407	0.00051222	0.00722412
17	0.0246089	0.0103551	0.00438204	0.00947915	0.00643896	0.0427965	0.00770513	0.00402181	0.22724	0.0297362	0.0236277	0.0778385	0.0045282	0.0867892	0.288335	0.0713982	0.0482485	0.0262762	0.00167831	0.00451686
18	0.100133	0.00217052	0.129987	0.289049	0.0046748	0.0324211	0.0134945	0.0101422	0.0574535	0.0134655	0.0100382	0.04072	0.00650317	0.119411	0.0214612	0.0749136	0.0425128	0.0241676	0.0012541	0.00602655
19	0.00266117	0.0041144	0.000356292	0.00103105	0.0245419	0.000508985	0.000812538	0.168678	0.00126232	0.625728	0.0459169	0.000793212	0.00104007	0.00142642	0.000936125	0.00156988	0.00328567	0.113009	0.000728435	0.0015995
20	0.420584	0.0475869	0.00108114	0.00167977	0.000476162	0.0216075	0.00792755	0.0134295	0.00126889	0.0104127	0.00446726	0.00996496	0.00626008	0.00518931	0.0022054	0.333629	0.0753044	0.0311729	0.0002724	0.00547974
21	0.11897	0.00469941	0.047561	0.136468	0.00982264	0.0251945	0.0208033	0.0217787	0.0978497	0.0262344	0.016526	0.055916	0.00351976	0.134141	0.0512836	0.116211	0.069659	0.0389487	0.000291785	0.00412113
22	0.0319961	0.0204564	0.00255851	0.00334276	0.00477254	0.0009932	0.00101063	0.207413	0.00131536	0.152106	0.0364763	0.0051564	0.000674313	0.00604181	0.00129145	0.019201	0.146974	0.356856	0.000492632	0.000872108
23	0.0542044	0.0011975	0.0126519	0.0550612	0.00100768	0.0127501	0.0282804	0.0142727	0.263299	0.0353235	0.00985947	0.0282189	0.00116811	0.122217	0.264951	0.0388504	0.0249764	0.0247079	0.000342389	0.00666037
24	0.0267134	0.00984385	0.00162645	0.00279691	0.00417643	0.00442209	0.0026422	0.00424327	0.00756563	0.00812985	0.00364917	0.0292336	0.0175163	0.00664337	0.00522861	0.372108	0.480971	0.00947934	0.000895971	0.00211432
25	0.25758	0.0972459	0.00184117	0.00219648	0.00327806	0.0165424	0.00518096	0.0198472	0.00393584	0.0147675	0.00650817	0.0163452	0.00672374	0.00644192	0.00400742	0.352078	0.121225	0.0599795	0.000604153	0.00367066
26	0.0101447	0.00350945	0.000557945	0.000647509	0.339838	0.000727604	0.0190266	0.05888	0.00571494	0.209736	0.0556109	0.00168593	0.00480419	0.0187314	0.00575544	0.00794417	0.0134039	0.0509028	0.0203816	0.171997
27	0.0818816	0.0115287	0.00154122	0.00353701	0.000923186	0.864155	0.000988972	0.00187325	0.00112387	0.00144884	0.00111465	0.0040299	0.00074519	0.00158086	0.00120923	0.0119189	0.00436644	0.00507238	0.00030567	0.000654668
28	0.0853648	0.00428408	0.00806251	0.0140641	0.0105174	0.0105715	0.0124537	0.018018	0.0197396	0.0340516	0.0148855	0.00871255	0.570192	0.0316406	0.0196717	0.0338352	0.0324655	0.0648515	0.00147614	0.00514175
29	0.0372014	0.0217438	0.0150373	0.0319239	0.0677856	0.00667875	0.118817	0.023991	0.0566633	0.0782635	0.0306313	0.0472561	0.00424813	0.0640856	0.0476887	0.104214	0.0451746	0.0125944	0.00947554	0.176526
30	0.091302	0.0168799	0.00755366	0.00580426	0.00179885	0.785541	0.00261966	0.00374038	0.00251748	0.00340918	0.00276922	0.0108591	0.000985139	0.00575838	0.00328081	0.0359275	0.0100013	0.00794867	0.000324347	0.000979025
31	0.0421513	0.00252976	0.00246719	0.0129031	0.00234047	0.003778	0.0279907	0.072071	0.146412	0.221008	0.14435	0.0094718	0.00232346	0.0769223	0.139682	0.0221928	0.0392973	0.0229383	0.00098761	0.00818232
32	0.0320365	0.08052	0.0193176	0.0166835	0.00840442	0.0231915	0.0221602	0.0169092	0.108864	0.0561958	0.0130647	0.214549	0.00856992	0.0751587	0.0399522	0.187434	0.033176	0.0248439	0.00334955	0.0156194
33	0.0279923	0.00973629	0.0141167	0.026883	0.00561745	0.0110272	0.0223441	0.01131	0.379436	0.0179228	0.0144712	0.0387221	0.00707125	0.0597841	0.256284	0.0356928	0.0306179	0.0177758	0.00403035	0.00916427
34	0.0157298	0.0064512	0.000555455	0.00163549	0.046534	0.00155948	0.00142447	0.185266	0.0021422	0.514388	0.102992	0.00215334	0.00400286	0.00626997	0.00139264	0.00388315	0.00425682	0.0876883	0.00164688	0.010028
35	0.0201848	0.00413411	0.000591428	0.0003492	0.0180106	0.000652428	0.000799782	0.409422	0.000977043	0.120038	0.0343439	0.000637208	0.000807506	0.00276286	0.00124934	0.00169054	0.00349035	0.377864	0.000741959	0.00125244
36	0.0158029	0.00513286	0.00211244	0.000472228	0.00549181	0.00210153	0.00174147	0.368835	0.00426119	0.0445489	0.00948774	0.00174876	0.00187238	0.00293324	0.000881166	0.0058774	0.00612173	0.517712	0.00230125	0.000563836
37	0.042595	0.0066499	0.0332417	0.0175105	0.00187496	0.0199005	0.0135572	0.0109545	0.0502898	0.0102631	0.00697149	0.256094	0.0129393	0.0379152	0.0163932	0.202761	0.227636	0.0269712	0.00338775	0.00209366
38	0.0423951	0.0103542	0.00998967	0.0326681	0.0306	0.0142918	0.192104	0.0166412	0.0870861	0.0484441	0.0310448	0.0732629	0.006801	0.08635	0.0899685	0.0908618	0.0311915	0.0165126	0.00503249	0.0844004
39	0.00330921	0.00168432	0.000908482	0.00275135	0.0172424	0.00113433	0.00703565	0.066863	0.0145579	0.714046	0.0412019	0.00702283	0.00127565	0.0461109	0.0120482	0.0185288	0.00230101	0.0389577	0.000522339	0.00249771
40	0.0547974	0.00808458	0.131549	0.0756455	0.00563659	0.379141	0.0226361	0.00590998	0.0193872	0.00832385	0.00428834	0.0839408	0.00268632	0.0360774	0.00704007	0.126608	0.0191253	0.00570878	0.00113564	0.00227899
41	0.0146571	0.00719724	0.00874008	0.023169	0.00447223	0.00229359	0.0198673	0.00423969	0.373551	0.00620323	0.00840764	0.0208811	0.000557605	0.05813	0.387846	0.0166124	0.021921	0.00898696	0.00390411	0.00836302
42	0.0501646	0.00549466	0.00171554	0.0195561	0.00339928	0.00246134	0.0538633	0.159281	0.0961637	0.188479	0.102172	0.00969164	0.00213436	0.086824	0.0599412	0.0314049	0.0711177	0.0249074	0.000861168	0.0303672
43	0.0178967	0.00304123	0.00116991	0.0017029	0.319102	0.00173795	0.012343	0.111287	0.00528605	0.15906	0.0363405	0.00392364	0.00403907	0.0161535	0.00563144	0.013587	0.0115861	0.0977344	0.0121648	0.166213
44	0.0233526	0.0200329	0.00177481	0.000742853	0.00900957	0.00196747	0.00390673	0.340496	0.00324515	0.0664142	0.0174202	0.00164449	0.00208659	0.0028333	0.00154637	0.0047024	0.00698316	0.488319	0.00248797	0.00103464
45	0.0550264	0.00927091	0.0046659	0.00801438	0.00352632	0.00845637	0.00436551	0.00859535	0.0118398	0.0123002	0.00756885	0.03637	0.0179216	0.0118576	0.00719231	0.273598	0.489765	0.0252161	0.000966004	0.00348277
46	0.0280698	0.0115272	0.0591063	0.00998196	0.0021906	0.037463	0.0291084	0.0022311	0.0342996	0.00551463	0.00188684	0.388025	0.00731728	0.0228953	0.00695182	0.279044	0.0587014	0.00899941	0.00424006	0.00244555
47	0.0160475	0.0240464	0.415352	0.0609351	0.0070843	0.0358105	0.108358	0.00477274	0.0234527	0.00958655	0.00519194	0.158229	0.00239459	0.00820371	0.0195768	0.0301903	0.01346	0.0106672	0.00121044	0.04543
48	0.497889	0.0586209	0.00120349	0.00181859	0.00147231	0.0263694	0.00639337	0.0176751	0.00365591	0.0156932	0.00598422	0.00601817	0.0101673	0.00543271	0.00332271	0.157054	0.109823	0.0666362	0.00055444	0.00421527
49	0.787293	0.00493774	0.000423113	0.00127295	0.000427207	0.0921597	0.000557944	0.00784424	0.00073348	0.00495235	0.000724892	0.000751377	0.00265482	0.00340998	0.000717647	0.0599067	0.0167921	0.0115431	0.0024877	0.000409811
50	0.292219	0.0377365	0.00175694	0.00476488	0.00368861	0.0107987	0.00512697	0.027921	0.016477	0.0360333	0.0116812	0.016046	0.0129242	0.00939117	0.0075285	0.131386	0.2284	0.141313	0.000732697	0.00407447
51	0.0246744	0.00751649	0.00066174	0.00100817	0.020456	0.00151092	0.00129482	0.451162	0.00127118	0.15536	0.122014	0.00166194	0.00386001	0.00698424	0.00169489	0.00447278	0.00466227	0.185826	0.00207223	0.00183694
52	0.00840641	0.00552137	0.000288691	0.000519217	0.0182986	0.000689867	0.000784793	0.237776	0.000602199	0.487779	0.0348516	0.000747636	0.00109633	0.00141681	0.000897725	0.00165487	0.00490063	0.192258	0.000466595	0.00104415
53	0.0181356	0.00785924	0.00498947	0.00167536	0.00903526	0.0454575	0.00198741	0.00229795	0.233694	0.0188464	0.0185272	0.0794055	0.00180227	0.0643406	0.336756	0.0787307	0.0509051	0.0211663	0.00187668	0.00251103
54	0.0814151	0.00191496	0.172285	0.32563	0.00412721	0.026911	0.0145715	0.00925223	0.0512154	0.0127085	0.00856912	0.0411377	0.00709644	0.101509	0.0200608	0.0649932	0.0296823	0.0194233	0.00118783	0.00630907
55	0.00804416	0.00492117	0.000389184	0.00158134	0.029739	0.00101117	0.000830235	0.113457	0.00198142	0.680176	0.104466	0.000947163	0.0035372	0.00292175	0.00105873	0.00300679	0.0015878	0.0360111	0.00161984	0.0027128
56	0.00557522	0.00326257	0.303116	0.576165	0.00553368	0.00727628	0.0136298	0.00085123	0.00540731	0.00303861	0.000891898	0.010608	0.00594363	0.0379381	0.00590943	0.00550513	0.00712677	0.00151789	0.000209507	0.000494031
57	0.0214561	0.00422774	0.000399577	0.000297646	0.0203762	0.000456716	0.000700673	0.402626	0.000638246	0.130845	0.0336403	0.000488925	0.000710852	0.00249481	0.00134468	0.00110631	0.00308503	0.373159	0.000528357	0.00141801
58	0.095617	0.0060027	0.00463954	0.313603	0.00522797	0.00644077	0.00578869	0.224422	0.0358018	0.0115259	0.00787	0.061302	0.00432223	0.0683772	0.00646622	0.015888	0.0113553	0.108758	0.00176097	0.00483073
59	0.0274726	0.0105364	0.0236292	0.0116724	0.0127408	0.0154859	0.522588	0.0176236	0.0224151	0.0227076	0.0219835	0.115144	0.00757473	0.0250426	0.0223601	0.0486909	0.0222537	0.0183123	0.00340372	0.0283638
60	0.0847239	0.00413621	0.00917384	0.0140211	0.00945061	0.0104652	0.012143	0.018561	0.0231441	0.0326332	0.0156921	0.00923442	0.564532	0.0351837	0.02004	0.0363666	0.0317087	0.0626513	0.00135241	0.00478698
61	0.478049	0.0308807	0.00161562	0.00274357	0.00275831	0.02493	0.00467515	0.0424703	0.00509534	0.0169029	0.012954	0.00395011	0.00610054	0.00513165	0.00352956	0.0390591	0.0357337	0.277282	0.000739908	0.00539804
62	0.58376	0.020944	0.00173066	0.00239975	0.0016523	0.0553814	0.00269304	0.0308256	0.00296256	0.0139779	0.0095854	0.00354082	0.00516558	0.00650533	0.00298119	0.0437266	0.0256674	0.181796	0.00144751	0.00325695
63	0.00723714	0.0123796	0.011391	0.0108544	0.00556387	0.00627135	0.0115684	0.00206789	0.383169	0.00415015	0.0084981	0.0393772	0.000671648	0.0531455	0.374718	0.0226073	0.0259351	0.00623181	0.00780661	0.00635615
64	0.00893273	0.0058864	0.00034314	0.0011235	0.0231996	0.00110672	0.00075565	0.189173	0.00116058	0.545088	0.0748357	0.000936579	0.00256883	0.00181126	0.000761998	0.00215705	0.00414545	0.132364	0.0010917	0.00255857
65	0.00346141	0.00529133	0.000345885	0.00052619	0.0177148	0.000514264	0.000842312	0.210847	0.000590273	0.547424	0.0208411	0.000688439	0.00053758	0.000805018	0.000876619	0.00125321	0.00529725	0.181034	0.000232429	0.00087683
66	0.121095	0.01382	0.00245558	0.00713842	0.00359592	0.00345921	0.00498351	0.236046	0.025021	0.0752328	0.0133485	0.0242632	0.00420646	0.0479238	0.0403637	0.0332975	0.0556301	0.282458	0.00217326	0.00348827
67	0.0603519	0.00433308	0.0233474	0.0803059	0.0470932	0.00527855	0.00829441	0.0447883	0.0529731	0.3024	0.152729	0.0278663	0.00388448	0.0792228	0.00825158	0.0359434	0.0121598	0.0243849	0.00153431	0.0248579
68	0.713945	0.00835206	0.00239008	0.00375034	0.00169179	0.111177	0.00168509	0.00842439	0.00273517	0.0196679	0.0033498	0.00466656	0.00281176	0.0064936	0.00330189	0.0691892	0.0174697	0.0144333	0.00251101	0.00195421
69	0.414646	0.0532551	0.000731133	0.00198877	0.000617641	0.0300528	0.00616332	0.0133009	0.00088976	0.0120356	0.00587642	0.0116447	0.00364149	0.00421102	0.00182884	0.344196	0.0693307	0.021477	0.000248479	0.00386391
70	0.00482805	0.00128851	0.0735201	0.30327	0.0013633	0.0014515	0.0423476	0.00919605	0.118566	0.02608	0.00768993	0.0401955	0.00802122	0.250394	0.0469631	0.0120483	0.0191566	0.0203856	0.00601857	0.00721688
71	0.166157	0.00800543	0.0170646	0.0435298	0.00628075	0.0167337	0.0119393	0.0168048	0.0597569	0.0228202	0.0610384	0.0595091	0.0101522	0.171297	0.0240078	0.0966163	0.153796	0.0479804	0.00175982	0.00475061
72	0.048997	0.0599656	0.00582289	0.00703844	0.0171681	0.0121145	0.00903624	0.175805	0.0148361	0.134108	0.200623	0.0126588	0.0107357	0.138385	0.0121357	0.0299329	0.0244474	0.0707653	0.00525327	0.0101706
73	0.0734835	0.000714255	0.199349	0.324667	0.00316301	0.0321095	0.013709	0.00596957	0.0521336	0.0115102	0.00922108	0.0482344	0.00842445	0.0857828	0.014252	0.0669671	0.0237875	0.0167516	0.00163008	0.00814023
74	0.120865	0.00476192	0.0444888	0.134455	0.0130308	0.0239901	0.0223329	0.0223609	0.0958368	0.0298445	0.0178196	0.0561035	0.00350919	0.131177	0.0519732	0.11144	0.0687935	0.0402862	0.000369251	0.00656148
75	0.0322836	0.00305187	0.284251	0.425061	0.00409773	0.0205283	0.0141919	0.00313991	0.0263584	0.0065473	0.00385509	0.0407767	0.0066415	0.0581895	0.0110801	0.0327022	0.0133153	0.00887442	0.000774698	0.00427936
76	0.126846	0.0709173	0.00224046	0.0100113	0.0281914	0.0161964	0.0107515	0.128929	0.00748371	0.0326138	0.0754349	0.00788877	0.00281866	0.0233657	0.0102966	0.08033	0.0770142	0.226549	0.000697214	0.0614246
77	0.0814415	0.0118019	0.00221188	0.00356475	0.000728189	0.862276	0.00121054	0.00199896	0.00112481	0.00180404	0.00112447	0.00368188	0.00089981	0.00158488	0.00120232	0.0118222	0.00507714	0.00548387	0.000298826	0.000662115
78	0.0245715	0.0158472	0.442719	0.13092	0.00254513	0.0626992	0.038771	0.00367096	0.0223347	0.00544211	0.00305349	0.128172	0.0025988	0.0174753	0.0169207	0.0415889	0.0130863	0.009888	0.000641431	0.0170536
79	0.164879	0.00889542	0.034034	0.0198113	0.0313335	0.413368	0.00698309	0.00665997	0.0144855	0.00612333	0.00728446	0.0904045	0.00282531	0.0177152	0.0201176	0.120303	0.0251089	0.00590648	0.00139059	0.00237091
80	0.285821	0.0348164	0.00202881	0.00313221	0.00242215	0.0119903	0.00511133	0.017027	0.00574631	0.0176926	0.00990601	0.0155378	0.0142416	0.00652927	0.00488201	0.179088	0.275155	0.104672	0.000523585	0.00367752
81	0.156916	0.0578243	0.0270851	0.0105391	0.00353522	0.064773	0.0177186	0.0266526	0.0154229	0.0330763	0.01487	0.173172	0.017453	0.0280508	0.00811113	0.169283	0.0881608	0.0796372	0.00150717	0.00621265
82	0.0119419	0.00416172	0.00071221	0.000773492	0.339793	0.000875711	0.0171614	0.0528651	0.00670431	0.218502	0.0581779	0.00159789	0.00474215	0.0187515	0.00670558	0.0074867	0.0174315	0.0526128	0.0179287	0.161075
83	0.105999	0.0276235	0.00241597	0.00311953	0.00671773	0.0108578	0.00251994	0.156185	0.00490484	0.0862706	0.0272893	0.00830797	0.00991612	0.00792689	0.00516014	0.0369459	0.102433	0.390586	0.000820261	0.00399984
84	0.0214933	0.00423595	0.000307027	0.000325403	0.0222161	0.00042374	0.000577144	0.391653	0.000345026	0.163553	0.0413917	0.000462025	0.000781341	0.00262814	0.00135655	0.000913455	0.00322941	0.341955	0.000436787	0.00171591
85	0.0332782	0.0196301	0.00246013	0.00324622	0.00453376	0.00103971	0.00105489	0.207088	0.00127722	0.1473	0.0369111	0.00522089	0.000656787	0.00643548	0.00142266	0.0198162	0.147828	0.359458	0.000478482	0.000864652
86	0.00157335	0.00343045	0.000391141	0.00161685	0.0484781	0.000610735	0.00147012	0.0881041	0.00329134	0.734151	0.0707125	0.00167558	0.00164065	0.00686931	0.00222291	0.00352895	0.00203213	0.0238647	0.00119157	0.00314443
87	0.601376	0.0400144	0.000833144	0.00233128	0.000710195	0.0554508	0.00273	0.012681	0.00118521	0.00819272	0.00373492	0.00551456	0.00582798	0.00424586	0.00154686	0.170428	0.0598666	0.0201068	0.000861662	0.0023621
88	0.110222	0.019367	0.0135648	0.026594	0.00371901	0.710312	0.00387267	0.00397789	0.00567466	0.00485819	0.00474254	0.0129967	0.00324412	0.00839912	0.00482396	0.0442104	0.00979691	0.00687159	0.000786667	0.0019659
89	0.144242	0.00660786	0.0444188	0.165631	0.00739425	0.0220204	0.0161855	0.0198293	0.0665551	0.0219823	0.0154164	0.043607	0.00523532	0.102582	0.0340776	0.146476	0.0769206	0.0547513	0.000872113	0.00519489
90	0.00147731	0.00267605	0.00028872	0.00166947	0.0310929	0.000486804	0.000746112	0.102782	0.00209566	0.735	0.0829749	0.000918892	0.00175536	0.00149822	0.00104674	0.00171942	0.000902994	0.0267952	0.00129919	0.00277379
91	0.0041574	0.00397762	0.000423719	0.00187703	0.0305889	0.000706797	0.000818761	0.103577	0.00221176	0.715142	0.0909992	0.0010473	0.00231385	0.00230636	0.000971428	0.00228698	0.00183617	0.0304247	0.00154773	0.00278511
92	0.0764422	0.00118017	0.18302	0.308642	0.00374713	0.0320467	0.0145635	0.00831399	0.054905	0.0124664	0.0104523	0.0487264	0.00828506	0.0886441	0.0178927	0.0752472	0.0280267	0.017836	0.00183693	0.00772557
93	0.0412174	0.00298817	0.00725016	0.0583357	0.00272266	0.031627	0.0683669	0.0110376	0.157495	0.0519885	0.0229221	0.111369	0.0149777	0.197099	0.0783383	0.0744167	0.03171	0.024079	0.00095018	0.0111092
94	0.732892	0.0127251	0.00163299	0.00211374	0.000443713	0.0799467	0.00116116	0.00971156	0.000902869	0.00467166	0.00165972	0.00245925	0.00462789	0.00407296	0.00107639	0.0996314	0.0263344	0.0112568	0.00170935	0.000970253
95	0.110591	0.00409497	0.0809922	0.185706	0.00781503	0.0269795	0.0188253	0.019349	0.0870689	0.0222113	0.0149888	0.0503016	0.00508884	0.117239	0.042575	0.109276	0.0588246	0.0327948	0.000629647	0.00464875
96	0.0716966	0.00074844	0.198705	0.321993	0.00340714	0.0351159	0.0140203	0.00613225	0.0512411	0.011435	0.00968244	0.0494865	0.00837067	0.082086	0.0142384	0.0713961	0.0237165	0.0161868	0.0016153	0.00872692
97	0.00390608	0.00349322	0.000394344	0.00210431	0.0303292	0.000583338	0.00107546	0.104021	0.00258365	0.718675	0.0890625	0.00112231	0.00228889	0.00264026	0.00118162	0.00254705	0.00113893	0.0285421	0.00138618	0.00292414
98	0.00483889	0.00506064	0.000335625	0.000519851	0.0179255	0.000496176	0.000827418	0.232173	0.000599739	0.511075	0.0227715	0.000647581	0.000520194	0.00101493	0.000900862	0.00119327	0.00499651	0.192879	0.000188927	0.00103533
99	0.0763062	0.0116975	0.00576156	0.00458595	0.00164562	0.81793	0.00368216	0.00266505	0.00376617	0.00290082	0.0017953	0.00850974	0.00114837	0.00518282	0.0042248	0.0218544	0.0184876	0.00635257	0.000509151	0.000993795
100	0.0182693	0.0112146	0.000442449	0.0012462	0.0366606	0.00179581	0.00128794	0.128422	0.00184052	0.586684	0.118117	0.00168211	0.00520808	0.00518263	0.00112304	0.00466327	0.00437002	0.0608735	0.00518628	0.0057299
101	0.044173	0.00555354	0.0109829	0.0174189	0.00236641	0.0145918	0.0437247	0.0206453	0.0716495	0.0282066	0.0131157	0.154725	0.0629474	0.0797277	0.0215265	0.146303	0.210973	0.047688	0.00128259	0.00239733
102	0.106405	0.00453837	0.0113507	0.00273787	0.00602581	0.0102629	0.019931	0.0504012	0.00757439	0.0527467	0.0382137	0.0149136	0.30342	0.0330316	0.028283	0.0572481	0.0860599	0.164905	0.000470736	0.00148034
103	0.140045	0.0282865	0.0011505	0.00442942	0.00308014	0.0226191	0.00317155	0.0265975	0.0129506	0.0305838	0.0134976	0.0512583	0.0365339	0.0170072	0.00709824	0.179784	0.295259	0.123889	0.00032156	0.00243607
104	0.0164064	0.00487815	0.00160515	0.000356312	0.00754269	0.0015958	0.00153554	0.393003	0.00304075	0.0590335	0.0126142	0.00127371	0.00182233	0.00284645	0.000905253	0.00379648	0.00360192	0.481505	0.00201791	0.000619868
105	0.101797	0.0261013	0.0013109	0.0032217	0.00185828	0.0018468	0.00181491	0.242952	0.0127788	0.0758879	0.0185816	0.0482432	0.00309333	0.0356073	0.0374226	0.043239	0.125363	0.213869	0.00122385	0.00378788
106	0.119441	0.00504689	0.0537196	0.148191	0.00909993	0.0248352	0.019627	0.0222325	0.096383	0.0253272	0.016412	0.0525613	0.00421062	0.127458	0.0483486	0.117158	0.06846	0.0373566	0.000360314	0.00377084
107	0.105277	0.0114814	0.00178208	0.0037672	0.000892572	0.836413	0.00104876	0.00206342	0.00115225	0.00156783	0.00125998	0.00412827	0.000819831	0.00182843	0.00131477	0.0141656	0.00476961	0.0052934	0.000326527	0.000648613
108	0.00361208	0.00118318	0.000922821	0.00129345	0.491429	0.00144707	0.0188719	0.00994194	0.00173864	0.0240094	0.00195301	0.00198968	0.00100942	0.00837658	0.00155223	0.0036308	0.00244725	0.00388165	0.0073705	0.41334
109	0.0768591	0.00216968	0.025973	0.0700665	0.0036775	0.0186399	0.0140807	0.0161316	0.0940482	0.0129994	0.00921013	0.167744	0.00425599	0.0991405	0.0386297	0.137444	0.171669	0.0347315	0.000475962	0.00205329
110	0.0467406	0.00138363	0.00112556	0.0119052	0.00140156	0.00124272	0.0176807	0.091562	0.169353	0.226024	0.164188	0.00752806	0.00100713	0.0716776	0.0835539	0.0216731	0.0496353	0.0251089	0.000398706	0.0068104
111	0.789102	0.00400513	0.000406137	0.00126206	0.000435977	0.0948728	0.000577309	0.00730635	0.00076034	0.00522088	0.000753653	0.000796722	0.00247871	0.00352282	0.000749974	0.0575419	0.01537	0.0117222	0.00268173	0.00043374
112	0.0680829	0.0943949	0.0037407	0.0200448	0.00624426	0.11142	0.0225933	0.0268787	0.0352537	0.235373	0.0405655	0.0301485	0.00543836	0.0321908	0.062212	0.0662854	0.0360351	0.0517876	0.00107393	0.0502372
113	0.00346141	0.00529133	0.000345885	0.00052619	0.0177148	0.000514264	0.000842312	0.210847	0.000590273	0.547424	0.0208411	0.000688439	0.00053758	0.000805018	0.000876619	0.00125321	0.00529725	0.181034	0.000232429	0.00087683
114	0.0127871	0.00605575	0.00847332	0.0223093	0.00607397	0.00189097	0.0248375	0.00422498	0.351145	0.00490606	0.00893075	0.0184609	0.000503018	0.0568399	0.404684	0.019867	0.0239075	0.00920664	0.00314903	0.0117477
115	0.194962	0.00405182	0.00404305	0.00579066	0.00228325	0.0290777	0.00619338	0.00490414	0.00479176	0.00706964	0.00424357	0.0126418	0.1369	0.00675685	0.00338752	0.316366	0.239085	0.0120337	0.000925388	0.00449293
116	0.462223	0.0522535	0.000681889	0.000896458	0.000962001	0.00978937	0.00649447	0.017791	0.00467283	0.0180877	0.00409237	0.00295596	0.0142356	0.00422945	0.00517134	0.176701	0.119846	0.0948825	0.000329661	0.00370377
117	0.0219456	0.00419388	0.000288686	0.000289086	0.0215301	0.000360898	0.00061264	0.403138	0.000356918	0.138887	0.0354888	0.000391428	0.000599165	0.00250322	0.00139734	0.000798728	0.00302823	0.362317	0.000344136	0.00152804
118	0.316044	0.0435726	0.0139362	0.016318	0.00250828	0.168849	0.00377092	0.00827107	0.00407191	0.016384	0.0225576	0.0238681	0.00309858	0.0245581	0.00774039	0.262157	0.0389482	0.0127205	0.000567401	0.0100584
119	0.286045	0.0223788	0.00671862	0.00854729	0.00210651	0.012706	0.0079422	0.0102604	0.00849366	0.0144032	0.0122291	0.0319916	0.0194655	0.00994731	0.00346416	0.276176	0.214626	0.0467819	0.000541085	0.00517537
120	0.042818	0.00754064	0.0148945	0.0364686	0.00997273	0.0111909	0.0969653	0.0285901	0.253449	0.0597827	0.0606899	0.0373082	0.00656335	0.0735599	0.126629	0.0484271	0.0329083	0.0236062	0.00474934	0.0238865
121	0.0460438	0.00795376	0.00656354	0.00961535	0.00466507	0.0115502	0.0702329	0.0477274	0.0484424	0.0849279	0.0289028	0.0595854	0.15028	0.10848	0.0161383	0.0876033	0.0835295	0.122206	0.00117416	0.00437884
122	0.0490934	0.0196382	0.0121412	0.00825081	0.129992	0.00283283	0.082789	0.0247875	0.0121728	0.111022	0.0198571	0.0318731	0.0142911	0.0149044	0.0107729	0.0596576	0.0124652	0.0155147	0.0116869	0.356257
123	0.0966402	0.0240812	0.0866431	0.02665	0.00535612	0.336664	0.0275342	0.00848146	0.0188718	0.0078783	0.00840904	0.0783078	0.00326331	0.0310999	0.0116054	0.168535	0.0439128	0.012187	0.00101495	0.00286406
124	0.0363932	0.0211298	0.0140611	0.0300573	0.0647153	0.00730141	0.119574	0.0240383	0.0533071	0.0788715	0.0293009	0.0525699	0.00547909	0.0655387	0.0459328	0.106149	0.0462801	0.0121384	0.00901602	0.178147
125	0.114521	0.00397473	0.0798865	0.193175	0.00767345	0.0263563	0.0196733	0.0175632	0.0798851	0.0218332	0.0161436	0.0500774	0.00503207	0.114843	0.0383811	0.112981	0.056585	0.0359234	0.000686591	0.00480577
126	0.0653156	0.00138357	0.245053	0.308306	0.00277001	0.0335916	0.0127053	0.00514254	0.0448911	0.0103381	0.00789974	0.0555724	0.00715357	0.0741019	0.0147611	0.0640997	0.0208651	0.0169969	0.00142057	0.00763201
127	0.0180983	0.00344844	0.000567303	0.000686312	0.342042	0.00125297	0.014708	0.0974426	0.00726925	0.213174	0.0501202	0.00348118	0.00531977	0.0207647	0.00760209	0.00625952	0.0181801	0.0631742	0.0119112	0.114498
128	0.00139842	0.00272784	0.000290564	0.00171382	0.0310847	0.00048641	0.000667276	0.100967	0.00204801	0.738262	0.0836606	0.000826854	0.00175653	0.00128989	0.000914874	0.00161163	0.00086916	0.0252883	0.0013112	0.00282454
129	0.420313	0.0523656	0.000505975	0.00150508	0.000489656	0.0273016	0.00639448	0.0141376	0.000787622	0.0109732	0.0047486	0.0115237	0.00382041	0.00382327	0.00183722	0.343324	0.0695674	0.0225887	0.000227439	0.00376554
130	0.029382	0.00217779	0.157527	0.0933713	0.00176918	0.0624306	0.0131491	0.00337881	0.205654	0.00494524	0.0151181	0.134066	0.0707402	0.0418073	0.0512706	0.10069	0.00525143	0.00452431	0.000813474	0.00193309
131	0.00199555	0.00290586	0.000282541	0.00153031	0.0298313	0.000534889	0.000629987	0.111672	0.00186285	0.719613	0.0794108	0.000778731	0.00171373	0.00133346	0.000863792	0.00159143	0.00115018	0.0384449	0.00123604	0.00261815
132	0.0207925	0.00447119	0.00243908	0.000585852	0.00483904	0.00267519	0.00179007	0.298486	0.008113	0.025246	0.00853177	0.00287867	0.0019217	0.00333772	0.00112297	0.00789517	0.0125789	0.589844	0.00198462	0.000466047
133	0.443491	0.0438268	0.000577158	0.000983676	0.00102283	0.0117779	0.00480589	0.0174664	0.00531397	0.0205524	0.00465323	0.00622276	0.0115	0.00374317	0.00703239	0.169544	0.144816	0.09972	0.000284601	0.00266606
134	0.00474792	0.00126082	0.0740275	0.30455	0.00136237	0.00145339	0.0421526	0.00933855	0.11895	0.0263898	0.00773529	0.0401924	0.00812467	0.248092	0.0467065	0.0118979	0.0190766	0.02061	0.00604158	0.00729084
135	0.492642	0.0487253	0.000641597	0.000994391	0.00124099	0.018415	0.00544576	0.0158661	0.00426594	0.0180916	0.00469655	0.00455508	0.0108116	0.00360928	0.00433548	0.158489	0.120438	0.0830865	0.000352595	0.00329704
136	0.156874	0.205679	0.00313306	0.00379841	0.00560473	0.0284627	0.00304478	0.10392	0.00312071	0.0792242	0.026897	0.00813496	0.0171991	0.0115809	0.00413148	0.0988305	0.0573675	0.173892	0.00118399	0.00792066
137	0.0100249	0.00428615	0.000693535	0.000718663	0.357029	0.000990914	0.0183919	0.0594594	0.0059818	0.191463	0.0488737	0.00204997	0.00468086	0.0201293	0.00621534	0.00816307	0.0129709	0.0481489	0.0236898	0.176039
138	0.032814	0.0149616	0.134646	0.0381152	0.0014256	0.0388367	0.0417929	0.00245389	0.0413095	0.00389463	0.00279325	0.372693	0.00613369	0.0376035	0.0113131	0.15853	0.040402	0.0154247	0.00156692	0.00328956
139	0.101258	0.00882117	0.0155411	0.00327964	0.00621601	0.0138712	0.0161772	0.0658297	0.00850603	0.0759926	0.040895	0.017014	0.27468	0.0321246	0.0146292	0.0699518	0.0672554	0.165461	0.000541761	0.00195463
140	0.0219035	0.00248842	0.271578	0.499948	0.00447147	0.0139889	0.0142181	0.00235435	0.0203999	0.00706042	0.0032508	0.0217806	0.00657549	0.0571297	0.00930181	0.022268	0.011293	0.00617976	0.000773246	0.00303629
141	0.0560311	0.00974654	0.00576856	0.0179492	0.050003	0.00826627	0.0500944	0.0171402	0.0186035	0.0485869	0.0176733	0.182747	0.00506559	0.0226123	0.0517205	0.33495	0.022745	0.0148235	0.0126589	0.0528142
142	0.0136269	0.004687	0.00231771	0.000462085	0.00387747	0.00217114	0.00183313	0.372097	0.0046697	0.0362008	0.00677484	0.00173282	0.00189405	0.00333823	0.000759783	0.00527225	0.00514029	0.529894	0.00279671	0.000454247
143	0.109069	0.0110177	0.0166547	0.0351586	0.0106982	0.0631512	0.0559999	0.0242469	0.0565555	0.0295139	0.0177785	0.0339379	0.0217387	0.0562051	0.150425	0.0650762	0.136338	0.0921853	0.00259954	0.0116504
144	0.0280151	0.0114736	0.00244095	0.00210701	0.00852752	0.0017282	0.00102555	0.240507	0.00404734	0.0896928	0.0273674	0.00447866	0.00119333	0.00388326	0.00116597	0.0128081	0.0805475	0.477366	0.000931605	0.000692701
145	0.156741	0.210131	0.00336224	0.00427384	0.00722187	0.0250598	0.00304547	0.0897286	0.00261487	0.0502897	0.0271212	0.00841339	0.0119427	0.0136292	0.00358944	0.129256	0.0816257	0.161146	0.000512894	0.0102953
146	0.140201	0.0127385	0.0192229	0.0444132	0.00776026	0.0170415	0.0352138	0.0227326	0.189984	0.0302184	0.0179771	0.0413464	0.0120877	0.0599175	0.0658175	0.122207	0.0619019	0.0795552	0.00209713	0.0175668
147	0.020797	0.00399798	0.000313577	0.000325067	0.021326	0.000388498	0.000636632	0.397097	0.000334565	0.160849	0.0353776	0.000461827	0.000532318	0.00245248	0.00142693	0.00076943	0.00322397	0.347872	0.000289998	0.0015276
148	0.0902471	0.00497419	0.0161799	0.00297347	0.0055512	0.0114056	0.0161592	0.0492986	0.00964326	0.0812728	0.0605246	0.0211316	0.284262	0.0487518	0.0206116	0.0572979	0.0700336	0.147259	0.000715568	0.00170683
149	0.0814545	0.0118883	0.00243039	0.00406616	0.00139777	0.851603	0.00141749	0.0031009	0.00147659	0.00175193	0.00126341	0.00472885	0.00153857	0.00211454	0.00169476	0.01223	0.00590539	0.00855693	0.000391029	0.000989509
150	0.206436	0.0179432	0.0354137	0.019234	0.00689129	0.357223	0.00516159	0.00392915	0.00731061	0.00619645	0.0169065	0.0360366	0.00208507	0.0263048	0.0143474	0.211616	0.019206	0.00306074	0.000432787	0.00426418
151	0.0228236	0.0297765	0.00156051	0.00222513	0.0111631	0.00243207	0.00214571	0.0031273	0.00912357	0.0109826	0.00237599	0.0258959	0.00365279	0.0128772	0.00896994	0.729905	0.112093	0.00602665	0.000525765	0.00231771
152	0.00918416	0.05643	0.0403161	0.145635	0.0416088	0.00341019	0.0287455	0.00463091	0.0949773	0.0186601	0.00357573	0.00463312	0.0020726	0.081445	0.0726345	0.126527	0.203607	0.0448082	0.000912319	0.0161862
153	0.0402187	0.0232415	0.00258665	0.00382568	0.016159	0.00314385	0.00181175	0.192821	0.00185827	0.238203	0.106967	0.00780946	0.00603018	0.0086774	0.0015568	0.0161068	0.0729265	0.251282	0.00311395	0.00165948
154	0.0216404	0.00401663	0.000301329	0.000298373	0.0218338	0.000357082	0.000589062	0.399545	0.000327612	0.148843	0.0359365	0.00040206	0.00056846	0.00253201	0.0013996	0.000754376	0.00312008	0.355662	0.000305618	0.00156727
155	0.025954	0.00296168	0.00653653	0.0503873	0.001552	0.0295012	0.0775802	0.00871154	0.176261	0.0512019	0.0224574	0.117896	0.0257481	0.184569	0.0907894	0.0752552	0.0239414	0.0178245	0.000881776	0.00999023
156	0.081166	0.0117019	0.00154234	0.0034845	0.00074341	0.865359	0.0010968	0.00181838	0.00125962	0.00142951	0.00114611	0.00348243	0.000728031	0.001493	0.00133729	0.0113078	0.00486598	0.00509725	0.000286456	0.00065404
157	0.0138412	0.00429753	0.000613186	0.000914114	0.331296	0.00129702	0.0155892	0.0634973	0.00698367	0.232983	0.0577335	0.00237215	0.00482068	0.0196151	0.00723789	0.00691539	0.0204209	0.0577935	0.014558	0.137221
158	0.146722	0.0314208	0.00162088	0.00251104	0.0113648	0.0148859	0.0025973	0.200884	0.00462267	0.0579079	0.0371844	0.00488298	0.00556171	0.00742678	0.00379894	0.0246744	0.0297774	0.403685	0.00107252	0.00739799
159	0.022571	0.00435198	0.000389889	0.000463476	0.0395166	0.000398376	0.000977382	0.392048	0.000664992	0.146449	0.0358849	0.000844387	0.000847928	0.00325648	0.00170364	0.00105231	0.00368653	0.341534	0.00038762	0.00297111
160	0.078961	0.0255633	0.00299054	0.0103865	0.00387597	0.0777532	0.0112583	0.0109301	0.0840892	0.0661585	0.0368947	0.0781143	0.0913433	0.11074	0.113243	0.0647672	0.0822507	0.0298527	0.00118168	0.019646
161	0.0201441	0.00273567	0.159482	0.0771585	0.00134073	0.0725492	0.0109766	0.00256135	0.253462	0.00320291	0.0130469	0.238818	0.0134419	0.0297952	0.0401119	0.0488603	0.00493869	0.00417905	0.000504477	0.00269057
162	0.41127	0.0914414	0.00281096	0.00422791	0.00571046	0.0302858	0.0297383	0.0154301	0.00438587	0.025042	0.0111808	0.00666831	0.087066	0.00762576	0.00419732	0.113001	0.0460589	0.0808862	0.00106452	0.0219088
163	0.00956321	0.0102186	0.0103112	0.0104119	0.00598487	0.0105229	0.0107258	0.00237074	0.362615	0.00666785	0.0128179	0.0450519	0.000806274	0.0521286	0.371316	0.0300406	0.0282671	0.00879808	0.00516275	0.00621906
164	0.014511	0.00467969	0.0025472	0.000470831	0.00361815	0.00253543	0.00190159	0.3461	0.00534803	0.0300477	0.00590319	0.00200557	0.00184031	0.00321965	0.000775698	0.00587704	0.0060853	0.559482	0.00259586	0.000456089
165	0.44401	0.0349078	0.00131687	0.00172118	0.00150553	0.0297006	0.00142946	0.060454	0.00231098	0.0187704	0.0150345	0.00243698	0.00148973	0.00326691	0.00189015	0.0225984	0.0225938	0.330513	0.000543846	0.00350648
166	0.0226396	0.00471884	0.000416342	0.000306718	0.0201847	0.000478424	0.000696125	0.395287	0.000607964	0.132863	0.0334397	0.000542497	0.000689563	0.00251668	0.00140401	0.00135759	0.0050126	0.37498	0.00045488	0.00140367
167	0.0035786	0.0011844	0.000920296	0.00128979	0.491805	0.00144717	0.0189269	0.00950174	0.00174239	0.0239906	0.0019638	0.00196551	0.00101972	0.00839825	0.00155886	0.00361607	0.00244042	0.00347206	0.00737964	0.413799
168	0.14323	0.0301731	0.00101222	0.00297016	0.00333832	0.0249388	0.00185148	0.0216083	0.00709603	0.0222318	0.0102999	0.0466512	0.0241356	0.00811142	0.00479729	0.195704	0.318292	0.130514	0.000465495	0.00257835
169	0.0889445	0.170588	0.0122566	0.0129462	0.00429856	0.0916194	0.00544216	0.0322563	0.0194216	0.0400014	0.0451672	0.0445587	0.0174602	0.0999677	0.02086	0.127624	0.100035	0.0589481	0.00210227	0.00550299
170	0.389032	0.00836142	0.0236717	0.0261151	0.0100841	0.04586	0.0188763	0.00787458	0.00588099	0.0120028	0.00635939	0.013191	0.264454	0.00850777	0.00586884	0.0527547	0.0581819	0.0219726	0.00133714	0.0196145
171	0.026775	0.00330143	0.000662908	0.00089885	0.166292	0.00116318	0.00269998	0.259128	0.00240933	0.290469	0.0308225	0.00521551	0.00185018	0.0147457	0.00277123	0.00296947	0.00674947	0.165141	0.000379737	0.0155553
172	0.0489404	0.00261685	0.233936	0.394398	0.00399602	0.0630849	0.0134454	0.00443377	0.0294274	0.00842286	0.00623602	0.0352506	0.00696508	0.0589834	0.0104859	0.0460889	0.0159601	0.0109018	0.00114051	0.00528606
173	0.12615	0.067991	0.00293226	0.00281857	0.00289641	0.0410467	0.0093755	0.0736797	0.00359575	0.154433	0.0341551	0.0159983	0.107666	0.0124944	0.00348196	0.130675	0.088491	0.116908	0.000697458	0.00451363
174	0.0634854	0.00320834	0.0129153	0.0263242	0.00120351	0.0179386	0.0151146	0.0204583	0.0749588	0.0134319	0.00961452	0.182179	0.0128454	0.0737909	0.0322648	0.167085	0.239485	0.0322021	0.000565257	0.00092954
175	0.0798966	0.0168792	0.00420031	0.00906036	0.00310005	0.0293848	0.00908709	0.0418279	0.0236191	0.118474	0.0581357	0.0392148	0.137932	0.0628128	0.0218624	0.125536	0.156408	0.0577983	0.0012255	0.00354467
176	0.0109315	0.00368413	0.301444	0.533752	0.00595913	0.0118261	0.0163749	0.00124799	0.00956929	0.0037151	0.0017502	0.0210547	0.00586805	0.0396165	0.00719228	0.0118485	0.00845863	0.00313438	0.000362001	0.00221104
177	0.213326	0.021188	0.0050562	0.00750723	0.00451516	0.0139727	0.00776956	0.0244999	0.0121513	0.0435098	0.0158052	0.0499234	0.0202236	0.0164775	0.00980201	0.118402	0.329056	0.0789364	0.00138302	0.00649449
178	0.0702544	0.00998242	0.00928809	0.0116874	0.00981937	0.0204131	0.0158397	0.0271698	0.115577	0.0840149	0.0303266	0.027859	0.252872	0.0559923	0.0264829	0.0633304	0.101122	0.0580738	0.00219301	0.00770207
179	0.18758	0.0158853	0.0337129	0.0190763	0.00843178	0.353255	0.00755469	0.00587374	0.012334	0.00742467	0.0135464	0.0426111	0.00392521	0.0247793	0.0223419	0.204071	0.0255472	0.00690117	0.000854721	0.00429407
180	0.0784399	0.00656157	0.0134507	0.0217087	0.00224866	0.014484	0.00919526	0.0151799	0.0582659	0.0158749	0.0116602	0.125409	0.0162894	0.0469848	0.0217028	0.196714	0.309771	0.0326741	0.000968012	0.00241683
181	0.101502	0.0146746	0.00569149	0.0040822	0.0261837	0.00786716	0.00727362	0.168212	0.00807115	0.0823024	0.0708225	0.00898874	0.111467	0.0172796	0.00911254	0.0310147	0.0319351	0.286525	0.00272477	0.0042691
182	0.0327862	0.00828132	0.00279407	0.00571809	0.020445	0.00632115	0.0255221	0.209473	0.00960214	0.259292	0.0269967	0.0111649	0.00581527	0.0186305	0.0355212	0.0174278	0.0250831	0.267814	0.0012338	0.0100785
183	0.0104641	0.00630009	0.000395626	0.00161912	0.0304624	0.00118191	0.000842342	0.132923	0.00182706	0.639171	0.0995228	0.00121071	0.00492667	0.00311265	0.00093474	0.00319515	0.00254149	0.0546334	0.00170136	0.00303492
184	0.0216598	0.0022121	0.00522169	0.0640048	0.00193096	0.0217369	0.097349	0.0089472	0.185413	0.0460191	0.0187718	0.119708	0.0162312	0.197799	0.063885	0.0723156	0.0302185	0.0169198	0.00110714	0.0085489
185	0.0193091	0.00640083	0.0645043	0.00922929	0.00148905	0.0286501	0.0179651	0.00276906	0.0391693	0.00428672	0.00212718	0.358699	0.0118378	0.0180887	0.00588233	0.284878	0.105478	0.00881028	0.00873237	0.00169269
186	0.499551	0.0126054	0.017471	0.0222203	0.00340124	0.142874	0.00518498	0.00940283	0.00803103	0.00773525	0.00675968	0.0157547	0.0364557	0.0126118	0.0062002	0.153181	0.0253222	0.0103503	0.0013781	0.00350884
187	0.075114	0.000728834	0.196643	0.325071	0.00314386	0.0323145	0.0134927	0.00599899	0.0522207	0.0112655	0.00917873	0.047484	0.00859459	0.0870903	0.0140081	0.0670683	0.0242514	0.0166724	0.00158581	0.00807436
188	0.00557522	0.00326257	0.303116	0.576165	0.00553368	0.00727628	0.0136298	0.00085123	0.00540731	0.00303861	0.000891898	0.010608	0.00594363	0.0379381	0.00590943	0.00550513	0.00712677	0.00151789	0.000209507	0.000494031
189	0.00165782	0.0028452	0.000301886	0.0016739	0.0312525	0.000525043	0.000710595	0.0999091	0.00210115	0.737658	0.0836384	0.000869862	0.00184205	0.00162761	0.000997795	0.001792	0.000979228	0.0255238	0.00132268	0.00277145
190	0.0465252	0.00138477	0.00109696	0.0120996	0.00138582	0.00119699	0.0177365	0.0911863	0.169158	0.228127	0.163707	0.00733517	0.00101632	0.0714154	0.0833665	0.0217358	0.0495734	0.0246925	0.000402209	0.0068581
