251	20
1	0.168093	0.00124917	0.0122927	0.0552115	0.0162737	0.0393027	0.0384972	0.00768795	0.0526093	0.0347175	0.0203779	0.036518	0.150397	0.0131579	0.132811	0.0623238	0.0808288	0.0312567	0.00133093	0.0450626
2	0.0162233	0.000683178	0.0135786	0.0430443	0.00284537	0.00954961	0.116506	0.0161126	0.168077	0.0326227	0.0106159	0.0214064	0.0191005	0.0820776	0.327967	0.0395531	0.0397351	0.0236783	0.000659813	0.0159647
3	0.194859	0.00145277	0.00595785	0.0386318	0.0268501	0.0110141	0.0191085	0.0164574	0.0387685	0.0788452	0.0567803	0.0348045	0.0624046	0.0109609	0.0489665	0.127307	0.112332	0.0873438	0.000985721	0.02617
4	0.0779214	0.00062661	0.337606	0.196812	0.00310116	0.0390271	0.0134596	0.0148425	0.0467644	0.0048372	0.00161008	0.0857877	0.035499	0.0118086	0.00618134	0.0457928	0.0332279	0.0415338	0.000459507	0.00310101
5	0.020301	0.00206925	0.00274469	0.00574638	0.0902244	0.00379277	0.00289876	0.210192	0.0106768	0.0812573	0.1015	0.015641	0.00403164	0.00582283	0.0340997	0.00775988	0.101286	0.175224	0.0021764	0.122556
6	0.0747266	0.446893	0.0144124	0.0185576	0.0573853	0.0524955	0.0106257	0.0228371	0.0172718	0.0304502	0.0157423	0.0149978	0.024939	0.0165913	0.022073	0.0399538	0.030454	0.0466937	0.00472679	0.0381725
7	0.0757052	0.00243982	0.108788	0.0700478	0.00103143	0.0904929	0.0511071	0.00871113	0.100635	0.00710681	0.00960564	0.0874936	0.0038121	0.0477475	0.144145	0.0914225	0.0582722	0.0202783	0.00735384	0.0138041
8	0.0740028	0.00318854	0.120425	0.0457752	0.00114749	0.0956508	0.0567379	0.0103125	0.0943688	0.00753625	0.0100675	0.103614	0.00106422	0.0376338	0.129418	0.0954961	0.0665781	0.0225072	0.00679254	0.0176843
9	0.106769	0.0183916	0.0217244	0.0329024	0.005198	0.419069	0.0152295	0.00909788	0.0596749	0.0119865	0.0297179	0.0279163	0.0128657	0.0276251	0.100669	0.0388303	0.0358254	0.0186027	0.00254315	0.00536207
10	0.0495703	0.0010249	0.433561	0.108851	0.00461294	0.0624641	0.0274212	0.00796273	0.0327229	0.00481458	0.00203562	0.120657	0.0284144	0.0156405	0.00819824	0.0433828	0.0233778	0.0200296	0.000713673	0.00454535
11	0.0553075	0.000284878	0.000840069	0.00103178	0.00377736	0.00795257	0.000720892	0.173345	0.000980861	0.0673352	0.0165836	0.00339161	0.00221592	0.000783969	0.00224847	0.00169167	0.0120499	0.648658	0.000227424	0.000573139
12	0.0352577	0.00203988	0.0247791	0.0333594	0.010746	0.0204614	0.134438	0.0204608	0.0886294	0.0470661	0.0157887	0.0254117	0.0175341	0.0526726	0.324955	0.0422731	0.0303333	0.0469101	0.00210164	0.0247817
13	0.0114594	0.000229089	0.000427638	0.000719726	0.00872784	0.000668783	0.000459673	0.246702	0.000652196	0.12222	0.03716	0.000753679	0.00121662	0.000579232	0.0025105	0.00092705	0.00395476	0.560067	0.00016619	0.000397783
14	0.0355073	0.0017133	0.119435	0.0389081	0.0239014	0.00617755	0.179188	0.0501859	0.0342775	0.081684	0.0467491	0.0250439	0.0278556	0.0800926	0.115801	0.0356525	0.00926366	0.0622844	0.00179971	0.0244788
15	0.185087	0.0299716	0.00938881	0.00737205	0.0155484	0.115922	0.00399036	0.0173307	0.00671824	0.0377843	0.00515956	0.00590783	0.419306	0.00864027	0.00864096	0.0241229	0.0611702	0.0327615	0.00123021	0.00394671
16	0.0793638	0.000456768	0.0234336	0.0464343	0.00170175	0.0724365	0.0301247	0.00772141	0.155204	0.0105114	0.0138195	0.0645299	0.0197115	0.0670273	0.230663	0.114343	0.0455075	0.0102458	0.00522249	0.00154234
17	0.0997863	0.0104525	0.00358646	0.0666876	0.0447589	0.00397397	0.00319727	0.0946068	0.0917006	0.00858645	0.01321	0.00465386	0.00594181	0.0233127	0.281015	0.0388515	0.0325533	0.135735	0.0344511	0.0029392
18	0.0227087	0.000301556	0.00359481	0.0295527	0.00167314	0.0113824	0.0189929	0.0224572	0.303951	0.0157281	0.0158795	0.0247808	0.00117184	0.0324317	0.337686	0.0392263	0.0853471	0.0278012	0.000219016	0.00511467
19	0.0426025	0.000551264	0.00160259	0.00403356	0.0263473	0.0016058	0.00114962	0.304675	0.00259309	0.111017	0.0771553	0.0120449	0.014003	0.00328045	0.0058158	0.00806888	0.0808083	0.286038	0.000704491	0.0159034
20	0.0239917	0.000301304	0.00403981	0.0300487	0.00161647	0.0122216	0.0190348	0.0218538	0.302163	0.015823	0.0161317	0.0244487	0.00154371	0.0340452	0.33588	0.0398453	0.0842282	0.0276504	0.000270847	0.00486164
21	0.116502	0.0136906	0.0125643	0.0162002	0.0143939	0.0623263	0.00589868	0.0166591	0.0198816	0.0258234	0.00597421	0.00928214	0.512822	0.0120174	0.0280868	0.0298699	0.0635733	0.0280427	0.00144899	0.00494259
22	0.00341742	0.00975437	0.00424773	0.00168827	0.362091	0.00290772	0.0682438	0.016053	0.00182206	0.0573483	0.00719324	0.00634201	0.00529432	0.00265886	0.0134369	0.00619946	0.00271107	0.0121838	0.014417	0.40199
23	0.406715	0.0189816	0.00281621	0.00343988	0.00751338	0.0473821	0.00151957	0.00984161	0.00300766	0.0153428	0.00377613	0.00254964	0.221902	0.00239254	0.00505191	0.0877675	0.0997039	0.0543279	0.00197794	0.00399065
24	0.0715268	0.0030469	0.035539	0.0500204	0.00468087	0.118204	0.0434969	0.011475	0.118115	0.0125115	0.0127631	0.0466041	0.0141973	0.0583722	0.265592	0.0643176	0.0407561	0.0153889	0.00328214	0.0101107
25	0.0184391	0.000697348	0.00384041	0.0128472	0.00526478	0.0129925	0.0458221	0.0136255	0.325182	0.0216053	0.00958542	0.0973106	0.00519086	0.0165837	0.324427	0.0307656	0.0347534	0.00945534	0.000721357	0.0108904
26	0.0550157	0.000261669	0.00162454	0.00293228	0.00670278	0.00487877	0.000670151	0.221593	0.000951583	0.0660136	0.0203265	0.00337301	0.0064052	0.00120653	0.0039429	0.00688569	0.0327441	0.563595	0.000205701	0.000672083
27	0.0265528	0.000348551	0.00490351	0.0343477	0.00176889	0.0138109	0.0177526	0.0211635	0.300165	0.0152964	0.0161771	0.0233167	0.00132419	0.0311195	0.328206	0.0396726	0.0909594	0.0280606	0.000235685	0.00481827
28	0.0857297	0.000432997	0.0712093	0.197262	0.000874884	0.0580362	0.0288823	0.00710404	0.116867	0.00797072	0.00833941	0.0424351	0.0193555	0.0720946	0.160543	0.0653127	0.0370599	0.0159358	0.00286719	0.00168817
29	0.0207937	0.00425517	0.00099505	0.00166892	0.0660279	0.000895262	0.00273624	0.170687	0.00200546	0.449358	0.0884961	0.0021455	0.00160403	0.00672658	0.00315026	0.00207709	0.0128433	0.136304	0.00509939	0.0221313
30	0.0646464	0.00109598	0.0301738	0.00967724	0.00177475	0.00196536	0.00146298	0.0175695	0.00967773	0.0256191	0.00936284	0.0571736	0.00161553	0.00183044	0.0029985	0.163071	0.560261	0.0378626	0.000590569	0.00157007
31	0.012109	0.000306531	0.000445373	0.000770989	0.0105511	0.000714825	0.00051786	0.24979	0.000733028	0.133572	0.0406658	0.00125666	0.00224598	0.000741517	0.00251795	0.00106578	0.005796	0.535311	0.000203271	0.000685608
32	0.0228273	0.000318993	0.00359299	0.0296666	0.00167666	0.0114078	0.018666	0.0223654	0.304319	0.0156244	0.0159519	0.0243945	0.00118581	0.0323838	0.337901	0.039211	0.0853416	0.0279479	0.000239909	0.0049775
33	0.0947571	0.000154239	0.0304775	0.0650763	0.000364093	0.0659198	0.0326826	0.00878213	0.147607	0.0105735	0.011948	0.0353098	0.017347	0.0904093	0.252126	0.0802578	0.0414358	0.0117321	0.00264905	0.000390562
34	0.0715408	0.435909	0.0121432	0.0181714	0.0670759	0.0598017	0.0125074	0.0200795	0.017521	0.0314472	0.0169475	0.0133956	0.0203077	0.0164845	0.023476	0.0393624	0.0304442	0.0472641	0.00439414	0.0417266
35	0.0665903	0.00103518	0.0308266	0.0088857	0.00188658	0.00290375	0.00160057	0.0161509	0.0108321	0.0230724	0.0103986	0.0609536	0.00171692	0.00189279	0.00338155	0.169124	0.548627	0.0378452	0.00064292	0.00163355
36	0.102889	0.0103167	0.00259548	0.065398	0.0291124	0.00337025	0.00227696	0.108544	0.0992899	0.00591197	0.0118041	0.00399106	0.00208924	0.0262024	0.283528	0.0435109	0.0409856	0.145189	0.0101039	0.00289139
37	0.0584579	0.00340545	0.0759352	0.0395689	0.00311104	0.0757753	0.0662553	0.00861577	0.0627786	0.00663926	0.0163429	0.122908	0.00214517	0.0465499	0.150609	0.111452	0.074489	0.0250771	0.0124459	0.0374382
38	0.0175343	0.0011366	0.0123147	0.00442408	0.0382223	0.0345526	0.36618	0.0127722	0.00464126	0.00604875	0.00281515	0.0210568	0.0025313	0.0355555	0.166866	0.0943179	0.0142316	0.00625919	0.00103392	0.157506
39	0.0956916	0.00214258	0.105416	0.0415588	0.00515643	0.116529	0.0300223	0.00746787	0.0811148	0.00677626	0.00841004	0.0941185	0.00201353	0.0196874	0.0908904	0.133848	0.127444	0.0186417	0.00389338	0.009177
40	0.155816	0.0140623	0.00737646	0.0102357	0.0130413	0.0490112	0.00542229	0.0156991	0.00959594	0.0253057	0.00715699	0.0095913	0.438784	0.00644336	0.01498	0.0462866	0.127814	0.0361963	0.00141102	0.00576967
41	0.640904	0.00503672	0.00774345	0.0117357	0.00387216	0.103011	0.00200371	0.00313537	0.00476279	0.00606965	0.00746168	0.00393988	0.00549592	0.00208745	0.00416161	0.0892437	0.0514356	0.044707	0.000713665	0.00247894
42	0.0116399	0.000226614	0.000425988	0.000706816	0.0087313	0.000675082	0.000461515	0.245899	0.000657778	0.122314	0.0372221	0.000774407	0.00123055	0.000584215	0.00248532	0.000928162	0.00405862	0.560417	0.000165184	0.000396197
43	0.0114141	0.000236432	0.000430645	0.000716803	0.00890228	0.000676431	0.000462453	0.246426	0.000656618	0.123248	0.0373301	0.000761234	0.00121732	0.000600724	0.00249909	0.000926939	0.00389888	0.558975	0.000169516	0.000451322
44	0.00625365	0.0116733	0.00401275	0.00224573	0.407622	0.00115049	0.0233328	0.036782	0.00282419	0.10171	0.0206223	0.00535182	0.0063527	0.00201619	0.0042214	0.00245174	0.00655233	0.0281627	0.017454	0.309208
45	0.494255	0.00573499	0.00341761	0.00763111	0.00214045	0.0233368	0.0011748	0.00591696	0.00333162	0.00233027	0.00225606	0.00315239	0.0144303	0.00143058	0.00663745	0.223415	0.137398	0.0532772	0.00334701	0.00538535
46	0.0926647	0.00161861	0.00371703	0.00922894	0.00922791	0.00490815	0.00311502	0.193104	0.0194719	0.162558	0.0244699	0.0820001	0.00904719	0.0111453	0.0194503	0.0419858	0.101428	0.202214	0.00099173	0.00765362
47	0.125342	0.0223352	0.0140394	0.0297103	0.00431163	0.535333	0.00586227	0.00517893	0.0522775	0.00768491	0.0138142	0.0147072	0.00553183	0.0129691	0.061262	0.0269064	0.0438719	0.0140083	0.00172866	0.00312498
48	0.126302	0.0152549	0.0431449	0.0335291	0.00709896	0.342306	0.0193335	0.00955277	0.0514667	0.0115496	0.0114351	0.0359566	0.0181746	0.0260781	0.0704264	0.100127	0.0461678	0.020723	0.00301948	0.00835292
49	0.00257561	0.0159481	0.00466961	0.00142393	0.434444	0.000986043	0.0276183	0.0201706	0.00146688	0.0719172	0.0131288	0.00531141	0.0090039	0.0010355	0.00163136	0.00176868	0.00270409	0.0147298	0.0243975	0.345069
50	0.00500705	0.0257847	0.00489702	0.00241032	0.392235	0.00209826	0.0273035	0.0305657	0.00274783	0.077806	0.0292388	0.0123941	0.020407	0.0021426	0.00416165	0.00303619	0.00641179	0.0228362	0.0330074	0.295509
51	0.00239823	0.0133206	0.00494674	0.00150532	0.446148	0.000959162	0.0267735	0.0189493	0.0013568	0.0696087	0.0100651	0.00433908	0.00712767	0.0010039	0.00166728	0.00165627	0.00228804	0.0138932	0.021229	0.350764
52	0.0291729	0.00194222	0.264985	0.0595082	0.0102574	0.0454325	0.214844	0.0101918	0.0374923	0.0175135	0.00919888	0.0695808	0.00868631	0.0462379	0.0743224	0.043924	0.0191287	0.0160391	0.00212161	0.0194202
53	0.15827	0.00140394	0.237064	0.183852	0.00487813	0.0621861	0.0101453	0.0120974	0.0461007	0.0064208	0.00397739	0.0537593	0.029315	0.0132945	0.0137442	0.0578958	0.054226	0.0467491	0.000790069	0.00382994
54	0.0144073	0.00814139	0.00328797	0.00606859	0.17109	0.00357034	0.00738969	0.152059	0.012692	0.0870162	0.103008	0.0228132	0.00971859	0.00500066	0.0300708	0.00674746	0.0721114	0.116043	0.0118693	0.156895
55	0.0776026	0.00124851	0.0269707	0.0093161	0.00288061	0.00253111	0.0023154	0.0150508	0.0105286	0.0223363	0.0100472	0.067785	0.00281633	0.00205307	0.00387442	0.175766	0.521963	0.0420173	0.000705541	0.00219122
56	0.0360589	0.000918597	0.457167	0.0928268	0.00741194	0.0620773	0.0374446	0.00715073	0.0315213	0.00658554	0.00286565	0.114538	0.0105216	0.0243602	0.018692	0.0452075	0.020968	0.0152979	0.00117811	0.00720885
57	0.0987803	0.00118955	0.00177743	0.00228857	0.00880397	0.0183532	0.00117462	0.112725	0.00196311	0.0529718	0.00742728	0.0105794	0.00523739	0.00278624	0.00319138	0.00581956	0.0214173	0.640151	0.000440785	0.00292211
58	0.0191907	0.00393767	0.000532337	0.00138593	0.0611198	0.000573519	0.00265919	0.152401	0.00141376	0.514967	0.0888325	0.000625506	0.00102674	0.0058807	0.000964834	0.00170101	0.00583071	0.126346	0.00200418	0.00860637
59	0.0132684	0.000231975	0.000434209	0.000737167	0.00811084	0.000803036	0.000457451	0.24917	0.000614863	0.116559	0.0350045	0.000855393	0.0012142	0.000554959	0.00255592	0.000952204	0.00470343	0.563187	0.000168441	0.000417082
60	0.118619	0.0139691	0.00883952	0.0132603	0.0133935	0.0562236	0.00568589	0.0170739	0.0149513	0.0245066	0.00632719	0.00964886	0.504684	0.0116637	0.0234859	0.0354406	0.0857029	0.029904	0.00123431	0.00538585
61	0.0410765	0.00360692	0.00150703	0.00501203	0.0489825	0.00191784	0.00249183	0.181871	0.00480828	0.396189	0.0759152	0.0053226	0.00472405	0.00825848	0.00401096	0.00896132	0.026555	0.166744	0.00230066	0.00974483
62	0.00219073	0.0107679	0.0039225	0.00115186	0.453802	0.000870983	0.0268073	0.0178729	0.00127962	0.0689467	0.00779647	0.00340313	0.0054734	0.000867002	0.00139317	0.00162585	0.00180744	0.0133851	0.0168877	0.359748
63	0.0580455	0.00132984	0.00191807	0.0191307	0.0030908	0.00208146	0.00180793	0.170697	0.0208518	0.274413	0.0853421	0.0179583	0.00187496	0.0369263	0.0150336	0.0300213	0.108131	0.149216	0.00048242	0.00164803
64	0.0740583	0.00134704	0.0274539	0.00877489	0.00188238	0.00253257	0.00169319	0.0157851	0.00998486	0.0222401	0.00938373	0.0580405	0.00223226	0.00181825	0.00361325	0.177913	0.541803	0.036983	0.00072924	0.00173123
65	0.534746	0.00613509	0.00233558	0.00440156	0.00126381	0.0171148	0.00101557	0.00631445	0.0019422	0.00194107	0.0019414	0.0018831	0.0160789	0.00127068	0.00578422	0.200332	0.126753	0.0590234	0.00385915	0.00586392
66	0.0212451	0.00103186	0.0155141	0.00485495	0.0412845	0.0387455	0.313619	0.0159885	0.00452301	0.00573941	0.00332427	0.0265333	0.00262353	0.0394146	0.208701	0.108469	0.0192854	0.00687809	0.00154875	0.120677
67	0.00826916	0.000953543	0.0229603	0.0639091	0.00294962	0.00492074	0.200855	0.0127186	0.0668423	0.0356105	0.00689041	0.00505729	0.039706	0.176151	0.281652	0.0345228	0.0044527	0.012378	0.000687396	0.0185138
68	0.00203973	0.0108082	0.00396544	0.00114955	0.453671	0.000859979	0.0268572	0.0178453	0.00126018	0.0690834	0.00781007	0.00340235	0.00549856	0.000867094	0.00130535	0.00154401	0.00178817	0.0133741	0.0169358	0.359934
69	0.0628621	0.00190347	0.115807	0.0637297	0.00162862	0.179965	0.0546383	0.0058528	0.0884611	0.00454601	0.0100144	0.120353	0.0010554	0.0649981	0.111201	0.0530272	0.0346406	0.0124805	0.00371431	0.0091213
70	0.0743722	0.00156822	0.0264437	0.0450642	0.00428707	0.114147	0.0459989	0.00883401	0.119808	0.0107177	0.0106739	0.0402812	0.0146961	0.0755589	0.239715	0.106749	0.0367318	0.011221	0.00459215	0.00854006
71	0.0121874	0.00129045	0.106627	0.161277	0.00358208	0.0213995	0.129273	0.0079378	0.0680784	0.0199901	0.0154469	0.00715915	0.00860904	0.173417	0.219213	0.0224165	0.00624318	0.00913874	0.00110463	0.00560957
72	0.117398	0.00255982	0.00241415	0.00444905	0.0127883	0.0157192	0.00144662	0.101443	0.00303204	0.0458968	0.0096095	0.00696332	0.00502374	0.0041343	0.00436029	0.0102098	0.0236451	0.623556	0.000483941	0.0048668
73	0.00977315	0.000968717	0.0258386	0.0610272	0.00400564	0.00671326	0.195958	0.0160505	0.0762085	0.0333208	0.00777614	0.010587	0.0309482	0.170638	0.280828	0.0330637	0.00648245	0.0122509	0.000726452	0.016836
74	0.0199518	0.00399102	0.00209144	0.00347725	0.152236	0.00215291	0.00652317	0.117073	0.00462251	0.48568	0.0682929	0.0025097	0.00255519	0.00635902	0.00493853	0.00401206	0.00919088	0.0930943	0.00211428	0.00913434
75	0.0133948	0.000675151	0.000437005	0.000748962	0.016347	0.000922066	0.000832656	0.219997	0.000682812	0.20918	0.0416334	0.000869022	0.00147465	0.00138032	0.00224269	0.00108473	0.00422319	0.481958	0.000366754	0.00154863
76	0.0555894	0.000265818	0.000812675	0.0010156	0.00363191	0.00805147	0.000760573	0.171204	0.00100051	0.0670459	0.0160394	0.00328852	0.00183892	0.000794226	0.00225933	0.00162637	0.0109073	0.653065	0.000240242	0.000562747
77	0.474787	0.0026231	0.0096924	0.0288773	0.00645042	0.0675393	0.00188037	0.00363716	0.00764075	0.00329525	0.00259186	0.00834302	0.00778577	0.00195865	0.00458865	0.192671	0.132645	0.0383039	0.00134952	0.00333917
78	0.0697368	0.00209214	0.0169621	0.0997928	0.0257627	0.0258893	0.0106406	0.0559618	0.0644308	0.0795724	0.0124227	0.0378366	0.132985	0.0379971	0.115493	0.0828328	0.0212498	0.0146923	0.0880643	0.00558498
79	0.00898017	0.0230238	0.00614154	0.00453473	0.363997	0.00355312	0.0251707	0.0345517	0.00556316	0.0903116	0.0399747	0.0108359	0.0159284	0.00363991	0.00884416	0.00625383	0.0077724	0.0272479	0.0453137	0.268361
80	0.0572032	0.000619918	0.00211356	0.00348131	0.0278691	0.00218786	0.00116618	0.271116	0.00262092	0.12009	0.0672971	0.0206181	0.02029	0.00386139	0.00564619	0.0105541	0.0747275	0.294621	0.00059066	0.0133268
81	0.0741569	0.00312103	0.11913	0.0458435	0.00112154	0.0957034	0.0565452	0.0102127	0.095276	0.00755625	0.0100642	0.102938	0.00124157	0.0383601	0.130906	0.0952339	0.0663132	0.0222136	0.00676745	0.0172954
82	0.0186262	0.000821761	0.00289023	0.0111809	0.00225204	0.00499154	0.0107316	0.00898266	0.49221	0.00953872	0.0100801	0.0248821	0.00986166	0.0194912	0.311132	0.0149442	0.0287543	0.0122355	0.000737158	0.00565612
83	0.00219745	0.0108206	0.0038758	0.00117313	0.432144	0.000885925	0.0303979	0.0173121	0.00134287	0.0666908	0.00782036	0.00378404	0.0055473	0.000855518	0.00209883	0.00166203	0.00187051	0.0129996	0.0167038	0.379817
84	0.0747732	0.000217187	0.0234841	0.0563647	0.000835461	0.0495255	0.0296699	0.0138514	0.187064	0.0125576	0.0148523	0.0338688	0.0119808	0.0738644	0.277108	0.0669182	0.0544289	0.0155409	0.00163181	0.0014623
85	0.0214879	0.00425277	0.000508316	0.00140936	0.0633126	0.000608568	0.002647	0.160056	0.00151183	0.494528	0.0894125	0.000694572	0.00111655	0.00659994	0.00110844	0.00173141	0.00632821	0.130227	0.00231489	0.0101435
86	0.0188903	0.00392236	0.000525234	0.00140122	0.063377	0.000620498	0.00280498	0.148851	0.00147901	0.517761	0.0887434	0.000650987	0.00110626	0.00592544	0.000976265	0.00170379	0.00583396	0.124669	0.00203489	0.00872319
87	0.0935557	0.000200767	0.0330292	0.0638435	0.000380438	0.0663373	0.032313	0.00881739	0.148479	0.0103533	0.0118811	0.0374446	0.016505	0.0878888	0.249566	0.080609	0.0428113	0.0123311	0.00286002	0.000793408
88	0.0932013	0.000168574	0.0286874	0.0603758	0.0004283	0.0696593	0.0325216	0.00821853	0.148832	0.0103309	0.0126406	0.038644	0.0171216	0.0876981	0.250089	0.0847241	0.041389	0.0116154	0.00332717	0.000327537
89	0.0193678	0.00381192	0.000539818	0.00158593	0.0613447	0.000673972	0.00267312	0.149712	0.00211999	0.512331	0.0906267	0.000958666	0.00113286	0.00598089	0.00193852	0.00203888	0.00709389	0.124631	0.00198408	0.00945525
90	0.019141	0.00865193	0.00207602	0.00283485	0.00187979	0.00831121	0.00162896	0.00291317	0.00921982	0.00341513	0.00221478	0.003526	0.00743743	0.00194535	0.0170213	0.541222	0.360096	0.00436573	0.000515529	0.00158426
91	0.0246606	0.000439651	0.00345961	0.0174019	0.00734784	0.0192348	0.0466009	0.0208056	0.211742	0.0214928	0.0141075	0.123994	0.00162088	0.0181836	0.342772	0.049572	0.0574572	0.0122448	0.000765293	0.00609658
92	0.0138062	0.00118392	0.00954409	0.0044049	0.0459416	0.0239538	0.34885	0.0101208	0.00454919	0.00577575	0.00288208	0.0233784	0.00257254	0.0250281	0.124841	0.0633708	0.0115768	0.00648773	0.000898535	0.270834
93	0.0787101	0.000593541	0.290498	0.32882	0.00226916	0.0488905	0.0085808	0.00682332	0.0457925	0.00666534	0.00142904	0.0352694	0.0275031	0.0391004	0.0119125	0.0206433	0.0170037	0.025539	0.00038963	0.00356627
94	0.0809119	0.000568718	0.00423968	0.00628941	0.0214627	0.00215885	0.000984898	0.28572	0.00176996	0.0907435	0.0309561	0.0105911	0.030212	0.00221418	0.00816604	0.0178171	0.0771521	0.326394	0.000324167	0.00132361
95	0.011498	0.000226592	0.00042626	0.000729679	0.00878512	0.000669728	0.000458734	0.24721	0.000652102	0.122432	0.0373436	0.000803631	0.00138656	0.000580851	0.00249452	0.000931354	0.00420889	0.558588	0.000174157	0.000400245
96	0.0158034	0.00102305	0.529896	0.0532832	0.0110903	0.0545025	0.0404548	0.00376817	0.0192073	0.00392358	0.00206241	0.153892	0.00461971	0.0145168	0.00374058	0.0577869	0.0138068	0.00545302	0.000486748	0.0106828
97	0.0215497	0.00429658	0.000510545	0.00140245	0.0637774	0.000639344	0.00266289	0.158892	0.00150016	0.496033	0.0896655	0.000655809	0.000938736	0.00672357	0.00109105	0.0017456	0.00601396	0.129432	0.00233929	0.0101296
98	0.0523357	0.000660568	0.00249809	0.00651118	0.0204289	0.00163333	0.00120138	0.305748	0.00309741	0.086453	0.0589046	0.0092627	0.0120144	0.00396763	0.00766186	0.0125944	0.0939741	0.309237	0.0005345	0.0112814
99	0.0209157	0.00343481	0.0145049	0.0255838	0.00879396	0.0089497	0.239521	0.0148902	0.0381834	0.122558	0.00905749	0.015522	0.019822	0.0450984	0.328133	0.0285976	0.0133497	0.0235778	0.00215428	0.0173524
100	0.0701948	0.421494	0.0162219	0.0156974	0.0665559	0.049488	0.0116739	0.0271543	0.0170907	0.0428121	0.0171611	0.0149046	0.0177919	0.0134438	0.0232499	0.044683	0.0290647	0.0516184	0.00595099	0.0437487
101	0.00205211	0.0109732	0.00399288	0.00115411	0.4527	0.000867101	0.0268763	0.0180738	0.00130109	0.0692323	0.00820929	0.00354419	0.00570755	0.000886968	0.00131669	0.00155754	0.00193311	0.0138451	0.0170498	0.358727
102	0.0917616	0.000215597	0.0342608	0.0656582	0.000822603	0.0647512	0.0308884	0.00969603	0.137634	0.013357	0.01306	0.0339118	0.0533019	0.0821331	0.233988	0.0787346	0.0417727	0.0106671	0.00239189	0.000993685
103	0.0948851	0.000173151	0.0306142	0.0639863	0.000355825	0.0668027	0.0323868	0.00861839	0.147818	0.0104181	0.0119546	0.0362271	0.017077	0.0891449	0.251324	0.0816023	0.0416841	0.0117637	0.00276844	0.000394919
104	0.0551763	0.00396892	0.00553915	0.0854486	0.0482002	0.0064826	0.00538872	0.0779721	0.0115002	0.12575	0.00944775	0.0592088	0.00502949	0.0384915	0.0106304	0.038348	0.0146106	0.210744	0.00198479	0.186078
105	0.0179082	0.00907463	0.00214045	0.00279531	0.00186345	0.00803615	0.00166505	0.00278151	0.00919893	0.00332856	0.00217061	0.00323365	0.0073125	0.00196602	0.0167834	0.540185	0.363451	0.00403685	0.000509747	0.00155825
106	0.0529832	0.00072225	0.00190805	0.00586749	0.0213345	0.00160441	0.00114658	0.295897	0.00453523	0.111672	0.084063	0.0117677	0.0136861	0.00533467	0.00685215	0.0122776	0.0860445	0.271216	0.000517782	0.01057
107	0.222513	0.000778789	0.00131544	0.0338651	0.036022	0.00190383	0.0118892	0.0290349	0.0315958	0.139313	0.0959845	0.00806497	0.016474	0.0119935	0.0275112	0.0634095	0.0810933	0.180351	0.000474831	0.00641235
108	0.0200733	0.000557737	0.531364	0.0694836	0.00577162	0.0645142	0.0404357	0.00323204	0.0224151	0.00239267	0.00144378	0.138137	0.00662021	0.0157918	0.00318124	0.0449413	0.0168973	0.00663965	0.000441697	0.0056661
109	0.00239228	0.0108679	0.00411279	0.00130471	0.450353	0.00098459	0.027601	0.0187509	0.00139012	0.0691787	0.00859958	0.00344441	0.00543738	0.0011697	0.00192729	0.00237798	0.00229051	0.0140843	0.0169353	0.356797
110	0.122141	0.00211165	0.017433	0.0322279	0.0055266	0.0645979	0.00934709	0.0115578	0.143734	0.0307436	0.0522087	0.0419906	0.00839322	0.0122712	0.138255	0.0532739	0.206383	0.0397203	0.00192664	0.00615662
111	0.0951427	0.000146946	0.0304365	0.0646943	0.000355835	0.0665447	0.0320286	0.00870142	0.14823	0.0104627	0.0119494	0.0356815	0.0172039	0.089413	0.251721	0.0807297	0.0417342	0.0117933	0.00270279	0.000327314
112	0.0271632	0.00388062	0.0014481	0.00297021	0.102183	0.00191957	0.0106105	0.122225	0.00337389	0.489661	0.0790474	0.00222916	0.00198396	0.00688302	0.00366675	0.00468051	0.0151956	0.109432	0.00253777	0.00890924
113	0.0346292	0.00329072	0.000665089	0.00574541	0.0409251	0.000783313	0.00222213	0.159276	0.00649482	0.435894	0.0975098	0.003266	0.00152648	0.0106328	0.00380215	0.00960631	0.0293585	0.147052	0.00139458	0.00592647
114	0.0528282	0.00379112	0.058669	0.0484184	0.0141963	0.0331981	0.034771	0.0183007	0.129124	0.0250381	0.0806151	0.030234	0.0190637	0.0453471	0.284651	0.0418773	0.0414087	0.023156	0.0038081	0.0115039
115	0.0762366	0.00241946	0.106255	0.0479187	0.000980884	0.0942927	0.0521707	0.00888315	0.102271	0.00741141	0.00991061	0.0902291	0.00401206	0.0484089	0.152927	0.0953158	0.058889	0.0201192	0.00736333	0.0139851
116	0.483909	0.0121494	0.00254777	0.00400317	0.0029743	0.00807645	0.0018004	0.0152275	0.0030362	0.00474125	0.00329604	0.00288802	0.013008	0.00245165	0.014087	0.173819	0.145003	0.0923211	0.00930556	0.00535564
117	0.00203973	0.0108082	0.00396544	0.00114955	0.453671	0.000859979	0.0268572	0.0178453	0.00126018	0.0690834	0.00781007	0.00340235	0.00549856	0.000867094	0.00130535	0.00154401	0.00178817	0.0133741	0.0169358	0.359934
118	0.158031	0.00183389	0.0557218	0.0658106	0.0193048	0.17649	0.0264496	0.00829497	0.0694583	0.0103823	0.00570181	0.0687538	0.00787509	0.0167928	0.0550535	0.177495	0.0513441	0.0180347	0.00213689	0.0050353
119	0.0328196	0.0085106	0.0157611	0.0171871	0.0862108	0.0111429	0.0859917	0.0693325	0.0177973	0.339485	0.0445239	0.0136418	0.0101263	0.0209709	0.057725	0.0211083	0.0202519	0.0708073	0.00480221	0.0518035
120	0.0595653	0.00137069	0.0488239	0.0785728	0.0049609	0.069837	0.0100519	0.0161312	0.103817	0.0261189	0.0103593	0.039735	0.234206	0.0542005	0.128536	0.0597757	0.0401549	0.00659754	0.00283453	0.00435078
121	0.0200241	0.000518781	0.0048354	0.0175667	0.00391356	0.0135121	0.0377505	0.0149429	0.2725	0.0172026	0.0123985	0.0692212	0.00375958	0.0219661	0.389241	0.0324034	0.0466906	0.0140805	0.000549168	0.00692396
122	0.114872	0.000976113	0.258237	0.213292	0.00258952	0.0430814	0.0131524	0.017539	0.0498745	0.00493648	0.00217903	0.0666617	0.0449842	0.00841193	0.00464549	0.05774	0.0438679	0.0501314	0.000711208	0.00211639
123	0.0664118	0.000223071	0.0207636	0.0487487	0.0010198	0.04337	0.0275785	0.015007	0.204291	0.0127822	0.015327	0.034033	0.00988452	0.0645056	0.291754	0.061661	0.0607542	0.0184806	0.00141037	0.00199424
124	0.0161914	0.000856114	0.00305041	0.00849114	0.00232879	0.00416543	0.00930416	0.00711992	0.51141	0.00884699	0.00983555	0.0254496	0.012046	0.0187416	0.313322	0.0111578	0.0209277	0.0103096	0.000803431	0.00564322
125	0.118978	0.0143181	0.00949142	0.0140467	0.016501	0.0608598	0.0068564	0.0156232	0.0142403	0.0275072	0.0075072	0.0089346	0.515713	0.0113684	0.0253104	0.0301935	0.0645483	0.0297571	0.00156088	0.00668396
126	0.0391695	0.000375199	0.0124446	0.0339609	0.00148896	0.0260584	0.0219059	0.0147743	0.226875	0.012252	0.015224	0.0266965	0.00617521	0.047916	0.385005	0.0451465	0.0599481	0.0202793	0.00108889	0.00321521
127	0.0196832	0.00378185	0.000521569	0.00168322	0.0579072	0.000702871	0.00281387	0.151479	0.00183065	0.512552	0.0905183	0.000965724	0.00127411	0.00622931	0.00121498	0.00238231	0.00772481	0.126857	0.00181887	0.00805974
128	0.0183298	0.00360787	0.000579509	0.00145426	0.0579325	0.00060995	0.00285115	0.145345	0.00155385	0.527378	0.0879101	0.000695533	0.00115276	0.00558617	0.00111622	0.00188264	0.00610951	0.126232	0.00184387	0.00782936
129	0.0203726	0.0041543	0.000502648	0.00139537	0.0627361	0.000598063	0.00264712	0.156529	0.00144555	0.50392	0.0893997	0.000607981	0.000974552	0.00642353	0.00100403	0.00171395	0.00593427	0.128014	0.00216159	0.00946516
130	0.012103	0.000250003	0.000446523	0.000770446	0.00884476	0.000660561	0.000483854	0.250446	0.00066127	0.12112	0.0375739	0.000931204	0.00149221	0.000577131	0.00251423	0.000978406	0.00504504	0.554522	0.000161367	0.000418226
131	0.194815	0.00140279	0.00906731	0.0538713	0.0155892	0.0231667	0.0325879	0.00839296	0.0433322	0.0425476	0.0260199	0.0466433	0.107119	0.0103391	0.0879612	0.116735	0.101912	0.0408386	0.00115547	0.0365027
132	0.0469699	0.00175058	0.0200652	0.0402251	0.00729492	0.0249022	0.0518823	0.0193867	0.15583	0.0268456	0.0163297	0.0332054	0.0137166	0.0453697	0.366218	0.0427325	0.0426109	0.0293178	0.00227094	0.0130755
133	0.0861611	0.000315522	0.024505	0.0479655	0.000691201	0.0790105	0.0340227	0.00692534	0.151878	0.0101038	0.0112296	0.0487521	0.0160072	0.0793446	0.241594	0.102897	0.0412563	0.00988945	0.00682726	0.000623767
134	0.0851998	0.000411242	0.0280585	0.0466205	0.000726623	0.080538	0.0354639	0.00695409	0.148333	0.00970051	0.0108738	0.0526933	0.0154087	0.0766265	0.235366	0.10482	0.043237	0.0103439	0.00717085	0.00145402
135	0.0327578	0.00764482	0.00243419	0.00445544	0.00276646	0.0128864	0.00287604	0.00299162	0.0144298	0.00492367	0.00332717	0.00568764	0.0132941	0.00245187	0.0208382	0.540639	0.315476	0.00618357	0.000640326	0.00329582
136	0.0466298	0.00148958	0.0228098	0.0400523	0.0053082	0.0310577	0.0502047	0.0184648	0.157345	0.0217915	0.0142765	0.0364238	0.0149373	0.0509559	0.359414	0.0497452	0.0416503	0.0246186	0.00240216	0.0104238
137	0.113617	0.0122774	0.00285612	0.0664639	0.0311377	0.00325295	0.00254616	0.0936392	0.101126	0.00457515	0.0138572	0.00365223	0.00220103	0.0254647	0.301365	0.0448631	0.0369337	0.127952	0.00980768	0.00241263
138	0.0200124	0.00418258	0.000531237	0.00142078	0.0647738	0.000617283	0.00283161	0.15418	0.00156163	0.505042	0.0893697	0.000722942	0.00112556	0.00625602	0.00105841	0.00175045	0.00611455	0.126309	0.00242613	0.00971298
139	0.155538	0.00098576	0.00115497	0.0316854	0.0172499	0.00165217	0.00516584	0.0789899	0.0296294	0.18332	0.110377	0.00686189	0.00764303	0.0153411	0.0193363	0.0519564	0.083131	0.196033	0.000373324	0.00357575
140	0.0602122	0.00849479	0.142147	0.0513183	0.0167828	0.0594377	0.0387197	0.0255203	0.0663035	0.0260513	0.0135114	0.198905	0.0110519	0.0331849	0.0858345	0.0566548	0.0487494	0.0373423	0.00346554	0.0163122
141	0.201618	0.000612956	0.00144049	0.05145	0.0319269	0.0015685	0.00867951	0.0346398	0.0400946	0.155338	0.0901997	0.0084162	0.0140792	0.0265061	0.0296661	0.052716	0.0737339	0.169377	0.00175844	0.00617895
142	0.0912059	0.000737217	0.195275	0.445711	0.00238126	0.0507459	0.0108103	0.00347287	0.0371154	0.00804213	0.00199503	0.0162832	0.00994076	0.0705296	0.0198478	0.00953245	0.00901287	0.0119023	0.000654324	0.00480442
143	0.0505834	0.000259587	0.00130124	0.00222188	0.0105049	0.0035081	0.000713084	0.240165	0.00107	0.0846583	0.0357013	0.00500465	0.00836346	0.00149975	0.0035358	0.00551939	0.0347677	0.508828	0.000265218	0.00152926
144	0.201163	0.000942662	0.00125824	0.0339173	0.0228752	0.00210141	0.00695222	0.0561826	0.0307289	0.140758	0.109434	0.00651019	0.0104511	0.0122919	0.0226445	0.0585783	0.0797653	0.198408	0.000435075	0.00460252
145	0.0951141	0.000146922	0.0306037	0.0646523	0.000357046	0.066613	0.0320892	0.00869707	0.148054	0.0104273	0.0119113	0.0358002	0.0171871	0.0894054	0.251455	0.0807959	0.0418384	0.0118017	0.00270493	0.000345305
146	0.238477	0.000961771	0.00156046	0.0347602	0.024252	0.00240135	0.00773262	0.0355035	0.0298487	0.139639	0.132295	0.0121413	0.0126334	0.0115215	0.025505	0.0446585	0.086614	0.153233	0.000429861	0.00583174
147	0.380347	0.0391794	0.00707817	0.010002	0.00758192	0.0987911	0.00547037	0.0125129	0.0106111	0.0437661	0.0706988	0.00781539	0.00806639	0.00809767	0.0121796	0.0892616	0.024702	0.154878	0.00235551	0.00660477
148	0.150708	0.0012129	0.0386144	0.137118	0.00312546	0.0690504	0.0099441	0.00565182	0.161602	0.00847561	0.0231865	0.0164491	0.0056139	0.0219926	0.142081	0.0525584	0.124711	0.0236229	0.00144353	0.00283839
149	0.077914	0.00129211	0.00208402	0.0132162	0.0090944	0.0017258	0.00125957	0.196963	0.0140074	0.214566	0.0805711	0.0106291	0.00817425	0.0171551	0.0107319	0.0305483	0.0778483	0.229955	0.000330619	0.00193358
150	0.0703482	0.00451728	0.0734527	0.0449179	0.00197873	0.26967	0.0351819	0.00698302	0.0918718	0.00674455	0.00892577	0.072812	0.0068472	0.0446652	0.123102	0.0714383	0.0419073	0.0136514	0.00407464	0.00691008
151	0.00203973	0.0108082	0.00396544	0.00114955	0.453671	0.000859979	0.0268572	0.0178453	0.00126018	0.0690834	0.00781007	0.00340235	0.00549856	0.000867094	0.00130535	0.00154401	0.00178817	0.0133741	0.0169358	0.359934
152	0.0565743	0.000677203	0.258607	0.306615	0.0122456	0.0152362	0.00290241	0.00732206	0.0658555	0.0182607	0.00156895	0.0676059	0.00380914	0.0486294	0.0441237	0.0050939	0.0202658	0.0463575	0.000511816	0.0177375
153	0.185262	0.0043973	0.00385574	0.0178253	0.0172947	0.017131	0.00635462	0.0743336	0.0149429	0.0811119	0.0384346	0.0111544	0.0582846	0.00822436	0.0168158	0.0304765	0.0562394	0.350198	0.00106597	0.00659734
154	0.092562	0.00112247	0.00606089	0.0137787	0.0165551	0.00199911	0.00145031	0.294099	0.00354077	0.0498722	0.0122132	0.00384355	0.020744	0.00274576	0.0176464	0.0296869	0.113202	0.316058	0.000507802	0.00231192
155	0.0997325	0.00097715	0.00730442	0.00984206	0.0161206	0.00220221	0.00125443	0.275105	0.00218573	0.0625557	0.0120314	0.00678739	0.0262371	0.00252653	0.013992	0.0314588	0.101039	0.326531	0.000374953	0.00174193
156	0.332148	0.00175803	0.0317604	0.071315	0.0160887	0.113843	0.00527341	0.00484452	0.0315006	0.0050537	0.0041043	0.0290427	0.00487814	0.00294965	0.0140601	0.162176	0.119216	0.0469025	0.000777787	0.00230742
157	0.0862843	0.00103582	0.296907	0.282343	0.00400956	0.068756	0.0100182	0.00543704	0.0350907	0.0182725	0.0027434	0.0320011	0.0188444	0.0441019	0.0246809	0.0278823	0.0133039	0.0204211	0.000614056	0.00725266
158	0.156223	0.0202014	0.00483535	0.00495915	0.02013	0.0816366	0.00306348	0.0208926	0.0055483	0.0340122	0.00370771	0.0047656	0.495071	0.00623966	0.00672331	0.0210107	0.0704672	0.0362222	0.00105435	0.00323609
159	0.0951109	0.000147206	0.0305141	0.0646525	0.000355978	0.0666357	0.0320362	0.00869551	0.14819	0.0104518	0.0119492	0.0357565	0.0171853	0.0893565	0.25161	0.0807295	0.0417538	0.011814	0.00270863	0.000346604
160	0.0718618	0.0111052	0.00206507	0.00880735	0.104964	0.00335606	0.00233316	0.156551	0.00351135	0.209776	0.0432711	0.00867604	0.00256898	0.0216308	0.0049393	0.0135566	0.0294061	0.250191	0.00214219	0.0492874
161	0.542589	0.0062691	0.00242286	0.00411349	0.00140821	0.0185083	0.0010103	0.00617314	0.00194315	0.00213954	0.00233395	0.00175929	0.0166751	0.0014665	0.00557467	0.196006	0.12187	0.0576699	0.00354347	0.00652411
162	0.0951427	0.000146946	0.0304365	0.0646943	0.000355835	0.0665447	0.0320286	0.00870142	0.14823	0.0104627	0.0119494	0.0356815	0.0172039	0.089413	0.251721	0.0807297	0.0417342	0.0117933	0.00270279	0.000327314
163	0.0655583	0.00142238	0.00170504	0.0176321	0.00335994	0.00202644	0.00173225	0.150243	0.0270018	0.272694	0.0938981	0.011628	0.0015158	0.0295004	0.0194101	0.0286069	0.104298	0.165731	0.000497983	0.00153941
164	0.110312	0.00205476	0.00195302	0.00442533	0.0137343	0.0142954	0.00164069	0.111116	0.00359291	0.0612783	0.0126561	0.00725999	0.00583482	0.00417875	0.00478178	0.00951269	0.025681	0.600568	0.000488711	0.00463551
165	0.139721	0.00661364	0.0686499	0.0563418	0.0122958	0.0608454	0.0292948	0.0226232	0.0585029	0.0312932	0.0176661	0.1792	0.0265868	0.0312183	0.0720234	0.0627219	0.0607733	0.0453619	0.00391579	0.0143503
166	0.51584	0.00704483	0.00551018	0.0113221	0.00465862	0.0365369	0.00229775	0.00593526	0.00509163	0.00457109	0.00393788	0.00525741	0.0140247	0.00199441	0.00673624	0.193879	0.112628	0.0533723	0.00283298	0.0065296
167	0.133619	0.243362	0.0126398	0.0159852	0.138536	0.01063	0.00501809	0.0384236	0.00880538	0.0180402	0.0125129	0.00778877	0.00412815	0.0109712	0.00947583	0.067999	0.0347533	0.150527	0.00181277	0.0749721
168	0.0174433	0.000639984	0.530293	0.0583033	0.00629691	0.0645115	0.0458898	0.00298402	0.0224843	0.0026996	0.00167308	0.143839	0.00547425	0.0174744	0.00623982	0.0469432	0.0149819	0.00484075	0.000526672	0.006461
169	0.121059	0.00237062	0.00217722	0.00301789	0.00990357	0.0213793	0.00149016	0.089193	0.00258255	0.04115	0.00672471	0.00671183	0.00382795	0.00391542	0.00372462	0.00630532	0.0179803	0.651197	0.000684624	0.00460493
170	0.0187249	0.00369362	0.000544347	0.00143983	0.0583915	0.000596117	0.00273781	0.147234	0.00153479	0.525219	0.0883751	0.000638982	0.00111719	0.00572934	0.00100731	0.00192298	0.00609466	0.125264	0.00186501	0.00787015
171	0.0116073	0.000320121	0.000423897	0.000738129	0.0101553	0.000682125	0.000528744	0.242025	0.000658256	0.135382	0.0393634	0.00080198	0.00134688	0.000743282	0.00242155	0.000945014	0.00436275	0.546688	0.000220104	0.000586005
172	0.133392	0.0542341	0.0101917	0.0144713	0.00514557	0.605341	0.00335675	0.00579124	0.0214014	0.0095814	0.0115921	0.00678323	0.0162626	0.00950265	0.0273322	0.0202025	0.0188253	0.0207706	0.00148805	0.00433403
173	0.086327	0.00124175	0.00151074	0.00779483	0.0158917	0.00547274	0.00241997	0.162503	0.00683868	0.125701	0.0493226	0.00575999	0.0065257	0.00517552	0.00695792	0.0136485	0.0344506	0.458149	0.000504211	0.00380445
174	0.0161432	0.00124546	0.0130502	0.00973864	0.0359234	0.026649	0.350635	0.0127783	0.0130342	0.0136841	0.0041269	0.0235752	0.00662318	0.0376769	0.171932	0.0728986	0.0137639	0.00912373	0.00103332	0.166365
175	0.0938467	0.0262287	0.0355987	0.0343444	0.0065943	0.544847	0.0108875	0.00772158	0.0399132	0.00790408	0.0104952	0.0270805	0.0122539	0.0231303	0.0492128	0.0254875	0.0209821	0.0153103	0.00177094	0.00638993
176	0.52902	0.00282693	0.0320416	0.0293369	0.00575697	0.0973069	0.00510807	0.00451227	0.0137494	0.00514658	0.00466943	0.0141993	0.0102485	0.00618923	0.0117769	0.127274	0.0626088	0.03326	0.000979158	0.00398972
177	0.341212	0.0182255	0.0126825	0.0188745	0.00616417	0.327054	0.00404251	0.00919448	0.016814	0.0130281	0.0133321	0.00759334	0.0135988	0.00646936	0.0176367	0.0602928	0.0388543	0.0691034	0.00158593	0.00424244
178	0.0276536	0.00361467	0.0012041	0.00395421	0.0561066	0.00150024	0.00314175	0.143275	0.00487192	0.489489	0.0882751	0.00159781	0.00199012	0.00711309	0.0047937	0.00529933	0.0123219	0.133449	0.00173604	0.00861309
179	0.535841	0.00587595	0.00337194	0.00770231	0.0021392	0.0255408	0.00115811	0.00586469	0.0030424	0.00291039	0.00307773	0.00288946	0.0146975	0.00148962	0.00565748	0.1872	0.127842	0.055278	0.00316468	0.00525727
180	0.0446924	0.0034473	0.149509	0.0418532	0.0141517	0.0597621	0.094571	0.0133041	0.0680354	0.0177545	0.0108123	0.190394	0.00894927	0.0335433	0.112116	0.0526052	0.0345837	0.0170245	0.00333289	0.0295586
181	0.0212053	0.00434233	0.000512148	0.00148382	0.0630176	0.000619948	0.00264044	0.158151	0.001543	0.497599	0.0901325	0.000635111	0.000933839	0.00689847	0.00109093	0.00186497	0.0062571	0.128956	0.00227145	0.00984396
182	0.015755	0.000971887	0.000518339	0.00103083	0.0176682	0.000938222	0.000883526	0.221539	0.000997029	0.192652	0.0476352	0.000920949	0.00107292	0.00186608	0.00235518	0.00153966	0.00554228	0.483558	0.000545427	0.00200931
183	0.0125061	0.00923647	0.00369422	0.0025728	0.36264	0.00149973	0.0196047	0.0508752	0.00311903	0.173551	0.0278777	0.00372302	0.00520637	0.00309571	0.00362643	0.00368597	0.00737412	0.0498179	0.0126904	0.243603
184	0.0266426	0.00466732	0.00158845	0.00561955	0.0602152	0.00397716	0.00494544	0.138367	0.00568435	0.469906	0.0782813	0.00435962	0.00332264	0.00844686	0.00581604	0.00839566	0.0155948	0.137972	0.00247157	0.0137276
185	0.0828315	0.00247512	0.0244659	0.0497504	0.00799426	0.0447953	0.0273594	0.0152155	0.0727521	0.0271061	0.0148921	0.0266878	0.267289	0.0412547	0.136759	0.0803467	0.047479	0.0175807	0.0041495	0.00881566
186	0.147328	0.00099721	0.0306331	0.0703303	0.00902909	0.028079	0.0356844	0.0144868	0.055997	0.0429657	0.038023	0.0320713	0.174124	0.0301076	0.128308	0.0659362	0.0596229	0.0167685	0.00224803	0.0172597
187	0.0503838	0.000855171	0.0639452	0.106677	0.00191393	0.277483	0.0372167	0.00278029	0.0944411	0.00304342	0.00492085	0.135351	0.00169558	0.117759	0.0729309	0.0100114	0.0120654	0.00413011	0.000657989	0.0017387
188	0.644079	0.00375415	0.00867526	0.0127504	0.00374495	0.09846	0.00164395	0.00268992	0.00480949	0.00469957	0.00580965	0.00456254	0.00465531	0.00171743	0.00350251	0.101617	0.0532846	0.0366694	0.000651406	0.00222318
189	0.0801311	0.000741457	0.00507035	0.0115257	0.0156156	0.0024309	0.00114335	0.302265	0.00231528	0.0501566	0.01638	0.00392409	0.0184114	0.00251693	0.0125491	0.0260755	0.109532	0.336689	0.000394685	0.00213201
190	0.0185562	0.00379099	0.000529443	0.00137655	0.0601773	0.000579852	0.00270968	0.149015	0.0014175	0.522281	0.0886266	0.000622398	0.00107124	0.00568701	0.00097386	0.00167566	0.00573448	0.125139	0.00190536	0.00813114
191	0.0141238	0.000232075	0.000459111	0.000720444	0.00813939	0.00109207	0.000456013	0.242808	0.00062488	0.115989	0.0346256	0.000899694	0.00118594	0.000621047	0.00252177	0.00101813	0.00478991	0.569129	0.000170172	0.000393509
