452	20
1	0.315274	0.0224509	0.00890733	0.0100839	0.0094299	0.264166	0.00470197	0.0131331	0.0132587	0.0179873	0.00636032	0.0145824	0.0202303	0.0196374	0.0148108	0.140407	0.0572649	0.0290651	0.00570848	0.0125404
2	0.0461027	0.00707176	0.0129359	0.0181513	0.00225956	0.00248815	0.0227599	0.0375188	0.145307	0.0311883	0.013255	0.0343057	0.0170814	0.0847141	0.121646	0.102661	0.241832	0.0568311	0.000910341	0.000979591
3	0.165683	0.0219245	0.0162487	0.0434052	0.035451	0.0232684	0.0139996	0.108059	0.0491067	0.108438	0.0726721	0.0278968	0.0024761	0.012874	0.0306482	0.0658812	0.049957	0.132789	0.000919093	0.018302
4	0.0586118	0.0138246	0.0210469	0.0213327	0.00635817	0.492287	0.00869786	0.014013	0.0303172	0.00928579	0.00600182	0.0499652	0.0108974	0.0197051	0.035959	0.12361	0.0550348	0.0114811	0.00210241	0.00946856
5	0.0468393	0.00575803	0.0148798	0.0219699	0.00230039	0.00194672	0.0227701	0.0364924	0.149111	0.032258	0.0145488	0.0362275	0.0201491	0.0875487	0.121664	0.103196	0.224922	0.0555543	0.000893905	0.000970966
6	0.0493092	0.00870885	0.0199676	0.0163711	0.0179703	0.0124994	0.0103385	0.124434	0.0722132	0.145637	0.0979242	0.0286315	0.0181431	0.025382	0.0767579	0.0455572	0.0663704	0.151234	0.00165966	0.0108904
7	0.0231988	0.00593282	0.000866881	0.0016741	0.0259867	0.00195533	0.00110904	0.305283	0.00137186	0.213629	0.0375953	0.00188226	0.00778273	0.00189034	0.00566742	0.00810282	0.0185262	0.325346	0.00326869	0.00893026
8	0.0212469	0.0405384	0.00811379	0.0217247	0.0412267	0.0141615	0.010852	0.0258129	0.149838	0.0990882	0.0355299	0.0396898	0.0129988	0.0699445	0.214755	0.0607369	0.0481181	0.0524409	0.0106719	0.0225111
9	0.317108	0.0295588	0.00259124	0.00814084	0.0206414	0.029561	0.00481241	0.0910684	0.00777124	0.0748703	0.0413391	0.00510527	0.00447889	0.00596386	0.00489115	0.0371006	0.0481474	0.260461	0.00113925	0.00524945
10	0.0447194	0.0217894	0.0504514	0.0450443	0.0179659	0.0712009	0.037326	0.0264327	0.0819707	0.0342964	0.0227754	0.194061	0.0132029	0.0530383	0.0756058	0.0951979	0.0628354	0.0312795	0.00378322	0.0170231
11	0.0192927	0.0197385	0.00836196	0.0141067	0.264161	0.00273423	0.1172	0.0131502	0.0202026	0.0778613	0.00271005	0.0252302	0.00430125	0.0160031	0.0288759	0.0255145	0.00898342	0.0220385	0.0176327	0.291901
12	0.00814315	0.0110596	0.00149581	0.00163092	0.469783	0.00157343	0.0299702	0.0228156	0.00237895	0.0387962	0.00326218	0.00684939	0.0041018	0.00573917	0.0107362	0.0253205	0.0118786	0.0134165	0.0101828	0.320866
13	0.0386761	0.0116902	0.00587062	0.0442958	0.0704159	0.00492809	0.00834661	0.0711772	0.100365	0.324603	0.0172881	0.00604472	0.0628179	0.0679024	0.0478896	0.0363583	0.0156755	0.0465764	0.0154346	0.00364375
14	0.175401	0.0247099	0.00246002	0.00727219	0.00866216	0.0207162	0.00575983	0.15053	0.00522375	0.0679803	0.042763	0.00296666	0.00664283	0.00615302	0.00586953	0.0256179	0.0219569	0.412166	0.00117722	0.00597255
15	0.0331951	0.00289346	0.0938972	0.0947619	0.0029209	0.0461247	0.0291565	0.00501577	0.150684	0.0067864	0.0110726	0.117696	0.00876523	0.0924797	0.137911	0.0979685	0.0474927	0.0164092	0.00221555	0.00255316
16	0.0121217	0.0132259	0.0101485	0.00281175	0.298152	0.00294519	0.00855587	0.115888	0.00953153	0.216773	0.0673928	0.0104686	0.0021412	0.00474829	0.00886493	0.0187429	0.0170492	0.0988201	0.00283389	0.0787841
17	0.0391694	0.0162877	0.0574424	0.165346	0.0236061	0.0112025	0.0843645	0.0237167	0.0451048	0.0715313	0.0451806	0.0545064	0.00682915	0.0478892	0.031817	0.111157	0.0405119	0.0509398	0.00504118	0.0683562
18	0.011434	0.0193667	0.00556685	0.00245937	0.390812	0.00223244	0.0201756	0.0680362	0.00581361	0.117431	0.0240753	0.00744457	0.003373	0.005921	0.0100847	0.0200174	0.0240344	0.04119	0.00668557	0.213846
19	0.107292	0.0277961	0.114835	0.0594564	0.057544	0.166692	0.0195918	0.00711571	0.0320637	0.015513	0.00645886	0.0308649	0.00391948	0.098686	0.0128782	0.107624	0.0531048	0.00892586	0.0192318	0.0504074
20	0.0226793	0.0194725	0.0395084	0.0288982	0.00233603	0.237708	0.0390005	0.00444571	0.0991506	0.00469159	0.0128244	0.22739	0.00267353	0.0343731	0.0991979	0.0853089	0.0320884	0.00464458	0.000955739	0.00265261
21	0.0808096	0.0275219	0.00990637	0.0178146	0.0125634	0.0311395	0.0368361	0.067401	0.178931	0.0955281	0.0351886	0.0172927	0.0156565	0.0800954	0.106177	0.112969	0.0276663	0.0223176	0.0135949	0.0105905
22	0.0374142	0.0165298	0.0114098	0.019705	0.0462463	0.010066	0.0159448	0.117077	0.0743491	0.261514	0.0598722	0.0161416	0.0230691	0.0497144	0.0690731	0.0439671	0.0387552	0.0784375	0.00504676	0.00566716
23	0.1452	0.0150769	0.00584914	0.00847978	0.0427573	0.0278113	0.0144523	0.024608	0.0158112	0.0531666	0.00899068	0.00917652	0.380105	0.0259942	0.0447668	0.0679843	0.0312244	0.0670399	0.00338508	0.00812026
24	0.0325399	0.00550093	0.0740218	0.0760901	0.00318101	0.0730512	0.0276286	0.00467883	0.162261	0.00963725	0.0127919	0.117531	0.00947754	0.0714134	0.173676	0.0885779	0.0391288	0.0141835	0.00175348	0.00287581
25	0.0175798	0.0052637	0.0186163	0.0172136	0.00104596	0.0163856	0.0232332	0.00459347	0.399523	0.00815436	0.00550628	0.0419844	0.0035001	0.0398079	0.328328	0.0212417	0.0382955	0.00772473	0.000415423	0.00158719
26	0.0555053	0.0446369	0.0518918	0.0152693	0.00843649	0.0795202	0.0060541	0.0219964	0.0094955	0.0145898	0.0127245	0.242782	0.0131739	0.025422	0.00838151	0.184778	0.155432	0.0445782	0.00216506	0.00316702
27	0.0108213	0.00470294	0.00071194	0.000670956	0.0471731	0.000876526	0.00438037	0.0727654	0.00119866	0.733075	0.0693408	0.00146191	0.000897504	0.00282403	0.00112698	0.0018133	0.00630134	0.0340056	0.00336031	0.00249212
28	0.0085867	0.0113203	0.00136138	0.00130601	0.460172	0.00149115	0.0277385	0.024164	0.00183382	0.0355964	0.00201408	0.00609771	0.00444908	0.00567859	0.0109522	0.022049	0.0133072	0.0116003	0.00963606	0.340646
29	0.275186	0.0303572	0.00622903	0.0131481	0.00745083	0.0411036	0.0046491	0.00998879	0.0165757	0.0100872	0.0111811	0.0132959	0.0309274	0.0122502	0.0142733	0.275305	0.178686	0.036243	0.00322997	0.00983274
30	0.274743	0.0193418	0.00841209	0.0125528	0.0109899	0.0282472	0.0323283	0.0447396	0.032842	0.0283915	0.0103022	0.0362381	0.0826696	0.0237211	0.0417811	0.169827	0.0533253	0.0771174	0.00562077	0.006809
31	0.0600264	0.0103547	0.0321071	0.0476798	0.0279693	0.0235951	0.0168672	0.124905	0.0796746	0.102468	0.0818214	0.0377837	0.00964318	0.039351	0.0812086	0.0526534	0.04703	0.114043	0.00236779	0.00845001
32	0.154124	0.00409588	0.054864	0.145455	0.00457972	0.0421928	0.0137524	0.00807778	0.0851213	0.0236611	0.00359279	0.0180104	0.154032	0.0628658	0.067109	0.0904003	0.0409728	0.0125934	0.00304555	0.0114544
33	0.0106782	0.00775509	0.00335203	0.00156799	0.158761	0.00158806	0.00462835	0.0879049	0.00344941	0.543198	0.0684319	0.00417705	0.00148786	0.00344694	0.00320295	0.00852623	0.010294	0.0489231	0.00303976	0.0255877
34	0.0845163	0.0107896	0.0422357	0.0612974	0.00974617	0.0396533	0.0423404	0.0184841	0.0949546	0.0608852	0.00378628	0.033351	0.112644	0.108255	0.0996405	0.0857096	0.0580305	0.0176273	0.00334816	0.0127055
35	0.0465361	0.00575746	0.0714786	0.124902	0.026616	0.0127524	0.0240018	0.0356241	0.0936911	0.0429651	0.0255701	0.0559371	0.0523155	0.11486	0.0550649	0.0613015	0.0580266	0.0806526	0.00521417	0.00673191
36	0.0397204	0.00402488	0.0698667	0.128066	0.0162344	0.0107243	0.0260695	0.026134	0.0996745	0.0426265	0.0262994	0.0553021	0.0550618	0.124745	0.0551628	0.0671717	0.0673791	0.0747845	0.00510664	0.00584622
37	0.00855217	0.0113126	0.00135513	0.00129974	0.459442	0.00148598	0.0278549	0.0238889	0.00186196	0.0350065	0.00184753	0.00609667	0.00448321	0.0057023	0.0110046	0.0219701	0.0132689	0.0115396	0.00964589	0.342381
38	0.0176311	0.00559964	0.0179247	0.0171337	0.00108824	0.0160487	0.0239235	0.00495672	0.393159	0.00832944	0.00575611	0.0419022	0.00364021	0.0403649	0.332217	0.0216056	0.0387492	0.00792661	0.00045093	0.00159263
39	0.0380367	0.00731487	0.00138761	0.0022373	0.027369	0.00280476	0.00165025	0.274149	0.00170023	0.156281	0.0356363	0.00179356	0.00722616	0.00324186	0.00467588	0.0106126	0.0184665	0.390239	0.00243097	0.0127471
40	0.197684	0.00535588	0.0139885	0.00290596	0.00342342	0.0206571	0.0023712	0.041197	0.0322772	0.00547718	0.0214195	0.0177849	0.00402861	0.00469598	0.0113876	0.075849	0.39102	0.136031	0.00147458	0.0109715
41	0.0256557	0.00648577	0.000819711	0.00226292	0.0261559	0.00221043	0.000736195	0.326567	0.000870626	0.210748	0.0460701	0.00119604	0.0103233	0.000910427	0.00533593	0.00879167	0.0215776	0.290363	0.00362504	0.00929403
42	0.0175952	0.00526171	0.0186472	0.0172507	0.00104645	0.0164204	0.0232091	0.00459172	0.399455	0.00817547	0.00552349	0.0419812	0.00350333	0.0397903	0.328293	0.0212466	0.0382827	0.00773224	0.000416078	0.00157783
43	0.0439902	0.0186977	0.0207929	0.0218561	0.208057	0.00656117	0.0960259	0.0105591	0.0269915	0.227445	0.00838225	0.0282337	0.00421191	0.0260488	0.0405289	0.0194299	0.0101412	0.037949	0.0409079	0.10319
44	0.295616	0.0256974	0.00302908	0.0126897	0.0107948	0.0268152	0.00632718	0.0969582	0.010209	0.0568958	0.0418706	0.005097	0.00403531	0.00651426	0.00609452	0.0324853	0.0260284	0.32637	0.000840933	0.00563105
45	0.369781	0.029027	0.00201199	0.00495022	0.00490985	0.0625367	0.00252881	0.0128504	0.0133605	0.00654394	0.00218886	0.0107593	0.0482007	0.0116467	0.0048896	0.233677	0.117522	0.0479668	0.00515249	0.00949644
46	0.0825834	0.0135166	0.0301554	0.0469612	0.0106021	0.0393458	0.0498648	0.0230178	0.105006	0.067651	0.00336335	0.0329636	0.0845147	0.115569	0.114717	0.0871278	0.0557455	0.0202425	0.00364723	0.0134062
47	0.061072	0.0117908	0.00231242	0.0028267	0.041074	0.00818651	0.00143488	0.267677	0.00187205	0.180891	0.0343418	0.00241049	0.0362996	0.0017232	0.0108432	0.014893	0.0279356	0.279388	0.00631809	0.00671049
48	0.025242	0.0377341	0.107268	0.0446126	0.0065206	0.0478084	0.0253196	0.010482	0.0673587	0.0324229	0.00737751	0.196831	0.0415367	0.0448255	0.0908233	0.164629	0.0258996	0.0130383	0.00258116	0.00768944
49	0.018708	0.00386802	0.0117616	0.00374764	0.0195539	0.0308534	0.00432756	0.118037	0.0069985	0.28881	0.290656	0.00590497	0.0497327	0.0331138	0.00744106	0.00794463	0.0221879	0.0531713	0.0209483	0.00223391
50	0.336804	0.045545	0.00461659	0.00559649	0.0205814	0.0456511	0.00409931	0.0164929	0.0127676	0.0169908	0.00953875	0.00959468	0.0322775	0.0135006	0.00673781	0.136609	0.163129	0.0785145	0.00310342	0.0378494
51	0.0241208	0.00669172	0.000840347	0.00194311	0.0285225	0.00220492	0.00096969	0.302396	0.00127482	0.23872	0.0447151	0.00168699	0.00970429	0.000988319	0.00633439	0.00835531	0.0193705	0.287401	0.00383541	0.00992472
52	0.0312429	0.00439855	0.00840548	0.032004	0.00400818	0.00405663	0.126926	0.0324804	0.0865712	0.0389539	0.00840338	0.0705502	0.00819334	0.217103	0.0967233	0.0761974	0.103911	0.0445309	0.00159401	0.00374608
53	0.315416	0.0315372	0.0026402	0.00663197	0.00923504	0.032923	0.00388104	0.0912898	0.0060942	0.0467689	0.0301728	0.00359128	0.00712612	0.00452808	0.00401084	0.0397548	0.0271854	0.33348	0.000933033	0.00280095
54	0.0136013	0.00494062	0.000705481	0.00082105	0.0448421	0.000999727	0.00389657	0.0986486	0.00114199	0.67128	0.0662477	0.00145949	0.00252582	0.00250463	0.00171664	0.00278456	0.00814277	0.0670106	0.00327543	0.00345505
55	0.0325097	0.00455564	0.191021	0.139175	0.00600612	0.0545925	0.0264893	0.00772421	0.102908	0.0140664	0.0100915	0.0928373	0.0218983	0.0755538	0.0937113	0.0684552	0.0343242	0.0167635	0.00230015	0.00501672
56	0.0285107	0.00342627	0.000795174	0.00100259	0.0114925	0.00132173	0.00139662	0.295564	0.0012407	0.0358723	0.00601888	0.00151924	0.00232655	0.00576646	0.00145536	0.00974939	0.020498	0.569532	0.000497697	0.00201448
57	0.141632	0.023426	0.00221632	0.00400494	0.00567034	0.0149435	0.00320574	0.182144	0.00364292	0.0390177	0.0205707	0.00238064	0.00449767	0.00439341	0.00327396	0.0228465	0.0154818	0.503462	0.000643802	0.00254628
58	0.0109522	0.00465524	0.00107104	0.000858757	0.0454447	0.00177687	0.00435578	0.0749272	0.00145439	0.716531	0.0768021	0.00159633	0.00282056	0.00376839	0.00124486	0.00208924	0.00743519	0.0356699	0.00402667	0.00251921
59	0.0386956	0.0087155	0.103698	0.0826738	0.00605097	0.0810035	0.0289723	0.00889069	0.124056	0.0159529	0.0104939	0.0980744	0.0189028	0.079584	0.131928	0.0924376	0.0440862	0.0168386	0.00323155	0.00571368
60	0.0490191	0.00620947	0.176429	0.207381	0.0138395	0.028205	0.0612201	0.0123654	0.0465274	0.0313436	0.0189014	0.0581301	0.0222301	0.0730154	0.0262054	0.0610288	0.0414171	0.0250066	0.00459242	0.0369321
61	0.0752911	0.0492035	0.00785858	0.00661055	0.0278267	0.0289763	0.0248345	0.073926	0.0374516	0.0767868	0.0363277	0.0895677	0.0124024	0.0251746	0.0227136	0.17808	0.125812	0.0896451	0.00824053	0.00327088
62	0.300638	0.0181933	0.00289925	0.00430585	0.00709452	0.0193026	0.00828396	0.0226372	0.00701074	0.0273325	0.00568499	0.00673653	0.345139	0.0214334	0.0134132	0.0999674	0.0400908	0.0418095	0.00232052	0.00570677
63	0.0732535	0.00258808	0.207781	0.143606	0.00463097	0.0477515	0.0240881	0.0119273	0.0671632	0.0108128	0.00627988	0.0351233	0.128765	0.0649398	0.0350017	0.0679833	0.0425187	0.011398	0.00733147	0.00705692
64	0.0247048	0.00653595	0.00106237	0.00228677	0.0278065	0.00265355	0.00102335	0.307919	0.00187226	0.23365	0.0475446	0.00204113	0.0100601	0.00136668	0.0071833	0.00870203	0.0206507	0.279684	0.00372019	0.0095328
65	0.0470915	0.00487742	0.0251386	0.0334528	0.00323036	0.471655	0.00386761	0.00966735	0.0185661	0.00579191	0.00338049	0.0601587	0.0180689	0.0207454	0.0223191	0.12701	0.109092	0.00836388	0.00121101	0.00631183
66	0.0691399	0.0177339	0.218756	0.207797	0.0084482	0.218144	0.00622028	0.0112175	0.0229828	0.0150693	0.00304147	0.0396741	0.00430396	0.0723556	0.0265253	0.0358226	0.0132828	0.00482583	0.0016872	0.00297274
67	0.187459	0.0284923	0.035208	0.0304416	0.0506243	0.207728	0.0143765	0.0310752	0.0305148	0.0374536	0.0171359	0.0242056	0.0177484	0.0377926	0.0268872	0.091466	0.050199	0.0513725	0.00853067	0.0212885
68	0.0619888	0.0134842	0.00273368	0.00336881	0.0365565	0.00583089	0.00170088	0.261986	0.00344016	0.185637	0.0380085	0.00269876	0.0254618	0.00286746	0.0126305	0.018483	0.0297432	0.281627	0.00464463	0.00710745
69	0.0355486	0.00743641	0.104262	0.150115	0.0135277	0.0186193	0.0226187	0.0384142	0.0733953	0.0490792	0.026798	0.0518993	0.0312225	0.10022	0.0451345	0.0534927	0.0707937	0.0952155	0.00426393	0.00794294
70	0.294544	0.064987	0.0050585	0.011972	0.0399604	0.0632545	0.00796558	0.0397012	0.0226222	0.0598446	0.0254701	0.0136625	0.00987206	0.0135843	0.0102202	0.109191	0.0771414	0.108374	0.00236864	0.0202052
71	0.0340839	0.0530429	0.0108246	0.0144742	0.0373723	0.0156615	0.016978	0.072741	0.057904	0.129485	0.0662595	0.0239631	0.0130863	0.031223	0.0917573	0.0378894	0.0352147	0.137958	0.100038	0.0200444
72	0.0129445	0.0382152	0.0069483	0.018206	0.0239907	0.0150775	0.00878404	0.0179484	0.208502	0.0429515	0.051613	0.0450617	0.0134371	0.0462077	0.278467	0.0574487	0.0535417	0.0435908	0.00982384	0.00723991
73	0.0598274	0.00590055	0.0322867	0.0277486	0.0058094	0.52714	0.00693008	0.0161156	0.027706	0.0114581	0.00731349	0.042384	0.00997706	0.0192065	0.0329643	0.0970067	0.0466201	0.0138485	0.00193807	0.007819
74	0.0086299	0.0115165	0.00143143	0.00129337	0.459171	0.00151972	0.0275827	0.0243636	0.00186393	0.0363546	0.00213752	0.00608583	0.00444946	0.00562612	0.0110147	0.0220372	0.0135107	0.0117182	0.00953887	0.340155
75	0.0106122	0.0126164	0.00225027	0.00307903	0.424847	0.00252618	0.0476125	0.0229777	0.00473669	0.0392828	0.00216103	0.00887158	0.00464175	0.0109039	0.0155753	0.0220511	0.0118625	0.0142526	0.0114906	0.327649
76	0.0431662	0.0105238	0.0161065	0.0321706	0.00854535	0.00789432	0.0240284	0.0353833	0.14478	0.0487873	0.0316262	0.0380919	0.0195137	0.103136	0.119485	0.0929541	0.164341	0.051205	0.00418872	0.0040713
77	0.161342	0.0136016	0.00534589	0.00837386	0.0156761	0.013291	0.0117354	0.0144837	0.014212	0.0658262	0.00805694	0.00685793	0.468831	0.0354453	0.0282476	0.0421453	0.0294461	0.0384967	0.00259544	0.0159892
78	0.17355	0.0169809	0.0257553	0.0178151	0.00881793	0.0182643	0.00870554	0.0288014	0.0459054	0.0196573	0.0372865	0.0242929	0.00848312	0.0187617	0.0269902	0.135207	0.293365	0.0784996	0.00206062	0.0108007
79	0.0547497	0.00578162	0.0321262	0.104626	0.0134987	0.0283839	0.0596316	0.00778125	0.099621	0.0590325	0.0461184	0.0830828	0.00708145	0.182016	0.0499016	0.079921	0.0378701	0.0179344	0.00942003	0.0214213
80	0.0649186	0.00919496	0.0393078	0.0846727	0.0154156	0.0216642	0.0479111	0.0118928	0.0812785	0.0723076	0.0498242	0.0839784	0.0112941	0.183086	0.0367962	0.0853749	0.0368249	0.0219787	0.021926	0.0203523
81	0.0219524	0.0227758	0.0350714	0.0227925	0.0022372	0.240809	0.0393115	0.00434397	0.0980671	0.00531065	0.0125756	0.240926	0.00315324	0.0289766	0.101082	0.0839744	0.0289874	0.00404784	0.000969041	0.00263615
82	0.0126641	0.00471015	0.0021686	0.0013335	0.0448671	0.00428904	0.00440992	0.0794737	0.00276022	0.668919	0.0953455	0.00264584	0.00651155	0.00629712	0.00273895	0.00330269	0.00875278	0.0403914	0.005271	0.00314779
83	0.240336	0.0332639	0.00608121	0.0166511	0.0350761	0.0262899	0.0112329	0.0720653	0.0219926	0.0852631	0.0497927	0.0290614	0.00403711	0.0116355	0.0130148	0.0847698	0.0762927	0.172583	0.00155499	0.00900593
84	0.0109768	0.00474011	0.000718599	0.000852008	0.0475347	0.000912282	0.00442076	0.0734239	0.00176947	0.729229	0.0689596	0.00150527	0.000966547	0.00327037	0.00140457	0.00216352	0.00658805	0.0345513	0.00338597	0.00262717
85	0.13734	0.0509477	0.0116831	0.0165741	0.0283009	0.0225959	0.013058	0.102417	0.0280127	0.0890097	0.042738	0.0853628	0.00948446	0.0169275	0.021537	0.0857297	0.070904	0.153337	0.0053005	0.00874037
86	0.0343215	0.00656799	0.000889448	0.00237011	0.021358	0.00287427	0.00115994	0.29495	0.000855722	0.162237	0.0389352	0.00136326	0.0106434	0.0020228	0.00461507	0.0110107	0.0264954	0.367492	0.00274658	0.00709167
87	0.260189	0.0480417	0.00676279	0.0171424	0.0112022	0.0366964	0.00595455	0.0100599	0.0185066	0.0146801	0.0157893	0.0132671	0.0258026	0.0115022	0.0150316	0.25713	0.17786	0.0381307	0.002858	0.0133927
88	0.221407	0.0506107	0.00518434	0.0132045	0.0387623	0.0295993	0.0154094	0.0717627	0.0209204	0.0788895	0.0411191	0.0321673	0.00490335	0.0181328	0.0109242	0.116823	0.0917255	0.127085	0.00249538	0.00887412
89	0.146422	0.0333702	0.00871139	0.0125773	0.016497	0.0131006	0.0102587	0.0155672	0.0253316	0.0174707	0.0878036	0.0364842	0.00719694	0.0319397	0.0682967	0.195107	0.239532	0.0191931	0.00339381	0.0117458
90	0.38011	0.0258148	0.00216637	0.00453296	0.00455472	0.0575701	0.00316532	0.0160336	0.0110211	0.0064165	0.00217081	0.0100478	0.055381	0.0107882	0.00516289	0.230641	0.108854	0.0508021	0.00606558	0.00870166
91	0.025713	0.0130952	0.00541648	0.00656102	0.287129	0.00450179	0.0183858	0.107014	0.0114158	0.141422	0.0360283	0.00934628	0.00957073	0.0106381	0.0163248	0.0240768	0.0195553	0.0988903	0.00635423	0.148561
92	0.0362396	0.00785772	0.00086244	0.00179452	0.0244542	0.00241572	0.000952044	0.271009	0.000817386	0.173469	0.0407547	0.00117979	0.00935045	0.00180129	0.00441527	0.0106654	0.0210008	0.380361	0.00271069	0.00788826
93	0.0279229	0.006106	0.00121245	0.00526137	0.0207202	0.00461125	0.0011243	0.340429	0.00140307	0.191097	0.0497986	0.00250727	0.0130531	0.00158849	0.00529042	0.0120294	0.03591	0.269716	0.00311968	0.0070995
94	0.0313855	0.000975979	0.286688	0.337365	0.00318065	0.0237683	0.0115833	0.00823046	0.0423355	0.019741	0.0116679	0.0248354	0.0121003	0.104147	0.0134092	0.0206079	0.0174649	0.0244034	0.000654938	0.00545531
95	0.00855217	0.0113126	0.00135513	0.00129974	0.459442	0.00148598	0.0278549	0.0238889	0.00186196	0.0350065	0.00184753	0.00609667	0.00448321	0.0057023	0.0110046	0.0219701	0.0132689	0.0115396	0.00964589	0.342381
96	0.130091	0.0281778	0.00271618	0.00450795	0.0177268	0.0132723	0.00295586	0.170528	0.00361975	0.126192	0.0399531	0.00252302	0.0070114	0.0028794	0.0054499	0.0208792	0.0161263	0.396734	0.0016592	0.00699754
97	0.276803	0.0711342	0.0395952	0.0758296	0.00479892	0.0310406	0.0234036	0.00520074	0.067597	0.0491198	0.0264068	0.0385486	0.00363883	0.0977092	0.00786914	0.115379	0.030913	0.0282331	0.002432	0.00434755
98	0.0278653	0.00918308	0.0801859	0.130225	0.0232017	0.0245727	0.0196531	0.0347473	0.159562	0.0343938	0.0319292	0.0613469	0.0181093	0.0849263	0.109941	0.0511949	0.041176	0.0459106	0.00613245	0.00574384
99	0.035059	0.0103446	0.00116374	0.00170736	0.0359469	0.00208843	0.00104066	0.25419	0.00108	0.234491	0.0491538	0.0014032	0.00927651	0.00116323	0.00513601	0.0100993	0.018346	0.312559	0.00348288	0.0122691
100	0.0376609	0.00925429	0.0437104	0.166259	0.0153854	0.012326	0.0507517	0.0237357	0.086296	0.0739912	0.0450758	0.0451113	0.020671	0.0799672	0.053068	0.0779533	0.0706124	0.0600553	0.00603039	0.0220844
101	0.0182541	0.00512889	0.0218993	0.0206003	0.00106748	0.0176884	0.0231491	0.00462836	0.390033	0.0080683	0.00567956	0.0450304	0.00359723	0.0418153	0.318189	0.0253047	0.0397501	0.0079971	0.00051807	0.00160139
102	0.221315	0.0318706	0.00926582	0.0363369	0.0264494	0.0297577	0.0159097	0.0993853	0.0293842	0.0934272	0.0532594	0.0177523	0.00353895	0.0113894	0.0191106	0.0499761	0.0523016	0.185358	0.00154089	0.0126708
103	0.027402	0.00698255	0.00106597	0.00204072	0.0316873	0.0024354	0.00205312	0.224427	0.00214998	0.344167	0.0467766	0.00183403	0.00760189	0.00224124	0.00496394	0.00837314	0.0181053	0.254868	0.00303641	0.0077877
104	0.0175965	0.00534455	0.0185165	0.0171717	0.00105724	0.0163289	0.0233039	0.00454702	0.398102	0.0082157	0.00551765	0.0420581	0.0035174	0.0400004	0.329606	0.0211747	0.0381337	0.00779711	0.000414105	0.00159744
105	0.0310842	0.00327616	0.0168828	0.0170358	0.00290685	0.624686	0.00402342	0.0119203	0.0235102	0.00342616	0.00411227	0.0441575	0.00493578	0.0135864	0.0343116	0.102219	0.0445502	0.00345802	0.00105117	0.00886665
106	0.0241007	0.00673419	0.000880498	0.00197052	0.0292824	0.00225574	0.00103161	0.302405	0.00135416	0.238476	0.0454379	0.00179926	0.00972049	0.00100588	0.00655777	0.0084414	0.0196348	0.284912	0.00380685	0.0101929
107	0.0177043	0.00654502	0.0164746	0.0168642	0.00121918	0.0162814	0.025884	0.00447776	0.370656	0.00967043	0.00626818	0.0431422	0.00402032	0.0434711	0.349613	0.0205681	0.0368384	0.00801444	0.000527796	0.00176012
108	0.028664	0.00350344	0.00086485	0.000930641	0.0122527	0.00128661	0.0013873	0.293746	0.00131237	0.0370052	0.00575001	0.00150778	0.00246873	0.00586858	0.00167156	0.00971564	0.0188024	0.570273	0.00060394	0.0023849
109	0.0316625	0.010956	0.0474611	0.120992	0.0285598	0.0162972	0.0256678	0.0298568	0.129625	0.0365191	0.0260764	0.0546433	0.0291489	0.127655	0.0945151	0.0586109	0.0600275	0.0593499	0.00639394	0.00598231
110	0.0339833	0.00495899	0.000846897	0.00142145	0.0150486	0.00213078	0.0011716	0.2881	0.00105866	0.081506	0.0173831	0.00147889	0.00602132	0.00411868	0.00278007	0.0102973	0.0243404	0.498466	0.00133204	0.00355585
111	0.0484225	0.0463531	0.0285735	0.0293436	0.0125041	0.014911	0.014835	0.0887812	0.074033	0.0586409	0.0249697	0.0578486	0.0126056	0.0391748	0.0639417	0.132998	0.180537	0.0629662	0.00322928	0.00533174
112	0.0186425	0.00934827	0.0188786	0.0377697	0.0826119	0.00468254	0.204306	0.005666	0.0500753	0.0478359	0.00416998	0.0256936	0.00733585	0.0334311	0.0508212	0.040316	0.0085529	0.0224834	0.0150123	0.312367
113	0.0296472	0.0938749	0.013154	0.0133991	0.0143243	0.0869891	0.0127601	0.0133404	0.0335645	0.0249075	0.0765326	0.0197433	0.00791615	0.113076	0.19623	0.0830572	0.0569701	0.0235215	0.0443475	0.0426446
114	0.133606	0.00370395	0.0711344	0.145941	0.00491908	0.0494496	0.0154801	0.00928893	0.0919727	0.019754	0.00509872	0.0268275	0.142977	0.0649786	0.0627887	0.0796038	0.0424068	0.0181031	0.00353212	0.00843393
115	0.0607321	0.0175694	0.0589828	0.0301716	0.00441759	0.0954109	0.0041723	0.00665488	0.0116459	0.0081503	0.00532714	0.178055	0.0240792	0.0478993	0.0114651	0.194264	0.211921	0.0238273	0.00190054	0.00335343
116	0.0511152	0.00678336	0.0147357	0.0209522	0.00257571	0.00433695	0.0228327	0.0371355	0.151971	0.0339737	0.0137826	0.0345579	0.0207057	0.0896779	0.119629	0.106208	0.21513	0.0513022	0.00110535	0.00148845
117	0.0272099	0.0202549	0.0145483	0.0282707	0.152802	0.00487738	0.149194	0.00937118	0.032854	0.0698605	0.00485326	0.0361689	0.00537467	0.024757	0.0340993	0.0420011	0.00987423	0.0227249	0.0156768	0.295227
118	0.0166296	0.00831824	0.0154407	0.0160483	0.0015071	0.0148683	0.0292657	0.00450145	0.358104	0.00936786	0.00631738	0.0437954	0.00415858	0.0452541	0.35818	0.0205616	0.0369319	0.00831378	0.000563722	0.00187283
119	0.0291081	0.00341995	0.000792663	0.00089058	0.0115365	0.00124176	0.00140592	0.292413	0.00127876	0.0328743	0.00507248	0.00147423	0.00201499	0.00588708	0.00143392	0.00980981	0.019044	0.577626	0.000458228	0.00221802
120	0.179989	0.0375436	0.0103908	0.044623	0.0505389	0.017682	0.0318907	0.0655276	0.0362129	0.0530346	0.033785	0.0321067	0.00574646	0.0213846	0.0160568	0.155679	0.0763916	0.100378	0.0023886	0.02865
121	0.0312066	0.0024815	0.0168519	0.017294	0.00258767	0.641406	0.00341209	0.0118264	0.0229544	0.00302359	0.00324567	0.0412218	0.00448478	0.0119889	0.0309983	0.101391	0.0425649	0.00302593	0.000748634	0.00728638
122	0.0255501	0.00745877	0.00105124	0.00169709	0.0366444	0.00217988	0.00125426	0.273275	0.00150603	0.256649	0.0467835	0.0019018	0.00888356	0.00107658	0.00591951	0.00874183	0.0174854	0.286271	0.00363334	0.0120379
123	0.058177	0.010056	0.0128012	0.0155289	0.00710283	0.0301324	0.00469541	0.00575274	0.0242181	0.00730142	0.0100634	0.035549	0.0166566	0.0229699	0.038213	0.37708	0.308137	0.00828198	0.00159143	0.0056923
124	0.0531538	0.00546092	0.0205886	0.0330561	0.00385288	0.00638991	0.0251675	0.0329388	0.142199	0.038286	0.0164988	0.0386029	0.0324273	0.0880476	0.11471	0.100767	0.192914	0.0510634	0.00133591	0.00253999
125	0.0597364	0.0265623	0.00732179	0.0111006	0.0319309	0.0202734	0.0118877	0.0189526	0.0239206	0.0122092	0.041096	0.0201791	0.0065719	0.0129404	0.0967993	0.300138	0.260029	0.0114186	0.00212625	0.024806
126	0.0320414	0.00508815	0.00082744	0.00110654	0.0146527	0.00187329	0.00143599	0.282319	0.00118158	0.0713178	0.0135547	0.00140721	0.00377517	0.00480855	0.00219164	0.00996432	0.0191764	0.528698	0.000990293	0.00359016
127	0.180942	0.0160846	0.00872774	0.0269391	0.0169665	0.0236349	0.0184062	0.133807	0.0265675	0.0782592	0.0754004	0.0152524	0.00376208	0.0237607	0.0262401	0.0360173	0.0351756	0.231103	0.00127766	0.0216765
128	0.0319864	0.00365689	0.179046	0.116458	0.00465477	0.06812	0.0256312	0.00495066	0.118396	0.00818818	0.00849401	0.10066	0.0113218	0.0783342	0.112071	0.0753932	0.0346785	0.0136548	0.0017366	0.00256804
129	0.0102888	0.0122869	0.00319622	0.0041302	0.429281	0.00229943	0.0364348	0.024267	0.00517257	0.0413514	0.00356154	0.0096711	0.00442326	0.00788971	0.0129409	0.0257275	0.0132769	0.0148462	0.0104267	0.328528
130	0.00916808	0.0111941	0.00156973	0.00176516	0.457335	0.001616	0.0297739	0.0235687	0.00232236	0.0373461	0.00280975	0.00665035	0.00432466	0.00591245	0.011206	0.023297	0.0130809	0.0122924	0.00985494	0.334912
131	0.0717961	0.00966787	0.00624805	0.0310136	0.0187141	0.0228442	0.0536543	0.0165379	0.188224	0.109282	0.0408467	0.0110348	0.00467293	0.108154	0.156206	0.0547047	0.0122886	0.00946948	0.0444036	0.0302376
132	0.0315215	0.000955268	0.282635	0.344383	0.00325252	0.0234178	0.0116417	0.00801904	0.0418478	0.019557	0.0118477	0.0245288	0.0104558	0.104327	0.0139883	0.019768	0.0173457	0.0244669	0.000572247	0.00546964
133	0.0451396	0.00598191	0.0133571	0.019141	0.00240612	0.00230312	0.0273548	0.0369706	0.152862	0.0307637	0.0160266	0.0367915	0.0176623	0.0894607	0.127615	0.0957149	0.22169	0.0564907	0.00114734	0.00112054
134	0.018349	0.00885472	0.0196539	0.0388528	0.0626316	0.00329534	0.213194	0.0045075	0.0512454	0.0474585	0.00341349	0.028151	0.00731261	0.0350846	0.0472365	0.0401795	0.00645257	0.0226393	0.0186929	0.322794
135	0.0223907	0.025681	0.0300278	0.0232409	0.00219883	0.182974	0.0472861	0.00290693	0.105596	0.00584386	0.0142232	0.301289	0.00269387	0.0286312	0.103385	0.0719265	0.0229667	0.00392605	0.00100278	0.0018095
136	0.0541223	0.00630782	0.0330718	0.0905733	0.0235675	0.0227126	0.102678	0.00993046	0.0666077	0.0458316	0.0431094	0.139611	0.00357039	0.065036	0.0211138	0.14568	0.0327964	0.0146701	0.00551054	0.0734991
137	0.0108213	0.00470294	0.00071194	0.000670956	0.0471731	0.000876526	0.00438037	0.0727654	0.00119866	0.733075	0.0693408	0.00146191	0.000897504	0.00282403	0.00112698	0.0018133	0.00630134	0.0340056	0.00336031	0.00249212
138	0.132832	0.015893	0.0236313	0.0267947	0.0137418	0.0204941	0.0205778	0.0156462	0.0383964	0.0366851	0.00828338	0.0182456	0.380034	0.0429353	0.0665952	0.0534572	0.0430178	0.0327359	0.00280297	0.00720038
139	0.30212	0.123009	0.00716163	0.00919964	0.0132867	0.0464743	0.00856763	0.0192129	0.0179076	0.0183675	0.00940543	0.0319995	0.0659562	0.0186777	0.0168753	0.160893	0.0730289	0.0422811	0.0050814	0.0104941
140	0.0289197	0.00753637	0.000926592	0.00173779	0.0276462	0.002239	0.000995771	0.283587	0.00118777	0.205533	0.0388763	0.00172487	0.00907473	0.00167832	0.00532858	0.00935454	0.0196436	0.34132	0.00337048	0.00931913
141	0.0394162	0.00501647	0.0710721	0.135188	0.0153045	0.0115098	0.033045	0.0266495	0.0926601	0.0453307	0.031876	0.0573368	0.0384973	0.137551	0.0556883	0.0599006	0.0592237	0.0661882	0.00911813	0.0094283
142	0.150576	0.0543937	0.00694943	0.00831505	0.0307167	0.0228409	0.013325	0.0864272	0.0237389	0.0890748	0.0378371	0.0440321	0.00637466	0.0226569	0.0173728	0.139766	0.104573	0.132214	0.00343385	0.00538101
143	0.0341209	0.00340614	0.0165437	0.017532	0.00335107	0.614664	0.00380052	0.0150232	0.0252427	0.00497957	0.00466625	0.0398726	0.00541462	0.0134326	0.0312765	0.107053	0.0454975	0.00550818	0.00112832	0.00748674
144	0.0446142	0.00608398	0.0190667	0.0166936	0.00396918	0.0477124	0.0035465	0.00533452	0.0320936	0.00749043	0.00451764	0.0738953	0.0228617	0.0405446	0.0284207	0.362519	0.2664	0.00947404	0.00149883	0.0032634
145	0.0328588	0.00270685	0.0932507	0.0961495	0.00265292	0.0463436	0.029	0.00483912	0.149855	0.00683181	0.0111176	0.119622	0.00917168	0.0875445	0.136756	0.100229	0.0492321	0.0169962	0.00221112	0.00263201
146	0.0176277	0.00527575	0.0186223	0.0174618	0.00105314	0.0170946	0.0231832	0.0045483	0.398144	0.00841158	0.00584158	0.0420896	0.0036211	0.0398199	0.3282	0.0212614	0.0379274	0.00776779	0.00043029	0.00161858
147	0.12553	0.0137439	0.0193438	0.0279687	0.010278	0.0423688	0.05617	0.0217826	0.107931	0.0655319	0.00816807	0.0340903	0.111438	0.0646843	0.0837745	0.0964467	0.0480653	0.0482249	0.00451716	0.00994178
148	0.047162	0.0584395	0.00886359	0.00679977	0.0179461	0.0205904	0.0122077	0.0866005	0.0336542	0.0575128	0.0211925	0.102361	0.0065083	0.0188536	0.0192877	0.131222	0.190982	0.15236	0.00427357	0.00318335
149	0.0114137	0.013133	0.00259826	0.00369639	0.406959	0.00174834	0.0567688	0.020383	0.00591692	0.0431883	0.00206323	0.0107935	0.00402838	0.00887014	0.0152821	0.022224	0.0109421	0.0159407	0.0128338	0.331217
150	0.0248612	0.00738083	0.00117498	0.00184824	0.0361743	0.00215739	0.0013043	0.286597	0.00178271	0.24022	0.0479826	0.00207853	0.00907897	0.00121305	0.00646644	0.00897338	0.0184194	0.285687	0.0037242	0.0128753
151	0.175657	0.0157208	0.0133804	0.0176732	0.00923379	0.01792	0.0144112	0.0128218	0.0184762	0.0300908	0.00627091	0.00907816	0.480376	0.0295221	0.0301285	0.0501197	0.0358162	0.0242987	0.00208764	0.00691665
152	0.0202821	0.00416947	0.00986178	0.0032252	0.0221673	0.0249085	0.00380242	0.143243	0.00572075	0.282181	0.261351	0.00486496	0.0446257	0.0273796	0.00671774	0.00789375	0.0209357	0.0859067	0.0173739	0.00338887
153	0.0467423	0.0081919	0.167046	0.213016	0.0117095	0.0406533	0.0261303	0.0163541	0.0692488	0.0363223	0.0193716	0.0448043	0.0249176	0.0894857	0.0462884	0.053455	0.0376123	0.0299033	0.0042065	0.0145404
154	0.0342728	0.00345594	0.0778903	0.108813	0.00889346	0.0268474	0.0260015	0.0146788	0.131754	0.0224485	0.0225506	0.0884755	0.0295265	0.108882	0.095773	0.0829998	0.0615394	0.0480177	0.0033582	0.00382225
155	0.0255082	0.00618198	0.000891403	0.00289306	0.024726	0.00266305	0.000759568	0.329865	0.000928898	0.209346	0.0471999	0.00133028	0.0113868	0.00108258	0.00524237	0.00942436	0.0249738	0.283614	0.00342675	0.0085553
156	0.111747	0.033914	0.00793475	0.00647472	0.0210518	0.0113638	0.00387007	0.200168	0.00699482	0.134159	0.0342751	0.0046459	0.0141439	0.00628365	0.0171587	0.0287697	0.0250131	0.323407	0.00269198	0.00593363
157	0.1474	0.00354676	0.0901008	0.146466	0.00430017	0.0619321	0.01242	0.00771633	0.0860372	0.0139148	0.00422639	0.0189334	0.167224	0.0534451	0.0472141	0.0770582	0.0343143	0.0115724	0.00421221	0.00796671
158	0.0320924	0.0156628	0.0278615	0.0368746	0.00859918	0.129006	0.0208268	0.0211223	0.181672	0.0331316	0.0364109	0.0718343	0.00992627	0.0502774	0.190758	0.0580407	0.0361157	0.0281498	0.00539631	0.00624188
159	0.0785298	0.0187348	0.0467703	0.0653517	0.0174277	0.0372387	0.0361147	0.022056	0.0777349	0.0443093	0.0221258	0.0576479	0.029674	0.109031	0.0706967	0.127458	0.0790707	0.0345353	0.00668203	0.0188115
160	0.0166113	0.00869674	0.0151373	0.016677	0.00168678	0.0145614	0.0300912	0.00457608	0.354695	0.00950465	0.00631955	0.0435971	0.00401763	0.0475873	0.358305	0.0204291	0.0363818	0.00853975	0.000641474	0.00194428
161	0.00988771	0.017379	0.00258267	0.00187284	0.443918	0.00182063	0.0295574	0.0321761	0.00312874	0.0512341	0.00608436	0.00668158	0.00404061	0.00601199	0.0113714	0.0222795	0.0147576	0.0207594	0.0094871	0.304969
162	0.0478894	0.0112712	0.0121781	0.0134355	0.00710426	0.00880977	0.014976	0.0608462	0.100427	0.0903498	0.0451186	0.0398382	0.0388976	0.0641766	0.0771701	0.0963068	0.186542	0.0784389	0.00221624	0.00400781
163	0.0209348	0.00861503	0.0144912	0.0252284	0.00460152	0.0505811	0.0178775	0.00615602	0.305325	0.0276719	0.0213785	0.0352414	0.0128672	0.0422605	0.335733	0.0244983	0.0261695	0.0149576	0.00177166	0.0036404
164	0.0211627	0.00590434	0.0321127	0.0304652	0.00204113	0.041078	0.0233823	0.00441496	0.327345	0.0109575	0.011559	0.0664716	0.00646107	0.0444517	0.284493	0.0398719	0.0349293	0.00972101	0.0008908	0.0022871
165	0.0258784	0.00685165	0.00550114	0.00424645	0.0260801	0.011517	0.00340972	0.182996	0.00846129	0.332825	0.11573	0.00556747	0.0282608	0.0127074	0.0106852	0.0134566	0.0318731	0.160712	0.00803757	0.0052018
166	0.0398196	0.0103232	0.147668	0.0990094	0.00499441	0.0470267	0.0159547	0.00921667	0.0432677	0.0128036	0.0070507	0.110367	0.0523349	0.0468362	0.0378958	0.166956	0.122978	0.0163011	0.00374265	0.00545356
167	0.026548	0.00233819	0.35551	0.214127	0.00524441	0.0645469	0.0211783	0.00772358	0.0421752	0.0124953	0.00803353	0.041366	0.0354917	0.0729157	0.0292169	0.0289471	0.0141424	0.0103285	0.00184676	0.00582453
168	0.0326057	0.00272151	0.0931288	0.0958577	0.0027007	0.0463191	0.0288149	0.00491226	0.1506	0.0067829	0.0113324	0.119506	0.0091105	0.0872386	0.137286	0.0998707	0.0491064	0.0172515	0.00226891	0.00258566
169	0.0444866	0.00679636	0.0703677	0.153087	0.0114367	0.0223028	0.0374119	0.0145394	0.102856	0.0435652	0.0377154	0.0588161	0.0174411	0.14929	0.058406	0.0751215	0.0434663	0.0349289	0.00637028	0.0115945
170	0.0390102	0.0270615	0.018819	0.0241688	0.0289483	0.0285514	0.0117086	0.0757557	0.0818955	0.058534	0.0385595	0.0330423	0.0103133	0.0510849	0.103623	0.0764261	0.149716	0.130222	0.00511068	0.00744788
171	0.138721	0.0111475	0.0113115	0.0153938	0.0301144	0.016235	0.0191359	0.0149989	0.0806769	0.0387507	0.0179651	0.0370716	0.0180797	0.0657909	0.130371	0.202976	0.118061	0.017778	0.00351002	0.0119123
172	0.0194287	0.00392434	0.0120113	0.00391871	0.0195596	0.0288544	0.00442113	0.12054	0.00743817	0.288722	0.289287	0.00607039	0.0495208	0.0330507	0.00766807	0.00835832	0.0217037	0.0531076	0.0201777	0.00223693
173	0.0421548	0.00831053	0.0215473	0.0229881	0.0341821	0.0167778	0.0131305	0.159991	0.0719381	0.162326	0.105189	0.029989	0.00599378	0.0259945	0.0852537	0.0378625	0.0354441	0.110462	0.00202848	0.0084361
174	0.0176648	0.00523263	0.0186684	0.0173856	0.00105389	0.0165493	0.0232081	0.00457277	0.398897	0.00826317	0.00561653	0.0419674	0.00356668	0.0398615	0.328254	0.0212835	0.0381859	0.00776143	0.000421685	0.00158557
175	0.134138	0.0167072	0.0167854	0.0405111	0.0382807	0.0213466	0.0141503	0.130824	0.0546343	0.107274	0.0872017	0.0303302	0.00253812	0.0162512	0.0483265	0.0590187	0.043007	0.123932	0.000999907	0.0137434
176	0.355975	0.0492955	0.00303879	0.00567544	0.0116716	0.0721635	0.0026757	0.0113747	0.011042	0.0137236	0.00490575	0.00947845	0.036982	0.0181011	0.00496317	0.183085	0.128223	0.0552459	0.00385163	0.0185284
177	0.111131	0.0636281	0.0218569	0.0534355	0.0176398	0.025741	0.0254811	0.0347013	0.08741	0.0880107	0.0210862	0.0292964	0.0315413	0.0563958	0.0807532	0.114043	0.0788753	0.0411472	0.00584249	0.0119837
178	0.0326239	0.0270993	0.0292054	0.0879465	0.0183714	0.0202294	0.0139057	0.0431022	0.204481	0.0561378	0.0287064	0.0240814	0.013333	0.122678	0.156557	0.0323589	0.0337481	0.0321426	0.0173468	0.00594507
179	0.0813736	0.0112033	0.0396402	0.0423583	0.015929	0.0338754	0.0481292	0.0257813	0.100362	0.0697919	0.00358263	0.0452153	0.0820425	0.0965571	0.110692	0.104701	0.0452504	0.016036	0.00283514	0.0246444
180	0.176591	0.0152146	0.00866811	0.0106342	0.00794583	0.0208844	0.0234724	0.00726225	0.0187271	0.0234977	0.00424085	0.00727264	0.484577	0.0362166	0.0387012	0.0471458	0.0372753	0.0243676	0.00172415	0.00558157
181	0.095056	0.0145394	0.0262339	0.0361145	0.00916906	0.0442618	0.0569125	0.0214717	0.103512	0.0593256	0.002466	0.0297729	0.105747	0.0937296	0.117973	0.0909709	0.0473541	0.0288235	0.00550787	0.0110586
182	0.0311607	0.000964108	0.285003	0.341923	0.00325942	0.0234915	0.0113653	0.0081518	0.0421297	0.019946	0.0117119	0.0248266	0.010547	0.104287	0.0135508	0.0198945	0.0172376	0.0245449	0.000570351	0.00543471
183	0.0462363	0.00959495	0.0324947	0.0656418	0.00828896	0.0317575	0.0225469	0.0122616	0.192771	0.034198	0.0289574	0.0402579	0.0412829	0.0772293	0.231677	0.0479299	0.0396774	0.0260499	0.00505952	0.00608719
184	0.0175985	0.0394837	0.0175939	0.10025	0.0276567	0.0288607	0.00880911	0.0286094	0.228298	0.0448481	0.0328836	0.0221229	0.00754758	0.11506	0.160771	0.026313	0.0259751	0.0519572	0.0101877	0.00517419
185	0.0352377	0.00776349	0.0798941	0.0752264	0.00564039	0.0433102	0.0368658	0.00924897	0.15733	0.00892716	0.00933734	0.139712	0.00770305	0.0958214	0.13864	0.093185	0.037092	0.0140192	0.0020752	0.0029702
186	0.0379928	0.00154897	0.268849	0.335062	0.00349704	0.0233518	0.0134941	0.00845484	0.0422124	0.0195685	0.0131613	0.02463	0.0115381	0.105953	0.0163583	0.0219142	0.0201512	0.0256838	0.000870756	0.00570851
187	0.00907109	0.0118343	0.00187607	0.00140898	0.451786	0.00158906	0.0275109	0.0299614	0.00253245	0.0417186	0.00476236	0.00657634	0.00438479	0.00578069	0.0108713	0.0218941	0.0136983	0.015615	0.00923549	0.327893
188	0.0312129	0.00274363	0.020245	0.0200398	0.00262059	0.626576	0.00410918	0.0118646	0.0255767	0.00317468	0.00349692	0.0440352	0.00435687	0.013642	0.0334065	0.100507	0.0412349	0.00323347	0.00075865	0.0071659
189	0.0175168	0.00516132	0.00253088	0.00145679	0.0558367	0.00474694	0.00346793	0.15773	0.00237387	0.476047	0.100048	0.00287292	0.00915634	0.00578132	0.0039233	0.00530566	0.0107484	0.12053	0.00520937	0.00955604
190	0.0327187	0.00268907	0.093428	0.0961536	0.00263335	0.0463666	0.0289265	0.00482052	0.150093	0.00662464	0.0111345	0.119903	0.00900432	0.0873868	0.136985	0.100182	0.0491151	0.0170278	0.0022166	0.00259134
191	0.0273031	0.00354883	0.000799728	0.000973924	0.0133777	0.00120061	0.00134441	0.289971	0.00125061	0.0390755	0.00624222	0.00149243	0.00234698	0.00639377	0.00160894	0.00962499	0.0187792	0.571569	0.000586524	0.00251073
192	0.0330178	0.00276333	0.0995501	0.096072	0.00289946	0.0472915	0.0286241	0.00494991	0.146241	0.00664274	0.0113365	0.117922	0.0100009	0.0861985	0.131907	0.102207	0.0501141	0.0172036	0.00230351	0.0027546
193	0.0313445	0.00299963	0.0931512	0.095863	0.0029362	0.04352	0.0307347	0.00562789	0.147788	0.00716586	0.0105727	0.126458	0.010109	0.0859624	0.133107	0.101789	0.0487986	0.016816	0.00208669	0.00316969
194	0.0188828	0.0038678	0.0117751	0.00374356	0.0198826	0.0294933	0.00430959	0.11743	0.00703779	0.289433	0.292342	0.00588883	0.0499733	0.0333175	0.00744959	0.00816507	0.0213456	0.0525812	0.0208621	0.00221869
