340	20
1	0.303535	0.140159	0.0253975	0.0186022	0.0186095	0.0246714	0.0272662	0.0218947	0.0268218	0.0209215	0.016581	0.00368734	0.000838647	0.0158645	0.0268031	0.130036	0.112278	0.0362351	0.00159564	0.0282018
2	0.00734164	0.00513182	0.00021466	0.000257532	0.0211495	0.00177517	0.000301139	0.280775	0.00152515	0.493639	0.0606047	0.000402276	0.00010599	0.0014774	0.0023706	0.00168842	0.00195681	0.113105	0.000877796	0.00529955
3	0.0109894	0.00307219	0.000234464	0.000242787	0.0144345	0.000540213	0.00027454	0.349496	0.000474764	0.163931	0.0180224	0.000478289	0.00182687	0.000835932	0.00070535	0.00115091	0.00571158	0.423661	0.000118589	0.00379912
4	0.0328293	0.00504072	0.00169681	0.00184254	0.182771	0.00812006	0.00499561	0.066977	0.00206902	0.522856	0.0472231	0.00574165	0.000442659	0.00407767	0.00359233	0.0128529	0.00638711	0.0454023	0.00521973	0.0398623
5	0.00954696	0.00387278	0.00245297	0.000818749	0.409443	0.00383025	0.0127083	0.0456078	0.00127912	0.0301207	0.0105931	0.00113383	0.00161701	0.00097778	0.00116435	0.00240771	0.00844769	0.0424015	0.00947074	0.402106
6	0.0705357	0.00328577	0.0138625	0.167668	0.0143748	0.011517	0.114333	0.00716986	0.0785816	0.0163846	0.00581746	0.0516997	0.00269819	0.229911	0.115901	0.0212985	0.014615	0.00987626	0.00164968	0.0488191
7	0.0138452	0.0503638	0.00132541	0.00131315	0.0509401	0.0024494	0.00169173	0.164577	0.00265846	0.289991	0.119608	0.00423108	0.00123233	0.00246863	0.00324511	0.00466811	0.00886794	0.270911	0.000517229	0.00509458
8	0.0773038	0.0024085	0.00386448	0.00553926	0.0018194	0.806679	0.00219428	0.00275209	0.00401252	0.00439871	0.0020064	0.00471783	0.000952789	0.00303147	0.00545163	0.0609649	0.00483997	0.00435569	0.000878213	0.00182899
9	0.0302674	0.00886496	0.264093	0.0250164	0.0117779	0.0280305	0.0146208	0.0149577	0.0201493	0.0247397	0.0198752	0.0755701	0.00651006	0.0161089	0.0158614	0.220611	0.0867824	0.0228752	0.00457212	0.0887168
10	0.0432108	0.00794678	0.0120743	0.0331436	0.116779	0.0196493	0.0329978	0.0286933	0.158994	0.0612069	0.0212779	0.0284828	0.0043149	0.0396718	0.228371	0.0439659	0.0328474	0.0327038	0.00361208	0.0500563
11	0.00843045	0.00337331	0.00284579	0.000883903	0.419449	0.00446182	0.0117212	0.0375492	0.00120153	0.0315985	0.00679547	0.00102842	0.00195247	0.000867484	0.00112189	0.00203945	0.00531761	0.0351472	0.00861525	0.4156
12	0.053957	0.00315824	0.069034	0.24125	0.00602021	0.0187484	0.0245191	0.0173635	0.169254	0.0197832	0.00756782	0.0286347	0.00999252	0.0736203	0.13764	0.0449314	0.0377829	0.0271349	0.000986925	0.00862032
13	0.0920581	0.108153	0.00255436	0.00374809	0.0649196	0.00528309	0.00378345	0.0239592	0.00746472	0.38393	0.0758519	0.00459498	0.00119931	0.00498399	0.0056575	0.0449559	0.119798	0.0403008	0.00118886	0.00561528
14	0.00778451	0.00292008	0.00364625	0.0038207	0.434367	0.00590754	0.0155912	0.0250139	0.00299741	0.0391187	0.00681615	0.00133306	0.0026452	0.00258023	0.00341573	0.00377374	0.00463266	0.0220242	0.00738548	0.404226
15	0.113417	0.0759138	0.00113414	0.000889773	0.0344253	0.0200978	0.00131144	0.0985323	0.00469513	0.0757886	0.00723333	0.00229457	0.0003085	0.00132283	0.00320975	0.0353614	0.0631894	0.434116	0.00126639	0.0254933
16	0.492916	0.00247372	0.00154004	0.00252216	0.00114418	0.0267049	0.00691919	0.00216478	0.00148835	0.00419298	0.00202982	0.00221409	0.000372459	0.00120437	0.00138551	0.437677	0.00727956	0.00383756	0.000515971	0.00141759
17	0.058977	0.0018811	0.0327172	0.114501	0.0103653	0.0329434	0.050653	0.00219509	0.21667	0.0294589	0.0112767	0.0544531	0.0150493	0.0872855	0.188709	0.0583426	0.0158309	0.00648881	0.000263723	0.0119387
18	0.0662548	0.0144074	0.00403119	0.00895843	0.0172612	0.00119654	0.00109272	0.364075	0.00505024	0.21171	0.0133125	0.0124472	0.000295035	0.00767523	0.00784008	0.0132478	0.0492341	0.198852	0.00025355	0.00280536
19	0.143297	0.0539175	0.00422551	0.00278987	0.0629694	0.0183907	0.00592686	0.0954102	0.00624671	0.277903	0.0542631	0.00652999	0.00174074	0.0103755	0.0105138	0.0491604	0.0486668	0.113263	0.00759728	0.0268132
20	0.0534549	0.00364404	0.353368	0.129274	0.00352677	0.108372	0.0129685	0.00147948	0.0347225	0.00695355	0.00101081	0.153633	0.000371473	0.0830293	0.0214659	0.0218462	0.00430272	0.00521348	0.000283296	0.00107958
21	0.00427856	0.000502476	0.000195928	0.000229108	0.0057668	0.000854293	0.000231715	0.408909	0.000358184	0.349108	0.0183507	0.000269104	0.00925049	0.000341957	0.000447388	0.000655549	0.000558107	0.197075	0.000580419	0.00203754
22	0.177337	0.0136835	0.00155106	0.00166006	0.00232983	0.0120935	0.00175971	0.0360611	0.0233022	0.00372104	0.011166	0.00231787	0.000696734	0.0349325	0.00233819	0.0568805	0.328047	0.287329	0.000563676	0.00222967
23	0.212983	0.00206065	0.00136698	0.0198619	0.00149533	0.0211611	0.0108362	0.0182348	0.025001	0.022414	0.00188837	0.00425915	0.534003	0.001932	0.0107093	0.0836595	0.0132956	0.00897796	0.000484447	0.00537597
24	0.0222371	0.00543689	0.00251039	0.00437372	0.0956432	0.00969568	0.00453968	0.053573	0.00937485	0.441874	0.218355	0.00432364	0.00168961	0.00625888	0.00697078	0.0148743	0.0146509	0.0274316	0.00385642	0.0523307
25	0.709075	0.0419786	0.00176728	0.000781496	0.00290918	0.0184325	0.00326918	0.0072652	0.00103245	0.00955781	0.00218661	0.0034402	0.00241014	0.00111348	0.00109061	0.14764	0.0230601	0.0218004	0.00023552	0.00095478
26	0.099938	0.00651527	0.00450996	0.00809385	0.00273323	0.637636	0.0044846	0.00400296	0.00640273	0.00615721	0.00409677	0.0118414	0.00333216	0.00489342	0.0088429	0.160456	0.015766	0.00585891	0.00106224	0.00337666
27	0.00952473	0.00166052	0.00103585	0.00102625	0.0521756	0.0016245	0.00138436	0.388818	0.00152762	0.0584667	0.0232518	0.00173818	0.000970278	0.00190194	0.00198243	0.00352173	0.00621352	0.439704	0.000491716	0.00298019
28	0.180737	0.00277129	0.00704619	0.0225737	0.00228242	0.0256869	0.0087121	0.0114862	0.0247487	0.0164366	0.00390021	0.00704893	0.542214	0.00489062	0.0133335	0.0901963	0.0159799	0.0124102	0.000539234	0.00700613
29	0.0501008	0.022391	0.0128635	0.00205025	0.0742532	0.00295078	0.325253	0.0336813	0.00293981	0.0444063	0.00237496	0.01212	0.000820478	0.0027238	0.00288732	0.00564919	0.0143205	0.0879509	0.00136971	0.298893
30	0.0588386	0.00673679	0.0490902	0.0767365	0.00349041	0.0453073	0.0942182	0.040584	0.0486655	0.0355071	0.00913967	0.0687053	0.0402587	0.0326924	0.0671279	0.149684	0.0683671	0.0950747	0.00120939	0.00856657
31	0.52023	0.011227	0.00661055	0.011422	0.00131934	0.0243521	0.0166183	0.00181306	0.00142497	0.00227181	0.00130033	0.032159	0.00036448	0.0200305	0.0177074	0.258236	0.0316942	0.0397017	0.000342038	0.00117522
32	0.194327	0.0363911	0.00303513	0.00138467	0.0464389	0.0200337	0.00394771	0.133154	0.0106866	0.206818	0.0125425	0.00532271	0.000555833	0.00579809	0.00662118	0.0805248	0.0318226	0.168897	0.0104295	0.0212692
33	0.0767378	0.000535631	0.0577393	0.0450326	0.000809521	0.111878	0.0361601	0.0255183	0.0253122	0.0139998	0.0107388	0.117294	0.0115829	0.0595766	0.0606416	0.186177	0.111353	0.0386986	0.000182599	0.0100323
34	0.0211471	0.00775377	0.00504613	0.00651016	0.0190129	0.00520538	0.459871	0.012426	0.0294024	0.0162962	0.00383205	0.0105974	0.00132832	0.0199025	0.0711222	0.0103808	0.0102542	0.0263213	0.0120943	0.251496
35	0.0740627	0.0158024	0.00156618	0.00178087	0.0148996	0.00151939	0.000598519	0.306096	0.00186526	0.303201	0.0159012	0.00761639	0.000171626	0.00372866	0.00420367	0.0111684	0.0392535	0.192324	0.000361542	0.00387926
36	0.134686	0.000594226	0.0786845	0.093569	0.00391799	0.0905198	0.0511401	0.00770753	0.0526359	0.0109209	0.00174978	0.0889784	0.0188515	0.0797551	0.0527175	0.144275	0.0372661	0.0131933	0.00551043	0.0333261
37	0.0268608	0.000790019	0.00501784	0.0209381	0.000966048	0.00953674	0.00106675	0.0120514	0.326538	0.00647401	0.0049121	0.00607581	0.000522258	0.0382173	0.464353	0.0171667	0.0273647	0.018972	0.000308313	0.0118685
38	0.00946784	0.00516832	0.000656996	0.00169543	0.0229485	0.00238649	0.00090002	0.243485	0.00155189	0.508815	0.0702368	0.000911885	0.00128992	0.00287685	0.00246211	0.00403121	0.00802264	0.103637	0.00153379	0.00792248
39	0.0103151	0.00119693	0.000157525	0.000204108	0.0115258	0.000310737	0.000213225	0.367563	0.000298945	0.106122	0.00805245	0.000296131	0.0010211	0.000705287	0.000298511	0.0010896	0.00546628	0.481769	6.63837e-05	0.00332753
40	0.0951917	0.00210691	0.027853	0.097438	0.0151273	0.0317291	0.0508742	0.00249607	0.205771	0.0428432	0.0180207	0.0550731	0.00808834	0.0960675	0.15583	0.0571823	0.0149281	0.00673769	0.000309695	0.016332
41	0.0554244	0.0063088	0.204597	0.0710274	0.0043046	0.205679	0.0138658	0.00753358	0.0767272	0.0113581	0.00585531	0.131715	0.00476378	0.0615163	0.0419092	0.0544477	0.0205967	0.0121358	0.00149521	0.00873917
42	0.0139282	0.013755	0.00479424	0.0401879	0.179327	0.00145174	0.0793982	0.00307002	0.0361655	0.0471005	0.0127409	0.00307954	0.000455346	0.0239399	0.0277982	0.0110833	0.00700059	0.0149324	0.00464297	0.475148
43	0.0505146	0.00496632	0.00672606	0.0141629	0.00592181	0.0167427	0.0560934	0.00954152	0.188974	0.0376159	0.00632633	0.0127417	0.0253046	0.0178057	0.328193	0.0998551	0.0979212	0.0112352	0.00122719	0.00813128
44	0.0106743	0.00119087	0.000182342	0.000225519	0.0112152	0.00040467	0.000262392	0.35912	0.000360637	0.100692	0.00771078	0.000340699	0.000995201	0.000914951	0.000340932	0.00156736	0.00778113	0.492771	7.48581e-05	0.00317437
45	0.480469	0.030791	0.00394967	0.00447824	0.00532915	0.103584	0.00424096	0.0451038	0.00555766	0.0101057	0.00467703	0.00598013	0.00174663	0.00582369	0.00676286	0.0133071	0.0316714	0.229535	0.00179411	0.00509262
46	0.0103004	0.00119183	0.000158096	0.000204369	0.0115086	0.000309751	0.000213535	0.367718	0.00030027	0.106797	0.0080876	0.000294525	0.00103696	0.000700629	0.000298185	0.00108676	0.00544964	0.480954	6.68137e-05	0.00332312
47	0.467032	0.129874	0.0033616	0.00360526	0.00514572	0.0599092	0.00369845	0.0431461	0.00478707	0.0113138	0.00471809	0.00522324	0.00186139	0.00515532	0.00582932	0.0169851	0.0192831	0.202654	0.00165922	0.00475736
48	0.0104565	0.0016932	0.373789	0.504575	0.00206096	0.00474032	0.0107574	0.00323259	0.017458	0.00385776	0.0018786	0.00471045	0.000665381	0.0214875	0.0190662	0.00869817	0.00425562	0.0037171	0.000544104	0.00235612
49	0.0617635	0.00921035	0.0216977	0.0613815	0.0166719	0.0234652	0.0626755	0.0220931	0.0585357	0.0834838	0.0239925	0.0286842	0.00844594	0.307937	0.0647373	0.0474749	0.0331972	0.0246303	0.00951751	0.0304053
50	0.0326147	0.00203713	0.00428692	0.00117784	0.0451044	0.00196653	0.0071736	0.110238	0.00167987	0.232449	0.169995	0.00163747	0.00937904	0.00176295	0.00512772	0.0104597	0.0728979	0.268245	0.000526385	0.0212412
51	0.0716471	0.00250577	0.0602238	0.145099	0.00338729	0.104837	0.0245036	0.0119946	0.0905004	0.0137476	0.00831427	0.0544131	0.00690233	0.0807255	0.0459379	0.13809	0.100627	0.0212633	0.00303158	0.012248
52	0.0318698	0.00296557	0.0114231	0.0333181	0.012411	0.0150338	0.0264343	0.0235543	0.180011	0.0321637	0.00787708	0.022789	0.00677235	0.0454118	0.437431	0.0312024	0.0297595	0.0335123	0.00135356	0.0147063
53	0.0830746	0.00267227	0.207732	0.266768	0.00181325	0.099078	0.00745537	0.0041372	0.0998364	0.00625295	0.00157197	0.0315749	0.00128577	0.0748915	0.0542776	0.019794	0.0136302	0.00788595	0.000486534	0.0157814
54	0.0103181	0.00119619	0.000157561	0.000203693	0.0115766	0.000315844	0.000213277	0.36766	0.000300178	0.106021	0.00809082	0.000300112	0.0010196	0.000704293	0.000298663	0.00108603	0.00545301	0.481687	6.65836e-05	0.00333218
55	0.03706	0.0127009	0.00892297	0.00147485	0.00224405	0.0171685	0.0018758	0.179159	0.00229553	0.00511737	0.00164946	0.00354842	0.000576563	0.0162176	0.00233541	0.0554107	0.172	0.477567	0.000694944	0.00198038
56	0.0474697	0.000844029	0.018034	0.101996	0.00152926	0.00389303	0.00652315	0.00843204	0.274283	0.00401011	0.00236653	0.0291082	0.000628919	0.132084	0.310022	0.0167534	0.0288286	0.00998661	0.000435488	0.00277162
57	0.0103151	0.00119693	0.000157525	0.000204108	0.0115258	0.000310737	0.000213225	0.367563	0.000298945	0.106122	0.00805245	0.000296131	0.0010211	0.000705287	0.000298511	0.0010896	0.00546628	0.481769	6.63837e-05	0.00332753
58	0.0103151	0.00119693	0.000157525	0.000204108	0.0115258	0.000310737	0.000213225	0.367563	0.000298945	0.106122	0.00805245	0.000296131	0.0010211	0.000705287	0.000298511	0.0010896	0.00546628	0.481769	6.63837e-05	0.00332753
59	0.02904	0.00125811	0.00158512	0.000976455	0.00121888	0.00728107	0.00125594	0.00195331	0.00719425	0.00238499	0.0012436	0.0189536	0.00606092	0.00144606	0.00173857	0.593196	0.309056	0.0123476	0.000451614	0.00135761
60	0.18345	0.00291496	0.008815	0.0259821	0.00262451	0.0259106	0.0111452	0.0116362	0.0692406	0.0186501	0.00462423	0.0146468	0.436679	0.0118102	0.0477703	0.0857322	0.0194223	0.0113811	0.000865788	0.00669934
61	0.105631	0.00394316	0.00260973	0.00612419	0.00244858	0.703929	0.00340945	0.00255295	0.00388064	0.00430768	0.00314733	0.00589014	0.00255005	0.00372517	0.00484908	0.125186	0.00788789	0.00394257	0.00112369	0.00286183
62	0.0149682	0.00424412	0.00306216	0.00445193	0.0057877	0.00559725	0.00474649	0.0772364	0.00540015	0.109157	0.0905844	0.00572417	0.00220467	0.0116473	0.0122854	0.0342353	0.462594	0.138835	0.00177413	0.00546481
63	0.0901482	0.037391	0.000789588	0.000836581	0.172616	0.0108667	0.0233433	0.0743868	0.00173329	0.147985	0.024609	0.00579112	0.00031823	0.00123907	0.00633747	0.0376266	0.0227998	0.116419	0.0700886	0.154674
64	0.183957	0.0334807	0.0349464	0.0249786	0.0160469	0.411092	0.0226359	0.011121	0.0123979	0.00401848	0.00219362	0.0151723	0.000718987	0.00719947	0.0194716	0.0975274	0.0376011	0.0113947	0.0168609	0.037185
65	0.0360436	0.00858671	0.00128344	0.000961781	0.0582609	0.00268732	0.000945341	0.186103	0.000881807	0.461245	0.0518827	0.00165581	0.000657375	0.00375724	0.00312659	0.00449103	0.0102084	0.135825	0.00362473	0.027772
66	0.585596	0.0456678	0.000772225	0.000988224	0.00582237	0.00678959	0.00121651	0.0204662	0.00128519	0.0250065	0.00134729	0.00576883	0.00891422	0.00120923	0.00137757	0.17734	0.0394219	0.0694641	0.000310158	0.00123612
67	0.0902265	0.0372447	0.000777869	0.000835568	0.17331	0.0108518	0.0233405	0.0733927	0.00174637	0.148667	0.0245894	0.00583551	0.000318942	0.00124092	0.00641987	0.0380041	0.0227067	0.115622	0.0702509	0.154619
68	0.139964	0.0540638	0.00250436	0.000428876	0.00879326	0.010404	0.00251127	0.181727	0.000957931	0.172198	0.0234877	0.00751347	0.000195242	0.000655382	0.000728701	0.0502159	0.0984406	0.239155	0.00462126	0.00143521
69	0.00914023	0.000841829	0.70061	0.0471149	0.0064696	0.0214075	0.0170812	0.001646	0.00581514	0.00336355	0.00102741	0.065435	0.000822856	0.00590641	0.0042329	0.0885715	0.0142336	0.00246666	0.000372536	0.00344106
70	0.0115173	0.00150911	0.000168945	0.000252285	0.0130818	0.000345709	0.000232462	0.362219	0.000393938	0.109027	0.00840954	0.000326107	0.00134428	0.000692284	0.000336521	0.00112668	0.00561616	0.480079	6.79062e-05	0.00325467
71	0.0337084	0.00170776	0.00208737	0.00110066	0.00138146	0.00930891	0.00191256	0.00357632	0.00684173	0.0032679	0.00172965	0.0211513	0.00576782	0.00170115	0.00232911	0.580262	0.303596	0.0164115	0.000517466	0.00164023
72	0.00846095	0.00600499	0.0215588	0.00252297	0.00177119	0.0343503	0.00271653	0.00450418	0.0041004	0.0100381	0.00316596	0.0357877	0.000858406	0.00288104	0.00675259	0.159137	0.67136	0.021171	0.000547574	0.00231037
73	0.137849	0.00160449	0.00120661	0.00411733	0.00144304	0.658325	0.00206089	0.00237126	0.00181085	0.00376312	0.0018585	0.00215616	0.000415279	0.00173473	0.00202091	0.16945	0.00306727	0.00258163	0.000638847	0.00152507
74	0.0867761	0.00334303	0.135227	0.238312	0.00163803	0.0146098	0.0119608	0.00558316	0.122226	0.0181596	0.00318345	0.0380537	0.00117061	0.0655718	0.0929756	0.079509	0.0578108	0.019533	0.000240524	0.00411506
75	0.578449	0.0471398	0.000790897	0.000948188	0.00622131	0.00648291	0.00120836	0.0212951	0.00138043	0.0261021	0.00141969	0.00596031	0.00946983	0.00133071	0.00130216	0.17589	0.0408383	0.0721225	0.000312971	0.00133509
76	0.288684	0.0534164	0.00994634	0.000803746	0.0259724	0.048489	0.00950812	0.0964868	0.0103507	0.108663	0.0329871	0.0105441	0.000246347	0.021923	0.0234577	0.0982549	0.0409898	0.101748	0.00564343	0.0118854
77	0.170593	0.0292109	0.039282	0.0296595	0.0139354	0.453925	0.0185049	0.00703664	0.0207563	0.00327656	0.0013111	0.0168465	0.000411516	0.00932718	0.0273203	0.0860058	0.0254101	0.00736502	0.0184641	0.0213575
78	0.285638	0.0527268	0.0103935	0.000865832	0.0252002	0.0509291	0.010449	0.0915842	0.0106437	0.10926	0.0340563	0.0115264	0.000238117	0.0227341	0.0262454	0.0942484	0.0427308	0.102709	0.00554199	0.0122798
79	0.076097	0.0164421	0.00121036	0.000947562	0.0221989	0.00245932	0.00066235	0.233805	0.00118126	0.348658	0.0271924	0.00410587	0.000447016	0.00312021	0.00272668	0.00908845	0.0316184	0.211624	0.000592734	0.00582159
80	0.0475368	0.00615287	0.00289114	0.00281579	0.0921871	0.00533963	0.00287071	0.109757	0.000893039	0.509437	0.0264447	0.00301498	0.000155579	0.00760944	0.00559056	0.0132274	0.00773827	0.0654496	0.0121367	0.0787518
81	0.134915	0.000589049	0.0789669	0.0938064	0.00394185	0.0904024	0.0513241	0.0076356	0.0526605	0.0108862	0.00169934	0.0888853	0.0188295	0.0798859	0.0528533	0.143966	0.0368201	0.0130304	0.00552947	0.033373
82	0.0434691	0.0230989	0.0030035	0.0101871	0.22851	0.00517152	0.0567995	0.0462845	0.00762361	0.0801619	0.013188	0.00419291	0.000529883	0.00650404	0.00997635	0.0181347	0.0127034	0.069655	0.0354362	0.32537
83	0.0709633	0.0132432	0.00120526	0.000985987	0.0253199	0.00190657	0.000575694	0.237271	0.00120064	0.357104	0.0303923	0.00410327	0.000691469	0.00322874	0.00318609	0.00629722	0.0273848	0.207605	0.000372055	0.00696386
84	0.033159	0.0265351	0.00174234	0.0155185	0.0188975	0.00378906	0.00371853	0.124116	0.0630665	0.208378	0.052477	0.00375106	0.00115969	0.112363	0.142454	0.0353275	0.0182121	0.130193	0.00113964	0.0040016
85	0.0920685	0.0161954	0.0363746	0.126366	0.0114217	0.0266914	0.0334075	0.0206302	0.14427	0.0422121	0.0177474	0.0324125	0.00288427	0.0767345	0.13503	0.0556035	0.0624806	0.0345635	0.00507258	0.0278336
86	0.178866	0.0043301	0.0162222	0.0149281	0.00599982	0.0810024	0.120842	0.0107139	0.0144808	0.0132522	0.00882378	0.0925818	0.00384525	0.0778954	0.0215662	0.206914	0.0993774	0.0168567	0.00191879	0.00958384
87	0.0167864	0.0129027	0.00133377	0.00431028	0.0393535	0.00449349	0.00275879	0.113469	0.00434012	0.576866	0.109527	0.00264945	0.000653639	0.00892213	0.00586422	0.0100941	0.022278	0.0493854	0.00197616	0.0120357
88	0.0456662	0.00317079	0.391556	0.163527	0.00357314	0.0907139	0.0121909	0.00166279	0.0323934	0.00595545	0.00103662	0.118044	0.00205205	0.0653428	0.0194877	0.0295666	0.00619086	0.00537856	0.00029084	0.00220039
89	0.00417149	0.000382267	0.000189554	0.000232802	0.00523693	0.000826775	0.000224422	0.411658	0.000327055	0.345649	0.0173683	0.000271525	0.00945267	0.000301734	0.00038162	0.000616596	0.000493171	0.199723	0.000557136	0.00193651
90	0.0403273	0.0373468	0.0425566	0.00287971	0.0264771	0.275483	0.0494078	0.0497577	0.0525585	0.0528096	0.0247258	0.0691653	0.0251771	0.00308629	0.0317206	0.0634128	0.0636967	0.0367559	0.00128238	0.0513735
91	0.0296153	0.00102466	0.00100874	0.00101296	0.00124271	0.0063924	0.00127986	0.00188458	0.0074003	0.00230205	0.00126875	0.0186731	0.00628299	0.00147639	0.0017035	0.605879	0.297427	0.0123156	0.00045867	0.00135156
92	0.0222362	0.0102152	0.000939986	0.000655997	0.0426956	0.00191041	0.000828233	0.250163	0.00135844	0.377588	0.0537403	0.00216007	0.00199755	0.00234196	0.00277867	0.00401869	0.0106376	0.20003	0.00150012	0.012204
93	0.0461407	0.00580899	0.00278119	0.00275055	0.098475	0.00518003	0.00279022	0.108392	0.00095498	0.507044	0.0266407	0.00293423	0.000171754	0.00726578	0.0057848	0.012706	0.00753706	0.0655336	0.0124331	0.078675
94	0.126352	0.00222628	0.095711	0.0960424	0.00367376	0.111926	0.0578992	0.00401678	0.0600962	0.00771473	0.00113451	0.0767259	0.0123534	0.0667076	0.0402557	0.152437	0.023317	0.0067275	0.0272514	0.0274325
95	0.140611	0.0514288	0.00251948	0.000464424	0.00954673	0.00998687	0.00273608	0.180777	0.00101252	0.173303	0.0239263	0.007438	0.000237061	0.000615216	0.000720417	0.0506381	0.0988791	0.238704	0.00479847	0.00165736
96	0.00716676	0.00504472	0.000210751	0.000255016	0.0208513	0.00176459	0.000300983	0.282249	0.00152695	0.493452	0.060272	0.000394733	0.000157774	0.00144855	0.00237047	0.00167616	0.00190191	0.112803	0.000887315	0.00526631
97	0.0245615	0.00257799	0.219787	0.084564	0.0040904	0.00686961	0.00505416	0.00449437	0.0197135	0.00729448	0.0029896	0.514551	0.00120401	0.0208486	0.0265367	0.0238673	0.00775248	0.0192814	0.00106316	0.00289935
98	0.0578902	0.0042437	0.0307325	0.104624	0.0194929	0.0284063	0.0867998	0.00318153	0.199153	0.0398244	0.0104105	0.0502027	0.00759701	0.100026	0.172159	0.044927	0.016507	0.00936118	0.00038268	0.0140789
99	0.056427	0.0650552	0.0113545	0.0581505	0.00234582	0.0199239	0.0211595	0.0231931	0.121719	0.11506	0.0125491	0.0390157	0.00212543	0.0229955	0.118124	0.11945	0.0236501	0.164344	0.000966501	0.0023918
100	0.00430122	0.00810086	0.0179593	0.00133697	0.00139951	0.0282878	0.00137391	0.00301401	0.00192244	0.00771066	0.0021257	0.0311675	0.000559625	0.00182206	0.00461044	0.106123	0.760789	0.0153423	0.000380761	0.00167277
101	0.331859	0.00180693	0.00126103	0.00913611	0.00154212	0.0273543	0.00521701	0.00674533	0.0250287	0.00778926	0.00177579	0.00876142	0.401671	0.00157703	0.0071916	0.121918	0.0223262	0.0125754	0.000443304	0.00402074
102	0.0795569	0.0335366	0.00566398	0.00602762	0.0695885	0.0924094	0.00674061	0.0431557	0.0393556	0.0791933	0.17293	0.00801558	0.174491	0.037175	0.00968911	0.0427155	0.0432856	0.0459662	0.00221313	0.00829081
103	0.0731673	0.00200909	0.00372847	0.00606707	0.00165194	0.818608	0.00219464	0.00218382	0.00354888	0.00329922	0.00268352	0.00401501	0.000989271	0.00244471	0.00455356	0.0586128	0.00381466	0.00340954	0.000902533	0.00211615
104	0.232781	0.00101272	0.0114341	0.00414401	0.0181895	0.152869	0.0183696	0.00178728	0.0714935	0.0338954	0.0275463	0.026891	0.00046354	0.0272912	0.0767285	0.190918	0.0610208	0.0157195	0.00470293	0.0227427
105	0.0329811	0.00462573	0.0118466	0.0269681	0.0127927	0.0180619	0.0271838	0.0231889	0.179085	0.0317304	0.00878377	0.0277757	0.0037106	0.042627	0.441266	0.0316608	0.0291824	0.0294613	0.00204739	0.0150207
106	0.0339676	0.0299302	0.00168385	0.0104619	0.0127392	0.00229967	0.0110522	0.003549	0.0377526	0.493949	0.158758	0.00266146	0.000672904	0.0561078	0.0488333	0.00494609	0.063886	0.0141308	0.000691377	0.0119273
107	0.0058559	0.00535307	0.000642615	0.00355248	0.0174034	0.00284468	0.000914945	0.177175	0.00162263	0.60868	0.0959722	0.00100945	0.000290085	0.0041295	0.00209798	0.00691637	0.011021	0.0464996	0.00151154	0.00650844
108	0.0274608	0.000726605	0.00594792	0.0239105	0.00104362	0.0102197	0.000897162	0.0105252	0.32216	0.00592744	0.00430095	0.00719844	0.000442169	0.0422226	0.46111	0.0167177	0.0277296	0.0179251	0.000363585	0.0131709
109	0.0704671	0.00241977	0.0432224	0.114359	0.0107867	0.0278137	0.0477721	0.00410289	0.201154	0.0383482	0.0137743	0.0496859	0.0094272	0.0867207	0.172197	0.0628423	0.0218905	0.00996711	0.000262194	0.0127864
110	0.0204193	0.00538322	0.00846278	0.0360188	0.0139249	0.00913268	0.0933766	0.069363	0.0682224	0.0484726	0.00822526	0.020078	0.00390468	0.0282474	0.369665	0.0322853	0.0592592	0.091411	0.00201743	0.0121307
111	0.0173252	0.00194494	0.00216682	0.00262299	0.0184944	0.00311192	0.137382	0.0149053	0.0028992	0.275935	0.00282303	0.00311959	0.000787446	0.411333	0.0145661	0.00641609	0.00504072	0.00458329	0.0236228	0.0509197
112	0.0497932	0.00217247	0.365589	0.155887	0.00652767	0.0548562	0.017019	0.00165359	0.024971	0.0129548	0.00118751	0.152098	0.000612436	0.0701131	0.0324248	0.0390068	0.00729576	0.0039319	0.000432507	0.00147441
113	0.286086	0.0526634	0.010401	0.000858855	0.0251943	0.0509484	0.0103954	0.0919804	0.0106469	0.109202	0.0339861	0.0114325	0.000235357	0.022736	0.0261941	0.0944928	0.0425302	0.102261	0.00552174	0.0122325
114	0.00735322	0.00106535	0.000960085	0.000556303	0.006256	0.00183519	0.000613975	0.301733	0.00086441	0.0554801	0.00472626	0.000821978	0.000670861	0.00432847	0.000862105	0.00650764	0.0333329	0.569745	0.000185653	0.0021013
115	0.123808	0.0037175	0.00226971	0.00224402	0.0364266	0.155879	0.0499906	0.0149715	0.0159484	0.0394053	0.00326237	0.0155332	0.114326	0.0265167	0.0513345	0.161492	0.0282439	0.00536506	0.0159952	0.133271
116	0.0114055	0.00144969	0.668477	0.0605895	0.00649526	0.0246067	0.0172391	0.00353178	0.0108062	0.00554395	0.00209016	0.0592963	0.000996702	0.00937477	0.00805285	0.0842881	0.0160092	0.00423269	0.000562081	0.00495278
117	0.00719629	0.00506503	0.000210812	0.000257294	0.0209839	0.0017742	0.000299662	0.281309	0.00152827	0.494189	0.0605479	0.00039427	0.000106117	0.00146824	0.00238593	0.00169356	0.00191364	0.112509	0.000885176	0.00528205
118	0.0886942	0.000634524	0.110488	0.201492	0.00336436	0.0426213	0.0283562	0.00486217	0.0624893	0.011612	0.00104084	0.0603929	0.0957016	0.0665306	0.0511209	0.105396	0.0330315	0.0149022	0.00238333	0.014886
119	0.0641132	0.00323415	0.0124105	0.0345676	0.00319544	0.0244047	0.0112589	0.0093409	0.302443	0.0166651	0.00593573	0.0270605	0.00449376	0.0580092	0.345501	0.034384	0.0209861	0.0124813	0.000482028	0.00903262
120	0.066122	0.0153804	0.00223335	0.00278759	0.0168836	0.000994241	0.000527748	0.381434	0.0025303	0.222604	0.0150675	0.011544	0.000191877	0.00468058	0.00647235	0.0123029	0.0460049	0.189274	0.000189449	0.00277496
121	0.140265	0.0525318	0.00251428	0.000438121	0.00872485	0.0100606	0.00256373	0.181586	0.00091065	0.172374	0.0234437	0.00752445	0.000188388	0.000549809	0.000625895	0.0506009	0.0995889	0.239524	0.004591	0.00139288
122	0.177098	0.011869	0.00125077	0.00149761	0.0018067	0.199156	0.00250561	0.00239661	0.00317055	0.00327018	0.0173847	0.0731643	0.00053544	0.0195918	0.0164497	0.359561	0.103725	0.00321602	0.000687112	0.00166324
123	0.0256657	0.000927026	0.00488776	0.0191271	0.00115798	0.00965726	0.00108593	0.0115386	0.327138	0.00687991	0.00479727	0.00618698	0.000610341	0.0354523	0.470717	0.0166727	0.0259124	0.0193288	0.000344692	0.0119121
124	0.0667739	0.0145232	0.00211339	0.00260538	0.0173373	0.00108788	0.000506724	0.378895	0.00229949	0.222404	0.0166974	0.011134	0.000184788	0.00447591	0.00625337	0.0122832	0.0454	0.191806	0.000206177	0.00301304
125	0.00948332	0.00163773	0.361743	0.525094	0.00195022	0.00365864	0.0110126	0.00319263	0.0157931	0.00367021	0.00191546	0.00294896	0.000667854	0.0217526	0.0171541	0.00795785	0.00409046	0.00358657	0.000535648	0.00215484
126	0.0240665	0.00904617	0.00228429	0.000657228	0.065242	0.00173879	0.00188085	0.169426	0.00121709	0.340918	0.107028	0.0024063	0.00458202	0.00191134	0.00401723	0.00334682	0.025799	0.217419	0.000647989	0.0163655
127	0.120054	0.00180541	0.0016683	0.00188419	0.00200803	0.0545077	0.0017635	0.138326	0.0207528	0.17086	0.0023731	0.0417301	0.000695689	0.0112262	0.0990129	0.0664651	0.0497786	0.182504	0.000665053	0.0319197
128	0.260824	0.00123199	0.0130684	0.00238688	0.0321943	0.0954198	0.0299676	0.0020516	0.0440451	0.0398799	0.0206752	0.0266198	0.00210109	0.0561804	0.0696751	0.171282	0.0527009	0.0281429	0.0114311	0.0401217
129	0.00719427	0.00496346	0.000212035	0.000259077	0.0207241	0.00175905	0.000297665	0.284842	0.00148389	0.491067	0.0589941	0.000388516	0.000355141	0.00143312	0.00234239	0.00168183	0.00191234	0.113941	0.000867738	0.00528144
130	0.119892	0.0087184	0.00122118	0.0226123	0.00237406	0.0977755	0.0105787	0.00280136	0.187646	0.0424427	0.00237987	0.00478057	0.00146803	0.042928	0.304849	0.0891319	0.0234083	0.00327664	0.00126347	0.030452
131	0.0361747	0.00296314	0.00502369	0.000845592	0.0647469	0.00159907	0.00392071	0.14176	0.00145445	0.251555	0.132178	0.0021898	0.0104861	0.0013662	0.00641612	0.00603245	0.0538734	0.252113	0.000477241	0.0248241
132	0.0243	0.0300208	0.00177601	0.00150047	0.10262	0.002791	0.00201869	0.196493	0.0027037	0.27046	0.0741083	0.00962734	0.00173395	0.003163	0.00463163	0.00770949	0.0160319	0.235704	0.00197734	0.01063
133	0.101638	0.00773874	0.00114574	0.00314752	0.00138136	0.0360165	0.00839774	0.00900546	0.3738	0.0235977	0.0078061	0.0383106	0.00744795	0.0480793	0.276184	0.0391126	0.00500633	0.00900818	0.000431728	0.00274384
134	0.0568455	0.000536449	0.123947	0.225919	0.00329998	0.00814569	0.0108738	0.00418874	0.07164	0.00827029	0.000745939	0.0479305	0.179078	0.0458394	0.050902	0.100404	0.0374119	0.0202594	0.000216504	0.00354443
135	0.0590314	0.00552705	0.108719	0.0523598	0.00391689	0.28741	0.0157546	0.013545	0.0407737	0.0242941	0.00742419	0.103132	0.00409668	0.032362	0.0456057	0.113882	0.0412367	0.030179	0.00152488	0.00922543
136	0.0173412	0.00721776	0.0015368	0.000959976	0.39642	0.00268377	0.0201693	0.063307	0.00135826	0.0337739	0.00532424	0.00132884	0.000905091	0.0013362	0.00157189	0.00250327	0.00550487	0.0694941	0.0170413	0.350222
137	0.0568949	0.00111691	0.104313	0.392774	0.00147686	0.0242724	0.0187608	0.00852181	0.0920843	0.0138837	0.00091552	0.0245348	0.0027276	0.0846432	0.0810018	0.0303218	0.0372	0.0142823	0.000235767	0.0100378
138	0.0190148	0.00683254	0.000706237	0.000574645	0.0279477	0.00175518	0.000488044	0.272378	0.00163029	0.442272	0.0560355	0.00182751	0.000491077	0.00189807	0.00425531	0.00403161	0.00796465	0.138036	0.00121639	0.0106437
139	0.0787294	0.00500055	0.309482	0.118926	0.00218807	0.145302	0.00694912	0.00178708	0.060839	0.00432721	0.00123643	0.115491	0.000634175	0.0937457	0.0228376	0.0168038	0.00379551	0.00653915	0.000454565	0.00493136
140	0.0568949	0.00111691	0.104313	0.392774	0.00147686	0.0242724	0.0187608	0.00852181	0.0920843	0.0138837	0.00091552	0.0245348	0.0027276	0.0846432	0.0810018	0.0303218	0.0372	0.0142823	0.000235767	0.0100378
141	0.0475368	0.00615287	0.00289114	0.00281579	0.0921871	0.00533963	0.00287071	0.109757	0.000893039	0.509437	0.0264447	0.00301498	0.000155579	0.00760944	0.00559056	0.0132274	0.00773827	0.0654496	0.0121367	0.0787518
142	0.00561265	0.00161957	0.00214947	0.0284288	0.0123902	0.00278979	0.0638752	0.0496249	0.0925093	0.073909	0.00408847	0.0201688	0.000770087	0.0369787	0.495271	0.00962111	0.0191846	0.0678351	0.000675998	0.0124971
143	0.0209206	0.0411425	0.00925818	0.00659992	0.0428229	0.0127729	0.012769	0.0457111	0.0926624	0.0563799	0.00945393	0.079037	0.00337835	0.00833039	0.0142657	0.27546	0.171703	0.0154842	0.0350496	0.0467983
144	0.0402882	0.0158772	0.0545163	0.0176135	0.0113488	0.307036	0.0279755	0.0267203	0.0583165	0.0277218	0.0242434	0.0820764	0.0114418	0.0177061	0.0435133	0.0940119	0.0714733	0.0345286	0.000762927	0.0328279
145	0.0604193	0.0264307	0.00147692	0.00148881	0.0202127	0.00227142	0.000732048	0.28112	0.0017852	0.306358	0.0258443	0.00649382	0.000424595	0.00326294	0.0035783	0.0105797	0.0375477	0.205393	0.000503037	0.00407762
146	0.0911594	0.00165235	0.0396412	0.0119847	0.00219898	0.0536915	0.0205724	0.00312919	0.214777	0.00382896	0.00198709	0.110908	0.0960781	0.0423134	0.0601899	0.184547	0.0547078	0.00385975	0.000684142	0.00208799
147	0.0141641	0.00312792	0.00184107	0.0018562	0.012333	0.0123324	0.0264488	0.00419122	0.10038	0.0370084	0.011049	0.269216	0.000739637	0.00245203	0.0297624	0.26839	0.185416	0.00393583	0.00196577	0.0133908
148	0.0452678	0.00637974	0.00496705	0.00229402	0.0516523	0.0125569	0.00519678	0.108917	0.00652457	0.223405	0.177084	0.00384586	0.0450311	0.00670698	0.00690981	0.0122542	0.045528	0.215649	0.000780106	0.0190501
149	0.0918772	0.00630453	0.00265686	0.0262177	0.00292119	0.0754562	0.010167	0.00355118	0.206127	0.0364905	0.00342409	0.00609811	0.00183045	0.0428534	0.328486	0.0861312	0.0313184	0.00605596	0.00173527	0.0302974
150	0.0103151	0.00119693	0.000157525	0.000204108	0.0115258	0.000310737	0.000213225	0.367563	0.000298945	0.106122	0.00805245	0.000296131	0.0010211	0.000705287	0.000298511	0.0010896	0.00546628	0.481769	6.63837e-05	0.00332753
151	0.0413223	0.0116481	0.0495535	0.0328688	0.00276874	0.438478	0.00248318	0.0119671	0.0909284	0.0145892	0.00322844	0.0470284	0.000743997	0.0117117	0.106788	0.107106	0.0152244	0.00698559	0.00156331	0.00301283
152	0.0186946	0.00479438	0.00707621	0.0316777	0.205018	0.00140599	0.0581302	0.00372682	0.0204261	0.0271461	0.00674891	0.00438219	0.00059398	0.0189647	0.0287758	0.0175385	0.00889033	0.00477627	0.00879106	0.522442
153	0.0183484	0.004138	0.00523116	0.00565149	0.0112578	0.0171199	0.0499262	0.00752032	0.0958953	0.048975	0.0108908	0.24162	0.00252258	0.00626097	0.0418823	0.229117	0.180243	0.00844416	0.00254289	0.0124122
154	0.02201	0.000782789	0.0501589	0.0369733	0.0020126	0.018875	0.0456415	0.00145133	0.241384	0.00215969	0.00197961	0.145772	0.00130554	0.0733766	0.284517	0.0410439	0.0166778	0.00175298	0.000346999	0.0117793
155	0.0408683	0.00107912	0.00121785	0.0062954	0.003906	0.00195454	0.0161279	0.224691	0.0540476	0.0692363	0.0207032	0.0387396	0.000466796	0.00163122	0.0215615	0.0302039	0.0892609	0.369437	0.000423947	0.00814806
156	0.0625183	0.00330023	0.0338008	0.111566	0.0112916	0.0285668	0.0549376	0.00665116	0.200938	0.0414224	0.0133267	0.0475757	0.0105346	0.0845392	0.178355	0.0590564	0.0222924	0.0164398	0.000323	0.0125644
157	0.00791884	0.00277704	0.00231575	0.00983097	0.0453097	0.00336007	0.0280812	0.0567433	0.0935212	0.0670627	0.00780244	0.011588	0.000832294	0.0329643	0.494923	0.0240574	0.0148384	0.0815339	0.000704896	0.0138346
158	0.0451175	0.00236915	0.0413737	0.0650991	0.00766225	0.0253519	0.0577179	0.00374619	0.213548	0.0155943	0.00627789	0.103278	0.00543194	0.0864251	0.227398	0.0491355	0.0241261	0.00692119	0.000545638	0.0128815
159	0.0712199	0.00427322	0.0503996	0.0595922	0.000950044	0.0939518	0.0371279	0.028423	0.0452504	0.0210544	0.0115237	0.102247	0.0109248	0.0573312	0.0670769	0.17123	0.101102	0.0565288	0.000406224	0.00938775
160	0.0122379	0.00445955	0.0026504	0.00444924	0.00700371	0.00540896	0.0038752	0.0910389	0.00530078	0.378919	0.0789781	0.00436412	0.0014301	0.0225736	0.0226545	0.0188269	0.230896	0.0949653	0.00424015	0.00572741
161	0.309578	0.00267579	0.00298947	0.00310522	0.0193972	0.00551354	0.00358529	0.0216806	0.135737	0.0229399	0.00384838	0.0271505	0.00141977	0.0375936	0.00497479	0.0937266	0.248728	0.0504087	0.00125135	0.00369693
162	0.0408706	0.00206176	0.0480183	0.0188578	0.00186566	0.152682	0.0463237	0.0148755	0.0289094	0.0101778	0.0172863	0.182881	0.00536291	0.0480672	0.0292624	0.20084	0.123751	0.021045	0.000884329	0.00597677
163	0.501394	0.0125346	0.00604269	0.0115594	0.00136616	0.0337628	0.0176112	0.00195606	0.00154244	0.00246764	0.0012832	0.0322886	0.000436222	0.0193595	0.0168473	0.263079	0.0310497	0.0438344	0.000358796	0.00122551
164	0.0217665	0.00513562	0.0272098	0.186609	0.00112318	0.00623398	0.0333389	0.0479227	0.15636	0.0329681	0.0213187	0.0270446	0.00105284	0.0555008	0.136394	0.0649927	0.0606227	0.112366	0.000693638	0.00134575
165	0.0406874	0.00224573	0.0147034	0.0538339	0.00515992	0.010781	0.0137126	0.0114237	0.277425	0.014281	0.0054906	0.032407	0.00161483	0.0864719	0.360172	0.0224632	0.0233872	0.0148675	0.00066115	0.00821121
166	0.00520318	0.001983	0.00409153	0.000869665	0.428652	0.00627817	0.00872333	0.0268122	0.00121088	0.0307477	0.0060694	0.00102917	0.00275772	0.00100439	0.00122174	0.00204358	0.00447698	0.0193154	0.00614827	0.441362
167	0.00777274	0.00236613	0.00238167	0.00295153	0.0435256	0.0166588	0.0457375	0.134426	0.0354734	0.00622247	0.00327869	0.0305124	0.00116112	0.00368316	0.018416	0.0616511	0.264162	0.287611	0.000948241	0.0310614
168	0.123	0.0380781	0.00626649	0.00532247	0.0115052	0.0381841	0.0317319	0.0971226	0.0089611	0.0564165	0.0295881	0.0287632	0.00178362	0.0112823	0.0310415	0.213608	0.169922	0.0842337	0.00249098	0.010699
169	0.0568455	0.000536449	0.123947	0.225919	0.00329998	0.00814569	0.0108738	0.00418874	0.07164	0.00827029	0.000745939	0.0479305	0.179078	0.0458394	0.050902	0.100404	0.0374119	0.0202594	0.000216504	0.00354443
170	0.0925351	0.00328688	0.111643	0.253771	0.00831089	0.0138498	0.0153201	0.0312405	0.125298	0.0364254	0.00416579	0.0190022	0.00176787	0.0769801	0.0952906	0.0451688	0.0421198	0.0159	0.000751137	0.00717309
171	0.0269357	0.00853081	0.00233688	0.00456724	0.0537446	0.00665767	0.00376265	0.136279	0.00443625	0.474698	0.0686378	0.00450664	0.00125292	0.00878207	0.0076524	0.0147878	0.0668545	0.0528705	0.025101	0.027605
172	0.080662	0.00498621	0.0756948	0.199062	0.00676248	0.0141864	0.0241047	0.033992	0.140288	0.035705	0.0100056	0.0223175	0.00153016	0.0833559	0.119406	0.0521042	0.0521171	0.0323092	0.00143292	0.00997848
173	0.0626959	0.0014382	0.110226	0.364656	0.00119022	0.0229427	0.0172197	0.00660319	0.0985519	0.0131275	0.00134195	0.0304889	0.00229629	0.0765445	0.0804001	0.0396404	0.0433664	0.0177268	0.000249324	0.00929426
174	0.0313425	0.00295241	0.00174344	0.013223	0.0885654	0.00326436	0.036456	0.0915463	0.0707874	0.31178	0.0771325	0.00270302	0.000882759	0.0263436	0.0721037	0.00859778	0.0179327	0.0431093	0.0121312	0.0874031
175	0.0783696	0.00507096	0.0418615	0.102306	0.00498007	0.0851186	0.0409547	0.0253066	0.0328975	0.0181769	0.0136849	0.0731916	0.00815389	0.0612707	0.051223	0.160427	0.122388	0.061485	0.00109386	0.0120392
176	0.0783756	0.000845888	0.0595723	0.0505188	0.000919518	0.108667	0.0358522	0.0260514	0.0259417	0.0145728	0.010721	0.113024	0.0109172	0.0597352	0.0620153	0.182313	0.110196	0.0391322	0.000316176	0.0103128
177	0.0628343	0.0117197	0.00209177	0.00184314	0.0289831	0.00118713	0.000683458	0.327408	0.00180116	0.245453	0.0348947	0.00924879	0.00133426	0.00359739	0.00651734	0.00910707	0.0390492	0.204503	0.000211573	0.00753244
178	0.0882184	0.0255588	0.00402527	0.0807263	0.0545829	0.0251514	0.00450711	0.087145	0.00993615	0.105066	0.0779211	0.0302453	0.00160656	0.0563225	0.0094579	0.107541	0.103779	0.104297	0.00239358	0.021519
179	0.0768045	0.000534633	0.0578907	0.0450892	0.000808223	0.111737	0.0361155	0.025518	0.0253447	0.0140153	0.0107189	0.117092	0.0115672	0.0596543	0.0606376	0.186214	0.1113	0.0387449	0.000183494	0.0100302
180	0.404533	0.0032465	0.0131999	0.00250267	0.002339	0.0106216	0.0132698	0.0400943	0.00332549	0.0959659	0.00280054	0.0216081	0.000789207	0.0022904	0.00820497	0.246197	0.0203945	0.0627541	0.000882815	0.0449805
181	0.0569221	0.00111266	0.104283	0.392577	0.00146742	0.0242863	0.0187495	0.00850872	0.0921668	0.0138705	0.000930108	0.0245804	0.00272624	0.084642	0.0809789	0.0303779	0.0372367	0.0143054	0.00023541	0.0100437
182	0.00413444	0.000307413	0.000197929	0.00022788	0.00521093	0.000804658	0.000224269	0.412838	0.000314886	0.342676	0.0168791	0.000267837	0.00967461	0.00029865	0.000354563	0.000599505	0.00050221	0.202091	0.000533984	0.00186171
183	0.76168	0.00505689	0.0029459	0.000485586	0.0020366	0.0326912	0.00472151	0.00306759	0.000593838	0.00520109	0.00289052	0.00329628	0.000228769	0.000543709	0.000704281	0.151941	0.0172438	0.00363289	0.000190148	0.000848366
184	0.0941806	0.0202575	0.0375257	0.155986	0.0117849	0.0322248	0.0276328	0.0213658	0.101249	0.0349744	0.0247005	0.0267389	0.000754869	0.0795902	0.113657	0.0473015	0.0844312	0.036891	0.00870112	0.0400518
185	0.0068204	0.00267298	0.000209457	0.000232274	0.0118644	0.00188668	0.000243918	0.346304	0.00089979	0.429395	0.0391265	0.000301048	0.00383924	0.0010014	0.00140903	0.00106907	0.00125058	0.146061	0.0013151	0.00409724
186	0.0104108	0.00162629	0.679526	0.0621932	0.00644629	0.0234972	0.0170316	0.00256371	0.00846519	0.0039236	0.00170451	0.0552715	0.00210618	0.00712331	0.00488801	0.0865254	0.0177215	0.00372506	0.000667379	0.00458363
187	0.111184	0.0954967	0.00116423	0.00103446	0.0421319	0.0173117	0.0012108	0.0702512	0.00702352	0.0528969	0.00340659	0.00127293	0.00040362	0.00144592	0.00384166	0.0305618	0.0462851	0.479979	0.00044016	0.0326575
188	0.0485681	0.00614529	0.00285099	0.00280903	0.0914984	0.00565977	0.00311644	0.109211	0.00110051	0.508173	0.0260651	0.00302748	0.00016576	0.00795348	0.00560036	0.0136915	0.00790871	0.0646344	0.0122842	0.0795368
189	0.226752	0.0776791	0.00690288	0.00200119	0.0268467	0.0439354	0.0142844	0.0653646	0.00717151	0.12722	0.0261402	0.0121141	0.000350535	0.0368095	0.0355344	0.100705	0.0612422	0.108794	0.00345834	0.0166936
190	0.152185	0.0266675	0.0010156	0.00145806	0.00163049	0.150299	0.00160759	0.00234928	0.00153033	0.00279564	0.00780697	0.0859528	0.000503152	0.00821437	0.00671678	0.463949	0.0804294	0.00265093	0.000456627	0.00178159
