327	20
1	0.708848	0.0207072	0.00956196	0.0101393	0.0012527	0.0559029	0.00167864	0.00456406	0.00369648	0.0125255	0.00168867	0.00257394	0.0028798	0.00319311	0.00255312	0.0792394	0.0211956	0.0559263	0.000544609	0.00132847
2	0.00549614	0.000572002	0.00354005	0.00571595	0.441351	0.0111656	0.0321742	0.0239522	0.00630851	0.0723169	0.00408115	0.00632414	0.00218552	0.005547	0.0292074	0.0376528	0.0199729	0.0382002	0.00691562	0.247321
3	0.0387464	0.00103739	0.157475	0.119749	0.00514729	0.0326903	0.0270695	0.0202149	0.106494	0.0188551	0.0137799	0.116096	0.0224262	0.0662475	0.0594029	0.0863001	0.0805418	0.0165921	0.00246405	0.00867035
4	0.28255	0.000507814	0.00923031	0.00356778	0.00667863	0.0105714	0.0107708	0.0119696	0.0152412	0.00935768	0.00614585	0.00633153	0.179203	0.0122573	0.00785832	0.349816	0.0437497	0.0176871	0.000652105	0.0158544
5	0.00845438	0.000889157	0.000920861	0.00131094	0.0644328	0.0042125	0.00432979	0.0574596	0.00147896	0.670478	0.0838574	0.00246468	0.0019413	0.00156877	0.00822742	0.00572406	0.0082778	0.0656152	0.00118998	0.00716595
6	0.031489	0.00132179	0.136314	0.051364	0.0103447	0.041238	0.0237579	0.0195277	0.135747	0.0291123	0.0580844	0.0844619	0.0173502	0.0520692	0.0995233	0.113021	0.0603012	0.0191582	0.00492817	0.0108866
7	0.0398239	0.000305379	0.00777805	0.00740047	0.001825	0.00844789	0.0124434	0.00287799	0.0154518	0.0227137	0.00218892	0.0110488	0.788241	0.0167192	0.00920253	0.0365488	0.011215	0.00390744	0.000541044	0.00131926
8	0.0223956	0.000710867	0.0379206	0.0661806	0.0361662	0.021398	0.0453891	0.0223906	0.0247177	0.00725766	0.0044259	0.229847	0.00286689	0.00562709	0.0370805	0.102056	0.242296	0.024917	0.00134484	0.0650114
9	0.0576161	0.000641212	0.0198714	0.0191489	0.00386981	0.585168	0.00937856	0.0113699	0.0130188	0.0132173	0.00445776	0.0296555	0.00376968	0.0190629	0.0173432	0.115371	0.0340025	0.0381358	0.00150409	0.00339741
10	0.0208933	0.00024691	0.151795	0.0653426	0.000841179	0.0407135	0.0380036	0.0144601	0.0969057	0.00611549	0.00614304	0.259944	0.0137467	0.053754	0.0682611	0.103512	0.0502165	0.00694283	0.000329541	0.0018329
11	0.0218747	0.00694567	0.00210477	0.00600001	0.0722254	0.00460039	0.00884577	0.319508	0.00216055	0.251687	0.0791571	0.00548675	0.0031515	0.00794309	0.00348326	0.0163502	0.0193793	0.154318	0.00620325	0.00857496
12	0.0841479	0.000589365	0.0201156	0.0315551	0.014322	0.00738987	0.00533848	0.0735088	0.0197211	0.0308325	0.00722388	0.0420992	0.00525042	0.0181892	0.0203245	0.146451	0.386579	0.078833	0.000784395	0.00674482
13	0.00479721	0.00418473	0.00275451	0.00132058	0.0206327	0.0014585	0.00309509	0.476434	0.00270936	0.233547	0.0713609	0.00632814	0.00118355	0.00179358	0.00363813	0.0085662	0.014953	0.13849	0.000541074	0.00221244
14	0.0523906	0.00141608	0.0144574	0.0439876	0.00326442	0.00251563	0.0123064	0.0346321	0.244088	0.0595624	0.0463134	0.0391751	0.00809205	0.0806414	0.139847	0.0321295	0.141982	0.0376733	0.00263705	0.00288803
15	0.0209584	0.000499882	0.00825262	0.00415246	0.0800663	0.0054302	0.00854386	0.0078127	0.00548176	0.0263976	0.00971431	0.00814102	0.00370971	0.0123741	0.0127452	0.0162765	0.0174163	0.00797586	0.655983	0.088068
16	0.0382877	0.000887156	0.152755	0.0629284	0.00610862	0.0397918	0.032486	0.0151616	0.084083	0.0211448	0.0148649	0.120588	0.0472884	0.0523534	0.100645	0.133558	0.0527836	0.0147737	0.00325122	0.00625995
17	0.0110945	0.00248006	0.000825558	0.000748707	0.0119556	0.000687597	0.000632983	0.394066	0.000958008	0.0498411	0.0172151	0.00100034	0.00252233	0.000764108	0.00271901	0.00801211	0.017583	0.476156	0.000226179	0.000512006
18	0.0176235	0.00074256	0.00476982	0.00606276	0.00413186	0.00770176	0.00394848	0.173511	0.0620044	0.220181	0.13913	0.02735	0.0407976	0.0459723	0.0378973	0.0310109	0.0457481	0.115458	0.000999314	0.0149588
19	0.0768347	0.000362843	0.0259828	0.046176	0.00148306	0.0638238	0.00487024	0.00685427	0.0238423	0.0275529	0.0045062	0.0328042	0.0445561	0.0435689	0.0240561	0.441298	0.115047	0.0129539	0.0011764	0.00225102
20	0.0707173	0.00203575	0.0272821	0.0154992	0.0132105	0.0163606	0.0104896	0.0610058	0.0223646	0.0804642	0.0195292	0.08536	0.0711186	0.0228925	0.0711455	0.150801	0.081411	0.0296009	0.138542	0.0101699
21	0.105206	0.00046228	0.0356461	0.0501202	0.0202387	0.0160971	0.0128981	0.0492693	0.0262274	0.0170001	0.005099	0.0730235	0.00398354	0.0137889	0.029308	0.167923	0.277444	0.0680843	0.00104481	0.0271353
22	0.31606	0.00859684	0.00713862	0.00844276	0.0247006	0.022738	0.00520645	0.079365	0.00613538	0.102132	0.0246196	0.00604134	0.00751502	0.0107252	0.00652177	0.0475395	0.0382154	0.270866	0.00295935	0.00448101
23	0.0696582	0.006816	0.0090522	0.0350415	0.0101549	0.00331191	0.0103365	0.0657478	0.118923	0.0626235	0.0861278	0.0243957	0.00547048	0.0630891	0.0876193	0.0445798	0.203411	0.0894705	0.0017778	0.00239299
24	0.140004	0.0021658	0.00748851	0.0103853	0.0129314	0.0165959	0.00696293	0.117427	0.0111851	0.0738041	0.018526	0.0098558	0.00451312	0.0124688	0.0135462	0.0405439	0.0817502	0.412043	0.00237831	0.00542473
25	0.0565015	0.000402681	0.0147292	0.0159588	0.00328767	0.0428345	0.00233797	0.00660278	0.0315658	0.00772293	0.00240862	0.0559157	0.00728609	0.00473804	0.00631591	0.37331	0.352814	0.0107272	0.00141724	0.00312355
26	0.00320723	0.00432865	0.00275648	0.00111677	0.0192961	0.00109616	0.0030129	0.489194	0.00245662	0.241829	0.0744399	0.00648355	0.000766203	0.00134103	0.00332537	0.00693865	0.0127557	0.123365	0.000332335	0.00195726
27	0.0272562	0.00977222	0.0135743	0.0546804	0.192786	0.0100749	0.0703319	0.0588237	0.0122892	0.0680441	0.0220306	0.0693462	0.00221881	0.0392032	0.0197585	0.0902448	0.0414527	0.0238425	0.00289159	0.171378
28	0.0208801	0.000776192	0.058682	0.0135587	0.0200971	0.0102887	0.0167708	0.00824696	0.0244262	0.0186034	0.00820471	0.532236	0.00573849	0.0166642	0.00788351	0.133889	0.0218984	0.0095626	0.00131195	0.0702815
29	0.00271072	0.000361395	0.0190408	0.00209431	0.156955	0.0207685	0.0870514	0.00274588	0.0154841	0.0447243	0.0112982	0.0345588	0.010771	0.0164099	0.00298545	0.0578586	0.00336041	0.00656436	0.00754963	0.496707
30	0.025761	0.00412505	0.00796719	0.055924	0.179185	0.0128804	0.0622456	0.059378	0.0149616	0.0980879	0.0371111	0.0482217	0.00325085	0.062173	0.0297537	0.0623873	0.0439763	0.0444799	0.00535273	0.142778
31	0.0611007	0.0020489	0.0181039	0.0391366	0.00434843	0.00234371	0.011411	0.0329112	0.159503	0.0863744	0.107227	0.0273655	0.0176741	0.15343	0.086388	0.0324411	0.124937	0.0287656	0.00115674	0.00333338
32	0.0045641	0.000480066	0.00259609	0.00316185	0.514234	0.00785215	0.0202853	0.0197709	0.00460495	0.0893241	0.00515389	0.00350805	0.00196388	0.00343371	0.025885	0.0358527	0.0174056	0.0318523	0.00771674	0.200355
33	0.0537801	0.00165034	0.0422612	0.0363308	0.00917715	0.228801	0.0278896	0.0157717	0.0546692	0.0296466	0.0157674	0.0529932	0.0233657	0.0449965	0.135835	0.145355	0.0483123	0.020789	0.00379421	0.00881447
34	0.0100847	0.00109019	0.0119193	0.00531881	0.00641728	0.00590524	0.587872	0.00772808	0.00850532	0.00931072	0.00586333	0.0733865	0.00409412	0.128846	0.035499	0.0458942	0.0354097	0.0112	0.00166319	0.00399189
35	0.0111163	0.00300174	0.0014721	0.00126443	0.0201237	0.00105324	0.00203841	0.414133	0.00222183	0.120114	0.0342322	0.00368657	0.00194539	0.00148751	0.00374191	0.00807399	0.0155856	0.35193	0.00051997	0.00225816
36	0.0564878	0.000845643	0.100586	0.155946	0.00349262	0.0547219	0.00915601	0.0425532	0.0423219	0.0443247	0.0310855	0.0179765	0.108583	0.0869416	0.026314	0.138662	0.0615562	0.0123784	0.00167249	0.00439334
37	0.0292523	0.000329213	0.00533794	0.00491709	0.00146121	0.00737246	0.0130601	0.00192096	0.0151786	0.0204513	0.00191011	0.00956326	0.832169	0.0121896	0.00517322	0.0269203	0.00743904	0.0033213	0.000625267	0.00140755
38	0.0442407	0.000650913	0.0206388	0.019024	0.00322267	0.667572	0.0122625	0.00588151	0.0131295	0.00955043	0.00302938	0.0307183	0.00177	0.0188542	0.0170991	0.0865012	0.02901	0.0145305	0.000731097	0.00158288
39	0.0130144	0.000439056	0.00886204	0.00288751	0.0485572	0.00313938	0.00455475	0.00403329	0.00378584	0.0139953	0.00596646	0.00757263	0.00252186	0.0116845	0.00893163	0.011666	0.0142685	0.0040816	0.765159	0.0648791
40	0.0371696	0.00152294	0.0150156	0.0263284	0.00326375	0.00919979	0.0305157	0.0616361	0.150487	0.0467896	0.0379022	0.0724015	0.00601286	0.123726	0.113882	0.120233	0.120914	0.0180748	0.00197726	0.00294771
41	0.00596556	0.000156001	0.000940635	0.000909003	0.0581456	0.0040637	0.00407139	0.0531792	0.00141924	0.698549	0.0832136	0.00207334	0.00158066	0.00104462	0.00777718	0.00429286	0.00687598	0.0592208	0.000278992	0.00624287
42	0.0416066	0.000297512	0.0190689	0.0159932	0.00287804	0.664148	0.00739209	0.00442276	0.00889668	0.00711001	0.00194232	0.0324007	0.00126525	0.0201908	0.0182872	0.117509	0.026687	0.00819499	0.000519889	0.00118887
43	0.0132566	0.000458258	0.00864213	0.0029863	0.049585	0.00286232	0.00321336	0.00421454	0.00378464	0.013884	0.0059347	0.00691724	0.0023404	0.0117273	0.00952469	0.0109246	0.01452	0.00442546	0.772616	0.0581826
44	0.120486	0.000524187	0.0372907	0.0478077	0.0125422	0.00885484	0.0125593	0.0626195	0.0290301	0.0223652	0.0048324	0.0496885	0.00364233	0.0182277	0.0237445	0.173008	0.281626	0.0803461	0.000501226	0.010304
45	0.0133422	0.000470706	0.00862312	0.00292086	0.0523986	0.00296053	0.00325065	0.00458194	0.00358991	0.0151599	0.00622374	0.00681645	0.00234509	0.0112612	0.00924102	0.0110724	0.0144621	0.00503493	0.767786	0.0584587
46	0.136775	0.00152665	0.0138147	0.0687127	0.00419941	0.0128906	0.00838823	0.0144958	0.0412206	0.070749	0.0793014	0.0110612	0.0802549	0.149495	0.0191442	0.123479	0.0917645	0.0475869	0.00178783	0.0233513
47	0.025419	0.000247435	0.126938	0.0766154	0.000905082	0.0587431	0.0454783	0.0113038	0.153418	0.00582803	0.0081958	0.187648	0.00333667	0.072572	0.0992414	0.0785236	0.0376757	0.00621893	0.000458605	0.00123389
48	0.0257418	0.000243077	0.121262	0.0750864	0.000874133	0.0561425	0.0456294	0.0109368	0.161374	0.00569839	0.0082128	0.186016	0.00312449	0.073622	0.10592	0.0749478	0.038118	0.00561447	0.00037902	0.00105722
49	0.0359741	0.000701533	0.086244	0.176431	0.00468342	0.0241966	0.0284845	0.0133758	0.0778982	0.0258486	0.0105283	0.0537867	0.0281323	0.184118	0.0927299	0.0582323	0.0664469	0.0193072	0.00271838	0.0101623
50	0.0141427	0.00238378	0.000830168	0.000768302	0.0123736	0.000822464	0.000744001	0.384809	0.000984004	0.0535967	0.0187411	0.00102921	0.0024727	0.000864553	0.00284292	0.00821454	0.0178433	0.475794	0.000206415	0.000536905
51	0.0265442	0.00400679	0.0428169	0.0157019	0.0253265	0.0102493	0.011788	0.323029	0.0194798	0.186309	0.0542139	0.0261891	0.0124817	0.0195258	0.020299	0.0377597	0.0450368	0.103988	0.00476956	0.0104853
52	0.0338368	0.00193213	0.0174049	0.0139038	0.0322499	0.0158645	0.014463	0.0241797	0.0247627	0.0403027	0.057375	0.0735956	0.0159543	0.0242444	0.0282591	0.0915001	0.0422667	0.0320687	0.381676	0.0341602
53	0.0507233	0.00064269	0.0523632	0.0437323	0.0039801	0.116188	0.00381954	0.00444693	0.0416777	0.00971878	0.00677781	0.1504	0.00883065	0.00835655	0.00992334	0.297481	0.159609	0.00701215	0.0110293	0.0132876
54	0.0785575	0.00175025	0.00709519	0.00969421	0.00651515	0.0109568	0.00925869	0.170125	0.0389112	0.0394004	0.187563	0.0169255	0.00551015	0.0162925	0.0222149	0.0251757	0.10855	0.237806	0.0027104	0.00498831
55	0.0498976	0.000617856	0.0167044	0.020108	0.00165068	0.00234725	0.00233323	0.0664397	0.0947374	0.0549124	0.0509598	0.0645104	0.00170241	0.0608776	0.0382732	0.0492365	0.0709185	0.32912	0.0150703	0.00958273
56	0.0479534	0.000520545	0.0187236	0.0161827	0.00298904	0.669995	0.00990577	0.00547774	0.0119699	0.00866621	0.00276196	0.0301214	0.00242218	0.0179393	0.0173683	0.091898	0.0285409	0.0138722	0.000727384	0.00196396
57	0.728571	0.0176189	0.00833026	0.00898821	0.00130566	0.0607333	0.00170467	0.00456815	0.00374951	0.0110231	0.00177324	0.00262267	0.00279429	0.00283489	0.0027502	0.069786	0.020233	0.0486804	0.000678202	0.00125386
58	0.0235891	0.00298019	0.0101013	0.0836439	0.147395	0.0123604	0.0595166	0.0599813	0.0175014	0.116266	0.0351256	0.0357675	0.00673499	0.093836	0.0442404	0.0512046	0.0406166	0.0432009	0.00595624	0.109982
59	0.59867	0.00140353	0.00386176	0.0042858	0.00267121	0.00540091	0.00357846	0.00459152	0.011802	0.00618324	0.00349157	0.00474587	0.0230299	0.00425371	0.00494912	0.0246741	0.259235	0.0295027	0.00134078	0.00232832
60	0.041558	0.0022257	0.012043	0.0142678	0.0124226	0.0366205	0.0374287	0.201795	0.026605	0.0300072	0.0624471	0.0422636	0.00815404	0.0162665	0.0510877	0.0385901	0.196949	0.155549	0.00467488	0.00904431
61	0.0409365	0.000438659	0.282104	0.273714	0.00588934	0.0425824	0.0409715	0.0107575	0.0401575	0.00755698	0.0123393	0.0816243	0.00161457	0.0735994	0.00629074	0.0344409	0.0121282	0.0090701	0.000614392	0.0231695
62	0.0385864	0.000800214	0.0414969	0.0724976	0.00557431	0.0120979	0.0227773	0.0117984	0.0551237	0.0365836	0.00926641	0.0371141	0.0900125	0.247087	0.113196	0.119593	0.0617272	0.0153432	0.00403988	0.00528439
63	0.0411631	0.000486681	0.0204128	0.0188204	0.00302689	0.652685	0.00877232	0.0053954	0.0118045	0.00949745	0.00374925	0.0331145	0.00277633	0.019458	0.0178936	0.106131	0.0301824	0.0118769	0.00106028	0.00169258
64	0.0239592	0.000267217	0.243614	0.105472	0.00254141	0.0491509	0.0373701	0.0121983	0.0720905	0.00729969	0.00685799	0.222956	0.001844	0.0515172	0.0421168	0.0710218	0.035402	0.00636309	0.000636945	0.00732067
65	0.0044698	0.930979	0.00390741	0.00107105	0.00429394	0.00483434	0.00479318	0.0040922	0.00538129	0.00172026	0.00110893	0.0013525	0.000737001	0.00130684	0.00899031	0.00542555	0.00216462	0.00868576	0.00393356	0.000752393
66	0.17707	0.000783567	0.0202797	0.02293	0.00782509	0.0229505	0.0182727	0.0427433	0.0195021	0.0138545	0.00654901	0.026932	0.00740271	0.0160778	0.0147965	0.331381	0.190624	0.0487253	0.00147619	0.00982423
67	0.0549136	0.000516843	0.0134328	0.0568917	0.00176417	0.0268312	0.0298239	0.00550452	0.295395	0.0269968	0.0263788	0.0389426	0.00355406	0.100474	0.261067	0.0233634	0.0230119	0.00794343	0.00113055	0.00206482
68	0.0044485	0.000497823	0.00237049	0.00401858	0.494597	0.00848991	0.0219176	0.0226621	0.004631	0.0779678	0.00196681	0.00268598	0.00162511	0.00311258	0.0303068	0.0370521	0.0197067	0.0388988	0.00725942	0.215785
69	0.0444373	0.000440372	0.0253635	0.0663015	0.00200746	0.0431497	0.0515589	0.00339464	0.259817	0.0172903	0.0164612	0.0431037	0.00377685	0.120364	0.243067	0.0326501	0.0198598	0.00411663	0.0008467	0.00199322
70	0.00459288	0.9296	0.00402369	0.00107191	0.00429336	0.00484861	0.00479187	0.00409234	0.00538214	0.00202273	0.00113176	0.00149831	0.000853744	0.00132079	0.00918043	0.00550221	0.00219084	0.00880968	0.0039164	0.000876801
71	0.0538377	0.000650531	0.0201451	0.0596563	0.00205714	0.0128077	0.0264745	0.0159544	0.246216	0.0554759	0.0450951	0.0323456	0.00656741	0.126087	0.182573	0.023953	0.0687572	0.0171855	0.00180012	0.00236103
72	0.00396823	0.000421948	0.00267044	0.00953988	0.00136503	0.00236617	0.025598	0.00197716	0.358664	0.00300852	0.00882026	0.00284942	0.0151387	0.0326387	0.468376	0.020086	0.0105495	0.0230002	0.000668722	0.00829278
73	0.0201898	0.000213518	0.147128	0.0558104	0.000742126	0.0457711	0.0359021	0.0186171	0.0954969	0.00630997	0.00699758	0.282083	0.000959758	0.051941	0.0650592	0.0947883	0.0630655	0.00745797	0.000329619	0.0011375
74	0.0332901	0.000515583	0.00810435	0.0113184	0.00177111	0.00799062	0.013891	0.00387768	0.0173792	0.0289934	0.00377928	0.0112071	0.761951	0.0271053	0.011558	0.0372533	0.0124701	0.00514275	0.000915799	0.00148586
75	0.0957011	0.000904851	0.017629	0.0502078	0.0243294	0.00599646	0.00542472	0.0778785	0.0236497	0.0334939	0.0109785	0.0334593	0.00423636	0.0293542	0.0357215	0.115616	0.297714	0.129152	0.000712619	0.0078396
76	0.0110521	0.00246961	0.000860838	0.000744518	0.0124661	0.00069492	0.000661045	0.397002	0.000979552	0.0555677	0.0195484	0.00111467	0.00246138	0.00074466	0.00282404	0.00799065	0.0174658	0.464589	0.000209702	0.000553063
77	0.0156524	0.00244723	0.00103537	0.00102501	0.0132799	0.000978798	0.00126417	0.388154	0.00201448	0.0889293	0.0293407	0.00211258	0.00256133	0.00149753	0.00474307	0.00986914	0.0175226	0.416271	0.000252596	0.00104966
78	0.0384861	0.00102408	0.242104	0.151257	0.00563145	0.0403723	0.0383444	0.0149039	0.0567184	0.0204874	0.0140103	0.113073	0.0138874	0.0903909	0.034675	0.0614661	0.0332974	0.0145105	0.00156724	0.0137926
79	0.00753297	0.000633434	0.00107907	0.00115423	0.0767528	0.00361491	0.00383425	0.0474467	0.00146409	0.672327	0.0882522	0.00281259	0.00236424	0.00108986	0.00983021	0.00501336	0.00759477	0.0567605	0.00126652	0.00917615
80	0.049753	0.00199083	0.0133979	0.0235778	0.0103308	0.0347859	0.00932126	0.0424167	0.0275894	0.275545	0.0873543	0.0186858	0.109583	0.0534016	0.0257792	0.083514	0.0357904	0.0863214	0.00249893	0.0083619
81	0.0319134	0.000455127	0.00451071	0.00672495	0.00259021	0.00747594	0.0123917	0.00707831	0.0222194	0.0615033	0.0116248	0.0105931	0.747261	0.0140605	0.00870905	0.0263021	0.008514	0.012979	0.000804663	0.00228859
82	0.0317076	0.000728386	0.115847	0.102639	0.00532458	0.289399	0.02182	0.0121577	0.0386489	0.0426568	0.0106848	0.0519661	0.01852	0.0388884	0.045685	0.118108	0.0348192	0.0130938	0.0022199	0.00508517
83	0.594105	0.00510029	0.00521513	0.00512748	0.00272167	0.0144327	0.00340128	0.00639172	0.0173647	0.00788085	0.00356333	0.00452614	0.022195	0.00456688	0.00422744	0.0588343	0.171124	0.065194	0.00113608	0.00289229
84	0.121465	0.000501374	0.030967	0.0250418	0.00656471	0.0314379	0.0082464	0.0109517	0.0205966	0.0400997	0.00585458	0.0454527	0.405152	0.0248509	0.0373268	0.120192	0.0503845	0.0116633	0.000994033	0.00225623
85	0.0340743	0.00403506	0.00685046	0.0418105	0.19358	0.0169581	0.0566633	0.057594	0.0195253	0.08393	0.0387501	0.0489941	0.00222495	0.0447138	0.0321625	0.0727038	0.0527182	0.036306	0.00808499	0.148321
86	0.0222476	0.000206904	0.142221	0.0490255	0.00104888	0.0450423	0.0319995	0.0182187	0.0907366	0.00704408	0.0079643	0.303894	0.00159542	0.0451331	0.0552033	0.102742	0.0648831	0.00772223	0.000561363	0.00250899
87	0.0521238	0.00128676	0.0401902	0.0164426	0.00724695	0.00531603	0.020911	0.0159177	0.117079	0.0772016	0.173669	0.0445124	0.00692576	0.204498	0.0740635	0.0301438	0.082769	0.0259191	0.00111584	0.00266786
88	0.0140061	0.000379882	0.00565588	0.0218593	0.00167346	0.00915485	0.0280938	0.00211055	0.343095	0.00720515	0.010613	0.00978032	0.0127099	0.0625238	0.412832	0.0209567	0.0116301	0.0180932	0.000814003	0.00681335
89	0.0463508	0.000648668	0.0251164	0.0151789	0.0785003	0.00631598	0.00590144	0.152549	0.0123217	0.0361069	0.00653588	0.0124009	0.00473934	0.0106653	0.0326855	0.0941842	0.198899	0.22085	0.00226383	0.037786
90	0.0759361	0.000489636	0.0230608	0.0251552	0.00152138	0.080596	0.00248406	0.00211772	0.0206397	0.0159468	0.00149729	0.0290028	0.0277893	0.017196	0.0128951	0.509471	0.143234	0.00800508	0.00124149	0.00172099
91	0.0234184	0.00032062	0.144028	0.0572458	0.0018583	0.037936	0.0401236	0.0134679	0.0795526	0.00932775	0.0175066	0.326468	0.00445564	0.0427124	0.042073	0.103786	0.0400454	0.00841213	0.000692717	0.00656927
92	0.0044698	0.930979	0.00390741	0.00107105	0.00429394	0.00483434	0.00479318	0.0040922	0.00538129	0.00172026	0.00110893	0.0013525	0.000737001	0.00130684	0.00899031	0.00542555	0.00216462	0.00868576	0.00393356	0.000752393
93	0.00456176	0.929011	0.00391331	0.00118474	0.00440268	0.00482013	0.00478092	0.00420908	0.00541339	0.00176869	0.00121265	0.00138444	0.000767614	0.00137896	0.00901743	0.00559147	0.00259146	0.00884344	0.00430044	0.000846776
94	0.00397402	0.000485517	0.00235922	0.00888694	0.00147593	0.00243405	0.025104	0.00235862	0.340475	0.00325716	0.00856665	0.00315357	0.0136219	0.0287699	0.493099	0.0215969	0.010653	0.0215141	0.000703188	0.00751121
95	0.0787611	0.000419969	0.0231542	0.0128121	0.00277602	0.61782	0.00521892	0.008676	0.00811398	0.00692596	0.00238421	0.0480999	0.00207217	0.0158716	0.020603	0.106116	0.0290378	0.00848051	0.00079142	0.00186461
96	0.0881476	0.0011887	0.0172247	0.0149947	0.0029383	0.630945	0.00819335	0.00667466	0.0101719	0.00839097	0.00283982	0.0303962	0.00474952	0.0159927	0.0152017	0.0944417	0.0301656	0.0149864	0.000555432	0.00180081
97	0.064138	0.0067377	0.0053444	0.0185565	0.0710291	0.00976023	0.00826684	0.106795	0.0111502	0.227561	0.0556814	0.00985502	0.0102848	0.0139194	0.0103724	0.045279	0.0540919	0.252326	0.00791061	0.01094
98	0.00597862	0.000156	0.000965197	0.00090882	0.0577058	0.0040665	0.00407083	0.0537987	0.00145137	0.697907	0.0830838	0.00205707	0.00158287	0.00106278	0.00784269	0.00432213	0.00689677	0.0596454	0.000292572	0.00620479
99	0.065242	0.000226365	0.0213005	0.0218445	0.00140102	0.0759292	0.00178137	0.00186289	0.0204783	0.0159438	0.00120099	0.0290752	0.0253782	0.0147768	0.0126756	0.521219	0.16	0.00707598	0.00103042	0.00155738
100	0.309691	0.000322147	0.00713236	0.00242817	0.00481994	0.00811511	0.0131468	0.0138836	0.0063372	0.00280389	0.00488838	0.00223668	0.0103052	0.015272	0.0022969	0.502527	0.0638399	0.0182145	0.000514049	0.0112254
101	0.0537775	0.00429281	0.00511384	0.0121111	0.173102	0.0112853	0.0117058	0.0515592	0.0082069	0.231015	0.0818403	0.0106833	0.0192475	0.0114417	0.0594476	0.0294626	0.0293577	0.0617421	0.0538449	0.0807627
102	0.195118	0.00122257	0.0216294	0.0199741	0.00376581	0.192356	0.00422187	0.0748226	0.0221615	0.034156	0.0200999	0.027463	0.00333415	0.00535756	0.00690513	0.0856171	0.038789	0.231364	0.00132313	0.0103192
103	0.0495165	0.00181575	0.0389054	0.069836	0.00980696	0.0120989	0.0165069	0.0515099	0.152603	0.0576131	0.0729315	0.0428759	0.0175046	0.125795	0.0827902	0.0470865	0.103321	0.0376472	0.00271061	0.00712572
104	0.0300834	0.000470073	0.265001	0.105064	0.00401153	0.0302625	0.0251943	0.00661692	0.0322131	0.0106249	0.00616954	0.291638	0.00284822	0.0414456	0.0130199	0.0906701	0.0153559	0.00541102	0.000683774	0.0232168
105	0.0515021	0.000246982	0.111013	0.0825265	0.0018144	0.0120701	0.024316	0.00569967	0.0807117	0.0145757	0.00281908	0.0937878	0.169494	0.0693693	0.0883918	0.146066	0.0398764	0.00417744	0.000516984	0.00102466
106	0.0447119	0.000413392	0.0827977	0.0447912	0.0027173	0.0776796	0.0132543	0.0117113	0.104469	0.0142596	0.0160953	0.217963	0.00580677	0.0275888	0.0306559	0.134693	0.153196	0.00810715	0.00339874	0.00568984
107	0.346788	0.000423903	0.00608064	0.00199075	0.00747111	0.00649927	0.0139393	0.0179617	0.00721072	0.00298525	0.00574248	0.00230057	0.00930323	0.0166472	0.0027868	0.457319	0.0533577	0.0235294	0.000500369	0.0171621
108	0.135593	0.000239712	0.00119826	0.00167009	0.0059018	0.00769643	0.00545571	0.143059	0.00190129	0.0814253	0.0152199	0.00155735	0.0010219	0.00539085	0.00562648	0.0173908	0.0351053	0.532224	0.00048013	0.00184317
109	0.426382	0.00425044	0.00647749	0.00301771	0.00448458	0.0184504	0.00998366	0.0129361	0.00568045	0.00420028	0.00414156	0.00221358	0.00774041	0.0123579	0.00230549	0.3944	0.0460517	0.0243594	0.000505913	0.0100614
110	0.324506	0.000367394	0.00802655	0.00261807	0.00501386	0.00583232	0.0112682	0.0213785	0.00580383	0.00387151	0.00825106	0.0029083	0.00721487	0.02579	0.00259839	0.464595	0.0592777	0.0288102	0.00050912	0.0113592
111	0.0115505	0.0011707	0.00508429	0.00576696	0.472075	0.0101689	0.0215328	0.0257031	0.0066991	0.101437	0.0141985	0.0082335	0.00599135	0.00732979	0.0259331	0.0391682	0.021373	0.0366337	0.0102419	0.169709
112	0.0372246	0.00112394	0.109457	0.267337	0.00868235	0.041738	0.0512777	0.0115494	0.0257737	0.01918	0.00757847	0.0320573	0.00793587	0.196808	0.0485546	0.0334016	0.037145	0.0341548	0.00215397	0.0268664
113	0.00320723	0.00432865	0.00275648	0.00111677	0.0192961	0.00109616	0.0030129	0.489194	0.00245662	0.241829	0.0744399	0.00648355	0.000766203	0.00134103	0.00332537	0.00693865	0.0127557	0.123365	0.000332335	0.00195726
114	0.104185	0.000358464	0.0290928	0.0457978	0.0141617	0.0163753	0.00956023	0.0584021	0.0313718	0.0176392	0.00547923	0.0644145	0.0036484	0.0143226	0.0249567	0.169822	0.300834	0.072115	0.000928498	0.0165345
115	0.0949031	0.00073733	0.000913172	0.00140567	0.00698312	0.00488896	0.00381719	0.213354	0.0017081	0.0697768	0.017415	0.00131183	0.00146202	0.00377169	0.00449672	0.0160167	0.0296727	0.525706	0.000354502	0.00130544
116	0.0335123	0.00128054	0.0270082	0.0488001	0.0433346	0.382163	0.0256431	0.0152225	0.0256953	0.0204258	0.0103918	0.0756271	0.00624585	0.0217141	0.0439139	0.0843007	0.0876912	0.018088	0.00375044	0.0251911
117	0.0605781	0.000459127	0.0195799	0.0179069	0.00402023	0.0492507	0.00239841	0.0063791	0.0313343	0.0075597	0.00254488	0.0709215	0.00747345	0.00510125	0.00745916	0.373055	0.313567	0.013195	0.00212472	0.00509095
118	0.0761778	0.000552645	0.0567793	0.0219897	0.00375371	0.0201032	0.00711932	0.0349318	0.0438102	0.0679987	0.0109162	0.156682	0.111751	0.030029	0.077033	0.14709	0.0855153	0.0389224	0.00537618	0.00346861
119	0.0139403	0.000931556	0.0301091	0.0690514	0.0248053	0.027944	0.00830875	0.0324897	0.155617	0.013353	0.0246805	0.00786022	0.0270376	0.0224325	0.261865	0.0935992	0.115414	0.0167287	0.0272462	0.0265872
120	0.0919244	0.000319856	0.0580059	0.073726	0.00385227	0.0385874	0.0102128	0.0253111	0.0377894	0.0409798	0.00839601	0.0530884	0.104318	0.0556965	0.0508568	0.199343	0.122207	0.0204388	0.00165492	0.00329202
121	0.0674263	0.0129905	0.00460847	0.0191906	0.131164	0.0213451	0.00924679	0.0840801	0.00463321	0.239352	0.0778368	0.00673426	0.0329359	0.0133222	0.0075268	0.0359637	0.0479684	0.154071	0.0136512	0.0159523
122	0.0525545	0.00114684	0.0155532	0.0467581	0.00260491	0.00205192	0.0124443	0.0317404	0.252239	0.0572283	0.0405644	0.0398637	0.00890507	0.0840251	0.140709	0.0315354	0.140712	0.0343457	0.00242629	0.0025913
123	0.0632895	0.000687638	0.00268121	0.010034	0.00232258	0.010584	0.00603192	0.0497231	0.035124	0.413034	0.118608	0.00754468	0.0795587	0.0150577	0.0294465	0.0150728	0.0199196	0.117579	0.000818265	0.00288247
124	0.0248226	0.000396089	0.00309292	0.00299095	0.00142039	0.0052531	0.0128561	0.00185768	0.0151999	0.0203918	0.00192418	0.00850728	0.853309	0.0109491	0.00410648	0.022017	0.00511043	0.0029781	0.000975119	0.00184194
125	0.0352794	0.00065745	0.0100183	0.056323	0.00622749	0.00370843	0.00795687	0.0161717	0.195232	0.0654577	0.0184885	0.0357356	0.0111601	0.107158	0.197623	0.034661	0.109868	0.0602299	0.0137905	0.0142535
126	0.0202399	0.000215378	0.145285	0.0551711	0.000709606	0.0457672	0.0361262	0.016931	0.0941324	0.00626416	0.00715003	0.298265	0.00140581	0.0496157	0.0612372	0.094669	0.0577881	0.00735167	0.000300207	0.00137503
127	0.0515201	0.0121001	0.00198585	0.0116245	0.135479	0.00952103	0.0110098	0.115824	0.00217362	0.272326	0.0858205	0.00529174	0.00825149	0.0143994	0.00377284	0.0328393	0.0319545	0.162612	0.015126	0.0163675
128	0.0192896	0.00150475	0.126123	0.0209758	0.0372807	0.055331	0.00796047	0.0122425	0.133868	0.0517295	0.0525982	0.03015	0.0126465	0.0127035	0.0184403	0.204709	0.138434	0.0192551	0.00325738	0.0415004
129	0.0232093	0.000320751	0.00216034	0.00236742	0.000930411	0.00400339	0.0129648	0.00144166	0.0149163	0.0193172	0.00143237	0.0072874	0.869106	0.0104375	0.00262517	0.0197724	0.0035105	0.00231658	0.000520891	0.00136013
130	0.0452079	0.000362816	0.0434461	0.0270558	0.00323832	0.560408	0.0108271	0.00669305	0.0170658	0.00940187	0.00361885	0.0436875	0.00591132	0.0207397	0.0197781	0.128009	0.0399278	0.0107121	0.000901831	0.00300795
131	0.0131832	0.000903638	0.0452047	0.016525	0.122902	0.026037	0.070245	0.00992104	0.0217062	0.0423165	0.0144909	0.0497085	0.0120402	0.020436	0.00903698	0.0847351	0.0205232	0.0112918	0.0059889	0.402804
132	0.0467944	0.000428224	0.00887604	0.0226597	0.00200446	0.0262194	0.00183562	0.00975209	0.0212441	0.00753718	0.00165218	0.0234132	0.00790606	0.00470353	0.0054901	0.347221	0.450901	0.00906325	0.000702237	0.00159532
133	0.00829067	0.867162	0.00374033	0.00192393	0.0125508	0.00496584	0.00521172	0.0114014	0.0053465	0.019653	0.00582584	0.0019868	0.00137004	0.0021027	0.0087424	0.00781205	0.00494676	0.0202699	0.00491506	0.00178221
134	0.0525011	0.000355711	0.0225956	0.0152397	0.00200012	0.506087	0.00339197	0.00434799	0.00976634	0.00847411	0.00193776	0.0295894	0.0072192	0.0201378	0.0155307	0.242424	0.0481256	0.0078693	0.000895044	0.00151099
135	0.108536	0.000321429	0.045446	0.0296308	0.00474904	0.0348855	0.00685816	0.0380258	0.0289211	0.0520224	0.00747478	0.0758248	0.248652	0.0372039	0.0714768	0.114041	0.0662551	0.0247789	0.00321096	0.00168656
136	0.141208	0.000399202	0.0302213	0.0222605	0.0165043	0.0483574	0.00742213	0.0106998	0.0184293	0.0421327	0.0071249	0.02912	0.414061	0.0216592	0.0382941	0.0843727	0.0450256	0.0191863	0.000987327	0.00253467
137	0.0657897	0.00442779	0.0102593	0.0372492	0.0143363	0.0031698	0.0125872	0.0590849	0.142642	0.0607188	0.0678952	0.0286514	0.00527344	0.0602902	0.100067	0.0422719	0.206248	0.0740205	0.00204783	0.00296836
138	0.0483594	0.000565965	0.0198056	0.0229761	0.00161535	0.00228103	0.00220577	0.0635347	0.101548	0.054993	0.044957	0.0661642	0.00156845	0.0576481	0.0383838	0.0491103	0.0663882	0.336283	0.0130245	0.00858807
139	0.118701	0.000903856	0.0121777	0.0124018	0.00558015	0.155872	0.00598826	0.0785863	0.0145211	0.0591418	0.0147143	0.0160944	0.00391497	0.00708658	0.00881181	0.0485176	0.0498076	0.360541	0.00183703	0.0248001
140	0.0616039	0.00034551	0.119213	0.0741961	0.00143248	0.00817269	0.0171843	0.00623732	0.105317	0.0106859	0.00249587	0.0987872	0.129757	0.05322	0.111367	0.141705	0.05084	0.00528726	0.000883877	0.00126754
141	0.130903	0.000282869	0.0358053	0.0245899	0.0100301	0.0420574	0.00754705	0.00860644	0.0180747	0.0361951	0.00508858	0.0322507	0.433886	0.0229673	0.0345713	0.0934862	0.0494711	0.0124714	0.000490607	0.00122578
142	0.025133	0.00158866	0.148957	0.0829538	0.009981	0.11652	0.0120861	0.0175898	0.132497	0.0241675	0.0519984	0.0388143	0.0534573	0.0322353	0.0279922	0.146638	0.0506264	0.0132389	0.00315834	0.0103667
143	0.0144406	0.000888908	0.00959345	0.0156834	0.00477306	0.502669	0.128951	0.00607582	0.0847779	0.0324084	0.00538877	0.0337214	0.00351419	0.036994	0.0356033	0.0271934	0.0396557	0.0113946	0.00191338	0.00435987
144	0.0677123	0.00125285	0.0167746	0.0159098	0.00630551	0.0310879	0.0634284	0.0375233	0.0451022	0.100244	0.0258992	0.0684449	0.0107563	0.135003	0.217028	0.0993808	0.0315523	0.0146733	0.00285761	0.00906298
145	0.0831869	0.00182882	0.0688788	0.0324286	0.00674947	0.0821155	0.07734	0.017652	0.0575091	0.0771117	0.0322839	0.0759578	0.0142199	0.0684243	0.158799	0.0718195	0.0333577	0.0242342	0.0032389	0.0128644
146	0.053136	0.00118929	0.00765829	0.0278714	0.03218	0.0242438	0.0404392	0.0960922	0.125122	0.0146226	0.0123614	0.00905563	0.0205668	0.0284364	0.0986354	0.0607046	0.181081	0.0923505	0.0456771	0.0285763
147	0.0895458	0.00316202	0.0140682	0.0431153	0.0160178	0.00651941	0.00770497	0.0644102	0.0498133	0.0539576	0.0457872	0.028729	0.00454089	0.0373206	0.0658573	0.0771428	0.242827	0.142257	0.00218732	0.0050359
148	0.0262128	0.00055189	0.0148004	0.112822	0.00688312	0.00847067	0.0153354	0.00913791	0.0614114	0.0527341	0.0101805	0.0116211	0.0672228	0.336809	0.111715	0.0591259	0.0525666	0.0251842	0.00639296	0.0108227
149	0.707632	0.0205957	0.00948652	0.00986101	0.00127375	0.0533497	0.00172186	0.0045556	0.00411064	0.0122	0.00172278	0.00246317	0.00324434	0.0032461	0.00258042	0.0801548	0.0228037	0.0571138	0.000613329	0.00127068
150	0.007206	0.000605923	0.000932576	0.00108541	0.0657764	0.00390087	0.00460855	0.0508708	0.00148302	0.687254	0.0844248	0.00261059	0.0020001	0.00115773	0.0078866	0.00474896	0.00723544	0.0581195	0.00041569	0.007677
151	0.0585681	0.00136976	0.0460935	0.0242203	0.00730893	0.0320384	0.0114143	0.0245945	0.0269439	0.0430906	0.0101792	0.0379492	0.0162495	0.0177877	0.0398716	0.309306	0.256211	0.0280789	0.00221344	0.00651075
152	0.015874	0.000740187	0.00795377	0.00423588	0.0687436	0.0039737	0.00419866	0.00963754	0.00438604	0.030403	0.00899681	0.00743609	0.00350289	0.0123444	0.0115151	0.0142815	0.0210696	0.0106029	0.70061	0.0594941
153	0.0287137	0.000456228	0.102909	0.0614766	0.00113124	0.0300243	0.0251845	0.0270159	0.129795	0.0176045	0.0143698	0.188034	0.00642913	0.0912433	0.0774843	0.0813472	0.10384	0.0110487	0.000533701	0.00135916
154	0.0895842	0.000781031	0.000962099	0.00138272	0.0070674	0.00441113	0.00333198	0.218305	0.00160044	0.0714274	0.0169074	0.00112843	0.00139935	0.00346735	0.00427971	0.0174792	0.0298818	0.525035	0.000304798	0.00126305
155	0.0665141	0.000957748	0.0259833	0.0387262	0.0158827	0.00778685	0.00663856	0.105322	0.0278796	0.0315108	0.0077854	0.0287962	0.0116016	0.016132	0.0215	0.13587	0.340106	0.10074	0.0017239	0.00854308
156	0.00499281	0.921105	0.0045504	0.00126929	0.00505026	0.00498416	0.00546474	0.00451226	0.00562501	0.00365403	0.00193039	0.00171447	0.00102174	0.00162574	0.00945519	0.00585537	0.00262705	0.00949387	0.00395129	0.00111739
157	0.0907661	0.00109372	0.0299972	0.0296656	0.0108647	0.0193624	0.00785788	0.07398	0.0252272	0.0396626	0.0242597	0.0516899	0.010791	0.0180187	0.0361179	0.146694	0.299238	0.0770654	0.00116391	0.00648399
158	0.0166497	0.00252937	0.00463621	0.0182398	0.340293	0.0102176	0.0348884	0.044783	0.0086441	0.0995369	0.0192983	0.0178714	0.00302282	0.0176686	0.0284141	0.0461332	0.0378481	0.04571	0.00867039	0.194946
159	0.0574439	0.00288278	0.0256188	0.028372	0.0141981	0.0181574	0.0106933	0.0400459	0.0846342	0.105326	0.0296889	0.0378422	0.0138752	0.0327066	0.0436269	0.166097	0.18259	0.0909981	0.00420382	0.0109985
160	0.0315957	0.00073229	0.0219059	0.109592	0.00659074	0.011719	0.0237665	0.0099697	0.041299	0.057688	0.00737423	0.0142612	0.0910675	0.32978	0.0931166	0.0803624	0.0406028	0.0158898	0.00435083	0.00833589
161	0.0338904	0.00414549	0.00640293	0.0420287	0.192415	0.015505	0.0568572	0.061207	0.0174819	0.089921	0.0412372	0.0475477	0.0022975	0.0479247	0.0323705	0.0699238	0.0535891	0.0378835	0.00771601	0.139655
162	0.0404173	0.000672598	0.00381171	0.00589143	0.0135047	0.0180304	0.0150659	0.0497258	0.0284897	0.457418	0.101377	0.0129752	0.0357011	0.00999906	0.0632426	0.0169881	0.0183765	0.102932	0.00102948	0.00435133
163	0.289101	0.00366986	0.0774268	0.0499513	0.00189303	0.00964075	0.0187231	0.0186129	0.017496	0.0419527	0.00253791	0.0328213	0.0027564	0.0232346	0.00899454	0.275401	0.069743	0.0535647	0.000688128	0.00179114
164	0.0822215	0.000857229	0.0179255	0.00714409	0.00402984	0.0589325	0.085413	0.0183416	0.047374	0.0602697	0.0398517	0.0824123	0.00506351	0.106584	0.181058	0.144702	0.0317272	0.0149331	0.00139141	0.00976752
165	0.00446974	0.930205	0.00393666	0.00109391	0.00428563	0.00485959	0.00478294	0.00409764	0.00538034	0.0017216	0.00110905	0.00145479	0.00075531	0.00149583	0.00921771	0.00545847	0.00216828	0.0087942	0.00396034	0.000752538
166	0.0044698	0.930979	0.00390741	0.00107105	0.00429394	0.00483434	0.00479318	0.0040922	0.00538129	0.00172026	0.00110893	0.0013525	0.000737001	0.00130684	0.00899031	0.00542555	0.00216462	0.00868576	0.00393356	0.000752393
167	0.0445583	0.00591869	0.0092288	0.0126589	0.104282	0.0146625	0.0160323	0.0822564	0.0166941	0.22727	0.0541296	0.0191896	0.00994478	0.018681	0.0159295	0.0635427	0.0406273	0.178096	0.00746654	0.0588322
168	0.224354	0.000593216	0.049286	0.0293752	0.00363591	0.0154169	0.0153062	0.0197878	0.0232292	0.0210645	0.00411633	0.0256028	0.00728472	0.0184554	0.00923048	0.388724	0.0998211	0.0382057	0.000698768	0.00581168
169	0.00996954	0.00152999	0.00121766	0.00174414	0.100518	0.00344914	0.00370748	0.0424189	0.00157216	0.640152	0.09184	0.0041534	0.00335892	0.00141481	0.00975003	0.005988	0.00851437	0.0541293	0.00176551	0.0128064
170	0.080508	0.000570274	0.0187014	0.0197113	0.00255536	0.0678017	0.00311306	0.00653703	0.0218208	0.0137635	0.00260132	0.0332659	0.0185335	0.0116564	0.0111368	0.467177	0.205308	0.0114993	0.00109959	0.00263937
171	0.306275	0.000325484	0.0137179	0.004667	0.00419302	0.00680929	0.0119789	0.0156499	0.00677977	0.00494605	0.00560166	0.00428586	0.00807239	0.0206804	0.00269657	0.478392	0.0727378	0.0218472	0.000676633	0.00966688
172	0.00750783	0.00111183	0.00345709	0.00630712	0.478653	0.00756966	0.0219943	0.0224936	0.00520871	0.104095	0.0095086	0.0083514	0.00284371	0.00694271	0.0249376	0.0414764	0.0197207	0.032624	0.00809228	0.187105
173	0.00526224	0.000825125	0.0282906	0.00667989	0.142234	0.0219745	0.101321	0.00497041	0.0159348	0.040898	0.0111655	0.0424004	0.0112246	0.0194555	0.00584301	0.0648081	0.00747295	0.00699425	0.00646599	0.455779
174	0.0192207	0.000354916	0.0704936	0.00536712	0.0021428	0.00533079	0.0035941	0.00426553	0.0219123	0.0120853	0.00485709	0.631835	0.00383294	0.0133139	0.00309134	0.160397	0.00876815	0.00345869	0.000576002	0.0251022
175	0.0340341	0.000301724	0.136448	0.0983442	0.00120703	0.00748579	0.0263957	0.00305892	0.102874	0.0040363	0.00212256	0.115025	0.103074	0.0734082	0.095331	0.155192	0.0370199	0.00282168	0.000589939	0.00123055
176	0.0645748	0.000815377	0.0836275	0.0470344	0.00413837	0.0256445	0.0170796	0.0347966	0.140369	0.022511	0.0264562	0.126253	0.00653207	0.0392514	0.0473271	0.104307	0.16777	0.0350376	0.00116968	0.00530434
177	0.0206621	0.0022297	0.000824636	0.000839655	0.0110715	0.00120618	0.00101752	0.370316	0.00105218	0.0540091	0.0171922	0.00106693	0.00291941	0.00107162	0.00291604	0.00922326	0.0206183	0.480954	0.000225718	0.000583678
178	0.0681524	0.000807596	0.00556735	0.00510206	0.0168558	0.00584839	0.00477899	0.234659	0.00585967	0.0524174	0.0163807	0.00555981	0.0026491	0.00477591	0.00978051	0.0364957	0.0874735	0.428527	0.00073483	0.00757424
179	0.0260448	0.00105861	0.091613	0.0272939	0.00427271	0.0831682	0.0371705	0.00554011	0.0108384	0.0134777	0.00521704	0.05071	0.357092	0.0116222	0.0123977	0.1995	0.0494945	0.00814545	0.00180308	0.0035403
180	0.0044698	0.930979	0.00390741	0.00107105	0.00429394	0.00483434	0.00479318	0.0040922	0.00538129	0.00172026	0.00110893	0.0013525	0.000737001	0.00130684	0.00899031	0.00542555	0.00216462	0.00868576	0.00393356	0.000752393
181	0.102277	0.000203839	0.0425887	0.0407555	0.00542533	0.0294663	0.010618	0.0128292	0.0286811	0.0369767	0.00445526	0.0442385	0.390141	0.0379855	0.0542215	0.100366	0.0474729	0.0098357	0.000619669	0.000842446
182	0.0549149	0.00104461	0.0207539	0.0444892	0.00296595	0.00308923	0.00985662	0.0260466	0.228232	0.051649	0.0299924	0.047925	0.0189875	0.0823523	0.119655	0.037501	0.190393	0.0257357	0.00181908	0.00259646
183	0.0473359	0.733245	0.0225445	0.00734698	0.00779471	0.00961831	0.00785239	0.0224754	0.00938882	0.0129421	0.00626584	0.0084531	0.00425088	0.00679506	0.0118309	0.0380699	0.0179563	0.0186798	0.00420909	0.00294519
184	0.30732	0.000352295	0.00715328	0.0022128	0.00465053	0.00716175	0.0125372	0.0139976	0.00585676	0.00258159	0.00508401	0.00210332	0.00917759	0.0160131	0.00212297	0.507681	0.0646018	0.0181392	0.000539585	0.010713
185	0.0044698	0.930979	0.00390741	0.00107105	0.00429394	0.00483434	0.00479318	0.0040922	0.00538129	0.00172026	0.00110893	0.0013525	0.000737001	0.00130684	0.00899031	0.00542555	0.00216462	0.00868576	0.00393356	0.000752393
186	0.0530299	0.000720327	0.00257712	0.0123525	0.00376414	0.00963903	0.00534914	0.0698951	0.0372227	0.379129	0.124353	0.00872839	0.0744845	0.0213905	0.0270949	0.0165175	0.0214615	0.12733	0.000844946	0.00411562
187	0.0205857	0.00408105	0.00114598	0.00412866	0.0830448	0.00533813	0.0060745	0.116392	0.00195939	0.500365	0.0818783	0.00325521	0.00319151	0.00529192	0.00630698	0.013391	0.0152206	0.114595	0.00473562	0.00901921
188	0.0148826	0.000683215	0.01262	0.106646	0.0186993	0.00779283	0.00925644	0.00726211	0.109146	0.0458097	0.00701768	0.0121734	0.0389509	0.218272	0.225748	0.0331238	0.0568355	0.0250138	0.021938	0.0281292
189	0.0044698	0.930979	0.00390741	0.00107105	0.00429394	0.00483434	0.00479318	0.0040922	0.00538129	0.00172026	0.00110893	0.0013525	0.000737001	0.00130684	0.00899031	0.00542555	0.00216462	0.00868576	0.00393356	0.000752393
190	0.0594959	0.000227155	0.017146	0.0194118	0.00148177	0.0645862	0.00170714	0.00278685	0.0203202	0.0137084	0.00127145	0.0271974	0.021553	0.0114227	0.0104323	0.497791	0.220644	0.00682449	0.000778602	0.00121414
191	0.0343215	0.000288781	0.134868	0.0931186	0.00104391	0.00805997	0.0266383	0.00300896	0.107047	0.00407544	0.00201873	0.116346	0.101167	0.0749612	0.098114	0.150941	0.039457	0.00285197	0.000465414	0.00120754
