250	20
1	0.1449	0.000857009	0.134734	0.113529	0.000822917	0.094656	0.0235765	0.00136011	0.101306	0.00808799	0.00111664	0.0614994	0.0280939	0.0871014	0.0941959	0.0453056	0.0434132	0.00325037	0.000594295	0.0116002
2	0.0102277	0.00149821	0.0461955	0.0605923	0.00599834	0.724087	0.0131685	0.00370174	0.00866611	0.00833343	0.00502223	0.0457258	0.0022538	0.0228214	0.00829557	0.0228279	0.00333276	0.00220486	0.000372701	0.00467469
3	0.106973	0.00379699	0.0634312	0.0117719	0.003769	0.0943693	0.0072097	0.00661828	0.153811	0.0215977	0.00455639	0.117072	0.00492545	0.0308935	0.227091	0.0564366	0.0108732	0.00985149	0.0163338	0.0486185
4	0.0389967	0.00257664	0.00205758	0.00190265	0.0562308	0.00149323	0.00230696	0.16849	0.00185008	0.413592	0.124175	0.00344158	0.00397756	0.00402317	0.00148292	0.00553083	0.0260019	0.116425	0.00790047	0.0175444
5	0.129102	0.00868415	0.00192412	0.00238862	0.00856047	0.0139669	0.00296644	0.120091	0.00359433	0.24143	0.0319076	0.0072122	0.00540154	0.00573415	0.0036928	0.00860155	0.0178259	0.370943	0.00264874	0.0133245
6	0.0850638	0.0761081	0.00637249	0.00538854	0.0332126	0.00604727	0.0164254	0.222873	0.00352202	0.122617	0.00711412	0.0249832	0.00229708	0.00478019	0.00413089	0.123273	0.123642	0.114979	0.00108203	0.0160882
7	0.0630398	0.00261136	0.00253901	0.0024968	0.00242748	0.0255241	0.0028679	0.00396678	0.00276822	0.0135265	0.00365527	0.00673245	0.762389	0.00348755	0.00440792	0.0713588	0.0139929	0.00634493	0.00110617	0.00475726
8	0.300475	0.00547037	0.00574833	0.0217254	0.00305792	0.278376	0.0317231	0.00401933	0.0101647	0.0156419	0.00821941	0.0224058	0.0832	0.0219463	0.00523674	0.119181	0.0383925	0.0176013	0.001104	0.00631097
9	0.0691309	0.0281719	0.00296949	0.00286404	0.156183	0.0280961	0.0232014	0.00623942	0.0254755	0.0861299	0.0720295	0.00447608	0.00803725	0.0259081	0.0178044	0.00578665	0.0398313	0.0362677	0.0905592	0.270838
10	0.0332622	0.0315965	0.00112237	0.00109507	0.0196711	0.00134456	0.00111548	0.171629	0.00112652	0.0308331	0.0169546	0.00366884	0.00371251	0.00138702	0.00128691	0.0081379	0.059412	0.611402	0.000343595	0.000898223
11	0.0399439	0.00249865	0.485849	0.226137	0.00278531	0.0182746	0.020804	0.00593459	0.0123397	0.00659337	0.00739113	0.060381	0.011471	0.019407	0.0107317	0.0112479	0.046787	0.00716167	0.000769818	0.00349143
12	0.222803	0.0530096	0.00358351	0.00374081	0.00328264	0.00931329	0.00420396	0.0131107	0.00492299	0.00788056	0.0421503	0.00908446	0.140091	0.00509072	0.00534645	0.279038	0.130619	0.0425367	0.00144485	0.0187476
13	0.0214411	0.0061119	0.0177522	0.00781122	0.0102402	0.0290177	0.715924	0.00638366	0.00836705	0.0126339	0.00662774	0.0290609	0.00372546	0.0389586	0.0311453	0.0244101	0.0125121	0.00859112	0.00179903	0.00748637
14	0.0650782	0.00134983	0.00078462	0.000966668	0.0349149	0.00199718	0.00157817	0.242767	0.00274394	0.322623	0.0707765	0.00471634	0.00381364	0.00514018	0.00342539	0.0112773	0.0404428	0.166594	0.00523276	0.0137773
15	0.0226406	0.00596123	0.017753	0.0072153	0.0105001	0.0334369	0.716713	0.00606545	0.00746193	0.012387	0.00716807	0.0286952	0.00379822	0.0401856	0.0293098	0.0228662	0.0111972	0.00844443	0.00219904	0.00600144
16	0.0358057	0.00492109	0.00215063	0.00149356	0.034992	0.00204296	0.00289258	0.16363	0.00343084	0.479113	0.0980837	0.00341735	0.0189087	0.00729841	0.00200773	0.00509442	0.018625	0.102807	0.00458109	0.00870377
17	0.0360426	0.00202791	0.570954	0.131913	0.00235276	0.0483343	0.0256192	0.00458279	0.0214564	0.00605316	0.00805994	0.0384021	0.00806232	0.0195687	0.0236394	0.0129214	0.0300521	0.00562449	0.000814313	0.00351952
18	0.250542	0.00991352	0.0110448	0.0114427	0.00788018	0.0171062	0.0195532	0.0310543	0.159238	0.0130128	0.0104433	0.0164047	0.00835076	0.0123299	0.0536634	0.254527	0.0575073	0.0134558	0.00226396	0.0402663
19	0.393966	0.0111364	0.00415282	0.00454772	0.00515006	0.0343843	0.005054	0.0194981	0.00489282	0.0247859	0.00914937	0.0111287	0.00420611	0.00668131	0.00747862	0.0741536	0.152514	0.205129	0.00131576	0.0206753
20	0.00953464	0.0221706	0.0095216	0.0057023	0.207378	0.0014303	0.0141956	0.0783861	0.00157055	0.31507	0.198586	0.00555066	0.00361482	0.0219983	0.00171856	0.00291395	0.00880346	0.0401802	0.00895377	0.0427207
21	0.0522355	0.0149983	0.0107229	0.00569483	0.0238584	0.00941695	0.0118704	0.142761	0.00585986	0.0793665	0.0380705	0.0241532	0.00343951	0.00703813	0.00824221	0.211088	0.312018	0.0240726	0.00203283	0.0130598
22	0.0381597	0.00698023	0.0667299	0.0313951	0.0152644	0.00640604	0.0341133	0.0155955	0.0102839	0.0352187	0.00579979	0.139461	0.00308641	0.0119455	0.00642953	0.342775	0.178286	0.0083584	0.00778828	0.0359233
23	0.209946	0.00748072	0.0290127	0.0308174	0.00884735	0.20401	0.0213573	0.0104789	0.0644595	0.0214176	0.0111583	0.0309292	0.0730754	0.0271399	0.0305931	0.11463	0.0351397	0.019068	0.00385494	0.0465836
24	0.0394447	0.00605859	0.0301298	0.0129346	0.0530688	0.00663824	0.0246841	0.0411674	0.00644628	0.0207995	0.00869791	0.0976909	0.00392341	0.0104199	0.00678219	0.241334	0.333435	0.00998067	0.00344868	0.0429156
25	0.0913076	0.00956445	0.00226318	0.00232091	0.021668	0.0101694	0.00337027	0.172783	0.00434539	0.338117	0.0508341	0.00569641	0.00463109	0.00505261	0.00399451	0.00998136	0.0306443	0.220384	0.00449763	0.00837432
26	0.0696883	0.00927304	0.0801178	0.0981557	0.0525204	0.0115175	0.0507309	0.0379851	0.0527053	0.102396	0.0339722	0.0386052	0.0290512	0.100662	0.0487757	0.048101	0.0327778	0.0273117	0.0225764	0.0530767
27	0.0974759	0.00282718	0.149668	0.390773	0.000892152	0.0302612	0.0134877	0.00363214	0.0913847	0.00436122	0.00317199	0.0243705	0.00589471	0.0599954	0.0655895	0.0236365	0.0175364	0.0102852	0.000318419	0.00443879
28	0.326981	0.014503	0.0122006	0.0121572	0.0112211	0.176339	0.022908	0.018045	0.065775	0.120811	0.0143063	0.0224813	0.014732	0.0150249	0.0183039	0.0535419	0.0338965	0.0308961	0.00298185	0.0128946
29	0.0758014	0.00848148	0.0205875	0.0406893	0.0175751	0.00974849	0.0110554	0.117805	0.0560989	0.0843606	0.0673655	0.0573088	0.00674954	0.0200932	0.105683	0.0241709	0.0714917	0.144735	0.0444055	0.0157948
30	0.0464835	0.0435135	0.00600884	0.0063142	0.0631406	0.0052529	0.175181	0.00534746	0.0345197	0.02338	0.0262054	0.150138	0.00319625	0.1797	0.102803	0.044164	0.00924109	0.0183118	0.00171901	0.0553792
31	0.0259612	0.00514018	0.0404327	0.0550279	0.0072009	0.687432	0.0231412	0.00531463	0.010136	0.00993257	0.00553687	0.0455209	0.0031133	0.0228772	0.0113567	0.0272312	0.00509861	0.0038509	0.000844924	0.00485075
32	0.0407887	0.0121424	0.00459413	0.00476571	0.00767867	0.0058007	0.00514951	0.139435	0.00475579	0.0885131	0.00786654	0.0437267	0.00387119	0.00535006	0.00582762	0.0130232	0.216989	0.384097	0.00147879	0.00414565
33	0.0215041	0.00616998	0.00818913	0.00783115	0.00559271	0.194117	0.00883362	0.00943345	0.00763677	0.0891916	0.0386513	0.0849107	0.00533981	0.226611	0.00881992	0.0435888	0.182729	0.0398733	0.00272459	0.00825182
34	0.219987	0.00445223	0.00700996	0.00806723	0.0969758	0.0213828	0.205733	0.0231146	0.021979	0.0615813	0.0064188	0.00805288	0.00354718	0.00711553	0.062511	0.0430902	0.0271235	0.0229233	0.0217942	0.12714
35	0.0124196	0.00764048	0.00063749	0.00063045	0.0285875	0.000849437	0.000806246	0.405316	0.000915997	0.127042	0.0722005	0.00309203	0.00102079	0.00130199	0.000862981	0.00129648	0.00580576	0.325436	0.00307898	0.00105895
36	0.0681357	0.0778698	0.0227662	0.0273397	0.01424	0.161849	0.0370606	0.023283	0.0449673	0.0341244	0.0162507	0.0508617	0.0123396	0.0299699	0.249296	0.0423017	0.0359087	0.0289398	0.00536649	0.0171296
37	0.117571	0.00392538	0.00452232	0.00342921	0.00522782	0.0052129	0.00446088	0.0107252	0.00449658	0.0106219	0.00653408	0.0108385	0.00259425	0.00455568	0.00471781	0.279926	0.4969	0.0177864	0.00138558	0.00456831
38	0.0367576	0.0290538	0.00958555	0.0110361	0.0891354	0.00938143	0.239939	0.00811893	0.0262662	0.0269379	0.0223821	0.132634	0.00422246	0.177919	0.0710444	0.035058	0.0120455	0.0185478	0.00236387	0.0375703
39	0.194905	0.0511093	0.00252152	0.00312729	0.00666459	0.0229138	0.00179575	0.14346	0.00172694	0.0631022	0.0141306	0.00820956	0.0120735	0.00921957	0.00206353	0.0257072	0.0604863	0.374132	0.000456749	0.00219515
40	0.0285666	0.00207942	0.601992	0.100488	0.00181571	0.0128965	0.035574	0.00831074	0.00363258	0.00427407	0.00885748	0.0439066	0.00478579	0.00355515	0.011937	0.0140915	0.101644	0.00843237	0.000925058	0.00223538
41	0.0332618	0.0315794	0.00112236	0.00109635	0.0196748	0.00134471	0.00111377	0.171518	0.00112686	0.0307956	0.0168846	0.00367556	0.00371378	0.00138722	0.00128644	0.00814572	0.0595567	0.611479	0.000338881	0.000898101
42	0.00942227	0.02358	0.0125149	0.00510537	0.220825	0.00177518	0.011849	0.0743701	0.00220214	0.33543	0.179753	0.00561951	0.00572836	0.018814	0.00264512	0.00334898	0.00807992	0.0394099	0.00723205	0.0322952
43	0.0540234	0.00387286	0.0174294	0.0566988	0.0117642	0.00441493	0.00431539	0.0952769	0.115131	0.0571667	0.0484842	0.0448032	0.0043255	0.013976	0.171426	0.0259745	0.138199	0.110403	0.0177815	0.00453417
44	0.386581	0.0069349	0.00352312	0.0049037	0.00268517	0.248781	0.0196679	0.00377601	0.00896262	0.0301156	0.00342028	0.0234902	0.0369253	0.0078751	0.00341853	0.148578	0.0412407	0.0150112	0.000729789	0.00337963
45	0.0411255	0.00196791	0.000670773	0.000519578	0.040486	0.0017469	0.00127539	0.262964	0.0022089	0.313002	0.0692883	0.00261545	0.00321756	0.00244316	0.00155131	0.00515559	0.0254346	0.209381	0.00738348	0.00756211
46	0.0959202	0.00376079	0.122706	0.383929	0.000464355	0.0205029	0.0173379	0.00506697	0.114749	0.00507315	0.00421972	0.0149455	0.000708333	0.058761	0.0925375	0.0265803	0.0163708	0.0135155	0.000179884	0.00267023
47	0.495981	0.0153432	0.00308961	0.00266204	0.00179061	0.114053	0.00574826	0.00435743	0.00780008	0.0175486	0.00322617	0.0143236	0.0130385	0.00907202	0.00274246	0.184521	0.0624239	0.0375903	0.000576755	0.00411202
48	0.0463233	0.000468554	0.000558795	0.000678351	0.029873	0.00153435	0.00174506	0.201958	0.00246688	0.441147	0.0745391	0.00174578	0.00397766	0.00190188	0.00143042	0.00623489	0.026606	0.143758	0.00531085	0.00774216
49	0.0231599	0.0192077	0.0183626	0.0174975	0.00387454	0.00220878	0.0325267	0.106137	0.0384413	0.389497	0.0760143	0.0234803	0.00237229	0.0506371	0.0273447	0.00907688	0.0304997	0.107258	0.0111939	0.0112092
50	0.097313	0.00376019	0.12401	0.385429	0.00039374	0.0206239	0.017041	0.00468996	0.114616	0.00451538	0.00404949	0.0147442	0.000640341	0.0577129	0.0914712	0.0265946	0.0161346	0.0134612	0.000179567	0.00261997
51	0.0439145	0.00081051	0.000724097	0.000887126	0.0179168	0.00144307	0.0023035	0.185171	0.00251599	0.413772	0.05133	0.00344431	0.00420276	0.00201716	0.00144052	0.00346587	0.0178042	0.236476	0.00360734	0.00675435
52	0.029401	0.00651187	0.001351	0.0199053	0.000852254	0.00149693	0.0140394	0.00405985	0.342334	0.0110007	0.00788842	0.00232973	0.00308994	0.0294971	0.50216	0.00575753	0.012351	0.00438927	0.000483241	0.00110139
53	0.0972396	0.00375024	0.12406	0.385865	0.000397375	0.0205562	0.0170062	0.00469026	0.114553	0.00450726	0.00403812	0.0147426	0.000607995	0.057692	0.0913808	0.0265698	0.0160882	0.0134557	0.000178784	0.00262102
54	0.0970967	0.00375411	0.123822	0.385629	0.000397923	0.0205044	0.0170862	0.00472876	0.114725	0.00449957	0.00405044	0.0147406	0.000609057	0.0577515	0.0915769	0.0265432	0.0161537	0.013533	0.000179808	0.00261868
55	0.0616413	0.0208722	0.00531009	0.00479252	0.0451201	0.00512399	0.013889	0.0523703	0.00519193	0.122823	0.174347	0.0100913	0.00336841	0.0067568	0.00620247	0.0413634	0.0280452	0.199728	0.0618916	0.131071
56	0.222764	0.00226031	0.0171929	0.0202015	0.00554441	0.0410786	0.00680807	0.0116392	0.353553	0.00618893	0.00315374	0.0230116	0.00542097	0.02529	0.162768	0.0603116	0.00912068	0.0176312	0.00133177	0.00472929
57	0.0123064	0.00787351	0.000638958	0.000617023	0.0278676	0.000821176	0.000819806	0.407407	0.000876662	0.125214	0.0730469	0.00312313	0.000924783	0.00127866	0.000879	0.00127426	0.0056994	0.325275	0.00303538	0.00102077
58	0.0383345	0.00277155	0.453503	0.117413	0.00221881	0.00431918	0.0273382	0.0166406	0.00358088	0.0055132	0.00575148	0.0412832	0.00514706	0.00422296	0.00783633	0.0287721	0.215005	0.0164897	0.000952788	0.00290724
59	0.0355623	0.000522175	0.000558416	0.000609203	0.0264388	0.0014895	0.00194649	0.223814	0.00271854	0.448178	0.0639238	0.00163647	0.00395922	0.00191854	0.00133709	0.003715	0.0234857	0.146201	0.00481443	0.00717088
60	0.118377	0.00367175	0.119814	0.187529	0.00650843	0.0566017	0.0313544	0.00533351	0.0990392	0.0138364	0.00529201	0.0411728	0.018245	0.0860105	0.0920273	0.0458873	0.0409093	0.00983173	0.00237175	0.0161873
61	0.0389147	0.000634656	0.000632061	0.000563455	0.0334745	0.00159024	0.00180533	0.219451	0.00258172	0.417872	0.063881	0.00184108	0.00426228	0.00227188	0.00128032	0.00421891	0.0254023	0.165604	0.00635551	0.00736351
62	0.130375	0.0563465	0.00263848	0.00259171	0.0118144	0.0125282	0.00235623	0.162619	0.0017138	0.0494114	0.013231	0.00873259	0.00792399	0.00691214	0.00201213	0.02363	0.0740887	0.428483	0.00053357	0.00205724
63	0.362051	0.00736143	0.00397094	0.00937137	0.00251509	0.223497	0.0157805	0.00676565	0.0100469	0.0184308	0.00553269	0.0344527	0.0719288	0.0111909	0.00475543	0.129252	0.0439989	0.0323847	0.000848566	0.00586473
64	0.0257778	0.0263112	0.0136793	0.0142632	0.206692	0.00905443	0.0489889	0.0489634	0.0144189	0.204103	0.132049	0.0287477	0.00645596	0.0682145	0.0238403	0.0178292	0.015881	0.0360044	0.0111618	0.0475643
65	0.195667	0.0193429	0.0155574	0.0182581	0.00879345	0.0411268	0.0147065	0.0264087	0.0144638	0.0322527	0.0121918	0.0622227	0.223275	0.0163645	0.0240218	0.0665745	0.0962391	0.0908525	0.00283359	0.0188474
66	0.0446401	0.0183215	0.0267376	0.0908382	0.0195712	0.0210931	0.0715391	0.0310129	0.0525792	0.172892	0.030265	0.0377399	0.0112247	0.139372	0.0625848	0.0312479	0.030358	0.0776495	0.00700152	0.0233313
67	0.0503311	0.0029337	0.22188	0.309534	0.0153174	0.0219953	0.00712728	0.0174697	0.0439989	0.0365945	0.0160006	0.0437054	0.0267429	0.10266	0.0284914	0.011871	0.015086	0.0149382	0.00178106	0.0115415
68	0.0321223	0.00611449	0.0416891	0.067938	0.0103692	0.56931	0.0215218	0.00837797	0.0169667	0.0278687	0.00776334	0.0425237	0.00558566	0.0312172	0.0316801	0.0451502	0.0125787	0.008301	0.00173838	0.011183
69	0.0133813	0.00753549	0.00777152	0.00589453	0.114847	0.000966921	0.00672743	0.101878	0.00091346	0.359323	0.229392	0.00802927	0.00367482	0.0105239	0.00106301	0.00187578	0.0113053	0.0494737	0.0155439	0.0498796
70	0.0119272	0.00884879	0.00840498	0.00672447	0.123609	0.000898823	0.00845901	0.0946829	0.000899938	0.355678	0.231691	0.00794304	0.0035916	0.01251	0.00112991	0.00174939	0.0117961	0.0411371	0.0144702	0.053849
71	0.144625	0.000973318	0.137301	0.113226	0.000864212	0.0927349	0.0227096	0.00132743	0.100428	0.00808121	0.0011938	0.0618696	0.0297055	0.0853702	0.0941348	0.0457489	0.043877	0.00350876	0.000702651	0.0116196
72	0.0960731	0.00339739	0.131086	0.400171	0.000413721	0.0222321	0.0149027	0.00425239	0.107255	0.00419669	0.00360378	0.0177135	0.00115215	0.0565799	0.0803029	0.0237354	0.0164979	0.0129056	0.000186247	0.00334285
73	0.0359968	0.00914625	0.0383134	0.0299324	0.0107281	0.00304444	0.0270902	0.0894015	0.0435258	0.307607	0.0695434	0.0388694	0.00622291	0.0622328	0.0607446	0.0243847	0.0439593	0.0585505	0.0244242	0.0162819
74	0.0188807	0.00488111	0.00484683	0.00430041	0.0854455	0.00101478	0.00417236	0.121371	0.00101479	0.392664	0.211003	0.007105	0.00413378	0.00747223	0.00111941	0.00212921	0.0162573	0.0618886	0.0127146	0.0375857
75	0.0246569	0.0169455	0.0686053	0.331229	0.00458716	0.0228338	0.0245156	0.0453883	0.077767	0.0259015	0.00613898	0.0306138	0.00294633	0.0127579	0.127997	0.0113864	0.078458	0.0486762	0.00224087	0.0363549
76	0.0970516	0.00334092	0.0266041	0.156854	0.00538581	0.0150489	0.00775291	0.0224097	0.159269	0.0634087	0.0377685	0.0336734	0.0135143	0.162217	0.096148	0.0176934	0.0340689	0.0285556	0.0141243	0.00511113
77	0.514346	0.0246726	0.00255065	0.00194189	0.00168988	0.0748949	0.00451261	0.00395192	0.00734656	0.0156785	0.00318928	0.0117538	0.00502701	0.00898921	0.00306154	0.251403	0.0444471	0.0170945	0.000690029	0.00275884
78	0.0670916	0.000538303	0.000623083	0.000695727	0.036083	0.00202896	0.00125915	0.213879	0.00223361	0.370769	0.0774904	0.00259391	0.00310336	0.00279588	0.00226368	0.0130598	0.0384862	0.149766	0.00551964	0.00972017
79	0.0979088	0.00384422	0.123679	0.384656	0.00043319	0.0204395	0.0170499	0.00466754	0.11493	0.00454578	0.00413963	0.0146033	0.000622799	0.0577314	0.0915045	0.0265186	0.0161843	0.013596	0.000178206	0.00276767
80	0.0160426	0.017404	0.0346331	0.0510265	0.0145192	0.00304943	0.0141552	0.0692628	0.0456653	0.29569	0.196236	0.0346915	0.00464269	0.0493447	0.0589083	0.00954291	0.0269195	0.0433202	0.00814118	0.00680438
81	0.0158166	0.00241859	0.0452321	0.0631912	0.00587118	0.691754	0.0181748	0.00384549	0.013416	0.00891434	0.00504895	0.0487637	0.00266921	0.0271287	0.0118193	0.0233161	0.00446354	0.00273481	0.00043646	0.00498461
82	0.306967	0.0491367	0.00129301	0.00123072	0.00105299	0.050952	0.00140762	0.117934	0.00141691	0.105866	0.0187357	0.00675348	0.00793448	0.0125698	0.00178295	0.0187376	0.042758	0.25017	0.000372885	0.00292838
83	0.0422871	0.00269654	0.504906	0.200717	0.00192687	0.0336335	0.0220096	0.00472583	0.0348603	0.00593065	0.00679329	0.0312345	0.00458593	0.0270876	0.0313584	0.0114805	0.0218737	0.00724917	0.000645286	0.00399837
84	0.299465	0.0577967	0.00154258	0.00132976	0.0013659	0.0489982	0.00148403	0.113414	0.00158769	0.100221	0.019607	0.00893392	0.00861195	0.0148648	0.00173373	0.0191165	0.045592	0.251158	0.000477337	0.0027
85	0.0151158	0.00702296	0.000743316	0.000680323	0.0203228	0.000872039	0.000934319	0.346384	0.00117331	0.14032	0.0547208	0.00497197	0.00180662	0.00162545	0.000982345	0.0016366	0.00835593	0.388229	0.00259272	0.00150934
86	0.0610912	0.00675855	0.0351159	0.0448769	0.00738003	0.618494	0.0247309	0.00873773	0.0106668	0.013355	0.00607304	0.040695	0.0134601	0.0200898	0.0100747	0.0528265	0.0102882	0.00893456	0.00104067	0.00531014
87	0.0679478	0.00903125	0.03782	0.0341458	0.0701155	0.00931996	0.0652288	0.0515675	0.0176877	0.0831914	0.0111446	0.0728334	0.0719774	0.0396659	0.102612	0.0623449	0.0484676	0.0120216	0.0326901	0.100186
88	0.084273	0.0632071	0.00762334	0.00646499	0.00680421	0.0880516	0.0215546	0.0283443	0.00679953	0.0160556	0.0346608	0.0681781	0.00761085	0.01169	0.0102557	0.227612	0.242567	0.0593652	0.00203479	0.00684726
89	0.0933312	0.00938374	0.0453167	0.073884	0.0205415	0.00785957	0.0165959	0.0460384	0.1087	0.0561298	0.0437881	0.0359891	0.0184925	0.042464	0.170701	0.0408179	0.0767315	0.0472656	0.0300355	0.0159343
90	0.0875857	0.00301209	0.156921	0.426223	0.000925966	0.0245117	0.0117461	0.00389721	0.0854509	0.0046171	0.00334349	0.0223402	0.0038403	0.0576013	0.0595716	0.0195755	0.0142668	0.0107626	0.000394646	0.00341354
91	0.033056	0.00377858	0.223269	0.202172	0.0313021	0.0174643	0.00697607	0.0321191	0.0314303	0.0732026	0.0318248	0.0486129	0.0335217	0.132677	0.0241195	0.0107229	0.0158179	0.0216521	0.0041557	0.0221244
92	0.150221	0.00673892	0.0176844	0.0986263	0.00654945	0.238978	0.0487967	0.00824005	0.0128668	0.0137847	0.0331418	0.0189838	0.0978254	0.0403563	0.0111165	0.0956367	0.0487167	0.0383161	0.00239034	0.0110298
93	0.0645464	0.0046332	0.0288461	0.0872294	0.0185743	0.00474944	0.00708324	0.0897688	0.0957823	0.0644567	0.0415417	0.0533625	0.00730751	0.0303155	0.138099	0.0222012	0.109085	0.098813	0.0257935	0.00781124
94	0.0972574	0.00376295	0.123942	0.385703	0.00039379	0.0205591	0.0170245	0.00469287	0.114623	0.00451505	0.00404706	0.0147278	0.000608687	0.0577155	0.0914757	0.0265754	0.0161116	0.013465	0.000179549	0.00262051
95	0.109322	0.0103093	0.054332	0.0572384	0.0442457	0.0119074	0.136452	0.0211225	0.0241059	0.0672493	0.0137181	0.0472384	0.0201574	0.035385	0.0580969	0.102223	0.0652893	0.0152541	0.0300641	0.0762888
96	0.0274481	0.00338182	0.000441105	0.000509901	0.0267725	0.00110113	0.00129505	0.298584	0.00180787	0.296113	0.072144	0.00256496	0.0025824	0.0017554	0.00128201	0.00287477	0.0187611	0.231748	0.00421432	0.00461889
97	0.125612	0.00814624	0.000753633	0.000940281	0.0255406	0.00930677	0.0013975	0.212211	0.00190388	0.300025	0.0603795	0.00340595	0.00325096	0.00458144	0.00258258	0.0160638	0.0443172	0.165805	0.00360093	0.010177
98	0.00964412	0.0242688	0.00960298	0.00503656	0.230044	0.001498	0.0124817	0.0799935	0.00181537	0.300594	0.193	0.00541751	0.00362945	0.0192311	0.00203959	0.00316436	0.00789213	0.0455161	0.00840172	0.0367284
99	0.0970756	0.00375593	0.126146	0.383776	0.000405131	0.0208737	0.0170325	0.00468551	0.114404	0.00452513	0.00403675	0.014959	0.000723762	0.0570325	0.0915645	0.0268796	0.0159722	0.0133603	0.000183258	0.00260856
100	0.0409363	0.000619332	0.000571129	0.000660099	0.0298975	0.00157261	0.00215095	0.214254	0.00450349	0.439112	0.0657535	0.001805	0.00404237	0.00248341	0.00175121	0.00466872	0.0277695	0.14331	0.00548362	0.00865541
101	0.487511	0.0154938	0.00341829	0.00424351	0.00264341	0.138904	0.00901141	0.00472233	0.0111752	0.0198155	0.00344927	0.015847	0.0190478	0.00846453	0.00377325	0.19061	0.0389988	0.0181446	0.00109576	0.00363177
102	0.0914579	0.0032716	0.0301719	0.15768	0.00273722	0.0207236	0.010258	0.00920325	0.169069	0.0912047	0.0414886	0.0351633	0.00806043	0.172294	0.0880683	0.0225891	0.0158248	0.0200189	0.00735236	0.00336205
103	0.0121653	0.009	0.000738051	0.000608136	0.0285236	0.000818977	0.00085676	0.400465	0.000918126	0.119368	0.0637174	0.00320184	0.00106917	0.00126136	0.000933837	0.00143211	0.00898042	0.341894	0.00301274	0.0010341
104	0.0313801	0.00248745	0.602602	0.102611	0.0034964	0.0211174	0.0434892	0.00643169	0.0102519	0.0069501	0.0106887	0.0373912	0.00426389	0.0107686	0.0180732	0.014758	0.0602466	0.00686062	0.00107984	0.00505239
105	0.0544761	0.000500833	0.000606336	0.000527037	0.0399672	0.00244331	0.00127607	0.218122	0.00221933	0.383373	0.0710453	0.00218302	0.00329451	0.00249497	0.001992	0.00799965	0.0350409	0.157283	0.00627355	0.00888189
106	0.0239305	0.00786734	0.0183931	0.00968225	0.0114637	0.0275943	0.67836	0.00670327	0.00945549	0.013952	0.00877252	0.045416	0.00503316	0.0390014	0.0304437	0.0288795	0.0134306	0.00985745	0.00191411	0.00984921
107	0.253044	0.0667705	0.00251647	0.0022223	0.00503773	0.034008	0.00280765	0.131945	0.0019442	0.0982284	0.0150959	0.00924141	0.00904397	0.0158752	0.00213546	0.0305213	0.0705955	0.245001	0.000530122	0.00343582
108	0.0276192	0.00327403	0.64379	0.0888393	0.00263987	0.0187355	0.029882	0.00529167	0.00714616	0.00573445	0.00929212	0.0487693	0.00752177	0.00665355	0.0155067	0.0162626	0.0516786	0.00716647	0.00103506	0.00316157
109	0.059073	0.0426752	0.036675	0.0934979	0.10381	0.0176317	0.0550233	0.0263236	0.022911	0.110018	0.0408105	0.0396244	0.0150514	0.085196	0.0385416	0.0472088	0.0369125	0.0236749	0.0146672	0.0906732
110	0.0446921	0.00760598	0.0288266	0.0081493	0.0592217	0.00584582	0.0265743	0.0763885	0.00539179	0.0238904	0.0112815	0.064528	0.0032423	0.00697401	0.00587403	0.206577	0.363246	0.012756	0.00221441	0.0367204
111	0.0946018	0.0245983	0.0538455	0.0419879	0.0546325	0.00970839	0.0333407	0.0450718	0.0667996	0.04248	0.041809	0.0331033	0.0367775	0.0297215	0.161067	0.0565787	0.0794104	0.0267394	0.035368	0.0323593
112	0.0851045	0.0201037	0.0300153	0.0729158	0.084936	0.0238943	0.116746	0.0279011	0.0205206	0.05987	0.0228674	0.063737	0.014097	0.0606329	0.0443737	0.105366	0.0420707	0.00994429	0.0101794	0.0847252
113	0.0500406	0.000514372	0.000503807	0.000520069	0.0381507	0.00203772	0.00141738	0.213864	0.00239468	0.398699	0.0670212	0.00198292	0.00361897	0.00242203	0.00175443	0.00644598	0.0349213	0.159148	0.00620322	0.00834034
114	0.0623841	0.00552277	0.184681	0.205625	0.0179142	0.0138893	0.0085956	0.0463137	0.0218231	0.0864233	0.0189471	0.0329882	0.0845878	0.0672355	0.0206413	0.0180925	0.0232225	0.0616457	0.00411388	0.0153536
115	0.0545881	0.00653655	0.00788756	0.0477182	0.0345509	0.00923054	0.0118855	0.0116786	0.0364916	0.0742077	0.00846855	0.0678348	0.0461667	0.0784912	0.0115322	0.0505204	0.233604	0.145548	0.00305879	0.0599997
116	0.0371541	0.000595213	0.000574396	0.000627772	0.0276445	0.0015191	0.0020326	0.211835	0.00268461	0.447075	0.0660555	0.00161079	0.00399837	0.0019682	0.00131373	0.00392041	0.0241245	0.152416	0.00517074	0.0076791
117	0.220676	0.124703	0.00884344	0.00812983	0.0298605	0.0154399	0.00953678	0.134845	0.00536085	0.0473785	0.00801502	0.0385762	0.0108343	0.00682355	0.00668337	0.114226	0.0996895	0.099838	0.00140362	0.00913638
118	0.262023	0.0253072	0.0621667	0.123738	0.0202085	0.00658563	0.0332805	0.00436187	0.0981672	0.00798588	0.0335328	0.00552802	0.00704845	0.0645433	0.0593502	0.0377283	0.0451622	0.0218295	0.00293316	0.0785193
119	0.0376432	0.0222402	0.0169314	0.121294	0.00962854	0.00655891	0.0529751	0.00858929	0.120787	0.217191	0.0200384	0.0281055	0.00279557	0.110125	0.149769	0.0236668	0.00825136	0.0350009	0.00205959	0.00634879
120	0.259512	0.00440372	0.00311635	0.00302173	0.00286962	0.0114184	0.00357662	0.0140012	0.00356028	0.017781	0.00621809	0.0161125	0.0029609	0.00379978	0.00390309	0.0972047	0.393751	0.144493	0.000978614	0.00731741
121	0.0217886	0.0116851	0.0248084	0.0271477	0.00414505	0.0018818	0.0321308	0.108782	0.0355677	0.372459	0.0756878	0.0241501	0.0017417	0.0581075	0.0403302	0.0110441	0.0349771	0.0779039	0.0168655	0.018796
122	0.0676101	0.0175207	0.0506369	0.0585515	0.0703115	0.00834508	0.101171	0.0150765	0.0112191	0.0827313	0.00841899	0.0620425	0.0136719	0.0338059	0.118433	0.0724137	0.0936781	0.0180002	0.00966459	0.0866969
123	0.0105888	0.00116174	0.0500636	0.0676156	0.00535877	0.704891	0.0152706	0.0033188	0.0120358	0.00782527	0.00467253	0.045541	0.00259016	0.0271772	0.00842477	0.0224549	0.00357965	0.00237629	0.000360548	0.00469301
124	0.0132821	0.00585953	0.00637852	0.00581301	0.0968846	0.00092084	0.00515138	0.096638	0.000786388	0.371718	0.251016	0.00947558	0.00387646	0.00890235	0.00111724	0.00164623	0.0108071	0.0411848	0.0174098	0.0511323
125	0.0261015	0.0021357	0.0444228	0.125618	0.00170107	0.349848	0.0597261	0.00271833	0.0930933	0.00395016	0.00250447	0.0411112	0.00188835	0.14213	0.0590185	0.012813	0.00683629	0.0127942	0.000800952	0.010787
126	0.0620817	0.00129451	0.0959001	0.116359	0.00293127	0.443689	0.0246543	0.00236505	0.0341502	0.00643334	0.00414712	0.0464726	0.016697	0.0468824	0.0264173	0.0373891	0.0207702	0.00445404	0.000575813	0.00633628
127	0.0291757	0.00659605	0.00135292	0.020336	0.000841997	0.00150843	0.0141459	0.00406865	0.341327	0.0112019	0.00791423	0.00232486	0.00312821	0.0297048	0.502406	0.00569137	0.0122047	0.00447914	0.000486856	0.00110583
128	0.187545	0.0161392	0.00383146	0.0048964	0.0079582	0.0100156	0.00408901	0.0629027	0.00378031	0.0277041	0.0103016	0.0132208	0.00647014	0.00580351	0.00517468	0.0509886	0.24029	0.331398	0.00127592	0.00621514
129	0.226983	0.00424643	0.00314342	0.002835	0.00335788	0.00868044	0.00337038	0.0174116	0.00324971	0.0200688	0.00710273	0.0179233	0.00288456	0.00361924	0.00350694	0.115938	0.426421	0.12249	0.000903516	0.00586385
130	0.322696	0.0386248	0.00143589	0.00150905	0.00151142	0.0629843	0.00200438	0.107459	0.00194426	0.117888	0.021389	0.00610734	0.00619194	0.0104268	0.00201733	0.0176824	0.0342551	0.23941	0.000501931	0.00396024
131	0.0376601	0.0162767	0.0516326	0.0212543	0.0130856	0.402881	0.0115598	0.0907413	0.012159	0.0220738	0.0101152	0.0691111	0.00588978	0.0200496	0.0130907	0.0980762	0.0340819	0.0583207	0.00292609	0.00901462
132	0.0242987	0.00661052	0.01691	0.00896205	0.00939064	0.0275401	0.705691	0.00763585	0.00848616	0.0142652	0.008186	0.0299746	0.00372906	0.036395	0.030004	0.0286494	0.0127728	0.0112877	0.0018961	0.00731498
133	0.220019	0.139283	0.00663268	0.00374071	0.00427027	0.0527441	0.00407249	0.0762524	0.00422916	0.108064	0.0129474	0.0104165	0.00666584	0.0131633	0.00440985	0.0443804	0.0752258	0.207856	0.00109988	0.00452695
134	0.0623579	0.197781	0.00982741	0.00736627	0.0097852	0.063073	0.0078087	0.0667116	0.00757252	0.0319842	0.0141426	0.0277771	0.00517597	0.00934398	0.00952102	0.124065	0.230406	0.105807	0.00194559	0.00754801
135	0.460107	0.0161513	0.0028471	0.00292666	0.00254278	0.101144	0.00535222	0.00425298	0.0198903	0.0169322	0.00325614	0.014389	0.0118132	0.00809453	0.0044707	0.257748	0.0392492	0.023268	0.000839945	0.0047247
136	0.014154	0.00948483	0.0062649	0.00423467	0.10992	0.00105799	0.00495746	0.0937853	0.00109926	0.412151	0.211884	0.00648001	0.0100684	0.0106515	0.00114135	0.0019102	0.0104252	0.0455751	0.0110996	0.033655
137	0.18952	0.0140411	0.0053802	0.0280325	0.0122837	0.436277	0.13025	0.00528418	0.00910993	0.019796	0.00562599	0.0105905	0.0167221	0.00888191	0.0056339	0.0759233	0.013279	0.00795519	0.00156972	0.00384398
138	0.398528	0.0177356	0.00496354	0.00290684	0.00260756	0.0924498	0.0123558	0.00483667	0.00797305	0.0262037	0.00623769	0.038533	0.0100551	0.00846015	0.00507709	0.275706	0.0530709	0.0274235	0.000949131	0.00392721
139	0.0664591	0.0193812	0.00460959	0.00351067	0.105666	0.0150961	0.0249787	0.0320883	0.0135805	0.138947	0.147613	0.00711852	0.00498263	0.0155433	0.0101622	0.0138596	0.0282208	0.0901206	0.0655544	0.192507
140	0.0735795	0.00449809	0.319502	0.0801015	0.00459266	0.014472	0.0139291	0.00915818	0.0211325	0.0144218	0.00725346	0.0912037	0.149833	0.0119206	0.0480413	0.0422758	0.072623	0.0119208	0.00343448	0.00610725
141	0.128375	0.00133383	0.182588	0.115235	0.00126049	0.0805129	0.0192788	0.00213726	0.0901555	0.00783116	0.00183849	0.0666639	0.0452497	0.0687835	0.0854356	0.0482025	0.0403303	0.00392368	0.000916501	0.00994714
142	0.221099	0.0100243	0.120672	0.123694	0.00839834	0.0379024	0.0234527	0.00407852	0.0906542	0.0095224	0.0152654	0.0263834	0.0229439	0.0723622	0.0578944	0.0434805	0.0433391	0.0213715	0.00228611	0.0451755
143	0.199748	0.0169184	0.0770075	0.143166	0.0169528	0.0113737	0.0369975	0.00769604	0.0920988	0.0131495	0.0310076	0.0122603	0.00890574	0.0525811	0.0631735	0.0457426	0.047216	0.0369383	0.00466128	0.082406
144	0.385563	0.0285837	0.00602804	0.00682164	0.0510184	0.0110272	0.00743369	0.00752067	0.00711495	0.0538096	0.0539939	0.00958383	0.00355357	0.00726505	0.0826077	0.0130682	0.0730659	0.18275	0.00217403	0.00701694
145	0.155086	0.00841034	0.0461011	0.0641108	0.0577773	0.0426686	0.0236399	0.0110265	0.0766464	0.0166222	0.0260614	0.0301021	0.00544176	0.0543121	0.0339648	0.180887	0.0347085	0.00960847	0.00203889	0.120786
146	0.0427151	0.011354	0.00516889	0.0521993	0.00187268	0.00260213	0.0199919	0.00788374	0.312249	0.0109071	0.0115909	0.00440172	0.0117084	0.0388438	0.43223	0.00702625	0.0148328	0.00865428	0.00180502	0.00196332
147	0.0561041	0.000632081	0.000588982	0.000636436	0.0349139	0.00208285	0.00134652	0.216561	0.00233015	0.394151	0.0688999	0.0021387	0.00335333	0.00247308	0.00189734	0.00773328	0.0356319	0.154091	0.00555051	0.00888344
148	0.0603211	0.00129709	0.00150697	0.0015557	0.0386948	0.00224691	0.0021164	0.232806	0.00260089	0.348115	0.0860935	0.00408792	0.00299135	0.00450253	0.0046083	0.0110037	0.0401895	0.133769	0.00558804	0.0159044
149	0.146875	0.000858317	0.137645	0.115034	0.000813684	0.0919248	0.0226859	0.00135865	0.0996893	0.0079404	0.00113829	0.061181	0.0291681	0.0862587	0.0930874	0.045463	0.0432542	0.00333159	0.000611049	0.0116821
150	0.134255	0.0072103	0.0106849	0.0139881	0.00713264	0.00869312	0.0692502	0.0672812	0.135718	0.249598	0.0128517	0.0140208	0.00496965	0.074108	0.0753651	0.0158207	0.0157584	0.0167743	0.0040906	0.0624297
151	0.0378587	0.00187612	0.00061821	0.000744597	0.0328241	0.0014184	0.00156166	0.24295	0.00200299	0.37379	0.0810912	0.00193425	0.00339635	0.00213686	0.00135465	0.00466678	0.0239026	0.173044	0.00518246	0.0076458
152	0.196761	0.00264373	0.0145483	0.0226737	0.0083719	0.0804311	0.00741887	0.0213603	0.234068	0.00755265	0.00372692	0.0602183	0.00874378	0.0321139	0.197992	0.0448992	0.00715006	0.0379716	0.00290572	0.00844902
153	0.0669474	0.00752613	0.0322962	0.178143	0.00354041	0.0107017	0.0260178	0.00574906	0.13668	0.16706	0.0321426	0.0341459	0.00379151	0.112462	0.119377	0.0315085	0.00900594	0.0164047	0.00348603	0.00301313
154	0.534366	0.0188136	0.00267791	0.00244907	0.0020343	0.0592072	0.00378263	0.00418108	0.00825404	0.0190885	0.00299744	0.00965069	0.00338622	0.00831661	0.00399669	0.259643	0.0375118	0.0154152	0.000719213	0.00350796
155	0.0259088	0.00193487	0.0462966	0.124493	0.00143464	0.349766	0.0588917	0.00254386	0.0957235	0.00376504	0.00229636	0.0433495	0.00183415	0.138424	0.0613207	0.0130628	0.00694553	0.0113912	0.00068111	0.00993736
156	0.0134339	0.00732584	0.00062743	0.000608163	0.0278416	0.000883221	0.000854023	0.400517	0.000942284	0.139005	0.0740778	0.00304496	0.00102026	0.00130294	0.000911225	0.0014895	0.00651777	0.315199	0.00310581	0.00129245
157	0.110356	0.0285539	0.00561147	0.00572153	0.00518302	0.0785923	0.114989	0.00662904	0.00623353	0.0119822	0.0404777	0.153809	0.00362575	0.0280648	0.0277373	0.311499	0.0409123	0.0123694	0.00187528	0.00577642
158	0.0233846	0.0207299	0.000821654	0.000830838	0.024558	0.000994827	0.0009213	0.269925	0.0010793	0.0766221	0.0421288	0.00324849	0.00236219	0.00130124	0.00108292	0.00453728	0.0299281	0.492925	0.00163722	0.000981415
159	0.0324777	0.0290889	0.00111996	0.00108061	0.0188876	0.00132134	0.00122948	0.206244	0.00109337	0.0354331	0.0195811	0.00385712	0.00365626	0.00142488	0.0014149	0.00756214	0.059112	0.574048	0.000545109	0.000822561
160	0.294838	0.07303	0.00352386	0.00340601	0.00498605	0.00997455	0.00369387	0.0212296	0.00461725	0.00740846	0.0250525	0.0105689	0.0869943	0.00490483	0.00472992	0.246065	0.12903	0.0523289	0.00149906	0.0121188
161	0.0987687	0.179833	0.0162107	0.0192308	0.0150473	0.0198056	0.019729	0.018205	0.0197704	0.205072	0.0170643	0.0998866	0.0105592	0.127077	0.028653	0.02721	0.0283699	0.0301807	0.00515558	0.0141707
162	0.0602085	0.00574041	0.00864677	0.00656072	0.00402061	0.0248098	0.0110342	0.0118667	0.00686554	0.0264519	0.00722161	0.0209144	0.644974	0.00663073	0.0207569	0.0626617	0.038813	0.0127855	0.0028243	0.0162124
163	0.148242	0.0163637	0.0107722	0.00694552	0.038087	0.0115546	0.0111055	0.112103	0.00673361	0.113229	0.0535151	0.0199835	0.00494553	0.00747367	0.00811475	0.151944	0.217935	0.0451764	0.00219722	0.0135789
164	0.11973	0.0702559	0.0371496	0.0359968	0.0149541	0.0154748	0.00922974	0.164527	0.00890797	0.0409849	0.00903323	0.0538019	0.0107274	0.00937139	0.00999884	0.0921909	0.0946168	0.190992	0.00221998	0.00983784
165	0.0363597	0.0147877	0.154929	0.0241838	0.0109617	0.0166404	0.0227199	0.0160061	0.0195279	0.0531659	0.00828832	0.203925	0.00978802	0.0128638	0.0175632	0.209171	0.09809	0.0149718	0.0353971	0.0206604
166	0.0865333	0.00248402	0.00132691	0.00131516	0.0302619	0.00287495	0.00213224	0.211617	0.00243515	0.326531	0.0819085	0.00378647	0.00306496	0.00387508	0.00310496	0.0305158	0.0529587	0.136767	0.00449011	0.012017
167	0.02385	0.00679148	0.0383232	0.00792046	0.106685	0.00884396	0.0863725	0.039866	0.010496	0.019097	0.0830196	0.0719055	0.00500795	0.0093571	0.0102073	0.0139933	0.0831162	0.171648	0.00627505	0.197224
168	0.0670691	0.0174987	0.0273555	0.0409284	0.025884	0.0217394	0.0961439	0.0302565	0.0422328	0.186324	0.0227179	0.0429987	0.021616	0.0487782	0.106751	0.0874464	0.0381369	0.0313778	0.00863632	0.0361084
169	0.0257888	0.00764328	0.00862852	0.00723201	0.00675634	0.192898	0.00964962	0.0100409	0.00866078	0.101995	0.0678797	0.105183	0.00551203	0.231676	0.0111081	0.0332757	0.127304	0.0283456	0.00260322	0.0078202
170	0.177446	0.00951395	0.041011	0.0475657	0.00761414	0.23029	0.0326617	0.0098166	0.0750219	0.0172859	0.00830449	0.0817453	0.0174372	0.0363075	0.10432	0.0457915	0.0254799	0.017929	0.00296571	0.0114924
171	0.0968227	0.00882876	0.0925765	0.0835968	0.0101924	0.0323572	0.0268432	0.0170181	0.12392	0.0239947	0.0158581	0.0451985	0.0317817	0.0396458	0.167773	0.0741883	0.0647155	0.0193935	0.0106461	0.0146496
172	0.0769367	0.0144518	0.0428183	0.082119	0.0733767	0.0225265	0.0916457	0.0289966	0.030424	0.0683983	0.0194525	0.059885	0.0183909	0.0752306	0.0522092	0.0984044	0.0370845	0.0116049	0.0122831	0.0837612
173	0.0352812	0.00276032	0.612806	0.0981881	0.00244247	0.0149725	0.0421374	0.00553228	0.00761907	0.00508531	0.0137209	0.0364097	0.00527541	0.00570932	0.0190578	0.0132041	0.066758	0.00724963	0.000940627	0.00484986
174	0.075854	0.0300663	0.00317792	0.00378905	0.143406	0.0326579	0.0259095	0.003469	0.0293545	0.0741184	0.0623641	0.00467549	0.00971101	0.0299179	0.0206691	0.00563736	0.04384	0.032196	0.0880801	0.281106
175	0.045138	0.00625195	0.0171195	0.0142271	0.0226771	0.0129159	0.0562854	0.0680854	0.0100868	0.122608	0.0118702	0.0880168	0.222449	0.0184437	0.0847714	0.0268235	0.064251	0.0181901	0.0115611	0.0782284
176	0.153964	0.00706917	0.0152967	0.0187892	0.0321044	0.0569445	0.0081176	0.0373098	0.180698	0.0137206	0.00857423	0.0357597	0.029441	0.0417494	0.215641	0.0531413	0.0169537	0.0594823	0.00613463	0.00910865
177	0.0489467	0.00585313	0.0297332	0.0186329	0.0119905	0.0126061	0.0612736	0.0364556	0.0233332	0.0699736	0.00794137	0.0587754	0.281712	0.0191626	0.128938	0.0266633	0.0598703	0.0195101	0.0123584	0.0662694
178	0.0701083	0.016097	0.0338	0.0345018	0.0160139	0.0434892	0.038867	0.0220045	0.0865309	0.0369104	0.0180451	0.104252	0.0249266	0.0402865	0.275795	0.0383794	0.0397182	0.0292388	0.00852234	0.0225128
179	0.340792	0.00445883	0.00305849	0.010872	0.0021215	0.280692	0.0200846	0.0041567	0.0104224	0.0170515	0.00530087	0.0247188	0.0810688	0.0109969	0.00405487	0.124582	0.0324973	0.0171087	0.000749702	0.00521236
180	0.0356781	0.00118949	0.000682362	0.000778934	0.0214239	0.0014993	0.00383993	0.195125	0.0036656	0.424558	0.0608313	0.00286699	0.00582688	0.00282442	0.0012885	0.00353391	0.0213293	0.201748	0.00437017	0.00694003
181	0.244019	0.0144428	0.00655854	0.00607509	0.015418	0.0240459	0.00868501	0.0412413	0.00809261	0.0700979	0.0457572	0.014972	0.0111378	0.00957734	0.010053	0.149419	0.248374	0.0605699	0.00219895	0.00926436
182	0.0493404	0.00638754	0.0292971	0.0214387	0.00796222	0.0150247	0.0367869	0.0266521	0.0246588	0.0739048	0.00735714	0.0543146	0.353324	0.0188654	0.136248	0.0282358	0.0394021	0.0206273	0.0114699	0.0387024
183	0.0836149	0.0280132	0.00127128	0.00114338	0.0144425	0.00554815	0.00125249	0.19029	0.00195904	0.0834255	0.0195242	0.00515708	0.00955892	0.00521139	0.00151997	0.0102683	0.053143	0.479941	0.00173825	0.00297743
184	0.113468	0.00422788	0.104021	0.0553689	0.0047003	0.0386611	0.0447127	0.00521266	0.128248	0.0249287	0.00545911	0.0540539	0.0842712	0.0531093	0.168861	0.0385326	0.0393735	0.00870039	0.0104275	0.0136621
185	0.104775	0.0029461	0.134856	0.348962	0.000814222	0.0339465	0.016216	0.00387721	0.105952	0.00511578	0.00349398	0.0232231	0.00616788	0.0598688	0.0827311	0.0295772	0.0212143	0.0110956	0.000262911	0.0049038
186	0.0128111	0.00812551	0.00557958	0.00472097	0.0895166	0.00114261	0.00457446	0.0927667	0.00110573	0.426042	0.227953	0.00752265	0.0109386	0.0117156	0.00121286	0.00163821	0.00918502	0.0362691	0.0115995	0.0355795
187	0.0284441	0.0100477	0.034629	0.0219224	0.00452476	0.00172777	0.0263169	0.0999107	0.0354737	0.368797	0.0778154	0.0303878	0.00160526	0.0651033	0.0441952	0.0153986	0.0350378	0.0661433	0.0206691	0.0118506
188	0.147981	0.000855018	0.139265	0.120083	0.000815255	0.0893042	0.022191	0.00139844	0.0989021	0.00777419	0.00113398	0.0604971	0.0289229	0.0855625	0.0916078	0.0454652	0.042411	0.00350713	0.000622109	0.0117011
189	0.464072	0.0189151	0.0183442	0.0722487	0.0202307	0.0604304	0.0488405	0.00428865	0.00460281	0.040736	0.0350439	0.0971221	0.00251464	0.0198714	0.0214356	0.0520266	0.00745242	0.00648431	0.00136346	0.00397694
190	0.0102333	0.00148452	0.0462644	0.0606234	0.00599864	0.724192	0.0130943	0.00370599	0.00867739	0.00835328	0.005008	0.0456884	0.00227331	0.0227731	0.00822795	0.022812	0.00333985	0.00220537	0.000372664	0.00467244
191	0.0225748	0.00363545	0.000792448	0.000859791	0.0122598	0.000919817	0.00131115	0.276784	0.001831	0.192451	0.0434375	0.00834894	0.00317519	0.00223447	0.00124964	0.00165462	0.005583	0.415443	0.00241869	0.00303613
192	0.04826	0.00574167	0.0393687	0.00803301	0.00593808	0.00873497	0.00871613	0.0363047	0.0328377	0.0453592	0.0328814	0.312995	0.145863	0.00860326	0.0671332	0.0140776	0.153726	0.0127524	0.00251201	0.010162
