502	20
1	0.0336856	0.00771489	0.000660239	0.00769964	0.0275477	0.00389326	0.0020612	0.374976	0.00506879	0.124936	0.0379123	0.0019804	0.0034401	0.00555942	0.00190976	0.00866135	0.0248922	0.315305	0.00477624	0.00732005
2	0.015046	0.00749159	0.000978094	0.0187044	0.00463599	0.00370722	0.00119326	0.545053	0.00861102	0.0548622	0.010751	0.00160561	0.00756994	0.00742035	0.00236783	0.00352574	0.0322192	0.272819	0.00051381	0.000924922
3	0.0583048	0.0076375	0.0667105	0.190164	0.00886741	0.0138306	0.0255612	0.0181964	0.208502	0.0299031	0.0152802	0.0490818	0.00840377	0.0872389	0.0947407	0.0383865	0.0355368	0.0296977	0.00125308	0.0127029
4	0.0343006	0.00529371	0.0583352	0.10123	0.00681433	0.00752081	0.0143513	0.0818056	0.167721	0.0700195	0.0325186	0.0239144	0.0096892	0.0571787	0.155932	0.0497275	0.0383908	0.0788531	0.000572001	0.00583188
5	0.00910745	0.00468359	0.521332	0.0186568	0.00433143	0.0526399	0.0273151	0.00347015	0.00734942	0.00525257	0.0171936	0.162579	0.00498683	0.0059587	0.00963575	0.0964921	0.0219788	0.00612386	0.000895174	0.0200178
6	0.00261175	0.000708971	0.0041356	0.00880636	0.00075238	0.886026	0.0157571	0.000838103	0.0150601	0.00449064	0.000898433	0.0321188	0.000450067	0.00800461	0.00111389	0.0146069	0.00151616	0.00115917	0.00021245	0.000732345
7	0.128556	0.0204825	0.0169119	0.100092	0.00324636	0.00913763	0.00737219	0.00549876	0.0799127	0.011229	0.029689	0.0218894	0.00569275	0.072719	0.116588	0.19272	0.133059	0.0241702	0.00259508	0.018438
8	0.0333312	0.00817915	0.000783128	0.0097609	0.0281868	0.00199169	0.00275161	0.325123	0.00538144	0.169595	0.0606196	0.00150849	0.00225682	0.00554907	0.00266961	0.00724773	0.0350348	0.281189	0.00826871	0.0105728
9	0.190883	0.0342265	0.00496844	0.0160142	0.00566099	0.0111589	0.00611186	0.101931	0.0153468	0.115742	0.0410361	0.00904012	0.00386638	0.0187744	0.0108824	0.0536585	0.176359	0.17619	0.00103316	0.00711532
10	0.0261113	0.00492301	0.0385872	0.103902	0.000471998	0.00912042	0.01863	0.0197967	0.319305	0.0302269	0.0104607	0.0282161	0.00126468	0.10456	0.216235	0.0200203	0.0307401	0.0158003	0.000134027	0.00149353
11	0.370469	0.0256909	0.00180201	0.0264419	0.00238723	0.0016723	0.020596	0.0405976	0.0647115	0.0702318	0.00267109	0.0290282	0.000891862	0.0361409	0.0583436	0.110761	0.0497752	0.071661	0.000343565	0.0157835
12	0.0220026	0.00689939	0.00906051	0.0119917	0.210696	0.00697566	0.0274849	0.0137914	0.0139918	0.00987369	0.0108514	0.0107721	0.00189133	0.0114309	0.0209232	0.0100392	0.00791241	0.00767007	0.0303115	0.55543
13	0.0427708	0.00283215	0.0613519	0.136878	0.00844577	0.00217542	0.00296939	0.141477	0.0534254	0.122651	0.0583795	0.0192939	0.00772478	0.0463896	0.0601833	0.0441911	0.0451594	0.137431	0.000379559	0.00589149
14	0.15376	0.00253285	0.108783	0.101579	0.00766906	0.0322918	0.0343568	0.0148877	0.0297946	0.00945638	0.00649908	0.0855729	0.00139505	0.0774497	0.0482065	0.195183	0.0855786	0.00314331	0.000253202	0.00160692
15	0.0103578	0.00150974	0.00598603	0.00880278	0.207399	0.00268142	0.0201307	0.00518885	0.0115545	0.00146525	0.00568221	0.00569305	0.000945774	0.00963091	0.0202855	0.00201363	0.00227476	0.00160854	0.0355638	0.641226
16	0.0124198	0.00933882	0.00665333	0.033306	0.0474268	0.00430956	0.0636147	0.00584665	0.214298	0.0624615	0.0196225	0.00776185	0.00216989	0.0375671	0.356761	0.0216925	0.0407112	0.0152659	0.0010949	0.0376781
17	0.274912	0.0173023	0.00261626	0.037616	0.00752226	0.00312768	0.0296236	0.0360287	0.0819038	0.0744347	0.00484626	0.0192881	0.0031362	0.0504599	0.0715583	0.118513	0.0766932	0.0537149	0.000878078	0.0358246
18	0.00728435	0.00119202	0.0627545	0.0413137	0.00246915	0.0600744	0.132044	0.00161948	0.0959777	0.00650369	0.00242567	0.436946	0.000791343	0.077829	0.0263003	0.0219518	0.00736403	0.00231688	0.000235585	0.0126059
19	0.0755325	0.00636854	0.0975305	0.223175	0.013079	0.0302608	0.0206744	0.0286228	0.120535	0.0302413	0.0182047	0.0526292	0.0126024	0.0752723	0.0493016	0.0474873	0.0425652	0.0372508	0.00189527	0.016772
20	0.0461845	0.0144133	0.0749024	0.0489967	0.0184531	0.0691774	0.0726753	0.0171784	0.0735528	0.0161078	0.0163343	0.26621	0.0100239	0.0509222	0.0292067	0.0861375	0.0376826	0.0286626	0.00271284	0.0204651
21	0.437088	0.0186069	0.00359349	0.0111372	0.00385519	0.066722	0.00702341	0.006186	0.00574046	0.0123384	0.0149271	0.0233964	0.0163267	0.00471257	0.00553464	0.31604	0.0285412	0.0138877	0.000485377	0.0038576
22	0.0392012	0.0176252	0.0822539	0.0504954	0.0191426	0.0497947	0.0750301	0.0186732	0.0657626	0.0190576	0.0133969	0.275071	0.0104986	0.0474549	0.0276462	0.0926953	0.0403685	0.0272352	0.00232519	0.0262714
23	0.0629221	0.0101362	0.0333663	0.0635801	0.012083	0.0184744	0.0193919	0.0164562	0.196143	0.026316	0.0206077	0.0457504	0.0186211	0.0440247	0.071673	0.147941	0.145277	0.0298196	0.0011848	0.016231
24	0.0103918	0.00499268	0.543979	0.0383608	0.00430508	0.0381878	0.0261816	0.00351065	0.0125264	0.00504243	0.0153804	0.145849	0.00496962	0.0132822	0.00943227	0.0775035	0.0217903	0.00665463	0.000974204	0.0166857
25	0.413255	0.0102242	0.00257388	0.00831267	0.00225453	0.117559	0.00654072	0.00500493	0.00518142	0.0114167	0.010064	0.0227821	0.0363725	0.00344431	0.00624719	0.300454	0.0210129	0.0140449	0.000418013	0.00283647
26	0.0684187	0.00332845	0.108901	0.0771748	0.00597447	0.005714	0.0891169	0.0452862	0.15605	0.00408151	0.0145833	0.11118	0.00849469	0.0515221	0.0906425	0.0130878	0.0840286	0.0554314	0.000870101	0.00611327
27	0.0214073	0.00827834	0.000469403	0.00786148	0.0258878	0.00122057	0.00241773	0.351285	0.0035155	0.187492	0.0686301	0.00102376	0.00222863	0.00514277	0.00259765	0.00276279	0.0269076	0.262436	0.00711307	0.0113223
28	0.0873905	0.00602052	0.00231185	0.0284727	0.0589087	0.024273	0.0205247	0.236179	0.00484315	0.105786	0.0251099	0.0633541	0.0015563	0.00612961	0.00452501	0.0341079	0.00943421	0.190262	0.000835188	0.0899762
29	0.310352	0.0117235	0.00282739	0.00465374	0.00313947	0.0477611	0.0113962	0.00298384	0.00641654	0.00868101	0.0108192	0.0555725	0.0251937	0.00496908	0.0048722	0.461839	0.0183089	0.00603959	0.000450051	0.0020016
30	0.0729287	0.0231478	0.00722649	0.0157278	0.0109282	0.00524254	0.009226	0.131614	0.0140014	0.0586148	0.0265271	0.0241112	0.00341195	0.0246922	0.00834938	0.049416	0.208933	0.296395	0.00170056	0.0078063
31	0.0218859	0.0102358	0.0313146	0.0698013	0.008395	0.0072309	0.0216112	0.0118905	0.231054	0.0581653	0.0572842	0.0247234	0.00262989	0.174893	0.192203	0.0222328	0.0346721	0.0125693	0.00100094	0.00620693
32	0.0410359	0.0106815	0.030479	0.0639959	0.0210473	0.012143	0.0439807	0.022959	0.169236	0.0465314	0.0185667	0.0295994	0.00701223	0.0602746	0.26238	0.0461775	0.0517123	0.0271086	0.00316487	0.0319144
33	0.0514282	0.206637	0.162059	0.0497655	0.0128424	0.0227639	0.0242717	0.0145318	0.0343995	0.0166999	0.0487357	0.0674866	0.0121988	0.0303215	0.0216065	0.142233	0.0415629	0.0257591	0.00203215	0.0126648
34	0.0465616	0.0152725	0.0122273	0.0356665	0.0655612	0.00946426	0.0395514	0.0612685	0.0815225	0.191782	0.0630775	0.0193902	0.00673613	0.0294047	0.122383	0.0348568	0.0354471	0.0292522	0.00569675	0.0948779
35	0.0202347	0.00704071	0.00249266	0.0259962	0.02628	0.00128625	0.00396644	0.220455	0.0116691	0.406496	0.114099	0.00412635	0.00222067	0.0105421	0.0137755	0.00503762	0.0247496	0.0819708	0.00184002	0.0157205
36	0.159365	0.0229454	0.0145539	0.0296087	0.121466	0.0280556	0.0346454	0.0552475	0.0308604	0.0592299	0.0320243	0.0320722	0.0269549	0.0256497	0.0238486	0.08582	0.0591098	0.0562755	0.00667078	0.0955962
37	0.0105808	0.00258448	0.0182254	0.0196801	0.00237173	0.755952	0.0238926	0.00335949	0.0258453	0.00601962	0.00223346	0.0637835	0.00226783	0.0157582	0.00603259	0.0258314	0.00761135	0.00381883	0.000348919	0.00380257
38	0.149838	0.0255538	0.00839459	0.0581038	0.00306959	0.00430501	0.00370084	0.12209	0.00940796	0.0660615	0.0432738	0.0179258	0.0023593	0.0177406	0.00743021	0.0613654	0.172398	0.222389	0.00092146	0.00367063
39	0.0661007	0.00637775	0.0017202	0.0140977	0.0556392	0.0150948	0.0100121	0.268227	0.00421346	0.143756	0.0368755	0.0230106	0.0024807	0.00487475	0.00325516	0.0313426	0.0163583	0.257982	0.00342722	0.0351534
40	0.376202	0.0136671	0.00215604	0.00616694	0.00231272	0.0636157	0.00890242	0.00352672	0.00507373	0.00825523	0.0120757	0.0392727	0.0228302	0.00372404	0.00477558	0.402006	0.0160237	0.00709084	0.000379896	0.001942
41	0.0144684	0.00650959	0.0193597	0.0515876	0.0171958	0.00573101	0.0407244	0.00860084	0.263916	0.0353556	0.010178	0.0194965	0.0022284	0.0497283	0.362873	0.021074	0.0352403	0.0142936	0.000669309	0.0207699
42	0.156208	0.00275474	0.110361	0.100818	0.00746918	0.0312962	0.0353282	0.0151853	0.030695	0.00925954	0.00615511	0.0858621	0.00210786	0.0730464	0.0474371	0.194961	0.0855956	0.00344868	0.000277733	0.00173349
43	0.0312201	0.00810307	0.00311331	0.0142142	0.0332243	0.00324311	0.00545839	0.269886	0.00640017	0.232628	0.0930195	0.00822399	0.00376093	0.00643134	0.0113516	0.0113164	0.0261024	0.185599	0.0068013	0.039903
44	0.305739	0.0372701	0.00200403	0.0033131	0.0133257	0.0488407	0.00191159	0.00204405	0.00504738	0.0126898	0.00520184	0.00432548	0.0137984	0.00258367	0.00339043	0.263836	0.1932	0.0590176	0.000360302	0.0221007
45	0.0312907	0.0050159	0.0116858	0.0131117	0.0469536	0.00459424	0.00802519	0.00705792	0.175274	0.118557	0.0683812	0.00820254	0.00267816	0.112558	0.234252	0.0407787	0.0925444	0.00828674	0.000921141	0.00983022
46	0.00939326	0.00285657	0.000570058	0.00626913	0.0382593	0.000494404	0.00106837	0.168865	0.00403635	0.609125	0.0666419	0.00396105	0.000504611	0.00437052	0.00347267	0.00138143	0.0158265	0.057517	0.000161942	0.00522539
47	0.00897188	0.00294149	0.000530673	0.0073705	0.0368524	0.000528781	0.000911509	0.177809	0.00353548	0.60135	0.065308	0.0035888	0.00048251	0.00461534	0.00365481	0.00135597	0.0160206	0.0582984	0.000292076	0.00558115
48	0.0630226	0.00769839	0.207058	0.131683	0.00366652	0.0214279	0.0204984	0.00873665	0.0664873	0.012694	0.00602863	0.0817842	0.11558	0.0503234	0.0256709	0.0679887	0.0728136	0.0269956	0.00100709	0.00883586
49	0.0835077	0.0110969	0.0896117	0.109473	0.00365804	0.0316686	0.0509421	0.00773577	0.14016	0.00334668	0.00178338	0.0753188	0.0869012	0.0547572	0.0297753	0.10294	0.0719416	0.0415635	0.000214794	0.00360409
50	0.0669544	0.00343539	0.12492	0.0851011	0.00472272	0.00417495	0.0944342	0.0467636	0.147805	0.00466489	0.0133363	0.105965	0.00663047	0.0511156	0.0954461	0.0113724	0.0761663	0.0511452	0.000818933	0.00502772
51	0.0197487	0.0073508	0.000589402	0.0112151	0.0144815	0.00294448	0.00126805	0.448242	0.00550357	0.116119	0.0297	0.00102544	0.00537637	0.00530727	0.00212973	0.00396135	0.0263439	0.291273	0.00307496	0.00434581
52	0.319835	0.0405026	0.0048939	0.0217003	0.00457924	0.00939928	0.0163155	0.0314739	0.0560188	0.0886341	0.0137594	0.0220954	0.00270616	0.0278556	0.0408234	0.140884	0.0532081	0.0874971	0.000724387	0.017094
53	0.0669282	0.00234992	0.0790828	0.291132	0.000455465	0.0114906	0.0145614	0.00596905	0.173807	0.0217827	0.0154614	0.0475767	0.000220854	0.141027	0.0500438	0.0288002	0.0222901	0.0241232	0.00010614	0.0027921
54	0.330442	0.0234033	0.0219972	0.0426971	0.0152886	0.0753508	0.0122642	0.0309524	0.0268172	0.0411953	0.0192022	0.0269978	0.0128745	0.0212237	0.0169033	0.156806	0.0575887	0.0467871	0.00202209	0.0191868
55	0.0464425	0.0898828	0.073829	0.034713	0.138504	0.0249763	0.133441	0.0172997	0.0373926	0.0278271	0.0372713	0.0565456	0.00996741	0.0324926	0.0323801	0.0536165	0.0370911	0.0216591	0.00739422	0.0872736
56	0.042807	0.00207282	0.0964414	0.227593	0.0103527	0.00990937	0.00798996	0.018989	0.138512	0.0616766	0.0457073	0.0717853	0.00432173	0.0969189	0.0569665	0.019297	0.0271264	0.0246716	0.00874936	0.0281122
57	0.100907	0.00305956	0.0857373	0.205003	0.00117536	0.0137056	0.0108843	0.00312357	0.135066	0.0106125	0.0115807	0.063677	0.000382428	0.0888772	0.0713732	0.10983	0.0610241	0.0191413	0.00016826	0.00467256
58	0.0121602	0.00169173	0.00665145	0.0111114	0.00137879	0.84784	0.0160837	0.00236487	0.017412	0.0058763	0.00168021	0.0335173	0.00129945	0.0103686	0.00337149	0.0193556	0.00321022	0.00253006	0.000410704	0.00168613
59	0.0472783	0.00273185	0.0939613	0.170656	0.00778775	0.00256611	0.00255681	0.122651	0.0461422	0.127496	0.0612389	0.0166097	0.00726381	0.0462952	0.0544135	0.0329134	0.0275975	0.116104	0.000519442	0.0132163
60	0.00846309	0.00283977	0.000436845	0.00631051	0.0370896	0.000437074	0.000757784	0.179317	0.00306988	0.604925	0.0597954	0.00340615	0.000399293	0.00427592	0.00336211	0.00133408	0.0156699	0.062402	0.000337481	0.00537118
61	0.029483	0.0184198	0.021486	0.0282798	0.116733	0.0191428	0.151601	0.0199723	0.0463472	0.0274294	0.0189415	0.0997447	0.00424129	0.0225811	0.045366	0.0414094	0.0201437	0.0132621	0.0134826	0.241934
62	0.0101843	0.0219854	0.0064965	0.00701888	0.349424	0.00605001	0.0114694	0.0710945	0.0195178	0.0478507	0.0170033	0.0233863	0.00100511	0.00676823	0.00664049	0.0190424	0.0520423	0.0309406	0.0233787	0.268701
63	0.0447528	0.0209506	0.0354848	0.0497168	0.0545209	0.0382847	0.158298	0.0194965	0.080822	0.0339116	0.0251668	0.117147	0.00962028	0.0460396	0.0563249	0.0641373	0.0447883	0.0205331	0.00651305	0.0734919
64	0.0534723	0.0139888	0.292447	0.118918	0.00616259	0.0316535	0.0292361	0.0131537	0.0645482	0.0198867	0.0144705	0.0990886	0.0167372	0.0451663	0.0304149	0.0742352	0.0406422	0.0182861	0.00155948	0.0159334
65	0.29406	0.0109738	0.00750067	0.0420269	0.00533548	0.0330358	0.0217443	0.0205756	0.0416712	0.15141	0.133292	0.00829051	0.00286926	0.0503388	0.00734082	0.100083	0.0120897	0.0328105	0.00111797	0.0234334
66	0.0664908	0.014721	0.259953	0.0900863	0.00697522	0.0346473	0.0291489	0.0107059	0.0462148	0.0121113	0.0130794	0.106435	0.0154219	0.0383167	0.0272735	0.139297	0.0576713	0.0164682	0.00101114	0.0139711
67	0.105609	0.016008	0.0150763	0.0329037	0.121501	0.0156643	0.0281674	0.0293382	0.0349692	0.0363778	0.0215459	0.0236938	0.00642692	0.0239831	0.0284661	0.052757	0.0370706	0.0309195	0.0159807	0.323542
68	0.147443	0.00756001	0.0046303	0.0160222	0.0476109	0.00913875	0.0494196	0.0448958	0.0253423	0.0858582	0.0136227	0.0118022	0.00572753	0.0837899	0.0507198	0.214175	0.0853841	0.0154815	0.00142904	0.0799471
69	0.0530075	0.00976122	0.0192769	0.0528355	0.0188804	0.00395329	0.0105262	0.169428	0.0380505	0.268629	0.101127	0.00920005	0.0280512	0.0235589	0.0519112	0.0248987	0.0262723	0.0640864	0.00132863	0.0252164
70	0.0119573	0.0193927	0.02129	0.0108284	0.320659	0.00769303	0.01691	0.0468404	0.0190553	0.0488752	0.0168402	0.0275826	0.00189501	0.0300486	0.0103482	0.0184276	0.0475999	0.0355424	0.0536544	0.23456
71	0.103776	0.00518956	0.00539527	0.0106496	0.0988963	0.0278695	0.0846722	0.0217134	0.0717288	0.0103567	0.0770652	0.0487762	0.0547043	0.0557036	0.0103383	0.138647	0.154751	0.00863639	0.00139025	0.00974047
72	0.0376398	0.00777321	0.0266682	0.0955347	0.0265157	0.00266117	0.00614878	0.178582	0.0355161	0.23494	0.124768	0.00951943	0.00516886	0.0345227	0.0380041	0.0229706	0.0312819	0.0606859	0.00101433	0.0200848
73	0.0950838	0.00705194	0.00629171	0.0116975	0.134936	0.0251178	0.0826216	0.0188285	0.0540564	0.0145627	0.0711931	0.0574594	0.0368698	0.0431765	0.0111924	0.136341	0.163236	0.0101601	0.00234523	0.0177794
74	0.0397556	0.0152696	0.0813035	0.0530089	0.020854	0.0514195	0.0712117	0.0158478	0.0671967	0.0196045	0.0152317	0.270709	0.0134555	0.0484849	0.0279195	0.095596	0.0369641	0.0265876	0.00230932	0.0272705
75	0.0959124	0.301414	0.0323447	0.0259792	0.0317233	0.0210557	0.0191228	0.0444167	0.0302789	0.0349723	0.0435898	0.043705	0.013444	0.0214612	0.0162804	0.0861248	0.0438398	0.0584554	0.00434369	0.0315357
76	0.0249991	0.37068	0.122819	0.0572808	0.0112924	0.0116991	0.0123505	0.0116452	0.0219228	0.0153168	0.103965	0.0219895	0.00511078	0.0156665	0.0136851	0.129813	0.0190472	0.0174949	0.00238105	0.0108419
77	0.0208848	0.00572013	0.00225947	0.0116311	0.0353272	0.00145645	0.00217488	0.212536	0.00746187	0.466933	0.0657677	0.00456563	0.00116194	0.0067668	0.00586325	0.00659175	0.0216544	0.10972	0.00208419	0.00943917
78	0.0169606	0.00871237	0.000605218	0.0113104	0.00541508	0.00407585	0.000737293	0.536373	0.00698416	0.0534718	0.0092492	0.00137159	0.00789925	0.00560078	0.00206363	0.00347155	0.0290575	0.295615	0.000492722	0.000533404
79	0.0116474	0.00586555	0.325185	0.0319187	0.00464951	0.0527938	0.0553525	0.00267835	0.0197216	0.004599	0.0105925	0.257049	0.0131135	0.0156752	0.0117222	0.106384	0.0393979	0.00932217	0.00079864	0.0215328
80	0.024181	0.00922797	0.000473139	0.00684079	0.0407472	0.00146466	0.00383994	0.275555	0.00209673	0.273936	0.0916324	0.00324633	0.000645556	0.00453623	0.00303778	0.0041803	0.0221545	0.202905	0.00827565	0.0210235
81	0.123363	0.00198855	0.135773	0.235374	0.00178873	0.0419543	0.0200479	0.00324801	0.247211	0.00955307	0.00361593	0.0825257	0.00214021	0.0167274	0.00751942	0.0341803	0.00806863	0.00965832	0.00949143	0.00577051
82	0.0121737	0.0034962	0.3166	0.0367568	0.00652508	0.0910914	0.0542502	0.00302957	0.0073141	0.00441484	0.00847948	0.195454	0.00843052	0.00611391	0.0153988	0.132947	0.0490612	0.00626368	0.000842018	0.0413571
83	0.0296411	0.0103135	0.00339152	0.0128943	0.0323773	0.00190734	0.00364789	0.284912	0.00628441	0.216097	0.086676	0.00390722	0.00150115	0.00724739	0.00529949	0.00788958	0.0318386	0.228645	0.00814883	0.0173806
84	0.00849851	0.00306102	0.00263605	0.00576115	0.12036	0.00202399	0.00448124	0.0797589	0.00537649	0.654603	0.0455931	0.00649112	0.00120117	0.00580978	0.00388144	0.00500841	0.0116982	0.0245112	0.000932926	0.00831315
85	0.122168	0.00514878	0.0933022	0.13837	0.00239005	0.0249351	0.031632	0.00568842	0.101123	0.00676675	0.00513083	0.0982137	0.0130517	0.0584701	0.0456553	0.146666	0.0854242	0.0129832	0.000280528	0.00260045
86	0.00699948	0.00112607	0.0623455	0.0404151	0.00243325	0.0612168	0.131371	0.00128216	0.0960597	0.00670978	0.00243504	0.440627	0.000724918	0.0775438	0.0252654	0.0216843	0.0068069	0.00194784	0.000251705	0.0127538
87	0.010584	0.00355558	0.00676386	0.00993595	0.00178569	0.852273	0.0160112	0.00157071	0.0164758	0.00565447	0.00197287	0.0327992	0.000725326	0.00852292	0.00224007	0.0200502	0.00465646	0.0027263	0.000274591	0.00142173
88	0.0229057	0.0486586	0.00770823	0.0117501	0.277065	0.00882325	0.017247	0.0577984	0.020163	0.0447356	0.0180277	0.0329903	0.00313967	0.0119073	0.009418	0.0290981	0.090998	0.0452509	0.0207723	0.221543
89	0.0894334	0.00663647	0.0545946	0.157573	0.00746632	0.0164858	0.0170202	0.00803496	0.138387	0.00936328	0.00980565	0.06538	0.0108657	0.0739275	0.0723959	0.101686	0.105711	0.0428811	0.000734347	0.0116182
90	0.0226959	0.00963292	0.000577862	0.00674841	0.036963	0.00072661	0.00323297	0.288724	0.00243151	0.239102	0.0980317	0.00145585	0.000646859	0.005114	0.00290949	0.00312852	0.0232976	0.227807	0.00963999	0.0171331
91	0.0263564	0.0114432	0.0546822	0.0249233	0.00954716	0.391903	0.0682585	0.00474809	0.0296333	0.010325	0.00772646	0.176185	0.00553712	0.029583	0.0116848	0.093866	0.0250533	0.00461896	0.000772936	0.0131521
92	0.0128343	0.00403518	0.0786565	0.0756985	0.00285551	0.0938568	0.0910263	0.0028403	0.109568	0.0067087	0.00321646	0.349583	0.00246961	0.092222	0.024711	0.0259253	0.00862125	0.00426021	0.000769778	0.0101409
93	0.21389	0.0198821	0.00803704	0.038535	0.00639576	0.00297429	0.0142598	0.0785848	0.147408	0.0884272	0.0123085	0.0163593	0.0068571	0.0370525	0.0695294	0.0684373	0.0631306	0.0956141	0.000917666	0.0113985
94	0.00921682	0.00366246	0.096839	0.0874598	0.0397432	0.0219358	0.00467718	0.00782382	0.114351	0.0683054	0.125448	0.108839	0.0205858	0.055471	0.0389916	0.00919926	0.0462104	0.0262782	0.042947	0.0720148
95	0.0240188	0.0101895	0.000513689	0.00633684	0.0377169	0.000755069	0.00359204	0.296439	0.00232138	0.214499	0.0961489	0.00134395	0.00061916	0.00489139	0.00274761	0.00310179	0.0234693	0.242317	0.010625	0.0183528
96	0.0668819	0.00111102	0.267652	0.283808	0.00190003	0.0189061	0.00717155	0.00357551	0.0639489	0.0165972	0.0014899	0.0351321	0.0326944	0.0553317	0.0230813	0.0443053	0.0486677	0.0180228	0.000404264	0.00931822
97	0.0605057	0.0066947	0.0122649	0.0699912	0.00414433	0.0109734	0.0109722	0.00879189	0.100625	0.0131855	0.00999324	0.0169752	0.116239	0.0193481	0.129833	0.182263	0.174885	0.0404169	0.00199399	0.00990318
98	0.0983089	0.0145626	0.00737492	0.0318257	0.0077008	0.0127069	0.00449301	0.00684087	0.0477033	0.007952	0.00392424	0.0129098	0.595266	0.0146435	0.00905183	0.0514321	0.0272202	0.0429187	0.000532429	0.00263212
99	0.0121822	0.00436363	0.0265991	0.0356767	0.00498323	0.0121236	0.0876086	0.00807923	0.379384	0.0169639	0.0101354	0.102105	0.00415935	0.0627047	0.167141	0.0127472	0.0277736	0.0115122	0.000869646	0.0128871
100	0.15364	0.0178341	0.026367	0.0217885	0.0111102	0.0783693	0.0139127	0.00963224	0.0196445	0.0179315	0.013888	0.0507261	0.0160626	0.0176131	0.0133462	0.304065	0.17272	0.0308782	0.000752132	0.00971732
101	0.0238108	0.00787664	0.00137071	0.00764438	0.0482055	0.00232851	0.00390885	0.260177	0.00293576	0.313416	0.0735789	0.00470346	0.00109448	0.00473422	0.00331011	0.0063432	0.0222597	0.187877	0.0065825	0.0178426
102	0.153529	0.00258711	0.105058	0.0974892	0.0088951	0.0350669	0.0303078	0.0139594	0.0292048	0.00919888	0.00710351	0.079829	0.00173877	0.0863783	0.0514238	0.198734	0.0830103	0.00424367	0.00034451	0.00189752
103	0.0940468	0.0261324	0.00549579	0.0163696	0.00450592	0.00389057	0.00461023	0.119897	0.00742091	0.0637202	0.0299054	0.0175057	0.00190899	0.0224962	0.00439478	0.0503175	0.235861	0.28748	0.00105698	0.00298342
104	0.308201	0.0229902	0.0214031	0.0423986	0.0130792	0.0784254	0.0133729	0.0309487	0.0381901	0.0411959	0.0221168	0.0277493	0.0246382	0.0252012	0.0203036	0.141383	0.0588466	0.0518436	0.00208728	0.0156257
105	0.296853	0.044852	0.00270259	0.00500965	0.0164661	0.0422607	0.00254731	0.00569658	0.00611786	0.0152945	0.00656924	0.00620671	0.00935858	0.00425975	0.00432844	0.261015	0.184698	0.0656481	0.00051763	0.019598
106	0.0882018	0.0136434	0.111777	0.0534759	0.00649348	0.0473826	0.049055	0.00701737	0.0273566	0.00940701	0.00568696	0.185439	0.0156202	0.0391857	0.0217235	0.195314	0.104217	0.00985958	0.000662108	0.00848254
107	0.0390857	0.0166125	0.018422	0.0330268	0.0153635	0.0146125	0.110006	0.103072	0.045248	0.0326749	0.0203187	0.0517483	0.00569958	0.108556	0.0245733	0.0307971	0.0491883	0.260556	0.00312603	0.0173129
108	0.142093	0.0357842	0.00367276	0.0130745	0.00164047	0.00243101	0.00181103	0.122097	0.00379018	0.112381	0.0515194	0.00403205	0.000788538	0.0174302	0.00227533	0.0312433	0.23993	0.211946	0.000502901	0.00155642
109	0.285447	0.0332935	0.00177642	0.00302672	0.0124094	0.0483809	0.00165464	0.00246296	0.00442089	0.0123879	0.00551062	0.0044172	0.0106488	0.00225246	0.00271775	0.276661	0.215496	0.0574872	0.00030909	0.01924
110	0.0658923	0.00756671	0.153921	0.158656	0.00518551	0.0207283	0.0272036	0.0143245	0.102876	0.0233841	0.0172834	0.0708986	0.0138098	0.116183	0.0551327	0.0618252	0.0476317	0.0269687	0.00126776	0.00926267
111	0.0427944	0.0112061	0.00156212	0.0111825	0.0257712	0.00438533	0.00368265	0.359304	0.00551827	0.147396	0.0483624	0.00612003	0.00325468	0.00612399	0.00338382	0.00979552	0.0402839	0.251034	0.00456847	0.0142702
112	0.0247075	0.00951589	0.000635132	0.0082395	0.0243973	0.00223276	0.00260653	0.385184	0.00406567	0.152654	0.0642535	0.00172933	0.00267223	0.00572913	0.00235716	0.00399467	0.0276206	0.259892	0.0064066	0.0111062
113	0.295531	0.0207034	0.008957	0.0348476	0.00540183	0.00437238	0.0176896	0.061611	0.0807266	0.0873237	0.0162604	0.0217073	0.00401697	0.0486239	0.050018	0.0866135	0.0682944	0.0701253	0.0006953	0.0164812
114	0.144773	0.00795258	0.0974021	0.0800579	0.008219	0.0299468	0.0289691	0.012392	0.0301819	0.0107048	0.0076294	0.0975932	0.00468336	0.0990527	0.0404316	0.215677	0.072534	0.00734487	0.00101025	0.00344412
115	0.0273577	0.0104204	0.000819835	0.00982641	0.00961041	0.00412712	0.00111977	0.470325	0.00612949	0.0684979	0.0178309	0.00198978	0.0059121	0.0067608	0.00192823	0.00668371	0.0408824	0.306029	0.00164277	0.00210545
116	0.405757	0.0166769	0.00352684	0.00905824	0.00378746	0.0566391	0.00698602	0.00400547	0.00504951	0.00852245	0.012576	0.0303468	0.017457	0.00396624	0.00473608	0.360402	0.0339912	0.0123747	0.000389528	0.00375132
117	0.171953	0.00905635	0.00762291	0.00537299	0.00780725	0.0458651	0.00921291	0.00424166	0.0107429	0.0140522	0.0130372	0.0882981	0.0175782	0.00710322	0.00471993	0.528715	0.0426422	0.00928861	0.000487458	0.00220321
118	0.08225	0.0630853	0.0214898	0.0112776	0.00777375	0.0608598	0.0488997	0.00722965	0.0121869	0.0305328	0.0103482	0.208815	0.00798852	0.0430302	0.00879245	0.299653	0.06022	0.00961534	0.00126708	0.00468471
119	0.0729518	0.0265784	0.0178087	0.0279984	0.0125547	0.012488	0.0181931	0.109094	0.0465835	0.0472178	0.0289942	0.0275872	0.00831	0.150934	0.0233765	0.0512343	0.189603	0.115001	0.00210214	0.011388
120	0.0113796	0.00595515	0.00693544	0.00901398	0.238371	0.00540052	0.0218794	0.0157018	0.0129948	0.0104579	0.0101353	0.0124297	0.00187949	0.00980769	0.017672	0.00575604	0.010906	0.00823695	0.0343519	0.550735
121	0.0171242	0.001783	0.00642982	0.0107704	0.00140669	0.840511	0.0166635	0.00199403	0.0167903	0.00610797	0.00249014	0.0340891	0.000882591	0.0102245	0.00215725	0.0215004	0.0049658	0.00238958	0.000282954	0.00143639
122	0.0122129	0.00182775	0.00506161	0.0106556	0.00122451	0.845122	0.0165841	0.00173642	0.0181556	0.00538178	0.00189809	0.0368505	0.00450037	0.0106677	0.00233625	0.0170904	0.00348237	0.0031345	0.000211636	0.00186587
123	0.0316866	0.110859	0.0177197	0.0212606	0.0718766	0.0116335	0.0170774	0.0360901	0.0228543	0.0178584	0.0181181	0.0787006	0.00536764	0.177343	0.0157808	0.0339895	0.161014	0.124345	0.00312018	0.023305
124	0.0350019	0.00638586	0.00299978	0.00402123	0.00215291	0.00605806	0.00266696	0.0118502	0.00459013	0.0047132	0.00353619	0.00455616	0.001197	0.00472601	0.00320942	0.310017	0.558603	0.0306641	0.000617077	0.00243364
125	0.079038	0.00494082	0.00148351	0.0186736	0.0660087	0.0213809	0.0138279	0.257588	0.00414597	0.127809	0.0252971	0.0347971	0.00210969	0.00424075	0.00332981	0.0381368	0.0115124	0.232404	0.00181038	0.0514651
126	0.0208084	0.0122322	0.166082	0.0365731	0.00496207	0.0245644	0.035283	0.00460709	0.0320356	0.00656563	0.0120674	0.314631	0.0535937	0.0132042	0.00794833	0.122221	0.0986456	0.0216949	0.000972298	0.0113079
127	0.0403315	0.002842	0.0827496	0.136148	0.0100139	0.00249161	0.00230596	0.147636	0.0471374	0.141822	0.0627595	0.0138864	0.00849448	0.0369422	0.0520969	0.0391153	0.0287332	0.135162	0.000655679	0.00867709
128	0.127692	0.00654744	0.0644426	0.136279	0.00245927	0.0167934	0.0127606	0.00635008	0.0991888	0.0150746	0.00993362	0.0613543	0.00094798	0.0810482	0.0879349	0.157266	0.0906713	0.0154684	0.000749889	0.00703853
129	0.0331425	0.013286	0.000844371	0.00795838	0.044331	0.00290388	0.0100162	0.284026	0.0034649	0.223196	0.0834313	0.00538715	0.00178924	0.00545243	0.00397224	0.00647662	0.0243958	0.21581	0.00841347	0.0217018
130	0.0168334	0.00551191	0.00203061	0.0102741	0.0371029	0.00164078	0.00211669	0.208895	0.00435728	0.482981	0.0673095	0.00444473	0.00101517	0.00630971	0.00492177	0.00439493	0.0232983	0.103906	0.0021086	0.0105479
131	0.543132	0.0097615	0.00291701	0.0350215	0.00272889	0.162215	0.00322759	0.00860684	0.00479801	0.0164907	0.012667	0.00607451	0.00554309	0.00472553	0.00344382	0.140389	0.0123335	0.0224254	0.000777747	0.00272128
132	0.0508197	0.0139547	0.00303063	0.0313527	0.00677251	0.00149465	0.00164239	0.00164049	0.0526906	0.00196433	0.00179198	0.00782041	0.718561	0.0137774	0.00802559	0.0273779	0.015811	0.0398484	0.000363315	0.00125978
133	0.00956343	0.00136566	0.00579303	0.00797736	0.239857	0.00329009	0.0185614	0.00765907	0.00974837	0.00161091	0.00592708	0.00565839	0.000715764	0.00820871	0.0169783	0.00182846	0.00204822	0.00144239	0.0331578	0.618609
134	0.153936	0.0211244	0.00284875	0.0163922	0.0195571	0.00826206	0.00651041	0.159519	0.0123181	0.101054	0.027406	0.0162791	0.00219895	0.0145292	0.0104502	0.0504954	0.115797	0.24707	0.00123205	0.01302
135	0.055901	0.0267136	0.00259253	0.0545786	0.0148124	0.00256735	0.0146171	0.132167	0.320077	0.114172	0.0149432	0.00471354	0.0015594	0.0263253	0.0687286	0.00679056	0.0191725	0.116107	0.000792927	0.00266874
136	0.0440225	0.00795775	0.222391	0.0391618	0.0084273	0.0440787	0.0322394	0.00558397	0.0221106	0.00891389	0.0118506	0.172277	0.0129572	0.0198575	0.0152582	0.249577	0.0547207	0.0106048	0.00109844	0.0169115
137	0.0102678	0.00130048	0.00600113	0.00875701	0.208904	0.00265358	0.0198948	0.0051181	0.0110551	0.00140184	0.00564392	0.00562709	0.000888134	0.00931431	0.0197727	0.0018649	0.00214872	0.00151072	0.0354297	0.642446
138	0.0675118	0.0023787	0.0803173	0.294351	0.000457471	0.0117078	0.0146661	0.00578811	0.171599	0.0212829	0.0150531	0.0481196	0.00022846	0.140788	0.0474474	0.0287138	0.0221569	0.0245235	0.000120255	0.00278763
139	0.0161469	0.00622374	0.0218681	0.0490209	0.0148017	0.0138603	0.102081	0.00859755	0.334723	0.0236379	0.0106734	0.062434	0.00387758	0.0671477	0.178408	0.0156005	0.0331501	0.0136292	0.000810904	0.0233076
140	0.0238452	0.0111056	0.00534806	0.0334198	0.0890749	0.0107847	0.263788	0.0341774	0.00708675	0.0315605	0.0103601	0.247347	0.00221425	0.0184528	0.00498496	0.0570808	0.00671037	0.00571268	0.00334045	0.133606
141	0.0358331	0.014812	0.00378309	0.0361563	0.0376382	0.00343669	0.0199011	0.102139	0.0619931	0.356283	0.127348	0.00493108	0.00393305	0.0235164	0.0764661	0.0083465	0.0210404	0.00577165	0.000744721	0.0559272
142	0.0141967	0.0100328	0.028385	0.024069	0.0173466	0.00366165	0.0119674	0.00508091	0.130233	0.136653	0.0957926	0.00753266	0.00225983	0.209592	0.245519	0.0158668	0.0295684	0.00635975	0.000797977	0.00508462
143	0.0852276	0.0230573	0.00251592	0.0102124	0.0147976	0.00159343	0.00233095	0.192643	0.00316681	0.179111	0.0709936	0.00247725	0.000818075	0.0117249	0.00316989	0.0170995	0.146554	0.220424	0.00387915	0.00820345
144	0.026708	0.00485418	0.0362278	0.104313	0.000461971	0.00935001	0.0183672	0.0200503	0.320326	0.0312049	0.0105169	0.0271283	0.000782877	0.105292	0.215693	0.0203949	0.0306624	0.0160939	0.000127941	0.0014443
145	0.031908	0.0045345	0.0559537	0.139873	0.000989367	0.00822731	0.0186002	0.0159428	0.294356	0.025838	0.0104152	0.0380928	0.00252124	0.100551	0.183541	0.0216395	0.0287442	0.0155728	0.000423297	0.00227572
146	0.0770956	0.00288385	0.276905	0.274379	0.00355776	0.0134802	0.0125231	0.00408301	0.0544339	0.0138593	0.00364546	0.0435202	0.0184749	0.0446845	0.0206237	0.0644411	0.0370125	0.0210928	0.000817235	0.0124866
147	0.0252184	0.0104555	0.000500843	0.0063722	0.038748	0.00107894	0.00378717	0.295526	0.00228874	0.212573	0.0944103	0.00180577	0.000589914	0.0048965	0.00259868	0.00364827	0.0231152	0.242446	0.0106414	0.0192988
148	0.0748968	0.00527921	0.0202825	0.108149	0.0688546	0.0256187	0.0462892	0.00741966	0.195757	0.00858921	0.00986525	0.0720201	0.0169691	0.0536639	0.0507957	0.0388254	0.0805129	0.0566265	0.00190989	0.0576752
149	0.153386	0.0047108	0.118833	0.122947	0.00499273	0.0215148	0.0191711	0.00975201	0.0746105	0.0123771	0.00853622	0.066276	0.00586332	0.0790919	0.0581518	0.14987	0.0709774	0.0130012	0.000838109	0.00509877
150	0.466543	0.0110194	0.0055346	0.0176164	0.00298462	0.219833	0.00416122	0.0109902	0.00542264	0.0181435	0.0112097	0.00990021	0.0108425	0.00374088	0.0046651	0.143395	0.0271188	0.0228992	0.000535606	0.00344417
151	0.024622	0.010427	0.00051284	0.00615747	0.0382084	0.000838711	0.00359653	0.29964	0.00231427	0.210576	0.0940768	0.00132413	0.000684627	0.00491397	0.00260128	0.00325823	0.0233107	0.244156	0.010782	0.0179987
152	0.0647646	0.00568301	0.0864871	0.211806	0.00467761	0.0163624	0.0212865	0.0124286	0.144119	0.0221264	0.0155291	0.0609475	0.00786799	0.133416	0.0690147	0.0478263	0.0390696	0.0274072	0.000924017	0.00825651
153	0.167308	0.0162282	0.00711945	0.00999504	0.0118011	0.137374	0.0107914	0.00902829	0.0151312	0.0167458	0.0337822	0.0192595	0.011745	0.0114727	0.00841654	0.248151	0.224912	0.0293293	0.00117142	0.0102386
154	0.0237189	0.0101511	0.000496302	0.00613507	0.037869	0.000709015	0.00342361	0.294183	0.00226465	0.222897	0.0949299	0.00121982	0.000600516	0.00486622	0.00267538	0.00312782	0.0233949	0.238792	0.010668	0.0178775
155	0.0455583	0.00683137	0.050797	0.174529	0.0064259	0.00877733	0.0158062	0.0250263	0.176398	0.0665115	0.0351293	0.0290616	0.00211963	0.132835	0.129333	0.0277279	0.0285122	0.0304542	0.000747324	0.00742022
156	0.0166273	0.0125231	0.00809131	0.0116342	0.241212	0.0123849	0.0269637	0.0298113	0.0154453	0.0235083	0.0284681	0.0153602	0.00416049	0.0123995	0.0193693	0.01331	0.0186044	0.0157792	0.0237701	0.450577
157	0.0478146	0.00369729	0.0619388	0.231956	0.0025242	0.0178149	0.0214364	0.00749935	0.161694	0.0179954	0.0123578	0.0875196	0.00201433	0.182794	0.0574044	0.0305603	0.0216131	0.0270908	0.000606271	0.00366762
158	0.0280228	0.00810832	0.000588003	0.00767968	0.0288093	0.00254639	0.0023793	0.368532	0.00400758	0.15136	0.0515435	0.00170321	0.00248136	0.00519808	0.00179517	0.00622067	0.023886	0.289122	0.00618	0.00983664
159	0.0638014	0.0259064	0.00823806	0.0254122	0.0229425	0.0218756	0.0125585	0.159492	0.0168323	0.0477777	0.0241683	0.145687	0.004271	0.0246783	0.00805981	0.0750228	0.0433636	0.239726	0.00164821	0.0285381
160	0.04672	0.00812186	0.00382077	0.00431227	0.00288768	0.00958507	0.00304329	0.0110941	0.00578441	0.00613399	0.0042144	0.00852129	0.00229485	0.00523085	0.00360304	0.321222	0.519226	0.0304666	0.000557912	0.00315918
161	0.0139794	0.00682519	0.00362437	0.0111556	0.0602729	0.00238669	0.00331292	0.14931	0.00843437	0.507657	0.0700836	0.0191498	0.00159482	0.00654389	0.00653412	0.00711553	0.0293888	0.0741669	0.00242012	0.0160445
162	0.0614413	0.0239713	0.0166417	0.0194576	0.187319	0.0460917	0.101763	0.0094528	0.015261	0.0621652	0.072171	0.0169394	0.0104522	0.0489378	0.0498333	0.091039	0.0223326	0.00754052	0.00219906	0.134991
163	0.0394674	0.00686969	0.00302786	0.00374461	0.00224931	0.00722633	0.00276851	0.0115038	0.00459927	0.00488195	0.00377585	0.00517926	0.00133368	0.00454923	0.00302669	0.313981	0.547079	0.0316196	0.000576562	0.00254058
164	0.16508	0.0269745	0.00212084	0.00302427	0.00816672	0.0258393	0.00206755	0.00567452	0.00419494	0.00904297	0.00479534	0.00525341	0.00480128	0.00320239	0.00244334	0.327195	0.341997	0.0465623	0.000338253	0.0112266
165	0.0159405	0.00568358	0.0423932	0.0567467	0.00528156	0.0433086	0.0805323	0.00644571	0.100029	0.00965241	0.00661351	0.336205	0.00306957	0.142407	0.0663307	0.0329828	0.0141027	0.0209103	0.00124552	0.0101204
166	0.00782102	0.00196018	0.00654737	0.0103033	0.00189449	0.856021	0.0167564	0.00174345	0.0160249	0.00542376	0.00167344	0.0357053	0.000703963	0.00898564	0.00220716	0.0195375	0.00266568	0.00191826	0.000425793	0.00168116
167	0.0634037	0.0114956	0.142884	0.146865	0.00649293	0.0208393	0.0281626	0.0130068	0.116385	0.0215787	0.0189701	0.0736613	0.0140975	0.117367	0.0619822	0.0600633	0.0475572	0.0255732	0.0014614	0.00815251
168	0.299222	0.0333164	0.00250308	0.00544162	0.0134273	0.0437597	0.00332427	0.00381739	0.00804183	0.0147386	0.00572599	0.00766407	0.0126333	0.00551318	0.00549493	0.262614	0.193511	0.0541926	0.000432086	0.0246259
169	0.0604105	0.0138093	0.0158092	0.0380864	0.00948444	0.00596866	0.00630921	0.00557564	0.0547408	0.00450807	0.00356192	0.0148551	0.625995	0.018469	0.0120436	0.0418528	0.0243334	0.0390034	0.000476928	0.00470663
170	0.0219408	0.018019	0.0122871	0.0193572	0.246445	0.0113388	0.0321575	0.0514544	0.0283508	0.0566159	0.0262506	0.0291875	0.0049448	0.0154251	0.0256233	0.0232078	0.0338686	0.0342817	0.0227289	0.286515
171	0.106558	0.0235244	0.00338926	0.0137801	0.00997747	0.00430878	0.00216648	0.16838	0.00517058	0.0883757	0.0309502	0.00794974	0.00142406	0.0145872	0.00277915	0.0363594	0.170195	0.307174	0.00110924	0.00184172
172	0.0527701	0.00811246	0.00345494	0.00407979	0.00274332	0.00946822	0.00267753	0.0106369	0.00456974	0.00530798	0.00385327	0.00644989	0.00204116	0.00485122	0.00313954	0.313525	0.526272	0.0320779	0.000547192	0.00342248
173	0.022904	0.00947028	0.00048099	0.00648334	0.037474	0.000744271	0.00328221	0.291164	0.00224871	0.235385	0.0948735	0.00140645	0.000643816	0.00500651	0.00277858	0.00300389	0.0230673	0.232445	0.00969058	0.0174477
174	0.020299	0.0236055	0.0170913	0.0196247	0.238648	0.0445858	0.0325746	0.0372622	0.0275223	0.0346776	0.0230393	0.0592754	0.0110407	0.0146141	0.0208303	0.0294322	0.0725459	0.0268995	0.0206398	0.225792
175	0.0265651	0.00848521	0.00148867	0.0122825	0.0546631	0.00162373	0.00507492	0.228746	0.0064527	0.352966	0.0983823	0.00463802	0.00145226	0.00702632	0.00746221	0.00464838	0.0191127	0.136185	0.00491912	0.0178263
176	0.0141982	0.00605849	0.0524091	0.0472635	0.0343243	0.0672561	0.181454	0.0121662	0.0497728	0.0147526	0.00564634	0.317609	0.00200272	0.0427461	0.0167382	0.0462467	0.0130287	0.00444094	0.00166454	0.070222
177	0.00942112	0.00350018	0.000765158	0.00668871	0.0411443	0.000540726	0.0012506	0.174564	0.00296447	0.574712	0.0649324	0.00458676	0.00119932	0.00410844	0.00394057	0.00193945	0.0249405	0.071164	0.00109205	0.00654559
178	0.024845	0.0110412	0.000694503	0.00932262	0.0132741	0.00317503	0.00137162	0.464357	0.00536229	0.0889564	0.0286487	0.00135582	0.00504914	0.00579516	0.00177014	0.00446252	0.0323411	0.290982	0.00305422	0.0041413
179	0.0936973	0.0574464	0.0328299	0.018053	0.0105812	0.00688883	0.00929324	0.110063	0.0140293	0.045142	0.0248589	0.0251928	0.00392941	0.111293	0.00935674	0.055419	0.180202	0.183631	0.00127377	0.00681887
180	0.0278401	0.0045779	0.0364551	0.123238	0.000520047	0.00867981	0.0166651	0.018744	0.315195	0.0287125	0.0099159	0.0266649	0.000852963	0.107212	0.203647	0.0225007	0.0316951	0.0152551	0.000124244	0.00150395
181	0.205717	0.0065462	0.108098	0.0971218	0.0179988	0.0260959	0.0241485	0.0122074	0.0230671	0.00951305	0.00795109	0.0605893	0.00219276	0.0562795	0.03548	0.210589	0.0802897	0.0101684	0.000615878	0.00533088
182	0.023979	0.0105062	0.000491208	0.00613872	0.0380511	0.000716724	0.00354952	0.296569	0.00227458	0.213978	0.0961614	0.00122065	0.000589446	0.00492216	0.00264738	0.00308201	0.0234449	0.242601	0.0107662	0.018311
183	0.00766984	0.00240887	0.000726704	0.00492	0.0580084	0.000584514	0.00093112	0.152556	0.00285723	0.632004	0.0527561	0.00381204	0.000415153	0.00460878	0.00258132	0.00164536	0.0148016	0.0500748	0.000340889	0.00629719
184	0.0265557	0.00483408	0.0359602	0.103962	0.000471885	0.00926531	0.0185473	0.0198736	0.320716	0.0313559	0.010496	0.0281081	0.000784408	0.105232	0.215095	0.0205268	0.0306176	0.0159914	0.000136213	0.00146926
185	0.0275191	0.0209039	0.00560546	0.0157584	0.0105301	0.0082544	0.0138189	0.0863298	0.0156569	0.0119133	0.0119097	0.107849	0.00322594	0.0684352	0.0078366	0.0331738	0.0921927	0.450508	0.00127411	0.00730408
186	0.04265	0.0106768	0.035685	0.0767903	0.0189539	0.0165831	0.0804067	0.0131679	0.170423	0.0340051	0.0199605	0.0616716	0.00521662	0.10544	0.178975	0.0386424	0.045328	0.0208062	0.00306357	0.0215543
187	0.0435943	0.0118462	0.00439084	0.0406889	0.0241	0.00351316	0.0117265	0.198504	0.0384378	0.309286	0.145658	0.00637671	0.00422322	0.0196602	0.0440923	0.0105164	0.0170601	0.0145899	0.000640291	0.0510948
188	0.0722549	0.00175313	0.0727914	0.296539	0.000455231	0.011804	0.0118077	0.00665625	0.184292	0.0259427	0.0133331	0.0475134	0.00031495	0.122853	0.0525517	0.0289144	0.0229847	0.0242558	0.000140447	0.00284229
189	0.0227656	0.00198091	0.0071226	0.0109241	0.00118466	0.82971	0.0174804	0.0018985	0.0181708	0.00598408	0.00192719	0.0375795	0.00101099	0.00958668	0.0028671	0.0213504	0.00368533	0.00275354	0.000334176	0.00168303
190	0.0238068	0.00795739	0.00482772	0.0182918	0.033416	0.00142759	0.00336079	0.279035	0.00630224	0.243339	0.0843441	0.00364096	0.0015682	0.0091323	0.00653709	0.00667444	0.0229266	0.221284	0.00712983	0.0149975
191	0.0469431	0.00677316	0.0649149	0.14799	0.00626854	0.204876	0.0265494	0.00954705	0.167493	0.0166244	0.00970546	0.0669918	0.0108302	0.0649707	0.0536427	0.0385804	0.028663	0.0169291	0.00229248	0.00941401
192	0.109172	0.00883181	0.0385047	0.093371	0.00375468	0.0143345	0.0167997	0.0257944	0.206788	0.0227792	0.00948257	0.0605799	0.00403884	0.0635848	0.1316	0.108817	0.0545075	0.0200198	0.000900102	0.00634021
