316	20
1	0.14349	0.00917333	0.0195409	0.0764751	0.0293014	0.0226334	0.0185428	0.0590422	0.0506785	0.0845206	0.155077	0.0189232	0.0129219	0.031898	0.0294776	0.0477103	0.0478728	0.118541	0.00560777	0.0185719
2	0.0362428	0.00339055	0.00547472	0.0112768	0.0731953	0.00730607	0.00862662	0.162067	0.0155306	0.216695	0.229941	0.0100658	0.00923682	0.0104405	0.0122128	0.0247654	0.0623931	0.0801853	0.00608957	0.014864
3	0.0439475	0.000618161	0.0151985	0.0525939	0.0157649	0.00675137	0.00990531	0.143511	0.243887	0.0923731	0.045855	0.00758677	0.00570027	0.0829932	0.0984696	0.0106214	0.0407857	0.0804128	0.000719111	0.00230575
4	0.017452	0.00252567	0.0214641	0.0367943	0.421064	0.00571508	0.248554	0.00984055	0.0079826	0.0608891	0.00972184	0.00975691	0.00426213	0.00917337	0.0281281	0.0154299	0.0114546	0.0125416	0.0122715	0.0549788
5	0.563429	0.0235013	0.00212329	0.00319222	0.00338042	0.0520146	0.00151821	0.00806572	0.00716718	0.00391774	0.00461074	0.0171068	0.00145516	0.00971167	0.00639398	0.221883	0.0251034	0.0428275	0.000709577	0.00188882
6	0.00994325	0.00608973	0.00668663	0.00375699	0.203411	0.00619958	0.0321789	0.0139055	0.011136	0.0470752	0.0224419	0.0174111	0.00445143	0.0135065	0.00859664	0.0124213	0.00756273	0.0163096	0.199182	0.357733
7	0.0112779	0.00290732	0.172517	0.0711069	0.00851752	0.050968	0.0669644	0.00493794	0.0471328	0.00342459	0.0012492	0.210129	0.00800724	0.0251709	0.032279	0.177546	0.0658168	0.0138985	0.000579836	0.02557
8	0.0814515	0.047239	0.0110175	0.00717406	0.00658255	0.272291	0.00629501	0.00701793	0.0312732	0.00983196	0.0232488	0.160646	0.0081028	0.0297501	0.0105967	0.253672	0.014403	0.00981586	0.00263773	0.00695363
9	0.0229625	0.00775478	0.0105807	0.0105147	0.13882	0.00994181	0.067522	0.015241	0.0389928	0.0334569	0.0144525	0.0394479	0.00636594	0.0193638	0.0489368	0.0293188	0.0167522	0.0313745	0.0339143	0.404286
10	0.12414	0.00177019	0.00602487	0.100998	0.00703188	0.00656005	0.00729015	0.0125695	0.235836	0.0389244	0.00550353	0.00908598	0.00698096	0.0106996	0.247091	0.0352165	0.0138377	0.118119	0.00438517	0.00793617
11	0.0117913	0.000563291	0.0145465	0.0307946	0.00346048	0.0212718	0.0566018	0.00413493	0.400161	0.037105	0.0231121	0.0389753	0.00217297	0.0535237	0.232525	0.0143701	0.041744	0.00642235	0.00289102	0.00383208
12	0.0054504	0.00438579	0.00557127	0.00102383	0.26399	0.000992051	0.0334148	0.00563372	0.0100236	0.0209046	0.000866365	0.0206989	0.000987137	0.00277205	0.00577359	0.00700407	0.00223647	0.0145126	0.0357232	0.558035
13	0.540698	0.0285461	0.00208483	0.00364407	0.00471414	0.0581941	0.00135839	0.0157522	0.0061156	0.00631476	0.00854979	0.0118172	0.00149022	0.0159479	0.00770497	0.194783	0.0325398	0.0572119	0.000548481	0.00198439
14	0.0163166	0.00442976	0.00563937	0.00658756	0.146839	0.0125774	0.0149484	0.0176796	0.00955564	0.127625	0.123001	0.00830007	0.00497592	0.0212874	0.00925452	0.0152628	0.0129473	0.0377012	0.317766	0.0873054
15	0.197697	0.00608948	0.015592	0.00918028	0.00328645	0.590408	0.00229201	0.0058351	0.0157483	0.00482246	0.00361172	0.0234747	0.00941758	0.00470531	0.0112204	0.0657587	0.0127008	0.014251	0.000884661	0.00302409
16	0.0684067	0.00121324	0.0163438	0.0869548	0.029304	0.0180055	0.161131	0.00460851	0.198118	0.0241527	0.0617579	0.0316656	0.00280076	0.0818803	0.053122	0.0492507	0.0294604	0.0102333	0.00549775	0.0660924
17	0.0187318	0.00351796	0.195284	0.0661968	0.00921778	0.0238255	0.0801805	0.00776238	0.0779968	0.0107585	0.00445822	0.194522	0.0106119	0.0299863	0.0725965	0.111662	0.0465969	0.0144776	0.0033689	0.0182473
18	0.0392165	0.00335314	0.154908	0.321053	0.00647416	0.0221091	0.0170897	0.0140146	0.0760107	0.0243068	0.0109637	0.0522713	0.0218332	0.0666351	0.0464395	0.0452455	0.0434877	0.0252451	0.00216207	0.00718089
19	0.0217871	0.00465946	0.00240301	0.00385087	0.0726457	0.00217008	0.00712106	0.146084	0.004904	0.485789	0.0600805	0.00665981	0.00467682	0.00896628	0.00941524	0.0105247	0.00985843	0.122848	0.00330711	0.0122489
20	0.0131647	0.000515667	0.00936172	0.0165894	0.00203666	0.0163352	0.0435382	0.00361	0.420489	0.0408567	0.0159373	0.0346507	0.00177862	0.0403642	0.301131	0.0138764	0.0165733	0.0061611	0.00114964	0.00187977
21	0.0234965	0.00188285	0.0226149	0.0207226	0.0231824	0.00991249	0.0106141	0.0159936	0.0169593	0.0416646	0.00865688	0.0153456	0.623553	0.0151134	0.0118061	0.0892277	0.0166635	0.00908516	0.00982655	0.0136788
22	0.0285973	0.00593787	0.0078109	0.00255528	0.0370701	0.00296309	0.0102489	0.182238	0.0142864	0.308085	0.0641939	0.0212588	0.0034005	0.027276	0.0377033	0.0288749	0.0119087	0.190156	0.00186576	0.0135699
23	0.0676431	0.00604526	0.00339134	0.00486629	0.0031297	0.0253208	0.00136852	0.00613965	0.00444978	0.00316761	0.00815759	0.0184125	0.00585269	0.0115637	0.00329565	0.557041	0.246865	0.0169958	0.00537168	0.000922615
24	0.0132504	0.000518469	0.00946301	0.0164144	0.00226175	0.0196951	0.0458709	0.0034883	0.419783	0.0398538	0.016477	0.0348541	0.00177974	0.0404129	0.295887	0.0137573	0.0164199	0.00623426	0.00115232	0.00242615
25	0.0456048	0.0064366	0.00370835	0.00543053	0.00381368	0.0193465	0.00154428	0.0108798	0.00759231	0.00692909	0.00784743	0.0212237	0.00578096	0.00832448	0.00962877	0.461369	0.352057	0.0171282	0.00402935	0.00132517
26	0.0031334	0.000357505	0.000747758	0.00118184	0.0374745	0.00245701	0.00302135	0.439481	0.00128395	0.270148	0.0695659	0.00418725	0.00286926	0.000931354	0.00654208	0.00405779	0.00807117	0.12817	0.00039719	0.0159219
27	0.0228277	0.000618037	0.00121152	0.00168679	0.0119676	0.00150314	0.00174878	0.416421	0.0054528	0.0362303	0.017483	0.00242056	0.000922702	0.00198007	0.00240738	0.02409	0.011212	0.420346	0.00068896	0.0187817
28	0.0247913	0.0016361	0.412446	0.186285	0.00520402	0.0145502	0.0237521	0.00611123	0.0482731	0.0102555	0.00456752	0.124653	0.011818	0.0339229	0.0220365	0.0279803	0.025638	0.0109629	0.0011183	0.00399766
29	0.430461	0.0378296	0.00394784	0.00387316	0.00373041	0.0850003	0.0021147	0.00944285	0.00888827	0.00443881	0.0079794	0.0235577	0.00309531	0.0154586	0.00814285	0.280084	0.0268089	0.0417917	0.000799654	0.0025542
30	0.0160149	0.00427225	0.00090345	0.00534152	0.0460404	0.00195964	0.00232393	0.0734507	0.00316382	0.652371	0.1203	0.00237687	0.00216856	0.00492329	0.00564022	0.00533883	0.00730786	0.0410081	0.00215559	0.00293896
31	0.035024	0.00537821	0.194784	0.08662	0.0112053	0.0352185	0.0426507	0.00969011	0.038862	0.0128242	0.0071865	0.113465	0.0459996	0.0281836	0.0273773	0.204363	0.0643985	0.0175349	0.00311505	0.0161205
32	0.0370957	0.00745382	0.00831324	0.00698922	0.0038666	0.0168942	0.00391646	0.0143341	0.0105558	0.0122054	0.0100739	0.0287544	0.00625629	0.00749649	0.0136974	0.380261	0.406753	0.0195799	0.0031805	0.00232219
33	0.0115424	0.00399723	0.00193292	0.00394351	0.0510056	0.00187671	0.00369802	0.120036	0.00204151	0.630303	0.072588	0.00339348	0.00215567	0.00583654	0.0062045	0.00636811	0.00759392	0.0579443	0.00218754	0.00535109
34	0.00596041	0.00432267	0.00581588	0.00110104	0.262331	0.00109939	0.0357762	0.00640359	0.0111263	0.0215229	0.000921198	0.0194798	0.00112206	0.00392622	0.00571691	0.00694421	0.00243495	0.0142683	0.0380057	0.551721
35	0.00734195	0.00201525	0.00084696	0.00356439	0.0413666	0.00246447	0.00204033	0.279667	0.00187193	0.443313	0.0990272	0.00324048	0.00220991	0.00266911	0.00569617	0.00407014	0.00746467	0.080382	0.00110728	0.00964068
36	0.161375	0.0123905	0.00835835	0.015543	0.0705746	0.0149792	0.0138022	0.0725096	0.0215307	0.118371	0.181759	0.0144792	0.00989644	0.0174819	0.0169232	0.0505283	0.0424942	0.132869	0.00825403	0.0158801
37	0.0320307	0.000573104	0.0837037	0.0538662	0.00603534	0.556681	0.0012828	0.00792202	0.0527971	0.00641638	0.00122607	0.102432	0.0032263	0.0146223	0.0320394	0.0300872	0.0110049	0.00225866	0.000577752	0.00121707
38	0.00862956	0.00383194	0.000514848	0.00377088	0.0634766	0.00109197	0.00226162	0.0388873	0.00111375	0.748364	0.0833421	0.00139355	0.000525587	0.00558531	0.00439736	0.00336957	0.00435813	0.0215014	0.00221251	0.00137248
39	0.0292177	0.00098779	0.0290259	0.0689161	0.0211558	0.0193424	0.179325	0.00362235	0.23542	0.0207732	0.0748199	0.0526003	0.00391802	0.0622839	0.0702762	0.0293244	0.0438568	0.00801537	0.0102916	0.036827
40	0.0415608	0.00162815	0.274417	0.288643	0.00598174	0.0173804	0.0145639	0.00566727	0.0862956	0.0134227	0.00748238	0.0589236	0.00924068	0.055822	0.0274961	0.0333523	0.0381687	0.0173626	0.000839713	0.00175091
41	0.0283097	0.00320323	0.165387	0.378106	0.00169709	0.0132191	0.0138357	0.0101163	0.0792983	0.0211634	0.00567292	0.0473052	0.00468145	0.0818587	0.0538922	0.0327322	0.0360902	0.0191015	0.00085472	0.00347585
42	0.006539	0.0032979	0.00430632	0.00109527	0.418469	0.000946316	0.0248611	0.00564305	0.00775591	0.0326362	0.00184156	0.0157094	0.00142277	0.00355673	0.00543251	0.00874048	0.00409603	0.0126035	0.0315037	0.409543
43	0.0373257	0.00134817	0.0951746	0.161092	0.00210261	0.00655842	0.0424303	0.0118763	0.193672	0.0114833	0.00736627	0.103185	0.004784	0.133653	0.0863474	0.0400904	0.0295546	0.00857051	0.01149	0.0118959
44	0.0391068	0.00329399	0.155904	0.330679	0.00156044	0.0114991	0.013074	0.00966794	0.09533	0.022332	0.00772865	0.0427629	0.00529595	0.0823984	0.0767387	0.0322434	0.0401626	0.0256162	0.00106408	0.00354148
45	0.264293	0.00659896	0.00749886	0.0022917	0.00208447	0.578417	0.0019289	0.00359606	0.0101068	0.00335488	0.00250248	0.0106683	0.00849193	0.00252142	0.00747507	0.0633928	0.00988471	0.012147	0.000809141	0.00193679
46	0.0158064	0.00275044	0.126446	0.0711269	0.0125381	0.035114	0.0822378	0.0094746	0.0531434	0.00413416	0.00169883	0.22083	0.00725991	0.0238111	0.0373251	0.193672	0.0567644	0.0211294	0.00125233	0.023485
47	0.00909715	0.00320487	0.00077434	0.00321588	0.114224	0.00134506	0.00351334	0.0339757	0.00161549	0.696238	0.0719846	0.00197559	0.00118198	0.00874271	0.005276	0.00518421	0.00655901	0.0216882	0.00430878	0.00589475
48	0.00909335	0.00472514	0.207996	0.0614065	0.00695786	0.029679	0.0853453	0.0041431	0.0465333	0.00277348	0.00121528	0.191431	0.00880922	0.0248771	0.0398642	0.178976	0.0656639	0.0135824	0.000646161	0.0162807
49	0.0398366	0.007849	0.00514618	0.00561951	0.168714	0.00447938	0.0275133	0.128734	0.0108265	0.242328	0.0813911	0.0140459	0.00799677	0.0287814	0.0172228	0.019782	0.0152254	0.137964	0.00891291	0.0276312
50	0.0107692	0.00314031	0.181224	0.0700756	0.00790889	0.0416521	0.0706107	0.00478804	0.0484511	0.00277324	0.00113579	0.207045	0.00815405	0.0252377	0.0337064	0.181176	0.0654847	0.0143019	0.000486255	0.0218786
51	0.225152	0.00168858	0.0045829	0.0163566	0.00570021	0.238703	0.0050791	0.0293573	0.0289148	0.0253784	0.0240389	0.0238261	0.0188363	0.00419471	0.018325	0.0981027	0.14211	0.0663868	0.00160144	0.0216656
52	0.0476847	0.00150121	0.259123	0.298356	0.00985966	0.0212069	0.0130415	0.00597738	0.0774067	0.0120137	0.00917049	0.0474989	0.020408	0.0505104	0.0235332	0.0407639	0.0417862	0.0172328	0.000803507	0.00212185
53	0.0394969	0.00166655	0.00215275	0.00490481	0.0202775	0.00211892	0.00554693	0.331402	0.0123138	0.11853	0.0225778	0.00414873	0.00256623	0.00348799	0.00606187	0.0199001	0.0206135	0.368573	0.000928248	0.0127321
54	0.0338324	0.00761987	0.0652783	0.0395969	0.0151627	0.0335151	0.0420743	0.0151922	0.077019	0.0168348	0.00937781	0.168206	0.0101801	0.0229229	0.043025	0.264251	0.0545698	0.0510496	0.00632912	0.0239623
55	0.0676427	0.00284784	0.00611446	0.0106601	0.0553388	0.023674	0.00797017	0.0816947	0.0318347	0.193095	0.197213	0.00811021	0.0110829	0.0104743	0.0146617	0.0203012	0.0177736	0.219568	0.00660963	0.0133325
56	0.0180937	0.00279937	0.00756541	0.00814377	0.429718	0.00852775	0.0295175	0.0305593	0.0133098	0.0809197	0.0101929	0.0147238	0.0466324	0.0204824	0.0121178	0.0226032	0.0174642	0.0266926	0.0269593	0.172977
57	0.0521534	0.00539623	0.114651	0.200221	0.0106396	0.0838394	0.0194246	0.0148364	0.0479075	0.0200034	0.00974704	0.0575691	0.0239361	0.0413854	0.0306691	0.127546	0.0979457	0.0262988	0.00327608	0.0125537
58	0.0857524	0.00920677	0.00846838	0.0153528	0.0464692	0.006304	0.0143301	0.168847	0.0336608	0.105346	0.048905	0.0131253	0.00322591	0.0121577	0.0144342	0.0404797	0.122248	0.236727	0.00307162	0.0118876
59	0.0183455	0.00735486	0.0281835	0.00891025	0.00733716	0.00984891	0.00724013	0.0585733	0.0129712	0.0210875	0.0130144	0.13174	0.0119688	0.00778028	0.0169796	0.113195	0.470981	0.0420087	0.00321908	0.00926118
60	0.039656	0.00604113	0.00855566	0.0101064	0.032888	0.00671817	0.0120949	0.230573	0.0275125	0.227767	0.0488025	0.0165513	0.00621466	0.0204218	0.0466705	0.04602	0.0255815	0.166602	0.00343026	0.0177928
61	0.0304771	0.00297693	0.0971124	0.0781316	0.0104093	0.271181	0.04392	0.00967173	0.0935634	0.0156577	0.00733604	0.0661046	0.00958283	0.0336841	0.136388	0.0423758	0.0232956	0.0124784	0.00236115	0.0132923
62	0.0168721	0.00773761	0.0341434	0.0231357	0.252314	0.00446619	0.0115599	0.123709	0.00991902	0.15693	0.0129545	0.0309111	0.0135909	0.0116999	0.00613213	0.0307724	0.0149043	0.0820041	0.0394845	0.116759
63	0.0125196	0.000466426	0.00117544	0.00123126	0.0268322	0.00196639	0.00683039	0.320267	0.0027435	0.311357	0.0408576	0.00317225	0.0062293	0.00304478	0.0101298	0.00852125	0.0135634	0.218728	0.00037518	0.00998852
64	0.257522	0.0284887	0.0086304	0.00737636	0.00616027	0.396784	0.00494119	0.00899439	0.0138868	0.0072289	0.00724738	0.0252099	0.00623501	0.0118704	0.0199165	0.137283	0.0175314	0.0253282	0.0019506	0.00741458
65	0.0337874	0.00945972	0.0691434	0.0374809	0.0113059	0.278314	0.025327	0.00787271	0.0340375	0.0113731	0.00752496	0.173004	0.0294679	0.0341972	0.0198599	0.138427	0.0513196	0.00951705	0.00171813	0.0168628
66	0.0224214	0.00434632	0.00423935	0.00703392	0.164141	0.00572953	0.0251105	0.0410933	0.00875371	0.427664	0.104055	0.00781537	0.00529962	0.0154552	0.0104428	0.0128987	0.013508	0.0470526	0.0277648	0.0451751
67	0.0316231	0.0157267	0.00539127	0.00596083	0.0526196	0.00311659	0.00971591	0.129826	0.0107607	0.432882	0.0586632	0.0270777	0.00370862	0.0168898	0.0188415	0.0187998	0.0163397	0.122795	0.00347611	0.0157859
68	0.241946	0.0110703	0.00583308	0.00472835	0.00392648	0.0364383	0.00199484	0.00730766	0.00650774	0.00643275	0.00700145	0.0246586	0.00455908	0.0113532	0.00460373	0.43191	0.157387	0.0244784	0.004044	0.00381985
69	0.333781	0.0338785	0.00609187	0.00880854	0.0167356	0.0228937	0.00680651	0.0765182	0.0200937	0.0509986	0.0339243	0.00771146	0.00145693	0.0161806	0.0189461	0.116301	0.0922385	0.124746	0.00310967	0.00877873
70	0.00541682	0.00435962	0.00563059	0.00102919	0.264314	0.000983037	0.0332978	0.00562542	0.0100115	0.0208222	0.000868816	0.0202588	0.00100028	0.00279766	0.00583883	0.00697777	0.00225405	0.0144728	0.0360743	0.557967
71	0.109141	0.00567402	0.0834254	0.0562547	0.110419	0.1182	0.0211498	0.0116931	0.0156948	0.0191497	0.00912862	0.0393961	0.00980756	0.0552705	0.0144457	0.157213	0.0588601	0.0157257	0.00432411	0.0850268
72	0.00803318	0.00384592	0.000454841	0.00337872	0.0650426	0.000901789	0.00229359	0.0410415	0.000973758	0.756875	0.0729	0.00132456	0.000356878	0.00582416	0.00458416	0.00318829	0.00331784	0.0217878	0.00255584	0.00131921
73	0.0358123	0.0106705	0.00334713	0.00540168	0.00354594	0.0137922	0.00161674	0.0173974	0.0082378	0.0135457	0.0122838	0.0213099	0.00854444	0.00619957	0.0138	0.350173	0.448323	0.021497	0.00273315	0.00176897
74	0.0329319	0.000560651	0.0805467	0.0531711	0.00581419	0.555791	0.00130468	0.00757124	0.0562328	0.00676365	0.00119905	0.103104	0.0031226	0.0151042	0.033095	0.0289799	0.0106639	0.00224929	0.000557045	0.00123713
75	0.0343685	0.00257194	0.206832	0.326531	0.00267004	0.0184856	0.0141451	0.00780246	0.0851283	0.0187765	0.00692575	0.0546144	0.00442718	0.0759051	0.0442872	0.0372737	0.0373115	0.0186056	0.000835037	0.00250294
76	0.126554	0.00186	0.0575149	0.188287	0.00500151	0.00882351	0.00479287	0.00878336	0.154802	0.0101232	0.00610567	0.0137276	0.0635187	0.0593308	0.060472	0.0664349	0.103502	0.0522571	0.00193544	0.0061731
77	0.0305827	0.0041164	0.174038	0.328869	0.00152442	0.0126764	0.0143334	0.0113032	0.0881044	0.022059	0.00658372	0.0538368	0.00401273	0.0835585	0.0599603	0.035619	0.0425168	0.022131	0.000985434	0.00318846
78	0.0251893	0.00118543	0.0182381	0.0498658	0.00651381	0.0148183	0.0322107	0.0307695	0.355716	0.0643072	0.0211684	0.0274581	0.0056698	0.0547567	0.219289	0.016177	0.0263091	0.0249304	0.00229166	0.00313627
79	0.511221	0.0316408	0.00249627	0.00433335	0.00557561	0.0677013	0.00214598	0.0189252	0.00639418	0.00860398	0.00999593	0.0111122	0.00182676	0.0162888	0.00831738	0.189696	0.0342161	0.0657638	0.000650479	0.00309515
80	0.0498573	0.000566505	0.0209841	0.0560147	0.0195553	0.00847707	0.00825583	0.13812	0.197761	0.105749	0.046345	0.0093019	0.00695423	0.0815086	0.101812	0.0119152	0.0449716	0.0886481	0.000897809	0.00230565
81	0.0283712	0.00291398	0.158881	0.325729	0.00298132	0.0174919	0.0282147	0.0252822	0.0731207	0.0350622	0.00544203	0.0437723	0.0034539	0.092049	0.0516031	0.0386091	0.0280422	0.0162096	0.00146811	0.0213018
82	0.0123266	0.000655156	0.0012532	0.00129354	0.0273996	0.00206761	0.00677581	0.319926	0.00277481	0.312752	0.0426544	0.0033709	0.00600178	0.00338707	0.0103699	0.0084923	0.0131092	0.214552	0.00038935	0.0104481
83	0.318736	0.00177393	0.00611546	0.00863689	0.00481281	0.244215	0.00357827	0.0173809	0.0168764	0.0191879	0.0234788	0.0123962	0.0239747	0.00317171	0.0103029	0.0708652	0.145481	0.0560264	0.00108277	0.0119065
84	0.035266	0.00240307	0.210023	0.323512	0.00298254	0.0198476	0.0140091	0.0073121	0.0845092	0.0183996	0.00714823	0.0554583	0.00440453	0.074897	0.042891	0.0376361	0.0374435	0.0187103	0.000842154	0.00230501
85	0.0845103	0.00167385	0.00680159	0.0468655	0.0256464	0.0100056	0.0321414	0.0647136	0.21681	0.0760821	0.0104805	0.00914006	0.0343336	0.0154009	0.269931	0.0407589	0.0154665	0.0283561	0.00259195	0.00829038
86	0.00922604	0.00300167	0.00100045	0.00375242	0.0461573	0.00196205	0.00271369	0.179178	0.00263222	0.559856	0.0844457	0.00297444	0.00247608	0.00468969	0.00654943	0.00479183	0.00635415	0.0702343	0.00163597	0.00636891
87	0.0598543	0.0017055	0.00262017	0.0165229	0.0536711	0.00988361	0.00354896	0.0258039	0.0172507	0.319851	0.32482	0.0102369	0.00597778	0.0137854	0.00658223	0.0473385	0.0524513	0.0215366	0.00205403	0.00450469
88	0.0599884	0.00449792	0.0119256	0.0242423	0.0350784	0.0179347	0.0892837	0.016102	0.112863	0.0384681	0.0130028	0.0382504	0.148686	0.0356561	0.0891903	0.0705673	0.0300963	0.0229323	0.016674	0.12456
89	0.50609	0.0173465	0.0104096	0.0106868	0.00465733	0.0501895	0.00469641	0.00523735	0.015305	0.00581101	0.00561787	0.0462097	0.00395016	0.010003	0.00905585	0.227131	0.0325224	0.0293697	0.00173261	0.00397755
90	0.012138	0.00217852	0.00458848	0.00469704	0.625003	0.00218171	0.00858191	0.0202641	0.00358191	0.0940061	0.0133741	0.00966063	0.00446958	0.00793722	0.0084854	0.0175168	0.0129221	0.0191673	0.031123	0.0981228
91	0.0194967	0.00266548	0.240185	0.13846	0.00475408	0.0206075	0.0455626	0.00652458	0.0776248	0.00872826	0.00314613	0.168312	0.018222	0.0408094	0.0421633	0.0975661	0.0410393	0.0131628	0.00112684	0.00984294
92	0.024719	0.00545778	0.00354199	0.0113562	0.00350288	0.0171084	0.00413262	0.0154232	0.0312024	0.0253469	0.00988509	0.021192	0.0041665	0.00875509	0.0302191	0.263509	0.493941	0.0182265	0.00315632	0.0051575
93	0.0471204	0.00301865	0.0991331	0.0916078	0.00857021	0.308058	0.0199495	0.00953064	0.0371376	0.0113107	0.00366844	0.10549	0.0621379	0.0201618	0.0228709	0.0930732	0.0323259	0.0108694	0.00169899	0.0122669
94	0.0049765	0.000582234	0.000833012	0.00130578	0.0397664	0.00260441	0.00377889	0.426663	0.00178583	0.265381	0.069866	0.00402387	0.00311551	0.00171142	0.00674113	0.00482923	0.00875285	0.137386	0.000441164	0.0154561
95	0.020228	0.00158137	0.0162462	0.0167379	0.042696	0.00797816	0.0120239	0.0211594	0.0139639	0.0540614	0.00864485	0.0122626	0.603793	0.0127962	0.0118458	0.0870578	0.0133255	0.0105523	0.0132672	0.0197783
96	0.0382504	0.0177738	0.0023552	0.00270939	0.0287334	0.00848719	0.144871	0.00874634	0.0663877	0.0214345	0.0223802	0.0779187	0.00225409	0.0276268	0.0557575	0.0469984	0.0167361	0.0545004	0.0513967	0.304682
97	0.0229468	0.00125317	0.00541087	0.00738872	0.0482233	0.0207731	0.0950239	0.0097819	0.158208	0.0180756	0.00267182	0.0629159	0.00312853	0.0576974	0.235757	0.111383	0.0492267	0.032044	0.0220327	0.0360565
98	0.0212655	0.00342292	0.0193392	0.0187753	0.0602986	0.0597745	0.0434572	0.0103748	0.0170716	0.0414278	0.00817707	0.238946	0.00740723	0.0434547	0.0135843	0.162032	0.132847	0.0141582	0.00375429	0.0804329
99	0.0274239	0.00218039	0.00568785	0.00559517	0.118366	0.042912	0.137015	0.0256315	0.050371	0.0930586	0.00553131	0.00645483	0.0777205	0.0989262	0.0345082	0.0263179	0.0333688	0.00817636	0.0422622	0.158492
100	0.0955374	0.00155795	0.00392468	0.0214488	0.0182204	0.394696	0.0161629	0.0239013	0.0130971	0.0363316	0.00927732	0.0107707	0.0530799	0.00512293	0.0356793	0.103699	0.087842	0.0479126	0.00151425	0.0202233
101	0.0180067	0.00672877	0.0104766	0.0102519	0.0885273	0.0133598	0.0139025	0.0379594	0.0126107	0.282501	0.0667735	0.0121753	0.00490358	0.0188477	0.0108717	0.0192207	0.0147453	0.0317274	0.26111	0.0652995
102	0.0236461	0.00755794	0.0106863	0.0111482	0.253742	0.00431022	0.0114407	0.145451	0.00704706	0.18505	0.0221601	0.0250596	0.0178534	0.008614	0.00640361	0.0288429	0.0143979	0.101324	0.0310209	0.0842432
103	0.225657	0.0100798	0.00733408	0.00303137	0.00243499	0.564903	0.00226212	0.00493152	0.0104842	0.00423166	0.00390464	0.0125524	0.00935915	0.00409725	0.0082033	0.0944071	0.0121684	0.0167225	0.0008431	0.00239284
104	0.0500384	0.00545749	0.00435753	0.00539293	0.00686417	0.0224277	0.00157486	0.00761608	0.00765442	0.00535287	0.00684439	0.0182304	0.00532986	0.00926513	0.00781805	0.529694	0.283715	0.0154976	0.00535124	0.00151807
105	0.0108859	0.00373453	0.000824454	0.00572369	0.0452386	0.00191393	0.0021268	0.109947	0.00186623	0.635716	0.101226	0.0019661	0.00215268	0.00398907	0.00459863	0.00383435	0.00589568	0.0528929	0.00161741	0.00385089
106	0.028471	0.00457626	0.0113884	0.0212799	0.0819838	0.0227786	0.198437	0.0192066	0.0297117	0.0865666	0.0171506	0.015316	0.0222603	0.246359	0.0242432	0.0634147	0.0255263	0.0197153	0.0117255	0.0498892
107	0.0099948	0.00451267	0.000510545	0.00527414	0.0499949	0.00112566	0.00159915	0.0478822	0.00131005	0.734064	0.0957209	0.0016927	0.000749074	0.00472609	0.00391395	0.00313654	0.00442993	0.0263113	0.00199955	0.00105172
108	0.030638	0.00336002	0.13907	0.341783	0.00671614	0.0185487	0.0163266	0.0115663	0.0790895	0.0285285	0.0114253	0.0440006	0.0078628	0.10992	0.0481775	0.0355841	0.0383894	0.0203141	0.00213352	0.00656573
109	0.0127732	0.00170235	0.0040772	0.00489478	0.639416	0.0025488	0.0079029	0.0137883	0.00299226	0.0938212	0.0163273	0.00996676	0.00373681	0.00845516	0.0101625	0.0176856	0.0153596	0.0154772	0.0300791	0.0888331
110	0.131514	0.0152964	0.0439294	0.0364237	0.0186856	0.00420993	0.025918	0.143375	0.0547119	0.0533843	0.0395246	0.0474133	0.0017603	0.0255392	0.036618	0.0649761	0.0631037	0.160252	0.00975886	0.0236049
111	0.0617117	0.00358731	0.0442892	0.0572583	0.0303348	0.0105282	0.129571	0.0258508	0.0579845	0.027099	0.0415334	0.0208674	0.00457683	0.0884929	0.0276818	0.0226228	0.0435264	0.0428	0.0161079	0.243575
112	0.0099846	0.00362393	0.000913743	0.00345078	0.081212	0.00123399	0.00348937	0.0486649	0.0020955	0.713413	0.0696092	0.00231171	0.00073289	0.00719048	0.00618296	0.00526067	0.00497603	0.0277016	0.00298212	0.00497024
113	0.0685423	0.00616825	0.00337838	0.00487063	0.00309781	0.025275	0.00135967	0.00614598	0.00435684	0.00313955	0.00819465	0.018276	0.00589458	0.0116473	0.00324571	0.556478	0.246539	0.0170902	0.00537351	0.000926318
114	0.0412642	0.00151425	0.091542	0.161154	0.0044541	0.00682053	0.0767189	0.0148099	0.18283	0.0124073	0.0124006	0.0786946	0.00367046	0.119519	0.093089	0.0313061	0.024457	0.0131148	0.00854816	0.0216845
115	0.0262016	0.00325542	0.00253255	0.00139181	0.0300629	0.0019589	0.0107595	0.260975	0.00562796	0.293616	0.041852	0.00823399	0.00505889	0.0106758	0.0182997	0.0157923	0.0137618	0.237779	0.000692247	0.0114724
116	0.0205759	0.00864652	0.00365996	0.0060939	0.00373897	0.00939409	0.00186511	0.023816	0.0119712	0.0177162	0.0128136	0.0204041	0.00597153	0.00392955	0.0223595	0.279595	0.51924	0.0240612	0.00183121	0.00231558
117	0.0400234	0.00117886	0.071389	0.0463646	0.00608461	0.501448	0.00339105	0.0085879	0.0780572	0.00847546	0.0023355	0.118646	0.00363951	0.0200036	0.042545	0.0288426	0.0112816	0.00402184	0.000892179	0.00279215
118	0.0253007	0.00155354	0.236138	0.020555	0.00477448	0.00500759	0.0261522	0.021267	0.188242	0.0236956	0.00486224	0.245195	0.00517652	0.0454361	0.0626556	0.0290145	0.00802487	0.0240503	0.0023552	0.0205441
119	0.0300625	0.00150045	0.0779257	0.030277	0.00454442	0.0240225	0.0192932	0.00478259	0.0357749	0.0411268	0.0030538	0.0295431	0.421262	0.055376	0.011208	0.161921	0.0347491	0.00644741	0.00189591	0.00523323
120	0.0521341	0.00447589	0.0104365	0.0798805	0.0340796	0.00673075	0.0251036	0.179942	0.117914	0.0941631	0.0211566	0.0118762	0.00544516	0.0266387	0.0312053	0.0331432	0.0610284	0.19513	0.00251437	0.00700277
121	0.00552617	0.00422091	0.00552657	0.00114463	0.271127	0.00103961	0.0323167	0.00652077	0.00991828	0.0237043	0.0010927	0.0194176	0.00116597	0.00271146	0.00579212	0.00732554	0.0025931	0.0147015	0.0371776	0.546978
122	0.172096	0.00332502	0.0094763	0.0653838	0.00825415	0.00772863	0.00747458	0.0171751	0.157528	0.0995666	0.00923574	0.0305033	0.00539966	0.0328232	0.118888	0.0653122	0.0582599	0.0778666	0.0221552	0.0315482
123	0.0305331	0.00459932	0.158197	0.329403	0.00185393	0.0116552	0.0154921	0.0114962	0.0957109	0.021089	0.00578842	0.0563704	0.00558682	0.0958521	0.0555501	0.0365427	0.0407115	0.0183117	0.00163876	0.00361782
124	0.0477433	0.00812595	0.0105374	0.0298131	0.0230043	0.0119683	0.131921	0.0111504	0.168902	0.0370254	0.0416665	0.0441648	0.00321948	0.0554365	0.0971469	0.0368786	0.022917	0.0494835	0.0218525	0.147043
125	0.0387253	0.000917656	0.0833309	0.0562131	0.0056632	0.530512	0.00661231	0.00750319	0.0577923	0.0068747	0.00162339	0.0936899	0.00457728	0.016334	0.0380321	0.033177	0.0119395	0.00360152	0.000674051	0.00220639
126	0.0100826	0.00383712	0.00115009	0.00352836	0.0704883	0.00141751	0.00374307	0.0586832	0.00216659	0.697145	0.0721512	0.00274111	0.00135538	0.00729958	0.00608293	0.00570937	0.00510241	0.0386132	0.00295694	0.00574613
127	0.00700635	0.00422081	0.00592057	0.00249408	0.297002	0.00117247	0.0288159	0.0146215	0.0085282	0.0441855	0.0033475	0.0196365	0.00216942	0.00328584	0.00634385	0.00978503	0.00471481	0.0199526	0.0355398	0.481257
128	0.0201817	0.00169112	0.0287472	0.0153664	0.016228	0.00886523	0.0114718	0.0123948	0.0140514	0.0455634	0.00416473	0.0162818	0.587473	0.0158233	0.0111371	0.140546	0.0154942	0.00669842	0.00765935	0.020161
129	0.0578666	0.00665556	0.0114043	0.0137772	0.0202492	0.0094287	0.0139677	0.13556	0.0176107	0.0919408	0.0149222	0.140585	0.00652704	0.0346463	0.0137344	0.023796	0.0779479	0.245989	0.00432767	0.0590629
130	0.00581551	0.00437426	0.00557748	0.00106349	0.264212	0.0011144	0.0335548	0.00566713	0.00990578	0.0207014	0.000842046	0.0222328	0.0011054	0.00281515	0.00571274	0.00713651	0.0023175	0.0144757	0.0351538	0.556222
131	0.00310892	0.000360016	0.000741586	0.00118537	0.0375956	0.00244694	0.0030184	0.439908	0.00128587	0.269937	0.0696732	0.00417009	0.00287172	0.000929096	0.00651105	0.00408687	0.00809172	0.127702	0.000407455	0.0159685
132	0.0102808	0.0058908	0.196529	0.0582006	0.00701736	0.0283866	0.0856651	0.0046691	0.0461636	0.00322617	0.00148541	0.200193	0.00809461	0.0233331	0.0421034	0.182819	0.0651753	0.0136596	0.000759437	0.0163479
133	0.0676205	0.0060777	0.00338573	0.00486037	0.00313834	0.0252789	0.00136865	0.00621404	0.00446418	0.0032314	0.00820785	0.0184067	0.00584532	0.0115487	0.00331342	0.556601	0.24704	0.0171479	0.00533454	0.000914529
134	0.011295	0.000683699	0.00162455	0.00207346	0.0373472	0.00555731	0.00388762	0.339326	0.00496438	0.271784	0.101577	0.0040137	0.0050786	0.00283747	0.00868916	0.00758896	0.00965503	0.168788	0.000983583	0.0122454
135	0.145804	0.00698001	0.0212899	0.0134987	0.00482638	0.570059	0.00432909	0.00668318	0.019695	0.00724039	0.0047508	0.0338511	0.0124598	0.00793032	0.014729	0.0827332	0.0199799	0.0154765	0.00111072	0.00657253
136	0.22436	0.00617	0.0103911	0.00452068	0.00224921	0.604843	0.00201805	0.00407313	0.0123022	0.00366396	0.00280165	0.0150618	0.00927801	0.00304705	0.00859417	0.0615529	0.00989834	0.0124215	0.000820623	0.00193316
137	0.0473966	0.00181147	0.00209629	0.0144975	0.0541857	0.0107766	0.00319859	0.0297739	0.0112481	0.42752	0.269765	0.00827206	0.00441379	0.0111981	0.00531946	0.0290918	0.0417522	0.0216925	0.00181741	0.00417281
138	0.236383	0.00677851	0.0176886	0.00667216	0.00345796	0.560349	0.00247016	0.00535908	0.0137141	0.00519426	0.00371495	0.0168385	0.00899857	0.00480245	0.00974227	0.0632417	0.015881	0.0145529	0.00100402	0.00315646
139	0.0227669	0.00291645	0.280152	0.0869315	0.0130381	0.0663486	0.0756561	0.00867751	0.0473065	0.0121364	0.00758453	0.131312	0.0129073	0.0276508	0.0386341	0.0855326	0.0428739	0.0148738	0.00284729	0.0198538
140	0.063584	0.00817221	0.0284299	0.0287105	0.017662	0.0332351	0.0298501	0.0224573	0.0593912	0.0303731	0.0145139	0.0483306	0.0183093	0.0243075	0.0991408	0.296568	0.113025	0.0341769	0.00840405	0.0213576
141	0.0124315	0.00147299	0.00398479	0.0045213	0.656779	0.00182491	0.00590794	0.015498	0.00249102	0.0932927	0.0105311	0.00896568	0.00379538	0.00726742	0.00853543	0.017217	0.0136753	0.0163269	0.0277257	0.0877563
142	0.0217313	0.00499059	0.0151407	0.00747788	0.177094	0.0123202	0.0722378	0.0243685	0.0187894	0.0418876	0.011142	0.0185893	0.0104739	0.0537093	0.0156008	0.0184586	0.0134355	0.0215105	0.0397705	0.401272
143	0.0320508	0.00312331	0.179078	0.348596	0.00277548	0.0171565	0.0151287	0.00999958	0.0811907	0.0192751	0.00659598	0.0519442	0.00893944	0.078294	0.0486504	0.0358173	0.0374001	0.0189103	0.00133112	0.00374241
144	0.0429501	0.00864782	0.0217244	0.0188189	0.0742697	0.0158689	0.0497821	0.107407	0.0244484	0.065948	0.0243109	0.0282652	0.0103886	0.0350101	0.0217805	0.0360267	0.0683769	0.0640951	0.0237224	0.258158
145	0.0127866	0.00343918	0.000933572	0.00583541	0.0779368	0.00270059	0.00558876	0.0366323	0.00335568	0.692264	0.0789985	0.00234444	0.00139078	0.0224838	0.00680173	0.00692581	0.00709466	0.0240766	0.00331194	0.00509902
146	0.00551638	0.00114391	0.000950514	0.00220014	0.0327373	0.00224461	0.00355029	0.372391	0.00174362	0.356647	0.0592259	0.00390953	0.00322038	0.00183463	0.00676195	0.00714899	0.0142967	0.111738	0.000860101	0.0118793
147	0.03033	0.00219577	0.0270409	0.048176	0.00922925	0.0287038	0.0402415	0.0249763	0.341124	0.0422174	0.0214888	0.0356173	0.0144024	0.0461284	0.17955	0.0291737	0.0338437	0.027005	0.00419094	0.014365
148	0.359217	0.0321807	0.00289187	0.00888423	0.0109064	0.0419386	0.00251776	0.0477442	0.00633033	0.0202954	0.0259773	0.0041255	0.00199889	0.0273676	0.00972814	0.210587	0.0839233	0.0985781	0.00112215	0.0036861
149	0.0053686	0.00495883	0.00536923	0.00124942	0.236301	0.00202004	0.0313368	0.0058771	0.00918262	0.0235451	0.00558662	0.0178452	0.0010662	0.00421916	0.00543335	0.00731428	0.00255464	0.0129543	0.124065	0.493752
150	0.00557725	0.000301725	0.000828942	0.00106458	0.0312857	0.00216601	0.00422744	0.401808	0.00145469	0.283761	0.0574858	0.00362525	0.00392315	0.00142966	0.0086646	0.00558192	0.00947465	0.162653	0.000339635	0.0143466
151	0.0609277	0.0061335	0.00557992	0.00554265	0.0493564	0.005032	0.0269203	0.106235	0.014295	0.26216	0.0880376	0.0129281	0.00431429	0.0960326	0.0519068	0.0341129	0.0122513	0.111069	0.00424039	0.0429252
152	0.0592148	0.0054452	0.00958858	0.0136057	0.0119547	0.0557502	0.0322194	0.0115597	0.047825	0.0431857	0.0111509	0.0198474	0.00643467	0.0617262	0.0202143	0.271307	0.283385	0.0174932	0.00586788	0.0122243
153	0.0424965	0.00312756	0.0824896	0.0435143	0.00565828	0.528477	0.0018185	0.00717799	0.0450933	0.00645388	0.00269139	0.112718	0.00490541	0.0180128	0.0265711	0.0487051	0.0143879	0.00272253	0.000843689	0.00213509
154	0.00702321	0.00111418	0.0176591	0.00502759	0.0152741	0.214108	0.130526	0.00370343	0.210893	0.00883336	0.00446743	0.0284156	0.00194077	0.0421804	0.253295	0.0177568	0.00637045	0.00581113	0.0018099	0.0237903
155	0.0244731	0.00171053	0.00604008	0.044575	0.00691284	0.0331539	0.00667399	0.0431349	0.202474	0.0364952	0.0408147	0.0215378	0.00277816	0.0676677	0.101095	0.0368389	0.283797	0.0332976	0.00166687	0.00486308
156	0.0362959	0.00225594	0.218371	0.317591	0.00333689	0.0191168	0.0139743	0.00728312	0.0836481	0.0183793	0.00724094	0.0546555	0.0060649	0.0729881	0.0411843	0.0383	0.0380667	0.0180546	0.000837292	0.00235473
157	0.0710498	0.00273412	0.113783	0.142357	0.00559409	0.0187724	0.047672	0.0352613	0.0315594	0.0496689	0.0214489	0.0508304	0.00238202	0.0213028	0.00873618	0.101943	0.126214	0.114132	0.0152163	0.0193426
158	0.0432512	0.00107576	0.00658554	0.0250143	0.00989909	0.0123083	0.0381207	0.0270771	0.32005	0.057274	0.0102781	0.0200159	0.0144249	0.0219391	0.33331	0.0294866	0.0120794	0.0120323	0.00134996	0.00442847
159	0.0309069	0.00379404	0.170295	0.331572	0.00142138	0.0129353	0.0151901	0.0113154	0.0870785	0.0230231	0.00614687	0.0523712	0.00389541	0.0857915	0.0601863	0.0369511	0.0418505	0.020814	0.000989654	0.0034712
160	0.0463082	0.00158583	0.00212773	0.0181792	0.0446825	0.00790748	0.00264073	0.0333389	0.0104469	0.357096	0.341237	0.00966122	0.00594359	0.0119798	0.00564834	0.0276168	0.0454512	0.0235777	0.00141247	0.00315815
161	0.00532424	0.0042221	0.00560937	0.00111364	0.267663	0.00101576	0.0328855	0.00590514	0.0100364	0.0220127	0.000932493	0.0195767	0.00101504	0.00275831	0.005743	0.00716008	0.00247127	0.0145308	0.0371698	0.552854
162	0.0140948	0.00259186	0.277668	0.0750621	0.0691784	0.00829522	0.0085203	0.0425413	0.0356646	0.0956566	0.00649775	0.0369887	0.00442838	0.0609341	0.00980123	0.017638	0.0132989	0.0659779	0.0324071	0.122755
163	0.0333621	0.00268768	0.196504	0.330059	0.00234795	0.0180017	0.01509	0.00846637	0.0840498	0.0200075	0.00652203	0.0550957	0.00401268	0.0772964	0.0476305	0.038609	0.0378141	0.0187563	0.00084169	0.00284472
164	0.529641	0.0297339	0.00209086	0.00344973	0.00401381	0.0563115	0.00153773	0.012732	0.0060424	0.00543709	0.00680839	0.0131621	0.00155534	0.0134147	0.00726671	0.222089	0.0265214	0.0556357	0.00052581	0.00203062
165	0.0358084	0.00132992	0.00411875	0.00534585	0.0348367	0.00879021	0.00327775	0.14652	0.0226359	0.191045	0.293389	0.00447162	0.00912952	0.00507327	0.0169081	0.0233258	0.0154371	0.163033	0.00551181	0.0100116
166	0.0106087	0.00446086	0.00054118	0.00577049	0.0498038	0.00131355	0.00156889	0.0452735	0.00149827	0.724062	0.105533	0.00185904	0.000926251	0.00486	0.00395004	0.00360098	0.00533832	0.0259242	0.00197354	0.00113336
167	0.0124469	0.00049277	0.00119193	0.00123782	0.0269938	0.00198359	0.00681445	0.319065	0.00274954	0.311657	0.0410177	0.00319901	0.00634079	0.00309706	0.0102168	0.00846829	0.0134369	0.219122	0.000376378	0.0100928
168	0.022374	0.00129272	0.00380964	0.00527996	0.0572928	0.0247337	0.0838564	0.00750822	0.201424	0.0147742	0.00329404	0.0497788	0.00243519	0.0816926	0.237676	0.0786312	0.0395939	0.0335596	0.0196021	0.0313911
169	0.0215377	0.00132874	0.0189873	0.0286529	0.0203103	0.00492329	0.00418817	0.0382831	0.332058	0.0283249	0.0228863	0.0222921	0.0023454	0.0197562	0.120249	0.0469554	0.107859	0.13084	0.00176105	0.0264606
170	0.0422241	0.00383518	0.0112006	0.00462466	0.00519773	0.0302396	0.00275103	0.00443957	0.0130563	0.00433767	0.00558623	0.0222463	0.00408286	0.00905785	0.00426152	0.664096	0.137194	0.0189022	0.0102672	0.00240001
171	0.12715	0.00378376	0.00466385	0.00723802	0.00502793	0.0276643	0.00401206	0.00823095	0.0510572	0.0666765	0.0212355	0.00769629	0.00305975	0.00655787	0.0370693	0.114633	0.375751	0.0512936	0.0288304	0.0483689
172	0.00549129	0.0044575	0.00555414	0.00102455	0.265676	0.00101129	0.0332292	0.00571196	0.0100298	0.0214232	0.000930232	0.0204648	0.00101239	0.00283934	0.00579501	0.00704906	0.00232085	0.0145445	0.0358601	0.555575
173	0.0125695	0.000507338	0.00118898	0.00123131	0.0269205	0.00197254	0.00688502	0.318669	0.00275933	0.311898	0.040845	0.0031974	0.00631365	0.00312685	0.0102645	0.0085164	0.0134612	0.219289	0.000375937	0.0100089
174	0.404574	0.0338416	0.00240135	0.00655484	0.0121304	0.0470548	0.00253049	0.0487751	0.00651381	0.0204855	0.0214246	0.00416577	0.00146745	0.0251326	0.0118883	0.181293	0.0673794	0.0986499	0.000697959	0.00303888
175	0.0431959	0.00179238	0.224482	0.316882	0.00424461	0.0195781	0.00740997	0.0127646	0.0541293	0.00950806	0.00421431	0.0595484	0.0683919	0.0414607	0.0239594	0.0591383	0.0362746	0.0101886	0.000731517	0.00210533
176	0.0228571	0.00202589	0.00501018	0.00569957	0.039384	0.00635547	0.006681	0.11049	0.0475846	0.208334	0.226208	0.00755569	0.00642271	0.0115712	0.0619351	0.0460887	0.0128001	0.0710597	0.0281904	0.0737465
177	0.0391761	0.00149167	0.0433274	0.0475498	0.0134068	0.00638135	0.0701576	0.00719118	0.129691	0.0182485	0.00314986	0.19636	0.0219836	0.0118871	0.176281	0.107326	0.0564685	0.0205514	0.0102618	0.0191096
178	0.0367723	0.00268622	0.0321156	0.0339291	0.0461679	0.239979	0.0467529	0.00697667	0.00961938	0.012336	0.00620033	0.124633	0.00504393	0.0317147	0.00916657	0.134829	0.0225658	0.0100283	0.00257764	0.185905
179	0.0320499	0.000573105	0.0837485	0.053844	0.00605505	0.556685	0.00122127	0.00793311	0.0528569	0.00640804	0.00121872	0.102391	0.00320288	0.0146574	0.031967	0.0301474	0.0109905	0.00226184	0.000577752	0.00121045
180	0.0316336	0.00299972	0.00386085	0.00517189	0.0457376	0.0218486	0.0940285	0.0141615	0.129659	0.0215029	0.00388356	0.0641478	0.0026668	0.0556936	0.20647	0.120164	0.0535582	0.0439864	0.0249607	0.0538649
181	0.072488	0.00250227	0.0221098	0.0242681	0.0479776	0.0237624	0.00752939	0.138389	0.0118011	0.22094	0.135734	0.00794175	0.0662818	0.00999037	0.0109819	0.0153609	0.0128845	0.119916	0.00478524	0.0443549
182	0.0111239	0.00219218	0.0498119	0.0554505	0.00831729	0.0664706	0.293945	0.00666063	0.0672089	0.0265891	0.00737125	0.156083	0.0601856	0.0287709	0.0438788	0.0557177	0.0383225	0.00946081	0.00363241	0.00880688
183	0.0195874	0.00220889	0.00973587	0.0388372	0.0135447	0.0076681	0.00940437	0.0435294	0.252772	0.0348653	0.0272677	0.0232538	0.00482044	0.0151236	0.158956	0.130861	0.113778	0.0785456	0.00265373	0.0125873
184	0.0411345	0.00327062	0.00908647	0.0207081	0.0960163	0.0145532	0.0205593	0.043668	0.0236539	0.198535	0.223896	0.0132035	0.0452383	0.0744167	0.0171774	0.0318905	0.0325969	0.0491717	0.0135602	0.0276631
185	0.0312357	0.00251372	0.17897	0.288299	0.0080527	0.101406	0.0124252	0.00887264	0.0568634	0.0165947	0.00710111	0.0461443	0.00904622	0.0742823	0.0416328	0.0503931	0.0427976	0.0155629	0.00172766	0.00607908
186	0.0784682	0.00385616	0.050545	0.120595	0.058075	0.0213329	0.235145	0.0159176	0.0752346	0.0303848	0.0203549	0.0422197	0.0129143	0.0474426	0.0464012	0.0391821	0.0353372	0.0251687	0.00760969	0.0338158
187	0.0323316	0.00688844	0.00789124	0.0131169	0.0374948	0.00693312	0.0127548	0.139481	0.037192	0.3426	0.0541393	0.015744	0.00666587	0.0209264	0.0620352	0.0581231	0.0271614	0.0941516	0.00561245	0.0187569
188	0.36361	0.00484282	0.0146471	0.00609383	0.00578543	0.109162	0.0031487	0.0164191	0.014491	0.0321367	0.0182621	0.00926865	0.0114766	0.00561592	0.0100176	0.0813532	0.218919	0.0479191	0.00466837	0.0221635
189	0.0965464	0.160955	0.0156739	0.0211777	0.0257103	0.0174147	0.0163523	0.0889024	0.0265023	0.057071	0.0205674	0.037521	0.00777066	0.0202049	0.0228457	0.0885385	0.176567	0.0644165	0.00870156	0.0265607
190	0.0188567	0.0026917	0.0059758	0.00571631	0.524982	0.00469156	0.0206353	0.0178604	0.0079516	0.0736578	0.0130318	0.0136646	0.0046473	0.0102355	0.00980981	0.0170746	0.0125186	0.0217573	0.0275813	0.18666
191	0.383433	0.033043	0.00203317	0.00703485	0.0146372	0.0317801	0.00382298	0.0663355	0.00824805	0.0318337	0.028365	0.00265365	0.00124037	0.0200498	0.010902	0.145464	0.0787458	0.125674	0.000799882	0.00390384
192	0.175984	0.00433134	0.00620683	0.00761345	0.00525834	0.531857	0.00480886	0.00965229	0.0186991	0.0115244	0.00796081	0.0111577	0.0421219	0.0038138	0.0121435	0.0646537	0.0358265	0.0380785	0.00146949	0.00683879
