540	20
1	0.0314059	0.00143805	0.308781	0.281454	0.00366692	0.0540936	0.0140748	0.00924927	0.0339603	0.00927223	0.00651869	0.0758943	0.00903128	0.0494956	0.014789	0.0482579	0.0341291	0.00752681	0.0018491	0.00511284
2	0.0233275	0.00185622	0.000459648	0.00224204	0.0329767	0.00414166	0.00243271	0.303131	0.00211441	0.351491	0.0695962	0.00352073	0.00430244	0.00200377	0.00700897	0.00791765	0.00933966	0.171215	0.000146983	0.000775895
3	0.0378465	0.00353134	0.0498784	0.240112	0.00476785	0.0161977	0.00747439	0.0494532	0.0316046	0.120589	0.00772291	0.0186564	0.145189	0.0381438	0.0326874	0.0839175	0.0920866	0.0140761	0.0015206	0.00454409
4	0.0108986	0.00788848	0.00053381	0.00156049	0.0188123	0.00163856	0.000782028	0.484511	0.000491707	0.0880937	0.0198961	0.00290911	0.000905359	0.000755087	0.000651445	0.00225674	0.00674189	0.346662	0.000167166	0.00384438
5	0.0125669	0.0197641	0.0148279	0.00724506	0.0811604	0.00131811	0.0363978	0.25196	0.00262672	0.202712	0.088608	0.0196887	0.0186292	0.0294552	0.0115824	0.0121924	0.0300008	0.113893	0.00312239	0.0422492
6	0.00775412	0.00125298	0.00348993	0.00314001	0.49445	0.00106167	0.0118665	0.00383091	0.00184074	0.0349476	0.0170302	0.00373328	0.00174016	0.00543778	0.00436083	0.0111903	0.00338172	0.0137437	0.0208979	0.354849
7	0.0408313	0.00397843	0.0150533	0.0221236	0.00637739	0.0057471	0.00733183	0.0139289	0.0208308	0.0268796	0.0138494	0.0134521	0.678106	0.0124676	0.00994184	0.0430467	0.0407251	0.0204721	0.00106193	0.00379507
8	0.0118162	0.0148554	0.00424558	0.00515294	0.244505	0.00441219	0.037212	0.00603011	0.0101564	0.0552275	0.00934221	0.00933616	0.00249938	0.00700597	0.0151822	0.0174531	0.00654842	0.00805944	0.0144673	0.516493
9	0.0321863	0.00154581	0.35963	0.313191	0.00147636	0.0151648	0.00978762	0.00763335	0.0316046	0.00809017	0.00770234	0.0435884	0.0267155	0.0428439	0.0146781	0.0442404	0.0252229	0.00677552	0.00215428	0.00576826
10	0.0300693	0.00636893	0.00346762	0.0248141	0.0833147	0.0191807	0.140236	0.00753612	0.0856838	0.0233804	0.00581117	0.116196	0.0062582	0.0691702	0.120368	0.0372234	0.0364744	0.00781098	0.00118221	0.175453
11	0.0199266	0.00396667	0.000884388	0.00264327	0.0280646	0.00315363	0.00290873	0.358591	0.00254322	0.250516	0.0552824	0.00370078	0.00592091	0.00228938	0.00595208	0.00699507	0.0126571	0.231135	0.000375858	0.00249311
12	0.0280473	0.0151138	0.0070629	0.01128	0.142637	0.0089383	0.0365399	0.0281784	0.0185659	0.107148	0.0278131	0.0158399	0.0136544	0.0196008	0.0239129	0.057723	0.0254213	0.0245476	0.0118894	0.376086
13	0.0534808	0.00720999	0.00809265	0.0179474	0.00374889	0.0203586	0.00791354	0.0206685	0.103151	0.0373718	0.0120345	0.0115909	0.462418	0.0244317	0.0766367	0.0581575	0.048959	0.018635	0.00159856	0.00559518
14	0.0512061	0.00284039	0.166883	0.224793	0.00570787	0.0500372	0.0213018	0.0176554	0.0580147	0.0198105	0.0101052	0.0775538	0.0163346	0.0964669	0.0418365	0.0804361	0.0371593	0.0152027	0.00151633	0.00513919
15	0.0564673	0.00191052	0.0947128	0.169317	0.00380692	0.0234364	0.0203705	0.012656	0.130104	0.0242489	0.00945253	0.0729265	0.0120043	0.121409	0.107781	0.0767228	0.038854	0.0153586	0.00131539	0.00714614
16	0.00820966	0.016073	0.00151473	0.00179118	0.18101	0.00475932	0.0483832	0.00185967	0.0100756	0.0599504	0.00161164	0.00573657	0.0011269	0.00275271	0.0134483	0.0159848	0.00219761	0.00307447	0.0140066	0.606433
17	0.178787	0.00142959	0.0531089	0.140273	0.00830702	0.0162577	0.0196019	0.0251794	0.0608682	0.0327234	0.0270064	0.0477064	0.0118316	0.107295	0.0471993	0.115222	0.0565681	0.0340427	0.000675665	0.0159164
18	0.026542	0.0120392	0.00776039	0.0100205	0.145718	0.00372791	0.0138869	0.114557	0.007194	0.229257	0.11208	0.0109373	0.00918821	0.0234962	0.0118948	0.0453573	0.034076	0.0617232	0.0104301	0.110114
19	0.022156	0.00670556	0.00219486	0.00340273	0.0283705	0.00258746	0.00439341	0.384254	0.00230456	0.176144	0.0592617	0.00475421	0.00369216	0.0055559	0.00571433	0.00993857	0.0168142	0.254852	0.000709038	0.00619445
20	0.03859	0.108801	0.00404691	0.0213877	0.00927082	0.0224878	0.0214319	0.0746614	0.0523415	0.116954	0.0369538	0.00743227	0.00465891	0.0366019	0.117406	0.0531608	0.152035	0.114439	0.00132216	0.0060171
21	0.0663395	0.00208257	0.297343	0.240492	0.00291519	0.0176424	0.0242956	0.00757349	0.0351181	0.0102559	0.0064874	0.0744662	0.0112975	0.0649734	0.0146487	0.0722309	0.0343219	0.00747852	0.00106029	0.00897761
22	0.0244163	0.00519459	0.00126191	0.00333134	0.0443049	0.00458481	0.00396999	0.252661	0.00791049	0.348486	0.0810872	0.00536309	0.0055847	0.00568501	0.00891851	0.0131352	0.0178483	0.159531	0.00046736	0.00625897
23	0.0420478	0.0658244	0.0124572	0.0260535	0.00877408	0.0227916	0.0284812	0.0321301	0.179699	0.0538513	0.0187782	0.0405438	0.0270666	0.0472947	0.16446	0.0596505	0.112871	0.0409328	0.00389833	0.0123935
24	0.021729	0.00050933	0.014226	0.0270268	0.00305134	0.0180523	0.0318271	0.0146072	0.271109	0.0110004	0.00147487	0.0142063	0.0250945	0.0728139	0.372347	0.0481363	0.0273854	0.0125972	0.000633167	0.0121726
25	0.278068	0.0307074	0.0132827	0.00753968	0.0025908	0.0643301	0.00272188	0.00448326	0.0046025	0.0157787	0.00531565	0.00428973	0.00564907	0.00323817	0.00251904	0.276186	0.260175	0.0132655	0.00117529	0.00408108
26	0.0221657	0.00219654	0.00086193	0.00232477	0.0369339	0.00406502	0.00319375	0.30226	0.00202932	0.353977	0.0704065	0.00402925	0.00456518	0.00286524	0.00694885	0.00789385	0.00947232	0.161504	0.000264001	0.00204315
27	0.0469441	0.00554458	0.164887	0.151909	0.00585118	0.0313426	0.0227149	0.0174081	0.0639763	0.0236827	0.0107876	0.0766817	0.0148069	0.067339	0.0708716	0.102147	0.0971493	0.0171644	0.00191757	0.00687424
28	0.189354	0.00351306	0.0323833	0.0727143	0.0129623	0.0304618	0.0192409	0.0483752	0.0392853	0.0447547	0.0301189	0.0608375	0.0080042	0.0624308	0.0206198	0.17295	0.0737538	0.0632431	0.000711633	0.0142854
29	0.0376932	0.00399981	0.0536549	0.0791767	0.00166704	0.0772979	0.0367207	0.00838538	0.198513	0.0219194	0.00402209	0.1178	0.0121511	0.116238	0.130435	0.0513778	0.029939	0.0103763	0.000640796	0.0079921
30	0.0695623	0.0053506	0.0195125	0.0324625	0.00635102	0.579837	0.00653994	0.0106206	0.0774953	0.0129437	0.0038247	0.0240851	0.0107275	0.0228605	0.026921	0.0578221	0.020529	0.00695717	0.00166276	0.0039347
31	0.0372414	0.0126725	0.0217007	0.0267841	0.0173485	0.02697	0.139589	0.0621188	0.0370716	0.0814331	0.0281209	0.14675	0.0492248	0.111236	0.0298237	0.0697554	0.0408908	0.0298265	0.00638359	0.0250592
32	0.208402	0.0925942	0.0124899	0.0138961	0.00821771	0.251474	0.00744021	0.0467934	0.0179194	0.0230053	0.0330274	0.0190215	0.0250654	0.0119018	0.0117971	0.164665	0.0247487	0.01687	0.00213833	0.00853246
33	0.0254312	0.00104117	0.00040396	0.00207923	0.0326135	0.00447391	0.00217772	0.305803	0.00191622	0.345373	0.0638192	0.00322357	0.00401684	0.00188119	0.00710123	0.00796304	0.00995502	0.180124	0.000142485	0.000460856
34	0.0197279	0.00394955	0.000822786	0.00245461	0.0295586	0.00357074	0.00279346	0.327194	0.00261555	0.322046	0.0617128	0.0044141	0.00374147	0.00305309	0.00603779	0.00759666	0.01046	0.185899	0.000312951	0.00203886
35	0.0513757	0.00511857	0.213004	0.261151	0.00797944	0.0251063	0.0202618	0.0173225	0.0466151	0.0235102	0.0109659	0.0649916	0.0201163	0.0675888	0.03421	0.0641924	0.0367353	0.0162852	0.00320234	0.010267
36	0.100979	0.017966	0.0175404	0.0318617	0.0234015	0.0210154	0.0186828	0.105361	0.0289957	0.151257	0.119439	0.0277596	0.019243	0.0404158	0.0331478	0.0828892	0.0615921	0.0747988	0.00634688	0.0173071
37	0.0866485	0.0305042	0.0245849	0.0446594	0.00519844	0.158333	0.0126366	0.0169366	0.100636	0.0239636	0.00800376	0.0234472	0.151196	0.0263878	0.0394874	0.171045	0.0443576	0.0121981	0.00300475	0.016772
38	0.0665261	0.0205627	0.0110975	0.00275619	0.00494994	0.012372	0.00203975	0.00503209	0.00268897	0.0124449	0.00542683	0.020119	0.00627083	0.00513959	0.00320245	0.460946	0.339802	0.00839832	0.00565751	0.0045677
39	0.039388	0.00363934	0.0100662	0.0189482	0.00634439	0.797455	0.00374456	0.009313	0.0259501	0.00683207	0.00271048	0.0102937	0.00505924	0.00485416	0.00537682	0.027281	0.0143883	0.00511133	0.00100313	0.00224072
40	0.0576974	0.0114217	0.0566804	0.0251456	0.00519612	0.0411113	0.00788181	0.00834956	0.0121628	0.0119951	0.00671627	0.0612386	0.0114961	0.0210627	0.0132225	0.366905	0.262362	0.0101833	0.00472437	0.00444754
41	0.0359546	0.00283009	0.0105279	0.0196904	0.00600758	0.804896	0.0040576	0.00848824	0.0271437	0.00561759	0.00251854	0.00848071	0.0043069	0.0054523	0.00500513	0.0275723	0.0147194	0.0036822	0.000863366	0.00218533
42	0.0553479	0.00554458	0.0376824	0.0509019	0.00480505	0.177974	0.0237996	0.01565	0.188939	0.0225985	0.00736688	0.0525486	0.0256856	0.0592095	0.1465	0.0710352	0.0304981	0.013672	0.00233111	0.00791019
43	0.175045	0.0348027	0.022045	0.0226562	0.00901442	0.0405391	0.0110817	0.0298597	0.0204497	0.0365296	0.0176021	0.0254666	0.0232903	0.0207645	0.0148727	0.223589	0.217075	0.0448391	0.0028098	0.00766735
44	0.088734	0.0124352	0.00321837	0.00136135	0.000963751	0.00223102	0.00627331	0.28692	0.00563953	0.0605615	0.0104868	0.00437164	0.00330904	0.00561563	0.00474561	0.032598	0.0626821	0.405054	0.0020546	0.000744355
45	0.155137	0.0248936	0.0101796	0.00342417	0.00344716	0.0306795	0.00198926	0.00433549	0.00306878	0.0156488	0.00616566	0.00960721	0.00466142	0.00342169	0.00232373	0.383647	0.32226	0.00770188	0.0034542	0.00395395
46	0.0250253	0.00341709	0.00160027	0.00248994	0.0317668	0.00361038	0.00471497	0.314635	0.00303999	0.309041	0.0591821	0.0053817	0.00741778	0.00368441	0.00732051	0.0116928	0.0157629	0.18678	0.000500692	0.00293672
47	0.0157756	0.0147273	0.0120405	0.00798587	0.0700918	0.00217425	0.0284569	0.252327	0.00343299	0.252568	0.0836071	0.0167321	0.0231327	0.0223654	0.0111485	0.0140079	0.0259521	0.112085	0.00218166	0.0292077
48	0.396581	0.0337933	0.00898428	0.0109574	0.00459986	0.0550446	0.0110122	0.00369392	0.0059811	0.0100762	0.00274717	0.0104169	0.0364051	0.00642604	0.00330345	0.3114	0.0603083	0.019178	0.000518315	0.00857281
49	0.0290367	0.00299591	0.00153373	0.00428029	0.043349	0.00420322	0.0045468	0.278339	0.00312037	0.343262	0.0844321	0.00459852	0.0054455	0.00530816	0.00850325	0.0117287	0.0139251	0.14607	0.000619053	0.00470235
50	0.0916538	0.0241915	0.00415798	0.00205818	0.0012894	0.00260674	0.00563551	0.272777	0.00643579	0.0767382	0.0120734	0.00536434	0.00653858	0.00607441	0.00630468	0.0315297	0.0732111	0.367258	0.00313931	0.000962473
51	0.0668091	0.00665619	0.0027712	0.00500475	0.0114883	0.00389383	0.0040902	0.284501	0.0125306	0.157131	0.0515537	0.00569004	0.00485443	0.00775738	0.0118159	0.0340323	0.0605263	0.266483	0.00110646	0.00130435
52	0.380315	0.0234973	0.00925625	0.00991073	0.0059341	0.0647559	0.00911015	0.00318718	0.005232	0.00624464	0.00138867	0.00892195	0.0547707	0.00551654	0.00218934	0.344085	0.0425401	0.0116892	0.000400327	0.0110549
53	0.0111867	0.0224398	0.00204747	0.00260749	0.174048	0.00491731	0.0476172	0.00642206	0.010343	0.0672274	0.00364829	0.00705209	0.00342865	0.00533811	0.0162005	0.0173069	0.0043901	0.00594602	0.013269	0.574563
54	0.0542254	0.00231324	0.00232648	0.0257189	0.00888293	0.00260896	0.0213793	0.0918629	0.0106897	0.240799	0.143961	0.00354953	0.00283442	0.102085	0.041018	0.0853374	0.0658813	0.045801	0.0294916	0.0192346
55	0.10083	0.292626	0.00896908	0.0118202	0.0254165	0.0254725	0.00956318	0.0239996	0.0184931	0.111619	0.010236	0.0151052	0.0731513	0.0233699	0.0325559	0.115446	0.0506157	0.0341822	0.0037598	0.0127689
56	0.0729189	0.0314792	0.0116516	0.00457754	0.00608954	0.0141282	0.00334982	0.00858269	0.00465919	0.0187476	0.00903984	0.0179437	0.00765907	0.00593473	0.00634297	0.393507	0.351719	0.0132255	0.00515259	0.013292
57	0.0634381	0.00719285	0.0207917	0.0386504	0.00846565	0.0227666	0.0249667	0.0245019	0.216056	0.0312295	0.0131252	0.0360093	0.0174406	0.0569409	0.272617	0.0688809	0.0370975	0.0229849	0.00315982	0.013685
58	0.0542243	0.0115423	0.0147898	0.0229279	0.0125633	0.011436	0.0114889	0.067609	0.0441073	0.0657807	0.0255701	0.0239358	0.213646	0.0377424	0.0232293	0.072839	0.163707	0.109376	0.00404728	0.00943794
59	0.0231032	0.00291385	0.00175071	0.00280821	0.0379349	0.00396084	0.00451857	0.310163	0.00199467	0.322929	0.0706132	0.00432773	0.00517105	0.00432066	0.0084158	0.00874479	0.0115975	0.170534	0.000465774	0.00373243
60	0.0481319	0.00352602	0.139351	0.184907	0.0042393	0.0600242	0.0185929	0.0310322	0.0406724	0.0196968	0.00783524	0.0581768	0.0845609	0.0621102	0.0258023	0.133298	0.0475944	0.0264103	0.000870952	0.00316795
61	0.0635793	0.00478196	0.0870884	0.178752	0.00719464	0.0505448	0.021356	0.0298941	0.0780266	0.0290534	0.0112063	0.0571493	0.024262	0.0798346	0.0914185	0.0885158	0.0435459	0.0445013	0.00151047	0.00778515
62	0.0257935	0.00577019	0.00241785	0.00894714	0.0326822	0.00309678	0.00545295	0.297444	0.00421014	0.260367	0.104416	0.00537677	0.00606533	0.00801394	0.00995742	0.0158182	0.0245407	0.172788	0.00116414	0.00567724
63	0.0444092	0.000669737	0.223782	0.263711	0.00460733	0.0262726	0.0194602	0.0117215	0.0522654	0.0125088	0.00728217	0.0935912	0.0056884	0.0818581	0.030961	0.0709399	0.0340611	0.01151	0.00161561	0.003085
64	0.0275578	0.00300891	0.0159767	0.027717	0.00360118	0.0219154	0.0570896	0.0148024	0.232228	0.0165245	0.00611984	0.0402774	0.0265083	0.0894636	0.29227	0.0620531	0.0333932	0.012924	0.00182533	0.014744
65	0.182185	0.103199	0.0015199	0.00552842	0.00794379	0.00415929	0.0235887	0.0983126	0.0037118	0.0377027	0.00757071	0.0284199	0.00228081	0.0031701	0.00578988	0.156035	0.131378	0.19537	0.000525972	0.00160844
66	0.0222952	0.00516397	0.000415679	0.00302835	0.0312061	0.00319245	0.00210356	0.249685	0.00446619	0.417994	0.105296	0.00387364	0.00455536	0.00268068	0.00957156	0.00880654	0.0112368	0.113273	0.000175759	0.000980736
67	0.205512	0.00434157	0.0390772	0.0910392	0.0118292	0.057797	0.0175133	0.0736695	0.0373967	0.0491387	0.019269	0.0520588	0.0127649	0.045873	0.0233708	0.141596	0.0393008	0.0634246	0.000699137	0.0143291
68	0.0572736	0.00747473	0.0704536	0.176584	0.0108516	0.0168154	0.0190187	0.0442979	0.0497248	0.105134	0.0280952	0.0422118	0.0455719	0.0549495	0.0402472	0.0789422	0.0992192	0.0387016	0.00320907	0.0112244
69	0.0171918	0.0166431	0.00217813	0.00564432	0.0191297	0.0030829	0.0044398	0.155659	0.00962614	0.496622	0.146556	0.00497521	0.00823281	0.00496477	0.0123187	0.0104035	0.0150054	0.0608027	0.000937486	0.00558745
70	0.02166	0.000538908	0.0141394	0.0270439	0.00310527	0.0179005	0.0313569	0.0145779	0.273363	0.0112522	0.00157033	0.0141706	0.0249341	0.0720912	0.371727	0.047841	0.0274488	0.0125535	0.000707898	0.0120175
71	0.0314135	0.00296968	0.00371399	0.0383621	0.0183475	0.0180485	0.0875028	0.0518697	0.188622	0.0644396	0.00408107	0.107905	0.00634651	0.0117288	0.136694	0.0610395	0.0485995	0.109	0.00132052	0.00799564
72	0.0266355	0.00204726	0.000711817	0.00158803	0.0202342	0.0059356	0.00173607	0.307854	0.00218913	0.296132	0.0329624	0.00360348	0.00290636	0.00163777	0.00561874	0.00749357	0.0181828	0.261029	0.000336613	0.00116522
73	0.0130918	0.0197753	0.0159976	0.00774143	0.0762838	0.00102922	0.0316234	0.255324	0.0021453	0.201886	0.0964908	0.018636	0.0196343	0.0286312	0.0120681	0.0124606	0.0317361	0.116767	0.00329769	0.0353808
74	0.0131819	0.0106213	0.000862628	0.00442445	0.0288945	0.00320113	0.00228222	0.163925	0.00797992	0.505141	0.147693	0.00423404	0.00385447	0.00484956	0.0102379	0.00857133	0.0109467	0.0628231	0.000618481	0.00565851
75	0.067007	0.0138049	0.00766144	0.00153489	0.00487054	0.00891118	0.0013482	0.00285587	0.00204144	0.0104895	0.00607052	0.0150149	0.00557373	0.00344787	0.00196365	0.467389	0.366787	0.00325537	0.00567149	0.00430142
76	0.368777	0.0314195	0.0101449	0.0131488	0.00502412	0.0688673	0.00584699	0.00386331	0.00592064	0.0113606	0.00226464	0.00897446	0.0292588	0.00504814	0.00248739	0.328663	0.0730747	0.0174004	0.000567517	0.00788714
77	0.0224606	0.00141151	0.00842875	0.0225855	0.00261184	0.00974007	0.0180275	0.0136068	0.321616	0.0232806	0.00619642	0.0207541	0.0141809	0.0521881	0.380164	0.0352907	0.0256006	0.0116002	0.00350874	0.00674783
78	0.0267265	0.000956557	0.00637193	0.0260698	0.00201657	0.00804505	0.0131488	0.00892171	0.393587	0.0144791	0.00621927	0.015352	0.0115276	0.0364075	0.348207	0.0453903	0.0212526	0.00786441	0.00206931	0.00538778
79	0.0429638	0.0308231	0.0121434	0.0179331	0.00767078	0.0216961	0.178844	0.0118516	0.0633568	0.0262434	0.0119266	0.204394	0.0131229	0.0981564	0.0702294	0.0738889	0.055395	0.00930017	0.00321865	0.0468415
80	0.00717596	0.0111496	0.00143604	0.0112313	0.00219953	0.00549286	0.00151447	0.0621009	0.00934223	0.593938	0.238334	0.00281109	0.00323496	0.0037349	0.0105386	0.00669034	0.00996603	0.0144908	0.000480088	0.00413807
81	0.0871678	0.314596	0.00606693	0.0108351	0.0255664	0.0141735	0.0105314	0.0291421	0.0206918	0.133129	0.015401	0.0202589	0.059765	0.0226839	0.0593106	0.0738814	0.0476851	0.0351353	0.00219748	0.0117821
82	0.010674	0.0082329	0.000364631	0.00148748	0.0172411	0.0015838	0.000357478	0.487039	0.000481224	0.0867376	0.0182913	0.00267999	0.000661721	0.000424274	0.00052668	0.00209401	0.00745058	0.349913	0.00021495	0.00354399
83	0.020628	0.0135448	0.0303059	0.0323741	0.00466483	0.0189229	0.179354	0.0131268	0.0360093	0.0640434	0.0104386	0.307687	0.0334235	0.114893	0.0252469	0.0321758	0.0399824	0.0105683	0.00264483	0.00996575
84	0.0456386	0.00182148	0.135984	0.207182	0.00381048	0.0468555	0.0142418	0.0317537	0.0461898	0.0216816	0.00782344	0.0572771	0.0811565	0.0651255	0.0332559	0.126884	0.0484971	0.0215867	0.000765384	0.00246929
85	0.0742855	0.000996093	0.0718058	0.18159	0.000664775	0.0137173	0.00873064	0.00449109	0.126412	0.0204666	0.011604	0.0813436	0.007872	0.146907	0.0991932	0.0897787	0.0410257	0.0141961	0.000630642	0.00428944
86	0.0869331	0.0121642	0.0032136	0.00136407	0.00110115	0.00226477	0.00585882	0.285211	0.00528231	0.0648887	0.0103009	0.00448062	0.00311409	0.00538978	0.00466299	0.0312186	0.0611307	0.408596	0.00202924	0.000795099
87	0.0880756	0.00412956	0.00483252	0.00615664	0.0050741	0.00519895	0.00534094	0.0288975	0.06472	0.142684	0.0334934	0.0282751	0.00553217	0.00724262	0.143592	0.285351	0.0319192	0.0846791	0.00177887	0.0230264
88	0.0406229	0.000687209	0.2269	0.231597	0.00663692	0.0337106	0.0225999	0.0179616	0.0440638	0.0152366	0.00865398	0.1047	0.0109076	0.0758146	0.0219755	0.0842829	0.0389184	0.0114244	0.000794502	0.00251153
89	0.109944	0.0210367	0.0216966	0.0669142	0.0049293	0.166155	0.00923385	0.0139162	0.116995	0.0371205	0.00657337	0.0179507	0.0842189	0.0356861	0.0621757	0.171811	0.0295055	0.0106794	0.00169555	0.0117622
90	0.167204	0.00128673	0.0567342	0.124204	0.022447	0.0210285	0.0293211	0.0819824	0.0525043	0.0550041	0.0220208	0.0483349	0.00781686	0.0506343	0.0385634	0.0796099	0.0438244	0.0678643	0.000415576	0.0291989
91	0.176513	0.00137341	0.0494521	0.120513	0.0233589	0.0224106	0.0298954	0.0963222	0.0485805	0.0654177	0.0238357	0.0415703	0.00623902	0.0466739	0.0411065	0.0669883	0.0340154	0.0734461	0.000530697	0.0317565
92	0.0879577	0.0107545	0.00320141	0.00167146	0.00142633	0.00244839	0.00571007	0.287264	0.00703123	0.0671391	0.0127478	0.00463517	0.00314205	0.00602333	0.00552988	0.0338919	0.0622338	0.394558	0.00182824	0.000805537
93	0.0426162	0.00216218	0.282063	0.218054	0.00290243	0.027048	0.0190847	0.0153875	0.0428234	0.0130821	0.00777058	0.0720256	0.0344451	0.0636012	0.0193901	0.0876648	0.0334643	0.0103753	0.000940305	0.00509977
94	0.391547	0.0416229	0.00818984	0.0248173	0.00513037	0.0648421	0.00352015	0.00452416	0.011587	0.0188787	0.00272109	0.00819161	0.0101015	0.00518084	0.00246676	0.290002	0.0717417	0.0296942	0.000467934	0.00477252
95	0.178459	0.00605557	0.0169222	0.0761493	0.00341229	0.0834011	0.0146427	0.00451927	0.241208	0.0467011	0.00351492	0.0120491	0.00447711	0.0773008	0.093982	0.117824	0.0112423	0.004563	0.000820931	0.00275522
96	0.136109	0.289444	0.00815664	0.00912208	0.0236998	0.0211804	0.0115745	0.0511004	0.0125026	0.091888	0.0143206	0.019412	0.0174459	0.0164975	0.0266593	0.102371	0.0574092	0.0709127	0.00266786	0.0175265
97	0.0587881	0.00290129	0.0135211	0.0912264	0.0559027	0.00722766	0.0681689	0.0521768	0.0502717	0.127058	0.018922	0.0473332	0.0077762	0.114394	0.0791561	0.0162375	0.0174916	0.0341726	0.00142358	0.13585
98	0.155044	0.00897989	0.027194	0.0550494	0.00285803	0.0907437	0.00698535	0.00338287	0.223922	0.0267192	0.00241806	0.0139881	0.00406625	0.0719077	0.0929452	0.194372	0.0132742	0.00348218	0.000729804	0.00193813
99	0.00928402	0.0167293	0.000869432	0.00545105	0.00576674	0.00385498	0.00110741	0.109709	0.0128437	0.591413	0.173069	0.00300312	0.00411315	0.00183069	0.0136329	0.00661217	0.00797767	0.0303134	0.000335571	0.00208322
100	0.0718072	0.011599	0.0335606	0.0925143	0.00828482	0.0243696	0.0239247	0.0355036	0.0553383	0.0417182	0.0175926	0.0471789	0.0173833	0.0509266	0.079983	0.169655	0.14496	0.0623762	0.00259351	0.00872991
101	0.153132	0.00763291	0.0389597	0.0154591	0.00570428	0.0652751	0.0272783	0.0154854	0.0185589	0.0439102	0.0278897	0.102281	0.00629668	0.0436764	0.027672	0.294479	0.0649898	0.022407	0.0015962	0.0173155
102	0.102876	0.0452201	0.0144964	0.0392649	0.00431265	0.187461	0.00600359	0.0148676	0.0818633	0.021183	0.00761402	0.00931788	0.162445	0.012052	0.0170741	0.193979	0.0421837	0.00942204	0.00341454	0.0249498
103	0.0504785	0.0617504	0.0033609	0.0106207	0.0255852	0.0120064	0.0131799	0.0828168	0.0247866	0.182077	0.0590821	0.00676297	0.00408339	0.0132492	0.0399642	0.0919553	0.143463	0.154336	0.00211007	0.0183307
104	0.0916409	0.288501	0.00735417	0.0123105	0.0201211	0.0150024	0.0170898	0.0365426	0.0273921	0.0886108	0.0148699	0.0235533	0.021832	0.0252654	0.0645827	0.0828644	0.0937908	0.054884	0.00260285	0.0111893
105	0.0404407	0.00163822	0.135576	0.197868	0.00394604	0.0491466	0.0136052	0.0409016	0.0382971	0.0211366	0.00868599	0.0634737	0.0796098	0.0675936	0.027643	0.139077	0.0440345	0.0250398	0.000544657	0.00174231
106	0.00620683	0.000870178	0.00282741	0.00296329	0.506862	0.000895932	0.0117616	0.00136012	0.00157263	0.0329745	0.0146824	0.00363533	0.000600362	0.0045008	0.00344026	0.00939127	0.00154409	0.0112692	0.0190956	0.363546
107	0.00635453	0.0017473	0.00269853	0.00279908	0.490371	0.00114305	0.0145625	0.00130986	0.00223268	0.0357421	0.0136965	0.0036647	0.000629306	0.00445976	0.00413856	0.00949062	0.00161024	0.0105117	0.0182028	0.374635
108	0.0421118	0.00112139	0.259064	0.301438	0.00367008	0.0213603	0.024354	0.0096988	0.039256	0.00967751	0.00584844	0.076672	0.00616892	0.0786493	0.0207678	0.0557695	0.0284754	0.00931948	0.00261113	0.00396621
109	0.088768	0.0116621	0.00334046	0.00134482	0.000959861	0.00227279	0.00599434	0.284163	0.00560316	0.0621819	0.0106781	0.0045373	0.0031655	0.00577097	0.00483399	0.0331146	0.0617453	0.407218	0.00191351	0.000731484
110	0.00880821	0.0153913	0.00156486	0.00173172	0.171312	0.00470209	0.0474497	0.00193323	0.00969489	0.0561388	0.00159987	0.00555925	0.00108778	0.0026826	0.0134493	0.0155905	0.00223621	0.00301185	0.0141235	0.621932
111	0.0193315	0.0100551	0.0784624	0.01692	0.00498149	0.0789877	0.00737753	0.00437525	0.00728852	0.00798604	0.00383725	0.113341	0.0127661	0.0260246	0.0164335	0.362537	0.212556	0.00762855	0.0061714	0.00293985
112	0.0125333	0.00772323	0.00336691	0.00265325	0.0756931	0.00207152	0.00863828	0.22066	0.00298233	0.375349	0.118085	0.0103552	0.00619929	0.0111115	0.00620902	0.0103653	0.013275	0.0936246	0.00094996	0.0181539
113	0.0435081	0.00219811	0.356133	0.263759	0.00216788	0.0160188	0.0203863	0.0060712	0.03275	0.00920861	0.00560697	0.0664807	0.0129195	0.0541834	0.011714	0.0562119	0.0271598	0.00548571	0.00135802	0.00667913
114	0.0451996	0.00114239	0.294968	0.281691	0.00312853	0.0226152	0.0152779	0.00828636	0.0453739	0.0096473	0.00667264	0.0723402	0.00836559	0.0664411	0.0236131	0.0524925	0.0286221	0.00815346	0.00197985	0.00398996
115	0.0194054	0.00555423	0.000493268	0.00263553	0.0321629	0.00316927	0.00233704	0.243141	0.0045463	0.43877	0.10118	0.0042727	0.00456912	0.00246659	0.0091281	0.00772356	0.00976816	0.106929	0.000249115	0.00149862
116	0.0174787	0.00118623	0.00161525	0.0111339	0.00199566	0.00315592	0.00754463	0.0182963	0.357483	0.0430569	0.0123153	0.0257488	0.00662777	0.0347655	0.387104	0.0178767	0.0284984	0.0150815	0.00736991	0.00166646
117	0.0188792	0.0142649	0.0124001	0.00891626	0.079322	0.00226667	0.0217959	0.248309	0.00379554	0.155242	0.0973749	0.0137386	0.0146151	0.038063	0.0309747	0.0183948	0.0382596	0.108984	0.0219847	0.0524189
118	0.151837	0.298052	0.00549575	0.00861605	0.0217721	0.0208581	0.0116182	0.0418758	0.015199	0.0866755	0.0131097	0.0210119	0.0193692	0.0198877	0.0270366	0.10393	0.0559032	0.0634858	0.00355634	0.0107099
119	0.0414812	0.00305343	0.01503	0.0183666	0.00691338	0.0051148	0.00593054	0.0233229	0.0210319	0.029343	0.0139193	0.0123405	0.662349	0.0123803	0.00880947	0.0454685	0.0440578	0.0263513	0.000725133	0.0040112
120	0.0148557	0.0128291	0.00274996	0.00358251	0.23124	0.00491385	0.0396265	0.00829998	0.00947131	0.0551645	0.00844238	0.00924989	0.00231474	0.00840479	0.0144525	0.0198604	0.00524137	0.00985181	0.0136431	0.525805
121	0.00625954	0.00106017	0.00280655	0.00292545	0.502136	0.000970288	0.0122235	0.00135111	0.0017026	0.0331367	0.0145123	0.00363625	0.000609661	0.00445869	0.00353494	0.00950684	0.0015514	0.0111406	0.0190499	0.367428
122	0.0782179	0.0758107	0.00257138	0.00737388	0.0165684	0.0073643	0.0119106	0.0841953	0.0182645	0.141643	0.0544391	0.0124382	0.00425518	0.0109169	0.0250825	0.118472	0.163698	0.153759	0.00171761	0.011301
123	0.183853	0.0769687	0.00408896	0.00755041	0.00729625	0.00594887	0.0205177	0.0882316	0.005847	0.0333537	0.00815522	0.0317017	0.00447339	0.00589147	0.00644695	0.192957	0.138864	0.174751	0.000567687	0.00253651
124	0.0239945	0.000959825	0.00905124	0.0241647	0.00309595	0.0117132	0.0206787	0.014542	0.316629	0.0228825	0.00630316	0.0215672	0.0149893	0.0521624	0.370283	0.0362027	0.0262072	0.0119072	0.00349505	0.0091712
125	0.0149823	0.00710925	0.00162601	0.0144722	0.0323735	0.00612321	0.236472	0.0036111	0.0577015	0.0180791	0.00351319	0.127754	0.00382299	0.0856863	0.132242	0.0334964	0.0333696	0.00272303	0.00052789	0.184314
126	0.49778	0.123167	0.00158976	0.00591116	0.00202394	0.0266872	0.00179986	0.00279277	0.00821129	0.0156556	0.001334	0.00334549	0.00221784	0.00285766	0.00244062	0.183055	0.0500275	0.0665186	0.000454124	0.00213002
127	0.0423011	0.00254635	0.276867	0.168456	0.00300757	0.0325804	0.0397679	0.0096015	0.0431737	0.0107777	0.00661266	0.130841	0.0150384	0.0671924	0.0148965	0.0834745	0.0398907	0.00626966	0.000629093	0.00607522
128	0.0108175	0.00778869	0.00031248	0.00151196	0.0177712	0.00159826	0.000354847	0.48868	0.000443144	0.0844419	0.0188092	0.00268794	0.000659843	0.000412042	0.000501895	0.00207627	0.00649277	0.350916	0.000125698	0.0035973
129	0.0108175	0.00778869	0.00031248	0.00151196	0.0177712	0.00159826	0.000354847	0.48868	0.000443144	0.0844419	0.0188092	0.00268794	0.000659843	0.000412042	0.000501895	0.00207627	0.00649277	0.350916	0.000125698	0.0035973
130	0.0115648	0.00766064	0.00033438	0.00173123	0.0175482	0.00159733	0.000420491	0.482934	0.000539864	0.0875905	0.0204606	0.00266963	0.000706118	0.000614232	0.000687839	0.00266082	0.00743648	0.349157	0.000144991	0.00354107
131	0.00807742	0.0158569	0.00159189	0.00183451	0.192265	0.00482347	0.0475112	0.00184482	0.00987269	0.0596536	0.00203646	0.0056225	0.00106914	0.00284202	0.013259	0.0157265	0.00213589	0.00331902	0.0140344	0.596623
132	0.0436224	0.0109356	0.0330956	0.0121509	0.00573139	0.0392057	0.00750723	0.00675503	0.00877696	0.0120443	0.00529797	0.0665202	0.0216665	0.0204421	0.00823504	0.449893	0.229291	0.00842328	0.00626025	0.0041448
133	0.00697249	0.00525352	0.00236603	0.00249728	0.38111	0.0019794	0.0226267	0.00163784	0.00385189	0.0369102	0.0102978	0.00417311	0.000713033	0.00355444	0.00631444	0.0113903	0.00187155	0.0086483	0.0174775	0.470354
134	0.0468676	0.00660901	0.00773175	0.0311438	0.0558155	0.00826083	0.112343	0.0208822	0.036031	0.0904814	0.0289922	0.134008	0.0178984	0.0950296	0.0576723	0.0258111	0.0222138	0.0160808	0.00195735	0.18417
135	0.00993118	0.0125782	0.00366688	0.00514284	0.218358	0.00464643	0.0483224	0.00571107	0.0117761	0.0546616	0.00650089	0.0133882	0.00207659	0.00957835	0.0174684	0.0173435	0.00536713	0.00690179	0.0135819	0.532999
136	0.0217313	0.00488398	0.000542323	0.00438434	0.034361	0.00319742	0.00214015	0.244579	0.0041798	0.390005	0.124517	0.00429624	0.00420552	0.00463473	0.00919401	0.0110637	0.0135354	0.114987	0.0003889	0.00317328
137	0.0207369	0.00294758	0.000558631	0.00197235	0.0291563	0.00362075	0.00202603	0.335278	0.00181669	0.308861	0.0546646	0.00368616	0.00341242	0.00212027	0.00610894	0.0068943	0.0105501	0.203774	0.000213102	0.00160183
138	0.0436234	0.00288571	0.310751	0.233838	0.00487138	0.0266411	0.0190097	0.0107182	0.0385713	0.0130618	0.00727282	0.078903	0.0139613	0.0541668	0.0212354	0.0666851	0.0353135	0.00895806	0.00232775	0.00720533
139	0.0617763	0.00725638	0.0145324	0.0211911	0.00708877	0.0105651	0.00675693	0.0129804	0.0208263	0.0266174	0.0126877	0.012762	0.642197	0.0113361	0.00935609	0.0554865	0.0411584	0.0198955	0.00102057	0.00450921
140	0.0219165	0.00198563	0.00994091	0.0228312	0.00322968	0.0167294	0.0243841	0.0216787	0.296616	0.0220325	0.00534703	0.0200815	0.0190424	0.0562321	0.351763	0.0407628	0.0347256	0.019725	0.00232247	0.00865452
141	0.0122039	0.00841169	0.000378478	0.00194476	0.0171617	0.00163134	0.000540891	0.481406	0.00094627	0.0838526	0.0187562	0.00270181	0.00089663	0.000505775	0.000784154	0.00271927	0.0090113	0.352445	0.000204999	0.0034979
142	0.392054	0.0464	0.00732773	0.0267506	0.00583906	0.0535775	0.00390065	0.0051485	0.00970763	0.0143832	0.00309665	0.0102022	0.0143764	0.00480457	0.00231897	0.301375	0.0632379	0.0290446	0.000596935	0.00585795
143	0.0397852	0.000657397	0.238178	0.236351	0.00612349	0.0338536	0.0230128	0.0135173	0.0448361	0.0136567	0.0083244	0.109103	0.0054887	0.0784146	0.0208378	0.0771853	0.0374077	0.00966001	0.000884255	0.00272338
144	0.0667511	0.00931046	0.00263932	0.0016801	0.00362427	0.00233354	0.00454056	0.295588	0.00533078	0.108251	0.0136678	0.00455193	0.00328935	0.00467708	0.00510187	0.0262861	0.0540275	0.385567	0.00165163	0.00112997
145	0.0458217	0.0175176	0.0597112	0.0196241	0.00630793	0.0985841	0.00957221	0.0097935	0.0172368	0.012808	0.00662738	0.0795709	0.0407215	0.0284516	0.012438	0.350314	0.15236	0.0103601	0.0164341	0.00574506
146	0.0271009	0.00103625	0.00515124	0.0274378	0.00169652	0.00582373	0.00967514	0.00735895	0.423459	0.014408	0.00719832	0.015704	0.00911493	0.0303996	0.340125	0.0414546	0.019989	0.00639253	0.00231537	0.00415989
147	0.0392784	0.000811455	0.249196	0.242832	0.00565637	0.032687	0.0204613	0.0164117	0.0418214	0.013351	0.00955813	0.0990228	0.0102682	0.0707037	0.0195844	0.0781262	0.0357549	0.010502	0.000884107	0.00308928
148	0.00372046	0.00694612	0.00085632	0.00161877	0.135986	0.00136999	0.00350585	0.100047	0.00400459	0.414997	0.179447	0.00942671	0.00109706	0.0190473	0.00232879	0.0149847	0.0130959	0.0465704	0.000891813	0.0400571
149	0.0217228	0.000514775	0.0141924	0.0272306	0.00305147	0.0178039	0.0313528	0.014395	0.274863	0.0109393	0.00155278	0.0141541	0.0250975	0.0720614	0.370717	0.0481543	0.0271534	0.0124054	0.000671061	0.0119666
150	0.0381677	0.000755142	0.226949	0.208692	0.00545785	0.0396164	0.0256336	0.0132118	0.0494431	0.0127447	0.00767707	0.134469	0.0059664	0.077932	0.0217867	0.0794839	0.0397325	0.00847576	0.00082212	0.0029828
151	0.328338	0.0466607	0.0123515	0.00932922	0.00279797	0.0598764	0.00258208	0.00358065	0.00552287	0.0138013	0.00377014	0.00441327	0.00733676	0.00312033	0.00194172	0.291831	0.180498	0.017632	0.000692684	0.00392435
152	0.0229523	0.0147894	0.0011862	0.00155051	0.0142363	0.00159904	0.00109734	0.446486	0.00146765	0.0839303	0.0162817	0.00273984	0.00161477	0.0009984	0.00135055	0.00579967	0.0184158	0.359535	0.000961819	0.003007
153	0.0145391	0.00579195	0.000373626	0.00138381	0.0184281	0.00238742	0.000692742	0.443159	0.000779907	0.146806	0.021961	0.00272777	0.00132205	0.00061551	0.00185138	0.00333122	0.00905384	0.321852	0.000156341	0.00278682
154	0.0123632	0.00774545	0.00035463	0.00148051	0.0173689	0.0015988	0.000514995	0.479924	0.000608556	0.086927	0.0188663	0.0027122	0.000767314	0.000487438	0.000680804	0.00280598	0.00830491	0.35286	0.000177793	0.00345142
155	0.018321	0.0240866	0.0104243	0.00633964	0.101126	0.00341559	0.0185685	0.204717	0.0047745	0.250075	0.110498	0.0142044	0.0124614	0.0210876	0.0107306	0.022431	0.0322868	0.100232	0.0035027	0.0307173
156	0.0451917	0.00363056	0.299894	0.224603	0.00476424	0.0293228	0.0193427	0.0131121	0.0400055	0.0158476	0.00855145	0.0776676	0.0156138	0.054736	0.0214761	0.069552	0.0354291	0.0113067	0.00221816	0.00773503
157	0.0510057	0.00218569	0.221672	0.273299	0.00509178	0.0278484	0.0163885	0.0155328	0.0565053	0.0188898	0.00960373	0.0626312	0.0138818	0.067931	0.0370571	0.0611951	0.0348893	0.0146016	0.002612	0.00717751
158	0.407317	0.0841756	0.00791228	0.0141291	0.00582683	0.0583429	0.00513118	0.0193776	0.0125405	0.0253704	0.00612972	0.0133854	0.0118347	0.0106412	0.00896402	0.183665	0.0512523	0.0672621	0.000767704	0.00597485
159	0.0438348	0.0110063	0.0379596	0.0437245	0.0289477	0.0236561	0.172459	0.0308233	0.0614177	0.0451847	0.0162331	0.0985775	0.0193641	0.0746124	0.0727102	0.0619973	0.0419151	0.0234249	0.00473651	0.0874149
160	0.0504604	0.00791145	0.101201	0.067147	0.00950754	0.0651795	0.0485975	0.0226072	0.0626005	0.0331537	0.0120986	0.213249	0.0159905	0.0686127	0.0413964	0.0903555	0.0440764	0.0197866	0.00357708	0.0224914
161	0.0193689	0.0061075	0.000679523	0.0017609	0.0190502	0.00239673	0.00125272	0.421273	0.00131664	0.153211	0.0282954	0.00314913	0.00175753	0.00138692	0.00273028	0.0059249	0.0129066	0.314422	0.000294789	0.00271528
162	0.0484741	0.00189763	0.30499	0.271615	0.00322116	0.019933	0.0178944	0.00929091	0.0381682	0.0109846	0.00720211	0.0687761	0.0114466	0.0608121	0.0196756	0.0578205	0.030415	0.00912791	0.00162623	0.00662825
163	0.0635436	0.00421624	0.106086	0.0115881	0.00322741	0.116198	0.0111566	0.0120635	0.0444023	0.0158405	0.00615035	0.28489	0.00847931	0.0368316	0.0157594	0.184925	0.0463067	0.00663716	0.00148007	0.0202175
164	0.0841746	0.0140775	0.00358914	0.00253943	0.00446202	0.00256946	0.00929807	0.290098	0.00593286	0.0710827	0.013731	0.00659901	0.00398095	0.00618598	0.00612847	0.033447	0.058609	0.379709	0.00178677	0.00199881
165	0.261517	0.203057	0.00293551	0.00551446	0.0143659	0.0186054	0.00805519	0.0555006	0.00762318	0.0601485	0.00872957	0.0107335	0.00728549	0.00918052	0.0134949	0.116403	0.0656857	0.1242	0.00117593	0.00578914
166	0.0446637	0.0261323	0.0108955	0.00527559	0.0284146	0.00211398	0.013841	0.283348	0.00579716	0.137782	0.043637	0.00971428	0.0108585	0.0134235	0.00931149	0.0224879	0.0573101	0.257688	0.00336348	0.0139419
167	0.0271819	0.00179207	0.379865	0.352169	0.00119462	0.0120532	0.00849704	0.00549871	0.0262041	0.00535522	0.00500525	0.0425947	0.0108797	0.0368668	0.0139328	0.0277725	0.0276611	0.00639873	0.00290754	0.00617011
168	0.489349	0.111378	0.00227004	0.00684921	0.00252179	0.026901	0.00295196	0.00639372	0.00873927	0.0195154	0.00274512	0.00475671	0.00304243	0.00361466	0.00315271	0.177991	0.0484746	0.0757661	0.000692824	0.0028945
169	0.00376913	0.00675839	0.000867172	0.00169854	0.1358	0.00145563	0.00355913	0.0974322	0.00406186	0.417791	0.179155	0.00930589	0.00108252	0.0195949	0.00244025	0.0150697	0.0132395	0.0458782	0.000985685	0.0400549
170	0.0647229	0.0152131	0.0080483	0.00218427	0.00519265	0.007917	0.00170769	0.00406982	0.00237458	0.0114021	0.0050814	0.0163586	0.00646179	0.00376577	0.00228496	0.47918	0.348762	0.00534001	0.00557557	0.00435731
171	0.032403	0.00255408	0.00152474	0.0083882	0.0345465	0.00321903	0.00436119	0.279006	0.00322089	0.284052	0.122129	0.004371	0.00423149	0.0102075	0.0120695	0.0225815	0.0259469	0.13855	0.00183683	0.00480065
172	0.0233095	0.000989079	0.00271851	0.0258874	0.00162526	0.00297708	0.00533255	0.00788315	0.44253	0.020151	0.009291	0.0159587	0.00621749	0.0229362	0.350637	0.0285084	0.0211751	0.00650292	0.00356436	0.00180571
173	0.0751778	0.000864733	0.0976984	0.205756	0.00160223	0.0166451	0.0110345	0.00652061	0.105383	0.0175059	0.0119924	0.0803186	0.00629119	0.134408	0.0836731	0.0856844	0.0412889	0.0132625	0.00104379	0.0038488
174	0.101485	0.00136563	0.0417647	0.15166	0.0049891	0.0274683	0.0410269	0.0355708	0.0640738	0.0286078	0.00910835	0.058967	0.0207085	0.0823853	0.0637059	0.140677	0.0804378	0.0397405	0.000511748	0.00574609
175	0.0458826	0.00189164	0.131597	0.01266	0.00194416	0.147646	0.0134105	0.0188055	0.07364	0.0111428	0.00240534	0.348031	0.0116011	0.0509934	0.0230679	0.0729761	0.016987	0.003035	0.000675335	0.0116071
176	0.116369	0.00147785	0.0349031	0.153813	0.00437207	0.0271869	0.0381378	0.0309922	0.0745504	0.0248304	0.0103096	0.0580174	0.0129012	0.0914196	0.0645412	0.1393	0.0697905	0.0399946	0.000509283	0.00658378
177	0.0716691	0.00132277	0.0626043	0.176111	0.000700393	0.0203189	0.0090284	0.0044657	0.140756	0.0217166	0.00909418	0.0820197	0.00662804	0.145014	0.102673	0.0912487	0.0372205	0.013303	0.000642908	0.00346184
178	0.0213337	0.000499101	0.0129534	0.0249215	0.00295467	0.0171716	0.0304756	0.0147812	0.27124	0.0123105	0.00176474	0.0147908	0.0242016	0.0705417	0.382638	0.0458777	0.0269192	0.0122827	0.00101266	0.0113296
179	0.0339931	0.00933127	0.00552149	0.00966097	0.0298677	0.00534013	0.00959709	0.236387	0.0130599	0.255895	0.0577325	0.0104436	0.0336278	0.00838263	0.0139118	0.0214069	0.038606	0.198301	0.00148624	0.00744844
180	0.0435315	0.00159474	0.0513055	0.107658	0.00120317	0.0166675	0.0180287	0.00553941	0.20326	0.0259903	0.00498614	0.0732525	0.0146237	0.131512	0.176426	0.0634107	0.0377509	0.0144347	0.000506823	0.0083182
181	0.039714	0.000653126	0.236911	0.233075	0.00610301	0.0331977	0.0229422	0.0150909	0.0452333	0.0137617	0.00883687	0.109663	0.00636695	0.0777201	0.0211744	0.0780811	0.037663	0.0103183	0.000879237	0.00261517
182	0.0525198	0.000901569	0.184978	0.27242	0.00366886	0.0207891	0.0175953	0.0109728	0.063866	0.0142391	0.00829942	0.0748362	0.00852812	0.0995234	0.0500917	0.0640552	0.0331336	0.012689	0.00206775	0.00482484
183	0.0554582	0.060805	0.00628112	0.00786752	0.103862	0.0181689	0.0389755	0.0162851	0.0183389	0.0632634	0.0111376	0.0216238	0.0162206	0.0155885	0.0200408	0.0890562	0.0320617	0.0212718	0.0099104	0.373783
184	0.063104	0.00105175	0.0658551	0.179755	0.000627634	0.0137332	0.0096532	0.00478731	0.13271	0.0244809	0.00948312	0.0901873	0.00758919	0.15255	0.105197	0.0824686	0.0377842	0.0146713	0.000703054	0.00360792
185	0.0186592	0.000837185	0.00361381	0.0134447	0.00184507	0.00448857	0.0105292	0.0134982	0.352164	0.0333373	0.00814514	0.0258107	0.00748276	0.0458502	0.393877	0.0201485	0.0251831	0.0115055	0.00699737	0.00258308
186	0.00838452	0.0144602	0.000847313	0.00533096	0.0175905	0.00375529	0.0012608	0.108188	0.0106323	0.576703	0.177697	0.00352231	0.00358397	0.00343497	0.0115498	0.0066684	0.00850923	0.0321695	0.000340466	0.00537114
187	0.0263005	0.00165033	0.000783358	0.00242258	0.0337596	0.00426171	0.00280455	0.305648	0.00207484	0.33042	0.0643792	0.0035475	0.00431493	0.00269798	0.00783766	0.00911425	0.0118243	0.184335	0.000271992	0.00155213
188	0.0510194	0.000705119	0.182491	0.289064	0.00336234	0.0204541	0.0199336	0.00946154	0.0579848	0.012261	0.00749223	0.0851947	0.00375471	0.102784	0.0447449	0.0618231	0.0301452	0.0114682	0.00347691	0.00238008
189	0.0384477	0.00192485	0.102223	0.043845	0.00366272	0.326871	0.0147542	0.0130338	0.0820861	0.0104069	0.0034537	0.190797	0.00874574	0.0436879	0.0266312	0.0571236	0.0183937	0.00485745	0.000944206	0.00811066
190	0.0182948	0.00543769	0.00143045	0.00255547	0.0295619	0.00324389	0.00375675	0.333011	0.00267194	0.304689	0.0632876	0.0046574	0.00425208	0.00374252	0.00654931	0.00768324	0.0111778	0.189899	0.000388811	0.00370859
191	0.0217294	0.000509385	0.0142744	0.0270859	0.00305828	0.0180919	0.0318075	0.0146116	0.271223	0.0109688	0.00146827	0.0142048	0.0251228	0.0728626	0.37195	0.0482433	0.0273728	0.0125904	0.000621999	0.0122026
192	0.10685	0.00958189	0.00634274	0.00235165	0.00123511	0.0041786	0.00532182	0.269814	0.00691936	0.0713539	0.0182724	0.00908688	0.00372584	0.0110315	0.00876127	0.0417169	0.0687995	0.351944	0.00158334	0.00112885
