289	20
1	0.043448	0.00976129	0.118834	0.0868152	0.0129174	0.0272592	0.069669	0.0194524	0.0629673	0.0237887	0.0113964	0.0871372	0.00908324	0.0869071	0.0867367	0.10494	0.0644705	0.0368333	0.0020259	0.0355569
2	0.0517726	0.00386771	0.024494	0.0512522	0.00241522	0.00997766	0.0497132	0.0140606	0.217977	0.024084	0.0051601	0.0350904	0.0393841	0.0966113	0.21616	0.0718279	0.0489433	0.015097	0.00683707	0.0152745
3	0.0204361	0.0198104	0.00370265	0.00584193	0.0166928	0.0110462	0.0160686	0.0266881	0.205138	0.0137363	0.0102009	0.00697827	0.0028698	0.043976	0.462152	0.0312744	0.0526458	0.0252651	0.010804	0.0146725
4	0.0458255	0.0091644	0.00473874	0.00250123	0.0571026	0.00587615	0.00220758	0.171209	0.00290118	0.411819	0.105632	0.00179377	0.00739372	0.00569931	0.000676605	0.0163611	0.0210707	0.12319	0.00235332	0.00248401
5	0.0307651	0.00405599	0.000413249	0.00371481	0.0182213	0.0199324	0.00121425	0.290469	0.00267761	0.0972836	0.0261227	0.00514534	0.00156576	0.0031121	0.00213059	0.0208947	0.0704795	0.389771	0.00069255	0.0113379
6	0.0461102	0.00885087	0.00308518	0.00415367	0.0602355	0.00490438	0.00159107	0.156821	0.00467918	0.419604	0.104119	0.00170091	0.00726498	0.00834706	0.00143536	0.0216002	0.0241705	0.115755	0.00245546	0.00311597
7	0.0648779	0.0157213	0.000405505	0.000688459	0.0827359	0.0160595	0.00112723	0.263484	0.000578476	0.205765	0.0406328	0.000778972	0.00502691	0.00119445	0.000696631	0.0227674	0.0446869	0.223903	0.0038407	0.00502884
8	0.0331646	0.00400867	0.000454735	0.00479547	0.0178744	0.0216797	0.00141345	0.29142	0.00272987	0.08978	0.0263081	0.00577302	0.00172606	0.00345353	0.00206432	0.0230984	0.075675	0.382912	0.000779138	0.0108895
9	0.0517248	0.00760094	0.00111339	0.00354517	0.0386117	0.0122667	0.0056239	0.234764	0.00447645	0.105775	0.0249166	0.00484463	0.00348183	0.00433915	0.0216833	0.0185649	0.0678596	0.347091	0.00874018	0.0329756
10	0.173846	0.235429	0.00394864	0.00648226	0.0702923	0.012897	0.00757957	0.0157279	0.00695293	0.0485128	0.0120432	0.0125805	0.00820188	0.00659081	0.0410076	0.150455	0.050761	0.023738	0.00396274	0.108992
11	0.0499022	0.010632	0.000478443	0.000719767	0.0686502	0.012991	0.00117758	0.281163	0.000621463	0.213585	0.0455318	0.000803309	0.00405828	0.00136782	0.000860204	0.0194163	0.0419406	0.237124	0.00321197	0.00576475
12	0.239037	0.0286189	0.0260754	0.015058	0.00471279	0.0573068	0.0134908	0.0260864	0.0149112	0.0200734	0.0256612	0.0497258	0.0488419	0.0131997	0.0166312	0.195132	0.127904	0.0674678	0.00620776	0.00385765
13	0.0281922	0.00563069	0.00374528	0.00184367	0.0645554	0.00219665	0.00191417	0.144106	0.00300292	0.491118	0.108785	0.00221786	0.0036818	0.00661826	0.000647239	0.0115894	0.0132491	0.102658	0.00185131	0.00239819
14	0.0679761	0.00641693	0.0104193	0.0473116	0.0155966	0.0215984	0.0325575	0.018245	0.0399897	0.0475174	0.00601485	0.0177851	0.388338	0.0225812	0.0360727	0.0383803	0.105835	0.058272	0.00318513	0.0159074
15	0.0418702	0.00587129	0.000425676	0.0024912	0.0355428	0.0142895	0.00159656	0.280103	0.0027947	0.119615	0.031237	0.00427119	0.00251716	0.00358699	0.00338443	0.0171877	0.0605389	0.353654	0.00219821	0.0168248
16	0.0425064	0.00785123	0.00493637	0.00149286	0.0571205	0.0059841	0.00319037	0.204545	0.00179844	0.374325	0.0916444	0.00177562	0.00491134	0.00384521	0.000755994	0.0133905	0.0227595	0.15249	0.00224983	0.00242716
17	0.0855524	0.00819745	0.00559705	0.0209922	0.0133793	0.0323267	0.0159052	0.0163639	0.0226751	0.0416726	0.00661937	0.0157646	0.458041	0.00838926	0.0164671	0.0418921	0.112389	0.05808	0.00238239	0.0173132
18	0.0430548	0.0117818	0.146283	0.134354	0.00330126	0.0432043	0.030948	0.0205645	0.0514392	0.00830029	0.00256191	0.0901257	0.00987204	0.0693827	0.0744857	0.126709	0.092745	0.0287166	0.000801309	0.0113689
19	0.00594823	0.0134058	0.0011674	0.00152132	0.219779	0.00386571	0.0246297	0.0488809	0.00493155	0.0215516	0.0266686	0.00875495	0.00592731	0.002131	0.00607558	0.0201113	0.00477452	0.00518287	0.00315428	0.571538
20	0.0407606	0.0187169	0.00146238	0.0022572	0.135068	0.00689914	0.00176629	0.157208	0.00615121	0.344899	0.0490909	0.00159753	0.00305137	0.002877	0.00621599	0.018257	0.0244106	0.124421	0.0112456	0.0436446
21	0.0520889	0.00370449	0.0246293	0.0517486	0.0023622	0.00998115	0.0498831	0.014047	0.218489	0.0243403	0.00516846	0.0351887	0.0396388	0.0970761	0.21295	0.0723025	0.0491655	0.015066	0.00681811	0.0153522
22	0.0345895	0.0049828	0.000318103	0.00260253	0.0304436	0.0140412	0.000945449	0.290993	0.00227008	0.117609	0.0316495	0.0040347	0.00210221	0.00349651	0.00195666	0.0153688	0.0617539	0.363808	0.00150297	0.0155316
23	0.070878	0.0097634	0.0117926	0.00458376	0.00341672	0.700283	0.00118375	0.00466217	0.00133426	0.00500373	0.00912001	0.00251884	0.00427546	0.000950899	0.000977021	0.15687	0.0064473	0.00400138	0.000683211	0.00125456
24	0.0496344	0.00964795	0.000412998	0.000403174	0.0778832	0.011635	0.00116867	0.2825	0.00057045	0.206457	0.0477663	0.00109355	0.00430022	0.00207228	0.00085402	0.0158587	0.0422498	0.228045	0.00573338	0.0117145
25	0.0222273	0.00613559	0.00277927	0.00228551	0.0372209	0.00277804	0.00216579	0.0820024	0.00225371	0.614667	0.116279	0.0027511	0.00300195	0.00519924	0.00159093	0.0128404	0.00998614	0.0645026	0.00726517	0.00206881
26	0.074074	0.0384382	0.000736993	0.00284297	0.145319	0.0137035	0.000995846	0.162892	0.00448003	0.248735	0.040793	0.0013152	0.00322446	0.00197907	0.00472286	0.0300229	0.0388452	0.142521	0.00951703	0.034842
27	0.709536	0.0125325	0.000661742	0.00150088	0.00434568	0.0781798	0.00104818	0.00961054	0.0011983	0.00420446	0.00218778	0.00201757	0.0068918	0.00138452	0.005976	0.107299	0.0363852	0.0128636	0.000720182	0.00145585
28	0.118152	0.0311478	0.00113348	0.0035853	0.0732628	0.0176953	0.00187288	0.184172	0.00382656	0.17831	0.0540969	0.00252337	0.00516336	0.00281344	0.00229276	0.0784132	0.0564899	0.172785	0.00460781	0.00765668
29	0.0507712	0.0145538	0.0346308	0.0294036	0.0223589	0.0230028	0.0549792	0.036691	0.117218	0.0441854	0.019856	0.157017	0.0194071	0.0447995	0.0547644	0.0714873	0.0510678	0.073576	0.0109275	0.0693023
30	0.295004	0.0191879	0.00922586	0.00884122	0.00496779	0.119799	0.0100874	0.0165071	0.0112853	0.0236334	0.0170531	0.0379434	0.0668128	0.0118966	0.00901387	0.230264	0.0672169	0.030876	0.00318216	0.00720211
31	0.0523108	0.0115407	0.000635942	0.000431029	0.0759206	0.013108	0.00127698	0.283074	0.000597867	0.226221	0.0481234	0.000553429	0.00433996	0.00116643	0.000768362	0.0174303	0.0384528	0.214938	0.0037816	0.00532907
32	0.0500689	0.00823852	0.000377055	0.000959455	0.0532997	0.0093961	0.00107576	0.275313	0.0018616	0.164185	0.0388566	0.00157334	0.00275942	0.00207385	0.00164985	0.0134355	0.0438331	0.320518	0.00203496	0.00849013
33	0.0389268	0.0116027	0.0377711	0.0217204	0.0237225	0.0146084	0.177557	0.0235014	0.0619208	0.0687995	0.0216617	0.0448823	0.0111559	0.129866	0.121832	0.0521417	0.0296468	0.0338608	0.0110238	0.0637979
34	0.0364841	0.00819748	0.00299253	0.00240638	0.0766912	0.00324745	0.00155126	0.139285	0.00301172	0.463551	0.112685	0.00195286	0.00386652	0.00691531	0.00106824	0.0131365	0.0173272	0.0953884	0.00364275	0.00659934
35	0.0421653	0.00740243	0.00355963	0.00332083	0.0625735	0.00328631	0.00165837	0.149964	0.00245498	0.452815	0.11453	0.00176322	0.00520248	0.00670258	0.000399122	0.0143115	0.0185842	0.104882	0.00232175	0.00210144
36	0.176803	0.0529226	0.000514898	0.00394738	0.11014	0.016666	0.00131981	0.148881	0.00223954	0.105222	0.0213015	0.00140177	0.00242248	0.00220548	0.00128533	0.0516474	0.0820377	0.213938	0.00109509	0.00400918
37	0.043905	0.0294263	0.0272002	0.0280526	0.0164554	0.0368825	0.012413	0.0149094	0.0225634	0.0353037	0.0109317	0.199163	0.0106149	0.0156796	0.0141503	0.233829	0.197687	0.0289532	0.00563481	0.0162448
38	0.0670032	0.00561209	0.00412726	0.0221612	0.0140664	0.0199534	0.0180621	0.0168211	0.0235484	0.0507401	0.00599382	0.0135104	0.491684	0.00774745	0.0156347	0.0268697	0.112243	0.0627302	0.00167547	0.0198155
39	0.0541607	0.0127672	0.000609091	0.00037593	0.0777458	0.0140012	0.00163909	0.283991	0.000660113	0.221147	0.0457414	0.000545635	0.00459872	0.00110787	0.000802343	0.0180968	0.0387193	0.213691	0.00434893	0.0052516
40	0.0301374	0.00371615	0.0006178	0.00466329	0.0134908	0.0244117	0.00173377	0.284751	0.00293162	0.07624	0.0224973	0.00773298	0.00176273	0.00370602	0.00231606	0.0311083	0.0862871	0.390661	0.00075869	0.010476
41	0.0785343	0.0120582	0.0111669	0.00445838	0.00410853	0.673064	0.00112225	0.00604824	0.001351	0.00539625	0.0105986	0.00284756	0.00480723	0.00115925	0.00124242	0.163445	0.0115126	0.00502032	0.000712056	0.00134703
42	0.0870439	0.00520318	0.00407886	0.0220004	0.02644	0.02836	0.0241099	0.0590738	0.0450059	0.0984804	0.00577189	0.0279783	0.224166	0.00958097	0.0182683	0.0377398	0.131127	0.103606	0.00216489	0.0398004
43	0.0474465	0.00971655	0.00109968	0.000350214	0.0776773	0.0115983	0.00139793	0.255288	0.00085293	0.282093	0.0454098	0.00102678	0.00374073	0.00116511	0.000771016	0.016472	0.0351883	0.199657	0.003326	0.00572222
44	0.135079	0.0399636	0.000929942	0.00488043	0.042161	0.0161858	0.00249757	0.183354	0.00414959	0.0873728	0.030544	0.00405571	0.00396268	0.00423689	0.00299989	0.096341	0.128187	0.205331	0.00231997	0.00544802
45	0.0430715	0.0118097	0.14638	0.134111	0.00333319	0.0431466	0.0310201	0.0205813	0.0513101	0.00834869	0.00256514	0.0901276	0.00987672	0.069507	0.0745819	0.126558	0.0927221	0.028681	0.000800065	0.0114678
46	0.019329	0.0193483	0.00323395	0.00457135	0.0173906	0.0107582	0.0148991	0.0266606	0.205513	0.0128815	0.0100671	0.00662089	0.00204504	0.0411549	0.472147	0.0298675	0.0531925	0.0244884	0.0105003	0.0153298
47	0.0440721	0.00694141	0.000306877	0.00105138	0.0591511	0.0103293	0.000980009	0.287752	0.00150685	0.161271	0.0433295	0.00284295	0.00370043	0.00418278	0.00127626	0.0130138	0.0494954	0.289894	0.00379616	0.0151069
48	0.0672377	0.00961425	0.0127084	0.00482962	0.00336748	0.702705	0.0010927	0.00454991	0.00143108	0.0053634	0.00941163	0.00297255	0.00446868	0.00113692	0.00106935	0.155284	0.00673279	0.00393711	0.000688431	0.0013994
49	0.0253769	0.0596445	0.00295481	0.00350063	0.191966	0.00999297	0.0425654	0.0356726	0.00914885	0.0272878	0.021861	0.00929576	0.0216009	0.00527596	0.0247261	0.0322066	0.0142078	0.0135813	0.00547703	0.443657
50	0.0445798	0.0122842	0.144905	0.133569	0.00331421	0.043184	0.0310582	0.0208105	0.0508523	0.00847665	0.00274723	0.0897671	0.0103704	0.0688922	0.0742344	0.126783	0.0932107	0.0287147	0.000954883	0.0112921
51	0.060393	0.0225007	0.00092063	0.00393914	0.0437098	0.00738562	0.00231618	0.187899	0.0520015	0.285784	0.0472028	0.00503273	0.00541327	0.00834087	0.0204303	0.034373	0.0340378	0.161158	0.00227511	0.0148864
52	0.0714787	0.00466051	0.0037192	0.0207228	0.014619	0.0203432	0.016576	0.0202478	0.0220764	0.0556878	0.00649289	0.0138836	0.482579	0.0072621	0.0150423	0.0285684	0.111156	0.0632865	0.00204108	0.0195569
53	0.0224153	0.00475592	0.00307019	0.00183579	0.0594778	0.00141266	0.00172201	0.13245	0.0023152	0.490731	0.158737	0.00220963	0.00348101	0.00961409	0.000639098	0.0116162	0.0127894	0.0773402	0.00203357	0.00135379
54	0.0516698	0.0108525	0.00151439	0.00173667	0.0788501	0.00963777	0.0012617	0.219181	0.00221547	0.314915	0.0671282	0.0010609	0.00483302	0.00308692	0.00107284	0.0188869	0.0348651	0.167267	0.00380443	0.00616068
55	0.0907065	0.0310452	0.000319037	0.00170189	0.0890562	0.0207654	0.000872159	0.232302	0.00118105	0.182253	0.033244	0.000934958	0.00636715	0.00151064	0.000688415	0.0365932	0.0616533	0.202695	0.00259459	0.00351574
56	0.0980094	0.0100808	0.00965545	0.00561841	0.00381277	0.643759	0.00104318	0.00469114	0.00124517	0.00604225	0.00825033	0.00315019	0.00609336	0.00142578	0.00121875	0.1796	0.00951654	0.00478126	0.00067222	0.00133405
57	0.0522238	0.0799056	0.0444505	0.00906375	0.0515348	0.0177471	0.0110156	0.018483	0.00670849	0.134062	0.0145762	0.089464	0.0063582	0.00677337	0.00762526	0.154199	0.223021	0.0320326	0.00460095	0.0361551
58	0.0542469	0.105352	0.00104382	0.00235181	0.0797123	0.0177039	0.002167	0.183543	0.00333284	0.0932847	0.067863	0.0103135	0.0102998	0.00185481	0.0106268	0.10176	0.0760266	0.16877	0.00131464	0.00843192
59	0.0328319	0.00505523	0.000772152	0.00360288	0.0267024	0.030493	0.00412223	0.282462	0.00288287	0.0944981	0.0227106	0.0197851	0.00256734	0.00509115	0.00240838	0.0313882	0.0747921	0.347391	0.00165569	0.00878741
60	0.0284501	0.00569774	0.00345693	0.00216925	0.056853	0.00250912	0.00199077	0.150614	0.00181651	0.459868	0.142271	0.00217565	0.00421699	0.00745387	0.000657571	0.0127333	0.0179635	0.0960385	0.00174501	0.0013193
61	0.0631237	0.0194235	0.000908516	0.00349626	0.124478	0.0100823	0.0011629	0.171497	0.00405415	0.289949	0.0631585	0.00131642	0.00392003	0.00308795	0.00390341	0.0235308	0.0340537	0.133678	0.0128847	0.0322915
62	0.065068	0.0156691	0.000567003	0.00224423	0.0753499	0.014287	0.000803804	0.222464	0.00508827	0.265874	0.0532015	0.000732194	0.00709341	0.0032284	0.00145151	0.0326025	0.0413156	0.182314	0.00387697	0.00676891
63	0.268528	0.0749314	0.00100565	0.00212308	0.0258742	0.0628219	0.0014832	0.0353433	0.00261397	0.0110374	0.0239449	0.00281894	0.00853883	0.00273662	0.00445626	0.327425	0.118231	0.0225098	0.00104044	0.00253562
64	0.249366	0.0706287	0.00152102	0.00206313	0.0215854	0.0604408	0.00183163	0.042087	0.00261152	0.0113255	0.0288094	0.00384904	0.00810747	0.00283215	0.00403737	0.305631	0.152914	0.0270196	0.00118489	0.00215472
65	0.0670282	0.0164117	0.000935918	0.00487733	0.0548559	0.0117471	0.00120739	0.16927	0.0188962	0.316114	0.0685492	0.00324927	0.00763646	0.00689361	0.00615362	0.0483236	0.0464684	0.140498	0.00284582	0.008038
66	0.0516553	0.0109942	0.000779411	0.000899136	0.066251	0.0112637	0.00123423	0.271803	0.00125599	0.230231	0.0526737	0.00063569	0.00441604	0.0017178	0.000882297	0.0205731	0.0406582	0.223939	0.00297983	0.00515728
67	0.00853033	0.0159747	0.00133469	0.00187436	0.224289	0.0051123	0.0257735	0.0499754	0.00563917	0.0415055	0.026401	0.00852755	0.00577753	0.00288584	0.00719138	0.0207749	0.00702007	0.0112561	0.0051654	0.524992
68	0.64893	0.0212244	0.00121288	0.00169954	0.00643223	0.0759057	0.00153036	0.0128144	0.00158259	0.00609103	0.00554495	0.00376264	0.00843633	0.00214113	0.00543627	0.121713	0.0576156	0.015491	0.000728757	0.00170675
69	0.0302134	0.0392434	0.000384087	0.0039881	0.246798	0.00532009	0.000962555	0.0953003	0.00691957	0.282583	0.0289781	0.00142141	0.00103405	0.000949761	0.0117607	0.0213933	0.0229894	0.0751998	0.0235241	0.101038
70	0.162072	0.00917314	0.00567428	0.00998309	0.00353017	0.507178	0.00101521	0.00456091	0.00122046	0.00881548	0.00556542	0.0039144	0.00853845	0.00211997	0.00117242	0.244521	0.0128557	0.00570727	0.000699004	0.00168391
71	0.0427845	0.0116937	0.145527	0.134789	0.00330867	0.0435312	0.0307705	0.0203989	0.0519157	0.00828207	0.00254406	0.0902364	0.00974688	0.0695467	0.0746748	0.126834	0.0927019	0.0286095	0.000797613	0.0113063
72	0.018156	0.0178066	0.0203568	0.0286426	0.0185945	0.0515918	0.00384643	0.00923251	0.00337133	0.0233016	0.00619815	0.137044	0.00342721	0.00469225	0.00465333	0.357545	0.245292	0.023565	0.00231364	0.0203685
73	0.00610312	0.0136915	0.00109776	0.00148355	0.219083	0.00385511	0.0238052	0.0481216	0.00494003	0.0272128	0.0260505	0.00880667	0.00582445	0.00210536	0.00605486	0.0197611	0.00492785	0.00659543	0.00334355	0.567137
74	0.297234	0.00612337	0.00196478	0.0428131	0.0625342	0.1298	0.00332584	0.0263365	0.0429565	0.0286069	0.02075	0.0039909	0.0574405	0.00366391	0.00319431	0.114926	0.0568405	0.0533256	0.0397245	0.00444779
75	0.0677596	0.0154883	0.001037	0.00786773	0.0579551	0.00993219	0.0021285	0.166876	0.0204106	0.305646	0.0646442	0.00371661	0.00989632	0.00982779	0.00873034	0.0452607	0.0513901	0.140046	0.00298988	0.00839705
76	0.0228826	0.00843155	0.00276888	0.00245008	0.0460243	0.00352812	0.0030721	0.100762	0.00274771	0.527237	0.16349	0.00306685	0.00330876	0.00811775	0.00104542	0.0153115	0.0126007	0.066439	0.00441875	0.00229662
77	0.029955	0.037952	0.000376521	0.00388349	0.244493	0.00530708	0.000946281	0.0966754	0.00688596	0.284619	0.0291097	0.00124481	0.0011276	0.00109734	0.0115872	0.0219037	0.0228747	0.0759435	0.0243133	0.0997051
78	0.0512031	0.0111073	0.000693768	0.000445064	0.071536	0.011939	0.00124307	0.279251	0.000466211	0.22685	0.0477519	0.000514738	0.00408199	0.00112459	0.000778215	0.018063	0.0389381	0.225366	0.00339143	0.00525542
79	0.527572	0.0250493	0.00314822	0.00480138	0.0150449	0.0645574	0.00304117	0.0260341	0.00455956	0.0183331	0.0123283	0.00694777	0.0146205	0.00415046	0.00700693	0.137233	0.0875936	0.0308327	0.00269504	0.00445067
80	0.0285323	0.0187587	0.00963955	0.0142382	0.0155976	0.0123991	0.0250368	0.0279342	0.183227	0.0209622	0.0110278	0.0167645	0.00989309	0.0471398	0.410516	0.0412307	0.0529267	0.0255551	0.0100069	0.0186139
81	0.270397	0.0750415	0.000582467	0.00113838	0.0213004	0.0697179	0.000813808	0.0337878	0.00176751	0.00824601	0.0264464	0.00128434	0.00729046	0.00217345	0.00291196	0.320767	0.135424	0.0187557	0.00077127	0.00138249
82	0.0246051	0.00487763	0.00392622	0.00165083	0.0621829	0.00150509	0.00203201	0.139019	0.00259365	0.511127	0.11334	0.00242241	0.003429	0.00698037	0.000493417	0.0104046	0.0108659	0.0953637	0.00155701	0.00162398
83	0.0404253	0.0125808	0.0376579	0.0207469	0.023523	0.0161823	0.199107	0.0192047	0.0576524	0.054125	0.0185173	0.0436547	0.011244	0.128621	0.124339	0.0493327	0.0280511	0.0323149	0.0126475	0.0700725
84	0.0721562	0.00962145	0.0117134	0.00486292	0.00402292	0.692705	0.00128305	0.00649122	0.00166674	0.00633985	0.00944053	0.00254443	0.00469053	0.0017788	0.00169971	0.153604	0.0064929	0.00494491	0.00107263	0.0028687
85	0.0474641	0.00984131	0.000393368	0.000611372	0.0615174	0.0102342	0.00108258	0.293764	0.000898751	0.190263	0.0400202	0.00109374	0.00314647	0.00173463	0.00105091	0.0147244	0.0404862	0.272241	0.00242687	0.00700512
86	0.167878	0.0137196	0.00575109	0.0089041	0.00444205	0.487351	0.000944667	0.00584959	0.00121177	0.00876924	0.0068302	0.00360735	0.00896342	0.00202904	0.0011877	0.244321	0.0197821	0.00623662	0.000664671	0.00155613
87	0.258494	0.0577213	0.00710835	0.00640152	0.0168368	0.0664625	0.00432576	0.0291437	0.00646042	0.0162611	0.0224973	0.0180632	0.0197618	0.0064607	0.00981726	0.286279	0.129755	0.0316637	0.00260613	0.00388083
88	0.720857	0.0123231	0.000531657	0.0011495	0.00396049	0.068561	0.00107137	0.00961889	0.000996996	0.0039073	0.00191792	0.00201908	0.00678591	0.00135941	0.00602011	0.107067	0.036731	0.0131819	0.000552139	0.00138803
89	0.172779	0.0940222	0.000512338	0.00427119	0.142103	0.0317525	0.00119983	0.113307	0.0035085	0.1306	0.0164957	0.00192568	0.00274599	0.00215135	0.00195883	0.0584545	0.0647493	0.150972	0.00171013	0.00478041
90	0.163202	0.0621374	0.00220312	0.00414006	0.0650807	0.0203391	0.00229415	0.119882	0.00405407	0.0670848	0.0214925	0.00454095	0.00376923	0.00344521	0.0025443	0.107717	0.213673	0.126612	0.0015937	0.00419499
91	0.227726	0.0325003	0.025946	0.0139614	0.00371404	0.0631554	0.0128133	0.0255979	0.0152459	0.0170514	0.0232939	0.0502595	0.0510709	0.0126124	0.0159935	0.201314	0.135304	0.0621534	0.0071039	0.0031824
92	0.0427483	0.00665729	0.000789316	0.00415053	0.0248337	0.0198979	0.00211665	0.289886	0.00289097	0.0966819	0.0293815	0.0063467	0.00298776	0.00380424	0.0025241	0.0273844	0.100091	0.325741	0.0013713	0.00971485
93	0.564099	0.032773	0.000567639	0.0013547	0.00770178	0.0719876	0.000918399	0.0143087	0.00104361	0.00565656	0.00791331	0.00195173	0.0108235	0.00196443	0.00495006	0.194384	0.0615681	0.0140714	0.000492971	0.00146898
94	0.0676904	0.0125409	0.115034	0.391531	0.00407496	0.0103051	0.00777966	0.00839313	0.051524	0.0202897	0.00514743	0.0118089	0.0154044	0.137688	0.0347431	0.0578102	0.0247297	0.00933399	0.00189058	0.01228
95	0.0289227	0.018822	0.00817159	0.0136448	0.0170821	0.0127601	0.0241006	0.0276078	0.181793	0.0213632	0.0105334	0.0122881	0.0128681	0.047052	0.413858	0.039135	0.0522595	0.028377	0.0107318	0.0186299
96	0.181109	0.0379172	0.0193612	0.0164235	0.00466213	0.0655449	0.0128349	0.0218604	0.0146713	0.0184958	0.018584	0.0611791	0.0449595	0.0178667	0.020895	0.246344	0.138056	0.0493031	0.00476995	0.00516211
97	0.051594	0.00389853	0.0243223	0.0510626	0.00250958	0.00989428	0.0498847	0.0141509	0.219511	0.0240332	0.00520018	0.0350596	0.0390548	0.0965679	0.214856	0.0717323	0.0491915	0.0151663	0.00685246	0.0154582
98	0.109781	0.0130312	0.00163071	0.00228569	0.0508277	0.0146134	0.0102121	0.234937	0.00272898	0.172461	0.0537637	0.00494274	0.00508181	0.00328459	0.00252653	0.0295909	0.0469179	0.224781	0.00400023	0.0126012
99	0.0250785	0.00539728	0.003007	0.00253919	0.0603812	0.00205839	0.00238832	0.137859	0.00308614	0.473481	0.152127	0.00247708	0.00382216	0.0106342	0.000989495	0.0132751	0.0150526	0.0822661	0.00202809	0.00205341
100	0.173437	0.01326	0.00660524	0.00790229	0.00457226	0.504012	0.00111582	0.00531312	0.00150245	0.0084052	0.00714344	0.00402275	0.0118648	0.00224115	0.00141441	0.219885	0.0182396	0.00651873	0.000828852	0.00171606
101	0.0483873	0.0109001	0.000561149	0.000781004	0.0696923	0.0116328	0.00148199	0.285584	0.00310113	0.22614	0.0415317	0.00169523	0.00372193	0.00170648	0.00305654	0.0179566	0.0417685	0.221218	0.00324317	0.00583995
102	0.523075	0.0245957	0.00169453	0.00450039	0.014186	0.0710968	0.00275833	0.0408561	0.00348759	0.0212823	0.0112071	0.00542305	0.00963607	0.00291761	0.00568387	0.1346	0.0570168	0.0601388	0.00273268	0.00311083
103	0.0239184	0.00497551	0.00315265	0.00176424	0.0619811	0.00139077	0.00164782	0.130478	0.00301518	0.498289	0.142381	0.00222469	0.00362961	0.00970934	0.000888198	0.0116325	0.0122164	0.0831316	0.00189863	0.00167554
104	0.245915	0.0591848	0.00401562	0.00520878	0.0157803	0.127894	0.00262292	0.0256905	0.00382404	0.0111231	0.0198696	0.0104625	0.0162327	0.00501484	0.00519528	0.288604	0.124693	0.0248253	0.00140427	0.00243901
105	0.165084	0.0471478	0.00600268	0.00501724	0.0320954	0.378496	0.00194818	0.0236519	0.00285485	0.0212008	0.0149433	0.00402198	0.00976764	0.00290119	0.00282309	0.196436	0.0552899	0.0254549	0.00172812	0.00313498
106	0.0532321	0.0117347	0.000602234	0.00256243	0.0507454	0.0171336	0.00179866	0.271777	0.00273699	0.170434	0.0437699	0.00424139	0.00396408	0.0055335	0.00195238	0.0274421	0.0581748	0.261763	0.00212467	0.00827648
107	0.348698	0.0448289	0.0044744	0.00630176	0.0148056	0.0705684	0.0041935	0.0307151	0.00499636	0.0184113	0.016248	0.0115991	0.0183495	0.00588546	0.00726428	0.252706	0.0869679	0.0467203	0.00239717	0.00386828
108	0.0467787	0.00990228	0.00245679	0.00227638	0.072315	0.00635576	0.00147411	0.17307	0.00323178	0.401243	0.0881796	0.00132871	0.00496158	0.00505938	0.000971328	0.0161289	0.0240418	0.132825	0.00299392	0.00440622
109	0.0719461	0.00976061	0.0128257	0.00601356	0.00380968	0.68282	0.00132988	0.00677417	0.00203983	0.00677643	0.00990038	0.00364747	0.00543461	0.00163421	0.00183808	0.155136	0.00839723	0.00705538	0.000978512	0.0018821
110	0.1547	0.0675778	0.00160643	0.0071654	0.0421527	0.0195109	0.00283195	0.115781	0.00559803	0.108407	0.0414343	0.00437366	0.00519607	0.00507571	0.00474718	0.158271	0.0753357	0.167889	0.004915	0.00742987
111	0.053995	0.0137572	0.00225403	0.00284401	0.0579183	0.00999644	0.00215573	0.203394	0.00498938	0.29539	0.072926	0.00293393	0.00488612	0.00522496	0.00251361	0.0326157	0.0455902	0.178184	0.00268637	0.00574469
112	0.0715065	0.0107274	0.000285849	0.00103319	0.062967	0.00872161	0.00107398	0.26737	0.00145162	0.158694	0.034093	0.00161283	0.00281397	0.00199756	0.00133943	0.0158164	0.048414	0.29981	0.00195028	0.00832086
113	0.16077	0.0119625	0.00834837	0.00661389	0.00556153	0.552126	0.00162669	0.00751532	0.0023264	0.00936617	0.00937574	0.0044915	0.0103553	0.00230893	0.00210091	0.174496	0.016962	0.00957823	0.00211505	0.00199977
114	0.0954853	0.00820601	0.00410185	0.0177639	0.0155069	0.0206473	0.0162821	0.0196565	0.0211792	0.0429536	0.00689294	0.01256	0.447895	0.00830922	0.0136301	0.0309326	0.0963005	0.0591881	0.0024859	0.0600227
115	0.0720228	0.00854925	0.00458302	0.0204192	0.0170168	0.0206153	0.0166182	0.0299972	0.0203178	0.0513035	0.0077757	0.015307	0.401846	0.00770224	0.0135688	0.0368679	0.130739	0.103396	0.00264869	0.0187048
116	0.0240241	0.0333975	0.00056373	0.00352285	0.245364	0.00473882	0.00581269	0.093547	0.00638432	0.224113	0.0307201	0.00281496	0.00200454	0.00113068	0.0106911	0.0205057	0.0192694	0.0589242	0.0214336	0.191038
117	0.155456	0.0117495	0.0078474	0.00612943	0.00435405	0.574288	0.00109937	0.00595192	0.00126628	0.00716031	0.00733182	0.00288489	0.0073057	0.00170717	0.00159349	0.181519	0.0138508	0.00618587	0.000855968	0.00146261
118	0.126636	0.0095883	0.00714905	0.00851097	0.0037925	0.516471	0.00168695	0.00586375	0.00172333	0.00888797	0.00818322	0.00661798	0.00970935	0.00228478	0.00173096	0.254935	0.0169639	0.00607548	0.000838274	0.00235115
119	0.0791663	0.0110822	0.000380073	0.000555138	0.0796536	0.00902132	0.00119289	0.261648	0.00073795	0.181389	0.0361607	0.000913177	0.00311449	0.00141593	0.00092292	0.0172268	0.0443718	0.261315	0.0027455	0.00698728
120	0.0473488	0.0079091	0.00314738	0.0028508	0.064476	0.0047179	0.00146902	0.139772	0.00317112	0.464554	0.108844	0.00171149	0.004581	0.00659556	0.000677865	0.0146307	0.0168513	0.100991	0.00264565	0.00305534
121	0.00865915	0.0160387	0.00199199	0.00173166	0.211479	0.0048308	0.0288232	0.0460458	0.00631492	0.0281068	0.0256444	0.00994802	0.00606022	0.00341301	0.00874536	0.0232066	0.00681984	0.00784288	0.00383245	0.550465
122	0.0681324	0.0148651	0.122094	0.420385	0.0044804	0.00704991	0.00318271	0.00727244	0.0368454	0.0183782	0.00555966	0.00418909	0.012717	0.166546	0.0159642	0.0493072	0.0194215	0.00776261	0.00163554	0.0142114
123	0.0288785	0.0362812	0.000336722	0.00396832	0.240885	0.00529413	0.00144548	0.0990304	0.00689265	0.277998	0.0304317	0.00142734	0.00101895	0.00103017	0.0116881	0.0214306	0.0227088	0.0724514	0.0243955	0.112408
124	0.164016	0.0778837	0.000556012	0.00787425	0.101275	0.0260798	0.00117511	0.120162	0.00346984	0.105933	0.027942	0.00187	0.00309456	0.00308488	0.00189793	0.0795631	0.0846498	0.185921	0.00125987	0.00229121
125	0.0689395	0.00946639	0.0124528	0.00489443	0.00341252	0.699268	0.00113899	0.00459439	0.00139537	0.00523362	0.00931745	0.00286338	0.00467891	0.00119145	0.00112707	0.157234	0.00673925	0.00395005	0.000681615	0.00142079
126	0.033306	0.0116156	0.0134808	0.0254103	0.00943045	0.00967649	0.0366194	0.0189609	0.210423	0.0176709	0.00768589	0.0204813	0.0188779	0.070128	0.353519	0.0472831	0.0483966	0.0186653	0.00909191	0.0192772
127	0.210879	0.024735	0.0227924	0.027654	0.00329749	0.0557457	0.0163624	0.0282562	0.0206038	0.0215094	0.0213227	0.0495704	0.0603785	0.0177361	0.0228957	0.19096	0.132543	0.0651304	0.00501429	0.00261286
128	0.247682	0.013154	0.00214214	0.00559268	0.0301208	0.0277621	0.00392968	0.0810164	0.00457366	0.128691	0.0765632	0.00423538	0.00419668	0.003257	0.00338269	0.118699	0.0697645	0.119586	0.0300716	0.0255796
129	0.070254	0.0051489	0.00379091	0.0186696	0.011911	0.0195652	0.0175415	0.0201937	0.0217404	0.0440209	0.00535632	0.013261	0.498993	0.00748701	0.015042	0.030881	0.104808	0.0697041	0.0018485	0.0197829
130	0.0439689	0.0298656	0.00209408	0.00609341	0.207436	0.0141204	0.0125418	0.107866	0.00818965	0.174226	0.0430791	0.00929407	0.00920062	0.00574986	0.0104293	0.0363975	0.0339216	0.0848074	0.0127176	0.148001
131	0.024868	0.00584104	0.00445413	0.00163055	0.0595772	0.00269516	0.00336049	0.156309	0.00243156	0.49867	0.0992326	0.00436729	0.00356201	0.00558579	0.000757904	0.0106254	0.0121859	0.100244	0.00187094	0.00173087
132	0.0476047	0.00988973	0.000370588	0.000516144	0.0619905	0.00951935	0.00109323	0.298459	0.000891329	0.190381	0.0391619	0.000974983	0.00301725	0.00165047	0.00116752	0.0132553	0.0387975	0.271438	0.00254841	0.00727305
133	0.0499172	0.0107316	0.00205513	0.00159494	0.0656529	0.0106126	0.00200438	0.224824	0.00311233	0.324329	0.068499	0.0020719	0.00446095	0.00367493	0.00137293	0.0169456	0.0309109	0.169335	0.00301443	0.00487946
134	0.72606	0.0119341	0.000536534	0.00115618	0.00366272	0.0688906	0.00104269	0.00953468	0.000993856	0.00378645	0.00179646	0.00199598	0.00673346	0.00134376	0.00603145	0.103058	0.0363515	0.0131478	0.000561577	0.00138172
135	0.177099	0.0953925	0.00051425	0.00399047	0.144456	0.0345374	0.00123665	0.108018	0.00308812	0.125301	0.0135124	0.00167979	0.00262657	0.00197302	0.00124635	0.0613691	0.0673919	0.154008	0.000799714	0.00176012
136	0.0510202	0.0102537	0.000578481	0.000429972	0.0737412	0.010998	0.00119552	0.274752	0.000654641	0.23926	0.0431306	0.000667835	0.00361585	0.00122081	0.000974018	0.0159364	0.0379729	0.224966	0.0030333	0.00559854
137	0.249659	0.0890616	0.000761485	0.00146308	0.0270205	0.0590871	0.00105271	0.0517974	0.00189797	0.0107256	0.0264263	0.00146038	0.00569741	0.00238174	0.00310416	0.281859	0.155932	0.02778	0.00100281	0.00182955
138	0.0530807	0.0179905	0.00142091	0.00359854	0.0764932	0.0059445	0.00114433	0.133424	0.0249708	0.382612	0.0791707	0.0021461	0.00788602	0.00702775	0.00766438	0.028939	0.0253562	0.116417	0.00399963	0.0207134
139	0.0297669	0.0373587	0.000309694	0.00401518	0.240215	0.00523716	0.000831307	0.0989451	0.00703776	0.285176	0.029948	0.00120316	0.000986323	0.000903566	0.0120253	0.0212925	0.0234338	0.0746805	0.0241606	0.102474
140	0.0498874	0.00641371	0.000313894	0.00125559	0.056603	0.0109772	0.000923576	0.28344	0.00153763	0.147295	0.0405411	0.0038516	0.00400845	0.0043832	0.00120341	0.0140716	0.0556878	0.299236	0.00315625	0.0152138
141	0.0402288	0.00946158	0.00320565	0.00294948	0.0599364	0.00400757	0.00161134	0.146048	0.0037795	0.43349	0.129975	0.00196416	0.00720619	0.00901315	0.00102842	0.0210116	0.0189198	0.101136	0.00228215	0.00274492
142	0.0520889	0.00370449	0.0246293	0.0517486	0.0023622	0.00998115	0.0498831	0.014047	0.218489	0.0243403	0.00516846	0.0351887	0.0396388	0.0970761	0.21295	0.0723025	0.0491655	0.015066	0.00681811	0.0153522
143	0.0654532	0.00699186	0.0219784	0.0622794	0.0368144	0.0225218	0.0198097	0.0260184	0.0403259	0.0878619	0.007464	0.0289361	0.257983	0.018431	0.0443886	0.0377653	0.130514	0.0687855	0.00185953	0.0138176
144	0.0521548	0.00390732	0.029055	0.0546656	0.00249663	0.0113471	0.0486812	0.0143382	0.213215	0.0234223	0.0052695	0.0373615	0.0378466	0.0960974	0.205061	0.0757789	0.0515721	0.016205	0.00648521	0.015039
145	0.0335507	0.027803	0.00176949	0.00743255	0.175812	0.00797168	0.00921192	0.109206	0.00972798	0.263618	0.0551159	0.00480078	0.00339027	0.00848532	0.011092	0.0256636	0.0236963	0.071167	0.0169177	0.133568
146	0.0265386	0.00488975	0.00391574	0.00164904	0.0642524	0.0017526	0.0019202	0.137664	0.0033903	0.512163	0.105598	0.00238624	0.00348471	0.00645745	0.000934074	0.0100495	0.0110563	0.0981683	0.00157858	0.00215163
147	0.011425	0.0251011	0.00193349	0.0181557	0.00635563	0.00680837	0.0171496	0.115031	0.181592	0.0813696	0.144779	0.0180777	0.00423253	0.0699379	0.0351123	0.128018	0.0833922	0.0446622	0.00241143	0.00445439
148	0.0478207	0.0598773	0.0926035	0.0153963	0.0281647	0.0170814	0.0916713	0.0342859	0.0229978	0.110103	0.0580884	0.120547	0.00846934	0.0379434	0.0317514	0.073732	0.0669327	0.0426501	0.00632773	0.0335564
149	0.067293	0.00562502	0.0115868	0.0426706	0.0159688	0.0239184	0.0257377	0.0207406	0.110472	0.0563881	0.00534752	0.0217436	0.240005	0.0398532	0.108368	0.0417647	0.10311	0.0424264	0.00317497	0.0138049
150	0.0330298	0.0137707	0.0741659	0.0110402	0.0641549	0.0129264	0.11711	0.0220051	0.0450172	0.0936285	0.0563666	0.0462713	0.0053649	0.0713234	0.0628821	0.0587839	0.0227124	0.0511367	0.00576729	0.132543
151	0.0482128	0.0113083	0.000629533	0.00159236	0.0599042	0.0201086	0.00188293	0.281964	0.00182844	0.191015	0.0384109	0.00312506	0.0040424	0.00227439	0.00177791	0.0220875	0.0503061	0.250276	0.00286039	0.00639228
152	0.038247	0.00694837	0.00505219	0.00153105	0.0592346	0.00483567	0.00246938	0.183794	0.00144382	0.419986	0.0959274	0.00206042	0.00485205	0.00444696	0.000501103	0.01176	0.0186648	0.134391	0.00206385	0.00179076
153	0.0466724	0.0104368	0.000359713	0.000572483	0.0591539	0.00935252	0.00107319	0.296361	0.000983289	0.190003	0.0387347	0.000829626	0.00277525	0.00147539	0.00118485	0.0134613	0.0381413	0.278682	0.00232033	0.00742777
154	0.195573	0.0547201	0.0019288	0.0060386	0.0374173	0.0256197	0.00279712	0.118029	0.00443445	0.0610319	0.0305293	0.00389765	0.00452407	0.00420086	0.00301973	0.121579	0.143029	0.174806	0.00257473	0.0042491
155	0.314387	0.0664628	0.0019752	0.00405552	0.0133495	0.11546	0.00184738	0.0191696	0.00227202	0.0160343	0.0149004	0.00543373	0.0185801	0.00566594	0.00410696	0.266599	0.100388	0.0256905	0.00109086	0.00253031
156	0.0280573	0.0197587	0.0176664	0.0333004	0.028239	0.0428387	0.00673889	0.015155	0.00858646	0.0265371	0.00887262	0.150867	0.0052014	0.0071739	0.00663547	0.327741	0.211561	0.0351953	0.00291546	0.0169589
157	0.0704315	0.0203352	0.000508766	0.00174656	0.0750412	0.0134832	0.00100895	0.237228	0.00233014	0.2123	0.0481522	0.00126407	0.00535946	0.00237728	0.00127543	0.040942	0.056315	0.201878	0.00298115	0.00504271
158	0.219816	0.0260475	0.0233216	0.0205605	0.00335602	0.0656755	0.0163386	0.0285227	0.0179998	0.0219049	0.0200458	0.0475936	0.0604199	0.0170929	0.0186856	0.185942	0.131797	0.0668055	0.00505323	0.00302122
159	0.0512325	0.0149622	0.000600773	0.00150838	0.0936508	0.0118805	0.00140833	0.246981	0.00227241	0.21761	0.0558553	0.00170958	0.00708035	0.00247809	0.0020926	0.0208179	0.0427536	0.200162	0.0062979	0.0186457
160	0.364079	0.00885837	0.00384114	0.0070954	0.00312807	0.346981	0.000926311	0.00635413	0.00107888	0.00717542	0.00411941	0.003328	0.0070836	0.0017787	0.00263309	0.202454	0.0185118	0.00827483	0.000633935	0.0016641
161	0.0533784	0.0115032	0.00066899	0.000469542	0.0738538	0.0130569	0.00131616	0.284551	0.000492937	0.217164	0.0532666	0.00082069	0.00443258	0.00133344	0.000855765	0.019199	0.0406924	0.214086	0.00355018	0.00530768
162	0.0279621	0.00923027	0.0030671	0.00205055	0.047324	0.00278297	0.00201827	0.110198	0.00248689	0.538009	0.126364	0.00215882	0.00372815	0.00620054	0.000814234	0.0133116	0.0119924	0.0851126	0.003528	0.00166095
163	0.106462	0.0203922	0.0169751	0.114412	0.032629	0.025503	0.0154771	0.0898156	0.0212825	0.18508	0.0926469	0.0128479	0.0173693	0.0363665	0.012545	0.0582781	0.0471589	0.0702689	0.00994992	0.0145392
164	0.166215	0.0193801	0.0143421	0.0137656	0.00524881	0.0430855	0.0140392	0.0193109	0.0139663	0.0233806	0.0140116	0.0361163	0.267114	0.0104765	0.0137437	0.131334	0.125755	0.0556453	0.0038503	0.0092187
165	0.190241	0.0716537	0.00200193	0.00296301	0.0609624	0.045738	0.00229917	0.0689706	0.00413868	0.0230545	0.0197323	0.00356729	0.0045462	0.00318301	0.0030256	0.188555	0.25713	0.0427146	0.00165483	0.0038686
166	0.0283191	0.00574434	0.00369533	0.00203483	0.0616423	0.00213713	0.00194564	0.143082	0.0032232	0.493709	0.109015	0.00228947	0.00415776	0.00757664	0.000818093	0.0122107	0.0131039	0.101271	0.00186222	0.00216172
167	0.224672	0.0319577	0.0112027	0.0109704	0.00854475	0.0657845	0.0100836	0.0210705	0.0114982	0.0191347	0.0152345	0.028584	0.161798	0.00977274	0.0117545	0.185365	0.119195	0.043952	0.00377539	0.00565007
168	0.0303544	0.011108	0.00358894	0.00883767	0.0254142	0.0168796	0.0140502	0.239703	0.0340746	0.283805	0.0427762	0.032145	0.00323174	0.016814	0.0194661	0.0572194	0.0754902	0.0773484	0.00240241	0.00529126
169	0.0370784	0.0169892	0.0121175	0.0089427	0.0521597	0.0213453	0.202012	0.0239199	0.0295843	0.0535304	0.0137629	0.0289322	0.0079209	0.0438739	0.137388	0.0389619	0.0329715	0.0315188	0.0581287	0.148862
170	0.0249765	0.00486973	0.00326526	0.0021321	0.0577549	0.00225895	0.001904	0.135852	0.00235288	0.484743	0.153271	0.00254845	0.00365485	0.00845558	0.000783664	0.0122866	0.0137041	0.0814251	0.00211998	0.0016411
171	0.0215013	0.0043839	0.00193879	0.0567236	0.00674183	0.00578789	0.0348749	0.169478	0.0292684	0.259486	0.148624	0.00510064	0.00224547	0.0861818	0.0136946	0.0402419	0.035839	0.0422272	0.0117869	0.023874
172	0.05009	0.0207926	0.00427929	0.00648001	0.145978	0.0232204	0.0212767	0.157409	0.01163	0.120516	0.0280267	0.0497581	0.00865796	0.0114606	0.0219823	0.042456	0.0426828	0.13091	0.0612537	0.04114
173	0.0401165	0.0113921	0.00208789	0.0013716	0.0954108	0.00709121	0.00146307	0.189098	0.00275782	0.373289	0.0636669	0.00155527	0.00337031	0.00328634	0.00215668	0.0147517	0.0250201	0.142258	0.00499221	0.0148644
174	0.0699031	0.00466222	0.004811	0.0221176	0.0129981	0.0191599	0.0220756	0.0176972	0.022057	0.04476	0.00511597	0.014323	0.48428	0.00761006	0.0154546	0.0288407	0.113526	0.0690485	0.00177701	0.0197834
175	0.209786	0.0413511	0.0378222	0.0152642	0.00375412	0.0588662	0.0135088	0.0288918	0.0149052	0.018881	0.0205089	0.0525541	0.0634697	0.0131122	0.0165624	0.191059	0.129848	0.061058	0.0052045	0.0035931
176	0.177808	0.0432713	0.00364812	0.0121448	0.0551878	0.0569558	0.00582569	0.0793726	0.0242828	0.0603103	0.0380426	0.0100924	0.0178141	0.00644508	0.0076943	0.174924	0.118834	0.0943546	0.00734983	0.00564148
177	0.0472893	0.0105885	0.000456826	0.000443391	0.0638439	0.00988732	0.00110231	0.294652	0.00080413	0.201533	0.0425349	0.000712832	0.00309647	0.00132601	0.00105547	0.0142471	0.0377387	0.25954	0.00263513	0.00651223
178	0.296252	0.0544952	0.00551466	0.00664482	0.00975328	0.140381	0.00370858	0.0177042	0.00454452	0.014654	0.013617	0.0141192	0.0290943	0.00932906	0.0062923	0.24151	0.0986582	0.0292112	0.00167169	0.00284504
179	0.0107586	0.0196068	0.00279744	0.00222479	0.140218	0.0258454	0.0729649	0.0333064	0.0166173	0.0394715	0.020897	0.00955876	0.00610976	0.0121988	0.0104658	0.0213255	0.00916109	0.00864772	0.00504976	0.532775
180	0.0304667	0.0246171	0.00108176	0.00342992	0.197662	0.0138278	0.00238714	0.145632	0.00603277	0.281023	0.0288037	0.0042766	0.00288553	0.00561952	0.00851427	0.0308475	0.0233564	0.0858615	0.0433109	0.060364
181	0.0530446	0.0129048	0.000502219	0.000332713	0.0775908	0.0146912	0.0013453	0.285384	0.000709719	0.221888	0.0441673	0.000672844	0.00467262	0.00108922	0.000870047	0.0185752	0.0390517	0.213449	0.00397639	0.00508329
182	0.25086	0.0866121	0.00161335	0.00232321	0.0219016	0.0762611	0.00152289	0.0313308	0.00224414	0.0114236	0.0270101	0.0041342	0.00901986	0.00303592	0.00400265	0.30569	0.13441	0.0236952	0.00116896	0.00174063
183	0.15642	0.0785266	0.00086605	0.0063115	0.0658318	0.0183208	0.00172264	0.144328	0.00406921	0.0973145	0.0247804	0.00279729	0.00365128	0.00452719	0.00281876	0.102511	0.119891	0.160611	0.00137383	0.0033276
184	0.09298	0.00930548	0.00310251	0.00699057	0.0164128	0.0159089	0.0708855	0.196544	0.0109175	0.0573998	0.0400529	0.0723582	0.0385779	0.00797529	0.00702489	0.0853728	0.0252435	0.0972326	0.00506413	0.140651
185	0.0503074	0.0102618	0.000783284	0.000493187	0.0794752	0.0121675	0.00123506	0.259523	0.000799333	0.265249	0.0445552	0.000768045	0.0039821	0.00128209	0.000844488	0.0175751	0.0374201	0.20395	0.00360613	0.0057221
186	0.100265	0.034916	0.00096332	0.00408948	0.0853382	0.0161404	0.00142657	0.162479	0.0074946	0.214216	0.0533887	0.00280238	0.0056646	0.0041005	0.00331036	0.0643695	0.061478	0.161244	0.00515381	0.0111596
187	0.194382	0.0178272	0.00490829	0.0138391	0.0240124	0.108401	0.0106219	0.114682	0.0151416	0.0880755	0.0188374	0.0141549	0.0751263	0.0102209	0.00731862	0.125143	0.047277	0.088417	0.0076862	0.0139272
188	0.034424	0.0214443	0.00230561	0.0231897	0.0398734	0.0389668	0.0057933	0.0783092	0.0758678	0.13033	0.0260065	0.00671396	0.0550343	0.051059	0.131136	0.0862783	0.0789772	0.106737	0.00241321	0.00514094
189	0.0272875	0.00517373	0.00462441	0.00177499	0.0618169	0.00198381	0.00216153	0.14928	0.00219534	0.495566	0.10654	0.00256042	0.00381846	0.00590886	0.000410491	0.0102354	0.0126388	0.102904	0.00161597	0.00150435
190	0.201899	0.0129244	0.00388392	0.00653143	0.0101043	0.103856	0.0123558	0.0164032	0.0226181	0.0530406	0.0315604	0.0264261	0.0802285	0.0132509	0.00450316	0.329699	0.026461	0.0190333	0.00450351	0.0207177
191	0.0500097	0.00792334	0.0832677	0.0422339	0.0248927	0.0129935	0.125923	0.0196757	0.0681292	0.0421504	0.0188887	0.0787947	0.00853557	0.0976164	0.10049	0.0773326	0.0406291	0.0420521	0.00353879	0.0549237
192	0.0706524	0.0580569	0.0070943	0.0241737	0.0190513	0.0759598	0.055032	0.0808809	0.0596501	0.0389525	0.0228278	0.0266388	0.020381	0.0243455	0.0189602	0.140888	0.0478067	0.0832514	0.110888	0.0145087
