229	20
1	0.0236257	0.00271673	0.000895045	0.0283647	0.210612	0.0198991	0.00112556	0.0211751	0.0986178	0.195586	0.0456064	0.0555645	0.00204359	0.0656186	0.0270749	0.1042	0.0570574	0.0209767	0.0151738	0.00406539
2	0.0491367	0.00110338	0.00117868	0.0024295	0.0160669	0.02633	0.0219676	0.0105688	0.418121	0.0168795	0.0119033	0.0690714	0.0142367	0.0199123	0.209721	0.034673	0.0249709	0.0217573	0.00697159	0.0230009
3	0.0416637	0.00735764	0.0440776	0.0885932	0.0330943	0.0480357	0.133019	0.0150788	0.0488634	0.0279767	0.0164749	0.0543335	0.00395728	0.20945	0.047765	0.0560726	0.0159321	0.0148717	0.00329327	0.0900902
4	0.0873946	0.00687616	0.0202528	0.0165474	0.0201892	0.0298577	0.0454226	0.0555101	0.0714217	0.0548365	0.023253	0.0249315	0.293416	0.0216008	0.0209031	0.0443422	0.0617789	0.0766324	0.00727598	0.0175574
5	0.0440511	0.000811461	0.000178022	0.000368815	0.0165145	0.0242695	0.0230924	0.0105102	0.412329	0.0162553	0.0125002	0.0544399	0.017989	0.0224673	0.236297	0.0345797	0.0151932	0.0203851	0.00820064	0.0295668
6	0.276098	0.00289849	0.000773257	0.017153	0.00695113	0.224083	0.000898325	0.0144686	0.00799276	0.0146729	0.0110651	0.0062852	0.0485657	0.0317963	0.0140391	0.261337	0.0296727	0.0200736	0.0032533	0.00792315
7	0.0333692	0.00962056	0.000282519	0.0014633	0.153563	0.00791351	0.000510433	0.174533	0.00141534	0.378325	0.0987109	0.00342706	0.0025754	0.00414687	0.00167059	0.00681453	0.0207939	0.0828568	0.00564761	0.01236
8	0.0874474	0.0035922	0.000821721	0.002253	0.179546	0.0373096	0.00152911	0.0465178	0.00308761	0.0491827	0.0509892	0.0044682	0.0336319	0.0346476	0.0308467	0.102515	0.0388714	0.0426292	0.121581	0.128532
9	0.0641375	0.00374378	0.000487691	0.000816985	0.039236	0.0157614	0.0006849	0.208	0.00217064	0.159227	0.0371256	0.00182356	0.0230777	0.00292915	0.00952566	0.0495348	0.0469519	0.250196	0.0268949	0.0576751
10	0.0346165	0.0339248	0.000188885	0.00152696	0.0694351	0.00592642	0.000485159	0.208803	0.000914714	0.346064	0.107258	0.00350001	0.00154896	0.00294772	0.00136997	0.00814554	0.0272137	0.126137	0.00422565	0.0157682
11	0.167776	0.140083	0.00158297	0.00375048	0.139678	0.109426	0.00266069	0.0196644	0.00409325	0.0474612	0.0177069	0.0433232	0.00415059	0.0113812	0.00272398	0.218971	0.032083	0.0201133	0.00546753	0.00790284
12	0.118708	0.0122704	0.000433743	0.000796771	0.133753	0.0827732	0.00931178	0.0503337	0.0022555	0.283483	0.0878537	0.00175429	0.00128833	0.0144723	0.0027551	0.0505985	0.0692814	0.0529623	0.00562356	0.019291
13	0.227793	0.0134339	0.000648053	0.00392763	0.011504	0.0338954	0.000988159	0.0295242	0.00611174	0.0429164	0.0106245	0.00318296	0.0170886	0.00269841	0.00149089	0.135747	0.3063	0.147227	0.00198824	0.00290914
14	0.056394	0.0114279	0.01568	0.112259	0.0921961	0.080214	0.013029	0.113459	0.0169785	0.0496969	0.0268085	0.0884273	0.0106415	0.0443384	0.0116128	0.103343	0.036965	0.0780556	0.00881498	0.0296594
15	0.103851	0.00731652	0.000949283	0.0012546	0.036812	0.00927699	0.00157784	0.0236959	0.00286593	0.240972	0.36024	0.00344236	0.00261674	0.00712352	0.00204464	0.0149814	0.118799	0.0514717	0.00267063	0.00803823
16	0.122499	0.0481124	0.00118528	0.00181536	0.165571	0.0854715	0.00221239	0.0333235	0.00270957	0.18219	0.104261	0.00456775	0.00390801	0.00593236	0.00320911	0.0525867	0.0357868	0.0409645	0.0667645	0.0369292
17	0.0421053	0.00863385	0.0705532	0.199865	0.0395515	0.056912	0.0361994	0.0179056	0.036545	0.0317882	0.0167436	0.073349	0.00693771	0.160807	0.0323951	0.0583182	0.0216571	0.0180242	0.00332746	0.0683819
18	0.0589532	0.00527824	0.0112574	0.0245505	0.0250948	0.0390056	0.0165562	0.0232305	0.247629	0.0415838	0.0220594	0.0426989	0.0134061	0.0392405	0.197155	0.091482	0.0404215	0.0293198	0.00831425	0.0227632
19	0.0177863	0.00953214	0.000239224	0.000959092	0.534311	0.00727152	0.00629998	0.0111526	0.00137558	0.0423086	0.0334577	0.00321398	0.000956163	0.00603148	0.000872898	0.0119746	0.00641355	0.0172604	0.0254401	0.263143
20	0.17327	0.0245161	0.00400172	0.000763241	0.00764978	0.32199	0.000356816	0.0116677	0.000753335	0.00854927	0.00316447	0.036988	0.00406788	0.00453477	0.000844199	0.324276	0.0400812	0.0161244	0.00965276	0.00674885
21	0.0107134	0.00825408	0.000191632	0.000466936	0.604899	0.00537756	0.0061954	0.00298523	0.00046982	0.0181917	0.0191303	0.00311681	0.000604288	0.00422378	0.000462316	0.00788491	0.00221133	0.00857326	0.0163042	0.279744
22	0.0143157	0.00270294	0.000502659	0.0028593	0.296524	0.00487526	0.0197654	0.0488766	0.00821287	0.0992855	0.0187904	0.00287644	0.00156007	0.00540029	0.00189956	0.0108085	0.00821046	0.0560401	0.0786889	0.317805
23	0.37463	0.0269579	0.000466417	0.000991811	0.0209434	0.245818	0.000330413	0.0335385	0.000708723	0.0264905	0.0292946	0.0024229	0.00534866	0.00215098	0.00128475	0.130147	0.0374771	0.0562925	0.00204737	0.00265821
24	0.0627745	0.0150643	0.000100691	0.000196277	0.0573088	0.00653225	0.000133224	0.23754	0.000366172	0.300445	0.0960763	0.00256013	0.000506386	0.00123313	0.000322686	0.0136016	0.0408983	0.157314	0.00208683	0.00493848
25	0.0555868	0.00274929	0.0156161	0.0323449	0.0163865	0.0272341	0.0013106	0.0609491	0.293685	0.0826712	0.031291	0.0170664	0.00196705	0.0657104	0.149987	0.0370541	0.0437932	0.0535919	0.00265997	0.00834467
26	0.1841	0.0109145	0.00338869	0.00287728	0.00572014	0.324232	0.000662492	0.0105388	0.00174178	0.0101935	0.00557368	0.0326407	0.0143952	0.00801667	0.00267687	0.270393	0.0539602	0.0247251	0.0188376	0.0144111
27	0.028883	0.0087317	0.000120618	0.00108522	0.0498546	0.00370977	0.000206015	0.331353	0.000486132	0.284342	0.0698975	0.00135101	0.000577544	0.00136103	0.000735547	0.00753176	0.0250921	0.175953	0.0018655	0.00686329
28	0.0355433	0.00635111	0.000219379	0.000726652	0.288856	0.0190072	0.000320505	0.0884183	0.000636549	0.415606	0.0470672	0.00189435	0.0013441	0.00291658	0.00101276	0.00718055	0.0156673	0.0560136	0.00433883	0.00687982
29	0.10377	0.00720733	0.00058921	0.00127188	0.0458506	0.00641924	0.000747988	0.172043	0.00169622	0.0916458	0.0385087	0.00442588	0.00292122	0.00325922	0.00188552	0.0127223	0.152102	0.331126	0.00295627	0.0188514
30	0.0243709	0.00972839	0.000198139	0.00191536	0.13324	0.0133476	0.00101964	0.191403	0.00161183	0.411293	0.065306	0.00846034	0.00216924	0.00660762	0.0019611	0.00820152	0.0177479	0.0720495	0.00775442	0.0216147
31	0.010672	0.00821941	0.000188064	0.000457428	0.604742	0.00537083	0.00625994	0.00298477	0.000469791	0.0181901	0.0190933	0.00311417	0.000604233	0.00422353	0.000462308	0.00788919	0.00220569	0.00858151	0.0163287	0.279943
32	0.179171	0.00762079	0.000213122	0.000430139	0.0455498	0.056749	0.000498273	0.106155	0.0361938	0.0828311	0.0667336	0.0145513	0.000939203	0.0410847	0.0129096	0.0577246	0.0959289	0.16965	0.000747807	0.024318
33	0.413033	0.0323966	0.00016612	0.000272197	0.0140339	0.285096	0.000275612	0.0166173	0.000406171	0.00794826	0.0334322	0.000663639	0.00406246	0.001158	0.000524589	0.124603	0.0280363	0.0347429	0.000531597	0.00200041
34	0.228245	0.0223451	0.000235423	0.00049619	0.0902835	0.0833876	0.00169901	0.0861418	0.000798696	0.176139	0.0629154	0.000872987	0.000670382	0.00375837	0.00127986	0.0776271	0.0517492	0.0974765	0.00950071	0.00437786
35	0.120538	0.0372042	0.000594046	0.00147109	0.0214512	0.0171289	0.000751079	0.127399	0.00421092	0.138588	0.102216	0.0259997	0.00185448	0.0129716	0.0021965	0.0208859	0.108032	0.24571	0.00218368	0.00861368
36	0.00896954	0.00437448	0.000467749	0.00138922	0.401659	0.00509099	0.0194383	0.030524	0.00499225	0.0724809	0.0156422	0.00344878	0.000713228	0.0045668	0.000910652	0.00999678	0.00617311	0.0383858	0.0487794	0.321997
37	0.0912114	0.0126903	8.31213e-05	0.000410598	0.0932699	0.0116827	0.00015593	0.232862	0.000311198	0.313931	0.044387	0.000461811	0.00128006	0.000935372	0.000441025	0.0166796	0.0322027	0.140354	0.00389612	0.00275395
38	0.256682	0.0160949	0.000356819	0.000708301	0.0414706	0.0696737	0.000417985	0.0297161	0.000673251	0.0716681	0.149415	0.00114674	0.00089864	0.00126309	0.000633545	0.141333	0.126783	0.0830913	0.00600825	0.00196611
39	0.160099	0.00753964	0.000833616	0.00350568	0.00891904	0.0815329	0.00142424	0.0150457	0.00584501	0.0285649	0.0107941	0.017638	0.0846739	0.00707464	0.00228698	0.211351	0.276979	0.0658046	0.00247593	0.00761192
40	0.0230785	0.00959218	7.9703e-05	0.000910035	0.0728013	0.00186933	0.000126254	0.229638	0.000499792	0.356525	0.11094	0.00205716	0.000972584	0.00163675	0.000948362	0.00543917	0.0286278	0.143492	0.00232176	0.00844352
41	0.094134	0.00553953	0.000157591	0.000464993	0.143	0.00868691	0.000282049	0.18516	0.000638838	0.254996	0.0381135	0.000826551	0.0434335	0.000889677	0.000452189	0.0156964	0.00427358	0.2005	0.00132655	0.00142865
42	0.261193	0.00519547	0.000495295	0.000611094	0.00611203	0.562489	0.000336879	0.00463082	0.00117837	0.00527134	0.00638361	0.00347083	0.00163338	0.003485	0.00265701	0.107205	0.0144294	0.00883521	0.00200327	0.00238378
43	0.290233	0.0095253	0.000470818	0.000567853	0.00542221	0.509163	0.000256283	0.00563819	0.000589807	0.00392595	0.0081126	0.00290492	0.00327613	0.00323659	0.0022144	0.124319	0.015742	0.0115868	0.00111495	0.00170136
44	0.0244773	0.00151398	0.000324888	0.0126782	0.160515	0.00785562	0.00703382	0.134735	0.0289555	0.142362	0.0337161	0.00124413	0.00232747	0.0159838	0.0120172	0.0203304	0.0208102	0.0828713	0.116718	0.17353
45	0.0243923	0.00649408	8.72455e-05	0.00233938	0.113114	0.00139074	0.000136427	0.248474	0.00113055	0.370321	0.0789955	0.00134233	0.00193256	0.0043674	0.00265916	0.00342217	0.0152229	0.106268	0.00511778	0.0127924
46	0.371679	0.0282538	0.000972276	0.000723943	0.00668015	0.145659	0.000329649	0.0100986	0.000985475	0.00730618	0.0110412	0.00855048	0.00899251	0.00304147	0.000847717	0.322813	0.0507636	0.0148566	0.00249299	0.003912
47	0.032243	0.00871764	0.179827	0.301776	0.0369229	0.0297891	0.0237596	0.0213245	0.0236769	0.0314489	0.0158127	0.0432398	0.0062372	0.073672	0.0184999	0.0391853	0.0163717	0.0197005	0.00411117	0.0736837
48	0.0482428	0.00103427	0.000341742	0.000577947	0.0166767	0.0231486	0.0239908	0.0096008	0.40963	0.0140914	0.011084	0.0684156	0.0146037	0.0181309	0.232387	0.0336023	0.0241125	0.0194099	0.00708944	0.0238294
49	0.00805984	0.00115484	0.000294257	0.00450072	0.208979	0.00374051	0.013688	0.0991004	0.0159809	0.130714	0.0208683	0.00124834	0.000700562	0.00699144	0.00416306	0.0100329	0.0128169	0.0906833	0.0923744	0.273909
50	0.0110591	0.00259253	0.000286068	0.000860856	0.0751549	0.00950663	0.000478152	0.244832	0.00725963	0.487223	0.0247752	0.00149584	0.00120394	0.00177944	0.000822268	0.0113494	0.0362052	0.0266808	0.0397725	0.0166629
51	0.102025	0.0103716	0.0026552	0.00688272	0.00946015	0.204226	0.00180427	0.0132393	0.00217811	0.017363	0.00980755	0.103931	0.00889417	0.0180204	0.00403026	0.27637	0.158003	0.0319637	0.00753109	0.0112444
52	0.152174	0.00338422	0.000828102	0.019077	0.0910837	0.0557416	0.00261005	0.0496137	0.0806108	0.0435969	0.0405734	0.0294353	0.0438033	0.0873858	0.0184387	0.0638573	0.0746376	0.0141296	0.00564802	0.123371
53	0.0440511	0.000811461	0.000178022	0.000368815	0.0165145	0.0242695	0.0230924	0.0105102	0.412329	0.0162553	0.0125002	0.0544399	0.017989	0.0224673	0.236297	0.0345797	0.0151932	0.0203851	0.00820064	0.0295668
54	0.213038	0.0610979	0.000691206	0.00194895	0.0104498	0.0229126	0.00113797	0.0098221	0.00281381	0.0424446	0.0248567	0.00661826	0.0339	0.00617295	0.00180076	0.439454	0.100346	0.0137045	0.00228305	0.00450652
55	0.0147564	0.00783794	0.000156973	0.00211797	0.0301185	0.00548683	0.000222744	0.47784	0.000373732	0.0914204	0.0211229	0.000489286	0.000398676	0.000594141	0.000339827	0.00646346	0.0193753	0.319455	0.00047238	0.000956751
56	0.0265354	0.00713054	7.85716e-05	0.00318758	0.128353	0.000968596	0.000139034	0.234314	0.00192192	0.359648	0.0825806	0.00152747	0.00318997	0.00468603	0.002881	0.00304344	0.0157783	0.0967407	0.00949543	0.0178005
57	0.0284788	0.00823018	0.000334149	0.00130246	0.0713966	0.00733708	0.000655971	0.23716	0.00275431	0.331041	0.0283163	0.00138991	0.00432928	0.0018521	0.00193873	0.0187858	0.0341057	0.107276	0.0658163	0.0475002
58	0.2487	0.0061481	0.000763915	0.000784948	0.0049993	0.531934	0.000297721	0.00457043	0.000714076	0.00444423	0.0049405	0.00763563	0.00238799	0.00355394	0.00266948	0.140909	0.0195682	0.0091712	0.00261866	0.00318852
59	0.439142	0.037996	0.000173097	0.000219627	0.0125639	0.240038	0.000250946	0.0207303	0.00037182	0.00949625	0.0325842	0.000535805	0.00491677	0.000891584	0.000403821	0.121419	0.0304639	0.0451461	0.000465663	0.00219109
60	0.0969638	0.0176222	5.30738e-05	0.000144887	0.0769497	0.0100306	7.94032e-05	0.266251	0.000142722	0.263078	0.0294925	0.00024419	0.000458322	0.00025625	0.000180524	0.0204844	0.036484	0.175501	0.00473692	0.000846412
61	0.0312101	0.0111337	9.40636e-05	0.000192183	0.0509623	0.00346209	0.000152306	0.231784	0.000240814	0.334203	0.113901	0.00217077	0.000311713	0.000457711	0.00018496	0.00912739	0.0400653	0.163732	0.000876024	0.00573847
62	0.0759747	0.0143353	0.000105174	0.000426569	0.0694265	0.00780163	0.000247253	0.251778	0.000406922	0.275698	0.0803565	0.00180189	0.000981161	0.00129828	0.000512471	0.0174234	0.043979	0.14914	0.00319817	0.00510919
63	0.267068	0.0180364	0.000309776	0.000647073	0.0434359	0.0729781	0.000361338	0.0333534	0.000567425	0.0680988	0.145529	0.000878827	0.000983741	0.00113798	0.000474954	0.134193	0.118458	0.0858377	0.005956	0.00169458
64	0.112092	0.0181445	7.54715e-05	0.000105013	0.0713656	0.0114819	0.000103211	0.249081	0.000140973	0.288362	0.0326708	0.000239207	0.000232006	0.000267809	0.000139736	0.0206416	0.0364783	0.15466	0.0033139	0.000405335
65	0.266493	0.0061649	0.000575616	0.000449811	0.00479554	0.556976	0.000261815	0.00384557	0.000519086	0.0034874	0.00557461	0.00364793	0.00136986	0.00293243	0.00216039	0.117486	0.0133404	0.00739254	0.00126264	0.00126439
66	0.0238595	0.016434	0.0657507	0.149973	0.0634861	0.0299826	0.0660692	0.021724	0.0253916	0.0397303	0.0116299	0.0950448	0.00266984	0.137906	0.0147609	0.0403036	0.0110105	0.0111849	0.00238428	0.170704
67	0.0287046	0.0158143	0.000215793	0.000823048	0.0572208	0.0032043	0.000660163	0.18192	0.000913514	0.414751	0.151823	0.00683249	0.00192719	0.00258539	0.00113716	0.00810937	0.0222258	0.0894349	0.00263402	0.00906369
68	0.295069	0.0211666	0.000296952	0.000385613	0.078723	0.104943	0.000396285	0.0959274	0.000439866	0.0913974	0.0348945	0.00097546	0.00121759	0.00118868	0.00051161	0.0891731	0.0501365	0.126867	0.00490677	0.00138317
69	0.0387171	0.0219056	0.000210884	0.000343911	0.217602	0.0540244	0.000373729	0.120506	0.000369013	0.350271	0.0352756	0.00307235	0.000346867	0.00672465	0.000815471	0.0232051	0.0305603	0.0784828	0.00105684	0.0161359
70	0.0141007	0.00743629	0.000149558	0.00211783	0.0281808	0.00574199	0.000237847	0.487982	0.000373031	0.0953837	0.0223096	0.000460226	0.000402155	0.000610153	0.000351269	0.00718286	0.0184567	0.306876	0.000480133	0.00116693
71	0.240216	0.0232199	0.000818264	0.00148031	0.0125425	0.0128649	0.00135716	0.128675	0.00223105	0.0245796	0.0320889	0.00366452	0.00377991	0.00385584	0.00165041	0.0829311	0.054625	0.361387	0.0026516	0.00538196
72	0.106471	0.0181309	5.36836e-05	0.000114051	0.0732922	0.0106218	7.68854e-05	0.255895	0.000148123	0.27841	0.0318802	0.000246339	0.000202417	0.000237508	0.000114785	0.0203195	0.0368314	0.162924	0.0035979	0.000433629
73	0.265704	0.00661004	0.000499635	0.000847003	0.00516473	0.54079	0.000261325	0.00392238	0.000678741	0.00389403	0.00580928	0.00410251	0.00235949	0.0039851	0.00250094	0.124649	0.0165654	0.00859532	0.00138853	0.00167175
74	0.0599927	0.00170692	0.000813145	0.00286556	0.00487336	0.0611671	0.000655622	0.00913846	0.00190982	0.0182482	0.010505	0.095867	0.00300037	0.00863067	0.00738871	0.286139	0.355723	0.0593266	0.00124188	0.0108069
75	0.273235	0.00530608	0.00031693	0.000354555	0.00482966	0.574854	0.000499012	0.00288045	0.000417447	0.00319782	0.00570862	0.00112783	0.00231496	0.00260073	0.00215727	0.0997208	0.0114033	0.00714695	0.000822054	0.00110718
76	0.0572302	0.0365369	0.000371224	0.000751526	0.218756	0.0562577	0.00129002	0.068593	0.0010651	0.34204	0.057873	0.0025022	0.00122939	0.00488958	0.00130017	0.0255394	0.0243264	0.054569	0.0120886	0.032791
77	0.0470517	0.00988118	0.000152999	0.0012374	0.213166	0.0181037	0.000386531	0.162814	0.00127472	0.336209	0.0549977	0.00155758	0.00295337	0.0031943	0.00174526	0.0103215	0.0205389	0.0971638	0.00563457	0.0116154
78	0.0471522	0.00343314	0.0119173	0.0229714	0.0161889	0.0228446	0.0112761	0.0266875	0.368871	0.05227	0.0238857	0.0394947	0.0156379	0.034525	0.164713	0.035085	0.0470367	0.0341109	0.0052876	0.0166109
79	0.397114	0.0301533	0.000296637	0.00168112	0.00960361	0.205305	0.00045762	0.0198519	0.00114884	0.00942201	0.0227571	0.00166589	0.0457647	0.0033578	0.00183729	0.172704	0.0407077	0.032445	0.000931068	0.00279465
80	0.134331	0.0562913	0.000902592	0.00618543	0.0275818	0.0365414	0.00186508	0.0327178	0.011154	0.0243668	0.0239864	0.123569	0.00499386	0.0690815	0.00242496	0.307295	0.101904	0.0262846	0.00291205	0.00561159
81	0.0486277	0.016585	0.000223233	0.00188763	0.0317889	0.0076649	0.000326425	0.374443	0.000498242	0.132011	0.0462937	0.00464534	0.000507688	0.00239665	0.000362991	0.00997412	0.0348993	0.283435	0.00129306	0.00213573
82	0.098468	0.0023704	0.000289188	0.00321922	0.00399166	0.0664108	0.000346706	0.00598912	0.00232189	0.0203724	0.0133609	0.056872	0.00282838	0.0133187	0.00315614	0.374304	0.267013	0.0491087	0.000863509	0.015395
83	0.107659	0.0022175	0.00026337	0.00362716	0.00399219	0.0595141	0.000397959	0.00548873	0.00223159	0.0190159	0.0120547	0.0497071	0.00335493	0.0112978	0.00289687	0.376946	0.271784	0.0531031	0.000742645	0.0137066
84	0.0241916	0.00651595	8.1178e-05	0.00313875	0.127053	0.000842031	0.000123643	0.242698	0.00150176	0.368123	0.0802294	0.00158374	0.00258924	0.00573953	0.00350378	0.00222654	0.0136355	0.0938175	0.0063818	0.0160236
85	0.0465426	0.0106048	0.000118607	0.000669038	0.0703842	0.00582772	0.000357176	0.227749	0.000596382	0.33197	0.0743704	0.00155305	0.00170429	0.00154927	0.000924988	0.011441	0.0358825	0.166217	0.00425066	0.00728744
86	0.165027	0.0167364	0.0037216	0.00114354	0.00722944	0.317156	0.000584705	0.0120034	0.0012108	0.00974053	0.00462972	0.0394928	0.00476632	0.0073488	0.00134109	0.315449	0.0558319	0.0188186	0.00948651	0.00828132
87	0.059366	0.00301928	0.0744323	0.14277	0.0276586	0.0775172	0.0450915	0.0074794	0.058455	0.0187254	0.0181542	0.0703686	0.00234527	0.163305	0.0661034	0.0952209	0.0154191	0.014304	0.00150586	0.038759
88	0.0242957	0.00655514	9.05551e-05	0.00327099	0.127565	0.00129854	0.000123577	0.241997	0.00154673	0.368476	0.0792954	0.00159339	0.00263822	0.00576402	0.00336663	0.0024754	0.0137076	0.0935352	0.00652849	0.0158757
89	0.0130662	0.00579428	0.00506016	0.0113267	0.365355	0.00786905	0.028917	0.0288499	0.00717031	0.0672381	0.0165627	0.0109191	0.00130465	0.014517	0.00249648	0.0125334	0.00782649	0.0356498	0.045742	0.311802
90	0.0226294	0.00178754	0.0245857	0.0495775	0.00481671	0.0170787	0.00078269	0.0286858	0.391127	0.0826503	0.017221	0.0191705	0.00130722	0.0574296	0.196481	0.0252979	0.0300234	0.0256814	0.00123627	0.00243013
91	0.023858	0.00168797	0.0209745	0.0418571	0.00594346	0.0173953	0.00297939	0.0259825	0.399957	0.0790068	0.0160696	0.0215088	0.00317627	0.0519121	0.201443	0.0256536	0.0271909	0.0258275	0.00197805	0.00559791
92	0.0276321	0.00928475	0.180119	0.338809	0.0392795	0.0232999	0.0217743	0.0210667	0.0162946	0.0303339	0.0153612	0.0415646	0.0039601	0.0645643	0.0126346	0.0324504	0.0166085	0.0185344	0.00421128	0.0822162
93	0.283458	0.00253825	0.000672909	0.014462	0.00410052	0.220234	0.000609514	0.0142456	0.00781493	0.0139841	0.0107285	0.00438256	0.0433439	0.022966	0.0149929	0.282618	0.030449	0.021277	0.00301876	0.00410413
94	0.273086	0.00456677	0.000178128	0.000263689	0.00455957	0.592173	0.000264295	0.00218243	0.000351271	0.00231494	0.00484134	0.000583225	0.000543214	0.00258476	0.00211556	0.0930668	0.00986867	0.00535482	0.000369012	0.000732267
95	0.0103351	0.00780811	0.000191015	0.00045304	0.590202	0.00523678	0.0072613	0.00441889	0.000664995	0.0217648	0.0183143	0.00318925	0.000623889	0.00409929	0.000431647	0.00805737	0.0024104	0.0102337	0.0182928	0.286012
96	0.0943715	0.00163261	0.000240006	0.00314968	0.0034852	0.0635011	0.000312987	0.00584111	0.00209528	0.0200979	0.0130946	0.0596217	0.00269817	0.0126965	0.00342042	0.370327	0.277385	0.0499565	0.000723213	0.0153492
97	0.0154465	0.00364468	0.000333073	0.00117067	0.0464492	0.00614786	0.000610918	0.375818	0.00244098	0.36295	0.0250188	0.00183779	0.00182157	0.00250027	0.00142271	0.00922651	0.0273111	0.0691798	0.0179476	0.0287211
98	0.0137753	0.00867098	0.000672808	0.00122978	0.57856	0.00718723	0.00569663	0.0063797	0.00132321	0.0225171	0.0248326	0.00438727	0.00126052	0.0100143	0.000876881	0.0103227	0.00458029	0.0128512	0.0161416	0.268719
99	0.0141204	0.00694932	0.00186899	0.00447913	0.463967	0.00664341	0.0128192	0.0192462	0.00354765	0.0497704	0.0191522	0.00540372	0.00137848	0.00742183	0.00103156	0.0111538	0.00526727	0.0252899	0.0361408	0.304349
100	0.0653712	0.0258068	0.000681529	0.00167416	0.0376017	0.0119823	0.00102031	0.135461	0.00322404	0.11521	0.346145	0.00789626	0.00208826	0.0111587	0.00208484	0.0667763	0.0400272	0.0971052	0.00283251	0.0258525
101	0.316953	0.0743288	0.000565813	0.0013066	0.0901839	0.215186	0.000948724	0.0198113	0.00152025	0.0229703	0.0225831	0.0101836	0.0039577	0.00357509	0.00118471	0.139794	0.0350619	0.0330908	0.00217714	0.00461664
102	0.014882	0.00788015	0.000155662	0.00217382	0.0305661	0.00546371	0.000231656	0.477021	0.000376505	0.0904716	0.0211549	0.00050196	0.000412327	0.000636612	0.000376147	0.00659738	0.0193271	0.32022	0.000503604	0.00104855
103	0.0515034	0.015268	0.00868498	0.0405509	0.0297789	0.0624512	0.0100422	0.0330078	0.0135417	0.0541194	0.0243692	0.254783	0.0211158	0.099274	0.00827875	0.101856	0.115012	0.0293776	0.00530565	0.0216795
104	0.0930753	0.0155442	6.04424e-05	0.000123445	0.0728498	0.00914113	9.12663e-05	0.264264	0.000137938	0.285363	0.0325734	0.000252473	0.000280562	0.000264492	0.000169685	0.020167	0.0355359	0.165804	0.00356643	0.000735833
105	0.248636	0.00686025	0.00105891	0.000596732	0.00468516	0.545086	0.000403571	0.0041046	0.000683815	0.00370438	0.0042824	0.00714538	0.00195917	0.00338432	0.00218084	0.136807	0.016147	0.00790363	0.00211652	0.00225407
106	0.302653	0.0135706	0.00223715	0.00171474	0.00305556	0.229523	0.000317606	0.0151659	0.00133193	0.00537865	0.00420915	0.0156009	0.00695179	0.00433183	0.00216806	0.339522	0.0329925	0.0113098	0.00442563	0.00354032
107	0.0518591	0.00267776	0.000294747	0.000383962	0.408239	0.0131378	0.000441272	0.0541083	0.000629967	0.335186	0.050725	0.0010005	0.000708279	0.00149298	0.000602878	0.00407201	0.0184391	0.048495	0.00508982	0.00241659
108	0.0408394	0.00572649	0.000125744	0.002201	0.146579	0.00681477	0.000118595	0.233713	0.00124919	0.357256	0.0592544	0.0011227	0.00234102	0.00392474	0.00234373	0.00331403	0.0134199	0.098527	0.00753714	0.013592
109	0.269832	0.005147	0.000325858	0.000281962	0.00444015	0.582464	0.000254467	0.00248795	0.000354713	0.00236397	0.00489011	0.00157127	0.000591901	0.00257804	0.00206588	0.103024	0.0105401	0.00534621	0.000541967	0.000898491
110	0.0692163	0.00334725	0.00109153	0.00227954	0.011602	0.0639397	0.00350195	0.0662083	0.0023317	0.0346975	0.0609285	0.0558094	0.350242	0.0392684	0.00202318	0.0500421	0.143646	0.0134178	0.00295458	0.0234528
111	0.0157273	0.00352182	0.000304653	0.00062214	0.0912312	0.0140715	0.000459113	0.250774	0.00479056	0.430592	0.0222919	0.00148646	0.000895535	0.00149552	0.000704676	0.0156876	0.0433803	0.0403707	0.0383102	0.0232833
112	0.0930254	0.0168197	7.193e-05	0.000165919	0.0749	0.00960309	9.24782e-05	0.270046	0.000159368	0.259611	0.0288634	0.000277821	0.000714667	0.000278505	0.000341852	0.0208627	0.0369785	0.179697	0.00534348	0.00214714
113	0.239309	0.0619472	0.000759358	0.00171061	0.0225025	0.0557149	0.000995257	0.0300973	0.00541134	0.0525736	0.00990667	0.00236966	0.0330196	0.00238394	0.00135359	0.0917039	0.210407	0.172069	0.00205225	0.00371278
114	0.115047	0.00305043	0.000589274	0.0140565	0.0501445	0.00570568	0.0128113	0.00887091	0.00160579	0.103885	0.0544038	0.00204397	0.0136032	0.014837	0.00200343	0.0202542	0.00750007	0.055997	0.224119	0.289471
115	0.43788	0.0381037	0.000171244	0.000217308	0.0131299	0.238206	0.000225998	0.0215419	0.000365977	0.0101208	0.0325871	0.000541979	0.00490295	0.00089334	0.000403483	0.121205	0.0305662	0.0462757	0.000482201	0.00217901
116	0.021489	0.0105678	0.000818657	0.00278606	0.55543	0.0104135	0.00483523	0.0182265	0.00169474	0.0613648	0.0258982	0.00426055	0.00149981	0.006153	0.00164744	0.0131038	0.00789504	0.0184188	0.0160657	0.217431
117	0.213352	0.0199384	0.000255665	0.000505938	0.090658	0.0822175	0.0017711	0.0941866	0.000956125	0.18527	0.0661406	0.000951096	0.000677024	0.00405823	0.00136135	0.0756643	0.0532137	0.0943482	0.00977342	0.00470013
118	0.348333	0.0216797	0.000319308	0.000483685	0.0420254	0.0645142	0.000411809	0.0797488	0.000809077	0.0914357	0.0453483	0.00121037	0.00387707	0.00141082	0.00066575	0.0927014	0.0572788	0.142769	0.00339315	0.00158413
119	0.359479	0.0619495	0.00107825	0.000799318	0.0238471	0.23555	0.00049081	0.0174139	0.00105752	0.013498	0.0241579	0.00940821	0.00484201	0.00235181	0.00087401	0.171576	0.0323245	0.0330176	0.00245167	0.00383247
120	0.440376	0.0380279	0.000158346	0.000233916	0.0123741	0.236814	0.000216006	0.020547	0.000369403	0.00920109	0.0318102	0.000532846	0.00488789	0.000894987	0.000407855	0.125598	0.0308203	0.0440216	0.000468753	0.00223978
121	0.0151004	0.00799	0.000159702	0.00217666	0.031543	0.00543112	0.000248955	0.475611	0.000383621	0.0904003	0.0206522	0.000483587	0.000433542	0.000588981	0.0003617	0.00632233	0.0192181	0.321438	0.000493241	0.000963861
122	0.27358	0.0240587	0.0003653	0.000635397	0.074658	0.0989764	0.000674221	0.0955777	0.00342364	0.0809975	0.0487313	0.00276279	0.00170754	0.00455117	0.0017179	0.0814364	0.0484593	0.149518	0.004345	0.00382334
123	0.0766131	0.0229419	0.000439469	0.00117089	0.0455125	0.0167434	0.00110761	0.0951663	0.00452899	0.154487	0.333545	0.00998079	0.00143241	0.0199637	0.0021693	0.0336715	0.0689271	0.0942807	0.00241619	0.0149022
124	0.105836	0.0124524	0.000102014	0.000164147	0.106302	0.0161724	9.61683e-05	0.23239	0.000186529	0.297491	0.0308767	0.000291621	0.00128665	0.000327225	0.000166423	0.0156837	0.029663	0.144364	0.00489118	0.00125711
125	0.0982237	0.016869	6.0833e-05	0.000118851	0.0824267	0.0102325	8.24038e-05	0.265877	0.000139646	0.274242	0.0287575	0.000252947	0.000216969	0.000247486	0.000124751	0.0189912	0.0348566	0.163476	0.00411381	0.000689638
126	0.174698	0.0150171	0.00441186	0.000837062	0.00288071	0.331665	0.000320329	0.0116779	0.000790277	0.00671683	0.00241604	0.033864	0.00462861	0.00489759	0.00103611	0.327105	0.0415766	0.01727	0.010727	0.00746356
127	0.0440414	0.000811367	0.000188831	0.000388851	0.0164957	0.0242499	0.0230759	0.0105166	0.412307	0.0163017	0.0124948	0.0544728	0.0179718	0.0225118	0.236279	0.0345582	0.0152458	0.0203746	0.0081853	0.0295285
128	0.0249782	0.0119948	8.83472e-05	0.000352582	0.0547413	0.00247709	0.000141417	0.227464	0.000299095	0.334256	0.127339	0.00247013	0.000462293	0.000675099	0.000314907	0.00681324	0.0384956	0.157953	0.00117313	0.00751172
129	0.0833017	0.00182414	0.000384344	0.0064047	0.0935444	0.0533386	0.011451	0.195831	0.078293	0.146097	0.025692	0.0026856	0.0014785	0.00901991	0.0130695	0.0283383	0.0600041	0.051438	0.0901762	0.0476277
130	0.495444	0.00946509	0.00088729	0.00139491	0.0110392	0.0313319	0.00149649	0.0753174	0.00195443	0.0882415	0.0294285	0.00276048	0.0169375	0.00331243	0.00179859	0.0319378	0.0349976	0.15475	0.0029262	0.00457894
131	0.0280776	0.0119164	8.73094e-05	0.00150834	0.0963946	0.00178977	0.000128325	0.23366	0.000885893	0.34181	0.110014	0.00192636	0.00167848	0.00265065	0.00161251	0.00424317	0.0227973	0.12194	0.00439638	0.0124832
132	0.0478859	0.0231734	0.000125118	0.000297567	0.213657	0.0582712	0.000358303	0.139639	0.000395565	0.306299	0.0385542	0.00257118	0.000371227	0.00577767	0.000777037	0.0227955	0.028486	0.0896413	0.000967274	0.0199572
133	0.0550441	0.0038502	0.000496877	0.000837845	0.0412004	0.0112692	0.000626625	0.239734	0.00106283	0.173312	0.027722	0.00153918	0.022372	0.00166605	0.00656687	0.0393874	0.0427123	0.240243	0.0312716	0.0590847
134	0.0259714	0.00864275	8.38868e-05	0.00238485	0.134598	0.00310006	0.000249078	0.228016	0.00134177	0.350518	0.0902052	0.00161919	0.00241646	0.0042344	0.00243961	0.00441122	0.015595	0.102466	0.00624578	0.0154616
135	0.0931303	0.00588789	0.000152077	0.000458761	0.141675	0.00888822	0.000312326	0.186194	0.000638996	0.253187	0.0393845	0.000824221	0.0423837	0.000853796	0.000503002	0.0162638	0.00491879	0.20151	0.00136348	0.00147074
136	0.0232418	0.0108687	0.000359305	0.00168467	0.547356	0.0112988	0.00486331	0.022037	0.0015387	0.0656632	0.0268511	0.00498948	0.0014242	0.00549857	0.000960155	0.0181611	0.00886227	0.0225934	0.0158486	0.2059
137	0.0273881	0.00714466	0.00163212	0.00352973	0.273569	0.0137707	0.00238591	0.0180239	0.00418001	0.0284299	0.0460237	0.0696831	0.0046886	0.00762444	0.00350278	0.0491057	0.0480731	0.0199222	0.35006	0.0212628
138	0.264712	0.0170703	0.00038033	0.00067817	0.0404297	0.0735168	0.000389005	0.0295859	0.000583315	0.0677558	0.151537	0.000902392	0.000937309	0.00116136	0.000551948	0.136758	0.123211	0.0817229	0.00635845	0.00175904
139	0.303214	0.0216149	0.000312441	0.00052497	0.0823649	0.0957332	0.000470239	0.103042	0.000680598	0.0934342	0.0317257	0.00125453	0.00139821	0.00135451	0.000630696	0.0830432	0.0433283	0.129459	0.00477181	0.00164233
140	0.00775725	0.00422564	0.000299019	0.000686878	0.410663	0.00434023	0.0178541	0.0263652	0.00438095	0.0673324	0.0148451	0.00303504	0.000651525	0.00359822	0.000628193	0.00971822	0.00504762	0.0364595	0.0491845	0.332928
141	0.0241092	0.0136407	0.0740016	0.172552	0.0707415	0.0306173	0.0609924	0.0230717	0.0273952	0.0382538	0.0112779	0.0943169	0.00232971	0.124244	0.015794	0.0406515	0.0106734	0.0109211	0.00232716	0.152089
142	0.0468247	0.0143442	0.00328651	0.0104305	0.0915102	0.0254287	0.0141917	0.10543	0.0155293	0.307439	0.0542415	0.0352781	0.00659412	0.107546	0.00848004	0.0300051	0.0382709	0.0495791	0.0108751	0.0247158
143	0.164322	0.0203402	0.00085226	0.00557575	0.0230774	0.0541668	0.00117924	0.0504023	0.0331715	0.0187879	0.0438774	0.0580262	0.00449705	0.0516508	0.00230662	0.317958	0.114959	0.0261288	0.00235904	0.00636084
144	0.166604	0.00494078	0.00174474	0.0100267	0.0930828	0.109022	0.00224248	0.0289376	0.0283814	0.0272761	0.0245555	0.0345788	0.0659461	0.0562751	0.0103836	0.10482	0.0395258	0.0159525	0.0121369	0.163567
145	0.0959361	0.00166042	0.000263623	0.00321261	0.00364728	0.0679511	0.000353334	0.00557184	0.00212003	0.0199766	0.0134739	0.0573099	0.00290003	0.0125032	0.00327296	0.372391	0.271718	0.0493955	0.000941305	0.0154013
146	0.168114	0.0133688	0.000753795	0.00407644	0.00908334	0.0478009	0.000732504	0.0149506	0.011126	0.0473443	0.00708716	0.0113502	0.0257762	0.00473122	0.00141516	0.204626	0.302766	0.118199	0.00159597	0.00510229
147	0.0269035	0.00793976	9.78615e-05	0.00231772	0.131489	0.00186003	0.000190782	0.208561	0.00132968	0.365451	0.113227	0.00243505	0.00262417	0.0035804	0.00219922	0.0041009	0.0165335	0.0885766	0.00763099	0.0129516
148	0.0544997	0.001773	0.00554647	0.00135753	0.0140556	0.0164086	0.000551132	0.0480505	0.00116056	0.0511598	0.0272099	0.100684	0.00578084	0.0116588	0.00226747	0.220866	0.349004	0.0643772	0.00114531	0.0224435
149	0.0246234	0.00643679	9.28679e-05	0.0030691	0.128097	0.00127839	0.000121304	0.242387	0.00152733	0.367514	0.0779791	0.0015432	0.00255969	0.00580586	0.00357305	0.00255318	0.0145084	0.0932704	0.00658752	0.0164716
150	0.00673923	0.00210604	0.000313433	0.00177438	0.288803	0.00403628	0.0164015	0.0628312	0.00830743	0.112603	0.0171349	0.00208728	0.000638852	0.00474818	0.00186057	0.00908703	0.00889977	0.0648818	0.0770892	0.309658
151	0.597334	0.00382053	0.000851196	0.00146628	0.0239029	0.0239092	0.00105891	0.0384032	0.0020414	0.011811	0.00808092	0.00304612	0.00310636	0.00312517	0.00196355	0.103169	0.137741	0.0128408	0.0181521	0.00417564
152	0.163353	0.0295522	0.000546472	0.00581961	0.0311554	0.0359174	0.000849347	0.0366435	0.0112223	0.0209515	0.0266104	0.0659273	0.00247971	0.0386868	0.00109453	0.409789	0.0836991	0.0303704	0.00156303	0.00376842
153	0.0956341	0.0150155	5.92054e-05	0.000130613	0.0835536	0.0107138	7.52302e-05	0.259987	0.000141173	0.276743	0.0290929	0.000265726	0.00145339	0.000275865	0.000131584	0.0193198	0.0334446	0.169144	0.00433002	0.000488579
154	0.0397321	0.00739981	0.0140818	0.0881465	0.0286797	0.114673	0.0141771	0.0210706	0.0133382	0.0517123	0.01792	0.250707	0.0353879	0.141974	0.0125155	0.043245	0.0605729	0.0200178	0.00451077	0.0201384
155	0.341185	0.0133946	0.00035513	0.00604545	0.00471434	0.122785	0.000637358	0.0106821	0.00333068	0.0100277	0.0084076	0.00237436	0.075407	0.00998495	0.00593053	0.31738	0.0510287	0.0119159	0.00150122	0.00291136
156	0.0705235	0.0134627	0.000106097	0.000269613	0.22334	0.0397402	0.00025739	0.172063	0.0003723	0.290803	0.03965	0.0013737	0.00168898	0.00326609	0.00060041	0.0136822	0.024657	0.0897996	0.00333568	0.0110091
157	0.0942571	0.0423813	0.000569359	0.00140613	0.317292	0.0294049	0.00149148	0.0085684	0.001564	0.158758	0.0769565	0.00276117	0.00249888	0.00374898	0.00217425	0.051737	0.0192452	0.0243457	0.06722	0.0936201
158	0.0192259	0.0280263	0.00040731	0.00806651	0.0248496	0.0118154	0.000767531	0.406415	0.000833131	0.0875899	0.034517	0.00195633	0.00106654	0.00160513	0.000697908	0.00883484	0.0200172	0.339193	0.00123816	0.00287739
159	0.0141129	0.00760164	0.000152137	0.0021386	0.0285722	0.00572585	0.000235873	0.485642	0.000382665	0.0942757	0.02266	0.000466487	0.000395183	0.000604578	0.000334138	0.00695749	0.0184817	0.309822	0.000466048	0.000973136
160	0.108734	0.0172975	6.69659e-05	9.60992e-05	0.0715642	0.0109571	9.66304e-05	0.251068	0.000127794	0.288115	0.0330249	0.000234142	0.000211074	0.000252689	0.000114073	0.0208264	0.0367494	0.156845	0.00327543	0.00034352
161	0.031725	0.00252152	0.000298729	0.0004943	0.383584	0.0127371	0.000430656	0.0342187	0.000680617	0.426733	0.0465162	0.00106093	0.000884002	0.00142024	0.000809239	0.00366236	0.012409	0.0332918	0.00420282	0.00231979
162	0.215714	0.0131959	0.00333828	0.00119944	0.00281637	0.314515	0.000319837	0.0111536	0.000931143	0.00651281	0.0032636	0.0255105	0.00632856	0.00526069	0.00178876	0.319849	0.0388025	0.0150894	0.00819932	0.00621197
163	0.0810014	0.00511089	0.00338631	0.00227494	0.04294	0.0436342	0.003964	0.133997	0.00341546	0.113108	0.0234767	0.0088591	0.229526	0.00748064	0.00472086	0.064997	0.0580913	0.120973	0.00978456	0.0392583
164	0.0939607	0.00547575	0.000161302	0.000466816	0.143475	0.00862185	0.000285069	0.184981	0.000639725	0.254206	0.03815	0.000834774	0.0436985	0.000899268	0.000460342	0.0157221	0.00408518	0.201116	0.00132445	0.00143535
165	0.0281096	0.0112629	9.7458e-05	0.000221215	0.0518672	0.00292151	0.000157344	0.229806	0.000267178	0.33366	0.122016	0.00244935	0.000343757	0.000525211	0.000207955	0.00897092	0.0393902	0.160756	0.000903151	0.00606671
166	0.43758	0.0365767	0.000184482	0.000394292	0.012251	0.235758	0.000267577	0.0212635	0.000448935	0.0111858	0.0329566	0.000616047	0.00591794	0.00109863	0.000557823	0.121945	0.0314358	0.0467762	0.000581392	0.00220481
167	0.179042	0.00622948	0.000156075	0.000412061	0.0493717	0.0453678	0.000338254	0.103132	0.0438612	0.0756888	0.0664379	0.0126014	0.000750967	0.0420722	0.0154321	0.0640614	0.096795	0.172348	0.000666095	0.0252354
168	0.0385472	0.00107841	0.00775707	0.0152183	0.0134433	0.021599	0.0157625	0.0154455	0.414788	0.0368611	0.0132465	0.043627	0.0133493	0.0312523	0.215893	0.0316086	0.0211284	0.0232838	0.00570675	0.0204035
169	0.0465274	0.019488	0.00032755	0.000658801	0.156602	0.0247725	0.000693921	0.130141	0.0035705	0.200641	0.172412	0.00483493	0.000974882	0.0187771	0.00200016	0.0428555	0.0707002	0.0734257	0.00122676	0.0293701
170	0.439374	0.0380729	0.000173091	0.000219624	0.0125002	0.239748	0.000233761	0.0208015	0.000370734	0.00946983	0.0324666	0.000536128	0.0049257	0.000893022	0.000404168	0.12138	0.0304154	0.0453581	0.000465809	0.00219221
171	0.0254372	0.00898951	5.47842e-05	0.00247303	0.121505	0.000736951	0.000124455	0.234868	0.00129931	0.35943	0.0947209	0.00159992	0.00230292	0.00407057	0.00247793	0.00262367	0.015284	0.100188	0.00664272	0.0151715
172	0.272457	0.0043247	0.000187486	0.00031268	0.00450525	0.591119	0.000252643	0.00213186	0.000381414	0.00225118	0.00470969	0.000617618	0.000705725	0.00264757	0.00222573	0.0952234	0.0098079	0.00503306	0.000376752	0.000729468
173	0.0260811	0.0126977	0.00010665	0.000770277	0.0708098	0.00231835	0.000156309	0.208129	0.000639438	0.346653	0.148638	0.00493954	0.00134599	0.00187196	0.000798632	0.00723953	0.030682	0.12518	0.00239866	0.00854455
174	0.0909236	0.0103862	0.000103069	0.000239102	0.152644	0.0218099	0.000112962	0.216942	0.00029539	0.290379	0.0324998	0.000577056	0.00389668	0.000833782	0.00027589	0.0121441	0.0230141	0.133653	0.00535856	0.00391195
175	0.0413612	0.0223993	0.000136965	0.000311753	0.211617	0.0569112	0.00048903	0.130268	0.000378923	0.333104	0.0346652	0.00405565	0.000374318	0.00834893	0.000842306	0.0245054	0.0303052	0.081233	0.000791518	0.0179013
176	0.162313	0.0265485	0.000347065	0.000813856	0.0251691	0.0313863	0.000686636	0.108857	0.0152769	0.120874	0.100333	0.0265251	0.0012327	0.0253242	0.00563502	0.0363593	0.0927433	0.20599	0.0014107	0.0121749
177	0.267914	0.00359286	0.00018107	0.000281458	0.00418796	0.601577	0.000258422	0.00173823	0.00034935	0.00223763	0.0041008	0.000604435	0.000476665	0.00254518	0.00220601	0.0926968	0.00938704	0.00460486	0.000370844	0.000690232
178	0.111989	0.0178954	6.81596e-05	0.000101015	0.0714218	0.0116271	9.63148e-05	0.248999	0.000133624	0.288376	0.0326372	0.000236301	0.000226988	0.000261081	0.000111101	0.0207587	0.0364904	0.154897	0.00333285	0.000342064
179	0.327945	0.0233137	0.00160766	0.000839255	0.0045397	0.190616	0.000321939	0.00914152	0.000705685	0.00613789	0.00702183	0.0117707	0.00782501	0.00263852	0.00100343	0.341299	0.0441897	0.0112845	0.00366244	0.00413612
180	0.0113649	0.00953447	0.000202463	0.000480852	0.612337	0.00518842	0.00533906	0.0030499	0.00047711	0.0174603	0.0211754	0.00308999	0.000634085	0.0048585	0.000511927	0.00828961	0.0023071	0.00884223	0.0146141	0.270243
181	0.046292	0.0234533	0.000135352	0.000320476	0.194096	0.0608094	0.000327008	0.126139	0.000397981	0.337094	0.0354449	0.00273063	0.000503206	0.00539841	0.000745683	0.0232529	0.0267188	0.0935988	0.00105216	0.0214902
182	0.0933301	0.0173521	6.61235e-05	0.000172649	0.0758798	0.00971856	9.91028e-05	0.271149	0.000151588	0.258328	0.0289243	0.000268988	0.000494519	0.000282573	0.000243888	0.0202399	0.0365269	0.180608	0.00487636	0.00128726
183	0.026723	0.00678233	0.000151054	0.00227416	0.126226	0.00206581	0.000234194	0.197045	0.00165949	0.410572	0.103625	0.00323306	0.00574571	0.00382623	0.00232467	0.00329067	0.0123367	0.0725442	0.00664098	0.0127009
184	0.179099	0.00626607	0.000155954	0.000411932	0.0494032	0.0452587	0.00033677	0.103139	0.0437178	0.0756229	0.066523	0.0125609	0.000746542	0.0420107	0.0153444	0.0642131	0.0966041	0.172617	0.000678451	0.0252899
185	0.029704	0.00910505	0.000433337	0.00222665	0.218673	0.0342	0.00722118	0.0907219	0.00922063	0.176861	0.028923	0.00379446	0.00207729	0.0192195	0.00341017	0.0288164	0.0337512	0.0805345	0.0367276	0.184379
186	0.0439327	0.00189921	0.000252786	0.000424771	0.403019	0.0115195	0.000432868	0.0405204	0.000604842	0.372032	0.0499367	0.000931459	0.000703978	0.00113768	0.000585849	0.00323105	0.0161581	0.045492	0.00565572	0.00152903
187	0.0329474	0.0105694	5.5445e-05	0.00211967	0.123161	0.00259058	0.00012779	0.235992	0.0011286	0.348365	0.0862373	0.00134312	0.0020002	0.00351522	0.00212008	0.00405666	0.0170485	0.107023	0.00638823	0.0132111
188	0.0156401	0.0252747	0.00105071	0.00214827	0.0949684	0.00825814	0.0429538	0.152089	0.00249958	0.256201	0.0714687	0.133002	0.0030871	0.102908	0.00216454	0.0118657	0.0325756	0.0129239	0.00342606	0.0254933
189	0.120675	0.00266842	0.00034645	0.00777363	0.00445732	0.0567868	0.000663912	0.00880561	0.00383099	0.0240397	0.0087254	0.0344277	0.0085661	0.00754525	0.00292229	0.285657	0.329596	0.0818877	0.00130176	0.00932368
