352	20
1	0.0244144	0.00238178	0.00153481	0.00376814	0.343984	0.00231333	0.0263437	0.027081	0.0045488	0.0495777	0.0171386	0.00444788	0.00143082	0.00367286	0.00348392	0.00739615	0.0065361	0.0297377	0.0134909	0.426717
2	0.0413646	0.00925568	0.00277033	0.00428445	0.385623	0.00385246	0.0243944	0.0189632	0.00355951	0.0304564	0.0349572	0.0111403	0.00234241	0.00619616	0.021484	0.0114951	0.0239255	0.0267135	0.119618	0.217604
3	0.0488439	0.0140346	0.0997773	0.130273	0.00202948	0.0525448	0.00429929	0.00292435	0.160216	0.00566509	0.00298463	0.0759642	0.268394	0.0202634	0.00824064	0.0424604	0.0504024	0.00747755	0.000779127	0.00242558
4	0.0572442	0.00406616	0.194858	0.0945229	0.00172985	0.121808	0.0348595	0.00225598	0.0512947	0.0155585	0.00405699	0.214693	0.00586427	0.0316728	0.0283039	0.0999057	0.0299317	0.00492484	0.000551343	0.00189885
5	0.017209	0.000737501	0.0065841	0.00172533	0.0294129	0.00159113	0.00147651	0.560111	0.00167357	0.0346221	0.00890541	0.00179999	0.000613884	0.00156812	0.00138315	0.00762696	0.013709	0.306852	0.000419443	0.00197951
6	0.0083533	0.00160305	0.181959	0.026667	0.00166247	0.0306009	0.0144591	0.013972	0.216929	0.00469961	0.0142248	0.0778996	0.00174768	0.0333141	0.0880736	0.0862328	0.178917	0.0156616	0.000656599	0.00236578
7	0.0536142	0.00865501	0.198372	0.101254	0.00381191	0.0589079	0.0344198	0.00206787	0.0553288	0.0109179	0.00394785	0.252056	0.006891	0.0254186	0.0208138	0.128384	0.0220976	0.00484443	0.000627803	0.00756872
8	0.0828909	0.00512005	0.15334	0.0841093	0.00359636	0.0481933	0.00707089	0.0076866	0.0478125	0.0405128	0.0114729	0.0366792	0.215323	0.0209022	0.0321822	0.0380176	0.0947473	0.0647796	0.00128723	0.00427627
9	0.00699115	0.00630249	0.00501871	0.00105488	0.191473	0.000913708	0.00194667	0.0182165	0.000947509	0.662847	0.0499293	0.00170497	0.00448276	0.00116848	0.00110477	0.00204346	0.00732716	0.00871672	0.000347721	0.0274627
10	0.741212	0.038216	0.000534333	0.00358509	0.000500898	0.0382248	0.000648813	0.00313771	0.000742115	0.00702192	0.00180654	0.00337654	0.00144518	0.0020292	0.000787371	0.112976	0.0231575	0.0198848	0.000184702	0.000527591
11	0.00530392	0.000707599	0.000779938	0.00260618	0.311429	0.00106523	0.00523499	0.0043369	0.00783308	0.0157579	0.00274216	0.00165666	0.000638304	0.00440035	0.00480059	0.00615568	0.00367483	0.00385679	0.03188	0.58514
12	0.0142833	0.000608551	0.000992165	0.0125987	0.00095057	0.00589447	0.0884956	0.00115847	0.398737	0.00518322	0.0011343	0.0156819	0.001794	0.0923083	0.336266	0.00879316	0.00201927	0.00509354	0.000313567	0.00769428
13	0.00363059	0.000916814	0.0012315	0.0101108	0.186645	0.00116141	0.20735	0.0018858	0.00145515	0.00274066	0.00174112	0.0144294	0.000613991	0.00736039	0.00175523	0.0121182	0.00850734	0.00833462	0.0220592	0.505953
14	0.0104513	0.00252431	0.00284403	0.0119836	0.173159	0.00237395	0.189278	0.00945352	0.00403555	0.0134856	0.00751685	0.0149394	0.00181172	0.00913606	0.00647337	0.0142874	0.00927787	0.011953	0.0214917	0.483523
15	0.0162327	0.001375	0.581556	0.0265096	0.00166382	0.00144888	0.0093694	0.00163144	0.00193807	0.00961054	0.00199687	0.273534	0.00088701	0.0328225	0.00928765	0.0217168	0.00281605	0.00261116	0.000411833	0.00258153
16	0.311796	0.00236807	0.00292386	0.0463434	0.0030276	0.00344296	0.00394838	0.00359119	0.069229	0.00599024	0.00417323	0.00514996	0.490642	0.0041903	0.00496977	0.00785199	0.00546419	0.0206597	0.00118444	0.00305381
17	0.0385298	0.000437299	0.415136	0.282597	0.000504273	0.0217159	0.00725632	0.000708501	0.0481793	0.0083811	0.000733374	0.0511697	0.00526071	0.0360314	0.0102865	0.0393173	0.0250596	0.0077508	0.000167413	0.000777108
18	0.094266	0.000951773	0.0325418	0.125808	0.00683936	0.0106567	0.0143309	0.00169662	0.259223	0.0229347	0.00763466	0.0215838	0.00292515	0.144092	0.18371	0.0178177	0.0323944	0.0050625	0.00048024	0.0150507
19	0.0114619	0.00132788	0.422108	0.461188	0.00158802	0.00521592	0.00271458	0.0020465	0.0109331	0.00492101	0.00216614	0.0113433	0.00129158	0.0198146	0.00405709	0.0212102	0.00895709	0.00493285	0.000712595	0.00200927
20	0.0164264	0.00423285	0.00576981	0.00851441	0.0095855	0.00588074	0.151659	0.0401659	0.00708154	0.112101	0.0079576	0.00923854	0.0061011	0.150143	0.00778215	0.0413411	0.04112	0.0108577	0.324753	0.0392887
21	0.0101224	0.00865167	0.00293783	0.00118646	0.149278	0.000889539	0.0015612	0.0153865	0.000902777	0.715975	0.0522047	0.00152005	0.00251079	0.00114647	0.00103398	0.00185704	0.00981599	0.00793947	0.000349342	0.0147311
22	0.0230447	0.00306927	0.0048104	0.0106667	0.00315724	0.0110707	0.00724787	0.00388848	0.454514	0.0105114	0.00739125	0.00793566	0.0211747	0.0115926	0.304474	0.0425284	0.0588372	0.00943428	0.00105578	0.00359555
23	0.00953267	0.00765879	0.00171049	0.0010679	0.3274	0.000763355	0.0042214	0.0656925	0.00100663	0.442286	0.0834937	0.00291175	0.00135646	0.00111688	0.00109984	0.00429204	0.0108741	0.0164623	0.000443879	0.0166091
24	0.640288	0.0222914	0.00122368	0.00410661	0.000847424	0.0672929	0.00189943	0.00496019	0.00167596	0.00889553	0.00380159	0.00939105	0.00140061	0.00550678	0.00249885	0.160224	0.0459183	0.0161937	0.00041341	0.00117144
25	0.185614	0.0143773	0.00150526	0.00105671	0.0129503	0.00963985	0.00529228	0.201158	0.00119196	0.0633655	0.0413608	0.00972557	0.000519691	0.00119294	0.00109775	0.0267035	0.0349767	0.38713	0.000323012	0.000818861
26	0.693543	0.0714018	0.00105185	0.00333391	0.000850462	0.018852	0.00106414	0.0063956	0.00111081	0.00679438	0.00252374	0.00372407	0.00196754	0.00332931	0.00265411	0.122476	0.0261384	0.0313043	0.0002866	0.00119813
27	0.0162928	0.000923153	0.00134744	0.00304071	0.363556	0.0012971	0.00318719	0.00196649	0.00541656	0.00818116	0.0051648	0.00643524	0.000794882	0.00371712	0.00372971	0.0088941	0.0179034	0.00690911	0.119218	0.422025
28	0.032814	0.00983219	0.0116128	0.0168307	0.0312899	0.0120927	0.060273	0.045318	0.0199642	0.159907	0.027157	0.0171912	0.0103714	0.0676079	0.0224913	0.0328333	0.0290571	0.0300744	0.319388	0.043894
29	0.0607392	0.00813064	0.0600758	0.133348	0.0193274	0.0129351	0.268928	0.0167818	0.037161	0.0292883	0.0224153	0.0729105	0.0153555	0.0613572	0.0366385	0.0401794	0.0352497	0.0215457	0.0070955	0.040537
30	0.0246139	0.00462017	0.00221342	0.00139013	0.013615	0.00471852	0.00774816	0.00104125	0.0051947	0.00484978	0.00132586	0.0578908	0.000637823	0.00138016	0.00929935	0.273395	0.568545	0.0016947	0.000346551	0.0154798
31	0.0306741	0.00376349	0.0016135	0.00188504	0.231663	0.00117058	0.00270902	0.0572812	0.00142637	0.401356	0.211973	0.00374863	0.000878081	0.00166317	0.00165326	0.0122809	0.00962207	0.0107946	0.000714713	0.0131297
32	0.0756603	0.00212303	0.124671	0.151851	0.00200232	0.0777117	0.00330346	0.00218168	0.0108522	0.0253717	0.00264907	0.0816821	0.0927938	0.0415041	0.0186276	0.0889652	0.165506	0.0296443	0.000835127	0.00206415
33	0.110467	0.0126931	0.014008	0.0181157	0.0121297	0.293417	0.010102	0.0145375	0.01425	0.244565	0.0208477	0.019485	0.00880509	0.0171588	0.0135262	0.0754614	0.01926	0.0664927	0.00390412	0.0107737
34	0.236648	0.00429787	0.00215816	0.00310751	0.00229984	0.162752	0.024511	0.0151875	0.00306775	0.0272261	0.00353996	0.0637515	0.00146612	0.0342884	0.0233475	0.228024	0.119854	0.0409127	0.00110902	0.00245062
35	0.0358935	0.00387315	0.533293	0.060753	0.00312969	0.0174885	0.0138903	0.00422701	0.113662	0.0130456	0.00727102	0.0282421	0.00526893	0.032002	0.0588286	0.0234633	0.0271463	0.00935636	0.00186081	0.00730407
36	0.0375715	0.00401669	0.00966318	0.0163846	0.0054084	0.00637081	0.00724957	0.0482408	0.0129486	0.03914	0.20041	0.0144594	0.294472	0.156805	0.0110334	0.0124713	0.0186634	0.0960027	0.00200115	0.00668772
37	0.00284823	0.00317403	0.00419486	0.000916289	0.00250969	0.000737181	0.000868819	0.324832	0.00123077	0.342814	0.190473	0.00104293	0.000572952	0.0027329	0.000940189	0.00150335	0.00811025	0.106066	0.000226946	0.00420601
38	0.109482	0.000244361	0.130948	0.412464	0.000363113	0.0172972	0.00711566	0.00460764	0.0526408	0.0036028	0.00399826	0.0281164	0.00507328	0.0868042	0.0126994	0.0626539	0.0438394	0.0123727	0.00205006	0.00362668
39	0.179018	0.00807102	0.0146621	0.0461795	0.00560217	0.0350042	0.0395583	0.0124134	0.0237568	0.127265	0.0965443	0.08271	0.000911478	0.0951008	0.108415	0.0345226	0.0363059	0.0278518	0.000751506	0.0253559
40	0.285089	0.00746574	0.0163579	0.0886347	0.0146348	0.0177835	0.0699468	0.0118635	0.0155302	0.0697463	0.0167435	0.022072	0.063731	0.0226162	0.016339	0.140075	0.0256141	0.0205544	0.00441555	0.0707867
41	0.0390809	0.00196427	0.00334904	0.093924	0.0586059	0.0232128	0.0289752	0.0755349	0.163359	0.114008	0.0135189	0.0211552	0.0101142	0.0382855	0.212108	0.00786766	0.020441	0.0674457	0.00149138	0.00555916
42	0.177221	0.00918366	0.0178769	0.0501897	0.00555701	0.0357498	0.0400401	0.0116687	0.0239287	0.124441	0.0969061	0.0807461	0.000882056	0.0923836	0.106345	0.0341126	0.0367574	0.0276913	0.000748357	0.02757
43	0.0297586	0.00366649	0.00844866	0.0142591	0.00354923	0.015452	0.00582019	0.00461958	0.566158	0.0147103	0.0119417	0.0121764	0.0167714	0.0137039	0.117705	0.0526908	0.0902885	0.0134466	0.00117443	0.00365957
44	0.225861	0.00712564	0.0221391	0.00588817	0.0274757	0.00584754	0.0040611	0.0970261	0.0122793	0.161165	0.164008	0.00708033	0.00212771	0.00512204	0.00463133	0.0301274	0.012744	0.20035	0.00145684	0.00348346
45	0.0441801	0.00254173	0.403874	0.231876	0.000880476	0.020895	0.0239641	0.00100541	0.0628712	0.0101266	0.00303765	0.056005	0.0101803	0.0371266	0.023284	0.0410803	0.0187164	0.00649049	0.000269161	0.00159614
46	0.525276	0.0116466	0.00356771	0.0239989	0.00463918	0.00588429	0.00468749	0.0742186	0.0237651	0.00742263	0.00739378	0.00651635	0.00232395	0.00528736	0.0101839	0.0564696	0.0363522	0.165609	0.00146633	0.0232906
47	0.305827	0.0230293	0.00771541	0.0226501	0.017575	0.136313	0.035238	0.0198151	0.0056432	0.022843	0.0645053	0.154261	0.00146073	0.0134098	0.00885252	0.111184	0.0138123	0.0282476	0.00413377	0.00348365
48	0.0536591	0.0120425	0.0162344	0.0237474	0.148237	0.0144215	0.0220578	0.189667	0.0353547	0.0698347	0.0247389	0.0922491	0.0156739	0.0219736	0.109016	0.0292693	0.0354192	0.0592466	0.00720405	0.0199532
49	0.0492347	0.000512956	0.339161	0.341971	0.000625638	0.0186753	0.00703867	0.0019211	0.0459541	0.00746728	0.00230577	0.0426442	0.00497121	0.0447454	0.0102835	0.041739	0.0281751	0.00996491	0.000480798	0.00212893
50	0.0117508	0.00815204	0.00170465	0.000945942	0.284996	0.000673033	0.00481553	0.0733037	0.00084215	0.48967	0.0676242	0.00209998	0.00166722	0.00102668	0.00105752	0.00291431	0.0130531	0.0175585	0.000488284	0.0156557
51	0.0264462	0.0215452	0.000862634	0.00113883	0.186973	0.00102767	0.00969143	0.152176	0.00114731	0.255738	0.128416	0.00224825	0.00162304	0.00135955	0.00139298	0.00294607	0.0186048	0.0754502	0.0046295	0.106583
52	0.0236132	0.00138448	0.100434	0.0990564	0.00198402	0.0163249	0.0220158	0.00311125	0.0318708	0.0193556	0.00418774	0.0723509	0.00225101	0.165999	0.0796422	0.113195	0.196384	0.0172475	0.000773638	0.0288188
53	0.0312323	0.00161105	0.00164929	0.00527916	0.0125877	0.00209843	0.00830161	0.296083	0.0789303	0.255935	0.0410212	0.014008	0.00352032	0.0140352	0.044141	0.00452656	0.0376647	0.13993	0.00102792	0.00641783
54	0.00220123	0.00905119	0.00224556	0.00093081	0.00507525	0.000621717	0.000730556	0.192628	0.00102238	0.521321	0.175785	0.000995972	0.00123407	0.00459376	0.000750983	0.00137424	0.0120199	0.0648359	0.000280027	0.0023032
55	0.00355484	0.000319829	0.0911003	0.00902036	0.000534294	0.767795	0.0050638	0.000585044	0.0171607	0.000835659	0.00070684	0.0807932	0.00269469	0.00592579	0.00290485	0.00639839	0.00085229	0.000720361	0.000136458	0.00289771
56	0.185052	0.0142601	0.00153845	0.00106511	0.0132742	0.0092849	0.00504179	0.198355	0.00122843	0.0644539	0.0406691	0.00992978	0.000501189	0.00114467	0.00107862	0.0265562	0.0347586	0.390662	0.000319173	0.000827264
57	0.0460739	0.00219838	0.302272	0.280193	0.000700808	0.0354155	0.00735956	0.0014556	0.0685875	0.00693804	0.00143724	0.0547495	0.0643256	0.0409613	0.0102736	0.0408906	0.0267991	0.0075297	0.000613288	0.00122605
58	0.00393045	0.000474976	0.000704799	0.0026148	0.280847	0.000833415	0.0034641	0.00326144	0.00855861	0.0143503	0.00131398	0.00165318	0.00046352	0.00468022	0.00501939	0.00659003	0.00405443	0.002733	0.0371767	0.617276
59	0.00383098	0.000477585	0.000698857	0.00267819	0.279092	0.00082764	0.00457309	0.00321581	0.00843592	0.0141693	0.00126016	0.00169264	0.000465501	0.00472275	0.0049512	0.00664868	0.00405106	0.00272265	0.0376821	0.617804
60	0.351705	0.200165	0.0038276	0.00508006	0.00325342	0.0268631	0.00553633	0.0130205	0.00382361	0.0129655	0.00484165	0.0141313	0.00359691	0.00748361	0.0202927	0.0880408	0.196878	0.0343995	0.00104888	0.00304669
61	0.050212	0.00904195	0.00477725	0.00795114	0.370969	0.00493091	0.027644	0.00899753	0.00595378	0.0147207	0.018375	0.0140778	0.00271239	0.0143271	0.0309768	0.016135	0.0283118	0.0212798	0.175625	0.172981
62	0.0323941	0.00864835	0.0160329	0.026122	0.0206662	0.0106815	0.418643	0.0139861	0.0163419	0.0273717	0.0147339	0.166585	0.0917172	0.0292911	0.0226597	0.0223926	0.0184445	0.0135126	0.0113198	0.018456
63	0.0282701	0.00329019	0.536022	0.0500192	0.00591204	0.0160505	0.0160198	0.00863156	0.0556767	0.0138164	0.00955832	0.0335865	0.00780286	0.0249721	0.058512	0.0309209	0.0746125	0.0142725	0.00182834	0.0102255
64	0.134515	0.00477144	0.00310694	0.0126717	0.0524008	0.00885652	0.0335394	0.13462	0.0876446	0.046578	0.0225878	0.0112178	0.00734726	0.0168339	0.155409	0.0244976	0.0437007	0.179425	0.00125432	0.0190225
65	0.0218927	0.00232707	0.67077	0.0832486	0.00210073	0.0227906	0.00824359	0.00348556	0.0191549	0.00961735	0.00388664	0.0655744	0.00493402	0.0193449	0.0140522	0.0216791	0.0150199	0.00650368	0.00111098	0.0042635
66	0.0129302	0.000507701	0.00111343	0.00264997	0.00344357	0.00258003	0.00264889	0.4093	0.00245499	0.17597	0.045932	0.00271918	0.000777311	0.00112972	0.000834928	0.00150931	0.0137938	0.316468	0.000205629	0.00303112
67	0.416792	0.0622819	0.00312819	0.00906844	0.00880548	0.0138689	0.00573878	0.096234	0.00717219	0.00954036	0.0117226	0.00971538	0.00182259	0.00554653	0.043831	0.145237	0.0146415	0.126219	0.00120152	0.00743269
68	0.0980339	0.0019331	0.129454	0.272168	0.00102604	0.038931	0.00611363	0.00378529	0.0387212	0.0114122	0.00459982	0.0457731	0.0745613	0.0703604	0.0129952	0.0817617	0.0875407	0.0158465	0.00136679	0.00361526
69	0.0228143	0.00830116	0.0882427	0.331832	0.0515823	0.050154	0.0173944	0.00857921	0.0106364	0.0146102	0.0977068	0.0123402	0.081825	0.0137345	0.049452	0.0167272	0.0147868	0.0133715	0.00225463	0.0936544
70	0.147374	0.00661286	0.0220516	0.0101861	0.00479951	0.587039	0.0050144	0.003183	0.00569507	0.0316166	0.0210178	0.0137053	0.0180146	0.00753437	0.00420448	0.0814483	0.00524618	0.00695083	0.00105081	0.0172558
71	0.110009	0.0102289	0.216413	0.113145	0.00102554	0.0347603	0.0254621	0.00139973	0.107663	0.00885507	0.00382037	0.0983311	0.0335477	0.0310617	0.0390022	0.0984727	0.0545937	0.0106521	0.000413153	0.00114348
72	0.00411538	0.00115954	0.136308	0.00202884	0.00129714	0.0320702	0.00145081	0.00186583	0.0224404	0.00910332	0.00176211	0.105739	0.000886986	0.00325268	0.00193335	0.266442	0.403553	0.00254139	0.000491327	0.00155899
73	0.0257667	0.00998996	0.00237971	0.00348972	0.0898115	0.0023939	0.0238823	0.20321	0.00471885	0.329386	0.0255799	0.0125507	0.0398478	0.01711	0.0209774	0.0118342	0.0217302	0.0839399	0.0241988	0.0472031
74	0.195983	0.000824703	0.0123804	0.13724	0.00125811	0.014602	0.0131316	0.00116112	0.224075	0.0412318	0.0167836	0.0193394	0.000709024	0.0842799	0.117413	0.0840431	0.0223462	0.0108611	0.000309028	0.00202747
75	0.0898918	0.000577631	0.19503	0.364097	0.000610898	0.0126362	0.00471423	0.00418564	0.0404167	0.00731794	0.00728812	0.0278826	0.00520577	0.0729737	0.00876304	0.0637023	0.0739847	0.012729	0.00115938	0.00683362
76	0.024825	0.00471442	0.0011957	0.00165566	0.0172508	0.00450534	0.00710371	0.00113527	0.00532711	0.00483199	0.00149105	0.0567054	0.000616281	0.0015423	0.0101532	0.282972	0.550549	0.00184438	0.000404013	0.0211775
77	0.0681627	0.00344573	0.0277794	0.0098321	0.00513102	0.00536521	0.0305604	0.0779573	0.0852767	0.0979091	0.0336775	0.318845	0.00371069	0.011657	0.147949	0.010931	0.0110264	0.015867	0.00499566	0.0299215
78	0.0161096	0.0115181	0.00160355	0.000802411	0.184629	0.000607777	0.00424209	0.0902017	0.000760932	0.514094	0.0805484	0.00148151	0.00230651	0.00124926	0.00114058	0.0021288	0.0133254	0.0358041	0.00140841	0.036038
79	0.0760716	0.0102003	0.242985	0.134322	0.00138435	0.0300042	0.0585078	0.00172132	0.103517	0.0222174	0.015648	0.0874109	0.0119506	0.0535825	0.0411056	0.0780882	0.0222069	0.0057094	0.000551922	0.0028151
80	0.162024	0.0242168	0.023259	0.181441	0.0109209	0.00211008	0.0525089	0.0763166	0.0441362	0.0130773	0.0184322	0.0107677	0.00149547	0.0922307	0.0616878	0.0245107	0.123237	0.0579153	0.000700964	0.0190114
81	0.00749955	0.000668511	0.00266871	0.0012796	0.00143457	0.00117298	0.00135813	0.427491	0.00131555	0.214533	0.117054	0.00143133	0.000530134	0.00119004	0.000911958	0.00139228	0.00752365	0.207152	0.000230274	0.00316345
82	0.0823673	0.00183724	0.00259095	0.003335	0.00229481	0.0266092	0.00261463	0.0694455	0.00319901	0.00425702	0.00326099	0.00442736	0.00131364	0.00363526	0.00339439	0.0650186	0.210533	0.506801	0.000719824	0.00234549
83	0.0410595	0.000426317	0.410571	0.28049	0.000500444	0.0222345	0.00748762	0.000752468	0.0487879	0.00836002	0.000807066	0.051233	0.00541694	0.0367442	0.0107063	0.0398686	0.0254588	0.00803213	0.00024273	0.000819795
84	0.010519	0.00135931	0.0087644	0.0175165	0.0215042	0.00948031	0.0419358	0.0598491	0.0591961	0.235414	0.0638247	0.00330982	0.00132966	0.0219465	0.0574853	0.027126	0.0072536	0.122871	0.010543	0.218772
85	0.021893	0.012439	0.00146978	0.000927361	0.159832	0.000804749	0.00329972	0.0975264	0.000955378	0.552482	0.0763638	0.00150159	0.0024592	0.00170292	0.00141706	0.00280979	0.0160617	0.0274747	0.0010473	0.0175316
86	0.184078	0.0049839	0.0342768	0.222806	0.0059103	0.0829111	0.00449734	0.00724533	0.0589483	0.166206	0.0121265	0.00587239	0.00254332	0.0839929	0.0476152	0.032129	0.00766972	0.0313648	0.00125253	0.00357135
87	0.116942	0.000529459	0.130693	0.376112	0.000480087	0.0231574	0.00720433	0.0039376	0.0620843	0.00412313	0.00428592	0.0271411	0.00548696	0.0870039	0.0162034	0.0698451	0.0481838	0.0113631	0.00185066	0.00337287
88	0.0255607	0.00418651	0.00106405	0.00114135	0.0115178	0.00529147	0.00967118	0.0010258	0.00453003	0.00483191	0.0013774	0.04891	0.000529013	0.00139911	0.00766017	0.256962	0.598358	0.00162967	0.00028675	0.0140677
89	0.00354131	0.000321104	0.0906288	0.00902928	0.000453966	0.770418	0.00487804	0.000567663	0.0173242	0.000782909	0.000659017	0.0798173	0.00273359	0.00550825	0.0028883	0.00622265	0.000784555	0.000691587	0.000135241	0.00261445
90	0.0079588	0.00195196	0.0023289	0.00364709	0.00265275	0.00294044	0.00309745	0.284225	0.0869565	0.0678419	0.0398841	0.00463469	0.0144216	0.00337341	0.00612016	0.005134	0.0633853	0.395952	0.000856859	0.00263786
91	0.0141361	0.000608551	0.00097077	0.0126976	0.000942535	0.00585452	0.0884452	0.00115846	0.398653	0.00523124	0.00113211	0.0156753	0.00178161	0.0922617	0.336407	0.00881483	0.00201275	0.00512035	0.000314809	0.00778145
92	0.0180839	0.071864	0.00189791	0.00246177	0.00301326	0.00200597	0.00176267	0.0526129	0.00241793	0.632927	0.0367235	0.00838831	0.0153441	0.00346223	0.00678962	0.00655732	0.00896906	0.122401	0.000612084	0.00170467
93	0.026045	0.014212	0.00318584	0.00544529	0.0765104	0.00326793	0.0053362	0.0894359	0.00399627	0.515322	0.149212	0.00632062	0.00344084	0.00901823	0.00711122	0.00923681	0.0150306	0.0409353	0.00170213	0.0152361
94	0.041278	0.00856717	0.0109769	0.0162565	0.109405	0.0138576	0.0566588	0.0255794	0.0142722	0.0665164	0.0194131	0.0191614	0.0089543	0.0506556	0.0213417	0.030302	0.0332736	0.0221637	0.331634	0.0997319
95	0.274615	0.0126342	0.0097833	0.0159652	0.00895504	0.136414	0.0299779	0.034992	0.00713762	0.0178225	0.0449042	0.203701	0.00202159	0.014866	0.0105455	0.10866	0.0211311	0.0375146	0.00437354	0.0039869
96	0.0599415	0.0108781	0.0190618	0.0148102	0.0135506	0.0152549	0.0138493	0.0183083	0.0215126	0.020047	0.0286635	0.0402961	0.00529631	0.0168926	0.0150421	0.142119	0.480913	0.0412506	0.00398805	0.0183244
97	0.462223	0.0576054	0.00604544	0.0121812	0.00307624	0.031282	0.0066324	0.00878143	0.00647699	0.0123202	0.0103977	0.0163883	0.00592012	0.0562379	0.00728667	0.159498	0.105258	0.0263859	0.00176247	0.00424044
98	0.0445305	0.00736996	0.175081	0.0524368	0.00653861	0.031967	0.0233403	0.00662562	0.0259264	0.0149461	0.0102943	0.31216	0.00449122	0.0566528	0.0173739	0.14921	0.0365724	0.0108459	0.00204004	0.0115981
99	0.0572458	0.103865	0.00304497	0.0042444	0.00409284	0.00323062	0.00324957	0.0179543	0.00379255	0.587432	0.0722353	0.00586379	0.00706104	0.00462758	0.0211009	0.00730928	0.0065545	0.0827872	0.00108571	0.00322173
100	0.0301474	0.00947385	0.00717804	0.0141751	0.249439	0.00920674	0.159575	0.0234193	0.0100688	0.0477538	0.0248442	0.0203804	0.00920046	0.0145267	0.0240845	0.0192613	0.0176793	0.0260904	0.0269081	0.256588
101	0.0592513	0.00215791	0.00294576	0.00547315	0.019454	0.119233	0.0212573	0.00413048	0.0269136	0.0693393	0.0215734	0.0598975	0.00188732	0.0071594	0.00461184	0.427282	0.121429	0.00640342	0.01645	0.00315015
102	0.00518915	0.00127118	0.0022515	0.013594	0.00187392	0.00222653	0.553393	0.00212111	0.00246122	0.00356074	0.00231814	0.325963	0.0251709	0.0225337	0.0136848	0.00394959	0.0122066	0.00343273	0.000656649	0.0021409
103	0.0877503	0.00313253	0.00889635	0.0502974	0.0112821	0.0119754	0.0494376	0.0259164	0.246308	0.0278172	0.00733446	0.0145757	0.0702412	0.0549615	0.260608	0.0153699	0.0240573	0.0203483	0.00145088	0.00823925
104	0.0479993	0.0122301	0.00951018	0.0232396	0.107395	0.0129102	0.0866501	0.118714	0.0392523	0.0724376	0.0776056	0.0219883	0.0107585	0.0259562	0.156841	0.0218454	0.0264971	0.0653409	0.0184867	0.0443424
105	0.00385348	0.000475382	0.000703604	0.00264455	0.279959	0.00081937	0.00340574	0.00323498	0.0085278	0.0142291	0.00126643	0.00163585	0.000463576	0.00467619	0.00498761	0.0065942	0.00406697	0.00271329	0.0377691	0.617974
106	0.0882965	0.0465732	0.00554116	0.00562959	0.006801	0.0303849	0.00436921	0.0402512	0.00560637	0.0892245	0.465438	0.00837536	0.00278549	0.00603487	0.00522079	0.072327	0.0333515	0.0765554	0.00200317	0.00523129
107	0.307337	0.00517108	0.00833568	0.0307564	0.0230978	0.0608855	0.06622	0.0124651	0.00627712	0.0122319	0.0290227	0.15949	0.00194642	0.0303556	0.00714647	0.19907	0.0184323	0.0133949	0.00406017	0.00430368
108	0.102698	0.0125472	0.0210985	0.0186154	0.017667	0.492008	0.0155103	0.0135606	0.0136742	0.031443	0.0665976	0.0379244	0.0126592	0.0172727	0.0152024	0.0509007	0.0190581	0.0199073	0.00317075	0.0184841
109	0.552663	0.00651965	0.00262759	0.00543415	0.00148427	0.305514	0.000983432	0.0027556	0.00175229	0.0152561	0.00437931	0.00844625	0.00135427	0.00174983	0.00121043	0.0748029	0.00612328	0.00455899	0.000369892	0.00201463
110	0.766409	0.0121011	0.000526582	0.00135808	0.000441142	0.0905247	0.000544311	0.0038456	0.000648095	0.0061324	0.00317041	0.00184164	0.000400505	0.00117248	0.000670953	0.0935537	0.0113215	0.00469125	0.000171255	0.000475303
111	0.0236826	0.00440404	0.00778835	0.00156452	0.0102306	0.00642145	0.00798576	0.00157177	0.00611993	0.00812887	0.00490198	0.0468143	0.00075556	0.00176352	0.00701611	0.2505	0.59379	0.00398105	0.000372275	0.0122075
112	0.144596	0.00332576	0.00612861	0.0339334	0.00838808	0.0213394	0.0158432	0.0060134	0.00797975	0.0146221	0.00751619	0.134144	0.00308371	0.00902941	0.00725703	0.439157	0.119272	0.0101799	0.00310079	0.00509092
113	0.0358976	0.0248096	0.00283553	0.00357808	0.00235823	0.0026749	0.00361607	0.00334326	0.00369639	0.00586099	0.00425183	0.0314999	0.799792	0.00370988	0.00358183	0.0544409	0.00535954	0.00492331	0.00101525	0.00275512
114	0.015005	0.0407929	0.208076	0.096357	0.0240248	0.00677566	0.0282047	0.00441036	0.00883526	0.00727147	0.00527166	0.337528	0.00220338	0.00820689	0.00525202	0.127277	0.00699877	0.00643703	0.00133924	0.0597327
115	0.0570034	0.00423657	0.367615	0.200604	0.00071951	0.0236735	0.0317914	0.000832237	0.0731016	0.0115928	0.00412056	0.0701733	0.0123677	0.040539	0.0248118	0.0496618	0.020248	0.00578661	0.000246396	0.000874439
116	0.163377	0.012064	0.00161138	0.00134083	0.0117875	0.00956932	0.00453999	0.205357	0.00139684	0.0525999	0.034127	0.00853955	0.000713738	0.00135928	0.00145373	0.0292357	0.0447038	0.414918	0.000341368	0.000963875
117	0.0332446	0.012634	0.00138503	0.00284754	0.244454	0.00190505	0.0159332	0.10125	0.00418508	0.179183	0.0786007	0.00318667	0.00179907	0.00234592	0.0046159	0.00415697	0.0120192	0.103343	0.00390724	0.189003
118	0.596606	0.0586871	0.00107478	0.00268201	0.00088805	0.0232736	0.00319256	0.00940497	0.0012249	0.0178183	0.00231785	0.010113	0.0055265	0.00384614	0.00320241	0.114405	0.110577	0.0339849	0.000282651	0.000891932
119	0.0338789	0.0447729	0.0036648	0.00526352	0.195203	0.00532556	0.113541	0.00632783	0.00532892	0.00748294	0.0304899	0.00584364	0.00317412	0.0229231	0.156389	0.00746819	0.00697296	0.0456965	0.136054	0.164199
120	0.765966	0.0121329	0.000539526	0.00137747	0.000440621	0.0903419	0.00054267	0.00376629	0.000636981	0.00611589	0.0031933	0.0018751	0.000410924	0.00117682	0.000663886	0.0937275	0.0115853	0.0048554	0.000172894	0.000478907
121	0.748774	0.0131065	0.00088046	0.00168244	0.000790346	0.114081	0.000713706	0.0036335	0.000970575	0.00706125	0.00461944	0.00216063	0.00046469	0.00188692	0.0007917	0.0837713	0.00935489	0.00425806	0.000200908	0.000797849
122	0.64926	0.0283998	0.00081142	0.00227708	0.000621744	0.0576754	0.00201204	0.00809571	0.000976693	0.0158794	0.00241469	0.0132729	0.00203396	0.00270178	0.0020354	0.114517	0.0649483	0.0310244	0.000238229	0.000803458
123	0.114891	0.00277771	0.0154154	0.0479804	0.00381366	0.016225	0.0296695	0.00498513	0.163921	0.0152521	0.0284446	0.0424762	0.00202975	0.215338	0.103078	0.0659198	0.0928244	0.015432	0.00107057	0.0184567
124	0.0155401	0.000537954	0.00112979	0.00356113	0.00385347	0.00337722	0.00379129	0.396179	0.00448988	0.182753	0.0379183	0.00401673	0.00100178	0.00184009	0.00241907	0.00170543	0.018567	0.313061	0.000265896	0.00399245
125	0.0366293	0.167708	0.00669064	0.00757811	0.0363365	0.00610338	0.00733964	0.00637051	0.269231	0.0114569	0.0863689	0.00828955	0.0033737	0.0830472	0.164127	0.011532	0.011616	0.038843	0.0028005	0.0345579
126	0.198119	0.00306714	0.027104	0.0125557	0.00360884	0.0516829	0.0796555	0.0341899	0.0724739	0.030789	0.0588796	0.204614	0.00188049	0.0297906	0.0257787	0.115106	0.0315367	0.0105688	0.00528564	0.00331336
127	0.396428	0.0848487	0.00199994	0.00602192	0.00463865	0.103464	0.00636969	0.0213895	0.00318352	0.0124258	0.0210504	0.0445762	0.00170575	0.00645994	0.00794578	0.156574	0.0749349	0.0420889	0.000726365	0.00316774
128	0.00265499	0.00578419	0.00288802	0.00092538	0.0043922	0.000696699	0.000787836	0.241003	0.00099614	0.455979	0.195634	0.00106704	0.000649214	0.00403036	0.000733295	0.0014535	0.0106084	0.0663835	0.000281228	0.00305189
129	0.0384012	0.00043753	0.415371	0.283501	0.000510855	0.0216348	0.0072838	0.000707699	0.0479208	0.008501	0.000730572	0.0507478	0.00525736	0.035983	0.0103088	0.0390718	0.0249861	0.00769759	0.000166458	0.000780537
130	0.185796	0.0142352	0.00150801	0.00104462	0.0130563	0.00939726	0.00507621	0.200091	0.00117924	0.0635707	0.0409526	0.0097774	0.000499541	0.00115856	0.00107396	0.0268422	0.0348159	0.388807	0.000317689	0.000801595
131	0.410176	0.0639323	0.00261338	0.00623792	0.00481168	0.110449	0.0086173	0.0150282	0.00280691	0.0141144	0.0151781	0.0556698	0.00208342	0.00732866	0.00665527	0.130088	0.105767	0.0356527	0.000752886	0.00203698
132	0.0523117	0.0030503	0.00427091	0.00600035	0.00426895	0.00425175	0.24754	0.0574223	0.100202	0.113857	0.0482752	0.00591213	0.00279513	0.170851	0.047373	0.0089892	0.00794639	0.088299	0.0014811	0.0249029
133	0.0951139	0.000970044	0.0352947	0.134634	0.00884335	0.0110355	0.00532486	0.0018653	0.27203	0.0287416	0.00723925	0.0139751	0.00343301	0.125337	0.19588	0.0119594	0.0277093	0.00442443	0.000439202	0.0157509
134	0.0136938	0.0214071	0.00154562	0.00159433	0.0216103	0.0017174	0.00348559	0.187613	0.00788481	0.485261	0.0742598	0.0056943	0.00677743	0.0045405	0.00586005	0.00407723	0.0147265	0.127269	0.00135641	0.00962564
135	0.00354131	0.000321104	0.0906288	0.00902928	0.000453966	0.770418	0.00487804	0.000567663	0.0173242	0.000782909	0.000659017	0.0798173	0.00273359	0.00550825	0.0028883	0.00622265	0.000784555	0.000691587	0.000135241	0.00261445
136	0.264968	0.00276471	0.00486899	0.0100207	0.00165053	0.57995	0.00105011	0.00144047	0.00233165	0.0177564	0.00429068	0.016845	0.00231778	0.00208867	0.00122907	0.0757327	0.00215642	0.00514608	0.000424536	0.00296791
137	0.11035	0.000344031	0.126454	0.407873	0.000405822	0.0179135	0.00753515	0.00440303	0.0570749	0.00425603	0.00479655	0.0267635	0.00486291	0.0872706	0.0145388	0.0633089	0.0438401	0.0124816	0.00192499	0.00360286
138	0.0882374	0.00289292	0.0406053	0.00784609	0.00246558	0.725121	0.00285015	0.00110114	0.00926828	0.0083269	0.00305515	0.0581292	0.002741	0.00539799	0.00235526	0.0313824	0.00167025	0.00253419	0.000343573	0.0036761
139	0.00584023	0.000834237	0.00107285	0.00716016	0.231306	0.00097927	0.127227	0.00411841	0.00345462	0.00829514	0.00255091	0.00935849	0.000543737	0.00609125	0.00263279	0.0126044	0.00687353	0.00712475	0.0225706	0.539362
140	0.0698907	0.0144459	0.0141913	0.0148933	0.01021	0.0179268	0.0129682	0.0333189	0.0152079	0.0315043	0.0491264	0.0941559	0.0137107	0.019984	0.0143449	0.0551399	0.291326	0.207102	0.00342236	0.017131
141	0.0361402	0.00801281	0.00837775	0.0091864	0.245523	0.00764946	0.0159587	0.054896	0.0079788	0.295088	0.121061	0.0551104	0.006625	0.0140687	0.0100286	0.0191325	0.0152137	0.0302004	0.00291207	0.0368362
142	0.0232046	0.00358553	0.00436166	0.00831637	0.227477	0.00465771	0.0464903	0.0101951	0.0100903	0.0344009	0.0105706	0.0107401	0.00317835	0.0220663	0.0158683	0.0143242	0.0185779	0.0137347	0.214145	0.304015
143	0.132931	0.00686608	0.0236263	0.009472	0.00386738	0.640298	0.00429215	0.00368771	0.0103761	0.0181022	0.00781434	0.029569	0.00396454	0.00806293	0.00447138	0.0688727	0.0100019	0.00697956	0.000916763	0.00582805
144	0.0580642	0.00559223	0.0523654	0.00814691	0.00401435	0.721616	0.00401736	0.00216575	0.0134844	0.0100275	0.00660593	0.0493918	0.00441059	0.00783232	0.00352934	0.0308814	0.0088548	0.00325861	0.000670032	0.0050705
145	0.0582759	0.0115022	0.0195211	0.0340664	0.0155212	0.0177977	0.0380489	0.0263441	0.163731	0.0365975	0.0210347	0.0296622	0.0114916	0.057253	0.349554	0.028514	0.0288319	0.0263735	0.00531542	0.0205641
146	0.0705409	0.0042276	0.150872	0.393701	0.00855402	0.0212076	0.0152287	0.00981198	0.0472971	0.019556	0.0173384	0.0333685	0.0106348	0.0540174	0.0234043	0.0460237	0.0406172	0.0168892	0.00382589	0.0128835
147	0.0570111	0.00438739	0.0504385	0.0137366	0.00346625	0.725001	0.00451655	0.00196929	0.0130545	0.0106547	0.00509397	0.0491438	0.00494479	0.0079626	0.0042889	0.0283293	0.00476617	0.00454178	0.00137137	0.00532171
148	0.010998	0.00194747	0.00424846	0.0203853	0.242265	0.00322109	0.0808801	0.00828382	0.00634842	0.0232211	0.00760492	0.00965103	0.00186815	0.0073544	0.00628839	0.0115581	0.00895611	0.00984557	0.033024	0.502051
149	0.0943578	0.00339762	0.0670921	0.232309	0.00330315	0.00885168	0.0956422	0.00558605	0.0136718	0.0537297	0.0552877	0.0297468	0.0027883	0.174751	0.0170318	0.06721	0.0132287	0.00937676	0.0114743	0.0411632
150	0.0228224	0.00519618	0.00279529	0.00118696	0.0141417	0.0049319	0.00737098	0.00104118	0.00588591	0.00468899	0.00132056	0.0567303	0.000614696	0.00134073	0.00891881	0.275995	0.567831	0.00162577	0.000370854	0.0151904
151	0.0171895	0.0196977	0.00220239	0.00381882	0.0288474	0.00235398	0.0102831	0.194109	0.0086508	0.406483	0.0381986	0.017461	0.0334534	0.00885306	0.0141803	0.0105702	0.0274059	0.135354	0.00775277	0.0131354
152	0.0238428	0.0088857	0.00653783	0.0093477	0.0779053	0.00599843	0.124125	0.126087	0.00735577	0.291208	0.0176321	0.0133441	0.0523057	0.0276853	0.0162439	0.0197033	0.0212634	0.0444764	0.0750522	0.0310001
153	0.0690006	0.0172433	0.0196157	0.0190849	0.0104036	0.0234317	0.0174298	0.0399588	0.024455	0.0417012	0.0626116	0.204874	0.0175575	0.0292954	0.021428	0.0564894	0.15901	0.143847	0.0048088	0.017754
154	0.0645367	0.0124249	0.0268077	0.027153	0.0133591	0.0153462	0.0115656	0.014273	0.0318953	0.0184757	0.0235337	0.0393179	0.00725043	0.0179607	0.0188677	0.134363	0.469783	0.0367115	0.00227717	0.0140976
155	0.0164563	0.00136764	0.585894	0.0268446	0.00164224	0.00152574	0.00915568	0.00163987	0.0019237	0.00971366	0.00201764	0.269245	0.000874741	0.0325358	0.00946796	0.0211816	0.00282357	0.00268892	0.00041969	0.00258126
156	0.00248524	0.00877982	0.00226121	0.000929361	0.00542982	0.000654747	0.000756402	0.190965	0.00112514	0.520669	0.17763	0.000994885	0.00116595	0.0047315	0.000767014	0.00145745	0.0121128	0.064443	0.000314181	0.0023273
157	0.0877252	0.000563675	0.016006	0.0438815	0.00092911	0.0930344	0.00138233	0.00112207	0.480863	0.0190411	0.00776621	0.0237348	0.00254993	0.0559733	0.098906	0.0446455	0.0165044	0.00393594	0.000435837	0.000999926
158	0.100842	0.00291702	0.00525402	0.0464142	0.0542583	0.0248317	0.0352359	0.0541466	0.112632	0.0893694	0.0105792	0.0112408	0.0125823	0.0942573	0.23391	0.0102362	0.0568618	0.0355091	0.00108762	0.00783349
159	0.0784774	0.00530931	0.109693	0.344958	0.00728952	0.0200809	0.0146973	0.0138548	0.049045	0.0187699	0.013212	0.0349995	0.0128469	0.0609569	0.0226956	0.0536354	0.100097	0.0197945	0.004695	0.0148922
160	0.045817	0.0261959	0.0253156	0.0349355	0.0281321	0.00729158	0.00645818	0.0058976	0.054158	0.132503	0.106773	0.00829326	0.00234291	0.307713	0.116663	0.0145365	0.0577869	0.00918521	0.00139686	0.00860499
161	0.0417259	0.000410933	0.40634	0.282691	0.000484204	0.0220625	0.00737002	0.00076446	0.0487885	0.00818165	0.000844902	0.051314	0.00535582	0.0375372	0.0106768	0.04027	0.0260336	0.00802615	0.000207054	0.000916177
162	0.00544907	0.00143559	0.00247246	0.0132744	0.00203365	0.00242438	0.543987	0.00251261	0.00270576	0.00410958	0.00250364	0.32877	0.0245268	0.0232396	0.0155004	0.00459487	0.0138409	0.00372231	0.000722197	0.00217473
163	0.0518739	0.00282386	0.00163958	0.00203312	0.0792063	0.0013509	0.00203467	0.0642815	0.00184773	0.456635	0.272654	0.0030932	0.000873915	0.00182779	0.00192018	0.0131518	0.0113071	0.0130835	0.000910393	0.0174512
164	0.255258	0.0025676	0.00493639	0.0103736	0.00155599	0.592672	0.000973253	0.00126091	0.00201564	0.0175207	0.00423971	0.0167913	0.00232211	0.00204217	0.00124084	0.0741528	0.00195657	0.00476416	0.000483869	0.00287265
165	0.0940758	0.00205041	0.00859274	0.0404452	0.00258979	0.00400427	0.0265682	0.0058256	0.155323	0.0133097	0.0573761	0.0637237	0.00162156	0.170867	0.127067	0.0791407	0.0956091	0.0235329	0.00082031	0.027457
166	0.0362576	0.00254068	0.00192633	0.00192416	0.218654	0.00135836	0.00221526	0.0484577	0.00162481	0.38253	0.247067	0.00419812	0.000954655	0.00192473	0.00193502	0.0127095	0.00904335	0.00955204	0.000859425	0.0142673
167	0.00919819	0.010095	0.00275062	0.000878452	0.227786	0.000704118	0.00271086	0.0492708	0.000845885	0.558119	0.0704404	0.00180692	0.00255958	0.000891754	0.000917449	0.00209238	0.0101223	0.0194792	0.000534175	0.0287962
168	0.0663385	0.000841241	0.0217287	0.0777328	0.000907232	0.00168708	0.098846	0.00144307	0.16264	0.00278767	0.00759982	0.0805309	0.000692372	0.17202	0.128323	0.0539621	0.078697	0.0104585	0.000526325	0.0322378
169	0.0502824	0.00381597	0.00163595	0.00209006	0.0736732	0.00177181	0.0018838	0.0638667	0.00173045	0.423857	0.308214	0.00300585	0.00086161	0.00192688	0.00184718	0.0167323	0.0134669	0.0123951	0.00126797	0.0156751
170	0.653784	0.0625049	0.00109443	0.0037376	0.00150339	0.0135044	0.00141043	0.0204201	0.00177954	0.00613632	0.00475789	0.00374094	0.00179493	0.00331154	0.00616216	0.124646	0.0240498	0.0635401	0.000320659	0.0018017
171	0.175653	0.00407334	0.00367924	0.0112069	0.025738	0.00728201	0.0329633	0.136634	0.117388	0.0524001	0.0122524	0.00947529	0.00760169	0.0141993	0.138652	0.0172263	0.0265664	0.194386	0.00116427	0.0114593
172	0.0521205	0.000417541	0.377177	0.298459	0.00051289	0.0199039	0.00700681	0.00224555	0.0491073	0.00749133	0.00118786	0.0497071	0.00483977	0.04162	0.0116311	0.0393301	0.0261224	0.00933609	0.000363082	0.00142092
173	0.00435795	0.00142536	0.00165467	0.0106069	0.174981	0.00151688	0.215299	0.00297696	0.00202083	0.00425212	0.00272446	0.0150305	0.000894186	0.00787326	0.00241989	0.0127179	0.00862483	0.00839809	0.0208105	0.501414
174	0.182625	0.00478782	0.0107617	0.0271651	0.00455397	0.141745	0.00571555	0.00553641	0.389329	0.0185243	0.0103446	0.0182793	0.00349967	0.0324906	0.0504244	0.0591667	0.0185012	0.00972285	0.00200131	0.00482542
175	0.0642323	0.000976695	0.0266443	0.0835914	0.00129821	0.00179635	0.10194	0.00144835	0.160374	0.00291203	0.00559458	0.0818823	0.000895428	0.168935	0.126701	0.0481061	0.0768765	0.00970597	0.000578798	0.0355101
176	0.098238	0.000583222	0.0140276	0.0490143	0.000783112	0.0728109	0.00112413	0.00105095	0.472382	0.0224132	0.00647662	0.0254363	0.00255842	0.0556601	0.108813	0.0504907	0.0122584	0.00460196	0.000363519	0.000913843
177	0.0795432	0.0102924	0.00525711	0.010124	0.009328	0.00569745	0.00964431	0.18194	0.136239	0.0554332	0.0380527	0.0823234	0.004263	0.0752943	0.0814208	0.0341308	0.103644	0.0662791	0.00194926	0.00914424
178	0.0100413	0.000578943	0.123421	0.0384728	0.000927054	0.666646	0.00681968	0.000667702	0.0215915	0.00239558	0.00112085	0.0853954	0.00352994	0.00978133	0.00496803	0.0149536	0.00442324	0.00158836	0.000220678	0.00245749
179	0.0353313	0.0091262	0.00185213	0.0040624	0.318027	0.00395398	0.0324097	0.0526698	0.00389794	0.111446	0.061748	0.00756339	0.00362909	0.00478093	0.0046318	0.00640206	0.00922792	0.0498945	0.00799673	0.271348
180	0.0192698	0.00187542	0.0414215	0.133349	0.00226357	0.0299794	0.00331859	0.0141077	0.28284	0.00406274	0.00388496	0.0843561	0.00153034	0.037018	0.0338421	0.0124242	0.286393	0.00478857	0.000887923	0.00238721
181	0.107605	0.0397933	0.00760469	0.00587465	0.0226332	0.647063	0.00387138	0.00445312	0.0263159	0.0387219	0.00952137	0.0124389	0.00428151	0.0076941	0.0049246	0.0314217	0.00805444	0.00931629	0.00182419	0.00658676
182	0.146393	0.0340408	0.0400515	0.00563036	0.00302531	0.0203179	0.00380118	0.00360807	0.0219782	0.0231258	0.0342211	0.10738	0.0733199	0.0902392	0.004701	0.0580484	0.170266	0.155167	0.00105094	0.0036345
183	0.00853949	0.00751548	0.00179501	0.000971073	0.322729	0.000737132	0.00401898	0.0624422	0.00102029	0.46581	0.0733591	0.00291996	0.0015711	0.00101839	0.00107214	0.00374951	0.010656	0.0152504	0.000362054	0.0144624
184	0.0232857	0.0148141	0.00242232	0.00275676	0.198587	0.0026438	0.0155336	0.0822138	0.00278734	0.317266	0.103535	0.003438	0.00309835	0.00252238	0.00359794	0.00366432	0.0115003	0.0535911	0.00447894	0.148262
185	0.0162125	0.0031173	0.00141594	0.00166111	0.0208248	0.00148185	0.00511763	0.32749	0.020525	0.314987	0.0544563	0.00719929	0.0046567	0.00685235	0.0134155	0.00279253	0.019783	0.167641	0.00228875	0.00808119
186	0.0656938	0.00549009	0.156675	0.385434	0.00966686	0.0211234	0.0174957	0.0108736	0.0444412	0.0226324	0.0146767	0.0331279	0.0115119	0.057188	0.0251169	0.0466682	0.037648	0.0165367	0.00254896	0.0154501
187	0.0660144	0.0183898	0.00918643	0.0172891	0.00562031	0.00750959	0.00640364	0.00906677	0.0161162	0.0227525	0.0141649	0.0272505	0.674497	0.0131137	0.00794959	0.0474617	0.0131705	0.0145546	0.00249699	0.00699224
188	0.0628552	0.00572651	0.0332792	0.0525137	0.00800027	0.0341758	0.0288286	0.011278	0.377857	0.0267384	0.0124299	0.0295474	0.0068173	0.0549368	0.144681	0.0365606	0.042559	0.0153737	0.00194842	0.0138932
189	0.127466	0.0138222	0.00584798	0.0203961	0.00367268	0.00606178	0.0057873	0.00710989	0.0225974	0.0165227	0.0115191	0.0222154	0.649809	0.00999283	0.00815183	0.0391496	0.00996258	0.0145393	0.00131286	0.00406352
190	0.0429241	0.158424	0.00666907	0.0084305	0.0272003	0.00639068	0.00575036	0.00624263	0.275355	0.0134051	0.0943953	0.00791321	0.00308954	0.0943414	0.162679	0.0118455	0.0133807	0.0320068	0.0017331	0.0278237
