227	20
1	0.0230419	0.0130797	0.00577557	0.0101734	0.120117	0.0241578	0.0214857	0.0132879	0.0252742	0.0893941	0.0102198	0.0152144	0.0049894	0.0107603	0.0493551	0.0335577	0.0179863	0.032597	0.442816	0.0367165
2	0.0410663	0.00571744	0.0250845	0.0689491	0.00194343	0.0321912	0.0170454	0.00985875	0.305751	0.0180312	0.0141968	0.0457705	0.016713	0.0481588	0.258271	0.0440531	0.0277325	0.0127634	0.00326054	0.00344162
3	0.040587	0.00411044	0.158811	0.290053	0.00367747	0.0197035	0.03104	0.0172053	0.0904369	0.0434943	0.008287	0.0304394	0.0172651	0.0906858	0.0140542	0.0500279	0.0359524	0.0467287	0.00112872	0.00631151
4	0.00889437	0.00537972	0.00080619	0.00228131	0.0515366	0.00433545	0.00154155	0.205542	0.00125426	0.453909	0.0729359	0.00126867	0.00303956	0.00505527	0.00241657	0.00713372	0.0167951	0.148465	0.00109884	0.00631143
5	0.0433819	0.00747931	0.00492018	0.00742198	0.0067109	0.00868147	0.152007	0.0374859	0.00728367	0.0557689	0.00693126	0.0679006	0.00454829	0.41113	0.00732075	0.095323	0.0138036	0.0146212	0.00342487	0.043856
6	0.0258286	0.00388197	0.135187	0.0566257	0.017478	0.0332819	0.142705	0.00480161	0.0894441	0.0184063	0.0113731	0.219431	0.0016831	0.045478	0.0444893	0.10181	0.0171214	0.0129701	0.00114808	0.016856
7	0.0113843	0.0137504	0.00362931	0.00528018	0.171033	0.0251672	0.0058353	0.00935185	0.00518485	0.0780035	0.00384181	0.0067634	0.00274573	0.00389413	0.0125225	0.0275644	0.00913401	0.028009	0.534751	0.0421544
8	0.0539036	0.00394458	0.201549	0.262885	0.00268481	0.0263177	0.0278367	0.00335559	0.105282	0.014087	0.00867371	0.0742484	0.0100681	0.059145	0.0215536	0.0519979	0.0387712	0.023313	0.000325827	0.0100569
9	0.0389202	0.0145568	0.180386	0.033087	0.00491117	0.178737	0.00883408	0.0158457	0.0141036	0.0138475	0.00801604	0.267031	0.00202168	0.0100873	0.0131595	0.092905	0.0772516	0.0199684	0.00269758	0.0036331
10	0.00182031	0.00358782	0.000594729	0.00374421	0.00860385	0.00526905	0.00113626	0.100433	0.000993655	0.631013	0.116745	0.00106846	0.00435774	0.00163423	0.00120317	0.00224821	0.0114705	0.101274	0.000556411	0.00224647
11	0.00202034	0.00350357	0.000589019	0.00371822	0.00951342	0.0052104	0.00111252	0.101717	0.00100435	0.627624	0.115744	0.00103411	0.00431251	0.00182226	0.0011413	0.00245043	0.0119232	0.102703	0.000597021	0.00225991
12	0.0104951	0.00650142	0.000967189	0.00239282	0.0932446	0.00311963	0.00246619	0.235282	0.00211126	0.411691	0.06062	0.0016172	0.00190965	0.00857836	0.00378434	0.0101895	0.0099871	0.124687	0.003195	0.00716032
13	0.0177366	0.00868309	0.46907	0.0171386	0.00472853	0.0136778	0.0639622	0.0151372	0.0162098	0.00759828	0.00285076	0.28181	0.00198443	0.0047036	0.0112377	0.0209959	0.0149046	0.0222254	0.0014904	0.00385566
14	0.088098	0.00307598	0.00920109	0.0341162	0.0193697	0.0156181	0.01661	0.202662	0.0282641	0.147732	0.0563892	0.0193515	0.0425755	0.0262491	0.0120348	0.0505312	0.041601	0.158476	0.00538604	0.0226583
15	0.019603	0.00797298	0.155054	0.0617627	0.00936269	0.0813029	0.0840184	0.0687611	0.00993851	0.0742094	0.00722443	0.133911	0.0290989	0.00607962	0.0110595	0.0560806	0.0742819	0.0709074	0.0327061	0.00666528
16	0.0108219	0.00417067	0.00101292	0.00387781	0.0469662	0.00453029	0.00431372	0.135468	0.00405042	0.526156	0.0895239	0.00214114	0.0038369	0.00944019	0.0051869	0.0100565	0.0140742	0.115379	0.00226803	0.00672508
17	0.0173717	0.0388542	0.00434848	0.0267841	0.00772344	0.014376	0.0427844	0.00951412	0.0461232	0.0218024	0.00826483	0.0156134	0.00920412	0.0802253	0.592249	0.0216896	0.0103007	0.0103384	0.00158324	0.0208498
18	0.0409797	0.0056804	0.0249702	0.0686222	0.00196714	0.0323326	0.0171365	0.00984468	0.305982	0.0179947	0.0142006	0.0457725	0.0166815	0.0479691	0.258933	0.0440945	0.027578	0.0125915	0.00325223	0.00341636
19	0.124518	0.0230122	0.0484343	0.0615494	0.0234616	0.0299255	0.0466237	0.00930655	0.0148209	0.0635697	0.0138512	0.0658187	0.00333407	0.00713934	0.00420512	0.258973	0.1308	0.0251245	0.00149161	0.0440401
20	0.00590885	0.00343883	0.00107261	0.00360393	0.0107685	0.00861183	0.00259564	0.20536	0.00143204	0.510457	0.0746192	0.00231142	0.00444473	0.00259285	0.00184867	0.00520979	0.0215433	0.129364	0.000638082	0.00417859
21	0.0109315	0.00349882	0.00159127	0.00448144	0.0126382	0.00781372	0.00528264	0.238063	0.0022275	0.45432	0.0543488	0.00402703	0.00627253	0.00362165	0.00314671	0.00927514	0.04049	0.130803	0.00108901	0.00607869
22	0.103731	0.0167978	0.0123107	0.0190403	0.0154728	0.0399053	0.107227	0.0216898	0.0831071	0.0926257	0.0195827	0.0823879	0.0126726	0.0380486	0.141598	0.0727192	0.0464442	0.0282438	0.0246276	0.0217688
23	0.0874937	0.122799	0.00872962	0.0115441	0.101179	0.0167734	0.053818	0.0295049	0.00950902	0.0475457	0.0184042	0.0340106	0.00615635	0.00987296	0.0268791	0.0483422	0.023543	0.0427401	0.00969166	0.291464
24	0.093512	0.0069629	0.00249384	0.00264245	0.00240195	0.749778	0.00333496	0.0057959	0.00527618	0.0265842	0.00235693	0.0125813	0.00251588	0.002443	0.00285644	0.0459859	0.00970908	0.0133979	0.00123087	0.00814039
25	0.0382585	0.00350579	0.206741	0.286243	0.00363537	0.0256954	0.0359438	0.00846797	0.0781958	0.0228376	0.00766317	0.0448686	0.0125656	0.0991596	0.0138499	0.0468809	0.0303304	0.0271431	0.000878919	0.00713539
26	0.0214322	0.00983854	0.00558609	0.00865315	0.10641	0.010489	0.0402773	0.0293751	0.0432229	0.376718	0.191408	0.00965001	0.0063587	0.00941447	0.0497322	0.020064	0.0170913	0.0277818	0.00565582	0.010842
27	0.319065	0.0756663	0.00102858	0.00160799	0.0013299	0.0494312	0.00457139	0.0569608	0.00144531	0.0293382	0.00390945	0.00536576	0.0130261	0.00135211	0.00131267	0.0700656	0.0855667	0.277101	0.000653141	0.0012034
28	0.0825586	0.00636204	0.0751156	0.23889	0.00514471	0.0362502	0.0539482	0.0101452	0.055655	0.0215108	0.0292727	0.0304419	0.0104072	0.119316	0.0200107	0.0787468	0.059543	0.0554231	0.0014776	0.00978083
29	0.361174	0.061415	0.00159889	0.00324488	0.00304458	0.0405387	0.00480607	0.0426763	0.00215028	0.0433709	0.0117687	0.00585679	0.0095228	0.00228185	0.00257765	0.0590945	0.0591639	0.282377	0.000830306	0.00250689
30	0.30995	0.0757296	0.00108313	0.00173413	0.00135993	0.0506775	0.00451073	0.0589227	0.00148887	0.0281015	0.00368094	0.00529389	0.0122456	0.00137321	0.00141101	0.0710472	0.0994513	0.270074	0.000638151	0.00122674
31	0.0603299	0.0590254	0.00291778	0.00632411	0.020142	0.0896789	0.115815	0.0439019	0.0297965	0.127536	0.0421305	0.0511531	0.0352192	0.051265	0.0716664	0.0501519	0.0272823	0.0307801	0.0093898	0.0754943
32	0.044298	0.00896468	0.292192	0.0664652	0.0047917	0.0288746	0.0267057	0.0497698	0.0214001	0.0359943	0.00901473	0.206205	0.00761838	0.0131	0.0125114	0.0527258	0.0582182	0.0489928	0.00653852	0.00561874
33	0.489962	0.00513517	0.00324917	0.0026327	0.00181304	0.138413	0.00219376	0.0116937	0.00221529	0.0162253	0.00231969	0.0185307	0.00173121	0.00179521	0.00237062	0.220815	0.0649084	0.0111176	0.000816665	0.00206123
34	0.00986727	0.00528149	0.00106998	0.00281589	0.0675287	0.00372831	0.00322056	0.170462	0.00228898	0.493922	0.0699868	0.00167312	0.00307277	0.00770523	0.00340126	0.00957957	0.0135233	0.119717	0.00326378	0.00789171
35	0.0245964	0.0109583	0.0980346	0.0499563	0.0090347	0.0181289	0.0144872	0.225893	0.0146341	0.0250563	0.00877614	0.32599	0.00673731	0.00762653	0.00919763	0.0368954	0.0249687	0.0747711	0.00587962	0.00837794
36	0.146427	0.00537684	0.00314399	0.0426566	0.0374789	0.0108227	0.0781257	0.00892005	0.0514494	0.0759765	0.0204618	0.0497486	0.00320581	0.0359216	0.0530478	0.0986919	0.0304631	0.112824	0.0486084	0.0866495
37	0.230896	0.0698203	0.0138125	0.0184683	0.00943878	0.0620837	0.0132534	0.0144974	0.0108221	0.0243976	0.00946636	0.0278112	0.0109309	0.00834386	0.00976005	0.313179	0.111447	0.0297951	0.00252896	0.00924723
38	0.0409566	0.0056188	0.0250063	0.0682857	0.00213085	0.0321832	0.0180417	0.0100855	0.30391	0.0184677	0.0143419	0.0460461	0.0166961	0.0477734	0.259064	0.0441521	0.0277368	0.0126753	0.00335072	0.00347723
39	0.021277	0.0209759	0.00607043	0.00293948	0.2569	0.0112224	0.0717001	0.00442711	0.0022457	0.00718019	0.00218376	0.0573025	0.00149969	0.00222811	0.0109308	0.0206635	0.00413117	0.00830714	0.0241347	0.463681
40	0.113387	0.257478	0.00534591	0.00712654	0.0406902	0.0102173	0.0083513	0.0389526	0.00736691	0.0391257	0.0329296	0.0365249	0.00481405	0.00581173	0.059409	0.0695477	0.0139444	0.093923	0.00281674	0.152237
41	0.0863053	0.00930035	0.00441955	0.00441665	0.00639404	0.697951	0.00918677	0.0104636	0.00649742	0.035086	0.00585764	0.0161317	0.00377228	0.00427402	0.00556218	0.0462239	0.0111356	0.0129442	0.00193214	0.0221456
42	0.127458	0.0219752	0.0489819	0.0388661	0.0271271	0.0259288	0.0418368	0.00786519	0.0126788	0.0743872	0.0166655	0.0647512	0.00334661	0.00573917	0.00302219	0.27958	0.140517	0.018676	0.00113605	0.0394616
43	0.0777724	0.42362	0.00322377	0.00372181	0.00612358	0.024082	0.00419803	0.00651226	0.00415907	0.0099115	0.00404985	0.0439409	0.0356486	0.00310922	0.00382691	0.317264	0.0143965	0.00850184	0.00182018	0.00411814
44	0.0130218	0.0259792	0.00223644	0.0226131	0.014453	0.0038457	0.006206	0.0605247	0.172277	0.174835	0.065325	0.0292676	0.00236719	0.0671324	0.215672	0.0277324	0.0240388	0.0327603	0.00178675	0.0379259
45	0.0152704	0.0119684	0.00640968	0.00243168	0.263514	0.00588833	0.073976	0.00418615	0.00164781	0.00836539	0.00206712	0.0302161	0.00103774	0.00202142	0.00558915	0.0138425	0.0029234	0.00878173	0.0147794	0.525084
46	0.134525	0.0168317	0.00499036	0.0272299	0.00351239	0.168928	0.00417322	0.0246793	0.0294696	0.00725316	0.0182238	0.0507631	0.0770315	0.00640284	0.0678861	0.267601	0.0658611	0.020365	0.00132163	0.00295104
47	0.0465843	0.0131735	0.00475079	0.0144748	0.0577457	0.0113975	0.0335573	0.188199	0.0122797	0.19375	0.0415313	0.0127527	0.013172	0.0138343	0.0115585	0.0261143	0.0289201	0.155308	0.00622983	0.114667
48	0.0698224	0.0101894	0.0927519	0.210965	0.00671544	0.014651	0.0240825	0.0127572	0.1274	0.0294373	0.0143028	0.0431204	0.0130123	0.0784213	0.0394492	0.055811	0.0702409	0.0754763	0.00100786	0.0103863
49	0.103134	0.00457471	0.00439902	0.0124794	0.0140714	0.00896391	0.00885449	0.346208	0.00938402	0.0520212	0.0465993	0.00968098	0.0463036	0.00843278	0.0063712	0.0201949	0.0282388	0.259371	0.00313131	0.00758713
50	0.0783916	0.00379524	0.00458054	0.0271539	0.00431742	0.00771273	0.0206196	0.0112441	0.036745	0.0144585	0.0244327	0.0144461	0.00710582	0.0043932	0.031597	0.0898784	0.550784	0.0406075	0.00953992	0.0181968
51	0.0762635	0.0507623	0.0276482	0.0277515	0.0048433	0.0160205	0.0179311	0.0104471	0.254217	0.018756	0.0102864	0.0935469	0.00784547	0.0210544	0.245046	0.0431003	0.0380752	0.0128009	0.0188865	0.00471804
52	0.0150225	0.0116317	0.00655905	0.00182577	0.266456	0.00633396	0.0681823	0.00315231	0.00147602	0.00475496	0.00162413	0.0323257	0.00100826	0.00153165	0.00592296	0.0144438	0.00279858	0.00846985	0.0156937	0.530786
53	0.0111019	0.0119377	0.000914984	0.00134104	0.132037	0.0022659	0.00138056	0.409157	0.00112693	0.188607	0.0269216	0.00149759	0.00090061	0.00109404	0.00123765	0.00710087	0.00717718	0.183027	0.00197234	0.00920135
54	0.0157367	0.0126899	0.00627688	0.00314081	0.255993	0.00593075	0.0782128	0.00525159	0.00192021	0.0132843	0.00247654	0.0292133	0.00103246	0.00277237	0.00543975	0.0137922	0.00307715	0.00947301	0.0144461	0.51984
55	0.327206	0.0430012	0.00246693	0.00274704	0.00264047	0.245027	0.00684245	0.0239965	0.00249371	0.0614929	0.00359899	0.00810535	0.0103521	0.00204861	0.00332122	0.100573	0.0531646	0.0956103	0.000974576	0.00433727
56	0.0817487	0.00398071	0.0040568	0.0309885	0.00408984	0.00854446	0.0145512	0.0131172	0.0387091	0.0140159	0.04117	0.0143118	0.00754959	0.00506346	0.0382685	0.0776106	0.53764	0.0352989	0.016231	0.0130536
57	0.261505	0.100845	0.00491646	0.0129707	0.00302878	0.0329036	0.00461181	0.0064396	0.00358848	0.0207924	0.00322154	0.00652891	0.00271369	0.0121399	0.00307274	0.297649	0.178882	0.0408114	0.00111701	0.00226229
58	0.0438519	0.00260577	0.154832	0.199944	0.00776125	0.0310062	0.0733283	0.00362209	0.099677	0.0172631	0.0130874	0.0889499	0.00758258	0.0726302	0.0385358	0.0799252	0.028505	0.025809	0.000368632	0.0107142
59	0.215913	0.0720167	0.00469466	0.00958909	0.002804	0.0318666	0.00522106	0.00701611	0.00358711	0.0227672	0.00454048	0.00529812	0.00339942	0.00728334	0.00388869	0.310451	0.25553	0.0303769	0.00103083	0.00272537
60	0.149319	0.00873536	0.0507598	0.0556226	0.00439661	0.100251	0.00760801	0.0307835	0.049462	0.0125767	0.00975012	0.139566	0.00983601	0.0157082	0.0553914	0.155464	0.121266	0.0152853	0.00211524	0.0061033
61	0.00750253	0.0132269	0.00251233	0.00320255	0.193891	0.0217206	0.00794559	0.00525494	0.00294938	0.0734698	0.00265325	0.00638228	0.00174692	0.00261258	0.0104266	0.0229477	0.00542832	0.025196	0.516823	0.0741079
62	0.0487245	0.0062754	0.00304958	0.00432429	0.0697831	0.0215416	0.00403765	0.521561	0.00417538	0.0692684	0.11302	0.00595122	0.0055778	0.00361583	0.00448698	0.0445849	0.00883376	0.0536143	0.00175811	0.00581633
63	0.0821336	0.00441288	0.00407032	0.00371609	0.0031351	0.775913	0.00311182	0.00429502	0.00558671	0.0177567	0.00282382	0.0156596	0.00293774	0.00237513	0.00221782	0.0460286	0.00741272	0.00794528	0.00132388	0.00714477
64	0.0155466	0.0113477	0.00666388	0.00181841	0.269783	0.00620807	0.068846	0.00343627	0.0016084	0.00547463	0.001666	0.0312471	0.00100817	0.00154821	0.00570285	0.0145194	0.00282162	0.00887831	0.0156901	0.526185
65	0.0299881	0.00294337	0.000327546	0.00130211	0.00896359	0.00200734	0.00208395	0.229524	0.00160972	0.0573085	0.0150177	0.000641221	0.00119917	0.000415354	0.000485793	0.00245084	0.0243417	0.618723	0.000190627	0.000476643
66	0.460731	0.0152995	0.00453088	0.00495478	0.00233967	0.14476	0.00349879	0.0112307	0.00377686	0.0167331	0.00312999	0.0156172	0.00275861	0.00322356	0.00434757	0.212415	0.0654256	0.0210208	0.000953269	0.0032535
67	0.0330609	0.00305107	0.000371254	0.00179348	0.00938417	0.00214194	0.00221972	0.229365	0.00207427	0.0588641	0.0164664	0.000774535	0.0016333	0.000737659	0.000660655	0.00297586	0.0252593	0.60817	0.000319824	0.000676761
68	0.239724	0.0800829	0.00416817	0.00914518	0.00273067	0.0288085	0.00439227	0.00459199	0.00303486	0.0181512	0.00334604	0.00632557	0.00253864	0.00769854	0.00338241	0.323713	0.230974	0.0241298	0.00110188	0.00196027
69	0.0427282	0.0128745	0.200111	0.0306643	0.00396889	0.0475348	0.00993925	0.0171835	0.0128785	0.0157478	0.00888759	0.283256	0.00369344	0.010135	0.0191822	0.108992	0.140301	0.025737	0.00226805	0.00391708
70	0.0446346	0.0220775	0.30169	0.0861884	0.00425111	0.0281384	0.0243102	0.0175938	0.0318316	0.0142269	0.0069098	0.250408	0.00490687	0.0186854	0.0142278	0.0582596	0.0408366	0.0226253	0.00179357	0.00640404
71	0.109323	0.0146329	0.0191884	0.15659	0.00242549	0.0212917	0.0178133	0.0221648	0.0967254	0.0676789	0.0344604	0.0184599	0.0305361	0.0614463	0.0713255	0.0553006	0.0522738	0.141025	0.00133942	0.005999
72	0.0962401	0.00643312	0.00709402	0.0212545	0.0185692	0.0153342	0.0263949	0.174938	0.0201099	0.212118	0.0391349	0.0139723	0.0251582	0.0189403	0.0255448	0.0554968	0.0520978	0.145346	0.00538184	0.0204405
73	0.0556906	0.00456594	0.00617269	0.00347526	0.00358608	0.811315	0.00240456	0.00348192	0.00579419	0.0152784	0.00224861	0.0195347	0.00151741	0.00166295	0.00223626	0.03976	0.00626459	0.00647937	0.00182586	0.00670583
74	0.0167546	0.0189657	0.00288159	0.029625	0.00649312	0.0130636	0.0464575	0.00575031	0.0435448	0.010747	0.00435427	0.0137075	0.0109417	0.0718375	0.651428	0.0177329	0.00693003	0.0060397	0.00106571	0.0216792
75	0.0171584	0.0199042	0.00661104	0.0290939	0.00814367	0.0142921	0.0491981	0.00792606	0.0538605	0.0150704	0.00574342	0.0179203	0.0106212	0.0633008	0.615255	0.0217493	0.0138335	0.00926397	0.0025566	0.0184974
76	0.0442775	0.00301846	0.199782	0.289617	0.00333403	0.0314558	0.0294777	0.00806605	0.0817525	0.0198194	0.00805172	0.049086	0.023239	0.0670183	0.0146886	0.0504976	0.034014	0.0342419	0.000911037	0.00765146
77	0.0291509	0.00287196	0.000513454	0.00142793	0.00861517	0.00316223	0.0024992	0.276853	0.00166641	0.0539002	0.0140936	0.000950286	0.00180378	0.000708562	0.000800548	0.0030356	0.0233872	0.573514	0.000351582	0.000694775
78	0.0959806	0.00489592	0.00538584	0.00630173	0.016937	0.00982335	0.0102406	0.0960527	0.00697433	0.339386	0.0183274	0.00791028	0.0123391	0.00840406	0.0101714	0.0600182	0.0503195	0.209148	0.00248016	0.0289045
79	0.0297026	0.00295252	0.00032344	0.00130504	0.0100327	0.00201715	0.00223431	0.232157	0.00157248	0.0595161	0.0149823	0.000664612	0.00117104	0.000373425	0.000499477	0.00242031	0.0241453	0.613184	0.000199218	0.000547239
80	0.382642	0.0609115	0.00167434	0.00253204	0.00177011	0.0327157	0.00375956	0.0445416	0.00182849	0.0223332	0.0054288	0.00950491	0.00785406	0.00201224	0.00179249	0.0849628	0.0715125	0.259783	0.000880957	0.00155956
81	0.00696713	0.0134753	0.00206713	0.00331412	0.186821	0.0241194	0.00317367	0.00562048	0.00303777	0.079915	0.00302296	0.00400003	0.00193403	0.00274964	0.0106907	0.0245859	0.00587092	0.027121	0.552679	0.0388342
82	0.0174027	0.0182375	0.00623793	0.0283834	0.00844912	0.0144047	0.0661076	0.00637986	0.0530451	0.0117486	0.0042141	0.0172876	0.00997044	0.0589312	0.613975	0.023396	0.0147743	0.00758781	0.00246676	0.0169998
83	0.108179	0.00680483	0.00404232	0.00463963	0.00282974	0.720803	0.00314886	0.00485437	0.00593176	0.0174493	0.00284996	0.0155236	0.00272438	0.00231414	0.00365913	0.0663606	0.0118288	0.00803235	0.0011844	0.0068405
84	0.0627039	0.0113949	0.00783959	0.0130328	0.00634722	0.0443321	0.0116004	0.02025	0.0117898	0.0215474	0.0329057	0.0160621	0.0119432	0.00472565	0.0155785	0.22996	0.440038	0.0262894	0.00343185	0.00822707
85	0.0760803	0.00562599	0.0050104	0.0457298	0.0161415	0.0154993	0.0143785	0.228015	0.0414433	0.106175	0.0710898	0.011568	0.0237933	0.0387745	0.0103812	0.0435077	0.0402548	0.18991	0.00432993	0.0122922
86	0.108568	0.00387678	0.0161276	0.0178855	0.0246001	0.0303266	0.00981198	0.108792	0.0251438	0.175771	0.0834382	0.0130259	0.0406076	0.0133225	0.0299328	0.0817625	0.0449752	0.131515	0.00307845	0.0374387
87	0.0475894	0.00489017	0.210257	0.262953	0.00388699	0.0269515	0.0289568	0.00849883	0.0835836	0.020513	0.00891054	0.0699093	0.0115639	0.061044	0.0173575	0.0508101	0.0441213	0.0278101	0.00099729	0.00939651
88	0.010018	0.0189392	0.0072883	0.00536986	0.166151	0.0401644	0.00549001	0.00753788	0.00412124	0.0664412	0.00375658	0.0123681	0.00392252	0.00309166	0.0101008	0.0480352	0.0086988	0.0365059	0.509562	0.0324378
89	0.112774	0.00323425	0.0120835	0.0289869	0.0272428	0.016446	0.0115564	0.191215	0.019712	0.145688	0.0499094	0.0242756	0.0243179	0.0196202	0.0100136	0.0475742	0.0310384	0.187323	0.00950227	0.0274869
90	0.0575664	0.0043986	0.182476	0.220828	0.00890586	0.0193047	0.0216462	0.0119778	0.116851	0.0200312	0.0141753	0.0737591	0.00816883	0.0516474	0.0155728	0.0841973	0.0339447	0.0407786	0.000711107	0.0130596
91	0.0181346	0.00926438	0.397991	0.0196216	0.00347401	0.0144035	0.0326381	0.044493	0.0181085	0.00913738	0.00362522	0.329805	0.00215084	0.00406898	0.00911055	0.0273653	0.0190635	0.0333094	0.00143201	0.0028025
92	0.0141028	0.0267899	0.00208983	0.028213	0.00834839	0.0033108	0.00276957	0.0508184	0.183613	0.159044	0.0522963	0.0279227	0.00217457	0.0920105	0.216326	0.0326608	0.0202786	0.0340071	0.00146417	0.0417597
93	0.0319303	0.00293903	0.000328317	0.00129911	0.00901062	0.00198623	0.00204986	0.228996	0.00168327	0.0574782	0.0158518	0.000669547	0.00149421	0.000403535	0.000484781	0.00258088	0.0246164	0.61553	0.000181847	0.000486596
94	0.0995484	0.00696717	0.096713	0.181895	0.0072363	0.0395667	0.0582063	0.0122223	0.0680043	0.029005	0.0306443	0.0428526	0.0116585	0.0691635	0.029548	0.0944657	0.0465335	0.0626459	0.0014833	0.01164
95	0.0373069	0.00329711	0.0798889	0.0604932	0.0172281	0.0364366	0.131242	0.00759862	0.113704	0.0356524	0.0176927	0.134041	0.00224591	0.0506076	0.0888379	0.12053	0.0303188	0.0148885	0.00439755	0.0135924
96	0.0508964	0.0665665	0.0114257	0.0142249	0.0172127	0.116513	0.1083	0.0324743	0.0409579	0.08301	0.0265297	0.0427919	0.0254357	0.041593	0.170915	0.0467214	0.033606	0.0283356	0.00832541	0.0341645
97	0.00720538	0.0132616	0.0023273	0.00330879	0.191998	0.0228606	0.00414199	0.00570265	0.0029783	0.0787978	0.00296982	0.00453463	0.00190349	0.002689	0.0107019	0.023582	0.00570953	0.0271254	0.542014	0.0461883
98	0.0724883	0.0112164	0.00352884	0.0129073	0.123284	0.00718289	0.107108	0.0225494	0.0287548	0.259909	0.0115707	0.0144208	0.00328605	0.0119546	0.0108554	0.0394573	0.0118954	0.0482556	0.0300645	0.169311
99	0.115903	0.0169324	0.0621336	0.0432984	0.0242695	0.0276311	0.0433049	0.0083773	0.0187834	0.0558354	0.0134407	0.0733505	0.00384603	0.00670262	0.0045179	0.302985	0.122006	0.0226628	0.0014884	0.0325318
100	0.00592223	0.00573028	0.000971644	0.0025961	0.00428908	0.00414656	0.00137234	0.119498	0.00425113	0.421506	0.166317	0.00151366	0.0115814	0.00843059	0.00817018	0.00301174	0.0151847	0.209123	0.000521488	0.00586181
101	0.0157858	0.0127042	0.00612355	0.00317545	0.255744	0.00607025	0.073227	0.00708769	0.00181084	0.0181511	0.0026554	0.0290848	0.00104901	0.00227684	0.0053696	0.0139773	0.00323941	0.0110279	0.0175017	0.513938
102	0.06613	0.00436686	0.00407966	0.0155255	0.00547901	0.00922293	0.00848236	0.0331614	0.0185161	0.0307607	0.0302437	0.0333603	0.00814932	0.00489111	0.0401061	0.0708909	0.548523	0.0549544	0.00522591	0.00793017
103	0.166074	0.0272632	0.0347386	0.0441187	0.0130829	0.0658416	0.0452614	0.0094063	0.0240898	0.032763	0.0100757	0.033172	0.00227529	0.00988535	0.00928797	0.282151	0.147813	0.0164449	0.00082383	0.0254312
104	0.0839122	0.382947	0.0047994	0.00437358	0.00839085	0.0273164	0.00461861	0.00701764	0.00438156	0.0116752	0.00429741	0.0536981	0.0306521	0.00336878	0.0044757	0.328097	0.0185888	0.010451	0.00222351	0.00471463
105	0.324486	0.0754719	0.00149555	0.00190485	0.00214337	0.0811952	0.00640712	0.0415577	0.00164828	0.0591007	0.00571449	0.00464592	0.0141863	0.00159538	0.00209662	0.0569741	0.061218	0.255615	0.000772246	0.00177118
106	0.0145353	0.0214927	0.00378917	0.0272119	0.00700329	0.0124008	0.0465985	0.00613839	0.0535433	0.0132112	0.00483206	0.0138701	0.00953666	0.066814	0.63973	0.0227168	0.00934143	0.00703221	0.00162111	0.0185808
107	0.0529111	0.00356196	0.218162	0.259574	0.00249381	0.0260786	0.0297436	0.00337067	0.0913945	0.0152195	0.00960384	0.0761353	0.00997258	0.0576839	0.0193801	0.051316	0.0400074	0.021452	0.000263379	0.0116763
108	0.0411711	0.0200488	0.00720955	0.0141035	0.0350398	0.0178941	0.166536	0.0338255	0.0155592	0.0946896	0.0151787	0.0460588	0.00698875	0.224005	0.018182	0.0568722	0.0144868	0.0215424	0.00604732	0.144561
109	0.0413053	0.00298583	0.000442728	0.00211096	0.0107642	0.00200137	0.00191245	0.218685	0.00255268	0.0642241	0.0160955	0.000727145	0.0012444	0.000475433	0.000505021	0.00320988	0.0253903	0.604478	0.000271485	0.000618665
110	0.0493174	0.00409017	0.00492022	0.0130782	0.0757801	0.00849223	0.00777516	0.17097	0.0121253	0.238522	0.0705869	0.00868557	0.010928	0.062109	0.0197787	0.0482916	0.0220499	0.143764	0.00436833	0.024367
111	0.192464	0.0047538	0.0173968	0.0637861	0.00250719	0.134289	0.00466359	0.021197	0.0856679	0.00653516	0.00630646	0.0502335	0.00962292	0.0235628	0.0683323	0.191183	0.106474	0.00726995	0.00118602	0.00256789
112	0.128146	0.00857245	0.0742194	0.168992	0.00978963	0.0275109	0.0466779	0.0108989	0.0704489	0.0305509	0.028479	0.057145	0.00806885	0.0367102	0.0219128	0.0968912	0.0965234	0.0411434	0.00418171	0.033137
113	0.0298203	0.00293828	0.000325945	0.0012537	0.00889369	0.00199051	0.00209667	0.229373	0.00155035	0.0573418	0.0149113	0.000632007	0.00121582	0.00040755	0.000506747	0.0023892	0.0242985	0.619386	0.000196998	0.000471709
114	0.0412032	0.00635551	0.0248993	0.0679364	0.00203734	0.0338593	0.0151228	0.00935535	0.314793	0.0184783	0.0140188	0.0455502	0.0158572	0.0467937	0.247788	0.0455787	0.0294186	0.0139813	0.0036376	0.00333636
115	0.0409347	0.00636049	0.0251404	0.0679614	0.00201802	0.0336974	0.0151694	0.00938765	0.314012	0.0183242	0.0139416	0.0458966	0.0158143	0.0465846	0.249704	0.0454204	0.0291751	0.0135405	0.00363748	0.00327971
116	0.0227543	0.00484461	0.00266766	0.00872372	0.0232547	0.00560119	0.00623432	0.139927	0.00721228	0.410134	0.0903813	0.00561488	0.0102651	0.0243492	0.00887449	0.0166315	0.0229901	0.17696	0.00307089	0.00950878
117	0.0129563	0.0101844	0.00164864	0.00205455	0.00280731	0.0026665	0.00234195	0.115687	0.0099471	0.23015	0.19134	0.00279825	0.0147682	0.0189544	0.0187945	0.00473945	0.0230339	0.328741	0.00115372	0.00523222
118	0.0520488	0.00371463	0.225435	0.254465	0.00236651	0.0270753	0.0283347	0.00325102	0.0914692	0.0147281	0.00895751	0.079329	0.0100618	0.0565872	0.0198728	0.0502415	0.0398194	0.0208147	0.00025981	0.0111676
119	0.0129534	0.010222	0.00164843	0.00205474	0.00280827	0.0026612	0.00234949	0.115766	0.00994615	0.230081	0.191309	0.00279134	0.014798	0.0189458	0.0188134	0.00473657	0.0230501	0.328677	0.0011538	0.00523499
120	0.161915	0.0188955	0.0124912	0.0306424	0.00402727	0.118945	0.00789687	0.0182011	0.0385501	0.0124439	0.0101959	0.0366823	0.0191895	0.0128354	0.0520146	0.263924	0.158474	0.0162208	0.00175262	0.00470297
121	0.0283993	0.00325893	0.000465739	0.00171307	0.0110586	0.00265179	0.00251753	0.276357	0.00186161	0.0603204	0.0150284	0.00100885	0.0019109	0.00133216	0.000961615	0.00335998	0.0226339	0.563645	0.000429021	0.00108664
122	0.0351623	0.00652659	0.0032398	0.00697961	0.00419232	0.0120832	0.00653556	0.0333439	0.00812162	0.0240767	0.0142425	0.0109528	0.00928324	0.00285468	0.0116819	0.180071	0.582939	0.0397144	0.00318303	0.00481578
123	0.0111019	0.0119377	0.000914984	0.00134104	0.132037	0.0022659	0.00138056	0.409157	0.00112693	0.188607	0.0269216	0.00149759	0.00090061	0.00109404	0.00123765	0.00710087	0.00717718	0.183027	0.00197234	0.00920135
124	0.308521	0.0766567	0.00110026	0.00167847	0.00134568	0.0507893	0.00456569	0.0585866	0.00152206	0.0289777	0.00374739	0.00512218	0.0124663	0.00135779	0.00132392	0.0686643	0.0991811	0.272444	0.000694515	0.00125523
125	0.0573669	0.00440878	0.00605908	0.00376288	0.00435393	0.798837	0.00274079	0.0051705	0.00678172	0.0163099	0.00286958	0.0192483	0.00188343	0.00245407	0.00274818	0.0410846	0.00745398	0.00691108	0.00249044	0.00706517
126	0.0226054	0.0266181	0.00493773	0.0109974	0.139881	0.00922131	0.181723	0.0226723	0.006126	0.0623208	0.0204587	0.0243914	0.00366785	0.0137169	0.0080072	0.0168103	0.00806872	0.0152318	0.00858252	0.393961
127	0.131493	0.0276224	0.0156056	0.0226398	0.0141583	0.125393	0.0193676	0.0814112	0.0224864	0.0389725	0.0192354	0.0349482	0.0172563	0.0135326	0.0273658	0.25265	0.07264	0.0429465	0.00560973	0.0146658
128	0.00204954	0.00358584	0.000649858	0.00377544	0.0100249	0.00522503	0.00137419	0.10002	0.00115207	0.628555	0.117861	0.00112256	0.00424709	0.00221435	0.0014177	0.00260026	0.0114515	0.0996814	0.00067125	0.0023208
129	0.0568103	0.00407229	0.00556145	0.00253443	0.00329036	0.817184	0.00225856	0.00335795	0.00540277	0.0157833	0.00231121	0.0186771	0.00124465	0.00159321	0.00201874	0.0385196	0.00573709	0.00540524	0.00150464	0.00673286
130	0.373931	0.00451086	0.00210368	0.00239504	0.00203526	0.372145	0.00185637	0.00741727	0.00212556	0.0182012	0.00223904	0.0124276	0.00124153	0.00173088	0.00243877	0.145251	0.0337875	0.00903316	0.000904081	0.00422491
131	0.397334	0.0284024	0.00426158	0.00553083	0.00190616	0.0983183	0.00345424	0.00798214	0.00247536	0.0150436	0.00262869	0.012133	0.00145282	0.00381027	0.00275964	0.274745	0.116612	0.0183758	0.000764484	0.00200921
132	0.00168381	0.00356791	0.000592585	0.0037665	0.00842965	0.00526727	0.00104424	0.10025	0.000917368	0.634023	0.11615	0.00103343	0.00427335	0.00144089	0.00102229	0.00217915	0.0113947	0.100237	0.000555296	0.00217134
133	0.526098	0.00440546	0.00317717	0.00244009	0.00174941	0.140831	0.0021262	0.0103217	0.00207687	0.0150423	0.00217996	0.0157705	0.0012653	0.00189324	0.00202884	0.198296	0.0570217	0.010496	0.000873212	0.00190608
134	0.0281953	0.00461043	0.00304272	0.0128265	0.00824552	0.00615785	0.0136879	0.307654	0.0092733	0.112077	0.0469167	0.0105809	0.0287598	0.0102436	0.00672968	0.012947	0.135007	0.227458	0.00533059	0.0102569
135	0.00266934	0.00375309	0.000647544	0.00361853	0.0125776	0.00511783	0.00133696	0.118269	0.00103061	0.595101	0.111843	0.00118063	0.00456769	0.00216828	0.00146515	0.0027927	0.0119547	0.116266	0.00083055	0.00281012
136	0.162129	0.156124	0.010742	0.00777323	0.0226941	0.0140031	0.00758925	0.00791741	0.00517834	0.0345507	0.00605095	0.106471	0.0236762	0.00440331	0.00497378	0.313062	0.0911411	0.0121631	0.002127	0.00723082
137	0.247971	0.0327474	0.0481571	0.029573	0.0117463	0.0531534	0.0223002	0.0107748	0.0152984	0.0326203	0.0101685	0.0436381	0.00581632	0.0101648	0.00850726	0.277319	0.0989171	0.0245923	0.00238416	0.0141502
138	0.126365	0.0280864	0.00475435	0.00868471	0.0775301	0.0288775	0.0079159	0.213745	0.00733179	0.0697174	0.0355631	0.00947144	0.0066195	0.00662154	0.0285611	0.0169773	0.136448	0.10327	0.00303867	0.0804223
139	0.0456934	0.0051487	0.276617	0.225933	0.0031279	0.0263715	0.0291908	0.00798832	0.0738345	0.0157565	0.00817107	0.0908282	0.00980004	0.0499405	0.016947	0.0471054	0.0350014	0.0223136	0.00089332	0.00933818
140	0.0192017	0.00921042	0.00122244	0.00288603	0.106822	0.00378283	0.00224353	0.387991	0.00210407	0.205867	0.0381224	0.00208821	0.00224011	0.00548744	0.00221084	0.0147461	0.0120878	0.167671	0.00211009	0.0119046
141	0.428048	0.0429446	0.00211778	0.00267818	0.00215088	0.0239105	0.00412103	0.0348598	0.00244577	0.0285528	0.00626274	0.00613384	0.00701497	0.00201167	0.00293608	0.0500012	0.060024	0.290904	0.00103604	0.00184647
142	0.175833	0.00702984	0.0139593	0.107056	0.0444037	0.0309123	0.0396394	0.0241145	0.0127203	0.0240351	0.0090189	0.0768345	0.00295034	0.00928321	0.0240887	0.196372	0.0531639	0.0735719	0.00632283	0.0686902
143	0.0696831	0.00431383	0.0681596	0.069907	0.00930954	0.0509265	0.0573855	0.0115429	0.125521	0.0309305	0.0180705	0.13397	0.00405991	0.0400016	0.0677504	0.148039	0.062865	0.0145513	0.00323188	0.00977993
144	0.0300098	0.00293984	0.000322468	0.00123936	0.00896181	0.00199018	0.00204678	0.229363	0.00156928	0.057159	0.0149521	0.000613527	0.00115765	0.000366078	0.000474171	0.00240567	0.024315	0.619465	0.000184994	0.000463969
145	0.23983	0.0747583	0.00417732	0.00906655	0.00263607	0.0285427	0.00492991	0.00452606	0.00368982	0.0172967	0.0038263	0.00580991	0.00255335	0.00725205	0.00364938	0.312747	0.247978	0.0232823	0.00125484	0.00219385
146	0.349996	0.0692751	0.00101156	0.00157613	0.00128542	0.0503352	0.00424737	0.0478456	0.00133409	0.0307755	0.00432588	0.00526338	0.0112505	0.00135653	0.00138722	0.0671176	0.0759414	0.273926	0.000665082	0.00108394
147	0.0110486	0.0122288	0.000981294	0.00151378	0.144811	0.00239445	0.00137554	0.405617	0.00124096	0.180962	0.0288527	0.00157077	0.00101294	0.00120339	0.00124494	0.00742528	0.00725789	0.177216	0.00203522	0.0100077
148	0.233581	0.0254657	0.00315792	0.0051527	0.00484899	0.0309132	0.0229466	0.0427361	0.00449763	0.144041	0.00629252	0.00687949	0.0627995	0.00439579	0.00514446	0.0553313	0.113933	0.219993	0.00177725	0.00611313
149	0.0338631	0.0238838	0.00300994	0.0149936	0.140769	0.00658754	0.10431	0.0534676	0.00843902	0.16592	0.0117973	0.0138515	0.00294823	0.0131297	0.00513174	0.0156356	0.0109923	0.0398003	0.0118394	0.31963
150	0.102613	0.00346348	0.00179085	0.00203851	0.00209466	0.772042	0.00206858	0.00354567	0.00478267	0.0187389	0.0022458	0.0116308	0.00120725	0.00170828	0.00193108	0.0476675	0.00575983	0.00619202	0.000864549	0.00761448
151	0.125215	0.3176	0.00365963	0.00489446	0.00594216	0.0477089	0.00348198	0.0057473	0.00371273	0.0114624	0.00398651	0.0284459	0.0193288	0.00427988	0.0035696	0.370082	0.0255962	0.0101794	0.00154506	0.00356246
152	0.0854576	0.02535	0.0266169	0.0449053	0.0195658	0.0486209	0.0248884	0.0575443	0.0258198	0.055539	0.0240008	0.0306738	0.224419	0.0201209	0.0278036	0.0749187	0.0674395	0.0862601	0.00948168	0.0205738
153	0.0180279	0.017572	0.00349841	0.0304956	0.00623735	0.0146794	0.0499302	0.0046172	0.047669	0.00562551	0.00333877	0.0146743	0.0116437	0.0695399	0.651287	0.0178901	0.0069712	0.00493434	0.00098292	0.0203856
154	0.0303955	0.00296894	0.000378449	0.00140298	0.00898538	0.00198956	0.00220386	0.230104	0.00164443	0.0592557	0.0153967	0.000826972	0.00130489	0.000450467	0.00055813	0.00249954	0.0255235	0.613347	0.00020307	0.000560471
155	0.057037	0.00390153	0.00565015	0.00339007	0.00317596	0.812193	0.00299281	0.00346162	0.00569907	0.0158228	0.00240124	0.019198	0.00121126	0.00206927	0.002047	0.0393837	0.00578647	0.00614883	0.00152526	0.00690497
156	0.0235269	0.0198299	0.266025	0.0303719	0.00322872	0.0364307	0.0243787	0.0221347	0.0113958	0.0114124	0.00631726	0.405878	0.00199411	0.00783314	0.00974831	0.0575361	0.0379598	0.0197229	0.00121589	0.00305947
157	0.0301452	0.00790831	0.000633923	0.0020117	0.0512321	0.00256515	0.00210503	0.286725	0.00191594	0.143202	0.0191723	0.00126277	0.00153256	0.00120544	0.00122539	0.00638607	0.0191562	0.416492	0.000870602	0.00425242
158	0.0246349	0.00899268	0.0187527	0.025869	0.0144851	0.0140146	0.151412	0.0177273	0.203159	0.0434614	0.0159503	0.0598908	0.00366454	0.0244596	0.22503	0.063903	0.0560039	0.0148844	0.010327	0.00337774
159	0.0448057	0.00299401	0.00052811	0.00227454	0.0108329	0.00215919	0.001952	0.220074	0.00278936	0.0670085	0.0170784	0.000906421	0.00177208	0.000543281	0.000539286	0.00385856	0.0269216	0.59179	0.000324908	0.000847433
160	0.00175879	0.00353437	0.000602444	0.00372558	0.00864103	0.0052571	0.00108377	0.102099	0.000933606	0.63205	0.115489	0.00108123	0.00424882	0.00163133	0.00114974	0.0023259	0.0115177	0.100132	0.000566205	0.0021717
161	0.0268604	0.0116889	0.0176794	0.0255004	0.0158071	0.0147412	0.138125	0.0202455	0.15687	0.038776	0.0133996	0.0434146	0.00483546	0.0278988	0.291918	0.0503613	0.0651638	0.0201511	0.0097333	0.00682997
162	0.0299014	0.00294312	0.000318369	0.00123081	0.00892973	0.00198978	0.00205347	0.22946	0.00155326	0.0571174	0.0149347	0.000612314	0.00115736	0.000366785	0.000475186	0.00239005	0.0243186	0.619619	0.000179478	0.000449029
163	0.074651	0.00619033	0.0259551	0.0308884	0.0257661	0.025166	0.0752154	0.0687572	0.107432	0.0155553	0.00748358	0.0119463	0.00343107	0.0275446	0.17357	0.0157051	0.176529	0.120363	0.00308408	0.00476564
164	0.0381804	0.0149916	0.0888858	0.0304205	0.0126564	0.0246475	0.0141429	0.12761	0.0178274	0.0304579	0.0125634	0.327186	0.00798299	0.0106206	0.0131527	0.083942	0.0350769	0.093571	0.00521925	0.0108648
165	0.0988507	0.0136151	0.0288334	0.160309	0.00341766	0.0165632	0.0160065	0.0230549	0.112887	0.0581016	0.0327746	0.0202689	0.0270253	0.0640044	0.0598126	0.0587402	0.0602525	0.136658	0.00103224	0.00779269
166	0.0417158	0.0339786	0.00567364	0.00891478	0.0212109	0.0679067	0.0915541	0.0563799	0.0693593	0.114366	0.0352083	0.0733686	0.0476697	0.0530731	0.105599	0.0569304	0.0437821	0.0245224	0.0159035	0.0328829
167	0.0356756	0.00882537	0.404652	0.0813516	0.00523571	0.0218281	0.040232	0.0157765	0.0359272	0.0158187	0.00645013	0.16921	0.00600234	0.0222776	0.0156026	0.047442	0.032909	0.0258207	0.00192249	0.00703971
168	0.04615	0.00301074	0.00367901	0.0257548	0.00965623	0.00740049	0.0245013	0.275427	0.0201895	0.143084	0.0460537	0.0162726	0.034622	0.0232936	0.00977149	0.0224503	0.0341739	0.22494	0.0120751	0.0174943
169	0.0302979	0.0031899	0.000332615	0.00125728	0.013466	0.00194925	0.00195459	0.239378	0.00156504	0.0626556	0.015394	0.000628559	0.00113572	0.000382595	0.000491164	0.00268078	0.0234162	0.598816	0.000223426	0.000785046
170	0.0569467	0.00577488	0.00441265	0.0124029	0.00493112	0.0102997	0.00992349	0.0200237	0.0155477	0.0170811	0.0178645	0.0124713	0.0509732	0.0034804	0.018153	0.104942	0.589526	0.0314434	0.00601455	0.00778846
171	0.0265198	0.00638679	0.0132905	0.022399	0.0189122	0.012761	0.100417	0.0420395	0.210572	0.0923548	0.0335737	0.0773347	0.00467259	0.0212167	0.141556	0.0617831	0.0726071	0.0211811	0.0155673	0.00485463
172	0.114511	0.0208804	0.0567813	0.143017	0.0201208	0.0071808	0.00986031	0.07304	0.0954955	0.0179141	0.00845423	0.0107109	0.00663853	0.0799579	0.0191151	0.0202847	0.104987	0.183492	0.0020241	0.00553444
173	0.0806346	0.00959584	0.049365	0.242415	0.00373162	0.014945	0.0168576	0.0164148	0.103328	0.0530017	0.0251532	0.0324468	0.0224378	0.0692009	0.0438248	0.0476079	0.0546521	0.106512	0.000975537	0.00689944
174	0.0161632	0.00799356	0.00218751	0.00332557	0.13525	0.00536556	0.00869166	0.22331	0.00485797	0.368278	0.0343206	0.00415222	0.00293283	0.00995463	0.00636167	0.0152028	0.0103316	0.0973457	0.0218197	0.0221552
175	0.109851	0.0132729	0.0190117	0.15863	0.00233102	0.0221735	0.0177413	0.0233621	0.0976032	0.0649479	0.0347883	0.0185136	0.0331688	0.0620153	0.072129	0.0549921	0.0518916	0.136998	0.00103679	0.00554196
176	0.0276103	0.00543108	0.00051524	0.00148914	0.0364184	0.0021939	0.00181744	0.274297	0.0016898	0.0977415	0.0175026	0.000804737	0.00117638	0.000485796	0.000656108	0.00347636	0.0200218	0.503663	0.000423122	0.00258575
177	0.0259129	0.00885758	0.456768	0.0170216	0.00287593	0.017672	0.0363773	0.0152085	0.0097115	0.0102161	0.00403922	0.2684	0.00198625	0.0042302	0.0144123	0.0411712	0.0349377	0.0265582	0.00137173	0.00227184
178	0.0311932	0.0128742	0.0510242	0.0152263	0.0423374	0.0211999	0.0742304	0.0176795	0.0100519	0.0242212	0.010211	0.0621308	0.0708666	0.00692297	0.00966693	0.241439	0.191736	0.060086	0.037123	0.0097798
179	0.0359882	0.0059226	0.0330562	0.0474392	0.0150457	0.0269853	0.0979202	0.0166753	0.214745	0.0465303	0.0200463	0.0726139	0.00628982	0.0331348	0.178423	0.0725863	0.0423218	0.0209057	0.00835388	0.00501567
180	0.131438	0.0230338	0.0228696	0.028278	0.021182	0.0322774	0.0249552	0.049892	0.0231627	0.127571	0.0622723	0.0309507	0.015535	0.0167178	0.0233185	0.193446	0.0721092	0.0693253	0.00525476	0.0264112
181	0.0519375	0.00361787	0.177649	0.234827	0.003086	0.0267143	0.0297573	0.00438789	0.0855867	0.0136593	0.0121212	0.0630722	0.0793902	0.0604616	0.0172228	0.0544649	0.0492938	0.0233097	0.000548938	0.00889218
182	0.0151849	0.0115471	0.00669616	0.00181462	0.268311	0.00612611	0.0698944	0.00314293	0.00147924	0.00498239	0.00163191	0.031601	0.000983425	0.00157857	0.00576809	0.0145077	0.00277195	0.0086872	0.0156605	0.527631
183	0.0024809	0.00374371	0.000696699	0.00323563	0.00774231	0.00482431	0.00106027	0.100683	0.00163062	0.588725	0.126	0.00116213	0.00648684	0.00299211	0.00239244	0.00218678	0.0122072	0.128388	0.000531997	0.00282904
184	0.0347017	0.0071509	0.0240837	0.0586246	0.00159585	0.0252655	0.0115776	0.0087821	0.388869	0.0156408	0.0128901	0.0497177	0.0132914	0.0396239	0.224284	0.0393638	0.026263	0.0111616	0.00384601	0.00326747
185	0.0361797	0.0184756	0.0251306	0.0324685	0.0188728	0.0279164	0.156458	0.0211866	0.0930467	0.041409	0.0173581	0.0509114	0.0104461	0.0386069	0.264574	0.0502924	0.0394712	0.024121	0.00855527	0.0245192
186	0.0324181	0.0197662	0.212634	0.0374705	0.00309757	0.03238	0.00726175	0.0259825	0.0152296	0.0206637	0.014668	0.32504	0.00217069	0.0172088	0.0114649	0.128469	0.0696247	0.0188312	0.00134131	0.00427735
187	0.00776553	0.00428559	0.00107394	0.00488634	0.0125702	0.0058613	0.00243173	0.106567	0.00375913	0.570449	0.110014	0.00234816	0.00599455	0.0047828	0.00417497	0.0059371	0.0189603	0.122797	0.00134005	0.0040016
188	0.0394797	0.00312028	0.193826	0.303432	0.00273301	0.0290456	0.0317172	0.00604216	0.085156	0.0194338	0.00803105	0.0501886	0.0128559	0.0843228	0.0145538	0.0492057	0.0323095	0.0265961	0.000490152	0.00746056
189	0.242466	0.0819876	0.00133681	0.00195035	0.0020186	0.130797	0.00901067	0.0501519	0.00200291	0.0774071	0.00352089	0.00348664	0.0225982	0.00165253	0.0021237	0.0619537	0.0691154	0.233911	0.000745193	0.0017646
190	0.0221965	0.0397885	0.00407152	0.0145936	0.0497329	0.00890522	0.283921	0.041316	0.0064545	0.102538	0.0504851	0.0151843	0.00401097	0.0135276	0.00757125	0.0130777	0.0106253	0.0169238	0.00313509	0.291942
191	0.00266562	0.00538019	0.000710051	0.0037764	0.00852872	0.00651081	0.00165022	0.100055	0.00167651	0.60876	0.122415	0.00143184	0.00481796	0.00216399	0.00208466	0.00291437	0.0120423	0.109038	0.00067496	0.00270429
192	0.0428278	0.0105757	0.0534057	0.0401482	0.0136109	0.0242025	0.180407	0.0226712	0.0520618	0.0477701	0.0143714	0.121626	0.00756302	0.158803	0.0467438	0.0786239	0.0251381	0.020139	0.0054044	0.0339071
