361	20
1	0.0366851	0.00714502	0.00277856	0.0156472	0.0149693	0.00374837	0.0040049	0.171714	0.0124998	0.143612	0.0598748	0.00556978	0.00063602	0.00604745	0.0141034	0.027778	0.0435556	0.428135	0.000438281	0.00105725
2	0.112591	0.00328434	0.0518772	0.109059	0.00648565	0.0288407	0.0290326	0.0175942	0.0459204	0.0390731	0.00735491	0.0493265	0.184432	0.0645533	0.0395386	0.0865994	0.0524119	0.0350857	0.020405	0.0165344
3	0.0132474	0.00449567	0.413032	0.0353261	0.0110439	0.0306236	0.0446999	0.0123911	0.00894523	0.014819	0.00205818	0.279106	0.00606401	0.0102934	0.0147325	0.0737331	0.0165712	0.00358337	0.000531098	0.00470317
4	0.0706044	0.0223409	0.00532753	0.0179861	0.0512831	0.0194481	0.0118755	0.0643281	0.00667349	0.357551	0.172067	0.0084974	0.0095295	0.024154	0.00939424	0.0700481	0.0260531	0.0446743	0.00220892	0.00595522
5	0.0377546	0.0214856	0.00138151	0.00214755	0.0283493	0.00180206	0.00191203	0.256508	0.00244028	0.208216	0.0294345	0.00201543	0.00202187	0.00239346	0.00158896	0.0065649	0.0152444	0.372458	0.00113781	0.00514347
6	0.0254529	0.0103701	0.00905068	0.00859364	0.049361	0.0104872	0.00892478	0.0904824	0.00984445	0.516013	0.129847	0.00584633	0.0118895	0.00899672	0.0167394	0.0372734	0.0131657	0.0294765	0.00115102	0.00703499
7	0.0135068	0.00488451	0.00232048	0.00213286	0.0236622	0.00264107	0.00579169	0.193562	0.00212139	0.549437	0.0995729	0.00182756	0.00235069	0.00288322	0.00285466	0.0102164	0.011866	0.0647214	0.000953268	0.00269464
8	0.0481666	0.00242097	0.279294	0.334536	0.00288282	0.0331443	0.0187705	0.00689738	0.0159678	0.0192707	0.001142	0.0640599	0.0134475	0.0448082	0.0181856	0.0415555	0.0261841	0.0167657	0.00237741	0.0101231
9	0.0610971	0.0125124	0.0819207	0.0769763	0.00618223	0.0414568	0.0455883	0.00407883	0.0402262	0.0110073	0.00516204	0.199233	0.0703336	0.0692842	0.0318172	0.145722	0.0799649	0.00515958	0.000562508	0.0117157
10	0.0409117	0.0243905	0.012822	0.0103705	0.00658652	0.0237048	0.00856093	0.00627615	0.0157045	0.0182325	0.0281813	0.0460781	0.00563976	0.00844935	0.0061236	0.217858	0.498027	0.0162808	0.00113699	0.00466441
11	0.00632384	0.0154544	0.00475427	0.0014048	0.204331	0.0231637	0.0695912	0.0216242	0.0063456	0.0342384	0.00118618	0.0164207	0.014884	0.00926701	0.00991701	0.0380088	0.00355617	0.0112144	0.00373272	0.504581
12	0.0179282	0.00584229	0.00123324	0.00353434	0.0186764	0.00142432	0.0018639	0.346846	0.00166638	0.265188	0.0443837	0.00148904	0.00247288	0.00239215	0.00268543	0.005153	0.0180688	0.255745	0.000673546	0.00273311
13	0.0413361	0.0180237	0.0177091	0.0095422	0.00289332	0.688896	0.00656841	0.0117216	0.008915	0.0106871	0.00353726	0.032553	0.00743249	0.00805942	0.0224802	0.0522524	0.0235962	0.0192365	0.00783437	0.00672554
14	0.0770351	0.0138062	0.0662748	0.0928776	0.00667387	0.0256931	0.0431797	0.00987578	0.0362245	0.0184211	0.00552987	0.137322	0.133758	0.0691055	0.0258874	0.133822	0.078138	0.0149691	0.00138413	0.0100223
15	0.0375782	0.00952195	0.00302171	0.0130386	0.0288266	0.00552496	0.00420131	0.177079	0.00782939	0.170492	0.0698213	0.00593216	0.00152835	0.00897508	0.01117	0.0259543	0.0379222	0.378171	0.000766037	0.00264611
16	0.0321464	0.0196694	0.00165913	0.0013752	0.0785558	0.00227106	0.00136041	0.137823	0.00328196	0.495561	0.0450039	0.00264941	0.00114871	0.00171176	0.00144606	0.00643666	0.00818323	0.148131	0.00422111	0.00736555
17	0.0084775	0.00600926	0.000797979	0.00410619	0.0101104	0.00104244	0.00120621	0.554427	0.00109955	0.0767755	0.00452051	0.00429509	0.000891141	0.00193012	0.00106974	0.00289181	0.0132961	0.302703	0.000452301	0.00389865
18	0.444705	0.0257562	0.00348457	0.00739269	0.0124309	0.0439814	0.00648594	0.0244915	0.00517157	0.0174591	0.0149552	0.0145187	0.00543553	0.00801728	0.00529468	0.197025	0.0730537	0.076001	0.00125003	0.0130894
19	0.0273784	0.00530162	0.00342437	0.0140327	0.013403	0.00302705	0.00307951	0.177055	0.00738339	0.134129	0.077647	0.00536163	0.000955894	0.00696931	0.0130197	0.021738	0.0468535	0.437781	0.000426754	0.00103453
20	0.0727378	0.0158567	0.0564573	0.0669459	0.0117195	0.0371684	0.0372503	0.0192445	0.0522074	0.026122	0.00983405	0.151776	0.0993472	0.0736065	0.0424093	0.117216	0.0676301	0.023163	0.00311592	0.016193
21	0.0745683	0.00918752	0.0681664	0.108236	0.0128889	0.0270928	0.0194069	0.0291245	0.133524	0.0414197	0.0144189	0.0493744	0.00661089	0.104687	0.0795556	0.111515	0.0732079	0.0152105	0.00186848	0.0199361
22	0.00625103	0.0135211	0.00456095	0.00188759	0.183112	0.0215125	0.0769693	0.020214	0.00892396	0.0351222	0.00164298	0.0183841	0.0118412	0.0108757	0.00949911	0.037435	0.00409352	0.0106159	0.0047395	0.518799
23	0.0282979	0.0134443	0.00647576	0.0252178	0.00667653	0.0121072	0.0391726	0.00951914	0.210196	0.0233986	0.0228619	0.0244756	0.00277127	0.0925364	0.37095	0.0559958	0.0200725	0.0160299	0.00673791	0.0130623
24	0.0497873	0.00759763	0.0930063	0.0713133	0.00498325	0.0873913	0.0491875	0.00376107	0.0575889	0.0162899	0.00870216	0.200327	0.0146114	0.0595274	0.0534478	0.132326	0.0691606	0.00502601	0.000440369	0.0155253
25	0.0328242	0.0200973	0.00558141	0.014578	0.00624093	0.0214364	0.0288429	0.011213	0.221854	0.0204681	0.0212365	0.0407078	0.0144877	0.0758077	0.330027	0.0652563	0.0287142	0.0205648	0.00744314	0.0126176
26	0.0523595	0.00753017	0.0907712	0.0749805	0.00498536	0.0816161	0.0497494	0.00362158	0.0569661	0.0147902	0.00746118	0.2001	0.0152136	0.0621129	0.0511649	0.136352	0.068951	0.00496152	0.000324039	0.0159889
27	0.037512	0.0113883	0.00712374	0.019515	0.0740738	0.0122995	0.0098277	0.113592	0.0298075	0.341967	0.141066	0.00991561	0.032299	0.0114561	0.0312005	0.0545941	0.0185708	0.0240248	0.00174915	0.0180182
28	0.00693269	0.0160826	0.00548809	0.00157746	0.250772	0.0250981	0.067194	0.0261498	0.00503468	0.0347835	0.00127521	0.0142767	0.021118	0.00908926	0.0124596	0.0374313	0.0035911	0.0138793	0.00283407	0.444932
29	0.0467979	0.00549854	0.212167	0.307486	0.0117285	0.0225619	0.0307248	0.0134878	0.0243342	0.0315942	0.00427859	0.054515	0.00855647	0.0914603	0.0195308	0.0456662	0.0255833	0.0323435	0.00230834	0.00937738
30	0.0503649	0.0194553	0.00649769	0.0449446	0.0123335	0.0272125	0.012055	0.0804849	0.0289612	0.163884	0.0864455	0.0505727	0.0244569	0.0459416	0.0439842	0.0761062	0.0427688	0.175138	0.00471101	0.00368114
31	0.121435	0.00324796	0.050705	0.0922425	0.00599061	0.021257	0.0257247	0.0177518	0.0453719	0.0374102	0.0140057	0.0370895	0.249599	0.0582676	0.0343242	0.0929868	0.0451126	0.0305555	0.00277091	0.0141523
32	0.013938	0.00423764	0.000819668	0.00230495	0.0143164	0.000622707	0.00154255	0.365245	0.000548028	0.280103	0.0304183	0.000656657	0.00292776	0.00190265	0.0010378	0.00167555	0.0153013	0.259158	0.00060799	0.00263528
33	0.00713797	0.0156643	0.00137866	0.0073107	0.619624	0.00179597	0.0068267	0.0159753	0.00170575	0.0385017	0.00683909	0.00643371	0.00560553	0.00188232	0.00292255	0.00558721	0.0105118	0.0079013	0.000898848	0.235496
34	0.666143	0.0138167	0.00262914	0.00134277	0.00528544	0.040115	0.0030265	0.00994503	0.00113811	0.00806252	0.00535202	0.00403309	0.00332475	0.00136087	0.00603138	0.175218	0.0404953	0.010531	0.000364145	0.00178587
35	0.013938	0.00423764	0.000819668	0.00230495	0.0143164	0.000622707	0.00154255	0.365245	0.000548028	0.280103	0.0304183	0.000656657	0.00292776	0.00190265	0.0010378	0.00167555	0.0153013	0.259158	0.00060799	0.00263528
36	0.677411	0.0134134	0.00262005	0.00114422	0.00519584	0.0363299	0.0028674	0.00906008	0.000937641	0.00734069	0.00489351	0.00351223	0.00332777	0.00123939	0.00623742	0.173322	0.0400895	0.0089972	0.000352678	0.00170783
37	0.0513999	0.00297636	0.266396	0.308389	0.00321677	0.0383071	0.0202688	0.00742319	0.0174596	0.0186132	0.00147948	0.0751184	0.0129213	0.0485871	0.0196706	0.0488795	0.0279784	0.0185015	0.00220125	0.0102132
38	0.0785682	0.00804717	0.0640597	0.0981925	0.0148335	0.0210768	0.0209525	0.0189134	0.0831551	0.03233	0.013979	0.0577052	0.00709286	0.0752472	0.0600103	0.167138	0.125925	0.0319798	0.00653898	0.0142548
39	0.33199	0.0270202	0.00257673	0.00973354	0.0152458	0.0497692	0.00784094	0.0316476	0.00686814	0.0214996	0.02045	0.0190585	0.00418764	0.00716709	0.00369288	0.210824	0.106895	0.113888	0.0012618	0.00838399
40	0.00586922	0.0132302	0.00454334	0.0013953	0.183161	0.0216352	0.0765331	0.0200483	0.00758892	0.0347557	0.00127026	0.0178619	0.011765	0.0101042	0.00856039	0.0362779	0.00355839	0.0102446	0.00460684	0.526991
41	0.0253642	0.00963067	0.00541749	0.016918	0.00494611	0.00621715	0.0388767	0.00694062	0.230583	0.014612	0.0141603	0.0149364	0.00301492	0.0911205	0.424822	0.0466322	0.0226051	0.0116267	0.00347483	0.00810097
42	0.168375	0.00908675	0.0182833	0.027579	0.0523378	0.0135874	0.0118671	0.025399	0.0238031	0.0267479	0.0328128	0.0583773	0.00338558	0.0141111	0.00748022	0.266779	0.153694	0.0533246	0.0235016	0.00946726
43	0.0205711	0.00952283	0.00283596	0.00337822	0.0376811	0.00651091	0.00886498	0.123725	0.00243038	0.569506	0.105114	0.00345065	0.00367605	0.00555009	0.00433982	0.0211509	0.0115608	0.055405	0.00148488	0.00324126
44	0.0239892	0.0276644	0.0107083	0.0151935	0.0258275	0.0170826	0.0274209	0.0702427	0.213254	0.127246	0.0413689	0.0246258	0.00303725	0.0573892	0.128659	0.0238482	0.0441309	0.111838	0.00203012	0.00444443
45	0.0340986	0.0100245	0.00847976	0.0527076	0.00790018	0.0165229	0.0345775	0.00987342	0.179242	0.0433142	0.0280942	0.0387124	0.00189098	0.0899199	0.315584	0.0735701	0.0225843	0.0150113	0.00390837	0.0139838
46	0.0113015	0.0041202	0.431721	0.0344125	0.0107735	0.0275698	0.0439334	0.0129724	0.00715802	0.0142778	0.00180156	0.281608	0.00594429	0.00799004	0.0131414	0.0696173	0.0135659	0.00347082	0.000521646	0.00409871
47	0.0628935	0.0166049	0.0233769	0.0181438	0.0568963	0.0141053	0.115947	0.00947373	0.0215708	0.0343899	0.00663933	0.0807172	0.0120134	0.0842809	0.0147767	0.233778	0.103069	0.0188184	0.0260293	0.0464751
48	0.127541	0.146499	0.0105506	0.0481594	0.0867539	0.0311269	0.0168165	0.0311289	0.014993	0.0410583	0.0202637	0.0240117	0.0128478	0.0192258	0.0130037	0.134879	0.083319	0.112904	0.00552938	0.0193887
49	0.0386653	0.0200555	0.0012843	0.00456264	0.00746965	0.00172054	0.00265802	0.287177	0.00401608	0.0872955	0.0208295	0.00345492	0.00179821	0.00364554	0.00380902	0.0120865	0.0250349	0.470436	0.000487728	0.00351304
50	0.0189711	0.00503503	0.00258583	0.00232278	0.0215936	0.00320119	0.00491355	0.256135	0.0027457	0.385389	0.120263	0.00179506	0.00251931	0.00351379	0.0041333	0.0113324	0.0220988	0.127774	0.000557734	0.00311979
51	0.0334837	0.0114893	0.00215934	0.00275217	0.0506801	0.00362925	0.00269933	0.266561	0.00354391	0.305254	0.0631368	0.00250463	0.00183437	0.00295795	0.00331305	0.00693745	0.0174027	0.21154	0.0016265	0.006494
52	0.0602539	0.00693895	0.0118588	0.0121467	0.0479936	0.0106982	0.0240464	0.0116627	0.0309954	0.0196621	0.01053	0.0392838	0.00291188	0.0344971	0.00767919	0.378246	0.239604	0.0242287	0.00921193	0.0175509
53	0.0391698	0.0180688	0.00692704	0.0037177	0.00206851	0.769429	0.0027653	0.0120862	0.00313228	0.0083391	0.00178242	0.0154929	0.0061925	0.00264774	0.0190073	0.0404271	0.0159686	0.018221	0.00893805	0.00561879
54	0.12838	0.0179999	0.0206438	0.103018	0.0199867	0.0329756	0.016835	0.066976	0.0351629	0.0597633	0.0638778	0.0299413	0.0164166	0.0371129	0.0271847	0.171475	0.0721371	0.0620472	0.00548459	0.0125822
55	0.0732671	0.0458099	0.0221797	0.0335493	0.0309981	0.0315055	0.0304134	0.0232173	0.0904127	0.0350369	0.0192161	0.055747	0.023105	0.0487738	0.0651113	0.221864	0.0792643	0.0407062	0.00769606	0.0221261
56	0.0383096	0.017939	0.00662798	0.00360972	0.00198949	0.781154	0.00255647	0.0115268	0.0024295	0.00796647	0.0017063	0.0140077	0.00622775	0.00207041	0.0170924	0.0367673	0.0157493	0.0170126	0.00975474	0.00550247
57	0.677411	0.0134134	0.00262005	0.00114422	0.00519584	0.0363299	0.0028674	0.00906008	0.000937641	0.00734069	0.00489351	0.00351223	0.00332777	0.00123939	0.00623742	0.173322	0.0400895	0.0089972	0.000352678	0.00170783
58	0.0387961	0.0182367	0.00664893	0.0034955	0.00227066	0.776931	0.0028116	0.0117113	0.00276902	0.0082393	0.00168588	0.0139733	0.00627359	0.0024995	0.0176503	0.0374331	0.0164207	0.0174446	0.00934354	0.00536489
59	0.158941	0.024788	0.0117347	0.0187194	0.0123941	0.031382	0.0132353	0.0208062	0.0155314	0.0233454	0.0350821	0.048476	0.00672167	0.0114468	0.00750814	0.189812	0.297204	0.0612653	0.00379787	0.00780922
60	0.21857	0.0243953	0.00732788	0.0129678	0.0344422	0.0334204	0.0093396	0.0268682	0.014432	0.0224299	0.0290564	0.0278061	0.00360186	0.0124736	0.0045912	0.307451	0.138723	0.0583154	0.00640195	0.0073864
61	0.027812	0.0116901	0.012424	0.0362006	0.00964113	0.019655	0.0563043	0.0109441	0.208483	0.0276364	0.0187197	0.0437213	0.00323478	0.104505	0.299673	0.0473136	0.021544	0.0169128	0.00428958	0.0192954
62	0.0166585	0.00907457	0.0159807	0.00475039	0.0467525	0.0153178	0.157706	0.0743394	0.0785234	0.0727337	0.0250928	0.0505083	0.00516663	0.0635652	0.117097	0.0390424	0.0242296	0.0609754	0.00298622	0.1195
63	0.00986007	0.00757917	0.000775834	0.00401597	0.0104911	0.00103964	0.00118732	0.54598	0.00119652	0.0740823	0.00429084	0.00419991	0.0008577	0.00192538	0.00106696	0.00315067	0.0135249	0.31059	0.000478683	0.00370622
64	0.0433563	0.0173508	0.00439153	0.0110088	0.0366895	0.0197457	0.0119514	0.112967	0.00626613	0.38913	0.141796	0.00988888	0.0118043	0.0206951	0.0105181	0.0563126	0.0223768	0.067021	0.00158816	0.00514216
65	0.0373101	0.0102261	0.026792	0.08783	0.0102288	0.0455849	0.0636177	0.0091721	0.163642	0.0491363	0.0232875	0.0909808	0.00135004	0.149307	0.125193	0.0484146	0.0217347	0.0130517	0.00151544	0.0216249
66	0.00714428	0.0156934	0.00139152	0.00732162	0.618723	0.00189297	0.00697278	0.0160338	0.00168958	0.0385054	0.00684291	0.00644035	0.00566977	0.00189112	0.00298585	0.00568692	0.0104896	0.00792584	0.000903195	0.235796
67	0.0419976	0.0206459	0.00255946	0.00111139	0.103915	0.00467041	0.00156483	0.16943	0.00361599	0.389169	0.0530272	0.00264018	0.000701366	0.00248913	0.00141566	0.00535238	0.0107929	0.169291	0.00353115	0.0120794
68	0.296544	0.0422347	0.00357682	0.00972035	0.0155405	0.0567582	0.0103211	0.0298667	0.0063375	0.0229004	0.0284152	0.0211176	0.00345954	0.00910906	0.00261085	0.232818	0.124321	0.0784837	0.000956736	0.0049077
69	0.0241508	0.0128196	0.00207054	0.00163215	0.0714772	0.00359977	0.00270914	0.218514	0.00232494	0.410491	0.0706551	0.00190804	0.00185929	0.0025125	0.00223857	0.00737439	0.0142378	0.140527	0.00210389	0.0067945
70	0.0434389	0.0140189	0.00238092	0.00263761	0.0472184	0.00311354	0.00292078	0.253353	0.00305935	0.305649	0.0442844	0.00239896	0.00174019	0.0025807	0.0016918	0.00450646	0.0203192	0.234325	0.00402872	0.00633512
71	0.0419378	0.0131364	0.0375096	0.0919619	0.0109994	0.0533397	0.0699426	0.0122011	0.164037	0.0542351	0.016677	0.095684	0.00128362	0.176502	0.0773822	0.0265019	0.0206126	0.0127309	0.000867988	0.0224577
72	0.259439	0.0659446	0.00587964	0.0130593	0.0174327	0.0438977	0.0125983	0.0329722	0.00862209	0.0438063	0.0268502	0.0179413	0.00971657	0.0108211	0.00702935	0.221634	0.126145	0.0674702	0.0027111	0.00602875
73	0.0734836	0.0120333	0.0874644	0.0949064	0.0297309	0.051451	0.0312158	0.0364253	0.0468848	0.0301339	0.0120955	0.134631	0.0179233	0.0552354	0.0360951	0.103606	0.103874	0.0245812	0.00364945	0.0145796
74	0.106253	0.0441935	0.00543914	0.00711701	0.0213456	0.0153303	0.00615461	0.134617	0.00553337	0.0597726	0.0068053	0.0488467	0.18043	0.0577532	0.00533887	0.103243	0.0487275	0.0953807	0.00202515	0.0456939
75	0.507873	0.0307238	0.00317261	0.00522774	0.00930998	0.0438316	0.00585019	0.0172202	0.00321985	0.0142954	0.015308	0.00998307	0.00288971	0.00411281	0.00427909	0.19797	0.0801612	0.0409166	0.000537541	0.00311724
76	0.027319	0.0180869	0.00765412	0.0375678	0.487365	0.00677486	0.0122274	0.0340745	0.0112141	0.0795292	0.0665819	0.0127426	0.0153817	0.0138073	0.0163201	0.0270276	0.0233967	0.0255634	0.0084312	0.0689341
77	0.0397023	0.0198684	0.00609913	0.00304971	0.0021738	0.774176	0.00237996	0.0119699	0.00248608	0.00811599	0.00174827	0.0144494	0.00647633	0.00221952	0.0172784	0.0390317	0.0157356	0.0186863	0.00888668	0.00546676
78	0.067905	0.0422991	0.0383411	0.0294642	0.0174011	0.0335045	0.0298606	0.0284501	0.0489611	0.0325074	0.0147696	0.157973	0.105844	0.0531153	0.0344741	0.140891	0.072009	0.0277778	0.00571423	0.0187375
79	0.5821	0.0148748	0.0061793	0.00803213	0.00843168	0.0357942	0.00659904	0.0120547	0.0114326	0.0123748	0.00788325	0.0107707	0.00731272	0.0103822	0.0185512	0.173395	0.0513803	0.0170191	0.00108015	0.00435185
80	0.023965	0.012838	0.00549677	0.0154683	0.00537085	0.00737479	0.0417921	0.00846809	0.234364	0.0143851	0.0157611	0.0149608	0.00327267	0.0913823	0.411059	0.0438271	0.0203956	0.0145801	0.00563564	0.00960247
81	0.0382528	0.0245984	0.0153673	0.0147339	0.00881702	0.0261873	0.0103406	0.0110054	0.0191268	0.0219019	0.0231274	0.0500906	0.00624101	0.0118636	0.00819923	0.208171	0.468247	0.0221036	0.00167131	0.00995383
82	0.106582	0.0429108	0.00543646	0.0079678	0.0116985	0.0296967	0.0907392	0.138703	0.00780097	0.158146	0.0615769	0.0462061	0.00477805	0.0088414	0.00791241	0.0215414	0.0842385	0.155035	0.00314593	0.00704197
83	0.0253885	0.0190934	0.00934589	0.0173545	0.00682346	0.0111057	0.0413099	0.0148637	0.227257	0.0215531	0.0208585	0.0261643	0.00414736	0.0834178	0.357607	0.0508069	0.022101	0.0193366	0.00978786	0.0116777
84	0.0280276	0.00709609	0.266016	0.0500175	0.0109267	0.0395388	0.0548737	0.00964807	0.0234247	0.0170355	0.00480094	0.251997	0.0138348	0.0308475	0.0250662	0.108727	0.0407637	0.00574185	0.00129583	0.0103205
85	0.0160737	0.0043819	0.406319	0.0390838	0.0114427	0.0278937	0.046338	0.0218114	0.00690566	0.0141014	0.00238202	0.280322	0.00594087	0.012833	0.01234	0.0662189	0.0145432	0.00537409	0.000832816	0.00486136
86	0.0452366	0.00880515	0.133932	0.109381	0.0119243	0.052321	0.0550082	0.00864969	0.0412473	0.0181309	0.00703425	0.193196	0.0178174	0.0586225	0.0365084	0.108618	0.0622131	0.0107	0.00126889	0.0193846
87	0.371192	0.0200812	0.013646	0.023309	0.0131905	0.0342285	0.0111423	0.0200361	0.018456	0.0217821	0.0138494	0.026558	0.0461603	0.0194219	0.0137263	0.202732	0.0847506	0.035776	0.00229694	0.00766526
88	0.168866	0.033815	0.00791558	0.0222413	0.0211796	0.0847202	0.0127042	0.0465342	0.0143684	0.0446207	0.0265167	0.0246463	0.0139638	0.016782	0.0126917	0.209683	0.0807073	0.14087	0.0033239	0.0138501
89	0.0250591	0.0107277	0.00550169	0.016828	0.00552814	0.00713227	0.039272	0.00793939	0.233358	0.015783	0.0149421	0.0154058	0.00313259	0.0914076	0.414535	0.0457472	0.021686	0.0132231	0.00401282	0.00877836
90	0.00802488	0.0151603	0.00386355	0.00422099	0.43928	0.0144161	0.0389678	0.0228274	0.00343057	0.0416126	0.00545935	0.0103284	0.0190067	0.00595988	0.00896046	0.0238393	0.00776487	0.0121708	0.00258032	0.312126
91	0.0430077	0.0201896	0.00896807	0.00604514	0.00433149	0.708719	0.00499885	0.0222797	0.00517585	0.0141019	0.00438614	0.0162093	0.00796129	0.00527892	0.0182076	0.0438493	0.0264944	0.0240469	0.00878423	0.00696441
92	0.0319079	0.0121683	0.0106706	0.0267823	0.00749966	0.0135896	0.0349809	0.00953259	0.216493	0.0236641	0.0190684	0.0302032	0.00824568	0.0842889	0.344701	0.0654177	0.0280215	0.0165232	0.004905	0.0113372
93	0.00606348	0.0136632	0.00474316	0.00146322	0.205137	0.0221576	0.0728151	0.021117	0.00659377	0.0354461	0.00140545	0.0163541	0.0140173	0.0101848	0.00939307	0.0356606	0.00351167	0.0109702	0.00413759	0.505166
94	0.0315623	0.0159214	0.00301421	0.00326332	0.098153	0.00885051	0.00531415	0.19788	0.00394827	0.325059	0.0858765	0.00435566	0.0039684	0.00585725	0.00429046	0.018536	0.0192224	0.147724	0.00498245	0.012221
95	0.0381466	0.0035797	0.19757	0.367528	0.0162969	0.0199745	0.036075	0.00990344	0.0231725	0.0265532	0.0035567	0.0607898	0.00901048	0.0727347	0.0139035	0.0310857	0.026129	0.0312921	0.00193216	0.0107657
96	0.0142012	0.00510729	0.000860544	0.00309387	0.0134907	0.000753531	0.00141285	0.387559	0.000839034	0.229437	0.028342	0.00133248	0.00205754	0.00220492	0.00141256	0.00279159	0.0157973	0.286304	0.000498596	0.00250441
97	0.0275367	0.00421467	0.117099	0.386888	0.0378108	0.00979674	0.055629	0.0129885	0.0276398	0.0342976	0.00557807	0.0750821	0.00423674	0.0982232	0.00854286	0.0184487	0.0219305	0.0369426	0.00173956	0.015375
98	0.0226547	0.0122942	0.00419199	0.00517213	0.345463	0.00467336	0.00880425	0.0881273	0.0043424	0.243543	0.0570342	0.00713392	0.00853998	0.00605129	0.00514725	0.0168178	0.0163701	0.0668744	0.0157262	0.0610388
99	0.00931411	0.00386787	0.446306	0.0318139	0.0111633	0.0259907	0.0438056	0.0134024	0.00525865	0.0145193	0.00162662	0.284812	0.00505037	0.00560152	0.0116878	0.0668866	0.011348	0.00331167	0.000541183	0.00369159
100	0.00716168	0.0165364	0.00581656	0.0014534	0.238924	0.0256821	0.0688469	0.0258107	0.00513008	0.0345724	0.00119986	0.0145891	0.0228741	0.00936441	0.0131944	0.0388745	0.00338857	0.0140585	0.00281363	0.449708
101	0.0408332	0.00992256	0.0163622	0.0618238	0.0133782	0.0288945	0.0367019	0.018834	0.169413	0.0665871	0.0363016	0.0569773	0.0026683	0.10208	0.19174	0.0672959	0.0280335	0.0336411	0.00288167	0.0156311
102	0.0456046	0.019337	0.00692447	0.00479326	0.00363554	0.738547	0.00463092	0.0140738	0.00402607	0.0112822	0.00311469	0.016266	0.00675269	0.00481287	0.0181125	0.0395862	0.0173034	0.0206114	0.00938847	0.0111967
103	0.0576034	0.00417408	0.249558	0.261324	0.00490395	0.040564	0.0196989	0.0123578	0.0239807	0.0179699	0.00294743	0.0624429	0.010979	0.0687251	0.0284256	0.060278	0.0353526	0.0272261	0.00247335	0.00901505
104	0.114432	0.0270581	0.00787116	0.011738	0.0168237	0.0142085	0.008801	0.178705	0.00844296	0.0445667	0.00962305	0.0278903	0.199219	0.0339209	0.00859113	0.073825	0.0479658	0.134301	0.00276233	0.0292552
105	0.0304169	0.00541112	0.00403472	0.0157324	0.0141094	0.00305653	0.00328353	0.190695	0.00741014	0.134615	0.0664884	0.00565097	0.000746597	0.00783863	0.0128549	0.0230187	0.0517984	0.421405	0.000450702	0.000982658
106	0.0936628	0.0206011	0.00569082	0.00378571	0.00395163	0.650792	0.00316411	0.0160703	0.00382264	0.0116974	0.00404545	0.0166152	0.00761534	0.00402877	0.0161925	0.0720221	0.0265461	0.0264633	0.00733439	0.00589844
107	0.233718	0.0330315	0.00380724	0.00391597	0.00752722	0.430631	0.0037245	0.0178085	0.00296217	0.0134988	0.00900102	0.0138105	0.00479487	0.00381452	0.0110191	0.111528	0.0421955	0.0422785	0.00518582	0.00574732
108	0.014869	0.00789984	0.0221847	0.00551906	0.0348156	0.0131403	0.189274	0.0787785	0.0796694	0.0678871	0.0182933	0.0639288	0.00605163	0.0566661	0.116648	0.0288146	0.0352184	0.0586184	0.00291567	0.098808
109	0.0115436	0.0221991	0.00329663	0.00449802	0.390488	0.0132738	0.0370248	0.0194494	0.00460593	0.0362882	0.00477477	0.0110555	0.0108217	0.00601678	0.00716798	0.0231488	0.0076496	0.0106826	0.00260727	0.373407
110	0.0249113	0.0220763	0.00204404	0.00384912	0.105973	0.00568093	0.00430033	0.0639322	0.00632922	0.56487	0.0647707	0.00941095	0.00391487	0.00526654	0.00428738	0.0178234	0.00854707	0.0687441	0.00513247	0.00813645
111	0.0203714	0.012012	0.00252299	0.00370493	0.0525169	0.00347633	0.00430895	0.155766	0.00378504	0.530167	0.0659259	0.00285734	0.00280113	0.00409839	0.00313308	0.0115848	0.0117159	0.101318	0.00260302	0.00533139
112	0.0389391	0.00381337	0.204338	0.359206	0.0144938	0.0212401	0.0313079	0.0117348	0.0224768	0.0337867	0.00502345	0.0598974	0.0089138	0.0652105	0.0151388	0.0343276	0.0246993	0.0315715	0.00251114	0.0113702
113	0.0304834	0.0136351	0.010532	0.0272574	0.0105533	0.0149385	0.0340192	0.0199383	0.210058	0.0447043	0.0227204	0.0269547	0.00392421	0.0854007	0.316756	0.05486	0.032236	0.027884	0.00369934	0.00944451
114	0.0866292	0.033677	0.0313665	0.062204	0.017648	0.0181195	0.0269695	0.028213	0.0250802	0.0465236	0.016886	0.0612469	0.12778	0.0409205	0.0201643	0.187137	0.120827	0.0338053	0.00263428	0.0121678
115	0.0265083	0.0108699	0.00649131	0.0176607	0.0068789	0.0081667	0.0450603	0.00904773	0.220285	0.017258	0.0153182	0.0185147	0.0037615	0.0892917	0.403495	0.0471278	0.023081	0.0138884	0.00433697	0.012958
116	0.0473785	0.0279939	0.00105615	0.00235585	0.00644687	0.00135812	0.00287781	0.239152	0.00308703	0.10419	0.0137193	0.00272931	0.00281624	0.00312548	0.00206643	0.0109361	0.0213172	0.502555	0.000484273	0.00435461
117	0.0603647	0.033874	0.00287339	0.00351187	0.00506868	0.00274823	0.00558697	0.229524	0.00335271	0.0633136	0.00604361	0.00295699	0.00284283	0.00389571	0.00172267	0.0144553	0.0383494	0.51447	0.000667217	0.00437728
118	0.0263364	0.0159732	0.0134218	0.0119751	0.0863922	0.0216971	0.149106	0.0121409	0.0941299	0.027233	0.00613342	0.0620216	0.0101876	0.0680746	0.0767665	0.102492	0.0274525	0.0392464	0.010957	0.138262
119	0.0738016	0.00956338	0.0742992	0.119087	0.0116366	0.0268108	0.0192215	0.0173887	0.107225	0.0306614	0.0131775	0.0452724	0.00908897	0.0997979	0.081164	0.143774	0.0818757	0.0193271	0.00249354	0.0143334
120	0.0168177	0.022184	0.000945354	0.00103234	0.107629	0.00195374	0.00147529	0.0469389	0.00227162	0.671216	0.043703	0.00305467	0.00093284	0.00127811	0.00105229	0.0101521	0.00360772	0.0529656	0.00488908	0.00590098
121	0.0329126	0.00882445	0.0181299	0.0724634	0.0141198	0.0410628	0.0600367	0.00796306	0.175322	0.0454591	0.0269863	0.0754725	0.00154932	0.11449	0.173976	0.058678	0.0216735	0.0159175	0.00254162	0.0324218
122	0.0122621	0.00427545	0.00165198	0.00470748	0.0133055	0.00162121	0.00284851	0.337526	0.000940493	0.351798	0.0392121	0.00191933	0.00220184	0.00229123	0.00181488	0.00482867	0.0147462	0.198994	0.000633234	0.00242097
123	0.0716032	0.00914379	0.0817047	0.119397	0.0107337	0.0263446	0.0209719	0.0162359	0.102121	0.029779	0.0130759	0.0466902	0.00892104	0.106085	0.0795497	0.139749	0.0791932	0.022918	0.00235223	0.0134307
124	0.0531194	0.00767007	0.0837436	0.0852951	0.00560827	0.0683963	0.0503352	0.00510819	0.0694398	0.0162899	0.00776594	0.19074	0.0134867	0.0737084	0.056445	0.125428	0.0654606	0.00591967	0.00039966	0.0156396
125	0.645436	0.0142782	0.00277324	0.00191071	0.00585243	0.0429717	0.00340642	0.0105772	0.00141437	0.00841328	0.00598127	0.00758707	0.00356893	0.00176105	0.00624337	0.180302	0.0410991	0.0138868	0.000373679	0.002163
126	0.019133	0.0224173	0.00157863	0.00233277	0.113285	0.00320834	0.00195676	0.0409389	0.00256781	0.621872	0.0840233	0.00350609	0.00100513	0.00234106	0.00204252	0.0142599	0.00451136	0.0494015	0.00417243	0.00544643
127	0.0737224	0.00946347	0.074565	0.119159	0.0115404	0.0267082	0.0192563	0.0172725	0.107141	0.0305417	0.013124	0.0453929	0.00907914	0.100051	0.0811756	0.14357	0.0819253	0.019585	0.00249028	0.0142365
128	0.0991741	0.00729724	0.0168738	0.0210807	0.00451896	0.0179147	0.0122945	0.300288	0.00298344	0.0207368	0.00343981	0.00394817	0.0163422	0.0110739	0.00554509	0.0305757	0.111029	0.311074	0.00127886	0.00253115
129	0.0216829	0.00772293	0.00185065	0.00199535	0.0280607	0.00197216	0.00246	0.288859	0.00201669	0.338195	0.0685059	0.00105834	0.00199329	0.00179825	0.00245471	0.00422909	0.0179961	0.202672	0.000969843	0.00350731
130	0.0150124	0.00433543	0.000765035	0.00238184	0.014548	0.000686646	0.00172705	0.371378	0.000564609	0.267716	0.0312316	0.000788133	0.00249517	0.00182216	0.00103209	0.00176763	0.0149445	0.263682	0.000588221	0.00253297
131	0.0247923	0.00396166	0.00629974	0.00520706	0.287579	0.00451427	0.0233539	0.064134	0.00386947	0.189399	0.0813898	0.0130508	0.00631954	0.0152124	0.00385832	0.032902	0.020795	0.0626839	0.0582713	0.0924066
132	0.0566468	0.00881356	0.0347876	0.0857762	0.0105543	0.0265565	0.0263297	0.0135058	0.147648	0.0437392	0.0258174	0.0496993	0.00387514	0.102648	0.175111	0.106586	0.0463977	0.0170172	0.00272961	0.0157604
133	0.0231363	0.00420846	0.00282888	0.0101193	0.0122225	0.00199614	0.00221106	0.286264	0.00448598	0.160338	0.0533561	0.00379618	0.00119198	0.0066002	0.00825074	0.0128124	0.041447	0.362758	0.000451094	0.00152563
134	0.0147311	0.0051129	0.000980739	0.00295262	0.0147676	0.000657658	0.00149446	0.345451	0.000585744	0.280652	0.0305523	0.000663612	0.00265611	0.00182492	0.00100763	0.00215034	0.0158214	0.274822	0.000629397	0.00248718
135	0.677411	0.0134134	0.00262005	0.00114422	0.00519584	0.0363299	0.0028674	0.00906008	0.000937641	0.00734069	0.00489351	0.00351223	0.00332777	0.00123939	0.00623742	0.173322	0.0400895	0.0089972	0.000352678	0.00170783
136	0.279833	0.0378167	0.00138031	0.00961429	0.0208367	0.0663754	0.00620337	0.0434864	0.00785013	0.0288556	0.0277648	0.0179974	0.00312113	0.00793525	0.00292374	0.237723	0.0970891	0.0975651	0.000785597	0.00484317
137	0.00822892	0.00607425	0.000798193	0.00420815	0.0101297	0.0010645	0.00117699	0.560174	0.00113399	0.0715794	0.00386644	0.00439106	0.000774048	0.00190415	0.00106878	0.00293013	0.0133114	0.302913	0.000465391	0.00380665
138	0.0127447	0.00283137	0.00262642	0.0023498	0.0134259	0.0025532	0.00567914	0.22799	0.00164405	0.519049	0.0987288	0.00162345	0.00262578	0.00290299	0.00309756	0.00981226	0.0130898	0.0741144	0.000476726	0.00263459
139	0.0666668	0.0218559	0.00945782	0.017433	0.0197243	0.0131751	0.151922	0.0597913	0.0829835	0.193969	0.0163238	0.0529672	0.00930125	0.0541753	0.0166784	0.0701574	0.025879	0.0298482	0.0677261	0.0199645
140	0.0136573	0.00318198	0.00283715	0.00231134	0.014699	0.00333196	0.00687507	0.200124	0.0018587	0.548152	0.10821	0.00200136	0.0025966	0.00359959	0.00365671	0.0117567	0.0118823	0.0561013	0.0005604	0.00260631
141	0.0422718	0.0189736	0.00755218	0.00549775	0.00332325	0.722221	0.00471034	0.014885	0.0066889	0.011771	0.0031392	0.0170806	0.00666266	0.00572576	0.0240029	0.0427852	0.0230514	0.0252645	0.00849203	0.00590131
142	0.0331334	0.00350225	0.172675	0.377323	0.022448	0.0167973	0.0422145	0.0136352	0.0272882	0.0283202	0.00386374	0.0723071	0.00665228	0.0765419	0.0121651	0.0259683	0.0221821	0.0294057	0.00176421	0.0118132
143	0.294551	0.0424417	0.00209062	0.010383	0.0176445	0.0596879	0.00686024	0.0375682	0.00815239	0.0277845	0.0301147	0.0185775	0.00300404	0.00737439	0.00285363	0.242822	0.0967869	0.0860404	0.000830408	0.00443192
144	0.0170271	0.0220694	0.000938507	0.00102802	0.107641	0.00196038	0.00146149	0.0479496	0.00225747	0.669288	0.0438526	0.00304925	0.00092001	0.00124424	0.00101828	0.0100342	0.00365127	0.0539496	0.00486395	0.00579529
145	0.0165012	0.0885504	0.0050528	0.0258567	0.0088665	0.0244732	0.00810706	0.0810786	0.00703647	0.111097	0.00827776	0.00889537	0.00529615	0.024695	0.0537201	0.164205	0.285136	0.0658128	0.0021906	0.00515033
146	0.0309344	0.0243832	0.00662908	0.0274197	0.13851	0.0178074	0.115999	0.00524331	0.0868285	0.0129301	0.0035994	0.0653539	0.0195028	0.0720731	0.0353003	0.138313	0.0167056	0.0278828	0.0152769	0.139307
147	0.024918	0.00961844	0.00528724	0.0159365	0.00505027	0.00616126	0.0385132	0.00690158	0.235737	0.013687	0.0135978	0.0138646	0.00314818	0.0902267	0.427062	0.0446289	0.0222872	0.0117232	0.00348569	0.00816559
148	0.0469589	0.0046929	0.0112668	0.0444418	0.00787396	0.0173226	0.00975086	0.0791244	0.0504437	0.119386	0.0628034	0.038739	0.0284611	0.0507264	0.046812	0.10683	0.106387	0.154112	0.0104889	0.00337796
149	0.00931246	0.00386524	0.446067	0.0318852	0.0111665	0.0259851	0.0437772	0.0134138	0.00527082	0.0145238	0.00163087	0.284909	0.00504611	0.00564091	0.0117023	0.0668265	0.0114128	0.00332296	0.000550693	0.00369088
150	0.573563	0.0160701	0.00336252	0.00430184	0.00845275	0.0334636	0.00424613	0.0189084	0.00272866	0.0172318	0.00804407	0.00605548	0.0104234	0.00347836	0.0105285	0.201168	0.0559679	0.0178148	0.000649262	0.00354191
151	0.0167995	0.0220752	0.000948877	0.00103226	0.107615	0.00195259	0.00147026	0.0469985	0.00222434	0.671376	0.0438135	0.00303993	0.000930155	0.00122853	0.00105047	0.0101535	0.00360868	0.0530473	0.00484511	0.00579037
152	0.603428	0.0451913	0.00622412	0.00260969	0.005444	0.0336173	0.00706464	0.00873143	0.00221397	0.0139212	0.0113367	0.005727	0.00332131	0.00244001	0.00561802	0.175874	0.0495819	0.0143498	0.000625396	0.0026803
153	0.0260652	0.0121753	0.00560819	0.0181611	0.0052846	0.0088779	0.0365562	0.00790012	0.231747	0.0174562	0.0163649	0.0192472	0.00391377	0.0881207	0.398945	0.0526579	0.0232571	0.0133721	0.00476753	0.00952234
154	0.293642	0.0265673	0.00317411	0.0151449	0.016339	0.0605532	0.0113013	0.0367465	0.00960438	0.0225565	0.0226209	0.0324915	0.00496013	0.00922794	0.00441206	0.205098	0.111984	0.10069	0.00178457	0.0111011
155	0.0161025	0.00460138	0.00133071	0.00245783	0.0157627	0.00115123	0.00219403	0.323854	0.00103977	0.323828	0.0621585	0.00081071	0.00243555	0.00184254	0.00192786	0.00373515	0.0201704	0.211812	0.000494901	0.00228976
156	0.0192554	0.0145597	0.0251883	0.0149441	0.128423	0.023849	0.0944759	0.0305537	0.0244239	0.0432776	0.00892053	0.0345632	0.0148223	0.0260799	0.0327456	0.0469338	0.018174	0.0353347	0.00522512	0.358251
157	0.0511888	0.00271027	0.275274	0.321259	0.00313376	0.0362002	0.0187857	0.00734881	0.0160958	0.0187123	0.00127455	0.0657831	0.0136106	0.0468722	0.0183246	0.0462923	0.0268582	0.0177283	0.00242156	0.0101255
158	0.0247844	0.0156533	0.00800987	0.021631	0.0113704	0.014728	0.057398	0.0100729	0.216792	0.0183407	0.0166948	0.0269133	0.00370269	0.0933629	0.345779	0.0467137	0.0197573	0.0177704	0.00642745	0.0240971
159	0.0832901	0.0188858	0.00383929	0.0094012	0.0256705	0.0376359	0.0210904	0.0823256	0.0047265	0.299133	0.203483	0.0111787	0.00700874	0.0155714	0.00864507	0.056089	0.0347095	0.0713769	0.00175326	0.00418627
160	0.0268209	0.0147417	0.00576689	0.0113319	0.533935	0.00713254	0.00907666	0.0356597	0.00626971	0.0849505	0.0246968	0.0127106	0.0382471	0.00825278	0.0102738	0.0322513	0.0448547	0.0259263	0.00677252	0.0603287
161	0.0308576	0.0280623	0.0501692	0.0291779	0.00460189	0.0462743	0.0137522	0.0053291	0.00525895	0.0205368	0.0153559	0.085909	0.00452166	0.00461805	0.0038269	0.207125	0.413437	0.0190181	0.00103863	0.0111292
162	0.0702501	0.0225109	0.0167508	0.127476	0.0703852	0.0520094	0.075862	0.0250903	0.0230364	0.0773851	0.0171667	0.0301847	0.0105807	0.027587	0.0195342	0.0821022	0.0292152	0.0292818	0.135342	0.0582493
163	0.0161899	0.00372289	0.00178029	0.0020358	0.016322	0.00180087	0.00372461	0.32147	0.0015038	0.361334	0.099898	0.00135796	0.00250955	0.00341795	0.00259731	0.00909514	0.0175275	0.130088	0.000396808	0.00322717
164	0.0526836	0.0330092	0.000949247	0.00153989	0.00463767	0.0014194	0.00316084	0.238966	0.00366803	0.0697377	0.00648169	0.0030599	0.00280492	0.00306643	0.00156646	0.0116024	0.0206117	0.535757	0.000531358	0.00474655
165	0.0553139	0.00746374	0.0873184	0.0814972	0.00529889	0.0726019	0.045106	0.00485464	0.0621198	0.0168781	0.0088088	0.180281	0.0140441	0.067008	0.0556935	0.14091	0.0721878	0.00748868	0.000600116	0.0145253
166	0.00820563	0.00609118	0.000785377	0.0040258	0.0105008	0.00103344	0.00111141	0.557911	0.00110015	0.0795965	0.005075	0.0041332	0.000858121	0.00184308	0.00106822	0.00274282	0.01352	0.296275	0.000471572	0.00365107
167	0.0598962	0.0171239	0.0545257	0.0335957	0.0541146	0.0274447	0.0514353	0.019607	0.0303912	0.0343193	0.0176904	0.157158	0.0180534	0.0365527	0.0213397	0.178802	0.121788	0.0301542	0.0121468	0.0238612
168	0.0737108	0.00951433	0.0743059	0.119008	0.0116758	0.0273894	0.0192051	0.0173846	0.107236	0.030596	0.0130988	0.0450368	0.00903506	0.0997129	0.0813323	0.143987	0.0817567	0.019247	0.00249037	0.0142772
169	0.276057	0.0376614	0.00145949	0.00990064	0.0201852	0.0649729	0.00609084	0.0459413	0.00847976	0.0300173	0.0284896	0.0185152	0.00318771	0.0078029	0.00293311	0.240426	0.0962416	0.0958717	0.00095563	0.00481086
170	0.0188113	0.00551301	0.00237959	0.00216108	0.0219554	0.00295182	0.00421643	0.275586	0.00220055	0.381307	0.0992509	0.0016999	0.00366927	0.00296088	0.00355195	0.00853523	0.0241991	0.135786	0.000564635	0.0027004
171	0.015678	0.00358417	0.00179371	0.00200488	0.0176288	0.00194082	0.00365333	0.338076	0.00158053	0.348874	0.0963093	0.00145569	0.00270877	0.00348802	0.00260113	0.00844481	0.0164751	0.129729	0.000467399	0.00350618
172	0.0475024	0.0184576	0.0219573	0.0139067	0.00416006	0.671111	0.00636607	0.0207635	0.00857339	0.012642	0.00413804	0.0226961	0.0095379	0.00946628	0.0193656	0.050239	0.0233342	0.0212865	0.00797627	0.0065203
173	0.010804	0.00481126	0.000796137	0.00306992	0.0134423	0.000884696	0.0013718	0.470054	0.000720375	0.176625	0.0192406	0.0023334	0.00180724	0.00185391	0.00109949	0.0022636	0.0136715	0.271441	0.000515475	0.00319441
174	0.0266268	0.0145123	0.00174435	0.00266907	0.0549563	0.00278906	0.00242396	0.18993	0.00296698	0.419524	0.0512068	0.00270219	0.00187221	0.00268265	0.00250266	0.00836538	0.0143936	0.190207	0.00245635	0.0054672
175	0.0301118	0.0133679	0.322249	0.136717	0.0113171	0.0303793	0.0364698	0.0129628	0.0172945	0.0189161	0.00463006	0.185388	0.00984407	0.032709	0.0186518	0.0685052	0.0273183	0.0131868	0.00165071	0.00833017
176	0.0576707	0.0171783	0.00346702	0.00730717	0.0702782	0.0180577	0.00794287	0.203068	0.00720197	0.222981	0.0659928	0.00704123	0.0035906	0.00693678	0.00719521	0.0305595	0.0350342	0.217942	0.00204114	0.00851266
177	0.00872663	0.0154254	0.00511105	0.00263881	0.175539	0.0207474	0.0876456	0.0191079	0.0108168	0.0347169	0.0017517	0.0245966	0.0121313	0.0132378	0.0111398	0.0466648	0.00691688	0.0114616	0.00852364	0.4831
178	0.0383266	0.0235289	0.00695699	0.00379924	0.00321069	0.746707	0.00288366	0.0135167	0.00719385	0.0101813	0.00269704	0.0155202	0.0103957	0.0032986	0.0250866	0.0380189	0.0166349	0.0179264	0.00852511	0.00559103
179	0.0228648	0.0139158	0.00415642	0.00816393	0.521923	0.00537434	0.00909431	0.0528571	0.00495005	0.105094	0.0300076	0.00843123	0.0276885	0.00645737	0.00807103	0.0235487	0.0279527	0.0328229	0.00750739	0.0791186
180	0.0464495	0.00458741	0.171531	0.309498	0.0133953	0.0238203	0.0300249	0.0169623	0.045459	0.0400567	0.00663996	0.0571591	0.0185781	0.0678757	0.0281089	0.0462535	0.0314976	0.0275531	0.00242585	0.0121233
181	0.0470618	0.0265932	0.00109302	0.00205504	0.00485803	0.00157229	0.00260832	0.286072	0.00290256	0.0722861	0.00601341	0.00427937	0.00285166	0.00286433	0.00173731	0.0114733	0.0173684	0.500231	0.000539348	0.00553978
182	0.0170573	0.0221053	0.000952814	0.00103239	0.107608	0.00201883	0.00147976	0.0471137	0.00232784	0.670439	0.0437952	0.00305221	0.000930146	0.00125575	0.00105605	0.0101942	0.00358676	0.0533343	0.00484222	0.00581838
183	0.0595408	0.0258871	0.0037712	0.00909531	0.0369719	0.0344528	0.0194335	0.114595	0.00762104	0.310454	0.157078	0.0167429	0.0140505	0.020994	0.0143575	0.0593497	0.0224896	0.0676371	0.00128039	0.00419742
184	0.0688123	0.0275523	0.00508973	0.00764511	0.00514296	0.00614585	0.00650501	0.232142	0.00371594	0.0576981	0.0086757	0.00344748	0.00712785	0.00518833	0.00375082	0.0185815	0.0603051	0.467832	0.000865265	0.00377667
185	0.048312	0.0237242	0.00896934	0.0164143	0.034936	0.040798	0.0130469	0.112149	0.010156	0.299146	0.0646441	0.017478	0.0407748	0.0227114	0.01372	0.0747692	0.0376949	0.102731	0.0024122	0.0154132
186	0.0250018	0.00953896	0.00535227	0.0160929	0.0048687	0.00611036	0.0388465	0.00686086	0.238976	0.0136512	0.0136803	0.0138321	0.00318686	0.0907316	0.423281	0.0446042	0.022327	0.0117428	0.00340232	0.00791223
187	0.127688	0.0102129	0.0522539	0.0873551	0.0089769	0.025415	0.0231678	0.0143048	0.0730815	0.0300825	0.0103774	0.0315821	0.00731212	0.151209	0.0674559	0.166509	0.057422	0.0335905	0.00506447	0.0169392
188	0.0985785	0.00622875	0.0583147	0.127519	0.00863856	0.0252677	0.0287054	0.0187955	0.0476246	0.035825	0.00942106	0.0461217	0.16182	0.0961406	0.0454395	0.0831206	0.0538306	0.0322804	0.00402539	0.0123023
189	0.113515	0.0221756	0.0307942	0.0536888	0.0209495	0.025277	0.0290631	0.051907	0.0433251	0.0612972	0.0196677	0.0377895	0.0316579	0.157037	0.0436536	0.0885117	0.0431939	0.100664	0.00809244	0.0177399
190	0.0757172	0.00394263	0.26486	0.323405	0.00462193	0.0260559	0.0163101	0.0134233	0.0146706	0.0183494	0.00300695	0.0484159	0.0100407	0.050156	0.0263641	0.0450827	0.0220772	0.0180387	0.0070271	0.00843448
191	0.0467031	0.0193657	0.0159995	0.0965963	0.0234546	0.10076	0.0177291	0.0530372	0.0195376	0.167841	0.0355563	0.0265704	0.0165501	0.0276742	0.0194557	0.0987642	0.0395311	0.150729	0.0075821	0.016563
192	0.0099869	0.0153244	0.00621246	0.00401955	0.169233	0.028596	0.0782022	0.0310271	0.0114554	0.0466249	0.00483788	0.0192312	0.0127278	0.0140945	0.0150229	0.0380162	0.00774601	0.0152713	0.00531229	0.467058
193	0.0678044	0.00579148	0.0122435	0.0590611	0.0151618	0.0183324	0.0202097	0.0671025	0.0887991	0.121239	0.041237	0.0389557	0.0203796	0.0684756	0.0897353	0.0475517	0.048741	0.159207	0.00739331	0.00257873
