287	20
1	0.0291494	0.00177752	0.0933574	0.0254898	0.0827099	0.187655	0.0660568	0.00459984	0.0422198	0.0284637	0.00294995	0.0945707	0.00275777	0.0164083	0.0496192	0.123101	0.0832248	0.00587714	0.000733872	0.0592786
2	0.388248	0.073778	0.00238095	0.00530316	0.0137848	0.00430189	0.00231514	0.10256	0.00451164	0.0873109	0.0166855	0.00235783	0.00115383	0.00582821	0.0047403	0.0417181	0.0518037	0.188625	0.000445406	0.00214745
3	0.0159905	0.00482134	0.00123244	0.00224377	0.133106	0.000942567	0.00493433	0.180671	0.00151992	0.250223	0.237573	0.00535218	0.00167509	0.0104124	0.00150193	0.0120063	0.0297295	0.0821928	0.0104984	0.0133739
4	0.00785346	0.00225361	0.234635	0.030095	0.00385512	0.00307534	0.219312	0.00446331	0.00549416	0.0193553	0.00347056	0.261918	0.0403674	0.0563405	0.00492919	0.0689126	0.0244402	0.0052223	0.000828017	0.00317794
5	0.00928892	0.000556276	0.0680655	0.0194644	0.00414211	0.422607	0.0326864	0.0020943	0.120576	0.00777994	0.0316458	0.156704	0.00231542	0.0310681	0.0313372	0.0216625	0.0288127	0.00756965	0.000392904	0.00123095
6	0.025201	0.00213489	0.549568	0.085044	0.00898881	0.0248294	0.0133751	0.0186584	0.020469	0.0166182	0.00619477	0.0933148	0.0162035	0.0220528	0.0124775	0.0362386	0.0187993	0.0197305	0.00168314	0.00841809
7	0.00578239	0.00163545	0.0494561	0.111741	0.00280055	0.00267702	0.00315318	0.108659	0.218908	0.052719	0.00349938	0.00387713	0.00178691	0.0167284	0.189413	0.0174718	0.190253	0.0164281	0.00066628	0.00234393
8	0.0363091	0.0052184	0.000855379	0.00526831	0.00975637	0.0011778	0.000455774	0.386466	0.00113703	0.0543586	0.00823252	0.00406526	0.00136833	0.0013616	0.00160565	0.00345961	0.0184081	0.454071	0.000150569	0.0062742
9	0.0593647	0.000978522	0.0263271	0.179214	0.0503505	0.00771136	0.00138504	0.139097	0.0465929	0.164577	0.0400248	0.00197603	0.00668493	0.0338311	0.0548175	0.0210387	0.0487941	0.109947	0.000318229	0.00696945
10	0.0792144	0.00376748	0.0488419	0.24806	0.0294705	0.0114606	0.0109946	0.0435404	0.119856	0.0476182	0.0127264	0.0229467	0.00848835	0.0347702	0.0771398	0.0951471	0.0506473	0.0252413	0.022144	0.00792528
11	0.467298	0.0124746	0.00566179	0.00365507	0.00195101	0.312166	0.00484541	0.0121842	0.00420449	0.0088282	0.00207944	0.00384839	0.000919581	0.00442041	0.00243665	0.119749	0.0208908	0.0100538	0.000439916	0.00189333
12	0.0480497	0.0118705	0.0182589	0.23154	0.00797849	0.00190251	0.0121037	0.0410518	0.204003	0.0152361	0.00720204	0.0183768	0.000862391	0.0374411	0.23081	0.00468999	0.0331654	0.0615587	0.000327907	0.0135706
13	0.00754151	0.000302238	0.00207133	0.00615361	0.00710045	0.00108675	0.000439897	0.464818	0.00217606	0.0394155	0.00330579	0.00199528	0.00100987	0.00136248	0.00504191	0.00857842	0.00845643	0.432923	0.000135038	0.00608642
14	0.00936498	0.000507894	0.021222	0.0601784	0.00675673	0.00207286	0.00129118	0.224176	0.0417488	0.132354	0.0186888	0.0108736	0.00194467	0.0154738	0.0140472	0.0127026	0.108293	0.311183	0.000203919	0.00691753
15	0.0287636	0.00193368	0.0368114	0.300714	0.00300413	0.0134871	0.00648054	0.00346776	0.280665	0.0088557	0.00544215	0.0468165	0.000395096	0.0557284	0.112516	0.060702	0.0272823	0.00176113	0.000267056	0.00490634
16	0.0100068	0.000192061	0.00108717	0.00656492	0.0093633	0.00116144	0.000350696	0.502764	0.00121029	0.0548904	0.00446121	0.00107136	0.00133368	0.0014273	0.00243156	0.00600459	0.00594836	0.383718	0.000107852	0.00590495
17	0.0243033	0.00297296	0.00197203	0.0108123	0.00823018	0.00207355	0.00150161	0.245307	0.00897569	0.399287	0.0377845	0.00214875	0.00205126	0.00257876	0.0028687	0.00530102	0.0626477	0.174882	0.00221151	0.00209029
18	0.0300055	0.00208055	0.039874	0.340314	0.00353109	0.0124266	0.00784053	0.00361404	0.249327	0.00844235	0.00521479	0.0462474	0.000345654	0.0617946	0.0912835	0.0633431	0.0294433	0.00165788	0.000285606	0.00292917
19	0.0367076	0.0279293	0.0104589	0.0397183	0.00608638	0.00587048	0.283238	0.0103636	0.0715717	0.0101033	0.011381	0.0140311	0.00477074	0.0126308	0.379987	0.0405212	0.0148015	0.0113458	0.00191818	0.00656528
20	0.291748	0.00162408	0.0259331	0.0389755	0.00291812	0.211879	0.0347338	0.00453421	0.044847	0.00527331	0.0159929	0.122084	0.001523	0.0166971	0.0507213	0.0598724	0.00562957	0.050409	0.000771506	0.0138334
21	0.0380501	0.000485737	0.262833	0.16303	0.00527777	0.0114087	0.0148098	0.0154258	0.0559595	0.0125296	0.00430998	0.109609	0.0599065	0.0121548	0.0226753	0.0741585	0.11045	0.0155259	0.000229126	0.0111716
22	0.010683	0.000494094	0.0887033	0.0234381	0.00424893	0.38842	0.034167	0.00272538	0.109584	0.00829502	0.020706	0.177146	0.00243411	0.0294367	0.0308433	0.0251302	0.0308971	0.00918174	0.00081118	0.00265454
23	0.0435931	0.00186784	0.358375	0.159958	0.00417826	0.00375048	0.0243132	0.0031879	0.0227243	0.0135529	0.0497646	0.0357574	0.000941477	0.156621	0.00936919	0.0763981	0.00860807	0.00578496	0.00857158	0.0126834
24	0.0790135	0.0181396	0.00139057	0.0109631	0.0239191	0.0056524	0.00136666	0.195741	0.0263724	0.227366	0.103375	0.00320295	0.000691509	0.00642169	0.0387046	0.0322304	0.0297203	0.173345	0.000457833	0.0219268
25	0.0855969	0.0156643	0.000814748	0.00377569	0.00780008	0.00147534	0.000643019	0.154034	0.00112241	0.0339233	0.0122052	0.0108214	0.000373998	0.000982487	0.00112295	0.00139998	0.0458024	0.615771	0.00012852	0.00654199
26	0.0212298	0.000816885	0.0172391	0.0692035	0.00735145	0.00279562	0.00194439	0.165099	0.0354566	0.173825	0.0345174	0.00674324	0.00674233	0.0260854	0.0218237	0.0235613	0.0708948	0.30979	0.000352135	0.00452889
27	0.232318	0.0705171	0.00309456	0.00503095	0.003812	0.0319279	0.00221893	0.0631982	0.00411113	0.024597	0.00458413	0.00373925	0.00160562	0.00359111	0.00417971	0.00789569	0.013111	0.516807	0.00088833	0.00277231
28	0.0331185	0.00209411	0.0403891	0.335225	0.00414971	0.0125304	0.0104931	0.00507417	0.237196	0.0110308	0.00604119	0.0468177	0.000752594	0.0645978	0.0908944	0.0627288	0.0301818	0.0033195	0.000344882	0.00302058
29	0.0109138	0.000200229	0.000857608	0.00638009	0.0102828	0.0012143	0.000345511	0.517667	0.000900935	0.0612222	0.0048725	0.000784571	0.00161864	0.00144295	0.00163659	0.0046364	0.00492484	0.363806	9.04058e-05	0.00620317
30	0.00936079	0.000507597	0.0212303	0.0601118	0.00675892	0.00207285	0.00129243	0.224235	0.0417114	0.132392	0.0187017	0.0108714	0.00194467	0.01543	0.0140792	0.0127018	0.108361	0.311124	0.000203924	0.00690914
31	0.0300055	0.00208055	0.039874	0.340314	0.00353109	0.0124266	0.00784053	0.00361404	0.249327	0.00844235	0.00521479	0.0462474	0.000345654	0.0617946	0.0912835	0.0633431	0.0294433	0.00165788	0.000285606	0.00292917
32	0.0043508	0.00112563	0.0051561	0.00685782	0.00603522	0.00103836	0.000953605	0.381376	0.0053392	0.0152805	0.00143844	0.00492999	0.000594558	0.00158797	0.0129665	0.0162198	0.0195543	0.505199	0.000202366	0.00979413
33	0.00985564	0.00146684	0.000782342	0.00462131	0.0203043	0.0019064	0.000734523	0.411045	0.00134561	0.293035	0.035532	0.000899219	0.00506261	0.00134914	0.00195841	0.00271089	0.0069563	0.183675	0.00454893	0.0122096
34	0.204676	0.00585273	0.0326214	0.0826095	0.0107803	0.315052	0.0099911	0.0216311	0.0285835	0.0291314	0.0143414	0.0251066	0.0163094	0.0227734	0.0221904	0.0588356	0.0629439	0.0248631	0.00244364	0.00926343
35	0.037489	0.00107052	0.103451	0.0728992	0.00260409	0.0337405	0.0193573	0.00321208	0.0924224	0.0112503	0.0109581	0.206419	0.02075	0.0686121	0.0721235	0.0788292	0.0409528	0.0119139	0.000375631	0.11157
36	0.0188339	0.000891481	0.216238	0.0524652	0.00246571	0.248791	0.00632834	0.0131169	0.0529468	0.00358943	0.00945691	0.238121	0.00126508	0.0122096	0.0297459	0.0400727	0.0206894	0.0110451	0.0064748	0.015253
37	0.0735253	0.000765618	0.25891	0.296193	0.00168197	0.0155881	0.00274384	0.00357858	0.0536983	0.016731	0.00517747	0.0633669	0.00553847	0.0578507	0.0267748	0.066564	0.0332233	0.00907392	0.000491537	0.00852297
38	0.20023	0.00102471	0.0107096	0.0468101	0.015391	0.0179417	0.0221256	0.0256012	0.078576	0.0684268	0.00796682	0.0352841	0.215489	0.0180045	0.0210152	0.0698427	0.0515987	0.0826814	0.000613327	0.0106677
39	0.0559889	0.00083392	0.236782	0.0992934	0.00889181	0.114371	0.0504827	0.00315838	0.110669	0.00362374	0.014496	0.172262	0.00691384	0.0404786	0.0258592	0.0460241	0.0037106	0.00313887	0.000857947	0.00216436
40	0.0415772	0.00271729	0.00473281	0.0211935	0.0182658	0.00864087	0.00834508	0.209004	0.0163555	0.0990691	0.0878171	0.0112554	0.0013973	0.00979625	0.0143728	0.0169863	0.10511	0.310405	0.00943357	0.00352476
41	0.0268984	0.0240582	0.17136	0.216734	0.0321459	0.031856	0.0166011	0.0179168	0.0282354	0.0418712	0.0333321	0.0508297	0.00466186	0.0831062	0.0456009	0.0538645	0.0238585	0.0614776	0.00287747	0.0327143
42	0.0751275	0.0151619	0.00136432	0.0122342	0.0298049	0.00466259	0.00246067	0.211335	0.0196411	0.195659	0.102151	0.003829	0.000685425	0.00723024	0.0297593	0.0277214	0.0458712	0.198138	0.00295967	0.0142027
43	0.0617261	0.00121878	0.0631788	0.246102	0.00441946	0.00815726	0.0301768	0.0206603	0.124046	0.0525622	0.0206309	0.0707169	0.00619699	0.0868657	0.0696298	0.0566896	0.0441101	0.0271282	0.000575071	0.00520926
44	0.31774	0.0412123	0.00366751	0.0202308	0.00994865	0.00261495	0.00258029	0.108947	0.0161134	0.0600728	0.0194249	0.00593337	0.00713673	0.0329834	0.0173142	0.135714	0.0905194	0.103464	0.00058158	0.00380045
45	0.0110789	0.000215244	0.000619089	0.00639119	0.0121044	0.00124399	0.000367969	0.529774	0.000763876	0.0718674	0.00554932	0.000586297	0.00195529	0.00148575	0.00105312	0.00347221	0.00402196	0.340115	0.000113088	0.00722182
46	0.0856215	0.015118	0.00102589	0.00831033	0.0252833	0.00324414	0.000815323	0.194393	0.0177502	0.264353	0.108097	0.0016833	0.000529761	0.00749158	0.025552	0.0261578	0.0354043	0.165796	0.000312432	0.0130617
47	0.0884274	0.0157662	0.000848537	0.00385751	0.00787073	0.00178568	0.000661911	0.152768	0.00110966	0.0336919	0.0119808	0.0103899	0.000381286	0.000962479	0.00111371	0.00138248	0.0455966	0.614948	0.00012939	0.00632814
48	0.0226781	0.00120524	0.0126973	0.0887365	0.00258969	0.00249284	0.00208773	0.131031	0.0558211	0.375565	0.124906	0.0119086	0.0111199	0.0317451	0.00414341	0.0148382	0.0331484	0.0611382	0.000544804	0.0116025
49	0.169303	0.00122593	0.0891462	0.142168	0.00256959	0.00457358	0.0337565	0.00426285	0.230081	0.0244142	0.0118192	0.0467362	0.00144556	0.0784201	0.0972741	0.0329205	0.0139855	0.0133952	0.000568668	0.00193331
50	0.0961113	0.00141509	0.0689297	0.552911	0.0231913	0.00251302	0.0145228	0.00382909	0.00466248	0.0222685	0.00293662	0.0143287	0.00355766	0.125469	0.00380795	0.00758183	0.0046662	0.00529362	0.000568683	0.0414346
51	0.440035	0.0667689	0.00168986	0.00564534	0.0115801	0.00211649	0.000967117	0.104551	0.00478886	0.0758183	0.0143194	0.00127595	0.000593291	0.00631254	0.00480038	0.0496622	0.0582614	0.149353	0.000286425	0.00117427
52	0.0270089	0.0151171	0.00299966	0.136101	0.0136086	0.00271231	0.0226066	0.0446163	0.143824	0.116253	0.0462339	0.0246824	0.0174995	0.00423073	0.136083	0.0164646	0.0428288	0.161255	0.0205161	0.00535874
53	0.0229783	0.00218816	0.558203	0.0740159	0.00846209	0.0237776	0.0131429	0.0221226	0.016498	0.0272192	0.00426308	0.105799	0.0139246	0.0177395	0.00898653	0.0334941	0.0191757	0.0203479	0.00073797	0.00692296
54	0.00541684	0.0150661	0.00225077	0.0034835	0.228545	0.00650374	0.0146637	0.0784229	0.00292306	0.536753	0.023802	0.00221782	0.00266698	0.00364852	0.00922993	0.00387603	0.00388395	0.0152319	0.000385267	0.0410297
55	0.0196407	0.00570181	0.0103243	0.0172482	0.00852915	0.00872049	0.00791742	0.0479103	0.0162599	0.0161221	0.0121206	0.0108278	0.00599139	0.0498312	0.393355	0.0173739	0.324644	0.0165739	0.0021701	0.00873806
56	0.0501512	0.000804132	0.243746	0.0969829	0.00861444	0.11901	0.0507886	0.00336349	0.103579	0.0030763	0.0143428	0.17946	0.00725588	0.0388142	0.0234937	0.0465473	0.0037551	0.00299177	0.000924062	0.00229939
57	0.0106507	0.0406048	0.00547841	0.00877264	0.284752	0.00405194	0.00557141	0.275988	0.00703795	0.087478	0.00709464	0.00502546	0.00327584	0.00634771	0.00771079	0.0484266	0.00938942	0.154452	0.00132299	0.0265695
58	0.0647887	0.0385329	0.0238403	0.0119694	0.00578093	0.0228004	0.005823	0.0212811	0.0140579	0.0164806	0.0120114	0.0248228	0.00536908	0.00913755	0.00915698	0.401793	0.263162	0.0415828	0.0014417	0.00616666
59	0.0150819	0.0021336	0.00179103	0.00989301	0.0141651	0.00174656	0.00119221	0.459303	0.00516442	0.110414	0.0151693	0.0016768	0.00227313	0.00263911	0.00520974	0.00609687	0.014341	0.323621	0.000715083	0.0073736
60	0.0242258	0.0011678	0.591571	0.0818517	0.00718776	0.0256466	0.00682853	0.0173188	0.0174304	0.0145705	0.00297732	0.0948811	0.0156155	0.0165172	0.00798757	0.0334562	0.0150826	0.0195039	0.000706411	0.0054728
61	0.0618144	0.004367	0.0118684	0.0199862	0.00980035	0.304356	0.0130292	0.0169586	0.0159287	0.0220187	0.0124295	0.091537	0.15356	0.0141368	0.01329	0.187249	0.0193972	0.0168805	0.0027321	0.00866058
62	0.217425	0.00210712	0.133514	0.200581	0.00437057	0.00339731	0.0213363	0.0638405	0.0334958	0.0219123	0.00476647	0.00497567	0.0757474	0.0221166	0.0204699	0.0912455	0.00783296	0.0531	0.0147699	0.00299594
63	0.0195993	0.00267946	0.33702	0.0624013	0.00883923	0.0107276	0.0523022	0.0105634	0.0198037	0.0123513	0.00694496	0.0525191	0.0144911	0.0116492	0.0345621	0.111786	0.168072	0.0126695	0.00118428	0.0498336
64	0.0493316	0.00130483	0.0225915	0.00260244	0.00158639	0.0304461	0.00118199	0.00274773	0.00317723	0.00271925	0.0108401	0.0214213	0.000690392	0.00637861	0.00199579	0.671654	0.163565	0.00424214	0.000383042	0.00114041
65	0.0156458	0.00492048	0.00979466	0.0361472	0.00526665	0.00520379	0.0232051	0.0180511	0.376411	0.0163796	0.00917728	0.0344916	0.00442594	0.0580189	0.307865	0.0234494	0.0300456	0.0148046	0.000293045	0.00640235
66	0.0230779	0.00135759	0.597673	0.074652	0.00672539	0.0271559	0.00810448	0.0169195	0.0170357	0.0134784	0.00443633	0.0982849	0.0141379	0.0154943	0.00946129	0.0317049	0.0159332	0.0180363	0.000796496	0.00553502
67	0.00656631	0.0153631	0.00236999	0.00388658	0.25294	0.00621022	0.0159497	0.0788024	0.00325924	0.5075	0.0226635	0.002281	0.0028215	0.00372771	0.00911475	0.00433726	0.0042908	0.0169422	0.000429743	0.0405444
68	0.0227921	0.00135669	0.60774	0.0721126	0.00718645	0.0261931	0.00772406	0.0172925	0.0146662	0.0134603	0.00349509	0.0971136	0.0153501	0.0138929	0.00675511	0.0330058	0.0152464	0.0178713	0.000906354	0.00583962
69	0.0385449	0.00480528	0.291729	0.127188	0.0124279	0.0211327	0.0284095	0.0153034	0.0394728	0.0217155	0.0342586	0.055136	0.00836791	0.158293	0.0287848	0.0519826	0.0237904	0.0179818	0.00521132	0.0154645
70	0.165944	0.00682232	0.0139178	0.0423631	0.0126944	0.254276	0.0101449	0.126288	0.0175894	0.123162	0.0241655	0.0143366	0.0120656	0.0175298	0.0176259	0.0709313	0.0265418	0.0298148	0.00295082	0.0108355
71	0.00874022	0.000260033	0.00138302	0.0126065	0.0101549	0.00205135	0.000532266	0.494595	0.00157154	0.0541943	0.00561517	0.00141294	0.00128835	0.00225117	0.00289586	0.00721477	0.00996319	0.377355	0.000166611	0.00574758
72	0.12711	0.0426445	0.031437	0.00659588	0.0169213	0.0504812	0.111451	0.00531645	0.0059867	0.00640247	0.00393222	0.0548346	0.00229778	0.0432736	0.00543914	0.209848	0.0512752	0.0407672	0.0276423	0.156343
73	0.00666361	0.013841	0.00872606	0.107988	0.0133467	0.00248928	0.0695017	0.0559459	0.178589	0.0480701	0.0099426	0.00463019	0.000758001	0.0472257	0.295002	0.0147952	0.00614179	0.0876901	0.000356739	0.0282969
74	0.0116056	0.00186908	0.00116949	0.00716784	0.033508	0.00208332	0.000944145	0.298146	0.00329189	0.34466	0.0388644	0.00139322	0.0039074	0.00170034	0.00208836	0.00598733	0.0177069	0.209985	0.00521772	0.00870401
75	0.0150326	0.00266607	0.00616714	0.0336628	0.085418	0.0858931	0.00733273	0.0303663	0.0401347	0.0834599	0.0273464	0.0143462	0.00305832	0.0112733	0.0466217	0.0981512	0.0466919	0.032136	0.0544045	0.275837
76	0.00860388	0.000619702	0.0021439	0.00636235	0.00770299	0.00110337	0.000538436	0.457006	0.00228285	0.039911	0.00349624	0.00232266	0.00102616	0.00138848	0.00543361	0.0088379	0.00980255	0.434622	0.000122019	0.006674
77	0.148295	0.0338516	0.0254791	0.00849441	0.0149287	0.0513919	0.1241	0.00684212	0.0076383	0.00782865	0.00490106	0.0551929	0.00329299	0.0353892	0.00675013	0.215783	0.0425176	0.0339519	0.0212837	0.152088
78	0.0223228	0.00293276	0.0016766	0.00693593	0.00957126	0.00169246	0.000683614	0.434656	0.00180399	0.0509605	0.00611764	0.00297477	0.0014985	0.00181592	0.00328761	0.00606606	0.0139172	0.424534	0.000228781	0.00632316
79	0.577816	0.00446245	0.00382274	0.00319534	0.00204345	0.094309	0.00926707	0.0131151	0.00594503	0.00735376	0.00208795	0.00679805	0.00171066	0.00658096	0.0021076	0.228178	0.0223665	0.00564495	0.000567957	0.00262703
80	0.0260053	0.00169664	0.514843	0.0644171	0.00855416	0.0875458	0.00847987	0.0142753	0.0268556	0.0126009	0.0045904	0.12006	0.0126261	0.0116826	0.0124848	0.0335586	0.016064	0.0160355	0.00140282	0.00622145
81	0.0600539	0.0133365	0.0109958	0.014705	0.0123867	0.00771415	0.00542214	0.206072	0.00896237	0.0488112	0.0163044	0.0119923	0.00376327	0.00687026	0.00727727	0.0113527	0.0427929	0.502165	0.00091499	0.00810689
82	0.0488369	0.000773727	0.0232148	0.00261921	0.00153115	0.0310237	0.00119313	0.00198535	0.00315629	0.00261183	0.0108448	0.0212565	0.00068736	0.00638468	0.00211648	0.681897	0.155873	0.00239248	0.000392339	0.00120824
83	0.025393	0.00216805	0.00451847	0.0428326	0.0185391	0.0173407	0.43516	0.00560843	0.00532461	0.035234	0.00402948	0.114879	0.00286389	0.00725964	0.0231226	0.0214698	0.0344839	0.00645063	0.000884529	0.192438
84	0.0293728	0.00117643	0.00166772	0.00582836	0.310151	0.00416749	0.00521462	0.014217	0.00769145	0.0642894	0.0206708	0.00499093	0.00715671	0.0116792	0.0188846	0.00398098	0.0120408	0.01366	0.0168214	0.446338
85	0.0398319	0.00569566	0.000829302	0.00493267	0.0105602	0.00116955	0.000500817	0.345687	0.00115729	0.0596733	0.00969687	0.00413889	0.00139965	0.00129915	0.00135198	0.00283761	0.0201776	0.482435	0.00022878	0.00639736
86	0.0308979	0.00703627	0.0151111	0.0380167	0.00465057	0.00596207	0.0145674	0.00932079	0.37298	0.00569596	0.00586536	0.0112779	0.0619835	0.0746674	0.186248	0.0400077	0.100629	0.0103652	0.000386635	0.00433057
87	0.032716	0.00230622	0.0250639	0.242366	0.0250267	0.019445	0.0246722	0.00685182	0.131841	0.0402793	0.0050576	0.00667057	0.286851	0.0268872	0.0273477	0.0283177	0.0101646	0.00948896	0.0301826	0.0184641
88	0.0127364	0.000397922	0.10452	0.0250134	0.00708269	0.357066	0.0494287	0.0018288	0.109425	0.00645449	0.0160861	0.194199	0.00147417	0.0416247	0.0292267	0.0232493	0.0141629	0.00434037	0.000445512	0.00123748
89	0.044143	0.000766359	0.0228268	0.00240088	0.00143487	0.0313474	0.0011227	0.0019671	0.00322413	0.00238863	0.011628	0.0229175	0.000725596	0.00677521	0.00204038	0.682162	0.158278	0.00232635	0.000386371	0.0011388
90	0.245365	0.000862233	0.0103941	0.0680423	0.0133013	0.0145352	0.0221313	0.0283456	0.0665606	0.0683526	0.0108061	0.0268228	0.20396	0.0152698	0.0119867	0.0698093	0.0433464	0.0736159	0.000573166	0.00591887
91	0.0103423	0.002172	0.000736676	0.00444674	0.0092617	0.0028791	0.00054904	0.334541	0.0017019	0.434688	0.0595564	0.000942431	0.00616115	0.000941999	0.00171036	0.00171448	0.0158272	0.102652	0.00495228	0.00422305
92	0.0192541	0.000660497	0.646887	0.0694249	0.00894571	0.0244215	0.00220912	0.0135264	0.010372	0.0115098	0.00112317	0.107361	0.0140696	0.00588979	0.00442193	0.02803	0.0112195	0.0171098	0.000254944	0.00330925
93	0.0369383	0.00947153	0.0264182	0.0762231	0.00416545	0.0153316	0.00692797	0.0483602	0.200395	0.0655589	0.023524	0.0588571	0.00107934	0.100394	0.245084	0.0256617	0.0112586	0.0426547	0.000269909	0.00142627
94	0.0319127	0.00650036	0.201364	0.270777	0.0320019	0.0102456	0.0590611	0.0185776	0.0222054	0.0217355	0.0126809	0.0615578	0.00817569	0.0748952	0.0160713	0.0522998	0.0195176	0.0406063	0.00205979	0.0377547
95	0.513602	0.0260231	0.0176283	0.0203905	0.00750157	0.0657457	0.012985	0.0273549	0.0160611	0.02074	0.00825338	0.0135913	0.0108123	0.012099	0.0120646	0.11665	0.0430692	0.0435543	0.001657	0.010217
96	0.0495477	0.00126066	0.00272687	0.00498923	0.178135	0.0176574	0.00479962	0.0209107	0.0256401	0.174661	0.0196568	0.00558048	0.00729185	0.0413722	0.0775158	0.00687919	0.00699816	0.0296254	0.0112055	0.313546
97	0.0637503	0.00108451	0.0630719	0.246351	0.00425873	0.00808885	0.0306458	0.0182608	0.128495	0.0509426	0.0176886	0.0717436	0.0056646	0.0873359	0.0692118	0.0569239	0.0439829	0.026778	0.000531528	0.00518997
98	0.0349027	0.00936334	0.0368549	0.0619031	0.0126741	0.0309989	0.0302499	0.0269766	0.115879	0.0377078	0.0181207	0.162808	0.00819537	0.0903556	0.194261	0.0361026	0.0385984	0.0321515	0.00296677	0.0189297
99	0.324649	0.00354117	0.00853772	0.00620913	0.00203472	0.544157	0.00156367	0.00545009	0.00293755	0.010298	0.00209216	0.00222091	0.000876882	0.00265771	0.00254874	0.0467857	0.0214057	0.0101341	0.000462339	0.00143794
100	0.0171371	0.129364	0.00935012	0.0143225	0.0413697	0.00789352	0.0082812	0.0129563	0.016748	0.015282	0.00821447	0.315844	0.00494726	0.0798543	0.013461	0.0546293	0.225667	0.0149707	0.00219138	0.00751599
101	0.056427	0.0252839	0.0216989	0.0101716	0.0062398	0.0272866	0.00712852	0.0149263	0.0150032	0.012955	0.011836	0.0295124	0.00313508	0.00934743	0.00896001	0.461174	0.24112	0.0300511	0.00157841	0.00616433
102	0.0775045	0.0150249	0.00118765	0.00386588	0.00772775	0.00122086	0.000653118	0.171119	0.00146636	0.0313931	0.0114503	0.0100569	0.00038892	0.00107071	0.00220905	0.00260723	0.0450498	0.608431	0.000120948	0.00745258
103	0.0243859	0.00368882	0.00597763	0.0144977	0.290817	0.00731255	0.0152474	0.017178	0.010282	0.045539	0.0152718	0.0105992	0.0040454	0.0110615	0.0183267	0.0127971	0.0133957	0.0122132	0.0196837	0.447679
104	0.0505449	0.00929764	0.00728032	0.0127554	0.227293	0.00846468	0.00805988	0.100989	0.0107644	0.216015	0.0705027	0.00970076	0.0561169	0.0356941	0.0110489	0.0183437	0.0579468	0.0619609	0.0033581	0.0238624
105	0.17854	0.00265523	0.0057504	0.00871171	0.0214125	0.0983396	0.00486846	0.143229	0.00669294	0.040317	0.0046052	0.00519404	0.143486	0.00626487	0.0070635	0.0264238	0.0728003	0.218206	0.00130958	0.0041302
106	0.0201669	0.000476595	0.663682	0.0642583	0.00619019	0.0245764	0.000603753	0.0127471	0.00914677	0.0109191	0.000712128	0.104478	0.0151792	0.00388866	0.00398517	0.0277263	0.0114043	0.0174872	0.000174119	0.00219819
107	0.0227286	0.00386555	0.00883904	0.0489148	0.00834405	0.0229273	0.0301363	0.0231566	0.243487	0.0118472	0.00654407	0.0178003	0.00336237	0.0633638	0.334012	0.0305268	0.0557685	0.0382099	0.000606957	0.0255592
108	0.0847042	0.0191381	0.00219614	0.00499647	0.00712094	0.00326819	0.000951086	0.135543	0.00292395	0.0299413	0.0146556	0.0128277	0.000485428	0.00155025	0.00295461	0.0222822	0.0998832	0.548298	0.000352807	0.00592714
109	0.00998018	0.00155687	0.00155877	0.00985104	0.0430065	0.00170294	0.00106413	0.406248	0.00232488	0.16541	0.0117448	0.00148062	0.00195207	0.00239592	0.00237087	0.00750076	0.00714924	0.304785	0.00232507	0.0155922
110	0.1064	0.00827184	0.0428926	0.0416624	0.0172651	0.0190469	0.187193	0.022601	0.0321256	0.0349688	0.0182131	0.109946	0.150925	0.0293077	0.0272947	0.0532558	0.0367871	0.0342408	0.00287781	0.0247244
111	0.0351145	0.00675081	0.0133657	0.02437	0.0286458	0.0119397	0.0102266	0.0590431	0.0214023	0.176725	0.422628	0.0118489	0.00598118	0.0271625	0.0251824	0.0289059	0.0335502	0.0440235	0.00304179	0.0100929
112	0.00602354	0.0145824	0.00232218	0.00353018	0.221388	0.00656223	0.0141616	0.0752153	0.0029907	0.544279	0.024283	0.00233033	0.0032621	0.00389275	0.00905022	0.00407875	0.00439881	0.0178419	0.000543701	0.0392629
113	0.0880749	0.00608124	0.0378222	0.0725723	0.0166266	0.0306157	0.0792933	0.0217162	0.0459129	0.0350663	0.0157639	0.0456966	0.24832	0.030985	0.0308143	0.0975847	0.039568	0.040331	0.00331759	0.013837
114	0.00824309	0.00195796	0.0282443	0.328638	0.0726269	0.00401428	0.0775065	0.00517049	0.0716454	0.0293658	0.003464	0.0165232	0.104567	0.0324509	0.0959891	0.0343702	0.0320134	0.0465367	0.00265943	0.00401302
115	0.0498372	0.0117896	0.018358	0.231668	0.00776045	0.00191242	0.0109989	0.0414036	0.20311	0.0157646	0.00711755	0.0194279	0.000874921	0.0371577	0.230258	0.00465894	0.0333715	0.0612896	0.000325173	0.0129154
116	0.031932	0.00564519	0.00613492	0.0164125	0.0194598	0.00691091	0.00509591	0.310232	0.0129943	0.282993	0.0550125	0.00558399	0.00451031	0.00861286	0.0281699	0.0156189	0.0252786	0.144366	0.00317826	0.0118578
117	0.114578	0.246989	0.0020252	0.0032528	0.0017352	0.00186038	0.00156998	0.0342729	0.00272517	0.0696385	0.0129089	0.00900254	0.00101474	0.00305851	0.00251453	0.231439	0.243576	0.0157203	0.000479697	0.00163893
118	0.0463702	0.00114439	0.192873	0.187658	0.00446938	0.0142686	0.0219926	0.012733	0.0723563	0.0180062	0.00785244	0.1189	0.0348495	0.0373255	0.0367382	0.0707881	0.0807708	0.0152834	0.000491536	0.0251288
119	0.0211087	0.000830689	0.217156	0.0547831	0.00274897	0.24448	0.00971576	0.0132808	0.0550126	0.00340626	0.00902005	0.24007	0.00147175	0.0155961	0.0271661	0.0381071	0.0165763	0.00932315	0.0069475	0.0132004
120	0.0136178	0.00316224	0.000803492	0.00414111	0.00929306	0.00236846	0.000578991	0.326927	0.00214362	0.424072	0.0576106	0.00104987	0.00645016	0.00106219	0.00154487	0.00192807	0.0175966	0.116145	0.00533147	0.00417423
121	0.310749	0.143074	0.00372546	0.00647264	0.00672514	0.00521789	0.0024803	0.0682397	0.00603775	0.0586936	0.0125919	0.0058431	0.00250523	0.00596981	0.00562885	0.112416	0.150827	0.0888064	0.000523396	0.00347312
122	0.0753464	0.00891067	0.0325567	0.0211498	0.00748976	0.03624	0.0103177	0.0174751	0.0161137	0.0186124	0.0150049	0.0282934	0.00718536	0.0187834	0.015381	0.506115	0.130566	0.023035	0.00206409	0.00935953
123	0.0219292	0.00525337	0.00409999	0.0101389	0.03802	0.00457273	0.00331278	0.266848	0.00761334	0.382235	0.0651183	0.00313681	0.00590262	0.00575289	0.00724192	0.0108725	0.0237913	0.11936	0.00465142	0.0101495
124	0.0130225	0.00548958	0.00870608	0.0315661	0.00828464	0.00492116	0.108241	0.04099	0.0838072	0.105268	0.0301225	0.153083	0.00418445	0.0441312	0.208423	0.0150424	0.0108752	0.111807	0.00130066	0.0107345
125	0.133334	0.00200392	0.0400226	0.296936	0.0240268	0.00653141	0.025018	0.00942716	0.0172029	0.0136564	0.00600112	0.0078856	0.272121	0.0733733	0.00840417	0.0301104	0.00863754	0.00999364	0.0039998	0.0113144
126	0.0136939	0.000435379	0.11616	0.0292851	0.00922679	0.319462	0.0567874	0.00195272	0.1085	0.0054165	0.0151394	0.204588	0.00155444	0.0467059	0.0325308	0.0231004	0.0100986	0.00357773	0.000468417	0.0013167
127	0.0176614	0.0128974	0.00377037	0.420493	0.00281605	0.0251198	0.00303458	0.0288012	0.0491315	0.0276564	0.0031587	0.00330186	0.00151669	0.0657556	0.0165586	0.00691145	0.0392062	0.268904	0.000749787	0.00255563
128	0.0201669	0.000476595	0.663682	0.0642583	0.00619019	0.0245764	0.000603753	0.0127471	0.00914677	0.0109191	0.000712128	0.104478	0.0151792	0.00388866	0.00398517	0.0277263	0.0114043	0.0174872	0.000174119	0.00219819
129	0.015979	0.008626	0.00905619	0.0237124	0.00510687	0.00391723	0.0320013	0.0130001	0.326024	0.0110408	0.00888141	0.0246536	0.00871586	0.0472281	0.384794	0.0284124	0.0334462	0.00948349	0.000323678	0.00559798
130	0.0553516	0.00369586	0.00433621	0.00669997	0.187158	0.0107377	0.00555549	0.0172147	0.0276704	0.252363	0.0453863	0.0185785	0.0343582	0.0342539	0.0321851	0.00838766	0.0108093	0.0191343	0.00469762	0.221427
131	0.657749	0.0584654	0.00674971	0.00355466	0.00292913	0.0126049	0.00147287	0.0128891	0.00357261	0.00968196	0.00296369	0.0022959	0.00107031	0.00278303	0.0028144	0.086362	0.069776	0.0531975	0.000425744	0.00864196
132	0.0157544	0.00474945	0.00124366	0.00237097	0.133915	0.000968536	0.00493146	0.179148	0.00157122	0.250142	0.237511	0.00523326	0.00171667	0.011001	0.00160559	0.0119616	0.0289954	0.0831105	0.0102987	0.0137719
133	0.0669854	0.0179927	0.0143795	0.00416101	0.00188037	0.0211591	0.0016889	0.0372152	0.00400729	0.00375762	0.00961931	0.0223054	0.000837767	0.00249032	0.00433433	0.218338	0.449463	0.117409	0.000435334	0.00153938
134	0.180187	0.301434	0.0045991	0.00706318	0.00531536	0.00496985	0.00378082	0.0869879	0.00579598	0.0882976	0.019945	0.00485593	0.00210511	0.00588627	0.00581902	0.0290859	0.0303228	0.209277	0.000990399	0.00328158
135	0.27873	0.0164182	0.00466727	0.114743	0.0343662	0.019525	0.072934	0.00583256	0.0862191	0.00693897	0.00415454	0.00520074	0.00220512	0.0365768	0.143762	0.00765113	0.00744725	0.0230729	0.001056	0.1285
136	0.0155293	0.00488877	0.00879094	0.0267384	0.0051276	0.00491398	0.0252106	0.017667	0.379292	0.0131582	0.00851526	0.0352558	0.00621036	0.0567947	0.314439	0.0239084	0.033168	0.0138019	0.000278335	0.00631226
137	0.00674733	0.0143675	0.00242379	0.00410338	0.165194	0.0103362	0.0103019	0.0459995	0.00428672	0.578265	0.0822397	0.00346235	0.00364159	0.00528999	0.00748878	0.00359736	0.00496737	0.00920235	0.000465277	0.0376206
138	0.0673763	0.0187839	0.014446	0.00419223	0.00184586	0.0206652	0.00178858	0.0382314	0.00412699	0.00384236	0.00961976	0.0232601	0.00171303	0.0028339	0.0045954	0.216143	0.445444	0.118961	0.000446319	0.00168573
139	0.020143	0.00268855	0.0087458	0.0168948	0.295351	0.00741112	0.0205028	0.0173624	0.0112957	0.0376401	0.0136646	0.0143171	0.00435429	0.00937582	0.0170985	0.0126758	0.0140111	0.0104533	0.0206532	0.445361
140	0.0380501	0.000485737	0.262833	0.16303	0.00527777	0.0114087	0.0148098	0.0154258	0.0559595	0.0125296	0.00430998	0.109609	0.0599065	0.0121548	0.0226753	0.0741585	0.11045	0.0155259	0.000229126	0.0111716
141	0.0774807	0.000768303	0.222178	0.255561	0.00156454	0.0269493	0.00348668	0.00242761	0.059609	0.0181014	0.00762051	0.0891974	0.00174271	0.0747871	0.0348737	0.0670408	0.0304815	0.00812871	0.00048041	0.0175209
142	0.0871244	0.0155489	0.000875614	0.00388831	0.00779835	0.00174832	0.000645193	0.15602	0.00111715	0.0333056	0.011982	0.0103301	0.000377263	0.000967537	0.00115505	0.00145657	0.0450877	0.614142	0.000119037	0.00631084
143	0.0420773	0.00109351	0.0968302	0.0863404	0.00257034	0.0370712	0.0138577	0.00334345	0.0850373	0.0138384	0.00980447	0.208273	0.016853	0.0794581	0.0683382	0.0758418	0.0442661	0.0102689	0.000390467	0.104446
144	0.0622412	0.00101339	0.0768075	0.0701764	0.0141014	0.0228308	0.00294461	0.0210533	0.0449	0.0302929	0.0102681	0.0493154	0.356433	0.0575226	0.0376283	0.0635291	0.034734	0.0340824	0.000630546	0.00949512
145	0.0457712	0.00205543	0.274271	0.266337	0.00540209	0.0126917	0.0128886	0.00969298	0.0424855	0.0143297	0.0229427	0.0430284	0.0137627	0.0984006	0.0209455	0.0687587	0.0217508	0.0116621	0.00301547	0.00980829
146	0.185417	0.0511319	0.00443739	0.0101473	0.00381571	0.00414018	0.00411732	0.0755009	0.00828958	0.00988597	0.00555166	0.0345175	0.0907463	0.0247765	0.0225234	0.237821	0.124064	0.0828801	0.000995828	0.0192408
147	0.0327062	0.00547456	0.0240759	0.153018	0.0117318	0.00731725	0.0241138	0.019842	0.250224	0.0208306	0.0118777	0.0389525	0.00167983	0.10471	0.198897	0.0273744	0.0298339	0.0313017	0.000469764	0.00556932
148	0.0128095	0.00135896	0.000969554	0.00679016	0.028957	0.00138752	0.000781383	0.500018	0.00144953	0.0672352	0.00809156	0.00112657	0.00463131	0.00217423	0.00185209	0.00498943	0.00554484	0.342221	0.000159832	0.00745204
149	0.00964725	0.000504763	0.0213827	0.05887	0.00924706	0.0019238	0.0015765	0.230122	0.0409912	0.128967	0.0192672	0.011011	0.00189798	0.0156081	0.0148605	0.0129318	0.10698	0.306412	0.00060977	0.00718985
150	0.0156721	0.00358648	0.00209745	0.00727483	0.106287	0.00193879	0.00320325	0.171757	0.00431826	0.282705	0.103266	0.00376426	0.00243852	0.00746042	0.00335564	0.0162741	0.0323228	0.20806	0.0138068	0.010411
151	0.0201669	0.000476595	0.663682	0.0642583	0.00619019	0.0245764	0.000603753	0.0127471	0.00914677	0.0109191	0.000712128	0.104478	0.0151792	0.00388866	0.00398517	0.0277263	0.0114043	0.0174872	0.000174119	0.00219819
152	0.021629	0.000698074	0.116672	0.472995	0.00452983	0.00705103	0.00573017	0.0464984	0.0359449	0.00554192	0.00339372	0.0202691	0.0241947	0.0395175	0.0164629	0.046979	0.072677	0.0568963	0.000392524	0.00192701
153	0.0558462	0.00351548	0.0347214	0.113178	0.00428237	0.00668152	0.0485136	0.0327058	0.107016	0.0366128	0.0224769	0.0527909	0.0128815	0.0875965	0.283381	0.0538521	0.0205551	0.0189353	0.000654503	0.00380319
154	0.0198005	0.00124625	0.0564625	0.0230616	0.00817913	0.337662	0.0351094	0.00422908	0.0961726	0.0433971	0.0141792	0.137649	0.0115746	0.0241958	0.0405277	0.0408115	0.0818478	0.0159998	0.000859488	0.00703552
155	0.0604849	0.00117977	0.0281976	0.181591	0.0489755	0.00868253	0.00139153	0.138262	0.0470325	0.160215	0.0378426	0.00195684	0.00692637	0.0332127	0.0546324	0.0229867	0.0501537	0.108298	0.000469613	0.00750817
156	0.609473	0.0030836	0.0020926	0.00240257	0.00146557	0.0913072	0.00903405	0.0127307	0.00601137	0.00693301	0.00124676	0.00579022	0.000785897	0.00620256	0.00184916	0.217958	0.0168647	0.00318824	0.000275811	0.00130494
157	0.0135722	0.00393769	0.0505486	0.162728	0.00552319	0.00577545	0.353244	0.00852004	0.0377462	0.0095001	0.0505122	0.0914774	0.00395746	0.00835875	0.0870352	0.0132484	0.0770965	0.0102584	0.00155064	0.0054094
158	0.0229633	0.00997332	0.021256	0.0557894	0.00608615	0.0103359	0.0152217	0.0350437	0.257214	0.038309	0.0238922	0.047304	0.0011912	0.0930013	0.286495	0.0295897	0.016207	0.026757	0.000249693	0.00312037
159	0.00977897	0.00218768	0.00103863	0.00400512	0.010571	0.00281243	0.000719926	0.319753	0.00191415	0.435917	0.0854669	0.0012923	0.00667693	0.00162899	0.00217968	0.00237835	0.0114323	0.0894427	0.00613688	0.00466708
160	0.0184537	0.0019346	0.00135853	0.00628544	0.00913762	0.00118526	0.000436512	0.453109	0.00152457	0.0507205	0.00521797	0.00245976	0.00121374	0.00139086	0.00321519	0.00583938	0.0117011	0.418224	0.000133039	0.00645863
161	0.136706	0.00466276	0.0728418	0.344253	0.0162381	0.0119028	0.0189482	0.0171552	0.048742	0.0296324	0.0128082	0.0261752	0.0196991	0.101562	0.0327369	0.0340289	0.0220866	0.0225379	0.00301941	0.0242631
162	0.0525992	0.00144524	0.31247	0.248234	0.00339734	0.00942834	0.01175	0.00386361	0.0413925	0.013848	0.0208657	0.0467563	0.00354275	0.0957647	0.0168316	0.0801594	0.0163093	0.00875515	0.00322341	0.00936274
163	0.0751414	0.113431	0.00742374	0.0112015	0.371463	0.005593	0.00559314	0.0134048	0.0098236	0.211623	0.00837971	0.00780251	0.00506896	0.00930806	0.0091532	0.0394892	0.0392069	0.0494709	0.00185074	0.00557158
164	0.126792	0.0127136	0.0171714	0.0387099	0.0337439	0.0219751	0.0128988	0.0796331	0.043037	0.111052	0.216782	0.0183494	0.010737	0.0334435	0.0346058	0.0531426	0.0465814	0.0688557	0.00403819	0.0157371
165	0.0109174	0.000242734	0.000665136	0.00642431	0.0116944	0.00131205	0.000363295	0.525232	0.000779134	0.0750864	0.00640748	0.000631029	0.00198436	0.00151668	0.00115114	0.00367215	0.00429203	0.340542	0.000161792	0.00692464
166	0.16323	0.0227468	0.00124157	0.0121193	0.0222902	0.00316968	0.000808657	0.181887	0.0195407	0.215246	0.0831847	0.00181412	0.000484964	0.00790045	0.0282644	0.0364513	0.0352127	0.151794	0.000283642	0.0123299
167	0.669072	0.0547875	0.0072274	0.0037293	0.00252858	0.015888	0.00177639	0.00800111	0.00395326	0.00609163	0.00246628	0.00245999	0.00114702	0.0031752	0.00288589	0.0912539	0.0691799	0.0446604	0.000459088	0.00925702
168	0.0410919	0.0142248	0.14081	0.0707352	0.0167441	0.0619363	0.0410741	0.0279565	0.0619667	0.0312458	0.016678	0.210012	0.0208007	0.0413248	0.0434234	0.0506234	0.0481333	0.0331296	0.00393587	0.0241538
169	0.035858	0.021217	0.027201	0.229132	0.00749725	0.0547937	0.0086691	0.0404136	0.068387	0.060918	0.0148704	0.0192067	0.00261281	0.114958	0.110642	0.0574613	0.0650708	0.0507262	0.00319995	0.00716466
170	0.113679	0.0572656	0.00668508	0.0226159	0.00368976	0.0065765	0.00369453	0.0431327	0.034636	0.0225031	0.0214283	0.00837827	0.00281902	0.00715949	0.0364311	0.0817808	0.355479	0.167751	0.000872178	0.00342141
171	0.0796552	0.013966	0.000848313	0.00355197	0.00850007	0.00116867	0.000678433	0.1554	0.00110815	0.0323798	0.0128721	0.00962813	0.000529278	0.00102067	0.00109935	0.00139863	0.0427746	0.627232	0.000132643	0.00605633
172	0.60521	0.0427608	0.0151569	0.00679374	0.00264749	0.0380643	0.00338542	0.00801422	0.00433944	0.00748805	0.00317299	0.00369258	0.001211	0.00432591	0.00484199	0.130375	0.0647891	0.0429736	0.00155018	0.00920702
173	0.0446656	0.00381896	0.0413318	0.299606	0.00434672	0.0123717	0.0125311	0.00830805	0.217004	0.0189567	0.00962479	0.0501414	0.00130157	0.0716435	0.0992193	0.0570294	0.0362927	0.00820097	0.000384522	0.00322101
174	0.0851792	0.00160078	0.0396016	0.0387916	0.011815	0.0272119	0.0111155	0.0174731	0.0501204	0.0395488	0.00851763	0.0536088	0.384814	0.0334055	0.0252626	0.0618295	0.0526103	0.0481046	0.000897229	0.00849165
175	0.0916983	0.0242726	0.00646265	0.0127612	0.133858	0.146992	0.00514198	0.0539488	0.00838386	0.0350535	0.0671684	0.00653416	0.00372614	0.00859431	0.00824501	0.180764	0.0652722	0.114341	0.00139585	0.0253864
176	0.0108257	0.0020787	0.00066904	0.00337106	0.0104339	0.00239123	0.000537525	0.339812	0.00142185	0.421005	0.0650527	0.000898292	0.00811591	0.00101172	0.00163104	0.00171586	0.0103971	0.106396	0.00730671	0.00492946
177	0.024309	0.0048106	0.0107737	0.0152264	0.219547	0.0101946	0.0850458	0.0149353	0.0488441	0.0383876	0.0111714	0.011077	0.00466753	0.106207	0.142172	0.0174212	0.0153617	0.0176311	0.00480682	0.19741
178	0.0333299	0.00905048	0.0225691	0.0482248	0.0133932	0.0142831	0.0427225	0.0245213	0.136331	0.0281299	0.0186891	0.0294749	0.0106484	0.0490008	0.404051	0.0308618	0.0449449	0.0246026	0.00191961	0.0132515
179	0.00478988	0.00119111	0.004982	0.00702894	0.00627177	0.000991919	0.00094794	0.381897	0.00504794	0.0158086	0.00145305	0.00503761	0.000607764	0.00150023	0.0122532	0.0159874	0.0194927	0.50479	0.000204672	0.00971572
180	0.0305245	0.00772186	0.02321	0.0539172	0.0238773	0.0137363	0.134119	0.0488791	0.0391701	0.110365	0.022384	0.040239	0.00902102	0.106515	0.0638245	0.0330805	0.0331421	0.177815	0.0050126	0.0234453
181	0.024335	0.000858599	0.182842	0.463355	0.00446557	0.0264393	0.00165092	0.0251395	0.0402025	0.0102209	0.00170324	0.0127301	0.0668298	0.0374926	0.0191595	0.0431265	0.0235864	0.0132346	0.000566529	0.00206128
182	0.0621273	0.00117101	0.0630122	0.248237	0.00439211	0.00834531	0.0306326	0.0185702	0.125942	0.051022	0.0179645	0.0711176	0.00575854	0.0878937	0.0687852	0.0571108	0.0446726	0.0274033	0.000545453	0.00529714
183	0.07652	0.00932702	0.0283755	0.0706631	0.0280545	0.0260952	0.0251231	0.0379321	0.0438845	0.0566221	0.079206	0.0343166	0.242088	0.0396215	0.0352733	0.0576843	0.0460518	0.0401029	0.00422949	0.0188288
184	0.0201083	0.00047715	0.663804	0.0642012	0.0062252	0.0245752	0.00060399	0.0127249	0.00915205	0.010939	0.00071196	0.104338	0.0151713	0.00390243	0.00396623	0.0278794	0.0113843	0.0174509	0.000174909	0.0022089
185	0.0867146	0.00117139	0.0428327	0.166681	0.02049	0.0380305	0.00380824	0.0312214	0.0387444	0.0449281	0.0346727	0.0289474	0.231455	0.0542168	0.0264954	0.0817922	0.0424743	0.0203904	0.000768608	0.00416481
186	0.0627077	0.000631861	0.265404	0.327869	0.00148805	0.0130821	0.00178511	0.00546371	0.0630029	0.0153448	0.0038213	0.0497193	0.00697049	0.0572912	0.0250255	0.0570567	0.0233114	0.0115672	0.000456019	0.00800141
187	0.0183157	0.00452237	0.0135577	0.0469351	0.0057954	0.00622157	0.0205266	0.0127585	0.382462	0.0110982	0.0106285	0.0359068	0.00475856	0.0480851	0.290277	0.0325445	0.0365285	0.00957726	0.000323125	0.00917775
188	0.0107758	0.00206028	0.000691194	0.00340924	0.0123475	0.00230682	0.000607531	0.330241	0.00159999	0.420797	0.0664653	0.00104215	0.00724572	0.00114355	0.00171823	0.00210967	0.0108282	0.109214	0.0101773	0.00521966
189	0.0929563	0.0117278	0.00127042	0.00671887	0.0274677	0.00276025	0.00126193	0.167458	0.0125627	0.278587	0.127971	0.00154609	0.000797555	0.0125178	0.0222308	0.028992	0.0388777	0.154317	0.000571977	0.00940716
190	0.0868973	0.0130302	0.00108673	0.00679643	0.0230035	0.00261744	0.000822839	0.187645	0.0134495	0.292404	0.108513	0.00125493	0.000760386	0.00874591	0.0197008	0.023405	0.0419189	0.15845	0.00042797	0.00907069
191	0.0284831	0.00464047	0.00262931	0.0114229	0.0222388	0.00266096	0.00139201	0.267516	0.00941183	0.284503	0.0577525	0.00249359	0.00294416	0.00560289	0.00921629	0.015396	0.032882	0.227672	0.00445826	0.00668413
