283	20
1	0.0638899	0.00206133	0.00381311	0.00426781	0.057066	0.0491171	0.000574048	0.26001	0.000569586	0.21424	0.0456349	0.00172093	0.0507851	0.000882067	0.000550557	0.0337988	0.0575957	0.127929	0.0195539	0.00593938
2	0.0736533	0.00857075	0.000204623	0.000331023	0.0930751	0.00980018	0.00207026	0.14217	0.00528336	0.38262	0.0699724	0.0023215	0.00257222	0.00842006	0.00228637	0.0312743	0.0407733	0.104878	0.00954353	0.0101803
3	0.190215	0.00324313	0.00473436	0.00046476	0.00147667	0.380016	0.000869029	0.00254557	0.000500189	0.00385489	0.00192405	0.0176171	0.00321232	0.00212616	0.000419002	0.368078	0.00854848	0.00901662	0.000423203	0.000716114
4	0.0442056	0.00257944	8.88174e-05	0.000120984	0.107963	0.00300911	0.000128491	0.157923	0.000227195	0.489972	0.019807	0.000299693	0.000442369	0.000275148	0.000110096	0.00661461	0.0136774	0.149763	0.00254904	0.000245137
5	0.0534084	0.0109904	0.00370537	0.0167831	0.0196888	0.0267105	0.0113221	0.0338919	0.0166448	0.040811	0.0279746	0.0176007	0.00695713	0.554341	0.0208514	0.0459683	0.0361741	0.0417454	0.0058985	0.00853288
6	0.0409656	0.00959821	0.00338529	0.00441089	0.168543	0.018907	0.190016	0.140401	0.00687727	0.0661913	0.118597	0.0131917	0.00569206	0.0805296	0.00553927	0.0308378	0.0320869	0.0503008	0.00466489	0.0092643
7	0.0342339	0.00328428	0.00128447	0.00118965	0.0520239	0.0059798	0.00137888	0.0320486	0.00208668	0.439117	0.16891	0.00300391	0.00171771	0.00364709	0.00173467	0.0289064	0.0621276	0.152553	0.00229373	0.00247793
8	0.0526622	0.022432	0.000161	0.000165059	0.109725	0.0110709	0.000301438	0.186322	0.000716944	0.267763	0.108532	0.000652571	0.000325587	0.00095759	0.000472832	0.0190056	0.0306966	0.168997	0.0054999	0.0135408
9	0.330761	0.0372788	0.000543563	0.000903056	0.00884396	0.0299639	0.000846096	0.0248665	0.00111411	0.0113061	0.00741194	0.00270348	0.00265308	0.00173519	0.000728316	0.12212	0.228651	0.185414	0.000719477	0.00143565
10	0.114152	0.00903835	0.00178165	0.00417743	0.0426538	0.0170836	0.00545716	0.0854124	0.0064736	0.289855	0.246624	0.00850907	0.00481565	0.013279	0.00393984	0.0273113	0.0315732	0.0742186	0.00542564	0.00821955
11	0.0443043	0.0451489	0.00093988	0.00180282	0.382507	0.00857084	0.0020043	0.0687098	0.00353499	0.181051	0.0281464	0.00320619	0.00191277	0.0037057	0.00230176	0.017047	0.0514841	0.137073	0.00285629	0.0136942
12	0.157205	0.00312422	0.00100778	0.0056051	0.00448855	0.37779	0.00458378	0.0100451	0.00616803	0.0184718	0.00794306	0.037715	0.203218	0.0303499	0.00457426	0.0789315	0.0311011	0.0152099	0.00105593	0.0014129
13	0.572045	0.0152453	0.000145836	0.000176424	0.00700264	0.055687	0.0019651	0.0035765	0.000221361	0.00349482	0.000910642	0.0006201	0.00026504	0.000352827	0.000172131	0.316927	0.0103751	0.00426218	0.00222644	0.00432789
14	0.0413271	0.010619	0.00333314	0.00401291	0.0122552	0.0155187	0.00417007	0.044428	0.00428166	0.0994451	0.118915	0.0230717	0.00350517	0.00770472	0.00376978	0.0961266	0.454385	0.0447199	0.00309618	0.00531541
15	0.0202914	0.00103123	0.000373259	0.000374068	0.0107772	0.00265627	0.00044682	0.343076	0.00221631	0.0245805	0.00842024	0.0031662	0.000509401	0.000745573	0.00182452	0.00220724	0.00798835	0.565961	0.000326648	0.003028
16	0.0258454	0.00497751	0.000193767	0.000213711	0.107764	0.00386644	0.000302348	0.103762	0.000854019	0.599663	0.0644261	0.000746172	0.00125199	0.00139541	0.00037277	0.00789625	0.0113273	0.0593943	0.00391131	0.00183611
17	0.0846044	0.00487215	0.00214285	0.00235527	0.00809581	0.00836387	0.00243898	0.0237588	0.0024283	0.0195652	0.104252	0.00424117	0.00252732	0.004066	0.00243393	0.0129562	0.0160219	0.689589	0.00168669	0.00359992
18	0.0950509	0.00204217	0.00494689	0.0014283	0.00358901	0.0185137	0.00491152	0.00761076	0.000663855	0.0123786	0.00582422	0.00694399	0.707874	0.00211675	0.00111919	0.0944345	0.0207362	0.00864313	0.000458188	0.000713849
19	0.0303693	0.0013947	0.00029467	0.000415386	0.0823821	0.00147613	0.000673717	0.297253	0.0306244	0.251604	0.0701843	0.0101952	0.000482563	0.0118244	0.00795109	0.0153019	0.0581429	0.0904404	0.000639877	0.0383505
20	0.00887055	0.00254932	0.000139259	0.000245145	0.0226793	0.00191756	0.000193056	0.176195	0.000241081	0.648576	0.0562297	0.000546179	0.000488957	0.00151447	0.000228273	0.00296274	0.00835707	0.065224	0.000627772	0.00221441
21	0.0175062	0.0105657	0.000175484	0.000253819	0.0926614	0.00720764	0.000228026	0.223208	0.00101203	0.324221	0.180148	0.000693795	0.000393128	0.000752411	0.000459449	0.00482375	0.0150032	0.0978246	0.00738042	0.0154821
22	0.00369554	0.0010365	0.485	0.0167373	0.00170999	0.00231373	0.0147761	0.00299252	0.020703	0.00423148	0.00204086	0.303071	0.0466012	0.00758623	0.000587244	0.0696637	0.00985488	0.00395085	0.00037008	0.00307784
23	0.0991457	0.0166376	0.000521995	0.000785989	0.00861716	0.00393629	0.000852715	0.214976	0.000794837	0.0315753	0.0285171	0.00163722	0.103619	0.00152088	0.000725276	0.0698465	0.134182	0.280468	0.000710611	0.000929695
24	0.174489	0.00401656	0.00137671	0.00476102	0.00205807	0.142298	0.00117824	0.00532426	0.0011337	0.0157185	0.00463047	0.066835	0.0176197	0.0121451	0.00104151	0.500145	0.0364524	0.00727481	0.00059164	0.000910538
25	0.0767409	0.00653544	0.000871967	0.000453391	0.0120168	0.00335791	0.000461175	0.248177	0.000572542	0.0547054	0.0684148	0.00199588	0.00596542	0.000887638	0.000501972	0.04462	0.176487	0.29333	0.000356174	0.00354894
26	0.266648	0.0280008	0.00101346	0.00161711	0.00413251	0.0330506	0.00184342	0.033192	0.00136222	0.0103658	0.00897773	0.0125705	0.00163421	0.00364934	0.00109972	0.119483	0.402419	0.0663204	0.000802375	0.00181841
27	0.0201979	0.00384354	0.000298837	0.000209932	0.0336662	0.00476377	0.000626492	0.237081	0.000435481	0.519275	0.0452746	0.000812502	0.00097534	0.00153846	0.00057171	0.00534996	0.0124761	0.107368	0.00156666	0.00366868
28	0.0105226	0.00262705	0.000392957	0.000545483	0.295285	0.0022168	0.000593863	0.110284	0.000604814	0.335385	0.0335602	0.000941966	0.000564132	0.00101486	0.00059797	0.00436682	0.00502661	0.193561	0.00089481	0.00101449
29	0.21164	0.127084	0.00134088	0.00176348	0.11969	0.0832118	0.00147015	0.0102549	0.00179303	0.0306087	0.0949973	0.00248705	0.00131935	0.00317114	0.00166343	0.0930182	0.198183	0.0129663	0.00114924	0.00218857
30	0.255871	0.0376552	0.00359595	0.00927	0.00838285	0.0679196	0.0051859	0.0206404	0.00536217	0.0203597	0.0123922	0.102593	0.010327	0.0137085	0.00374397	0.340949	0.0494144	0.0248136	0.00220061	0.00561442
31	0.120312	0.000318391	9.76694e-05	0.000146181	0.000383901	0.835995	0.000154287	0.000838149	0.000173696	0.00231039	0.000517823	0.00134366	0.000349246	0.00128137	0.000169342	0.0336543	0.000697888	0.000977662	0.000111199	0.000166971
32	0.0149135	0.00903495	0.000170555	0.000215798	0.00755595	0.00201372	0.000250691	0.429208	0.000306603	0.190694	0.0203286	0.00208776	0.000205384	0.000510214	0.000250163	0.001412	0.0265859	0.291442	0.000384782	0.00243017
33	0.126796	0.000331239	0.000101913	0.00014772	0.000382314	0.829438	0.00015678	0.000849476	0.0001761	0.00242368	0.000527392	0.00106613	0.000377155	0.00121566	0.000154917	0.0338476	0.00071157	0.000995564	0.000112246	0.000187789
34	0.0385409	0.0217889	0.00236518	0.00130995	0.00378299	0.0140244	0.000922521	0.0115886	0.00224607	0.0126031	0.00870842	0.0104397	0.00185243	0.00323963	0.00124821	0.0599746	0.777715	0.0248507	0.00123197	0.00156648
35	0.0112002	0.00252888	0.000161351	0.000227399	0.0281571	0.00268315	0.000258279	0.435946	0.000610031	0.351638	0.0463234	0.000800553	0.000286832	0.000782995	0.000314411	0.00218112	0.00843704	0.104678	0.000448946	0.00233649
36	0.0235733	0.00122521	7.55719e-05	9.0265e-05	0.0307506	0.00677282	9.59004e-05	0.428959	0.00012514	0.26087	0.0322297	0.000296641	0.000110904	0.000184994	9.75943e-05	0.00145749	0.0110339	0.198536	0.00133358	0.00218176
37	0.025837	0.00464985	0.000614236	0.000794626	0.355017	0.00802241	0.0452554	0.00571911	0.00103898	0.0157917	0.00391588	0.00151618	0.000658232	0.00176785	0.00109188	0.00941949	0.0128537	0.00737543	0.00601912	0.492642
38	0.0302187	0.00213264	0.000723793	0.0011781	0.0261927	0.0047965	0.0722722	0.303513	0.00381645	0.211335	0.117197	0.00373334	0.00130672	0.0500481	0.00337286	0.021943	0.0283786	0.112745	0.00295358	0.00214235
39	0.052427	0.0084254	0.000147037	0.0001951	0.16524	0.00934872	0.000259425	0.155191	0.00116263	0.422076	0.0421572	0.00187315	0.00320676	0.0011125	0.000222162	0.0192849	0.0285082	0.051948	0.0259479	0.0112665
40	0.0581247	0.0433225	0.000253449	0.000298363	0.0270324	0.0181002	0.00037226	0.288685	0.000347	0.185858	0.0190727	0.000639734	0.000324404	0.000405422	0.000337597	0.0152802	0.040966	0.299662	0.000243239	0.000673717
41	0.0510125	0.0288121	0.00222992	0.000953697	0.00230973	0.0174108	0.000978207	0.0106891	0.0018167	0.008353	0.00620347	0.00954361	0.00100984	0.00306895	0.000991298	0.0742135	0.748671	0.0300336	0.000631807	0.00106728
42	0.0560046	0.00143327	0.00439948	0.00529241	0.00201255	0.0145433	0.00488881	0.00889952	0.000666131	0.0179653	0.00591361	0.00537888	0.762512	0.00138947	0.00294067	0.079063	0.0199485	0.00547823	0.000504877	0.000764987
43	0.193828	0.00434028	0.000653872	0.00133823	0.0149709	0.00604646	0.00112751	0.171128	0.00127748	0.081451	0.0161872	0.0295621	0.00381276	0.0186704	0.00112891	0.0777937	0.0536595	0.320356	0.00107183	0.00159674
44	0.0178106	0.00530257	0.000337545	0.000599712	0.296106	0.0083747	0.0350886	0.00343393	0.000764786	0.0151412	0.00243476	0.00132359	0.000556165	0.000991345	0.000638695	0.00923426	0.0141688	0.00414474	0.00716544	0.576383
45	0.0318823	0.00662962	0.000425152	0.000791656	0.0457243	0.00574384	0.000570553	0.188954	0.00320833	0.388959	0.113089	0.00224487	0.000754899	0.00325932	0.00144554	0.00709888	0.013291	0.132913	0.00313444	0.04988
46	0.121719	0.000326709	0.000148527	0.00014929	0.000380418	0.833891	0.000163347	0.000855437	0.0001831	0.00234439	0.000520686	0.00135388	0.000363292	0.00125883	0.00016795	0.0341844	0.000711557	0.000978281	0.000112261	0.00018725
47	0.12666	0.00377275	0.00611771	0.0033692	0.00379223	0.210817	0.00151426	0.00799486	0.00328464	0.00957065	0.00556201	0.0335755	0.00724673	0.00603298	0.00233119	0.535662	0.0180342	0.0118226	0.000948233	0.00189084
48	0.113405	0.00633786	0.00443889	0.00493171	0.00790503	0.115037	0.00312452	0.0167985	0.00460027	0.0199476	0.0113769	0.0300389	0.00690997	0.00788702	0.00212028	0.58642	0.0299374	0.0240173	0.00154242	0.00322384
49	0.0647698	0.0345535	0.00184476	0.00316507	0.58395	0.0105847	0.0109253	0.02428	0.00537487	0.0738676	0.0154914	0.00519196	0.00353694	0.00542672	0.00341887	0.0170999	0.0316851	0.0447328	0.00258292	0.0575175
50	0.457346	0.0159308	0.000420164	0.000640028	0.00228557	0.0281015	0.000545941	0.039036	0.000576799	0.0149935	0.0147111	0.00122727	0.000730875	0.00095322	0.000460878	0.2148	0.106883	0.0951744	0.000512005	0.0046705
51	0.0176447	0.00497908	0.000330833	0.00056276	0.312883	0.00805857	0.0346805	0.00334012	0.000729894	0.0138279	0.00242751	0.00128586	0.000550508	0.000940495	0.000669793	0.00892238	0.0128886	0.00394152	0.00695509	0.564381
52	0.00674734	0.000539577	0.000189755	0.000208244	0.00687072	0.000844755	0.000164409	0.762963	0.00024849	0.0471712	0.0298402	0.000432355	0.000199117	0.000371021	0.000197752	0.00118001	0.00217711	0.139017	0.000236576	0.000401012
53	0.497606	0.00282169	0.000419022	0.000544123	0.00217947	0.196861	0.00045309	0.0134991	0.000633034	0.00783972	0.0147674	0.0122849	0.0380483	0.00146142	0.000408913	0.110498	0.0647532	0.0339715	0.00038638	0.000564083
54	0.307655	0.00809947	0.00117347	0.00106465	0.0124326	0.0876786	0.00102378	0.0218557	0.000999745	0.00576153	0.00581995	0.00917313	0.337706	0.00670153	0.00065417	0.108536	0.0288128	0.053479	0.000431105	0.000941712
55	0.0904249	0.0281872	0.000401889	0.00016962	0.0882811	0.013491	0.000122581	0.165702	0.000652767	0.208892	0.0639006	0.000690578	0.000188328	0.000717839	0.000339507	0.0379463	0.0514183	0.223998	0.00418675	0.0202886
56	0.343847	0.0012661	0.0307421	0.078763	0.024517	0.109617	0.0166453	0.0109234	0.0167793	0.0271578	0.0404106	0.0167257	0.000706964	0.00942395	0.000632252	0.0945996	0.0508793	0.0979513	0.000591818	0.0278209
57	0.319803	0.00488484	0.000914495	0.00113807	0.00482331	0.00756264	0.00104094	0.153773	0.00139174	0.0198569	0.0570481	0.00315408	0.00514491	0.00272322	0.00115397	0.0439898	0.0922967	0.276192	0.00102885	0.00207935
58	0.04826	0.0172141	0.000781112	0.00110307	0.0506223	0.0352616	0.00187227	0.0125971	0.0328881	0.394717	0.112352	0.00360153	0.00131504	0.151688	0.0154878	0.0240115	0.036212	0.0405685	0.002459	0.0169875
59	0.10814	0.0520729	0.000712848	0.00701437	0.0553297	0.140566	0.00160471	0.04112	0.00152773	0.0973215	0.0326849	0.00273346	0.00103247	0.0214024	0.00170206	0.256902	0.111656	0.0633463	0.00126756	0.00186358
60	0.129781	0.000334607	0.000102279	0.000148449	0.000397893	0.826808	0.000171461	0.000877569	0.000179866	0.00249417	0.000557341	0.000994707	0.000378291	0.0011922	0.000153136	0.0333957	0.000723658	0.00100742	0.000114491	0.000187676
61	0.0940307	0.0315689	6.85758e-05	0.000125836	0.0974532	0.0127899	0.000106364	0.155252	0.000149342	0.225793	0.0555393	0.000293747	0.00012042	0.000506567	0.000113388	0.0361686	0.0413724	0.224106	0.00496822	0.0194741
62	0.236978	0.0546951	0.000356026	0.00040803	0.0215997	0.0389782	0.000448064	0.0174364	0.000551888	0.0168364	0.00199937	0.000797485	0.000417714	0.00112522	0.000350643	0.137249	0.11652	0.352186	0.000414529	0.000652594
63	0.133795	0.000670465	0.000499159	0.000224143	0.000459345	0.782065	0.000189215	0.00119545	0.00017692	0.00252129	0.00100433	0.00276321	0.001253	0.00131747	0.000173533	0.0662028	0.00278478	0.00239601	0.000128061	0.000181193
64	0.0462576	0.00275337	8.79694e-05	0.000141607	0.099573	0.0031709	0.000135166	0.158338	0.000195387	0.498184	0.0166588	0.000255215	0.000305831	0.000261178	0.000114802	0.00594007	0.0138755	0.150765	0.00273347	0.000253348
65	0.0925487	0.031792	6.7675e-05	0.000125393	0.0972071	0.0125344	0.000111542	0.154901	0.000157582	0.224877	0.0551882	0.000257393	0.000131839	0.000513889	0.00011851	0.0355806	0.0407416	0.22955	0.00480668	0.0187897
66	0.0678797	0.00627036	0.00231421	0.00678464	0.101414	0.0539562	0.00329604	0.0305376	0.0936526	0.142508	0.0335323	0.0443378	0.00261612	0.0582697	0.075341	0.0539182	0.0297783	0.0454467	0.0425383	0.105608
67	0.0942826	0.0314935	6.79473e-05	0.000126219	0.0981575	0.0126392	0.000107869	0.153865	0.000150752	0.227162	0.0549813	0.000253156	0.000121695	0.000506132	0.000112934	0.0359429	0.0411753	0.224306	0.00502212	0.0195266
68	0.0426814	0.00491323	6.97961e-05	9.43708e-05	0.0298417	0.0136702	0.000103399	0.379652	0.000101043	0.277963	0.0328935	0.000173316	0.000115105	0.000181665	9.59493e-05	0.0048331	0.0147986	0.195293	0.000783275	0.00174228
69	0.0393972	0.0127113	0.00016202	0.000224784	0.0758144	0.00962246	0.000258389	0.233622	0.000301506	0.282411	0.161181	0.000488439	0.000246669	0.000446321	0.000282641	0.00484409	0.0134771	0.140134	0.00360586	0.0207693
70	0.547919	0.0148023	0.000157499	0.000207825	0.00712464	0.0715002	0.00207199	0.003304	0.000209356	0.0035001	0.000784492	0.000674958	0.000446226	0.000410519	0.000173702	0.325352	0.0102781	0.00432227	0.00213259	0.00462796
71	0.142073	0.00430287	0.000298126	0.000507122	0.131887	0.0527797	0.000729497	0.0917334	0.000927785	0.371408	0.0229831	0.00140747	0.000794158	0.0069954	0.000589765	0.021305	0.0367727	0.0670096	0.0179922	0.0275029
72	0.0458598	0.00605383	7.02638e-05	9.29975e-05	0.0302306	0.0147378	0.000100339	0.370103	0.000105207	0.279447	0.0324846	0.000161772	0.000168659	0.000188195	0.000100711	0.00571984	0.0159171	0.196107	0.000707597	0.00164387
73	0.0246061	0.000403149	0.000143201	0.000222909	0.00934725	0.00212274	0.00021565	0.548065	0.00284306	0.0266834	0.0161808	0.000452588	0.000244295	0.000379721	0.00223905	0.00105118	0.00220371	0.361966	0.000226961	0.00040307
74	0.0572509	0.00922411	0.00866351	0.000785792	0.00241778	0.0430068	0.00838535	0.00377955	0.39244	0.0133111	0.0366376	0.0014742	0.000549219	0.0251572	0.156956	0.0610125	0.0405111	0.0213068	0.0335285	0.0836015
75	0.100747	0.00165621	0.000705094	0.0084824	0.0819669	0.0214435	0.000868559	0.0465298	0.127369	0.0901695	0.0343787	0.0333495	0.000948671	0.0302502	0.148398	0.0260955	0.0291716	0.0569269	0.0951003	0.0654418
76	0.019986	0.00112542	7.81841e-05	9.31103e-05	0.027425	0.00592271	9.74209e-05	0.448316	0.000121031	0.24278	0.0307581	0.000331165	9.92553e-05	0.000179919	9.1805e-05	0.00100497	0.0113864	0.206917	0.00109459	0.00219227
77	0.00268157	0.000886813	0.293093	0.199709	0.00111267	0.00608178	0.0229051	0.0116421	0.102923	0.0118047	0.0171675	0.151162	0.000458037	0.0491572	0.0678513	0.0288862	0.0199616	0.00773677	0.000350072	0.00442967
78	0.0192825	0.000542614	0.00390684	0.026202	0.00406908	0.000901841	0.0219389	0.0320637	0.428928	0.00992132	0.00349189	0.0227924	0.00641241	0.0363091	0.313014	0.0110513	0.0369012	0.0161571	0.000261432	0.00585233
79	0.0392995	0.00798544	0.000358463	0.000491426	0.0415026	0.002744	0.00039722	0.247223	0.000470457	0.348936	0.0489857	0.00109414	0.000495915	0.000962507	0.00044105	0.0026088	0.00276535	0.190527	0.000496355	0.0622152
80	0.0276559	0.0118399	0.000173324	0.00027894	0.208153	0.00492497	0.000286264	0.0551669	0.000399539	0.552875	0.0924339	0.000597888	0.000318692	0.000532502	0.000281032	0.00722141	0.00294719	0.0323753	0.000597716	0.000941039
81	0.0638411	0.00130252	0.00474353	0.00300832	0.00198402	0.0139523	0.00489833	0.0071269	0.000618108	0.0146681	0.00582133	0.00576306	0.754863	0.00115935	0.00185668	0.087404	0.0205203	0.00530895	0.000470721	0.00068942
82	0.0874732	0.00162463	0.00574485	0.00146942	0.00278042	0.0179139	0.00523244	0.00647159	0.000876966	0.011503	0.00607383	0.00766906	0.709469	0.00198572	0.000961069	0.102686	0.0219861	0.00704094	0.00039532	0.000643039
83	0.0830105	0.00335222	0.00101817	0.0211445	0.0044108	0.00589903	0.0750799	0.338669	0.00204277	0.0109647	0.00667045	0.00275503	0.0207374	0.022648	0.0195487	0.0254084	0.00845965	0.344682	0.00138154	0.00211749
84	0.0803553	0.00760191	0.00032228	0.000600868	0.0285575	0.00612469	0.0010279	0.227155	0.000778381	0.082479	0.0223318	0.00308893	0.00846721	0.00172123	0.000590726	0.0543617	0.0837175	0.388738	0.000608706	0.00137127
85	0.0684686	0.00791939	0.000375368	0.000496433	0.00453666	0.0019973	0.000538436	0.32052	0.000606379	0.0274098	0.0634898	0.00115042	0.00770737	0.000792366	0.000599305	0.0379995	0.170072	0.283709	0.00038345	0.00122768
86	0.123307	0.000380213	9.77542e-05	0.000151819	0.000401537	0.831573	0.00014957	0.000877361	0.000170807	0.00233665	0.00050873	0.00128316	0.000382755	0.00126267	0.000158325	0.034682	0.000885954	0.00110539	0.000113755	0.00017165
87	0.104012	0.00234756	0.00449612	0.00097213	0.00373214	0.0151169	0.00479763	0.00763133	0.00102454	0.0116726	0.0137213	0.00663327	0.612068	0.00200947	0.00096689	0.163477	0.0341405	0.00907391	0.000775025	0.00133172
88	0.019182	0.00121523	0.000401868	0.000544604	0.00433247	0.00266772	0.00149905	0.462788	0.0022963	0.031336	0.0541883	0.00157776	0.000470803	0.00331284	0.00229173	0.00407024	0.0424178	0.361197	0.00032599	0.00388476
89	0.0247116	0.000411006	0.00014119	0.000229701	0.0091415	0.00209173	0.000305314	0.550794	0.00270884	0.0267664	0.0163569	0.000533097	0.000265752	0.000399026	0.00234896	0.00118589	0.00240734	0.358578	0.000220034	0.000404119
90	0.0897023	0.0043185	0.000777829	0.000655516	0.00615659	0.00499324	0.0012835	0.403402	0.00128798	0.0300613	0.118987	0.00292061	0.0022403	0.00181223	0.00096133	0.0425565	0.0877296	0.197832	0.000648377	0.00167366
91	0.0787359	0.0243579	0.000112009	0.00014551	0.0319049	0.0189384	0.000281951	0.277163	0.000192701	0.205304	0.0195893	0.000386108	0.00105288	0.000298334	0.000115293	0.024942	0.051078	0.264537	0.000231899	0.000632794
92	0.00931796	0.00110022	0.000350365	0.000317989	0.00764238	0.00175123	0.000639477	0.747976	0.000447343	0.0455373	0.0299582	0.000723852	0.00045962	0.00118374	0.000348397	0.00299922	0.00467251	0.143586	0.000313105	0.000675316
93	0.116544	0.000355813	0.000578915	0.000161292	0.000450567	0.830662	0.000161352	0.000902265	0.000188429	0.0022519	0.000535842	0.00288972	0.000361172	0.00135127	0.00019193	0.0402114	0.00077333	0.0011011	0.000129973	0.000197956
94	0.0182703	0.00662681	0.000158414	0.000229537	0.122553	0.00354972	0.000365479	0.0656972	0.000377596	0.643343	0.0910434	0.000605245	0.000519502	0.000935958	0.000466713	0.00546755	0.00574138	0.0310251	0.00142953	0.00159371
95	0.0949474	0.0103395	0.00617001	0.0413185	0.00189663	0.138873	0.00556128	0.0310392	0.0255776	0.011816	0.010552	0.108738	0.00902397	0.0387267	0.0143419	0.304347	0.119603	0.0256053	0.00084027	0.000682566
96	0.014386	0.0029458	0.000214891	0.000307327	0.0329645	0.00289675	0.000383572	0.0793455	0.000530641	0.694765	0.100933	0.000623123	0.000509341	0.00318508	0.000423667	0.00523991	0.00996683	0.0465921	0.0012588	0.00252835
97	0.413502	0.0145216	0.000304014	0.000582198	0.0019041	0.0217005	0.000757135	0.0528082	0.000617273	0.0212271	0.0184462	0.00133081	0.000523136	0.000876951	0.000601217	0.278563	0.0792917	0.085815	0.000594711	0.00603268
98	0.085041	0.00311548	0.00910242	0.0431655	0.0016128	0.20016	0.0145694	0.00695522	0.0392804	0.0119198	0.0109233	0.0687693	0.160917	0.0469194	0.0183732	0.173464	0.087106	0.0171334	0.000588959	0.000883107
99	0.089406	0.00483492	0.000917924	0.000533738	0.00166379	0.00825857	0.00350928	0.0605885	0.000930057	0.0211946	0.0217073	0.0900549	0.00070105	0.00391038	0.000581637	0.197297	0.393361	0.0992597	0.000481677	0.000808207
100	0.556567	0.00474982	0.000959586	0.00197831	0.00220685	0.146903	0.000685831	0.0102512	0.000873979	0.00622142	0.0130608	0.0072665	0.0206132	0.00134161	0.000361233	0.107475	0.0821341	0.0350523	0.000371037	0.00092736
101	0.0616692	0.000765416	0.00546507	0.00580824	0.0587918	0.0558765	0.000408294	0.24462	0.000495988	0.229597	0.0552733	0.00200198	0.0450168	0.00080961	0.000442427	0.032577	0.0685575	0.0953459	0.0281788	0.00829865
102	0.0142005	0.00667803	0.000188467	0.000264948	0.00535528	0.0015906	0.000332122	0.416716	0.00048838	0.164089	0.0221653	0.00296769	0.000303963	0.000780153	0.000354931	0.00157274	0.0325823	0.325452	0.000374693	0.00354338
103	0.569071	0.0154261	0.00013232	0.000177982	0.007182	0.057647	0.00197418	0.00337562	0.000203074	0.00349567	0.000818232	0.000527462	0.000285675	0.000364786	0.000164915	0.317948	0.0105283	0.0040883	0.00222384	0.0043658
104	0.0356284	0.0155804	0.000286996	0.0003005	0.08431	0.0328571	0.000358624	0.190346	0.000437987	0.337173	0.165277	0.000589094	0.000340351	0.000680536	0.000448962	0.00404499	0.0208167	0.102182	0.00274016	0.00560203
105	0.0856208	0.00466847	0.000169773	0.000330834	0.0553252	0.0064753	0.000317703	0.227351	0.000336236	0.0937576	0.0141874	0.00147339	0.00699025	0.000481718	0.000264837	0.0508218	0.0664974	0.3843	0.000272244	0.000358414
106	0.228454	0.0109408	0.000942934	0.00131474	0.00358902	0.0119795	0.00131257	0.0126366	0.0014951	0.00922454	0.00545179	0.00516976	0.00158644	0.00231104	0.00143537	0.124934	0.52166	0.0529257	0.00104907	0.00158724
107	0.0406727	0.00293778	0.000118269	0.000144461	0.122329	0.00308215	0.000176763	0.150237	0.000276874	0.487258	0.0251725	0.000404239	0.000630599	0.000383885	0.000174599	0.00668262	0.0130675	0.142415	0.00320532	0.000630665
108	0.285724	0.0148278	0.000410357	0.000658614	0.0579067	0.0840087	0.000530489	0.074349	0.000852233	0.267688	0.00984691	0.000991237	0.000531518	0.0014013	0.000548617	0.0380467	0.0391097	0.118992	0.00111852	0.00245727
109	0.0460525	0.00120112	0.00136258	0.00143475	0.00169323	0.255142	0.00131451	0.00351024	0.240324	0.00392582	0.0024513	0.0526303	0.000526963	0.0491835	0.199675	0.123813	0.00948649	0.00501607	0.000502753	0.000753386
110	0.0155939	0.0101355	0.000195669	0.000275203	0.105528	0.00612682	0.000408331	0.215039	0.000441707	0.293189	0.19878	0.000700065	0.000522963	0.00124747	0.000304021	0.00866367	0.0186902	0.100925	0.0115268	0.0117068
111	0.0534269	0.00466926	9.52494e-05	0.000180031	0.134701	0.0061613	0.00045307	0.141584	0.00212637	0.458585	0.0609519	0.00245987	0.00510796	0.00173773	0.000424861	0.0218788	0.032199	0.0483825	0.0207868	0.00408743
112	0.0559022	0.00123456	0.000520077	0.000556576	0.00166392	0.131411	0.000642712	0.00355987	0.279367	0.00402934	0.00244674	0.0575582	0.000528611	0.0613122	0.230451	0.15174	0.0110641	0.00477515	0.000535169	0.000701818
113	0.024574	0.00113867	0.000389284	0.00040505	0.0437691	0.00165768	0.00785801	0.320328	0.0148928	0.186753	0.100826	0.0106124	0.000524037	0.0245083	0.0112682	0.0109007	0.055594	0.164241	0.000388192	0.0193713
114	0.0183565	0.00153558	7.76775e-05	9.47946e-05	0.0252817	0.00519429	0.000113677	0.449763	0.000124147	0.234989	0.0300355	0.000450445	0.000112275	0.000256722	0.000116942	0.000953699	0.0128271	0.216557	0.00100673	0.0021535
115	0.0804068	0.00164883	0.00517846	0.00213004	0.00230185	0.0286567	0.00766605	0.00580056	0.00175467	0.0144531	0.00646343	0.0089774	0.682575	0.0031395	0.00126093	0.117311	0.0229824	0.00605315	0.000467022	0.000773002
116	0.0156501	0.000437702	0.000137144	0.000163305	0.00847678	0.00122464	0.000142356	0.639261	0.00114582	0.0339099	0.0220401	0.000415907	0.000199982	0.000353833	0.00097647	0.00100478	0.00170429	0.272266	0.000155323	0.00033421
117	0.00616104	0.00261258	0.000131189	0.000181153	0.0286297	0.00169301	0.00018185	0.0849304	0.000254924	0.768332	0.0696287	0.0003904	0.000449481	0.00124274	0.000151639	0.00258519	0.00673196	0.0246524	0.000336244	0.000723012
118	0.0931062	0.0321113	6.82344e-05	0.000127196	0.0970511	0.0126108	0.000110183	0.157508	0.000154428	0.225121	0.0548183	0.000259941	0.000119467	0.000505105	0.000110807	0.0360717	0.0416233	0.224585	0.00490913	0.0190292
119	0.129781	0.000334607	0.000102279	0.000148449	0.000397893	0.826808	0.000171461	0.000877569	0.000179866	0.00249417	0.000557341	0.000994707	0.000378291	0.0011922	0.000153136	0.0333957	0.000723658	0.00100742	0.000114491	0.000187676
120	0.0247698	0.00230488	9.14428e-05	9.71224e-05	0.028478	0.00740696	0.000104306	0.434563	0.000140646	0.239902	0.0307515	0.000313374	0.000184607	0.000185344	0.000126008	0.00225598	0.0132238	0.212032	0.00101225	0.00205645
121	0.0905061	0.0117551	0.000192064	0.000271764	0.0403085	0.0232024	0.000220608	0.288062	0.000250543	0.113018	0.00944969	0.000636542	0.00202954	0.000521545	0.000258378	0.0228019	0.0694741	0.326364	0.00025475	0.000421931
122	0.230831	0.0557316	0.000330055	0.000434896	0.0219161	0.0410002	0.000444103	0.0175166	0.000518855	0.0169752	0.00170432	0.000820936	0.000459714	0.00117492	0.000384833	0.132248	0.115346	0.361223	0.000404356	0.000535861
123	0.129044	0.000434737	0.000198486	0.000154349	0.000397303	0.818546	0.00015873	0.000942295	0.000173462	0.00243017	0.000635689	0.00137197	0.000574705	0.00121214	0.000164974	0.0402055	0.00161352	0.00141745	0.000121222	0.000203664
124	0.0210729	0.0183749	0.00121521	0.00137471	0.209562	0.010832	0.0293876	0.0154326	0.00165952	0.0673087	0.00720477	0.00257907	0.000851568	0.0019862	0.0010178	0.0136694	0.0327094	0.0202457	0.00733166	0.536184
125	0.0815121	0.0224926	9.97827e-05	0.000114794	0.0314875	0.0247046	0.000153325	0.280222	0.00014418	0.247624	0.0193539	0.000237501	0.000168796	0.000255266	0.000103398	0.0170001	0.0380804	0.235988	0.000112192	0.000145303
126	0.0942826	0.0314935	6.79473e-05	0.000126219	0.0981575	0.0126392	0.000107869	0.153865	0.000150752	0.227162	0.0549813	0.000253156	0.000121695	0.000506132	0.000112934	0.0359429	0.0411753	0.224306	0.00502212	0.0195266
127	0.568601	0.0158838	0.000137408	0.000183666	0.0069864	0.0576549	0.00190065	0.00339714	0.00020273	0.00342892	0.00083214	0.000571763	0.000291236	0.000375352	0.000161013	0.3174	0.0111016	0.00405605	0.00235415	0.00447963
128	0.114481	0.0230102	9.11802e-05	0.000161529	0.0998256	0.0215434	0.000228724	0.132518	0.000227415	0.282493	0.0430171	0.000476584	0.000188239	0.00159235	0.000199479	0.0318419	0.0332739	0.176838	0.0100672	0.0279245
129	0.068177	0.00360342	0.00012298	0.00018659	0.100721	0.00823369	0.00158095	0.131105	0.00466865	0.483677	0.0650144	0.00188898	0.00507116	0.00463465	0.00126662	0.025238	0.0334225	0.0415299	0.0176316	0.00222654
130	0.134682	0.00239355	0.0115664	0.000910874	0.0253005	0.0263474	0.000821097	0.204069	0.000984163	0.0486911	0.102585	0.00206343	0.00121244	0.00177662	0.000906716	0.0629667	0.180389	0.135833	0.000768315	0.0557326
131	0.0132225	0.0107287	0.000211862	0.000437041	0.0831874	0.00547025	0.00051169	0.296948	0.000408295	0.238057	0.205913	0.000709051	0.00030507	0.00116255	0.00031627	0.00521224	0.0191767	0.102542	0.00533818	0.0101418
132	0.230476	0.00499027	0.000559637	0.00073591	0.023276	0.00535192	0.000894714	0.172081	0.000902917	0.220919	0.0836841	0.00170451	0.000996475	0.0015996	0.000773352	0.00807675	0.0197823	0.216095	0.000989947	0.0061096
133	0.0411849	0.0049874	0.00354904	0.0103941	0.0108889	0.0185753	0.00454184	0.0598977	0.00289462	0.0932266	0.0146461	0.00619665	0.611928	0.0045795	0.00596024	0.045996	0.0254979	0.0279846	0.00316988	0.00390109
134	0.0201732	0.00309126	0.000153008	0.000225962	0.0145043	0.00307352	0.000158821	0.473801	0.000817554	0.159436	0.0223619	0.00105952	0.000185834	0.00034853	0.000529007	0.00114083	0.0138409	0.282676	0.000606651	0.00181612
135	0.392619	0.0164684	0.000306559	0.000480874	0.0013367	0.0227805	0.000385346	0.057525	0.000522312	0.0221518	0.0177929	0.00119178	0.000494095	0.000812272	0.000447571	0.25744	0.0941166	0.105949	0.000360252	0.00681832
136	0.0440917	0.0026662	9.28021e-05	0.000130438	0.105837	0.0030936	0.000168021	0.161728	0.000195347	0.491516	0.0171051	0.000286947	0.000327271	0.000247367	0.000136374	0.00593165	0.0132485	0.15009	0.00257401	0.000534112
137	0.27611	0.00828365	0.00079676	0.001481	0.0100199	0.00837715	0.00161061	0.145175	0.00193729	0.0330111	0.0315178	0.00579371	0.00584843	0.00541375	0.00150958	0.0419263	0.0769651	0.341317	0.0013516	0.0015539
138	0.0915961	0.00964172	0.00114954	0.00175314	0.0114682	0.00763706	0.00181266	0.150556	0.00210308	0.0840305	0.0220255	0.00373317	0.0773697	0.00368404	0.00231942	0.0393791	0.251432	0.233939	0.00204122	0.00232993
139	0.132167	0.0242398	0.00054801	0.000771051	0.00450268	0.00353239	0.0011271	0.199274	0.000948603	0.0195756	0.0381608	0.00199753	0.0444306	0.00159428	0.000637641	0.106774	0.133164	0.284614	0.000790361	0.00115166
140	0.0238674	0.00647826	0.0105478	0.730814	0.00898856	0.0136784	0.00403569	0.0195328	0.0103912	0.0199476	0.0124545	0.0117904	0.00420685	0.045337	0.00674667	0.0214289	0.0190122	0.0231892	0.00305254	0.00450059
141	0.022254	0.00317408	0.168214	0.0159092	0.0037068	0.0280774	0.214363	0.00843322	0.0439472	0.0240287	0.00617091	0.264813	0.0161143	0.0208907	0.00256914	0.0975377	0.019272	0.0104977	0.00125529	0.028771
142	0.0198409	0.00146796	7.4741e-05	9.0557e-05	0.0268548	0.00568585	9.90767e-05	0.448572	0.000123592	0.238477	0.0301949	0.000362619	0.000110313	0.000220521	9.30102e-05	0.00110847	0.0123189	0.211131	0.00103874	0.00213512
143	0.124859	0.000447388	0.000293567	0.000172261	0.000414542	0.818804	0.000196494	0.00092238	0.000179672	0.00239505	0.000572987	0.00191786	0.000660606	0.00135332	0.000174376	0.0439318	0.00106982	0.00130719	0.000121055	0.000206735
144	0.0149147	0.00180919	0.143362	0.0679196	0.00263219	0.362777	0.112335	0.00500464	0.108495	0.00571944	0.00345251	0.11226	0.00347693	0.0165107	0.0102924	0.0135272	0.00714013	0.00660584	0.000699965	0.001065
145	0.0114524	0.00147021	0.00052868	0.000779418	0.00794004	0.00240911	0.0200815	0.395386	0.000975972	0.119839	0.108495	0.0047314	0.000661646	0.0322735	0.00371817	0.00651144	0.0322257	0.246254	0.000650859	0.00361591
146	0.0317881	0.000680129	0.0002553	0.000344399	0.0761515	0.00138101	0.000614635	0.271085	0.0307314	0.233636	0.087862	0.00991237	0.000353652	0.0117613	0.010264	0.0157309	0.0657731	0.111614	0.000345253	0.0397155
147	0.153641	0.00847702	0.00199882	0.0110887	0.00889398	0.0483707	0.0026132	0.0732593	0.00476087	0.0589844	0.0202236	0.0183189	0.00597981	0.0769335	0.00379943	0.0776041	0.152513	0.265186	0.00332419	0.00403001
148	0.0161665	0.00496828	0.000301216	0.000449553	0.00713337	0.00231913	0.0019259	0.385301	0.000849349	0.151367	0.0396169	0.0100851	0.000573279	0.00409424	0.00119639	0.00565276	0.056382	0.305516	0.000380517	0.00572071
149	0.0769827	0.00138283	0.0205653	0.00069567	0.00252066	0.428444	0.000896841	0.0042479	0.000705872	0.00447875	0.00257685	0.0552677	0.0013487	0.00212776	0.000614741	0.384053	0.00467616	0.00690298	0.000525853	0.000985794
150	0.0828216	0.00401158	0.023942	0.0821716	0.00126063	0.0810827	0.0178686	0.00662557	0.0871954	0.0161277	0.00546645	0.108377	0.0175841	0.0677116	0.0241632	0.23712	0.121773	0.0134467	0.00057182	0.000679186
151	0.0164447	0.00279932	0.000516088	0.000467901	0.00671753	0.00229984	0.00194157	0.375837	0.00232421	0.104709	0.058247	0.00470988	0.000479031	0.00502472	0.00178355	0.00584961	0.05136	0.339026	0.000397422	0.0190649
152	0.100185	0.0256593	0.000509517	0.000659894	0.00481689	0.00248169	0.000564605	0.22707	0.000908892	0.0236864	0.04302	0.00134867	0.0239612	0.00122781	0.000562971	0.0684785	0.180869	0.292304	0.00056557	0.00112021
153	0.0155241	0.00175646	0.136929	0.0711622	0.00259521	0.406251	0.0759838	0.00504106	0.11462	0.00505988	0.00357426	0.105799	0.00253458	0.0165273	0.0116294	0.0103729	0.00626228	0.00672437	0.000698565	0.000954428
154	0.0190505	0.000519034	0.00400138	0.0275133	0.00397628	0.000895598	0.0218652	0.0316262	0.429459	0.00992814	0.00345195	0.0227337	0.00655266	0.036942	0.311889	0.0109542	0.0368117	0.0158139	0.000261751	0.00575447
155	0.0032373	0.000984524	0.50815	0.0261608	0.00157067	0.0022356	0.01101	0.00268578	0.0270942	0.00375966	0.00187648	0.293564	0.0389145	0.00895046	0.00219067	0.0524154	0.0087552	0.00361867	0.00032517	0.00250154
156	0.0116707	0.00625899	0.00116335	0.00159193	0.336033	0.00518858	0.0022106	0.0267135	0.00249513	0.237695	0.00662611	0.00308647	0.00129419	0.00289132	0.0015563	0.0082083	0.0300734	0.0485509	0.00129611	0.265396
157	0.0317692	0.000680278	0.000258547	0.000353945	0.0760372	0.00136194	0.000615024	0.271542	0.0306551	0.233175	0.0879383	0.00983738	0.000354253	0.0117619	0.010223	0.0157108	0.0658363	0.11191	0.000343554	0.0396363
158	0.0334361	0.00109902	0.00932117	0.172727	0.00246615	0.00215968	0.00462092	0.0249953	0.515217	0.0132234	0.00274998	0.0123363	0.00207534	0.0562293	0.0778949	0.0125575	0.0238112	0.0309924	0.000542669	0.00154478
159	0.00246883	0.00078387	0.335009	0.18067	0.00110089	0.00525285	0.0187212	0.0099163	0.100326	0.0101405	0.013727	0.159022	0.00103797	0.0422269	0.0596535	0.0299351	0.017907	0.00678991	0.00032728	0.00498325
160	0.0501252	0.00581835	0.00681061	0.0847003	0.00733244	0.108508	0.0100025	0.01866	0.0185059	0.0286714	0.0145309	0.0279299	0.404579	0.0213652	0.0400789	0.0718379	0.047769	0.0256142	0.0028552	0.00430562
161	0.0492688	0.0126517	0.00308939	0.0058472	0.0308354	0.259225	0.00556211	0.0704922	0.00802065	0.173562	0.0941756	0.0106234	0.00634547	0.0121367	0.00613236	0.0297874	0.0288682	0.116692	0.00696701	0.0697178
162	0.019689	0.00394026	0.000176476	0.000331114	0.0519782	0.00374352	0.00103368	0.15357	0.00162929	0.576126	0.088327	0.00176042	0.00168821	0.00321959	0.000639031	0.0117201	0.0193356	0.0528344	0.00469475	0.00356274
163	0.010678	0.00180515	0.188313	0.0307683	0.00288193	0.0757919	0.223979	0.00577415	0.0707437	0.0131603	0.00437046	0.218729	0.0158504	0.0278138	0.00439261	0.0689392	0.0174752	0.00705285	0.00104381	0.0104365
164	0.01443	0.000645009	0.0023363	0.012619	0.0033433	0.00130531	0.0179242	0.0234813	0.335354	0.0134587	0.00499913	0.0208723	0.00418346	0.0275103	0.44438	0.0130995	0.035912	0.0165942	0.000297445	0.00725476
165	0.082316	0.00525704	0.000928386	0.00123085	0.00226839	0.00904113	0.00427107	0.0683648	0.00110256	0.0281976	0.0303506	0.0905666	0.000871396	0.00468461	0.000863955	0.194826	0.388411	0.0845354	0.000813715	0.00109888
166	0.00885572	0.00200234	0.000107552	0.000196099	0.0276932	0.00188167	0.00016154	0.0684298	0.000263751	0.767113	0.0834525	0.000358177	0.000267356	0.00198753	0.000187176	0.00236729	0.00619279	0.0272501	0.000398087	0.000833914
167	0.0680071	0.00312225	0.000143267	0.00020238	0.10652	0.0068078	0.000992165	0.129681	0.00331667	0.479171	0.0697066	0.00194645	0.00472542	0.00336002	0.000891495	0.025744	0.0368083	0.041072	0.015646	0.00213531
168	0.12977	0.000334525	0.000102279	0.000162184	0.000397109	0.826734	0.000172053	0.000879926	0.000179894	0.00257961	0.000557107	0.000994695	0.0003812	0.00119303	0.000151131	0.0333559	0.000723434	0.00102784	0.000117093	0.000187365
169	0.00318122	0.000925202	0.488737	0.0420782	0.00154383	0.00363207	0.0133442	0.00351895	0.0365722	0.00461886	0.00318496	0.276961	0.034132	0.0126009	0.00856017	0.049675	0.00971393	0.00389591	0.000328167	0.00279663
170	0.101862	0.00126787	0.00954665	0.00119968	0.00151688	0.578193	0.000672315	0.00292409	0.000953252	0.00408461	0.00184687	0.0328008	0.00552292	0.0039185	0.000703756	0.240963	0.00582586	0.00519784	0.000356878	0.000643565
171	0.0461199	0.00272408	8.76869e-05	0.000142483	0.0987037	0.00312876	0.000132571	0.159096	0.000193398	0.49822	0.0166495	0.000252188	0.000294608	0.000257965	0.000110943	0.00588362	0.0138138	0.151292	0.00259175	0.000304482
172	0.486126	0.00409522	0.000306998	0.000485357	0.0023494	0.203889	0.000442591	0.0109329	0.00042076	0.00627429	0.012444	0.0101691	0.0305478	0.00152117	0.000352933	0.148563	0.0519542	0.0279521	0.000461563	0.000711516
173	0.0442747	0.021931	0.0334121	0.0292675	0.00318369	0.0387411	0.00967229	0.0146634	0.0383052	0.011663	0.00821467	0.0737719	0.00834057	0.0395894	0.0089432	0.225955	0.355185	0.0326773	0.00100005	0.00120811
174	0.0858493	0.0170589	0.000641693	0.000774133	0.038638	0.0241998	0.000978599	0.244227	0.000916164	0.0891036	0.193395	0.0104196	0.00073092	0.00100603	0.00058551	0.102848	0.0709555	0.115064	0.000588543	0.00201962
175	0.0942537	0.0314864	6.79108e-05	0.000126219	0.0981213	0.01264	0.000107869	0.154021	0.000151011	0.227186	0.0549379	0.000253066	0.000121695	0.000506132	0.000113112	0.0359333	0.0411607	0.224298	0.00501369	0.0195006
176	0.520739	0.0132308	0.000243335	0.000291942	0.00650576	0.0747839	0.00360356	0.00377473	0.000344534	0.00438751	0.00148801	0.0020456	0.000949862	0.000913883	0.000271662	0.342874	0.0102976	0.00720131	0.00201611	0.00403681
177	0.387132	0.00775168	0.000326906	0.000412095	0.00234999	0.292521	0.0006642	0.00713987	0.000436738	0.00451216	0.00608145	0.00420843	0.0134418	0.00104373	0.000431743	0.215495	0.0328257	0.021705	0.000559482	0.000961616
178	0.0407704	0.0174574	0.000241352	0.000291757	0.276817	0.00585124	0.000369559	0.053341	0.000423858	0.465117	0.0866925	0.000638579	0.00026925	0.000675391	0.000349481	0.0101104	0.0018548	0.0378979	0.000288218	0.000542544
179	0.0438173	0.00757035	0.000108245	0.00015982	0.134842	0.00540039	0.000163985	0.169992	0.00025451	0.435728	0.0274732	0.000802627	0.00107798	0.000366684	0.000140008	0.0114833	0.0194924	0.125177	0.0111162	0.00483419
180	0.118605	0.000338842	0.000122563	0.000157087	0.000385077	0.836879	0.000156943	0.000859541	0.000271279	0.00228531	0.000502694	0.00143478	0.000347434	0.00132927	0.000236978	0.0341111	0.000704988	0.000986977	0.000114986	0.000170673
181	0.224183	0.00176363	0.000168155	0.00019413	0.000995599	0.662687	0.000308671	0.00296382	0.000211895	0.00292489	0.0027178	0.00252572	0.00569686	0.00118351	0.000187485	0.0717955	0.0115487	0.00731045	0.000204917	0.000428824
182	0.077813	0.0435417	0.00175844	0.00365414	0.00891355	0.0128422	0.00265168	0.109104	0.00463461	0.0276131	0.0260812	0.00533843	0.141413	0.00666654	0.00258761	0.105369	0.195707	0.218564	0.00202894	0.00371827
183	0.344669	0.00819048	0.000879675	0.000518658	0.0138094	0.0969369	0.000839788	0.0168642	0.000791255	0.00519115	0.00604798	0.0105865	0.315569	0.00774695	0.000546117	0.110944	0.0236996	0.0350576	0.000446804	0.000665424
184	0.0855319	0.0217192	0.00108376	0.0569482	0.00443928	0.065341	0.00149333	0.0116024	0.0206569	0.0535268	0.0547199	0.14754	0.00862775	0.0246576	0.00630312	0.0985802	0.176315	0.155684	0.00334784	0.00188214
185	0.0398066	0.0211674	0.00207941	0.0011444	0.00338958	0.0141232	0.000906908	0.0124317	0.001921	0.0122031	0.00953368	0.011278	0.00166644	0.00290527	0.00131877	0.060986	0.774676	0.0255492	0.00083532	0.00207772
