350	20
1	0.0197168	0.000335677	0.00022121	0.000319721	0.00192856	0.941426	0.000292152	0.000509688	0.000330276	0.00221059	0.000543007	0.00501466	0.00159827	0.000394987	0.00185986	0.0183243	0.0038745	0.000733787	0.000117512	0.000248211
2	0.0477372	0.00998631	0.00091749	0.00235687	0.000805829	0.00112689	0.000766869	0.0022236	0.00193008	0.00611967	0.00173362	0.00208994	0.854396	0.00507073	0.00113063	0.0327878	0.0214364	0.0021732	0.00451909	0.000691428
3	0.0663151	0.0112138	0.0681398	0.188687	0.00788178	0.0132691	0.0150631	0.0389449	0.060613	0.0391284	0.0304495	0.0212778	0.0118557	0.231344	0.0315732	0.0243873	0.037898	0.0891801	0.00455417	0.00822434
4	0.0118313	0.00213536	0.00131475	0.00173918	0.0118201	0.00167702	0.879012	0.00214288	0.00399187	0.00951008	0.00312378	0.0230007	0.00178472	0.0237417	0.00276429	0.00457326	0.00436685	0.00923459	0.000446669	0.00178895
5	0.0482289	0.00973453	0.00101803	0.00252024	0.000723671	0.00106446	0.00106174	0.00181641	0.00234887	0.00693614	0.00166008	0.00215367	0.849038	0.00565691	0.00124189	0.0341749	0.0215813	0.00341559	0.00478165	0.00084354
6	0.196666	0.0300944	0.00112709	0.00191513	0.0014042	0.00993186	0.00131163	0.00250757	0.0019258	0.00599449	0.00387713	0.00237402	0.00938613	0.00429494	0.00205307	0.696903	0.0192872	0.00721987	0.000515227	0.00121136
7	0.319679	0.03184	0.00464946	0.010657	0.00528559	0.0279441	0.00701927	0.0447134	0.0121317	0.029426	0.024736	0.019174	0.00729377	0.0128447	0.00723565	0.127862	0.209197	0.0928231	0.00167738	0.00381076
8	0.0117874	0.00183853	0.00285647	0.00328155	0.0110891	0.00158933	0.879991	0.0018583	0.00264221	0.00867394	0.00232189	0.023271	0.00139053	0.0236412	0.0018688	0.00770072	0.00405816	0.0086341	0.000497456	0.00100823
9	0.0196928	0.000451773	0.000226109	0.000326002	0.00198631	0.93898	0.000330593	0.000526486	0.000332539	0.00219858	0.000537568	0.00511392	0.00159245	0.000404036	0.00185104	0.0197093	0.00455504	0.00073042	0.000198441	0.000256597
10	0.0461478	0.108023	0.00208595	0.00345398	0.00971442	0.00553219	0.00260507	0.16518	0.00619447	0.0792178	0.0277139	0.00685805	0.00564429	0.00598264	0.00501465	0.0168097	0.0221189	0.476666	0.000795542	0.00424116
11	0.0199831	0.00908007	0.00139612	0.00167146	0.0169369	0.00335162	0.00207794	0.0489753	0.0038898	0.666952	0.122612	0.00307989	0.0020371	0.00342504	0.00425229	0.0334061	0.0113943	0.0399763	0.00190608	0.00359599
12	0.0048219	0.00376474	0.000436037	0.000730225	0.00045292	0.0101212	0.000505156	0.000916213	0.0175914	0.00121067	0.000970604	0.00606785	0.000710034	0.00991505	0.924914	0.0107473	0.00403066	0.0014304	0.000222253	0.000441341
13	0.016591	0.00516576	0.000497068	0.000823668	0.020807	0.00141275	0.00111718	0.0311336	0.00215145	0.688558	0.15856	0.00210132	0.00178256	0.00349029	0.00313997	0.0227269	0.00860385	0.0274561	0.00141026	0.00247183
14	0.00641271	0.004546	0.000283412	0.000337973	0.00645045	0.000415901	0.00034942	0.437585	0.00289286	0.0460777	0.00976986	0.00142109	0.00148581	0.000793865	0.000401855	0.00346889	0.0123752	0.46157	0.000146311	0.00321524
15	0.010371	0.0104042	0.000352664	0.00189918	0.00738815	0.00220145	0.000870296	0.0835857	0.00160759	0.718893	0.0778195	0.000748566	0.00123094	0.00096514	0.00249498	0.0159321	0.00581108	0.0552619	0.00131638	0.00084626
16	0.0368557	0.00539445	0.188471	0.379487	0.00339882	0.00957001	0.00604189	0.00363931	0.0734925	0.0197073	0.0115513	0.0204045	0.000890552	0.0908673	0.0488686	0.0319066	0.0450117	0.0160055	0.00352834	0.00490823
17	0.00899803	0.00689819	0.000363262	0.00204149	0.0153003	0.00160842	0.000481239	0.103788	0.00195453	0.640614	0.131982	0.00147909	0.0020676	0.0021553	0.00219729	0.0122863	0.00416687	0.0591568	0.00126025	0.00120079
18	0.058993	0.0012487	0.535909	0.111972	0.00056638	0.0393075	0.0183895	0.00239887	0.0267035	0.00215715	0.00223418	0.0922046	0.0177104	0.0295091	0.0100604	0.0306129	0.0129474	0.00291391	0.000163603	0.00399826
19	0.0219547	0.0016896	0.000360905	0.000500747	0.00248151	0.924673	0.00040592	0.000562259	0.00055989	0.00260873	0.000840952	0.00991956	0.00166635	0.00059023	0.00282402	0.0216852	0.00414876	0.00111877	0.00107626	0.000332284
20	0.00376755	0.00098087	0.00466558	0.935856	0.00064721	0.00104339	0.000909254	0.00187791	0.0120445	0.00575312	0.00172629	0.00505677	0.00146071	0.0137314	0.00126169	0.00241838	0.0026365	0.00325125	0.000250956	0.000661163
21	0.0106356	0.0036063	0.00258415	0.0422614	0.00251289	0.00311484	0.00239316	0.234567	0.0227466	0.0134779	0.0605388	0.0229084	0.00622126	0.0405274	0.0201479	0.0258635	0.179979	0.262659	0.000938816	0.0423156
22	0.00345441	0.00262635	0.00030105	0.000472944	0.00249075	0.000403877	0.000343918	0.352246	0.00425617	0.011823	0.00838153	0.000627646	0.000541323	0.000590159	0.000427631	0.00295963	0.0171331	0.586387	0.000184611	0.00434907
23	0.0662331	0.00158529	0.073146	0.217105	0.00139199	0.0162005	0.0242437	0.128636	0.0169185	0.0898867	0.0394924	0.0116044	0.0255714	0.0496429	0.0472961	0.0036333	0.0618264	0.123945	0.000518515	0.00112236
24	0.00557378	0.00437941	0.000762475	0.00108883	0.000494173	0.011156	0.00103455	0.00104774	0.0230671	0.00166355	0.00119258	0.00715236	0.00074948	0.0108225	0.910647	0.012768	0.00402394	0.00169801	0.000234675	0.000443713
25	0.365173	0.106552	0.00157788	0.00176189	0.00214911	0.00621203	0.00218143	0.0828593	0.00274134	0.0309839	0.0251043	0.00853382	0.00371412	0.00286134	0.00244599	0.110204	0.116019	0.126701	0.000825538	0.0013989
26	0.05389	0.00183174	0.225664	0.214185	0.00175877	0.017521	0.0169758	0.0893379	0.0220431	0.0623593	0.0265771	0.0172208	0.0212078	0.0465576	0.0401265	0.0100717	0.0550277	0.0737283	0.000583737	0.00333116
27	0.0562144	0.0116376	0.00222561	0.00251674	0.00189502	0.00257563	0.00254114	0.00338268	0.009375	0.00950581	0.00352616	0.00599037	0.751182	0.00636833	0.0052918	0.0873236	0.0253645	0.00619413	0.00429826	0.00259119
28	0.0194396	0.00566265	0.00425596	0.00521268	0.0126817	0.00316871	0.79498	0.00660853	0.00727563	0.0184045	0.00944678	0.0225207	0.00352884	0.0245721	0.00616294	0.00943349	0.0105382	0.0300891	0.00196665	0.00405133
29	0.00416681	0.00261111	0.000288279	0.000402119	0.00319893	0.00041486	0.000352902	0.376946	0.00397255	0.0136586	0.00870704	0.000791391	0.000732304	0.000577356	0.000443523	0.00302223	0.015907	0.559668	0.000157223	0.00398093
30	0.023793	0.00181571	0.000641126	0.000331939	0.00199227	0.931074	0.000572605	0.00052829	0.000579933	0.00248329	0.000724776	0.00533746	0.0017854	0.000500142	0.0021742	0.0198833	0.00408517	0.00105827	0.000146515	0.000493084
31	0.013129	0.0107486	0.0028213	0.00331755	0.259769	0.00679439	0.0284227	0.0120323	0.00472709	0.0579752	0.021817	0.0101991	0.0070941	0.0130147	0.00627126	0.0402882	0.0120272	0.0177221	0.0279898	0.443839
32	0.0148196	0.00886566	0.00106954	0.00308388	0.0111306	0.00294802	0.00115598	0.07581	0.00358665	0.704359	0.0830277	0.00203846	0.0029132	0.00199074	0.00385547	0.0173454	0.00892873	0.0497777	0.00175661	0.00153681
33	0.0104131	0.00158151	0.000956905	0.000956402	0.011196	0.00113002	0.894166	0.00181261	0.00154619	0.00892963	0.00224737	0.0226564	0.00122549	0.0235598	0.00142307	0.0027681	0.00330529	0.00871053	0.000443551	0.000972108
34	0.00737559	0.00398859	0.00183234	0.00269981	0.00101144	0.0105718	0.00107378	0.0016878	0.0250847	0.00219203	0.00175144	0.00770593	0.00107193	0.0106664	0.897115	0.0117329	0.00777041	0.00336485	0.000676341	0.000627222
35	0.0418647	0.00191004	0.000258403	0.000326442	0.00193036	0.912875	0.000311029	0.000687269	0.000358324	0.00285662	0.000765213	0.00498922	0.00178564	0.000482414	0.00184729	0.020028	0.00493134	0.00132303	0.000183322	0.000286558
36	0.115087	0.0238077	0.0059309	0.0101465	0.00586542	0.0100904	0.00917825	0.138655	0.0116818	0.0392451	0.0310254	0.0232198	0.0158234	0.011397	0.00865227	0.120698	0.256599	0.152211	0.00193977	0.00874682
37	0.00311789	0.000841244	0.0045579	0.939409	0.000600644	0.000892138	0.000718003	0.00201008	0.012173	0.00588201	0.00133548	0.00475563	0.000996599	0.0133988	0.00136228	0.0022648	0.00223175	0.00263904	0.00023614	0.000577908
38	0.012939	0.00274747	0.00424993	0.00784298	0.00267972	0.00432635	0.0041051	0.0148203	0.630697	0.0132765	0.0152908	0.0103629	0.00777077	0.0210147	0.179939	0.0126909	0.0291273	0.0186132	0.00181416	0.0056919
39	0.024103	0.0104331	0.0022403	0.00270978	0.0114004	0.0045359	0.00302512	0.0631688	0.00441655	0.668243	0.0862249	0.00450482	0.00374612	0.00414549	0.00576552	0.0402463	0.0127495	0.0435154	0.00186549	0.00296061
40	0.0555531	0.123494	0.00205444	0.00285394	0.00750697	0.00404611	0.00317453	0.151796	0.004389	0.105675	0.316401	0.0150367	0.00335418	0.0044123	0.00738182	0.00823483	0.0158946	0.164594	0.00126077	0.00288642
41	0.00430019	0.0013417	0.0070108	0.920876	0.000679587	0.00137611	0.000923223	0.00339737	0.0157559	0.00659959	0.00186577	0.00577002	0.0012423	0.0153303	0.00217087	0.00299045	0.00346633	0.00378738	0.000364644	0.000751138
42	0.0265608	0.00287892	0.00200592	0.00259655	0.024358	0.00276494	0.161194	0.00396018	0.0032883	0.00600901	0.00575597	0.115767	0.00280583	0.0565867	0.00342453	0.129197	0.109322	0.00535409	0.00137134	0.334798
43	0.00310288	0.00192806	0.000790354	0.00130309	0.000602017	0.0036391	0.0014519	0.00820934	0.46814	0.00425618	0.00788572	0.00790449	0.00157635	0.00933111	0.44358	0.00808359	0.016508	0.00867207	0.000248132	0.00278767
44	0.035052	0.0171823	0.00602032	0.0134286	0.0136438	0.0164758	0.0651527	0.0143377	0.0161051	0.0210104	0.0133906	0.24709	0.0797031	0.0161298	0.0171933	0.149022	0.213925	0.021082	0.00367308	0.0203821
45	0.00761957	0.0014185	0.000443125	0.000606863	0.148862	0.00352787	0.0187869	0.00764013	0.000860247	0.012027	0.0019493	0.000811369	0.0037042	0.00715243	0.000719979	0.00605803	0.00220507	0.00841083	0.0443572	0.722839
46	0.0381619	0.00231765	0.00173892	0.00237792	0.0442835	0.00269258	0.00175007	0.22589	0.00248596	0.270544	0.115356	0.0382713	0.00344019	0.0156589	0.00230605	0.00786448	0.132538	0.071284	0.00106552	0.0199733
47	0.0368135	0.00732419	0.0349473	0.0627414	0.00764426	0.00980567	0.00828517	0.0111703	0.271616	0.0258654	0.0137205	0.0131013	0.00848148	0.368007	0.0349406	0.0334623	0.0201463	0.0162225	0.00608186	0.00962286
48	0.00750848	0.00333935	0.000478334	0.000918933	0.180863	0.00332854	0.0178488	0.00881414	0.00145855	0.0170266	0.00512055	0.000969772	0.00380444	0.00715265	0.000756575	0.00727732	0.00277986	0.00960511	0.0414002	0.679549
49	0.0239867	0.00713601	0.000972261	0.00188119	0.0894852	0.00138243	0.00182359	0.0567801	0.00165546	0.297642	0.329439	0.00522536	0.00416984	0.00816449	0.0019157	0.026123	0.0214064	0.104111	0.00252619	0.0141741
50	0.0350828	0.00298714	0.538399	0.142656	0.0033083	0.0258458	0.0081117	0.00858406	0.0281656	0.00738647	0.00810317	0.0474725	0.0122473	0.0315554	0.0151308	0.0254165	0.0409952	0.0103832	0.00083543	0.00733359
51	0.00507697	0.00376629	0.000530805	0.000873511	0.000845753	0.0103954	0.00160085	0.000945162	0.0194386	0.00143971	0.0010348	0.00620957	0.000784456	0.0100509	0.919429	0.0110095	0.00408597	0.00167902	0.000256446	0.000547033
52	0.0441395	0.00778924	0.00205187	0.00362989	0.0585765	0.00382523	0.00293885	0.0325756	0.0039372	0.562507	0.141389	0.00620285	0.00462929	0.00618155	0.00331019	0.0508152	0.0158297	0.0428548	0.00237784	0.0044386
53	0.0301973	0.00123116	0.650994	0.10153	0.0012289	0.0309286	0.0105972	0.00296425	0.0235109	0.00343536	0.00383167	0.0578113	0.0116995	0.0219636	0.0119463	0.0126887	0.00957157	0.00589704	0.000505357	0.00746775
54	0.0079037	0.00149627	0.000727325	0.00077012	0.14914	0.00353285	0.0197506	0.00758204	0.00100621	0.0121323	0.00235613	0.00135414	0.00371079	0.0076722	0.000993593	0.00661873	0.002768	0.0087152	0.04382	0.71795
55	0.0276629	0.151305	0.0012076	0.00163281	0.00853426	0.00149217	0.00163392	0.174591	0.00186722	0.100496	0.0580461	0.00682842	0.00162699	0.00227151	0.00419455	0.00446043	0.00985709	0.440064	0.000614815	0.00161328
56	0.135195	0.0385082	0.00163931	0.00235595	0.00216935	0.00960676	0.00240322	0.0043637	0.00293936	0.0059246	0.00461206	0.00775628	0.0120845	0.00405305	0.00297725	0.715329	0.0323871	0.0136291	0.000576588	0.00148889
57	0.0683028	0.0142435	0.00613722	0.0109869	0.00715924	0.0191014	0.00715373	0.112368	0.01232	0.0301956	0.109065	0.0183076	0.175026	0.0122656	0.00917015	0.0800771	0.164403	0.133367	0.00353638	0.00681442
58	0.0217808	0.00461073	0.000905531	0.00243841	0.0488041	0.0016703	0.00102308	0.0953216	0.00207465	0.443272	0.26943	0.00685792	0.0113113	0.00741586	0.00197082	0.0172011	0.0115414	0.0458499	0.0022473	0.00427379
59	0.264479	0.115902	0.00331544	0.00922064	0.0135566	0.0435351	0.00516714	0.0114874	0.0083284	0.0161324	0.00658228	0.0319944	0.00199944	0.00635519	0.00963287	0.204175	0.105457	0.141132	0.000557896	0.000990665
60	0.0409625	0.0931106	0.0124356	0.0962651	0.0116576	0.0145914	0.0148546	0.0250513	0.0248943	0.0356689	0.164762	0.149964	0.0125661	0.165845	0.0201385	0.0312886	0.0332916	0.0377364	0.00494548	0.00997051
61	0.0129254	0.00206745	0.0365027	0.849937	0.00071517	0.00474856	0.00254972	0.00242431	0.0158959	0.00629036	0.00269194	0.0171234	0.00214716	0.0188557	0.00320998	0.00866667	0.00822027	0.00377324	0.000350373	0.000904974
62	0.0654831	0.00951433	0.00555076	0.00974447	0.00733647	0.00780452	0.223791	0.0136046	0.00932458	0.105897	0.0140501	0.0123006	0.00681506	0.304581	0.0082398	0.017213	0.148677	0.0204406	0.00339915	0.00623267
63	0.428653	0.166055	0.00671135	0.00132475	0.00183198	0.142776	0.00110339	0.0155565	0.00236106	0.00942234	0.00789993	0.00811388	0.00655902	0.00200047	0.00622705	0.113964	0.0100994	0.0677907	0.000465219	0.0010859
64	0.00761957	0.0014185	0.000443125	0.000606863	0.148862	0.00352787	0.0187869	0.00764013	0.000860247	0.012027	0.0019493	0.000811369	0.0037042	0.00715243	0.000719979	0.00605803	0.00220507	0.00841083	0.0443572	0.722839
65	0.365838	0.228727	0.00301648	0.00212201	0.00269938	0.0287543	0.00233828	0.0520305	0.00338337	0.0205767	0.00943851	0.00697158	0.00290637	0.00360669	0.00344274	0.109609	0.0189157	0.133135	0.00094253	0.00154736
66	0.00421555	0.00617686	0.00107068	0.00148714	0.0113565	0.00569979	0.0011824	0.0916677	0.0394869	0.622981	0.120652	0.00203398	0.00140152	0.00179674	0.0417523	0.0176111	0.0049798	0.0106682	0.0126331	0.00114672
67	0.593417	0.0444712	0.00146648	0.00194015	0.00138399	0.109805	0.0018329	0.00351916	0.00182922	0.0132703	0.0103002	0.00402286	0.00190474	0.00273914	0.00225459	0.139745	0.0495671	0.015414	0.000353581	0.000763087
68	0.00496515	0.00293861	0.000338802	0.000411867	0.0037744	0.000365474	0.000351805	0.383583	0.00390962	0.0187149	0.00931117	0.000874279	0.000800098	0.000578281	0.000432628	0.00296622	0.0160047	0.545754	0.000145219	0.00377996
69	0.00260857	0.000879602	0.00427286	0.942615	0.000713883	0.00109037	0.000736222	0.00160046	0.0117046	0.00563721	0.00134233	0.00480499	0.00106584	0.0130986	0.000837611	0.00176157	0.00216962	0.0022256	0.000237773	0.000597652
70	0.00233315	0.000950108	0.000739206	0.00109327	0.000625584	0.000703811	0.00127199	0.0120345	0.690823	0.00552273	0.0120163	0.00985449	0.00188936	0.0106967	0.200533	0.0065138	0.025088	0.0130544	0.000247453	0.00400918
71	0.0216662	0.00409676	0.000577054	0.000968125	0.030229	0.00097236	0.00135559	0.037092	0.00144026	0.624033	0.198373	0.00318556	0.00245306	0.00439832	0.00134253	0.0187995	0.010064	0.0336747	0.00165979	0.00361956
72	0.0801162	0.00986923	0.000936824	0.00160518	0.0250014	0.00294187	0.00230282	0.0411834	0.00175489	0.553197	0.11164	0.00543963	0.00253014	0.00214528	0.00256217	0.028361	0.0361954	0.087997	0.00106244	0.00315797
73	0.118012	0.00399916	0.14897	0.164867	0.00151003	0.0991072	0.00870338	0.00931199	0.0750511	0.00945846	0.00539286	0.124621	0.00237058	0.114944	0.0106008	0.051667	0.0404626	0.00628691	0.000618431	0.00404538
74	0.0120415	0.0262579	0.000292307	0.00040985	0.0108107	0.000392228	0.000347375	0.493517	0.000507403	0.185777	0.0141137	0.0026457	0.00357813	0.00202163	0.000458922	0.00536929	0.00659561	0.233691	0.000160164	0.00101217
75	0.0315849	0.00474029	0.211779	0.443398	0.000811307	0.0089281	0.00545213	0.00115236	0.0476125	0.00878447	0.0108991	0.0199062	0.000635117	0.0735439	0.0340192	0.0335447	0.0451946	0.0169188	0.000225005	0.000870657
76	0.13612	0.00346444	0.00179182	0.00276031	0.00210363	0.00257504	0.00210507	0.124216	0.00457501	0.00472978	0.0060464	0.00333537	0.0621765	0.00419289	0.00343412	0.00503333	0.00796029	0.620852	0.000746543	0.00178065
77	0.0512175	0.00979608	0.001564	0.00217367	0.000799447	0.00126438	0.00166412	0.00225475	0.00442186	0.00658438	0.00179881	0.00268625	0.840445	0.00534862	0.00255971	0.0351182	0.0215149	0.00305198	0.00448011	0.00125583
78	0.0207252	0.00245551	0.0405177	0.187653	0.001909	0.00267523	0.00327597	0.275265	0.0700618	0.19352	0.0180851	0.00306389	0.0305674	0.00553094	0.0464052	0.00427394	0.0210582	0.0707138	0.000649313	0.00159461
79	0.00510473	0.00394638	0.000510071	0.000886	0.00104462	0.0101588	0.000811787	0.000978462	0.0205003	0.00141958	0.00133621	0.00621483	0.000801755	0.0101038	0.918542	0.0110039	0.00424041	0.00165142	0.000241177	0.00050342
80	0.626589	0.0386602	0.000940858	0.00133158	0.000858314	0.167613	0.00124801	0.00618952	0.00132879	0.0114049	0.00705682	0.00179793	0.00236392	0.00211722	0.00139873	0.0917378	0.0198965	0.0163394	0.000355853	0.000771815
81	0.0145762	0.00546313	0.00425619	0.0336871	0.00403061	0.00567508	0.0044376	0.00807459	0.382911	0.0111355	0.0085831	0.00647405	0.00616579	0.428568	0.00683434	0.0396756	0.0106611	0.0133149	0.00160452	0.00387154
82	0.00761957	0.0014185	0.000443125	0.000606863	0.148862	0.00352787	0.0187869	0.00764013	0.000860247	0.012027	0.0019493	0.000811369	0.0037042	0.00715243	0.000719979	0.00605803	0.00220507	0.00841083	0.0443572	0.722839
83	0.0111362	0.0118219	0.000436707	0.00126887	0.00830128	0.00107617	0.000500502	0.369909	0.000615183	0.396917	0.0397646	0.00288278	0.00374678	0.00263639	0.000758022	0.00861788	0.00590048	0.132077	0.000602934	0.00103016
84	0.00555974	0.00373572	0.000790804	0.00114045	0.000942662	0.0100572	0.0015197	0.0010422	0.0198362	0.00141163	0.00148884	0.00609274	0.000682425	0.00992823	0.917544	0.0109057	0.00433435	0.00156421	0.000545166	0.00087791
85	0.0126071	0.00467065	0.00258569	0.0045685	0.00291715	0.00371696	0.0027991	0.0600722	0.00497396	0.0118902	0.00752389	0.0056378	0.00542045	0.00572425	0.00389899	0.0105909	0.392685	0.453583	0.00140028	0.00273416
86	0.0137195	0.00110224	0.000498692	0.00128128	0.0675467	0.00057951	0.000492736	0.0783156	0.000800887	0.39117	0.351893	0.00620042	0.0046332	0.00950267	0.000772003	0.0149578	0.0101724	0.0371938	0.00252464	0.00664279
87	0.0030164	0.0146283	0.000711997	0.00106082	0.66526	0.00111272	0.00686768	0.0113854	0.00606828	0.0165324	0.0213941	0.00152749	0.00680254	0.00251528	0.00114589	0.0132784	0.00224273	0.016326	0.0156938	0.192429
88	0.330523	0.19422	0.0217314	0.00208413	0.00248675	0.134922	0.00184082	0.0104841	0.00417856	0.00962071	0.0164334	0.0162918	0.0075674	0.00299721	0.0137444	0.160262	0.0111681	0.0571149	0.000703267	0.00162578
89	0.0054758	0.00126924	0.0108187	0.919268	0.000689017	0.00192712	0.00100019	0.00187551	0.0131017	0.00567522	0.00230214	0.00796609	0.00108122	0.0152562	0.00177555	0.00320715	0.00352778	0.00276597	0.000295973	0.000721558
90	0.0130866	0.00268113	0.000431406	0.00150376	0.0450324	0.000795347	0.00048407	0.14011	0.00130567	0.444617	0.248237	0.0051507	0.00408396	0.00864023	0.00125643	0.013174	0.0090925	0.0539069	0.00192271	0.00448769
91	0.0850194	0.0520054	0.00430347	0.00847921	0.00205401	0.0650743	0.00915618	0.00416639	0.00990018	0.00488006	0.00593357	0.0139734	0.00606053	0.00298088	0.00251571	0.364777	0.347027	0.0094623	0.000572549	0.00165854
92	0.00485424	0.00377082	0.000508939	0.000940101	0.000496124	0.0101105	0.000680568	0.000930214	0.0180806	0.00138947	0.000979688	0.00614697	0.000710659	0.0100152	0.923334	0.010812	0.00404704	0.00144396	0.000223506	0.000524973
93	0.0117017	0.0148004	0.000291867	0.000372783	0.00690502	0.000401384	0.000339152	0.536795	0.000456725	0.20529	0.0145459	0.00318603	0.00429919	0.00284307	0.000432982	0.00642409	0.00441647	0.18559	0.000144862	0.000763385
94	0.0600697	0.088999	0.00469506	0.00648024	0.00731947	0.00875002	0.00540225	0.0141274	0.0463113	0.170372	0.31345	0.0109864	0.006166	0.045529	0.00811477	0.12552	0.0524897	0.0182733	0.00201626	0.004927
95	0.0370659	0.00627288	0.00256068	0.00430221	0.00334219	0.00587949	0.00539632	0.00601562	0.00447506	0.00859167	0.00571992	0.615685	0.00466041	0.0217713	0.00427649	0.239116	0.011381	0.00896601	0.00175108	0.00277015
96	0.0105253	0.00160239	0.000949446	0.00103847	0.0112197	0.00113362	0.892185	0.00183879	0.00183802	0.00900453	0.00240497	0.0226368	0.00125912	0.0235665	0.00171613	0.0028506	0.00371274	0.00901302	0.000450217	0.00105421
97	0.00817402	0.0152994	0.000566039	0.00198087	0.00601414	0.00430626	0.000577143	0.115063	0.0025246	0.681014	0.0758069	0.00133476	0.00196455	0.00117807	0.00513985	0.0208974	0.00568359	0.0495357	0.00234975	0.000589366
98	0.0151624	0.00476961	0.000387275	0.00104482	0.0144998	0.0010924	0.00107887	0.0400113	0.00113886	0.713807	0.136292	0.00144741	0.00111443	0.00206244	0.00176626	0.016906	0.00748962	0.037146	0.000916015	0.00186666
99	0.15292	0.00694302	0.00524215	0.0101071	0.00472381	0.25092	0.00603522	0.0102514	0.00767442	0.0130128	0.00947541	0.247153	0.00650237	0.00873708	0.00714522	0.138985	0.0195634	0.0139152	0.0764157	0.0042776
100	0.0119152	0.0148946	0.000326267	0.000373007	0.0074888	0.000444393	0.000354784	0.529061	0.000490289	0.207158	0.0135002	0.00332272	0.00546753	0.00262709	0.000448182	0.00743809	0.00450305	0.18921	0.000155203	0.000821446
101	0.399834	0.107516	0.00445237	0.00326321	0.0033097	0.174982	0.00212703	0.012767	0.00332008	0.0212597	0.00873868	0.00941152	0.00385983	0.0028137	0.00563814	0.127158	0.0452227	0.0623342	0.000900651	0.00109152
102	0.142766	0.0831229	0.00209375	0.00523662	0.00337821	0.0546892	0.0171292	0.00639838	0.00354198	0.00647161	0.0109952	0.0117744	0.00263518	0.0040604	0.00371941	0.290315	0.334121	0.0150599	0.000642245	0.00184917
103	0.0282632	0.0361296	0.00148736	0.00265454	0.114301	0.0790061	0.203662	0.00402702	0.00315647	0.0274286	0.0212568	0.099153	0.0414231	0.0514944	0.0659695	0.0667002	0.0478313	0.00642294	0.00107353	0.0985595
104	0.426299	0.101688	0.00450563	0.0025372	0.00189565	0.211886	0.00218527	0.0331456	0.00455234	0.0112637	0.00600933	0.0064571	0.00438617	0.00339887	0.00490893	0.0732107	0.0118907	0.0872464	0.00109403	0.00143926
105	0.0138039	0.00129672	0.000512405	0.00133195	0.0661449	0.000747162	0.000487755	0.0840962	0.0020016	0.398473	0.335938	0.00704686	0.00462857	0.00910249	0.00162669	0.015137	0.0113068	0.0373434	0.00278384	0.00619152
106	0.0310868	0.00116095	0.624947	0.125559	0.000728162	0.0280864	0.0100766	0.00230854	0.0261521	0.00291868	0.00439241	0.0545427	0.0113774	0.0256526	0.0134847	0.0141274	0.0107377	0.00534901	0.000329929	0.00698229
107	0.0203278	0.0973976	0.000772253	0.00106404	0.00864929	0.00097899	0.000832868	0.236171	0.00122724	0.114993	0.00946077	0.00201755	0.00155903	0.00169899	0.00109702	0.00286905	0.00990514	0.487813	0.000455789	0.000710045
108	0.0194733	0.000307035	0.000221208	0.000569316	0.00192888	0.941104	0.000289885	0.000529869	0.000339546	0.0021728	0.000523354	0.00506561	0.00159817	0.000405606	0.00185992	0.0182801	0.00412037	0.000706563	0.000117512	0.000387167
109	0.644351	0.0392191	0.00106781	0.00121344	0.000743465	0.12421	0.000839561	0.00445732	0.00120609	0.0124198	0.0086458	0.00189533	0.00204031	0.00204527	0.00140447	0.115611	0.0242113	0.0135673	0.000233978	0.000616811
110	0.0144291	0.00123852	0.000528002	0.00131546	0.0693358	0.000818377	0.00058119	0.0801124	0.000939911	0.376522	0.344925	0.00652378	0.00529532	0.0106519	0.000783685	0.020762	0.0112214	0.0439515	0.00240371	0.00766087
111	0.114476	0.0337229	0.00538597	0.0119053	0.00283381	0.0698795	0.00694776	0.00397535	0.0117846	0.00468986	0.00562202	0.0237488	0.00575422	0.00465318	0.00402455	0.345329	0.321963	0.0209396	0.00111486	0.00124943
112	0.106699	0.00803905	0.00836965	0.0118396	0.00624406	0.0739305	0.00650969	0.209969	0.00878793	0.0609729	0.163011	0.0118411	0.107724	0.0092295	0.00728648	0.020065	0.0715666	0.101525	0.00210114	0.00428855
113	0.0362502	0.00588094	0.00123209	0.00202537	0.0942179	0.00218738	0.00124472	0.0879711	0.00169388	0.332333	0.277923	0.0145093	0.0132458	0.00815788	0.00200246	0.0252558	0.0215235	0.0622148	0.00242821	0.00770321
114	0.0338712	0.00482053	0.00143717	0.00273942	0.0653097	0.00212362	0.00171636	0.166559	0.00256561	0.330134	0.1432	0.0218044	0.00396725	0.0107724	0.00218538	0.0123372	0.102947	0.0737977	0.00192904	0.0157823
115	0.0415746	0.00410998	0.0195208	0.0171875	0.124974	0.00963185	0.0347859	0.00959111	0.00714813	0.025769	0.0258549	0.0093153	0.00431974	0.0155131	0.0103617	0.0112963	0.00794584	0.0152812	0.105472	0.500347
116	0.134025	0.194167	0.00326179	0.00388338	0.00427247	0.0931298	0.00388626	0.00899075	0.00551727	0.186508	0.155125	0.00611501	0.00384096	0.00612908	0.00381575	0.0122696	0.105151	0.0650327	0.00156737	0.00331159
117	0.00510961	0.0370626	0.000951624	0.00274045	0.556322	0.00157358	0.00464343	0.0183621	0.00479273	0.0912098	0.0824994	0.00187202	0.00449525	0.00550035	0.00192005	0.0105853	0.00340554	0.018445	0.0103382	0.138171
118	0.102105	0.00695517	0.0721216	0.187299	0.0104691	0.0143047	0.0309232	0.0292309	0.109303	0.0358939	0.0172261	0.0192979	0.0191785	0.0592408	0.128285	0.037195	0.0359382	0.069536	0.00338387	0.0121133
119	0.0740235	0.00179113	0.0940609	0.280865	0.00202492	0.0196561	0.0246119	0.100342	0.00954768	0.0792877	0.0319235	0.0158869	0.0352583	0.058122	0.0331798	0.00526127	0.0551456	0.0774739	0.000565591	0.000972867
120	0.00492522	0.00373898	0.000957413	0.00165476	0.000465259	0.00990278	0.000515569	0.00114307	0.0247849	0.00129343	0.00137438	0.00622357	0.00083023	0.0113101	0.912758	0.0109352	0.0042851	0.00216791	0.000228763	0.00050531
121	0.00368385	0.00117159	0.00796117	0.931702	0.000654311	0.00137469	0.0010582	0.00195299	0.0123636	0.00568486	0.00159223	0.00519134	0.00118297	0.0136039	0.00149522	0.00232788	0.00279724	0.00319327	0.000348631	0.00065964
122	0.0375632	0.0102925	0.120755	0.124963	0.015033	0.00300743	0.00530613	0.0110775	0.192153	0.0726588	0.018398	0.00807011	0.00144655	0.184878	0.103724	0.0068967	0.02728	0.00921716	0.0227345	0.024545
123	0.00839286	0.0180929	0.0011455	0.00275049	0.00634308	0.020081	0.00185882	0.0995445	0.00988218	0.676492	0.0689359	0.00219729	0.00199867	0.00230863	0.0109742	0.014454	0.0150639	0.025961	0.0123201	0.00120276
124	0.00744839	0.0632995	0.0013764	0.00585006	0.343546	0.0017822	0.00159126	0.0311355	0.00208505	0.239154	0.202045	0.00273544	0.00195784	0.0136519	0.00216468	0.00556455	0.0049952	0.0205953	0.00113035	0.0478911
125	0.0808814	0.0023638	0.0918446	0.174187	0.00275326	0.0369787	0.030795	0.133205	0.00903757	0.0818137	0.0521306	0.0219245	0.0348626	0.0521564	0.0334477	0.00538782	0.0624246	0.0911836	0.000840946	0.0017813
126	0.0808143	0.0788942	0.00188327	0.0031376	0.0803163	0.00447647	0.00608905	0.0354802	0.00343126	0.235794	0.180471	0.00576301	0.00329603	0.00423717	0.00929022	0.0189055	0.0216576	0.210492	0.00135083	0.0142203
127	0.0192626	0.0153878	0.0040263	0.00401271	0.153042	0.0322581	0.123354	0.00619522	0.00369514	0.0180601	0.0218703	0.0502413	0.0170858	0.0396809	0.0236677	0.0560371	0.0436879	0.00973305	0.0155578	0.343144
128	0.00344193	0.000939634	0.00551834	0.937445	0.00064049	0.000845729	0.000950719	0.00156401	0.0123566	0.00569644	0.00146906	0.00502493	0.00101346	0.013856	0.00152795	0.00212607	0.00226025	0.00242017	0.000260356	0.000642676
129	0.251827	0.0163826	0.0248286	0.0264604	0.0923905	0.0167392	0.0289657	0.0220847	0.0288158	0.0391626	0.106122	0.0205826	0.0129273	0.0301885	0.134825	0.0415233	0.0313295	0.0405099	0.0145588	0.0197767
130	0.215257	0.0137517	0.00172645	0.00223961	0.00311915	0.0109422	0.00192559	0.109975	0.00270035	0.0882187	0.0449093	0.0195029	0.00526186	0.00291035	0.00292332	0.0478599	0.124467	0.299809	0.00059685	0.00190379
131	0.0516655	0.0555041	0.00102867	0.00132529	0.00123967	0.00220274	0.00134238	0.00231561	0.00188661	0.00348465	0.00264462	0.0024847	0.019123	0.00208425	0.00161347	0.811877	0.0254529	0.0109827	0.00048545	0.00125644
132	0.0200197	0.000370622	0.00050698	0.00055271	0.00195183	0.938075	0.000300038	0.000688552	0.000939836	0.00237064	0.000556299	0.00519049	0.00168811	0.000483275	0.00188182	0.0185365	0.00426401	0.00113627	0.000117344	0.000369529
133	0.519453	0.023355	0.00174258	0.00281913	0.00148213	0.0510651	0.00196441	0.00436885	0.00268179	0.0170753	0.0106002	0.00388468	0.00415098	0.00586126	0.00238529	0.293908	0.0417399	0.00957009	0.000568513	0.0013241
134	0.00493676	0.00374524	0.000572689	0.00120039	0.000645737	0.0100801	0.0011317	0.00102594	0.0196871	0.00149263	0.0010795	0.00620219	0.000766679	0.0101024	0.919998	0.0109197	0.00405132	0.00159462	0.000244863	0.000522341
135	0.0144714	0.00107811	0.000596973	0.00121992	0.0672405	0.000703508	0.000585755	0.0709748	0.000890553	0.398819	0.350443	0.00564022	0.00419441	0.00959311	0.000969009	0.0151023	0.00982836	0.0378699	0.00275592	0.00702332
136	0.0185742	0.00461592	0.00223121	0.00321989	0.0168381	0.00620156	0.77241	0.00463894	0.00537375	0.0287593	0.00664536	0.039936	0.00577271	0.028891	0.00828112	0.0115591	0.0148829	0.0120487	0.00150061	0.00761937
137	0.456012	0.0452945	0.00189619	0.00346372	0.00269405	0.0410495	0.00529363	0.0112794	0.00407312	0.0120516	0.0301605	0.00766449	0.00223137	0.00417091	0.00318003	0.207534	0.138592	0.0213283	0.000558056	0.00147246
138	0.435234	0.0312933	0.00486174	0.004334	0.00395607	0.00633321	0.0396887	0.00755688	0.00587067	0.00963326	0.00797658	0.29683	0.0049491	0.00891364	0.00651537	0.0641131	0.0418538	0.0128558	0.00216118	0.0050693
139	0.00745234	0.00172275	0.000450261	0.000619097	0.164054	0.00340922	0.0185028	0.00768214	0.000972482	0.0122624	0.00247548	0.00080461	0.00378002	0.00716034	0.000714008	0.00650751	0.00222922	0.0085222	0.0438337	0.706846
140	0.030437	0.00613635	0.00224275	0.00246584	0.144425	0.00259189	0.00211101	0.434149	0.00370425	0.0525144	0.0118916	0.00480651	0.00546674	0.00363522	0.00287497	0.00861854	0.00638555	0.244771	0.000586526	0.0301853
141	0.00593927	0.00378544	0.000590904	0.000921646	0.000928407	0.0101853	0.00107391	0.00183844	0.0207235	0.0017894	0.00140045	0.00633686	0.00156033	0.0101744	0.914678	0.0114391	0.00436025	0.00155506	0.000227196	0.000492573
142	0.0304161	0.00339614	0.00155428	0.0136988	0.00265496	0.00272128	0.00140412	0.200066	0.00923799	0.0476896	0.0109307	0.00876775	0.102817	0.00899431	0.002606	0.00791886	0.0939643	0.44714	0.000523878	0.00349865
143	0.0194538	0.000305773	0.000221205	0.000319725	0.00192991	0.941875	0.000289849	0.000505651	0.00033027	0.00217798	0.000525759	0.00502139	0.00159826	0.000395078	0.00186046	0.0182634	0.00385127	0.000707133	0.000117512	0.000250546
144	0.0200108	0.000539461	0.000223255	0.000326022	0.00193939	0.940646	0.000295908	0.000569824	0.000333256	0.00219443	0.000529225	0.00508057	0.00159915	0.000395486	0.00185569	0.0183282	0.00386814	0.00089489	0.000116794	0.00025349
145	0.0344095	0.0200668	0.0027688	0.00746267	0.00454153	0.00287804	0.00167398	0.219629	0.0109755	0.0341661	0.0152868	0.00478554	0.00978418	0.00842917	0.00506581	0.00902422	0.0422863	0.562031	0.000856646	0.00387826
146	0.362953	0.01125	0.0247819	0.00380852	0.00305162	0.00451176	0.164235	0.00689546	0.00616726	0.00893976	0.00724637	0.0684746	0.00436488	0.0111647	0.0267052	0.196211	0.0347989	0.0134573	0.00151703	0.0394654
147	0.0479183	0.0277962	0.048795	0.0607032	0.0313281	0.00468501	0.00832019	0.0108147	0.11518	0.0828346	0.0357732	0.0287224	0.00326277	0.200923	0.165544	0.00996443	0.0178093	0.0329804	0.0317993	0.0348463
148	0.0292983	0.00138817	0.649325	0.105513	0.00173263	0.0273714	0.0102122	0.00269092	0.0238083	0.0034421	0.00505452	0.0531771	0.0118727	0.0228606	0.0127279	0.0129428	0.0113228	0.00664317	0.000579011	0.0080377
149	0.010064	0.00763111	0.000342704	0.00245725	0.00849601	0.00150064	0.000451763	0.125318	0.000594643	0.678486	0.0636705	0.000633076	0.00209545	0.000968746	0.000571683	0.0115395	0.00407357	0.0800368	0.000649206	0.000419147
150	0.047609	0.0099732	0.00146848	0.00242674	0.00078618	0.00130584	0.00171979	0.00243903	0.00388952	0.00646171	0.00198493	0.00350758	0.832542	0.00536714	0.0025737	0.0406122	0.0263628	0.00372297	0.00433849	0.00090852
151	0.0850628	0.00166033	0.100886	0.196623	0.00198717	0.0231402	0.0286577	0.113216	0.00893382	0.0902417	0.0363592	0.0176002	0.0399392	0.0658434	0.037054	0.00441006	0.0606101	0.0862742	0.000541036	0.000960344
152	0.125535	0.00335279	0.182234	0.206641	0.000876225	0.0427318	0.00936808	0.00973153	0.0621056	0.00882553	0.00442681	0.0902203	0.00104133	0.0784477	0.0236429	0.0796679	0.0595799	0.00806186	0.000214826	0.00329558
153	0.021373	0.00495665	0.000679787	0.00171544	0.0877035	0.00142838	0.00125987	0.0620463	0.00231587	0.369088	0.328977	0.00544651	0.00429958	0.0096252	0.0024203	0.016777	0.0125119	0.0501737	0.00677768	0.0104239
154	0.0134785	0.0169891	0.000579676	0.00515104	0.00784724	0.00292327	0.00113391	0.128054	0.000840352	0.655032	0.0602631	0.00146365	0.00272527	0.00125792	0.00113487	0.0117951	0.0078173	0.0789791	0.0014533	0.00108158
155	0.0223283	0.000935704	0.670988	0.11619	0.000786442	0.0215167	0.00748888	0.00203632	0.024833	0.00175805	0.00422134	0.0460331	0.0084465	0.0240887	0.0140196	0.00918829	0.010139	0.00598007	0.000255785	0.00876557
156	0.0465006	0.00681448	0.151018	0.157575	0.039429	0.0109178	0.0293048	0.00968859	0.136406	0.0437552	0.0181925	0.0179303	0.00493463	0.116683	0.0982309	0.0296409	0.0275935	0.0147813	0.0174323	0.02317
157	0.0120445	0.0158772	0.000281434	0.000455736	0.00819239	0.000425231	0.000353259	0.509777	0.000492586	0.227867	0.0188896	0.00318278	0.00428381	0.00259988	0.000465495	0.00667139	0.0041286	0.182932	0.000156985	0.000923442
158	0.0895475	0.00205803	0.122901	0.0957078	0.118547	0.0180296	0.122037	0.00350102	0.0150031	0.0246896	0.0658749	0.00277967	0.00158377	0.0351209	0.0347691	0.016734	0.00447173	0.0258621	0.0962174	0.104565
159	0.139331	0.00411894	0.188154	0.192051	0.000705994	0.0384846	0.0112152	0.0111893	0.0670086	0.00772184	0.00503728	0.10462	0.00105208	0.0848459	0.0140574	0.0681491	0.0526802	0.00545783	0.000277402	0.00384218
160	0.00641112	0.0103922	0.00152343	0.00199605	0.692201	0.00192639	0.004839	0.0105733	0.00554866	0.0240896	0.0138201	0.00274886	0.00509604	0.00342723	0.00205111	0.0246773	0.00439574	0.0134076	0.0587599	0.112115
161	0.0144056	0.0465459	0.00041484	0.000619335	0.0146395	0.000527671	0.000517468	0.424114	0.000661205	0.19805	0.0176074	0.00346986	0.00408356	0.0017897	0.000602571	0.0064154	0.00575582	0.258341	0.000264043	0.00117606
162	0.0522303	0.000788167	0.583803	0.0913479	0.000664795	0.0463573	0.0194224	0.00131197	0.0216909	0.0016779	0.00186661	0.0902304	0.0227518	0.0216654	0.00962279	0.0210365	0.00668814	0.00254155	0.000213218	0.0040891
163	0.0475102	0.0046283	0.218261	0.397595	0.000718367	0.014622	0.00643582	0.00296341	0.0498526	0.0077721	0.0117105	0.040221	0.000927792	0.0767191	0.0268406	0.0354251	0.0426607	0.0134112	0.000245831	0.00147961
164	0.0371412	0.00265851	0.00173045	0.00230472	0.0449185	0.00250881	0.001807	0.230597	0.00259038	0.272268	0.109	0.0301219	0.00299194	0.0124792	0.00234657	0.00751043	0.130609	0.0754963	0.000957443	0.0299629
165	0.0307248	0.00995121	0.225786	0.462032	0.00084279	0.0072372	0.00824992	0.00176559	0.0380493	0.00750448	0.013174	0.0168496	0.00104016	0.0651526	0.0251584	0.0344065	0.0333968	0.0171598	0.000315175	0.00120356
166	0.13357	0.00379508	0.185647	0.196514	0.000776818	0.0409567	0.0102967	0.0112362	0.0646497	0.00791293	0.00476732	0.100133	0.00117124	0.0803831	0.0179587	0.0729652	0.0571787	0.00619761	0.00024005	0.00365032
167	0.0136491	0.00658754	0.00036416	0.00146207	0.00656335	0.00117273	0.00107832	0.0513336	0.000844606	0.758775	0.0800626	0.000732818	0.000921277	0.000900528	0.00130143	0.0159011	0.00649255	0.0502034	0.000510496	0.00114316
168	0.0107825	0.00786037	0.000346901	0.00241003	0.00928893	0.00150899	0.00046661	0.123299	0.000545545	0.677915	0.0627402	0.000660283	0.00207998	0.000928236	0.000492045	0.0130114	0.00452065	0.0800832	0.000657862	0.000402738
169	0.165269	0.0211728	0.000757036	0.00141292	0.00179713	0.00360196	0.00143104	0.122151	0.00177311	0.0538004	0.0287715	0.0232596	0.00734365	0.00227978	0.00167152	0.091899	0.239641	0.230136	0.000599613	0.00123225
170	0.0454567	0.00150894	0.503455	0.145901	0.00136678	0.0962189	0.0147458	0.00254753	0.0172852	0.00310962	0.00264552	0.0814235	0.0238099	0.0134831	0.00620077	0.0209069	0.0138296	0.00323515	0.000353495	0.00251699
171	0.0337435	0.0082527	0.00311833	0.00505782	0.00433077	0.00700079	0.00610892	0.00699218	0.00604623	0.0103109	0.00629582	0.580653	0.00564848	0.0289804	0.00629253	0.248672	0.0159529	0.0108795	0.00154173	0.00412098
172	0.0861301	0.00884531	0.0292616	0.088945	0.00807944	0.0139285	0.0294106	0.0256461	0.154367	0.0365112	0.0119572	0.025351	0.124579	0.0369963	0.199045	0.0555008	0.0288982	0.025043	0.00310023	0.00840417
173	0.0129974	0.0107815	0.000385566	0.00147612	0.0148761	0.00107548	0.00053704	0.339303	0.00149925	0.383011	0.0760635	0.00409733	0.00433733	0.00335456	0.00125899	0.00980435	0.00859583	0.124133	0.000799717	0.00161276
174	0.00525456	0.0110463	0.00104906	0.00131615	0.54835	0.00165489	0.00892187	0.00949218	0.00476736	0.0151977	0.013618	0.0017203	0.0055945	0.00547195	0.00143014	0.0141263	0.00282733	0.0137523	0.0651826	0.269226
175	0.00219568	0.000911963	0.000623826	0.000833417	0.000691125	0.000692391	0.000792971	0.0136205	0.696612	0.00589568	0.0133213	0.00810687	0.00164294	0.00892652	0.197248	0.00532141	0.0233044	0.014243	0.000258816	0.00475749
176	0.1335	0.00366934	0.157485	0.176184	0.000806346	0.0485949	0.00978359	0.00928038	0.0666023	0.0100237	0.0056981	0.0986663	0.00119653	0.150466	0.0120643	0.0598735	0.0465193	0.00553029	0.000305623	0.0037501
177	0.00508295	0.00388375	0.00047984	0.00109219	0.000542262	0.0102395	0.000654425	0.00122042	0.0179725	0.00140731	0.00129464	0.0063197	0.00128771	0.0101669	0.920376	0.0108832	0.00418572	0.00194465	0.000503005	0.000463495
178	0.0174718	0.00802608	0.00428966	0.00562158	0.00657905	0.00634747	0.00591043	0.01042	0.00756724	0.398232	0.0110413	0.13118	0.00552876	0.0077999	0.00676624	0.0143619	0.330726	0.0152868	0.00247769	0.00436498
179	0.0503817	0.0163828	0.00197273	0.0199343	0.00196274	0.00235634	0.00207096	0.0870968	0.0556169	0.00537868	0.0167573	0.00308281	0.00347739	0.040933	0.0292715	0.00514454	0.0052333	0.650207	0.000881145	0.00185787
180	0.0184731	0.00364136	0.433138	0.0240441	0.00313968	0.286091	0.0056522	0.00560342	0.00786507	0.00703189	0.00577627	0.148784	0.00754312	0.00738965	0.00484938	0.0111392	0.00869272	0.00707803	0.00120875	0.00285934
181	0.00370044	0.00262424	0.000308102	0.000399997	0.00267585	0.000403546	0.000348851	0.367081	0.00416773	0.0119497	0.00846669	0.000609329	0.000554449	0.000618029	0.000450713	0.00297062	0.0166591	0.571684	0.000156025	0.00417146
182	0.0194538	0.000305773	0.000221205	0.000319725	0.00192991	0.941875	0.000289849	0.000505651	0.00033027	0.00217798	0.000525759	0.00502139	0.00159826	0.000395078	0.00186046	0.0182634	0.00385127	0.000707133	0.000117512	0.000250546
183	0.0142598	0.00180075	0.00123369	0.0217181	0.00123718	0.00164691	0.00130804	0.224032	0.0124311	0.067182	0.00685614	0.0121008	0.0249238	0.0131733	0.00276909	0.00467009	0.119418	0.464616	0.000610349	0.00401336
184	0.0152114	0.0120092	0.000394391	0.000455293	0.0309399	0.000511835	0.000451077	0.521692	0.000700798	0.12605	0.0155561	0.00331323	0.0047981	0.00141002	0.000550432	0.00587745	0.00354854	0.25195	0.000135881	0.00444421
185	0.0169128	0.0024425	0.013294	0.0162166	0.000796075	0.0342691	0.00102219	0.00190477	0.0344844	0.00244679	0.002006	0.0210943	0.0196737	0.00154918	0.00112035	0.498369	0.32884	0.0024434	0.00034785	0.000766244
186	0.334119	0.00645864	0.00562995	0.0638291	0.00406606	0.00667355	0.00397639	0.0520533	0.0522998	0.0577202	0.0074843	0.00816048	0.0610037	0.0530927	0.0560229	0.0841162	0.0340264	0.0832987	0.00164612	0.0243221
187	0.0325588	0.00484086	0.212755	0.442374	0.000831955	0.00906727	0.00586708	0.00146599	0.0478403	0.00839531	0.0111172	0.0217751	0.000654466	0.0741127	0.0323897	0.0329275	0.0438012	0.0161186	0.000211496	0.000895229
