211	20
1	0.0351486	0.0176459	0.00157503	0.00136696	0.0315587	0.000985176	0.00208079	0.302987	0.00516737	0.225583	0.0365452	0.00151829	0.000541147	0.000709485	0.00147505	0.00533223	0.0224333	0.301685	0.00147659	0.00418443
2	0.0683047	0.0104685	0.0191484	0.00479838	0.00542096	0.00356071	0.0416916	0.0102217	0.0239766	0.128781	0.0215914	0.00455446	0.0454475	0.0443148	0.025023	0.0324821	0.295715	0.169303	0.0199469	0.0252494
3	0.0144963	0.0100788	0.000583297	0.000832021	0.0104946	0.000868731	0.000704694	0.43254	0.00153709	0.0912274	0.010011	0.000843846	0.000528204	0.000920673	0.00113959	0.00542458	0.00501416	0.411662	0.000416383	0.000676033
4	0.0414326	0.0188954	0.00187724	0.00268408	0.0779597	0.00271634	0.00555828	0.184664	0.00584022	0.359967	0.0469893	0.00327399	0.00172426	0.00184381	0.00563157	0.00740282	0.0336577	0.176376	0.00254232	0.0189635
5	0.0177648	0.0195633	0.000922136	0.00108655	0.153138	0.00466818	0.021421	0.0271741	0.00103473	0.0520874	0.0341978	0.00864847	0.0041022	0.00831871	0.0166628	0.00224111	0.00581184	0.0149672	0.0296913	0.576499
6	0.13503	0.0315058	0.000904578	0.00112944	0.00109426	0.739334	0.00891793	0.00246829	0.0046716	0.00975705	0.00832166	0.00823683	0.0035171	0.0013238	0.0016815	0.0191006	0.00225847	0.0126133	0.000493106	0.00764044
7	0.0285792	0.00449495	0.0028592	0.00363991	0.00388217	0.0397437	0.00425115	0.00370893	0.0122473	0.0160269	0.00725091	0.0118963	0.00380444	0.00447165	0.00489507	0.39887	0.423612	0.0114683	0.00174043	0.0125576
8	0.0171301	0.00475371	0.0582836	0.536478	0.0178891	0.00681154	0.0234464	0.00359693	0.00389586	0.00897181	0.00383418	0.0039749	0.00322573	0.200692	0.0129456	0.0403401	0.0131712	0.0222479	0.00265142	0.0156603
9	0.0312309	0.00885883	0.00953715	0.00783326	0.00771579	0.0513793	0.00876305	0.00716127	0.0307743	0.0417697	0.00960708	0.0199767	0.00717187	0.0107682	0.0100057	0.314422	0.371054	0.0164244	0.00288722	0.03266
10	0.11768	0.031328	0.0014728	0.00175504	0.00205704	0.738782	0.0133154	0.00260492	0.00553073	0.0111684	0.00816334	0.0097642	0.00514212	0.00232534	0.00258651	0.0189625	0.00331048	0.0147058	0.0010976	0.00824769
11	0.0186466	0.0716566	0.0188983	0.0131868	0.014036	0.0126389	0.00516293	0.00317542	0.00840003	0.00592427	0.00376899	0.385318	0.0344576	0.0093702	0.025735	0.128615	0.230489	0.00667296	0.00160987	0.00223705
12	0.271394	0.032201	0.00644018	0.00174461	0.00145752	0.035261	0.00189437	0.00137757	0.00727118	0.0119197	0.00144165	0.0155981	0.00636	0.00767668	0.00605214	0.559624	0.0250302	0.00515715	0.000726122	0.00137291
13	0.060175	0.0135698	0.0437321	0.139364	0.0235906	0.019794	0.0486434	0.0398344	0.0458319	0.0929821	0.0254735	0.0265866	0.000567536	0.171802	0.0917224	0.0524262	0.0325744	0.0237471	0.0120764	0.0355067
14	0.0338192	0.00246163	0.316731	0.369658	0.0239505	0.019966	0.0104328	0.00382428	0.00299151	0.0146002	0.00386652	0.00748494	0.0037135	0.0752899	0.0125114	0.0420324	0.0126212	0.0132434	0.00290959	0.0278925
15	0.058112	0.0283088	0.00306439	0.0032231	0.035824	0.00404287	0.00672135	0.184784	0.00713424	0.226981	0.0466515	0.00626747	0.00165074	0.00195053	0.00577246	0.0112201	0.0605933	0.28276	0.00320458	0.0217331
16	0.333194	0.020587	0.0116672	0.00498277	0.00260665	0.0773311	0.00540378	0.00594525	0.0149826	0.0113266	0.00403327	0.0239791	0.00644962	0.00817059	0.0161708	0.321574	0.10566	0.0209329	0.00142846	0.00357392
17	0.0636809	0.0105057	0.0483438	0.120975	0.0199519	0.0194375	0.0428201	0.0285091	0.0822259	0.0720608	0.018547	0.0456951	0.00760558	0.141644	0.107679	0.0674315	0.0452969	0.0247378	0.0080607	0.0247912
18	0.0606062	0.0132992	0.043842	0.137165	0.0237494	0.0200423	0.0484814	0.0399365	0.0459185	0.0944195	0.0256642	0.0270668	0.00049906	0.169331	0.0925446	0.0521777	0.033055	0.0237689	0.0122892	0.0361442
19	0.0413467	0.0183316	0.00226604	0.00151628	0.0261417	0.00123003	0.00274297	0.268943	0.00683025	0.226743	0.0403603	0.00239244	0.000424283	0.000667041	0.00163766	0.00635504	0.0327709	0.311951	0.00184828	0.00550134
20	0.414088	0.00686237	0.00634598	0.0498404	0.0287195	0.0792866	0.00749474	0.00664687	0.00612253	0.0387293	0.00502601	0.00689227	0.00945807	0.0311156	0.0263074	0.128172	0.0108133	0.0479226	0.038814	0.0513429
21	0.0626858	0.0117384	0.0471369	0.12901	0.0222311	0.0199501	0.0459812	0.0338134	0.0633434	0.083042	0.0228473	0.0366197	0.00398261	0.153733	0.100778	0.0596301	0.0382883	0.0237479	0.0100806	0.0313604
22	0.0606062	0.0132992	0.043842	0.137165	0.0237494	0.0200423	0.0484814	0.0399365	0.0459185	0.0944195	0.0256642	0.0270668	0.00049906	0.169331	0.0925446	0.0521777	0.033055	0.0237689	0.0122892	0.0361442
23	0.0529246	0.0392349	0.000958773	0.00199501	0.0600561	0.0129732	0.0193211	0.179167	0.0134802	0.209286	0.0521266	0.0100946	0.00760185	0.00858213	0.0189141	0.0301568	0.0651398	0.151151	0.00106048	0.0657758
24	0.0532175	0.023583	0.00311447	0.00210863	0.0271651	0.00222651	0.00448615	0.217234	0.00683486	0.231457	0.0481454	0.00399602	0.000742677	0.000954612	0.00260054	0.00740722	0.0484696	0.303195	0.00266891	0.0103936
25	0.0169907	0.0126232	0.00045496	0.0006193	0.0136362	0.000612129	0.000628475	0.410268	0.0022525	0.116789	0.0134044	0.000647358	0.00043233	0.000637346	0.000783602	0.00597016	0.00493018	0.397504	0.000334738	0.000481384
26	0.0427153	0.0263235	0.00201617	0.00309122	0.0853294	0.00368158	0.00597551	0.195144	0.00671311	0.315704	0.0485585	0.00379442	0.00212046	0.00224032	0.00632576	0.00949143	0.0348592	0.184472	0.00209625	0.0193473
27	0.0197982	0.0137105	0.000571043	0.000660954	0.0151225	0.000623075	0.000773823	0.398456	0.00264423	0.127705	0.0158759	0.0007993	0.000433443	0.000618222	0.000779934	0.00617928	0.00730659	0.386599	0.000522918	0.00082013
28	0.187746	0.220672	0.00310123	0.002925	0.00619495	0.00313046	0.00418172	0.0686636	0.00354314	0.0530871	0.00673142	0.0158071	0.00274908	0.00355852	0.00513895	0.0110681	0.0685677	0.327639	0.00168431	0.00381089
29	0.21475	0.0246911	0.0061118	0.00180521	0.00161057	0.028651	0.00217098	0.00145645	0.00682989	0.0095991	0.00148764	0.012548	0.00856762	0.00628428	0.00586647	0.626544	0.0326376	0.00571344	0.000894524	0.0017802
30	0.0307585	0.032804	0.0161288	0.0131166	0.00817397	0.0256729	0.00993641	0.00606561	0.0197181	0.0151592	0.0100202	0.187841	0.0161996	0.0124405	0.0213464	0.190434	0.358447	0.0155281	0.00227349	0.00793623
31	0.151573	0.0145386	0.0132609	0.0122519	0.0357738	0.010042	0.0873051	0.0172562	0.0108674	0.0424505	0.0492268	0.0128936	0.0132497	0.0219181	0.0306481	0.0708352	0.168458	0.0941477	0.0157221	0.127582
32	0.111012	0.0301055	0.00537329	0.00429727	0.00382279	0.70878	0.0128729	0.00277484	0.00674953	0.0129428	0.00881564	0.0163694	0.00482215	0.00564361	0.00460878	0.0233105	0.00434878	0.0143854	0.00164368	0.0173212
33	0.0116448	0.00528902	0.426635	0.00595576	0.00589011	0.00475857	0.0934778	0.00538522	0.00531279	0.0102889	0.00490753	0.106981	0.00348295	0.135367	0.0797237	0.0124573	0.0464644	0.00974062	0.00258897	0.0236482
34	0.123198	0.0321907	0.000785567	0.0010883	0.00104634	0.752831	0.00881262	0.00140573	0.00470457	0.0097919	0.00798923	0.00829722	0.00355422	0.00120929	0.00162009	0.0184013	0.00207495	0.0125839	0.000476865	0.00793784
35	0.0561693	0.00291018	0.450793	0.267459	0.00641168	0.0145348	0.00272191	0.00448498	0.00566222	0.01438	0.00508179	0.0269473	0.00356282	0.0269979	0.0134901	0.0246484	0.0142274	0.0529563	0.00179152	0.00476871
36	0.0819225	0.00209575	0.0054791	0.0455928	0.0221216	0.00684567	0.0262997	0.0780274	0.0212548	0.074742	0.0297893	0.0208163	0.295859	0.0399853	0.0403051	0.0599013	0.0736734	0.0666435	0.00580938	0.00283615
37	0.0886534	0.0137933	0.00348942	0.0120855	0.00537394	0.0170336	0.00660737	0.0121943	0.0261862	0.0184682	0.0061943	0.00997708	0.480803	0.0240472	0.0332942	0.0506112	0.147715	0.0352268	0.00365919	0.00458678
38	0.0751381	0.0079775	0.0622264	0.0780769	0.0104557	0.0210655	0.0231247	0.0130651	0.136058	0.0352212	0.00895371	0.0774304	0.0213124	0.079965	0.12694	0.100394	0.0832093	0.0328046	0.000622068	0.00595897
39	0.0316931	0.05547	0.0392302	0.0157288	0.00851018	0.01879	0.0105519	0.00220652	0.0241145	0.00637081	0.00263319	0.345185	0.0389432	0.0138374	0.0268668	0.170636	0.179029	0.00685005	0.0012313	0.00212296
40	0.113239	0.0207462	0.00443132	0.00570492	0.0906979	0.0468426	0.0111419	0.154088	0.00986159	0.155897	0.0866424	0.00940204	0.00710014	0.00892524	0.0133274	0.0819996	0.0350114	0.113333	0.00318947	0.0284185
41	0.0188048	0.0305812	0.00672009	0.0252715	0.0320458	0.00379885	0.0195082	0.0159982	0.123051	0.164203	0.112096	0.0114986	0.0309841	0.0100715	0.280272	0.0330297	0.0379742	0.0108063	0.0258765	0.00740891
42	0.0381946	0.0121551	0.00422757	0.0206503	0.0060544	0.00755977	0.0212673	0.0178979	0.198675	0.0435116	0.00249966	0.0366793	0.00217067	0.121198	0.379926	0.037391	0.0214342	0.0187736	0.000953915	0.00878023
43	0.0275451	0.0043358	0.0108202	0.0117935	0.00340042	0.00482423	0.00497162	0.00649512	0.526451	0.012708	0.00675079	0.00335796	0.0210392	0.00477272	0.271565	0.0519243	0.0164278	0.00588751	0.00186665	0.00306319
44	0.0497389	0.026176	0.0609239	0.0256064	0.00232689	0.0323155	0.0247202	0.00194631	0.0613132	0.00846556	0.00238926	0.215747	0.0169575	0.0209702	0.0419907	0.277794	0.117017	0.0109312	0.000807985	0.00186211
45	0.0322361	0.0131683	0.00135837	0.00327511	0.105418	0.00147678	0.00371323	0.18201	0.00439752	0.438289	0.0462797	0.00142126	0.00159716	0.00167083	0.00466038	0.00371578	0.0179793	0.123665	0.00224364	0.0114248
46	0.372459	0.00646355	0.00693434	0.0037192	0.00370593	0.185609	0.0107144	0.0171897	0.00511482	0.006872	0.00341535	0.0123936	0.00336374	0.00456482	0.011181	0.2006	0.0997276	0.0403821	0.00192352	0.00366602
47	0.0583246	0.0396122	0.00184604	0.00240741	0.0499153	0.00841508	0.0121114	0.177761	0.00993553	0.205858	0.0484678	0.00911035	0.0042502	0.00468535	0.0138257	0.0224015	0.0628244	0.224596	0.00213221	0.0415196
48	0.0250217	0.0150362	0.00133532	0.0045559	0.134972	0.000660069	0.00442042	0.167703	0.00379314	0.451992	0.0478157	0.000815409	0.00147686	0.00140707	0.00389503	0.00162707	0.0137785	0.104028	0.00244761	0.0132184
49	0.143229	0.0304169	0.00141238	0.00158805	0.00178785	0.715188	0.00901701	0.00298619	0.00509651	0.0104482	0.00807752	0.00830763	0.00380662	0.00180305	0.00228302	0.0265586	0.00493072	0.0141875	0.000815623	0.00805957
50	0.0407891	0.0817519	0.00366533	0.00670409	0.0870305	0.00684055	0.00997927	0.131764	0.00869993	0.329669	0.0532618	0.0075258	0.00670953	0.00713782	0.0122214	0.0192188	0.0521116	0.10835	0.00379242	0.022777
51	0.0686509	0.230897	0.0145339	0.0130308	0.0246551	0.0204091	0.0118704	0.0116896	0.0116101	0.0199384	0.00942071	0.230601	0.0498214	0.0470649	0.0184254	0.0733457	0.109759	0.0197332	0.00569442	0.00884885
52	0.111928	0.0113424	0.0118781	0.00952724	0.123435	0.00389855	0.0748217	0.0294311	0.00417257	0.065566	0.028697	0.00471344	0.00372709	0.0131372	0.053553	0.027044	0.0262809	0.119205	0.0464109	0.231231
53	0.379212	0.0262039	0.00298704	0.00384685	0.004664	0.0263814	0.00427902	0.048702	0.00384513	0.0239747	0.0475808	0.00823298	0.0414309	0.00449373	0.00540662	0.0417466	0.0632909	0.258819	0.00195605	0.00294661
54	0.363602	0.00605875	0.00522497	0.00471827	0.00540848	0.248873	0.0207588	0.034908	0.00475252	0.00934808	0.00429773	0.00804757	0.00369715	0.00570233	0.00956256	0.161144	0.0562938	0.0396578	0.0030891	0.00485545
55	0.0200397	0.0132788	0.00567445	0.00990068	0.0130168	0.0021371	0.0257064	0.0203754	0.218221	0.0571531	0.051674	0.00749651	0.0214824	0.00614952	0.45621	0.0196659	0.0293554	0.00511184	0.0107886	0.00656286
56	0.0180969	0.0168117	0.00554996	0.0130375	0.0214933	0.00258133	0.0242348	0.0176757	0.188072	0.0753399	0.0828703	0.0135411	0.0252421	0.00610441	0.410844	0.021021	0.0299543	0.00561001	0.0150675	0.00685194
57	0.0257232	0.0113362	0.00118555	0.00340966	0.117722	0.000478356	0.00312327	0.171577	0.00378533	0.4738	0.0469399	0.000549712	0.00119884	0.001151	0.00409171	0.001136	0.0141078	0.106693	0.00225394	0.00973732
58	0.0231019	0.00273907	0.055089	0.00262406	0.079576	0.0354645	0.1364	0.00284581	0.0284066	0.0142055	0.0182462	0.09256	0.00190082	0.0295728	0.0381339	0.149618	0.00446213	0.0219348	0.00979786	0.253321
59	0.0442735	0.00986234	0.015591	0.0367128	0.00914626	0.0219945	0.0194552	0.015715	0.195525	0.0317152	0.00435637	0.0506603	0.0070641	0.101446	0.317162	0.0510504	0.0379212	0.0227152	0.001101	0.00653313
60	0.0197549	0.0182826	0.00524195	0.0149288	0.0123229	0.00537456	0.0396301	0.0171422	0.0915817	0.0467757	0.0349737	0.0138464	0.0294305	0.00854767	0.541069	0.0171871	0.0310621	0.0106551	0.0313696	0.0108237
61	0.0257168	0.0112372	0.00119542	0.00340414	0.117659	0.000447766	0.00311554	0.171743	0.00381304	0.474289	0.0469171	0.000501039	0.00118568	0.00112714	0.00401151	0.001045	0.0139525	0.106845	0.00225843	0.00953482
62	0.0477184	0.0229199	0.03154	0.0870379	0.0344268	0.0175433	0.0143371	0.0383941	0.0310831	0.190853	0.0596074	0.00885303	0.00224298	0.130869	0.0847364	0.0715695	0.0287243	0.0818893	0.004189	0.0114655
63	0.0206329	0.0218077	0.00394526	0.00906547	0.00700413	0.00432696	0.0268935	0.136268	0.0533059	0.20612	0.0260123	0.00608843	0.164863	0.0118024	0.127374	0.030298	0.0535943	0.080249	0.00348543	0.00686342
64	0.121909	0.0324856	0.000773671	0.00112618	0.0010172	0.75488	0.00880512	0.00127323	0.00469841	0.00992437	0.00808587	0.00835302	0.00358401	0.00120506	0.00160116	0.0175872	0.00174044	0.0124179	0.000481612	0.00804998
65	0.0525207	0.0104987	0.080477	0.189592	0.0498843	0.0193405	0.040643	0.0217197	0.0262845	0.0887951	0.0162686	0.0165476	0.00935207	0.114245	0.0515791	0.0617338	0.024398	0.0214573	0.0225243	0.082139
66	0.122209	0.032328	0.000774057	0.00109645	0.00102308	0.755179	0.00875333	0.00123489	0.0047161	0.00981403	0.0080219	0.00832399	0.00355207	0.00120313	0.00158415	0.0176308	0.00176199	0.0123649	0.000480307	0.0079488
67	0.0299187	0.0135019	0.333902	0.0443158	0.00777608	0.0142426	0.0492618	0.00599555	0.0156106	0.0145794	0.00609578	0.163727	0.00907624	0.0761941	0.0513043	0.0687351	0.0614307	0.0150686	0.00416952	0.0150946
68	0.0465224	0.00149984	0.490431	0.274237	0.00771417	0.0207659	0.00169299	0.0048385	0.00312749	0.0170035	0.00499192	0.0131823	0.00392533	0.0374772	0.00614932	0.027123	0.0140893	0.019257	0.000514046	0.00545735
69	0.0579948	0.0147693	0.0435762	0.119243	0.0240699	0.0234482	0.0372701	0.040695	0.0388068	0.107062	0.0431529	0.0212847	0.00155161	0.171393	0.090667	0.0627289	0.0304259	0.0345187	0.00961589	0.0277261
70	0.0707975	0.00717227	0.235273	0.00602356	0.0614477	0.116416	0.0413626	0.00578838	0.00758197	0.0871961	0.0233352	0.0694957	0.00495333	0.00784532	0.00934706	0.156941	0.05191	0.0104075	0.00213757	0.0245679
71	0.0111458	0.00594714	0.0790306	0.14885	0.355898	0.0600979	0.00512889	0.00573261	0.00497264	0.0479266	0.0243401	0.00546099	0.00419333	0.00604972	0.00714024	0.0479725	0.0491786	0.0379749	0.0877942	0.00516509
72	0.0405125	0.0124875	0.00676658	0.0300918	0.00727043	0.00672284	0.023645	0.021575	0.211185	0.0534148	0.00512859	0.0300408	0.00388113	0.111949	0.334964	0.0348981	0.0275683	0.024228	0.00185222	0.0118177
73	0.0543001	0.00537021	0.375398	0.2652	0.00453757	0.0139143	0.00324649	0.00544903	0.0217821	0.013597	0.00604875	0.0473309	0.00313226	0.037712	0.0198033	0.0598402	0.0235046	0.0304257	0.00439111	0.00501601
74	0.0805871	0.0205486	0.0074268	0.00407357	0.00449145	0.00383154	0.0133835	0.0171533	0.0152298	0.0536568	0.00928147	0.004407	0.103017	0.0273528	0.0128701	0.0255741	0.410558	0.157636	0.0129103	0.0160099
75	0.0669298	0.0154012	0.0377892	0.0516616	0.0609007	0.00933108	0.103742	0.0270115	0.0210094	0.09257	0.0215651	0.0134397	0.00338855	0.0762753	0.110929	0.032049	0.0418551	0.059113	0.0199261	0.135112
76	0.0195772	0.0081944	0.0344106	0.112246	0.0793708	0.00811513	0.269248	0.0105671	0.0577707	0.177463	0.00847385	0.00840961	0.00465837	0.0942013	0.0174674	0.0204215	0.0148522	0.0142115	0.00485078	0.035491
77	0.0261767	0.0112741	0.00127626	0.00327925	0.114782	0.000450429	0.0030958	0.174384	0.00381815	0.467419	0.046721	0.000591423	0.00117766	0.0011363	0.00389263	0.00110715	0.0150429	0.112559	0.00236102	0.00945515
78	0.0744028	0.00934441	0.0754313	0.0968092	0.00937676	0.0165806	0.0181888	0.0139151	0.121022	0.0290639	0.00795009	0.0751335	0.0208151	0.0712374	0.1199	0.102485	0.0891581	0.0416008	0.00195479	0.00563074
79	0.025636	0.0112409	0.00118495	0.00340574	0.117782	0.000447784	0.00311963	0.171643	0.00380182	0.474766	0.0469089	0.000496341	0.00118562	0.00113388	0.00402503	0.00103675	0.0138947	0.106448	0.00225626	0.00958624
80	0.0729396	0.0159006	0.227771	0.195816	0.00154605	0.0193326	0.00704011	0.010763	0.0546621	0.0200842	0.00859373	0.0645265	0.00188973	0.0760238	0.0441731	0.123399	0.0242101	0.0191251	0.00719057	0.00501417
81	0.0205175	0.0147123	0.0108612	0.0299292	0.00634265	0.113117	0.0354929	0.00672187	0.229646	0.0129767	0.0185686	0.0548254	0.01535	0.0526306	0.21712	0.0816663	0.0604314	0.0123151	0.00244716	0.00432865
82	0.0366889	0.0127454	0.00179285	0.0162927	0.0053668	0.00678867	0.020195	0.0166019	0.202112	0.0438961	0.00221802	0.0319303	0.00150234	0.133832	0.387272	0.0347548	0.0192095	0.0166811	0.00105443	0.00906526
83	0.0559055	0.0496874	0.00789272	0.0508174	0.0292364	0.0060376	0.0519217	0.00680452	0.00896518	0.0332422	0.00603886	0.0303898	0.0267828	0.0317664	0.101885	0.323112	0.0792287	0.0133357	0.00371286	0.0832377
84	0.0420801	0.0182012	0.00563796	0.00362606	0.0858725	0.00205469	0.00446557	0.177212	0.00561123	0.348791	0.0451047	0.00272144	0.00123245	0.0014643	0.00405852	0.00541515	0.0366931	0.19554	0.00289043	0.0113272
85	0.0228457	0.0180356	0.00186859	0.00404457	0.186635	0.00177906	0.0243118	0.153885	0.00406411	0.344592	0.0401635	0.0035229	0.00204971	0.0042096	0.0057235	0.00930307	0.014606	0.0995686	0.00781154	0.0509806
86	0.0629665	0.0119646	0.046572	0.132071	0.0232906	0.0202566	0.0468977	0.0356311	0.058143	0.0868392	0.0237919	0.032685	0.0025971	0.159543	0.0965861	0.0571662	0.0358788	0.0235755	0.0111977	0.0323467
87	0.0791105	0.0166328	0.220846	0.191251	0.00190152	0.022728	0.00791869	0.0109392	0.0602615	0.0234156	0.00884259	0.0625084	0.00243932	0.0781724	0.0446524	0.120244	0.0214449	0.0163779	0.00588371	0.00442985
88	0.0271882	0.0043176	0.0105639	0.012134	0.00348607	0.00482	0.00505149	0.00647974	0.523622	0.013286	0.00712339	0.00380065	0.0206957	0.00602946	0.273528	0.0509454	0.0161681	0.00583307	0.00191593	0.0030115
89	0.0276113	0.0192367	0.00133154	0.00400523	0.116435	0.00174147	0.00495962	0.173946	0.00479925	0.432838	0.0500371	0.0016871	0.0019357	0.00226122	0.00494163	0.00383957	0.0187561	0.112928	0.00231114	0.0143984
90	0.0605671	0.0133111	0.0438021	0.137091	0.0237388	0.0200254	0.0484345	0.0399817	0.0460177	0.0944761	0.0256172	0.0270461	0.000499075	0.169267	0.092612	0.0521371	0.033126	0.0238228	0.0122889	0.0361382
91	0.0197315	0.00375052	0.149115	0.491847	0.0347077	0.0120468	0.0216125	0.00355876	0.00344953	0.0133058	0.00336653	0.00416583	0.00305662	0.11022	0.0128885	0.0512775	0.011242	0.0128	0.00405079	0.0338068
92	0.0255286	0.0116474	0.0012875	0.00358253	0.120132	0.000545695	0.00328475	0.170649	0.00375726	0.472182	0.0470373	0.000549009	0.0012411	0.00126661	0.00408924	0.00112836	0.0141469	0.104762	0.00227881	0.0109036
93	0.08154	0.0163765	0.216571	0.190222	0.00224045	0.0255315	0.00743101	0.0117956	0.0573526	0.0260155	0.00948584	0.0598318	0.00198238	0.0818918	0.0439367	0.121359	0.0203131	0.0158346	0.00564183	0.00464576
94	0.0691205	0.00693209	0.232585	0.0055906	0.0646111	0.125555	0.035798	0.00594018	0.00650476	0.093646	0.0255683	0.0694964	0.00500072	0.00748882	0.00885534	0.147999	0.0491808	0.0106109	0.0022214	0.027295
95	0.0511889	0.0312784	0.00217382	0.00509972	0.0403876	0.00975474	0.025021	0.175758	0.0292729	0.200827	0.0433548	0.00865626	0.0352158	0.0186362	0.0521163	0.0270815	0.06894	0.123588	0.00177865	0.0498705
96	0.0473594	0.0015011	0.491101	0.271085	0.00741138	0.0204806	0.00172616	0.0048166	0.00323993	0.0169995	0.00481163	0.0141286	0.00381276	0.038114	0.00642002	0.0265373	0.0136622	0.0210588	0.00051178	0.00522215
97	0.046409	0.00146506	0.491304	0.274345	0.00772219	0.0206964	0.00166659	0.0048404	0.00303639	0.0170286	0.00492054	0.0131427	0.00391391	0.0372337	0.00608679	0.0268395	0.013998	0.0194026	0.000500474	0.00544914
98	0.0187403	0.0193405	0.00135262	0.00137769	0.153548	0.00440973	0.0226102	0.0289454	0.00106493	0.0567657	0.035218	0.00845057	0.00402257	0.00941076	0.0188661	0.00278077	0.00653448	0.0169996	0.0297493	0.559813
99	0.0177276	0.019504	0.000923023	0.00107787	0.153261	0.0046743	0.0214162	0.0272026	0.00104303	0.0521899	0.0342141	0.00865582	0.00411048	0.00832107	0.0166573	0.00221566	0.00581354	0.0150027	0.0296977	0.576292
100	0.072882	0.0105217	0.239536	0.17584	0.00226248	0.0116192	0.0052697	0.00724086	0.0400648	0.0133371	0.0111775	0.0916291	0.00258196	0.0574433	0.0441737	0.121445	0.0429383	0.0241741	0.016054	0.00980902
101	0.0206244	0.0262104	0.00328094	0.00651586	0.138636	0.00530478	0.0221429	0.027484	0.00475258	0.0528193	0.0322128	0.00967321	0.00467222	0.0181933	0.0204901	0.00680232	0.00927352	0.018575	0.0276456	0.544691
102	0.233431	0.227306	0.0029621	0.00337651	0.00404365	0.00437911	0.00386312	0.0721677	0.00425223	0.0380968	0.00828478	0.0222351	0.00452573	0.00394473	0.00535756	0.0152724	0.0672825	0.274277	0.00153786	0.00340355
103	0.019429	0.00748962	0.00812873	0.0360136	0.0489145	0.0063184	0.128454	0.0830715	0.0293892	0.0759765	0.00699953	0.0956096	0.00469924	0.0742534	0.0370924	0.137043	0.0960697	0.0318518	0.0239425	0.0492541
104	0.0215846	0.0118952	0.00457814	0.0099578	0.00971067	0.00236396	0.0281307	0.0173196	0.195931	0.05068	0.0345498	0.00979697	0.0140702	0.0223961	0.501096	0.0196748	0.0244905	0.00584025	0.00892593	0.00700759
105	0.0877892	0.00925883	0.0200078	0.0752564	0.0216065	0.0184913	0.0221972	0.0283846	0.0296434	0.076312	0.0149389	0.0239232	0.131494	0.0884077	0.0396122	0.10838	0.0973371	0.0583055	0.00559891	0.0430551
106	0.0155196	0.0196364	0.00499029	0.0178784	0.00532285	0.108943	0.0248409	0.00637982	0.288623	0.0111815	0.0134669	0.0424178	0.0196598	0.0545824	0.235128	0.0749091	0.0399618	0.00976143	0.00240495	0.00439175
107	0.0241233	0.0124188	0.0043827	0.0122029	0.00979941	0.00420807	0.026327	0.0182836	0.200422	0.0527949	0.0325779	0.0120464	0.0136756	0.0297767	0.472752	0.0216523	0.0266213	0.00989972	0.00850175	0.00753354
108	0.0204773	0.0587398	0.0231332	0.0172424	0.0101322	0.0174998	0.0076441	0.00259385	0.0174474	0.00556898	0.00318046	0.351163	0.0270869	0.0106037	0.0284285	0.161134	0.227768	0.00673419	0.00134993	0.00207109
109	0.0555917	0.0276829	0.00363401	0.0026828	0.0308288	0.00301966	0.00588807	0.180108	0.00616964	0.21178	0.0427231	0.0068622	0.00129146	0.00149697	0.00431887	0.00960076	0.0616233	0.323606	0.00388838	0.017203
110	0.0606742	0.0365173	0.00169091	0.00220421	0.0509165	0.00929521	0.0122916	0.184302	0.0108187	0.212741	0.049048	0.00963561	0.00457497	0.00500468	0.0138455	0.0233883	0.0622071	0.205441	0.00183812	0.0435652
111	0.0444336	0.00353259	0.409346	0.30266	0.0107072	0.0186914	0.00520751	0.00568692	0.00817324	0.0208235	0.00509795	0.0169636	0.00347785	0.0528822	0.0112211	0.0372663	0.0134558	0.0188699	0.00167691	0.00982673
112	0.0612914	0.0349672	0.00432041	0.00266425	0.0311508	0.00331378	0.00810168	0.169675	0.00616166	0.188294	0.037015	0.00699117	0.00164559	0.00196108	0.00509409	0.0101109	0.066152	0.34046	0.00331398	0.0173172
113	0.0254148	0.0120513	0.00127882	0.00361589	0.12222	0.000458801	0.00326077	0.169986	0.00384442	0.470806	0.0476623	0.000501747	0.00125668	0.0011887	0.00393822	0.00105851	0.0139172	0.105694	0.00230802	0.00953855
114	0.0606062	0.0132992	0.043842	0.137165	0.0237494	0.0200423	0.0484814	0.0399365	0.0459185	0.0944195	0.0256642	0.0270668	0.00049906	0.169331	0.0925446	0.0521777	0.033055	0.0237689	0.0122892	0.0361442
115	0.0465484	0.00144903	0.491021	0.274724	0.00785033	0.0204338	0.00167157	0.00482402	0.00308816	0.0168276	0.00489688	0.01322	0.00395984	0.036898	0.00630057	0.0264955	0.0138068	0.0200047	0.00050542	0.00547431
116	0.0180938	0.0230741	0.00481861	0.00562306	0.267314	0.00421021	0.0675143	0.0887017	0.00416113	0.0908922	0.0210773	0.0117904	0.00384934	0.0125362	0.0133549	0.026671	0.00876494	0.0708094	0.0132948	0.243449
117	0.0615768	0.0201584	0.0252173	0.0219752	0.0990085	0.00369908	0.123499	0.0263913	0.0045759	0.0777235	0.0250311	0.00469726	0.00360294	0.0282663	0.113516	0.0179441	0.0548188	0.0730801	0.030241	0.184977
118	0.0392807	0.0148643	0.00200968	0.00268096	0.0792663	0.00100139	0.00369362	0.186095	0.00478716	0.386439	0.0455142	0.00195151	0.00077282	0.000845616	0.00352671	0.00306162	0.0283663	0.182185	0.00356776	0.0100902
119	0.0260648	0.012733	0.00134672	0.00368761	0.121662	0.000650987	0.00391331	0.169435	0.00416389	0.466091	0.0465249	0.000701715	0.00137563	0.0012927	0.00418967	0.0015679	0.0154573	0.106375	0.0023357	0.0104317
120	0.0467603	0.00273276	0.443657	0.284447	0.00880466	0.0231824	0.00291584	0.00485002	0.00540127	0.0157547	0.0048538	0.0153116	0.00470647	0.0465076	0.00852454	0.0391241	0.0170111	0.016945	0.00103716	0.00747333
121	0.0585222	0.0313798	0.00210382	0.00222808	0.0469438	0.00841005	0.00995543	0.190537	0.00882919	0.221708	0.0518069	0.0075941	0.00340097	0.00378386	0.0101073	0.01964	0.0593635	0.226504	0.00208501	0.0350979
122	0.0257492	0.011226	0.00117655	0.003352	0.117108	0.000441553	0.00311086	0.172492	0.00378637	0.473058	0.0470864	0.000521043	0.00117587	0.00113699	0.00398517	0.00104571	0.0140138	0.107743	0.00228033	0.00951137
123	0.080823	0.0114001	0.00556125	0.0134028	0.00463556	0.0260555	0.0057018	0.00688304	0.0361673	0.010684	0.00483758	0.0123713	0.508814	0.0348069	0.0393185	0.0792858	0.0980657	0.0152702	0.00207711	0.00383888
124	0.0806086	0.00209189	0.00546121	0.0450298	0.0219475	0.00695924	0.0267163	0.0786215	0.0212027	0.0762977	0.0287558	0.0205724	0.295349	0.0395019	0.0413143	0.0601188	0.0737537	0.0669685	0.00593909	0.00279044
125	0.0178288	0.0356034	0.00195449	0.00338981	0.0749377	0.00268879	0.00356249	0.0953761	0.0034228	0.412697	0.23726	0.00292021	0.00587406	0.0214345	0.0042712	0.0107589	0.00859324	0.0509886	0.0019657	0.00447276
126	0.0362663	0.0125242	0.00146605	0.0159641	0.00530192	0.00633522	0.0202596	0.0166703	0.203425	0.0438058	0.00216092	0.0317788	0.00132935	0.135141	0.388738	0.0335467	0.0184149	0.0165125	0.00107873	0.00928053
127	0.13167	0.0184816	0.00291422	0.0175143	0.00405904	0.0271251	0.00428575	0.00471484	0.0388837	0.00832394	0.00411669	0.00622457	0.526916	0.0270997	0.042904	0.0406177	0.0746731	0.0134992	0.00191574	0.0040605
128	0.0186855	0.0141361	0.00395234	0.0123466	0.00816261	0.00462823	0.0239055	0.0139733	0.111571	0.0420048	0.0245116	0.014839	0.01361	0.023631	0.593485	0.017462	0.0266376	0.00826083	0.0163752	0.00782115
129	0.179019	0.00530248	0.0247802	0.100904	0.0580515	0.0538441	0.0227302	0.00438077	0.00464563	0.115345	0.0046698	0.00459738	0.0755899	0.089778	0.00773934	0.124618	0.0132282	0.0134221	0.00587158	0.0914828
130	0.0176411	0.0196878	0.00103365	0.0011444	0.149903	0.00461595	0.0206883	0.0262744	0.00111997	0.0507497	0.0332853	0.00853816	0.00418685	0.00856842	0.0165554	0.00236069	0.00581316	0.0141414	0.0295727	0.58412
131	0.159651	0.024786	0.00949318	0.00611094	0.00471841	0.0275366	0.00595578	0.00385866	0.00929256	0.0135353	0.00372199	0.0171742	0.00933324	0.00884887	0.01036	0.608145	0.0617622	0.00840477	0.00173924	0.00557187
132	0.0279104	0.0149875	0.00123905	0.00114408	0.0183676	0.000935874	0.0016102	0.357708	0.00354962	0.149659	0.0220694	0.00153306	0.000580138	0.00074973	0.00120912	0.00606459	0.0164198	0.370604	0.00103419	0.00262578
133	0.317828	0.0403016	0.00775807	0.00244835	0.00157808	0.0362026	0.00204533	0.00185855	0.00945193	0.0117307	0.00183308	0.016859	0.00615053	0.0079817	0.00790564	0.489714	0.0277325	0.00818068	0.000880423	0.00155921
134	0.0466499	0.0262549	0.051122	0.0257577	0.00328517	0.030073	0.0204586	0.00255473	0.0616335	0.00950541	0.00282922	0.240335	0.0173581	0.0259733	0.0396542	0.260844	0.122858	0.00939224	0.000984754	0.00247645
135	0.32867	0.0258496	0.0243942	0.00889384	0.00177662	0.0409476	0.00251932	0.00169146	0.0441931	0.0131717	0.00550059	0.0334971	0.00983546	0.0170228	0.0274479	0.349915	0.0443942	0.017729	0.000916566	0.00163382
136	0.0272192	0.00489339	0.0657416	0.358389	0.0106628	0.00622894	0.0607651	0.00375377	0.0045502	0.00848039	0.00366959	0.00417761	0.00298637	0.305777	0.0217718	0.0630866	0.0243057	0.0119895	0.00216634	0.00938564
137	0.0266107	0.0115843	0.00121673	0.0024155	0.0811137	0.00057923	0.00239897	0.229365	0.0038721	0.393238	0.0417519	0.000733229	0.000859875	0.0010636	0.0029916	0.00236234	0.0157913	0.173206	0.0018918	0.00695479
138	0.0709647	0.210226	0.00645248	0.00816135	0.0100148	0.00867708	0.00962277	0.0124274	0.0083142	0.136634	0.00919163	0.0107899	0.0118584	0.0116401	0.041026	0.0882473	0.202602	0.12952	0.00476216	0.00886764
139	0.0102427	0.00932789	0.00264094	0.00293404	0.00374756	0.00273644	0.00340751	0.0635069	0.002891	0.0765786	0.0293202	0.00793557	0.00207869	0.00368567	0.00453956	0.00687022	0.00927666	0.749538	0.00180741	0.00693466
140	0.383868	0.0158136	0.0253726	0.00836143	0.00287408	0.0909686	0.00531054	0.0052723	0.0281097	0.0101968	0.00456113	0.0400357	0.00703703	0.0121707	0.0273681	0.242637	0.0642046	0.0222958	0.0012853	0.00225662
141	0.0468288	0.0197746	0.00259666	0.00165207	0.0243735	0.00136209	0.00326004	0.252692	0.00741456	0.228017	0.0434747	0.00278253	0.00045818	0.000695089	0.00172066	0.00601898	0.0385833	0.309753	0.00220584	0.00633718
142	0.0536825	0.0325797	0.00216969	0.00238115	0.0421286	0.00788524	0.0110614	0.159659	0.00845041	0.182273	0.040259	0.0125291	0.00412314	0.00477683	0.0112442	0.0228827	0.059719	0.300991	0.00246323	0.0387414
143	0.057027	0.00372891	0.0689598	0.129701	0.00994872	0.0201675	0.0440921	0.00558033	0.181519	0.0223326	0.00455578	0.0755898	0.0269894	0.0844783	0.141988	0.0668873	0.037336	0.0132992	0.000776268	0.00504223
144	0.0812258	0.00289557	0.011947	0.047653	0.0203594	0.00797762	0.0251695	0.069823	0.0343847	0.0699552	0.026402	0.028263	0.260661	0.042396	0.0507151	0.06671	0.08207	0.0634571	0.00504511	0.00289049
145	0.0360155	0.0155291	0.00527201	0.0271136	0.0126736	0.00277733	0.0371783	0.0368302	0.185381	0.0778531	0.0221014	0.0126466	0.00723927	0.0571825	0.339256	0.0247196	0.0391827	0.0324644	0.00665086	0.0219326
146	0.0327978	0.0195761	0.00243068	0.0403787	0.0135546	0.00224822	0.0403153	0.0504192	0.190548	0.0972558	0.00803146	0.0122922	0.0014095	0.084178	0.235425	0.0255997	0.0532501	0.0614101	0.00185799	0.0270219
147	0.115464	0.0310947	0.00135222	0.0016992	0.00150308	0.746381	0.00948228	0.00163988	0.00564666	0.0105962	0.00829874	0.0120124	0.00480384	0.00232685	0.0028579	0.018088	0.00305082	0.0139937	0.000984073	0.00872461
148	0.0548594	0.0287717	0.00498617	0.0023828	0.0264876	0.00194554	0.00543582	0.178873	0.00569436	0.205249	0.0392069	0.0054279	0.000782541	0.00107596	0.00299261	0.00678252	0.0595976	0.355366	0.00362267	0.0104598
149	0.283139	0.186551	0.00856229	0.0120504	0.0156895	0.0145979	0.0118251	0.0352605	0.0118418	0.0782814	0.0612696	0.0190526	0.0136194	0.0144615	0.0143686	0.0516699	0.0466342	0.103192	0.00636482	0.0115685
150	0.0287016	0.00457648	0.00293653	0.00375695	0.00402707	0.0396124	0.00424846	0.00364075	0.0121972	0.0158577	0.00736952	0.0125026	0.00386557	0.0046792	0.00489692	0.400033	0.421528	0.0113751	0.00187203	0.012322
151	0.0453877	0.0268316	0.0520702	0.0245782	0.00238685	0.0311464	0.0209039	0.00155206	0.0584885	0.00751821	0.00203599	0.248521	0.0172972	0.0221302	0.0365519	0.268043	0.123862	0.00828793	0.000731273	0.00167645
152	0.0178177	0.0198012	0.000997968	0.00114972	0.14834	0.00458097	0.0206889	0.0260932	0.00113966	0.0501259	0.0329838	0.00844417	0.00399333	0.00856711	0.0167071	0.00234991	0.00582559	0.0138018	0.0311883	0.585403
153	0.0259001	0.0114931	0.00120571	0.00339601	0.116913	0.000532436	0.00326489	0.171616	0.00391083	0.472539	0.046703	0.000586969	0.00124292	0.00116034	0.00406393	0.00126296	0.0146167	0.107309	0.00226847	0.0100142
154	0.238321	0.0175807	0.0421047	0.0369828	0.00487213	0.0303776	0.0102982	0.00610038	0.0918152	0.0256095	0.0106194	0.0687715	0.0134693	0.0426278	0.0654536	0.185109	0.0788152	0.0269388	0.000893944	0.003239
155	0.0516598	0.0209103	0.00318841	0.00233763	0.036913	0.00213516	0.00503701	0.19932	0.00652637	0.272428	0.0501988	0.00369082	0.000703022	0.00095693	0.00284786	0.00632324	0.0492615	0.271422	0.00297498	0.011166
156	0.0257081	0.0143428	0.0010653	0.000911561	0.0169552	0.000870316	0.00126789	0.356417	0.00399519	0.162904	0.0247056	0.00117326	0.000461946	0.000661571	0.0010615	0.00604561	0.0143675	0.364391	0.000794211	0.00190141
157	0.0219205	0.0660277	0.00315751	0.00395105	0.064403	0.00350751	0.00388846	0.0263625	0.00403736	0.409948	0.308189	0.00370665	0.00730382	0.0170233	0.00596081	0.0160373	0.00826148	0.0205434	0.00244848	0.00332176
158	0.0138948	0.0095433	0.000614472	0.000854581	0.00966624	0.000948418	0.000769631	0.42339	0.00127254	0.0863897	0.00985718	0.000910763	0.000560687	0.000998471	0.00119756	0.0052704	0.00509219	0.427598	0.000406672	0.00076369
159	0.122209	0.032328	0.000774057	0.00109645	0.00102308	0.755179	0.00875333	0.00123489	0.0047161	0.00981403	0.0080219	0.00832399	0.00355207	0.00120313	0.00158415	0.0176308	0.00176199	0.0123649	0.000480307	0.0079488
160	0.100052	0.0164776	0.00336081	0.00764075	0.00340288	0.0116997	0.00626616	0.00822223	0.0201383	0.0226177	0.00494577	0.00465246	0.371639	0.0197051	0.0290782	0.0420688	0.24651	0.0682253	0.00623628	0.00706157
161	0.120047	0.0320647	0.00114571	0.00115829	0.00132695	0.754234	0.00894235	0.00126913	0.00481491	0.0100261	0.00796419	0.00876825	0.00374077	0.00126567	0.00166162	0.0178753	0.00218202	0.0127763	0.000539096	0.00819777
162	0.049022	0.0260318	0.0156049	0.0133026	0.0125416	0.0237787	0.0147568	0.0124911	0.0223835	0.0302582	0.0433101	0.0869931	0.0137268	0.0160788	0.0231879	0.192171	0.326792	0.0572709	0.00441153	0.0158869
163	0.120893	0.0318831	0.00173069	0.00128257	0.00175631	0.748306	0.00907435	0.00135502	0.00492191	0.0100678	0.00796117	0.0088384	0.00414873	0.00143214	0.00180632	0.0202137	0.00246804	0.0129522	0.000616651	0.00829121
164	0.0176215	0.0132793	0.000479164	0.000615853	0.0141402	0.000599649	0.000656565	0.408206	0.00237526	0.118688	0.013918	0.000673361	0.000426528	0.000645669	0.000799488	0.00628515	0.00533917	0.394343	0.000349836	0.00055864
165	0.33438	0.0188164	0.0257327	0.0114848	0.00354741	0.0734999	0.00691008	0.00462709	0.0344164	0.0118842	0.00444901	0.06167	0.00869166	0.0152768	0.0351668	0.251252	0.0724841	0.0213441	0.00146375	0.00290275
166	0.0978187	0.00467918	0.00569726	0.0398323	0.021406	0.00844766	0.0238052	0.084225	0.0195782	0.0780519	0.0284712	0.0255625	0.274906	0.0359483	0.037239	0.0619742	0.0686803	0.0730577	0.00547953	0.00513961
167	0.0193306	0.0325947	0.00188676	0.0036953	0.105271	0.00162648	0.00311878	0.111582	0.00311899	0.428607	0.171096	0.00165525	0.00648688	0.0102617	0.00402638	0.00643593	0.00990305	0.0702065	0.00199195	0.00710345
168	0.0206717	0.0221895	0.00635884	0.0149114	0.0146994	0.00364003	0.0416736	0.0323116	0.14186	0.0731432	0.0624452	0.00900229	0.0216561	0.0123258	0.440006	0.0183367	0.0308658	0.0121563	0.0126713	0.00907548
169	0.292677	0.0351878	0.00653945	0.00166699	0.0013198	0.0404724	0.00166351	0.00152511	0.00715203	0.0116073	0.00135546	0.0168147	0.00580666	0.00788232	0.00642854	0.531158	0.0230699	0.00562044	0.000688359	0.00136452
170	0.026219	0.0145834	0.00129888	0.00446181	0.130683	0.000703446	0.00359125	0.167663	0.00386222	0.453099	0.0489887	0.000745087	0.00149408	0.00135425	0.00407199	0.00170817	0.0146141	0.105727	0.00235795	0.0127741
171	0.043754	0.0187316	0.00226213	0.00152485	0.023265	0.00122529	0.00282717	0.27201	0.00646907	0.218063	0.0402295	0.0024208	0.000440898	0.000660035	0.00158424	0.00595377	0.0345217	0.316636	0.00195879	0.0054616
172	0.0606062	0.0132992	0.043842	0.137165	0.0237494	0.0200423	0.0484814	0.0399365	0.0459185	0.0944195	0.0256642	0.0270668	0.00049906	0.169331	0.0925446	0.0521777	0.033055	0.0237689	0.0122892	0.0361442
173	0.0528893	0.0391664	0.000936789	0.00199359	0.0600524	0.0130427	0.0194445	0.179288	0.0134408	0.209295	0.0522211	0.0100451	0.00757838	0.00852995	0.018931	0.0300573	0.0650668	0.15106	0.00106062	0.0658998
174	0.0269399	0.011296	0.00129775	0.00318774	0.110202	0.000503931	0.00311809	0.176803	0.00395137	0.462514	0.0461598	0.000646205	0.0011175	0.00110942	0.00379545	0.0013576	0.015512	0.118612	0.00237394	0.00950289
175	0.0167309	0.0299809	0.00187637	0.00299231	0.272698	0.00402862	0.0555283	0.123026	0.00384888	0.117911	0.0256861	0.0100105	0.00343148	0.00992083	0.00705375	0.0265351	0.0129116	0.100506	0.00679123	0.168533
176	0.0203418	0.0194641	0.00176401	0.00220291	0.166338	0.00469266	0.0280608	0.0308778	0.0013418	0.0593305	0.0317762	0.00839521	0.00712769	0.00922242	0.0173627	0.00582149	0.00709659	0.0212861	0.0270457	0.530451
177	0.123447	0.0313659	0.00215818	0.00184233	0.00182817	0.73049	0.00912884	0.00226321	0.00958693	0.0108403	0.00857234	0.00974317	0.00438135	0.00251249	0.00446813	0.0206534	0.00422972	0.013289	0.000864114	0.0083355
178	0.0505826	0.432835	0.00503341	0.00641327	0.074869	0.0647027	0.00732919	0.00739288	0.00632922	0.013784	0.00624893	0.0813675	0.00763443	0.0117087	0.00908963	0.141799	0.045387	0.0171086	0.00361468	0.00677002
179	0.0254042	0.0505136	0.0148348	0.0524493	0.0131411	0.0113174	0.0221884	0.0141481	0.0363903	0.0363608	0.0200539	0.0508618	0.0145672	0.0239518	0.422595	0.0313162	0.0655942	0.0155899	0.0669096	0.0118122
180	0.0231005	0.0027042	0.0534892	0.00260574	0.077485	0.0379129	0.129374	0.00277848	0.0288287	0.0136606	0.0191395	0.0973913	0.00181051	0.0290479	0.037952	0.152629	0.00443088	0.0219773	0.0105036	0.253178
181	0.074026	0.00755109	0.0612002	0.0785333	0.0103547	0.0217688	0.0240407	0.0128591	0.13874	0.035136	0.00899067	0.0782016	0.0211108	0.0806379	0.128381	0.0982299	0.0816159	0.0319236	0.000635654	0.0060626
182	0.0256705	0.0112473	0.00119336	0.00340783	0.117852	0.000445857	0.00311792	0.171513	0.00379065	0.474727	0.0469086	0.000498423	0.00118505	0.00113294	0.00403376	0.00102925	0.0139351	0.106464	0.00225522	0.00959224
183	0.00722419	0.0290187	0.00250354	0.00323877	0.300806	0.0028458	0.0868505	0.148416	0.00299277	0.0877482	0.011207	0.0136142	0.00255199	0.0142364	0.00403102	0.0380827	0.00514821	0.100517	0.00392309	0.135044
184	0.0903244	0.0293366	0.00416887	0.00295481	0.00326626	0.00244392	0.00635163	0.00945035	0.0158035	0.0404485	0.00501555	0.00294661	0.140163	0.0140197	0.00982109	0.023364	0.434586	0.136918	0.013842	0.014775
185	0.302987	0.0895713	0.0127187	0.00960601	0.0058278	0.0337184	0.00673786	0.01975	0.0186599	0.023167	0.0135452	0.0469007	0.0136056	0.0123262	0.0184099	0.171254	0.0755843	0.117473	0.00281547	0.00534189
186	0.019249	0.0201473	0.00110049	0.00118567	0.15679	0.00442165	0.0220497	0.0291071	0.00112987	0.0525145	0.0337027	0.00867781	0.00405441	0.00838214	0.0166059	0.00313855	0.00604944	0.0174838	0.0285518	0.565658
187	0.0766107	0.0496919	0.126737	0.114264	0.00881216	0.0237292	0.013666	0.0104983	0.0395828	0.0224069	0.00892613	0.0739479	0.00877452	0.0492907	0.0374604	0.252519	0.0481177	0.0188924	0.00691622	0.0091568
188	0.0194875	0.0142418	0.0051187	0.0141484	0.00972551	0.00354875	0.0255557	0.0161124	0.111863	0.0530257	0.0294604	0.0124207	0.0144552	0.0195031	0.564816	0.0175435	0.0367026	0.00920634	0.0156411	0.00742387
189	0.0574414	0.00334325	0.0749077	0.146652	0.00874277	0.0188422	0.0606621	0.0039959	0.178939	0.0208723	0.00374872	0.0797937	0.0321274	0.0838499	0.127862	0.0583845	0.0254595	0.0090325	0.000910709	0.00443246
190	0.0453704	0.010965	0.00538872	0.0193635	0.00786119	0.00406193	0.0204013	0.0273378	0.278115	0.0552448	0.0123535	0.014655	0.00937843	0.0526356	0.336464	0.0305166	0.0272965	0.0279386	0.00320831	0.0114444
191	0.00834325	0.018795	0.0328073	0.0182892	0.018454	0.0182635	0.0183555	0.368401	0.0427868	0.0219733	0.0033467	0.00440296	0.0164282	0.0326664	0.0729702	0.0081889	0.0355808	0.240224	0.0163001	0.00342325
192	0.021344	0.0195819	0.00196145	0.00258984	0.1458	0.00501093	0.0226065	0.0351645	0.00217443	0.0790891	0.033167	0.0084313	0.00520529	0.00948632	0.0176837	0.00553701	0.00953398	0.0252164	0.0262969	0.524119
