381	20
1	0.123483	0.0320881	0.0161371	0.0265127	0.00199499	0.0752452	0.0219909	0.0145083	0.0158861	0.0203156	0.00610412	0.0902247	0.0769408	0.0553687	0.0100019	0.281006	0.0961915	0.030593	0.000669364	0.0047385
2	0.129898	0.0120556	0.0267225	0.0288998	0.0121283	0.0218489	0.0122704	0.0449724	0.0484797	0.0321092	0.0277826	0.0555293	0.0200772	0.0462005	0.0381699	0.267878	0.116124	0.0504656	0.00208506	0.00630341
3	0.0618166	0.00314078	0.00974502	0.0355718	0.0360457	0.0157386	0.0355494	0.0692364	0.0801751	0.124332	0.0809048	0.0333941	0.0073198	0.0885518	0.111971	0.0763065	0.0548308	0.0534611	0.00246545	0.0194436
4	0.0657144	0.0224428	0.00726041	0.00980908	0.33209	0.00515164	0.0553625	0.0191948	0.00726901	0.0500081	0.00973602	0.0377493	0.0254448	0.00876867	0.0281941	0.0390279	0.0121186	0.0432008	0.00883385	0.212623
5	0.119125	0.00876742	0.0249515	0.060391	0.00826764	0.0452555	0.0316125	0.0154937	0.0832458	0.0395133	0.0214388	0.0602499	0.0142279	0.0636044	0.0784764	0.186015	0.087979	0.0454217	0.00266372	0.00329962
6	0.1079	0.00425279	0.11758	0.186798	0.00410553	0.0232622	0.0171994	0.0149872	0.0766595	0.0489072	0.00572554	0.0383959	0.0148637	0.100568	0.0346276	0.0756222	0.0673279	0.0556187	0.00369493	0.00190327
7	0.0350303	0.00375178	0.00270064	0.0224789	0.0542753	0.00935329	0.017054	0.136074	0.0146626	0.324136	0.0940854	0.0219937	0.0054248	0.0324633	0.0180697	0.0315374	0.0539271	0.0946082	0.00126567	0.0271088
8	0.128352	0.00545631	0.0512277	0.121894	0.005572	0.0275753	0.0189408	0.0189815	0.0991848	0.0612394	0.00753289	0.0354363	0.010242	0.117487	0.0348974	0.0875765	0.0873105	0.0774272	0.00283812	0.000828981
9	0.14996	0.00403669	0.0204336	0.0239052	0.0042423	0.00727664	0.0083892	0.00923322	0.0656839	0.0339623	0.0114429	0.0372369	0.281046	0.111426	0.0421943	0.0791468	0.0676312	0.0377018	0.00111252	0.00393775
10	0.0514492	0.0165613	0.0217103	0.025918	0.049537	0.0189734	0.0599682	0.0648316	0.0137173	0.144691	0.0497338	0.123296	0.0183543	0.0315922	0.0236689	0.105676	0.0553013	0.0537097	0.00375074	0.0675598
11	0.0815223	0.00607482	0.0133249	0.0314037	0.0405975	0.0138049	0.0270215	0.055602	0.0469477	0.103991	0.0845416	0.0497933	0.150574	0.074429	0.0300922	0.0622441	0.0518721	0.0509649	0.00386012	0.0213386
12	0.117629	0.0299732	0.0157219	0.0205874	0.000962714	0.104344	0.0156379	0.00393509	0.0119788	0.0183066	0.00322375	0.0940723	0.084074	0.0647165	0.00760004	0.304883	0.0842545	0.0163379	0.000347728	0.00141456
13	0.0667674	0.0037853	0.237737	0.312651	0.00289095	0.0192269	0.0137112	0.00595892	0.0478057	0.0228791	0.00125785	0.0361885	0.0076523	0.0887168	0.0398289	0.0458677	0.0254751	0.0136916	0.00394133	0.00396624
14	0.0222088	0.00388944	0.0148106	0.0321372	0.00378363	0.0147721	0.0215084	0.018755	0.280745	0.0495957	0.0167002	0.0236611	0.00492131	0.091688	0.308358	0.0435297	0.0231009	0.0240771	0.00133807	0.000419173
15	0.0417026	0.0156305	0.0394933	0.100866	0.012045	0.0245816	0.0978965	0.0363436	0.0441395	0.0535099	0.0151272	0.0543955	0.14387	0.117545	0.00569409	0.0926516	0.0346367	0.0369202	0.00120314	0.0317492
16	0.068424	0.00362614	0.237128	0.308457	0.00272576	0.0200662	0.01396	0.00584285	0.0457263	0.0225729	0.00128964	0.0373621	0.00862085	0.0866251	0.038757	0.0485593	0.0274352	0.0142102	0.0043081	0.00430383
17	0.0316385	0.0120733	0.00160396	0.0101748	0.0425076	0.00816102	0.0102238	0.155875	0.0085489	0.369651	0.0870679	0.0114772	0.00715284	0.018227	0.00966871	0.024453	0.0468322	0.128018	0.00168189	0.0149637
18	0.0060816	0.00518292	0.000965125	0.00191585	0.119221	0.00300199	0.00149623	0.132282	0.00330951	0.544544	0.0808425	0.00269754	0.00330008	0.00208401	0.00174649	0.00750673	0.00455079	0.0610715	0.00312955	0.0150714
19	0.0490063	0.0339436	0.00104858	0.00369124	0.00928292	0.0135498	0.00756632	0.201543	0.00574585	0.183375	0.0836633	0.00614273	0.00759376	0.015551	0.00572599	0.0354839	0.0759931	0.256233	0.000351927	0.0045086
20	0.0214476	0.00386289	0.0145184	0.0353305	0.00378588	0.0145969	0.0191707	0.0182188	0.283268	0.0487326	0.0165111	0.0230777	0.00494861	0.0903782	0.308843	0.0445779	0.0230801	0.0239434	0.00125587	0.000451498
21	0.0462306	0.00602634	0.0299869	0.0528294	0.00776885	0.016766	0.0217709	0.0252936	0.222127	0.0511461	0.0188931	0.0283479	0.0189243	0.0872772	0.22641	0.0597505	0.0371746	0.0356282	0.00338655	0.00426189
22	0.00571452	0.00564639	0.000733194	0.0015905	0.0600883	0.00284293	0.00113447	0.143959	0.00337146	0.595759	0.0815522	0.00200592	0.00296493	0.00103825	0.00152997	0.00559482	0.00383885	0.0662766	0.00346714	0.0108912
23	0.0832042	0.00550686	0.00776335	0.0552292	0.00361206	0.0052722	0.143462	0.0321375	0.0487214	0.0214746	0.0100105	0.040525	0.00474293	0.373926	0.0576015	0.0134813	0.0308925	0.0516651	0.00147719	0.00929428
24	0.0480716	0.00324066	0.00560874	0.0333803	0.0713107	0.0135723	0.0233325	0.113121	0.0200188	0.208827	0.0954326	0.0385017	0.00586702	0.0638748	0.030211	0.0576286	0.0631475	0.0721613	0.00169073	0.0310007
25	0.0821764	0.0692455	0.0168827	0.0221414	0.0824247	0.0362146	0.0254277	0.0816374	0.0205898	0.0878975	0.0285121	0.0520816	0.0300971	0.028819	0.0220078	0.11662	0.0575879	0.0853608	0.00550504	0.048771
26	0.105571	0.108568	0.0128567	0.0190787	0.0081537	0.150203	0.0100576	0.00683063	0.00879774	0.0263981	0.0364551	0.0730542	0.0328939	0.0414138	0.012489	0.276653	0.0378866	0.0146813	0.00573759	0.0122213
27	0.0708007	0.00427325	0.00385197	0.0158336	0.0466442	0.00698604	0.0479825	0.126935	0.0313936	0.0874606	0.0723709	0.0192813	0.00528521	0.0190372	0.0111411	0.0230634	0.0985211	0.261086	0.00124125	0.0468113
28	0.0493394	0.0352567	0.000984929	0.00235776	0.00743192	0.0134887	0.00683514	0.204131	0.00485884	0.185253	0.0823889	0.00510205	0.00797617	0.0135636	0.00474199	0.0345242	0.0761418	0.261874	0.000379898	0.0033698
29	0.00703571	0.0361803	0.00380225	0.00359919	0.464594	0.000829342	0.0392876	0.0197621	0.00375839	0.075713	0.00821331	0.00816415	0.00302989	0.00243001	0.00328697	0.0166115	0.0027609	0.0329519	0.0117518	0.256237
30	0.0497842	0.0140015	0.100738	0.0446065	0.00992459	0.0269101	0.0793498	0.0121778	0.0141909	0.0248227	0.0119793	0.257158	0.0245222	0.0499907	0.0202312	0.152659	0.0464833	0.0188946	0.00273273	0.0388433
31	0.0126192	0.034065	0.00611675	0.0059258	0.422868	0.00735135	0.0380091	0.0233906	0.00555801	0.0855602	0.0129813	0.013921	0.00496739	0.0041432	0.00669437	0.0231936	0.00580836	0.036261	0.0216689	0.228897
32	0.055858	0.00155235	0.0052474	0.0385297	0.048678	0.0141313	0.0252636	0.115052	0.0237347	0.17193	0.108008	0.0356676	0.00422089	0.0625959	0.0367033	0.0545238	0.0777858	0.0854711	0.000739583	0.0343067
33	0.0633696	0.00521624	0.223459	0.315384	0.00384611	0.0133768	0.0131913	0.00822367	0.0600791	0.0283159	0.00210703	0.0305565	0.00508584	0.0992225	0.0405543	0.0412732	0.0218296	0.0193867	0.00232654	0.00319606
34	0.168818	0.0133519	0.0100092	0.00698452	0.00246608	0.0161068	0.0162524	0.0154551	0.00382846	0.0265164	0.0345979	0.0076665	0.385433	0.0126061	0.00873458	0.11045	0.0797369	0.0741078	0.000748152	0.00613063
35	0.0558037	0.00185679	0.00469834	0.0387401	0.0475245	0.0139127	0.0250999	0.115707	0.0227192	0.172698	0.110036	0.0352079	0.00422241	0.0606405	0.036188	0.0526493	0.0801151	0.0885935	0.000761221	0.0328251
36	0.14107	0.0109898	0.0144554	0.0153958	0.00784537	0.0170891	0.00680332	0.0410454	0.0589559	0.0119444	0.0095074	0.0698355	0.0293867	0.0487343	0.0293827	0.333876	0.115275	0.0353718	0.00105284	0.0019835
37	0.0584594	0.00559952	0.227263	0.293833	0.00370725	0.0133369	0.0198826	0.0105918	0.0533013	0.0254124	0.00237932	0.037979	0.00881205	0.110596	0.0405828	0.0461844	0.0191352	0.015336	0.00276224	0.00484591
38	0.101136	0.047221	0.0253679	0.0606037	0.0475363	0.252138	0.00872193	0.0100648	0.00614327	0.0177211	0.0428754	0.0734699	0.00726623	0.0137096	0.0174935	0.160456	0.0129812	0.0167262	0.0273185	0.0510505
39	0.0647372	0.013486	0.0131854	0.0277951	0.0199224	0.0160431	0.0214415	0.116286	0.10775	0.0793563	0.0423772	0.0403658	0.0183947	0.049413	0.0802178	0.123714	0.0681169	0.0778217	0.00410572	0.0154702
40	0.044717	0.00299823	0.264373	0.429077	0.00255542	0.012208	0.0124613	0.00661909	0.025018	0.0192049	0.00342984	0.0265544	0.0126331	0.0471127	0.0183285	0.033331	0.0215567	0.0102176	0.00137835	0.00622612
41	0.0391001	0.0168583	0.0010757	0.00503106	0.0153175	0.00674059	0.00984917	0.303109	0.00595517	0.113936	0.0591295	0.0122063	0.00430011	0.0120754	0.00539553	0.0237647	0.0646212	0.290342	0.000355114	0.010837
42	0.0387692	0.00589387	0.0245106	0.0464319	0.00781513	0.0169018	0.0216548	0.0244659	0.238718	0.0564745	0.0191268	0.0279416	0.0143825	0.0882086	0.245625	0.0533607	0.031168	0.0319022	0.00316889	0.00348007
43	0.0299819	0.00618377	0.021112	0.0391779	0.014811	0.0159727	0.0248053	0.0223314	0.238133	0.0506394	0.0197735	0.0304286	0.0095649	0.0867994	0.270304	0.0525072	0.0282875	0.0282339	0.00318388	0.00776861
44	0.131836	0.0307217	0.0263919	0.0192354	0.00626406	0.0311684	0.0134011	0.0489598	0.0350571	0.0167168	0.00949366	0.0773051	0.0357994	0.0653173	0.0203524	0.293485	0.0977188	0.0345889	0.00197619	0.00421107
45	0.146181	0.031786	0.0141863	0.00898661	0.0252352	0.0130419	0.00930661	0.0441818	0.0103592	0.0373986	0.00948974	0.0297893	0.0216913	0.0136503	0.00570296	0.134336	0.373994	0.0476723	0.00228194	0.0207289
46	0.0157777	0.0079222	0.008861	0.0149624	0.0607023	0.0055519	0.00596487	0.130726	0.0209999	0.481757	0.0730271	0.00779164	0.00618708	0.01338	0.0210584	0.0160605	0.0139894	0.0751265	0.00406314	0.0160913
47	0.0826296	0.0175822	0.00650248	0.0257422	0.0279393	0.0123966	0.0314332	0.103201	0.0162082	0.114985	0.0727981	0.0643765	0.0182638	0.0382515	0.0213752	0.0958162	0.126913	0.0984898	0.00104976	0.0240472
48	0.0497968	0.00514226	0.239449	0.364937	0.00359426	0.0105409	0.0110958	0.00673694	0.0507321	0.0265836	0.00178836	0.0264238	0.00524263	0.0917759	0.036375	0.0339905	0.0161662	0.0144098	0.00179206	0.00342747
49	0.00568829	0.0056449	0.000731912	0.00159492	0.0603116	0.00286366	0.00112487	0.140797	0.00340886	0.600583	0.0819925	0.00195657	0.0029879	0.00104482	0.00148924	0.00549957	0.00361829	0.0642607	0.00348305	0.0109187
50	0.0153137	0.00935718	0.00066105	0.000920111	0.0122049	0.000843552	0.00124627	0.48475	0.00104315	0.0620999	0.0242857	0.0089243	0.00284083	0.00179484	0.00380502	0.0101744	0.0261611	0.329691	0.000234216	0.00364939
51	0.0322545	0.00123178	0.298826	0.512371	0.0011458	0.00907238	0.0116041	0.00619819	0.00494831	0.0121165	0.00476258	0.0220353	0.0139574	0.00930172	0.00277737	0.0242262	0.0186601	0.00549694	0.000526949	0.0084861
52	0.00703571	0.0361803	0.00380225	0.00359919	0.464594	0.000829342	0.0392876	0.0197621	0.00375839	0.075713	0.00821331	0.00816415	0.00302989	0.00243001	0.00328697	0.0166115	0.0027609	0.0329519	0.0117518	0.256237
53	0.0151262	0.00921616	0.000663065	0.000913531	0.0122332	0.000805908	0.00123024	0.485896	0.00102394	0.0615179	0.0240549	0.0089505	0.00281224	0.00176357	0.00377367	0.0100386	0.0259444	0.330143	0.000235009	0.00365759
54	0.118218	0.0291124	0.0157254	0.0205782	0.00127663	0.103707	0.0153298	0.00397063	0.0148335	0.0176586	0.00381679	0.0920089	0.0791773	0.063502	0.00950601	0.306225	0.0870023	0.016827	0.000330457	0.001194
55	0.00559061	0.0055923	0.000730615	0.00160613	0.0604201	0.00285048	0.00112166	0.140607	0.0034103	0.601336	0.0819329	0.00195713	0.00296638	0.00101502	0.00148893	0.00545119	0.00354967	0.0639531	0.00348606	0.0109348
56	0.0739041	0.0150143	0.0290844	0.0127359	0.024597	0.0123772	0.00732719	0.0448418	0.0230026	0.0231223	0.0081789	0.0473922	0.0300002	0.0224691	0.0129991	0.230067	0.298546	0.0749242	0.00177848	0.00763813
57	0.0326139	0.00123554	0.297568	0.509436	0.00115887	0.00939115	0.0114225	0.00618238	0.00552825	0.0122189	0.00471487	0.0223273	0.0141606	0.0102225	0.00333349	0.0248142	0.0187898	0.00571257	0.000589535	0.00857886
58	0.15006	0.0166186	0.016457	0.0258174	0.00273729	0.0406354	0.0162299	0.019274	0.0285471	0.0230627	0.00635772	0.073956	0.102451	0.058721	0.0131976	0.26362	0.0999813	0.0393394	0.00064451	0.00229199
59	0.0493816	0.0351981	0.000990342	0.00236132	0.00743494	0.0134782	0.0068532	0.20403	0.00486962	0.18522	0.0823971	0.00510115	0.00796536	0.0135714	0.00475721	0.034473	0.0762047	0.261946	0.000377725	0.00338936
60	0.0320663	0.0161241	0.00406459	0.0201561	0.241065	0.00806582	0.030338	0.0724143	0.0137956	0.139686	0.0633969	0.0217309	0.00424705	0.0334643	0.0186415	0.0334978	0.0406863	0.0664024	0.0055194	0.134637
61	0.135531	0.00562264	0.016174	0.013126	0.00239483	0.0127625	0.0211129	0.00767756	0.00549579	0.0234882	0.0429557	0.00784483	0.457246	0.0182008	0.0116432	0.117991	0.0457069	0.0462377	0.000689432	0.00809995
62	0.0326037	0.00123293	0.296196	0.512301	0.00111071	0.0092928	0.0115678	0.00635951	0.00510098	0.0123154	0.00476253	0.0223497	0.0142325	0.00950054	0.00301513	0.0245268	0.0189598	0.00564573	0.000583955	0.00834316
63	0.0460346	0.0317403	0.000934909	0.00202204	0.00825446	0.0115257	0.0055631	0.245148	0.00415134	0.16563	0.0728907	0.00574113	0.00683996	0.0112684	0.0044661	0.0319091	0.0684961	0.273704	0.000340221	0.00333982
64	0.0163465	0.00985093	0.000675829	0.000935272	0.0121752	0.00117697	0.00145087	0.474973	0.00112014	0.0658772	0.026237	0.00900691	0.00311144	0.00220614	0.00380582	0.0109317	0.0281915	0.328003	0.000238863	0.00368607
65	0.0959981	0.0241526	0.0298739	0.0256485	0.0107139	0.0513757	0.0486919	0.020332	0.0250379	0.0255643	0.0114523	0.158147	0.0420943	0.0435553	0.0269294	0.228769	0.0727083	0.0299606	0.00284115	0.0261541
66	0.048546	0.0344466	0.000973399	0.00223373	0.00756379	0.0128186	0.00644994	0.215654	0.00469039	0.180628	0.0796435	0.00521528	0.0076627	0.0129337	0.0046792	0.0335922	0.0738348	0.264731	0.000377796	0.00332602
67	0.052416	0.0460291	0.00819899	0.0100824	0.282364	0.0115631	0.0314213	0.0624755	0.009077	0.0858277	0.0233949	0.0211405	0.0131958	0.0102751	0.00864709	0.0433523	0.0343912	0.0914523	0.00825267	0.146443
68	0.0320372	0.00615698	0.0173345	0.0368461	0.0186332	0.0151544	0.0224546	0.0382712	0.211047	0.0848074	0.0305941	0.0260964	0.00907864	0.0765614	0.244304	0.0492627	0.0305177	0.0370676	0.00400754	0.00976686
69	0.181787	0.046195	0.00724354	0.0107151	0.00604465	0.0235032	0.020532	0.0585643	0.00477583	0.0321303	0.0137756	0.058311	0.0921526	0.0133878	0.00738489	0.139097	0.187747	0.0852777	0.00111024	0.0102656
70	0.00946101	0.00985001	0.00162997	0.00347172	0.132676	0.00337701	0.00751437	0.12221	0.00429997	0.488122	0.0708548	0.00451148	0.0033279	0.00378321	0.00291196	0.0108633	0.00902304	0.0598712	0.00436422	0.0478764
71	0.119565	0.0263473	0.0144072	0.017605	0.00192218	0.0883486	0.0156341	0.00503698	0.0121928	0.0192449	0.011744	0.0720201	0.159829	0.0509992	0.0109497	0.273045	0.0746476	0.0223949	0.000857281	0.00320832
72	0.117287	0.00826706	0.0139663	0.0180949	0.0111269	0.0129948	0.0187863	0.0235553	0.0346776	0.0895673	0.0312919	0.0250463	0.304824	0.0450483	0.059907	0.0720784	0.0447584	0.0509241	0.0063787	0.0114195
73	0.120751	0.00816276	0.0132335	0.0182159	0.00609813	0.0247035	0.00774534	0.021679	0.0757273	0.019883	0.00825346	0.0747236	0.0780098	0.0762856	0.0316768	0.280123	0.105293	0.0270172	0.000633878	0.00178482
74	0.0598988	0.00154212	0.249936	0.377692	0.00122518	0.0223512	0.014536	0.00489976	0.011291	0.0194156	0.00295477	0.036638	0.0251106	0.0314929	0.0116206	0.0539644	0.0517004	0.0156785	0.00267007	0.00538166
75	0.0401092	0.0146199	0.0512325	0.0763042	0.0104555	0.0209003	0.103479	0.022126	0.0243365	0.0368139	0.01058	0.153633	0.0965005	0.0799259	0.00899952	0.123287	0.0542558	0.0242052	0.00135196	0.0468843
76	0.0434163	0.0184896	0.0390418	0.0959949	0.0114956	0.0296976	0.0950265	0.0325848	0.0438038	0.054493	0.0136345	0.056981	0.141773	0.110242	0.00643056	0.104602	0.0366159	0.0340082	0.00125871	0.0304103
77	0.0474532	0.00423847	0.250475	0.385761	0.00333058	0.00941312	0.0116637	0.0065093	0.0445964	0.0234961	0.00201895	0.0265965	0.00579275	0.0810196	0.0346479	0.0311457	0.0138278	0.0118659	0.00185758	0.00428986
78	0.11219	0.0197086	0.0200233	0.0294265	0.00872281	0.0423523	0.0247566	0.0209016	0.0282821	0.0316555	0.012654	0.0804691	0.154907	0.0592573	0.0180513	0.186421	0.0986263	0.0379709	0.00234031	0.0112839
79	0.134321	0.0507444	0.00883616	0.023019	0.00749333	0.00854938	0.0213935	0.0736885	0.00703706	0.0353439	0.0237695	0.135339	0.04126	0.0117467	0.0107399	0.148558	0.16243	0.0692552	0.00175635	0.0247187
80	0.0194701	0.0153344	0.0036169	0.0112722	0.227209	0.00531584	0.0236919	0.0860022	0.00874602	0.263554	0.0548412	0.0155369	0.0046632	0.0168811	0.0113103	0.0283395	0.025543	0.0551868	0.00587803	0.117607
81	0.0323209	0.00130431	0.298117	0.508127	0.00124041	0.00906898	0.0114207	0.00626347	0.00658021	0.0123479	0.0046651	0.0219961	0.0134185	0.0121636	0.00401049	0.0242199	0.0179676	0.00552965	0.000595467	0.00864331
82	0.229429	0.0122897	0.00619122	0.0074843	0.00311202	0.00965552	0.00990214	0.040644	0.0048419	0.0379828	0.016611	0.0129208	0.255483	0.017565	0.00943566	0.101583	0.0747304	0.144499	0.00122945	0.00441076
83	0.451827	0.0224401	0.00337474	0.00311558	0.00216549	0.0318837	0.00246133	0.00502634	0.0102433	0.00482499	0.0026154	0.0174003	0.013242	0.00467424	0.00269648	0.350285	0.0496269	0.0134646	0.00602507	0.00260793
84	0.0637774	0.0139673	0.0273648	0.0390076	0.0238777	0.0240698	0.0278038	0.0279692	0.108537	0.0622257	0.038758	0.034685	0.0216438	0.0443262	0.170394	0.0607809	0.0309103	0.056548	0.104753	0.0186004
85	0.1012	0.00923075	0.0196272	0.0289777	0.00726976	0.0177197	0.0222038	0.0199852	0.0727398	0.0414131	0.0234992	0.0347959	0.246568	0.0614966	0.0998719	0.0909684	0.0473762	0.0386637	0.0059766	0.0104166
86	0.0576362	0.0150283	0.0188235	0.0365484	0.0563629	0.0134669	0.0884316	0.111156	0.0351438	0.0887042	0.0454833	0.0433586	0.0216522	0.0817275	0.0403666	0.0572588	0.0518013	0.0909198	0.00346684	0.0426632
87	0.00562607	0.00562368	0.000728832	0.00160844	0.0602953	0.00284576	0.00116431	0.140195	0.00345365	0.601564	0.081984	0.00197033	0.00302063	0.00101768	0.00150228	0.00549855	0.00355236	0.063918	0.00350792	0.0109237
88	0.0468487	0.00226554	0.268015	0.441415	0.00170959	0.0136594	0.0121087	0.00576346	0.0181144	0.0176773	0.00347156	0.026898	0.012968	0.0376092	0.0146804	0.0356244	0.0239091	0.00941162	0.00172498	0.00612655
89	0.00563332	0.00531903	0.000854276	0.00171854	0.0978177	0.00307857	0.00124593	0.139369	0.00326366	0.562954	0.0797443	0.00234275	0.00327879	0.00131363	0.00144683	0.00678235	0.0040223	0.0621776	0.00320482	0.0144327
90	0.00661824	0.015099	0.00185244	0.00239058	0.267181	0.00234176	0.0139538	0.0934511	0.00329396	0.36207	0.0535432	0.00480473	0.00373631	0.00237959	0.00231355	0.0114014	0.00409647	0.0486965	0.00575569	0.0950201
91	0.0127506	0.00962752	0.000810025	0.00179574	0.0445581	0.00367722	0.00225843	0.22034	0.00320463	0.440368	0.0698968	0.00394148	0.00355401	0.00292833	0.00238884	0.00980018	0.0164353	0.14019	0.00236886	0.00910552
92	0.0225051	0.00429356	0.0142179	0.0309651	0.00366167	0.0150609	0.0197791	0.0191013	0.284608	0.047631	0.0166211	0.0233744	0.00517784	0.0863846	0.310908	0.0440713	0.0230328	0.0251068	0.00269073	0.000807996
93	0.00705511	0.0360909	0.00379666	0.00358936	0.464629	0.000826472	0.0391606	0.0200187	0.00374211	0.0763387	0.00834183	0.00816462	0.00305393	0.00244174	0.00328705	0.0166124	0.00277002	0.0329937	0.011716	0.255371
94	0.0294007	0.0205125	0.000854836	0.00194582	0.0209231	0.00752239	0.00410719	0.260852	0.00363153	0.249677	0.0673115	0.00555463	0.00517434	0.0074313	0.00372421	0.0207001	0.0452889	0.238651	0.00110742	0.0056302
95	0.0728754	0.00735865	0.0550234	0.117411	0.0228786	0.0171043	0.0220859	0.0675629	0.0593877	0.123903	0.0422514	0.031829	0.0155777	0.074748	0.0440556	0.0560608	0.062916	0.0892884	0.00321169	0.014471
96	0.110484	0.0329356	0.0182283	0.0190223	0.0023411	0.0839013	0.0196013	0.00981162	0.0173084	0.0181875	0.00572359	0.107411	0.0680433	0.062033	0.0109816	0.303459	0.0847183	0.0194233	0.000796	0.00558972
97	0.119304	0.0284769	0.0157368	0.0209167	0.00117398	0.09961	0.0157245	0.0048274	0.0154013	0.01868	0.00361303	0.090589	0.0838532	0.0658035	0.0089348	0.302166	0.0863936	0.0171739	0.000319547	0.00130191
98	0.0321335	0.00132204	0.297712	0.511197	0.00121314	0.00893917	0.0114619	0.00618963	0.00601628	0.0124247	0.00475471	0.02191	0.0136928	0.0108763	0.0035024	0.0240143	0.0180845	0.0055637	0.000564375	0.00842721
99	0.0448358	0.0119661	0.00250125	0.0160746	0.0497601	0.0102204	0.0173122	0.179497	0.0130977	0.196981	0.0864251	0.0179037	0.00517492	0.0262694	0.014552	0.0318242	0.0719679	0.181969	0.000776826	0.0208914
100	0.0609516	0.00534656	0.230282	0.309538	0.00365558	0.0123896	0.0138775	0.00692811	0.0600235	0.0263765	0.00119222	0.0329411	0.00468883	0.109829	0.0438367	0.0404384	0.0167381	0.015213	0.00269643	0.00305639
101	0.236752	0.0116506	0.00687591	0.00813047	0.00306644	0.00962822	0.00994097	0.0369986	0.00830536	0.0308011	0.0157812	0.0180336	0.230647	0.0244164	0.00992863	0.120057	0.0826482	0.130934	0.00142665	0.00397859
102	0.131085	0.00784794	0.0200951	0.0381503	0.0109986	0.0421497	0.0122757	0.0189196	0.067042	0.0206176	0.0121463	0.0634064	0.0182257	0.0533876	0.0429769	0.276279	0.122226	0.0400322	0.000725995	0.00141209
103	0.0608106	0.00950863	0.00255629	0.0189048	0.0341034	0.00935926	0.0286584	0.150127	0.0179342	0.135694	0.0886282	0.0217484	0.0044093	0.0254699	0.0131972	0.0306553	0.103904	0.215515	0.000647345	0.0281689
104	0.13442	0.0694123	0.016634	0.033706	0.0232371	0.227137	0.0101506	0.0101857	0.00982986	0.0241243	0.0472613	0.0650475	0.0178847	0.0249605	0.016981	0.181508	0.0269286	0.0184482	0.0132596	0.028883
105	0.0287481	0.00419897	0.0159263	0.0336311	0.00457325	0.0164644	0.0199191	0.0199356	0.267389	0.0483369	0.0186362	0.0262781	0.00586344	0.0862256	0.292759	0.0544349	0.0281331	0.0255422	0.0018947	0.00111015
106	0.0212688	0.00393088	0.0142348	0.0299103	0.00353675	0.0151852	0.0197992	0.0189985	0.287263	0.047674	0.016728	0.0234768	0.00502945	0.0873736	0.314756	0.0438499	0.0229099	0.022436	0.00127617	0.000362719
107	0.00703571	0.0361803	0.00380225	0.00359919	0.464594	0.000829342	0.0392876	0.0197621	0.00375839	0.075713	0.00821331	0.00816415	0.00302989	0.00243001	0.00328697	0.0166115	0.0027609	0.0329519	0.0117518	0.256237
108	0.0151877	0.00924006	0.000663051	0.000913806	0.012222	0.000830704	0.00123089	0.485689	0.00102476	0.0616804	0.024099	0.00893612	0.00281714	0.00177529	0.00376636	0.0100555	0.0259588	0.330024	0.000235039	0.00365074
109	0.0866453	0.0161071	0.0820069	0.0655674	0.00770425	0.0395999	0.0436771	0.0159874	0.022879	0.0233701	0.00973411	0.140427	0.0370874	0.0453271	0.0209188	0.199252	0.0937149	0.02751	0.00218801	0.0202967
110	0.0796275	0.00515868	0.00812945	0.0489513	0.00344335	0.00544195	0.147556	0.0378294	0.0525303	0.0233798	0.0108454	0.0422624	0.00490193	0.359812	0.0590085	0.0145233	0.035106	0.0502496	0.00167158	0.00957106
111	0.0210759	0.00388202	0.0143155	0.0295678	0.00350157	0.0153144	0.0203779	0.0188628	0.284552	0.0477079	0.0172415	0.024136	0.00503977	0.0879559	0.314891	0.0446959	0.023071	0.0221356	0.00127179	0.000404277
112	0.0117139	0.0306777	0.0070452	0.00860554	0.405668	0.00385887	0.0346708	0.0359445	0.00862314	0.114821	0.0178974	0.0101912	0.00442637	0.00682706	0.00879551	0.0199519	0.00757465	0.0393875	0.0102872	0.213033
113	0.0482979	0.0347161	0.000983366	0.00260903	0.00859704	0.0133236	0.00689063	0.206033	0.00499217	0.185548	0.0826904	0.00552682	0.00762643	0.0137109	0.0048161	0.0339519	0.074699	0.260809	0.000408238	0.00377028
114	0.0541012	0.0017293	0.00477	0.0401571	0.0504463	0.0152475	0.0261146	0.118212	0.0222647	0.173775	0.108843	0.0358755	0.00417157	0.0648179	0.0350504	0.056064	0.0745508	0.0810679	0.000806746	0.0319346
115	0.021057	0.00369659	0.0138352	0.0280458	0.00374089	0.0170525	0.0287867	0.0181167	0.263095	0.0494156	0.022051	0.028531	0.00478136	0.0904548	0.311327	0.049308	0.0237531	0.0206308	0.00166615	0.000654376
116	0.0102109	0.00738131	0.000860337	0.00246164	0.0558846	0.00383038	0.00275818	0.167518	0.00386404	0.520877	0.0788563	0.00345323	0.00346031	0.00274938	0.00208751	0.00869899	0.0125907	0.096888	0.00281099	0.0127578
117	0.0244479	0.0152323	0.00103128	0.00468013	0.0432656	0.00941728	0.00493351	0.162441	0.00511058	0.422845	0.0846504	0.00567188	0.00472958	0.00926499	0.00464654	0.0179088	0.0332209	0.132995	0.00198374	0.011523
118	0.0321826	0.00121629	0.297678	0.513341	0.00110895	0.0091578	0.0115162	0.00628203	0.00484987	0.012145	0.00482417	0.0222819	0.0140872	0.00905175	0.00271298	0.0243272	0.0187468	0.00553163	0.000527197	0.00843139
119	0.00700418	0.0059041	0.000786325	0.00262901	0.0598008	0.00324712	0.00181395	0.140532	0.00390812	0.586692	0.0835376	0.002847	0.00304635	0.00254479	0.00210873	0.00700096	0.00563353	0.066238	0.00338118	0.0113444
120	0.00742723	0.00663714	0.00133349	0.00416914	0.1328	0.00340596	0.00514606	0.126033	0.00399995	0.505752	0.0794842	0.00418664	0.00362245	0.00503288	0.00320475	0.0103313	0.0064399	0.0582037	0.00374976	0.0290404
121	0.0741403	0.0154197	0.113967	0.091635	0.0102678	0.025662	0.0881036	0.013503	0.0202237	0.0255256	0.00860244	0.167596	0.0276082	0.0469264	0.0199968	0.142886	0.0491419	0.0221685	0.00272467	0.0339012
122	0.093059	0.0155016	0.033824	0.0227635	0.0148826	0.028243	0.00986212	0.0295334	0.0298179	0.0232296	0.00967561	0.0522687	0.0322795	0.0351813	0.0158189	0.256999	0.240729	0.0484833	0.00142898	0.00641895
123	0.0506356	0.00454906	0.222881	0.369111	0.00436813	0.0111947	0.0125269	0.0112766	0.0420485	0.0418155	0.0052722	0.0260878	0.0104685	0.0722114	0.0282275	0.0368251	0.0238378	0.0196348	0.0017193	0.0053083
124	0.0610832	0.00701093	0.175414	0.242365	0.0112863	0.0147773	0.01895	0.018088	0.0575196	0.0641641	0.0119909	0.034245	0.025181	0.0761193	0.046426	0.0541773	0.0351128	0.0313036	0.00553968	0.00924641
125	0.0727524	0.0207862	0.0171571	0.0306851	0.0314779	0.014358	0.0856883	0.0712401	0.0198714	0.0479815	0.023616	0.0506389	0.175442	0.0506112	0.0635285	0.0708831	0.0382241	0.0462688	0.00585683	0.062932
126	0.0406546	0.00759117	0.0241839	0.0362167	0.0106749	0.0245766	0.0378185	0.0249598	0.188546	0.0473024	0.0213394	0.0637737	0.011528	0.080089	0.228689	0.0732255	0.0353494	0.0288389	0.00312044	0.0115226
127	0.0555546	0.00499952	0.160607	0.250637	0.00504797	0.0133174	0.0179631	0.0131976	0.103964	0.036138	0.00752053	0.0284859	0.00815387	0.0995891	0.088143	0.0484826	0.0272281	0.0250568	0.00185954	0.00405394
128	0.0715621	0.0100271	0.0312832	0.0537402	0.00767874	0.024481	0.0259307	0.0271273	0.163965	0.0483064	0.0201916	0.0372861	0.0198333	0.0772716	0.198973	0.0852028	0.0421009	0.038741	0.00865743	0.00764027
129	0.0339692	0.00149096	0.294908	0.501949	0.00132684	0.00922163	0.0113876	0.00611269	0.00849143	0.0128615	0.00450043	0.0223558	0.013216	0.0149306	0.00540702	0.0248192	0.0183597	0.00601836	0.000681194	0.00799251
130	0.00709052	0.0366319	0.0038206	0.00369188	0.463527	0.000830569	0.0391825	0.0197404	0.00375421	0.0757399	0.00827865	0.00825047	0.00303446	0.00244104	0.00329172	0.0167572	0.00285105	0.0330105	0.0117241	0.256352
131	0.014727	0.00783014	0.00407254	0.00887475	0.063637	0.00467285	0.0060344	0.131419	0.0123123	0.515418	0.0753564	0.00621638	0.00734743	0.00988757	0.0112177	0.0134979	0.013019	0.0725914	0.00360482	0.0182639
132	0.0247545	0.00408951	0.0165719	0.0342492	0.00397773	0.015231	0.0202683	0.0188029	0.277505	0.0473126	0.016392	0.0244615	0.00785203	0.0903814	0.303467	0.0450353	0.0240103	0.0236286	0.00133506	0.00067385
133	0.0891691	0.018528	0.0340515	0.0466459	0.013377	0.0317231	0.0373148	0.0369604	0.0316491	0.0437632	0.0200281	0.10911	0.0420779	0.0452687	0.0249102	0.168263	0.137268	0.0476449	0.00245308	0.0197938
134	0.0152153	0.0092378	0.000662084	0.000918551	0.012219	0.000852096	0.00125295	0.485262	0.00102727	0.0617061	0.0241391	0.00899153	0.00281753	0.00178785	0.00376621	0.0100821	0.0261035	0.330059	0.000235027	0.00366506
135	0.0135801	0.00898883	0.000873445	0.00275189	0.0520888	0.00439539	0.00260851	0.155677	0.0044994	0.516986	0.0810641	0.00413966	0.00396619	0.00390597	0.00358494	0.0106167	0.015801	0.10001	0.00342119	0.0110418
136	0.0573249	0.0179372	0.0158817	0.0329129	0.0576874	0.0136088	0.0901671	0.118173	0.0312856	0.0912727	0.0440372	0.0451953	0.0225925	0.0709697	0.0334811	0.0579575	0.0525545	0.0982528	0.00438335	0.0443243
137	0.0324587	0.00577022	0.0177353	0.0346096	0.0125932	0.0151566	0.0237612	0.0313319	0.227644	0.074303	0.025601	0.0270789	0.00824331	0.0801631	0.259902	0.0485311	0.0295426	0.0336745	0.00550426	0.00639512
138	0.0152335	0.00928063	0.000667506	0.000914303	0.0122058	0.000833245	0.0012392	0.485342	0.00103475	0.0616274	0.0241326	0.00893658	0.00282801	0.00178335	0.00377006	0.0100805	0.0260826	0.330118	0.000235214	0.00365507
139	0.0513124	0.0179835	0.026142	0.032745	0.141995	0.0218011	0.0630919	0.0413025	0.0253135	0.0718571	0.032359	0.0680291	0.0203326	0.0395216	0.0647228	0.0631289	0.0353421	0.0442935	0.0108465	0.127879
140	0.139871	0.040331	0.0184363	0.0374035	0.0244834	0.192983	0.0188014	0.0154365	0.00975829	0.0274875	0.0328126	0.0688757	0.0231646	0.024729	0.0199916	0.186116	0.0325693	0.0237286	0.0139848	0.0490368
141	0.05538	0.00596513	0.0328351	0.0559569	0.00847962	0.0214572	0.0219973	0.024339	0.192809	0.0473247	0.0198676	0.0471583	0.0199777	0.0831031	0.188869	0.0865992	0.0457157	0.0339461	0.0035189	0.00470046
142	0.00932131	0.0089459	0.00185277	0.00447023	0.180921	0.00352338	0.00901619	0.115494	0.0049018	0.436067	0.0688308	0.00655617	0.00448982	0.0073592	0.00411375	0.0158412	0.00889107	0.0562348	0.00414871	0.04902
143	0.0153221	0.00733621	0.00170394	0.00674916	0.0598576	0.00494083	0.00572935	0.137971	0.00791619	0.506022	0.0872774	0.00701844	0.00374087	0.0100162	0.00801223	0.0142158	0.0181713	0.0803244	0.00301219	0.0146624
144	0.0659242	0.0107438	0.00593512	0.033593	0.0420105	0.0400313	0.0228783	0.110643	0.0195326	0.148458	0.0966439	0.0464199	0.00732198	0.0508521	0.0308797	0.068501	0.0695242	0.0910246	0.00243758	0.0366453
145	0.0394081	0.0147091	0.0207472	0.0313021	0.079472	0.0128286	0.121506	0.0590048	0.0267212	0.165861	0.0382472	0.0625334	0.0275567	0.0542756	0.0307134	0.0572266	0.0399442	0.0498939	0.00505806	0.0629904
146	0.0379204	0.00625561	0.0150517	0.0303127	0.0175551	0.0189126	0.0265015	0.0406766	0.18351	0.0745483	0.0454566	0.0328323	0.0172859	0.0719467	0.226487	0.054422	0.0360535	0.0424115	0.0089188	0.0129413
147	0.419243	0.0222212	0.00429616	0.00491065	0.00201212	0.0347828	0.00334006	0.00584537	0.0107612	0.00619079	0.00301955	0.0234974	0.022729	0.00895095	0.00327351	0.349966	0.0517469	0.0154095	0.00551141	0.00229216
148	0.0076657	0.0358544	0.0038022	0.00372747	0.461636	0.00083796	0.0401752	0.0196786	0.00375714	0.0751889	0.00815956	0.00899426	0.00330079	0.00246337	0.00375681	0.0168758	0.00288627	0.0331012	0.0119367	0.256201
149	0.0539472	0.0166264	0.0132509	0.0270115	0.0439895	0.0126238	0.0676743	0.156351	0.0307778	0.100865	0.0496107	0.0426021	0.0220574	0.0600184	0.0357541	0.0522929	0.055106	0.123308	0.00229903	0.0338339
150	0.03272	0.00615023	0.0213015	0.0396906	0.00841341	0.0175888	0.0247305	0.0243815	0.236444	0.0542498	0.0200855	0.0283629	0.0107837	0.0853012	0.271372	0.052659	0.0286442	0.028029	0.00417578	0.00491692
151	0.0213627	0.00391058	0.0140664	0.0293068	0.00360114	0.0156788	0.022163	0.0187925	0.281414	0.0479948	0.0180629	0.024581	0.00498149	0.08762	0.314533	0.0451735	0.0231736	0.0218471	0.00134466	0.000392221
152	0.0601366	0.0266517	0.0301741	0.0870716	0.00980764	0.0340864	0.125571	0.024625	0.0300456	0.0342781	0.0105163	0.0779288	0.0811645	0.14399	0.014222	0.104867	0.0323167	0.0284979	0.00168753	0.0423614
153	0.0186832	0.0124571	0.000734037	0.00110294	0.0122294	0.00199737	0.00197048	0.457616	0.00146113	0.076364	0.0288428	0.00898414	0.00398175	0.00275683	0.00413621	0.0132525	0.029306	0.320188	0.000239319	0.0036966
154	0.0581729	0.0289378	0.0376192	0.0176407	0.0128663	0.0262213	0.0827024	0.0199236	0.0095693	0.0245462	0.0128396	0.250718	0.0195044	0.0234569	0.0200162	0.220151	0.0439668	0.0261775	0.00358167	0.061389
155	0.034225	0.0124943	0.058303	0.0161113	0.0239801	0.00514017	0.169724	0.011604	0.00587663	0.0318128	0.00934405	0.281289	0.0147141	0.0194681	0.02356	0.128054	0.0474035	0.0152515	0.00222805	0.0894163
156	0.0521811	0.00984901	0.00273297	0.0217691	0.0372177	0.0110248	0.022404	0.17108	0.0186018	0.153677	0.0933767	0.0226857	0.00457622	0.0342688	0.018914	0.036693	0.0841441	0.179073	0.000540989	0.0251899
157	0.0118169	0.0199703	0.00255743	0.00514181	0.281218	0.00317304	0.021617	0.0826139	0.00518261	0.274274	0.0463812	0.00755767	0.00363175	0.00654093	0.00455551	0.015826	0.0127253	0.0623139	0.0067823	0.12612
158	0.00776034	0.0287712	0.0035574	0.00397842	0.408625	0.00150133	0.0310754	0.0423685	0.00403123	0.154343	0.0227463	0.00795541	0.00362594	0.00344408	0.00382337	0.0168146	0.00473482	0.0363977	0.00958999	0.204856
159	0.0778441	0.00972896	0.0194404	0.0439501	0.00555016	0.0400931	0.0178105	0.0151775	0.156965	0.0355175	0.013528	0.0466642	0.0140459	0.076749	0.159602	0.160657	0.0736612	0.0310568	0.000919958	0.00103879
160	0.0074858	0.0358602	0.00396281	0.00387575	0.461303	0.000932835	0.0395217	0.0198895	0.00436507	0.0752498	0.00849756	0.00835947	0.00384519	0.0028507	0.00358914	0.016848	0.00301022	0.0338714	0.011652	0.255029
161	0.0154976	0.00927551	0.000670379	0.000968949	0.0122659	0.000875349	0.00137765	0.483341	0.00109636	0.0619799	0.0245995	0.00896926	0.00281373	0.00191302	0.00377478	0.0102028	0.0265009	0.329864	0.000235176	0.00377723
162	0.00704555	0.036038	0.00379531	0.00360017	0.464529	0.000829587	0.0391497	0.0199247	0.00375355	0.0763839	0.00833312	0.00817128	0.00305716	0.00245733	0.0032907	0.0166449	0.0027751	0.0329231	0.0117123	0.255585
163	0.0713708	0.00562511	0.194341	0.328369	0.00715545	0.0179962	0.0162124	0.0156218	0.0353455	0.0339207	0.0102249	0.0328452	0.0193956	0.058223	0.0263896	0.0566946	0.0369677	0.0237243	0.0022902	0.00728616
164	0.114047	0.0213324	0.0454993	0.074223	0.0205201	0.0364286	0.0174917	0.0260194	0.0743394	0.0625143	0.0110816	0.0304973	0.0165177	0.089809	0.028233	0.0925728	0.157207	0.0726376	0.00278542	0.00624293
165	0.0485252	0.00594661	0.234474	0.352352	0.00421295	0.00874733	0.0116899	0.00700191	0.0570964	0.0293832	0.00129245	0.0257962	0.0045502	0.106076	0.0411192	0.0319822	0.0108344	0.014058	0.00187696	0.00298511
166	0.0211956	0.00378721	0.0135398	0.0272646	0.00396869	0.016659	0.0293392	0.0180432	0.259585	0.0483546	0.0217102	0.0285557	0.00484503	0.0904102	0.315115	0.0514567	0.0234671	0.0204252	0.0016575	0.000621011
167	0.00703571	0.0361803	0.00380225	0.00359919	0.464594	0.000829342	0.0392876	0.0197621	0.00375839	0.075713	0.00821331	0.00816415	0.00302989	0.00243001	0.00328697	0.0166115	0.0027609	0.0329519	0.0117518	0.256237
168	0.117586	0.0299735	0.0155108	0.0206582	0.00183843	0.106417	0.0153176	0.0049246	0.0134859	0.018438	0.00447483	0.0956189	0.0823761	0.0645259	0.00899443	0.298606	0.0814341	0.0172109	0.000528033	0.00208051
169	0.181283	0.0326719	0.0158823	0.0258035	0.0063907	0.124086	0.01175	0.00826426	0.0173254	0.0192259	0.0132545	0.0668887	0.0509593	0.0414765	0.0165632	0.270747	0.0629121	0.0216631	0.00396972	0.00888215
170	0.0175895	0.0094101	0.000722061	0.00106045	0.0131623	0.00107346	0.00237061	0.470469	0.00166717	0.0622559	0.0255179	0.00904919	0.00289962	0.00205471	0.0037702	0.0104736	0.0290877	0.332555	0.000255185	0.00455634
171	0.447368	0.0201069	0.00478474	0.00498119	0.00330383	0.0637078	0.00363896	0.00538839	0.0104017	0.00607169	0.00501395	0.0192078	0.0130565	0.00601501	0.00379158	0.305058	0.0534152	0.0152934	0.00527023	0.00412472
172	0.0537362	0.00574617	0.218118	0.326582	0.00428005	0.00962007	0.0111578	0.00762282	0.068362	0.0308599	0.0015995	0.0269632	0.00307813	0.110018	0.04878	0.0352738	0.0152961	0.0184569	0.00204195	0.00240686
173	0.00984428	0.00545515	0.00118697	0.00441188	0.0712955	0.00405888	0.00351592	0.138463	0.0050452	0.550263	0.0839685	0.00458546	0.00356544	0.00578558	0.00382924	0.0122106	0.0100637	0.0651747	0.00314086	0.0141356
174	0.011476	0.00757145	0.000897852	0.00362338	0.0534792	0.00368805	0.00317688	0.164115	0.00430488	0.522276	0.0789688	0.00441744	0.00341068	0.00482583	0.00326771	0.0100163	0.0138086	0.0925994	0.00298508	0.0110916
175	0.0550179	0.00883388	0.0850886	0.159487	0.0391778	0.022891	0.0213253	0.0358058	0.0907277	0.0652889	0.030254	0.0318862	0.00860639	0.0791316	0.107475	0.0561001	0.0370231	0.0403173	0.00447385	0.0210888
176	0.0238316	0.0122698	0.00107205	0.00344217	0.0152444	0.0036032	0.00442648	0.407119	0.00373285	0.0923984	0.0389845	0.0103571	0.0037501	0.00732106	0.00764569	0.0165283	0.0391131	0.302092	0.000657931	0.00640999
177	0.0153529	0.014267	0.00126257	0.00262629	0.0527356	0.00577455	0.00317465	0.150027	0.00522019	0.50152	0.0827073	0.00415799	0.00787543	0.00454883	0.00336291	0.0126805	0.0172554	0.100373	0.00305763	0.0120203
178	0.117462	0.071865	0.0154774	0.0247535	0.00951077	0.159442	0.0116365	0.00869315	0.0109455	0.0209572	0.0215408	0.0778567	0.0436789	0.0412671	0.0137402	0.258029	0.0518463	0.0200947	0.00665009	0.0145535
179	0.13064	0.0197739	0.0208074	0.0300851	0.0113144	0.0459752	0.0155118	0.0263393	0.034089	0.0296737	0.0135575	0.0663836	0.0433169	0.0466832	0.0207917	0.268374	0.128203	0.0383024	0.00274808	0.00742923
180	0.0316542	0.0128241	0.0036176	0.00754235	0.0299649	0.00523795	0.00905668	0.330171	0.0157409	0.134288	0.0419797	0.0145067	0.0118774	0.0157411	0.0187823	0.026509	0.0394773	0.235614	0.00168616	0.013729
181	0.0294847	0.0133958	0.00590968	0.01016	0.0267924	0.0048426	0.00771717	0.350811	0.0102688	0.128607	0.0399401	0.0155538	0.00662355	0.0121116	0.0102438	0.0249244	0.0368658	0.251102	0.00164799	0.0129981
182	0.0595541	0.0161901	0.0797921	0.0453728	0.0135075	0.0364974	0.0616017	0.0193178	0.0245	0.031301	0.0364318	0.199577	0.0265246	0.0392502	0.0294853	0.163148	0.0524223	0.0269685	0.00553156	0.0330262
183	0.069978	0.0230283	0.0203368	0.0373623	0.027559	0.0696639	0.0193122	0.0703957	0.0407495	0.156233	0.0480557	0.0446268	0.0276149	0.0478713	0.0426726	0.1049	0.0551293	0.0754934	0.00379141	0.0152265
184	0.00730007	0.0343296	0.00400518	0.00369256	0.455099	0.00106361	0.0373585	0.0244071	0.00411742	0.0910424	0.0112822	0.0081051	0.00310699	0.00283378	0.00350356	0.0169002	0.00371423	0.0338721	0.0112647	0.243002
185	0.157922	0.0203723	0.0266412	0.04417	0.00595202	0.0528907	0.0204231	0.0186844	0.0434351	0.0292033	0.0108985	0.0619386	0.0558031	0.0789219	0.029877	0.224572	0.0763048	0.0342925	0.00219734	0.00549964
186	0.036977	0.0278672	0.00106315	0.00282512	0.0236979	0.0102125	0.00528695	0.182247	0.00503641	0.31592	0.0832212	0.00511389	0.00636365	0.0100176	0.00483317	0.0252552	0.0522	0.194466	0.00149272	0.00590338
187	0.124225	0.0132539	0.0182087	0.0230708	0.00447858	0.0350429	0.0219295	0.0145618	0.017157	0.0260783	0.0246121	0.0391731	0.297138	0.0392842	0.0158689	0.171973	0.0620442	0.0422673	0.000908915	0.00872412
188	0.00950733	0.00660162	0.000903935	0.00314874	0.0579002	0.00398399	0.00269126	0.144837	0.00433854	0.558682	0.0831424	0.00380719	0.00352304	0.0042957	0.00304182	0.00878732	0.0104514	0.0751734	0.00330358	0.0118794
189	0.0516143	0.00800651	0.0270419	0.0553721	0.0114808	0.015147	0.0221245	0.0361232	0.193958	0.0690685	0.0243701	0.0275949	0.0122465	0.0863676	0.186175	0.05594	0.0453618	0.0605424	0.00522397	0.00624082
190	0.139088	0.00518007	0.0592504	0.108606	0.00451354	0.0206236	0.0238953	0.0212616	0.0732701	0.0565011	0.0107112	0.043478	0.0351725	0.102784	0.0246071	0.108663	0.0869464	0.0698186	0.00268367	0.00294584
191	0.0556577	0.00738567	0.12591	0.234756	0.0212378	0.0138127	0.0234983	0.0637948	0.0489114	0.0694213	0.0274939	0.0301001	0.0147256	0.0657937	0.0391138	0.04948	0.0386028	0.0512786	0.00297274	0.0160527
192	0.0538086	0.0167937	0.0138645	0.0336847	0.0531109	0.0129597	0.0836236	0.116798	0.0371546	0.10263	0.0455307	0.0459743	0.0247241	0.0728058	0.0427132	0.0571984	0.0507928	0.0895262	0.00381226	0.0424938
193	0.0343624	0.00380957	0.0158503	0.0363742	0.0123754	0.0149483	0.0209107	0.041387	0.221427	0.0727413	0.0325438	0.0261579	0.00511503	0.087832	0.238847	0.0510239	0.0386168	0.0375002	0.00124131	0.00693563
194	0.0624131	0.00401569	0.00628908	0.0315863	0.0257416	0.00912988	0.0685118	0.0985341	0.0309803	0.117923	0.06945	0.0369847	0.00429011	0.160714	0.0349562	0.0357632	0.0821777	0.100883	0.00109638	0.0185601
