274	20
1	0.127975	0.0125948	0.00505829	0.020409	0.0336714	0.0157381	0.0161371	0.135089	0.0106885	0.255422	0.0246854	0.0109547	0.00343969	0.00392593	0.00621399	0.0453065	0.047194	0.184912	0.00352675	0.0370573
2	0.0433643	0.0153004	0.0210828	0.0347482	0.0171246	0.0206366	0.0333275	0.0240727	0.230078	0.0455825	0.0163139	0.0402239	0.0182688	0.0494727	0.260268	0.0377506	0.0339844	0.0269396	0.0029297	0.0285305
3	0.012618	0.00585391	0.00102855	0.00276366	0.173713	0.00346585	0.00624445	0.175336	0.0055677	0.438222	0.0708318	0.00327408	0.0062255	0.00401916	0.00145082	0.00472159	0.00837411	0.0634992	0.00183915	0.0109522
4	0.218623	0.00434018	0.00318013	0.00745074	0.0299741	0.0261769	0.0105448	0.0150183	0.00674775	0.0129593	0.002698	0.011693	0.532854	0.00438394	0.00396582	0.0770535	0.00869042	0.0167493	0.000580755	0.00631593
5	0.180688	0.00819276	0.00878912	0.0106473	0.0543995	0.0273283	0.019356	0.0169252	0.0141959	0.0186411	0.00525893	0.0168933	0.462334	0.00779804	0.011633	0.0823172	0.0153821	0.0181022	0.00282402	0.0182948
6	0.22878	0.0106501	0.0112622	0.0218589	0.0275744	0.028469	0.0129857	0.0174695	0.0178478	0.0206136	0.00616367	0.0211067	0.331524	0.0125411	0.0135279	0.147938	0.0325663	0.0255918	0.00154948	0.00997936
7	0.113732	0.0108413	0.0174015	0.0300436	0.0477047	0.0229102	0.0199723	0.0559274	0.0308555	0.131758	0.0213453	0.0255328	0.285318	0.0169798	0.0238024	0.0468995	0.0260774	0.052003	0.00453099	0.0163643
8	0.0370979	0.0053937	0.154393	0.0579014	0.00791669	0.0333297	0.0133137	0.010752	0.0445684	0.0162103	0.00657017	0.079628	0.0138882	0.0277794	0.0175423	0.241267	0.213127	0.0125701	0.00120879	0.00554257
9	0.0509781	0.020598	0.0300438	0.0327989	0.0216647	0.194396	0.0944548	0.0192429	0.0837901	0.0329393	0.0165155	0.0799353	0.0158064	0.0461883	0.142658	0.0457908	0.027727	0.0225814	0.00322542	0.0186658
10	0.0604481	0.0300037	0.0474078	0.00612517	0.232651	0.0175233	0.0940624	0.023268	0.0111679	0.0403718	0.0191771	0.0512873	0.0525274	0.00731766	0.0182	0.0671039	0.021827	0.00708633	0.00301323	0.189431
11	0.012723	0.00700454	0.000811249	0.0020066	0.057406	0.00269968	0.00168373	0.163709	0.00404312	0.531035	0.11891	0.00284789	0.00502301	0.00422526	0.00114328	0.00289219	0.00870523	0.0720423	0.00018927	0.000899672
12	0.0541514	0.0139559	0.0190251	0.0229894	0.0444838	0.0154109	0.157585	0.046869	0.0313102	0.17884	0.0291966	0.121024	0.0121062	0.0384029	0.0347965	0.0300902	0.0270154	0.0897313	0.00860163	0.0244139
13	0.00893236	0.0018418	0.000619346	0.00316126	0.0109654	0.000667739	0.000858985	0.614079	0.00252687	0.0945887	0.0108744	0.00255217	0.000489236	0.00317074	0.00740121	0.00120753	0.00543862	0.225546	0.000175276	0.00490344
14	0.0240427	0.00496633	0.17609	0.0494508	0.00495151	0.267855	0.0172343	0.00823251	0.0504549	0.00662692	0.00464741	0.175152	0.00839687	0.0351787	0.0143906	0.105243	0.0383543	0.00536592	0.000706264	0.00265976
15	0.0196702	0.00280571	0.253748	0.0599545	0.0037963	0.110196	0.00793922	0.0117795	0.0405429	0.00568921	0.00382283	0.216883	0.00816478	0.0232176	0.00598671	0.146792	0.0691811	0.00780202	0.000542975	0.00148456
16	0.160962	0.00948558	0.00462147	0.0240836	0.0350284	0.0188512	0.016842	0.14868	0.00828603	0.273243	0.0272744	0.00625461	0.00241572	0.0025125	0.00246989	0.0378403	0.0325319	0.155327	0.00384647	0.029445
17	0.106101	0.0183903	0.0217416	0.0403533	0.022924	0.0270422	0.0338737	0.0264215	0.14837	0.0439826	0.0160519	0.0386719	0.0251372	0.0505449	0.217791	0.0517862	0.0462141	0.0366599	0.00306919	0.0248733
18	0.242565	0.0400445	0.00647613	0.0101078	0.0153665	0.0193332	0.00869376	0.0751915	0.0141174	0.0601574	0.0142716	0.0160389	0.0121653	0.00721395	0.0126988	0.108252	0.159619	0.16663	0.00189136	0.00916586
19	0.361295	0.0236422	0.0140825	0.019993	0.0191017	0.044258	0.0143688	0.07216	0.0212661	0.0659013	0.0124685	0.0217556	0.0228414	0.0173698	0.013785	0.128499	0.0482972	0.0616743	0.00246099	0.0147793
20	0.0160021	0.00396038	0.000550208	0.000806645	0.0445545	0.00323364	0.00174344	0.20392	0.00140667	0.510251	0.0626683	0.00383153	0.00850501	0.0042419	0.000864415	0.00224871	0.0143968	0.116068	0.000115888	0.000630571
21	0.00806063	0.00422773	0.00728908	0.00992106	0.317135	0.000915599	0.0144377	0.0450706	0.0044919	0.0332987	0.0120068	0.00182368	0.00080778	0.00520067	0.00543023	0.00841821	0.00494835	0.0290604	0.0263931	0.461062
22	0.0680718	0.115219	0.0122713	0.0151685	0.0122187	0.0251148	0.0154337	0.0153703	0.0221702	0.0197687	0.00904855	0.355926	0.0458738	0.014641	0.0146109	0.183454	0.0223299	0.0187373	0.00313811	0.0114331
23	0.0103696	0.00325674	0.00654445	0.0083783	0.286186	0.000917265	0.018325	0.0435959	0.00513722	0.0313292	0.0153723	0.00175991	0.000987549	0.00564654	0.00999873	0.00842324	0.00441002	0.0201889	0.0271851	0.491988
24	0.100736	0.00671435	0.00247398	0.00915227	0.035192	0.00938959	0.00745369	0.178886	0.00377923	0.379103	0.0415771	0.00455081	0.00623593	0.00388538	0.00185177	0.02118	0.023956	0.150503	0.00147537	0.0119047
25	0.00745081	0.00450866	0.00762418	0.0104823	0.324287	0.000943944	0.0136937	0.045934	0.00430786	0.0333914	0.0110922	0.00188249	0.000844391	0.00520329	0.00446285	0.00860482	0.00532466	0.0324083	0.0267391	0.450814
26	0.485315	0.00559523	0.00293187	0.0139162	0.00541581	0.0460712	0.00360242	0.00623832	0.0128848	0.013777	0.0026556	0.0120125	0.00910051	0.00846263	0.0103483	0.284574	0.053764	0.0179812	0.000593189	0.00476014
27	0.0162718	0.00201175	0.000979631	0.00651943	0.00461594	0.00273923	0.015143	0.00191007	0.497497	0.0131068	0.00293601	0.0160918	0.0197441	0.0425391	0.32137	0.0122591	0.00651417	0.0113715	0.00021152	0.00616852
28	0.0258051	0.00263611	0.0395782	0.0336212	0.00546418	0.522756	0.034373	0.00177764	0.070891	0.00329551	0.00137999	0.141589	0.00710923	0.0604487	0.00963028	0.0323266	0.00371604	0.00215276	0.00047204	0.000977348
29	0.0672373	0.00610621	0.0304679	0.106976	0.0194646	0.118304	0.0250266	0.0247643	0.0909762	0.127295	0.0570931	0.0359555	0.00954611	0.0873371	0.048003	0.0683697	0.0297133	0.0354601	0.00318723	0.00871673
30	0.0527613	0.00238549	0.0852947	0.0681521	0.00351376	0.0265015	0.0152888	0.0041275	0.326344	0.0065821	0.00303278	0.0330647	0.0340527	0.136413	0.0392806	0.0186412	0.113614	0.0275477	0.000831816	0.00257036
31	0.0154868	0.00427475	0.00237952	0.00366973	0.439518	0.00289363	0.0187081	0.0369341	0.00418237	0.275659	0.110803	0.00384932	0.00798771	0.00379904	0.00326247	0.00650386	0.00382808	0.0154478	0.00509418	0.0357187
32	0.00869274	0.0018423	0.00063526	0.00330881	0.0115362	0.000690242	0.000924949	0.609262	0.00262989	0.0985816	0.0108579	0.00257291	0.000522291	0.00332708	0.00795539	0.00121696	0.00573297	0.224297	0.000203537	0.00520982
33	0.0165368	0.00382313	0.000457684	0.000709167	0.0438169	0.00330972	0.00168578	0.209072	0.00108144	0.504566	0.0590361	0.00376415	0.00869831	0.00399776	0.000906591	0.00234385	0.0146865	0.120685	0.000106393	0.000716334
34	0.042041	0.0123864	0.0162873	0.027137	0.0180686	0.0204245	0.0324361	0.0249784	0.249944	0.0419222	0.0170876	0.0355371	0.0187587	0.0460233	0.27976	0.0312292	0.0296215	0.0274804	0.00352897	0.0253481
35	0.00890238	0.00188047	0.000654095	0.00286219	0.0102098	0.000658813	0.000813062	0.622283	0.00233	0.08394	0.0112852	0.00254921	0.000520903	0.00282985	0.00661433	0.00125703	0.00505481	0.230845	0.000163148	0.00434625
36	0.0972705	0.00320283	0.124356	0.447372	0.00725081	0.0081791	0.0131576	0.00808934	0.0408196	0.0162414	0.00433756	0.0330566	0.010836	0.0792117	0.0172277	0.0344492	0.0308155	0.0157857	0.00365275	0.0046883
37	0.0440957	0.0043619	0.324143	0.13235	0.00959144	0.0418146	0.0170323	0.00968369	0.0575348	0.0135877	0.00567551	0.118336	0.0180545	0.0437198	0.0194024	0.0817062	0.0424384	0.00746424	0.00125422	0.00775454
38	0.11517	0.0135387	0.0320169	0.0273079	0.0218989	0.08525	0.0188593	0.0340598	0.0430287	0.0905602	0.0186175	0.0455821	0.0216502	0.0246831	0.0325333	0.154183	0.165408	0.0397362	0.00307251	0.0128435
39	0.0284037	0.0018983	0.332207	0.110336	0.00570291	0.0449185	0.020369	0.00655001	0.0774158	0.0107546	0.00409681	0.135995	0.0153486	0.0442547	0.0167384	0.0854319	0.0483363	0.00605051	0.00139761	0.00379488
40	0.0416345	0.00345302	0.00763508	0.0198983	0.0187067	0.0041842	0.00733856	0.0667391	0.157707	0.153473	0.0253625	0.0235587	0.00672874	0.0733141	0.221809	0.0120622	0.0478447	0.0951141	0.00633175	0.0071048
41	0.179991	0.0014566	0.0361336	0.505603	0.00377582	0.0105799	0.00688063	0.00363505	0.0448775	0.0167438	0.00135695	0.0199576	0.00236843	0.0662717	0.0132173	0.0291866	0.0325919	0.0222422	0.00194878	0.0011819
42	0.0590626	0.0121783	0.0382996	0.117932	0.027201	0.0214605	0.0276077	0.0938745	0.0615789	0.0817503	0.0240958	0.0507207	0.0175901	0.0479784	0.156309	0.0478433	0.0444764	0.0407774	0.00633272	0.022931
43	0.0696126	0.0198912	0.0308199	0.0202468	0.0191298	0.0284564	0.0766534	0.0171054	0.0650321	0.0199692	0.00835543	0.263064	0.0184483	0.018415	0.0227675	0.189975	0.0246737	0.0169586	0.00242088	0.0680043
44	0.0752556	0.00485271	0.0456164	0.0615066	0.00511507	0.0215273	0.0204275	0.040834	0.0990809	0.0121918	0.0227763	0.104669	0.00430812	0.0473361	0.0964601	0.209517	0.0877609	0.0163512	0.00136293	0.0230499
45	0.122154	0.00360933	0.218217	0.188997	0.00140175	0.0160729	0.0189421	0.00199411	0.146834	0.0137728	0.00112027	0.0342858	0.00364527	0.130615	0.0285215	0.0322084	0.022261	0.0136074	0.000475279	0.00126582
46	0.110118	0.00217262	0.048347	0.116679	0.00283143	0.0372248	0.0292342	0.0297326	0.0842032	0.0276564	0.0117629	0.0667798	0.00323561	0.10327	0.0501708	0.102721	0.0776239	0.0927904	0.000564291	0.00288286
47	0.0471043	0.012866	0.0130049	0.0189111	0.177546	0.0129915	0.0822411	0.117473	0.0220054	0.146841	0.0383425	0.0241914	0.0134489	0.0267619	0.0264799	0.029373	0.0264021	0.0456137	0.0119537	0.106449
48	0.00871766	0.00817649	0.00179136	0.00822038	0.0911464	0.00495255	0.00228878	0.217262	0.0226331	0.509427	0.0911073	0.00269947	0.00153577	0.00512491	0.00253549	0.00762965	0.00312116	0.00723921	0.000498674	0.003893
49	0.0700296	0.0022575	0.205251	0.470814	0.00278861	0.00132638	0.00619679	0.00701258	0.0234769	0.00202966	0.000547623	0.0414109	0.009334	0.0803324	0.00626035	0.0349283	0.0273821	0.00636023	0.00172139	0.000539899
50	0.358946	0.0165517	0.0231612	0.0093381	0.0186939	0.0782612	0.00667942	0.0931041	0.011925	0.0961997	0.009581	0.00942396	0.0157237	0.00970695	0.00823123	0.115898	0.0559492	0.047746	0.00159909	0.0132798
51	0.0151752	0.0079816	0.00384725	0.00595021	0.0658809	0.00458844	0.00367649	0.0662493	0.0089695	0.500631	0.270952	0.00464995	0.00251222	0.00741922	0.0039544	0.0102004	0.00490595	0.00904806	0.000872212	0.00253601
52	0.117362	0.00433351	0.0603179	0.106295	0.00107962	0.0298242	0.0307461	0.0107485	0.112386	0.00858568	0.00521543	0.074744	0.000810899	0.0986117	0.094224	0.142409	0.0780657	0.0184451	0.000256438	0.00553906
53	0.0503031	0.00930418	0.0151423	0.0300946	0.0290748	0.0182423	0.0206295	0.0943089	0.123411	0.167276	0.0374528	0.025503	0.0152178	0.0822886	0.0546074	0.0708815	0.0333379	0.0473311	0.0574824	0.0181111
54	0.0123691	0.0116705	0.0012762	0.00276189	0.109523	0.00286662	0.0035536	0.15019	0.0054967	0.492411	0.11436	0.00300884	0.00511005	0.00421021	0.00161379	0.00398434	0.00789727	0.0622373	0.000902638	0.00455698
55	0.0266332	0.0023313	0.0377086	0.0332862	0.00519786	0.55757	0.0305565	0.00164625	0.0630575	0.00277396	0.00150918	0.123826	0.00842103	0.0522711	0.00857793	0.0382511	0.00328848	0.00182188	0.000419487	0.000852554
56	0.0156882	0.00471507	0.000485729	0.00090438	0.0457926	0.0034284	0.00164905	0.218478	0.00163269	0.498779	0.0640315	0.00349483	0.00794764	0.00397823	0.000851551	0.00264684	0.0132321	0.1111	0.000120341	0.00104349
57	0.0135989	0.000677305	0.361772	0.102079	0.00519158	0.0584799	0.0148221	0.0058923	0.0646131	0.00611099	0.00371761	0.144658	0.0146035	0.0409462	0.00455922	0.102797	0.0523057	0.00182687	0.000277759	0.00107066
58	0.0349539	0.0255986	0.00632221	0.00756063	0.0542193	0.00675933	0.212595	0.00886032	0.00902698	0.02824	0.00470748	0.010757	0.0848171	0.00891551	0.0090162	0.0328131	0.00822316	0.00918081	0.20844	0.228994
59	0.00933876	0.000713437	0.376316	0.0915644	0.00432939	0.0583588	0.0123617	0.00488115	0.0628103	0.00529911	0.00352234	0.144154	0.0117422	0.0410038	0.00480264	0.108046	0.0581155	0.00162484	0.000275391	0.000740167
60	0.0131277	0.018684	0.00460358	0.00680614	0.152186	0.00453771	0.00587275	0.242667	0.00817254	0.0448139	0.00479409	0.00783555	0.00425723	0.0232368	0.00634798	0.00928039	0.0573587	0.215864	0.00164765	0.167906
61	0.00988775	0.00321752	0.00661554	0.0082967	0.288177	0.000916817	0.0180947	0.0437674	0.00511201	0.0311955	0.0153747	0.0017211	0.000767976	0.00558578	0.00960764	0.0084404	0.00443657	0.0202936	0.0260547	0.492437
62	0.0735235	0.0123059	0.0601223	0.109404	0.0212317	0.0354386	0.0384503	0.0295717	0.105451	0.055729	0.0180002	0.0442343	0.0158718	0.164843	0.0651108	0.0483645	0.0413088	0.0354002	0.00513724	0.0205003
63	0.070676	0.00412594	0.0115102	0.00742438	0.0301775	0.00758506	0.0248846	0.00727876	0.0124133	0.0104312	0.0267688	0.0142608	0.00823917	0.00786948	0.0245132	0.521348	0.195947	0.0076368	0.00166003	0.00524956
64	0.132191	0.00330627	0.185342	0.203955	0.00110696	0.0158049	0.0221583	0.0015952	0.150964	0.0133022	0.000762335	0.0299075	0.00438692	0.113266	0.0293272	0.046622	0.0303544	0.0136918	0.000283518	0.00167287
65	0.0400889	0.00898261	0.0196018	0.0292555	0.0183332	0.0668209	0.155571	0.0137391	0.0352248	0.0363417	0.00945573	0.231367	0.00986252	0.0645371	0.184264	0.0278429	0.0157705	0.0204215	0.00456421	0.00795525
66	0.0662337	0.00316239	0.00306199	0.0122156	0.132743	0.0275538	0.0205154	0.120883	0.0312975	0.163797	0.0668546	0.0419166	0.0224556	0.0176071	0.0388986	0.0256684	0.0409679	0.0719446	0.01034	0.0818825
67	0.131856	0.00108252	0.26845	0.202825	0.00764069	0.0212959	0.0211928	0.00256984	0.107343	0.00491937	0.00167619	0.0484061	0.0439342	0.00938004	0.0159706	0.071881	0.0212909	0.00554469	0.000430615	0.0123099
68	0.051157	0.00215518	0.00191146	0.0195739	0.123204	0.00407717	0.0411593	0.0887692	0.0433643	0.161235	0.037285	0.0239049	0.0119794	0.0334227	0.0792779	0.0195844	0.0394021	0.047912	0.0207639	0.149862
69	0.0224582	0.0243996	0.0110417	0.00977565	0.0692717	0.010144	0.320594	0.0254487	0.0130539	0.022792	0.00754557	0.0167621	0.0263558	0.0255439	0.0113767	0.0258473	0.0117536	0.0235222	0.0386483	0.283665
70	0.0557849	0.00262133	0.0027492	0.0209681	0.00717637	0.00574349	0.0160834	0.030055	0.243104	0.0617265	0.00599154	0.0401338	0.00416269	0.113301	0.263889	0.0177927	0.0341151	0.0599522	0.000805752	0.013844
71	0.158651	0.0017882	0.0284928	0.466795	0.00306577	0.00529119	0.00549648	0.00344016	0.0485399	0.0093098	0.00213453	0.019823	0.00225763	0.176571	0.0152732	0.0282823	0.0127035	0.00908615	0.0013216	0.00167623
72	0.15539	0.00920843	0.004412	0.0228108	0.0446661	0.0174046	0.0221055	0.146304	0.00985609	0.258646	0.0285065	0.0074917	0.00151723	0.00281348	0.00347849	0.0381933	0.032486	0.147849	0.00504585	0.0418143
73	0.168064	0.00851532	0.00328189	0.00676702	0.0106639	0.00861351	0.00477281	0.282444	0.00461017	0.126249	0.018525	0.00490663	0.00308605	0.00339921	0.00495516	0.025256	0.0285269	0.279149	0.000941957	0.00727265
74	0.0250955	0.00191576	0.0278098	0.194349	0.00304143	0.0128682	0.0242028	0.00371782	0.183592	0.0125905	0.00243383	0.00617487	0.00328902	0.307725	0.0642863	0.0312433	0.0354355	0.0265114	0.000732812	0.0329854
75	0.0151974	0.00797496	0.00387866	0.00595925	0.0656544	0.00458771	0.003675	0.0658674	0.00893252	0.500562	0.271432	0.00466757	0.00251774	0.00742976	0.0039525	0.0101951	0.00491328	0.00916324	0.000872187	0.00256644
76	0.0155193	0.00360394	0.000704722	0.00114164	0.0408207	0.00340175	0.00420815	0.193829	0.00201972	0.51628	0.0567997	0.00418275	0.00812238	0.0105616	0.00144986	0.00303443	0.0136594	0.119389	0.000226321	0.00104606
77	0.147857	0.00224944	0.213998	0.217095	0.00190592	0.0147779	0.0174519	0.00137618	0.133847	0.0131703	0.000783301	0.0298611	0.00934692	0.0837066	0.021673	0.0469913	0.0253593	0.0159275	0.00024266	0.00238058
78	0.120242	0.00451428	0.0590431	0.109934	0.00118212	0.0291494	0.0297746	0.0107585	0.113655	0.0089731	0.00505524	0.0736344	0.000826637	0.0999428	0.0930842	0.140691	0.0758008	0.0176604	0.000263318	0.00581447
79	0.0111304	0.00115357	0.353704	0.0871237	0.00447281	0.09358	0.0119197	0.00492696	0.0738826	0.00565294	0.00367662	0.142066	0.0107034	0.0382336	0.00715827	0.0959875	0.0510863	0.00207839	0.000397635	0.0010663
80	0.0205206	0.0024189	0.0399781	0.0171742	0.0267312	0.00345737	0.0840895	0.00491552	0.361405	0.149216	0.00388452	0.0606343	0.00260453	0.0791724	0.0335087	0.0304825	0.0449988	0.00520594	0.00125525	0.0283469
81	0.280015	0.0429675	0.00806687	0.016347	0.0154454	0.0166176	0.0105193	0.0746463	0.0168265	0.079475	0.0150707	0.0199081	0.0125983	0.0115734	0.0130806	0.0694289	0.0611092	0.22167	0.0024611	0.0121728
82	0.0109965	0.00494874	0.00776093	0.00947335	0.324772	0.00179551	0.0183239	0.0443209	0.0049411	0.0433903	0.0151806	0.0033345	0.00362272	0.00582634	0.00706346	0.010029	0.0059764	0.0270228	0.0243587	0.426862
83	0.0318761	0.0176876	0.00388561	0.00759843	0.0201805	0.00792277	0.0753066	0.0333608	0.168784	0.0540918	0.0104307	0.0196353	0.0318191	0.0106185	0.278518	0.0078493	0.00691638	0.0207373	0.00118221	0.191599
84	0.174698	0.271417	0.0153127	0.0199215	0.0389035	0.0151953	0.0115983	0.0210792	0.0149767	0.0297684	0.0305167	0.0204381	0.0100359	0.0100477	0.0136767	0.131988	0.0993345	0.0596036	0.0016288	0.00985914
85	0.00857477	0.00400171	0.00896075	0.0104437	0.312389	0.000985136	0.015917	0.0445634	0.00478263	0.0319134	0.0125251	0.00195348	0.000896367	0.0063504	0.00602525	0.00834175	0.00612885	0.0284331	0.0277247	0.45909
86	0.121264	0.527818	0.0275705	0.0415441	0.00813924	0.00345205	0.00402762	0.00488215	0.00546985	0.0198733	0.0618527	0.00578852	0.00294529	0.0049236	0.00470477	0.0610083	0.0734266	0.0176672	0.000791861	0.00285116
87	0.0863249	0.0154047	0.0222565	0.113897	0.0311336	0.0277121	0.00505544	0.0204719	0.156731	0.025916	0.0032614	0.0191709	0.153704	0.0558363	0.0754677	0.0491604	0.0961899	0.0366798	0.00147167	0.00415429
88	0.0907407	0.00177603	0.14843	0.518821	0.00271479	0.00368476	0.00852019	0.00437246	0.0259424	0.00474963	0.000552549	0.0308435	0.00705649	0.0762497	0.00702484	0.0278861	0.0269274	0.0101833	0.00296792	0.000556677
89	0.0615524	0.00268885	0.0955246	0.511263	0.0184272	0.0052418	0.0356547	0.00689762	0.0271854	0.0227029	0.00286945	0.0173089	0.00636164	0.0361168	0.0376714	0.0311031	0.0536195	0.00950115	0.015403	0.00290629
90	0.0157506	0.00355119	0.000447541	0.000805996	0.0410168	0.00308183	0.00157404	0.237392	0.00118926	0.476385	0.0548874	0.00368676	0.00810068	0.0038384	0.00145863	0.00213784	0.0144817	0.129145	0.000109971	0.000959712
91	0.0697893	0.00228848	0.204874	0.472078	0.00279554	0.00125358	0.00611734	0.00701676	0.0230335	0.00200628	0.00055223	0.041479	0.00937647	0.0805351	0.00620307	0.0346981	0.0273922	0.00627371	0.0017238	0.000513989
92	0.292474	0.00131145	0.0283884	0.236527	0.0100911	0.0066133	0.00323971	0.0107744	0.0788338	0.0338349	0.00169592	0.0201746	0.00187777	0.10297	0.0419756	0.0357849	0.0671598	0.0241469	0.000579355	0.00154773
93	0.0483882	0.00221991	0.00532614	0.0507256	0.032574	0.0104515	0.0148492	0.0826565	0.0669416	0.295964	0.105585	0.00700433	0.00449982	0.0750854	0.08119	0.0250426	0.0138993	0.0450582	0.0154903	0.0170485
94	0.0309477	0.0267995	0.00316472	0.00773197	0.0112675	0.0248818	0.0341425	0.0143114	0.33795	0.0237975	0.0130145	0.0126289	0.0148946	0.0373642	0.314406	0.0273135	0.0319896	0.0217209	0.000423767	0.0112493
95	0.133534	0.00132889	0.0985139	0.4968	0.00244842	0.00791685	0.0102658	0.00249865	0.0413664	0.0102871	0.000762229	0.0262082	0.00392518	0.0837402	0.0118451	0.0265871	0.0249092	0.0138328	0.00261779	0.000612311
96	0.214882	0.00196987	0.0961916	0.233798	0.00409586	0.0119687	0.00890634	0.0046216	0.110164	0.0229753	0.00105398	0.0269919	0.00189677	0.107586	0.0357569	0.0459219	0.0520989	0.0176937	0.000254287	0.00117188
97	0.0521716	0.00171201	0.00243803	0.0205213	0.137368	0.00429516	0.0397734	0.0934692	0.0300544	0.160793	0.0363723	0.0230458	0.019975	0.0353188	0.0589458	0.0229521	0.0430769	0.0485805	0.0217505	0.147385
98	0.0378736	0.0400943	0.00374553	0.00595296	0.0214991	0.0549209	0.0549338	0.0323225	0.187185	0.0451705	0.0231743	0.00819784	0.0173477	0.0300486	0.298203	0.0401242	0.0372537	0.0381577	0.000867166	0.0229277
99	0.010385	0.00349056	0.00683636	0.00825957	0.287046	0.00128914	0.0201771	0.0435598	0.00508543	0.0310506	0.0152389	0.00223456	0.00129335	0.0056352	0.00982946	0.00922022	0.00451413	0.0202029	0.0257006	0.488951
100	0.0189407	0.004383	0.314686	0.0626927	0.00630643	0.0101293	0.0317729	0.00799483	0.0114547	0.0309476	0.00649415	0.229279	0.070323	0.0100713	0.0899521	0.0666066	0.0137576	0.0075446	0.00165383	0.0050094
101	0.0546074	0.0427786	0.0880983	0.0308845	0.00989456	0.211376	0.0140184	0.0126909	0.040333	0.0163574	0.0368494	0.117314	0.00678313	0.0238485	0.149608	0.102819	0.0192098	0.0122613	0.00263985	0.00762854
102	0.0620327	0.0570218	0.0174424	0.0339644	0.0444928	0.00606435	0.0606274	0.0343017	0.045845	0.0499237	0.0184248	0.0358169	0.0488689	0.0342523	0.24091	0.0246614	0.159442	0.021849	0.00105813	0.00300041
103	0.06799	0.0367396	0.0165952	0.00574143	0.232709	0.0337904	0.111598	0.0111906	0.00825174	0.019802	0.00927163	0.0239894	0.111916	0.00596729	0.0342484	0.0707493	0.0118183	0.00607002	0.0066132	0.174949
104	0.246285	0.0684817	0.00503545	0.0065549	0.0112251	0.0074698	0.00764639	0.0525833	0.00924329	0.0266703	0.0120165	0.0154648	0.0102626	0.00681092	0.00914242	0.0701377	0.170665	0.256511	0.0014304	0.00636272
105	0.00891932	0.00188047	0.000638343	0.00286109	0.0101785	0.000658458	0.000812514	0.6223	0.002316	0.0838129	0.0112751	0.00254678	0.000520312	0.00282461	0.00658558	0.00126099	0.00505616	0.23106	0.000162994	0.00432966
106	0.0264835	0.00888696	0.00595397	0.0145477	0.00934693	0.0119248	0.024916	0.0112609	0.394823	0.0245052	0.00846864	0.0209269	0.0185733	0.0437676	0.299251	0.0210472	0.0165911	0.0186734	0.00110849	0.0189428
107	0.0160844	0.00436931	0.00051957	0.00103389	0.0613059	0.00361818	0.00222382	0.211948	0.0020415	0.486305	0.0625091	0.00386798	0.00837707	0.00383847	0.00114633	0.00258942	0.0135175	0.11229	0.000336387	0.0020782
108	0.0164471	0.00200697	0.00100717	0.00521982	0.00405202	0.00226111	0.012785	0.00172949	0.523118	0.012204	0.00218655	0.0164228	0.0186013	0.0343117	0.316518	0.0120395	0.0060003	0.00875694	0.00023344	0.00409809
109	0.153152	0.00936127	0.0126423	0.0190304	0.01282	0.0587148	0.00783834	0.0764142	0.0629495	0.0497496	0.00635323	0.0473658	0.0392586	0.0170209	0.0427208	0.114835	0.147389	0.112727	0.00374896	0.00590773
110	0.021143	0.00221311	0.157442	0.114455	0.0150675	0.00357842	0.115822	0.0157926	0.132811	0.0189122	0.00281614	0.167711	0.00265052	0.0609698	0.0416975	0.00671726	0.0776864	0.0265041	0.00242176	0.0135882
111	0.0212657	0.00285416	0.354203	0.0943186	0.00581615	0.0502254	0.016039	0.00670707	0.051415	0.0113523	0.00527331	0.163406	0.020747	0.0330503	0.0211232	0.0900538	0.043352	0.00482412	0.000912728	0.00306103
112	0.102034	0.00146401	0.00297066	0.0426399	0.0394716	0.0302984	0.0486483	0.0313649	0.0741223	0.287308	0.068057	0.00470629	0.00166953	0.0840017	0.0683454	0.0445883	0.015531	0.0458993	0.00285292	0.0040269
113	0.0110669	0.00477743	0.000894432	0.00273163	0.00845222	0.000825076	0.00104099	0.514872	0.00269259	0.0766133	0.00839302	0.00430609	0.000583528	0.00276747	0.0060682	0.00170631	0.00646544	0.34183	0.000225638	0.00368866
114	0.0259523	0.00954366	0.00594686	0.0142738	0.0127308	0.00887526	0.0616802	0.0183769	0.299253	0.0486108	0.020343	0.0222069	0.0175976	0.0449024	0.238884	0.0123095	0.010472	0.0167555	0.00109701	0.110188
115	0.0352058	0.00346214	0.20994	0.0776309	0.00658397	0.22008	0.017689	0.00608817	0.107936	0.0088195	0.00446148	0.105454	0.012838	0.0489878	0.0195427	0.0669314	0.036805	0.00772936	0.00119252	0.00262284
116	0.0348435	0.00276257	0.168324	0.197886	0.00447233	0.0158036	0.043341	0.0185934	0.0215715	0.0202869	0.00306703	0.0314044	0.0696194	0.0681026	0.153545	0.045651	0.0920782	0.00526119	0.00109645	0.00228947
117	0.016588	0.00391467	0.000445228	0.000706364	0.044504	0.0034552	0.00161715	0.20836	0.00102676	0.504645	0.0599211	0.00387917	0.00870477	0.00389452	0.000824003	0.00229491	0.0145546	0.119886	0.000106658	0.000671274
118	0.0695198	0.00214398	0.275359	0.17338	0.00552088	0.0580415	0.0154007	0.00452942	0.0956435	0.00878619	0.00322562	0.0857764	0.0177739	0.0463128	0.0155295	0.0737331	0.0375633	0.00688234	0.00067337	0.00420385
119	0.0474759	0.0067223	0.231482	0.0767747	0.0142662	0.0433924	0.062016	0.0130825	0.0560649	0.018491	0.00955317	0.103822	0.0192127	0.0383361	0.0233219	0.148486	0.048115	0.0145525	0.00302416	0.0218098
120	0.0106216	0.0025034	0.00224422	0.00338237	0.53791	0.00204596	0.0239637	0.0311522	0.00376071	0.21874	0.0663372	0.00371697	0.00946239	0.00280844	0.00287998	0.00449394	0.00370567	0.0173013	0.00679589	0.0461741
121	0.0215283	0.0112696	0.00167305	0.00300497	0.0060285	0.00143965	0.00158506	0.385225	0.00336006	0.0537053	0.00655639	0.0047882	0.00100848	0.00294953	0.00490495	0.00292155	0.0124818	0.472462	0.000419137	0.00268787
122	0.010115	0.00218389	0.000607735	0.00230793	0.0244023	0.00172873	0.00127045	0.466233	0.00172115	0.265988	0.0324353	0.00285107	0.00362072	0.00368097	0.00467128	0.00164789	0.00798342	0.162872	0.000187882	0.00349172
123	0.087875	0.00181773	0.00351367	0.0344804	0.0376492	0.0213822	0.0311459	0.0450283	0.0680145	0.288514	0.0791299	0.00469948	0.00272953	0.0814568	0.0856472	0.0466463	0.0150085	0.0545791	0.00528878	0.00539366
124	0.0336255	0.00758319	0.0111458	0.0261729	0.00802422	0.014256	0.0212687	0.010594	0.367337	0.0267803	0.00931344	0.0236882	0.0171178	0.0701634	0.273056	0.0248529	0.0231574	0.0203206	0.00112268	0.0104194
125	0.321171	0.00322226	0.00445875	0.0344654	0.00475199	0.0362082	0.00470498	0.00958411	0.0270967	0.0233322	0.00398452	0.0251828	0.0327573	0.0187141	0.036924	0.291025	0.0906578	0.0277739	0.000964085	0.00302043
126	0.0178216	0.00171799	0.384806	0.0724452	0.00413048	0.0380719	0.0149053	0.00513188	0.0337468	0.0107727	0.0051238	0.200642	0.0328545	0.0204089	0.0265948	0.0915133	0.0334175	0.00319006	0.00067753	0.00202793
127	0.0264525	0.00294456	0.0386625	0.035084	0.00732956	0.536499	0.0299438	0.00209327	0.0703634	0.00329308	0.00197116	0.128437	0.00748421	0.0556417	0.0110209	0.0344808	0.00424263	0.00224138	0.000426764	0.00138785
128	0.08751	0.00409337	0.0375001	0.00857575	0.0282077	0.0265409	0.0476227	0.0448736	0.0122439	0.0299062	0.0443657	0.0525692	0.0232059	0.043095	0.0274878	0.22683	0.144455	0.027365	0.00165614	0.0818952
129	0.187739	0.00922551	0.00625176	0.0125539	0.0566167	0.026027	0.0156377	0.0250254	0.0121344	0.0301421	0.0110779	0.015839	0.417543	0.00862615	0.0113799	0.0596047	0.0177727	0.0363898	0.00350424	0.0369093
130	0.029741	0.00561329	0.00157322	0.00374156	0.0408473	0.00494011	0.00361926	0.190426	0.00480429	0.451253	0.0582016	0.0054655	0.00843465	0.00541692	0.00337839	0.00898229	0.0474639	0.121982	0.000691501	0.00342348
131	0.0270063	0.00496966	0.00703559	0.0222622	0.255614	0.00364406	0.0236568	0.0543758	0.0123583	0.0801392	0.0198966	0.00879118	0.00417295	0.0129084	0.0174245	0.0146721	0.0143199	0.0368713	0.0244599	0.355422
132	0.0274185	0.00700761	0.0556578	0.0219083	0.0108898	0.0115112	0.0152358	0.0655611	0.0245457	0.225863	0.0474826	0.319296	0.0085367	0.0161877	0.0371831	0.0224861	0.0196765	0.0496547	0.00340761	0.0104903
133	0.0111639	0.0026607	0.00244304	0.00377544	0.526692	0.00222707	0.02811	0.0306955	0.00424935	0.222425	0.0630647	0.00483255	0.00921526	0.00365278	0.00387522	0.00504063	0.00424465	0.0175672	0.00684237	0.0472218
134	0.318062	0.137686	0.00391221	0.00502703	0.0154003	0.00456555	0.0112727	0.0307433	0.00565963	0.0255519	0.0109265	0.0151795	0.0078375	0.00513306	0.00539767	0.115436	0.083448	0.187368	0.000804525	0.0105891
135	0.106454	0.0831189	0.0169133	0.0197748	0.0159664	0.0182652	0.0168806	0.0309608	0.0293458	0.0378573	0.0123111	0.13819	0.0130211	0.0193773	0.0693193	0.0449696	0.133507	0.180593	0.00351603	0.0096586
136	0.377282	0.0475957	0.00507407	0.00937596	0.00859012	0.0191161	0.00661774	0.0275159	0.0104271	0.0235594	0.00707455	0.0134991	0.0242889	0.00784871	0.00968021	0.11672	0.084217	0.194228	0.00109699	0.00619299
137	0.0222078	0.012926	0.00165007	0.00327826	0.00619363	0.00154992	0.00176932	0.377542	0.00345191	0.0519832	0.00651308	0.00509371	0.00135224	0.00330496	0.00494453	0.00334447	0.0127127	0.476244	0.000548567	0.00338955
138	0.0394696	0.00596801	0.314295	0.11927	0.00932991	0.0452965	0.0184433	0.0110018	0.0589006	0.0175051	0.00712358	0.119055	0.0163028	0.0469814	0.0184926	0.0853915	0.0485414	0.0111458	0.00207343	0.00541311
139	0.0406564	0.0043866	0.323424	0.127368	0.00897891	0.0462667	0.017611	0.00941426	0.0593819	0.0136136	0.00646311	0.115129	0.0163384	0.0447205	0.0186803	0.083389	0.0466127	0.0105258	0.00166843	0.00537084
140	0.132248	0.0270522	0.004824	0.00590565	0.00510136	0.00392897	0.0810611	0.100726	0.00648577	0.257105	0.120986	0.0573276	0.0165019	0.0350363	0.00515298	0.0211564	0.00734024	0.0556709	0.0289523	0.0274371
141	0.0681433	0.00601796	0.0669992	0.126067	0.0418212	0.00990315	0.0118861	0.0186134	0.068324	0.208921	0.0491102	0.0541859	0.0074429	0.0334525	0.0605578	0.0538415	0.0854937	0.0180845	0.00282898	0.00830523
142	0.119315	0.0536058	0.0568454	0.145442	0.0135888	0.012793	0.0142205	0.0186097	0.025232	0.0371068	0.221479	0.0223878	0.0104446	0.0624852	0.018784	0.065567	0.0222364	0.0205958	0.00375769	0.0555033
143	0.0298211	0.0118561	0.0538501	0.089093	0.00411595	0.382503	0.0117972	0.00299784	0.109776	0.00514323	0.00418046	0.119959	0.00347127	0.0604495	0.0618953	0.0280616	0.0152876	0.0032472	0.000924705	0.00157024
144	0.00899401	0.00194333	0.000645703	0.00284073	0.0101326	0.000655059	0.000830179	0.621803	0.00233324	0.0833829	0.011338	0.00255573	0.00051984	0.00281397	0.00654902	0.0012756	0.0050888	0.231812	0.000161222	0.00432462
145	0.0102679	0.00183208	0.0323364	0.00374688	0.00464375	0.0118586	0.00412457	0.00334091	0.0217586	0.00533279	0.00377714	0.0302307	0.0186171	0.00343503	0.00495172	0.470894	0.362312	0.00371678	0.000670486	0.00215234
146	0.0180417	0.0955856	0.0354905	0.0368515	0.06858	0.0134253	0.235622	0.0420309	0.0123156	0.0887213	0.0064754	0.0421372	0.00668249	0.131206	0.0136223	0.0156986	0.0676303	0.0192537	0.00216783	0.0484617
147	0.0122686	0.00612668	0.00105423	0.00272787	0.00770487	0.000918818	0.00116065	0.476391	0.00281372	0.0696216	0.00747102	0.00421746	0.000680808	0.00283654	0.00560982	0.00193502	0.00715314	0.385735	0.000260131	0.00331332
148	0.00891056	0.00188272	0.00064508	0.00286826	0.0101858	0.000658985	0.000822165	0.622173	0.00232227	0.0839285	0.0112519	0.00254989	0.000523508	0.00284172	0.00661835	0.00125935	0.00503644	0.231008	0.000162336	0.00435196
149	0.0507484	0.0132886	0.0198971	0.040592	0.0139996	0.0229581	0.0325489	0.0227442	0.205637	0.0419141	0.0171748	0.0396872	0.0137239	0.0950713	0.237671	0.0403434	0.039788	0.032911	0.00294802	0.0163537
150	0.0339465	0.00325486	0.238365	0.096138	0.00605338	0.180831	0.0179173	0.00546596	0.0673152	0.00935431	0.00558726	0.121428	0.013052	0.0418659	0.0165814	0.092883	0.0410523	0.00509768	0.000855591	0.00295551
151	0.0720978	0.00216477	0.203593	0.463141	0.00277167	0.00271605	0.0068701	0.00659414	0.0259659	0.00262713	0.000694163	0.0419229	0.00929937	0.0791565	0.00664129	0.0363778	0.0281914	0.00687183	0.00174346	0.00055971
152	0.115845	0.00318173	0.211775	0.24304	0.00507755	0.0357228	0.0177895	0.00476061	0.0944388	0.0121808	0.00381965	0.0492583	0.0188741	0.0584461	0.021229	0.0577016	0.029092	0.0115477	0.00118033	0.0050403
153	0.0353677	0.0702223	0.0229694	0.0296496	0.0323449	0.0973389	0.24896	0.0289971	0.0406639	0.0420783	0.013554	0.0467682	0.0112171	0.0933559	0.0485917	0.0323385	0.0349473	0.0261818	0.00241367	0.0420402
154	0.0152688	0.00408986	0.00102012	0.00361943	0.0210297	0.00187195	0.00173977	0.457029	0.00589107	0.206748	0.0215391	0.00536726	0.00409407	0.00409729	0.00966856	0.00419533	0.0120074	0.215215	0.000475152	0.00503303
155	0.0426479	0.00660072	0.0312711	0.0178633	0.00356795	0.119865	0.00447876	0.0392761	0.028478	0.00682703	0.0028523	0.282007	0.0038569	0.00448699	0.00515315	0.280528	0.0879152	0.0276957	0.000934471	0.00369393
156	0.0364448	0.00642753	0.209786	0.0745664	0.0160575	0.0519706	0.0799626	0.0132578	0.0624418	0.0281381	0.00836375	0.176962	0.0203036	0.0418808	0.0369003	0.0630318	0.0377013	0.0150357	0.004118	0.0166496
157	0.244502	0.0260159	0.00843988	0.0147943	0.0199522	0.0217684	0.00763011	0.0194892	0.0148332	0.0346114	0.0251139	0.0151258	0.010278	0.0117226	0.0141717	0.149434	0.298326	0.0557723	0.00111776	0.00690194
158	0.226448	0.00467795	0.00282725	0.00322461	0.033601	0.0275627	0.00921648	0.0173396	0.00422747	0.0126953	0.00197085	0.0097376	0.544685	0.00312524	0.00273933	0.0681728	0.00668316	0.0141821	0.000623305	0.00625951
159	0.0164336	0.00200694	0.0010038	0.00522432	0.0040545	0.00226899	0.0128054	0.00172822	0.523064	0.0121903	0.00218457	0.0164259	0.0186129	0.0343477	0.316515	0.0120416	0.00600845	0.00874081	0.000233159	0.00410898
160	0.0885366	0.00391346	0.118299	0.369102	0.00432285	0.00988795	0.0146186	0.00730919	0.0673205	0.0145336	0.00563591	0.0344391	0.00776873	0.14034	0.0255917	0.0363765	0.0283852	0.0139017	0.00267744	0.00704019
161	0.0379686	0.0066208	0.00556155	0.0281282	0.00841979	0.00592118	0.00694143	0.30629	0.0668391	0.139571	0.0474963	0.0724049	0.00522572	0.0472974	0.0118936	0.0751587	0.0391237	0.0828508	0.00205626	0.00422982
162	0.129796	0.0272078	0.0047048	0.00572622	0.00533522	0.00394579	0.0813155	0.0986489	0.00648887	0.260033	0.117571	0.0572229	0.0174025	0.0378423	0.00559452	0.0200299	0.00734425	0.0568742	0.0290302	0.0278862
163	0.0163126	0.00403971	0.000462488	0.000658107	0.0439202	0.00333203	0.00164119	0.212015	0.000991998	0.502992	0.0601124	0.00371464	0.00856	0.00397563	0.000814805	0.00227809	0.0144291	0.118886	0.000101954	0.000761781
164	0.0394271	0.00150104	0.00292507	0.0138952	0.181603	0.00280009	0.0369568	0.0748461	0.0183766	0.118281	0.0326118	0.0150131	0.00660596	0.0235367	0.0387147	0.0162826	0.0255882	0.0341611	0.0271823	0.289691
165	0.0324396	0.00215207	0.0677543	0.177737	0.00520773	0.00381453	0.0714557	0.00557744	0.136146	0.0189322	0.00320049	0.131564	0.00263539	0.117829	0.167736	0.00748527	0.025786	0.00730827	0.0116095	0.00362829
166	0.558952	0.016453	0.00460956	0.00673511	0.00937096	0.0647264	0.00248156	0.0170358	0.00692851	0.0299175	0.00204203	0.00655748	0.00584283	0.0106706	0.0040424	0.175355	0.0436849	0.0220157	0.000597423	0.0119817
167	0.00991013	0.0103371	0.0012051	0.00410383	0.0774048	0.00310024	0.00190769	0.156442	0.00961338	0.540416	0.133567	0.00247678	0.00253379	0.00441112	0.00162447	0.00482341	0.00436784	0.029289	0.000349204	0.00211677
168	0.0634505	0.00245631	0.00435883	0.0585774	0.0172565	0.00412601	0.0044935	0.104939	0.0367641	0.116034	0.0180435	0.0328754	0.14694	0.018383	0.0299673	0.00716395	0.0330582	0.297023	0.00107446	0.00301594
169	0.0183479	0.00414668	0.000699346	0.0013319	0.0443771	0.00420666	0.00247629	0.204033	0.00181245	0.494074	0.0633874	0.00503238	0.0116422	0.00455225	0.00164697	0.00296274	0.0148636	0.118669	0.000362565	0.00137623
170	0.0728701	0.00159477	0.0418431	0.124618	0.00311535	0.0314279	0.0300595	0.0465303	0.0758034	0.0469551	0.0206577	0.0451427	0.00291555	0.114092	0.0405721	0.0697145	0.0971374	0.132083	0.000793997	0.00207441
171	0.00971275	0.00329015	0.00671665	0.00842389	0.292748	0.000935925	0.0174602	0.0435119	0.0050238	0.0310804	0.0153835	0.00175458	0.000775488	0.00557071	0.00895676	0.00836068	0.0045002	0.0210584	0.0264332	0.488302
172	0.512176	0.0196772	0.00799831	0.00551194	0.0159494	0.0793817	0.00369535	0.0308061	0.0063194	0.0424926	0.00322583	0.00682592	0.00775209	0.00991635	0.00433731	0.149239	0.049836	0.0239187	0.000817745	0.020123
173	0.0305408	0.0294491	0.0154755	0.0162529	0.0718729	0.0133458	0.29807	0.0312705	0.0246202	0.0360552	0.0113683	0.0277227	0.0261392	0.0353593	0.0236701	0.0332402	0.0197843	0.0257767	0.0277597	0.202227
174	0.0196317	0.00491831	0.000551233	0.000906975	0.0427006	0.00352955	0.00179355	0.203386	0.0013005	0.497892	0.0591309	0.00427013	0.00882855	0.00394883	0.00101344	0.00455531	0.0154878	0.124619	0.000124487	0.00141049
175	0.21856	0.00378476	0.00202432	0.00290397	0.0292926	0.02539	0.00976366	0.0133794	0.00357193	0.010104	0.00160509	0.0103756	0.565847	0.00287737	0.00251981	0.072107	0.00532009	0.0142252	0.000573671	0.00577413
176	0.0401679	0.00789682	0.00767007	0.0113705	0.0453901	0.0137614	0.0110918	0.142944	0.0216147	0.277975	0.09014	0.0448285	0.0384231	0.0153132	0.0207459	0.0201562	0.0667177	0.106438	0.00436461	0.0129903
177	0.012898	0.0025261	0.00068751	0.00271608	0.0224805	0.0017311	0.00127418	0.474615	0.00218257	0.236061	0.0269967	0.00286749	0.00324863	0.00349542	0.00553556	0.00230055	0.00985921	0.18434	0.000233913	0.00395118
178	0.0243012	0.00768023	0.0121454	0.0146261	0.0816677	0.0118749	0.185214	0.0163705	0.0162193	0.259084	0.00925439	0.141161	0.00732032	0.0537153	0.0514947	0.020318	0.0157731	0.0574046	0.00357861	0.0107969
179	0.0206818	0.00360387	0.266771	0.0564795	0.00411667	0.122717	0.00844599	0.00925743	0.0392659	0.00579843	0.00490335	0.219384	0.00920916	0.0227947	0.00927846	0.131358	0.0577838	0.00612191	0.000532402	0.00149699
180	0.189588	0.00277419	0.0495172	0.206993	0.00593839	0.0169131	0.0179328	0.0198676	0.0364562	0.0364318	0.0186401	0.0464418	0.154444	0.0782163	0.00638324	0.060598	0.0358155	0.0112342	0.00160555	0.00420934
181	0.00922967	0.000704432	0.380925	0.0907046	0.00418915	0.0575004	0.0115871	0.0046766	0.0625674	0.00504316	0.00334081	0.141247	0.0109402	0.0407793	0.00483751	0.110117	0.0589945	0.00158172	0.000289256	0.000744974
182	0.0379753	0.0193379	0.0117407	0.0236513	0.012016	0.0803354	0.0275074	0.0163999	0.294103	0.0289036	0.0158863	0.0269678	0.01498	0.0472853	0.243435	0.0362339	0.0294887	0.022315	0.00118504	0.0102528
183	0.0840382	0.00259041	0.0285387	0.0453832	0.00363787	0.0154771	0.0120208	0.00571845	0.356447	0.00862961	0.00774084	0.0453393	0.0128412	0.136296	0.0622701	0.051793	0.093072	0.0236268	0.00102462	0.003515
184	0.0168356	0.00207557	0.00102949	0.0058475	0.00407147	0.0026697	0.0132388	0.00183776	0.519374	0.0123457	0.00271687	0.0165381	0.0186468	0.0362132	0.313629	0.0126561	0.00640021	0.00901739	0.000244096	0.00461279
185	0.0125114	0.00629596	0.000960019	0.00268497	0.0579151	0.00307879	0.0017889	0.171738	0.00568949	0.531144	0.119995	0.00286863	0.00451925	0.00491301	0.00124904	0.00447654	0.00757791	0.0592655	0.000266203	0.00106261
186	0.10591	0.0113721	0.0532311	0.0363716	0.020243	0.0410376	0.0208674	0.0257604	0.0442926	0.0361314	0.0146892	0.0675233	0.0258044	0.0284454	0.0295924	0.273301	0.11687	0.0310195	0.00333386	0.014204
187	0.0422483	0.00610554	0.0246267	0.0332762	0.0114329	0.01847	0.0173346	0.0110423	0.37954	0.0205116	0.00773522	0.0275272	0.0597123	0.0479315	0.19528	0.0296826	0.0288853	0.0231506	0.00165488	0.0138521
188	0.0428107	0.008152	0.0278655	0.0480805	0.0117614	0.0209321	0.0685698	0.014007	0.225617	0.0288706	0.00910271	0.085905	0.0136599	0.0580187	0.228924	0.030241	0.0287901	0.020301	0.0024138	0.0259767
189	0.0858684	0.00438784	0.0417211	0.225636	0.00885229	0.00698432	0.00528718	0.0261887	0.030918	0.217472	0.0640294	0.0395286	0.00390768	0.11436	0.0474309	0.0490843	0.0134001	0.00770255	0.00211104	0.00513027
190	0.0323495	0.00677937	0.0507233	0.0383341	0.00734908	0.460842	0.0280804	0.00721232	0.0582493	0.00775355	0.00488349	0.142344	0.00819677	0.0463323	0.0187672	0.0559488	0.0148448	0.00623872	0.000925673	0.00384515
191	0.00748892	0.00449051	0.00764381	0.0104725	0.32399	0.000934165	0.0137213	0.0459846	0.00432252	0.0334009	0.0111247	0.00188701	0.000843786	0.005208	0.00450039	0.00848179	0.00531494	0.032222	0.0266582	0.45131
192	0.0163811	0.00382686	0.000431091	0.000638313	0.043846	0.00329313	0.00165197	0.206371	0.00104497	0.507697	0.059359	0.00375973	0.00880118	0.00401157	0.000843618	0.00219021	0.0148981	0.12021	0.000102172	0.000642201
