261	20
1	0.340112	0.0156274	0.00244933	0.0172018	0.00863584	0.164406	0.00489345	0.00580117	0.00299764	0.00483506	0.0019442	0.0122358	0.00152017	0.010768	0.00380038	0.356136	0.0331311	0.00875354	0.000867178	0.00388395
2	0.0226006	0.00698819	0.00139106	0.00750778	0.0305557	0.00245618	0.00318707	0.218034	0.00372983	0.481833	0.0494365	0.00328385	0.00736139	0.00866951	0.00275191	0.00540038	0.0189196	0.114675	0.00155553	0.00966217
3	0.0246563	0.00778346	0.00509072	0.0148256	0.246032	0.0136225	0.0310929	0.0121858	0.0092347	0.0716051	0.0266404	0.0125905	0.0027977	0.0152227	0.00916602	0.0148685	0.00916112	0.019675	0.0380325	0.415717
4	0.01919	0.00362964	0.000974216	0.00280121	0.00996199	0.00465477	0.00103102	0.459896	0.00248133	0.0435636	0.00558068	0.00110008	0.000330198	0.00168243	0.00369704	0.00164958	0.016817	0.419731	0.000287177	0.000941001
5	0.0817215	0.0103949	0.0416841	0.0661077	0.037352	0.0393056	0.160185	0.03345	0.0416539	0.0604247	0.0242369	0.0456404	0.0158312	0.0925117	0.0689111	0.0500751	0.0354111	0.030209	0.00921698	0.0556766
6	0.0207937	0.00734583	0.000989011	0.00275297	0.0336589	0.00111112	0.00356201	0.437413	0.00598715	0.240466	0.0485075	0.00317126	0.000428395	0.00268807	0.00137184	0.00168615	0.0222542	0.145535	0.00247057	0.0178072
7	0.139503	0.0147882	0.0166649	0.0551212	0.00690694	0.0979206	0.0165137	0.0321554	0.0200613	0.0635543	0.0134036	0.0268831	0.262671	0.0360392	0.0329327	0.0484603	0.0484712	0.0517175	0.00720627	0.00902572
8	0.0129021	0.00454413	0.00218833	0.00482645	0.332257	0.00613274	0.0228344	0.0126379	0.00536178	0.099974	0.034859	0.00822837	0.000881769	0.00459163	0.00349013	0.00794089	0.00318286	0.0137416	0.043875	0.37555
9	0.120854	0.120005	0.0290612	0.0478648	0.0222949	0.053296	0.0273986	0.0586379	0.0327846	0.0930782	0.0236181	0.033828	0.0280913	0.0476394	0.0469193	0.0693532	0.0437564	0.061533	0.0073109	0.0326757
10	0.0324637	0.00684193	0.0014864	0.00535519	0.0240493	0.00237471	0.00160041	0.392193	0.00578232	0.123405	0.0203733	0.00173109	0.000299906	0.00209093	0.00275532	0.00179285	0.0208233	0.347433	0.000903003	0.00624524
11	0.0703081	0.00304506	0.0618591	0.10495	0.00166399	0.0147899	0.00374717	0.00415088	0.31403	0.0315411	0.0132883	0.0166278	0.000730336	0.120418	0.193992	0.0234023	0.0137078	0.00380958	0.000615162	0.00332451
12	0.0883106	0.00944893	0.0408749	0.0808014	0.0121788	0.050552	0.0308217	0.0314884	0.181877	0.0589186	0.0188839	0.0364065	0.0122653	0.0830848	0.124459	0.0442579	0.0434992	0.0265894	0.00764517	0.0176361
13	0.117302	0.123811	0.0263742	0.0430612	0.0251392	0.0516247	0.0268278	0.0655654	0.0322261	0.102326	0.027748	0.0308278	0.0271714	0.0435899	0.0514845	0.0659851	0.0425462	0.0524006	0.0107095	0.0332793
14	0.20776	0.00607938	0.00807368	0.0233407	0.00339073	0.188011	0.00584644	0.0452218	0.00848257	0.0363263	0.0148747	0.0206879	0.266191	0.0208447	0.0203881	0.0557307	0.0205367	0.0336148	0.0105228	0.00407635
15	0.0288333	0.00906459	0.00569616	0.0139667	0.239308	0.0109665	0.0326221	0.0109301	0.0121396	0.072847	0.0255506	0.0126913	0.00367379	0.0179106	0.0166505	0.0150349	0.0128982	0.020117	0.0376706	0.401428
16	0.118207	0.128386	0.0232611	0.0398889	0.0252085	0.0548424	0.0278597	0.0656099	0.0324222	0.0979611	0.0250644	0.027511	0.0277879	0.042054	0.0446769	0.0712406	0.044822	0.059077	0.0094115	0.0347071
17	0.0966321	0.00799055	0.233071	0.15128	0.00688207	0.0555654	0.0263923	0.0142287	0.0312391	0.0289623	0.0102359	0.0940686	0.00827048	0.0694851	0.0366728	0.0673668	0.0375723	0.0139189	0.00304893	0.00711683
18	0.0372258	0.00701793	0.00566507	0.0140216	0.284841	0.0157347	0.0226887	0.0343419	0.00965381	0.137648	0.0445877	0.0111272	0.00246554	0.0159694	0.019589	0.0157858	0.0136198	0.0260883	0.0272473	0.254682
19	0.0269428	0.00786597	0.00987053	0.0189201	0.206049	0.0118984	0.0273231	0.0100948	0.012726	0.0886778	0.0253808	0.0506986	0.00301598	0.0185116	0.0176184	0.0170254	0.0156482	0.0190823	0.0334097	0.379241
20	0.284875	0.0215332	0.0269177	0.0393816	0.00984471	0.112265	0.014437	0.0172858	0.0124779	0.0182403	0.00713095	0.0189807	0.0160166	0.0280322	0.0183295	0.28014	0.0409229	0.0182992	0.00385354	0.0110363
21	0.0386068	0.0100175	0.00614261	0.0155583	0.218874	0.0123976	0.0580287	0.0218979	0.0145557	0.0698858	0.0228019	0.0117418	0.0042235	0.0136975	0.0158945	0.0214143	0.0153587	0.0568151	0.0366146	0.335474
22	0.0113599	0.00474734	0.00162899	0.00315627	0.296508	0.00469704	0.0259196	0.00305378	0.00499246	0.0638786	0.0278174	0.00886241	0.000467252	0.00287315	0.00250325	0.00706372	0.0026395	0.0157546	0.0457778	0.466299
23	0.0216613	0.0073459	0.00098411	0.00321845	0.0321443	0.00125596	0.00360048	0.437172	0.00647557	0.237182	0.0471179	0.00314729	0.000412518	0.00296363	0.00233218	0.00173382	0.0225937	0.14849	0.00254546	0.0176232
24	0.259201	0.00243014	0.241576	0.0600488	0.0133823	0.0324339	0.0280242	0.00342084	0.0300418	0.00992768	0.000924241	0.0415663	0.000491237	0.083273	0.039298	0.102456	0.0301963	0.00654498	0.000540539	0.0142229
25	0.203219	0.0350638	0.00813115	0.0272478	0.0193025	0.00914859	0.0468631	0.0260532	0.101464	0.0413137	0.003717	0.00728649	0.00492166	0.0850484	0.257573	0.0219577	0.0213977	0.0557201	0.0022278	0.0223435
26	0.0349006	0.0105351	0.00346658	0.011926	0.0243574	0.00416328	0.0045363	0.183175	0.00511199	0.344645	0.0212462	0.00469088	0.0150569	0.0133553	0.00659714	0.00795572	0.0221997	0.271713	0.0015724	0.00879659
27	0.032164	0.00500498	0.00509998	0.028087	0.00426245	0.00678223	0.0061698	0.318926	0.0261976	0.231604	0.00882513	0.00631428	0.00208917	0.0539881	0.115945	0.0134716	0.0118183	0.116497	0.00223606	0.00451706
28	0.36297	0.00067271	0.0510465	0.120197	0.000625011	0.0255765	0.018259	0.00579375	0.0493235	0.0201107	0.0095347	0.0459805	0.00112587	0.113083	0.069228	0.0558779	0.0454239	0.00421499	0.000311944	0.000644693
29	0.105721	0.00335388	0.258193	0.252246	0.00329566	0.0504639	0.0174844	0.00595895	0.0163099	0.014353	0.00737456	0.0625628	0.00322765	0.0799142	0.0178533	0.0573696	0.0297319	0.010271	0.0021832	0.00213166
30	0.0837706	0.00736713	0.00620192	0.0108008	0.149822	0.00723521	0.00546753	0.172859	0.00441217	0.298296	0.0613225	0.00412414	0.00326467	0.00721221	0.00417441	0.00875685	0.0214672	0.13149	0.00394062	0.00801474
31	0.00951133	0.00227942	0.0163115	0.145471	0.00263026	0.0663152	0.31126	0.0550231	0.0296452	0.0191677	0.00274227	0.054582	0.0016526	0.0562437	0.0434859	0.0807345	0.0303264	0.0290919	0.00140208	0.0421238
32	0.003801	0.000903999	0.0214534	0.00817631	0.00114177	0.0122554	0.00180899	0.00735683	0.00781414	0.0028476	0.00111426	0.0246384	0.000584981	0.00315665	0.00784359	0.30501	0.586575	0.00180098	0.000408574	0.00130786
33	0.0197133	0.00372552	0.000971962	0.00287374	0.0102943	0.00462254	0.00102444	0.458152	0.00252801	0.044131	0.00562059	0.00106594	0.000293118	0.00167062	0.00360473	0.00165644	0.0166557	0.420167	0.000283157	0.000945832
34	0.0105627	0.00646121	0.00150812	0.0035005	0.298426	0.00664452	0.0265513	0.00421226	0.00521511	0.0625646	0.0277532	0.00903286	0.000582472	0.00383338	0.00263123	0.00759285	0.00276938	0.0152615	0.0433915	0.461506
35	0.0235215	0.00152816	0.00257468	0.00713573	0.386016	0.00866601	0.00317466	0.0787775	0.00321045	0.328318	0.0995783	0.00372914	0.000942801	0.00423345	0.00349553	0.00725682	0.00756644	0.0138842	0.00973682	0.006654
36	0.12447	0.0116261	0.0484815	0.069539	0.0138166	0.279082	0.022965	0.0239307	0.0362521	0.0360562	0.010803	0.0661359	0.0252569	0.0376049	0.0267639	0.0917831	0.0321835	0.0207642	0.00615592	0.0163293
37	0.119531	0.0116245	0.0517183	0.0763733	0.0122947	0.28966	0.0253321	0.0218179	0.0351412	0.0296755	0.00975776	0.0732367	0.0284887	0.0429474	0.0244292	0.0758753	0.0304288	0.0177492	0.00469696	0.0192211
38	0.117524	0.00900608	0.041745	0.075267	0.00869638	0.296055	0.0224114	0.0245701	0.0357043	0.0284146	0.0115788	0.0639542	0.0442699	0.0400714	0.0258157	0.0853814	0.0353637	0.0197683	0.00425845	0.010145
39	0.0603368	0.00811944	0.0291691	0.0396017	0.0108141	0.0293557	0.0154956	0.0305487	0.0202793	0.0324823	0.00923706	0.0339277	0.0130917	0.0277082	0.0307674	0.190659	0.371811	0.0302047	0.00409615	0.0122939
40	0.133154	0.0177426	0.0157766	0.0558043	0.00667451	0.0856491	0.0175208	0.0329151	0.0204611	0.0752761	0.0120173	0.025992	0.252421	0.0398343	0.0349176	0.0438033	0.0516343	0.0619559	0.00639934	0.0100511
41	0.0926923	0.0153561	0.0141798	0.0379818	0.0216615	0.0246934	0.0267337	0.178794	0.0245065	0.0994433	0.0220678	0.0157889	0.0152564	0.0324447	0.0427366	0.0800782	0.0574264	0.169698	0.00955891	0.0189011
42	0.0148408	0.00537729	0.00129967	0.00504897	0.0153692	0.00364053	0.0022275	0.241283	0.00317341	0.483086	0.0396478	0.00311529	0.00195596	0.00705747	0.00475075	0.00392542	0.0145026	0.144194	0.000797107	0.00470756
43	0.023611	0.00139201	0.00266606	0.00753027	0.395723	0.00887439	0.00304919	0.0654338	0.00308708	0.335234	0.100406	0.00356715	0.000973296	0.00435318	0.00360774	0.00731537	0.00723946	0.0107589	0.00957903	0.00559858
44	0.0611311	0.00340594	0.0286789	0.15391	0.00301079	0.0424268	0.0493141	0.00944542	0.0586879	0.0120586	0.00471524	0.0237766	0.221611	0.078217	0.0293147	0.0786988	0.116487	0.00737807	0.00167747	0.0160541
45	0.218257	0.00442475	0.00332772	0.0169631	0.00240278	0.211461	0.00359187	0.0448945	0.00397391	0.0328565	0.013426	0.0157551	0.263745	0.0180892	0.013925	0.0634734	0.0164435	0.0367995	0.0133575	0.00283323
46	0.124542	0.00108296	0.068876	0.348156	0.00135494	0.0274164	0.00286137	0.00248287	0.0548186	0.032206	0.00162081	0.00316572	0.110694	0.097675	0.0349224	0.0479782	0.017662	0.02019	0.000659841	0.00163523
47	0.306669	0.00306423	0.0043846	0.0371562	0.0391109	0.203466	0.0195602	0.0245742	0.00445887	0.0111608	0.00342	0.0239216	0.00174344	0.0475069	0.00578423	0.152327	0.053743	0.0397408	0.00147422	0.0167334
48	0.0175152	0.00736127	0.000956112	0.00242275	0.0315163	0.00125727	0.00382314	0.444035	0.00535434	0.267895	0.0542546	0.0033899	0.000474493	0.00272514	0.00143849	0.00166692	0.0206147	0.112282	0.0028692	0.0181483
49	0.17595	0.0197241	0.0827454	0.101218	0.00664522	0.221231	0.0686622	0.0136946	0.0598867	0.00813505	0.00747901	0.0301079	0.00209874	0.0932541	0.0268201	0.00949431	0.0447426	0.00714893	0.00128206	0.0196794
50	0.0429008	0.00144185	0.0561093	0.0750903	0.00185777	0.0122362	0.0212175	0.00373546	0.0300301	0.0451408	0.0185378	0.0294875	0.000797654	0.127523	0.387915	0.0213711	0.0854768	0.0101246	0.0177908	0.0112156
51	0.00520254	0.0034899	0.000670141	0.00219989	0.0154861	0.00263423	0.00118222	0.258626	0.00146494	0.554565	0.0504866	0.00288878	0.000294034	0.00355829	0.00102865	0.00195765	0.00950969	0.0785272	0.000616557	0.00561136
52	0.0119576	0.00328548	0.0011595	0.00284899	0.0536763	0.00233006	0.00138151	0.096508	0.00163097	0.584995	0.164713	0.00373571	0.000561852	0.00348248	0.00190593	0.00396648	0.0186018	0.0403209	0.000932601	0.00200544
53	0.150769	0.0137467	0.137114	0.101109	0.00978121	0.0258171	0.0347697	0.024326	0.050671	0.0225698	0.00125416	0.033828	0.0007717	0.0732859	0.058119	0.138912	0.0917987	0.0240151	0.000732939	0.00660887
54	0.172653	0.00788026	0.0825819	0.168307	0.0150063	0.192784	0.0480661	0.0292409	0.0214793	0.00784277	0.0160998	0.0164695	0.00151787	0.115605	0.0239967	0.0100925	0.0438544	0.00693941	0.00158414	0.018
55	0.0380545	0.00834177	0.00158703	0.00426476	0.0289724	0.00231532	0.0015371	0.375831	0.00426695	0.126347	0.0177738	0.00163871	0.000304303	0.00176223	0.00221399	0.00159688	0.0213861	0.35561	0.000857669	0.00533803
56	0.0817546	0.00308237	0.0704847	0.103612	0.00182176	0.0151535	0.00554967	0.00459635	0.272877	0.0317721	0.0117977	0.0211961	0.00103994	0.112269	0.209089	0.0245879	0.0204358	0.00416747	0.00121229	0.00350121
57	0.362321	0.000573378	0.0511339	0.121984	0.000539669	0.0278887	0.0194225	0.00578947	0.0508465	0.0189952	0.0102997	0.0463992	0.00111362	0.114218	0.0611374	0.0589871	0.0443153	0.00320329	0.000271299	0.000560332
58	0.0610362	0.0266394	0.00303057	0.0295057	0.00118198	0.00948786	0.0162075	0.0709983	0.0570024	0.393975	0.0558251	0.00861716	0.00054301	0.0405215	0.17617	0.0114606	0.0211956	0.00292004	0.000519087	0.0131628
59	0.0151243	0.0119028	0.00152581	0.0110885	0.0289243	0.0024842	0.0049115	0.216551	0.00923652	0.457993	0.0328201	0.00378336	0.00545899	0.0165677	0.00425928	0.00707029	0.0318338	0.113458	0.00283684	0.02217
60	0.103224	0.0033765	0.0450291	0.0462253	0.00270552	0.0899883	0.0189878	0.0174277	0.0393122	0.0202233	0.00351528	0.0997474	0.284325	0.0309716	0.095535	0.0265748	0.0624841	0.00452439	0.00155666	0.00426614
61	0.0327634	0.0114898	0.353743	0.129968	0.0100341	0.108858	0.038083	0.00538696	0.00420635	0.019099	0.0108972	0.139545	0.00113637	0.060678	0.0139199	0.0276589	0.0244102	0.00540145	0.00121706	0.00150452
62	0.326419	0.129652	0.0137652	0.0168818	0.00333392	0.00843731	0.0051887	0.186466	0.00521466	0.0539189	0.0697941	0.00496824	0.00197656	0.0177218	0.00598972	0.0180457	0.0355702	0.0816193	0.00243674	0.0126009
63	0.102055	0.00713566	0.103258	0.219637	0.0114813	0.0635568	0.0323573	0.0231902	0.0362826	0.048495	0.014075	0.0368054	0.026042	0.0842446	0.0457327	0.0554894	0.0435205	0.0243467	0.00504771	0.017247
64	0.017415	0.0030324	0.00105283	0.00277617	0.00918048	0.00542973	0.0010304	0.475729	0.0023559	0.0353172	0.00470506	0.00114949	0.000408228	0.00184125	0.00482869	0.00179835	0.0193424	0.41143	0.0003369	0.000840417
65	0.0154608	0.00245409	0.0224185	0.0106998	0.0019821	0.0161097	0.00282459	0.00810719	0.00827412	0.00385609	0.00182458	0.0251104	0.000775397	0.00574215	0.00933516	0.303447	0.556041	0.00273948	0.000697487	0.00210027
66	0.0123375	0.00319934	0.00120303	0.00289897	0.0566673	0.00237443	0.00141081	0.0940425	0.00173177	0.579997	0.169274	0.0038544	0.000563828	0.00342142	0.00197704	0.00400205	0.0185656	0.0395003	0.00100418	0.00197447
67	0.106891	0.0110635	0.100419	0.219807	0.0157037	0.0465589	0.0310991	0.0266366	0.0417544	0.0417329	0.0121051	0.0336971	0.0302377	0.0817693	0.0475937	0.0582066	0.0477818	0.0254892	0.00515998	0.0162941
68	0.291197	0.0296701	0.0125631	0.0348413	0.0128832	0.0224876	0.0138019	0.0670446	0.0134433	0.0590912	0.0551436	0.0130494	0.0159347	0.0297002	0.0269685	0.0386691	0.120781	0.125144	0.00664276	0.0109429
69	0.0792885	0.0127677	0.0994318	0.0647363	0.0146275	0.0919862	0.0287237	0.0194705	0.0330749	0.0386107	0.0116609	0.219959	0.0200959	0.0583103	0.0418115	0.0710595	0.0484564	0.0182855	0.00551966	0.0221232
70	0.136423	0.0145841	0.0171934	0.0604602	0.00714291	0.09323	0.0187817	0.0331783	0.0226081	0.0618825	0.0132308	0.0270639	0.258567	0.0371097	0.0340654	0.0470283	0.0494828	0.0503429	0.00662846	0.010997
71	0.164882	0.0630268	0.0341387	0.0547821	0.0108812	0.213028	0.0322738	0.0276592	0.0920327	0.0354667	0.0101228	0.0330031	0.00914374	0.0507787	0.0460737	0.0443996	0.0334264	0.0220772	0.00639902	0.0164046
72	0.276744	0.0446494	0.0104561	0.0215901	0.0049378	0.101874	0.00898254	0.0102684	0.00804684	0.0132221	0.00377175	0.0112582	0.00289808	0.0122868	0.0086677	0.35987	0.0815321	0.0118294	0.00201311	0.00510183
73	0.180035	0.0140166	0.0160759	0.0201316	0.0862236	0.00594624	0.00489219	0.154724	0.00435128	0.0902614	0.00774023	0.00408572	0.00144755	0.00667527	0.0050525	0.0114884	0.0424512	0.340719	0.000978233	0.00270415
74	0.0906645	0.0025411	0.272042	0.300578	0.00272315	0.0415787	0.0155018	0.00476468	0.0186654	0.0256749	0.0158279	0.0365927	0.00587966	0.0457454	0.0163358	0.059971	0.0277597	0.0120015	0.0032207	0.00193157
75	0.15676	0.00618454	0.0148205	0.0404686	0.00596177	0.00845612	0.0717855	0.0450753	0.0321301	0.0102152	0.00442195	0.0620393	0.023693	0.139727	0.105806	0.0848327	0.124546	0.0149562	0.00188101	0.0462392
76	0.133921	0.00347629	0.189258	0.26046	0.00328714	0.17745	0.0221425	0.00611451	0.0196464	0.00745894	0.00404704	0.0391538	0.00169892	0.0588405	0.0099975	0.0196394	0.0250112	0.0127711	0.00160878	0.00401689
77	0.0216664	0.00233401	0.0167797	0.00642858	0.00255905	0.00480021	0.0290266	0.00527637	0.301849	0.0202308	0.00295347	0.0297212	0.026451	0.00773592	0.439223	0.0431468	0.00632886	0.0165684	0.0014132	0.0155073
78	0.020745	0.00258982	0.00223363	0.00607522	0.316791	0.00727933	0.00272306	0.129227	0.00304565	0.358356	0.0779129	0.00365554	0.000817044	0.00426687	0.00298184	0.00596279	0.00936432	0.0319414	0.00762318	0.00640904
79	0.269628	0.0143947	0.0104709	0.0298978	0.00351169	0.0117753	0.0303427	0.0523858	0.135194	0.0454897	0.00194113	0.00277152	0.00930597	0.0357243	0.194032	0.0421424	0.0422773	0.0568189	0.000900572	0.0109955
80	0.255984	0.00247639	0.23792	0.0619047	0.0124145	0.0438258	0.02882	0.00349251	0.0288869	0.0098719	0.00105916	0.0379892	0.000499257	0.0800892	0.039475	0.104797	0.0289339	0.00765072	0.000730385	0.0131795
81	0.00802348	0.00446277	0.0013055	0.00242803	0.301204	0.0042597	0.0253858	0.00195354	0.00495045	0.0624342	0.0282924	0.00892625	0.000446564	0.00241311	0.00201529	0.00642489	0.00203259	0.0151732	0.0448555	0.473013
82	0.144096	0.0374466	0.00490781	0.0244545	0.0319755	0.00551304	0.0470039	0.0173044	0.0958504	0.0494	0.00427426	0.00594707	0.00253892	0.0986296	0.315882	0.0130461	0.0127952	0.0518923	0.0050674	0.0319744
83	0.362321	0.000573378	0.0511339	0.121984	0.000539669	0.0278887	0.0194225	0.00578947	0.0508465	0.0189952	0.0102997	0.0463992	0.00111362	0.114218	0.0611374	0.0589871	0.0443153	0.00320329	0.000271299	0.000560332
84	0.361068	0.00424961	0.00628138	0.0317729	0.0383574	0.0629607	0.025972	0.101577	0.00579739	0.0552948	0.00811431	0.00820192	0.00376849	0.0150526	0.00905046	0.114395	0.0416589	0.0969165	0.00241721	0.0070937
85	0.0636175	0.00572567	0.088221	0.0742889	0.00685623	0.315191	0.0234365	0.00935117	0.0403251	0.0158207	0.00652982	0.190123	0.010658	0.0337557	0.0198718	0.0531077	0.0236147	0.0102505	0.0021203	0.00713559
86	0.0167977	0.00285031	0.00100452	0.00268799	0.00860787	0.00545683	0.00103053	0.47812	0.00227423	0.0348789	0.0046044	0.00111613	0.000356567	0.00173474	0.0046982	0.00175622	0.018437	0.41248	0.00030641	0.000801497
87	0.0056819	0.0011527	0.0207873	0.0086805	0.00177213	0.0121908	0.00285114	0.00793546	0.00825823	0.00412287	0.00177956	0.0764644	0.000749706	0.00387475	0.00812684	0.276162	0.554317	0.00273006	0.000707301	0.00165499
88	0.0857588	0.0130852	0.0334678	0.0621073	0.0137085	0.0273435	0.0315224	0.0317982	0.095651	0.071436	0.0178809	0.0317747	0.0192536	0.0802895	0.247502	0.0390785	0.037955	0.0339343	0.00797124	0.0184814
89	0.0111419	0.00475498	0.000741684	0.00240393	0.0256214	0.00184465	0.00220889	0.341139	0.00297509	0.423994	0.0489776	0.00310464	0.000342005	0.00314358	0.00103045	0.00173134	0.0136267	0.0997421	0.00130618	0.0101698
90	0.148655	0.0199412	0.0358158	0.0477264	0.0146215	0.085951	0.0197844	0.021695	0.0224648	0.0351051	0.00996361	0.0357126	0.0187994	0.0336286	0.0300705	0.241662	0.128944	0.0216784	0.00551473	0.0222654
91	0.0143586	0.00518677	0.000817208	0.00204288	0.0301557	0.00136962	0.00290755	0.429719	0.00422523	0.307293	0.048	0.00353574	0.00038572	0.00233474	0.0011774	0.00141134	0.015844	0.113079	0.00198371	0.0141737
92	0.112904	0.0106666	0.0490188	0.0728177	0.0111592	0.324741	0.024488	0.0230954	0.0392247	0.0241304	0.00946491	0.0781217	0.0322956	0.0403899	0.021695	0.0673695	0.0271177	0.0185301	0.00311501	0.00965514
93	0.0234003	0.00465305	0.00105696	0.0032712	0.0135589	0.00397222	0.00109304	0.434675	0.00312332	0.0580663	0.00807378	0.00109059	0.000328948	0.00169329	0.00329772	0.00165043	0.0178085	0.417176	0.000305515	0.00170571
94	0.0911658	0.0112638	0.0494487	0.108726	0.0176475	0.0424804	0.0427875	0.027154	0.0542838	0.0560952	0.0205405	0.0436928	0.0234679	0.181139	0.0883477	0.0460248	0.0443707	0.0245364	0.00578347	0.0210439
95	0.00528315	0.00121056	0.0218716	0.00883528	0.0013325	0.0125651	0.00201192	0.00757883	0.0083984	0.00363318	0.00124486	0.0248746	0.000584643	0.00342802	0.00839658	0.303391	0.581354	0.00217905	0.000453354	0.00137387
96	0.0749909	0.00536446	0.00695761	0.0154097	0.354625	0.0299277	0.00773571	0.052905	0.00751108	0.265962	0.0798706	0.00744812	0.0036778	0.0125538	0.00908659	0.0153338	0.0124258	0.0133951	0.0101917	0.0146283
97	0.0403402	0.0172458	0.24742	0.0592062	0.00363621	0.0105163	0.00713064	0.0204716	0.00511415	0.00846807	0.00369515	0.343198	0.00147576	0.12895	0.00616577	0.078644	0.00820271	0.0054523	0.00137459	0.00329321
98	0.0318864	0.00201083	0.0253497	0.0591545	0.00218738	0.00397024	0.299362	0.00412238	0.0520096	0.0619871	0.061054	0.0571347	0.00126589	0.254533	0.0364846	0.0345862	0.00499382	0.00380215	0.00105271	0.0030526
99	0.031304	0.0106467	0.00678027	0.0180374	0.0375299	0.0101143	0.0105296	0.141461	0.0175905	0.460224	0.0607609	0.0106611	0.00710346	0.0206741	0.0349	0.011456	0.0225448	0.0626822	0.0035352	0.0214644
100	0.0510794	0.00181984	0.0180123	0.103221	0.00456064	0.00435851	0.0154654	0.0160645	0.252625	0.0322159	0.0228642	0.0151252	0.000890107	0.203582	0.0833266	0.0454051	0.0824782	0.0417133	0.000993744	0.00420046
101	0.267154	0.0146252	0.00974608	0.0275896	0.00391829	0.0113125	0.0309378	0.0521333	0.137774	0.0463559	0.00201023	0.00300448	0.0086878	0.0362965	0.198398	0.0389434	0.041563	0.0562129	0.000913694	0.0124235
102	0.0152286	0.00653865	0.00125585	0.00573212	0.0189225	0.00314105	0.00257364	0.257448	0.00367478	0.465889	0.0414295	0.00313129	0.00245346	0.00721718	0.00564537	0.00395616	0.0153643	0.131677	0.00123073	0.00749101
103	0.096531	0.0796128	0.0486375	0.122981	0.0164306	0.219011	0.0325692	0.0228774	0.0415507	0.0317008	0.0102923	0.0462602	0.0112909	0.0526749	0.0331347	0.0529572	0.0322728	0.0210813	0.00448947	0.0236436
104	0.0891044	0.012481	0.0349859	0.058986	0.0141335	0.0273427	0.0372992	0.0366944	0.0835203	0.0739916	0.0163206	0.0300493	0.0148506	0.0905695	0.246408	0.0405048	0.040628	0.0272247	0.00787469	0.0170311
105	0.0221333	0.00503164	0.00256391	0.00578872	0.0103483	0.00610495	0.00299364	0.4218	0.00457978	0.0351745	0.00525852	0.00248694	0.00123566	0.00552149	0.0200825	0.00448709	0.0401683	0.401548	0.000945929	0.00174673
106	0.0643807	0.0110189	0.0113197	0.0323099	0.146992	0.030606	0.101703	0.0208598	0.0183913	0.0585634	0.0196044	0.0199522	0.00464743	0.0328383	0.0240561	0.0370381	0.0257399	0.0234966	0.0284345	0.288048
107	0.012809	0.00327668	0.216798	0.00869578	0.00365153	0.158232	0.0116882	0.00618779	0.0211409	0.00859517	0.00313289	0.368293	0.00194397	0.00938601	0.00818877	0.11035	0.0377166	0.00501514	0.00149881	0.00339985
108	0.104519	0.00112075	0.0894659	0.33886	0.00146056	0.0300356	0.0081619	0.00783522	0.00181912	0.0133019	0.0129768	0.0416374	0.000780123	0.231788	0.00822708	0.0518564	0.0413504	0.01281	0.000579823	0.0014139
109	0.382977	0.00440123	0.00783053	0.0266477	0.0446314	0.115782	0.0193757	0.0513887	0.00601071	0.0335641	0.00742266	0.0137612	0.00490781	0.0223283	0.00899516	0.114428	0.0366697	0.0820569	0.00328596	0.0135349
110	0.0366386	0.0100462	0.00221538	0.0295122	0.0260484	0.00285568	0.0904911	0.109154	0.130256	0.0947132	0.0576527	0.0342542	0.00138723	0.0521642	0.140316	0.0360391	0.0334665	0.0780008	0.0138783	0.0209092
111	0.0975664	0.0160389	0.0443798	0.0506427	0.0148237	0.0055283	0.0495662	0.0226483	0.034596	0.00827157	0.00250935	0.111221	0.00353726	0.0841641	0.2088	0.10791	0.0623479	0.0429421	0.00146837	0.0310375
112	0.275485	0.0145517	0.0388829	0.0535546	0.00973288	0.0830649	0.0166282	0.0204336	0.0195974	0.0250098	0.0081971	0.0216292	0.013385	0.0409819	0.0292551	0.207063	0.0852135	0.0260767	0.00273194	0.00852621
113	0.0739344	0.0164998	0.00450333	0.00684697	0.0471911	0.00328595	0.00157002	0.288619	0.00324711	0.0704154	0.00842807	0.00168775	0.000390743	0.002572	0.00317328	0.00289031	0.0278346	0.434613	0.000383011	0.0019142
114	0.00359091	0.00296577	0.000694664	0.00227671	0.0102718	0.00322982	0.000845184	0.229597	0.00103659	0.59991	0.046745	0.00260492	0.000224799	0.00385423	0.00106152	0.00205738	0.00795915	0.0766834	0.000288957	0.00410263
115	0.101923	0.00695564	0.243296	0.158949	0.00774592	0.061713	0.0280098	0.0131277	0.0285635	0.0236058	0.00766917	0.078886	0.00540843	0.0668657	0.0288934	0.0687753	0.0456974	0.0132801	0.00317372	0.00746207
116	0.00736661	0.00355544	0.000767416	0.00242822	0.0150823	0.00266064	0.00146044	0.30028	0.00222374	0.504409	0.0425593	0.0027468	0.000283518	0.00370527	0.00125833	0.00189249	0.0102106	0.0889055	0.000915662	0.00728869
117	0.0472249	0.0130858	0.00557806	0.0110906	0.0420767	0.0121687	0.0100509	0.258521	0.0119333	0.320195	0.0874344	0.00763194	0.00580791	0.0146855	0.0154518	0.0113268	0.0235023	0.0845058	0.00466733	0.0130614
118	0.00946308	0.00469967	0.00131275	0.00283735	0.297736	0.00531287	0.0276395	0.00211046	0.00512825	0.0628506	0.0276288	0.00884432	0.000500489	0.00265373	0.0021299	0.00785135	0.00215968	0.0149851	0.0439538	0.470202
119	0.352934	0.00953315	0.00537617	0.0199899	0.013901	0.2441	0.00866082	0.0148049	0.00592505	0.0114868	0.00410881	0.0210018	0.0162846	0.0187365	0.00651364	0.192025	0.0279273	0.0183404	0.00237446	0.00597526
120	0.0307226	0.00901831	0.00512297	0.0148331	0.0224833	0.00770865	0.00781716	0.200151	0.0100047	0.435171	0.0546054	0.00664733	0.00382883	0.015075	0.0138917	0.0135612	0.0441453	0.0897719	0.00358857	0.011852
121	0.135205	0.0150967	0.0181711	0.0574762	0.0089171	0.09444	0.017009	0.0325966	0.0242209	0.0628837	0.0124613	0.0295544	0.259202	0.0356567	0.0355089	0.0475937	0.0460592	0.047995	0.00718069	0.0127723
122	0.0255404	0.00563496	0.128991	0.140484	0.00481946	0.315387	0.026961	0.00413332	0.025364	0.0182622	0.00474223	0.190781	0.00109465	0.0571254	0.01096	0.0218326	0.0106307	0.00408538	0.00106029	0.00211109
123	0.101504	0.00873835	0.0589001	0.104251	0.0152233	0.0324119	0.0624552	0.0248857	0.0521038	0.0552817	0.0217567	0.0406479	0.0165485	0.182143	0.0853898	0.0480742	0.0453556	0.0214621	0.00551924	0.0173478
124	0.003801	0.000903999	0.0214534	0.00817631	0.00114177	0.0122554	0.00180899	0.00735683	0.00781414	0.0028476	0.00111426	0.0246384	0.000584981	0.00315665	0.00784359	0.30501	0.586575	0.00180098	0.000408574	0.00130786
125	0.0412488	0.00933602	0.00214232	0.0370642	0.0240239	0.00747313	0.0152339	0.0587784	0.00308526	0.379435	0.0312362	0.00266325	0.107843	0.0386979	0.0151552	0.0220726	0.0130025	0.158316	0.00617468	0.0270179
126	0.113481	0.000818472	0.251877	0.320757	0.000833995	0.0447801	0.0114199	0.00193908	0.0233763	0.0175844	0.00799432	0.0338296	0.00868687	0.0417137	0.0180929	0.0590002	0.0292956	0.0104269	0.00315974	0.000933245
127	0.100657	0.00125727	0.0967002	0.330203	0.00151079	0.0319103	0.00908402	0.00748888	0.00206293	0.0139033	0.0144176	0.0415107	0.000867801	0.233664	0.00778518	0.0518987	0.0410869	0.0119156	0.000610379	0.00146482
128	0.268898	0.0535576	0.014004	0.025526	0.0151395	0.137044	0.0150006	0.0720414	0.015501	0.104618	0.0160716	0.0144168	0.0354885	0.0547053	0.0187409	0.0295061	0.0206035	0.0284989	0.0447192	0.0159196
129	0.0649851	0.0240025	0.00140018	0.0354476	0.00114092	0.00976609	0.0170144	0.0718652	0.0573381	0.396413	0.0607756	0.00536088	0.000468615	0.0393841	0.167478	0.00984531	0.0219785	0.00232096	0.000534384	0.012481
130	0.259637	0.00245045	0.240218	0.059745	0.0136486	0.0326487	0.0282676	0.00350284	0.0298182	0.0101178	0.000927644	0.040762	0.000482819	0.0835145	0.0392602	0.103226	0.030394	0.00652595	0.000528065	0.0143254
131	0.0295019	0.0026631	0.0503155	0.0331636	0.0036099	0.0169659	0.00863271	0.0126126	0.013539	0.00904093	0.00330549	0.0272086	0.00319385	0.0172268	0.0167329	0.262859	0.47621	0.00867754	0.000972928	0.00356731
132	0.00342344	0.00297199	0.000691837	0.0022857	0.0102264	0.00315635	0.000827578	0.224912	0.00101251	0.607899	0.0474611	0.00261989	0.00022629	0.00388464	0.00104223	0.00207228	0.00790733	0.0730186	0.00028453	0.00407671
133	0.0547448	0.00333578	0.0932026	0.180865	0.00224863	0.0233377	0.0692376	0.0208007	0.0972498	0.0114072	0.00301316	0.0184973	0.00140085	0.220524	0.120515	0.0216542	0.0447636	0.00959663	0.00116123	0.0024444
134	0.095274	0.00265354	0.00741346	0.0764162	0.0204257	0.0050587	0.00858307	0.0263489	0.118025	0.0472218	0.0894986	0.00842481	0.0021946	0.214248	0.0561224	0.0331132	0.135983	0.0304926	0.00170631	0.020796
135	0.295733	0.0132662	0.00544501	0.0143048	0.00916649	0.176568	0.0074589	0.0863766	0.0058645	0.0686525	0.0354206	0.00903935	0.113978	0.0165043	0.00924648	0.0456842	0.0164531	0.0578296	0.00833319	0.00467522
136	0.0189376	0.00831628	0.0010096	0.00243102	0.0319385	0.00118596	0.00405821	0.428026	0.00552442	0.278549	0.054261	0.00345133	0.000489439	0.00334754	0.00146611	0.00190785	0.0225207	0.111778	0.00290053	0.0179009
137	0.384495	0.00224148	0.108365	0.112716	0.00313977	0.0291414	0.00557015	0.00440708	0.00567376	0.00629284	0.00215152	0.0178704	0.00121405	0.0426058	0.0075747	0.204682	0.04184	0.0154597	0.0010489	0.00350999
138	0.0580214	0.0485695	0.00641358	0.0129012	0.0445215	0.00765667	0.0292916	0.00909717	0.00686829	0.390293	0.0268571	0.00842612	0.00274442	0.119656	0.00937866	0.0131497	0.0529112	0.0101605	0.00304953	0.140033
139	0.294621	0.00221054	0.0395587	0.103155	0.00199433	0.10142	0.0209336	0.00491209	0.045527	0.0109797	0.0122344	0.104563	0.0096743	0.12805	0.0423441	0.0410561	0.0299478	0.00376386	0.000680963	0.00237383
140	0.158158	0.05702	0.00520434	0.00906495	0.0047217	0.00842679	0.00561556	0.0240994	0.00506499	0.12976	0.00516862	0.0193738	0.230373	0.00834072	0.00743791	0.0282121	0.104285	0.183691	0.00182417	0.00415899
141	0.053562	0.00306024	0.0204748	0.181569	0.00272141	0.0494559	0.0495996	0.00719449	0.0493445	0.0102902	0.00385334	0.0242867	0.222376	0.0823412	0.0288219	0.0774097	0.106277	0.006373	0.00158557	0.0194032
142	0.0767573	0.0125232	0.0421994	0.0713366	0.0328911	0.0444416	0.163015	0.0343743	0.0418975	0.0580121	0.0239139	0.0456176	0.0159495	0.0909963	0.0592524	0.0519349	0.043014	0.0280341	0.0102507	0.0535891
143	0.0114307	0.00409141	0.000854183	0.00184272	0.0225077	0.00190738	0.00228947	0.397407	0.00322815	0.372429	0.0428385	0.00305905	0.000338572	0.002426	0.00121878	0.00137964	0.0119297	0.106224	0.00152205	0.011076
144	0.144549	0.0267095	0.0391503	0.0489064	0.0136829	0.0804507	0.0217468	0.0248157	0.024316	0.0374894	0.00894774	0.0357821	0.0153764	0.0340828	0.0343327	0.244957	0.123579	0.0207883	0.00384412	0.0164935
145	0.20324	0.0390514	0.0194146	0.0335506	0.0766004	0.0238483	0.0779366	0.0491817	0.0105181	0.0834244	0.007023	0.0152272	0.00332631	0.0164829	0.0190735	0.0317722	0.0154844	0.0376763	0.0726087	0.16456
146	0.0285133	0.00881542	0.0050585	0.0139383	0.238623	0.0127762	0.0315925	0.0191488	0.0113024	0.0735838	0.0261836	0.0131223	0.00283312	0.0141011	0.0135457	0.0145593	0.0118615	0.0211297	0.0380465	0.401265
147	0.0327813	0.00237464	0.0258571	0.0671227	0.00296419	0.00660949	0.260426	0.00545884	0.0454598	0.0600563	0.0590522	0.0579262	0.00151545	0.280398	0.0343792	0.0384129	0.00752716	0.00545203	0.00122476	0.00500139
148	0.039881	0.0105906	0.00873066	0.0197865	0.0465724	0.0140935	0.0106067	0.1372	0.011636	0.435615	0.050955	0.0113743	0.0147496	0.0241528	0.0302428	0.0177683	0.0264312	0.0648511	0.00493401	0.0198285
149	0.0712073	0.0128694	0.0217895	0.0484834	0.0178894	0.0242435	0.0371633	0.0966469	0.12692	0.0671109	0.0209922	0.0273098	0.0123039	0.0610168	0.0667343	0.0576254	0.141951	0.0553371	0.0110989	0.0213081
150	0.0142501	0.00545285	0.000801174	0.00212268	0.0289514	0.00143478	0.00288495	0.42678	0.00427234	0.310664	0.0491301	0.00357666	0.000390316	0.00238855	0.00122807	0.00143666	0.0159731	0.112277	0.00205101	0.0139346
151	0.105749	0.00739402	0.1139	0.232822	0.0105941	0.0547524	0.0292815	0.0175746	0.0372772	0.0372662	0.0119734	0.0412926	0.0273354	0.0891453	0.0396524	0.0588328	0.0444194	0.0204313	0.00416256	0.0161443
152	0.0969582	0.0035754	0.0387013	0.214442	0.00492034	0.0344567	0.0209327	0.0079875	0.0561973	0.0205832	0.0032758	0.0173573	0.194974	0.122926	0.0461437	0.0479906	0.0466464	0.0127895	0.00147215	0.00766983
153	0.0224043	0.00541976	0.13564	0.069655	0.0042609	0.293826	0.0296269	0.00525998	0.0312887	0.0117014	0.00423574	0.260002	0.00235256	0.0294986	0.012204	0.0533849	0.0200202	0.00470929	0.00132887	0.00318176
154	0.0651478	0.0103795	0.0300458	0.0421377	0.0134632	0.0331232	0.0178304	0.0386395	0.0250775	0.0414732	0.0129697	0.0327709	0.020339	0.0339581	0.0416099	0.159097	0.325733	0.0338024	0.00583875	0.0165628
155	0.0457772	0.00740718	0.00220253	0.0365831	0.0220336	0.00947055	0.0157339	0.0487746	0.00298469	0.356552	0.0364528	0.00263406	0.121221	0.0416066	0.0161628	0.0236009	0.0102927	0.158828	0.00794253	0.0337391
156	0.0115059	0.00576302	0.00180179	0.00393587	0.294314	0.00594478	0.0269712	0.00259592	0.00568215	0.0613148	0.0274581	0.00917982	0.000783158	0.00373802	0.00297588	0.00840614	0.0034973	0.0152713	0.0435961	0.465265
157	0.217718	0.00972656	0.00490921	0.00979219	0.0755655	0.0797523	0.137282	0.00890933	0.00715866	0.0145318	0.00375885	0.00675542	0.0018409	0.0099245	0.00806165	0.082156	0.00821626	0.0115349	0.024435	0.277971
158	0.0111549	0.00833096	0.00158494	0.013412	0.0164689	0.00323418	0.00340366	0.155623	0.00509152	0.574547	0.0354989	0.00362704	0.0069407	0.0191303	0.00764625	0.00721319	0.0229686	0.092874	0.00162258	0.00962711
159	0.187435	0.0188405	0.011853	0.0369317	0.00688897	0.114569	0.0116826	0.0359129	0.0134911	0.0596914	0.0120791	0.0231028	0.255477	0.0297655	0.0260846	0.0469325	0.0395835	0.0549543	0.00731774	0.00740632
160	0.0369135	0.00423636	0.400337	0.172481	0.00402065	0.028929	0.0495185	0.0176411	0.00941411	0.0244814	0.00648048	0.0488848	0.00187542	0.0652739	0.0118269	0.0651987	0.0286956	0.0188042	0.00224723	0.00273996
161	0.102408	0.000891114	0.24996	0.327293	0.00091312	0.0520274	0.0127059	0.00255754	0.0188588	0.0147245	0.00746432	0.0358219	0.00416254	0.0481693	0.0165827	0.0600682	0.0318489	0.00947288	0.00312188	0.000947175
162	0.0969954	0.00110261	0.266101	0.334542	0.00136074	0.0418623	0.0120721	0.00358481	0.0167985	0.0162307	0.00847301	0.036167	0.0038993	0.0503551	0.0149706	0.0535127	0.0279415	0.0100369	0.00279792	0.00119651
163	0.191923	0.00324081	0.0435722	0.0620933	0.00244404	0.015572	0.00566874	0.0902941	0.00388726	0.116679	0.0282951	0.0157358	0.0130051	0.045019	0.0455404	0.0245286	0.222116	0.0398111	0.00331922	0.0272549
164	0.284291	0.0970124	0.0200748	0.0242833	0.00344515	0.0091263	0.0052444	0.166559	0.00472644	0.0895769	0.0652376	0.00580101	0.00377526	0.0245665	0.00907322	0.031435	0.0484612	0.0854946	0.00321347	0.0186017
165	0.282186	0.0361041	0.0490715	0.0778491	0.0771613	0.0116146	0.0186252	0.06085	0.00797969	0.0732403	0.00467712	0.0287973	0.00247925	0.0134999	0.0331033	0.0321802	0.0109754	0.0142681	0.089074	0.0762641
166	0.114502	0.0015149	0.270511	0.268861	0.00212678	0.0526676	0.0180342	0.00258657	0.0224395	0.0145066	0.00555801	0.0390666	0.00303365	0.0464279	0.0214646	0.0705412	0.031943	0.00915777	0.00328276	0.00177515
167	0.0303749	0.0203884	0.0035859	0.00667134	0.0259411	0.00421416	0.005721	0.413572	0.00714443	0.228347	0.0752353	0.00506256	0.0015472	0.00586385	0.0043263	0.00668659	0.0312265	0.094574	0.0130167	0.0165006
168	0.0209581	0.0068494	0.00786891	0.219394	0.0658929	0.0375356	0.0388884	0.0114226	0.0109763	0.0717888	0.00585299	0.0109529	0.00273562	0.1877	0.012518	0.0143161	0.0145328	0.01051	0.00285235	0.246454
169	0.064227	0.0245899	0.00131329	0.03196	0.00102718	0.00988832	0.0170786	0.0715871	0.0566027	0.400566	0.0589569	0.00539713	0.000468208	0.0379504	0.170407	0.00992075	0.0223345	0.00234615	0.000536678	0.0128424
170	0.0181082	0.00669364	0.00147902	0.00544364	0.0277495	0.00347205	0.00285644	0.109699	0.0053516	0.595616	0.111329	0.00437787	0.00114584	0.00769874	0.0117463	0.00634456	0.0267107	0.0479491	0.000534591	0.00569401
171	0.363302	0.000849494	0.0506555	0.119007	0.00062303	0.0287796	0.020727	0.00709862	0.0490464	0.0191335	0.0094971	0.0452627	0.00118473	0.109964	0.0597747	0.0634397	0.0471462	0.0033383	0.000290396	0.000880194
172	0.36195	0.000570014	0.0527459	0.121666	0.000643069	0.0278224	0.0193685	0.00575525	0.0505363	0.0189408	0.0102756	0.0463855	0.00110485	0.113995	0.0608274	0.0593067	0.0439543	0.00320962	0.000268487	0.000674723
173	0.364295	0.00123691	0.0513067	0.105197	0.00138922	0.0293758	0.0389154	0.00690322	0.0452108	0.0239536	0.00884596	0.0470658	0.00136624	0.103434	0.0596255	0.0660168	0.0395828	0.00393341	0.000584855	0.00176095
174	0.1132	0.00503551	0.160365	0.143149	0.0064458	0.16732	0.0220118	0.00866647	0.0296337	0.0163252	0.00623216	0.0675252	0.0122642	0.0866549	0.0227562	0.0790215	0.0321478	0.0122094	0.00284048	0.00619522
175	0.00802348	0.00446277	0.0013055	0.00242803	0.301204	0.0042597	0.0253858	0.00195354	0.00495045	0.0624342	0.0282924	0.00892625	0.000446564	0.00241311	0.00201529	0.00642489	0.00203259	0.0151732	0.0448555	0.473013
176	0.108173	0.0134258	0.0257863	0.133556	0.0026744	0.0800324	0.0636322	0.0482976	0.0469024	0.0414969	0.00231023	0.0156578	0.00122344	0.210755	0.0798056	0.0314551	0.0366324	0.0542913	0.00113276	0.00275837
177	0.0210851	0.00364514	0.0336502	0.0228183	0.00492623	0.0083789	0.233354	0.00893758	0.0411075	0.0243958	0.0149509	0.0866188	0.00242909	0.215324	0.233592	0.0175789	0.0112759	0.00787189	0.00239987	0.00565953
178	0.0240512	0.00790153	0.00523236	0.0165247	0.253616	0.0140456	0.0312921	0.00783814	0.00939535	0.064123	0.0271703	0.012087	0.00286771	0.0134088	0.0114795	0.0140763	0.0090029	0.0187344	0.0376525	0.419501
179	0.113269	0.0107106	0.0981478	0.224882	0.0130498	0.0590307	0.0299618	0.0229774	0.0370925	0.0387625	0.0121353	0.039678	0.0203305	0.0904703	0.0443389	0.0564184	0.0449072	0.0246645	0.00431399	0.0148586
180	0.016771	0.00334044	0.0013774	0.00331565	0.00823481	0.00538744	0.00151886	0.463124	0.00301457	0.0323546	0.0046942	0.00147438	0.000630288	0.00259317	0.00845776	0.00241334	0.0316293	0.40811	0.00050496	0.00105313
181	0.152322	0.0223174	0.0410856	0.0482504	0.0108971	0.072244	0.0260022	0.0198429	0.0241861	0.0278051	0.00843952	0.0350753	0.0131217	0.0360686	0.0313969	0.261465	0.134823	0.0189678	0.0038784	0.0118116
182	0.313141	0.00776661	0.0231075	0.0325002	0.0126618	0.18979	0.0119434	0.0117626	0.0118648	0.0124509	0.00537221	0.0900782	0.0110754	0.0303679	0.0126374	0.168399	0.029265	0.0161403	0.00209277	0.00758241
183	0.00802348	0.00446277	0.0013055	0.00242803	0.301204	0.0042597	0.0253858	0.00195354	0.00495045	0.0624342	0.0282924	0.00892625	0.000446564	0.00241311	0.00201529	0.00642489	0.00203259	0.0151732	0.0448555	0.473013
184	0.325088	0.0179803	0.00351662	0.016771	0.00758094	0.159335	0.00430163	0.00549649	0.00318853	0.00514774	0.0019243	0.0109863	0.00106764	0.00975507	0.00381124	0.375303	0.0359045	0.00824763	0.000964421	0.00362955
185	0.10456	0.00292512	0.00387539	0.0915921	0.031133	0.00463006	0.00811723	0.0107115	0.0314295	0.0130936	0.00290924	0.00467463	0.0371225	0.361047	0.266626	0.00676935	0.00654402	0.00496639	0.00382597	0.00344816
186	0.247607	0.112184	0.00405499	0.0133325	0.00268928	0.117338	0.00408765	0.00474397	0.00459762	0.00696858	0.00282594	0.00760424	0.00159165	0.00629976	0.0054254	0.418969	0.0309574	0.00464218	0.00136136	0.00271977
187	0.0804807	0.00523264	0.00326998	0.0278824	0.0200508	0.00336731	0.0176294	0.0251726	0.0595633	0.030901	0.00231271	0.00393257	0.00575739	0.230418	0.450694	0.00510409	0.00485958	0.00714352	0.0109405	0.00528686
188	0.0876562	0.0130383	0.0367502	0.06848	0.0241395	0.0396189	0.17368	0.0319097	0.0429347	0.0626219	0.0240722	0.0412524	0.0138258	0.102034	0.0682627	0.0503688	0.0372832	0.0331491	0.00740644	0.0415159
189	0.0789574	0.0114811	0.0974623	0.0624441	0.0181604	0.0858776	0.0312022	0.0284618	0.0357247	0.049876	0.014024	0.205876	0.0091706	0.0572345	0.0457136	0.063649	0.0475861	0.0245668	0.00666417	0.0258676
190	0.0319866	0.00851264	0.00676468	0.0211456	0.00785417	0.00835021	0.0204254	0.160851	0.0346907	0.245391	0.0392047	0.0129412	0.00254729	0.0309462	0.218807	0.037763	0.0166419	0.0830428	0.00386271	0.00827164
191	0.0671538	0.0097091	0.0497598	0.0596301	0.0104614	0.164077	0.0324419	0.0213404	0.0619913	0.0368593	0.0113949	0.140776	0.0251232	0.0553407	0.142921	0.0406161	0.0345272	0.0169297	0.00496719	0.0139805
192	0.0288504	0.00769745	0.00664852	0.01512	0.249323	0.0121386	0.0301094	0.0126771	0.00934128	0.0706272	0.0263704	0.0143975	0.00205961	0.0126194	0.0118671	0.0155538	0.0114357	0.0190695	0.0386887	0.405406
193	0.0698475	0.0154164	0.0186315	0.0388882	0.130029	0.0308582	0.0327724	0.0418718	0.0254649	0.0839508	0.0243258	0.0224251	0.0179495	0.0389061	0.0433464	0.0322496	0.035015	0.0389919	0.0777592	0.181301
