321	20
1	0.0420713	0.0109248	0.00886171	0.0179903	0.0166112	0.0643118	0.0329881	0.00950929	0.192997	0.0150364	0.00755066	0.037189	0.0550087	0.04071	0.323663	0.0846835	0.0161942	0.00769032	0.0101154	0.0058928
2	0.0702392	0.00927657	0.0441275	0.0879972	0.0232905	0.0224942	0.0390307	0.0576735	0.10055	0.0701689	0.0320641	0.0779363	0.0122977	0.0496177	0.072785	0.0746194	0.0783116	0.0664821	0.00318204	0.00785611
3	0.0398978	0.0152933	0.0132574	0.0183764	0.0274139	0.0382714	0.0154516	0.050374	0.122021	0.0937311	0.0272631	0.0269188	0.0108543	0.0233788	0.0956685	0.0437512	0.0315775	0.0409246	0.242242	0.0233333
4	0.0939972	0.0103267	0.00486603	0.00711601	0.00809391	0.026741	0.0104757	0.0191277	0.00921458	0.0359283	0.00953824	0.00939474	0.494742	0.012806	0.00884888	0.113797	0.0873033	0.030614	0.00266828	0.00440071
5	0.0265313	0.0031261	0.360879	0.249385	0.0132786	0.014878	0.0100191	0.00541873	0.0394599	0.00952262	0.00434285	0.107841	0.0365603	0.00303798	0.00338135	0.0603684	0.0267123	0.00638208	0.0018629	0.017012
6	0.025355	0.00575987	0.000425964	0.000831348	0.0597455	0.00401896	0.00144779	0.148237	0.00259556	0.473585	0.122554	0.00309835	0.00262814	0.00490062	0.00212957	0.0155615	0.0132659	0.0999385	0.00330055	0.010621
7	0.0629422	0.003274	0.0238656	0.454042	0.00548266	0.0174044	0.025199	0.013908	0.175507	0.00921868	0.0174053	0.0494034	0.00210173	0.022831	0.0282724	0.0299834	0.0308626	0.0236584	0.00194713	0.00269094
8	0.00650895	0.0454808	0.00132946	0.00165572	0.320018	0.00487045	0.00212581	0.0358084	0.00178196	0.407288	0.0059828	0.00231637	0.021808	0.00219807	0.00182098	0.011933	0.0229622	0.0803116	0.002343	0.0214566
9	0.0126725	0.00517172	0.169903	0.0405927	0.0145747	0.239348	0.00686142	0.00696316	0.0327155	0.0370796	0.00473107	0.157947	0.00649279	0.00774795	0.00892992	0.180041	0.0299256	0.0106248	0.0241152	0.00356216
10	0.0415185	0.0131903	0.00734993	0.0115838	0.0240437	0.0442767	0.00759958	0.107361	0.0704651	0.171853	0.0390627	0.0112737	0.00719001	0.0126964	0.0572687	0.0314496	0.0321474	0.074915	0.225096	0.00965829
11	0.00914898	0.00398317	0.00577039	0.0214762	0.00379279	0.013109	0.0173011	0.0213376	0.309934	0.00800487	0.0197249	0.0537625	0.00636749	0.0572128	0.36917	0.0468868	0.0133051	0.00321221	0.0120262	0.00447446
12	0.0429188	0.00427193	0.00229669	0.000825048	0.0172155	0.00996557	0.0010175	0.291765	0.00188516	0.135371	0.0452484	0.00523839	0.00033668	0.00112213	0.00308966	0.0321286	0.0564959	0.34163	0.00407764	0.00310035
13	0.0509222	0.00529346	0.000274395	0.00023058	0.0228193	0.0112616	0.000322332	0.305388	0.000787878	0.1468	0.0276267	0.00374437	0.000205105	0.00111017	0.00402012	0.0130858	0.0301117	0.370533	0.00299257	0.00247178
14	0.0545747	0.00789306	0.000436716	0.000640717	0.0284292	0.0127983	0.000573897	0.220453	0.00108291	0.265316	0.0362879	0.00286172	0.00100381	0.00179478	0.00293602	0.0170247	0.0240986	0.316094	0.00245508	0.00324509
15	0.291125	0.0232595	0.00494114	0.0065591	0.0131684	0.241355	0.00365927	0.0160744	0.00379873	0.0267719	0.0117253	0.00856073	0.00563209	0.00552279	0.00522008	0.220413	0.0548167	0.0504139	0.00354355	0.00343953
16	0.0675001	0.0258559	0.00109702	0.00233554	0.023103	0.00759563	0.00381939	0.0253452	0.0146174	0.00570383	0.00482326	0.0138282	0.00257614	0.00712713	0.00304977	0.267125	0.480086	0.0290864	0.00160106	0.013724
17	0.0503964	0.00799108	0.000210917	0.000229344	0.032003	0.010188	0.00031457	0.286681	0.000598184	0.166579	0.0319977	0.00277157	0.000167458	0.00116045	0.00361257	0.0128329	0.0271062	0.3604	0.00235223	0.00240681
18	0.0459159	0.00555737	0.000307006	0.000276962	0.0252445	0.00952311	0.000274739	0.315557	0.00066854	0.158033	0.0273174	0.00301846	0.000182535	0.00107242	0.00353712	0.0119188	0.0264192	0.360254	0.00242915	0.00249292
19	0.270012	0.0194018	0.000867061	0.0045336	0.0529936	0.120713	0.00092324	0.0696953	0.00100844	0.125749	0.0182699	0.00373398	0.00216831	0.00309194	0.00152937	0.0688285	0.069578	0.155277	0.00756232	0.00406377
20	0.0465278	0.0439795	0.00184289	0.00343392	0.183526	0.0228206	0.00496499	0.127538	0.00528321	0.240832	0.0484914	0.00469856	0.00359226	0.00604179	0.00697696	0.0779521	0.0377915	0.109407	0.00528225	0.0190177
21	0.0318788	0.0175703	0.000386047	0.000659076	0.0796254	0.006401	0.000965242	0.153166	0.00130948	0.43824	0.0729455	0.00204636	0.00322285	0.00385369	0.00128773	0.0162247	0.0141913	0.143932	0.00357578	0.00851896
22	0.151555	0.00722452	0.00545298	0.00800824	0.00754541	0.621653	0.00561129	0.0105377	0.00438266	0.0180218	0.00524708	0.00802536	0.00223994	0.00513134	0.00809033	0.0615289	0.027331	0.0361499	0.00369355	0.00257093
23	0.341475	0.0346274	0.00389989	0.00298396	0.00670943	0.0444864	0.00478964	0.00432252	0.00210611	0.010302	0.0118277	0.00749056	0.00534632	0.00235191	0.00222481	0.403994	0.0766789	0.0305779	0.00125895	0.0025467
24	0.322794	0.02451	0.00504699	0.0056719	0.0158753	0.0355708	0.00459764	0.0317116	0.00294201	0.0244018	0.0385863	0.00719918	0.00894897	0.00529084	0.00457565	0.317052	0.0733082	0.0654944	0.0022117	0.00421057
25	0.0169697	0.0688747	0.00117023	0.00147989	0.281652	0.0119503	0.00243324	0.0715224	0.00214339	0.339967	0.0155341	0.00213329	0.0116122	0.00375767	0.00263709	0.0342372	0.0267187	0.0868794	0.00348109	0.0148465
26	0.275076	0.0422254	0.00437468	0.00752284	0.0190729	0.154014	0.00449029	0.01869	0.00498267	0.0427633	0.0123856	0.0101798	0.0102256	0.00691042	0.00611099	0.24934	0.0637563	0.0598571	0.00420696	0.00381483
27	0.128262	0.0373777	0.000982686	0.0077748	0.0102014	0.0103122	0.00909347	0.0284721	0.00446502	0.00950452	0.00974158	0.133689	0.0102343	0.00356852	0.00735614	0.315462	0.245091	0.0239074	0.00181162	0.00269346
28	0.0679257	0.0069308	0.000288023	0.000516685	0.026712	0.0138627	0.000423908	0.284256	0.00096611	0.155111	0.0296649	0.00320967	0.000657556	0.00135904	0.00390627	0.0150433	0.0313613	0.352346	0.0027608	0.00269744
29	0.072585	0.00501999	0.0131032	0.0116567	0.00388748	0.685209	0.0134248	0.00588711	0.0252326	0.00988186	0.00403007	0.0161003	0.00641045	0.0131884	0.0408495	0.043549	0.012447	0.0121966	0.00333044	0.00201075
30	0.0528913	0.00358852	0.0415144	0.0174063	0.00383095	0.659726	0.0166466	0.00379883	0.0275074	0.0127472	0.00269194	0.0318965	0.00314883	0.0165489	0.021466	0.0487765	0.0146626	0.0116481	0.00700173	0.00250111
31	0.051127	0.00651259	0.023929	0.0080918	0.0188434	0.0181614	0.00604083	0.222036	0.0116679	0.0857008	0.068973	0.00891736	0.00446767	0.00699297	0.00981205	0.0736007	0.120303	0.238079	0.0100016	0.00674118
32	0.0583845	0.00514048	0.0164765	0.0123011	0.00362033	0.717747	0.0148203	0.00474963	0.0234108	0.00947704	0.00264354	0.0151385	0.0036947	0.0137677	0.0349527	0.0357657	0.010579	0.00968166	0.00543328	0.00221554
33	0.0728631	0.00316403	0.00963594	0.00754384	0.0032982	0.771331	0.0074716	0.00366271	0.00984917	0.00821772	0.00292433	0.0114934	0.00221109	0.00447039	0.0159481	0.0384529	0.0105467	0.0128071	0.00293853	0.0011704
34	0.065272	0.00505291	0.034798	0.0149405	0.00591964	0.651115	0.00947998	0.0103573	0.0159524	0.0160363	0.0051761	0.0273743	0.00452755	0.0095855	0.0143277	0.0517079	0.0195334	0.0273783	0.00819977	0.00326552
35	0.162997	0.0108539	0.00693113	0.0114156	0.0228015	0.404487	0.00629782	0.0284608	0.00861657	0.0582471	0.0127392	0.0116851	0.00466298	0.0104801	0.00796797	0.0605029	0.0643042	0.0661376	0.0360251	0.00438607
36	0.0384625	0.042014	0.000676812	0.00129234	0.169623	0.0172387	0.00269557	0.142967	0.00206089	0.290989	0.0459205	0.00166171	0.003272	0.0050748	0.00314858	0.053501	0.0312376	0.135978	0.00277184	0.00941387
37	0.0146764	0.034465	0.00117717	0.00208006	0.293162	0.00422721	0.0371783	0.0384458	0.00303985	0.047178	0.00666632	0.0120751	0.00565917	0.00935911	0.00260314	0.0187599	0.0210075	0.0103794	0.031316	0.406544
38	0.0504744	0.00622315	0.000294978	0.000310413	0.0253908	0.0106133	0.000374614	0.296939	0.00086789	0.157816	0.0311699	0.00338603	0.000199721	0.00113225	0.00404734	0.0130479	0.0288624	0.363278	0.00292164	0.00264978
39	0.0712266	0.00939	0.00300976	0.00448712	0.0068739	0.022426	0.0101596	0.0191829	0.00524888	0.0347563	0.00787977	0.00649756	0.546871	0.00593683	0.00364083	0.119589	0.0913398	0.0259174	0.00208212	0.00348503
40	0.0496772	0.00930046	0.000805946	0.0033139	0.0444917	0.0150361	0.00236037	0.191416	0.00609622	0.318745	0.0802708	0.00299856	0.00151159	0.0036068	0.00678761	0.020484	0.025317	0.208457	0.00414531	0.0051782
41	0.0227865	0.0210487	0.0011688	0.0015335	0.149034	0.00655042	0.00448661	0.112135	0.00534796	0.379229	0.0889747	0.00738759	0.00529153	0.00423834	0.00930207	0.0205862	0.0242176	0.0826358	0.00971254	0.0443332
42	0.112515	0.0431862	0.00169069	0.0107314	0.015733	0.00683149	0.00336211	0.0488416	0.00539281	0.00955513	0.0205917	0.1836	0.0171588	0.00414088	0.0157696	0.176503	0.279315	0.039584	0.0020705	0.00342595
43	0.0393211	0.0105348	0.000883602	0.00183255	0.0563625	0.00910957	0.00164269	0.208106	0.00314978	0.321015	0.0630701	0.00328387	0.00231112	0.00304503	0.00453282	0.017687	0.0216514	0.221252	0.0040832	0.00712671
44	0.0454562	0.00663802	0.000243948	0.000243254	0.0253427	0.00928895	0.00025219	0.296932	0.000613522	0.186367	0.032967	0.00282493	0.000198463	0.00102055	0.00320914	0.0110545	0.0237812	0.348498	0.00242823	0.00263984
45	0.0487267	0.00938953	0.000217681	0.000249988	0.0313212	0.00959764	0.000340578	0.268421	0.000604514	0.194003	0.0384081	0.00257845	0.000208168	0.00100094	0.00317891	0.0113409	0.023397	0.352266	0.00230279	0.00244723
46	0.0504453	0.0402015	0.0441096	0.0388784	0.012786	0.165246	0.0316708	0.0489916	0.0811274	0.0671055	0.0195985	0.0626166	0.0154547	0.0764752	0.102207	0.0629963	0.0386755	0.0267848	0.00674317	0.0078861
47	0.018838	0.0399408	0.00166373	0.00323131	0.310489	0.00829243	0.0195434	0.0526216	0.00476582	0.172984	0.0262436	0.0107385	0.00631999	0.00526265	0.00682315	0.0193266	0.0286106	0.0338764	0.0255176	0.204911
48	0.0257202	0.00341639	0.336448	0.232073	0.0150868	0.0304047	0.0153098	0.00582677	0.0326886	0.0112902	0.00482247	0.141019	0.0218235	0.00703867	0.00763968	0.0557593	0.0218866	0.00665421	0.00281136	0.0222802
49	0.338424	0.00521298	0.00215998	0.022763	0.00866639	0.0112223	0.00367715	0.0171697	0.00414182	0.0311304	0.0364009	0.0120065	0.115019	0.0840164	0.00700834	0.045425	0.151268	0.0962083	0.00332959	0.00475087
50	0.018768	0.00564128	0.0163781	0.0231923	0.00670964	0.0313315	0.0310211	0.0164049	0.282319	0.0137578	0.0134856	0.0493285	0.0168381	0.0494205	0.329518	0.0584396	0.0172044	0.00536956	0.00970728	0.00516495
51	0.0534281	0.0238417	0.00253113	0.00498178	0.0286768	0.00774477	0.00397854	0.0285983	0.0266255	0.0109415	0.00840773	0.0150297	0.00451306	0.00939839	0.00596335	0.225309	0.489387	0.0314269	0.00255241	0.0166644
52	0.413033	0.0274421	0.00672984	0.00169911	0.00948267	0.0238701	0.00322367	0.00419359	0.0019493	0.00946612	0.0126284	0.00369494	0.00206606	0.00197349	0.00164841	0.403543	0.0474719	0.0222953	0.00122531	0.00236374
53	0.313265	0.00480195	0.00173698	0.00794921	0.0275454	0.0257792	0.00218428	0.102286	0.00257935	0.0277452	0.0281893	0.00700759	0.0356219	0.0203324	0.00540431	0.0855397	0.15147	0.139777	0.00332123	0.0074638
54	0.239209	0.0177493	0.00507295	0.0115609	0.0161165	0.0389221	0.00650021	0.0417771	0.00921032	0.0309985	0.0227233	0.0179855	0.165929	0.0214303	0.00905518	0.139892	0.101752	0.0933194	0.00452517	0.00627021
55	0.0261685	0.00525729	0.000434464	0.00091586	0.060707	0.00386171	0.00191607	0.147893	0.00297794	0.465641	0.131475	0.00312995	0.00252633	0.00469979	0.00266827	0.0155757	0.0149703	0.0959811	0.00303841	0.0101624
56	0.194467	0.0285002	0.0119815	0.00878241	0.0203751	0.0468949	0.0102392	0.024548	0.0125091	0.0362395	0.0161211	0.0300676	0.0261459	0.0101403	0.00987917	0.363285	0.103967	0.0347948	0.00403138	0.00703037
57	0.0971856	0.0130642	0.0302992	0.0453662	0.0106886	0.0227558	0.0259543	0.0490369	0.0960314	0.0534118	0.0348477	0.0944402	0.0145934	0.0451189	0.0722719	0.121354	0.106595	0.058266	0.00211833	0.00660081
58	0.0689879	0.0699636	0.00248165	0.00335667	0.167935	0.0355068	0.00630157	0.102835	0.00599584	0.182385	0.0324502	0.00820986	0.00738199	0.00860223	0.00993003	0.0860842	0.0485609	0.128863	0.00636249	0.0178069
59	0.0639244	0.0130908	0.00564144	0.00654904	0.0483636	0.017993	0.00812981	0.144113	0.0101405	0.125535	0.123293	0.012048	0.00503307	0.00624293	0.00998645	0.0606038	0.129168	0.192786	0.00705244	0.0103053
60	0.0481821	0.0065264	0.000529533	0.000471464	0.0268608	0.0105764	0.000602147	0.296848	0.00102245	0.159102	0.0325191	0.00338006	0.000328529	0.00117266	0.00370442	0.0165454	0.0310421	0.354591	0.00295216	0.0030426
61	0.0377242	0.0210446	0.00485699	0.00815972	0.145516	0.0143144	0.0102811	0.033164	0.00877078	0.0813451	0.153914	0.0189922	0.00608524	0.00736032	0.0102983	0.0313522	0.291781	0.0929046	0.0071342	0.0150012
62	0.0821821	0.00252611	0.00687875	0.00659221	0.00282111	0.784411	0.00624902	0.00311329	0.00507541	0.0059076	0.0019518	0.00818688	0.000883574	0.00311167	0.00963841	0.0437195	0.00942269	0.0139305	0.00243277	0.000965489
63	0.209061	0.0113043	0.00484963	0.0124933	0.0106677	0.428986	0.00460663	0.0144399	0.00468375	0.0240001	0.00957089	0.0131865	0.00556799	0.0234954	0.0068406	0.0517625	0.0724179	0.0782179	0.00885427	0.00499352
64	0.363354	0.0355835	0.00515395	0.00159883	0.00704016	0.0279672	0.00369367	0.00294015	0.00147371	0.00874986	0.015385	0.00449159	0.00269665	0.00190431	0.00167953	0.425193	0.0612112	0.0264845	0.00114184	0.00225719
65	0.255232	0.0193056	0.000516513	0.00318118	0.0593447	0.106113	0.000634928	0.0820363	0.00104663	0.1196	0.0168561	0.0026354	0.00151333	0.00217951	0.00095453	0.0588438	0.0711109	0.188676	0.0069124	0.00330757
66	0.324038	0.0334233	0.00313931	0.00131893	0.00450625	0.0295421	0.00624749	0.00300809	0.00161913	0.00738897	0.00841841	0.0102656	0.00141493	0.00197587	0.00150669	0.430755	0.103274	0.0250844	0.000963542	0.00210941
67	0.166702	0.0352523	0.00139914	0.00509629	0.00816135	0.0141416	0.0103866	0.0188829	0.00425992	0.0098152	0.00698625	0.0911712	0.00603639	0.00350374	0.00482041	0.380863	0.208161	0.0205458	0.00122021	0.00259517
68	0.055437	0.00816885	0.000241631	0.000330588	0.0349562	0.0112152	0.0006753	0.274804	0.000824631	0.164911	0.0342798	0.00275294	0.000224375	0.00109502	0.00405017	0.0136046	0.0287255	0.358358	0.00263097	0.00271465
69	0.0338771	0.0584854	0.00249684	0.00371242	0.233446	0.0178657	0.0123064	0.0850492	0.00754309	0.17819	0.0652749	0.0109671	0.00225214	0.00326513	0.0174497	0.0247429	0.0436432	0.0477297	0.0429845	0.10872
70	0.017644	0.0526764	0.00143316	0.00223015	0.219841	0.00385394	0.0514164	0.0416957	0.0033953	0.0515927	0.00908183	0.0181712	0.00522062	0.00870847	0.00531254	0.0186483	0.023136	0.0170984	0.0536977	0.395146
71	0.101639	0.0855018	0.0133762	0.0136796	0.0203374	0.0241582	0.0090713	0.0322926	0.0106673	0.0223897	0.0135349	0.155597	0.0126654	0.00965506	0.0113926	0.265688	0.156237	0.0288419	0.00562093	0.00765399
72	0.0316978	0.00668771	0.000399219	0.00133812	0.054189	0.00455008	0.00211154	0.151744	0.00382196	0.454525	0.117235	0.00280577	0.00230176	0.00438803	0.00300121	0.0148668	0.0137918	0.118451	0.0034625	0.00863169
73	0.0452561	0.0110631	0.00227966	0.0148499	0.0177325	0.0653749	0.025184	0.00907254	0.197022	0.0133353	0.007103	0.0354859	0.0513665	0.0391932	0.345537	0.0855007	0.0132116	0.00627358	0.0104434	0.00471471
74	0.0202237	0.0117807	0.00506764	0.00747019	0.0813706	0.0130409	0.00663142	0.0173952	0.00950621	0.197005	0.0476042	0.0142369	0.00548211	0.232269	0.174501	0.0605663	0.0220091	0.0603528	0.0059124	0.00757496
75	0.0463336	0.0119956	0.00348112	0.0168458	0.0149312	0.0655301	0.0257043	0.00959081	0.203869	0.0143354	0.00772775	0.0387241	0.0464862	0.039402	0.331998	0.0866828	0.0141113	0.00637019	0.0110383	0.00484247
76	0.0414587	0.00784257	0.102404	0.0642781	0.00597368	0.105257	0.0722368	0.0161015	0.135292	0.0375258	0.0101431	0.0648361	0.0157568	0.0894631	0.0987068	0.0680933	0.0414137	0.0131986	0.00252225	0.00749585
77	0.0620845	0.0110682	0.00436151	0.00525094	0.00927308	0.0231142	0.0106915	0.0214615	0.00845433	0.0522247	0.0119355	0.00839328	0.519439	0.00660502	0.00665449	0.126255	0.0791754	0.0245682	0.00440705	0.00458295
78	0.0591187	0.0474118	0.00225629	0.00506375	0.0348897	0.00830711	0.00464027	0.0470747	0.0290336	0.0115906	0.00778458	0.0201342	0.00485542	0.0208466	0.00540142	0.273856	0.364883	0.0381442	0.00306623	0.0116419
79	0.0327086	0.0151608	0.0159661	0.0127262	0.0516125	0.021363	0.00643372	0.123953	0.048056	0.319427	0.0818181	0.00868109	0.00810556	0.0119206	0.0673542	0.0473745	0.0404816	0.0555637	0.0253971	0.00589634
80	0.0268904	0.00332386	0.351942	0.263301	0.0162925	0.0188954	0.0141406	0.00525789	0.0262402	0.00845498	0.00422416	0.142321	0.0220591	0.00270872	0.00325009	0.0381023	0.0195799	0.00626783	0.00165938	0.0250893
81	0.0748636	0.00583948	0.00363739	0.0208771	0.0461093	0.0141233	0.0127568	0.12289	0.0457222	0.282093	0.134029	0.00576553	0.00242768	0.0106201	0.0368333	0.0355719	0.03677	0.0992954	0.00673832	0.00303602
82	0.0639842	0.00835872	0.00193814	0.00356894	0.00641175	0.0225952	0.00960907	0.0185912	0.00461418	0.0388265	0.00706677	0.00597733	0.559129	0.00437919	0.00320453	0.128199	0.0854315	0.0222885	0.00231409	0.00351252
83	0.034107	0.0089148	0.000288567	0.00046352	0.0457491	0.00570191	0.000726436	0.172479	0.00107803	0.438524	0.0818245	0.00219511	0.00193312	0.00324447	0.00120712	0.0109432	0.0109074	0.16803	0.00391298	0.00776906
84	0.0342751	0.00868261	0.00149658	0.00281114	0.0547605	0.00745838	0.00299687	0.171594	0.0077589	0.374324	0.102953	0.00422381	0.00380993	0.00436249	0.00932569	0.0249176	0.0316074	0.137275	0.00609116	0.00927617
85	0.0362196	0.00779562	0.230967	0.0895151	0.0178876	0.0806776	0.0217653	0.0151266	0.0535115	0.0354726	0.00976278	0.106335	0.0163213	0.027032	0.0279646	0.151723	0.0373827	0.0149123	0.010439	0.00918842
86	0.0156701	0.0380366	0.00132008	0.00286713	0.22564	0.00472213	0.0536692	0.0338142	0.00390651	0.0447624	0.00736388	0.0147514	0.0088955	0.0159281	0.00408332	0.0288672	0.0232419	0.013263	0.0367835	0.422414
87	0.0392464	0.00651686	0.121334	0.092119	0.0067455	0.0986336	0.0601394	0.0155679	0.136683	0.03259	0.0106691	0.0754074	0.0147498	0.071868	0.0907982	0.0644453	0.0381001	0.0137036	0.00265155	0.00803096
88	0.0503968	0.00971522	0.00067597	0.00115817	0.0497165	0.0114061	0.00144483	0.188985	0.00286231	0.349801	0.0691371	0.00263822	0.00175147	0.00329434	0.00384572	0.0179701	0.0213529	0.203069	0.00399132	0.00678727
89	0.212663	0.00683447	0.00263248	0.00494935	0.0273414	0.0224882	0.00232223	0.144014	0.00280624	0.0797953	0.0474423	0.00782908	0.0107946	0.0128225	0.0057215	0.0474176	0.0972903	0.255324	0.00461427	0.00489741
90	0.0384955	0.00682178	0.000792799	0.00257742	0.0494894	0.00597377	0.0032033	0.149096	0.00550715	0.416249	0.120527	0.00295871	0.00188	0.00392293	0.00440848	0.0167529	0.0212522	0.139634	0.00347654	0.00698235
91	0.0422331	0.00637263	0.000622491	0.000765498	0.0362071	0.00969609	0.000871834	0.260535	0.00194245	0.24194	0.047665	0.00333556	0.00129255	0.00212643	0.0039981	0.0177006	0.0317612	0.28288	0.0034638	0.0045903
92	0.0277861	0.00794027	0.000828547	0.00136759	0.0722616	0.00466121	0.00261731	0.147077	0.00489196	0.441525	0.126989	0.00304632	0.00312313	0.00469326	0.00468388	0.0213457	0.0185645	0.0922667	0.0041096	0.0102216
93	0.0241395	0.00691393	0.0155257	0.232876	0.0215437	0.0309955	0.0281145	0.0395742	0.0417822	0.0475781	0.00893115	0.0231696	0.00462265	0.314839	0.0173497	0.0226824	0.0552728	0.0266362	0.0202165	0.0172369
94	0.0665611	0.0125408	0.00380403	0.00459227	0.0105571	0.023931	0.010465	0.0195533	0.0082173	0.0370319	0.00694792	0.00763793	0.539875	0.00703825	0.00776678	0.11806	0.081818	0.0257197	0.00313865	0.00474413
95	0.0453942	0.0617946	0.00549441	0.0106529	0.0995917	0.0171064	0.011177	0.0386082	0.0113748	0.071164	0.128673	0.0688222	0.00790922	0.00882289	0.0191352	0.0482563	0.186909	0.120669	0.0117184	0.0267264
96	0.029989	0.00818144	0.00135963	0.00276474	0.0568396	0.00671982	0.00368031	0.136193	0.00889178	0.433569	0.130756	0.00461027	0.00404018	0.00577902	0.00997275	0.0242543	0.0272852	0.0903749	0.00656735	0.008172
97	0.0262544	0.00557418	0.000491904	0.000962165	0.0595548	0.00395102	0.00191116	0.145605	0.00345395	0.467574	0.13047	0.00313788	0.00250248	0.00476312	0.00288156	0.016013	0.0149694	0.0969364	0.00332138	0.00967246
98	0.033434	0.00770525	0.000933874	0.00236508	0.0516357	0.00618023	0.00256762	0.150802	0.00514867	0.423625	0.116203	0.00334043	0.00241091	0.00427103	0.00495109	0.0178059	0.0203412	0.134453	0.00382707	0.00799895
99	0.0727087	0.00204392	0.00834916	0.0072953	0.00265952	0.789693	0.00802059	0.0036718	0.00715232	0.00630989	0.00211243	0.0102157	0.0014493	0.00371706	0.0134646	0.0358537	0.00911101	0.0123203	0.00279531	0.00105643
100	0.0604203	0.00694199	0.000568007	0.000663584	0.0266035	0.0162073	0.00057434	0.286008	0.00148385	0.144078	0.029891	0.00381851	0.000907263	0.00146908	0.00424984	0.0196099	0.0342812	0.356607	0.0029926	0.00262502
101	0.109048	0.0237373	0.00383792	0.0057475	0.0237305	0.0179098	0.00644215	0.0590953	0.0116727	0.0271914	0.0249358	0.0229642	0.00620526	0.0076507	0.0061411	0.249839	0.301131	0.0783484	0.00370415	0.0106681
102	0.0440114	0.00572631	0.000342307	0.000313133	0.0245937	0.00922815	0.000310671	0.304389	0.000747044	0.183003	0.0317053	0.00296367	0.000357601	0.00108409	0.00316936	0.0118511	0.025118	0.345982	0.0023444	0.0027597
103	0.0739402	0.00244589	0.00838465	0.00706842	0.00325353	0.78455	0.00725195	0.00428101	0.00712154	0.00698706	0.00269622	0.00987556	0.00128231	0.00379212	0.0133764	0.0363945	0.0100973	0.0132125	0.00265684	0.00133234
104	0.0721725	0.0103801	0.00173228	0.00345339	0.038756	0.0232946	0.00252634	0.234309	0.00438056	0.166831	0.0378738	0.00630824	0.00217481	0.00497433	0.00653294	0.0325628	0.0451196	0.296581	0.00489551	0.00514198
105	0.128795	0.00228466	0.00536301	0.00848072	0.028103	0.0257577	0.00232823	0.183007	0.00201788	0.0568871	0.0639996	0.00266558	0.00561467	0.00154429	0.0028857	0.131264	0.155844	0.18315	0.00444148	0.0055662
106	0.0115249	0.08458	0.00210805	0.00274924	0.258196	0.00716433	0.00243619	0.0418682	0.00293842	0.420371	0.0120108	0.00291003	0.0144496	0.00429199	0.00351792	0.0205677	0.0237614	0.0654355	0.00350795	0.0156111
107	0.111082	0.0289063	0.0403436	0.0175843	0.0143865	0.0358055	0.0128321	0.0219522	0.0158752	0.0232333	0.0118126	0.120458	0.00946932	0.00836526	0.0136072	0.345466	0.13456	0.0227804	0.00531653	0.00616321
108	0.0494387	0.00580025	0.000450195	0.000548756	0.0249018	0.0108723	0.000534452	0.298829	0.00133195	0.150999	0.0288183	0.00359459	0.000388884	0.00137087	0.00587491	0.0135611	0.0294759	0.367605	0.00297597	0.00262804
109	0.041238	0.00817664	0.000333686	0.00035731	0.0274224	0.008169	0.000625808	0.249279	0.000946088	0.256188	0.0567943	0.00284917	0.000590754	0.00138667	0.00272985	0.011649	0.0216983	0.303347	0.00275211	0.00346733
110	0.0422803	0.0175964	0.000755302	0.0022534	0.0951847	0.0100177	0.00323501	0.17296	0.00488931	0.311134	0.0811408	0.00319027	0.00205762	0.00388399	0.00642428	0.0262471	0.0288438	0.170718	0.00459642	0.0125914
111	0.0658519	0.00763718	0.00155475	0.00272497	0.00492189	0.0221089	0.00932936	0.0164311	0.00329324	0.0311557	0.0050838	0.00386755	0.58478	0.00349638	0.00240278	0.125722	0.0832003	0.0217639	0.00193761	0.00273749
112	0.0258367	0.00353546	0.347856	0.258958	0.0172647	0.0218673	0.0137504	0.00529904	0.0252129	0.00900533	0.00420458	0.146579	0.0206545	0.00268564	0.00311609	0.0395927	0.0193507	0.00651808	0.00198254	0.0267308
113	0.0444256	0.0181527	0.00654513	0.00857308	0.0501468	0.0302193	0.0120286	0.120514	0.0379282	0.14044	0.0358875	0.0131866	0.0077646	0.0100998	0.0299257	0.0315644	0.0410787	0.0855345	0.229399	0.0465857
114	0.0269197	0.00693622	0.00053128	0.00155356	0.0573511	0.00465705	0.00148082	0.147477	0.00420809	0.469588	0.112201	0.00346922	0.00265045	0.00650577	0.00357745	0.016993	0.0142136	0.106125	0.00387675	0.00968381
115	0.0452721	0.00524228	0.000362575	0.000282639	0.0231594	0.00946082	0.000315714	0.320019	0.000754372	0.157558	0.0279028	0.00314692	0.00022455	0.00105755	0.0035154	0.0120052	0.0267293	0.357703	0.00258136	0.00270685
116	0.0505158	0.00676086	0.00221592	0.00314531	0.0281	0.0132746	0.00203998	0.273232	0.00424387	0.166424	0.0450778	0.00528094	0.00204738	0.00359629	0.00638137	0.030113	0.0647893	0.282695	0.00529636	0.00477068
117	0.0510039	0.00593037	0.000277352	0.000240115	0.0258008	0.0105789	0.00031784	0.302828	0.000712851	0.15044	0.0284472	0.00333978	0.000165534	0.00113342	0.00382775	0.0134395	0.0298775	0.366656	0.00264174	0.00234127
118	0.0287039	0.0325658	0.00248686	0.00281404	0.100966	0.0106668	0.00346758	0.125541	0.00869306	0.379028	0.0852262	0.00418875	0.00516684	0.0170555	0.0142058	0.0373827	0.0350489	0.0873784	0.00861597	0.0107973
119	0.0244942	0.0283556	0.00104025	0.00150379	0.190038	0.008549	0.00325145	0.111019	0.00346958	0.379896	0.0450855	0.00266462	0.0105934	0.00433949	0.00397962	0.026593	0.028704	0.10375	0.00457567	0.0180973
120	0.0789163	0.0116821	0.000926756	0.00150427	0.0492835	0.0211942	0.00100959	0.247928	0.00165731	0.160241	0.0341284	0.00307841	0.00134078	0.00227643	0.00398846	0.0340008	0.0426148	0.29812	0.00316931	0.00293966
121	0.0500728	0.00536503	0.00038353	0.000247164	0.0233072	0.0107625	0.000314266	0.307094	0.000852836	0.147669	0.0279657	0.00355479	0.00018122	0.00107186	0.00389139	0.0135282	0.0303443	0.367937	0.00287732	0.00257928
122	0.0394044	0.0399431	0.00123668	0.00241126	0.181855	0.0146155	0.00973272	0.144091	0.00290632	0.228327	0.0424696	0.00219538	0.00358514	0.00456234	0.00616518	0.0552094	0.0523296	0.15637	0.00322361	0.00936838
123	0.0266116	0.057006	0.00133262	0.00175584	0.190775	0.0164329	0.00242067	0.106315	0.00427635	0.341632	0.0336615	0.00240186	0.00635233	0.0057849	0.00478645	0.0624415	0.028454	0.0949441	0.00401073	0.00860461
124	0.0364554	0.00852093	0.000485696	0.00103799	0.053639	0.00955262	0.00117091	0.175205	0.00218013	0.421508	0.0773897	0.00237224	0.00199931	0.00356629	0.00270021	0.016257	0.0167929	0.15719	0.00392596	0.00805023
125	0.251024	0.0182743	0.000883945	0.00390002	0.0669235	0.123099	0.000822754	0.059857	0.0015187	0.119933	0.0180092	0.00374292	0.00151911	0.00313402	0.00143278	0.06561	0.0640857	0.18131	0.0119783	0.00294153
126	0.242463	0.0302416	0.00224406	0.00274701	0.00599182	0.0221806	0.0160765	0.00963621	0.00327724	0.0108645	0.00696896	0.0291954	0.00286735	0.00485186	0.00274027	0.410457	0.17017	0.0227365	0.00130684	0.00298293
127	0.164882	0.00574491	0.00240834	0.00463575	0.0575959	0.0211838	0.00227451	0.138573	0.0035216	0.0289159	0.037039	0.00573126	0.0155537	0.00320649	0.00498431	0.14258	0.217283	0.126113	0.00262525	0.0151488
128	0.00991697	0.00420707	0.00561611	0.0195221	0.00419838	0.0134862	0.0176659	0.0215164	0.313038	0.00845471	0.0194507	0.054442	0.0071472	0.052917	0.37028	0.0465936	0.0127652	0.00324486	0.0111967	0.00434104
129	0.270956	0.032327	0.00261675	0.00128729	0.00461611	0.0248596	0.00899735	0.00408759	0.00191246	0.00817942	0.00643607	0.0180084	0.00112916	0.00213389	0.0015224	0.459097	0.128908	0.0199479	0.000975575	0.00200172
130	0.0277229	0.0724782	0.00342716	0.00437456	0.25565	0.0136354	0.0147266	0.0599091	0.00822935	0.148773	0.0620959	0.0165155	0.00253937	0.00282748	0.0215858	0.0230914	0.0571306	0.0416204	0.039343	0.124324
131	0.0206077	0.0468173	0.00513815	0.00716135	0.17429	0.0146162	0.0217493	0.0189893	0.0341322	0.165498	0.0871487	0.0512946	0.00343965	0.00470186	0.0585456	0.0454134	0.0324743	0.0447011	0.0227536	0.140528
132	0.0343973	0.01766	0.0141011	0.0260041	0.00664066	0.0250558	0.0178347	0.0280891	0.269487	0.0225505	0.033535	0.0631465	0.0119482	0.0549441	0.276006	0.0521299	0.0206057	0.0129449	0.00774728	0.00517149
133	0.0746896	0.00139324	0.00689941	0.00630552	0.00158157	0.814926	0.00630568	0.00178751	0.0051323	0.00302768	0.00146366	0.00767733	0.000675582	0.00244983	0.010189	0.0350661	0.00692347	0.0103544	0.0022951	0.000857303
134	0.0513461	0.00713944	0.000241441	0.000222753	0.0302762	0.0105116	0.000272476	0.294337	0.000639766	0.153986	0.0291328	0.00299352	0.00015612	0.00116883	0.00378707	0.013138	0.0283852	0.367593	0.00240954	0.00226383
135	0.0386015	0.0209016	0.118699	0.0750532	0.00799591	0.0967059	0.0572506	0.0255929	0.127513	0.04856	0.0104529	0.0510784	0.012316	0.0987498	0.086196	0.0646697	0.0367349	0.0120034	0.00324366	0.00768169
136	0.113121	0.0135007	0.0117621	0.02422	0.0278162	0.0191648	0.0169527	0.0984524	0.0570855	0.091243	0.0532975	0.0276917	0.0107799	0.0493266	0.0740114	0.0470631	0.127614	0.10434	0.00510323	0.0274545
137	0.0292879	0.0435725	0.00449441	0.00761157	0.157498	0.0172066	0.027538	0.0521191	0.0166482	0.118383	0.0290377	0.016601	0.0063928	0.0103785	0.0172983	0.0245123	0.0322415	0.034136	0.150506	0.204536
138	0.00972579	0.00522694	0.00572258	0.0192286	0.00369528	0.0129287	0.0172805	0.0202491	0.326291	0.00846903	0.0195191	0.0586107	0.00625097	0.0524623	0.356269	0.0465472	0.0128244	0.00326359	0.011067	0.00436808
139	0.0705757	0.00934903	0.0455453	0.0584088	0.00691136	0.0314403	0.0338537	0.0524348	0.134274	0.0583149	0.0329556	0.0758273	0.0130723	0.0691659	0.114333	0.0835903	0.0606503	0.0410657	0.00198675	0.00624455
140	0.053571	0.00715275	0.0833579	0.30932	0.0159921	0.0265121	0.0256221	0.0267879	0.0886341	0.0342232	0.0159118	0.05751	0.0108979	0.0865888	0.0275114	0.0403545	0.0406897	0.0303537	0.00670867	0.0123007
141	0.160648	0.033773	0.00172529	0.00441348	0.00772753	0.0141933	0.0116693	0.0172941	0.00484533	0.0107745	0.00631149	0.072835	0.00585138	0.00437325	0.00375042	0.422049	0.194823	0.0186508	0.00152074	0.00277127
142	0.0657296	0.00849396	0.00545857	0.0304695	0.0228064	0.0308073	0.0108642	0.176123	0.0648461	0.183457	0.06377	0.0157329	0.00513715	0.02806	0.070586	0.0215936	0.0486323	0.133213	0.00718758	0.00703177
143	0.0686417	0.00513929	0.00361373	0.0204406	0.0484058	0.0145156	0.0109225	0.12792	0.0418496	0.287745	0.141293	0.00501415	0.00228831	0.0106007	0.0348809	0.0347895	0.0389135	0.0941767	0.00619942	0.00264881
144	0.0778717	0.00975329	0.0398577	0.0516777	0.00866918	0.0236555	0.0293702	0.0579287	0.118581	0.0729964	0.0428261	0.082591	0.0131491	0.0614255	0.0990773	0.0903725	0.0611295	0.0515739	0.00144367	0.00605002
145	0.0782875	0.0112405	0.00164081	0.00346878	0.00533754	0.0308621	0.00744839	0.0226038	0.00359346	0.0305979	0.00724235	0.00615505	0.513674	0.00466533	0.00316476	0.132849	0.101377	0.0303952	0.00203836	0.00335724
146	0.0390591	0.00784593	0.000263727	0.000369159	0.0346461	0.00733516	0.000465333	0.234328	0.000605973	0.31431	0.0556485	0.00248407	0.000950801	0.00187839	0.00204572	0.0102151	0.0161958	0.263241	0.00306876	0.00504363
147	0.016251	0.0202671	0.00643872	0.00433047	0.0349157	0.0116238	0.00295328	0.101527	0.0390959	0.408561	0.098941	0.00614522	0.0144306	0.0045076	0.0559575	0.0536365	0.037232	0.0373495	0.0433853	0.0024503
148	0.0317693	0.00829424	0.132	0.0701514	0.0060017	0.129416	0.0809909	0.00642003	0.138994	0.0314774	0.00154228	0.0522168	0.0141692	0.0993806	0.087512	0.0606534	0.0350187	0.00278684	0.00230579	0.00890015
149	0.0261812	0.00559313	0.246325	0.150348	0.0137492	0.0482425	0.0134317	0.0111988	0.0398738	0.0251333	0.00871535	0.139427	0.0303355	0.0132744	0.0164617	0.143052	0.040475	0.0118184	0.00652473	0.00983903
150	0.031634	0.00689753	0.123011	0.0679221	0.00525596	0.136019	0.0822698	0.0059969	0.14608	0.0292249	0.00194485	0.0607793	0.0161764	0.0938747	0.0881971	0.0560578	0.0349261	0.00327286	0.00233741	0.00812148
151	0.0102812	0.031936	0.00062972	0.00120322	0.237309	0.0052868	0.00242628	0.0717494	0.00139734	0.432268	0.016942	0.00204928	0.01549	0.00270394	0.00137352	0.0164652	0.0304183	0.103586	0.00225279	0.0142329
152	0.202583	0.024248	0.00113315	0.0165192	0.045048	0.129766	0.00283497	0.0450689	0.00303928	0.146702	0.0351333	0.00616491	0.00314439	0.00518552	0.0032453	0.12709	0.066058	0.126895	0.00706763	0.00307394
153	0.0487454	0.00749951	0.000316608	0.000316314	0.0259269	0.010692	0.000327886	0.282977	0.000799847	0.185881	0.0345786	0.00279427	0.000167832	0.00118506	0.00405903	0.0118682	0.025338	0.349707	0.00313243	0.00368682
154	0.0451076	0.00834714	0.000734565	0.000864758	0.0406404	0.0114567	0.000976812	0.235108	0.00261948	0.275895	0.0542178	0.00287163	0.00149368	0.00225597	0.00387011	0.0168088	0.0251203	0.262243	0.00414996	0.00521869
155	0.0578599	0.0561077	0.000519662	0.000904424	0.181339	0.0253355	0.0028118	0.14972	0.00120569	0.193053	0.0383584	0.00121269	0.000756335	0.00457293	0.00181734	0.0693795	0.0366242	0.173172	0.00119145	0.00405944
156	0.0638467	0.0088144	0.000895264	0.00154029	0.0331348	0.0217735	0.00136274	0.258739	0.00295656	0.165731	0.034234	0.00399143	0.00108189	0.00240933	0.0052817	0.0214404	0.0343029	0.331833	0.00378642	0.00284445
157	0.132031	0.0201185	0.00874666	0.01316	0.0410914	0.0693958	0.0121826	0.0587596	0.0312008	0.0876641	0.023686	0.0151311	0.0122403	0.0163997	0.0264266	0.0540871	0.0523249	0.0707649	0.229029	0.0255601
158	0.0512485	0.00772938	0.00021604	0.000216091	0.0317749	0.010455	0.000291682	0.290295	0.00062255	0.156474	0.0299353	0.00282013	0.000153348	0.00112298	0.00364813	0.0134328	0.0282016	0.366868	0.00228926	0.00220514
159	0.232968	0.0213441	0.000384453	0.00452841	0.0625289	0.122817	0.000539395	0.0583376	0.000686056	0.166683	0.0216484	0.00374416	0.000591603	0.00272921	0.000624571	0.0865434	0.0598971	0.143534	0.00774757	0.00212415
160	0.019837	0.0398785	0.00159456	0.0026353	0.333267	0.00832526	0.0230552	0.0682604	0.00332753	0.0904753	0.0230191	0.0105249	0.00347452	0.00505082	0.00535405	0.0166392	0.0358454	0.0185357	0.0301101	0.26079
161	0.00976549	0.03249	0.000977588	0.00135355	0.24885	0.00461234	0.00240252	0.0608392	0.0018322	0.426121	0.016901	0.00246137	0.0193932	0.00273591	0.00215087	0.0144439	0.0312538	0.102153	0.0026902	0.0165726
162	0.256972	0.0200521	0.000458634	0.00290901	0.0600574	0.110261	0.000614619	0.074361	0.000881706	0.124973	0.01681	0.0028268	0.00116538	0.00209091	0.000892124	0.0600999	0.0654802	0.188826	0.00713774	0.00313042
163	0.0400293	0.00632968	0.000353012	0.000448071	0.0305774	0.00832221	0.00052778	0.275243	0.000883688	0.242828	0.0429249	0.0028928	0.000744905	0.00160652	0.00278112	0.0138051	0.0234588	0.299392	0.00279048	0.00406101
164	0.0272855	0.00773615	0.0463533	0.150122	0.0130215	0.0568907	0.0697642	0.0208396	0.0616855	0.0572787	0.00676303	0.0461073	0.00867715	0.274297	0.038102	0.0360693	0.036149	0.0166613	0.0150922	0.0111047
165	0.0465555	0.00542108	0.000298815	0.000229256	0.0243095	0.00976549	0.000285419	0.316904	0.000714246	0.156018	0.0273136	0.00307472	0.000214209	0.0010441	0.00352754	0.0117999	0.026602	0.360709	0.00260086	0.00261298
166	0.236334	0.0205514	0.00038687	0.00445347	0.0637716	0.120645	0.000501104	0.0602593	0.000672991	0.16278	0.0212604	0.00345349	0.000573697	0.0027284	0.000595368	0.0822982	0.0611069	0.147101	0.0084105	0.00211602
167	0.0279113	0.0089831	0.0182244	0.0303648	0.00544007	0.0209613	0.0172117	0.0384559	0.246735	0.0260123	0.0404829	0.0666165	0.00632885	0.0728679	0.271457	0.0485642	0.0244083	0.0167149	0.00756663	0.00469258
168	0.21666	0.0155488	0.00117916	0.0121804	0.0592184	0.115669	0.00162173	0.0595642	0.00149368	0.177505	0.0231177	0.00412506	0.00114411	0.00920386	0.00136524	0.0618881	0.0834909	0.124534	0.0278763	0.00261449
169	0.0145399	0.0336674	0.00140532	0.00218279	0.315347	0.00473314	0.0331187	0.0403924	0.00298136	0.0518627	0.00770691	0.0108285	0.00523749	0.00884215	0.00214484	0.0178503	0.0221273	0.0100027	0.0283911	0.386638
170	0.0457264	0.0212411	0.00581128	0.0108056	0.052593	0.0330132	0.0122299	0.0795683	0.0325993	0.193151	0.0382763	0.0134846	0.00895284	0.0153157	0.0271771	0.033764	0.0356628	0.0623376	0.237896	0.040394
171	0.0505748	0.00646442	0.000259543	0.000224824	0.0285767	0.010338	0.000293433	0.297911	0.000663069	0.155319	0.0287699	0.00298474	0.000160502	0.00123803	0.00375356	0.0128309	0.0284335	0.366417	0.00242229	0.00236482
172	0.0270889	0.00925059	0.000301939	0.00054889	0.0753282	0.00516292	0.00102351	0.158025	0.00136345	0.452718	0.0882335	0.00226859	0.00327605	0.00553981	0.00150969	0.0193024	0.0143896	0.116973	0.00408833	0.0136071
173	0.107281	0.0500701	0.00212878	0.0170616	0.0196006	0.00683632	0.00496739	0.0469408	0.00508784	0.00914296	0.0145165	0.207463	0.0125436	0.00406812	0.0115399	0.201105	0.244018	0.0300909	0.00208337	0.00345425
174	0.0433928	0.0636123	0.000621978	0.00100934	0.201112	0.0247696	0.00284803	0.141182	0.00137037	0.217436	0.0336943	0.00131331	0.00105401	0.00626833	0.00154153	0.0788481	0.035736	0.139077	0.000949369	0.00416343
175	0.0258052	0.00863736	0.00373622	0.0053871	0.0317847	0.00977384	0.00349596	0.113999	0.0143179	0.368337	0.133902	0.0192134	0.00814241	0.00641578	0.0150188	0.0807966	0.0509537	0.0843121	0.0103765	0.00559437
176	0.0384395	0.0146221	0.0176513	0.0781715	0.0394606	0.0293968	0.02539	0.0447594	0.0350307	0.153496	0.0326841	0.0285001	0.00902656	0.232524	0.0523763	0.0469987	0.0442059	0.0484375	0.0149269	0.0139019
177	0.052495	0.0113348	0.000224665	0.000255657	0.043896	0.0108765	0.00046873	0.259938	0.000555428	0.183703	0.0350778	0.00242265	0.000208684	0.00109135	0.00320382	0.0144214	0.0254898	0.350397	0.00186588	0.00207297
178	0.233845	0.0211842	0.000400716	0.00459803	0.0624329	0.124323	0.00057007	0.0582175	0.000641241	0.165399	0.0213716	0.0036316	0.000543559	0.00269956	0.000595765	0.0857011	0.0596118	0.144301	0.00776068	0.00217125
179	0.20608	0.0176929	0.000647931	0.00287958	0.078609	0.0725649	0.00143119	0.108857	0.00121797	0.134811	0.0304638	0.00274672	0.00116745	0.00242825	0.00221479	0.0550151	0.0606791	0.211748	0.00560384	0.00314158
180	0.0452945	0.0158736	0.00196237	0.00351454	0.0487412	0.00624974	0.00299905	0.0218702	0.0141583	0.00967692	0.0088767	0.00542441	0.00340262	0.00696489	0.00469985	0.169808	0.57018	0.0246652	0.00263818	0.0329994
181	0.230879	0.0210779	0.000403305	0.00457624	0.0624527	0.122991	0.000605945	0.0586029	0.000676119	0.169532	0.0220719	0.00361515	0.000546009	0.00279111	0.000619502	0.085407	0.0594174	0.143954	0.00772429	0.00205662
182	0.018181	0.05186	0.00146956	0.00233826	0.218249	0.00382795	0.051821	0.0424002	0.00311654	0.052453	0.00906567	0.0183093	0.00517324	0.00885336	0.00519445	0.0187113	0.0233407	0.0167595	0.0546503	0.394226
183	0.0197887	0.00711647	0.00548679	0.189518	0.0369759	0.0380693	0.0133549	0.0791717	0.0366264	0.0380831	0.0094712	0.0120097	0.0048859	0.328567	0.00898468	0.0181269	0.0614526	0.0430141	0.0172732	0.0320229
184	0.290781	0.0233925	0.000874957	0.00429634	0.0459315	0.126352	0.00104079	0.0646572	0.00132017	0.108035	0.0161333	0.00426731	0.00346036	0.0048603	0.00197264	0.0707637	0.068081	0.148904	0.00653434	0.00834208
185	0.053397	0.0401018	0.00374129	0.00574501	0.123026	0.00897557	0.0209314	0.115285	0.0167541	0.157913	0.0760015	0.0101321	0.00222399	0.00539271	0.0485872	0.0315714	0.0647722	0.133662	0.0245133	0.0572735
186	0.0703699	0.0282147	0.0345337	0.0381807	0.00979566	0.111867	0.0347395	0.0140749	0.128844	0.0331066	0.00869084	0.0519607	0.0374658	0.0631018	0.180941	0.100994	0.0232527	0.0118723	0.012773	0.00521997
187	0.078383	0.0092182	0.0405037	0.0473724	0.0108857	0.0237884	0.0348828	0.0598943	0.10396	0.0917439	0.0444111	0.079709	0.0197673	0.0513148	0.0869202	0.0885952	0.0677978	0.0516272	0.00261959	0.00660566
188	0.0492927	0.118212	0.017746	0.0200136	0.0955028	0.0137386	0.0335094	0.0230251	0.01649	0.114059	0.0596904	0.0400852	0.00461719	0.0037189	0.0744636	0.0300349	0.0510059	0.0580628	0.0355598	0.141173
189	0.044043	0.0106103	0.08996	0.0586096	0.00717755	0.126903	0.0691947	0.0079618	0.139192	0.0288341	0.00410812	0.0544447	0.026207	0.0837911	0.123857	0.0749538	0.0317723	0.00606348	0.00499803	0.00731832
190	0.0145158	0.00431983	0.00434463	0.0197321	0.0053902	0.025425	0.0262234	0.014609	0.283098	0.00919763	0.0126451	0.0495207	0.0134728	0.0529473	0.338258	0.0712817	0.0264176	0.00404047	0.0170016	0.00755966
191	0.0687255	0.00801326	0.0510686	0.0530898	0.00720248	0.0405259	0.043135	0.0408239	0.12768	0.0544678	0.0302573	0.0792132	0.0163665	0.0616609	0.118637	0.0923674	0.0575718	0.0405624	0.00206443	0.00656654
192	0.0961493	0.0186119	0.0153857	0.0376983	0.00864656	0.0189951	0.025641	0.12067	0.119943	0.0671081	0.0245831	0.0330806	0.00846884	0.0645948	0.103253	0.0380553	0.0699202	0.108064	0.0030258	0.0181053
