290	20
1	0.0134473	0.00513667	0.000455632	0.000533584	0.0216222	0.0028692	0.00279651	0.487177	0.00268735	0.0348502	0.0122047	0.00309981	0.000439428	0.0028912	0.00276452	0.0040193	0.00156266	0.389254	0.00246528	0.00972337
2	0.00672826	0.00639863	0.000530706	0.001868	0.120017	0.00143423	0.00656341	0.107556	0.000996567	0.562596	0.107986	0.00225391	0.00381074	0.00211872	0.00309376	0.00683456	0.0103676	0.0279147	0.00396368	0.0169685
3	0.0216366	0.0110851	0.141345	0.0604559	0.000992803	0.020274	0.036358	0.00599926	0.0815719	0.0111572	0.000846908	0.355293	0.000495646	0.0836139	0.0294494	0.0712861	0.0566118	0.00413208	0.00255628	0.00483874
4	0.0218398	0.0119684	0.157934	0.0442067	0.0014095	0.0361901	0.0403905	0.00580588	0.0679541	0.00956109	0.00133472	0.374304	0.000633577	0.077461	0.0267365	0.0617064	0.0496329	0.00429351	0.00217112	0.00446573
5	0.0142648	0.00631294	0.00151024	0.00221991	0.0371142	0.00233672	0.000515453	0.314798	0.00049578	0.316007	0.0643098	0.00534602	0.000813187	0.000727492	0.00149274	0.0070842	0.0226737	0.200813	0.000212148	0.000952658
6	0.0205274	0.011393	0.144084	0.0546404	0.00109835	0.0210191	0.0362019	0.00593692	0.0756576	0.0103183	0.00102893	0.368857	0.000550588	0.0817058	0.0287149	0.0713245	0.0557154	0.00409546	0.00243043	0.00469986
7	0.00888867	0.00972086	0.000641091	0.00172613	0.0797509	0.00263722	0.00397477	0.144989	0.00110341	0.528058	0.118294	0.00244035	0.00599162	0.00176875	0.00365838	0.0107117	0.0210445	0.0420459	0.000939696	0.0116151
8	0.0257802	0.0126744	0.125229	0.0538459	0.00193149	0.0181009	0.0393125	0.00629004	0.0819519	0.0133515	0.00134704	0.331337	0.000813946	0.074765	0.0300522	0.0750461	0.0963766	0.0044851	0.00238185	0.00492747
9	0.013329	0.00524179	0.000745576	0.000945713	0.0247594	0.00262361	0.0021921	0.44441	0.00210736	0.105778	0.0243502	0.00359832	0.00047148	0.00222676	0.00223824	0.00446825	0.00650083	0.344913	0.00180999	0.0072913
10	0.0588796	0.00399788	0.0429435	0.0780258	0.0065137	0.0183329	0.0216848	0.0149658	0.182809	0.014737	0.0131721	0.0637827	0.137388	0.0579971	0.0863783	0.0740678	0.0851676	0.0257418	0.000745652	0.0126694
11	0.0460748	0.00443152	0.00995423	0.0806851	0.0064661	0.00786127	0.0203236	0.013577	0.29305	0.016285	0.0220283	0.0294898	0.0247297	0.11052	0.157229	0.0762676	0.041883	0.0280501	0.000746841	0.0103468
12	0.0687345	0.00730778	0.000631616	0.000861867	0.0120321	0.763422	0.00366184	0.00431902	0.00270233	0.0107941	0.000961938	0.0225013	0.00311419	0.00571587	0.00548749	0.0520412	0.0194419	0.0139868	0.000267318	0.00201492
13	0.115065	0.157804	0.0152591	0.00358682	0.00552523	0.0225618	0.0278992	0.021398	0.0283644	0.0110694	0.00519173	0.0107622	0.00486642	0.0339147	0.0182775	0.240316	0.251646	0.0205886	0.00122289	0.00468205
14	0.0257055	0.0124575	0.000950884	0.00190631	0.0575612	0.00821672	0.0023553	0.323781	0.00235993	0.209814	0.0517629	0.0056458	0.00205127	0.00307279	0.00253106	0.0172304	0.026212	0.230764	0.002833	0.0127887
15	0.0167534	0.0063826	0.0100855	0.00405239	0.494526	0.0129581	0.0285715	0.00739961	0.0102664	0.036921	0.0118599	0.0307604	0.00167305	0.00567354	0.0026934	0.0318913	0.0170461	0.00765145	0.000879121	0.261955
16	0.0991202	0.1493	0.00258861	0.00283878	0.0142924	0.378726	0.00484758	0.0121177	0.00433616	0.0131307	0.00711565	0.0135995	0.00352258	0.00888605	0.00470798	0.215096	0.0426472	0.012314	0.000914889	0.00989825
17	0.0245497	0.0120721	0.000840788	0.0019779	0.103018	0.00904298	0.00356463	0.19517	0.00144258	0.366018	0.0783521	0.00454555	0.00402065	0.00255245	0.0032812	0.0181233	0.0262773	0.116343	0.0065726	0.0222347
18	0.0195858	0.0098645	0.00104359	0.00211131	0.0583012	0.00541207	0.00181246	0.264915	0.00139553	0.340328	0.0721908	0.00516941	0.00261479	0.0018998	0.0024805	0.0133622	0.0254414	0.160582	0.0022429	0.00924662
19	0.0684819	0.00720629	0.00107294	0.0010683	0.0122887	0.754331	0.00384665	0.0048499	0.00430581	0.0123297	0.00112047	0.0237289	0.00443202	0.00630175	0.00640212	0.0512669	0.0200898	0.0145691	0.000278104	0.00202947
20	0.0693603	0.0118577	0.00846843	0.00295906	0.0051158	0.0191319	0.00637255	0.00697959	0.00332668	0.0115344	0.0106366	0.00762639	0.69746	0.0118345	0.00263901	0.0652262	0.0291584	0.0203742	0.0067138	0.00322461
21	0.112721	0.0486538	0.0237344	0.0270378	0.0196739	0.0608942	0.0151403	0.0296047	0.033435	0.0367344	0.0152741	0.0423962	0.0177755	0.0221329	0.0268794	0.279856	0.136078	0.0347972	0.00279249	0.0143889
22	0.0729123	0.0116479	0.00269854	0.00324803	0.0134627	0.721351	0.00465097	0.00683657	0.00418636	0.0136855	0.00215817	0.0232459	0.00346538	0.00693361	0.00632272	0.0605672	0.0235107	0.0159659	0.000396818	0.00275374
23	0.132708	0.173072	0.0090634	0.00764348	0.0150922	0.0988321	0.0115497	0.0249853	0.0116241	0.020721	0.0128584	0.0184485	0.0060847	0.0194054	0.0103664	0.294853	0.0957217	0.0236902	0.0015761	0.011705
24	0.0710104	0.00975501	0.00224553	0.00335156	0.0139729	0.691663	0.00501367	0.0132872	0.00648439	0.027798	0.00586316	0.025049	0.00521435	0.00748874	0.00771049	0.0557943	0.0247323	0.0197151	0.000462788	0.00338862
25	0.0374555	0.010083	0.032708	0.0586558	0.0145746	0.0249729	0.0358422	0.02774	0.233468	0.0283554	0.0129865	0.0700377	0.0277804	0.0558288	0.141912	0.0843778	0.0496581	0.0305639	0.00167166	0.0213275
26	0.054305	0.0281502	0.0495752	0.0292733	0.00925461	0.018107	0.0166037	0.0117812	0.0263037	0.0260757	0.00700374	0.0525042	0.0117614	0.0222293	0.0131714	0.24568	0.344897	0.0202925	0.00171744	0.011314
27	0.0728202	0.0115947	0.00463528	0.0048278	0.00569764	0.0177686	0.00337574	0.0272355	0.0142403	0.0429733	0.00701696	0.0322237	0.00386543	0.00408808	0.00441792	0.263857	0.424464	0.0455583	0.00220096	0.00713908
28	0.0121355	0.00664129	0.000578512	0.0020752	0.163713	0.00340934	0.00662344	0.112544	0.00169985	0.449005	0.090183	0.00350996	0.00341996	0.00419586	0.00546345	0.012466	0.0147115	0.0529883	0.0116571	0.0429805
29	0.0185142	0.00959321	0.00103677	0.00342571	0.151653	0.00487337	0.00668624	0.114426	0.00609194	0.379608	0.0738151	0.00872706	0.00643599	0.0205196	0.00991653	0.0296282	0.0274559	0.0672163	0.01117	0.0492066
30	0.0273168	0.00517494	0.0217727	0.0496436	0.00795532	0.0243551	0.0350248	0.0184988	0.271897	0.0126045	0.00555665	0.0709315	0.045327	0.0481997	0.174316	0.0726474	0.0592351	0.0254051	0.000486511	0.0236519
31	0.0884755	0.0492257	0.00191399	0.00701027	0.0445736	0.0201876	0.00698069	0.145909	0.00900774	0.142338	0.0492452	0.0233404	0.00462401	0.0133378	0.00581094	0.0999867	0.107632	0.155217	0.00433351	0.0208509
32	0.0136733	0.00600949	0.00149284	0.00221534	0.0358746	0.00197777	0.000523204	0.320868	0.000471953	0.311508	0.062718	0.00532854	0.000692719	0.00072917	0.0014574	0.00650599	0.0218158	0.205307	0.000173685	0.000656861
33	0.0159943	0.00702678	0.00144368	0.00215282	0.0388536	0.00321442	0.000510745	0.312412	0.000445778	0.313454	0.0637357	0.00516099	0.00085563	0.000713847	0.00140576	0.00835119	0.0231977	0.199721	0.000347721	0.00100213
34	0.0855647	0.0105216	0.00174031	0.00184307	0.0127426	0.710637	0.00375365	0.00581406	0.0032491	0.011646	0.0018421	0.0218229	0.00370553	0.0062249	0.00562763	0.0675148	0.0279712	0.0152552	0.000310981	0.00221241
35	0.0385739	0.051307	0.00562482	0.00699036	0.100354	0.0083872	0.00840295	0.034962	0.03034	0.218436	0.0414415	0.037497	0.00955111	0.0532088	0.0736674	0.0813115	0.0521681	0.0569333	0.0018054	0.0890371
36	0.0281046	0.00799786	0.0110436	0.0405808	0.0143001	0.0130147	0.0485934	0.0355465	0.275814	0.0211055	0.00779767	0.0387407	0.0137643	0.0526109	0.214041	0.0805641	0.0347205	0.0394826	0.000319501	0.0218575
37	0.0296885	0.0121703	0.000611982	0.0036027	0.143116	0.00731004	0.00542662	0.156931	0.00478492	0.274359	0.071475	0.00862764	0.0110207	0.00918629	0.00743011	0.0298359	0.0435283	0.110531	0.0164198	0.0539442
38	0.0327218	0.00898272	0.315083	0.202565	0.00470198	0.0386914	0.0181053	0.00360511	0.0267469	0.00835606	0.00475067	0.0980651	0.00108462	0.0683817	0.0107638	0.0836654	0.0548239	0.0129818	0.000701326	0.00522277
39	0.0917409	0.018389	0.0516589	0.0514862	0.0223006	0.030023	0.0336627	0.0115576	0.0833674	0.0221683	0.0154167	0.0606925	0.00702406	0.0472323	0.0474075	0.300242	0.0591041	0.0227746	0.00213328	0.0216186
40	0.0601854	0.00785993	0.00793458	0.00532873	0.0141726	0.619154	0.00687916	0.00963368	0.0216824	0.0271219	0.00385284	0.0341837	0.0500473	0.0130518	0.0126689	0.0530724	0.0272964	0.0212072	0.00101346	0.00365331
41	0.0113726	0.0227472	0.173799	0.157031	0.0263877	0.0095984	0.0805695	0.0152494	0.0389311	0.0317455	0.00298111	0.0476901	0.00158217	0.100682	0.0212098	0.115822	0.0860564	0.0203008	0.000917142	0.035328
42	0.0546884	0.00717099	0.0234892	0.0325749	0.0413803	0.0118008	0.0387517	0.0725253	0.0701681	0.068845	0.0587546	0.0726943	0.0160476	0.079788	0.0686662	0.095927	0.0961113	0.0472926	0.0134875	0.029836
43	0.0233359	0.0112759	0.00128636	0.00392141	0.0456968	0.00412379	0.00241872	0.263195	0.00458132	0.27076	0.0663096	0.0101381	0.00303339	0.00555857	0.00426329	0.0227331	0.0482979	0.192793	0.0022142	0.0140637
44	0.0490429	0.0317767	0.00637244	0.0185243	0.154769	0.0143354	0.0208907	0.0276642	0.0321538	0.195195	0.0395897	0.0545429	0.00637253	0.041827	0.0173877	0.0459061	0.0593889	0.0347759	0.00429359	0.145192
45	0.0672623	0.00707261	0.00165987	0.00141316	0.0120283	0.744179	0.00416527	0.00501021	0.00509564	0.0128872	0.00123769	0.0264683	0.00522113	0.00838043	0.00638566	0.0515548	0.0205187	0.0171456	0.000282325	0.00203218
46	0.0383539	0.00840825	0.0606283	0.0842323	0.024439	0.0367799	0.0450406	0.0331496	0.163083	0.0432413	0.0143394	0.09273	0.00565935	0.0516568	0.130624	0.0836695	0.0259445	0.0237945	0.00184042	0.0323851
47	0.0316915	0.00371905	0.0336772	0.0717879	0.00289121	0.014021	0.0315353	0.00762067	0.257611	0.00503378	0.00520979	0.0699406	0.0929053	0.0525159	0.134272	0.0718595	0.0767306	0.0185856	0.000325851	0.0180664
48	0.0356547	0.0152427	0.012214	0.013931	0.0422938	0.0190282	0.0117844	0.102286	0.0410814	0.192365	0.0389154	0.0441946	0.0756276	0.0232157	0.0454648	0.0489972	0.073836	0.133511	0.00475729	0.0255992
49	0.0802239	0.0190396	0.069048	0.0761762	0.0211421	0.0555152	0.0429344	0.00917979	0.0895537	0.0290838	0.00886692	0.0659902	0.00575429	0.03963	0.0422041	0.24193	0.0589789	0.0190332	0.00118647	0.0245292
50	0.0617131	0.0122967	0.101413	0.11239	0.0263573	0.0327072	0.0565696	0.00600872	0.0970775	0.0248585	0.0046142	0.0673239	0.00269501	0.0479521	0.0310999	0.199763	0.0682068	0.0193103	0.00055527	0.0270884
51	0.0573305	0.00691376	0.0739032	0.0651365	0.0298897	0.139229	0.0344751	0.0199869	0.0849585	0.0730082	0.0125662	0.0644174	0.034039	0.0562233	0.0329557	0.0976143	0.0537295	0.0472422	0.00221265	0.0141681
52	0.0135824	0.00532087	0.000636143	0.000813725	0.0241206	0.00452374	0.0031588	0.47962	0.00421889	0.0334589	0.0121308	0.00366648	0.000678786	0.004936	0.00423083	0.00487845	0.0025273	0.385585	0.0024238	0.00948856
53	0.0446051	0.0119716	0.0958569	0.0429989	0.0510776	0.0716038	0.0267635	0.0300801	0.0823197	0.112909	0.0190899	0.0771986	0.0754159	0.0411236	0.0359071	0.0693835	0.0444878	0.0415587	0.00575427	0.0198942
54	0.0437065	0.0102138	0.081828	0.0689844	0.0270321	0.139178	0.0527652	0.0253335	0.10098	0.0723207	0.0110308	0.0646173	0.0217268	0.0448493	0.0467551	0.0795798	0.0392689	0.0460631	0.00211783	0.0216487
55	0.0369686	0.00850591	0.0263872	0.0604228	0.00806546	0.0122997	0.0374836	0.0180712	0.24722	0.0122513	0.00718301	0.0498033	0.0603453	0.0534374	0.160937	0.101127	0.0543665	0.0278653	0.000335431	0.0169246
56	0.0401119	0.00430162	0.086857	0.11231	0.0163654	0.0566255	0.0181114	0.0304368	0.137382	0.060912	0.0194717	0.126144	0.00133045	0.0518691	0.125732	0.0803348	0.00367255	0.00491141	0.000503084	0.0226173
57	0.0133735	0.00526453	0.000489983	0.00057781	0.0220731	0.00283891	0.00268213	0.48028	0.00261626	0.0466085	0.014165	0.00316688	0.00043506	0.00277365	0.00268158	0.0040985	0.00229761	0.381944	0.00236813	0.00926488
58	0.0692461	0.00793894	0.00114716	0.00100759	0.0123441	0.754375	0.00374042	0.00610774	0.00327741	0.0114926	0.00110316	0.0226087	0.0035446	0.00593723	0.00575082	0.0525467	0.02014	0.0153854	0.000282423	0.00202366
59	0.0143678	0.00303988	0.00958753	0.00283904	0.544535	0.0115732	0.0210245	0.00544225	0.010477	0.0303909	0.0113332	0.0212836	0.00169001	0.0036875	0.00247696	0.0285739	0.0143771	0.00521558	0.000899115	0.257186
60	0.0798119	0.0422984	0.00338707	0.00496007	0.0703353	0.0291048	0.00825045	0.14937	0.00858021	0.226686	0.0889923	0.016604	0.00585671	0.010006	0.00740264	0.0599128	0.0591611	0.101584	0.00543983	0.0222568
61	0.0502338	0.0101218	0.00875949	0.00318081	0.0112728	0.0210363	0.00910626	0.0196239	0.00601099	0.0421081	0.0176465	0.0119839	0.644735	0.0109636	0.00434213	0.0574373	0.0303233	0.0275542	0.00906973	0.00449002
62	0.041772	0.0144273	0.0357396	0.115948	0.0200142	0.0293589	0.0448908	0.0274262	0.0354619	0.0386963	0.0185736	0.0654713	0.0107331	0.316367	0.0258525	0.0612107	0.0514891	0.0216353	0.00364662	0.0212849
63	0.0318881	0.00611394	0.344156	0.337001	0.0014783	0.0460555	0.00823015	0.00192244	0.0124975	0.00711091	0.00556988	0.0449659	0.000645049	0.0516613	0.00581163	0.0578847	0.0238691	0.0116649	0.000337069	0.00113609
64	0.0207723	0.00992682	0.00178231	0.00207125	0.0438837	0.00582277	0.000781115	0.29968	0.000844941	0.306422	0.0631923	0.00571861	0.00130429	0.0011036	0.0014358	0.0121008	0.0274218	0.192029	0.000810647	0.00289617
65	0.27329	0.102956	0.00393823	0.0061076	0.00921251	0.0483224	0.00898178	0.0365549	0.00655218	0.0166805	0.0107209	0.0384506	0.00254274	0.0297685	0.00568968	0.238948	0.122453	0.0294356	0.000868112	0.00852594
66	0.0204382	0.0092229	0.00130711	0.00255095	0.0490432	0.00484519	0.00157627	0.290927	0.0019885	0.290065	0.0620066	0.00639483	0.00187835	0.00280574	0.0026203	0.0152514	0.0283583	0.198886	0.00192747	0.00790594
67	0.0190349	0.0143598	0.0749201	0.028383	0.190509	0.0114602	0.122609	0.0769868	0.00750386	0.0254637	0.0314164	0.0985077	0.00429828	0.0113068	0.00621959	0.0471281	0.0207561	0.0596408	0.00223693	0.147259
68	0.0130739	0.00854932	0.179974	0.182091	0.034002	0.018142	0.0745918	0.0125449	0.0720649	0.0329829	0.00189333	0.0775823	0.00148577	0.077758	0.0303599	0.0684753	0.0451049	0.019808	0.000645511	0.0488708
69	0.00627469	0.00624525	0.000517767	0.0018292	0.118138	0.00131188	0.00679023	0.105208	0.00101799	0.57051	0.10882	0.00228443	0.00376625	0.00211457	0.00303806	0.00656054	0.00998751	0.0259596	0.00365034	0.0159753
70	0.0182762	0.00362033	0.00517115	0.00340977	0.00304945	0.0101238	0.00278491	0.0044662	0.0173477	0.0299033	0.00292246	0.0496711	0.00221113	0.00324656	0.00326867	0.301432	0.510364	0.0176234	0.000863481	0.0102444
71	0.0134555	0.00513149	0.000453858	0.000534542	0.0216563	0.00286227	0.00279193	0.486882	0.00268225	0.0354401	0.0123196	0.00310055	0.000438107	0.00288998	0.00275971	0.00401545	0.00160817	0.388808	0.0024635	0.00970674
72	0.0401119	0.00430162	0.086857	0.11231	0.0163654	0.0566255	0.0181114	0.0304368	0.137382	0.060912	0.0194717	0.126144	0.00133045	0.0518691	0.125732	0.0803348	0.00367255	0.00491141	0.000503084	0.0226173
73	0.0268393	0.00608864	0.284004	0.304483	0.00604326	0.0419842	0.0217433	0.00399763	0.0283463	0.011884	0.00522345	0.0819877	0.000780594	0.062628	0.0126037	0.0552108	0.0253261	0.0114432	0.000579816	0.00880264
74	0.039415	0.0946578	0.00251127	0.00299346	0.00517701	0.00489877	0.0306712	0.155834	0.00384529	0.108985	0.0534831	0.0892295	0.00260182	0.0364023	0.00318738	0.0978712	0.220863	0.0419941	0.00111681	0.00426231
75	0.0165869	0.00526946	0.000440197	0.00239805	0.199821	0.00291534	0.00764239	0.114923	0.0016143	0.374544	0.082598	0.00402331	0.00311157	0.00450806	0.00699173	0.0131215	0.0153881	0.0666528	0.0200904	0.0573595
76	0.0513489	0.00634461	0.0178872	0.0308401	0.0464473	0.0106726	0.0455968	0.0852315	0.0667086	0.0652468	0.0605975	0.0781812	0.0137445	0.072077	0.0668122	0.0878918	0.0965813	0.0444476	0.0158237	0.0375188
77	0.0143794	0.00288827	0.00967414	0.00283492	0.548138	0.0115626	0.0207044	0.00497913	0.0104864	0.0297612	0.0111051	0.0211656	0.00167374	0.00360196	0.00248845	0.0284003	0.014233	0.00488642	0.000892777	0.256144
78	0.014405	0.00295322	0.00960053	0.0028441	0.547339	0.0115903	0.0207955	0.00498139	0.010486	0.0299584	0.0110979	0.0212259	0.00166343	0.00364808	0.00249315	0.0284286	0.0142443	0.00491651	0.000893307	0.256435
79	0.127497	0.0134098	0.000815846	0.00143413	0.0133996	0.62522	0.0033455	0.00823028	0.0022257	0.0118319	0.00268875	0.019443	0.00314966	0.00599948	0.00434568	0.0959617	0.0376672	0.0202969	0.00052784	0.00250984
80	0.0513803	0.0218629	0.0133961	0.0189652	0.0263879	0.00897571	0.0413077	0.0759278	0.0478805	0.0402341	0.0494801	0.082119	0.00892611	0.0588705	0.180904	0.102823	0.081876	0.0430421	0.0173037	0.0283376
81	0.0137741	0.00607148	0.00150261	0.00222568	0.0359978	0.00201503	0.000515106	0.318998	0.000465898	0.313811	0.0629898	0.00536939	0.000688405	0.000717437	0.00144002	0.00654306	0.0219221	0.204163	0.000157462	0.000632591
82	0.0258099	0.0265194	0.00781293	0.0128914	0.122851	0.0142262	0.108859	0.0170755	0.00712783	0.0771784	0.00941636	0.0816968	0.00197466	0.0243651	0.00274119	0.060661	0.0268865	0.0191486	0.000933702	0.351825
83	0.0391956	0.00443496	0.086511	0.109107	0.0182253	0.0632931	0.0204567	0.0286289	0.135619	0.0616882	0.0177716	0.126701	0.00243209	0.0525448	0.120769	0.0785066	0.0046283	0.00628833	0.000508801	0.0226896
84	0.00756784	0.00855467	0.000716351	0.00177596	0.0738037	0.00145221	0.00367145	0.162099	0.00103702	0.511155	0.116975	0.0027949	0.00547398	0.00164719	0.00413035	0.00871149	0.0213294	0.0553402	0.000877698	0.0108866
85	0.0198173	0.00580549	0.144959	0.173205	0.0334471	0.0287246	0.0638649	0.0161108	0.101784	0.0404319	0.00435119	0.0820587	0.00154577	0.0667796	0.0501877	0.0703931	0.0296277	0.0173321	0.000417657	0.0491559
86	0.00897661	0.00645889	0.000527778	0.00191375	0.131538	0.00185849	0.00791905	0.108612	0.0013028	0.526902	0.100015	0.00284479	0.00388464	0.00290023	0.00413053	0.0089611	0.0122992	0.0361177	0.00695354	0.0258837
87	0.0392056	0.0217508	0.000896928	0.00787795	0.0641426	0.008337	0.00618182	0.175885	0.0150889	0.190397	0.0678152	0.0215328	0.00671353	0.0131889	0.00700076	0.0549807	0.0897219	0.164307	0.00539957	0.0395759
88	0.0613248	0.00737397	0.099526	0.146391	0.0140015	0.0277858	0.0466164	0.00665805	0.147806	0.0235361	0.0039291	0.12703	0.00342437	0.0563828	0.0256344	0.120338	0.0530276	0.0117406	0.000917596	0.016556
89	0.0169437	0.00974014	0.000856058	0.00334661	0.143699	0.00337984	0.00465346	0.112116	0.0101231	0.345636	0.0623379	0.01133	0.00756794	0.0205684	0.0145121	0.0436811	0.0385627	0.0823436	0.0112668	0.0573362
90	0.00791894	0.00619178	0.000547975	0.00181821	0.130883	0.00187519	0.00677167	0.106502	0.00115613	0.541194	0.103789	0.00234479	0.00363706	0.0024841	0.00350943	0.00774877	0.0109574	0.0320231	0.00574909	0.0228983
91	0.0354854	0.00697506	0.347654	0.288275	0.00166196	0.0541021	0.0105287	0.00177878	0.0161957	0.00575788	0.00698426	0.0510935	0.000547343	0.0590554	0.00680144	0.0660259	0.0290493	0.010266	0.000347406	0.00141493
92	0.0095393	0.00792253	0.000573489	0.0018586	0.105145	0.00252691	0.00539262	0.130912	0.00108503	0.524814	0.108379	0.00255524	0.00435916	0.00203765	0.00354914	0.00921654	0.0161122	0.0434801	0.00375503	0.0167868
93	0.0179228	0.0188208	0.00260271	0.00650323	0.0836828	0.00444431	0.00761192	0.0541999	0.0210032	0.36338	0.0485755	0.0232416	0.0195161	0.0588722	0.0322116	0.0737228	0.0482183	0.0422299	0.00181909	0.0714216
94	0.0134473	0.00513667	0.000455632	0.000533584	0.0216222	0.0028692	0.00279651	0.487177	0.00268735	0.0348502	0.0122047	0.00309981	0.000439428	0.0028912	0.00276452	0.0040193	0.00156266	0.389254	0.00246528	0.00972337
95	0.035471	0.00667757	0.0132661	0.0969557	0.00924511	0.17641	0.0248871	0.0294231	0.123588	0.0165863	0.00739461	0.0626086	0.0039032	0.0125098	0.115575	0.231801	0.0143301	0.00971853	0.00175175	0.00789711
96	0.0215664	0.0111804	0.141233	0.0622055	0.00126617	0.0199306	0.036742	0.0060264	0.0812137	0.011437	0.000863567	0.350795	0.000492395	0.0844693	0.0291589	0.0721656	0.0574568	0.00428496	0.00249266	0.00502046
97	0.00683622	0.00686117	0.000497222	0.00176124	0.116645	0.00147507	0.00687048	0.10833	0.00101875	0.559193	0.109505	0.00230101	0.00379971	0.00203797	0.00326532	0.00691548	0.011118	0.0289441	0.0040832	0.0185418
98	0.0451712	0.0215471	0.0213403	0.0424807	0.0156647	0.0346259	0.0276396	0.0379414	0.124693	0.0295723	0.0166841	0.0553839	0.0130469	0.0362611	0.193641	0.178251	0.0468886	0.0353543	0.00428083	0.019532
99	0.0683822	0.0134005	0.00395795	0.00501973	0.0192287	0.544704	0.00832529	0.0515891	0.0124542	0.063093	0.0140697	0.0346046	0.00736906	0.0097511	0.010498	0.0656509	0.0308329	0.0287172	0.00140171	0.0069501
100	0.0618468	0.00958578	0.0143609	0.0114452	0.0153022	0.612369	0.00849351	0.0110132	0.01695	0.0238321	0.00407103	0.0434763	0.0124613	0.0237886	0.0114245	0.0559751	0.0281225	0.0300943	0.00133206	0.0040553
101	0.0389693	0.00834043	0.0797341	0.216985	0.00914933	0.0163968	0.034888	0.0101874	0.0272162	0.014824	0.00655509	0.0857585	0.00531045	0.305578	0.0108581	0.0551464	0.052046	0.0120531	0.00200003	0.00800369
102	0.0487969	0.00520041	0.005546	0.0735246	0.00720502	0.00722971	0.0175744	0.014949	0.284629	0.0175114	0.0296578	0.0204342	0.0123356	0.165407	0.153197	0.0698518	0.0309457	0.0259387	0.00103848	0.00902632
103	0.0296299	0.00870799	0.0150226	0.0418491	0.0140686	0.01774	0.0443347	0.0332441	0.25647	0.0213024	0.00881982	0.0473679	0.0166549	0.0485227	0.211953	0.0846594	0.0373834	0.0362964	0.000692481	0.0252808
104	0.0303708	0.0105687	0.0265511	0.0475127	0.0170533	0.018517	0.0502446	0.0347875	0.210388	0.025252	0.010153	0.0647879	0.0122624	0.0460914	0.211829	0.0785907	0.0358221	0.0360428	0.0022983	0.030876
105	0.0318379	0.0151307	0.000988473	0.00594491	0.0566024	0.00577495	0.00404814	0.218657	0.007971	0.235096	0.0685417	0.0144274	0.00487831	0.00888905	0.00510523	0.0361709	0.0687612	0.180525	0.00396225	0.0266876
106	0.176511	0.112848	0.0118967	0.0119814	0.0147064	0.0598874	0.0133145	0.0325874	0.0179311	0.0242719	0.0134834	0.0272256	0.0067195	0.0411702	0.0154854	0.269235	0.106666	0.030215	0.00134182	0.0125226
107	0.00620111	0.00623997	0.00054149	0.00180679	0.118504	0.00124847	0.006752	0.104167	0.00106464	0.573755	0.107169	0.00233974	0.00378191	0.00229071	0.00299443	0.00678702	0.0100227	0.0253855	0.00347214	0.0154764
108	0.139389	0.0437539	0.00717705	0.00736857	0.0132922	0.213947	0.0385905	0.133645	0.0399076	0.123055	0.0465064	0.022575	0.00609026	0.0126478	0.0121997	0.0716975	0.0305968	0.0237013	0.00316007	0.0106989
109	0.268075	0.0887516	0.00570985	0.0198916	0.0254618	0.0258686	0.00356874	0.111722	0.00547089	0.047612	0.017435	0.00869501	0.00186104	0.0106882	0.00235642	0.0646947	0.0777456	0.21001	0.00114655	0.00323554
110	0.358614	0.0360406	0.00144838	0.0020065	0.020395	0.103709	0.00235762	0.014324	0.00191078	0.00967376	0.00858863	0.00823824	0.00499128	0.00766786	0.0016656	0.269548	0.118628	0.0254686	0.000690957	0.0040336
111	0.00644911	0.00679666	0.000511406	0.00182921	0.110633	0.00135698	0.00607116	0.11309	0.00107745	0.555943	0.112678	0.00234926	0.00425622	0.00218812	0.00342124	0.00709137	0.0123604	0.029855	0.0034967	0.0185463
112	0.0136734	0.00603601	0.00150958	0.00222644	0.0361531	0.00197112	0.000486508	0.317897	0.000452972	0.315407	0.0634643	0.00534967	0.000696338	0.000703999	0.00145474	0.00656952	0.022112	0.203123	0.000144694	0.000568711
113	0.0530255	0.00991796	0.0110114	0.0155916	0.0443791	0.0117528	0.297543	0.0536649	0.0468166	0.0348554	0.0443224	0.118218	0.0102893	0.106869	0.0201939	0.0379869	0.0350782	0.021483	0.00508396	0.0219181
114	0.0394254	0.00431158	0.0875684	0.113457	0.0159212	0.0550246	0.018614	0.029325	0.138856	0.0588101	0.0186495	0.130944	0.00138557	0.0529514	0.120645	0.0812313	0.00555175	0.00478372	0.00054714	0.0219969
115	0.0542578	0.011674	0.00840539	0.00399853	0.00796774	0.0158576	0.00832653	0.0146744	0.00449919	0.0186913	0.017783	0.00967469	0.678471	0.010688	0.0034863	0.0645887	0.0300957	0.0256385	0.00768677	0.00353499
116	0.0322355	0.00373663	0.0357657	0.0736215	0.00309353	0.014783	0.0310803	0.00762005	0.255223	0.00570053	0.00532797	0.0709149	0.0917677	0.0529673	0.132329	0.0723235	0.0750035	0.0181444	0.000331359	0.0180297
117	0.0557751	0.0255	0.000724722	0.0013664	0.0949882	0.0262592	0.00272966	0.182623	0.00274328	0.291637	0.067904	0.00591651	0.00493006	0.003602	0.00344914	0.047243	0.0477332	0.112996	0.00459231	0.0172861
118	0.0493551	0.0257213	0.000388599	0.0012344	0.0860498	0.0202602	0.00238593	0.188316	0.00185733	0.317008	0.0834617	0.00479223	0.00478656	0.00255621	0.00184951	0.0360999	0.0441023	0.111441	0.0037104	0.0146237
119	0.0503367	0.0235118	0.000938528	0.00135543	0.0827502	0.0253476	0.00205466	0.21263	0.00270682	0.280401	0.0666204	0.00619682	0.00720644	0.00279401	0.00285376	0.0359409	0.0420154	0.137538	0.00415112	0.0126511
120	0.0269737	0.014668	0.0024896	0.00377891	0.119365	0.0105053	0.00670171	0.12854	0.00699269	0.380244	0.0729745	0.00954608	0.00667843	0.0122062	0.00995872	0.0375876	0.0335626	0.0750765	0.00647694	0.0356739
121	0.0262329	0.00920006	0.164794	0.108866	0.00636782	0.0279528	0.0349404	0.00898582	0.0832219	0.0177809	0.00352416	0.260591	0.00151521	0.0731682	0.0351642	0.0710984	0.046562	0.00730205	0.00191489	0.0108164
122	0.0260048	0.00730446	0.214891	0.248891	0.0121093	0.0345707	0.0297955	0.0108667	0.056071	0.0280577	0.0067785	0.104637	0.00156206	0.0625039	0.0321675	0.0632083	0.0298812	0.0122343	0.000928035	0.017537
123	0.0522875	0.0107809	0.00863604	0.00407356	0.0117045	0.0158958	0.00984928	0.0171362	0.00603508	0.0274625	0.0160418	0.0118109	0.64744	0.0112673	0.00482329	0.0572032	0.0288795	0.0354001	0.0167977	0.00647489
124	0.0399144	0.013805	0.0108064	0.0103193	0.0093392	0.016011	0.00898673	0.016863	0.0372819	0.0478866	0.012572	0.0411908	0.00645811	0.012195	0.0161027	0.246971	0.412206	0.0265156	0.00192179	0.012654
125	0.137485	0.0683124	0.00511091	0.0130373	0.055953	0.0215816	0.00748495	0.107632	0.0124081	0.106438	0.0360934	0.0190112	0.00435666	0.0290725	0.00933236	0.0883124	0.0660689	0.187342	0.00317779	0.021789
126	0.0508517	0.00750515	0.0212689	0.0223649	0.0179152	0.360088	0.0154177	0.0174061	0.0890748	0.0498468	0.00778801	0.069002	0.0549149	0.0302613	0.0430539	0.061553	0.0431017	0.028837	0.00212563	0.00762369
127	0.0618219	0.0577499	0.00226708	0.00763021	0.0505967	0.00907473	0.00568604	0.150235	0.0262508	0.149566	0.0592241	0.0156863	0.00520582	0.0145526	0.00781868	0.0584082	0.0731766	0.216636	0.00359132	0.0248225
128	0.0366383	0.0347737	0.122866	0.111713	0.0244464	0.0318696	0.0392572	0.0473758	0.0733149	0.064252	0.0165799	0.0769149	0.00613258	0.0567084	0.0813277	0.0796368	0.0412773	0.0246795	0.00237727	0.0278589
129	0.0435349	0.0158955	0.00399126	0.00541945	0.051859	0.0139527	0.00995929	0.115403	0.00983709	0.128539	0.0555251	0.0160477	0.251911	0.0130623	0.00766839	0.0605735	0.0646756	0.102723	0.00649888	0.0229229
130	0.0136648	0.0060105	0.00151413	0.00223842	0.0360632	0.00194572	0.000485547	0.318267	0.000453784	0.315186	0.063293	0.00537041	0.000686912	0.000699234	0.00144967	0.00650613	0.022026	0.203443	0.000138509	0.000558036
131	0.0141633	0.00621996	0.00144294	0.0021892	0.0355514	0.00217983	0.000615566	0.325358	0.000647872	0.298393	0.0608412	0.00540662	0.000675329	0.00109978	0.00151829	0.00681027	0.0213446	0.213943	0.00025978	0.00134098
132	0.0530276	0.05791	0.00935403	0.0118771	0.0144346	0.0108362	0.0261684	0.0652596	0.0801506	0.0252261	0.0233812	0.053814	0.00503753	0.0266675	0.2432	0.141219	0.0683007	0.0609417	0.00531223	0.0178821
133	0.0368198	0.022166	0.00110712	0.00269538	0.0680808	0.0124875	0.00300307	0.22872	0.00327506	0.302618	0.0834918	0.00689072	0.00389882	0.00369876	0.00304288	0.0271733	0.0407297	0.135616	0.00285777	0.0116266
134	0.0504078	0.0166067	0.00616166	0.0120448	0.0839616	0.018287	0.0132717	0.133987	0.0121813	0.162095	0.0497129	0.0210725	0.0243914	0.015956	0.0155116	0.0531866	0.0476362	0.126318	0.0850665	0.0521447
135	0.0216366	0.0110851	0.141345	0.0604559	0.000992803	0.020274	0.036358	0.00599926	0.0815719	0.0111572	0.000846908	0.355293	0.000495646	0.0836139	0.0294494	0.0712861	0.0566118	0.00413208	0.00255628	0.00483874
136	0.0240043	0.0261889	0.00790644	0.0156102	0.115919	0.0169885	0.115268	0.0197922	0.0071429	0.0825211	0.00927089	0.0676961	0.00221514	0.0260327	0.00311857	0.0601922	0.0248924	0.0221575	0.00108781	0.351995
137	0.0151896	0.00955328	0.000693837	0.00175985	0.0978227	0.00534708	0.0043432	0.161946	0.00106233	0.472508	0.0932722	0.00330721	0.00373398	0.00218564	0.00298075	0.0126802	0.0193584	0.0735459	0.00338373	0.0153263
138	0.0399073	0.019732	0.000704026	0.00709991	0.067014	0.00735382	0.0061869	0.170985	0.0124845	0.194244	0.0698784	0.0202594	0.00698382	0.0140174	0.00723006	0.0526162	0.090057	0.166412	0.00568327	0.041151
139	0.0220598	0.00772866	0.148531	0.166795	0.0332739	0.0193603	0.0761124	0.0103409	0.108395	0.0288758	0.00206563	0.065185	0.00228787	0.0731133	0.033305	0.0913256	0.0501556	0.0201555	0.000493121	0.0404409
140	0.0661771	0.0258705	0.0112524	0.00577968	0.0119882	0.0104048	0.00641488	0.123612	0.0905531	0.0555167	0.130709	0.0206116	0.00432681	0.00764177	0.0626359	0.0993931	0.184526	0.0676976	0.00195883	0.0129298
141	0.2394	0.0425419	0.00568839	0.00660668	0.0139513	0.0536459	0.00755821	0.0306372	0.0148137	0.0275462	0.0116987	0.0161813	0.00881685	0.0116381	0.00886581	0.217348	0.238035	0.0364924	0.00178514	0.00674916
142	0.0134669	0.0051314	0.000455619	0.000534967	0.0216384	0.00289571	0.00281738	0.487226	0.00270414	0.0347653	0.0121625	0.00309206	0.00043966	0.00289634	0.00280782	0.00401955	0.00157248	0.389199	0.00246434	0.00971078
143	0.013779	0.00516925	0.000588011	0.000570178	0.0220407	0.0030313	0.00313442	0.485075	0.0028234	0.0356201	0.0123906	0.00322356	0.000529139	0.0030126	0.00285561	0.00432011	0.00227417	0.387345	0.00247471	0.00974286
144	0.0134257	0.00514783	0.000470609	0.000534094	0.0216556	0.00287013	0.00276892	0.48589	0.00267347	0.0372669	0.0125934	0.00310992	0.000441996	0.0028531	0.00275031	0.00402804	0.00168908	0.387758	0.00243771	0.00963507
145	0.159684	0.0309929	0.00773908	0.00734947	0.0104871	0.0370598	0.00628103	0.0222858	0.0165838	0.029659	0.0100494	0.0226005	0.00962053	0.0103382	0.00942764	0.245209	0.327044	0.029438	0.00116409	0.00698631
146	0.0479037	0.0165787	0.0857251	0.11134	0.0191472	0.0203032	0.029117	0.0291229	0.0454739	0.0389051	0.0155547	0.0577372	0.0161044	0.052429	0.028015	0.116943	0.214364	0.0330186	0.0033432	0.018875
147	0.0422821	0.0176241	0.0344532	0.0413612	0.0546799	0.0226158	0.234337	0.0390223	0.0516413	0.0472188	0.0229069	0.0765104	0.012169	0.0701277	0.0326203	0.0606916	0.0428626	0.0310168	0.00368341	0.0621756
148	0.0324278	0.0200689	0.0143176	0.0170964	0.199211	0.0173852	0.0502671	0.0358879	0.0177409	0.0911535	0.0220745	0.0465169	0.00551185	0.0249867	0.0119148	0.0522227	0.0338533	0.0315852	0.0115649	0.264213
149	0.0144785	0.00645864	0.00145797	0.00213836	0.0367609	0.00245346	0.000601085	0.324326	0.000551449	0.301309	0.0609133	0.00517744	0.000751025	0.000884092	0.00150393	0.00712019	0.0215879	0.210006	0.000303498	0.00121784
150	0.0294873	0.00608831	0.322915	0.331331	0.00286176	0.0450368	0.0123384	0.00260661	0.0172414	0.00886953	0.00584826	0.0548731	0.000626387	0.055724	0.00741569	0.0565328	0.0247541	0.0115875	0.000350352	0.00351124
151	0.0295746	0.00623529	0.306873	0.331717	0.00451445	0.0415649	0.0148068	0.0035844	0.021302	0.0115523	0.00556871	0.0551491	0.00172012	0.054055	0.0103183	0.0578425	0.0250201	0.0124274	0.000377609	0.00579641
152	0.378877	0.0863783	0.00500011	0.0137821	0.0121655	0.0220603	0.00566005	0.0818858	0.00488756	0.0207281	0.00863555	0.0135446	0.00311699	0.0109526	0.00417084	0.0664816	0.130842	0.125807	0.000972377	0.00405205
153	0.0298907	0.0098824	0.00929223	0.0319099	0.0137422	0.0129509	0.0481235	0.0372675	0.251443	0.0207833	0.00785071	0.050217	0.00969723	0.0442809	0.247568	0.0751649	0.0333446	0.043721	0.000873618	0.0219969
154	0.0284549	0.00804942	0.013087	0.0427514	0.0146012	0.0157232	0.0496848	0.0367443	0.267872	0.0256492	0.0102699	0.0393942	0.00969837	0.0568458	0.210053	0.0814241	0.0304493	0.0379742	0.000516634	0.0207568
155	0.336886	0.0597743	0.00223621	0.00245701	0.017476	0.0839933	0.00379607	0.0164562	0.00313408	0.0121227	0.00867189	0.0131621	0.00441366	0.0124607	0.00268328	0.278417	0.115107	0.0200868	0.00077219	0.00589332
156	0.0208096	0.0114075	0.160754	0.0440813	0.00145053	0.0311355	0.0426378	0.00580708	0.0671943	0.00938017	0.00138062	0.374443	0.000646127	0.0778792	0.0261985	0.063134	0.0508052	0.0042782	0.00219945	0.0043777
157	0.0134302	0.0051247	0.000459649	0.000539284	0.0217718	0.00289108	0.00279858	0.486801	0.0028022	0.0347268	0.0121573	0.00315539	0.00045963	0.00296377	0.00285229	0.00405009	0.00156392	0.389297	0.00245305	0.00970163
158	0.0776993	0.00768397	0.000631325	0.000855656	0.0129556	0.750623	0.00359353	0.00410416	0.00254777	0.0106492	0.000999175	0.0217451	0.00299445	0.00545611	0.00521607	0.0552786	0.0206367	0.0140939	0.000266643	0.00196981
159	0.00657997	0.00620989	0.000602738	0.0019773	0.121419	0.00134982	0.00662648	0.106284	0.00114782	0.560575	0.109143	0.00248408	0.00393026	0.00217439	0.00319189	0.00682452	0.0106253	0.0276372	0.00413379	0.0170829
160	0.0165311	0.00993532	0.000743105	0.00204865	0.0925425	0.00491052	0.00379019	0.178112	0.00136269	0.430439	0.0959829	0.0041862	0.00382724	0.00225448	0.00325763	0.0135512	0.0232384	0.0923164	0.00378758	0.0171825
161	0.0642898	0.0173075	0.0614138	0.0547913	0.0189477	0.0322771	0.0259356	0.0635086	0.10026	0.0460263	0.0257011	0.0709953	0.0124641	0.0427058	0.144713	0.1152	0.0473534	0.0306854	0.00431359	0.0211111
162	0.0352313	0.0114614	0.126633	0.0727912	0.00533051	0.0314881	0.0400025	0.00646224	0.0971679	0.0157543	0.00207012	0.289529	0.0012273	0.0733054	0.0335615	0.0870316	0.0527653	0.00610001	0.00193513	0.010153
163	0.068754	0.00757961	0.000702972	0.00120362	0.0120644	0.760638	0.00376295	0.00448513	0.00306994	0.0111166	0.00118058	0.0224853	0.0031056	0.00581827	0.0055408	0.0525647	0.019461	0.0141399	0.000303595	0.00202278
164	0.0284693	0.0107263	0.00870022	0.0350209	0.0147814	0.0119067	0.0522486	0.039533	0.258776	0.0230477	0.00839573	0.0379234	0.00929247	0.0506969	0.225505	0.0833667	0.034539	0.0447369	0.000661128	0.0216729
165	0.0136648	0.0060105	0.00151413	0.00223842	0.0360632	0.00194572	0.000485547	0.318267	0.000453784	0.315186	0.063293	0.00537041	0.000686912	0.000699234	0.00144967	0.00650613	0.022026	0.203443	0.000138509	0.000558036
166	0.0146247	0.00683022	0.00144064	0.00219597	0.0405902	0.00245916	0.000728135	0.304787	0.000557243	0.327173	0.0663902	0.00532079	0.00113102	0.000894582	0.00156054	0.00762677	0.0227144	0.190706	0.000340589	0.00192835
167	0.2508	0.0672498	0.0203337	0.0881528	0.029161	0.0285055	0.00536059	0.0904584	0.00637369	0.0391319	0.0233988	0.00910081	0.00297938	0.0100872	0.00477247	0.0529529	0.0593612	0.205202	0.00162567	0.00499188
168	0.0317846	0.0103067	0.0293195	0.187185	0.0134081	0.0107683	0.0511286	0.0149185	0.0125876	0.0190036	0.00956437	0.0655497	0.00483131	0.394628	0.0090847	0.0588884	0.048577	0.0137118	0.00219423	0.01256
169	0.037393	0.00731904	0.355916	0.282847	0.00127698	0.0544531	0.00859451	0.00168639	0.0148392	0.005189	0.00639331	0.0494197	0.000536978	0.0582478	0.00686856	0.0673649	0.0299199	0.0103756	0.000328622	0.00103108
170	0.133416	0.00698519	0.050576	0.0764762	0.00644161	0.00838367	0.00593951	0.00942888	0.0311016	0.0113342	0.00726547	0.0599977	0.128828	0.0260526	0.024542	0.289057	0.107522	0.0102971	0.00140749	0.00494708
171	0.0561929	0.0103623	0.00834651	0.00271755	0.00707697	0.0160598	0.00776372	0.0125031	0.00408097	0.0182795	0.0146351	0.00877824	0.693879	0.0113791	0.00376334	0.060505	0.0292518	0.0236209	0.00755016	0.00325375
172	0.012599	0.00329607	0.00505298	0.00330705	0.00338233	0.0124452	0.00292165	0.00507787	0.0177915	0.0326368	0.00340932	0.0598951	0.0015754	0.00359336	0.00268289	0.339281	0.458139	0.0193149	0.00101612	0.0125826
173	0.0155702	0.00688224	0.00137775	0.00200825	0.0373786	0.00296817	0.000788294	0.331231	0.000841389	0.284299	0.0584108	0.00514043	0.000862271	0.0010915	0.00164125	0.0079277	0.0211686	0.217418	0.000613148	0.00238227
174	0.0321752	0.00763465	0.278946	0.31631	0.00966356	0.0384051	0.0215153	0.00810745	0.0269753	0.0149496	0.00628988	0.0488012	0.00262025	0.0563598	0.0120693	0.0585286	0.0287653	0.0218061	0.000482784	0.00959433
175	0.0382795	0.00720426	0.352453	0.281714	0.00130509	0.0534041	0.00872837	0.00170624	0.0162964	0.00517206	0.00630384	0.0506999	0.000563967	0.0590589	0.00697056	0.0677422	0.030751	0.0102693	0.000341224	0.00103594
176	0.418488	0.0557676	0.0059729	0.0163627	0.0139403	0.0145982	0.00463643	0.0990954	0.00427083	0.0228771	0.00893836	0.00783521	0.00263211	0.0070402	0.00379893	0.0306342	0.0938555	0.183702	0.00126965	0.00428476
177	0.022179	0.0150926	0.00259511	0.00342864	0.19865	0.0104648	0.00684887	0.132486	0.00421927	0.242894	0.0669798	0.0113999	0.00398949	0.00712468	0.0081268	0.0271349	0.0360435	0.100129	0.013636	0.086577
178	0.040958	0.0190247	0.000837807	0.00677914	0.070881	0.00821162	0.00620601	0.169214	0.0118352	0.191105	0.0727532	0.0193696	0.0092607	0.0144142	0.00781296	0.052352	0.0887634	0.162462	0.0056814	0.0420778
179	0.0127081	0.0115398	0.000617035	0.00170729	0.0795885	0.00429236	0.00341902	0.155813	0.0010263	0.498143	0.11785	0.00268258	0.00596363	0.00169148	0.00351094	0.0124669	0.0243083	0.0504358	0.00107532	0.0111605
180	0.0613277	0.0296659	0.000341943	0.000365406	0.0980656	0.0285602	0.00134386	0.200605	0.000444337	0.2808	0.0682529	0.00271635	0.00421636	0.00108078	0.000407663	0.0409409	0.0424642	0.123105	0.00429221	0.0110037
181	0.0672915	0.0288865	0.000365608	0.000550746	0.0943745	0.0298044	0.00155298	0.197004	0.000568202	0.272603	0.0664671	0.00336322	0.00417428	0.00123713	0.000532618	0.0475775	0.045799	0.122597	0.00425654	0.0109933
182	0.0474114	0.0183295	0.00172848	0.0142555	0.0564072	0.00737873	0.00623487	0.150416	0.0119637	0.19076	0.066834	0.0184627	0.0063715	0.0192179	0.0110496	0.0664164	0.0925958	0.170732	0.00502195	0.0384133
183	0.0464466	0.028696	0.00102481	0.000831526	0.150399	0.0267762	0.00270287	0.179748	0.000986585	0.256021	0.0662807	0.00440736	0.00334072	0.00200793	0.0022043	0.0358655	0.0375258	0.110073	0.00471458	0.039947
184	0.061169	0.0295602	0.000343916	0.000369676	0.0978988	0.0285036	0.00133919	0.200757	0.000444867	0.281189	0.0682759	0.00272673	0.00421636	0.00107279	0.000417952	0.040817	0.0424088	0.123231	0.00428058	0.0109771
185	0.039389	0.019238	0.000662311	0.00649074	0.072184	0.00813453	0.00551552	0.170829	0.0118074	0.210698	0.0707006	0.018656	0.00676251	0.0132668	0.0069294	0.0513804	0.0830028	0.15906	0.00586686	0.0394257
186	0.0477561	0.0189727	0.00407797	0.00937052	0.0476511	0.0124998	0.0193862	0.134938	0.0162481	0.140292	0.0611432	0.0270958	0.113504	0.0187204	0.0128	0.0788962	0.0868544	0.114927	0.00739117	0.0274748
187	0.0598222	0.02863	0.000392771	0.00107432	0.0924127	0.0264954	0.00200512	0.199709	0.00166007	0.267777	0.0683514	0.00434421	0.0050124	0.00239322	0.00105419	0.0423686	0.0475568	0.130936	0.00443492	0.0135691
188	0.0417919	0.0213819	0.000640657	0.00653066	0.0683885	0.00902082	0.00568582	0.174484	0.011294	0.197617	0.0685468	0.0187245	0.00665832	0.0125413	0.0066774	0.0510592	0.088818	0.164876	0.006071	0.0391931
189	0.0545105	0.0276011	0.000422365	0.00224828	0.0887824	0.0215699	0.00254478	0.193091	0.00368785	0.258	0.0685015	0.0079942	0.00487704	0.00466624	0.00230407	0.0438855	0.0573681	0.133061	0.00470987	0.0201736
190	0.016748	0.0137315	0.00258653	0.0027171	0.231131	0.0100116	0.00730375	0.124476	0.00306151	0.242216	0.0662821	0.00949617	0.00344992	0.0063661	0.00857224	0.0240489	0.0261752	0.0864621	0.0144599	0.100704
191	0.0588428	0.0761956	0.029706	0.00725316	0.195414	0.0418373	0.0144077	0.0406644	0.0117288	0.0729183	0.0434782	0.0875718	0.00257038	0.0132555	0.00676388	0.04123	0.0522582	0.07639	0.00158167	0.125933
192	0.0342481	0.0154194	0.000599007	0.00579045	0.101005	0.00602605	0.00587757	0.161366	0.00908602	0.22866	0.0702892	0.0162635	0.00608196	0.0107387	0.00795973	0.0417927	0.0718859	0.143688	0.0128998	0.0503233
