324	20
1	0.0581589	0.00792952	0.00146159	0.00302048	0.259625	0.00332379	0.0941999	0.0222177	0.0198661	0.0690447	0.00765983	0.0348144	0.000927583	0.0190659	0.00588223	0.0424202	0.00370966	0.0375809	0.00723945	0.301852
2	0.0454582	0.00237624	0.00371697	0.0102135	0.00288147	0.00494742	0.0124373	0.0461637	0.287701	0.115037	0.00845876	0.0164436	0.00181825	0.0297842	0.265676	0.0502168	0.0331168	0.0453055	0.00177435	0.0164731
3	0.0631525	0.000697872	0.0743655	0.0619511	0.000583487	0.0233134	0.0599972	0.00626197	0.252495	0.0269121	0.022982	0.0453331	0.000727745	0.0934854	0.155127	0.0509311	0.0383385	0.0104164	0.00028974	0.0126386
4	0.0650074	0.00746315	0.0101467	0.0156989	0.00455611	0.00740648	0.0329399	0.0382155	0.268188	0.113758	0.0156372	0.0345341	0.00143587	0.0352669	0.147142	0.046607	0.0380335	0.0730095	0.0015864	0.0433673
5	0.019186	0.00479043	0.00180434	0.00845402	0.0526862	0.024326	0.00433298	0.191369	0.0570159	0.231034	0.130057	0.00700794	0.00184342	0.0178113	0.00603067	0.0162415	0.0602284	0.151876	0.00102862	0.0128759
6	0.0396403	0.0021829	0.0117126	0.0994536	0.00113261	0.00233161	0.0464707	0.157474	0.109481	0.155012	0.0986295	0.00367459	0.00138492	0.0804386	0.0746819	0.00527674	0.00382261	0.105126	0.00035761	0.00171661
7	0.032549	0.0115625	0.164625	0.318845	0.000462941	0.0274206	0.0258163	0.0116933	0.042248	0.0167914	0.0106201	0.0401568	0.000604452	0.0918962	0.0734249	0.0540042	0.0551631	0.0178137	0.000165494	0.00413681
8	0.052039	0.0588179	0.00321285	0.0113114	0.0382161	0.0240781	0.12103	0.0762283	0.0190629	0.191053	0.0230474	0.0441286	0.00246049	0.018106	0.0351392	0.0793505	0.0234144	0.0714716	0.00503634	0.102797
9	0.0573917	0.00932542	0.00324028	0.206151	0.00225338	0.0157534	0.00474345	0.0074917	0.0847438	0.0238053	0.00502205	0.0431874	0.0313411	0.0965277	0.349832	0.0374817	0.0066014	0.00995951	0.00104575	0.00410238
10	0.032513	0.0116133	0.164752	0.319038	0.000464868	0.0274996	0.0257162	0.0115857	0.0425888	0.0169909	0.0106434	0.0400851	0.000606023	0.0915133	0.073745	0.0535066	0.0550721	0.0178031	0.000165693	0.00409719
11	0.0445579	0.0372232	0.00193245	0.0105271	0.0314964	0.00542216	0.0202411	0.176634	0.0321443	0.160533	0.0517497	0.0161739	0.0014977	0.038412	0.0404971	0.0541561	0.0488689	0.114474	0.0124805	0.10098
12	0.0285986	0.00439408	0.218675	0.378623	0.00152235	0.013656	0.00919826	0.026032	0.0202702	0.0189981	0.00746829	0.0374635	0.00172628	0.0623572	0.0326759	0.072341	0.0303375	0.0263676	0.000243904	0.00905174
13	0.0610516	0.00106	0.0638773	0.0812354	0.000764381	0.0266575	0.0599945	0.006951	0.233491	0.0247654	0.0207383	0.0457831	0.00239024	0.102316	0.162774	0.0461655	0.0333279	0.0104718	0.000426523	0.0157589
14	0.0379868	0.00190473	0.169113	0.230347	0.0762112	0.0227839	0.00261767	0.0687662	0.120658	0.109015	0.0412532	0.005832	0.00196952	0.0440706	0.00543456	0.00897213	0.042192	0.00705831	0.000959962	0.00285517
15	0.0411182	0.00107751	0.112817	0.0914284	0.00053839	0.0418916	0.0406311	0.00596539	0.127688	0.0172263	0.00266192	0.164415	0.00116807	0.037271	0.0179332	0.192336	0.0888521	0.0133117	0.000219246	0.00145034
16	0.0449677	0.0182229	0.00186341	0.0259267	0.0249674	0.00608034	0.0304734	0.152029	0.0157675	0.20751	0.0505111	0.0392643	0.00343107	0.0275607	0.0191686	0.0790864	0.0536409	0.131518	0.00374802	0.0642629
17	0.0172142	0.00106582	0.00516859	0.0365063	0.00170526	0.0131031	0.00702465	0.0161322	0.530827	0.0140328	0.0091562	0.0495861	0.00283361	0.029002	0.202081	0.0298605	0.00833096	0.0198203	0.000437155	0.00611132
18	0.0218113	0.00233105	0.00117475	0.0040958	0.366536	0.00223268	0.0375182	0.0197321	0.00761109	0.0721804	0.0296006	0.0220486	0.000943161	0.00731611	0.00953854	0.0163309	0.0045288	0.0338392	0.00307761	0.337553
19	0.0365234	0.00963472	0.190774	0.292419	0.000567142	0.0371628	0.024939	0.00883418	0.0342456	0.0151204	0.015932	0.0472759	0.000690145	0.0882659	0.0782927	0.0469133	0.054513	0.0135575	0.000250468	0.00408856
20	0.0258999	0.00149781	0.00395901	0.0189788	0.00203699	0.00555071	0.0191073	0.0320743	0.475686	0.0422219	0.0222887	0.0339352	0.0012757	0.0190533	0.197197	0.0236587	0.0126344	0.0431684	0.000514405	0.0192616
21	0.0789704	0.0109139	0.00617332	0.0153803	0.0448045	0.0100656	0.00963642	0.0298865	0.0186167	0.119757	0.0177816	0.0577214	0.00497862	0.0153202	0.00977861	0.182126	0.260031	0.0610306	0.00157356	0.0454536
22	0.0438397	0.00603578	0.119955	0.199357	0.000814111	0.0231994	0.0369818	0.00884618	0.148825	0.0211301	0.0149011	0.0387088	0.000666437	0.0864299	0.119832	0.0491984	0.0494019	0.0216702	0.000359379	0.00984927
23	0.0226964	0.00111362	0.322442	0.416007	0.00118648	0.0123901	0.0031093	0.0182072	0.0181732	0.00756436	0.00515548	0.0447613	0.0046057	0.02843	0.0131335	0.0532396	0.0101991	0.0119702	0.000177461	0.00543753
24	0.00918316	0.00320259	0.085254	0.292094	0.00162959	0.00502246	0.0917176	0.00528622	0.00671913	0.00665822	0.0729289	0.161367	0.0176903	0.196427	0.00511362	0.00797884	0.00615324	0.00634254	0.000800694	0.0184308
25	0.0189225	0.00821152	0.000627079	0.00340745	0.00467307	0.00151298	0.000978912	0.395943	0.00221226	0.141432	0.033675	0.00105524	0.000940537	0.00393135	0.00116341	0.00482438	0.00481193	0.370701	0.000227393	0.00074948
26	0.0544192	0.00162433	0.086552	0.0813161	0.000542563	0.0252035	0.0500919	0.00607475	0.215418	0.0249753	0.0170261	0.0697086	0.00132808	0.086791	0.120208	0.0848144	0.0528279	0.0111345	0.000261335	0.00968223
27	0.313333	0.0110057	0.00439437	0.0237067	0.00152293	0.0361862	0.0167686	0.00450866	0.0524493	0.0581595	0.0255674	0.0522359	0.00312624	0.0167584	0.0590839	0.216591	0.0601225	0.0403405	0.00055087	0.00358876
28	0.00320721	0.00156443	0.000677201	0.00233736	0.0366318	0.00377278	0.000664316	0.152798	0.00321548	0.627289	0.115818	0.00155009	0.000516456	0.00285416	0.00838744	0.00230448	0.00300216	0.0321443	0.000236056	0.00102939
29	0.0312961	0.00708458	0.194629	0.34703	0.00186491	0.0209297	0.0161238	0.0172282	0.0310632	0.017503	0.00991462	0.0376692	0.00164342	0.0796372	0.0482708	0.0597399	0.0454945	0.0260646	0.000262486	0.00655111
30	0.0145343	0.00829242	0.000551276	0.00286246	0.00313591	0.00105004	0.00100452	0.370747	0.00157438	0.0859662	0.0296971	0.000915685	0.000853147	0.00356913	0.000767678	0.0064363	0.00544942	0.461655	0.000171877	0.000766473
31	0.0215247	0.019318	0.00111683	0.0121609	0.0114118	0.00439467	0.00570087	0.283201	0.00777416	0.241437	0.0826265	0.00517335	0.00132156	0.00910924	0.00697845	0.0119665	0.00996214	0.253857	0.000842333	0.010123
32	0.0599469	0.000823391	0.0705671	0.0638405	0.000654101	0.0209047	0.0561326	0.00703907	0.267668	0.0260748	0.0243439	0.0416393	0.000650596	0.0814734	0.160818	0.0512181	0.037214	0.0134736	0.000293371	0.0152246
33	0.120264	0.0311325	0.00617204	0.0665937	0.00483147	0.00914846	0.00563921	0.0496391	0.107611	0.0195411	0.0125591	0.0565224	0.088218	0.130147	0.106895	0.0626211	0.0186033	0.0982425	0.0011204	0.00449878
34	0.00331924	0.00238971	0.00073915	0.00288213	0.0342543	0.00369599	0.00100584	0.176834	0.00377407	0.588044	0.124004	0.0017267	0.000563321	0.0028632	0.00816548	0.00292757	0.00312781	0.037838	0.00031586	0.00152884
35	0.0246255	0.0369625	0.0482454	0.0286926	0.00271625	0.0454987	0.0639816	0.044223	0.026024	0.0137863	0.0370057	0.06604	0.003778	0.0207672	0.047401	0.322477	0.123587	0.0376415	0.00167388	0.00487319
36	0.128518	0.00346099	0.0254705	0.019288	0.00213851	0.00904486	0.0112338	0.00685148	0.0816099	0.0209771	0.00466253	0.152621	0.0600346	0.049253	0.0349198	0.249714	0.119716	0.0142139	0.000425768	0.00584582
37	0.0156425	0.00170416	0.114554	0.114215	0.00105606	0.537572	0.00435286	0.00817949	0.0106275	0.0163546	0.00408437	0.0579387	0.00269618	0.0261054	0.00694741	0.0420332	0.0255913	0.00445657	0.0032909	0.00259782
38	0.0781585	0.00136926	0.0322977	0.0176847	0.000866284	0.0630897	0.00139484	0.00501253	0.00384968	0.00664298	0.00233139	0.00395041	0.693355	0.0289329	0.00215364	0.0418747	0.0122613	0.00306509	0.00049283	0.00121716
39	0.0594986	0.0013694	0.0674893	0.0590773	0.000772238	0.0222655	0.0590422	0.00666621	0.256887	0.0257982	0.0198582	0.0579179	0.00183836	0.0869982	0.147312	0.059299	0.0441742	0.0117067	0.000436041	0.0115935
40	0.0545248	0.0115991	0.00154872	0.00441693	0.239694	0.00486885	0.0932762	0.0290967	0.0195018	0.0796052	0.011344	0.0338935	0.000964026	0.0189948	0.00841468	0.0427057	0.00652721	0.0397572	0.0107643	0.288502
41	0.0164686	0.0107131	0.000547356	0.00357641	0.00358385	0.00159486	0.00135	0.347424	0.00216727	0.125426	0.0441207	0.00121076	0.000807827	0.00422107	0.00128183	0.00565406	0.00497863	0.423493	0.000231313	0.00114906
42	0.0858974	0.038673	0.010097	0.0287582	0.011345	0.0191769	0.00705313	0.11314	0.0534527	0.0669975	0.0441703	0.0210514	0.00449974	0.0164418	0.0149827	0.0373552	0.128347	0.282421	0.00165137	0.0144887
43	0.16466	0.00251477	0.11891	0.063707	0.00145707	0.145711	0.0113864	0.00464026	0.035323	0.00715272	0.00412425	0.133351	0.00187525	0.0302138	0.026104	0.184641	0.0535129	0.00779528	0.000552519	0.00236824
44	0.0785613	0.0850064	0.00223979	0.00777386	0.00856644	0.0111544	0.0149431	0.176616	0.0139497	0.0653869	0.0282295	0.00847609	0.00373377	0.0167844	0.0148769	0.0567215	0.0323682	0.313241	0.00295814	0.0584125
45	0.0779377	0.00133902	0.0743163	0.0554636	0.000884347	0.0191209	0.0582202	0.00944061	0.246896	0.0278052	0.0293947	0.0392139	0.00124532	0.0732395	0.154669	0.0615839	0.0349018	0.0209908	0.00044675	0.0128908
46	0.123179	0.00309612	0.0282875	0.0190063	0.00193893	0.00767993	0.0108656	0.00673819	0.0880713	0.0180956	0.00366137	0.145448	0.0610435	0.0485079	0.0344853	0.260794	0.119759	0.0130772	0.000458078	0.00580714
47	0.00260188	0.00172374	0.000659331	0.00219527	0.0346428	0.00361617	0.000663778	0.1565	0.00262403	0.632525	0.113323	0.00124137	0.000543744	0.00223092	0.00858866	0.00204358	0.00195712	0.0314303	0.000243419	0.000646563
48	0.0602848	0.00354397	0.00406495	0.014268	0.00263419	0.00592548	0.00404692	0.0358027	0.293431	0.0803859	0.0307347	0.00635548	0.00214282	0.00722691	0.00962422	0.0108207	0.197701	0.203567	0.000785409	0.0266537
49	0.16334	0.00309102	0.00257971	0.00727076	0.0162089	0.0180636	0.0024101	0.0615101	0.0574963	0.00844598	0.00678246	0.0701408	0.309824	0.120082	0.00723048	0.073362	0.0407619	0.028571	0.000777791	0.00205131
50	0.0867958	0.0025846	0.0446882	0.0334665	0.00258564	0.509379	0.004816	0.00923914	0.0108095	0.0123391	0.00393635	0.0533238	0.00168281	0.015473	0.00936303	0.151105	0.0374893	0.00568545	0.00317223	0.00206556
51	0.220104	0.0681161	0.00333442	0.00755645	0.0044296	0.0160233	0.00372973	0.0224537	0.00972055	0.0219847	0.0311018	0.0091481	0.00266205	0.00671662	0.00591653	0.0719937	0.361091	0.106041	0.000962565	0.026913
52	0.0110575	0.00114117	0.00110609	0.00259986	0.00427845	0.00225853	0.0036965	0.00331915	0.178021	0.00658912	0.00172701	0.0039302	0.00105996	0.017986	0.716188	0.0129438	0.00334821	0.00324927	0.0131334	0.0123661
53	0.0182056	0.00902798	0.00222537	0.00696987	0.0520068	0.00459084	0.00576248	0.335892	0.00971068	0.115908	0.0346217	0.00661064	0.00371171	0.00760076	0.00501992	0.013846	0.0144846	0.328351	0.00106196	0.024392
54	0.457397	0.0517146	0.00155114	0.00313255	0.00116486	0.00803177	0.00246633	0.00688849	0.00484704	0.0264769	0.0179677	0.0039404	0.00113803	0.00340169	0.00355179	0.280056	0.106049	0.0174742	0.000411109	0.00234002
55	0.165376	0.0168788	0.0163256	0.0324169	0.0223981	0.0268641	0.0181386	0.0674568	0.0532993	0.195262	0.0670873	0.0319135	0.0116516	0.0272687	0.0307785	0.074448	0.051531	0.0677683	0.00265072	0.0204863
56	0.0303214	0.00385921	0.291946	0.286405	0.00131349	0.031645	0.0169291	0.0103755	0.0423521	0.0107717	0.011097	0.0562272	0.00326634	0.0445676	0.0688388	0.040615	0.0290641	0.0127363	0.000516889	0.00715213
57	0.0770053	0.00795909	0.00422154	0.0216678	0.00648422	0.0100166	0.00621252	0.134259	0.0607437	0.0624663	0.0724238	0.109823	0.124112	0.12803	0.0159146	0.0316362	0.0220997	0.0973105	0.00162446	0.00599029
58	0.0505269	0.00661901	0.11217	0.149628	0.00106737	0.0318944	0.0443744	0.0108319	0.0787897	0.0166124	0.0115376	0.0954514	0.00358238	0.0641013	0.0570538	0.143524	0.092143	0.0247324	0.000313846	0.00504609
59	0.0681856	0.00383067	0.0981847	0.0492371	0.00146926	0.0741233	0.0216786	0.00965566	0.0756006	0.0107164	0.00643745	0.121386	0.00376635	0.0297587	0.0247398	0.26407	0.123466	0.0108259	0.000416807	0.0024513
60	0.0536045	0.0302546	0.00186396	0.00767296	0.152022	0.00913934	0.0859112	0.0518631	0.0182565	0.13865	0.016931	0.0442502	0.00173691	0.0192541	0.0168996	0.0645908	0.0158815	0.0524164	0.00680311	0.211999
61	0.217315	0.038749	0.00441205	0.0119514	0.00711118	0.0183116	0.00592513	0.0264142	0.0335128	0.0640842	0.0622299	0.0179473	0.00352854	0.0115804	0.0112631	0.0699506	0.273132	0.106662	0.00119109	0.0147292
62	0.0112289	0.00437756	0.000638595	0.00373239	0.00509193	0.00105853	0.000572992	0.527566	0.00150128	0.0820154	0.0183733	0.000955283	0.000707845	0.00242198	0.000737249	0.00368805	0.00396817	0.330673	0.000175898	0.000515628
63	0.0692262	0.0568989	0.00289339	0.0149448	0.0101222	0.0107695	0.0626686	0.186357	0.0219673	0.111046	0.0772604	0.0115298	0.0017513	0.0222968	0.0207972	0.029341	0.0268775	0.223944	0.00258883	0.036719
64	0.0367963	0.00361413	0.0164774	0.0999914	0.00360249	0.0128502	0.0232717	0.0425132	0.297648	0.0856758	0.0287275	0.0251361	0.00595314	0.0441072	0.159465	0.0270891	0.0205871	0.0555326	0.00101844	0.00994317
65	0.0495824	0.0448789	0.00258676	0.00625854	0.00782145	0.00394434	0.050149	0.281075	0.0387231	0.035475	0.0687217	0.00589703	0.00156106	0.0503995	0.0418395	0.0198226	0.0336819	0.190954	0.00364059	0.0629874
66	0.0112455	0.00377828	0.00242986	0.00855053	0.0258239	0.00600098	0.00305931	0.20357	0.0145719	0.467823	0.114825	0.00320887	0.0022133	0.00842343	0.00954272	0.00887514	0.0122441	0.0887529	0.000621351	0.00443965
67	0.0862069	0.00235585	0.0255199	0.0224174	0.00310085	0.0303388	0.00301039	0.0160759	0.0148745	0.0113574	0.00601036	0.0153141	0.622777	0.0527888	0.010172	0.0464514	0.0184118	0.0106508	0.000505216	0.00166051
68	0.0552507	0.0541921	0.0102279	0.128732	0.00537617	0.0265031	0.0100353	0.0227216	0.0493321	0.021921	0.0120081	0.0274015	0.0666366	0.0474147	0.197955	0.212365	0.0198454	0.0236599	0.0014528	0.00696902
69	0.0485357	0.0053673	0.0546805	0.149541	0.00344356	0.0159118	0.0287432	0.0192497	0.199048	0.0346426	0.0179691	0.0328134	0.00399958	0.0511446	0.11273	0.0461314	0.0730255	0.0655181	0.00116691	0.0363386
70	0.0545974	0.0127636	0.0178041	0.104063	0.00599231	0.0151919	0.00979139	0.0618481	0.129676	0.0446048	0.0256135	0.0283709	0.00672052	0.0251742	0.0221477	0.0340285	0.17266	0.211977	0.00176989	0.0152038
71	0.0354147	0.00500457	0.24743	0.295431	0.00101916	0.0259278	0.0357062	0.0104796	0.0476523	0.0122019	0.0164604	0.0570633	0.00399838	0.0657159	0.0442115	0.0441128	0.0314615	0.013047	0.000431884	0.00723081
72	0.0852298	0.00226259	0.0258049	0.019757	0.00383651	0.0300508	0.00348167	0.0134207	0.0171048	0.0134581	0.00521352	0.0191037	0.588736	0.035945	0.00762523	0.0738836	0.0422604	0.0086976	0.000674113	0.00345362
73	0.0291972	0.00129239	0.00110933	0.00277878	0.0273434	0.0175444	0.00123408	0.100672	0.0225598	0.34219	0.271197	0.00217436	0.000914813	0.0343336	0.00210527	0.0118084	0.0473808	0.0646101	0.000403042	0.0191514
74	0.01348	0.00646467	0.000884644	0.00347585	0.00447391	0.00137902	0.00128333	0.434294	0.00223675	0.0653396	0.021686	0.00119885	0.000907777	0.00291022	0.00126543	0.00757899	0.00884372	0.420767	0.00031623	0.00121397
75	0.0629299	0.00883317	0.00154467	0.00317041	0.255522	0.00364933	0.10037	0.0238129	0.020545	0.0695219	0.00662621	0.0373553	0.000983002	0.0209499	0.00554274	0.0467783	0.00370623	0.0359049	0.00737163	0.284882
76	0.0946193	0.0101637	0.0188884	0.0246776	0.00310525	0.0470545	0.133175	0.0142062	0.178037	0.128909	0.0102815	0.131678	0.00432237	0.0201184	0.0276597	0.106036	0.0226859	0.0153373	0.00139634	0.00764936
77	0.036886	0.00768459	0.0160661	0.0325393	0.0331922	0.0158156	0.0122255	0.124241	0.0400021	0.25323	0.203911	0.0153967	0.00746981	0.0281444	0.0212116	0.0236859	0.037229	0.0717656	0.00145827	0.0178448
78	0.0393936	0.00107349	0.116691	0.0897467	0.000624752	0.0426836	0.0405372	0.00585283	0.127178	0.0166075	0.00276924	0.167446	0.000972128	0.0359652	0.0186718	0.192929	0.0870657	0.0124064	0.000222445	0.00116332
79	0.0166893	0.0059114	0.000869606	0.00272817	0.00351688	0.00136127	0.00101045	0.368014	0.00191862	0.0533463	0.0146923	0.00130863	0.00182614	0.00292985	0.00119934	0.0212044	0.0143629	0.484444	0.000231155	0.00243565
80	0.0266974	0.00308945	0.0916931	0.0347643	0.00128587	0.0334533	0.0192231	0.00759555	0.105986	0.0100899	0.00433133	0.127573	0.00774081	0.0284921	0.0237835	0.312224	0.151275	0.00844671	0.00041043	0.00184521
81	0.0205854	0.00202376	0.00141131	0.0042369	0.377303	0.00243322	0.0343131	0.0187613	0.0073369	0.06876	0.030835	0.0204742	0.00102555	0.00683223	0.00930303	0.0152676	0.00476393	0.0317715	0.00285701	0.339705
82	0.227169	0.0032307	0.129579	0.086043	0.00151409	0.138655	0.00581237	0.00348078	0.0177247	0.00657652	0.00588533	0.0993239	0.00149519	0.0297424	0.0162114	0.175356	0.0431863	0.00668307	0.000452612	0.00187801
83	0.0571548	0.00593185	0.207272	0.287176	0.00116702	0.0442927	0.0143686	0.0104185	0.0196556	0.0117322	0.0378742	0.0403092	0.00111903	0.081083	0.0387628	0.0837816	0.041377	0.0122127	0.000379215	0.00393219
84	0.00479557	0.00147445	0.000527395	0.00409799	0.00598885	0.000747004	0.000524005	0.632339	0.00126843	0.0352028	0.0106485	0.000920044	0.000704478	0.00128617	0.000686363	0.00291331	0.00363101	0.29167	0.000135814	0.000438128
85	0.0957344	0.00608825	0.0444456	0.0453978	0.00413428	0.518891	0.00546688	0.0148609	0.0191485	0.0253878	0.00787088	0.0365647	0.0126651	0.0221295	0.0120458	0.0801698	0.0296654	0.0118993	0.0040877	0.00334652
86	0.0980379	0.00819234	0.0492544	0.0494144	0.00449656	0.479317	0.00859936	0.0169211	0.0245205	0.0223695	0.0127327	0.0379604	0.0106122	0.0212769	0.0148409	0.0821068	0.0309235	0.0169203	0.00477508	0.00672805
87	0.0318876	0.0128916	0.00305213	0.0110873	0.0184132	0.0087337	0.00738514	0.227702	0.0229302	0.262179	0.0807547	0.00857618	0.00369043	0.01331	0.0125267	0.0190684	0.0268135	0.2151	0.00115167	0.0127466
88	0.16535	0.00168367	0.118761	0.0696687	0.00131295	0.141962	0.0108092	0.00398246	0.0352043	0.00578382	0.0035057	0.124252	0.00108028	0.031993	0.021629	0.197669	0.0566202	0.00689965	0.000441294	0.00139179
89	0.0107335	0.000467495	0.355065	0.460819	0.000444874	0.0132273	0.00304472	0.00740865	0.027452	0.00181044	0.00421323	0.0389343	0.00647674	0.020316	0.010696	0.0254384	0.00587842	0.00347058	0.000121063	0.00398259
90	0.0708789	0.00923962	0.0583969	0.135765	0.00854654	0.041626	0.0288897	0.0384942	0.085782	0.0597233	0.0398585	0.0563765	0.0215074	0.117947	0.0646811	0.0638207	0.0438948	0.0378246	0.00218404	0.0145632
91	0.0146674	0.00799401	0.00188785	0.0102322	0.0125974	0.00673863	0.00543369	0.296847	0.048798	0.187219	0.167275	0.00558956	0.00274734	0.016444	0.00726763	0.0129113	0.0487226	0.137946	0.000913505	0.00776778
92	0.0180495	0.00145669	0.0104952	0.0198362	0.00288227	0.00723693	0.00752213	0.00529234	0.279039	0.0114549	0.00500518	0.0192776	0.00209999	0.0366254	0.513009	0.02415	0.00931393	0.00742952	0.00843847	0.0113855
93	0.107437	0.00779818	0.0126241	0.451306	0.00272021	0.00829916	0.00646204	0.010894	0.0115056	0.0127691	0.00722338	0.0091646	0.00283548	0.229823	0.00830034	0.03227	0.0356277	0.037056	0.00108384	0.00480037
94	0.00397183	0.00327565	0.000849345	0.00236573	0.0280087	0.0040699	0.000813928	0.203607	0.00535714	0.52335	0.158294	0.00145767	0.000824823	0.00318678	0.00682688	0.00294682	0.00481159	0.0443966	0.000287287	0.0012987
95	0.0175185	0.00133016	0.0093154	0.0177936	0.00347521	0.00547944	0.00964276	0.00574536	0.234303	0.0118971	0.00537094	0.0128033	0.00135334	0.0343035	0.567416	0.0193872	0.00818925	0.00748095	0.00997957	0.0172153
96	0.0401813	0.00741044	0.17225	0.330724	0.00521954	0.0405068	0.0163613	0.0242345	0.0472997	0.0223055	0.0169963	0.0410925	0.00982872	0.0608367	0.0483244	0.0528081	0.0280141	0.0264897	0.000974535	0.00814197
97	0.00675637	0.00239334	0.000532937	0.00378161	0.00538971	0.000846544	0.000547226	0.587116	0.00142091	0.040255	0.0124065	0.000871202	0.000846228	0.00164342	0.000731784	0.00453768	0.00516722	0.324025	0.000128492	0.000603328
98	0.0528473	0.00912137	0.101477	0.260695	0.00981762	0.138293	0.0144025	0.0736513	0.0362099	0.0370334	0.0193865	0.0336872	0.0122207	0.0432524	0.0304761	0.0567259	0.0331868	0.0252913	0.0030352	0.00918917
99	0.0224404	0.00548587	0.00769435	0.0167529	0.0342862	0.00949213	0.00704539	0.144375	0.0249794	0.432369	0.124478	0.0111908	0.00301277	0.0147314	0.0156635	0.0204181	0.0233758	0.0687825	0.000986179	0.0124412
100	0.0793858	0.00293589	0.0299634	0.0284442	0.00468185	0.040409	0.00423866	0.0152662	0.0120544	0.0146518	0.00704119	0.00984591	0.626988	0.037198	0.0103022	0.048442	0.0157196	0.0091687	0.000988335	0.00227507
101	0.00703651	0.00416067	0.000668148	0.00338503	0.0249677	0.00389538	0.00102368	0.234982	0.00459165	0.473767	0.11898	0.00168792	0.00061326	0.00413108	0.00605434	0.00348764	0.00656258	0.0980696	0.000276988	0.00165944
102	0.0109439	0.00209545	0.00214993	0.00610132	0.00970641	0.00847326	0.00199833	0.177739	0.126979	0.212896	0.183597	0.00434869	0.0016863	0.0107945	0.00318804	0.0188034	0.156046	0.0566207	0.000713662	0.00511951
103	0.0613448	0.00834143	0.0556935	0.0787013	0.00221978	0.0292894	0.094472	0.035101	0.130263	0.027196	0.011255	0.168983	0.00422639	0.0348459	0.0359137	0.141784	0.0570369	0.0153964	0.00111709	0.00681947
104	0.0851107	0.00224735	0.0272037	0.0198474	0.00210881	0.0325563	0.00264934	0.0164603	0.014509	0.0119597	0.00573792	0.0143548	0.631666	0.0401597	0.0109367	0.0519645	0.0182622	0.00932598	0.000463408	0.00247561
105	0.0105991	0.000595957	0.35513	0.460052	0.000455827	0.0138277	0.00375649	0.00700543	0.0317419	0.00192843	0.00440381	0.0347835	0.0054483	0.0189903	0.0130138	0.0234617	0.00617783	0.0035084	9.99186e-05	0.00501988
106	0.00347476	0.00189475	0.000797913	0.00283777	0.033537	0.00412293	0.00101186	0.157912	0.00391832	0.623371	0.110939	0.00156907	0.00060312	0.00310341	0.00993572	0.00285357	0.00296133	0.0330265	0.000414952	0.00171519
107	0.0301014	0.00282793	0.00152332	0.00569697	0.401685	0.00277336	0.0335287	0.0231536	0.00783837	0.0757612	0.0399291	0.0218659	0.00109767	0.00829318	0.0082933	0.0204208	0.00886159	0.0281328	0.00258019	0.275636
108	0.0394139	0.00216007	0.0118553	0.100627	0.00115496	0.00234962	0.0472446	0.157011	0.109379	0.154058	0.0979903	0.00369578	0.00141058	0.0811068	0.0743115	0.00527436	0.00369934	0.105355	0.000369516	0.00153373
109	0.115637	0.0157301	0.0285964	0.133325	0.00276777	0.0291829	0.0134685	0.0122021	0.0730306	0.0258375	0.0146781	0.0376794	0.0187692	0.0550021	0.214348	0.156103	0.025646	0.0193083	0.00149451	0.0071926
110	0.0242427	0.0102608	0.000956718	0.00477262	0.00307663	0.00181527	0.00214936	0.370265	0.00386396	0.13898	0.0378248	0.00196008	0.00235965	0.00577288	0.00185513	0.00673844	0.00614244	0.374972	0.000294971	0.00169714
111	0.105606	0.00689893	0.0541086	0.0509183	0.0047189	0.475834	0.00718321	0.0138279	0.0209709	0.0239533	0.0113227	0.0358991	0.00835495	0.0240687	0.0175697	0.0840526	0.0293093	0.0161847	0.00407177	0.00514602
112	0.00744938	0.00266513	0.000588283	0.00354703	0.00526987	0.000830618	0.000564154	0.579671	0.00135047	0.0449658	0.0133949	0.000936958	0.00102213	0.00175548	0.00079354	0.00468704	0.00513904	0.324218	0.000128726	0.00102244
113	0.153377	0.00231885	0.0591143	0.081563	0.000910976	0.0228916	0.0338523	0.0121152	0.0975263	0.0158524	0.00398679	0.12208	0.0174875	0.0509226	0.0185265	0.161363	0.106603	0.0304897	0.000401884	0.00861647
114	0.148334	0.00254515	0.0186243	0.015563	0.0056841	0.0241691	0.00258869	0.0188227	0.0203938	0.00724234	0.00344925	0.0258597	0.525738	0.0638511	0.00423353	0.0648565	0.0343271	0.0112692	0.000461159	0.00198776
115	0.0801437	0.00208054	0.03097	0.0252074	0.0027999	0.0353493	0.00328306	0.0128955	0.0132294	0.0107523	0.00530323	0.0129381	0.644102	0.0367882	0.0072201	0.0489411	0.0166194	0.00846175	0.00116616	0.00174893
116	0.0560181	0.00772563	0.0363384	0.0506506	0.0048652	0.0257981	0.0229671	0.0377233	0.23728	0.0515766	0.0285461	0.0559712	0.00948215	0.0396185	0.0729724	0.0741279	0.129812	0.0453571	0.00111408	0.0120556
117	0.0886806	0.00723808	0.0457727	0.0500763	0.00565536	0.473497	0.00831352	0.0192106	0.024988	0.0285429	0.0142908	0.0381779	0.0213053	0.0217982	0.0166324	0.0780418	0.0306589	0.0175586	0.00424342	0.00531772
118	0.109072	0.135351	0.00200548	0.00541976	0.00165596	0.0193325	0.00318813	0.0685432	0.00503573	0.0145743	0.0117285	0.00394581	0.00174873	0.0035991	0.00287857	0.0144677	0.0438873	0.546316	0.000602819	0.00664811
119	0.0286531	0.00654634	0.00873067	0.0164975	0.0354623	0.0161904	0.00925338	0.137842	0.0317004	0.433197	0.108394	0.0137987	0.00509652	0.0138223	0.0160171	0.0211932	0.0187109	0.0641688	0.00106368	0.0136621
120	0.00768214	0.00134812	0.000792247	0.00268542	0.0560731	0.0049847	0.00106352	0.134534	0.00495647	0.581121	0.135323	0.00240599	0.000517538	0.00554863	0.00736299	0.00378408	0.00803127	0.0330706	0.000242455	0.00847353
121	0.0246567	0.00264848	0.00138704	0.00414528	0.384981	0.00252455	0.035578	0.0201556	0.00787674	0.0704739	0.0334272	0.021039	0.00101153	0.00740557	0.00868146	0.0177437	0.00588856	0.0298947	0.00291325	0.317567
122	0.107185	0.00727332	0.044114	0.0410447	0.00321692	0.496778	0.00824155	0.0137416	0.0207499	0.023356	0.00951991	0.039043	0.00625231	0.0206368	0.0201444	0.0851923	0.0294551	0.0163387	0.00412623	0.00359091
123	0.0741601	0.00585971	0.0200947	0.0330314	0.00802605	0.0315341	0.00780706	0.0441174	0.0282356	0.0937723	0.030411	0.0351456	0.408493	0.0381795	0.0190441	0.050397	0.0297274	0.0330314	0.00130007	0.00763275
124	0.0766937	0.00213991	0.0311056	0.0265527	0.00209908	0.0373416	0.00460167	0.0129696	0.0138576	0.0107246	0.00475662	0.0118426	0.639	0.0383138	0.00852397	0.0472883	0.0173694	0.0105852	0.00132558	0.00290882
125	0.0988096	0.00743147	0.0531713	0.04189	0.00665458	0.474781	0.00793393	0.0171809	0.0240044	0.0286107	0.0149883	0.0354895	0.0123503	0.0227301	0.0151975	0.0828009	0.0309228	0.0168447	0.00352564	0.00468263
126	0.175255	0.0977726	0.0131279	0.0236483	0.00589854	0.0275437	0.0110344	0.0386994	0.0245341	0.0305368	0.0342241	0.0200589	0.00760384	0.0160047	0.0168128	0.0908308	0.242936	0.106606	0.00189699	0.0149751
127	0.0964607	0.00748263	0.0482677	0.0493454	0.00487998	0.502563	0.00649229	0.0169364	0.0197352	0.0234038	0.00916806	0.0368167	0.00626549	0.02075	0.0139843	0.0810324	0.0326141	0.0148587	0.00514871	0.00379434
128	0.0465748	0.00553122	0.0372425	0.0605214	0.00699255	0.0218437	0.0255582	0.0279421	0.281839	0.0418683	0.0247216	0.0453134	0.00908852	0.0442376	0.183839	0.0584517	0.0361324	0.0271042	0.00244672	0.012752
129	0.0992564	0.0225153	0.0330961	0.0477941	0.0132439	0.0461001	0.0138307	0.0504697	0.0649256	0.0616127	0.0397586	0.0467038	0.0205688	0.0331444	0.0270633	0.102478	0.197968	0.0611155	0.00211447	0.0162405
130	0.0131306	0.00226766	0.00241738	0.00480887	0.0335301	0.00676861	0.0019074	0.137085	0.0136045	0.505007	0.176541	0.00313559	0.000803601	0.011412	0.00727293	0.00704175	0.0193347	0.0457596	0.000398005	0.00777438
131	0.0109761	0.00472948	0.00207335	0.00618434	0.0259232	0.00463312	0.00314632	0.189958	0.0128252	0.494032	0.111903	0.00399571	0.00234964	0.00768389	0.0093732	0.00816057	0.0112569	0.0857752	0.000706205	0.00431447
132	0.276015	0.0244065	0.0240485	0.0398858	0.0173328	0.0945715	0.0148268	0.0273709	0.0390495	0.038473	0.021184	0.033998	0.0443612	0.0303458	0.0267917	0.127215	0.0526127	0.0518492	0.00188359	0.0137788
133	0.0150555	0.00109859	0.00353262	0.0171645	0.00310926	0.00888853	0.00520667	0.00847783	0.371833	0.0114685	0.00530756	0.0229429	0.00230966	0.0230935	0.443682	0.0225896	0.00667263	0.0117817	0.00631164	0.009474
134	0.179217	0.0430524	0.0136837	0.0328734	0.0129146	0.0381961	0.0153295	0.163501	0.034524	0.0733053	0.0393149	0.0246141	0.0186751	0.0274647	0.0238227	0.0568265	0.0422332	0.14196	0.00237727	0.0161144
135	0.0185689	0.0101357	0.000591479	0.00348131	0.00245649	0.0012534	0.00109416	0.375108	0.0018168	0.121705	0.0360785	0.000969642	0.000891577	0.00444904	0.000885732	0.00506158	0.0048953	0.409589	0.000195812	0.000773335
136	0.398635	0.023526	0.00898646	0.0154417	0.00437632	0.0959674	0.00751754	0.00810782	0.0205791	0.0213777	0.0136119	0.0271068	0.00422999	0.012958	0.016099	0.242249	0.0550237	0.0188605	0.000843861	0.00450244
137	0.219593	0.0820291	0.00565721	0.0139241	0.002737	0.0135667	0.106983	0.0124122	0.0557026	0.019694	0.00871479	0.166839	0.00404536	0.0105477	0.0115129	0.218666	0.0276463	0.0125946	0.00130919	0.00582492
138	0.0491477	0.00953647	0.0642767	0.0837699	0.00236749	0.0289445	0.0746905	0.0152287	0.0763016	0.0159189	0.0303026	0.107572	0.00419532	0.0590233	0.0655855	0.180044	0.10692	0.0197892	0.000579333	0.00580648
139	0.0129453	0.00315147	0.00156064	0.00909392	0.0108587	0.00782855	0.0015538	0.200726	0.0513093	0.22078	0.238213	0.0063026	0.00104548	0.015718	0.00236549	0.0212328	0.105631	0.0821547	0.000613824	0.00691573
140	0.0121009	0.000722146	0.348495	0.448499	0.000507042	0.0153144	0.00390424	0.00762711	0.0280467	0.0022061	0.00452946	0.0432415	0.00600795	0.0216974	0.0122277	0.029873	0.00737983	0.00363495	0.000110137	0.00387488
141	0.265099	0.192661	0.00229844	0.0050582	0.00165459	0.0374425	0.0031969	0.0737356	0.00560628	0.0159594	0.0176217	0.0035979	0.00183253	0.00384706	0.00319247	0.0202229	0.0734261	0.266123	0.000884505	0.00654016
142	0.155719	0.0051146	0.0173804	0.0277928	0.00229291	0.0107047	0.0327779	0.00835398	0.0860054	0.0207741	0.00544411	0.160453	0.0121406	0.0369192	0.0116575	0.133211	0.225756	0.0261506	0.000781246	0.0205715
143	0.0435559	0.0052043	0.00972977	0.0169171	0.339985	0.00988036	0.0281453	0.0500181	0.015028	0.130556	0.0598434	0.0237155	0.0045694	0.0137351	0.0093332	0.0285399	0.0181596	0.0367344	0.00281014	0.15354
144	0.00757635	0.00568458	0.000950134	0.00343146	0.0211141	0.00503109	0.00240596	0.231179	0.0128884	0.395511	0.207683	0.00182074	0.000975076	0.00726811	0.00519459	0.00587047	0.0156418	0.0657456	0.000386295	0.00364245
145	0.0415448	0.00304751	0.00529018	0.0194529	0.0179942	0.0072007	0.00959205	0.0118348	0.23201	0.020882	0.00619757	0.0162069	0.00659541	0.0249731	0.506596	0.0268681	0.0113929	0.0138607	0.00751432	0.0109455
146	0.0138881	0.0054991	0.000758389	0.00260114	0.003715	0.0012464	0.000829258	0.356709	0.0016871	0.0521947	0.0149	0.00122971	0.00168982	0.00278395	0.00107342	0.015058	0.0126657	0.509651	0.000244454	0.00157534
147	0.0516707	0.0193323	0.00767555	0.0218301	0.00837679	0.0135475	0.00834464	0.168264	0.0287572	0.0468222	0.0223076	0.026697	0.0905438	0.0329816	0.0177943	0.118476	0.0329213	0.271416	0.00178478	0.0104571
148	0.414213	0.0102828	0.00549052	0.0122265	0.00554141	0.252948	0.00263574	0.00600059	0.0140415	0.0096455	0.00651137	0.0129435	0.00131976	0.0119013	0.00706885	0.190121	0.0134367	0.0212607	0.000820457	0.00159147
149	0.147294	0.0145297	0.0421505	0.0560428	0.0116857	0.0683943	0.0198708	0.0259031	0.0590321	0.0368244	0.0231197	0.0524128	0.0286862	0.0336541	0.0461472	0.219958	0.0675709	0.031314	0.00169556	0.0137141
150	0.309547	0.00530794	0.0264443	0.0763381	0.0060718	0.265482	0.00487312	0.00593091	0.0120838	0.0076994	0.00404964	0.0237795	0.00195612	0.0153626	0.010471	0.197273	0.0143739	0.00960324	0.00123678	0.00211524
151	0.00702963	0.00306338	0.000861959	0.00346499	0.0338715	0.00540668	0.00163852	0.187077	0.00830882	0.528441	0.113784	0.00294598	0.000713666	0.00519777	0.00770885	0.00570321	0.0101914	0.0693848	0.000411291	0.00479563
152	0.015257	0.00859717	0.000768843	0.00328533	0.0031192	0.00118376	0.00116193	0.352185	0.00256242	0.0748748	0.0242036	0.00115363	0.00122613	0.0036176	0.00135683	0.00887709	0.00843656	0.486829	0.000224153	0.00107961
153	0.0420853	0.00767143	0.137011	0.218682	0.00100851	0.0380661	0.0460184	0.00978277	0.083467	0.018408	0.0184686	0.0448119	0.00251838	0.121103	0.0941289	0.0499959	0.0444991	0.0139899	0.000597252	0.00768591
154	0.0770367	0.00712986	0.017144	0.0441698	0.00726364	0.0365847	0.0105392	0.0313441	0.209645	0.0337076	0.0166205	0.0567063	0.162332	0.0489931	0.0714404	0.0773274	0.0485078	0.0337081	0.00192518	0.00787464
155	0.0252837	0.00271936	0.00117801	0.00435427	0.378196	0.00253149	0.0391048	0.0201191	0.00867622	0.0704887	0.0310792	0.0225379	0.000915197	0.00872951	0.00878465	0.0188615	0.00562635	0.0312199	0.00313106	0.316463
156	0.0118692	0.00542786	0.000767618	0.00466439	0.00788417	0.00203205	0.00116401	0.5024	0.00449317	0.110866	0.0342321	0.00163741	0.000865652	0.00338977	0.00242466	0.00454033	0.00628488	0.293249	0.000260331	0.00154755
157	0.114052	0.00714166	0.0448205	0.0413992	0.00399062	0.502413	0.00613962	0.0151682	0.0170839	0.0198782	0.010418	0.0339742	0.0154485	0.0212295	0.0116772	0.0834983	0.0259019	0.0169276	0.00482176	0.00401667
158	0.0201036	0.0021889	0.317126	0.410036	0.00156859	0.0225547	0.0088911	0.00947276	0.0321049	0.00615925	0.0070202	0.0414819	0.00492748	0.0318964	0.0222576	0.0344293	0.0144746	0.00780866	0.00041117	0.00508688
159	0.182088	0.0056609	0.0289473	0.0309132	0.00487505	0.419895	0.00737064	0.00876015	0.0199196	0.0141316	0.00619828	0.033833	0.00395242	0.0158634	0.0135706	0.161774	0.0260297	0.0108049	0.00257873	0.00283304
160	0.441805	0.0327763	0.00373634	0.00852133	0.00230959	0.0706308	0.0037522	0.00562987	0.0107775	0.0199596	0.0129774	0.00997432	0.00224952	0.00810406	0.00783299	0.27989	0.0617772	0.0141562	0.000496997	0.00264269
161	0.0143844	0.00102449	0.00452837	0.0106471	0.0037426	0.00535107	0.00685887	0.00697822	0.222608	0.0128604	0.00412494	0.0102085	0.00161273	0.0236641	0.61823	0.0175387	0.00594768	0.00701106	0.0106321	0.0120472
162	0.0143652	0.0156507	0.000914673	0.00537915	0.0077232	0.00372143	0.00299078	0.330885	0.00828015	0.201068	0.15527	0.0019011	0.00114664	0.00596036	0.00266471	0.00567106	0.00902306	0.224728	0.000449312	0.00220719
163	0.0130214	0.00807153	0.000515324	0.0032788	0.00377193	0.00115466	0.00112247	0.416221	0.00161837	0.0775033	0.0253298	0.00114772	0.000655472	0.0031262	0.000869917	0.00601783	0.00537147	0.429888	0.000239477	0.00107602
164	0.0385206	0.00431953	0.0172415	0.0372092	0.00534327	0.0128973	0.0114251	0.0152036	0.169014	0.021951	0.00909799	0.0171275	0.00840907	0.0304313	0.510426	0.0384148	0.0169105	0.0149133	0.00823073	0.0129137
165	0.0471879	0.00746737	0.187751	0.358551	0.00543661	0.0284278	0.0150884	0.0240946	0.0404667	0.0198082	0.0147457	0.0409878	0.00889416	0.0588333	0.0385358	0.0471444	0.028046	0.0202975	0.00103862	0.00719723
166	0.0105016	0.00529555	0.00103233	0.00428927	0.020067	0.00584801	0.00161211	0.231233	0.010668	0.38722	0.162041	0.00228117	0.000876728	0.00791725	0.00456198	0.00629829	0.0149716	0.119446	0.000296826	0.00354155
167	0.0438641	0.00532106	0.00952237	0.0176099	0.3358	0.00837636	0.0281925	0.0437858	0.0208986	0.115682	0.0547256	0.0235829	0.00649048	0.0160954	0.0184601	0.0274036	0.0227702	0.0350311	0.00275819	0.163629
168	0.329662	0.00343191	0.0216154	0.0528547	0.00125074	0.106832	0.00551739	0.00369725	0.0396085	0.0221993	0.0181042	0.114968	0.00155516	0.0132514	0.0195261	0.14196	0.0576221	0.0436932	0.00043922	0.00221118
169	0.0264082	0.001532	0.00168678	0.0086848	0.471816	0.00293292	0.0139896	0.0227859	0.00509058	0.0861101	0.0770421	0.0191718	0.00110437	0.00449807	0.00704922	0.0161226	0.0137674	0.0202799	0.00151504	0.198413
170	0.395471	0.00969312	0.0168267	0.0197839	0.00562634	0.245051	0.00373295	0.00566781	0.015094	0.0106284	0.00723805	0.0198956	0.00187507	0.0137116	0.00822576	0.187856	0.0157557	0.0145738	0.00121009	0.00208402
171	0.0108943	0.00110623	0.00109221	0.00259341	0.004208	0.00226109	0.00373528	0.00327678	0.178944	0.00633869	0.00175131	0.00402368	0.00106131	0.018042	0.716188	0.0128115	0.00325095	0.0032492	0.0128737	0.0122985
172	0.0116514	0.00119217	0.345547	0.453546	0.000536892	0.01431	0.00527642	0.00711987	0.0330329	0.00247324	0.00451957	0.0350208	0.00519654	0.0217447	0.0179992	0.023861	0.00836856	0.00406487	0.00010114	0.00443838
173	0.0514332	0.0028606	0.0412619	0.0455348	0.00212285	0.021766	0.0902314	0.0133967	0.283494	0.0320483	0.0172489	0.0892996	0.00402197	0.0541195	0.132916	0.0566186	0.0325927	0.0161169	0.00105423	0.0118618
174	0.169057	0.00676231	0.010154	0.440042	0.00306278	0.0109634	0.00512214	0.0111732	0.0101331	0.0114699	0.00736923	0.00836093	0.0027078	0.199329	0.00709016	0.0425537	0.0247691	0.0247189	0.00109509	0.00406526
175	0.0820355	0.00450003	0.026092	0.0253649	0.0031867	0.0319556	0.00369464	0.0145462	0.012568	0.0126264	0.00586754	0.0117863	0.625533	0.0376156	0.00983585	0.0492229	0.022563	0.0168808	0.000905622	0.00321948
176	0.163634	0.0827139	0.0140988	0.034733	0.00648931	0.0292253	0.0243862	0.0318577	0.0284052	0.033169	0.0224507	0.0362247	0.0127362	0.0203525	0.0385824	0.30449	0.0643133	0.0394912	0.0018064	0.0108402
177	0.00465727	0.00144743	0.000524599	0.00415288	0.00603916	0.000750832	0.000507898	0.635144	0.00126773	0.0354628	0.0105521	0.000909865	0.000689043	0.00124233	0.000683312	0.00281207	0.00363251	0.288935	0.000132386	0.000456901
178	0.00934315	0.00504991	0.000564846	0.00340902	0.00598318	0.00140356	0.000536888	0.580728	0.00185242	0.0467434	0.0155629	0.000926895	0.000948161	0.00178351	0.000742392	0.00445176	0.00528094	0.313511	0.000125753	0.00105172
179	0.0450008	0.00516787	0.00673178	0.0196376	0.349775	0.0129126	0.02335	0.0488491	0.0202798	0.103086	0.0571888	0.0211182	0.00274864	0.0123463	0.0142364	0.0298082	0.0226764	0.0421979	0.00295034	0.159938
180	0.0166618	0.0076117	0.00184189	0.00974315	0.019028	0.00703815	0.0045561	0.284941	0.0202511	0.230156	0.182559	0.00543757	0.00389057	0.0145209	0.00691519	0.0109139	0.0280256	0.134694	0.00143978	0.00977465
181	0.0501007	0.00345363	0.278053	0.264192	0.00427993	0.0432733	0.0164585	0.0148027	0.0481837	0.0188406	0.013865	0.0502593	0.0196022	0.0390322	0.0337825	0.0553452	0.0262393	0.0123982	0.00139843	0.00643942
182	0.0456963	0.0048283	0.194562	0.33656	0.00954437	0.0287077	0.0152506	0.0196218	0.0481972	0.0223655	0.0157022	0.0416185	0.0181816	0.053001	0.0415501	0.0510535	0.0237245	0.0200906	0.000856597	0.00888757
183	0.00638203	0.00279023	0.000520829	0.00368387	0.00586863	0.000791346	0.000494945	0.595855	0.00145267	0.0497601	0.0145098	0.000783575	0.000588122	0.00167751	0.000701649	0.00299706	0.00384244	0.306688	0.000125844	0.000486855
184	0.0494148	0.00426648	0.276979	0.265372	0.00456538	0.0498376	0.0148149	0.0124111	0.0420791	0.0142666	0.0141791	0.0538636	0.0232109	0.0394586	0.0303837	0.0588333	0.0271384	0.0116896	0.000730293	0.00650503
185	0.408387	0.024546	0.0118395	0.0192074	0.00330919	0.098039	0.00498366	0.00644231	0.0154026	0.0198167	0.0122307	0.0207076	0.00708523	0.011586	0.0110458	0.253613	0.0517584	0.0166972	0.00070176	0.00260141
186	0.0135368	0.00586919	0.0019108	0.00594525	0.0212007	0.00577161	0.00348872	0.307143	0.0136551	0.311273	0.0918537	0.00479336	0.00111832	0.0080735	0.00876856	0.0119342	0.0157323	0.160862	0.000487444	0.00658299
187	0.25528	0.00611644	0.0541079	0.0356614	0.00317015	0.380318	0.00330539	0.00493087	0.0109328	0.00691103	0.00265948	0.037023	0.00131668	0.0161932	0.00670583	0.144568	0.0199066	0.00742331	0.00169354	0.00177606
188	0.324295	0.0059725	0.0157035	0.0213622	0.0202334	0.287095	0.00552197	0.00664564	0.0139357	0.00928646	0.00440349	0.0177736	0.00155943	0.0147999	0.00871179	0.209834	0.0144784	0.0110948	0.00155383	0.00574036
189	0.0450421	0.00135894	0.00985178	0.0192555	0.00302431	0.0108563	0.0108028	0.0160235	0.395578	0.0439885	0.00833302	0.0246161	0.00319823	0.0255715	0.278988	0.0532297	0.0158084	0.0206585	0.00293129	0.010883
190	0.0191681	0.00223056	0.00583933	0.0191275	0.00371591	0.00726634	0.00718738	0.00749191	0.229231	0.0153822	0.00490212	0.0135725	0.00326486	0.0254896	0.573672	0.021224	0.00972337	0.0112459	0.00878794	0.0114771
191	0.0311896	0.0131529	0.00248684	0.0389078	0.157757	0.00581558	0.0139249	0.118471	0.0126474	0.164815	0.0999375	0.0435672	0.00245059	0.0168799	0.0123759	0.0585988	0.0376692	0.0831499	0.00320228	0.0830012
192	0.0608282	0.00510016	0.122836	0.172114	0.00080824	0.0361017	0.0381702	0.00905915	0.0826402	0.0165236	0.0093399	0.0952742	0.00285968	0.0617931	0.0565877	0.132192	0.0766877	0.0162118	0.000264329	0.0046086
