454	20
1	0.0437232	0.00302074	0.157969	0.228246	0.00358605	0.0025211	0.0102668	0.0606857	0.13001	0.0398662	0.0020281	0.044346	0.0217654	0.0345446	0.0298616	0.0506236	0.0470871	0.0818275	0.000555176	0.00746628
2	0.0187954	0.0010174	0.00159351	0.000859021	0.531739	0.00221713	0.0152243	0.028435	0.00274827	0.0630991	0.0158021	0.00522652	0.00467113	0.00359267	0.00549459	0.0129486	0.00940496	0.0345678	0.042747	0.199816
3	0.0482664	0.00619243	0.00580712	0.0324876	0.00345123	0.0193182	0.0120101	0.00632295	0.219352	0.0192995	0.00958054	0.0133824	0.0087873	0.0611947	0.42847	0.0508535	0.0324567	0.0183955	0.00223447	0.0021374
4	0.0289377	0.00554671	0.0396219	0.0248334	0.0029872	0.00313775	0.0033965	0.00489202	0.175984	0.00623605	0.00311524	0.0672372	0.00245395	0.0172101	0.0604297	0.128117	0.387771	0.0178584	0.00125882	0.0189754
5	0.148077	0.104099	0.00968578	0.0124761	0.0176601	0.0089988	0.0134235	0.0390102	0.0116545	0.11627	0.0112155	0.116404	0.00490218	0.0149472	0.00938153	0.0930299	0.0915478	0.134007	0.0263677	0.0168414
6	0.103078	0.0061484	0.20294	0.167496	0.0029333	0.0608891	0.022017	0.00817302	0.0561831	0.0156377	0.000917573	0.11594	0.00346812	0.0605749	0.0299212	0.103402	0.0295516	0.00906655	0.000805684	0.000854891
7	0.0414224	0.00187482	0.000748055	0.00141502	0.115029	0.0030882	0.000857939	0.191725	0.000838259	0.22193	0.0466053	0.00123111	0.00259304	0.0045489	0.00171061	0.014367	0.0271957	0.317642	0.00042287	0.00475534
8	0.0328773	0.0137582	0.00827578	0.0211675	0.0133338	0.00549838	0.279336	0.013139	0.0583186	0.0165903	0.00807727	0.0194771	0.0058626	0.0435446	0.322328	0.0533529	0.0299472	0.0270071	0.00656375	0.0215447
9	0.0164136	0.000668351	0.000899176	0.000967507	0.123975	0.00371301	0.000723647	0.228967	0.000912468	0.210134	0.0419149	0.00134587	0.00262631	0.00372322	0.0010613	0.00831161	0.014914	0.331191	0.000833748	0.00670447
10	0.012894	0.00205075	0.00215473	0.0236493	0.012383	0.00277313	0.0312441	0.0413859	0.0725653	0.0566778	0.0102959	0.00372879	0.00140633	0.125466	0.377474	0.046389	0.101665	0.0626147	0.0110871	0.00209476
11	0.0330699	0.000252507	0.00037145	0.00703402	0.010353	0.00245651	0.00229478	0.368066	0.000631939	0.250387	0.072078	0.000852969	0.00148346	0.000689443	0.000774673	0.00652502	0.0105517	0.228641	0.00297812	0.000508358
12	0.0440532	0.00182315	0.325341	0.0776954	0.00224888	0.0155741	0.035346	0.00672649	0.0554872	0.00673935	0.00232305	0.22572	0.0039334	0.0306772	0.0254659	0.0727108	0.0538515	0.0063179	0.000654825	0.00731035
13	0.102277	0.00614941	0.201875	0.168365	0.00319344	0.0599975	0.0213648	0.00819982	0.0563473	0.0151825	0.000988668	0.114838	0.00346985	0.0609263	0.0299458	0.104231	0.0315085	0.00941283	0.000739717	0.000986242
14	0.0411132	0.00233018	0.0136159	0.00648497	0.00086052	0.0154552	0.00669876	0.00281967	0.0223786	0.00562608	0.0022997	0.00096525	0.786075	0.00920001	0.0042949	0.0483789	0.0200823	0.00979341	0.000146415	0.00138096
15	0.0294575	0.0120313	0.00108355	0.00186003	0.233965	0.00146029	0.00943937	0.0812677	0.00110802	0.349055	0.0593162	0.00251951	0.00234267	0.00362611	0.0035575	0.01219	0.0218279	0.125272	0.00239191	0.0462275
16	0.0599243	0.0113382	0.0052793	0.0481608	0.00556316	0.0280534	0.0135673	0.00732611	0.255962	0.0262859	0.0116422	0.0121937	0.0111422	0.09344	0.305798	0.0484105	0.0275764	0.0274359	0.00031586	0.000584907
17	0.0319081	0.000250362	0.000395778	0.00655476	0.0114187	0.0025263	0.00228205	0.362824	0.000629678	0.254616	0.0701457	0.000821383	0.00158193	0.000665463	0.000641029	0.00624845	0.0104735	0.23252	0.00291364	0.000582747
18	0.0341765	0.000711142	0.137855	0.227641	0.0184581	0.0202536	0.0141504	0.00448194	0.0514403	0.00399723	0.0100399	0.0750515	0.0049186	0.0850373	0.0282248	0.114023	0.129671	0.0189967	0.00045241	0.0204201
19	0.0294997	0.00127845	0.000778898	0.00113832	0.118792	0.00325458	0.000663668	0.211803	0.000831013	0.220279	0.0406042	0.0013325	0.00244994	0.00469499	0.00128939	0.0101403	0.0188665	0.325957	0.00078326	0.00556357
20	0.135375	0.0118211	0.017547	0.0552549	0.0161917	0.0177739	0.0374827	0.0495485	0.0480979	0.125624	0.0893152	0.00549449	0.00341676	0.0760788	0.0223864	0.0536118	0.126487	0.0789681	0.0163327	0.0131921
21	0.0930315	0.00454452	0.00071131	0.0030606	0.0626706	0.00331862	0.00238307	0.132929	0.000597992	0.258837	0.0518798	0.00165883	0.00697042	0.00670327	0.00289424	0.0308622	0.0565686	0.278093	0.000206256	0.00208014
22	0.0183523	0.00182328	0.0038218	0.0140534	0.00845779	0.0307118	0.0145489	0.249164	0.0374982	0.0470718	0.0502042	0.00773871	0.00164083	0.0537113	0.0210831	0.0551999	0.0834202	0.296062	0.000777698	0.00465928
23	0.0888096	0.00383998	0.00115793	0.00290791	0.0640147	0.0054106	0.00449437	0.127752	0.000554845	0.269032	0.0497808	0.00248742	0.0135593	0.00820717	0.00221512	0.0322668	0.0573863	0.26084	0.000161126	0.00512163
24	0.0216674	0.00255362	0.158489	0.0565559	0.0113548	0.0563181	0.0709219	0.00561612	0.0383966	0.0208122	0.0063263	0.29501	0.00390072	0.0336077	0.0340037	0.0889462	0.036877	0.00687991	0.00694537	0.0448176
25	0.118292	0.00711613	0.213508	0.158657	0.00178036	0.105944	0.0231717	0.00607408	0.037225	0.00965955	0.00141971	0.0645422	0.0526827	0.0146965	0.0188367	0.113827	0.0364401	0.0129923	0.000467795	0.00266642
26	0.0266633	0.00243334	0.0727496	0.0577774	0.0028745	0.0749016	0.0524689	0.00223349	0.155322	0.0341853	0.00484075	0.246308	0.00138491	0.0808529	0.0858325	0.0649981	0.0232199	0.00300165	0.00181766	0.00613464
27	0.0335174	0.00797975	0.109779	0.075424	0.00594013	0.123996	0.0683635	0.004144	0.0675862	0.0286318	0.00574687	0.214718	0.00206327	0.0640908	0.0564574	0.0899961	0.023948	0.00374967	0.00306267	0.0108057
28	0.0399646	0.00145742	0.00204691	0.0421194	0.0543094	0.00179572	0.0102549	0.0302663	0.0527858	0.359267	0.0995317	0.0032385	0.00111916	0.0830253	0.0392733	0.037276	0.0324682	0.0317195	0.013475	0.0646064
29	0.0110641	0.00342911	0.000647321	0.000910357	0.115576	0.000678824	0.0046674	0.0586361	0.00317199	0.520601	0.192779	0.00264622	0.000464181	0.00390497	0.00196468	0.00715511	0.0234655	0.0346039	0.00391659	0.0097175
30	0.0894501	0.00134305	0.00194404	0.019342	0.0027727	0.00159981	0.0809416	0.00985144	0.0956864	0.0882201	0.0425063	0.0382279	0.0251404	0.0416845	0.13479	0.142777	0.098021	0.0774765	0.00131909	0.00690661
31	0.0207423	0.00167068	0.580397	0.076136	0.00571046	0.0158539	0.0208577	0.00930575	0.0183461	0.0345014	0.0133781	0.0838806	0.00519276	0.0253153	0.0117409	0.0333729	0.0148496	0.0153335	0.00136103	0.0120541
32	0.0426993	0.00327988	0.00778803	0.0075418	0.0139879	0.00271441	0.00287599	0.0171027	0.0818195	0.0192086	0.00275259	0.0189941	0.0218833	0.00546221	0.0493445	0.352922	0.259411	0.0852972	0.000819358	0.00409503
33	0.0280142	0.00355659	0.0138023	0.0447287	0.0273163	0.00763781	0.00949579	0.0759268	0.177039	0.0601332	0.0549415	0.0995968	0.0241917	0.0379538	0.189171	0.0375252	0.0237213	0.0725511	0.000916016	0.0117809
34	0.0829607	0.00666052	0.0111627	0.0396145	0.00593318	0.0153859	0.017991	0.0308701	0.221682	0.0358903	0.0187514	0.0248357	0.0719671	0.0428119	0.148667	0.0470346	0.0793635	0.0903888	0.00179766	0.00623074
35	0.0200549	0.000973878	0.00983337	0.0178028	0.150165	0.00158865	0.172132	0.00340881	0.110295	0.027668	0.00194649	0.0274895	0.00130705	0.0229756	0.143689	0.024314	0.0200613	0.0037228	0.0237479	0.216824
36	0.121405	0.00685727	0.161959	0.16023	0.0107134	0.128322	0.0177826	0.0251018	0.0425561	0.0197485	0.0061664	0.069821	0.0170272	0.0363217	0.0259726	0.0857829	0.0348673	0.0180488	0.00170704	0.00960896
37	0.106671	0.00489251	0.0263728	0.0236734	0.0142308	0.0237658	0.0178746	0.0224742	0.0233986	0.062416	0.0139355	0.107352	0.130764	0.0272252	0.0306671	0.241048	0.0430447	0.0308674	0.00348168	0.0458455
38	0.0913002	0.00237965	0.0078803	0.189614	0.00452065	0.026159	0.00575346	0.00757869	0.00616817	0.0105455	0.11797	0.0284531	0.00373713	0.0568041	0.0242946	0.174008	0.226927	0.00993617	0.00170075	0.00427002
39	0.471526	0.0148884	0.00180121	0.0017836	0.00175201	0.124511	0.00221669	0.00408199	0.0100585	0.00698591	0.00509482	0.00405721	0.00156975	0.00308	0.00276383	0.271251	0.052785	0.0185174	0.000334784	0.000941311
40	0.0148606	0.0016715	0.000532608	0.000540735	0.00954518	0.000345764	0.000537325	0.273449	0.000531367	0.0728609	0.0100385	0.00441013	0.00439539	0.00204812	0.000644979	0.0010189	0.00600946	0.592928	0.00149023	0.00214087
41	0.477229	0.0146413	0.00143353	0.00172534	0.00164642	0.168858	0.00131545	0.00303322	0.00605515	0.00671119	0.0074599	0.00345477	0.0135169	0.00408831	0.00303659	0.212361	0.0521935	0.0199398	0.000301257	0.00100002
42	0.0901188	0.00485935	0.000813931	0.00285479	0.0698987	0.00308495	0.00254055	0.128228	0.000740104	0.271249	0.0831615	0.00182667	0.00696444	0.00566822	0.0026198	0.0288303	0.0481612	0.244655	0.000290674	0.0034332
43	0.0509866	0.00257469	0.321462	0.133651	0.00456823	0.0550791	0.0260186	0.00513815	0.0372359	0.0114549	0.00402136	0.12975	0.0125754	0.0353094	0.0226454	0.0886878	0.038438	0.00872876	0.00129999	0.0103744
44	0.0142208	0.000636912	0.00122511	0.00106387	0.125392	0.00414422	0.00103768	0.234534	0.00111212	0.202686	0.0409645	0.00170457	0.00258304	0.00401646	0.00137378	0.0085081	0.0153751	0.331058	0.000874819	0.0074891
45	0.0676933	0.0118741	0.0372424	0.0294142	0.00458657	0.00453262	0.00214739	0.00659772	0.107625	0.00897973	0.00243694	0.0349877	0.00555454	0.00743281	0.0576384	0.253783	0.290821	0.0508129	0.000722133	0.0151173
46	0.0140881	0.00506059	0.000992371	0.00131879	0.33422	0.000955903	0.0136604	0.0434254	0.00155114	0.361819	0.0754531	0.0042739	0.00200208	0.00331968	0.00392941	0.00840471	0.0125575	0.0506365	0.00407544	0.0582557
47	0.0330033	0.0227161	0.0298522	0.0264828	0.04352	0.0228623	0.198693	0.0550965	0.02765	0.0320481	0.0406382	0.0474634	0.128835	0.0300188	0.00704696	0.0122054	0.00977813	0.184548	0.00266555	0.0448758
48	0.104769	0.00626098	0.204465	0.167053	0.0026961	0.0631334	0.0211406	0.00823665	0.0563718	0.0156222	0.000700524	0.115403	0.00390791	0.0593366	0.0299175	0.102166	0.0284741	0.0090878	0.000775807	0.00048057
49	0.0935458	0.00463381	0.000714161	0.0030417	0.0646171	0.0034019	0.00223972	0.130828	0.000586002	0.266653	0.0512628	0.00154628	0.00760066	0.00604102	0.00264603	0.0294237	0.0543206	0.274825	0.000192552	0.00187994
50	0.00898628	0.000424538	0.000646481	0.00370402	0.311674	0.00124422	0.0133639	0.0133254	0.00262883	0.0173613	0.00635418	0.00634453	0.00228041	0.00179263	0.00426989	0.00859716	0.00269302	0.0144692	0.0140385	0.565802
51	0.0581931	0.000736473	0.00104997	0.00108819	0.00156221	0.867225	0.00092976	0.00116212	0.00231709	0.00142632	0.000746044	0.00577005	0.000666781	0.00123431	0.00127817	0.0423776	0.00592082	0.00531825	0.000203357	0.000794198
52	0.00518142	0.000763179	0.00101747	0.00308751	0.00285204	0.000870878	0.0010612	0.229363	0.00119747	0.590459	0.0292502	0.00838185	0.00275124	0.00716457	0.00448075	0.00230215	0.0312648	0.0729712	0.000415527	0.00516449
53	0.253403	0.0103955	0.00988353	0.0106097	0.0386715	0.014899	0.0452321	0.0179379	0.0116763	0.0164909	0.00878424	0.0116677	0.278971	0.0156285	0.013197	0.090356	0.0868853	0.0554459	0.00226124	0.00760378
54	0.0108887	0.000744776	0.0745978	0.722875	0.00158459	0.00970306	0.00547436	0.00518574	0.00295192	0.00608452	0.0050958	0.0107833	0.00111283	0.0721806	0.0278478	0.0136625	0.00998874	0.0131684	0.000531525	0.00553793
55	0.0234278	0.00841094	0.00422166	0.0201733	0.00434846	0.00589783	0.190238	0.0100708	0.0722744	0.0116791	0.00497992	0.0090594	0.00189062	0.0259259	0.533312	0.0260646	0.0237818	0.0129748	0.00429139	0.00697746
56	0.0503716	0.000904271	0.0769763	0.0240261	0.00619912	0.0262124	0.00227126	0.00210972	0.00905071	0.0244353	0.00687589	0.0728606	0.0371022	0.0161292	0.06189	0.465906	0.102151	0.0119565	0.000468632	0.00210385
57	0.0145862	0.00267295	0.000877392	0.0011377	0.250666	0.00078718	0.0119948	0.043596	0.00114047	0.494494	0.0675225	0.0019794	0.000656819	0.00301858	0.00512688	0.00741571	0.0140437	0.049182	0.00160429	0.0274978
58	0.102405	0.00173438	0.00796634	0.0181695	0.0075146	0.00468205	0.060058	0.0179245	0.084158	0.078099	0.0346039	0.0451531	0.0293188	0.0575506	0.137138	0.156358	0.0664161	0.0739649	0.00261989	0.0141661
59	0.0271101	0.00331717	0.00134887	0.0029401	0.129676	0.00215715	0.00787164	0.0835968	0.00379011	0.428131	0.135688	0.00351928	0.00375567	0.0084671	0.00341146	0.0185067	0.0288573	0.081182	0.00347157	0.023202
60	0.0559114	0.00895289	0.00560161	0.0475584	0.00464849	0.0281728	0.0118789	0.00646587	0.257761	0.0255541	0.0153096	0.0124691	0.0181447	0.0865898	0.317758	0.0456972	0.0267921	0.0225913	0.00121538	0.000927448
61	0.211913	0.00830571	0.00383863	0.00682131	0.00956041	0.00570911	0.0133394	0.0395831	0.00961197	0.0249007	0.0104835	0.00756138	0.216123	0.0108724	0.00658016	0.087302	0.173387	0.147402	0.00110376	0.00560081
62	0.0178513	0.00278693	0.00282963	0.00442653	0.324287	0.00216375	0.0378296	0.0321891	0.0128683	0.132894	0.0265434	0.012168	0.00340727	0.0121105	0.0203739	0.0150698	0.0174625	0.0367527	0.0220526	0.263934
63	0.0338265	0.00311431	0.00920132	0.0303898	0.0034557	0.0129836	0.0107036	0.00927278	0.12624	0.0270259	0.00706179	0.0142069	0.0052454	0.0354555	0.595417	0.0273773	0.026613	0.0160256	0.00225557	0.00412841
64	0.010593	0.00332214	0.00127751	0.00131409	0.0832127	0.000819927	0.00343037	0.0656	0.00611956	0.492262	0.247361	0.0037567	0.00066601	0.0050127	0.00163403	0.00515547	0.0193215	0.0341913	0.00262919	0.0123209
65	0.0182826	0.000260548	0.001358	0.000709934	0.573115	0.00264781	0.0152482	0.0208001	0.00239565	0.0503229	0.0125587	0.00460266	0.00443266	0.00156925	0.00553721	0.0111463	0.00478921	0.0253534	0.0448123	0.200058
66	0.106256	0.00638995	0.137915	0.126547	0.00602252	0.0714177	0.0215919	0.00878484	0.0466582	0.0189196	0.00646305	0.137886	0.0114216	0.0468609	0.0300909	0.134393	0.0577403	0.0149563	0.00168382	0.00800146
67	0.221786	0.00303128	0.00227962	0.00845415	0.00879978	0.00493892	0.0085394	0.0636877	0.00631903	0.0785461	0.0277963	0.00906554	0.0318168	0.0100819	0.00395189	0.0982489	0.198706	0.204653	0.00123063	0.00806739
68	0.0210082	0.000678011	0.693737	0.0855619	0.00377752	0.013368	0.0153186	0.00794561	0.0143454	0.00734306	0.00499891	0.0461955	0.00238308	0.0193772	0.00800419	0.024352	0.00864246	0.0116427	0.00055115	0.0107698
69	0.0261636	0.0207197	0.0026017	0.0140809	0.0113189	0.00234366	0.00296273	0.250067	0.00293814	0.0771466	0.0175575	0.00904924	0.00749276	0.00713242	0.0302002	0.0226011	0.161187	0.329261	0.000582952	0.00459364
70	0.0217866	0.0013846	0.00135086	0.00125498	0.54228	0.0019861	0.0152996	0.0220804	0.00377883	0.0592135	0.0158937	0.00587652	0.0104456	0.00544104	0.0047303	0.0180052	0.0119199	0.0320913	0.037784	0.187397
71	0.140686	0.00432211	0.131608	0.142939	0.00832964	0.0828348	0.0176154	0.00769957	0.06257	0.0286492	0.00517676	0.0764642	0.00552988	0.0806199	0.0396238	0.100624	0.0398295	0.0147278	0.00296479	0.0071851
72	0.0136255	0.00142657	0.00451623	0.00737646	0.149027	0.00392577	0.11359	0.00540078	0.0338505	0.0167269	0.00456841	0.016151	0.000901469	0.0108998	0.0497679	0.0104552	0.00929211	0.00691695	0.0112866	0.530295
73	0.0360962	0.00266509	0.163279	0.238555	0.00321172	0.00298205	0.00797292	0.0674125	0.121318	0.0390532	0.0022735	0.0378516	0.0293299	0.0369137	0.0251542	0.0546736	0.045773	0.0787643	0.000627207	0.0060926
74	0.0742878	0.0012865	0.00548644	0.00409734	0.0450074	0.012958	0.017912	0.123222	0.000807597	0.223369	0.0539783	0.0100465	0.0325145	0.0198507	0.00183204	0.0436202	0.0779414	0.225962	0.000297127	0.0255236
75	0.0126103	0.00169892	0.167667	0.0525935	0.0308158	0.0606047	0.0594445	0.00415098	0.0249455	0.0126589	0.00554745	0.328093	0.00247956	0.0135598	0.0119729	0.0530005	0.0151849	0.00638749	0.0155223	0.121062
76	0.0374432	0.00435949	0.045162	0.0920933	0.00400882	0.00440256	0.0230901	0.00590102	0.0228932	0.0102147	0.00435846	0.0637541	0.00549911	0.00666569	0.00978446	0.573268	0.0378738	0.043474	0.00195245	0.00380171
77	0.0317423	0.00264494	0.0043116	0.0598324	0.00507019	0.0488148	0.00534236	0.00735128	0.145949	0.0267777	0.00495351	0.0835503	0.149915	0.00622419	0.175484	0.0497395	0.175485	0.0107707	0.00167193	0.00436945
78	0.0635492	0.00319214	0.00646769	0.0455961	0.0417971	0.00658175	0.013851	0.0384411	0.0502732	0.282162	0.114641	0.00299791	0.00129366	0.0898523	0.0349675	0.0393276	0.0620523	0.0384174	0.0156781	0.0488607
79	0.275575	0.00146956	0.00175102	0.00285846	0.00253974	0.142456	0.00262883	0.003447	0.00257265	0.00423312	0.0162919	0.0197673	0.225618	0.00303737	0.0176019	0.215918	0.0534052	0.00577091	0.000726281	0.00233208
80	0.00822412	0.00120075	0.00148177	0.00582831	0.00643694	0.00250991	0.00337714	0.215257	0.00566903	0.508488	0.0637228	0.0118257	0.00264153	0.0147236	0.00789901	0.0064278	0.0398303	0.0885589	0.000500747	0.00539631
81	0.0134649	0.00284686	0.00216507	0.00470473	0.169347	0.00362784	0.027533	0.0246422	0.00709048	0.0288843	0.0105005	0.00742087	0.00288146	0.00646196	0.00747124	0.0112694	0.0153275	0.0368087	0.00633326	0.611218
82	0.0954818	0.0064012	0.00859944	0.0188437	0.0631317	0.400244	0.0124426	0.0407877	0.0105172	0.0510779	0.0206381	0.011837	0.0105599	0.0149039	0.0102809	0.0401654	0.034278	0.128042	0.00287666	0.0188908
83	0.363544	0.00756262	0.000858306	0.00150246	0.000943786	0.0414928	0.00690848	0.00142595	0.00218779	0.00153392	0.00105542	0.0114274	0.000672719	0.00127278	0.00164321	0.531775	0.019557	0.00326349	0.000382997	0.000990039
84	0.0107443	0.0003447	0.000533459	0.000897709	0.019565	0.000566719	0.000757651	0.676651	0.00105379	0.0628676	0.00116763	0.0045628	0.000311975	0.000909328	0.00426971	0.00234527	0.0086777	0.197395	0.000224615	0.00615314
85	0.0404027	0.00235996	0.0133717	0.00695258	0.000915163	0.0154437	0.00719625	0.00361824	0.0218693	0.00680931	0.00241572	0.00150703	0.781969	0.00965465	0.00533092	0.0471852	0.0201782	0.0108019	0.000252435	0.00176601
86	0.0126681	0.00475093	0.00103641	0.00128065	0.314648	0.000911127	0.0161781	0.0538978	0.00120238	0.37012	0.0456408	0.00213424	0.00204451	0.00259183	0.00422327	0.00887435	0.0129428	0.0646111	0.0033177	0.0769264
87	0.0246226	0.000546826	0.000574131	0.00530221	0.00788677	0.00187428	0.00193861	0.307253	0.000975706	0.369791	0.0703108	0.00295869	0.001534	0.00247273	0.00191996	0.0050789	0.0156701	0.175495	0.00211213	0.00168283
88	0.0355659	0.000632214	0.00655685	0.00159584	0.0627174	0.00917463	0.0584707	0.204747	0.00569415	0.148385	0.0556626	0.0108973	0.00151042	0.0427371	0.022151	0.00453327	0.0377024	0.172169	0.0132655	0.105832
89	0.513936	0.0181761	0.00101562	0.00159236	0.00134429	0.170993	0.000970315	0.00234977	0.00479954	0.00702823	0.00468904	0.00214257	0.000649042	0.00453783	0.0017787	0.185164	0.054608	0.0230605	0.000267752	0.000897799
90	0.0766354	0.005762	0.0145963	0.01679	0.0335857	0.00733587	0.181141	0.0609524	0.038157	0.0865155	0.019442	0.042425	0.03009	0.0813453	0.0490589	0.0826099	0.0250856	0.0886477	0.0195534	0.0402712
91	0.273436	0.00119003	0.00175669	0.00290004	0.00254703	0.141525	0.00265462	0.00348051	0.00253115	0.00422625	0.0164285	0.0199361	0.229032	0.00305171	0.0178638	0.216003	0.0528012	0.00557081	0.000695602	0.00236983
92	0.159106	0.00411632	0.0141453	0.0239864	0.00202126	0.00648497	0.00232898	0.00353575	0.00401037	0.0166825	0.0134778	0.00454246	0.00112406	0.00910096	0.00280753	0.468045	0.255583	0.00633973	0.000629864	0.00193183
93	0.0626307	0.00225254	0.269946	0.224763	0.00105217	0.107047	0.00692229	0.00298012	0.0201926	0.00886681	0.000954221	0.0450008	0.0457192	0.0167108	0.0116554	0.136218	0.026974	0.00826234	0.000264212	0.00158879
94	0.0786172	0.0067227	0.0455644	0.0314485	0.0114193	0.043137	0.0159097	0.0320863	0.0245147	0.0874412	0.174917	0.0103621	0.00415427	0.0656402	0.0162015	0.03388	0.262039	0.0401572	0.00788138	0.00790643
95	0.0142737	0.0076646	0.00410756	0.00356357	0.235001	0.00159549	0.0356563	0.018093	0.020901	0.0999136	0.031651	0.0220427	0.00947748	0.038644	0.00372824	0.0284927	0.0526509	0.0495041	0.0320795	0.290959
96	0.0159502	0.0018018	0.000405527	0.000496966	0.00858402	0.000337456	0.000484205	0.271482	0.000525331	0.0668207	0.00998002	0.00395889	0.00475608	0.00223288	0.000554535	0.000958749	0.00539857	0.601741	0.00132393	0.00220787
97	0.012376	0.000343355	0.747925	0.0822573	0.00362627	0.0107682	0.0141535	0.00554999	0.0104942	0.00576465	0.00464175	0.0394309	0.000393941	0.0177331	0.00366355	0.0162546	0.0038222	0.00977744	0.000186466	0.0108379
98	0.0133912	0.00140691	0.00103221	0.000816722	0.011855	0.00034101	0.000874287	0.273579	0.000526888	0.0893072	0.00981776	0.00540373	0.0039314	0.00181508	0.000829779	0.00138351	0.00790196	0.571771	0.00180953	0.00220546
99	0.0185849	0.00045516	0.00135596	0.00081863	0.574921	0.00247014	0.0144614	0.0209346	0.00241274	0.0508849	0.0124912	0.00463396	0.00456541	0.00169979	0.00548237	0.0115875	0.00510806	0.0257778	0.0502438	0.19111
100	0.02189	0.00170841	0.00825471	0.00209377	0.079266	0.00127414	0.00199849	0.182596	0.00973764	0.0932676	0.47415	0.00356307	0.00113223	0.00941285	0.00203064	0.00437445	0.012356	0.0569834	0.000576997	0.0333338
101	0.272145	0.014415	0.00859482	0.0106906	0.0379219	0.00996681	0.0131738	0.0284525	0.0133412	0.0225263	0.0103003	0.0147252	0.0942886	0.0184218	0.0349677	0.211361	0.0602668	0.110452	0.0020543	0.0119342
102	0.0278336	0.00176066	0.120468	0.58466	0.00229497	0.0318983	0.00521111	0.00544235	0.0143782	0.0080184	0.00416926	0.027271	0.00439608	0.0661875	0.0241341	0.0364442	0.0168353	0.0121953	0.000696262	0.00570551
103	0.224213	0.0459071	0.00257954	0.00820869	0.00206377	0.0633582	0.00398949	0.00516369	0.0059299	0.00988674	0.00246259	0.0440793	0.00175363	0.00408224	0.0127583	0.424935	0.102985	0.0330038	0.000892489	0.001748
104	0.0544712	0.000827718	0.00198219	0.00169733	0.00171385	0.867476	0.00170453	0.00129263	0.00299913	0.00176004	0.000773	0.00603582	0.000628196	0.00149415	0.00175524	0.0400506	0.0063348	0.0054763	0.000344435	0.00118267
105	0.0213916	0.0098436	0.0035472	0.0073746	0.0130199	0.0051318	0.00461287	0.30168	0.0060639	0.0945856	0.0245321	0.012822	0.0037699	0.0144523	0.017426	0.0265252	0.105443	0.321032	0.000244507	0.0065011
106	0.017423	0.000560866	0.000712561	0.00206722	0.0886463	0.00303727	0.00105848	0.2778	0.00083246	0.213053	0.0472829	0.00133878	0.00370916	0.0026156	0.00093179	0.0066524	0.0124654	0.313797	0.00132668	0.00468853
107	0.0136901	0.000380873	0.72199	0.0839962	0.00359157	0.0126405	0.015255	0.00561821	0.0122223	0.00598648	0.00452267	0.0495325	0.00111908	0.0182026	0.00456641	0.0196469	0.00612076	0.00983617	0.000269864	0.0108115
108	0.0936618	0.00466352	0.000711415	0.00304875	0.0646314	0.00335469	0.00221512	0.130943	0.000590674	0.266123	0.0513923	0.0015154	0.00742798	0.00602899	0.00265551	0.0294806	0.0542679	0.275298	0.000192957	0.00179731
109	0.0208263	0.00144001	0.00193098	0.000902576	0.442987	0.00223003	0.0166538	0.0594611	0.00212677	0.101414	0.0303303	0.00445218	0.00371509	0.00567641	0.00745591	0.0149118	0.0182167	0.0574166	0.0348889	0.172964
110	0.0141281	0.000581644	0.00114354	0.00103782	0.127797	0.00378764	0.00081659	0.232485	0.000959099	0.205946	0.0409592	0.00142631	0.0026349	0.00374322	0.00114912	0.0080703	0.0137121	0.331531	0.000855752	0.0072363
111	0.0145553	0.00332971	0.000668292	0.000926109	0.188601	0.000634695	0.00833725	0.0551433	0.00176876	0.494168	0.129799	0.00265102	0.000472583	0.00433692	0.00332743	0.00936351	0.0188059	0.0447817	0.00238567	0.0159437
112	0.0769431	0.00183838	0.00306664	0.00350696	0.0549699	0.010231	0.0130063	0.113016	0.000850432	0.245979	0.0615956	0.00682655	0.0340346	0.0151704	0.00142397	0.0408113	0.0751665	0.223527	0.000270576	0.0177649
113	0.198336	0.00624188	0.0462809	0.0520985	0.0296727	0.0295521	0.0220365	0.0181937	0.0768669	0.0460361	0.0227785	0.0420339	0.0252053	0.086665	0.0531985	0.145894	0.0411231	0.0277952	0.00234272	0.0276483
114	0.141618	0.00258889	0.145807	0.17529	0.00615084	0.0398642	0.0132609	0.00562625	0.0862613	0.0402234	0.00437023	0.0554176	0.00355843	0.0708756	0.0342449	0.0802001	0.0571187	0.0223575	0.00647524	0.00869171
115	0.0236554	0.00172592	0.00133831	0.00143838	0.0335012	0.00132025	0.00131388	0.257114	0.000640363	0.141912	0.0179286	0.0067378	0.00323855	0.00266891	0.00169822	0.0060923	0.0221123	0.470519	0.00159758	0.00344629
116	0.0864565	0.000677372	0.0062203	0.00469909	0.047724	0.0133196	0.0231899	0.133827	0.00198185	0.154661	0.0632722	0.0132214	0.0211195	0.0349828	0.00266761	0.0604803	0.0844054	0.208601	0.00119799	0.0372953
117	0.0602701	0.00929147	0.00622628	0.0482936	0.00468675	0.0269891	0.012452	0.006508	0.263896	0.0226116	0.0125849	0.0135468	0.0125858	0.0908611	0.306298	0.0485296	0.0293738	0.0242301	0.000214876	0.00054963
118	0.0862557	0.00154264	0.00690002	0.0468781	0.00475517	0.00537595	0.0459499	0.0049873	0.0398127	0.0122364	0.0142994	0.0181725	0.00444931	0.478574	0.0306746	0.109334	0.0635209	0.0206382	0.000983973	0.00465967
119	0.0196718	0.00384391	0.00550359	0.0041074	0.253666	0.00489288	0.108354	0.00586226	0.0143477	0.102464	0.0142908	0.0550064	0.00342662	0.023722	0.0108806	0.0157869	0.0221868	0.0152231	0.0109181	0.305845
120	0.251935	0.0286003	0.00446756	0.0143098	0.00325486	0.0648221	0.00336889	0.0113306	0.0182281	0.0221456	0.00458492	0.0123545	0.00122883	0.0124652	0.0161533	0.251351	0.238221	0.0387331	0.000492048	0.00195288
121	0.183369	0.00358115	0.0567075	0.0769063	0.020112	0.0348886	0.0174971	0.0151861	0.086638	0.0533242	0.0172613	0.0384544	0.0156732	0.07677	0.0583143	0.128697	0.054978	0.03042	0.00353892	0.0276825
122	0.00679418	0.000813644	0.00100996	0.00663195	0.00404487	0.00103412	0.00125108	0.231807	0.00575017	0.545173	0.0388292	0.00830847	0.00229637	0.0101981	0.0100012	0.00301577	0.0334909	0.0850464	0.000326526	0.00417704
123	0.11383	0.0139082	0.00323122	0.00591688	0.0497327	0.0068929	0.00780717	0.0973998	0.00543678	0.149263	0.0344751	0.00981274	0.0150115	0.0122256	0.00526219	0.0733916	0.136611	0.243924	0.000738296	0.0151293
124	0.19911	0.00614648	0.0460997	0.0520682	0.029746	0.0294462	0.0220522	0.0181525	0.0760472	0.0458655	0.0226636	0.0419842	0.0255974	0.0865527	0.0532763	0.146038	0.0412515	0.028023	0.00233991	0.0275393
125	0.0111174	0.00464215	0.000751621	0.000991815	0.0926249	0.00074227	0.00379399	0.0555223	0.00362627	0.525807	0.214123	0.00351454	0.000525988	0.00419189	0.00152874	0.00555245	0.0212294	0.0368852	0.00286725	0.00996163
126	0.0474585	0.00314474	0.0133751	0.0095775	0.00284974	0.0143888	0.0119732	0.00897368	0.021039	0.0116185	0.00437166	0.00427398	0.71636	0.0122513	0.0157546	0.0470299	0.0240508	0.0263102	0.00037639	0.00482203
127	0.039796	0.00214683	0.0149296	0.00713495	0.00118305	0.0144993	0.0084734	0.00351462	0.0247657	0.0095539	0.00257838	0.00107257	0.760524	0.0273122	0.00509919	0.0459532	0.0191022	0.00976014	0.000338847	0.00226173
128	0.0348465	0.0014958	0.00172251	0.0453223	0.0490844	0.00135486	0.0114811	0.0341131	0.0499721	0.355314	0.10369	0.00337374	0.00114035	0.0837453	0.0371706	0.0387024	0.0282242	0.0329606	0.0115821	0.0747045
129	0.0228236	0.000561494	0.0014475	0.00102645	0.567764	0.00236015	0.013704	0.019479	0.00252799	0.0479503	0.0120735	0.00534345	0.00533656	0.00276614	0.00525475	0.0183838	0.00745402	0.0247569	0.048345	0.190641
130	0.364665	0.00742854	0.000865409	0.00147361	0.000988652	0.0415326	0.0067663	0.00146201	0.00227288	0.00156124	0.00109976	0.0112656	0.000677504	0.00130164	0.00166194	0.530594	0.0197272	0.00326808	0.000379521	0.00100895
131	0.00523212	0.000773402	0.000997192	0.00306234	0.0028487	0.000883099	0.00104782	0.22894	0.00118796	0.590239	0.0293625	0.00829634	0.00277127	0.00724221	0.00450286	0.00225158	0.0315818	0.0733519	0.00039866	0.00502921
132	0.0555918	0.000509128	0.000793486	0.00083967	0.0013606	0.875889	0.00067643	0.00103019	0.0020735	0.00113327	0.000677562	0.00509788	0.000379267	0.000848318	0.000995975	0.0405248	0.0055074	0.00520222	0.000206951	0.000662809
133	0.0211416	0.00253992	0.00950684	0.0113256	0.13416	0.00434176	0.192276	0.00783284	0.0682577	0.0438371	0.00593135	0.038404	0.00335479	0.0260994	0.0807724	0.0287235	0.0176154	0.0108831	0.0175663	0.27543
134	0.00881059	0.00210236	0.00327921	0.0136555	0.00892306	0.00272462	0.773696	0.00567201	0.0060632	0.00762809	0.00317247	0.0656682	0.00272101	0.0132837	0.00843499	0.0325445	0.00748006	0.0213171	0.00217287	0.0106505
135	0.040192	0.00702481	0.0280923	0.0564059	0.0206237	0.00914529	0.178517	0.0286143	0.0228746	0.0306409	0.0285761	0.0251547	0.0143023	0.223257	0.0251517	0.0455364	0.0423006	0.141908	0.00683813	0.0248442
136	0.0467588	0.0896557	0.00423901	0.00843894	0.00324174	0.00796574	0.0389275	0.00465515	0.0122093	0.00570339	0.00313843	0.0167671	0.0017915	0.00423026	0.0125139	0.678448	0.0382852	0.0108903	0.00930723	0.00283254
137	0.0205272	0.000782854	0.00471509	0.00779915	0.00101119	0.00947078	0.00725837	0.00426669	0.0796416	0.012248	0.00228448	0.0093568	0.000717817	0.0156506	0.774689	0.0188383	0.0196842	0.00651273	0.00119483	0.00335013
138	0.0043589	0.000963564	0.00155557	0.002485	0.0584684	0.00854231	0.0020522	0.0300923	0.00907085	0.0249194	0.00191236	0.00982081	0.00137092	0.00235523	0.00886383	0.00416739	0.00421667	0.0116249	0.625962	0.187198
139	0.184916	0.0174253	0.0173438	0.0168322	0.00455738	0.0560226	0.00729673	0.010668	0.0109559	0.01454	0.00626653	0.124215	0.017451	0.0119413	0.0172949	0.353976	0.0988986	0.0228728	0.00129971	0.00522657
140	0.00775146	0.00100084	0.00168816	0.00804364	0.219303	0.00240555	0.0211289	0.0159098	0.00393474	0.0172094	0.00567303	0.0066761	0.00155684	0.00392878	0.00581624	0.00778734	0.00621761	0.0143799	0.0062763	0.643313
141	0.0104066	0.00210926	0.0195105	0.0321516	0.0514711	0.00326348	0.00414959	0.0892335	0.119102	0.0673347	0.0776272	0.139805	0.0111957	0.0374284	0.207113	0.0169382	0.0091319	0.0805069	0.00108677	0.0204345
142	0.0178368	0.000890205	0.29975	0.0358885	0.00234932	0.00649882	0.0412037	0.00514633	0.0290038	0.00590509	0.00272401	0.26362	0.00711074	0.0136558	0.0252052	0.146453	0.0798747	0.00770984	0.000711466	0.0084626
143	0.00952911	0.00157215	0.0772682	0.530766	0.00262714	0.00790802	0.00761909	0.0171005	0.00404963	0.0185404	0.0187805	0.00998726	0.00199926	0.209518	0.0156436	0.0127066	0.0337307	0.0137509	0.00100616	0.00589689
144	0.122213	0.00116003	0.19457	0.188535	0.00684812	0.00333783	0.0027957	0.00300102	0.158095	0.0224905	0.00690333	0.0641127	0.000752794	0.0694658	0.0498234	0.0681154	0.0297669	0.00485652	0.00124607	0.00191105
145	0.0164073	0.00104515	0.668978	0.13079	0.0038007	0.0144076	0.0138736	0.00641937	0.0119368	0.00701034	0.00462406	0.0380852	0.00308073	0.0216495	0.0056038	0.0231812	0.00730873	0.0113055	0.000239923	0.0102528
146	0.0969156	0.0112639	0.00174384	0.00478929	0.0546054	0.00421838	0.00424421	0.114558	0.0028287	0.254084	0.050757	0.00878605	0.00867972	0.00859063	0.00409148	0.0368834	0.0671074	0.26094	0.0014431	0.00346985
147	0.128681	0.0014444	0.0409038	0.0712915	0.0250533	0.00466863	0.0246616	0.0258073	0.172823	0.126176	0.0254981	0.0519238	0.00282622	0.0319204	0.15749	0.0263965	0.0311387	0.0125596	0.00089279	0.0378443
148	0.0378397	0.000721256	0.134271	0.206728	0.0161159	0.0254337	0.016102	0.00414134	0.0425395	0.00242201	0.0144574	0.0805965	0.00529182	0.0900812	0.025062	0.130696	0.134225	0.0145948	0.000485756	0.0181954
149	0.0158813	0.00337467	0.00176033	0.00398908	0.0143285	0.00232577	0.0019375	0.347992	0.00317534	0.114211	0.0178583	0.00942062	0.00325443	0.00425148	0.00683411	0.00904031	0.0457236	0.387995	0.00094453	0.0057026
150	0.0610577	0.00750176	0.132604	0.0504353	0.00260462	0.00240111	0.110481	0.105547	0.0059575	0.0257025	0.00201475	0.209631	0.00328656	0.0134835	0.0107088	0.0973365	0.0632386	0.0611186	0.0126777	0.0222113
151	0.213412	0.0025726	0.066963	0.105692	0.0164466	0.0504267	0.0119488	0.00814908	0.063198	0.0491608	0.0111907	0.031992	0.00954546	0.0847855	0.0462541	0.121389	0.0606269	0.0233192	0.00551486	0.017413
152	0.0283953	0.00193741	0.0531908	0.0476195	0.00407345	0.128268	0.0442797	0.0035341	0.181864	0.0314423	0.0035817	0.225681	0.00116523	0.0810843	0.0825211	0.0511251	0.0204731	0.00335383	0.00105565	0.00535486
153	0.015598	0.0111401	0.00342141	0.00246437	0.115113	0.00192636	0.00380092	0.0684102	0.00518464	0.187028	0.443952	0.00954149	0.00130647	0.00553083	0.00312235	0.00645645	0.0123332	0.0415257	0.00154001	0.0606045
154	0.0692411	0.0179539	0.171586	0.183249	0.00607931	0.0247008	0.0208565	0.019248	0.0861742	0.0256911	0.00386118	0.0599845	0.00792407	0.0451494	0.0504366	0.0806828	0.0636351	0.0514058	0.00149619	0.0106441
155	0.142226	0.00162527	0.0813298	0.164149	0.00636051	0.0270538	0.0141327	0.0165232	0.117789	0.0650533	0.00665145	0.0300346	0.00380957	0.0644298	0.0507839	0.0598646	0.0742172	0.0548899	0.00493449	0.0141429
156	0.0228646	0.0029943	0.138772	0.0700338	0.00451242	0.0630229	0.0706392	0.00225847	0.0842555	0.029616	0.00772206	0.255335	0.00243928	0.0592282	0.067211	0.076941	0.0227397	0.00291364	0.00338657	0.0131146
157	0.0159629	0.0132653	0.00134056	0.00133589	0.108733	0.000901737	0.00358403	0.0742181	0.00345795	0.391818	0.269946	0.00625449	0.000673754	0.00470419	0.00181643	0.00558915	0.0164216	0.0505474	0.00202219	0.0274073
158	0.0543743	0.00280417	0.0126533	0.00779087	0.00267885	0.0150848	0.00826424	0.00771399	0.0206234	0.00863998	0.00339905	0.00218221	0.741231	0.0100207	0.00596368	0.0496144	0.0232185	0.0206874	0.000317065	0.0027377
159	0.0305412	0.0752656	0.00253303	0.00435534	0.10431	0.00257531	0.00472519	0.0359789	0.00418088	0.292482	0.221992	0.0106223	0.00248648	0.00526461	0.00427963	0.00835416	0.01819	0.0862784	0.00142176	0.0841627
160	0.0174036	0.000770875	0.689296	0.0941066	0.0036427	0.0133953	0.0146417	0.0107271	0.0155573	0.0075047	0.00504018	0.0430006	0.00211792	0.0206844	0.00587286	0.0243709	0.00733475	0.01373	0.000338566	0.0104643
161	0.194232	0.11377	0.00204132	0.0037275	0.0685906	0.00254382	0.00326961	0.0636349	0.00388709	0.0191925	0.00294924	0.0218936	0.0111009	0.0103039	0.00429316	0.0928125	0.164598	0.165514	0.00212304	0.0495228
162	0.00690429	0.00123649	0.000780801	0.00230968	0.032521	0.000858287	0.00260219	0.111878	0.00307402	0.585371	0.166225	0.00493123	0.00118548	0.00598863	0.00213897	0.00367668	0.0240811	0.0393841	0.00201333	0.00284084
163	0.00489979	0.000977398	0.00149837	0.00268731	0.0728158	0.00845289	0.00261264	0.0301489	0.00892256	0.0261244	0.00232576	0.00975547	0.00147238	0.0025287	0.00894668	0.00429276	0.00436535	0.0122394	0.610253	0.184681
164	0.0127194	0.00150408	0.00112615	0.00318268	0.0328442	0.00153455	0.00336112	0.178572	0.00239777	0.545345	0.0690499	0.00652303	0.00358379	0.00679604	0.00401253	0.00547875	0.0287294	0.0849449	0.00121361	0.00708114
165	0.0168478	0.0011597	0.691582	0.0805901	0.00580501	0.0121498	0.015688	0.00838631	0.0139429	0.0195984	0.00833993	0.0421212	0.00259766	0.0203923	0.00600534	0.0213983	0.00747816	0.0139694	0.000767552	0.0111802
166	0.013384	0.000386395	0.000576959	0.00164436	0.0196731	0.000978947	0.000998185	0.611461	0.000957031	0.102794	0.0133618	0.00449656	0.000790648	0.00107102	0.00309333	0.00310664	0.011004	0.20423	0.000624197	0.00536765
167	0.0137539	0.00065623	0.553335	0.262277	0.00296195	0.0141843	0.0104042	0.00497285	0.00904941	0.00571456	0.00408154	0.0310287	0.00241026	0.0275578	0.00867396	0.0221843	0.00672323	0.0104675	0.000225579	0.00933752
168	0.0267998	0.00500294	0.0112476	0.0057	0.100269	0.0152988	0.289686	0.0110713	0.0138556	0.0203179	0.0128341	0.0278149	0.00179447	0.0263943	0.0264952	0.014513	0.0179995	0.0123525	0.0209064	0.339646
169	0.321294	0.0161518	0.00340457	0.00662384	0.00335237	0.0594645	0.0034106	0.0101533	0.00882224	0.0130345	0.00521122	0.00731655	0.007285	0.00662528	0.00446154	0.194152	0.293494	0.0330539	0.000667415	0.00202126
170	0.0125565	0.000337241	0.738365	0.0801265	0.00346698	0.0108357	0.0146203	0.00540548	0.0115939	0.00562248	0.004799	0.0470564	0.000457569	0.0176207	0.00426334	0.0172004	0.00496351	0.00985627	0.000180732	0.0106717
171	0.100283	0.00604549	0.206507	0.171374	0.00255175	0.0711301	0.0201848	0.0079708	0.0538818	0.0146787	0.000688443	0.112489	0.00602267	0.0570568	0.0283453	0.103469	0.0272212	0.00887085	0.000698293	0.000531613
172	0.0293526	0.00668954	0.00455803	0.0199571	0.00492881	0.00954842	0.0699221	0.0217004	0.150893	0.0228855	0.00851739	0.0097155	0.00383741	0.0490123	0.48928	0.0319378	0.0288388	0.0198501	0.0129371	0.00563808
173	0.0922734	0.00101124	0.00173505	0.0173669	0.00218817	0.00208265	0.0758004	0.00914286	0.10462	0.0894566	0.041799	0.0390837	0.0250138	0.036204	0.143225	0.136114	0.102787	0.0733292	0.00071789	0.00604805
174	0.0175151	0.00264607	0.00125042	0.00111762	0.47842	0.00170085	0.0181377	0.0360818	0.00267391	0.129814	0.0309861	0.00656767	0.00421696	0.00449043	0.00428711	0.0138831	0.013521	0.0406186	0.0310454	0.161027
175	0.0417436	0.0024441	0.0137416	0.0067568	0.000871746	0.0157743	0.00686687	0.00291116	0.0230084	0.00564352	0.00224584	0.000861125	0.783229	0.00925892	0.00431853	0.0488572	0.0202209	0.0097853	0.000149128	0.00131161
176	0.0168894	0.000595079	0.35594	0.0449505	0.00153192	0.00492983	0.0484766	0.00420835	0.0367636	0.00321066	0.00194389	0.290142	0.00494524	0.0158911	0.0159337	0.0705787	0.0651501	0.00630813	0.000624178	0.0109871
177	0.0485449	0.00247641	0.0131149	0.00648734	0.00221032	0.0158377	0.00948696	0.00393058	0.021485	0.00618126	0.00289885	0.00185722	0.751637	0.00974897	0.00469837	0.0609148	0.0232106	0.0134574	0.000215696	0.00160562
178	0.123259	0.0011795	0.0346886	0.0982844	0.00290175	0.0209871	0.00642947	0.0626555	0.185459	0.0983292	0.0145589	0.0350074	0.00234466	0.0342736	0.0637894	0.0433923	0.0741925	0.0918724	0.00142592	0.00496968
179	0.00671227	0.00147311	0.000844622	0.00155713	0.0403431	0.000764329	0.00304459	0.0757424	0.00344708	0.602804	0.182788	0.00467587	0.00103449	0.00576158	0.00175078	0.00387456	0.0224089	0.0361781	0.00196922	0.00282563
180	0.0313128	0.00720148	0.00369246	0.00590645	0.0226053	0.0062541	0.0067354	0.32145	0.00367051	0.0926078	0.0157031	0.0191779	0.00343065	0.00906821	0.0117223	0.0251539	0.1162	0.27715	0.000756378	0.0202012
181	0.269607	0.00113147	0.00144397	0.00916065	0.00264895	0.00423335	0.00490264	0.0822167	0.00830766	0.0362518	0.0185643	0.0120472	0.0128043	0.0076294	0.00211191	0.0494774	0.251724	0.219226	0.000526811	0.00598407
182	0.0213007	0.000760246	0.00069491	0.00136257	0.0321983	0.00128348	0.00166278	0.562955	0.000804196	0.106232	0.0141674	0.00417379	0.00172396	0.00223168	0.00326724	0.00586289	0.0148275	0.216758	0.000636171	0.00709681
183	0.0118774	0.00492122	0.00418611	0.00720275	0.0131393	0.00712132	0.00478706	0.37502	0.0138552	0.0844927	0.0224515	0.0108457	0.0022378	0.0127166	0.0201225	0.0262937	0.071787	0.300227	0.000367316	0.00634706
184	0.015923	0.000564113	0.667347	0.121014	0.00368481	0.0122086	0.0127312	0.0132221	0.0168155	0.00803805	0.00447628	0.0386835	0.00267831	0.0216302	0.00625021	0.0215452	0.00798896	0.0146088	0.000348141	0.0102413
185	0.0416089	0.00237066	0.0137083	0.00666822	0.00090678	0.0155348	0.0068674	0.00290854	0.0228688	0.00571239	0.00228317	0.00101905	0.783361	0.0092971	0.00439181	0.0489589	0.0201489	0.00985699	0.000148862	0.0013792
186	0.00835776	0.00176873	0.00382762	0.0144304	0.00839638	0.00295906	0.781521	0.00531753	0.00449055	0.00673061	0.00321085	0.0716958	0.00230942	0.0122753	0.00657548	0.0234832	0.0066271	0.0235203	0.00177337	0.0107296
187	0.0398619	0.00153113	0.000660176	0.00529169	0.0318874	0.00278866	0.0026411	0.3106	0.00129078	0.239744	0.0703324	0.00166395	0.00381533	0.00262265	0.00191135	0.0115696	0.0252109	0.242525	0.00197779	0.00207438
188	0.0461589	0.00759732	0.00586789	0.0373422	0.00542364	0.019967	0.0145141	0.0121566	0.242358	0.0312995	0.0117343	0.0115397	0.00959863	0.0819752	0.35113	0.0413325	0.0316686	0.0260632	0.0103691	0.00190354
189	0.0680415	0.00160689	0.00305972	0.00701759	0.00382182	0.00460457	0.0035204	0.142422	0.163018	0.0468244	0.0404859	0.0249763	0.00451411	0.0292424	0.178612	0.00892257	0.120808	0.144284	0.00110843	0.00310976
190	0.0540287	0.00225216	0.181131	0.240086	0.00333482	0.00845227	0.00756893	0.0442754	0.11031	0.0359488	0.00189805	0.0309406	0.0240829	0.0368295	0.023334	0.0617578	0.0570661	0.0686331	0.00151052	0.0065593
191	0.0433679	0.00193459	0.181597	0.100471	0.00365219	0.00352432	0.00543094	0.100403	0.01357	0.00998501	0.00438572	0.13683	0.133975	0.0238181	0.00611058	0.041558	0.0629472	0.121587	0.00112882	0.00372333
