361	20
1	0.0444673	0.00404457	0.221196	0.325464	0.00293191	0.035769	0.0271783	0.014301	0.0577692	0.019512	0.00766401	0.04829	0.00419531	0.0632914	0.0397799	0.0323251	0.0213854	0.0221155	0.00381417	0.00450591
2	0.0132618	0.00454642	0.000625326	0.00377629	0.0176423	0.000688549	0.000732795	0.557308	0.00232243	0.0630839	0.0229191	0.000668813	0.000499372	0.00283825	0.00351989	0.00557304	0.00472023	0.292288	0.00019654	0.00278893
3	0.0351742	0.031522	0.00249173	0.00334819	0.177953	0.00279916	0.00676372	0.21217	0.0123508	0.183537	0.0245379	0.00562784	0.00202258	0.00549789	0.0307734	0.00767577	0.00455259	0.170094	0.00345702	0.0776507
4	0.0607893	0.0150875	0.136365	0.165877	0.0029872	0.0488269	0.068413	0.0134348	0.0839986	0.0442129	0.00967079	0.0813768	0.00524039	0.0945024	0.0584226	0.0395028	0.0312852	0.0274418	0.000531951	0.0120327
5	0.00895189	0.0180904	0.00913684	0.0252769	0.00606464	0.0190163	0.0739339	0.0281336	0.110401	0.0216873	0.0122427	0.0680936	0.00275707	0.0665643	0.394571	0.0758051	0.0257603	0.014948	0.00628633	0.012279
6	0.0107025	0.00243548	0.0008585	0.00111368	0.0698579	0.0035596	0.00156692	0.0996671	0.0015851	0.656366	0.0538889	0.00133607	0.00634244	0.00169256	0.0024953	0.0054596	0.00356018	0.070538	0.00102582	0.00594868
7	0.017524	0.00150094	0.00504625	0.0480953	0.00702381	0.00965826	0.0444875	0.0324529	0.157834	0.104563	0.0280786	0.0251333	0.00286438	0.165137	0.213247	0.0421159	0.0235708	0.0445194	0.0143137	0.0128343
8	0.0606092	0.0148788	0.13483	0.164696	0.00298939	0.0485787	0.0685039	0.0134765	0.084576	0.0451767	0.00979353	0.0805092	0.00520542	0.0957846	0.0598337	0.0391735	0.0310614	0.0275567	0.00069182	0.0120745
9	0.00837045	0.00184191	0.000767434	0.00102674	0.0706091	0.00363777	0.000978882	0.0886488	0.00111922	0.693308	0.0513987	0.000931611	0.00673627	0.00101492	0.00142978	0.00490104	0.00171213	0.0567915	0.000836618	0.0039394
10	0.0827486	0.00676212	0.053715	0.13072	0.00709708	0.0117347	0.0485809	0.0117921	0.0521004	0.126395	0.0079102	0.0198957	0.00447103	0.103508	0.125214	0.0304852	0.0167248	0.0346417	0.0587013	0.066802
11	0.216377	0.00344606	0.0606059	0.0674826	0.0146325	0.0154304	0.0322635	0.00538626	0.0366346	0.0365402	0.00351609	0.105605	0.00266385	0.0756797	0.0383378	0.11165	0.128078	0.0256827	0.010423	0.00956456
12	0.0321064	0.0137252	0.0401552	0.0201402	0.0216505	0.0169481	0.244614	0.0101861	0.0247189	0.0324039	0.00594091	0.121824	0.14787	0.0500273	0.0359133	0.0629032	0.0253666	0.01203	0.00357099	0.0779054
13	0.00448012	0.025792	0.00180807	0.00248301	0.370259	0.00500868	0.0278945	0.00756226	0.00287154	0.106335	0.0197682	0.00276693	0.00181082	0.00238319	0.00624708	0.0264117	0.00486982	0.0276772	0.00423944	0.349331
14	0.0697055	0.0154808	0.131636	0.156052	0.00341463	0.0476481	0.0676464	0.0125644	0.0776101	0.0464186	0.0112559	0.0848095	0.00503659	0.0927897	0.0541927	0.0465505	0.0354208	0.0276254	0.00102916	0.0131134
15	0.00741753	0.0228829	0.0064535	0.0258633	0.00625766	0.0268336	0.0512875	0.0157948	0.152286	0.0136019	0.0145815	0.0551007	0.0022666	0.0431931	0.426791	0.0813818	0.0213469	0.0120026	0.00547277	0.00918501
16	0.0372634	0.0316724	0.0145902	0.0147402	0.192623	0.0104058	0.01799	0.044149	0.0139189	0.203061	0.0354632	0.0389981	0.00850604	0.0120473	0.0274947	0.12746	0.0722157	0.037593	0.00481666	0.054992
17	0.042356	0.0107365	0.0198791	0.0168773	0.0155441	0.0115294	0.045848	0.00955668	0.0208511	0.0656098	0.00855953	0.0962491	0.351406	0.0468963	0.0625853	0.0757239	0.0430551	0.0249447	0.0039997	0.0277926
18	0.303867	0.0218041	0.0337103	0.0868697	0.00742594	0.00837898	0.0232429	0.0426731	0.0232316	0.0816904	0.0057076	0.0063132	0.142923	0.0238086	0.0276301	0.0706759	0.0696956	0.0128659	0.00185687	0.00562967
19	0.0232011	0.0750611	0.00908144	0.0128215	0.0683144	0.0135738	0.0253908	0.0158055	0.0258732	0.0256562	0.00915536	0.0192594	0.0103211	0.0200852	0.315956	0.199253	0.0381519	0.0129435	0.0553737	0.024722
20	0.0319768	0.0368622	0.0193498	0.0226638	0.181367	0.0232372	0.0502122	0.0165465	0.0223898	0.0609918	0.0129596	0.0267488	0.0129266	0.0232606	0.0325315	0.0955293	0.0331848	0.0277637	0.0102664	0.259232
21	0.143874	0.0126423	0.0268284	0.0267291	0.022023	0.0378221	0.0234817	0.0790393	0.0610399	0.0744944	0.0242043	0.022179	0.0285379	0.0343849	0.0170638	0.129809	0.107722	0.105533	0.00253897	0.0200518
22	0.0292995	0.00502663	0.00100967	0.00126141	0.0308491	0.00539317	0.00598434	0.176101	0.00311708	0.337055	0.11194	0.00642752	0.00136843	0.011683	0.0135304	0.0196492	0.0377956	0.197433	0.00226136	0.00281455
23	0.0373747	0.0336476	0.216183	0.132903	0.0100147	0.0367869	0.0676252	0.0181717	0.0398489	0.0301291	0.00779804	0.104803	0.00636251	0.0521734	0.037377	0.0521171	0.0289864	0.0264068	0.00347152	0.0578187
24	0.0357112	0.0050038	0.00112349	0.00160416	0.0321352	0.00458363	0.00600546	0.215147	0.00403269	0.289184	0.0971148	0.00566615	0.0012921	0.00834449	0.0112156	0.0189211	0.0340208	0.220854	0.00246712	0.00557314
25	0.0107583	0.0244815	0.276417	0.0209123	0.0112652	0.0915566	0.0729461	0.0129555	0.0542053	0.00665192	0.00167911	0.232382	0.00168069	0.0105112	0.0110513	0.125364	0.0187326	0.00523845	0.000713203	0.0104969
26	0.156749	0.00277088	0.0137111	0.032269	0.00699065	0.00995076	0.0121606	0.153646	0.0284913	0.0681916	0.0297433	0.00744997	0.0157787	0.0217136	0.00653902	0.0356543	0.0630108	0.328991	0.00229096	0.00389732
27	0.0383269	0.0010479	0.251856	0.380959	0.00270607	0.0303744	0.0152156	0.0150217	0.0431836	0.0131139	0.0071318	0.0380389	0.00377912	0.0519148	0.0289297	0.0326571	0.0188009	0.0195382	0.00487921	0.00252481
28	0.0184903	0.00703022	0.00849564	0.0373131	0.00164411	0.0204998	0.0085985	0.00343591	0.40043	0.0172825	0.027619	0.0366668	0.00868027	0.0341188	0.280875	0.0496489	0.0196997	0.0135371	0.0015516	0.00438349
29	0.408537	0.0058597	0.00793368	0.00584886	0.00566516	0.0577898	0.0229565	0.0425979	0.0151201	0.0526711	0.00769865	0.010177	0.0234839	0.00702231	0.00639701	0.139166	0.0365076	0.138284	0.00115287	0.00513109
30	0.0430266	0.00127498	0.234022	0.392182	0.00289904	0.0308394	0.0140113	0.0146287	0.0386059	0.0150244	0.00671964	0.0349316	0.00480419	0.054227	0.0270936	0.0359032	0.0247179	0.0184575	0.00415804	0.00247326
31	0.0464208	0.0128646	0.20417	0.176097	0.00770002	0.0543151	0.041937	0.0223724	0.0510845	0.0321009	0.0100594	0.068777	0.00706931	0.071546	0.0393964	0.0424133	0.031811	0.0531213	0.00311508	0.0236291
32	0.0448852	0.00621121	0.00434909	0.00704992	0.0400617	0.00744247	0.00702025	0.208899	0.0095919	0.300087	0.0622504	0.00646985	0.00566932	0.0120147	0.0134349	0.0223961	0.0236444	0.204266	0.00289258	0.0113646
33	0.0260826	0.00468336	0.00114786	0.0020236	0.0422034	0.00383137	0.00381406	0.219435	0.00291561	0.371441	0.0674166	0.00354258	0.00255202	0.00538999	0.0080585	0.0122594	0.0204086	0.194449	0.00149736	0.00684915
34	0.0236628	0.00918693	0.00199284	0.00244997	0.0193028	0.00383282	0.00388633	0.168498	0.00801749	0.273128	0.302773	0.00959732	0.00183057	0.00751868	0.00876473	0.0260336	0.0287006	0.092413	0.00117059	0.00724046
35	0.0488973	0.015665	0.0992285	0.139232	0.009749	0.0312076	0.150319	0.0157118	0.0596632	0.0356034	0.00766844	0.0625836	0.0159711	0.0996598	0.0671795	0.0604861	0.0297227	0.0227134	0.00403645	0.0247023
36	0.0158844	0.00219107	0.00537269	0.0446951	0.00665838	0.0100894	0.0480938	0.0314141	0.16281	0.0873193	0.0328781	0.0322917	0.00274532	0.161837	0.224613	0.0450382	0.0217457	0.0340572	0.0173371	0.0129293
37	0.00843725	0.0102829	0.00622688	0.0431177	0.00117836	0.0299304	0.0171671	0.00686185	0.328045	0.0128612	0.0297912	0.0671022	0.00214399	0.0318956	0.287012	0.065196	0.0277114	0.017372	0.000611329	0.0070563
38	0.0313584	0.00361279	0.000967918	0.0012577	0.0268608	0.00458313	0.005571	0.204393	0.00277467	0.324824	0.100296	0.00538972	0.00116447	0.00811764	0.0103119	0.016698	0.0331085	0.213584	0.00240451	0.00272295
39	0.015406	0.00383464	0.00163305	0.00266191	0.0549995	0.00426081	0.00357702	0.156667	0.00409775	0.527593	0.0660231	0.0029575	0.00529006	0.0054682	0.00641469	0.0100238	0.0109277	0.111306	0.00122303	0.00563517
40	0.0592541	0.0145565	0.132941	0.162663	0.00313121	0.0460687	0.0735945	0.0125181	0.0826434	0.0430785	0.00917209	0.077959	0.00530328	0.1097	0.0590518	0.038472	0.0312022	0.0261173	0.000604219	0.011969
41	0.026069	0.00573496	0.155294	0.283255	0.0181426	0.0210768	0.0326049	0.0247718	0.0790499	0.0878844	0.0356664	0.0263567	0.00432002	0.0859809	0.0222767	0.0507727	0.0158867	0.0162969	0.00285436	0.00570627
42	0.184468	0.0871792	0.0318249	0.039209	0.0285815	0.0301618	0.0751345	0.0400107	0.0316416	0.0564121	0.0631786	0.0309733	0.0234406	0.0331255	0.0338628	0.0881469	0.0523989	0.0426154	0.00640847	0.0212267
43	0.0257199	0.00181585	0.00409535	0.050578	0.00422684	0.00994575	0.0619177	0.020016	0.167403	0.0748582	0.0135526	0.0146907	0.00206543	0.160589	0.271242	0.0366323	0.0240133	0.0181241	0.0182083	0.0203053
44	0.222229	0.0101841	0.0163512	0.0259006	0.0148404	0.0275356	0.0221301	0.0460944	0.0250536	0.0703948	0.0124202	0.0155597	0.181718	0.0224181	0.0205566	0.100846	0.0529344	0.0999978	0.00381424	0.00902127
45	0.191475	0.00254917	0.00473139	0.0113362	0.00317665	0.0146287	0.00760709	0.108039	0.0195211	0.0488961	0.0133259	0.00392845	0.00795516	0.0227079	0.00508746	0.0523873	0.0348679	0.4436	0.0014441	0.00273526
46	0.0363759	0.0309295	0.00243068	0.00320133	0.166125	0.00275443	0.00689442	0.221573	0.0122024	0.185523	0.0263006	0.00571971	0.00182379	0.00572936	0.0308541	0.00692523	0.00514659	0.176788	0.00347559	0.0692268
47	0.0399324	0.0215865	0.0572714	0.0546079	0.0141764	0.00922173	0.288526	0.00301884	0.0382152	0.015426	0.00184901	0.0661729	0.00851344	0.116722	0.0951365	0.0875997	0.029116	0.00428425	0.00143863	0.0471857
48	0.19211	0.00257762	0.00528491	0.012531	0.00352287	0.0137052	0.0077092	0.111266	0.0208353	0.0488181	0.0145327	0.00406335	0.00868598	0.0231466	0.00513076	0.0506958	0.036201	0.434991	0.00133582	0.00285597
49	0.022835	0.0189881	0.0246539	0.0298359	0.0179859	0.0400024	0.208962	0.0139608	0.0472585	0.0500953	0.00630715	0.0373275	0.008859	0.06209	0.290727	0.0567553	0.0196679	0.0120965	0.00729039	0.0243015
50	0.0871885	0.032328	0.0274896	0.0231767	0.061172	0.0130711	0.0280525	0.115536	0.0586231	0.0941173	0.0246644	0.012209	0.0579187	0.0255168	0.0442839	0.0931389	0.0792891	0.0710277	0.00899054	0.0422061
51	0.099354	0.0281133	0.0236608	0.0582827	0.0452565	0.0167725	0.0293762	0.0655536	0.0402638	0.0579317	0.0247012	0.0111608	0.112866	0.0608654	0.0222228	0.134462	0.0633659	0.083534	0.00684615	0.01541
52	0.129452	0.0155319	0.0249337	0.0157163	0.0174501	0.0401844	0.0149614	0.0899321	0.0688545	0.0517788	0.0153947	0.0314155	0.0244206	0.0107369	0.0254627	0.165771	0.154098	0.0923063	0.00118008	0.0104192
53	0.00823279	0.0022779	0.00091889	0.00115683	0.0836644	0.00378213	0.00109065	0.0830348	0.00118039	0.676799	0.0520903	0.00101859	0.00772084	0.00111675	0.0015312	0.00617111	0.00218285	0.0571033	0.000846189	0.00808102
54	0.0445492	0.00509013	0.20527	0.30401	0.00484796	0.039499	0.02921	0.0177484	0.0543198	0.0289649	0.0117775	0.0503822	0.00552419	0.0640107	0.0363868	0.0428348	0.0254344	0.0217355	0.00309898	0.00530512
55	0.110732	0.00440548	0.0931398	0.187973	0.0150855	0.0786548	0.0107345	0.0239193	0.00448509	0.042822	0.00258602	0.0270905	0.0567658	0.0154577	0.018286	0.174006	0.0934926	0.0371634	0.000806878	0.00239271
56	0.0308897	0.00474661	0.000970463	0.0012238	0.0297912	0.0058331	0.00669167	0.191013	0.00305575	0.317706	0.105671	0.00618054	0.00105831	0.0101646	0.0128541	0.0182174	0.036491	0.211107	0.00233582	0.00399873
57	0.00609399	0.0271046	0.00679125	0.00641603	0.283854	0.00717402	0.0673129	0.00353282	0.0069538	0.0650619	0.0118846	0.0126129	0.00684899	0.0106774	0.0106694	0.0274543	0.00597084	0.0191286	0.00556984	0.408888
58	0.0511522	0.00747935	0.165611	0.264762	0.00682214	0.0380719	0.03726	0.0215692	0.0587251	0.0294815	0.0108477	0.0496	0.0155598	0.0627413	0.047639	0.0511653	0.0331784	0.0333796	0.00455064	0.0104043
59	0.0132618	0.00454642	0.000625326	0.00377629	0.0176423	0.000688549	0.000732795	0.557308	0.00232243	0.0630839	0.0229191	0.000668813	0.000499372	0.00283825	0.00351989	0.00557304	0.00472023	0.292288	0.00019654	0.00278893
60	0.136009	0.00336204	0.0116769	0.0226353	0.00862988	0.00986211	0.0111911	0.19096	0.0185302	0.1064	0.0332233	0.00909575	0.0106095	0.0147587	0.00666143	0.0363042	0.061677	0.303719	0.00168203	0.00301136
61	0.0193766	0.00915834	0.00084828	0.00338487	0.0500877	0.00139592	0.00239538	0.467204	0.00411186	0.109524	0.0273767	0.00206419	0.000671772	0.0036211	0.00891972	0.00646006	0.0066492	0.260912	0.000974539	0.0148649
62	0.524366	0.0285486	0.00731008	0.00826052	0.0107949	0.04103	0.0131354	0.00984776	0.00450699	0.0265402	0.00301632	0.00394817	0.00977191	0.00473647	0.0091516	0.18529	0.0411254	0.0639634	0.000984007	0.00367232
63	0.0540659	0.0597786	0.00508287	0.00371016	0.00371546	0.02931	0.00385893	0.00967575	0.00406209	0.00748508	0.00230831	0.053449	0.0131624	0.00316912	0.0146654	0.447208	0.27574	0.00390458	0.00197744	0.00367094
64	0.07201	0.00269576	0.0485806	0.064097	0.00332455	0.0127837	0.0239162	0.236813	0.0163227	0.0464659	0.0161922	0.0295139	0.00541301	0.0167219	0.00524075	0.0464864	0.0874795	0.262024	0.00104955	0.00286927
65	0.0194671	0.0221093	0.263425	0.0516558	0.0103076	0.0767672	0.0657309	0.0136981	0.0584398	0.0121877	0.00353064	0.202605	0.00221351	0.0223441	0.0210851	0.10705	0.0228828	0.0105551	0.00109571	0.012849
66	0.0103137	0.00848553	0.00340598	0.0253558	0.00164541	0.0184618	0.0149863	0.00509959	0.387743	0.0208636	0.0274148	0.0336155	0.00158345	0.0497673	0.31841	0.0394736	0.0155652	0.0108746	0.00242453	0.00451016
67	0.0404243	0.0116198	0.0434556	0.0401302	0.0118343	0.0112372	0.106597	0.00734326	0.0364348	0.0342877	0.00417138	0.0520578	0.257945	0.0979586	0.0679539	0.0794449	0.0486701	0.0206593	0.00306809	0.024707
68	0.00998894	0.0103991	0.00786902	0.0395742	0.00239557	0.0383848	0.0176232	0.00802153	0.331327	0.0160479	0.0284608	0.0657174	0.00239247	0.0356954	0.276171	0.0592677	0.0250456	0.0172945	0.00112223	0.00720192
69	0.0133395	0.00238627	0.00105359	0.0027197	0.0585801	0.00758486	0.00268644	0.10527	0.00227126	0.607335	0.0649059	0.00259083	0.00556475	0.00431826	0.00416092	0.00857258	0.00955681	0.0918166	0.00116972	0.00411702
70	0.0151003	0.00356537	0.00142069	0.0017465	0.055218	0.00467068	0.00359082	0.119354	0.00323756	0.544506	0.108481	0.00303739	0.00485775	0.00377776	0.00470887	0.0118634	0.0122996	0.0886792	0.00134776	0.00853666
71	0.118897	0.0176174	0.0489965	0.0221616	0.0441055	0.0343284	0.0197492	0.0693563	0.0475781	0.0511179	0.0130724	0.066173	0.0201956	0.0152479	0.0300859	0.170288	0.13095	0.0634163	0.00205154	0.0146121
72	0.00919115	0.00161841	0.000789563	0.000994731	0.0672443	0.00362502	0.00113564	0.0919725	0.00109293	0.680507	0.0548425	0.00112492	0.00652369	0.00133414	0.00172755	0.00554908	0.00331821	0.0631797	0.000946751	0.00328194
73	0.0743869	0.0470178	0.00989181	0.0063541	0.00637256	0.0305982	0.00641762	0.0298888	0.0127188	0.01574	0.00498931	0.0462199	0.017716	0.00407099	0.0152718	0.388027	0.252911	0.0246456	0.0014399	0.00532177
74	0.44087	0.0884146	0.0165492	0.01667	0.0299922	0.00989952	0.00493543	0.00395189	0.00448845	0.0201905	0.00461733	0.0037509	0.00402686	0.00391467	0.0229133	0.187515	0.119987	0.0129599	0.00119355	0.00315957
75	0.0550483	0.008562	0.00258157	0.00502138	0.0593723	0.00419583	0.00701481	0.180416	0.00849711	0.343514	0.0650995	0.00480176	0.00601504	0.00892694	0.0153106	0.0153163	0.0248757	0.159406	0.0100237	0.0160015
76	0.0312661	0.00422102	0.00201566	0.00361375	0.0432747	0.00561984	0.00457234	0.172991	0.00404319	0.42623	0.0679779	0.00414899	0.00450475	0.00689014	0.00827328	0.0143854	0.0211656	0.168193	0.00189432	0.00471982
77	0.182648	0.0157015	0.0213621	0.0172562	0.0303348	0.244559	0.0132461	0.0113453	0.0135923	0.014596	0.0046079	0.0202159	0.00834391	0.00658415	0.00961996	0.295225	0.0468354	0.0185404	0.00250804	0.0228788
78	0.0346983	0.00176578	0.298051	0.337606	0.00254315	0.0296684	0.0150392	0.0168087	0.036619	0.0120364	0.00587255	0.0509133	0.00357088	0.0434553	0.0283673	0.0307404	0.0190634	0.0224674	0.00596906	0.00474396
79	0.0332939	0.0037843	0.00089145	0.00110355	0.0260393	0.00470359	0.0060684	0.197832	0.00275097	0.316592	0.101318	0.00582332	0.000910851	0.00877897	0.011104	0.0179835	0.0368094	0.219055	0.00250717	0.00265065
80	0.0514807	0.0127921	0.132594	0.185697	0.00479823	0.0877263	0.0530931	0.0180359	0.0751462	0.0357934	0.0106366	0.0827598	0.00576036	0.0823449	0.0514371	0.0396588	0.0291338	0.0287129	0.0013445	0.0110535
81	0.046636	0.0064677	0.0128262	0.0185418	0.0434273	0.0359937	0.00918857	0.104089	0.0152301	0.420544	0.0521842	0.0105942	0.0101338	0.0139117	0.0140841	0.0350113	0.0296953	0.112321	0.00221269	0.00690824
82	0.0113017	0.0228643	0.261765	0.0214002	0.0132371	0.0861424	0.0857417	0.0113356	0.0507015	0.00815143	0.00183507	0.234029	0.00212936	0.0159062	0.0118056	0.120664	0.0196562	0.00516237	0.000698778	0.0154731
83	0.0201132	0.00570697	0.0020018	0.00472623	0.0218087	0.00180593	0.00180619	0.503426	0.00515747	0.0813798	0.0269281	0.00220965	0.00142186	0.00408025	0.00576287	0.010051	0.0102085	0.285271	0.00093227	0.00520226
84	0.0249872	0.00155627	0.00345856	0.0491354	0.00427079	0.00961475	0.0615173	0.0201706	0.167513	0.076157	0.0138706	0.0148089	0.00206897	0.160674	0.272244	0.0370052	0.0236329	0.0184781	0.0186969	0.0201399
85	0.0432387	0.00461098	0.240372	0.311344	0.00466465	0.035184	0.0235667	0.0187277	0.044671	0.0210504	0.00811435	0.0497369	0.00591112	0.0558593	0.0326547	0.0409735	0.0247607	0.0238184	0.00445725	0.00628367
86	0.305215	0.0114132	0.0118835	0.0170835	0.0143116	0.0332319	0.0159969	0.0874196	0.0195771	0.0689118	0.0168036	0.0115184	0.014166	0.0147293	0.0136041	0.0972515	0.0438161	0.192683	0.0028252	0.00755896
87	0.0333969	0.0179983	0.139635	0.0794689	0.0130626	0.0424764	0.173644	0.0135622	0.0496225	0.0238444	0.00659171	0.11401	0.0170607	0.0746102	0.0559747	0.0691944	0.0276351	0.0156189	0.00187837	0.0307146
88	0.172419	0.00223567	0.00430644	0.011578	0.00334641	0.0125942	0.00690285	0.129746	0.0179398	0.0467947	0.0140447	0.00373645	0.0073267	0.0198894	0.00596137	0.0450362	0.0317662	0.460426	0.00132048	0.00262916
89	0.00427037	0.0264857	0.00198656	0.00251452	0.362128	0.00471517	0.029296	0.00609722	0.00280493	0.101327	0.0208884	0.00272783	0.00203833	0.00250688	0.0062994	0.0265289	0.00447796	0.0263117	0.00439245	0.362203
90	0.0563923	0.0592698	0.00618746	0.00407506	0.0082854	0.0290884	0.00501415	0.0108178	0.00561588	0.0088483	0.0028767	0.0560649	0.0134357	0.00356979	0.0166594	0.437441	0.264163	0.00512596	0.00228326	0.00478594
91	0.0917284	0.0426819	0.0222606	0.022654	0.0181661	0.035487	0.0174954	0.0298562	0.0216116	0.0256699	0.00840135	0.0458064	0.0218123	0.0134001	0.0258385	0.30435	0.20912	0.0313223	0.00309274	0.0092454
92	0.12656	0.0187213	0.0292802	0.00715735	0.0192181	0.0384817	0.0166566	0.100209	0.0511331	0.0498394	0.0139501	0.042571	0.0258413	0.00452457	0.0196534	0.170812	0.158244	0.0975386	0.000764186	0.00884315
93	0.0310136	0.0213641	0.270437	0.0538488	0.010848	0.0807613	0.0553294	0.0160705	0.0452785	0.0130822	0.00337306	0.185451	0.00417276	0.0189273	0.0169125	0.118384	0.0296778	0.0132888	0.00127061	0.0105079
94	0.0562202	0.0263899	0.134937	0.0247922	0.0142587	0.341389	0.025522	0.0183921	0.0245742	0.00798982	0.00310603	0.108525	0.00508399	0.00749754	0.00819913	0.141016	0.0272623	0.017033	0.00111937	0.00669153
95	0.0033979	0.0259591	0.00168541	0.00236015	0.374312	0.00464047	0.028241	0.00319884	0.00243154	0.101227	0.0197498	0.00213175	0.00175121	0.0022252	0.00538632	0.0254257	0.00394835	0.0248473	0.00423016	0.362851
96	0.365297	0.0864496	0.015008	0.0149826	0.0385791	0.0126052	0.00749419	0.00721576	0.00693705	0.0205272	0.00602507	0.0118597	0.00788789	0.00467753	0.022746	0.221386	0.128121	0.0138816	0.0018506	0.00646832
97	0.019694	0.00448161	0.00215684	0.00341572	0.0568075	0.00455586	0.00359412	0.15276	0.00402526	0.518873	0.065002	0.00300349	0.00526681	0.00439921	0.00565839	0.0122525	0.0121403	0.114162	0.00146207	0.00628925
98	0.0566153	0.00829199	0.294793	0.189399	0.00590926	0.0362442	0.0210779	0.0248815	0.0300544	0.0223278	0.00501597	0.0898013	0.00803753	0.0335965	0.0241584	0.0675551	0.0337866	0.0363268	0.00278221	0.00934445
99	0.0291308	0.00463817	0.00211887	0.00664327	0.017737	0.00210865	0.00248531	0.470756	0.00391141	0.0673584	0.0245593	0.00225454	0.00123308	0.00414918	0.00835533	0.00965863	0.00991024	0.327898	0.000770206	0.00432294
100	0.0224676	0.0243322	0.0102816	0.0107292	0.258895	0.0125818	0.0276604	0.0541404	0.00993443	0.148853	0.0257858	0.0134484	0.00791562	0.0105666	0.0171533	0.0441007	0.017894	0.0532406	0.0058935	0.224126
101	0.0402136	0.0059818	0.0101101	0.0221375	0.0191738	0.00622797	0.00674142	0.395272	0.00942799	0.0601146	0.0207799	0.00718022	0.00339134	0.00751854	0.0142626	0.0180578	0.0242906	0.320818	0.00114109	0.00715864
102	0.0609919	0.00790229	0.0144014	0.0204726	0.0294606	0.0118799	0.00797916	0.275153	0.0155672	0.12383	0.0350719	0.00885364	0.00514531	0.0154216	0.0157893	0.028922	0.02821	0.277595	0.00299617	0.0143564
103	0.0407381	0.00808156	0.269777	0.228878	0.00313354	0.0376616	0.0299992	0.0221236	0.0420815	0.0233403	0.00596009	0.0811592	0.00429575	0.0493922	0.0368213	0.0345867	0.0323313	0.0305283	0.00332308	0.0157875
104	0.046408	0.0149183	0.102192	0.0970398	0.0130404	0.14903	0.0626157	0.0231549	0.059211	0.0366851	0.0124034	0.109763	0.0123854	0.0737539	0.0495034	0.0578128	0.0309093	0.0293912	0.00292778	0.0168542
105	0.0374471	0.00121587	0.254514	0.368191	0.0027356	0.0313094	0.0164273	0.0153472	0.0459096	0.0133925	0.00740515	0.0402265	0.00391211	0.052311	0.0308942	0.0318425	0.0185081	0.0205829	0.00500632	0.00282092
106	0.138924	0.0064689	0.0259808	0.0566808	0.0209309	0.0120993	0.0186359	0.131313	0.038302	0.0724654	0.0419476	0.00913263	0.0256638	0.0434924	0.0109861	0.052612	0.0903725	0.192476	0.00223004	0.00928578
107	0.0388261	0.00179472	0.247732	0.357775	0.00282594	0.0316186	0.0189724	0.0150497	0.0489489	0.0146845	0.0080566	0.0413413	0.00426305	0.0545649	0.0327709	0.0315082	0.019338	0.0214312	0.0051335	0.0033639
108	0.0538024	0.00979481	0.171548	0.229956	0.00440636	0.0460071	0.0491813	0.0159084	0.0709783	0.0336172	0.00894943	0.0670843	0.00473204	0.07805	0.0547429	0.037332	0.0282562	0.0252958	0.00178741	0.00857019
109	0.0130196	0.00264295	0.00178303	0.00317383	0.0675723	0.00467806	0.00203319	0.0883572	0.00293669	0.651774	0.0559528	0.00251033	0.0105086	0.00322734	0.00319587	0.00942189	0.00647256	0.06496	0.001126	0.00465396
110	0.0140047	0.00164684	0.0064096	0.0518878	0.0086311	0.00926247	0.0456176	0.0369054	0.167874	0.105243	0.0208426	0.0329746	0.00319308	0.162374	0.19515	0.0445349	0.0220852	0.0438444	0.0136945	0.0138242
111	0.144097	0.015994	0.0293352	0.00768737	0.0168104	0.0465803	0.0166899	0.090676	0.0514437	0.0554199	0.0156958	0.0333957	0.0366728	0.00694037	0.0162005	0.160739	0.127052	0.114805	0.000828972	0.012936
112	0.0569659	0.0299655	0.161938	0.086694	0.0234149	0.220725	0.019533	0.0182856	0.0203108	0.016099	0.0043959	0.0783625	0.0111878	0.0128065	0.0112951	0.140398	0.0321447	0.0456098	0.00136802	0.00849922
113	0.035688	0.00160208	0.284936	0.345026	0.0030349	0.028065	0.0144579	0.0199442	0.0366157	0.0146647	0.00634543	0.0500027	0.00360454	0.0436332	0.0274901	0.0320152	0.019408	0.0245116	0.00496129	0.00399351
114	0.0338006	0.144721	0.0120282	0.0158289	0.0557412	0.0152794	0.0192595	0.0175557	0.0172307	0.0340859	0.0134635	0.0253878	0.0112686	0.014641	0.0581976	0.231667	0.0990578	0.0207134	0.0863937	0.0736787
115	0.0446998	0.00354474	0.2293	0.339019	0.00283501	0.0333469	0.0242444	0.0146874	0.0491011	0.0179747	0.00735702	0.0469439	0.00412451	0.0601914	0.0364562	0.0339975	0.0222799	0.0212366	0.00408272	0.00457721
116	0.0134252	0.00476368	0.000627004	0.00371173	0.0188049	0.000740063	0.000823154	0.552343	0.00234988	0.0668058	0.0239275	0.000759371	0.00049685	0.00290506	0.0037212	0.00571144	0.00511124	0.289637	0.000210187	0.00312654
117	0.0310433	0.0161077	0.271111	0.109486	0.00891316	0.0641637	0.0488178	0.0154732	0.0447347	0.0203454	0.00446752	0.156021	0.00279383	0.0433619	0.024154	0.0707525	0.0314839	0.0201663	0.00183213	0.0147714
118	0.0802117	0.0188955	0.0259767	0.0417898	0.0581333	0.00961947	0.0230298	0.115547	0.0578401	0.102544	0.0400909	0.00665278	0.046262	0.0464791	0.0350091	0.0752061	0.0858544	0.082507	0.0122927	0.0360591
119	0.0363274	0.0289181	0.00630914	0.0309948	0.0716602	0.00832821	0.0364369	0.0351339	0.0111719	0.271262	0.0648686	0.0306987	0.00612239	0.229859	0.0341159	0.0178625	0.0125412	0.0344301	0.00277048	0.0301881
120	0.0177177	0.00345337	0.00124003	0.00167913	0.0508707	0.00388566	0.00269725	0.173288	0.00253254	0.497582	0.066696	0.00281599	0.00434846	0.00392638	0.00554409	0.00943519	0.0125177	0.133404	0.00132325	0.00504289
121	0.0598941	0.0148087	0.133655	0.161346	0.00310021	0.047547	0.0685118	0.0143144	0.0857749	0.0434358	0.00982585	0.0844177	0.00508888	0.0933932	0.0605725	0.0406001	0.0333276	0.0276852	0.000578552	0.0121228
122	0.0357302	0.031789	0.0029113	0.0036798	0.167439	0.00284015	0.00752414	0.220495	0.0148382	0.181255	0.0246181	0.00560556	0.00336083	0.00592974	0.0343421	0.00827863	0.00568994	0.167271	0.00397302	0.0724286
123	0.06044	0.00703409	0.0111203	0.110875	0.00712195	0.369525	0.00958787	0.0714601	0.0323556	0.0341623	0.0273811	0.0611973	0.00665303	0.0350947	0.0100383	0.024178	0.0375492	0.0760206	0.00212061	0.00608461
124	0.0604627	0.0150564	0.13681	0.166227	0.00299957	0.0487327	0.0679365	0.0134401	0.0844326	0.0440043	0.00963425	0.0811955	0.00520479	0.0940192	0.0586112	0.0400277	0.0313905	0.0272415	0.000524032	0.0120495
125	0.0101919	0.00806524	0.00391778	0.0300149	0.00121343	0.0215941	0.00543437	0.00335106	0.416122	0.0186656	0.0333615	0.0413353	0.00168481	0.0362955	0.288212	0.0446333	0.0175274	0.0140296	0.000779034	0.00357203
126	0.0132618	0.00454642	0.000625326	0.00377629	0.0176423	0.000688549	0.000732795	0.557308	0.00232243	0.0630839	0.0229191	0.000668813	0.000499372	0.00283825	0.00351989	0.00557304	0.00472023	0.292288	0.00019654	0.00278893
127	0.221542	0.014483	0.0198935	0.0198744	0.0140449	0.136739	0.0172645	0.0444917	0.0265789	0.0507804	0.0101677	0.0221675	0.021065	0.00916403	0.0142268	0.15207	0.117532	0.0770499	0.00143921	0.00942441
128	0.0575383	0.0570837	0.00662313	0.0038879	0.00448383	0.030863	0.00455308	0.0124835	0.00562134	0.00908596	0.00286338	0.0581052	0.0154915	0.00345957	0.0161161	0.438287	0.260898	0.00710174	0.0018018	0.003652
129	0.116728	0.0204633	0.0551752	0.03118	0.0177444	0.300198	0.0161731	0.0227888	0.0211674	0.0231956	0.00727221	0.050276	0.0115693	0.0113322	0.0149745	0.184135	0.0556352	0.0287367	0.00243744	0.00881711
130	0.143051	0.0358995	0.0178194	0.0265772	0.0148643	0.0282414	0.0212414	0.0237118	0.0201964	0.0240928	0.00495569	0.0316018	0.0651566	0.00883833	0.0317359	0.307563	0.158851	0.0253601	0.00237299	0.00786973
131	0.0292983	0.0687938	0.0136511	0.0129991	0.24687	0.00999521	0.0269647	0.0130204	0.0109248	0.0472885	0.0163481	0.0692535	0.00373214	0.0085592	0.0454775	0.221435	0.0811421	0.00605034	0.00905883	0.0591377
132	0.192262	0.0162304	0.0299699	0.0170635	0.0180712	0.339876	0.0127941	0.0146962	0.0147199	0.0143677	0.00322688	0.0310005	0.00673114	0.00497559	0.00798178	0.198732	0.0411146	0.02542	0.00153356	0.00923302
133	0.0578972	0.0132898	0.15434	0.18568	0.00304454	0.04672	0.0627081	0.0139663	0.0777166	0.0405967	0.00928061	0.0785507	0.00511205	0.0880724	0.0555181	0.0381627	0.0300736	0.0272361	0.00100261	0.0110314
134	0.0374862	0.00569963	0.00409977	0.00680985	0.0274996	0.00597009	0.00714843	0.172773	0.00934031	0.30249	0.129284	0.00681806	0.00406929	0.0153807	0.0128924	0.0255326	0.0479753	0.17109	0.00265749	0.00498304
135	0.00271337	0.0283307	0.0013514	0.00204487	0.333036	0.00459481	0.0360805	0.0018539	0.0020986	0.0705751	0.0124	0.00184267	0.000968967	0.00183442	0.00530561	0.0230699	0.00290819	0.0194749	0.00525749	0.444258
136	0.0227495	0.00314309	0.00425092	0.0466587	0.00429204	0.0102477	0.0722707	0.0165233	0.162291	0.0626877	0.0113862	0.0135478	0.00183641	0.154668	0.309098	0.0357314	0.0210331	0.0143189	0.0154017	0.0178638
137	0.190526	0.0173583	0.0350819	0.0214225	0.0179787	0.328042	0.0153794	0.0187367	0.0164743	0.0174324	0.00426128	0.0340292	0.00782025	0.0068997	0.00901877	0.179606	0.041479	0.0277842	0.00175264	0.00891583
138	0.0878072	0.0147101	0.0203186	0.00954317	0.0145066	0.0294311	0.0143812	0.0895848	0.0537377	0.0381004	0.0118464	0.0271411	0.019752	0.00755237	0.0170906	0.200541	0.211396	0.108726	0.00170599	0.022128
139	0.00465997	0.0303395	0.00218089	0.00258231	0.321116	0.00532324	0.0389478	0.00336867	0.00266682	0.0679003	0.0124087	0.00392566	0.00181699	0.00282147	0.00851391	0.029315	0.00613142	0.0189135	0.0108155	0.426252
140	0.0192158	0.0599586	0.0309996	0.0121304	0.135629	0.0483744	0.0582745	0.0123512	0.0484701	0.113891	0.00949651	0.11197	0.00682002	0.0432006	0.0720042	0.117254	0.0293019	0.0113697	0.00411284	0.0551761
141	0.0669684	0.0183812	0.0859988	0.0242204	0.0138908	0.43938	0.0150445	0.026659	0.0158475	0.00923272	0.00447623	0.0749963	0.00652026	0.00751299	0.0063731	0.128775	0.0303728	0.0187277	0.00114372	0.00547823
142	0.0558411	0.0101563	0.0429153	0.160232	0.0190347	0.0194111	0.0424916	0.0446703	0.0461602	0.0709228	0.0469729	0.0232768	0.0145385	0.112448	0.0261658	0.0640103	0.0737653	0.112748	0.00310238	0.0111368
143	0.0409321	0.00126152	0.25841	0.370168	0.0027635	0.0291766	0.0150346	0.0154695	0.0410922	0.0136416	0.00678847	0.0406828	0.00384293	0.0500645	0.0303118	0.0319386	0.0198051	0.0202366	0.00541308	0.00296707
144	0.033134	0.0059741	0.00441699	0.00756131	0.0255987	0.0032163	0.00419214	0.420823	0.00662242	0.103367	0.0347245	0.00350475	0.00307755	0.00630407	0.00804603	0.0147825	0.0170238	0.289197	0.00109603	0.00733762
145	0.378279	0.085874	0.0157634	0.0167869	0.0480207	0.0120337	0.0123356	0.00736895	0.00966836	0.0231547	0.0068052	0.008576	0.010096	0.00731443	0.0453523	0.184482	0.101394	0.0147633	0.00409552	0.0078358
146	0.01339	0.00453049	0.000624862	0.00385554	0.0175726	0.000696132	0.000747751	0.556808	0.00231194	0.0629165	0.0229094	0.000668873	0.00049954	0.00284423	0.00356777	0.00560277	0.00472892	0.292737	0.000198776	0.00278919
147	0.0509503	0.0137747	0.0366775	0.0505458	0.0117537	0.0356006	0.0319467	0.0302007	0.207262	0.0362116	0.0209412	0.0484381	0.0234396	0.053386	0.145	0.0837233	0.0688244	0.0360145	0.00363627	0.0116722
148	0.0153358	0.00653327	0.000672827	0.00356684	0.0299608	0.000856585	0.00128278	0.527611	0.00307973	0.0733042	0.0229588	0.00111826	0.000567491	0.0029742	0.00496827	0.00547945	0.00517557	0.286347	0.000325549	0.00788073
149	0.0179401	0.00466261	0.000794301	0.00235137	0.0346012	0.00237158	0.0026772	0.369575	0.00251555	0.24303	0.049638	0.00219754	0.00146755	0.00406782	0.00568946	0.00877239	0.0121854	0.229099	0.00113154	0.00523231
150	0.00797502	0.0108027	0.0096707	0.0412826	0.00158179	0.0283899	0.024701	0.0100275	0.298258	0.0130822	0.0326418	0.0802072	0.00192296	0.0357089	0.275662	0.0686921	0.0298033	0.0171133	0.00115509	0.0113217
151	0.142462	0.0176757	0.0293617	0.00944254	0.0177154	0.0472753	0.0168468	0.088308	0.0458588	0.0526865	0.0165136	0.0360114	0.0334644	0.00422933	0.0169565	0.181114	0.132371	0.102836	0.000534778	0.00833714
152	0.0522862	0.00226742	0.215399	0.350703	0.0036828	0.0354049	0.0176765	0.0149479	0.0380057	0.0200682	0.00637364	0.0415785	0.00739288	0.0554253	0.0287162	0.0473056	0.0345885	0.0211341	0.00361445	0.00342883
153	0.0254314	0.02512	0.0557087	0.0593227	0.0111389	0.0125327	0.288653	0.00337094	0.0459307	0.0162869	0.00217605	0.0743518	0.00843024	0.125054	0.097439	0.0768017	0.0221544	0.00402533	0.000638028	0.0454342
154	0.0300461	0.00514197	0.00102401	0.0012914	0.0290098	0.00552103	0.00620259	0.178851	0.00315936	0.327694	0.112421	0.00668401	0.00114518	0.0119596	0.0138383	0.0200815	0.0387088	0.201976	0.00233274	0.00291102
155	0.0361779	0.00624594	0.0159619	0.112967	0.00831495	0.00722554	0.043256	0.0132819	0.0785308	0.217033	0.00841829	0.012232	0.00440638	0.117687	0.0888924	0.0427258	0.0109442	0.0226779	0.0713945	0.0816264
156	0.0147518	0.00187474	0.0090129	0.0527154	0.00847516	0.00985145	0.0432925	0.0362826	0.166039	0.1049	0.0211939	0.0355899	0.0034881	0.161381	0.189138	0.0457601	0.0234458	0.0465219	0.0130832	0.0132022
157	0.0373725	0.00294078	0.281244	0.321102	0.00353993	0.0282318	0.0160513	0.0262031	0.0363591	0.0157036	0.00661682	0.0520295	0.00384564	0.0426742	0.0268993	0.0351599	0.0225536	0.0313261	0.00472361	0.00542284
158	0.00449314	0.0270364	0.00209279	0.00263743	0.349193	0.00518365	0.0318372	0.00756837	0.00295828	0.0866558	0.0155027	0.00368175	0.0014272	0.00263923	0.00702315	0.0257978	0.00454906	0.0262491	0.00470189	0.388772
159	0.191212	0.00558242	0.0583421	0.066627	0.0152729	0.0179132	0.0335756	0.0194279	0.0507741	0.0564636	0.0110004	0.0821036	0.00753784	0.0713295	0.0307812	0.103274	0.110302	0.0464041	0.00712998	0.0149465
160	0.0240938	0.0208642	0.0551943	0.0676858	0.0113431	0.0108935	0.276672	0.00330154	0.0500097	0.0174956	0.0023908	0.0632111	0.00819662	0.151699	0.101532	0.0704982	0.019552	0.00458894	0.000784926	0.039993
161	0.0426985	0.00734726	0.149964	0.255977	0.00662773	0.0343004	0.0455749	0.018139	0.0669525	0.035924	0.0114168	0.0436007	0.00920583	0.108169	0.056007	0.0404872	0.0255999	0.025994	0.00539906	0.0106154
162	0.0162994	0.00436613	0.000700826	0.00399816	0.0168574	0.000776824	0.000875907	0.530421	0.0023454	0.0629021	0.0237018	0.000831794	0.00055104	0.00275725	0.00422153	0.00606219	0.00530647	0.313934	0.000236696	0.00285419
163	0.0595636	0.0318359	0.0239038	0.0216074	0.242219	0.00747428	0.0170812	0.0240705	0.0111735	0.0632571	0.0241544	0.0753058	0.00379434	0.00751051	0.0371079	0.18111	0.087677	0.00719239	0.00264963	0.0713116
164	0.0190184	0.0064485	0.00249276	0.00466187	0.0113202	0.00371858	0.00347029	0.24492	0.0109356	0.200308	0.333804	0.00745731	0.0021225	0.00466738	0.00551456	0.0261307	0.0140522	0.0883738	0.000918889	0.00966464
165	0.0118334	0.00229067	0.000884678	0.00147177	0.0612982	0.00409003	0.00189299	0.10207	0.00176514	0.621854	0.0730372	0.00202597	0.00604166	0.00384217	0.00345669	0.00777315	0.00830242	0.0810639	0.000987563	0.00401852
166	0.0126249	0.00955652	0.00733612	0.0408271	0.00223011	0.0238883	0.0144858	0.0054437	0.339057	0.0156008	0.0263827	0.046697	0.00606639	0.0332458	0.307739	0.064434	0.0225178	0.0141577	0.00200494	0.00570387
167	0.0130222	0.00377269	0.00454693	0.0434284	0.00498656	0.0168107	0.0311829	0.0228143	0.249854	0.0702504	0.0287327	0.0352894	0.00228851	0.117836	0.241555	0.0451097	0.0204244	0.0291752	0.00942568	0.00949481
168	0.0139331	0.00437802	0.000651223	0.00378212	0.0169841	0.000734469	0.000728977	0.546266	0.00226551	0.0615765	0.0228663	0.000704953	0.000496963	0.00275737	0.00382457	0.00577358	0.00464512	0.304685	0.000205507	0.00274077
169	0.0227225	0.0248295	0.0517807	0.0551153	0.0117795	0.00950255	0.304132	0.00246918	0.0440722	0.015361	0.00157622	0.0694911	0.00905082	0.131116	0.0999233	0.0767942	0.0197483	0.00262344	0.00066416	0.0472488
170	0.0448353	0.0174878	0.0623454	0.0539188	0.0321601	0.0271774	0.176709	0.0219557	0.0534748	0.0452168	0.0123496	0.0727507	0.0320666	0.0842861	0.0766355	0.0692247	0.031836	0.0260724	0.0043737	0.0551232
171	0.0562675	0.00579416	0.0529818	0.0704907	0.00660442	0.0122062	0.0135329	0.00734134	0.384264	0.0185004	0.00739392	0.0116441	0.0768684	0.0235069	0.145943	0.0474235	0.0367759	0.0136287	0.00265894	0.00617327
172	0.0443203	0.0188109	0.116306	0.0554225	0.0224371	0.0596703	0.0850027	0.0243648	0.0631026	0.0324847	0.013523	0.151149	0.0188513	0.0433093	0.0559509	0.0948782	0.0451948	0.024962	0.00321369	0.0270465
173	0.0132618	0.00454642	0.000625326	0.00377629	0.0176423	0.000688549	0.000732795	0.557308	0.00232243	0.0630839	0.0229191	0.000668813	0.000499372	0.00283825	0.00351989	0.00557304	0.00472023	0.292288	0.00019654	0.00278893
174	0.0233047	0.00506025	0.000920653	0.00366987	0.0250445	0.00198872	0.00268994	0.437872	0.00296627	0.138475	0.0423695	0.00229321	0.000984082	0.00445247	0.0063402	0.0090514	0.0137088	0.272671	0.000910221	0.00522682
175	0.024049	0.00159867	0.0039377	0.0499828	0.0044306	0.00941755	0.0620588	0.0203742	0.166602	0.0769252	0.0141785	0.015324	0.00217079	0.164119	0.268294	0.036294	0.0237259	0.0190065	0.0176981	0.0198135
176	0.0085304	0.0242328	0.00231771	0.00317249	0.34212	0.00538285	0.0234717	0.025434	0.0048095	0.152543	0.0220635	0.00344003	0.00348173	0.00335904	0.00945431	0.0272747	0.00653968	0.0417439	0.00420546	0.286423
177	0.0282427	0.0154469	0.00146108	0.00315295	0.0831325	0.00259342	0.00538437	0.315306	0.00670086	0.192236	0.0383943	0.0045119	0.00148292	0.00583499	0.0167419	0.00845509	0.0112385	0.222444	0.00186715	0.0353717
178	0.092824	0.0169716	0.0754233	0.0593069	0.0172982	0.286683	0.0266125	0.0262389	0.0361351	0.0293414	0.0102357	0.0615354	0.00945581	0.0282884	0.0265347	0.112389	0.0394486	0.0311026	0.00219873	0.0119759
179	0.45634	0.0221747	0.00993947	0.0116731	0.0103656	0.0462773	0.0147228	0.0216278	0.00987217	0.0328723	0.00535186	0.00804412	0.0148004	0.00596635	0.00916789	0.183503	0.048551	0.0836009	0.00100306	0.00414648
180	0.0776314	0.0950457	0.0163	0.0168736	0.143769	0.0137225	0.0183139	0.0308477	0.0186091	0.0751627	0.0364463	0.0375524	0.0102835	0.0129866	0.0344706	0.191124	0.0974506	0.0268993	0.00879981	0.0377116
181	0.104058	0.010057	0.0419459	0.0332155	0.0125343	0.026281	0.0183195	0.166047	0.0341109	0.0487709	0.0168446	0.0304996	0.0175363	0.0128738	0.0123912	0.109779	0.12438	0.171485	0.00106973	0.00780119
182	0.0100672	0.00843289	0.00377662	0.0287405	0.00121593	0.0210614	0.00493136	0.00316184	0.426027	0.0178672	0.0326447	0.0406672	0.00165632	0.0351423	0.288446	0.0418532	0.0173177	0.0129382	0.000655657	0.00339693
183	0.0831499	0.0223109	0.00587965	0.0267343	0.0354559	0.00608384	0.0737255	0.00858522	0.0461523	0.0469077	0.00355533	0.00993304	0.326449	0.0703006	0.0259511	0.142554	0.0230426	0.0191423	0.016208	0.00787883
184	0.0637874	0.0101428	0.0158818	0.0305702	0.0134193	0.00927065	0.0346546	0.00764904	0.111806	0.0333542	0.00639078	0.0249417	0.27744	0.0416672	0.106704	0.114275	0.0577865	0.0218304	0.00544353	0.0129858
185	0.00698443	0.0152924	0.0193977	0.033007	0.00354587	0.0251807	0.077066	0.034534	0.142801	0.00925671	0.0159559	0.186574	0.00259783	0.0568547	0.176098	0.0769039	0.067171	0.0259702	0.00143991	0.0233691
186	0.00440048	0.0296498	0.00229399	0.00298109	0.357637	0.00535966	0.030189	0.00290759	0.00327522	0.098617	0.0206097	0.00513699	0.00170932	0.00267895	0.00726555	0.0334565	0.00686209	0.0226181	0.00556694	0.356785
187	0.00910622	0.119399	0.0050419	0.00684884	0.219554	0.00763504	0.0269108	0.00681945	0.00679032	0.0734503	0.012546	0.00619189	0.00441359	0.00722666	0.0101477	0.0552214	0.0139194	0.0356319	0.00856419	0.364581
188	0.019096	0.00366149	0.00119191	0.00189331	0.0430206	0.00400447	0.00322977	0.164443	0.00344137	0.460935	0.114281	0.00385776	0.00358786	0.00504129	0.00576807	0.0126283	0.0178207	0.126419	0.00121746	0.00446125
189	0.0158125	0.00427104	0.00070046	0.0041449	0.016051	0.000755068	0.000820742	0.527523	0.00230929	0.0583927	0.0233311	0.000760501	0.000505392	0.00270334	0.00451485	0.00629174	0.0046679	0.323457	0.000223646	0.00276401
190	0.0543136	0.0403452	0.0181098	0.01983	0.222719	0.0146041	0.0233499	0.0334276	0.0189601	0.0753993	0.0240357	0.0387666	0.0113224	0.0141792	0.0349104	0.129848	0.103598	0.0300133	0.00779789	0.0844706
191	0.0423514	0.00508849	0.247162	0.31227	0.00434479	0.0352734	0.0217607	0.0183657	0.0422743	0.0186454	0.00709288	0.0541869	0.00594906	0.051109	0.0299965	0.0426667	0.025737	0.0249667	0.00411647	0.006642
192	0.00271337	0.0283307	0.0013514	0.00204487	0.333036	0.00459481	0.0360805	0.0018539	0.0020986	0.0705751	0.0124	0.00184267	0.000968967	0.00183442	0.00530561	0.0230699	0.00290819	0.0194749	0.00525749	0.444258
193	0.0230743	0.00709739	0.00376386	0.00610804	0.0322719	0.00474636	0.00605772	0.158637	0.0126038	0.324215	0.242931	0.00717097	0.00384871	0.00997086	0.00991412	0.0227209	0.0201744	0.0906986	0.00248651	0.0115079
194	0.11895	0.0256943	0.00593658	0.0120769	0.035073	0.00690893	0.115747	0.00652254	0.0534102	0.0199654	0.00444998	0.00782411	0.178165	0.0243451	0.0398479	0.25328	0.0529072	0.0100572	0.00512483	0.0237135
