314	20
1	0.048218	0.00857878	0.00463001	0.000572973	0.0304621	0.00224802	0.0004528	0.324304	0.00176446	0.132354	0.0493268	0.0032133	0.00106136	0.00154319	0.00220883	0.0181963	0.0373781	0.330503	0.00138508	0.00159864
2	0.32055	0.040476	0.00436076	0.00554031	0.0123012	0.148495	0.00430518	0.0130189	0.00684837	0.168795	0.00886617	0.00831819	0.00571274	0.00776631	0.00716788	0.0909195	0.017758	0.0168214	0.071979	0.0400009
3	0.062101	0.006973	0.00176553	0.000483787	0.0398902	0.00306034	0.000912004	0.296906	0.00468095	0.127019	0.0774165	0.0127109	0.000675328	0.00445594	0.00348337	0.0283744	0.0635864	0.258101	0.00307355	0.00433101
4	0.0554921	0.0040079	0.00107855	0.000829966	0.0393825	0.00386856	0.00137402	0.30579	0.00670055	0.113022	0.0890256	0.016992	0.00052217	0.00726388	0.00624282	0.0255033	0.0707938	0.23899	0.00565636	0.00746457
5	0.0993567	0.0618886	0.00392277	0.00112455	0.0050595	0.0358723	0.000887854	0.182267	0.001054	0.0621261	0.0265686	0.0174778	0.00364187	0.00196127	0.00304169	0.128439	0.228527	0.128997	0.000694189	0.00709204
6	0.014673	0.00528678	0.000340668	0.00214475	0.071836	0.00370743	0.00113493	0.212258	0.00438287	0.422901	0.0882725	0.00299844	0.00195656	0.00564401	0.00217944	0.0129682	0.0269535	0.0995665	0.00176206	0.0190332
7	0.0332179	0.00496626	0.00236147	0.000539104	0.0283757	0.00217011	0.000562038	0.378672	0.00143556	0.110492	0.0326392	0.00257062	0.000603698	0.00154787	0.00310528	0.0107087	0.0329049	0.349561	0.0020723	0.00149362
8	0.023576	0.00161629	0.0788563	0.200767	0.00504831	0.0165486	0.0179225	0.0154542	0.154489	0.0621679	0.0119398	0.0234176	0.0159114	0.133467	0.103812	0.0404286	0.0496645	0.0342866	0.00326564	0.00736095
9	0.0349556	0.00780775	0.181871	0.118227	0.0042957	0.0709434	0.0515624	0.0138511	0.0804084	0.0149632	0.0125285	0.14466	0.0121182	0.0489847	0.0414529	0.080389	0.0280045	0.0275824	0.00161566	0.0237781
10	0.00970874	0.0141932	0.00133996	0.00188374	0.306069	0.0209318	0.00288682	0.0133113	0.00310996	0.384101	0.111247	0.00402325	0.00206224	0.00435699	0.00308173	0.0342665	0.00661432	0.0410987	0.0118827	0.0238306
11	0.0202252	0.00779213	0.0776463	0.0506879	0.00617878	0.083547	0.232545	0.00887917	0.0624843	0.00399818	0.00681825	0.223122	0.00917337	0.0503609	0.0514189	0.0479207	0.0134227	0.0168637	0.000654956	0.0262605
12	0.0202659	0.00218794	0.00176011	0.000682429	0.00294116	0.00140621	0.000825304	0.450518	0.00124068	0.0594127	0.00610916	0.00129736	0.000810002	0.00110884	0.00483905	0.00510032	0.0224317	0.415399	0.000548423	0.00111566
13	0.288166	0.0241465	0.0163833	0.00264114	0.0112912	0.0283805	0.00249852	0.0307359	0.00542116	0.0302492	0.0269622	0.0120965	0.0032444	0.00732092	0.00446018	0.222707	0.1686	0.108118	0.00353125	0.00304622
14	0.0286198	0.0013307	0.110568	0.254501	0.00356834	0.0118662	0.0133349	0.0182173	0.157706	0.052269	0.012244	0.0206722	0.0206905	0.108843	0.0568819	0.0358844	0.049959	0.0343756	0.00286453	0.00560444
15	0.0209203	0.00717736	0.0255124	0.0195	0.00834665	0.0128549	0.00709602	0.00458526	0.18784	0.012956	0.0209869	0.0661934	0.00474826	0.129285	0.279755	0.0603643	0.115567	0.0119391	0.0028113	0.00156052
16	0.0370541	0.00240713	0.107628	0.272851	0.00426333	0.0120664	0.0104432	0.0160626	0.139058	0.046064	0.0106903	0.0257659	0.022298	0.0947762	0.0433427	0.0355802	0.0565341	0.0554399	0.00258411	0.00509081
17	0.0893414	0.0038935	0.0332661	0.251572	0.0130682	0.0188981	0.00274013	0.00878184	0.0992614	0.0201045	0.0138171	0.0877143	0.0100766	0.135787	0.0147766	0.0863568	0.0664213	0.0338369	0.00403608	0.00624956
18	0.0345865	0.0043688	0.170902	0.177131	0.00382004	0.0469982	0.0253143	0.0132884	0.10725	0.0288722	0.0126489	0.085996	0.0132785	0.092175	0.037875	0.0600391	0.0387815	0.0328356	0.00244812	0.0113906
19	0.0962165	0.0102693	0.00183644	0.0032511	0.0378726	0.0148044	0.000774362	0.283012	0.00170247	0.117306	0.0365433	0.00459962	0.00437875	0.00425414	0.00325463	0.0324295	0.0484675	0.295184	0.00176512	0.00207788
20	0.107418	0.0186571	0.00545395	0.00232329	0.00421728	0.426279	0.00348609	0.00938531	0.00688592	0.011557	0.0069851	0.0233935	0.00748359	0.0101039	0.0057736	0.287642	0.0390951	0.0149705	0.00259793	0.00629136
21	0.0391961	0.0112891	0.00533542	0.00324917	0.392374	0.00649982	0.0113743	0.0108083	0.00631061	0.0469817	0.0128923	0.0535309	0.00416871	0.00780329	0.00443175	0.0986298	0.0859134	0.0335104	0.00410093	0.1616
22	0.00715758	0.005722	0.000597985	0.000776713	0.272484	0.00151696	0.00160859	0.00708842	0.00106552	0.0505488	0.00674113	0.00660323	0.00919387	0.00117505	0.00130088	0.00451483	0.00298092	0.0206595	0.00152858	0.596736
23	0.214251	0.0290669	0.00374559	0.00196826	0.00315425	0.080028	0.00119488	0.0148942	0.00588057	0.011436	0.00988259	0.00307132	0.0132343	0.00981183	0.00274685	0.477948	0.0800973	0.0271653	0.000987213	0.00943628
24	0.0332366	0.00304068	0.000870211	0.00097218	0.00152076	0.872272	0.00705762	0.00291917	0.00773343	0.00582008	0.00435408	0.00332633	0.00718655	0.0116693	0.00413656	0.0222869	0.0035863	0.00330124	0.00341717	0.0012931
25	0.0154261	0.00411221	0.00109329	0.00125769	0.440826	0.00404007	0.013577	0.0501154	0.00821029	0.258987	0.00418369	0.0140766	0.00130888	0.00201222	0.00354783	0.00710397	0.00601653	0.0100665	0.102948	0.0510911
26	0.0307081	0.00506175	0.000643837	0.000517972	0.0719199	0.00372957	0.000312731	0.361889	0.000659709	0.194573	0.0313493	0.000910786	0.000647098	0.00108124	0.00157501	0.00693712	0.0260487	0.254641	0.00360875	0.00318637
27	0.208361	0.0352995	0.00447581	0.000990904	0.00162092	0.0638083	0.000473705	0.00773746	0.00664739	0.00654297	0.00257166	0.00154814	0.0108886	0.00994322	0.00356429	0.539042	0.0682119	0.0147503	0.000897528	0.012625
28	0.197733	0.0355975	0.00448602	0.000595104	0.00148397	0.0578947	0.000470587	0.00625035	0.00688271	0.00592129	0.000959123	0.00141513	0.0104913	0.00984628	0.00361858	0.565105	0.0665569	0.0108177	0.000712234	0.0131623
29	0.0067164	0.00571657	0.000583624	0.000758628	0.27021	0.0014608	0.00134295	0.00646541	0.00095942	0.0491935	0.00655572	0.00632217	0.00908188	0.00106007	0.00110924	0.00352909	0.00246754	0.0204175	0.000580486	0.605469
30	0.0305197	0.0169172	0.00843541	0.00311429	0.304703	0.0128815	0.0125918	0.0256065	0.00550694	0.170185	0.0742605	0.0210323	0.00624039	0.0118264	0.00674015	0.068401	0.0382174	0.0459292	0.0149838	0.121907
31	0.0457364	0.0235538	0.000295813	0.000389454	0.189623	0.0193956	0.00129051	0.167662	0.000462266	0.289506	0.0314897	0.000464826	0.00206748	0.00168053	0.00191921	0.0256055	0.0272979	0.162633	0.00123051	0.00769592
32	0.258497	0.0724591	0.00359973	0.00305228	0.197792	0.0441682	0.00331478	0.0304146	0.00525219	0.0168774	0.0287589	0.00622532	0.00339474	0.00528029	0.00438079	0.101636	0.153286	0.0539555	0.00271122	0.00494401
33	0.0478568	0.0268272	0.000267012	0.00031887	0.204588	0.0226648	0.0009729	0.131528	0.000488947	0.314192	0.0341599	0.000475729	0.00214671	0.00182406	0.00208563	0.0306625	0.0293792	0.141046	0.00056131	0.00795448
34	0.0724928	0.0115783	0.00304133	0.00318351	0.00609903	0.0130238	0.00186497	0.017998	0.00464034	0.0147251	0.0118911	0.0113037	0.00514273	0.00762994	0.00291156	0.331715	0.435396	0.0371979	0.00258767	0.00557758
35	0.197909	0.035174	0.00442097	0.000615202	0.00151697	0.0579714	0.000496081	0.00641693	0.00689558	0.00599053	0.000966455	0.00146856	0.0103818	0.00972186	0.00358939	0.564578	0.0671451	0.0110211	0.000705629	0.0130163
36	0.0361074	0.00422483	0.000679635	0.000580247	0.0798631	0.00388066	0.00210169	0.343092	0.00193821	0.161607	0.0427448	0.00475095	0.000887579	0.00217767	0.00302227	0.0103099	0.0388644	0.24917	0.00513162	0.00886521
37	0.0491706	0.0253654	0.000356184	0.000592238	0.205512	0.0217958	0.00187325	0.136623	0.00053563	0.306057	0.0332564	0.000569624	0.00316193	0.00260605	0.00230852	0.0287331	0.0285352	0.141444	0.00125278	0.0102527
38	0.03046	0.00930694	0.00271304	0.00456993	0.234924	0.00856977	0.0125068	0.126098	0.0161534	0.242837	0.0189242	0.0162149	0.00565768	0.0066958	0.0123881	0.0226723	0.0242782	0.0663331	0.0997718	0.038925
39	0.0326799	0.00191622	0.000499631	0.000474271	0.00115026	0.893361	0.00686448	0.00128524	0.00719356	0.00518548	0.00364305	0.000936045	0.00361187	0.0110873	0.00397139	0.0181339	0.00233278	0.00174903	0.00324441	0.00067978
40	0.0430327	0.00150577	0.000517383	0.000734781	0.0425039	0.00458138	0.00235708	0.30433	0.00819036	0.104013	0.111641	0.0192269	0.000498043	0.00942104	0.0112015	0.0225422	0.070125	0.218702	0.011267	0.0136089
41	0.0894509	0.0115323	0.00304458	0.000830228	0.0397962	0.00791399	0.00045416	0.269884	0.00185691	0.146195	0.0564551	0.00411777	0.00275229	0.00169353	0.00124648	0.0304996	0.0429859	0.287005	0.000917728	0.0013685
42	0.199129	0.035931	0.00446492	0.000649895	0.00184177	0.0574634	0.000624507	0.00674356	0.0068587	0.00696327	0.00288362	0.00164367	0.0106321	0.00988437	0.00363508	0.557449	0.0681064	0.0114833	0.000743849	0.0128693
43	0.034206	0.00966044	0.310071	0.13562	0.0100075	0.0497493	0.0210018	0.0155304	0.057336	0.0180615	0.0142352	0.100095	0.00872535	0.0411025	0.0212645	0.0604187	0.0317521	0.0441262	0.00331602	0.0137207
44	0.0303058	0.0130508	0.0521636	0.0327221	0.006763	0.0328202	0.0597139	0.0174127	0.192427	0.0107707	0.0172701	0.174333	0.0140738	0.0530514	0.136709	0.0614649	0.0627083	0.0177969	0.0017345	0.0127074
45	0.0635881	0.0138466	0.00264929	0.00565283	0.16711	0.0050307	0.0291627	0.212499	0.00123095	0.151629	0.0143642	0.00401871	0.010599	0.00263116	0.00825375	0.0275448	0.0407705	0.146381	0.0147215	0.0783158
46	0.0326452	0.00192288	0.000531892	0.000554518	0.001149	0.891715	0.00685282	0.0013174	0.0072802	0.00545016	0.00364192	0.00115891	0.0035985	0.0111118	0.00405084	0.0187244	0.00242858	0.00178626	0.00322298	0.000856755
47	0.0105747	0.00413495	0.00428893	0.0153809	0.0120193	0.0240031	0.0050127	0.0468911	0.1148	0.0354635	0.00645702	0.0123911	0.00430438	0.027736	0.544036	0.0409128	0.0299662	0.0437546	0.0113994	0.00647281
48	0.00701162	0.0024201	0.00237341	0.0128999	0.0106701	0.0250256	0.00306765	0.027547	0.137336	0.0286365	0.00388578	0.0111244	0.00322317	0.0278888	0.563832	0.0409297	0.0304593	0.0428085	0.0128938	0.00596639
49	0.0322128	0.00416194	0.00215942	0.00301106	0.00425491	0.0129565	0.00968021	0.00463507	0.0286226	0.0137838	0.00335668	0.00553051	0.718604	0.0347828	0.0445105	0.0472605	0.0138465	0.00661613	0.00138154	0.00863302
50	0.0535163	0.011631	0.00209144	0.000436151	0.0406589	0.00342854	0.000525171	0.329475	0.00208472	0.135467	0.0490565	0.00408667	0.000869642	0.00189322	0.00215028	0.0209997	0.0445518	0.293135	0.00219671	0.00174633
51	0.0313263	0.0046166	0.000708027	0.000534619	0.0651489	0.00314874	0.000295186	0.362411	0.000942469	0.192569	0.0372414	0.001452	0.000612976	0.00160766	0.00186266	0.00722138	0.0268328	0.254357	0.00375608	0.0033553
52	0.0430033	0.00373129	0.00114705	0.000768954	0.0417528	0.00255492	0.00108471	0.289615	0.00694515	0.160363	0.104827	0.011567	0.000756556	0.00652036	0.00569724	0.0193099	0.0544564	0.22959	0.00580686	0.0105018
53	0.0476347	0.0268201	0.000253333	0.00031549	0.204043	0.0226077	0.00088813	0.131995	0.000507413	0.314779	0.034775	0.000468327	0.00213539	0.0018094	0.00203555	0.0304435	0.0292706	0.140913	0.000494121	0.00781042
54	0.193233	0.0292729	0.00435235	0.00198196	0.00292836	0.102796	0.000829395	0.012184	0.00598881	0.00955028	0.00687725	0.00358499	0.00987913	0.00930548	0.00344562	0.492315	0.0786261	0.0218529	0.000867162	0.0101291
55	0.0644999	0.0201057	0.00343869	0.00144753	0.0309569	0.00396848	0.00145754	0.270106	0.00253958	0.141039	0.067293	0.00937882	0.00152263	0.00286056	0.00160281	0.0373485	0.0591029	0.278364	0.000974954	0.00199307
56	0.0479381	0.0267879	0.000259178	0.000317431	0.204937	0.0227471	0.000893447	0.1317	0.000481913	0.313972	0.0342575	0.000463028	0.00216233	0.00183692	0.00203915	0.0305347	0.0292576	0.141101	0.000486536	0.0078283
57	0.247877	0.0209499	0.00355076	0.00301606	0.00376061	0.0725087	0.000635122	0.0251164	0.00576105	0.0133527	0.014968	0.0039773	0.00650351	0.00723509	0.00179681	0.399731	0.120979	0.041826	0.00114309	0.005313
58	0.0659436	0.0105878	0.00227471	0.00118174	0.0289146	0.00534489	0.00072232	0.313383	0.00293746	0.111234	0.0507271	0.00735394	0.00148603	0.00309362	0.0029078	0.0323354	0.0609775	0.294539	0.00157152	0.00248354
59	0.0295849	0.00346234	0.000522898	0.00028617	0.0672435	0.00313196	0.000229706	0.390521	0.000436355	0.162918	0.0233927	0.000635253	0.000297886	0.000630921	0.00157062	0.00413479	0.0237363	0.282289	0.0037397	0.0012367
60	0.0202516	0.00199004	0.00168725	0.000620802	0.00477983	0.00143252	0.000760743	0.446569	0.00113649	0.0640592	0.00667972	0.00118581	0.000742066	0.00105204	0.00480576	0.00485705	0.022266	0.413467	0.000596374	0.00106091
61	0.0207074	0.0383158	0.0023077	0.00187994	0.26319	0.0339383	0.00482757	0.0219271	0.00413614	0.357708	0.0566408	0.00697094	0.00320424	0.00444498	0.00341819	0.0775532	0.0122364	0.0339721	0.0329557	0.0196655
62	0.00772269	0.0167641	0.00706383	0.00992517	0.0043716	0.0136377	0.0334485	0.00483271	0.0279326	0.00689094	0.00324288	0.342084	0.00954149	0.0345331	0.0379363	0.314983	0.113788	0.00628022	0.00147064	0.00355123
63	0.179871	0.02479	0.00192358	0.00389055	0.0246306	0.0437052	0.000814512	0.166425	0.00103301	0.0927339	0.0248268	0.00598895	0.00826015	0.00405013	0.0032879	0.0771384	0.142227	0.190345	0.000507819	0.00354929
64	0.034106	0.0208841	0.00129406	0.00216007	0.158778	0.0178616	0.00184466	0.0711473	0.00329117	0.429776	0.092531	0.00631815	0.00202271	0.00473442	0.00345071	0.0503548	0.020272	0.0653698	0.00374862	0.0100553
65	0.018951	0.0100872	0.0015737	0.0019282	0.37526	0.00918143	0.00926885	0.0527919	0.00595964	0.26988	0.0242782	0.0117744	0.00285327	0.0033786	0.00354431	0.0196239	0.0143391	0.0350804	0.0575612	0.0726855
66	0.0326799	0.00191622	0.000499631	0.000474271	0.00115026	0.893361	0.00686448	0.00128524	0.00719356	0.00518548	0.00364305	0.000936045	0.00361187	0.0110873	0.00397139	0.0181339	0.00233278	0.00174903	0.00324441	0.00067978
67	0.0444949	0.0241611	0.000343839	0.00043447	0.204287	0.0207498	0.00114792	0.126718	0.000622114	0.333702	0.0378179	0.000638326	0.00219393	0.00210541	0.00197107	0.0283994	0.0271354	0.134321	0.000735856	0.00801968
68	0.168207	0.0550578	0.00499109	0.00170661	0.00837007	0.0514568	0.00258273	0.0137887	0.00933857	0.0207678	0.00747335	0.013878	0.0126924	0.0120208	0.00646024	0.499765	0.074681	0.0204657	0.00220076	0.0140956
69	0.042277	0.00435433	0.00237376	0.0280105	0.0786226	0.0069757	0.00304174	0.00880845	0.0886714	0.0928168	0.0247562	0.0297301	0.00697688	0.00382533	0.00878019	0.0701871	0.420688	0.0692303	0.00613934	0.0037338
70	0.00558773	0.0138819	0.00793373	0.0108657	0.00342639	0.014444	0.0313062	0.00373552	0.0302609	0.005036	0.00292506	0.355445	0.00947421	0.0326706	0.0420712	0.321302	0.101578	0.00485002	0.00113146	0.00207457
71	0.00792969	0.0057583	0.0011482	0.000830001	0.265704	0.00163085	0.00228729	0.00914204	0.00111935	0.0544076	0.00740501	0.00678463	0.00882173	0.00172885	0.00124075	0.00415217	0.00360212	0.0237814	0.00118278	0.591344
72	0.0534203	0.0374861	0.00315074	0.00522824	0.0729362	0.00964099	0.0282682	0.0157651	0.047823	0.088426	0.0140923	0.0155835	0.0883207	0.0201045	0.0237278	0.130473	0.0759934	0.0286457	0.111064	0.129851
73	0.0370473	0.0102216	0.0169623	0.0041602	0.173359	0.00966229	0.0282107	0.0483853	0.00786046	0.167156	0.0983978	0.0192585	0.00743397	0.05582	0.0135569	0.0326232	0.0357501	0.0850113	0.0721212	0.0770021
74	0.325347	0.0124765	0.0028842	0.00569352	0.0152105	0.0946737	0.00216555	0.0534825	0.00299211	0.0346636	0.0235885	0.00484057	0.00690876	0.00813923	0.00314852	0.15835	0.122994	0.117957	0.00174202	0.00274204
75	0.0283797	0.0034359	0.000457978	0.000282973	0.0704628	0.00325677	0.000221278	0.391924	0.000329987	0.167032	0.0226846	0.000396379	0.000284275	0.000564388	0.001538	0.00352963	0.0224698	0.277532	0.00396097	0.00125724
76	0.120531	0.0472879	0.0035466	0.00196318	0.00164238	0.037474	0.000563447	0.191358	0.000838341	0.0553786	0.0228487	0.0116848	0.00372923	0.00258038	0.0035127	0.10678	0.246326	0.135237	0.000449198	0.00626832
77	0.204693	0.0304693	0.00598059	0.00208545	0.0136272	0.0359303	0.000564628	0.0229169	0.00576307	0.0384449	0.0607076	0.0163088	0.00212343	0.00838586	0.000978418	0.309359	0.18345	0.0525412	0.00400968	0.00166054
78	0.011795	0.00342344	0.00585364	0.0171458	0.0112528	0.0250212	0.00410628	0.0273333	0.120913	0.0300627	0.00531675	0.0138244	0.0042855	0.0332618	0.548746	0.0436622	0.0347092	0.0411595	0.0113205	0.00680682
79	0.0151213	0.0253639	0.00109195	0.001417	0.227766	0.0283229	0.00168604	0.0270531	0.00229934	0.440689	0.0853351	0.00315756	0.00186717	0.00325066	0.00268493	0.0550325	0.00913465	0.0480471	0.00859059	0.0120886
80	0.0233144	0.0193538	0.000581485	0.000607714	0.140829	0.00835271	0.000725952	0.08768	0.00101087	0.605404	0.0204786	0.00195998	0.00128174	0.00154241	0.0013894	0.0134364	0.0105382	0.0572012	0.001055	0.0032569
81	0.0164509	0.0536794	0.00230081	0.00962235	0.0263034	0.00528393	0.0195588	0.163765	0.00426642	0.257258	0.13569	0.0869657	0.00258597	0.0100452	0.00448942	0.0690942	0.0318763	0.0883965	0.00320771	0.0091601
82	0.0326799	0.00191622	0.000499631	0.000474271	0.00115026	0.893361	0.00686448	0.00128524	0.00719356	0.00518548	0.00364305	0.000936045	0.00361187	0.0110873	0.00397139	0.0181339	0.00233278	0.00174903	0.00324441	0.00067978
83	0.0775626	0.123674	0.00673906	0.00138466	0.0741451	0.0606738	0.00176564	0.0400283	0.00662395	0.144286	0.0323551	0.0178817	0.00197922	0.00836995	0.00234813	0.284995	0.0604524	0.0407377	0.00300666	0.01099
84	0.0105774	0.0154162	0.000995379	0.0012168	0.24241	0.0227561	0.00130604	0.0258056	0.00175873	0.454989	0.103007	0.00234812	0.00152747	0.00315666	0.00220457	0.0324124	0.00591734	0.0529314	0.00584191	0.0134211
85	0.0216904	0.0671321	0.00531495	0.00718427	0.0146651	0.0208735	0.0351301	0.0136021	0.0184442	0.0206593	0.00422947	0.292003	0.0130484	0.0272796	0.0230729	0.281159	0.100019	0.0146672	0.00185569	0.0179693
86	0.0912216	0.0825181	0.00585449	0.00257676	0.0216542	0.287805	0.00622721	0.035699	0.00689661	0.0443419	0.0156112	0.0198795	0.0091285	0.0101384	0.00444509	0.213803	0.0907127	0.0357803	0.00304569	0.0126603
87	0.0316661	0.0101975	0.000579432	0.00311574	0.040414	0.00425679	0.00414356	0.263945	0.00568875	0.174669	0.116361	0.0376958	0.000920012	0.00799256	0.00728608	0.0333351	0.0582311	0.178954	0.0063659	0.014182
88	0.0123366	0.00403074	0.000366214	0.0021086	0.0593863	0.00200684	0.000577131	0.243867	0.00249669	0.423566	0.0778256	0.00159728	0.00165158	0.00429342	0.00133028	0.00945376	0.0227139	0.113832	0.00129742	0.0152625
89	0.0732834	0.00317578	0.000806352	0.00127485	0.00229826	0.804239	0.00615679	0.00471083	0.00715226	0.00907201	0.00604266	0.00137919	0.00410892	0.0110387	0.00408192	0.0356744	0.0098264	0.00879901	0.0044634	0.00241642
90	0.024952	0.00960993	0.00451458	0.00557522	0.0109791	0.0116043	0.00460799	0.0835488	0.00809323	0.0197592	0.00964089	0.0110295	0.115357	0.00643584	0.00755425	0.0397031	0.429819	0.185163	0.00437647	0.00767699
91	0.0554628	0.00588992	0.00184863	0.000564977	0.0387254	0.00303574	0.000806997	0.304681	0.00489045	0.127509	0.0899833	0.0102578	0.000638101	0.00465184	0.00416379	0.0216652	0.0523216	0.263507	0.00432926	0.00506692
92	0.0201696	0.00752823	0.0241045	0.0180973	0.00867198	0.0121973	0.00748708	0.00431917	0.197819	0.0134176	0.0219862	0.0670342	0.00488896	0.130977	0.279374	0.0553016	0.111121	0.0114382	0.00249367	0.00157232
93	0.328768	0.0167969	0.00701995	0.00525191	0.00991025	0.0293117	0.00314191	0.0560412	0.00506977	0.0280356	0.019473	0.00890755	0.00416968	0.00860266	0.00375437	0.123317	0.200793	0.134241	0.00277983	0.00461497
94	0.00695362	0.00560707	0.000618552	0.000796015	0.274678	0.00154874	0.0015657	0.00707084	0.00107689	0.0515831	0.00649318	0.00666916	0.00890496	0.0010618	0.0011738	0.00391293	0.00273604	0.0202049	0.00182568	0.595519
95	0.226228	0.0418529	0.00625728	0.00163273	0.0138951	0.0315177	0.00064851	0.0249391	0.00571354	0.0385676	0.0680117	0.0155798	0.00196877	0.0078636	0.00115445	0.309967	0.154599	0.0435702	0.00387226	0.00215992
96	0.123612	0.043716	0.00336326	0.00217874	0.00173103	0.0541016	0.000557611	0.175652	0.000886598	0.0510607	0.0244186	0.0107242	0.0041746	0.00344565	0.00314767	0.127737	0.230461	0.133054	0.000450735	0.00552611
97	0.0285822	0.0031595	0.117095	0.252811	0.00538418	0.0164255	0.0140727	0.0180377	0.129415	0.0594916	0.0125616	0.0308374	0.0170364	0.10393	0.0530787	0.0386369	0.0492185	0.0395235	0.00289088	0.00781202
98	0.0305408	0.0036352	0.000520843	0.000307444	0.0662401	0.00309766	0.000263907	0.38901	0.000640726	0.161639	0.0253522	0.00103763	0.000285993	0.00080875	0.00164162	0.00494012	0.0249233	0.280043	0.00368888	0.00138293
99	0.0596724	0.152258	0.00414623	0.00230263	0.0620723	0.0314702	0.00636905	0.0384419	0.00529892	0.0936498	0.0183269	0.0263775	0.00224835	0.00734427	0.00282648	0.282164	0.108004	0.0653585	0.00318869	0.0284797
100	0.0217664	0.00678083	0.0331221	0.02489	0.00728634	0.0140486	0.0103495	0.00615305	0.155333	0.014735	0.0180132	0.0914949	0.00600165	0.117538	0.243601	0.0984891	0.112512	0.0116424	0.00359499	0.00264773
101	0.0397956	0.00222422	0.121356	0.23465	0.00339126	0.0135504	0.0135211	0.0199001	0.164059	0.0439725	0.0121243	0.0259906	0.0229056	0.0967063	0.0533377	0.0367002	0.0524566	0.0340894	0.0033201	0.00594888
102	0.0282777	0.00140025	0.112251	0.251932	0.00346835	0.0125219	0.0137039	0.0184796	0.156346	0.0520475	0.0123721	0.0229109	0.0202408	0.108591	0.0563887	0.0363955	0.0494736	0.0344722	0.00278919	0.00593757
103	0.00752798	0.00327852	0.0260217	0.0523678	0.0115314	0.0515816	0.405007	0.00443754	0.0201406	0.00676371	0.00309526	0.12386	0.00318	0.0949319	0.0627959	0.0307773	0.00591832	0.0242687	0.00124313	0.0612716
104	0.00857061	0.00318719	0.0263985	0.0534314	0.0128701	0.054597	0.386417	0.00397404	0.0160626	0.00655036	0.0031946	0.113249	0.00312409	0.107096	0.0824645	0.0372804	0.0057635	0.0299961	0.00105064	0.0447226
105	0.146287	0.018733	0.00186882	0.00207868	0.0171233	0.0736647	0.0688464	0.00557091	0.0182932	0.0531395	0.0038524	0.00507631	0.269543	0.00583682	0.00704547	0.201836	0.0739659	0.0220823	0.00174463	0.00341173
106	0.0286217	0.00471328	0.001783	0.00255683	0.0711833	0.00581694	0.00634962	0.249092	0.00582057	0.189212	0.0935592	0.0121223	0.00306473	0.0458878	0.0200827	0.0208424	0.0532757	0.160235	0.00929629	0.0164855
107	0.303978	0.00621081	0.00144693	0.00732562	0.00361968	0.191122	0.00122628	0.0341969	0.00265728	0.016206	0.0228279	0.00241061	0.00891609	0.0108938	0.00176601	0.21601	0.0836655	0.0815511	0.00165327	0.00231574
108	0.0151864	0.00557252	0.000579231	0.00204001	0.0708493	0.00334075	0.00127647	0.176165	0.00323702	0.441992	0.144589	0.00259003	0.00250309	0.00780058	0.00251677	0.0123171	0.0195781	0.0741849	0.00150403	0.0121781
109	0.218213	0.0250278	0.0037988	0.00289449	0.00297866	0.0994575	0.00110664	0.0194456	0.00544733	0.0121747	0.0125733	0.0023613	0.0106677	0.0102371	0.00255472	0.438744	0.0890618	0.0345149	0.000925109	0.00781588
110	0.063236	0.00768288	0.00189961	0.000490075	0.0404308	0.00332949	0.000823754	0.294255	0.00448772	0.127607	0.0738744	0.0123356	0.000681458	0.00440437	0.00323426	0.0285937	0.0634714	0.262307	0.00284441	0.00401057
111	0.0242174	0.0176524	0.00111354	0.00158381	0.195866	0.0264976	0.00174602	0.0582795	0.00248198	0.393784	0.100728	0.00476305	0.00214313	0.00471109	0.00294365	0.0410754	0.0163698	0.0874279	0.00524919	0.0113669
112	0.0205285	0.00214141	0.00172035	0.000670125	0.00378146	0.00144852	0.000818961	0.450711	0.00120466	0.0607937	0.00626338	0.00129026	0.000802315	0.00107427	0.00480729	0.00506758	0.0223044	0.412879	0.000588003	0.00110497
113	0.0262397	0.00290932	0.000762083	0.00029954	0.056267	0.00267367	0.000262615	0.410459	0.000462983	0.146811	0.0204794	0.000555152	0.000315253	0.000613229	0.00203229	0.00345882	0.0225052	0.298683	0.00314982	0.00106149
114	0.0328878	0.00193383	0.000499501	0.000476086	0.00120247	0.892504	0.00684057	0.00143162	0.00719124	0.00527377	0.00365463	0.000936051	0.00361584	0.0110745	0.00397229	0.0181591	0.00240911	0.00201919	0.00323911	0.000679526
115	0.168111	0.0309257	0.00359443	0.00181344	0.00702906	0.0519776	0.0221252	0.00722349	0.0104734	0.0231032	0.00354158	0.00655562	0.144618	0.0103431	0.00603253	0.413599	0.0628914	0.0152011	0.00149348	0.00934752
116	0.220371	0.0304909	0.00580128	0.00194819	0.0140605	0.049242	0.000564961	0.0217566	0.00646266	0.0356011	0.0390054	0.0141699	0.00302314	0.00843958	0.00102258	0.346827	0.148087	0.0465507	0.00337293	0.00320174
117	0.00624722	0.00292849	0.000297334	0.00318732	0.0406021	0.000971877	0.000684998	0.239526	0.00295208	0.459962	0.0870594	0.00179896	0.00196533	0.00602199	0.00145394	0.0103504	0.0242327	0.0859948	0.00086732	0.0228958
118	0.0415333	0.00278562	0.000624159	0.000836443	0.00135232	0.863603	0.00671486	0.00179524	0.00742282	0.00634479	0.00403317	0.000993945	0.00383908	0.0118673	0.00395958	0.0296972	0.00477604	0.00355852	0.00329347	0.000968773
119	0.0523876	0.00346574	0.000608326	0.00112091	0.00325159	0.821988	0.00638799	0.0066006	0.00709768	0.0102974	0.00836484	0.00164809	0.00398802	0.0107307	0.00377094	0.0340418	0.0100967	0.00958002	0.00336953	0.00120397
120	0.0067164	0.00571657	0.000583624	0.000758628	0.27021	0.0014608	0.00134295	0.00646541	0.00095942	0.0491935	0.00655572	0.00632217	0.00908188	0.00106007	0.00110924	0.00352909	0.00246754	0.0204175	0.000580486	0.605469
121	0.014221	0.0123922	0.000679489	0.000794391	0.191235	0.00480308	0.00274105	0.0676069	0.00241014	0.605572	0.0215829	0.00375078	0.000921035	0.00154333	0.0015749	0.00834162	0.00496034	0.0287904	0.0161446	0.00993556
122	0.199432	0.0377379	0.00448353	0.000629408	0.00173031	0.0565077	0.000594299	0.0068405	0.0069665	0.00647753	0.00177147	0.00185982	0.0106081	0.0103995	0.00399527	0.556781	0.0647346	0.0114341	0.000817929	0.0161992
123	0.0204115	0.00238531	0.0644136	0.1833	0.0113435	0.0126703	0.0255193	0.0139395	0.111403	0.103913	0.010512	0.017826	0.0140209	0.196394	0.0914904	0.0347526	0.0389054	0.0322124	0.00270507	0.0118823
124	0.0234355	0.004924	0.00209477	0.00268566	0.00422032	0.00770314	0.00511605	0.00525158	0.0161127	0.0116369	0.0037847	0.00423296	0.795611	0.0307234	0.0273587	0.0296435	0.0118052	0.00823092	0.00161569	0.0038131
125	0.459412	0.00531756	0.00830551	0.00431689	0.00723208	0.0152739	0.00380158	0.0256678	0.00363617	0.0152218	0.00830379	0.00572419	0.0036814	0.00588898	0.00419513	0.0725482	0.1661	0.178976	0.00232223	0.00407467
126	0.0269124	0.00127705	0.107684	0.247512	0.00370456	0.0122905	0.0148779	0.0191288	0.155176	0.0567404	0.0126534	0.0209867	0.0193552	0.114411	0.0585035	0.0363566	0.0489245	0.0343683	0.00277477	0.00636301
127	0.0216473	0.00695924	0.0269454	0.0328607	0.00826731	0.0140648	0.0139429	0.00667186	0.196719	0.0170182	0.0206944	0.0739847	0.00627609	0.135787	0.245275	0.054168	0.0989575	0.0139059	0.00293511	0.00292022
128	0.0067164	0.00571657	0.000583624	0.000758628	0.27021	0.0014608	0.00134295	0.00646541	0.00095942	0.0491935	0.00655572	0.00632217	0.00908188	0.00106007	0.00110924	0.00352909	0.00246754	0.0204175	0.000580486	0.605469
129	0.0214715	0.00400013	0.00165856	0.00298868	0.00395764	0.00586955	0.00438787	0.00463023	0.0163179	0.0114019	0.00320603	0.00349892	0.808929	0.0339451	0.0278542	0.0257517	0.00829077	0.00633404	0.00166267	0.00384337
130	0.0431906	0.0129297	0.118133	0.0649744	0.00296633	0.0707503	0.0687227	0.0166712	0.113558	0.00308576	0.0145949	0.234454	0.0165932	0.0204764	0.0394833	0.089014	0.0280459	0.0195024	0.000571112	0.022282
131	0.0269574	0.0036669	0.000486335	0.000486169	0.0661259	0.00287946	0.000255325	0.380696	0.000586102	0.186465	0.0299855	0.000659581	0.000477083	0.00146398	0.00199084	0.00426702	0.0245389	0.260478	0.00452965	0.00300518
132	0.0341065	0.012039	0.00114672	0.00164505	0.299993	0.00985076	0.00905053	0.133911	0.00485852	0.231281	0.0224514	0.00981317	0.00262064	0.00308619	0.00436163	0.0190466	0.0237956	0.0925946	0.0448662	0.0394818
133	0.143073	0.0167938	0.00193178	0.00203374	0.020008	0.0828522	0.0692743	0.00597184	0.0214492	0.0508118	0.00406837	0.00498453	0.249785	0.0061792	0.00726604	0.213666	0.0743451	0.0199287	0.00193408	0.00364349
134	0.0285425	0.00803911	0.27319	0.153242	0.00299064	0.0782353	0.0259497	0.0122025	0.0551762	0.00437024	0.0126913	0.150153	0.00700158	0.0304839	0.0130096	0.0659239	0.0225066	0.0396744	0.000736132	0.0158819
135	0.0620064	0.0625325	0.00511878	0.00661086	0.0440172	0.0197763	0.0156741	0.0190199	0.0496148	0.0604941	0.0156471	0.019966	0.0373862	0.0423931	0.0178309	0.22166	0.114843	0.0281821	0.0699546	0.0872723
136	0.0284738	0.00362414	0.000429359	0.00028028	0.0730086	0.00330605	0.00021911	0.389363	0.000326672	0.169569	0.0229358	0.000381352	0.000280091	0.00060194	0.0015285	0.00356643	0.0224937	0.274187	0.0041507	0.00127444
137	0.0153873	0.00560981	0.0013237	0.00183443	0.432303	0.00649385	0.0129206	0.0446219	0.00868776	0.247378	0.00810617	0.0144308	0.00254124	0.00404192	0.00656262	0.0108081	0.00739565	0.0113589	0.110792	0.0474032
138	0.0836381	0.00858941	0.187924	0.113263	0.00545878	0.0772441	0.0436966	0.0146195	0.0842685	0.0111538	0.0123889	0.125202	0.0111359	0.0457648	0.0241795	0.0772656	0.0294452	0.0277553	0.00170125	0.0153053
139	0.0161408	0.00289959	0.0118601	0.0284062	0.00899401	0.0309608	0.00313479	0.0321006	0.152651	0.027248	0.00547474	0.0201686	0.00500927	0.030908	0.451536	0.0796566	0.0444943	0.0297297	0.0132314	0.00539579
140	0.0216424	0.00613056	0.00487764	0.00182354	0.375101	0.00460063	0.0217552	0.050489	0.00658636	0.211397	0.0126283	0.0142662	0.00416817	0.00711627	0.00454867	0.0129763	0.0144509	0.026346	0.0657778	0.133319
141	0.0275615	0.00400315	0.00166292	0.00243554	0.00409282	0.00747842	0.00521329	0.00427743	0.0184128	0.011001	0.00345828	0.00351917	0.785757	0.0306803	0.0349802	0.0312645	0.00996437	0.00686084	0.00199129	0.00538539
142	0.0109	0.0057571	0.00141908	0.000965237	0.284535	0.0019346	0.00212499	0.00787548	0.00151423	0.0521305	0.00770762	0.00875689	0.00864202	0.00188705	0.00153671	0.00917516	0.00660924	0.0211032	0.00189921	0.563527
143	0.0177029	0.0122721	0.000660596	0.000699859	0.21714	0.00560996	0.00348192	0.0714229	0.00263892	0.55612	0.020673	0.00409574	0.00103168	0.00146007	0.00171761	0.0092887	0.00671776	0.033785	0.0213676	0.0121145
144	0.0162875	0.0114729	0.00165803	0.00348442	0.112806	0.00598177	0.00183322	0.0978476	0.00316198	0.599666	0.0464849	0.00350433	0.00176562	0.00548368	0.00289023	0.0146903	0.0123987	0.0465329	0.00442955	0.00761987
145	0.0219139	0.0039863	0.00161024	0.00290265	0.00398193	0.00608439	0.00455595	0.00432542	0.0161466	0.0113823	0.00314261	0.00329308	0.809485	0.0335153	0.0273562	0.026416	0.00846405	0.0062407	0.0015641	0.00363362
146	0.0638255	0.17606	0.0051994	0.00554966	0.0140778	0.0492563	0.00895872	0.0144086	0.0101996	0.0198007	0.00801526	0.172897	0.0759066	0.0406863	0.0101878	0.263352	0.0326366	0.0151022	0.00302086	0.0108592
147	0.0125133	0.0123756	0.00070213	0.000900045	0.117028	0.00329494	0.000781315	0.0850628	0.00153322	0.677216	0.0288531	0.00237965	0.000990216	0.00178807	0.00162747	0.00792183	0.00631115	0.0337538	0.00122139	0.0037462
148	0.192485	0.0153793	0.00071211	0.00217747	0.0493801	0.0472306	0.000553219	0.151544	0.000602002	0.12975	0.0273075	0.000733373	0.0126204	0.000595821	0.00316102	0.0555184	0.0428775	0.265409	0.000400362	0.00156191
149	0.0766994	0.0365994	0.0036402	0.000959028	0.0153687	0.0174035	0.000989998	0.254123	0.00177354	0.0887532	0.0366558	0.00924511	0.00248538	0.00213329	0.00250772	0.066913	0.14076	0.238944	0.000694165	0.00335178
150	0.166565	0.0362331	0.00649962	0.0017963	0.0146342	0.0327063	0.00110891	0.0299443	0.00637367	0.0449636	0.0342597	0.0164735	0.00393988	0.00856832	0.00188069	0.359537	0.173807	0.050618	0.00393553	0.00615497
151	0.144357	0.0147601	0.0017972	0.00170088	0.044171	0.0275096	0.000397042	0.200116	0.000828584	0.135237	0.0388621	0.00221273	0.00835431	0.000895722	0.00191952	0.0486358	0.0458093	0.281183	0.000409911	0.000843783
152	0.0569638	0.0151526	0.00220895	0.00493671	0.197701	0.00692089	0.0241819	0.201843	0.00144504	0.172962	0.015412	0.00348139	0.00880476	0.00189389	0.00698112	0.0240512	0.0357914	0.134215	0.0150206	0.0700313
153	0.199615	0.036421	0.00711881	0.000796873	0.00373636	0.0555336	0.00065779	0.00967617	0.00764993	0.0119465	0.00952224	0.00426231	0.0105088	0.00953281	0.00318334	0.51047	0.0895038	0.0176345	0.00146476	0.0107653
154	0.197592	0.0131254	0.000630412	0.00228226	0.0488916	0.0501055	0.000587054	0.147085	0.000573511	0.131951	0.0274208	0.000748544	0.01364	0.000625119	0.00335406	0.0545893	0.0424643	0.262393	0.000420876	0.00152034
155	0.195055	0.0131155	0.000638827	0.00220496	0.0491157	0.0480547	0.000508655	0.151307	0.000569183	0.130099	0.0273344	0.000738933	0.0129296	0.000578178	0.00312691	0.0556202	0.0426909	0.264401	0.000393488	0.00151879
156	0.0491773	0.0268512	0.000249936	0.000330555	0.20324	0.0231303	0.000887147	0.131689	0.000483976	0.312307	0.0341391	0.000471611	0.00227237	0.00180874	0.00205396	0.0309319	0.0294649	0.142338	0.00048719	0.00768659
157	0.0301528	0.00432178	0.000576516	0.000280228	0.0713891	0.00325048	0.000243315	0.383044	0.000414347	0.16878	0.0246637	0.00055375	0.000323359	0.000635033	0.0014944	0.00464386	0.0235791	0.276099	0.00428173	0.00127358
158	0.236277	0.0068162	0.00107968	0.00884546	0.00395854	0.170658	0.000768313	0.0606119	0.00195612	0.024656	0.0323256	0.00258498	0.00856064	0.0171421	0.00145175	0.231233	0.0951567	0.0938785	0.000767686	0.00127163
159	0.0369291	0.205289	0.00317059	0.00269446	0.031563	0.0202079	0.00946971	0.0587124	0.00537511	0.0731109	0.00935544	0.0278518	0.0029968	0.00727037	0.00371543	0.264355	0.106203	0.070306	0.00277321	0.0586508
160	0.0609383	0.0170599	0.00232937	0.00659697	0.178209	0.00577017	0.0276122	0.210474	0.00124398	0.157095	0.0138924	0.00396773	0.0106983	0.00176544	0.00835764	0.0271644	0.040755	0.137217	0.0155618	0.0732915
161	0.0471079	0.020776	0.0162106	0.0020452	0.155305	0.00431433	0.0469087	0.0212262	0.0158697	0.129302	0.0322366	0.0216308	0.0467412	0.0349995	0.0242376	0.0802104	0.051943	0.0432524	0.0646529	0.141031
162	0.00860346	0.00518833	0.000331917	0.00222736	0.0625193	0.00236863	0.000752738	0.193554	0.00289301	0.499475	0.0918604	0.00222927	0.00176165	0.00528203	0.00125708	0.0108537	0.0204559	0.0719529	0.000500426	0.0159329
163	0.027137	0.00415683	0.0487344	0.152153	0.00944503	0.0148934	0.0166166	0.0135823	0.104499	0.0953503	0.0123313	0.0217463	0.105648	0.180072	0.0571726	0.0540751	0.0385807	0.0275394	0.00377317	0.0124942
164	0.0431438	0.00751506	0.0938154	0.279049	0.0104803	0.0233744	0.0169306	0.0198944	0.0944149	0.0460419	0.0148825	0.0493236	0.0160422	0.0870751	0.0359321	0.0494824	0.0533936	0.0440757	0.00377733	0.011356
165	0.0574094	0.0233987	0.0084284	0.0169803	0.0198744	0.026239	0.0203201	0.0216845	0.0242635	0.0379984	0.00932704	0.0887342	0.143252	0.0174496	0.0189612	0.172583	0.230981	0.0353309	0.0103659	0.0164174
166	0.0228084	0.010217	0.00519322	0.0130556	0.0217779	0.013176	0.00762221	0.250823	0.155428	0.16459	0.0384668	0.0758134	0.00722393	0.00996757	0.0645557	0.0315035	0.0474527	0.0415581	0.0092795	0.00948685
167	0.020256	0.0080968	0.0283301	0.0480966	0.0139003	0.0453391	0.300286	0.00810855	0.0285113	0.0174775	0.00691515	0.110125	0.00951205	0.103455	0.0677612	0.0866286	0.0265586	0.02879	0.00238162	0.0394716
168	0.0107706	0.00448799	0.00532402	0.0258374	0.0304763	0.0080058	0.00484663	0.096968	0.314007	0.0421579	0.0728012	0.119532	0.00518003	0.00552244	0.0622789	0.0332035	0.117998	0.0323862	0.0036081	0.00460865
169	0.0357727	0.0164555	0.0911716	0.0513528	0.00380792	0.0611943	0.11841	0.0153883	0.12212	0.00361175	0.0104182	0.237539	0.0199898	0.0254415	0.045979	0.0708458	0.0260274	0.0189944	0.000655206	0.0248237
170	0.0408468	0.0166861	0.0972868	0.0526575	0.0030959	0.0613916	0.0764887	0.0173306	0.135899	0.00334026	0.0119366	0.251261	0.0202106	0.0188808	0.0431397	0.0794415	0.0291403	0.0190715	0.000660655	0.0212339
171	0.0486138	0.00177821	0.0563745	0.207854	0.00559511	0.0189486	0.00694492	0.0131101	0.147667	0.0385409	0.0229353	0.05739	0.0199445	0.141034	0.0487389	0.0606553	0.0633454	0.0260002	0.00677729	0.00775198
172	0.00945855	0.0102578	0.0243811	0.0159922	0.00297004	0.0570739	0.0254231	0.00527065	0.0436977	0.00450604	0.00426151	0.321999	0.0163105	0.0217182	0.0430966	0.309805	0.072302	0.00595754	0.0011388	0.00437962
173	0.00645065	0.0029566	0.000318589	0.00316056	0.0404507	0.000969538	0.000686234	0.240555	0.00297162	0.45655	0.0872752	0.00176656	0.00197231	0.0060324	0.00155244	0.0102733	0.0243821	0.0878324	0.000953546	0.0228896
174	0.0149599	0.00396873	0.000927133	0.0012015	0.436493	0.00414012	0.0134359	0.0476342	0.00906821	0.272465	0.00384707	0.0156978	0.00117986	0.00189845	0.00345698	0.00638543	0.00497114	0.00775353	0.103775	0.0467406
175	0.0198979	0.00776686	0.0247741	0.0177877	0.00884023	0.0120146	0.00737926	0.00422825	0.191387	0.0130871	0.0221705	0.0669846	0.00465276	0.130957	0.282377	0.0567026	0.113565	0.0115197	0.00234393	0.00156447
176	0.0142771	0.0143552	0.0269719	0.0246836	0.00375357	0.0220331	0.0431193	0.0065832	0.0604575	0.00632442	0.00593127	0.30813	0.0104177	0.0430234	0.0540663	0.24648	0.0933003	0.008657	0.00139161	0.0060433
177	0.0107342	0.0041027	0.00314747	0.0128745	0.0456017	0.0382175	0.00266525	0.0232022	0.13805	0.0268385	0.00628411	0.0131033	0.00415534	0.0121153	0.428563	0.0292833	0.0213604	0.0471299	0.108267	0.0243048
178	0.0846825	0.0121133	0.0124006	0.0247448	0.0168593	0.0435907	0.0222033	0.0109952	0.0886369	0.0529233	0.00905996	0.0164996	0.187465	0.0713358	0.0861699	0.128719	0.0399831	0.0170408	0.0120781	0.0624996
179	0.0478141	0.0116975	0.00250857	0.00318908	0.246895	0.00727371	0.0173299	0.15083	0.00382077	0.218538	0.0179981	0.00768287	0.0054864	0.00444254	0.0138349	0.0211527	0.0278904	0.0957112	0.0437678	0.0521359
180	0.0372953	0.00218429	0.000555145	0.000885984	0.0451315	0.00407936	0.00210315	0.311016	0.00693216	0.12275	0.1088	0.0158184	0.0006702	0.0125371	0.012077	0.0190519	0.0601341	0.214128	0.0115097	0.0123405
181	0.195052	0.0211417	0.00294533	0.00334889	0.042771	0.0763725	0.00107258	0.128909	0.00223103	0.100361	0.0255136	0.00300112	0.00971398	0.0040692	0.0031974	0.137737	0.0559208	0.18255	0.00124363	0.00284877
182	0.215484	0.0298158	0.00627684	0.00155219	0.0110696	0.0418005	0.000554623	0.0206963	0.0111091	0.0332619	0.0352424	0.0141902	0.00337705	0.00769047	0.00118903	0.378875	0.14131	0.0399477	0.00305374	0.00350396
183	0.0477446	0.00344305	0.000730157	0.000706936	0.0413843	0.00464288	0.00196824	0.306703	0.00669035	0.107689	0.100501	0.0217689	0.000610943	0.00743057	0.00775171	0.0256555	0.0736026	0.22509	0.00692821	0.00895797
184	0.0595471	0.00588736	0.0014657	0.000502918	0.0417502	0.00360194	0.00120016	0.301555	0.00516597	0.120314	0.078458	0.0147025	0.000601187	0.00571879	0.00464335	0.0278272	0.067605	0.249893	0.00406642	0.00549419
185	0.155497	0.0117065	0.00152933	0.00297984	0.0393941	0.0313395	0.000823646	0.170331	0.00118638	0.159783	0.0375475	0.00210425	0.0162141	0.00191061	0.00288793	0.0581378	0.0467283	0.257644	0.000648489	0.00160575
186	0.00733398	0.00637684	0.000725219	0.000855846	0.269786	0.00150608	0.00175949	0.00656913	0.000966022	0.0489319	0.00653942	0.00766287	0.0089564	0.00130954	0.00110325	0.00546434	0.00474337	0.0202988	0.000657375	0.598454
187	0.188197	0.0535209	0.00561445	0.00203003	0.0152944	0.0727217	0.00111885	0.0366906	0.00532166	0.038997	0.0212367	0.00903182	0.00639999	0.00828214	0.00217951	0.381725	0.102198	0.0393177	0.00208024	0.00804226
188	0.028626	0.00364276	0.000442003	0.000270665	0.0729671	0.00331035	0.000220277	0.38911	0.000324862	0.169209	0.0229516	0.000397711	0.000277275	0.000565045	0.00148746	0.00362549	0.0225781	0.274606	0.00411661	0.0012724
189	0.0620557	0.00806807	0.0260903	0.00328247	0.167062	0.00406149	0.0434556	0.0941492	0.00290705	0.151931	0.0433821	0.0196034	0.00586099	0.0316306	0.0113842	0.0237747	0.0469018	0.0919128	0.0352891	0.127198
190	0.198355	0.0415442	0.00471888	0.000831837	0.00170318	0.0622632	0.000655607	0.00647039	0.00948879	0.00673876	0.00119783	0.00165853	0.0113063	0.0142285	0.00606632	0.540817	0.0643277	0.0109923	0.00102091	0.0156152
