362	20
1	0.00816891	0.00136154	0.00371768	0.00573765	0.00236666	0.00301618	0.00289943	0.00611898	0.456817	0.00727995	0.0024137	0.0170703	0.0014888	0.0396558	0.273881	0.00732564	0.148743	0.00953239	0.000738386	0.00166591
2	0.00116067	0.00140002	0.000513681	0.000806181	0.00716194	0.000387871	0.000489031	0.525618	0.000767825	0.0574878	0.002803	0.000401374	0.000247304	0.000669453	0.00135727	0.000844138	0.00470501	0.389477	0.00165714	0.00204581
3	0.173825	0.00965323	0.0219463	0.0141136	0.0069891	0.521352	0.0280281	0.00335181	0.0158299	0.0116116	0.00529757	0.027238	0.00213553	0.00559223	0.0116736	0.0751837	0.00945323	0.0111325	0.0135325	0.0320604
4	0.00604735	0.000808257	0.0021556	0.00303079	0.124502	0.00170914	0.00565557	0.41986	0.00755396	0.158246	0.104567	0.00163983	0.0157926	0.00815293	0.0195874	0.00420464	0.0133646	0.0908384	0.00654264	0.00574074
5	0.0308307	0.0134015	0.00219381	0.00719026	0.00285822	0.00281419	0.00334193	0.228588	0.0126698	0.0405432	0.00274037	0.00563749	0.00318518	0.00349563	0.00443264	0.030928	0.069136	0.527114	0.00145044	0.00744866
6	0.0504771	0.00750345	0.0164416	0.02177	0.0260281	0.0148245	0.132561	0.0505358	0.0241239	0.120681	0.0189819	0.0415862	0.00828719	0.0227083	0.0271861	0.200919	0.0353195	0.15071	0.0156475	0.0137072
7	0.029102	0.00591711	0.0040804	0.0106015	0.0236262	0.00411281	0.00524022	0.170112	0.0128793	0.41871	0.0640733	0.00380092	0.00400141	0.0086571	0.00973356	0.00960664	0.0182222	0.187809	0.00170953	0.00800469
8	0.109064	0.0100905	0.0330529	0.0269638	0.00509682	0.583529	0.0171588	0.00712851	0.0203403	0.0136917	0.00519762	0.029221	0.00487753	0.0136593	0.0186635	0.0518203	0.0217363	0.0150501	0.0041903	0.009468
9	0.0733124	0.654324	0.0115646	0.022128	0.010591	0.0106305	0.0131291	0.012618	0.017085	0.0177372	0.00994169	0.00883766	0.00517134	0.0153584	0.0201513	0.0294638	0.025805	0.0293183	0.00238234	0.0104508
10	0.197913	0.000679631	0.0966672	0.105825	0.00154208	0.0236768	0.00284228	0.00267182	0.013729	0.0076046	0.00300305	0.0301045	0.450314	0.0105716	0.00907475	0.0210801	0.0166429	0.00453894	0.000471681	0.00104611
11	0.0601582	0.00515073	0.036162	0.0554017	0.0110095	0.0195394	0.0168655	0.0116519	0.299943	0.0337732	0.00880319	0.0273854	0.0211831	0.0531219	0.221276	0.0382087	0.0418009	0.0242927	0.00515158	0.00912108
12	0.295442	0.00500735	0.0219768	0.0220367	0.00871083	0.0156827	0.0353843	0.0133487	0.0179387	0.0216025	0.0093989	0.396762	0.00825532	0.0189365	0.0198052	0.0390057	0.0213267	0.0187479	0.00353714	0.00709459
13	0.0294564	0.00537162	0.0120164	0.0604295	0.00767223	0.00916297	0.00839227	0.0109813	0.0188522	0.245723	0.00995539	0.00868609	0.00876376	0.0152849	0.103095	0.0980076	0.31556	0.0242835	0.00284448	0.00546085
14	0.0782478	0.0120835	0.00471808	0.00800948	0.00392215	0.00559979	0.00359568	0.131152	0.0114978	0.0268948	0.00446926	0.00704154	0.0056434	0.00562526	0.00419391	0.0587502	0.10091	0.519724	0.0010772	0.00684403
15	0.0746963	0.00236005	0.348275	0.189857	0.00742893	0.0479471	0.0181264	0.00815397	0.026273	0.0176172	0.00856487	0.0338912	0.0214472	0.0619842	0.0246174	0.0591829	0.0307129	0.0125547	0.00185016	0.00445911
16	0.175076	0.0215147	0.00473134	0.00767137	0.0147382	0.0240077	0.00827961	0.00413574	0.00978341	0.00497675	0.00183319	0.00465352	0.00332521	0.00657782	0.0144461	0.377848	0.308515	0.00519112	0.000651975	0.00204422
17	0.143178	0.00263879	0.131479	0.302638	0.00324045	0.0376608	0.0174599	0.00802746	0.0450043	0.0177677	0.00551365	0.0638332	0.0200746	0.0702748	0.0438061	0.0393972	0.0302983	0.0123814	0.00093678	0.00439008
18	0.0205405	0.00388964	0.0082214	0.0301879	0.00587087	0.00894253	0.0986647	0.00805523	0.0720839	0.11971	0.00660429	0.00726614	0.00352708	0.144091	0.383109	0.0115903	0.0155515	0.0451205	0.00249658	0.00447626
19	0.00717332	0.000990664	0.00235378	0.00365954	0.129278	0.00173786	0.00464861	0.372812	0.00849059	0.217554	0.104571	0.00184465	0.0109695	0.00942076	0.021614	0.00414996	0.0107096	0.0754583	0.00670502	0.0058585
20	0.0187866	0.00137802	0.00358215	0.0131156	0.0222046	0.00156073	0.00228216	0.27293	0.010118	0.49014	0.0593029	0.00257579	0.00180351	0.0152983	0.00629045	0.00416119	0.0113059	0.060243	0.00178809	0.00113247
21	0.149219	0.012986	0.00492982	0.0106102	0.00810194	0.067931	0.0215158	0.00334126	0.0172207	0.00640518	0.00215873	0.00672609	0.00167028	0.0143331	0.0190716	0.301834	0.343965	0.00572063	0.0008045	0.001455
22	0.0289193	0.00112571	0.0108897	0.174563	0.00180093	0.0199136	0.03572	0.0152984	0.0935988	0.0352507	0.00249426	0.00671172	0.00125445	0.250051	0.27451	0.00624164	0.0311103	0.0075684	0.000635835	0.0023432
23	0.0145978	0.00197206	0.00135187	0.0065787	0.0359125	0.00192377	0.00293321	0.127216	0.00348499	0.616074	0.112258	0.00120331	0.00201166	0.00685422	0.00368847	0.00380259	0.00457608	0.0513873	0.000507948	0.00166646
24	0.0471569	0.00169328	0.0401863	0.01725	0.0258286	0.00671894	0.00898531	0.00460702	0.351581	0.0182756	0.00417412	0.0117961	0.00277953	0.0209125	0.297958	0.0706658	0.00976292	0.0549521	0.00163886	0.00307785
25	0.300311	0.00254707	0.0251151	0.0447088	0.00372778	0.0321534	0.0238005	0.0764435	0.033944	0.0357839	0.0438353	0.00561891	0.0107981	0.0556269	0.0308464	0.136761	0.0823337	0.0519938	0.00122163	0.00242937
26	0.113697	0.000143361	0.15133	0.474679	0.000362765	0.0248993	0.00376879	0.00418343	0.0301603	0.0146622	0.000972515	0.0218177	0.00712535	0.0584895	0.0320746	0.0287905	0.0232606	0.00918752	0.000118222	0.000276809
27	0.116955	0.0120228	0.0320037	0.0228345	0.00509662	0.599717	0.0180251	0.0055965	0.0175691	0.0130172	0.00585826	0.0277651	0.00938829	0.012067	0.0125711	0.0485168	0.0155352	0.0112684	0.00457564	0.00961673
28	0.00908599	0.0134119	0.00216622	0.00411906	0.216989	0.00261452	0.0944667	0.0516394	0.0144628	0.0408949	0.0075189	0.00306699	0.00348182	0.00339917	0.0246575	0.00359877	0.0159583	0.0400034	0.00420983	0.444255
29	0.111057	0.000145091	0.161518	0.434108	0.000330057	0.0360539	0.00406418	0.00571971	0.0311725	0.0143062	0.000360199	0.0388342	0.00463208	0.0617286	0.0258681	0.0339011	0.0263453	0.00945779	8.43299e-05	0.000312825
30	0.00548569	0.000805314	0.00149681	0.00242186	0.0260478	0.00126706	0.0074274	0.486916	0.00245894	0.208603	0.074136	0.0012037	0.0161555	0.00271034	0.00215897	0.0039843	0.0239037	0.131592	0.000538857	0.000686915
31	0.241609	0.00228828	0.0251779	0.0136011	0.00380104	0.00608679	0.00609529	0.0378952	0.0138114	0.00961342	0.00638141	0.011021	0.00755259	0.0315501	0.0080655	0.17534	0.224863	0.171227	0.00104088	0.00297947
32	0.00820345	0.00118429	0.220989	0.0469646	0.00208657	0.0195976	0.00388237	0.00273442	0.0213499	0.00595247	0.00230606	0.0453829	0.00202234	0.0326253	0.0479648	0.311066	0.21746	0.00473515	0.00103478	0.00245856
33	0.0349966	0.00361196	0.00416355	0.0188732	0.101066	0.025381	0.2748	0.0243819	0.00710573	0.0257515	0.00449748	0.0228199	0.0424952	0.0151272	0.009131	0.0059335	0.0174212	0.0111425	0.00297341	0.348327
34	0.0612788	0.000164276	0.390551	0.257665	0.000493738	0.0314904	0.0114319	0.00314725	0.022982	0.00755986	0.00278553	0.0539133	0.000990207	0.0731234	0.0161391	0.0437584	0.0182096	0.00404366	8.1751e-05	0.000190577
35	0.0919183	0.00105273	0.158141	0.201835	0.00288232	0.165065	0.0123131	0.00523732	0.0469832	0.00861199	0.00261255	0.130236	0.00158415	0.0521901	0.0181566	0.0408391	0.0476442	0.0100517	0.000591671	0.00205424
36	0.357183	0.0131571	0.0166658	0.0256551	0.00575977	0.0509155	0.0107509	0.0071748	0.0174944	0.0124944	0.004945	0.0076155	0.0122982	0.0179517	0.0142912	0.33179	0.0761567	0.0131359	0.00153686	0.00302832
37	0.045832	0.000143826	0.455913	0.260721	0.000766903	0.0230035	0.0109595	0.00256043	0.0144037	0.00507309	0.00367567	0.0358192	0.00142029	0.0663383	0.0137896	0.0448435	0.0128331	0.00159224	9.30497e-05	0.000218342
38	0.0978505	0.00217492	0.00256923	0.0117023	0.0166376	0.0157932	0.00236838	0.134018	0.00642868	0.209293	0.0890043	0.00257043	0.0153516	0.00498114	0.00301307	0.0131354	0.0273108	0.316264	0.000973078	0.0285606
39	0.0163962	0.00365645	0.000737186	0.0106839	0.00817481	0.000963959	0.00370199	0.331969	0.0020934	0.113073	0.00737732	0.00142911	0.00530343	0.00123374	0.00355702	0.00774036	0.0125493	0.456253	0.00319763	0.00991007
40	0.00134774	0.00262774	0.000504417	0.0011682	0.0103983	0.000395225	0.000633565	0.53187	0.000660434	0.0803569	0.00279408	0.000400733	0.000401185	0.000682131	0.0019834	0.000807469	0.00266965	0.354525	0.00226639	0.00350768
41	0.00557628	0.00272695	0.000606148	0.00283143	0.00915885	0.000586668	0.00126645	0.491052	0.00132761	0.0746833	0.0060029	0.000830169	0.00189305	0.000905559	0.00205374	0.00299038	0.00731662	0.382017	0.00217918	0.00399557
42	0.0789684	0.00314793	0.224281	0.117962	0.00722672	0.0601327	0.0380383	0.00805837	0.045232	0.0130022	0.00653788	0.117902	0.0108958	0.0461936	0.034502	0.125301	0.0409998	0.0133986	0.0019436	0.00627654
43	0.0959602	0.00331775	0.043401	0.0625493	0.00603149	0.0147971	0.0116652	0.0205996	0.0521213	0.0474914	0.0220476	0.0153723	0.229599	0.0317449	0.0475024	0.0698807	0.185925	0.030563	0.0031138	0.0063166
44	0.0639109	0.664748	0.0103964	0.0225395	0.00904616	0.0121464	0.0127514	0.0137382	0.0162257	0.023468	0.0103295	0.0106742	0.00656386	0.0159863	0.0171578	0.0288097	0.0231569	0.0271546	0.00267253	0.00852369
45	0.149731	0.00935172	0.0310972	0.0155405	0.00353001	0.601245	0.0176314	0.00259985	0.0105687	0.00739799	0.00227491	0.0294815	0.000818344	0.00539319	0.00677385	0.0729078	0.00720376	0.00986144	0.00510267	0.0114889
46	0.0472362	0.0103842	0.0246596	0.0219282	0.238056	0.0183189	0.0566965	0.0599874	0.0288255	0.0833388	0.0278296	0.0105787	0.0119183	0.0223605	0.0334776	0.0237603	0.0293719	0.0436716	0.044304	0.163296
47	0.0113298	0.0013122	0.00223316	0.00393813	0.0126978	0.00139056	0.00291647	0.426189	0.00326214	0.356565	0.0300751	0.00133575	0.00391778	0.00387552	0.00283969	0.00544112	0.00558158	0.122373	0.00113356	0.00159259
48	0.0732168	0.000165639	0.32317	0.290079	0.000865316	0.0321149	0.0100716	0.00367063	0.0278657	0.0117106	0.00318406	0.0518303	0.0045023	0.0720061	0.0228119	0.0411506	0.0252388	0.00568302	0.000205725	0.000456681
49	0.243983	0.00716805	0.0535522	0.0684759	0.00373452	0.00490355	0.00532107	0.00634962	0.00647594	0.00852722	0.00391116	0.00447823	0.0569853	0.00706446	0.00695897	0.432659	0.0670475	0.0078405	0.00173632	0.0028278
50	0.300849	0.0151858	0.038806	0.0657076	0.0114368	0.0504193	0.0207953	0.0177867	0.0460376	0.0409871	0.0171726	0.0229729	0.0262738	0.0477004	0.0551426	0.103899	0.0606838	0.046692	0.00345762	0.00799346
51	0.0222523	0.00165201	0.0110874	0.0379591	0.00365899	0.00400757	0.00382248	0.0271012	0.331828	0.0448641	0.00788798	0.0134845	0.00206443	0.0500245	0.235778	0.0143384	0.125536	0.059504	0.00103108	0.00211798
52	0.125685	0.00013319	0.12784	0.480271	0.000374465	0.0233589	0.00487841	0.00374815	0.0377108	0.0124403	0.000747584	0.0133954	0.00655114	0.0606582	0.0416958	0.0253354	0.0238473	0.0103012	8.78076e-05	0.000939524
53	0.110668	0.00218253	0.150638	0.37996	0.00327687	0.0249993	0.0112218	0.00998061	0.0385732	0.0186132	0.00508518	0.0228029	0.0150458	0.072595	0.0437452	0.0373815	0.0314365	0.0163318	0.00125161	0.0042114
54	0.236951	0.010024	0.0350183	0.03967	0.00646542	0.229116	0.0224943	0.00444766	0.0258913	0.0152393	0.00593403	0.0233045	0.00567242	0.027361	0.0220605	0.21486	0.0488803	0.0145419	0.00383482	0.00823299
55	0.0167004	0.00185807	0.00145914	0.00499058	0.0148674	0.00194229	0.0032547	0.316077	0.00533734	0.406061	0.0428069	0.00165462	0.00307658	0.00465187	0.00400973	0.00592309	0.00959407	0.150865	0.0013043	0.00356637
56	0.0406331	0.000147349	0.478284	0.242833	0.00073637	0.0222144	0.0116986	0.00239589	0.0136637	0.00457202	0.00395826	0.0370579	0.00108894	0.0684316	0.0126475	0.0460054	0.0122436	0.00111488	8.45041e-05	0.000188208
57	0.252613	0.00235653	0.0142864	0.0362751	0.00539432	0.00634461	0.00787673	0.0204237	0.0391845	0.0144649	0.00697853	0.0299733	0.0166581	0.0419448	0.0156799	0.0907517	0.269328	0.125188	0.00136771	0.00290961
58	0.00801243	0.00270223	0.000772658	0.00403678	0.0114601	0.00083555	0.00191693	0.471903	0.00148961	0.105603	0.00875784	0.000813442	0.00280025	0.00149327	0.00258006	0.00333588	0.00761205	0.355751	0.00251503	0.00560936
59	0.13427	0.00256655	0.0969077	0.0300951	0.0546449	0.1467	0.0223826	0.00691502	0.0553596	0.0895751	0.0364646	0.0319731	0.00350507	0.0203729	0.083736	0.0681774	0.0261356	0.0568746	0.00908652	0.024257
60	0.11176	0.000114798	0.151869	0.475498	0.000622915	0.0293187	0.00319392	0.00453574	0.0289782	0.014707	0.00131962	0.0221314	0.00693005	0.0549208	0.0282638	0.0312713	0.0249687	0.00911085	9.3738e-05	0.00039175
61	0.0959818	0.00657634	0.0101662	0.0122617	0.105199	0.0139638	0.0334492	0.0788571	0.0143588	0.146172	0.0374978	0.00638813	0.0116441	0.0110462	0.0162018	0.0166742	0.0275462	0.192352	0.0228464	0.140817
62	0.0736121	0.00119839	0.00568173	0.0125444	0.00849932	0.007953	0.00313266	0.0963066	0.0165175	0.313203	0.250119	0.00394032	0.00790829	0.0189005	0.00687762	0.0208137	0.0241349	0.122441	0.000874407	0.0053415
63	0.115133	0.000423524	0.114285	0.158074	0.000577887	0.0309059	0.0187428	0.0034917	0.146834	0.00173765	0.00076409	0.09783	0.00147008	0.0885833	0.0414904	0.116304	0.0548966	0.00771397	0.000272019	0.00047028
64	0.281172	0.000963496	0.0538974	0.270216	0.0119643	0.0147006	0.0204602	0.00377478	0.0532131	0.0286769	0.00327637	0.0132883	0.00268756	0.108876	0.039093	0.0252603	0.0361248	0.01356	0.00049224	0.0183027
65	0.0758424	0.00153	0.135953	0.112354	0.00769546	0.0887791	0.0638615	0.00548163	0.121517	0.0120739	0.00531829	0.100636	0.0114591	0.0525931	0.0548325	0.0746962	0.0544705	0.0122056	0.00198668	0.00671454
66	0.050509	0.00272167	0.0678231	0.0644836	0.00467686	0.0499467	0.0280069	0.00418294	0.203858	0.0200196	0.00401591	0.0324451	0.110754	0.0371605	0.168697	0.0739243	0.056598	0.00805334	0.00830357	0.00382035
67	0.0205757	0.000457409	0.007406	0.0198761	0.00681764	0.0010096	0.00570263	0.0012214	0.460701	0.0208428	0.000765554	0.013031	0.000474712	0.0242856	0.377715	0.0142124	0.00265016	0.0212161	0.000380859	0.000658239
68	0.0116993	0.00317941	0.000713033	0.0072084	0.00990162	0.000782905	0.00287245	0.401856	0.00121797	0.108647	0.00954179	0.00115722	0.00437225	0.000963367	0.00256878	0.00544499	0.00966384	0.407885	0.00270519	0.00761987
69	0.009129	0.00585319	0.00066773	0.00493777	0.0125619	0.000815926	0.0022038	0.429101	0.00267368	0.129011	0.00701469	0.00112746	0.00246925	0.00149389	0.00374965	0.00407599	0.00831956	0.365523	0.00278399	0.00648731
70	0.0193826	0.00421638	0.00131901	0.00650483	0.00959616	0.00174262	0.00443488	0.396928	0.00425583	0.0881602	0.00887652	0.00226288	0.00376901	0.00217357	0.00394934	0.00933134	0.015863	0.406671	0.00245515	0.00810808
71	0.130653	0.0318214	0.00741402	0.0102813	0.00880459	0.0693878	0.011846	0.00566106	0.03571	0.0104512	0.00354259	0.00801718	0.00294495	0.0123261	0.0218819	0.209001	0.406927	0.00824092	0.00196414	0.00312373
72	0.1083	0.0103473	0.0342782	0.0262073	0.00472365	0.610893	0.0176485	0.00423112	0.0170167	0.0129805	0.00477821	0.026849	0.00610805	0.0112324	0.0143954	0.0452244	0.0185773	0.0119011	0.00404874	0.0102597
73	0.073984	0.66353	0.0107286	0.0212137	0.0089545	0.0177418	0.0115277	0.0101215	0.0156512	0.0214478	0.00978337	0.00920223	0.00672039	0.0146039	0.0172416	0.0311117	0.0248144	0.0233078	0.00230606	0.00600789
74	0.00812594	0.00184705	0.00072408	0.00505918	0.0381033	0.00137299	0.00279109	0.0916554	0.00177398	0.707415	0.0946589	0.000696435	0.000305081	0.00513958	0.00198016	0.0011597	0.00102152	0.0352333	0.000153973	0.000783552
75	0.0068483	0.0142754	0.00186511	0.00328172	0.221742	0.0018174	0.09136	0.0533081	0.0149731	0.0396518	0.00769673	0.00179994	0.00257936	0.00265593	0.0258157	0.00252863	0.0158947	0.0387914	0.000732942	0.452382
76	0.0854224	0.00102111	0.049311	0.0333967	0.00369719	0.0128181	0.00941399	0.00549978	0.0283782	0.0236649	0.00461108	0.0162042	0.570708	0.00877828	0.028547	0.065185	0.0406916	0.00681814	0.00127157	0.0045614
77	0.0858218	0.000410423	0.125318	0.17519	0.000483481	0.0433366	0.0141864	0.00442405	0.148457	0.00153954	0.000760737	0.0953279	0.00116284	0.090245	0.0383116	0.117968	0.0495408	0.00688995	0.000194584	0.000431172
78	0.0270283	0.00462545	0.000739469	0.0167954	0.00774183	0.00114298	0.00517937	0.238261	0.00174759	0.128712	0.00736598	0.00215106	0.00843353	0.00102789	0.00392164	0.0118021	0.0144313	0.500891	0.00352412	0.0144781
79	0.0991003	0.00429538	0.059486	0.018295	0.0528629	0.025335	0.00995725	0.0404853	0.0516458	0.267933	0.156005	0.0114502	0.00618773	0.0191232	0.0236029	0.0231777	0.0225873	0.098845	0.00219788	0.00742724
80	0.333678	0.0114909	0.0128161	0.0418427	0.00174403	0.152486	0.0244965	0.00457426	0.0370376	0.0193552	0.0033958	0.00334066	0.00133517	0.0451828	0.0181932	0.256096	0.01826	0.0118684	0.00083144	0.00197539
81	0.00644228	0.00303629	0.000529154	0.00523134	0.0105517	0.000453559	0.00171775	0.447186	0.000904687	0.0842477	0.00300401	0.000785223	0.00219398	0.000674151	0.0025599	0.00344919	0.00528301	0.411787	0.00387601	0.0060871
82	0.0372422	0.00405273	0.0147107	0.0142337	0.0516608	0.00830489	0.0259443	0.0582317	0.0158405	0.0825672	0.00757078	0.0160049	0.00609414	0.0140576	0.0167056	0.372446	0.12605	0.0730702	0.00574353	0.0494686
83	0.0835288	0.00677102	0.040277	0.0504938	0.00857973	0.324904	0.0181953	0.0106862	0.0937016	0.0234678	0.00888222	0.0301367	0.0161195	0.0338355	0.0581899	0.0619941	0.100042	0.0158796	0.00500438	0.00931122
84	0.278262	0.00167026	0.0207314	0.0287712	0.00283932	0.0105113	0.00509122	0.0389402	0.040113	0.0222463	0.00572615	0.00820493	0.137088	0.019548	0.0490147	0.103546	0.15951	0.0650389	0.00111367	0.00203339
85	0.109348	0.00119599	0.0467484	0.191037	0.00271524	0.0547167	0.050638	0.00448639	0.0204622	0.0286094	0.00372012	0.0298028	0.00223088	0.372593	0.0501991	0.0137739	0.00801882	0.00606837	0.00111349	0.00252288
86	0.0978076	0.000594455	0.209733	0.172327	0.00462285	0.018774	0.0133241	0.00391017	0.0347147	0.0431861	0.0416667	0.0104907	0.0902281	0.117077	0.044036	0.0382969	0.0449619	0.0130945	0.000355734	0.000798864
87	0.0933645	0.00255754	0.0029766	0.0148848	0.0239498	0.0104963	0.00341311	0.144297	0.00574852	0.166983	0.0482194	0.00370604	0.0243127	0.00446726	0.00433863	0.0165236	0.036914	0.337585	0.00123889	0.054024
88	0.0408051	0.00117381	0.380298	0.185479	0.00320049	0.0573251	0.0286235	0.00362151	0.0250931	0.0117256	0.00794931	0.0275467	0.0224515	0.104931	0.0235378	0.052977	0.0167071	0.00504172	0.000590515	0.000921656
89	0.157512	0.000280243	0.114127	0.209164	0.000742615	0.0297233	0.018612	0.00291378	0.105018	0.00636744	0.0016411	0.0695242	0.00174284	0.0914531	0.056943	0.0758425	0.0431628	0.013338	0.000188388	0.00170279
90	0.0425508	0.00348227	0.00101718	0.0182377	0.0103494	0.00352672	0.00475186	0.218904	0.00255612	0.137195	0.0211103	0.00258424	0.0167626	0.00195182	0.00347246	0.0143797	0.0188566	0.459523	0.00246725	0.0163212
91	0.0771439	0.00118018	0.00347444	0.0140143	0.00835146	0.00918081	0.00216388	0.0948425	0.0110645	0.305376	0.237528	0.00214963	0.0112582	0.0114892	0.00620145	0.0140893	0.0197696	0.160894	0.000838117	0.00899086
92	0.0926888	0.00030821	0.163527	0.209187	0.000722093	0.0693747	0.014517	0.00385972	0.0891558	0.00530977	0.000758297	0.105144	0.000780228	0.0793656	0.0305741	0.0818605	0.0423249	0.00984169	0.000153986	0.000546511
93	0.292341	0.002357	0.00941163	0.0392828	0.0049954	0.00670234	0.240657	0.0364265	0.0106651	0.0405915	0.00553991	0.0369642	0.00291608	0.106338	0.0431691	0.0116733	0.0111909	0.093116	0.00188954	0.0037731
94	0.00462948	0.00270395	0.000541527	0.00314198	0.0124037	0.000457667	0.00151334	0.488934	0.000853695	0.0981968	0.00691324	0.000609669	0.00217921	0.000822315	0.00210989	0.00229118	0.00448607	0.360256	0.00249127	0.00446491
95	0.165491	0.00172416	0.086374	0.17527	0.0128751	0.0562134	0.0545803	0.00794163	0.0508352	0.0183379	0.0137162	0.0276505	0.00336409	0.077372	0.113773	0.0498851	0.0257132	0.0302579	0.00228695	0.0263382
96	0.136061	0.00282502	0.0841149	0.0861312	0.0151287	0.106949	0.0242664	0.00586509	0.0911894	0.0237079	0.0115101	0.0351054	0.0109351	0.0575805	0.194784	0.0492931	0.0278617	0.0194794	0.0046363	0.0125761
97	0.00635639	0.00529318	0.000548083	0.00515828	0.0109563	0.000470006	0.00188492	0.436415	0.00103385	0.0948675	0.00203274	0.00105394	0.00141385	0.000711994	0.00358709	0.00384103	0.0055592	0.408476	0.00301055	0.0073305
98	0.0209452	0.000479946	0.00812841	0.0200898	0.0069737	0.00121309	0.00569029	0.00121227	0.454833	0.0214165	0.000792782	0.0128757	0.000496484	0.0241065	0.380421	0.0152668	0.00192896	0.0220761	0.000373649	0.000679471
99	0.0645834	0.00450367	0.184414	0.0897508	0.0117777	0.0227669	0.0191428	0.0146484	0.104329	0.110016	0.0199645	0.0202872	0.0358399	0.0514824	0.0508699	0.0422105	0.117848	0.0242808	0.00557118	0.00571211
100	0.0869544	0.00194187	0.151907	0.201919	0.00438691	0.0698863	0.0170657	0.00569719	0.095232	0.0135212	0.00567783	0.0582616	0.017645	0.0648199	0.053487	0.0625348	0.0707415	0.0133168	0.00187959	0.00312481
101	0.0528942	0.000906914	0.0392258	0.0150737	0.00137664	0.00623856	0.00269335	0.00270505	0.0348714	0.0274039	0.00182312	0.0153138	0.634409	0.0050202	0.0318829	0.0822539	0.0396071	0.00384515	0.00118218	0.00127312
102	0.0500635	0.000777492	0.0774927	0.0837122	0.00120605	0.0218353	0.00802694	0.00190955	0.226583	0.015033	0.00135784	0.0311368	0.105184	0.0418706	0.18052	0.0670163	0.0712448	0.00279213	0.0114314	0.000805921
103	0.0375624	0.00186632	0.00456303	0.0161417	0.0819155	0.0321031	0.315104	0.0155811	0.00724347	0.0192392	0.00435832	0.0287481	0.0470882	0.0194856	0.00846934	0.00656733	0.0183667	0.00665024	0.00376278	0.325183
104	0.00645825	0.0142671	0.00184798	0.0031082	0.223596	0.0016186	0.0874444	0.0535599	0.0151039	0.0394306	0.00737907	0.00173354	0.00194833	0.00265705	0.026088	0.00245836	0.0159885	0.0392727	0.000608691	0.455431
105	0.350753	0.01389	0.0167924	0.0279894	0.00595694	0.0504065	0.0114313	0.00792046	0.0172918	0.0121959	0.00570788	0.00833827	0.00979646	0.0215272	0.0156348	0.3294	0.0763982	0.0133541	0.00181451	0.0034011
106	0.0232703	0.0108158	0.00774817	0.0111941	0.160569	0.0141533	0.112912	0.044481	0.0207165	0.0442282	0.0103893	0.0109698	0.0107884	0.0168782	0.0282583	0.0109029	0.0211049	0.0353014	0.0041994	0.401119
107	0.0171183	0.00292019	0.000751589	0.00792147	0.0135103	0.00154531	0.00286793	0.306743	0.00310172	0.256014	0.0244045	0.00122185	0.00417693	0.00216622	0.00367394	0.00597805	0.00947308	0.326769	0.00223	0.00741322
108	0.0431759	0.00142869	0.0181405	0.0317994	0.00678501	0.0130002	0.00967916	0.00309746	0.381607	0.0214465	0.0035907	0.0219392	0.00948794	0.0467201	0.312629	0.0263636	0.0275896	0.0175607	0.00178124	0.0021782
109	0.0069578	0.0023029	0.000629503	0.00344106	0.0101629	0.000848375	0.00174765	0.487857	0.00160173	0.0968507	0.00850054	0.000598609	0.00252155	0.00107682	0.00253523	0.00267883	0.00718376	0.355575	0.00240578	0.00452456
110	0.232852	0.0141696	0.00854799	0.0104768	0.00840556	0.0222832	0.00801179	0.00590848	0.0106409	0.00666511	0.00294211	0.00553873	0.00741419	0.00884547	0.014268	0.354039	0.265017	0.0110767	0.000841708	0.00205639
111	0.0902478	0.000300652	0.251828	0.367916	0.00171064	0.0262095	0.00973663	0.00440456	0.0300829	0.0129117	0.00422114	0.0271919	0.013164	0.0635603	0.0284328	0.0346601	0.0232322	0.00857751	0.000372188	0.0012398
112	0.115867	0.00915282	0.0277681	0.024825	0.00341057	0.612704	0.0145621	0.00620192	0.0195457	0.0115854	0.00375512	0.0260365	0.00302254	0.0139157	0.0171092	0.0506492	0.0158779	0.00997624	0.00426008	0.00977578
113	0.0716058	0.65302	0.0130167	0.0218589	0.0104608	0.0131387	0.0135525	0.011366	0.0168514	0.0255257	0.0102543	0.00894974	0.00523291	0.0172861	0.0196239	0.0280883	0.0235113	0.0245857	0.0024761	0.009595
114	0.0651927	0.00164525	0.286415	0.0923456	0.0073198	0.0775313	0.0564371	0.00535185	0.0235801	0.00861206	0.00417839	0.12823	0.00388807	0.0365085	0.0214707	0.137636	0.0252004	0.0122997	0.00109301	0.0050636
115	0.0362743	0.00422583	0.0148659	0.0163096	0.0127229	0.0133332	0.253312	0.0104405	0.0172487	0.0192577	0.00731072	0.248198	0.00719954	0.106925	0.105943	0.0185182	0.0195867	0.0173968	0.00342687	0.0675035
116	0.142528	0.00883785	0.0127534	0.0263667	0.00326817	0.0495731	0.0226266	0.00164734	0.192934	0.0153521	0.0035228	0.0480554	0.00195091	0.0735463	0.271375	0.0782773	0.0394505	0.0059861	0.000564483	0.00138375
117	0.18159	0.505287	0.0122666	0.0218152	0.0103299	0.0222486	0.0138869	0.0115081	0.0176204	0.0219817	0.0164088	0.00945882	0.00644242	0.0168421	0.0171045	0.041345	0.0272446	0.0377166	0.00188931	0.00701328
118	0.0999284	0.0137325	0.00163683	0.00243636	0.00780282	0.034647	0.00872497	0.00172761	0.0131998	0.00260747	0.00101625	0.00447872	0.000738772	0.00557629	0.0222282	0.337836	0.437922	0.0025199	0.000424093	0.000815946
119	0.0141713	0.012015	0.00293982	0.00535512	0.214903	0.00511589	0.0939883	0.0512441	0.0200197	0.0458713	0.00906057	0.00466977	0.00500716	0.00957667	0.0276034	0.00504113	0.0165205	0.0360105	0.00932071	0.411566
120	0.0693862	0.660746	0.0113601	0.0196617	0.00963772	0.0149271	0.0135587	0.0137365	0.0160688	0.0259898	0.0105683	0.00782275	0.00552564	0.0144085	0.0169362	0.0306359	0.0228675	0.0234683	0.00233899	0.0103548
121	0.162765	0.00511914	0.0196268	0.0359149	0.0104203	0.0154123	0.0164999	0.166635	0.0241102	0.0590526	0.0834553	0.0139589	0.0147619	0.036793	0.0255317	0.103548	0.121072	0.0718535	0.00350718	0.00996335
122	0.0142782	0.00253885	0.00402939	0.0102028	0.0198364	0.00203598	0.0044268	0.452695	0.00437943	0.1382	0.0242407	0.00406324	0.00457749	0.00575097	0.00634181	0.00950764	0.0155805	0.265765	0.0039611	0.00758838
123	0.0846603	0.00165868	0.0527192	0.0362655	0.00431832	0.0178853	0.00978245	0.00720042	0.0307184	0.0258684	0.00595148	0.0149941	0.538492	0.0115141	0.0315327	0.066719	0.0391491	0.0125793	0.0022328	0.00575867
124	0.121808	0.00105614	0.12734	0.122471	0.00172733	0.0244522	0.0220498	0.00414138	0.150168	0.00414377	0.00161413	0.0798571	0.00222462	0.0957757	0.0412302	0.132807	0.0570025	0.00806764	0.000796	0.00126739
125	0.00818613	0.00183067	0.000740325	0.00505346	0.0381214	0.00137167	0.00271671	0.0936238	0.00180641	0.705704	0.0940582	0.000701449	0.000308046	0.0050975	0.00196928	0.00114699	0.00100891	0.0356234	0.000154012	0.000777509
126	0.0466595	0.00286491	0.0200216	0.0370321	0.00889609	0.0167497	0.0157836	0.00358977	0.334661	0.0254021	0.00302009	0.0221195	0.0112718	0.051858	0.320159	0.0285053	0.0250475	0.0184114	0.00273786	0.0052085
127	0.110177	0.0112208	0.0308905	0.0232642	0.00407393	0.626323	0.0166586	0.0051429	0.0163671	0.00976886	0.0031532	0.0256376	0.003806	0.0100958	0.0129417	0.0500158	0.0165697	0.00958542	0.00375896	0.0105496
128	0.0469656	0.00077106	0.0933868	0.0739775	0.00174411	0.0264055	0.0171844	0.00290128	0.252796	0.0188476	0.00179187	0.0348279	0.106507	0.0327786	0.162842	0.0550393	0.056988	0.00358416	0.0093913	0.00127028
129	0.0284324	0.00682448	0.00963195	0.0144396	0.0841396	0.00587884	0.016739	0.0338023	0.0349001	0.409791	0.0322863	0.0123468	0.00364874	0.0849712	0.0398428	0.0178606	0.0149219	0.0232129	0.0184627	0.107867
130	0.21304	0.00260316	0.0922268	0.0349429	0.00514995	0.00583766	0.00607569	0.00655476	0.0647705	0.0122489	0.0312421	0.0061001	0.00388133	0.0354545	0.10916	0.0112562	0.0394638	0.31534	0.00170125	0.00295063
131	0.151352	0.010925	0.0401762	0.0421499	0.0139881	0.0440667	0.0236366	0.0205403	0.0351723	0.0278495	0.0134113	0.0240985	0.0206617	0.0267274	0.0372897	0.299574	0.117796	0.0351607	0.00451959	0.0109038
132	0.0278621	0.011682	0.011499	0.012261	0.152986	0.0110793	0.0643061	0.0424597	0.0254803	0.0437337	0.0110019	0.00933853	0.00479023	0.0152125	0.0830683	0.0154694	0.0230859	0.0675919	0.004684	0.362408
133	0.0610032	0.000705968	0.0431282	0.0157687	0.00162878	0.00523583	0.00256493	0.00291594	0.0336106	0.0244574	0.00157529	0.00992944	0.607688	0.00594081	0.0395248	0.0898308	0.0468773	0.00552038	0.00109561	0.000997951
134	0.0606431	0.00332688	0.0012612	0.0242708	0.0118399	0.0037094	0.00398672	0.220877	0.00200298	0.112239	0.018966	0.00307047	0.0238662	0.00157364	0.00315705	0.0192488	0.0182282	0.44829	0.00214114	0.0173009
135	0.159561	0.000712416	0.156244	0.0717329	0.0294802	0.189229	0.0437733	0.00246929	0.021693	0.0142391	0.0116353	0.055715	0.00124822	0.0148256	0.0537498	0.0845278	0.0243337	0.0386273	0.00375017	0.0224531
136	0.0418015	0.00020675	0.469051	0.241054	0.000822556	0.021574	0.0126872	0.00316781	0.0144096	0.00447094	0.00470371	0.0371871	0.00115688	0.0708593	0.0124995	0.0508934	0.0117591	0.00120678	0.00013878	0.00034977
137	0.00117422	0.00194474	0.000486461	0.000816832	0.00885727	0.000359164	0.00053495	0.537528	0.000733419	0.0668359	0.00266222	0.000388605	0.000323072	0.000706187	0.00160419	0.000815977	0.00395273	0.36574	0.00201039	0.00252555
138	0.026914	0.0016556	0.00157325	0.0104217	0.0224585	0.00261922	0.00235549	0.0809305	0.0052054	0.562593	0.184978	0.00120838	0.00340518	0.00778336	0.00605678	0.00574623	0.00570724	0.0672878	0.0002887	0.000811395
139	0.13797	0.000683954	0.107426	0.0415722	0.0387814	0.12798	0.031563	0.00235081	0.045004	0.0386448	0.0321705	0.0526057	0.00138262	0.0365355	0.106576	0.0944475	0.0350334	0.0224606	0.00661492	0.0401968
140	0.106903	0.00139694	0.14034	0.379847	0.00452322	0.0271073	0.0109517	0.00947501	0.0418468	0.0257218	0.00620964	0.0228614	0.0211061	0.0696847	0.0433329	0.0353703	0.0311791	0.0167984	0.00109596	0.0042491
141	0.25594	0.0127229	0.00489523	0.00697481	0.00941019	0.00403461	0.00446244	0.0536376	0.015085	0.03437	0.00828152	0.00385403	0.00414326	0.00579226	0.00627337	0.0140862	0.0370782	0.513242	0.00119972	0.00451585
142	0.123948	0.000627901	0.0386288	0.243018	0.00225037	0.0422893	0.0279126	0.00502978	0.171349	0.0233183	0.0040607	0.0127908	0.00296226	0.120383	0.122192	0.013315	0.0195291	0.0111239	0.000795225	0.0144765
143	0.155881	0.00343467	0.0139156	0.0320324	0.00302928	0.0407034	0.0226566	0.000894846	0.201035	0.0183985	0.00386021	0.052499	0.000775319	0.0815961	0.277264	0.0599574	0.0253552	0.00567298	0.000297848	0.000741543
144	0.0257644	0.00591428	0.00739852	0.0122383	0.0301343	0.0057373	0.00632113	0.121533	0.00966649	0.559634	0.0758299	0.00636689	0.00298766	0.0121641	0.0116527	0.0102586	0.0168124	0.0664447	0.00137906	0.0117624
145	0.328762	0.0110902	0.0030994	0.00337244	0.0136976	0.00225312	0.00262991	0.0254675	0.0233197	0.020237	0.00399354	0.00229701	0.00109768	0.00431911	0.00402848	0.00481853	0.00501791	0.538269	0.000685584	0.00154494
146	0.15557	0.000280891	0.131503	0.222497	0.00054987	0.0341712	0.0172573	0.00313471	0.0952883	0.00691331	0.00141296	0.072111	0.00164029	0.0861543	0.051162	0.067099	0.0376383	0.0141519	0.000149052	0.00131497
147	0.321319	0.0132433	0.0147822	0.03839	0.00149337	0.155251	0.0246931	0.00458622	0.034823	0.0168488	0.00328639	0.00294396	0.00138973	0.0461159	0.0157866	0.269968	0.0207219	0.0119889	0.000765768	0.00160383
148	0.111012	0.00511075	0.048716	0.0434496	0.00887047	0.474079	0.0219851	0.00524678	0.0234498	0.0122173	0.00470425	0.067392	0.00528739	0.0213997	0.028287	0.0598164	0.0279357	0.0154258	0.00367875	0.0119362
149	0.121629	0.00154306	0.00478468	0.00473152	0.0021443	0.0143289	0.00304139	0.0770746	0.0181993	0.00807298	0.00234111	0.00413775	0.00258151	0.00662984	0.00487082	0.02081	0.236859	0.464088	0.000904626	0.00122751
150	0.0237989	0.000709203	0.00651459	0.0145304	0.00445313	0.00855466	0.00453233	0.00181678	0.431284	0.0173461	0.00117771	0.0207388	0.000620945	0.0644995	0.339769	0.0241517	0.0183385	0.0134931	0.00039658	0.00327465
151	0.108335	0.00442176	0.147885	0.35968	0.00384876	0.0280917	0.0122333	0.0152487	0.0448173	0.0235287	0.00624898	0.0236677	0.0164901	0.0682692	0.0464871	0.0390496	0.0300113	0.0162906	0.00117533	0.00422001
152	0.01484	0.000679606	0.00138738	0.00333312	0.00498005	0.00102378	0.00172263	0.4378	0.00319925	0.421983	0.0185893	0.000908706	0.00199033	0.00329389	0.00180526	0.00638466	0.00332958	0.0716301	0.000589956	0.000529241
153	0.0590494	0.00237733	0.00410603	0.0104957	0.0123867	0.00736003	0.00453854	0.168727	0.0124031	0.284922	0.176892	0.00410119	0.00998487	0.0131019	0.00575568	0.0220598	0.0301144	0.162797	0.00103673	0.00779202
154	0.00420185	0.00245971	0.000644049	0.00255722	0.00985804	0.00053527	0.00127551	0.498772	0.00088422	0.11206	0.00615926	0.000627891	0.00144989	0.000914037	0.00208345	0.00212102	0.00420253	0.34315	0.00217458	0.00386967
155	0.00192627	0.00160383	0.000530758	0.0013029	0.00704108	0.000382679	0.000670502	0.510228	0.000886223	0.057397	0.00283432	0.00052538	0.000532646	0.000693515	0.00138344	0.00152715	0.00551255	0.40089	0.00180459	0.0023267
156	0.264334	0.0103903	0.0192556	0.0275016	0.00385562	0.266532	0.021211	0.00457415	0.0240025	0.0128527	0.00503896	0.0194582	0.00180703	0.0263249	0.0148444	0.22165	0.0307574	0.015135	0.00420702	0.00626777
157	0.101726	0.00598753	0.0859667	0.135366	0.0118588	0.0285514	0.0310007	0.0221766	0.0672836	0.0398664	0.0169553	0.0273093	0.0174755	0.198501	0.0819638	0.0447966	0.0385891	0.0257957	0.00321593	0.0156137
158	0.0833728	0.0073315	0.223488	0.108815	0.0139859	0.120504	0.0259153	0.0769018	0.0343398	0.0303616	0.0154308	0.039539	0.010764	0.0436469	0.0291204	0.0538074	0.0424767	0.0265935	0.00330723	0.0102982
159	0.0417731	0.0101113	0.0148551	0.0303508	0.0116661	0.00976056	0.0134496	0.0445074	0.0221611	0.244279	0.0258455	0.0113702	0.0148258	0.0183033	0.032955	0.0857939	0.238127	0.117365	0.00362835	0.00887183
160	0.113834	0.0122886	0.0206534	0.017244	0.00924862	0.0716404	0.011751	0.00570249	0.0225311	0.0101338	0.0035036	0.012957	0.00650343	0.0150872	0.0270391	0.291267	0.334946	0.0084957	0.00134546	0.00382733
161	0.157826	0.00337778	0.0623388	0.0659061	0.0129733	0.128653	0.0259931	0.00481368	0.0909373	0.0212882	0.0103491	0.0712523	0.00612071	0.0537007	0.160895	0.0626469	0.026839	0.0159385	0.00331306	0.0148369
162	0.0236906	0.0126346	0.00673741	0.0138257	0.15336	0.0127305	0.115398	0.039066	0.0230206	0.041693	0.00917023	0.0129972	0.0116927	0.0185731	0.0325844	0.0111409	0.0201433	0.0316791	0.00850199	0.401361
163	0.182016	0.00814609	0.0309305	0.0248871	0.00633859	0.454072	0.0207889	0.00461554	0.0183255	0.0113049	0.00515248	0.0273977	0.00311989	0.0151972	0.0161243	0.123873	0.019658	0.0126376	0.00451786	0.0108969
164	0.0525498	0.00245717	0.00255481	0.00320339	0.00738169	0.00310478	0.00667489	0.110666	0.0683027	0.344448	0.0198171	0.00178809	0.00209033	0.0231732	0.0318126	0.00401283	0.0638534	0.243087	0.00544628	0.00357681
165	0.0706634	0.000886003	0.348206	0.275964	0.00299302	0.0271513	0.013778	0.00440161	0.0276699	0.0098263	0.00492699	0.0351786	0.00815971	0.0682769	0.0250828	0.0456743	0.0228127	0.00669029	0.000518466	0.00113949
166	0.0238506	0.00178168	0.00263531	0.00364309	0.0042506	0.00186627	0.00434582	0.16884	0.0582994	0.354062	0.0149004	0.00223334	0.00120439	0.0307863	0.045923	0.00424915	0.089837	0.174198	0.011961	0.00113185
167	0.0915719	0.00287609	0.0104676	0.0186371	0.00511085	0.0896366	0.0113611	0.00295891	0.203508	0.012771	0.0032198	0.0415361	0.00196349	0.0871808	0.35834	0.0314325	0.0168699	0.00664827	0.00143397	0.00247589
168	0.0305481	0.00170398	0.00451049	0.0144225	0.0844061	0.0311827	0.301385	0.0144211	0.00591355	0.0171089	0.0034701	0.0374831	0.0387345	0.0213156	0.00932475	0.00576378	0.0205493	0.00726127	0.0012646	0.349231
169	0.141485	0.00272423	0.0162718	0.0353668	0.00275677	0.0441712	0.0182205	0.000878376	0.214635	0.0185203	0.00348815	0.0492734	0.000587321	0.0895343	0.281729	0.050003	0.0237389	0.00577618	0.000231078	0.00060793
170	0.0706599	0.00145761	0.0238923	0.13419	0.0026202	0.00455753	0.00474728	0.00451248	0.00682593	0.092598	0.0545614	0.00409627	0.110693	0.0240109	0.00731517	0.0617152	0.363516	0.0244722	0.00127102	0.00228673
171	0.146638	0.000791525	0.159523	0.0630313	0.0332053	0.16981	0.033827	0.00235865	0.0282206	0.0184087	0.0150569	0.0548644	0.00113599	0.016276	0.065807	0.0933455	0.0250044	0.0386693	0.0043924	0.0296343
172	0.0705774	0.00210845	0.0862838	0.134269	0.0924509	0.0112572	0.00800316	0.0323955	0.0446011	0.0540111	0.0668081	0.0109801	0.0960076	0.0790753	0.0669784	0.0678356	0.0577863	0.0129541	0.00190592	0.00371073
173	0.0740179	0.00272103	0.00783709	0.0091429	0.262805	0.00587722	0.0956162	0.00824279	0.0133153	0.0656937	0.00541294	0.00611966	0.00432047	0.0125648	0.0146916	0.0134793	0.014485	0.0394355	0.256859	0.0873625
174	0.0865332	0.000530219	0.188212	0.167197	0.00609019	0.0184428	0.00901149	0.00484377	0.0380713	0.049628	0.0468224	0.00857167	0.102524	0.117846	0.0452332	0.0386186	0.0553825	0.0153589	0.000377201	0.000706078
175	0.0256253	0.00497012	0.000705074	0.0186566	0.00704726	0.000871513	0.00601511	0.211629	0.00171835	0.12041	0.00485093	0.00215898	0.0078565	0.000947111	0.00446318	0.0120951	0.0146255	0.535229	0.00399662	0.0161284
176	0.0281923	0.000563003	0.00675503	0.020375	0.00575939	0.00775952	0.00578657	0.00118898	0.442256	0.0192094	0.000834226	0.018898	0.000490329	0.0351569	0.368471	0.0159418	0.00325193	0.0180985	0.000318341	0.000694503
177	0.140318	0.0101878	0.00461885	0.00646855	0.0182492	0.0241481	0.0217098	0.00542411	0.0126088	0.00573344	0.00264162	0.0184916	0.00269777	0.0205423	0.0162257	0.239165	0.432714	0.0137921	0.00158029	0.00268332
178	0.015787	0.00201897	0.0905735	0.0336809	0.00411466	0.0429542	0.237628	0.00554573	0.194223	0.0124128	0.00498057	0.0899175	0.0392113	0.00968644	0.145464	0.0447789	0.0131437	0.00908053	0.00131596	0.00348185
179	0.188547	0.000469982	0.0677175	0.276735	0.00161242	0.0385319	0.0220159	0.00349906	0.0769355	0.0114868	0.00582493	0.0178208	0.00430988	0.104087	0.112734	0.0185606	0.0290386	0.014126	0.000316911	0.00563111
180	0.0207834	0.00242106	0.00379212	0.00864136	0.0301679	0.00315132	0.00353725	0.085396	0.00530419	0.60349	0.147081	0.00186183	0.00240225	0.00883287	0.00533066	0.00585709	0.00649111	0.0526585	0.000692975	0.00210758
181	0.179711	0.00344357	0.0299501	0.023473	0.00440277	0.497674	0.0251991	0.00301885	0.00880038	0.00612036	0.00354356	0.062035	0.0013832	0.00433899	0.00894073	0.0966922	0.0078232	0.0198952	0.00389395	0.00966101
182	0.0861735	0.000408917	0.125398	0.175319	0.000452627	0.0430437	0.0142268	0.00442847	0.148268	0.001538	0.000743007	0.0951367	0.00115892	0.0902625	0.0384573	0.117847	0.0495987	0.00692038	0.000199119	0.000419125
183	0.00829525	0.00179755	0.000821306	0.00529703	0.0385911	0.0014187	0.00315858	0.0908513	0.00185692	0.705407	0.095559	0.000958656	0.000333395	0.0056951	0.00207591	0.00137113	0.00104749	0.0344014	0.000153514	0.000909744
184	0.077287	0.00933943	0.030349	0.0368491	0.0604745	0.0305997	0.0379305	0.0322049	0.0533926	0.0674489	0.0219541	0.0228725	0.0202487	0.0363687	0.0480724	0.0523471	0.135238	0.0453569	0.154773	0.0268929
185	0.0130366	0.00366226	0.00416318	0.00638491	0.00695206	0.00325058	0.005266	0.453848	0.00928597	0.0740249	0.0177002	0.00463945	0.00576914	0.00779682	0.0073427	0.0131317	0.115232	0.244879	0.00119134	0.00244313
186	0.0663207	0.00441114	0.0292869	0.0488068	0.0110676	0.0278025	0.0293959	0.0108961	0.198396	0.0387248	0.00853838	0.0255941	0.0148827	0.0619963	0.309848	0.0425902	0.0333334	0.0244127	0.00310524	0.0105909
187	0.0282925	0.0015741	0.00267358	0.00977652	0.0235565	0.00344348	0.00312877	0.0807546	0.00615028	0.525598	0.209127	0.00160121	0.00334139	0.00865323	0.00538573	0.00659366	0.00663444	0.0719135	0.000544218	0.00125716
188	0.0530516	0.00877624	0.0213073	0.0368223	0.0193289	0.0135003	0.126615	0.0513951	0.0290281	0.188901	0.169973	0.0165347	0.00914318	0.0916441	0.0334684	0.0302296	0.028499	0.0510056	0.00424447	0.016532
189	0.0217617	0.010884	0.0054715	0.0115923	0.15951	0.0111568	0.109627	0.0457523	0.0197043	0.0436924	0.00866769	0.00854431	0.0108017	0.0145682	0.0287563	0.0122482	0.0194389	0.0486749	0.00605557	0.403092
190	0.0999978	0.00264544	0.00467244	0.0115175	0.0160497	0.019133	0.00273902	0.124532	0.00935624	0.231987	0.12107	0.00356193	0.0126907	0.00824234	0.00494275	0.0150508	0.0264832	0.262494	0.000841129	0.021994
191	0.0257765	0.00561754	0.004056	0.0119866	0.1135	0.0211513	0.25157	0.0254394	0.00844585	0.0238122	0.00507485	0.0228949	0.0296441	0.0148084	0.0127434	0.00577717	0.0176487	0.0156859	0.00124995	0.383118
