233	20
1	0.0290566	0.00876542	0.00681382	0.00747017	0.275338	0.0243579	0.0111048	0.0418786	0.013002	0.244712	0.0271946	0.0110445	0.0442294	0.0228312	0.0104441	0.0868876	0.0697904	0.0137456	0.00203492	0.049298
2	0.0478846	0.008383	0.113448	0.0984525	0.0143847	0.0683596	0.0484543	0.00485183	0.115013	0.0298317	0.00794607	0.109429	0.0064584	0.0796438	0.0757397	0.0821257	0.0501286	0.0185726	0.000382161	0.0205106
3	0.00997041	0.935649	0.000464497	0.00190056	0.00206159	0.000639669	0.000672133	0.00640548	0.000846066	0.00799495	0.0034204	0.00212903	0.00193087	0.00218826	0.000748255	0.00568323	0.00393822	0.00534102	0.00153122	0.00648509
4	0.0535419	0.0112403	0.0320332	0.04743	0.0815369	0.0251383	0.19601	0.0108085	0.0683581	0.0311033	0.00660948	0.066657	0.00575653	0.0492971	0.0403232	0.110483	0.0574453	0.0144247	0.0185383	0.0732652
5	0.0236826	0.00563795	0.0265122	0.059882	0.0418413	0.0312008	0.30282	0.00550996	0.0525207	0.0145235	0.00420905	0.109197	0.00483142	0.0477691	0.029887	0.117141	0.0351151	0.00737727	0.0075099	0.0728318
6	0.00997041	0.935649	0.000464497	0.00190056	0.00206159	0.000639669	0.000672133	0.00640548	0.000846066	0.00799495	0.0034204	0.00212903	0.00193087	0.00218826	0.000748255	0.00568323	0.00393822	0.00534102	0.00153122	0.00648509
7	0.0386147	0.00850295	0.0739474	0.0742024	0.0156465	0.0586032	0.0449577	0.00655439	0.154127	0.0384334	0.0122415	0.113243	0.00536558	0.0806338	0.0936328	0.0877764	0.056166	0.01974	0.000429198	0.0171822
8	0.0737957	0.00220005	0.120843	0.480128	0.00249215	0.0331632	0.00401577	0.00261586	0.0408775	0.0297671	0.0217843	0.0166863	0.00248949	0.078732	0.0254721	0.0193104	0.00582651	0.0368089	0.000516133	0.00247581
9	0.0721668	0.0102171	0.0268443	0.00449535	0.00367192	0.0140977	0.0126714	0.00290829	0.0296099	0.0466328	0.00279029	0.141026	0.0881369	0.00458006	0.0120981	0.45506	0.0567326	0.0127574	0.000562406	0.00294104
10	0.0181564	0.00678289	0.0053308	0.0141141	0.0841594	0.00882329	0.0345467	0.144361	0.0150279	0.260877	0.127572	0.0087793	0.0142223	0.0201885	0.0142833	0.0177977	0.025643	0.137487	0.00832334	0.0335237
11	0.0142485	0.0572943	0.0177766	0.0110148	0.0886058	0.0213401	0.0744388	0.0842094	0.0464061	0.0490106	0.0244882	0.0522581	0.00689746	0.0801966	0.0291321	0.0988844	0.0808619	0.0783827	0.00182925	0.0827242
12	0.128684	0.0192187	0.0403551	0.0616882	0.00813284	0.212575	0.0358416	0.011435	0.0461135	0.014365	0.0104712	0.0694285	0.0293255	0.0258571	0.033418	0.153883	0.0557424	0.0312321	0.000974231	0.0112585
13	0.00878148	0.0241984	0.00406336	0.0252344	0.0144489	0.00524658	0.0941799	0.0121983	0.200508	0.00622291	0.0216369	0.027651	0.00340805	0.186718	0.306452	0.0118554	0.00939054	0.0143284	0.00156648	0.0219111
14	0.0160141	0.0139306	0.00553657	0.0414242	0.0102553	0.0116183	0.063936	0.0113496	0.283147	0.0100015	0.0204104	0.0279642	0.00406494	0.15306	0.259381	0.0262859	0.0160742	0.0114022	0.00160355	0.01254
15	0.00458668	0.00914093	0.000981706	0.00225189	0.430027	0.00133929	0.0458212	0.022353	0.00192947	0.0533003	0.02212	0.00449777	0.00711372	0.00171629	0.0145301	0.0184964	0.0133503	0.0240461	0.0157816	0.306616
16	0.0100127	0.00145569	0.00583462	0.00327798	0.00755625	0.00291635	0.00300282	0.375052	0.0125277	0.0848372	0.00835574	0.00258761	0.00638766	0.00559651	0.00443814	0.00353088	0.0272961	0.428659	0.000531371	0.00614378
17	0.0442898	0.0165325	0.0289786	0.0649981	0.0113514	0.00841003	0.0259634	0.0258965	0.12937	0.137646	0.0734374	0.0570432	0.0230442	0.122764	0.110342	0.0126441	0.0300285	0.0667354	0.000961853	0.00956213
18	0.00915615	0.0306548	0.00366641	0.0120424	0.246797	0.00542834	0.192721	0.0141524	0.00742643	0.0382056	0.0235466	0.00828633	0.00621944	0.00744417	0.022309	0.0248655	0.0235004	0.0319876	0.0073334	0.284257
19	0.0124727	0.913619	0.000646399	0.00232805	0.00265825	0.00153073	0.00140262	0.00704334	0.00187216	0.00852897	0.0036036	0.00289371	0.00578069	0.0034902	0.00177039	0.00972116	0.00617324	0.00618537	0.00158544	0.00669411
20	0.0100127	0.00145569	0.00583462	0.00327798	0.00755625	0.00291635	0.00300282	0.375052	0.0125277	0.0848372	0.00835574	0.00258761	0.00638766	0.00559651	0.00443814	0.00353088	0.0272961	0.428659	0.000531371	0.00614378
21	0.106199	0.0265786	0.012934	0.0129158	0.00363895	0.0183602	0.0111512	0.0039586	0.0752871	0.00594127	0.00312555	0.0223135	0.266888	0.0443679	0.0744909	0.187634	0.104574	0.0154145	0.00102247	0.00320512
22	0.00997041	0.935649	0.000464497	0.00190056	0.00206159	0.000639669	0.000672133	0.00640548	0.000846066	0.00799495	0.0034204	0.00212903	0.00193087	0.00218826	0.000748255	0.00568323	0.00393822	0.00534102	0.00153122	0.00648509
23	0.00468282	0.00986395	0.00103649	0.00234683	0.429576	0.00123818	0.0479925	0.0224171	0.00199129	0.0530833	0.0221216	0.00456073	0.0072417	0.00180396	0.01464	0.0182748	0.0134362	0.0242797	0.0157815	0.303632
24	0.0316249	0.00655719	0.351235	0.305174	0.0020726	0.0483054	0.011758	0.00110523	0.0308425	0.00745539	0.00338396	0.0764035	0.0113913	0.0282649	0.015271	0.0351393	0.0222658	0.00514337	0.000285852	0.00632078
25	0.0501055	0.00824517	0.0963559	0.100628	0.00657308	0.0507056	0.0434719	0.00320353	0.0927538	0.011818	0.0102795	0.125358	0.00524957	0.0745162	0.0672836	0.166471	0.0694944	0.00876348	0.000361537	0.00836274
26	0.0135055	0.00539552	0.00410481	0.0267754	0.0639961	0.00685392	0.0569015	0.200168	0.0231504	0.236042	0.0797052	0.00960029	0.00936388	0.0164909	0.0209222	0.012735	0.0391391	0.150271	0.00603598	0.0188432
27	0.00460462	0.0102688	0.00103721	0.00217172	0.431502	0.00124928	0.0470792	0.022491	0.00195059	0.0535376	0.0222425	0.0044198	0.00701403	0.00173392	0.0145472	0.0180263	0.0135181	0.0246851	0.0157532	0.302168
28	0.216306	0.04654	0.0170575	0.0120887	0.0213767	0.0372086	0.0115922	0.00864663	0.0191902	0.00933857	0.00571207	0.0399534	0.0162578	0.0324931	0.0092614	0.385442	0.0663036	0.023871	0.00113388	0.0202269
29	0.0373601	0.0120524	0.0290848	0.0521257	0.0294268	0.0349532	0.224446	0.0109143	0.0510932	0.0174805	0.00808162	0.123031	0.0111659	0.0448895	0.0302635	0.164221	0.0516545	0.0183375	0.00445291	0.0449642
30	0.107676	0.0260007	0.010585	0.0232692	0.0173368	0.0218173	0.0162487	0.0483445	0.0337167	0.0161703	0.00712911	0.0650892	0.0128129	0.0280871	0.0241309	0.211851	0.266571	0.0504576	0.000613422	0.0120918
31	0.00997041	0.935649	0.000464497	0.00190056	0.00206159	0.000639669	0.000672133	0.00640548	0.000846066	0.00799495	0.0034204	0.00212903	0.00193087	0.00218826	0.000748255	0.00568323	0.00393822	0.00534102	0.00153122	0.00648509
32	0.143685	0.00840898	0.066491	0.125222	0.0364419	0.0104841	0.0464195	0.03488	0.0191615	0.014366	0.00973731	0.0150914	0.00892059	0.19935	0.0417511	0.04594	0.0424234	0.0921288	0.00240197	0.0366952
33	0.0737957	0.00220005	0.120843	0.480128	0.00249215	0.0331632	0.00401577	0.00261586	0.0408775	0.0297671	0.0217843	0.0166863	0.00248949	0.078732	0.0254721	0.0193104	0.00582651	0.0368089	0.000516133	0.00247581
34	0.00997041	0.935649	0.000464497	0.00190056	0.00206159	0.000639669	0.000672133	0.00640548	0.000846066	0.00799495	0.0034204	0.00212903	0.00193087	0.00218826	0.000748255	0.00568323	0.00393822	0.00534102	0.00153122	0.00648509
35	0.0337022	0.00315613	0.0175992	0.0701468	0.00855191	0.0321327	0.0336436	0.00823285	0.35057	0.0194941	0.0188973	0.0479286	0.00488545	0.0896458	0.138446	0.0733941	0.0366811	0.0080103	0.0017305	0.00315148
36	0.0332997	0.00179792	0.0222009	0.0793045	0.00717382	0.0311551	0.0268602	0.00886231	0.372458	0.0219157	0.0188345	0.045398	0.00578748	0.0927166	0.131735	0.0532994	0.0353661	0.00729989	0.00153568	0.00299969
37	0.141839	0.00406865	0.00577365	0.00785794	0.0109812	0.0152504	0.0097087	0.0869365	0.0367893	0.112118	0.00692346	0.0105012	0.2988	0.0204652	0.0378265	0.0236481	0.112077	0.0470652	0.00109735	0.0102735
38	0.0235251	0.0259077	0.00713917	0.00762269	0.0327473	0.00712274	0.0159779	0.300509	0.0173933	0.0997989	0.0268766	0.0114951	0.0149674	0.0153373	0.0115524	0.0178138	0.0369297	0.304076	0.00235534	0.0208529
39	0.14858	0.0238393	0.00929916	0.055033	0.00624669	0.22218	0.0317829	0.0105624	0.032417	0.00934303	0.00962879	0.048861	0.0379732	0.0180606	0.0347403	0.19589	0.0634369	0.0313688	0.00105185	0.00970527
40	0.217241	0.0464245	0.0124294	0.0181752	0.0182123	0.0493204	0.0280569	0.0598378	0.0227701	0.0205297	0.0205045	0.0307786	0.0522706	0.0100647	0.012444	0.131561	0.117418	0.113006	0.00152644	0.0174283
41	0.028925	0.00364326	0.381031	0.254109	0.00137477	0.0620249	0.0130472	0.000785296	0.0340018	0.00715989	0.00352863	0.0885203	0.00996629	0.032519	0.0178671	0.031928	0.0199602	0.00499825	0.000146853	0.00446341
42	0.140199	0.0485408	0.0198381	0.00867664	0.0287923	0.0355521	0.00920326	0.00420019	0.0160181	0.00465922	0.0035676	0.0397404	0.00586994	0.0490057	0.00739242	0.465824	0.0719914	0.0127838	0.000795933	0.0273488
43	0.0285331	0.0022487	0.010299	0.0731665	0.00616396	0.0235113	0.0274077	0.0096848	0.39939	0.0194402	0.0203645	0.0363954	0.00593542	0.0979765	0.150619	0.0491266	0.0293762	0.00667777	0.00181587	0.00186761
44	0.0314205	0.0033091	0.0339668	0.0772115	0.00771367	0.033737	0.0284461	0.0100402	0.34544	0.0245047	0.0171358	0.0588055	0.00650952	0.0925239	0.118601	0.0549794	0.0388151	0.0101752	0.00130785	0.00535711
45	0.028798	0.00357739	0.384576	0.255487	0.00123897	0.0622129	0.0126518	0.00075683	0.0335451	0.00708034	0.00347004	0.0877876	0.00999405	0.0319466	0.0174101	0.0306385	0.0192481	0.00500334	0.00014609	0.00443133
46	0.0304316	0.00699919	0.0278255	0.0641187	0.0271417	0.0425231	0.0390614	0.00834283	0.276973	0.0472305	0.01726	0.0615365	0.0126839	0.0856939	0.132592	0.0595337	0.0339653	0.0126158	0.00158287	0.0118881
47	0.014034	0.0199875	0.00835645	0.0262343	0.183544	0.0118754	0.236545	0.0110605	0.0164536	0.0280008	0.0163787	0.0264407	0.00548313	0.0147824	0.0217222	0.0478969	0.0228794	0.021992	0.0077789	0.258554
48	0.00467637	0.00905732	0.0011204	0.00218256	0.425878	0.00128774	0.0444373	0.023492	0.00196589	0.0571973	0.0234184	0.00458479	0.00711444	0.00181117	0.0145925	0.018303	0.0136015	0.0248819	0.0234551	0.296943
49	0.0342492	0.0130149	0.0303745	0.0526616	0.0321961	0.0346012	0.255802	0.0139124	0.0788896	0.025046	0.013701	0.0700448	0.00987496	0.0798936	0.064481	0.0779535	0.0379582	0.0205221	0.00542329	0.0494001
50	0.0330238	0.00708668	0.348977	0.30832	0.00210746	0.0468113	0.0122083	0.00120736	0.0301975	0.00752026	0.00336421	0.0745453	0.0110295	0.0270094	0.0151949	0.0368507	0.0226993	0.00503643	0.000261557	0.00654906
51	0.0521836	0.0057714	0.117576	0.107073	0.0119083	0.0697704	0.050364	0.00378911	0.10216	0.0229809	0.00740111	0.109768	0.00701038	0.0805356	0.0705284	0.0949509	0.0570376	0.0135727	0.000251333	0.0153661
52	0.0147515	0.909536	0.00090248	0.00236491	0.0027956	0.00269026	0.00116428	0.00678902	0.00170485	0.00792178	0.00371913	0.0038685	0.00239766	0.00264843	0.00105627	0.0142329	0.00648608	0.00666462	0.00152284	0.00678332
53	0.0091478	0.00909696	0.00259876	0.00409023	0.420736	0.00539104	0.0381647	0.0277325	0.00493564	0.0880889	0.0235201	0.00647946	0.0118478	0.00537215	0.0139768	0.0286656	0.0231714	0.0246211	0.0129612	0.239401
54	0.0345433	0.00951555	0.021232	0.0392608	0.0257437	0.0243658	0.0485569	0.00978623	0.214746	0.0627557	0.0276888	0.104789	0.0105613	0.0623452	0.158374	0.053693	0.0592177	0.0192953	0.00137022	0.0121591
55	0.00997041	0.935649	0.000464497	0.00190056	0.00206159	0.000639669	0.000672133	0.00640548	0.000846066	0.00799495	0.0034204	0.00212903	0.00193087	0.00218826	0.000748255	0.00568323	0.00393822	0.00534102	0.00153122	0.00648509
56	0.117372	0.0502877	0.0210342	0.0136159	0.047597	0.0499386	0.0159804	0.0104412	0.0259161	0.00726707	0.00392908	0.0781355	0.00970615	0.0282282	0.00877596	0.352477	0.106842	0.0333409	0.000868215	0.0182462
57	0.0377283	0.00547586	0.0569924	0.0762666	0.0164196	0.0556192	0.0395803	0.00698998	0.233095	0.0367345	0.0146347	0.0801702	0.0059595	0.0855322	0.10972	0.0660252	0.0429083	0.0156306	0.000846241	0.0136714
58	0.00997041	0.935649	0.000464497	0.00190056	0.00206159	0.000639669	0.000672133	0.00640548	0.000846066	0.00799495	0.0034204	0.00212903	0.00193087	0.00218826	0.000748255	0.00568323	0.00393822	0.00534102	0.00153122	0.00648509
59	0.0479586	0.0070927	0.090398	0.0842279	0.0206362	0.0735948	0.0542648	0.00564698	0.119307	0.0365401	0.00739267	0.102025	0.0052874	0.0858378	0.0812784	0.0870562	0.0512957	0.0157621	0.000777188	0.0236206
60	0.0738239	0.00968332	0.0269781	0.00435753	0.00331056	0.0133119	0.0125034	0.0029657	0.0292408	0.0482721	0.00284624	0.141532	0.0921816	0.0043312	0.0123571	0.451176	0.05476	0.0127132	0.000568981	0.00308609
61	0.0791674	0.0156143	0.00915818	0.0142404	0.0579306	0.0198274	0.0218658	0.129	0.0254078	0.183626	0.046895	0.0184463	0.0536735	0.0220654	0.0210469	0.0451413	0.0743709	0.137737	0.00370177	0.0210839
62	0.254993	0.0311784	0.0136514	0.021533	0.0142264	0.0748018	0.0226276	0.0388929	0.0214824	0.0154328	0.0216533	0.0335996	0.0546409	0.00992595	0.0114602	0.139204	0.0966255	0.106883	0.00179005	0.0153981
63	0.0337696	0.00407083	0.325425	0.229846	0.00273756	0.0574469	0.0200529	0.00100931	0.0446051	0.00853732	0.00441294	0.09995	0.0105333	0.0402684	0.0248219	0.0503427	0.0301346	0.00586071	0.000173019	0.00600132
64	0.0351096	0.00253814	0.0160263	0.081057	0.00665762	0.0264225	0.029628	0.00947095	0.359397	0.0216909	0.0218132	0.0416398	0.00606174	0.0976108	0.144032	0.0531858	0.0343424	0.00844626	0.00204334	0.00282629
65	0.105272	0.0257449	0.00898664	0.0138046	0.00308546	0.0199804	0.0114458	0.00327841	0.0546564	0.00469187	0.00222897	0.0186702	0.291251	0.0507489	0.0682535	0.196776	0.105568	0.0120386	0.000872122	0.00264643
66	0.0046168	0.00928551	0.00110432	0.00221345	0.4282	0.00152659	0.0449296	0.0228462	0.0020101	0.0540214	0.0224618	0.00445271	0.0072073	0.00177028	0.0148736	0.0184824	0.0134536	0.0242383	0.0230804	0.299226
67	0.228092	0.0341375	0.0150935	0.0208271	0.0158141	0.0760305	0.0222137	0.0438258	0.0239968	0.0162417	0.0233955	0.0413436	0.0373531	0.0119209	0.00961381	0.157646	0.112057	0.0934153	0.0012507	0.0157315
68	0.194905	0.0690841	0.0114809	0.0162616	0.0294958	0.0419115	0.0308269	0.034476	0.0253781	0.031583	0.0167835	0.0331861	0.0313577	0.0123898	0.0131607	0.172527	0.128249	0.073802	0.00197456	0.0311662
69	0.0284859	0.00565065	0.0106125	0.0628892	0.00699023	0.0234362	0.0366301	0.00905887	0.340295	0.0159766	0.019011	0.0475262	0.00456363	0.0936106	0.16772	0.0761083	0.0347588	0.00885715	0.00394367	0.00387533
70	0.028495	0.00358347	0.386695	0.256835	0.00121272	0.0625959	0.0122907	0.000754731	0.033104	0.00703354	0.00341053	0.0869735	0.00995317	0.0317657	0.0171208	0.0299746	0.0187301	0.00496173	0.000147035	0.00436335
71	0.0453553	0.0167076	0.0288995	0.0659512	0.011357	0.00842925	0.0262528	0.0255263	0.127838	0.137296	0.0723472	0.0570163	0.0233888	0.122967	0.111059	0.0123699	0.0297123	0.0670542	0.00102039	0.00945176
72	0.00802762	0.00293124	0.00266383	0.0123482	0.0611932	0.00336761	0.0382316	0.201344	0.00874469	0.243235	0.134483	0.00395809	0.0108186	0.0142123	0.00849267	0.00645329	0.0155918	0.193709	0.00808253	0.0221124
73	0.00771835	0.0033003	0.00261446	0.0127787	0.0678825	0.00353419	0.0405277	0.176408	0.0085981	0.267792	0.147235	0.004239	0.01048	0.0144252	0.0089012	0.00718164	0.0142843	0.162635	0.0100503	0.0294154
74	0.00997041	0.935649	0.000464497	0.00190056	0.00206159	0.000639669	0.000672133	0.00640548	0.000846066	0.00799495	0.0034204	0.00212903	0.00193087	0.00218826	0.000748255	0.00568323	0.00393822	0.00534102	0.00153122	0.00648509
75	0.223514	0.0341182	0.0148085	0.0211037	0.0161451	0.0781449	0.0223807	0.0438603	0.0249604	0.0165604	0.0237031	0.0439875	0.0387305	0.0113846	0.00964385	0.157469	0.109142	0.092208	0.00139223	0.0167428
76	0.0319162	0.00412157	0.358617	0.242881	0.00209341	0.0575397	0.0167164	0.000827654	0.0380684	0.00725991	0.0037154	0.0934167	0.0111083	0.0335462	0.0206754	0.0404543	0.0259594	0.00538084	0.000194265	0.00550849
77	0.00997041	0.935649	0.000464497	0.00190056	0.00206159	0.000639669	0.000672133	0.00640548	0.000846066	0.00799495	0.0034204	0.00212903	0.00193087	0.00218826	0.000748255	0.00568323	0.00393822	0.00534102	0.00153122	0.00648509
78	0.153245	0.0791551	0.00967173	0.0189422	0.0146111	0.115028	0.0853445	0.018464	0.0247988	0.0148207	0.0146295	0.0432117	0.017834	0.0131338	0.0160737	0.104981	0.0752826	0.0613302	0.00365196	0.115791
79	0.0563503	0.0053134	0.112292	0.1704	0.0110291	0.0589567	0.0416349	0.00457286	0.102317	0.0300571	0.0107505	0.0881443	0.00590406	0.0825713	0.0689628	0.0704423	0.0447683	0.0213407	0.000353103	0.0138392
80	0.146706	0.0519957	0.042068	0.0360328	0.0921963	0.0855784	0.0207656	0.0275725	0.0271111	0.0244496	0.0594369	0.0252858	0.0437969	0.0147074	0.0157546	0.106409	0.084086	0.04793	0.00259424	0.0455224
81	0.143532	0.0425941	0.0188918	0.017934	0.0284932	0.0660075	0.0136176	0.0104162	0.0316135	0.00750191	0.00548889	0.0734592	0.0170735	0.0234334	0.0106676	0.344337	0.0965013	0.0337838	0.000751653	0.0139025
82	0.07603	0.00993809	0.0274543	0.00442399	0.00338683	0.0131101	0.0122118	0.00306902	0.0306963	0.0495344	0.00293329	0.139058	0.0954077	0.00489015	0.0137661	0.442111	0.0554766	0.0127792	0.000581772	0.00314127
83	0.0296349	0.00238753	0.0102005	0.0734737	0.00633291	0.0239522	0.0258574	0.0105191	0.396414	0.0192946	0.0194872	0.0372694	0.00700314	0.0955051	0.150367	0.0522704	0.0298345	0.00677932	0.00189669	0.00152054
84	0.00997041	0.935649	0.000464497	0.00190056	0.00206159	0.000639669	0.000672133	0.00640548	0.000846066	0.00799495	0.0034204	0.00212903	0.00193087	0.00218826	0.000748255	0.00568323	0.00393822	0.00534102	0.00153122	0.00648509
85	0.0238108	0.05637	0.0207459	0.0140234	0.0882181	0.0155178	0.0712724	0.0708616	0.0408326	0.0448158	0.016725	0.0618969	0.00593941	0.0663255	0.0188006	0.131652	0.0965461	0.0989464	0.00150055	0.0551994
86	0.183053	0.0269908	0.0144541	0.0369222	0.0104568	0.168246	0.0292803	0.02834	0.0255898	0.0115315	0.0188203	0.043608	0.0344495	0.0152215	0.0228311	0.163231	0.0950122	0.0585584	0.00123803	0.0121655
87	0.00997041	0.935649	0.000464497	0.00190056	0.00206159	0.000639669	0.000672133	0.00640548	0.000846066	0.00799495	0.0034204	0.00212903	0.00193087	0.00218826	0.000748255	0.00568323	0.00393822	0.00534102	0.00153122	0.00648509
88	0.0368208	0.0106419	0.0748444	0.0682476	0.0271412	0.0703824	0.0519855	0.00624617	0.135179	0.053898	0.00905484	0.108675	0.00635381	0.0908494	0.0889669	0.072417	0.0420327	0.0172759	0.00089549	0.0280926
89	0.114741	0.0251439	0.0253034	0.0444595	0.0311696	0.188372	0.028764	0.0280658	0.0397235	0.0319454	0.0472194	0.0400803	0.0679728	0.0257413	0.030094	0.101336	0.0608594	0.0444059	0.00286994	0.0217333
90	0.0860637	0.038084	0.033832	0.0185891	0.0117454	0.0286495	0.0136259	0.0502974	0.0256015	0.0123052	0.0252185	0.0393391	0.01036	0.0358819	0.0177083	0.22219	0.272249	0.0473113	0.00106257	0.00988562
91	0.0301609	0.00343086	0.00952949	0.0684391	0.00661505	0.0234939	0.031203	0.0105264	0.373947	0.0173777	0.0198674	0.0364326	0.0053222	0.0987205	0.164228	0.0576698	0.0304319	0.00820573	0.00202919	0.00236932
92	0.0276047	0.0212237	0.0146148	0.0269041	0.00794918	0.0160733	0.0333085	0.0166857	0.203993	0.0166629	0.0196509	0.1255	0.00342243	0.0569697	0.105508	0.16649	0.101423	0.0275872	0.00113465	0.00729406
93	0.00791802	0.00424235	0.00253755	0.0114375	0.113727	0.00362755	0.03876	0.159853	0.00790549	0.228094	0.133366	0.00497524	0.0102279	0.0133484	0.00932781	0.0087775	0.013799	0.158518	0.00941932	0.0601383
94	0.0721185	0.00962189	0.0716646	0.181685	0.0097476	0.0475863	0.034713	0.00682562	0.122098	0.0193856	0.0129274	0.0602977	0.00895184	0.0749251	0.07158	0.118099	0.0470906	0.0193912	0.000936078	0.010355
95	0.00464831	0.0101202	0.00102822	0.00222911	0.429124	0.00128986	0.0481135	0.0225004	0.00190959	0.0537766	0.0224547	0.00444901	0.00688493	0.00174036	0.0144725	0.0180259	0.0135981	0.0249299	0.0155585	0.303147
96	0.0478685	0.00615273	0.100114	0.0943961	0.0143272	0.0749896	0.0472014	0.00486931	0.136557	0.0294645	0.0081455	0.10177	0.0058433	0.0830881	0.0824098	0.0792172	0.0494991	0.0165965	0.000434161	0.0170562
97	0.0410311	0.00665367	0.0754657	0.0810585	0.0132444	0.122052	0.0457533	0.00629744	0.184025	0.025416	0.010152	0.0835542	0.00885523	0.0724781	0.0797533	0.067617	0.047537	0.0145257	0.000909981	0.0136208
98	0.0262378	0.0173074	0.028304	0.0399118	0.00392218	0.0195696	0.0362742	0.00734496	0.183408	0.00989944	0.0178294	0.138035	0.00210144	0.0606193	0.101031	0.204544	0.0819527	0.016077	0.00108417	0.00454754
99	0.0796215	0.0394302	0.0121038	0.03512	0.0341002	0.0198438	0.0632234	0.0557751	0.0285224	0.036126	0.00960938	0.0604417	0.0103955	0.0441487	0.0159532	0.178016	0.153493	0.0923641	0.00150898	0.0302036
100	0.00642197	0.00904193	0.00157486	0.00288124	0.412983	0.00238307	0.0446117	0.0294229	0.00328144	0.0551241	0.0223997	0.00602473	0.0116191	0.00342939	0.0170981	0.0192852	0.0143424	0.0253179	0.0251154	0.287642
101	0.0367626	0.0149548	0.0307805	0.0488846	0.0349352	0.0579137	0.260866	0.0122848	0.051895	0.0192919	0.00828898	0.0984421	0.0078875	0.0455406	0.0347206	0.0921514	0.0374095	0.0173694	0.00472601	0.0848945
102	0.067184	0.00372393	0.144347	0.483684	0.00227937	0.0289015	0.00538627	0.00236565	0.0380349	0.0278134	0.0173122	0.0222884	0.00337518	0.0662513	0.0211648	0.0233525	0.00857793	0.0299286	0.000525381	0.00350376
103	0.0435989	0.00473103	0.193336	0.159597	0.00636863	0.0609135	0.0379789	0.00226575	0.0732084	0.0124344	0.00664843	0.113603	0.0083539	0.0635952	0.0488914	0.095281	0.0510211	0.00868127	0.000234135	0.00925786
104	0.00997041	0.935649	0.000464497	0.00190056	0.00206159	0.000639669	0.000672133	0.00640548	0.000846066	0.00799495	0.0034204	0.00212903	0.00193087	0.00218826	0.000748255	0.00568323	0.00393822	0.00534102	0.00153122	0.00648509
105	0.0198403	0.00847567	0.0042235	0.00581985	0.334534	0.0151748	0.0227488	0.0452175	0.0113574	0.182196	0.0304144	0.00913178	0.0276548	0.0153626	0.012632	0.0488284	0.0528281	0.027142	0.00691178	0.119506
106	0.0865471	0.0404378	0.0116095	0.00525133	0.0128696	0.0230038	0.0078536	0.0919056	0.0384666	0.115894	0.0297725	0.0135146	0.00367724	0.0186018	0.0212051	0.0442343	0.180098	0.242264	0.005539	0.00725416
107	0.0102632	0.93039	0.000551044	0.00195252	0.00225164	0.000770864	0.000883855	0.00669176	0.00106404	0.00907918	0.0035258	0.00218956	0.00207728	0.00237067	0.00110653	0.00580372	0.00476368	0.0061184	0.00154645	0.00660024
108	0.18442	0.00506813	0.00522055	0.00970834	0.00928501	0.0124782	0.011879	0.072991	0.0259839	0.0920038	0.00846526	0.0092975	0.292465	0.0152954	0.0356066	0.0310142	0.10275	0.0665837	0.000955208	0.00852923
109	0.00793396	0.00303396	0.00273154	0.012662	0.0630043	0.0035156	0.0389546	0.19408	0.00875924	0.253267	0.138888	0.00400012	0.0104351	0.014378	0.00870413	0.00679293	0.0153557	0.181144	0.00854198	0.0238184
110	0.0903886	0.0151763	0.0169527	0.0467749	0.00929272	0.13609	0.0413795	0.00691503	0.0942549	0.00981419	0.00882147	0.0424594	0.0209972	0.0546866	0.116618	0.215951	0.0431955	0.0134197	0.0017135	0.0150987
111	0.101738	0.0172328	0.00962926	0.0252962	0.00790378	0.0167099	0.0125215	0.0421902	0.037931	0.0120522	0.00515896	0.0663523	0.00863943	0.0263283	0.0241856	0.205524	0.328768	0.0438155	0.000509348	0.00751318
112	0.0313871	0.00145797	0.0104328	0.0751783	0.00619663	0.0254768	0.0256254	0.00962561	0.396578	0.0198383	0.0200374	0.0366952	0.00569936	0.094673	0.146295	0.0544794	0.0308093	0.00635216	0.00188094	0.0012812
113	0.0746505	0.00996344	0.0269652	0.00434138	0.00332417	0.0137223	0.0125418	0.00322013	0.0289707	0.0471761	0.00305915	0.140403	0.090679	0.00436808	0.0119864	0.451919	0.0555427	0.0134506	0.000594732	0.00312165
114	0.00720515	0.00870039	0.00166206	0.00367556	0.376839	0.00290394	0.0411149	0.0492122	0.00413216	0.0865363	0.0397462	0.00604488	0.0108529	0.00469412	0.0135349	0.0190627	0.0159242	0.0499027	0.0132847	0.244971
115	0.0100993	0.00146847	0.00581535	0.00350204	0.00801379	0.00305671	0.00320613	0.373718	0.0125976	0.0849902	0.0084738	0.00264066	0.00637572	0.00572013	0.00461897	0.00356781	0.0272914	0.427876	0.000532656	0.00643541
116	0.0362316	0.0104743	0.00692133	0.0100785	0.116887	0.0108702	0.0658157	0.237722	0.0353976	0.022581	0.0306157	0.0731691	0.0352941	0.0365896	0.0344329	0.0228927	0.0186075	0.0881856	0.0023359	0.104898
117	0.00478557	0.00935767	0.000964054	0.00214583	0.429545	0.00128215	0.0444403	0.0236006	0.00196432	0.0545293	0.0232088	0.0043731	0.00683198	0.00169736	0.0142898	0.0182355	0.0137042	0.0287746	0.0153933	0.300877
118	0.00997041	0.935649	0.000464497	0.00190056	0.00206159	0.000639669	0.000672133	0.00640548	0.000846066	0.00799495	0.0034204	0.00212903	0.00193087	0.00218826	0.000748255	0.00568323	0.00393822	0.00534102	0.00153122	0.00648509
119	0.0859453	0.0315825	0.0130956	0.0052376	0.00881023	0.0266548	0.00654491	0.0918522	0.0308136	0.126743	0.0347625	0.0138131	0.00288191	0.0172335	0.020088	0.0440598	0.158754	0.267994	0.00695457	0.00617957
120	0.106273	0.0256252	0.00909469	0.0141838	0.00308996	0.0207727	0.0112391	0.00327008	0.0549153	0.00473608	0.00234373	0.0190611	0.289595	0.0499582	0.0674036	0.197806	0.104935	0.0121958	0.000834072	0.00266739
121	0.00997041	0.935649	0.000464497	0.00190056	0.00206159	0.000639669	0.000672133	0.00640548	0.000846066	0.00799495	0.0034204	0.00212903	0.00193087	0.00218826	0.000748255	0.00568323	0.00393822	0.00534102	0.00153122	0.00648509
122	0.00477376	0.00987018	0.0010614	0.00284998	0.418198	0.00137772	0.0534443	0.0216441	0.00210147	0.0525379	0.0218718	0.00516888	0.00699527	0.00183798	0.014842	0.0192067	0.0135692	0.0241133	0.01516	0.309376
123	0.069431	0.00245238	0.133388	0.473658	0.0026864	0.0329491	0.00471344	0.00253974	0.0398137	0.027782	0.0207527	0.0193596	0.00275413	0.0778633	0.0251171	0.0205563	0.00706218	0.0337923	0.00050417	0.00282532
124	0.0512432	0.00581154	0.12182	0.108187	0.0116224	0.0687756	0.0491529	0.00366369	0.104359	0.0231115	0.00769184	0.110145	0.00714344	0.0796953	0.0705662	0.0919155	0.0559976	0.0137631	0.000196692	0.0151388
125	0.028481	0.0013598	0.0110576	0.0763971	0.00571306	0.024141	0.0233968	0.00930281	0.418482	0.0217651	0.0197895	0.0380251	0.00637943	0.0964117	0.13368	0.0467223	0.0297549	0.00606044	0.00174742	0.00133286
126	0.00472101	0.00888171	0.00104885	0.00216661	0.437181	0.00152172	0.0448004	0.0230093	0.00206484	0.0621871	0.0230054	0.00435288	0.00713667	0.00185768	0.0137709	0.0188314	0.0159474	0.0237474	0.0149076	0.288861
127	0.226445	0.0355465	0.0173727	0.0206303	0.016917	0.0668375	0.0220846	0.041115	0.0250604	0.0143395	0.022833	0.0386453	0.0336916	0.0121439	0.0103352	0.162506	0.127011	0.090127	0.00143926	0.0149192
128	0.0273695	0.0144868	0.019541	0.0339351	0.0336091	0.0140278	0.0430427	0.0193935	0.133624	0.135297	0.048278	0.0739212	0.0454357	0.115926	0.0783869	0.0239303	0.0615823	0.0486936	0.0014534	0.0280667
129	0.0138161	0.821077	0.00414936	0.0169262	0.00519203	0.00274963	0.00398581	0.0122368	0.00979068	0.0265863	0.0147181	0.00673232	0.0033584	0.0110121	0.00918738	0.00857907	0.00635686	0.0130014	0.0019041	0.00864044
130	0.182001	0.0523691	0.0126021	0.0165918	0.028638	0.048341	0.0265015	0.0504408	0.0322249	0.0227476	0.020828	0.0401638	0.0278088	0.0122015	0.0136408	0.154202	0.137346	0.0980025	0.00194121	0.0214074
131	0.092597	0.0148794	0.0151554	0.0451213	0.0173504	0.0601493	0.0744986	0.00517739	0.162994	0.0103133	0.00780943	0.0252493	0.00423391	0.0663545	0.166705	0.162206	0.0311613	0.00919239	0.00251997	0.026333
132	0.00997041	0.935649	0.000464497	0.00190056	0.00206159	0.000639669	0.000672133	0.00640548	0.000846066	0.00799495	0.0034204	0.00212903	0.00193087	0.00218826	0.000748255	0.00568323	0.00393822	0.00534102	0.00153122	0.00648509
133	0.0227614	0.0110178	0.0270796	0.0422712	0.00771899	0.0287205	0.0347974	0.00835841	0.267714	0.0206584	0.0159271	0.117885	0.0034525	0.0739982	0.113631	0.120205	0.0558484	0.0193478	0.00113242	0.00747527
134	0.0231423	0.00149304	0.0130067	0.0760314	0.00511311	0.0231274	0.0181609	0.00857031	0.466926	0.0212053	0.0157773	0.0409264	0.0079516	0.104242	0.102388	0.0345977	0.0278502	0.00613668	0.00147022	0.00188325
135	0.270508	0.00644456	0.00683104	0.0207078	0.00571972	0.00976209	0.0212957	0.0534792	0.0123366	0.028056	0.0171313	0.010317	0.231541	0.00797824	0.0268439	0.0464164	0.0819225	0.134815	0.00098018	0.00691358
136	0.0118887	0.00504645	0.00347641	0.0218751	0.0631866	0.00538233	0.0486724	0.205011	0.0141537	0.221793	0.0997817	0.00788584	0.00964652	0.0165635	0.0141921	0.0115028	0.026095	0.186584	0.00649543	0.0207671
137	0.100266	0.0164969	0.00932687	0.0260019	0.00736216	0.0154474	0.0130318	0.0416526	0.0415507	0.0124865	0.00483734	0.0659311	0.00839681	0.0271505	0.0248641	0.20756	0.326755	0.0432271	0.000485103	0.00716994
138	0.0862293	0.0173132	0.00819321	0.0373982	0.00718865	0.0131594	0.0230278	0.034479	0.0570592	0.0196622	0.0048735	0.0544353	0.0224725	0.0394368	0.0380465	0.238038	0.251055	0.0399364	0.000656554	0.00733885
139	0.111281	0.0133969	0.0220786	0.0631539	0.0084996	0.164925	0.039363	0.00705727	0.116678	0.0123714	0.00862412	0.0510064	0.0192298	0.0431542	0.0750325	0.170286	0.0417523	0.0188592	0.00119983	0.0120507
140	0.113989	0.0694262	0.0278154	0.0416376	0.0168827	0.208935	0.0480314	0.0196533	0.0405247	0.0211368	0.019411	0.0471259	0.0286344	0.0230065	0.0275679	0.119116	0.0574174	0.041901	0.00183812	0.0259492
141	0.0100127	0.00145569	0.00583462	0.00327798	0.00755625	0.00291635	0.00300282	0.375052	0.0125277	0.0848372	0.00835574	0.00258761	0.00638766	0.00559651	0.00443814	0.00353088	0.0272961	0.428659	0.000531371	0.00614378
142	0.107724	0.0177653	0.0104661	0.0261186	0.00832325	0.0185246	0.013153	0.0423695	0.0374647	0.0121124	0.00558892	0.0651505	0.0094921	0.0252147	0.0227069	0.206347	0.31757	0.045733	0.000505334	0.00767058
143	0.00736305	0.0153594	0.002179	0.00442386	0.384523	0.00305361	0.0551207	0.0272937	0.00445387	0.0601673	0.0260497	0.00662399	0.00808803	0.00529418	0.0152748	0.0229523	0.0173688	0.0417505	0.0134533	0.279207
144	0.00855541	0.0236854	0.00348613	0.0255151	0.0141698	0.00455653	0.0935541	0.0124609	0.203227	0.00552858	0.0219906	0.0264242	0.00331374	0.187271	0.309475	0.0111847	0.00902523	0.0144984	0.00152023	0.020557
145	0.0291405	0.00360612	0.382373	0.260907	0.00124562	0.0620737	0.0121417	0.000778754	0.0332631	0.00742479	0.00359857	0.0858378	0.00989836	0.0320573	0.0173618	0.0299421	0.0185384	0.00529094	0.000144553	0.00437609
146	0.0459671	0.00427584	0.0574315	0.0918238	0.00972072	0.0486885	0.0441652	0.00625673	0.224617	0.0206536	0.0137068	0.074042	0.00554416	0.0970748	0.107589	0.0801014	0.0481613	0.0103056	0.00108359	0.00879095
147	0.0835703	0.0107538	0.00774751	0.0113133	0.0168653	0.0362448	0.0139583	0.0737273	0.0325529	0.0926486	0.0102651	0.0182238	0.235465	0.0600018	0.04687	0.0381943	0.128356	0.0651845	0.00195592	0.0161019
148	0.00554219	0.00929901	0.00150764	0.00341097	0.414316	0.00226783	0.0501836	0.0223954	0.00311212	0.0524121	0.0215931	0.00614971	0.00734739	0.00279363	0.0152433	0.0215098	0.0142152	0.0239944	0.0249209	0.297786
149	0.123435	0.0254831	0.0241516	0.0420103	0.0210721	0.116502	0.155649	0.0157292	0.0521586	0.0180734	0.01443	0.0518995	0.0199372	0.0331956	0.0390635	0.120856	0.0536326	0.0365366	0.00336305	0.0328216
150	0.0808186	0.00959084	0.00439666	0.0462163	0.0105793	0.0504425	0.0549476	0.00625102	0.212652	0.00927963	0.0103992	0.0203145	0.00419806	0.0680633	0.208775	0.153397	0.0244473	0.0079296	0.00204348	0.0152584
151	0.0335714	0.00674028	0.348856	0.304528	0.00225862	0.0462498	0.0137845	0.00114857	0.030422	0.00757289	0.00337728	0.0749824	0.0109731	0.0269143	0.0151363	0.0363435	0.0246459	0.00492484	0.00037356	0.00719641
152	0.00997041	0.935649	0.000464497	0.00190056	0.00206159	0.000639669	0.000672133	0.00640548	0.000846066	0.00799495	0.0034204	0.00212903	0.00193087	0.00218826	0.000748255	0.00568323	0.00393822	0.00534102	0.00153122	0.00648509
153	0.0144553	0.0063503	0.00353451	0.00870591	0.267485	0.0104549	0.0316499	0.0894785	0.00759727	0.198048	0.0602898	0.0069173	0.0203545	0.0130086	0.0110456	0.0291906	0.0323544	0.0656831	0.00889553	0.114501
154	0.0835758	0.0308199	0.0138726	0.0058924	0.0084433	0.0272182	0.00671407	0.0918612	0.0290927	0.132799	0.0326323	0.0134432	0.00316738	0.0188145	0.0205405	0.0425999	0.152665	0.273692	0.00623335	0.00592283
155	0.0100809	0.934957	0.00047519	0.00190521	0.00207229	0.000661457	0.000755623	0.00641628	0.000883132	0.00800181	0.0034169	0.00214067	0.00192863	0.00219341	0.000752356	0.00568881	0.00400433	0.00542455	0.00153073	0.00671074
156	0.105189	0.0185588	0.00837077	0.0337879	0.00801864	0.0160219	0.0219916	0.0469038	0.0439704	0.0179776	0.00533167	0.0577415	0.0111459	0.0307613	0.0266178	0.227397	0.263038	0.0479081	0.000672814	0.00859604
157	0.153359	0.0199193	0.0093821	0.0546691	0.00654082	0.224953	0.0399447	0.010357	0.0347823	0.0127504	0.00887126	0.0629415	0.02658	0.0155368	0.0251287	0.190558	0.0521995	0.0409132	0.000989769	0.00962284
158	0.00997041	0.935649	0.000464497	0.00190056	0.00206159	0.000639669	0.000672133	0.00640548	0.000846066	0.00799495	0.0034204	0.00212903	0.00193087	0.00218826	0.000748255	0.00568323	0.00393822	0.00534102	0.00153122	0.00648509
159	0.0300094	0.00865994	0.0104068	0.0494441	0.00563505	0.0255805	0.0366962	0.00770708	0.294954	0.0127755	0.0189274	0.0720112	0.00335604	0.0813144	0.148727	0.132547	0.042757	0.0128627	0.00186977	0.00375935
160	0.0178721	0.0121394	0.00324761	0.0054817	0.384114	0.0053958	0.0446827	0.0316105	0.00703968	0.0542426	0.0291749	0.00851493	0.0100235	0.00593379	0.0213958	0.0294462	0.0182373	0.0386315	0.0132406	0.259576
161	0.116635	0.0430034	0.0115113	0.00982454	0.015446	0.0407623	0.0233608	0.0799373	0.0282429	0.0756485	0.033666	0.0205544	0.0137764	0.0151258	0.0160416	0.0660671	0.146594	0.218024	0.0044905	0.0212878
162	0.133852	0.0393328	0.0135988	0.0317461	0.0138316	0.0378348	0.0159626	0.0250181	0.0395556	0.0123124	0.00763114	0.064964	0.0298787	0.0225534	0.0202056	0.258771	0.178063	0.0438976	0.000717698	0.0102732
163	0.0130386	0.0185377	0.00406142	0.0334474	0.0120519	0.00759396	0.0836954	0.013779	0.233573	0.00787593	0.0228768	0.0258158	0.00364296	0.167257	0.28839	0.0194692	0.011905	0.0157796	0.00160494	0.0156036
164	0.028834	0.00355155	0.384408	0.258351	0.00121993	0.0627767	0.0122183	0.000780492	0.0332473	0.00723885	0.0035505	0.0864208	0.00987818	0.0323079	0.0172357	0.0297728	0.0185907	0.00515963	0.000148874	0.00430914
165	0.0285372	0.00359745	0.386742	0.256889	0.00121779	0.0624482	0.0122498	0.000756129	0.0331395	0.00703118	0.00340935	0.0869162	0.00997027	0.0316464	0.017132	0.0300542	0.0187738	0.00496258	0.000143907	0.00438269
166	0.0434393	0.00768715	0.0844923	0.0765796	0.0239236	0.0711851	0.053182	0.00585265	0.129118	0.0424848	0.00859897	0.102332	0.00549096	0.087955	0.0858826	0.0791944	0.048159	0.017544	0.000915928	0.0259827
167	0.0633553	0.00656192	0.00637224	0.00908428	0.0743969	0.0350327	0.014011	0.103749	0.0197575	0.125447	0.0115935	0.0349736	0.25774	0.0200617	0.0199772	0.0232462	0.0414993	0.0693576	0.00235101	0.0614321
168	0.00457839	0.00909393	0.000981316	0.00222903	0.42987	0.00128062	0.0458749	0.0224389	0.00195064	0.0538506	0.0221186	0.00449149	0.00708661	0.00173154	0.014483	0.0183711	0.0134756	0.0239852	0.0157494	0.306359
169	0.00997041	0.935649	0.000464497	0.00190056	0.00206159	0.000639669	0.000672133	0.00640548	0.000846066	0.00799495	0.0034204	0.00212903	0.00193087	0.00218826	0.000748255	0.00568323	0.00393822	0.00534102	0.00153122	0.00648509
170	0.0538025	0.0147382	0.00888645	0.0174253	0.0107752	0.0247318	0.0109312	0.157434	0.0193531	0.139254	0.022922	0.00996506	0.00504393	0.0247281	0.0329257	0.0239319	0.0729634	0.339493	0.00368756	0.00700789
171	0.0294489	0.00384386	0.385103	0.257303	0.00132315	0.0609466	0.0122806	0.000754031	0.0333923	0.00694728	0.00329415	0.0866172	0.0104176	0.0304495	0.0173055	0.0310301	0.0197068	0.00501286	0.0001423	0.00468133
172	0.00997041	0.935649	0.000464497	0.00190056	0.00206159	0.000639669	0.000672133	0.00640548	0.000846066	0.00799495	0.0034204	0.00212903	0.00193087	0.00218826	0.000748255	0.00568323	0.00393822	0.00534102	0.00153122	0.00648509
173	0.00454638	0.00912977	0.000976351	0.00223098	0.429956	0.00122769	0.045947	0.0223963	0.00193008	0.0534064	0.0220515	0.00448789	0.00704477	0.00170042	0.0144768	0.0183243	0.0133492	0.0240206	0.0157988	0.306999
174	0.148437	0.0408704	0.0179972	0.0271852	0.018108	0.0636803	0.0193558	0.0288255	0.0367255	0.0119437	0.0119278	0.0678198	0.0204732	0.0167481	0.0141567	0.230612	0.148217	0.0637155	0.00092483	0.0122769
175	0.0502071	0.00811055	0.104779	0.107006	0.00640106	0.0502335	0.04331	0.00295592	0.0842522	0.0109981	0.00962152	0.128109	0.00603676	0.0726951	0.0631433	0.165848	0.0691751	0.00826063	0.000359475	0.00849735
176	0.0241929	0.0689938	0.0358338	0.015213	0.103883	0.0215125	0.0394737	0.0610171	0.0825572	0.0986481	0.0398799	0.0393488	0.012026	0.0477113	0.0452235	0.0852216	0.0739492	0.044802	0.00239393	0.0581185
177	0.00485542	0.00940601	0.000964752	0.00216712	0.430156	0.00128328	0.0443325	0.0238458	0.00199877	0.0544808	0.0233821	0.00436895	0.00680278	0.0017253	0.0143313	0.0181846	0.0136726	0.0295555	0.0153379	0.299149
178	0.201085	0.0392088	0.0144339	0.0187959	0.0283742	0.0533082	0.0226297	0.0349314	0.0263777	0.018526	0.0176566	0.0412323	0.0518884	0.0144762	0.0133123	0.196955	0.104758	0.0826741	0.00153238	0.0178439
179	0.0253506	0.00181825	0.0172521	0.0772012	0.00564535	0.0241437	0.0201474	0.00930875	0.437972	0.0231224	0.0166094	0.0426769	0.00920548	0.10389	0.109429	0.0361977	0.0283915	0.00760016	0.00148093	0.00255678
180	0.0261153	0.00970915	0.00790565	0.0515114	0.00918705	0.0196704	0.0545161	0.0107236	0.312526	0.013161	0.0189489	0.0352264	0.00484914	0.117267	0.211035	0.0515826	0.0257032	0.0100696	0.00185656	0.00843497
181	0.0100138	0.934367	0.000468389	0.00192805	0.00206473	0.000757151	0.00073461	0.00659999	0.000913332	0.00803065	0.0034293	0.00215571	0.00193341	0.0024048	0.000768872	0.00577779	0.00414485	0.00545357	0.00152811	0.00652574
182	0.217434	0.0385363	0.0159051	0.0220738	0.0186861	0.0593162	0.0237084	0.0432139	0.0269803	0.0148526	0.0202299	0.0410561	0.0307164	0.0121789	0.0106389	0.16707	0.13236	0.0880296	0.00126277	0.0157516
183	0.149649	0.0141267	0.00499378	0.0558411	0.00645155	0.201854	0.0468047	0.0051012	0.0715064	0.00737051	0.0059201	0.0293872	0.0187068	0.0293979	0.0829156	0.204107	0.028628	0.0179813	0.00142232	0.0178347
184	0.00997041	0.935649	0.000464497	0.00190056	0.00206159	0.000639669	0.000672133	0.00640548	0.000846066	0.00799495	0.0034204	0.00212903	0.00193087	0.00218826	0.000748255	0.00568323	0.00393822	0.00534102	0.00153122	0.00648509
185	0.0644551	0.0186268	0.0125622	0.0320523	0.00838651	0.0180234	0.0240083	0.0248737	0.113479	0.0205879	0.00755346	0.124511	0.00568928	0.035966	0.0510979	0.181139	0.206524	0.0391993	0.000510787	0.0107539
186	0.022787	0.0166057	0.0143578	0.0317438	0.00499596	0.0170231	0.0368436	0.00952099	0.237496	0.0130027	0.0200588	0.1208	0.00229176	0.0634577	0.125624	0.163077	0.0757214	0.0184234	0.00135534	0.00481448
187	0.278265	0.0170651	0.0318444	0.0186895	0.0123017	0.0304226	0.0201353	0.031354	0.0222036	0.0245041	0.0148185	0.0439133	0.190861	0.0161737	0.0221855	0.0804951	0.0652087	0.0647965	0.00220011	0.0125625
188	0.0178352	0.0048154	0.00533169	0.0101539	0.0308953	0.00633456	0.0214873	0.279256	0.01305	0.148048	0.0547054	0.0058231	0.010386	0.0184071	0.0103728	0.0113785	0.032313	0.302461	0.0037769	0.0131681
189	0.115395	0.0205573	0.0110987	0.0294584	0.00899957	0.0257809	0.013863	0.037812	0.0362245	0.0124085	0.00644395	0.0616829	0.0141228	0.0254703	0.0221283	0.217442	0.285247	0.0470869	0.000628608	0.00814872
190	0.0349941	0.00844651	0.00674222	0.00816996	0.248741	0.0353445	0.00972603	0.056258	0.0129065	0.248995	0.033542	0.0117846	0.0498981	0.0277694	0.0110225	0.0761522	0.0664993	0.0158443	0.00168725	0.0354771
191	0.047518	0.00530016	0.0760474	0.0860888	0.0130271	0.0656722	0.0445428	0.00598714	0.195081	0.0273982	0.0102902	0.0825093	0.00600192	0.083977	0.0994931	0.0760322	0.0468065	0.0135597	0.000704889	0.013962
192	0.0465401	0.00533716	0.275956	0.188802	0.00442357	0.0813236	0.0315368	0.00220644	0.0517182	0.010831	0.0054734	0.0904504	0.0100705	0.0449799	0.0325611	0.0619179	0.0388953	0.00829953	0.000524145	0.0081532
