233	20
1	0.0563786	0.010201	0.00205648	0.0117055	0.188612	0.00681168	0.0215536	0.110232	0.00579192	0.240835	0.105424	0.0324153	0.014186	0.0225209	0.0049024	0.0164447	0.0357306	0.0750519	0.00601897	0.0331268
2	0.0712889	0.00302974	0.0124008	0.0187337	0.00314608	0.00545788	0.00503953	0.00448309	0.153704	0.0100137	0.00300278	0.0428365	0.486223	0.032559	0.0459462	0.0588745	0.0282883	0.00531393	0.00247991	0.0071786
3	0.0706759	0.000306315	0.0843194	0.21311	0.000951948	0.0122244	0.0199722	0.00471857	0.253041	0.00136291	0.000365209	0.0631509	0.00443065	0.101556	0.0623365	0.0489749	0.0458978	0.0117795	0.000260058	0.000566461
4	0.0100077	0.00119317	0.431892	0.0371879	0.00152464	0.167528	0.0432805	0.00248485	0.0208454	0.00986444	0.00126823	0.186669	0.0118731	0.0214417	0.00437703	0.0107955	0.0120729	0.00212	0.000844573	0.0227288
5	0.0222617	0.00685285	0.00335619	0.00674168	0.359773	0.00484464	0.0185506	0.0965135	0.00681363	0.126291	0.0728522	0.0116792	0.00400992	0.00797154	0.0045442	0.0102537	0.0194709	0.05226	0.021712	0.143247
6	0.0133067	0.00173792	0.0018358	0.0032048	0.188961	0.00196486	0.00767148	0.134146	0.0197486	0.307907	0.101469	0.0112335	0.00233147	0.00822808	0.00369512	0.00431092	0.0245361	0.113417	0.0126923	0.0376024
7	0.00930096	0.00737118	0.00153853	0.0039166	0.349396	0.00118877	0.00478714	0.0541278	0.00238221	0.0405815	0.0326113	0.0026463	0.000869593	0.00243011	0.00144565	0.00612449	0.00376891	0.0248079	0.208785	0.241919
8	0.103372	0.00476101	0.0148635	0.0127114	0.00432307	0.609123	0.00754891	0.00632578	0.00810616	0.00672371	0.0029799	0.0109382	0.00608766	0.0133963	0.00567484	0.13784	0.0238343	0.00755684	0.0022347	0.0115988
9	0.482132	0.036306	0.00322176	0.00305713	0.0109756	0.118964	0.00242733	0.0154438	0.00376757	0.0036785	0.00623437	0.00363957	0.00383998	0.00426737	0.00303998	0.0904495	0.0958425	0.108785	0.00115114	0.00277733
10	0.367459	0.0175209	0.00477334	0.00395082	0.00342647	0.0740985	0.00509847	0.00293648	0.00853722	0.00385362	0.00145327	0.0131775	0.0229423	0.0115947	0.00365438	0.403904	0.0411033	0.00645841	0.0012515	0.00280586
11	0.11224	0.0156357	0.00263087	0.00315566	0.00226731	0.0133305	0.00942987	0.0589517	0.00495452	0.0265505	0.0198328	0.0121577	0.00398993	0.00468918	0.00419219	0.280987	0.343597	0.0670614	0.0119582	0.00238858
12	0.202153	0.00993981	0.00541698	0.00564434	0.00307506	0.0193066	0.0171398	0.00453567	0.00789632	0.00585056	0.00220079	0.0578595	0.01045	0.0263387	0.00493931	0.58531	0.0213728	0.00459264	0.00181931	0.0041586
13	0.432872	0.0185771	0.004642	0.00327376	0.00380828	0.074336	0.0036741	0.00292511	0.00878528	0.00410893	0.00170379	0.00684279	0.0260908	0.0101357	0.00258581	0.342453	0.0404411	0.00776951	0.00126701	0.00370856
14	0.0399485	0.0601041	0.00693431	0.0399	0.151773	0.0101579	0.0420153	0.0316535	0.00914788	0.0931161	0.0355085	0.0419773	0.110186	0.0442012	0.00766086	0.0213762	0.107165	0.0316108	0.0317551	0.0838084
15	0.067356	0.0131206	0.0516259	0.0732775	0.0241726	0.0243445	0.0377131	0.0286512	0.0787497	0.0395154	0.0170316	0.054067	0.0232264	0.260725	0.0437115	0.0432404	0.0522797	0.0304551	0.00939516	0.0273418
16	0.0751153	0.032918	0.00138251	0.00214919	0.0487438	0.0249055	0.0023634	0.19214	0.00356978	0.0791549	0.055998	0.00955179	0.0108013	0.00703606	0.00291687	0.0638231	0.124614	0.22034	0.0143284	0.0281483
17	0.0520635	0.00727107	0.0835588	0.523648	0.00615707	0.0227982	0.0195405	0.00758237	0.0334957	0.0129078	0.00438266	0.0266953	0.0185404	0.046839	0.0223915	0.0469824	0.039361	0.0148925	0.00283982	0.0080527
18	0.0524264	0.00980678	0.052458	0.243985	0.00839286	0.307975	0.017922	0.0114357	0.0332529	0.0126122	0.00654924	0.0245561	0.00579733	0.0353779	0.0239325	0.0968646	0.0292639	0.010396	0.00423797	0.0127584
19	0.20226	0.00312626	0.0451436	0.0308915	0.026975	0.15893	0.00753264	0.025298	0.00679315	0.03139	0.00361714	0.0278266	0.00304566	0.0275732	0.124105	0.073704	0.106689	0.0441606	0.0236182	0.0273201
20	0.0257121	0.00186503	0.399321	0.050996	0.00226068	0.206505	0.0609343	0.00328312	0.0327704	0.00804324	0.00145165	0.0799112	0.0126868	0.0320701	0.00348457	0.0230332	0.00799425	0.00257511	0.00119953	0.0439026
21	0.0401323	0.00589715	0.124954	0.045616	0.0052965	0.392399	0.0222591	0.02716	0.0414852	0.0315255	0.0036669	0.139543	0.0466978	0.0214896	0.0063789	0.0129971	0.0126616	0.00755915	0.00297456	0.00930715
22	0.143062	0.00779028	0.00655546	0.0118615	0.00149596	0.0180997	0.00406866	0.00183764	0.415938	0.0240756	0.00137763	0.0131535	0.0174656	0.0690951	0.19096	0.0362398	0.014691	0.0127783	0.00785642	0.00159923
23	0.113491	0.00924615	0.0100673	0.013332	0.00556105	0.14695	0.0440374	0.0475921	0.079012	0.0916442	0.0161927	0.0633259	0.00318592	0.0326397	0.0216274	0.17227	0.0736939	0.0228002	0.00282345	0.0305071
24	0.0748189	0.00171954	0.0370234	0.0909625	0.00379999	0.00152653	0.0020639	0.0358319	0.0811383	0.161945	0.0741036	0.0150094	0.199294	0.049119	0.0728173	0.00354968	0.0144973	0.0705201	0.00839437	0.00186492
25	0.49143	0.0399688	0.00257008	0.00277155	0.00984656	0.11343	0.00247415	0.0164481	0.00355775	0.00343455	0.00662057	0.00333322	0.0032064	0.00407604	0.00224655	0.0787987	0.0965509	0.115696	0.00100824	0.00253227
26	0.093288	0.111976	0.0044734	0.00609212	0.00420099	0.0125742	0.010603	0.0830297	0.0247934	0.0132121	0.0105846	0.0397042	0.00347779	0.00811366	0.00558225	0.265881	0.166444	0.127094	0.00361169	0.00526413
27	0.00511544	0.00111501	0.600341	0.0452847	0.00160754	0.043226	0.0125576	0.00229385	0.0119261	0.00464428	0.00126354	0.197864	0.00411032	0.0181747	0.0109026	0.00629302	0.0141055	0.00436956	0.000806701	0.0139988
28	0.0579322	0.00899875	0.00542722	0.014653	0.222439	0.029599	0.16114	0.0415217	0.00710041	0.102518	0.0639259	0.0616149	0.0159849	0.0399275	0.00694842	0.0195	0.0583211	0.0536701	0.00595925	0.022818
29	0.00582087	0.00995257	0.00107259	0.00432559	0.296584	0.000947493	0.00259663	0.0881126	0.00140762	0.0657514	0.0550357	0.00181743	0.000661071	0.00223437	0.00119558	0.00865121	0.00186326	0.0383048	0.0439549	0.369711
30	0.0114357	0.0066929	0.0456077	0.00627157	0.0040882	0.00387675	0.268929	0.0066091	0.0907333	0.0430887	0.0353894	0.0399858	0.0026685	0.0579739	0.255423	0.0272173	0.0329881	0.004598	0.00178777	0.0546355
31	0.00574007	0.0114322	0.00101978	0.00473915	0.301663	0.000864451	0.00206917	0.0723457	0.00116743	0.0487306	0.0455652	0.00147918	0.000505117	0.00222406	0.00106212	0.00827971	0.00175005	0.0383718	0.0515045	0.399486
32	0.0198066	0.00174225	0.0270305	0.135244	0.00261751	0.00289162	0.0044593	0.00479737	0.406546	0.00510174	0.00288596	0.00369496	0.0382038	0.127233	0.184307	0.00550099	0.0182954	0.00442445	0.00177136	0.00344577
33	0.0120487	0.00462443	0.109575	0.624596	0.00261344	0.0271177	0.0244929	0.0028488	0.0163563	0.00438446	0.00210112	0.0173936	0.0029976	0.0433417	0.0161898	0.0551467	0.0259111	0.00422339	0.0016292	0.002408
34	0.0262758	0.00456469	0.459429	0.0740659	0.00682465	0.019234	0.0125249	0.0171559	0.0210548	0.0165329	0.0060471	0.138536	0.0135748	0.0344173	0.0204891	0.0341218	0.0302195	0.0440339	0.00596875	0.0149294
35	0.0336298	0.00600211	0.000987036	0.00385015	0.0319318	0.000881745	0.00494215	0.361623	0.00212762	0.112655	0.0190747	0.00657514	0.000987526	0.00391731	0.00115287	0.00323766	0.00252739	0.383534	0.00263375	0.0177293
36	0.311318	0.00258859	0.0772158	0.0769861	0.00264759	0.00271038	0.0144257	0.00361396	0.246538	0.0186058	0.00218498	0.00772039	0.00191625	0.109663	0.0886961	0.0183526	0.0074917	0.00327471	0.00110115	0.00294927
37	0.00272827	0.000786283	0.00148098	0.00180328	0.0123874	0.00123048	0.00131964	0.0382671	0.00202168	0.846473	0.0346748	0.0130187	0.000891098	0.00196493	0.0126154	0.00212062	0.00765161	0.00174943	0.0119342	0.0048815
38	0.0134089	0.00169986	0.00115378	0.0022269	0.198537	0.00154706	0.00768944	0.16432	0.00566564	0.29836	0.124599	0.00588227	0.00226708	0.00442557	0.00278868	0.0031738	0.0166811	0.100939	0.00322174	0.0414143
39	0.160141	0.0107016	0.00676604	0.0117555	0.0015188	0.0217551	0.00165183	0.00165193	0.421978	0.0318949	0.00117867	0.0162342	0.00881262	0.0733244	0.152211	0.0427363	0.0143736	0.0155754	0.00398657	0.00175268
40	0.208475	0.00444168	0.102462	0.215059	0.00535835	0.0135492	0.00652234	0.00189101	0.124781	0.0113467	0.00505514	0.0374503	0.00142413	0.101891	0.0610486	0.0459051	0.0446733	0.00697543	0.000597616	0.00109292
41	0.131721	0.0351637	0.00206346	0.00906477	0.0243149	0.0231178	0.0102907	0.135186	0.00841893	0.234625	0.0994072	0.0202269	0.00568812	0.0375509	0.0108507	0.0493173	0.0875062	0.0563198	0.00390276	0.015263
42	0.00980061	0.0114343	0.060461	0.0145396	0.00191294	0.635536	0.0285189	0.00612784	0.0235102	0.00692021	0.00153263	0.142465	0.0060055	0.0307773	0.00276008	0.00519957	0.00421731	0.00315438	0.00133704	0.00378953
43	0.057899	0.00972181	0.00217189	0.01924	0.133564	0.00683859	0.0528332	0.0887769	0.00650132	0.241472	0.101403	0.023884	0.0192315	0.0429232	0.0075462	0.0206519	0.0369004	0.0901526	0.0060287	0.0322591
44	0.0560862	0.00143774	0.125833	0.171489	0.00259359	0.0109238	0.0163215	0.00649441	0.195639	0.00461959	0.00123774	0.124246	0.00346537	0.0929298	0.038596	0.0558268	0.0802247	0.00875976	0.000906077	0.00237005
45	0.114436	0.0354235	0.00255641	0.00315288	0.00248764	0.0184467	0.0150801	0.0737654	0.00753336	0.0197927	0.0195947	0.0198629	0.00350418	0.00556244	0.00460214	0.273743	0.276476	0.0944316	0.00714348	0.00240606
46	0.00580669	0.0113033	0.00100803	0.00470086	0.305201	0.000860944	0.00227613	0.0716807	0.00121923	0.0487446	0.0448959	0.00147999	0.000504784	0.0022313	0.00105624	0.00816138	0.00187276	0.0381555	0.0510652	0.397776
47	0.0324892	0.00611588	0.0165768	0.0278046	0.00966076	0.0107553	0.0357685	0.0123516	0.0793639	0.0246162	0.00707546	0.0200542	0.0188617	0.0274254	0.585475	0.0336037	0.0192697	0.0121996	0.00687941	0.0136532
48	0.0147865	0.00356082	0.00114806	0.00252456	0.153032	0.00197705	0.00584355	0.167095	0.00617651	0.306768	0.106775	0.00883226	0.00327961	0.00495464	0.00449602	0.00518437	0.0359063	0.128923	0.0041261	0.0346095
49	0.0999056	0.0207257	0.0293928	0.023512	0.0096195	0.0244347	0.0234071	0.0278739	0.0261357	0.0229993	0.00909311	0.114778	0.0198974	0.0239729	0.0157525	0.346268	0.110263	0.0314282	0.0054093	0.0151316
50	0.0124958	0.00456386	0.00152796	0.00511561	0.0346896	0.00114245	0.00169371	0.303054	0.0026518	0.327531	0.0444995	0.00471857	0.00288586	0.00193712	0.00421293	0.00523722	0.0362263	0.189478	0.000981872	0.0153564
51	0.191445	0.00968917	0.00469075	0.00560236	0.00304748	0.0161547	0.0189124	0.00423492	0.00754312	0.00566517	0.0023256	0.0588766	0.00916388	0.0293873	0.00421084	0.600119	0.0188291	0.00427749	0.00180043	0.00402469
52	0.0497133	0.0121425	0.0139583	0.021533	0.105614	0.011123	0.015573	0.0377731	0.0234944	0.0451462	0.0219112	0.0308384	0.0120436	0.019903	0.0189623	0.0232675	0.0372879	0.0279768	0.415141	0.0565976
53	0.261407	0.00775669	0.00462113	0.003585	0.00275298	0.0534332	0.00446819	0.00342568	0.00585912	0.00452037	0.00184212	0.011562	0.058687	0.00751224	0.00283035	0.455784	0.101052	0.00471284	0.00154674	0.00264182
54	0.029482	0.0056783	0.0181828	0.0288026	0.0103922	0.0082253	0.0826726	0.0129503	0.0695671	0.0221131	0.00990872	0.0231371	0.0174962	0.0293301	0.543304	0.0310063	0.0202241	0.0102516	0.00566792	0.0216078
55	0.0059698	0.000636561	0.000845672	0.00118442	0.0573479	0.000777309	0.00110217	0.161145	0.00260504	0.426091	0.081492	0.00446088	0.00211457	0.00129198	0.00650274	0.001088	0.0222731	0.195055	0.00113744	0.0268793
56	0.00656625	0.00107336	0.00126316	0.00182698	0.291013	0.00101878	0.00772199	0.195586	0.00537053	0.236971	0.110845	0.00329381	0.000819213	0.0028439	0.00148671	0.0023661	0.00931509	0.0626063	0.0037316	0.0542796
57	0.0599121	0.00360374	0.0921091	0.0901856	0.00500246	0.00593292	0.00507157	0.0141117	0.0865751	0.0884313	0.0154259	0.0151789	0.341133	0.0526908	0.0200183	0.0144502	0.0609119	0.0170812	0.00377081	0.00840355
58	0.0438577	0.00132433	0.289356	0.111698	0.00246831	0.0113651	0.0116768	0.0108942	0.0758549	0.00915403	0.00161088	0.249461	0.00125735	0.0771449	0.00348436	0.0230598	0.0701045	0.00297806	0.000995593	0.0022544
59	0.0107127	0.00321466	0.360576	0.0325604	0.00254285	0.0495533	0.0254797	0.00568927	0.0199414	0.00664755	0.00207918	0.347631	0.00494634	0.0156486	0.00644556	0.0696954	0.0133909	0.00489691	0.00126036	0.0170879
60	0.0362885	0.00187691	0.0370715	0.214512	0.00278756	0.00297414	0.002769	0.00396647	0.0566242	0.0476707	0.00247557	0.00411386	0.366905	0.166633	0.0150513	0.00474609	0.0243878	0.00365585	0.00146803	0.0040226
61	0.143034	0.0134302	0.105609	0.198063	0.00276335	0.00270513	0.0041267	0.0032626	0.33832	0.0283997	0.00196692	0.00426227	0.0017738	0.101251	0.00927578	0.00543405	0.0285478	0.00319406	0.0015165	0.00306436
62	0.0746003	0.00285866	0.0135072	0.00774587	0.00360184	0.72264	0.00826584	0.00412524	0.00708153	0.00531193	0.00228471	0.0203043	0.00266382	0.0192891	0.00342962	0.0666251	0.0139027	0.00285075	0.00132473	0.0175869
63	0.0452448	0.0052199	0.000884035	0.00471511	0.024395	0.000738952	0.00319406	0.353749	0.00232762	0.137079	0.0245299	0.00592746	0.00063434	0.00457439	0.00106485	0.0034551	0.00274595	0.371037	0.000795035	0.00768818
64	0.26523	0.00781577	0.103734	0.241869	0.00858133	0.0184983	0.00127186	0.00118137	0.0720281	0.0142654	0.00872529	0.0154996	0.000573416	0.0828421	0.0510912	0.0412182	0.0573508	0.00656898	0.000448878	0.00120743
65	0.00322184	0.00122269	0.00155608	0.00216672	0.67914	0.00122788	0.0204978	0.0142739	0.00729617	0.0299921	0.00441966	0.00412359	0.000835313	0.00230651	0.00174522	0.00247342	0.0090659	0.00988146	0.0199923	0.184562
66	0.0171613	0.0111841	0.00229012	0.0052241	0.168521	0.00320775	0.00474624	0.171291	0.00385951	0.104344	0.0756471	0.00677536	0.00352761	0.00548602	0.00326321	0.011926	0.0220549	0.114311	0.0274555	0.237724
67	0.0471067	0.00236137	0.114174	0.0885874	0.00447892	0.042602	0.0681625	0.00408767	0.0951613	0.00594689	0.00205882	0.143396	0.0021519	0.0602876	0.140007	0.156286	0.0120718	0.00458094	0.00187129	0.00461994
68	0.138329	0.00154835	0.178769	0.0704645	0.0025696	0.0071823	0.0203503	0.00285504	0.0845851	0.00551198	0.00170821	0.173875	0.00141333	0.103322	0.125623	0.0587225	0.0167618	0.00259683	0.00124451	0.00256759
69	0.00466926	0.000513042	0.000841761	0.0010789	0.0586255	0.000779212	0.00104521	0.152558	0.00272966	0.437834	0.0837148	0.00442014	0.00217536	0.00117796	0.00673148	0.00108763	0.0231	0.188134	0.00118205	0.0276025
70	0.00631403	0.000748074	0.0012188	0.00156469	0.254394	0.000951225	0.00762869	0.208037	0.0050506	0.255673	0.105742	0.00355993	0.00110714	0.0027034	0.00188426	0.00235637	0.0113419	0.0829698	0.00249812	0.0442572
71	0.0708132	0.00126331	0.279169	0.108434	0.00216822	0.00899631	0.0106127	0.00796664	0.0974469	0.0119275	0.00166917	0.213672	0.00159641	0.0718381	0.0202238	0.0287947	0.0569733	0.00301892	0.00109038	0.00232463
72	0.247979	0.0099894	0.0943495	0.276372	0.00725734	0.0250193	0.00200186	0.00172286	0.0595035	0.0148091	0.00736593	0.0135553	0.0016149	0.0695964	0.0476218	0.0434668	0.0685357	0.00668967	0.000594888	0.00195501
73	0.0908257	0.139534	0.00335562	0.00418308	0.025772	0.00421366	0.00275026	0.149032	0.00421101	0.278461	0.172749	0.00683155	0.0016298	0.00794149	0.00370825	0.0132542	0.0203181	0.056717	0.0111561	0.00335638
74	0.0175392	0.0139814	0.0148406	0.00406657	0.00306818	0.00245054	0.027884	0.208773	0.14125	0.381438	0.00212408	0.0543898	0.00189766	0.0163718	0.0794616	0.00455759	0.0050102	0.0158129	0.00148117	0.00360159
75	0.183268	0.00410333	0.09276	0.228086	0.00470235	0.0175502	0.00869884	0.00267944	0.15002	0.00814117	0.0045681	0.0357015	0.00205883	0.0876788	0.0632954	0.047118	0.0490433	0.00936072	0.000366486	0.000799281
76	0.0756532	0.00228193	0.0065003	0.0508482	0.018445	0.0170955	0.222575	0.00423032	0.0725149	0.00620299	0.00271009	0.225817	0.00198842	0.105946	0.0460847	0.0213601	0.00730904	0.0185916	0.00166248	0.0921836
77	0.00887017	0.00925224	0.0635465	0.0142574	0.00181866	0.643599	0.0299432	0.00534295	0.0214815	0.00573712	0.00128637	0.140469	0.0054568	0.0318037	0.00230522	0.00430497	0.00360376	0.002426	0.00119379	0.00330122
78	0.0358699	0.00465642	0.000909744	0.00372242	0.0311623	0.000784836	0.00303236	0.36402	0.0022474	0.149746	0.0340618	0.00628387	0.000975273	0.00378846	0.00142125	0.00340089	0.00529202	0.336271	0.0014074	0.0109464
79	0.0156076	0.00147312	0.034066	0.194435	0.00187706	0.00202227	0.00609801	0.0396637	0.216919	0.0204878	0.030622	0.00331534	0.0154587	0.161982	0.0565246	0.011751	0.112323	0.0576392	0.00764453	0.0100894
80	0.0250319	0.00758175	0.00514908	0.012627	0.0446468	0.00535475	0.00837539	0.139187	0.00917681	0.33974	0.0541424	0.0116043	0.0797022	0.00992555	0.010533	0.0110924	0.0443103	0.154239	0.00358035	0.0240001
81	0.00634129	0.000734471	0.00120643	0.00152806	0.264208	0.000981965	0.00829221	0.208293	0.0051793	0.244591	0.111746	0.00340468	0.000808528	0.00283249	0.00164417	0.00224065	0.0103246	0.0751053	0.00260872	0.0479294
82	0.0443836	0.00522532	0.000829366	0.00447889	0.0245835	0.000749363	0.00325444	0.358228	0.00227175	0.131343	0.0243265	0.00603573	0.000624996	0.00451731	0.000892023	0.00342232	0.00239584	0.373948	0.000803841	0.00768615
83	0.0356006	0.221307	0.014374	0.0191867	0.0168392	0.0140762	0.0146044	0.0218554	0.0199185	0.023423	0.00982277	0.105742	0.0116195	0.0191772	0.013856	0.0386673	0.350237	0.0258858	0.00893757	0.0148699
84	0.00272827	0.000786283	0.00148098	0.00180328	0.0123874	0.00123048	0.00131964	0.0382671	0.00202168	0.846473	0.0346748	0.0130187	0.000891098	0.00196493	0.0126154	0.00212062	0.00765161	0.00174943	0.0119342	0.0048815
85	0.0477443	0.0299864	0.0147225	0.0372813	0.289917	0.0102594	0.0590363	0.0111121	0.0193177	0.017726	0.00604851	0.0615514	0.00732239	0.0111853	0.00929624	0.0405072	0.0133425	0.00893624	0.00547014	0.299237
86	0.144243	0.0141955	0.0279688	0.0404739	0.0351217	0.02469	0.225773	0.0288045	0.035932	0.0460234	0.0177991	0.0566731	0.0137629	0.0405708	0.04038	0.0686944	0.0508544	0.0357807	0.0109576	0.0413019
87	0.00585242	0.00659874	0.00119647	0.00349291	0.447787	0.00104847	0.00848506	0.0456525	0.00321294	0.0380364	0.0264013	0.0024546	0.000677531	0.00205364	0.00119471	0.00542262	0.00397354	0.024384	0.0782685	0.293806
88	0.0281711	0.00125925	0.499589	0.144032	0.00392196	0.0178479	0.00977149	0.00486207	0.0276387	0.00664641	0.00284837	0.136542	0.0062614	0.033475	0.0172964	0.0194627	0.0224834	0.00844271	0.00267174	0.006777
89	0.0289466	0.00975287	0.0012211	0.00222006	0.0603885	0.00197705	0.00333142	0.154328	0.00341955	0.370413	0.125545	0.0153896	0.00285681	0.00781686	0.00459583	0.00477312	0.0350485	0.142531	0.00230292	0.0231411
90	0.0564325	0.00415046	0.0222323	0.0429866	0.00899543	0.00814721	0.00690884	0.0154292	0.0516216	0.032088	0.0100868	0.0292354	0.544482	0.0323488	0.0193708	0.04451	0.0313874	0.0165721	0.00400653	0.0190081
91	0.091383	0.0159678	0.00142201	0.0291293	0.10146	0.0162423	0.0299634	0.0792554	0.00258314	0.195014	0.0830448	0.0268202	0.0341866	0.042477	0.00476607	0.0329635	0.0560577	0.0731829	0.0159013	0.0681796
92	0.298536	0.0433537	0.00405954	0.0846398	0.0173707	0.0327697	0.0579303	0.00397031	0.0592779	0.0060144	0.00272272	0.0336626	0.0441049	0.00509847	0.00403631	0.0200711	0.0200119	0.150913	0.0322754	0.0791806
93	0.00275369	0.000786284	0.00147748	0.00181563	0.0123768	0.00122179	0.00131944	0.0382453	0.00203825	0.846373	0.034712	0.0130048	0.000891242	0.00200638	0.0125948	0.00212332	0.00765052	0.00174975	0.011965	0.00489467
94	0.0725079	0.0143086	0.00215494	0.0439025	0.104729	0.00945305	0.0450453	0.0753601	0.00473897	0.188193	0.101932	0.0237062	0.0290174	0.0636483	0.00800879	0.0300005	0.0513796	0.0740153	0.00835441	0.0495447
95	0.147968	0.0051955	0.00826027	0.00559385	0.00289602	0.501349	0.00574054	0.00323824	0.00716229	0.00482977	0.00174468	0.00890766	0.0100158	0.010561	0.0032156	0.231592	0.0283798	0.00425237	0.00119153	0.00790615
96	0.0105461	0.00184386	0.00266026	0.00299708	0.53218	0.00200533	0.0138899	0.0180503	0.0056694	0.0256728	0.00639915	0.0049522	0.0014863	0.00290059	0.00257334	0.00354997	0.00781936	0.00775511	0.22914	0.117909
97	0.164911	0.0210487	0.00336269	0.0446929	0.00783407	0.039186	0.0167463	0.0783851	0.026699	0.165352	0.0480383	0.0375853	0.00186861	0.0262062	0.0325481	0.102176	0.0934005	0.061002	0.0027318	0.026225
98	0.00843491	0.00260478	0.154284	0.00535991	0.00368105	0.0207398	0.00791697	0.00410026	0.0318751	0.00625707	0.00309004	0.393005	0.00503054	0.0054924	0.00444841	0.290426	0.0102492	0.00506162	0.00139049	0.0365525
99	0.0430833	0.00412701	0.00931282	0.0438276	0.00603784	0.00683279	0.0612325	0.0077199	0.183773	0.0102097	0.00433828	0.0111509	0.0877109	0.0214866	0.427674	0.0387064	0.0119254	0.0087836	0.00482579	0.00724222
100	0.0706759	0.000306315	0.0843194	0.21311	0.000951948	0.0122244	0.0199722	0.00471857	0.253041	0.00136291	0.000365209	0.0631509	0.00443065	0.101556	0.0623365	0.0489749	0.0458978	0.0117795	0.000260058	0.000566461
101	0.0461656	0.0244811	0.00164542	0.00204545	0.0210928	0.0101673	0.00146988	0.178079	0.00271968	0.0350136	0.0372471	0.00954895	0.00792043	0.00253724	0.00144129	0.0524536	0.12752	0.414879	0.0057845	0.0177874
102	0.0592629	0.0139489	0.00137765	0.00280938	0.0169507	0.00362693	0.00187452	0.263811	0.00297079	0.0566771	0.0253509	0.00736452	0.00350017	0.00309973	0.0015213	0.031062	0.0467693	0.442586	0.00313425	0.0123027
103	0.0618585	0.000843319	0.389176	0.275359	0.00815486	0.0186663	0.00740796	0.00201683	0.0277566	0.00835071	0.00650174	0.0307836	0.0142487	0.0348646	0.0338411	0.0388914	0.0204673	0.0127525	0.00677858	0.00128001
104	0.238961	0.0044517	0.0553037	0.0375072	0.0741284	0.0415717	0.0626001	0.0114201	0.0110865	0.164378	0.00571964	0.0394883	0.00423266	0.0375716	0.0694483	0.0132765	0.0450975	0.00981005	0.0643073	0.00963945
105	0.00319949	0.00166877	0.00146825	0.00212258	0.658739	0.00114809	0.0177525	0.01681	0.0064796	0.0305028	0.00616322	0.00340619	0.00080583	0.00224462	0.00154298	0.00247977	0.00803617	0.0110424	0.022079	0.202309
106	0.129145	0.147724	0.00365342	0.00485505	0.0209148	0.00876142	0.00426622	0.148476	0.00588543	0.214164	0.13069	0.00949882	0.00232053	0.0116306	0.00573865	0.021559	0.041314	0.0752191	0.00721673	0.00696704
107	0.00501887	0.00205896	0.00172854	0.00251999	0.588901	0.00157337	0.0213673	0.0467223	0.00621918	0.0674166	0.0228035	0.00504074	0.00265518	0.00335441	0.0015899	0.00293108	0.0153294	0.0278864	0.016052	0.158831
108	0.0706759	0.000306315	0.0843194	0.21311	0.000951948	0.0122244	0.0199722	0.00471857	0.253041	0.00136291	0.000365209	0.0631509	0.00443065	0.101556	0.0623365	0.0489749	0.0458978	0.0117795	0.000260058	0.000566461
109	0.143566	0.0242329	0.00485343	0.140414	0.00734369	0.00364224	0.101634	0.00480224	0.0450478	0.0392417	0.0101918	0.0651339	0.00226258	0.0657843	0.164553	0.0363565	0.0925896	0.0110359	0.00200702	0.0353066
110	0.00321159	0.00279919	0.0013317	0.00236948	0.603436	0.000996702	0.0149513	0.0266954	0.00517604	0.0353935	0.0127205	0.00303871	0.000622966	0.00193167	0.0012718	0.00318568	0.00748385	0.015014	0.0248421	0.233527
111	0.0934737	0.0049333	0.0503941	0.0297038	0.0056302	0.229403	0.0652861	0.0110348	0.106879	0.0183844	0.00368888	0.0618752	0.00347711	0.0241834	0.0558297	0.192787	0.0225156	0.00577628	0.00323044	0.0115136
112	0.0205883	0.00148056	0.394372	0.0577073	0.00230469	0.204686	0.0697761	0.00315959	0.0341621	0.00792678	0.00144595	0.0817773	0.0146685	0.0337514	0.00334159	0.0225418	0.00754834	0.00255928	0.00139621	0.0348062
113	0.0186089	0.00672067	0.0199864	0.027081	0.00714364	0.0076424	0.0057244	0.0195886	0.411248	0.150909	0.00725137	0.007815	0.00302381	0.0294358	0.147754	0.0516789	0.0164244	0.00417177	0.0182118	0.0395804
114	0.0521839	0.00750683	0.0010473	0.00369444	0.0189683	0.00110607	0.00264383	0.322791	0.00268267	0.0844726	0.02387	0.006407	0.00158776	0.00359908	0.00129612	0.0155012	0.0205315	0.419936	0.00119763	0.00897673
115	0.0518698	0.00612479	0.142855	0.0274898	0.0256573	0.00409871	0.0738598	0.0260397	0.137196	0.0328201	0.0243723	0.0481634	0.00306971	0.0136865	0.109089	0.0666882	0.15763	0.007922	0.00328977	0.0380779
116	0.0290426	0.0348029	0.0507632	0.0101791	0.0140365	0.00417025	0.144112	0.0299052	0.0472351	0.0589303	0.00981911	0.0430865	0.00231567	0.0480672	0.100456	0.0503386	0.0760958	0.00879781	0.00162266	0.236225
117	0.00977572	0.00887553	0.00157461	0.00446733	0.316854	0.0013169	0.00357084	0.0636033	0.00234118	0.043844	0.03687	0.00261854	0.000845061	0.00285929	0.00153535	0.00701529	0.00368342	0.0309169	0.172979	0.284454
118	0.0873309	0.0289284	0.00111023	0.0112564	0.0774582	0.0195214	0.0162998	0.153883	0.00309282	0.136386	0.0827347	0.0178965	0.0207982	0.0223037	0.00383747	0.0501494	0.0973129	0.120382	0.0122824	0.0370355
119	0.042655	0.013188	0.00435893	0.00685512	0.00891727	0.0290789	0.0073202	0.0314872	0.00774865	0.0172529	0.0106038	0.0106749	0.0265463	0.00676263	0.00551689	0.129031	0.526677	0.102774	0.00529706	0.00725476
120	0.0101272	0.00252787	0.00373612	0.00480559	0.624024	0.00507818	0.053574	0.0632754	0.00616288	0.0533657	0.0264788	0.0241994	0.00177405	0.00749289	0.00349802	0.00580459	0.0243725	0.0131633	0.00848624	0.058053
121	0.0418686	0.0435891	0.0807852	0.0384777	0.0105637	0.0412211	0.0162428	0.0433654	0.0283522	0.0265413	0.00690466	0.42254	0.00723458	0.0266021	0.0174467	0.0617907	0.0307721	0.0330113	0.00455838	0.0181319
122	0.0477734	0.00805582	0.0883351	0.514284	0.00718798	0.0247616	0.0198735	0.00793641	0.0389715	0.0135362	0.00504897	0.0274584	0.0124677	0.0465582	0.0239703	0.047271	0.0396797	0.0131511	0.00385081	0.00982862
123	0.132439	0.01253	0.0196434	0.0366519	0.0312304	0.0133179	0.0185945	0.0765223	0.0304892	0.0612483	0.0277878	0.0247471	0.202936	0.0969093	0.0201886	0.0291825	0.0983976	0.0343616	0.00823245	0.0245902
124	0.0362042	0.00759942	0.0068185	0.0098741	0.0674079	0.00639708	0.00791274	0.156167	0.0579016	0.126043	0.0754317	0.0991677	0.00448713	0.0387443	0.00741355	0.016573	0.0517018	0.175022	0.0325943	0.0165387
125	0.0513954	0.032084	0.00133723	0.00234022	0.0450179	0.0184319	0.00233943	0.203366	0.00343233	0.0688348	0.0640986	0.012415	0.00967701	0.00510243	0.00141255	0.0493568	0.103171	0.278386	0.016689	0.0311117
126	0.0777559	0.0204661	0.00129635	0.0262956	0.113131	0.0115667	0.0430007	0.0756263	0.00171574	0.186846	0.0968644	0.027464	0.0457423	0.0369416	0.00391849	0.032421	0.0578052	0.0775569	0.00913017	0.0544558
127	0.091934	0.0105187	0.00178667	0.0131275	0.0979966	0.0081456	0.0204176	0.100114	0.00905455	0.193232	0.123311	0.0663442	0.0143424	0.0375327	0.00344091	0.0255831	0.0553516	0.0969769	0.00765071	0.0231392
128	0.00542891	0.000829562	0.000951059	0.00136376	0.0556823	0.000916485	0.00137381	0.162259	0.00317311	0.432597	0.0789503	0.00486546	0.00272299	0.00132905	0.00747884	0.00142039	0.0230033	0.186551	0.00119999	0.0279035
129	0.374041	0.0414956	0.00537846	0.0070573	0.00502511	0.057092	0.0074504	0.0158672	0.0142585	0.0126859	0.00512096	0.0158359	0.0130646	0.0158073	0.00581439	0.320905	0.0508902	0.0237623	0.00233764	0.00611023
130	0.0192034	0.00601346	0.00903221	0.010485	0.00947191	0.0079837	0.427908	0.010001	0.0142872	0.0149746	0.00773711	0.0980915	0.00445491	0.0485327	0.0120685	0.12895	0.115317	0.00999274	0.00373171	0.0417626
131	0.377837	0.0379987	0.00486309	0.00500809	0.00396553	0.0570814	0.00649178	0.0046012	0.0196723	0.00624776	0.00214344	0.0155661	0.0143635	0.0220464	0.0047701	0.381156	0.0237364	0.00749043	0.00155247	0.00340826
132	0.0315296	0.0124789	0.00696135	0.0182747	0.00215761	0.0128071	0.00258546	0.00743842	0.365089	0.233092	0.0121908	0.00369559	0.00152078	0.0289337	0.119809	0.0855521	0.0251925	0.00285278	0.005597	0.0222412
133	0.46743	0.0470716	0.00259994	0.00329616	0.00977364	0.10715	0.00274181	0.0234077	0.00362432	0.00468096	0.00828168	0.00356593	0.00220119	0.00354017	0.00258527	0.0483787	0.100387	0.1551	0.00121193	0.0029721
134	0.0505468	0.020627	0.00155047	0.00182644	0.0206353	0.00945425	0.00135705	0.181444	0.00249086	0.0330276	0.0367649	0.00943268	0.00718999	0.00220504	0.00150346	0.0489751	0.110899	0.436548	0.00541744	0.0181042
135	0.0397542	0.00491023	0.000855576	0.0040054	0.0229287	0.000778574	0.00311953	0.387603	0.00222955	0.119979	0.0227012	0.00643094	0.00100506	0.00392714	0.000911946	0.00343246	0.00324659	0.363687	0.000835496	0.00765858
136	0.125539	0.00439538	0.00902184	0.00677831	0.00251533	0.585867	0.00467171	0.00311365	0.00552507	0.00462338	0.00161938	0.00641778	0.00827044	0.010872	0.00369652	0.178887	0.0245342	0.00361897	0.00131532	0.00871756
137	0.056738	0.0384208	0.00163713	0.00186242	0.048035	0.0230578	0.00161928	0.181908	0.00272152	0.0643769	0.0492827	0.00890368	0.0183658	0.00392687	0.00150494	0.0538866	0.114969	0.289917	0.0121741	0.026692
138	0.0542809	0.019662	0.00168632	0.00207561	0.0189661	0.00834323	0.00131926	0.182258	0.00300699	0.0316986	0.0358695	0.0103046	0.00667043	0.00238234	0.00159603	0.0502612	0.103224	0.444041	0.00521519	0.0171381
139	0.0515426	0.0123396	0.00344704	0.0172425	0.0946323	0.00968172	0.0407118	0.126065	0.00617715	0.252856	0.0625952	0.0495235	0.0548208	0.0245372	0.00615806	0.0220811	0.0398682	0.0718997	0.00694032	0.0468797
140	0.071092	0.0779143	0.00625829	0.00739814	0.00477036	0.0411778	0.00759596	0.0544777	0.00924417	0.0242443	0.00455582	0.447781	0.00334914	0.00728879	0.00766371	0.0782389	0.0364869	0.0781674	0.0025574	0.0297374
141	0.0784484	0.0181032	0.00160316	0.0216065	0.130858	0.0173047	0.0323376	0.0813645	0.00249823	0.179696	0.0979933	0.0291102	0.0418115	0.0295791	0.0081139	0.033615	0.0556317	0.0653758	0.0110689	0.0638806
142	0.0119441	0.00294145	0.0252314	0.0262591	0.14447	0.00415147	0.073477	0.00609618	0.228292	0.128573	0.00390059	0.0802515	0.00248938	0.00727008	0.127776	0.00858233	0.0471307	0.00512213	0.0347935	0.0312471
143	0.0301095	0.00741799	0.0564424	0.021634	0.00847118	0.570851	0.0478547	0.00898656	0.0230179	0.0120094	0.00357015	0.0842674	0.00575613	0.048423	0.00933758	0.0291573	0.0119528	0.00656493	0.00308946	0.0110871
144	0.0301549	0.00207248	0.0273058	0.338211	0.00280646	0.00252952	0.0372199	0.0155363	0.0688064	0.00693942	0.00313832	0.005034	0.00160201	0.0851274	0.0587692	0.081716	0.131361	0.0858916	0.00125792	0.0145206
145	0.00574007	0.0114322	0.00101978	0.00473915	0.301663	0.000864451	0.00206917	0.0723457	0.00116743	0.0487306	0.0455652	0.00147918	0.000505117	0.00222406	0.00106212	0.00827971	0.00175005	0.0383718	0.0515045	0.399486
146	0.0326363	0.00410722	0.0536664	0.0110941	0.00603012	0.0089325	0.00724371	0.00809931	0.0368442	0.0114949	0.00441149	0.110313	0.404342	0.0152568	0.0108707	0.206464	0.043644	0.00836681	0.00310055	0.0130818
147	0.0387865	0.000921315	0.489365	0.219443	0.0050374	0.0145018	0.00662304	0.00210434	0.0207553	0.00566911	0.00405405	0.0672374	0.00895942	0.0315676	0.0252304	0.0255562	0.0170711	0.00962902	0.00407152	0.00341664
148	0.105269	0.0128244	0.0316016	0.0755334	0.0390024	0.00230203	0.00371676	0.019532	0.069055	0.324416	0.0673844	0.0172846	0.0287782	0.0306673	0.0787924	0.0160065	0.028612	0.0433101	0.0020452	0.00386672
149	0.266753	0.00780706	0.104095	0.24546	0.0088513	0.017172	0.00137769	0.00132906	0.0709786	0.0144504	0.00813245	0.0155494	0.000819563	0.0851904	0.0476085	0.0392873	0.0562469	0.00706977	0.000490803	0.00133075
150	0.0178519	0.0132608	0.00350863	0.0153099	0.0143078	0.00237369	0.00288282	0.387153	0.00360706	0.332227	0.00250402	0.00399186	0.00273847	0.00414762	0.00367848	0.0156266	0.0758995	0.0937578	0.00163509	0.0035384
151	0.00590459	0.00108667	0.000870944	0.00117829	0.0744171	0.000813296	0.00162538	0.169456	0.00280067	0.413564	0.0890343	0.00449088	0.00194516	0.00141501	0.00583726	0.00133595	0.0223939	0.172145	0.00127804	0.0284077
152	0.157529	0.0087363	0.00664642	0.00948849	0.000907924	0.0167175	0.00110138	0.00117658	0.435302	0.027454	0.000812636	0.0139568	0.00953458	0.0749514	0.164913	0.0406233	0.0147885	0.0102128	0.00405142	0.00109582
153	0.0436549	0.00373112	0.372566	0.09264	0.00713247	0.011357	0.0108145	0.0155019	0.0431163	0.0119987	0.00537872	0.0677263	0.0235568	0.1099	0.0283663	0.0425304	0.0735987	0.0237566	0.00431818	0.0083552
154	0.005596	0.0115531	0.00103131	0.00505446	0.313687	0.000890203	0.00200509	0.0759141	0.00130086	0.0567357	0.0477759	0.00143636	0.000530377	0.0020962	0.00109955	0.00794183	0.00207996	0.0378441	0.051402	0.374026
155	0.00466926	0.000513042	0.000841761	0.0010789	0.0586255	0.000779212	0.00104521	0.152558	0.00272966	0.437834	0.0837148	0.00442014	0.00217536	0.00117796	0.00673148	0.00108763	0.0231	0.188134	0.00118205	0.0276025
156	0.142805	0.00588366	0.00741956	0.00612439	0.00331077	0.609519	0.00436333	0.00440937	0.00498586	0.00412965	0.00225207	0.0041932	0.00527861	0.0108324	0.00295718	0.126948	0.0313393	0.0127434	0.00105983	0.00944556
157	0.0434821	0.00536591	0.000847601	0.00443473	0.0251804	0.000724706	0.00322502	0.356636	0.00216447	0.133603	0.0248221	0.00595748	0.000658731	0.0044074	0.000994244	0.00341363	0.00253802	0.372728	0.000813779	0.00800251
158	0.032713	0.10157	0.00905963	0.00968879	0.00664349	0.0272224	0.00696294	0.0923643	0.0110322	0.0307365	0.00664565	0.448125	0.00416021	0.00891274	0.00868053	0.0878709	0.0303832	0.0577903	0.0029804	0.016458
159	0.0264381	0.00744475	0.0195171	0.00903049	0.221159	0.00520375	0.0493328	0.0595693	0.00915215	0.0634327	0.0243893	0.0109361	0.010868	0.0330464	0.00680965	0.016811	0.0174821	0.0270501	0.0142681	0.368059
160	0.0221432	0.0115909	0.0157034	0.0124047	0.206456	0.0102152	0.0279916	0.0605322	0.0145603	0.0455303	0.0309155	0.0162918	0.00633318	0.0154714	0.0100222	0.0202294	0.0163832	0.0335508	0.030049	0.393625
161	0.0988997	0.0248921	0.0138848	0.0856837	0.00928162	0.00412463	0.109694	0.0116312	0.0412194	0.0404191	0.0194403	0.0539395	0.00185777	0.0828918	0.126777	0.0753168	0.117491	0.0195445	0.00157352	0.0614377
162	0.111124	0.0128316	0.0212448	0.0249182	0.0294269	0.0210029	0.0186901	0.0271785	0.0206025	0.035551	0.0165153	0.0872811	0.013411	0.0245673	0.0218233	0.0372766	0.100591	0.02958	0.325801	0.0205837
163	0.12712	0.00384481	0.0493824	0.51281	0.0054422	0.00612386	0.00563835	0.00590206	0.00755859	0.00891539	0.00346816	0.026693	0.0426606	0.046084	0.00611606	0.010799	0.077543	0.0260936	0.0024051	0.0254003
164	0.0634528	0.0159632	0.00420603	0.00944988	0.0308992	0.00707405	0.00503413	0.271527	0.0255264	0.103046	0.0692027	0.018623	0.00804972	0.0115101	0.008266	0.0247145	0.0370593	0.26153	0.00728508	0.0175807
165	0.0473361	0.00918953	0.0528153	0.0135596	0.094457	0.00814067	0.0888333	0.0477539	0.0179075	0.0540654	0.0104599	0.017769	0.015204	0.0495832	0.021067	0.0363403	0.0409296	0.0215115	0.00272461	0.350353
166	0.0686729	0.00339794	0.0174097	0.0563331	0.00480902	0.00408568	0.00462062	0.00776715	0.0416598	0.0161601	0.00331724	0.0204499	0.626137	0.0289794	0.0108936	0.0283445	0.0232063	0.00624547	0.0023304	0.0251805
167	0.011422	0.0014503	0.0333972	0.152597	0.00191945	0.00194802	0.00227887	0.0473626	0.251617	0.0166451	0.0360629	0.00356453	0.0210556	0.186369	0.0541069	0.00339911	0.0974749	0.0563259	0.0102994	0.0107046
168	0.378746	0.0454703	0.00262123	0.00416906	0.0134216	0.114512	0.0048772	0.0493998	0.00513818	0.0231886	0.0217293	0.00735538	0.00324336	0.00630773	0.00481314	0.0602827	0.120078	0.125925	0.00261698	0.00610522
169	0.00500216	0.000499375	0.000856275	0.000998985	0.0868581	0.000774781	0.00179109	0.154694	0.00338096	0.421075	0.0885268	0.00392225	0.00194587	0.00135234	0.00576454	0.00113128	0.0205496	0.170758	0.00158766	0.0285306
170	0.0320925	0.00995925	0.0168666	0.0556717	0.0697304	0.00926643	0.0281194	0.0206767	0.0492612	0.0542692	0.00883386	0.0190856	0.00502208	0.082348	0.119115	0.101059	0.177841	0.0132557	0.0041374	0.123389
171	0.0334664	0.00362561	0.228884	0.0942496	0.00594433	0.0268892	0.0291936	0.101282	0.00738398	0.0592893	0.0265277	0.0687653	0.00321817	0.00796606	0.0298492	0.00878843	0.0601946	0.0770305	0.046259	0.0811928
172	0.109189	0.0273455	0.00192682	0.00687971	0.0695537	0.034805	0.00791691	0.141002	0.00396438	0.116393	0.0575526	0.0127968	0.0183734	0.0139061	0.00496828	0.0701763	0.103403	0.153768	0.0116525	0.034427
173	0.0560063	0.0626074	0.00285424	0.0034739	0.0523784	0.0100121	0.00294973	0.250036	0.00667204	0.146882	0.126027	0.0113162	0.00405896	0.00662355	0.00307823	0.039997	0.0429887	0.104594	0.0486183	0.0188261
174	0.00702749	0.00234752	0.00140585	0.00219974	0.304393	0.00134059	0.00595378	0.157827	0.00405608	0.211091	0.10792	0.00319197	0.00103567	0.00264805	0.00179083	0.00353811	0.00566199	0.0481337	0.00872787	0.11971
175	0.0382625	0.00493324	0.0008861	0.00395783	0.0234978	0.000702102	0.00330004	0.388472	0.00211455	0.118459	0.0222079	0.00637587	0.000950595	0.00385993	0.000913849	0.00331451	0.00292401	0.365493	0.000892888	0.00848186
176	0.111787	0.0159084	0.00284276	0.00403163	0.00264089	0.0145117	0.00964831	0.0550375	0.00566257	0.0308745	0.018948	0.0127474	0.00460857	0.00575023	0.00471888	0.26528	0.352667	0.0686335	0.0105665	0.00313412
177	0.0478069	0.00706177	0.0776787	0.514251	0.00762805	0.0215965	0.020998	0.00872279	0.0404316	0.0166194	0.00515548	0.0261666	0.0272504	0.0467752	0.0219295	0.0420311	0.0375269	0.0146496	0.00426836	0.0114523
178	0.0302767	0.0988217	0.00749085	0.00782342	0.00507377	0.0279668	0.00757807	0.0863786	0.00843886	0.0279389	0.00441886	0.491566	0.00291938	0.00669732	0.00582998	0.0780747	0.0261776	0.0591295	0.00240525	0.0149936
179	0.0541458	0.00416901	0.0247034	0.0102083	0.00298503	0.715582	0.0131191	0.00417126	0.010682	0.00460445	0.00155855	0.0427208	0.00341268	0.0178226	0.00321945	0.0593243	0.0133606	0.00355855	0.00153424	0.00911766
180	0.0437537	0.0249233	0.0020823	0.00291976	0.0436751	0.00347759	0.00354706	0.303819	0.0059195	0.171632	0.151381	0.0111658	0.00146739	0.006585	0.00268083	0.010845	0.0305142	0.146359	0.00782836	0.0254245
181	0.0244703	0.00208849	0.126639	0.0931876	0.0175943	0.00345171	0.132531	0.0187193	0.0375764	0.0196437	0.00253149	0.191012	0.00198521	0.253332	0.0202719	0.0211448	0.00844105	0.0190578	0.00169058	0.00463109
182	0.0220938	0.00232211	0.53813	0.078407	0.00450286	0.0310619	0.0133946	0.00979717	0.0211975	0.00895128	0.00421705	0.129939	0.0107948	0.0291201	0.0194377	0.022178	0.0255638	0.0134003	0.00283339	0.0126581
183	0.0176138	0.00152707	0.519349	0.0661821	0.0027286	0.00253783	0.00296189	0.0192213	0.00444731	0.00449066	0.00192857	0.0287191	0.0459849	0.0686371	0.0281819	0.0692011	0.0732364	0.0386106	0.00156993	0.00287124
184	0.0566945	0.00828261	0.0495619	0.0120724	0.0913854	0.00736372	0.0707324	0.0549246	0.0122122	0.0395104	0.00978237	0.0137448	0.0365193	0.05585	0.0106277	0.0264725	0.0283866	0.0353424	0.00394037	0.376594
185	0.0345569	0.00570245	0.0189167	0.0285472	0.00988453	0.00902386	0.0400425	0.0112029	0.0837693	0.0224972	0.00779915	0.018215	0.0172121	0.0288211	0.581293	0.0287194	0.0212032	0.0113877	0.00660048	0.0146052
186	0.0404766	0.0190372	0.00213423	0.00276097	0.0226522	0.00896494	0.00238816	0.251701	0.00369664	0.0509725	0.0319704	0.00948525	0.0131378	0.00322588	0.00221378	0.0366644	0.0890823	0.381742	0.00587468	0.0218192
187	0.0624833	0.000831798	0.393884	0.273187	0.0073943	0.0173819	0.00796198	0.00195819	0.0289944	0.00740615	0.00584199	0.0292013	0.0129845	0.0366979	0.0365401	0.0362978	0.0207332	0.0127711	0.00614217	0.0013068
188	0.00298212	0.00113332	0.00157975	0.00203216	0.680695	0.00120761	0.019839	0.0148185	0.00695935	0.0302935	0.00462014	0.00385699	0.000793821	0.00233611	0.00165831	0.00228616	0.00894992	0.00978161	0.0199297	0.184247
189	0.0116345	0.00297708	0.00154941	0.00191664	0.0535479	0.00188087	0.00232435	0.29239	0.00478663	0.237217	0.124967	0.00991228	0.00170981	0.00262182	0.00381949	0.00457623	0.0351381	0.15966	0.00453802	0.042832
190	0.0171139	0.00238696	0.00313339	0.0266068	0.0755922	0.00206333	0.0388292	0.176436	0.0621605	0.210634	0.0444961	0.00435934	0.00176685	0.0719943	0.131247	0.017967	0.0393942	0.0390551	0.00163057	0.0331327
191	0.117765	0.00594897	0.0167623	0.0131291	0.00565714	0.609443	0.008027	0.00721473	0.010115	0.00917549	0.0039282	0.015309	0.00643336	0.0160053	0.00621521	0.0926625	0.0248181	0.0141492	0.00265135	0.0145907
192	0.00637526	0.00964806	0.00204048	0.00457055	0.357742	0.00117926	0.00721114	0.0612548	0.00236509	0.044939	0.0373072	0.00261195	0.000953587	0.00342102	0.00132691	0.00758009	0.00356533	0.0348432	0.043842	0.367223
