283	20
1	0.0648856	0.0042226	0.021096	0.130185	0.000448466	0.017384	0.0173348	0.00662419	0.217538	0.0137402	0.00447688	0.0161631	0.00232531	0.169514	0.230118	0.0511788	0.0262134	0.00368375	0.000249977	0.00261806
2	0.00852261	0.0023708	0.00049889	0.000633812	0.0313585	0.00190882	0.000467206	0.0322016	0.000572389	0.802791	0.0530503	0.00336811	0.000445895	0.00492523	0.000589548	0.000857611	0.00999342	0.0326304	0.00355755	0.00925639
3	0.0622084	0.000682549	0.000675573	0.00110278	0.000781248	0.0238947	0.000800924	0.00132626	0.000747611	0.0054093	0.00471139	0.0148733	0.000618235	0.0083246	0.00101636	0.308117	0.561432	0.00205391	0.000437129	0.000786485
4	0.00300839	0.00759963	0.000962409	0.00467804	0.00847111	0.00133153	0.00088086	0.173275	0.000853621	0.627902	0.00594429	0.00523191	0.0309444	0.00862494	0.00906689	0.00187091	0.0234663	0.0725922	0.0080516	0.00524422
5	0.075669	0.000474127	0.197692	0.509345	0.000608009	0.00700066	0.0169878	0.00120341	0.0213916	0.00112011	0.00068244	0.0111585	0.0124602	0.0539899	0.0263819	0.0302163	0.0282982	0.00425475	0.000288842	0.000776938
6	0.0765882	0.00111989	0.193129	0.441303	0.0011786	0.00880961	0.0152857	0.00248144	0.032595	0.00627203	0.00306268	0.0206465	0.0101398	0.0725937	0.0426176	0.0330164	0.0299132	0.00706221	0.000762426	0.00142268
7	0.0392618	0.00677938	0.00865891	0.0171627	0.00474331	0.00933209	0.0241054	0.015917	0.448805	0.0759078	0.017009	0.00871808	0.00210977	0.0284746	0.213193	0.0185677	0.0184479	0.035147	0.00184276	0.00581624
8	0.0739986	0.0112131	0.000462793	0.000694396	0.0178184	0.00348849	0.000561452	0.342677	0.000459306	0.118515	0.0227714	0.00866117	0.00550071	0.000718072	0.00482811	0.014383	0.0522408	0.317999	0.00167484	0.00133431
9	0.246974	0.010596	0.0666437	0.00229858	0.00289953	0.449241	0.0187945	0.00299491	0.00703174	0.0184197	0.00226906	0.0406824	0.00193812	0.00315295	0.0591817	0.0242422	0.0102125	0.00424809	0.011059	0.0171206
10	0.0415023	0.00942243	0.0125122	0.0435224	0.00921513	0.0192944	0.0131705	0.0186028	0.0184185	0.0280174	0.0360889	0.0163048	0.0101769	0.583967	0.0215288	0.0458623	0.0260931	0.0295595	0.00492399	0.0118161
11	0.049671	0.00215077	0.0221393	0.063388	0.0115037	0.0855477	0.0940759	0.0213287	0.0632294	0.105421	0.00241889	0.0773687	0.0534147	0.131402	0.0819472	0.029843	0.0584671	0.00834639	0.0125537	0.0257823
12	0.0770314	0.0136146	0.000615984	0.000938975	0.0128618	0.00434984	0.000701776	0.339599	0.000455969	0.130609	0.0247684	0.0119449	0.0131128	0.00116691	0.00341961	0.0165391	0.0468777	0.297201	0.00297998	0.0012107
13	0.086187	0.00248602	0.00648975	0.00669688	0.00140232	0.736577	0.00228329	0.00133167	0.00147037	0.0047097	0.00333144	0.0159166	0.00229201	0.0112056	0.0120186	0.0693987	0.028955	0.0044437	0.00163314	0.00117139
14	0.185894	0.0234205	0.052012	0.0405645	0.00861925	0.0886876	0.0797096	0.00401756	0.00648636	0.015418	0.0164945	0.0422332	0.0013561	0.0475095	0.00968476	0.229491	0.116864	0.0280487	0.000974217	0.00251378
15	0.0348456	0.00690194	0.004636	0.00409105	0.036768	0.00694841	0.00486874	0.260236	0.000509635	0.168363	0.0765351	0.00749305	0.00474169	0.00820317	0.002319	0.0133681	0.0381845	0.290441	0.00357466	0.0269714
16	0.0163351	0.0014836	0.000561411	0.00109087	0.00720616	0.0015607	0.000983821	0.398136	0.000696997	0.163422	0.0183239	0.00182951	0.00103274	0.00141236	0.00106918	0.0034045	0.0152516	0.363032	0.000793227	0.00237473
17	0.117629	0.00722265	0.0016003	0.019437	0.00247913	0.038591	0.000680178	0.00801937	0.00083662	0.0270063	0.00552114	0.00902911	0.626068	0.0255583	0.00807491	0.0613649	0.0265428	0.0118029	0.000322917	0.00221346
18	0.0762868	0.0117792	0.00644158	0.00529738	0.040079	0.00672642	0.00896889	0.227469	0.000586149	0.167219	0.0976235	0.00686566	0.00759436	0.0104129	0.00361416	0.0155831	0.0383942	0.239777	0.00298885	0.0262928
19	0.00683672	0.00340489	0.00342643	0.000692695	0.0588828	0.000935748	0.000560794	0.248006	0.000536609	0.496781	0.0682342	0.000820023	0.00036241	0.000928639	0.000701797	0.00121954	0.00148889	0.0999982	0.000298856	0.00588392
20	0.0423899	0.00687726	0.00482624	0.00453828	0.0768149	0.0054363	0.0087508	0.208257	0.000738385	0.17451	0.0869438	0.00839267	0.0114001	0.0107179	0.00377412	0.0138931	0.0407101	0.230417	0.013689	0.0469232
21	0.128751	0.0135956	0.0786268	0.0773422	0.0646437	0.0505785	0.00490905	0.0491817	0.0185986	0.142469	0.0385008	0.0189302	0.00360484	0.0663392	0.0224043	0.0824227	0.0327233	0.0632576	0.00599322	0.0371283
22	0.0461828	0.00167493	0.413951	0.32222	0.00129191	0.0150171	0.0118648	0.00208469	0.016065	0.00253107	0.00136776	0.0451517	0.0115177	0.0351142	0.0195727	0.0305251	0.0170982	0.00480647	0.000585578	0.00137652
23	0.284058	0.0513688	0.00359484	0.00573154	0.00458613	0.0450519	0.00394976	0.0874608	0.00233777	0.0222469	0.0153312	0.0138028	0.0163292	0.0166513	0.00342477	0.140054	0.0870689	0.192832	0.00157626	0.00254241
24	0.0738726	0.0130975	0.000606603	0.000843347	0.0131032	0.00442328	0.000687017	0.333049	0.000409766	0.13059	0.0248329	0.0118955	0.0142855	0.00113398	0.00326728	0.0165392	0.0465912	0.307011	0.0026133	0.00114749
25	0.0980755	0.00566504	0.0301159	0.0548465	0.00859493	0.0545495	0.18938	0.0127797	0.0293592	0.0477788	0.00703798	0.080005	0.0261144	0.0563442	0.0846308	0.0627785	0.0965239	0.0273568	0.00515957	0.0229037
26	0.0518556	0.00209852	0.00184186	0.00152198	0.00139091	0.898801	0.000434782	0.00065693	0.000371311	0.000860363	0.00229767	0.00112946	0.00390778	0.00151923	0.00155178	0.0187675	0.00629854	0.00290311	0.00027122	0.00152004
27	0.0648176	0.0125622	0.00110345	0.0396404	0.29247	0.00165614	0.072398	0.0335528	0.00523433	0.0951283	0.0202064	0.0294859	0.00569741	0.0617035	0.0102487	0.0118095	0.0120363	0.0431531	0.0149182	0.172178
28	0.179708	0.0463159	0.00516219	0.0498258	0.00335836	0.0940926	0.00474193	0.00714493	0.144591	0.0104131	0.00411904	0.036849	0.0026431	0.0536977	0.107822	0.118456	0.100088	0.0252679	0.00162926	0.00407349
29	0.120825	0.0106009	0.0270334	0.0499672	0.00629881	0.0198589	0.0141906	0.0923384	0.00335445	0.0666603	0.0345432	0.0175129	0.0173215	0.0212317	0.00372892	0.088778	0.194379	0.206307	0.00114986	0.00392056
30	0.0806297	0.0163221	0.00151769	0.00262028	0.0114708	0.0112649	0.00135131	0.301996	0.000418045	0.110078	0.0261405	0.0196164	0.00812205	0.0010592	0.00326991	0.0297092	0.0748933	0.296711	0.00188337	0.000926242
31	0.0201314	0.00133786	0.00107457	0.00117621	0.493556	0.00201659	0.0174621	0.0176289	0.00149937	0.0570947	0.00736515	0.0017473	0.00560765	0.00185542	0.0114164	0.00742233	0.00284437	0.0242444	0.033725	0.290795
32	0.092567	0.00787095	0.00226129	0.0202294	0.00242303	0.049011	0.00216127	0.00941337	0.00297672	0.0137915	0.00324124	0.0393522	0.559258	0.026275	0.0099529	0.104347	0.0407195	0.011343	0.000797903	0.00200765
33	0.131367	0.00289646	0.0362679	0.0556552	0.00128402	0.0208933	0.0198419	0.075365	0.00115897	0.0531098	0.0254464	0.0149093	0.022436	0.0300281	0.00158649	0.103309	0.19432	0.208263	0.000629597	0.00123236
34	0.094064	0.00440317	0.00177035	0.0262941	0.00190377	0.0680635	0.00198739	0.013795	0.00195519	0.0112344	0.00281199	0.0698945	0.467606	0.0378228	0.0148383	0.144908	0.0287119	0.00516746	0.000929007	0.00183872
35	0.0030545	0.00772816	0.00094856	0.0046011	0.00843621	0.00135252	0.000915962	0.173092	0.00087458	0.629363	0.0059628	0.00507099	0.0308874	0.00864572	0.00892472	0.00192391	0.023605	0.0716571	0.00786548	0.00508958
36	0.591693	0.00131357	0.00548289	0.00287284	0.00162252	0.1735	0.000814332	0.00304053	0.000678199	0.0074097	0.00196156	0.034504	0.00053184	0.00266401	0.00173897	0.130514	0.0202526	0.0169559	0.00171293	0.000737162
37	0.0104411	0.00244508	0.00283162	0.0328485	0.00293626	0.00453827	0.00294522	0.095199	0.0025683	0.214624	0.271702	0.00357567	0.00223375	0.204597	0.0206718	0.0063561	0.0197465	0.0373301	0.03236	0.0300499
38	0.607912	0.00278531	0.00474837	0.00230692	0.0029562	0.167764	0.000714387	0.00633264	0.000569791	0.00483933	0.00401801	0.0209758	0.000900025	0.0019682	0.0023853	0.120133	0.0235043	0.0233307	0.00127354	0.000582399
39	0.548593	0.0607489	0.000993458	0.00128438	0.000899027	0.00186008	0.0139836	0.00931541	0.000991564	0.0117043	0.0233938	0.00151011	0.000853532	0.00133305	0.00557881	0.278937	0.0127373	0.0238229	0.000467969	0.000991827
40	0.062493	0.000618068	0.00067898	0.00108378	0.000772684	0.0240447	0.000784089	0.00132495	0.000729768	0.00540006	0.0046903	0.0146026	0.000612126	0.00834448	0.00100638	0.307704	0.561904	0.00199627	0.000443045	0.000767334
41	0.0182307	0.00177153	0.00192921	0.00242472	0.657029	0.00357621	0.00376134	0.0143988	0.00185312	0.0255461	0.0298257	0.00269808	0.00230679	0.00309184	0.0197034	0.00463403	0.00415195	0.0341141	0.106125	0.0628287
42	0.0140188	0.00121797	0.460644	0.0811877	0.000977756	0.0192892	0.00794126	0.00186248	0.00197412	0.00229182	0.00132349	0.331776	0.00144472	0.0134125	0.0137703	0.0311833	0.0115099	0.00270467	0.000509268	0.000960328
43	0.0471397	0.0156723	0.0154269	0.0412402	0.00378791	0.0166208	0.00253755	0.080652	0.0155251	0.122743	0.0527782	0.017166	0.257798	0.00399303	0.0819994	0.0179018	0.141569	0.0483681	0.00127328	0.0158075
44	0.150447	0.0566499	0.00265503	0.0106039	0.00236386	0.0443384	0.00882472	0.103336	0.00182166	0.0489327	0.00765306	0.0559179	0.00256862	0.00382959	0.00187461	0.0819367	0.219249	0.194504	0.000912073	0.00158101
45	0.0201573	0.00134344	0.00105663	0.00115292	0.494708	0.00201479	0.0173793	0.0177456	0.00143367	0.0569948	0.00740843	0.00169168	0.00558725	0.00184443	0.0114539	0.00709911	0.00278946	0.0240407	0.0339869	0.290112
46	0.632311	0.00174724	0.00699909	0.00371326	0.0020184	0.0876551	0.000684639	0.00445827	0.000517828	0.004329	0.00280825	0.0220322	0.000977208	0.00251862	0.00196742	0.168176	0.0222758	0.0321182	0.00207868	0.00061368
47	0.116043	0.00778233	0.00167133	0.0197991	0.00254811	0.0361351	0.000986305	0.00841559	0.0013083	0.0234887	0.00530703	0.0122123	0.610136	0.0259325	0.007702	0.0718455	0.0322286	0.0139801	0.000336932	0.00214125
48	0.0860734	0.0278495	0.0226328	0.0298931	0.0108388	0.034705	0.00794923	0.117488	0.00509583	0.127723	0.0825589	0.0469783	0.0169954	0.0105395	0.0117719	0.0340208	0.152246	0.164918	0.00201853	0.0077044
49	0.0749656	0.00895351	0.00159145	0.00276297	0.0143977	0.00683247	0.00111044	0.267237	0.000967906	0.186738	0.0405229	0.00846118	0.00507426	0.00273147	0.00304942	0.013163	0.051807	0.305339	0.00163552	0.00265883
50	0.0137985	0.00983011	0.533785	0.140843	0.00130589	0.0526142	0.0082029	0.00272196	0.036971	0.0037726	0.00205726	0.0745274	0.00268533	0.0380463	0.0205496	0.031329	0.017644	0.00691469	0.00119694	0.00120464
51	0.0236681	0.0017432	0.00027283	0.000908954	0.0156267	0.0020015	0.00100465	0.290116	0.000278344	0.131589	0.0329495	0.00186389	0.00164429	0.00160336	0.000792372	0.00410819	0.0287733	0.457923	0.000177425	0.00295615
52	0.00795286	0.00235017	0.641962	0.181879	0.000832327	0.0158627	0.00617294	0.00123427	0.00330981	0.0016135	0.000893393	0.062551	0.00199698	0.0205735	0.0148063	0.0312624	0.00187949	0.00184842	0.000355672	0.000663814
53	0.171055	0.00293862	0.00444431	0.0143997	0.00578626	0.0192044	0.000631614	0.0132288	0.000525324	0.0447016	0.0130878	0.000928152	0.58096	0.033622	0.00785739	0.0284631	0.0198599	0.0312042	0.000370882	0.00673136
54	0.0759762	0.0118477	0.00839102	0.0328809	0.00863102	0.0192597	0.0244297	0.0510275	0.163273	0.107943	0.0229294	0.0129858	0.00652779	0.0385086	0.253636	0.0225515	0.0340072	0.088209	0.00392598	0.0130598
55	0.0793795	0.0270728	0.0132369	0.00638519	0.213179	0.0490016	0.0195486	0.00736375	0.00264624	0.0572266	0.011757	0.0396539	0.0154838	0.00769139	0.00861372	0.0297855	0.0108069	0.0168357	0.194865	0.189467
56	0.0912063	0.00637738	0.00220949	0.0224664	0.00271558	0.121166	0.00180984	0.0100576	0.0019388	0.0164327	0.00424162	0.0339422	0.500926	0.0273879	0.0102703	0.109629	0.0265838	0.00753607	0.000958699	0.00214412
57	0.0447936	0.00800572	0.00953788	0.0269227	0.00781303	0.0190149	0.018999	0.0169585	0.140415	0.0218973	0.0145076	0.010742	0.00383527	0.0492664	0.521433	0.0265874	0.0135995	0.0158485	0.00957389	0.0202491
58	0.215248	0.00718913	0.0717214	0.0754563	0.0405205	0.0642589	0.0041479	0.0498806	0.00774498	0.0988543	0.0360837	0.00876292	0.00269015	0.0383637	0.00917906	0.121265	0.0150841	0.0858119	0.0167045	0.0310324
59	0.066827	0.00286874	0.108837	0.578143	0.00253337	0.0172189	0.0250638	0.0103534	0.0172504	0.0080571	0.00500455	0.0117147	0.00687489	0.0311081	0.0210565	0.0290536	0.0318174	0.0156461	0.0015753	0.00899637
60	0.0624849	0.16773	0.0501794	0.00880655	0.00479041	0.171708	0.00594471	0.00833025	0.00469776	0.0110581	0.0280641	0.0507963	0.00356074	0.00736548	0.00587698	0.279758	0.0868282	0.035076	0.00227968	0.00466434
61	0.0501752	0.0113936	0.00173544	0.00291296	0.241168	0.0153853	0.0357338	0.0285004	0.00594795	0.0249771	0.0417312	0.0395429	0.0557494	0.00734225	0.0142316	0.0668188	0.0607031	0.0549281	0.00201059	0.239012
62	0.0722403	0.00235199	0.00307713	0.00428511	0.00117094	0.794954	0.0013594	0.000823644	0.000537706	0.00240361	0.00262679	0.00570252	0.00298318	0.00462582	0.00365665	0.074334	0.0169149	0.0041258	0.000570726	0.00125563
63	0.07685	0.00304806	0.0983323	0.581973	0.00320463	0.0180296	0.0259381	0.0105445	0.0156232	0.0074856	0.0047609	0.00946768	0.00974691	0.0301775	0.0193811	0.0281288	0.0311282	0.0159178	0.00158638	0.00867615
64	0.0103274	0.00220821	0.624953	0.190265	0.000929423	0.0160578	0.00654188	0.00125858	0.00469067	0.00171061	0.000920031	0.0609443	0.00254259	0.0216489	0.0151495	0.0329302	0.00373285	0.00195259	0.000369886	0.000866194
65	0.124174	0.0238169	0.00151905	0.00220337	0.00188385	0.0106073	0.00138762	0.00275355	0.00869201	0.00316329	0.00198161	0.0107496	0.531754	0.00239206	0.00209682	0.0493757	0.160732	0.0580824	0.000898202	0.0017372
66	0.0109561	0.0152776	0.0123598	0.00137664	0.148011	0.00227119	0.0824702	0.0308228	0.0119292	0.0516139	0.03254	0.00177143	0.000988728	0.0118923	0.00214964	0.00297232	0.00832798	0.0653855	0.0474823	0.459402
67	0.00519438	0.00232728	0.000274454	0.000375343	0.0225397	0.00124448	0.000306515	0.0381339	0.000270042	0.813749	0.0443389	0.0038409	0.000662653	0.0051272	0.000313237	0.000689563	0.0100855	0.0353193	0.00357141	0.0116358
68	0.150276	0.0550014	0.00288436	0.0114397	0.00216241	0.0446185	0.00939765	0.105774	0.0016366	0.0452414	0.00643966	0.0547575	0.00205415	0.00396075	0.00186049	0.0822627	0.227656	0.190162	0.000871328	0.00154338
69	0.0297845	0.00245942	0.000246534	0.000512565	0.0187461	0.00237711	0.00027489	0.263804	0.000275517	0.13456	0.0380215	0.00269632	0.00215095	0.00139095	0.00060631	0.00543723	0.0393086	0.453635	0.000196412	0.00351647
70	0.278102	0.0124243	0.00456654	0.00324039	0.0306139	0.0111853	0.00934325	0.12989	0.00171709	0.199399	0.0983039	0.0031092	0.00993434	0.00640982	0.00269557	0.0230563	0.0412412	0.126265	0.00134591	0.00715693
71	0.621871	0.0135553	0.00232458	0.00216161	0.00202246	0.0499674	0.00254965	0.0100055	0.00102769	0.00434548	0.00634329	0.00550455	0.0168209	0.00267747	0.00162874	0.113554	0.0509445	0.0903411	0.00126802	0.00108726
72	0.0693045	0.122987	0.00371535	0.0238852	0.00349159	0.00703451	0.00426489	0.062173	0.00371459	0.0106376	0.0390466	0.0237291	0.00281092	0.0219207	0.00461937	0.0465911	0.484767	0.0594748	0.00204888	0.00378389
73	0.135107	0.00359575	0.00245372	0.00340222	0.00530444	0.0450465	0.00284941	0.0759017	0.00257677	0.270211	0.0536468	0.00334746	0.0651929	0.00355923	0.00279695	0.0363893	0.0113185	0.27339	0.00140034	0.00250992
74	0.0748527	0.00213742	0.0301898	0.158012	0.00599665	0.0135902	0.0125678	0.0526487	0.0530053	0.0922739	0.0380762	0.026946	0.0070442	0.154748	0.0819689	0.0603513	0.0547967	0.0724296	0.000867855	0.00749685
75	0.196262	0.001965	0.0126909	0.00803422	0.00207708	0.51313	0.00403529	0.00270723	0.00165773	0.0116898	0.00465418	0.0394456	0.00127081	0.0151234	0.00852308	0.12105	0.0446614	0.00675495	0.00250082	0.0017662
76	0.0536243	0.00200654	0.00173875	0.00132092	0.00141127	0.901413	0.000382437	0.000664586	0.000356327	0.000811023	0.00231192	0.000682895	0.00393825	0.00134718	0.00139044	0.0162152	0.00562459	0.00304747	0.000211186	0.00150173
77	0.0313665	0.0149077	0.00236283	0.00330543	0.00226917	0.0104408	0.0563173	0.0391154	0.287497	0.146371	0.0469582	0.0154831	0.00191281	0.030484	0.15804	0.0173575	0.0460915	0.0858394	0.00120938	0.00267063
78	0.0162394	0.00179605	0.514728	0.222785	0.000890292	0.017869	0.00846063	0.00158545	0.00630707	0.00188032	0.00118928	0.113183	0.00280964	0.0236217	0.0206696	0.0373799	0.00463355	0.00267651	0.000436851	0.000859734
79	0.0954952	0.0746472	0.00605338	0.00669836	0.061276	0.102404	0.0934746	0.0547489	0.00601572	0.104923	0.008455	0.00794046	0.00475782	0.00729182	0.0370968	0.0706717	0.120608	0.0369784	0.0351341	0.0653299
80	0.00934316	0.015897	0.0210883	0.00176994	0.14792	0.00221659	0.114903	0.0474451	0.00899436	0.0451695	0.0388748	0.00239111	0.00107616	0.0151687	0.00183233	0.00316064	0.00720359	0.0698991	0.0371925	0.408454
81	0.0111233	0.00210217	0.000395847	0.000617882	0.0429436	0.00262603	0.000452187	0.0245909	0.000490114	0.803898	0.0517278	0.00296597	0.000407147	0.00424692	0.00055632	0.0010434	0.00954267	0.0294049	0.0033835	0.00748164
82	0.0625439	0.00340069	0.00423252	0.0664828	0.0494053	0.00577956	0.00383241	0.0393773	0.067739	0.130387	0.0219753	0.00507316	0.222627	0.00616665	0.0440537	0.00867477	0.0261962	0.133785	0.00218503	0.0960824
83	0.11347	0.00676985	0.00136373	0.0206615	0.00206906	0.040749	0.000610725	0.00803586	0.000615233	0.0252729	0.00467656	0.0106861	0.626353	0.0263917	0.00857224	0.0696799	0.024058	0.00795189	0.000297154	0.00171496
84	0.0264102	0.00204493	0.00118431	0.00134099	0.576889	0.00355952	0.00980766	0.0197198	0.00166672	0.0331552	0.0166221	0.00226963	0.00325978	0.00181468	0.00719747	0.00443052	0.00258534	0.0477358	0.0403135	0.197993
85	0.0723071	0.00334219	0.0157348	0.165754	0.000994982	0.0168789	0.0222437	0.00643824	0.198631	0.0184286	0.00404695	0.0180926	0.00192448	0.147296	0.226657	0.0346296	0.0241194	0.0122866	0.000772976	0.0094205
86	0.158228	0.00211049	0.0529918	0.200349	0.00272988	0.0108763	0.0140897	0.0139777	0.0955052	0.0326771	0.0245787	0.0182243	0.00780417	0.103943	0.130573	0.0452572	0.0433879	0.0365367	0.0011293	0.00503123
87	0.646638	0.00866161	0.00395463	0.00159786	0.00543627	0.1141	0.000626759	0.0135091	0.000594666	0.00184979	0.00962279	0.00715851	0.00292797	0.00169113	0.0025519	0.0912156	0.0274811	0.0590544	0.000713665	0.000614794
88	0.0417852	0.00390916	0.000434515	0.000661388	0.0216696	0.00240344	0.000436324	0.293671	0.000314434	0.128563	0.0342216	0.00282628	0.00240624	0.00168535	0.00158008	0.0069115	0.0374407	0.414251	0.000451789	0.00437749
89	0.429397	0.0480924	0.00212241	0.00230655	0.00529273	0.0186991	0.00203505	0.0394621	0.00179551	0.0426411	0.00690885	0.00319981	0.0581549	0.00418402	0.0025078	0.109074	0.0133777	0.20738	0.00107113	0.00229727
90	0.128839	0.00255271	0.0143928	0.0420046	0.0143776	0.212	0.0132468	0.0158907	0.0973041	0.148653	0.0459734	0.0147347	0.00185087	0.00379443	0.133944	0.0419511	0.00546254	0.0295869	0.0193825	0.0140582
91	0.105778	0.00866091	0.00067033	0.000722761	0.000598512	0.0945391	0.000609101	0.00106559	0.000565723	0.00417279	0.00339183	0.0124778	0.000499403	0.00364984	0.00354811	0.677721	0.0672144	0.0131447	0.00040848	0.000560754
92	0.0322383	0.00243919	0.000252044	0.000799327	0.0192695	0.00205822	0.00035231	0.273086	0.000352221	0.1283	0.034274	0.00252324	0.00204151	0.00145858	0.000858699	0.00521624	0.0382235	0.452629	0.000243898	0.00338489
93	0.0555798	0.013521	0.0150523	0.0197595	0.0175239	0.0246302	0.0160382	0.0419296	0.0147362	0.0544657	0.498697	0.018602	0.011523	0.0304896	0.0217802	0.0338922	0.0339604	0.0530892	0.00884599	0.0158839
94	0.276253	0.00324956	0.00252343	0.00357863	0.00278543	0.0169956	0.0379633	0.0400415	0.00252122	0.0188099	0.0159011	0.0889583	0.0624302	0.0039323	0.0030951	0.207135	0.139953	0.0698362	0.00145677	0.00258032
95	0.00738629	0.00161744	0.00844355	0.00204576	0.014032	0.00315286	0.00173977	0.400625	0.00173485	0.219095	0.0238345	0.0245434	0.00204983	0.00229375	0.00242065	0.00494824	0.0237323	0.186028	0.0279937	0.0422829
96	0.014487	0.00130698	0.4605	0.0815397	0.000949029	0.0201745	0.00758785	0.00177866	0.00202275	0.00221792	0.00128438	0.330562	0.00147344	0.0136738	0.0134158	0.0312958	0.0115721	0.0026946	0.000502227	0.000962073
97	0.110084	0.0040671	0.0803324	0.0138455	0.0132574	0.262309	0.0204411	0.00762688	0.0118581	0.0230148	0.00486072	0.181927	0.0156166	0.0333065	0.0430644	0.0933778	0.0301703	0.0106545	0.0214366	0.0187494
98	0.0201062	0.00146518	0.00102952	0.021705	0.0079218	0.00299306	0.00152231	0.242222	0.0135893	0.0524112	0.017477	0.00616597	0.00150895	0.00833378	0.00306985	0.00738636	0.0522683	0.536982	0.000505031	0.00133721
99	0.152036	0.00502464	0.00302131	0.016171	0.00445325	0.0242389	0.000661682	0.0104816	0.000776049	0.0361407	0.0101803	0.00315845	0.605948	0.0290903	0.00743634	0.0380239	0.0247097	0.0235698	0.000310701	0.00456711
100	0.183305	0.0658064	0.00273829	0.00359857	0.0141258	0.044371	0.00265486	0.071837	0.00209359	0.0521037	0.0758132	0.0165803	0.041086	0.00552392	0.00300413	0.150189	0.050738	0.210742	0.00122764	0.00246177
101	0.101029	0.0307478	0.00920412	0.0220866	0.00355445	0.0291398	0.157033	0.0181714	0.00393387	0.00790461	0.00495919	0.00781635	0.00209443	0.0224899	0.0043474	0.34032	0.20957	0.0212778	0.00156553	0.00275418
102	0.63165	0.00522243	0.00543573	0.00189454	0.00511742	0.122196	0.000582645	0.0117241	0.000529028	0.00256942	0.00759473	0.0100393	0.00166592	0.00171693	0.00333748	0.120032	0.0239866	0.0431067	0.00102433	0.000574545
103	0.0104351	0.00241416	0.176687	0.00364929	0.00247646	0.00456268	0.0459832	0.00482918	0.00274106	0.00641788	0.00396046	0.412686	0.00274626	0.00343967	0.00337961	0.296217	0.00620893	0.00693301	0.00149097	0.00274226
104	0.00520975	0.00233608	0.000266485	0.000375034	0.0224568	0.00123878	0.000306485	0.0374145	0.000267676	0.814697	0.0443189	0.0038594	0.000663326	0.00515831	0.000311629	0.000689896	0.0101222	0.0350498	0.00359616	0.0116617
105	0.0064221	0.00238051	0.000259112	0.000393215	0.0253466	0.00140071	0.000303699	0.0355965	0.000454337	0.808776	0.0475187	0.0042743	0.000412219	0.00613825	0.000375533	0.000749267	0.0100899	0.0344385	0.00344971	0.0112209
106	0.032638	0.000955953	0.0579046	0.0499806	0.00164487	0.00867813	0.0241967	0.00168958	0.0805016	0.00225328	0.00618842	0.0697803	0.0137225	0.0721243	0.131286	0.115551	0.319921	0.00908368	0.000579245	0.00132097
107	0.0104717	0.00115028	0.325411	0.160629	0.000648382	0.113559	0.011821	0.00101168	0.137486	0.00135916	0.000791835	0.0388746	0.00354584	0.0774772	0.0423944	0.0188587	0.044192	0.00686062	0.00292899	0.00052797
108	0.0499991	0.0011521	0.00139883	0.0049604	0.00145553	0.00375088	0.00579069	0.146297	0.0359232	0.182188	0.0142622	0.00199031	0.000796217	0.00324238	0.0180453	0.0027641	0.0422874	0.453745	0.0138398	0.016112
109	0.0528497	0.00403997	0.00485828	0.0074036	0.0437234	0.00624291	0.00290072	0.0503652	0.00605044	0.619243	0.0494031	0.00339229	0.00212502	0.00867793	0.00789325	0.00545555	0.0169314	0.094788	0.00358992	0.0100663
110	0.00840337	0.00196795	0.001518	0.00188581	0.00133177	0.00259046	0.0202705	0.00424805	0.516907	0.0274139	0.00890601	0.00198012	0.00116843	0.0153618	0.349921	0.0160701	0.00430129	0.0137373	0.000665447	0.00135147
111	0.0104717	0.00115028	0.325411	0.160629	0.000648382	0.113559	0.011821	0.00101168	0.137486	0.00135916	0.000791835	0.0388746	0.00354584	0.0774772	0.0423944	0.0188587	0.044192	0.00686062	0.00292899	0.00052797
112	0.0117733	0.0011359	0.330416	0.156169	0.000754414	0.108547	0.0119859	0.00110066	0.138978	0.00194027	0.000768697	0.0386576	0.00373641	0.0775233	0.0430665	0.0197692	0.0434964	0.0068478	0.00280444	0.000528619
113	0.0879509	0.00633381	0.0124329	0.00484725	0.0379165	0.677873	0.00602315	0.00570823	0.00424226	0.0156288	0.00738249	0.0112265	0.00732896	0.00479394	0.0142689	0.0217809	0.0137534	0.0100218	0.0170293	0.0334567
114	0.038157	0.00525989	0.00415484	0.00385763	0.0911696	0.00468125	0.00782737	0.178887	0.0012019	0.18686	0.092158	0.00722687	0.013567	0.00868447	0.00367608	0.0163605	0.040339	0.219817	0.0193723	0.0567427
115	0.0350594	0.0037021	0.000385267	0.000858387	0.0191696	0.00286526	0.000442778	0.267578	0.000358974	0.131651	0.0372696	0.00485609	0.00254039	0.00158287	0.00104589	0.0077926	0.0457559	0.432712	0.00048101	0.00389304
116	0.0336865	0.00535631	0.00200084	0.00254339	0.0253659	0.00473876	0.00219695	0.274513	0.000356275	0.139262	0.0607295	0.00356547	0.00260444	0.00525148	0.00109475	0.00865327	0.0349095	0.380769	0.000595817	0.0118071
117	0.105778	0.00866091	0.00067033	0.000722761	0.000598512	0.0945391	0.000609101	0.00106559	0.000565723	0.00417279	0.00339183	0.0124778	0.000499403	0.00364984	0.00354811	0.677721	0.0672144	0.0131447	0.00040848	0.000560754
118	0.00969222	0.00235207	0.645719	0.146225	0.00125777	0.0169468	0.00674794	0.0019423	0.00574609	0.00310094	0.00143381	0.0830536	0.00226458	0.0189116	0.0135629	0.0304358	0.00582146	0.00287387	0.000582421	0.00132929
119	0.08895	0.0270382	0.0161173	0.00452716	0.191313	0.054286	0.0185206	0.00530145	0.00249415	0.0610078	0.00988953	0.0418084	0.0137105	0.00455755	0.00820747	0.0360284	0.0108516	0.0139651	0.19165	0.199776
120	0.661621	0.00128874	0.00542526	0.00492331	0.00159315	0.0783646	0.000705504	0.00300639	0.0006188	0.00573821	0.00206046	0.0224612	0.00100103	0.0024897	0.00212478	0.156137	0.0167489	0.0295806	0.00343573	0.000675787
121	0.00683672	0.00340489	0.00342643	0.000692695	0.0588828	0.000935748	0.000560794	0.248006	0.000536609	0.496781	0.0682342	0.000820023	0.00036241	0.000928639	0.000701797	0.00121954	0.00148889	0.0999982	0.000298856	0.00588392
122	0.0627432	0.00171831	0.0136601	0.129916	0.00189323	0.0114413	0.00248253	0.0257936	0.0913672	0.0556276	0.0538625	0.199912	0.0193579	0.0452414	0.114453	0.0527001	0.0938932	0.0127891	0.00932991	0.00181759
123	0.638547	0.00151286	0.00558023	0.004056	0.00165534	0.0982735	0.000668687	0.00343995	0.000516186	0.00504202	0.00212897	0.0258829	0.00066067	0.00260638	0.00190835	0.159666	0.0196202	0.0254751	0.00217135	0.000588317
124	0.0793789	0.00297523	0.00559282	0.015335	0.00257828	0.725653	0.00551808	0.00288349	0.00152009	0.00495351	0.00727759	0.0101192	0.0030481	0.00888199	0.00464889	0.0694809	0.0413063	0.00545446	0.00107127	0.00232302
125	0.0338344	0.00527661	0.0019907	0.0021342	0.0172521	0.00718771	0.00160991	0.268905	0.000591658	0.175119	0.0533458	0.0117012	0.00299463	0.00336188	0.00170207	0.0116561	0.0531532	0.33629	0.00232566	0.00956796
126	0.00754244	0.00226082	0.649692	0.148769	0.000801318	0.0160957	0.00678794	0.00114473	0.00245375	0.00160812	0.000907959	0.0965156	0.00176322	0.0183942	0.0123597	0.0268329	0.00327149	0.00179399	0.00033689	0.000669037
127	0.0423671	0.0151631	0.00283226	0.00649741	0.0244563	0.00373545	0.00604945	0.296793	0.000568282	0.145715	0.135483	0.00320499	0.00263806	0.009258	0.00162264	0.0156055	0.0213618	0.255033	0.00104446	0.0105715
128	0.00649489	0.000472214	0.000516677	0.000596537	0.000811783	0.000888703	0.000463194	0.485463	0.000483921	0.197892	0.00766425	0.000802683	0.000364556	0.000644558	0.000620766	0.00179347	0.00357082	0.289124	0.000541202	0.000791082
129	0.0124316	0.001425	0.495214	0.0708699	0.000916919	0.0183618	0.0072339	0.00185927	0.0015242	0.00227291	0.0012846	0.315337	0.00128338	0.0132562	0.0124058	0.0281062	0.0121332	0.00265805	0.000510738	0.000914684
130	0.0861033	0.00229407	0.115811	0.250225	0.000500618	0.0088447	0.0093237	0.00492443	0.101736	0.0241868	0.0113857	0.0274847	0.0010271	0.114449	0.148004	0.0217085	0.051761	0.0155675	0.00228554	0.00237771
131	0.55039	0.0605211	0.00105042	0.00132919	0.000976268	0.00207114	0.0141796	0.0109838	0.00106742	0.0136152	0.0246567	0.00166832	0.00100628	0.00141416	0.00758393	0.269372	0.0123917	0.0241443	0.000474264	0.0011038
132	0.165768	0.0709128	0.00212197	0.00275369	0.0173401	0.0058885	0.00216584	0.00842311	0.00215782	0.0282813	0.00288125	0.00240937	0.00176557	0.00301368	0.00267991	0.0104498	0.028447	0.635458	0.00254547	0.00453711
133	0.109682	0.0172154	0.00924908	0.0280039	0.00151576	0.0463617	0.0245719	0.00256154	0.0524053	0.101777	0.0156413	0.00217716	0.00114011	0.00226972	0.399366	0.0960559	0.047368	0.00429791	0.00794342	0.0303968
134	0.0855126	0.00158676	0.0495993	0.0418693	0.00335541	0.0209873	0.100203	0.0187935	0.0551738	0.0592551	0.00170579	0.118013	0.0594764	0.0746187	0.174001	0.0373389	0.0664382	0.00985135	0.00739276	0.0148274
135	0.0166917	0.000471898	0.000489412	0.00388741	0.00356017	0.000720144	0.00502282	0.293534	0.000711369	0.0453229	0.0116154	0.000912457	0.000382736	0.00316108	0.0028255	0.00301802	0.00330215	0.603658	0.000244204	0.000469368
136	0.00616669	0.00260355	0.000385347	0.000646309	0.0245956	0.00140161	0.000338098	0.0499416	0.000314954	0.791469	0.0439544	0.00354392	0.00223674	0.00494995	0.000778927	0.000804784	0.0104986	0.0416263	0.00361307	0.0101302
137	0.132446	0.00554778	0.00569681	0.150302	0.000981016	0.0390929	0.0149947	0.0205622	0.0540268	0.0325747	0.00148991	0.0227459	0.000689954	0.058667	0.272579	0.0381275	0.110261	0.027379	0.000465768	0.0113713
138	0.108062	0.00438116	0.0169927	0.0383531	0.0416597	0.00602347	0.0118616	0.10258	0.0142697	0.27534	0.0811629	0.00324458	0.00210771	0.0266314	0.0177104	0.00501946	0.0414093	0.182589	0.0073507	0.0132503
139	0.0194411	0.00357551	0.00402369	0.00800923	0.00390171	0.0064019	0.0192552	0.00794081	0.561558	0.0323047	0.0101843	0.00497124	0.00265771	0.0173505	0.248537	0.0167041	0.0101974	0.0171036	0.00205746	0.00382529
140	0.0662502	0.013024	0.00111766	0.0412142	0.298964	0.00168681	0.0696652	0.0351983	0.00559858	0.0913537	0.0200886	0.0286657	0.00545662	0.0612699	0.0105195	0.0114401	0.0122343	0.0441725	0.0155107	0.166569
141	0.0840288	0.0022913	0.115849	0.250803	0.00052584	0.00883101	0.0094185	0.00477072	0.103112	0.0242603	0.0116448	0.0273475	0.000968266	0.11579	0.149356	0.0200434	0.0508211	0.0154173	0.00235212	0.00237025
142	0.114823	0.0138682	0.00592505	0.0118372	0.0429108	0.00819442	0.0078438	0.13993	0.00330218	0.298466	0.109864	0.00422656	0.00556823	0.0175936	0.0049803	0.00984385	0.0456055	0.14216	0.00277701	0.0102816
143	0.195116	0.00628173	0.0718387	0.00763219	0.00427845	0.465284	0.0228872	0.00434362	0.00975876	0.016573	0.0033841	0.049368	0.003381	0.00831893	0.0619477	0.0282467	0.0147382	0.00617559	0.00715008	0.0132954
144	0.00590408	0.00483839	0.000863471	0.00244588	0.0169785	0.00170285	0.000937707	0.101928	0.000782994	0.721699	0.0280228	0.00438934	0.0130358	0.00614866	0.00414909	0.00168745	0.0184063	0.0527369	0.00501491	0.00832836
145	0.0100263	0.0026328	0.00121846	0.000806246	0.0588595	0.00245359	0.000813297	0.05246	0.000876082	0.740075	0.0536887	0.00355824	0.00090597	0.0046836	0.00114314	0.00186319	0.0101304	0.0386561	0.00433752	0.0108121
146	0.075669	0.000474127	0.197692	0.509345	0.000608009	0.00700066	0.0169878	0.00120341	0.0213916	0.00112011	0.00068244	0.0111585	0.0124602	0.0539899	0.0263819	0.0302163	0.0282982	0.00425475	0.000288842	0.000776938
147	0.0834578	0.0030109	0.0353574	0.0406033	0.0401737	0.00730054	0.00886824	0.107631	0.0176111	0.342298	0.0422811	0.00162974	0.00103541	0.017697	0.0117479	0.00290151	0.0434023	0.181041	0.00312725	0.0088257
148	0.579747	0.00207872	0.00490426	0.012952	0.00206414	0.035739	0.00279692	0.0039435	0.00168256	0.00660192	0.00283436	0.0506986	0.00224707	0.00351944	0.00270509	0.21389	0.0139923	0.0535471	0.002287	0.00176847
149	0.055938	0.000778135	0.0127562	0.0354357	0.0341826	0.00876157	0.00893886	0.0117798	0.0759957	0.400493	0.0166089	0.00111483	0.00427655	0.0407307	0.117547	0.00183057	0.0199849	0.0583268	0.0112258	0.0832945
150	0.0814768	0.00228973	0.114204	0.256687	0.000514744	0.00855095	0.0094861	0.00480824	0.103703	0.0233286	0.0108541	0.0275077	0.000917428	0.117554	0.148078	0.0200371	0.0505235	0.0149168	0.00219384	0.00236734
151	0.365919	0.00434879	0.0081172	0.00187939	0.00763798	0.00461134	0.00371576	0.150724	0.00125167	0.137462	0.0724355	0.00193852	0.00469109	0.00214199	0.00199793	0.0321553	0.0417456	0.148148	0.000730734	0.00834938
152	0.676763	0.00402755	0.00596388	0.00569503	0.00203156	0.0752841	0.000603674	0.00470457	0.000472346	0.00302416	0.00392231	0.0161179	0.00289456	0.00374862	0.00176101	0.113954	0.0258101	0.0511198	0.00152672	0.000575524
153	0.129601	0.00571306	0.00934276	0.160312	0.00101443	0.0322737	0.0134967	0.0260398	0.0562199	0.0367872	0.00524122	0.0162919	0.00172914	0.0751316	0.26268	0.0395921	0.0864639	0.0336034	0.000468833	0.00799667
154	0.0540763	0.0030816	0.0192244	0.241651	0.000880183	0.0115435	0.0132653	0.00510047	0.188828	0.0115436	0.00398415	0.0249099	0.00193104	0.164919	0.186661	0.034569	0.0232006	0.00613377	0.000688495	0.00380925
155	0.105778	0.00866091	0.00067033	0.000722761	0.000598512	0.0945391	0.000609101	0.00106559	0.000565723	0.00417279	0.00339183	0.0124778	0.000499403	0.00364984	0.00354811	0.677721	0.0672144	0.0131447	0.00040848	0.000560754
156	0.0431595	0.0169364	0.00275346	0.00694875	0.0245491	0.00348652	0.00541813	0.304442	0.000590914	0.143431	0.136172	0.00294836	0.00246107	0.00866683	0.00148647	0.0159116	0.0193329	0.250606	0.000985439	0.00971298
157	0.106065	0.0255948	0.00101009	0.00156849	0.00173209	0.00177924	0.000910827	0.225698	0.000896732	0.013328	0.00232887	0.00165471	0.0149147	0.00135761	0.0014072	0.0112145	0.0865469	0.499018	0.00219378	0.000781178
158	0.00778756	0.00227183	0.000289609	0.000416751	0.0286747	0.0017023	0.000331406	0.0342894	0.000320968	0.804406	0.0493366	0.00346051	0.000439374	0.0049809	0.00036365	0.000751547	0.0101736	0.0367972	0.00349406	0.00971255
159	0.0243485	0.00515014	0.00159365	0.00230606	0.0233052	0.00356434	0.0010885	0.072139	0.000729418	0.639305	0.0601472	0.00369668	0.000860884	0.00557059	0.000866176	0.00353093	0.0157014	0.123526	0.00273709	0.00983343
160	0.0658666	0.00407362	0.020636	0.133458	0.000408633	0.0173849	0.0179307	0.00715483	0.215451	0.0138602	0.00496071	0.0163611	0.0024095	0.169302	0.225866	0.0503627	0.0270545	0.00451565	0.000249342	0.00269418
161	0.117043	0.00488192	0.175902	0.0619253	0.0108551	0.0296889	0.0315914	0.0129925	0.0499125	0.0278893	0.00592061	0.211834	0.0449081	0.0312052	0.0426967	0.0647932	0.0392579	0.0157856	0.00684474	0.0140715
162	0.00649489	0.000472214	0.000516677	0.000596537	0.000811783	0.000888703	0.000463194	0.485463	0.000483921	0.197892	0.00766425	0.000802683	0.000364556	0.000644558	0.000620766	0.00179347	0.00357082	0.289124	0.000541202	0.000791082
163	0.216796	0.0475874	0.00821738	0.0099702	0.013398	0.0889218	0.0097189	0.064506	0.00855813	0.331965	0.0221664	0.0121929	0.00852934	0.0122959	0.010611	0.0200233	0.062605	0.0384494	0.00434571	0.00914275
164	0.0399465	0.00217697	0.00126108	0.00143098	0.019359	0.00493574	0.00125759	0.0367471	0.00122554	0.429759	0.0337134	0.00191754	0.00126279	0.00181631	0.00149807	0.00593473	0.0125764	0.400285	0.000856448	0.00204008
165	0.0743307	0.0115851	0.000485445	0.000687688	0.0177024	0.00359917	0.000568843	0.344111	0.000472447	0.117845	0.0225782	0.0090981	0.00571098	0.000731357	0.00469872	0.0150079	0.0529333	0.314802	0.00175804	0.0012932
166	0.0544282	0.00228905	0.0022709	0.00199986	0.00192566	0.885849	0.000648209	0.00124996	0.000535099	0.00160437	0.00252975	0.00220823	0.0043926	0.00220779	0.00200143	0.0195845	0.007193	0.00517419	0.000376035	0.00153172
167	0.145087	0.00525307	0.00288915	0.018143	0.00421504	0.0257623	0.00100134	0.00985373	0.000553055	0.0334884	0.0105962	0.00304745	0.612642	0.0295837	0.00741485	0.0409679	0.0259885	0.0194892	0.000274778	0.0037491
168	0.0514217	0.0407694	0.0177043	0.0165728	0.134814	0.0348074	0.0374297	0.00522413	0.00301829	0.157925	0.101967	0.182659	0.00227248	0.00377231	0.0177466	0.0466602	0.0834212	0.0068873	0.00198149	0.052946
169	0.0380644	0.00913449	0.00121402	0.00156919	0.0315786	0.00889174	0.00114615	0.254462	0.00140649	0.185921	0.0113159	0.00272763	0.0561557	0.00837697	0.00162364	0.00497161	0.0106559	0.367706	0.000998305	0.00208053
170	0.0561247	0.000775797	0.0127525	0.0353327	0.0342309	0.00879089	0.00901373	0.0118696	0.0755906	0.401783	0.0167207	0.00109893	0.00429701	0.0404898	0.116302	0.00182131	0.0200059	0.0583064	0.011326	0.0833668
171	0.0757246	0.000486641	0.197727	0.509145	0.000607661	0.00700999	0.0169889	0.00120324	0.0214089	0.00111848	0.000681561	0.0111566	0.0124224	0.0540646	0.0263741	0.030229	0.0283348	0.00425153	0.000288688	0.00077694
172	0.400351	0.00328339	0.00487219	0.087754	0.0038569	0.229945	0.00410002	0.00654387	0.0041319	0.00857278	0.00477556	0.00727981	0.00252222	0.0216227	0.0207066	0.142425	0.0128919	0.0287485	0.00212132	0.00349498
173	0.00683672	0.00340489	0.00342643	0.000692695	0.0588828	0.000935748	0.000560794	0.248006	0.000536609	0.496781	0.0682342	0.000820023	0.00036241	0.000928639	0.000701797	0.00121954	0.00148889	0.0999982	0.000298856	0.00588392
174	0.0401548	0.00087523	0.000856493	0.0153667	0.00264443	0.0055851	0.00270121	0.159083	0.0326376	0.104287	0.0251005	0.00262329	0.000667255	0.00714208	0.0106329	0.00352438	0.04126	0.534759	0.00396852	0.00613047
175	0.231302	0.00289076	0.0967649	0.219614	0.00141504	0.0100544	0.00976308	0.00714071	0.0730426	0.0163172	0.00271711	0.0423856	0.0109215	0.0382598	0.0514481	0.101684	0.0562698	0.0235231	0.000364232	0.00412212
176	0.38992	0.0232363	0.00159344	0.00901637	0.00175633	0.0107488	0.00878769	0.0700301	0.0358241	0.137248	0.0169915	0.0395658	0.00112965	0.017167	0.00203591	0.00361038	0.109846	0.119162	0.000974342	0.00135693
177	0.277548	0.0436095	0.00202677	0.00244274	0.00390395	0.0120171	0.0015681	0.124714	0.00149917	0.0118778	0.00324324	0.00292472	0.00950601	0.00300514	0.00195916	0.0210566	0.0672013	0.399411	0.00864142	0.00184444
178	0.0654173	0.00411732	0.0206603	0.132531	0.000406553	0.0174007	0.017758	0.00660062	0.218188	0.0131925	0.00453864	0.0163737	0.0023474	0.169351	0.227521	0.0503904	0.0265714	0.00371536	0.000249307	0.0026706
179	0.56693	0.0450062	0.00097485	0.00132863	0.000804713	0.00259024	0.0120225	0.00890266	0.000858527	0.00864435	0.0185223	0.00198343	0.0014798	0.00114847	0.00449953	0.279129	0.0171939	0.026564	0.000522651	0.000894378
180	0.00800585	0.00234978	0.641914	0.182039	0.000833233	0.0158478	0.00618526	0.00123208	0.0033144	0.00161632	0.000889691	0.0624455	0.00200536	0.0205856	0.0147893	0.0311727	0.00190698	0.00185053	0.000355672	0.000661373
181	0.0623739	0.00132121	0.0016774	0.0062025	0.00203075	0.00384901	0.00705207	0.128641	0.0358692	0.17712	0.0170312	0.0017279	0.000751992	0.00390176	0.0186183	0.00276483	0.0442013	0.45828	0.0103033	0.0162826
182	0.154552	0.0318924	0.00108096	0.00127248	0.00106794	0.001742	0.00105722	0.216429	0.000953047	0.00689641	0.00117688	0.00119711	0.0103533	0.00138295	0.00121064	0.0110757	0.069951	0.482955	0.00270531	0.00104841
183	0.0165954	0.000467438	0.000485994	0.00389997	0.00351719	0.000706507	0.00504472	0.293547	0.000707389	0.0449345	0.0113537	0.000915018	0.000376174	0.00315016	0.00285149	0.00305007	0.00317268	0.604531	0.000242748	0.000451231
184	0.0789096	0.00255089	0.000809084	0.00100982	0.0127136	0.00905724	0.00100006	0.0592452	0.0007936	0.359439	0.0589453	0.00118122	0.00369848	0.00109859	0.00104704	0.00901918	0.0216101	0.376695	0.000427908	0.000748479
185	0.271143	0.0681185	0.00233721	0.00285762	0.0693699	0.0142238	0.00218318	0.0168784	0.00227917	0.0327361	0.00333266	0.00280744	0.00324627	0.00308435	0.0028337	0.0308906	0.0113281	0.445167	0.00156912	0.0136139
186	0.0430477	0.00424514	0.000674286	0.000998883	0.0139266	0.00628525	0.000760058	0.161414	0.000941971	0.254104	0.0571783	0.00218666	0.0016731	0.00173976	0.000837026	0.00647291	0.0285783	0.411609	0.000322229	0.00300505
187	0.0338303	0.00166689	0.354803	0.0530555	0.0168598	0.0104348	0.0170629	0.00266559	0.0165705	0.00379893	0.00223238	0.0859423	0.00925842	0.00206962	0.00974374	0.241794	0.102152	0.00350693	0.000864717	0.031688
188	0.0027992	0.00731967	0.000816517	0.00414093	0.00913306	0.00123059	0.000789516	0.158688	0.000786069	0.657319	0.00857371	0.00451035	0.0285737	0.0076921	0.00780668	0.00176674	0.0209607	0.0649763	0.00702419	0.00509239
189	0.0564467	0.00176251	0.10469	0.104601	0.0146917	0.0635004	0.0170625	0.00237171	0.0388098	0.00377309	0.00903345	0.0963125	0.00213738	0.0473631	0.11033	0.123192	0.151182	0.0440762	0.000771958	0.00789145
