364	20
1	0.040734	0.00336873	0.12423	0.0299015	0.00235691	0.09284	0.0199825	0.00708819	0.0113897	0.031983	0.00328409	0.0833413	0.0572095	0.0242588	0.00656909	0.308418	0.132115	0.0129617	0.00130619	0.00666191
2	0.014556	0.0204437	0.00442114	0.0044348	0.0121126	0.00403339	0.00287697	0.387047	0.00607359	0.19113	0.0190342	0.00499815	0.00745372	0.0034195	0.00231874	0.0174097	0.0176892	0.270787	0.00129577	0.00846505
3	0.0579648	0.00296175	0.0117868	0.0111817	0.00921637	0.0174993	0.0035407	0.0282523	0.0420541	0.0569545	0.00261437	0.0122121	0.524352	0.0554507	0.0284597	0.0519816	0.0520535	0.027892	0.00120706	0.00236449
4	0.102982	0.00483894	0.00463022	0.00650591	0.0617795	0.0139279	0.0831708	0.0966019	0.00896161	0.15716	0.0471434	0.0188453	0.107893	0.0131013	0.00629788	0.075994	0.0486332	0.0684131	0.0127154	0.0604055
5	0.0567412	0.00605379	0.0284137	0.0562646	0.0150599	0.0253653	0.0205007	0.0549959	0.0331168	0.0863443	0.0132145	0.017604	0.331909	0.0457532	0.020661	0.0783083	0.0527242	0.0391037	0.00429984	0.0135663
6	0.0641103	0.00552544	0.00999828	0.0147757	0.0234685	0.0142282	0.0104099	0.0381864	0.072292	0.0692998	0.00680468	0.0282972	0.37861	0.0460873	0.0514152	0.0488748	0.0537234	0.0472383	0.00528062	0.0113738
7	0.0352786	0.00911495	0.0121187	0.0263588	0.0117204	0.0123119	0.0166798	0.0153312	0.368826	0.02139	0.0196179	0.0289847	0.00734185	0.0252491	0.306321	0.0288953	0.0293951	0.0168953	0.00301955	0.0051499
8	0.0711307	0.00421986	0.0129778	0.0137882	0.0243345	0.0172792	0.0201938	0.0523014	0.0305417	0.105928	0.0144676	0.0162478	0.389088	0.0379176	0.0206498	0.0580411	0.0487655	0.0428672	0.00377539	0.0154842
9	0.00774991	0.00454772	0.0896526	0.0153241	0.0102261	0.0248292	0.010578	0.0223907	0.166268	0.0426966	0.00617702	0.297739	0.00241398	0.0623135	0.0738442	0.117914	0.0335547	0.00566416	0.00128245	0.00483418
10	0.103175	0.0046886	0.00462529	0.00641409	0.0614535	0.0138335	0.0835459	0.0972004	0.00884806	0.158288	0.0472269	0.0186994	0.107274	0.0132315	0.00625644	0.0760249	0.0488701	0.0684201	0.0128782	0.0590461
11	0.0474105	0.00169192	0.23738	0.351644	0.000748668	0.0103046	0.0228057	0.0062086	0.0351344	0.0130588	0.000814249	0.0581458	0.0162976	0.054057	0.0318618	0.0531227	0.0435519	0.00851136	0.000384561	0.00686517
12	0.0131586	0.0133011	0.00498537	0.00643553	0.0144889	0.00442769	0.00211024	0.343368	0.00803933	0.189799	0.0242303	0.00817247	0.00442897	0.00442789	0.00340973	0.0201811	0.0188378	0.308978	0.000844498	0.00637613
13	0.0131442	0.0215949	0.00349103	0.0037205	0.0199961	0.00404252	0.00322099	0.36437	0.00668258	0.227479	0.0318534	0.0047484	0.00483071	0.00369149	0.00263867	0.0158605	0.0173495	0.23605	0.00257697	0.0126583
14	0.0333375	0.01064	0.00964467	0.0204313	0.0146561	0.0108062	0.0182749	0.012032	0.365589	0.0222919	0.0239015	0.0275834	0.00648626	0.024746	0.326427	0.0293638	0.0275585	0.011043	0.00193739	0.00324999
15	0.0979212	0.0144313	0.133721	0.135207	0.00356921	0.0684919	0.0215211	0.00895775	0.0303923	0.038082	0.00417541	0.154509	0.0134715	0.0880095	0.0145405	0.0977356	0.0454106	0.0218268	0.00238238	0.00564429
16	0.0605712	0.068466	0.0333156	0.0559772	0.032148	0.0299107	0.0905967	0.0252784	0.0729671	0.0493413	0.0197802	0.0588334	0.0142293	0.102087	0.0408945	0.0885008	0.0573142	0.0330158	0.00793562	0.0588372
17	0.00921041	0.00412134	0.00342877	0.00372758	0.483218	0.00437333	0.00390983	0.0800644	0.006845	0.223344	0.0318599	0.0145148	0.0175251	0.00473114	0.00449308	0.0096563	0.00606042	0.0302159	0.00216131	0.0565388
18	0.0257659	0.0154207	0.00682737	0.00972703	0.0314745	0.0180663	0.00820985	0.171218	0.0228567	0.212393	0.0815381	0.0136249	0.00432006	0.0379797	0.0376942	0.0692515	0.0494641	0.15109	0.00578547	0.0272932
19	0.036518	0.0124468	0.00956572	0.0204853	0.015601	0.0103232	0.02018	0.0111086	0.354036	0.0227084	0.0260291	0.0269196	0.0073688	0.0306065	0.318331	0.0325486	0.0288004	0.0108957	0.00194369	0.00358387
20	0.0586548	0.0301081	0.0423314	0.0725626	0.0205582	0.334705	0.0220014	0.0201192	0.0319708	0.0277199	0.00754582	0.051361	0.012362	0.0286771	0.0190625	0.133894	0.0397263	0.0214448	0.0126408	0.0125542
21	0.0424651	0.0282307	0.0348288	0.0829419	0.0251297	0.305684	0.0243802	0.0314607	0.0356049	0.0380213	0.0128329	0.0439355	0.0136243	0.0333259	0.028772	0.090311	0.0351567	0.0288	0.0436959	0.0207984
22	0.0374337	0.0119387	0.0128037	0.0260337	0.0130907	0.0135869	0.0196569	0.0128752	0.328067	0.0303074	0.0233317	0.0352499	0.00827806	0.045684	0.287751	0.0394712	0.0313921	0.0160135	0.00224082	0.00479344
23	0.0108693	0.0174861	0.00389324	0.0040066	0.0121502	0.00367317	0.00214276	0.385391	0.00564515	0.198666	0.0198662	0.00514927	0.00533978	0.00261011	0.00188922	0.0155632	0.0155907	0.281497	0.000994877	0.00757704
24	0.0488476	0.00171433	0.231074	0.345445	0.000877091	0.0102598	0.0233064	0.0068162	0.0342876	0.0144685	0.00107859	0.0567748	0.0158249	0.0572921	0.0324085	0.0564362	0.0467488	0.00894291	0.00045115	0.00694546
25	0.0422603	0.00326961	0.197014	0.311438	0.00196464	0.0163944	0.0252859	0.0130976	0.0392205	0.0306306	0.00455276	0.0572706	0.0160585	0.0736553	0.0265366	0.0531676	0.0511388	0.0230898	0.0023127	0.011642
26	0.0585265	0.00179674	0.219331	0.333238	0.000855475	0.0123609	0.0227054	0.0068777	0.035575	0.0161996	0.000961368	0.0583883	0.0181653	0.058312	0.0299193	0.0642437	0.0475131	0.00840454	0.000453454	0.00617292
27	0.21383	0.0638028	0.0450786	0.0210944	0.00552352	0.0102724	0.00540768	0.0842558	0.0109268	0.0427121	0.00482546	0.0143198	0.0151052	0.0299006	0.00629308	0.0693459	0.0530466	0.284876	0.00186392	0.0175198
28	0.168336	0.054247	0.0298731	0.018789	0.0596321	0.057994	0.0262988	0.0428599	0.0168072	0.0929938	0.0242371	0.0198506	0.0293941	0.0170884	0.0117716	0.128603	0.0663526	0.0751365	0.00564119	0.0540937
29	0.0329339	0.0268381	0.00478124	0.00588249	0.0628739	0.00515074	0.00795399	0.16079	0.0150013	0.323212	0.111222	0.00910547	0.0022539	0.0126889	0.00833503	0.0205028	0.0310138	0.119771	0.00761904	0.0320712
30	0.0278204	0.00950248	0.0171076	0.0346886	0.0100422	0.0146703	0.0215749	0.0104868	0.37709	0.0163449	0.0153129	0.0312181	0.00685443	0.028528	0.28337	0.0314366	0.0267781	0.0169057	0.00751657	0.0127506
31	0.0105373	0.0181789	0.00366548	0.00375842	0.0118554	0.00344525	0.00231507	0.400679	0.00563419	0.1966	0.0196261	0.0046894	0.00554961	0.00255873	0.00180017	0.0152134	0.0150995	0.269552	0.00111711	0.0081247
32	0.112177	0.00932603	0.0714092	0.126933	0.0016507	0.030764	0.0399749	0.0162196	0.0676095	0.0485811	0.00710736	0.0630576	0.018951	0.10824	0.0397347	0.149274	0.073868	0.00968791	0.00112565	0.0043085
33	0.0132383	0.0226518	0.00339544	0.00363009	0.0198283	0.00386605	0.00354942	0.370563	0.00663298	0.225461	0.0330626	0.00467214	0.00475854	0.00371238	0.00249292	0.0156442	0.0171782	0.229409	0.00268999	0.0135643
34	0.0304881	0.02352	0.00517551	0.00585754	0.112595	0.00500623	0.00795596	0.122958	0.0148723	0.333064	0.122213	0.0105665	0.004073	0.0120334	0.00786863	0.0190328	0.0263869	0.0949614	0.00972962	0.0316423
35	0.0280164	0.00943414	0.0122593	0.0271713	0.0120652	0.01462	0.0199314	0.0103205	0.379882	0.0176245	0.0176078	0.0265294	0.00580314	0.0250336	0.316659	0.0293897	0.0252347	0.0124143	0.00384337	0.00615987
36	0.110991	0.0124215	0.0632079	0.110341	0.00156959	0.0302099	0.0422547	0.0149664	0.0819254	0.0434851	0.0092105	0.0686962	0.0160491	0.114765	0.0503919	0.145019	0.070027	0.00898177	0.00101607	0.00447116
37	0.0527861	0.00898856	0.165494	0.274935	0.00683376	0.0215742	0.0278025	0.0165009	0.0505323	0.0331603	0.00919376	0.052981	0.0206481	0.0660737	0.0382493	0.0698621	0.0487038	0.0187105	0.00321192	0.0137581
38	0.0476014	0.0017183	0.236087	0.352054	0.000821477	0.0102751	0.0228748	0.00619052	0.035009	0.0130637	0.000864038	0.0585683	0.0163135	0.0537072	0.0324192	0.0531146	0.0433519	0.00847195	0.000387456	0.00710703
39	0.0119067	0.0144918	0.00462855	0.00551787	0.0126465	0.00379185	0.00208303	0.357969	0.00725002	0.191205	0.0222525	0.00718771	0.00471126	0.00336865	0.00257831	0.0181527	0.0171704	0.305948	0.000716043	0.00642398
40	0.0474014	0.00169277	0.237546	0.351325	0.000748674	0.0102917	0.0228413	0.00622242	0.0351357	0.0130912	0.000814023	0.0580988	0.0163685	0.0540622	0.031987	0.0530834	0.0435399	0.00850075	0.000385054	0.00686369
41	0.130466	0.0766761	0.0946405	0.0504428	0.0218934	0.0770312	0.0171709	0.0210405	0.0224277	0.0694098	0.0157659	0.0346033	0.0174627	0.0234149	0.013363	0.149153	0.0557548	0.0585669	0.00398539	0.0467316
42	0.0516048	0.00734591	0.0560999	0.0224199	0.00916496	0.0459595	0.0161447	0.0224778	0.0250419	0.0447845	0.00587015	0.0410078	0.289023	0.0380241	0.016264	0.176448	0.0957215	0.0264413	0.00271738	0.00743962
43	0.184342	0.0857306	0.0361229	0.0179459	0.00751113	0.0138542	0.00730291	0.0870534	0.015831	0.0443068	0.00717289	0.017102	0.0125661	0.0376761	0.0105489	0.083174	0.0552474	0.258058	0.00260033	0.0158532
44	0.0404634	0.0314969	0.0399249	0.0419493	0.0201748	0.253037	0.0243304	0.0166697	0.115421	0.028141	0.0108139	0.0736933	0.0110068	0.0398049	0.069127	0.109578	0.0341415	0.0184685	0.00804302	0.0137148
45	0.0506219	0.0142387	0.106205	0.0449305	0.00615058	0.07348	0.0255521	0.0141313	0.0314931	0.0299847	0.00927322	0.0831724	0.0332446	0.0299852	0.015838	0.294422	0.104699	0.0194913	0.00304831	0.0100378
46	0.0261101	0.015343	0.00903742	0.00773039	0.0117357	0.00527455	0.00229709	0.320486	0.0100356	0.159951	0.0196116	0.0102305	0.00499922	0.00671211	0.00357616	0.0273517	0.0319486	0.320406	0.00081639	0.00634737
47	0.0244814	0.0245291	0.0117239	0.0257933	0.144902	0.00868291	0.1008	0.0251052	0.022447	0.0302257	0.00931357	0.0184896	0.0111154	0.0502416	0.0320323	0.0443687	0.0151417	0.0322371	0.0152828	0.353087
48	0.0301852	0.0267938	0.0478258	0.0293224	0.0112824	0.277185	0.0343159	0.0102299	0.0535487	0.0185473	0.00533647	0.130909	0.0113816	0.022546	0.0280413	0.192905	0.0431646	0.0114737	0.00624522	0.00876123
49	0.0579102	0.0186447	0.0370554	0.0559036	0.00933599	0.0227062	0.0295255	0.04166	0.102576	0.0425278	0.0177345	0.118504	0.0124105	0.100743	0.107392	0.127277	0.0573708	0.0226843	0.00609508	0.0119429
50	0.0188951	0.0215363	0.00649496	0.0103631	0.404251	0.00651462	0.0567579	0.0251639	0.0183323	0.0346428	0.00282183	0.009806	0.00486015	0.0131939	0.0101689	0.0304425	0.00598621	0.0151889	0.00809301	0.296487
51	0.017231	0.0234721	0.00499916	0.0137944	0.312338	0.00563771	0.0768134	0.0251589	0.0189563	0.0230893	0.00261375	0.0109446	0.004946	0.0174842	0.0129012	0.032007	0.00515716	0.0183621	0.0117022	0.362391
52	0.05228	0.0158634	0.16681	0.201796	0.0101271	0.0318933	0.0419469	0.0174016	0.0478314	0.0355454	0.00902825	0.0675965	0.0213222	0.0604115	0.0311079	0.0918593	0.0527035	0.0236409	0.00384914	0.0169857
53	0.0376282	0.0290474	0.0154707	0.0141906	0.0682676	0.0148862	0.0147525	0.160005	0.0253724	0.250016	0.0697362	0.0237537	0.016678	0.0183096	0.016907	0.0361899	0.0314548	0.120465	0.00733469	0.0295345
54	0.0444484	0.0216901	0.0212548	0.0135636	0.048232	0.0108987	0.0147382	0.110875	0.0146886	0.306256	0.123013	0.0130799	0.00577362	0.016138	0.00852807	0.0214915	0.0433767	0.129124	0.00637325	0.0264558
55	0.0540405	0.0159044	0.0284164	0.0537993	0.00968867	0.0157099	0.0237772	0.0150864	0.25641	0.0372467	0.0218119	0.072586	0.00783622	0.0637112	0.184213	0.0595488	0.0521344	0.0182017	0.00287641	0.0070016
56	0.0324147	0.0248665	0.00489599	0.00599537	0.0827669	0.00535613	0.00812178	0.142334	0.0168908	0.329412	0.115523	0.00970111	0.00285755	0.0130993	0.00868358	0.0207715	0.0287469	0.108431	0.00799172	0.0311401
57	0.00949772	0.00482099	0.00340379	0.00383685	0.469208	0.00443772	0.00399131	0.0826528	0.00691972	0.229494	0.0345582	0.0143464	0.017275	0.00504973	0.00465845	0.00982534	0.0065075	0.0323577	0.00236093	0.0547975
58	0.0268852	0.0170495	0.00403095	0.0048065	0.0252448	0.00538123	0.0120388	0.339115	0.00704949	0.191207	0.026286	0.00683664	0.0196828	0.00472089	0.0027074	0.0234659	0.0218015	0.240724	0.00319844	0.0177687
59	0.0390062	0.0669107	0.0369294	0.025141	0.0154637	0.268635	0.0244268	0.0155088	0.0586459	0.0213975	0.0072053	0.123644	0.00553648	0.0217474	0.0315104	0.169516	0.0311236	0.0161497	0.00831259	0.0131897
60	0.0566833	0.0285315	0.0428349	0.0300624	0.013195	0.257922	0.0227609	0.0121966	0.0348482	0.0175402	0.00601244	0.0733045	0.0117692	0.0173787	0.0179628	0.259961	0.0647743	0.0181689	0.00628953	0.00780307
61	0.0341627	0.00402252	0.132067	0.0290108	0.00301239	0.0796739	0.0212547	0.00807999	0.010681	0.0340782	0.00409399	0.0868382	0.0699246	0.0260791	0.00680537	0.295536	0.131859	0.0142599	0.00147698	0.00708394
62	0.0577635	0.00484203	0.0138037	0.0157352	0.0142031	0.017134	0.0134152	0.0471089	0.0401087	0.0868636	0.0102896	0.0154889	0.422788	0.0445807	0.0253533	0.0782128	0.0489034	0.0320716	0.00259037	0.0087435
63	0.0925122	0.00573234	0.0890491	0.0811521	0.00388952	0.0920213	0.044384	0.00894851	0.0493454	0.0344445	0.00367178	0.0642156	0.0172249	0.0333221	0.0123427	0.303192	0.0494559	0.00905215	0.00193032	0.00411324
64	0.0516558	0.0218958	0.0518814	0.0579536	0.0084451	0.0689324	0.023023	0.0186046	0.0333014	0.0277002	0.0122431	0.0637551	0.0217033	0.0514276	0.0170357	0.252105	0.153202	0.0492758	0.00394023	0.0119186
65	0.0513428	0.0111075	0.0120531	0.0338296	0.00864315	0.0133814	0.0196647	0.01148	0.263854	0.0295759	0.0220353	0.0461422	0.0221013	0.0948993	0.230535	0.0507504	0.039201	0.0297031	0.00310776	0.00659195
66	0.0231886	0.0259429	0.0119488	0.0294485	0.149697	0.00961492	0.0956423	0.0249408	0.0262104	0.0317114	0.00970811	0.0216037	0.0101077	0.0454155	0.0228371	0.054087	0.016665	0.030119	0.0143154	0.346795
67	0.0241591	0.035145	0.00522877	0.00489642	0.0285751	0.00671393	0.0053244	0.290436	0.0101113	0.246303	0.0490468	0.00740482	0.00426019	0.00798853	0.00565396	0.0215494	0.0231125	0.201586	0.00452269	0.0179817
68	0.0490739	0.0781505	0.033171	0.0170408	0.253884	0.0378419	0.0296115	0.0268627	0.027309	0.0478966	0.0130386	0.0197457	0.0067594	0.0157064	0.0141246	0.0932584	0.0437965	0.0277386	0.0058759	0.159114
69	0.0694303	0.100154	0.0288185	0.0219148	0.0333787	0.0326449	0.0164757	0.0802011	0.0305367	0.176066	0.0478077	0.0299093	0.0102528	0.0266179	0.0217651	0.109949	0.0497958	0.0727501	0.00813064	0.0334018
70	0.0366593	0.0303351	0.0325201	0.0336139	0.0175704	0.324557	0.0217091	0.018079	0.040408	0.0222609	0.0084573	0.0964944	0.00866451	0.0225584	0.0258696	0.159981	0.0423137	0.0188498	0.02788	0.0112182
71	0.0769299	0.0140917	0.170623	0.195362	0.00342514	0.05536	0.0227449	0.00896766	0.0357139	0.0299385	0.00436426	0.129932	0.0131483	0.0674752	0.0219609	0.0801366	0.042291	0.018474	0.00189314	0.00716776
72	0.0265341	0.0483193	0.0204537	0.0154115	0.229488	0.0422922	0.0562039	0.0309446	0.0238565	0.0461293	0.00951903	0.0163406	0.00807976	0.0179869	0.0170519	0.0504401	0.0128561	0.0254503	0.010784	0.291858
73	0.0203992	0.0157627	0.00605187	0.00803702	0.0244701	0.0061581	0.00525955	0.280362	0.019625	0.195963	0.0494938	0.0102881	0.00465264	0.0120799	0.0105178	0.0291042	0.0279083	0.256776	0.0033559	0.0137346
74	0.0554372	0.0130045	0.119318	0.116491	0.00927933	0.0724082	0.0452431	0.0239571	0.0645794	0.0423631	0.0110596	0.0614903	0.0614767	0.0541282	0.0295104	0.108745	0.0607054	0.0315606	0.0042003	0.0150425
75	0.0506783	0.0147096	0.0978022	0.158433	0.00699237	0.0250307	0.0261465	0.0139131	0.131393	0.0291824	0.0118649	0.0833135	0.0128389	0.0637599	0.121342	0.075403	0.0465371	0.016359	0.00401546	0.0102841
76	0.050717	0.0360147	0.033553	0.0337678	0.0191779	0.221459	0.0215342	0.0219301	0.104284	0.0335175	0.0148488	0.0615434	0.0301367	0.0348763	0.107842	0.0945719	0.0340029	0.0215159	0.00915545	0.0155519
77	0.0548965	0.139352	0.0804115	0.0207103	0.111695	0.0930359	0.0178026	0.0164036	0.0540289	0.0383773	0.011487	0.0238797	0.00744987	0.0165841	0.0247704	0.119922	0.0307372	0.022174	0.00557122	0.110711
78	0.0169937	0.0231214	0.00590446	0.0122906	0.357404	0.00640129	0.0650909	0.0254623	0.0188374	0.0325111	0.00330836	0.0109119	0.00509877	0.0161828	0.011597	0.0328819	0.00584387	0.0181233	0.00977498	0.32226
79	0.0266937	0.0567033	0.0433113	0.0222374	0.00867438	0.153023	0.0297357	0.0126884	0.0882525	0.0179727	0.00672399	0.163078	0.0044008	0.0255592	0.0435304	0.225055	0.0397718	0.0162198	0.00475431	0.0116137
80	0.0391853	0.025001	0.00468269	0.0055751	0.0710777	0.00578691	0.0116726	0.154859	0.0143803	0.306537	0.105659	0.0109073	0.00762015	0.0122623	0.00809136	0.0214019	0.0333447	0.118517	0.00789884	0.0355408
81	0.0374237	0.0129377	0.0946477	0.231923	0.0102113	0.0190156	0.0324585	0.024881	0.068222	0.0588618	0.011654	0.0436541	0.0153473	0.112302	0.027589	0.0616765	0.0477515	0.0360975	0.0101462	0.0432
82	0.0233493	0.0271019	0.00658333	0.00523003	0.0130499	0.00454551	0.00272949	0.358531	0.00634605	0.186466	0.0201185	0.0059025	0.00579046	0.00534124	0.00266163	0.0188817	0.0179107	0.279229	0.00141344	0.00881913
83	0.0159734	0.0170901	0.00437658	0.0051738	0.0217558	0.00399738	0.00283922	0.3324	0.00827956	0.21283	0.0355123	0.00705844	0.0042485	0.00468392	0.00373903	0.0172301	0.0186211	0.271255	0.00207462	0.0108613
84	0.0312882	0.0266371	0.00488118	0.00594234	0.0532774	0.00517908	0.00759616	0.17135	0.0151751	0.318416	0.108111	0.0095157	0.00180669	0.0130805	0.00908395	0.0235516	0.0295494	0.128267	0.00699544	0.0302972
85	0.00924165	0.00493677	0.0034007	0.00389158	0.472828	0.00458903	0.0046608	0.0806829	0.00673281	0.225381	0.0318043	0.0149303	0.0181445	0.00487815	0.00467564	0.0098595	0.006014	0.0310637	0.0025391	0.0597459
86	0.0214062	0.031533	0.00409819	0.00571049	0.0356492	0.00997937	0.00531719	0.276204	0.0114951	0.256733	0.0570587	0.00773853	0.00411078	0.0086466	0.00771677	0.0216278	0.0247933	0.185226	0.00553848	0.0194169
87	0.02914	0.0413526	0.00571124	0.0137418	0.0907618	0.0067944	0.0291188	0.0935339	0.0237534	0.225348	0.0780603	0.0153459	0.00685709	0.0175786	0.0114835	0.0257533	0.0239942	0.0918089	0.0234292	0.146433
88	0.223827	0.0525804	0.00682765	0.00874356	0.00655113	0.0412617	0.0053087	0.021613	0.013812	0.0117632	0.00991213	0.014177	0.00279009	0.0125912	0.00515401	0.349419	0.124258	0.0747204	0.00145297	0.0132371
89	0.0353725	0.0281121	0.00526374	0.00599915	0.0623337	0.00490213	0.00832347	0.139351	0.0163772	0.336894	0.123364	0.00952144	0.000919792	0.0134641	0.0083619	0.0200804	0.0314666	0.108506	0.00825513	0.0331321
90	0.0438588	0.0241142	0.0191236	0.0344623	0.0294785	0.0178844	0.0280068	0.0462384	0.179865	0.0755852	0.0289398	0.039878	0.016718	0.0377334	0.0988255	0.0556187	0.0432905	0.0881322	0.0424886	0.0497581
91	0.0157479	0.0245985	0.00328242	0.00379052	0.0275549	0.00436105	0.00452906	0.342917	0.00800349	0.239979	0.043038	0.00494972	0.00420238	0.00500342	0.00387507	0.017053	0.0202273	0.206194	0.00400574	0.0166865
92	0.0469317	0.0710349	0.0108518	0.0131863	0.00993755	0.0117476	0.0422162	0.062937	0.041658	0.113317	0.00969599	0.218046	0.00723643	0.0684782	0.0146892	0.0355948	0.103006	0.0439464	0.029508	0.0459806
93	0.0159713	0.0248642	0.00371122	0.0171643	0.213618	0.00565169	0.0954637	0.0265642	0.019569	0.0215001	0.00335653	0.0119867	0.00594773	0.0228202	0.0155435	0.0330542	0.00438856	0.0231218	0.0154891	0.420214
94	0.0506017	0.00297816	0.0135778	0.0127005	0.00849076	0.0225993	0.00447648	0.0272471	0.0432551	0.0509501	0.00290975	0.0133215	0.52493	0.0502182	0.0319591	0.0529244	0.0569256	0.0260477	0.00116215	0.00272428
95	0.00736253	0.00440775	0.0894924	0.0159176	0.0111909	0.0225711	0.0111889	0.0218415	0.159853	0.0412225	0.00557876	0.310951	0.00224094	0.0588306	0.0689364	0.121386	0.0358278	0.00512861	0.00124646	0.00482502
96	0.0397826	0.0175662	0.0166988	0.0184318	0.0324878	0.0189501	0.0446562	0.0173381	0.0355963	0.0240968	0.0656708	0.0544723	0.00761733	0.0508023	0.0623153	0.305627	0.148451	0.0222972	0.00457919	0.0125632
97	0.0148076	0.00894824	0.00337333	0.00419957	0.371824	0.00483355	0.00455997	0.10123	0.00829573	0.253792	0.0549773	0.0133403	0.0140204	0.0067135	0.00599027	0.0120864	0.011885	0.0552021	0.00398251	0.0459389
98	0.0157696	0.0255485	0.00396206	0.0162421	0.240846	0.0058722	0.0894749	0.0270063	0.0189566	0.0230104	0.0032002	0.0120426	0.00564746	0.0214925	0.0151129	0.0327108	0.00449991	0.0219256	0.0149362	0.401743
99	0.0325871	0.0240445	0.00532363	0.00567519	0.095643	0.00451681	0.00787544	0.126235	0.0144819	0.338995	0.126486	0.00973006	0.0024704	0.0125455	0.00742824	0.0184582	0.0278278	0.100775	0.00817034	0.0307307
100	0.0143665	0.0208674	0.00359008	0.00428387	0.0243948	0.00434562	0.00348254	0.361667	0.00727159	0.223331	0.0325675	0.00549871	0.00658407	0.0046077	0.00311549	0.0162134	0.017978	0.230715	0.00270268	0.012417
101	0.0389711	0.0181526	0.0289059	0.0280394	0.0319786	0.0210273	0.0212283	0.0465331	0.11611	0.137734	0.0364291	0.0978392	0.0173243	0.0463532	0.132078	0.0703631	0.0425766	0.0427364	0.00884548	0.0167748
102	0.0739572	0.0468494	0.0226905	0.0209727	0.13482	0.310564	0.0188254	0.0255687	0.0242105	0.0405833	0.0108564	0.0237759	0.00824768	0.014311	0.0177569	0.0838927	0.027277	0.023857	0.0107421	0.0602412
103	0.0433723	0.0534347	0.0278615	0.0240096	0.00631919	0.0426787	0.0211643	0.0124977	0.0437324	0.0149878	0.0117614	0.141731	0.00443749	0.0238537	0.0266626	0.29294	0.136599	0.0523819	0.00461936	0.0149561
104	0.0285514	0.0239035	0.00692209	0.0182276	0.184262	0.0104297	0.0905227	0.0502605	0.0215162	0.0538158	0.0139843	0.03318	0.0177601	0.0228477	0.0163396	0.0398204	0.0165946	0.0380711	0.0145732	0.298418
105	0.0408452	0.0270728	0.0335431	0.109328	0.0760799	0.022007	0.0306759	0.0419081	0.10708	0.104474	0.0274601	0.0374558	0.0180139	0.0501378	0.0575237	0.0582861	0.0378429	0.04647	0.011783	0.0620132
106	0.0826898	0.0552507	0.0170722	0.0161677	0.00565366	0.0322024	0.0147261	0.0121305	0.0284057	0.0128929	0.0132585	0.0725134	0.00380701	0.0186792	0.0187822	0.360331	0.169555	0.0492024	0.00419269	0.0124873
107	0.0343575	0.0100043	0.0115714	0.025748	0.0127128	0.0116429	0.0178807	0.0137956	0.366423	0.0211644	0.0211046	0.0295811	0.00638244	0.0255327	0.312979	0.029151	0.0286907	0.0139643	0.0026815	0.00463223
108	0.0281719	0.0101291	0.0111541	0.0345285	0.0576469	0.0109688	0.164919	0.0096539	0.0618934	0.016469	0.0123331	0.0872241	0.021534	0.133018	0.013964	0.161771	0.141568	0.0118933	0.00301269	0.00814716
109	0.0392948	0.0240253	0.0167237	0.00966198	0.0551677	0.00747576	0.0120093	0.109623	0.0164106	0.315199	0.140095	0.0131551	0.00379843	0.0226144	0.00994408	0.0243425	0.034596	0.110595	0.00709396	0.0281744
110	0.130066	0.0239552	0.0245067	0.026955	0.0145151	0.028851	0.0224918	0.0693276	0.0262458	0.0812232	0.0281536	0.0275706	0.0266918	0.0320124	0.0202765	0.207329	0.126677	0.0649869	0.00362219	0.0145435
111	0.102238	0.0042714	0.123086	0.181349	0.0018499	0.0336317	0.0324578	0.0125756	0.044352	0.0416296	0.00369939	0.0571469	0.0223047	0.087896	0.0236057	0.142419	0.0670347	0.0114843	0.00129205	0.00567632
112	0.0149592	0.0283107	0.00418299	0.023118	0.189231	0.00576035	0.0935969	0.0247982	0.0199445	0.0263579	0.00456699	0.013677	0.00803043	0.028773	0.0148181	0.0327734	0.00513456	0.0317883	0.0165498	0.413629
113	0.0156822	0.00904994	0.00591303	0.00640813	0.469184	0.0073341	0.00959884	0.0642765	0.0125584	0.171238	0.0228508	0.0312986	0.0152121	0.00699471	0.00824652	0.0160524	0.0112138	0.0303063	0.00423589	0.0823452
114	0.0274688	0.0100885	0.0251321	0.0621091	0.0467531	0.0142803	0.101774	0.0104143	0.0636743	0.0194844	0.00895996	0.164155	0.0211104	0.103075	0.0179142	0.142644	0.137095	0.013048	0.00289662	0.00792362
115	0.0160335	0.0099728	0.0051433	0.00566358	0.453422	0.00519857	0.00814572	0.0752504	0.00990825	0.198973	0.0348852	0.0143043	0.0134333	0.00644919	0.00514767	0.0147646	0.0103769	0.0372427	0.00353835	0.0721475
116	0.0304355	0.0104195	0.0136026	0.0252331	0.011763	0.0209848	0.0189299	0.0103429	0.365759	0.0184349	0.0181063	0.0314525	0.00732736	0.0287071	0.305946	0.0344523	0.0256257	0.0130294	0.00348848	0.00595931
117	0.0767528	0.018541	0.0821729	0.102385	0.00376402	0.0234519	0.0308919	0.016513	0.0968008	0.0579203	0.0168195	0.091695	0.00946832	0.112944	0.074144	0.0881017	0.0737627	0.015306	0.00166762	0.00689732
118	0.0563938	0.0115487	0.122095	0.214186	0.00919126	0.0281083	0.0512542	0.0157083	0.051066	0.0332649	0.00901905	0.0625971	0.0189429	0.0662206	0.0324551	0.116343	0.0600515	0.0209223	0.0046002	0.0160317
119	0.0570456	0.0143868	0.0113948	0.01798	0.0635381	0.0146328	0.0948017	0.0818449	0.019025	0.113697	0.0474548	0.0428214	0.0477737	0.0232036	0.0160381	0.0731863	0.0379378	0.0548897	0.0144628	0.153885
120	0.0515623	0.0209776	0.0345903	0.0625345	0.00982273	0.0239966	0.034976	0.0163785	0.197794	0.0360505	0.0221343	0.0613586	0.0212462	0.115851	0.123669	0.0751142	0.0521681	0.0260475	0.0037437	0.00998506
121	0.0172836	0.0249803	0.00592845	0.0160867	0.267718	0.00695577	0.0749696	0.0304292	0.0202446	0.0404122	0.00734856	0.0123968	0.00690755	0.02028	0.0139177	0.0335927	0.00655945	0.0239189	0.0129962	0.357074
122	0.0189887	0.024348	0.0532441	0.020545	0.00371371	0.046145	0.019752	0.00476167	0.0344639	0.012455	0.00952172	0.108389	0.0141393	0.0250137	0.023624	0.346824	0.190772	0.0277768	0.00505301	0.0104688
123	0.0272892	0.00749101	0.0899572	0.239789	0.00539007	0.0232521	0.0295268	0.0509017	0.0372941	0.0635374	0.0121485	0.0292959	0.0157726	0.121078	0.016249	0.0743594	0.0492761	0.0514204	0.0193241	0.036648
124	0.0668014	0.0426411	0.0426384	0.0803629	0.00257365	0.0142682	0.0361946	0.0179363	0.183531	0.0323405	0.0403683	0.0579917	0.00579491	0.0980078	0.0924741	0.0842042	0.0740312	0.0184044	0.00234349	0.00709234
125	0.0110325	0.018303	0.00391452	0.00393641	0.0122615	0.00366768	0.00220613	0.385827	0.00563286	0.198934	0.0198591	0.00503462	0.00541044	0.00261367	0.00180769	0.0154015	0.0159075	0.279286	0.00111207	0.00785115
126	0.0267914	0.0269612	0.0236595	0.0794366	0.0862322	0.0174129	0.0533913	0.0322951	0.0658184	0.0736739	0.0154445	0.0289183	0.0105925	0.0427895	0.0264221	0.0474048	0.0246107	0.0492236	0.0426004	0.226321
127	0.0471691	0.00169562	0.236434	0.351708	0.00076105	0.0102575	0.0228167	0.00633555	0.0352526	0.0132379	0.000838438	0.0580418	0.0162229	0.0545261	0.0317789	0.0530782	0.0437173	0.0087156	0.000436871	0.0069764
128	0.227898	0.0185419	0.010269	0.0363027	0.0268213	0.0210582	0.0118291	0.0489236	0.0361135	0.0305901	0.0399849	0.0163423	0.00777973	0.0388845	0.0142714	0.283699	0.0503042	0.0677926	0.00306862	0.0095262
129	0.0291224	0.0519808	0.00732087	0.0120015	0.0729703	0.0330616	0.0101064	0.190819	0.0199373	0.210223	0.0604441	0.0167962	0.00649355	0.0167359	0.0321613	0.034583	0.0307908	0.106774	0.0267643	0.0309146
130	0.0399184	0.0284369	0.00863273	0.0102156	0.0590432	0.00596793	0.00918421	0.129871	0.0161101	0.325391	0.131212	0.0102536	0.00230914	0.0144938	0.00836955	0.0208734	0.032536	0.108141	0.00773037	0.0313107
131	0.0474105	0.00169192	0.23738	0.351644	0.000748668	0.0103046	0.0228057	0.0062086	0.0351344	0.0130588	0.000814249	0.0581458	0.0162976	0.054057	0.0318618	0.0531227	0.0435519	0.00851136	0.000384561	0.00686517
132	0.222285	0.052367	0.00651691	0.00915056	0.0061872	0.0447851	0.00573432	0.0209466	0.0140801	0.0119834	0.0101529	0.014802	0.00288437	0.0130978	0.00536251	0.349348	0.124427	0.0720777	0.00137894	0.0124327
133	0.0139904	0.00676862	0.0039996	0.00405326	0.436826	0.00471116	0.00554064	0.084355	0.00830904	0.230055	0.0409392	0.0134536	0.0152941	0.00585523	0.00459635	0.0117964	0.00972246	0.0403718	0.00293366	0.0564294
134	0.0636725	0.0225104	0.164652	0.198185	0.00372193	0.0431012	0.0234615	0.00961345	0.0435578	0.0285409	0.00552744	0.143049	0.00947434	0.0894368	0.0268256	0.0564863	0.0405855	0.0181198	0.00187955	0.00759895
135	0.173204	0.221207	0.057574	0.0228323	0.0147938	0.0457909	0.0285885	0.0138456	0.0173936	0.0648057	0.0151842	0.0644866	0.00634384	0.0185903	0.0155879	0.0919285	0.0498335	0.0266082	0.00430574	0.0470954
136	0.0301011	0.0227398	0.00517493	0.00589182	0.121898	0.00553962	0.00770895	0.126338	0.0142638	0.325299	0.112527	0.0102699	0.00372794	0.0124004	0.00844876	0.0212368	0.0264518	0.0991579	0.00785502	0.0329692
137	0.0525462	0.00598872	0.065961	0.111605	0.00855789	0.0218326	0.015876	0.0224425	0.0609899	0.0413936	0.0072831	0.0309127	0.293551	0.0567496	0.0594984	0.0612575	0.0493138	0.0227537	0.00370242	0.00778426
138	0.0270893	0.0228491	0.00784427	0.00906804	0.053574	0.00654525	0.00796858	0.220495	0.0155139	0.26477	0.0718691	0.00954371	0.00635847	0.01174	0.00847832	0.0225947	0.0280952	0.176206	0.00601965	0.0233772
139	0.226609	0.053553	0.00747958	0.00969585	0.00651396	0.0455269	0.00594805	0.0210755	0.0142185	0.0126611	0.0101667	0.0149766	0.00286934	0.0132268	0.00520108	0.342715	0.121413	0.0718396	0.00151927	0.0127922
140	0.178567	0.187519	0.0432826	0.0248105	0.0236079	0.12325	0.0150683	0.0174749	0.0215136	0.0465268	0.014597	0.0329639	0.00593015	0.0194365	0.0212861	0.115007	0.0404125	0.0307406	0.00453692	0.0334691
141	0.0103404	0.0184821	0.00362305	0.0036704	0.011693	0.00348378	0.00228212	0.404036	0.00554449	0.196207	0.0191035	0.0044982	0.00563229	0.00251241	0.001668	0.0150718	0.0149079	0.267989	0.00111379	0.00814011
142	0.0211007	0.0151284	0.00524023	0.00778607	0.0288141	0.00653586	0.00480473	0.240712	0.0198619	0.216657	0.0585976	0.0139475	0.00276851	0.0147664	0.0162672	0.0300244	0.0252866	0.252699	0.0039417	0.0150601
143	0.0684348	0.0137577	0.13596	0.186079	0.0037101	0.031986	0.0380467	0.0126277	0.0606635	0.0316256	0.00902341	0.110376	0.0147587	0.0704598	0.0477564	0.0746538	0.0488097	0.0268235	0.00358775	0.0108598
144	0.0178751	0.0235264	0.0552007	0.0298861	0.00478018	0.124844	0.0253842	0.0110556	0.146177	0.0239037	0.00648165	0.200147	0.00385341	0.0640872	0.0642084	0.152719	0.0172196	0.0184473	0.00278998	0.00741335
145	0.0473544	0.0127421	0.0175176	0.0304502	0.00924102	0.0154625	0.0201125	0.0122703	0.295182	0.0257198	0.0233469	0.0503606	0.0120714	0.0675468	0.244185	0.0547075	0.0369856	0.0180359	0.00214378	0.00456422
146	0.0257014	0.0415051	0.0347017	0.0133639	0.359192	0.0243192	0.0334164	0.0231521	0.0541129	0.0409824	0.00599178	0.0156455	0.00706303	0.0137482	0.0160233	0.0474501	0.0163606	0.0184013	0.00669319	0.202176
147	0.00896696	0.00414628	0.0034069	0.00379636	0.481569	0.00450108	0.00391241	0.0807564	0.00656154	0.224772	0.0312478	0.0146082	0.0179957	0.00467597	0.00453249	0.00963668	0.0059569	0.0303105	0.00214734	0.0564994
148	0.166924	0.173135	0.0631655	0.0261106	0.0179529	0.0402951	0.0127256	0.0389698	0.0191407	0.0546643	0.0130529	0.0264195	0.00851231	0.0233948	0.0149858	0.0886038	0.0441907	0.131277	0.00350697	0.0329731
149	0.0115439	0.0152882	0.00451924	0.00511229	0.0125428	0.0038424	0.00217611	0.362928	0.00709693	0.19224	0.0214842	0.00652617	0.00484953	0.00333492	0.00252561	0.0175139	0.0175338	0.301373	0.000831845	0.00673757
150	0.0600127	0.0234489	0.0321939	0.06494	0.0318218	0.0271135	0.0880055	0.0409494	0.055775	0.0981795	0.0293335	0.0506951	0.0217014	0.0979049	0.0369909	0.0877718	0.0581789	0.0413734	0.00910349	0.0445065
151	0.0504757	0.0458923	0.0292336	0.0272038	0.0567889	0.34275	0.0179455	0.0187098	0.0277534	0.0209443	0.007786	0.0404826	0.00747906	0.0162167	0.0200106	0.174103	0.0419053	0.0181391	0.0106646	0.025516
152	0.058186	0.0737162	0.0269474	0.0242522	0.0284592	0.322396	0.0149056	0.0474899	0.0306091	0.0331445	0.0119962	0.0470164	0.00628375	0.0159183	0.0218454	0.13931	0.0353443	0.034661	0.0102555	0.0172622
153	0.0155493	0.0239396	0.0034931	0.00378574	0.0236627	0.00416361	0.00388498	0.341382	0.00772492	0.242057	0.0422847	0.004804	0.00437367	0.00473217	0.00344359	0.0163255	0.0193031	0.216226	0.00343049	0.0154327
154	0.0718256	0.0294846	0.025465	0.0254061	0.0147542	0.0308762	0.0247043	0.0239145	0.0383402	0.0355051	0.0528972	0.0582765	0.00893813	0.0334246	0.0352283	0.290302	0.142758	0.0372997	0.00535338	0.0152464
155	0.0364846	0.00525212	0.107337	0.0364592	0.00438221	0.0783835	0.0174815	0.0125205	0.0167567	0.0343644	0.00386492	0.0624147	0.176675	0.0311763	0.0114378	0.235229	0.104076	0.0178389	0.00183307	0.00603201
156	0.0632065	0.00520652	0.191726	0.275478	0.00326483	0.0163854	0.0317807	0.012121	0.0376554	0.0398149	0.00507042	0.0551895	0.018886	0.0627648	0.0372988	0.0679673	0.0486796	0.0152197	0.00143775	0.0108469
157	0.012351	0.0181778	0.00406987	0.00409524	0.0147276	0.00378947	0.00260902	0.368938	0.00633597	0.212216	0.0266148	0.00518056	0.00500418	0.00336325	0.00224612	0.0157573	0.0167981	0.267033	0.00144718	0.00924561
158	0.023744	0.00676204	0.00594413	0.0376766	0.0569592	0.00647343	0.187417	0.0072149	0.0770235	0.0114443	0.0054277	0.114978	0.025707	0.119108	0.00648626	0.131452	0.159678	0.00862455	0.00247707	0.005402
159	0.0118379	0.03616	0.0188366	0.0205218	0.00435961	0.0196012	0.0224408	0.00452424	0.0319603	0.00633802	0.0128441	0.140354	0.0028581	0.017038	0.0263185	0.35271	0.208181	0.0411694	0.00545619	0.0164907
160	0.027934	0.0260159	0.00403715	0.0049029	0.0458405	0.00612922	0.00769176	0.232398	0.0128755	0.289727	0.077812	0.00763847	0.00525859	0.0107382	0.00904958	0.0242122	0.0293873	0.143855	0.00862508	0.0258714
161	0.0474105	0.00169192	0.23738	0.351644	0.000748668	0.0103046	0.0228057	0.0062086	0.0351344	0.0130588	0.000814249	0.0581458	0.0162976	0.054057	0.0318618	0.0531227	0.0435519	0.00851136	0.000384561	0.00686517
162	0.0478984	0.00348607	0.21328	0.315393	0.00224229	0.014315	0.0250021	0.0101365	0.0426986	0.0250198	0.0034581	0.0565201	0.0161673	0.0621738	0.0305899	0.058663	0.0485246	0.0141432	0.00127031	0.00901781
163	0.0102967	0.0184613	0.00359379	0.00367259	0.011691	0.00346011	0.00229302	0.404919	0.00557084	0.195781	0.0190649	0.00451794	0.00563811	0.00254529	0.00167702	0.0151551	0.0148804	0.267506	0.00111529	0.00816024
164	0.0308083	0.00767524	0.0198543	0.0314472	0.0102109	0.0163548	0.017237	0.0114266	0.389939	0.017941	0.0158344	0.0340002	0.00638477	0.0250749	0.279718	0.0290005	0.0254281	0.0187103	0.00496128	0.00799359
165	0.0340403	0.0110871	0.00982665	0.0193034	0.0154166	0.0108241	0.0190327	0.0111316	0.361034	0.0224252	0.0252562	0.0269273	0.00679554	0.025656	0.326809	0.0308984	0.028415	0.0099985	0.00185934	0.00326292
166	0.0135574	0.0129708	0.00566293	0.0063765	0.512114	0.00514603	0.0241058	0.043581	0.0129795	0.102235	0.0111606	0.0121956	0.00931733	0.00791865	0.00587941	0.0184346	0.00591863	0.0175628	0.00441428	0.168469
167	0.0305402	0.0128653	0.00913002	0.0201341	0.0146231	0.0109718	0.020671	0.0105913	0.359332	0.0210336	0.0237452	0.0256381	0.00621657	0.025142	0.334483	0.0314174	0.0276276	0.00968059	0.00231342	0.00384392
168	0.0485561	0.00990554	0.146413	0.258076	0.0114804	0.0225792	0.0454418	0.016419	0.0470716	0.032709	0.00793565	0.0565786	0.0194104	0.0718266	0.0322454	0.0715222	0.0516738	0.0201662	0.005424	0.0245652
169	0.0525339	0.00457745	0.0134941	0.0146082	0.0115446	0.0180189	0.0100525	0.0612718	0.034167	0.0634596	0.00758095	0.0125238	0.433861	0.0414981	0.0217989	0.0649696	0.0743487	0.0498256	0.00240677	0.0074583
170	0.0512142	0.00482454	0.0229793	0.0222107	0.00918427	0.021834	0.00923806	0.0275959	0.0402377	0.051181	0.00436645	0.0196644	0.471706	0.0495654	0.0299096	0.0676292	0.0630062	0.0274914	0.00134491	0.00481683
171	0.0917343	0.0231599	0.0186852	0.0337229	0.00733568	0.0213004	0.0268933	0.0177633	0.0864292	0.0238349	0.028248	0.0598507	0.00745335	0.0503348	0.102781	0.251342	0.118032	0.0203899	0.00292132	0.00778868
172	0.0718583	0.015522	0.0715601	0.0606343	0.0494036	0.0170799	0.0532992	0.0188677	0.0308831	0.0289784	0.0406426	0.0254757	0.0379139	0.0916047	0.0824848	0.101909	0.0587421	0.0260577	0.0100647	0.107018
173	0.115981	0.0368843	0.032593	0.0338625	0.0194673	0.256363	0.019738	0.0172344	0.0310065	0.0272091	0.00946875	0.0401698	0.0111391	0.0239465	0.019086	0.204135	0.053497	0.0261709	0.00664571	0.0154023
174	0.07586	0.00380896	0.0101105	0.0117672	0.0173264	0.0154459	0.0176375	0.0460364	0.032637	0.0923936	0.0115155	0.0134849	0.415144	0.0486236	0.021842	0.0689496	0.0491448	0.0332588	0.00293225	0.0120807
175	0.0400329	0.0238857	0.00677697	0.00628576	0.0771847	0.0055716	0.0106129	0.119991	0.015042	0.310368	0.133609	0.015737	0.00395723	0.0141023	0.00932932	0.0207695	0.0343435	0.112125	0.00768449	0.0325905
176	0.0739593	0.117982	0.0554875	0.089433	0.0232584	0.0548582	0.0287469	0.0253186	0.0582156	0.0561003	0.0185236	0.058537	0.0106385	0.0536617	0.0380156	0.100499	0.055371	0.0369594	0.00793565	0.0364987
177	0.0261744	0.0167485	0.0623075	0.0313016	0.0132696	0.0368515	0.0223736	0.0262282	0.146236	0.0621052	0.013229	0.221989	0.00798272	0.0548257	0.0690668	0.110685	0.0403406	0.0199663	0.00638072	0.0119382
178	0.0150152	0.0366491	0.0359307	0.0268827	0.00521064	0.0220191	0.0264466	0.00567127	0.0536792	0.00988113	0.00959625	0.105578	0.00429912	0.0289096	0.023277	0.327781	0.211895	0.0300853	0.0103263	0.0108667
179	0.0657956	0.0153678	0.0162531	0.0185888	0.00802581	0.0132423	0.00834131	0.154745	0.0479186	0.0359778	0.0099182	0.015045	0.00894118	0.0367795	0.0115973	0.0866248	0.186885	0.24776	0.00336853	0.00882492
180	0.036615	0.0168344	0.0230474	0.0234306	0.0574893	0.0210992	0.0265521	0.0219581	0.218869	0.0425104	0.0225905	0.0787181	0.0119579	0.0366143	0.215555	0.0579795	0.036772	0.0220092	0.00473466	0.0246631
181	0.0463789	0.0187904	0.0282778	0.0357173	0.0118426	0.0704338	0.0233835	0.0195761	0.199519	0.0326566	0.0190948	0.0621551	0.0143789	0.075156	0.203636	0.0672573	0.0347339	0.0211573	0.00560047	0.010255
182	0.0460824	0.0776195	0.0175135	0.014515	0.0671656	0.0182091	0.0147542	0.105398	0.0220974	0.25009	0.0747775	0.0201841	0.00517599	0.0165144	0.0116053	0.0413681	0.0335359	0.0866141	0.011446	0.0653334
183	0.090608	0.036242	0.0237023	0.0248279	0.0193664	0.077407	0.013473	0.100178	0.0245783	0.0695164	0.0219452	0.0300789	0.0123509	0.0246661	0.0183653	0.194245	0.072517	0.123411	0.00479156	0.0177288
184	0.0158245	0.0252954	0.00372836	0.0176661	0.213715	0.00559067	0.0944548	0.0263625	0.0195717	0.0220866	0.00343937	0.0121218	0.00608551	0.0228757	0.0153671	0.0327837	0.0043674	0.0236928	0.0160191	0.418952
185	0.0742271	0.0195899	0.012525	0.0163694	0.0968646	0.0159596	0.0217182	0.0565276	0.0596131	0.119027	0.0336733	0.0561944	0.0208482	0.0283291	0.0520347	0.0438613	0.053559	0.134203	0.0169771	0.0678983
186	0.0131451	0.0107976	0.00560224	0.00424655	0.556354	0.00539049	0.0162705	0.0463432	0.0119963	0.106712	0.010365	0.0123261	0.00973108	0.00469841	0.00470788	0.0168824	0.00606772	0.0142199	0.00275328	0.141391
187	0.0289807	0.0252873	0.0431985	0.024654	0.00534484	0.117929	0.0238124	0.00817921	0.0375422	0.0141055	0.0105807	0.112875	0.0104701	0.0236756	0.0331823	0.300759	0.1437	0.0216802	0.00428133	0.00976123
188	0.0228851	0.023843	0.00728841	0.0346104	0.170638	0.00932014	0.0720296	0.0379159	0.0229612	0.0318839	0.00755764	0.0394553	0.00845393	0.0260988	0.017117	0.0460894	0.0122216	0.057727	0.0148436	0.33706
189	0.112121	0.00589332	0.0846075	0.143138	0.00229984	0.043986	0.0413388	0.0183544	0.0553453	0.0514591	0.00450274	0.0528266	0.0311809	0.0978332	0.0226922	0.146301	0.0608564	0.0159449	0.00205984	0.00725904
190	0.178693	0.177531	0.0403371	0.023443	0.0190669	0.0589627	0.0155984	0.021937	0.0214334	0.0442565	0.0139389	0.0291929	0.00644579	0.0206108	0.0160272	0.166001	0.0565963	0.0553825	0.00385564	0.0306894
191	0.209218	0.0633219	0.0387628	0.0182144	0.00594568	0.0105227	0.00481009	0.0874154	0.0115058	0.0420141	0.00478905	0.0146834	0.0130462	0.028222	0.00639286	0.0773196	0.0592816	0.287724	0.00170255	0.0151082
192	0.0495418	0.0386953	0.0263884	0.0557076	0.00617644	0.0168347	0.037449	0.0147726	0.217097	0.0316482	0.0376952	0.0571006	0.00894204	0.0915936	0.138943	0.0772882	0.0531974	0.0300076	0.00354499	0.00737602
193	0.0475341	0.00179079	0.239579	0.3454	0.000775872	0.0102509	0.0230011	0.00621076	0.0348963	0.0143037	0.000875783	0.0587667	0.0168666	0.0549751	0.0335625	0.0521106	0.0435306	0.00845785	0.000418592	0.00669242
194	0.0120617	0.00934671	0.00489432	0.00414956	0.546107	0.00476713	0.0107873	0.0554538	0.0104092	0.14066	0.0164678	0.0130363	0.0116709	0.00454821	0.00430384	0.0143861	0.0064454	0.0195178	0.00249213	0.108494
195	0.0401959	0.02464	0.0177042	0.0225658	0.0548372	0.0140058	0.0145614	0.139146	0.030014	0.212795	0.0587781	0.0482345	0.0130563	0.0278694	0.0226229	0.0399988	0.0357853	0.145933	0.00711361	0.0301426
196	0.0369368	0.00856678	0.088025	0.225286	0.00434563	0.0205816	0.042071	0.0274658	0.046015	0.0602156	0.0170292	0.0453114	0.0145892	0.128072	0.0248177	0.0703388	0.0700791	0.0412091	0.00669662	0.0223475
