285	20
1	0.104285	0.0278473	0.00684345	0.00809638	0.0401972	0.0186146	0.00309249	0.171663	0.0194255	0.100911	0.0363679	0.0125447	0.00268883	0.00331998	0.0146255	0.0432226	0.0374962	0.331254	0.00112651	0.0163766
2	0.0064988	0.087279	0.00410539	0.00467199	0.455461	0.00921156	0.0346465	0.027279	0.00534609	0.0519297	0.00667983	0.00619281	0.00176635	0.00463931	0.01766	0.0238978	0.00623912	0.0157742	0.0255433	0.205178
3	0.00626999	0.0032527	0.00084126	0.00081385	0.0508503	0.000785888	0.00154333	0.179008	0.00122127	0.528251	0.056275	0.0013678	0.000837898	0.00431068	0.00183518	0.00489373	0.0107222	0.138218	0.00605636	0.00264562
4	0.0532122	0.0353776	0.0280428	0.0163419	0.0232831	0.0143655	0.0173482	0.0109527	0.0251514	0.0353313	0.0133343	0.0586621	0.0261998	0.012423	0.0273173	0.490102	0.0877712	0.0109911	0.0042703	0.00952261
5	0.0155831	0.122839	0.0067341	0.00825824	0.405999	0.0103288	0.0241328	0.0512071	0.0109547	0.101653	0.0136327	0.0126618	0.00456892	0.00827748	0.0126353	0.0239142	0.0130507	0.0762599	0.0127994	0.0645097
6	0.0561778	0.020883	0.0767792	0.0801669	0.0175144	0.207523	0.0349448	0.0207866	0.0482457	0.0178082	0.028983	0.0443416	0.00685788	0.0270701	0.051963	0.157481	0.0496421	0.0214181	0.00817612	0.0232377
7	0.0409967	0.00378265	0.0616461	0.411835	0.0368973	0.0303417	0.00457728	0.0283186	0.111789	0.0575898	0.015027	0.00429486	0.0360585	0.0303927	0.0179278	0.00771805	0.0400695	0.0558469	0.00161009	0.00327988
8	0.0212423	0.00793398	0.241958	0.127529	0.0128627	0.101792	0.0454651	0.00798714	0.0799031	0.00860179	0.00397021	0.133705	0.00259116	0.0429945	0.0550866	0.0487692	0.0144386	0.011116	0.00657754	0.0254764
9	0.0557266	0.0177929	0.00719036	0.00579738	0.0192835	0.00914793	0.0048441	0.250872	0.0121236	0.0860394	0.0418276	0.0191343	0.00515755	0.00318001	0.011052	0.0293031	0.0706983	0.344511	0.000994249	0.0053242
10	0.0310323	0.0290328	0.0282715	0.0292566	0.0256517	0.107451	0.0640139	0.0233149	0.0571665	0.0339799	0.0137594	0.0467308	0.0511057	0.0295961	0.174882	0.115931	0.0310882	0.0251911	0.0609686	0.0215756
11	0.026279	0.0158381	0.0807384	0.00799359	0.0285475	0.0314841	0.0923737	0.0156172	0.12606	0.0336992	0.00353704	0.249573	0.00192327	0.0203884	0.117388	0.0663692	0.0443514	0.00516335	0.00237146	0.0303029
12	0.00547609	0.00356158	0.0519527	0.00491487	0.0050061	0.0523394	0.00515673	0.0190986	0.0199243	0.0075998	0.00330962	0.39592	0.00226494	0.00425431	0.0341001	0.150643	0.222738	0.00587738	0.00221132	0.00365143
13	0.0154648	0.00878029	0.00359798	0.00248744	0.179036	0.00424277	0.00747059	0.328259	0.00459941	0.197098	0.0406998	0.00753776	0.00235143	0.00645876	0.00694299	0.0107081	0.014196	0.113819	0.00812998	0.0381204
14	0.129062	0.03841	0.00781896	0.00843064	0.0315857	0.0273043	0.00196579	0.117133	0.0229532	0.0799618	0.0271739	0.0146203	0.0005644	0.00235181	0.0149565	0.0592217	0.0492631	0.357257	0.000516365	0.0094497
15	0.127092	0.0145957	0.106149	0.0771696	0.00432955	0.261929	0.00621123	0.00530756	0.0336233	0.00891796	0.0164177	0.0449123	0.00375095	0.0221992	0.040745	0.190935	0.0204224	0.00561417	0.00214132	0.00753763
16	0.00439201	0.0345354	0.0529724	0.00389673	0.107696	0.0156814	0.294827	0.00482862	0.028422	0.0393335	0.00311418	0.0504057	0.0141754	0.0116514	0.0370879	0.0239723	0.0302408	0.00466306	0.00204244	0.236062
17	0.00663445	0.00207141	0.000463832	0.000570702	0.0508216	0.000511708	0.00172009	0.106591	0.00104895	0.709298	0.0302129	0.000881425	0.000900328	0.00310849	0.00171426	0.00303688	0.00567451	0.0708791	0.00224528	0.00161539
18	0.00440114	0.0340988	0.053235	0.00399236	0.107722	0.0151652	0.292591	0.00487107	0.028034	0.0402164	0.00309863	0.0505104	0.0135742	0.0116989	0.0369307	0.0231317	0.0301127	0.0045417	0.00188119	0.240194
19	0.235099	0.00763928	0.00799463	0.00796538	0.157948	0.00872864	0.0292332	0.00849606	0.0310939	0.0351196	0.00538858	0.0077017	0.0044397	0.00670396	0.0108097	0.310637	0.0112125	0.105178	0.00300293	0.00560832
20	0.0145394	0.00561393	0.000883448	0.000690903	0.0118062	0.00062495	0.00277779	0.359058	0.00094072	0.179465	0.0175584	0.00205343	0.000305315	0.000730014	0.00457973	0.00144417	0.00725368	0.38845	0.000309325	0.000915935
21	0.0330732	0.00393592	0.00430417	0.00126817	0.0133408	0.00189246	0.00095869	0.169856	0.00144895	0.0243714	0.0116772	0.00307396	0.000324313	0.000920402	0.0039441	0.00560926	0.00795478	0.710803	0.000378423	0.000865078
22	0.0136955	0.00461918	0.000955431	0.000481802	0.00768199	0.00044902	0.00142111	0.424802	0.000679398	0.103422	0.0263972	0.00200911	0.00022499	0.000449424	0.00265949	0.00203356	0.0103354	0.395782	0.000242717	0.00165869
23	0.00566392	0.00216617	0.000644945	0.00058007	0.0725496	0.000831924	0.00226166	0.123819	0.00116734	0.647131	0.0376729	0.00126744	0.00081824	0.00387625	0.00173822	0.00405145	0.0073394	0.0747099	0.00464775	0.00706191
24	0.0539558	0.0351718	0.0441709	0.0157706	0.0232304	0.0163764	0.0176509	0.007097	0.020678	0.0230241	0.011785	0.045612	0.0261851	0.0104213	0.024376	0.524232	0.0803848	0.00807889	0.00322358	0.00857581
25	0.00228633	0.0061862	0.00703157	0.123002	0.0043654	0.00748157	0.00471513	0.0125541	0.394242	0.00381911	0.0282729	0.0330275	0.025888	0.0688257	0.145	0.0492855	0.0732427	0.00823553	0.00172284	0.000815653
26	0.0155943	0.00497967	0.121353	0.0565003	0.0103262	0.0497775	0.0683896	0.0040977	0.19908	0.0118019	0.00186538	0.140975	0.00503527	0.0580015	0.116237	0.0766583	0.031964	0.00862977	0.00423487	0.0144992
27	0.0137304	0.0129754	0.00933607	0.0108993	0.117648	0.00801277	0.0177227	0.099539	0.0144086	0.064869	0.0415751	0.011667	0.00409323	0.00830243	0.0197776	0.0314387	0.0160975	0.0344891	0.00695247	0.456466
28	0.626283	0.0030345	0.0138746	0.00431539	0.00311464	0.0347865	0.00445296	0.00470402	0.00540477	0.0116745	0.00193663	0.00647193	0.0378954	0.00624959	0.0144981	0.0928536	0.0538679	0.0710705	0.00130914	0.00220284
29	0.056837	0.0396893	0.0320248	0.00990114	0.0243816	0.0129226	0.0155039	0.00243109	0.0160943	0.0211137	0.0125414	0.0516437	0.0105827	0.00842101	0.0222003	0.568466	0.0816406	0.00390711	0.00271835	0.00697913
30	0.0536689	0.0509369	0.03233	0.0103119	0.0389355	0.013573	0.0180085	0.00442675	0.0170951	0.0262321	0.0119634	0.0430635	0.00979031	0.00766658	0.0234375	0.544566	0.0730402	0.00617474	0.00351219	0.0112672
31	0.0189575	0.00395619	0.00421578	0.00646204	0.0183088	0.00473421	0.0354755	0.0348293	0.108725	0.0204636	0.00362613	0.00624943	0.0154537	0.0039198	0.182063	0.302522	0.203792	0.0206199	0.001938	0.00368806
32	0.0228367	0.0305333	0.0123398	0.0239609	0.0720884	0.0168701	0.0213797	0.0653223	0.0255091	0.12969	0.0149389	0.0209041	0.0139292	0.01571	0.136981	0.138019	0.02843	0.0248594	0.165535	0.0201629
33	0.0336513	0.593407	0.00377034	0.0042829	0.0429884	0.0130395	0.0146134	0.0202096	0.009528	0.0142576	0.00427476	0.0115258	0.00175442	0.00428589	0.0204959	0.105724	0.023788	0.0165398	0.0170294	0.0448341
34	0.0075228	0.00285088	0.00047395	0.000571961	0.0622064	0.00054408	0.00147617	0.0683965	0.00104584	0.769816	0.0217305	0.00109676	0.00135253	0.00258542	0.00146649	0.00282381	0.00399651	0.0464666	0.0010709	0.00250584
35	0.0267246	0.00203933	0.313038	0.204603	0.00416238	0.0306458	0.0290639	0.00565321	0.0722831	0.0110244	0.00839798	0.127248	0.00497992	0.0522748	0.0355082	0.0398241	0.0176068	0.012323	0.000409309	0.00219008
36	0.0378649	0.0120576	0.0528963	0.28288	0.019723	0.0439169	0.0212249	0.0259692	0.114844	0.0338929	0.0134929	0.0275456	0.0136954	0.0890092	0.053599	0.0326882	0.0503355	0.0571636	0.00488809	0.0123137
37	0.00621675	0.00216073	0.000633713	0.000601438	0.0465915	0.000583134	0.00120666	0.138561	0.000929895	0.641716	0.0424474	0.000924111	0.000682642	0.0038689	0.00159395	0.00348923	0.00779196	0.0944212	0.00361223	0.00196704
38	0.227238	0.00525349	0.0255148	0.05331	0.00760816	0.0261486	0.0243765	0.0123575	0.0273662	0.080988	0.00542868	0.0266817	0.00418494	0.0582575	0.068353	0.114897	0.157545	0.0647125	0.00401766	0.0057615
39	0.0235106	0.0416456	0.0124314	0.129505	0.0217517	0.0110153	0.117643	0.0177004	0.230464	0.0519452	0.0517429	0.019962	0.00183787	0.0736627	0.0507559	0.0358445	0.0568425	0.0175578	0.00537385	0.0288081
40	0.0248801	0.00844603	0.00122005	0.000803776	0.0169238	0.000712516	0.00182949	0.495338	0.00210802	0.134072	0.077997	0.00258546	0.00158513	0.000814456	0.00606694	0.00987967	0.0218246	0.184216	0.00049088	0.00820524
41	0.0146843	0.00445635	0.00105991	0.000521981	0.00780781	0.000466949	0.00144763	0.408981	0.000689147	0.101705	0.0255939	0.00222626	0.000236391	0.000458172	0.0027643	0.00196531	0.0107547	0.412466	0.00023637	0.00147795
42	0.00944353	0.00736939	0.00299429	0.00158873	0.250227	0.00509082	0.0112108	0.161569	0.00218547	0.3023	0.0339486	0.00846643	0.000876098	0.00838827	0.00689549	0.00840494	0.0109409	0.0828756	0.0151849	0.0700399
43	0.0663074	0.00441624	0.00564404	0.00530579	0.00556345	0.00831574	0.00709942	0.0219913	0.00719812	0.0166379	0.00364637	0.0110555	0.700815	0.0112022	0.00897044	0.0815031	0.0120174	0.016085	0.00208622	0.00413986
44	0.0196327	0.00337581	0.00261505	0.00066677	0.00946914	0.000617955	0.00129191	0.276984	0.000791198	0.0624807	0.0136714	0.00332182	0.000248713	0.000562524	0.00277029	0.00255103	0.0106829	0.587286	0.00029205	0.000687499
45	0.00526041	0.0557359	0.00422598	0.00387872	0.468328	0.00726161	0.0342618	0.0345461	0.00537236	0.069131	0.00706405	0.00566864	0.00178169	0.00458519	0.0155934	0.0226218	0.0072847	0.0214447	0.0172362	0.208718
46	0.00406843	0.0652436	0.0338729	0.00355687	0.171694	0.0125406	0.217807	0.00888535	0.0196757	0.033566	0.00377118	0.0328131	0.00909101	0.010148	0.0340878	0.0228214	0.0201734	0.00528458	0.00813074	0.282769
47	0.00697989	0.0110599	0.222417	0.0630484	0.022601	0.149202	0.0732849	0.00711207	0.0563471	0.00451147	0.000812381	0.166696	0.000497973	0.024117	0.065938	0.0427357	0.00452274	0.00784931	0.0133467	0.0569204
48	0.0160256	0.00505724	0.00121466	0.000675379	0.00980291	0.000837385	0.0017468	0.411379	0.00125968	0.106181	0.0304645	0.00216854	0.000399143	0.00074836	0.00374599	0.00304684	0.0114338	0.391268	0.000273833	0.00227117
49	0.0240055	0.000976961	0.373332	0.181085	0.00359753	0.0267525	0.0302319	0.00488804	0.0617625	0.00939123	0.00453924	0.123733	0.0040623	0.0504266	0.0312061	0.0380501	0.0175739	0.0122311	0.000388534	0.00176616
50	0.0701157	0.00457936	0.00493917	0.00461757	0.00580953	0.00814631	0.00720519	0.0260234	0.00581841	0.0170355	0.0038138	0.010045	0.702563	0.0107419	0.00869501	0.0748491	0.0131614	0.0154715	0.00212752	0.0042417
51	0.0583691	0.0409182	0.0291532	0.00971589	0.024544	0.0129456	0.0148064	0.00233568	0.0162002	0.0224621	0.0120987	0.0460319	0.0102259	0.00723436	0.0222834	0.579586	0.0770973	0.00407813	0.00272904	0.00718423
52	0.0151497	0.0030692	0.452092	0.0436497	0.00385586	0.00333574	0.24965	0.00498766	0.00572397	0.00575467	0.00277011	0.0543223	0.0243559	0.0412964	0.00636491	0.0111395	0.0317291	0.035334	0.00171437	0.00370487
53	0.0146106	0.00494639	0.00115898	0.000696305	0.0166249	0.000590548	0.00218509	0.341288	0.000973678	0.186731	0.0271052	0.0023983	0.000647754	0.00101695	0.0034108	0.00269875	0.0102755	0.379998	0.0011111	0.00153218
54	0.0343253	0.0197106	0.0742526	0.0652439	0.0187264	0.287575	0.0260785	0.00723764	0.0513647	0.0161464	0.00579771	0.0655517	0.00217553	0.049017	0.138416	0.0626673	0.0269586	0.00688919	0.012733	0.029134
55	0.00698636	0.00468499	0.0225839	0.0527108	0.00666198	0.020041	0.249538	0.00708923	0.145125	0.00889369	0.00438615	0.2258	0.00217436	0.00547553	0.128848	0.0119822	0.00805206	0.00691056	0.0233365	0.058719
56	0.0166919	0.0203835	0.0272556	0.051483	0.0191057	0.0143734	0.216112	0.0435702	0.027928	0.11973	0.0139934	0.022451	0.00453257	0.227649	0.0318075	0.0298544	0.021274	0.0668793	0.00723341	0.0176924
57	0.0153914	0.01729	0.00390619	0.0734971	0.00443561	0.00316575	0.0222065	0.0373514	0.167816	0.033597	0.0163564	0.0807799	0.00533186	0.0192265	0.108595	0.136014	0.208639	0.0343278	0.000872636	0.0112005
58	0.0835812	0.0121497	0.107984	0.137103	0.00706682	0.232553	0.0117349	0.00820348	0.0516025	0.0136216	0.00845845	0.0656547	0.00214756	0.0370752	0.0591007	0.107698	0.0324009	0.00640701	0.00255167	0.0129066
59	0.00331558	0.0129902	0.0100265	0.096484	0.00852319	0.0147997	0.00413914	0.0317077	0.317392	0.00410857	0.0326144	0.0386132	0.0168923	0.0627587	0.215278	0.0493798	0.0667947	0.0068011	0.00594071	0.00144017
60	0.0227205	0.0346948	0.0226506	0.0252326	0.0410883	0.0366493	0.0344066	0.0345255	0.0371937	0.059223	0.0179986	0.0320106	0.0106376	0.0275557	0.141427	0.0660183	0.0277925	0.0260447	0.276836	0.0252948
61	0.0125038	0.00127552	0.00140339	0.0148439	0.00328958	0.00230123	0.00645148	0.00902916	0.525227	0.00967592	0.0306294	0.0307324	0.000652177	0.0228576	0.294258	0.0120847	0.0112087	0.00601545	0.0026679	0.00289277
62	0.0537844	0.0225479	0.135031	0.185308	0.011199	0.0426934	0.0237805	0.0223265	0.14163	0.012241	0.0099274	0.0809491	0.00157456	0.069706	0.0541032	0.0528662	0.0452729	0.0153775	0.00381403	0.0158663
63	0.659119	0.00221786	0.0161066	0.00357286	0.00373711	0.0341335	0.00348376	0.00282962	0.00594001	0.0127212	0.00153045	0.00400358	0.0178736	0.00350448	0.00939419	0.0952539	0.0468488	0.0749385	0.000931955	0.00185855
64	0.0094719	0.0057284	0.00263901	0.00214387	0.117882	0.00325015	0.00513519	0.0838669	0.00249527	0.601269	0.0510253	0.00530444	0.00183704	0.00497442	0.00562917	0.00661418	0.00736775	0.0504432	0.00478575	0.0281375
65	0.0158645	0.0184263	0.00359605	0.0769225	0.00479507	0.00104785	0.0219426	0.0400659	0.168391	0.0343032	0.0150029	0.0772656	0.00585043	0.0156792	0.102805	0.127959	0.22072	0.0375885	0.000573614	0.011201
66	0.0740074	0.0106519	0.00378749	0.00339209	0.047317	0.00323478	0.00508171	0.311051	0.0142708	0.140455	0.0424276	0.0121276	0.0571764	0.0130098	0.00685982	0.0557718	0.101544	0.0926938	0.00173939	0.00340136
67	0.0265943	0.00337066	0.00404907	0.00110257	0.0140836	0.000962097	0.00106834	0.175376	0.00125048	0.0259591	0.0120497	0.00274389	0.000351304	0.00103278	0.00433984	0.00405265	0.00710699	0.713203	0.000391948	0.000911688
68	0.0850395	0.0198344	0.055776	0.0473682	0.0117659	0.507657	0.0138434	0.019069	0.0226973	0.00783535	0.0035863	0.0310647	0.0110616	0.0111615	0.0302602	0.0609848	0.0171374	0.0212184	0.00846336	0.0141758
69	0.0232112	0.00811678	0.00146752	0.00106869	0.0144427	0.000805681	0.00198269	0.496763	0.00220145	0.128877	0.094784	0.00275049	0.00148234	0.00113661	0.00688039	0.0104206	0.0200804	0.175061	0.000378132	0.00808908
70	0.0213595	0.000956377	0.293276	0.19616	0.00333031	0.039195	0.0454914	0.0042221	0.0807403	0.00758905	0.00398235	0.130251	0.00357482	0.0593796	0.0392457	0.0416548	0.0143435	0.0109821	0.000966353	0.00329975
71	0.00639538	0.224272	0.0201194	0.00572841	0.0297107	0.0221474	0.057108	0.00618007	0.0251084	0.150665	0.00519616	0.00819233	0.0194213	0.0532607	0.286145	0.0351491	0.00797656	0.0229371	0.0050374	0.00925002
72	0.0264251	0.00898291	0.00135122	0.000818744	0.0160804	0.000747908	0.00197358	0.50006	0.00233082	0.121555	0.0791281	0.0028348	0.00198427	0.000832644	0.00658596	0.0106675	0.0235997	0.184645	0.000352029	0.00904432
73	0.0145716	0.00455296	0.00113282	0.000559577	0.0100573	0.000562198	0.00211016	0.353387	0.000804742	0.135535	0.0172703	0.00231903	0.000259456	0.000572488	0.00333235	0.00156206	0.00877212	0.44164	0.000249814	0.000748688
74	0.116388	0.020131	0.0222443	0.0193366	0.00785616	0.601882	0.00586412	0.0133647	0.0114489	0.00291197	0.0016357	0.0115055	0.0183663	0.0016224	0.0215842	0.062095	0.0151248	0.0323137	0.0127954	0.00152998
75	0.0124883	0.00516018	0.000825627	0.000746325	0.0218048	0.000656129	0.00197634	0.376639	0.00113505	0.266701	0.0415202	0.0015755	0.000672783	0.0017673	0.00359244	0.00347486	0.00978644	0.244999	0.00206258	0.00241618
76	0.00961844	0.220093	0.00715939	0.00788124	0.0339508	0.00742404	0.186172	0.0304058	0.0101898	0.080496	0.00632275	0.00874964	0.00318323	0.0067976	0.0114194	0.0392107	0.0556273	0.0514727	0.128824	0.0950026
77	0.0924149	0.0202812	0.0291664	0.0182681	0.010203	0.633934	0.00893352	0.00954736	0.0114226	0.00552235	0.00164612	0.0161592	0.0115839	0.00413952	0.0247874	0.0543279	0.00957168	0.0182197	0.00731276	0.0125586
78	0.0683553	0.00998122	0.00378249	0.00359726	0.0317364	0.00346245	0.0049332	0.298378	0.0178906	0.115748	0.101766	0.0169289	0.0407251	0.00742321	0.00665289	0.0557635	0.133262	0.0753824	0.00136435	0.00286695
79	0.139565	0.0145597	0.0269377	0.0164799	0.00670259	0.527233	0.00563292	0.0113158	0.0116096	0.00624775	0.002601	0.0164972	0.042228	0.00481117	0.0172986	0.0987713	0.0162586	0.025628	0.00733528	0.00228617
80	0.0872789	0.0202356	0.0351591	0.0259003	0.0114504	0.605832	0.0114117	0.00956447	0.0132991	0.00625422	0.00175478	0.022348	0.0107779	0.00592892	0.028346	0.0542946	0.00999816	0.0176681	0.00792427	0.014573
81	0.0120542	0.00479436	0.000742722	0.000700579	0.00810824	0.00077352	0.00120878	0.576112	0.0011044	0.0983153	0.0512308	0.00152612	0.000528311	0.00069904	0.00375481	0.00389141	0.0105981	0.219669	0.000317746	0.00387064
82	0.0932728	0.0204548	0.030191	0.0172718	0.0105605	0.634803	0.00931975	0.00985196	0.0103649	0.00540036	0.00161318	0.0152913	0.0120762	0.00258825	0.0197287	0.0586455	0.00974709	0.0187313	0.00710665	0.0129808
83	0.0131381	0.00347585	0.00450186	0.0331856	0.00305756	0.00563047	0.00840032	0.0125835	0.571356	0.0110399	0.0344261	0.0339923	0.00341198	0.0455481	0.160212	0.018996	0.0232983	0.00981893	0.0010544	0.00287221
84	0.0502979	0.035758	0.0279122	0.0107434	0.0229234	0.0144601	0.0146762	0.00626648	0.0181637	0.0215588	0.0167556	0.0422372	0.00995067	0.00888934	0.0244799	0.550048	0.108073	0.00629532	0.00343676	0.00707384
85	0.225772	0.012048	0.0214436	0.0771272	0.0154185	0.0282274	0.0174742	0.0236136	0.0305517	0.0468241	0.0108614	0.0236824	0.00663907	0.033974	0.0438846	0.115213	0.193848	0.054828	0.00724611	0.0113231
86	0.00435728	0.00218075	0.000715405	0.000782736	0.0446292	0.000754725	0.00112396	0.166853	0.00116362	0.561909	0.0585788	0.00119398	0.000701463	0.00526344	0.00140984	0.00499261	0.0124921	0.122394	0.0069951	0.00150956
87	0.663028	0.00275077	0.0138106	0.00294926	0.00650465	0.0363496	0.00324019	0.00337906	0.00692322	0.0117384	0.00161289	0.00344173	0.0163949	0.00250248	0.00855963	0.0918117	0.0402228	0.0818	0.00104914	0.00193111
88	0.0200032	0.00423304	0.0936157	0.0818347	0.00714963	0.0469988	0.051996	0.00347095	0.247601	0.0092745	0.0035914	0.0731453	0.00754497	0.0794189	0.128222	0.0706454	0.0402929	0.013119	0.00434524	0.0134972
89	0.132202	0.0386107	0.0080068	0.0106549	0.0333905	0.0249273	0.00301295	0.115683	0.0296417	0.0780846	0.0258132	0.0153666	0.000693856	0.0038028	0.0185101	0.0586007	0.0419376	0.346549	0.000776228	0.0137361
90	0.0203469	0.0105078	0.00163444	0.00104141	0.0509745	0.000945141	0.00249891	0.251814	0.00169056	0.344506	0.0366727	0.00253207	0.0025493	0.00225962	0.00437008	0.00536095	0.00833821	0.244518	0.00240262	0.00503666
91	0.00346248	0.0364305	0.00248625	0.00278584	0.350088	0.00433534	0.0378294	0.0199098	0.0037716	0.0284794	0.00391002	0.00334387	0.00134896	0.00270491	0.0216674	0.0285389	0.0042736	0.0046596	0.016637	0.423337
92	0.0389667	0.578564	0.00226633	0.00278508	0.017226	0.0131171	0.0109177	0.0244387	0.00789571	0.010713	0.00214066	0.0058149	0.00112355	0.00226739	0.016022	0.145726	0.0253472	0.019776	0.0197433	0.0551485
93	0.0087776	0.0116468	0.00307772	0.00229622	0.375985	0.0054557	0.0103818	0.113897	0.00308263	0.234882	0.0250473	0.00790656	0.00128019	0.00721828	0.00771745	0.0104785	0.00913096	0.0712901	0.0128374	0.0776104
94	0.00425256	0.00215645	0.000736607	0.000779432	0.0493884	0.000819354	0.00131691	0.184737	0.00123567	0.531033	0.0648328	0.00144047	0.000711997	0.004747	0.00145492	0.00552905	0.0129339	0.122086	0.00720099	0.00260837
95	0.0498611	0.00478717	0.10126	0.344844	0.00555597	0.0349277	0.0354941	0.00736556	0.00797863	0.037603	0.00497743	0.023915	0.0794676	0.0648581	0.00748519	0.151956	0.0238651	0.00799686	0.00209651	0.0037054
96	0.0016082	0.00379746	0.365504	0.0291318	0.00632305	0.00968448	0.0260658	0.0307103	0.0357976	0.00434551	0.00077773	0.379229	0.000516149	0.00200712	0.0159346	0.0338041	0.00704411	0.0177269	0.000395581	0.0295965
97	0.0148162	0.00131826	0.00152856	0.0256222	0.00166485	0.00343331	0.00745214	0.0137709	0.585297	0.0114151	0.0418804	0.0340418	0.000622195	0.0305037	0.18434	0.0112912	0.0191586	0.0102172	0.000536245	0.0010903
98	0.0129432	0.00122372	0.00143909	0.022943	0.00172141	0.00267696	0.00635126	0.0118618	0.588659	0.00966794	0.0385764	0.0345816	0.000635511	0.0283087	0.200647	0.0123135	0.0160584	0.00773922	0.000593721	0.00105917
99	0.118255	0.033416	0.0074344	0.0080946	0.0335713	0.0257817	0.00195047	0.129305	0.0221255	0.0788056	0.025453	0.0148402	0.00211389	0.00239283	0.0146513	0.056454	0.0425401	0.373969	0.000517117	0.00832914
100	0.00734305	0.0017286	0.000332158	0.000354564	0.0566717	0.000306104	0.00128507	0.0554594	0.000704217	0.817691	0.0160127	0.000537461	0.000798966	0.00209285	0.00135157	0.00206348	0.00233961	0.0312249	0.000198556	0.00150442
101	0.0147849	0.00557053	0.000896111	0.00066805	0.0120533	0.000612195	0.00282938	0.365024	0.000978173	0.179384	0.0192927	0.00202346	0.000336628	0.000721485	0.00445849	0.00158939	0.00743376	0.379895	0.000310241	0.00113703
102	0.0273255	0.00333763	0.00421965	0.00110467	0.0139508	0.000973868	0.0010391	0.171245	0.00128079	0.0218339	0.0119322	0.00276851	0.000357607	0.00104027	0.00419836	0.00426827	0.00702973	0.720781	0.000403638	0.000909391
103	0.00734305	0.0017286	0.000332158	0.000354564	0.0566717	0.000306104	0.00128507	0.0554594	0.000704217	0.817691	0.0160127	0.000537461	0.000798966	0.00209285	0.00135157	0.00206348	0.00233961	0.0312249	0.000198556	0.00150442
104	0.00535668	0.00342561	0.388936	0.0453074	0.00641095	0.0139935	0.0367066	0.0252436	0.0363385	0.00481532	0.00124996	0.315563	0.00361263	0.00939608	0.0183053	0.0331766	0.00983119	0.0167317	0.000827677	0.0247711
105	0.0031814	0.00422241	0.349439	0.039863	0.00806974	0.0258302	0.0306125	0.0270546	0.0372938	0.00464201	0.000950058	0.350542	0.000690649	0.00553741	0.0208147	0.0339016	0.00726242	0.0164131	0.00172274	0.0319569
106	0.0337759	0.00425296	0.00447349	0.00136883	0.0135944	0.00196802	0.00100387	0.172099	0.0016862	0.0254489	0.0132045	0.00322888	0.000434525	0.0010214	0.00407806	0.00610374	0.00876032	0.701941	0.000368979	0.00118667
107	0.0147372	0.011841	0.0530048	0.120368	0.013966	0.0114372	0.23782	0.0870025	0.0196713	0.0749137	0.0102548	0.0153802	0.00501846	0.213496	0.0209936	0.0260723	0.0182875	0.029296	0.00591392	0.0105262
108	0.00415071	0.00203618	0.000706399	0.000778693	0.0486244	0.00075394	0.00133743	0.169532	0.00118994	0.553698	0.0621392	0.00132087	0.00060834	0.00488511	0.00142644	0.00528248	0.0125231	0.11902	0.0076193	0.00236674
109	0.0182313	0.00121719	0.252139	0.18014	0.0036078	0.0387554	0.0552166	0.00386632	0.115949	0.00695083	0.00322467	0.119032	0.00334578	0.0667828	0.0519032	0.0436925	0.0171775	0.0106966	0.00172479	0.00634829
110	0.0705726	0.0305565	0.0106294	0.0176385	0.0510198	0.0268952	0.0409862	0.0138577	0.174326	0.0215724	0.0363941	0.204278	0.00100149	0.0195142	0.010394	0.12166	0.0163775	0.0450907	0.00253427	0.0847023
111	0.00722995	0.00173448	0.000346861	0.000373566	0.0583289	0.000316107	0.0013402	0.0577437	0.000711058	0.810504	0.0167323	0.000546097	0.000802738	0.00216606	0.00139083	0.00210752	0.00248534	0.0329065	0.00040903	0.00182445
112	0.13223	0.0373123	0.00795888	0.00841357	0.031885	0.0275318	0.00189081	0.117771	0.0231437	0.0805438	0.0276318	0.0147754	0.000497189	0.00223931	0.0149959	0.0591888	0.0436786	0.358368	0.000489755	0.009454
113	0.021388	0.00158214	0.299232	0.176406	0.00464657	0.0493745	0.0388766	0.00496302	0.0788346	0.00747379	0.00403473	0.130208	0.00351703	0.0538342	0.0449348	0.0493121	0.0137329	0.0118424	0.00164675	0.00416049
114	0.00458391	0.218108	0.00467352	0.0036768	0.12055	0.0160632	0.0765512	0.00556348	0.00641647	0.069608	0.0190627	0.0281758	0.00309829	0.0261102	0.178611	0.0890132	0.00517909	0.0061631	0.0475071	0.071285
115	0.0108797	0.0093054	0.00333887	0.00231631	0.250584	0.00843197	0.0106372	0.147914	0.00274248	0.296465	0.0316564	0.0087208	0.00156439	0.00806735	0.00693279	0.00998503	0.0105153	0.0850905	0.0135766	0.0812767
116	0.0295936	0.0374731	0.0758342	0.0174874	0.0291616	0.547341	0.0320817	0.00356598	0.00502224	0.0176453	0.0019898	0.0401237	0.00104519	0.00455792	0.0235528	0.057718	0.00430631	0.00292653	0.000984554	0.0675892
117	0.0452769	0.00438144	0.047467	0.0734844	0.0140707	0.017932	0.017165	0.0167172	0.150715	0.0440654	0.0131516	0.0423686	0.162852	0.0871379	0.0871677	0.113519	0.0195145	0.037367	0.00199892	0.00364744
118	0.0242889	0.0216575	0.0551593	0.065043	0.0196068	0.278615	0.0269133	0.00425432	0.0777741	0.0156063	0.00581423	0.0713555	0.00160804	0.0581868	0.161563	0.0472921	0.012531	0.00438301	0.0163994	0.0319481
119	0.0497397	0.0363046	0.0294791	0.013471	0.0234717	0.0169763	0.0145791	0.00832078	0.0232041	0.0208984	0.0121445	0.0428111	0.00949861	0.00827237	0.0298969	0.551996	0.0911832	0.00638532	0.00332138	0.00804573
120	0.0378332	0.0150815	0.004851	0.016208	0.00621147	0.00493058	0.00694799	0.119906	0.109003	0.197379	0.06784	0.0250234	0.0219088	0.0154983	0.127115	0.0328513	0.0546027	0.112595	0.0195338	0.00467992
121	0.0172687	0.00350104	0.00211942	0.000571502	0.00785754	0.000501754	0.00140403	0.322991	0.000728014	0.0783513	0.0158039	0.00338963	0.000216584	0.000481248	0.00243824	0.00190871	0.012113	0.527473	0.00027435	0.000607658
122	0.0110957	0.00453792	0.000701538	0.000728709	0.00784431	0.000751543	0.00141133	0.546491	0.00100716	0.112029	0.0398105	0.00141685	0.000389292	0.000696828	0.00325539	0.00294448	0.00860673	0.253281	0.000296422	0.0027037
123	0.0177143	0.00349035	0.00218606	0.000570809	0.00801278	0.000515696	0.0013601	0.316853	0.00072205	0.0756759	0.0154438	0.00330393	0.000216015	0.00049601	0.00246069	0.00197498	0.0118247	0.536297	0.000278345	0.000603313
124	0.0405734	0.0235948	0.0128675	0.0190225	0.0251222	0.0111556	0.0163807	0.188246	0.0361484	0.0548908	0.0275271	0.0251383	0.0155943	0.0138214	0.0324551	0.103947	0.285536	0.0526595	0.00439655	0.0109228
125	0.0599195	0.0400389	0.0283817	0.00986544	0.0234453	0.0125784	0.0146602	0.00362714	0.0158817	0.0209832	0.0119592	0.0442672	0.0100542	0.00734107	0.0221416	0.55095	0.109449	0.00457831	0.00279182	0.00708607
126	0.0393956	0.00783304	0.0101292	0.15205	0.00979505	0.00976142	0.0135839	0.0251505	0.189359	0.0220327	0.0132194	0.0153124	0.00241962	0.119828	0.172791	0.0241158	0.108228	0.0527152	0.00273487	0.00954505
127	0.00119355	0.00386786	0.363945	0.0260141	0.00641711	0.00881566	0.0262687	0.0314443	0.0352716	0.00431644	0.000721673	0.385111	0.000430095	0.00083318	0.015781	0.0337738	0.00697203	0.0177928	0.000392298	0.0306381
128	0.00313095	0.00612105	0.00728415	0.113172	0.00535484	0.00772025	0.00449298	0.016107	0.389361	0.00399255	0.0311603	0.0316408	0.0185143	0.0690484	0.168982	0.0461567	0.0671728	0.00771996	0.00212062	0.000747968
129	0.107085	0.191071	0.00745143	0.00824719	0.00887585	0.00875016	0.0075708	0.064269	0.010862	0.0139545	0.00671218	0.00991862	0.00332612	0.00740911	0.0105676	0.0916614	0.206811	0.225245	0.00374666	0.00646476
130	0.0145409	0.00287611	0.125147	0.0766588	0.00834299	0.0759573	0.0597434	0.0020204	0.210451	0.00842838	0.00177773	0.0853877	0.00610182	0.0707471	0.120452	0.0730394	0.0277562	0.0104465	0.00651074	0.0136146
131	0.0192371	0.0243042	0.0719933	0.0549272	0.0253672	0.283565	0.0406279	0.00463209	0.0639971	0.0185427	0.00540475	0.104971	0.000989993	0.0358514	0.120968	0.0605918	0.0114527	0.00305759	0.0118153	0.0377034
132	0.0119721	0.0135947	0.0138003	0.00865533	0.0811717	0.0081481	0.0891328	0.138805	0.0116272	0.252257	0.0397577	0.164193	0.00351006	0.0106615	0.0118796	0.0157302	0.0126669	0.0955979	0.00458628	0.0122528
133	0.0641551	0.00425976	0.00580926	0.00489701	0.0057652	0.00832549	0.00752225	0.0221264	0.00586602	0.0163822	0.00351745	0.0112773	0.706377	0.0114412	0.00860158	0.0798197	0.0121593	0.0150726	0.00209166	0.00453337
134	0.00937506	0.00437384	0.0014524	0.00153396	0.0711884	0.00208904	0.00358424	0.0802762	0.00196497	0.692083	0.0253918	0.00311403	0.00136627	0.0038013	0.00381338	0.0144001	0.00633994	0.0559372	0.00315575	0.0147594
135	0.28767	0.0248325	0.0108141	0.00769821	0.026728	0.0359225	0.00359681	0.0733289	0.0243368	0.0541838	0.0164277	0.0109091	0.00517759	0.0031121	0.0145677	0.079282	0.0399935	0.273055	0.00109975	0.00726394
136	0.0219663	0.00678963	0.00108595	0.000767522	0.0254687	0.000714376	0.00203194	0.372593	0.00177702	0.276396	0.0607714	0.00222129	0.00136433	0.00166764	0.00469424	0.00737706	0.0159731	0.188702	0.00206225	0.005576
137	0.0354898	0.00587963	0.00914362	0.263182	0.0078508	0.00763577	0.015663	0.024773	0.191247	0.0226461	0.0126901	0.00715166	0.000861845	0.127848	0.0887832	0.013412	0.0852726	0.0706366	0.000530532	0.00930282
138	0.0474037	0.0077451	0.00567271	0.00173659	0.0166487	0.00342672	0.00317492	0.278583	0.00608779	0.0968013	0.0408841	0.0105906	0.0076576	0.00202647	0.00609175	0.019964	0.0526937	0.388961	0.000538507	0.0033121
139	0.0103162	0.00733341	0.00285111	0.00144769	0.219344	0.00403226	0.0105788	0.162399	0.00207612	0.331967	0.0436251	0.00899716	0.00090098	0.00812837	0.00575043	0.00770781	0.0117403	0.0863328	0.0142468	0.0602248
140	0.142697	0.0186587	0.0205782	0.0167936	0.00704834	0.604302	0.00485136	0.0125591	0.0121091	0.00337964	0.00166108	0.00929802	0.0140083	0.00184916	0.0217518	0.0596732	0.0130587	0.0248435	0.00925673	0.00162258
141	0.0571624	0.041466	0.0303885	0.00925647	0.0243633	0.0126235	0.0156971	0.00221274	0.0164859	0.0220439	0.0124805	0.0493125	0.0107544	0.00780151	0.0224353	0.572834	0.0784749	0.00403379	0.00286124	0.00731166
142	0.0182139	0.0216704	0.0160355	0.0113216	0.185398	0.00719925	0.0951377	0.0052575	0.00615699	0.199817	0.00705945	0.00504169	0.00188008	0.00424776	0.00598194	0.258051	0.049466	0.0191634	0.00532292	0.0775781
143	0.00737853	0.0017738	0.000335532	0.000364081	0.0571891	0.000338732	0.00128469	0.0556963	0.00072309	0.816207	0.0163447	0.00060396	0.000831178	0.0020853	0.00135412	0.00209293	0.0023655	0.0312487	0.000219013	0.00156421
144	0.00421084	0.211885	0.00387307	0.00357531	0.136615	0.0136669	0.0807141	0.00510374	0.00582672	0.0677767	0.0203503	0.0266778	0.00264766	0.0242586	0.179836	0.0935107	0.00487511	0.00530111	0.0298017	0.0794934
145	0.115089	0.00505862	0.00635523	0.220668	0.0253097	0.00743841	0.0185034	0.0541295	0.101606	0.0123111	0.0163602	0.00569314	0.00160573	0.100281	0.0416939	0.0224113	0.152191	0.0660695	0.00151878	0.025706
146	0.0039487	0.00198172	0.000781998	0.000804759	0.0449839	0.000838916	0.00118434	0.17468	0.00125621	0.542755	0.0638921	0.00128986	0.000729924	0.00501477	0.00139912	0.00530131	0.0131585	0.126303	0.00788231	0.00181269
147	0.0584993	0.0262186	0.108859	0.181667	0.0128055	0.0453189	0.0228478	0.0251869	0.149867	0.0129421	0.0104566	0.0746342	0.00108998	0.0727625	0.0565695	0.054325	0.0481735	0.014293	0.00455779	0.0189257
148	0.0142525	0.0125719	0.0156951	0.0409045	0.00567896	0.0413029	0.0336224	0.00620437	0.161072	0.022607	0.0278683	0.17131	0.00417557	0.0626016	0.132337	0.214741	0.013622	0.00241092	0.00588277	0.011139
149	0.0129343	0.0170256	0.00303715	0.00253567	0.200452	0.00406156	0.0126515	0.149214	0.00303424	0.338736	0.0476635	0.0232375	0.00204537	0.0103084	0.00540014	0.00843905	0.00904902	0.090339	0.00980416	0.0500312
150	0.118587	0.0385141	0.00866627	0.0100945	0.0322802	0.0250518	0.00329882	0.123054	0.0320227	0.0770762	0.0251438	0.014848	0.000691909	0.00413064	0.0187826	0.0574378	0.0431714	0.355644	0.000587482	0.0109165
151	0.00595263	0.00183569	0.00043803	0.00047114	0.0504081	0.000457146	0.00130957	0.0973362	0.000828673	0.719415	0.0333713	0.000840434	0.000677941	0.0033065	0.00138911	0.00324568	0.00588686	0.0687366	0.00258388	0.00150944
152	0.01678	0.00403267	0.00445215	0.066584	0.00378566	0.00639848	0.0106062	0.0175362	0.287828	0.0152858	0.0119419	0.0225017	0.00181237	0.208245	0.269504	0.0138204	0.0261645	0.00821406	0.0017197	0.00278716
153	0.0458494	0.0100855	0.00332063	0.00290573	0.0190788	0.00180164	0.00673194	0.346331	0.0171753	0.146888	0.0776449	0.0125729	0.0144077	0.00431246	0.0167022	0.0300615	0.0710618	0.164924	0.00224249	0.00590233
154	0.0310975	0.149259	0.0205584	0.0230863	0.0202004	0.0646479	0.0113379	0.0751767	0.0376171	0.0224545	0.0102528	0.0245171	0.00549767	0.0155241	0.042707	0.307038	0.0793754	0.0294204	0.0105172	0.019715
155	0.00384437	0.00866872	0.00294172	0.00361011	0.227407	0.00338761	0.0194999	0.038925	0.00422215	0.025232	0.00813986	0.00349831	0.00145776	0.0030788	0.0135214	0.025463	0.00472825	0.00461047	0.00835139	0.589413
156	0.0237825	0.000969597	0.374572	0.18023	0.0035721	0.0266268	0.0312675	0.00483	0.0614321	0.00940732	0.00452252	0.123665	0.00424673	0.050045	0.0309673	0.0378583	0.017694	0.0121504	0.000383782	0.00177592
157	0.12077	0.0087899	0.100389	0.1124	0.00457944	0.275638	0.00610552	0.00472033	0.0202676	0.0096928	0.00897284	0.0419062	0.00186757	0.0235577	0.0709992	0.144121	0.0267348	0.0040465	0.00171034	0.0127304
158	0.0066389	0.00227767	0.000512041	0.00158537	0.0535374	0.000885776	0.00171388	0.0645551	0.00127297	0.783794	0.0212582	0.00100577	0.000893904	0.00547729	0.00223853	0.00333999	0.00397817	0.0422268	0.00109459	0.00171333
159	0.0314375	0.0027907	0.29454	0.205785	0.00517977	0.0317416	0.0279106	0.00709503	0.0700962	0.0127707	0.00662431	0.123507	0.00905956	0.0549348	0.033465	0.0480333	0.020124	0.0124782	0.000423343	0.00200326
160	0.00832721	0.00452292	0.00450777	0.0267896	0.00543988	0.0195409	0.00998088	0.00884329	0.347087	0.0100021	0.00376842	0.0242027	0.00195664	0.356791	0.126527	0.0136925	0.0146962	0.00711171	0.00224604	0.00396738
161	0.0580124	0.0298782	0.088395	0.184319	0.0130597	0.0453074	0.0245401	0.025742	0.155352	0.0126547	0.0108962	0.0709419	0.000417671	0.0801792	0.0587114	0.0543247	0.04726	0.0123501	0.00546818	0.0221902
162	0.0259122	0.0088307	0.00128199	0.000782876	0.0155364	0.000687493	0.00191606	0.503659	0.00216238	0.121505	0.0773335	0.00272244	0.00164912	0.000766891	0.00628731	0.00991824	0.0223226	0.187622	0.000337457	0.00876575
163	0.00975493	0.0141895	0.00303927	0.00313604	0.373332	0.00438261	0.0124342	0.0791697	0.00451793	0.299779	0.0194489	0.00658035	0.00192456	0.0057412	0.00811672	0.0189223	0.00850794	0.056487	0.0113836	0.0591526
164	0.00862449	0.00302767	0.000493619	0.000431187	0.0620279	0.000350036	0.00136947	0.0615002	0.000713474	0.789493	0.0169907	0.000838786	0.00107466	0.0022347	0.00144076	0.00274516	0.0029283	0.0407438	0.000474269	0.00249757
165	0.0071035	0.0280793	0.0868299	0.0100434	0.0812014	0.022506	0.262131	0.00845346	0.0276651	0.0339779	0.00557097	0.0505651	0.0108842	0.0270637	0.0483337	0.0252768	0.0255023	0.00924656	0.00427146	0.225294
166	0.0210818	0.00825933	0.00116528	0.00117199	0.0111589	0.00150936	0.00175458	0.485179	0.0027221	0.109425	0.0583089	0.00255231	0.000855172	0.00103353	0.00519656	0.00696823	0.0178991	0.257911	0.000342296	0.00550427
167	0.661498	0.00298599	0.013489	0.00247228	0.00622859	0.0322368	0.00270006	0.00572085	0.0066226	0.0122524	0.00218442	0.00347691	0.015988	0.00221743	0.00800446	0.0888553	0.0399385	0.0900274	0.000943025	0.00215817
168	0.00738587	0.295349	0.00480008	0.00611602	0.341473	0.0163758	0.0481665	0.0305899	0.0066408	0.0236451	0.00663338	0.00942513	0.00223825	0.00604166	0.0161981	0.0192156	0.00924151	0.0147631	0.0209909	0.11471
169	0.0203841	0.0274223	0.00266626	0.00227143	0.26877	0.00319327	0.00584765	0.100767	0.00317741	0.352507	0.0219174	0.00872122	0.00486619	0.00514276	0.00454277	0.0101034	0.00725184	0.114394	0.00564915	0.0304039
170	0.0425943	0.0265669	0.0616583	0.0479477	0.0425486	0.0229951	0.0292496	0.0880247	0.0959451	0.0192821	0.0164345	0.0403796	0.0120002	0.0300309	0.0751156	0.131157	0.0677466	0.0745884	0.0105851	0.0651497
171	0.11308	0.0289608	0.0344223	0.0327234	0.0136091	0.462198	0.0119857	0.019841	0.014972	0.00404737	0.00275783	0.0213876	0.0173547	0.00328959	0.0330773	0.0772264	0.0311897	0.0571657	0.0167291	0.00398274
172	0.0042051	0.00200281	0.000718686	0.000780439	0.0465432	0.000804378	0.00127053	0.185632	0.00125984	0.529559	0.0665543	0.00135086	0.000742644	0.00491027	0.00143496	0.00547697	0.0133029	0.124222	0.00731449	0.00191547
173	0.0184274	0.00326918	0.0993822	0.078236	0.0066861	0.0476131	0.0528452	0.0025786	0.235983	0.0096366	0.00253771	0.0765925	0.0110518	0.0755275	0.134821	0.073226	0.0401896	0.0120404	0.00465342	0.0147031
174	0.110755	0.00634832	0.065986	0.0504725	0.00656394	0.033563	0.0213185	0.140932	0.0287232	0.0400638	0.00485618	0.0968574	0.0024059	0.00672745	0.0665723	0.043621	0.0994697	0.167083	0.00208452	0.00559522
175	0.00715384	0.00172567	0.000347941	0.000360762	0.0562361	0.000320309	0.00126947	0.0578184	0.000709623	0.811513	0.0173251	0.000541831	0.000801423	0.00228096	0.00136235	0.00210322	0.00260675	0.0336293	0.000397576	0.00149669
176	0.0495449	0.0507537	0.00604202	0.0281348	0.0107197	0.0174944	0.02722	0.188663	0.0609075	0.0609882	0.0328211	0.00775194	0.00233525	0.0374134	0.0434874	0.0370886	0.0431439	0.275417	0.00235831	0.0177148
177	0.0319854	0.00135069	0.310965	0.206367	0.00358566	0.0265085	0.0267538	0.00589478	0.0694777	0.00927511	0.00492398	0.120756	0.00435726	0.0708137	0.030873	0.0399869	0.0169406	0.0167548	0.000506052	0.00192437
178	0.0118964	0.00128955	0.00144603	0.0151611	0.0031527	0.00232079	0.00643024	0.00912299	0.533665	0.0095002	0.0319873	0.0333891	0.000698456	0.0220398	0.283453	0.0117465	0.0114774	0.00601474	0.00254943	0.00265867
179	0.0785047	0.472807	0.00294606	0.00314635	0.0358285	0.0254441	0.00671053	0.0201294	0.00597255	0.020384	0.00258877	0.0062013	0.00118507	0.00282015	0.00919833	0.208796	0.0153942	0.010207	0.0276461	0.0440907
180	0.00679048	0.00235361	0.000501379	0.00049628	0.0625372	0.000529532	0.00171454	0.0780463	0.000890652	0.753613	0.0275341	0.00106969	0.000911615	0.00276199	0.00159734	0.00278878	0.00432815	0.0459701	0.00183245	0.00373326
181	0.0154322	0.00586024	0.00100412	0.000730517	0.0167891	0.000654729	0.00259306	0.357388	0.000967445	0.195694	0.0216882	0.00184235	0.000670155	0.000872227	0.00433436	0.00194228	0.00753021	0.361508	0.000599303	0.00189926
182	0.0279442	0.0263404	0.0481709	0.0422132	0.0380347	0.0243586	0.0255413	0.0736335	0.114087	0.0135741	0.0123018	0.0620636	0.00732309	0.0277231	0.0533154	0.182661	0.0985059	0.0524475	0.00947153	0.0602888
183	0.0152538	0.0452251	0.0325172	0.0821502	0.0143847	0.058465	0.0547514	0.041886	0.0542918	0.0719836	0.037878	0.0265014	0.00105175	0.131867	0.0600781	0.0665538	0.0431688	0.0313823	0.0895462	0.0410634
184	0.0206899	0.00729738	0.00111061	0.00075619	0.0169882	0.000732072	0.00173245	0.478639	0.00186706	0.163329	0.070804	0.00247801	0.00137051	0.00127991	0.00511497	0.00818618	0.0192085	0.191003	0.00103559	0.00637731
185	0.013289	0.00582542	0.377405	0.0430869	0.0105647	0.0164718	0.204586	0.0116823	0.0193666	0.00902289	0.00318604	0.1204	0.0235304	0.0315961	0.0165221	0.0213804	0.023797	0.0261218	0.00268993	0.0194751
186	0.0159468	0.00726736	0.291383	0.103365	0.0147892	0.0883214	0.046022	0.00967592	0.0683612	0.00618293	0.00273447	0.135771	0.00176843	0.0402089	0.0616506	0.0476683	0.0124008	0.0126538	0.0069909	0.0268385
187	0.0250436	0.0574133	0.0139166	0.0584218	0.0754353	0.0171001	0.0261363	0.0446986	0.0324763	0.148335	0.092024	0.0238005	0.00546535	0.0910356	0.0309253	0.072847	0.0267555	0.126844	0.0104931	0.0208329
188	0.0104328	0.00435054	0.000643268	0.000704205	0.0236498	0.000626894	0.000997775	0.401211	0.00108947	0.286402	0.0589857	0.00110656	0.000597975	0.0020794	0.00293199	0.0042208	0.0118412	0.182199	0.00290047	0.00302931
189	0.0330393	0.0092417	0.0141286	0.21238	0.00579292	0.00876063	0.0154553	0.0270226	0.18745	0.0230775	0.00945703	0.0121961	0.000605836	0.166773	0.134015	0.0154657	0.0641167	0.0518535	0.000856692	0.0083114
190	0.0414675	0.0110092	0.210351	0.186438	0.0070867	0.0284624	0.0239599	0.0168202	0.120208	0.00953131	0.00622365	0.095272	0.0026128	0.0975006	0.0381635	0.043178	0.0265605	0.0233846	0.00249936	0.00927154
191	0.0476366	0.0090446	0.00646094	0.00746239	0.0197294	0.00534796	0.00800782	0.138543	0.0173058	0.255597	0.165882	0.0137621	0.012895	0.00777403	0.0165572	0.0288926	0.146798	0.0806009	0.00507181	0.00662978
