263	20
1	0.135603	0.0050125	0.0341129	0.06968	0.00686392	0.0502745	0.040368	0.031087	0.0718029	0.0498186	0.00915874	0.0376069	0.0439922	0.0505698	0.129244	0.106572	0.0820181	0.0434032	0.00189307	0.000919077
2	0.0198585	0.00124881	0.00295369	0.00341769	0.706154	0.00402755	0.0182038	0.0140794	0.00332501	0.0694375	0.00550713	0.0171717	0.0053974	0.00252657	0.00489542	0.0110232	0.00818457	0.00739479	0.000876999	0.0943167
3	0.101717	0.00212094	0.00515893	0.0141115	0.00407476	0.00727468	0.0309478	0.0277034	0.0473011	0.00836365	0.0557662	0.00859096	0.0036685	0.00958256	0.45167	0.113264	0.0411064	0.0617763	0.0018713	0.0039301
4	0.0276694	0.00198717	0.0671561	0.581161	0.00261614	0.0165093	0.0127032	0.0143957	0.0182067	0.0193857	0.00421442	0.017634	0.00778241	0.107905	0.0233251	0.0240938	0.0155405	0.0307854	0.00241869	0.00451034
5	0.207681	0.00935925	0.0302897	0.0303594	0.0146205	0.0592314	0.0214865	0.0184766	0.0318603	0.0209957	0.0136848	0.0361578	0.0393833	0.0213472	0.0465775	0.232084	0.104575	0.038594	0.00813799	0.0150982
6	0.0733838	0.00331437	0.0131263	0.00972286	0.00328091	0.0153202	0.00522239	0.00538008	0.0271106	0.00943658	0.00209049	0.0133976	0.720045	0.00868434	0.0154424	0.0408424	0.0190898	0.00712847	0.0043276	0.00365424
7	0.185827	0.00264429	0.0718049	0.175226	0.00223682	0.0703474	0.0210647	0.0146266	0.0688452	0.0378642	0.00613763	0.0216824	0.0268743	0.0496258	0.0749584	0.0648644	0.0442867	0.0542233	0.00435904	0.00250149
8	0.0209248	0.00133614	0.00305427	0.00359673	0.691521	0.00415602	0.0182786	0.014852	0.00343237	0.0719811	0.00655747	0.0166251	0.00573932	0.00252476	0.00593364	0.0157356	0.00873931	0.00814647	0.000956125	0.095909
9	0.0440873	0.00953766	0.0104425	0.0253676	0.0499479	0.0118842	0.0651755	0.0497142	0.130152	0.0179608	0.022249	0.0369455	0.00532651	0.051681	0.174039	0.0433143	0.112421	0.0275285	0.0511894	0.0610359
10	0.0585739	0.0133097	0.129614	0.0536915	0.0272929	0.0412011	0.0596253	0.0124391	0.0469193	0.0286476	0.010085	0.169638	0.0213061	0.0313471	0.0629674	0.124217	0.0539872	0.028482	0.0092139	0.017442
11	0.158818	0.0102389	0.0220269	0.0297407	0.00710278	0.292475	0.0202347	0.00626095	0.0177489	0.0153112	0.00633332	0.0387128	0.0239134	0.0521163	0.0366786	0.202214	0.0324798	0.0207082	0.00185735	0.00502852
12	0.175359	0.00180138	0.0934937	0.174215	0.0018652	0.0577611	0.0112717	0.00944841	0.0656733	0.0464349	0.00364309	0.0243924	0.0725922	0.0399629	0.104541	0.0393244	0.0255876	0.047215	0.00360494	0.00181218
13	0.138505	0.00473763	0.0323146	0.0636984	0.00665185	0.0490814	0.0386867	0.0342411	0.0706	0.0544688	0.0108309	0.0359973	0.0466047	0.0478182	0.12092	0.107686	0.0863829	0.0466792	0.00171146	0.00238409
14	0.0372802	0.000315106	0.000817958	0.000958549	0.00460565	0.00107388	0.00112845	0.297069	0.00102864	0.0787014	0.024796	0.00140403	0.000587628	0.000891586	0.00370871	0.00209115	0.0274518	0.515291	0.000242652	0.000557137
15	0.017978	0.0026357	0.212527	0.0573062	0.0114543	0.0142909	0.222609	0.00438607	0.0112134	0.0130282	0.00429669	0.249841	0.00435176	0.0178725	0.018154	0.103191	0.0143456	0.0119378	0.00192758	0.0066527
16	0.0520575	0.000367009	0.000983423	0.00109296	0.00387141	0.00121935	0.00136318	0.244203	0.00137623	0.0237803	0.00238087	0.00175518	0.000746893	0.0010766	0.00489653	0.00250494	0.0249983	0.630421	0.000256706	0.000648846
17	0.223121	0.00228752	0.018107	0.0181457	0.00724522	0.0154028	0.0112373	0.03891	0.0247371	0.0185698	0.0206869	0.0267598	0.0228551	0.00925406	0.0225752	0.221517	0.176473	0.100925	0.00172495	0.019465
18	0.0356454	0.00301729	0.00572099	0.0105834	0.0265012	0.0037138	0.00457285	0.261002	0.0101991	0.203096	0.117391	0.00839058	0.00289972	0.00573665	0.013989	0.0204995	0.0326275	0.219215	0.0019949	0.0132045
19	0.0956996	0.0139076	0.0276571	0.0333675	0.0161961	0.0312259	0.0239576	0.0412748	0.0406619	0.034189	0.0156475	0.0438165	0.0222184	0.0233836	0.0533334	0.132824	0.271306	0.0494336	0.0118035	0.0180964
20	0.0112114	0.00375547	0.00162169	0.00192587	0.053267	0.0018528	0.00198317	0.20744	0.00212097	0.482651	0.0651948	0.00217747	0.00101817	0.00189548	0.0032447	0.00471108	0.0152676	0.125438	0.000441741	0.0127822
21	0.040605	0.00391682	0.404389	0.102072	0.00425587	0.037747	0.033871	0.00526367	0.0232416	0.0174038	0.00616811	0.110078	0.0215997	0.0370246	0.0380271	0.0603089	0.0262826	0.0171866	0.00335942	0.00720014
22	0.148148	0.0043917	0.0277299	0.0627803	0.0062356	0.0463331	0.0395062	0.0324679	0.0696554	0.0424862	0.00973489	0.0457862	0.0561146	0.0398751	0.10443	0.11404	0.101053	0.0446018	0.00159843	0.00303115
23	0.0351416	0.0087429	0.0203336	0.0139112	0.0817881	0.0138243	0.0999362	0.0168848	0.0173821	0.0415793	0.0133401	0.0233162	0.0116491	0.0106935	0.0265518	0.0463678	0.0236734	0.0216886	0.0160206	0.457175
24	0.00861093	0.00500269	0.00142868	0.00169867	0.0829095	0.00164714	0.00202538	0.110249	0.00184934	0.660473	0.0567895	0.00235347	0.00088335	0.00206993	0.00224604	0.0039024	0.00346151	0.0318215	0.000484315	0.0200928
25	0.0590109	0.00586707	0.028981	0.0401025	0.00992192	0.0382745	0.0276955	0.0123566	0.159398	0.0304969	0.0181201	0.0399642	0.0201354	0.0505635	0.292882	0.069255	0.0416273	0.0306294	0.00670039	0.0180182
26	0.143924	0.011141	0.0459305	0.0374843	0.00844165	0.317036	0.0209174	0.0123057	0.0364947	0.0236546	0.00938394	0.0384532	0.0250097	0.0251196	0.0562919	0.0989658	0.0427778	0.0295994	0.00652299	0.0105452
27	0.0707762	0.00181782	0.00403428	0.0101253	0.00261795	0.010248	0.00521673	0.0188291	0.0052904	0.00485857	0.00254265	0.0306812	0.00270913	0.00464455	0.0128631	0.203975	0.58905	0.0155893	0.00135947	0.00277184
28	0.00909042	0.000295419	0.0010828	0.00139278	0.00580237	0.00123265	0.00132651	0.366512	0.0012053	0.184729	0.139109	0.00175401	0.000660374	0.00115227	0.00207217	0.00294565	0.0289162	0.249838	0.000354124	0.000528453
29	0.267664	0.00334001	0.0158092	0.0305315	0.00563843	0.246868	0.0154954	0.00780679	0.023703	0.0143552	0.00642485	0.0258657	0.0471392	0.0229568	0.0410788	0.148158	0.0416968	0.0271484	0.00245266	0.0058674
30	0.24931	0.00517042	0.0149006	0.0285297	0.00549735	0.415587	0.00963363	0.00681462	0.0156815	0.0113708	0.0056719	0.0167587	0.0205623	0.0181834	0.0267452	0.0703416	0.0206227	0.0458934	0.00558581	0.00714006
31	0.0440491	0.000308618	0.000846578	0.00100948	0.00402282	0.00108791	0.00109743	0.265213	0.00116842	0.0478898	0.0114991	0.00153888	0.000667499	0.000984897	0.00425362	0.00218997	0.024698	0.5866	0.000255537	0.000620205
32	0.0198394	0.00130346	0.0027976	0.00356715	0.707394	0.00397034	0.0182686	0.0139998	0.00345497	0.0707604	0.00541624	0.0174386	0.00530039	0.0025227	0.00468158	0.0108265	0.0080516	0.00734216	0.000851326	0.0922136
33	0.121216	0.0188546	0.0386027	0.0319612	0.0211732	0.0492127	0.0277556	0.0211368	0.0357813	0.027496	0.0156649	0.0585377	0.0311712	0.0270282	0.0615876	0.247956	0.10224	0.0346344	0.00997102	0.0180188
34	0.0103184	0.000203693	0.000743551	0.000716714	0.00676888	0.000759777	0.000805083	0.383798	0.0008531	0.200851	0.0794388	0.00114066	0.000460024	0.000726046	0.00167162	0.00174833	0.0300364	0.27835	0.00020706	0.00040237
35	0.0148513	0.0010258	0.000766997	0.00075556	0.0157305	0.000940726	0.00114137	0.324099	0.00100772	0.237602	0.0667346	0.00125778	0.000509141	0.000831014	0.00232551	0.00208784	0.0269716	0.297577	0.000200817	0.00358422
36	0.00808837	0.000822211	0.0068295	0.0214374	0.00131892	0.0150497	0.0139965	0.0013417	0.294873	0.0188245	0.0135243	0.0224794	0.00106817	0.0694862	0.443864	0.0259192	0.0208232	0.0163771	0.000664619	0.00321254
37	0.060332	0.0120767	0.0600019	0.0384523	0.0277913	0.0378844	0.188704	0.0137181	0.0331072	0.0298715	0.0112155	0.0799304	0.0147897	0.0307312	0.0494178	0.093039	0.0462091	0.0262668	0.0136984	0.132762
38	0.221183	0.000707055	0.00192991	0.00474461	0.00154556	0.00969769	0.00745457	0.021631	0.00747595	0.00263787	0.00145459	0.0114828	0.00537216	0.00244513	0.00964885	0.400761	0.267262	0.0203908	0.000650828	0.00152438
39	0.230365	0.000799698	0.00196428	0.00437578	0.00149698	0.0113724	0.00969644	0.0174154	0.0095061	0.00290089	0.00122738	0.0138531	0.00711673	0.00255208	0.011246	0.417333	0.235724	0.0187193	0.000745642	0.00158906
40	0.0642148	0.222235	0.0275628	0.0312727	0.0254825	0.0443706	0.038442	0.0236939	0.0335643	0.0569091	0.0198262	0.0553759	0.0153205	0.0242286	0.0448992	0.0913539	0.0540571	0.0336242	0.0640007	0.0295658
41	0.0726497	0.00266705	0.0111239	0.0094964	0.00490001	0.0121984	0.00433252	0.00555268	0.0276092	0.0102968	0.00276286	0.0116976	0.738256	0.00833039	0.0142599	0.0368551	0.0162087	0.00709945	0.00134308	0.00235988
42	0.00676267	0.000964257	0.0442207	0.716383	0.00163426	0.00308502	0.00768568	0.0148435	0.00654238	0.016517	0.00218983	0.00704051	0.00185867	0.11681	0.00491853	0.0104015	0.0085892	0.0268586	0.000689552	0.00200563
43	0.0126274	0.00261297	0.125797	0.0118467	0.0251354	0.00702822	0.145847	0.00395999	0.0062267	0.00731988	0.00365829	0.357018	0.00288693	0.00684216	0.00816504	0.249854	0.00939886	0.00870617	0.00162314	0.00344636
44	0.0114092	0.000183111	0.000527088	0.000658749	0.00736406	0.000696722	0.000753084	0.369979	0.000725322	0.204027	0.0702853	0.000992144	0.000428726	0.000632033	0.00172537	0.00140001	0.0302152	0.297463	0.000160395	0.00037414
45	0.160361	0.000832214	0.0624897	0.0234872	0.0429642	0.0130033	0.0219411	0.0668719	0.0188956	0.0356183	0.0359043	0.025644	0.00998927	0.00683517	0.0271839	0.114415	0.101762	0.163879	0.000992731	0.0669304
46	0.0334385	0.00501939	0.00727759	0.00677159	0.532229	0.00853749	0.0198597	0.0288013	0.00853857	0.114739	0.0183196	0.0186599	0.00624527	0.00559551	0.0155901	0.0365146	0.014639	0.0206166	0.0182497	0.0803575
47	0.044405	0.00720896	0.0945219	0.0369107	0.0183894	0.0270627	0.206781	0.00898756	0.0305802	0.0227273	0.00891256	0.204085	0.00910363	0.0354679	0.0395419	0.127884	0.0344342	0.0209983	0.00533205	0.0166648
48	0.0118822	0.00489607	0.00173482	0.00228427	0.263719	0.00211197	0.00547328	0.0804981	0.00248149	0.478901	0.0564835	0.0057041	0.00193205	0.00217081	0.00307189	0.00530679	0.00486949	0.0278568	0.000486837	0.0381357
49	0.0111136	0.000243782	0.000531646	0.000701149	0.00786422	0.000710538	0.000748119	0.369746	0.000710081	0.206038	0.0710926	0.000993658	0.000437276	0.000633427	0.00171514	0.00141558	0.0300787	0.294511	0.000160097	0.00055442
50	0.182677	0.000702349	0.0176764	0.00850771	0.00671243	0.0078289	0.00853768	0.0670644	0.0407766	0.0346286	0.0402656	0.0385814	0.04204	0.0104283	0.0169258	0.151175	0.185424	0.102124	0.000664423	0.0372591
51	0.0111358	0.000181908	0.000533721	0.00066028	0.00738274	0.000695336	0.000746213	0.37064	0.000711078	0.205218	0.0707478	0.000994128	0.00043006	0.000633755	0.00171137	0.00140058	0.0301645	0.295481	0.000160097	0.000370708
52	0.13836	0.0076544	0.0288999	0.0587564	0.00844191	0.0455994	0.0421606	0.0271084	0.0741189	0.0492127	0.00807165	0.0424047	0.0381339	0.050051	0.128876	0.114508	0.0883743	0.0440092	0.00187623	0.00338296
53	0.258081	0.00132315	0.00321072	0.00846172	0.00218894	0.0262786	0.0246781	0.00324192	0.0243927	0.00487283	0.00194467	0.0376082	0.0179942	0.00353684	0.0255517	0.420716	0.119849	0.0134757	0.000806242	0.0017869
54	0.177606	0.00117517	0.00223465	0.00700562	0.0016898	0.00655328	0.00373194	0.0466291	0.00690804	0.00507166	0.00571894	0.0117165	0.0052684	0.00356587	0.00883434	0.321843	0.343322	0.0366875	0.000803244	0.00363485
55	0.0800471	0.00501927	0.00993057	0.010528	0.452531	0.0126066	0.0207601	0.0228847	0.0133381	0.0790005	0.0176688	0.0222611	0.015109	0.0104419	0.0204869	0.0569408	0.0291793	0.0292355	0.0163023	0.0757288
56	0.0682247	0.00130222	0.0135845	0.0114722	0.00258603	0.0146211	0.00514563	0.00460772	0.0282748	0.01016	0.00241787	0.0142585	0.736248	0.00891204	0.0137026	0.0347773	0.0180968	0.00781513	0.00145477	0.00233831
57	0.0611941	0.00415374	0.00993509	0.00971517	0.151489	0.0208519	0.032328	0.00955073	0.0123861	0.0317869	0.0106516	0.0172337	0.00941974	0.00995406	0.0715037	0.313671	0.0537502	0.01792	0.0111723	0.141333
58	0.0906339	0.00925148	0.0261745	0.0415625	0.0175289	0.0368256	0.0327553	0.0300477	0.0386501	0.181296	0.0130534	0.0394928	0.029736	0.0880686	0.0690553	0.144165	0.0568532	0.0357432	0.00473144	0.0143745
59	0.101276	0.0046244	0.0455472	0.0643013	0.00214726	0.0726934	0.0271816	0.00694712	0.0783354	0.0170953	0.00335125	0.118103	0.019609	0.0126288	0.137223	0.197764	0.0757984	0.0124482	0.00121003	0.00171444
60	0.106215	0.00192654	0.0139241	0.00792176	0.334964	0.00808644	0.0174022	0.0251747	0.0122798	0.0547303	0.0297887	0.016701	0.0281751	0.00569556	0.0220422	0.100915	0.0661179	0.0431793	0.003103	0.101658
61	0.0281146	0.000792546	0.0382426	0.069275	0.00175664	0.0420686	0.0390782	0.00206123	0.174718	0.00552375	0.00280805	0.041887	0.00143032	0.101217	0.291852	0.0521811	0.0587906	0.0286396	0.00162454	0.0179383
62	0.0468625	0.000281552	0.000836756	0.000937374	0.00642191	0.00101083	0.00120767	0.240126	0.00121154	0.0793549	0.014917	0.00154315	0.00061923	0.000920779	0.00552781	0.00212014	0.0279017	0.567368	0.000214794	0.000616466
63	0.0163091	0.00444125	0.00734566	0.00814374	0.00607009	0.00785409	0.229049	0.00520431	0.00837407	0.0115203	0.00356424	0.0176924	0.00384106	0.00766117	0.012607	0.0192404	0.0117658	0.0103408	0.00570098	0.603274
64	0.132219	0.00464247	0.0306241	0.0600367	0.00709613	0.0454908	0.043668	0.0316352	0.0695607	0.0502611	0.00875453	0.0371365	0.0534063	0.0508711	0.131905	0.108216	0.0873093	0.0434703	0.00154391	0.00215334
65	0.0210964	0.00362287	0.0041148	0.00400901	0.542465	0.00421076	0.0158896	0.0418091	0.00509179	0.150087	0.0307105	0.0145034	0.0046278	0.00310397	0.00915816	0.0184619	0.0107037	0.0234518	0.00189258	0.0909899
66	0.0294601	0.0010604	0.490624	0.0882764	0.00154448	0.0223521	0.0353934	0.00186093	0.0116393	0.0120037	0.00342116	0.153917	0.00322422	0.0408749	0.0402871	0.0315592	0.0157622	0.0134431	0.000657681	0.00263903
67	0.112313	0.00244536	0.106973	0.135009	0.00427632	0.0174735	0.00948024	0.00668949	0.0113065	0.0102448	0.00472106	0.0209339	0.201053	0.013054	0.0160817	0.143295	0.0816368	0.0966143	0.00182528	0.00457328
68	0.131147	0.00395426	0.0254569	0.0488016	0.00698951	0.0393821	0.0404567	0.0333921	0.0588122	0.0811121	0.0082747	0.031914	0.0620723	0.0483034	0.13452	0.109155	0.090312	0.0416667	0.00140121	0.00287625
69	0.03731	0.000589954	0.00145201	0.0018825	0.00662543	0.00170592	0.00143909	0.282358	0.00187742	0.0989881	0.0304244	0.00271976	0.000967169	0.00136353	0.00459301	0.00524613	0.0281481	0.490397	0.000560834	0.00135145
70	0.136371	0.00477199	0.0343943	0.0693659	0.00576419	0.0524309	0.0347229	0.027689	0.0867907	0.0459744	0.00910658	0.0500031	0.034575	0.0412457	0.132284	0.115843	0.0781818	0.0365484	0.00264885	0.00128855
71	0.0463031	0.00182444	0.147668	0.0478575	0.00194265	0.214627	0.0291364	0.00285341	0.0451179	0.0291356	0.00758394	0.116084	0.0176909	0.010881	0.0920563	0.158107	0.0194237	0.00559954	0.00103548	0.00507318
72	0.0092146	0.00159378	0.00369024	0.0131461	0.00266769	0.0138525	0.00922005	0.00370001	0.295552	0.105531	0.0155648	0.0225318	0.00238905	0.0415829	0.409446	0.0190012	0.0144952	0.012961	0.00151442	0.00234609
73	0.0354361	0.00246455	0.00453529	0.00783831	0.0208909	0.0106589	0.00645011	0.279811	0.00956855	0.200444	0.0593738	0.0079138	0.00366288	0.00837363	0.0123066	0.022411	0.0355458	0.261311	0.00156835	0.00943542
74	0.110475	0.0121246	0.056931	0.0373456	0.0230934	0.0540816	0.0381394	0.0148547	0.0409285	0.0255834	0.0118054	0.0672828	0.0320778	0.0263781	0.0661807	0.235467	0.0837549	0.0298162	0.0155996	0.0180799
75	0.169498	0.000993222	0.0130906	0.00866234	0.0101901	0.00878344	0.0110866	0.0570725	0.0444753	0.0386554	0.0283315	0.0319041	0.0631571	0.0127919	0.0319736	0.172386	0.174433	0.0738121	0.00105187	0.0476517
76	0.122095	0.0108438	0.0365037	0.0306546	0.0204806	0.0438513	0.0345807	0.0207405	0.035764	0.0261678	0.0126001	0.0615823	0.033302	0.0241671	0.0591977	0.254423	0.0980697	0.0349307	0.0208309	0.0192142
77	0.0512979	0.000428528	0.000979544	0.00133306	0.00403572	0.00128653	0.00147633	0.242863	0.00144619	0.0303231	0.00416112	0.00186239	0.000746777	0.00114964	0.00489306	0.00263272	0.0253306	0.622793	0.000296319	0.000664682
78	0.051312	0.00664938	0.0312372	0.039538	0.00674966	0.0375813	0.0246781	0.0117155	0.180347	0.0239066	0.0171718	0.0417727	0.0184562	0.0476333	0.303193	0.0651848	0.0389422	0.0290402	0.0121925	0.0126978
79	0.143584	0.00382829	0.024033	0.0661536	0.00562044	0.0546294	0.0442134	0.0204833	0.0503968	0.0448416	0.00723207	0.0266694	0.0705908	0.0825395	0.158992	0.109114	0.0533764	0.0304629	0.00162009	0.00161923
80	0.19902	0.00710655	0.0440875	0.0988678	0.00609705	0.0559585	0.0215713	0.0154828	0.0480515	0.0264379	0.0120205	0.0416758	0.0320411	0.0293696	0.0736056	0.156861	0.0774135	0.0430115	0.003826	0.0074941
81	0.0204866	0.00624297	0.016984	0.00989325	0.0622344	0.0105765	0.0114576	0.143882	0.011997	0.448725	0.0596765	0.0156168	0.00425768	0.00916743	0.0142274	0.019289	0.0181835	0.0877752	0.00665963	0.0226669
82	0.0211558	0.000846719	0.50407	0.137792	0.00145424	0.025338	0.0328528	0.00208591	0.011329	0.009648	0.00290786	0.115886	0.00308472	0.0408164	0.0212413	0.0373897	0.0206262	0.00871777	0.000584666	0.00217311
83	0.0896976	0.0511057	0.0203137	0.0195873	0.0121653	0.0330591	0.0623517	0.00770126	0.0195023	0.0170133	0.00870428	0.0900388	0.0095132	0.0907904	0.0750512	0.331102	0.0373851	0.0160317	0.00166745	0.00721832
84	0.0717768	0.00263248	0.0146802	0.0122965	0.00474224	0.0142501	0.00627542	0.00481365	0.0299368	0.0108389	0.00286853	0.0145614	0.709656	0.00864484	0.016729	0.0381615	0.0175751	0.00863079	0.00770656	0.00322355
85	0.0160808	0.00693531	0.0025994	0.00385255	0.074441	0.00289139	0.0030027	0.166333	0.00435401	0.440439	0.116572	0.00458587	0.00229573	0.00257562	0.00564091	0.00776051	0.0147254	0.0980571	0.000859094	0.0259985
86	0.0592128	0.00986402	0.149952	0.0568146	0.0191219	0.040847	0.0654933	0.0138682	0.0448496	0.026765	0.0119968	0.175147	0.0160139	0.028359	0.0650191	0.11601	0.0434736	0.0315322	0.00977611	0.015883
87	0.0455011	0.00552522	0.0131562	0.0132301	0.0747725	0.0209724	0.0899449	0.0178995	0.0154963	0.0518707	0.0141439	0.0196528	0.00743784	0.0137046	0.0243421	0.0498207	0.0317762	0.0311766	0.0142055	0.445371
88	0.200658	0.00696722	0.0354917	0.0380384	0.0161999	0.0894705	0.0238871	0.0318328	0.0352902	0.0329435	0.0151278	0.0323484	0.0589486	0.0253725	0.0607134	0.122045	0.070522	0.0740754	0.0140199	0.0160477
89	0.0540769	0.0038562	0.032305	0.0430075	0.00713146	0.0326627	0.0243959	0.0127161	0.178754	0.0279804	0.0155446	0.0393861	0.0226599	0.0520399	0.308723	0.0623311	0.0408892	0.0285706	0.00480687	0.00816192
90	0.143434	0.00115069	0.0167878	0.0100549	0.0081661	0.00797664	0.00938724	0.0740157	0.0289045	0.0259351	0.0581739	0.0738907	0.0256919	0.00946272	0.0164147	0.1869	0.164189	0.111742	0.00120879	0.0265139
91	0.0220859	0.00479775	0.00775189	0.00833829	0.020762	0.00892396	0.171252	0.00638713	0.0108378	0.0156976	0.00405241	0.0141542	0.00429743	0.0092139	0.017623	0.0249037	0.0144847	0.0108513	0.0100234	0.613562
92	0.0165102	0.00781588	0.00522354	0.00408201	0.0838569	0.00456328	0.00295173	0.148527	0.00352606	0.449212	0.12265	0.00409923	0.00234193	0.00256405	0.00477442	0.00849504	0.0102692	0.0853908	0.000994892	0.0321519
93	0.349341	0.00141703	0.00333138	0.00947126	0.00406075	0.129109	0.00579341	0.0057402	0.00843509	0.00888678	0.0033809	0.00836306	0.233728	0.0261226	0.0466986	0.116436	0.0283218	0.00770941	0.00105038	0.00260331
94	0.020123	0.000695664	0.535607	0.102152	0.00119358	0.0270142	0.0317132	0.00131592	0.0107771	0.00847539	0.00316561	0.121021	0.00315745	0.0379678	0.0197425	0.0423929	0.0247202	0.00620904	0.000529886	0.00202601
95	0.00957307	0.000442929	0.00151419	0.00194873	0.00557258	0.00174052	0.00196573	0.41486	0.00176539	0.209578	0.0873137	0.00223673	0.000927772	0.0015981	0.00228132	0.0033412	0.0412258	0.210671	0.000590221	0.000852236
96	0.00859751	0.0050459	0.00142779	0.00170228	0.0840539	0.00164279	0.0020364	0.105906	0.00188203	0.665923	0.0570624	0.00236891	0.000883717	0.00207654	0.00226299	0.00391488	0.00304647	0.0292679	0.000484748	0.0204145
97	0.0758669	0.00234765	0.13183	0.128327	0.00257552	0.0801135	0.0166591	0.00692237	0.030476	0.0203212	0.00731959	0.0815877	0.105146	0.045354	0.0489619	0.132828	0.045685	0.0299079	0.00281316	0.00495814
98	0.128634	0.00180555	0.00834042	0.034682	0.0168587	0.0469642	0.0213438	0.032569	0.0332501	0.038515	0.0104375	0.01878	0.254978	0.0514323	0.112405	0.103804	0.0615231	0.0214433	0.000562617	0.00167078
99	0.0922623	0.0988566	0.0371433	0.0630789	0.00270772	0.0708704	0.0284138	0.00628483	0.033508	0.0116622	0.00331082	0.108021	0.0121189	0.0136153	0.065623	0.202541	0.120414	0.025892	0.00133358	0.00234256
100	0.0126581	0.000190406	0.000552873	0.000679343	0.00722914	0.000717573	0.000763961	0.365543	0.000731302	0.199296	0.0701471	0.00105097	0.000437087	0.000633126	0.00189544	0.00149425	0.029915	0.305493	0.000168932	0.000402713
101	0.116928	0.00438391	0.0501784	0.0717246	0.0058307	0.0524611	0.0399776	0.0256336	0.0693613	0.0445506	0.00805962	0.0512264	0.0501317	0.0496775	0.131413	0.115134	0.0746369	0.0357729	0.00147913	0.00143956
102	0.00767386	0.00152758	0.00510009	0.015218	0.00173338	0.0203142	0.00959568	0.0031533	0.326097	0.0144049	0.0180268	0.0359817	0.00142309	0.0463107	0.437442	0.0236511	0.0166452	0.011815	0.00097252	0.00291369
103	0.0568589	0.000370551	0.00101799	0.00110172	0.00397048	0.00121501	0.00136644	0.230121	0.00146652	0.0238454	0.00174138	0.00182154	0.000785939	0.00111773	0.00498888	0.0027057	0.0264905	0.637976	0.000310263	0.000728503
104	0.0109591	0.000197893	0.000538059	0.000687296	0.0072634	0.000687356	0.000767964	0.371825	0.000715063	0.205153	0.0711186	0.00101099	0.000445251	0.00064822	0.00168333	0.00147396	0.0303269	0.293943	0.000176641	0.000379463
105	0.0339014	0.00824369	0.0113489	0.0111175	0.0894519	0.0129573	0.0918926	0.0170512	0.0163609	0.0521764	0.0135276	0.0184914	0.006793	0.0111652	0.0281245	0.042315	0.0224105	0.0246425	0.0242421	0.463786
106	0.00881358	0.00522819	0.00146094	0.00180767	0.107246	0.00177766	0.00248865	0.102594	0.00189412	0.638181	0.0584606	0.00273993	0.000913912	0.00193392	0.00227666	0.00394483	0.00318912	0.0301437	0.000525568	0.0243798
107	0.0431904	0.00267216	0.366618	0.0997641	0.00786318	0.0415096	0.0350123	0.00723397	0.0246401	0.0262185	0.00639614	0.110736	0.0209187	0.0355609	0.045157	0.066345	0.0301232	0.0189467	0.00375383	0.00734041
108	0.123224	0.00998621	0.0400358	0.0320082	0.0201615	0.0592851	0.0335444	0.0166557	0.0407432	0.0211833	0.0109313	0.0580371	0.0382404	0.0218745	0.0684609	0.239594	0.102405	0.0312728	0.0121274	0.0202289
109	0.0503284	0.00287537	0.369217	0.0963681	0.00523272	0.039447	0.0396693	0.00666888	0.0262449	0.0202885	0.00678268	0.110217	0.0158723	0.0366508	0.0417623	0.0742012	0.0297496	0.0193281	0.00232578	0.00677071
110	0.0111358	0.000181908	0.000533721	0.00066028	0.00738274	0.000695336	0.000746213	0.37064	0.000711078	0.205218	0.0707478	0.000994128	0.00043006	0.000633755	0.00171137	0.00140058	0.0301645	0.295481	0.000160097	0.000370708
111	0.0121186	0.000196728	0.000549636	0.000660443	0.00629416	0.000715795	0.000807299	0.381777	0.000734586	0.182898	0.0656723	0.00101243	0.000459053	0.00065482	0.00151125	0.00149532	0.0283683	0.313516	0.00016175	0.000396683
112	0.0117337	0.00075633	0.000599931	0.000756077	0.0132185	0.000781566	0.000843763	0.350335	0.000839017	0.227351	0.0740828	0.0011133	0.00046494	0.000671944	0.0017954	0.00153229	0.0291471	0.281276	0.000220375	0.00248144
113	0.158848	0.00133492	0.010637	0.0113536	0.00619496	0.0110423	0.00845758	0.125452	0.0134705	0.0243053	0.0119338	0.0141569	0.0100878	0.00688228	0.0163955	0.0599115	0.0896632	0.408078	0.00150777	0.0102876
114	0.047834	0.00228407	0.363719	0.093414	0.00588475	0.0479263	0.0414878	0.00713577	0.0251606	0.0190486	0.00704568	0.117652	0.0128143	0.034299	0.0436441	0.0755829	0.0278209	0.017223	0.00334594	0.0066775
115	0.0400196	0.00355228	0.396885	0.0969249	0.0054835	0.0377343	0.0400053	0.00641708	0.0246774	0.016733	0.00623494	0.114942	0.0190934	0.0367294	0.040711	0.0601464	0.0273892	0.0185253	0.00212684	0.00566843
116	0.0520605	0.00037719	0.000976761	0.00110197	0.00386824	0.00124581	0.00135943	0.243886	0.0013815	0.0239235	0.0025635	0.00174915	0.000744008	0.00107803	0.00489195	0.00251415	0.0251508	0.63021	0.000268349	0.000649625
117	0.136511	0.00500324	0.0356126	0.0735122	0.00684257	0.0518767	0.0392405	0.0303894	0.0715274	0.0493387	0.00890298	0.0376608	0.0423344	0.0502248	0.12717	0.106212	0.0809449	0.0437621	0.00196977	0.00096377
118	0.127925	0.00520971	0.0233545	0.0785743	0.00876071	0.0449025	0.0394493	0.0194811	0.156075	0.0374175	0.0229655	0.0587198	0.015729	0.024335	0.112719	0.102274	0.0703198	0.0327847	0.0147451	0.00425875
119	0.0268098	0.0042466	0.00685397	0.009542	0.0793192	0.0104375	0.00793077	0.129119	0.0142981	0.458581	0.0607628	0.0089093	0.00994336	0.00800674	0.0202925	0.0205767	0.0232383	0.0757153	0.00277365	0.022643
120	0.129968	0.00603682	0.00942819	0.0105283	0.112723	0.0136009	0.0183906	0.00997405	0.0120036	0.0178142	0.00754236	0.0152258	0.00788602	0.0107303	0.0278995	0.142543	0.0256054	0.0529031	0.289307	0.0798895
121	0.105787	0.00519729	0.0383965	0.0726965	0.00209406	0.0755243	0.025452	0.00642978	0.0824485	0.0158563	0.00313989	0.108279	0.0146764	0.0123704	0.130447	0.199072	0.0856124	0.013421	0.00154211	0.00155728
122	0.125654	0.0021757	0.00308815	0.00343765	0.00319115	0.00421731	0.120318	0.00381644	0.0997461	0.0358736	0.00189053	0.0850783	0.00305023	0.0834575	0.110852	0.061063	0.167956	0.0309842	0.0013522	0.0527975
123	0.0688101	0.000438654	0.00202946	0.00179787	0.00494226	0.00154105	0.00234965	0.213444	0.00279602	0.0323654	0.0038007	0.0028039	0.00182489	0.00153818	0.00600971	0.00683777	0.0350788	0.609257	0.000346209	0.00198894
124	0.0193216	0.00036171	0.000653111	0.000756601	0.00793953	0.000738793	0.000906913	0.331647	0.000811868	0.178406	0.0563104	0.00113638	0.000452534	0.0006347	0.00262727	0.00157788	0.0284118	0.366191	0.000177607	0.000936766
125	0.25144	0.00285758	0.00841388	0.0158241	0.00410455	0.525095	0.00682921	0.004609	0.0074255	0.007577	0.00491172	0.012259	0.0106484	0.012991	0.0127523	0.0694693	0.00904968	0.0267566	0.00280247	0.00418345
126	0.206446	0.00759032	0.0318576	0.0396361	0.0277008	0.063954	0.0262926	0.0312354	0.0365603	0.0306597	0.0145093	0.0348358	0.0521176	0.0238004	0.0525984	0.125974	0.0779834	0.0728262	0.01553	0.0278918
127	0.0704132	0.00108822	0.011459	0.00997505	0.00268033	0.0137441	0.00519242	0.00507502	0.0289747	0.0103925	0.0027879	0.0139292	0.726632	0.00717479	0.0145237	0.0367089	0.0179021	0.00808211	0.0103722	0.00289312
128	0.0186552	0.00120372	0.0434128	0.658445	0.00202033	0.00929115	0.00895341	0.0149668	0.0134201	0.0177664	0.00362086	0.00872571	0.00405868	0.111394	0.01653	0.0162995	0.0128588	0.0349154	0.00100845	0.00245392
129	0.032289	0.00888258	0.00966161	0.0144815	0.110455	0.009536	0.0990507	0.0138557	0.0131577	0.0475298	0.0107237	0.0172894	0.00515964	0.0117074	0.021959	0.0342506	0.0198813	0.0204478	0.0217823	0.477899
130	0.0627277	0.214686	0.0236017	0.0310793	0.0291913	0.0369298	0.0358243	0.0262197	0.0297225	0.0827201	0.0218516	0.0487731	0.0168044	0.0277774	0.0453706	0.0893101	0.050727	0.0374034	0.0609818	0.0282978
131	0.0456162	0.0132785	0.0331795	0.0293701	0.00798674	0.0806688	0.172432	0.00815193	0.0307792	0.0188424	0.00680437	0.105373	0.0132031	0.175372	0.0580536	0.131575	0.0322162	0.0205271	0.00302184	0.0135488
132	0.205812	0.0028991	0.00872041	0.0107794	0.00569841	0.0103094	0.0112279	0.0344176	0.019784	0.0150436	0.0139736	0.0248784	0.0140811	0.00998763	0.0181014	0.173521	0.327524	0.0771555	0.00180256	0.0142829
133	0.0819044	0.0133866	0.0630535	0.0404649	0.0141879	0.0390468	0.0411106	0.0377391	0.0440937	0.0296068	0.0218884	0.151113	0.0168335	0.028046	0.0602049	0.100603	0.0633815	0.120492	0.0159651	0.0168787
134	0.0145536	0.00768996	0.00188304	0.00212435	0.103519	0.00216791	0.00271531	0.165066	0.00225678	0.413869	0.112488	0.00288766	0.00130997	0.00171061	0.00289396	0.00484854	0.0105	0.111741	0.000516594	0.0352601
135	0.100046	0.00379572	0.00970537	0.0335012	0.00312739	0.0327988	0.0109704	0.0280902	0.0204099	0.010259	0.00327786	0.0332197	0.00885034	0.00865142	0.0473922	0.231621	0.391905	0.0184115	0.00136211	0.00260442
136	0.125474	0.00217579	0.00304442	0.00344146	0.00317649	0.00423711	0.120246	0.00375246	0.0999221	0.0357639	0.00192651	0.0850966	0.00292177	0.0835558	0.11054	0.0609158	0.168414	0.0309875	0.00135196	0.053055
137	0.0381049	0.00832539	0.0145201	0.0100949	0.0678194	0.0153715	0.100738	0.017099	0.0142746	0.049188	0.0160441	0.0188936	0.0103123	0.011894	0.0226072	0.0428493	0.0250561	0.0242209	0.0140994	0.478487
138	0.0294261	0.00841058	0.00687614	0.00618122	0.551553	0.00684739	0.0204128	0.0279006	0.0111625	0.112802	0.0194416	0.0196475	0.0085521	0.00582574	0.0146803	0.0256935	0.0180845	0.0185375	0.0099634	0.0780018
139	0.0362901	0.00421616	0.00865589	0.0120484	0.00444091	0.0134428	0.00888927	0.012196	0.00915217	0.00778719	0.00463454	0.0650211	0.00500533	0.00681141	0.0158215	0.159935	0.60665	0.0126704	0.00168925	0.00464235
140	0.0276884	0.000874823	0.295665	0.0978461	0.00144912	0.0604412	0.0309021	0.00165735	0.0322551	0.0329519	0.0148575	0.14401	0.046301	0.0179949	0.0535209	0.11313	0.0134828	0.00372643	0.000645966	0.0105999
141	0.170067	0.00542359	0.0204276	0.0732489	0.00298721	0.0658966	0.0202087	0.00798314	0.0655371	0.0233723	0.00392288	0.0887217	0.0113411	0.0112864	0.0914501	0.180961	0.131496	0.0220059	0.00210839	0.00155523
142	0.0311691	0.00341935	0.00936044	0.0084052	0.528761	0.0089838	0.0177448	0.0316498	0.00889872	0.120445	0.0195456	0.0184631	0.00951069	0.00740302	0.0148675	0.0286908	0.0161895	0.0228175	0.0200566	0.0736184
143	0.0625305	0.0355849	0.0130438	0.0176056	0.0382031	0.0225838	0.0263943	0.012328	0.0207144	0.0210073	0.0098857	0.0232385	0.0113878	0.0139594	0.0277318	0.0647797	0.0213128	0.0339318	0.480531	0.0432453
144	0.134203	0.0048322	0.0473857	0.00622223	0.0463851	0.00687727	0.00983566	0.00416339	0.0266962	0.0260368	0.023451	0.0937751	0.00344605	0.0284664	0.0330806	0.458074	0.0318941	0.0082556	0.0013938	0.00552489
145	0.0126833	0.00260354	0.12594	0.0118744	0.0249791	0.00692761	0.146183	0.00393606	0.00625536	0.00730682	0.00362917	0.356325	0.0028852	0.00686852	0.00808861	0.25032	0.00940798	0.00870511	0.00162412	0.00345863
146	0.138119	0.00133094	0.00466735	0.0349024	0.0116267	0.0642921	0.0183764	0.01974	0.0241098	0.0325931	0.00730521	0.011565	0.270698	0.0722153	0.132053	0.107329	0.0346579	0.0120674	0.00072285	0.0016292
147	0.152398	0.0014973	0.0751629	0.0920991	0.00611871	0.0500924	0.0161632	0.0422644	0.0464579	0.0309912	0.0274494	0.0248048	0.0126697	0.0277337	0.0475762	0.0963449	0.0920448	0.128238	0.00289952	0.0269932
148	0.0143569	0.010206	0.00156343	0.00202199	0.111015	0.00198483	0.00228873	0.110532	0.00235298	0.502296	0.117577	0.0025816	0.00118121	0.00186543	0.00273691	0.00407046	0.0039645	0.0644784	0.00054215	0.0423848
149	0.220033	0.00118935	0.00278325	0.00450443	0.00200939	0.0268503	0.0169558	0.00472865	0.0243219	0.00472032	0.00235191	0.0321285	0.0531905	0.00394414	0.0243868	0.445412	0.108352	0.018444	0.000874424	0.00281885
150	0.0551369	0.000588114	0.00682285	0.00148885	0.00115328	0.00146348	0.00166739	0.00112382	0.0274936	0.00607587	0.0010088	0.00756333	0.853437	0.00125689	0.00200993	0.0196451	0.00867624	0.00201121	0.000380672	0.000997005
151	0.0662931	0.235555	0.0239874	0.0325342	0.0236116	0.0427386	0.0347822	0.0191191	0.0360127	0.0448735	0.0196864	0.0563189	0.0167279	0.0287332	0.0509437	0.107518	0.051062	0.0364854	0.0488563	0.0241608
152	0.0396619	0.00620742	0.0127023	0.0110906	0.0562823	0.0160072	0.108804	0.0134686	0.0195096	0.0356612	0.011052	0.0184121	0.0082853	0.0124762	0.0276806	0.0470708	0.0290532	0.01932	0.0215849	0.48567
153	0.0297196	0.00361169	0.00636458	0.0066849	0.551856	0.00745214	0.019864	0.0282131	0.00793143	0.118981	0.0188274	0.0201023	0.00704439	0.0075324	0.0133211	0.0283046	0.0154795	0.0187636	0.0126474	0.077299
154	0.059744	0.00874475	0.129187	0.0489296	0.0159266	0.0414401	0.0671558	0.0132613	0.0493101	0.0212833	0.010811	0.188833	0.0229731	0.0340185	0.069411	0.117209	0.0498491	0.0295055	0.00657298	0.0158346
155	0.100745	0.00843409	0.0233118	0.0318098	0.0176626	0.0320024	0.0219588	0.0396916	0.0372172	0.033484	0.014357	0.0393119	0.0228454	0.0194581	0.0546798	0.136681	0.281863	0.0559965	0.00928396	0.0192066
156	0.145506	0.0065227	0.0466602	0.0455784	0.00642799	0.322891	0.0222283	0.00980573	0.0406515	0.0206353	0.00740411	0.0386996	0.0199487	0.0272232	0.0650926	0.0949515	0.0331319	0.0296764	0.0083178	0.00864728
157	0.0580008	0.00194781	0.0165889	0.0173583	0.0131242	0.016204	0.00674386	0.213379	0.0137282	0.106812	0.0309651	0.0121891	0.00846054	0.00960618	0.0205584	0.026005	0.0356841	0.380535	0.00528114	0.00682813
158	0.0156568	0.00618312	0.00243645	0.00314374	0.0660043	0.00294875	0.00346598	0.193308	0.00424849	0.391363	0.126367	0.00408711	0.00162422	0.00299096	0.00445963	0.00730815	0.0153566	0.123344	0.000918026	0.0247855
159	0.036731	0.000326543	0.00145286	0.00111095	0.00475954	0.00121111	0.0013139	0.291139	0.00115863	0.0805368	0.0237719	0.00176849	0.000665064	0.00094257	0.00396746	0.00263063	0.0258611	0.51923	0.000232863	0.00118963
160	0.00901801	0.000690038	0.00142508	0.00148125	0.00911349	0.00135605	0.00143368	0.36585	0.00145571	0.185825	0.146633	0.00182657	0.00073319	0.00126394	0.00216476	0.00338536	0.0291702	0.234134	0.000472841	0.00256741
161	0.0233139	0.00103394	0.491982	0.12557	0.00145821	0.0285923	0.0374451	0.00230293	0.0141937	0.0120364	0.00386603	0.116749	0.00553134	0.0388938	0.0241678	0.040928	0.0202699	0.00821899	0.00083985	0.00260626
162	0.011437	0.00525034	0.00141924	0.00183588	0.0603279	0.00157576	0.00174889	0.214963	0.00180179	0.3644	0.146307	0.00226021	0.00100081	0.00168667	0.002413	0.00371002	0.0148404	0.140319	0.000474711	0.0222285
163	0.14408	0.00195445	0.0905269	0.179359	0.0016344	0.100485	0.0131014	0.0123923	0.0539524	0.0270894	0.00605167	0.0246881	0.0288698	0.0588439	0.0759921	0.0611601	0.0422319	0.0653659	0.00858851	0.00363272
164	0.0036972	0.000708056	0.00225068	0.0133081	0.000950522	0.0131877	0.00687979	0.000989517	0.338963	0.0149492	0.0170745	0.0234301	0.000920654	0.0528791	0.464141	0.0182736	0.0143356	0.0115522	0.000418875	0.00109031
165	0.0627795	0.0311752	0.0149644	0.0175083	0.0405827	0.019302	0.0244045	0.0114927	0.0211229	0.0196296	0.0101209	0.0210058	0.0114066	0.0144475	0.0287275	0.0628254	0.0250397	0.0318327	0.492719	0.038913
166	0.0574217	0.00564531	0.0329444	0.0425969	0.0076594	0.0374046	0.0236687	0.010367	0.172614	0.0254658	0.0153052	0.0416679	0.0147697	0.0488763	0.299509	0.0797701	0.0419552	0.0288491	0.00407296	0.0094365
167	0.146365	0.00547814	0.0452928	0.0948307	0.00558132	0.0550119	0.0335878	0.0279099	0.0710083	0.0466576	0.00794421	0.0367258	0.0387195	0.0501997	0.117063	0.0957223	0.0732346	0.0447258	0.00271959	0.00122229
168	0.153278	0.00227072	0.0709599	0.150061	0.00207104	0.176711	0.013613	0.0116213	0.049951	0.0264693	0.00606363	0.0213022	0.0260248	0.0424676	0.0739449	0.0691716	0.0394153	0.0570453	0.0051066	0.00245232
169	0.0272855	0.00071573	0.322341	0.101386	0.00140037	0.0767943	0.0277335	0.00160416	0.0312513	0.0313858	0.0142342	0.138867	0.0256773	0.0212935	0.0552144	0.0987488	0.0111657	0.00490609	0.000634625	0.0073602
170	0.0178242	0.00849566	0.00299036	0.0027393	0.210172	0.00292492	0.00632314	0.0968637	0.00279467	0.397601	0.0950298	0.00607885	0.00174272	0.00211494	0.00451216	0.00931022	0.00629951	0.0623647	0.000692316	0.0631254
171	0.0508866	0.00304516	0.0153144	0.0372916	0.00481084	0.0274267	0.0296839	0.0104058	0.184497	0.0184944	0.0102906	0.0382772	0.00760529	0.0547669	0.252613	0.0882197	0.125382	0.0253348	0.00385967	0.0117947
172	0.05043	0.000739866	0.0347969	0.0840226	0.0011085	0.0428195	0.0304746	0.00222424	0.16893	0.00574005	0.00848584	0.0311001	0.002195	0.0974125	0.283605	0.0530467	0.0457277	0.0445751	0.000497961	0.012067
173	0.00601216	0.000716027	0.00300161	0.0204696	0.000890109	0.0120631	0.00700325	0.000937884	0.326179	0.0140353	0.0183971	0.0222714	0.000852768	0.0561849	0.460823	0.018769	0.0139695	0.0158286	0.000413419	0.00118278
174	0.0108208	0.000796997	0.000626534	0.00103689	0.012399	0.000875384	0.00099155	0.363423	0.000890185	0.222075	0.0754006	0.00120909	0.000561831	0.000784605	0.0017342	0.00181825	0.0291962	0.272417	0.000194425	0.00274842
175	0.00756363	0.00133928	0.042269	0.708263	0.00193719	0.00382238	0.00796269	0.0164317	0.00732298	0.0164385	0.00255925	0.00724772	0.00202032	0.117452	0.00575101	0.010708	0.00908028	0.0288994	0.000882424	0.00204936
176	0.0367459	0.000962201	0.0613684	0.0859202	0.0016654	0.0643097	0.0462151	0.00279269	0.145461	0.00524822	0.00288505	0.0600901	0.00456235	0.0996829	0.217324	0.0526778	0.05552	0.031724	0.00146281	0.0233814
177	0.0612703	0.0364611	0.0137173	0.0206649	0.0421079	0.0214186	0.0264295	0.0143701	0.0214021	0.0225816	0.0116157	0.0235417	0.00882071	0.0161973	0.0336568	0.0641801	0.026562	0.0315351	0.465375	0.0380924
178	0.0439266	0.00740015	0.0143251	0.0182532	0.0476468	0.0140101	0.0140556	0.156414	0.0345732	0.216168	0.106829	0.0205579	0.00809173	0.0140232	0.0537351	0.0430627	0.0385317	0.123764	0.00323761	0.0213947
179	0.158603	0.00301781	0.0699679	0.156579	0.00282207	0.0746896	0.0197272	0.0195702	0.0654214	0.0379274	0.00734844	0.0247951	0.0297344	0.050236	0.091295	0.0690754	0.0556536	0.0565182	0.00479497	0.00222293
180	0.0111358	0.000181908	0.000533721	0.00066028	0.00738274	0.000695336	0.000746213	0.37064	0.000711078	0.205218	0.0707478	0.000994128	0.00043006	0.000633755	0.00171137	0.00140058	0.0301645	0.295481	0.000160097	0.000370708
181	0.0760934	0.00668495	0.0654976	0.0903212	0.00672237	0.06086	0.0489823	0.012886	0.081618	0.0286088	0.0110729	0.0523029	0.028059	0.120568	0.128718	0.0797873	0.0475506	0.0330002	0.00493264	0.0157339
182	0.0109986	0.00151486	0.00546619	0.0185506	0.00176227	0.028826	0.0100581	0.00370975	0.339053	0.013247	0.0159901	0.0389505	0.00164025	0.0433821	0.39518	0.0356437	0.018528	0.0125826	0.00122061	0.00369568
183	0.029708	0.000578732	0.033683	0.0719632	0.00100116	0.0413284	0.0295684	0.00129828	0.182193	0.00644763	0.00458401	0.0355083	0.00122636	0.103728	0.318757	0.0471833	0.0442201	0.0338149	0.000436846	0.0127711
184	0.0441894	0.0215404	0.00461132	0.0379424	0.0130591	0.00734309	0.0429189	0.0648165	0.303853	0.013617	0.0615691	0.0712973	0.00284196	0.00862898	0.122976	0.0168536	0.0801741	0.0344132	0.0132625	0.0340915
185	0.0530526	0.00399505	0.0323892	0.0422218	0.00804996	0.0345645	0.0254794	0.0111125	0.169664	0.0265674	0.0185897	0.039914	0.0159331	0.0523377	0.309793	0.0638865	0.0410719	0.029968	0.00491008	0.0164989
186	0.0122933	0.00226074	0.00141592	0.00229695	0.0317051	0.0016735	0.00190467	0.299059	0.00233199	0.30485	0.0840945	0.00198031	0.00129162	0.00162712	0.00379795	0.00350273	0.025379	0.209164	0.000403201	0.00896877
187	0.0341862	0.00548703	0.0117385	0.0097077	0.102031	0.0103717	0.102441	0.0170255	0.0148016	0.049648	0.0131321	0.0179165	0.0136437	0.0118052	0.0229811	0.0368506	0.0249573	0.0218419	0.0120208	0.467413
188	0.0197216	0.00075009	0.352336	0.25326	0.00166012	0.0250478	0.032757	0.00460428	0.0216596	0.0111869	0.00317599	0.0833163	0.00647261	0.0790879	0.0219662	0.0415238	0.0255457	0.0118212	0.000910536	0.00319609
189	0.0267611	0.00970416	0.0124499	0.0113066	0.0810322	0.00942918	0.00864936	0.124667	0.0157446	0.434497	0.0600893	0.0141927	0.0121174	0.00818606	0.0259984	0.0193003	0.0171316	0.0756267	0.00830019	0.0248166
190	0.129432	0.00910328	0.0551396	0.0482992	0.00766095	0.324931	0.0248928	0.00977623	0.0338873	0.0209006	0.00836116	0.0435692	0.0229617	0.0292751	0.0533964	0.094714	0.0332215	0.0318731	0.00680185	0.0118032
191	0.129409	0.0135359	0.0329179	0.0281711	0.0182409	0.0483811	0.0394724	0.0188778	0.035037	0.0222744	0.0111697	0.0608776	0.0315123	0.0268695	0.0575191	0.257421	0.093784	0.0365119	0.0137385	0.0242785
192	0.0255761	0.00593112	0.00911041	0.0115895	0.0683239	0.010152	0.0107327	0.139759	0.00913992	0.448953	0.0656313	0.0115693	0.00523696	0.00879046	0.0128438	0.0241474	0.0182593	0.0873567	0.00317899	0.0237176
