591	20
1	0.116714	0.00304001	0.00864193	0.0585429	0.00294328	0.0182056	0.0079784	0.00387322	0.0510947	0.0262894	0.00308493	0.0351922	0.444382	0.0405448	0.0363004	0.0858238	0.0270714	0.0261978	0.000699706	0.00337933
2	0.115275	0.00309846	0.00663087	0.0494662	0.00284809	0.0182028	0.00792002	0.00321968	0.0431969	0.0262161	0.00289613	0.034328	0.476731	0.0359127	0.0320114	0.0857264	0.0257231	0.0258933	0.000803512	0.0039001
3	0.101919	0.00376116	0.00900774	0.0470112	0.00411777	0.0177223	0.00883553	0.00458436	0.0396686	0.0287548	0.00313548	0.0318011	0.493315	0.0311868	0.029387	0.0854303	0.0274874	0.0264413	0.00187043	0.00456337
4	0.121239	0.00306923	0.00698385	0.051458	0.00285723	0.0171784	0.00792494	0.00315724	0.0448028	0.0262714	0.00264583	0.0337103	0.467716	0.0363347	0.0308536	0.0862441	0.0269549	0.0264568	0.000711339	0.0034299
5	0.0438503	0.00272454	0.013308	0.0112464	0.00415984	0.777402	0.0125424	0.0067939	0.00472774	0.0132451	0.0125311	0.0224527	0.00372741	0.00421076	0.012061	0.0253124	0.0108171	0.0146128	0.00131643	0.00295811
6	0.0588215	0.0120357	0.0144087	0.0278441	0.0707943	0.0146565	0.0355641	0.0422951	0.0513222	0.0974971	0.0183057	0.0259524	0.0148879	0.0294425	0.0866609	0.0404678	0.0316432	0.0685091	0.0188938	0.239998
7	0.0325188	0.0102104	0.00576165	0.00773714	0.00858599	0.00323616	0.00145945	0.410482	0.00451617	0.0677111	0.0174214	0.00586337	0.00905748	0.00340118	0.00375734	0.00748441	0.029001	0.366644	0.00112897	0.00402222
8	0.240003	0.00372579	0.00648427	0.039239	0.0030928	0.0155158	0.006808	0.0058151	0.0345009	0.0238168	0.00407542	0.0284603	0.396138	0.0274171	0.0253874	0.0817149	0.0260951	0.027007	0.000814819	0.00388846
9	0.0591979	0.00500304	0.014189	0.0164985	0.00714818	0.665485	0.0128244	0.0128552	0.0130319	0.0198274	0.0128653	0.0212186	0.0100858	0.00898383	0.0307869	0.0346377	0.016938	0.0303285	0.00303919	0.00505562
10	0.0180538	0.00962064	0.00519406	0.0178581	0.0256267	0.00425012	0.00491828	0.254295	0.0558144	0.294655	0.0227942	0.00753781	0.0270372	0.0174941	0.0581383	0.0248599	0.0362552	0.10575	0.00232939	0.0075169
11	0.149088	0.00929919	0.0107396	0.0127594	0.007152	0.585332	0.0111423	0.0179086	0.0108838	0.0299244	0.0111339	0.017729	0.00650055	0.00782653	0.0133814	0.0473857	0.0199412	0.0240161	0.00173978	0.00611692
12	0.027494	0.00238582	0.00608297	0.0245124	0.0106819	0.00789116	0.0162833	0.0268823	0.278204	0.037672	0.00576198	0.0194668	0.00214538	0.057467	0.410129	0.0187923	0.0151056	0.019907	0.00436781	0.00876729
13	0.0626559	0.00369754	0.0266716	0.0417501	0.00438062	0.64766	0.0118851	0.010677	0.0158177	0.0162599	0.0108059	0.025023	0.0089253	0.0135148	0.0151541	0.0396743	0.0190584	0.0208986	0.00175682	0.00373289
14	0.381177	0.0137497	0.050062	0.0474487	0.00790357	0.025755	0.0116848	0.028247	0.0380876	0.0338533	0.0117618	0.0264874	0.0101997	0.028159	0.0149694	0.113793	0.055677	0.0905058	0.00258176	0.00789699
15	0.143353	0.0276607	0.00262714	0.00348898	0.0158214	0.00786314	0.00217754	0.133165	0.00970127	0.0471817	0.0106225	0.0125217	0.00160076	0.0089448	0.00287082	0.0881539	0.306821	0.162412	0.00114471	0.0118682
16	0.0511574	0.0029451	0.0126534	0.0115592	0.00403408	0.764279	0.012011	0.00757353	0.00537812	0.0137083	0.0120893	0.019996	0.00596625	0.00475349	0.0128005	0.0269176	0.0120297	0.0156404	0.00161785	0.00288931
17	0.0167732	0.0209817	0.00621246	0.00774777	0.467648	0.00540292	0.0108357	0.047085	0.0088711	0.180103	0.0349238	0.0174289	0.00625094	0.00986464	0.00906125	0.0168979	0.0205133	0.0212776	0.0245803	0.0675402
18	0.207706	0.011369	0.00550619	0.0082372	0.022302	0.0134325	0.00527853	0.119578	0.0145461	0.0465678	0.0260706	0.0260856	0.00243676	0.0153319	0.00481425	0.163435	0.156651	0.122965	0.00293119	0.0247558
19	0.0459458	0.0052446	0.00733608	0.0110327	0.0122359	0.0154225	0.0185162	0.0161603	0.0227533	0.0215516	0.00557333	0.0222371	0.0109467	0.0157168	0.00586444	0.411323	0.322769	0.0205525	0.00183152	0.00698609
20	0.0265898	0.00195532	0.0175683	0.0558379	0.00438659	0.00864868	0.014755	0.0122805	0.335186	0.0270431	0.00573236	0.0315849	0.00349345	0.0887783	0.286434	0.0363629	0.0231367	0.0131015	0.00204922	0.00507517
21	0.264569	0.0117303	0.0321547	0.0678566	0.00536837	0.0419655	0.0182253	0.01049	0.0332869	0.0222441	0.0127317	0.0769935	0.00433905	0.0445275	0.0153059	0.226043	0.0702509	0.0273357	0.00336667	0.0112155
22	0.0644281	0.00288132	0.199772	0.263321	0.00396168	0.0292438	0.0119483	0.0103524	0.082954	0.0183583	0.00622767	0.067328	0.00870994	0.0680936	0.0340168	0.0756531	0.0317798	0.0174907	0.000262936	0.00321668
23	0.0306387	0.0171665	0.0063009	0.00930432	0.0201137	0.00463214	0.00643079	0.265146	0.0390656	0.232926	0.0219308	0.0095223	0.00653085	0.0250607	0.0257035	0.0352796	0.0793119	0.154684	0.00201437	0.00823676
24	0.161885	0.00914229	0.011475	0.0156039	0.00763753	0.545587	0.0111334	0.0140516	0.0120157	0.0139429	0.00898782	0.0188842	0.0156792	0.0109036	0.0108492	0.0659152	0.0385384	0.021341	0.00249162	0.00393488
25	0.133349	0.0145877	0.0256011	0.0216266	0.0326305	0.121767	0.0289062	0.0141641	0.0482545	0.015619	0.00492705	0.0278644	0.105581	0.0266122	0.0108206	0.173718	0.125735	0.0534743	0.00699157	0.00776933
26	0.0796965	0.00566542	0.0404148	0.0381625	0.187519	0.0645996	0.0170776	0.0245799	0.0115443	0.0344705	0.00899921	0.0681957	0.0893518	0.010468	0.0115548	0.0578704	0.0502966	0.0450872	0.00435042	0.150096
27	0.0608019	0.00279085	0.217731	0.269771	0.00420732	0.0346554	0.01254	0.010556	0.0671342	0.0176454	0.0053785	0.0788319	0.00973678	0.0599766	0.0234783	0.0761844	0.0274331	0.0178896	0.000161983	0.00309661
28	0.0631727	0.00270148	0.207005	0.265424	0.00407723	0.0354414	0.0121336	0.0105113	0.0773863	0.0173039	0.00522338	0.0774579	0.00980847	0.0629032	0.0275308	0.0751673	0.0267101	0.0172762	0.000165974	0.00259883
29	0.0626705	0.0305922	0.0638005	0.260503	0.0441184	0.0263931	0.0196405	0.0318217	0.0195799	0.0803221	0.00791933	0.0304808	0.0471286	0.0587655	0.0232513	0.0522838	0.0222627	0.0601278	0.0236531	0.0346852
30	0.155411	0.00290528	0.0423547	0.104191	0.00629814	0.0425653	0.0255509	0.0104537	0.0404215	0.0135542	0.0120251	0.0690118	0.00989373	0.065132	0.0185725	0.209604	0.134973	0.0225064	0.00158752	0.0129878
31	0.0922108	0.00970417	0.0709337	0.0557627	0.0646674	0.130556	0.0214778	0.0360384	0.0388121	0.0319282	0.00951068	0.119537	0.0541881	0.0244268	0.0250372	0.108657	0.0495856	0.0294326	0.00518442	0.0223499
32	0.223659	0.00759533	0.0458549	0.103645	0.0108665	0.0229663	0.0155365	0.0148948	0.0432444	0.028638	0.00740554	0.0313861	0.212628	0.0383741	0.0246296	0.0818221	0.036778	0.0347883	0.0076803	0.00760816
33	0.0762508	0.00383383	0.180739	0.253562	0.00752112	0.021041	0.0201911	0.0158663	0.0697344	0.030373	0.0200365	0.0531903	0.00798382	0.0737303	0.0348919	0.0708591	0.0306914	0.0211872	0.00079811	0.00751855
34	0.0910837	0.00106637	0.0602056	0.178861	0.00208108	0.0184813	0.00969002	0.0169385	0.181569	0.0330345	0.0116642	0.0390956	0.00597666	0.118876	0.115458	0.0598944	0.0317969	0.0208066	0.000150613	0.00326951
35	0.0366771	0.00732607	0.00211373	0.00567406	0.00400591	0.00160509	0.000896979	0.457443	0.0019093	0.0278317	0.0132721	0.00331827	0.00322683	0.00137298	0.00100076	0.00429341	0.0265904	0.397905	0.000559094	0.00297812
36	0.0144665	0.0118396	0.00408238	0.0025147	0.133719	0.00381651	0.0406937	0.00808613	0.00334406	0.0876104	0.00226355	0.00599932	0.00315258	0.00285197	0.00511029	0.0124468	0.0060139	0.00779373	0.182305	0.46189
37	0.0632543	0.00293799	0.215161	0.277615	0.00440358	0.0338845	0.0109629	0.00950609	0.0704564	0.0172467	0.00546901	0.0764824	0.00929388	0.0608817	0.0233544	0.0741892	0.0255608	0.0167356	0.000110255	0.00249506
38	0.256191	0.00906045	0.0276433	0.147792	0.00275031	0.0422758	0.00895581	0.0108696	0.0534451	0.0155244	0.0208035	0.03584	0.00358318	0.0714258	0.0115443	0.179042	0.0684426	0.0224321	0.00695854	0.00542007
39	0.0368537	0.0068835	0.00172547	0.00315728	0.00674793	0.0018471	0.00107178	0.416561	0.00166556	0.06295	0.0151009	0.00447302	0.00214723	0.00108715	0.00130601	0.00308525	0.0205247	0.408988	0.000442361	0.0033817
40	0.0465895	0.00210632	0.27069	0.418442	0.00173479	0.00859445	0.00758687	0.00521917	0.0292256	0.00982809	0.00205927	0.021144	0.00599161	0.0717478	0.0136879	0.0473778	0.0219676	0.0132491	0.000293864	0.00246433
41	0.102573	0.00105099	0.0725216	0.182032	0.0037188	0.0189356	0.0103099	0.0226892	0.156199	0.0390055	0.0180649	0.0388818	0.00525961	0.107777	0.0974907	0.066891	0.0299354	0.0226029	0.000148072	0.00391323
42	0.0253971	0.00169041	0.00115118	0.00828793	0.0133385	0.00589292	0.0163934	0.0298396	0.283858	0.0391667	0.00452759	0.0148587	0.000695745	0.043476	0.456534	0.0117684	0.00930456	0.0206377	0.00433495	0.00884728
43	0.0100941	0.00520055	0.00331944	0.00662234	0.0388318	0.00130812	0.00175134	0.149515	0.00512533	0.578638	0.067533	0.00228485	0.00128703	0.01163	0.0057928	0.0034056	0.0221824	0.0739131	0.000334502	0.0112306
44	0.0858669	0.00298644	0.172968	0.245168	0.00368578	0.0390114	0.00997236	0.010898	0.0835398	0.018632	0.00662571	0.0693118	0.0078792	0.0703361	0.0306231	0.0890167	0.0324105	0.0180283	0.000473624	0.00256578
45	0.100008	0.00131208	0.0676539	0.192105	0.00238225	0.0227453	0.00900351	0.0208039	0.161075	0.036282	0.0120024	0.036231	0.00606893	0.109782	0.101075	0.0640546	0.0304469	0.0233121	0.000169448	0.0034875
46	0.0228442	0.00120005	0.00482275	0.0202322	0.00902139	0.00643196	0.0134849	0.022592	0.325442	0.0332464	0.00439458	0.0178209	0.00159046	0.0526952	0.407795	0.0166528	0.0121958	0.0179026	0.0028927	0.00674203
47	0.0249555	0.00367941	0.034135	0.0313749	0.00788052	0.065576	0.0737559	0.00815534	0.209191	0.017796	0.00641681	0.162955	0.00518124	0.0647365	0.147375	0.0627582	0.0514058	0.00897555	0.002739	0.0109569
48	0.0255816	0.00175651	0.00176486	0.0114368	0.0106695	0.00612668	0.0137863	0.0313411	0.293082	0.0398405	0.00546091	0.0148838	0.000873159	0.0518618	0.431383	0.0135207	0.010447	0.0227774	0.00430205	0.00910402
49	0.0960555	0.00139344	0.0930752	0.156902	0.00901973	0.0151291	0.0282276	0.0283919	0.139188	0.0447611	0.0307705	0.0404146	0.00325459	0.097416	0.0827442	0.0707827	0.0321332	0.0219038	0.000252246	0.00818458
50	0.0577813	0.00248959	0.228492	0.310858	0.00340841	0.0280922	0.0103289	0.00881804	0.0596641	0.0151987	0.00428414	0.061987	0.00883191	0.0654382	0.0219369	0.0679287	0.0256884	0.0159465	0.000196815	0.00263015
51	0.0999253	0.0021468	0.0686402	0.162585	0.00603417	0.0185974	0.013691	0.0336951	0.151502	0.0522506	0.02411	0.0394837	0.00528686	0.097686	0.0956514	0.0642368	0.0307156	0.0278569	0.000623324	0.00528151
52	0.0226542	0.000936599	0.00702661	0.0267942	0.00621697	0.00641466	0.0125965	0.0174908	0.352343	0.0295506	0.00440962	0.0235422	0.00207991	0.0580038	0.372468	0.0207034	0.0143867	0.0148795	0.00196833	0.00553405
53	0.0320176	0.0112197	0.0158027	0.359329	0.0411651	0.00790356	0.0143919	0.0671586	0.0132229	0.105927	0.0683237	0.0101685	0.00683129	0.0874018	0.0255763	0.0224757	0.0210525	0.0535681	0.00383134	0.0326327
54	0.0163129	0.000422116	0.0170091	0.061585	0.000899166	0.00751551	0.00977484	0.00296028	0.416968	0.0196178	0.00312704	0.0266838	0.00435819	0.0876104	0.260692	0.0331165	0.0206731	0.00814706	0.000223507	0.00230439
55	0.0984077	0.00107607	0.0642455	0.195704	0.00211131	0.0207521	0.00833848	0.0178705	0.163341	0.036458	0.0111241	0.0349378	0.00651284	0.115792	0.104025	0.0610041	0.0314069	0.0234629	0.000160635	0.00326873
56	0.106795	0.00141929	0.0677398	0.208658	0.00323867	0.0205628	0.010056	0.0172394	0.141122	0.0398031	0.0130403	0.0340432	0.00577544	0.107516	0.0909195	0.0644503	0.0343487	0.0289342	0.000371043	0.00396679
57	0.062792	0.00977464	0.0155701	0.0365251	0.0229345	0.0132967	0.0258227	0.0744168	0.0954334	0.190951	0.0724144	0.0267035	0.00200537	0.0830358	0.0807239	0.0449587	0.0446793	0.077698	0.00585824	0.0144056
58	0.0962267	0.00133727	0.0834575	0.202938	0.00235587	0.0230537	0.00839948	0.0170724	0.152675	0.0338773	0.0107004	0.0409318	0.00701371	0.107932	0.0914484	0.0639566	0.030777	0.0225493	0.00014363	0.00315477
59	0.0163129	0.000422116	0.0170091	0.061585	0.000899166	0.00751551	0.00977484	0.00296028	0.416968	0.0196178	0.00312704	0.0266838	0.00435819	0.0876104	0.260692	0.0331165	0.0206731	0.00814706	0.000223507	0.00230439
60	0.061855	0.00840629	0.00348667	0.0385893	0.113083	0.00871406	0.0741274	0.0499081	0.0835439	0.0607371	0.0198228	0.119103	0.00149641	0.0766825	0.057495	0.0807916	0.0378812	0.0438719	0.00601509	0.0543895
61	0.0837409	0.00407319	0.0602081	0.200324	0.00541236	0.0256266	0.0210359	0.0195843	0.147591	0.0452635	0.011474	0.0325825	0.00593732	0.0872458	0.137176	0.0502876	0.0300775	0.0246867	0.0014242	0.00624806
62	0.0934186	0.00309806	0.0540121	0.150136	0.0034648	0.0231929	0.0101774	0.025402	0.198606	0.0315662	0.0151308	0.041079	0.0108958	0.104671	0.109132	0.0635675	0.0352451	0.0226431	0.000203246	0.00435804
63	0.0652604	0.00223412	0.17806	0.234113	0.00338537	0.0455654	0.0102705	0.0109656	0.0937683	0.0180292	0.00507959	0.077755	0.00756642	0.0674481	0.0312314	0.0937208	0.0334885	0.019504	0.000187119	0.00236724
64	0.0450068	0.00277473	0.0551775	0.047604	0.00685208	0.0597007	0.0558969	0.00901825	0.158549	0.0226734	0.0103035	0.16273	0.00507031	0.074252	0.0990284	0.0965135	0.0690083	0.0106214	0.0020484	0.00717114
65	0.0664395	0.00117636	0.0441385	0.0490743	0.00308526	0.0115858	0.0104472	0.0103201	0.253581	0.0244848	0.0051956	0.0914528	0.00226108	0.0763379	0.0797198	0.13545	0.120397	0.00819291	0.000590695	0.00606946
66	0.0279139	0.0104633	0.00347226	0.00108704	0.0169031	0.00313509	0.0017737	0.406512	0.00295969	0.195192	0.036611	0.00618407	0.00112937	0.00193136	0.00470484	0.00762188	0.02301	0.246163	0.000306896	0.00292462
67	0.157733	0.0223465	0.0171443	0.0169374	0.022218	0.108138	0.0427905	0.0142999	0.0633593	0.0138179	0.00409373	0.0262541	0.0378335	0.0390639	0.0101494	0.19756	0.13619	0.0599784	0.00394903	0.00614257
68	0.0721575	0.00131341	0.0751537	0.121136	0.015932	0.0301629	0.0767341	0.0118883	0.0754697	0.045608	0.0289962	0.0753934	0.0028479	0.114368	0.0387664	0.100316	0.0741646	0.0213937	0.000527496	0.017671
69	0.065464	0.0064843	0.0478675	0.102019	0.0188992	0.0148858	0.0660847	0.032786	0.0897117	0.100999	0.0575741	0.0472998	0.00150346	0.127377	0.0561951	0.0477672	0.0489208	0.0435406	0.00244446	0.0221767
70	0.017394	0.0178091	0.00363431	0.00585632	0.37717	0.00303391	0.00976263	0.0596611	0.00527373	0.292342	0.0414003	0.010709	0.0025198	0.0075142	0.00503719	0.0132686	0.0194666	0.0337865	0.02152	0.0528407
71	0.241394	0.00937469	0.0200631	0.0745596	0.00568222	0.0602635	0.0135753	0.0147727	0.0471856	0.0191407	0.00985173	0.0311813	0.00404999	0.0849567	0.0591946	0.190572	0.0531026	0.0483484	0.0026357	0.0100954
72	0.0602689	0.00292847	0.22733	0.270803	0.00377852	0.0314882	0.0112967	0.0128561	0.0604276	0.0168096	0.00507237	0.0765301	0.010664	0.0572797	0.0230641	0.0785743	0.028869	0.0182904	0.000379414	0.00328983
73	0.0265737	0.00913118	0.00385683	0.00342792	0.0243852	0.00338694	0.00237387	0.301048	0.00485629	0.32739	0.0455761	0.00617644	0.00233376	0.00569249	0.00645864	0.009024	0.025734	0.185377	0.000581291	0.00661641
74	0.0241311	0.00135623	0.0184766	0.0523325	0.00241088	0.00940123	0.0154616	0.0097601	0.378656	0.0245226	0.00514921	0.041038	0.00406202	0.0812681	0.239456	0.041368	0.0347187	0.0114556	0.00059159	0.00438371
75	0.0843368	0.00115378	0.0635781	0.169696	0.00235219	0.0185086	0.011602	0.0150252	0.191648	0.0303801	0.0109666	0.0444325	0.00546792	0.114388	0.118816	0.0615318	0.0330217	0.0195931	0.000167508	0.00333371
76	0.0618064	0.00205355	0.171053	0.207083	0.00340964	0.0552308	0.0118539	0.00880957	0.0820963	0.01531	0.00393047	0.0886353	0.0069109	0.0645237	0.0218012	0.125567	0.0501201	0.0170791	0.000236027	0.00249003
77	0.00962207	0.00579921	0.00369364	0.00676263	0.0470474	0.00176475	0.00219802	0.139689	0.00585081	0.580057	0.063968	0.0029936	0.00247383	0.00826485	0.00644025	0.0066849	0.0223776	0.0657947	0.000828982	0.0176884
78	0.289168	0.0188271	0.0209954	0.0394528	0.00694646	0.0551665	0.023297	0.0111129	0.0399219	0.0181331	0.00793291	0.0554949	0.00619122	0.0456309	0.014511	0.211722	0.0691214	0.0503053	0.00248806	0.0135807
79	0.0276634	0.0128397	0.00400049	0.00145032	0.0175287	0.00411781	0.00285304	0.335905	0.00326362	0.214886	0.053122	0.00735974	0.0014682	0.00218772	0.0048001	0.00768366	0.017143	0.277658	0.000420966	0.00364871
80	0.0156523	0.00208053	0.00245045	0.00322718	0.0111079	0.0107834	0.0189855	0.00464494	0.0211945	0.0157908	0.00286028	0.0126798	0.0110278	0.0121679	0.00349136	0.494275	0.348941	0.00516946	0.00112607	0.00234328
81	0.0559816	0.0391761	0.0969097	0.295894	0.0335656	0.0149575	0.0228729	0.0342676	0.0181293	0.0797049	0.00474743	0.0188338	0.0384233	0.0463178	0.0259283	0.0557532	0.0123178	0.0478879	0.0147824	0.043549
82	0.0412645	0.00149543	0.287544	0.457833	0.000867308	0.00144879	0.00661828	0.00356787	0.0175835	0.00731752	0.00116902	0.00462993	0.00503236	0.0769105	0.0109043	0.0405468	0.0206408	0.0122078	0.000307706	0.00211082
83	0.041042	0.00150971	0.287299	0.459222	0.000857881	0.00131588	0.00656196	0.00352568	0.0175557	0.00723533	0.00116468	0.00431139	0.00499652	0.0772797	0.0108961	0.0400439	0.0205446	0.0122226	0.000309478	0.00210532
84	0.00323711	0.0173437	0.00092752	0.0013322	0.0254149	0.00837478	0.00118785	0.0173492	0.00457333	0.0377604	0.00108254	0.00139425	0.000800897	0.00464761	0.0115124	0.015996	0.00699586	0.00478564	0.799481	0.0358029
85	0.0953284	0.000876406	0.0972923	0.167984	0.0153306	0.00645243	0.0478466	0.021224	0.0886484	0.0642498	0.0476465	0.0428063	0.00156002	0.103697	0.0561818	0.0654711	0.0351308	0.0258454	0.000594926	0.0158334
86	0.302391	0.0119239	0.0190408	0.00951743	0.00568306	0.0203238	0.02202	0.0123757	0.0222751	0.0234714	0.0127691	0.117273	0.0044532	0.0239239	0.0169413	0.27658	0.0606407	0.0212581	0.00220731	0.0149321
87	0.0144429	0.00667959	0.004347	0.00301424	0.0241007	0.00163265	0.00135078	0.297348	0.00470164	0.401604	0.0427076	0.00324985	0.00198716	0.00723048	0.00842834	0.00487709	0.0246385	0.140571	0.000375294	0.0067126
88	0.100875	0.0040252	0.00826244	0.0624636	0.00417856	0.0174473	0.0086303	0.00952002	0.0418569	0.0344888	0.00435035	0.0318902	0.452949	0.0366741	0.0298591	0.0812974	0.0340323	0.0315907	0.00138147	0.00422699
89	0.0814622	0.00168292	0.129353	0.229983	0.00322235	0.0259299	0.0107065	0.0132343	0.120662	0.031094	0.00960671	0.0501274	0.00728324	0.0972275	0.0694545	0.0650631	0.0297196	0.0209259	0.000117914	0.00314406
90	0.0449114	0.00757542	0.0039914	0.0167284	0.0079864	0.0134404	0.0162952	0.0396055	0.267733	0.0449222	0.0157581	0.0240906	0.00986925	0.0473065	0.346179	0.0274128	0.0240183	0.030991	0.00268405	0.00850146
91	0.0162621	0.00414446	0.0172832	0.0173788	0.181253	0.00585486	0.0557302	0.098802	0.00631929	0.116277	0.0119042	0.0165351	0.0322515	0.00931347	0.011453	0.0893123	0.0863278	0.0199716	0.00279114	0.200835
92	0.198116	0.00473361	0.00385694	0.00669667	0.0619173	0.00535517	0.00498282	0.0201323	0.00768708	0.212865	0.0942052	0.00765139	0.00338764	0.00747222	0.0133155	0.0942501	0.0642128	0.0855243	0.00788236	0.0957557
93	0.139489	0.00721188	0.0108027	0.0387308	0.00860975	0.0183645	0.011755	0.0213064	0.0485415	0.0351795	0.0229157	0.0643283	0.343553	0.0298047	0.0549686	0.0714973	0.0306692	0.0311185	0.00239873	0.00875463
94	0.1767	0.0305715	0.0132527	0.00863948	0.00846221	0.0113165	0.00815794	0.0912544	0.0113275	0.113096	0.111664	0.00895411	0.0327113	0.00798179	0.0079954	0.0242387	0.0701469	0.254254	0.00268987	0.00658568
95	0.0937018	0.00386653	0.00695396	0.0421781	0.00388022	0.0160884	0.00818596	0.0038045	0.0381058	0.0315109	0.0038162	0.0313181	0.473663	0.0296877	0.0303796	0.108086	0.0439762	0.0249013	0.00111345	0.0047828
96	0.0725827	0.00741758	0.197722	0.225516	0.00793997	0.0247425	0.0164293	0.0163932	0.0573222	0.0260102	0.00902813	0.0578572	0.00972321	0.0619216	0.0276368	0.0882704	0.0592921	0.0253651	0.00130387	0.00752589
97	0.0157288	0.00210042	0.00243147	0.00329088	0.0115978	0.0106929	0.019623	0.00477889	0.0214126	0.0165519	0.00296153	0.0124843	0.0107639	0.0117981	0.00350027	0.494423	0.347166	0.00521914	0.001119	0.00235683
98	0.0491977	0.00911234	0.1332	0.0352805	0.0030302	0.0171672	0.0222816	0.0112703	0.00540939	0.0105062	0.00337659	0.221335	0.0022498	0.0231348	0.00415767	0.411936	0.0237522	0.00649426	0.00136064	0.00574752
99	0.00701549	0.00277259	0.0028372	0.0054174	0.0534097	0.00209954	0.00113013	0.103362	0.00322889	0.645907	0.0770479	0.00124663	0.00116192	0.00568736	0.00236316	0.00438455	0.0151782	0.0455483	0.000276783	0.0199249
100	0.0632553	0.00631724	0.00367002	0.013612	0.0173724	0.00641093	0.0416458	0.0862478	0.13864	0.0362378	0.0256941	0.164057	0.00272614	0.0456477	0.0524252	0.103294	0.123035	0.0596349	0.00236097	0.0077154
101	0.0957425	0.00161326	0.0692254	0.168034	0.00224914	0.0301174	0.00973856	0.0181036	0.172326	0.028521	0.0104412	0.0470592	0.005069	0.110294	0.0903727	0.0799298	0.0349056	0.0226455	0.000173265	0.0034391
102	0.0210311	0.00848717	0.00438905	0.00185241	0.0224457	0.00242105	0.00184145	0.336742	0.00440373	0.296737	0.0428772	0.00508068	0.00174042	0.00486802	0.00715324	0.00635314	0.0244468	0.201845	0.00031133	0.00497331
103	0.186201	0.00754657	0.0349476	0.0420224	0.00743137	0.0508622	0.025797	0.0109898	0.0395652	0.0169626	0.00903797	0.0916543	0.00798029	0.0416708	0.0228434	0.249065	0.121769	0.0209162	0.00179949	0.0109386
104	0.0898621	0.00168044	0.104897	0.219183	0.00269081	0.0265102	0.00941057	0.0156652	0.135687	0.0282825	0.00943302	0.0527228	0.00668927	0.100471	0.0732551	0.0682563	0.0285321	0.0236745	0.000160695	0.00293595
105	0.204888	0.0083221	0.0397917	0.124429	0.00448903	0.0496148	0.0164426	0.0121049	0.0590827	0.0176503	0.0134451	0.0462038	0.00598687	0.0751046	0.0250255	0.171279	0.0874157	0.0264839	0.00351796	0.00872311
106	0.0207509	0.00108779	0.0116075	0.041756	0.00405238	0.00874792	0.0171901	0.0118815	0.370305	0.0240901	0.00428909	0.0365267	0.00323464	0.0747331	0.302644	0.0270978	0.0212462	0.0123673	0.00144588	0.00494622
107	0.0547248	0.00221611	0.163964	0.184509	0.00454812	0.0544801	0.0211135	0.00822738	0.0850479	0.0173118	0.0043264	0.1042	0.00731147	0.0614459	0.0289605	0.120921	0.0582274	0.0148828	0.000390036	0.00319179
108	0.0564949	0.00135576	0.0449465	0.0417398	0.0025799	0.00495428	0.00723613	0.0128543	0.294651	0.0252323	0.00504486	0.095439	0.00176516	0.0736122	0.0916965	0.118295	0.108858	0.00751352	0.00052406	0.00520671
109	0.0237134	0.008421	0.00283463	0.0106694	0.0491943	0.00248389	0.0156596	0.155413	0.0107249	0.414728	0.0574736	0.0066414	0.00597629	0.018685	0.0104709	0.0112387	0.0354537	0.125336	0.00354715	0.0313349
110	0.0116262	0.00298768	0.00279433	0.00464926	0.0758785	0.00199617	0.00197719	0.0776658	0.00270537	0.63563	0.0757459	0.00202963	0.00203347	0.00371491	0.00210769	0.00791611	0.0155577	0.0395861	0.000932098	0.032466
111	0.0841364	0.00163378	0.0697117	0.0828121	0.00515525	0.0711872	0.0257034	0.00793452	0.0755687	0.0135808	0.00569567	0.0967218	0.00609874	0.0692874	0.0222019	0.214833	0.12401	0.0159461	0.000881514	0.0068992
112	0.0661097	0.00668921	0.00541295	0.0180494	0.0136526	0.0121762	0.0562744	0.117895	0.0340841	0.20386	0.0757478	0.0169977	0.00434225	0.0083974	0.0373721	0.080529	0.0172987	0.211515	0.00287278	0.0107227
113	0.0165926	0.000483108	0.0156334	0.0573852	0.00170606	0.00733544	0.0100099	0.00501855	0.405523	0.0210351	0.00321329	0.0256584	0.0040799	0.0865302	0.275725	0.03167	0.0198296	0.00928207	0.000528259	0.00276098
114	0.0322799	0.00861096	0.00808794	0.0234933	0.0554397	0.00750453	0.0188173	0.187584	0.0204629	0.250801	0.0259906	0.0116824	0.0406524	0.0217752	0.017097	0.0234294	0.0399791	0.129458	0.0305869	0.0462684
115	0.0210574	0.000470187	0.0201137	0.0676358	0.000981817	0.00783413	0.0102896	0.00356185	0.398731	0.0203316	0.00389514	0.0308743	0.00436443	0.091772	0.247084	0.0359458	0.0236423	0.00887328	0.000226876	0.00231425
116	0.14118	0.0348864	0.0220569	0.0114553	0.0110747	0.021592	0.00822544	0.165661	0.0113667	0.136143	0.0667009	0.0125436	0.0143034	0.00921218	0.00813102	0.0431454	0.0436078	0.229651	0.00305443	0.00600841
117	0.186452	0.0157822	0.00818994	0.0158069	0.0241763	0.0119875	0.00969915	0.0618281	0.0214706	0.128048	0.0484646	0.0226201	0.00557964	0.0171181	0.0147649	0.17198	0.111029	0.0650258	0.0297833	0.0301934
118	0.0813824	0.0019747	0.0860618	0.145195	0.0166234	0.00743489	0.0630257	0.0228882	0.0853447	0.0713058	0.0490752	0.0455542	0.00120916	0.115921	0.0557848	0.0610742	0.0401379	0.0278877	0.000932894	0.0211864
119	0.0517451	0.00413564	0.102282	0.0641011	0.00442224	0.0497177	0.0248296	0.00859928	0.0442079	0.0159443	0.00375588	0.17056	0.00398117	0.0448337	0.0187655	0.304918	0.0682183	0.008708	0.000957042	0.00531733
120	0.182327	0.0112046	0.00317747	0.00519206	0.0331603	0.0183215	0.00367732	0.147998	0.0150613	0.0633988	0.0193238	0.0268797	0.002544	0.0147735	0.00379739	0.124151	0.137949	0.155984	0.00281294	0.0282668
121	0.131974	0.00387703	0.0309981	0.093406	0.00673891	0.0602652	0.0127311	0.0229528	0.0193304	0.0305735	0.0223888	0.0286454	0.0066676	0.02945	0.0111267	0.201131	0.255532	0.0213001	0.00276219	0.00814943
122	0.0764398	0.002057	0.0660976	0.0686775	0.00642554	0.0659434	0.0327478	0.00754683	0.0773486	0.0146119	0.00590795	0.111768	0.00650961	0.0627865	0.02585	0.208426	0.138403	0.0142901	0.000701338	0.00746134
123	0.105669	0.00259217	0.0557738	0.140769	0.00465729	0.0236385	0.0127663	0.0244699	0.157414	0.0361938	0.0192379	0.0428507	0.00992834	0.120645	0.078668	0.0892595	0.0397953	0.0296369	0.0010097	0.0050254
124	0.171858	0.00766196	0.0259753	0.0562531	0.00919137	0.0487085	0.0258011	0.0117897	0.0472867	0.0143604	0.0090818	0.0480089	0.0279565	0.0578423	0.0148458	0.22556	0.156657	0.0300497	0.00218731	0.00892524
125	0.0461502	0.0333212	0.00733508	0.00950363	0.0106092	0.00966951	0.00741558	0.0539665	0.0438731	0.0498156	0.0100529	0.103254	0.00468865	0.0112413	0.0137312	0.247405	0.153247	0.16362	0.00562955	0.0154714
126	0.037087	0.0026146	0.0359311	0.0425373	0.00771941	0.0112917	0.00157334	0.278057	0.00452409	0.0577729	0.0146035	0.0206816	0.0286751	0.011698	0.00220162	0.0245915	0.056106	0.355406	0.00503835	0.00189079
127	0.0718462	0.00431971	0.203039	0.239539	0.00605768	0.0274108	0.0132501	0.0225994	0.0624004	0.0228881	0.00927927	0.0680224	0.0108441	0.0571648	0.0279339	0.087703	0.0337203	0.025161	0.00113553	0.00568521
128	0.21591	0.0101426	0.0472535	0.0307316	0.00933638	0.0148841	0.0101217	0.0270327	0.0580495	0.0625186	0.0214481	0.0188849	0.154836	0.0284004	0.0171298	0.0528423	0.068894	0.142008	0.00279253	0.00678339
129	0.062791	0.000855665	0.0457136	0.115152	0.00229977	0.0126412	0.0141694	0.010449	0.260169	0.0260341	0.00982964	0.0559712	0.00374621	0.115521	0.146516	0.0610288	0.0391053	0.0147836	0.000181734	0.00304202
130	0.0809223	0.00223635	0.128002	0.199849	0.00408382	0.0408758	0.0164562	0.0132745	0.109582	0.0209635	0.00862956	0.0737778	0.00823136	0.0813966	0.046766	0.0978027	0.0423368	0.0201936	0.000632895	0.00398741
131	0.0497837	0.0142213	0.044682	0.0409356	0.100449	0.0128762	0.042728	0.0211825	0.0178607	0.0858476	0.0117084	0.0240029	0.01486	0.0205817	0.0196265	0.0434475	0.0252425	0.0260687	0.0234193	0.360476
132	0.00906155	0.00356477	0.00286277	0.00571028	0.0441815	0.00156891	0.00105561	0.134059	0.0038978	0.607342	0.0716541	0.00170265	0.00121331	0.00755324	0.00367583	0.00392726	0.0176944	0.0638759	0.00027151	0.0151279
133	0.0752764	0.0023377	0.123953	0.163465	0.00559915	0.0344982	0.0206364	0.0120166	0.115414	0.0223848	0.00852276	0.0866704	0.00776216	0.0732822	0.0460314	0.10683	0.0723707	0.0172048	0.000492197	0.00525279
134	0.0638575	0.00267559	0.208474	0.262195	0.00386241	0.0378033	0.0111501	0.0103231	0.0689204	0.0160504	0.00468813	0.0791154	0.00969138	0.0605663	0.0232785	0.0866666	0.0296108	0.01803	0.000201184	0.00283964
135	0.00697475	0.0023865	0.00296663	0.00550983	0.0573888	0.00190513	0.00117931	0.0929032	0.00361246	0.651845	0.0790375	0.00118238	0.00163357	0.00534873	0.00248466	0.00535528	0.0146983	0.0399143	0.000408227	0.0232658
136	0.191673	0.00568413	0.0368638	0.0894424	0.00672596	0.0452064	0.0246951	0.00985486	0.0386663	0.0138376	0.010863	0.0679897	0.00752954	0.0636657	0.0172194	0.217368	0.115318	0.0220728	0.00178661	0.0135368
137	0.0622603	0.00367606	0.1764	0.230546	0.00954071	0.0186789	0.0392932	0.0127734	0.0684904	0.0303952	0.0167566	0.0572806	0.00649702	0.091437	0.0357932	0.0707291	0.0372694	0.0209389	0.00128332	0.00995977
138	0.0240442	0.00902972	0.00411895	0.00268919	0.0254878	0.00291562	0.00348758	0.360415	0.0142119	0.205325	0.0389177	0.00524555	0.00353465	0.00585107	0.0132153	0.0118379	0.0257309	0.236657	0.000924849	0.00635961
139	0.0242498	0.00191508	0.0147393	0.0320247	0.00560871	0.0199607	0.0624031	0.0172826	0.297778	0.0160286	0.00856466	0.160044	0.00165092	0.0873763	0.122035	0.045279	0.0533309	0.0201333	0.00108646	0.00850902
140	0.0176592	0.000712312	0.0126564	0.0481599	0.00360727	0.00729525	0.0117211	0.010086	0.384832	0.0241325	0.00346965	0.0241689	0.00333671	0.0827323	0.303552	0.0270809	0.0178206	0.0114673	0.0013796	0.00413062
141	0.373811	0.0202573	0.0131297	0.0164976	0.0106525	0.0378053	0.0133808	0.0215191	0.016244	0.0262062	0.0335472	0.0609361	0.00436944	0.0187026	0.0106382	0.175675	0.0678965	0.0489392	0.0025319	0.0272599
142	0.0306565	0.0028797	0.0104005	0.0334366	0.00681773	0.00891936	0.0153706	0.0214215	0.310791	0.0350027	0.00811439	0.0291664	0.00401447	0.0641351	0.334739	0.0285375	0.0270655	0.0191795	0.00256772	0.006784
143	0.0802818	0.00869725	0.0181318	0.044672	0.026541	0.0116238	0.032804	0.0480655	0.0758452	0.143836	0.0738657	0.0411556	0.0103288	0.0877963	0.0418811	0.0679743	0.0877937	0.083438	0.00362292	0.0116449
144	0.00822356	0.00341697	0.00305369	0.00591221	0.052211	0.00163567	0.001626	0.122342	0.00331735	0.614423	0.0720561	0.00179741	0.00125395	0.0069586	0.00304631	0.00455172	0.0178429	0.0576235	0.000300367	0.0184077
145	0.00850886	0.00352524	0.00274296	0.00493421	0.0794559	0.00190756	0.00257242	0.0778177	0.00282909	0.632323	0.074543	0.00230738	0.00232777	0.00371427	0.00213418	0.00786255	0.0157592	0.0403509	0.00126373	0.0331204
146	0.0711726	0.00102209	0.053836	0.11109	0.00323851	0.0128386	0.0199035	0.0115575	0.222524	0.0246549	0.0129623	0.081345	0.00265113	0.123582	0.107011	0.0700419	0.0506973	0.0165128	0.000170076	0.00318772
147	0.269232	0.0128671	0.0317599	0.0236867	0.00662036	0.0241679	0.0185903	0.0147458	0.0234713	0.0208274	0.0108102	0.110142	0.00482363	0.0264643	0.0149679	0.283748	0.0613131	0.0255573	0.00212206	0.0140831
148	0.206402	0.00424689	0.00280558	0.00521447	0.0615699	0.00370928	0.00507868	0.0151501	0.004646	0.300209	0.0744208	0.0051101	0.00248022	0.00473226	0.0142489	0.0682953	0.0421033	0.0798239	0.00887026	0.0908833
149	0.0274316	0.00824403	0.00847768	0.0110848	0.0111737	0.0102905	0.00994113	0.171668	0.0177755	0.0294533	0.0422979	0.0115763	0.00647011	0.01214	0.237509	0.0231676	0.225373	0.121968	0.00394587	0.0100116
150	0.0678521	0.000929673	0.0517437	0.102918	0.00297508	0.0110027	0.0181982	0.010091	0.231361	0.0242217	0.0125601	0.0856356	0.00225361	0.121506	0.110259	0.073112	0.0552464	0.0150152	0.000202833	0.00291547
151	0.0335227	0.00280548	0.00735044	0.00592728	0.0100059	0.0120823	0.0184997	0.0060453	0.0206686	0.0159409	0.00406323	0.0232222	0.0100459	0.01321	0.00444521	0.479254	0.320333	0.00709796	0.00135404	0.00412512
152	0.0621205	0.00218583	0.166774	0.217715	0.00648064	0.03111	0.0298176	0.0109111	0.0898462	0.0250094	0.0123517	0.081708	0.00728134	0.0817829	0.0372988	0.0765812	0.0362451	0.0179519	0.000362582	0.00646606
153	0.107466	0.00356311	0.00709478	0.0472047	0.00325683	0.0168644	0.00804964	0.00847348	0.049375	0.0292856	0.00408432	0.0323487	0.464776	0.0344425	0.0340972	0.0835164	0.0270572	0.033582	0.00109529	0.00436686
154	0.0134914	0.00225748	0.0206678	0.034402	0.00437165	0.0437084	0.0782627	0.00458057	0.301096	0.0110666	0.00420372	0.137789	0.00337412	0.0901015	0.147793	0.0390764	0.0423573	0.00730465	0.00162326	0.012472
155	0.0367333	0.00426267	0.0322709	0.0266731	0.0203213	0.0492645	0.079015	0.021998	0.133135	0.0336818	0.0115089	0.222232	0.00525816	0.0595898	0.0869923	0.0854402	0.0548006	0.0205778	0.00335913	0.0128859
156	0.139398	0.00897495	0.0106676	0.0103419	0.0159356	0.304502	0.0129455	0.0174953	0.0149694	0.0187861	0.00699921	0.0146575	0.174401	0.0102294	0.0103492	0.13138	0.0452188	0.0331253	0.012942	0.0066818
157	0.102484	0.00949425	0.0250528	0.105084	0.0210738	0.0197825	0.0143802	0.0143742	0.0448124	0.0438188	0.00751309	0.050778	0.275428	0.0524374	0.037933	0.0853224	0.0305917	0.0430904	0.00552331	0.0110252
158	0.296812	0.013604	0.0169388	0.0242202	0.00661414	0.134242	0.0165874	0.0128991	0.0222888	0.0183047	0.00904489	0.0665119	0.00572342	0.0266526	0.0132004	0.207426	0.0587737	0.0372529	0.00207663	0.0108268
159	0.00301682	0.0172946	0.000926372	0.00132586	0.0253902	0.00804615	0.00113164	0.0171365	0.00460236	0.0375096	0.00104388	0.00139573	0.000756441	0.00465943	0.0114944	0.0159208	0.00699612	0.00463212	0.801624	0.0350966
160	0.0342715	0.00774694	0.00165123	0.00392127	0.00586423	0.00176628	0.00108511	0.461115	0.0017648	0.0523934	0.0177076	0.00343981	0.00239393	0.00108246	0.00132419	0.00421962	0.0227991	0.371978	0.000408198	0.00306753
161	0.301587	0.0108542	0.0219822	0.0415305	0.00701733	0.0327963	0.0173899	0.0170788	0.0302379	0.0196208	0.0103241	0.0654573	0.00616353	0.0436753	0.0160322	0.239338	0.068985	0.0354681	0.00257334	0.0118886
162	0.518505	0.0137706	0.00467474	0.00797138	0.00392202	0.0374087	0.00491675	0.0255754	0.00791506	0.0192042	0.0046415	0.0208789	0.00430588	0.00705304	0.00468203	0.209212	0.0368843	0.0627096	0.000974593	0.00479445
163	0.565907	0.0148819	0.00398985	0.00770748	0.00328718	0.0279435	0.00298553	0.0284695	0.00715477	0.0156739	0.00327751	0.015217	0.00362349	0.00557236	0.00401316	0.178515	0.0390732	0.0677435	0.00113058	0.00383359
164	0.0449526	0.00839653	0.00986142	0.0291009	0.00950434	0.0108994	0.0178748	0.0361093	0.251255	0.0645446	0.0177514	0.0320485	0.00809694	0.0580051	0.274245	0.0432746	0.0364295	0.0360492	0.00266527	0.00893524
165	0.0189988	0.00729805	0.00394015	0.0035228	0.030089	0.00203585	0.00195048	0.273762	0.0041938	0.363578	0.0465257	0.00516603	0.00171718	0.00598934	0.00610901	0.00576222	0.0233311	0.188408	0.000368177	0.00725366
166	0.0826987	0.00689986	0.172782	0.33573	0.00571389	0.0191156	0.0111143	0.0144874	0.0518556	0.0271332	0.00940453	0.0280176	0.0119421	0.0728836	0.0274805	0.0593634	0.0294757	0.0251619	0.00233781	0.00640288
167	0.0708015	0.00879992	0.0349626	0.242894	0.0104764	0.0187588	0.0159118	0.0482523	0.0721863	0.0520973	0.0225349	0.0210576	0.0295987	0.0871283	0.0306673	0.0434656	0.0578051	0.11993	0.00438141	0.00829008
168	0.0610886	0.0101612	0.0149759	0.0356724	0.0227597	0.0129264	0.0265108	0.0754045	0.0981522	0.190885	0.0707546	0.026128	0.00189735	0.0819943	0.0830751	0.0433978	0.0444565	0.0789209	0.00591244	0.014926
169	0.309994	0.0105304	0.0618407	0.020878	0.00913056	0.0181145	0.0132062	0.0273401	0.0560355	0.0563989	0.0166347	0.0163272	0.0133063	0.0266151	0.0106383	0.0804854	0.0908828	0.151277	0.00316938	0.00719481
170	0.158158	0.00468479	0.0216139	0.0422565	0.0201472	0.0057301	0.0118235	0.0559719	0.064568	0.0602121	0.0707242	0.0262744	0.00517014	0.116064	0.0243825	0.0489551	0.10712	0.147795	0.00251085	0.0058387
171	0.539612	0.0568299	0.00389997	0.00718423	0.0084589	0.0934731	0.00273002	0.0299083	0.0056786	0.021716	0.00697639	0.0102797	0.00286581	0.00422994	0.0055946	0.117716	0.0311423	0.0422411	0.00167058	0.00779172
172	0.0255768	0.00284793	0.00200211	0.0125004	0.0120597	0.00615522	0.0147487	0.033467	0.265146	0.0439395	0.00628952	0.0132133	0.00082088	0.0575117	0.440868	0.0128385	0.0102994	0.0235071	0.00586508	0.0103437
173	0.053969	0.00463444	0.0162096	0.0493238	0.0384786	0.0107177	0.0478796	0.0420005	0.193218	0.039378	0.0140223	0.136262	0.00158689	0.0781306	0.0616118	0.100462	0.0540434	0.0404633	0.00262004	0.0149884
174	0.00704777	0.0119571	0.00608231	0.00303945	0.025985	0.00106212	0.00129526	0.296683	0.0122589	0.401035	0.0208595	0.0024001	0.00617362	0.0126774	0.0190661	0.00874577	0.0438267	0.11402	0.000982979	0.00480272
175	0.026981	0.00833876	0.00361428	0.00168102	0.0199057	0.00310328	0.00183023	0.36777	0.00320128	0.25122	0.0489281	0.00564225	0.00143795	0.00289998	0.00432955	0.00654154	0.0174649	0.221227	0.000266067	0.00361776
176	0.0796534	0.00768466	0.0391991	0.0639506	0.0219957	0.00909037	0.0402866	0.053565	0.0808722	0.137162	0.0857772	0.031469	0.00206365	0.101866	0.0697826	0.0451459	0.0485175	0.059881	0.00394159	0.0180962
177	0.0326568	0.000765473	0.0262849	0.10426	0.00150406	0.00933752	0.0210895	0.00443546	0.313892	0.019471	0.00570002	0.0430586	0.00358704	0.129732	0.200478	0.0395756	0.0303688	0.00990702	0.000349374	0.00354681
178	0.400958	0.0158462	0.00295777	0.00431736	0.00631933	0.419438	0.00318903	0.0154702	0.00211768	0.00836244	0.0051971	0.00561289	0.00138525	0.00202818	0.00537375	0.074438	0.00991987	0.0148176	0.000507918	0.00174345
179	0.115517	0.117367	0.00694499	0.0129609	0.0148774	0.0373155	0.00932934	0.084953	0.0143301	0.0880817	0.0112161	0.0187508	0.00550945	0.0114061	0.00987368	0.0639987	0.235926	0.130064	0.00276266	0.00881699
180	0.0924709	0.00124943	0.0769478	0.196317	0.00226959	0.0217353	0.00889664	0.0167624	0.160637	0.0336371	0.0108178	0.0412006	0.00696239	0.113082	0.0970021	0.0623233	0.0312227	0.0233371	0.000134726	0.00299414
181	0.074032	0.00114563	0.0727462	0.159216	0.0168703	0.00776601	0.0856967	0.0163576	0.071832	0.0661446	0.0492796	0.0506735	0.000821317	0.13243	0.0385976	0.0504232	0.0468515	0.0334655	0.000364356	0.0252861
182	0.168427	0.224648	0.00802554	0.0130382	0.032766	0.0123093	0.0172294	0.0664819	0.0142161	0.0868673	0.0119751	0.0798035	0.00512018	0.00952027	0.0109626	0.0766624	0.0444148	0.102125	0.00373089	0.0116762
183	0.0518052	0.000868692	0.0454163	0.0405996	0.00218979	0.00313448	0.00777231	0.00942681	0.299585	0.025067	0.00469415	0.0996324	0.000784599	0.0783051	0.0937628	0.116148	0.108849	0.00612423	0.000504733	0.00532934
184	0.0460844	0.00764022	0.110574	0.0366698	0.00274083	0.0191746	0.0176537	0.0117924	0.00521737	0.00942447	0.00234825	0.217531	0.00157517	0.0266735	0.0032991	0.444618	0.0252957	0.00514467	0.00113375	0.00540868
185	0.0544653	0.00473557	0.224739	0.341388	0.00580599	0.0164027	0.0164068	0.0124075	0.0454081	0.0206422	0.00688542	0.0400034	0.00871389	0.0714855	0.0211992	0.0590266	0.0242902	0.017974	0.00132041	0.00669957
186	0.0587305	0.00262359	0.236284	0.267964	0.0037885	0.0347081	0.0114285	0.0127613	0.0598276	0.0160511	0.00458924	0.0825865	0.0115006	0.0524932	0.0209651	0.0751545	0.027287	0.0180618	0.000193671	0.00300037
187	0.037092	0.00650417	0.00180454	0.00281345	0.00757955	0.00167121	0.000913584	0.432691	0.00150209	0.0756575	0.0181812	0.00373658	0.00184918	0.000866249	0.00146434	0.00334052	0.0189145	0.379029	0.000327523	0.00406187
188	0.00299824	0.0173228	0.000929116	0.00130244	0.0250312	0.00807372	0.00112849	0.0172549	0.00458619	0.0377826	0.00104784	0.00144187	0.000761008	0.00467756	0.0115361	0.0159611	0.00702095	0.00463061	0.801038	0.0354748
189	0.00813599	0.0035872	0.00291435	0.00628945	0.0395895	0.00128099	0.000927911	0.135591	0.00379473	0.619389	0.070169	0.00151282	0.000958015	0.00863522	0.00396817	0.00288703	0.0182466	0.0600354	0.00022182	0.0118655
190	0.070905	0.00450908	0.06887	0.149429	0.0117022	0.0418798	0.0688225	0.0157525	0.116445	0.0385315	0.0174424	0.0708808	0.00612603	0.10268	0.0634227	0.062484	0.0472926	0.0279827	0.00161574	0.0132275
191	0.293365	0.0123807	0.0190955	0.0104148	0.00660928	0.0192468	0.0206509	0.0156752	0.0204984	0.0287707	0.0124522	0.122149	0.0049583	0.0226832	0.0232717	0.272569	0.0574287	0.0207862	0.00240845	0.0145854
192	0.069984	0.0191714	0.00397712	0.00445259	0.0143684	0.00514261	0.00267157	0.382556	0.00566863	0.108108	0.039477	0.00831477	0.00220419	0.00444965	0.00390445	0.0370489	0.0413679	0.240949	0.00113545	0.00504926
193	0.0575306	0.00301438	0.0504223	0.0940404	0.0086514	0.0214326	0.0257691	0.018059	0.209879	0.033343	0.0121253	0.0867603	0.00471578	0.089694	0.137478	0.0736644	0.0460198	0.0189562	0.00151433	0.00693014
