336	20
1	0.0436677	0.0031538	0.137997	0.26402	0.00308323	0.0100547	0.00574539	0.0188203	0.0689496	0.0115824	0.00431246	0.023315	0.0909525	0.0900574	0.0722344	0.0840558	0.0398005	0.0251632	0.00101499	0.00201982
2	0.0418926	0.0108801	0.00788036	0.0116429	0.0514701	0.0130505	0.206848	0.0116839	0.0279462	0.0135077	0.0187019	0.110491	0.0469141	0.0989737	0.0548241	0.080446	0.0613251	0.0123713	0.00204147	0.117109
3	0.00822222	0.00943206	0.000504947	0.00176805	0.0286696	0.00118812	0.00172476	0.324958	0.00457568	0.29517	0.0714782	0.000822969	0.00069499	0.00316322	0.00254632	0.00245539	0.00929672	0.230904	0.000188743	0.0022362
4	0.090104	0.0246538	0.0454423	0.0425449	0.00845019	0.060604	0.0276597	0.0142787	0.0404767	0.0176786	0.0184583	0.138297	0.016512	0.0423754	0.0281662	0.257609	0.0910831	0.0265143	0.00382609	0.00526504
5	0.0100771	0.0053155	0.000445037	0.00140227	0.0218016	0.000728541	0.000943622	0.489304	0.00368919	0.14963	0.0332768	0.000716709	0.00118938	0.00156953	0.00288504	0.00170556	0.00700873	0.265667	0.00119419	0.00145107
6	0.0274535	0.0186771	0.00114722	0.00133398	0.0153629	0.00289007	0.000643114	0.441163	0.00292709	0.0966541	0.0175855	0.000785352	0.00111172	0.00135303	0.00235047	0.00371611	0.00649561	0.35542	0.00114108	0.00178869
7	0.0139574	0.00626887	0.0035762	0.00731554	0.256627	0.00285885	0.0376958	0.083913	0.0120484	0.153089	0.0300413	0.017941	0.0059213	0.022822	0.00305652	0.015564	0.0308775	0.0916524	0.0127102	0.192064
8	0.0123036	0.0219144	0.00066577	0.00140856	0.0206642	0.00112519	0.00185168	0.305788	0.00268207	0.222102	0.0661157	0.00144679	0.000732696	0.00262449	0.0017972	0.0100123	0.0245832	0.296851	0.000606896	0.00472399
9	0.0405055	0.00640559	0.0300985	0.033004	0.0081802	0.632213	0.0114687	0.00489758	0.0225415	0.00479191	0.00781946	0.0545786	0.00306347	0.0135048	0.00887634	0.082202	0.026657	0.00766614	0.000534738	0.000990628
10	0.04993	0.0166095	0.0225712	0.0431151	0.066708	0.0285183	0.171799	0.02651	0.0445096	0.0397646	0.0243698	0.0536507	0.028243	0.0783623	0.0550721	0.084968	0.0544003	0.0346036	0.00367613	0.072619
11	0.0539401	0.0398916	0.00607285	0.00831444	0.016424	0.00725955	0.00644846	0.226122	0.00869095	0.120873	0.0286278	0.00616096	0.00939221	0.012999	0.00741339	0.0363521	0.0461224	0.349839	0.00154471	0.00751128
12	0.0337325	0.00639981	0.343354	0.227409	0.00457524	0.0312789	0.010777	0.0126529	0.0438729	0.0180888	0.0143262	0.0635968	0.0101473	0.0472905	0.0203991	0.0590394	0.0284496	0.0172093	0.00253225	0.00486832
13	0.373135	0.0706432	0.00551663	0.0121428	0.011335	0.044601	0.00485467	0.0799246	0.0116671	0.0452816	0.0143733	0.009048	0.0124942	0.0131324	0.00807687	0.0551003	0.0293998	0.192916	0.00120816	0.00514967
14	0.0285129	0.00294767	0.0232123	0.015193	0.00971723	0.754554	0.00383279	0.00249488	0.0193751	0.00294309	0.0054379	0.0526275	0.00130602	0.00645184	0.00811474	0.0372459	0.0183767	0.00613842	0.000558378	0.000959045
15	0.0299504	0.00591302	0.0189744	0.0360409	0.00397676	0.024015	0.0124204	0.0106055	0.412799	0.0240896	0.00894036	0.0455451	0.00992286	0.0331403	0.223557	0.0394378	0.0346779	0.0207827	0.000951832	0.00425879
16	0.118902	0.0377175	0.0410293	0.0462111	0.0151392	0.0476835	0.0244163	0.0218188	0.033401	0.0312879	0.0201228	0.0493306	0.0320386	0.0363142	0.0206763	0.247366	0.12671	0.0347446	0.00267924	0.0124112
17	0.0576068	0.0227837	0.0188242	0.033519	0.00430651	0.0414192	0.00821775	0.0188022	0.0238011	0.0229045	0.0109744	0.0404821	0.0131531	0.0247695	0.0150456	0.207922	0.403477	0.0251941	0.00348578	0.00331203
18	0.0905367	0.0217121	0.0148253	0.0148872	0.0102945	0.00690273	0.00810917	0.189714	0.0130747	0.216643	0.0730613	0.0139736	0.00784678	0.0186138	0.00917432	0.0722355	0.130065	0.0789488	0.00297759	0.00640418
19	0.181051	0.0832109	0.0118376	0.0263093	0.00321812	0.112684	0.0267002	0.010808	0.015588	0.014064	0.0341272	0.0440241	0.0108679	0.0160248	0.00726321	0.322962	0.0530298	0.0233721	0.000793929	0.00206377
20	0.0238798	0.00254228	0.0209794	0.0117144	0.0107355	0.77536	0.00168409	0.00182028	0.0191963	0.00270292	0.00553789	0.0524554	0.00100021	0.00462482	0.00781513	0.0362244	0.0162953	0.00405331	0.000457078	0.000921236
21	0.0657968	0.00458233	0.00760125	0.0203644	0.0144386	0.0140102	0.216066	0.00745827	0.0200154	0.0125354	0.00995015	0.0988832	0.0134728	0.217258	0.116506	0.0901477	0.0244122	0.0105483	0.00174132	0.034212
22	0.00901245	0.00716435	0.000758643	0.00355675	0.0428394	0.00251329	0.00197853	0.259772	0.00522884	0.468346	0.0951523	0.00100089	0.00101308	0.00203822	0.00250776	0.00182035	0.00187204	0.092756	0.000228047	0.000440719
23	0.0144937	0.0114915	0.00369349	0.00620236	0.0414815	0.00401478	0.00323114	0.0743334	0.00291597	0.547518	0.228274	0.00534039	0.000991094	0.00628413	0.00799592	0.0037685	0.00309094	0.0326336	0.000569939	0.00167548
24	0.0144342	0.00212181	0.00185954	0.00714791	0.318672	0.000951629	0.0217018	0.0249843	0.0149197	0.0396406	0.0119437	0.00732182	0.00523226	0.0136621	0.00116129	0.0230048	0.0111061	0.0186298	0.0362019	0.425303
25	0.0683141	0.00699353	0.0711533	0.0781525	0.0130514	0.0187495	0.0284906	0.0776796	0.0218026	0.114106	0.0623028	0.0305659	0.00966228	0.0971603	0.0231929	0.0821934	0.112585	0.071009	0.00163267	0.0112025
26	0.089786	0.0893412	0.00825152	0.0104452	0.00737563	0.00932765	0.00638889	0.0544106	0.0364577	0.184391	0.0502758	0.0177493	0.0144134	0.0158598	0.00941207	0.15367	0.160695	0.0717769	0.00449697	0.00547553
27	0.0175249	0.00143826	0.0272815	0.0124634	0.0102159	0.782546	0.000979217	0.00160071	0.0181615	0.00194775	0.00477232	0.0561332	0.000839454	0.00387558	0.00717656	0.0334882	0.0148281	0.00381295	0.000295022	0.000619612
28	0.042764	0.00766627	0.0202685	0.0453945	0.0349025	0.0983658	0.011152	0.0365623	0.0495487	0.0392033	0.101179	0.129049	0.0145205	0.161859	0.0275091	0.0882186	0.0459559	0.0143937	0.00138884	0.0300986
29	0.0237588	0.0218064	0.00234723	0.00209066	0.0207778	0.00304939	0.00190379	0.331206	0.00448196	0.184311	0.0446242	0.00164359	0.00180609	0.00324092	0.00283813	0.00698547	0.0161395	0.322546	0.000579262	0.00386411
30	0.0218771	0.00483621	0.442721	0.202355	0.00201343	0.0203665	0.00530904	0.00690901	0.0462169	0.00674135	0.00703248	0.0988688	0.00230056	0.0209158	0.0157321	0.0551667	0.0260436	0.0107191	0.000692342	0.00318278
31	0.0456436	0.00239336	0.178624	0.429091	0.00345382	0.00599933	0.00438239	0.0129358	0.0564733	0.0103403	0.00135232	0.0157188	0.0193334	0.106911	0.027833	0.0444085	0.0215134	0.0118649	0.000350313	0.00137728
32	0.0868476	0.00916622	0.0210776	0.0395089	0.0156722	0.0201742	0.0879559	0.032321	0.0692041	0.0407221	0.0220328	0.0501902	0.0154858	0.0689397	0.121665	0.120947	0.10718	0.0449889	0.00377475	0.0221461
33	0.043224	0.00487559	0.126563	0.283054	0.0022619	0.0137566	0.0188188	0.0221051	0.077835	0.0262282	0.00957215	0.031334	0.0104818	0.160928	0.0349537	0.0558257	0.0480358	0.0279896	0.000565873	0.00159137
34	0.00821732	0.0071998	0.000632385	0.00317561	0.0393084	0.00218813	0.00198216	0.27671	0.00523086	0.435295	0.0913488	0.000940144	0.000965826	0.0021284	0.00255442	0.00185219	0.00302732	0.116381	0.000192296	0.000670024
35	0.0465349	0.00245478	0.237962	0.419547	0.00375106	0.00761127	0.00250803	0.00946093	0.0459103	0.00623457	0.00214382	0.0260464	0.014341	0.0801936	0.0242529	0.0401199	0.0203796	0.00844201	0.000344505	0.00176228
36	0.0208318	0.00471427	0.00651572	0.0216938	0.00262392	0.0155272	0.0108134	0.00744454	0.459186	0.0231835	0.00745054	0.036953	0.00624617	0.0217658	0.284626	0.025625	0.0244194	0.0164768	0.000620806	0.00328225
37	0.00847838	0.00299769	0.00377357	0.00636489	0.219277	0.00223919	0.020718	0.0621508	0.0079564	0.269895	0.0624258	0.0199835	0.00393987	0.0557409	0.00243851	0.0125471	0.0168595	0.0327161	0.00758275	0.181914
38	0.0263571	0.00465147	0.0854581	0.268201	0.00187243	0.0080802	0.0168753	0.028189	0.133222	0.0309823	0.00183677	0.0295034	0.0104527	0.171711	0.0597176	0.0430576	0.0355119	0.0427249	0.000422434	0.00117321
39	0.0140776	0.00107971	0.00183516	0.00937532	0.00131788	0.00612715	0.00668875	0.00273284	0.423614	0.0193226	0.00363887	0.0204243	0.00111644	0.0271378	0.431485	0.0132265	0.00686416	0.00612842	0.00117866	0.00262866
40	0.0396604	0.00352831	0.252776	0.438615	0.00430515	0.00859192	0.00292117	0.00958343	0.0358266	0.00676263	0.00272891	0.0181024	0.0155994	0.0780497	0.0179878	0.0365645	0.0161568	0.00915811	0.0012148	0.00186747
41	0.272802	0.0540215	0.0271796	0.0362402	0.00519293	0.0496636	0.0166812	0.0164557	0.0241949	0.0233446	0.0151538	0.0359424	0.0244969	0.0261524	0.0152331	0.228982	0.0813993	0.0411831	0.0016955	0.00398501
42	0.0288266	0.0460116	0.00317641	0.0937905	0.00243313	0.00351448	0.0343321	0.0172968	0.276084	0.0757522	0.0234542	0.00502755	0.00661471	0.00552294	0.228762	0.0083385	0.0384961	0.0903699	0.00146525	0.0107315
43	0.0529027	0.00247387	0.203595	0.460726	0.00418407	0.0061835	0.00165698	0.0105107	0.0423974	0.0058592	0.00141219	0.0110765	0.0160421	0.0889659	0.0204617	0.0421444	0.0189407	0.00821274	0.000362455	0.00189202
44	0.0585425	0.00583486	0.0116268	0.016228	0.00671781	0.0142593	0.0403761	0.012458	0.096646	0.142569	0.268979	0.113015	0.00561263	0.0518882	0.0913815	0.0182012	0.0153455	0.0228676	0.00210834	0.00534253
45	0.135647	0.0243989	0.00853196	0.0594536	0.00355697	0.185275	0.106712	0.00973699	0.0281975	0.0071846	0.0148562	0.0783311	0.0033547	0.0250183	0.0161633	0.26486	0.0130633	0.011905	0.00129193	0.00246128
46	0.0214064	0.00106602	0.00585959	0.00993363	0.0027515	0.0193725	0.00854805	0.00374829	0.489486	0.0177538	0.00522665	0.0441192	0.00694831	0.019144	0.281527	0.026457	0.0275461	0.00626209	0.000523487	0.00232028
47	0.0469941	0.00245573	0.186222	0.422099	0.00348328	0.00935138	0.00578264	0.011356	0.0438095	0.00997128	0.0035479	0.0147211	0.0347746	0.0893551	0.0246747	0.0543867	0.0215178	0.0122301	0.00151073	0.00175691
48	0.00695996	0.0115831	0.00317551	0.0232221	0.00235409	0.0777761	0.00224518	0.00593622	0.0156125	0.00678463	0.00375274	0.0347337	0.00213149	0.00517832	0.00422772	0.252949	0.527583	0.00866978	0.00327988	0.00184496
49	0.0147026	0.00430493	0.00324807	0.00908336	0.308303	0.00219481	0.024936	0.0303812	0.0154072	0.0484704	0.0128827	0.0113682	0.00636895	0.0195961	0.00422874	0.0255309	0.0167726	0.0241104	0.0423165	0.375794
50	0.00821405	0.00331643	0.00525801	0.00726827	0.199597	0.0027644	0.0133726	0.0692849	0.00665325	0.297647	0.0779419	0.015528	0.00362071	0.063708	0.00287036	0.0134565	0.0117908	0.0266854	0.00543437	0.165588
51	0.304555	0.0636451	0.0152851	0.0185731	0.00279994	0.0417355	0.0129513	0.00918583	0.0132959	0.0170001	0.0115752	0.0338207	0.0239886	0.0125399	0.00631848	0.277501	0.098856	0.0339408	0.0010296	0.00140289
52	0.0141151	0.00226769	0.00174879	0.00661684	0.323275	0.00108026	0.0190148	0.0218966	0.0141111	0.0301444	0.00953756	0.0058981	0.00494446	0.0113414	0.0012572	0.0214425	0.00970231	0.015046	0.0386559	0.447904
53	0.0826613	0.0714869	0.00241889	0.0010158	0.011651	0.00842059	0.000491364	0.259135	0.00266508	0.0662892	0.00512722	0.00109138	0.000522918	0.00136903	0.000694907	0.00775396	0.00661173	0.466732	0.00021651	0.00364496
54	0.0131115	0.0054218	0.0106824	0.0175076	0.0106059	0.0103342	0.0117668	0.0136117	0.0073089	0.326327	0.43624	0.0237793	0.0018729	0.0242423	0.0343707	0.00723048	0.00549187	0.0337321	0.00103564	0.00532704
55	0.0426285	0.00948999	0.33922	0.20719	0.00753237	0.0390921	0.011725	0.0152056	0.0383139	0.0179279	0.012724	0.0608553	0.00851286	0.0446234	0.01942	0.0635667	0.0345004	0.0192151	0.00228809	0.00596922
56	0.0503337	0.00833543	0.0179642	0.0329392	0.0188961	0.0115852	0.0191309	0.118715	0.0274284	0.133525	0.0378079	0.0163768	0.0103283	0.0617364	0.026239	0.0831721	0.18007	0.132949	0.0021479	0.010319
57	0.01006	0.00921776	0.00566991	0.0189015	0.00859496	0.0930449	0.00520654	0.00783705	0.0146066	0.0107498	0.00633166	0.216356	0.00366431	0.0129034	0.0114914	0.163996	0.380539	0.0123464	0.00237016	0.00611333
58	0.0407068	0.00315481	0.12147	0.300123	0.00185052	0.00909729	0.0119828	0.0267063	0.0929383	0.0284545	0.00254253	0.0351029	0.0177688	0.1412	0.0440371	0.0603039	0.0331297	0.0279182	0.000302914	0.00120915
59	0.0483247	0.00269347	0.19331	0.438782	0.00393719	0.00619667	0.0034398	0.0126906	0.0521963	0.00863667	0.00139153	0.0141875	0.0151788	0.100138	0.0240819	0.04177	0.019982	0.0111101	0.000303141	0.00164957
60	0.0437503	0.0058747	0.183858	0.379558	0.00549183	0.0263497	0.010209	0.0154122	0.0510085	0.0175384	0.00723987	0.0268033	0.0145859	0.0839629	0.0265247	0.0480857	0.0281287	0.0201655	0.00193322	0.00351938
61	0.0208586	0.00426614	0.0062084	0.0206636	0.00293681	0.0130721	0.0120653	0.00627388	0.419504	0.0219954	0.00698334	0.0312459	0.00582021	0.0279311	0.332589	0.0252608	0.0216949	0.0146296	0.00109676	0.00490441
62	0.163959	0.00442049	0.0770961	0.220266	0.00333511	0.0119856	0.00599117	0.0242613	0.0143114	0.0411561	0.00774833	0.0315823	0.0045853	0.0707262	0.00743479	0.147705	0.108676	0.0509829	0.00122452	0.00255295
63	0.0238936	0.00497176	0.075495	0.243914	0.00122902	0.00761262	0.0195283	0.030947	0.143386	0.0344403	0.00185394	0.0313242	0.00737169	0.187536	0.0575105	0.0415428	0.0385402	0.0478572	0.000317691	0.000728467
64	0.0288686	0.00303093	0.0213172	0.0121796	0.0103649	0.763717	0.00197049	0.00365598	0.0191938	0.00444369	0.00570093	0.0510415	0.00166768	0.0055998	0.00727305	0.0373409	0.015869	0.00560501	0.000316785	0.000842637
65	0.0168863	0.00676575	0.00183944	0.00286891	0.024589	0.00137304	0.0013755	0.555358	0.0137693	0.087266	0.0138873	0.00197203	0.00206779	0.00324409	0.00554199	0.00383694	0.00751999	0.247039	0.00184047	0.000958448
66	0.0554067	0.0194623	0.0249969	0.0461838	0.0126364	0.0416756	0.0105651	0.0318492	0.037714	0.0384032	0.0166419	0.0510995	0.0154479	0.0331484	0.0230963	0.152232	0.331418	0.0439796	0.00369088	0.0103523
67	0.0671367	0.0290207	0.00916231	0.0227621	0.0213561	0.0056557	0.00738899	0.248728	0.0175449	0.0638121	0.0213616	0.00876044	0.00667789	0.0502448	0.0303284	0.0302212	0.0863558	0.268216	0.0011714	0.00409471
68	0.0534811	0.00383234	0.181265	0.371893	0.00368998	0.0167625	0.00829029	0.0127927	0.050212	0.0128965	0.00565858	0.0260542	0.016253	0.101526	0.0229972	0.0659979	0.0297585	0.0141903	0.000737091	0.00171071
69	0.0659159	0.178202	0.00419924	0.00959423	0.0139956	0.00846335	0.00405675	0.18949	0.00967756	0.0641988	0.0129895	0.0101688	0.00542422	0.0114659	0.00589428	0.0284008	0.050671	0.294691	0.00331665	0.0291852
70	0.373192	0.0655108	0.00932935	0.0140076	0.00608756	0.257768	0.00978196	0.0145032	0.0136269	0.0274295	0.0109286	0.019404	0.00598571	0.0116535	0.00670543	0.0816839	0.023258	0.0454333	0.00145429	0.00225583
71	0.0310816	0.037771	0.00489119	0.0840798	0.00225373	0.00539313	0.033923	0.0163782	0.28816	0.0660952	0.0202167	0.00911873	0.00796862	0.0119416	0.231585	0.014224	0.0441713	0.0802803	0.00131097	0.0091558
72	0.180685	0.0296092	0.00836278	0.0716075	0.00288692	0.18195	0.0945513	0.00895917	0.0199631	0.00669742	0.0141971	0.0515434	0.00263688	0.0252653	0.0164276	0.258247	0.011395	0.0119398	0.00110642	0.00196946
73	0.0350858	0.0275617	0.0103993	0.00425982	0.202589	0.00335641	0.203878	0.00534072	0.0119749	0.0069756	0.0145616	0.0314304	0.0110158	0.0779806	0.0156556	0.0773625	0.0396406	0.00633999	0.00223149	0.21236
74	0.0183519	0.0109195	0.00305794	0.0056594	0.144382	0.00317946	0.0244221	0.194629	0.0105237	0.209272	0.0445819	0.0122548	0.00354622	0.0148852	0.00465077	0.0120018	0.0260274	0.165841	0.00543337	0.0863818
75	0.0274324	0.00388564	0.0949058	0.28146	0.00179293	0.00732747	0.0154587	0.027742	0.115551	0.0323849	0.00190442	0.0289976	0.0126834	0.163634	0.0557727	0.0511397	0.0347738	0.041642	0.000615307	0.000895308
76	0.0528321	0.0109903	0.0162252	0.0318253	0.0169216	0.0124332	0.0187412	0.0877693	0.0259973	0.138998	0.0377149	0.0185952	0.0121683	0.0580195	0.0267495	0.0907083	0.208802	0.120825	0.00283717	0.0108472
77	0.0505273	0.00576276	0.00694458	0.0358663	0.0106515	0.015736	0.201857	0.00912432	0.0231244	0.0143991	0.00909321	0.104646	0.0115326	0.147525	0.195936	0.0905992	0.0260014	0.0124037	0.00278153	0.0254886
78	0.0118956	0.00408256	0.00281105	0.00825943	0.358234	0.00184435	0.0215928	0.0563371	0.0128478	0.0573824	0.0128009	0.0120019	0.0124616	0.0221951	0.00237917	0.0204427	0.0160599	0.0338573	0.0258806	0.306634
79	0.041099	0.0211204	0.0078771	0.0325862	0.00988178	0.0151228	0.0137412	0.0757198	0.0162495	0.0606839	0.0219449	0.0209702	0.0173807	0.0328962	0.0195469	0.159295	0.304398	0.120655	0.00297242	0.00585918
80	0.00752484	0.00535684	0.000493026	0.00210933	0.0309968	0.00125902	0.0019415	0.375876	0.00541057	0.306936	0.0618511	0.000707895	0.00116746	0.00188039	0.003085	0.00162071	0.00495003	0.185496	0.000470898	0.000867588
81	0.0377114	0.0255626	0.00173756	0.0030271	0.0229048	0.00395101	0.00160621	0.350656	0.00465746	0.204472	0.0406922	0.0017305	0.00120521	0.00236148	0.00300846	0.00816953	0.0114874	0.271808	0.00102788	0.00222283
82	0.0353007	0.0079353	0.357361	0.23656	0.00572395	0.0397832	0.00991269	0.0107331	0.0396056	0.0119004	0.0108612	0.0624655	0.00836445	0.0415267	0.0155185	0.0579685	0.0259438	0.0152252	0.00261261	0.00469698
83	0.40294	0.054085	0.0189594	0.0263788	0.0116205	0.0740907	0.00905324	0.0416027	0.0198935	0.0406526	0.0165535	0.0179204	0.0142964	0.0199259	0.0125825	0.0885879	0.0446811	0.0777165	0.0015522	0.00690777
84	0.0739175	0.014097	0.0239803	0.0445935	0.0172091	0.0174441	0.029697	0.048584	0.0338651	0.0415758	0.0279554	0.0278358	0.278947	0.0343646	0.0266176	0.115778	0.0663786	0.0551509	0.00400335	0.0180052
85	0.0283706	0.00416232	0.0230628	0.0216562	0.0102427	0.552227	0.00809383	0.00732767	0.0746381	0.012817	0.0127213	0.0649667	0.00639881	0.0189592	0.0598828	0.0479696	0.0304449	0.0123532	0.00136544	0.00234034
86	0.0552165	0.0186452	0.0183768	0.0355184	0.0695201	0.0294847	0.184137	0.0251466	0.0455268	0.0329358	0.021809	0.0521984	0.0283224	0.0773233	0.0576977	0.0897504	0.0454245	0.0338697	0.0041704	0.0749267
87	0.0150829	0.000903961	0.00337132	0.00961496	0.00202705	0.0119523	0.00812508	0.00302251	0.480285	0.0162278	0.00448929	0.0334307	0.00259828	0.0205247	0.34662	0.0192313	0.0130785	0.00632755	0.000531206	0.00255601
88	0.219327	0.071508	0.024555	0.0136553	0.00230963	0.046376	0.00296019	0.00623626	0.01274	0.020601	0.0210442	0.066496	0.0160505	0.0120006	0.00598362	0.314553	0.117662	0.0237433	0.000386681	0.0018119
89	0.0140506	0.00227923	0.00183959	0.00660035	0.325375	0.00109122	0.0188456	0.0222594	0.0141549	0.0295315	0.00949826	0.00577888	0.0049506	0.0108759	0.00124765	0.0210847	0.00964316	0.0151613	0.0379335	0.447798
90	0.0299534	0.0208257	0.00120378	0.00172625	0.0189767	0.00323448	0.000692296	0.440486	0.00352552	0.102342	0.0189996	0.00105453	0.00118685	0.00184955	0.00289587	0.00368322	0.00687316	0.33725	0.00119105	0.0020498
91	0.0274057	0.00561973	0.00772836	0.0103839	0.00664903	0.00522474	0.0808088	0.0686919	0.0104049	0.0283028	0.0310343	0.0120243	0.367801	0.0111725	0.00743144	0.173388	0.0868802	0.0489444	0.0018191	0.00828473
92	0.143849	0.0229196	0.0131366	0.0679564	0.00419442	0.126875	0.105024	0.00942011	0.0228622	0.00676449	0.0138063	0.101531	0.00409724	0.0318178	0.0216514	0.270343	0.0156421	0.0131567	0.00163715	0.00331546
93	0.133166	0.0285395	0.0239205	0.0308976	0.0171612	0.0283821	0.0205765	0.0581714	0.0326314	0.119304	0.152862	0.0329487	0.019401	0.0403415	0.0303368	0.0814128	0.0633966	0.0712042	0.00291275	0.0124333
94	0.0209473	0.0124798	0.000861443	0.00216477	0.0207062	0.00187302	0.000781014	0.484696	0.00450874	0.113275	0.0224312	0.000984767	0.00130679	0.00200825	0.00386639	0.0031177	0.00779793	0.293065	0.00147646	0.00165282
95	0.116047	0.0372129	0.0163799	0.047688	0.00545999	0.111775	0.0269873	0.0215017	0.040457	0.00840266	0.0404809	0.0781718	0.0148116	0.0418142	0.0165273	0.320393	0.0205742	0.0311883	0.000927591	0.00320031
96	0.0296749	0.00395713	0.02212	0.0137191	0.0111244	0.736785	0.00336104	0.00486796	0.0215454	0.00422724	0.00572779	0.0535136	0.00256522	0.00681939	0.00732627	0.0426201	0.0186247	0.00905974	0.000401915	0.00195868
97	0.199385	0.032617	0.0122317	0.0262464	0.00898142	0.0162474	0.0122212	0.072114	0.0198119	0.0561131	0.0247064	0.0238515	0.0213853	0.0291947	0.0179064	0.156339	0.196691	0.0652071	0.00241801	0.0063313
98	0.295107	0.0887548	0.00954813	0.00263968	0.00116858	0.0255868	0.00159713	0.00494435	0.00662909	0.0187082	0.0103188	0.0303611	0.0206766	0.00276411	0.00181645	0.311425	0.132882	0.0336501	0.000525513	0.000895613
99	0.0489621	0.0135264	0.0424658	0.0868205	0.0231148	0.0161169	0.0200513	0.121694	0.0594522	0.0737596	0.0314957	0.0335164	0.0129508	0.136291	0.0394874	0.057756	0.0710283	0.0915295	0.00301873	0.0169627
100	0.379654	0.0532924	0.0236206	0.0412146	0.0098628	0.0672461	0.0125478	0.0342644	0.0208762	0.0407111	0.0154653	0.020968	0.0174006	0.0241532	0.0129037	0.0969105	0.0434024	0.078206	0.00143092	0.00586963
101	0.040324	0.00771987	0.339597	0.226182	0.00563562	0.0339007	0.0108459	0.0134576	0.0405661	0.0158815	0.010746	0.0601506	0.00963063	0.0466442	0.0181227	0.0625998	0.0319454	0.0186008	0.00194263	0.00550698
102	0.00931765	0.0167427	0.000541845	0.00100208	0.0198763	0.000826255	0.00116204	0.335961	0.0020367	0.179274	0.0599249	0.000853963	0.000517432	0.00192292	0.00169074	0.00388321	0.017503	0.341705	0.000252476	0.00500622
103	0.545777	0.0614434	0.00306227	0.00411018	0.00454647	0.210572	0.00238706	0.0131622	0.00725254	0.0341304	0.0065475	0.00401105	0.00188568	0.00451135	0.00346081	0.0288196	0.00783081	0.0540263	0.000840345	0.00162361
104	0.0737008	0.0591987	0.00258795	0.000793632	0.0106751	0.00820562	0.0004065	0.262709	0.00202291	0.0721491	0.00460755	0.000880729	0.000389512	0.000982134	0.000569661	0.00770901	0.00609324	0.482879	0.000160558	0.00327859
105	0.0699152	0.0664875	0.00207138	0.00135857	0.0132454	0.00736872	0.000899778	0.26864	0.00289885	0.0846521	0.0144781	0.00155516	0.00122457	0.00234443	0.00142048	0.0106758	0.0119089	0.433711	0.000677133	0.00446708
106	0.0216339	0.0130815	0.00469616	0.0131935	0.0209164	0.00264344	0.00291365	0.449449	0.00835551	0.119675	0.0250396	0.00328085	0.00321333	0.00746998	0.00609101	0.0106429	0.0223013	0.259776	0.00175228	0.00387443
107	0.132804	0.0258648	0.125004	0.092979	0.00418528	0.0415908	0.0135174	0.0147421	0.0400027	0.0184957	0.0131112	0.0576098	0.011261	0.0471313	0.017151	0.24527	0.0720724	0.0232948	0.00104313	0.00286903
108	0.429044	0.109388	0.00454582	0.00342646	0.00665191	0.0369113	0.00163396	0.018204	0.00652216	0.0272895	0.011225	0.0119804	0.0117161	0.00488615	0.00235806	0.152654	0.0549314	0.104818	0.000609749	0.00120363
109	0.0310188	0.00278772	0.0111133	0.0275153	0.00316648	0.0155413	0.00945535	0.00773276	0.382072	0.0192325	0.00750007	0.0365688	0.0106637	0.0419161	0.290572	0.0464065	0.0365397	0.0158696	0.00137652	0.00295151
110	0.062295	0.0045134	0.0114356	0.0341571	0.00256156	0.0303	0.00584243	0.0054591	0.351295	0.0267622	0.00966058	0.0410862	0.0270984	0.0384067	0.190758	0.0490717	0.0973373	0.00995664	0.000507325	0.00149584
111	0.0237644	0.00319277	0.0241357	0.0156394	0.0096439	0.70985	0.00369641	0.00351121	0.0249165	0.00501832	0.00705211	0.0642839	0.0019233	0.00761504	0.0117658	0.0516061	0.0244543	0.00608585	0.000563973	0.00128082
112	0.143264	0.060701	0.0663611	0.165783	0.0111718	0.0518124	0.0259528	0.0314685	0.0460874	0.0276106	0.019831	0.034578	0.0146389	0.0482066	0.0291882	0.113838	0.0438894	0.0540866	0.00240336	0.00912726
113	0.0237677	0.0376887	0.00831011	0.00792056	0.268141	0.00339585	0.114374	0.0229186	0.011682	0.0382254	0.0166839	0.018372	0.00831768	0.0429469	0.007821	0.0474261	0.0260201	0.0221189	0.0137029	0.260167
114	0.054464	0.00889651	0.109775	0.24576	0.00572127	0.0213112	0.0147609	0.0281148	0.0682128	0.0292288	0.0122653	0.0348678	0.0159442	0.0820899	0.0412244	0.0782142	0.104166	0.0379825	0.00225767	0.00474334
115	0.283152	0.0818503	0.00858046	0.00223066	0.00132458	0.019296	0.00139061	0.00470673	0.00566427	0.0206552	0.00869921	0.0274219	0.0170924	0.00257016	0.00177906	0.302486	0.181115	0.0283025	0.000638328	0.00104511
116	0.0262909	0.00337512	0.0208334	0.014519	0.0106001	0.741808	0.00309406	0.00566808	0.0217237	0.00412996	0.00580111	0.0524817	0.00177309	0.00670091	0.0094784	0.0399155	0.0204981	0.00948118	0.00055084	0.00127679
117	0.010479	0.00288682	0.00278724	0.00722513	0.324817	0.00180541	0.0274863	0.0443079	0.0121269	0.11102	0.0222886	0.0160474	0.00801537	0.0359088	0.00197564	0.0204899	0.0196866	0.0405754	0.0234462	0.266625
118	0.0147968	0.00695322	0.445884	0.299338	0.00275751	0.0240153	0.00648062	0.00563114	0.0252924	0.00851924	0.00769184	0.0578988	0.00685848	0.0164227	0.00896515	0.0295317	0.0144259	0.0119861	0.00372386	0.00282752
119	0.0140165	0.00107178	0.0018167	0.00934585	0.00134234	0.00619183	0.0066235	0.0027282	0.422511	0.0194624	0.00379725	0.0205012	0.00125603	0.0266642	0.432305	0.0134041	0.00690332	0.00615375	0.00114964	0.0027555
120	0.0259184	0.00506511	0.25474	0.180229	0.00533986	0.269184	0.00703572	0.00702869	0.0327136	0.00945622	0.00843681	0.0603006	0.00666442	0.0278658	0.0109603	0.0463343	0.0244255	0.0130491	0.00254973	0.00270205
121	0.0393257	0.00633365	0.0234509	0.0187014	0.00944624	0.695866	0.00619599	0.00348533	0.0202999	0.00450641	0.00701089	0.0513797	0.00276714	0.00912892	0.00833117	0.0601764	0.0255159	0.00684963	0.000414237	0.000814864
122	0.0526843	0.00982871	0.0559459	0.0782024	0.0197796	0.0399761	0.056652	0.0236222	0.0659035	0.0302864	0.0257271	0.123344	0.0135548	0.155639	0.0482776	0.0896033	0.0571332	0.0280673	0.00341196	0.0223603
123	0.0456384	0.0166177	0.0138265	0.0234769	0.0153463	0.0269487	0.0120409	0.030832	0.0355301	0.0432838	0.014799	0.0639015	0.0112579	0.0399383	0.0253845	0.186801	0.310886	0.0412737	0.0277599	0.0144572
124	0.0430157	0.00578681	0.0419692	0.111185	0.00809217	0.0169696	0.0239242	0.0507727	0.121998	0.0438171	0.0148818	0.040706	0.014703	0.132304	0.101137	0.0833851	0.0869663	0.0495171	0.00174035	0.00712786
125	0.0429045	0.00880957	0.126524	0.284534	0.00435818	0.0192823	0.0122952	0.0207053	0.119537	0.025052	0.00786066	0.0318959	0.0185141	0.0907563	0.0624265	0.0497941	0.0385987	0.0317389	0.0011283	0.00328391
126	0.0433588	0.0178684	0.0155458	0.0519584	0.0143377	0.0133008	0.112145	0.0313491	0.100748	0.109269	0.0562633	0.04239	0.0115039	0.0627371	0.13708	0.0479833	0.0525523	0.057475	0.00362987	0.0185036
127	0.374783	0.0565282	0.0114053	0.0142071	0.00631708	0.0605474	0.00663579	0.0266523	0.0144083	0.0388006	0.0331727	0.0214587	0.00865361	0.0167656	0.0105607	0.133727	0.0730048	0.0871805	0.00120827	0.00398295
128	0.0116544	0.00326782	0.0112408	0.0259882	0.00367032	0.0115971	0.0194301	0.00699615	0.00710421	0.314198	0.376399	0.0256915	0.00212586	0.0328368	0.0507665	0.00863822	0.0066471	0.0755569	0.00116647	0.0050248
129	0.0427793	0.0116722	0.104815	0.0899933	0.0205151	0.0176452	0.0196763	0.062033	0.0333573	0.200443	0.0832034	0.0315109	0.0108188	0.0585276	0.0257677	0.0558244	0.0548808	0.0575136	0.0041801	0.0148434
130	0.103114	0.0581965	0.00236034	0.00174434	0.010851	0.00973844	0.000576989	0.262167	0.00288488	0.0682066	0.00565874	0.00117725	0.000819357	0.00255888	0.00106245	0.010425	0.00913562	0.4459	0.000395932	0.00302657
131	0.0169897	0.00555116	0.00578274	0.0164887	0.00433322	0.0110971	0.0102815	0.00665246	0.432392	0.0211859	0.0150291	0.0299859	0.0038861	0.0171543	0.322897	0.0311476	0.0198794	0.0185081	0.000949341	0.00980835
132	0.0728487	0.00921524	0.0251655	0.0313205	0.0096218	0.0405925	0.0118711	0.0205942	0.0463738	0.0269426	0.0418389	0.150118	0.0148323	0.0432673	0.0647167	0.170353	0.156909	0.0522728	0.00429643	0.0068495
133	0.0841964	0.0350094	0.0142847	0.0285804	0.0381646	0.013414	0.0167262	0.083686	0.0236801	0.135543	0.0316772	0.0694197	0.00961343	0.0642984	0.0237094	0.0605656	0.192216	0.0608212	0.00326432	0.0111292
134	0.0217199	0.00231385	0.0199624	0.0124537	0.0188007	0.742495	0.00423797	0.0038939	0.0183702	0.00673268	0.00796979	0.0541137	0.00248565	0.00794008	0.00814034	0.0388592	0.01848	0.00599772	0.000415436	0.00461753
135	0.0143147	0.00431104	0.000553489	0.00187971	0.0212933	0.0010193	0.000584552	0.572392	0.00449132	0.0806896	0.0121081	0.000810147	0.00174354	0.00138566	0.00398803	0.00164946	0.00496156	0.269128	0.0020108	0.000685484
136	0.0923954	0.00425739	0.0398995	0.0135169	0.011256	0.00876034	0.0495633	0.021784	0.171458	0.00940758	0.00802028	0.0844372	0.0062041	0.069163	0.124925	0.187813	0.0507129	0.0412782	0.0024608	0.00268789
137	0.0498766	0.00749058	0.00537019	0.00847884	0.0474403	0.00652626	0.206335	0.00658201	0.0448511	0.00846226	0.0171464	0.0639442	0.0292181	0.142007	0.087144	0.052684	0.0563761	0.00770183	0.00133885	0.151026
138	0.0137419	0.0117375	0.00184373	0.0038857	0.0494034	0.00269462	0.00147238	0.131563	0.00315463	0.56472	0.162718	0.0016138	0.00077617	0.0020778	0.00199986	0.00344882	0.00221046	0.0391108	0.000390575	0.00143717
139	0.0121141	0.00154011	0.000500088	0.00184916	0.0181367	0.000659366	0.000503544	0.591514	0.00435269	0.0795838	0.0107773	0.000809805	0.00185695	0.00124907	0.00369161	0.00126983	0.00394765	0.263082	0.0021882	0.000374379
140	0.0777759	0.0674234	0.00239448	0.000866522	0.0124391	0.0081038	0.00046558	0.264601	0.00225915	0.0698867	0.00659309	0.000972713	0.000456292	0.00121259	0.000662264	0.00746931	0.00677784	0.46572	0.00018676	0.00373336
141	0.101323	0.0564785	0.00249173	0.00165475	0.0198376	0.00906771	0.00125816	0.22273	0.0034335	0.082842	0.00718428	0.00211145	0.00142298	0.00261641	0.0015852	0.0120413	0.0151209	0.450572	0.00054809	0.00567986
142	0.0118383	0.0015517	0.000525118	0.00189785	0.017608	0.000676794	0.000516705	0.595245	0.00437242	0.0771982	0.0108192	0.000839634	0.00184468	0.00125837	0.00364942	0.00127011	0.00380137	0.262317	0.00239259	0.000377899
143	0.0639261	0.0154289	0.0388194	0.0401356	0.00804724	0.0488396	0.0113852	0.0135975	0.0473569	0.0185155	0.013635	0.142077	0.0159014	0.0477355	0.0300727	0.196788	0.212385	0.0247104	0.00538562	0.00525726
144	0.0315617	0.00831388	0.0175976	0.0370571	0.00478458	0.0204395	0.0141929	0.00966759	0.413504	0.0267438	0.00897035	0.0420284	0.0120043	0.028637	0.224101	0.0393038	0.0353719	0.0199441	0.00131305	0.00446343
145	0.0270123	0.00925541	0.00878682	0.0197162	0.0305852	0.00881146	0.0112305	0.202091	0.0395479	0.260308	0.111171	0.013346	0.00715	0.0215975	0.0268602	0.028665	0.0480219	0.112277	0.00139179	0.0121744
146	0.0410831	0.00715329	0.340292	0.221116	0.00767864	0.0420097	0.00890273	0.0137816	0.0451844	0.014465	0.0096409	0.0596335	0.00811179	0.0452342	0.0195585	0.0595835	0.0305748	0.0178581	0.00178408	0.00635394
147	0.0185229	0.0089109	0.382145	0.388799	0.00335754	0.0183434	0.00520378	0.00572958	0.0191472	0.007303	0.00671574	0.0387906	0.00956834	0.0296859	0.00874335	0.0217157	0.0104064	0.0112383	0.00365172	0.00202148
148	0.0241935	0.00422653	0.00699136	0.00931499	0.0066216	0.00359321	0.0701132	0.082442	0.009074	0.0310658	0.0368919	0.00642476	0.371944	0.00704639	0.00458391	0.175662	0.0854766	0.0570359	0.00124346	0.00605415
149	0.00894992	0.0172872	0.00377954	0.0276915	0.00214387	0.0565481	0.00237698	0.00669126	0.0154271	0.00678613	0.003689	0.0335555	0.00352548	0.0055827	0.00443181	0.227098	0.559854	0.00961917	0.00329027	0.00167226
150	0.111491	0.087783	0.00265744	0.00551068	0.0111752	0.00828517	0.00135827	0.213859	0.0117666	0.0604142	0.00870859	0.0031599	0.00205474	0.0089555	0.00428574	0.020249	0.023158	0.408827	0.00122979	0.00507059
151	0.05291	0.017722	0.0691161	0.136464	0.00444364	0.0745988	0.00399253	0.0226339	0.137471	0.0217709	0.0206494	0.247998	0.00236469	0.121315	0.00585129	0.0254014	0.00971015	0.0221059	0.000963346	0.00251721
152	0.015201	0.00391056	0.00338098	0.0097713	0.287661	0.00253801	0.0240976	0.0321145	0.0157011	0.0748453	0.0172438	0.0136795	0.0069367	0.0230252	0.004712	0.0254392	0.0190767	0.0284808	0.039954	0.352231
153	0.0524076	0.0177931	0.334757	0.107956	0.00250956	0.0245017	0.00372761	0.00746386	0.0297574	0.00548946	0.00610625	0.063844	0.00254271	0.0226746	0.00787743	0.284605	0.0135156	0.0082727	0.000768087	0.00343059
154	0.0195458	0.00522303	0.0605364	0.227967	0.00119992	0.0068743	0.0214545	0.0334816	0.157058	0.0386141	0.00167208	0.0323847	0.00583338	0.19653	0.0585153	0.0403939	0.0375008	0.0541258	0.000358503	0.000731223
155	0.115676	0.00240789	0.176291	0.293918	0.0021703	0.0217436	0.00690914	0.00832322	0.0711345	0.00635821	0.00287338	0.0252869	0.0142992	0.0839942	0.0211534	0.0976059	0.0399172	0.00794395	0.000431785	0.00156207
156	0.0310899	0.00905611	0.0129636	0.0381381	0.00706704	0.0267932	0.0288845	0.0180876	0.293958	0.0336513	0.0163387	0.0377504	0.0121976	0.0395124	0.271832	0.0430433	0.0362472	0.0321664	0.00167445	0.00954799
157	0.0141935	0.00228572	0.00176448	0.00651673	0.323541	0.00107143	0.0187495	0.0216293	0.0142019	0.0290127	0.00950722	0.00562397	0.00472776	0.0107858	0.00124513	0.0212037	0.00941373	0.0146426	0.0384103	0.451474
158	0.0187774	0.00429934	0.434469	0.19376	0.00190485	0.0203596	0.00569517	0.00622411	0.0583238	0.00752979	0.00825573	0.108206	0.00173456	0.0192203	0.0184138	0.0486782	0.0276336	0.012788	0.000560609	0.00316646
159	0.0521287	0.00941843	0.123271	0.191043	0.00365935	0.0226007	0.0773664	0.0190061	0.0266238	0.0729561	0.0347269	0.0308477	0.00574118	0.186212	0.01897	0.0685246	0.0344127	0.0181851	0.00184239	0.00246409
160	0.0585101	0.0799905	0.00233016	0.00294866	0.0128012	0.00606204	0.00101641	0.378937	0.00451328	0.0643641	0.0112681	0.00265168	0.00114092	0.00344293	0.00251236	0.0078634	0.00963356	0.342848	0.00115	0.00601599
161	0.0978898	0.00814396	0.113657	0.105297	0.00113937	0.100123	0.0134518	0.00661601	0.0485913	0.00303769	0.00840645	0.104939	0.00575858	0.0648761	0.0160874	0.183303	0.0949081	0.0227537	0.000244256	0.000777738
162	0.0203989	0.00111957	0.00658071	0.00974629	0.00381572	0.0301958	0.00869775	0.00615401	0.488951	0.018339	0.00702832	0.0588338	0.00698504	0.0207134	0.245972	0.0317254	0.0255329	0.00611115	0.000601778	0.00249733
163	0.00627219	0.00781493	0.00051056	0.00194366	0.0284079	0.00110476	0.00259005	0.340288	0.00461599	0.317325	0.0702946	0.00074056	0.000945787	0.00204148	0.00241431	0.00193066	0.006837	0.202042	0.000290424	0.00159041
164	0.0647359	0.00558022	0.0224458	0.0490669	0.017928	0.0174069	0.0244652	0.0995826	0.039294	0.114292	0.0455077	0.0192866	0.0129584	0.0568631	0.0404141	0.089312	0.172674	0.0890833	0.00243673	0.0166665
165	0.0719416	0.0065524	0.0205482	0.0492874	0.0150702	0.0161726	0.0202122	0.0799867	0.0457463	0.110921	0.0472669	0.0298566	0.0679668	0.0552859	0.0351698	0.0836698	0.140653	0.0888792	0.002104	0.012709
166	0.0133052	0.00233911	0.00195199	0.00705718	0.319884	0.000900935	0.0237133	0.0261669	0.0146139	0.0456021	0.0119325	0.008497	0.00556618	0.015496	0.0011755	0.0224922	0.0123581	0.0209059	0.0350077	0.411035
167	0.0163159	0.0132878	0.00182364	0.00374457	0.0264243	0.00206441	0.00253804	0.331076	0.00475851	0.263161	0.0614578	0.00199912	0.00145188	0.00317499	0.00379271	0.00687299	0.0130955	0.238832	0.000689716	0.00343846
168	0.0143764	0.00122216	0.00254021	0.0116905	0.00159119	0.00991483	0.00758269	0.00290194	0.46795	0.0177461	0.00373768	0.0291823	0.00179688	0.0225677	0.368944	0.0157678	0.0104424	0.00714855	0.000620904	0.00227543
169	0.0840543	0.10547	0.00291423	0.00462471	0.00661762	0.00355605	0.0042921	0.130456	0.00966302	0.162121	0.028178	0.0172602	0.005759	0.0102603	0.00384631	0.0831557	0.102434	0.217926	0.0128436	0.00456652
170	0.0411319	0.00480889	0.0325236	0.0405441	0.00872485	0.488243	0.00638298	0.00825759	0.0680746	0.0131206	0.0105053	0.0580571	0.00981214	0.042975	0.0355857	0.0592094	0.0551867	0.0142075	0.000759299	0.00189007
171	0.0142047	0.00225831	0.0017772	0.0065287	0.323457	0.00107099	0.0188593	0.02177	0.014235	0.0293198	0.00953161	0.00566712	0.00473528	0.0108346	0.0012389	0.021233	0.00948169	0.0147542	0.038377	0.450666
172	0.0875518	0.00536452	0.0648485	0.0178694	0.0279113	0.0139577	0.0189927	0.068171	0.156684	0.0151474	0.0117944	0.101924	0.00841116	0.0639438	0.073416	0.150079	0.0315214	0.0766722	0.00209001	0.00364985
173	0.0424845	0.00514909	0.0229173	0.0375796	0.02093	0.0100959	0.0356595	0.116322	0.0312766	0.0810194	0.0410763	0.0132505	0.107659	0.0342949	0.0221888	0.0982754	0.142661	0.116976	0.00183212	0.018351
174	0.081836	0.0058518	0.0130344	0.0486363	0.00200577	0.0370131	0.00321848	0.00520253	0.288113	0.0321883	0.0120797	0.045708	0.0406671	0.0432336	0.147675	0.0627704	0.118315	0.0110787	0.000397156	0.000975334
175	0.0740975	0.0595324	0.00259618	0.000802635	0.0106448	0.00823771	0.000404485	0.262628	0.00203726	0.0715957	0.00438888	0.000867395	0.000389736	0.000984153	0.000567882	0.00773829	0.00605337	0.483018	0.000160579	0.00325469
176	0.222726	0.075883	0.0415032	0.0147193	0.00183343	0.033652	0.00472958	0.00588145	0.0109868	0.0167046	0.0152237	0.0505019	0.0148227	0.0102914	0.00478568	0.34817	0.10299	0.0224474	0.00068411	0.00146299
177	0.143537	0.0132785	0.0153008	0.0105599	0.00780404	0.662592	0.00299279	0.00300654	0.0189704	0.0083958	0.00512199	0.0361341	0.00113344	0.00421352	0.00564973	0.0383222	0.0129479	0.00847264	0.000595968	0.000970648
178	0.00708448	0.00299534	0.00410628	0.00600529	0.208207	0.00275712	0.0113721	0.0644931	0.00675697	0.307805	0.0679614	0.0151827	0.00385434	0.0778877	0.00290265	0.0115316	0.0113866	0.0220536	0.00557975	0.160077
179	0.0626776	0.00613397	0.0208727	0.0438417	0.01732	0.0179237	0.0275182	0.0896537	0.0334021	0.122844	0.0463916	0.0235659	0.0135631	0.0589243	0.0392015	0.0933839	0.177346	0.086197	0.00221934	0.0170203
180	0.0180232	0.00151856	0.0206752	0.0109152	0.0115726	0.789056	0.0010145	0.0021247	0.0185026	0.0020784	0.00630032	0.0499848	0.000980978	0.00411432	0.00593418	0.0346881	0.0175899	0.00400554	0.000273157	0.000647487
181	0.0748204	0.00640528	0.0262367	0.0583243	0.018942	0.0189621	0.0314276	0.092378	0.0380059	0.115426	0.0445589	0.0182879	0.0111551	0.0619102	0.0425333	0.088648	0.15012	0.080651	0.00278884	0.0184185
182	0.0154087	0.00615989	0.00733631	0.010818	0.0475398	0.136572	0.00774366	0.0110204	0.0127112	0.0379298	0.0106776	0.534954	0.00491507	0.0435782	0.0126057	0.0288231	0.0251791	0.0123903	0.00181363	0.0318231
183	0.00550928	0.00902218	0.000454642	0.00181331	0.0263742	0.000957311	0.00211387	0.331338	0.00402614	0.309419	0.0733798	0.000729313	0.000738111	0.00197501	0.00215987	0.00205122	0.00792247	0.217884	0.000181385	0.00195014
184	0.216288	0.0901285	0.00732648	0.00365557	0.00131979	0.0214547	0.0020747	0.00376115	0.00843429	0.0152475	0.00738156	0.027018	0.0630838	0.00365203	0.00213696	0.347862	0.150291	0.0272635	0.000715892	0.000904748
185	0.0110578	0.00923046	0.00235564	0.00392491	0.10828	0.00255034	0.00289263	0.0812727	0.00320079	0.536178	0.126931	0.0059786	0.00139517	0.0262554	0.00191938	0.00514607	0.00392927	0.0205069	0.000961442	0.046033
186	0.00913798	0.00733638	0.000750146	0.00357779	0.0435328	0.00248417	0.00192082	0.254467	0.00511467	0.473946	0.0963481	0.00101154	0.000992937	0.0020178	0.00246852	0.00186781	0.00193113	0.0903902	0.000242797	0.000460772
187	0.102709	0.00361548	0.148289	0.224353	0.00122856	0.0431796	0.0105913	0.00735184	0.056321	0.0067063	0.00390452	0.0523471	0.0182736	0.0845344	0.0178456	0.145252	0.0591734	0.0129599	0.000272993	0.0010919
188	0.0178617	0.00342499	0.00282905	0.00496244	0.226223	0.00301194	0.075462	0.0520157	0.0162322	0.187673	0.0236663	0.0286768	0.0038976	0.0158551	0.00293117	0.0108312	0.0504134	0.0964901	0.00605167	0.171491
189	0.0121965	0.0106601	0.00134662	0.00363565	0.0554783	0.00256685	0.00134689	0.147857	0.00354236	0.562505	0.138653	0.00166132	0.000729922	0.0036807	0.00192661	0.00262409	0.00215308	0.043228	0.000351767	0.00385622
190	0.0233424	0.00441235	0.441846	0.194274	0.00189598	0.0227217	0.00536263	0.00617561	0.0475836	0.00642415	0.00665458	0.100656	0.00184756	0.0198319	0.0164211	0.0562626	0.029972	0.0105984	0.000488652	0.00322931
191	0.0975188	0.00820003	0.112556	0.105909	0.0011454	0.100431	0.0134552	0.00657113	0.0482901	0.00302076	0.0084389	0.105756	0.00568819	0.0647465	0.0160842	0.183199	0.0951456	0.0228152	0.000242354	0.000786167
192	0.0128556	0.00259087	0.000513295	0.00179334	0.0179609	0.000790532	0.000510827	0.580094	0.00419678	0.083137	0.0115577	0.000797189	0.00177928	0.00123607	0.00359064	0.00135494	0.004023	0.268704	0.00209047	0.000423131
