490	20
1	0.125541	0.0127018	0.00087346	0.000424053	0.0418836	0.0184728	0.000258821	0.253495	0.000229271	0.25006	0.0361919	0.00064493	0.00109796	0.00223036	0.000323136	0.0189937	0.0226975	0.210282	0.00163599	0.00196289
2	0.375187	0.0105772	0.000933445	0.000537022	0.0567177	0.22957	0.000618339	0.0519209	0.00038929	0.0574939	0.0224969	0.0013305	0.00392615	0.000759264	0.000532121	0.0532806	0.0317061	0.0848297	0.00156681	0.0156271
3	0.0484563	0.000151809	0.00013686	0.000152655	0.0346302	0.00459441	0.000163245	0.348967	0.00048207	0.159885	0.040551	0.000920041	0.00150647	0.00242333	0.00151744	0.00257161	0.0131942	0.330688	0.0048271	0.00418063
4	0.0573646	0.00257299	0.000967259	0.000219412	0.0344707	0.00682528	0.000231601	0.291362	0.000296644	0.220974	0.0472652	0.000908517	0.00151322	0.00242805	0.000896661	0.00295222	0.0142938	0.308275	0.00320946	0.00297389
5	0.359905	0.00634034	0.000888507	0.000658875	0.0636416	0.250753	0.000788708	0.0439601	0.000486499	0.0481582	0.0254852	0.00171607	0.0064983	0.000913197	0.000622095	0.056221	0.0248487	0.0895731	0.00127817	0.0172633
6	0.162701	0.00236537	0.00242231	0.00213613	0.0407349	0.134431	0.0164513	0.057338	0.0165061	0.33618	0.0212635	0.0026342	0.0026398	0.00262906	0.00187277	0.0260872	0.0713473	0.0787218	0.017268	0.0042697
7	0.0147833	0.0006736	0.000239858	0.000191745	0.0319854	0.00261496	0.00124136	0.415623	0.000214299	0.302442	0.0593637	0.000675612	0.000588072	0.000400728	0.000310915	0.00134385	0.00776947	0.15838	0.000334272	0.000824005
8	0.157461	0.0111157	0.003819	0.00736325	0.0631984	0.0544914	0.00129261	0.0646494	0.00332294	0.0904699	0.0534491	0.0202517	0.00821805	0.00366447	0.00336269	0.127631	0.237253	0.0718542	0.0048485	0.0122835
9	0.0332058	0.0181294	0.00534703	0.00215501	0.00827743	0.00227747	0.0155941	0.0424967	0.357746	0.0383128	0.00830228	0.0236737	0.00164435	0.0196083	0.267952	0.00628563	0.0406086	0.0287778	0.0320718	0.0475336
10	0.0209979	0.0135535	0.00119463	0.00131033	0.219166	0.00332	0.0423677	0.0411607	0.0222497	0.152168	0.0610097	0.0167695	0.00398735	0.00573804	0.00145582	0.0214154	0.0627788	0.00777902	0.00162692	0.299951
11	0.00885308	0.00132292	0.0218239	0.0149907	0.00720377	0.0511931	0.00416943	0.00273435	0.460498	0.0102561	0.00167308	0.0284423	0.00083106	0.0438614	0.305334	0.00942515	0.0111001	0.00566527	0.00137433	0.00924748
12	0.0622887	0.00434312	0.020529	0.0248935	0.041201	0.00595729	0.0291614	0.0260034	0.200014	0.176192	0.00989629	0.00480693	0.00316739	0.048574	0.178203	0.0274458	0.0152103	0.0410925	0.0306603	0.0503606
13	0.0442737	0.00652228	0.00691589	0.00834401	0.0376257	0.00707093	0.0144249	0.0866014	0.167336	0.165389	0.0305704	0.00846345	0.00369316	0.0286233	0.121728	0.0187281	0.0282344	0.0892874	0.0997661	0.0264016
14	0.0435652	0.00331014	0.169174	0.292377	0.0130525	0.0317125	0.0405756	0.016336	0.0386191	0.0142585	0.00312251	0.121645	0.0129062	0.0328366	0.02966	0.0443269	0.00532629	0.0471612	0.00242063	0.0376142
15	0.0439236	0.00127812	0.00101194	0.00439004	0.0823567	0.0120071	0.00156278	0.049391	0.00131703	0.0723052	0.00507617	0.0026476	0.00161913	0.00154865	0.00183681	0.00474006	0.00550754	0.0262487	0.451477	0.229754
16	0.012693	0.00390505	0.00053963	0.000633353	0.145396	0.0108672	0.000783012	0.18118	0.000671324	0.483247	0.0519502	0.00104468	0.000933084	0.00125343	0.000696391	0.0121629	0.00866347	0.0647596	0.00533374	0.0132862
17	0.0287337	0.0511503	0.0037161	0.00293014	0.107262	0.0288183	0.00354787	0.0135778	0.0269582	0.0589556	0.0237271	0.0295229	0.00377129	0.0055508	0.0450751	0.08444	0.371965	0.0510287	0.0037348	0.0555342
18	0.0448193	0.000908646	0.000535253	0.000669252	0.00168188	0.00598116	0.000535945	0.00508453	0.000492518	0.00412474	0.00240365	0.0165768	0.000728156	0.00116732	0.00722898	0.290221	0.613046	0.00223995	0.000584587	0.000970137
19	0.0321094	0.00114909	0.000793311	0.000962809	0.034139	0.0092598	0.000952947	0.310329	0.00140187	0.169508	0.0188235	0.00176242	0.00251165	0.00290409	0.00176814	0.0126892	0.119541	0.264199	0.00279067	0.0124058
20	0.0168791	0.00363102	0.271968	0.014213	0.00298334	0.0340578	0.0233109	0.00922944	0.00157877	0.0109654	0.00373614	0.440357	0.0170772	0.0194779	0.00120423	0.0922429	0.0152498	0.00597805	0.000767573	0.0150919
21	0.0988506	0.00423562	0.00731087	0.0148818	0.00957581	0.0343018	0.270254	0.00899102	0.023619	0.0157184	0.00786885	0.0192835	0.341553	0.0260171	0.00968248	0.0512928	0.0274125	0.0195617	0.00256136	0.00702773
22	0.0552474	0.00424158	0.0226227	0.0423314	0.0179806	0.0265031	0.0807148	0.0207409	0.213433	0.0249246	0.0112389	0.0356145	0.0991614	0.0419942	0.0792891	0.102711	0.0615181	0.0311114	0.00563786	0.0229827
23	0.0173192	0.00337199	0.0398225	0.0114876	0.00441114	0.0157494	0.00597422	0.00630845	0.348498	0.0104365	0.00206641	0.0237762	0.00100041	0.0381875	0.406029	0.011357	0.018613	0.0151195	0.00557638	0.0148952
24	0.0129506	0.000434762	0.000218471	0.000273974	0.0277293	0.0022349	0.00128105	0.453739	0.000246818	0.289089	0.0546804	0.000747656	0.000790753	0.000467944	0.000359344	0.00154574	0.00778941	0.144493	0.000215411	0.000712948
25	0.0913668	0.00809341	0.00135139	0.00137551	0.00896813	0.796228	0.00242955	0.00562713	0.000300361	0.0025259	0.00159285	0.00886363	0.000538017	0.00150883	0.00217475	0.0556886	0.00329358	0.00560643	0.00033984	0.002127
26	0.0567617	0.00401059	0.00174421	0.00283726	0.0718012	0.00240608	0.00127885	0.225806	0.0155485	0.173038	0.0702339	0.00887881	0.000765634	0.0256363	0.0177747	0.0122501	0.0429419	0.222163	0.0210469	0.0230763
27	0.0115661	0.0183378	0.00145066	0.0120193	0.0336757	0.00797706	0.00635948	0.022676	0.00278214	0.265301	0.529678	0.00207723	0.00123338	0.0311878	0.0160277	0.0038118	0.00450624	0.0223082	0.0026695	0.00435501
28	0.0138982	0.00208233	0.00178974	0.0117039	0.154546	0.0041828	0.0448303	0.0120938	0.00412553	0.0172194	0.00950826	0.00252582	0.00156411	0.0074622	0.00788535	0.0115898	0.00599345	0.0153316	0.0317614	0.639906
29	0.0694162	0.0137843	0.00126203	0.000404339	0.0601864	0.0199292	0.000679783	0.233027	0.000205046	0.288638	0.0764223	0.000973	0.00105418	0.00182788	0.000259497	0.0167981	0.0260768	0.182641	0.000718654	0.00569647
30	0.0541574	0.000499321	0.0001355	0.000169341	0.0346372	0.00541008	0.000179483	0.356475	0.000521802	0.155602	0.036964	0.000840291	0.00158341	0.0024834	0.00149039	0.00348528	0.0131115	0.321703	0.00609525	0.00445667
31	0.129112	0.0241857	0.00225732	0.00401446	0.0587595	0.03103	0.00115783	0.0749015	0.000905219	0.20435	0.0515899	0.00329948	0.00184744	0.00233537	0.00208371	0.130978	0.136872	0.0999871	0.00864202	0.0316921
32	0.29777	0.00145498	0.000593802	0.000919048	0.00241884	0.321274	0.00281034	0.0153783	0.000563927	0.00301594	0.00914965	0.00179511	0.00131522	0.000842839	0.000707533	0.27071	0.0398808	0.0278797	0.000549215	0.000970786
33	0.0195842	0.00926223	0.000433595	0.000250868	0.158237	0.00816839	0.000764786	0.202719	0.000250817	0.355925	0.0766409	0.000536207	0.000523006	0.000458585	0.000246409	0.0121793	0.0143506	0.114162	0.0057728	0.0195344
34	0.0317802	0.000506691	0.000382396	0.000558007	0.0538175	0.0173592	0.000394802	0.38397	0.000422848	0.0825959	0.00327447	0.000584757	0.0029191	0.00110083	0.000480554	0.0204776	0.0858132	0.309596	0.000277917	0.00368736
35	0.192691	0.00403196	0.00450809	0.003681	0.0985181	0.0209611	0.00427472	0.0344834	0.00258955	0.0476863	0.344381	0.0325073	0.00633406	0.014006	0.00328167	0.0656339	0.0197865	0.026317	0.0674729	0.00685467
36	0.0272561	0.0010945	0.000874076	0.000616785	0.381465	0.00862061	0.000888109	0.0526823	0.000711977	0.334389	0.0997375	0.00132523	0.00440311	0.000932998	0.000663404	0.00453738	0.00380812	0.0218462	0.023923	0.0302244
37	0.0218252	0.0104561	0.000371506	0.000589405	0.1694	0.00852939	0.000749906	0.200882	0.000254524	0.342373	0.0735321	0.000520098	0.000825505	0.000469298	0.000354368	0.0109487	0.0129776	0.119287	0.00586051	0.0197952
38	0.0620784	0.00511961	0.00159675	0.00264203	0.0835878	0.00115133	0.000857573	0.193931	0.0158201	0.180927	0.0834437	0.0097084	0.000393124	0.0255372	0.0197342	0.0139034	0.0422559	0.198381	0.0285691	0.0303623
39	0.100549	0.00806465	0.00166919	0.0015202	0.00861348	0.780629	0.00285988	0.00557785	0.000271803	0.00263448	0.00169726	0.00907066	0.00109398	0.00148887	0.00218951	0.059559	0.00395852	0.00580026	0.000445202	0.0023072
40	0.211772	0.00800544	0.00376299	0.00410782	0.0837184	0.237669	0.00350907	0.044007	0.0024296	0.0407853	0.0239818	0.00762781	0.0134454	0.00485705	0.00313103	0.115135	0.0418027	0.135209	0.00438769	0.0106552
41	0.126539	0.0100749	0.000769679	0.00126268	0.0414814	0.0264365	0.000523273	0.24511	0.00050988	0.126944	0.0515064	0.00550952	0.00221092	0.00175959	0.00110262	0.0838174	0.0742159	0.192041	0.00338361	0.00480089
42	0.0912555	0.00513777	0.0822655	0.0456788	0.0625678	0.013573	0.0101743	0.0340508	0.0199863	0.186874	0.171744	0.0505101	0.00474256	0.0219731	0.0133381	0.050445	0.0503842	0.0376928	0.00497964	0.0426274
43	0.37632	0.00599963	0.00153912	0.00182498	0.0277702	0.30575	0.00187188	0.0245427	0.000771822	0.0247542	0.0141889	0.00328181	0.00521137	0.00139153	0.0012533	0.116383	0.0205162	0.0575165	0.00158584	0.00752731
44	0.0863097	0.00838961	0.00564961	0.00084296	0.0318201	0.0159249	0.000448955	0.111092	0.000392695	0.403306	0.069062	0.000706394	0.00198977	0.00504303	0.000443286	0.00427742	0.0216145	0.229348	0.000349756	0.00298886
45	0.0260633	0.00435913	0.000525271	0.000703998	0.0712877	0.0151927	0.000846083	0.081062	0.000670143	0.527096	0.173268	0.00368981	0.0131589	0.00255576	0.000729294	0.00817694	0.00630762	0.0499177	0.00194523	0.0124439
46	0.0171134	0.000469957	0.000248613	0.000233394	0.0312504	0.00276202	0.00114278	0.395193	0.000759677	0.282261	0.0861133	0.000820416	0.000785768	0.00067828	0.000552036	0.00166398	0.00816279	0.167665	0.000809755	0.00131506
47	0.0177241	0.00457719	0.0269287	0.0124715	0.00840837	0.0289493	0.00854076	0.00972019	0.350985	0.0159318	0.00339233	0.0234897	0.0021327	0.0398175	0.375873	0.0121779	0.0219851	0.0121934	0.00768035	0.0170216
48	0.148825	0.0025816	0.00825828	0.00425562	0.013997	0.0579954	0.00120397	0.096219	0.000846757	0.211581	0.0367283	0.00213625	0.00343497	0.00149217	0.000617232	0.10443	0.248805	0.0434043	0.00100579	0.0121824
49	0.0356256	0.0054136	0.00818268	0.100647	0.0179915	0.0172733	0.223941	0.0231084	0.0135277	0.0275141	0.0122435	0.0175072	0.0116414	0.283105	0.0223344	0.0303233	0.0680867	0.0612341	0.00467354	0.015626
50	0.0318611	0.00530952	0.0083861	0.00846832	0.0308863	0.0098152	0.0512404	0.0812425	0.00653372	0.375989	0.0339944	0.0142979	0.00535287	0.166933	0.00995615	0.0192963	0.0679497	0.0519701	0.00527382	0.0152436
51	0.287991	0.0186222	0.000713606	0.00123334	0.0653206	0.0162836	0.000734682	0.0690127	0.000746314	0.0641029	0.0612585	0.00322982	0.00169454	0.00284872	0.00669879	0.107653	0.117704	0.130428	0.0220523	0.0216716
52	0.0639181	0.00586163	0.00163757	0.00268917	0.0852062	0.00091056	0.000886306	0.185113	0.0158616	0.182015	0.0877031	0.0104203	0.000378671	0.0259593	0.0207004	0.0144654	0.0432036	0.189988	0.0299644	0.033118
53	0.0207633	0.00580205	0.120639	0.0235697	0.00327245	0.0816018	0.0228171	0.0116215	0.0123431	0.014084	0.0109744	0.172034	0.0543364	0.0193455	0.0115631	0.336452	0.0630588	0.0118261	0.00112525	0.00277086
54	0.180432	0.0010203	0.00947231	0.0251688	0.00484277	0.100411	0.0162033	0.00303959	0.0212069	0.00530777	0.00616649	0.0259279	0.410374	0.0105333	0.0112749	0.125519	0.0250507	0.00610259	0.0014285	0.0105176
55	0.0346222	0.00336182	0.179135	0.316794	0.0165221	0.0138218	0.0504347	0.0129478	0.0249583	0.0179106	0.00297435	0.130587	0.015443	0.0416344	0.0188741	0.0345699	0.00512487	0.0469536	0.00136079	0.0319694
56	0.0669904	0.00392348	0.0365768	0.0182705	0.0770405	0.00489129	0.0873388	0.0988541	0.011844	0.153732	0.0412929	0.0212995	0.0089023	0.0863683	0.0350424	0.0262104	0.0822958	0.111452	0.00172386	0.0259507
57	0.00821637	0.00126532	0.000562111	0.00395557	0.429302	0.00406118	0.0189715	0.011525	0.000670412	0.0450373	0.0143891	0.00242756	0.000781908	0.00276292	0.00228262	0.00709713	0.00595813	0.016138	0.0382556	0.386341
58	0.0163064	0.0032378	0.280777	0.0139644	0.00291544	0.0326571	0.0242185	0.00920618	0.000997373	0.010026	0.00235086	0.46122	0.0162823	0.0202412	0.000902989	0.0692288	0.012211	0.00530208	0.000690874	0.0172639
59	0.108807	0.00297944	0.0453076	0.121242	0.00985677	0.160779	0.0145577	0.0240338	0.0541684	0.0283168	0.00800775	0.0727931	0.00549802	0.111916	0.074556	0.0597499	0.0141237	0.0289624	0.023604	0.0307403
60	0.0504328	0.000669139	0.000182667	0.000175692	0.0435252	0.00586947	0.000186802	0.340575	0.000494858	0.157557	0.040269	0.000905112	0.00141287	0.00259312	0.00194087	0.00290133	0.0132509	0.327174	0.00490091	0.00498278
61	0.0315156	0.00449394	0.00154683	0.00124544	0.41674	0.00629733	0.00291492	0.0549573	0.00326904	0.115493	0.0787881	0.0051571	0.00229702	0.00639178	0.00448988	0.0131787	0.0336689	0.147264	0.0106234	0.059667
62	0.0445993	0.000910071	0.000535486	0.000676662	0.00168395	0.0059584	0.000535693	0.00502522	0.000495805	0.00411999	0.00239461	0.0164271	0.000731497	0.00117498	0.00719032	0.289951	0.613813	0.0022161	0.000588308	0.000973057
63	0.19915	0.0191474	0.00125536	0.00258086	0.0626694	0.0170639	0.000777863	0.0776217	0.000680665	0.11024	0.0638708	0.00319378	0.00228361	0.00294397	0.00416944	0.131366	0.122124	0.135793	0.0171748	0.025893
64	0.0128941	0.00171536	0.00150187	0.00171724	0.00415519	0.00602511	0.898689	0.00524161	0.00287073	0.00667982	0.00384402	0.00739294	0.00808836	0.0104367	0.00156823	0.00836091	0.0080078	0.00689001	0.0015175	0.00240322
65	0.104072	0.00768059	0.00156897	0.00132216	0.00955275	0.774774	0.00285805	0.00551489	0.000336948	0.00356324	0.00189705	0.00881923	0.000855245	0.00150922	0.00210534	0.0600075	0.00469149	0.00611424	0.000560825	0.00219681
66	0.0777783	0.0116142	0.000919345	0.00174137	0.0212086	0.012576	0.000736957	0.184436	0.000826744	0.076118	0.0117531	0.00297145	0.0175511	0.00325036	0.000734928	0.078622	0.227572	0.266147	0.000799963	0.00264313
67	0.0331981	0.000504014	0.000411619	0.00106111	0.0546061	0.018484	0.000379048	0.3792	0.000536944	0.0787604	0.00404162	0.00075591	0.00306141	0.00161194	0.000574185	0.0211114	0.0888708	0.308883	0.00036707	0.00358146
68	0.0323277	0.012279	0.00316493	0.00762635	0.0376185	0.00864107	0.00749887	0.0540479	0.00368726	0.179362	0.525302	0.00465436	0.0032648	0.0250297	0.00769417	0.0133326	0.0180777	0.0404894	0.00695971	0.00894198
69	0.0320409	0.00210009	0.000346608	0.000492412	0.0300385	0.00484395	0.000834948	0.389746	0.000552221	0.243329	0.0692168	0.00174423	0.00115498	0.00134707	0.000934027	0.00700338	0.0163956	0.194228	0.00128069	0.00237013
70	0.0231287	0.00351667	0.000540795	0.000964941	0.344611	0.00723847	0.000632232	0.13016	0.000338745	0.314809	0.0645292	0.00100094	0.00192047	0.000807523	0.000584822	0.00757699	0.00701995	0.0594619	0.0112042	0.0199536
71	0.021773	0.00264068	0.000765644	0.000522409	0.503174	0.0113911	0.0016565	0.0450257	0.000525066	0.239727	0.0701236	0.00215425	0.0022961	0.000773999	0.000523115	0.00656118	0.00853263	0.0302996	0.00807915	0.0434548
72	0.0884804	0.00376987	0.00214521	0.00281287	0.0928944	0.00840652	0.00353982	0.0190483	0.00268485	0.0429372	0.17798	0.00358527	0.00393053	0.00494697	0.00262091	0.0129764	0.0151203	0.45599	0.0284212	0.0277086
73	0.335581	0.00995692	0.00262977	0.00117796	0.0359812	0.163549	0.00126249	0.149425	0.00114746	0.0756929	0.0135015	0.00191584	0.00368789	0.0013298	0.00102313	0.0356172	0.0231091	0.134675	0.00143206	0.00730511
74	0.0389552	0.00415409	0.00265533	0.00915349	0.0152944	0.0112732	0.00277238	0.11589	0.00278127	0.0281723	0.216014	0.00619141	0.0050598	0.00853094	0.00279391	0.0158508	0.275925	0.229058	0.00321408	0.00625991
75	0.112278	0.00260844	0.00948145	0.0196744	0.0127767	0.0498937	0.00514766	0.00673904	0.00550986	0.0244868	0.0100076	0.0198957	0.57142	0.0338006	0.00189333	0.0163439	0.0455221	0.0410262	0.00503736	0.00645731
76	0.0910947	0.00498408	0.00287416	0.000574015	0.190064	0.04271	0.00073383	0.10565	0.000536102	0.39567	0.0581505	0.00324527	0.00170844	0.00116178	0.000686834	0.0200551	0.0113767	0.0498475	0.0047182	0.0141581
77	0.0647438	0.00960036	0.0024023	0.00990047	0.102258	0.0540494	0.00124598	0.208181	0.00115511	0.0769406	0.0231112	0.00253818	0.00690469	0.0147096	0.00108164	0.0360341	0.123704	0.256455	0.001518	0.00346636
78	0.368133	0.00815905	0.00127014	0.000737113	0.0612791	0.24322	0.000778902	0.0469692	0.000672676	0.0558054	0.0236904	0.00174395	0.00424667	0.00112138	0.000863304	0.0514343	0.0351637	0.0789182	0.00214074	0.0136531
79	0.0270784	0.0019725	0.00058183	0.000618551	0.352956	0.00794565	0.000525395	0.0990491	0.000455795	0.353877	0.0798631	0.000872536	0.0023767	0.000635255	0.000595552	0.00545528	0.00452309	0.0357431	0.00873694	0.0161389
80	0.146976	0.00385494	0.00312313	0.00271008	0.166573	0.1012	0.00468017	0.0966184	0.00242056	0.0737599	0.119238	0.00951832	0.00618307	0.00464297	0.00304033	0.101291	0.0190664	0.057158	0.067411	0.0105345
81	0.0626636	0.0110461	0.078406	0.018841	0.0205163	0.0351405	0.01878	0.0256234	0.0114308	0.0375748	0.0219938	0.332941	0.0159236	0.0206872	0.00862795	0.150721	0.0403794	0.0675306	0.00459983	0.0165735
82	0.0133215	0.00489495	0.000574352	0.000573878	0.155586	0.00452172	0.000702261	0.260963	0.000825461	0.252904	0.061393	0.00113468	0.00089217	0.00150641	0.0011212	0.00964209	0.00952424	0.113949	0.0218938	0.0840762
83	0.0915147	0.00519762	0.000239318	0.000283088	0.0374112	0.00897759	0.000164441	0.314928	0.000394391	0.196788	0.0338306	0.000788411	0.00152693	0.00346439	0.00103127	0.0114989	0.0156087	0.268911	0.0040942	0.00334683
84	0.0398057	0.000224259	0.000161472	0.000196797	0.0321263	0.00389206	0.000360906	0.367934	0.000396935	0.189914	0.0451038	0.00102412	0.00143437	0.00183385	0.00119401	0.00232273	0.0111116	0.294259	0.00354726	0.00315606
85	0.0536175	0.00489415	0.00390041	0.00379205	0.00469979	0.0190394	0.0103433	0.00234203	0.00215035	0.0173865	0.00683694	0.0080272	0.800887	0.00773176	0.00110512	0.0196844	0.0188539	0.0116794	0.000608182	0.00242081
86	0.0410604	0.00594561	0.00496642	0.00562789	0.053294	0.00401165	0.00847929	0.145216	0.024447	0.30307	0.0972322	0.0129003	0.00256246	0.0456714	0.0305623	0.0151899	0.0376301	0.125848	0.0146854	0.0215998
87	0.0171921	0.0115836	0.00236778	0.00787358	0.0282293	0.00764801	0.0113517	0.0309939	0.00335303	0.17399	0.487455	0.00346104	0.00294049	0.142538	0.00968365	0.0093392	0.00956589	0.0296043	0.00429212	0.00653753
88	0.0125703	0.000374607	0.000210753	0.000232891	0.028146	0.00219698	0.00130878	0.452618	0.000248015	0.290551	0.0550056	0.000687507	0.000687287	0.000385857	0.000350062	0.00115972	0.00759623	0.14482	0.000199628	0.000650704
89	0.0391149	0.00489885	0.0927842	0.00630987	0.00701588	0.658434	0.01011	0.00851734	0.0022953	0.00714769	0.00396812	0.0578072	0.00464941	0.00741432	0.00371122	0.0432441	0.0199271	0.0106003	0.00634953	0.00570069
90	0.619176	0.0151283	0.00101721	0.00185311	0.00925249	0.014377	0.00114693	0.0303928	0.00120111	0.0192673	0.0161221	0.00771346	0.00247291	0.00239844	0.0014192	0.130196	0.0747351	0.0441639	0.0023362	0.00562981
91	0.034288	0.00135828	0.0291566	0.0804935	0.00318666	0.00670515	0.055222	0.0127128	0.192424	0.0068219	0.00271707	0.0174755	0.277408	0.0603596	0.0773669	0.0713758	0.0552858	0.0123881	0.000963444	0.00229101
92	0.0209977	0.00353343	0.301225	0.0329256	0.00723409	0.0380805	0.0249761	0.01038	0.00360487	0.0146305	0.00636587	0.365007	0.015445	0.0295446	0.00362357	0.0749267	0.014873	0.0112678	0.00250732	0.018851
93	0.0361386	0.00296817	0.0011817	0.000636876	0.036904	0.00614301	0.00139057	0.258752	0.00214016	0.281973	0.143027	0.00164023	0.00153008	0.00346039	0.00186651	0.0053892	0.0138073	0.193518	0.00263369	0.00489938
94	0.643379	0.00712664	0.00251149	0.00315084	0.0148616	0.0242186	0.00250532	0.0421248	0.00292492	0.0376843	0.01069	0.00779572	0.00482872	0.0043083	0.00283356	0.0895311	0.0314315	0.0296108	0.00322521	0.0352572
95	0.005166	0.00111189	0.000591345	0.00109876	0.480318	0.00697946	0.00595657	0.0165232	0.00322857	0.0625262	0.00592303	0.00403913	0.00088453	0.00145788	0.00424932	0.00902692	0.00615784	0.0118164	0.118365	0.25458
96	0.0613324	0.00471399	0.003185	0.00446496	0.00456091	0.026716	0.0147191	0.00227968	0.00292053	0.0162435	0.00659144	0.00926372	0.776519	0.00723306	0.00154607	0.0261747	0.0184701	0.0097794	0.000621643	0.00266431
97	0.0134771	0.00228558	0.00325372	0.00416887	0.136786	0.00493585	0.0339656	0.0075467	0.0984721	0.0867009	0.0057731	0.00275213	0.00230329	0.0223599	0.196142	0.0223048	0.0221364	0.0336015	0.0237153	0.277319
98	0.0283486	0.00309697	0.000907874	0.000845574	0.036653	0.0073279	0.00190123	0.14127	0.00277148	0.394806	0.27665	0.00330102	0.00860367	0.00303778	0.0012281	0.00607617	0.00724755	0.0684656	0.00104697	0.00641409
99	0.0307405	0.00632329	0.190026	0.0177125	0.0127905	0.0308035	0.0219123	0.0170285	0.00371737	0.0226875	0.0101441	0.465555	0.0125129	0.0187397	0.00420689	0.0751197	0.0218999	0.0173046	0.00212056	0.0186548
100	0.262412	0.00324743	0.00413748	0.00361807	0.0108503	0.00777648	0.0033391	0.0121755	0.00314825	0.108363	0.0359925	0.325373	0.0047409	0.00482783	0.00375899	0.116206	0.0646883	0.0166485	0.00306365	0.00563275
101	0.0362669	0.00755635	0.00039899	0.00037014	0.157892	0.0109271	0.000642254	0.195481	0.000320932	0.348599	0.0585692	0.000602372	0.000709544	0.000657922	0.000568318	0.0124947	0.0127249	0.129218	0.00969495	0.0163046
102	0.285789	0.00235537	0.000652551	0.000695063	0.00602273	0.301038	0.00257671	0.00821301	0.000552107	0.00541571	0.00575267	0.0022564	0.002592	0.000883766	0.00068273	0.327012	0.0305963	0.0149069	0.000751656	0.00125447
103	0.00531508	0.00169324	0.00047169	0.000460982	0.546855	0.0068627	0.00184126	0.0177435	0.000708509	0.0775879	0.0140953	0.00396285	0.000943443	0.000872514	0.000569943	0.00773988	0.00636592	0.0169412	0.0945628	0.194406
104	0.0119155	0.00126217	0.00101807	0.0104134	0.0116036	0.0034149	0.00127412	0.00895161	0.00110658	0.0114704	0.00346488	0.00183563	0.00171499	0.00177426	0.00254418	0.00431662	0.00415227	0.0132143	0.793369	0.111184
105	0.0231266	0.0100673	0.000472444	0.000335828	0.130744	0.00921154	0.00106969	0.165715	0.000387709	0.393605	0.115776	0.00150111	0.00402772	0.00108298	0.000280694	0.00960604	0.0130234	0.0988719	0.00355287	0.0175423
106	0.0549683	0.0057645	0.00244458	0.00284412	0.16393	0.00753918	0.00192799	0.0306317	0.00266284	0.105667	0.0364026	0.0374596	0.002346	0.0188063	0.00391577	0.0534828	0.349244	0.0311162	0.0200972	0.068749
107	0.273653	0.00145502	0.000975108	0.00139469	0.138737	0.0649075	0.000917204	0.0317099	0.000900629	0.0347802	0.0478888	0.0105212	0.0559751	0.00173726	0.00121801	0.152734	0.0689452	0.10652	0.00139548	0.00363543
108	0.443164	0.00257489	0.00044776	0.000619231	0.00153454	0.290843	0.00206948	0.00554436	0.000447783	0.00220159	0.00321316	0.00093807	0.00518878	0.000715331	0.000555334	0.213304	0.0156423	0.00974511	0.000460721	0.000790511
109	0.373776	0.00683001	0.000773168	0.000575249	0.0604483	0.233304	0.000759084	0.044317	0.000478224	0.05177	0.029892	0.00126949	0.00496884	0.000806283	0.000613301	0.0559709	0.0269209	0.0908866	0.00145103	0.0141896
110	0.111553	0.0149922	0.000553398	0.000648476	0.0447316	0.0367987	0.000231901	0.272574	0.000217626	0.196635	0.0560086	0.00129838	0.00143878	0.00157255	0.000332899	0.030695	0.0414791	0.185644	0.000541226	0.00205349
111	0.0169633	0.00604227	0.000332963	0.000374522	0.14114	0.00745067	0.00058563	0.185114	0.000964958	0.415464	0.0672749	0.00107607	0.000659043	0.00164857	0.00125287	0.0105631	0.0130463	0.100932	0.00860428	0.0205091
112	0.102645	0.0140566	0.000538844	0.000730567	0.0421104	0.0310442	0.00023072	0.291748	0.000209915	0.183035	0.0644357	0.00214404	0.00180953	0.00166703	0.000354677	0.0339971	0.0462165	0.180329	0.000494199	0.00220188
113	0.0707941	0.00825501	0.00170384	0.00258615	0.0831172	0.00163886	0.0012837	0.179843	0.0141144	0.178976	0.0883915	0.012239	0.000751833	0.023618	0.0193504	0.015289	0.0422461	0.182993	0.0350874	0.0377222
114	0.112778	0.0145365	0.000393226	0.000497462	0.0398641	0.0242174	0.000270725	0.294005	0.000190332	0.19815	0.0535429	0.00154075	0.00118724	0.00163947	0.000339735	0.0337198	0.0312184	0.188372	0.000749874	0.00278646
115	0.209724	0.0129273	0.000615996	0.000633121	0.010812	0.1324	0.00382486	0.00568786	0.000579887	0.00599809	0.0143359	0.0130562	0.00157595	0.00266067	0.000658831	0.497421	0.0682813	0.0168321	0.00072352	0.00125176
116	0.0232174	0.00384752	0.000692969	0.000653103	0.207899	0.00937428	0.000945313	0.0602547	0.000716303	0.421842	0.138313	0.00304362	0.0169198	0.0021484	0.000524447	0.00730255	0.0060735	0.0412629	0.016004	0.0389654
117	0.0850436	0.0127086	0.000499711	0.000447638	0.191682	0.0421551	0.000483866	0.185063	0.000431751	0.127175	0.0203968	0.000663043	0.000533339	0.00111492	0.00349429	0.014156	0.0119128	0.271263	0.0149493	0.0158262
118	0.0335828	0.000414345	0.000349656	0.000403754	0.051882	0.015714	0.000334796	0.378733	0.000430157	0.0965167	0.00813474	0.000568571	0.0024616	0.00138671	0.000686445	0.0163388	0.0748627	0.311577	0.00100596	0.00461637
119	0.202142	0.0190671	0.0107385	0.00446008	0.0372097	0.108342	0.00141137	0.0574109	0.00219593	0.0510219	0.0178595	0.0238769	0.00377125	0.002436	0.00191046	0.0976478	0.274871	0.0760879	0.00171817	0.00582123
120	0.0621958	0.00827897	0.0140538	0.00498444	0.0128456	0.727302	0.00592523	0.00960613	0.00221448	0.00842018	0.00605629	0.016706	0.00424096	0.00497563	0.00322938	0.0593301	0.0125382	0.0112384	0.00408922	0.0217694
121	0.01161	0.00143346	0.00107334	0.0104318	0.0085422	0.00313002	0.001229	0.00791771	0.00129382	0.0101928	0.00380679	0.00163418	0.00174491	0.0018246	0.00346953	0.00476007	0.00428455	0.014018	0.802538	0.105065
122	0.0972578	0.0109315	0.00123121	0.00202847	0.110086	0.0117921	0.00163928	0.0729834	0.00294024	0.119006	0.0557108	0.0112948	0.00136261	0.00818253	0.0059271	0.0770899	0.202962	0.129538	0.0281353	0.0499022
123	0.301261	0.00319475	0.00233905	0.00265093	0.099699	0.0601246	0.00202499	0.0389193	0.00158181	0.0447992	0.0856474	0.039132	0.0404038	0.00425502	0.00197204	0.140156	0.0500903	0.0670475	0.00889131	0.00581001
124	0.0181398	0.00496122	0.00122396	0.00180139	0.32262	0.00687855	0.0151554	0.0378513	0.00790272	0.160603	0.046413	0.00710783	0.00424793	0.00441272	0.00495377	0.0121991	0.0216155	0.0247087	0.0491349	0.24807
125	0.253511	0.00491297	0.00330009	0.00233553	0.0742576	0.0324804	0.00151989	0.0430901	0.00160261	0.0460878	0.0460604	0.00835417	0.107079	0.00754992	0.0020312	0.124285	0.13084	0.102408	0.00326985	0.00502454
126	0.0675699	0.0038463	0.00498869	0.00870746	0.00665906	0.0302661	0.0101217	0.00350246	0.00473937	0.0185987	0.00764403	0.0213914	0.718918	0.0139665	0.00221646	0.0286934	0.0232208	0.0189359	0.0011462	0.00486768
127	0.0237128	0.00731834	0.00177171	0.00203394	0.193706	0.0063317	0.022688	0.0801203	0.00985916	0.23173	0.0756426	0.0130657	0.00863629	0.0212982	0.00215792	0.0148068	0.0264474	0.0283448	0.00902486	0.221304
128	0.225599	0.0139055	0.000828082	0.00078453	0.019875	0.0752214	0.00534874	0.00767359	0.000644704	0.0154722	0.027293	0.0186803	0.00112035	0.00390853	0.000629998	0.434754	0.119589	0.0267751	0.000637078	0.00126024
129	0.0723539	0.00222402	0.0525615	0.0876996	0.00643258	0.32207	0.00369601	0.0284897	0.00369484	0.0465668	0.0213921	0.0609955	0.00330654	0.0262995	0.005897	0.0883675	0.121966	0.0343961	0.00564249	0.00594811
130	0.0986709	0.00319078	0.0251527	0.0295384	0.250413	0.0500123	0.0488104	0.0121108	0.00638947	0.0144923	0.0441274	0.00711869	0.0236015	0.0432105	0.0223853	0.0509921	0.0460565	0.0388179	0.00308846	0.181821
131	0.0287799	0.00367529	0.109048	0.0128392	0.00385367	0.0490156	0.0122847	0.00847094	0.0152977	0.0288651	0.0224352	0.155001	0.0454235	0.0235729	0.00882386	0.390571	0.0612924	0.0171382	0.00123209	0.00237975
132	0.164894	0.00115017	0.0142994	0.0267605	0.00506556	0.100728	0.0181539	0.00350348	0.0274595	0.00582091	0.00600342	0.0302231	0.396211	0.0108314	0.0127909	0.127408	0.027467	0.0073816	0.00146924	0.0123782
133	0.0333641	0.00234617	0.181565	0.00910991	0.00702858	0.369626	0.0192922	0.0103678	0.00242654	0.0127611	0.00752446	0.0623369	0.00298517	0.02087	0.00216832	0.0866398	0.0890095	0.0284649	0.0319729	0.0201409
134	0.063333	0.00252265	0.00777597	0.0315755	0.0334208	0.00795078	0.0297327	0.0954024	0.0332605	0.0729875	0.00822794	0.00580716	0.0971408	0.00650679	0.00692571	0.039283	0.0721262	0.362633	0.00249091	0.0208971
135	0.059639	0.00858991	0.00158723	0.00140003	0.00891937	0.844461	0.0030197	0.00471435	0.000277283	0.0011527	0.000750114	0.0103643	0.000347542	0.00160645	0.00260796	0.0427551	0.00155645	0.00390467	0.000304418	0.00204257
136	0.0545285	0.00272182	0.00220228	0.0568467	0.0121931	0.028194	0.00272636	0.10153	0.00238521	0.0351529	0.0747941	0.0199742	0.00368098	0.0387881	0.00248373	0.0101822	0.171702	0.373278	0.00186497	0.00477077
137	0.0759334	0.00275303	0.24709	0.00440079	0.0626792	0.0475108	0.00382516	0.0416582	0.0186136	0.0495718	0.0247523	0.0882543	0.00255353	0.00464281	0.0105869	0.12539	0.0739446	0.081763	0.0126106	0.0214661
138	0.0308818	0.00894873	0.00184587	0.00188015	0.221953	0.00781898	0.00979386	0.0586033	0.00444838	0.25454	0.10305	0.00719641	0.0177777	0.00526989	0.00135142	0.0124231	0.0185315	0.0416098	0.020376	0.171701
139	0.0473826	0.00301219	0.00197649	0.0017095	0.146175	0.0224732	0.0150471	0.0810582	0.0026323	0.0958083	0.0772343	0.00721691	0.00242639	0.0026996	0.0137793	0.0446988	0.0226146	0.114615	0.237786	0.0596546
140	0.119258	0.00950766	0.00384903	0.0160363	0.0245091	0.0101091	0.00297615	0.193108	0.0031102	0.293446	0.0778671	0.0102507	0.00397069	0.0212288	0.00311677	0.0302298	0.0510599	0.117358	0.00249172	0.00651811
141	0.063977	0.00514505	0.00153777	0.00245531	0.0828095	0.00174623	0.000853654	0.197459	0.014434	0.1785	0.0832736	0.00903853	0.000927766	0.0242518	0.0181162	0.0149726	0.0404795	0.20273	0.0285289	0.0287634
142	0.325704	0.00142436	0.000533372	0.000762821	0.00183063	0.326235	0.00294517	0.0105587	0.000517542	0.00243321	0.00760325	0.00134996	0.00176754	0.000788059	0.000604042	0.26104	0.0324821	0.020162	0.000469074	0.000789221
143	0.0282572	0.000383702	0.000177057	0.000187197	0.0317552	0.00334189	0.000842349	0.387436	0.000218189	0.249504	0.0523505	0.000793354	0.00092898	0.000966102	0.000599333	0.00186791	0.00952166	0.227602	0.00168514	0.00158225
144	0.0537689	0.00453448	0.0141345	0.0137307	0.0777232	0.00455891	0.0595717	0.129474	0.00665438	0.173127	0.0624387	0.0447132	0.00105806	0.0645035	0.0140154	0.0293382	0.0722466	0.127201	0.00148038	0.0457275
145	0.0131533	0.000320755	0.000208683	0.000197453	0.029802	0.00221266	0.00128515	0.426249	0.000212742	0.301887	0.0593213	0.000702664	0.000635556	0.000322183	0.000309094	0.00102757	0.00752455	0.153894	0.000172012	0.000563035
146	0.302626	0.0114126	0.000811715	0.00160192	0.0306573	0.0659307	0.00246298	0.0180669	0.00068328	0.0414642	0.0531658	0.0107502	0.00470297	0.00274847	0.000744326	0.285922	0.121008	0.0419859	0.00110267	0.00215193
147	0.106425	0.00752163	0.00976869	0.0296421	0.0121701	0.575154	0.00366874	0.030183	0.00330441	0.0142686	0.0107123	0.0198319	0.00881953	0.0106265	0.00627143	0.0969509	0.0249738	0.0200903	0.0038095	0.0058071
148	0.0426829	0.000162869	0.000141191	0.000145102	0.0342959	0.00413466	0.000334647	0.354658	0.000380465	0.183216	0.0438123	0.000954929	0.00142358	0.00181286	0.00120677	0.00227696	0.0119154	0.309324	0.00389241	0.00322924
149	0.223866	0.00840595	0.00172205	0.000969401	0.00884512	0.184219	0.00379469	0.00792736	0.000918582	0.00593819	0.0129591	0.010733	0.00204353	0.00233279	0.000725322	0.447025	0.0575192	0.0177967	0.001056	0.00120298
150	0.0797234	0.00198971	0.000523034	0.000628219	0.0032624	0.0260481	0.000979751	0.00478021	0.000545339	0.00467505	0.00394287	0.0158504	0.000946686	0.00164393	0.00697027	0.375121	0.466995	0.00387178	0.000579677	0.000922983
151	0.0132258	0.00270135	0.00268532	0.00309397	0.0073168	0.00654701	0.00283019	0.141492	0.00282561	0.345734	0.00731595	0.0039256	0.00298017	0.00408549	0.00217146	0.0101789	0.387145	0.0442523	0.00233491	0.00715765
152	0.073733	0.00353901	0.00149716	0.00106245	0.0545845	0.0174946	0.00101636	0.0700922	0.000977237	0.472342	0.199902	0.00364607	0.0154459	0.00310985	0.000878115	0.00948144	0.00804587	0.0563888	0.00106459	0.0056982
153	0.199845	0.0135887	0.00467022	0.00337342	0.0148981	0.122111	0.00389572	0.0178956	0.00103096	0.0189106	0.017487	0.0392608	0.00288775	0.00461923	0.00106294	0.237659	0.246185	0.0469712	0.000895138	0.00275211
154	0.389624	0.00193335	0.00056186	0.000657353	0.00157534	0.326223	0.00274894	0.00726644	0.000505258	0.00228056	0.00406441	0.000992707	0.00380403	0.000779117	0.000544513	0.22184	0.0207324	0.0124817	0.000525759	0.000860398
155	0.0197294	0.00037527	0.00039538	0.000338979	0.00524758	0.00149792	0.00040056	0.427918	0.000308789	0.0407282	0.00159347	0.000568452	0.000476817	0.000563238	0.000821488	0.00159248	0.00483901	0.488676	0.000367152	0.003562
156	0.030915	0.00943036	0.159828	0.0552557	0.00926516	0.0359807	0.0223282	0.0125376	0.0109826	0.0163382	0.00755088	0.39329	0.0249482	0.0241014	0.0073591	0.117114	0.0233349	0.0166482	0.00285358	0.0199376
157	0.0162083	0.00325453	0.000597718	0.000785582	0.478844	0.00675149	0.000617708	0.0850698	0.000496489	0.220129	0.0602815	0.00185966	0.00163524	0.000619823	0.000514158	0.0075969	0.0104968	0.0533168	0.00688387	0.0440405
158	0.0131533	0.000320755	0.000208683	0.000197453	0.029802	0.00221266	0.00128515	0.426249	0.000212742	0.301887	0.0593213	0.000702664	0.000635556	0.000322183	0.000309094	0.00102757	0.00752455	0.153894	0.000172012	0.000563035
159	0.323599	0.0272511	0.00157732	0.00169697	0.0118598	0.0183929	0.00162549	0.0122322	0.00227071	0.0321653	0.0477103	0.00470563	0.00215307	0.00495721	0.00165505	0.0425425	0.202088	0.254555	0.00185269	0.00510957
160	0.0631798	0.00612176	0.00364415	0.00333476	0.019241	0.0173486	0.00252526	0.0229948	0.00633234	0.0296856	0.0149403	0.0180886	0.00949262	0.00464818	0.00921589	0.20179	0.528706	0.0274442	0.00418797	0.00707765
161	0.0314698	0.000524683	0.000310073	0.000466867	0.0457981	0.0150876	0.000354773	0.396519	0.000421685	0.0802575	0.00568785	0.000608442	0.00247055	0.00112682	0.000578562	0.0164117	0.0719577	0.325684	0.000573473	0.00369076
162	0.0169086	0.00280852	0.000245779	0.000275003	0.0553066	0.0042005	0.0067484	0.353389	0.000263664	0.314265	0.0670696	0.000655476	0.000678873	0.000492914	0.000433598	0.00339668	0.0107209	0.157362	0.000915283	0.00386301
163	0.0245817	0.0182529	0.00739772	0.00350913	0.00754097	0.00610981	0.0116698	0.0301458	0.373631	0.0238492	0.00777943	0.0276961	0.00140006	0.0191494	0.29319	0.00621322	0.0470566	0.021261	0.0274579	0.042108
164	0.0109602	0.0208178	0.000775973	0.0131863	0.0370935	0.00818919	0.0055147	0.0184557	0.00147155	0.2738	0.53444	0.00165123	0.00105631	0.0248416	0.0137857	0.00314873	0.00369395	0.0204013	0.00262341	0.00409269
165	0.0161595	0.00408895	0.0277038	0.0128727	0.00625962	0.0285452	0.00749309	0.00920664	0.371221	0.0139868	0.00335562	0.0247333	0.00207305	0.0408943	0.365824	0.0115164	0.020667	0.0123282	0.00653043	0.0145403
166	0.22299	0.0896332	0.00195233	0.00599465	0.0112549	0.0302576	0.00566788	0.055174	0.0706014	0.0249182	0.0127961	0.0141294	0.0200527	0.00678399	0.033879	0.0312485	0.260491	0.0915285	0.00229672	0.00834964
167	0.0326932	0.00126269	0.026294	0.0841115	0.00295636	0.00404788	0.0558685	0.0112858	0.194118	0.00650262	0.0026109	0.0174843	0.285888	0.0606336	0.0689068	0.0734863	0.0570043	0.0119484	0.000896607	0.00199991
168	0.0266719	0.00693973	0.120867	0.0197918	0.00500654	0.115506	0.0181353	0.0113824	0.01143	0.0157937	0.0125011	0.161385	0.0420024	0.0192096	0.0103312	0.311234	0.0684772	0.0149773	0.0032889	0.00506966
169	0.0330304	0.00301488	0.000711878	0.000608524	0.0427563	0.00583833	0.00110105	0.322842	0.000967006	0.28189	0.0904096	0.00159599	0.00136663	0.00243956	0.00109382	0.00552393	0.0133998	0.184306	0.00192222	0.00518309
170	0.0201485	0.00158634	0.0250376	0.0132199	0.0159353	0.0871943	0.00180241	0.0171954	0.119174	0.0315245	0.00405757	0.0439425	0.0341101	0.0141774	0.00186139	0.125525	0.432945	0.00666068	0.00127213	0.00262997
171	0.0144869	0.0017673	0.000894271	0.001251	0.196854	0.00359112	0.00114378	0.00705823	0.000930305	0.352846	0.157882	0.00172911	0.0127181	0.00199548	0.000998684	0.00598842	0.00363645	0.0218783	0.120598	0.0917525
172	0.0193315	0.00295413	0.0502563	0.00338824	0.274499	0.0629254	0.0512735	0.0171536	0.00265204	0.10016	0.119296	0.0630559	0.0284866	0.0042891	0.00347509	0.0845876	0.0116328	0.0203371	0.066197	0.0140489
173	0.0143396	0.00102951	0.0393218	0.0146388	0.0045873	0.0259383	0.00754115	0.00313835	0.363165	0.00867935	0.00178758	0.0250072	0.000799348	0.0513398	0.398674	0.0100429	0.01122	0.00866265	0.00142018	0.00866748
174	0.0127241	0.0056966	0.000648203	0.00200824	0.0354224	0.00488413	0.00535919	0.117081	0.00492913	0.346903	0.395946	0.00261949	0.00499111	0.00544987	0.0022492	0.00367044	0.00621127	0.0342356	0.00174231	0.00722778
175	0.0994979	0.00330242	0.0346958	0.0169511	0.00567316	0.0295456	0.0130136	0.0061652	0.0237624	0.015245	0.0100717	0.0148097	0.561051	0.0176322	0.0109349	0.0860762	0.0231397	0.0204613	0.00169068	0.00628062
176	0.0134182	0.000320626	0.000209491	0.0001933	0.0298529	0.00224079	0.00127668	0.425319	0.000200524	0.300977	0.059256	0.000704469	0.00063618	0.000339822	0.000312854	0.00104152	0.00752614	0.155353	0.000238355	0.000582858
177	0.0357147	0.0056376	0.00467851	0.00351445	0.365602	0.0111934	0.0106918	0.063997	0.00479691	0.127386	0.0645586	0.0289073	0.00296096	0.0149271	0.00540479	0.0238204	0.0685403	0.0949175	0.0116276	0.0511228
178	0.109884	0.0340907	0.000997471	0.00131685	0.00448926	0.00851728	0.00120726	0.0649581	0.0017249	0.0562194	0.00571134	0.00270643	0.033384	0.0046627	0.00154807	0.125946	0.303682	0.234979	0.00141055	0.00256408
179	0.0175165	0.0021144	0.0023856	0.00964154	0.016943	0.00704192	0.00304048	0.0165199	0.0026783	0.0191992	0.0106518	0.00241708	0.00302449	0.00314532	0.00513362	0.00830877	0.00714178	0.0285287	0.739764	0.0948036
180	0.127685	0.00533152	0.000989988	0.000883286	0.00278372	0.0151449	0.000949958	0.0067433	0.000717694	0.0100467	0.0101404	0.0245496	0.000972042	0.00494613	0.00810733	0.250224	0.52177	0.00591027	0.000766605	0.00133753
181	0.220007	0.021864	0.000893378	0.00270154	0.0619467	0.0162652	0.000551289	0.0770359	0.000587664	0.0806473	0.0616064	0.0030113	0.00147947	0.00272905	0.00478301	0.129731	0.133579	0.135055	0.0219473	0.0235774
182	0.00928634	0.00335496	0.000568351	0.000654074	0.630188	0.00654482	0.00182635	0.0235029	0.000662861	0.105676	0.043128	0.00338548	0.00117757	0.000734745	0.00063057	0.0100461	0.017305	0.0518296	0.00657174	0.0829268
183	0.233592	0.0245355	0.00082267	0.00171319	0.0633423	0.0220178	0.000586308	0.08582	0.000610831	0.0723651	0.0544943	0.00319614	0.00209163	0.00318417	0.00466102	0.116602	0.123153	0.144942	0.0215354	0.020734
184	0.182766	0.0144372	0.00108847	0.00117051	0.00797039	0.0261528	0.00316378	0.0056322	0.000988744	0.0108165	0.0283974	0.0276853	0.00121238	0.0106463	0.00429022	0.271731	0.38915	0.0101429	0.000968461	0.00158961
185	0.220802	0.024701	0.000758952	0.000769643	0.0218107	0.0680077	0.0187302	0.0039092	0.000798395	0.00879753	0.037394	0.0420061	0.00114006	0.00766677	0.000616439	0.419813	0.0967071	0.0236122	0.000634278	0.00132398
186	0.0515077	0.000446964	0.000150503	0.000180207	0.0334071	0.00550835	0.000174836	0.370738	0.000512226	0.15079	0.0354025	0.000806887	0.00147158	0.00247924	0.00144912	0.00373133	0.0124961	0.318407	0.00563189	0.00470832
187	0.0218622	0.00210834	0.000410707	0.000320401	0.0374535	0.00421465	0.00121942	0.37272	0.000480637	0.32308	0.0718757	0.00104237	0.00131947	0.000882796	0.000594266	0.0037781	0.0093418	0.144473	0.000596655	0.0022263
188	0.0648133	0.00358932	0.00103141	0.0010389	0.043222	0.0139374	0.000697011	0.303256	0.00202194	0.159414	0.053697	0.00217449	0.00180252	0.0366502	0.00300923	0.00972949	0.0238614	0.264875	0.0051432	0.00603655
189	0.0470189	0.00019508	0.000141977	0.000156956	0.0343645	0.00454714	0.000195513	0.351545	0.000456988	0.166231	0.0415384	0.00094833	0.00151073	0.00228855	0.00147022	0.00252135	0.0126838	0.32369	0.00457821	0.00391747
