471	20
1	0.0614428	0.00295068	0.0866552	0.199046	0.00201843	0.0329934	0.0219438	0.0171206	0.0787938	0.0165146	0.00198583	0.0481054	0.149106	0.0724956	0.0370926	0.110837	0.0386652	0.020049	0.000471989	0.00171214
2	0.0086536	0.0105289	0.000605367	0.000699525	0.0279399	0.000990948	0.00378013	0.10144	0.00299594	0.713786	0.0914805	0.000865393	0.000240702	0.00205632	0.00214583	0.00940596	0.0013304	0.0145707	0.000299508	0.00618438
3	0.0193302	0.000636219	0.0151769	0.0379554	0.00237622	0.00884683	0.021793	0.00545836	0.317325	0.0187603	0.00553163	0.0421099	0.000768281	0.0915029	0.340743	0.0253966	0.0329555	0.010062	0.00129864	0.00197302
4	0.131011	0.0143452	0.0246566	0.0198152	0.00370906	0.0721723	0.00612727	0.0195819	0.0422809	0.0485676	0.0123218	0.0112971	0.317306	0.0262042	0.0227001	0.120339	0.0545845	0.0410196	0.000400436	0.0115609
5	0.0104907	0.00274434	0.596992	0.0785992	0.00259547	0.00520997	0.0540774	0.00401374	0.00969142	0.0217058	0.00286143	0.0953843	0.00187698	0.0468766	0.00881446	0.0338643	0.00706683	0.0141685	0.000885675	0.00208037
6	0.0613428	0.0230173	0.00762068	0.0128048	0.026706	0.0293536	0.484842	0.010742	0.0103782	0.0129136	0.00653512	0.122119	0.00314279	0.0634249	0.0233687	0.0704029	0.0139085	0.00830138	0.00272148	0.00635451
7	0.0110392	0.0120693	0.000589899	0.000706271	0.0273115	0.00113243	0.00334228	0.109607	0.00264145	0.685159	0.0868495	0.00136894	0.000264305	0.00225363	0.00299251	0.00860437	0.00252921	0.0345731	0.000264749	0.00670089
8	0.0024898	0.0220675	0.00390648	0.00706106	0.3439	0.0033703	0.0349582	0.0201413	0.00827121	0.0482124	0.0178688	0.00333698	0.000517329	0.00822964	0.0093376	0.00328973	0.0155684	0.0207508	0.0198922	0.406831
9	0.0338669	0.0143392	0.000770817	0.00326633	0.0217923	0.00149875	0.00197151	0.305805	0.00484609	0.0757048	0.0288748	0.00219673	0.000379098	0.0106838	0.00589656	0.00781925	0.0162226	0.453556	0.00420278	0.00630642
10	0.0809262	0.0220564	0.135585	0.153599	0.00183236	0.059721	0.016134	0.00877539	0.0530331	0.0381141	0.0103829	0.0984409	0.00287361	0.0700017	0.0255969	0.140894	0.0634906	0.0157305	0.000520696	0.00229135
11	0.0994189	0.017568	0.0376139	0.0174172	0.00533873	0.0459682	0.00693016	0.0129991	0.0229671	0.0271625	0.00446059	0.00527434	0.443563	0.0162047	0.025781	0.134309	0.0269093	0.0281583	0.000277311	0.0216781
12	0.00408733	0.00374699	0.000410511	0.00249432	0.00113846	0.000551546	0.000597464	0.638033	0.000853479	0.0731709	0.0392398	0.000688189	0.000204225	0.00256008	0.00127811	0.00419933	0.0130704	0.212913	0.000244458	0.000517854
13	0.0482438	0.0350801	0.00138379	0.00438712	0.0895096	0.00365902	0.00418695	0.269511	0.00378404	0.111335	0.0401183	0.00532061	0.00101753	0.00695366	0.00543357	0.0242374	0.0279943	0.27989	0.00210336	0.0358504
14	0.0506333	0.0181317	0.00195581	0.00626525	0.0232727	0.00391079	0.00282365	0.187889	0.00417866	0.32474	0.046821	0.00656742	0.000670683	0.00718293	0.0108442	0.0132855	0.0213548	0.258991	0.00106127	0.00942034
15	0.0621358	0.0116016	0.0935306	0.223267	0.0162892	0.0288891	0.0227278	0.0180585	0.075139	0.042063	0.0224173	0.0502711	0.0206093	0.102751	0.0513466	0.0703046	0.0453074	0.0258192	0.00229978	0.0151725
16	0.482536	0.0115081	0.00206011	0.00517089	0.00217076	0.0652328	0.00273386	0.00374985	0.0133504	0.0121908	0.0218194	0.0158786	0.00776133	0.00673649	0.00827412	0.193755	0.129335	0.0122713	0.000988628	0.00247709
17	0.109299	0.0196472	0.00343546	0.0101682	0.153877	0.0351271	0.0525208	0.00405819	0.00830634	0.0124434	0.00448815	0.0292075	0.00123381	0.0123507	0.00568921	0.19108	0.0142596	0.0296119	0.0459273	0.257269
18	0.099973	0.0123744	0.0107013	0.0138323	0.0135741	0.020208	0.152506	0.0436847	0.0240022	0.0181732	0.0103821	0.217881	0.00848853	0.0301451	0.0926793	0.172346	0.0319425	0.0155425	0.00325921	0.00830344
19	0.0998612	0.0172873	0.0367781	0.0171191	0.0054145	0.0455779	0.00690966	0.0131035	0.022872	0.0274756	0.00453763	0.00533768	0.443888	0.0162041	0.0261796	0.134054	0.0270672	0.0284823	0.000278869	0.0215719
20	0.0558093	0.0321882	0.000962407	0.00342529	0.0632825	0.00391653	0.00309891	0.233042	0.0021698	0.232027	0.0581784	0.00517588	0.000722102	0.00506139	0.00564352	0.026253	0.0226421	0.225492	0.00082211	0.0200874
21	0.117756	0.0197331	0.00329007	0.00962243	0.145759	0.0294337	0.0566686	0.0033531	0.00761393	0.0112861	0.00329035	0.0318299	0.00114864	0.0107052	0.00509157	0.191622	0.0153219	0.0306398	0.0540445	0.25179
22	0.136625	0.00240736	0.0218833	0.0739567	0.00764394	0.0303261	0.0410694	0.00457731	0.191225	0.0108106	0.00782719	0.045801	0.058081	0.0524618	0.145874	0.0623243	0.0564652	0.0372786	0.000935905	0.0124276
23	0.0591991	0.00385985	0.0234444	0.0985547	0.0164813	0.0232666	0.134945	0.023285	0.0665924	0.0113308	0.006699	0.06735	0.0244265	0.207799	0.0557988	0.0963997	0.0193428	0.00934178	0.00233738	0.0495454
24	0.10794	0.0340111	0.00293539	0.00975487	0.0364553	0.0104081	0.00521731	0.238499	0.0085157	0.0863698	0.0497786	0.00806793	0.00380035	0.0138583	0.0107714	0.0315196	0.0483088	0.284566	0.00159777	0.00762533
25	0.0219268	0.00650663	0.00908064	0.0140488	0.0706454	0.0101989	0.0660182	0.0406292	0.0153538	0.0489217	0.00831971	0.0217477	0.00490498	0.232207	0.101244	0.178269	0.076027	0.0125978	0.00429916	0.0570532
26	0.0634727	0.00572984	0.14324	0.192709	0.0024747	0.0411348	0.0194556	0.0129487	0.0645208	0.0192333	0.00450151	0.0554265	0.117691	0.0649434	0.0302959	0.10573	0.0373804	0.0166463	0.000369341	0.00209626
27	0.00817586	0.0194305	0.00383988	0.00720902	0.292468	0.00609909	0.0481269	0.0408511	0.00965482	0.114604	0.0268879	0.0114019	0.0018976	0.0145895	0.0129023	0.0106723	0.0189263	0.0324228	0.0150521	0.304788
28	0.010532	0.0106704	0.00225689	0.00373304	0.0258776	0.00185701	0.00531151	0.102528	0.00501891	0.672021	0.100927	0.0022613	0.000263298	0.00768259	0.00495122	0.0116128	0.00415676	0.0205013	0.00142033	0.00641609
29	0.00753351	0.00432589	0.000430124	0.00267445	0.00340356	0.000699869	0.000750683	0.615879	0.000950308	0.0736258	0.0407192	0.000836455	0.000227469	0.00295146	0.00154006	0.00538785	0.0142359	0.222705	0.000351889	0.000771131
30	0.161472	0.0378988	0.0148142	0.0100744	0.00758637	0.0211269	0.0100766	0.0120757	0.0176131	0.0270256	0.0107753	0.0761222	0.0119567	0.0229473	0.0431117	0.124173	0.328989	0.051665	0.00154075	0.00895446
31	0.00690149	0.00478118	0.000438622	0.00248476	0.0034469	0.000585873	0.000700466	0.602459	0.00116854	0.0730689	0.0377578	0.000803363	0.000210213	0.00318751	0.00162838	0.00441135	0.0133341	0.240876	0.000620576	0.00113487
32	0.603861	0.0080421	0.00168228	0.00436833	0.00188426	0.0503142	0.00230351	0.00324428	0.00672577	0.00481483	0.00546201	0.0149882	0.00590914	0.00468673	0.00775863	0.206364	0.0510994	0.0127327	0.000747765	0.00301098
33	0.0563488	0.00929167	0.0817541	0.251421	0.0110898	0.0216225	0.0284359	0.0135262	0.0797301	0.0405704	0.0197932	0.0420161	0.0132276	0.149126	0.0520073	0.0609099	0.0337759	0.0207496	0.00287059	0.0117336
34	0.121692	0.0171952	0.0303117	0.0183541	0.00562714	0.0490702	0.00806775	0.0196505	0.0319834	0.0325575	0.00725629	0.0094125	0.380574	0.0210802	0.0268564	0.124595	0.0379746	0.0393312	0.000521577	0.0178876
35	0.0191977	0.0169009	0.00100047	0.010726	0.0166821	0.00273586	0.00337877	0.31239	0.0157128	0.0648239	0.017978	0.0019555	0.000564088	0.0150222	0.014278	0.00566709	0.0133454	0.449902	0.00738661	0.0103526
36	0.185661	0.101629	0.00298878	0.00491249	0.00586355	0.0280928	0.00959826	0.0113096	0.00804852	0.00568595	0.00285444	0.0059313	0.00237962	0.0123082	0.0170547	0.540136	0.0363581	0.0112502	0.0019003	0.00603746
37	0.0398577	0.00445612	0.0180258	0.0385365	0.0143551	0.0185773	0.025887	0.0126544	0.260389	0.0297282	0.0141522	0.0404148	0.0151073	0.0728318	0.279243	0.0416622	0.0371753	0.018357	0.00214662	0.0164429
38	0.121933	0.0148576	0.0237417	0.0182815	0.00697614	0.0714786	0.00657886	0.0196158	0.0373374	0.0496851	0.0166534	0.0115232	0.316153	0.0249857	0.0227946	0.120617	0.05902	0.0452331	0.000470865	0.0120638
39	0.0973018	0.00859999	0.101442	0.154326	0.00109292	0.0405475	0.0247739	0.00931534	0.055672	0.0309766	0.0126535	0.0791632	0.00411257	0.0955452	0.0335855	0.141589	0.0828627	0.0244946	0.000302125	0.00164392
40	0.0114637	0.00223424	0.0090045	0.00398411	0.245134	0.00709143	0.203468	0.0100016	0.0166582	0.0853439	0.0193461	0.0744588	0.00717106	0.0473354	0.0394502	0.0424569	0.0312349	0.00943748	0.0175103	0.117216
41	0.0487043	0.0067868	0.000599197	0.0065493	0.0243891	0.00266626	0.00227228	0.43384	0.00115009	0.0853107	0.0750598	0.00295805	0.000306288	0.00596653	0.00291306	0.0152624	0.0203534	0.261268	0.00063939	0.00300583
42	0.0435286	0.0090354	0.0222969	0.0420247	0.0226123	0.0212807	0.278371	0.0154674	0.0452093	0.0264799	0.0144088	0.0565416	0.00614265	0.208807	0.0520716	0.0677518	0.0280352	0.0125368	0.00557862	0.0218199
43	0.0546269	0.00897939	0.176194	0.249326	0.00606806	0.0256437	0.0243463	0.00808668	0.0608211	0.0312759	0.0148409	0.0586553	0.00933366	0.118549	0.0317446	0.0674816	0.0332471	0.0162655	0.00129763	0.00321627
44	0.00336269	0.0219575	0.00390909	0.00670268	0.342627	0.00443523	0.036149	0.0187693	0.00836496	0.0464619	0.0179089	0.00446232	0.000597878	0.0093679	0.00956571	0.0046794	0.0159099	0.0204716	0.0177892	0.406508
45	0.0198397	0.00103125	0.0120917	0.0362677	0.00239605	0.00847137	0.0208556	0.0104346	0.301457	0.0356939	0.00573217	0.0367834	0.000758615	0.125918	0.278482	0.0182611	0.0410215	0.0414216	0.00211782	0.000964449
46	0.0087349	0.0105542	0.000633691	0.000700995	0.0277134	0.00099853	0.00374901	0.102158	0.0029762	0.712321	0.0911246	0.000879424	0.000247369	0.0020767	0.00220114	0.00932014	0.00140104	0.0157344	0.000317263	0.00615846
47	0.0711972	0.0125917	0.0540284	0.0396875	0.0123953	0.0297916	0.0221834	0.0137568	0.0529247	0.0284381	0.0120911	0.164063	0.0142368	0.0372369	0.0555038	0.123944	0.212674	0.0324687	0.00154476	0.0092432
48	0.146539	0.0162075	0.025345	0.0144176	0.00421962	0.0544507	0.00562729	0.0181449	0.0360536	0.0312273	0.00615154	0.00638116	0.368116	0.0239155	0.0210856	0.131639	0.0442642	0.0301509	0.000338203	0.0157259
49	0.0135799	0.00455814	0.00851769	0.00721891	0.225719	0.0152216	0.196275	0.00860623	0.017317	0.0626114	0.0324908	0.0689963	0.0154757	0.0598634	0.0354423	0.0344086	0.0359724	0.00988136	0.0125585	0.135286
50	0.133776	0.0343687	0.0296621	0.0343828	0.0217402	0.0541856	0.0217214	0.024103	0.0330448	0.0213432	0.0114926	0.0483684	0.032647	0.0365533	0.0322808	0.296364	0.0765181	0.0249407	0.00537671	0.0271301
51	0.0128815	0.0108599	0.000942366	0.00336947	0.0250677	0.00153984	0.00409268	0.124259	0.00346088	0.636428	0.0933368	0.00207832	0.000324156	0.00622935	0.00479186	0.0108487	0.00519757	0.0451408	0.00161976	0.00753172
52	0.0225461	0.0124088	0.0056103	0.0106506	0.237557	0.0384398	0.115765	0.00884439	0.0129363	0.0450489	0.0385555	0.034935	0.00576542	0.0453139	0.0186792	0.0323372	0.0201243	0.0146381	0.0105359	0.269308
53	0.33504	0.0255718	0.0085714	0.009435	0.00334224	0.0410881	0.00601847	0.00953265	0.0117887	0.0142951	0.0117433	0.0235625	0.0183604	0.0125988	0.0129704	0.189947	0.234914	0.0252533	0.0011319	0.00483501
54	0.326403	0.0138354	0.00937618	0.0109994	0.0103303	0.261485	0.0107516	0.00922224	0.0150357	0.0103673	0.0104127	0.0285497	0.0126062	0.0208999	0.0167057	0.148076	0.0597404	0.0166425	0.00215194	0.00640818
55	0.0950353	0.0148104	0.000845199	0.00654334	0.0530089	0.0051497	0.00422229	0.266184	0.00196272	0.0926542	0.0807029	0.00593918	0.000585279	0.008175	0.00569402	0.0273078	0.0266143	0.295948	0.00088639	0.00773077
56	0.23892	0.051896	0.0115417	0.0172584	0.0166938	0.0381161	0.0118063	0.0457046	0.0200678	0.032434	0.0183919	0.0202555	0.0274653	0.0231339	0.020041	0.214071	0.081658	0.0892379	0.00374101	0.0175655
57	0.0830139	0.0189686	0.00079615	0.00575864	0.0567582	0.00434709	0.00396566	0.27258	0.0020871	0.0936934	0.0709797	0.00663771	0.000557486	0.00755572	0.00578372	0.02626	0.0267972	0.302852	0.00102086	0.00958748
58	0.0746906	0.0109483	0.0166716	0.0168797	0.0139572	0.484633	0.0183393	0.0100842	0.0191046	0.00885922	0.00835128	0.0562781	0.00796604	0.0411278	0.01699	0.14173	0.0304605	0.0114737	0.00163439	0.00982054
59	0.0204266	0.0115318	0.00455034	0.0127383	0.0364389	0.00536393	0.0286856	0.147625	0.0078794	0.453245	0.0819632	0.00998681	0.0033745	0.0226361	0.0130342	0.0369015	0.0196297	0.0449978	0.00503966	0.0339519
60	0.0752243	0.00878404	0.151996	0.191998	0.000848087	0.0441548	0.0127524	0.00650015	0.0660194	0.0241943	0.0113732	0.0845338	0.00460725	0.0942953	0.0317874	0.118595	0.0561346	0.0154874	0.000221128	0.000493885
61	0.147364	0.0194928	0.0241316	0.0154376	0.00384333	0.0615124	0.00578924	0.0189527	0.0366466	0.0401224	0.0087405	0.00868341	0.331563	0.0249574	0.0208867	0.130926	0.0514149	0.0359409	0.000449444	0.0131455
62	0.0779009	0.00891565	0.15458	0.186744	0.000651935	0.0459588	0.0128929	0.00636887	0.0664317	0.0236999	0.0117254	0.0898022	0.00329254	0.0895963	0.0304759	0.119821	0.0547122	0.0159126	0.000153334	0.000363385
63	0.090977	0.00884476	0.156438	0.185719	0.00208691	0.0413204	0.0131763	0.00785034	0.0600088	0.0235152	0.0119555	0.0849814	0.00555525	0.0793274	0.028238	0.113283	0.0587768	0.0261277	0.000326488	0.00149168
64	0.0510932	0.00900514	0.000615011	0.00487204	0.0259944	0.00250314	0.00213688	0.43447	0.00146282	0.0876315	0.0655323	0.00313889	0.000335308	0.00524739	0.00331514	0.014954	0.0193267	0.263897	0.000643238	0.00382609
65	0.00406726	0.00384051	0.000408231	0.0023639	0.00132795	0.000548887	0.000606716	0.631028	0.000916822	0.0732072	0.037635	0.00065672	0.000198766	0.00270395	0.00139387	0.00408819	0.0133998	0.22067	0.000342835	0.000595271
66	0.079034	0.00886678	0.151694	0.185196	0.000675258	0.0461298	0.0129446	0.00671609	0.0659558	0.0243054	0.0115298	0.08779	0.00404141	0.0887814	0.0306972	0.122372	0.0563988	0.0163119	0.000164418	0.000395382
67	0.0222676	0.0495883	0.0107491	0.0394997	0.175689	0.0631824	0.0172414	0.0117062	0.0172481	0.0757716	0.0317206	0.0518038	0.00515594	0.0212345	0.0964055	0.0225002	0.135351	0.091638	0.00284524	0.058402
68	0.0107488	0.0105842	0.00159361	0.00262299	0.0264078	0.00171464	0.0045378	0.103468	0.00436256	0.680663	0.0980978	0.00180841	0.000256417	0.00580717	0.00437072	0.010372	0.0033175	0.0222491	0.000658194	0.00635963
69	0.0775098	0.00890719	0.155129	0.186937	0.000631623	0.0460196	0.0127936	0.00632636	0.066358	0.0235912	0.0117079	0.0892231	0.00331103	0.0895154	0.0308428	0.120426	0.0543937	0.0158608	0.0001526	0.000363325
70	0.0228031	0.00220047	0.0155349	0.0430762	0.00596907	0.00791764	0.0214938	0.00968789	0.302345	0.0296584	0.0181419	0.0378581	0.00057034	0.0969704	0.289216	0.0191587	0.0551903	0.0167799	0.00163234	0.00379531
71	0.00310323	0.0188725	0.00334142	0.00579853	0.339535	0.00603402	0.0590973	0.0161663	0.00923817	0.055284	0.0232856	0.0138287	0.0019501	0.0163348	0.0127167	0.00770104	0.0167371	0.0176698	0.0160939	0.357211
72	0.143594	0.00455994	0.0112002	0.0721477	0.0148737	0.0364323	0.0337142	0.00607675	0.125552	0.00987706	0.00655155	0.0696791	0.057943	0.0385545	0.127526	0.0825669	0.0974992	0.0408495	0.000879137	0.0199237
73	0.0280192	0.0130094	0.0010286	0.00131478	0.00875461	0.00243084	0.00149048	0.14834	0.00164918	0.506124	0.0418698	0.00658709	0.000503403	0.00330084	0.0112636	0.00476852	0.0155261	0.19409	0.000410445	0.0095186
74	0.1008	0.0173454	0.0331496	0.0153859	0.00569785	0.047109	0.00729999	0.0133376	0.0227772	0.0261945	0.00442169	0.0105837	0.415613	0.0161413	0.027699	0.153969	0.0347156	0.0274948	0.000345861	0.019919
75	0.0676526	0.00468529	0.122337	0.212647	0.00123532	0.0378515	0.0180826	0.0127337	0.0715476	0.0180628	0.00451875	0.0580547	0.0966334	0.0744673	0.0341164	0.107968	0.0407418	0.0154411	0.00026796	0.000955982
76	0.078747	0.00897026	0.15088	0.184339	0.000614767	0.0466497	0.0131161	0.00652621	0.0656935	0.0246515	0.0113821	0.0875221	0.00391172	0.0885718	0.0310482	0.123147	0.0571605	0.0164609	0.000160922	0.000446158
77	0.00848072	0.00646279	0.000460243	0.00233235	0.00529892	0.000629402	0.000778477	0.543224	0.00187455	0.0707733	0.0321683	0.000793928	0.000213241	0.00409942	0.00240488	0.00391556	0.0126544	0.300205	0.00141906	0.0018107
78	0.039494	0.0260923	0.0040316	0.0695158	0.00465735	0.0162983	0.0184774	0.193449	0.06777	0.0727974	0.0194201	0.00556803	0.00140176	0.0372846	0.0944193	0.00876853	0.0256306	0.278517	0.00212422	0.0142831
79	0.0780604	0.0089482	0.154626	0.186977	0.000655416	0.0459695	0.0127914	0.00638592	0.0664863	0.0237763	0.0117574	0.0890466	0.00327354	0.0896826	0.0305903	0.119972	0.0545191	0.0159623	0.000153079	0.000366301
80	0.0130678	0.00882645	0.00926436	0.0096423	0.254669	0.0173659	0.121602	0.0119763	0.0192291	0.073771	0.0410629	0.0622598	0.00694149	0.0753184	0.0450309	0.0279976	0.0354263	0.0154122	0.0141708	0.136966
81	0.0156397	0.00876084	0.000503643	0.00227488	0.00919256	0.000757854	0.00108313	0.502019	0.00249549	0.0660821	0.0281305	0.00126976	0.000303408	0.0053197	0.00335552	0.00490645	0.0131219	0.329986	0.00201062	0.00278634
82	0.0167132	0.000613923	0.015319	0.0442758	0.00226381	0.00679219	0.0246319	0.00642123	0.2925	0.0220539	0.00626815	0.0449346	0.00031764	0.10711	0.329869	0.0205527	0.0431201	0.0139313	0.00152965	0.000781222
83	0.0803588	0.00875863	0.154738	0.185092	0.000659928	0.0486535	0.0133358	0.00693221	0.0664226	0.0243982	0.0132279	0.0871655	0.00355136	0.0870138	0.0290901	0.119799	0.0539538	0.0162353	0.000180911	0.000433013
84	0.128343	0.0772051	0.00377437	0.00961035	0.113949	0.0251734	0.0517964	0.00506257	0.00860004	0.0114152	0.00401126	0.0256863	0.00161484	0.0111308	0.00654675	0.207612	0.0166083	0.0461623	0.0489253	0.196773
85	0.271427	0.0261867	0.0119069	0.0148112	0.00703313	0.0849261	0.00943889	0.0137327	0.0222175	0.0217229	0.0414468	0.0209621	0.0149961	0.0340691	0.0253754	0.161435	0.180794	0.031696	0.00166636	0.00415599
86	0.0506315	0.00145541	0.0312637	0.0734599	0.0120466	0.00919245	0.0233491	0.0931152	0.0722458	0.145659	0.0171597	0.0501169	0.00422602	0.0769201	0.0368814	0.0661467	0.07301	0.161747	0.000401411	0.000972774
87	0.113079	0.00573817	0.0164491	0.045982	0.0102721	0.0296052	0.0301	0.0075951	0.14205	0.0131413	0.00995851	0.0937355	0.0331246	0.0566994	0.154625	0.11406	0.0784375	0.0340011	0.00141575	0.00993142
88	0.00229391	0.0244111	0.00421142	0.00663943	0.349053	0.00334718	0.0352079	0.0196889	0.00892624	0.0461587	0.0177675	0.00330451	0.000461875	0.00709949	0.00902089	0.00323069	0.0158406	0.020274	0.0170744	0.405988
89	0.0512327	0.00666459	0.0386053	0.0471813	0.0122727	0.286907	0.0320726	0.0100212	0.0634022	0.0172061	0.0120888	0.125253	0.0056473	0.0962239	0.0533978	0.0797567	0.0371078	0.0139834	0.0018589	0.0091165
90	0.0440008	0.00466229	0.036252	0.058738	0.00854604	0.0252982	0.0280472	0.0229284	0.201938	0.0617399	0.0223722	0.0641097	0.00456203	0.111842	0.167662	0.0479475	0.0408317	0.0404827	0.00245885	0.0055813
91	0.156567	0.0193638	0.00247094	0.00688193	0.0522131	0.00806931	0.00566806	0.233232	0.0040806	0.0826205	0.0593003	0.00754891	0.00184404	0.00922757	0.00799206	0.0294091	0.0308089	0.27289	0.00156259	0.00824906
92	0.0198104	0.000862291	0.00661663	0.0135983	0.00320212	0.00984382	0.011415	0.00751181	0.43463	0.012329	0.0026724	0.0252218	0.000673803	0.0380999	0.362376	0.018867	0.0175958	0.00570043	0.000756425	0.00821726
93	0.0201187	0.0123155	0.000589229	0.00138334	0.030668	0.00168057	0.00324666	0.130433	0.00244513	0.600574	0.0902331	0.00205041	0.000271754	0.00263357	0.00361961	0.0109896	0.0059267	0.0725654	0.000221114	0.00803482
94	0.0387384	0.0253284	0.00137349	0.00356092	0.0410957	0.00210877	0.0027736	0.303161	0.00457837	0.0760447	0.0294759	0.00353372	0.000846505	0.00871352	0.0062629	0.0138709	0.0177628	0.406611	0.00336079	0.0107987
95	0.0120827	0.0107222	0.00072466	0.00221483	0.0259898	0.00122261	0.00369054	0.132706	0.00279235	0.645979	0.0885923	0.00160226	0.000284129	0.0039331	0.00319963	0.00987218	0.00434551	0.042491	0.000943045	0.00661262
96	0.0240775	0.00202579	0.0196595	0.0366962	0.00293615	0.0100579	0.0292354	0.0155029	0.283841	0.0322258	0.0153913	0.0436687	0.000889835	0.121021	0.271978	0.0203537	0.0365088	0.0302629	0.00214382	0.00152361
97	0.0388923	0.00470456	0.0616366	0.121881	0.0301777	0.0361468	0.242931	0.00931883	0.0804634	0.0118291	0.00686867	0.106527	0.00652482	0.0875207	0.0775413	0.0252102	0.0112015	0.00761671	0.00184649	0.0311605
98	0.0588192	0.00840456	0.142769	0.12625	0.00185026	0.0566613	0.020626	0.00589312	0.0543041	0.0180306	0.007882	0.1929	0.00601619	0.0578229	0.0226862	0.126494	0.0791302	0.0111516	0.000377111	0.00193144
99	0.0160018	0.000544535	0.0130931	0.0301555	0.00240476	0.00878794	0.0191874	0.00537888	0.338033	0.0182152	0.00393627	0.0378311	0.000330683	0.0760101	0.365219	0.0247352	0.0288122	0.00745584	0.00116088	0.00270612
100	0.0692369	0.0143885	0.000873737	0.0078222	0.0438226	0.0031866	0.00345761	0.29197	0.00318957	0.0794249	0.0599521	0.00426907	0.000505427	0.0126227	0.00604817	0.0193476	0.0243028	0.345696	0.00232768	0.00755606
101	0.0252035	0.0146976	0.000847442	0.00202172	0.0484831	0.00230569	0.0046479	0.155188	0.00253597	0.533269	0.0840755	0.00260851	0.000516258	0.00360131	0.00315546	0.0154885	0.00930787	0.0692457	0.00045162	0.0223492
102	0.0590842	0.00191866	0.0358941	0.0715028	0.0027829	0.0183041	0.0337891	0.00385143	0.215202	0.0177909	0.0151115	0.0598313	0.00481961	0.160111	0.212713	0.0569778	0.0185147	0.00929556	0.00123285	0.00127277
103	0.0686042	0.010253	0.00338796	0.0729909	0.0291928	0.00737659	0.0184613	0.0199928	0.255214	0.0239871	0.078417	0.0252044	0.00123178	0.0496861	0.170707	0.0168489	0.1102	0.00841362	0.00105783	0.0287731
104	0.0468843	0.0200403	0.00710609	0.014469	0.0494754	0.00910953	0.0102868	0.152599	0.0155912	0.287304	0.0449687	0.0269879	0.00202146	0.0169196	0.0195759	0.0260477	0.0335762	0.202827	0.00165741	0.0125522
105	0.061028	0.0169391	0.0210735	0.0174724	0.0145052	0.0329944	0.0184676	0.0724922	0.0384826	0.296387	0.118088	0.0192763	0.00209914	0.052816	0.0571816	0.0396701	0.0249877	0.0882164	0.00156518	0.00625789
106	0.0909257	0.00143346	0.0373078	0.0510526	0.0014936	0.0309114	0.0398499	0.0019107	0.189391	0.0131347	0.0143428	0.0891019	0.00799993	0.142563	0.188102	0.0844697	0.00851646	0.00601715	0.000462136	0.00101499
107	0.00759382	0.00264205	0.609581	0.0778084	0.00252443	0.004068	0.0528024	0.00372992	0.00558393	0.0213259	0.00234446	0.105922	0.00182943	0.0411146	0.00416204	0.0325615	0.00983171	0.0119632	0.000684288	0.00192701
108	0.0595817	0.00373831	0.0994231	0.202696	0.00178967	0.0354095	0.0217422	0.0159699	0.0745972	0.0151808	0.00198972	0.0458559	0.15473	0.0672572	0.0319975	0.11339	0.0346826	0.0179905	0.000471652	0.0015076
109	0.0769329	0.0160749	0.00100352	0.00610717	0.0464556	0.00433769	0.00597218	0.277663	0.00278484	0.0840249	0.0656893	0.00524077	0.000547701	0.00862085	0.00802772	0.0247809	0.0241216	0.332393	0.00166141	0.00755998
110	0.0403045	0.00602219	0.0511889	0.175238	0.0211044	0.0142671	0.0524245	0.0129314	0.149223	0.0438614	0.0191805	0.0438198	0.00403304	0.144319	0.128145	0.0308627	0.0258612	0.0193649	0.0029233	0.0149247
111	0.0501056	0.00143748	0.0317078	0.0725956	0.0122865	0.00923151	0.0239889	0.0941211	0.0718592	0.145154	0.0174718	0.0506223	0.00426916	0.0756718	0.0362617	0.0653357	0.0743603	0.162251	0.000386873	0.000881327
112	0.019903	0.0166438	0.000760806	0.00191475	0.0159331	0.00125117	0.00135345	0.288982	0.00419271	0.166487	0.0202227	0.00272092	0.000421211	0.00746654	0.00630623	0.00448063	0.0133179	0.417336	0.00351442	0.00679158
113	0.0325334	0.00162238	0.0143908	0.0370198	0.00326679	0.0110258	0.0218434	0.0105457	0.31403	0.0320834	0.00941329	0.0365759	0.00264202	0.1206	0.251464	0.023054	0.0358807	0.0370718	0.00213328	0.00280408
114	0.0780102	0.00893202	0.154548	0.187571	0.000689685	0.0459466	0.0128027	0.00637134	0.0664599	0.0237166	0.0117637	0.0889004	0.00328098	0.0898246	0.0305586	0.119683	0.0544552	0.0159676	0.000157966	0.000359862
115	0.0086536	0.0105289	0.000605367	0.000699525	0.0279399	0.000990948	0.00378013	0.10144	0.00299594	0.713786	0.0914805	0.000865393	0.000240702	0.00205632	0.00214583	0.00940596	0.0013304	0.0145707	0.000299508	0.00618438
116	0.0780173	0.00869355	0.159274	0.186225	0.000663571	0.0487892	0.0133399	0.00661304	0.0661821	0.023896	0.0121239	0.0871424	0.00618875	0.0861605	0.0291104	0.118967	0.0523974	0.015623	0.00020551	0.000387641
117	0.00196664	0.0224092	0.00333851	0.00657613	0.345331	0.00319749	0.0356467	0.0186635	0.00834072	0.0480021	0.0178868	0.00302289	0.000417765	0.00678437	0.00929683	0.00299659	0.0155287	0.021126	0.017809	0.411659
118	0.0974802	0.015403	0.032225	0.0330142	0.00820329	0.0410421	0.0167967	0.015827	0.0505668	0.0283912	0.00875518	0.0218797	0.334825	0.030933	0.0613227	0.116046	0.0381629	0.0293247	0.00134778	0.0184543
119	0.0282101	0.0129345	0.00102694	0.00132173	0.00931386	0.00257608	0.00158568	0.145519	0.00180425	0.511517	0.0430891	0.00689333	0.000482546	0.00340312	0.0110074	0.00490439	0.0158959	0.188783	0.000402336	0.00933027
120	0.0135993	0.00639459	0.00331051	0.0386259	0.0103765	0.00398905	0.0152385	0.161427	0.00860894	0.290282	0.190102	0.0128916	0.00155682	0.0662507	0.0197114	0.0298891	0.0375016	0.0504152	0.0188557	0.0209725
121	0.100474	0.0074444	0.0807153	0.153892	0.00313915	0.036502	0.0345414	0.0162089	0.0545393	0.0331826	0.0220538	0.0770156	0.0052975	0.104631	0.0346987	0.118256	0.0780146	0.0343372	0.000578788	0.00447845
122	0.0496659	0.00580463	0.0479182	0.139646	0.00764966	0.0212324	0.0280448	0.011216	0.167509	0.0313935	0.0162046	0.0489634	0.00790776	0.134039	0.166325	0.0518448	0.0369669	0.019175	0.00278736	0.00570692
123	0.0221769	0.0180386	0.00580638	0.0111304	0.272237	0.0143768	0.0716956	0.0160073	0.0140479	0.0461075	0.0188066	0.0190623	0.00254663	0.0218038	0.0150446	0.0334881	0.0173685	0.0207739	0.0182936	0.341188
124	0.00914249	0.00342096	0.597606	0.0813587	0.00381988	0.00513327	0.061243	0.00454602	0.00966824	0.0230949	0.00406696	0.0869943	0.00266828	0.0446439	0.00659514	0.0309131	0.00726265	0.0134621	0.00111326	0.00324682
125	0.0095818	0.0218467	0.00474313	0.00686096	0.330702	0.00848684	0.0463751	0.0179252	0.00924394	0.0453724	0.0181026	0.00924305	0.00100626	0.0115439	0.0109396	0.0152571	0.0168307	0.0203493	0.017945	0.377645
126	0.0189597	0.000745447	0.0146346	0.0433081	0.00281938	0.0075869	0.0245443	0.00649194	0.295935	0.0230274	0.0069645	0.0451588	0.000882321	0.102104	0.325604	0.0207567	0.0431158	0.0145775	0.00148922	0.00129476
127	0.0521155	0.00372062	0.0268397	0.0543579	0.0152758	0.0127292	0.0329301	0.0958449	0.0655631	0.126916	0.0261726	0.0447508	0.00328043	0.0633314	0.0477829	0.0605	0.0667856	0.199012	0.000454238	0.00163744
128	0.07744	0.0136513	0.0191137	0.039583	0.0230952	0.0115386	0.0189942	0.139776	0.0408933	0.137372	0.0319289	0.0576164	0.00413914	0.0467184	0.0288712	0.0494518	0.0745191	0.178939	0.000830978	0.00552871
129	0.150295	0.0036254	0.0229245	0.0764373	0.00596761	0.0275554	0.0291685	0.00601385	0.168848	0.0104159	0.00737279	0.042564	0.0980492	0.0776457	0.120529	0.069583	0.0485116	0.0245974	0.000764361	0.00913144
130	0.0424532	0.00375732	0.15266	0.0450769	0.0037335	0.0167377	0.0312477	0.00371723	0.0327108	0.00948713	0.00309974	0.378693	0.0139506	0.00627264	0.00751175	0.106249	0.1338	0.00492883	0.00109436	0.00281881
131	0.0279911	0.0129275	0.00102051	0.0013081	0.00876273	0.00243657	0.00150402	0.147988	0.00165114	0.507171	0.0421212	0.0065739	0.000499237	0.0033037	0.0112545	0.00479263	0.0154758	0.19331	0.000404469	0.00950381
132	0.00540067	0.005336	0.000532341	0.0039871	0.00200557	0.000795164	0.000838917	0.634852	0.00145519	0.0741469	0.0562294	0.000990348	0.000343562	0.00292683	0.00126517	0.00590911	0.0118827	0.189797	0.000517322	0.000788673
133	0.0789231	0.00897483	0.151838	0.184638	0.000668168	0.045729	0.0132507	0.00641822	0.0671593	0.0243927	0.0116226	0.0883249	0.00370496	0.0896907	0.0315545	0.12103	0.0554892	0.0160262	0.000165436	0.000400039
134	0.0606836	0.0242469	0.00413166	0.00740359	0.0201109	0.00625802	0.00441359	0.151309	0.0100298	0.361721	0.0509829	0.00941561	0.00443098	0.0127684	0.0153134	0.0194985	0.0343404	0.192588	0.00113921	0.00921488
135	0.0206636	0.00111805	0.00366486	0.00616469	0.00352306	0.00984439	0.00780828	0.00817315	0.476824	0.0100133	0.00192682	0.0193685	0.000640718	0.0188244	0.366612	0.0169913	0.0124389	0.00371656	0.000630382	0.0110537
136	0.142335	0.0191799	0.0241457	0.0124381	0.00461918	0.0556196	0.00756209	0.0211967	0.0272057	0.0291283	0.00536287	0.00878837	0.327324	0.0205523	0.0192912	0.181461	0.0523076	0.0273317	0.000483228	0.0136672
137	0.138333	0.00681162	0.0106967	0.0528096	0.00289735	0.0444023	0.0663127	0.0221275	0.0334022	0.0300766	0.0293629	0.0874244	0.001718	0.12638	0.0360043	0.155131	0.117054	0.0342499	0.00105466	0.00375065
138	0.18335	0.0294559	0.0256859	0.00462274	0.00347953	0.00775734	0.00485712	0.013399	0.00628595	0.0364187	0.00714487	0.0377194	0.00372826	0.0139606	0.0234862	0.0511492	0.437196	0.0984007	0.00131307	0.0105897
139	0.0304804	0.024702	0.0108593	0.0195598	0.0246331	0.0101473	0.0462642	0.0962907	0.101074	0.059437	0.0361812	0.0325151	0.00269817	0.106688	0.166307	0.0199616	0.0911429	0.11273	0.00217514	0.00615289
140	0.0936456	0.0195503	0.0242234	0.0164491	0.0101253	0.0490296	0.00918431	0.0652569	0.0281339	0.0780697	0.010113	0.0103882	0.33213	0.0207318	0.0232278	0.105476	0.0371671	0.0495352	0.00260493	0.0149581
141	0.0444922	0.00703455	0.0268662	0.0451104	0.0209595	0.0205331	0.0788639	0.0172036	0.17197	0.0354028	0.0212603	0.0628337	0.00911931	0.0849665	0.219091	0.0487755	0.041029	0.0229684	0.00406738	0.0174528
142	0.0959586	0.0168426	0.0368598	0.0177656	0.0058861	0.0444292	0.00866563	0.0128793	0.0215492	0.028648	0.00505397	0.00518538	0.43637	0.0158237	0.0288749	0.139249	0.0265467	0.0278198	0.000289876	0.0253026
143	0.0256604	0.0174644	0.00663435	0.0125685	0.257079	0.0157469	0.0770842	0.0144239	0.0156755	0.0435832	0.0195663	0.0209556	0.00263312	0.0229017	0.0163411	0.0381021	0.0191125	0.0208327	0.0186823	0.334953
144	0.0422709	0.0124377	0.0404999	0.0497341	0.0645037	0.0189079	0.0454544	0.0508109	0.0454262	0.0805086	0.0391244	0.0329934	0.00561893	0.154479	0.0579516	0.0496058	0.0456747	0.0279283	0.0810677	0.0550017
145	0.0459647	0.00439054	0.0317348	0.105794	0.011656	0.011096	0.0210037	0.0934003	0.0643431	0.140565	0.032719	0.0404745	0.00639274	0.0866479	0.0381369	0.0635733	0.0593528	0.136844	0.00254518	0.00336543
146	0.0675856	0.0088486	0.00578123	0.0676885	0.0293993	0.00905303	0.0185433	0.0230727	0.256018	0.0263269	0.0704448	0.0262039	0.00164653	0.0577027	0.18388	0.0174583	0.095601	0.0106774	0.00111717	0.0229504
147	0.445274	0.0589493	0.00161843	0.00460018	0.0018859	0.0458824	0.00592274	0.00757188	0.00590722	0.00513467	0.00506773	0.00901215	0.00785823	0.0078678	0.00931341	0.298579	0.0600544	0.0156836	0.000931212	0.00288515
148	0.0604828	0.0207427	0.00434972	0.00820571	0.0357356	0.00848031	0.00917643	0.141734	0.00829423	0.3476	0.0444656	0.00922786	0.00844393	0.00987142	0.0133995	0.0278139	0.0296315	0.172516	0.00259803	0.0372304
149	0.115012	0.0020712	0.039685	0.0536629	0.00253746	0.0440563	0.0406993	0.0039	0.150783	0.0138004	0.0141708	0.0854324	0.0129398	0.134146	0.154908	0.098949	0.0199683	0.0104915	0.000500163	0.00228646
150	0.0712415	0.00875944	0.00700944	0.0572449	0.0338608	0.0138277	0.0180077	0.0189378	0.238404	0.0271934	0.0576672	0.0286481	0.00550662	0.0644005	0.16891	0.0295425	0.112913	0.0163398	0.00131702	0.0202689
151	0.0933677	0.0164987	0.000999749	0.00714844	0.0541251	0.00536004	0.00449419	0.25737	0.00400528	0.10309	0.0795199	0.00629528	0.000694122	0.00842068	0.00789306	0.0276042	0.0268802	0.286749	0.000749603	0.00873495
152	0.0899397	0.0207366	0.00225552	0.0072365	0.0619198	0.00683129	0.00528439	0.270404	0.00414369	0.0993175	0.061651	0.00696752	0.00105828	0.00980515	0.00703479	0.0266829	0.0279076	0.277112	0.00176639	0.0119451
153	0.0408063	0.0194741	0.090848	0.0562778	0.0049433	0.15546	0.045782	0.0122511	0.0489289	0.0140361	0.00513174	0.211264	0.00552705	0.0543349	0.027759	0.132749	0.0559622	0.0103174	0.00134798	0.00679976
154	0.0418129	0.0358188	0.0814225	0.0759028	0.00534176	0.243375	0.0433708	0.0218174	0.0399843	0.0143928	0.00712289	0.0605457	0.00782901	0.037691	0.0148718	0.204626	0.0366642	0.0135547	0.00132694	0.0125293
155	0.0953034	0.0101222	0.00832574	0.0673555	0.0348326	0.0161497	0.0678472	0.0178922	0.12921	0.0298658	0.0642248	0.0310247	0.00646581	0.0418975	0.15362	0.0373703	0.0977534	0.020903	0.00405718	0.0657795
156	0.414263	0.0303082	0.00530473	0.00866725	0.00366968	0.0633592	0.00517607	0.0125333	0.0152694	0.0324759	0.0338185	0.0165966	0.0166053	0.0138374	0.0124287	0.15504	0.122299	0.0333776	0.00100126	0.00396941
157	0.0220927	0.00188889	0.00946632	0.0246181	0.00999434	0.0106244	0.017824	0.00788399	0.349107	0.0166269	0.00848036	0.0424206	0.00112086	0.0556455	0.35159	0.0222687	0.0332342	0.00720511	0.00113994	0.00676848
158	0.0830046	0.0206736	0.0291129	0.0402525	0.0201577	0.0304976	0.022689	0.0591309	0.0367184	0.158567	0.039183	0.0361726	0.0333863	0.0421281	0.0346461	0.182103	0.0560241	0.05312	0.00541046	0.0170226
159	0.109401	0.0212178	0.0305115	0.0345069	0.0177164	0.271928	0.0205232	0.0165406	0.0346438	0.0250535	0.0179966	0.0575386	0.0246842	0.0408247	0.0329858	0.109786	0.0898677	0.0305785	0.00304044	0.0106552
160	0.0376494	0.0387645	0.00104992	0.00280773	0.0547258	0.00271868	0.00216425	0.326731	0.00330676	0.124522	0.0334657	0.00390528	0.00113277	0.00614547	0.00514047	0.0178791	0.0204255	0.300507	0.00207602	0.0148822
161	0.0138054	0.00891838	0.000525724	0.00229429	0.00863226	0.00135937	0.00120451	0.49024	0.00149194	0.18474	0.0407898	0.00238789	0.000325243	0.00333463	0.00366987	0.00635815	0.0140445	0.21161	0.000497656	0.00377072
162	0.0358389	0.0255127	0.00244005	0.00661924	0.0644214	0.00606738	0.00721664	0.187681	0.00773965	0.215499	0.0339683	0.00677524	0.00211323	0.0102862	0.0126927	0.0144095	0.0261966	0.268582	0.00451987	0.0614204
163	0.0175181	0.0116783	0.00204796	0.00353172	0.0270204	0.00333821	0.00498652	0.11684	0.00573325	0.608057	0.0794389	0.00423261	0.00706524	0.00660525	0.00755624	0.0114006	0.00935559	0.0602844	0.001108	0.0122014
164	0.105701	0.0163882	0.0365102	0.0286048	0.0062341	0.0467336	0.00847345	0.0164123	0.0310314	0.0299021	0.00573473	0.0097506	0.393966	0.0222816	0.0285132	0.126862	0.0372103	0.0293231	0.000824577	0.0195433
165	0.106997	0.0595619	0.0259479	0.0186348	0.0177209	0.0460753	0.0121942	0.0705907	0.0280278	0.0466978	0.0118418	0.0151653	0.256214	0.0223597	0.0247992	0.104523	0.0557342	0.0589082	0.00236	0.0156467
166	0.0910791	0.0153491	0.0219358	0.0251726	0.0215409	0.422141	0.0228332	0.0141063	0.0310191	0.0175341	0.0108115	0.0553468	0.0139237	0.0385294	0.0253237	0.0978751	0.0362915	0.0199	0.00280846	0.016479
167	0.488843	0.0267375	0.00371256	0.00620517	0.00634963	0.0434185	0.00592025	0.0102772	0.00903128	0.00977522	0.00751315	0.014785	0.0160658	0.00990096	0.0100802	0.219946	0.0659069	0.0337438	0.00204318	0.00974457
168	0.0875629	0.0193309	0.0236989	0.0247554	0.0179322	0.422012	0.0217635	0.0154119	0.0272166	0.0194862	0.0117937	0.052272	0.0166708	0.0333913	0.0250323	0.107377	0.0387976	0.0199071	0.00273579	0.012851
169	0.0474227	0.00468636	0.0218437	0.0429417	0.00772837	0.0180307	0.0215061	0.0149056	0.302287	0.0315567	0.0153151	0.039424	0.0133553	0.0692104	0.234462	0.0412909	0.0402258	0.0207126	0.00283854	0.010256
170	0.0451038	0.0141898	0.00289551	0.00294179	0.00338495	0.00402093	0.00382537	0.0122398	0.00447686	0.00526688	0.00337245	0.00684582	0.0382874	0.00512371	0.0060269	0.197869	0.636448	0.00481041	0.000775447	0.00209453
171	0.019164	0.0124744	0.00162626	0.0026488	0.0239661	0.00242693	0.00423919	0.139344	0.00428125	0.59775	0.0748718	0.0032669	0.000680943	0.0047104	0.00583809	0.0108071	0.00936489	0.0742801	0.00080662	0.00745219
172	0.145674	0.0540896	0.0157877	0.00984528	0.0074024	0.0117241	0.00702575	0.0300225	0.0119498	0.0606886	0.0130538	0.0261951	0.00358938	0.017315	0.0222138	0.0643173	0.330098	0.157963	0.00129903	0.00974588
173	0.231952	0.0190419	0.016738	0.0205492	0.0160931	0.279797	0.0142286	0.0124915	0.0251828	0.0159777	0.0115092	0.0341909	0.0256913	0.0290115	0.0202084	0.133165	0.051262	0.0232571	0.00230153	0.0173514
174	0.0101036	0.00807568	0.000456933	0.00206734	0.00685857	0.000692895	0.00101038	0.525128	0.00251827	0.069272	0.0279732	0.000946045	0.000247678	0.00463293	0.00331144	0.00414773	0.0127912	0.315519	0.00172653	0.00252098
175	0.281846	0.0510852	0.00865224	0.0141108	0.00658544	0.0384826	0.00992157	0.0288195	0.0181745	0.0467692	0.0405407	0.0205659	0.00846117	0.023885	0.0181325	0.128498	0.179121	0.0667219	0.00204353	0.00758274
176	0.252543	0.119046	0.0057597	0.00698194	0.00541195	0.0256107	0.00504899	0.0502909	0.0118534	0.0499268	0.0223895	0.0098681	0.00783491	0.0164541	0.0126587	0.0768713	0.183043	0.129577	0.00106295	0.00776693
177	0.234406	0.146416	0.00275267	0.00311907	0.0076375	0.0274751	0.00235341	0.0717236	0.0114399	0.0476952	0.035122	0.00334679	0.00196631	0.0128774	0.0126833	0.0571014	0.147207	0.167078	0.000622943	0.0069768
178	0.239961	0.133416	0.00229965	0.00488186	0.00302594	0.0286055	0.0112794	0.0120234	0.00412515	0.00472445	0.00259914	0.00472412	0.00285334	0.0150638	0.0121371	0.441763	0.0566561	0.0149964	0.00167694	0.0031874
179	0.0387159	0.00503131	0.0172181	0.0428766	0.00853487	0.0350214	0.021275	0.0152928	0.244939	0.0446098	0.0187556	0.0609108	0.00549468	0.0740871	0.215437	0.0378673	0.0790561	0.026861	0.00199746	0.00601883
180	0.00678793	0.00602661	0.000422759	0.00214435	0.00398751	0.000601154	0.000724266	0.567425	0.00182375	0.0700173	0.0302839	0.000714518	0.000231738	0.00376556	0.00227028	0.00364981	0.0127532	0.283446	0.00123484	0.00168949
181	0.0199237	0.0010478	0.00503702	0.00820274	0.0034565	0.0107491	0.00976486	0.00682819	0.457368	0.0100049	0.00187824	0.0253342	0.000576311	0.0245697	0.368204	0.0196295	0.0136555	0.00358228	0.00058985	0.0095983
182	0.0230592	0.00180908	0.00914247	0.019041	0.00303511	0.0120153	0.0151129	0.00642347	0.396227	0.0139473	0.00348778	0.0324157	0.00136916	0.0487321	0.352831	0.0274353	0.0200504	0.00629999	0.000888532	0.00667715
183	0.0505376	0.0245589	0.0151419	0.0141744	0.012876	0.0522249	0.0162798	0.00970394	0.05062	0.0134509	0.00654228	0.122743	0.110888	0.0219498	0.062197	0.277053	0.117235	0.0137309	0.00118593	0.006906
184	0.252212	0.141731	0.00370685	0.0020257	0.00214749	0.0198607	0.00186852	0.0547607	0.0088052	0.035863	0.0209948	0.00379021	0.00134431	0.0131062	0.0103755	0.0576563	0.202343	0.159244	0.000539742	0.00762437
185	0.0654262	0.0188313	0.000772437	0.00389687	0.0440499	0.00418627	0.00298752	0.223049	0.0015404	0.255355	0.0709077	0.00579999	0.000503704	0.00527596	0.0064839	0.0205339	0.0212658	0.238528	0.000487646	0.0101179
186	0.0316354	0.0395657	0.000917374	0.00257554	0.0384383	0.00194385	0.00225827	0.289271	0.00518773	0.0702919	0.0158653	0.00283989	0.00102206	0.00831875	0.0069161	0.0113892	0.0165461	0.441395	0.00402583	0.00959662
187	0.0162711	0.0109913	0.00116261	0.0037854	0.0225555	0.00140524	0.00330054	0.241019	0.00303897	0.467114	0.0702032	0.0030246	0.00046146	0.00569832	0.00439056	0.0107305	0.00991368	0.116317	0.00129296	0.00732446
188	0.316923	0.133159	0.00259323	0.0033101	0.00232038	0.0390303	0.00312196	0.0383476	0.0097031	0.029329	0.0200801	0.00586648	0.0049648	0.0118615	0.00981814	0.103597	0.156564	0.1027	0.000948446	0.00576177
189	0.046796	0.00412726	0.144484	0.0424913	0.00444772	0.0166887	0.0344029	0.00415786	0.031344	0.0106817	0.00350386	0.372449	0.0128637	0.00723915	0.00924335	0.102486	0.141369	0.00674778	0.00117797	0.00329946
190	0.0381987	0.0141997	0.032849	0.021142	0.0127293	0.0617522	0.0196017	0.00832253	0.0408884	0.010428	0.00689273	0.196012	0.0261735	0.0286808	0.0479224	0.269225	0.149867	0.00822858	0.00116644	0.00571981
191	0.545583	0.00774845	0.00121907	0.0041343	0.00145477	0.0706742	0.00171552	0.00328142	0.00809916	0.00532395	0.00805239	0.0204429	0.0073894	0.00517588	0.00878457	0.212905	0.0748296	0.0108401	0.000646052	0.00170022
192	0.0589783	0.0112557	0.018803	0.0289695	0.0192314	0.0177021	0.0225559	0.123041	0.0399293	0.114783	0.165112	0.0248552	0.00234396	0.0875663	0.047317	0.03466	0.0331143	0.131547	0.00861364	0.00962141
193	0.275794	0.0677	0.0020617	0.00525657	0.00462151	0.0377482	0.00786493	0.0103435	0.00803753	0.00470187	0.00320044	0.0080799	0.00384931	0.010246	0.0131174	0.480597	0.0396542	0.0112929	0.00150457	0.00432804
