201	20
1	0.0361158	0.00277178	0.268755	0.325599	0.0109137	0.036508	0.0467049	0.00318446	0.0090796	0.0178691	0.00228506	0.0492265	0.00175595	0.079881	0.0234389	0.00913966	0.0109377	0.0534542	0.00302736	0.00935255
2	0.0593945	0.00672808	0.00066697	0.00609965	0.0248516	0.00103673	0.00129574	0.24005	0.00676571	0.197136	0.162772	0.00419975	0.011416	0.00177797	0.00653029	0.0141269	0.0548338	0.195964	0.00350539	0.000848088
3	0.165981	0.0541095	0.0334349	0.028968	0.00248415	0.0498963	0.0118044	0.0325932	0.0304987	0.0542782	0.0134486	0.026308	0.0100832	0.013078	0.029345	0.183121	0.140642	0.112981	0.00161257	0.00533163
4	0.00847829	0.111452	0.018386	0.0223984	0.0802444	0.0147356	0.11983	0.0128495	0.0146195	0.0570507	0.00442878	0.083088	0.0034682	0.0420659	0.0516741	0.0961108	0.0176543	0.0304378	0.00880084	0.202227
5	0.0771855	0.0167969	0.150762	0.181676	0.0147252	0.0778548	0.0332861	0.00831737	0.0869086	0.0108242	0.00664307	0.0483148	0.0248727	0.0642851	0.0540111	0.0659577	0.035941	0.0251547	0.00502672	0.0114565
6	0.0580026	0.00734195	0.000590132	0.00545818	0.0227679	0.00108047	0.00138581	0.263649	0.00633014	0.169948	0.162495	0.00439512	0.0117977	0.00213946	0.00654488	0.0178465	0.0567113	0.197056	0.00368084	0.000779556
7	0.0680337	0.00843687	0.0761213	0.284173	0.00637498	0.0318002	0.0244696	0.00737983	0.128721	0.0121683	0.00625952	0.0373398	0.00890357	0.119149	0.0411371	0.0773808	0.0299953	0.0231558	0.0024028	0.00659689
8	0.0377519	0.00414677	0.275152	0.303151	0.011228	0.0368055	0.0441274	0.00410589	0.0191758	0.016162	0.00309413	0.0520411	0.00255997	0.071453	0.0269373	0.0158148	0.0131177	0.0478192	0.00334059	0.0120164
9	0.0724885	0.126786	0.0312011	0.0127745	0.0509748	0.0158649	0.0176762	0.130747	0.0175434	0.0676263	0.0303525	0.00934925	0.00718591	0.0127805	0.0247152	0.128863	0.0309065	0.144133	0.0505233	0.0175075
10	0.00833323	0.00126277	0.000892113	0.00203645	0.0241518	0.000714629	0.00476139	0.436849	0.00226199	0.103596	0.0381362	0.00286224	0.0008818	0.00153342	0.00112919	0.00341816	0.0168325	0.349046	0.000272964	0.00102777
11	0.0332736	0.0072817	0.0101969	0.0253265	0.0057634	0.06539	0.0144684	0.0289552	0.23247	0.0548481	0.0525962	0.0316694	0.0058042	0.0289189	0.224839	0.109968	0.0435806	0.012871	0.00694009	0.00483899
12	0.0470588	0.00465897	0.0186985	0.00900417	0.0459349	0.00139825	0.00971338	0.219538	0.00956279	0.0715399	0.0255763	0.00588805	0.00179923	0.0047777	0.00273581	0.0115905	0.0250791	0.464809	0.000758955	0.019878
13	0.0101014	0.00130075	0.000865651	0.00245198	0.0240191	0.000743275	0.00528489	0.419922	0.00251608	0.103068	0.0395771	0.00275588	0.00102306	0.00156789	0.00114801	0.00377222	0.016319	0.362275	0.000274533	0.00101443
14	0.27375	0.0667923	0.00609021	0.0088157	0.00544657	0.0138756	0.00950517	0.0102718	0.0111255	0.0114419	0.00725851	0.022725	0.0910129	0.00850811	0.0128826	0.378377	0.0172417	0.0147543	0.00316326	0.0269612
15	0.00868393	0.00130686	0.00106599	0.00211317	0.0244177	0.000735737	0.00477538	0.434254	0.0023227	0.103031	0.0379437	0.00284483	0.000795263	0.00156553	0.00115455	0.00347547	0.016796	0.351234	0.000274242	0.00121044
16	0.0533468	0.00634792	0.027054	0.0090532	0.0565876	0.00249452	0.0178225	0.188682	0.0114971	0.065823	0.0211527	0.00767759	0.0016067	0.00753996	0.00450041	0.01606	0.0256106	0.440675	0.00168708	0.0347821
17	0.0337516	0.0321407	0.0463932	0.0224017	0.00236508	0.649882	0.0100373	0.011731	0.0228968	0.00655507	0.00410437	0.0173183	0.00518775	0.00429841	0.0714802	0.0345884	0.0066498	0.00511679	0.00798016	0.00512121
18	0.0318822	0.0589733	0.0026931	0.0176237	0.111072	0.0263373	0.0171933	0.0751823	0.0210082	0.101084	0.0784662	0.0076741	0.0139424	0.00829766	0.0479944	0.16595	0.0581461	0.0881814	0.0117633	0.0565347
19	0.0467524	0.0367225	0.032369	0.0126438	0.00276811	0.663593	0.00384171	0.0113476	0.0213792	0.00673306	0.00346612	0.0050473	0.00242753	0.00903894	0.0812413	0.0349772	0.00684891	0.00507727	0.0111296	0.00259508
20	0.0394112	0.0321657	0.0358159	0.0185173	0.0038895	0.621046	0.0085013	0.0231394	0.0243884	0.0109391	0.00630094	0.0134596	0.00593491	0.00826665	0.0708682	0.0385297	0.0109272	0.0146135	0.00837152	0.00491462
21	0.0688611	0.0245778	0.00583404	0.00514623	0.00897737	0.0173807	0.027545	0.215369	0.0145788	0.132707	0.0867181	0.00674171	0.00261061	0.0304383	0.0209906	0.125386	0.0302259	0.163316	0.00494058	0.00765573
22	0.0370544	0.0329315	0.038776	0.01702	0.00324162	0.664532	0.00771809	0.0115034	0.0213142	0.00623333	0.00407542	0.0129251	0.00421927	0.00417796	0.0721993	0.0369435	0.00691691	0.00530997	0.00863034	0.00427822
23	0.0249628	0.0122135	0.0597163	0.0966546	0.00667184	0.0641911	0.0252855	0.0152753	0.22658	0.0162822	0.0282284	0.0921745	0.00711865	0.0443124	0.126119	0.0795608	0.0360799	0.017507	0.00914087	0.0119251
24	0.101244	0.0211562	0.0130298	0.0204349	0.0128154	0.0256539	0.0163354	0.101863	0.0458799	0.0441762	0.0346127	0.0152518	0.00708447	0.0265427	0.067944	0.11754	0.191708	0.118397	0.00577981	0.0125505
25	0.149226	0.0148581	0.0114156	0.0204982	0.0060019	0.0190676	0.0184913	0.0829597	0.0623534	0.0460657	0.0317424	0.0145466	0.00381237	0.0288537	0.0527611	0.0959138	0.190158	0.144129	0.00153532	0.00561064
26	0.0495587	0.00652226	0.00640547	0.00740801	0.0313294	0.00196632	0.00615036	0.232355	0.0123327	0.188004	0.0720092	0.00436108	0.00544589	0.00450992	0.00563397	0.0179071	0.033185	0.305614	0.00208007	0.00722098
27	0.184175	0.0524528	0.0256994	0.0224533	0.00522544	0.0423612	0.0128793	0.0444308	0.028492	0.0472137	0.0194625	0.0239752	0.0125288	0.0175617	0.0315916	0.132999	0.154538	0.131034	0.00275479	0.00817161
28	0.0451738	0.00457179	0.0206771	0.0432539	0.00379529	0.026555	0.0247979	0.0217198	0.243796	0.0751258	0.0618227	0.032495	0.00279383	0.0658683	0.210691	0.0441216	0.0505706	0.0131144	0.00555658	0.00349932
29	0.131046	0.0112737	0.07591	0.272266	0.0107385	0.0360114	0.0399978	0.00309164	0.0893141	0.00685142	0.00924704	0.00927741	0.0103284	0.119321	0.0150928	0.07489	0.0448968	0.0288887	0.00225782	0.0092992
30	0.0333467	0.0081506	0.00729055	0.00663426	0.0887582	0.00263139	0.00841497	0.189327	0.00705019	0.225061	0.0608602	0.00539602	0.00531817	0.00473614	0.00786796	0.0257356	0.0315527	0.261944	0.00270268	0.0172214
31	0.0186385	0.102312	0.0036843	0.00530981	0.201903	0.0159064	0.0514635	0.0211859	0.0064709	0.0428024	0.00741853	0.00560229	0.00254973	0.00662886	0.00875779	0.0163525	0.00789654	0.0199758	0.00193099	0.45321
32	0.018569	0.101722	0.00368056	0.00530516	0.202198	0.0159187	0.0510641	0.0212377	0.00642276	0.0429799	0.00748575	0.00535665	0.00255656	0.00669404	0.00863458	0.016332	0.00787743	0.0199765	0.00190818	0.45408
33	0.00552726	0.00542314	0.00174314	0.00316081	0.105864	0.00089635	0.0033446	0.09466	0.00280235	0.670835	0.0288181	0.00298794	0.00103934	0.00253309	0.00263027	0.00875266	0.00342647	0.0433704	0.00269563	0.00948947
34	0.00813836	0.00126218	0.000919288	0.00201224	0.0242091	0.000713558	0.00478348	0.436985	0.00223433	0.103577	0.0382696	0.00286215	0.000782664	0.00156308	0.0011393	0.00342827	0.0167782	0.349054	0.000269206	0.00101923
35	0.0418844	0.00485968	0.0133634	0.00866932	0.0410886	0.00122782	0.00715145	0.23889	0.00834486	0.0750201	0.027987	0.00450786	0.0019037	0.00333625	0.00214234	0.00959091	0.0217459	0.474603	0.000567238	0.0131168
36	0.0091783	0.00136233	0.0012687	0.00215398	0.0252312	0.000728644	0.00484739	0.427721	0.0023461	0.104101	0.0387931	0.00291017	0.000876567	0.00159213	0.00115841	0.0037292	0.0169356	0.353419	0.000290371	0.0013566
37	0.0282971	0.0126815	0.250627	0.175008	0.00828482	0.151158	0.0501262	0.00847969	0.0289481	0.0170512	0.00650078	0.0546404	0.0109918	0.0466177	0.0473097	0.0387004	0.0168937	0.0325289	0.00315641	0.0119984
38	0.00642288	0.0260296	0.148002	0.0499068	0.00257675	0.372746	0.0398178	0.0117386	0.0382907	0.013175	0.00885086	0.0723535	0.0218957	0.0041817	0.0793151	0.0661575	0.0164686	0.00537092	0.00196872	0.0147312
39	0.0114644	0.00139151	0.00104815	0.00282536	0.0242117	0.000762187	0.00552698	0.40849	0.00263115	0.102452	0.0404594	0.00274513	0.00131036	0.00156321	0.00116723	0.00411013	0.016139	0.370238	0.000284597	0.00117978
40	0.00451719	0.0277941	0.113089	0.0581452	0.00228384	0.365176	0.0440953	0.011892	0.043023	0.0137354	0.0100077	0.0733917	0.0257209	0.0030307	0.0876673	0.0764606	0.0181319	0.00404529	0.00115329	0.0166397
41	0.0434792	0.0380654	0.0144216	0.0095483	0.00182832	0.268375	0.00794832	0.0108625	0.0188782	0.00547757	0.00313109	0.044342	0.00415579	0.00314107	0.033047	0.438901	0.0365481	0.00637022	0.00131019	0.0101692
42	0.0706786	0.0470925	0.00541422	0.00754818	0.00710819	0.0313956	0.0105399	0.222229	0.0147548	0.0588025	0.0307065	0.0103212	0.00365582	0.0319303	0.200866	0.0990252	0.0656565	0.0729035	0.00368509	0.00568736
43	0.00902965	0.00133021	0.00122488	0.00220214	0.0246249	0.000726172	0.00484071	0.43116	0.00238217	0.102705	0.0378561	0.0029033	0.000783177	0.00160662	0.00115943	0.00362434	0.0167609	0.35345	0.000275852	0.00135388
44	0.0088561	0.00132325	0.000847407	0.00204177	0.02376	0.000713088	0.00471485	0.437722	0.0022727	0.105313	0.0404699	0.0028639	0.000979205	0.00153483	0.00118037	0.00352558	0.0174771	0.343096	0.000337742	0.000971644
45	0.236905	0.0477622	0.00524118	0.00784452	0.00536982	0.00971863	0.0141461	0.00940265	0.0142907	0.0107717	0.0069384	0.0263436	0.157766	0.0125137	0.0188234	0.368243	0.0127361	0.0114132	0.00323196	0.020539
46	0.0174779	0.00691069	0.00727523	0.0612488	0.00920423	0.0148113	0.00390326	0.0091256	0.367286	0.00869957	0.0319401	0.0377723	0.00591696	0.0213791	0.262523	0.0498899	0.0354641	0.0166362	0.023105	0.00943012
47	0.0319313	0.0075994	0.068381	0.228919	0.00230543	0.0230388	0.0207616	0.0146272	0.192396	0.0255123	0.0037363	0.0746797	0.00123052	0.0798611	0.0801432	0.0807153	0.0307651	0.0275775	0.00179159	0.0040273
48	0.00499768	0.00610615	0.00114211	0.00181797	0.0367177	0.000500806	0.00353443	0.0900963	0.00355337	0.741912	0.0302073	0.00190719	0.00124093	0.00167828	0.00111857	0.00730042	0.00435199	0.0546628	0.00281405	0.00434027
49	0.0114387	0.00519385	0.00287045	0.00448939	0.16271	0.00134492	0.00403181	0.0919101	0.00349963	0.58362	0.0257357	0.00433346	0.00119087	0.00496837	0.0048208	0.0139931	0.00457669	0.0480175	0.00319169	0.0180632
50	0.00461443	0.0278314	0.113714	0.0589044	0.00231088	0.364953	0.0447413	0.0118728	0.0427275	0.0137949	0.0103153	0.0728693	0.0253344	0.00309006	0.086916	0.0753435	0.0186345	0.00403218	0.00119995	0.0167995
51	0.0355323	0.037095	0.0455493	0.019571	0.00260854	0.640723	0.00911989	0.0111573	0.023476	0.00635607	0.00419398	0.0166672	0.00523651	0.0049733	0.0768405	0.0353809	0.00719328	0.00469542	0.00847674	0.0051537
52	0.0201734	0.0130052	0.00446465	0.00903178	0.0661495	0.00632286	0.129314	0.0556919	0.0185661	0.234086	0.0512765	0.0132373	0.00353247	0.0552292	0.025524	0.0575428	0.0298145	0.114994	0.0235695	0.0684743
53	0.120389	0.0235179	0.00975666	0.0137818	0.00746114	0.0217748	0.0288634	0.0110198	0.039448	0.0126045	0.00754679	0.0175803	0.300552	0.0321954	0.0489229	0.254474	0.0182086	0.0140394	0.00402192	0.0138418
54	0.0150493	0.00818535	0.00156218	0.00417148	0.0387093	0.00261754	0.00359448	0.0978811	0.00564432	0.649507	0.0465429	0.00377173	0.00948489	0.00286764	0.00537207	0.0148965	0.0139235	0.0682156	0.00413253	0.00387094
55	0.183608	0.0545042	0.0262187	0.0222619	0.00526952	0.0642419	0.0106777	0.0335721	0.0235362	0.0439834	0.0161135	0.0245024	0.0202568	0.0158085	0.0288657	0.155832	0.144738	0.115854	0.00249068	0.00766477
56	0.0315028	0.0040346	0.000629885	0.00355479	0.0258001	0.000867653	0.00291008	0.33025	0.00442171	0.183393	0.0995033	0.00328934	0.00540498	0.0018248	0.0034178	0.00897561	0.0346298	0.252754	0.00199718	0.000838793
57	0.0494763	0.00507043	0.0240734	0.00901083	0.0488117	0.00193175	0.0103927	0.208827	0.0109383	0.0647572	0.0205047	0.0072358	0.0014877	0.00543352	0.00313909	0.0139035	0.0268136	0.463898	0.00148332	0.0228111
58	0.16547	0.0528218	0.0338172	0.0225704	0.00222106	0.0448605	0.0113204	0.035892	0.0240764	0.0547529	0.0145456	0.0315825	0.0100086	0.0128072	0.0292457	0.183158	0.154212	0.109091	0.00137209	0.00617553
59	0.0567559	0.00648814	0.000598819	0.00574501	0.0222942	0.000943551	0.00124647	0.257721	0.00591119	0.168994	0.166362	0.00452561	0.0116712	0.00177806	0.00599253	0.0146125	0.0569925	0.207015	0.00355903	0.000793164
60	0.0832863	0.0429484	0.00182371	0.00257732	0.00199737	0.241094	0.00316031	0.00817538	0.0164821	0.00428727	0.00220624	0.032366	0.00166052	0.00337342	0.0235146	0.477038	0.0387193	0.00664495	0.00146892	0.00717523
61	0.024734	0.0189447	0.0784649	0.109278	0.00526653	0.0590405	0.050975	0.0132173	0.147798	0.015773	0.0150053	0.125632	0.00145546	0.0678231	0.0937433	0.0935852	0.0355346	0.0192692	0.00757338	0.0168876
62	0.019448	0.0153372	0.00310941	0.00589329	0.10838	0.00355057	0.124653	0.0435757	0.0163163	0.229145	0.0448557	0.0135371	0.00162647	0.0352853	0.0213146	0.0347511	0.0194008	0.1134	0.0082859	0.138133
63	0.0572368	0.00736617	0.0215382	0.00784207	0.0400423	0.00468567	0.0285668	0.189758	0.0102278	0.115635	0.0394916	0.00620294	0.00191247	0.0178162	0.00682108	0.0329799	0.0215598	0.35736	0.00273009	0.0302264
64	0.0188962	0.00277575	0.0105662	0.0288822	0.00263341	0.0281136	0.0326873	0.0290981	0.195554	0.103491	0.0340693	0.0133004	0.00142181	0.111952	0.319342	0.018206	0.0145015	0.0286808	0.00329422	0.00253429
65	0.163296	0.0357836	0.03025	0.0171196	0.00537163	0.0311306	0.0117559	0.0431121	0.0206498	0.0376046	0.0244654	0.0395889	0.0203581	0.0130971	0.0327016	0.176041	0.190813	0.0891915	0.00187671	0.0157934
66	0.019827	0.149236	0.0140265	0.0191383	0.0424519	0.0170583	0.0887949	0.0343687	0.0209323	0.0869885	0.0178564	0.0393614	0.00756225	0.02463	0.0699705	0.147687	0.0400657	0.0654135	0.0127514	0.0818795
67	0.00518488	0.0059547	0.00114497	0.00257591	0.0803657	0.000678357	0.00188995	0.0848605	0.00287537	0.707886	0.0352367	0.00238416	0.00107432	0.00212232	0.00183289	0.00937211	0.00338204	0.0413776	0.0034901	0.00631089
68	0.00593589	0.00640358	0.000602085	0.00571263	0.0408426	0.00121018	0.00272235	0.088544	0.00460207	0.739863	0.0311753	0.00187533	0.0015273	0.00256253	0.00237129	0.00877837	0.00509387	0.0444121	0.00279222	0.0029735
69	0.0180866	0.0954698	0.0131492	0.0180815	0.0645244	0.0166898	0.0901789	0.0221774	0.0179777	0.0464583	0.0081463	0.0480473	0.00696963	0.0240671	0.049705	0.142491	0.0423802	0.0330906	0.00914173	0.233168
70	0.033407	0.00953912	0.00109304	0.0037285	0.0535	0.00226807	0.00526266	0.126549	0.00581008	0.479849	0.0956989	0.00337759	0.00529741	0.00271232	0.0065345	0.0203415	0.0274686	0.104276	0.00724312	0.00604308
71	0.0722021	0.0434573	0.00178521	0.0026776	0.00187344	0.243875	0.00297152	0.00833402	0.0162717	0.0044352	0.0021867	0.0339252	0.00151439	0.00405366	0.0251067	0.478645	0.0414669	0.00685808	0.00146801	0.00689196
72	0.057273	0.00648642	0.000589853	0.00577393	0.0224822	0.000939102	0.00117912	0.255957	0.00593789	0.171219	0.167928	0.00454446	0.0118832	0.0017457	0.0060685	0.0146344	0.0573286	0.203594	0.00364416	0.000790411
73	0.0188232	0.0981261	0.00391978	0.00552086	0.207444	0.0175555	0.0520642	0.0236107	0.00654251	0.0484034	0.0091205	0.0056008	0.0027534	0.00728294	0.00949602	0.0180244	0.00852934	0.0225782	0.00192495	0.432679
74	0.00900369	0.00136437	0.000907581	0.00207767	0.0243944	0.000713859	0.00466583	0.434871	0.00234368	0.103804	0.0407449	0.00301148	0.000927282	0.00158403	0.00114961	0.00372212	0.0178472	0.345452	0.0003299	0.00108539
75	0.01836	0.00575	0.0207688	0.0717171	0.00643481	0.0116499	0.0047572	0.00806936	0.35846	0.00750626	0.0244489	0.0365622	0.0282304	0.0287344	0.221815	0.0813134	0.0249444	0.0144058	0.0198579	0.00621479
76	0.0238968	0.0111821	0.0060712	0.0416925	0.00746499	0.0172948	0.00465783	0.0148082	0.358247	0.0138593	0.0389225	0.0322837	0.00465336	0.0173987	0.259369	0.0596621	0.0459708	0.0139801	0.0217737	0.00681133
77	0.0245233	0.0115794	0.101343	0.13503	0.00502617	0.0608691	0.0264867	0.0161245	0.177728	0.00615755	0.0110083	0.134313	0.00146915	0.055809	0.072482	0.0869434	0.0402879	0.0163972	0.00421949	0.0122028
78	0.0187248	0.0808132	0.059542	0.0240897	0.00683181	0.0122489	0.0488282	0.0164258	0.0391169	0.030193	0.00715315	0.0165539	0.0459568	0.0481461	0.146503	0.233853	0.0790256	0.0645217	0.0079592	0.0135135
79	0.00355925	0.00561546	0.000289903	0.001627	0.0347659	0.000415099	0.00137079	0.0862549	0.00300233	0.773027	0.030216	0.00153347	0.00103276	0.000823777	0.000679664	0.00630387	0.00285961	0.042304	0.00265747	0.00166132
80	0.0483906	0.00587885	0.000686465	0.00480353	0.0217431	0.000866818	0.00190255	0.303177	0.00655537	0.157935	0.1344	0.00398625	0.00916697	0.00204474	0.00518215	0.0150743	0.0513353	0.223109	0.00297619	0.000785692
81	0.0222867	0.0255187	0.0122403	0.0287596	0.0119081	0.0331362	0.0984101	0.0204216	0.0492637	0.0771683	0.0472781	0.0343701	0.00881932	0.0783548	0.172889	0.118609	0.0285832	0.0325946	0.0789592	0.0204301
82	0.0162168	0.00297312	0.0122849	0.0300927	0.00236431	0.0325094	0.0317306	0.0305642	0.177021	0.108633	0.0332261	0.0140122	0.00129682	0.119616	0.321353	0.0183167	0.0142185	0.0281573	0.00294644	0.00246699
83	0.00558576	0.00648909	0.000684689	0.00219336	0.03543	0.00109232	0.00222256	0.0793665	0.00385272	0.734223	0.0321137	0.0022244	0.00137357	0.00169269	0.00237424	0.00831728	0.00428402	0.0415326	0.0329907	0.0019564
84	0.0645816	0.0335809	0.00415255	0.00607131	0.011954	0.0158882	0.0193565	0.23415	0.0190565	0.101864	0.0902468	0.00729545	0.00315956	0.0268161	0.0266098	0.132211	0.0403769	0.149952	0.00531939	0.00735767
85	0.0839464	0.0427664	0.00184164	0.002614	0.00204174	0.241898	0.00327491	0.00815742	0.0165261	0.00458208	0.00234866	0.0322324	0.00175335	0.00370103	0.023943	0.47427	0.0386574	0.00679284	0.00155319	0.00709964
86	0.0427122	0.013062	0.0887682	0.25021	0.00686843	0.0406951	0.0270794	0.0138571	0.11374	0.0188561	0.00841965	0.0803238	0.00611295	0.0733463	0.0578219	0.0827611	0.0323682	0.0278978	0.00422159	0.0108782
87	0.0513949	0.0356661	0.0301221	0.0184027	0.00316319	0.635505	0.00451026	0.0112595	0.0301431	0.00734488	0.00424366	0.00598283	0.00422962	0.0103559	0.0875085	0.0334231	0.00793571	0.00587721	0.0100181	0.00291331
88	0.0121916	0.00376077	0.00687704	0.00902453	0.292775	0.00231707	0.0039794	0.119114	0.00308439	0.395583	0.0133423	0.00846081	0.00138546	0.00960899	0.00993319	0.0156251	0.0043266	0.0492692	0.00138866	0.0379531
89	0.0462854	0.00369787	0.0113427	0.0109417	0.0389367	0.00120063	0.00739522	0.235461	0.00868966	0.0709082	0.031223	0.00408241	0.00205792	0.00342916	0.00199784	0.00955359	0.0186247	0.481618	0.000537453	0.0120166
90	0.00809124	0.151158	0.011397	0.0163714	0.0518623	0.011979	0.110106	0.0164518	0.0164758	0.046616	0.00252254	0.0922095	0.00159861	0.0226276	0.0603183	0.131428	0.0248297	0.0369556	0.0091489	0.177852
91	0.00499164	0.00660487	0.0011263	0.00261523	0.0798672	0.000731047	0.00204537	0.0890448	0.00293033	0.710021	0.0299634	0.0022749	0.0012578	0.00186922	0.00186184	0.00775808	0.00323021	0.0426496	0.00268879	0.00646809
92	0.0247664	0.0115351	0.101202	0.135195	0.00508059	0.0582296	0.0266608	0.0162483	0.177801	0.0060816	0.0111386	0.135247	0.0012657	0.0564724	0.0722806	0.0871764	0.040548	0.0164816	0.00429561	0.0122925
93	0.129052	0.0104986	0.0766181	0.273922	0.0108755	0.0368792	0.0396178	0.00308191	0.0889043	0.0067382	0.00873426	0.00911697	0.00970502	0.120687	0.0149894	0.0742068	0.0448024	0.029875	0.00216102	0.00953469
94	0.00723323	0.00529353	0.00276479	0.00414026	0.149883	0.00125532	0.0022806	0.095036	0.00292141	0.616704	0.0244205	0.00408934	0.00118273	0.00425444	0.00421133	0.0105676	0.00315611	0.042603	0.00218316	0.0158198
95	0.0151577	0.00183489	0.000834921	0.00258852	0.0237142	0.00071214	0.00396914	0.413571	0.00307566	0.111896	0.0564032	0.00291575	0.0020819	0.00158487	0.0015428	0.00517202	0.0242375	0.326954	0.000756283	0.000998347
96	0.0249132	0.0117814	0.101878	0.13433	0.00510738	0.0581978	0.0263031	0.0163907	0.176912	0.00613676	0.0110165	0.136134	0.00130979	0.0560436	0.0720609	0.0871986	0.0409334	0.0165722	0.00425215	0.0125281
97	0.0187186	0.0294142	0.0099541	0.0478883	0.00461489	0.0528697	0.104024	0.00807801	0.108051	0.0500841	0.0190043	0.0570391	0.0040061	0.139946	0.20328	0.0496006	0.0220505	0.031665	0.0174038	0.0223088
98	0.0289126	0.0919394	0.00323539	0.00540506	0.00421538	0.00635691	0.0198208	0.0202724	0.0787155	0.00784877	0.0150498	0.275326	0.00245766	0.0461376	0.0565449	0.304356	0.00770748	0.00823392	0.00256669	0.0148981
99	0.0526644	0.00590687	0.000561753	0.00513427	0.0242109	0.000911938	0.0013485	0.278393	0.00583837	0.175204	0.151422	0.00409062	0.0107331	0.00172154	0.00561772	0.0135476	0.0519415	0.206593	0.00339906	0.000759948
100	0.00846986	0.00126628	0.00107008	0.00212902	0.0242728	0.000718703	0.00481688	0.436171	0.00227704	0.103205	0.0382985	0.00289865	0.000807153	0.00160612	0.00113395	0.00342123	0.0169422	0.349058	0.000272219	0.00116581
101	0.0893664	0.00910589	0.00371872	0.00858075	0.0187319	0.00630149	0.00620854	0.208326	0.0104569	0.15676	0.0999209	0.00649291	0.0591191	0.00636856	0.010523	0.0193276	0.0582321	0.214243	0.00433259	0.00388306
102	0.0328385	0.0223217	0.0137598	0.0278259	0.0497302	0.0590954	0.117922	0.0198813	0.0415836	0.0628531	0.0155746	0.0230164	0.105032	0.100132	0.0906789	0.101005	0.0254732	0.0236561	0.0107578	0.0568616
103	0.00478234	0.0275183	0.112349	0.0583146	0.00260382	0.360789	0.0445864	0.0118711	0.0433416	0.013802	0.0101093	0.0733008	0.0260248	0.00393447	0.0882642	0.0775477	0.0184387	0.00427866	0.00119641	0.0169474
104	0.0459771	0.00514057	0.000830972	0.00534758	0.0228273	0.000904367	0.00218384	0.282479	0.00496159	0.15139	0.134768	0.00411904	0.0111057	0.00171525	0.00471082	0.0113047	0.0460454	0.260621	0.0026025	0.000965209
105	0.0161042	0.00197117	0.00200244	0.00355422	0.0250058	0.000799625	0.00496883	0.376747	0.00319498	0.102878	0.0517024	0.00308168	0.00200601	0.00188832	0.00143029	0.00492247	0.019298	0.375882	0.000380642	0.00218145
106	0.0182573	0.0144372	0.00689957	0.0153872	0.0111971	0.0167178	0.290089	0.0156319	0.0643906	0.141661	0.0550138	0.0174365	0.00710697	0.0277024	0.192666	0.0321419	0.0177924	0.0320328	0.00999477	0.0134429
107	0.036139	0.00277401	0.268594	0.326106	0.0108431	0.0364564	0.0465337	0.00318006	0.00914216	0.0178218	0.00228506	0.0491742	0.0017566	0.0799601	0.0234292	0.00914903	0.0108546	0.053432	0.00303044	0.00933913
108	0.0168631	0.0389937	0.00308388	0.0057504	0.148222	0.00636819	0.103509	0.0400751	0.0130511	0.1751	0.0353	0.0103739	0.0015359	0.0246327	0.0168549	0.0341404	0.0153992	0.0977947	0.00659779	0.206354
109	0.0563538	0.00660844	0.000586712	0.00543639	0.0229182	0.000894688	0.00121816	0.268783	0.00645156	0.1734	0.158541	0.00425489	0.0114014	0.00184431	0.00606342	0.0158543	0.0560908	0.198836	0.00369415	0.000769374
110	0.0692515	0.0237417	0.0025313	0.00649489	0.0167512	0.0104627	0.00844694	0.235426	0.0125136	0.139331	0.108741	0.0114835	0.00650851	0.0123586	0.0434919	0.0694224	0.0619714	0.152045	0.00330326	0.00572374
111	0.0248138	0.0523391	0.0434308	0.0527885	0.00641659	0.0291732	0.086086	0.0122551	0.0561669	0.0493378	0.0107217	0.0567587	0.0090224	0.0904592	0.13273	0.163146	0.047315	0.0303155	0.0170964	0.0296273
112	0.0231671	0.0458046	0.00877547	0.0474463	0.0057554	0.0639972	0.129837	0.00321102	0.0801271	0.0550817	0.0214107	0.0779487	0.00200357	0.0969498	0.150551	0.0699335	0.0280024	0.0373088	0.0166429	0.0360457
113	0.06384	0.00626913	0.000913852	0.00625857	0.0225387	0.00119457	0.0017959	0.237288	0.0064605	0.17108	0.144003	0.00408616	0.0176433	0.00194298	0.00624986	0.0140604	0.0529074	0.237104	0.00330112	0.00106187
114	0.0204426	0.018005	0.00712742	0.0274068	0.00966104	0.0286313	0.162885	0.0168848	0.104805	0.0741044	0.0486773	0.0281777	0.00484797	0.0630933	0.251121	0.0364102	0.0211777	0.0492972	0.00960069	0.0176433
115	0.0691761	0.0375692	0.0180543	0.0228536	0.0223715	0.033408	0.0213293	0.0569109	0.0292498	0.107532	0.0320655	0.0194857	0.0114681	0.0203085	0.0449022	0.223567	0.127803	0.0751978	0.00851034	0.0182368
116	0.00601882	0.00535906	0.000649842	0.00185491	0.0364947	0.000489208	0.00174171	0.117525	0.00301903	0.696152	0.034749	0.00174504	0.00142878	0.00106367	0.000938139	0.00656019	0.00608668	0.073714	0.00239968	0.00201045
117	0.146056	0.0185772	0.0145251	0.0171341	0.00749888	0.0216178	0.0185161	0.0842584	0.0515661	0.0398363	0.0361256	0.0215721	0.00546326	0.0260558	0.0428271	0.114467	0.194894	0.129335	0.00180875	0.00786575
118	0.045541	0.00364626	0.0108855	0.010746	0.0383744	0.00118856	0.00724514	0.238237	0.00862808	0.0715489	0.0317189	0.00393947	0.00206543	0.00331964	0.00199134	0.00946074	0.0183978	0.480982	0.000531488	0.0115522
119	0.0335471	0.0544019	0.00265556	0.0178098	0.110358	0.0248574	0.0152069	0.0816467	0.0218691	0.102161	0.0765443	0.00714072	0.0154755	0.00773364	0.0491341	0.166663	0.0645219	0.0899715	0.0126215	0.0456801
120	0.0272261	0.0155092	0.00406882	0.00731051	0.0902045	0.00569395	0.10694	0.069006	0.0158956	0.219264	0.0569084	0.0119396	0.00258628	0.0347615	0.0246453	0.0538629	0.0241553	0.121945	0.00888838	0.0991887
121	0.0275092	0.00633071	0.00043561	0.00340354	0.0314522	0.000705755	0.00126394	0.144965	0.00451113	0.53728	0.0898492	0.00255041	0.00477816	0.00137224	0.00341478	0.00954793	0.0243107	0.101812	0.00322085	0.00128686
122	0.0269465	0.0175661	0.0340536	0.0615128	0.00525945	0.0590378	0.0447868	0.0180381	0.159193	0.0373681	0.0229291	0.0706885	0.00931215	0.0807221	0.187189	0.0644596	0.0550567	0.0226093	0.00970358	0.0135671
123	0.0514375	0.0168851	0.00649359	0.0068938	0.0196927	0.00962582	0.0238179	0.224327	0.0123576	0.103388	0.0806002	0.00549629	0.00307734	0.0185938	0.0116476	0.0884824	0.0241507	0.280748	0.00376245	0.00852129
124	0.00355925	0.00561546	0.000289903	0.001627	0.0347659	0.000415099	0.00137079	0.0862549	0.00300233	0.773027	0.030216	0.00153347	0.00103276	0.000823777	0.000679664	0.00630387	0.00285961	0.042304	0.00265747	0.00166132
125	0.0387661	0.00635961	0.288398	0.26468	0.010987	0.0388923	0.0425619	0.00748597	0.0187126	0.0187276	0.0046112	0.045302	0.00299208	0.0797437	0.0266625	0.0185425	0.0152999	0.0576633	0.00348611	0.0101254
126	0.0037011	0.00619998	0.000404609	0.0017239	0.0431752	0.000466866	0.0015629	0.085065	0.00293802	0.762116	0.0319851	0.00159836	0.00107281	0.000875194	0.000806241	0.00667069	0.00297261	0.0417567	0.00290868	0.00200048
127	0.108394	0.00876318	0.0786214	0.309988	0.00918381	0.0405581	0.0306689	0.00343449	0.0882478	0.00744761	0.00686561	0.0122455	0.0087984	0.128379	0.0178307	0.0672161	0.0357848	0.0273949	0.00242225	0.00775639
128	0.0149803	0.0241431	0.00265034	0.0165991	0.109335	0.00665967	0.0900591	0.033614	0.0314706	0.232982	0.0328797	0.0109308	0.0036604	0.0326359	0.0282542	0.0769422	0.0298241	0.121839	0.0198281	0.0807121
129	0.0160093	0.0110674	0.00361231	0.00819618	0.112713	0.00429244	0.154372	0.033571	0.0252761	0.225988	0.0494163	0.0298295	0.00273979	0.0445407	0.0204372	0.0341218	0.0178266	0.105103	0.00897049	0.091917
130	0.00407182	0.00566359	0.000291344	0.00167506	0.0346191	0.000423979	0.0013791	0.0874412	0.0030035	0.768428	0.0313053	0.00154654	0.00108001	0.000881125	0.000733189	0.00637748	0.00326324	0.0434794	0.00266787	0.00166952
131	0.0235715	0.0070831	0.00714283	0.0533333	0.00797421	0.0146478	0.00625214	0.010323	0.342308	0.0137186	0.0305844	0.0449159	0.00520609	0.0222205	0.280303	0.0453127	0.0392329	0.0190706	0.0188994	0.00789914
132	0.0175392	0.103082	0.00453547	0.0063627	0.183375	0.0151296	0.0577192	0.0202878	0.00720671	0.0430987	0.00675165	0.0123432	0.00254271	0.00850919	0.0126621	0.02548	0.00909596	0.0209297	0.00262962	0.44072
133	0.00404405	0.00557221	0.00034392	0.00173195	0.0357383	0.000433168	0.00142641	0.0902625	0.00301965	0.761459	0.0311089	0.00162969	0.00113359	0.000871096	0.000819373	0.00644676	0.00347358	0.04596	0.00265767	0.00186844
134	0.0533343	0.0391737	0.00177818	0.00281447	0.00193844	0.235914	0.00300082	0.00888088	0.0167365	0.00452299	0.0022298	0.0457536	0.00123462	0.00353228	0.0252763	0.499312	0.039098	0.00683586	0.00139133	0.00724153
135	0.00354819	0.00583915	0.00029995	0.00162394	0.0363203	0.00042954	0.00137709	0.0857234	0.00297697	0.771791	0.0305038	0.00152863	0.00105472	0.000827282	0.000682973	0.00636319	0.0028296	0.0419499	0.00268272	0.00164821
136	0.0148982	0.0213141	0.0499581	0.0330812	0.00524299	0.23153	0.0615878	0.0135253	0.0585948	0.0371375	0.0143723	0.0585033	0.0295341	0.020117	0.182054	0.115033	0.0218218	0.01241	0.00518057	0.0141041
137	0.00355925	0.00561546	0.000289903	0.001627	0.0347659	0.000415099	0.00137079	0.0862549	0.00300233	0.773027	0.030216	0.00153347	0.00103276	0.000823777	0.000679664	0.00630387	0.00285961	0.042304	0.00265747	0.00166132
138	0.0850299	0.0196639	0.0132352	0.0175788	0.0094501	0.024229	0.0486664	0.0132187	0.0448724	0.0189778	0.00904748	0.0164321	0.305572	0.040087	0.0611632	0.214873	0.0211774	0.0188845	0.00410549	0.0137364
139	0.050011	0.00645152	0.0412953	0.0855022	0.00299518	0.0265108	0.0104548	0.00938431	0.21698	0.0109436	0.0120943	0.0151177	0.132575	0.0832625	0.142075	0.113378	0.014129	0.0169214	0.00439673	0.00552156
140	0.0352954	0.00832922	0.0721938	0.23015	0.00271168	0.0274518	0.0200232	0.0128248	0.187129	0.0224669	0.00408764	0.0766262	0.00123844	0.0824743	0.0748777	0.079265	0.0319387	0.0243663	0.0020664	0.00448412
141	0.0575101	0.00705676	0.00069105	0.00548097	0.0230154	0.00109672	0.00130656	0.26558	0.00637215	0.170999	0.160517	0.00427868	0.0115362	0.00202522	0.00605624	0.0172401	0.0561276	0.198186	0.00409641	0.000827879
142	0.104661	0.00818416	0.0888672	0.226769	0.00845126	0.0755372	0.025882	0.00592277	0.111908	0.0151891	0.00462783	0.0326353	0.00587092	0.0742361	0.0488915	0.0683006	0.0409492	0.0420523	0.00371083	0.00735431
143	0.00370167	0.0056885	0.000304464	0.00163263	0.0360362	0.000437561	0.00141567	0.0850225	0.00302523	0.770886	0.0313577	0.00158045	0.00107457	0.000882378	0.00069575	0.00653563	0.00296438	0.0420229	0.00302342	0.00171202
144	0.0128847	0.0210048	0.00516682	0.132067	0.00454279	0.0232427	0.118326	0.00719684	0.14697	0.00836352	0.00532696	0.0101916	0.0187163	0.281275	0.09789	0.0316409	0.0078328	0.0587869	0.004217	0.00435641
145	0.00719206	0.134579	0.0146729	0.0194714	0.0561994	0.0154856	0.119413	0.0128504	0.0152194	0.0600278	0.00231143	0.0952131	0.00167981	0.0237058	0.0568017	0.115649	0.0196703	0.0355469	0.0110088	0.183303
146	0.00401919	0.00573213	0.000338742	0.00167007	0.036051	0.000598453	0.0015923	0.0854646	0.0030392	0.768808	0.031137	0.00159387	0.0010948	0.00111453	0.00078278	0.00670907	0.00310423	0.0425308	0.00286058	0.00175844
147	0.0630591	0.0132972	0.0435734	0.263972	0.00832301	0.0222371	0.0459242	0.0116917	0.0606386	0.0140523	0.00775165	0.0127648	0.00969389	0.261202	0.035409	0.0414842	0.0214199	0.0520559	0.00391707	0.00753309
148	0.108251	0.0186414	0.00618946	0.0147664	0.0323836	0.0163898	0.0134168	0.134969	0.0277874	0.0741993	0.0873717	0.0131987	0.0080592	0.0160082	0.0339703	0.105058	0.136643	0.130324	0.00545505	0.0169176
149	0.00746352	0.0056277	0.000417833	0.00190862	0.0375034	0.000513156	0.00151477	0.0965446	0.00335632	0.730935	0.0385829	0.00167042	0.00159674	0.0009762	0.00112219	0.00721388	0.00589601	0.0523903	0.00274999	0.00201691
150	0.0371541	0.00369572	0.290902	0.302103	0.0110351	0.0359718	0.0475852	0.00359537	0.011006	0.0167702	0.00250714	0.0510198	0.00240928	0.0742541	0.0233974	0.0105853	0.0112338	0.0518087	0.00311047	0.00985561
151	0.0582052	0.0064776	0.000601485	0.00578169	0.0246879	0.00100998	0.00129678	0.246127	0.00658306	0.195011	0.159611	0.00411666	0.0110297	0.00174572	0.00633857	0.0138976	0.0542821	0.198893	0.00346171	0.000842378
152	0.0574248	0.0338145	0.0119156	0.0142183	0.00874675	0.145251	0.0119869	0.0285496	0.0333368	0.0245739	0.0131177	0.0240381	0.00908819	0.0173938	0.0970609	0.315105	0.0906819	0.0508128	0.00425024	0.00863289
153	0.0727975	0.00752397	0.181158	0.228311	0.0133594	0.0751653	0.0276064	0.00543127	0.0768432	0.0111051	0.00442779	0.0502341	0.00510066	0.0656206	0.0495842	0.0435208	0.0242272	0.0372199	0.008003	0.0127611
154	0.0163554	0.00355563	0.033524	0.0475691	0.00277122	0.0520978	0.0328956	0.0489607	0.151231	0.119165	0.0407355	0.0288645	0.00231269	0.143883	0.192056	0.0386405	0.0255723	0.0146165	0.00213256	0.00306049
155	0.00422646	0.00651472	0.000322746	0.00169831	0.0421922	0.000576631	0.00154115	0.0840917	0.00301925	0.758787	0.0348105	0.00155168	0.00108828	0.000902596	0.000976674	0.00730641	0.00327562	0.0419656	0.00320299	0.00194962
156	0.0684419	0.0110077	0.0354088	0.0793143	0.00446684	0.0596005	0.0144681	0.0216058	0.129034	0.0197646	0.00631806	0.0204291	0.156454	0.110307	0.129032	0.071744	0.0327265	0.0154027	0.00249453	0.01198
157	0.0218448	0.0492361	0.00840918	0.046291	0.00542363	0.0635586	0.130717	0.00341794	0.0859762	0.0554017	0.0198915	0.0750567	0.00211565	0.0964963	0.15254	0.0680377	0.0293229	0.0348242	0.0158109	0.0356283
158	0.00355925	0.00561546	0.000289903	0.001627	0.0347659	0.000415099	0.00137079	0.0862549	0.00300233	0.773027	0.030216	0.00153347	0.00103276	0.000823777	0.000679664	0.00630387	0.00285961	0.042304	0.00265747	0.00166132
159	0.131398	0.00708051	0.00662837	0.0222763	0.00697265	0.014009	0.0153523	0.0988133	0.0925163	0.0429604	0.0392309	0.00987704	0.00214125	0.0301833	0.0574845	0.0773579	0.180192	0.156857	0.00217164	0.00649713
160	0.00763023	0.131884	0.0131219	0.0202275	0.0496414	0.0137567	0.131539	0.0133763	0.0147446	0.0538745	0.00262287	0.098861	0.00145043	0.0211524	0.0565287	0.120851	0.0202814	0.0388351	0.00948016	0.180141
161	0.00683781	0.00567786	0.000329434	0.00190942	0.0347708	0.000473876	0.00137516	0.097142	0.00317088	0.733235	0.038614	0.00198685	0.00190646	0.000861782	0.0011897	0.00692936	0.00655147	0.0525744	0.00273343	0.00173027
162	0.0132924	0.00352835	0.0077869	0.00916422	0.313804	0.00260787	0.0046878	0.123888	0.00340053	0.358399	0.0119111	0.00852868	0.00145419	0.010761	0.0114421	0.0167254	0.00459569	0.0513087	0.0013401	0.0413737
163	0.152696	0.019917	0.0111783	0.0145393	0.00788546	0.0945741	0.0135628	0.0997932	0.0358594	0.0357849	0.0396826	0.0136196	0.00575589	0.0347813	0.0514407	0.0748359	0.141484	0.142056	0.00332416	0.007229
164	0.0246038	0.0113908	0.101141	0.135917	0.00532801	0.0579052	0.026635	0.0165904	0.179034	0.00628117	0.0111025	0.134279	0.00129617	0.0561192	0.0718138	0.0864343	0.0405001	0.0168843	0.0042731	0.0124717
165	0.00885805	0.0055365	0.000396283	0.00204762	0.0336254	0.000499688	0.00153051	0.115066	0.00330932	0.690492	0.0427518	0.00180201	0.00190374	0.00104853	0.00115665	0.00699661	0.00820487	0.070499	0.00269539	0.00157936
166	0.0197426	0.0743496	0.0488282	0.0496952	0.0132214	0.0142086	0.0764994	0.02376	0.0397737	0.0545011	0.00642197	0.0357049	0.0133519	0.0686197	0.108447	0.208261	0.0577266	0.0303432	0.0133296	0.0432149
167	0.00362823	0.00556783	0.000311276	0.0016142	0.0348477	0.00042306	0.00142783	0.091921	0.0029916	0.763781	0.030391	0.00156141	0.00105332	0.000841191	0.000690636	0.00621955	0.00308104	0.0453584	0.0026137	0.00167616
168	0.0481071	0.041626	0.012464	0.0339477	0.0538942	0.0338041	0.0388516	0.0645903	0.0380572	0.0436104	0.0265355	0.0249547	0.025251	0.039382	0.0769318	0.21403	0.0694749	0.0400878	0.0342254	0.0401748
169	0.0393428	0.0529593	0.0028348	0.0200892	0.0749462	0.0267951	0.0159647	0.0930941	0.0254864	0.107432	0.0753236	0.00754022	0.0149392	0.00816721	0.0486558	0.166462	0.0630645	0.0962131	0.0147006	0.0459893
170	0.153402	0.0463083	0.0343557	0.0254476	0.00363485	0.043698	0.014278	0.0463197	0.0294286	0.0603229	0.0191096	0.0264757	0.00779942	0.0165996	0.0367996	0.154427	0.149605	0.123945	0.00165065	0.00639411
171	0.00355925	0.00561546	0.000289903	0.001627	0.0347659	0.000415099	0.00137079	0.0862549	0.00300233	0.773027	0.030216	0.00153347	0.00103276	0.000823777	0.000679664	0.00630387	0.00285961	0.042304	0.00265747	0.00166132
172	0.0907522	0.0575557	0.00587711	0.00775557	0.00472165	0.209327	0.00736333	0.0256538	0.041389	0.0391198	0.00609556	0.00687792	0.0183852	0.119747	0.136287	0.135217	0.0555827	0.00959243	0.0179247	0.00477508
173	0.025093	0.0115004	0.100973	0.136584	0.00504238	0.0578916	0.0263615	0.016181	0.178498	0.00632113	0.0109406	0.133676	0.00125581	0.0570452	0.0722866	0.0867506	0.0407395	0.0165601	0.00430425	0.0119958
174	0.0135534	0.0060311	0.000359063	0.00232482	0.0383381	0.000594618	0.0015451	0.102762	0.00361818	0.674276	0.0593567	0.00192455	0.00276614	0.00110221	0.00189821	0.00822756	0.0110678	0.0647878	0.00401317	0.00145348
175	0.00586651	0.00644053	0.00058998	0.00225502	0.0422885	0.000993519	0.00282815	0.0824777	0.00329805	0.740831	0.0392983	0.00193708	0.00132921	0.00172022	0.00193076	0.00943393	0.00452198	0.0442308	0.00547143	0.00225691
176	0.103258	0.00499068	0.00370064	0.215884	0.0374943	0.00551132	0.0356143	0.102328	0.0816019	0.0837203	0.0060768	0.00558634	0.00274116	0.070665	0.064375	0.0137164	0.073509	0.0819983	0.00260623	0.00462226
177	0.0125659	0.15093	0.0103266	0.0141341	0.0598691	0.0107853	0.119335	0.0196625	0.0126884	0.0476206	0.00364666	0.0642917	0.00197086	0.0185629	0.0651971	0.135409	0.0301681	0.0409481	0.0107256	0.171163
178	0.00389223	0.0057339	0.000556094	0.00184471	0.0440425	0.000505174	0.00158288	0.0858746	0.00302749	0.760515	0.0303216	0.00175232	0.00105536	0.00119501	0.000975591	0.00677036	0.00301521	0.04202	0.00271847	0.00260183
179	0.031703	0.011958	0.0474902	0.0446692	0.0126882	0.041147	0.0128219	0.122561	0.114873	0.0216189	0.0168463	0.0158329	0.0072065	0.0422442	0.059998	0.0805354	0.166621	0.0866965	0.0297024	0.0327869
180	0.0207049	0.00447782	0.00225626	0.00381358	0.0559352	0.00142315	0.00526899	0.257756	0.00408811	0.321575	0.0606148	0.00350723	0.00288824	0.00570135	0.00366563	0.011984	0.0199016	0.205555	0.00176598	0.00711736
181	0.0116812	0.00483595	0.00582917	0.00780317	0.263255	0.00240827	0.00769183	0.110631	0.00341362	0.424111	0.0201909	0.0069611	0.00144626	0.00946435	0.00945165	0.0162357	0.00523374	0.0510597	0.00217183	0.0361245
182	0.0741258	0.0116703	0.0353168	0.0833691	0.00391813	0.0579269	0.0150458	0.016446	0.125662	0.0213553	0.00564195	0.0208877	0.162659	0.110652	0.132445	0.0670365	0.0281634	0.0162267	0.00168265	0.00976783
183	0.0335619	0.0920139	0.00313209	0.00510668	0.00411081	0.00532763	0.0164167	0.0175008	0.0870101	0.00735151	0.0173301	0.273874	0.00248971	0.037773	0.0607385	0.301538	0.00742665	0.00766493	0.0026777	0.016955
184	0.00392056	0.00571618	0.000311785	0.00164016	0.0363665	0.000452614	0.00141692	0.0851631	0.00297931	0.769058	0.0320193	0.00157462	0.00107215	0.000834122	0.000716799	0.0065685	0.00308975	0.0424316	0.00301504	0.00165296
185	0.0159665	0.00291389	0.0117138	0.0329643	0.00247929	0.0313947	0.0323293	0.0319856	0.183839	0.113129	0.0309776	0.0122999	0.00129687	0.1203	0.308007	0.016765	0.0130202	0.0336444	0.00259776	0.00237638
186	0.0235694	0.0450131	0.00862111	0.0482027	0.00589183	0.0650591	0.128945	0.00322611	0.080086	0.0547157	0.021924	0.0782752	0.00211436	0.0962754	0.150042	0.0699277	0.027593	0.037599	0.0169709	0.0359481
187	0.00356152	0.0059948	0.000298942	0.001638	0.0373631	0.000432912	0.0014061	0.085515	0.00296797	0.770335	0.030811	0.00152907	0.00107768	0.000828876	0.000692918	0.00645927	0.002837	0.0418823	0.00272866	0.00164008
188	0.0162695	0.139781	0.00877801	0.0155042	0.0615096	0.0125902	0.104329	0.0376885	0.015171	0.0667212	0.0155759	0.0475128	0.0042769	0.0163145	0.060419	0.141834	0.0412379	0.0562212	0.0157071	0.122558
189	0.0134364	0.00349611	0.00768622	0.00907306	0.3148	0.0026482	0.00436157	0.12558	0.00327802	0.35701	0.0117073	0.0084865	0.00143867	0.0105735	0.0112474	0.016378	0.00448667	0.0519576	0.0012874	0.0410688
190	0.0617677	0.010745	0.000954216	0.00606407	0.0295287	0.00218417	0.00243759	0.213979	0.00729506	0.20058	0.168999	0.00462463	0.0111526	0.00276651	0.0109212	0.0210348	0.0544053	0.184169	0.00425843	0.00213352
191	0.0759343	0.00761646	0.0179855	0.0358641	0.00542251	0.0345975	0.0285365	0.00996154	0.0924196	0.0126972	0.00675024	0.0115406	0.304324	0.0694436	0.0985491	0.152664	0.0143856	0.0119631	0.00237789	0.00696707
192	0.0270819	0.0333394	0.00842688	0.0633524	0.00956406	0.0614365	0.115309	0.00396083	0.0767024	0.0534098	0.0292269	0.0948887	0.00210662	0.0847949	0.144995	0.070528	0.0219491	0.0405088	0.0170713	0.0413483
