269	20
1	0.0404771	0.00340949	0.000558829	0.0101279	0.00731652	0.00348345	0.000893978	0.363758	0.00140991	0.139443	0.0296127	0.00312234	0.00131084	0.00153522	0.00117346	0.0225679	0.0938721	0.272343	0.000883116	0.00270065
2	0.0550165	0.0156446	0.000106905	0.000485112	0.0817775	0.0112802	0.000465759	0.274484	0.000228792	0.233887	0.0295921	0.000359621	0.000941051	0.000272912	0.000241161	0.0109403	0.0238333	0.250921	0.00464957	0.00487314
3	0.192692	0.00516537	0.000116244	0.000217242	0.0681366	0.104381	0.000278696	0.171781	0.000278905	0.185588	0.0240271	0.00330284	0.000329689	0.000303319	0.000173182	0.0368671	0.0289357	0.175232	0.0016531	0.000541133
4	0.185622	0.00401866	0.000130711	0.000238027	0.072201	0.110256	0.000293463	0.172661	0.000311899	0.18305	0.0250451	0.00391855	0.000349837	0.000340173	0.000186419	0.0323985	0.0265664	0.180663	0.00122063	0.000528161
5	0.0420336	0.0057272	0.000409708	0.000664854	0.240529	0.0282771	0.0014421	0.141048	0.00296821	0.101352	0.0106063	0.00134148	0.00267761	0.000942005	0.00442265	0.0127947	0.00525288	0.195424	0.0443614	0.157725
6	0.0592062	0.0171211	0.000189328	0.000839218	0.101676	0.0147458	0.000876159	0.221	0.000261909	0.259061	0.0427533	0.00076711	0.00173433	0.000654631	0.000587286	0.0150806	0.0333612	0.221886	0.00426101	0.00393771
7	0.189158	0.00410545	0.000129553	0.000233581	0.0730087	0.110294	0.000288868	0.171538	0.000298185	0.18267	0.0246548	0.00369006	0.000324371	0.000329101	0.000185615	0.0337146	0.0274025	0.176102	0.001315	0.000556791
8	0.0263994	0.00394214	0.00031703	0.00441016	0.0059359	0.00171544	0.000616991	0.337511	0.000741132	0.130815	0.0436366	0.00305405	0.000610953	0.000580819	0.000690607	0.00944532	0.0624069	0.36563	0.000622901	0.000917818
9	0.192405	0.00465915	0.000140495	0.000258739	0.0692923	0.107253	0.000300403	0.17073	0.000298976	0.185431	0.0251563	0.00333735	0.000348504	0.000318456	0.000227907	0.0379504	0.0282723	0.171527	0.00155626	0.000535514
10	0.193036	0.0151451	0.000465007	0.000781847	0.065732	0.23745	0.00086526	0.0635276	0.000810275	0.119943	0.00535333	0.00112634	0.000971159	0.00104309	0.000756242	0.0540479	0.0215561	0.165939	0.0337116	0.0177383
11	0.0507517	0.0070142	0.000627034	0.000895899	0.0875202	0.00529521	0.00452453	0.311609	0.00313831	0.124213	0.0346167	0.00125781	0.00481041	0.00147391	0.00254885	0.00985601	0.0196859	0.271064	0.016175	0.0429217
12	0.470537	0.0351357	0.00089352	0.000714289	0.00759844	0.203306	0.000664279	0.0285869	0.000642048	0.0173035	0.0139799	0.00199984	0.00286707	0.00213723	0.000497487	0.0885908	0.0710816	0.0519723	0.000617311	0.000874551
13	0.0273461	0.00197541	0.000918883	0.00118959	0.127748	0.00384664	0.00357217	0.0619946	0.00249778	0.128882	0.0360944	0.00509127	0.00137279	0.0118898	0.00221374	0.00808246	0.0194377	0.0763703	0.247591	0.231885
14	0.00817388	0.000968703	0.00045581	0.000660137	0.187161	0.00228737	0.0217447	0.0186128	0.000763365	0.0530753	0.00335177	0.00115568	0.000699174	0.000873357	0.000675312	0.00436881	0.00390273	0.0172322	0.0192437	0.654594
15	0.032185	0.00181533	0.000399115	0.000859225	0.310121	0.0126597	0.00282434	0.110269	0.00153229	0.232281	0.0335812	0.0015435	0.00378635	0.00128607	0.00282843	0.00885715	0.0184851	0.0837537	0.0179157	0.123016
16	0.0234777	0.00320538	0.00137307	0.017781	0.125235	0.00739647	0.0209025	0.0647029	0.00220834	0.514529	0.0868559	0.0053402	0.0104955	0.00600694	0.00292208	0.0196618	0.0227304	0.0427845	0.0101437	0.0122475
17	0.625636	0.0189292	0.0050869	0.000841902	0.00570144	0.113917	0.00115379	0.0147909	0.000456182	0.00449101	0.0051853	0.00563938	0.00279472	0.00600145	0.000421077	0.128746	0.0274047	0.0315605	0.000476405	0.000766479
18	0.0551141	0.000989486	0.0124832	0.00854502	0.00252527	0.820473	0.000883197	0.00361851	0.00685014	0.00386883	0.00333544	0.0161294	0.000620634	0.00179985	0.00607493	0.0469979	0.00350128	0.00373649	0.000914628	0.00153855
19	0.0672879	0.00117685	0.0448905	0.0481454	0.00323398	0.0611089	0.0192306	0.00823494	0.289667	0.0220682	0.00494543	0.0568159	0.0155473	0.0428219	0.22047	0.051292	0.0188695	0.014037	0.00561621	0.0045407
20	0.103941	0.0051611	0.00113157	0.0188562	0.00720359	0.179524	0.02254	0.00917786	0.0585299	0.0143828	0.00702782	0.0892084	0.00411831	0.00617178	0.00483831	0.350625	0.0997078	0.0100133	0.00217102	0.00567015
21	0.0309388	0.00066893	0.000122284	0.0082107	0.0434443	0.00282877	0.00049093	0.194374	0.000280507	0.462337	0.11867	0.00330495	0.000459496	0.00254677	0.000218682	0.00868504	0.0200334	0.0983582	0.000392217	0.00363548
22	0.0420217	0.00285589	0.00157727	0.00293527	0.00778681	0.147095	0.00578744	0.0289958	0.023507	0.0133699	0.0079884	0.0451489	0.194898	0.0232964	0.0402312	0.164819	0.227593	0.0133526	0.00273251	0.00400774
23	0.0666716	0.00591441	0.00353865	0.00212576	0.0867075	0.0170587	0.00380823	0.220464	0.00287999	0.0745854	0.049319	0.0058318	0.0212204	0.0012755	0.00132452	0.0332641	0.0574582	0.3146	0.00290869	0.0290433
24	0.048963	0.0124673	0.000925067	0.00261674	0.0091153	0.00493641	0.00157046	0.290845	0.00219832	0.0703679	0.0309772	0.00522058	0.00238281	0.00137586	0.00175766	0.0141493	0.0744412	0.42101	0.00140245	0.00327791
25	0.13797	0.00351611	0.00842622	0.00685998	0.00310011	0.704293	0.00156719	0.0045364	0.00462604	0.00550262	0.00512139	0.012044	0.000602805	0.0033631	0.00473816	0.0729874	0.0112844	0.00739547	0.000818222	0.00124747
26	0.217348	0.0242427	0.00130236	0.00171963	0.0780728	0.130362	0.00247928	0.0868673	0.00263958	0.167843	0.0214621	0.00333642	0.00208752	0.00280823	0.00224051	0.153575	0.0330289	0.0553853	0.00814897	0.00505099
27	0.455527	0.00460695	0.0107018	0.00175868	0.00356825	0.156012	0.00184325	0.00993035	0.000447195	0.00500109	0.00609088	0.0237905	0.000613157	0.00776435	0.000450994	0.245814	0.0427694	0.021889	0.000514879	0.000906224
28	0.0292116	0.000833636	0.000209213	0.00470996	0.0532441	0.00322318	0.000353146	0.205332	0.00042437	0.442795	0.124513	0.00244322	0.00034325	0.00212921	0.000328083	0.00929061	0.0194382	0.0970402	0.000667332	0.00347054
29	0.0273127	0.00643026	0.000194215	0.0011565	0.112477	0.00418636	0.00105954	0.286964	0.00163077	0.244345	0.0495459	0.000675715	0.00250852	0.000966672	0.00188326	0.00658602	0.0280925	0.201352	0.0128602	0.00977395
30	0.293028	0.0133156	0.00055467	0.000889712	0.0356114	0.205253	0.00141928	0.0287839	0.00164176	0.0835615	0.0750134	0.00269776	0.00242213	0.00255782	0.000794535	0.100443	0.0769737	0.067153	0.0053018	0.00258415
31	0.27648	0.00967328	0.00241463	0.00105725	0.0141328	0.0295126	0.00143536	0.0329387	0.00216353	0.0284096	0.0267358	0.0290079	0.00502751	0.00424315	0.00126169	0.247082	0.232099	0.0502227	0.0023832	0.00371971
32	0.0211314	0.0027607	0.14731	0.0131642	0.00763094	0.0146786	0.00529321	0.0115784	0.0121192	0.0136815	0.00676219	0.377711	0.00187762	0.00363651	0.00269145	0.29571	0.0404796	0.0138417	0.00234551	0.0055962
33	0.040102	0.0118949	0.000172546	0.00161487	0.0613361	0.00643104	0.000595394	0.312038	0.000290494	0.231494	0.0372697	0.000823526	0.00158738	0.00040798	0.000408921	0.00790444	0.0257329	0.250692	0.00443828	0.00476635
34	0.130777	0.00304071	0.00833422	0.00794517	0.00630251	0.542855	0.00456524	0.0065301	0.0106088	0.00795988	0.00606844	0.0242561	0.00127782	0.0047008	0.00403217	0.193044	0.0239777	0.00971096	0.00128793	0.00272548
35	0.580203	0.0356315	0.00140604	0.000583312	0.00920119	0.0802555	0.000720467	0.0297161	0.000918523	0.00765901	0.00887688	0.00350132	0.00728592	0.00217184	0.000543463	0.106507	0.0585981	0.0643404	0.000696233	0.00118488
36	0.075072	0.00381271	0.059529	0.0983308	0.0108178	0.0317467	0.0571841	0.0457692	0.00869528	0.0703491	0.0172041	0.0960989	0.00830882	0.0699505	0.0123529	0.117694	0.103734	0.0970805	0.00620146	0.0100688
37	0.0628517	0.00674426	0.0245512	0.10374	0.0158411	0.030147	0.189932	0.0266049	0.00589723	0.0320922	0.0479653	0.040981	0.00839609	0.083542	0.00914595	0.132904	0.128217	0.03493	0.00632238	0.0091948
38	0.0269776	0.00164464	0.000125383	0.00408935	0.0680069	0.00302446	0.000337482	0.22283	0.000217932	0.41147	0.104412	0.00193681	0.000545302	0.00155584	0.00028227	0.00773094	0.0211289	0.117884	0.00211979	0.00368013
39	0.0246984	0.00403501	0.000282908	0.00383361	0.0146316	0.00148287	0.000589519	0.348809	0.000579279	0.150365	0.0431447	0.00255009	0.000541387	0.000582581	0.000437245	0.00764865	0.0525845	0.340406	0.00131966	0.00147815
40	0.10141	0.00233614	0.00938996	0.00707344	0.00292251	0.753623	0.00141792	0.00426684	0.00533097	0.0045877	0.0044142	0.0133503	0.000582619	0.00294334	0.00526378	0.0650031	0.00796448	0.00580268	0.000975209	0.00134185
41	0.0503063	0.00487639	0.00212557	0.029948	0.0418083	0.0110503	0.0324135	0.0446991	0.00464096	0.118872	0.325697	0.00630455	0.00333808	0.146487	0.00373573	0.0160678	0.0458392	0.0452458	0.0596732	0.00687095
42	0.307512	0.00902093	0.00455546	0.000960414	0.013033	0.0468192	0.00144222	0.0427493	0.00194425	0.0360906	0.0308906	0.0418918	0.00136379	0.00410114	0.000864674	0.253804	0.148688	0.0486067	0.00159723	0.00406471
43	0.316565	0.00704559	0.00620651	0.0256151	0.00550197	0.341747	0.0129305	0.00761369	0.00380527	0.00769914	0.00676583	0.0175755	0.00219237	0.0249721	0.00271187	0.171166	0.020317	0.0144667	0.00182989	0.00327284
44	0.116453	0.00401095	0.0721819	0.0649177	0.00632881	0.044378	0.0558159	0.03372	0.00947502	0.0396315	0.0186103	0.116509	0.00918727	0.0884432	0.0139759	0.168402	0.0769762	0.0470358	0.00656709	0.00738037
45	0.45546	0.00555659	0.00682118	0.00344182	0.00376244	0.25091	0.00277696	0.00460481	0.000359947	0.00236307	0.00324957	0.0120914	0.000374489	0.0110888	0.000345385	0.198761	0.0204613	0.0163152	0.000496588	0.000758725
46	0.0973159	0.00240043	0.00137204	0.00209832	0.245658	0.0172959	0.0043306	0.0112827	0.0020152	0.0190904	0.0231869	0.00655814	0.00195722	0.00263108	0.00221708	0.0493402	0.0264862	0.0338717	0.00915826	0.441733
47	0.204631	0.00641483	0.0264893	0.0214775	0.0108204	0.0560821	0.0952861	0.0368529	0.0104099	0.0401004	0.0280403	0.0852388	0.00483495	0.0688166	0.00996678	0.13791	0.0568611	0.0544415	0.0200913	0.0252342
48	0.0257932	0.00298749	0.000882623	0.00149142	0.160191	0.00873384	0.00547321	0.0487981	0.00236214	0.0991615	0.0343731	0.00590776	0.00163032	0.00900714	0.00234114	0.0110547	0.0161317	0.0600775	0.225814	0.277788
49	0.0476855	0.00554587	0.0802972	0.217185	0.0788667	0.081426	0.0133148	0.023049	0.0120684	0.0325905	0.0158939	0.0663537	0.00570772	0.0518033	0.0069646	0.0400421	0.064844	0.0319953	0.00810507	0.116262
50	0.0253332	0.00427184	0.0012685	0.00327955	0.109339	0.00879504	0.00785944	0.0803538	0.00401971	0.327	0.024578	0.00502373	0.00408196	0.00529787	0.00422044	0.0363845	0.0648585	0.0840856	0.111685	0.0882641
51	0.0471363	0.00329096	0.00153704	0.00250048	0.0118799	0.0497539	0.00311603	0.261861	0.00278763	0.117523	0.106171	0.00442614	0.0205294	0.0435703	0.0023459	0.0514302	0.0892084	0.130936	0.00280034	0.0471957
52	0.444636	0.00805495	0.00617665	0.00734707	0.00398691	0.238257	0.00864586	0.00481196	0.00129808	0.00298369	0.00325222	0.0138948	0.000710017	0.0183571	0.000554867	0.200447	0.0196232	0.0150737	0.000699806	0.00118913
53	0.519277	0.0337074	0.000559207	0.000765577	0.024059	0.10707	0.000779926	0.0564593	0.000926145	0.0219728	0.00887849	0.0014511	0.00934116	0.00159135	0.000556861	0.0736422	0.0396718	0.0929956	0.00339108	0.00290371
54	0.0544155	0.0110574	0.000246695	0.000370886	0.0854575	0.00671164	0.00179963	0.313712	0.000463909	0.175333	0.0286304	0.000532872	0.00302687	0.000430482	0.000277135	0.00696972	0.0170085	0.268094	0.00802126	0.0174395
55	0.0255489	0.00958433	0.000179394	0.000996443	0.0724732	0.00353567	0.000546751	0.3066	0.000363229	0.275293	0.0270105	0.000529229	0.000928575	0.000351953	0.000290834	0.00471262	0.0174585	0.244835	0.00523813	0.00352327
56	0.0475974	0.0121924	0.000106928	0.000448514	0.0978759	0.00820077	0.000404344	0.281254	0.000188911	0.246965	0.0307455	0.00028554	0.00142825	0.000252136	0.000342682	0.00760514	0.0227341	0.229785	0.00647077	0.0051173
57	0.028913	0.00087967	9.13842e-05	0.00431399	0.0540589	0.00297145	0.000343944	0.192001	0.000209218	0.465209	0.115281	0.00214835	0.000494488	0.00165703	0.000188202	0.00811986	0.0192691	0.0999247	0.000766146	0.00315962
58	0.505695	0.0264079	0.00283655	0.00142271	0.00552352	0.20775	0.00126769	0.0204309	0.000391133	0.00870793	0.00715888	0.00539987	0.00225391	0.00501281	0.000381898	0.121731	0.0419728	0.0345089	0.000514502	0.000632456
59	0.046745	0.000937454	0.00060162	0.0070074	0.0508065	0.00817111	0.00109727	0.279104	0.0333372	0.178311	0.0546874	0.00125456	0.000826265	0.0100019	0.0315884	0.00429387	0.0262308	0.134189	0.0922342	0.0385746
60	0.0429292	0.00605062	0.000367595	0.000601343	0.244429	0.0279311	0.00138252	0.141366	0.00299603	0.0986424	0.00902738	0.00136276	0.00267644	0.000862037	0.00453701	0.012965	0.00411019	0.19701	0.0468136	0.15394
61	0.0278726	0.00117601	0.00013798	0.00424095	0.0621698	0.00335587	0.000652072	0.191575	0.000376929	0.448486	0.117739	0.00258914	0.000741593	0.00200998	0.000318383	0.00941888	0.0225981	0.099247	0.00146709	0.00382716
62	0.0422261	0.0035979	0.000132628	0.00484658	0.0377651	0.00403507	0.000248258	0.208369	0.000303646	0.415647	0.122453	0.00228242	0.00245779	0.00180873	0.000196719	0.0122116	0.0215312	0.116793	0.000286915	0.0028077
63	0.0602761	0.00171193	0.000791994	0.00165578	0.00461372	0.066146	0.00142685	0.00827615	0.00258278	0.0253712	0.0137098	0.0034146	0.659026	0.002446	0.00321717	0.0725289	0.0614298	0.00717124	0.00171865	0.00248488
64	0.017923	0.00477307	0.00146843	0.00282621	0.116968	0.00876777	0.00267003	0.146706	0.176671	0.0655149	0.030425	0.00470382	0.00273871	0.00438526	0.0658744	0.0372644	0.0178359	0.283237	0.00386153	0.00538612
65	0.0142041	0.000883419	0.000548629	0.000645193	0.297304	0.00251958	0.0113166	0.0116955	0.000806475	0.0316994	0.00402363	0.0011997	0.000669546	0.000824101	0.000667958	0.0064105	0.00481051	0.0118005	0.0092199	0.588751
66	0.0485805	0.00219623	0.000915045	0.00464314	0.0574814	0.00832016	0.00196362	0.26149	0.0311242	0.18488	0.062915	0.00329776	0.00159787	0.023044	0.055977	0.00915682	0.022955	0.081526	0.0512843	0.0866525
67	0.0633052	0.00127003	0.0416346	0.0426533	0.00410146	0.0598539	0.0230249	0.0109275	0.270875	0.0290663	0.00757546	0.0545443	0.0124572	0.0504784	0.235672	0.0486656	0.0185416	0.014492	0.00597886	0.0048823
68	0.0975421	0.031698	0.00460511	0.00725086	0.00836054	0.0563722	0.0274368	0.012217	0.039411	0.0924701	0.0257914	0.160293	0.00207634	0.0288163	0.0383195	0.274034	0.0343263	0.0126088	0.00329228	0.0430783
69	0.0731766	0.00107878	0.0457656	0.0554941	0.00206061	0.0721332	0.0156979	0.00584848	0.311162	0.0156122	0.00278286	0.0558586	0.0186747	0.0406519	0.188071	0.0549193	0.0193404	0.0130505	0.00424635	0.00437556
70	0.0576935	0.0117315	0.000503337	0.000592774	0.0883206	0.00734013	0.00224519	0.308334	0.000802339	0.142623	0.0290816	0.001061	0.00535117	0.000552821	0.000484277	0.0106581	0.0224918	0.278804	0.00649196	0.0248372
71	0.112709	0.00396269	0.00151893	0.00320481	0.167517	0.00850707	0.0871494	0.0396463	0.023584	0.0686165	0.0134999	0.0317248	0.00298868	0.0313537	0.0482544	0.168237	0.104672	0.0191811	0.00296388	0.060708
72	0.0734292	0.0220653	0.00158014	0.00259581	0.014137	0.026432	0.007484	0.0328381	0.00351523	0.027114	0.0162858	0.0142997	0.00982448	0.00859528	0.0034518	0.204184	0.461871	0.0634158	0.00288677	0.00399431
73	0.0325686	0.00504589	0.000527431	0.00361428	0.0093042	0.00188227	0.000995822	0.311834	0.00106846	0.116076	0.0512094	0.00324747	0.00100788	0.000619638	0.000722494	0.0174133	0.0733538	0.365763	0.000971651	0.00277525
74	0.0601032	0.0017554	0.000763454	0.00162547	0.00457724	0.0660557	0.00141758	0.00790273	0.00261031	0.0253429	0.0135137	0.00339145	0.659312	0.00242758	0.0028505	0.073078	0.0618564	0.00711395	0.00187238	0.00243009
75	0.044697	0.00299069	0.0811239	0.428168	0.0110482	0.0897692	0.00622565	0.00983285	0.0266642	0.0292801	0.00660831	0.0204136	0.00223181	0.166626	0.0127655	0.0225833	0.0143679	0.0114483	0.00273999	0.0104159
76	0.0120372	0.000901952	0.000523199	0.00067779	0.318259	0.00217396	0.0113508	0.0112398	0.000906256	0.0333149	0.00346238	0.00109842	0.000681864	0.00083042	0.000665836	0.00525564	0.00425815	0.0112596	0.00725813	0.573844
77	0.0270302	0.00106289	0.00027674	0.00295752	0.0938098	0.00352609	0.00143695	0.137671	0.0004391	0.516556	0.0973938	0.00156403	0.00384337	0.00127627	0.000876864	0.00815266	0.0170657	0.0748629	0.00343341	0.00676544
78	0.0640742	0.00117908	0.0439178	0.132779	0.00454469	0.0652336	0.024192	0.0120125	0.211633	0.0400575	0.00797943	0.0525142	0.0100517	0.0674672	0.176526	0.0459934	0.0163612	0.0127887	0.00514575	0.00554923
79	0.020749	0.00168973	0.0396735	0.0389431	0.0178602	0.0167343	0.00989242	0.0456401	0.198483	0.0868279	0.0441496	0.0682546	0.000927922	0.126516	0.163449	0.0256647	0.0287527	0.0234232	0.00845972	0.03391
80	0.0294296	0.0199985	0.00553533	0.00608651	0.0118201	0.0186303	0.0122355	0.018714	0.159374	0.0314656	0.0223961	0.0205321	0.00277951	0.0986888	0.439442	0.0277949	0.0243436	0.040882	0.00525821	0.00459299
81	0.0156026	0.00094637	0.000480806	0.000609261	0.345601	0.00222258	0.00887884	0.00976839	0.000882767	0.0275179	0.0043586	0.00120674	0.000719193	0.000795258	0.00069666	0.0068791	0.00518862	0.0105508	0.0055232	0.551571
82	0.0462669	0.00467309	0.00130912	0.00474539	0.136257	0.00712085	0.0267867	0.111568	0.00316683	0.200495	0.072385	0.0454255	0.00599835	0.0380219	0.00301405	0.08895	0.059351	0.105687	0.00480949	0.033968
83	0.455832	0.00465339	0.0117995	0.0013916	0.0033457	0.151074	0.00180347	0.0104748	0.000450872	0.00492746	0.00598023	0.0249692	0.000647708	0.00761072	0.00044317	0.247907	0.0416231	0.0234261	0.000757316	0.0008825
84	0.111253	0.0201381	7.88528e-05	0.000206379	0.0602237	0.0347133	0.000124417	0.242962	0.000157396	0.209315	0.0189325	0.000436215	0.000251969	0.000175696	0.000125475	0.0175158	0.0285812	0.250266	0.00253102	0.00201196
85	0.0667448	0.0213556	0.000368059	0.000934836	0.14959	0.0103074	0.00163721	0.251687	0.000824405	0.239229	0.0209847	0.00180485	0.00564508	0.0013649	0.0024242	0.029087	0.0228837	0.149905	0.00348128	0.0197419
86	0.123718	0.0763764	0.00215708	0.00354125	0.131929	0.0209603	0.00512278	0.0679279	0.00475333	0.114159	0.0274912	0.0119067	0.00498122	0.00557805	0.00331309	0.13922	0.170698	0.0377706	0.04055	0.00784612
87	0.0475688	0.00517028	9.84396e-05	0.00402174	0.0495051	0.00992201	0.00022297	0.220287	0.000287698	0.391356	0.095365	0.00196742	0.000411861	0.00149432	0.000185368	0.0109238	0.0205663	0.136718	0.0010223	0.00290512
88	0.0928888	0.0215176	0.000117443	0.000232338	0.0749883	0.0268105	0.000179638	0.223126	0.000156056	0.225922	0.0244442	0.000342833	0.000306398	0.000222121	0.000227581	0.0168395	0.0312312	0.256303	0.00221509	0.00192945
89	0.150941	0.00573781	0.00159679	0.00248188	0.0114795	0.0609289	0.00303909	0.179579	0.00271656	0.0278312	0.034694	0.0839457	0.00248568	0.00386714	0.0020502	0.194856	0.112622	0.0915471	0.00255183	0.025048
90	0.0300503	0.000561037	9.31136e-05	0.0048842	0.0464609	0.00276678	0.00028183	0.199073	0.00020831	0.459784	0.119713	0.00238473	0.000280977	0.00187278	0.00015805	0.00878168	0.0186703	0.100565	0.000314277	0.00309584
91	0.00765208	0.00104002	0.000469543	0.000669584	0.169937	0.00233554	0.0237977	0.0191058	0.000807771	0.0552981	0.003631	0.00115671	0.000736298	0.000925796	0.000700326	0.00421924	0.00382639	0.018047	0.0228711	0.662773
92	0.260211	0.0119826	0.00140895	0.00128589	0.0295228	0.0427179	0.0017741	0.0434247	0.00232811	0.0762233	0.0336988	0.0219188	0.00201006	0.00346265	0.00143098	0.254647	0.166853	0.0388391	0.0023752	0.00388563
93	0.215162	0.0125017	0.00192472	0.00297197	0.0311913	0.182119	0.00345734	0.0500167	0.00320387	0.167453	0.103359	0.00690103	0.00423792	0.00405016	0.00296816	0.0858565	0.0536941	0.0590202	0.00412312	0.00578776
94	0.474457	0.00502933	0.00759384	0.00283661	0.0035745	0.23239	0.00245194	0.00440361	0.000311549	0.00181438	0.0023704	0.0133076	0.000313855	0.00998936	0.000337178	0.201461	0.0202071	0.0160174	0.000452021	0.00068191
95	0.0274265	0.0017334	0.000920801	0.00170054	0.0239056	0.00437288	0.00134513	0.169223	0.0688939	0.291827	0.00553806	0.0110607	0.00153848	0.0294631	0.0517431	0.0543449	0.112368	0.135658	0.00351241	0.00342417
96	0.175187	0.00500134	0.000337723	0.000514161	0.0670899	0.0989408	0.000542775	0.169894	0.000801127	0.173218	0.0244073	0.00751358	0.00111155	0.000461415	0.000388687	0.0432679	0.0292498	0.198691	0.00196323	0.00141921
97	0.187618	0.00425671	0.0001284	0.000227944	0.0693012	0.108419	0.000285015	0.17246	0.000281446	0.183545	0.0245323	0.00378604	0.000339587	0.000314523	0.00017405	0.033407	0.0273179	0.181571	0.00146983	0.00056492
98	0.11994	0.0186706	9.33721e-05	0.000221349	0.0618146	0.0412631	0.000159412	0.235907	0.000193447	0.207101	0.0192614	0.000669026	0.00031613	0.000217862	0.000132527	0.0206761	0.0290334	0.239984	0.00234518	0.00200061
99	0.263581	0.0175658	0.000381456	0.00065835	0.0377981	0.246663	0.000770445	0.0521095	0.000730515	0.0886111	0.0225992	0.00128812	0.00111676	0.00115263	0.000683882	0.0758118	0.0550281	0.113667	0.0119815	0.00780131
100	0.133033	0.0151589	0.0001053	0.000185371	0.0610954	0.0527971	0.000173757	0.224209	0.000190184	0.203147	0.01936	0.00133034	0.000265735	0.000189706	0.000131876	0.0207182	0.0282462	0.236301	0.00195101	0.00141081
101	0.0488738	0.0107622	9.64413e-05	0.000523706	0.0983887	0.00819664	0.000438528	0.291234	0.000200851	0.240815	0.0275189	0.000301177	0.00171372	0.000316488	0.000497289	0.00720993	0.0222184	0.229261	0.00576756	0.00566601
102	0.281182	0.00811473	0.00483962	0.00241647	0.0122659	0.0743165	0.00239782	0.0268876	0.00310932	0.0221642	0.0169364	0.0271097	0.00445693	0.00459921	0.0016778	0.274362	0.158024	0.06712	0.00393251	0.00408835
103	0.25897	0.014402	0.000324137	0.000476087	0.0431554	0.173565	0.000463206	0.0838892	0.000745031	0.137159	0.0462028	0.00225668	0.000856961	0.00129073	0.000543522	0.0742702	0.0590353	0.0965318	0.00415385	0.00170911
104	0.110135	0.0203275	7.92991e-05	0.000212251	0.0602493	0.0339332	0.000121349	0.243451	0.000156444	0.209967	0.0191373	0.000412706	0.000253965	0.000174631	0.000126265	0.0175106	0.0285067	0.250665	0.00253396	0.00204664
105	0.0164594	0.00174551	0.000439807	0.000933904	0.185913	0.00596211	0.017668	0.0407946	0.00156742	0.0607833	0.00677488	0.00227126	0.00109165	0.000985718	0.00171286	0.0077812	0.00518363	0.0453885	0.0227423	0.573801
106	0.138673	0.00955237	0.00104913	0.00248992	0.0127158	0.0147522	0.00344547	0.0612628	0.00302838	0.0396605	0.0153499	0.0362749	0.00496245	0.0166183	0.00177713	0.16802	0.385172	0.0781914	0.00210188	0.00490205
107	0.0653581	0.00810796	0.00147047	0.00133066	0.0789651	0.00861529	0.00281003	0.294779	0.00164944	0.117252	0.0375863	0.00286	0.00770745	0.00117784	0.000794606	0.0315417	0.05199	0.249927	0.00406746	0.0320097
108	0.0635998	0.00272038	0.000272671	0.000477697	0.263152	0.00362232	0.000640261	0.191327	0.000533777	0.284961	0.0155709	0.000819591	0.0178652	0.00070214	0.00734526	0.00820868	0.0191495	0.0991271	0.000896904	0.0190075
109	0.0577898	0.001311	0.0109641	0.00824585	0.00262248	0.818837	0.00112518	0.00328137	0.00628644	0.00377548	0.00335355	0.01491	0.000635356	0.00206895	0.00601144	0.0488222	0.00390412	0.00372796	0.000894655	0.00143284
110	0.0563105	0.000988984	0.0110171	0.0082023	0.00255761	0.822108	0.00109118	0.00332479	0.00634497	0.00367724	0.00358988	0.0150218	0.000625077	0.00195124	0.00607461	0.0475742	0.00357317	0.0036185	0.000893627	0.00145527
111	0.0255972	0.000722089	0.000196629	0.00390021	0.0701866	0.00304245	0.00133113	0.150602	0.00049665	0.517278	0.1097	0.00210328	0.00250465	0.00161406	0.000713736	0.00830235	0.017339	0.0776235	0.00265051	0.00409524
112	0.0896151	0.00463891	0.00684541	0.031236	0.00911357	0.0137697	0.00483998	0.0138007	0.200424	0.017534	0.0316001	0.0098851	0.00453993	0.00968711	0.234668	0.204309	0.0872817	0.0169218	0.00377027	0.00551966
113	0.433623	0.0165902	0.00389742	0.00231919	0.013845	0.109506	0.00341473	0.0334539	0.0016802	0.0392104	0.0316684	0.0123522	0.00290086	0.0125725	0.000947789	0.150127	0.0726459	0.0530584	0.00295195	0.00323544
114	0.180314	0.0225114	0.00161947	0.00234874	0.0106123	0.0185209	0.00258138	0.204629	0.00298101	0.0307216	0.0556189	0.00814326	0.00439935	0.00271136	0.00237649	0.115361	0.0516976	0.2739	0.00261675	0.00633532
115	0.205641	0.0115939	0.00148722	0.00215566	0.0161344	0.037367	0.00200975	0.221134	0.00264386	0.0543586	0.0828156	0.00734716	0.00935859	0.00273828	0.00169273	0.0655646	0.0295268	0.237973	0.00269987	0.00575906
116	0.0188516	0.00737543	0.000529931	0.0130006	0.0938832	0.00486035	0.0302513	0.102402	0.0223944	0.0915874	0.0729394	0.0565694	0.00167177	0.00222063	0.0102113	0.0140898	0.0210769	0.121698	0.0765632	0.237824
117	0.190238	0.0100998	0.00110106	0.0056236	0.0171449	0.0190272	0.00324329	0.0508099	0.00474082	0.078559	0.0388246	0.0756956	0.0025686	0.00538924	0.00334271	0.164401	0.250853	0.0666799	0.00337024	0.0082875
118	0.0608932	0.00278431	0.0920433	0.339765	0.00859122	0.0616545	0.0251555	0.0160209	0.0197983	0.0388632	0.00854633	0.0573635	0.00648254	0.10926	0.0174499	0.0644623	0.0355562	0.0234189	0.00271054	0.00917985
119	0.0652938	0.014003	0.00122621	0.00208495	0.0236247	0.0092635	0.00269319	0.169311	0.00292662	0.0989062	0.0801153	0.00476919	0.0048846	0.00299003	0.00168613	0.089353	0.128276	0.282508	0.0032711	0.012814
120	0.0414297	0.0083805	0.000298388	0.000620071	0.0939701	0.00346973	0.00168076	0.311962	0.000791397	0.194405	0.0335114	0.0006563	0.00410976	0.000523061	0.000681807	0.00579158	0.017942	0.253968	0.00892725	0.0168808
121	0.0919899	0.00852696	0.00635442	0.00883995	0.0320001	0.0230241	0.0134875	0.0243826	0.0118992	0.0666285	0.0235775	0.075091	0.00967077	0.369883	0.0105135	0.0785137	0.0317805	0.0272659	0.00649417	0.0800765
122	0.293621	0.0145619	0.000491479	0.00082919	0.0386859	0.212053	0.00143331	0.030858	0.00139107	0.0832928	0.064313	0.00245498	0.00165516	0.00217695	0.000723528	0.10081	0.0806547	0.0636318	0.00410969	0.00225214
123	0.0560284	0.0104028	0.00141012	0.00161453	0.111485	0.0107154	0.00318925	0.270045	0.00110608	0.106196	0.0334382	0.00223363	0.0129058	0.000615462	0.00060534	0.0173147	0.0333431	0.294513	0.0051051	0.027734
124	0.0946135	0.0215625	0.000104028	0.000294834	0.0661278	0.0271539	0.000155641	0.233892	0.000161211	0.222617	0.0227959	0.00032819	0.000421091	0.00019898	0.000150033	0.01633	0.0290297	0.259628	0.00239989	0.00203489
125	0.0270693	0.00403007	0.000158391	0.00277114	0.108448	0.00487688	0.0012641	0.213526	0.000347996	0.360352	0.0876748	0.0019837	0.00229953	0.00147558	0.000755083	0.00961667	0.0289805	0.129334	0.00526037	0.00977641
126	0.022787	0.00667153	0.000147009	0.000684821	0.0907193	0.00150356	0.00052025	0.316128	0.000527815	0.272432	0.0296131	0.00044866	0.00122312	0.000455532	0.000507805	0.00310124	0.0177405	0.222198	0.00774461	0.00484648
127	0.120427	0.0184229	8.34359e-05	0.000179328	0.0621335	0.0407305	0.000133936	0.235836	0.000143448	0.206565	0.0187188	0.000717513	0.000248847	0.000177806	0.000117124	0.0185418	0.0283502	0.24445	0.00227061	0.0017514
128	0.298407	0.0278472	0.000318899	0.000608562	0.0156445	0.292077	0.00101245	0.029346	0.000930762	0.0525641	0.0381502	0.00157462	0.00097479	0.00133151	0.000541659	0.086937	0.0936707	0.0545772	0.00229492	0.00119096
129	0.312139	0.0175867	0.000524151	0.000835334	0.0307567	0.215441	0.00107869	0.0273899	0.0011075	0.0824193	0.0539204	0.00262958	0.0012673	0.00194866	0.000773688	0.111134	0.0868736	0.0482962	0.00215475	0.00172404
130	0.0923186	0.0217092	9.11489e-05	0.000241725	0.0713061	0.0263233	0.000181762	0.229635	0.000131469	0.225791	0.0237794	0.000304524	0.000308919	0.000227719	0.000148319	0.016381	0.0302266	0.256601	0.00229161	0.00200183
131	0.139967	0.02888	0.000371367	0.00377425	0.0179277	0.0153812	0.000643837	0.178508	0.00106233	0.236058	0.0834666	0.00136176	0.044773	0.000899953	0.000905849	0.0270414	0.0477278	0.168951	0.000875186	0.00142433
132	0.0292123	0.00662737	0.000200566	0.00251181	0.0400141	0.00262005	0.000445587	0.323488	0.000358673	0.198677	0.038302	0.0013924	0.000679426	0.000425923	0.000317702	0.00685972	0.0413887	0.301521	0.00288033	0.0020783
133	0.172219	0.00439077	0.00129277	0.00175319	0.0390602	0.0122125	0.00265847	0.0152734	0.00287026	0.0332072	0.0118035	0.00695892	0.0467125	0.00466729	0.00189512	0.179722	0.348636	0.105589	0.00517751	0.00390116
134	0.0434366	0.00599339	0.000377826	0.000610559	0.241829	0.02843	0.00135474	0.141644	0.00306578	0.0975077	0.00858209	0.0013729	0.00272887	0.000865759	0.00464657	0.0129848	0.00391636	0.198632	0.0472438	0.154778
135	0.0623062	0.00285815	0.000258461	0.000618347	0.242647	0.00345578	0.000574738	0.201942	0.000540303	0.294432	0.0193643	0.000832208	0.0157355	0.000680327	0.0072236	0.00793013	0.0188605	0.101263	0.00129795	0.01718
136	0.33147	0.0343277	0.000280395	0.000565554	0.0108063	0.294002	0.000988266	0.0242502	0.000597041	0.0375608	0.0287807	0.00108965	0.00103593	0.00124953	0.000539332	0.0864256	0.0994853	0.0446993	0.000922582	0.000923661
137	0.0216969	0.00111786	0.000345734	0.00169161	0.174119	0.00728656	0.00286555	0.0936152	0.000595294	0.467223	0.0700493	0.00114488	0.00367976	0.00118016	0.000802061	0.00736306	0.0203089	0.0631134	0.00967262	0.0521292
138	0.0858921	0.00206879	0.0686937	0.0331538	0.0187602	0.0468727	0.0517865	0.0578108	0.0663803	0.0571315	0.0333164	0.114001	0.00382535	0.0925039	0.0481384	0.0828579	0.053222	0.0401844	0.0211785	0.0222217
139	0.0278321	0.00298483	0.000308581	0.00111345	0.210494	0.0127213	0.00256605	0.157925	0.00152165	0.272045	0.0651024	0.00112641	0.00228696	0.00154717	0.00220718	0.00922896	0.0353763	0.107726	0.0174995	0.0683871
140	0.0906835	0.00393123	0.0881558	0.0846961	0.00640549	0.0537319	0.0723803	0.0254555	0.0574862	0.0293538	0.0133816	0.107983	0.0253345	0.0619671	0.0514846	0.124785	0.0564318	0.0334044	0.00580675	0.00714123
141	0.04205	0.01894	0.00158334	0.00355885	0.123671	0.08056	0.00306975	0.0637314	0.00356209	0.0172599	0.0103364	0.00469642	0.00291427	0.0036296	0.00316333	0.0147051	0.0639811	0.104786	0.426593	0.00720935
142	0.0612428	0.00272512	0.000967914	0.0151296	0.0577736	0.0550958	0.0312488	0.0791988	0.00208081	0.23884	0.0205786	0.00293253	0.131789	0.00208967	0.00175062	0.0600505	0.117837	0.0642815	0.00190826	0.0524793
143	0.210866	0.00425152	0.00158042	0.00254744	0.0154003	0.13489	0.00329445	0.0168892	0.00299863	0.0441187	0.0561624	0.00469106	0.0251865	0.00425779	0.00227016	0.12033	0.163013	0.122071	0.0601815	0.00499943
144	0.0411082	0.00364827	0.000146278	0.00486755	0.0354731	0.00373654	0.000279502	0.218585	0.000326821	0.39559	0.118231	0.00226395	0.00213629	0.00173403	0.000225039	0.0125343	0.0245534	0.131594	0.000319867	0.00264638
145	0.0236944	0.00731159	0.00111187	0.00708375	0.19038	0.0116731	0.0240514	0.126566	0.00268139	0.203757	0.0955607	0.0066591	0.0390551	0.00565174	0.0161977	0.0577516	0.0427228	0.0825107	0.0391055	0.0164748
146	0.0579191	0.0131489	0.000232069	0.0003819	0.0864405	0.00819354	0.00175715	0.306051	0.000439912	0.169649	0.0262934	0.000634842	0.00330247	0.000343527	0.000221519	0.00831719	0.0180597	0.273126	0.00660203	0.0188853
147	0.1497	0.006316	0.00105841	0.0028022	0.0129315	0.0390891	0.0023837	0.161324	0.00335096	0.197084	0.0358037	0.0638953	0.00295213	0.00343163	0.0025171	0.064784	0.132798	0.109492	0.00287011	0.0054167
148	0.155643	0.0167557	0.0329241	0.0489817	0.0068051	0.0711863	0.0852336	0.0223439	0.0124707	0.0344321	0.0167432	0.110042	0.00738718	0.0749934	0.0133886	0.189521	0.050629	0.0299497	0.00736861	0.0132021
149	0.0219128	0.00598513	0.000202477	0.00097336	0.147852	0.00512357	0.00116402	0.254741	0.000355956	0.275791	0.0505184	0.000572238	0.00311192	0.000646319	0.000899366	0.00697338	0.0336085	0.168083	0.0101767	0.0113088
150	0.087946	0.00386193	0.00266404	0.00396025	0.188317	0.110822	0.00290999	0.0147172	0.00339646	0.0432694	0.0118574	0.0288053	0.00310689	0.00353312	0.0038876	0.0989279	0.0176588	0.0212308	0.0607238	0.288405
151	0.0217892	0.0010418	0.000514206	0.000634207	0.336233	0.00377889	0.00839552	0.0101406	0.00101955	0.0269657	0.00585892	0.00158865	0.000859807	0.000864661	0.00074237	0.00969268	0.00628003	0.0123843	0.00649267	0.544723
152	0.0399239	0.0318888	0.0018542	0.0036202	0.153144	0.0786183	0.00348592	0.0526097	0.00461176	0.0254951	0.011665	0.00636698	0.00324255	0.0045453	0.00388658	0.0202318	0.0522901	0.080499	0.401829	0.0201918
153	0.143302	0.145263	0.0012848	0.00232713	0.0305142	0.266158	0.00958924	0.0131566	0.00235573	0.0195431	0.0133251	0.00320703	0.00189823	0.00347183	0.00191396	0.110779	0.189719	0.0363339	0.00229814	0.00355872
154	0.129447	0.0874828	0.00257679	0.00415066	0.0912492	0.0166782	0.00434476	0.0655019	0.00644945	0.108926	0.116107	0.0537449	0.0049127	0.00566891	0.004085	0.0405881	0.200342	0.040845	0.00775613	0.00914466
155	0.0459653	0.00378503	0.244943	0.0645355	0.0102834	0.0758463	0.0654828	0.0197515	0.00934467	0.0241434	0.0127715	0.203109	0.00884289	0.0322805	0.0120987	0.0853621	0.040256	0.0264019	0.00430022	0.0104962
156	0.0526755	0.0088692	0.00548336	0.00912999	0.126206	0.0195068	0.00882314	0.0338105	0.00853515	0.0503468	0.0744759	0.0653189	0.050766	0.335659	0.00896279	0.0395487	0.0314403	0.0364745	0.00960828	0.0243593
157	0.126706	0.00362806	0.0195802	0.00385473	0.0592763	0.0487215	0.024169	0.0156111	0.00392805	0.0511817	0.0290739	0.0278759	0.0022663	0.0331441	0.00270638	0.107308	0.122527	0.171743	0.00331425	0.143385
158	0.0329074	0.00438314	0.000597577	0.0219721	0.0257187	0.00469008	0.00141233	0.257112	0.00117722	0.277598	0.078938	0.00348569	0.00159538	0.00239169	0.00097268	0.0122013	0.0384246	0.227897	0.00229406	0.00423123
159	0.0295952	0.00533616	0.000338009	0.00346225	0.00474124	0.00268146	0.000847648	0.32047	0.00142921	0.0931621	0.0338064	0.00477085	0.0012592	0.000789061	0.00125906	0.00825811	0.0660288	0.419706	0.000811689	0.00124785
160	0.0943003	0.00742598	0.00611181	0.0148259	0.0344539	0.0222025	0.00855279	0.023007	0.00942731	0.0390624	0.0264843	0.0398599	0.0139875	0.506858	0.0105891	0.0459503	0.0265628	0.0242183	0.00651938	0.0396003
161	0.0383679	0.00589152	0.0170098	0.0184071	0.00475269	0.032402	0.015905	0.00815608	0.216942	0.0238336	0.0172078	0.0309646	0.0055524	0.0996638	0.387204	0.0365491	0.0194672	0.0146371	0.00353539	0.00355154
162	0.402964	0.00932032	0.000735096	0.00129435	0.00720088	0.0270623	0.0016796	0.044603	0.012508	0.0169869	0.00721216	0.00570417	0.00287577	0.00253873	0.00107878	0.103296	0.180452	0.167682	0.00201795	0.0027887
163	0.0193013	0.00112852	0.000568641	0.00474896	0.121736	0.00317892	0.00552474	0.0568235	0.00083836	0.623245	0.0855498	0.00177718	0.00809642	0.00121838	0.00112365	0.00949606	0.0132158	0.0305244	0.0061804	0.00572467
164	0.473174	0.00545358	0.00723327	0.00289911	0.0038707	0.235772	0.0025479	0.00452141	0.000323665	0.0020716	0.00257998	0.0127411	0.000335366	0.0101197	0.000338253	0.198532	0.0205408	0.0158199	0.000461197	0.000664246
165	0.561462	0.00643433	0.00970425	0.0014437	0.00383881	0.147909	0.00192099	0.00578101	0.000383346	0.00335726	0.00366493	0.0127278	0.000857022	0.00943915	0.000403715	0.188027	0.023913	0.0175323	0.000453599	0.000746894
166	0.0849055	0.000904973	0.0518453	0.0635812	0.00204731	0.0507141	0.0119524	0.00480046	0.323829	0.0125773	0.00215207	0.0540822	0.0240728	0.0367429	0.169405	0.0579537	0.0232928	0.0143881	0.0051714	0.00558195
167	0.00882537	0.00185994	0.185828	0.0137822	0.00495927	0.0106467	0.00378608	0.00724073	0.0132145	0.00792431	0.0041784	0.357908	0.00129953	0.0018128	0.00139662	0.331811	0.0312665	0.00776904	0.00167162	0.00281918
168	0.0314396	0.000639954	0.000146398	0.0111004	0.0407861	0.00285621	0.000457247	0.201571	0.000308899	0.44995	0.115927	0.00308456	0.000224901	0.00349579	0.000303102	0.0087688	0.0208554	0.104187	0.000304549	0.00359434
169	0.0867656	0.000903607	0.052308	0.0638669	0.00207157	0.0504817	0.0115912	0.00477039	0.323203	0.0123246	0.00215736	0.0539888	0.0243846	0.0365121	0.167275	0.0580646	0.0238524	0.0144108	0.0053115	0.00575631
170	0.109246	0.00408989	0.0699589	0.0970606	0.00661449	0.0435317	0.0739386	0.0336897	0.0100549	0.0353914	0.0164856	0.104961	0.0164264	0.0801822	0.0192451	0.145436	0.0753578	0.0438696	0.00676086	0.00770053
171	0.491763	0.00898393	0.00630251	0.00260082	0.00404296	0.225278	0.00223106	0.00738857	0.000304393	0.00300457	0.00338361	0.0109545	0.000762193	0.00890997	0.000338187	0.180593	0.0220236	0.0200901	0.0004294	0.00061604
172	0.0199923	0.00797654	0.00819379	0.00822565	0.00664164	0.0162465	0.0121944	0.0123614	0.168144	0.031114	0.0281458	0.023697	0.00120824	0.160976	0.432914	0.0165221	0.019059	0.0161518	0.0025241	0.00771189
173	0.0300451	0.00158773	0.0101232	0.00596432	0.0249461	0.0291333	0.0173241	0.0305078	0.207553	0.0909931	0.0359476	0.102841	0.000770466	0.0433654	0.229598	0.0285953	0.0405182	0.0271044	0.0363023	0.00678062
174	0.297839	0.0259201	0.00066922	0.00132561	0.0138002	0.267602	0.00340349	0.0248903	0.0023769	0.0346088	0.0250477	0.00354913	0.00296175	0.00255625	0.00109404	0.0863083	0.139827	0.0591066	0.00410622	0.00300804
175	0.141725	0.0287387	0.000370602	0.00396978	0.0153138	0.0152387	0.000702547	0.178494	0.00120393	0.233359	0.0847586	0.00165143	0.0466616	0.00102099	0.000948304	0.0287384	0.0495566	0.165061	0.00085998	0.0016264
176	0.0331383	0.000891909	0.000117395	0.00517113	0.0446546	0.00298257	0.000292218	0.21459	0.00037576	0.437509	0.118032	0.00341793	0.000230452	0.00204786	0.000316982	0.0114271	0.0190328	0.101368	0.000269936	0.00413444
177	0.0406286	0.00147241	0.000286395	0.000412752	0.285639	0.0107772	0.0021869	0.142423	0.000659472	0.251888	0.0357342	0.000894435	0.00599641	0.000932213	0.00294564	0.00668955	0.021252	0.0923568	0.0116852	0.0851403
178	0.473589	0.0433398	0.000221238	0.000506994	0.00749775	0.205437	0.000475844	0.0289934	0.000516427	0.0180401	0.0135544	0.000915452	0.00302297	0.0012964	0.000527404	0.076194	0.0748736	0.049747	0.000523174	0.00072774
179	0.508018	0.00578862	0.00831749	0.00224665	0.00359727	0.207078	0.0022225	0.00463779	0.000314516	0.00199541	0.002628	0.0121718	0.000527078	0.00939404	0.000344417	0.192603	0.0204235	0.0165921	0.000462497	0.000637324
180	0.0316504	0.0014501	0.00037434	0.000441589	0.292671	0.0191684	0.00276804	0.114521	0.00151995	0.207323	0.0415075	0.00108791	0.00151026	0.000863171	0.0023759	0.00732511	0.0166601	0.103545	0.0240697	0.129168
181	0.0485773	0.00277442	0.000282266	0.00115398	0.217841	0.00688168	0.00183135	0.167696	0.000632397	0.344775	0.0404696	0.00108912	0.0204822	0.000778449	0.00490949	0.00981599	0.0215636	0.0900125	0.00377303	0.0146608
182	0.0443477	0.00289497	0.0199945	0.0237645	0.0155441	0.0322001	0.01369	0.0267597	0.273517	0.0755057	0.019402	0.0581039	0.00713572	0.0421548	0.201632	0.0461839	0.0465786	0.0282375	0.0153347	0.00701819
183	0.0308249	0.000538084	9.79303e-05	0.00496272	0.0447443	0.00277345	0.000241347	0.208011	0.00023	0.443711	0.121714	0.00241043	0.000185978	0.00192152	0.000170323	0.00908442	0.0191039	0.105931	0.000293662	0.00305015
184	0.021152	0.00124806	0.000434691	0.00309251	0.130175	0.00366879	0.00397752	0.0668878	0.000771168	0.593901	0.0800889	0.0015663	0.0116421	0.00123059	0.00144322	0.0111433	0.0157871	0.0363976	0.00833274	0.00705887
185	0.067142	0.0044723	0.00454287	0.00161846	0.0649117	0.016697	0.00365809	0.224602	0.00308005	0.0753348	0.0570219	0.0076805	0.0196525	0.00154304	0.00149935	0.0358676	0.0581986	0.322539	0.00303524	0.0269025
186	0.137574	0.0184847	0.00119129	0.00352645	0.0236359	0.0306722	0.00204724	0.192311	0.0024494	0.17707	0.0638429	0.00337485	0.0568225	0.00181676	0.00203197	0.0309913	0.0493348	0.193604	0.00169021	0.00752845
187	0.064281	0.00276763	0.000272501	0.000465475	0.264797	0.00361372	0.000612983	0.190818	0.000538563	0.284691	0.014914	0.0008293	0.0180423	0.000676587	0.00744135	0.00829497	0.0188541	0.0986096	0.000765587	0.018714
188	0.0289046	0.00119473	0.000119207	0.00496546	0.0597638	0.00263385	0.000292599	0.231203	0.000219075	0.408777	0.104289	0.00208079	0.000431065	0.00176808	0.000339556	0.00773759	0.0190254	0.12037	0.00171543	0.00417019
189	0.0585402	0.00869115	0.00128851	0.00164683	0.0497513	0.00899186	0.00223894	0.253455	0.00210858	0.123453	0.0576386	0.00306136	0.00602	0.000839669	0.000707624	0.028045	0.0666185	0.309806	0.00293064	0.0141676
