264	20
1	0.0134693	0.00141068	0.0026122	0.00514079	0.0142658	0.00198407	0.00471091	0.0688739	0.00482995	0.419423	0.38579	0.00368439	0.000965001	0.0190336	0.00334328	0.00662024	0.00707889	0.0292658	0.0011217	0.00637696
2	0.347644	0.00241618	0.0368475	0.00872805	0.00402922	0.11315	0.00507783	0.00707499	0.0078864	0.0169275	0.0887755	0.00621165	0.304991	0.00738704	0.00541472	0.0112378	0.0122062	0.00830131	0.00118346	0.00450924
3	0.012101	0.0027387	0.00137049	0.00200691	0.120919	0.00123923	0.00668663	0.0444935	0.0077979	0.671813	0.0626399	0.0118392	0.000494592	0.00941541	0.00832573	0.00253118	0.0136051	0.0100426	0.000338009	0.0096014
4	0.0225507	0.126717	0.0020573	0.013684	0.00135665	0.00208933	0.00186492	0.110881	0.00914647	0.0117896	0.0113727	0.00265025	0.00173242	0.0178343	0.00489965	0.0248027	0.00631183	0.62566	0.000606472	0.00199353
5	0.0495007	0.00404977	0.0337002	0.00524988	0.00193751	0.0561291	0.00321338	0.00445944	0.00484426	0.00439492	0.00317793	0.0678569	0.0261728	0.00500796	0.00325199	0.261819	0.453492	0.00786001	0.00108109	0.00280063
6	0.0146895	0.00244038	0.00606908	0.00873547	0.00331094	0.00506708	0.0296037	0.00684104	0.00785778	0.364125	0.162682	0.00668442	0.025132	0.00672818	0.00616314	0.154795	0.173641	0.0096423	0.0014438	0.00434813
7	0.0718933	0.000996594	0.00194785	0.00736754	0.000948585	0.0229123	0.00545302	0.00810122	0.441896	0.00342155	0.00244492	0.00944738	0.00641957	0.0333067	0.318098	0.0333995	0.0185736	0.0117724	0.000428946	0.00117137
8	0.121933	0.000853586	0.219105	0.326333	0.00163838	0.00274776	0.00380878	0.0199494	0.0644077	0.0142037	0.00269065	0.0168669	0.00104037	0.0903221	0.020994	0.0142593	0.0303136	0.0449937	0.000689179	0.00284962
9	0.009493	0.00055004	0.00137692	0.00205612	0.00409469	0.00128104	0.00102677	0.0594119	0.00184859	0.444861	0.42376	0.00154622	0.000621337	0.0193819	0.00139882	0.00235906	0.00204814	0.0215106	0.000427008	0.000946859
10	0.0139013	0.00310776	0.00150152	0.00289736	0.124723	0.00151456	0.00567151	0.064119	0.00650662	0.606723	0.0864663	0.0114882	0.000765818	0.00920582	0.00616106	0.00360128	0.011693	0.0204356	0.00111365	0.0184037
11	0.0767165	0.00153117	0.0860187	0.126288	0.00206951	0.0518008	0.0342149	0.00337258	0.370229	0.00372447	0.00335209	0.0273618	0.0010587	0.129292	0.0131269	0.0527273	0.0082562	0.00564401	0.000950019	0.00226472
12	0.0115055	0.00146423	0.0580205	0.0707202	0.0540094	0.0612777	0.214696	0.00496049	0.103394	0.00573513	0.00368527	0.163754	0.00190947	0.0460093	0.103125	0.0158582	0.00647447	0.00623893	0.00159857	0.0655644
13	0.568458	0.0185715	0.0144298	0.0269842	0.00623426	0.102127	0.00828918	0.0184442	0.0137749	0.0134945	0.0112532	0.0121042	0.00969581	0.011036	0.00705103	0.0896185	0.0251431	0.03268	0.00222636	0.00838406
14	0.175937	0.00332452	0.0404741	0.0151046	0.0227206	0.0148481	0.0170691	0.0921489	0.0594039	0.0545589	0.0952441	0.046852	0.00290535	0.0236551	0.0413337	0.0497388	0.0207764	0.167856	0.00413751	0.0519113
15	0.106057	0.000766009	0.151239	0.389066	0.00120914	0.0159074	0.00463988	0.00501998	0.0964915	0.00345357	0.00168414	0.0266075	0.000910429	0.0242936	0.00780299	0.0775246	0.0557761	0.0286599	0.00042053	0.00246956
16	0.0101045	0.0015667	0.0263464	0.0884144	0.0618242	0.0533223	0.249916	0.00324333	0.0675378	0.00417036	0.00312554	0.227879	0.00131946	0.0483587	0.059458	0.021095	0.00473208	0.00479389	0.00256105	0.0602309
17	0.00688037	0.000416028	0.0757522	0.0252365	0.0049997	0.634787	0.0400159	0.00125579	0.0694276	0.00127248	0.000930565	0.0880732	0.000390026	0.00937345	0.0124984	0.0190962	0.00596195	0.00137524	0.00155652	0.000700478
18	0.0125876	0.00149946	0.00175896	0.00270049	0.314057	0.00131131	0.0117918	0.00904367	0.0023717	0.039258	0.00260222	0.00822518	0.000691635	0.00275567	0.00152427	0.00318826	0.0034928	0.010052	0.0223507	0.548737
19	0.722253	0.011981	0.000699594	0.00625514	0.000683317	0.109827	0.000580971	0.00661205	0.00360131	0.000748152	0.00369773	0.00330831	0.00325886	0.00323682	0.000685241	0.0798901	0.0207529	0.0185433	0.000201988	0.00318316
20	0.0203154	0.00431981	0.000886971	0.00154312	0.00633957	0.00338783	0.000854789	0.348532	0.00151744	0.119659	0.0799033	0.00111782	0.00116382	0.00255305	0.00101638	0.00251609	0.0113052	0.391318	0.000278859	0.00147223
21	0.268819	0.00293717	0.0291887	0.0124143	0.00444028	0.185501	0.00720991	0.0103637	0.00937996	0.0169465	0.0515572	0.00781135	0.313451	0.00871436	0.00608562	0.0230775	0.0191673	0.0172554	0.00114674	0.00453296
22	0.625595	0.0129353	0.00575725	0.0118531	0.00238576	0.165031	0.00446644	0.0113263	0.00818476	0.00556159	0.00564107	0.0062912	0.00743512	0.00540285	0.00480432	0.0691222	0.0206888	0.0217434	0.000731798	0.00504243
23	0.0132	0.000941528	0.00187481	0.00291267	0.322323	0.00135256	0.00441511	0.00982256	0.00259305	0.0435952	0.00297586	0.00358346	0.000727046	0.00231627	0.00158707	0.00306733	0.00296761	0.0102473	0.025033	0.544464
24	0.0589187	0.0103441	0.0645819	0.0591399	0.0156534	0.072874	0.0528499	0.0162173	0.0544059	0.0257619	0.0146196	0.328317	0.00499929	0.033277	0.0348939	0.0537013	0.0446762	0.0238305	0.004652	0.0262864
25	0.087181	0.0091855	0.00204038	0.00438323	0.135626	0.00394989	0.00173957	0.21338	0.00594241	0.117746	0.126782	0.00480671	0.00084755	0.00656617	0.00302134	0.0098876	0.00985184	0.228359	0.00436039	0.0243445
26	0.0687324	0.0967152	0.0201161	0.0369418	0.0203661	0.0293927	0.0383431	0.0269658	0.0227054	0.0544854	0.0196337	0.222956	0.00769921	0.0267337	0.0180186	0.169229	0.0401551	0.0317584	0.00750583	0.0415467
27	0.0480554	0.00324738	0.233972	0.0509832	0.00596036	0.0553927	0.0190603	0.00909741	0.0432494	0.010879	0.0100382	0.260362	0.00863124	0.0194109	0.0180327	0.0549361	0.121874	0.016051	0.00229597	0.00847117
28	0.00912052	0.000545952	0.0013701	0.00205683	0.00392692	0.00117008	0.00101923	0.0571485	0.00183423	0.449665	0.424051	0.00154988	0.000636181	0.0197636	0.00138059	0.00236282	0.00196111	0.019076	0.000429571	0.000931887
29	0.0755634	0.00350809	0.113122	0.389474	0.00676843	0.0156177	0.0201273	0.0111105	0.075687	0.0151447	0.0112955	0.0358773	0.00795812	0.0826024	0.0291165	0.0418358	0.0296968	0.023913	0.00155517	0.0100266
30	0.0422519	0.00617979	0.0111098	0.0211609	0.138816	0.00873145	0.0100798	0.126863	0.0236876	0.0588806	0.120832	0.0137164	0.00434163	0.137422	0.0117132	0.0628347	0.0227486	0.0540053	0.0040365	0.120589
31	0.0364987	0.0024745	0.00165826	0.0031243	0.014463	0.00900713	0.00146097	0.21147	0.00361373	0.179185	0.187085	0.00172512	0.000626455	0.00740536	0.00200487	0.00358119	0.0144512	0.317463	0.000458767	0.00224397
32	0.0170243	0.00252881	0.00556021	0.0100881	0.00387742	0.00504745	0.109287	0.113966	0.112835	0.095273	0.00660399	0.00849063	0.00243878	0.282102	0.105154	0.0110769	0.0637549	0.0129172	0.0272945	0.0046807
33	0.680773	0.0112378	0.0012835	0.00612889	0.00104348	0.120338	0.000771681	0.0105977	0.00400879	0.00326595	0.00425005	0.00352	0.00359465	0.00428523	0.0020687	0.0953577	0.0201714	0.0201111	0.000283354	0.00690839
34	0.00955166	0.00858223	0.000625492	0.000907959	0.00281061	0.000489641	0.000486619	0.527201	0.000792728	0.0333308	0.0241559	0.000727115	0.00236877	0.00082554	0.000618562	0.00184434	0.0114742	0.372433	0.000124856	0.00064897
35	0.0329559	0.00217971	0.00169296	0.00500996	0.0129601	0.00831944	0.00143308	0.219973	0.00534275	0.183712	0.18316	0.00174205	0.000659063	0.00846671	0.00262782	0.00347938	0.0201041	0.30363	0.000391404	0.00215979
36	0.0717481	0.000377373	0.0606434	0.285704	0.000598405	0.000893581	0.00466925	0.0208915	0.111015	0.0427366	0.0340869	0.0180312	0.000436048	0.204807	0.0542429	0.0408074	0.0362751	0.00977663	0.000251086	0.00200964
37	0.714365	0.0117018	0.000719582	0.00603553	0.000663623	0.12036	0.000562009	0.00703649	0.00352435	0.000864154	0.00364979	0.00315705	0.00324161	0.00315942	0.000716798	0.0780413	0.0207467	0.0181991	0.000204556	0.0030505
38	0.560047	0.107214	0.00162611	0.00609169	0.00200577	0.0898694	0.00132443	0.0228959	0.00402045	0.00220616	0.00318404	0.00373718	0.00257274	0.00360702	0.00214592	0.0923309	0.0187467	0.0732629	0.000429163	0.00268304
39	0.199149	0.000580997	0.0640215	0.143587	0.00118177	0.0182624	0.0262147	0.00161607	0.165724	0.00151533	0.00319963	0.0704381	0.000602744	0.0575515	0.0882493	0.0668989	0.0379133	0.0465464	0.000341443	0.00640606
40	0.0830491	0.0666652	0.00322825	0.0382838	0.00184274	0.0024293	0.00246614	0.00347084	0.058011	0.0634949	0.0297348	0.00353355	0.00117688	0.0172071	0.0024898	0.0429474	0.408962	0.168109	0.00079717	0.0021007
41	0.0416281	0.00129148	0.210813	0.0206906	0.00169124	0.0600571	0.00370167	0.00287885	0.114603	0.0029546	0.00321369	0.399869	0.000965896	0.0313546	0.0507683	0.0323647	0.0136494	0.00471744	0.00080739	0.00197988
42	0.153829	0.000667219	0.00153278	0.00231424	0.000790465	0.0013061	0.00119701	0.00155277	0.00188209	0.00163102	0.00127599	0.00225808	0.000578169	0.00160011	0.00142084	0.8143	0.008401	0.00203966	0.000256417	0.00116734
43	0.138941	0.00202094	0.0528915	0.0181505	0.0042177	0.0377682	0.00632655	0.0170402	0.0119853	0.0302063	0.0305577	0.00861589	0.530515	0.00710797	0.00529556	0.0231722	0.0202198	0.0480329	0.00146126	0.00547329
44	0.0505712	0.00359635	0.000811964	0.00146982	0.000587525	0.000751208	0.00068596	0.0539744	0.00124152	0.0142353	0.0126101	0.000805421	0.00121569	0.00138097	0.00083255	0.00986747	0.010122	0.832217	0.000196154	0.00282765
45	0.0376229	0.0104888	0.00829063	0.0132013	0.0214866	0.0090363	0.00818072	0.388903	0.0158999	0.104756	0.0468738	0.00783239	0.0110658	0.0125001	0.0120104	0.0142596	0.0276293	0.235463	0.00237436	0.0121246
46	0.00233294	0.000398946	0.000924635	0.00133023	0.0179047	0.000803817	0.000731375	0.225491	0.00167654	0.663516	0.0344456	0.00094537	0.000373907	0.00167034	0.00125764	0.00157464	0.00588911	0.0333413	0.00027783	0.00511448
47	0.0559587	0.00409084	0.0665956	0.27711	0.00442621	0.0108694	0.015748	0.0181853	0.0985188	0.0166822	0.0209148	0.0232122	0.00964412	0.240501	0.0393435	0.0329256	0.0249503	0.0324547	0.00178062	0.00608714
48	0.292244	0.163228	0.00418909	0.00724844	0.0044114	0.139208	0.0035601	0.0672379	0.00578797	0.00716792	0.00509634	0.00490613	0.00264901	0.00579893	0.00493585	0.102471	0.0327862	0.14202	0.00112735	0.00392635
49	0.132239	0.0108565	0.0150507	0.0177073	0.00477891	0.0155731	0.00697537	0.00833559	0.01586	0.00964836	0.00950662	0.0140176	0.00398467	0.0123727	0.010128	0.637806	0.0490868	0.0174776	0.00149844	0.00709644
50	0.0291862	0.00414722	0.0026123	0.00381265	0.222008	0.00207469	0.00203278	0.158119	0.00358011	0.10287	0.168464	0.00308664	0.00119983	0.00714272	0.00226132	0.0115006	0.0177795	0.0708977	0.00338413	0.183841
51	0.00236318	0.000402125	0.000928151	0.00133132	0.0185943	0.000815344	0.000744244	0.225158	0.00169191	0.663016	0.034198	0.000975939	0.000377235	0.00168032	0.00128968	0.00157349	0.00595776	0.0335238	0.000272091	0.00510725
52	0.0381373	0.0016207	0.00379945	0.0143872	0.00198224	0.0219826	0.00465836	0.0869815	0.279395	0.0337476	0.0368708	0.00514135	0.03674	0.04843	0.239876	0.0428893	0.0484782	0.051207	0.000877203	0.00279879
53	0.0664876	0.00378188	0.0058565	0.0113023	0.0457457	0.0241725	0.33831	0.00437386	0.110911	0.0322265	0.00602403	0.12224	0.00174462	0.00709864	0.00572573	0.0516562	0.00614561	0.00592343	0.0434049	0.106869
54	0.00912052	0.000545952	0.0013701	0.00205683	0.00392692	0.00117008	0.00101923	0.0571485	0.00183423	0.449665	0.424051	0.00154988	0.000636181	0.0197636	0.00138059	0.00236282	0.00196111	0.019076	0.000429571	0.000931887
55	0.0399674	0.0255672	0.00123217	0.0028016	0.00406714	0.00255753	0.00114458	0.269326	0.00184673	0.0477797	0.0738956	0.00148164	0.00133189	0.0030437	0.00134585	0.00729863	0.00762715	0.503894	0.000410766	0.00338082
56	0.0720874	0.000442999	0.0609696	0.285655	0.000648603	0.000932468	0.00501959	0.0214944	0.111994	0.0447641	0.0343002	0.0174721	0.000455067	0.201619	0.0541066	0.0402299	0.0355148	0.0100161	0.000247564	0.00202958
57	0.621472	0.00886053	0.0017376	0.00536793	0.000902521	0.227091	0.00104336	0.0133043	0.00376481	0.00199263	0.00370242	0.00296781	0.00253071	0.00313954	0.0015088	0.0568262	0.0262891	0.0139897	0.000545	0.00296422
58	0.27131	0.00705078	0.0091012	0.0224619	0.131671	0.010587	0.0102199	0.056888	0.0138568	0.121887	0.0326476	0.0119154	0.0265376	0.0103307	0.00855095	0.0202511	0.0118916	0.135581	0.0093865	0.0778741
59	0.12085	0.00113404	0.0208253	0.0525262	0.00136083	0.00176614	0.00170237	0.209496	0.00501045	0.122999	0.0134724	0.00240221	0.000964405	0.00585539	0.00217161	0.00575781	0.102949	0.324438	0.000606161	0.00371392
60	0.170441	0.000622039	0.169969	0.351652	0.00107665	0.00137316	0.00116683	0.018722	0.0655743	0.00459515	0.00190349	0.0133559	0.000624121	0.10758	0.0426404	0.0100308	0.0186274	0.0187115	0.000288804	0.00104562
61	0.0842112	0.00133353	0.0686574	0.188598	0.0021609	0.00264002	0.00642082	0.0549471	0.0382499	0.0684987	0.12054	0.00721847	0.00141153	0.136149	0.0278588	0.0491165	0.108805	0.00884844	0.00114385	0.0231898
62	0.00744892	0.0070921	0.000611495	0.000794008	0.00334899	0.00050258	0.000475544	0.520254	0.000820149	0.0418327	0.0286065	0.000681858	0.00194886	0.000718622	0.00054985	0.00106979	0.0141884	0.368466	0.00011954	0.000470343
63	0.231731	0.370039	0.00341496	0.00559193	0.00290138	0.0157004	0.00319158	0.0359011	0.00435634	0.00587499	0.00413659	0.00451806	0.00155703	0.00441511	0.00335661	0.0511374	0.00697124	0.241836	0.000747699	0.00262174
64	0.00372501	0.000421968	0.000992712	0.00138263	0.01926	0.00109749	0.000803002	0.221095	0.00180165	0.6396	0.0458342	0.00117438	0.000389379	0.00212966	0.00131986	0.00164932	0.00618064	0.0460587	0.000282094	0.00480263
65	0.0298979	0.00492514	0.0250405	0.0605136	0.03311	0.0378402	0.212684	0.00978555	0.0600228	0.0189041	0.012293	0.300313	0.00358667	0.0381242	0.0394874	0.0319833	0.0150479	0.0143823	0.00879691	0.043261
66	0.0163494	0.00381843	0.00435113	0.0070174	0.0583743	0.00400244	0.00631802	0.0539445	0.00822504	0.614964	0.107794	0.0137024	0.00200871	0.0425899	0.00695274	0.00919552	0.0121688	0.017565	0.00209791	0.0085597
67	0.0678897	0.00390002	0.34428	0.143603	0.00729846	0.0274309	0.0131581	0.0141252	0.057452	0.0142027	0.0149977	0.0693193	0.011771	0.0399191	0.0339608	0.0647999	0.033936	0.024144	0.00143972	0.0123717
68	0.0661803	0.00944118	0.0308645	0.0538101	0.0344884	0.0423128	0.258016	0.0221847	0.0616029	0.0364437	0.0246263	0.0876196	0.0113447	0.0399591	0.0329679	0.0588401	0.0294986	0.0324379	0.0102959	0.0570649
69	0.0747682	0.00301779	0.0387528	0.0175747	0.00415554	0.63574	0.0196978	0.0070433	0.0376088	0.00553567	0.0051804	0.0661392	0.00301382	0.00875381	0.0116922	0.0311666	0.0132473	0.00651176	0.00551243	0.00488788
70	0.25888	0.00235142	0.138064	0.0364292	0.00436677	0.00404427	0.00461174	0.00540679	0.0608337	0.0106171	0.0272495	0.0914892	0.0729038	0.0324619	0.00756369	0.164186	0.0619754	0.00813033	0.00244661	0.00598796
71	0.130017	0.00275875	0.00759019	0.0520386	0.118804	0.00496314	0.00657785	0.0377665	0.00929666	0.202231	0.0082085	0.0070164	0.116032	0.00920375	0.00576072	0.0134787	0.00972198	0.148006	0.00728904	0.103238
72	0.132728	0.00181266	0.291822	0.150884	0.00241621	0.108057	0.00698609	0.0041854	0.0165775	0.00507587	0.00469066	0.025915	0.00540948	0.0438666	0.0071735	0.15689	0.025675	0.00614971	0.000862377	0.00282337
73	0.0467133	0.00098776	0.00615543	0.0391855	0.00266888	0.00164312	0.00157555	0.32251	0.0241562	0.139816	0.0609179	0.00187694	0.000757854	0.0176793	0.00924603	0.0111501	0.127504	0.174033	0.000467005	0.0109564
74	0.197381	0.280658	0.00326649	0.00683697	0.00826089	0.0272755	0.00332762	0.0968805	0.00464833	0.0103314	0.0106832	0.00584251	0.001585	0.00565532	0.00392841	0.044547	0.010993	0.27356	0.00103285	0.00330637
75	0.0781028	0.00143097	0.0064944	0.0283938	0.0484273	0.00324901	0.00298651	0.178409	0.106491	0.110075	0.105192	0.00574884	0.0017212	0.0759249	0.0250034	0.0104001	0.0248482	0.154431	0.00293407	0.0297373
76	0.626014	0.0781178	0.00135529	0.00616173	0.00150276	0.085904	0.000916382	0.0135058	0.00393626	0.00138948	0.0035054	0.00327594	0.0025548	0.00353924	0.00139737	0.0896668	0.0187674	0.0552943	0.000306936	0.00288799
77	0.00746142	0.00819765	0.000620882	0.000774169	0.00303665	0.0005035	0.000467105	0.549457	0.000793397	0.0374127	0.0264866	0.000685944	0.00232448	0.000729802	0.000597895	0.00106789	0.01197	0.346807	0.00012213	0.000484713
78	0.0389042	0.000709434	0.0960672	0.202766	0.00061382	0.00164787	0.00243373	0.0110569	0.197766	0.0109451	0.00839162	0.0369102	0.000430605	0.194281	0.108191	0.047265	0.0352152	0.00489232	0.000455422	0.00105679
79	0.132947	0.00254847	0.0568717	0.00920166	0.022672	0.0335906	0.0708564	0.00466411	0.00595208	0.120815	0.0536221	0.152379	0.00159062	0.0252359	0.00467646	0.102182	0.0856323	0.00673118	0.00125169	0.106581
80	0.0113724	0.00149841	0.0333672	0.0144564	0.00353212	0.693413	0.0160155	0.00259371	0.0301936	0.0050195	0.00283239	0.105013	0.00159288	0.00531427	0.0109291	0.0362802	0.0101966	0.00377207	0.00984109	0.00276612
81	0.0259364	0.00497832	0.00412355	0.00695718	0.23121	0.00326929	0.00981474	0.115432	0.00477326	0.084194	0.138048	0.0113278	0.00169899	0.008024	0.00365401	0.015133	0.0159684	0.0562368	0.00692208	0.252298
82	0.0432958	0.00535317	0.0308954	0.0044789	0.00191762	0.0522397	0.00290418	0.00403909	0.00441227	0.00397201	0.00311936	0.0515471	0.0200593	0.00463489	0.00300012	0.301229	0.450471	0.00907499	0.00101221	0.00234403
83	0.0859704	0.0144308	0.0410649	0.0466873	0.0110593	0.0489326	0.0336464	0.0177596	0.0387902	0.0325106	0.0154562	0.149604	0.00833738	0.0295838	0.02295	0.277621	0.0754694	0.0232891	0.00579532	0.0210417
84	0.0567601	0.0255728	0.00605642	0.0141302	0.00603489	0.00336514	0.00460479	0.098819	0.0127525	0.0240614	0.0204964	0.00497398	0.00330299	0.0163056	0.00761543	0.0206605	0.0194055	0.647426	0.00126974	0.00638618
85	0.0561297	0.00590737	0.0153374	0.0291477	0.0323856	0.0141332	0.0171335	0.0833001	0.0234142	0.227014	0.271561	0.0165671	0.00901581	0.0319296	0.0154757	0.0298057	0.0302706	0.0639461	0.00325427	0.0242716
86	0.030409	0.00439919	0.00282308	0.0039705	0.225066	0.00215447	0.00294276	0.154925	0.0035005	0.0990194	0.163163	0.00387558	0.00129899	0.00729855	0.00242009	0.0124193	0.0176699	0.0709379	0.0035956	0.188111
87	0.0638862	0.00522844	0.348832	0.143193	0.0067121	0.0241225	0.0148961	0.0139406	0.0671591	0.0153665	0.0146995	0.0660606	0.0112705	0.0437946	0.0354514	0.0552575	0.0319527	0.0214269	0.00317607	0.0135738
88	0.435989	0.00352226	0.00243963	0.00493233	0.00147624	0.462488	0.00175301	0.0105362	0.00373899	0.00363401	0.00344344	0.0031077	0.00254003	0.00375154	0.00277499	0.0279245	0.0150796	0.00739499	0.000765381	0.00270822
89	0.142364	0.012724	0.0227867	0.0166834	0.00470984	0.0199362	0.00943449	0.00987002	0.0126488	0.0135289	0.00722847	0.0178843	0.00757588	0.00961033	0.0100483	0.616864	0.0404766	0.0172461	0.0012383	0.00714106
90	0.154732	0.00318742	0.0083404	0.0445385	0.00459998	0.00578715	0.131083	0.0396855	0.16127	0.00930388	0.00743358	0.00809982	0.132399	0.00927602	0.0420052	0.0831361	0.0113886	0.136665	0.00187365	0.00519552
91	0.144823	0.00220065	0.00497799	0.028707	0.0237845	0.0043793	0.256421	0.00530806	0.00626829	0.0491902	0.0257752	0.00644328	0.00215521	0.0063439	0.00499723	0.278067	0.0327752	0.00713707	0.00119645	0.109049
92	0.0203821	0.0012391	0.328624	0.0470474	0.0015799	0.00320882	0.0029672	0.00361204	0.00445136	0.00333709	0.00278465	0.00307953	0.103659	0.00383473	0.00253997	0.368961	0.0915672	0.00410137	0.00086042	0.0021633
93	0.0131684	0.000870747	0.00187964	0.00288478	0.322601	0.00138054	0.00377623	0.00981938	0.00259098	0.0436359	0.00280104	0.00329934	0.000746557	0.00227161	0.00157778	0.00313947	0.00292882	0.0102817	0.0251819	0.545164
94	0.0507155	0.000294874	0.30596	0.489559	0.00035564	0.00381459	0.00634742	0.000787224	0.0535366	0.000735556	0.00065071	0.0312816	0.00293537	0.0250503	0.0119021	0.00832287	0.00520862	0.00142558	0.000153697	0.000962962
95	0.0329568	0.00384527	0.397547	0.1616	0.00475899	0.00904078	0.00736179	0.00895706	0.139473	0.0095934	0.00894892	0.0279233	0.00349116	0.019204	0.0152781	0.0252434	0.0487072	0.0169647	0.00193133	0.057174
96	0.0549895	0.0104538	0.0752203	0.0637402	0.0151114	0.0531769	0.054295	0.017315	0.0552437	0.023637	0.0147525	0.338613	0.00534458	0.0337899	0.0370712	0.0535538	0.0376822	0.0250451	0.00655565	0.0244092
97	0.0623023	0.00607404	0.00126928	0.00211643	0.00199783	0.00177709	0.000849995	0.123022	0.00169387	0.0340772	0.0430128	0.00123876	0.00103132	0.00192053	0.00115513	0.0103338	0.00735452	0.692762	0.000291535	0.00571958
98	0.195068	0.000273599	0.0408995	0.186314	0.000330875	0.0192083	0.022434	0.000644944	0.181087	0.000640381	0.00288012	0.0704109	0.00023153	0.0625406	0.0997331	0.0636482	0.040017	0.0114472	0.00016136	0.00202927
99	0.0291922	0.000483999	0.001676	0.040108	0.00395215	0.00135757	0.00124183	0.328781	0.0446137	0.130217	0.0988921	0.00152487	0.000568481	0.0303796	0.0191019	0.00559725	0.0970534	0.158971	0.000270141	0.00601831
100	0.0375259	0.0135356	0.00353684	0.00216658	0.000899265	0.00503865	0.00121166	0.00635198	0.00192183	0.0109098	0.00129801	0.00473576	0.0022313	0.00213667	0.00133571	0.0725732	0.81827	0.00845953	0.000330053	0.00553194
101	0.0833256	0.00057422	0.00142457	0.00690227	0.000738167	0.0269285	0.00578984	0.00775012	0.447095	0.00244221	0.00186993	0.00569146	0.00651748	0.0380127	0.309894	0.0334294	0.0128635	0.00751775	0.000322918	0.000911037
102	0.0313085	0.000489923	0.0491619	0.214021	0.000808062	0.000848322	0.00204428	0.00676311	0.231732	0.0128159	0.00719568	0.0244413	0.000366523	0.221445	0.107116	0.0462274	0.0392317	0.00283293	0.000313313	0.000836867
103	0.0506763	0.00354953	0.000805073	0.00143327	0.000544233	0.000752315	0.000685006	0.0538185	0.00124364	0.0139768	0.012658	0.00079952	0.00122318	0.00137398	0.000827229	0.00975501	0.0102092	0.832649	0.000196343	0.00282359
104	0.116894	0.012641	0.00252885	0.0038882	0.00143193	0.0020966	0.00170405	0.00540823	0.00334674	0.0038166	0.00311107	0.00257031	0.00152552	0.0032894	0.00233655	0.0867593	0.0663932	0.677783	0.000616113	0.00185921
105	0.050875	0.000295268	0.305338	0.489191	0.000356185	0.00386386	0.00638904	0.000794288	0.0542885	0.000727865	0.000648995	0.0313411	0.00293387	0.0251569	0.0118702	0.00831135	0.00510738	0.00141855	0.000147667	0.000944586
106	0.113972	0.0161548	0.00199493	0.00310206	0.289647	0.00189467	0.00156406	0.161502	0.00266991	0.112813	0.106695	0.00917819	0.00131314	0.00360428	0.00176823	0.0149292	0.00386512	0.0880671	0.00923379	0.0560311
107	0.182384	0.000727253	0.00168411	0.00241939	0.000839091	0.00141347	0.00126164	0.00170009	0.0020917	0.00178716	0.0013411	0.00229498	0.000625202	0.00168643	0.00151901	0.78319	0.00910566	0.00234946	0.000278971	0.00130112
108	0.0573682	0.00653101	0.0244414	0.066011	0.0174176	0.0261728	0.153056	0.0194953	0.199719	0.0195622	0.0118365	0.0728601	0.0109106	0.0646413	0.142815	0.0301998	0.0208125	0.0281819	0.00447952	0.0234886
109	0.478085	0.00140451	0.0274259	0.0368868	0.0128706	0.00198631	0.0022436	0.00291649	0.0807571	0.0372904	0.0144929	0.018558	0.0277135	0.0207302	0.0252674	0.151591	0.0183239	0.00415944	0.0127713	0.0245249
110	0.0597693	0.0524353	0.00336889	0.00497042	0.0196361	0.0587158	0.148395	0.0729816	0.0543798	0.0620544	0.0160104	0.0163406	0.00105195	0.0457481	0.105378	0.00539815	0.0180214	0.156406	0.000765236	0.0981734
111	0.00817738	0.000425924	0.0700819	0.0238236	0.00431779	0.664426	0.0333896	0.00121397	0.0591166	0.00126633	0.0009403	0.0859255	0.000299168	0.00764931	0.011122	0.0183108	0.00518807	0.0013955	0.00213088	0.000799576
112	0.0506763	0.00354953	0.000805073	0.00143327	0.000544233	0.000752315	0.000685006	0.0538185	0.00124364	0.0139768	0.012658	0.00079952	0.00122318	0.00137398	0.000827229	0.00975501	0.0102092	0.832649	0.000196343	0.00282359
113	0.0337308	0.0335407	0.00851542	0.0070207	0.00286844	0.034373	0.00399574	0.00924473	0.00619553	0.00531032	0.00397672	0.0117843	0.00514098	0.0060712	0.00388283	0.569729	0.214803	0.0352581	0.00129001	0.00326795
114	0.0535512	0.0206298	0.0044545	0.010957	0.00760241	0.0031447	0.004377	0.121364	0.0102981	0.0342294	0.0259064	0.00424611	0.00283308	0.0128301	0.00668193	0.0143424	0.0172702	0.636915	0.00174085	0.00662613
115	0.0911141	0.00364849	0.11942	0.347801	0.00513155	0.0184854	0.0159749	0.0176337	0.0850381	0.0195147	0.0138674	0.0334893	0.00798419	0.0841233	0.0359363	0.0353042	0.0286249	0.0251009	0.00179459	0.0100124
116	0.375784	0.00221434	0.0028702	0.00503574	0.00176353	0.536333	0.00246257	0.0100267	0.00419401	0.00405178	0.0034264	0.00330176	0.00227461	0.00407217	0.00325473	0.0174801	0.0130294	0.00511516	0.00089902	0.00241071
117	0.0711674	0.00491605	0.12967	0.374321	0.00713569	0.0141939	0.0176804	0.0142917	0.0809221	0.0147202	0.0141696	0.0372077	0.0067113	0.0831878	0.0327167	0.0370709	0.0244705	0.0229768	0.00242493	0.010045
118	0.00279799	0.000642499	0.000962223	0.00166946	0.017457	0.000803635	0.000782153	0.236324	0.0019848	0.643179	0.0337227	0.000925429	0.000622515	0.00180348	0.00152035	0.00178546	0.00677028	0.0408892	0.000265749	0.00509225
119	0.0947137	0.00332526	0.0324141	0.0156211	0.00396904	0.624492	0.01955	0.00739037	0.0300929	0.0060842	0.00405945	0.0635509	0.00527566	0.0088543	0.0104362	0.0335576	0.0111471	0.014043	0.00577443	0.00564844
120	0.027689	0.0716752	0.00332307	0.0248798	0.00214735	0.00263644	0.00445536	0.049321	0.0768791	0.0187515	0.00363308	0.0036626	0.00180637	0.0900424	0.0445825	0.0101371	0.0244013	0.536019	0.00121772	0.00273976
121	0.0124152	0.00196929	0.00198579	0.00617813	0.0317022	0.00173229	0.00206844	0.218217	0.00669627	0.55427	0.0587407	0.00318699	0.000614715	0.0074631	0.00425825	0.00453714	0.0134399	0.0612471	0.000850249	0.00842736
122	0.505202	0.0343646	0.00484565	0.00914641	0.0038312	0.128697	0.00368029	0.0267522	0.00775052	0.00695306	0.00658729	0.00673333	0.00425074	0.00586448	0.00500839	0.13981	0.0300135	0.0629418	0.000901853	0.00666587
123	0.0282586	0.0056035	0.0535802	0.0272613	0.00741163	0.417924	0.0256797	0.00995041	0.0382225	0.0166779	0.00753284	0.176819	0.00430711	0.019292	0.0169909	0.0822808	0.0304627	0.0129695	0.0102004	0.00857548
124	0.0121035	0.00628912	0.000698402	0.00107971	0.00338067	0.00101077	0.000571515	0.465727	0.00104529	0.0579925	0.0320758	0.000815456	0.00183181	0.00110238	0.000686884	0.00204954	0.0123916	0.397803	0.000248452	0.00109675
125	0.081455	0.00401491	0.134097	0.377137	0.00544537	0.0182212	0.0157397	0.0117907	0.0820871	0.0129736	0.0104985	0.0367276	0.008766	0.084285	0.0300175	0.0318236	0.0234297	0.0217848	0.00198024	0.00772569
126	0.0377589	0.00364075	0.13084	0.250498	0.00538139	0.0140217	0.047496	0.0104255	0.0604517	0.00897486	0.00762356	0.0141893	0.00754121	0.0130269	0.007606	0.266802	0.0868837	0.0173503	0.00293695	0.00655164
127	0.178623	0.00221613	0.142141	0.23648	0.00650365	0.106582	0.0728401	0.00542972	0.00718902	0.0345372	0.052016	0.0681919	0.00212011	0.0074719	0.00676232	0.0399698	0.00835983	0.00872958	0.00123754	0.0125993
128	0.0567257	0.00123856	0.00303856	0.127125	0.00153278	0.0259758	0.0666115	0.0172599	0.0936296	0.00394932	0.160071	0.00339571	0.00156374	0.150051	0.04195	0.018806	0.068777	0.155783	0.000604055	0.00191102
129	0.157709	0.00318689	0.0576516	0.068853	0.00389499	0.00671749	0.102074	0.0108213	0.0348073	0.0364781	0.148319	0.0418443	0.00306396	0.105556	0.00696754	0.108492	0.0572612	0.0377424	0.00128065	0.00727877
130	0.0497257	0.00211199	0.00531903	0.00801058	0.00285893	0.00398555	0.122234	0.0785488	0.00707453	0.065015	0.259227	0.0237458	0.00206085	0.027506	0.0228658	0.10179	0.0917968	0.121668	0.00131463	0.00314076
131	0.0130774	0.000947916	0.00192365	0.00295861	0.320555	0.00139382	0.00468437	0.0101057	0.00258893	0.0439593	0.00325203	0.00399644	0.000731657	0.00237894	0.00157856	0.00309854	0.00313779	0.0106557	0.0250825	0.543893
132	0.0627539	0.0169352	0.0140524	0.0222849	0.00780467	0.0103862	0.0125916	0.0638733	0.0249465	0.0339502	0.0264319	0.0143025	0.0165429	0.0192647	0.0132971	0.046615	0.394251	0.183067	0.00345741	0.0131923
133	0.0100599	0.00118156	0.510245	0.0462265	0.00190428	0.0051051	0.00214879	0.00381676	0.0796878	0.00311876	0.0139907	0.132881	0.000971817	0.0331607	0.0749786	0.0419524	0.0185015	0.0160023	0.000738609	0.00332861
134	0.0653304	0.0055096	0.023542	0.0105334	0.00507248	0.00875451	0.0069565	0.0362613	0.0106416	0.0332888	0.01047	0.00570573	0.427588	0.00802763	0.00627514	0.022167	0.0208061	0.283298	0.00133887	0.00843291
135	0.0506322	0.000294886	0.306082	0.489349	0.000354839	0.00382473	0.00638084	0.000794341	0.0538017	0.000722353	0.000643335	0.0313078	0.00294424	0.0250163	0.0118611	0.00834916	0.00513275	0.00140159	0.00015578	0.000950602
136	0.00761675	0.00113629	0.0607796	0.600702	0.00180007	0.00206202	0.0020172	0.00343866	0.0150654	0.00324553	0.00337407	0.00289375	0.00101471	0.276734	0.00252668	0.00552009	0.00364193	0.00368552	0.000781612	0.00196394
137	0.614065	0.0247966	0.00520915	0.0114421	0.00597146	0.0798201	0.00377974	0.0155636	0.00879867	0.00706762	0.00850587	0.00774176	0.00547683	0.00609535	0.00450385	0.0705384	0.0216329	0.0917899	0.00155496	0.00564621
138	0.112182	0.00615645	0.0051838	0.0619182	0.00284621	0.00292131	0.00327737	0.0779102	0.0778732	0.0528543	0.0047899	0.00372436	0.00137381	0.126375	0.0202147	0.00584044	0.0300467	0.40054	0.000958976	0.00301333
139	0.135844	0.000558672	0.15651	0.317552	0.000905535	0.00121904	0.00189054	0.0222044	0.0796326	0.010868	0.00766758	0.0158913	0.000595477	0.143039	0.0593516	0.0156695	0.0156407	0.0136838	0.00030409	0.000972646
140	0.0523894	0.00987147	0.010012	0.0222891	0.268018	0.00921248	0.021006	0.0654817	0.0166232	0.0934452	0.0500662	0.0205611	0.00417248	0.0166192	0.0105918	0.0235121	0.0160998	0.0498002	0.0121194	0.228109
141	0.0511931	0.00399301	0.000873431	0.00153316	0.000565954	0.000738974	0.000695264	0.0523876	0.00134212	0.0140086	0.0120904	0.000852186	0.00117732	0.00142195	0.000980975	0.0113372	0.0111519	0.830687	0.000209944	0.00275972
142	0.193486	0.00026456	0.0387609	0.182347	0.0003265	0.0188795	0.0230066	0.000644465	0.185708	0.000615643	0.00299128	0.0697235	0.00022381	0.0644456	0.101033	0.0633662	0.0403406	0.0116204	0.000162104	0.00205369
143	0.143177	0.00107191	0.0475576	0.0978074	0.0203022	0.00194386	0.00259891	0.00224568	0.24042	0.0471474	0.0138432	0.00523751	0.000929413	0.116213	0.236356	0.0136169	0.0038617	0.00354429	0.000436976	0.00168909
144	0.0431729	0.00860657	0.0121155	0.0151078	0.00344217	0.0148449	0.00649623	0.0181645	0.0118971	0.0200983	0.00979168	0.0154729	0.00630738	0.0136839	0.00835026	0.0799932	0.682152	0.0215357	0.00145585	0.00731064
145	0.0066714	0.000586519	0.0619001	0.0188277	0.00395461	0.590629	0.055042	0.00154829	0.0933671	0.00179242	0.00130268	0.0889229	0.000697236	0.0321507	0.0187442	0.0142029	0.00549903	0.00210899	0.00103219	0.00101961
146	0.040027	0.179075	0.00209535	0.0103787	0.00137969	0.00199169	0.00188053	0.0948747	0.00765658	0.0139653	0.0101116	0.00267751	0.0014858	0.0135129	0.00402262	0.0217641	0.00546076	0.585415	0.000529747	0.00169496
147	0.0628596	0.00608969	0.342506	0.148902	0.00751098	0.0380236	0.0136747	0.0161799	0.064625	0.0161341	0.0120846	0.0611951	0.0180011	0.0389373	0.0290724	0.0509742	0.03533	0.0219303	0.00244351	0.0135253
148	0.274012	0.115983	0.011581	0.0209021	0.0857421	0.0339329	0.0120982	0.0365506	0.0176373	0.0272914	0.0189316	0.0202471	0.0061481	0.0172943	0.0127812	0.182449	0.0353734	0.0503182	0.00380017	0.016927
149	0.0264579	0.0043025	0.00510252	0.0077125	0.045646	0.00687409	0.00852143	0.126782	0.0113967	0.5417	0.0876021	0.0120806	0.0110988	0.0119116	0.00680775	0.0123701	0.0170185	0.0420015	0.00205142	0.0125618
150	0.584158	0.0137204	0.0115128	0.027435	0.00586084	0.0958907	0.00727874	0.0141613	0.0200121	0.0103074	0.0112863	0.0135069	0.0121307	0.0136708	0.00888182	0.0846702	0.0252773	0.0296415	0.00206006	0.00853686
151	0.0130814	0.0126213	0.000633284	0.00150486	0.00248176	0.000588705	0.000690689	0.478703	0.00138694	0.0312727	0.0224868	0.000859925	0.00389847	0.00149469	0.000799462	0.00321829	0.0104847	0.412853	0.000157877	0.00078259
152	0.725353	0.0118843	0.000978599	0.00638392	0.000725117	0.0991212	0.000682347	0.00623768	0.00407773	0.00100015	0.00370345	0.00336933	0.00326252	0.00345679	0.00106393	0.0853341	0.0215582	0.0184945	0.000242028	0.00307164
153	0.025171	0.076493	0.00166115	0.00414417	0.00293636	0.00170564	0.0012935	0.389818	0.002776	0.02356	0.0339131	0.00199811	0.00217247	0.00449238	0.00175531	0.0087376	0.00854912	0.406847	0.000510765	0.00146507
154	0.0826917	0.00426752	0.0354882	0.0187522	0.0041608	0.624963	0.0178841	0.00800134	0.0327363	0.00642451	0.0061605	0.0667567	0.00570587	0.0082893	0.0108091	0.0389105	0.0113842	0.00809047	0.00511104	0.00341237
155	0.0503958	0.00892671	0.0170621	0.0166813	0.00488883	0.0129173	0.00837407	0.0203071	0.0172055	0.0248905	0.00945158	0.0159699	0.00620908	0.0117643	0.00919417	0.0729759	0.649825	0.0321357	0.00168831	0.00913657
156	0.1994	0.00845352	0.00521923	0.0068094	0.00157138	0.0116289	0.0024318	0.00387966	0.00634496	0.00384015	0.00378715	0.00410284	0.00180796	0.00449534	0.0035711	0.704555	0.0187116	0.00690243	0.00048891	0.00199853
157	0.0713057	0.0080436	0.0350496	0.0500599	0.030492	0.0585474	0.248507	0.0215605	0.0596197	0.0299283	0.0232802	0.0811442	0.0120057	0.0432035	0.0320036	0.0671778	0.0300751	0.0334103	0.010653	0.0539334
158	0.0807242	0.00239263	0.0348925	0.0170831	0.00325888	0.65214	0.0186042	0.00494425	0.0328493	0.00528175	0.00397958	0.0648138	0.00554867	0.00893642	0.0100312	0.0274417	0.011366	0.00873918	0.00488171	0.00209098
159	0.251587	0.0169218	0.0404042	0.0687566	0.011469	0.026767	0.0181659	0.0195959	0.110408	0.022547	0.0181184	0.0312256	0.00921951	0.0431468	0.169367	0.061853	0.0308837	0.0319854	0.00319427	0.0143838
160	0.0115885	0.00805153	0.00189395	0.00240058	0.241204	0.00151299	0.100488	0.00209021	0.00206208	0.00340291	0.00195654	0.0584463	0.000818799	0.00947977	0.00132755	0.00290206	0.0107092	0.0100168	0.00119116	0.528457
161	0.0831347	0.0061351	0.0506605	0.105063	0.00841247	0.0329143	0.0229398	0.018431	0.291002	0.0233979	0.0129733	0.034765	0.00747185	0.0713854	0.114622	0.0427543	0.029327	0.0307872	0.00333691	0.0104858
162	0.00277187	0.000440413	0.000967186	0.00149	0.0181879	0.000879897	0.000776463	0.226519	0.00166915	0.654457	0.0360607	0.00109379	0.000382081	0.0017705	0.00124981	0.0016064	0.00648746	0.0378418	0.000273505	0.00507479
163	0.226955	0.00284498	0.116081	0.0342608	0.00349795	0.00516439	0.00509813	0.00654376	0.0789228	0.00722827	0.00585412	0.00763315	0.00343029	0.00740851	0.204789	0.236219	0.00886697	0.0325883	0.00152199	0.00509323
164	0.0288712	0.00407163	0.00267885	0.00387897	0.22187	0.00211201	0.00204876	0.158005	0.00360064	0.102478	0.168553	0.00316263	0.00123206	0.00721523	0.00238577	0.011676	0.0178296	0.0703548	0.00332734	0.184649
165	0.0499768	0.000803502	0.318319	0.174776	0.00113166	0.0779748	0.0118217	0.00170948	0.0416563	0.00205044	0.00166418	0.0857456	0.0163704	0.100885	0.0172087	0.0809143	0.0126999	0.00248452	0.000363428	0.00144431
166	0.0353354	0.0119155	0.00792295	0.0269178	0.00688688	0.0136627	0.0674128	0.0936485	0.042507	0.0253752	0.0215583	0.0101216	0.00438221	0.123398	0.173633	0.0161112	0.0579523	0.241006	0.00333697	0.0169154
167	0.0208635	0.00711277	0.00104192	0.00235908	0.00376196	0.00196584	0.000772272	0.378304	0.00199538	0.0765932	0.0418128	0.00106894	0.00145106	0.00237486	0.00097681	0.00345114	0.0120133	0.43999	0.000309161	0.00178234
168	0.193971	0.000266515	0.0394667	0.182284	0.000332184	0.0186961	0.0231034	0.000656112	0.185997	0.000608964	0.00289059	0.0695658	0.000235848	0.064486	0.100288	0.0629903	0.0399279	0.012017	0.000159823	0.00205653
169	0.286638	0.00208452	0.0143175	0.289141	0.00267237	0.0274533	0.00644182	0.00615688	0.180796	0.00632044	0.00509275	0.0138171	0.00228861	0.0354987	0.016267	0.0166733	0.0744041	0.00926995	0.00109167	0.00357527
170	0.00740349	0.00974556	0.00062707	0.000858328	0.00299547	0.000514791	0.000499102	0.550047	0.000840306	0.0345617	0.0259725	0.000707038	0.002374	0.000829215	0.000580468	0.00134987	0.0118836	0.347597	0.000128893	0.000485415
171	0.0662981	0.0284508	0.00815096	0.129157	0.00531509	0.031382	0.100483	0.00579513	0.0321089	0.00813844	0.0377769	0.206872	0.00240063	0.0820126	0.00513909	0.12637	0.0395926	0.0537851	0.00117595	0.0295955
172	0.193075	0.000269091	0.0390298	0.182073	0.000327569	0.0187974	0.0230576	0.00066642	0.186638	0.000614336	0.00293929	0.0696764	0.00022382	0.0648522	0.100687	0.0630759	0.0401053	0.0116893	0.000161347	0.00204054
173	0.0613891	0.000721553	0.0139862	0.125745	0.00619368	0.00288537	0.0078787	0.00214176	0.376427	0.0291894	0.00959949	0.0102911	0.0011523	0.0815404	0.252724	0.00793563	0.0059767	0.0027626	0.000423448	0.00103666
174	0.00232228	0.000396228	0.000923504	0.00132631	0.0179359	0.000797505	0.00073391	0.226747	0.00169489	0.662921	0.0337902	0.000950125	0.000378855	0.00166429	0.00125446	0.00158175	0.00587231	0.0333008	0.000273096	0.00513463
175	0.101542	0.00560444	0.0294865	0.0129229	0.00595437	0.0938252	0.00844483	0.0167366	0.0101447	0.0202989	0.0247897	0.0255842	0.347923	0.0104812	0.0076336	0.0846941	0.154359	0.0311759	0.00207792	0.00632159
176	0.0337403	0.00191639	0.277249	0.0457106	0.00228384	0.0884532	0.021577	0.00451415	0.0387676	0.00465525	0.00382277	0.307703	0.00193693	0.0115057	0.0107773	0.0315639	0.103455	0.00609798	0.00131153	0.0029591
177	0.0246779	0.00256076	0.00586018	0.0058875	0.15345	0.00302171	0.0203597	0.139499	0.0108803	0.0746602	0.105443	0.0107078	0.00240975	0.00788987	0.00349888	0.0244857	0.0516859	0.137011	0.00348134	0.212529
178	0.0947519	0.00800719	0.0293256	0.0398264	0.0134839	0.0250939	0.152903	0.0286591	0.0513834	0.0301987	0.0248116	0.0249468	0.246342	0.0311231	0.0260801	0.052482	0.0330104	0.067	0.00542265	0.0151485
179	0.00442274	0.00146598	0.00130961	0.00167368	0.021836	0.000936252	0.000839127	0.277758	0.00191949	0.591332	0.0308349	0.00177605	0.000610361	0.00194623	0.00148745	0.00201353	0.00645769	0.0462426	0.000315457	0.00482225
180	0.0530309	0.0238114	0.00428354	0.0104147	0.00421831	0.00369776	0.005424	0.107969	0.0104402	0.0277656	0.0207463	0.00386876	0.00522556	0.0147437	0.00660134	0.0177745	0.0186487	0.654671	0.000901814	0.00576346
181	0.0102749	0.00136911	0.0015638	0.00255843	0.02413	0.00129774	0.00228973	0.0834763	0.00324019	0.513756	0.291622	0.00468107	0.00103154	0.0153849	0.00245449	0.004113	0.00602018	0.0263024	0.000449927	0.0039839
182	0.068523	0.00968826	0.0272203	0.0502634	0.0349529	0.0385503	0.246961	0.024042	0.0617312	0.0337817	0.0279462	0.0833307	0.0125159	0.0405389	0.0356437	0.0630604	0.030807	0.0401197	0.0091532	0.0611706
183	0.0785662	0.00227095	0.0390929	0.0182765	0.00458137	0.652178	0.0184245	0.00473176	0.0351267	0.00385829	0.00334802	0.06587	0.00269668	0.00898605	0.00974904	0.0258473	0.0120162	0.00691464	0.00521103	0.00225403
184	0.22272	0.00203913	0.00212438	0.00333345	0.000964474	0.0102614	0.00135772	0.00228421	0.00346426	0.00222077	0.00198676	0.00288968	0.00133009	0.00197271	0.00194786	0.722796	0.00945454	0.00435489	0.000456197	0.00204174
185	0.129665	0.0135807	0.0222818	0.0197849	0.00584603	0.0242809	0.0116464	0.0109833	0.0125544	0.0116948	0.0127384	0.0159785	0.0091719	0.0135022	0.00845407	0.589878	0.0586886	0.0185998	0.00183905	0.00883116
186	0.145257	0.00114312	0.00151184	0.00226102	0.000765396	0.00198686	0.00118615	0.00179462	0.00198628	0.00179403	0.00129069	0.00224592	0.000622539	0.0016224	0.00140134	0.81673	0.0121677	0.00274014	0.000256266	0.0012367
187	0.0490685	0.0256418	0.00432439	0.00988869	0.00829382	0.00337272	0.00384181	0.0969323	0.0117361	0.0241242	0.0185331	0.00453857	0.00513256	0.0127889	0.0060892	0.016338	0.0158268	0.674897	0.00199466	0.00663643
188	0.0309126	0.00233468	0.0582893	0.00802581	0.00343976	0.00892171	0.00604675	0.0549859	0.00684761	0.0651416	0.00746832	0.00552288	0.5616	0.0057372	0.00493495	0.0324576	0.0319011	0.0995117	0.00127784	0.00464245
189	0.0351528	0.00183554	0.0044748	0.177888	0.00321039	0.00445942	0.023628	0.029558	0.0803824	0.00493132	0.0464207	0.00442663	0.0601237	0.413742	0.00442816	0.0318687	0.00782932	0.0608151	0.00119372	0.00363152
190	0.0506322	0.000294886	0.306082	0.489349	0.000354839	0.00382473	0.00638084	0.000794341	0.0538017	0.000722353	0.000643335	0.0313078	0.00294424	0.0250163	0.0118611	0.00834916	0.00513275	0.00140159	0.00015578	0.000950602
