284	20
1	0.0773946	0.0120221	0.00320558	0.0394656	0.15135	0.0139746	0.0792288	0.0224033	0.0308866	0.0579884	0.0163772	0.0205649	0.000950389	0.108822	0.037292	0.0529493	0.014812	0.0641873	0.000981458	0.195144
2	0.025822	0.00826587	0.0132081	0.0210492	0.00892795	0.0293213	0.179945	0.0142862	0.0631526	0.0243127	0.0119235	0.376248	0.00878371	0.0346168	0.0560955	0.0700565	0.0225774	0.015726	0.0033129	0.0123686
3	0.0546556	0.00501551	0.00412036	0.0391727	0.00262811	0.0376946	0.0931578	0.0701686	0.0584856	0.060965	0.0541451	0.0343926	0.0648012	0.123586	0.0281928	0.119102	0.0888229	0.0388406	0.00296531	0.0190873
4	0.106448	0.00396659	0.0128879	0.0694107	0.0113533	0.0186289	0.00906481	0.0240231	0.103235	0.168838	0.0505746	0.0432039	0.00166475	0.121341	0.13376	0.0379416	0.0162499	0.0240434	0.0125907	0.0307741
5	0.00796114	0.00140286	0.022448	0.00663846	0.00115286	0.00719826	0.0064977	0.00304179	0.541509	0.00199809	0.00139284	0.0184242	0.00639963	0.0120402	0.308916	0.0221013	0.0275496	0.0019405	0.00050079	0.000886568
6	0.0225636	0.00784623	0.00091143	0.00232708	0.0103738	0.00132581	0.00131577	0.367915	0.00221115	0.0853898	0.0640856	0.00284609	0.000529074	0.00174266	0.00128594	0.00373306	0.0223423	0.394674	0.0029676	0.003614
7	0.0302798	0.0014368	0.00161452	0.00401116	0.0121427	0.00187652	0.00289173	0.198483	0.00127568	0.585034	0.0244582	0.00324385	0.00215613	0.016633	0.00123865	0.0231678	0.0159779	0.0663251	0.00130981	0.00644395
8	0.0690541	0.0011673	0.151973	0.137162	0.00105498	0.0206094	0.0294335	0.00750743	0.136913	0.00659367	0.0069443	0.0767016	0.00612935	0.0858672	0.127542	0.0622529	0.0450712	0.00852177	0.000417626	0.0190829
9	0.690728	0.0140879	0.00146501	0.00260564	0.00121495	0.0388884	0.00788224	0.0263116	0.00511011	0.0114396	0.00608146	0.00469764	0.00179774	0.0032892	0.00501574	0.141567	0.0234152	0.0120948	0.000890797	0.00141695
10	0.0257342	0.00985921	0.00126029	0.00125416	0.520716	0.00306164	0.000851081	0.0351919	0.00105185	0.193267	0.0510861	0.00188296	0.000614665	0.00347405	0.0016194	0.0039454	0.0018548	0.0183723	0.00398471	0.120919
11	0.0910462	0.00197333	0.00472538	0.0412236	0.00313765	0.0269201	0.050705	0.030679	0.138155	0.0180301	0.00240133	0.00398486	0.00136788	0.3319	0.191902	0.012754	0.0123847	0.022369	0.0115303	0.0028103
12	0.0863053	0.00433687	0.0607258	0.0225605	0.0220267	0.328676	0.003422	0.00445479	0.0200394	0.00731831	0.0372488	0.0263457	0.10657	0.0381061	0.00314343	0.118314	0.0420786	0.025456	0.0229922	0.0198789
13	0.0408208	0.0155917	0.00197203	0.00273763	0.00326754	0.00495067	0.00246626	0.0238007	0.00192892	0.0137136	0.00365561	0.0176518	0.00193676	0.0040161	0.00202064	0.414232	0.417509	0.0242073	0.000876622	0.00264413
14	0.013435	0.00311567	0.0295837	0.00342827	0.0179985	0.00723537	0.0102616	0.0172173	0.00245115	0.0121714	0.00695468	0.120945	0.00159687	0.00361674	0.00236765	0.161592	0.571876	0.00640897	0.0012422	0.00650242
15	0.0552017	0.00338835	0.00327176	0.000969252	0.000577938	0.904178	0.00199135	0.000936589	0.00193611	0.00138222	0.000701681	0.00436121	0.000335579	0.0015548	0.000656201	0.0129418	0.00352107	0.00101217	0.000690583	0.000391409
16	0.0383471	0.0133085	0.00981116	0.0106367	0.110499	0.0157866	0.0186487	0.00945239	0.00883123	0.0226374	0.0160904	0.0131961	0.00507391	0.0139277	0.0095889	0.0725285	0.0201461	0.018468	0.00793435	0.565087
17	0.0578497	0.003219	0.00156317	0.000507584	0.000382329	0.915483	0.000419041	0.000539017	0.000411095	0.000786582	0.000517321	0.000554322	0.000250817	0.000506889	0.000395569	0.0123493	0.00299038	0.000712614	0.000212382	0.000350078
18	0.0265938	0.00932282	0.0604022	0.0135569	0.0115664	0.0135127	0.179577	0.0143653	0.0106403	0.273946	0.0123803	0.11279	0.00579863	0.0144475	0.00842001	0.0233065	0.0190466	0.0188547	0.00503452	0.166438
19	0.0292571	0.00414665	0.180272	0.0230203	0.00423903	0.314034	0.00337441	0.00439365	0.00423698	0.00673995	0.00460969	0.274585	0.00193738	0.00441436	0.00357631	0.066874	0.0247397	0.00623931	0.0194095	0.0199012
20	0.0197838	0.00893318	0.574989	0.214158	0.00380468	0.0137146	0.0119215	0.00195265	0.0150491	0.00294851	0.00210223	0.0469721	0.00435142	0.017789	0.00433322	0.039411	0.00849527	0.00404293	0.00205312	0.00319383
21	0.102622	0.00294713	0.0151869	0.0633432	0.0504117	0.0173909	0.00372844	0.170771	0.0155793	0.143819	0.0537022	0.00425093	0.0415338	0.0541512	0.0673917	0.0547556	0.0792335	0.0552421	0.00126207	0.00267816
22	0.0655948	0.00371921	0.00168597	0.00078361	0.000487992	0.901895	0.000433384	0.000919088	0.00044117	0.000957442	0.000663487	0.000633476	0.000251174	0.000677286	0.000437125	0.0152922	0.00343045	0.000983055	0.000238334	0.000475682
23	0.0407206	0.00978496	0.0130063	0.020278	0.0085816	0.0179766	0.0223535	0.0119137	0.150524	0.0568196	0.0123499	0.0264939	0.0193116	0.0397911	0.465413	0.0326337	0.0266374	0.01666	0.00284695	0.00590308
24	0.0199865	0.00871559	0.303098	0.578759	0.000913706	0.00584443	0.00171532	0.00119302	0.0103183	0.00134301	0.000918789	0.0207054	0.000901698	0.0191554	0.000906539	0.0162804	0.00186477	0.0015138	0.00478746	0.00107889
25	0.182799	0.00445854	0.00295421	0.00659882	0.0202492	0.0190625	0.0184313	0.0557955	0.193894	0.0235368	0.00660918	0.0316639	0.00188267	0.0350088	0.0236295	0.0254126	0.160284	0.18342	0.00163453	0.00267519
26	0.0147864	0.00116022	0.000542109	0.00441711	0.0331377	0.000787902	0.00381014	0.314109	0.00120189	0.423905	0.0446271	0.00282707	0.000358528	0.00486867	0.00109848	0.00383724	0.0186534	0.11327	0.00223852	0.0103641
27	0.0156847	0.00944668	0.575845	0.295664	0.00309525	0.00691102	0.00500612	0.00145563	0.00758199	0.00194695	0.00139158	0.0225262	0.000905693	0.0104717	0.0011848	0.0326709	0.00211102	0.00223287	0.0027396	0.00112813
28	0.113022	0.000923824	0.0397694	0.0926601	0.000880344	0.019046	0.0166738	0.0079284	0.209134	0.0282731	0.0129074	0.0482564	0.0221835	0.0547317	0.144941	0.101703	0.0681527	0.0154055	0.000274696	0.00313317
29	0.067697	0.0169162	0.000648973	0.00164492	0.00376052	0.00185089	0.000579945	0.33345	0.000623086	0.0573276	0.0142991	0.00280426	0.00158764	0.000870345	0.000589429	0.00400466	0.0117133	0.473278	0.0012409	0.00511258
30	0.00276659	0.000917287	0.00107386	0.00114436	0.192922	0.00133081	0.00543279	0.00131424	0.00110374	0.0109322	0.0157422	0.00128316	0.000449736	0.00132295	0.00105616	0.00432792	0.00176075	0.0118008	0.0104657	0.732853
31	0.678762	0.0211546	0.0019506	0.00105958	0.000803848	0.0369084	0.0019083	0.00878229	0.0116068	0.00455073	0.00631134	0.00544382	0.000299856	0.00326306	0.0082809	0.186935	0.0156494	0.00522846	0.000387287	0.000713681
32	0.0497824	0.00142485	0.20911	0.132339	0.00156742	0.0193709	0.0386279	0.00590197	0.0998722	0.00307407	0.00865919	0.0634755	0.00114802	0.110546	0.123998	0.0513964	0.0410628	0.0103264	0.000678298	0.0276387
33	0.0718994	0.0174128	0.000660471	0.00101968	0.00802773	0.00254778	0.000551425	0.22648	0.000799611	0.0504303	0.0231786	0.00692839	0.000728682	0.0021598	0.000690134	0.0112184	0.0502515	0.512535	0.00047709	0.0120034
34	0.0266838	0.00873752	0.000839503	0.00153477	0.36409	0.00280276	0.00138379	0.0679531	0.00265373	0.235695	0.128308	0.00324139	0.000469604	0.00567494	0.001139	0.00216637	0.00990847	0.0755931	0.00495966	0.0561653
35	0.0112143	0.0084711	0.0611379	0.065971	0.00244477	0.408195	0.0632495	0.00187646	0.108187	0.0181552	0.00244819	0.100436	0.0155669	0.0389246	0.058592	0.0251519	0.00406837	0.00330674	0.00141025	0.0011928
36	0.457845	0.0392258	0.00148845	0.00191687	0.00168349	0.104693	0.00144429	0.0021525	0.00161834	0.00293686	0.00254547	0.00216515	0.000987948	0.00197907	0.00142268	0.049732	0.293036	0.00475946	0.000750264	0.0276175
37	0.0670873	0.00313602	0.193126	0.300478	0.00163462	0.00740391	0.00806496	0.00241729	0.104596	0.00322806	0.00223292	0.0126588	0.133354	0.109976	0.00558982	0.019464	0.0144582	0.00793666	0.00108133	0.00207562
38	0.339673	0.0056515	0.134087	0.00603537	0.00449663	0.0258858	0.00416573	0.00513695	0.102785	0.0273104	0.00519678	0.025712	0.00212565	0.0241018	0.0234264	0.223008	0.0272376	0.00752768	0.00174205	0.00469487
39	0.657957	0.0214647	0.00280628	0.00333548	0.000621527	0.0712273	0.00189276	0.016579	0.00521483	0.0053683	0.00636413	0.00505931	0.00025304	0.00337661	0.00518219	0.163735	0.018505	0.00871966	0.00146895	0.000868527
40	0.0237115	0.000869006	0.000889074	0.00462722	0.0190544	0.00109209	0.0036192	0.251572	0.000694379	0.536577	0.0332359	0.00327959	0.000884045	0.00693316	0.000843472	0.0105321	0.0135409	0.0763672	0.00126743	0.0104105
41	0.0798891	0.0417846	0.00267454	0.00853515	0.0276499	0.0110136	0.0032096	0.144617	0.00830305	0.13246	0.103091	0.00769019	0.00315572	0.010115	0.0046582	0.0137073	0.0376027	0.345837	0.00230401	0.0117011
42	0.0372127	0.0123148	0.0127074	0.0162685	0.0104507	0.0190473	0.021373	0.0125413	0.154419	0.0536584	0.0123912	0.0262493	0.0185078	0.032232	0.476192	0.0327715	0.0234156	0.0177555	0.00355456	0.00693688
43	0.0704766	0.00771642	0.00502053	0.0264543	0.00279372	0.0503363	0.0714373	0.0539842	0.0311701	0.0628402	0.031763	0.0291796	0.228678	0.0534345	0.0159033	0.135846	0.0638088	0.0362592	0.0137186	0.00917982
44	0.0104232	0.00344679	0.00353154	0.0249479	0.00363938	0.00760017	0.138633	0.0264801	0.00920442	0.0277861	0.00905792	0.0958961	0.00238258	0.495958	0.0234969	0.0665835	0.0370308	0.00702264	0.00177672	0.00510265
45	0.0169386	0.0146471	0.00161109	0.00202378	0.389897	0.00372594	0.00226629	0.151342	0.00250632	0.249812	0.0635896	0.00252786	0.000861913	0.0031954	0.0020058	0.00388273	0.00373822	0.0346306	0.0259716	0.0248264
46	0.0674307	0.0205256	0.000975542	0.00281568	0.0132161	0.00790387	0.00102406	0.166045	0.00178114	0.0377927	0.038544	0.00826739	0.000851092	0.00797179	0.00221067	0.0357279	0.108866	0.470295	0.000561152	0.00719474
47	0.0444872	0.0945797	0.00711125	0.00981541	0.00780754	0.0258231	0.00627887	0.00994617	0.00683242	0.0132564	0.00937341	0.103948	0.00647136	0.00936653	0.00679286	0.586905	0.0283114	0.0132638	0.00244296	0.00718678
48	0.0659111	0.00376564	0.00172988	0.00102896	0.000463758	0.899432	0.00052511	0.00164364	0.000442238	0.00112692	0.000718993	0.00083816	0.000326669	0.000735039	0.000563111	0.0145776	0.00414185	0.00132346	0.000292707	0.000413434
49	0.0621587	0.0144012	0.0157693	0.0104616	0.0171144	0.0326397	0.00979755	0.0257337	0.0103655	0.0210483	0.0138369	0.053504	0.00664624	0.0135646	0.00861288	0.13923	0.488854	0.0359798	0.00314391	0.0171381
50	0.0144463	0.0050398	0.00620743	0.023954	0.00624052	0.00680429	0.13477	0.0215824	0.00793449	0.0255808	0.00625935	0.0903087	0.00272916	0.521956	0.0219312	0.0559095	0.029676	0.00957961	0.00229411	0.0067972
51	0.401817	0.0310145	0.00258443	0.00364534	0.00402164	0.0331226	0.00255506	0.0165284	0.00250177	0.00774765	0.00986972	0.0114787	0.00193614	0.00425411	0.00254221	0.133895	0.242584	0.081404	0.000839206	0.00565886
52	0.0236743	0.000721149	0.000792279	0.00429327	0.0176127	0.000978702	0.0032053	0.26236	0.000629578	0.523402	0.0324636	0.00272777	0.000954	0.00816886	0.000784488	0.0124318	0.0144875	0.0808223	0.00121689	0.0082742
53	0.430653	0.0354154	0.00181661	0.00220642	0.0017044	0.101951	0.00145819	0.00296045	0.00168869	0.00291701	0.00236864	0.00255923	0.00112304	0.00211524	0.00154678	0.0714162	0.295729	0.00459305	0.000808419	0.0349687
54	0.0893482	0.100874	0.00194521	0.0118034	0.0116598	0.0149709	0.00174153	0.129105	0.00178597	0.115878	0.0198013	0.00385718	0.0042967	0.00534572	0.00250765	0.142263	0.217571	0.122668	0.000992911	0.00158438
55	0.532608	0.0490643	0.00162995	0.00268176	0.00191625	0.0390504	0.00150795	0.00528559	0.00176994	0.00459564	0.0193992	0.00491046	0.000986906	0.00340524	0.00249075	0.0954713	0.123982	0.106434	0.000911871	0.00189807
56	0.0393357	0.00859939	0.00133435	0.00317703	0.242936	0.0026093	0.00280671	0.102129	0.00501199	0.2922	0.0997205	0.00477914	0.00104718	0.0110559	0.00322902	0.004493	0.0131227	0.104337	0.00525828	0.0528176
57	0.0617739	0.00434026	0.0178291	0.00746669	0.392238	0.00521747	0.012572	0.0219257	0.00594602	0.0677851	0.0364994	0.0203898	0.0016771	0.0748917	0.0273553	0.0771894	0.00768042	0.0120078	0.00158116	0.143633
58	0.686771	0.016911	0.000492852	0.000545936	0.000500432	0.0413764	0.00152966	0.00829734	0.00578944	0.00421772	0.00739267	0.00539504	0.000228907	0.00250176	0.00637377	0.186688	0.0187316	0.00556567	0.000249748	0.000440666
59	0.040668	0.025919	0.00364147	0.00426536	0.0293021	0.00276854	0.0159775	0.199878	0.00494719	0.250668	0.0291964	0.0756402	0.00119046	0.00512043	0.00721672	0.00431853	0.0174815	0.270643	0.00326853	0.00788903
60	0.0421668	0.0178912	0.0516213	0.0182039	0.0228928	0.0617586	0.00928005	0.0272445	0.0105042	0.322617	0.129362	0.0111079	0.00757352	0.0196524	0.0107878	0.0215611	0.0656758	0.132552	0.00533842	0.0122088
61	0.0441251	0.00376887	0.00495219	0.0120977	0.014551	0.00809574	0.029889	0.0071323	0.112055	0.113707	0.0228512	0.0421165	0.0251765	0.0554852	0.433108	0.0356501	0.00905081	0.0181272	0.00247006	0.00559023
62	0.0873002	0.00619308	0.0101118	0.0366089	0.00255704	0.0229514	0.0619683	0.0453899	0.0887735	0.0482961	0.0307538	0.0398666	0.162771	0.0874106	0.041866	0.092674	0.0826791	0.0354372	0.00323892	0.013152
63	0.00414825	0.00211509	0.0271379	0.00969535	0.00174089	0.752688	0.0266304	0.00182707	0.0360532	0.0104131	0.00180629	0.0708908	0.00240433	0.0205817	0.00818948	0.00489707	0.00889865	0.00264536	0.00619822	0.00103907
64	0.00750347	0.001643	0.458348	0.109457	0.00166964	0.0295288	0.0428705	0.0023269	0.0382313	0.00301432	0.00196257	0.187104	0.00107224	0.0545832	0.004229	0.0315504	0.0117776	0.00320944	0.000646847	0.00927231
65	0.0519028	0.00250535	0.0492808	0.0993411	0.00176514	0.0115022	0.0300483	0.027041	0.109235	0.0591522	0.00280965	0.0172013	0.000758312	0.0268704	0.104234	0.0495857	0.248915	0.104807	0.00069489	0.00235002
66	0.00633529	0.00319472	0.00142774	0.00178783	0.0343542	0.00178951	0.00255131	0.121718	0.00140165	0.422034	0.256177	0.00265889	0.000743889	0.00199191	0.00611907	0.00900977	0.00338044	0.119037	0.00063378	0.00365384
67	0.0241663	0.00677802	0.00265171	0.00579278	0.0324381	0.000944354	0.0107735	0.275491	0.007384	0.343799	0.0438592	0.00862103	0.000460362	0.00631806	0.00776146	0.00364819	0.0164128	0.176735	0.00784899	0.0181158
68	0.226201	0.0663936	0.00403745	0.00610211	0.0439173	0.0486516	0.0039048	0.00532133	0.0047941	0.0273422	0.00500031	0.00596362	0.00213985	0.00564489	0.00412678	0.364833	0.00798395	0.0269422	0.00194124	0.138759
69	0.177834	0.0477544	0.00093322	0.00122114	0.00197614	0.00691711	0.00088488	0.194257	0.000986552	0.118862	0.0173764	0.0029571	0.0102881	0.00135736	0.000801032	0.0121015	0.0261123	0.374607	0.000463253	0.00230977
70	0.0563479	0.0803673	0.00330596	0.00755719	0.0215848	0.0120079	0.00313037	0.0396383	0.00443023	0.0192522	0.00877941	0.0251431	0.0215229	0.0286123	0.0050259	0.197943	0.307417	0.153032	0.0012879	0.00361425
71	0.0822324	0.0229756	0.0335213	0.00743064	0.0044143	0.694549	0.00346757	0.0121114	0.00464943	0.00638041	0.00410503	0.0185415	0.00601156	0.0061148	0.00336187	0.0545938	0.0143312	0.0106602	0.0066425	0.00390569
72	0.107541	0.00094638	0.0400782	0.0881846	0.000557705	0.0195744	0.0165431	0.00860082	0.204585	0.0304148	0.013619	0.0497663	0.0246268	0.05047	0.146107	0.104987	0.0734856	0.017015	0.000279815	0.00261759
73	0.0759639	0.00927678	0.0119718	0.00582663	0.00263741	0.021957	0.00742154	0.0068728	0.0054705	0.011243	0.0037949	0.00995542	0.728481	0.00587922	0.00792086	0.0213963	0.0125389	0.0412503	0.00134437	0.00879749
74	0.00528243	0.00203347	0.00185857	0.0020912	0.164952	0.00212149	0.00614972	0.00296938	0.00216461	0.0130459	0.0149348	0.00226248	0.000740278	0.00323354	0.00262264	0.00699263	0.00337424	0.0112647	0.00935574	0.74255
75	0.0296739	0.00850029	0.52488	0.0872055	0.00451975	0.023702	0.02248	0.00601634	0.0584016	0.0103695	0.00587575	0.0755181	0.00895051	0.0315026	0.0212042	0.0457477	0.0193843	0.00900455	0.0013401	0.00572375
76	0.0403929	0.0155484	0.0111091	0.00526512	0.00825712	0.0250627	0.0065635	0.0230979	0.00305539	0.0130616	0.00723809	0.0436272	0.00408317	0.00516064	0.00392203	0.308547	0.444265	0.0222211	0.0017782	0.00774367
77	0.0109896	0.00213747	0.000975511	0.00289079	0.0423611	0.00137889	0.00286709	0.191084	0.0013323	0.431033	0.166545	0.00289669	0.000657431	0.00363698	0.0037533	0.00665224	0.00911253	0.110821	0.00103434	0.00784167
78	0.0676405	0.00356832	0.0349798	0.158951	0.0186806	0.0102378	0.0629794	0.0134486	0.0709344	0.0935478	0.0109347	0.0258711	0.00174957	0.227489	0.108313	0.0147352	0.0240694	0.0265692	0.0177033	0.00759746
79	0.0345016	0.0016604	0.0912358	0.471039	0.00139265	0.0792818	0.0298542	0.00225513	0.0720004	0.00337842	0.00197019	0.0521524	0.00280655	0.0420376	0.0254136	0.049881	0.0275165	0.00336618	0.000734873	0.00752216
80	0.0678034	0.0141541	0.000671124	0.000929054	0.0075535	0.00313448	0.000657023	0.194218	0.000699724	0.0520239	0.0309941	0.00983501	0.000827003	0.00271368	0.000585635	0.0150334	0.0663874	0.522087	0.000363124	0.00932973
81	0.00700403	0.00261894	0.000653811	0.00229266	0.0205757	0.000956195	0.00116214	0.517376	0.00486644	0.2034	0.0287774	0.00274694	0.000499133	0.00255938	0.000847859	0.00386975	0.0176417	0.171748	0.00552855	0.00487603
82	0.0612027	0.00729106	0.00532147	0.037947	0.00238256	0.0252405	0.0615066	0.0679218	0.0711796	0.0613087	0.0461308	0.0390573	0.117065	0.0993696	0.0412268	0.0970159	0.0852345	0.0518898	0.00286852	0.0188394
83	0.0530502	0.0104935	0.017326	0.0532687	0.0485117	0.242697	0.0789389	0.0171103	0.0417489	0.0611281	0.0346979	0.0569452	0.0091052	0.0717165	0.0552003	0.0425506	0.0208446	0.041386	0.00472743	0.0385532
84	0.0149166	0.00540714	0.0208782	0.00404427	0.0118951	0.00948778	0.0219561	0.0141477	0.00424145	0.0236315	0.00661308	0.129881	0.00243087	0.00498342	0.0045803	0.220103	0.483031	0.00898777	0.00236109	0.00642309
85	0.00668559	0.00176295	0.00147028	0.00131375	0.0451137	0.00189803	0.000915775	0.00778298	0.000972502	0.823143	0.0615995	0.00147065	0.00537744	0.00144977	0.000907119	0.0116107	0.00259972	0.00811772	0.0140425	0.00176634
86	0.0741441	0.0013231	0.0149949	0.0206886	0.00154648	0.0229839	0.00769823	0.0860312	0.377973	0.06409	0.054744	0.00441555	0.000743491	0.0298115	0.150066	0.0192276	0.0182849	0.04946	0.000551713	0.00122137
87	0.019485	0.0089806	0.297455	0.590603	0.000892768	0.00523944	0.000836552	0.00117999	0.00953029	0.00134525	0.000964537	0.0180459	0.0008396	0.018666	0.000826659	0.0162726	0.00157081	0.0014624	0.00489087	0.000912495
88	0.00901843	0.00354346	0.00371098	0.00443633	0.358235	0.0047801	0.0580222	0.00510685	0.056639	0.154055	0.0384341	0.0224844	0.00204576	0.0218177	0.0542926	0.00720548	0.00656035	0.00604126	0.111254	0.0723173
89	0.00416675	0.00211921	0.0270101	0.00969368	0.00173869	0.752978	0.0266757	0.00181993	0.03603	0.0105333	0.00181351	0.0705896	0.00240747	0.0206538	0.00819309	0.00483599	0.00886357	0.00264375	0.00621051	0.00102327
90	0.0066151	0.00201796	0.000429895	0.00246899	0.0056552	0.0005694	0.000394516	0.439607	0.000471614	0.0320258	0.0142293	0.000584467	0.000306981	0.000569739	0.000414679	0.000960201	0.00567036	0.483183	0.00343929	0.000386815
91	0.0903367	0.00144575	0.0386184	0.0875323	0.000638839	0.0204288	0.0176262	0.0128904	0.189916	0.0352898	0.0112189	0.0457179	0.0165929	0.0454686	0.133057	0.105121	0.115732	0.0300324	0.000308172	0.00202725
92	0.00906252	0.00140353	0.0230214	0.00727359	0.0011405	0.00789629	0.0070342	0.0034863	0.540253	0.00252886	0.00183946	0.017886	0.00630057	0.0125113	0.305191	0.0215992	0.0277601	0.00238823	0.000526442	0.000897587
93	0.0311223	0.0204574	0.00142515	0.00189148	0.00957434	0.00212385	0.00153846	0.156429	0.0016946	0.216883	0.288956	0.00308008	0.000807177	0.00201835	0.0036551	0.00555664	0.00970676	0.240778	0.000821812	0.00147923
94	0.155937	0.0421612	0.000852373	0.00107044	0.00295024	0.00588713	0.000842502	0.207935	0.00095861	0.102776	0.0152515	0.00245973	0.00620427	0.00113219	0.000890312	0.00894085	0.0192635	0.420123	0.000511753	0.00385215
95	0.143493	0.0301085	0.00264788	0.0619188	0.152825	0.0391179	0.0841545	0.00445046	0.00282921	0.165884	0.0812616	0.00340143	0.0201387	0.0118829	0.00242054	0.0118678	0.0509943	0.0418887	0.0187584	0.0699558
96	0.0259681	0.00478686	0.000732396	0.00187695	0.127317	0.00109857	0.00131932	0.259714	0.00426874	0.248507	0.125913	0.00348146	0.000553596	0.00805944	0.00193641	0.00242259	0.0172624	0.144444	0.0028697	0.0174691
97	0.019286	0.00738642	0.0112469	0.0628641	0.00754285	0.0066876	0.0260729	0.010544	0.0256054	0.0308602	0.013408	0.0270414	0.00490956	0.664468	0.0143965	0.022149	0.0224229	0.0146222	0.00206662	0.00641992
98	0.0163605	0.00274083	0.0203412	0.0091599	0.00206815	0.00932311	0.00832699	0.00843093	0.486403	0.0127258	0.0062453	0.0188668	0.00906721	0.0164199	0.315949	0.0237205	0.0262619	0.00558212	0.000703346	0.00130284
99	0.0696144	0.0360882	0.00594627	0.00804786	0.0048942	0.034867	0.00336099	0.00812427	0.00525171	0.00739403	0.00342406	0.0160364	0.00884047	0.00506801	0.00369414	0.700962	0.0640562	0.00815274	0.00159819	0.00457873
100	0.0181411	0.0760395	0.00647639	0.00842865	0.00723164	0.0936442	0.00705349	0.00924461	0.159942	0.0439218	0.00725404	0.00907062	0.0338652	0.00940753	0.387473	0.0445103	0.0599593	0.0105413	0.00260936	0.005186
101	0.05355	0.00317229	0.00269451	0.00067391	0.000610502	0.909489	0.00136567	0.000561378	0.0022324	0.00156604	0.000873625	0.00367105	0.000286803	0.00172102	0.000734855	0.0115941	0.00328125	0.000891691	0.00059232	0.000438004
102	0.00612023	0.00128229	0.00206041	0.0025355	0.164041	0.00194616	0.00731438	0.0024889	0.00180462	0.0113206	0.0142682	0.00205901	0.0014631	0.00318237	0.00186036	0.00754803	0.00363197	0.0119579	0.00889323	0.744222
103	0.0350702	0.0061302	0.114534	0.0376052	0.0317563	0.0399485	0.008828	0.0218872	0.019257	0.120932	0.00148239	0.0601326	0.0520758	0.051366	0.0302842	0.144769	0.168219	0.0199761	0.0205061	0.0152406
104	0.0966866	0.00820182	0.0161012	0.0313204	0.013977	0.0179083	0.0560691	0.0140099	0.0943678	0.0513654	0.0143711	0.030088	0.0151071	0.0632266	0.370291	0.0431466	0.0244588	0.0222084	0.00486196	0.0122325
105	0.0917446	0.00167125	0.0620225	0.0845654	0.00127527	0.0107053	0.00967502	0.00642011	0.201042	0.0159213	0.00733019	0.0613148	0.116724	0.0362195	0.164484	0.0747547	0.0348456	0.00957028	0.00073084	0.00898302
106	0.0748782	0.0345724	0.00126207	0.00643828	0.00125359	0.0375384	0.00106442	0.00249125	0.00128878	0.00255719	0.00134428	0.00570542	0.00897935	0.00172627	0.00139062	0.746989	0.0663321	0.00241222	0.000570638	0.00120558
107	0.0206665	0.0115706	0.00193476	0.00247096	0.35507	0.00291428	0.0020986	0.173616	0.00394746	0.260815	0.0457271	0.00282314	0.00101377	0.004922	0.00287562	0.00409846	0.00603783	0.0613331	0.0251567	0.0109077
108	0.0328625	0.00806866	0.104629	0.033519	0.0313691	0.0418455	0.00745855	0.0186439	0.021023	0.108121	0.00178812	0.0584577	0.0553161	0.0453026	0.0330023	0.169057	0.181937	0.0199186	0.0149276	0.0127526
109	0.00864726	0.0153854	0.0165751	0.0923156	0.00299357	0.0299077	0.00243101	0.00391726	0.0586439	0.00556382	0.0161214	0.0179948	0.555547	0.0555414	0.0301052	0.0589472	0.0200973	0.00526751	0.00132668	0.00267114
110	0.0060219	0.00168481	0.466661	0.10657	0.00169252	0.0277395	0.0433707	0.00226414	0.0361051	0.00294383	0.00190012	0.191207	0.00106317	0.0545075	0.00177343	0.0309651	0.0105255	0.00310165	0.000638866	0.00926389
111	0.174529	0.0489656	0.000985088	0.00130647	0.00215748	0.00647197	0.000917119	0.190785	0.000952665	0.117303	0.017567	0.00314368	0.00784795	0.00141744	0.000758244	0.0139688	0.0338916	0.374015	0.000450812	0.00256656
112	0.0183483	0.0131978	0.00227445	0.00378072	0.016881	0.00199999	0.00488788	0.481497	0.030928	0.101274	0.0321748	0.0123917	0.000970837	0.00440805	0.00524762	0.0118026	0.0233971	0.180184	0.0259839	0.0283703
113	0.0264878	0.0225315	0.000693663	0.00226765	0.0042475	0.00106542	0.000533655	0.39356	0.000622042	0.0338264	0.0123119	0.0014964	0.000610432	0.000879379	0.000579656	0.00191097	0.00750496	0.483531	0.00207848	0.00326183
114	0.0350938	0.00635157	0.00152113	0.00268975	0.166381	0.00192952	0.00179546	0.101645	0.00523494	0.270204	0.189859	0.0053559	0.000626011	0.0111332	0.00275471	0.00321691	0.0204019	0.147086	0.00229258	0.0244285
115	0.0703815	0.0160613	0.000620903	0.000998538	0.00700568	0.00266891	0.000564552	0.216989	0.000722368	0.0503892	0.0261315	0.00712568	0.000973646	0.00233787	0.000576368	0.0122678	0.056105	0.518365	0.000464919	0.00925025
116	0.0197575	0.0144308	0.683067	0.0688817	0.00692507	0.0152206	0.0160573	0.00289017	0.0131457	0.00431713	0.00280837	0.0538379	0.00335641	0.0128067	0.00258971	0.0611913	0.0083353	0.00521281	0.00168138	0.00348714
117	0.0393485	0.0136148	0.0376752	0.0326405	0.0118182	0.0493678	0.0437983	0.0160702	0.0264732	0.0263941	0.0148887	0.505216	0.0071272	0.0217633	0.0236867	0.050127	0.0346901	0.0241133	0.00713255	0.0140542
118	0.304457	0.247821	0.00998571	0.012235	0.00798883	0.029213	0.00794698	0.0475467	0.00883643	0.0223767	0.0129655	0.0119408	0.0141681	0.0134632	0.0112531	0.0638752	0.040968	0.118235	0.00358857	0.0111346
119	0.00441441	0.00149331	0.0017057	0.00164752	0.167384	0.0021593	0.00983076	0.00201899	0.00152669	0.0107199	0.0137865	0.00218099	0.00063532	0.00475719	0.0019443	0.0063994	0.00341761	0.010669	0.00899848	0.744311
120	0.0652629	0.0129193	0.0051637	0.00404006	0.0024354	0.832542	0.00272182	0.00624672	0.00394679	0.00433954	0.00304627	0.00785203	0.00240376	0.00425121	0.00281182	0.0221241	0.00752878	0.00643115	0.00170515	0.00222805
121	0.0319662	0.00833854	0.193993	0.553055	0.00301558	0.0178385	0.0102504	0.00585733	0.0272316	0.00774963	0.0039357	0.0250819	0.0120553	0.0399801	0.00851416	0.0266368	0.0107359	0.00660031	0.00343182	0.00373278
122	0.013272	0.00520071	0.00102898	0.00141697	0.177521	0.00260862	0.00162334	0.0338984	0.00140483	0.601754	0.082322	0.00209749	0.00364898	0.00225284	0.00110358	0.00817524	0.00339939	0.0218862	0.0124905	0.0228952
123	0.0535739	0.0121511	0.000979373	0.00128768	0.0091008	0.00382509	0.000850408	0.154807	0.00106684	0.0337246	0.0350927	0.00699948	0.000539177	0.00423708	0.0011818	0.0210135	0.12639	0.526042	0.000450131	0.00668799
124	0.0198734	0.00990837	0.282835	0.601724	0.000847407	0.00506268	0.000938548	0.00119689	0.010187	0.00144163	0.000995181	0.0170471	0.00125122	0.0201389	0.000871239	0.0170219	0.00171496	0.0014698	0.0044753	0.000998738
125	0.0425329	0.010639	0.00840302	0.124904	0.0110031	0.00558414	0.0115733	0.074242	0.144322	0.135219	0.0206557	0.0311512	0.00121657	0.118191	0.113743	0.0471225	0.0373172	0.0418165	0.00418374	0.0161804
126	0.0394632	0.00997959	0.184402	0.533284	0.00480321	0.0194086	0.0100627	0.00740369	0.0273788	0.00879571	0.00503693	0.0247872	0.0137923	0.0387207	0.00961892	0.0307575	0.0130673	0.0101313	0.00408489	0.00502118
127	0.0696041	0.00742192	0.0136697	0.0127961	0.00245749	0.0205759	0.0066352	0.00550326	0.00857394	0.00717423	0.00330971	0.00810645	0.750591	0.0086874	0.00978116	0.0202185	0.0109207	0.0247767	0.00090886	0.00828764
128	0.0379552	0.0913552	0.00326355	0.00423306	0.00337775	0.0849778	0.00371701	0.133019	0.0030263	0.0912868	0.00516716	0.0214873	0.135032	0.00488905	0.00275976	0.116196	0.205773	0.0476061	0.00157289	0.00330465
129	0.120524	0.00293749	0.184608	0.222031	0.0263424	0.003724	0.110916	0.00433029	0.0034005	0.014417	0.0408627	0.0351514	0.00163021	0.134976	0.00246227	0.0765368	0.00530149	0.00564629	0.00150633	0.00269613
130	0.0562274	0.0164678	0.00228433	0.00385224	0.122019	0.00312657	0.00598645	0.164983	0.014785	0.206519	0.0842496	0.00804441	0.00101792	0.0109513	0.0111336	0.00330753	0.0154308	0.231231	0.0114185	0.0269646
131	0.518124	0.0612885	0.00142715	0.00181741	0.00410109	0.00460655	0.00184963	0.061626	0.00147025	0.0125933	0.00939611	0.00283522	0.00109652	0.00230805	0.00137158	0.0196594	0.0208941	0.270884	0.000764697	0.00188605
132	0.0105987	0.00523298	0.55342	0.0778797	0.00363638	0.0249498	0.0376196	0.00257862	0.0258395	0.00433295	0.00233539	0.150126	0.000986087	0.0369603	0.00240809	0.0417496	0.00825814	0.00360928	0.000687876	0.00679094
133	0.0107847	0.000598734	0.000490601	0.00379498	0.0248226	0.000735259	0.00285268	0.379223	0.000576381	0.387759	0.0397489	0.0019561	0.000349383	0.00376761	0.000741102	0.00373525	0.0155151	0.113818	0.00175751	0.00697408
134	0.065088	0.034369	0.00169321	0.00198389	0.00287238	0.00233676	0.00176161	0.273652	0.00203253	0.0464841	0.292523	0.00268752	0.00115076	0.00226444	0.00180033	0.00389325	0.0338268	0.226838	0.000932376	0.00181092
135	0.228164	0.0250787	0.00194892	0.00254328	0.021857	0.00868385	0.00208861	0.126958	0.00306857	0.0499736	0.0487409	0.00573076	0.00146027	0.00437409	0.00274719	0.0140818	0.0385551	0.405142	0.00153959	0.00726454
136	0.054161	0.00326701	0.00292833	0.00113103	0.000538214	0.906869	0.00171294	0.000749526	0.00228744	0.00138484	0.000676037	0.00408869	0.000374628	0.00172701	0.000827449	0.012016	0.00339359	0.000898894	0.000559158	0.000408713
137	0.0723904	0.0358247	0.00650418	0.00881771	0.00383304	0.037846	0.0048807	0.00739354	0.00449753	0.00769628	0.00440326	0.0159366	0.00862438	0.00534646	0.00421616	0.69136	0.0664516	0.00702862	0.00195576	0.00499253
138	0.015927	0.00578945	0.00432452	0.00337637	0.0441292	0.00515307	0.00370655	0.0470016	0.003	0.720754	0.0537182	0.00457493	0.00647021	0.00648291	0.00276055	0.014684	0.00933792	0.0280655	0.0124972	0.00824682
139	0.0251452	0.00773015	0.00154502	0.00225188	0.223965	0.00351566	0.0106517	0.0997189	0.00385016	0.217744	0.235206	0.00958231	0.00102195	0.00726356	0.00179519	0.00803923	0.0133582	0.0722953	0.00441371	0.050907
140	0.0382996	0.00363739	0.0228412	0.0219054	0.00402363	0.0136368	0.0110755	0.0214592	0.47447	0.0185981	0.0186116	0.0215183	0.00921144	0.0282798	0.217126	0.0280781	0.0282233	0.013566	0.00159835	0.00384015
141	0.0404173	0.0111339	0.0447272	0.0363545	0.013401	0.0327207	0.0408681	0.017442	0.027141	0.0265324	0.0169749	0.502372	0.00840352	0.028943	0.0206784	0.045936	0.0397165	0.0248545	0.00763658	0.013747
142	0.161282	0.00993381	0.00685978	0.0102797	0.00806341	0.0108725	0.00673816	0.103241	0.00721787	0.378548	0.0108069	0.0104528	0.186494	0.0119772	0.00817196	0.0217141	0.0145873	0.0231499	0.00347746	0.00613171
143	0.052803	0.00338202	0.00346016	0.00118537	0.00110057	0.901927	0.00207274	0.000884594	0.00240774	0.00193855	0.00100088	0.00563022	0.000734554	0.00193005	0.00109844	0.0117744	0.00378465	0.00149372	0.000797273	0.00059378
144	0.0873071	0.00488198	0.00247708	0.00113307	0.000519575	0.865621	0.000675391	0.00262591	0.000634554	0.0014174	0.000843568	0.00103469	0.000277352	0.00082496	0.000590587	0.0191309	0.00647505	0.00207108	0.00063467	0.000824061
145	0.237896	0.0257397	0.00778816	0.0071256	0.0031885	0.262722	0.00301916	0.0221816	0.00346126	0.00527028	0.00465757	0.0120593	0.00328221	0.00429989	0.00318484	0.0980692	0.258681	0.0167172	0.00235738	0.0183002
146	0.0103342	0.000651919	0.00050525	0.00355799	0.0267974	0.000748314	0.00282216	0.392522	0.000724084	0.373518	0.0397514	0.00200497	0.000359574	0.00341031	0.0007768	0.00338625	0.0160607	0.113241	0.00188496	0.00694356
147	0.611457	0.0364839	0.00125398	0.00197403	0.00152101	0.0231863	0.00172635	0.00822121	0.00144118	0.0039185	0.0115746	0.00410337	0.000758227	0.0021249	0.00154927	0.0780374	0.0961694	0.112367	0.000733108	0.00139902
148	0.0637556	0.0061118	0.0215674	0.0366751	0.00625658	0.0238563	0.0505025	0.0594381	0.065606	0.0774673	0.032143	0.0345023	0.155376	0.0835597	0.0383222	0.0954636	0.0896382	0.0371774	0.00416499	0.0184163
149	0.0603387	0.0295776	0.00821178	0.00950231	0.00343097	0.150801	0.00503489	0.0548952	0.00361811	0.00662271	0.00602358	0.0273278	0.00421028	0.0048606	0.00529068	0.161002	0.402808	0.03374	0.00247714	0.0202276
150	0.0566426	0.00326347	0.00227917	0.000672081	0.000432798	0.910217	0.000839759	0.000748989	0.00122533	0.00151644	0.000591316	0.00237166	0.000360573	0.000952094	0.00053823	0.0123274	0.00311924	0.000769758	0.000469532	0.000662512
151	0.216963	0.00880088	0.00240923	0.00262329	0.00070201	0.683629	0.00103895	0.00596672	0.00156042	0.00243292	0.00265339	0.00182112	0.000708478	0.00206033	0.00172652	0.046126	0.0120517	0.00513326	0.000621914	0.00097172
152	0.00312553	0.000972898	0.00114215	0.00121726	0.186446	0.00131594	0.00653981	0.00143892	0.00115018	0.0107919	0.0149702	0.00160422	0.000486627	0.00203089	0.00115815	0.004645	0.00212267	0.0114015	0.010066	0.737374
153	0.00463752	0.00181214	0.000511517	0.00163248	0.0157915	0.000724926	0.000568434	0.51782	0.00247944	0.104613	0.0195367	0.00132677	0.000368616	0.00100422	0.000672072	0.00182335	0.0109419	0.30627	0.00541556	0.00204998
154	0.471933	0.128451	0.00156216	0.00197546	0.00274247	0.00483614	0.00134714	0.0616742	0.0016751	0.00561473	0.00486223	0.00203766	0.000956471	0.00218429	0.00158958	0.014185	0.0181421	0.272013	0.000720255	0.00149797
155	0.0620933	0.00345697	0.00164723	0.00085003	0.000483552	0.906168	0.000539055	0.000787226	0.000592129	0.000995594	0.000790405	0.000781949	0.00031458	0.000771343	0.000592886	0.0140514	0.00325128	0.00120508	0.000226014	0.000402374
156	0.00796114	0.00140286	0.022448	0.00663846	0.00115286	0.00719826	0.0064977	0.00304179	0.541509	0.00199809	0.00139284	0.0184242	0.00639963	0.0120402	0.308916	0.0221013	0.0275496	0.0019405	0.00050079	0.000886568
157	0.202468	0.00105207	0.001866	0.116526	0.00708853	0.0180708	0.0410858	0.00166047	0.282997	0.00253947	0.00705971	0.0243159	0.000733715	0.0962785	0.0734577	0.0782913	0.0278426	0.0023532	0.000593395	0.0137198
158	0.0999229	0.00127442	0.312481	0.267998	0.00141819	0.012276	0.0259687	0.00189494	0.0618223	0.00278205	0.00169484	0.0336233	0.036574	0.0434309	0.0170531	0.0128005	0.0428115	0.0214472	0.000714261	0.00201198
159	0.00771123	0.0567789	0.00269683	0.00376357	0.0177902	0.0037298	0.00254576	0.0455931	0.00314446	0.641033	0.0191135	0.018549	0.00179533	0.00383929	0.00224007	0.00653372	0.00508568	0.00518441	0.0593864	0.0934857
160	0.00776028	0.00244085	0.000445203	0.00258453	0.00479004	0.000615253	0.00042042	0.42252	0.000480046	0.0286289	0.0144076	0.000694025	0.000328411	0.000615182	0.000410962	0.000978246	0.00613436	0.502258	0.00298985	0.000498427
161	0.0402167	0.00142994	0.103873	0.541123	0.00127138	0.0491769	0.0334741	0.00203649	0.0693043	0.0024345	0.00153177	0.0409394	0.0043849	0.0299444	0.0133101	0.0298585	0.0227324	0.0040905	0.00079206	0.00807573
162	0.130001	0.00161669	0.0129651	0.0289989	0.00579819	0.0172697	0.00409819	0.00723739	0.0993336	0.161865	0.0986289	0.0439162	0.00267133	0.135365	0.172931	0.0314987	0.00688028	0.00991737	0.00683514	0.0221712
163	0.392742	0.213462	0.00184847	0.00263446	0.0022234	0.00536487	0.00163236	0.0758787	0.00178964	0.00376933	0.00315496	0.00230401	0.00117449	0.00263535	0.00194502	0.017957	0.0294117	0.237606	0.000759189	0.00170755
164	0.682012	0.0172255	0.000450628	0.00074419	0.000469083	0.0432225	0.00154194	0.00838749	0.00542026	0.00448968	0.00794176	0.00543068	0.000253318	0.00244768	0.00660599	0.185957	0.0204979	0.00624373	0.000203435	0.000455357
165	0.221176	0.0403765	0.03182	0.0381544	0.0243737	0.0669112	0.0435318	0.0078298	0.0466018	0.0350689	0.0264223	0.0800532	0.00108685	0.0297963	0.0513429	0.140184	0.0218047	0.0178599	0.00711607	0.0684893
166	0.11586	0.0106502	0.0209985	0.0597591	0.0440146	0.0248754	0.059457	0.0197103	0.0653651	0.0432674	0.0168814	0.0294714	0.00887579	0.135795	0.129613	0.0671022	0.0244907	0.0438161	0.00492062	0.0750754
167	0.00672694	0.00176642	0.00146838	0.00131448	0.0449319	0.0019063	0.00081933	0.00769738	0.000975491	0.824153	0.0609276	0.00143595	0.00535364	0.00147249	0.000906245	0.0115804	0.00260072	0.00816671	0.014051	0.00174553
168	0.130302	0.00567837	0.00494507	0.00595016	0.0766397	0.0322563	0.00431073	0.0458479	0.00429244	0.00789507	0.0186561	0.0792774	0.00223739	0.00578154	0.0038619	0.0667267	0.371158	0.0363285	0.00235038	0.0955042
169	0.61029	0.0307185	0.000896108	0.00103651	0.000911997	0.0371102	0.00133458	0.0085768	0.00335436	0.00415912	0.0100541	0.00693824	0.000534521	0.00218172	0.00401062	0.151653	0.0716698	0.0529395	0.000510798	0.00111962
170	0.0625856	0.0135412	0.0135617	0.014164	0.00727888	0.022116	0.0107269	0.0160699	0.0111665	0.0205383	0.0099831	0.0492894	0.553925	0.0124515	0.0107057	0.0332693	0.025318	0.0990763	0.00312572	0.0111067
171	0.0730481	0.00439269	0.00278521	0.00133796	0.000801928	0.879941	0.000489984	0.00172771	0.000717816	0.00119774	0.00107914	0.00156429	0.000926348	0.000911988	0.000626825	0.0204012	0.005009	0.00180835	0.000574002	0.000658794
172	0.0137513	0.00114496	0.00052018	0.0042256	0.0231148	0.000693658	0.00324684	0.349229	0.000801394	0.403717	0.0405094	0.00239975	0.000333783	0.00431638	0.000839619	0.00422372	0.0190601	0.117911	0.00197308	0.0079877
173	0.0578497	0.003219	0.00156317	0.000507584	0.000382329	0.915483	0.000419041	0.000539017	0.000411095	0.000786582	0.000517321	0.000554322	0.000250817	0.000506889	0.000395569	0.0123493	0.00299038	0.000712614	0.000212382	0.000350078
174	0.0973661	0.00139907	0.0278979	0.0417621	0.00144839	0.0427745	0.00846328	0.0570901	0.292323	0.0571405	0.0411139	0.0147998	0.00656352	0.028492	0.151328	0.0578653	0.0339727	0.0359966	0.000552661	0.00165045
175	0.126554	0.0896864	0.00570335	0.0573672	0.0421072	0.0660399	0.0113433	0.0273825	0.00454221	0.140931	0.0853327	0.00572172	0.00632966	0.0510199	0.00376371	0.0307378	0.0379803	0.151884	0.0039391	0.0516331
176	0.0566562	0.0031551	0.00193984	0.000528669	0.000403246	0.913793	0.000881511	0.000566543	0.000785792	0.000928624	0.000563247	0.00168724	0.000250604	0.000756092	0.000429567	0.0121975	0.00308083	0.000720353	0.000311915	0.000364113
177	0.226718	0.0926071	0.00358963	0.00471947	0.00375124	0.0349477	0.00618784	0.0396626	0.00323746	0.0419769	0.00520977	0.00789747	0.279664	0.00561888	0.00325237	0.159873	0.036717	0.0388126	0.00257399	0.00298296
178	0.0703006	0.00453854	0.00534986	0.00247194	0.0276737	0.027673	0.00408281	0.0149765	0.0028625	0.00460162	0.0303961	0.0578306	0.00124829	0.00327584	0.00329441	0.130944	0.540593	0.0232977	0.00171877	0.0428701
179	0.0997803	0.0146875	0.00305128	0.0383799	0.144221	0.0534427	0.0416395	0.00514974	0.00277329	0.259996	0.0485722	0.00359083	0.0653125	0.0212129	0.00244312	0.0223045	0.0378099	0.0345905	0.0208696	0.0801732
180	0.048874	0.00339329	0.00448698	0.0104796	0.0126071	0.00679139	0.0273023	0.00604254	0.108852	0.120935	0.0236854	0.0391732	0.0223361	0.0621547	0.443404	0.0298379	0.00613908	0.0155243	0.00250637	0.00547451
181	0.0353278	0.00614531	0.115074	0.0384952	0.0313328	0.040332	0.00875132	0.022035	0.0190977	0.120955	0.00147155	0.0604486	0.0521274	0.0514466	0.0307793	0.144523	0.168303	0.0199412	0.0184619	0.0149518
182	0.0364835	0.00610223	0.0010378	0.00228092	0.193561	0.00138104	0.00337952	0.1077	0.00515292	0.229132	0.200478	0.00789632	0.000588022	0.0108899	0.00194784	0.00352357	0.0212038	0.13065	0.00235658	0.0342551
183	0.0262253	0.0104696	0.00108268	0.00127348	0.510065	0.00307572	0.000882422	0.0387121	0.00113334	0.20223	0.050505	0.00165594	0.0005689	0.0022076	0.00125053	0.00266424	0.00178684	0.019076	0.00433469	0.1208
184	0.0166326	0.00563451	0.00667705	0.159631	0.00520377	0.00539868	0.00784888	0.00569902	0.037904	0.0474363	0.022298	0.0078595	0.00226896	0.617875	0.00818656	0.00835485	0.0163427	0.0123601	0.00315538	0.00323327
185	0.0614834	0.00351301	0.00228094	0.000778627	0.000435052	0.906194	0.000494353	0.00105663	0.000455985	0.00105058	0.000744736	0.000821093	0.00026722	0.000624679	0.000398569	0.0139054	0.00366614	0.00109268	0.000350495	0.000386503
186	0.0219013	0.00951322	0.00130802	0.0017089	0.45354	0.00296933	0.00141594	0.100224	0.00140171	0.260416	0.0419458	0.00194596	0.000829583	0.00206528	0.00134077	0.00294114	0.00255194	0.0251651	0.0144597	0.0523562
187	0.00478538	0.00138506	0.0010593	0.0011608	0.218088	0.00128159	0.00519616	0.00375264	0.00114203	0.0219974	0.0157852	0.00125462	0.000488073	0.00159259	0.00113419	0.0043849	0.0017584	0.011877	0.00936834	0.692509
188	0.011803	0.00687885	0.00235849	0.00338878	0.144305	0.00553715	0.0267313	0.0842089	0.00265257	0.258211	0.330798	0.0178623	0.00163142	0.00412521	0.00217053	0.0183637	0.00839743	0.0212529	0.00383664	0.0454864
189	0.698186	0.0168251	0.000457478	0.000532394	0.000454998	0.0384341	0.00169897	0.00860477	0.00618769	0.00403798	0.00635793	0.00489253	0.00024083	0.00270733	0.00593725	0.18298	0.0159548	0.00482879	0.000223475	0.00045723
