505	20
1	0.0705103	0.00396183	0.226135	0.324832	0.00333553	0.0402204	0.019742	0.00881991	0.0212964	0.0133304	0.0041874	0.0392728	0.0134505	0.0893491	0.0244117	0.0403495	0.019429	0.0271653	0.00317377	0.00702684
2	0.0943292	0.0208311	0.0652597	0.0943834	0.0193228	0.0411814	0.0523149	0.0473771	0.036139	0.051506	0.0243501	0.0666436	0.0707621	0.10112	0.0199916	0.0838634	0.0552733	0.0490869	0.000759859	0.00550486
3	0.0359511	0.0207767	0.00292485	0.00333445	0.0453467	0.0166942	0.014666	0.141767	0.00437048	0.414743	0.0648517	0.00931416	0.00422373	0.00584484	0.00559225	0.0246398	0.0271444	0.141893	0.00522243	0.0106995
4	0.105448	0.0134947	0.0359457	0.0533125	0.00464967	0.0417257	0.0412864	0.00600662	0.104191	0.0355723	0.0223968	0.086624	0.0090706	0.126944	0.120065	0.0988693	0.0561899	0.0221534	0.00364721	0.0124072
5	0.0324794	0.00974876	0.0490538	0.208912	0.00985148	0.0216371	0.0162931	0.002479	0.0624385	0.00528831	0.0223184	0.0347254	0.00540724	0.333856	0.066982	0.0508127	0.050187	0.00906625	0.000612774	0.00785034
6	0.0458758	0.0150235	0.000578051	0.00239987	0.0178462	0.00291283	0.00118267	0.341159	0.00242521	0.168852	0.0445019	0.00312759	0.00225074	0.00321265	0.00186774	0.0103736	0.0288832	0.301818	0.000169572	0.00553905
7	0.0558875	0.0301532	0.00403992	0.00655539	0.0434056	0.0207879	0.0137124	0.183361	0.00771574	0.262163	0.0598233	0.00923708	0.0061561	0.00781792	0.00571913	0.0320677	0.0348123	0.202612	0.00342409	0.0105484
8	0.160434	0.017379	0.0541042	0.0658602	0.00684463	0.0667484	0.0250145	0.02575	0.0172976	0.0605924	0.0188399	0.0297865	0.0311768	0.185241	0.0164397	0.0834228	0.0915766	0.0269645	0.00117511	0.0153522
9	0.0647137	0.0278103	0.00253635	0.00316461	0.0315489	0.0114829	0.0072369	0.2033	0.00367097	0.2374	0.0680457	0.00573	0.00313001	0.00504188	0.00410144	0.0253295	0.0357389	0.247866	0.00191144	0.010241
10	0.0144926	0.00652739	0.00111712	0.00157819	0.135505	0.00378905	0.00467542	0.140817	0.00229311	0.451052	0.0803097	0.00411697	0.00112805	0.00482089	0.00471476	0.00933383	0.0122908	0.0888873	0.00943058	0.0231208
11	0.0633578	0.0110207	0.0292282	0.0628352	0.00398971	0.0279265	0.048238	0.00164824	0.171916	0.0177848	0.00850652	0.0734756	0.00519944	0.111972	0.18766	0.0855339	0.0645821	0.01271	0.00529101	0.00712382
12	0.0843799	0.00599782	0.0506098	0.0728036	0.00827792	0.0400872	0.03297	0.0128932	0.0456159	0.0251249	0.0071383	0.0449083	0.264242	0.0658509	0.022502	0.125021	0.0593157	0.026076	0.000267241	0.00591774
13	0.0629538	0.00509238	0.203937	0.308977	0.00470218	0.0398365	0.0189334	0.00878231	0.0309019	0.013984	0.00625572	0.0419768	0.0152879	0.105576	0.0300759	0.0465638	0.0249225	0.0206731	0.00244593	0.00812211
14	0.021868	0.0119062	0.00152522	0.00752855	0.368322	0.00197724	0.0410172	0.0282674	0.00159581	0.0758003	0.0200536	0.00522685	0.00148333	0.00429161	0.0105032	0.0113321	0.0161546	0.0158646	0.0148293	0.340453
15	0.104365	0.063705	0.045311	0.0361694	0.0315006	0.0913775	0.0317803	0.0231546	0.0251861	0.0490936	0.0163391	0.122635	0.0431876	0.0463015	0.0269251	0.114815	0.0702858	0.0461001	0.00177569	0.00999179
16	0.0584054	0.092052	0.0218071	0.0177514	0.0106711	0.0560903	0.0252597	0.008398	0.0643069	0.0418624	0.0172515	0.172519	0.0129054	0.068155	0.0540594	0.165722	0.0657428	0.015963	0.00201911	0.0290587
17	0.0882555	0.0719162	0.0128079	0.0205387	0.0983192	0.0274236	0.0322333	0.048832	0.0158881	0.104948	0.0279261	0.030388	0.00913134	0.0320283	0.0224611	0.115744	0.0527258	0.0624472	0.0075204	0.118466
18	0.0687647	0.113165	0.0073204	0.00866639	0.0713476	0.0233681	0.014947	0.116008	0.00797975	0.237353	0.0527064	0.0125353	0.00568464	0.0143492	0.0105508	0.0556349	0.0346585	0.119354	0.00906099	0.0165449
19	0.251219	0.0677851	0.00507201	0.00257852	0.0155379	0.019437	0.00423351	0.0943433	0.00210136	0.0507888	0.0260733	0.00225151	0.00104157	0.00607187	0.00435631	0.103133	0.122918	0.208403	0.000383346	0.0122708
20	0.0339641	0.0144867	0.00333199	0.0197776	0.260446	0.00343766	0.0890998	0.0232574	0.00277634	0.0658165	0.0203934	0.00562751	0.00277233	0.00942591	0.0160132	0.0173163	0.0161496	0.0202797	0.0152822	0.360345
21	0.0407808	0.0137076	0.000506467	0.00267005	0.0186632	0.00252397	0.00118028	0.356082	0.00226159	0.171435	0.0444281	0.00358487	0.00212582	0.0031409	0.00171472	0.00971628	0.0280281	0.291605	0.000156603	0.00568918
22	0.0183209	0.00739553	0.00120208	0.00149481	0.305086	0.00435884	0.00954449	0.11496	0.00408218	0.299786	0.061858	0.00810769	0.00076176	0.00405963	0.00380299	0.0161174	0.00747901	0.0513583	0.0221867	0.0580379
23	0.127219	0.0191	0.0136129	0.0177701	0.0106132	0.0194232	0.0266174	0.0354445	0.0350911	0.157536	0.0960235	0.0177208	0.00585641	0.0704861	0.0357151	0.115382	0.0625449	0.120432	0.00279184	0.0106202
24	0.681943	0.0338939	0.00505888	0.0034452	0.00656419	0.0431381	0.00280522	0.019865	0.00237273	0.00792316	0.00544533	0.00209517	0.00239217	0.00438283	0.0042127	0.128538	0.0192883	0.0227295	0.000341039	0.00356601
25	0.42477	0.0382859	0.0138641	0.019547	0.0148932	0.145669	0.00860217	0.0150137	0.00959987	0.0179311	0.0118626	0.0181832	0.00654348	0.0179894	0.0158502	0.15691	0.0292161	0.0255782	0.00162966	0.00806105
26	0.0120352	0.00577615	0.00109442	0.0014729	0.0551548	0.00315462	0.00150764	0.154373	0.000865698	0.51279	0.101214	0.00162985	0.00121527	0.0053275	0.00552894	0.00476336	0.0151498	0.109628	0.00259125	0.00472601
27	0.0406815	0.0202728	0.00408063	0.00733002	0.0461604	0.0189155	0.0174648	0.144473	0.00571476	0.356159	0.0705108	0.0130183	0.00602032	0.0104889	0.00647077	0.0322333	0.0360513	0.147639	0.00406166	0.0122528
28	0.0187937	0.00784438	0.00116234	0.00190182	0.0470735	0.00416574	0.00331378	0.172743	0.00136616	0.476208	0.0815895	0.00283461	0.00145527	0.00477964	0.0047404	0.00779644	0.0174636	0.134666	0.00337964	0.00672189
29	0.0545242	0.0196949	0.0138443	0.0228426	0.0157347	0.014564	0.0285233	0.0226285	0.237068	0.0501128	0.03336	0.0292682	0.0105179	0.0650706	0.249939	0.0451436	0.0408409	0.0343401	0.00143098	0.0105514
30	0.0533279	0.0277792	0.029975	0.0293126	0.00643672	0.0667167	0.037266	0.00895716	0.0681528	0.0218386	0.010553	0.174128	0.0189559	0.069226	0.0868999	0.166309	0.0988754	0.0145241	0.00288115	0.00788434
31	0.0611124	0.027488	0.0397491	0.0230775	0.00731173	0.0665899	0.0448265	0.0111656	0.0433034	0.0368666	0.0102753	0.188949	0.0200459	0.0521847	0.0424416	0.203469	0.0941839	0.0161739	0.0015148	0.00927118
32	0.0197725	0.00760731	0.000869836	0.00264418	0.0373726	0.00244661	0.00162712	0.243069	0.00120571	0.396513	0.0740115	0.00328326	0.00114592	0.00474547	0.00363101	0.00660499	0.0197753	0.165988	0.00203539	0.00565092
33	0.0403717	0.0187361	0.00457302	0.00476623	0.0138486	0.00558597	0.0256516	0.0131851	0.304562	0.0340578	0.0223118	0.0187451	0.00656481	0.0567811	0.344276	0.0311698	0.0281194	0.0204277	0.000350399	0.00591516
34	0.0917096	0.022597	0.0689103	0.0951102	0.0188032	0.0399117	0.0560035	0.045721	0.0372949	0.0526363	0.026949	0.0708224	0.0596791	0.10481	0.0218916	0.0820757	0.0546806	0.0436037	0.000833275	0.00595749
35	0.0307885	0.0109362	0.000630695	0.00256779	0.0275001	0.00240787	0.00117302	0.311427	0.00179158	0.265595	0.0582207	0.00352175	0.00173375	0.0038235	0.00259474	0.00794579	0.0245579	0.236071	0.000939213	0.00577366
36	0.0831209	0.026323	0.0274908	0.0347195	0.00926151	0.0601628	0.0315879	0.0141195	0.093351	0.0294945	0.0176618	0.0809888	0.0203878	0.0623984	0.143359	0.161437	0.0611735	0.0275633	0.00335098	0.0120481
37	0.0585915	0.0340241	0.0240669	0.0146189	0.0048095	0.103932	0.0407763	0.00771947	0.0433434	0.0206744	0.00793242	0.198134	0.0243089	0.0570218	0.0520622	0.202807	0.0886066	0.0107845	0.00125297	0.00453388
38	0.245428	0.0727599	0.00494942	0.00465392	0.0188756	0.021658	0.00568963	0.0976231	0.00290254	0.0481275	0.020055	0.00291133	0.00247035	0.00782598	0.00536576	0.115248	0.12246	0.186835	0.0004046	0.0137575
39	0.344155	0.079454	0.00443653	0.00227806	0.0137555	0.022837	0.00346655	0.0808762	0.00137274	0.0322778	0.0128285	0.00191208	0.00093878	0.00523894	0.00416893	0.117785	0.102126	0.16027	0.000375293	0.00944692
40	0.310671	0.0565633	0.00272881	0.00390622	0.00522759	0.100392	0.00745561	0.00866376	0.00220912	0.0132117	0.00917461	0.00768031	0.00905966	0.00378296	0.00306355	0.360991	0.0639009	0.0191586	0.000477711	0.0116807
41	0.0329127	0.0173381	0.0275959	0.00992176	0.00762489	0.0398043	0.049891	0.0354498	0.0229255	0.0219974	0.0106773	0.236897	0.0109828	0.055341	0.0266788	0.20405	0.166456	0.0142343	0.00163071	0.00759126
42	0.0472765	0.0157759	0.000579965	0.00210084	0.0173039	0.00337076	0.00126065	0.349319	0.00283033	0.145653	0.040936	0.00266002	0.00276813	0.00268073	0.00205404	0.0103627	0.0288047	0.319071	0.000139895	0.00505295
43	0.0487168	0.0161723	0.000591904	0.00203704	0.0173294	0.00361097	0.00123096	0.34798	0.00284482	0.145423	0.0410619	0.00260111	0.00266338	0.00269006	0.00205936	0.0106163	0.0292406	0.317954	0.000141862	0.00503497
44	0.20926	0.0479652	0.0211671	0.00766687	0.00852031	0.0145188	0.0109263	0.0376671	0.00498316	0.0258068	0.0254808	0.0124423	0.00423061	0.00801317	0.00746673	0.164763	0.273356	0.0944054	0.00119189	0.0201687
45	0.125938	0.091853	0.0160293	0.0627558	0.0189756	0.0224585	0.0181981	0.054881	0.0115665	0.0430589	0.063205	0.0451246	0.0114276	0.023101	0.015197	0.11344	0.140982	0.103723	0.0031145	0.0149709
46	0.0422214	0.0137778	0.000504736	0.00260692	0.0185632	0.00269859	0.00117949	0.354487	0.00227789	0.170079	0.0445165	0.00343491	0.00214831	0.00306993	0.00175232	0.0103022	0.0283434	0.292403	0.000138709	0.00549416
47	0.0682406	0.0211312	0.000949775	0.00258712	0.0195708	0.00603597	0.00220751	0.281223	0.00278884	0.151381	0.0485492	0.00291147	0.00193557	0.00377849	0.00254105	0.0200804	0.0361537	0.321185	0.000238848	0.00651082
48	0.0470831	0.00551561	0.221106	0.393268	0.00403949	0.0524951	0.014313	0.00861003	0.0215941	0.0142214	0.00382884	0.0221528	0.0296687	0.0661556	0.0175909	0.0363377	0.0147775	0.0124683	0.00161098	0.0131622
49	0.0452269	0.0238267	0.00338078	0.0040406	0.048135	0.0189511	0.0124822	0.154535	0.00530298	0.350155	0.0706149	0.00820337	0.00500318	0.00653274	0.00597401	0.0251898	0.0297807	0.168903	0.00391925	0.00984335
50	0.0168008	0.00691502	0.000933613	0.00128241	0.104199	0.00398314	0.00648131	0.138261	0.00185555	0.487374	0.0686486	0.0044016	0.000844416	0.0037357	0.00429841	0.010287	0.0117998	0.0951468	0.0103127	0.0224382
51	0.0869197	0.00274733	0.0497969	0.0723498	0.0053745	0.0412477	0.0263506	0.00724427	0.0516713	0.0196673	0.00447122	0.0427105	0.281546	0.0609067	0.0246905	0.132056	0.0617464	0.0221015	0.000200827	0.00620052
52	0.134253	0.0188059	0.0417256	0.0578475	0.021897	0.0348874	0.0376093	0.0127386	0.0894518	0.0337651	0.0209755	0.0540318	0.00849261	0.117894	0.0738191	0.0819144	0.094314	0.0444242	0.00175768	0.0193951
53	0.0242461	0.01103	0.00147008	0.00190495	0.0748264	0.00667253	0.00744491	0.161699	0.0024166	0.430051	0.0695692	0.00665167	0.002313	0.00469744	0.00505063	0.0142417	0.0192589	0.134755	0.00621677	0.0154842
54	0.0617697	0.0292891	0.00673738	0.015355	0.0542531	0.0276659	0.0223742	0.15217	0.00942849	0.235829	0.0647509	0.0133794	0.0126961	0.0143139	0.00717013	0.0416728	0.0501163	0.164073	0.00318821	0.0137683
55	0.0539934	0.00457029	0.262036	0.343106	0.00510049	0.0419276	0.0178624	0.0107556	0.0193758	0.0161311	0.00415505	0.0301948	0.0205636	0.063906	0.0190567	0.0401902	0.0188351	0.0159506	0.00233271	0.00995643
56	0.238483	0.0636251	0.010384	0.0126694	0.0167452	0.0634808	0.00903067	0.0822758	0.00753765	0.0529382	0.0198132	0.0155248	0.00643376	0.0176999	0.0131032	0.13315	0.0791021	0.145008	0.00201659	0.0109783
57	0.362855	0.0498942	0.00205756	0.00317265	0.00264556	0.0793645	0.00707585	0.00738217	0.00157676	0.00899532	0.00778551	0.00570919	0.008442	0.00284378	0.00253598	0.362388	0.0618079	0.0150382	0.000310982	0.0081186
58	0.0112466	0.00569466	0.00114514	0.00139778	0.0606859	0.00307925	0.00137045	0.148111	0.000867374	0.517142	0.103814	0.00146662	0.00122035	0.00542801	0.00567657	0.00448837	0.0149904	0.10472	0.00281252	0.00464296
59	0.0880319	0.0164267	0.0741142	0.0215491	0.00766738	0.154927	0.0162672	0.0239096	0.0167884	0.0304497	0.0158213	0.137131	0.00885628	0.033479	0.0349844	0.20495	0.0540654	0.0344927	0.00781709	0.0182715
60	0.229774	0.0646688	0.00989093	0.00577184	0.00977876	0.0141756	0.00523265	0.0578088	0.00263369	0.0294128	0.0208154	0.00497006	0.00192504	0.00605822	0.00518402	0.130574	0.260657	0.12654	0.000802477	0.0133265
61	0.015439	0.00597914	0.000892356	0.00157764	0.0436822	0.00266407	0.00176304	0.17843	0.000875687	0.491046	0.0861303	0.00215415	0.000948072	0.004566	0.00448326	0.00561473	0.0163513	0.129316	0.00274144	0.00534622
62	0.0934941	0.0474043	0.0238421	0.0397698	0.0406032	0.0160926	0.0512924	0.0257805	0.0141791	0.0733684	0.0150718	0.0298938	0.00419608	0.0754533	0.0612344	0.213794	0.060175	0.0504951	0.00531374	0.0585463
63	0.0843719	0.0315068	0.0274442	0.0358048	0.0160295	0.0351534	0.0346258	0.0183741	0.0815276	0.0845362	0.0316795	0.0865747	0.0101126	0.0861834	0.0646206	0.135093	0.0582235	0.0357602	0.00434541	0.0380324
64	0.0429567	0.0149113	0.000718968	0.0026428	0.0200053	0.00327231	0.00191274	0.336693	0.00244361	0.179085	0.0474301	0.00388686	0.0024034	0.00345496	0.00200122	0.0110878	0.0287454	0.289521	0.000392229	0.00643531
65	0.0706855	0.0620402	0.00465524	0.00703434	0.049182	0.0209153	0.0143329	0.134806	0.00611586	0.23151	0.0713115	0.0107761	0.00539657	0.0103787	0.00812844	0.0487659	0.0391365	0.188283	0.00469224	0.0118537
66	0.0468575	0.0204679	0.011561	0.0181712	0.0122847	0.0114676	0.0315495	0.011207	0.248522	0.0313412	0.021147	0.0325361	0.00791442	0.0731148	0.309329	0.0464037	0.0381421	0.0198551	0.00146779	0.00666011
67	0.122621	0.0351679	0.0232462	0.0646099	0.0608327	0.0284839	0.049183	0.0303049	0.0151463	0.0582427	0.02011	0.0307395	0.164263	0.0324371	0.0157658	0.101045	0.0396744	0.0757692	0.00188781	0.0304698
68	0.0319494	0.0165299	0.00249825	0.00337496	0.0493511	0.0134481	0.0131222	0.14634	0.00360586	0.428128	0.0666406	0.00929546	0.00379975	0.00602174	0.00537842	0.0230741	0.0266743	0.134462	0.00505577	0.0112499
69	0.0495683	0.00506506	0.199943	0.16943	0.0107107	0.0519415	0.0133573	0.00897334	0.0396834	0.0186447	0.00260383	0.170212	0.00522209	0.0437239	0.0235471	0.117103	0.0574588	0.00513823	0.000978559	0.00669499
70	0.0776406	0.00814688	0.0154632	0.0529501	0.0454038	0.0247533	0.0205797	0.186113	0.0183026	0.126854	0.0458758	0.0078864	0.0230003	0.0393169	0.00746788	0.0400198	0.0772123	0.163407	0.000508818	0.019097
71	0.011558	0.0056072	0.00106827	0.00134901	0.0509009	0.0030451	0.00149661	0.149955	0.000764385	0.525458	0.102178	0.00150394	0.00119777	0.00538901	0.00558987	0.00458421	0.0149859	0.106617	0.00251482	0.00423762
72	0.0132978	0.00594978	0.000957131	0.00206453	0.0453753	0.00249053	0.00139643	0.201471	0.000874811	0.464626	0.0887283	0.00255714	0.0010255	0.00501563	0.00453375	0.00524259	0.0169919	0.130081	0.00230178	0.00501937
73	0.0873817	0.00581761	0.0463919	0.0666599	0.00862483	0.0420016	0.0287111	0.00891911	0.0461911	0.0212883	0.00621749	0.044959	0.276276	0.0632324	0.0278073	0.12878	0.0592667	0.0230192	0.000407401	0.00804765
74	0.0366174	0.0217921	0.00460974	0.00478111	0.0136906	0.00658781	0.024013	0.0153607	0.298149	0.0351403	0.0240947	0.0162263	0.00721697	0.0603714	0.34072	0.0303937	0.0313785	0.021822	0.00030964	0.0067246
75	0.0121294	0.00541043	0.00100657	0.00124052	0.088053	0.00294129	0.00266859	0.141938	0.00115484	0.507626	0.0908159	0.00229261	0.000860633	0.00470469	0.004785	0.00587809	0.0128854	0.0971718	0.0054391	0.0109978
76	0.0453202	0.0182002	0.00164568	0.00389401	0.0227051	0.00600005	0.00281428	0.327677	0.00506501	0.160208	0.045458	0.00371769	0.00350344	0.00407097	0.00355514	0.0121513	0.0291401	0.298102	0.000586767	0.00618531
77	0.0372381	0.0204047	0.00540409	0.00536222	0.0131437	0.0062872	0.0240878	0.014499	0.296547	0.0345601	0.0227846	0.0171439	0.00896208	0.0597832	0.342801	0.0305039	0.0308252	0.021681	0.000386462	0.00759452
78	0.144536	0.014384	0.0191667	0.0240283	0.00634894	0.016193	0.0346341	0.035764	0.0741171	0.119757	0.0713108	0.0250787	0.00307935	0.0701577	0.0748527	0.0729668	0.0618109	0.119525	0.000992074	0.0112958
79	0.104288	0.0195728	0.0502656	0.0596823	0.0135738	0.0422777	0.0620146	0.0174627	0.0542889	0.0815698	0.0478387	0.0594993	0.0122193	0.119897	0.056222	0.0809615	0.0515199	0.0319663	0.0030357	0.0318442
80	0.706648	0.0324151	0.00492747	0.00335182	0.00693662	0.0414675	0.00255036	0.0206408	0.00231655	0.0075429	0.00500346	0.00137578	0.00199043	0.00405721	0.00369125	0.113315	0.0168738	0.0216006	0.000294153	0.00300163
81	0.0136826	0.00521778	0.000863742	0.00132129	0.044558	0.00308057	0.00275474	0.148504	0.00085084	0.54236	0.0829629	0.00221913	0.000831453	0.0044049	0.0046521	0.00599163	0.0142313	0.111333	0.00394687	0.00623262
82	0.0430497	0.0141305	0.000513947	0.00245712	0.0179971	0.00274768	0.00116903	0.353615	0.00227403	0.164172	0.0433788	0.00317394	0.00229389	0.00297328	0.00176161	0.0101863	0.0282407	0.300324	0.000127431	0.00541479
83	0.055604	0.0370778	0.02575	0.017144	0.0045846	0.108947	0.0385784	0.00665137	0.0425723	0.0196586	0.00801228	0.193261	0.0272288	0.0579648	0.0546275	0.203666	0.0817262	0.0107998	0.0013818	0.00476338
84	0.0340786	0.0595921	0.0392381	0.0189995	0.0182271	0.0160231	0.192444	0.0880766	0.0139112	0.0809646	0.0372535	0.0493456	0.034371	0.102371	0.0155834	0.0858075	0.0240977	0.0509914	0.00271151	0.035912
85	0.0193978	0.00798263	0.00122678	0.00147157	0.306883	0.00448267	0.00998419	0.116878	0.0044207	0.28436	0.0597583	0.0092592	0.000831497	0.0044675	0.00394096	0.0176392	0.00806943	0.0505222	0.0227823	0.065642
86	0.0455504	0.0155923	0.000616677	0.00258507	0.0194207	0.00300242	0.00140771	0.3299	0.0024107	0.182051	0.0487855	0.00341752	0.00206084	0.00329401	0.00185722	0.0110404	0.0291415	0.291477	0.000265596	0.00612353
87	0.0218981	0.012238	0.0014469	0.00759702	0.362258	0.00192994	0.0413499	0.0301913	0.00161505	0.0813882	0.0208188	0.00511623	0.00147953	0.00432201	0.0104323	0.0114229	0.0158068	0.0171176	0.015501	0.33607
88	0.0135045	0.00514251	0.000807655	0.00121561	0.0442402	0.00308397	0.00323948	0.144863	0.000792024	0.555134	0.078718	0.00232813	0.000699683	0.00406655	0.00445104	0.0062942	0.0134702	0.106504	0.00458607	0.00685929
89	0.0327667	0.00951882	0.0491826	0.209366	0.00993727	0.0217207	0.0164688	0.0024272	0.0627453	0.00537344	0.0224316	0.0350065	0.00541079	0.332298	0.0672514	0.0504291	0.0502185	0.00901567	0.000586287	0.0078453
90	0.0662636	0.0323598	0.0246994	0.0250636	0.00465817	0.146242	0.0416891	0.0107749	0.0348479	0.0225595	0.00850116	0.16257	0.0197344	0.0564548	0.0553118	0.19757	0.0711091	0.012478	0.00230715	0.00480612
91	0.0351492	0.0178121	0.00127769	0.00245785	0.0361813	0.00596949	0.00391392	0.251244	0.00260009	0.303703	0.0620038	0.00399314	0.00226429	0.00412989	0.00350414	0.0126294	0.0243505	0.217209	0.00235613	0.00725115
92	0.0398912	0.0161955	0.00502389	0.010157	0.187753	0.0176987	0.0167248	0.126185	0.00772849	0.244975	0.060283	0.0110756	0.00794736	0.0117237	0.0071591	0.0357631	0.0364182	0.101048	0.0113784	0.0448711
93	0.1378	0.0148431	0.0375895	0.0308563	0.0130319	0.0294746	0.0460546	0.0222324	0.0559732	0.0834011	0.0380427	0.0583481	0.00687334	0.107872	0.0699386	0.103279	0.0498534	0.0745059	0.0013685	0.0186612
94	0.0932925	0.0266343	0.0165431	0.0210383	0.0183262	0.0180532	0.0351422	0.0643907	0.0505813	0.183359	0.0682829	0.0299763	0.00473493	0.0454869	0.0631311	0.0665817	0.0475125	0.131391	0.0023954	0.0131473
95	0.402536	0.0415538	0.00340264	0.00345339	0.00463322	0.0694209	0.0121907	0.00923498	0.00211207	0.0125342	0.00740125	0.00630948	0.0103439	0.00390503	0.00301503	0.318121	0.062625	0.0182569	0.000356052	0.00859436
96	0.0652933	0.00418042	0.228432	0.31567	0.00415275	0.0421645	0.017665	0.00840082	0.0231301	0.0137227	0.00368851	0.0507615	0.0134164	0.0807169	0.0249269	0.0477627	0.0230075	0.0223501	0.00279327	0.00776505
97	0.0479982	0.0147578	0.00151433	0.00644037	0.0190259	0.00432167	0.00287434	0.315491	0.00351681	0.149903	0.0452118	0.00370938	0.00364178	0.00555423	0.0024853	0.0130705	0.0324159	0.320854	0.000212358	0.0070011
98	0.0743084	0.0154447	0.0181909	0.0277569	0.0100928	0.0168232	0.0316532	0.0193126	0.175702	0.0555183	0.031314	0.0341791	0.0100012	0.0861464	0.232079	0.0517129	0.0518853	0.0470519	0.00144205	0.00938527
99	0.0366411	0.0216945	0.00460542	0.0047706	0.0136441	0.00651327	0.0241245	0.01526	0.297828	0.0351009	0.0240798	0.0162614	0.00714936	0.0604077	0.341517	0.0303368	0.0312585	0.0218121	0.000309581	0.00668558
100	0.0438833	0.0175642	0.0177505	0.0693349	0.0480976	0.0515318	0.106228	0.0135059	0.0208482	0.118864	0.0437086	0.0442159	0.00568885	0.108531	0.073316	0.0746404	0.0460212	0.0189222	0.0222993	0.0550489
101	0.0457022	0.0161823	0.000730816	0.00267722	0.0185577	0.00359576	0.00169991	0.338265	0.00274172	0.158586	0.0436553	0.00310946	0.00261418	0.00315855	0.00208966	0.0110485	0.0291702	0.310311	0.000306267	0.00579846
102	0.186686	0.0851947	0.00451976	0.00536356	0.0215669	0.0285654	0.00691268	0.124768	0.00357485	0.0766341	0.0249306	0.00513555	0.00241222	0.0094005	0.00741158	0.102499	0.0828394	0.209622	0.000922308	0.0110402
103	0.0683368	0.0122317	0.0296229	0.0603841	0.00428274	0.029847	0.048988	0.00207715	0.162408	0.0196781	0.00997813	0.0758363	0.00568756	0.108872	0.179432	0.090995	0.0637934	0.0134238	0.00585018	0.0082753
104	0.330488	0.0527644	0.00190784	0.0025868	0.002639	0.0853703	0.0072305	0.00622745	0.00132355	0.00911227	0.00839354	0.00532105	0.00893432	0.00229913	0.00206161	0.383379	0.0658898	0.0150886	0.000282408	0.00869977
105	0.0180154	0.00745869	0.00119303	0.00147617	0.300563	0.00424724	0.00944843	0.115917	0.00400532	0.304494	0.0625299	0.00796183	0.000743807	0.00402329	0.00380985	0.0157508	0.00733948	0.0522295	0.0219147	0.0568791
106	0.263205	0.0816785	0.0046284	0.00224624	0.0147579	0.0230399	0.0044359	0.0878772	0.00130537	0.039236	0.0169592	0.00231329	0.00091277	0.00577778	0.00509229	0.122117	0.125838	0.187035	0.000413199	0.0111312
107	0.0629523	0.0114877	0.00913594	0.0152535	0.011045	0.0451556	0.0620714	0.0421911	0.0121798	0.193564	0.0763589	0.0122992	0.00550988	0.158725	0.032237	0.0986271	0.0989794	0.0214622	0.00395392	0.026812
108	0.0426884	0.0160911	0.00167821	0.00336448	0.031743	0.00788207	0.00679569	0.226098	0.00308069	0.315209	0.0560437	0.00512657	0.00291431	0.00461378	0.00343347	0.0181552	0.0275844	0.214601	0.00292212	0.00997472
109	0.0574617	0.0182739	0.00102461	0.00303582	0.0186421	0.00452705	0.00219096	0.302301	0.00303853	0.164866	0.0474266	0.00326492	0.00257881	0.00468872	0.00207126	0.0145049	0.0332139	0.310266	0.000238213	0.00638443
110	0.0530438	0.00653992	0.223388	0.350403	0.00459848	0.0539106	0.0160781	0.00863397	0.0221297	0.0146655	0.00385698	0.0364879	0.0222314	0.0646817	0.0216535	0.0497566	0.020079	0.0139545	0.00173796	0.0121695
111	0.0875673	0.00321368	0.0510609	0.075326	0.00578412	0.0413913	0.0277392	0.00904265	0.0516397	0.0212819	0.00578148	0.0435807	0.267226	0.0638211	0.0243787	0.130246	0.0619365	0.0228819	0.000201225	0.00590001
112	0.0499035	0.00505792	0.201474	0.171982	0.0105191	0.0523021	0.0142539	0.00913257	0.0393827	0.0182592	0.00258089	0.167345	0.00528262	0.043917	0.0232798	0.115628	0.0568039	0.00558708	0.00102881	0.00628047
113	0.0490228	0.0055844	0.220976	0.388576	0.00377358	0.0505275	0.0143321	0.00855234	0.0218241	0.0143552	0.00390629	0.0239204	0.0282525	0.0673997	0.0188213	0.0366645	0.0151521	0.0136623	0.00166366	0.0130331
114	0.0498413	0.00507637	0.196174	0.173632	0.0105042	0.05207	0.0135534	0.00954212	0.0400703	0.0180181	0.00278224	0.167833	0.00509364	0.0431954	0.0239893	0.117896	0.0585075	0.00493187	0.000972092	0.00631686
115	0.0409322	0.0141509	0.000730647	0.00265624	0.0218683	0.00324987	0.00181349	0.329319	0.00237027	0.189447	0.0487742	0.00356316	0.00232944	0.00338594	0.00225508	0.0105279	0.0287134	0.287522	0.000461776	0.00592924
116	0.260158	0.0162303	0.027718	0.0234634	0.012832	0.0505535	0.0145556	0.0165962	0.0385786	0.0278131	0.033526	0.0334273	0.00801589	0.0294827	0.0617314	0.243553	0.0420052	0.0442258	0.00364664	0.0118875
117	0.0212461	0.0149148	0.00217268	0.00260353	0.0828423	0.00871531	0.00688245	0.143044	0.00419397	0.437538	0.089413	0.00536192	0.0030186	0.00639352	0.00775127	0.0134306	0.0203299	0.111927	0.00540501	0.0128159
118	0.0581914	0.00651189	0.212263	0.355225	0.00394573	0.0476828	0.0163305	0.0084918	0.022694	0.0136468	0.0047733	0.0327154	0.0208331	0.0864665	0.0220769	0.0392992	0.018372	0.0180539	0.00208308	0.0103438
119	0.490563	0.033092	0.00972922	0.0113317	0.00876983	0.0528945	0.00911584	0.017814	0.011786	0.0159984	0.0112473	0.0194892	0.00671306	0.01602	0.0240033	0.192085	0.0339368	0.0250354	0.00111321	0.00926233
120	0.263604	0.0965707	0.00486704	0.00385092	0.0166074	0.0293957	0.00493242	0.0846046	0.00191721	0.0400752	0.0136057	0.00341756	0.00146577	0.00847581	0.00624998	0.129572	0.114084	0.164721	0.000438793	0.0115445
121	0.0306564	0.0128022	0.0020492	0.013698	0.279749	0.00261573	0.0724611	0.026127	0.00190625	0.0671633	0.021983	0.00491745	0.00247279	0.0070137	0.0147345	0.0132918	0.0172458	0.0197197	0.0154713	0.373922
122	0.0114777	0.00545086	0.00107975	0.0013842	0.0506881	0.00293013	0.0013051	0.149926	0.000776987	0.527275	0.101726	0.00148318	0.00115251	0.00539053	0.00563798	0.00447176	0.0149481	0.106198	0.0024732	0.00422558
123	0.0869197	0.00274733	0.0497969	0.0723498	0.0053745	0.0412477	0.0263506	0.00724427	0.0516713	0.0196673	0.00447122	0.0427105	0.281546	0.0609067	0.0246905	0.132056	0.0617464	0.0221015	0.000200827	0.00620052
124	0.0464737	0.0136375	0.0193384	0.0384081	0.0077858	0.0149534	0.0397322	0.00675046	0.232249	0.0224952	0.0137087	0.0438675	0.0060388	0.0979193	0.268785	0.0523455	0.0494796	0.0178845	0.00247184	0.00567504
125	0.0171203	0.00655982	0.000770022	0.00156921	0.0406018	0.00269254	0.00209987	0.186855	0.0010258	0.481322	0.0772627	0.00227203	0.000988265	0.00414853	0.00422007	0.00591478	0.0161549	0.139325	0.00316611	0.00593155
126	0.046865	0.0157036	0.000558897	0.00208775	0.0173025	0.00334579	0.00131285	0.34999	0.00286714	0.144332	0.0406727	0.00264123	0.00276358	0.00268979	0.00209055	0.0102848	0.0288184	0.320443	0.000137982	0.00509369
127	0.0814778	0.00831436	0.0649403	0.0923164	0.0101389	0.0558559	0.0295133	0.0138304	0.0410203	0.0314296	0.00887901	0.0493461	0.220787	0.0601275	0.0237325	0.11552	0.0548968	0.0264187	0.000972889	0.0104818
128	0.0442532	0.0145492	0.000841639	0.00350111	0.0173838	0.00286916	0.00246886	0.318461	0.00293594	0.138859	0.0415057	0.00373865	0.0030669	0.00403587	0.00217361	0.011333	0.0289285	0.352127	0.000167652	0.00680022
129	0.0194747	0.00783757	0.00117755	0.00190514	0.0432392	0.0039466	0.00301455	0.173117	0.00134019	0.481568	0.0798745	0.00263114	0.00143404	0.00445227	0.00448584	0.00773114	0.0169926	0.136043	0.00336354	0.00637093
130	0.0117792	0.00558473	0.00104518	0.00140516	0.0496652	0.00303368	0.00150241	0.154133	0.000852269	0.523372	0.0980053	0.00169091	0.00112993	0.00516931	0.00547848	0.00471829	0.0148922	0.109326	0.00269617	0.00452164
131	0.0662038	0.0120362	0.0293132	0.0607645	0.00403781	0.0293338	0.0480916	0.00174452	0.167209	0.0188551	0.00915048	0.0760089	0.00570581	0.107791	0.182968	0.0905541	0.0642912	0.012553	0.00564268	0.00774651
132	0.0508539	0.094265	0.0220072	0.0127576	0.00568582	0.0894033	0.0274384	0.00664299	0.0501308	0.0220063	0.0119384	0.197796	0.0195813	0.04823	0.0619425	0.194722	0.0583424	0.0107706	0.00149546	0.0139896
133	0.0852399	0.0245908	0.0227307	0.0316942	0.0247216	0.0243163	0.023906	0.0688407	0.025931	0.141373	0.084594	0.0213927	0.00880689	0.0444099	0.0269886	0.0684563	0.152875	0.0924046	0.00388718	0.0228409
134	0.066555	0.00286578	0.00879532	0.0281944	0.0110552	0.0108572	0.0128439	0.116223	0.0451036	0.0274482	0.00799138	0.015734	0.00195575	0.0242403	0.074127	0.0441584	0.0386183	0.458998	0.000897918	0.00333775
135	0.0222393	0.0119275	0.00156882	0.00765438	0.361062	0.00213922	0.0408958	0.0309341	0.00174438	0.0838429	0.0216366	0.00532157	0.00166341	0.00453765	0.0103453	0.0115231	0.0158431	0.0174567	0.0175121	0.330152
136	0.0906505	0.0177882	0.0669453	0.0229421	0.00777694	0.0332133	0.0437804	0.0123358	0.0226112	0.0213818	0.0105416	0.0949165	0.0545865	0.0312909	0.0234365	0.266462	0.140165	0.0238321	0.00136128	0.0139827
137	0.0473234	0.00545128	0.22109	0.392424	0.00402382	0.052413	0.0144102	0.00869444	0.0216447	0.0141944	0.00386992	0.0222795	0.0295107	0.0663618	0.0175228	0.0367936	0.0148545	0.0125594	0.00159065	0.0129883
138	0.0357092	0.0133599	0.0797388	0.100329	0.0312493	0.0145033	0.013201	0.0478476	0.0499197	0.104737	0.0950904	0.0184349	0.00450236	0.0704031	0.043998	0.0474607	0.110497	0.0508859	0.0015521	0.0665808
139	0.0510463	0.00531726	0.228264	0.379782	0.00385255	0.0481255	0.0150621	0.00937995	0.0208132	0.0141103	0.00388703	0.0251947	0.0252266	0.0687959	0.0188925	0.0375507	0.0162312	0.01483	0.00185136	0.0117867
140	0.0652534	0.00883162	0.0219117	0.0654459	0.0356263	0.0214203	0.0142562	0.204253	0.0178306	0.134594	0.0438446	0.00640808	0.0191109	0.0429547	0.0101927	0.0331568	0.0610103	0.171809	0.000629353	0.0214611
141	0.11393	0.012784	0.0138181	0.0662871	0.0403941	0.0309019	0.0156868	0.167564	0.0153335	0.120514	0.0494337	0.0107098	0.0162927	0.0344512	0.00955111	0.0574039	0.0669686	0.136397	0.000870582	0.0207072
142	0.0592468	0.0267447	0.0113926	0.0191172	0.0391226	0.0248485	0.0186891	0.130301	0.0155065	0.248876	0.0793341	0.015913	0.00820658	0.0181665	0.0193678	0.0369666	0.047793	0.162175	0.00304348	0.0151885
143	0.0131314	0.00701096	0.00139858	0.00159051	0.0522759	0.00415054	0.00200607	0.149062	0.00114102	0.510646	0.103663	0.0019129	0.00157627	0.00627096	0.00614145	0.00544343	0.0164076	0.109356	0.00241648	0.00439797
144	0.0575735	0.00716134	0.112556	0.238585	0.00543783	0.104432	0.0166988	0.00701621	0.0433203	0.0113843	0.0211128	0.04401	0.0121801	0.115318	0.0634211	0.0818201	0.03465	0.0131954	0.00232265	0.00780489
145	0.0661535	0.00288431	0.0108094	0.034584	0.0130039	0.0130784	0.0120181	0.11367	0.0414489	0.0354325	0.00908216	0.0172224	0.0024607	0.0265833	0.0575916	0.0406536	0.0382363	0.460847	0.000825422	0.00341526
146	0.110785	0.005166	0.0661096	0.115518	0.00717124	0.0433546	0.0240156	0.0105247	0.0477692	0.0204525	0.00818595	0.0376195	0.224624	0.0589359	0.0224311	0.108147	0.053133	0.0216287	0.00113108	0.0132975
147	0.0586457	0.00887894	0.223558	0.187041	0.0102574	0.0444473	0.02061	0.0117427	0.0300665	0.0204965	0.00686582	0.109027	0.0156272	0.0556671	0.027651	0.0930193	0.0494647	0.0148945	0.00243953	0.0096005
148	0.064235	0.0136882	0.0272735	0.0551222	0.0047383	0.0305123	0.0449214	0.00274933	0.169104	0.0205097	0.0101303	0.079406	0.00874758	0.0988621	0.18981	0.0918982	0.0623099	0.0129382	0.00508566	0.00795853
149	0.103335	0.00634026	0.178318	0.300669	0.00617282	0.0345966	0.0169238	0.0165155	0.0192063	0.0171495	0.0182628	0.0267131	0.0351499	0.0956998	0.017498	0.0438947	0.0330715	0.0186854	0.00223165	0.00956628
150	0.0325027	0.00986217	0.0489139	0.208725	0.00992318	0.02155	0.0162806	0.00249176	0.0625056	0.00533772	0.0223025	0.0345607	0.00540207	0.334483	0.0667546	0.050751	0.0501608	0.00907242	0.000586423	0.0078331
151	0.0532678	0.00439699	0.259028	0.280344	0.00715689	0.0420408	0.0163674	0.00970798	0.0235279	0.0155834	0.00379822	0.0719755	0.013677	0.0565964	0.0207283	0.064927	0.0330989	0.0130537	0.00234179	0.00838231
152	0.0359391	0.0123277	0.00055713	0.00258344	0.0227888	0.00261945	0.00124093	0.332176	0.00208359	0.221616	0.0513991	0.00352795	0.00191058	0.00346181	0.00219017	0.00898192	0.0267459	0.261739	0.000561846	0.00554998
153	0.0403717	0.0187361	0.00457302	0.00476623	0.0138486	0.00558597	0.0256516	0.0131851	0.304562	0.0340578	0.0223118	0.0187451	0.00656481	0.0567811	0.344276	0.0311698	0.0281194	0.0204277	0.000350399	0.00591516
154	0.087357	0.00889781	0.0396527	0.0578763	0.0152573	0.0388414	0.0298344	0.0164053	0.0420026	0.0317176	0.00960286	0.0386542	0.28234	0.0511459	0.0320998	0.116658	0.055019	0.0317782	0.000645771	0.0142131
155	0.106834	0.0150694	0.0151731	0.0214847	0.0591906	0.0173945	0.0396668	0.0632749	0.0863425	0.0492294	0.0408351	0.0355866	0.0107794	0.0647612	0.155774	0.0638231	0.054501	0.085822	0.00147177	0.0129858
156	0.0417329	0.01864	0.021746	0.0194126	0.133054	0.0171028	0.28565	0.0573995	0.0136542	0.0414575	0.0229326	0.0787017	0.0127063	0.0267787	0.0221677	0.0751603	0.0241926	0.0562617	0.00456533	0.0266831
157	0.106474	0.00948079	0.0188636	0.0248519	0.0792087	0.012021	0.106296	0.0247967	0.00950738	0.0946246	0.0435862	0.0165605	0.128527	0.0188137	0.0394756	0.0433466	0.0364447	0.0693189	0.00366379	0.114138
158	0.070495	0.0039912	0.225706	0.325396	0.00332644	0.0402499	0.0196288	0.0087692	0.021313	0.013333	0.00419004	0.0391327	0.0135009	0.0893953	0.0244671	0.0402714	0.0194743	0.0271372	0.00317793	0.00704473
159	0.0553156	0.0270692	0.0179258	0.02361	0.0871436	0.0247065	0.0266355	0.0534556	0.0566047	0.149403	0.0415688	0.0299146	0.00979106	0.0381005	0.0478312	0.0610413	0.0397357	0.0543815	0.119793	0.0359733
160	0.0436655	0.0160681	0.040732	0.00956255	0.00719568	0.0312495	0.0518213	0.0242178	0.0189046	0.0206499	0.0107846	0.201955	0.0117141	0.037275	0.0236911	0.222873	0.197425	0.0180953	0.00192076	0.0101998
161	0.0140557	0.00545719	0.000845411	0.00131854	0.0439507	0.00337022	0.00349753	0.146694	0.00086492	0.549189	0.0782588	0.00255651	0.00083537	0.00417479	0.00447934	0.00661871	0.0139951	0.108374	0.00460899	0.0068556
162	0.0659638	0.0137313	0.0366141	0.0405474	0.00914431	0.050963	0.0263236	0.0136685	0.0916705	0.0238905	0.010915	0.0555647	0.130948	0.058075	0.179449	0.0929677	0.0554622	0.0251305	0.00208079	0.0168895
163	0.0395035	0.0188653	0.00631115	0.00636498	0.0132042	0.00636009	0.0248537	0.0136012	0.294506	0.0327631	0.0219268	0.0192029	0.0114053	0.0585077	0.341987	0.0313577	0.0307242	0.0209137	0.00066313	0.00697869
164	0.166776	0.115052	0.0108829	0.0128809	0.0183299	0.0708807	0.0150929	0.0430371	0.0111858	0.066152	0.018925	0.0288384	0.0078483	0.0240583	0.0192719	0.2098	0.0579921	0.0844759	0.00352228	0.0149986
165	0.417952	0.0464907	0.00251584	0.00379632	0.00454033	0.0760641	0.00583548	0.00996649	0.00242384	0.00888121	0.00820776	0.00577253	0.00722625	0.00355497	0.00343543	0.315754	0.0523305	0.0170148	0.000314362	0.00792372
166	0.620812	0.0345483	0.00821074	0.00871253	0.00941926	0.0437112	0.00977889	0.0224284	0.00789734	0.014387	0.008071	0.00627533	0.00397723	0.0103265	0.00991141	0.11972	0.0251536	0.0295359	0.000850887	0.00627222
167	0.20378	0.0433219	0.0141822	0.0430809	0.0406682	0.0529174	0.022124	0.02664	0.0183004	0.0630285	0.0233241	0.0795242	0.011495	0.0360151	0.0239442	0.192689	0.045866	0.0319413	0.00255303	0.0246037
168	0.335589	0.0521675	0.00193156	0.00269656	0.00286135	0.0848556	0.00723218	0.00635541	0.0014209	0.0092829	0.00845069	0.00545106	0.00885327	0.00247319	0.00211518	0.378896	0.0651786	0.015238	0.000283018	0.00866858
169	0.0176315	0.00691503	0.00119215	0.00231684	0.0502299	0.00362113	0.00289356	0.173286	0.00132552	0.479693	0.0825324	0.00247485	0.00143927	0.00517969	0.00464057	0.00715125	0.0172029	0.129357	0.00356148	0.00735612
170	0.083764	0.0101409	0.214591	0.214256	0.0096647	0.0414885	0.0237764	0.0154355	0.0246536	0.0230864	0.00790233	0.0567431	0.0371396	0.0639528	0.0234747	0.0735763	0.0381704	0.0249745	0.00286845	0.0103408
171	0.0848427	0.00938299	0.0061983	0.0240539	0.0111691	0.0106254	0.0206577	0.11911	0.0262973	0.0349495	0.0178207	0.0203283	0.00285664	0.0157549	0.0439805	0.0800736	0.0628761	0.403721	0.000875608	0.0044254
172	0.0117707	0.00527063	0.00100451	0.0013347	0.0494453	0.00286084	0.00164124	0.149136	0.000764702	0.533026	0.0983561	0.00158146	0.00105703	0.00510371	0.00538226	0.00471367	0.0144878	0.105701	0.00275027	0.00461192
173	0.361249	0.0495251	0.00233718	0.00293064	0.00268695	0.0777522	0.00715701	0.00747557	0.00162229	0.00906106	0.00768288	0.00512705	0.00854497	0.00248651	0.00239287	0.365854	0.0622554	0.0154518	0.000289766	0.00811788
174	0.0488127	0.0296971	0.0280393	0.0179012	0.00604151	0.11502	0.0311553	0.00782546	0.0385675	0.0201672	0.0124894	0.196701	0.0205392	0.0559025	0.0478623	0.19786	0.0998942	0.0194309	0.00172437	0.00436856
175	0.0582588	0.00476653	0.231088	0.353826	0.0037155	0.0445812	0.0161841	0.00954987	0.0216409	0.0152542	0.00397877	0.0304811	0.0205628	0.0725358	0.0234414	0.041506	0.0168848	0.0188032	0.00223306	0.0107077
176	0.0355643	0.0129605	0.000602392	0.00270798	0.0230599	0.00254148	0.00111561	0.336066	0.00219861	0.214399	0.0507086	0.0037133	0.00184749	0.00340987	0.00207465	0.00891187	0.0265413	0.26504	0.000518173	0.00601877
177	0.0165574	0.00773334	0.00120423	0.0016961	0.0783926	0.00439712	0.00409268	0.150459	0.00162957	0.476773	0.087623	0.00322894	0.00142844	0.00519036	0.00549398	0.00853936	0.0158074	0.11194	0.00547099	0.0123424
178	0.0934382	0.0156736	0.0771079	0.0978117	0.0160671	0.042659	0.0436079	0.0311457	0.0374319	0.0453387	0.0222058	0.0658319	0.0985592	0.103489	0.0225397	0.0906065	0.0546214	0.0345347	0.000824496	0.00650578
179	0.0788474	0.00808952	0.0152056	0.052144	0.0460498	0.0244494	0.0205853	0.186847	0.0182519	0.125904	0.0455238	0.00830633	0.0239423	0.0383511	0.00741223	0.0397433	0.0790226	0.161656	0.000513955	0.0191545
180	0.0182587	0.0072258	0.000977351	0.00170094	0.0434338	0.0031179	0.00172446	0.18533	0.00110303	0.460426	0.0894285	0.00222547	0.00132407	0.00513377	0.00474364	0.00607028	0.0186394	0.14187	0.00226787	0.00499878
181	0.0116029	0.0050522	0.000999615	0.00131345	0.0490936	0.00278855	0.00163467	0.148199	0.000711669	0.53689	0.0970019	0.00157266	0.000992782	0.00497603	0.00523124	0.00458855	0.0144611	0.105361	0.00282356	0.00470591
182	0.0800158	0.0109278	0.0423332	0.0587132	0.0172207	0.0385742	0.0421937	0.0202815	0.039106	0.0410979	0.0125503	0.050044	0.221786	0.0575821	0.0276303	0.124163	0.0657186	0.0339353	0.00102492	0.0151015
183	0.0343548	0.0210956	0.0025752	0.00288186	0.110802	0.0142127	0.0188788	0.132219	0.00465731	0.365556	0.0590329	0.0105313	0.00339778	0.00503514	0.00532988	0.0266934	0.0230888	0.118951	0.0115926	0.029113
184	0.0371642	0.0127963	0.000548994	0.00264969	0.0214291	0.00248488	0.00124059	0.336486	0.00214588	0.21017	0.0489781	0.00357221	0.00196314	0.00335278	0.0019999	0.00902372	0.0269645	0.270779	0.000490398	0.00576046
185	0.0318725	0.00760771	0.0538445	0.209743	0.00900657	0.0221886	0.0207638	0.00274563	0.0777044	0.00689172	0.0242102	0.0395341	0.00459269	0.291451	0.0791981	0.0502187	0.0510452	0.00910313	0.000621324	0.00765662
186	0.0374295	0.0204034	0.00609733	0.00687612	0.0131223	0.00660332	0.0267064	0.0137422	0.279256	0.0335435	0.0224459	0.0187469	0.00860835	0.0689942	0.345672	0.0306223	0.031879	0.022321	0.000389749	0.00654083
187	0.0549137	0.00718876	0.155002	0.296121	0.00645633	0.0398988	0.0178529	0.0111898	0.0369419	0.0164341	0.0119487	0.0357782	0.0209159	0.143444	0.0364347	0.0479024	0.031311	0.0185123	0.00168645	0.0100673
188	0.408047	0.0515691	0.0026171	0.00267803	0.0044091	0.0725073	0.00626479	0.0112984	0.00147992	0.011238	0.00729778	0.0044077	0.00742289	0.00280024	0.00249986	0.31878	0.0555505	0.0197712	0.00028492	0.00907597
189	0.671317	0.0345957	0.00554225	0.00333345	0.00966885	0.0754296	0.00261225	0.0190075	0.00297153	0.00905838	0.00631905	0.00173139	0.00235761	0.00422179	0.00384175	0.105836	0.0156496	0.0228385	0.000421632	0.00324624
190	0.0472323	0.0153953	0.000742918	0.00288316	0.017348	0.00354407	0.00193363	0.337482	0.00352568	0.137625	0.0403771	0.00316468	0.00272578	0.0032258	0.0032178	0.0121589	0.0297166	0.332201	0.000196053	0.00530488
191	0.0365117	0.0145224	0.00521152	0.0075306	0.0639649	0.0124129	0.0253116	0.11945	0.00815736	0.403936	0.0728216	0.00957035	0.00594014	0.0152311	0.01282	0.0272226	0.025238	0.1069	0.00620843	0.0210391
192	0.632512	0.0439155	0.00459465	0.00314891	0.00707097	0.0353362	0.00282035	0.0293809	0.00186756	0.0103591	0.00571517	0.00153417	0.00202354	0.00366127	0.00301184	0.129499	0.0387295	0.0400616	0.000380543	0.00437761
193	0.0116228	0.0050536	0.000960975	0.00130803	0.0495916	0.00276592	0.00171523	0.147514	0.000773248	0.538831	0.0942356	0.00174446	0.000998605	0.00484581	0.00534102	0.00478864	0.01421	0.105334	0.00313994	0.00522638
