1656	20
1	0.0401929	0.0309042	0.177965	0.0668429	0.0441301	0.019718	0.0181245	0.0529769	0.050432	0.0754929	0.050359	0.0818675	0.00658931	0.0435265	0.0190143	0.106561	0.0321471	0.0383745	0.00314952	0.0416322
2	0.149808	0.00912156	0.00895454	0.0140978	0.00981979	0.0674321	0.0285732	0.0112089	0.0105788	0.0652823	0.0436152	0.0522875	0.141582	0.0572668	0.0185739	0.188832	0.0476107	0.0543295	0.00172892	0.0192968
3	0.0320275	0.00655591	0.357403	0.319811	0.00419603	0.0184847	0.012775	0.00957066	0.0196436	0.0362142	0.0164002	0.0316025	0.0040101	0.0285989	0.00909292	0.0404213	0.0149565	0.0309638	0.000779666	0.00649315
4	0.0284526	0.00603298	0.00209593	0.00675322	0.0246637	0.00690497	0.00787949	0.0725433	0.00955047	0.532559	0.132315	0.0116615	0.0039722	0.0120595	0.0112767	0.0183687	0.0235618	0.0725934	0.00141282	0.0153424
5	0.361446	0.017925	0.0199052	0.0390636	0.00358646	0.0299802	0.0110245	0.00669637	0.0138631	0.0171004	0.0156582	0.00852998	0.00190818	0.0156368	0.00938452	0.35567	0.0447091	0.0222362	0.00105236	0.00462333
6	0.171434	0.0245828	0.0968601	0.0559917	0.00606957	0.0116215	0.00509322	0.210075	0.0112509	0.03708	0.0262945	0.0101655	0.0204742	0.0765515	0.00899548	0.0397681	0.0309091	0.137046	0.0018813	0.0178553
7	0.012047	0.0140873	0.00511095	0.00184685	0.471409	0.0262547	0.00686991	0.0286343	0.00686286	0.140548	0.0204983	0.00540766	0.00947619	0.00911418	0.0117532	0.0370559	0.0119106	0.0381158	0.0127119	0.130285
8	0.0825262	0.0118022	0.0118893	0.0199459	0.0102647	0.160759	0.0487498	0.020137	0.0226742	0.0358249	0.0261497	0.115096	0.00682074	0.0570712	0.0255565	0.192051	0.109748	0.0290621	0.00394683	0.00992584
9	0.144843	0.00548774	0.0743617	0.148765	0.00618013	0.0108745	0.00638375	0.00999514	0.0857746	0.0141352	0.022489	0.0148018	0.168608	0.0290287	0.00850823	0.063162	0.0269956	0.153684	0.00140859	0.00451291
10	0.00210824	0.0060841	0.00091501	0.00171718	0.319985	0.00605957	0.0196249	0.0134248	0.00939927	0.0332928	0.00875649	0.00315785	0.00108403	0.00407194	0.00601268	0.0077353	0.00564407	0.0150969	0.0141232	0.521707
11	0.0351628	0.00849745	0.00172431	0.00504413	0.0250606	0.0107671	0.00607743	0.0805131	0.00999216	0.562593	0.0734251	0.0093281	0.00392057	0.0139542	0.00889656	0.0233311	0.0271925	0.0812975	0.00144603	0.0117758
12	0.0408816	0.00746054	0.00955234	0.0228676	0.00517962	0.0130546	0.0163104	0.0130328	0.338891	0.0222337	0.0137603	0.0173104	0.00714436	0.0441804	0.324548	0.0355547	0.034749	0.0257146	0.0037571	0.00381727
13	0.0313895	0.00425354	0.00614877	0.019594	0.00401589	0.011643	0.0104011	0.0106941	0.478622	0.0206805	0.0142834	0.0171705	0.00938286	0.0425735	0.22901	0.0333982	0.0281817	0.0203273	0.00246241	0.0057681
14	0.0849013	0.00656856	0.00782939	0.0186124	0.00690741	0.0343871	0.00919847	0.00969974	0.0252479	0.0356299	0.00655366	0.0374471	0.496444	0.0397792	0.0237889	0.107008	0.0281361	0.0171303	0.00120584	0.00352515
15	0.0148352	0.00127027	0.122253	0.69216	0.0039979	0.0136186	0.00497184	0.00487257	0.022896	0.00723946	0.00360063	0.0154551	0.00867432	0.024216	0.0146414	0.0194645	0.0108985	0.0106452	0.00110176	0.00318798
16	0.025631	0.00342708	0.00545736	0.0213651	0.00388416	0.0121972	0.00975753	0.00852838	0.526102	0.0174802	0.0113806	0.0176545	0.00710834	0.0398446	0.213563	0.0302711	0.0222994	0.015316	0.00226967	0.00646256
17	0.0758857	0.00248896	0.105009	0.532871	0.00457371	0.0138647	0.00660032	0.00669789	0.0355043	0.0120065	0.00562251	0.0183776	0.05341	0.0328323	0.0128216	0.0286106	0.02461	0.0234518	0.000956814	0.00380465
18	0.0456512	0.0185006	0.0343891	0.029663	0.0124747	0.0410857	0.0496332	0.0896321	0.0671548	0.100023	0.0772242	0.0439974	0.0261381	0.110827	0.0852116	0.0679148	0.0444875	0.0374377	0.00405216	0.0145026
19	0.0315034	0.00577371	0.00155774	0.00401642	0.0340455	0.00513177	0.00616202	0.0892724	0.0113896	0.507348	0.104825	0.00945918	0.00398112	0.0166479	0.0100907	0.0168091	0.0320568	0.0966085	0.00193366	0.011388
20	0.222338	0.0132745	0.0579268	0.107119	0.00682642	0.0426905	0.011503	0.0486273	0.0484333	0.0572466	0.0216144	0.0369153	0.0182305	0.0678916	0.0268086	0.0709093	0.0658332	0.0691156	0.00175995	0.00493635
21	0.503826	0.0039006	0.0158633	0.0108953	0.0202073	0.035883	0.00352262	0.00896812	0.00797223	0.0416158	0.0141438	0.0163162	0.0137102	0.0158974	0.00313455	0.192173	0.0366482	0.0511885	0.000552023	0.00358114
22	0.0461943	0.0120884	0.0126624	0.0389204	0.0080548	0.0144091	0.0851344	0.0438449	0.0419143	0.0592155	0.0223792	0.0253854	0.0188228	0.344131	0.0389402	0.0717239	0.0401475	0.0557978	0.00219237	0.0180416
23	0.111482	0.0100117	0.00778753	0.0144032	0.0108341	0.032941	0.0153678	0.0130542	0.016603	0.0211533	0.0183424	0.155652	0.0104801	0.0195646	0.0122883	0.298968	0.199246	0.0203752	0.00136929	0.0100757
24	0.0617659	0.00516851	0.0088894	0.0209357	0.00503351	0.0125833	0.00727659	0.0257671	0.336137	0.0300979	0.02513	0.0202831	0.0144675	0.0554402	0.204111	0.0551748	0.0553374	0.0511474	0.00300887	0.00224449
25	0.356558	0.00690045	0.0215885	0.0236588	0.00751734	0.0369701	0.00320645	0.013837	0.0216097	0.0325437	0.00695239	0.0175626	0.229446	0.0216546	0.00724548	0.0894366	0.0563975	0.0421706	0.00100183	0.00374253
26	0.019585	0.0224091	0.00448831	0.0042684	0.304476	0.028576	0.0168311	0.0313365	0.00996977	0.188332	0.0376479	0.00906843	0.0194969	0.00979781	0.0148993	0.0499515	0.0177465	0.0449321	0.0198387	0.146348
27	0.125275	0.0132612	0.132151	0.0884935	0.00830745	0.0474995	0.0211807	0.0180449	0.0266865	0.0277409	0.0149923	0.0929836	0.0105241	0.0379185	0.0163647	0.172545	0.105285	0.0294177	0.00166461	0.00966419
28	0.12364	0.0557029	0.00255405	0.00385635	0.0551778	0.0148906	0.00341527	0.0672389	0.00452259	0.0147167	0.00704071	0.00757863	0.00354911	0.00561172	0.0100362	0.0204259	0.0419384	0.540476	0.00122143	0.0164066
29	0.00261971	0.0070939	0.00108187	0.00191752	0.323174	0.00646434	0.0186548	0.0136807	0.00935928	0.0327392	0.0105331	0.00348143	0.00123637	0.00482027	0.00716661	0.00862886	0.00579976	0.0166664	0.0221737	0.502709
30	0.0584955	0.0110843	0.000901163	0.00501398	0.0228199	0.0102621	0.00405452	0.206442	0.00652821	0.103635	0.052615	0.0117448	0.00239563	0.00370482	0.00858721	0.0193498	0.0419585	0.41877	0.0016722	0.0099655
31	0.225735	0.00331922	0.0726229	0.053834	0.0042776	0.011736	0.0054813	0.0193074	0.0350639	0.0141845	0.00621919	0.0315148	0.215248	0.0273825	0.00734653	0.0845297	0.116101	0.0567702	0.00152705	0.00779893
32	0.0308795	0.00655881	0.439956	0.251067	0.00494207	0.0172542	0.0270065	0.00585556	0.0185848	0.0117159	0.00642911	0.0436163	0.00276788	0.0235755	0.00696041	0.0500141	0.0172423	0.0259023	0.000286305	0.00938535
33	0.263047	0.00269661	0.124238	0.139825	0.00265304	0.0182115	0.00281926	0.00904808	0.0451684	0.0165805	0.00689046	0.0224812	0.185721	0.0162895	0.00476438	0.0335297	0.0488292	0.0539398	0.00084007	0.0024283
34	0.084242	0.00644899	0.0735346	0.206089	0.00905275	0.0227328	0.0267274	0.0171436	0.12482	0.0278678	0.0105466	0.0460872	0.0116738	0.114475	0.0745097	0.0576038	0.0393136	0.0351524	0.00218631	0.00979332
35	0.0834827	0.00921209	0.0967433	0.295826	0.00733242	0.0259927	0.0271125	0.0150812	0.058268	0.0301499	0.0104665	0.0487333	0.0134902	0.109271	0.0277613	0.0585765	0.0379336	0.0319852	0.00172162	0.0108594
36	0.0804011	0.0108254	0.0405041	0.0615564	0.0124988	0.0767366	0.013765	0.0430208	0.0230193	0.156157	0.164714	0.0379268	0.0107243	0.0290392	0.0200417	0.0900353	0.0507774	0.0649356	0.00314749	0.0101736
37	0.00210824	0.0060841	0.00091501	0.00171718	0.319985	0.00605957	0.0196249	0.0134248	0.00939927	0.0332928	0.00875649	0.00315785	0.00108403	0.00407194	0.00601268	0.0077353	0.00564407	0.0150969	0.0141232	0.521707
38	0.0484756	0.0113112	0.00234166	0.00688468	0.0165464	0.00786102	0.00309	0.244194	0.00472375	0.183795	0.0682969	0.0104502	0.00164536	0.00980915	0.00722376	0.0182148	0.0402085	0.30648	0.00112009	0.00732823
39	0.0432273	0.00373156	0.0113638	0.0489079	0.00837427	0.0126155	0.0162443	0.0150425	0.344367	0.0214358	0.0135459	0.0228902	0.00619612	0.0814905	0.242511	0.039989	0.0368802	0.0247042	0.00254661	0.00393625
40	0.357681	0.0403697	0.00671466	0.00992887	0.00313848	0.231449	0.00204966	0.0141992	0.0171248	0.0210968	0.00236588	0.0163983	0.0185955	0.0245475	0.00733536	0.162767	0.0309724	0.0234293	0.000489714	0.00934656
41	0.0181163	0.0100938	0.00714005	0.0919761	0.0124304	0.00716325	0.00284029	0.0886814	0.0657166	0.042299	0.0387456	0.0212232	0.00848637	0.0216072	0.0464135	0.0992969	0.220208	0.190846	0.0018857	0.00483106
42	0.0038949	0.0165611	0.000612724	0.00122885	0.0227598	0.00485784	0.000756383	0.528968	0.00237281	0.119779	0.0141886	0.00642177	0.00833912	0.00209404	0.00401994	0.010664	0.00928744	0.239608	0.00273886	0.000846862
43	0.0166801	0.00493476	0.00476865	0.0110536	0.0053187	0.0251151	0.00513837	0.170946	0.221409	0.0658605	0.012842	0.0106054	0.00501209	0.0678415	0.0796692	0.0379957	0.136471	0.111048	0.00269844	0.00459166
44	0.126683	0.0109872	0.0495089	0.112404	0.00670795	0.0669653	0.0186058	0.0182047	0.0613625	0.0281182	0.0107909	0.070486	0.0104049	0.0627583	0.0238566	0.218428	0.0652823	0.0308865	0.0015377	0.0060217
45	0.0566978	0.00377639	0.0101303	0.0206056	0.00459176	0.00952577	0.00526496	0.0193749	0.395809	0.024441	0.0184817	0.0187159	0.00822164	0.0379805	0.217013	0.0508097	0.0491014	0.0436401	0.0041642	0.00165531
46	0.0461126	0.00649987	0.368407	0.275552	0.00475434	0.0188982	0.0208836	0.00595008	0.0369151	0.0153808	0.0058659	0.0399296	0.0052003	0.0394721	0.0153909	0.0445928	0.0216284	0.0204668	0.00061045	0.00748906
47	0.123084	0.00401189	0.0472357	0.0198726	0.00658382	0.475678	0.00670951	0.0129016	0.0123011	0.0127608	0.00531559	0.0437353	0.00197464	0.0155179	0.0201318	0.139112	0.0322804	0.0194776	0.000338604	0.00097739
48	0.042329	0.00718796	0.429549	0.249481	0.00411463	0.0250824	0.0167682	0.0062885	0.0183048	0.0121154	0.00539756	0.0418842	0.00346426	0.0212169	0.00595334	0.0548183	0.0231501	0.0255893	0.000311026	0.00699422
49	0.0301072	0.00246306	0.00994252	0.0632834	0.00985234	0.0155752	0.021318	0.013494	0.363762	0.0249636	0.0137317	0.0242924	0.00652679	0.12367	0.192326	0.0307906	0.0329011	0.0140242	0.00116275	0.00581366
50	0.205738	0.0357727	0.00247226	0.00340027	0.0237561	0.0124232	0.0042929	0.10221	0.00362078	0.0248185	0.0107758	0.00960189	0.00422765	0.00831186	0.00776919	0.0583542	0.0736819	0.392489	0.00109244	0.0151911
51	0.0646934	0.00817639	0.0095781	0.0535684	0.0187636	0.0160279	0.0124271	0.15339	0.0174692	0.111681	0.0876658	0.0455717	0.00547927	0.038324	0.0167822	0.0741774	0.142755	0.108555	0.00347596	0.0114383
52	0.157333	0.0414641	0.00194202	0.00291591	0.0383192	0.0109569	0.00351975	0.0804989	0.00364465	0.0150899	0.00653432	0.00673407	0.00339503	0.00425609	0.00951538	0.028763	0.0450687	0.524904	0.00086744	0.0142768
53	0.0154498	0.00137731	0.121039	0.686164	0.00406906	0.0136361	0.00531326	0.0052641	0.0236063	0.00769797	0.00379863	0.0155018	0.0090163	0.0259395	0.0148718	0.0202062	0.0114639	0.01118	0.00109102	0.00331322
54	0.0756257	0.0142034	0.011007	0.032447	0.00922521	0.0181557	0.00819887	0.0568096	0.091066	0.0730297	0.0257339	0.0464546	0.0108123	0.0282002	0.0391787	0.131381	0.215598	0.103336	0.00227535	0.007261
55	0.186055	0.0199931	0.0508447	0.112116	0.00629629	0.0411919	0.014819	0.0577576	0.0491284	0.0670566	0.0176878	0.0295776	0.00728241	0.0968838	0.0340577	0.0677108	0.0630771	0.0721478	0.00126996	0.00504598
56	0.0940361	0.00880429	0.0923591	0.250275	0.00778249	0.0346529	0.029153	0.015318	0.0641998	0.0305694	0.0115707	0.0528998	0.0141052	0.114832	0.0302001	0.0626522	0.041032	0.0321447	0.00183233	0.0115806
57	0.0418759	0.00165216	0.0159552	0.106561	0.0159178	0.0161592	0.0254048	0.0187044	0.202725	0.0247562	0.0116249	0.0327228	0.00435832	0.167646	0.21251	0.035212	0.0457879	0.0158395	0.000780984	0.00380643
58	0.0218718	0.0161574	0.0130612	0.088653	0.0181404	0.00820245	0.00360431	0.083669	0.0514765	0.0375593	0.0423401	0.027857	0.0132951	0.0181024	0.0396141	0.106252	0.218727	0.183415	0.00191435	0.00608757
59	0.0280172	0.00639916	0.000596295	0.00290461	0.02974	0.00542691	0.00570894	0.0798943	0.0099653	0.572657	0.0884523	0.00752092	0.00368814	0.0134084	0.00814608	0.015923	0.0254502	0.0831486	0.0014306	0.0115217
60	0.0728588	0.0084037	0.00435529	0.0249398	0.00974113	0.00717462	0.00549204	0.0513595	0.0379266	0.0588372	0.0506839	0.0144438	0.0211607	0.0156082	0.0465736	0.052878	0.295876	0.2139	0.00147871	0.0063081
61	0.0511097	0.0116462	0.00114731	0.00579529	0.0197618	0.00987972	0.00418888	0.223877	0.00695046	0.160543	0.0668806	0.0120453	0.00205624	0.00569472	0.00790275	0.0197307	0.0413456	0.338367	0.00161673	0.00946072
62	0.0140897	0.00258802	0.00479447	0.0210151	0.00396201	0.0132918	0.0143817	0.00509592	0.567852	0.0135375	0.00843856	0.0213948	0.0082693	0.0448069	0.199932	0.0264377	0.0128746	0.00682077	0.00175827	0.00865896
63	0.015011	0.00129873	0.122064	0.69105	0.00388692	0.0136342	0.00499389	0.00490142	0.0230216	0.00724069	0.00357927	0.0156627	0.00897451	0.0243499	0.0143376	0.0196593	0.0111535	0.0109125	0.00112156	0.00314695
64	0.069401	0.0115354	0.357894	0.207262	0.00488118	0.0459937	0.014059	0.0132726	0.0160163	0.0183012	0.00649724	0.0444891	0.00492916	0.0199862	0.0071561	0.0760443	0.0417898	0.0334783	0.000775898	0.00623792
65	0.0273492	0.00669689	0.453007	0.28432	0.00338237	0.0165245	0.0161622	0.00380702	0.0221706	0.0120434	0.00515356	0.0373297	0.00301743	0.0221624	0.00563227	0.0398838	0.0143401	0.0200121	0.000120363	0.00688534
66	0.00530088	0.0166872	0.000693809	0.00137174	0.0224013	0.00486378	0.000807329	0.52044	0.00238015	0.122292	0.0161862	0.00646021	0.00805957	0.00243925	0.0040538	0.0109161	0.0102828	0.240732	0.00265797	0.000974594
67	0.0278245	0.034819	0.00781123	0.0136906	0.0982529	0.0183421	0.194467	0.0191697	0.0208426	0.0847116	0.0295578	0.0358732	0.0248638	0.0868601	0.0318586	0.0791674	0.0258022	0.010828	0.0150401	0.140217
68	0.0602317	0.00442467	0.00562079	0.0285836	0.0115892	0.0310109	0.0040701	0.0171347	0.050048	0.0441621	0.00619371	0.0258826	0.469773	0.0560669	0.0513822	0.101752	0.0180973	0.00929859	0.00134351	0.00333381
69	0.0440173	0.00359454	0.00703772	0.0174822	0.0235398	0.0087288	0.00985443	0.076396	0.0469659	0.182514	0.15504	0.0221784	0.00372887	0.0786093	0.109424	0.0253086	0.0453207	0.126289	0.00555143	0.0084189
70	0.0655134	0.00755873	0.0202417	0.0255134	0.0112773	0.0617959	0.0711169	0.018857	0.0349509	0.0351105	0.010209	0.201693	0.0066869	0.118032	0.0402448	0.121483	0.102522	0.0263838	0.00580546	0.0150042
71	0.0759423	0.00916701	0.016628	0.031528	0.0102585	0.0429383	0.0157309	0.0206204	0.0342833	0.0440508	0.025862	0.0307194	0.377779	0.0785634	0.0312443	0.0855742	0.0349519	0.0245978	0.00181031	0.00774988
72	0.109529	0.0247543	0.0139941	0.0433374	0.00808253	0.0379915	0.0106078	0.0244667	0.02652	0.0329512	0.0180628	0.0400074	0.211472	0.034918	0.0171246	0.163849	0.120147	0.0544098	0.0019393	0.00583565
73	0.0131988	0.00256362	0.00389672	0.020742	0.00371824	0.0115611	0.0122526	0.0033215	0.598209	0.0128379	0.00768604	0.0178951	0.00739001	0.0409192	0.194982	0.0215114	0.0113593	0.0054609	0.00152295	0.00897144
74	0.00213014	0.00587683	0.000967537	0.00161658	0.337002	0.00665806	0.0190427	0.013427	0.00906977	0.0348071	0.00884958	0.00306077	0.0010827	0.00408404	0.00646099	0.00788192	0.00553449	0.0152801	0.0145527	0.502615
75	0.0452457	0.00933053	0.341761	0.220247	0.020004	0.0154959	0.018089	0.0111058	0.0245994	0.0176665	0.0100398	0.0642376	0.00356126	0.0270349	0.0084413	0.081997	0.0188609	0.0377309	0.000590498	0.0239609
76	0.0379889	0.0031622	0.00979579	0.0214193	0.0166438	0.00911062	0.0141184	0.0874827	0.0733291	0.220097	0.135191	0.0143056	0.00475824	0.0726943	0.0811241	0.0314157	0.051239	0.107591	0.00308551	0.00544751
77	0.0453967	0.0111217	0.00282109	0.00577685	0.0297348	0.00742173	0.00377703	0.212498	0.00540368	0.241292	0.121817	0.0128812	0.00224317	0.0118865	0.00875527	0.0209873	0.039894	0.205775	0.00257873	0.00793822
78	0.0171015	0.00168388	0.0991805	0.696237	0.00519855	0.0116046	0.00653489	0.00458142	0.0283121	0.00956092	0.00399399	0.0147536	0.0101133	0.0293642	0.0145774	0.0210734	0.0107311	0.0105897	0.00111668	0.00369129
79	0.0477367	0.0154131	0.111572	0.0406478	0.0351929	0.0433036	0.0206345	0.0150645	0.0348743	0.0254628	0.0106353	0.239917	0.0100225	0.0268575	0.0182004	0.203574	0.0500804	0.0203263	0.00145463	0.0290296
80	0.0418011	0.00374938	0.0124224	0.0350555	0.0168351	0.0120306	0.0102423	0.088994	0.0465602	0.212559	0.134895	0.0179361	0.00364316	0.0733942	0.0541991	0.0350606	0.0813653	0.111471	0.00204578	0.0057405
81	0.499296	0.00611134	0.00765743	0.00537972	0.0168606	0.0340318	0.00445449	0.0151561	0.00910737	0.0279302	0.00951554	0.0264852	0.00868196	0.0183039	0.00462087	0.2023	0.0528451	0.0476243	0.00127007	0.00236873
82	0.0776981	0.0551201	0.0414775	0.0567394	0.012441	0.0519565	0.0189434	0.0382414	0.0319192	0.107658	0.0674533	0.0668811	0.02673	0.0574106	0.0679358	0.0823283	0.0914816	0.0316952	0.00355025	0.0123393
83	0.0308881	0.005356	0.00180064	0.00284079	0.0434354	0.00384449	0.00614925	0.0987822	0.00915291	0.483243	0.121468	0.00979986	0.0037458	0.0132747	0.00611043	0.0148054	0.0305959	0.0999627	0.00296808	0.0117761
84	0.105543	0.0318394	0.00995294	0.0293747	0.00722625	0.0616663	0.0234476	0.039242	0.0296476	0.0503876	0.0230917	0.0643432	0.00688453	0.0354642	0.0215674	0.216404	0.198768	0.0335182	0.00342051	0.00821032
85	0.0325211	0.072961	0.00676103	0.0258222	0.200911	0.0217237	0.11359	0.0106546	0.0233509	0.0755188	0.0114053	0.0283607	0.018474	0.0218406	0.0279891	0.0646833	0.0276734	0.00431861	0.0204516	0.190989
86	0.026192	0.0151068	0.00384872	0.00672495	0.0979342	0.0117312	0.0182571	0.0602016	0.011128	0.449361	0.0625477	0.0185104	0.0083051	0.0120419	0.0105559	0.0306991	0.0224383	0.0615183	0.00590068	0.0669973
87	0.0109344	0.00882329	0.0269886	0.0136318	0.015235	0.0316782	0.0461743	0.0132336	0.015951	0.00804434	0.0025843	0.548915	0.0245325	0.0337163	0.0217744	0.115843	0.0255677	0.0161089	0.00121048	0.0190529
88	0.0482609	0.00599081	0.111209	0.501676	0.00526531	0.0188758	0.0147499	0.0106397	0.038344	0.0204457	0.00773175	0.0293807	0.0107205	0.0631845	0.0204025	0.0396166	0.0252006	0.020484	0.00123954	0.00658185
89	0.378395	0.00773897	0.0341665	0.0487029	0.00924647	0.0484394	0.00605373	0.0240925	0.0305971	0.0423449	0.0108333	0.0275927	0.0988762	0.0240954	0.0102272	0.0956174	0.0521245	0.044407	0.00122442	0.00522423
90	0.00249188	0.00663249	0.00102897	0.00170019	0.316691	0.00650345	0.0193655	0.0145821	0.00948869	0.037788	0.0093216	0.00328691	0.00144015	0.00426068	0.00610463	0.00884968	0.0058698	0.0163292	0.0141432	0.514122
91	0.334171	0.00627121	0.0302611	0.0313	0.0251072	0.0431119	0.00819343	0.0215777	0.0128665	0.0430344	0.0192361	0.0180149	0.0251021	0.0410554	0.0125976	0.197109	0.0725873	0.0399498	0.00187479	0.0165789
92	0.102737	0.0103486	0.0079198	0.0151985	0.00828343	0.0369618	0.0365285	0.0147007	0.0207241	0.0199361	0.019783	0.170768	0.00411956	0.0284654	0.021494	0.359955	0.0926104	0.0244324	0.00244398	0.00258969
93	0.0233713	0.0292647	0.00477406	0.00746201	0.241761	0.0299193	0.0330037	0.0297099	0.0122107	0.182799	0.0420078	0.0138806	0.0230004	0.012242	0.0179027	0.0586018	0.0201892	0.0398884	0.0274102	0.150601
94	0.0503545	0.00476476	0.0157355	0.0233141	0.0198981	0.0109609	0.00868593	0.120246	0.0354646	0.215257	0.12313	0.0165229	0.00421134	0.0612307	0.0485476	0.0355533	0.065411	0.132974	0.00204985	0.00568797
95	0.0545848	0.0101913	0.00585713	0.00820387	0.0211685	0.00961288	0.00643569	0.252248	0.0102857	0.194974	0.0616	0.0119378	0.00441331	0.028855	0.0110821	0.0260616	0.0430206	0.222811	0.00229518	0.0143611
96	0.0271193	0.0225427	0.0601853	0.150171	0.132941	0.0177601	0.0419516	0.0144348	0.0267175	0.0438493	0.0125215	0.0264645	0.00925623	0.0336649	0.0232325	0.0425692	0.0231271	0.0172906	0.0117582	0.262443
97	0.0135749	0.00996302	0.00501174	0.0060922	0.236001	0.0104937	0.0214918	0.0456379	0.0110775	0.0775176	0.0257848	0.00914063	0.00512374	0.0179049	0.0113905	0.0244634	0.0147718	0.0384158	0.0215984	0.394545
98	0.0666889	0.0106565	0.0163441	0.0226788	0.0234491	0.0274796	0.0757916	0.0400851	0.020156	0.0673548	0.0393522	0.107789	0.0117879	0.0478039	0.0154331	0.215111	0.0894859	0.0577543	0.00458846	0.0402096
99	0.0135548	0.0105835	0.0014317	0.00253609	0.0132073	0.775983	0.00865269	0.00397429	0.0120833	0.0210076	0.00446451	0.0492231	0.00806354	0.00739232	0.00948544	0.035938	0.00636845	0.00333307	0.00220442	0.0105133
100	0.0362878	0.00733989	0.00103909	0.00351962	0.0258611	0.00697894	0.00526403	0.0905512	0.00828024	0.549764	0.0758212	0.00820145	0.00343533	0.0126827	0.00659017	0.0192778	0.0287748	0.0982582	0.0013432	0.0107294
101	0.0211559	0.00497626	0.0033109	0.00352223	0.434853	0.0139715	0.00439579	0.0671931	0.00682789	0.203298	0.0421263	0.00736753	0.00328328	0.0120278	0.00705457	0.022754	0.0190044	0.0727504	0.00640057	0.0437269
102	0.138796	0.184522	0.0103398	0.0132792	0.0148956	0.0338546	0.0133232	0.0692077	0.015635	0.0556338	0.0265508	0.0362315	0.00838062	0.0199197	0.0203878	0.184229	0.0660869	0.0637485	0.0107614	0.0142164
103	0.205289	0.0309285	0.00268637	0.00443871	0.033668	0.0132782	0.00332893	0.0708121	0.00576867	0.0213472	0.0106416	0.00778092	0.00435054	0.00824489	0.0123996	0.0524692	0.0518821	0.448365	0.00110705	0.0112128
104	0.135339	0.00920605	0.00819483	0.0175401	0.0272408	0.0188151	0.00790252	0.0495284	0.070181	0.0701221	0.0625677	0.0160394	0.0154993	0.0624281	0.0908569	0.0435211	0.129883	0.151348	0.00344915	0.0103374
105	0.0126184	0.0160298	0.000724051	0.00204078	0.0222677	0.00573182	0.00138482	0.472006	0.00297077	0.122173	0.0242216	0.00726688	0.00705989	0.00271283	0.00474345	0.0123207	0.0149801	0.263835	0.00249009	0.00242276
106	0.0398704	0.0107259	0.0286484	0.0266232	0.0364589	0.0297523	0.0457581	0.0317637	0.0266635	0.0497727	0.0187103	0.324831	0.0167159	0.0659308	0.0252707	0.100529	0.0475104	0.0458043	0.00420741	0.0244525
107	0.138085	0.00528552	0.0360482	0.0516141	0.00641457	0.0223154	0.00506787	0.0155849	0.0637885	0.0279422	0.00963063	0.0201299	0.365147	0.0322461	0.0293529	0.0681123	0.041835	0.0557233	0.00128418	0.0043925
108	0.0538364	0.0349772	0.0177021	0.0317306	0.095943	0.0317561	0.10838	0.0241647	0.0406342	0.0883038	0.0173095	0.0610342	0.0138428	0.0832205	0.0341999	0.0706973	0.0468339	0.0231324	0.0124852	0.109816
109	0.0192685	0.00344196	0.00479206	0.0211245	0.00394154	0.0121884	0.0115627	0.00560075	0.558338	0.0166998	0.00928363	0.0183769	0.00723249	0.0409083	0.206074	0.0249758	0.0162938	0.0101005	0.00187921	0.00791765
110	0.0283179	0.0427972	0.00607346	0.0162397	0.172018	0.0243344	0.087858	0.0233036	0.0163118	0.128398	0.0394087	0.0286629	0.0204111	0.0258781	0.0257838	0.0595586	0.025536	0.0190814	0.041412	0.168615
111	0.0280137	0.00919393	0.00129751	0.003147	0.0421426	0.00728951	0.00619117	0.0703629	0.00912807	0.590197	0.0679699	0.00707712	0.00514355	0.0107002	0.00837073	0.0202934	0.0211124	0.0687202	0.00179964	0.021849
112	0.071877	0.00732809	0.0145258	0.0304552	0.014038	0.029449	0.0128779	0.0386639	0.0560798	0.0500182	0.0138634	0.0260659	0.3485	0.0580291	0.071237	0.0857471	0.0321254	0.0283499	0.00296347	0.00780555
113	0.0272745	0.013131	0.00184553	0.00398591	0.0210272	0.00693349	0.00249633	0.386655	0.00379552	0.151337	0.0439572	0.00923772	0.00497228	0.0071546	0.00584932	0.0156033	0.0264951	0.261392	0.00226793	0.00458874
114	0.0277397	0.0138989	0.0077565	0.0223446	0.0675268	0.0143642	0.0359628	0.0164625	0.332009	0.0501843	0.0138099	0.0221103	0.010376	0.0472021	0.121372	0.0354182	0.0216204	0.020866	0.00677954	0.112197
115	0.0564735	0.0106884	0.123095	0.0169416	0.0191458	0.0737191	0.00826866	0.00860077	0.0820234	0.0275578	0.00702492	0.166458	0.00635181	0.0430922	0.0251711	0.201501	0.0870448	0.0123853	0.00205656	0.0224
116	0.226405	0.0031836	0.0483274	0.0219753	0.00883156	0.0188099	0.016314	0.0288922	0.0230241	0.0113407	0.00615237	0.0179209	0.119226	0.0957016	0.0185919	0.169778	0.0989495	0.0376638	0.00384244	0.02507
117	0.0923902	0.0088782	0.0937169	0.259983	0.00767063	0.0278084	0.0288244	0.0151897	0.0625045	0.0301671	0.0108733	0.0517831	0.0144039	0.114253	0.0296683	0.063998	0.0415651	0.0322165	0.00192204	0.0121833
118	0.102756	0.0735229	0.00915859	0.015078	0.0196862	0.022565	0.0081112	0.111974	0.0156299	0.0740345	0.0328131	0.0441497	0.00574488	0.0202832	0.0156235	0.0852126	0.0951386	0.232077	0.00419945	0.0122414
119	0.0515953	0.0105909	0.00141778	0.00602274	0.0212865	0.0105255	0.00407788	0.242125	0.00655354	0.133486	0.0664653	0.0123836	0.00200784	0.00529486	0.00797379	0.0204403	0.0409199	0.345098	0.00186026	0.00987493
120	0.12822	0.0184076	0.0309758	0.0477866	0.0237737	0.0486739	0.0248043	0.0562751	0.0210817	0.116182	0.0388902	0.0619611	0.00566274	0.0457832	0.0267847	0.132603	0.0943307	0.0562557	0.00760573	0.0139426
121	0.12166	0.00642777	0.0283499	0.0185311	0.00752995	0.448938	0.0108622	0.014244	0.0294499	0.0187096	0.0435772	0.0352134	0.00576734	0.0168489	0.0173736	0.0954203	0.0294967	0.0450143	0.00199121	0.0045949
122	0.0057023	0.0140217	0.00176083	0.00396076	0.308595	0.00844414	0.0268335	0.0141337	0.011521	0.0451799	0.00983354	0.00538718	0.00336904	0.00583636	0.00849464	0.0148762	0.00795603	0.0157879	0.0143793	0.473928
123	0.0224993	0.0159354	0.00973327	0.015879	0.00548111	0.0153192	0.0290323	0.00826461	0.217596	0.0230156	0.0106387	0.0133157	0.0053107	0.0338114	0.51354	0.0220316	0.0177896	0.0115063	0.00428605	0.00501389
124	0.019308	0.00968721	0.00372715	0.00333037	0.0130055	0.725602	0.0151863	0.00494729	0.0143142	0.0226426	0.00471174	0.054104	0.00733276	0.0152238	0.0142464	0.0421494	0.0120937	0.00519106	0.00289607	0.0103006
125	0.0201676	0.00374706	0.00546848	0.0211456	0.00409328	0.0118201	0.0133168	0.00596856	0.530098	0.0151218	0.00936113	0.0184969	0.007285	0.0425316	0.227684	0.0257149	0.017407	0.010936	0.00213059	0.00750515
126	0.0438744	0.00374022	0.00784761	0.021309	0.00457767	0.0114542	0.00724418	0.0163414	0.441104	0.0222658	0.0153653	0.018696	0.00766385	0.0400572	0.216754	0.0436413	0.0395694	0.0315895	0.00341297	0.00349168
127	0.0287122	0.0166769	0.0116169	0.0183425	0.00893019	0.025274	0.0333373	0.0180776	0.144513	0.0280214	0.0127599	0.0155303	0.00738275	0.038831	0.519312	0.0255415	0.0206344	0.0149007	0.00514871	0.00645647
128	0.0719814	0.00720029	0.00501657	0.0362173	0.00418445	0.0253814	0.0319891	0.058085	0.00907166	0.111574	0.0484147	0.0385394	0.00494343	0.160011	0.007497	0.0966754	0.197896	0.0818223	0.000682271	0.00281642
129	0.0147596	0.00135918	0.111552	0.703937	0.00447605	0.0122741	0.00533365	0.00463558	0.0238696	0.00759749	0.00388416	0.0147359	0.00858612	0.0242837	0.0144993	0.0193565	0.0103401	0.0102237	0.00102001	0.00327565
130	0.241617	0.0124001	0.00252511	0.00861801	0.0182055	0.0231609	0.00328576	0.0875552	0.00442486	0.0759316	0.0586052	0.0192378	0.00684686	0.018816	0.00940442	0.12125	0.112489	0.165768	0.00125824	0.00859924
131	0.139493	0.00583579	0.0818165	0.0941919	0.00548656	0.0200805	0.00719688	0.0138905	0.0380082	0.0247478	0.0101511	0.0267705	0.320593	0.027648	0.0127956	0.0604146	0.0465002	0.0564328	0.00270799	0.0052388
132	0.0589111	0.0174258	0.0221407	0.0275886	0.0409434	0.0271412	0.0457812	0.0199852	0.0275869	0.0444827	0.0149515	0.132563	0.238971	0.0415579	0.0214602	0.0890538	0.0410597	0.0258993	0.00549978	0.0569977
133	0.0757891	0.0128118	0.0181898	0.0284672	0.0152712	0.0351631	0.108817	0.0362549	0.0323593	0.0681376	0.0271831	0.0796872	0.0122335	0.1044	0.033475	0.144735	0.0775004	0.0601732	0.00537917	0.0239722
134	0.0232602	0.00757196	0.000582551	0.00325469	0.0249911	0.00559284	0.0050029	0.0919108	0.00861782	0.60909	0.0715174	0.0060411	0.00355334	0.0106923	0.00616273	0.014393	0.0192391	0.0771498	0.00110825	0.0102679
135	0.00410186	0.00923947	0.00148264	0.00275815	0.328677	0.00866573	0.0218428	0.014621	0.00985789	0.0475513	0.0104876	0.00425043	0.00270622	0.00515579	0.00761216	0.0128404	0.00766093	0.0170736	0.0140987	0.469316
136	0.428343	0.0143849	0.014703	0.0259019	0.00520944	0.0318063	0.00908509	0.00674996	0.0131644	0.0173475	0.012154	0.0111911	0.00356986	0.0144046	0.00821726	0.305652	0.0468455	0.0257781	0.00148916	0.00400386
137	0.00522467	0.0164709	0.000620991	0.00133303	0.0224697	0.0049645	0.000840117	0.521409	0.00249346	0.119918	0.0153713	0.00648575	0.00829442	0.00218112	0.00408689	0.0108384	0.0100883	0.243134	0.00271004	0.0010655
138	0.346391	0.0112165	0.0202537	0.0177499	0.0104449	0.0419257	0.00697073	0.0137456	0.0149588	0.0229755	0.00942881	0.0248082	0.0299826	0.0264845	0.00742132	0.267675	0.0813309	0.0391253	0.00114	0.00597181
139	0.0515425	0.012506	0.300272	0.20393	0.00823429	0.0222872	0.0211265	0.0121536	0.0255091	0.0311933	0.0133593	0.0669168	0.0260079	0.0370958	0.012397	0.0551035	0.0622611	0.0270091	0.00096567	0.010129
140	0.0451618	0.0244605	0.0243864	0.023197	0.0130406	0.0313157	0.0295564	0.0155551	0.0187415	0.017125	0.00961025	0.39839	0.0157295	0.0266572	0.0327343	0.168606	0.0630095	0.0178821	0.00195894	0.0228825
141	0.358849	0.0110569	0.00896544	0.0122468	0.0155397	0.0416306	0.00655959	0.0510704	0.0209063	0.061957	0.0220582	0.0192368	0.0280975	0.0491097	0.0144592	0.117633	0.0624979	0.0870528	0.00144849	0.00962528
142	0.0210066	0.0308273	0.00559289	0.0130329	0.244083	0.015785	0.045954	0.0270159	0.0169149	0.0852865	0.0170533	0.0152652	0.0115183	0.0236135	0.0228277	0.0463763	0.0178814	0.0240106	0.0181273	0.297828
143	0.0552385	0.00210866	0.0142799	0.0108437	0.0156246	0.074399	0.120841	0.0160087	0.047644	0.0478361	0.00844437	0.136507	0.00209945	0.157836	0.0696683	0.0759271	0.0883023	0.0261135	0.012357	0.0179213
144	0.0713779	0.0297313	0.0840464	0.0453503	0.0710602	0.0268145	0.00997807	0.0208737	0.0359412	0.0554793	0.0112426	0.209028	0.00648417	0.0206616	0.0120585	0.175045	0.0245563	0.0247484	0.00215449	0.0633677
145	0.0301831	0.0146447	0.00716161	0.0114284	0.0291596	0.0198635	0.0221535	0.0674242	0.0136595	0.384747	0.191259	0.0192414	0.00578053	0.0187274	0.023735	0.0327508	0.0294607	0.0515213	0.0031806	0.023918
146	0.0536993	0.0106663	0.00606532	0.0104432	0.0246809	0.0143114	0.0115687	0.0667073	0.0121601	0.456188	0.0875983	0.0280047	0.00505156	0.0181283	0.0105412	0.0536655	0.0413096	0.073862	0.002212	0.0131359
147	0.0622624	0.0119484	0.0120199	0.0360601	0.00610559	0.0191366	0.0632536	0.026752	0.0356021	0.0720332	0.0259611	0.0267924	0.00969334	0.390198	0.035051	0.0706035	0.0506628	0.0315305	0.0010505	0.0132829
148	0.0286297	0.00683338	0.432146	0.293606	0.00390154	0.0167742	0.016305	0.00467256	0.0237675	0.0124952	0.00557219	0.0379998	0.00346217	0.0241946	0.00677995	0.0406725	0.014838	0.0200121	0.000204506	0.00713242
149	0.0187873	0.0173102	0.0111883	0.0150283	0.0060667	0.0178933	0.0405243	0.00697364	0.13086	0.0216346	0.0074207	0.0159693	0.00443926	0.0379432	0.598816	0.0172637	0.0151066	0.00658935	0.00529278	0.00489242
150	0.0144667	0.00131352	0.115056	0.700879	0.0042434	0.0127469	0.00505388	0.00484323	0.0233	0.00747845	0.00385843	0.0148176	0.00859506	0.0242349	0.0148629	0.0190251	0.0104824	0.0104736	0.00105955	0.00320978
151	0.0284761	0.00980593	0.0927273	0.0578921	0.0145255	0.0292332	0.060383	0.0171308	0.023111	0.0199264	0.00787885	0.354612	0.0187252	0.0494891	0.0223949	0.107165	0.0390797	0.0210952	0.00217009	0.0241786
152	0.0704056	0.0102001	0.0144007	0.0381511	0.0071898	0.0232037	0.0574436	0.0266967	0.0374969	0.0614895	0.0232091	0.0377834	0.0130142	0.350797	0.0334562	0.0867696	0.0591888	0.0342164	0.00191043	0.0129774
153	0.128662	0.0151625	0.00852427	0.0193203	0.00619285	0.0470477	0.0175821	0.0239493	0.0184895	0.0278079	0.0152923	0.0824746	0.00707955	0.0301236	0.0138225	0.292754	0.200279	0.0380145	0.00194832	0.0054733
154	0.0474334	0.0117226	0.000796192	0.00409164	0.021702	0.00905197	0.00342985	0.254467	0.00591256	0.101663	0.0467775	0.0105793	0.0037055	0.00305394	0.00806581	0.0176946	0.037389	0.402371	0.00186175	0.0082323
155	0.0246215	0.00873212	0.00115664	0.00332033	0.0385743	0.00627095	0.00651748	0.0741241	0.00923966	0.586482	0.0739505	0.00737474	0.00421002	0.00961967	0.00698318	0.016826	0.0209272	0.076881	0.00163251	0.0225556
156	0.050718	0.00848313	0.0123513	0.0249619	0.0246065	0.0244956	0.0173591	0.0141857	0.386249	0.0277024	0.01311	0.0321218	0.0161578	0.0431772	0.140457	0.0882023	0.0355433	0.021855	0.00284572	0.0154171
157	0.125872	0.0136756	0.0239174	0.078788	0.00753124	0.0366707	0.0149583	0.0258504	0.0649446	0.03601	0.0234847	0.0474471	0.0112775	0.0579059	0.0633118	0.131221	0.186736	0.0414962	0.00198756	0.0069145
158	0.0550884	0.00946558	0.00869452	0.0281327	0.0241625	0.0134874	0.0088206	0.172987	0.0137514	0.183788	0.0865768	0.0180434	0.00382557	0.0196829	0.0163837	0.0331153	0.0491575	0.233259	0.00301434	0.0185643
159	0.0531901	0.00615043	0.0176542	0.0205269	0.013536	0.0466493	0.101425	0.0220693	0.0335403	0.07008	0.0161583	0.183276	0.00756714	0.14751	0.0420753	0.0851487	0.0742411	0.0315754	0.00689537	0.0207323
160	0.0911919	0.0117387	0.00577279	0.030075	0.00596034	0.0281777	0.00926155	0.0431582	0.0400524	0.0292397	0.0194882	0.0448322	0.00944331	0.0255159	0.022351	0.216078	0.284678	0.0758346	0.00120444	0.00594677
161	0.0336267	0.00380811	0.0105451	0.0313919	0.00579277	0.0181752	0.0201706	0.00968416	0.437649	0.0209443	0.0100015	0.042502	0.00909105	0.0697869	0.165107	0.0547646	0.0319703	0.0146377	0.0022084	0.00814267
162	0.0173574	0.0174487	0.0106694	0.0152259	0.00560252	0.0153965	0.0357369	0.00669839	0.155379	0.0207666	0.00764366	0.0113185	0.00434805	0.033867	0.599211	0.0151074	0.0124935	0.00609236	0.00483034	0.00480672
163	0.0103714	0.0130058	0.00275457	0.00228927	0.404758	0.0166699	0.0140818	0.0223233	0.00920892	0.114233	0.025182	0.00506602	0.00864985	0.00772939	0.0101394	0.0276404	0.0110623	0.0308365	0.0134652	0.250533
164	0.371773	0.0153373	0.019329	0.0395314	0.00671184	0.0407031	0.00858147	0.0119625	0.0154135	0.0231629	0.0143419	0.0185524	0.00642297	0.0194181	0.0109365	0.277951	0.0610247	0.032254	0.00130468	0.00528799
165	0.0819389	0.0128382	0.0115036	0.0217025	0.0430813	0.0212661	0.0474386	0.109135	0.0128838	0.15108	0.0433149	0.0495169	0.00413807	0.0283019	0.0111292	0.12025	0.106154	0.077916	0.0076221	0.0387892
166	0.031257	0.0126431	0.00129699	0.00363692	0.0239246	0.00772647	0.00257486	0.358334	0.0045335	0.119718	0.0435089	0.00942973	0.00456627	0.00404886	0.00631354	0.015969	0.0276782	0.314751	0.00213741	0.00595247
167	0.517252	0.00926699	0.00624075	0.00778833	0.0107651	0.0433531	0.0042895	0.0145031	0.00960687	0.0286773	0.00916043	0.0184817	0.00906864	0.0151206	0.00626526	0.178083	0.0590374	0.0488937	0.00158811	0.00255813
168	0.572639	0.00980444	0.00358751	0.00564639	0.008374	0.0299034	0.00366974	0.0146863	0.00705149	0.0242043	0.0102978	0.013779	0.00668173	0.013744	0.00614268	0.149277	0.0659098	0.0491958	0.00289547	0.00250992
169	0.177717	0.0111695	0.00387804	0.00809291	0.0229371	0.0309702	0.00203125	0.120841	0.00189807	0.10281	0.0693889	0.0267782	0.00589174	0.026949	0.00883672	0.0986218	0.102909	0.164376	0.000566123	0.0133369
170	0.0960086	0.0162415	0.00587998	0.0351191	0.00444394	0.0384128	0.00811436	0.0216014	0.0265395	0.0258818	0.0159477	0.0798718	0.00811911	0.0267694	0.0178388	0.238246	0.299598	0.0304972	0.00115295	0.00371606
171	0.0236982	0.00981821	0.000597783	0.00301571	0.0285071	0.00660818	0.00737312	0.0699063	0.00837052	0.636813	0.0639081	0.00568519	0.00391976	0.00937766	0.0068075	0.0156809	0.017747	0.0662923	0.00134112	0.0145326
172	0.0160865	0.00180119	0.0880822	0.642652	0.00549999	0.0109795	0.00683473	0.00474438	0.0714319	0.00966268	0.00486391	0.0141982	0.0104301	0.0292899	0.0359159	0.0207	0.0108037	0.0111946	0.00109013	0.00373854
173	0.0369942	0.00389572	0.0223212	0.064172	0.00976255	0.0135491	0.0210681	0.0146263	0.326564	0.0213676	0.0125772	0.0275744	0.00640974	0.106207	0.217592	0.0366056	0.0320446	0.0186099	0.00186809	0.00618995
174	0.0502277	0.0121704	0.012235	0.0309601	0.0147593	0.0176994	0.0730414	0.0291665	0.0334915	0.0900314	0.0264564	0.0327558	0.0110807	0.355862	0.031851	0.0665061	0.0456618	0.035274	0.00243481	0.0283349
175	0.0386209	0.0133757	0.00956982	0.0139941	0.0236913	0.0125985	0.014506	0.122955	0.0296498	0.354552	0.0802582	0.0338868	0.00484472	0.0338118	0.020888	0.034124	0.0422941	0.100634	0.00345489	0.0122902
176	0.0151386	0.0155978	0.000734753	0.00228523	0.0210683	0.00567986	0.00141658	0.453808	0.00330232	0.129131	0.0271635	0.00740582	0.00726638	0.00325466	0.00482455	0.0134052	0.0168662	0.266886	0.00228517	0.0024802
177	0.103081	0.0109679	0.0368518	0.129184	0.0103608	0.0292808	0.0225856	0.0170974	0.0700158	0.0258198	0.0149813	0.0402732	0.0473824	0.113093	0.023263	0.205371	0.0495848	0.0389567	0.00228022	0.00957017
178	0.313526	0.0348679	0.00734031	0.0204085	0.00558896	0.0380099	0.00656055	0.0287219	0.013184	0.0334899	0.0249061	0.0334703	0.00589824	0.0283894	0.0125754	0.18097	0.145212	0.0593096	0.00271332	0.00485695
179	0.0328367	0.0103117	0.0247847	0.0160924	0.0135211	0.0361435	0.0342036	0.0166996	0.0190035	0.0122082	0.00670999	0.470168	0.0197452	0.0281446	0.0191017	0.159113	0.045206	0.0199889	0.0011508	0.0148659
180	0.103954	0.0090646	0.0166239	0.0253332	0.0077707	0.0318466	0.0147244	0.0160575	0.0273656	0.0306862	0.0102258	0.0328487	0.382304	0.0419493	0.0226965	0.122783	0.069042	0.0259097	0.00240179	0.00641234
181	0.0392694	0.00965927	0.00126178	0.00405795	0.0230363	0.00665856	0.00432526	0.144488	0.00697856	0.435201	0.0747626	0.00868937	0.00282414	0.0113169	0.00647415	0.0165724	0.0303374	0.163128	0.00132036	0.00963745
182	0.0223793	0.0068497	0.00052663	0.0027094	0.0256681	0.00537312	0.00485316	0.0731486	0.00806381	0.620742	0.0918159	0.00582726	0.00366325	0.00914601	0.00731973	0.0141054	0.0190693	0.0657631	0.00114916	0.0118272
183	0.0193945	0.00197135	0.114237	0.670126	0.00445199	0.0135047	0.00668437	0.0054102	0.0270634	0.00926683	0.00441503	0.0172949	0.00859469	0.0298251	0.0172436	0.0217909	0.01259	0.0114178	0.00101262	0.00370486
184	0.379533	0.0149902	0.0109616	0.0203642	0.0090801	0.0476674	0.0091283	0.0301061	0.0394329	0.0341892	0.0132232	0.0248081	0.0110425	0.0304062	0.0227243	0.169072	0.0733167	0.0525793	0.0017772	0.00559724
185	0.00530092	0.00697179	0.00188045	0.00170872	0.477159	0.0126981	0.0127694	0.0191116	0.00759378	0.0578693	0.0117699	0.00383288	0.00312155	0.00661561	0.00754533	0.0174486	0.00741409	0.0213679	0.0130475	0.304774
186	0.041371	0.0102077	0.0110851	0.00795575	0.0113944	0.660903	0.00939715	0.0081201	0.0132532	0.0239623	0.00505933	0.0507699	0.00655616	0.013539	0.0127626	0.0750724	0.0190418	0.00920293	0.00202135	0.00832503
187	0.0345235	0.0109281	0.0229498	0.0149871	0.013971	0.0326578	0.0339029	0.0149269	0.0142507	0.0115744	0.0066027	0.462843	0.0205037	0.0276746	0.0181437	0.167249	0.0565818	0.0183879	0.00133736	0.0160041
188	0.45203	0.00763839	0.0120254	0.0130038	0.0123721	0.0369837	0.00655043	0.0193467	0.0122526	0.0349694	0.0131391	0.0194353	0.04024	0.0197547	0.0063925	0.164466	0.0640179	0.0590023	0.00168332	0.00469631
189	0.0364358	0.00359087	0.00822831	0.0282063	0.00498693	0.0148679	0.0131541	0.0108613	0.494747	0.0208113	0.0123473	0.02076	0.00803361	0.0547376	0.181488	0.032708	0.025895	0.0185321	0.00214054	0.00746907
190	0.0821805	0.0168295	0.0645582	0.0551121	0.0139426	0.0385997	0.0333303	0.0360955	0.0324147	0.0751894	0.0285252	0.10454	0.00938398	0.0530357	0.0231476	0.124454	0.149011	0.0417782	0.00318256	0.014689
191	0.0513872	0.0113319	0.00237576	0.00629822	0.0164815	0.00793094	0.00315396	0.24283	0.00469306	0.172668	0.0624856	0.0103993	0.00173591	0.0103975	0.00742555	0.0184639	0.0407586	0.320003	0.00131255	0.00786749
192	0.0371699	0.00640376	0.00811589	0.0200147	0.00472819	0.0116856	0.0128989	0.0124169	0.402415	0.020735	0.0133905	0.0170747	0.00714284	0.0395273	0.286129	0.0366295	0.0308996	0.0248435	0.00342512	0.00435443
193	0.0665885	0.0116707	0.0240146	0.027899	0.0154735	0.0350148	0.0495908	0.035936	0.0283256	0.0795672	0.0265674	0.183189	0.00961151	0.0621859	0.0280917	0.134515	0.117098	0.0431037	0.00429315	0.0172637
194	0.0418379	0.0162732	0.28434	0.144109	0.0273164	0.0243142	0.0208757	0.014864	0.0293774	0.0369025	0.0127259	0.108642	0.0069505	0.0268448	0.012201	0.0994727	0.0292352	0.0256297	0.00134886	0.0367398
195	0.0459348	0.0119229	0.0130569	0.0151965	0.0645382	0.0183851	0.0214459	0.121448	0.0142329	0.206281	0.0761416	0.104715	0.00746552	0.0242459	0.0151196	0.0642797	0.0488079	0.0953473	0.00536337	0.0260711
