266	20
1	0.139192	0.0131417	0.056725	0.0468016	0.00568875	0.0692623	0.0206155	0.0139286	0.0161402	0.0170646	0.012503	0.12789	0.0178769	0.0514995	0.0250407	0.223285	0.11984	0.0166794	0.00127915	0.00554554
2	0.0651454	0.030209	0.000959272	0.00327426	0.00839566	0.00153387	0.000974785	0.254859	0.00830253	0.0743594	0.0442563	0.00163808	0.00965826	0.00185736	0.00738529	0.0436614	0.0543627	0.387058	0.000254501	0.00185439
3	0.010261	0.00486897	0.125145	0.104171	0.00877196	0.0386151	0.0877644	0.00884434	0.0697683	0.0186193	0.00301933	0.167478	0.00167802	0.130432	0.0685507	0.0941246	0.0363933	0.00342025	0.00208448	0.0159897
4	0.0321038	0.00517869	0.139596	0.0488406	0.0238522	0.118325	0.0970965	0.00437007	0.00421947	0.0152729	0.00404123	0.227785	0.00236002	0.00573236	0.0325795	0.163745	0.0231066	0.016623	0.000815587	0.0343563
5	0.22778	0.016346	0.0206872	0.0290874	0.00587355	0.116835	0.0088931	0.0120308	0.0128277	0.0160788	0.0134282	0.0485136	0.0169987	0.0404013	0.0232089	0.251641	0.110689	0.0217254	0.000799987	0.00615412
6	0.333438	0.0023426	0.00306185	0.0039108	0.0121975	0.539559	0.00296538	0.0038976	0.00372804	0.00481968	0.00397313	0.0043873	0.00256238	0.00453212	0.00376932	0.0534951	0.00859289	0.00502098	0.000758624	0.00298816
7	0.0146478	0.006034	0.00055365	0.00546441	0.0426662	0.00142174	0.00557629	0.295667	0.00192841	0.39205	0.0669938	0.000818562	0.00562326	0.00216031	0.00621845	0.00784704	0.00489813	0.127915	0.000240019	0.0112753
8	0.0543791	0.0794957	0.00260875	0.0036739	0.018103	0.00364591	0.00224706	0.168573	0.00526712	0.193824	0.0362286	0.00405344	0.00706506	0.00450211	0.00470659	0.0486989	0.0494994	0.308345	0.00061078	0.00447246
9	0.042668	0.012566	0.0292054	0.0399118	0.0131391	0.023776	0.0565084	0.0277234	0.102282	0.0349965	0.0270511	0.0668154	0.0081629	0.0548783	0.206546	0.0789059	0.121551	0.030475	0.00391862	0.0189184
10	0.0806245	0.00585573	0.0650375	0.0627773	0.00519873	0.293839	0.00666343	0.0106767	0.0185712	0.0102578	0.0128727	0.0419234	0.103307	0.0529939	0.0222705	0.141911	0.0356729	0.0172117	0.000810553	0.011524
11	0.00868547	0.0203165	0.00101737	0.00129141	0.399496	0.00446481	0.00758564	0.0165295	0.00185991	0.0930539	0.0379126	0.0116808	0.00672094	0.00247896	0.00432938	0.0158581	0.0120294	0.0258057	0.0423514	0.286532
12	0.0338807	0.014356	0.00198922	0.0245419	0.0014567	0.0207729	0.0233774	0.00384483	0.318587	0.00553355	0.0171842	0.0114132	0.00571284	0.0344323	0.418402	0.0250899	0.0156486	0.0136937	0.000391549	0.00969165
13	0.188709	0.0206176	0.0141815	0.0276268	0.00586594	0.0648089	0.00958377	0.0133284	0.0150732	0.0155235	0.0138847	0.0633698	0.0146116	0.0465746	0.0323676	0.293084	0.136856	0.0217008	0.000216038	0.00201565
14	0.19292	0.0178094	0.0169872	0.0348797	0.00580154	0.0652727	0.0108042	0.0126119	0.0138009	0.0139089	0.0154668	0.0568139	0.0186173	0.0609589	0.0292623	0.272162	0.136547	0.0231149	0.000212904	0.00204696
15	0.0433326	0.00225197	0.14561	0.0969939	0.00420629	0.0409044	0.0630437	0.0138049	0.0358037	0.0133947	0.00478451	0.182777	0.0131773	0.100181	0.0278598	0.13672	0.0595883	0.00510007	0.00320784	0.00725731
16	0.0123869	0.0212982	0.00220359	0.00341482	0.331142	0.0047595	0.0243459	0.0184007	0.00474813	0.0856557	0.0347933	0.0120812	0.00766106	0.003843	0.00447267	0.0182657	0.021189	0.0295382	0.0353199	0.324481
17	0.090628	0.00338144	0.00777658	0.0100162	0.00605441	0.0211224	0.0760749	0.0844119	0.0505269	0.159546	0.00756263	0.1187	0.00310966	0.0844468	0.0265894	0.0952714	0.075862	0.071751	0.000919586	0.0062495
18	0.015641	0.00542971	0.0955288	0.0977311	0.00770296	0.0348728	0.0814126	0.00844148	0.0769615	0.0162788	0.00315733	0.179051	0.00277612	0.136306	0.0686874	0.104458	0.0460707	0.00413514	0.00283355	0.0125244
19	0.0230875	0.00703484	0.00231737	0.00419901	0.0529294	0.00280025	0.00357461	0.127896	0.00494893	0.468421	0.131732	0.00331041	0.00547646	0.0120429	0.0056163	0.0192854	0.0278064	0.0756702	0.00297786	0.0188731
20	0.0877861	0.0675178	0.0134452	0.0255512	0.00468117	0.0250041	0.00631524	0.105191	0.0359924	0.0260898	0.0665211	0.0326131	0.00590099	0.00821376	0.00695732	0.129227	0.240512	0.105021	0.00125056	0.00620955
21	0.0876625	0.00608327	0.0452666	0.0973109	0.00659898	0.0257919	0.0217475	0.02098	0.0828156	0.0189143	0.019397	0.0870971	0.00731509	0.135571	0.100085	0.103543	0.0756235	0.0483944	0.00258452	0.00721737
22	0.152996	0.105133	0.0171977	0.0222341	0.00971544	0.0406056	0.011668	0.0173963	0.0194487	0.0547123	0.0229456	0.0410596	0.0508581	0.0340679	0.0498036	0.217824	0.0846742	0.0323537	0.0018846	0.0134215
23	0.0351262	0.0022678	0.317143	0.358502	0.00131422	0.0134595	0.00766902	0.00722879	0.024574	0.00919777	0.0131811	0.0340963	0.0101097	0.0598829	0.0146301	0.04173	0.0344163	0.00881429	0.00222947	0.00442802
24	0.014114	0.0169194	0.00487523	0.00540331	0.00318536	0.0072812	0.0064805	0.00507598	0.00594174	0.00713895	0.00876457	0.140978	0.00332463	0.0073001	0.00548209	0.278758	0.465125	0.00824202	0.000930002	0.00467982
25	0.0168121	0.00633169	0.000700149	0.0051018	0.043205	0.00150187	0.0046704	0.286027	0.00228722	0.403306	0.0717042	0.00123167	0.0073224	0.00248203	0.0054867	0.00849465	0.00590823	0.117513	0.000346889	0.00956747
26	0.0325527	0.00214094	0.3305	0.370917	0.00102927	0.0126907	0.00388211	0.00571542	0.0238819	0.0090746	0.0125455	0.0249885	0.014765	0.0583767	0.0147346	0.0344953	0.0325661	0.00900943	0.00174695	0.00438747
27	0.0170752	0.00746057	0.000560769	0.00490235	0.0428791	0.00134889	0.00456739	0.280954	0.00193693	0.392592	0.0750436	0.000778599	0.00512845	0.00223198	0.00482047	0.00873312	0.00526007	0.133596	0.000297416	0.00983301
28	0.0208161	0.0113419	0.00161521	0.0145077	0.00104009	0.0110341	0.0179251	0.00284534	0.475192	0.00604349	0.0193527	0.010346	0.00310026	0.0221876	0.330566	0.0174209	0.0174339	0.0107178	0.000332634	0.00618047
29	0.0179326	0.0058255	0.00330541	0.00484452	0.0234099	0.00505404	0.00361784	0.072696	0.00824629	0.413101	0.165159	0.00709327	0.00475928	0.0174613	0.0063553	0.0999979	0.074954	0.0545309	0.00222844	0.00942779
30	0.131365	0.00616397	0.0174331	0.0133431	0.0362827	0.0164181	0.0946998	0.0209873	0.0171396	0.0619261	0.0134218	0.12051	0.00715253	0.236439	0.0156794	0.0697118	0.0276499	0.0509805	0.00555094	0.0371457
31	0.0153956	0.00651213	0.000637351	0.00528617	0.0457281	0.00155539	0.00482174	0.268089	0.00283151	0.407958	0.0767433	0.00114369	0.00527423	0.00347114	0.00604591	0.010775	0.00825026	0.118205	0.000598194	0.0106779
32	0.194347	0.0194019	0.0142998	0.0452304	0.00489647	0.0653494	0.00875857	0.0157337	0.0136934	0.0170237	0.0142779	0.0471367	0.0157776	0.102992	0.0295115	0.24137	0.125991	0.0208534	0.000451467	0.0029032
33	0.0898823	0.0131654	0.0124022	0.0126715	0.00395301	0.0176298	0.0101256	0.0124275	0.00891502	0.0147747	0.0143316	0.0781663	0.0127891	0.0252046	0.01254	0.32063	0.308115	0.020611	0.00113722	0.0105283
34	0.0740048	0.0021406	0.337412	0.249813	0.00596511	0.0386918	0.0080177	0.0134053	0.0314517	0.00871125	0.0117652	0.0248384	0.0129167	0.0475001	0.0131377	0.0663144	0.0312783	0.0152209	0.00152358	0.00589167
35	0.030012	0.0266047	0.0125563	0.0149011	0.128666	0.0109687	0.0619197	0.0238835	0.0177878	0.0438109	0.0244682	0.0221254	0.0128338	0.0143506	0.0127762	0.0448548	0.0603529	0.0379152	0.0134721	0.38574
36	0.128834	0.00304314	0.0892011	0.0874897	0.00316903	0.264801	0.00515179	0.00506082	0.0367346	0.00524364	0.00863486	0.0343953	0.039894	0.070001	0.0338609	0.139014	0.0276341	0.00954692	0.00197173	0.00631786
37	0.0616075	0.00100209	0.136171	0.0727379	0.00122968	0.0563715	0.0369027	0.0120565	0.00989704	0.0128551	0.00473971	0.225839	0.0260565	0.0651288	0.00907838	0.164375	0.0981827	0.00242576	0.00188103	0.00146297
38	0.00883793	0.0200791	0.00103805	0.00130824	0.402458	0.00441713	0.00754513	0.0172495	0.00195588	0.0928377	0.0372278	0.0114227	0.00665606	0.00255128	0.00432233	0.0158075	0.0119506	0.0263136	0.0424657	0.283555
39	0.0148321	0.00592495	0.000562971	0.00491604	0.042606	0.00143509	0.00440407	0.270433	0.00219311	0.419799	0.080215	0.000849712	0.00515892	0.00289842	0.00463607	0.00927869	0.00660853	0.113867	0.000290326	0.00909129
40	0.192063	0.0133077	0.0173885	0.0459618	0.00485643	0.067289	0.0101384	0.0120866	0.0142956	0.0132297	0.0192977	0.0465682	0.0208698	0.134443	0.0340059	0.220963	0.103827	0.0250732	0.000734693	0.00360112
41	0.0620517	0.000944661	0.137781	0.0751186	0.00126313	0.056924	0.0364771	0.0118779	0.00960865	0.0124178	0.00483401	0.225181	0.0247406	0.06486	0.0091619	0.163961	0.0970152	0.0023384	0.00198145	0.00146138
42	0.129219	0.0101308	0.0559926	0.0941446	0.00212114	0.0190152	0.00639665	0.0498581	0.0510171	0.0125022	0.00477155	0.0489301	0.110704	0.0548487	0.00670577	0.12755	0.161992	0.0511816	0.00046992	0.00244818
43	0.0184848	0.00577843	0.000750737	0.00469132	0.0353348	0.00143161	0.00419777	0.317596	0.00196498	0.359121	0.0679037	0.00118524	0.0145095	0.00226659	0.00663444	0.00741881	0.00792308	0.134095	0.000299944	0.0084127
44	0.0989369	0.00477266	0.0108925	0.00599176	0.00294909	0.00716089	0.0255527	0.0334476	0.00508416	0.00820801	0.0184099	0.0144025	0.0383022	0.0588395	0.0194948	0.375494	0.225656	0.0110344	0.000811149	0.0345593
45	0.11273	0.0164568	0.0210667	0.0378185	0.00412888	0.00905969	0.00662361	0.0914646	0.0257803	0.0231506	0.016964	0.0245	0.091609	0.029217	0.00914303	0.186626	0.162183	0.119617	0.0011754	0.0106851
46	0.192464	0.0178624	0.0162249	0.0347083	0.00555896	0.0655268	0.010219	0.0126038	0.0142232	0.0138994	0.0155005	0.0553389	0.0188059	0.0603227	0.0296828	0.274029	0.137562	0.0229873	0.000213562	0.00226706
47	0.0917541	0.00672759	0.0382985	0.00752648	0.00288838	0.0169566	0.00330948	0.139556	0.036923	0.0693214	0.036196	0.0197691	0.0026333	0.00581721	0.00442871	0.0473376	0.36275	0.102206	0.00096037	0.00463984
48	0.0149278	0.00624837	0.000545386	0.0049986	0.0425409	0.00138454	0.00467413	0.291877	0.00196446	0.40049	0.0715383	0.000812235	0.00570184	0.00224807	0.00508456	0.00802123	0.00499983	0.121855	0.000271423	0.00981628
49	0.118669	0.00515238	0.0696982	0.109334	0.0060194	0.0283089	0.0217568	0.0308349	0.0648589	0.0162742	0.0166627	0.0376554	0.00809895	0.0967122	0.0750436	0.152694	0.0642535	0.0662316	0.0027934	0.0089484
50	0.0344118	0.0026854	0.278347	0.378759	0.0013978	0.0133929	0.00592946	0.00617708	0.0288231	0.00980326	0.0134907	0.0341129	0.00946675	0.065102	0.01758	0.0428771	0.0411193	0.00916438	0.00243544	0.00492448
51	0.0388277	0.0173446	0.00193733	0.0260094	0.00116199	0.0225234	0.0217717	0.00356145	0.327012	0.00495679	0.0163696	0.0125383	0.00450639	0.0301738	0.404284	0.0261496	0.0163168	0.0129615	0.000417268	0.0111764
52	0.130318	0.16028	0.0118984	0.0106542	0.00765552	0.00996988	0.0109203	0.0140574	0.00974562	0.190852	0.196117	0.0168475	0.00660466	0.0136892	0.0111617	0.0412758	0.122081	0.0176419	0.00265792	0.0155709
53	0.0537208	0.00807176	0.0163011	0.0281234	0.016639	0.0143404	0.0260036	0.0516029	0.170842	0.0602269	0.0391298	0.0292878	0.00196542	0.0618957	0.232705	0.0624011	0.0549317	0.0394282	0.0101026	0.0222806
54	0.0531213	0.00144121	0.134399	0.203246	0.00210047	0.0202355	0.0223738	0.00982458	0.146939	0.0145454	0.0105843	0.101507	0.00752921	0.0921081	0.0705245	0.0492874	0.034677	0.0198691	0.0013256	0.00436155
55	0.0212463	0.0112239	0.00184786	0.014599	0.00124724	0.0109792	0.0183026	0.00367783	0.472405	0.00683298	0.0196204	0.0107319	0.00307165	0.0226256	0.327569	0.0179817	0.017831	0.0114545	0.000481084	0.00627156
56	0.0139865	0.00146665	0.00153011	0.00231875	0.0362781	0.00262258	0.00194643	0.0402913	0.00441492	0.535347	0.18691	0.00286437	0.00548878	0.0202126	0.0038134	0.0278566	0.0461794	0.0535936	0.00264781	0.010231
57	0.0509705	0.0220444	0.00116645	0.00455565	0.0343837	0.00182703	0.00410101	0.248501	0.00367671	0.327976	0.0669181	0.00168244	0.00653417	0.00317927	0.0053943	0.0159447	0.0145313	0.172425	0.000432154	0.013756
58	0.105235	0.00381178	0.104805	0.142243	0.00917429	0.0276598	0.0354208	0.0298212	0.0286739	0.0115455	0.0184973	0.0358725	0.00923965	0.0797569	0.0285687	0.119688	0.105768	0.0917681	0.000944149	0.0115052
59	0.0297755	0.00226018	0.290607	0.391786	0.00135845	0.012889	0.00477426	0.00623997	0.0231592	0.00953921	0.0132339	0.0296563	0.0104341	0.066387	0.0151073	0.0380743	0.0379486	0.00892183	0.00280178	0.00504573
60	0.0081833	0.0179012	0.00109137	0.00142342	0.427887	0.00435852	0.00692803	0.0182531	0.00227283	0.0906448	0.0339837	0.0105567	0.00613509	0.00256982	0.00405341	0.0146285	0.0119722	0.0267869	0.0433278	0.267042
61	0.00889752	0.00664318	0.0996444	0.104008	0.0111578	0.0362422	0.0821309	0.00980279	0.0731358	0.0199857	0.00339217	0.173079	0.00160132	0.136256	0.082042	0.0893319	0.0404365	0.00404257	0.0018418	0.016329
62	0.0145207	0.0065015	0.000536762	0.00520689	0.0442044	0.00138576	0.00471564	0.288615	0.00200136	0.404627	0.0722885	0.000750468	0.00526642	0.0021681	0.00495033	0.00853223	0.00477122	0.119334	0.000235933	0.00938751
63	0.0469912	0.0116432	0.0125298	0.043325	0.0209249	0.0153715	0.0225398	0.0498434	0.155174	0.0637244	0.0520678	0.0291837	0.00204577	0.0702343	0.255031	0.0491522	0.0335655	0.0358873	0.0107579	0.0200075
64	0.18845	0.0210078	0.0162261	0.0237427	0.00491874	0.0534313	0.00886309	0.0122472	0.0118745	0.0150485	0.0219129	0.0551102	0.019143	0.0462559	0.0289172	0.29639	0.149097	0.0226268	0.0002657	0.00447099
65	0.0308076	0.00465135	0.00924947	0.0081487	0.00703115	0.0114972	0.0729232	0.00763441	0.00671495	0.0124199	0.00721209	0.200234	0.0039597	0.511157	0.006695	0.0421125	0.0164692	0.0118848	0.020774	0.00842455
66	0.555533	0.0262941	0.00132955	0.00168049	0.00539929	0.0457145	0.00117409	0.00182828	0.00163473	0.00789246	0.00168114	0.00204182	0.000898087	0.00238647	0.0017481	0.291064	0.0351218	0.0102923	0.0004079	0.00587752
67	0.0806836	0.0180703	0.0436061	0.0589965	0.0368441	0.0184083	0.00603791	0.0275315	0.00571922	0.0719588	0.0334083	0.030719	0.00573275	0.023638	0.00599567	0.106047	0.175037	0.191049	0.00100104	0.0595153
68	0.0908534	0.00258177	0.0726228	0.117656	0.00434174	0.290095	0.00431389	0.00570401	0.0224855	0.00657217	0.00979341	0.028234	0.0916627	0.0680712	0.0236907	0.112442	0.0158649	0.0178806	0.000876416	0.0142579
69	0.114905	0.0117083	0.0469628	0.0881415	0.00229936	0.00925175	0.00304493	0.0557586	0.0571586	0.0157635	0.00450468	0.0460871	0.152048	0.0400325	0.00371451	0.10975	0.17876	0.0565845	0.000507425	0.00301705
70	0.0152595	0.00612694	0.00217248	0.00293552	0.0323408	0.00322006	0.0024144	0.0433116	0.00516047	0.51345	0.185455	0.00386136	0.00474911	0.0182338	0.00479714	0.0408506	0.055433	0.0484694	0.00232623	0.00943293
71	0.195996	0.0199493	0.013926	0.0271073	0.00554569	0.0651404	0.00905593	0.0131232	0.0149993	0.016014	0.0136111	0.0605677	0.0142792	0.0464422	0.0330749	0.291737	0.135346	0.0217835	0.000269855	0.00203099
72	0.021956	0.0707132	0.00650473	0.00803834	0.0698982	0.00657691	0.101888	0.030176	0.030953	0.0174256	0.0152539	0.016033	0.0115364	0.00702906	0.00707061	0.0226927	0.0530629	0.0186366	0.00206176	0.482494
73	0.088799	0.00253064	0.0708377	0.107583	0.00407018	0.320299	0.00394929	0.00515698	0.0191474	0.0065987	0.00984675	0.0316292	0.0860665	0.0639818	0.0261431	0.11016	0.0158468	0.0153131	0.000808534	0.0112317
74	0.0165619	0.0198756	0.0019691	0.00249267	0.0736171	0.00193497	0.130424	0.0128761	0.014696	0.0102341	0.0144268	0.0104939	0.0148212	0.00274571	0.00224885	0.0118149	0.0149585	0.0172992	0.000612937	0.625897
75	0.0361511	0.0158717	0.00234694	0.00648849	0.0336707	0.00304367	0.004464	0.243424	0.00823195	0.280626	0.0788063	0.00410183	0.00817292	0.0069586	0.00921079	0.0247249	0.0310716	0.191792	0.000938621	0.00990361
76	0.0160663	0.0064359	0.00072674	0.00532266	0.0398482	0.00169389	0.00459229	0.294662	0.00235783	0.388152	0.0728123	0.000975607	0.00652898	0.00287703	0.00532407	0.00970342	0.00765584	0.124472	0.000324564	0.00946859
77	0.0703103	0.00201913	0.219736	0.167183	0.00388021	0.0505566	0.0228597	0.0112175	0.0244858	0.0107815	0.00983201	0.114493	0.0208757	0.0577237	0.0149953	0.124015	0.0592018	0.00949223	0.00190082	0.00444027
78	0.0492129	0.0113498	0.0768792	0.0696114	0.0102908	0.0411616	0.0411373	0.0213043	0.0549696	0.0294329	0.0172066	0.197024	0.0150623	0.0841911	0.0506689	0.11208	0.0744749	0.0255346	0.00330337	0.0151042
79	0.0498176	0.0253002	0.0013086	0.00537198	0.00946109	0.00319745	0.00121291	0.298512	0.00600515	0.0621705	0.032514	0.00192143	0.00748341	0.00195938	0.0060293	0.0378976	0.0470729	0.400476	0.000352012	0.00193651
80	0.0629394	0.0341414	0.000854523	0.00261399	0.0106051	0.0013635	0.000916736	0.245441	0.00641165	0.0863418	0.0451181	0.00144262	0.00938366	0.00168782	0.0058063	0.043726	0.0497056	0.389188	0.000228278	0.00208444
81	0.0364375	0.00687656	0.0230062	0.0281781	0.0132341	0.034902	0.0152939	0.071874	0.105423	0.184556	0.130658	0.0574393	0.00482087	0.0488417	0.0714082	0.0735327	0.0374606	0.0308037	0.00446024	0.0207932
82	0.0256721	0.00984881	0.000953244	0.00402587	0.0354373	0.00160589	0.00320869	0.215439	0.00367847	0.393526	0.100334	0.00141997	0.00605935	0.00635264	0.00487248	0.0160929	0.0187802	0.143176	0.000620147	0.0088976
83	0.0170246	0.00716369	0.000602499	0.00468097	0.0386458	0.00148479	0.00443567	0.2863	0.0024882	0.384917	0.0742374	0.00101813	0.0070217	0.00289726	0.00541451	0.010653	0.0100108	0.131637	0.000237686	0.00912881
84	0.0948817	0.0075977	0.0353881	0.0717769	0.00403855	0.0175595	0.0240468	0.0591889	0.0748921	0.0551136	0.010675	0.0989474	0.0390017	0.0720107	0.0343373	0.115579	0.122166	0.0569214	0.0012282	0.00464972
85	0.324278	0.00593693	0.00895646	0.0103583	0.0109221	0.486077	0.00329375	0.00479866	0.00492082	0.00588205	0.00459685	0.00752735	0.00647644	0.00910219	0.00644262	0.0734712	0.0146498	0.00736807	0.00103915	0.00390159
86	0.154975	0.0121158	0.0213795	0.00888581	0.00357341	0.0117348	0.00418744	0.113863	0.0334988	0.0730565	0.0549105	0.015644	0.0037506	0.00700673	0.00505571	0.0669452	0.290214	0.111591	0.000813832	0.00679949
87	0.0505353	0.00561518	0.0225686	0.0178332	0.0126016	0.0169498	0.03777	0.0666038	0.0831267	0.1978	0.0343193	0.077341	0.00373449	0.0929052	0.0787595	0.0737135	0.0436325	0.066419	0.00432824	0.0134431
88	0.0272113	0.0035855	0.0776043	0.0756276	0.00517484	0.0353941	0.0538917	0.00822019	0.144363	0.0137474	0.00600429	0.21082	0.00786979	0.10457	0.110854	0.0672754	0.0285299	0.00955949	0.00145078	0.00824567
89	0.0182034	0.00428183	0.084091	0.120198	0.00649037	0.0822235	0.0805306	0.00804572	0.113903	0.0157551	0.00599326	0.146653	0.00331077	0.109755	0.0748305	0.0643442	0.0397699	0.00866462	0.00117692	0.0117787
90	0.0484937	0.00757052	0.0273962	0.0417977	0.0110197	0.0170168	0.0230428	0.0399206	0.214052	0.0399408	0.0322781	0.0465177	0.0043539	0.0709683	0.234151	0.0501389	0.0354043	0.0328047	0.00695283	0.016179
91	0.125056	0.00233078	0.179929	0.082394	0.00439143	0.0681052	0.0274735	0.0101632	0.0232168	0.00801979	0.0079352	0.0782954	0.040702	0.0743614	0.0114988	0.181332	0.0589057	0.0109132	0.00140994	0.003567
92	0.0384408	0.0126084	0.00521255	0.0316747	0.00466974	0.0172961	0.020042	0.0137163	0.306759	0.0159283	0.0290419	0.0199737	0.00389139	0.0434581	0.357285	0.0289304	0.0197911	0.0193045	0.00227539	0.00970052
93	0.0552008	0.0682302	0.00308179	0.00595809	0.033746	0.00395875	0.00387717	0.186353	0.00467877	0.236965	0.0451914	0.00374249	0.00694586	0.0049126	0.00523188	0.0420778	0.0357792	0.243611	0.000752808	0.00970555
94	0.0402405	0.00364669	0.166554	0.0806468	0.00963091	0.0634979	0.0740645	0.00947089	0.0260745	0.0157406	0.00594131	0.187053	0.0106561	0.0596551	0.0299171	0.141675	0.0489031	0.00929127	0.00211322	0.0152278
95	0.0664741	0.0168147	0.0454962	0.0430557	0.0220652	0.0393645	0.0145524	0.0396754	0.0279487	0.0327875	0.0275591	0.0469203	0.247136	0.0397298	0.0254657	0.11404	0.0649734	0.0430102	0.00289397	0.0400368
96	0.015164	0.00501362	0.00104964	0.00517824	0.0391968	0.0018357	0.00390534	0.238441	0.00325297	0.438099	0.0961992	0.00124394	0.00527352	0.00487235	0.00483638	0.0114109	0.0116629	0.103443	0.000550993	0.00937154
97	0.20034	0.00438151	0.0401234	0.0311836	0.00976793	0.458722	0.0077043	0.00734249	0.0116441	0.00925456	0.0102265	0.0271709	0.0222309	0.0252373	0.0156636	0.0790669	0.0204239	0.0113183	0.000930913	0.0072665
98	0.0587483	0.00870479	0.0117207	0.0392362	0.0339658	0.0140186	0.0318303	0.0497269	0.140155	0.079541	0.057267	0.0409757	0.00320122	0.0586693	0.163285	0.0633047	0.0304215	0.0555697	0.0347181	0.02494
99	0.00933022	0.0181518	0.00138326	0.00219974	0.414088	0.00447233	0.00853328	0.0208054	0.00437286	0.0895797	0.0343637	0.0108849	0.00628498	0.00329218	0.00660851	0.0156141	0.0123858	0.0285365	0.0414718	0.267641
100	0.0306424	0.0024283	0.334992	0.335371	0.00135483	0.0114868	0.00407245	0.00576372	0.0353381	0.00932773	0.0150752	0.0233868	0.0340994	0.0619146	0.0142702	0.0318702	0.0340296	0.00864042	0.00171558	0.00422051
101	0.0282931	0.00321651	0.172643	0.249673	0.00425485	0.0339855	0.0399933	0.00823739	0.0353885	0.0128371	0.00898156	0.111072	0.00748347	0.091237	0.0331692	0.0860865	0.0561212	0.00655056	0.00274602	0.00802989
102	0.0148534	0.00466312	0.000895102	0.00453387	0.0366674	0.00191779	0.00374637	0.217517	0.00439437	0.437074	0.111001	0.00186967	0.00468779	0.00660289	0.00527725	0.024888	0.0177021	0.0918359	0.000648501	0.00922375
103	0.146078	0.0108394	0.0449092	0.0976135	0.00257056	0.0236797	0.0053271	0.0511558	0.0570626	0.0126442	0.00550332	0.049829	0.106088	0.0440332	0.00810237	0.12247	0.163148	0.0448652	0.000686598	0.0033939
104	0.224268	0.00918891	0.00878858	0.0105423	0.00297551	0.0219216	0.00536571	0.0086768	0.00678041	0.0344623	0.0207813	0.0303926	0.0100107	0.0321914	0.0129776	0.340552	0.161108	0.0534911	0.00057427	0.00495022
105	0.0199764	0.007145	0.000706614	0.00530009	0.0357298	0.00182218	0.00452651	0.306109	0.00239205	0.345861	0.0630599	0.001122	0.00948605	0.00234291	0.00845096	0.00952342	0.0097358	0.156916	0.000316618	0.00947757
106	0.169509	0.0263611	0.0124535	0.0291128	0.00528055	0.0593628	0.0124031	0.0187997	0.0183035	0.0173512	0.0163052	0.0704739	0.0129486	0.0415463	0.0296842	0.286719	0.14202	0.0285972	0.000325232	0.0024423
107	0.0589883	0.00138726	0.135451	0.0677888	0.00266369	0.0595044	0.0366347	0.0110657	0.00876769	0.015107	0.00503684	0.234077	0.0220729	0.0552415	0.0101226	0.168469	0.0985266	0.00379604	0.00165799	0.0036419
108	0.076006	0.0124443	0.0134331	0.018959	0.0304888	0.00739301	0.00866633	0.0907479	0.00802179	0.131498	0.0736839	0.0143808	0.0331248	0.0333315	0.00873498	0.0611994	0.0899551	0.204062	0.00200431	0.0818651
109	0.24094	0.00231944	0.0415218	0.13337	0.00118633	0.0729965	0.0040004	0.00430165	0.0686254	0.00374902	0.00269521	0.0252453	0.00255173	0.0909801	0.0541226	0.185265	0.0484122	0.00539136	0.0057651	0.00656056
110	0.0351014	0.00198765	0.35383	0.351256	0.00116647	0.0130584	0.00439902	0.00628745	0.023249	0.00915175	0.0118569	0.025195	0.0109378	0.0538444	0.0131974	0.0395451	0.0310798	0.00886563	0.00170824	0.00428317
111	0.0246948	0.00902845	0.000929583	0.00424252	0.0362865	0.00171936	0.00367895	0.235096	0.00306404	0.395671	0.0901506	0.00130456	0.00663344	0.00510621	0.00543038	0.0144663	0.0163283	0.136288	0.000643925	0.00923669
112	0.00831013	0.018671	0.00106282	0.0014375	0.418205	0.00440504	0.00703796	0.0188079	0.00227573	0.0914613	0.0350707	0.0108695	0.00635158	0.00255395	0.00415658	0.0150926	0.0118968	0.0275361	0.0426592	0.272139
113	0.0115838	0.00461456	0.108234	0.10621	0.00836028	0.0387331	0.0832595	0.00764552	0.0782597	0.017436	0.00286284	0.170542	0.00205603	0.133546	0.0757089	0.0935946	0.0370484	0.00374505	0.00222119	0.0143381
114	0.0903364	0.0161911	0.0416286	0.0537773	0.0287149	0.0165142	0.00542108	0.0334234	0.00877298	0.0708838	0.0364938	0.0329194	0.00665916	0.020684	0.00620804	0.105155	0.196385	0.175648	0.000942401	0.0532416
115	0.0492755	0.0228066	0.000947001	0.00412276	0.0156279	0.00198704	0.00221362	0.27851	0.00472165	0.159971	0.0470531	0.00211111	0.0109703	0.00220595	0.00657336	0.0290918	0.0358369	0.321475	0.000293303	0.0042065
116	0.0147155	0.00477818	0.00112906	0.00424612	0.0379196	0.00185675	0.00390749	0.215562	0.00326043	0.460154	0.102348	0.00182459	0.00469979	0.00583327	0.00497366	0.0141546	0.0145286	0.0947527	0.000436363	0.00891916
117	0.0219273	0.00412927	0.00359268	0.0179758	0.00485534	0.0136665	0.00299455	0.518583	0.00452794	0.0280139	0.00827643	0.00476682	0.00344944	0.00457575	0.00738003	0.0137205	0.0222532	0.309771	0.000971989	0.00456862
118	0.0384193	0.00198743	0.367	0.336344	0.00154101	0.0148915	0.00401232	0.0065894	0.024848	0.00947796	0.0117399	0.0226933	0.012596	0.0516587	0.0125843	0.0373491	0.0297307	0.0104627	0.0013753	0.00469832
119	0.0872399	0.0115112	0.00922037	0.00957743	0.00359996	0.0157162	0.00901657	0.0127001	0.00723148	0.0145002	0.0153172	0.071855	0.0126076	0.0232364	0.0119519	0.335314	0.31747	0.0203461	0.000923631	0.0106652
120	0.0662487	0.0157245	0.052729	0.0493803	0.0233986	0.0383149	0.0109729	0.0442977	0.0284313	0.0444974	0.0278295	0.0456727	0.240821	0.0368579	0.0220796	0.108754	0.0646142	0.0482894	0.00270918	0.0283771
121	0.0312056	0.0149047	0.000766546	0.0044798	0.0278867	0.0016232	0.00354023	0.290622	0.00331137	0.279448	0.0568418	0.00129826	0.00875255	0.00207673	0.00605504	0.0180021	0.0202516	0.221167	0.000271979	0.00749531
122	0.0182075	0.0138269	0.00432614	0.00846647	0.12177	0.011294	0.00759382	0.188075	0.00813084	0.314022	0.065022	0.00797128	0.0072588	0.00996814	0.0084084	0.0201535	0.016202	0.116784	0.00539185	0.0471282
123	0.0535017	0.0040103	0.0538868	0.0671605	0.0102327	0.0232349	0.0243906	0.0339262	0.16205	0.0443611	0.0313641	0.0875554	0.0101838	0.105858	0.126688	0.0775828	0.0300065	0.0342558	0.00402366	0.0157275
124	0.0680869	0.00105466	0.146028	0.0969506	0.00423941	0.119061	0.0231897	0.00972999	0.0128067	0.0117769	0.0112048	0.159272	0.0365609	0.0654509	0.0152954	0.142258	0.0673688	0.00573587	0.0011582	0.0027706
125	0.0581955	0.0825833	0.0666511	0.0724722	0.0594453	0.0350882	0.0536017	0.014377	0.0150593	0.0255465	0.0129423	0.115674	0.00525868	0.0250385	0.0413983	0.148883	0.0648594	0.0556282	0.00186457	0.0454336
126	0.0146863	0.00651293	0.00053899	0.00543122	0.0436112	0.00136935	0.00476952	0.28778	0.00208516	0.40639	0.0719243	0.000786874	0.00532282	0.00229436	0.00484598	0.0089205	0.00490005	0.118413	0.000248369	0.00916922
127	0.0135356	0.00172626	0.0014477	0.00241806	0.0386673	0.00240949	0.00202592	0.0555479	0.00416028	0.528675	0.179441	0.00269377	0.00525831	0.0184358	0.00372199	0.0268387	0.0436523	0.0568788	0.00241967	0.0100458
128	0.0299254	0.00989655	0.0863633	0.0926321	0.00566923	0.0288369	0.0488049	0.00952792	0.0651939	0.0129518	0.00560253	0.174481	0.00558462	0.0974601	0.0742308	0.135405	0.0979658	0.00951564	0.00152271	0.00842966
129	0.0308903	0.0022174	0.297132	0.383532	0.00171206	0.0131485	0.00560844	0.00612293	0.0247718	0.00992176	0.0130019	0.0284875	0.011334	0.0646203	0.0145606	0.037835	0.036211	0.0102512	0.00232776	0.00631426
130	0.0142971	0.00208718	0.00210366	0.00322058	0.0318778	0.00344584	0.00283876	0.0395767	0.0055232	0.482142	0.192401	0.0043885	0.00531798	0.0286828	0.00479353	0.0285098	0.0522936	0.0837926	0.00266169	0.0100454
131	0.0178104	0.0042129	0.117601	0.129536	0.00695768	0.0342838	0.072159	0.00784298	0.0837912	0.0160486	0.00414274	0.161821	0.00328275	0.122169	0.0737283	0.0869925	0.0383514	0.00512271	0.00220772	0.0119382
132	0.0553142	0.0257792	0.00104358	0.00344436	0.00770893	0.00193078	0.00120305	0.294298	0.00551253	0.103886	0.0458613	0.00186628	0.0194679	0.00219468	0.00789454	0.0344714	0.0448837	0.341095	0.000245764	0.00189861
133	0.035068	0.00226821	0.286943	0.366953	0.00233855	0.0165039	0.00658713	0.00664234	0.0278238	0.0104562	0.0131299	0.0328716	0.0105971	0.0637831	0.0169012	0.0434353	0.0384983	0.0109867	0.0022176	0.0059947
134	0.0147983	0.00584425	0.000622189	0.00540344	0.042012	0.0018017	0.00582821	0.299774	0.001934	0.385125	0.066092	0.000910013	0.00536408	0.0022211	0.00604844	0.00773601	0.00511515	0.130385	0.000296418	0.0126887
135	0.0152278	0.00594282	0.000578078	0.00489794	0.0409078	0.00138775	0.0045654	0.300573	0.00186062	0.387207	0.0718356	0.000852942	0.00705419	0.00207728	0.00532309	0.00763894	0.00544556	0.126635	0.000231793	0.00975822
136	0.0350803	0.0119649	0.00626405	0.0276877	0.00881463	0.0161337	0.0208703	0.0205718	0.260487	0.0267422	0.0358937	0.0180615	0.00381864	0.0468742	0.365842	0.0321266	0.0242434	0.0204462	0.00358251	0.0144943
137	0.17455	0.0152789	0.0369648	0.0402037	0.00511868	0.0689421	0.014927	0.0138342	0.0154547	0.0175371	0.0145434	0.09783	0.0166136	0.0481705	0.0264377	0.243682	0.123231	0.0196819	0.000784666	0.00621379
138	0.0559362	0.0101958	0.0122125	0.0268161	0.0136598	0.015482	0.0321923	0.0691944	0.166695	0.0447986	0.0639413	0.0279317	0.00343013	0.0460074	0.158718	0.11056	0.0728613	0.0458905	0.00878939	0.0146873
139	0.0334993	0.0106366	0.00389682	0.00528302	0.032668	0.0049281	0.00445897	0.0717298	0.0092362	0.466401	0.173945	0.00579276	0.00654146	0.0175802	0.00874887	0.0283507	0.0431823	0.0583214	0.00236019	0.0124395
140	0.0221801	0.00501594	0.0301439	0.114085	0.00808126	0.00965227	0.0417336	0.0585765	0.128016	0.105057	0.123273	0.0189284	0.00318814	0.0733649	0.0854722	0.0311417	0.0273355	0.0241195	0.00359357	0.0870422
141	0.023282	0.0113349	0.00211978	0.0156884	0.00156585	0.0118544	0.0186267	0.00469078	0.452719	0.00760627	0.0192809	0.010878	0.00317337	0.0240612	0.335198	0.020285	0.0178777	0.0118063	0.00064202	0.00730917
142	0.183501	0.00958995	0.0128803	0.0388772	0.00652302	0.0683134	0.0104941	0.011173	0.010866	0.0732848	0.0451858	0.107596	0.00716594	0.0175568	0.0127185	0.240163	0.0689321	0.0164287	0.00196414	0.0567857
143	0.0125822	0.0172992	0.00286611	0.00382619	0.332451	0.00581536	0.00812376	0.0169681	0.00498266	0.0948729	0.0326597	0.0129498	0.00673111	0.00607321	0.00686252	0.0182891	0.0157803	0.0251486	0.105966	0.269753
144	0.0157916	0.00629592	0.00108341	0.00541652	0.0448758	0.00177414	0.00551602	0.280365	0.00261821	0.393584	0.0711851	0.00179595	0.00594665	0.00379587	0.00606007	0.00902686	0.00651254	0.123337	0.000527323	0.0144927
145	0.020836	0.00434414	0.136849	0.170127	0.00706828	0.0351319	0.0721811	0.010058	0.0516867	0.0164424	0.00707663	0.127002	0.00390263	0.132232	0.0520179	0.0873021	0.0412916	0.00866173	0.00249261	0.0132966
146	0.15605	0.00215734	0.256537	0.0974309	0.00314271	0.0560201	0.0205918	0.00902384	0.0449744	0.00568508	0.00595462	0.0294726	0.0184276	0.06379	0.0196134	0.161997	0.0323049	0.00986989	0.00232814	0.0046283
147	0.00978695	0.0159962	0.00185287	0.00359205	0.366417	0.00429957	0.00695868	0.0521444	0.0034819	0.145409	0.0462777	0.00917534	0.00789811	0.00488582	0.00586169	0.0156602	0.0131688	0.0429079	0.0337766	0.210449
148	0.0175257	0.0188584	0.00198844	0.00261532	0.071556	0.00194022	0.132445	0.0125686	0.014001	0.0108089	0.015697	0.0102402	0.0146336	0.00281653	0.0023537	0.0118066	0.0144567	0.0176796	0.000682857	0.625326
149	0.0595645	0.000997013	0.0767244	0.100046	0.00195985	0.0228619	0.0293944	0.0112514	0.202315	0.0141573	0.00972296	0.147159	0.00887197	0.105302	0.107122	0.0492785	0.0296527	0.0200487	0.000917715	0.00265336
150	0.00822082	0.0180484	0.00106753	0.00136462	0.427677	0.00433006	0.00693442	0.0176948	0.0021995	0.0903322	0.0339992	0.010628	0.0059668	0.0024727	0.00403776	0.0146874	0.0120414	0.0264757	0.0434159	0.268406
151	0.0677871	0.0829999	0.00388023	0.00615219	0.00895945	0.00663867	0.00317003	0.212609	0.00894042	0.0637325	0.0354194	0.00693459	0.0108362	0.00503335	0.0073103	0.106417	0.0547691	0.303235	0.000663352	0.00451293
152	0.0149314	0.00604244	0.000576979	0.005648	0.0415622	0.00142363	0.00530068	0.27154	0.00306633	0.414068	0.0758679	0.0010385	0.00492975	0.00363204	0.00505187	0.0116489	0.00772346	0.116394	0.00028943	0.00926484
153	0.0607822	0.0015884	0.120838	0.0821246	0.00506094	0.310354	0.00818857	0.00634612	0.0129932	0.00746084	0.0146536	0.0802018	0.0589228	0.0539027	0.0191713	0.113508	0.0289011	0.00879403	0.00079703	0.00540942
154	0.0711259	0.00143627	0.12033	0.0823561	0.00391886	0.288152	0.0102198	0.00598759	0.0147226	0.00650764	0.0109556	0.0798348	0.0524777	0.0581196	0.0183902	0.127236	0.0347101	0.00784969	0.000944718	0.00472537
155	0.126193	0.0118822	0.0486447	0.0954405	0.00191225	0.0104313	0.00364702	0.0574611	0.0557239	0.0137225	0.00381636	0.0472242	0.121105	0.0453525	0.00357899	0.112638	0.183181	0.055075	0.000440843	0.00252935
156	0.141941	0.0111656	0.0565236	0.0453179	0.00457688	0.0380807	0.0143503	0.018423	0.0198576	0.0176852	0.0189692	0.0638512	0.0292533	0.0449487	0.0206521	0.256214	0.158173	0.0279681	0.00157549	0.0104739
157	0.252607	0.001869	0.0409839	0.134534	0.00116126	0.0771037	0.00332286	0.00415172	0.0683633	0.00367775	0.00232171	0.0217498	0.0023521	0.089938	0.0526948	0.181098	0.0447335	0.00448775	0.00610654	0.00674274
158	0.0297795	0.002458	0.271698	0.395762	0.00130109	0.0127971	0.00568772	0.00667391	0.0238877	0.00938467	0.0140614	0.0355539	0.00830788	0.0662708	0.0167005	0.0421353	0.04213	0.00782234	0.00312676	0.00446218
159	0.0600686	0.0327249	0.000876972	0.00268017	0.00906288	0.0013952	0.000912002	0.255223	0.0069072	0.0754157	0.0421012	0.00149615	0.0096733	0.00170168	0.00620052	0.0450983	0.0529822	0.393585	0.000251841	0.00164378
160	0.0184098	0.00665082	0.00272415	0.00434246	0.0365019	0.00305516	0.00348561	0.0904313	0.0059178	0.490923	0.162761	0.00396884	0.00595651	0.0167554	0.00568982	0.0255441	0.038347	0.0646932	0.00228142	0.0115601
161	0.0512015	0.213361	0.0591284	0.0257075	0.00461092	0.11901	0.00589266	0.0071915	0.0791945	0.0484564	0.0272217	0.0651969	0.00507809	0.046824	0.0248507	0.13142	0.06871	0.00918788	0.0015379	0.00621905
162	0.034822	0.00260717	0.274651	0.368121	0.00129379	0.0129756	0.00742562	0.0061256	0.0316307	0.00974232	0.0138798	0.0382649	0.011787	0.0647384	0.0207538	0.0429394	0.0420283	0.00916101	0.0023485	0.00470378
163	0.0148206	0.00628766	0.000538317	0.00519525	0.0432222	0.00138198	0.00468207	0.290222	0.00199728	0.403416	0.0717195	0.000770739	0.00533504	0.00215761	0.00483664	0.0083791	0.00479	0.120354	0.000245626	0.00964799
164	0.0188168	0.00878725	0.00270507	0.00603638	0.0425948	0.00344464	0.00449584	0.151136	0.00608734	0.462617	0.117598	0.00405071	0.00542684	0.0115507	0.00670387	0.0220501	0.0255467	0.0814046	0.00218918	0.0167578
165	0.246363	0.0016767	0.0418689	0.137169	0.00117473	0.0763873	0.003468	0.00400846	0.0705436	0.00338671	0.00241923	0.0213974	0.00231225	0.0918374	0.0532154	0.18125	0.0438281	0.00454626	0.00595922	0.00718801
166	0.0542792	0.00801291	0.0715205	0.153399	0.0121263	0.0265941	0.0224754	0.0349402	0.0966964	0.0342163	0.0306613	0.0423015	0.00863091	0.0671653	0.136995	0.0596052	0.0494381	0.0679646	0.00424783	0.0187304
167	0.350279	0.0172842	0.0178725	0.0311427	0.00683287	0.131403	0.0072621	0.0103933	0.0169791	0.0121805	0.00831125	0.0263563	0.009478	0.0339763	0.0178778	0.203551	0.0744409	0.0168256	0.00133021	0.00622347
168	0.0484016	0.00412597	0.332638	0.247645	0.00397772	0.0275529	0.0129881	0.0110728	0.0283893	0.0121087	0.0139841	0.0502299	0.0159021	0.0520667	0.0173407	0.0622926	0.0390688	0.01217	0.00169819	0.00634693
169	0.0427302	0.00939404	0.0131717	0.0298137	0.0303033	0.0142263	0.0214371	0.0438648	0.155846	0.0617484	0.0502217	0.0267123	0.00297193	0.0563256	0.278789	0.049256	0.0437182	0.0312112	0.00934381	0.028915
170	0.0486396	0.00925519	0.0167041	0.0382585	0.0148367	0.0262722	0.0311743	0.0578802	0.158886	0.0528754	0.0656012	0.04577	0.002746	0.0603923	0.209059	0.0549585	0.0474859	0.0343298	0.0092992	0.0155759
171	0.296548	0.00639366	0.00418732	0.0037888	0.00280536	0.010048	0.00280362	0.00782225	0.00402413	0.0416165	0.0111765	0.0112356	0.00396363	0.0188923	0.00467237	0.346361	0.141471	0.0775107	0.000693804	0.00398485
172	0.0147266	0.00612019	0.000522552	0.00515773	0.0434668	0.00143318	0.00495493	0.297671	0.00192506	0.393398	0.0683457	0.000760311	0.00570285	0.0021205	0.00575378	0.0078434	0.00480338	0.124561	0.00023454	0.0104986
173	0.0337029	0.0099762	0.0136135	0.053719	0.00695249	0.0118834	0.0131765	0.0512181	0.0194778	0.0152114	0.0416952	0.157722	0.0061434	0.0629132	0.111565	0.0842697	0.214449	0.0805583	0.00254195	0.00921183
174	0.0272911	0.0196478	0.00115128	0.00494021	0.0459281	0.00207684	0.00412452	0.258968	0.00323545	0.31634	0.0636633	0.00180159	0.00588999	0.00317334	0.00508525	0.0211777	0.0162319	0.186766	0.000684591	0.0118224
175	0.149575	0.0140082	0.0187455	0.0153592	0.00482162	0.0119169	0.00376382	0.0881635	0.0230992	0.0446594	0.0329194	0.0173366	0.0120655	0.0109156	0.00550285	0.134845	0.278843	0.125626	0.000841824	0.00699179
176	0.0150118	0.00682655	0.000580296	0.00520274	0.0426954	0.00153799	0.00530294	0.292117	0.00192132	0.391982	0.0675151	0.000816063	0.00518024	0.0021028	0.0059677	0.00781851	0.00492087	0.130389	0.00024447	0.0118673
177	0.0530533	0.0115836	0.0772935	0.0700636	0.0200512	0.0396189	0.0366084	0.0201778	0.0504193	0.0297601	0.0188148	0.202642	0.019752	0.0689642	0.0461194	0.116451	0.0710914	0.0223374	0.00397014	0.021228
178	0.21457	0.0084528	0.00966438	0.0110455	0.00347182	0.0204205	0.00675833	0.014017	0.00855567	0.040871	0.0179831	0.0264438	0.00997342	0.027568	0.0119027	0.333396	0.172144	0.054447	0.000677056	0.00763736
179	0.0145626	0.00633765	0.000525011	0.00513193	0.0442692	0.00140411	0.00465347	0.287345	0.0019988	0.404989	0.0732598	0.000751784	0.00527871	0.0022528	0.00494889	0.00847976	0.00493987	0.119039	0.000240468	0.00959176
180	0.0503807	0.00213539	0.114983	0.0773433	0.00479554	0.309532	0.0187093	0.00572615	0.0218898	0.00890289	0.0111229	0.0807809	0.0457448	0.0702804	0.0318243	0.104311	0.0255179	0.00795025	0.000609881	0.00746009
181	0.110433	0.0194465	0.0155371	0.0219901	0.00502717	0.0472251	0.0219858	0.0147788	0.0134417	0.0144201	0.0242224	0.105427	0.00921402	0.0290078	0.0218111	0.252877	0.235257	0.0317701	0.000746926	0.00538113
182	0.0388424	0.00228177	0.2648	0.371421	0.00350233	0.0158036	0.0060659	0.00717375	0.0335	0.0125242	0.0144237	0.0302966	0.00890283	0.0635917	0.0148353	0.0444158	0.0420846	0.0156338	0.00189649	0.00800373
183	0.0401418	0.0018477	0.311481	0.348824	0.00431897	0.0184928	0.00527809	0.0084599	0.0266962	0.0126045	0.0144796	0.0225374	0.0109595	0.0565137	0.0115006	0.0399856	0.0360294	0.0199114	0.00137256	0.00856451
184	0.0403689	0.00887358	0.0154278	0.0370255	0.0125156	0.0142566	0.0282107	0.0439438	0.204013	0.0498098	0.0410948	0.0257029	0.00295635	0.0539809	0.271727	0.0442632	0.036349	0.0275232	0.00712894	0.0348285
185	0.0585168	0.00834391	0.019423	0.0646913	0.0190104	0.0186078	0.019838	0.0433912	0.175092	0.0535559	0.0466933	0.0477046	0.00306762	0.0808692	0.186736	0.0554899	0.0331273	0.0439253	0.00943423	0.0124821
186	0.0587797	0.00103278	0.0776051	0.100315	0.00202084	0.0223159	0.0295002	0.0113779	0.199545	0.0141121	0.0101283	0.147509	0.00956495	0.104411	0.107666	0.0507587	0.0299631	0.0196256	0.00104253	0.00272623
187	0.0147379	0.00437303	0.000786407	0.00408193	0.0388931	0.00171967	0.00358558	0.208467	0.00290917	0.45644	0.109948	0.00130165	0.0049064	0.00679758	0.00430594	0.0146375	0.0161987	0.0963835	0.000748457	0.00877868
188	0.00868547	0.0203165	0.00101737	0.00129141	0.399496	0.00446481	0.00758564	0.0165295	0.00185991	0.0930539	0.0379126	0.0116808	0.00672094	0.00247896	0.00432938	0.0158581	0.0120294	0.0258057	0.0423514	0.286532
189	0.0940358	0.0443299	0.0277663	0.0402842	0.00820115	0.0245758	0.0085243	0.0348141	0.030182	0.0222845	0.0185473	0.0411415	0.171967	0.0350428	0.0168016	0.176583	0.146995	0.0427623	0.00173098	0.0134301
190	0.0544002	0.0324097	0.0104819	0.0561827	0.004318	0.0125347	0.0213553	0.00852575	0.0513262	0.00856609	0.0068703	0.164474	0.00363972	0.0629354	0.0662809	0.258092	0.16023	0.0119532	0.0011312	0.00429197
191	0.0136956	0.00954529	0.00145656	0.00540922	0.104689	0.0018454	0.00482768	0.26902	0.00603489	0.342508	0.0654069	0.00195676	0.00790789	0.00405036	0.00878341	0.00864273	0.0054203	0.116123	0.00129244	0.0213853
192	0.19096	0.00516041	0.0418468	0.0333381	0.011204	0.438866	0.00875728	0.00841802	0.0163373	0.00921177	0.00924673	0.0337074	0.020537	0.0301873	0.0196535	0.0812856	0.0229875	0.010815	0.00107557	0.0064053
193	0.0512346	0.00728452	0.0205403	0.0256495	0.0178446	0.0135811	0.0252804	0.0514501	0.170303	0.0613032	0.0357561	0.0323957	0.00193735	0.0635322	0.231213	0.0664736	0.0511979	0.0339774	0.00947351	0.0295724
