220	20
1	0.0760156	0.00995435	0.0212527	0.0169677	0.0063794	0.265625	0.00836795	0.00812478	0.0285339	0.00769554	0.0066007	0.0598669	0.0061177	0.0294619	0.0177991	0.266487	0.139864	0.0150529	0.00127464	0.00855871
2	0.00726648	0.00154618	0.00248869	0.0023005	0.000662033	0.00477992	0.00962394	0.00271831	0.625604	0.00257473	0.00393144	0.0170567	0.00546884	0.00542988	0.257692	0.0253315	0.0164083	0.00851961	0.000180774	0.000415477
3	0.029352	0.00377398	0.0277441	0.0627783	0.00441977	0.0430538	0.0110675	0.00628163	0.360399	0.00783804	0.00497033	0.0519325	0.00578643	0.014328	0.291055	0.0209937	0.0381301	0.0121804	0.00116743	0.00274822
4	0.16415	0.0191413	0.0107847	0.0182391	0.0698722	0.275624	0.0123406	0.0186424	0.0918897	0.0249364	0.0160781	0.0356238	0.0113449	0.0260191	0.0368725	0.0695895	0.0417362	0.0294396	0.00306643	0.0246096
5	0.0841602	0.0116501	0.00519612	0.00420148	0.00739373	0.100756	0.00667082	0.119107	0.128114	0.136457	0.00923677	0.0522936	0.00720432	0.112498	0.028743	0.0703468	0.0201723	0.0859253	0.00148629	0.00838792
6	0.050271	0.00741328	0.00810846	0.0116074	0.00786767	0.0571222	0.014005	0.0206946	0.321797	0.0564364	0.0141323	0.0270145	0.0295712	0.0828603	0.197025	0.041636	0.0238544	0.0182514	0.00196585	0.00836606
7	0.0869887	0.00703906	0.0111255	0.0163736	0.00787138	0.0742271	0.0107845	0.0195531	0.238653	0.0380205	0.02048	0.0354369	0.0775529	0.108525	0.109669	0.0569343	0.047444	0.0265446	0.00175725	0.00501956
8	0.00669947	0.000466328	0.00243594	0.0023296	0.000469397	0.00473876	0.00973129	0.00238003	0.629746	0.00237964	0.00380249	0.0171418	0.00519572	0.00507835	0.256883	0.0251996	0.0163192	0.00847273	0.000177312	0.00035291
9	0.262366	0.0360994	0.0031834	0.00394493	0.00287803	0.011059	0.00289587	0.165133	0.00699865	0.0325539	0.0166838	0.0079589	0.00263545	0.0354231	0.00860227	0.0439259	0.133222	0.221553	0.000905241	0.00197826
10	0.112227	0.0344044	0.00157334	0.00140916	0.00628158	0.00909065	0.00130856	0.154711	0.00755306	0.0472745	0.0125907	0.00682928	0.00085057	0.0380948	0.00615197	0.0274024	0.0291143	0.501877	0.000428512	0.000826951
11	0.0219826	0.000975793	0.371246	0.381101	0.00425804	0.0147063	0.00505649	0.00145876	0.0189206	0.00294108	0.00495545	0.0348917	0.00406059	0.0504061	0.00449068	0.0388903	0.0234233	0.0147485	0.00079865	0.000687812
12	0.219246	0.00885776	0.0101474	0.0241204	0.0081726	0.0405722	0.00789736	0.0136188	0.0289049	0.016349	0.0263886	0.0372758	0.195699	0.0853232	0.0287547	0.0783432	0.122536	0.0401641	0.00309843	0.00452997
13	0.00939348	0.00695907	0.0047706	0.00164671	0.168191	0.00552967	0.0108985	0.102631	0.00665285	0.370733	0.0995297	0.00540251	0.00407886	0.00688219	0.00723091	0.0138139	0.00956116	0.0860381	0.00223245	0.0778248
14	0.17985	0.00126763	0.0014422	0.00969478	0.00156099	0.0109625	0.00661715	0.00197358	0.0120765	0.00212741	0.00146049	0.0283253	0.00124405	0.0640245	0.0109583	0.41897	0.231923	0.0138913	0.000683174	0.000947306
15	0.00685301	0.000498882	0.0026987	0.00277199	0.000476324	0.00504591	0.00967242	0.00239806	0.626672	0.00247764	0.00382502	0.0176199	0.0051972	0.00534538	0.257888	0.0250163	0.0164505	0.00851903	0.000224455	0.000348782
16	0.011992	0.00275273	0.00429409	0.00468298	0.00285296	0.00827146	0.0114177	0.00501085	0.586096	0.00659022	0.00530999	0.021341	0.00631733	0.0146757	0.244044	0.0290479	0.0199095	0.0100733	0.000922502	0.0043977
17	0.0189658	0.000746514	0.35111	0.428242	0.00378425	0.0139281	0.00545774	0.00115722	0.0177888	0.00221834	0.0056665	0.0280721	0.00397576	0.0516236	0.00419777	0.0278081	0.0229475	0.0115231	0.000315314	0.000472236
18	0.0754277	0.012135	0.0573271	0.140093	0.0201561	0.0308901	0.0181099	0.0188115	0.0400162	0.103254	0.0161955	0.0272227	0.0090544	0.0924367	0.0418129	0.0689571	0.0415827	0.0304359	0.134722	0.0213593
19	0.00932001	0.0119991	0.00197661	0.00177862	0.372904	0.00363021	0.0490878	0.0203966	0.00980101	0.0366989	0.003257	0.00953989	0.0012025	0.00411901	0.0246587	0.00795859	0.0225132	0.00568681	0.0192347	0.384237
20	0.0178359	0.00123305	0.454706	0.255664	0.00490194	0.0120874	0.00358994	0.00169373	0.0135228	0.00248661	0.00353022	0.0582511	0.00375071	0.0411737	0.00344629	0.0694425	0.0261438	0.0250171	0.000767999	0.000755014
21	0.00795992	0.0122967	0.00464482	0.000766697	0.0374993	0.00220398	0.000883259	0.461637	0.00160746	0.0686652	0.0296475	0.00276962	0.000608014	0.00570808	0.00167506	0.00473954	0.0142595	0.341147	0.000263106	0.00101842
22	0.00864037	0.00118672	0.00392846	0.00552272	0.000796835	0.00686683	0.0096922	0.0041518	0.602772	0.00272985	0.00406977	0.0201129	0.0048949	0.00644392	0.261054	0.024911	0.0199019	0.0113567	0.000325692	0.000641899
23	0.285042	0.0256018	0.012188	0.0247486	0.0139423	0.0821002	0.0104543	0.0389196	0.0394596	0.0248565	0.0156151	0.0322124	0.0207361	0.0455722	0.032863	0.117391	0.0827237	0.0824666	0.00448247	0.00862438
24	0.089406	0.0126864	0.0122637	0.0194018	0.0306562	0.0371049	0.0106501	0.0671093	0.037584	0.0648916	0.0910895	0.0378297	0.180778	0.0583819	0.031221	0.0650349	0.0824543	0.0587792	0.00388112	0.00879632
25	0.147992	0.00308954	0.00890426	0.0129785	0.00302133	0.0739433	0.00593018	0.0363705	0.0566827	0.0241486	0.00506621	0.102931	0.00459627	0.0219397	0.0228288	0.225347	0.190309	0.0508558	0.000981763	0.00208321
26	0.0284961	0.0102587	0.00222816	0.00184996	0.0687754	0.0271747	0.00203744	0.197131	0.0193068	0.117922	0.0782816	0.0548554	0.0492335	0.0421146	0.00548714	0.0869872	0.0837632	0.120881	0.000814849	0.00240121
27	0.0280601	0.0157983	0.0119728	0.00659051	0.282055	0.0162317	0.0300098	0.0607414	0.0239269	0.116278	0.0216858	0.0231399	0.00959503	0.0248646	0.0281039	0.0373887	0.0315091	0.0697927	0.00804061	0.154214
28	0.0692114	0.00243324	0.0217018	0.0554624	0.00234108	0.0183056	0.0195583	0.105107	0.0538598	0.0120112	0.00595122	0.0966648	0.00659028	0.048169	0.0339508	0.0761361	0.173252	0.197421	0.00068296	0.00118985
29	0.00944413	0.000901855	0.00622078	0.00851821	0.00102329	0.0104037	0.00961533	0.00301073	0.59206	0.0040521	0.00422679	0.0235999	0.00556657	0.00702422	0.263153	0.0231942	0.0180085	0.00847017	0.000346856	0.00115991
30	0.0553978	0.00680404	0.124545	0.00851915	0.00222931	0.0966411	0.00313449	0.00315799	0.0644488	0.00457935	0.00286875	0.323977	0.00720054	0.0863803	0.0065328	0.131376	0.0624806	0.0053665	0.000976947	0.0033832
31	0.029478	0.0240226	0.00353455	0.000764025	0.0393876	0.00399489	0.000979142	0.338287	0.00149132	0.0656848	0.0232761	0.00247345	0.00073819	0.00906551	0.00160205	0.00816182	0.0169874	0.428514	0.000219322	0.00133826
32	0.278556	0.0230112	0.0120636	0.0190711	0.0114924	0.364101	0.00768645	0.0101434	0.0203991	0.0120071	0.00897393	0.0290841	0.0101964	0.0266807	0.0172789	0.0711645	0.0346655	0.0325471	0.00156364	0.00931477
33	0.0306915	0.0404941	0.00481308	0.00538707	0.191538	0.0149357	0.0295749	0.0150565	0.141769	0.0473718	0.00579011	0.0343573	0.00494939	0.01499	0.124802	0.0197635	0.0216683	0.0113789	0.0112611	0.229408
34	0.0777325	0.0310875	0.0231448	0.0216205	0.0170329	0.0311502	0.0107809	0.0263819	0.0413337	0.0351989	0.0244812	0.0420821	0.0144903	0.0425559	0.0338644	0.154625	0.307152	0.0480527	0.00281027	0.0144218
35	0.0242388	0.0303328	0.00695376	0.00292133	0.178509	0.0163143	0.00672344	0.120189	0.0132956	0.195123	0.0410404	0.0254654	0.0584138	0.0255758	0.00647671	0.0710317	0.0428871	0.115153	0.00121462	0.0181406
36	0.0999814	0.0445825	0.00200491	0.0012725	0.0172002	0.0147872	0.00134548	0.202851	0.00453128	0.0502347	0.0208283	0.00663909	0.00248517	0.0191193	0.00445192	0.0256913	0.0479952	0.432843	0.0002449	0.000910705
37	0.0653037	0.00441668	0.0058496	0.00357419	0.0023161	0.0176496	0.00864894	0.00355248	0.0237022	0.00363646	0.00262085	0.0901485	0.0031435	0.0479462	0.0261653	0.350588	0.330953	0.00665078	0.000750392	0.00238375
38	0.0156287	0.00209826	0.0227699	0.0301575	0.00222281	0.0167574	0.0175258	0.00319785	0.459718	0.00573182	0.0042348	0.0363177	0.00434956	0.00988751	0.310282	0.0201103	0.0263915	0.0090674	0.000893467	0.00265802
39	0.0412878	0.00278201	0.00233283	0.00293928	0.00264279	0.00928181	0.00643614	0.00375777	0.0156094	0.00393748	0.00265413	0.0222925	0.00287946	0.0198043	0.0154784	0.323236	0.513677	0.00626709	0.000801686	0.0019025
40	0.232921	0.00141757	0.00332909	0.0311471	0.00186515	0.030293	0.00336799	0.00296995	0.015566	0.00302789	0.0128537	0.0342321	0.0254688	0.148051	0.00855487	0.260067	0.145394	0.036914	0.00104027	0.00152087
41	0.157731	0.103704	0.0190991	0.0145947	0.015148	0.286875	0.0103392	0.0205234	0.0253473	0.0236587	0.0104894	0.0402069	0.00971999	0.0277045	0.0224021	0.0833397	0.0609209	0.0535214	0.00303213	0.0116428
42	0.0209833	0.00822814	0.008509	0.0089331	0.0113501	0.0139085	0.00828637	0.0138316	0.0121721	0.186736	0.162337	0.0552008	0.00752819	0.0990542	0.0117638	0.0253622	0.320694	0.0170783	0.00310479	0.00493737
43	0.00702201	0.000564634	0.00309752	0.00351645	0.000615311	0.00523737	0.00970864	0.00232169	0.622417	0.00243936	0.00372662	0.0184126	0.00503656	0.00506019	0.25935	0.0246927	0.0168511	0.00912572	0.000202093	0.000601785
44	0.0284783	0.0125206	0.00379904	0.00324376	0.0444035	0.0218714	0.00286661	0.202606	0.0224078	0.124775	0.0475085	0.0533824	0.025507	0.0354088	0.0128993	0.106212	0.0757265	0.171208	0.00086566	0.00430921
45	0.25071	0.041928	0.00900126	0.0165312	0.010865	0.0366304	0.00702278	0.0796017	0.0166045	0.0318028	0.0149233	0.0209982	0.00603103	0.029519	0.0191144	0.0860943	0.0686566	0.246781	0.00141689	0.00576782
46	0.104536	0.00306318	0.028539	0.029181	0.0048082	0.0254938	0.00942667	0.0804938	0.0440761	0.0128375	0.0105832	0.0700178	0.00646648	0.0319616	0.048577	0.184286	0.169062	0.133942	0.000871797	0.00177693
47	0.0177257	0.000772777	0.37952	0.399134	0.00385449	0.0128108	0.00510616	0.00126583	0.0161035	0.00212769	0.00520247	0.0314924	0.00397442	0.0480638	0.00383609	0.0313747	0.023282	0.0135301	0.000344302	0.000478854
48	0.190344	0.005111	0.00647877	0.036039	0.0629911	0.224448	0.00866135	0.00638715	0.0113778	0.0081373	0.0342024	0.0414179	0.00458521	0.0123493	0.0125302	0.156932	0.0451457	0.0405258	0.00155209	0.0907839
49	0.0162297	0.0127138	0.00331539	0.00145829	0.0431194	0.00455203	0.00187601	0.248154	0.00538726	0.312709	0.0829635	0.00478388	0.00234481	0.0112216	0.00380851	0.0142763	0.0161322	0.199708	0.00047182	0.014774
50	0.0180983	0.00263535	0.00414429	0.00557513	0.00237835	0.0106863	0.00910561	0.0047657	0.563886	0.0095189	0.0116225	0.0189716	0.0116771	0.0167655	0.249506	0.0290687	0.0191306	0.00952645	0.000403692	0.00253384
51	0.0674515	0.0143604	0.0211005	0.022795	0.0216793	0.206669	0.137485	0.0288871	0.0410592	0.0331457	0.0158902	0.0433249	0.011196	0.0733206	0.0490487	0.075699	0.0543485	0.0354597	0.00831202	0.0387676
52	0.030103	0.0100085	0.0132405	0.0181581	0.0135544	0.0207166	0.0137949	0.01433	0.405471	0.016773	0.00891975	0.0316611	0.00862034	0.0244645	0.260445	0.0379362	0.0352383	0.0206326	0.00483572	0.0110956
53	0.0324316	0.0192331	0.00341225	0.000815231	0.0240059	0.00405892	0.000857685	0.336749	0.00169762	0.0524807	0.0212377	0.00255183	0.000579963	0.0121332	0.00186741	0.00799986	0.0152689	0.461816	0.000295855	0.00050671
54	0.0178918	0.00773675	0.0146071	0.00218735	0.271277	0.00387663	0.0150201	0.0736467	0.00423846	0.310898	0.0337288	0.00536327	0.00928381	0.0057884	0.0042789	0.0169301	0.00770923	0.14034	0.000995653	0.0542012
55	0.0438253	0.00360146	0.265268	0.342844	0.0085774	0.0242874	0.00963086	0.00855603	0.0371369	0.0127016	0.00944662	0.032749	0.00623263	0.0686339	0.0208257	0.0445956	0.0336269	0.0201395	0.00332224	0.00399911
56	0.168334	0.0615542	0.00136276	0.00103972	0.00553327	0.013669	0.00117952	0.138003	0.00293831	0.0454645	0.0154325	0.00383524	0.000850291	0.023076	0.00453598	0.0287142	0.052338	0.43082	0.000341811	0.000978244
57	0.0314713	0.279854	0.00899706	0.00602036	0.00674881	0.0175164	0.00642959	0.0083084	0.0100228	0.0101642	0.00605331	0.165861	0.00654481	0.0208148	0.010577	0.290808	0.0896602	0.0143844	0.00184063	0.00792322
58	0.0175223	0.0107875	0.00583307	0.00295853	0.0771569	0.00649975	0.00586123	0.133977	0.00845359	0.417335	0.100505	0.00897768	0.00479842	0.0125844	0.012609	0.0196932	0.0189566	0.106985	0.0015006	0.027006
59	0.363253	0.0223124	0.00717293	0.0175365	0.0123012	0.309718	0.00657136	0.0118472	0.0126275	0.00995069	0.0104723	0.0186278	0.00783393	0.0203458	0.0162415	0.0552872	0.0257568	0.0608991	0.00139603	0.00984865
60	0.0248534	0.00315053	0.386403	0.232775	0.00611162	0.0287721	0.00577822	0.0101751	0.0233969	0.00708487	0.00694696	0.0606882	0.00532711	0.0466184	0.0136958	0.0747161	0.0329555	0.0253438	0.00197563	0.00323133
61	0.0070828	0.00734587	0.00264954	0.00164005	0.0481438	0.00386751	0.00277736	0.140312	0.00520692	0.471603	0.132762	0.00579381	0.00305903	0.0118952	0.00415958	0.0126578	0.0189041	0.0969439	0.00071998	0.0224759
62	0.0854377	0.00334824	0.0662813	0.00357415	0.00301184	0.114835	0.00282485	0.00358677	0.127239	0.00420762	0.00308875	0.373113	0.00353712	0.069747	0.00606524	0.0841915	0.0353281	0.00641332	0.00127787	0.00289131
63	0.0301955	0.013673	0.184643	0.0225504	0.00261708	0.118354	0.00341276	0.00395238	0.0289374	0.00461763	0.00318347	0.221435	0.012067	0.0763301	0.00713365	0.192853	0.0596979	0.00802739	0.000768062	0.00555204
64	0.0198585	0.000765998	0.358383	0.409281	0.00402757	0.0132427	0.00545272	0.0012596	0.0182883	0.00240112	0.00506559	0.0325742	0.00447067	0.0523477	0.00428827	0.0312432	0.0229055	0.0131504	0.000464447	0.000529411
65	0.0199873	0.000775715	0.354064	0.419265	0.00381795	0.0138227	0.00535134	0.00119725	0.0183236	0.00249155	0.00536754	0.0290868	0.00397568	0.0522747	0.00424502	0.0302351	0.0226751	0.0120797	0.000489669	0.000474219
66	0.0147006	0.00279079	0.0371922	0.0321948	0.00381562	0.00685089	0.104448	0.0217275	0.0757759	0.0117539	0.0239601	0.0766444	0.00224763	0.504699	0.0321053	0.00963338	0.0146522	0.0220641	0.00124193	0.00150199
67	0.423802	0.0025073	0.00243467	0.0194761	0.00273897	0.0075906	0.0190802	0.00396747	0.00550151	0.00386293	0.00302595	0.0268278	0.00173758	0.0229297	0.0137512	0.328737	0.0618438	0.0470442	0.00113291	0.00200881
68	0.00907043	0.0122328	0.00159933	0.00176984	0.371303	0.00359475	0.0499459	0.0196297	0.00974575	0.0342439	0.00328631	0.00959726	0.00123184	0.00403516	0.0250847	0.0078506	0.0228186	0.00417555	0.019567	0.389218
69	0.00742498	0.000603326	0.00330391	0.00411037	0.000593198	0.00569009	0.00974558	0.00256862	0.620042	0.00263911	0.00394299	0.0187531	0.00511728	0.00561039	0.259325	0.0245659	0.0169411	0.00830918	0.000233986	0.000480267
70	0.0286902	0.00401828	0.0151906	0.0100443	0.00535133	0.022889	0.0115947	0.00999675	0.470155	0.00878802	0.00565423	0.0729408	0.00578924	0.0316728	0.194916	0.046724	0.0334375	0.015934	0.00123721	0.00497506
71	0.00576683	0.00999593	0.00466893	0.000729431	0.0343654	0.00204451	0.000816431	0.49364	0.00146612	0.0674905	0.0339201	0.00282643	0.0006073	0.00502549	0.00145873	0.00375026	0.0151303	0.315471	0.00024686	0.000579515
72	0.00676497	0.000529918	0.00273227	0.00267535	0.000508866	0.00511484	0.00981479	0.0023853	0.626426	0.00261195	0.00377225	0.0175085	0.00511341	0.00507681	0.25835	0.0250137	0.0164534	0.00843652	0.000187659	0.000523599
73	0.0136844	0.00922673	0.00813101	0.00326755	0.180809	0.00638211	0.00947139	0.107213	0.00701432	0.355129	0.0731682	0.00834314	0.00988162	0.00966471	0.00627022	0.0220412	0.0149673	0.108164	0.00155544	0.0456149
74	0.0404496	0.0486236	0.00765874	0.0126343	0.00910859	0.0249503	0.0104871	0.122446	0.146252	0.0353714	0.00865312	0.0278637	0.00659366	0.0846952	0.14564	0.0795015	0.0869677	0.0912707	0.00297559	0.00785644
75	0.156421	0.0530923	0.00139578	0.00121159	0.0097958	0.0114613	0.00113769	0.159765	0.00321494	0.0463127	0.0215319	0.00487252	0.00183722	0.0232307	0.00423904	0.0316467	0.0595666	0.408044	0.00034031	0.000881639
76	0.0212745	0.000877809	0.345315	0.419352	0.00373557	0.0158463	0.00555456	0.00129532	0.0184988	0.00280502	0.00634694	0.028214	0.00397545	0.0545217	0.00469109	0.0315874	0.0231242	0.0117403	0.000741079	0.000503495
77	0.0187909	0.000740934	0.353995	0.423971	0.00376642	0.0142361	0.00541997	0.00116863	0.0176814	0.00219944	0.00562141	0.0288442	0.00394525	0.0512748	0.00419264	0.0286752	0.0229421	0.011738	0.000321316	0.000475819
78	0.0169587	0.0124445	0.00363932	0.000809132	0.0269767	0.00266812	0.000919956	0.397709	0.00180346	0.0538979	0.0234042	0.00282569	0.000574308	0.0103712	0.00190497	0.00528433	0.0115841	0.425416	0.00027902	0.000528909
79	0.103156	0.00303	0.191159	0.242884	0.00432222	0.0225512	0.00698207	0.00392304	0.0467586	0.0275222	0.00563705	0.0168741	0.00294632	0.16055	0.0155537	0.0882007	0.0254282	0.0121595	0.018192	0.00217088
80	0.115876	0.0151098	0.0347557	0.0325448	0.0150265	0.352919	0.0126117	0.0193339	0.0341254	0.0196685	0.0110169	0.0600902	0.00968325	0.0384797	0.031114	0.102096	0.0477942	0.029175	0.00290679	0.0156729
81	0.00672728	0.00046676	0.00245098	0.00234393	0.000469613	0.00475522	0.00972999	0.00237957	0.62958	0.00237932	0.00381831	0.0171825	0.00519134	0.00508024	0.256912	0.0252103	0.0163281	0.00846382	0.00017731	0.000352932
82	0.0611298	0.0112294	0.0207586	0.00575591	0.00329119	0.0369086	0.0093649	0.00669345	0.0270447	0.00847349	0.00429888	0.157296	0.0066295	0.0718465	0.0485659	0.336807	0.166734	0.0094277	0.00133963	0.00640463
83	0.133859	0.10352	0.0020951	0.00158654	0.0161207	0.0123409	0.00186271	0.124818	0.0064526	0.0688556	0.012174	0.00617872	0.00214632	0.0181396	0.008021	0.0319736	0.0567543	0.389424	0.000466051	0.00321215
84	0.045019	0.0158226	0.00553362	0.00712327	0.0201333	0.0280044	0.00716024	0.146651	0.085583	0.18417	0.0296245	0.0312094	0.00746728	0.0575071	0.0651567	0.0527651	0.0428528	0.155544	0.00159214	0.0110803
85	0.151449	0.278721	0.0035984	0.00371853	0.00523161	0.020362	0.00326367	0.015895	0.00860298	0.022474	0.00429002	0.0136929	0.00348831	0.0181078	0.0157861	0.121255	0.217763	0.0780187	0.00108158	0.0132001
86	0.0395614	0.0133086	0.0328075	0.00854644	0.00695638	0.095892	0.0142825	0.00868654	0.0219369	0.0178129	0.0079559	0.174635	0.00947698	0.154044	0.0207846	0.260367	0.0508543	0.0147567	0.00209211	0.0452422
87	0.0136045	0.00902561	0.00702024	0.00178737	0.170615	0.00618852	0.00834698	0.158193	0.00732888	0.299298	0.0667872	0.00874436	0.0112901	0.00892328	0.00532831	0.0223421	0.0174877	0.13443	0.00121701	0.0420426
88	0.0521542	0.00928875	0.00643749	0.00588021	0.121103	0.0195967	0.143036	0.0143676	0.0145364	0.0256619	0.00869507	0.0517469	0.00399703	0.0140576	0.0259776	0.0330486	0.0238542	0.0128292	0.0543032	0.359428
89	0.0689592	0.0108389	0.0546601	0.0912557	0.0111092	0.400506	0.0103014	0.0101229	0.0165925	0.0107409	0.0093485	0.0479346	0.00680691	0.0281976	0.0155236	0.134073	0.0408603	0.0200427	0.00237665	0.00974946
90	0.00758076	0.00636257	0.00330416	0.00232631	0.0862719	0.00362026	0.00306709	0.116215	0.00520692	0.431665	0.179743	0.00490275	0.00294509	0.00878392	0.0040789	0.0144	0.0141186	0.0819642	0.000726887	0.0227161
91	0.0109417	0.00306775	0.511336	0.0642754	0.00343142	0.0200487	0.00207027	0.00352221	0.00704034	0.00366674	0.00293226	0.112194	0.0035433	0.0244553	0.0046972	0.165345	0.0384531	0.0163825	0.000897565	0.00169998
92	0.00388929	0.00663318	0.00211345	0.000974526	0.0536087	0.00212967	0.00191449	0.145895	0.00279073	0.48886	0.135098	0.00294231	0.00223085	0.00663299	0.00229003	0.0111188	0.00780976	0.0991676	0.000405198	0.0234947
93	0.0580139	0.0101301	0.0135849	0.0189367	0.00875929	0.0253001	0.0129964	0.0230226	0.247091	0.0163118	0.0128261	0.0455212	0.00944706	0.0375515	0.114924	0.117644	0.185465	0.0323437	0.00233232	0.00779711
94	0.0578245	0.00377134	0.00360907	0.00481105	0.00423226	0.0184371	0.0094115	0.00647904	0.063538	0.00607097	0.00510201	0.0501007	0.00326222	0.0297069	0.0818389	0.266873	0.371761	0.00943297	0.000997969	0.00273906
95	0.0229323	0.00666122	0.407942	0.140183	0.00502275	0.0307776	0.0050698	0.00348262	0.0225088	0.00442606	0.00467858	0.119843	0.00504252	0.044799	0.0111646	0.106216	0.0380002	0.0180271	0.00128036	0.0019418
96	0.00686956	0.000471159	0.00269554	0.00280346	0.000491452	0.00507443	0.00972078	0.00248295	0.627075	0.00257495	0.00393278	0.0174469	0.0052297	0.00524952	0.257244	0.0251263	0.0164829	0.00849517	0.000177828	0.000354706
97	0.00337092	0.00671596	0.00203452	0.000881809	0.0479739	0.00179834	0.00187871	0.147978	0.00243532	0.500865	0.130254	0.00223282	0.00127889	0.00649504	0.0022599	0.00906022	0.00686435	0.101023	0.000365479	0.024235
98	0.073388	0.156784	0.00723574	0.0072682	0.0855403	0.020571	0.0118948	0.0165548	0.117147	0.0309722	0.00974784	0.0289472	0.0079391	0.0210153	0.214925	0.038009	0.031538	0.0227265	0.00401159	0.093785
99	0.0549044	0.0109159	0.0113348	0.013194	0.0275482	0.12051	0.0877771	0.0132924	0.0188251	0.0191642	0.0137933	0.0408563	0.00793473	0.03667	0.0214608	0.274903	0.0348737	0.0233604	0.00880895	0.159873
100	0.00400724	0.00687423	0.00208929	0.000922794	0.0493497	0.0020128	0.00188672	0.147076	0.0025339	0.496132	0.131959	0.00267248	0.00176284	0.00681217	0.00229039	0.00981794	0.00734301	0.100313	0.000358693	0.0237869
101	0.00869432	0.0110022	0.00449809	0.000803071	0.0337373	0.00250912	0.000849839	0.4741	0.00206366	0.0694809	0.0337348	0.0034866	0.0010332	0.0062028	0.00198328	0.00545082	0.0165039	0.322771	0.000287038	0.000808721
102	0.00688468	0.000476259	0.00255402	0.0026003	0.000646406	0.00507215	0.00997829	0.00237809	0.626714	0.00265693	0.00398855	0.0174668	0.00523577	0.00524326	0.25756	0.0249221	0.0162907	0.00846622	0.000177395	0.000688004
103	0.00855889	0.00130868	0.00388469	0.00494933	0.00135976	0.00624392	0.00976715	0.0029962	0.609299	0.00345317	0.00414723	0.0196487	0.00523589	0.00663311	0.257788	0.0256162	0.0178515	0.00925224	0.000582654	0.00142375
104	0.0579021	0.0180999	0.0224497	0.0389323	0.0556694	0.0322765	0.0312076	0.0250804	0.0637611	0.0457553	0.0168646	0.0370654	0.0172592	0.0509536	0.146889	0.0594141	0.0501372	0.0326615	0.136628	0.0609934
105	0.0382669	0.0815022	0.0121553	0.00937694	0.0900903	0.0230898	0.0117313	0.0582336	0.0238188	0.0991033	0.0283882	0.0351597	0.0218632	0.1446	0.0213427	0.116656	0.113656	0.0582087	0.00278066	0.00997586
106	0.0287845	0.00262593	0.00247128	0.00301706	0.00321475	0.0062071	0.00544278	0.00427143	0.0112295	0.00454555	0.00290442	0.0164949	0.00323053	0.0155045	0.0141748	0.285189	0.581641	0.00615247	0.000847585	0.00205036
107	0.0218561	0.0101669	0.00870924	0.00977275	0.0149918	0.0137359	0.00963012	0.0268778	0.0129161	0.203828	0.149272	0.0444784	0.0099332	0.0722595	0.0126016	0.0321842	0.309283	0.0286533	0.00381261	0.00503745
108	0.00901899	0.0106027	0.00440407	0.000737587	0.0331982	0.0023245	0.000862143	0.479729	0.00153666	0.0728148	0.0363917	0.00298391	0.000741609	0.00566207	0.00155075	0.00466763	0.0160362	0.315446	0.000248594	0.00104289
109	0.0431635	0.004275	0.275983	0.354576	0.00600241	0.0262499	0.0088589	0.00624287	0.028137	0.0078185	0.00759192	0.0359149	0.00674957	0.0621764	0.0164167	0.0485712	0.0332113	0.022436	0.00343123	0.00219378
110	0.129545	0.303782	0.00346528	0.00383312	0.00395809	0.0167399	0.00338439	0.00851462	0.00692405	0.0137242	0.0036103	0.0207215	0.00269378	0.0235138	0.00966369	0.17081	0.218635	0.0391778	0.000849077	0.0164548
111	0.0277934	0.00928785	0.0572725	0.0120581	0.154928	0.0187072	0.102483	0.0155399	0.0167773	0.0151511	0.0111038	0.112069	0.00595434	0.185327	0.0669591	0.0298418	0.129353	0.0198733	0.00360546	0.0059163
112	0.106883	0.0344921	0.00154333	0.00104219	0.00782674	0.00833053	0.00122399	0.154883	0.00297188	0.0386698	0.0160892	0.00380381	0.000780753	0.0277344	0.00321274	0.0190513	0.0273395	0.543244	0.000317591	0.000559428
113	0.0191909	0.00105316	0.426357	0.304075	0.00461163	0.0128326	0.00435941	0.00180184	0.0147368	0.00246776	0.0039753	0.0454424	0.00355585	0.0412876	0.0037252	0.0528808	0.0326168	0.0237209	0.000664459	0.000643788
114	0.139028	0.0452633	0.00123813	0.00104473	0.00656836	0.0102322	0.00116019	0.142544	0.00243036	0.0403544	0.0151673	0.00319324	0.00070645	0.0251161	0.00322607	0.0221692	0.0390651	0.500549	0.000332352	0.000611009
115	0.00789811	0.000572982	0.00339847	0.00393343	0.00063466	0.00614824	0.00967654	0.00267717	0.618973	0.00268109	0.00403861	0.0184517	0.0053686	0.00553493	0.256975	0.025269	0.0182863	0.00862891	0.000234668	0.000618539
116	0.0737172	0.0210872	0.0097647	0.010745	0.00710921	0.0238942	0.00748882	0.0165554	0.0331158	0.0120719	0.00811661	0.0362828	0.00697423	0.0351002	0.0269943	0.26872	0.369966	0.0268968	0.00125594	0.0041433
117	0.157252	0.00199676	0.00333783	0.00833507	0.00176558	0.0162556	0.0071904	0.0029923	0.0179521	0.00286311	0.00217117	0.0421693	0.00245494	0.0649751	0.0155538	0.3989	0.237884	0.0138967	0.000729603	0.00132441
118	0.0280994	0.00425508	0.388357	0.225782	0.00769041	0.0215126	0.00797665	0.00854028	0.0201941	0.0115611	0.00814687	0.062509	0.00505914	0.0546649	0.0110602	0.0745775	0.0340254	0.0216628	0.00189729	0.00242801
119	0.0444761	0.0100684	0.0471983	0.046372	0.0082228	0.50557	0.00659435	0.00566469	0.0105189	0.00728426	0.00625089	0.069778	0.00555589	0.0179649	0.0119851	0.141544	0.0344108	0.0115605	0.00149632	0.00748295
120	0.0116375	0.0122134	0.00428274	0.00171202	0.327999	0.0051534	0.0379296	0.04186	0.0148347	0.100982	0.0174992	0.0097027	0.0034406	0.00543176	0.0242229	0.0114049	0.0188097	0.0308332	0.0141928	0.305858
121	0.0234184	0.00963849	0.00205207	0.00206036	0.0725211	0.0283187	0.00209605	0.17907	0.0233708	0.108019	0.0868742	0.0418214	0.0346724	0.0383429	0.00836921	0.0860031	0.0976011	0.152048	0.000654741	0.00304792
122	0.0033746	0.00697924	0.00202753	0.000868562	0.0468512	0.00186719	0.00177499	0.153234	0.00247476	0.495535	0.129194	0.00227158	0.00130935	0.00656413	0.00226185	0.00925361	0.0071881	0.102894	0.000367234	0.0237094
123	0.0629526	0.010163	0.0113878	0.0144317	0.0119154	0.0357714	0.0132644	0.0130674	0.239752	0.0307357	0.0178688	0.0279099	0.112679	0.0436656	0.228774	0.0447777	0.0478055	0.020235	0.00356216	0.00928091
124	0.00336656	0.00664767	0.00203877	0.000883399	0.0484489	0.00179813	0.00187956	0.147475	0.0023738	0.500454	0.131002	0.00223859	0.00128707	0.0063682	0.00224295	0.00915476	0.00682675	0.101068	0.000364519	0.0240819
125	0.0563071	0.0225421	0.0141772	0.0138681	0.208352	0.0431368	0.0173629	0.056301	0.0268228	0.086823	0.0298693	0.0319463	0.016062	0.0292408	0.0253707	0.123094	0.0554051	0.0745425	0.00465257	0.0641238
126	0.207994	0.174654	0.00183492	0.0020404	0.00348151	0.0173621	0.00198482	0.0754211	0.00450829	0.0467836	0.00924828	0.00514439	0.00194326	0.0134985	0.0140383	0.0543536	0.127917	0.234669	0.000694755	0.00242877
127	0.00550055	0.00919179	0.00433615	0.000716256	0.0384233	0.00209869	0.000980551	0.456394	0.00186129	0.118446	0.0487421	0.00306264	0.0012536	0.00520283	0.00158041	0.00498805	0.0145625	0.278418	0.000278738	0.0039626
128	0.389842	0.0293535	0.0045798	0.00664844	0.00736296	0.435627	0.00442312	0.00419885	0.00902758	0.00500881	0.00480644	0.00941026	0.00232259	0.00783171	0.00622868	0.038009	0.0117909	0.0194655	0.00092976	0.00313285
129	0.0365405	0.0157499	0.01112	0.00667701	0.180622	0.0267164	0.0119415	0.0877723	0.0155222	0.118106	0.0364113	0.0272071	0.0181307	0.0233698	0.0173469	0.108442	0.0634085	0.164907	0.00252133	0.027488
130	0.0987298	0.0135498	0.0125723	0.0167555	0.021774	0.0338991	0.0119047	0.0400619	0.0354973	0.0352573	0.0297014	0.0407858	0.136283	0.0596251	0.0327219	0.0991893	0.227229	0.0443573	0.00353393	0.00657184
131	0.00669947	0.000466328	0.00243594	0.0023296	0.000469397	0.00473876	0.00973129	0.00238003	0.629746	0.00237964	0.00380249	0.0171418	0.00519572	0.00507835	0.256883	0.0251996	0.0163192	0.00847273	0.000177312	0.00035291
132	0.00677974	0.000466312	0.00243245	0.00233022	0.000469377	0.00474846	0.00972793	0.00237903	0.629501	0.00240633	0.00381997	0.0171441	0.00526712	0.00508877	0.256906	0.0252187	0.0163198	0.0084645	0.000177312	0.000353048
133	0.0390899	0.0106742	0.0141886	0.0214137	0.0161535	0.0719524	0.078909	0.117946	0.0428525	0.0201514	0.0140247	0.0324578	0.00895049	0.207932	0.12401	0.0401783	0.0960348	0.0341155	0.00331829	0.00564659
134	0.243363	0.00184001	0.00435706	0.0428856	0.00231107	0.0473649	0.00332994	0.00357906	0.0311216	0.00480251	0.0314522	0.0472826	0.0871228	0.15389	0.0127161	0.119561	0.109678	0.0499098	0.00134899	0.00208292
135	0.0562308	0.00729109	0.102489	0.00694712	0.00245291	0.100786	0.00280867	0.00363178	0.0704951	0.00495221	0.00284959	0.342398	0.00816646	0.0784713	0.00699454	0.130241	0.0623415	0.00577729	0.000957319	0.00371833
136	0.0583635	0.00829371	0.0571828	0.0610266	0.0126125	0.0321028	0.0471559	0.0268468	0.0694085	0.0271158	0.0181434	0.0561638	0.0122744	0.300909	0.0427466	0.0705026	0.0578174	0.0332378	0.003863	0.00423301
137	0.0561694	0.0124192	0.00365324	0.00437906	0.00708992	0.0198158	0.00365229	0.188515	0.0484021	0.099022	0.0105764	0.0367559	0.00380565	0.0794435	0.0332041	0.0564583	0.0294688	0.301293	0.0011093	0.00476628
138	0.00803905	0.000641996	0.00250215	0.0023959	0.00063255	0.00509353	0.00975334	0.00237684	0.622098	0.00334621	0.00451354	0.0173144	0.00585822	0.00599591	0.257408	0.0268509	0.0161444	0.00838407	0.000184699	0.000466216
139	0.00669947	0.000466328	0.00243594	0.0023296	0.000469397	0.00473876	0.00973129	0.00238003	0.629746	0.00237964	0.00380249	0.0171418	0.00519572	0.00507835	0.256883	0.0251996	0.0163192	0.00847273	0.000177312	0.00035291
140	0.108957	0.0121015	0.0156278	0.0141061	0.0165982	0.0299667	0.0654404	0.0222685	0.0367649	0.0192183	0.0114611	0.141339	0.00816022	0.047151	0.0303134	0.111805	0.263108	0.035292	0.00274022	0.00758112
141	0.0979571	0.306942	0.00396493	0.00355881	0.00439845	0.0156975	0.0033076	0.00620227	0.00800421	0.00946675	0.0038309	0.022969	0.00263527	0.0320308	0.00928069	0.187222	0.235957	0.0232868	0.000986078	0.0223012
142	0.0167367	0.0151866	0.00565292	0.0040504	0.204026	0.0105614	0.0330745	0.0598414	0.0182598	0.210225	0.0418185	0.0146963	0.00541197	0.0111901	0.0326725	0.022651	0.0226569	0.0535632	0.0120669	0.205658
143	0.324907	0.0242779	0.0144903	0.0232191	0.0121914	0.304889	0.00718864	0.0104846	0.0212474	0.0133722	0.00904326	0.0220707	0.00814378	0.024466	0.0194834	0.0705633	0.0375821	0.039983	0.00314729	0.0092497
144	0.0235435	0.00221948	0.0171025	0.0244014	0.00282445	0.00622032	0.0937139	0.0114099	0.133338	0.0143785	0.0124923	0.046004	0.00215318	0.523662	0.0489482	0.00925999	0.013678	0.0121976	0.00112036	0.00133276
145	0.09286	0.00163246	0.00251653	0.00420036	0.0021924	0.0175526	0.0142481	0.00273868	0.047678	0.00335354	0.00296398	0.0356448	0.001605	0.0415294	0.0398272	0.361987	0.318377	0.00712004	0.000697914	0.00127509
146	0.163193	0.00516942	0.0694932	0.0432078	0.00565686	0.0737115	0.0150799	0.00821129	0.0426069	0.0361911	0.00861954	0.0511605	0.00810201	0.127994	0.0630097	0.191943	0.0571952	0.0183563	0.00645902	0.00464015
147	0.0202496	0.00310105	0.0184545	0.0344497	0.00438358	0.00918327	0.107468	0.0134495	0.10836	0.0230238	0.0157497	0.0435311	0.00233224	0.49959	0.0541485	0.009008	0.0167454	0.012692	0.00193747	0.00214363
148	0.0229408	0.0182233	0.00390855	0.000685835	0.0282083	0.00305227	0.00080468	0.388031	0.0019031	0.0623512	0.0232133	0.00299962	0.000529374	0.0119017	0.00203242	0.0066647	0.0133961	0.408353	0.000330254	0.00047118
149	0.00890077	0.000539042	0.00249229	0.00251784	0.000546727	0.00489799	0.0098709	0.00263826	0.621387	0.00261514	0.0040796	0.0184351	0.00544262	0.00610824	0.254514	0.0272601	0.018783	0.0083519	0.000225481	0.000393669
150	0.15913	0.0038007	0.108676	0.150856	0.00454629	0.0218524	0.00734715	0.00551078	0.0576523	0.0268492	0.00788973	0.0147961	0.00575003	0.206546	0.0189418	0.113916	0.0351551	0.0161103	0.0320809	0.0025918
151	0.00977503	0.00967899	0.0039822	0.000779548	0.0374755	0.00236828	0.00121051	0.416696	0.00240198	0.149976	0.0535548	0.00342105	0.00119831	0.00650965	0.00206369	0.00665878	0.0149293	0.271231	0.000300325	0.00578923
152	0.0266915	0.0211086	0.0072595	0.00785295	0.166188	0.0193714	0.0710716	0.0183073	0.059033	0.0716209	0.0090444	0.0265136	0.00768018	0.0201345	0.152092	0.0266291	0.0258262	0.0158988	0.0164181	0.231258
153	0.0514879	0.00399704	0.00418285	0.00409574	0.00366125	0.027303	0.00707095	0.00661049	0.435107	0.0355222	0.020594	0.0176345	0.0382968	0.0528279	0.219103	0.0398835	0.0180625	0.009768	0.00124574	0.00354617
154	0.00866531	0.0014122	0.00297678	0.00339282	0.0013407	0.00608068	0.00952534	0.0047672	0.612871	0.0041419	0.00402964	0.0193224	0.00509042	0.00750481	0.249162	0.0258236	0.0184474	0.0137288	0.000260484	0.00145653
155	0.0631441	0.0116525	0.00673826	0.0048306	0.086447	0.025108	0.00646227	0.210734	0.0575906	0.0861197	0.111188	0.0314775	0.0239298	0.032962	0.0135368	0.0589691	0.0566807	0.0976375	0.0021522	0.0126398
156	0.0195343	0.00515778	0.00633931	0.00520158	0.0407053	0.0288301	0.00351949	0.0830062	0.010838	0.0216192	0.0527196	0.0351492	0.00470849	0.0136529	0.0495729	0.148239	0.195141	0.272434	0.00107394	0.00255738
157	0.0204904	0.000686786	0.347812	0.423218	0.00405628	0.0135109	0.00568246	0.00115922	0.0190169	0.00237165	0.00544759	0.0299011	0.00419886	0.0526464	0.00442526	0.0293516	0.0230025	0.0121439	0.000389479	0.000489095
158	0.00903723	0.010785	0.00415394	0.000825232	0.0381844	0.00415249	0.000836486	0.453061	0.00286564	0.071898	0.0412383	0.00617295	0.00363496	0.00745637	0.00224222	0.0129034	0.0264749	0.302746	0.000264691	0.00106678
159	0.00537276	0.00917258	0.00433741	0.000703121	0.0340424	0.00202754	0.000836396	0.480237	0.00167304	0.0868905	0.0448625	0.00288739	0.00063686	0.00506416	0.00161432	0.00417433	0.0155688	0.297881	0.000245592	0.00177277
160	0.0795392	0.00253518	0.0153043	0.0444436	0.0029187	0.0257813	0.0097699	0.0983834	0.0594902	0.0162427	0.00668638	0.0650976	0.00805614	0.040584	0.0524523	0.0973633	0.206571	0.167271	0.000539536	0.000969758
161	0.0305168	0.00344472	0.0383925	0.0739107	0.00367414	0.0358528	0.00929162	0.00500874	0.280558	0.0067978	0.00398987	0.0763461	0.00259402	0.00852593	0.350091	0.0142254	0.0444684	0.00792358	0.00160152	0.00278633
162	0.0415253	0.00587775	0.0346035	0.102088	0.0113215	0.0201766	0.0891238	0.0209345	0.0548503	0.0185968	0.0465894	0.0387037	0.00749084	0.296969	0.0712458	0.0322413	0.0776547	0.0233777	0.00284923	0.00378061
163	0.214239	0.182562	0.00270304	0.00299621	0.00336424	0.0179229	0.00258501	0.0528504	0.00623617	0.0447525	0.0073435	0.00650066	0.00238233	0.0127331	0.0221304	0.0650103	0.159364	0.189697	0.00100193	0.00362545
164	0.219019	0.00137049	0.00216898	0.0199903	0.00142529	0.0164967	0.00433291	0.00274082	0.00864542	0.00282599	0.00527722	0.0358533	0.00906557	0.10741	0.0067906	0.353561	0.175379	0.0257915	0.000744862	0.00111115
165	0.0984431	0.0022803	0.00255814	0.00262904	0.00219448	0.0804395	0.00548041	0.00738638	0.0813587	0.00792126	0.0032688	0.0508846	0.00195008	0.0168422	0.0187803	0.363705	0.241127	0.0100657	0.00085233	0.00183218
166	0.0653107	0.0743125	0.00514163	0.00505621	0.0157568	0.0541159	0.00611993	0.0961482	0.0632143	0.109544	0.0126017	0.0656073	0.00761491	0.036738	0.0194261	0.131997	0.0370736	0.158046	0.00176513	0.0344102
167	0.0287284	0.00460382	0.379007	0.128082	0.00327423	0.0496026	0.00348454	0.00330485	0.0184736	0.00551322	0.00376356	0.0829307	0.0055212	0.0606745	0.00717326	0.150929	0.0464561	0.0137504	0.0027368	0.00199038
168	0.00929947	0.00776831	0.00284248	0.00134918	0.0419677	0.00626158	0.00198584	0.280034	0.00524044	0.289657	0.0961079	0.0116082	0.00782786	0.0112485	0.00278989	0.021732	0.0303749	0.159626	0.000439307	0.011839
169	0.103536	0.00265733	0.01063	0.0181617	0.00382689	0.0234742	0.00877521	0.0116237	0.285674	0.00727796	0.00879377	0.056188	0.00616482	0.0296789	0.146306	0.11624	0.136336	0.0208039	0.000953149	0.00289885
170	0.0190926	0.000698013	0.351277	0.427582	0.00376566	0.0136634	0.00547602	0.00117372	0.0177483	0.00224972	0.00564291	0.0281534	0.00398241	0.0518364	0.00420895	0.027827	0.0231341	0.0116908	0.000324655	0.000472755
171	0.0281842	0.011039	0.0137283	0.00315727	0.276748	0.00542019	0.014849	0.0655619	0.0060644	0.277473	0.0234924	0.00789709	0.0123369	0.00854445	0.00564492	0.0235299	0.0135095	0.154825	0.00140518	0.0465892
172	0.0380629	0.0202389	0.00307489	0.00181602	0.0578908	0.0148862	0.00235759	0.188451	0.00954854	0.0927361	0.0429859	0.0200899	0.011375	0.0193246	0.00873962	0.0585978	0.0709848	0.333314	0.000544768	0.00498091
173	0.144785	0.00308648	0.0314213	0.00605391	0.00362282	0.0625974	0.0360787	0.00681052	0.0510693	0.0922152	0.00497146	0.0795072	0.00450501	0.18227	0.063971	0.17353	0.0388535	0.0087116	0.00186932	0.00407014
174	0.0346614	0.0380025	0.0073233	0.00858772	0.149673	0.018176	0.026767	0.0144421	0.167781	0.0637109	0.00810474	0.0516502	0.00584479	0.0176858	0.136004	0.0264639	0.0215578	0.0150624	0.00899575	0.179506
175	0.0155549	0.00757476	0.0104135	0.00205811	0.244174	0.00369854	0.011763	0.0767075	0.00477727	0.366587	0.0533308	0.00576476	0.00839961	0.00712291	0.0049847	0.0161233	0.00773442	0.107831	0.000976858	0.0444229
176	0.0406342	0.00942798	0.00851902	0.0155403	0.0251918	0.0144887	0.00754635	0.248336	0.0221789	0.0574569	0.0325558	0.0521914	0.0101285	0.0282112	0.0175904	0.0585186	0.101434	0.247127	0.000626232	0.00229781
177	0.121167	0.00718572	0.0110679	0.0128824	0.00926218	0.082583	0.0130693	0.0180764	0.090606	0.0716567	0.0216073	0.0259259	0.163874	0.109028	0.115692	0.0517864	0.0431398	0.0222315	0.00361836	0.00554006
178	0.0203389	0.00238579	0.344128	0.341437	0.00482675	0.0207764	0.00555473	0.00196416	0.0181475	0.00349062	0.00536432	0.0630707	0.0103922	0.0582122	0.00497881	0.051891	0.0261176	0.0149223	0.000950616	0.00104986
179	0.0716198	0.00368758	0.0312647	0.0048288	0.00803631	0.00908425	0.00450107	0.119666	0.00702556	0.00881907	0.0347685	0.0143892	0.00299315	0.0100943	0.0130458	0.356404	0.0603098	0.23455	0.00170966	0.00320139
180	0.00466183	0.00661712	0.00268496	0.0009612	0.0601974	0.00214329	0.00284134	0.148185	0.0029245	0.482364	0.122517	0.00297175	0.00193622	0.00674777	0.00233506	0.0100071	0.00724857	0.105245	0.000440122	0.0269706
181	0.14495	0.0050281	0.0145342	0.0150005	0.00736147	0.167237	0.00923176	0.0128728	0.045141	0.0176237	0.00910089	0.0778578	0.00652405	0.0439537	0.0804695	0.192073	0.120638	0.0229458	0.00116431	0.00629193
182	0.0249947	0.00256042	0.035666	0.0674994	0.00318214	0.0310691	0.010029	0.00428762	0.327781	0.00551776	0.00400736	0.0621382	0.00280174	0.0073322	0.345027	0.013885	0.0408823	0.00761226	0.00145465	0.00227156
183	0.0676516	0.00107514	0.270531	0.357988	0.00403734	0.0199126	0.00442302	0.00210543	0.0441734	0.00915787	0.00477292	0.0192796	0.0029767	0.0782663	0.014485	0.0568246	0.024647	0.0109398	0.00579605	0.000956324
184	0.00669003	0.00940697	0.00431529	0.0007431	0.0361794	0.00223523	0.0008977	0.456339	0.0018649	0.107937	0.0477346	0.00337856	0.00109648	0.00568997	0.0016184	0.00552042	0.0159019	0.289166	0.000256989	0.00302801
185	0.230774	0.00848638	0.0290938	0.120601	0.010782	0.0910707	0.00880959	0.0209477	0.0352449	0.0141791	0.0145218	0.0334304	0.0130219	0.0402878	0.0671515	0.0904442	0.0690523	0.0885209	0.00465762	0.00892236
186	0.0150821	0.00475661	0.00450048	0.00638852	0.00280344	0.0122697	0.00994849	0.016729	0.555501	0.0103518	0.00550692	0.0283569	0.00712424	0.0266571	0.22997	0.0270354	0.0197711	0.0129303	0.000739314	0.00357714
187	0.51385	0.00276344	0.0036495	0.0440616	0.00344832	0.0116804	0.0106972	0.00511241	0.00561434	0.00483169	0.00408434	0.0156886	0.0019048	0.00907086	0.0275523	0.233511	0.0205662	0.0786456	0.00114678	0.00212093
188	0.165078	0.275191	0.00285893	0.00323737	0.003503	0.026815	0.00277197	0.0184898	0.00614838	0.0259025	0.00356908	0.0097086	0.00247302	0.0150975	0.0138159	0.110027	0.202993	0.101742	0.00107298	0.00950458
189	0.17413	0.002214	0.0125429	0.0440109	0.00180481	0.0419831	0.00815256	0.0192611	0.0826754	0.00687559	0.0260685	0.0624838	0.0266496	0.097439	0.0451662	0.132663	0.159602	0.0537183	0.00135049	0.00120929
190	0.0268458	0.0424055	0.0833734	0.0104446	0.00360123	0.111288	0.00480338	0.00437057	0.0204992	0.00683495	0.00443109	0.219496	0.0254766	0.075909	0.0116545	0.244929	0.0864869	0.00775554	0.00102364	0.00837164
191	0.0277649	0.0143663	0.00502255	0.00300943	0.0380165	0.0076121	0.003193	0.38945	0.00886759	0.0972329	0.0392523	0.00941107	0.00628827	0.0151948	0.00894427	0.0228999	0.0301245	0.267353	0.000775098	0.00522103
