249	20
1	0.134355	0.00100262	0.148699	0.2012	0.000568875	0.0786978	0.0218781	0.00242525	0.0792535	0.0114117	0.00253515	0.0570829	0.00481678	0.0742084	0.063317	0.0782219	0.0304529	0.002628	0.000691595	0.00655455
2	0.13841	0.0100534	0.00439639	0.00565216	0.0552103	0.0415433	0.004095	0.0694631	0.00587358	0.20058	0.0671744	0.00517975	0.00197027	0.0131992	0.0291957	0.0415631	0.0594841	0.239668	0.00113117	0.00615745
3	0.0871364	0.00396432	0.00430199	0.00559586	0.0350735	0.00730555	0.00408949	0.134169	0.00836009	0.236964	0.163191	0.00491586	0.00158053	0.0245336	0.0287315	0.0407207	0.0441009	0.149791	0.000820498	0.0146548
4	0.0599518	0.00191266	0.010197	0.0218887	0.00148357	0.00697279	0.0347491	0.00776698	0.310238	0.00641017	0.0029171	0.0119272	0.00989328	0.134227	0.289155	0.0530549	0.0216851	0.0119746	0.00140938	0.00218579
5	0.147456	0.000881032	0.0979636	0.188905	0.000587679	0.0938366	0.0255144	0.00249031	0.0908003	0.0143102	0.00271126	0.0629047	0.00572538	0.081959	0.0669804	0.085848	0.021853	0.00212431	0.000671391	0.00647713
6	0.182582	0.00492778	0.0156521	0.160037	0.0311396	0.0100511	0.0390876	0.0745747	0.0272327	0.0384471	0.0368917	0.0411009	0.00377658	0.079761	0.0595121	0.0766683	0.0724114	0.0393758	0.00138105	0.00538869
7	0.0690892	0.0148275	0.000929116	0.00273256	0.0111646	0.00572952	0.00127707	0.241006	0.00158964	0.211387	0.0372666	0.00126483	0.000696552	0.00368754	0.00697127	0.00976215	0.0186502	0.360418	0.000325669	0.00122482
8	0.0596369	0.00372158	0.00399936	0.00577962	0.0231111	0.00399399	0.00488349	0.178532	0.0109606	0.313785	0.158467	0.00602779	0.00164096	0.0220031	0.0227698	0.0354295	0.0338643	0.0982288	0.000640203	0.0125252
9	0.0680262	0.0034659	0.245437	0.373925	0.000683149	0.0307174	0.0103023	0.00123094	0.0384762	0.00194725	0.00100466	0.0169618	0.000895811	0.0563111	0.0460442	0.043765	0.0481526	0.00457573	0.00038131	0.00769606
10	0.322481	0.0170897	0.008532	0.0194985	0.00550737	0.0191295	0.00895895	0.0103326	0.079531	0.162137	0.0224966	0.0453377	0.00548494	0.0145412	0.0287435	0.0923838	0.0885163	0.0161766	0.00228697	0.0308346
11	0.0642169	0.00391427	0.247593	0.383612	0.000758623	0.0300558	0.0108615	0.00131894	0.0361434	0.00197126	0.00116681	0.0150782	0.000939165	0.055476	0.044846	0.0409297	0.0473822	0.00479773	0.000396349	0.00854279
12	0.261885	0.00976235	0.00754525	0.0117875	0.0179993	0.0186436	0.00802351	0.0485738	0.013002	0.0968614	0.0890461	0.012016	0.00407303	0.0396047	0.0722635	0.0319317	0.0378858	0.209234	0.00173603	0.00812623
13	0.0810082	0.00281292	0.270617	0.324019	0.000664685	0.0302595	0.00887727	0.00141574	0.039875	0.00223536	0.00110583	0.0193718	0.00102915	0.0526934	0.0439968	0.0470179	0.0586889	0.00563076	0.000381703	0.00829888
14	0.0434181	0.00621848	0.00620514	0.00890482	0.00770968	0.00600217	0.120875	0.16832	0.0384385	0.206295	0.0156677	0.0136879	0.00376366	0.125664	0.0340711	0.0297153	0.0176206	0.0848981	0.00181178	0.060713
15	0.0829474	0.0266773	0.00206773	0.00337859	0.0124639	0.00940178	0.00257706	0.221396	0.00291281	0.18702	0.0312764	0.00299345	0.00169743	0.00582113	0.00796432	0.0147301	0.0426753	0.338169	0.000457612	0.00337252
16	0.0924712	0.00864034	0.0560236	0.12047	0.00300471	0.272788	0.018533	0.00459371	0.0831102	0.0129371	0.00550054	0.0621572	0.00561111	0.0897786	0.0719021	0.0530283	0.0193365	0.00744618	0.00533242	0.00733531
17	0.278336	0.0157885	0.0337241	0.0449075	0.0166516	0.0437752	0.0183713	0.0377112	0.030761	0.0550162	0.0256971	0.0288079	0.0132482	0.0316501	0.0455273	0.107861	0.0704432	0.0896991	0.00380103	0.00822289
18	0.160519	0.000919303	0.0989774	0.182044	0.000592509	0.0932651	0.0247538	0.002431	0.090851	0.0130205	0.00279081	0.0618723	0.00597467	0.0822162	0.0661221	0.0844889	0.0203711	0.00201461	0.000648396	0.00612704
19	0.0510713	0.0192248	0.00768624	0.0503043	0.00209475	0.0241905	0.0683686	0.00300474	0.147669	0.00688476	0.00319432	0.00832124	0.116938	0.0071508	0.366212	0.0344044	0.00990873	0.0051493	0.0283413	0.0398817
20	0.0126619	0.00299082	0.0175288	0.00778137	0.00839939	0.0820405	0.153899	0.00771096	0.0104921	0.00644646	0.00411753	0.00475544	0.00278819	0.0581611	0.0696203	0.037248	0.0270019	0.00861132	0.0537866	0.423959
21	0.065458	0.00691532	0.029514	0.0498628	0.00640966	0.0248125	0.0337307	0.0152829	0.162502	0.0268489	0.0132202	0.0240283	0.00987826	0.111602	0.271456	0.0565137	0.0396339	0.0243481	0.00656427	0.0214187
22	0.0496292	0.00335443	0.0128286	0.0149461	0.00622817	0.00741054	0.0251864	0.033429	0.104462	0.0931693	0.0120839	0.0323461	0.00765373	0.14175	0.0860631	0.070245	0.219767	0.0735824	0.00167105	0.00419519
23	0.174358	0.00449066	0.0671723	0.00808928	0.0173795	0.154451	0.0127356	0.00530802	0.00577144	0.0149106	0.00780058	0.181039	0.00498943	0.0180452	0.0203876	0.149345	0.111207	0.0378092	0.0014927	0.00321631
24	0.0117174	0.00248881	0.020917	0.0080959	0.00946009	0.059649	0.134851	0.00815623	0.0120973	0.00615843	0.00450932	0.00479795	0.0023977	0.0781936	0.0742644	0.0465051	0.0317636	0.00862122	0.0527263	0.422629
25	0.131063	0.0142456	0.0330502	0.0583712	0.00928069	0.0370059	0.0327342	0.0217846	0.0941311	0.0314108	0.0242334	0.0307781	0.0269607	0.0477831	0.232217	0.0615271	0.046807	0.0412714	0.010371	0.014974
26	0.194308	0.0104792	0.0533918	0.0132637	0.0149384	0.0608408	0.0185901	0.0203363	0.00995132	0.0190632	0.011546	0.178319	0.00445378	0.0198632	0.0315765	0.181237	0.0759188	0.0743008	0.00200318	0.00561907
27	0.119412	0.0132875	0.0544392	0.0673524	0.0102773	0.207232	0.0260347	0.016735	0.0428055	0.0230142	0.0161239	0.0395932	0.0153737	0.04254	0.069294	0.102466	0.0644631	0.0355753	0.0101986	0.0237822
28	0.0985661	0.00579731	0.0783753	0.0709763	0.0019768	0.0384325	0.0219759	0.0170738	0.0816863	0.0264422	0.0213431	0.034253	0.0185684	0.0721912	0.103958	0.1445	0.132312	0.0252306	0.00491582	0.0014253
29	0.0110936	0.0161513	0.00910632	0.00671972	0.205716	0.00388055	0.013147	0.0305465	0.00201293	0.405008	0.0758417	0.00190028	0.0179324	0.00513073	0.0124328	0.005896	0.0459271	0.0696698	0.0292907	0.0325968
30	0.0510328	0.00479585	0.0956108	0.0259577	0.00542068	0.0195196	0.0142443	0.0408466	0.0544335	0.059255	0.0904895	0.0420866	0.0143802	0.0952571	0.0675336	0.0854524	0.199937	0.0256216	0.00339414	0.00473115
31	0.129978	0.0107821	0.0237225	0.0208706	0.0135667	0.0326479	0.0141335	0.0505558	0.024059	0.038246	0.0291328	0.027606	0.0176022	0.0297584	0.0317375	0.131946	0.237697	0.125245	0.00264508	0.00806748
32	0.0724773	0.00773499	0.0319021	0.0335249	0.0030576	0.0306296	0.018232	0.0147431	0.129778	0.0281954	0.0151502	0.0154857	0.0340153	0.0713263	0.166176	0.131672	0.142459	0.0470522	0.00337546	0.00301236
33	0.076385	0.0112973	0.0355083	0.0667546	0.0270741	0.0362878	0.0394396	0.0186952	0.0632429	0.0539909	0.0213169	0.0223049	0.166274	0.0295028	0.121087	0.0756632	0.0671997	0.0344991	0.0111654	0.0223114
34	0.0512907	0.00157609	0.00977436	0.0211165	0.00145216	0.00681178	0.0358025	0.0077424	0.35448	0.00605431	0.00313454	0.0129476	0.00765444	0.139634	0.260578	0.0467556	0.0206318	0.00985327	0.00100444	0.00170592
35	0.0121955	0.0152659	0.0122934	0.00679502	0.203652	0.0047733	0.0130562	0.0303941	0.00245993	0.395001	0.0757565	0.00206618	0.0200493	0.00567375	0.0125272	0.00688454	0.0527507	0.0691253	0.0268928	0.0323873
36	0.0522677	0.0117705	0.0179867	0.0351808	0.00253535	0.0181411	0.0448824	0.0086497	0.220456	0.0105877	0.00554055	0.0162968	0.0293587	0.0718786	0.339303	0.0425506	0.0254246	0.0171208	0.0136741	0.0163939
37	0.122534	0.00362751	0.0985521	0.12224	0.00109026	0.0717155	0.036058	0.00565146	0.09089	0.0158419	0.0139116	0.0449378	0.0155352	0.0764334	0.0880754	0.110157	0.0642417	0.0101917	0.00452915	0.0037853
38	0.0664552	0.0151454	0.00113106	0.00284703	0.0152927	0.00622998	0.0013704	0.254896	0.00142941	0.186263	0.034873	0.00137849	0.000768827	0.00403915	0.00760183	0.0103312	0.0207121	0.367607	0.000378699	0.00125059
39	0.0195767	0.0133225	0.00738363	0.00732917	0.174867	0.00421811	0.0127714	0.0707203	0.00369138	0.372105	0.0948673	0.00243247	0.0138398	0.00834531	0.0141783	0.0104663	0.038298	0.076559	0.0223317	0.0326962
40	0.0798612	0.00270031	0.205566	0.343963	0.000613946	0.039771	0.0141313	0.00163789	0.0547862	0.00425711	0.00144824	0.0231791	0.00183203	0.06493	0.0568083	0.0510331	0.0418536	0.00392865	0.000355295	0.00734421
41	0.0520835	0.0179319	0.00855431	0.0506846	0.00205486	0.0232624	0.0677707	0.00304138	0.141751	0.00777295	0.00298151	0.00965369	0.122538	0.00798514	0.369101	0.0350258	0.0105074	0.00544084	0.0258007	0.0360582
42	0.0234675	0.0062328	0.022688	0.0245513	0.0125516	0.0847247	0.1141	0.0100251	0.030576	0.00973862	0.00739995	0.0087355	0.0133691	0.049568	0.113331	0.0437523	0.0260149	0.0131576	0.0441829	0.341832
43	0.0594179	0.00304277	0.0155861	0.0293692	0.00125745	0.0135937	0.0280426	0.0070242	0.286968	0.00826587	0.00491602	0.0105047	0.0105684	0.122117	0.253561	0.0848511	0.0452425	0.0123279	0.00140472	0.00193894
44	0.074244	0.0114064	0.0264288	0.0254817	0.0261189	0.0237999	0.0182838	0.0424355	0.0278351	0.0822607	0.133488	0.029309	0.0090583	0.0366909	0.200848	0.0546931	0.100128	0.0585382	0.00589358	0.013058
45	0.154104	0.0436139	0.00907929	0.0212506	0.0122785	0.0117213	0.0467426	0.0909497	0.0126832	0.015708	0.0158771	0.0522594	0.00639255	0.028036	0.0752039	0.16998	0.038867	0.18304	0.00214681	0.0100664
46	0.0698798	0.0219588	0.243568	0.331234	0.00388115	0.0311048	0.0166953	0.00370566	0.0307912	0.00789359	0.00404808	0.0223435	0.00810907	0.0452196	0.0407145	0.0437566	0.0501111	0.0123913	0.00278648	0.00980744
47	0.0536179	0.001994	0.00947431	0.0208972	0.00189155	0.00683959	0.0343475	0.0171275	0.310913	0.00700796	0.00374472	0.0115527	0.0075415	0.167398	0.252848	0.0521175	0.0257315	0.0117414	0.00109393	0.00211937
48	0.32563	0.0140601	0.0292278	0.0298002	0.0107571	0.0474974	0.0199341	0.0161459	0.0269643	0.025351	0.0178724	0.0285413	0.00815212	0.0279953	0.0366458	0.194055	0.0722573	0.0615853	0.00226448	0.00526361
49	0.0129433	0.0155186	0.00868369	0.00684239	0.203191	0.00406742	0.0132443	0.0367511	0.00211686	0.390098	0.0819106	0.00185798	0.0171509	0.00531969	0.0133206	0.00677363	0.043678	0.0755659	0.0272718	0.0336943
50	0.102103	0.00763438	0.016008	0.0376114	0.0431228	0.00762572	0.0117333	0.111924	0.02175	0.118496	0.104003	0.0259987	0.00258327	0.0388459	0.0238273	0.0355215	0.071302	0.188247	0.00117409	0.0304889
51	0.221743	0.00888014	0.0148075	0.0824666	0.0129656	0.0500948	0.0180231	0.0671565	0.0169399	0.0671067	0.0170964	0.0781159	0.0076167	0.0333866	0.0266565	0.115621	0.130777	0.0210544	0.00273476	0.00675742
52	0.421729	0.0162323	0.010235	0.00869338	0.00658697	0.0215318	0.0134744	0.0140234	0.00913545	0.0137279	0.00927576	0.0171079	0.00677087	0.0150636	0.0147216	0.169156	0.11617	0.111668	0.00136524	0.00333146
53	0.0624896	0.0073439	0.00249222	0.00472717	0.019929	0.00521222	0.00295896	0.199924	0.00569887	0.253058	0.119339	0.00342668	0.00142482	0.0145804	0.0177953	0.025734	0.0294965	0.216303	0.000393735	0.0076731
54	0.11688	0.00536389	0.00577949	0.0106561	0.0302322	0.00593674	0.00716851	0.145354	0.0103977	0.165473	0.139436	0.00934678	0.00214466	0.0435094	0.0240102	0.037409	0.0537233	0.160715	0.000520848	0.025942
55	0.0761205	0.0031336	0.239465	0.343584	0.000732027	0.0328895	0.011557	0.00171785	0.0419921	0.00316692	0.00210543	0.019175	0.00147064	0.0583532	0.0509108	0.0476767	0.0524182	0.00506331	0.000678716	0.00778957
56	0.226865	0.0695748	0.0157841	0.0228273	0.0100899	0.0387939	0.0179781	0.0200168	0.0278081	0.0467551	0.128106	0.0276696	0.00961432	0.0240416	0.0403917	0.147159	0.0641817	0.0507291	0.00288204	0.00873253
57	0.0159737	0.00227609	0.00710488	0.00422285	0.156721	0.0121118	0.0482297	0.0515027	0.00462111	0.0368076	0.0134395	0.0038197	0.00367509	0.0108788	0.019062	0.0115419	0.033371	0.135992	0.0634775	0.365171
58	0.0504405	0.0127712	0.00105512	0.00349481	0.0100143	0.00525498	0.00154414	0.27702	0.0013304	0.18883	0.0303974	0.00154102	0.00080758	0.00391804	0.00680567	0.00736282	0.0163608	0.379401	0.000320918	0.00132916
59	0.170698	0.00512828	0.0334584	0.0576585	0.00566632	0.064985	0.0553343	0.0105108	0.061665	0.0733348	0.010247	0.0986729	0.00675684	0.181568	0.0406745	0.0698268	0.0304852	0.0141531	0.00267604	0.00650058
60	0.118659	0.0141365	0.0481158	0.068916	0.0121566	0.231484	0.0250074	0.0132979	0.0432589	0.0258448	0.0176557	0.0528611	0.0150036	0.0434231	0.0610753	0.0932178	0.0582648	0.0309787	0.0102554	0.0163877
61	0.0380642	0.00996387	0.00112544	0.00360015	0.0108298	0.00415499	0.00124682	0.291441	0.00167867	0.122703	0.028273	0.00147209	0.00193375	0.00409441	0.00726315	0.00646519	0.0161393	0.448123	0.000344266	0.00108377
62	0.133911	0.0121044	0.0518318	0.0493561	0.0166064	0.0555463	0.023748	0.0238925	0.04159	0.0388244	0.0278271	0.0447179	0.0169616	0.0378633	0.0637253	0.210745	0.0849443	0.0455413	0.00741983	0.012843
63	0.0919174	0.00957626	0.0201413	0.0206045	0.0207751	0.0282745	0.0137922	0.0697318	0.0268293	0.0441021	0.0286322	0.022402	0.0193297	0.0313121	0.0333756	0.0784882	0.230901	0.195171	0.00322404	0.0114199
64	0.067061	0.0120951	0.0318295	0.0457958	0.011097	0.0299556	0.0398154	0.016265	0.116758	0.0276939	0.0191032	0.0289331	0.0236828	0.055292	0.296604	0.0577493	0.0399908	0.0365744	0.0145353	0.0291692
65	0.0713648	0.00240124	0.0533259	0.0541072	0.002027	0.0215395	0.0253483	0.00718451	0.205265	0.0149507	0.00792431	0.0287701	0.00682303	0.114016	0.263901	0.0701229	0.0317792	0.0124534	0.00129835	0.00539782
66	0.038252	0.00991618	0.00111273	0.00418927	0.00974792	0.00450455	0.0011256	0.311389	0.00127033	0.132175	0.0302394	0.00145775	0.00119452	0.00373705	0.00784659	0.00631223	0.0145321	0.419737	0.000255927	0.00100491
67	0.08421	0.00261178	0.250562	0.309256	0.00059216	0.0327121	0.0118725	0.00154855	0.0518782	0.00348696	0.00181843	0.0208061	0.00147156	0.0566373	0.0525194	0.0509484	0.0540734	0.00488692	0.00045278	0.00765473
68	0.106884	0.00178446	0.181552	0.253396	0.000575174	0.0549168	0.0201828	0.00180454	0.0811164	0.00778248	0.00281181	0.0356196	0.00338646	0.0688564	0.0683536	0.0631445	0.0357049	0.00313803	0.000646193	0.00834382
69	0.0362042	0.0095717	0.000936494	0.00439776	0.00960576	0.00458221	0.00106845	0.338343	0.00110352	0.134505	0.0280795	0.00153376	0.000720596	0.00311461	0.00838054	0.00610379	0.0149537	0.395713	0.000258331	0.000824202
70	0.100912	0.00849199	0.00531633	0.00791184	0.0194407	0.0108183	0.00524959	0.174204	0.00691616	0.0849129	0.0515239	0.0117128	0.00487433	0.0166577	0.0125744	0.0566867	0.133721	0.274055	0.00100396	0.0130164
71	0.0968754	0.00220612	0.147169	0.285947	0.000748323	0.0572896	0.0213483	0.00215541	0.0778676	0.0085795	0.00347086	0.0343446	0.00393779	0.0750946	0.073888	0.0639935	0.0331374	0.00372571	0.000749874	0.00747079
72	0.166429	0.00527809	0.0406748	0.124534	0.0103948	0.0296014	0.0355387	0.021393	0.0584482	0.046998	0.0171606	0.027793	0.010016	0.0929321	0.0566541	0.0948027	0.132864	0.0200942	0.00346214	0.00493061
73	0.0206584	0.01383	0.00726009	0.0078491	0.172395	0.00451129	0.0121176	0.0560764	0.00346079	0.384467	0.101946	0.00233287	0.014385	0.00785843	0.0144738	0.0109026	0.0393283	0.0720421	0.0222748	0.0318303
74	0.0486982	0.0666819	0.0335557	0.0847108	0.00648745	0.211169	0.0312808	0.00930113	0.0585669	0.0151996	0.0149911	0.0154217	0.0196643	0.024636	0.158349	0.0605228	0.0264798	0.0187575	0.0695062	0.0260204
75	0.0846751	0.00615759	0.068971	0.0336727	0.00470535	0.0737707	0.0140752	0.00723185	0.0323768	0.0267885	0.0403082	0.0217123	0.0660749	0.0225353	0.0502045	0.24988	0.159083	0.0306339	0.00273388	0.00440957
76	0.0847732	0.00653097	0.0246024	0.0636045	0.00509221	0.0255085	0.0369685	0.00875709	0.124326	0.0224561	0.00881232	0.0244006	0.198796	0.0290645	0.116809	0.133557	0.0522114	0.0169126	0.00483788	0.0119795
77	0.214116	0.00546555	0.0360921	0.0335061	0.0174187	0.163354	0.0192582	0.00603168	0.0237469	0.0122053	0.00809707	0.0452116	0.00569965	0.0455228	0.0288835	0.222105	0.078442	0.0284917	0.00214747	0.00420433
78	0.0523565	0.00568946	0.0133748	0.0634732	0.0401174	0.0142039	0.016343	0.0187647	0.0269026	0.0952603	0.0140077	0.0165296	0.00968863	0.151231	0.030762	0.116421	0.279195	0.0275388	0.0024001	0.00574048
79	0.039025	0.0101412	0.00092859	0.00429219	0.00968752	0.00467772	0.00119134	0.328803	0.00121291	0.137298	0.0293579	0.0016216	0.000743672	0.00370805	0.00818231	0.0068587	0.0158055	0.39506	0.000298283	0.0011068
80	0.139801	0.0107836	0.0498282	0.0580066	0.0137731	0.0499146	0.0262565	0.0257016	0.0479304	0.0341027	0.0228796	0.036613	0.0246023	0.0362872	0.0687748	0.20869	0.080908	0.044736	0.00668708	0.0137236
81	0.104275	0.00556341	0.0451214	0.154596	0.0167511	0.0117443	0.0254033	0.067285	0.0559106	0.0210429	0.022903	0.0659861	0.00721515	0.0430001	0.154259	0.0922936	0.0313864	0.0676904	0.00217923	0.00539354
82	0.0667876	0.00404151	0.00429107	0.00605691	0.0235041	0.00501485	0.00507262	0.177017	0.014241	0.31616	0.145756	0.00662245	0.00183197	0.0229253	0.0224064	0.0330025	0.034719	0.0967267	0.000934923	0.0128881
83	0.233562	0.0832143	0.0129097	0.0236504	0.00688943	0.0330369	0.00961062	0.00986994	0.0334566	0.0772534	0.0660591	0.0989943	0.00610013	0.0134981	0.0586698	0.0865968	0.106727	0.0291717	0.00261668	0.00811339
84	0.143354	0.000882206	0.100162	0.189066	0.000609907	0.0936958	0.0260175	0.00249535	0.0923908	0.0143863	0.00277366	0.0626464	0.00557547	0.0820071	0.0690138	0.0837831	0.0212627	0.00215572	0.000663381	0.00705861
85	0.0607183	0.0138057	0.00108223	0.00306246	0.01035	0.00544438	0.00171257	0.275098	0.001782	0.203419	0.0314959	0.00259782	0.000978099	0.00670702	0.0068337	0.00920479	0.018461	0.345323	0.000390698	0.00153317
86	0.0639046	0.00589738	0.199242	0.209661	0.004317	0.0677133	0.0226957	0.00371999	0.048034	0.00741168	0.00406046	0.0203097	0.00411025	0.0369032	0.060527	0.125367	0.0362758	0.00894303	0.0206884	0.0502186
87	0.169197	0.00754296	0.135624	0.256441	0.0214951	0.0462145	0.0357747	0.00517782	0.0060406	0.0223207	0.0039501	0.0153679	0.087334	0.015411	0.00880515	0.0341664	0.0780229	0.0463819	0.00111804	0.00361341
88	0.103018	0.00449102	0.0339678	0.160988	0.0327156	0.00670859	0.0469069	0.0812897	0.0582943	0.0218644	0.0470691	0.0274036	0.00276912	0.0814126	0.108784	0.0642193	0.031646	0.0739824	0.00149864	0.0109712
89	0.0442915	0.0116352	0.000901901	0.00415724	0.00991175	0.00593795	0.00108873	0.317455	0.00126911	0.148885	0.0281479	0.00143773	0.00064873	0.00337835	0.0079889	0.00704453	0.0157797	0.388846	0.00028803	0.000906355
90	0.138697	0.000963405	0.101351	0.192022	0.000623755	0.0923935	0.0270652	0.00257582	0.0904718	0.014412	0.00282648	0.0658339	0.00550582	0.0812625	0.0690502	0.0817877	0.0225298	0.00238966	0.000711996	0.00752639
91	0.159946	0.000981339	0.0984989	0.181868	0.000599433	0.0901463	0.0256093	0.00263034	0.0908664	0.0130472	0.00309056	0.0605304	0.00643018	0.082143	0.0679495	0.0849393	0.0216709	0.00223494	0.000810101	0.00600831
92	0.0195927	0.0109261	0.00949767	0.00640813	0.28674	0.00816576	0.0244982	0.0301562	0.00381899	0.225181	0.0554036	0.0031407	0.0146253	0.00652876	0.0147073	0.0115181	0.0340026	0.0612856	0.086832	0.0869711
93	0.0701883	0.00489671	0.0203505	0.025075	0.00488408	0.0129758	0.019669	0.0116498	0.114569	0.0667036	0.0117139	0.0470549	0.00572381	0.104814	0.381798	0.032609	0.0311593	0.0247418	0.00323131	0.00619118
94	0.0256243	0.0042426	0.128277	0.131632	0.00413211	0.0303332	0.0582832	0.00690735	0.0311673	0.0104137	0.00811615	0.352994	0.00338896	0.037202	0.0356768	0.0255048	0.0892622	0.0103475	0.00151553	0.00497924
95	0.132922	0.0127557	0.0279399	0.0370087	0.010867	0.033023	0.0181465	0.0271884	0.0539623	0.101288	0.0368902	0.0286792	0.0150368	0.0401131	0.185295	0.114662	0.0683919	0.0423351	0.0054097	0.00808522
96	0.0501284	0.00307806	0.0382014	0.132408	0.00386577	0.010135	0.0479587	0.00613229	0.0473446	0.0352116	0.00463911	0.0433629	0.277432	0.00828199	0.130279	0.0969149	0.0446287	0.00978617	0.00278436	0.00742663
97	0.0395421	0.0100452	0.00422708	0.00592603	0.0675056	0.00458111	0.00784423	0.186885	0.00591163	0.332261	0.079379	0.00465267	0.00629945	0.0161395	0.0134351	0.0148075	0.0263612	0.154887	0.00617215	0.0131376
98	0.060057	0.00271921	0.039631	0.1599	0.00433996	0.0112255	0.0655047	0.00508984	0.059208	0.0336312	0.00423948	0.0460947	0.227361	0.00790067	0.131153	0.0821169	0.0402766	0.00912717	0.00281332	0.00761146
99	0.0174992	0.00208797	0.00610734	0.0041416	0.180642	0.00676486	0.0425198	0.0598345	0.00451634	0.0358	0.0140756	0.00391515	0.00368729	0.00581894	0.0153441	0.00976871	0.0331324	0.144846	0.0624188	0.347079
100	0.197294	0.0102376	0.0646555	0.0945239	0.00686704	0.0534921	0.016356	0.0170643	0.0221017	0.0305567	0.0148461	0.0165501	0.118129	0.0639131	0.0306368	0.0693551	0.129986	0.0359291	0.00315126	0.00435435
101	0.0191066	0.00407715	0.00865084	0.00868355	0.186852	0.0117481	0.0425874	0.0476768	0.00817183	0.0755664	0.0250214	0.00388431	0.0059635	0.0136711	0.0351588	0.0143319	0.0340368	0.101787	0.0516619	0.301363
102	0.0583508	0.0140593	0.00164192	0.00305655	0.010704	0.00612985	0.00223826	0.214262	0.00170785	0.240394	0.0275494	0.0017766	0.00105294	0.00376924	0.00659416	0.00988961	0.0190378	0.375354	0.000546213	0.00188511
103	0.0254685	0.0064238	0.00936453	0.00455141	0.224733	0.00845773	0.0311665	0.0663413	0.00367709	0.135387	0.0443027	0.00314847	0.00834771	0.00677762	0.0137285	0.0116602	0.0294226	0.0857394	0.0645127	0.216789
104	0.114035	0.0121752	0.00277429	0.00401601	0.021609	0.0139734	0.00262267	0.14088	0.0044979	0.237756	0.0621621	0.00318824	0.00124963	0.00958458	0.013865	0.026238	0.0458325	0.277977	0.000622178	0.00494113
105	0.0874419	0.00797044	0.202391	0.186322	0.00750152	0.0431003	0.0210117	0.0139185	0.0397409	0.0174404	0.0108813	0.0679283	0.00941254	0.0469644	0.0584702	0.0725153	0.0650473	0.0256766	0.00391232	0.0123524
106	0.25516	0.0178185	0.0216963	0.0232754	0.0155522	0.141319	0.0137886	0.0288838	0.0178636	0.0517783	0.031463	0.0272083	0.0098817	0.0227064	0.0288096	0.0960453	0.0693165	0.120137	0.0023263	0.00497007
107	0.0701969	0.00458759	0.00490916	0.00699179	0.0237213	0.00603627	0.00512532	0.19219	0.00996648	0.213548	0.127756	0.00573047	0.00199355	0.0243504	0.0423304	0.0418886	0.0573608	0.146902	0.00075851	0.0136571
108	0.0171071	0.00217261	0.00604825	0.00421408	0.177343	0.00650983	0.0414003	0.0566461	0.00437065	0.0407408	0.0148462	0.00385821	0.00392925	0.00585014	0.0151381	0.00953179	0.0345861	0.145097	0.0630638	0.347547
109	0.0119337	0.0187565	0.00829638	0.0161654	0.193767	0.00423965	0.0163774	0.0434924	0.00226285	0.370439	0.0955646	0.00199415	0.0192611	0.00582547	0.0126695	0.0070845	0.0409041	0.072264	0.0249294	0.0337733
110	0.0505623	0.00191721	0.0110802	0.0216224	0.00189959	0.0075874	0.0378952	0.00792655	0.354863	0.00701321	0.00394793	0.01618	0.00769855	0.133546	0.256368	0.0449889	0.0203886	0.0103392	0.00180393	0.00237215
111	0.0540507	0.0163832	0.00177569	0.00395243	0.0171801	0.00443568	0.00329025	0.204552	0.0049622	0.0926423	0.0204352	0.00537927	0.0062715	0.0157611	0.00727745	0.012183	0.0321267	0.49349	0.000602427	0.00324912
112	0.0430814	0.0190182	0.00889908	0.0293856	0.00226378	0.0166162	0.0660318	0.00536592	0.183193	0.00672172	0.00422973	0.00992735	0.0477024	0.0411779	0.414505	0.0289478	0.0126636	0.00845344	0.0252835	0.0265328
113	0.531126	0.0169773	0.00715441	0.00698324	0.0055478	0.0163719	0.0232095	0.00664537	0.00660514	0.00949573	0.00594593	0.010842	0.00247631	0.0102268	0.0111196	0.192884	0.0516385	0.0800748	0.00133356	0.00334226
114	0.121523	0.0196104	0.00220661	0.00324297	0.0241015	0.0199901	0.00242901	0.141663	0.00280808	0.193261	0.0366658	0.0025256	0.00122718	0.0050108	0.0111237	0.0235003	0.0478447	0.338344	0.00056572	0.00235685
115	0.0345786	0.0188077	0.00628234	0.00843208	0.103472	0.005041	0.0276883	0.109911	0.00763548	0.330345	0.0814431	0.00537829	0.00921396	0.0258387	0.0145602	0.0147739	0.0331738	0.113043	0.0131561	0.0372264
116	0.0398732	0.010139	0.00119184	0.0040143	0.0105433	0.00484931	0.00126553	0.322089	0.00140976	0.128528	0.0260029	0.00227647	0.00107187	0.00332691	0.00802513	0.00873312	0.026317	0.398427	0.000307449	0.001608
117	0.340649	0.0364515	0.00838876	0.0105146	0.00859082	0.016274	0.010291	0.0766396	0.00894553	0.0639786	0.0209568	0.010835	0.00505866	0.0110757	0.0151184	0.0891289	0.0457208	0.215329	0.00184183	0.00421174
118	0.0647386	0.00654224	0.00551842	0.00762338	0.0153012	0.00613558	0.00702529	0.244212	0.00749141	0.023179	0.0191172	0.0189932	0.0082832	0.0141029	0.011415	0.068286	0.167299	0.281772	0.00142239	0.0215416
119	0.248478	0.0147965	0.025723	0.034124	0.0135056	0.253786	0.0137049	0.00792569	0.0245865	0.0240256	0.0185652	0.0383627	0.00720165	0.0288106	0.0294659	0.109008	0.0597764	0.0413165	0.0028814	0.00395641
120	0.0531537	0.0134747	0.00128503	0.00318371	0.0137384	0.00410945	0.00155998	0.248011	0.0028445	0.109866	0.0221356	0.00212974	0.00427557	0.00656259	0.00628352	0.00819636	0.025202	0.471806	0.000486898	0.00169565
121	0.0701017	0.00256635	0.155243	0.00915173	0.0160124	0.0400497	0.0128719	0.00398584	0.00503299	0.0299484	0.00507779	0.360132	0.00264	0.012083	0.0462885	0.13308	0.077289	0.0140263	0.00127152	0.0031483
122	0.0758046	0.00318503	0.284202	0.328041	0.000964619	0.02807	0.00898999	0.00150608	0.0337464	0.00211331	0.00131782	0.0192938	0.00124785	0.0502405	0.0402284	0.044069	0.0610795	0.00578004	0.000438818	0.00968082
123	0.119105	0.0185553	0.0459897	0.0659478	0.0115249	0.222473	0.0214383	0.0186807	0.0464124	0.0294412	0.0191397	0.0426749	0.0119462	0.0428036	0.0611784	0.0925531	0.0603907	0.0416672	0.0108848	0.0171929
124	0.0183344	0.00412569	0.0303534	0.0327253	0.0609709	0.0377683	0.129416	0.0325557	0.0636175	0.00883304	0.0143101	0.0066948	0.00401835	0.0737384	0.152548	0.0601443	0.0612498	0.0196502	0.0132427	0.175704
125	0.0649691	0.014197	0.0326549	0.0529262	0.0094011	0.0259198	0.0432329	0.0138829	0.107591	0.025669	0.0181451	0.0263336	0.0348417	0.0449535	0.329547	0.05045	0.0389843	0.0269757	0.0152553	0.02407
126	0.102711	0.00236296	0.146986	0.276241	0.000678177	0.0637736	0.0208998	0.00220744	0.0732136	0.0088358	0.00290226	0.0378606	0.0040246	0.0729536	0.0695485	0.0701753	0.0322976	0.00370305	0.00109231	0.00753181
127	0.0361161	0.00908713	0.00115079	0.0044098	0.0128812	0.00429574	0.00126554	0.334556	0.00170265	0.119702	0.0257358	0.00235711	0.00147124	0.00376223	0.00812282	0.00792051	0.0209932	0.402669	0.000296559	0.00150425
128	0.127822	0.0142325	0.0976869	0.0709216	0.00190312	0.0552646	0.0341018	0.00654087	0.0734344	0.0218091	0.0325631	0.0181254	0.01179	0.0624677	0.119554	0.112035	0.0964937	0.0229618	0.0176252	0.00266795
129	0.0363448	0.0099715	0.00129619	0.0129415	0.0101507	0.00474634	0.0019049	0.324641	0.00157642	0.138795	0.0341253	0.00182021	0.00118384	0.00371083	0.00962167	0.00682342	0.0149126	0.384051	0.00033085	0.00105244
130	0.233313	0.00649685	0.0426504	0.0179998	0.016435	0.167408	0.0159202	0.0054762	0.0129516	0.0113658	0.00875011	0.0477536	0.00999523	0.0346738	0.0229105	0.19382	0.104421	0.042802	0.00204085	0.00281508
131	0.0810314	0.00564191	0.0956251	0.0178651	0.00469416	0.0784676	0.00878398	0.0104771	0.0175411	0.0459065	0.0868167	0.0367538	0.0676062	0.0235539	0.0252697	0.151774	0.198878	0.0373442	0.00245748	0.0035121
132	0.0970258	0.0100092	0.0529277	0.0425984	0.00200754	0.0552356	0.0151701	0.00449216	0.0897411	0.018784	0.0161263	0.0106072	0.0140732	0.0423094	0.151105	0.21059	0.135261	0.026021	0.00394409	0.00197122
133	0.0929211	0.00591996	0.145156	0.265334	0.00829011	0.0423756	0.0207198	0.013167	0.0627783	0.0184088	0.0113332	0.0264065	0.0129784	0.0608482	0.0720341	0.0591863	0.0512402	0.0179601	0.00270721	0.0102357
134	0.10084	0.00376928	0.149994	0.0105765	0.0124959	0.0408158	0.0130383	0.00563054	0.00733407	0.0369149	0.00750548	0.296047	0.00414339	0.0133514	0.036476	0.157939	0.0813078	0.0171125	0.00128136	0.00342665
135	0.0886209	0.00548453	0.0786036	0.217277	0.00286321	0.0701387	0.0226519	0.00537046	0.134139	0.0126215	0.00570913	0.0286277	0.0121104	0.0733588	0.125503	0.0455923	0.0224246	0.00759093	0.00441078	0.0369013
136	0.247598	0.0220041	0.117266	0.116717	0.0073129	0.0250923	0.0135134	0.00815842	0.0077747	0.0305813	0.00739859	0.00996155	0.0670123	0.0338829	0.0105361	0.0792146	0.100611	0.0894944	0.00188601	0.00398456
137	0.246119	0.00512579	0.0227094	0.00895558	0.0387726	0.154147	0.0255755	0.0061487	0.00716294	0.00899384	0.0062656	0.0593347	0.00342901	0.020313	0.0121271	0.236331	0.106471	0.0280002	0.00135615	0.00266106
138	0.0386875	0.0150851	0.0237388	0.0305985	0.104677	0.0414516	0.0511709	0.0272974	0.0336066	0.0946848	0.0281037	0.0160365	0.0165604	0.0234571	0.0913835	0.0414558	0.0380325	0.0540842	0.117272	0.112616
139	0.087039	0.00890979	0.0498139	0.0504403	0.0013614	0.0490029	0.0145663	0.00560089	0.0979165	0.0222564	0.0191548	0.0120567	0.0144044	0.0501928	0.150406	0.187494	0.150271	0.0247413	0.00340768	0.00096429
140	0.0837988	0.00276762	0.267662	0.32331	0.000688179	0.0305807	0.00902601	0.00131396	0.0394262	0.00227052	0.00110121	0.0196676	0.0013381	0.0525462	0.0442708	0.0482583	0.0584918	0.00512865	0.000378675	0.00797543
141	0.0393845	0.0113819	0.00829283	0.0119156	0.171657	0.00804619	0.0150777	0.0666898	0.00573166	0.249003	0.0919544	0.00515222	0.0106944	0.0141949	0.0201315	0.0183045	0.044891	0.131494	0.0231665	0.0528373
142	0.0126889	0.014402	0.00949733	0.00603372	0.232125	0.00447957	0.0149543	0.0285548	0.00221073	0.367906	0.0711697	0.00196316	0.0169275	0.00516831	0.0125661	0.00680768	0.0423685	0.0672539	0.0369988	0.0459246
143	0.0989138	0.0088709	0.064936	0.0527838	0.00168531	0.0500644	0.0240797	0.00529475	0.0823179	0.0247553	0.0197875	0.0133186	0.011142	0.0610966	0.187277	0.133369	0.12502	0.0272619	0.00652216	0.00150316
144	0.0280396	0.00851146	0.132139	0.113325	0.00581707	0.089068	0.0346025	0.0061382	0.0562454	0.0106264	0.00559519	0.0096842	0.00482754	0.0133328	0.091166	0.233974	0.0215214	0.0112961	0.0540938	0.0699954
145	0.0470544	0.0128129	0.0105253	0.0130935	0.100275	0.0105099	0.0120614	0.112946	0.00944397	0.300949	0.0704182	0.011434	0.0101744	0.0151493	0.0211314	0.0228625	0.042163	0.142829	0.0130624	0.0211052
146	0.0581544	0.00240153	0.00333666	0.0048299	0.00235074	0.0042279	0.00459659	0.0762007	0.279916	0.0183588	0.00405763	0.0171942	0.00361304	0.0393507	0.151424	0.00992773	0.088342	0.227842	0.00114395	0.0027318
147	0.160477	0.00089169	0.0987434	0.182369	0.00058337	0.0925955	0.0248433	0.00246392	0.0907407	0.0130358	0.00268905	0.0618364	0.0060053	0.0821162	0.0665022	0.0849041	0.0204092	0.00201829	0.000642854	0.00613354
148	0.0617304	0.0127982	0.0291659	0.0454534	0.00956963	0.0250048	0.0403857	0.0198928	0.122056	0.0276072	0.0164702	0.0265101	0.0357675	0.0506765	0.311284	0.0578895	0.0404158	0.0312324	0.0131244	0.0229654
149	0.0819681	0.0177709	0.0451584	0.0747132	0.00772722	0.190859	0.0325637	0.00997081	0.0726722	0.0161579	0.0133999	0.0335559	0.0213782	0.0479022	0.154762	0.0756786	0.0449576	0.0194747	0.0169006	0.0224287
150	0.0565501	0.0103086	0.00438668	0.00585143	0.067469	0.00660075	0.00663509	0.14125	0.00510828	0.288685	0.10106	0.00350021	0.00660744	0.0130854	0.0164114	0.020345	0.0376564	0.185315	0.00718082	0.015994
151	0.0925195	0.0110941	0.0467841	0.0436335	0.00126599	0.0500406	0.0131092	0.00423577	0.0957316	0.0192416	0.0153743	0.00902674	0.0137915	0.046072	0.166025	0.198265	0.145982	0.0234369	0.00329351	0.00107717
152	0.0599583	0.0108662	0.0158777	0.0173504	0.0232325	0.0137764	0.0110752	0.108041	0.0183413	0.0302398	0.0156352	0.0147482	0.0751861	0.0291219	0.0192935	0.0400525	0.108513	0.375731	0.00284041	0.0101199
153	0.0732149	0.00325156	0.089776	0.136051	0.00417496	0.0260201	0.0311457	0.0096468	0.137026	0.0245464	0.0203401	0.0231597	0.00472559	0.112918	0.212585	0.0419074	0.0237698	0.013864	0.0023611	0.00951626
154	0.0604467	0.00623002	0.00460783	0.00627545	0.0468424	0.00549091	0.00522377	0.135888	0.00791047	0.320909	0.144802	0.00456204	0.00398414	0.0181222	0.0246722	0.0305312	0.0387407	0.118321	0.00303403	0.0134055
155	0.0410607	0.0106293	0.00225334	0.00446309	0.0510084	0.00532414	0.00503431	0.201616	0.00481367	0.083794	0.0214922	0.00447963	0.00671422	0.00874205	0.0083952	0.0119605	0.0379006	0.468011	0.00363294	0.0186744
156	0.0497756	0.00698579	0.00428426	0.00653485	0.0168909	0.00492257	0.00581735	0.255006	0.00744671	0.0360706	0.0139338	0.0201583	0.00782179	0.0109994	0.0105856	0.0446459	0.13813	0.345077	0.00129259	0.0136202
157	0.140873	0.00830917	0.0437388	0.029529	0.0115484	0.112269	0.0147217	0.00807304	0.0285448	0.0212409	0.0207148	0.0429566	0.0202457	0.0262196	0.0458943	0.257902	0.126867	0.0325594	0.00307998	0.00471221
158	0.0797553	0.00422054	0.171256	0.0839306	0.00938244	0.0449116	0.0245669	0.00558498	0.0235689	0.0219869	0.00795212	0.248049	0.00767019	0.0325779	0.0452712	0.096275	0.0671477	0.0174938	0.0018068	0.00659203
159	0.160428	0.00123981	0.0998981	0.173754	0.00082196	0.0895767	0.024693	0.00274987	0.0896746	0.0131669	0.00369267	0.0596791	0.00650609	0.0823547	0.069277	0.0873901	0.0248869	0.00297081	0.00122674	0.00601305
160	0.116141	0.0757047	0.024945	0.0347195	0.0133058	0.0333622	0.106482	0.0273457	0.037601	0.0283689	0.0231316	0.0314363	0.0203465	0.0337802	0.090506	0.15878	0.0519204	0.0577151	0.0108399	0.0235683
161	0.286027	0.0420655	0.00608603	0.0536804	0.0035191	0.0545564	0.0057402	0.00594282	0.0907101	0.124161	0.068066	0.0189098	0.00365421	0.0083825	0.0531869	0.0696797	0.0727924	0.0231305	0.00181598	0.00789338
162	0.112066	0.0127785	0.0526831	0.0692752	0.0105949	0.223541	0.0232073	0.0118687	0.0473576	0.022923	0.0156125	0.0502268	0.0132041	0.0468625	0.0659079	0.0975895	0.0613555	0.0300135	0.00802558	0.0249069
163	0.0499616	0.00805974	0.00424221	0.00593188	0.0303767	0.00489558	0.00542816	0.193316	0.00786001	0.323536	0.114454	0.00536386	0.00354623	0.0168477	0.0170875	0.0238688	0.028072	0.146269	0.00183478	0.00904813
164	0.0617177	0.00291109	0.00394733	0.0061588	0.00323213	0.00448559	0.00548183	0.0793816	0.255999	0.0253302	0.00535215	0.0166317	0.0034117	0.0360902	0.148263	0.0126343	0.0794061	0.245492	0.00120455	0.00286857
165	0.158632	0.000931279	0.0985335	0.183877	0.000762158	0.0890717	0.0253526	0.00327981	0.0908685	0.0130576	0.00311166	0.0604151	0.00604888	0.0816974	0.0679901	0.0856535	0.0213321	0.00269745	0.000623994	0.00606376
166	0.495234	0.0151331	0.00908606	0.00858317	0.00711203	0.0267814	0.017829	0.005669	0.00792691	0.0099649	0.00622781	0.0139586	0.00407753	0.0114895	0.0130117	0.204744	0.0672954	0.0713019	0.00137007	0.00320373
167	0.0354839	0.00938182	0.000887195	0.00450529	0.00934255	0.00456574	0.00103904	0.34082	0.00109742	0.134268	0.0282246	0.00143005	0.00063541	0.00306178	0.00851149	0.00603213	0.0143802	0.395287	0.000253056	0.000793044
168	0.115194	0.00640828	0.0761461	0.084109	0.00119773	0.0693894	0.0310484	0.00572503	0.0919078	0.0181859	0.0229142	0.0315037	0.0203718	0.0641472	0.11608	0.126818	0.0941458	0.0159484	0.00615374	0.00260678
169	0.115841	0.027053	0.010093	0.0482173	0.0428255	0.00651996	0.0380036	0.0778596	0.0170273	0.0257766	0.0497421	0.0566834	0.00424652	0.0847749	0.0314975	0.0689279	0.0637487	0.197489	0.00136502	0.0323079
170	0.0151012	0.014074	0.0093368	0.00617338	0.251999	0.00557369	0.0168768	0.0356715	0.00222055	0.318202	0.0812074	0.00192267	0.0157538	0.00594469	0.0136245	0.00852212	0.0387008	0.0605242	0.0377347	0.0608363
171	0.143122	0.00727152	0.0595132	0.0342623	0.00778121	0.0234662	0.0135485	0.0530289	0.0176896	0.055877	0.017403	0.0165061	0.186919	0.113187	0.0270156	0.0423293	0.136915	0.0341154	0.00302764	0.00702186
172	0.147646	0.001281	0.0947055	0.182162	0.000735618	0.114414	0.0239871	0.0025097	0.0889049	0.0135718	0.00272688	0.0632954	0.0054982	0.0822354	0.0650338	0.0814555	0.0203382	0.00251293	0.000704961	0.00628111
173	0.532387	0.0239482	0.00708861	0.00754206	0.00380001	0.0103326	0.0143503	0.00616395	0.00472146	0.00821273	0.00546659	0.0096997	0.00352327	0.00941557	0.00952616	0.167376	0.0545033	0.117931	0.0011825	0.00282976
174	0.110551	0.00876616	0.0351559	0.0317569	0.00220368	0.0480943	0.0115487	0.00445536	0.0757497	0.0241648	0.0136263	0.00859325	0.0245738	0.0308877	0.144439	0.244724	0.155918	0.0206596	0.00234547	0.00178655
175	0.014356	0.00344158	0.0180416	0.00951143	0.0181399	0.075224	0.134142	0.0110662	0.0103771	0.0101902	0.00544781	0.00534243	0.00298602	0.0508859	0.0676129	0.036806	0.0269453	0.0164593	0.107214	0.37581
176	0.0996172	0.00905446	0.054135	0.0817218	0.0130493	0.0382105	0.0335578	0.0359784	0.0950344	0.0392142	0.0223755	0.0310481	0.012851	0.12807	0.101649	0.0648646	0.0644084	0.0445844	0.00524247	0.025333
177	0.0834775	0.0150141	0.0271972	0.0371156	0.016273	0.0289386	0.0243718	0.0331484	0.0546398	0.056393	0.0897015	0.0318071	0.0190553	0.0404931	0.244441	0.0565571	0.062236	0.0556536	0.00865054	0.0148353
178	0.110656	0.0843177	0.0310047	0.044751	0.0298968	0.0416081	0.0284666	0.0578457	0.0341828	0.0936715	0.0409048	0.0266461	0.0183728	0.0303652	0.0738782	0.0631793	0.0629391	0.0952088	0.0118626	0.0202425
179	0.0385391	0.00677219	0.0180427	0.0319101	0.0644342	0.0191259	0.0869591	0.0664668	0.052693	0.0310874	0.0396948	0.0143328	0.00346153	0.0829952	0.100736	0.0393024	0.0642584	0.0861566	0.0103532	0.142678
180	0.0398965	0.00933645	0.0081224	0.00928982	0.149192	0.0103056	0.0157945	0.0592131	0.00873315	0.094717	0.0297558	0.00954547	0.0128126	0.0143647	0.0174746	0.0208944	0.0968475	0.318331	0.0176283	0.0577454
181	0.0672412	0.0137324	0.0298393	0.0792894	0.0140694	0.0271907	0.0915388	0.0147443	0.0762188	0.0361968	0.0110057	0.0231385	0.153008	0.0236722	0.173564	0.0612362	0.0418261	0.0223497	0.014038	0.0260998
182	0.0154162	0.0126372	0.00953419	0.00558497	0.277745	0.00596009	0.0204791	0.0298293	0.00232174	0.289482	0.0722739	0.00191997	0.0159229	0.00571132	0.0153727	0.00882537	0.0387091	0.0578267	0.0466208	0.0678276
183	0.103492	0.00366476	0.00542928	0.00699734	0.0270394	0.0058503	0.00482437	0.142343	0.00917231	0.188702	0.166016	0.0067592	0.0016524	0.035107	0.0231715	0.0479596	0.0726657	0.115397	0.000621515	0.0331348
184	0.103256	0.0101078	0.033658	0.0214821	0.00886652	0.0254197	0.0161489	0.0187039	0.0317114	0.0268445	0.0281702	0.140581	0.00756039	0.0318266	0.256915	0.0622364	0.0878939	0.0778488	0.00300166	0.0077673
185	0.0616692	0.00422282	0.194173	0.069443	0.00932259	0.0333162	0.0228658	0.00660777	0.0142704	0.0226712	0.00643939	0.307385	0.00402307	0.0245112	0.0377071	0.0921747	0.0692214	0.0132898	0.00147883	0.00520676
186	0.0783691	0.0213432	0.000957596	0.00259433	0.0106552	0.00667798	0.00133114	0.243102	0.00126216	0.175862	0.0287921	0.00126355	0.00081111	0.00348225	0.00565715	0.00899604	0.0213778	0.385887	0.000349969	0.00122879
187	0.0196082	0.0139406	0.00823092	0.00702999	0.188049	0.00408978	0.0117244	0.048482	0.00309538	0.371147	0.0897011	0.00222311	0.0154051	0.0080499	0.0177945	0.00983328	0.0485148	0.0782341	0.0230843	0.0317632
188	0.155978	0.00606846	0.0817142	0.0443994	0.00659133	0.0792326	0.0290138	0.00510339	0.0473678	0.0135894	0.0109214	0.0166698	0.0115088	0.0239963	0.0532274	0.287078	0.0987268	0.0174878	0.00533356	0.00599245
189	0.129459	0.0120286	0.0916145	0.0712351	0.00201682	0.0563319	0.0333407	0.00671816	0.0700475	0.0239204	0.0329901	0.0199573	0.013258	0.0662146	0.112253	0.115072	0.103268	0.0211042	0.0167745	0.00239551
190	0.059725	0.0146073	0.0011346	0.00336605	0.0101752	0.00582285	0.00119181	0.284909	0.00158049	0.161031	0.0268474	0.00140213	0.000749005	0.00330623	0.0075075	0.0104206	0.0180728	0.386674	0.000354957	0.00112278
191	0.0181001	0.0102247	0.0101809	0.00508327	0.280966	0.00783612	0.0291764	0.0317048	0.00253869	0.238998	0.0594163	0.00226875	0.0164024	0.00557699	0.0141827	0.0101924	0.0339554	0.0631915	0.058001	0.102004
192	0.137975	0.00276765	0.117288	0.145536	0.00245512	0.058224	0.0316931	0.0154801	0.0757796	0.0220289	0.0112795	0.0645725	0.00897892	0.0729788	0.0815105	0.0843139	0.0493278	0.0104857	0.00294691	0.00437816
193	0.201789	0.0130721	0.0172871	0.0395116	0.0428401	0.0242127	0.0535164	0.0265101	0.0197178	0.0215838	0.0504662	0.0256653	0.00625101	0.124453	0.0747493	0.160387	0.0480098	0.0373396	0.00334201	0.00929661
194	0.0249228	0.00965258	0.0143793	0.00509013	0.252876	0.0128958	0.0313503	0.0367319	0.00334872	0.212168	0.0595433	0.00284252	0.0128646	0.0064912	0.0136773	0.0173299	0.031361	0.0680805	0.0561211	0.128273
