323	20
1	0.0520452	0.000681952	0.0166032	0.0421892	0.00489744	0.0403811	0.0195594	0.0218106	0.309845	0.025912	0.0120688	0.0372464	0.00762606	0.0662555	0.163531	0.0927705	0.0582699	0.0218159	0.000824779	0.005666
2	0.0526982	0.0106165	0.000824125	0.000182995	0.044734	0.0155791	0.000106429	0.322479	0.000196419	0.240344	0.0239591	0.000416685	0.00148076	0.00100075	0.000447944	0.00485117	0.0175616	0.255674	0.0051692	0.00167763
3	0.0643528	0.00182201	0.0234038	0.0195758	0.01077	0.0954399	0.0255119	0.0157102	0.0301404	0.0227081	0.00566345	0.0468939	0.1892	0.0407558	0.0435667	0.247889	0.100937	0.0110159	0.00144249	0.00320033
4	0.0318454	0.00252388	0.00178517	0.00373527	0.12618	0.00878598	0.00350338	0.0714943	0.0318623	0.439524	0.0177633	0.00435306	0.00205738	0.00428023	0.0556862	0.0120539	0.0488096	0.0848377	0.00871706	0.040202
5	0.0763625	0.00188535	0.00138888	0.00167115	0.172872	0.119436	0.000906473	0.0812096	0.00342253	0.19699	0.0174189	0.0027426	0.0549131	0.00203376	0.00132452	0.0783406	0.0721449	0.0481569	0.0638914	0.00288831
6	0.213135	0.00625496	0.00624509	0.0320235	0.02958	0.167143	0.00125821	0.030095	0.00184658	0.102633	0.0150153	0.00318219	0.0467126	0.0297393	0.0154839	0.12153	0.108346	0.0596473	0.00139886	0.00873009
7	0.0593958	0.00508146	0.00148823	0.000996897	0.0650594	0.0128353	0.000914825	0.123106	0.00234069	0.429768	0.134715	0.00161474	0.00185851	0.00511986	0.0012517	0.0176386	0.0298056	0.0963817	0.00249521	0.00813205
8	0.118171	0.00307004	0.00110822	0.00129394	0.0246436	0.00523648	0.000746633	0.228349	0.00146716	0.03883	0.0176298	0.00196006	0.00163794	0.00952643	0.00106936	0.0367757	0.331157	0.171695	0.000813786	0.00481961
9	0.478225	0.0147459	0.00282075	0.0035503	0.0103257	0.166543	0.000199682	0.0050577	0.000358292	0.0142706	0.0162407	0.00526988	0.00496521	0.00113137	0.000385922	0.201129	0.0485971	0.0250342	0.000288328	0.000861017
10	0.0288111	0.000445838	0.000407706	0.000512245	0.0720356	0.00150429	0.000430014	0.151022	0.000171395	0.479579	0.107857	0.000230491	0.00180526	0.00400526	0.000142896	0.00970513	0.0177326	0.112732	0.0013485	0.00952224
11	0.0713889	0.0358972	0.00105664	0.00141776	0.0289448	0.110819	0.000856364	0.369962	0.00131798	0.124462	0.015831	0.00193866	0.00136205	0.00191184	0.000951765	0.0365391	0.0187021	0.172849	0.00166478	0.00212635
12	0.0288279	0.00053123	0.000701935	0.000254619	0.0170095	0.00110238	0.000137131	0.405868	0.000281667	0.072598	0.0199186	0.00191623	0.00247929	0.00156371	0.000723488	0.00472541	0.0209496	0.418731	0.00039183	0.00128786
13	0.241878	0.00994866	0.0241875	0.00814932	0.00519604	0.280594	0.00240009	0.00843801	0.00327872	0.0143963	0.00810658	0.042756	0.00421959	0.00957736	0.00291738	0.249297	0.0661847	0.0159129	0.000375944	0.00218593
14	0.240945	0.00540838	0.0434525	0.00932684	0.00326342	0.20712	0.00366322	0.00926857	0.00497957	0.0177509	0.00904021	0.0801387	0.00238737	0.0134323	0.00559207	0.267347	0.0607586	0.0134732	0.000470061	0.00218216
15	0.0923247	0.0985988	0.00209981	0.00398556	0.0222947	0.0104847	0.00150986	0.182643	0.00292855	0.0964125	0.164236	0.00436333	0.0050764	0.00593971	0.00197105	0.0743033	0.142901	0.0763676	0.00686378	0.00469612
16	0.031351	0.00168505	0.000606923	0.000221598	0.0255763	0.00255002	0.000136	0.394908	0.000206852	0.104882	0.0256184	0.00107769	0.00364865	0.00114104	0.00124977	0.00498034	0.0219292	0.375792	0.00052351	0.00191605
17	0.0876764	0.00442884	0.000638371	0.00290282	0.00622892	0.804702	0.000361748	0.0066566	0.00375011	0.0113266	0.00202249	0.000987161	0.00269731	0.00158404	0.000789212	0.0506301	0.00779454	0.00358359	0.000408932	0.00082976
18	0.430961	0.0164597	0.00187498	0.00380083	0.00608736	0.144661	0.000179714	0.00480078	0.000270654	0.0121933	0.00804272	0.00457364	0.00650501	0.00234579	0.000259548	0.276312	0.05615	0.0239477	0.000210797	0.000363688
19	0.0901537	0.00454048	0.000918586	0.00293242	0.00802222	0.796246	0.00038926	0.00687464	0.00376842	0.012334	0.00229792	0.00115748	0.00243911	0.00197526	0.000615118	0.0509185	0.00838088	0.00406543	0.000702983	0.001268
20	0.028599	0.000424498	0.000700796	0.000266053	0.0146589	0.00112869	0.00014419	0.402809	0.000272941	0.0664028	0.0187704	0.00229906	0.00218612	0.00180824	0.000601334	0.00466733	0.0214209	0.431438	0.000373755	0.00102812
21	0.021292	0.00422582	0.0106978	0.00212476	0.440573	0.00748456	0.00584212	0.0125679	0.000937478	0.10917	0.0575177	0.00571864	0.00116469	0.0087055	0.000900697	0.0104773	0.0080468	0.0210425	0.00767657	0.263834
22	0.138873	0.000578399	0.0669296	0.0117267	0.00148066	0.235219	0.0059042	0.00905117	0.00706453	0.0120222	0.00835572	0.11752	0.000753803	0.0152177	0.00602003	0.309844	0.0471041	0.00389818	0.000432564	0.00200491
23	0.0482898	0.00520433	0.000657284	0.000719153	0.0538343	0.0100243	0.000405707	0.22291	0.00028606	0.372533	0.063935	0.000528869	0.00232727	0.00313489	0.000512539	0.0177194	0.0243342	0.165363	0.00196331	0.00531728
24	0.197379	0.0222736	0.00728781	0.0108757	0.0171018	0.035529	0.00635387	0.0321028	0.00836887	0.03989	0.0835465	0.0130806	0.115676	0.0430659	0.00875609	0.152976	0.148968	0.0470811	0.00324505	0.00644265
25	0.115781	0.000367407	0.0698503	0.081841	0.00153034	0.10031	0.020808	0.0114904	0.0278675	0.0118194	0.00713706	0.0770083	0.0055215	0.105605	0.0307717	0.174864	0.119029	0.0292552	0.000403154	0.00873863
26	0.0968395	0.000465821	0.0960146	0.0889073	0.00169858	0.0754928	0.018033	0.0111858	0.0348236	0.0105364	0.00540043	0.0953422	0.00831063	0.110534	0.0287467	0.153407	0.130464	0.0270794	0.00024727	0.0064702
27	0.0287145	0.00160375	0.000483226	0.0010285	0.0656896	0.00283182	0.000983388	0.161268	0.000555451	0.411125	0.141041	0.000597938	0.00147724	0.0107331	0.000834038	0.0116818	0.022663	0.119797	0.00251921	0.0143734
28	0.467653	0.0150576	0.00324534	0.00370316	0.00803686	0.166479	0.000156394	0.00606104	0.000423971	0.0125283	0.0098073	0.00660826	0.0055954	0.00134027	0.000800095	0.21436	0.0486193	0.0290017	0.00017027	0.000351841
29	0.116635	0.000347504	0.0695585	0.0835245	0.00155216	0.0978826	0.020547	0.0114731	0.0278789	0.0121203	0.00732248	0.0758052	0.00550278	0.107803	0.0311472	0.171937	0.119669	0.0301832	0.000402237	0.00870853
30	0.269116	0.0152064	0.00143604	0.00348113	0.00385625	0.0774283	0.000465674	0.017228	0.000914528	0.0165802	0.00667106	0.00735296	0.00560611	0.00604664	0.00072061	0.431928	0.111452	0.0208522	0.000671643	0.00298578
31	0.138967	0.000578129	0.0668418	0.0114254	0.00148124	0.236158	0.00586665	0.00900011	0.00694325	0.0120598	0.0083104	0.117744	0.0007228	0.0147843	0.00589337	0.310414	0.0466542	0.00376381	0.000432869	0.00195874
32	0.262088	0.00353201	0.00124347	0.00202792	0.00507504	0.124154	0.00107233	0.00808641	0.00135074	0.0531691	0.00510957	0.00434886	0.308003	0.0026133	0.00167074	0.0665382	0.030278	0.116279	0.00138052	0.00197927
33	0.177243	0.0110975	0.0180344	0.0161705	0.0407743	0.255379	0.000837178	0.0299866	0.00144152	0.132027	0.0349924	0.00211492	0.00796855	0.0572292	0.0120344	0.0863905	0.0508288	0.0400888	0.00125888	0.0241029
34	0.280997	0.00318787	0.00119547	0.00252402	0.0055794	0.14715	0.00110519	0.00911574	0.001903	0.0344176	0.00530934	0.00468414	0.286065	0.00265707	0.00228727	0.0995997	0.0304633	0.0781291	0.00131567	0.0023134
35	0.134742	0.00543928	0.000544662	0.00281407	0.0151028	0.0137707	0.00151611	0.253215	0.000627215	0.0776756	0.0664987	0.0025454	0.00842593	0.015124	0.000695892	0.0522279	0.0790542	0.267917	0.000616227	0.00144728
36	0.0332539	0.000753676	0.000407857	0.000514985	0.0733299	0.00278948	0.000451742	0.150683	0.000203402	0.470089	0.105215	0.000231598	0.001675	0.00385741	0.000155406	0.0104301	0.0191492	0.116253	0.00160669	0.00894988
37	0.106474	0.0154986	0.000627272	0.00189094	0.0204296	0.0424671	0.000267866	0.199614	0.000468729	0.243437	0.0136432	0.000601986	0.0010538	0.00245128	0.000615666	0.0624817	0.0783243	0.202888	0.00575232	0.00101216
38	0.473602	0.0151427	0.00249484	0.00353967	0.0080247	0.163051	0.000145787	0.0048066	0.000240419	0.0120167	0.00971767	0.00551825	0.00576774	0.00108232	0.000203404	0.219373	0.047752	0.0270232	0.000168467	0.000329713
39	0.0182895	0.00364049	0.0023648	0.00300739	0.0821505	0.0260829	0.00173979	0.0145921	0.00294081	0.0167201	0.00827008	0.00366107	0.00325563	0.00395125	0.00242993	0.0131591	0.0129861	0.013677	0.743343	0.0237384
40	0.133073	0.0198914	0.000278451	0.00181217	0.0261244	0.069377	0.00017226	0.158688	0.000248807	0.240382	0.0168655	0.000476237	0.00038349	0.00200931	0.000276804	0.0702069	0.075266	0.178708	0.00526326	0.000498148
41	0.0601695	0.00881459	0.000561451	0.000175466	0.0492024	0.0140552	0.000175197	0.327581	0.000144357	0.213621	0.0240034	0.000258118	0.00213373	0.000863021	0.000782217	0.00515595	0.0223529	0.265795	0.00208119	0.0020741
42	0.210272	0.075414	0.000437749	0.00663797	0.00415648	0.0483	0.000304337	0.0504948	0.000486112	0.0278818	0.0279166	0.00525478	0.0149749	0.00172484	0.000343848	0.186265	0.16513	0.172339	0.000561891	0.00110349
43	0.0909297	0.00453193	0.000391638	0.00268743	0.00631266	0.805003	0.000363902	0.00643501	0.00359919	0.0106547	0.00172262	0.000774784	0.00247212	0.00105606	0.000431691	0.0507399	0.00752422	0.00334902	0.000400722	0.000620261
44	0.0958415	0.00812142	0.000527405	0.000219553	0.0696819	0.0139889	0.000739916	0.306032	0.000189606	0.181455	0.0208062	0.000286111	0.00316013	0.0011585	0.000498848	0.00658627	0.0272981	0.255648	0.00287856	0.00488178
45	0.090172	0.00680811	0.00131258	0.00322291	0.0117654	0.724967	0.000935359	0.0321272	0.00378509	0.0280719	0.00528048	0.00200729	0.00281832	0.0022865	0.00134644	0.0505105	0.0120662	0.018172	0.00101247	0.00133182
46	0.0349874	0.00195006	0.000561101	0.000540104	0.0425283	0.00264017	0.000407038	0.359793	0.000530027	0.107395	0.0561813	0.0009707	0.0054332	0.00220516	0.00254004	0.0145529	0.0342971	0.328102	0.000650017	0.00373533
47	0.024859	0.00203834	0.00137986	0.00167852	0.155654	0.0103532	0.00376249	0.166836	0.00166424	0.358331	0.0365365	0.000615249	0.00261293	0.00403443	0.00521817	0.00851694	0.029024	0.109599	0.0209457	0.0563402
48	0.14626	0.0762244	0.00147737	0.00211529	0.229661	0.0352998	0.000957625	0.00858722	0.00469265	0.0373964	0.2233	0.0054459	0.0138254	0.00238025	0.00144561	0.0711463	0.114135	0.0218889	0.00142737	0.00233261
49	0.0426582	0.00579022	0.000756887	0.00039554	0.0659628	0.0104449	0.00034122	0.228228	0.0001959	0.386241	0.0517013	0.000220025	0.00296567	0.0019163	0.000398532	0.0068575	0.016554	0.167386	0.00356119	0.00742485
50	0.258105	0.0484182	0.00110105	0.00647099	0.0054506	0.0644802	0.000731167	0.0392026	0.000995326	0.0247059	0.023103	0.00575199	0.0161215	0.00285396	0.000915248	0.175154	0.121923	0.201052	0.00113867	0.00232542
51	0.0326568	0.00374924	0.00215683	0.0185014	0.229207	0.0235945	0.0182105	0.0486937	0.00425547	0.33744	0.0779925	0.0255532	0.00227804	0.00282167	0.0903557	0.0282938	0.0144794	0.0154533	0.00196965	0.0223367
52	0.19008	0.0770312	0.000540238	0.00598144	0.00269914	0.0404331	0.000401408	0.0520789	0.000675217	0.0240921	0.032469	0.00608918	0.0158603	0.002096	0.000526997	0.215126	0.159612	0.172072	0.000574819	0.00156105
53	0.0168662	0.00464414	0.0064768	0.00128689	0.48094	0.00489768	0.000720275	0.00994611	0.0010122	0.151068	0.0814972	0.00452637	0.00110378	0.00820042	0.000835617	0.00766617	0.00610473	0.0234906	0.00384783	0.184869
54	0.0187248	0.000449544	0.00290372	0.040016	0.00301281	0.0067943	0.0258314	0.0159656	0.426251	0.0184608	0.00743685	0.0233719	0.00703237	0.0664386	0.252281	0.0369444	0.0304182	0.0123294	0.000305466	0.00503126
55	0.101004	0.00690839	0.0151247	0.00974737	0.0124336	0.027511	0.0239981	0.0199295	0.0216688	0.0286848	0.00885043	0.0247977	0.26372	0.0236656	0.0270113	0.26162	0.095684	0.0225562	0.00184035	0.00324315
56	0.0174785	0.00182152	0.367985	0.346025	0.00389076	0.00386341	0.0375342	0.00669745	0.0287142	0.0176526	0.0034977	0.053319	0.00900585	0.0404772	0.0126956	0.0279053	0.0077211	0.0110356	0.00091492	0.00176492
57	0.0286928	0.00031294	0.000393776	0.000586241	0.0670247	0.00134756	0.000473818	0.146605	0.000203878	0.48277	0.114757	0.000297065	0.0017416	0.00457343	0.000234388	0.00991996	0.0175354	0.111072	0.00106395	0.0103937
58	0.075676	0.000790341	0.129923	0.107326	0.00239587	0.0526236	0.0181818	0.00962729	0.0555581	0.00929005	0.00451302	0.105488	0.0131197	0.0974221	0.0271142	0.128187	0.131583	0.0249263	0.000419717	0.0058354
59	0.138967	0.000578129	0.0668418	0.0114254	0.00148124	0.236158	0.00586665	0.00900011	0.00694325	0.0120598	0.0083104	0.117744	0.0007228	0.0147843	0.00589337	0.310414	0.0466542	0.00376381	0.000432869	0.00195874
60	0.0881581	0.00447194	0.000790379	0.00280152	0.00647883	0.801601	0.000399399	0.00704752	0.00383033	0.0115152	0.00220276	0.00127414	0.0027342	0.00147348	0.000752559	0.051049	0.00795483	0.00428792	0.00042801	0.000749304
61	0.0326285	0.0010676	0.000583897	0.000327474	0.0290774	0.00204401	0.000159264	0.376624	0.000261772	0.103379	0.0334057	0.00100569	0.0104288	0.00119726	0.00193887	0.00775758	0.0277313	0.366563	0.000477302	0.0033419
62	0.0187188	0.00143303	0.00177565	0.00619714	0.225033	0.0114168	0.0290808	0.00397375	0.000671422	0.021597	0.00543051	0.0120712	0.000712439	0.0214389	0.000621774	0.0205118	0.0107015	0.0101146	0.00767429	0.590825
63	0.115764	0.000366271	0.069684	0.0753104	0.00143586	0.109401	0.0193014	0.0127679	0.0266433	0.0115726	0.00745705	0.0809879	0.00508848	0.0965544	0.0279716	0.186743	0.117466	0.0269788	0.000360827	0.00814495
64	0.015203	0.000901093	0.00137063	0.00405975	0.216628	0.0103143	0.025393	0.00349252	0.000631988	0.0153735	0.00170601	0.00788532	0.000649358	0.0113174	0.000445957	0.0127961	0.00613401	0.00683044	0.010609	0.648258
65	0.425149	0.0179242	0.00176059	0.00402198	0.006576	0.137296	0.000234439	0.00786196	0.000421618	0.014083	0.00996998	0.00459694	0.0249172	0.00158379	0.000490576	0.245576	0.0530615	0.0433632	0.000473985	0.000637186
66	0.0317331	0.000747782	0.00177337	0.0376882	0.00909747	0.012972	0.0420654	0.0157575	0.267625	0.0166196	0.00731882	0.0276324	0.00363022	0.077971	0.360681	0.0518325	0.0163046	0.007532	0.000420616	0.010597
67	0.390685	0.00258628	0.0164284	0.327238	0.00607878	0.00685428	0.00121946	0.0251027	0.039063	0.0271857	0.00518122	0.0182058	0.00195042	0.00295385	0.00154358	0.0414251	0.056124	0.0258287	0.00170312	0.0026424
68	0.174318	0.012116	0.0146717	0.012757	0.035175	0.284852	0.00080199	0.029459	0.00202964	0.13647	0.0373864	0.00264908	0.00705886	0.0522355	0.00971887	0.0856451	0.0450962	0.0364437	0.00157802	0.0195375
69	0.127716	0.0159494	0.00244479	0.00289462	0.148006	0.0956743	0.00109861	0.0835885	0.00290288	0.249605	0.0383591	0.00333005	0.00762001	0.00576414	0.00307635	0.0695026	0.0349234	0.0768247	0.0154794	0.0152403
70	0.0817607	0.00402396	0.00951201	0.00907321	0.00837937	0.701361	0.00256347	0.00870047	0.0124965	0.0121008	0.00449831	0.0147684	0.00419218	0.0108698	0.00661258	0.0770588	0.021165	0.00754739	0.00078345	0.00253242
71	0.0356755	0.00183085	0.282687	0.212336	0.00411821	0.00411831	0.0250592	0.00728968	0.0789457	0.0105579	0.00374822	0.116449	0.0303281	0.0348333	0.0348721	0.0541259	0.0401424	0.0200385	0.00101217	0.00183199
72	0.0172952	0.00462108	0.00631235	0.00127546	0.482298	0.00498576	0.000701888	0.0101488	0.0010037	0.15094	0.0808001	0.00442509	0.00111271	0.00803956	0.000772789	0.00770845	0.00598323	0.023796	0.00407187	0.183709
73	0.139316	0.00531916	0.000833292	0.00343404	0.00490907	0.0303969	0.000511534	0.228672	0.000736907	0.0710073	0.0755854	0.00227556	0.0162448	0.00704459	0.000678753	0.0554747	0.0959921	0.259298	0.000746939	0.00152296
74	0.165973	0.00676345	0.0125845	0.0311258	0.00925017	0.508197	0.00336855	0.0133689	0.00725402	0.0224648	0.00741217	0.0175401	0.00706102	0.0168847	0.00572037	0.101464	0.0380744	0.0201268	0.00120167	0.00416406
75	0.0472205	0.00657783	0.004299	0.00271671	0.383276	0.0252256	0.0072222	0.0406915	0.00254134	0.0999802	0.0301408	0.00668672	0.00190262	0.00733866	0.00249509	0.0201056	0.0157929	0.0360155	0.0274357	0.232336
76	0.13655	0.026414	0.00107953	0.010723	0.0924277	0.00505023	0.000683799	0.114076	0.00835268	0.116032	0.0766397	0.0338984	0.00158417	0.00702232	0.00471833	0.0591113	0.162251	0.117782	0.00193972	0.0236634
77	0.183542	0.0172261	0.00301194	0.00432897	0.0103834	0.0186284	0.00151509	0.0794606	0.0036291	0.0283403	0.0976809	0.0305467	0.0074558	0.00586229	0.00266336	0.282163	0.0793424	0.130821	0.00259332	0.010805
78	0.473057	0.0144065	0.00364862	0.00361892	0.00928368	0.168705	0.000260788	0.00581389	0.000778506	0.0138078	0.00987374	0.00879717	0.00525267	0.00180168	0.00141137	0.203379	0.0452669	0.0300619	0.000308345	0.000465838
79	0.0670098	0.00716002	0.000943424	0.00108539	0.298361	0.0118418	0.00153703	0.0858826	0.00212239	0.142119	0.0189286	0.00317121	0.00271566	0.00181386	0.00235396	0.0191132	0.0228823	0.0693213	0.146437	0.0952004
80	0.290035	0.0126459	0.00371434	0.00371534	0.00755624	0.407398	0.000539375	0.00748831	0.00183136	0.0187567	0.00663673	0.00637845	0.00487453	0.00335716	0.00110275	0.163982	0.0402855	0.0181206	0.000359701	0.00122252
81	0.0153686	0.000898196	0.00149926	0.00419616	0.217245	0.0104627	0.0260077	0.0035409	0.000605231	0.0156342	0.00206137	0.00822817	0.000665871	0.012068	0.00046318	0.0133176	0.00662139	0.00671618	0.0103119	0.644088
82	0.0186475	0.00312533	0.00230803	0.00297388	0.0860703	0.0277848	0.00154269	0.0156488	0.00227379	0.018743	0.00843591	0.00367959	0.00340017	0.00385751	0.00208582	0.0131875	0.013009	0.0140645	0.735833	0.0233285
83	0.0502996	0.00616487	0.000781784	0.000397358	0.0830036	0.00986116	0.000408435	0.218668	0.000167735	0.366796	0.0532938	0.000206129	0.00230077	0.00173723	0.000220321	0.00909061	0.0183638	0.167335	0.00523335	0.00567002
84	0.374575	0.0402789	0.00207137	0.0119654	0.00770585	0.14897	0.000287847	0.0113129	0.000702766	0.0156262	0.0169049	0.0052784	0.0062825	0.00499798	0.000659297	0.23429	0.0667852	0.0495407	0.000408722	0.00135629
85	0.111291	0.00032788	0.0737101	0.0835675	0.00149088	0.098437	0.0196776	0.011551	0.0272589	0.0113445	0.00675253	0.0788482	0.00556274	0.106633	0.029384	0.173636	0.124083	0.0281767	0.000358254	0.00790961
86	0.0859688	0.120286	0.000974347	0.00146282	0.0590998	0.00397139	0.000705586	0.144009	0.00105813	0.170474	0.0521463	0.00175737	0.00215596	0.00132772	0.000820632	0.0576636	0.0773541	0.184807	0.0318161	0.0021417
87	0.122551	0.00836564	0.000593842	0.00040418	0.0695138	0.0134803	0.00196471	0.274425	0.000343214	0.190891	0.0242181	0.000391491	0.00334067	0.00311681	0.000329543	0.0107946	0.0331849	0.234373	0.003463	0.00425398
88	0.325705	0.0140467	0.00151855	0.00328933	0.00656337	0.399837	0.000211344	0.00488149	0.00120894	0.0134513	0.00651223	0.00343231	0.00487831	0.00140402	0.000259883	0.164225	0.0321671	0.0157599	0.000240975	0.000407874
89	0.054129	0.00432302	0.0410904	0.0169196	0.0128098	0.020321	0.00455175	0.0951734	0.0130338	0.0758778	0.0181358	0.162182	0.00393636	0.0532143	0.00900618	0.182348	0.155154	0.0557381	0.00524004	0.0168152
90	0.14408	0.00887573	0.00128326	0.00190556	0.0408854	0.017234	0.00184833	0.255747	0.00126153	0.143465	0.025711	0.00252752	0.00424162	0.00523421	0.000714168	0.0212148	0.0420418	0.275115	0.00285526	0.00375807
91	0.462486	0.0149434	0.00316325	0.0036777	0.00861403	0.180117	0.000203331	0.00488823	0.000283441	0.0121457	0.010003	0.00637293	0.00539167	0.000989698	0.000217492	0.212916	0.0459776	0.0271294	0.000174693	0.000305318
92	0.061121	0.00739473	0.00257546	0.00219924	0.355663	0.0216234	0.00288477	0.102748	0.00948456	0.0928797	0.0204553	0.0227796	0.00248042	0.00376805	0.00281011	0.0269302	0.0400621	0.069453	0.0316029	0.121084
93	0.145465	0.0104771	0.00141131	0.0017314	0.125726	0.107513	0.000938614	0.106865	0.00468253	0.213073	0.0236163	0.00288109	0.0166712	0.00248723	0.00120646	0.0884685	0.0408285	0.0734485	0.0289046	0.00360458
94	0.136632	0.0095213	0.00100706	0.00239909	0.0205852	0.00899852	0.000682704	0.193819	0.00172179	0.0381303	0.0321583	0.00344574	0.00387682	0.00848279	0.00123358	0.0585169	0.289523	0.182175	0.000803358	0.00628682
95	0.0392082	0.00177514	0.000458073	0.00068129	0.0672563	0.00296462	0.000592029	0.158604	0.000365302	0.426598	0.116535	0.000509544	0.00202809	0.00440823	0.000248371	0.0172204	0.023774	0.126378	0.00129243	0.00910312
96	0.0479235	0.0031215	0.000587459	0.00057897	0.100998	0.00535315	0.000587881	0.178266	0.000235969	0.386325	0.075328	0.000415064	0.00312815	0.00263736	0.000362932	0.0100756	0.0228285	0.149344	0.00405212	0.0078514
97	0.177978	0.0240402	0.00323554	0.00485284	0.137389	0.0492722	0.0031556	0.0242633	0.0361137	0.0351574	0.301637	0.0368916	0.00755224	0.005345	0.00351761	0.0356075	0.0791797	0.0263233	0.00336178	0.00512611
98	0.127602	0.000427263	0.0643935	0.0484576	0.00121395	0.156427	0.0143337	0.0115617	0.0223621	0.0112124	0.00727572	0.0945892	0.00333156	0.0630817	0.0221788	0.237853	0.0900719	0.0175906	0.000426617	0.00561048
99	0.145146	0.00197976	0.000762427	0.00140675	0.00329575	0.0652152	0.000587763	0.0141682	0.00090979	0.00676121	0.00269804	0.0139743	0.00112629	0.00736683	0.000835104	0.311467	0.376451	0.0240851	0.000908288	0.0208546
100	0.0283299	0.000929063	0.000732988	0.0005472	0.0814634	0.00282048	0.000450371	0.160157	0.000230186	0.487449	0.0792685	0.000228974	0.00236627	0.00280151	0.000241391	0.00970215	0.0153578	0.116136	0.00257783	0.00821093
101	0.138967	0.000578129	0.0668418	0.0114254	0.00148124	0.236158	0.00586665	0.00900011	0.00694325	0.0120598	0.0083104	0.117744	0.0007228	0.0147843	0.00589337	0.310414	0.0466542	0.00376381	0.000432869	0.00195874
102	0.373464	0.0245507	0.0011713	0.00490246	0.00440916	0.105169	0.000344369	0.00725485	0.000533438	0.0171571	0.00723498	0.00331144	0.00471893	0.00946578	0.000467137	0.333052	0.0824564	0.0190156	0.000560461	0.000760507
103	0.0361505	0.0023833	0.000602142	0.000197072	0.0464218	0.00339927	0.000177642	0.357475	0.000179558	0.131101	0.0383332	0.000508674	0.00488154	0.000611517	0.0023017	0.00647056	0.0288405	0.335493	0.000758638	0.00371344
104	0.0737484	0.0104355	0.000897823	0.000137062	0.0371951	0.0215819	0.000103262	0.318036	0.000111715	0.254392	0.0161368	0.000169407	0.000279226	0.000866616	0.000342259	0.00518104	0.021364	0.235841	0.00245304	0.00072865
105	0.177152	0.0884351	0.00149631	0.0022405	0.0896597	0.158164	0.00123499	0.121284	0.00130241	0.0836614	0.0205876	0.00258322	0.00154983	0.00211397	0.00124607	0.0463613	0.0299918	0.156195	0.00148896	0.0132509
106	0.441943	0.0226778	0.00203867	0.00677637	0.00660575	0.154359	0.000158793	0.00547212	0.00025323	0.0111433	0.0108816	0.00548318	0.00650681	0.0014077	0.000190609	0.233184	0.0531355	0.0372344	0.000179482	0.00036865
107	0.069523	0.00678176	0.00300274	0.00306861	0.0120377	0.0148685	0.00154263	0.109016	0.00279065	0.068167	0.0140583	0.00999358	0.00395393	0.00607287	0.00271087	0.455886	0.17232	0.0370156	0.00251236	0.00467839
108	0.0583765	0.0136284	0.000424817	0.000110378	0.0415298	0.0196342	6.9817e-05	0.313067	8.83845e-05	0.266757	0.0203315	0.000125634	0.000244097	0.00103231	0.000179427	0.00388783	0.0153436	0.242029	0.00267312	0.000467537
109	0.062138	0.0133485	0.00043705	0.000119065	0.0449878	0.0197682	0.000108328	0.309229	0.000110139	0.264188	0.0207936	0.000133326	0.000400743	0.00103231	0.000176053	0.00420267	0.015919	0.239302	0.00292881	0.000677849
110	0.11336	0.0226891	0.000343853	0.00232131	0.0207335	0.047732	0.000247693	0.180137	0.00034629	0.221708	0.0195411	0.000614825	0.00167085	0.00260431	0.000395355	0.073607	0.0880343	0.196852	0.0063726	0.000689172
111	0.0177828	0.00315604	0.00232408	0.00295487	0.0838519	0.0261798	0.00165873	0.0151146	0.00226821	0.0178698	0.00825498	0.003614	0.00311064	0.00407202	0.00211666	0.012881	0.0131445	0.0141702	0.739347	0.0261281
112	0.14884	0.0233304	0.000388049	0.000792667	0.0651977	0.107371	0.000294273	0.109887	0.000365935	0.276324	0.0443705	0.000653121	0.000442876	0.00105698	0.000379099	0.0743032	0.0320678	0.110911	0.00196506	0.00105882
113	0.10025	0.0112398	0.000793748	0.000728385	0.394713	0.0116046	0.000326055	0.0705748	0.000765922	0.13204	0.0165674	0.00319532	0.000697944	0.000833137	0.000504194	0.0262958	0.0176532	0.0558948	0.0624132	0.0929088
114	0.0271513	0.000292682	0.000401733	0.000575466	0.0677176	0.00131907	0.000444722	0.149571	0.000181427	0.49402	0.104501	0.000238413	0.00175879	0.00404153	0.000137813	0.0097593	0.0166121	0.11076	0.00109113	0.00942501
115	0.0352028	0.000854139	0.000831238	0.000477429	0.010988	0.00165341	0.000198028	0.345481	0.000325067	0.0587779	0.0224631	0.00488881	0.00193645	0.00404122	0.000475648	0.00879268	0.0276429	0.473622	0.000444847	0.000903306
116	0.0980404	0.00265709	0.0271866	0.00679652	0.0116414	0.0197946	0.00263788	0.0727973	0.0307192	0.221707	0.0587445	0.0397602	0.00288671	0.0442039	0.0213295	0.166841	0.0981778	0.0529376	0.0159813	0.00515971
117	0.0435225	0.00125762	0.00117489	0.0283871	0.0184925	0.017018	0.040169	0.024079	0.167429	0.0262334	0.0134189	0.044867	0.00308744	0.0723974	0.395096	0.0721676	0.0130538	0.00864013	0.000659454	0.00884853
118	0.136683	0.000516666	0.0676797	0.0175727	0.00157453	0.224176	0.00725816	0.00931012	0.00929585	0.0121346	0.00811225	0.11404	0.00136571	0.0229623	0.00820434	0.296933	0.0528476	0.0062564	0.000438782	0.00263818
119	0.0297801	0.000447594	0.000738323	0.000285862	0.0152004	0.00109056	0.000159074	0.370909	0.000257221	0.0654424	0.0227113	0.00294681	0.00220735	0.00209357	0.000795258	0.00583562	0.0263152	0.451215	0.000351101	0.00121769
120	0.0191251	0.000455356	0.00323593	0.0400403	0.0030732	0.00684874	0.0253083	0.0161824	0.425983	0.0190165	0.00772131	0.0237471	0.00733833	0.0665291	0.248278	0.0384519	0.030767	0.012675	0.000337799	0.00488554
121	0.107284	0.000329002	0.0770682	0.0874907	0.00151016	0.0942558	0.0196933	0.0113303	0.0272205	0.0112632	0.00639648	0.0786597	0.00595076	0.11003	0.0289306	0.169353	0.126338	0.0286529	0.000246933	0.00799645
122	0.428892	0.0189927	0.0024711	0.00478586	0.00774458	0.151822	0.000213293	0.0079907	0.000384333	0.0131069	0.0107478	0.00634189	0.00690295	0.00231455	0.000562276	0.222846	0.0740045	0.0383516	0.000206679	0.00131851
123	0.229529	0.011312	0.000919774	0.00310114	0.00339819	0.0918291	0.000442637	0.0101978	0.000693331	0.00809599	0.00515957	0.0103377	0.0025499	0.00730849	0.000675862	0.312996	0.260063	0.0310162	0.000594518	0.00977964
124	0.105313	0.00189512	0.00106668	0.00160524	0.276873	0.0815464	0.000850071	0.138738	0.0459925	0.0882935	0.0157016	0.016361	0.00418449	0.00213327	0.00094203	0.0609237	0.0466672	0.076806	0.0178599	0.016247
125	0.0306016	0.00157326	0.000555425	0.000193872	0.0371879	0.00201807	0.000149448	0.362937	0.000175867	0.127001	0.0419068	0.000510468	0.00546746	0.000648388	0.00265007	0.00674989	0.030113	0.345669	0.000310457	0.00358129
126	0.0706016	0.000859668	0.167247	0.147801	0.00237802	0.0494953	0.0211769	0.00902825	0.0431831	0.0108291	0.00439239	0.0966142	0.0118864	0.0923642	0.0267297	0.11524	0.100518	0.0237173	0.000447942	0.00548838
127	0.163644	0.0108626	0.00224395	0.00553773	0.0801199	0.00416524	0.000788969	0.0975362	0.0218274	0.103289	0.0665226	0.0334629	0.00197713	0.0160149	0.0125619	0.0570307	0.19149	0.11525	0.00219744	0.0134777
128	0.029703	0.00062722	0.000677043	0.000220878	0.0215602	0.00120379	0.000122349	0.40506	0.000212436	0.0882994	0.0240818	0.00132921	0.00357628	0.00115884	0.0011274	0.00488019	0.0220304	0.391885	0.000356447	0.00188786
129	0.182274	0.0144293	0.000729476	0.00414638	0.0143644	0.0549553	0.000590315	0.169462	0.00126405	0.0977137	0.0298733	0.00199926	0.00650301	0.00378617	0.000809178	0.0643666	0.119752	0.228734	0.00235531	0.00189157
130	0.148111	0.0359842	0.00147942	0.00446028	0.0194374	0.0201906	0.000806029	0.091401	0.00310807	0.0833055	0.104839	0.00880071	0.0143674	0.00538766	0.00193281	0.139658	0.145722	0.162048	0.00204627	0.00691443
131	0.0771141	0.00637033	0.000530697	0.000224923	0.0666025	0.00924401	0.000575096	0.327364	0.000217927	0.154558	0.026701	0.000324487	0.00477802	0.000960163	0.00112814	0.00682289	0.027918	0.280186	0.00232388	0.00605587
132	0.25595	0.091995	0.0013592	0.00390685	0.0770908	0.11086	0.00113866	0.109864	0.00142983	0.0720194	0.0116261	0.00230577	0.00236622	0.00181389	0.00121889	0.0672312	0.0659081	0.113829	0.00162022	0.00646747
133	0.0395468	0.00247128	0.00972117	0.0313447	0.0159081	0.0203509	0.0159858	0.0266737	0.348241	0.0348063	0.0449589	0.0409825	0.00951396	0.0515566	0.157612	0.0561541	0.0604833	0.0245932	0.00191816	0.00717696
134	0.0437942	0.00672042	0.000367788	0.000136579	0.0387756	0.00973889	0.000112895	0.336723	0.00013417	0.193698	0.031697	0.000350278	0.00322184	0.000751199	0.00134147	0.00626158	0.0245384	0.298213	0.00133206	0.00209195
135	0.0640696	0.0127693	0.000541546	0.000107335	0.0405017	0.0201717	8.18927e-05	0.313138	8.74627e-05	0.262327	0.0190911	0.00013203	0.000255619	0.000969491	0.000176888	0.00393101	0.0170137	0.241621	0.00247578	0.00053831
136	0.173028	0.0536829	0.00209005	0.00869796	0.00719577	0.0685992	0.00131499	0.0624299	0.00189266	0.0382045	0.0299909	0.00678025	0.0674832	0.00580286	0.00303819	0.178164	0.140717	0.146811	0.0013613	0.00271619
137	0.0372872	0.00501847	0.000748117	0.000274569	0.062287	0.00845961	0.000205627	0.225863	0.000132407	0.407269	0.0561651	0.000201885	0.00166619	0.00172594	0.000269561	0.00725127	0.015065	0.162735	0.00222972	0.00514532
138	0.086277	0.00937605	0.000483339	0.000205526	0.0810968	0.017844	0.00045929	0.26589	0.000232116	0.252837	0.0214988	0.000212051	0.00228193	0.00098611	0.000200391	0.00555773	0.0240642	0.222784	0.00432257	0.00339077
139	0.0910362	0.0101414	0.000706605	0.000216885	0.0444995	0.0208687	0.000304524	0.297726	0.000139589	0.246618	0.0167335	0.000166884	0.000669505	0.000936903	0.000180729	0.00470785	0.023067	0.237182	0.00268738	0.00140969
140	0.118946	0.0147678	0.00111194	0.00155205	0.140611	0.0230444	0.00132909	0.202966	0.00256327	0.158083	0.0246838	0.00343445	0.00437551	0.00364668	0.00131806	0.0249223	0.0420323	0.19785	0.0133402	0.0194225
141	0.107449	0.000325505	0.0770349	0.087478	0.00151262	0.0943184	0.0197478	0.0113262	0.0272601	0.0112772	0.00638645	0.0786328	0.0059508	0.109869	0.0289199	0.169493	0.126081	0.0286501	0.00024917	0.00803824
142	0.0971808	0.00623722	0.0500488	0.0536855	0.0125057	0.0650598	0.0131529	0.03408	0.0305015	0.0402774	0.0184749	0.054306	0.0120623	0.149419	0.0268853	0.131794	0.144196	0.0443093	0.00416294	0.011661
143	0.0296396	0.000454515	0.000812661	0.000324456	0.0129906	0.00113129	0.00016673	0.356747	0.000295637	0.062511	0.0235365	0.00358787	0.00192177	0.00248508	0.000659468	0.00671901	0.0257317	0.468936	0.000371089	0.000977979
144	0.0187365	0.000551308	0.00282217	0.0362304	0.00474758	0.00915838	0.0221588	0.0197963	0.416365	0.0260959	0.0115541	0.0272838	0.00851223	0.0647041	0.227265	0.0471633	0.0350578	0.0164716	0.000349908	0.00497581
145	0.138967	0.000578129	0.0668418	0.0114254	0.00148124	0.236158	0.00586665	0.00900011	0.00694325	0.0120598	0.0083104	0.117744	0.0007228	0.0147843	0.00589337	0.310414	0.0466542	0.00376381	0.000432869	0.00195874
146	0.200583	0.0847422	0.000590649	0.00600948	0.00313679	0.0476919	0.000420541	0.0447386	0.000655366	0.027895	0.0347491	0.00502165	0.0387473	0.00227638	0.000520705	0.192231	0.157222	0.151156	0.000506287	0.00110662
147	0.0535347	0.0035065	0.000596279	0.000588395	0.0774012	0.0108232	0.000451176	0.14276	0.000589662	0.432204	0.114564	0.000470838	0.00172768	0.00358897	0.000331485	0.0128501	0.0248914	0.108607	0.00293192	0.00758217
148	0.0575881	0.00331781	0.0274221	0.0039152	0.010363	0.0325831	0.00228186	0.090868	0.048726	0.407689	0.0938507	0.00851736	0.00363052	0.0134326	0.00790116	0.10736	0.0471433	0.0230133	0.00661498	0.00378211
149	0.140051	0.0111783	0.000936517	0.00386802	0.060667	0.00502484	0.000677773	0.154849	0.00524104	0.0747401	0.0404551	0.0130625	0.00131931	0.00789929	0.00305715	0.0652229	0.236718	0.15561	0.00104953	0.0183723
150	0.173029	0.0274744	0.00232325	0.00363842	0.04197	0.029372	0.0011965	0.0902544	0.00407168	0.155681	0.183099	0.00699809	0.00550061	0.00519436	0.00265094	0.0507309	0.119827	0.0880477	0.00361289	0.0053267
151	0.0333519	0.00297462	0.000507609	0.00023766	0.0344712	0.00419438	0.000163058	0.340108	0.000171491	0.165257	0.0454202	0.000708628	0.00416655	0.00127254	0.00194397	0.00744897	0.0270132	0.326832	0.000611066	0.00314597
152	0.0188567	0.00311635	0.00234214	0.00278449	0.0959527	0.0246271	0.00166824	0.0175363	0.00214228	0.0215515	0.00883586	0.00336061	0.00302702	0.00370497	0.00203946	0.0122395	0.0126751	0.0164061	0.720842	0.0262913
153	0.189801	0.100457	0.00108365	0.00439015	0.0138627	0.0281717	0.00063601	0.0572358	0.000927805	0.0802283	0.0468647	0.00416793	0.0101463	0.00193042	0.00107565	0.13754	0.118272	0.195059	0.00612758	0.0020227
154	0.0354872	0.00605642	0.0047237	0.00157738	0.455918	0.00761456	0.00132145	0.0296908	0.00108986	0.147602	0.0590304	0.00414454	0.00163047	0.00583458	0.00121975	0.0130725	0.0100487	0.0343863	0.0181207	0.16143
155	0.0720061	0.00823842	0.000681795	0.00145246	0.0206354	0.0274306	0.000287116	0.300854	0.000336974	0.151106	0.0269325	0.0014174	0.00406941	0.00273013	0.00107589	0.04116	0.0591748	0.276358	0.00224305	0.00180964
156	0.0906631	0.00464562	0.000814976	0.00292713	0.00699098	0.794369	0.000339078	0.0085533	0.00365442	0.0116249	0.00263996	0.00145393	0.00239729	0.00120292	0.00067634	0.051916	0.00810026	0.00572747	0.000514316	0.000788935
157	0.0282167	0.000609534	0.000653306	0.000236952	0.019241	0.00117195	0.000118173	0.401712	0.00022716	0.079576	0.0236468	0.00175198	0.00293649	0.0014292	0.000949512	0.00509768	0.0224747	0.407957	0.000383567	0.00161062
158	0.117637	0.00496406	0.175399	0.318913	0.00820644	0.0255232	0.0218303	0.0178547	0.0353505	0.0251591	0.00872381	0.0456808	0.00912928	0.0367097	0.0172096	0.0582081	0.0420648	0.0244919	0.00202172	0.00492276
159	0.270698	0.0112741	0.0195443	0.00651273	0.00510557	0.277274	0.00200865	0.00787449	0.00323792	0.0137472	0.0079787	0.036431	0.00633899	0.0069029	0.00245477	0.251	0.0503619	0.0194285	0.000376033	0.00145003
160	0.444662	0.0155742	0.00442075	0.00478584	0.00849869	0.14876	0.00064602	0.00895492	0.00104788	0.015615	0.0107174	0.00853972	0.00962007	0.00358187	0.00110033	0.222341	0.0558486	0.0335505	0.000385703	0.00135045
161	0.176581	0.0396162	0.00170791	0.00482325	0.0068419	0.0268335	0.000771276	0.0720638	0.00190961	0.0242282	0.0491211	0.020054	0.00888928	0.00378841	0.00146277	0.247841	0.143563	0.160746	0.0014704	0.00768658
162	0.063531	0.0030364	0.000719144	0.00146462	0.00967261	0.00689999	0.000299352	0.289021	0.000508833	0.0642949	0.0429842	0.00596113	0.00482476	0.00602666	0.000718482	0.0274045	0.0501288	0.420747	0.000526191	0.0012302
163	0.0304163	0.000608405	0.000475061	0.000674955	0.0817455	0.00222534	0.000669313	0.146904	0.000215171	0.456196	0.115947	0.000300483	0.00204294	0.00479851	0.00035792	0.00937452	0.0188733	0.112299	0.0028259	0.0130506
164	0.43166	0.0166529	0.00421738	0.00405638	0.00706564	0.163355	0.000400734	0.00577226	0.000453449	0.0124486	0.00960129	0.00907617	0.00647799	0.00239153	0.000573797	0.235829	0.0602729	0.0288783	0.000244725	0.000571482
165	0.129282	0.000420497	0.0636388	0.0429635	0.0012404	0.165172	0.0143128	0.0121186	0.0219483	0.0113202	0.007424	0.0983073	0.00309848	0.0555791	0.0221509	0.24256	0.0856694	0.0164555	0.000430204	0.00590805
166	0.0321461	0.000749952	0.00180294	0.0373398	0.00932831	0.012991	0.0425675	0.0159893	0.264281	0.0169474	0.00742627	0.0279078	0.00363424	0.0774107	0.361398	0.0530357	0.0163131	0.00754389	0.000425938	0.0107601
167	0.322984	0.024664	0.00453339	0.00887568	0.0208713	0.094588	0.00123812	0.0664523	0.00291585	0.0577971	0.0230556	0.00969517	0.00746493	0.00866635	0.00309192	0.180216	0.080729	0.07554	0.00235892	0.00426183
168	0.0186431	0.000443515	0.00294402	0.0400078	0.00292348	0.00671286	0.0256481	0.0159661	0.428315	0.0184945	0.00741107	0.0232352	0.00708945	0.0663666	0.250512	0.0368679	0.0306867	0.0124323	0.000304576	0.00499559
169	0.139438	0.000987163	0.0300478	0.0592128	0.0022501	0.00520816	0.0183434	0.0160401	0.284543	0.0101148	0.00213342	0.00690171	0.00682729	0.0482553	0.139794	0.173629	0.0393375	0.00966178	0.00634347	0.000930789
170	0.0990086	0.00040657	0.110537	0.0972536	0.0018158	0.077442	0.0204877	0.0115947	0.0306162	0.0108117	0.00575854	0.0809295	0.00708691	0.109847	0.0270237	0.152616	0.121849	0.0275635	0.00032718	0.00702398
171	0.0446644	0.00170267	0.000699296	0.00072525	0.0171632	0.00481711	0.000234927	0.352024	0.000479513	0.0751742	0.0235055	0.0031247	0.00275381	0.00281499	0.00080342	0.00991409	0.032162	0.424858	0.000635748	0.00174299
172	0.130877	0.000572095	0.0530778	0.0677571	0.00178091	0.0921426	0.0176572	0.0122345	0.0990627	0.0113083	0.00575064	0.0571223	0.00528265	0.0775042	0.0632738	0.193333	0.0835672	0.0202335	0.00210189	0.00536068
173	0.0163807	0.00080519	0.0022744	0.0310126	0.0068195	0.0113604	0.0169291	0.0276061	0.416415	0.0418723	0.0148467	0.022532	0.0095071	0.0557568	0.20942	0.0481992	0.0387549	0.0220914	0.000535409	0.00688095
174	0.442668	0.0154622	0.00371184	0.00456775	0.00880252	0.159346	0.000485021	0.0087855	0.00233181	0.0163965	0.010063	0.00708637	0.0117431	0.00338502	0.00217287	0.216865	0.0525979	0.03119	0.000750269	0.00158909
175	0.115917	0.00404975	0.00114773	0.00239461	0.00504024	0.0558636	0.0010373	0.0183066	0.00179516	0.0121914	0.00579203	0.0153426	0.00340582	0.00810144	0.00181146	0.332452	0.366562	0.0296727	0.00141301	0.0177031
176	0.0306238	0.00119523	0.000545547	0.000193898	0.0386329	0.00162422	0.000149143	0.364018	0.000182653	0.122017	0.0425892	0.000504985	0.00562392	0.00058924	0.00275979	0.00699007	0.0308029	0.346799	0.000308504	0.0038499
177	0.046628	0.00512208	0.00224837	0.000460514	0.104502	0.0112516	0.000646455	0.226276	0.000203762	0.353709	0.0386013	0.000256082	0.00471898	0.00123988	0.000571293	0.00652679	0.018804	0.156981	0.00866235	0.0125918
178	0.290536	0.0119199	0.00219417	0.00302237	0.00668377	0.449486	0.000403281	0.00525882	0.00171329	0.0131565	0.00588406	0.0046154	0.00484722	0.00144777	0.00047907	0.153623	0.030145	0.0139107	0.000246402	0.000428229
179	0.0722377	0.00846519	0.00104661	0.0009406	0.405024	0.0102126	0.000997968	0.0776404	0.000764836	0.155826	0.0190124	0.00378726	0.000675456	0.00112531	0.00123471	0.0234892	0.0185561	0.0604982	0.0492157	0.0892504
180	0.0597413	0.0133648	0.000443026	0.000109122	0.0415242	0.0196067	7.96397e-05	0.3124	8.73214e-05	0.265468	0.0201485	0.000124419	0.000269339	0.00103858	0.000185828	0.00397177	0.0157325	0.242538	0.00263956	0.000526532
181	0.127359	0.0190077	0.000361697	0.00253755	0.0225378	0.0525133	0.000251609	0.159715	0.000325981	0.215745	0.0107942	0.000559958	0.00087091	0.00240446	0.000314439	0.0843702	0.096045	0.197471	0.00623891	0.000576056
182	0.209957	0.0711225	0.000490659	0.0060422	0.00433144	0.0398858	0.000346935	0.0480411	0.000674047	0.0393265	0.0339616	0.00543922	0.0142383	0.00190509	0.000452535	0.179179	0.16222	0.180031	0.000525116	0.00182979
183	0.0282444	0.000441552	0.000443373	0.000525203	0.0730903	0.0018815	0.000449004	0.14872	0.000198115	0.49312	0.0982439	0.000222296	0.00189465	0.00358707	0.000161761	0.01011	0.017258	0.110825	0.00148779	0.00909591
184	0.13336	0.0179654	0.000309902	0.00220803	0.0188808	0.0541029	0.000203168	0.159899	0.000231846	0.229676	0.00970403	0.000429435	0.000454386	0.00265658	0.00026201	0.0738444	0.0880806	0.200398	0.00695361	0.000379641
185	0.054543	0.0101269	0.000575971	0.00014274	0.0497103	0.0155261	9.99617e-05	0.290503	0.000132653	0.294967	0.0316989	0.000157063	0.000939856	0.00111166	0.000246066	0.00497997	0.0165326	0.223484	0.00256475	0.0019569
186	0.0428319	0.0242204	0.00442213	0.00461198	0.331716	0.0123601	0.0044763	0.034671	0.00246587	0.140687	0.0829717	0.023976	0.00223286	0.00968045	0.00690569	0.0220599	0.0234108	0.0351084	0.0140639	0.177128
187	0.0305923	0.00131134	0.000545056	0.000196477	0.0371051	0.0016827	0.000150534	0.363826	0.000177502	0.122391	0.0422778	0.000606816	0.00528041	0.000617826	0.00261047	0.00678574	0.0302705	0.349714	0.000315958	0.00354175
188	0.14868	0.023327	0.00037727	0.000645243	0.0735909	0.103076	0.000310119	0.100532	0.000416506	0.294846	0.0525571	0.000735976	0.000503679	0.000886934	0.000364793	0.0709384	0.0266779	0.0987491	0.00178207	0.0010031
