751	20
1	0.00634063	0.00118612	0.00189668	0.00303142	0.117676	0.00215206	0.00182088	0.207682	0.00309291	0.101698	0.0717822	0.00288668	0.000751836	0.00277519	0.00163526	0.00370771	0.00507936	0.409433	0.00131266	0.0540604
2	0.00336574	0.00161373	0.000900509	0.00113743	0.0270576	0.000834104	0.000554647	0.261578	0.0146247	0.573901	0.0475695	0.00116442	0.00137737	0.00167843	0.0135887	0.0026114	0.00232734	0.038073	0.00241489	0.00362728
3	0.12649	0.000181276	0.107432	0.482983	0.000332933	0.00519647	0.00127004	0.00046445	0.074394	0.00395523	0.000405916	0.0287413	0.000400116	0.0866472	0.00392232	0.0317207	0.0379639	0.00708168	0.000143714	0.000273821
4	0.192782	0.000430568	0.106265	0.372795	0.000379827	0.00648494	0.00209973	0.000719917	0.0823352	0.00765976	0.00057856	0.0411754	0.00111916	0.0876997	0.00614677	0.0388204	0.0404192	0.0115917	0.00013435	0.000363036
5	0.0364354	0.0141337	0.00906485	0.00527389	0.257397	0.0278662	0.130168	0.00809933	0.0265607	0.0283753	0.00254298	0.0566993	0.000849269	0.0084575	0.0214428	0.0128465	0.00706872	0.0118495	0.00659903	0.32827
6	0.0499134	0.00354536	0.0672841	0.0714954	0.00488712	0.00752642	0.0500716	0.00516023	0.12655	0.0778572	0.00486058	0.0897802	0.00518678	0.121888	0.236557	0.00999154	0.0148403	0.0270541	0.00117321	0.024377
7	0.147035	0.00249783	0.0432104	0.16102	0.00383301	0.0384697	0.0143833	0.0140102	0.188753	0.0150959	0.00870217	0.0489938	0.00485012	0.149959	0.0376319	0.0635578	0.0340828	0.0231871	0.000122927	0.000603492
8	0.113008	0.00232829	0.0113056	0.0702792	0.00365304	0.00876058	0.367408	0.0246165	0.0519684	0.0702303	0.00522525	0.0112092	0.0027575	0.152517	0.0389344	0.034231	0.0134135	0.00966865	0.00556528	0.00292033
9	0.178315	0.00781926	0.00171133	0.0783235	0.00369344	0.00147463	0.00147702	0.109208	0.0677995	0.0150213	0.0157776	0.00794991	0.000712997	0.0160863	0.0132183	0.0941843	0.144986	0.240961	0.000435528	0.000844496
10	0.279033	0.00102552	0.0958417	0.302319	0.000687833	0.00496632	0.00816367	0.00164193	0.086196	0.0124252	0.00116089	0.0552662	0.00280444	0.0632698	0.00895845	0.0328964	0.0274283	0.0143414	0.000200093	0.00137314
11	0.0581647	0.000293301	0.100063	0.711716	0.000425474	0.00254195	0.00052047	0.000797049	0.020606	0.000918388	0.000542729	0.00480855	0.00159391	0.0527848	0.00616823	0.0156662	0.0156755	0.00612857	0.000156967	0.000428469
12	0.0299499	0.00777446	0.0143252	0.0325296	0.00804787	0.00853936	0.0245755	0.0136882	0.200223	0.0285294	0.0131707	0.0242386	0.0057278	0.0560195	0.445672	0.026507	0.0295471	0.0192174	0.00414726	0.0075695
13	0.0016131	0.000147599	0.00115421	0.0015141	0.00449191	0.000284961	0.000275153	0.673723	0.000398925	0.0874312	0.00673848	0.000294563	8.08337e-05	0.000430557	0.000221014	0.00129319	0.00291054	0.216196	5.89692e-05	0.000741663
14	0.122502	0.000252342	0.00141801	0.00142381	0.0003608	0.0081126	0.000449806	0.000573627	0.00143615	0.00371987	0.00283469	0.000855319	0.815926	0.000881449	0.00337838	0.010487	0.00415193	0.0206787	0.000102456	0.000455659
15	0.121995	0.000252212	0.00129858	0.00118447	0.000359539	0.00814606	0.000375972	0.000519418	0.0013594	0.00357399	0.00281453	0.000815015	0.818023	0.00080193	0.00336935	0.0103844	0.00388362	0.0203429	0.000101008	0.000399053
16	0.0264459	0.00183919	0.00481306	0.00671703	0.00302767	0.00327446	0.00350042	0.00453256	0.160502	0.436761	0.00605749	0.0373489	0.00211511	0.140225	0.101509	0.0062622	0.0388541	0.0130386	0.00101867	0.00215752
17	0.125897	0.000320286	0.00151616	0.00222977	0.000375531	0.00808494	0.00042919	0.000705362	0.0019605	0.00365448	0.00282435	0.000893797	0.809946	0.00111446	0.00346892	0.0113861	0.00427688	0.0203838	0.000106177	0.000426307
18	0.0102741	0.002635	0.00145618	0.00250409	0.0211911	0.00206919	0.00240377	0.224435	0.00875006	0.545327	0.0724692	0.00283216	0.00143851	0.00299436	0.00552573	0.00365193	0.00709091	0.0729657	0.00300323	0.00698314
19	0.0105753	0.000761878	0.15593	0.0481165	0.00643717	0.00347086	0.00138115	0.00162916	0.00418702	0.00225995	0.00134375	0.213747	0.000792649	0.0217239	0.00196563	0.193953	0.319893	0.0101233	0.000513086	0.00119639
20	0.414135	0.000544994	0.0460501	0.119243	0.00211263	0.0160507	0.00378061	0.00271802	0.111623	0.0131205	0.00119576	0.0139694	0.0950836	0.0146795	0.0214412	0.0604034	0.0347434	0.026048	0.000377736	0.00267983
21	0.165758	0.00196471	0.0407382	0.20433	0.0022613	0.0335084	0.0174516	0.0109446	0.157396	0.0163462	0.00889901	0.0310223	0.00601394	0.140592	0.0431434	0.0637704	0.0354604	0.0195928	9.61884e-05	0.000710968
22	0.0201909	0.000720925	0.0224063	0.171235	0.00192826	0.00534924	0.00763812	0.00769997	0.15333	0.0186908	0.0345837	0.0280251	0.00163365	0.398527	0.0881853	0.0166461	0.0105355	0.00996862	0.000368427	0.00233805
23	0.0462218	0.0200574	0.00438944	0.00627419	0.00241141	0.00338675	0.00251093	0.00379868	0.00660975	0.00481207	0.0217032	0.00557295	0.00200446	0.0052547	0.00429523	0.00644941	0.690934	0.160453	0.000802397	0.0020575
24	0.184547	0.00145666	0.03865	0.171627	0.0014422	0.0494469	0.0167097	0.0109967	0.146084	0.0151843	0.00821802	0.0315129	0.0109747	0.125808	0.0535155	0.0807338	0.0313746	0.0202171	0.000130632	0.00137061
25	0.241265	0.00708096	0.185768	0.218099	0.00109106	0.117757	0.0016594	0.00116031	0.025196	0.00868032	0.0013279	0.0201201	0.00107365	0.0574445	0.00270309	0.0756774	0.0254085	0.00711837	0.000290107	0.00108007
26	0.0399331	0.0158357	0.000738029	0.00130615	0.0117729	0.00245634	0.000660553	0.0848205	0.0146218	0.500683	0.0640897	0.00108484	0.00257706	0.00296724	0.000872056	0.00433172	0.0146483	0.223169	0.00220451	0.0112274
27	0.222303	0.000344485	0.169706	0.454002	0.000598019	0.0038691	0.000587214	0.000797908	0.0236392	0.00125921	0.000755817	0.00744211	0.015224	0.0425991	0.0010929	0.0224627	0.025238	0.00735137	0.000240427	0.000488674
28	0.059866	0.00142546	0.00340538	0.0468919	0.361814	0.0153018	0.00205459	0.00322229	0.00511463	0.0745429	0.00232424	0.031948	0.00124158	0.00442483	0.0281074	0.00595198	0.138102	0.113165	0.000841996	0.100254
29	0.0165431	0.00156924	0.00047589	0.00116321	0.0122819	0.000715755	0.000808581	0.083254	0.00957207	0.657187	0.0801879	0.00070229	0.00309915	0.00171205	0.000815162	0.00217365	0.00876462	0.105112	0.00369786	0.010165
30	0.0247009	0.00192007	0.000865935	0.0014759	0.0124842	0.000808022	0.000638253	0.0663616	0.024017	0.552648	0.0704556	0.00106623	0.0030571	0.00217962	0.000944658	0.00511784	0.0166843	0.198419	0.00249973	0.0136555
31	0.0576026	0.00105674	0.289377	0.349323	0.000633592	0.0224074	0.0443117	0.0045097	0.0390773	0.00249689	0.00883649	0.0563065	0.000570693	0.041347	0.018238	0.0370493	0.00730587	0.00659017	0.000182695	0.0127769
32	0.00477602	0.00290568	0.000923276	0.00194225	0.0126237	0.000920243	0.00169931	0.0468897	0.00546767	0.730524	0.144572	0.00127425	0.0012665	0.00509224	0.00396198	0.00182344	0.00754645	0.0205819	0.00139809	0.00381083
33	0.00336419	0.000561595	0.00139028	0.00229223	0.115577	0.00180705	0.00089309	0.0577495	0.00361258	0.777441	0.0173574	0.0017258	0.000582693	0.00215795	0.00174087	0.00243127	0.00410157	0.00332841	0.000294368	0.00159061
34	0.153527	0.020157	0.00112384	0.0344257	0.00679913	0.00105263	0.000698634	0.0873229	0.0681593	0.0220286	0.0105213	0.00659283	0.000344424	0.00476715	0.0337494	0.133424	0.230634	0.183971	0.000178344	0.00052287
35	0.00431256	0.00110841	0.0980067	0.101864	0.00117798	0.00158627	0.275824	0.00146625	0.00282025	0.00222041	0.00133327	0.340709	0.000692225	0.0330093	0.0181019	0.0357885	0.0277591	0.00280914	0.000388986	0.0490218
36	0.0361749	0.0980595	0.0129987	0.0593441	0.00775119	0.00945199	0.119103	0.0175299	0.110059	0.0192004	0.0138618	0.0205941	0.003939	0.0840527	0.310681	0.0178624	0.0232792	0.0253492	0.00370346	0.00700386
37	0.0135172	0.00120276	0.00139183	0.00263917	0.00155743	0.00133156	0.000221513	0.187704	0.000892396	0.0167624	0.00845239	0.000461666	0.000105771	0.000352693	0.000911957	0.00438154	0.0152365	0.742602	8.85364e-05	0.000186719
38	0.0338326	0.00819405	0.0210984	0.0590292	0.00537365	0.0103847	0.00691679	0.0114979	0.0232549	0.0516995	0.00930751	0.0789341	0.0931627	0.0162444	0.056016	0.456352	0.0343004	0.0167447	0.00222471	0.00543199
39	0.12183	0.000251456	0.00174622	0.00154317	0.000353602	0.00825746	0.000379532	0.000519538	0.00161074	0.00354312	0.0027959	0.00087324	0.816772	0.000875771	0.00338165	0.0106016	0.00395773	0.0201954	0.000128456	0.000382824
40	0.0151118	0.00110447	0.00475697	0.00169113	0.000874087	0.943999	0.000246651	0.00050316	0.00288336	0.000468387	0.000488329	0.0088403	0.000215012	0.00112862	0.000725736	0.011488	0.00385584	0.00100142	0.000122981	0.000494696
41	0.0718734	0.0127642	0.0117071	0.0297048	0.0177271	0.0101214	0.00636232	0.0909937	0.0304215	0.0466622	0.0249465	0.019186	0.00887601	0.0167736	0.015333	0.0526469	0.181618	0.341727	0.00180067	0.00875395
42	0.0641577	0.00682722	0.182923	0.0439112	0.0971741	0.0291613	0.016829	0.0156893	0.0361569	0.0225516	0.0138365	0.0731149	0.00821325	0.0355683	0.0231325	0.159649	0.110622	0.0255334	0.0172623	0.0176872
43	0.0549457	0.000576658	0.232645	0.371592	0.000849526	0.00236622	0.000952185	0.00154321	0.0385217	0.00242048	0.0013097	0.023579	0.139005	0.0384209	0.00189628	0.0389693	0.0443277	0.00465143	0.00042429	0.00100362
44	0.789356	0.00922842	0.00100721	0.00175857	0.000367489	0.0382055	0.000373424	0.00206395	0.00168616	0.000935382	0.00359547	0.00187776	0.000608904	0.00117053	0.000878535	0.113949	0.0181396	0.0126168	0.000145986	0.00203527
45	0.560407	0.0219029	0.00214192	0.00434901	0.00165859	0.0229722	0.000794676	0.0058415	0.00457228	0.00299697	0.00256697	0.00287787	0.00383791	0.00136325	0.00255618	0.236138	0.0951906	0.024817	0.000201556	0.00281333
46	0.0175677	0.0022618	0.0212469	0.041116	0.0621551	0.0314243	0.046891	0.00584045	0.240957	0.070195	0.00405666	0.0200486	0.00209889	0.0699764	0.0927698	0.00997093	0.0109288	0.00904896	0.00162846	0.239817
47	0.0173509	0.00338769	0.00130985	0.005016	0.00302306	0.00123088	0.000344949	0.254029	0.00115561	0.0249026	0.00777182	0.000706037	0.000142633	0.00100435	0.0028343	0.00404434	0.0132781	0.657618	0.000125015	0.000725141
48	0.0623369	0.00568559	0.0346558	0.0736662	0.00681952	0.0204795	0.0206265	0.0218655	0.314599	0.0285002	0.0116786	0.0395052	0.0171043	0.0725737	0.129744	0.045537	0.0505763	0.032478	0.00268549	0.00888244
49	0.531752	0.129694	0.0064788	0.0114351	0.00400423	0.0276819	0.00259051	0.0135317	0.0125686	0.0141575	0.00932055	0.00628806	0.00281557	0.00995179	0.00838372	0.109595	0.0493404	0.0444416	0.00092869	0.00503941
50	0.271216	0.00312388	0.138533	0.174751	0.000800469	0.140785	0.00177411	0.00116401	0.0289057	0.0045531	0.00108348	0.0305607	0.00178561	0.0319108	0.00298341	0.113179	0.0423193	0.00928003	0.000285394	0.00100555
51	0.0210125	0.00385788	0.0177258	0.0144369	0.219496	0.0565182	0.0114024	0.0139296	0.0151845	0.0143709	0.00733711	0.0117158	0.00477534	0.0224304	0.00873739	0.0357407	0.0405982	0.0195333	0.359592	0.101606
52	0.0126242	0.00281064	0.00280528	0.00355988	0.0242664	0.00277523	0.00474205	0.0923869	0.0138302	0.66301	0.0882895	0.00364682	0.00395257	0.00951133	0.00718341	0.00493794	0.00974552	0.041978	0.00164311	0.00630125
53	0.166674	0.00070185	0.12611	0.0555029	0.00102933	0.063919	0.0123248	0.00120297	0.0244236	0.00667942	0.00108753	0.0981003	0.000604793	0.00708156	0.0136288	0.207329	0.199227	0.0132609	0.000297739	0.00081426
54	0.178557	0.00129907	0.0526826	0.174257	0.00118165	0.0572213	0.016309	0.00873339	0.139948	0.0150967	0.00837102	0.0312391	0.0128257	0.124765	0.0530874	0.0809785	0.0270047	0.0146778	0.00012713	0.00163876
55	0.00170967	0.000165687	0.00111557	0.0015082	0.00410943	0.000282179	0.000280698	0.670761	0.000400321	0.0845798	0.00595791	0.000303547	7.91023e-05	0.00039659	0.000244572	0.00136707	0.0029357	0.223199	5.58086e-05	0.000548071
56	0.485856	0.00380302	0.00267173	0.00432382	0.00399658	0.0143331	0.00311383	0.0366719	0.00667668	0.0656872	0.004739	0.00401846	0.00102965	0.00391908	0.00313148	0.0360081	0.0681153	0.249696	0.000481718	0.00172777
57	0.0209191	0.234984	0.0169442	0.0191594	0.00184004	0.00288352	0.00195883	0.0165789	0.00488449	0.0305344	0.00256459	0.0315332	0.00136093	0.00374765	0.00369461	0.526311	0.0200104	0.0579542	0.000649804	0.0014866
58	0.0848433	0.000347373	0.0860994	0.0573306	0.000427764	0.0145142	0.000532129	0.000741574	0.0549959	0.00639865	0.000661452	0.0131473	0.576457	0.00858543	0.000831141	0.0613541	0.0217543	0.00302565	0.00753043	0.000421913
59	0.0377651	0.00304699	0.00589325	0.0311335	0.056178	0.0347958	0.04974	0.158041	0.0136811	0.185846	0.0148455	0.028342	0.00200297	0.0313962	0.00555758	0.0589333	0.0146069	0.198275	0.00110794	0.0688117
60	0.0016806	0.00015258	0.0012437	0.00157622	0.00480369	0.000292536	0.000329679	0.67435	0.00041107	0.0898935	0.00674953	0.00031895	8.03015e-05	0.000437177	0.000232194	0.00126801	0.00286107	0.212451	5.89592e-05	0.000808848
61	0.0179627	0.0123319	0.127105	0.00451221	0.00178059	0.00232519	0.00158264	0.00701152	0.0041944	0.00334783	0.0131826	0.0566137	0.0321016	0.00350498	0.00355695	0.591678	0.111216	0.00392296	0.000580635	0.00148784
62	0.152429	0.00114477	0.00334916	0.023218	0.00165123	0.00343416	0.0149327	0.0026555	0.270748	0.00321278	0.0019714	0.00369752	0.260599	0.0444753	0.124848	0.0692696	0.0115679	0.00478192	0.000664523	0.00135015
63	0.0341851	0.00061229	0.0562122	0.373225	0.0205087	0.0212666	0.00481292	0.00159566	0.12917	0.00355572	0.00230075	0.0293151	0.000758375	0.136804	0.116774	0.0271748	0.0216614	0.0105848	0.000502936	0.00897923
64	0.00576218	0.000765528	0.000630053	0.000893064	0.0136053	0.000873859	0.000753962	0.201494	0.00584801	0.626747	0.0756724	0.000814811	0.000945081	0.00146036	0.00263058	0.00149987	0.00339219	0.0454598	0.00442576	0.00632529
65	0.014029	0.0034133	0.00344034	0.00592714	0.0230443	0.00405167	0.00614399	0.0706932	0.0137625	0.665542	0.0903169	0.00375392	0.0041578	0.0101009	0.00951239	0.00637706	0.0119378	0.0444764	0.00248434	0.00683448
66	0.46794	0.0103136	0.0540652	0.111479	0.00154468	0.0922447	0.00341302	0.00571999	0.0436873	0.00740418	0.00649784	0.0195812	0.013984	0.0320482	0.0134611	0.0598152	0.0252705	0.0286723	0.000601963	0.00225587
67	0.108589	0.00326453	0.089982	0.0666917	0.00421676	0.0570076	0.00720903	0.0134248	0.0856907	0.0105348	0.0754586	0.100288	0.0587748	0.0931879	0.0306504	0.0412907	0.131882	0.0150993	0.00132245	0.00543465
68	0.0446429	0.0085048	0.0150059	0.0285247	0.0201812	0.00928859	0.010726	0.101841	0.0276855	0.214811	0.292059	0.0179462	0.00763941	0.026852	0.0292595	0.0202371	0.0518772	0.0622206	0.00283895	0.00785812
69	0.00521497	0.00220452	0.00228046	0.00261411	0.00400761	0.00985528	0.00792812	0.201878	0.00314898	0.450583	0.133351	0.00820288	0.000761711	0.0194527	0.00241163	0.0149393	0.00421491	0.123632	0.00158944	0.00172929
70	0.0183721	0.00148167	0.00376666	0.00143449	0.000231833	0.944486	0.000375054	0.000786602	0.00263718	0.000419545	0.00058982	0.00610667	0.000261111	0.00122058	0.000875633	0.0118627	0.00341233	0.000815229	5.62891e-05	0.000808539
71	0.0179025	0.00152138	0.00794377	0.00268471	0.000688679	0.925326	0.00108561	0.000796466	0.00540193	0.000887606	0.000569128	0.00962104	0.00102122	0.0018202	0.00213998	0.0137152	0.00448169	0.00118381	9.40996e-05	0.00111516
72	0.032126	0.00501992	0.00269678	0.00568193	0.34086	0.0109574	0.0267789	0.00515197	0.00897967	0.0162396	0.00150902	0.0204044	0.000702079	0.00838192	0.00723985	0.00659047	0.011342	0.0132032	0.00549669	0.470638
73	0.172532	0.00493612	0.0531357	0.0202868	0.00326971	0.0247601	0.0073415	0.00537934	0.0203831	0.00600359	0.00614129	0.207872	0.00441502	0.00918926	0.00976438	0.398146	0.0301498	0.0120302	0.000894802	0.00336922
74	0.0134007	0.00143683	0.00143398	0.00263729	0.00154592	0.00137963	0.00022655	0.188189	0.000900837	0.0168879	0.00840449	0.000469473	0.000105747	0.000358647	0.000944577	0.00434533	0.0155332	0.74151	8.65726e-05	0.000203048
75	0.171533	0.001176	0.0420149	0.175653	0.00135083	0.054121	0.02272	0.0104089	0.137631	0.0126637	0.00953024	0.0342422	0.0160316	0.133183	0.0546226	0.0768946	0.0264966	0.0177732	9.5951e-05	0.00185718
76	0.213402	0.0026567	0.0179346	0.0753707	0.00632017	0.00841657	0.00939051	0.00540604	0.0595708	0.0357904	0.00326842	0.00836943	0.212464	0.0324163	0.0154121	0.0847676	0.121386	0.0632046	0.000904628	0.0235481
77	0.00306322	0.0033799	0.000549437	0.00179642	0.00675163	0.00044438	0.00121929	0.0240509	0.00343374	0.803756	0.122908	0.000572222	0.000874539	0.00302117	0.000451453	0.000811651	0.00466052	0.0134086	0.00107856	0.0037678
78	0.00158762	0.000153109	0.00111681	0.00149801	0.00410858	0.000282778	0.000277668	0.670875	0.000394685	0.0844866	0.00597576	0.000308333	7.80043e-05	0.000392792	0.000220702	0.0013631	0.00294107	0.223336	5.58086e-05	0.000546874
79	0.0658609	0.00119458	0.285062	0.353917	0.00061539	0.0249841	0.0407693	0.00421455	0.0385057	0.0026538	0.00903685	0.0517881	0.000590939	0.0408559	0.01735	0.0376137	0.00703549	0.00624128	0.00019329	0.0115182
80	0.339277	0.00410428	0.00710874	0.00881682	0.100929	0.0359865	0.00348348	0.0596621	0.0107361	0.222678	0.0504391	0.00729247	0.00205882	0.0577776	0.0066494	0.0573731	0.0120081	0.00870499	0.00115005	0.00376491
81	0.011222	0.00480607	0.00239961	0.00340721	0.0237989	0.00230637	0.00482919	0.0727718	0.0106113	0.68116	0.0964726	0.00270661	0.00335854	0.00762687	0.0076979	0.00462315	0.00947925	0.0414884	0.00238362	0.0068506
82	0.155964	0.00112042	0.047856	0.185511	0.00136312	0.052533	0.0181252	0.00898264	0.146841	0.0123555	0.00808121	0.0325756	0.0114859	0.132677	0.0616791	0.0801949	0.0257434	0.015437	8.33562e-05	0.00138944
83	0.0315387	0.0268632	0.00108215	0.00158085	0.0196998	0.0047999	0.0015192	0.146855	0.00801134	0.438935	0.0701821	0.00178677	0.00162635	0.00865693	0.00201899	0.00471563	0.0187319	0.201927	0.00178962	0.00767948
84	0.717465	0.023175	0.00094001	0.0253545	0.000521164	0.0623582	0.000663856	0.00783511	0.0176998	0.00112771	0.0103939	0.00144291	0.000818316	0.0289167	0.00944604	0.0280045	0.00586986	0.0569879	0.000260898	0.000719223
85	0.185917	0.000697605	0.0539107	0.158626	0.000683749	0.0605896	0.0114308	0.00747002	0.0960111	0.00631149	0.0141506	0.061017	0.0544907	0.101863	0.0545757	0.0873444	0.0297905	0.00773381	0.000168614	0.00721685
86	0.215714	0.0298563	0.0322934	0.151647	0.00312031	0.0298754	0.0021739	0.0985631	0.0642339	0.142626	0.0181329	0.0316573	0.00141273	0.0222786	0.00352263	0.0195786	0.0654121	0.0501259	0.00122418	0.0165516
87	0.527586	0.0442318	0.00123526	0.00564714	0.00320599	0.0225406	0.000795559	0.0159859	0.00461362	0.00438685	0.00281377	0.00261245	0.00667215	0.00184212	0.00162907	0.22894	0.0794954	0.0426808	0.00018168	0.00290334
88	0.710237	0.023865	0.000961216	0.0266344	0.000548793	0.0582578	0.000689794	0.00867443	0.0177969	0.00135796	0.0109349	0.00145346	0.000425388	0.0294249	0.00826011	0.0298703	0.00678239	0.0628381	0.000244832	0.000742362
89	0.120219	0.0130556	0.161129	0.282857	0.00146751	0.0141584	0.0356509	0.00252662	0.156926	0.0145464	0.0019452	0.0787493	0.00121485	0.00694052	0.0136142	0.018999	0.0699151	0.00413861	0.000419741	0.00152834
90	0.709846	0.0239086	0.0009603	0.0277775	0.000539422	0.0592428	0.000685395	0.00855386	0.0185294	0.00112039	0.0109516	0.00150048	0.000423415	0.030492	0.00839079	0.02926	0.00633458	0.0605478	0.000242793	0.000692566
91	0.01159	0.00335365	0.0028953	0.00569705	0.0255502	0.00291683	0.00569351	0.0921586	0.0106333	0.660075	0.089331	0.00391015	0.00192024	0.00659921	0.00831875	0.00507792	0.00819475	0.0466857	0.00236856	0.00703051
92	0.0488319	0.0272257	0.0103893	0.0458507	0.00196617	0.00360347	0.0048427	0.00450889	0.429602	0.004624	0.00430828	0.0104331	0.00158112	0.0447858	0.00930132	0.206592	0.11888	0.0154678	0.00100161	0.00620394
93	0.00878682	0.00151394	0.0178113	0.0201913	0.0169351	0.0723973	0.211481	0.0029955	0.214805	0.0040778	0.00279503	0.191064	0.00145248	0.0200687	0.106567	0.0367472	0.0489807	0.0190496	0.000546405	0.00173427
94	0.00914623	0.00167063	0.00280608	0.00218462	0.0191703	0.00120426	0.000905142	0.401396	0.00488478	0.109176	0.174943	0.00198691	0.000442473	0.00789324	0.00550798	0.008169	0.128831	0.112595	0.00249889	0.0045886
95	0.0128976	0.00312624	0.00245894	0.00322266	0.00366094	0.00224835	0.00143834	0.455153	0.0151045	0.0769325	0.0163538	0.0082439	0.000568769	0.00272106	0.00281923	0.0044151	0.139185	0.247821	0.000482099	0.00114598
96	0.0163585	0.0017956	0.00774793	0.00382742	0.0594839	0.00375207	0.0219712	0.0353251	0.0227823	0.640181	0.0922722	0.00201387	0.0022151	0.0146791	0.00651857	0.00389688	0.0086011	0.0346895	0.00177266	0.0201161
97	0.0135901	0.00120013	0.00138589	0.00260917	0.00240675	0.00131071	0.000227103	0.187503	0.000896616	0.017457	0.00899821	0.000466701	0.000108001	0.00037327	0.000942677	0.00433794	0.015045	0.740464	9.0765e-05	0.000587025
98	0.0163658	0.0326519	0.00272954	0.00368699	0.392365	0.0591323	0.112619	0.00193965	0.00471062	0.00402056	0.00162409	0.0852565	0.000827843	0.00332561	0.00359409	0.00457732	0.00489991	0.00365144	0.000641124	0.26138
99	0.0158062	0.00125179	0.294733	0.0853007	0.0013796	0.363757	0.00152935	0.00274009	0.0352239	0.00266638	0.00174844	0.168367	0.00104331	0.00357945	0.00266537	0.00655567	0.00544837	0.004119	0.00055546	0.00153027
100	0.454146	0.0016427	0.0192947	0.0207555	0.04743	0.0311975	0.0175736	0.00265787	0.0209135	0.0185587	0.00221743	0.0726523	0.0012731	0.0189982	0.00340988	0.178702	0.0117307	0.0238739	0.000829134	0.0521431
101	0.00533903	0.000281167	0.000929984	0.00117504	0.783284	0.00090903	0.000647439	0.0104653	0.00198535	0.0489423	0.00065317	0.00116266	0.000362412	0.00108073	0.000845642	0.0079435	0.00253495	0.00430824	0.000232167	0.126918
102	0.00431284	0.00112012	0.0983054	0.101951	0.0011873	0.00165325	0.275195	0.00147168	0.00278457	0.00233249	0.00132634	0.339816	0.000680903	0.0328679	0.0183464	0.0359411	0.0275836	0.00280124	0.000400667	0.0499219
103	0.116706	0.00174336	0.180466	0.312886	0.00128466	0.00833188	0.00303385	0.00418681	0.0874139	0.00470318	0.00192499	0.0242044	0.0195031	0.0613759	0.00795585	0.0582149	0.0805555	0.0234623	0.000410681	0.00163702
104	0.00316319	0.000525071	0.00110936	0.00176837	0.00411666	0.000323281	0.000321877	0.664735	0.000528284	0.0834861	0.00579468	0.000321219	8.33755e-05	0.000491303	0.000741107	0.00146788	0.00300667	0.227438	5.91578e-05	0.000518935
105	0.222615	0.00199322	0.0337187	0.108207	0.0351973	0.00290492	0.00160679	0.0452444	0.0845012	0.0649771	0.037148	0.0186968	0.00102	0.146795	0.0162124	0.00497258	0.0307486	0.113572	0.0131234	0.016745
106	0.175349	0.000208452	0.149603	0.499798	0.000354102	0.00549775	0.000481209	0.000565105	0.0387556	0.001317	0.000499213	0.0130175	0.0065485	0.0500878	0.0015084	0.0193536	0.0301236	0.00639299	0.000156886	0.000382013
107	0.012549	0.0121214	0.00304898	0.00449095	0.0159036	0.00280431	0.00190897	0.0694285	0.0811473	0.430106	0.104078	0.0072989	0.0196852	0.010139	0.144672	0.0263915	0.00594312	0.0418331	0.00448291	0.00196767
108	0.563172	0.0158004	0.00352505	0.00449112	0.00171506	0.00386999	0.0451855	0.00279211	0.00574601	0.00376659	0.109372	0.0167568	0.0011988	0.0037841	0.0162765	0.174686	0.00566482	0.0060405	0.000667793	0.0154893
109	0.0191069	0.00298179	0.195171	0.019672	0.00428604	0.0225326	0.0917206	0.00616656	0.0210985	0.0072038	0.00511862	0.455709	0.00551753	0.0119343	0.007283	0.0196136	0.0246445	0.0740199	0.00267006	0.00354948
110	0.255965	0.000434841	0.0356697	0.13421	0.00506585	0.014328	0.00752261	0.00197181	0.124066	0.0171105	0.00101013	0.0079317	0.132224	0.04278	0.023544	0.0606974	0.0829758	0.0444152	0.000274931	0.00780145
111	0.0928427	0.000631529	0.00166694	0.00206607	0.126036	0.00155624	0.219179	0.0194473	0.0420958	0.0681039	0.00137084	0.0547237	0.000673322	0.0125667	0.0206148	0.0273074	0.00914324	0.0230458	0.0125379	0.264391
112	0.601164	0.0176372	0.0109971	0.0156939	0.00362397	0.0343003	0.00393006	0.00571091	0.0125618	0.00503829	0.00652486	0.0162635	0.00514879	0.00817515	0.0066727	0.174368	0.0441538	0.0220595	0.000983671	0.00499191
113	0.0557682	0.000499203	0.00303118	0.0506795	0.00113612	0.00905412	0.0022642	0.00814298	0.507142	0.00181862	0.0114344	0.0126444	0.000523651	0.188792	0.103265	0.0131171	0.0234516	0.00624434	0.000286759	0.00070364
114	0.120293	0.000942054	0.0536051	0.228974	0.00309678	0.0471562	0.011903	0.00631442	0.146184	0.00898735	0.00600605	0.0321129	0.00754629	0.131568	0.0827109	0.0798477	0.0192016	0.0117572	0.000188232	0.00160505
115	0.0134829	0.00138739	0.00139636	0.00263361	0.00156392	0.00133037	0.000221024	0.187393	0.000902836	0.016899	0.0084157	0.000459179	0.000111698	0.000352859	0.000919827	0.00438651	0.0151809	0.742685	8.81913e-05	0.000188728
116	0.00511093	0.00192794	0.00157468	0.00197689	0.00466142	0.00619477	0.00517317	0.221134	0.00276592	0.451996	0.128888	0.00539611	0.000556825	0.0126406	0.00218283	0.0102646	0.00341829	0.130353	0.00177192	0.00201157
117	0.0202857	0.000682206	0.0363933	0.419149	0.00418658	0.00299783	0.0175698	0.00367865	0.112116	0.0134741	0.0039467	0.0226349	0.00126061	0.240984	0.0494837	0.00770313	0.0314061	0.00849397	0.000493126	0.00306067
118	0.196792	0.00107797	0.0159404	0.0116584	0.00120072	0.0178465	0.0014498	0.001577	0.00936636	0.00212912	0.00126378	0.0798973	0.000965291	0.00264133	0.00253613	0.642565	0.00676396	0.00273412	0.00044196	0.00115293
119	0.0460439	0.00896071	0.0230987	0.0283188	0.0861834	0.0341585	0.0306479	0.0319611	0.0358191	0.0501265	0.0176165	0.0279021	0.0201551	0.0462934	0.0192753	0.0472901	0.0506587	0.0428188	0.301919	0.0507521
120	0.46521	0.0607457	0.0223962	0.0806427	0.00445437	0.0364962	0.00814292	0.0158632	0.0808662	0.0137042	0.0106732	0.0187856	0.00420019	0.0371163	0.0203691	0.0425478	0.0282766	0.0438735	0.00121589	0.00441994
121	0.140987	0.0016861	0.243789	0.20898	0.0016435	0.00280098	0.00277227	0.00230799	0.0335118	0.00372773	0.00233078	0.27352	0.00182458	0.00416643	0.00318292	0.0318911	0.0341079	0.00463979	0.000499645	0.00162999
122	0.809936	0.000514892	0.000973243	0.00161347	0.000492222	0.140341	0.000635555	0.000740887	0.00175645	0.0010779	0.00394383	0.00117233	0.012717	0.00150709	0.0152271	0.00271571	0.0015434	0.00160359	0.000199458	0.00128889
123	0.0533672	0.000206362	0.100087	0.670328	0.000526717	0.00381345	0.00063191	0.000631909	0.0378086	0.00109045	0.00045831	0.00919442	0.000367113	0.0614265	0.00713948	0.0220564	0.0256489	0.00463539	0.000155267	0.000427227
124	0.0444246	0.00850909	0.0256904	0.02496	0.089806	0.032044	0.0447437	0.0374241	0.0294747	0.0562984	0.018651	0.0279929	0.0139156	0.0424801	0.0274091	0.0399981	0.0440329	0.0434195	0.280788	0.0679377
125	0.00528749	0.000260618	0.000947602	0.00123541	0.762069	0.000873032	0.000693974	0.00985244	0.00235972	0.0458629	0.000643476	0.00154543	0.000341412	0.0014791	0.00115104	0.00759234	0.0025029	0.00421248	0.000242393	0.150847
126	0.0338484	0.001223	0.00351948	0.00471983	0.00194299	0.00270879	0.00186539	0.0297573	0.0751494	0.0994629	0.0022266	0.0356054	0.00135645	0.00393655	0.00381701	0.0337669	0.642464	0.0201074	0.00059151	0.00193029
127	0.0965473	0.024228	0.0154405	0.0524834	0.00194621	0.00230742	0.0149409	0.0149978	0.0864485	0.00332526	0.00191193	0.211019	0.00179329	0.00373766	0.0522562	0.379135	0.0176453	0.0177078	0.000627553	0.00150038
128	0.00301981	0.000673694	0.00353845	0.00709371	0.00102655	0.000580306	0.0284723	0.00247339	0.312897	0.00233961	0.000548975	0.0101066	0.000239574	0.0219704	0.578007	0.0105658	0.0104834	0.000944371	0.00173026	0.00328874
129	0.0848433	0.000347373	0.0860994	0.0573306	0.000427764	0.0145142	0.000532129	0.000741574	0.0549959	0.00639865	0.000661452	0.0131473	0.576457	0.00858543	0.000831141	0.0613541	0.0217543	0.00302565	0.00753043	0.000421913
130	0.172102	0.000481096	0.0809235	0.211565	0.00186243	0.0193835	0.00214685	0.0010442	0.148573	0.00941031	0.000825986	0.00284409	0.136013	0.0796899	0.00640149	0.022248	0.0691007	0.0330179	0.00030065	0.00206581
131	0.0167816	0.00181478	0.000435286	0.00122721	0.0125009	0.000614004	0.000740654	0.0624968	0.010632	0.663447	0.0803839	0.00060942	0.00362171	0.00160629	0.000542616	0.00224779	0.010043	0.116601	0.00320323	0.0104508
132	0.124838	0.00056205	0.0681873	0.0635031	0.000816507	0.00908144	0.000871859	0.00123461	0.034215	0.00480042	0.00126099	0.014522	0.58213	0.0227467	0.00146533	0.0469372	0.0142967	0.00329065	0.00453764	0.000703218
133	0.0954269	0.00021808	0.112567	0.556977	0.000370492	0.00667397	0.00080246	0.000507125	0.0619733	0.0020846	0.000434332	0.0205988	0.000927739	0.0731724	0.00324493	0.0239964	0.0348427	0.00475867	0.000133365	0.000289828
134	0.0708044	0.0307677	0.0189356	0.113433	0.00135769	0.00261515	0.00187226	0.00231847	0.308969	0.00295167	0.00389157	0.011895	0.00125108	0.0630267	0.00953523	0.183707	0.12577	0.0329466	0.000617092	0.0133353
135	0.00300233	0.000233587	0.00287568	0.00127361	0.0288216	0.000571639	0.000498053	0.533489	0.00392209	0.129395	0.172465	0.000917847	0.000304473	0.00553503	0.00147575	0.0027335	0.0367399	0.0642283	0.00367362	0.00784403
136	0.0453043	0.00697068	0.0230993	0.0898519	0.00150001	0.00312547	0.00485193	0.00404964	0.331801	0.00293238	0.0136019	0.0278841	0.00109128	0.058481	0.0375493	0.160788	0.17059	0.0128507	0.000574017	0.00310303
137	0.114143	0.0968659	0.00124602	0.00168996	0.0072746	0.00926186	0.000764913	0.104191	0.00183124	0.182902	0.0501724	0.00137029	0.000452665	0.00578604	0.00150904	0.00684561	0.0282742	0.374906	0.000235194	0.0102774
138	0.153504	0.020195	0.00111068	0.0342183	0.00684852	0.00106076	0.000714338	0.0873216	0.0679513	0.022017	0.010597	0.00665518	0.000346183	0.00477336	0.0336853	0.133605	0.230327	0.184381	0.000178303	0.000509591
139	0.0170007	0.0029132	0.00181339	0.0035771	0.00194615	0.00154855	0.000534121	0.20392	0.0025508	0.019315	0.00913773	0.00148704	0.000200313	0.00123092	0.00140855	0.0068772	0.0251004	0.698902	0.000136651	0.000399968
140	0.00533903	0.000281167	0.000929984	0.00117504	0.783284	0.00090903	0.000647439	0.0104653	0.00198535	0.0489423	0.00065317	0.00116266	0.000362412	0.00108073	0.000845642	0.0079435	0.00253495	0.00430824	0.000232167	0.126918
141	0.034428	0.00693905	0.0197853	0.0715533	0.0308657	0.00834003	0.0251683	0.0221076	0.338525	0.0192724	0.0132308	0.0166701	0.00284748	0.0538061	0.275927	0.0153396	0.0169218	0.0180985	0.00127696	0.00889632
142	0.0126287	0.00200226	0.00139051	0.00292238	0.0266961	0.00116334	0.000529789	0.27347	0.00163584	0.0484114	0.0208088	0.000967456	0.000230582	0.00121588	0.00189328	0.00361221	0.0105056	0.576617	0.000359202	0.0129396
143	0.0854227	0.000377096	0.0873962	0.0577141	0.000442214	0.0147635	0.000586592	0.000752077	0.0549981	0.00683883	0.000671586	0.0131918	0.571539	0.00846738	0.00088506	0.0621213	0.0226641	0.00333378	0.00732856	0.000506271
144	0.030134	0.00213775	0.111937	0.0382328	0.00168646	0.662249	0.00419118	0.00439333	0.0193115	0.00553997	0.0022924	0.0597093	0.00398538	0.0109292	0.00522664	0.0182596	0.0108239	0.00516747	0.000797256	0.00299647
145	0.080504	0.00377141	0.11519	0.251564	0.00508641	0.0304458	0.0299342	0.010487	0.0694321	0.0146583	0.00732556	0.145618	0.0189678	0.0637114	0.0251636	0.0486238	0.0456963	0.0201403	0.00312006	0.0105603
146	0.00598308	0.000495329	0.00286475	0.00226753	0.0164268	0.00128642	0.000806665	0.541721	0.00685461	0.103391	0.0953614	0.00318829	0.000536971	0.00413318	0.00160532	0.00385171	0.0730902	0.129773	0.00201116	0.00435149
147	0.0306117	0.00378403	0.0511535	0.0344561	0.00865018	0.00938607	0.00508109	0.0119853	0.0336259	0.0182557	0.00736641	0.11946	0.00495587	0.0186701	0.0152138	0.121599	0.472288	0.0269817	0.00228248	0.00419402
148	0.0641296	0.00732492	0.0271118	0.0340396	0.0126712	0.0119712	0.00630967	0.0216567	0.0340341	0.025571	0.0137073	0.0333697	0.00770148	0.0171042	0.0129377	0.131123	0.489475	0.0401496	0.0032581	0.00635393
149	0.0517373	0.00352157	0.331778	0.0790918	0.00452994	0.239105	0.00743914	0.00532198	0.0358821	0.00571855	0.00444706	0.119635	0.0084734	0.0220643	0.00842722	0.0357025	0.0227653	0.010118	0.000816345	0.00342538
150	0.0311181	0.00453808	0.415233	0.0779477	0.00420971	0.0153205	0.0976382	0.0042651	0.02561	0.00697137	0.00556536	0.178703	0.0101798	0.0321939	0.0138448	0.0323592	0.0196714	0.0120586	0.0030105	0.00956136
151	0.0103199	0.00150282	0.00289758	0.00390765	0.213897	0.00259523	0.00417719	0.0566727	0.00995149	0.551252	0.0494671	0.00274477	0.00379259	0.00820869	0.00555652	0.00773649	0.010736	0.0248237	0.00174599	0.0280143
152	0.141623	0.0172818	0.0337601	0.0281029	0.00641872	0.0272682	0.00591747	0.0120532	0.0353563	0.0160518	0.0085799	0.0482434	0.0217646	0.0200612	0.0133841	0.43376	0.0963144	0.0250801	0.00284976	0.0061285
153	0.113659	0.000605523	0.0227877	0.017743	0.00062917	0.00877148	0.00134922	0.00207478	0.0132923	0.00725775	0.0031268	0.00611892	0.738906	0.00605168	0.00495449	0.0216607	0.00875031	0.0196534	0.00140298	0.00120464
154	0.638453	0.0135139	0.0104942	0.0198579	0.00274226	0.0607345	0.00261625	0.00475182	0.0123966	0.00445682	0.00444051	0.0125965	0.00384535	0.00974034	0.0063924	0.139619	0.0311528	0.0184377	0.000465844	0.00329221
155	0.0361805	0.00250123	0.00987171	0.0104576	0.00322174	0.104303	0.00398126	0.0065125	0.0577985	0.00868125	0.00595123	0.032261	0.128919	0.337968	0.0061552	0.0753001	0.13665	0.029291	0.00125552	0.00273994
156	0.0778907	0.00244339	0.263236	0.250464	0.00243961	0.0145546	0.0650177	0.00665101	0.0338907	0.0264293	0.00663654	0.0296884	0.00230533	0.108729	0.0381463	0.0231719	0.0127627	0.0276182	0.000736692	0.00718762
157	0.611237	0.0152033	0.0174049	0.0240298	0.00520968	0.0482958	0.00445795	0.00885506	0.0199215	0.00946327	0.00716119	0.0171342	0.0288836	0.0111219	0.00900938	0.0881632	0.0339677	0.0340355	0.00127447	0.00517108
158	0.0291155	0.00267657	0.0567516	0.0138441	0.130681	0.0675227	0.00543325	0.0091756	0.014286	0.00952681	0.00561288	0.0123831	0.00483716	0.0559926	0.0197719	0.164836	0.204684	0.0165418	0.156342	0.0199846
159	0.0653813	0.0137925	0.0121078	0.00888876	0.00165733	0.00475693	0.00117429	0.0030163	0.00390332	0.00274233	0.00169632	0.0131979	0.00243482	0.00343307	0.00321962	0.342629	0.503363	0.0109994	0.000601823	0.00100419
160	0.0352019	0.00715815	0.0128079	0.0291104	0.00501694	0.010269	0.0240636	0.00956692	0.204732	0.0192126	0.0140307	0.0278459	0.00697947	0.0534683	0.45527	0.0315447	0.0307246	0.0152062	0.00390639	0.00388417
161	0.274482	0.0245298	0.0158988	0.0160052	0.00272014	0.0145732	0.00253697	0.00934779	0.0283953	0.00711037	0.00336892	0.00798834	0.134276	0.0129422	0.00948402	0.29255	0.112342	0.0273432	0.0011983	0.00290804
162	0.0418563	0.00455639	0.54674	0.0864137	0.0047224	0.0315139	0.0176173	0.00405531	0.0244385	0.0047081	0.007614	0.0911993	0.0271123	0.0317232	0.00794836	0.0295985	0.0253259	0.00736314	0.00151739	0.00397564
163	0.0472164	0.00902249	0.0114019	0.0214093	0.0219516	0.017122	0.066304	0.271342	0.0324297	0.0986887	0.0291059	0.0188093	0.00326717	0.0183878	0.0256756	0.0260368	0.0379198	0.208469	0.00457335	0.0308672
164	0.113228	0.000371004	0.0217211	0.0205666	0.00096703	0.0105451	0.00122048	0.00147952	0.0150207	0.00593305	0.00267441	0.00488609	0.734032	0.00854843	0.00437439	0.0233321	0.0119147	0.0168736	0.00156529	0.000746576
165	0.00418993	0.00366433	0.00086215	0.00233595	0.00348813	0.000536552	0.00224133	0.0207899	0.00486546	0.814614	0.106841	0.000609042	0.00101397	0.00323422	0.000468137	0.000841455	0.00513632	0.0191182	0.00111458	0.00403489
166	0.0545018	0.0090266	0.0586383	0.0531236	0.0262432	0.0180458	0.250852	0.0157478	0.0610182	0.0389417	0.00980268	0.129148	0.00629549	0.0555831	0.0614867	0.0349616	0.0345243	0.0211866	0.0110006	0.0498726
167	0.802338	0.00506979	0.00105942	0.00359783	0.000876365	0.0626763	0.000787636	0.00154048	0.00300829	0.000999933	0.00436381	0.00256474	0.00276027	0.00357225	0.00439344	0.0730275	0.00961876	0.0122702	0.0001521	0.00532244
168	0.0145226	0.00152639	0.00382864	0.00649519	0.00224777	0.00269014	0.00348844	0.00288841	0.164146	0.371575	0.00264664	0.085476	0.00154709	0.14618	0.0800968	0.00849112	0.0801584	0.0195044	0.000723304	0.00176856
169	0.470909	0.0456645	0.0029085	0.0114602	0.0113906	0.0109853	0.00107128	0.0102238	0.00507304	0.00641744	0.00168091	0.0024182	0.00665525	0.00227718	0.00145132	0.244733	0.102983	0.0520974	0.000300668	0.00929995
170	0.191044	0.00917687	0.010514	0.012439	0.0707154	0.0168558	0.00498973	0.0781155	0.0145646	0.158109	0.275964	0.00922929	0.0027813	0.0363831	0.0148247	0.0257219	0.0240069	0.0369888	0.002513	0.00506324
171	0.0344043	0.00205436	0.0144862	0.00769176	0.0187382	0.0384999	0.148638	0.00983699	0.0226136	0.379293	0.0527263	0.00845549	0.00170219	0.0125971	0.00546041	0.0103201	0.0173415	0.0194593	0.0336443	0.162037
172	0.110486	0.00326259	0.0492073	0.126316	0.00234843	0.0582039	0.00977367	0.0205842	0.221272	0.0112208	0.00954248	0.0733251	0.00511683	0.129512	0.0376913	0.0686693	0.0321893	0.0300976	0.000223394	0.000957476
173	0.0552213	0.00263527	0.00556108	0.00780734	0.024823	0.0252694	0.0038944	0.034332	0.0843375	0.0301111	0.0879978	0.177578	0.00216585	0.00679652	0.00773935	0.208936	0.165325	0.0659883	0.000966995	0.00251346
174	0.199301	0.000659491	0.0273965	0.136269	0.00321489	0.0180912	0.00566441	0.00242527	0.142848	0.0102068	0.00212374	0.00679405	0.145618	0.0441604	0.0904508	0.0548888	0.0815878	0.0236049	0.000443243	0.00425237
175	0.132443	0.00279068	0.041537	0.0804203	0.0498104	0.00608846	0.0087533	0.0681132	0.084006	0.11721	0.0758515	0.0162164	0.00260871	0.12944	0.0538089	0.00954334	0.0336325	0.0538154	0.00630194	0.0276093
176	0.0502268	0.000580259	0.247205	0.36674	0.000876803	0.00154223	0.000994219	0.00167238	0.0327286	0.00207647	0.00137148	0.0248589	0.143004	0.0329656	0.00191702	0.0407755	0.0453578	0.00360722	0.000471841	0.00102747
177	0.0142492	0.00124867	0.301667	0.0883531	0.00145898	0.352242	0.00160768	0.00272812	0.0380606	0.00266109	0.00178558	0.166606	0.00116199	0.00573292	0.00252267	0.00633508	0.00551691	0.00382063	0.000459575	0.00178155
178	0.158756	0.001786	0.0354527	0.116379	0.0360256	0.00848018	0.00532222	0.0361482	0.123292	0.0561194	0.0329408	0.0266129	0.00189045	0.14701	0.0410354	0.0179555	0.0822614	0.0574325	0.00499656	0.0101027
179	0.00317788	0.000763521	0.000867624	0.00134305	0.0188423	0.00103513	0.00105	0.156682	0.00303144	0.624	0.143516	0.00100562	0.000721678	0.00229769	0.00146602	0.00178388	0.00641215	0.0260722	0.00190299	0.00402865
180	0.344256	0.000741028	0.124056	0.213511	0.000739373	0.00483407	0.00298383	0.00106239	0.0961006	0.0165136	0.000865548	0.0567094	0.00925838	0.0322608	0.0151567	0.0326654	0.0196257	0.0277937	0.000291403	0.000574711
181	0.18444	0.000253924	0.106257	0.388358	0.000345147	0.0042422	0.00176047	0.00055272	0.083136	0.00746788	0.00043706	0.0399372	0.00102794	0.0884463	0.00577101	0.037674	0.0383761	0.011078	0.000131569	0.000307038
182	0.0142042	0.00143505	0.00054673	0.00115164	0.013353	0.000943127	0.000956868	0.104545	0.00851704	0.648901	0.0828561	0.000915285	0.00256637	0.00213427	0.00119455	0.0023019	0.00752666	0.0917498	0.00554333	0.00865797
183	0.0583597	0.000816363	0.00481625	0.0476244	0.00222338	0.00829977	0.00517779	0.0125033	0.474235	0.00402594	0.0137906	0.0179875	0.000817512	0.184548	0.120756	0.0114263	0.0205776	0.0105554	0.000408709	0.00105068
184	0.193429	0.00122197	0.0516059	0.200053	0.00179601	0.0276444	0.00885743	0.00659855	0.18552	0.0123305	0.00529132	0.0198036	0.0041711	0.129359	0.0327212	0.0583552	0.0478296	0.0125224	0.000224218	0.000664636
185	0.0201655	0.00136659	0.233414	0.0525463	0.0017082	0.365887	0.0123322	0.0028913	0.0293036	0.00331106	0.0020936	0.216728	0.00298777	0.00672179	0.0042293	0.0168298	0.0135641	0.01142	0.000510648	0.00198885
186	0.0646326	0.000644741	0.00185901	0.00221633	0.0951159	0.00154223	0.285091	0.0280632	0.0342401	0.0782444	0.00115801	0.0709381	0.000752502	0.00841871	0.0236008	0.0170704	0.00716969	0.0189333	0.017167	0.243142
187	0.0282294	0.00225409	0.0318309	0.0416314	0.00283719	0.0111446	0.010216	0.0250907	0.0375719	0.0401283	0.00368955	0.00785066	0.388919	0.175948	0.00574372	0.0709418	0.0767731	0.0339768	0.00103872	0.00418485
188	0.00382068	0.00126719	0.000864852	0.000913743	0.0147492	0.00125543	0.000656345	0.287841	0.00691169	0.558627	0.0472613	0.00104034	0.000341094	0.00188856	0.00396071	0.0015213	0.00209387	0.0594518	0.00206006	0.00347368
