328	20
1	0.018016	0.00396147	0.567904	0.0968448	0.000952554	0.0610123	0.0187495	0.00299085	0.0137195	0.00169489	0.00385567	0.132058	0.00554312	0.00386756	0.0243479	0.0274028	0.0103958	0.00374179	0.000449734	0.00249133
2	0.0522667	0.00432454	0.00356212	0.0102468	0.0298417	0.00200152	0.00430155	0.239274	0.00959177	0.11147	0.100069	0.00590159	0.0190833	0.0129768	0.00986203	0.0228845	0.106172	0.223233	0.00980261	0.0231336
3	0.0422179	0.0403857	0.0197088	0.0103468	0.0259442	0.045227	0.00877527	0.0057839	0.0162299	0.0522549	0.00937839	0.0291997	0.00499462	0.0131569	0.0189455	0.292673	0.343633	0.0124413	0.00253629	0.00616635
4	0.3415	0.0468617	0.00725311	0.0176109	0.00834074	0.0309023	0.00614438	0.0061552	0.0365253	0.0430931	0.0148018	0.0122702	0.0121055	0.00954358	0.0135159	0.232938	0.0617224	0.0678598	0.00237293	0.0284822
5	0.170934	0.00966729	0.041316	0.0976465	0.00706299	0.0622836	0.00918708	0.0156543	0.0468085	0.0615437	0.0682068	0.0134293	0.00692871	0.0622429	0.0149123	0.100669	0.0511927	0.117185	0.00280829	0.0403219
6	0.0111254	0.00212745	0.322801	0.313786	0.00179792	0.0259442	0.0216604	0.00419344	0.0512862	0.00967092	0.00274773	0.0290308	0.0155014	0.0921899	0.0193926	0.0485005	0.0206713	0.00334137	0.000757178	0.00347397
7	0.234591	0.012059	0.00966329	0.0104266	0.0461023	0.0183462	0.0170191	0.0415724	0.0298893	0.0249221	0.0237769	0.0149437	0.00666513	0.0100208	0.015195	0.0722709	0.161851	0.20249	0.0174574	0.0307369
8	0.0262683	0.0263162	0.0218375	0.0336687	0.00723863	0.0230864	0.0308611	0.0108338	0.170623	0.0261537	0.0220013	0.0391369	0.0158769	0.0988034	0.321663	0.0376305	0.0334835	0.030218	0.00251834	0.0217801
9	0.0669971	0.00302454	0.0672088	0.0333631	0.00372279	0.0571527	0.00626452	0.00293783	0.104001	0.0096614	0.0028858	0.35471	0.00422623	0.03228	0.107188	0.101936	0.0328398	0.00499948	0.00100125	0.00360037
10	0.0533936	0.0174496	0.0495362	0.0471542	0.00217479	0.592777	0.00453584	0.00237378	0.0177014	0.00498156	0.00584633	0.0383533	0.0061051	0.00919209	0.0340199	0.0771983	0.0292863	0.00475782	0.000896011	0.00226713
11	0.0195064	0.030453	0.0233245	0.0355555	0.00806087	0.0214247	0.0348991	0.0111691	0.169936	0.0177349	0.0123779	0.0436029	0.0165465	0.107851	0.320992	0.0399325	0.0327962	0.0311898	0.00273789	0.0199092
12	0.0200773	0.00520731	0.519495	0.111362	0.00183057	0.0588244	0.0210741	0.00394726	0.0192193	0.00421216	0.00447522	0.119273	0.00902243	0.01336	0.0261618	0.0381665	0.0138786	0.00470982	0.000894931	0.00480896
13	0.0517335	0.00326391	0.0022867	0.00434534	0.0344175	0.0014485	0.00389752	0.257667	0.00676641	0.129304	0.141901	0.00327855	0.0125885	0.00661644	0.00771937	0.0221266	0.0787506	0.208835	0.00276632	0.0202871
14	0.0283377	0.0194984	0.0311295	0.0612428	0.0137054	0.031264	0.0541463	0.0103278	0.122469	0.0251916	0.0250105	0.0435773	0.0159699	0.16479	0.220462	0.0515343	0.0348759	0.0219263	0.00710892	0.0174331
15	0.055386	0.0174451	0.046676	0.0440902	0.0015963	0.60778	0.0031522	0.00167243	0.0184711	0.00373681	0.00524839	0.0376623	0.00532143	0.00659464	0.0330861	0.0774243	0.0282446	0.00395063	0.00060983	0.00185158
16	0.0537009	0.0107208	0.00389753	0.00776542	0.0409079	0.00668501	0.0276293	0.211735	0.00879264	0.237405	0.0536969	0.012528	0.00889711	0.0136834	0.0144775	0.0247685	0.0348484	0.209349	0.00547478	0.0130378
17	0.0711676	0.00970488	0.0105258	0.0247574	0.00882048	0.0091805	0.0117591	0.0112117	0.0304963	0.0712741	0.00754286	0.015819	0.214372	0.112168	0.078538	0.109497	0.150646	0.0415034	0.00353187	0.00748418
18	0.0297191	0.0344088	0.0140743	0.0287096	0.0222692	0.0165174	0.0233145	0.0149399	0.0311419	0.0521296	0.0153513	0.0664803	0.0116219	0.0351667	0.0278733	0.0501657	0.03722	0.0277501	0.429697	0.0314496
19	0.0111048	0.00207243	0.323355	0.313109	0.00179639	0.0260579	0.0217258	0.00426692	0.0517865	0.00966806	0.00274882	0.0292236	0.0153892	0.0912178	0.0195481	0.0487792	0.0206007	0.00329635	0.000752859	0.00350063
20	0.0182055	0.0210882	0.039408	0.0519507	0.00571038	0.0322285	0.0216122	0.00994936	0.182029	0.0150039	0.00699432	0.0567607	0.0215951	0.110774	0.291868	0.045629	0.0422465	0.0195799	0.000365564	0.00700099
21	0.0189409	0.0124214	0.0143703	0.014696	0.150921	0.00607259	0.126525	0.00669132	0.0454368	0.0312013	0.0135578	0.0683226	0.00525358	0.0536282	0.0721551	0.0757492	0.018661	0.0241678	0.0116039	0.229625
22	0.0251398	0.0243886	0.0256455	0.0500862	0.010939	0.0322784	0.043685	0.0105647	0.139713	0.0224913	0.0154542	0.0499964	0.0160344	0.120904	0.277563	0.0521328	0.0374862	0.0238268	0.004229	0.0174426
23	0.0420072	0.0102619	0.0489125	0.103956	0.0244228	0.0123449	0.0222822	0.00858841	0.159539	0.0621922	0.0124784	0.0551889	0.0145631	0.142007	0.117569	0.070967	0.0339584	0.0302565	0.00485562	0.023649
24	0.163174	0.0180251	0.0203489	0.04634	0.00815854	0.0294508	0.0187661	0.0123113	0.0702206	0.0260014	0.0351617	0.0394202	0.0113706	0.0435995	0.0412948	0.206446	0.123238	0.0309093	0.00361387	0.0521496
25	0.0231773	0.0236374	0.0282767	0.0446873	0.00681315	0.0320202	0.031083	0.00949295	0.16599	0.0156346	0.0091725	0.0582402	0.0183365	0.10226	0.289192	0.0715194	0.0396282	0.0197202	0.00175668	0.00936195
26	0.0142539	0.00559684	0.0170902	0.260658	0.00420691	0.0535462	0.0640508	0.0195064	0.0340089	0.0243166	0.00752607	0.0598764	0.019947	0.216561	0.0651193	0.0612971	0.0561843	0.00846432	0.0028124	0.00497709
27	0.0123039	0.0218569	0.00502868	0.00910384	0.335719	0.00389739	0.0166567	0.0261844	0.00891501	0.103634	0.0233575	0.0136656	0.00406596	0.0110182	0.0116537	0.0263008	0.0195563	0.0366233	0.0086953	0.301763
28	0.0207319	0.0222794	0.0339846	0.0501498	0.00513086	0.0378014	0.0228484	0.00958988	0.181878	0.0174695	0.00786535	0.0486032	0.0199921	0.10109	0.306823	0.0458321	0.0396454	0.0202138	0.000501209	0.00756987
29	0.0544174	0.0200101	0.0218042	0.0286059	0.0250969	0.0271844	0.0307923	0.0126669	0.0454286	0.0692149	0.0137364	0.169789	0.0226126	0.0719805	0.0606433	0.156132	0.115865	0.0296489	0.00631304	0.0180584
30	0.011374	0.00828684	0.00973278	0.00990895	0.28239	0.00270291	0.0521844	0.0103853	0.0181313	0.0281848	0.0106385	0.057354	0.00500368	0.0215652	0.0339399	0.0665362	0.016296	0.0133487	0.00617122	0.335865
31	0.0167781	0.00276322	0.41374	0.206291	0.00154352	0.0504978	0.0170215	0.006644	0.0367364	0.00551125	0.00370854	0.0802565	0.0105746	0.0479451	0.0315915	0.0439417	0.0163604	0.00413633	0.000539485	0.00341986
32	0.127637	0.0482255	0.0451571	0.0618199	0.00928096	0.0884782	0.0494031	0.00728257	0.05658	0.0158142	0.0109541	0.0150992	0.0264282	0.0734259	0.0592954	0.194135	0.0217637	0.0406554	0.0105607	0.0380033
33	0.0567662	0.0130246	0.027719	0.0315454	0.00730617	0.00790512	0.0706047	0.0644671	0.107601	0.0762146	0.0635755	0.0664566	0.0584916	0.0392012	0.0808045	0.114421	0.067178	0.0358465	0.00272145	0.00814955
34	0.00714392	0.0214379	0.00113282	0.00403749	0.434428	0.00114889	0.00913784	0.0111109	0.00202778	0.0606173	0.00884083	0.00579406	0.00160611	0.00572031	0.00446886	0.0184058	0.00947112	0.0213172	0.00486104	0.367292
35	0.00719407	0.0218396	0.00118166	0.00416447	0.43524	0.00111164	0.00875627	0.0113232	0.00185073	0.0628534	0.00920735	0.00597988	0.00156874	0.0054322	0.00443243	0.0177374	0.00980401	0.0223433	0.00508267	0.362897
36	0.0137199	0.00223472	0.376888	0.268315	0.00129958	0.0396517	0.018082	0.00499238	0.038958	0.00679158	0.00310734	0.0515834	0.0123995	0.0658619	0.0229259	0.0470859	0.0184287	0.0034119	0.000596217	0.00366635
37	0.0298417	0.0193792	0.00429503	0.00769454	0.2232	0.00804416	0.0117114	0.12127	0.00748453	0.186002	0.0497053	0.0171422	0.00484869	0.00974616	0.0130373	0.0236766	0.0337282	0.114841	0.00549349	0.108858
38	0.0485822	0.0205923	0.0155907	0.0319537	0.0415147	0.00960793	0.176251	0.00328354	0.0698714	0.0214802	0.0283827	0.02622	0.00640163	0.193827	0.138538	0.0304602	0.01055	0.0233651	0.0292954	0.074233
39	0.0225887	0.014256	0.015522	0.0175686	0.0582041	0.00766159	0.183729	0.0030062	0.0659111	0.0452093	0.0172665	0.0682225	0.00341891	0.0885389	0.109644	0.0670959	0.0152819	0.0168771	0.017166	0.162831
40	0.0104769	0.00739123	0.0128682	0.0123279	0.249211	0.00288056	0.0549154	0.00832948	0.0207568	0.0277633	0.0125872	0.0805867	0.00562967	0.0251234	0.035293	0.0806034	0.0197897	0.0134263	0.00689005	0.31315
41	0.118704	0.0228045	0.0185809	0.0401555	0.00638394	0.0165343	0.00955421	0.0214102	0.069625	0.0469728	0.0105027	0.0503972	0.0105836	0.014449	0.0318316	0.257652	0.189637	0.031181	0.00181032	0.0312305
42	0.0182117	0.0235887	0.0311556	0.0443931	0.00461566	0.0351416	0.0279813	0.00913733	0.171052	0.0143136	0.00760669	0.0668942	0.0214972	0.0968338	0.306818	0.0555663	0.0386829	0.018671	0.000443468	0.00739668
43	0.12145	0.103964	0.00856617	0.011085	0.0123571	0.0821399	0.0417317	0.045089	0.0140558	0.0623735	0.0289069	0.0409023	0.00842371	0.041269	0.0448517	0.273276	0.0257279	0.0169047	0.00349193	0.0134331
44	0.112564	0.00878667	0.00167108	0.00282729	0.0099401	0.00146439	0.0092604	0.262019	0.00254504	0.118562	0.0342746	0.00642236	0.00874493	0.00434098	0.00570108	0.0136214	0.050475	0.339748	0.000883058	0.00614851
45	0.017073	0.027608	0.0265562	0.0368815	0.00504135	0.0239969	0.0224084	0.0124383	0.180967	0.0150457	0.0115496	0.0484572	0.0185929	0.0900033	0.349231	0.0422922	0.0395646	0.0217051	0.000429537	0.0101578
46	0.128174	0.0297275	0.0249588	0.0169457	0.00342754	0.0132311	0.013685	0.00839652	0.00644941	0.0150175	0.00379446	0.0212442	0.342109	0.0260334	0.00671947	0.301956	0.0252244	0.0077207	0.00159452	0.00359171
47	0.0684103	0.028197	0.0185691	0.0274873	0.00723221	0.0186072	0.00932033	0.00958665	0.0757958	0.0372752	0.00491803	0.0699497	0.00845064	0.0131631	0.0361387	0.338537	0.184463	0.0259131	0.00184131	0.0161438
48	0.028112	0.0183061	0.013446	0.0154535	0.26928	0.00965319	0.0293219	0.0837818	0.0188793	0.0587837	0.0161986	0.0836735	0.0126261	0.0269015	0.0702884	0.055897	0.0273657	0.0386848	0.0079389	0.115408
49	0.0675808	0.0279803	0.0112228	0.0136513	0.0742894	0.013571	0.0256795	0.015634	0.0207851	0.0928895	0.00960025	0.171868	0.00954468	0.0548378	0.0756427	0.160596	0.0636051	0.0714988	0.0062029	0.01332
50	0.0286665	0.0110506	0.318016	0.0590267	0.0128989	0.0380995	0.0949491	0.00654273	0.0292601	0.0155086	0.00787532	0.140042	0.0115799	0.0266715	0.037128	0.0944942	0.020007	0.0115566	0.00266739	0.0339593
51	0.0182291	0.0145898	0.0101627	0.0129179	0.25839	0.00652857	0.0573325	0.0153592	0.0191671	0.0513672	0.0166713	0.0430723	0.0197923	0.0220811	0.0302811	0.0674612	0.0385215	0.0267091	0.0259074	0.245459
52	0.0247264	0.0098238	0.0362597	0.0287065	0.0132895	0.0140078	0.0990179	0.00785057	0.0839487	0.0341934	0.172144	0.0170237	0.00724153	0.277639	0.0717418	0.0239224	0.0191845	0.0327248	0.00956338	0.0169915
53	0.0145161	0.00739334	0.00282832	0.00701887	0.0586415	0.00435325	0.00930741	0.121974	0.00731943	0.426461	0.148526	0.00757105	0.0128234	0.00705042	0.00921978	0.0130702	0.0315402	0.0524817	0.00520454	0.0526997
54	0.0480954	0.0451441	0.0251809	0.0390313	0.00772103	0.032253	0.0347107	0.0118515	0.149322	0.018852	0.0121598	0.0421139	0.0202445	0.084914	0.269598	0.0751816	0.0425766	0.0240051	0.00285509	0.0141895
55	0.0287093	0.00404438	0.418051	0.094864	0.00156874	0.0717773	0.0149868	0.00335075	0.0416076	0.00411954	0.00377291	0.18134	0.00624791	0.0154406	0.0397355	0.0455724	0.0167018	0.00433418	0.000579735	0.00319547
56	0.0311365	0.0565194	0.0102997	0.0173976	0.0357349	0.0174835	0.0208378	0.0455938	0.0237911	0.2062	0.0891847	0.0372248	0.0271672	0.038271	0.0654734	0.0869453	0.0552541	0.113988	0.00543915	0.0160576
57	0.0135054	0.00460341	0.000712731	0.00115706	0.00357658	0.00100737	0.00371001	0.347903	0.000980811	0.108987	0.0161517	0.00366632	0.00555839	0.00156696	0.00133695	0.00524195	0.00842752	0.466868	0.000332698	0.00470644
58	0.04706	0.0653944	0.0161523	0.035064	0.0153613	0.0240379	0.0306253	0.0119089	0.0736716	0.0319765	0.0134955	0.0418037	0.0155267	0.0770471	0.04723	0.121997	0.0720025	0.0286606	0.210296	0.0206889
59	0.331152	0.0586067	0.00950045	0.0139415	0.0131855	0.0638614	0.00691505	0.00607453	0.0156361	0.0189267	0.0153712	0.0157762	0.0374923	0.00859574	0.0110728	0.226089	0.0978881	0.0367292	0.00211817	0.0110673
60	0.143766	0.0587582	0.0126766	0.0181938	0.0223224	0.028864	0.0171736	0.0397615	0.0271761	0.0427308	0.0254412	0.0257625	0.0121218	0.0161847	0.0244321	0.161485	0.144742	0.155523	0.00437313	0.0185117
61	0.0775498	0.0381448	0.0320037	0.00826358	0.0112544	0.0521421	0.00589094	0.00421401	0.0153781	0.0190121	0.00979396	0.0385405	0.00556283	0.0129236	0.0211826	0.396508	0.235881	0.0085753	0.00167296	0.0055053
62	0.0220088	0.0270231	0.0276838	0.0488571	0.00500514	0.0313465	0.0365417	0.0101315	0.168593	0.0151729	0.00852263	0.0496967	0.0256486	0.0977494	0.305551	0.0562985	0.0349541	0.020427	0.000774966	0.00801301
63	0.0368348	0.0200483	0.0846912	0.0318425	0.0249568	0.0288073	0.129071	0.0113444	0.0510409	0.0304076	0.0123087	0.182824	0.0153864	0.0546413	0.0660096	0.108572	0.0338377	0.019875	0.00670163	0.050798
64	0.0494031	0.0191041	0.235057	0.0524072	0.00924812	0.0423641	0.0409244	0.00950559	0.0290054	0.0165476	0.00845194	0.0824353	0.0300289	0.0288269	0.0266288	0.224727	0.0598534	0.0143478	0.00312989	0.0180034
65	0.214028	0.0159913	0.0023081	0.00436176	0.00895295	0.00233443	0.00776584	0.199304	0.00276488	0.117019	0.0210201	0.00998324	0.00553511	0.00533496	0.0069678	0.0178159	0.0728018	0.280929	0.000803766	0.00397835
66	0.00663921	0.0229302	0.00130642	0.00482327	0.416243	0.00149487	0.00995379	0.0206996	0.00270088	0.0821469	0.0151403	0.00732069	0.00175214	0.00491881	0.00478922	0.0164548	0.0145976	0.0331304	0.00736471	0.325593
67	0.00838527	0.0289645	0.00239333	0.00586294	0.313892	0.00465035	0.012857	0.0559452	0.009994	0.135975	0.0370948	0.00982434	0.00334447	0.00508558	0.00577666	0.0190391	0.0569661	0.0990219	0.0109988	0.173928
68	0.0658675	0.00293393	0.00166675	0.00353397	0.027474	0.00107036	0.00380897	0.25599	0.00655125	0.109986	0.128496	0.00259846	0.0097779	0.0053864	0.00801137	0.0250544	0.0896919	0.235191	0.00235066	0.0145587
69	0.083066	0.0305638	0.0297731	0.0226586	0.0142421	0.0397749	0.172827	0.00637019	0.0468788	0.0463254	0.0145294	0.0711866	0.0129037	0.0731229	0.0470781	0.154558	0.026791	0.0266543	0.00516413	0.0755313
70	0.0105561	0.00544687	0.0163366	0.0147862	0.229065	0.00375593	0.0644354	0.00749725	0.0235408	0.0251128	0.0141397	0.0898522	0.00616074	0.0297828	0.0403376	0.0819332	0.0220588	0.0114708	0.00675422	0.296977
71	0.0473155	0.0681632	0.0436432	0.0538154	0.0111048	0.0254573	0.0217904	0.01222	0.0695084	0.0431505	0.0100346	0.0356898	0.0151002	0.0723906	0.140659	0.204152	0.0792567	0.0264953	0.00553623	0.0145171
72	0.0662557	0.0137057	0.000839751	0.00200925	0.067254	0.00637583	0.00580104	0.174747	0.00176231	0.324945	0.0492605	0.00293507	0.00302556	0.00476284	0.00562519	0.00778504	0.0213426	0.235876	0.00120036	0.00449118
73	0.0174127	0.0316799	0.00719855	0.00864073	0.00709713	0.0284856	0.0313914	0.0344831	0.0350418	0.0969154	0.17189	0.0800626	0.00742012	0.0120658	0.0624511	0.0954411	0.13563	0.12761	0.00287862	0.00620438
74	0.0323685	0.0131027	0.0262392	0.0392486	0.0195499	0.0159601	0.137257	0.0061589	0.0740471	0.030822	0.107612	0.0227088	0.0095766	0.255557	0.0840069	0.0286175	0.0207807	0.0293448	0.0122406	0.0348007
75	0.0278285	0.0264614	0.0127145	0.0564279	0.070932	0.013168	0.0349351	0.0191653	0.0311636	0.103111	0.0210929	0.0452493	0.0143226	0.0373474	0.0316219	0.0479387	0.041605	0.0342092	0.229972	0.100734
76	0.072594	0.00883443	0.0411884	0.0221971	0.00978486	0.0447709	0.0167046	0.00475669	0.0907668	0.0211359	0.00526703	0.330969	0.00728738	0.034865	0.0652709	0.150954	0.0476563	0.0102621	0.00419561	0.0105396
77	0.296502	0.0306602	0.00599901	0.00852512	0.00716128	0.0221066	0.00563955	0.027145	0.00850325	0.0277491	0.00647955	0.011089	0.141994	0.0111108	0.00970911	0.230558	0.117268	0.0261939	0.00133046	0.00427617
78	0.0389061	0.0170322	0.000828751	0.00195933	0.0951413	0.00906717	0.00576993	0.131111	0.00139184	0.438917	0.053391	0.00210104	0.00119591	0.00558686	0.00548748	0.00486316	0.00716182	0.174383	0.00148405	0.00422144
79	0.0686756	0.0131171	0.0266922	0.0344995	0.00901114	0.0103339	0.0310533	0.00712122	0.0354313	0.0372846	0.00627219	0.117523	0.00535822	0.0145753	0.0532193	0.203047	0.297013	0.0159696	0.00190715	0.0118954
80	0.0516215	0.00826803	0.00983304	0.0466594	0.0231603	0.00727188	0.0601964	0.00659694	0.0787293	0.0174247	0.00604859	0.0682945	0.00551818	0.0266882	0.0374333	0.124815	0.359294	0.0329188	0.0025626	0.026665
81	0.0112322	0.00213544	0.320702	0.311035	0.00178867	0.0262929	0.0219444	0.00429108	0.0517134	0.00991454	0.00303936	0.0291281	0.0157918	0.0930892	0.0201319	0.0482489	0.0216788	0.00364161	0.000737437	0.00346281
82	0.0116385	0.00416762	0.000751532	0.00114043	0.00144671	0.000892806	0.00393289	0.364885	0.00110963	0.105448	0.016037	0.00385708	0.00533508	0.0014551	0.00140452	0.00538646	0.00823411	0.457854	0.000339517	0.00468457
83	0.0126055	0.00363347	0.00192379	0.00310184	0.0295965	0.00237774	0.00412288	0.170953	0.00391912	0.444713	0.18726	0.00323079	0.0111299	0.00377194	0.00476629	0.00771552	0.0215773	0.0579755	0.00165824	0.0239671
84	0.0180277	0.00398665	0.568194	0.096492	0.000947837	0.061049	0.0187762	0.00298713	0.0136643	0.00170288	0.00385846	0.132365	0.00552317	0.00373254	0.0243348	0.0273447	0.0103381	0.00373533	0.000449505	0.00249094
85	0.039103	0.0170755	0.000865721	0.00198551	0.0958518	0.00930937	0.00590483	0.1299	0.00148952	0.438797	0.0523964	0.00210368	0.0012108	0.00576952	0.00556408	0.00517955	0.00717462	0.174526	0.00156639	0.00422675
86	0.170631	0.0172538	0.0694715	0.0863282	0.00918885	0.0167559	0.0423957	0.02152	0.0772989	0.0157708	0.0100603	0.0391865	0.0133712	0.0914398	0.0878044	0.154929	0.037656	0.0178347	0.00508153	0.0160219
87	0.0659065	0.0185989	0.0487859	0.0254482	0.00187371	0.478181	0.00274688	0.00201198	0.041601	0.00425164	0.00411272	0.0954332	0.00425568	0.00708304	0.0621771	0.101254	0.0292842	0.0042429	0.000739025	0.00201235
88	0.0214716	0.0322064	0.0167705	0.0368246	0.00586795	0.0428889	0.08656	0.00744396	0.109237	0.012435	0.00744516	0.0903092	0.0254743	0.0930389	0.245547	0.0980441	0.0321014	0.0234278	0.00157324	0.0113335
89	0.0122521	0.0042721	0.000696962	0.00108581	0.00145116	0.000838917	0.00363978	0.355255	0.000971408	0.0992196	0.0153116	0.00373371	0.00571009	0.00141888	0.00122676	0.00532175	0.00832662	0.474211	0.000316624	0.00473964
90	0.249391	0.00816844	0.0118205	0.00897759	0.0258201	0.0122886	0.0102143	0.111001	0.00705511	0.0492983	0.0288863	0.0116069	0.0132435	0.0129852	0.0141206	0.0730248	0.133854	0.20706	0.00283716	0.00834618
91	0.165499	0.0325105	0.0258704	0.0225533	0.0069653	0.0257019	0.0196237	0.0106127	0.0143544	0.0210849	0.00664474	0.0255096	0.250499	0.0253691	0.0133257	0.254303	0.0519711	0.0163972	0.00291394	0.00829027
92	0.0851628	0.0363129	0.0194704	0.0347046	0.00364217	0.0132513	0.00520332	0.0118455	0.0815804	0.030453	0.00412292	0.0475608	0.0108539	0.00714704	0.0391403	0.335603	0.18019	0.0337221	0.00103589	0.0189974
93	0.0184819	0.0076851	0.0148902	0.165541	0.00737964	0.0147196	0.0295152	0.00633927	0.117655	0.0546182	0.0705268	0.0384139	0.00672073	0.213172	0.0620285	0.0300911	0.0499801	0.0593877	0.0241899	0.00866485
94	0.0169557	0.0275555	0.0296548	0.0439357	0.00478437	0.0263042	0.0248272	0.0108353	0.178258	0.0151558	0.00996868	0.0490163	0.0202384	0.0956116	0.335767	0.04352	0.0371603	0.0210254	0.000470323	0.00895463
95	0.0822327	0.0533043	0.0161742	0.0186691	0.0132792	0.0490439	0.205466	0.00673862	0.0243234	0.0566213	0.025816	0.0380913	0.00878476	0.0540829	0.0474822	0.10399	0.0359955	0.0556825	0.00334886	0.100874
96	0.126253	0.0355585	0.0226708	0.0503292	0.0065209	0.0317256	0.134117	0.00486358	0.0569408	0.0130243	0.0127522	0.0240165	0.140539	0.106273	0.0844626	0.0879897	0.0219997	0.0149071	0.00509834	0.0199577
97	0.048484	0.0185692	0.0315174	0.0417885	0.00201919	0.514589	0.00758592	0.00275259	0.0485819	0.00533584	0.00455837	0.0384586	0.00555851	0.0229439	0.0803456	0.0815503	0.0357466	0.00617694	0.000780398	0.00265671
98	0.0540269	0.0405358	0.00733553	0.00940592	0.0915794	0.00913649	0.0177396	0.0117541	0.0122961	0.0926046	0.00819582	0.232772	0.0067392	0.0329698	0.074442	0.189613	0.0362555	0.0571596	0.00626823	0.00917019
99	0.117779	0.0127046	0.00472918	0.00902797	0.0178359	0.100301	0.00595442	0.00553335	0.0207845	0.0543511	0.0534481	0.00912594	0.0270941	0.0242451	0.019269	0.348559	0.0788047	0.0316363	0.0134035	0.0454134
100	0.0207655	0.0055912	0.0200533	0.220207	0.00386958	0.0612383	0.0536223	0.00913034	0.0827812	0.0247135	0.0119174	0.03247	0.012685	0.221866	0.107805	0.040056	0.0550528	0.00944132	0.00288105	0.00385309
101	0.0668495	0.0220651	0.067135	0.0374759	0.00376084	0.0485051	0.0229216	0.00419088	0.00938558	0.0204784	0.00472981	0.0649294	0.245355	0.038079	0.0119639	0.240452	0.0788525	0.00595109	0.00176149	0.00515814
102	0.0383602	0.0183942	0.000928225	0.00187383	0.103118	0.00910008	0.00585937	0.13061	0.00219406	0.42495	0.0503667	0.00220118	0.0012378	0.00547761	0.00554068	0.00548564	0.00944392	0.176727	0.00149513	0.00663656
103	0.105711	0.0132243	0.00532277	0.00930392	0.0204871	0.0993488	0.00588266	0.00495596	0.0206505	0.0483205	0.0526073	0.00966756	0.026835	0.0220597	0.0214003	0.355522	0.0849694	0.033808	0.0108811	0.0490424
104	0.0351226	0.010464	0.0177052	0.107585	0.00815541	0.0583191	0.0767069	0.00533475	0.112994	0.0279252	0.0331474	0.0200942	0.0120561	0.210068	0.174366	0.026495	0.0300645	0.0142289	0.00623995	0.0129279
105	0.0771591	0.00425576	0.00311284	0.00522506	0.0330929	0.00270281	0.00478097	0.242124	0.010094	0.0925072	0.108215	0.00463733	0.00948249	0.00732826	0.00907485	0.0290547	0.100291	0.236458	0.00336103	0.0170425
106	0.0331952	0.023738	0.0256109	0.0564778	0.00652706	0.0324932	0.0498512	0.00873663	0.153712	0.0165377	0.0110027	0.04077	0.0292348	0.123303	0.280806	0.0449392	0.0321976	0.0183872	0.00260499	0.00987473
107	0.0436866	0.00302362	0.00128148	0.00368979	0.0222808	0.000910905	0.00360097	0.3022	0.00542468	0.0995535	0.0959633	0.00289754	0.00863292	0.00490807	0.0059936	0.0185544	0.065967	0.294889	0.00209914	0.0144426
108	0.150252	0.0553835	0.0302379	0.011309	0.012379	0.0462764	0.00644611	0.00396235	0.0200355	0.0158666	0.0113811	0.0304469	0.00770319	0.00963889	0.0179148	0.336541	0.214124	0.0126619	0.00101558	0.00642475
109	0.335327	0.0886681	0.0148083	0.011916	0.01857	0.0562001	0.00789969	0.0016198	0.0143399	0.00918921	0.0145929	0.011309	0.0138581	0.00346864	0.00812222	0.217014	0.149577	0.0177314	0.000750046	0.00503817
110	0.0110662	0.00491544	0.00221991	0.00364923	0.0394911	0.00264436	0.00460053	0.137262	0.00422224	0.443423	0.231335	0.00372496	0.00823811	0.00396473	0.00555813	0.00795776	0.0197853	0.0439799	0.00187182	0.0200902
111	0.25944	0.0700602	0.024089	0.0120414	0.0161433	0.0510622	0.0075707	0.00266598	0.0169272	0.011317	0.0176878	0.0187858	0.0100543	0.00520728	0.0145453	0.241422	0.20142	0.013698	0.000620663	0.00524111
112	0.147906	0.0120001	0.0018578	0.00407857	0.0170558	0.00217203	0.0068015	0.222883	0.00323368	0.131424	0.0438683	0.00769138	0.00610724	0.00507591	0.00691792	0.0160742	0.0684058	0.288602	0.0011396	0.00670547
113	0.0189993	0.0182843	0.0388408	0.0374133	0.00506602	0.0381307	0.0175849	0.00856585	0.186123	0.0139797	0.00699103	0.0626986	0.0183353	0.0854524	0.315264	0.0482145	0.0537111	0.0168154	0.000419403	0.00911119
114	0.0181366	0.00398714	0.567754	0.0970574	0.000945508	0.0611984	0.0187311	0.0030125	0.0137065	0.00169353	0.00387036	0.131782	0.00554176	0.00382168	0.024286	0.0273918	0.0103891	0.00374438	0.000446511	0.00250389
115	0.0627453	0.00280214	0.0700703	0.0311773	0.00326902	0.067792	0.00512083	0.00277175	0.113415	0.00934555	0.00284222	0.357009	0.00409651	0.0281384	0.103341	0.0962209	0.030496	0.00460353	0.000972354	0.00377148
116	0.0375503	0.0179818	0.000848354	0.0020503	0.102364	0.00903576	0.00607029	0.129778	0.00165696	0.431987	0.0514773	0.00234132	0.00117453	0.00561661	0.00573122	0.00527121	0.00819295	0.172472	0.0017438	0.0066568
117	0.0384954	0.017098	0.000830001	0.00203656	0.0948583	0.00912281	0.00563808	0.130153	0.00138182	0.440829	0.0536194	0.00210951	0.00117312	0.00562314	0.00555842	0.00486942	0.00709341	0.17384	0.00152661	0.00414439
118	0.226309	0.0174617	0.00207763	0.0042092	0.006085	0.0019196	0.00757633	0.204407	0.00221212	0.108825	0.016244	0.0107187	0.00440632	0.00491768	0.00670227	0.0154461	0.0744044	0.282182	0.000605704	0.0032906
119	0.200394	0.0156598	0.00197166	0.00375318	0.0133015	0.00231294	0.0073742	0.201932	0.00246146	0.134179	0.0254432	0.00920467	0.00439303	0.00495046	0.00640737	0.0158124	0.06985	0.275735	0.000797419	0.00406589
120	0.0608968	0.0190665	0.0336363	0.0330414	0.00253604	0.610391	0.00368377	0.00218396	0.0181696	0.00425658	0.00587741	0.0361986	0.00558165	0.00690159	0.0351055	0.0830108	0.031452	0.00470093	0.000825293	0.00248386
121	0.0689769	0.0232225	0.0370054	0.03204	0.0046811	0.515343	0.00463809	0.00392706	0.0223152	0.0101312	0.00996997	0.0413272	0.0058011	0.00904902	0.0364181	0.0993702	0.0567069	0.0118027	0.00125093	0.00602347
122	0.0249492	0.0224523	0.00714211	0.0104223	0.217978	0.00765409	0.0236557	0.0491521	0.0131168	0.18656	0.0283174	0.0762304	0.00619497	0.0248101	0.0343557	0.0487654	0.0293651	0.0685448	0.00852315	0.11181
123	0.0415548	0.0167512	0.0201361	0.0295047	0.0390228	0.0100124	0.185502	0.00262096	0.0719573	0.0264946	0.0333019	0.0349698	0.00511745	0.174231	0.125086	0.037425	0.0112717	0.0200365	0.0214607	0.0935428
124	0.0566017	0.0184189	0.0331366	0.0325679	0.00166461	0.628775	0.00264732	0.00174521	0.0172356	0.00440739	0.00489121	0.0371301	0.00419109	0.00431219	0.0344114	0.081206	0.0292322	0.00448589	0.0007759	0.00216413
125	0.0156583	0.00389182	0.25208	0.279986	0.00240679	0.0376729	0.0242987	0.00601747	0.0613372	0.0124112	0.0050469	0.0333357	0.0149379	0.117069	0.0459745	0.0473011	0.028505	0.00638624	0.00126807	0.00441574
126	0.011025	0.00551327	0.00236606	0.00391856	0.0378995	0.00368989	0.00522929	0.156493	0.00349764	0.474324	0.163932	0.00396165	0.0095686	0.00463576	0.00520748	0.00785747	0.0168594	0.0474699	0.00187636	0.0346741
127	0.0806248	0.00931881	0.00103459	0.00288361	0.00815721	0.000976613	0.00494656	0.299163	0.00243744	0.103981	0.0355084	0.00509897	0.006063	0.00317641	0.00434344	0.0114336	0.0440944	0.367197	0.000940618	0.00862067
128	0.0331952	0.0304593	0.00179813	0.00324395	0.14157	0.0131705	0.00773593	0.125392	0.00608539	0.334259	0.0442162	0.00610942	0.00255113	0.00684991	0.00790656	0.0117715	0.0240501	0.173127	0.00295284	0.023556
129	0.0259764	0.0117131	0.0230022	0.0453438	0.01286	0.0157371	0.0889824	0.00935971	0.107024	0.0578819	0.138137	0.0218101	0.00983969	0.231725	0.0639319	0.0302354	0.0256347	0.0526379	0.0118705	0.0162969
130	0.0186568	0.0220767	0.0346882	0.0587858	0.00469436	0.0347681	0.0242979	0.00894345	0.180371	0.0150358	0.00768577	0.0470815	0.0199918	0.119119	0.297241	0.0446007	0.0368341	0.0180835	0.000401789	0.00664286
131	0.0316525	0.0256615	0.0386706	0.0831863	0.0065963	0.0245138	0.0262008	0.00901252	0.174389	0.0188797	0.00831999	0.0477802	0.0395809	0.122218	0.226414	0.0465426	0.0428854	0.0182077	0.00131253	0.00797501
132	0.0512955	0.0155233	0.0885333	0.0463596	0.00116379	0.582607	0.00336104	0.00189768	0.0155377	0.00273029	0.00492148	0.0448647	0.00455564	0.00364383	0.0302946	0.0722181	0.0250638	0.00332	0.000530009	0.00157825
133	0.0998013	0.00617727	0.00514535	0.0172297	0.0202401	0.00169424	0.00486311	0.264163	0.00522664	0.0829896	0.0662193	0.00882928	0.00809165	0.0127775	0.00768222	0.0205682	0.0771971	0.276118	0.00251394	0.0124721
134	0.107989	0.075677	0.0123711	0.0376353	0.00951007	0.0469913	0.0129376	0.00919539	0.0511472	0.0585603	0.015326	0.0177558	0.0268783	0.0204254	0.0223275	0.257543	0.0747264	0.102328	0.0037311	0.036944
135	0.0493188	0.0132737	0.0088999	0.0106504	0.295368	0.00512767	0.0287938	0.0354532	0.0137845	0.0356252	0.0112977	0.0350908	0.0066105	0.0159144	0.0420547	0.0623224	0.0191713	0.0229572	0.00551843	0.282768
136	0.248349	0.0842132	0.0120361	0.0264181	0.0284241	0.0487794	0.0113441	0.00596006	0.0237739	0.0198294	0.0137473	0.0193365	0.0143689	0.0111596	0.0179247	0.231383	0.120651	0.0472569	0.00309464	0.0119509
137	0.31218	0.0786941	0.0171513	0.0126763	0.0225436	0.0635727	0.00803109	0.00137206	0.0164818	0.0102955	0.0176618	0.0107125	0.0115892	0.00413611	0.00750669	0.215369	0.169489	0.0148792	0.00087408	0.00478551
138	0.0175778	0.0236768	0.0296822	0.037815	0.010132	0.025256	0.0230835	0.0104225	0.178146	0.0150975	0.00903237	0.0559598	0.0191436	0.0966687	0.322313	0.0517916	0.0411498	0.0237716	0.000661215	0.00861956
139	0.0683801	0.00304293	0.00223408	0.00504051	0.0273113	0.00106758	0.00378697	0.260284	0.00668487	0.103364	0.112559	0.00325767	0.0108009	0.00643014	0.00902325	0.0258516	0.0929665	0.239097	0.00271738	0.0161007
140	0.280089	0.0597534	0.0160911	0.0158362	0.0167103	0.044266	0.00875463	0.00550415	0.0290424	0.015704	0.0149128	0.0189094	0.0120363	0.00619558	0.0132171	0.218153	0.192489	0.0213922	0.000985949	0.00995742
141	0.042582	0.0233658	0.0524094	0.0257283	0.0304383	0.0269913	0.204998	0.00436011	0.0349507	0.0530345	0.0113836	0.0929065	0.00429515	0.0740842	0.064508	0.0964225	0.0295474	0.0221421	0.00608074	0.099771
142	0.0203563	0.00365043	0.513296	0.134032	0.00109393	0.0604729	0.0169139	0.00406009	0.0193939	0.00291673	0.00593852	0.111827	0.00858945	0.0148067	0.0247268	0.0345696	0.013862	0.00589571	0.000508689	0.00308976
143	0.0158208	0.00285797	0.473443	0.195112	0.00106341	0.047878	0.0165037	0.00415859	0.0283677	0.0037056	0.00348669	0.0862372	0.00873188	0.031133	0.0218113	0.0373494	0.0137646	0.00346193	0.000474783	0.00463823
144	0.0186127	0.00354375	0.500657	0.142361	0.00109399	0.0574425	0.017577	0.00380857	0.0230834	0.00288925	0.00442083	0.115686	0.0098714	0.0182079	0.0244907	0.0355219	0.0130404	0.00405181	0.000496666	0.00314336
145	0.0810908	0.0217282	0.0625024	0.0288391	0.00278987	0.442206	0.00504831	0.00285739	0.0313348	0.00502273	0.00588892	0.078763	0.00652857	0.00881039	0.0546742	0.115203	0.0342949	0.00747234	0.0010759	0.00386954
146	0.05101	0.00379077	0.00230822	0.00540008	0.0275867	0.00207076	0.00503404	0.24536	0.0116819	0.132017	0.127283	0.00469418	0.0128872	0.00574057	0.0100178	0.0250452	0.0954942	0.213844	0.0033068	0.015428
147	0.111216	0.00771016	0.00453148	0.00880392	0.0248824	0.00378946	0.00688074	0.227427	0.00745471	0.0871894	0.0730495	0.00905642	0.0086319	0.00932405	0.0114298	0.0402009	0.100484	0.242276	0.00270761	0.0129549
148	0.0623626	0.0207637	0.0243063	0.0271865	0.0153157	0.029238	0.021487	0.0124208	0.0448054	0.0339715	0.012326	0.163841	0.0109801	0.0301123	0.0515161	0.165658	0.222405	0.0286099	0.00511513	0.0175788
149	0.307881	0.0926526	0.0134781	0.0112073	0.0260462	0.061003	0.0164286	0.0032616	0.0128486	0.0104624	0.013733	0.0127956	0.0126776	0.00620386	0.0111482	0.231303	0.132186	0.0189448	0.000897815	0.00483974
150	0.0116224	0.00416824	0.000819214	0.00118181	0.0014578	0.000896903	0.00392029	0.365093	0.00110756	0.105506	0.0160258	0.00385873	0.00533335	0.00146477	0.00139505	0.00538619	0.00823077	0.457515	0.000339517	0.0046788
151	0.0111738	0.00207201	0.323846	0.313082	0.0017838	0.0262806	0.0216862	0.00424605	0.05132	0.00965316	0.00273085	0.0295002	0.0154295	0.0909354	0.0195114	0.0485391	0.0206415	0.00329659	0.000755378	0.00351703
152	0.0385896	0.00415238	0.00129833	0.0031062	0.0191741	0.00159191	0.00399415	0.309065	0.00453803	0.119308	0.0735044	0.0030962	0.00739511	0.00429992	0.00537841	0.0175882	0.0481329	0.323826	0.00162188	0.0103387
153	0.0100694	0.00564516	0.0126886	0.0119462	0.243328	0.0030815	0.0630476	0.00780011	0.0240485	0.0243318	0.012257	0.0757009	0.00544876	0.0272751	0.0381564	0.0764192	0.0189983	0.0118023	0.00655893	0.321396
154	0.0384422	0.0446799	0.0195461	0.00576231	0.007789	0.055175	0.00653896	0.00516314	0.00844297	0.0145182	0.00608374	0.0567121	0.00544403	0.0220311	0.0291505	0.498924	0.160517	0.00748878	0.00161651	0.00597432
155	0.0699547	0.0246059	0.0317771	0.0318489	0.00232036	0.588484	0.0025305	0.00154139	0.0172373	0.00360744	0.00528499	0.0395652	0.00576455	0.00439629	0.0339587	0.0948099	0.0344405	0.00499397	0.000913551	0.00196441
156	0.343215	0.0750863	0.00987067	0.0154508	0.0145871	0.063004	0.00733602	0.00274463	0.0140566	0.0148151	0.0128671	0.0180588	0.0244798	0.00602183	0.0114232	0.221999	0.111557	0.0245062	0.00137459	0.00754619
157	0.0116015	0.0097208	0.00332875	0.020799	0.00369289	0.00343548	0.00416663	0.0489306	0.0257404	0.474114	0.0728195	0.00507498	0.0492965	0.00574927	0.0232589	0.010864	0.126958	0.0696872	0.0159928	0.0147684
158	0.016746	0.0280112	0.0260754	0.0414157	0.00505676	0.026479	0.0337839	0.0122302	0.171842	0.0142313	0.00943354	0.0544659	0.0197863	0.0947597	0.328867	0.0481618	0.0350896	0.0227279	0.000724941	0.010112
159	0.0542957	0.0156278	0.000843675	0.00213524	0.0866955	0.0080582	0.00574595	0.149909	0.00198106	0.375197	0.0536082	0.00248192	0.00220043	0.00538896	0.006422	0.00733684	0.0171473	0.198786	0.00150584	0.00463412
160	0.0579798	0.00244363	0.00175054	0.00418599	0.0287599	0.00104755	0.00351724	0.268481	0.00700131	0.104156	0.125888	0.00261627	0.0100909	0.00604946	0.0080085	0.023818	0.0898851	0.23561	0.00277468	0.0159363
161	0.316718	0.0106688	0.00786541	0.00309185	0.0273528	0.0224704	0.0126143	0.0470024	0.00872185	0.0225068	0.025371	0.0103224	0.00546748	0.00538431	0.00957594	0.104309	0.150925	0.198782	0.00324035	0.00761082
162	0.364386	0.082918	0.0120312	0.011846	0.0168628	0.058821	0.00742801	0.00142202	0.0128606	0.00895083	0.0132766	0.0120407	0.0178963	0.00257605	0.00750818	0.209161	0.135166	0.0195873	0.000641143	0.00462079
163	0.0417073	0.0467831	0.0788018	0.015067	0.0132059	0.0180177	0.0338281	0.0350919	0.0283214	0.0209848	0.0105453	0.121151	0.0097562	0.045899	0.0240334	0.283405	0.0796778	0.0197422	0.0043406	0.0696401
164	0.0320533	0.0114086	0.0826925	0.15365	0.00997423	0.0385912	0.0397924	0.0113097	0.0674525	0.0241679	0.00975039	0.134859	0.018746	0.125408	0.0925581	0.0683092	0.0420378	0.0169857	0.00696732	0.0132867
165	0.0182434	0.00374664	0.536586	0.123685	0.00104306	0.0587919	0.018051	0.00342781	0.0174702	0.00233319	0.00394493	0.118832	0.00803011	0.012264	0.023841	0.0310187	0.0117032	0.00373379	0.000520098	0.00273379
166	0.0866992	0.213684	0.0058291	0.007524	0.0234913	0.0859202	0.0289736	0.0127373	0.00880339	0.0183089	0.00932992	0.036799	0.00502752	0.034777	0.0482162	0.328153	0.0268162	0.010509	0.00261761	0.00578295
167	0.157533	0.015685	0.0226527	0.0612553	0.0078314	0.0645443	0.0103384	0.0221441	0.0594988	0.0387191	0.0494098	0.0162625	0.00919485	0.0592291	0.0196125	0.162725	0.0758756	0.0894257	0.0036842	0.0543791
168	0.0130472	0.00423144	0.00070109	0.00111257	0.00193892	0.000845896	0.0036145	0.353606	0.00110346	0.0997163	0.0172791	0.00372975	0.00580621	0.00147358	0.00135125	0.00560227	0.00974816	0.469765	0.00036345	0.00496355
169	0.0222442	0.0197228	0.0382	0.0337707	0.00636799	0.0325948	0.0257985	0.00908361	0.176375	0.0168188	0.00927015	0.0701234	0.0161696	0.0763702	0.307047	0.0519494	0.0495877	0.017233	0.00167489	0.0195979
170	0.062754	0.00808511	0.0353999	0.0851617	0.0557039	0.00608797	0.00861896	0.231733	0.00881893	0.0686145	0.0209321	0.0360626	0.00857333	0.0374832	0.0142389	0.0284857	0.0623941	0.187515	0.00387556	0.0294617
171	0.00609462	0.0240783	0.00148824	0.00638373	0.398367	0.00143832	0.0100098	0.018076	0.00297949	0.0949307	0.0186583	0.00746075	0.00230123	0.00459768	0.00398352	0.0157482	0.0183366	0.0357768	0.00870209	0.320589
172	0.0240398	0.00511197	0.535523	0.0984246	0.00161519	0.0572187	0.0204155	0.00373187	0.0162499	0.00394576	0.00425106	0.131548	0.00635068	0.00856064	0.0252776	0.0361234	0.0120957	0.00479399	0.000935367	0.00378675
173	0.0309449	0.0095172	0.028953	0.0105332	0.00462781	0.0449081	0.00768935	0.00676924	0.158919	0.0247456	0.00664686	0.0503284	0.00766961	0.0225225	0.325668	0.07994	0.145304	0.0103124	0.0013972	0.0226029
174	0.00617787	0.02646	0.00124443	0.00531516	0.407685	0.00156647	0.00941887	0.0151378	0.00253678	0.0836153	0.0163893	0.00658814	0.00193393	0.00461304	0.00398341	0.0156097	0.0188769	0.0316296	0.00764888	0.333569
175	0.0513292	0.0187956	0.0410815	0.0445219	0.0223649	0.0208447	0.0429641	0.0106104	0.128702	0.0210205	0.00914444	0.0569421	0.017043	0.115703	0.200586	0.110899	0.0403251	0.0285934	0.00356325	0.0149667
176	0.016395	0.0902624	0.00833864	0.0345014	0.0589092	0.00899639	0.00957291	0.0397964	0.0116012	0.186593	0.069698	0.0128505	0.107795	0.116639	0.042262	0.0565701	0.0170261	0.101308	0.00378213	0.0071023
177	0.0206243	0.0328096	0.00386953	0.00629559	0.192838	0.00624312	0.0115539	0.105727	0.0195885	0.135569	0.0558779	0.0103305	0.00515146	0.00746864	0.0093641	0.0300039	0.094115	0.161935	0.00867872	0.0819562
178	0.0742329	0.00428045	0.036791	0.0196975	0.00565396	0.0588397	0.00841347	0.00322652	0.0878126	0.0211847	0.00322951	0.382796	0.00693083	0.0425549	0.057647	0.125467	0.0485293	0.00669502	0.00158713	0.0044309
179	0.0318383	0.0272244	0.0209557	0.0215487	0.0266598	0.0151148	0.229915	0.00276194	0.0502282	0.0429822	0.0132633	0.0769877	0.00390434	0.0868359	0.0920799	0.0780247	0.0218343	0.0245293	0.0098736	0.123438
180	0.00553865	0.0247511	0.0015242	0.00573161	0.380791	0.0018266	0.0122457	0.0274017	0.0041939	0.108479	0.0244601	0.00890991	0.00244793	0.00390773	0.00395516	0.0154171	0.025233	0.0519968	0.0122706	0.278918
181	0.0978195	0.076478	0.0143502	0.0459211	0.00535578	0.0155904	0.153484	0.00751231	0.079322	0.0135025	0.0183173	0.0307486	0.067525	0.0752868	0.0826771	0.109847	0.0485198	0.0242792	0.00406875	0.0293949
182	0.00701168	0.0238241	0.00104508	0.00434691	0.433217	0.00111659	0.00796005	0.0109984	0.00166715	0.0690739	0.0101994	0.00497955	0.00158745	0.00465073	0.00371064	0.0158099	0.0107495	0.0243834	0.00578081	0.357888
183	0.0862242	0.0215127	0.0774955	0.051	0.00296061	0.036461	0.0315941	0.00304555	0.00915354	0.024367	0.00287767	0.061494	0.332481	0.0365452	0.00701175	0.166308	0.0396926	0.00487852	0.00125155	0.00364508
184	0.0303349	0.0623279	0.0135592	0.0244914	0.0216109	0.013681	0.0183208	0.0133787	0.0241549	0.0820545	0.0126455	0.180418	0.00949042	0.0297202	0.0289128	0.0581906	0.0336833	0.0268453	0.2946	0.0215801
185	0.0391255	0.0688182	0.0572099	0.0177109	0.0538154	0.0214011	0.139482	0.0125977	0.0263029	0.0354262	0.0130682	0.0920817	0.00683773	0.0462778	0.0436877	0.147403	0.0296089	0.0467091	0.00488159	0.0975544
186	0.304271	0.0103674	0.00817926	0.00309626	0.0258806	0.0209961	0.013253	0.0565785	0.00841345	0.024785	0.0287252	0.0113095	0.00444155	0.00533823	0.00980602	0.0952477	0.15665	0.202697	0.0031298	0.00683404
187	0.142668	0.0268987	0.0119712	0.0149813	0.0256133	0.0745607	0.00851625	0.00868657	0.0388204	0.0488485	0.0280835	0.0228707	0.0150122	0.030553	0.0220296	0.273255	0.144214	0.0337205	0.00500173	0.0236951
188	0.0677251	0.00313534	0.00168498	0.00361325	0.0276032	0.00107034	0.00392485	0.253558	0.00651418	0.1119	0.126871	0.00271625	0.00966511	0.00544766	0.00800077	0.0248301	0.0887212	0.236276	0.00236623	0.0143755
189	0.0424067	0.0239368	0.0209232	0.0145584	0.0773039	0.0175307	0.0240274	0.0103126	0.0322905	0.0526044	0.00835791	0.241185	0.00773336	0.0363946	0.0849989	0.204653	0.0401924	0.0326959	0.00491987	0.0229743
190	0.0736172	0.0209872	0.127686	0.0641103	0.00790285	0.0321379	0.0627443	0.007372	0.0275205	0.0210053	0.00731167	0.0572103	0.237506	0.0454586	0.0294183	0.119394	0.0326047	0.0114622	0.00311919	0.0114315
191	0.0183066	0.00425533	0.552748	0.108374	0.000982743	0.0593606	0.0185227	0.00339635	0.0160736	0.00187032	0.00404687	0.128834	0.00612276	0.00669091	0.0236619	0.0288861	0.0107786	0.00382528	0.000436074	0.00282771
192	0.064953	0.026272	0.0387964	0.026907	0.00210573	0.543681	0.00305356	0.00239449	0.0307503	0.00423022	0.0045519	0.0373499	0.00436294	0.00590104	0.0596549	0.10141	0.0347331	0.00494446	0.00118365	0.0027651
193	0.0176324	0.0205182	0.0352396	0.0364483	0.00494409	0.036345	0.0187983	0.00895136	0.188501	0.0140004	0.00756068	0.0586906	0.0197775	0.0840291	0.324969	0.0456337	0.0506981	0.0176059	0.000387788	0.00926846
194	0.0490546	0.0118028	0.00331222	0.00551608	0.0649582	0.00726801	0.0311463	0.121279	0.00943409	0.396459	0.0312887	0.00680297	0.00530066	0.0224233	0.0209453	0.0334214	0.0148713	0.152146	0.00617719	0.00639228
