460	20
1	0.101003	0.00250504	0.0301844	0.0543396	0.000629309	0.0302393	0.0138491	0.0078846	0.19552	0.0242916	0.00583761	0.0603711	0.0227197	0.0744908	0.142495	0.136439	0.0744932	0.020303	0.000871397	0.00153335
2	0.0262466	0.025927	0.00234952	0.0161167	0.192682	0.00355922	0.00168057	0.127264	0.00270803	0.285785	0.118348	0.0034403	0.00140764	0.00480461	0.00397931	0.0147455	0.0470823	0.109005	0.00174507	0.0111229
3	0.0451461	0.0308403	0.00110913	0.00153128	0.0524745	0.00557896	0.00070526	0.178043	0.00916857	0.153729	0.0400347	0.00385031	0.00315548	0.00433821	0.0134779	0.0243653	0.0459572	0.354357	0.00605089	0.0260873
4	0.0999299	0.00242871	0.0303536	0.0550174	0.00063021	0.0290915	0.0149557	0.0081227	0.194719	0.0246561	0.00632143	0.0590806	0.0214669	0.0771411	0.144818	0.133872	0.0746288	0.0203452	0.000958554	0.00146318
5	0.10998	0.0126213	0.00874522	0.0105105	0.106191	0.0113924	0.0195878	0.0592616	0.0952418	0.046897	0.0178519	0.0324283	0.0343517	0.0641504	0.067178	0.0690517	0.10426	0.0852997	0.0020268	0.042973
6	0.0213292	0.0121544	0.00232315	0.00133301	0.362234	0.00240195	0.0422495	0.0369881	0.00712453	0.0870613	0.0160835	0.00762541	0.00310335	0.00665761	0.00461378	0.014278	0.00958009	0.0300452	0.0206813	0.312133
7	0.17117	0.0309789	0.0136891	0.0117842	0.0185323	0.013063	0.00162003	0.0783724	0.00339227	0.117429	0.0622582	0.0344327	0.0289783	0.00995263	0.0185968	0.0697949	0.183612	0.122675	0.000459384	0.00920904
8	0.00719087	0.00903556	0.00179363	0.000728015	0.0206391	0.000658938	0.000667599	0.410954	0.000817151	0.161207	0.0161452	0.000842823	0.00484785	0.00383509	0.00347503	0.0018546	0.00215289	0.347457	0.000151875	0.00554613
9	0.0613899	0.00949129	0.0148586	0.0174247	0.00888224	0.017728	0.0187322	0.0142068	0.235054	0.0442597	0.0106371	0.0479386	0.0085863	0.0466796	0.257155	0.0774556	0.0383845	0.0389123	0.0219892	0.0102347
10	0.0409568	0.0148314	0.000920843	0.00117354	0.0811627	0.00201457	0.000621664	0.231694	0.000878871	0.311091	0.07852	0.00250179	0.000251572	0.00178846	0.000934302	0.0107039	0.0160388	0.192802	0.000701173	0.0104122
11	0.0342454	0.0299297	0.0028155	0.00260469	0.176631	0.00397953	0.0396822	0.160691	0.00890835	0.146248	0.0364012	0.0139514	0.00256236	0.017375	0.0113857	0.025542	0.0189194	0.132881	0.00746598	0.12778
12	0.0646327	0.00359264	0.204124	0.162542	0.00117261	0.0436764	0.0180341	0.00427528	0.0250863	0.0196405	0.00196421	0.062462	0.0114187	0.0423702	0.0246827	0.230426	0.0533984	0.0163458	0.00239179	0.00776366
13	0.0103027	0.00477579	0.0051978	0.0248408	0.00433424	0.0241163	0.168032	0.0119226	0.211465	0.0139691	0.00414601	0.014044	0.0160668	0.0333556	0.356383	0.0241152	0.011194	0.0389883	0.00163319	0.0211182
14	0.00395266	0.00795092	0.00114833	0.0021179	0.342153	0.00625674	0.0407172	0.0109907	0.00160887	0.0137539	0.012943	0.0132191	0.000822763	0.0166774	0.00845416	0.00511814	0.00335721	0.0195625	0.0337461	0.45545
15	0.0157418	0.00896434	0.00143727	0.00151888	0.363851	0.00375909	0.033547	0.0250338	0.00464179	0.0600975	0.0165219	0.00826971	0.00222113	0.00982284	0.00568089	0.00963801	0.00711677	0.0230054	0.0264567	0.372674
16	0.0151286	0.00304184	0.0121173	0.020128	0.00456479	0.00321521	0.00222133	0.0144187	0.00681733	0.0178454	0.00334384	0.0414061	0.00524095	0.00622813	0.01278	0.401741	0.384569	0.042301	0.000713643	0.00217719
17	0.200187	0.0824994	0.0016758	0.00199537	0.0150136	0.00295503	0.00185198	0.141532	0.00256347	0.0867444	0.0138215	0.0170213	0.0012913	0.00344625	0.00271979	0.0705973	0.038711	0.312368	0.000528407	0.0024772
18	0.0285731	0.0433801	0.00722474	0.00406965	0.159049	0.00259556	0.137818	0.110138	0.00696074	0.094177	0.0188505	0.0276773	0.00321156	0.0285017	0.0095103	0.0345722	0.0104206	0.071486	0.00706723	0.194716
19	0.178967	0.0150181	0.0792838	0.0738531	0.00167559	0.203445	0.0206058	0.00415681	0.0233677	0.00804092	0.00427116	0.0593446	0.0108406	0.0222496	0.0209439	0.230053	0.0303951	0.00749244	0.00191189	0.00408493
20	0.0682744	0.00434053	0.187355	0.163226	0.000935752	0.0425324	0.0180547	0.00594385	0.0349607	0.0214935	0.00182396	0.0583547	0.0182786	0.052795	0.0266088	0.217053	0.0513378	0.018488	0.00297596	0.00516705
21	0.0313539	0.00707839	0.545346	0.150134	0.00395443	0.00922047	0.0100859	0.00528762	0.00882906	0.0106396	0.00509003	0.0612584	0.00439788	0.0417766	0.00592177	0.055519	0.0267043	0.00686896	0.0079536	0.00257966
22	0.436772	0.16039	0.00387935	0.00892155	0.00132439	0.0674235	0.008061	0.00341208	0.00945864	0.016073	0.00249124	0.0122187	0.0103448	0.0164163	0.0083641	0.193418	0.0181841	0.0200459	0.000426945	0.00237437
23	0.0335981	0.00270835	0.0412059	0.06343	0.0170125	0.00470194	0.0219092	0.131064	0.0129293	0.189217	0.0650512	0.0202546	0.0146366	0.0485932	0.0167255	0.0827006	0.0695857	0.156444	0.000371748	0.00786001
24	0.0426838	0.0070253	0.00561428	0.00192282	0.415075	0.00126563	0.00704019	0.0296382	0.0122082	0.156783	0.017366	0.00190814	0.0119965	0.00173057	0.00634745	0.0197676	0.0232817	0.0208275	0.00934173	0.208177
25	0.0751855	0.0452194	0.000847818	0.00159312	0.000815983	0.00368079	0.00354941	0.231664	0.00105217	0.0588756	0.00967943	0.000986924	0.000505755	0.00201587	0.00119026	0.00598842	0.0209857	0.534436	0.000260949	0.0014675
26	0.356101	0.0617657	0.0105848	0.0207681	0.00186786	0.0677731	0.00826178	0.00753243	0.0124124	0.00800252	0.0056545	0.0358308	0.0108303	0.0140423	0.0112207	0.311307	0.0333783	0.0160147	0.000445303	0.00620577
27	0.0861175	0.0047205	0.0276058	0.053603	0.00113891	0.0247449	0.0147397	0.00781007	0.198653	0.0233301	0.00933628	0.065226	0.0197705	0.0901205	0.168745	0.112625	0.0703277	0.017619	0.00166642	0.00210052
28	0.0409335	0.050048	0.00364374	0.00323615	0.144639	0.00346947	0.087956	0.154066	0.00800753	0.0973034	0.0283365	0.0323407	0.00180936	0.0423013	0.0160844	0.0315393	0.0114737	0.0709664	0.00683023	0.165016
29	0.0409023	0.00977699	0.00328315	0.00124271	0.394298	0.000998578	0.011343	0.0414352	0.0120028	0.145911	0.0245102	0.00256417	0.00733983	0.00284288	0.00451681	0.0202671	0.0183442	0.0276193	0.0121514	0.218651
30	0.0104107	0.00366141	0.00480305	0.0206362	0.00172688	0.0289672	0.113513	0.00887456	0.309744	0.0114037	0.00277309	0.0136004	0.0125358	0.0327996	0.346028	0.0289255	0.00998674	0.026415	0.00132751	0.0118672
31	0.00531465	0.00252637	0.0153154	0.00717652	0.00165052	0.0024661	0.00202562	0.00716671	0.00447518	0.0235712	0.00297082	0.0579308	0.00664176	0.00377646	0.0174718	0.479483	0.330463	0.027461	0.000549896	0.00156245
32	0.036233	0.00787949	0.0220156	0.0276765	0.0215907	0.0209168	0.0747668	0.0586792	0.0561005	0.0708401	0.0294075	0.075752	0.00536002	0.0945996	0.0827926	0.135015	0.0990442	0.0514667	0.00031845	0.0295451
33	0.239743	0.0881652	0.00209673	0.00234223	0.0214933	0.00377514	0.00180552	0.126977	0.00251492	0.0725375	0.0102295	0.0292143	0.00300009	0.00421355	0.00358898	0.101564	0.0582183	0.225763	0.000655471	0.0021019
34	0.0437836	0.0277638	0.00111717	0.00159982	0.0371607	0.0043853	0.000934988	0.22431	0.0063508	0.150501	0.0363427	0.00285859	0.00265151	0.00357152	0.00913588	0.0184142	0.0350482	0.369636	0.00411008	0.0203246
35	0.0174115	0.00321993	0.00698148	0.0117575	0.00157324	0.0263579	0.0612739	0.008035	0.353971	0.0171778	0.00277815	0.0154673	0.00946349	0.0229019	0.355976	0.0356162	0.0143028	0.0275031	0.0022484	0.00598362
36	0.0467209	0.00227678	0.039833	0.0702845	0.026708	0.00210887	0.145435	0.0119366	0.0847861	0.011306	0.0326263	0.0769212	0.00615753	0.176582	0.0629131	0.0237391	0.0818522	0.00542517	0.00717986	0.0852075
37	0.0253813	0.0458887	0.0039951	0.00366633	0.127707	0.00521311	0.0460482	0.15729	0.00893004	0.126178	0.0785581	0.0269465	0.00186332	0.0369459	0.0202182	0.0568935	0.0222285	0.0512196	0.0333563	0.121473
38	0.0855109	0.00327921	0.0688911	0.0789811	0.00283399	0.0336829	0.0191385	0.00980585	0.141967	0.0285578	0.00655284	0.0596554	0.0192841	0.0712736	0.111923	0.160719	0.0700435	0.0218903	0.00134203	0.00466726
39	0.09956	0.00236823	0.0293816	0.0543664	0.000613072	0.029435	0.0140361	0.00789185	0.198414	0.024301	0.00587271	0.0599103	0.0226665	0.0759667	0.144693	0.132887	0.0751098	0.0202281	0.000873761	0.00142403
40	0.0119402	0.0117398	0.00074572	0.00153648	0.0241595	0.00143409	0.00288674	0.220333	0.000944972	0.512517	0.0280226	0.00447535	0.0003519	0.00201955	0.0028612	0.00474102	0.0487026	0.117696	0.000558369	0.00233339
41	0.0737405	0.00271861	0.0864086	0.141972	0.00197799	0.0211524	0.00526299	0.00843011	0.0889645	0.0275665	0.00226754	0.00310705	0.272667	0.0883365	0.0188539	0.126035	0.0242661	0.00417587	0.000461709	0.00163473
42	0.132559	0.0107379	0.00729978	0.00932308	0.0372706	0.14079	0.00604866	0.0128905	0.0113196	0.0162536	0.00865941	0.0151783	0.00878098	0.0102969	0.0107604	0.137786	0.102119	0.040776	0.00215359	0.278997
43	0.0766476	0.0479741	0.000833119	0.00162401	0.00573149	0.00373372	0.00305759	0.22201	0.00164031	0.0741613	0.0127085	0.00175192	0.000793189	0.00216427	0.00217007	0.0103096	0.0250491	0.503392	0.000753708	0.00349439
44	0.18954	0.0413757	0.00621776	0.0114325	0.0228899	0.00999194	0.00194006	0.079728	0.00386668	0.0615194	0.0291592	0.047572	0.0236673	0.00800369	0.0137739	0.10953	0.213081	0.12071	0.000646891	0.00535412
45	0.0314376	0.0122765	0.000809658	0.000895784	0.0488266	0.00132586	0.000845951	0.242155	0.000673378	0.355618	0.0635503	0.00280164	0.0004537	0.00154771	0.0011606	0.00939115	0.0184739	0.199923	0.00069509	0.00713853
46	0.0366972	0.00396892	0.101238	0.0202279	0.00257624	0.00931577	0.00416332	0.00408183	0.0969307	0.0244624	0.00360266	0.429073	0.00170873	0.0233387	0.048686	0.129759	0.0480102	0.00785757	0.00109077	0.00321175
47	0.0564712	0.0119744	0.00158507	0.00123863	0.0431869	0.00245741	0.000782545	0.225306	0.00270747	0.277782	0.0759134	0.00305129	0.000909368	0.00294914	0.00327205	0.0218187	0.0257702	0.2337	0.000945035	0.00817924
48	0.0203641	0.00385196	0.010439	0.0106705	0.0016724	0.0184426	0.036174	0.00866547	0.357503	0.0191114	0.00301897	0.0165352	0.00735579	0.0185074	0.374041	0.0351468	0.0179912	0.0342426	0.00252969	0.00373655
49	0.0263275	0.00807917	0.157958	0.319198	0.00753319	0.00440669	0.0242843	0.0100352	0.0740336	0.0123032	0.0127225	0.0785606	0.0110057	0.0716981	0.0356871	0.048036	0.0738177	0.0226714	0.000652519	0.000989235
50	0.183808	0.0955484	0.0037835	0.00819518	0.0339366	0.00581073	0.00155921	0.0983488	0.00240096	0.11613	0.0295447	0.0203309	0.0054474	0.00542477	0.00695062	0.0715452	0.115367	0.186209	0.000632262	0.00902615
51	0.0320904	0.0269654	0.00105179	0.00187903	0.0276895	0.00225328	0.00242311	0.239129	0.00210993	0.335959	0.0338328	0.00337281	0.00107364	0.00317569	0.00374296	0.00998198	0.0280223	0.237527	0.00104912	0.00667149
52	0.0303333	0.0306068	0.00993167	0.00670678	0.0705309	0.00724056	0.00446957	0.186979	0.0047274	0.309412	0.0684232	0.00697609	0.00256103	0.0108564	0.00708378	0.0267265	0.0597283	0.123545	0.00303184	0.030131
53	0.0358938	0.00858334	0.0991439	0.0892289	0.00595397	0.00425135	0.0278282	0.126384	0.162198	0.0334513	0.00976855	0.0431813	0.00232521	0.0382646	0.0530124	0.0596872	0.0568394	0.136769	0.00091122	0.0063237
54	0.00554978	0.00286562	0.0133105	0.00711163	0.00163101	0.00275214	0.00174502	0.00746323	0.00445019	0.0226261	0.00333948	0.0476878	0.0066002	0.00477497	0.0153276	0.512659	0.312179	0.0256689	0.000615196	0.00164227
55	0.0967777	0.0200197	0.0310817	0.0348715	0.00867114	0.0462731	0.00977053	0.0268804	0.0314588	0.0196296	0.0121314	0.0154713	0.380824	0.0473719	0.0150784	0.113156	0.0416716	0.038478	0.00188338	0.00849993
56	0.0404455	0.0120462	0.0367906	0.0317864	0.00224271	0.458715	0.0171385	0.0112843	0.0584079	0.0133843	0.00832903	0.0939441	0.00653276	0.0149768	0.0796533	0.0686029	0.0225226	0.00964021	0.00537139	0.00818521
57	0.0354944	0.00860454	0.0542143	0.0475213	0.0179937	0.020849	0.122077	0.0153131	0.0911892	0.0176048	0.0217024	0.177991	0.00464982	0.107081	0.0586272	0.0427897	0.0771592	0.012969	0.00493095	0.0612373
58	0.0130446	0.0119382	0.000700017	0.00156723	0.0262953	0.00155508	0.00274679	0.223846	0.00084884	0.501711	0.031015	0.00378278	0.000299357	0.00218452	0.00262414	0.00487258	0.0440015	0.123244	0.000648216	0.00307508
59	0.123062	0.0112368	0.0547383	0.0916078	0.00274182	0.0787986	0.00133872	0.0241121	0.0124519	0.0283726	0.0141026	0.03523	0.00125895	0.0446081	0.0119029	0.26327	0.159325	0.0269678	0.000487989	0.0143855
60	0.0358493	0.0140665	0.00114911	0.00107984	0.0717588	0.00202104	0.000692888	0.234564	0.00087223	0.331676	0.0730543	0.00249656	0.000322391	0.00205174	0.00100202	0.0103451	0.0171871	0.189095	0.0006989	0.0100175
61	0.0593874	0.00832596	0.114959	0.318078	0.00601353	0.0128203	0.0199714	0.0113284	0.0664756	0.014976	0.0138899	0.0747759	0.00833496	0.0872107	0.0325283	0.0540439	0.0708241	0.0229625	0.000557171	0.00253715
62	0.0363062	0.00260536	0.54135	0.232409	0.00276217	0.00467974	0.0129441	0.00342481	0.00402232	0.0134775	0.00503242	0.0277944	0.00474957	0.05113	0.00371789	0.0259209	0.0164235	0.0046313	0.00496757	0.00165098
63	0.0184959	0.00268121	0.0358295	0.0566075	0.0154584	0.00222889	0.012356	0.22363	0.00482496	0.189633	0.062924	0.00940599	0.00388767	0.0605718	0.0141079	0.042182	0.0490763	0.19099	0.000384845	0.00472381
64	0.0166274	0.0222032	0.00223473	0.00141337	0.0830623	0.00711066	0.00167506	0.202971	0.00190254	0.387365	0.0901169	0.0025735	0.000380721	0.00693008	0.00225481	0.0112068	0.0272296	0.107321	0.0014169	0.0240048
65	0.101598	0.0821437	0.00774611	0.0110451	0.0839426	0.176441	0.00767527	0.0128667	0.0154393	0.0743185	0.0118625	0.112322	0.0111932	0.0166895	0.0114868	0.0706877	0.0567417	0.0865198	0.00302227	0.0462578
66	0.162131	0.0277077	0.014877	0.0105667	0.0145126	0.0264163	0.00355157	0.0862779	0.00425655	0.123217	0.0706142	0.0244419	0.0318811	0.0116399	0.0232986	0.074372	0.144644	0.133182	0.000646772	0.0117655
67	0.0514267	0.0143823	0.00134588	0.0025257	0.0152397	0.00547653	0.00127909	0.239619	0.0107964	0.154039	0.0505271	0.00236823	0.00152891	0.00504858	0.00672562	0.0359398	0.0425616	0.347792	0.00213295	0.00924455
68	0.0633948	0.0161701	0.00284009	0.00183546	0.054798	0.00233816	0.000943423	0.210383	0.00140068	0.292334	0.0940973	0.0043548	0.00210704	0.00301658	0.00366967	0.0238478	0.0274927	0.185456	0.000766723	0.008753
69	0.345488	0.0250483	0.0201357	0.0401717	0.000859504	0.110728	0.0108472	0.00191254	0.0181923	0.00226943	0.00342569	0.0441396	0.0137749	0.0145656	0.0140351	0.303243	0.0237674	0.00573465	0.00037369	0.0012884
70	0.0216475	0.0103224	0.00257445	0.00087851	0.0311321	0.000959075	0.000610889	0.336366	0.00120771	0.219979	0.0315844	0.00137396	0.00290014	0.0027066	0.00272299	0.00569218	0.00785677	0.312545	0.000537673	0.0064025
71	0.0397443	0.00925344	0.0137944	0.00816101	0.0146901	0.0110731	0.0230079	0.00720932	0.252099	0.0618601	0.00658623	0.0819085	0.0044703	0.0569117	0.258203	0.0526178	0.0343337	0.0181832	0.0238319	0.0220617
72	0.00708455	0.00909108	0.00182518	0.000756276	0.0202952	0.000682938	0.000676916	0.411405	0.000823636	0.159141	0.0159233	0.000835421	0.00486734	0.00411141	0.0035206	0.00182634	0.0021567	0.349317	0.000154269	0.00550592
73	0.265169	0.100552	0.0117299	0.018211	0.0025712	0.0921197	0.00721073	0.00713162	0.0118183	0.0198198	0.00917352	0.0311967	0.00837511	0.0144657	0.0140904	0.240025	0.121176	0.0193634	0.00297764	0.00282365
74	0.0400063	0.01566	0.000934668	0.0008202	0.0688018	0.00211879	0.000480864	0.225377	0.00120589	0.314426	0.0753956	0.00244706	0.000403505	0.00172545	0.00144708	0.0106953	0.0173614	0.208179	0.00103094	0.011484
75	0.477911	0.175412	0.000986466	0.00313515	0.000764369	0.0626513	0.00762517	0.00237225	0.00824174	0.0171013	0.00121014	0.00776367	0.0112675	0.0164037	0.00588865	0.164464	0.0120613	0.0229499	0.000229051	0.00156022
76	0.0420026	0.00869276	0.0032872	0.00116947	0.409582	0.000876236	0.0101685	0.0370206	0.0118496	0.142559	0.0204984	0.00166937	0.00765019	0.00153898	0.00383308	0.0201945	0.017536	0.0250603	0.0122036	0.222607
77	0.0457856	0.0310317	0.00111133	0.00155665	0.051964	0.00564646	0.000727717	0.177673	0.00921144	0.152711	0.0397325	0.00382684	0.0031583	0.00431607	0.0134998	0.0246422	0.045936	0.355211	0.00613398	0.0261239
78	0.0244589	0.00968646	0.285302	0.0669077	0.00498167	0.00914376	0.00709797	0.00894191	0.0535579	0.0139638	0.00663426	0.320799	0.00237294	0.0356035	0.0296765	0.061124	0.030401	0.0225895	0.00268771	0.00406919
79	0.149068	0.0202662	0.00797055	0.0240593	0.0204232	0.0170799	0.00404692	0.0655069	0.00364922	0.0900584	0.0543558	0.0453982	0.0370981	0.0158071	0.0195783	0.07634	0.216322	0.125634	0.000472408	0.00686545
80	0.0445656	0.0103293	0.0224096	0.0257928	0.0269968	0.0275914	0.0733223	0.0469001	0.0529994	0.067546	0.0242944	0.0783654	0.00422833	0.0900361	0.0873674	0.13778	0.0918016	0.0535211	0.000246203	0.0339058
81	0.0483214	0.0265161	0.0012888	0.00265723	0.0665155	0.00407457	0.000670252	0.178255	0.00503134	0.225524	0.0596711	0.00363143	0.00192635	0.00347557	0.00822389	0.0177494	0.0499623	0.269821	0.00367989	0.0230043
82	0.174715	0.132452	0.00343761	0.00323995	0.0172658	0.0298191	0.00520461	0.0502836	0.00419245	0.0959108	0.0125463	0.0139827	0.0030803	0.00586444	0.00594794	0.231233	0.140905	0.0658785	0.00118903	0.00285296
83	0.0913499	0.00401116	0.101711	0.231093	0.00426322	0.090814	0.0121808	0.00781755	0.0170354	0.00988108	0.0059773	0.0433912	0.00507279	0.284326	0.0176742	0.0486235	0.0123595	0.0068392	0.000852483	0.00472728
84	0.0409504	0.00834629	0.00333614	0.00117594	0.408298	0.000886398	0.0104436	0.0371212	0.0118705	0.143866	0.0206974	0.00179627	0.00780052	0.00177033	0.00397427	0.0194137	0.0176668	0.0251846	0.0121297	0.223272
85	0.0552795	0.00344427	0.0158373	0.0676628	0.0117388	0.0247036	0.0225676	0.0702982	0.0133427	0.174431	0.0717523	0.0155954	0.052038	0.0389611	0.0171828	0.0944002	0.0899245	0.155227	0.000693	0.00492
86	0.0337733	0.00323813	0.535496	0.224061	0.00292404	0.004985	0.0125745	0.0038305	0.0074655	0.0134011	0.00504859	0.0279522	0.00524818	0.0474483	0.00527834	0.0342766	0.0210903	0.00548579	0.00476495	0.0016572
87	0.0423352	0.00929584	0.0228246	0.02597	0.0248047	0.0204294	0.0770577	0.0513491	0.0548556	0.0680732	0.0248676	0.079411	0.00381425	0.0911702	0.0870729	0.13332	0.0945646	0.0536819	0.00022907	0.0348735
88	0.0412856	0.00826422	0.00328347	0.00110421	0.410572	0.000879648	0.0100586	0.0363163	0.0117438	0.143553	0.0207764	0.00162051	0.00772024	0.00149959	0.00383527	0.0194897	0.0176365	0.0248212	0.0123684	0.223171
89	0.136408	0.112664	0.013106	0.00426158	0.00255579	0.0832151	0.00488858	0.00815649	0.00732404	0.0210779	0.0195254	0.0401875	0.00231639	0.0131341	0.0232393	0.193021	0.281553	0.0206639	0.0104984	0.00220446
90	0.021162	0.010158	0.08978	0.193358	0.00654228	0.00432114	0.0411588	0.0742944	0.0867842	0.0158077	0.0131695	0.0844332	0.00552044	0.0651667	0.0406337	0.0638884	0.089732	0.0869231	0.000437326	0.00672945
91	0.0157333	0.0103249	0.00452059	0.00550041	0.108863	0.00536043	0.00520174	0.0464037	0.00665378	0.48232	0.0203472	0.00820025	0.00292545	0.00676732	0.0078666	0.0141559	0.158101	0.0834438	0.00170098	0.00560906
92	0.08716	0.00647509	0.156668	0.14055	0.00234407	0.0506799	0.0157206	0.00719223	0.0258472	0.0203459	0.00463602	0.0541703	0.014763	0.0404717	0.0226697	0.257624	0.0664912	0.0162631	0.00198347	0.0079438
93	0.0859103	0.00381656	0.0248596	0.043297	0.00424248	0.0279581	0.0211666	0.0129977	0.184847	0.0364812	0.0121933	0.0495152	0.0154684	0.0870659	0.173247	0.111065	0.0686837	0.0291647	0.00336263	0.00465782
94	0.0140878	0.0242846	0.00253606	0.00186192	0.0847338	0.00687808	0.00242444	0.196061	0.00209247	0.385371	0.0894949	0.00326599	0.00051344	0.00941076	0.00270338	0.0125594	0.0366104	0.0978827	0.00232708	0.0249005
95	0.281611	0.0157423	0.0254327	0.0457061	0.000944586	0.139489	0.0109447	0.00202957	0.0261634	0.00242303	0.0034955	0.0596105	0.0127883	0.0139605	0.0204488	0.304953	0.0264743	0.00529925	0.000607556	0.0018748
96	0.139854	0.0373145	0.00965113	0.00975605	0.00859253	0.0119562	0.00585854	0.137993	0.00999292	0.0447959	0.012608	0.0115944	0.291861	0.0160379	0.00906274	0.0433753	0.100191	0.0905658	0.0020624	0.0068774
97	0.0291192	0.00361884	0.00996138	0.00549281	0.00195235	0.0176058	0.0168617	0.00782545	0.374407	0.0249274	0.00334698	0.0244173	0.00790641	0.0198518	0.348169	0.0449797	0.0231385	0.0292714	0.00450382	0.00264312
98	0.0424863	0.0150795	0.049643	0.125354	0.0146726	0.0180295	0.0270988	0.130658	0.0412969	0.0676403	0.0300775	0.0345032	0.0196599	0.08954	0.0351369	0.106304	0.0607595	0.0768197	0.00266816	0.0125726
99	0.0666657	0.0400749	0.00139115	0.00222196	0.0456847	0.00477148	0.000902256	0.173613	0.00655901	0.167652	0.0389221	0.00497289	0.00261709	0.00396323	0.00973768	0.0240583	0.0431725	0.33677	0.00417936	0.0220711
100	0.0103639	0.0090685	0.00131127	0.000953654	0.0190401	0.000578376	0.0016277	0.314757	0.000616645	0.358574	0.0199554	0.00187049	0.00204341	0.00178689	0.00256793	0.00321802	0.0168871	0.231576	0.000435865	0.00276754
101	0.0346297	0.0130565	0.0008351	0.000828071	0.0553774	0.00150371	0.000707241	0.232893	0.000676927	0.355948	0.0688798	0.00266448	0.000215067	0.00122914	0.00080759	0.0092624	0.0173296	0.194024	0.000701961	0.00843154
102	0.0918709	0.0279622	0.026537	0.0193199	0.00245652	0.0334655	0.00696641	0.0323921	0.0114685	0.00648135	0.0117629	0.0111911	0.443257	0.0568277	0.0047126	0.112526	0.0456353	0.0524866	0.000654927	0.00202588
103	0.0492901	0.0114407	0.00140973	0.00243539	0.0166119	0.00519443	0.00126347	0.243255	0.0116657	0.159395	0.0537934	0.00246439	0.00162111	0.00607332	0.00696617	0.037087	0.0423172	0.33627	0.0020831	0.00936224
104	0.0413567	0.0151664	0.000912347	0.00104872	0.0744505	0.00187367	0.000629467	0.234929	0.000761711	0.309354	0.0856388	0.00280034	0.000244839	0.00156406	0.000718943	0.0102241	0.0166923	0.19107	0.000691626	0.00987128
105	0.029637	0.00931381	0.100677	0.313358	0.00651795	0.00606436	0.0232265	0.0123326	0.0887163	0.0110457	0.0108067	0.0888028	0.00981036	0.0767639	0.0415835	0.0592034	0.0834908	0.0274467	0.000358464	0.000844813
106	0.0467357	0.0074609	0.0160033	0.0112244	0.00668723	0.0171054	0.0150126	0.00579173	0.278435	0.0502244	0.00446587	0.0675792	0.00801085	0.0464329	0.278715	0.062761	0.0304059	0.0205958	0.0163572	0.00999616
107	0.174684	0.195724	0.00722281	0.00521115	0.00810177	0.0603722	0.0218961	0.034505	0.00694509	0.0518342	0.0287848	0.0422211	0.00352308	0.0101974	0.0101725	0.128424	0.172994	0.028209	0.00410144	0.00487577
108	0.0240184	0.0111099	0.0365744	0.0324346	0.00148741	0.574743	0.00957966	0.00578603	0.0278702	0.0101117	0.00529144	0.128336	0.00105101	0.00315898	0.040507	0.0584264	0.0104013	0.00384935	0.00725539	0.00800825
109	0.0752093	0.0453771	0.000835803	0.00158909	0.000860536	0.00371937	0.00354265	0.231149	0.00105989	0.0588977	0.00976358	0.000986864	0.00049331	0.00201725	0.00118779	0.00602689	0.0210895	0.534439	0.000267842	0.00148699
110	0.0613666	0.00406623	0.0204188	0.0531208	0.0155156	0.0199597	0.0219453	0.080272	0.0102852	0.186302	0.0870505	0.0172596	0.0360597	0.0433597	0.0210282	0.0920651	0.0876035	0.135915	0.000477359	0.0059282
111	0.0452568	0.0306293	0.00110085	0.00155107	0.0519126	0.00558661	0.000703434	0.178188	0.00927339	0.153121	0.0399126	0.00385983	0.00319511	0.00429238	0.0134472	0.0246144	0.0459991	0.355234	0.00607651	0.0260455
112	0.0978611	0.00893412	0.0265008	0.0759287	0.0127616	0.0390336	0.00276646	0.0297987	0.0200059	0.0195516	0.00992483	0.0315526	0.00286163	0.0333172	0.010696	0.23766	0.28404	0.0474382	0.000810046	0.00855702
113	0.022286	0.00991234	0.0964852	0.324761	0.00751339	0.00331633	0.0248587	0.0124641	0.0917738	0.0100358	0.0123628	0.0891834	0.0107287	0.0778644	0.0447795	0.0471972	0.0856642	0.0280641	0.000230304	0.000518878
114	0.0822608	0.0209059	0.00396802	0.00351553	0.00763091	0.00378994	0.00504219	0.0908151	0.130501	0.133217	0.0155283	0.0629514	0.0256667	0.0637521	0.104466	0.0351509	0.0486321	0.139755	0.00182394	0.0206271
115	0.075862	0.00275676	0.0833944	0.136867	0.00180626	0.0223645	0.0059718	0.00819143	0.0958094	0.0275945	0.00246847	0.00783679	0.248662	0.0869419	0.0272876	0.130115	0.0281639	0.00580962	0.000536413	0.00156142
116	0.0761392	0.00224828	0.018524	0.0313456	0.00109678	0.024669	0.0135325	0.00797943	0.266302	0.0295915	0.00586555	0.0474071	0.0220929	0.0540067	0.216284	0.100443	0.0539771	0.023537	0.00303453	0.00192351
117	0.00646189	0.00213788	0.000534543	0.000828871	0.0311077	0.000726301	0.000869211	0.059608	0.00267168	0.752584	0.08458	0.000988901	0.000410038	0.000837846	0.0025519	0.00418458	0.00279304	0.0379821	0.000576157	0.00756534
118	0.114475	0.00371316	0.0314947	0.0529313	0.00182866	0.0343084	0.0138947	0.00981449	0.167958	0.0229994	0.00615822	0.0652691	0.0222656	0.066101	0.127493	0.154171	0.0774267	0.0249827	0.000838793	0.00187547
119	0.0131638	0.0303021	0.0594692	0.0406659	0.00188745	0.151037	0.0684491	0.00369211	0.201329	0.00488395	0.00239372	0.107148	0.00185298	0.0605122	0.151418	0.0294495	0.0425714	0.0115694	0.000828874	0.017376
120	0.0261644	0.0205604	0.00426458	0.00518082	0.0587872	0.0116158	0.00325573	0.204153	0.00501977	0.335889	0.0569606	0.0058933	0.00203668	0.00931722	0.00724512	0.0248152	0.0614882	0.13891	0.00201473	0.0164279
121	0.0179332	0.0118269	0.000589377	0.00117879	0.0252212	0.000975813	0.00219608	0.228785	0.000676552	0.473286	0.0339141	0.0028561	0.000342855	0.00114125	0.00219055	0.00577299	0.0295801	0.157565	0.000797726	0.00317032
122	0.248219	0.0107195	0.047854	0.0956958	0.00176285	0.084839	0.0108426	0.00660252	0.0283893	0.0120422	0.0107701	0.0409321	0.0364098	0.0395835	0.0185832	0.253891	0.0377607	0.011634	0.000944247	0.00252463
123	0.137495	0.0195831	0.0142114	0.0118775	0.00825089	0.00906234	0.0046722	0.096141	0.00620754	0.210756	0.0917369	0.0174942	0.0194691	0.0153906	0.0225992	0.0921144	0.0962372	0.120305	0.000448784	0.0059479
124	0.316854	0.0136726	0.022778	0.0525275	0.000773742	0.11497	0.0111066	0.00162339	0.020812	0.00186235	0.00416039	0.0535784	0.0156159	0.0167102	0.0166085	0.30163	0.0280112	0.00541518	0.000284302	0.00100558
125	0.477727	0.174449	0.000998634	0.00301289	0.000832819	0.0600053	0.00761163	0.00246252	0.0077163	0.0158145	0.00113646	0.0078371	0.0115061	0.0178003	0.00630103	0.169662	0.0112467	0.021855	0.000243052	0.0017818
126	0.112426	0.06794	0.00179782	0.00380094	0.0549639	0.0041086	0.00124216	0.125049	0.00407313	0.193345	0.0311873	0.0101991	0.00216399	0.00469101	0.00724003	0.0358574	0.0692351	0.254162	0.00257365	0.0139442
127	0.308443	0.0143832	0.0229279	0.048237	0.000820544	0.113931	0.0108906	0.00150728	0.0234309	0.00174175	0.00346894	0.0564987	0.0137084	0.014875	0.0166386	0.314382	0.0274489	0.00521406	0.000270569	0.00118287
128	0.427115	0.164993	0.00151141	0.00789029	0.00229973	0.075227	0.00610427	0.00313721	0.0199849	0.0286184	0.00235125	0.0168861	0.0160646	0.0154056	0.00580896	0.146238	0.0209083	0.0366821	0.000528681	0.00224539
129	0.032024	0.0151765	0.000764531	0.00112481	0.0344253	0.00137397	0.00191212	0.216697	0.00103347	0.42967	0.0419892	0.00326623	0.000344045	0.00140683	0.00226298	0.0100597	0.0328248	0.167688	0.000873758	0.00508378
130	0.0309632	0.0130522	0.000862345	0.0011237	0.0501918	0.00140792	0.000948129	0.238525	0.000677631	0.362114	0.0632703	0.00254778	0.00033703	0.00161828	0.00113411	0.00865366	0.0185455	0.195809	0.000777042	0.0074417
131	0.097079	0.00236376	0.0275847	0.0520103	0.000786712	0.0291456	0.0139754	0.00797048	0.204421	0.0255824	0.0060097	0.0599631	0.0217921	0.0740264	0.153017	0.128352	0.0728721	0.019804	0.00148319	0.00176056
132	0.0184734	0.0216829	0.00547442	0.00461855	0.239291	0.00472033	0.0936306	0.0723766	0.0168172	0.0421461	0.0173236	0.01685	0.00206907	0.0471832	0.0282781	0.0302456	0.00831989	0.0313672	0.0178908	0.281241
133	0.153504	0.0248585	0.0123901	0.00818822	0.00822463	0.00773684	0.00538988	0.0930087	0.00757255	0.246774	0.0780453	0.015202	0.0125742	0.025791	0.0185761	0.111973	0.08119	0.081043	0.00116679	0.00679082
134	0.0608991	0.00509777	0.275913	0.173324	0.00270415	0.0456766	0.0166598	0.00419959	0.0179783	0.0119196	0.0035513	0.108707	0.0058914	0.0638651	0.0188863	0.13303	0.0334496	0.010941	0.00229751	0.00500853
135	0.11548	0.010772	0.0643743	0.0899099	0.00260102	0.0815704	0.00177975	0.0243761	0.0117062	0.0279916	0.0141835	0.037152	0.00103668	0.0422226	0.0126882	0.266077	0.156342	0.0247673	0.000422426	0.0145477
136	0.038569	0.0101044	0.0213379	0.023465	0.0275182	0.0178994	0.0795166	0.0528857	0.0516111	0.0699576	0.0267898	0.0865579	0.00377334	0.0866836	0.0767251	0.131683	0.0879263	0.0558104	0.000836694	0.0503484
137	0.0271397	0.0226078	0.0504871	0.0322289	0.0517323	0.0185636	0.236003	0.0608021	0.0150789	0.0947696	0.017881	0.0448202	0.00845054	0.0681619	0.0318141	0.0756508	0.0290394	0.0409309	0.00207562	0.071763
138	0.0240861	0.0104084	0.0348171	0.0326627	0.00160803	0.567326	0.0103133	0.00600419	0.0258391	0.0112244	0.00537588	0.132186	0.00113309	0.00309801	0.0442725	0.0573453	0.0112208	0.00413447	0.00803515	0.00890875
139	0.0992751	0.00240313	0.0299474	0.0545102	0.000851481	0.0287961	0.0150785	0.0081933	0.195839	0.0248105	0.00624629	0.0598664	0.0216314	0.0767005	0.144237	0.133523	0.0750334	0.0203679	0.00106395	0.00162585
140	0.00622068	0.00775724	0.00123141	0.00184974	0.349537	0.00591173	0.038235	0.0130946	0.0022843	0.0223445	0.0132057	0.0129208	0.00117965	0.0153007	0.00784961	0.00603727	0.00394152	0.0212862	0.0316765	0.438136
141	0.0319672	0.0133226	0.00123102	0.0018021	0.0457278	0.00191395	0.00134617	0.215565	0.00212587	0.359202	0.0626904	0.00321485	0.000718896	0.00269216	0.00282022	0.0112153	0.0219413	0.210857	0.00116522	0.00848182
142	0.0155995	0.00457078	0.0064529	0.00925924	0.00275446	0.0169709	0.0733539	0.0146986	0.281093	0.0282812	0.00351487	0.0124245	0.00740845	0.0168168	0.40757	0.0283111	0.0188862	0.0447794	0.00193154	0.00532264
143	0.0113014	0.0133774	0.00147971	0.0013252	0.0660628	0.00434721	0.00108384	0.146539	0.00244148	0.530091	0.0898499	0.0015992	0.000418647	0.00379223	0.00227977	0.00789765	0.0164712	0.0787259	0.000852748	0.0200642
144	0.0274293	0.011828	0.330478	0.0706018	0.00617928	0.0163875	0.00744656	0.00981442	0.045719	0.0135851	0.00794882	0.237083	0.00343269	0.041419	0.0263732	0.0819145	0.0436356	0.0126751	0.00296928	0.0030802
145	0.333814	0.00339691	0.00262842	0.00317344	0.00252635	0.0423359	0.0115444	0.052941	0.0158087	0.00487189	0.0158024	0.0802034	0.00148272	0.00656783	0.00498321	0.290164	0.0542906	0.0397083	0.00046531	0.0332905
146	0.464984	0.160239	0.00155525	0.00336285	0.00154416	0.053671	0.00741628	0.0051552	0.0082787	0.0162361	0.00280051	0.00843838	0.0100293	0.0244604	0.00753195	0.177622	0.0131144	0.0306372	0.00043911	0.00248436
147	0.163153	0.0150042	0.0441896	0.0801838	0.00374953	0.0794869	0.00399063	0.0191841	0.0137039	0.0234206	0.0123817	0.0370451	0.00536599	0.0363213	0.0131587	0.258499	0.154009	0.0246567	0.000842272	0.0116538
148	0.0465205	0.0251068	0.00112645	0.00157083	0.0461061	0.00489181	0.000741618	0.186116	0.00991549	0.165348	0.0464107	0.00364225	0.00257909	0.0037214	0.011188	0.0282486	0.0454021	0.343987	0.00496687	0.0224103
149	0.0939474	0.00277564	0.0276512	0.0521359	0.00121446	0.0282572	0.0151565	0.00820821	0.201107	0.0282915	0.00726176	0.0576636	0.0194535	0.0775203	0.162903	0.122556	0.0696017	0.019102	0.002499	0.00269363
150	0.315363	0.0142232	0.0229382	0.0487633	0.000832262	0.113802	0.010839	0.00175739	0.0217184	0.00217011	0.00377598	0.0530164	0.014083	0.0148357	0.0156934	0.311632	0.0277225	0.00541307	0.000281279	0.00114101
151	0.0292616	0.00690571	0.0024285	0.00210916	0.0366386	0.00239143	0.00173584	0.0821812	0.00469842	0.635916	0.0854736	0.00478579	0.00141923	0.00340183	0.00557626	0.0129302	0.0149619	0.0591104	0.000880546	0.00719387
152	0.0302869	0.0107409	0.141291	0.0734023	0.0159605	0.0583009	0.194241	0.0185974	0.0153008	0.0404806	0.0146642	0.0954872	0.0106229	0.0298784	0.0214704	0.137852	0.0258233	0.0167599	0.00197277	0.0468662
153	0.00896953	0.00907671	0.00137462	0.000871558	0.0180796	0.000586105	0.00129817	0.3357	0.000703862	0.31338	0.019882	0.00150409	0.00258445	0.00265206	0.00271883	0.00273182	0.0130193	0.261154	0.000439525	0.00327378
154	0.0212181	0.0335698	0.00278962	0.038299	0.322173	0.00273939	0.00214415	0.0514788	0.00327005	0.235486	0.156777	0.00371429	0.00213679	0.00445089	0.00385821	0.0181524	0.0534535	0.039357	0.00141322	0.00351863
155	0.0742825	0.0104298	0.0542597	0.0718462	0.00197162	0.0227794	0.00898398	0.0151493	0.0503743	0.0142355	0.00505996	0.00701476	0.410294	0.0670575	0.0101739	0.121101	0.0327816	0.0200053	0.000518923	0.00168076
156	0.0443599	0.00789632	0.04154	0.024288	0.0383528	0.0188024	0.0684959	0.037203	0.0419562	0.0604117	0.0309361	0.0807185	0.00450418	0.0813228	0.0988415	0.147479	0.0980382	0.0408864	0.000670897	0.0332963
157	0.0930783	0.10009	0.0141782	0.0130737	0.00502997	0.0717409	0.00678748	0.0132368	0.00964278	0.0223481	0.0157375	0.0416141	0.00540026	0.0512313	0.017171	0.223807	0.263894	0.0204334	0.00610537	0.00540004
158	0.0121939	0.0100708	0.00085202	0.00119522	0.0182908	0.000619636	0.00210772	0.262301	0.000565095	0.451869	0.0240695	0.00253312	0.000868002	0.00130189	0.0023563	0.00396828	0.0258181	0.176477	0.000593913	0.0019477
159	0.0412125	0.00846413	0.00324445	0.00108206	0.406716	0.000839203	0.0111336	0.0375252	0.0121001	0.143129	0.0206754	0.00176381	0.00752388	0.00150591	0.00375763	0.0199486	0.017568	0.0255003	0.0124431	0.223867
160	0.125699	0.00652288	0.111026	0.102498	0.00170355	0.0607005	0.0228911	0.00579826	0.0693144	0.0179285	0.0035127	0.0649699	0.0158796	0.0476388	0.0506239	0.215995	0.0555116	0.0159695	0.00154893	0.00426923
161	0.0308579	0.0191379	0.000916943	0.00124756	0.0450726	0.00298835	0.00139121	0.207869	0.00395329	0.326299	0.0489854	0.00318992	0.00125566	0.00281569	0.00566094	0.0142197	0.0347496	0.231094	0.00422195	0.0140737
162	0.0156215	0.0222493	0.00208556	0.0192848	0.215643	0.00236385	0.0016615	0.0748474	0.00245603	0.392081	0.136934	0.00240256	0.0013756	0.00344282	0.00322376	0.0121716	0.0331507	0.0505104	0.00102915	0.00746516
163	0.0337821	0.00355326	0.144631	0.0291181	0.00226348	0.00300097	0.00430506	0.00409729	0.109105	0.0229415	0.00324919	0.439532	0.00178363	0.0309154	0.0565812	0.0702814	0.0276916	0.0090074	0.00106479	0.00309655
164	0.00773305	0.00490635	0.00503204	0.0298574	0.00208721	0.0312622	0.158962	0.00905506	0.244605	0.00794911	0.00344366	0.0160438	0.0188661	0.0394434	0.33814	0.0246552	0.00844502	0.0288258	0.000715037	0.0199727
165	0.0840132	0.00726649	0.00611834	0.0175102	0.00718118	0.119752	0.0458685	0.0653049	0.00994146	0.0928763	0.130245	0.0113994	0.0559518	0.0636176	0.0352626	0.0544668	0.080933	0.105185	0.00124512	0.00586006
166	0.0314038	0.0106703	0.0535081	0.0405699	0.00245303	0.535857	0.01182	0.00757397	0.0284075	0.0113101	0.00638244	0.104682	0.00190472	0.0126607	0.0402032	0.0654634	0.0143951	0.00644998	0.00606211	0.00822346
167	0.0974036	0.00295156	0.0319703	0.0582831	0.00137872	0.025793	0.0236887	0.011666	0.176461	0.0266522	0.0148628	0.0441171	0.0156101	0.0931991	0.157993	0.121586	0.0699841	0.0224285	0.00234313	0.00162724
168	0.0229781	0.00489167	0.0103755	0.0137629	0.00176965	0.0285438	0.0501917	0.00831378	0.332774	0.0196051	0.00328857	0.023052	0.00926905	0.0277505	0.34899	0.0389609	0.0188438	0.0282159	0.00281739	0.00560619
169	0.0775759	0.0114132	0.0118176	0.0106314	0.0146605	0.0103697	0.00806956	0.0366206	0.0461178	0.340626	0.0951119	0.0460714	0.00869902	0.0241974	0.0500035	0.0410891	0.107402	0.049767	0.00219677	0.00755972
170	0.0062966	0.0020536	0.000541589	0.000807994	0.0309664	0.000723232	0.000885719	0.0576454	0.00268101	0.756537	0.0850364	0.0010254	0.000402564	0.000842661	0.00256544	0.00417859	0.00273058	0.0360133	0.000589399	0.00747665
171	0.0686236	0.00755223	0.0199069	0.02726	0.0287016	0.034706	0.0598431	0.0338679	0.0603933	0.057717	0.0187837	0.0839955	0.00547664	0.0709919	0.100462	0.162123	0.0912666	0.0446398	0.000455981	0.0232331
172	0.0956327	0.00319863	0.0369083	0.0650592	0.00160031	0.0223766	0.0252016	0.0126499	0.162631	0.025878	0.0182219	0.0385817	0.0137332	0.110263	0.155801	0.118401	0.0671641	0.0227717	0.00221775	0.00170798
173	0.0492622	0.105108	0.0359178	0.0204138	0.0274976	0.0529368	0.0211817	0.0427748	0.0392177	0.04714	0.0268371	0.179119	0.0088223	0.0309626	0.0445125	0.0689728	0.0504238	0.035422	0.0830873	0.0303909
174	0.0157937	0.0106733	0.000633335	0.0011551	0.0267194	0.000963821	0.00199918	0.214234	0.000796003	0.500661	0.039892	0.00272635	0.000278956	0.00102214	0.00206821	0.00529342	0.0260823	0.144262	0.000728541	0.00401653
175	0.038868	0.00699599	0.011593	0.00809959	0.00713381	0.0152288	0.0246916	0.00767268	0.280776	0.055719	0.00535213	0.0556167	0.00849873	0.0410907	0.29399	0.0612618	0.0271407	0.0283331	0.0126051	0.0093326
176	0.0412343	0.0105708	0.0283979	0.0515486	0.0185077	0.0161106	0.120752	0.0190474	0.10551	0.0325617	0.0200596	0.0460639	0.00777431	0.209125	0.124127	0.044791	0.0464577	0.0179512	0.00433977	0.0350687
177	0.107889	0.0167055	0.027914	0.0307638	0.00957363	0.0239901	0.00825196	0.0253251	0.0268762	0.0130854	0.00894252	0.0117752	0.451229	0.0418953	0.0094179	0.107253	0.0372742	0.035947	0.000529167	0.00536147
178	0.0295379	0.0145404	0.00317499	0.00688323	0.278653	0.00238529	0.00682835	0.0707957	0.00801256	0.285086	0.0605167	0.00321043	0.00571773	0.00408211	0.00567176	0.0173968	0.0289327	0.0546423	0.00601384	0.107918
179	0.0337433	0.0243455	0.00413118	0.00741504	0.00816564	0.00500261	0.00343724	0.0977726	0.0564409	0.208123	0.0438403	0.00969159	0.00838955	0.0234188	0.0701007	0.0641782	0.104562	0.218987	0.00171013	0.00654437
180	0.0100822	0.0214219	0.499882	0.0649766	0.0104748	0.0138652	0.00332589	0.0130101	0.0139688	0.00506301	0.0117773	0.13181	0.00231291	0.0485754	0.00419869	0.0806475	0.0524662	0.00769735	0.00263513	0.00180958
181	0.076911	0.021778	0.00270304	0.00293356	0.00422793	0.00260267	0.00247452	0.148089	0.112028	0.189145	0.0116361	0.0268437	0.03776	0.0359561	0.077462	0.0252311	0.0512721	0.152529	0.000949592	0.0174677
182	0.0998809	0.0032557	0.0369782	0.0664735	0.00267063	0.0210496	0.0353872	0.0201806	0.159323	0.032236	0.0237686	0.0330984	0.011401	0.0963338	0.153035	0.110369	0.0666367	0.0210927	0.00383228	0.00299735
183	0.0170551	0.0124368	0.00184271	0.00253952	0.0365521	0.00220987	0.00287172	0.25773	0.0017384	0.389892	0.0437051	0.0031093	0.00134432	0.00554295	0.00366143	0.00816914	0.0260939	0.17394	0.000877467	0.00868768
184	0.022184	0.00975076	0.0905895	0.314879	0.00692924	0.00393718	0.0263677	0.0162642	0.0929834	0.00955161	0.011642	0.0944842	0.00913911	0.0797837	0.0429643	0.0484092	0.090511	0.0287392	0.0002086	0.000681981
185	0.0248767	0.0105759	0.0891671	0.308211	0.00713985	0.00345486	0.0283613	0.0144447	0.0943408	0.00994258	0.012909	0.0876041	0.00943254	0.0837993	0.0513912	0.0487671	0.0858996	0.0278777	0.000255133	0.0015499
186	0.0603905	0.0133757	0.0215882	0.028755	0.00753557	0.0277052	0.0316523	0.0176679	0.199527	0.0339176	0.0117192	0.045638	0.0130484	0.0461994	0.253718	0.0992681	0.0434167	0.0298048	0.00496285	0.0101094
187	0.0164924	0.0108894	0.0128729	0.0100296	0.0111644	0.00884055	0.34721	0.0172782	0.0076622	0.178653	0.00836378	0.0106032	0.0053303	0.250926	0.0115789	0.0257211	0.014521	0.0164439	0.00174808	0.0336716
188	0.00983103	0.0213072	0.502046	0.0645247	0.0107142	0.0139153	0.00325692	0.0130558	0.0140707	0.00502416	0.0119013	0.132176	0.00223053	0.0491378	0.00400881	0.0785703	0.0521199	0.00767919	0.00267662	0.00175322
189	0.0322782	0.0127285	0.00100902	0.00134214	0.0500036	0.00155528	0.00113637	0.237973	0.000911351	0.3603	0.0704382	0.00478014	0.000275376	0.00242345	0.00135492	0.00953001	0.0260676	0.178585	0.000608782	0.00669894
190	0.0383378	0.0214407	0.00176017	0.00193225	0.0221076	0.0023427	0.00248169	0.278503	0.00368813	0.187731	0.0279679	0.00201256	0.00273975	0.00473305	0.00425362	0.0107871	0.020095	0.359131	0.000917417	0.007037
191	0.09638	0.00345938	0.125173	0.288126	0.0021417	0.110801	0.00444975	0.00482597	0.0137662	0.00586348	0.00339636	0.0545803	0.00141855	0.212618	0.0134966	0.0430693	0.00852947	0.00497972	0.000667569	0.00225755
192	0.149966	0.0577584	0.00741466	0.0252478	0.0582568	0.00645833	0.00190957	0.0829493	0.00303799	0.124582	0.0564983	0.0189332	0.0118514	0.00614066	0.0162188	0.0438937	0.181224	0.118227	0.000957379	0.0284743
