423	20
1	0.0884244	0.00733666	0.000605068	0.00180132	0.0575436	0.00975749	0.00289241	0.260275	0.00328382	0.121871	0.0849581	0.00409916	0.00540933	0.00549956	0.00392611	0.017873	0.0541838	0.241519	0.0218049	0.00693621
2	0.0686441	0.0235606	0.000994382	0.00230514	0.0532328	0.0313705	0.00281232	0.146164	0.00767568	0.335953	0.142825	0.00409935	0.00358703	0.00623525	0.00326265	0.0236938	0.0344092	0.102108	0.00292929	0.00413709
3	0.243951	0.0300295	0.00235083	0.00685572	0.0250424	0.125924	0.0311805	0.00870637	0.0169773	0.027878	0.00821729	0.0254105	0.121723	0.00954364	0.0437955	0.19581	0.0194717	0.0478803	0.00191115	0.00734132
4	0.0317264	0.0181971	0.000491846	0.00405062	0.29518	0.00241904	0.00211242	0.168528	0.00109247	0.259975	0.0580345	0.00415809	0.000973663	0.000954337	0.00126435	0.0183848	0.0140278	0.0852208	0.00708039	0.0261288
5	0.0442168	0.0107251	0.000223605	0.00120369	0.0467545	0.00457718	0.00138708	0.34257	0.000805239	0.215171	0.0495427	0.00063582	0.00437672	0.00151614	0.0010207	0.00790492	0.0274162	0.234493	0.00265985	0.00280073
6	0.0712902	0.0044472	0.0144306	0.0193707	0.0164436	0.0179321	0.00651405	0.0746093	0.0174405	0.0674289	0.0615827	0.0180065	0.371854	0.015121	0.0308756	0.0383821	0.0414239	0.100073	0.00425237	0.00852175
7	0.0355639	0.000749576	0.298111	0.345123	0.00595495	0.0120115	0.0135629	0.007933	0.0295295	0.00957303	0.0064647	0.0218252	0.0150292	0.0526613	0.00826974	0.0711788	0.0466646	0.0156715	0.000636731	0.00348661
8	0.0387786	0.00483153	0.0012243	0.0014962	0.0220404	0.00353834	0.00174159	0.27186	0.00170379	0.0560281	0.0254978	0.00750111	0.00331972	0.00285481	0.00448684	0.00987901	0.0475874	0.489105	0.00300495	0.00351986
9	0.135076	0.000862119	0.056015	0.16837	0.00217354	0.0467562	0.0139361	0.0126978	0.0649833	0.0226659	0.00905408	0.0123302	0.017871	0.194276	0.0510432	0.117628	0.0356041	0.0345877	0.00158698	0.00248221
10	0.109986	0.00199392	0.0141836	0.085303	0.00382076	0.034804	0.0231687	0.00956751	0.113322	0.0152958	0.0046936	0.0483503	0.0246358	0.107199	0.0693503	0.189689	0.106958	0.0253445	0.00243986	0.00989352
11	0.0535876	0.000941657	0.0086665	0.00189472	0.00395316	0.0105272	0.00180337	0.00996609	0.00202322	0.0193993	0.0212247	0.0173706	0.752631	0.00197081	0.0300081	0.03412	0.0182283	0.00700349	0.00276164	0.00191855
12	0.0389476	0.0154649	0.000434106	0.00440423	0.253157	0.00488483	0.00239225	0.140298	0.00111231	0.336499	0.064599	0.00371479	0.000825588	0.000813895	0.00127992	0.0200624	0.0169357	0.0715528	0.00671887	0.0159026
13	0.0116949	0.000632373	0.00142362	0.038642	0.00144591	0.0381042	0.00259332	0.0135028	0.358413	0.0205039	0.0166851	0.0232135	0.00128167	0.083697	0.321389	0.0210734	0.0136289	0.00727988	0.00425076	0.0205445
14	0.0618933	0.00198503	0.0130041	0.0659544	0.0055856	0.0205537	0.043423	0.0412696	0.103282	0.0241482	0.0174206	0.0317433	0.0154473	0.110191	0.072975	0.103014	0.118916	0.104866	0.00187502	0.0424531
15	0.0138551	0.0008616	0.00186763	0.0308286	0.00216825	0.0140481	0.00318903	0.0085994	0.416352	0.0152767	0.00558878	0.00978293	0.00266859	0.0217794	0.396216	0.0162667	0.00586922	0.0237355	0.0025247	0.00852244
16	0.0784228	0.0183282	0.00030805	0.00130652	0.0610026	0.0238165	0.00201179	0.182847	0.00262203	0.312453	0.092994	0.000830508	0.00313779	0.000693048	0.00177522	0.0115925	0.0309559	0.171124	0.00186107	0.00191798
17	0.0590388	0.0158529	0.000871761	0.00191397	0.0536675	0.0365129	0.00302257	0.109764	0.00284943	0.437334	0.137496	0.00593217	0.00261254	0.00245528	0.00211914	0.0182552	0.021149	0.0838663	0.0021205	0.00316579
18	0.119875	0.00827365	0.0168955	0.0208422	0.0241452	0.0601989	0.011687	0.0291864	0.0179991	0.0205029	0.0147474	0.0519366	0.0187093	0.0200589	0.0190267	0.25914	0.225931	0.0465293	0.00408154	0.0102326
19	0.250589	0.0230494	0.00107805	0.0031214	0.0870796	0.0919026	0.00324543	0.0710474	0.00546707	0.115785	0.0330393	0.00380277	0.00944178	0.0038986	0.00534637	0.0623025	0.0895747	0.130379	0.00225686	0.00759269
20	0.0556068	0.00799129	0.000194128	0.000559009	0.0402183	0.00598805	0.00106478	0.331723	0.000819997	0.1726	0.0510615	0.000534989	0.00449767	0.00197382	0.00084884	0.00605439	0.0333298	0.279902	0.00313482	0.00189747
21	0.468719	0.0561477	0.00108489	0.00290317	0.00402604	0.0287063	0.00242268	0.0163601	0.00574403	0.0148448	0.0194055	0.00349178	0.00541405	0.00330284	0.00379816	0.211781	0.103999	0.039278	0.00142748	0.00714453
22	0.049637	0.0100119	0.000823436	0.00197423	0.0447117	0.00934803	0.00210743	0.261054	0.0024855	0.243267	0.0796328	0.00222407	0.00613771	0.00329916	0.00198548	0.00960542	0.0464536	0.219588	0.00301235	0.00264104
23	0.0733457	0.0155075	0.000693204	0.0047078	0.249819	0.0117303	0.00185799	0.116666	0.00175104	0.304243	0.0618906	0.00292587	0.00131483	0.00104588	0.00141883	0.0255628	0.0251711	0.0812433	0.00601622	0.0130887
24	0.0543105	0.00546859	0.000213032	0.000394381	0.0361087	0.002821	0.000924802	0.356065	0.000484349	0.1252	0.044505	0.000550314	0.00465046	0.00271551	0.000826737	0.00549756	0.0325309	0.320329	0.00432641	0.00207738
25	0.0101797	0.00730272	0.0041481	0.00480613	0.249058	0.0085387	0.0368784	0.0180678	0.0114657	0.0625987	0.00946765	0.0349354	0.0054093	0.00933583	0.0036382	0.0215608	0.0106786	0.016387	0.0129113	0.462632
26	0.0343627	0.00981118	0.000467599	0.001824	0.0507944	0.0105172	0.00328369	0.15973	0.00201609	0.462993	0.108402	0.0016163	0.0031234	0.00230337	0.00232594	0.0102321	0.0233942	0.107677	0.0026979	0.00242786
27	0.0566782	0.00549819	0.000209937	0.000417458	0.0362566	0.002707	0.000968083	0.354197	0.000559082	0.115531	0.0467387	0.00072926	0.00491459	0.00325278	0.000948472	0.00566206	0.0342364	0.322825	0.00533594	0.00233404
28	0.453273	0.0567896	0.00124244	0.00347563	0.00610723	0.0316505	0.002757	0.018287	0.00742071	0.0183574	0.0233162	0.00411989	0.00753042	0.00480688	0.00513368	0.210257	0.0965057	0.0397427	0.0016615	0.00756494
29	0.0548638	0.00249341	0.0340496	0.0302673	0.00958068	0.0514462	0.0206622	0.0597943	0.114715	0.0219619	0.0119445	0.135445	0.00735144	0.100184	0.176663	0.0556561	0.064827	0.0353112	0.00312738	0.00965569
30	0.0425489	0.00993374	0.00030623	0.000938058	0.0465091	0.00575308	0.00175094	0.310457	0.00111434	0.234188	0.0655624	0.000785333	0.00419326	0.00156753	0.00100409	0.0063302	0.0351638	0.226843	0.00279917	0.00225172
31	0.0548455	0.00125143	0.00954974	0.00467827	0.00496126	0.0117127	0.00350488	0.0105058	0.010104	0.0197278	0.0206623	0.0175413	0.710568	0.00581267	0.0404939	0.0360348	0.0196321	0.0126077	0.00294873	0.00285708
32	0.0173328	0.0043412	0.000551705	0.00180975	0.035647	0.00514772	0.00441276	0.119831	0.0013602	0.64568	0.0710473	0.00168442	0.00309167	0.00108978	0.00237246	0.00870575	0.0136156	0.0576923	0.00335172	0.0012345
33	0.0113777	0.00720442	0.00375429	0.00471388	0.272609	0.00828593	0.0344564	0.0176238	0.0117932	0.0605029	0.00898783	0.0342551	0.00565185	0.00948314	0.00350889	0.0224297	0.0107083	0.0155976	0.0128155	0.444241
34	0.00718773	0.00077972	0.000982695	0.00545027	0.00142379	0.914565	0.00817576	0.00531516	0.00167201	0.00810681	0.00161678	0.0104228	0.000980371	0.0060277	0.00522344	0.0107671	0.0066439	0.00307481	0.000485909	0.00109798
35	0.0596954	0.00889781	0.000229004	0.000628146	0.0459572	0.00504383	0.0011377	0.334817	0.000709059	0.173551	0.0460827	0.000552066	0.00390516	0.00179107	0.000882836	0.00714438	0.0312099	0.272377	0.00314517	0.00224319
36	0.0420146	0.00206202	0.010896	0.0368807	0.00679459	0.0143704	0.0683858	0.0363244	0.0933547	0.0460237	0.0342029	0.0484762	0.0292828	0.0876841	0.0758645	0.106177	0.0850236	0.115523	0.00251778	0.0581413
37	0.107539	0.00424393	0.0274273	0.034299	0.00681256	0.0525355	0.0136115	0.00209269	0.0496445	0.00402625	0.00165498	0.104253	0.0439607	0.0317026	0.0406885	0.30654	0.145208	0.0152953	0.000729867	0.00773514
38	0.116474	0.00439243	0.0287999	0.0337523	0.00673817	0.0617918	0.0124936	0.00115717	0.0323796	0.0030694	0.000961898	0.11276	0.034068	0.0332148	0.0303372	0.318589	0.143362	0.0178681	0.00039622	0.00739303
39	0.156909	0.00156369	0.00220478	0.0102504	0.00360912	0.391519	0.00321996	0.00458734	0.00794308	0.013048	0.00603352	0.015033	0.00612483	0.00545692	0.0226495	0.271913	0.0543727	0.00599771	0.00343293	0.0141313
40	0.404675	0.0244656	0.00257196	0.00430911	0.00474895	0.0654712	0.0039498	0.0140763	0.016499	0.0139637	0.0166135	0.00741702	0.00587005	0.00609215	0.0109796	0.267542	0.0887861	0.0298137	0.00438079	0.00777466
41	0.0714273	0.00494409	0.170362	0.128322	0.0180974	0.0248798	0.020672	0.0453318	0.0265913	0.0446105	0.0720567	0.0422218	0.0260374	0.0407216	0.0178506	0.0655757	0.10381	0.0598724	0.00442864	0.0121876
42	0.0624486	0.00187563	0.0121266	0.00902696	0.00618056	0.0166271	0.00409927	0.0167012	0.00852881	0.0223046	0.0210376	0.0201587	0.656384	0.00720765	0.0327936	0.0479431	0.0246256	0.0213063	0.00292364	0.0057
43	0.0435746	0.014024	0.00106852	0.00651089	0.267868	0.0130352	0.00282159	0.104854	0.00229824	0.33449	0.065502	0.00733032	0.00158906	0.00178469	0.00220725	0.0347256	0.0171846	0.0563496	0.00619067	0.0165913
44	0.0302833	0.00723068	0.0540885	0.0730723	0.14547	0.0167085	0.0662949	0.0231533	0.0153252	0.0495874	0.0112473	0.0422455	0.00687089	0.0328775	0.00830031	0.0435454	0.038222	0.0345753	0.0139911	0.286911
45	0.036352	0.012118	0.0038733	0.00618134	0.218629	0.0100139	0.0155566	0.12296	0.00688672	0.227157	0.0456466	0.0273773	0.00458033	0.00676001	0.0057066	0.0226026	0.0301937	0.0757384	0.0413704	0.0802968
46	0.0546286	0.0149278	0.000611888	0.00191147	0.0454279	0.0177218	0.0024628	0.167799	0.0026574	0.349327	0.161151	0.00181653	0.00687756	0.00142947	0.00226893	0.00994279	0.0285408	0.126787	0.0015326	0.00217784
47	0.0268386	0.00150664	0.00820885	0.0334805	0.00503715	0.034422	0.0213231	0.01486	0.266277	0.024611	0.0171162	0.0356157	0.00736736	0.0707264	0.269399	0.0731615	0.0280947	0.0231881	0.00445314	0.0343136
48	0.248589	0.0149091	0.00796107	0.0172059	0.0251597	0.0336575	0.00783928	0.0943118	0.0100664	0.0669359	0.0308327	0.0151161	0.0388388	0.0308233	0.0130508	0.0956559	0.0731639	0.161747	0.00229024	0.0118449
49	0.0538875	0.00712573	0.000211253	0.000536946	0.0380579	0.00374114	0.00102383	0.348272	0.000608427	0.147851	0.0475934	0.000546115	0.00464896	0.00243583	0.000883614	0.00571927	0.0311181	0.299664	0.00383532	0.00223951
50	0.0105744	0.00154484	0.000554219	0.00164521	0.031411	0.00310253	0.00518833	0.0915962	0.00108852	0.723026	0.073739	0.0014858	0.00223733	0.00110897	0.00246358	0.00941139	0.0114882	0.0242055	0.0032514	0.000877827
51	0.110392	0.00416124	0.0281325	0.0304786	0.00636194	0.0658705	0.013956	0.00114814	0.0298449	0.00376459	0.00172914	0.111807	0.028859	0.0331803	0.0283841	0.342821	0.135631	0.0151452	0.000773468	0.00755883
52	0.0191599	0.000883858	0.0286212	0.0205674	0.0149592	0.0123203	0.0809776	0.00355751	0.274175	0.0149649	0.0201357	0.0639367	0.00746702	0.0662326	0.2818	0.0739763	0.00489468	0.00392332	0.00274908	0.00469775
53	0.0135349	0.000859013	0.000921379	0.00596727	0.00190631	0.880282	0.00736348	0.00549112	0.00711851	0.00838916	0.0020285	0.00952464	0.00131329	0.0057613	0.0140354	0.0236721	0.00593886	0.00293453	0.000807886	0.00215002
54	0.125992	0.00926909	0.0181549	0.0237757	0.0201337	0.0556947	0.0113776	0.0246354	0.0216366	0.0200386	0.0129209	0.056199	0.0178215	0.0217672	0.02065	0.267271	0.213662	0.0450784	0.00476536	0.00915691
55	0.0452569	0.0166844	0.000362816	0.00174392	0.0597695	0.0133337	0.00263769	0.198208	0.00180833	0.39495	0.0824834	0.00109804	0.00335763	0.000706223	0.00170567	0.00801824	0.0234292	0.138886	0.00320378	0.00235643
56	0.0772485	0.00782744	0.00217586	0.00531787	0.047392	0.013669	0.00358243	0.19604	0.00437507	0.183988	0.203865	0.00654088	0.0062777	0.0106164	0.00493541	0.0190319	0.0590469	0.137038	0.00616111	0.0048717
57	0.0378032	0.00060533	0.27927	0.367823	0.00451319	0.0116591	0.0108615	0.00799123	0.0316003	0.0121504	0.00721042	0.0160317	0.0153975	0.0659741	0.0124053	0.0580527	0.0379831	0.0193903	0.000739863	0.00253794
58	0.0260476	0.00574006	0.0016842	0.00366379	0.0566741	0.00838895	0.00565177	0.113241	0.00310127	0.585406	0.0727385	0.00396633	0.00810481	0.00308094	0.00457307	0.0113021	0.0181025	0.0578026	0.00483494	0.00589604
59	0.00722578	0.000888554	0.000889892	0.00509942	0.00188802	0.916838	0.00812131	0.00560712	0.00153247	0.00863426	0.00198497	0.0101875	0.00132034	0.0047256	0.00531377	0.0101708	0.00421042	0.00340876	0.000570339	0.00138258
60	0.0539581	0.00700408	0.000278343	0.000473302	0.0414479	0.00291603	0.00105812	0.346435	0.000568313	0.130784	0.0477602	0.000695906	0.00441555	0.00251176	0.000951671	0.00609891	0.0317457	0.313627	0.00412041	0.00314943
61	0.157309	0.0015799	0.00273697	0.00910357	0.00461008	0.348255	0.00292995	0.00615764	0.00777347	0.0131577	0.00698317	0.0142938	0.00543674	0.005283	0.021709	0.291659	0.0768089	0.00704816	0.00419859	0.0129671
62	0.0673861	0.00236416	0.010505	0.00458873	0.00541984	0.0132433	0.00349394	0.0134997	0.00503132	0.022296	0.0211221	0.01777	0.693853	0.00442016	0.029771	0.0421947	0.0211413	0.0163319	0.00292858	0.00263914
63	0.041013	0.00895675	0.000338535	0.00101004	0.0408157	0.00535016	0.0016446	0.317661	0.00128835	0.205751	0.0845049	0.00103325	0.00459105	0.00389548	0.00153025	0.00747715	0.0395584	0.228068	0.00304257	0.00246948
64	0.058988	0.00630707	0.000289362	0.000450874	0.035164	0.0028996	0.00107448	0.344696	0.000582577	0.105582	0.0421754	0.00133275	0.00451362	0.00279966	0.00110408	0.00610002	0.0328281	0.346117	0.00409849	0.00289742
65	0.130315	0.0103718	0.0103217	0.0169984	0.0372668	0.0413872	0.0127215	0.0591926	0.0168229	0.0276334	0.0207784	0.0287573	0.016454	0.0171579	0.0174511	0.151949	0.254874	0.114732	0.00421369	0.0106008
66	0.440607	0.0394614	0.00143496	0.00332225	0.00500193	0.0389498	0.00268275	0.0148224	0.00672983	0.0154452	0.0169874	0.0045669	0.00477302	0.00372792	0.0043458	0.250789	0.103901	0.0332242	0.00248894	0.0067383
67	0.119607	0.00150795	0.00832808	0.014824	0.00463762	0.297833	0.0087898	0.00394194	0.0150725	0.0101975	0.00625391	0.043403	0.0131485	0.0131039	0.0335618	0.322384	0.0589045	0.00709426	0.00308945	0.0143174
68	0.0500256	0.00184215	0.00215027	0.00266333	0.0570879	0.00738321	0.00281675	0.0846271	0.00326271	0.171083	0.480899	0.00592942	0.00430319	0.0101063	0.00489099	0.0142234	0.0670682	0.0231617	0.00381022	0.00266571
69	0.0701694	0.00849683	0.000257538	0.000555253	0.0424576	0.00262669	0.000897128	0.342842	0.000577705	0.110803	0.0393979	0.000855996	0.00371582	0.00264145	0.00108905	0.0076885	0.0300707	0.327197	0.00391366	0.00374689
70	0.0386283	0.0135519	0.000284431	0.00139906	0.0599576	0.00949693	0.00194857	0.245212	0.00158933	0.310564	0.0942152	0.000760321	0.00351744	0.000984398	0.00148271	0.0073951	0.0273299	0.176116	0.00220815	0.00335794
71	0.0556202	0.00160223	0.0822213	0.236205	0.00586729	0.0396742	0.0216987	0.0105432	0.0683452	0.0245428	0.00767708	0.0243952	0.01172	0.231996	0.0421661	0.071434	0.0332509	0.0223919	0.00151591	0.00713317
72	0.0369135	0.0137398	0.000470921	0.00333909	0.235597	0.0050587	0.00285631	0.146229	0.00119514	0.356114	0.0523896	0.00472083	0.00117229	0.000839891	0.00143112	0.0140512	0.0177087	0.0829494	0.00931856	0.0139049
73	0.0203846	0.00457921	0.0010266	0.0024199	0.0420199	0.00869061	0.00523215	0.0982753	0.00216128	0.619949	0.106873	0.00335993	0.00249698	0.00246294	0.00292641	0.0119199	0.0172089	0.0426955	0.00338383	0.0019344
74	0.285115	0.0139793	0.00185831	0.00451194	0.0193361	0.0416353	0.0235143	0.0521767	0.0119104	0.0219534	0.0126025	0.00681942	0.0143277	0.00618328	0.00563028	0.177739	0.126749	0.167885	0.00143837	0.00463476
75	0.12581	0.00614892	0.0092559	0.0164781	0.0372993	0.230696	0.0120251	0.0172518	0.0169368	0.0279132	0.015372	0.0319669	0.0184911	0.0149261	0.0223399	0.263968	0.0849391	0.0316302	0.00437779	0.0121735
76	0.314537	0.0169625	0.00156574	0.00419102	0.0186817	0.0477771	0.0160028	0.0446832	0.00984862	0.0224102	0.0123495	0.00615054	0.0133669	0.00536205	0.00472016	0.194959	0.118202	0.142115	0.00130739	0.00480822
77	0.0209829	0.000721344	0.027104	0.0213435	0.0124333	0.0160211	0.0712263	0.0046745	0.283803	0.0149072	0.0182303	0.0595732	0.00681128	0.0676756	0.289295	0.0651549	0.00666769	0.00415953	0.00323066	0.00598561
78	0.0391874	0.0149534	0.000252855	0.00145821	0.0635877	0.00873775	0.00184227	0.262138	0.00143804	0.295056	0.0865394	0.000782665	0.00348068	0.00070096	0.0013112	0.00710203	0.0260229	0.179375	0.0024265	0.00360669
79	0.0349739	0.0116234	0.000278328	0.00140686	0.047611	0.00645232	0.0021375	0.264655	0.00121799	0.364226	0.0654669	0.000821145	0.00375551	0.00075606	0.00134081	0.00696036	0.0227787	0.158966	0.00228058	0.00229192
80	0.0502072	0.00360595	0.0986678	0.0149548	0.0371239	0.0181007	0.0440817	0.0802521	0.00782234	0.0560075	0.0438151	0.176401	0.00831549	0.0123902	0.0151946	0.112315	0.0542855	0.152766	0.00319742	0.0104965
81	0.0589942	0.00319691	0.0291571	0.0625604	0.00748612	0.0146538	0.00465189	0.0126607	0.171365	0.0114631	0.00773983	0.00780569	0.233868	0.0454468	0.163161	0.016126	0.0115998	0.130894	0.00237988	0.00479055
82	0.0875892	0.000721101	0.185088	0.297223	0.00301925	0.0185799	0.00625869	0.012535	0.0458639	0.0224323	0.0125439	0.00819929	0.0202449	0.09271	0.0308547	0.0651267	0.0386795	0.0489661	0.000782782	0.00258136
83	0.0341894	0.00058721	0.313571	0.357178	0.00430085	0.00851781	0.011994	0.00751478	0.032373	0.00879365	0.00697514	0.0159234	0.0149914	0.0529102	0.00871655	0.0614294	0.0410712	0.0163439	0.000641421	0.00197783
84	0.0197777	0.000816045	0.0288838	0.0206959	0.0139422	0.0131034	0.0783855	0.00392219	0.276362	0.0147596	0.0194831	0.0616575	0.00736375	0.0669017	0.285159	0.0716381	0.00524275	0.00405693	0.0028029	0.00504566
85	0.154512	0.00265543	0.0758003	0.134278	0.00960978	0.0287493	0.0146372	0.0304182	0.0382877	0.0371305	0.0369471	0.0182994	0.0226162	0.109164	0.0297155	0.0890869	0.0549187	0.10133	0.00116754	0.010677
86	0.0587209	0.0141206	0.00195831	0.00414692	0.0486748	0.0171119	0.00397582	0.192292	0.00909437	0.304959	0.097424	0.0047042	0.00655012	0.00610508	0.00471687	0.0143917	0.0364899	0.166848	0.00333739	0.00437775
87	0.0260205	0.0112948	0.0020848	0.00509677	0.351096	0.00639812	0.015669	0.0711737	0.00668541	0.15232	0.0329183	0.0146265	0.00444371	0.00801976	0.00258275	0.0257989	0.0148969	0.0548832	0.00985578	0.184135
88	0.101149	0.00390404	0.0306055	0.0635536	0.00716018	0.0612599	0.0169441	0.00272316	0.0451104	0.00567012	0.00143418	0.130335	0.02514	0.054976	0.0275386	0.274608	0.125008	0.0146752	0.000563822	0.00764146
89	0.413063	0.0124015	0.00556832	0.011237	0.0120609	0.127435	0.00744666	0.0174328	0.0464496	0.0212866	0.0591561	0.012751	0.00969809	0.0132186	0.0460287	0.0967596	0.0439312	0.0289678	0.0043179	0.0107898
90	0.183798	0.0178512	0.00126826	0.00354056	0.0834085	0.0421959	0.0037306	0.122771	0.00436878	0.152944	0.045529	0.00400458	0.00843174	0.00369072	0.0044884	0.0519642	0.0631931	0.190928	0.00430256	0.00759034
91	0.0584121	0.00178656	0.0318486	0.145161	0.00909386	0.0367068	0.0297547	0.0193255	0.0939628	0.048511	0.0121492	0.0243826	0.00987272	0.246604	0.0986894	0.0602394	0.0300927	0.0281853	0.00247137	0.0127508
92	0.0272312	0.00237425	0.0180915	0.0288226	0.012057	0.0308935	0.0376767	0.0193621	0.262813	0.025664	0.0425939	0.0669377	0.0097281	0.0709705	0.226813	0.0545317	0.0215637	0.0196834	0.00601238	0.0161797
93	0.0615764	0.0175175	0.000475414	0.00167152	0.0641054	0.0268855	0.00253237	0.149311	0.00256858	0.39201	0.101792	0.00205511	0.00329469	0.000905552	0.00223686	0.0129264	0.0251042	0.128366	0.00219289	0.00247344
94	0.069382	0.02076	0.000343842	0.00172843	0.0668842	0.0298423	0.00216273	0.15218	0.00276959	0.364831	0.100888	0.00225294	0.0033151	0.000726777	0.00202764	0.0133879	0.0250203	0.136633	0.00229594	0.00256801
95	0.175003	0.00306579	0.00130248	0.00952821	0.00381456	0.398894	0.00355939	0.00496439	0.00821648	0.0128281	0.00645168	0.0126319	0.00779788	0.00500504	0.0231107	0.250643	0.0492119	0.0067741	0.00319099	0.0140067
96	0.0350845	0.0130831	0.000250099	0.00139559	0.0625532	0.00593994	0.00152494	0.287475	0.00111038	0.255603	0.0832983	0.000650064	0.00388288	0.000974418	0.00117273	0.00663321	0.0278701	0.205103	0.00233326	0.00406226
97	0.0474582	0.0139946	0.000266498	0.00109753	0.0542685	0.00591129	0.00128025	0.316909	0.000843146	0.231358	0.0553496	0.000702839	0.00342124	0.00128806	0.00108967	0.00699455	0.0263786	0.225601	0.00293399	0.00285407
98	0.0352813	0.0174741	0.000441957	0.00399533	0.236985	0.00465546	0.00216061	0.164478	0.00109241	0.295004	0.0812473	0.0033161	0.000980356	0.00076077	0.00126516	0.0153663	0.0184427	0.0939409	0.00659717	0.0165141
99	0.354677	0.0479231	0.00160918	0.00315943	0.0305241	0.0482694	0.00396666	0.0416572	0.00594815	0.0222492	0.0156954	0.00563439	0.00875558	0.00398888	0.00572578	0.105007	0.225676	0.0613012	0.00180786	0.00642512
100	0.0461813	0.0102239	0.000218163	0.000842513	0.0463983	0.00461739	0.00114941	0.344694	0.000660645	0.210763	0.0478147	0.000497933	0.00404975	0.0012857	0.000758463	0.00648058	0.0292219	0.23932	0.00258166	0.00224108
101	0.208714	0.0255684	0.000992519	0.00456205	0.101906	0.0795809	0.00362191	0.0871351	0.00530931	0.123253	0.0359744	0.00290218	0.00701438	0.00408936	0.00395126	0.0505251	0.0965423	0.146743	0.00482767	0.00678834
102	0.0268616	0.00220609	0.0218373	0.283862	0.00603375	0.039458	0.0268352	0.00994239	0.0237286	0.0481522	0.00625938	0.0267934	0.00602812	0.384539	0.0219675	0.0322361	0.0139856	0.0118597	0.00234498	0.0050693
103	0.29013	0.00877544	0.00205214	0.00853345	0.00478398	0.261034	0.00476715	0.00727329	0.0101353	0.0113596	0.0090673	0.0137138	0.00965149	0.00690326	0.0208902	0.243217	0.0591034	0.0117954	0.00362527	0.0131884
104	0.0742811	0.00728113	0.000297646	0.000590645	0.0433031	0.00428251	0.000950871	0.327503	0.000996379	0.115649	0.0445137	0.000910664	0.0044345	0.002537	0.00101425	0.00921354	0.0429891	0.312193	0.00408277	0.00297612
105	0.178496	0.0135859	0.00160959	0.00361819	0.0476787	0.0305668	0.00459173	0.154191	0.0044832	0.169732	0.0670318	0.00381261	0.00934792	0.0046142	0.00521991	0.0319343	0.0562183	0.203979	0.00335868	0.00593057
106	0.011917	0.00868265	0.0060049	0.00683103	0.182501	0.00767137	0.0587472	0.018807	0.00942841	0.061361	0.00951142	0.0479426	0.00450965	0.00531717	0.00643762	0.0199743	0.00918827	0.0204893	0.0285828	0.476095
107	0.0496145	0.0064736	0.000288276	0.000738187	0.0382765	0.00302079	0.00117709	0.339897	0.000654753	0.13411	0.0458719	0.00133311	0.00451995	0.00248564	0.00128919	0.00621866	0.0333513	0.323904	0.00406914	0.00270624
108	0.107017	0.00826783	0.00182078	0.00446282	0.0594353	0.0165057	0.00507023	0.14503	0.00488983	0.142328	0.106468	0.00809754	0.00760271	0.0099313	0.00791359	0.0401444	0.0657012	0.169484	0.0691683	0.0206617
109	0.123107	0.00665614	0.00186561	0.0040009	0.010411	0.0532182	0.00243224	0.00598576	0.00749652	0.0392231	0.0306991	0.00647199	0.00512017	0.00803049	0.00711459	0.543776	0.12257	0.00788197	0.0079527	0.00598681
110	0.00315671	0.00052284	0.000928417	0.00465033	0.00121093	0.937885	0.00764851	0.00452692	0.00120521	0.00792445	0.00122411	0.00907245	0.000834192	0.00411007	0.00479238	0.00429818	0.00211903	0.00263514	0.00042512	0.000829713
111	0.067856	0.00445991	0.00228162	0.00451096	0.0240906	0.018187	0.00272835	0.211888	0.00490855	0.138859	0.265584	0.0110676	0.00643193	0.0393615	0.0103615	0.0373982	0.0538226	0.0811199	0.00896454	0.00611763
112	0.0182221	0.00871482	0.00484039	0.00664142	0.187749	0.0118392	0.0439259	0.0305102	0.0111723	0.0909354	0.0165331	0.0351309	0.00635062	0.00862477	0.00760426	0.0260167	0.0148116	0.0289994	0.0262899	0.415088
113	0.0324951	0.00394215	0.00366273	0.00878877	0.0109909	0.734506	0.00968114	0.0327357	0.00826217	0.0342549	0.013498	0.013646	0.00413336	0.0077595	0.0115309	0.0262849	0.0178139	0.022003	0.00131641	0.0026945
114	0.0716261	0.00251669	0.231653	0.136203	0.00692956	0.0114323	0.0104499	0.0184164	0.00934979	0.0188775	0.00817953	0.0703312	0.198728	0.00839196	0.00882255	0.11466	0.0203519	0.0386936	0.00265215	0.0117341
115	0.0482079	0.00640053	0.00038544	0.000691055	0.0345944	0.00327017	0.00170739	0.341557	0.000685415	0.156767	0.0522177	0.000582993	0.00810097	0.00246396	0.000816007	0.0055469	0.032364	0.297479	0.00364536	0.00251578
116	0.113773	0.00388554	0.0289944	0.0306563	0.00619498	0.0691788	0.0134988	0.00100283	0.0302807	0.00247407	0.000923672	0.107714	0.0298043	0.0313618	0.0308948	0.34337	0.133047	0.0148845	0.000495715	0.00756508
117	0.0781358	0.000624659	0.211468	0.318453	0.00222072	0.0157212	0.0050666	0.00960059	0.0434261	0.0181855	0.0102433	0.00785508	0.0203887	0.0880613	0.0279991	0.0641053	0.035731	0.0404143	0.000667589	0.00163193
118	0.0359022	0.0119009	0.000252045	0.00134301	0.0455388	0.00564601	0.00170653	0.301649	0.00103136	0.307368	0.0612603	0.000661113	0.00392736	0.000874291	0.00114755	0.00666504	0.02387	0.184918	0.00189771	0.00244151
119	0.0050758	0.000519575	0.000812275	0.00467246	0.00176838	0.93156	0.0073851	0.00433697	0.00123233	0.00888658	0.00118897	0.00877453	0.000935224	0.00417742	0.00498028	0.00728652	0.00265233	0.00231795	0.000491768	0.000945561
120	0.218852	0.00977808	0.00705745	0.0134885	0.04958	0.0693182	0.0178722	0.04381	0.00652666	0.06848	0.0734912	0.0140475	0.0302974	0.0152992	0.0235684	0.0561302	0.100614	0.151576	0.00406467	0.0261478
121	0.174407	0.0185825	0.00123762	0.0044903	0.101037	0.0818429	0.00468751	0.0863355	0.00566541	0.0576077	0.0276777	0.00626452	0.0088603	0.00460607	0.00657345	0.0619222	0.190755	0.145772	0.00484527	0.00682903
122	0.0377534	0.00461865	0.0249755	0.0152708	0.0179536	0.0565778	0.055858	0.133992	0.0181044	0.0394195	0.0638888	0.147253	0.0136734	0.0212055	0.054801	0.139747	0.0366103	0.0987767	0.00401447	0.0155065
123	0.395399	0.0543341	0.00212842	0.00393756	0.00618854	0.0338692	0.00344837	0.0127577	0.00808939	0.0173052	0.0170653	0.00744297	0.00797318	0.00590184	0.00776918	0.279044	0.0901683	0.0303905	0.00278225	0.0140054
124	0.0555238	0.0168159	0.000288222	0.00142366	0.0610351	0.0163716	0.00190711	0.240867	0.00184054	0.320116	0.0769876	0.00082293	0.00291972	0.000593354	0.00134879	0.0089222	0.0264299	0.161671	0.00188695	0.00222862
125	0.0277908	0.00715788	0.000339287	0.00144994	0.0400718	0.00597562	0.00329874	0.166955	0.00135247	0.538751	0.0767452	0.00103731	0.00343788	0.00116291	0.00184093	0.00815524	0.0180618	0.0925002	0.00224954	0.00166642
126	0.0496923	0.00683738	0.000219461	0.000581315	0.0379683	0.00352448	0.00114822	0.342351	0.000631	0.150557	0.0518046	0.000547354	0.00477839	0.00245791	0.000911574	0.00558262	0.0316299	0.302353	0.00403346	0.0023904
127	0.053592	0.00511098	0.000310164	0.00052782	0.0327964	0.00271187	0.00105469	0.3461	0.0005523	0.10617	0.0426781	0.00147228	0.00466145	0.00278835	0.00112181	0.00574196	0.0356112	0.350379	0.00427352	0.00234672
128	0.0649001	0.0198541	0.000304888	0.00144095	0.0578229	0.0225776	0.0021511	0.196019	0.00241763	0.346041	0.0910996	0.000836617	0.00322723	0.000582265	0.0017517	0.0104683	0.0264992	0.14845	0.00161491	0.00194106
129	0.0497082	0.00311343	0.0265861	0.140454	0.0103582	0.0454342	0.0426004	0.0207127	0.0705855	0.0387894	0.0131291	0.0317144	0.00788509	0.299803	0.0619321	0.0589327	0.0379296	0.0248826	0.00372589	0.0117226
130	0.0422928	0.0062159	0.00645169	0.0142558	0.036932	0.0235062	0.0135732	0.0790222	0.0521961	0.382345	0.0560838	0.0197929	0.0159088	0.0250602	0.0804049	0.0337194	0.0354545	0.0516569	0.00758326	0.0175442
131	0.0469877	0.0330727	0.00332197	0.00936742	0.147953	0.0231616	0.00763978	0.0458364	0.00946863	0.113735	0.0648238	0.00920562	0.00572215	0.00963246	0.00734257	0.0457105	0.185641	0.186814	0.0369263	0.00763705
132	0.038506	0.0254548	0.000644174	0.00459084	0.347091	0.00338289	0.00229236	0.140592	0.00142358	0.24115	0.0464939	0.00438565	0.000964801	0.00129706	0.00143817	0.0294247	0.013759	0.0689522	0.00698068	0.0211758
133	0.427317	0.0327437	0.000946897	0.00284009	0.00853466	0.0558339	0.00272792	0.0206269	0.00798321	0.0179883	0.021348	0.00372643	0.00472976	0.0042018	0.00689569	0.230251	0.103459	0.0378546	0.00252311	0.00746871
134	0.209261	0.00897512	0.0110033	0.0159801	0.0132476	0.108667	0.0107755	0.0163896	0.0169028	0.0154196	0.00920484	0.0462741	0.0294482	0.0170772	0.0204441	0.263012	0.118021	0.0590325	0.00156815	0.00929617
135	0.0479961	0.00726588	0.000221464	0.000692196	0.0343653	0.0039812	0.00167687	0.335083	0.000879355	0.165272	0.0590597	0.000596167	0.00700663	0.00217424	0.000905831	0.00554106	0.0316577	0.28988	0.00332337	0.00242151
136	0.0405865	0.00736784	0.000195403	0.000679924	0.0403189	0.00374793	0.00126061	0.330091	0.000840364	0.18804	0.065704	0.000461139	0.0051325	0.00185912	0.000869042	0.0053126	0.033618	0.268912	0.00290015	0.00210377
137	0.061593	0.0188323	0.000683873	0.00154567	0.0539654	0.0166613	0.00212832	0.209915	0.00243936	0.28841	0.100472	0.00150684	0.00435778	0.00254941	0.00461737	0.0109819	0.0265828	0.186947	0.00256549	0.00324405
138	0.0611224	0.00464437	0.00253248	0.00449462	0.0233261	0.0270852	0.00352156	0.188851	0.00531725	0.161882	0.276968	0.0128594	0.00718832	0.0450299	0.0119206	0.0420051	0.0545736	0.0510482	0.00841333	0.00721643
139	0.0419773	0.0194311	0.00036902	0.00319851	0.172247	0.00864288	0.00202996	0.166109	0.00152861	0.323729	0.0925307	0.00204222	0.00168914	0.000634412	0.00148093	0.0130459	0.0216235	0.109965	0.00518224	0.0125436
140	0.0251697	0.00511577	0.000788422	0.00219793	0.0386283	0.0109149	0.0047669	0.10386	0.00181315	0.597015	0.117618	0.00342715	0.00240573	0.00347099	0.0029549	0.0156944	0.0182936	0.0400714	0.00360474	0.00218884
141	0.042555	0.00261738	0.283952	0.15363	0.0160506	0.0198039	0.0774623	0.0243107	0.0347661	0.0168975	0.0119079	0.0590829	0.0142072	0.0462466	0.0240906	0.0900655	0.0454735	0.0229306	0.00192051	0.0120291
142	0.0444953	0.00116832	0.150887	0.327683	0.0105112	0.0388218	0.0162009	0.00927053	0.0291754	0.0278554	0.00739429	0.0336542	0.0104514	0.135257	0.0114011	0.0686576	0.0462137	0.0198582	0.00102856	0.0100161
143	0.0487235	0.0120018	0.00117625	0.00230681	0.0614358	0.0252262	0.00290148	0.120465	0.00318515	0.343802	0.187514	0.00809746	0.00373046	0.006549	0.00439951	0.0235838	0.0300033	0.105865	0.00436667	0.00466752
144	0.0415822	0.0112953	0.00109676	0.00166493	0.058794	0.00924957	0.00264257	0.241522	0.00172455	0.332905	0.0710026	0.00152149	0.00417964	0.00176834	0.00191257	0.00932397	0.0257357	0.175808	0.00309685	0.00317369
145	0.0882415	0.00144043	0.0495698	0.144482	0.0117505	0.0565116	0.0202018	0.00853834	0.0614522	0.0152457	0.00315883	0.0471966	0.0119301	0.140912	0.029376	0.177966	0.0992894	0.0194777	0.00110838	0.0121514
146	0.0556343	0.00158454	0.0334402	0.0228053	0.004433	0.0587185	0.00856282	0.0509897	0.170186	0.0192519	0.00887885	0.114374	0.00335512	0.0550231	0.205218	0.0547734	0.0830535	0.0381258	0.00290498	0.00868804
147	0.00473996	0.000641038	0.000829415	0.00457162	0.00125354	0.929762	0.00754721	0.00435381	0.0014238	0.00895434	0.00167443	0.0100426	0.00115417	0.00437739	0.0050583	0.00672241	0.00320936	0.00215749	0.00045062	0.00107641
148	0.0513857	0.00444405	0.00633251	0.00909648	0.031015	0.0140427	0.0648427	0.0146553	0.0101835	0.0264497	0.00955794	0.0189161	0.0097451	0.00916593	0.0139573	0.0239771	0.0209268	0.0192347	0.347564	0.294507
149	0.00839249	0.000819471	0.00194489	0.0105148	0.00147332	0.898365	0.00864532	0.00484685	0.00313682	0.00859943	0.00196341	0.00921641	0.00113669	0.00943787	0.00638916	0.0157348	0.00392588	0.00339185	0.00055593	0.00151
150	0.0360359	0.0139968	0.000362652	0.00219459	0.117389	0.00476419	0.00174376	0.259529	0.00104172	0.279063	0.0660545	0.00157207	0.00304756	0.00099837	0.00112859	0.009368	0.0224701	0.165299	0.00390674	0.0100341
151	0.197226	0.0123274	0.00897673	0.0123227	0.0100753	0.0870801	0.00834017	0.0120506	0.0162153	0.0206153	0.0136221	0.0316715	0.0161794	0.0159872	0.0164572	0.377304	0.102865	0.0270181	0.00530055	0.00836494
152	0.379389	0.0161014	0.00213203	0.00809067	0.012578	0.189952	0.00532074	0.0182441	0.0114368	0.0202675	0.0173612	0.00939925	0.00915416	0.00732048	0.017117	0.158216	0.0679834	0.0353142	0.00317153	0.0114513
153	0.11598	0.0120053	0.00210455	0.00518761	0.0691627	0.055606	0.00597739	0.156071	0.00569859	0.0484783	0.0276743	0.00976612	0.0114705	0.00517847	0.0103688	0.0709018	0.236175	0.139912	0.00468175	0.00760014
154	0.136513	0.0106531	0.0141526	0.017212	0.0100344	0.0602659	0.00720532	0.00847435	0.0162441	0.0203636	0.0142178	0.0389587	0.0138247	0.0181778	0.0151568	0.422959	0.143544	0.0190881	0.00512276	0.0078323
155	0.0403906	0.00897522	0.000500634	0.00107104	0.0465362	0.00571636	0.00236734	0.244161	0.00112028	0.353591	0.0649712	0.000860853	0.00395266	0.00131418	0.0012018	0.00761125	0.0251683	0.184977	0.00310913	0.00240348
156	0.0428027	0.0108458	0.00386332	0.0075728	0.34691	0.014791	0.00824218	0.0859231	0.00912848	0.173774	0.033279	0.0126038	0.00727448	0.00705595	0.0043803	0.0315701	0.0267213	0.0576327	0.012035	0.103593
157	0.126047	0.00642521	0.00463416	0.0125952	0.0270188	0.0168421	0.00274006	0.180075	0.0131489	0.0651849	0.0767445	0.0154119	0.0173744	0.0138529	0.00805461	0.0294097	0.268029	0.1074	0.00352397	0.00548757
158	0.308709	0.0457131	0.0036507	0.00732161	0.0283284	0.0418105	0.00634006	0.0468343	0.00791727	0.0572395	0.0241908	0.00982393	0.0327086	0.0105213	0.0105129	0.108243	0.156873	0.0813818	0.00266469	0.00921505
159	0.338425	0.0629185	0.00151959	0.00403086	0.033341	0.0394671	0.00496037	0.0725608	0.00556334	0.0304068	0.0175057	0.00524935	0.00993729	0.00516931	0.00501558	0.0908722	0.161122	0.102024	0.0015055	0.00840561
160	0.0517296	0.0052249	0.0373711	0.0394619	0.00913743	0.0727109	0.0727494	0.0109201	0.0266935	0.015549	0.00561185	0.204587	0.0134074	0.059079	0.0177004	0.19944	0.123215	0.0185068	0.00220861	0.0146966
161	0.0529578	0.00520952	0.000281062	0.000496304	0.036184	0.00303673	0.00102268	0.347236	0.000669783	0.121986	0.0555016	0.00107337	0.00477521	0.00439754	0.00138085	0.00624793	0.0374469	0.312331	0.00548056	0.00228432
162	0.352044	0.064919	0.00195178	0.0048867	0.0221642	0.0402198	0.00587878	0.0333483	0.00667623	0.0446642	0.0213758	0.00621104	0.0157478	0.00692753	0.00787411	0.18214	0.0902163	0.0816925	0.00158698	0.00947567
163	0.0693421	0.00166443	0.183713	0.25827	0.00517888	0.0410242	0.0127403	0.00857529	0.0437392	0.01286	0.00727349	0.0320943	0.0338451	0.0656788	0.0234579	0.115206	0.0528681	0.0268484	0.000927833	0.00469261
164	0.0686678	0.00970703	0.0331575	0.0224828	0.0054575	0.0768354	0.0241502	0.00266097	0.0310096	0.00950692	0.00217773	0.188447	0.019741	0.0369884	0.0181771	0.238035	0.191143	0.0143146	0.000949872	0.00639079
165	0.0508663	0.00521723	0.00021203	0.000456029	0.0351217	0.00263646	0.000927485	0.352633	0.000506643	0.123565	0.0496275	0.000628428	0.00480322	0.00291303	0.000808288	0.00534553	0.0351179	0.322017	0.00447339	0.00212361
166	0.0508851	0.00622868	0.000206308	0.000427277	0.0382788	0.00252975	0.00101615	0.35718	0.000478475	0.128701	0.0483376	0.000590406	0.00456559	0.00296724	0.000876534	0.00542988	0.0315475	0.312261	0.00511286	0.00237953
167	0.180031	0.00941397	0.00581043	0.0100957	0.0233019	0.0620706	0.0112074	0.0226234	0.0135989	0.0308309	0.0227654	0.0123816	0.0104083	0.0130589	0.0164652	0.277966	0.120358	0.0304198	0.0971419	0.0300502
168	0.019415	0.00075705	0.026208	0.0221198	0.0134984	0.0145025	0.0766454	0.00461019	0.277859	0.0148672	0.0212752	0.0593983	0.00707962	0.0696023	0.278415	0.0708439	0.00728667	0.00574054	0.00273043	0.00714578
169	0.425464	0.0430539	0.00109422	0.0029181	0.00400693	0.0359354	0.00201555	0.011693	0.00639913	0.0154739	0.0182081	0.00401599	0.00412324	0.00333451	0.00432221	0.282398	0.0998097	0.0266827	0.00253562	0.00651577
170	0.0386794	0.0152553	0.000468382	0.00436295	0.243388	0.00727552	0.0026563	0.149212	0.00171889	0.33037	0.0566248	0.00440988	0.00141827	0.00115839	0.00140262	0.0170017	0.0179919	0.0839341	0.00747465	0.0151973
171	0.109695	0.00891272	0.00483856	0.00883984	0.0331454	0.0579377	0.00939547	0.0329096	0.0120406	0.109126	0.0348064	0.0166326	0.0107872	0.0120503	0.0134763	0.384205	0.0872958	0.035422	0.00724459	0.0112395
172	0.0561684	0.00526882	0.0108499	0.0146025	0.123462	0.0240243	0.0176717	0.0302809	0.0168127	0.0525591	0.0235038	0.0197789	0.293361	0.0136096	0.021538	0.0508146	0.0388947	0.0422751	0.0777059	0.0668182
173	0.101002	0.00581786	0.00251602	0.00505602	0.0520533	0.0267878	0.00295972	0.130841	0.00651196	0.0261717	0.0352846	0.0161724	0.022518	0.00538122	0.0137054	0.0515676	0.363465	0.119255	0.00193894	0.0109943
174	0.0917876	0.00730396	0.00854699	0.0122472	0.0317743	0.0298353	0.00966377	0.0960731	0.0160422	0.0657044	0.0345013	0.0256081	0.0554683	0.0167711	0.0461865	0.0884374	0.267538	0.0788521	0.00463553	0.0130231
175	0.0560333	0.00796545	0.000474246	0.00126757	0.0383345	0.00394515	0.00918759	0.328516	0.00110555	0.161574	0.0582412	0.00107239	0.00966423	0.0021802	0.00140916	0.00695665	0.0290088	0.272562	0.00356332	0.00693904
176	0.0911353	0.00469159	0.0412779	0.0297286	0.00843204	0.0538317	0.0201184	0.00330152	0.0431335	0.00546418	0.00218245	0.156016	0.0348091	0.0322254	0.0372289	0.267082	0.146673	0.0146981	0.000737756	0.00723358
177	0.0817394	0.00560325	0.0029631	0.00497271	0.0571207	0.0366077	0.00406803	0.101341	0.00650278	0.0349099	0.0223766	0.0261248	0.0160893	0.00582129	0.0350225	0.0641812	0.393206	0.0916279	0.00247312	0.00724879
178	0.0984492	0.00252388	0.0991934	0.144104	0.00905373	0.063041	0.0100964	0.0361171	0.0467917	0.0314497	0.0221257	0.0192192	0.0903245	0.0877238	0.0586291	0.051851	0.0273681	0.089519	0.00143397	0.0109858
179	0.0288469	0.0010858	0.00862348	0.0382731	0.00336162	0.0447693	0.0135928	0.0146276	0.279995	0.0385274	0.0150986	0.0407751	0.00321904	0.0707751	0.283537	0.0548528	0.0205995	0.0119357	0.00381214	0.023692
180	0.0515361	0.00190888	0.0185915	0.0298694	0.00686873	0.117976	0.0147473	0.0272716	0.197426	0.023884	0.0113467	0.0454968	0.0149333	0.0485196	0.2204	0.0598138	0.0448019	0.0511161	0.00293707	0.0105546
181	0.134644	0.00495213	0.0295584	0.0445587	0.0130642	0.0191146	0.00776288	0.0941335	0.0235174	0.0812858	0.0561067	0.0335527	0.0479887	0.0378774	0.0151354	0.0536844	0.160056	0.128041	0.0013742	0.0135918
182	0.0342459	0.00214611	0.0389297	0.286023	0.0059736	0.041196	0.0237362	0.0105359	0.0289692	0.0387848	0.00656913	0.0267273	0.00668728	0.341261	0.0241322	0.0413542	0.020405	0.0144685	0.00184709	0.00600722
183	0.0243902	0.00489241	0.00406073	0.008742	0.358498	0.0142025	0.0213065	0.0169736	0.0272	0.0780054	0.0135795	0.0246435	0.0211824	0.0133282	0.00665909	0.0311633	0.0179039	0.0211858	0.0152173	0.276866
184	0.0772086	0.00351705	0.106717	0.203224	0.0105289	0.0244317	0.00908089	0.0247633	0.0441792	0.0279842	0.0158534	0.0260631	0.120233	0.0533854	0.0437553	0.05927	0.0355086	0.0994702	0.00257452	0.012251
185	0.00584133	0.000540776	0.00100334	0.00496439	0.00135266	0.922824	0.0082094	0.00522844	0.00142782	0.00797549	0.00228683	0.00939249	0.00118554	0.00482627	0.00539086	0.0094922	0.00340266	0.00292314	0.000555466	0.00117652
186	0.318482	0.0254227	0.00504037	0.00779718	0.00640154	0.0674872	0.00511964	0.0119315	0.0104011	0.0162826	0.0161117	0.0191929	0.0106891	0.00892684	0.0124272	0.321194	0.098223	0.0277364	0.00368455	0.00744855
187	0.0543822	0.00561161	0.000196237	0.000352857	0.0365201	0.00262751	0.000886046	0.36204	0.000463145	0.120513	0.0436194	0.000609717	0.0043951	0.00286044	0.000877965	0.00552227	0.0314532	0.320345	0.00456835	0.00215548
188	0.0454176	0.00744141	0.000190745	0.000662904	0.0375389	0.00370035	0.00150426	0.340836	0.000696965	0.174781	0.055002	0.00050017	0.00659596	0.00206898	0.00074116	0.00530188	0.0332286	0.278301	0.00321827	0.00227258
189	0.296946	0.0105129	0.0137069	0.0389955	0.00874549	0.0649527	0.0101667	0.00916258	0.0194593	0.0116504	0.00796673	0.0776285	0.0272568	0.0209915	0.0208945	0.230939	0.0781671	0.0415289	0.00184328	0.00848527
190	0.0677646	0.0139649	0.000558244	0.00421364	0.173667	0.012271	0.0022761	0.115711	0.00190434	0.342275	0.120583	0.00235856	0.00140453	0.001828	0.00152359	0.0183086	0.0276961	0.0785006	0.00457222	0.00861809
191	0.042975	0.0173282	0.00067365	0.00415684	0.314687	0.00343812	0.00224682	0.153059	0.00163915	0.2453	0.043331	0.0046148	0.00155095	0.00124314	0.00129233	0.0212642	0.0153488	0.0904195	0.00770789	0.0277235
