216	20
1	0.110082	0.00273966	0.00109871	0.00257538	0.000787658	0.819462	0.000934091	0.00216087	0.00194795	0.00295387	0.000874374	0.00336308	0.00092521	0.00311677	0.00340102	0.0198947	0.0146925	0.00841664	0.000173292	0.000401011
2	0.0478233	0.00399433	0.0470951	0.108505	0.00407265	0.0129369	0.0255719	0.00250162	0.24977	0.0161147	0.0141669	0.00704791	0.00382853	0.101069	0.171975	0.0781719	0.0197642	0.0141216	0.000567917	0.0709003
3	0.129804	0.0087038	0.00639135	0.00813745	0.00780524	0.291546	0.00794947	0.00958751	0.200003	0.010904	0.0864877	0.039802	0.00450843	0.00973344	0.10216	0.0443198	0.0121247	0.014714	0.00118332	0.00413552
4	0.252061	0.0600757	0.0086257	0.0217876	0.0138882	0.00295932	0.0588833	0.0173006	0.0218909	0.05887	0.0326197	0.0348728	0.00962811	0.134192	0.0127514	0.0871597	0.0681467	0.10196	0.000639532	0.00168709
5	0.00718771	0.00115381	0.000753903	0.00127266	0.266212	0.00162415	0.0261394	0.023668	0.0049629	0.0188338	0.00654107	0.00135177	0.0011896	0.0140133	0.0118369	0.0123745	0.0201769	0.0108947	0.0511863	0.518627
6	0.00225282	0.00290332	0.000562761	0.00138317	0.0395501	0.004016	0.00076606	0.0935608	0.00373889	0.728413	0.071437	0.000998273	0.000542214	0.000992272	0.00166556	0.00367046	0.00434315	0.0371237	0.000157144	0.00192293
7	0.00667208	0.00109369	0.000789105	0.00121112	0.275793	0.00149557	0.0219297	0.0245816	0.00460012	0.0168739	0.00635511	0.00120262	0.00075689	0.0133477	0.0112548	0.0113329	0.0209823	0.0102331	0.0525873	0.516907
8	0.033974	0.00875016	0.611392	0.0477322	0.00255777	0.0253232	0.0135677	0.00271961	0.0059854	0.00509324	0.00225388	0.160972	0.00187941	0.0275944	0.00963199	0.0151979	0.0175257	0.00503435	0.00116525	0.00164989
9	0.0677367	0.0262393	0.0717688	0.0657779	0.0330482	0.00728031	0.0621651	0.0680191	0.0323958	0.0297707	0.033983	0.0323305	0.0388569	0.115876	0.0268405	0.138276	0.0835452	0.0361226	0.000511611	0.0294561
10	0.0337655	0.00547979	0.184103	0.204195	0.000937608	0.0300909	0.0284303	0.00827915	0.0772071	0.0137321	0.00306879	0.168125	0.00616208	0.0653332	0.0815845	0.03611	0.0438049	0.00887565	0.000259677	0.000455064
11	0.0309312	0.00295481	0.100064	0.0193206	0.00311936	0.614918	0.00200023	0.00190731	0.0178462	0.00296311	0.00152782	0.107081	0.00778986	0.00985502	0.0236215	0.0395344	0.0035261	0.00285959	0.000337326	0.00784171
12	0.0544384	0.0202292	0.038176	0.066642	0.00168533	0.0129856	0.0193512	0.00288868	0.166776	0.0161555	0.00469388	0.106176	0.00961258	0.0578387	0.252359	0.0274509	0.0842384	0.0463083	0.000611863	0.0113831
13	0.0969835	0.00403668	0.0472201	0.167601	0.00884532	0.0175807	0.0154549	0.00263828	0.185706	0.00871074	0.0130292	0.0208638	0.0187556	0.144215	0.137361	0.0681409	0.0150384	0.00856955	0.000460191	0.0187893
14	0.00732415	0.00216779	0.001361	0.00155961	0.303665	0.00159358	0.0231465	0.0221026	0.00352871	0.0302422	0.0107515	0.00128182	0.00112594	0.0148489	0.00874686	0.00840885	0.0139598	0.0086391	0.0290622	0.506483
15	0.00765744	0.00533201	0.00158614	0.00171871	0.0368515	0.0028776	0.00148024	0.216604	0.00266551	0.547868	0.0684048	0.00149666	0.000966762	0.0013586	0.00313851	0.00428541	0.0125964	0.0755324	0.000923865	0.00665499
16	0.0427117	0.00770693	0.581716	0.0793874	0.0017573	0.0188515	0.011309	0.0027918	0.0177323	0.00461794	0.00263582	0.136112	0.00266278	0.03509	0.0163459	0.0176876	0.0148694	0.00470051	0.00041871	0.000896148
17	0.0985636	0.115568	0.00115059	0.00336462	0.192436	0.0263713	0.00151217	0.0611879	0.00177212	0.149151	0.0808098	0.00298252	0.00123433	0.0019901	0.00268837	0.0342135	0.0636249	0.147395	0.00593634	0.0080473
18	0.0486403	0.00837728	0.00354626	0.0195005	0.0887575	0.00828551	0.00529293	0.256865	0.0319696	0.047939	0.0720546	0.0138633	0.0349835	0.024562	0.0882231	0.0366259	0.0125109	0.137594	0.00801059	0.0523978
19	0.308088	0.0130355	0.00663269	0.00835855	0.00908519	0.198838	0.00334866	0.00867427	0.00318843	0.0128523	0.00624482	0.151618	0.005695	0.00358155	0.00834096	0.217112	0.0231013	0.00990726	0.000523696	0.00177352
20	0.0781008	0.00988615	0.0325161	0.0155679	0.00832061	0.155618	0.0174699	0.00864706	0.0127404	0.0140078	0.0122826	0.259156	0.0121898	0.0187995	0.0210399	0.229799	0.0705379	0.0141253	0.00331323	0.00588162
21	0.0242793	0.0058313	0.00159288	0.0027602	0.00436985	0.00622499	0.0018203	0.181146	0.00280482	0.0378698	0.00614138	0.00495918	0.00991594	0.00456583	0.00385324	0.01565	0.026886	0.657391	0.000666656	0.0012712
22	0.302313	0.0653326	0.00797991	0.0156236	0.0114855	0.00348451	0.0612036	0.0151549	0.0172197	0.0516054	0.0240338	0.0318701	0.0206375	0.0964203	0.0109251	0.102062	0.0727455	0.0874262	0.000719425	0.00175773
23	0.0450266	0.0134818	0.027475	0.0215678	0.0160655	0.0268813	0.336578	0.0125836	0.0259215	0.0244174	0.0105905	0.156654	0.0102095	0.0253172	0.0474915	0.0590484	0.0869261	0.0361107	0.00607403	0.0115796
24	0.0288734	0.636777	0.00193962	0.00431931	0.00502459	0.0534789	0.00292616	0.00567493	0.00316765	0.00672755	0.0134545	0.00391818	0.00282394	0.0177274	0.00421428	0.175669	0.0231382	0.00797817	0.000725476	0.00144159
25	0.0304202	0.00820413	0.0821228	0.0370309	0.0086028	0.0351508	0.286154	0.00589186	0.0368366	0.01763	0.00536827	0.245679	0.00435213	0.0275016	0.074116	0.03777	0.0303916	0.0165826	0.00429396	0.00590008
26	0.0884909	0.00654321	0.0740153	0.109918	0.00424931	0.0150035	0.0107131	0.00535764	0.0277209	0.0115576	0.00575144	0.0177338	0.472009	0.0376143	0.0340232	0.0441433	0.0211008	0.0110178	0.00107357	0.00196332
27	0.122158	0.00294999	0.0807127	0.13431	0.00211267	0.0129933	0.148977	0.00282	0.100823	0.0250096	0.0029043	0.00314563	0.0015668	0.0265017	0.151124	0.0291238	0.0836952	0.0242547	0.000611596	0.0442068
28	0.00832613	0.00278732	0.000366093	0.00108489	0.00375444	0.00259636	0.00054629	0.199859	0.000711426	0.0418023	0.00797708	0.00148171	0.00237635	0.00256946	0.0021305	0.00250662	0.0147395	0.704008	0.000127373	0.000248403
29	0.0882868	0.00542308	0.000683977	0.00147689	0.0229881	0.00390757	0.00131413	0.16463	0.0137644	0.0199409	0.00852484	0.0305787	0.00117127	0.00589359	0.00204953	0.0243476	0.140034	0.460598	0.000279085	0.00410744
30	0.137539	0.00524085	0.0988729	0.254634	0.00327687	0.0376153	0.00833882	0.00201045	0.116751	0.0089996	0.00569516	0.0542534	0.00608263	0.100467	0.0724885	0.0619593	0.0194804	0.00475396	0.000116699	0.0014243
31	0.516013	0.00652109	0.00307259	0.042433	0.0226766	0.0257901	0.0441014	0.0111196	0.00608342	0.00924274	0.00700048	0.00581085	0.0210023	0.0074496	0.0286054	0.0667828	0.0148024	0.158335	0.000931371	0.0022269
32	0.224371	0.0482602	0.000741545	0.00430412	0.01851	0.0437593	0.00517832	0.114251	0.0021921	0.0655519	0.078575	0.00516074	0.00114334	0.00176288	0.00977003	0.117148	0.0819545	0.176452	0.000350476	0.000564178
33	0.0850891	0.0129947	0.0183086	0.0120147	0.0125127	0.0452452	0.0775006	0.00964297	0.00626015	0.0440869	0.00976969	0.229327	0.00912572	0.0187181	0.0260629	0.166148	0.097405	0.0516941	0.0309512	0.0371433
34	0.132794	0.081577	0.00190228	0.00237742	0.00706213	0.00758581	0.00205984	0.057877	0.00239919	0.0043483	0.00374505	0.00757535	0.0405001	0.00310301	0.00811531	0.132967	0.401605	0.100753	0.000612565	0.0010405
35	0.0315981	0.0115213	0.0350593	0.0081934	0.00463821	0.0412007	0.0350317	0.00907874	0.00660601	0.00961246	0.0102598	0.230582	0.0243729	0.0194314	0.0104357	0.318919	0.17193	0.0141038	0.00245258	0.00497236
36	0.0602217	0.0350194	0.0157812	0.00578823	0.00240053	0.039384	0.0149969	0.0215486	0.00696393	0.00489689	0.0128441	0.0791683	0.034291	0.0419234	0.00576897	0.40785	0.183618	0.025089	0.000548922	0.00189642
37	0.0597439	0.0312821	0.00216384	0.00741505	0.0246012	0.0229768	0.0142071	0.145267	0.00334343	0.262744	0.0675853	0.011012	0.00304101	0.0207684	0.0959115	0.0274286	0.0351259	0.159623	0.000817492	0.00494177
38	0.005756	0.00113354	0.000761839	0.00119746	0.29768	0.00142272	0.0200086	0.0193153	0.00377426	0.017364	0.00461245	0.00115994	0.000754213	0.0141982	0.00884583	0.00859832	0.0146583	0.00771688	0.0314108	0.539632
39	0.443927	0.0295613	0.000698252	0.0111733	0.0143971	0.0196891	0.00444715	0.05995	0.0021534	0.038191	0.0533074	0.0038174	0.00116971	0.00228592	0.0108704	0.126314	0.0563287	0.120824	0.000337699	0.000557119
40	0.0882334	0.00193435	0.0458823	0.482051	0.00217304	0.0108466	0.0168361	0.00162415	0.115105	0.00313654	0.00175788	0.0168087	0.00712128	0.0817489	0.0594297	0.0355941	0.0115927	0.0168562	0.000201486	0.00106601
41	0.0986346	0.012619	0.0598999	0.122303	0.00329292	0.0207342	0.0101745	0.00193631	0.207111	0.0146106	0.0112933	0.0511428	0.00576491	0.0903343	0.178385	0.0489665	0.0344804	0.0150226	0.000312777	0.0129811
42	0.0020195	0.00295751	0.000542779	0.00144706	0.0375795	0.00385341	0.000644143	0.0891366	0.00386907	0.739774	0.070474	0.000932814	0.000503007	0.000875371	0.00164073	0.00370833	0.00416396	0.0339637	0.000151761	0.00176268
43	0.137297	0.0169893	0.000921591	0.00217502	0.0126228	0.0141568	0.00173838	0.0905751	0.0173027	0.160635	0.0641698	0.0089904	0.00831923	0.00869177	0.0118724	0.0758975	0.210289	0.156021	0.000409266	0.000925544
44	0.0251422	0.00531699	0.00895943	0.0163757	0.00299865	0.0204837	0.00578329	0.0051533	0.00731425	0.021711	0.00342123	0.0567761	0.00641977	0.0179808	0.0125	0.371172	0.400505	0.00986717	0.000889997	0.00122972
45	0.0349626	0.00656473	0.143479	0.405897	0.00468355	0.0247852	0.0117921	0.00644288	0.0356156	0.00818084	0.00382566	0.0347269	0.00429432	0.0349481	0.0413568	0.120641	0.0627131	0.0110614	0.00113361	0.00289493
46	0.539211	0.0229397	0.00171124	0.0230486	0.00424031	0.0293515	0.00433885	0.00562864	0.0407505	0.00911222	0.00356494	0.00366767	0.015296	0.00376762	0.0187132	0.209393	0.0268808	0.0366732	0.00050097	0.00120999
47	0.0615082	0.0174073	0.0150237	0.0148585	0.013664	0.0233423	0.104257	0.0255479	0.0189328	0.0314567	0.017486	0.266798	0.00924412	0.0234345	0.0263729	0.0651026	0.0937652	0.150184	0.00805762	0.0135569
48	0.0134862	0.00314	0.367437	0.514821	0.00215397	0.0108424	0.00270204	0.00222697	0.00819841	0.00319985	0.00184099	0.0105069	0.00162331	0.00908844	0.0169486	0.0192974	0.00716405	0.00387658	0.00051657	0.00092887
49	0.00185299	0.00323433	0.000478116	0.00225232	0.0259552	0.00310997	0.000721469	0.0532568	0.0027242	0.793326	0.0748713	0.000952394	0.000572946	0.000923959	0.00242652	0.00433418	0.00512468	0.0230673	0.000134856	0.000679977
50	0.582077	0.02227	0.00380805	0.0135861	0.00961273	0.0352651	0.0312116	0.0151176	0.0102398	0.015107	0.0109605	0.0112524	0.00858483	0.0148191	0.0157357	0.108736	0.02668	0.0609165	0.00142782	0.00259211
51	0.0110178	0.00376378	0.00216167	0.00055787	0.0418953	0.00111632	0.000468776	0.38612	0.000704467	0.299918	0.0854191	0.000532184	0.000385038	0.000614812	0.00203801	0.00117205	0.0191908	0.12965	0.00193271	0.0113413
52	0.0531507	0.00438631	0.00292789	0.00543138	0.0255251	0.00663144	0.0862641	0.0350109	0.0133281	0.246995	0.122385	0.0120878	0.00298926	0.094616	0.181928	0.0405231	0.00928277	0.0341134	0.00151946	0.0209042
53	0.0093575	0.0183395	0.00103099	0.00758844	0.00745091	0.00675864	0.0745152	0.00190285	0.0857556	0.00441865	0.00153929	0.00152981	0.00097008	0.0511021	0.690419	0.0179378	0.00881278	0.00250832	0.00739368	0.000668374
54	0.249993	0.0530532	0.0127591	0.0199184	0.017237	0.00266874	0.0722691	0.0237336	0.0291186	0.064179	0.0339682	0.0333989	0.00923355	0.10559	0.0156273	0.0836414	0.065388	0.10512	0.000434892	0.00266749
55	0.055085	0.0134452	0.00186444	0.00304623	0.0857489	0.0138127	0.253825	0.00329335	0.00503807	0.00618879	0.00257983	0.0141302	0.00179323	0.00319763	0.0442112	0.0187345	0.0176074	0.058766	0.0138967	0.383735
56	0.0473698	0.0101097	0.00653794	0.00836201	0.0025639	0.0185233	0.0204863	0.00802905	0.0302185	0.00766864	0.00483032	0.0469274	0.0222731	0.0127324	0.0510174	0.314124	0.363161	0.0221176	0.00100105	0.00194621
57	0.0182983	0.00241683	0.0511996	0.0259732	0.00508229	0.322709	0.0272451	0.00158971	0.160286	0.00314845	0.00270458	0.132119	0.00164037	0.0619196	0.115204	0.048336	0.00870953	0.00248474	0.000423699	0.00851031
58	0.0309872	0.00491745	0.223689	0.20162	0.000889916	0.0293671	0.0265499	0.00681701	0.0697034	0.0137925	0.00282072	0.155393	0.00781115	0.0646926	0.0786539	0.0318744	0.0393787	0.0103037	0.000230501	0.000508162
59	0.0382741	0.00889829	0.000426122	0.000823651	0.0228365	0.00105547	0.000552553	0.184378	0.00338914	0.0853271	0.063889	0.000948305	0.000522213	0.000851832	0.00367916	0.00166567	0.0155677	0.566142	0.000203615	0.000569699
60	0.0116695	0.00108601	0.00085182	0.00109174	0.00501295	0.00120695	0.000868891	0.64134	0.000944331	0.0649194	0.0219148	0.00230546	0.00580986	0.00110025	0.00349402	0.00210666	0.00322266	0.229983	0.000350335	0.000722166
61	0.165397	0.0889322	0.00156354	0.00253197	0.00825491	0.0169403	0.00242785	0.0732852	0.00254119	0.0105543	0.0160865	0.0144882	0.019109	0.00292325	0.0130287	0.120415	0.235316	0.204639	0.000518413	0.00104688
62	0.0769732	0.023738	0.000828892	0.00233781	0.178851	0.0195323	0.0019004	0.090107	0.00165478	0.23512	0.0658893	0.00273198	0.00215679	0.00231862	0.00248248	0.0289888	0.0747564	0.179906	0.00558561	0.0041402
63	0.0569768	0.0216423	0.0408602	0.0236738	0.0233855	0.148774	0.0879227	0.00496418	0.0069765	0.0392496	0.00419181	0.229481	0.00351165	0.0373117	0.0745109	0.0748651	0.0657431	0.0130433	0.0211561	0.0217599
64	0.586369	0.0597519	0.000689027	0.00107531	0.00874914	0.0876175	0.00136071	0.00125333	0.00164557	0.00531954	0.000979087	0.00175689	0.000571578	0.000970291	0.0119495	0.207815	0.00893725	0.012528	0.000197153	0.000464776
65	0.00734919	0.00137019	0.000841845	0.00129249	0.286159	0.00164015	0.0262863	0.0194011	0.0039508	0.0185167	0.00584326	0.00158258	0.00102892	0.014528	0.00969278	0.00885095	0.0150118	0.00924414	0.032485	0.534925
66	0.0994731	0.0159076	0.00990745	0.0198689	0.0827582	0.0200819	0.358984	0.0151971	0.0224124	0.035635	0.0161024	0.039296	0.0114973	0.0283546	0.037423	0.0392112	0.0315203	0.0384459	0.00648331	0.0714407
67	0.0899975	0.00366472	0.00178925	0.00309999	0.000863376	0.836018	0.00112847	0.00186338	0.0021139	0.00315889	0.00075121	0.00432222	0.000881605	0.00311633	0.004005	0.01811	0.0162858	0.00820443	0.00014943	0.000476243
68	0.334106	0.00646233	0.00985879	0.0256435	0.0215707	0.1615	0.00331883	0.0268925	0.00331264	0.0418869	0.019852	0.0658266	0.0106534	0.0041296	0.00955373	0.158646	0.079552	0.0146181	0.00103333	0.00158218
69	0.0805985	0.0242876	0.000981504	0.00243638	0.0166032	0.00755285	0.00134564	0.104481	0.0126206	0.257373	0.0688048	0.00419385	0.0180213	0.00432673	0.00763079	0.0530698	0.195332	0.13885	0.000743431	0.000747623
70	0.157484	0.0356197	0.000854513	0.00326229	0.0149045	0.0288241	0.00334888	0.101531	0.00768662	0.12101	0.0893217	0.00530587	0.00594494	0.00381181	0.0148344	0.106117	0.142087	0.156967	0.000371663	0.000712798
71	0.147415	0.0115889	0.10229	0.257575	0.00254939	0.0657409	0.00678214	0.00374628	0.0804916	0.0091029	0.00535692	0.049793	0.0116647	0.103818	0.0472295	0.0737193	0.0137294	0.00526373	0.000246638	0.00189572
72	0.0435662	0.03682	0.00091555	0.0078575	0.0296614	0.010954	0.0155588	0.188627	0.00162835	0.281621	0.0898517	0.0181515	0.00118987	0.0285936	0.00978217	0.0214706	0.0283304	0.182544	0.000352407	0.00252474
73	0.0678461	0.0258314	0.00809268	0.00577904	0.00221382	0.0626985	0.0233081	0.00982987	0.0126902	0.00377048	0.00832525	0.0483195	0.0345879	0.0408196	0.00587511	0.510949	0.114385	0.012895	0.000473447	0.00131099
74	0.0596221	0.0276446	0.0490667	0.0302642	0.0256101	0.0157548	0.0679757	0.0593213	0.0260035	0.0290733	0.0327854	0.0545971	0.0770174	0.084723	0.030599	0.167092	0.100924	0.0259084	0.00146702	0.0345504
75	0.0161973	0.00291537	0.000913046	0.00147794	0.224886	0.00337644	0.05499	0.019664	0.00758898	0.0173142	0.0051253	0.00319027	0.000786891	0.0112887	0.0156008	0.015493	0.0212199	0.0200519	0.0460337	0.511886
76	0.0221861	0.037508	0.00604482	0.0157032	0.00690524	0.00980827	0.00922508	0.0415537	0.404023	0.0488647	0.0110178	0.008906	0.0328654	0.0118438	0.21195	0.0808782	0.0167266	0.0183341	0.00158064	0.00407498
77	0.0134997	0.00396168	0.00469582	0.0180382	0.281663	0.00842996	0.128068	0.0158448	0.00607196	0.140258	0.0605812	0.0115232	0.030635	0.0523911	0.0424257	0.0161794	0.0115712	0.0138516	0.0253239	0.114987
78	0.585978	0.0599326	0.000689347	0.00107189	0.00876664	0.0875444	0.00135843	0.0012471	0.00164494	0.00531853	0.000917302	0.00175462	0.000566711	0.000974193	0.0119827	0.208139	0.00890644	0.0125388	0.000197165	0.000471441
79	0.599549	0.0437699	0.00212921	0.0029691	0.00249452	0.189927	0.002182	0.013844	0.00248089	0.011418	0.0416124	0.0038365	0.0229708	0.0025239	0.00277051	0.0280598	0.0144391	0.0116004	0.000378949	0.00104399
80	0.0264344	0.0173662	0.00740687	0.00251995	0.434389	0.00239631	0.0205725	0.0610811	0.00161418	0.178824	0.0784492	0.00254557	0.0016393	0.016019	0.00265035	0.00375611	0.00421033	0.0318325	0.00165785	0.104635
81	0.0114114	0.00374158	0.00234821	0.000535155	0.0420826	0.000931904	0.00047317	0.413656	0.00048725	0.266234	0.0847082	0.00054496	0.000372449	0.0006454	0.00204686	0.00117746	0.0203913	0.134263	0.00208154	0.0118686
82	0.232322	0.0510924	0.000752215	0.00483136	0.0192508	0.0440439	0.00582535	0.108534	0.00186758	0.059089	0.0764875	0.00501765	0.000788429	0.00167862	0.00986118	0.125409	0.0764326	0.175801	0.000358319	0.000557169
83	0.0695247	0.0199776	0.131519	0.257416	0.00364027	0.0274381	0.0188819	0.00679612	0.100013	0.0234747	0.00576431	0.076327	0.00782264	0.0649228	0.0889288	0.0436032	0.0343439	0.0138678	0.000571592	0.0051666
84	0.0732842	0.0332083	0.00378115	0.0231606	0.00331697	0.089748	0.00736789	0.00598576	0.00572918	0.00596528	0.0208597	0.0120651	0.135084	0.012561	0.00575723	0.452749	0.0965294	0.0100507	0.000942766	0.0018538
85	0.0719231	0.0222068	0.00105149	0.00272045	0.163286	0.0234878	0.00274923	0.125264	0.00122323	0.226585	0.0760743	0.00354586	0.000968355	0.0040295	0.00328082	0.0241552	0.0600649	0.178653	0.00470703	0.00402411
86	0.105899	0.162244	0.0171344	0.0665887	0.00793988	0.168831	0.00878254	0.0186148	0.00927655	0.0202907	0.0142886	0.0134561	0.0254008	0.0190719	0.011194	0.205019	0.104571	0.0155148	0.00202023	0.00386164
87	0.19939	0.0586139	0.00083797	0.0036939	0.0139233	0.0288859	0.00374224	0.106204	0.00334123	0.0429619	0.0571995	0.0134738	0.00376813	0.00242502	0.00959034	0.110627	0.121093	0.218978	0.000345462	0.00090484
88	0.32176	0.00883323	0.0309721	0.0368196	0.012349	0.213143	0.00468546	0.0274465	0.00428142	0.0230387	0.0112435	0.0775676	0.020923	0.00739551	0.00848827	0.121238	0.0567007	0.00998582	0.00110902	0.00201999
89	0.151432	0.0254601	0.00806436	0.0111906	0.00284207	0.639883	0.0052045	0.00559395	0.031741	0.00741091	0.0106895	0.0129115	0.00456834	0.00889899	0.0138157	0.0315061	0.0149906	0.0113085	0.000623882	0.0018641
90	0.0874005	0.0067502	0.00113392	0.00215452	0.0368676	0.00702842	0.00169119	0.176615	0.0156018	0.0529998	0.0088236	0.0204074	0.00157789	0.020319	0.0030986	0.027501	0.114334	0.404908	0.000520264	0.0102675
91	0.0333377	0.0446483	0.0406362	0.0650184	0.0234848	0.00611697	0.00464768	0.1117	0.00526872	0.157968	0.0254873	0.00586256	0.091471	0.0598525	0.00637313	0.0493233	0.0557867	0.209784	0.000807883	0.00242518
92	0.0210709	0.0158745	0.0216131	0.0313363	0.135379	0.0734768	0.0530084	0.00419638	0.00348865	0.18939	0.0485888	0.0299351	0.0970051	0.0213606	0.00646497	0.0478499	0.0057567	0.0209933	0.00327038	0.169941
93	0.0787915	0.0143679	0.0383996	0.0513904	0.0111938	0.00546492	0.0331408	0.0227578	0.0157466	0.0297798	0.0135091	0.0144192	0.42873	0.0517786	0.0177591	0.0776515	0.0501324	0.035639	0.000657983	0.0086897
94	0.0960372	0.00119986	0.00871251	0.0590091	0.0116799	0.0121366	0.0323156	0.00672721	0.194751	0.0080872	0.00722883	0.0168723	0.200812	0.110692	0.0974907	0.0459639	0.0556301	0.0334248	0.000360963	0.000868135
95	0.0304854	0.00284678	0.0948287	0.0194069	0.0031219	0.617521	0.00210268	0.00188858	0.0198676	0.00284468	0.00153543	0.107006	0.00746205	0.0100106	0.024927	0.0396311	0.00338374	0.00275391	0.000337734	0.00803784
96	0.0118339	0.00355727	0.000363143	0.000741055	0.00663509	0.00210254	0.000457179	0.19666	0.000989244	0.0408502	0.0163331	0.00110128	0.00185784	0.00216424	0.00200599	0.0020987	0.0158503	0.694048	0.000112492	0.000238278
97	0.00741789	0.0164282	0.000956594	0.00610569	0.00559921	0.00848503	0.0993742	0.00184144	0.089531	0.00381392	0.00160623	0.00160015	0.00104208	0.0383881	0.682971	0.0196822	0.00696691	0.00258923	0.00497988	0.000620691
98	0.140253	0.00539332	0.0961515	0.2538	0.00329199	0.0373633	0.00795666	0.0019715	0.119649	0.0089064	0.00586783	0.0525213	0.00601146	0.10076	0.0728539	0.0621444	0.0189697	0.00459153	0.000117557	0.00142507
99	0.167081	0.0238934	0.00340394	0.0288861	0.0203677	0.00483418	0.167614	0.00673841	0.121693	0.0602	0.0083876	0.079438	0.00284198	0.0925293	0.079052	0.0808768	0.0134529	0.0359759	0.000849364	0.00188424
100	0.0338359	0.00866831	0.0329297	0.0162542	0.0342078	0.451147	0.041995	0.004284	0.0535439	0.0124125	0.00789535	0.0956078	0.00385261	0.0249233	0.107824	0.0374164	0.0137408	0.00856361	0.00169322	0.00920491
101	0.0907105	0.00309686	0.00231623	0.00291518	0.000895085	0.833927	0.00108156	0.00209003	0.00238655	0.00329735	0.00101196	0.00601015	0.000748911	0.00445294	0.00374037	0.0175589	0.0141769	0.00902609	0.000127771	0.000429981
102	0.0108434	0.0044946	0.00116484	0.00975327	0.00445712	0.00364041	0.00143619	0.202361	0.00192181	0.219006	0.00708366	0.00363959	0.00249494	0.00259522	0.010561	0.00527131	0.00758769	0.499749	0.000429309	0.00150964
103	0.0564789	0.139371	0.00272409	0.0207002	0.209166	0.00808134	0.0052094	0.0483428	0.00372322	0.123555	0.0355525	0.0204286	0.00269243	0.00567583	0.00601437	0.0131366	0.0502871	0.14223	0.0175278	0.0891038
104	0.0102082	0.00163638	0.000540169	0.00109269	0.00421269	0.00173896	0.000663583	0.464659	0.000689006	0.0522952	0.0135817	0.00225202	0.00429073	0.00160903	0.00447374	0.00216599	0.00739978	0.425818	0.000152461	0.00052053
105	0.458754	0.0277459	0.000953277	0.0133245	0.0156328	0.016756	0.0044665	0.0523579	0.00254792	0.0311675	0.0505264	0.00397506	0.00181564	0.00277429	0.0111242	0.140536	0.0520614	0.112353	0.000287139	0.000840501
106	0.0329341	0.00813928	0.533149	0.0713102	0.00484287	0.0314083	0.0132487	0.00658477	0.0146951	0.00884877	0.00505458	0.0853081	0.00495849	0.0240459	0.0193889	0.0828809	0.0380746	0.011592	0.000953364	0.00258223
107	0.0635843	0.0107711	0.055704	0.424428	0.0474095	0.0163692	0.0187056	0.0160725	0.0589826	0.0216386	0.0127158	0.0179163	0.0118922	0.0822557	0.0422702	0.0395336	0.0222076	0.0241325	0.00337172	0.0100388
108	0.00993098	0.00296059	0.00050503	0.000999498	0.0053216	0.00248197	0.000546073	0.238934	0.000785318	0.0490354	0.0129657	0.0015164	0.00252181	0.00232861	0.00230532	0.00266777	0.014274	0.649143	0.000194189	0.00058255
109	0.0556393	0.0197757	0.0169819	0.0260158	0.0138719	0.018482	0.021718	0.0284936	0.0244646	0.0490837	0.0444964	0.0820001	0.0094932	0.375415	0.0335955	0.0377399	0.0327021	0.0999103	0.00268783	0.00743368
110	0.137931	0.0852651	0.00212779	0.00253227	0.00637894	0.00811965	0.00220827	0.0590535	0.00261036	0.00404988	0.00393774	0.00937785	0.0419531	0.0037748	0.00854701	0.146743	0.363869	0.10987	0.000579858	0.00107161
111	0.115796	0.00432594	0.00210436	0.00441461	0.00307989	0.767746	0.00165301	0.00363083	0.00306743	0.00530285	0.00159758	0.00930463	0.00212487	0.00318478	0.00455938	0.0347962	0.0229729	0.00965351	0.000194878	0.000490099
112	0.0265567	0.0195961	0.00665842	0.00511753	0.396313	0.00475084	0.0224186	0.0615562	0.00199112	0.18982	0.0704453	0.00452999	0.00440117	0.0171597	0.00543822	0.00643814	0.00890019	0.0434795	0.00313318	0.101295
113	0.117383	0.00239708	0.000938221	0.00255981	0.000831681	0.803985	0.000929975	0.00233595	0.00205626	0.00305985	0.000887465	0.00343535	0.00100667	0.00341339	0.00497505	0.0185354	0.0198141	0.0108058	0.000171374	0.000477552
114	0.0384747	0.0159143	0.00788696	0.0194362	0.0190338	0.0147746	0.0581058	0.0153999	0.0497762	0.0952033	0.0297475	0.0163456	0.00597837	0.091604	0.433251	0.0304668	0.0183538	0.0245809	0.0044062	0.0112602
115	0.0746117	0.0279995	0.00153472	0.00367923	0.0162291	0.00737493	0.00167128	0.113362	0.0124659	0.260387	0.0689983	0.0043566	0.0198682	0.00563831	0.00756287	0.0532619	0.183168	0.136503	0.000610699	0.000715897
116	0.0803	0.00527285	0.0091362	0.00510508	0.00273042	0.796297	0.00384251	0.00303023	0.00669118	0.0126299	0.00316909	0.0138741	0.00196059	0.00441021	0.00797906	0.0209596	0.012702	0.00820647	0.000264587	0.00143869
117	0.0151568	0.00222006	0.143732	0.116531	0.00192533	0.0409595	0.0118124	0.00291178	0.0206101	0.00417763	0.00233908	0.0300257	0.00145654	0.0227799	0.0557769	0.361886	0.15014	0.013761	0.000478912	0.0013202
118	0.0282827	0.00799792	0.413209	0.0646719	0.00473926	0.0264777	0.0122008	0.00868496	0.0137314	0.00959823	0.00521407	0.0572942	0.0057278	0.0242011	0.0268156	0.178893	0.0956816	0.0125095	0.000953637	0.00311531
119	0.00952837	0.00329887	0.00186121	0.000679765	0.0301478	0.000990514	0.000636922	0.475858	0.000586091	0.239246	0.0861788	0.00074222	0.00062105	0.000812469	0.00372131	0.00145655	0.015203	0.116132	0.00155419	0.0107455
120	0.0271447	0.00602929	0.000385533	0.000699246	0.014505	0.00147646	0.000434373	0.193903	0.00215781	0.0659928	0.0405096	0.00109076	0.00124372	0.00132139	0.00277471	0.00184205	0.0148585	0.623086	0.000153614	0.000391544
121	0.146068	0.0829623	0.00224462	0.00478021	0.0242936	0.0165167	0.00509887	0.062186	0.0043188	0.0249897	0.0253396	0.00950118	0.0184358	0.00657607	0.0106252	0.124465	0.271841	0.156382	0.00109862	0.00227652
122	0.0431718	0.0440128	0.000858001	0.0079516	0.0286741	0.0101891	0.00964566	0.169533	0.00232102	0.299857	0.10208	0.0111231	0.00424925	0.0146508	0.0094624	0.0310644	0.0412249	0.167138	0.000367087	0.00242522
123	0.498449	0.0308957	0.00478625	0.00546005	0.00344721	0.282301	0.00322079	0.0132714	0.00393853	0.0108588	0.0288168	0.00975304	0.0250712	0.00340403	0.00451894	0.0389483	0.0172587	0.013321	0.000701151	0.00157794
124	0.0547246	0.0166302	0.0291296	0.0967784	0.010429	0.0205516	0.0227583	0.0182654	0.341414	0.0587143	0.0124759	0.0230068	0.0171411	0.043852	0.0801885	0.086461	0.0266323	0.0228996	0.00248899	0.0154583
125	0.0816342	0.0136092	0.154658	0.0452271	0.00795283	0.179816	0.0268498	0.0060639	0.020992	0.0136267	0.00613506	0.256518	0.00680522	0.0280408	0.0301919	0.0700362	0.0297245	0.0112046	0.00452908	0.00638374
126	0.0785649	0.00384463	0.00593052	0.00361006	0.000832309	0.841294	0.00131999	0.0020367	0.00290649	0.00313362	0.000768718	0.00830827	0.00107885	0.00380751	0.00420719	0.018137	0.0123317	0.00704306	0.000166946	0.000677988
127	0.0259002	0.0148784	0.00927788	0.00255018	0.410793	0.00267502	0.0435756	0.0594728	0.00166457	0.163674	0.0825294	0.00256321	0.00474026	0.0209666	0.00442735	0.00395394	0.00380506	0.0237175	0.00471652	0.114119
128	0.0570321	0.00474791	0.0219462	0.0423747	0.00441536	0.0075807	0.00944738	0.0065862	0.0095748	0.0138951	0.00582073	0.00543291	0.686088	0.0139861	0.0164538	0.0424389	0.0332873	0.0155612	0.00105072	0.00227991
129	0.0116435	0.00393569	0.00223537	0.000643545	0.0382119	0.00117497	0.000811466	0.392855	0.000563301	0.275098	0.0955906	0.00108621	0.000417409	0.00198402	0.0022491	0.00162107	0.0200837	0.136967	0.00192039	0.010907
130	0.549254	0.0350729	0.00144967	0.00248797	0.0062337	0.160366	0.00204539	0.00372631	0.00193448	0.0056623	0.00382545	0.00777653	0.00267777	0.00153362	0.00801805	0.18875	0.00904987	0.00917318	0.000201941	0.000760256
131	0.607218	0.0489501	0.00172146	0.00276817	0.00252546	0.178081	0.00232003	0.0131253	0.00269726	0.013126	0.042894	0.00300594	0.0230334	0.00285245	0.00319435	0.0249566	0.0128071	0.0131537	0.000404415	0.00116476
132	0.0489814	0.0135643	0.000660787	0.00188369	0.0272577	0.00387488	0.00188927	0.161133	0.0043321	0.133122	0.073733	0.00267893	0.00279407	0.00317109	0.00464903	0.0117909	0.0445317	0.458503	0.000455855	0.000993944
133	0.0408408	0.00750669	0.000440868	0.000712519	0.020718	0.00130866	0.00047832	0.183424	0.00316665	0.0730933	0.0550693	0.00167349	0.000679089	0.00110622	0.00315579	0.00220595	0.0192201	0.584493	0.000170363	0.000537296
134	0.224389	0.0487544	0.00128504	0.00527979	0.0277684	0.0451374	0.00468836	0.0911178	0.00303145	0.0646705	0.066481	0.00568216	0.00282592	0.002642	0.00869656	0.0965457	0.154311	0.144994	0.000663757	0.00103455
135	0.018524	0.00479236	0.00783211	0.0269333	0.00407396	0.0261495	0.00873063	0.00812711	0.0847692	0.00871235	0.00406857	0.0844239	0.00643294	0.0077245	0.139303	0.238674	0.303071	0.0143807	0.000926017	0.00235092
136	0.0960452	0.0012	0.00868167	0.0590547	0.01166	0.0120977	0.03231	0.00673422	0.19483	0.00802836	0.00721694	0.0168424	0.200571	0.110847	0.0975125	0.0461437	0.0556332	0.0333587	0.000361087	0.00087153
137	0.0860324	0.00202918	0.0412393	0.53212	0.00208257	0.00872238	0.0190851	0.00177957	0.101358	0.00238439	0.00120064	0.00870435	0.00992055	0.0736609	0.0501979	0.0289644	0.00900823	0.0200592	0.000312818	0.00113743
138	0.0156906	0.00297742	0.000607273	0.00178106	0.00412936	0.00349203	0.000825122	0.375733	0.00101013	0.0804251	0.00997009	0.00483936	0.00587802	0.00188024	0.00379066	0.0043907	0.0109835	0.470434	0.000163426	0.000998198
139	0.278084	0.033568	0.00122483	0.00796119	0.0211176	0.0268031	0.00457107	0.0819983	0.00318114	0.0600854	0.0831241	0.00498827	0.00139022	0.00251633	0.0215339	0.152681	0.0717402	0.141611	0.000507725	0.00131293
140	0.127786	0.00529277	0.111845	0.251432	0.00265408	0.0395701	0.00973959	0.00243972	0.107186	0.0095316	0.00502449	0.0656226	0.00619893	0.0968703	0.0715673	0.0595875	0.0211341	0.00501495	0.000119063	0.00138473
141	0.377225	0.0243899	0.00151009	0.0345998	0.00220188	0.0163629	0.00225684	0.00283913	0.0727415	0.0133752	0.00223113	0.00288048	0.0356643	0.00251947	0.032712	0.296652	0.0346064	0.0434452	0.000615659	0.00117127
142	0.0260422	0.0172221	0.00755823	0.00236296	0.435855	0.00238083	0.0211387	0.0608865	0.00161754	0.178193	0.0790296	0.00244045	0.00169655	0.0161844	0.00267776	0.0037186	0.00376739	0.0306385	0.0015522	0.105038
143	0.00586663	0.00111083	0.000753134	0.00120337	0.287943	0.0013985	0.0206721	0.0200769	0.00384261	0.017494	0.00485977	0.00107977	0.000724635	0.0146519	0.00904552	0.00897596	0.0153788	0.0080592	0.0335679	0.543295
144	0.0220944	0.0215729	0.0204371	0.0339542	0.135172	0.073102	0.0487732	0.00614021	0.00394505	0.184321	0.0499644	0.0336311	0.0949766	0.0212795	0.00701331	0.0514447	0.00774885	0.0218245	0.00336935	0.159236
145	0.0411696	0.0120443	0.0210623	0.0109176	0.00881927	0.0394494	0.0209203	0.0140528	0.0112909	0.0200903	0.0510863	0.347738	0.0132418	0.0162987	0.0153661	0.261987	0.0613094	0.0227618	0.00418996	0.00620449
146	0.0323702	0.0101601	0.0417782	0.062797	0.00570084	0.0290903	0.0105063	0.00929468	0.0165472	0.0148968	0.00670137	0.0535039	0.00784791	0.0426047	0.0252634	0.315812	0.295748	0.0141853	0.000989872	0.00420132
147	0.00584582	0.00116793	0.000776721	0.00121955	0.299199	0.00142635	0.0199559	0.0191983	0.00375086	0.0173779	0.00462352	0.00117367	0.000776651	0.0141403	0.00883018	0.00855928	0.0145905	0.00771695	0.0311791	0.538492
148	0.323222	0.0128906	0.00276713	0.00378686	0.00273023	0.519333	0.00205934	0.0120637	0.00267883	0.00656825	0.0109285	0.00820346	0.00755912	0.00302965	0.00496591	0.0500011	0.0148198	0.0113406	0.000312907	0.000739489
149	0.0814621	0.00472788	0.0156402	0.0104707	0.00199771	0.784215	0.00170279	0.00272613	0.00508497	0.00429169	0.00131383	0.0200284	0.00232941	0.0050813	0.00768297	0.0289545	0.0138928	0.00665878	0.000198043	0.00154116
150	0.0214947	0.00628009	0.0904484	0.0435129	0.00366044	0.0341763	0.0206149	0.00647133	0.0087909	0.0075702	0.00919466	0.182817	0.0111039	0.0179063	0.0258649	0.344515	0.147287	0.0133489	0.00155887	0.00338366
151	0.157712	0.0261473	0.0071271	0.0154017	0.00504955	0.0148045	0.00599874	0.0213832	0.00735571	0.0105832	0.0062327	0.00823072	0.357303	0.0057993	0.0101665	0.110907	0.191922	0.0346305	0.000907216	0.00233753
152	0.0385959	0.00904174	0.000429035	0.00083477	0.0219217	0.00112429	0.000590843	0.179823	0.00331225	0.0874711	0.0646317	0.000972578	0.000506472	0.000927168	0.00357684	0.00179638	0.0159077	0.567755	0.000195812	0.000586379
153	0.574588	0.0622622	0.000799528	0.00123248	0.00924808	0.0855608	0.0013927	0.0013372	0.00198182	0.00544564	0.00098095	0.00192171	0.000675744	0.00107287	0.0120461	0.21683	0.00872651	0.0131646	0.00020839	0.000525441
154	0.0820781	0.502872	0.00203345	0.00425833	0.034762	0.0578675	0.00330883	0.0225306	0.00379662	0.0258587	0.0949215	0.00401902	0.00283631	0.00639933	0.00502611	0.0850548	0.0284907	0.0309871	0.00102039	0.00187883
155	0.742292	0.00677638	0.000763543	0.00538685	0.00325191	0.00653857	0.00464236	0.0202864	0.00219278	0.007109	0.0045863	0.00587071	0.00177174	0.00585861	0.016667	0.055476	0.0230051	0.0867107	0.000241976	0.00057182
156	0.14669	0.0105347	0.00185026	0.00247219	0.0122967	0.023565	0.00231372	0.181418	0.00683535	0.0379071	0.00956529	0.0111308	0.00246657	0.00504139	0.00326882	0.036986	0.0633665	0.437988	0.000602086	0.00370069
157	0.154018	0.00367562	0.000856112	0.0026102	0.00101966	0.758904	0.000911393	0.00268731	0.00210774	0.00339458	0.00225334	0.00331574	0.00186191	0.00339783	0.00475674	0.0208164	0.0205868	0.0119948	0.000229915	0.000601658
158	0.0579792	0.00289907	0.00196146	0.00364777	0.00446016	0.00386851	0.103454	0.0752516	0.0602765	0.313244	0.0989725	0.0505283	0.00191233	0.052916	0.0195932	0.109682	0.0157981	0.0194497	0.000648179	0.00345775
159	0.427854	0.0134363	0.00416376	0.0796273	0.00394716	0.0263347	0.00471666	0.0052202	0.0636039	0.010693	0.00509209	0.00579266	0.0164615	0.00484901	0.0185743	0.199664	0.0674466	0.039859	0.000839412	0.00182441
160	0.0411201	0.0114066	0.000895082	0.00222208	0.0178523	0.00424166	0.0011509	0.180783	0.00409286	0.11367	0.0493556	0.00378531	0.00472015	0.00314678	0.0041109	0.0165131	0.0615997	0.476873	0.000537302	0.00192369
161	0.00229829	0.00338937	0.000483926	0.00201775	0.0276225	0.00334394	0.000774964	0.0603642	0.00290317	0.779926	0.0748373	0.000996283	0.000465961	0.00096549	0.00228685	0.00495829	0.00485001	0.026609	0.000132852	0.000773856
162	0.027443	0.0048456	0.228778	0.198383	0.00086925	0.0279431	0.0269817	0.00688381	0.0707674	0.0136975	0.00266706	0.158201	0.00742226	0.0627438	0.080216	0.0302709	0.0404598	0.0107002	0.000231371	0.000495182
163	0.0795269	0.00588104	0.000687394	0.00120648	0.0138273	0.00449493	0.000959233	0.168022	0.0107221	0.0127825	0.00527304	0.0204225	0.00142892	0.00381471	0.00152279	0.0190612	0.116164	0.531489	0.000255192	0.00245871
164	0.00910441	0.00300486	0.00166166	0.000712601	0.0266056	0.00105233	0.000700208	0.50098	0.000605472	0.224105	0.0817398	0.000778402	0.000965112	0.000847387	0.00408827	0.0015659	0.0134208	0.117133	0.00135739	0.00957261
165	0.076953	0.00177703	0.0470274	0.518724	0.00198678	0.00754376	0.0186452	0.00162587	0.110157	0.00256701	0.00116822	0.0100499	0.00774391	0.0751461	0.0571574	0.0307322	0.0100985	0.0196863	0.000200204	0.001011
166	0.0642241	0.00493912	0.148554	0.228046	0.0014319	0.034003	0.0193203	0.00539176	0.0930354	0.012477	0.00472354	0.12803	0.0054587	0.0770112	0.083528	0.0460529	0.0361313	0.00679589	0.000173296	0.000672985
167	0.00466441	0.0026931	0.225367	0.69417	0.00266619	0.0104967	0.00186456	0.00223731	0.00223308	0.00320539	0.00199881	0.00213922	0.0013389	0.00349765	0.0176173	0.013032	0.00576264	0.00346128	0.000518729	0.00103473
168	0.0183183	0.00255353	0.049565	0.0253589	0.00488962	0.277864	0.032116	0.00190256	0.176564	0.00337284	0.00262083	0.144338	0.00112218	0.0714641	0.121956	0.0477884	0.007885	0.00278859	0.000497999	0.00703498
169	0.011115	0.0208963	0.0020666	0.0139511	0.0142474	0.00465376	0.00274678	0.0600517	0.00422971	0.655048	0.0856708	0.00347462	0.00373667	0.00385333	0.0156845	0.0110138	0.0599468	0.0258549	0.000558208	0.00120009
170	0.00610559	0.0025668	0.00180248	0.0137851	0.00265016	0.00303095	0.00238144	0.0376656	0.0137164	0.0856295	0.107532	0.00638342	0.00182737	0.602612	0.0351738	0.00517596	0.00453937	0.0653449	0.000742667	0.00133476
171	0.133182	0.00660951	0.0903244	0.323885	0.00233149	0.0380345	0.00843878	0.00277271	0.0956172	0.00814593	0.00409618	0.0391717	0.00893331	0.0999428	0.0568945	0.0572665	0.0143775	0.00729931	0.000136979	0.00253906
172	0.0369687	0.00669575	0.00673382	0.00814322	0.00797331	0.00476136	0.298432	0.00463428	0.0866983	0.0304854	0.00357772	0.246125	0.00259397	0.036574	0.12576	0.0561297	0.00864848	0.0261617	0.0010903	0.00181333
173	0.538812	0.0591487	0.000959769	0.00457808	0.00716788	0.0647296	0.00155985	0.00161493	0.012137	0.0058784	0.00135119	0.00169647	0.00640648	0.00136728	0.0170313	0.242096	0.014341	0.0182457	0.000271134	0.000607128
174	0.0447878	0.0529229	0.00106145	0.0113561	0.0293188	0.0123707	0.0121969	0.199922	0.00141466	0.275625	0.0707193	0.0138201	0.00243333	0.020235	0.0121742	0.0279245	0.0272408	0.181483	0.000318289	0.00267509
175	0.0115921	0.00107148	0.00084902	0.0010536	0.00504855	0.00118702	0.000865327	0.641661	0.00094302	0.0642838	0.0214665	0.00230864	0.00577848	0.00111019	0.0035213	0.00212107	0.00322763	0.230863	0.000353168	0.000694485
176	0.0651275	0.00680216	0.0857976	0.0781366	0.00411663	0.47994	0.00711701	0.00335927	0.039804	0.00653129	0.00394599	0.0759431	0.0069457	0.0305939	0.0413438	0.041301	0.0114029	0.00559246	0.000873141	0.00532614
177	0.0353999	0.0108205	0.63484	0.047886	0.00197051	0.0219424	0.0115665	0.00259139	0.00382268	0.00334156	0.00217323	0.161867	0.00134383	0.0255303	0.00492473	0.0114981	0.01235	0.00468347	0.000522177	0.000925839
178	0.0106274	0.00335679	0.000439447	0.000895178	0.00329199	0.00264863	0.000533971	0.18739	0.00104882	0.0304948	0.00672833	0.00142587	0.00246064	0.0025827	0.00186052	0.00319318	0.0176926	0.722946	0.000148094	0.000234875
179	0.11608	0.0711153	0.0525299	0.0203998	0.00889257	0.443579	0.042274	0.00959563	0.0115627	0.0171559	0.00703718	0.0763439	0.00709041	0.0157385	0.0189309	0.0332548	0.0244737	0.014858	0.00296316	0.00612504
180	0.072525	0.0285958	0.043177	0.0372744	0.01835	0.00810846	0.0510182	0.072332	0.0605544	0.0319857	0.0405298	0.030247	0.0295697	0.0928634	0.0569275	0.140166	0.10921	0.047536	0.000393489	0.0286362
181	0.0815712	0.00330434	0.00544403	0.00339478	0.00076976	0.840705	0.00118186	0.00187101	0.00262945	0.00298553	0.000736177	0.00819246	0.000992414	0.00325755	0.00409625	0.0181549	0.0127762	0.00716724	0.000140771	0.000628841
182	0.00163709	0.00303657	0.000466158	0.00216542	0.0252693	0.0029609	0.000630651	0.0511279	0.00273725	0.79939	0.0743816	0.000865697	0.000481578	0.000839558	0.00239347	0.00422253	0.00487995	0.0218808	0.000123448	0.000510448
183	0.0262233	0.0174144	0.00748345	0.00244208	0.434564	0.00236963	0.0211671	0.0607343	0.00161641	0.178243	0.0790029	0.00244149	0.00174321	0.0162333	0.00265408	0.00373402	0.00398067	0.0312023	0.00164444	0.105107
184	0.0124596	0.00397673	0.00254111	0.00055303	0.0411142	0.00100291	0.000486561	0.412995	0.000513951	0.263279	0.0825784	0.000599351	0.000462019	0.000723474	0.00196635	0.00119631	0.0205358	0.139287	0.00236435	0.0113659
185	0.110425	0.00497885	0.00119791	0.00254621	0.000846934	0.814816	0.00133347	0.00219511	0.00225008	0.00322909	0.00154926	0.00354877	0.00118881	0.00303417	0.00332534	0.0225182	0.0131271	0.00743666	0.000132656	0.000320735
186	0.0381089	0.00890122	0.000425457	0.000826926	0.0226958	0.00107629	0.000546295	0.184223	0.00339758	0.0856551	0.0637941	0.000956575	0.000515207	0.000848731	0.00366714	0.00165056	0.0155194	0.566416	0.000203463	0.000572642
187	0.00466441	0.0026931	0.225367	0.69417	0.00266619	0.0104967	0.00186456	0.00223731	0.00223308	0.00320539	0.00199881	0.00213922	0.0013389	0.00349765	0.0176173	0.013032	0.00576264	0.00346128	0.000518729	0.00103473
188	0.00206441	0.002889	0.000556492	0.00138519	0.0407053	0.00416269	0.000675984	0.0916586	0.00381378	0.73181	0.0708899	0.00091825	0.000534844	0.000879799	0.00162437	0.00369693	0.00415168	0.0355486	0.000152177	0.00188248
189	0.012465	0.00320238	0.000394803	0.00100067	0.00372876	0.00374627	0.000556502	0.195121	0.00111994	0.0369389	0.00607051	0.00209933	0.00247085	0.00311206	0.00189376	0.00391499	0.0195919	0.701877	0.000155687	0.000540077
190	0.00875459	0.0129928	0.00766337	0.0170714	0.046622	0.25686	0.103462	0.00301108	0.104874	0.0156253	0.0132174	0.0910774	0.00156277	0.0432889	0.2171	0.0321175	0.005732	0.0046797	0.00087315	0.013415
