342	20
1	0.0252023	0.031274	0.0127105	0.0151678	0.10263	0.0202482	0.126502	0.0266946	0.0305829	0.129954	0.0164217	0.0209641	0.0102436	0.0280554	0.0599946	0.054242	0.0221482	0.0245474	0.00244381	0.239973
2	0.0417291	0.00165467	0.128747	0.506183	0.00102609	0.0383579	0.0238721	0.0041817	0.0405673	0.0139956	0.00245446	0.0237134	0.00444823	0.113582	0.0224282	0.0209774	0.00437066	0.00417601	0.000628722	0.00290667
3	0.0107727	0.00241473	0.006235	0.0190704	0.0346822	0.00698091	0.00325977	0.145996	0.00742001	0.0270814	0.00541829	0.00458835	0.0174689	0.00440549	0.00486537	0.00884032	0.00858168	0.675553	0.000799382	0.00556655
4	0.0160023	0.00172893	0.00499772	0.0101958	0.0214062	0.00665839	0.00240152	0.19161	0.0222043	0.341562	0.147572	0.00453075	0.00173482	0.00544534	0.0111152	0.00707451	0.0224533	0.178734	0.000782301	0.00179072
5	0.0434321	0.00530203	0.173548	0.427144	0.00494342	0.0781247	0.0155809	0.00773053	0.0311731	0.0122466	0.00586826	0.038921	0.010087	0.0569608	0.0126086	0.0372919	0.0167937	0.0160522	0.000589847	0.00560166
6	0.0387661	0.00544788	0.109419	0.342291	0.00443322	0.0371289	0.0195127	0.0111506	0.0596895	0.0314651	0.00605854	0.0288592	0.00799898	0.166474	0.072439	0.0293282	0.012752	0.0100036	0.00291182	0.00387059
7	0.00401135	0.0012808	0.00224384	0.00352764	0.00547214	0.0175468	0.00174669	0.654974	0.00399023	0.0502741	0.0332163	0.00257691	0.00185277	0.00462248	0.00251137	0.00406383	0.0152875	0.188612	0.000524209	0.00166494
8	0.0511215	0.0186763	0.0324362	0.0420797	0.0123042	0.154088	0.0209516	0.0224218	0.135352	0.0349983	0.0145091	0.0459989	0.0193845	0.0571362	0.145752	0.0939972	0.0571644	0.0202878	0.00643435	0.014906
9	0.00731191	0.00412901	0.00649835	0.00671257	0.000601157	0.00907707	0.00611047	0.00132208	0.535231	0.00168826	0.00945773	0.0238843	0.00106715	0.0152908	0.333424	0.00919926	0.019392	0.00497879	0.00391933	0.000704797
10	0.141724	0.0110263	0.0236052	0.0156583	0.0036283	0.451297	0.00551053	0.00847181	0.00909009	0.0138477	0.0118373	0.0179606	0.0162321	0.00621485	0.00829968	0.144414	0.0893052	0.0142675	0.00197771	0.00563253
11	0.362563	0.00927086	0.00831771	0.00685006	0.00176594	0.0281675	0.0022811	0.00789936	0.00902942	0.0108033	0.0116249	0.0162485	0.0344078	0.00404068	0.0254348	0.311322	0.127219	0.0173627	0.000602847	0.00478821
12	0.152736	0.0143941	0.088684	0.0853546	0.0197551	0.0416358	0.0202685	0.0422131	0.0506349	0.0752306	0.0387191	0.0454201	0.0300848	0.0336193	0.0369037	0.0822183	0.0611686	0.0693826	0.00194221	0.00963478
13	0.0217014	0.0235822	0.00489738	0.00921254	0.15127	0.0142767	0.146128	0.0425881	0.00297829	0.210893	0.0152356	0.00993981	0.00555608	0.0214055	0.0303305	0.0322657	0.00928194	0.0211739	0.00112321	0.226161
14	0.0136969	0.00183466	0.00367549	0.00676124	0.038105	0.00578847	0.00233249	0.17042	0.0109262	0.480479	0.0775745	0.00405868	0.00193205	0.00936482	0.00756529	0.00774475	0.0129634	0.136132	0.000924451	0.00772006
15	0.0631412	0.0162846	0.0357273	0.0425214	0.0225684	0.0259473	0.0204472	0.0850211	0.0876193	0.0881216	0.0549751	0.0363488	0.0241198	0.02422	0.0965486	0.0559334	0.045129	0.156396	0.00674125	0.012189
16	0.0568871	0.011179	0.0240461	0.0173769	0.00751954	0.0135515	0.0563013	0.131631	0.128945	0.0933988	0.0657815	0.0594137	0.0122065	0.0208301	0.070462	0.0405648	0.0437837	0.135444	0.00226076	0.00841707
17	0.0377119	0.011496	0.061217	0.0290361	0.0129534	0.0411622	0.203733	0.0154205	0.0516514	0.0300859	0.0129094	0.121781	0.111658	0.038234	0.0297335	0.108252	0.0390035	0.0252376	0.00446631	0.0142575
18	0.0070461	0.00415996	0.00700537	0.00682466	0.000554047	0.00762882	0.00605258	0.00123833	0.561421	0.00148512	0.00843244	0.0222193	0.00103458	0.0142009	0.314359	0.00873121	0.0183057	0.00459455	0.00399	0.000717107
19	0.103018	0.0125012	0.00414274	0.016119	0.0961575	0.0333505	0.0530383	0.0822606	0.00717474	0.170296	0.0164836	0.0129076	0.016852	0.0440517	0.0254349	0.131044	0.0661876	0.0792237	0.00119953	0.0285574
20	0.0365623	0.00392528	0.194114	0.488061	0.00372759	0.0404208	0.0148626	0.00506744	0.0291031	0.00987891	0.00236183	0.0387373	0.0131676	0.0627385	0.00740517	0.0225544	0.00850594	0.0131876	0.000396999	0.00522124
21	0.00764559	0.00581138	0.013019	0.00684837	0.00103103	0.0196858	0.0106748	0.00233125	0.44574	0.00242802	0.00788858	0.0738095	0.00214949	0.0319575	0.297235	0.0305671	0.032455	0.00511694	0.00244437	0.00116207
22	0.0101392	0.00944078	0.0196033	0.0109706	0.00199608	0.0344496	0.0151945	0.00576639	0.366375	0.0067554	0.00731219	0.0987317	0.00861117	0.0384362	0.240183	0.0647081	0.0486315	0.00779776	0.00195119	0.00294633
23	0.0278845	0.0408904	0.0133155	0.016209	0.108391	0.0190268	0.146461	0.0235413	0.00884472	0.135454	0.012801	0.0154481	0.00620041	0.0246463	0.0243496	0.0454476	0.0172631	0.0191371	0.00137923	0.293309
24	0.237515	0.0102792	0.0232413	0.0275309	0.0184463	0.0206716	0.0140046	0.0693845	0.0305166	0.074337	0.0438446	0.0252088	0.0288324	0.0150631	0.0226161	0.0853744	0.0848128	0.155852	0.00331347	0.00915589
25	0.015796	0.00259088	0.00495198	0.00964612	0.0225444	0.00730757	0.00228074	0.176321	0.0241094	0.32253	0.211703	0.00559145	0.00250576	0.00528792	0.0114991	0.00868033	0.0202624	0.14361	0.000614132	0.00216788
26	0.0145082	0.00715342	0.0183501	0.0251993	0.00390395	0.0189294	0.0104279	0.019325	0.445529	0.0205187	0.0192122	0.0339004	0.00656755	0.027661	0.243396	0.0278348	0.0275125	0.0232765	0.0042222	0.00257206
27	0.00839876	0.00420725	0.00795314	0.00964264	0.0010056	0.00884071	0.00650266	0.00303671	0.549966	0.00400659	0.00884643	0.0241336	0.00224541	0.018156	0.300249	0.0124216	0.0188084	0.00613205	0.00406153	0.00138589
28	0.00822701	0.00218324	0.00388229	0.00466887	0.00715828	0.0140674	0.00279198	0.59206	0.00881191	0.0639422	0.0378005	0.00568462	0.00295779	0.00585373	0.00418703	0.00773958	0.0170439	0.207791	0.000504105	0.00264454
29	0.0465492	0.0627338	0.040012	0.0352556	0.0133075	0.0403969	0.0169429	0.0209887	0.0789661	0.0374885	0.0151035	0.0589859	0.0669158	0.0299107	0.131521	0.181627	0.0767026	0.0276322	0.00748195	0.0114786
30	0.0130531	0.00220581	0.00264232	0.00532329	0.0487003	0.00557037	0.00549132	0.121254	0.00817833	0.556039	0.0624095	0.00308222	0.00279174	0.0117292	0.00712736	0.010702	0.0111483	0.107401	0.00127205	0.0138784
31	0.585066	0.00351536	0.00362999	0.00406887	0.00138628	0.00469258	0.00171591	0.00523756	0.00278679	0.0150566	0.0158702	0.00338111	0.00782874	0.00250113	0.0143106	0.147532	0.141524	0.0339432	0.000458842	0.00549415
32	0.0135166	0.0087114	0.0203876	0.0204925	0.00393074	0.0201331	0.0293433	0.00930586	0.394187	0.0156131	0.00917995	0.0468733	0.00941424	0.0432825	0.262886	0.0425863	0.0294901	0.0123866	0.00325368	0.00502586
33	0.0282642	0.0111967	0.0323927	0.0703377	0.0150834	0.0273512	0.0624013	0.0178201	0.105486	0.0620032	0.0115628	0.0327638	0.0113165	0.221347	0.180925	0.0401155	0.0227363	0.011722	0.0111714	0.024003
34	0.0748358	0.0277431	0.0185968	0.0169212	0.00562491	0.0481345	0.00997217	0.0170307	0.0282011	0.034301	0.0452936	0.0709816	0.0379116	0.0155423	0.0228046	0.33892	0.146002	0.0302726	0.00204271	0.00886737
35	0.0213869	0.00154717	0.297742	0.482046	0.000681211	0.0468326	0.00861255	0.00162677	0.0117651	0.00263837	0.00126353	0.0511725	0.00429933	0.0378704	0.00133885	0.00684331	0.00305635	0.0105138	0.000400224	0.00836289
36	0.00840735	0.00497365	0.00827927	0.00746994	0.00074972	0.0127103	0.00764785	0.00232591	0.489367	0.00400012	0.0095342	0.0334107	0.00413235	0.020343	0.330006	0.0185411	0.0272039	0.00609649	0.00355526	0.00124587
37	0.0389931	0.2698	0.0040397	0.00474783	0.0495591	0.0498575	0.00528242	0.0124437	0.00542674	0.0717329	0.00609632	0.0103423	0.00768876	0.0154741	0.0138475	0.28848	0.102862	0.0153733	0.000889749	0.0270633
38	0.0316815	0.0200371	0.0441715	0.0967142	0.00822227	0.029197	0.0175868	0.0157166	0.17543	0.0445731	0.010401	0.0336919	0.0118224	0.172717	0.193841	0.0460687	0.0246218	0.017465	0.00397023	0.00207072
39	0.0219129	0.0119112	0.0141803	0.0377099	0.00725115	0.0187275	0.0174625	0.0173901	0.0343091	0.164407	0.0155555	0.0167147	0.0457033	0.175434	0.18676	0.0268648	0.0193655	0.0154114	0.146099	0.00682958
40	0.188488	0.01963	0.0193496	0.0198821	0.0138324	0.0424522	0.00953111	0.0507066	0.0162721	0.0387831	0.0196032	0.0282764	0.0537636	0.0113203	0.0178206	0.24225	0.153032	0.0442692	0.00125251	0.00948462
41	0.394173	0.0102716	0.0225554	0.0275941	0.00904637	0.0385757	0.00811872	0.0205264	0.021059	0.0337167	0.0248851	0.0203046	0.0241825	0.0144581	0.0238794	0.154951	0.0987406	0.0424773	0.00282148	0.00766286
42	0.0099894	0.0347004	0.00626064	0.00824408	0.135953	0.013313	0.198375	0.0248953	0.00215295	0.171144	0.0144507	0.0105372	0.00209924	0.0228842	0.0223773	0.0208873	0.00376142	0.0126875	0.000817077	0.284471
43	0.0209944	0.0070032	0.00792484	0.020967	0.0504036	0.0138035	0.0201353	0.0598017	0.0201339	0.450348	0.0265782	0.010066	0.0163403	0.084222	0.0470659	0.0265453	0.0164192	0.0486355	0.0232586	0.0293532
44	0.0427666	0.00566487	0.176758	0.432426	0.00648035	0.0434468	0.014856	0.00989954	0.0392796	0.0157624	0.0069034	0.0397294	0.0106283	0.0589428	0.0189875	0.0330084	0.0154787	0.021295	0.00138987	0.00629695
45	0.0320929	0.00699447	0.0140336	0.0167095	0.0152903	0.012211	0.00779179	0.163377	0.0594517	0.201088	0.2168	0.0158372	0.00724198	0.0166629	0.0260725	0.0221856	0.0331277	0.129151	0.000999698	0.00288146
46	0.0612014	0.00940938	0.14198	0.369956	0.0125129	0.0397461	0.020245	0.0130985	0.0535728	0.0204458	0.00334195	0.0461458	0.0205866	0.0658091	0.0201843	0.0504533	0.0192041	0.0293735	0.000239083	0.00249492
47	0.0520443	0.046356	0.0167089	0.0248134	0.0522759	0.03736	0.0249118	0.053485	0.0219087	0.253607	0.034298	0.0211008	0.0243745	0.0217832	0.0255431	0.141139	0.056264	0.0594515	0.00374826	0.0288267
48	0.0152898	0.00191053	0.00438226	0.00834977	0.0222448	0.00783591	0.0018993	0.229297	0.0214018	0.308901	0.158904	0.00457715	0.00169375	0.00442132	0.010839	0.0069553	0.0203716	0.168852	0.000596296	0.00127821
49	0.588767	0.00245712	0.00242809	0.00477573	0.00116183	0.00777238	0.00161689	0.00285546	0.00278381	0.0133807	0.0145997	0.00322155	0.00464518	0.0021464	0.0178647	0.175526	0.119694	0.0280268	0.000444942	0.00583147
50	0.01008	0.0121568	0.0207031	0.0116558	0.00122297	0.0385357	0.0153664	0.00835856	0.295489	0.0104626	0.00689044	0.107013	0.0156833	0.0351056	0.230791	0.094042	0.0714459	0.00960347	0.0013699	0.00402444
51	0.0231395	0.00251592	0.0042676	0.00687882	0.0371485	0.00857052	0.00223197	0.176308	0.0168517	0.386995	0.131572	0.00477012	0.0019199	0.00661848	0.00852856	0.00814247	0.0164835	0.152774	0.000697792	0.00358612
52	0.0103518	0.0139785	0.0346205	0.0103535	0.00266747	0.0441158	0.0370099	0.0100163	0.227961	0.010424	0.00621899	0.149087	0.0155969	0.0678007	0.15354	0.119968	0.0680872	0.0101403	0.001351	0.00671098
53	0.00457328	0.00330081	0.0438455	0.010341	0.00167436	0.0145692	0.0701007	0.0261954	0.0251595	0.00413843	0.00294573	0.524409	0.00389197	0.00487332	0.00379686	0.210138	0.0398177	0.00368677	0.000833843	0.00170903
54	0.0717183	0.00375473	0.010102	0.0133127	0.00366425	0.0132494	0.0247991	0.0124954	0.00887203	0.0207569	0.0105957	0.0115615	0.583493	0.0301557	0.0108656	0.1055	0.0364068	0.0231572	0.00289484	0.00264442
55	0.00857532	0.0356274	0.00794572	0.00685331	0.130182	0.0120873	0.185884	0.0196602	0.00295044	0.125609	0.0119151	0.00862153	0.00187581	0.0250106	0.0212441	0.0215968	0.00355496	0.0124361	0.000857513	0.357513
56	0.00545852	0.0013943	0.0026598	0.00387892	0.00720733	0.0139243	0.00176542	0.610897	0.00729874	0.079649	0.0537903	0.00286935	0.0014055	0.00436409	0.00442733	0.00416349	0.0183151	0.174974	0.000417212	0.00113954
57	0.019691	0.00447664	0.00391676	0.0114814	0.0662711	0.00872187	0.0135855	0.117256	0.00830833	0.345919	0.0529617	0.00534283	0.00775045	0.0110349	0.00910387	0.0205431	0.0140436	0.256114	0.000967173	0.0225102
58	0.0426583	0.000964839	0.14601	0.564037	0.000801431	0.0382202	0.0212548	0.00176349	0.0326238	0.00586141	0.00132864	0.0255158	0.0036457	0.084364	0.00129741	0.019512	0.00246115	0.00401721	0.000276124	0.00338635
59	0.0085277	0.0373846	0.00793139	0.00690928	0.129033	0.0120607	0.187719	0.0196916	0.00231301	0.128135	0.0119249	0.00876035	0.00191146	0.0252876	0.0207298	0.0214947	0.00345351	0.0119894	0.000857142	0.353886
60	0.00840558	0.00463225	0.00704132	0.0137091	0.00102008	0.00781105	0.00611498	0.00202595	0.552803	0.00468666	0.00823786	0.0192823	0.00125992	0.0238112	0.302251	0.00982073	0.0163923	0.0046631	0.00511849	0.000912829
61	0.0243951	0.00130198	0.274097	0.501117	0.000646663	0.0445316	0.00990781	0.00157924	0.0146887	0.00316544	0.00126992	0.0445894	0.00427293	0.0439908	0.00205017	0.00871156	0.002805	0.00900566	0.000217046	0.00765666
62	0.228913	0.0221574	0.0188875	0.0233708	0.00197645	0.10354	0.00383221	0.00944874	0.0189812	0.00620421	0.0102981	0.0298653	0.0446916	0.00865671	0.0102681	0.381452	0.0615258	0.00604771	0.00178926	0.00809322
63	0.0341241	0.0149107	0.0172881	0.0217653	0.0131192	0.0340337	0.0204247	0.0248864	0.046943	0.1331	0.0218928	0.0237951	0.0511056	0.0714177	0.103353	0.0482192	0.0333806	0.0275087	0.245866	0.0128659
64	0.0199454	0.00323749	0.00651994	0.00950265	0.0185283	0.0118986	0.00412739	0.353085	0.0143162	0.117836	0.0551506	0.00720267	0.0082629	0.00653725	0.00838265	0.013447	0.0208396	0.316487	0.000694588	0.00399945
65	0.0237691	0.00117637	0.274062	0.505813	0.000631133	0.0448437	0.00952449	0.00151043	0.0142971	0.0028418	0.00117783	0.0442935	0.0041518	0.0425219	0.00116367	0.00819045	0.00268011	0.0091227	0.000337328	0.00789136
66	0.0278442	0.0116938	0.0431408	0.0770146	0.00878256	0.0294959	0.0139324	0.0154039	0.279186	0.0268995	0.00875818	0.0576045	0.017778	0.0675474	0.182533	0.0642821	0.0382462	0.0243454	0.00239915	0.00311248
67	0.0540218	0.00216113	0.185203	0.422517	0.00178177	0.14361	0.0134994	0.00284339	0.0219964	0.00624111	0.00183424	0.0340517	0.00564467	0.0537815	0.00327281	0.0239848	0.00996903	0.00810315	0.000383545	0.00510001
68	0.0155365	0.226509	0.00591272	0.00624027	0.102962	0.0188344	0.102253	0.0166122	0.00372104	0.102853	0.00883497	0.00812751	0.00449139	0.0198233	0.0145608	0.100939	0.0211842	0.0116406	0.0010805	0.207884
69	0.0159623	0.00336141	0.00528334	0.00955675	0.0335436	0.0122363	0.00724584	0.383211	0.0103902	0.162489	0.0589083	0.00526126	0.00561716	0.00695755	0.00810441	0.013717	0.0167251	0.230084	0.00147097	0.00987568
70	0.0108438	0.00243219	0.0063149	0.0190146	0.0346687	0.00704726	0.00328848	0.145772	0.00735725	0.0258617	0.00479544	0.00459796	0.0176341	0.00442857	0.00485049	0.00886287	0.00854038	0.677182	0.000800729	0.00570665
71	0.227569	0.00867509	0.0247922	0.0225058	0.00710512	0.026457	0.00989594	0.077765	0.01654	0.0289386	0.0303157	0.0231888	0.058577	0.0117693	0.0148822	0.1059	0.223272	0.0749031	0.00186846	0.00508089
72	0.091959	0.0128967	0.0661784	0.0479487	0.0119136	0.265508	0.0133941	0.0171213	0.0338307	0.0440984	0.0273116	0.0541739	0.0272787	0.0138331	0.020835	0.137331	0.0513539	0.0524378	0.0036956	0.00690106
73	0.0119523	0.0303751	0.0295106	0.00868813	0.0924435	0.0195888	0.224841	0.0163432	0.0131307	0.0963833	0.0114881	0.0273644	0.0057396	0.0310232	0.0192721	0.030836	0.0082667	0.0133839	0.00147728	0.307892
74	0.0253252	0.350775	0.00545359	0.00576946	0.0574703	0.0338228	0.0246636	0.0109911	0.0072749	0.0636877	0.00565626	0.0107235	0.00778276	0.0170806	0.0110913	0.213674	0.0561589	0.0131867	0.00112471	0.078288
75	0.0454166	0.00109523	0.136783	0.562067	0.0010021	0.0372731	0.0214533	0.00227383	0.0355355	0.0067086	0.00153967	0.0247511	0.00387384	0.0869205	0.00201055	0.0201206	0.0030835	0.00429324	0.000352603	0.00344635
76	0.106107	0.00751232	0.0973927	0.181969	0.00583522	0.316252	0.0106601	0.00909507	0.0230441	0.0145949	0.00872825	0.0286582	0.0136129	0.0285045	0.011515	0.0770718	0.0362988	0.0177823	0.00104267	0.00432301
77	0.598948	0.00452505	0.00208749	0.0028264	0.00200391	0.00355207	0.0018049	0.00313197	0.001959	0.018051	0.015389	0.0027253	0.00404212	0.00224429	0.0147058	0.149722	0.133463	0.0324057	0.000418211	0.00599499
78	0.0425814	0.000987959	0.151911	0.558981	0.000793451	0.0392706	0.0203119	0.00167248	0.0322679	0.00551215	0.00129666	0.0267041	0.00376949	0.0835752	0.00121585	0.0189361	0.00235999	0.00404432	0.000261858	0.00354612
79	0.102265	0.0102046	0.0224508	0.0075264	0.00577655	0.00973564	0.0153282	0.165032	0.0710565	0.0950286	0.128095	0.0357085	0.00516584	0.015124	0.0352904	0.0305324	0.0630347	0.177749	0.000447996	0.0044485
80	0.00738667	0.00142757	0.00331076	0.00462224	0.00751526	0.013355	0.00195719	0.591812	0.00895257	0.0792944	0.0562714	0.00376169	0.00191846	0.0043965	0.00480679	0.00483878	0.0167732	0.185672	0.000446637	0.00148115
81	0.00713524	0.00394334	0.00621842	0.00769155	0.000534176	0.00686957	0.00537795	0.00136686	0.576291	0.00177462	0.00846731	0.0188814	0.000927727	0.0133073	0.307442	0.00793471	0.0164321	0.00437144	0.00434705	0.00068589
82	0.00693936	0.00391326	0.00596574	0.00695587	0.000522608	0.00659202	0.00522493	0.00115846	0.581275	0.00144542	0.00830806	0.01887	0.000876007	0.0117846	0.306567	0.0077522	0.0164064	0.00436363	0.00439287	0.000686325
83	0.609026	0.00115852	0.0026569	0.00331783	0.00101341	0.0026647	0.00151396	0.00310999	0.0018115	0.0139933	0.0166989	0.00216446	0.00438308	0.00181276	0.0147545	0.14385	0.134688	0.0357884	0.000404158	0.00519088
84	0.0198456	0.0336095	0.0424478	0.0204489	0.00451259	0.0456004	0.030391	0.0142355	0.142622	0.0183496	0.00725885	0.142196	0.0351437	0.0284502	0.120786	0.176227	0.089652	0.0172898	0.00268292	0.00825141
85	0.0946508	0.0126531	0.0572774	0.0244381	0.00371206	0.433754	0.011353	0.00747329	0.0202011	0.014313	0.00671379	0.0387827	0.0163979	0.00865778	0.0129614	0.155046	0.0555836	0.0142571	0.00434094	0.00743298
86	0.122652	0.00981572	0.026717	0.00997302	0.00438933	0.0126234	0.0185897	0.152072	0.0653169	0.0697453	0.110514	0.0408325	0.0103125	0.0173608	0.0274232	0.0441491	0.0788808	0.172853	0.000693136	0.00508673
87	0.00907753	0.0256919	0.00547295	0.0114551	0.141554	0.0151701	0.166139	0.0260398	0.00268985	0.228067	0.0195631	0.0130465	0.00208101	0.0191751	0.0220279	0.0169582	0.00399903	0.0124271	0.000713078	0.258651
88	0.0620855	0.0196488	0.00541087	0.013072	0.124462	0.0211512	0.041187	0.0674649	0.00701922	0.314143	0.03068	0.0114293	0.0133554	0.0200853	0.0186071	0.0735981	0.0325462	0.0615812	0.00394467	0.0585281
89	0.0606339	0.00144469	0.00207629	0.00250003	0.0012339	0.00331207	0.025887	0.00233527	0.00201636	0.00399665	0.00225406	0.00304491	0.710293	0.0329328	0.00244798	0.105402	0.021508	0.0148426	0.000641009	0.00119758
90	0.0420376	0.00422736	0.16725	0.449442	0.00474552	0.0418385	0.0157462	0.00978299	0.0338573	0.0174405	0.00780452	0.0416408	0.0136026	0.0626066	0.0135688	0.0333629	0.0137708	0.0198238	0.000795807	0.00665594
91	0.0430125	0.00822589	0.115194	0.386454	0.00759467	0.0380528	0.0202377	0.0130367	0.078454	0.0209136	0.00583833	0.0366478	0.0135676	0.0849002	0.0466332	0.038658	0.0178886	0.0193544	0.00118139	0.00415492
92	0.00765529	0.00450897	0.00636352	0.00648582	0.000805034	0.00843033	0.00635006	0.00134068	0.534407	0.00165973	0.0108848	0.0223911	0.00126326	0.0145696	0.335852	0.00886196	0.0186172	0.00498296	0.00383363	0.000737198
93	0.0118271	0.00150869	0.00300319	0.00783072	0.025553	0.00673874	0.00170787	0.209014	0.0117953	0.363054	0.0984892	0.00295054	0.00247365	0.00628105	0.00606239	0.0065648	0.01455	0.216605	0.000782955	0.003208
94	0.0289618	0.375455	0.00330178	0.00485361	0.0569255	0.0363258	0.00711104	0.0113335	0.0052934	0.0669112	0.00543217	0.00886488	0.00703234	0.0135929	0.00963721	0.249903	0.0663239	0.0129127	0.00095563	0.0288725
95	0.00864805	0.00394057	0.00760482	0.00647047	0.000686557	0.0106747	0.00713795	0.00158734	0.51343	0.00178343	0.0102648	0.0324337	0.00118586	0.020457	0.329155	0.0117725	0.0222079	0.00629192	0.0033696	0.000897127
96	0.0246262	0.0137057	0.0127351	0.0181905	0.0166671	0.0222951	0.0196984	0.0292452	0.0184333	0.202277	0.0232265	0.0170461	0.0565744	0.0736583	0.0996803	0.033946	0.0269753	0.0308432	0.24755	0.0126263
97	0.0123138	0.00185566	0.00246108	0.00476764	0.0658165	0.00535565	0.00517067	0.11338	0.00744326	0.551995	0.0883247	0.00325596	0.00266566	0.0093846	0.00704785	0.0072413	0.00845249	0.0850825	0.000649708	0.0173358
98	0.418078	0.00330358	0.0165377	0.0139562	0.00333853	0.0114018	0.00593917	0.0325994	0.00770452	0.0192145	0.0258512	0.0129808	0.0362613	0.00495235	0.0109166	0.101188	0.175679	0.0946059	0.000641126	0.00485077
99	0.0379199	0.017537	0.0622947	0.148038	0.014831	0.0367886	0.0329418	0.0221065	0.0782393	0.0766434	0.0120474	0.0322482	0.0271101	0.163024	0.102359	0.0597444	0.0278626	0.0210638	0.0102752	0.0169244
100	0.00811161	0.00110956	0.00150952	0.00342865	0.0554149	0.00359848	0.00265749	0.109535	0.00366373	0.638658	0.0453524	0.0019564	0.00216363	0.0118986	0.00563503	0.00537528	0.00557997	0.0772999	0.000742455	0.01631
101	0.0245175	0.0123487	0.00436577	0.00861901	0.0557557	0.0103157	0.0190023	0.0912151	0.0085385	0.507085	0.0484978	0.0075547	0.00777787	0.0174241	0.0134344	0.034447	0.0190025	0.0735587	0.00490604	0.0316331
102	0.0139075	0.00192012	0.0045408	0.00913422	0.0241729	0.00667315	0.00206922	0.180349	0.019308	0.371923	0.161556	0.00399451	0.00333802	0.00573559	0.0106585	0.00830149	0.0211129	0.148277	0.0010917	0.00193646
103	0.14134	0.0124093	0.031408	0.0294177	0.00511921	0.461593	0.00992334	0.0107346	0.0116867	0.0150096	0.0108061	0.0196601	0.0126214	0.0105246	0.00953472	0.112677	0.0706942	0.0157205	0.00322826	0.00589126
104	0.00933105	0.00118834	0.00161832	0.00450113	0.0443205	0.00429301	0.00146328	0.124458	0.0061081	0.577158	0.0630822	0.00190333	0.00179826	0.0108521	0.00491831	0.00550815	0.00777163	0.119254	0.00090649	0.00956696
105	0.0232961	0.00143289	0.285638	0.490456	0.000659115	0.0454595	0.00937669	0.00159903	0.0132225	0.00285076	0.00125632	0.0493153	0.00432129	0.0414939	0.00129628	0.00765316	0.00286747	0.00964939	0.000314011	0.00784269
106	0.0100999	0.0345258	0.00856645	0.00725941	0.123272	0.0127546	0.190821	0.0195907	0.00282086	0.129911	0.0125264	0.0101798	0.00345436	0.0257466	0.0205311	0.0235753	0.00467212	0.0127013	0.000801263	0.34619
107	0.0147955	0.0066426	0.00447365	0.00804125	0.064516	0.00812384	0.011983	0.0929328	0.00784402	0.556306	0.0471991	0.00634706	0.00673067	0.0157149	0.0134228	0.0179592	0.0122762	0.0710009	0.00459083	0.0291
108	0.0330484	0.0204349	0.0367628	0.0327887	0.057825	0.0287169	0.229734	0.0232291	0.0369098	0.081175	0.0154957	0.0575803	0.0352406	0.0445839	0.0320168	0.0587125	0.0250265	0.0262716	0.00375818	0.12069
109	0.0993417	0.0404996	0.0119802	0.016954	0.012081	0.0703688	0.00667032	0.0188383	0.0298156	0.0788572	0.0651518	0.0392609	0.0149916	0.0229053	0.011467	0.295997	0.0880543	0.0644271	0.00111389	0.0112247
110	0.00390533	0.00289214	0.0454376	0.0103051	0.00135672	0.0139303	0.0548762	0.0277798	0.0249508	0.00333227	0.00249963	0.542803	0.00309206	0.00327402	0.00289646	0.210263	0.0412336	0.00307612	0.000649931	0.00144548
111	0.0285336	0.0254045	0.0134463	0.0188505	0.130656	0.0194153	0.173931	0.0305905	0.0167814	0.138791	0.0166759	0.0198049	0.0119003	0.0277219	0.0506528	0.0415241	0.0163901	0.0270073	0.00395101	0.187971
112	0.00852629	0.00200613	0.00304071	0.00622783	0.0107396	0.0129071	0.00262253	0.531988	0.0071961	0.059512	0.0356346	0.00436861	0.00399718	0.00478494	0.00422625	0.00628117	0.0148839	0.278172	0.000514803	0.00237028
113	0.0103054	0.00139636	0.00201524	0.0042116	0.0480856	0.00430119	0.00326156	0.133498	0.00583025	0.578214	0.0519658	0.00244118	0.00212977	0.0158255	0.0059742	0.00668349	0.00797959	0.102683	0.00139771	0.0118
114	0.0291809	0.0224816	0.0386049	0.0352559	0.0567417	0.0281953	0.231363	0.0240977	0.0392117	0.0832265	0.0161599	0.0630377	0.0298452	0.0450209	0.0324304	0.0551801	0.0203277	0.0266534	0.00476511	0.11822
115	0.0373504	0.0697397	0.0204562	0.0293122	0.0163598	0.0305506	0.0236948	0.0423103	0.10944	0.0654744	0.0795878	0.0310703	0.0239381	0.0439282	0.180168	0.0747613	0.047005	0.0450208	0.00947393	0.0203588
116	0.0518556	0.00901235	0.208287	0.285192	0.00829099	0.058309	0.0212427	0.0191186	0.0360862	0.0214659	0.00789498	0.0631569	0.0205489	0.0384204	0.0202134	0.0595489	0.0318178	0.028828	0.00153614	0.00917444
117	0.0126474	0.0018736	0.00388509	0.00870921	0.0254311	0.00716448	0.0028335	0.21152	0.0138897	0.334279	0.0905603	0.00397282	0.00362297	0.00715358	0.00764715	0.00745122	0.0156137	0.236495	0.00158031	0.00366882
118	0.0271588	0.0113416	0.0224235	0.0214624	0.00494538	0.0273711	0.0143119	0.0180747	0.368448	0.0188218	0.0162128	0.0514789	0.0140345	0.0296544	0.208563	0.0586527	0.0550465	0.0226774	0.00442428	0.00489639
119	0.0338645	0.263077	0.0138007	0.014576	0.0564294	0.0363196	0.0284618	0.02446	0.0142125	0.110803	0.0143525	0.0149871	0.0123298	0.0204311	0.0218325	0.176432	0.0566686	0.0266531	0.00485746	0.0554516
120	0.0490175	0.254632	0.0109104	0.0103375	0.0365742	0.0474863	0.00984916	0.0129485	0.0163973	0.0542515	0.0112381	0.0235092	0.0151413	0.0168228	0.0209802	0.284844	0.0807227	0.0157376	0.00258474	0.0260149
121	0.0292673	0.0122563	0.05183	0.0457162	0.00877065	0.0334334	0.0440201	0.0245491	0.0863401	0.0209461	0.0121566	0.289125	0.0212827	0.0235166	0.0562028	0.153429	0.0534272	0.0229041	0.00264347	0.00818321
122	0.0128079	0.00182879	0.00415108	0.00490954	0.0104015	0.0142264	0.00293461	0.545238	0.00927569	0.100953	0.0494522	0.0048368	0.00308824	0.00589309	0.00571446	0.0075697	0.018401	0.195021	0.000503823	0.0027936
123	0.0228663	0.0130189	0.00413908	0.00897649	0.121145	0.0109843	0.048813	0.0630877	0.00419685	0.441586	0.0246393	0.00805848	0.00662508	0.0173825	0.0156237	0.03219	0.0136047	0.0461558	0.00289287	0.0940134
124	0.0108485	0.00132728	0.00233016	0.00504465	0.0375323	0.00527409	0.00163795	0.179724	0.0089828	0.501428	0.0761495	0.00243514	0.00174634	0.00906504	0.00628264	0.00566913	0.0110244	0.124966	0.000769624	0.00776291
125	0.292035	0.00821511	0.0240168	0.0217268	0.00398583	0.0252168	0.00731734	0.0340242	0.0104429	0.0143287	0.017674	0.0207259	0.110274	0.00988157	0.0110808	0.136602	0.189726	0.0569107	0.00135918	0.0044564
126	0.00699639	0.00397999	0.00593496	0.00707196	0.000522697	0.00657836	0.0055392	0.00117517	0.579624	0.00146701	0.00821526	0.0188176	0.000944712	0.012277	0.307419	0.00782759	0.0162107	0.00433978	0.00437207	0.000686313
127	0.0220336	0.0019383	0.29861	0.471971	0.00068459	0.0482914	0.00937062	0.00173793	0.0119774	0.00276551	0.00135461	0.055384	0.0045303	0.038735	0.00143457	0.00717413	0.00351493	0.0100778	0.000410075	0.00800433
128	0.0133302	0.00647567	0.110298	0.0103445	0.00653613	0.0543944	0.268097	0.0117375	0.101048	0.0124255	0.00692392	0.145747	0.0214855	0.0855911	0.0174704	0.0822337	0.0189867	0.013459	0.00208251	0.0113329
129	0.00585083	0.00341524	0.0752867	0.0167861	0.0013849	0.0226155	0.0553918	0.0250219	0.024913	0.00383324	0.00290818	0.504436	0.00496773	0.00477202	0.00317007	0.19647	0.0422342	0.00374052	0.00078134	0.00202116
130	0.00553812	0.00166648	0.00286706	0.00792441	0.0138342	0.0123598	0.00220324	0.479956	0.00471275	0.0430876	0.0228776	0.00338813	0.00661048	0.00456059	0.00364445	0.00531715	0.0117779	0.364695	0.000638891	0.00234024
131	0.0273958	0.00791406	0.0323603	0.100569	0.0029504	0.0268146	0.0204167	0.0149494	0.093189	0.0631567	0.0112864	0.0180358	0.00582475	0.294428	0.218855	0.0299442	0.0157158	0.00505056	0.00930657	0.0018385
132	0.0112593	0.00211758	0.0030327	0.00581661	0.0494888	0.00509927	0.0052771	0.132568	0.00715705	0.558309	0.059426	0.00330309	0.00410175	0.0108465	0.0084957	0.0100014	0.0100001	0.0976032	0.000888574	0.0152086
133	0.125213	0.00605135	0.0273667	0.0153853	0.00319519	0.557823	0.00656192	0.00677764	0.00742149	0.0108152	0.00755864	0.0148987	0.00763425	0.0068991	0.00889708	0.0951531	0.0736693	0.0111666	0.00245184	0.00506105
134	0.0422847	0.0107469	0.200179	0.209946	0.00782593	0.0925217	0.0324737	0.0116241	0.0388369	0.0155613	0.0076742	0.112893	0.0228081	0.0320612	0.0193801	0.079498	0.0306477	0.0224224	0.00293226	0.00768263
135	0.0181482	0.0299458	0.0079962	0.00842867	0.146619	0.0147855	0.144384	0.0296075	0.00748578	0.168057	0.0128647	0.0108915	0.00559149	0.025049	0.022641	0.0348766	0.0102618	0.0206908	0.00100872	0.280667
136	0.0852418	0.0193755	0.0476652	0.057141	0.0133268	0.352194	0.020388	0.0229579	0.0260564	0.0311098	0.0141759	0.0335325	0.0169116	0.0216738	0.0216898	0.108622	0.0587615	0.0306262	0.00283081	0.0157202
137	0.0115706	0.00491758	0.00218784	0.00454622	0.094102	0.0057631	0.0207237	0.0728854	0.00348521	0.594369	0.0267524	0.00393353	0.00266596	0.0143604	0.00988836	0.0129285	0.00700676	0.0533575	0.000976292	0.0535801
138	0.407828	0.00656683	0.0175902	0.0296225	0.0111147	0.0353112	0.00975905	0.0256482	0.0187273	0.0316836	0.0208907	0.0158832	0.041404	0.0105927	0.0202707	0.135314	0.106303	0.0441696	0.00193954	0.00938049
139	0.0155872	0.00747942	0.0194897	0.031798	0.0047451	0.0165914	0.0149565	0.0139342	0.448218	0.0174079	0.0122908	0.0364954	0.00743696	0.0296865	0.244302	0.0333175	0.0236137	0.01561	0.00413033	0.00290973
140	0.0397134	0.0053863	0.0131993	0.00849838	0.0115545	0.0053356	0.00698659	0.20408	0.0553881	0.191903	0.172473	0.016127	0.00142866	0.00783321	0.0280638	0.0124637	0.0420703	0.174705	0.00043848	0.00235061
141	0.0122449	0.00199776	0.00297659	0.00660577	0.0450329	0.00547133	0.00556869	0.146394	0.00947454	0.525024	0.0679776	0.00384341	0.0030837	0.0132675	0.0086651	0.00947269	0.0123022	0.103808	0.000842958	0.0159465
142	0.0273812	0.0173593	0.0691529	0.0108101	0.00223598	0.0676368	0.0338306	0.0142368	0.0660673	0.0080384	0.00523535	0.256339	0.0296872	0.0102074	0.0311061	0.259262	0.0705357	0.00824367	0.00441827	0.00821595
143	0.244487	0.027423	0.0174645	0.0214283	0.0022985	0.077714	0.00446985	0.0118469	0.0294804	0.00858928	0.0273604	0.0293045	0.0659526	0.0093484	0.012066	0.305285	0.0831962	0.0138521	0.00139624	0.00703627
144	0.0230785	0.00189674	0.293321	0.472744	0.00065909	0.0484579	0.00986048	0.0017334	0.0129606	0.0028408	0.0013804	0.0551377	0.00439522	0.040924	0.00141784	0.00765078	0.00344969	0.00983015	0.000413965	0.00784758
145	0.0399777	0.0145178	0.133806	0.118922	0.0117247	0.0786551	0.0424124	0.0159003	0.0970107	0.0219347	0.00720039	0.112572	0.0306164	0.0375653	0.0480107	0.104265	0.0436647	0.029538	0.00298647	0.00871988
146	0.0373478	0.0117972	0.0176874	0.0334099	0.0293459	0.0225656	0.0235904	0.0481504	0.0215852	0.272816	0.0450825	0.0242585	0.122597	0.031016	0.0442094	0.0745754	0.0436714	0.0503897	0.0297474	0.0161567
147	0.567682	0.00134214	0.00658424	0.00574278	0.00128871	0.0028256	0.00170039	0.00958471	0.00199424	0.01254	0.0138786	0.0046129	0.0165388	0.00248687	0.0124323	0.122463	0.166769	0.0443507	0.000482419	0.00470066
148	0.0245051	0.396594	0.00385719	0.00412557	0.053648	0.0358564	0.00433479	0.00883603	0.00490758	0.057227	0.00494946	0.00798659	0.00656525	0.0128299	0.00856926	0.262972	0.0643312	0.00891684	0.00105237	0.0279356
149	0.0673295	0.0330287	0.00946695	0.0177266	0.0182404	0.0322369	0.0128524	0.033496	0.0154346	0.129622	0.0628158	0.0253912	0.0316838	0.0169766	0.0152202	0.244003	0.1476	0.0721065	0.00158986	0.0131786
150	0.00445474	0.00125762	0.00215456	0.00377988	0.0057151	0.0135102	0.00185209	0.623707	0.003957	0.0405373	0.030239	0.00282526	0.00283316	0.00418205	0.00232453	0.00434046	0.0141533	0.236069	0.000484795	0.00162333
151	0.071756	0.00617471	0.0127208	0.0191473	0.00544348	0.0115493	0.0237827	0.0163327	0.0106448	0.0279152	0.0132036	0.0161087	0.470107	0.028405	0.0112356	0.12489	0.0478533	0.076176	0.00252209	0.00403181
152	0.0877095	0.01955	0.0466424	0.061894	0.0117383	0.348552	0.0177476	0.0193262	0.030521	0.0310106	0.0145387	0.0321957	0.0174109	0.0244894	0.0266312	0.108996	0.0638483	0.0238914	0.00221178	0.0110948
153	0.115848	0.0280526	0.0247095	0.0239839	0.0178671	0.0397977	0.0163154	0.0680959	0.026811	0.0534812	0.0266315	0.0464232	0.0388118	0.0193913	0.0299191	0.203383	0.152642	0.0555033	0.00170726	0.0106255
154	0.08399	0.0047189	0.00623649	0.00646604	0.0023397	0.0135921	0.0225341	0.0055929	0.00595764	0.00719142	0.00422694	0.00939436	0.599905	0.0283377	0.00666981	0.136018	0.0364252	0.0168984	0.000924971	0.00258002
155	0.0359847	0.0437473	0.0347004	0.0110785	0.00320084	0.0519937	0.0214408	0.0131018	0.0781397	0.0180531	0.0110941	0.170966	0.0307558	0.0185378	0.0530353	0.265283	0.113869	0.0136144	0.0027578	0.00864632
156	0.027786	0.0340131	0.0169728	0.00992845	0.0857334	0.0582684	0.139188	0.0237029	0.0217462	0.0967462	0.0109596	0.0276612	0.0113639	0.0290879	0.0226089	0.0913707	0.0279111	0.022597	0.00345557	0.238899
157	0.0557075	0.0132482	0.0170719	0.0247736	0.0190583	0.0234374	0.0126283	0.134521	0.037173	0.184031	0.187623	0.0217722	0.015216	0.01394	0.0278341	0.0490625	0.0419814	0.106798	0.00408229	0.010039
158	0.0320364	0.31269	0.0142411	0.0161838	0.0489422	0.0407898	0.0210233	0.0162537	0.0215941	0.0610758	0.0109384	0.017152	0.0130499	0.0194579	0.0248525	0.197839	0.0572275	0.0203226	0.00504792	0.0492817
159	0.0666847	0.00596101	0.0110489	0.0136343	0.00615363	0.0157385	0.026446	0.0102172	0.0115655	0.0209307	0.00929709	0.0136444	0.564985	0.0302873	0.013112	0.112576	0.0369395	0.023358	0.00269747	0.00472245
160	0.0383198	0.00640583	0.174154	0.448881	0.00406547	0.0431766	0.0149343	0.0095263	0.0337659	0.0174638	0.00705587	0.0378503	0.00978427	0.0643044	0.0186188	0.0307668	0.0141246	0.019932	0.00101012	0.00585985
161	0.0114947	0.00171092	0.00295286	0.00569478	0.039538	0.00568368	0.0027857	0.171645	0.010275	0.484437	0.0780395	0.00312316	0.00178057	0.00944616	0.00655184	0.00656191	0.0115954	0.135483	0.000841544	0.0103589
162	0.0176568	0.00908591	0.00634473	0.0104063	0.0585757	0.00928392	0.0135567	0.0899566	0.0125983	0.526861	0.0446102	0.00822447	0.011681	0.0209162	0.0155529	0.0209111	0.0136557	0.0765873	0.00688005	0.026655
163	0.259749	0.0144173	0.0498949	0.11345	0.00737149	0.0594408	0.00899476	0.0168006	0.0282476	0.0195803	0.0165876	0.0289307	0.0297479	0.0265671	0.0204222	0.185056	0.0756853	0.0295315	0.00161238	0.0079121
164	0.0507552	0.00855255	0.197333	0.252568	0.00633348	0.139553	0.0217691	0.00959654	0.0325843	0.0163078	0.00893878	0.0632868	0.016743	0.0377925	0.01836	0.0638949	0.0258684	0.0208314	0.00183606	0.00709535
165	0.0449772	0.0111877	0.057528	0.138648	0.0164095	0.0337626	0.0211208	0.0911922	0.0695522	0.0619102	0.0214536	0.0332388	0.0221123	0.149248	0.0852334	0.0528391	0.0320523	0.0466645	0.00493777	0.00593263
166	0.066664	0.00425824	0.010565	0.0126877	0.00319732	0.0113942	0.0252747	0.00907396	0.00895563	0.0170928	0.00757735	0.010132	0.602657	0.0303352	0.00958108	0.111198	0.0311768	0.0214696	0.00402837	0.00268093
167	0.0240006	0.0407249	0.0156039	0.0204299	0.104194	0.0188359	0.140023	0.0253633	0.0119973	0.122336	0.0130257	0.0216058	0.00626061	0.0270905	0.0235263	0.0504289	0.0184167	0.022015	0.00168802	0.292434
168	0.0917686	0.0206043	0.0476865	0.0549948	0.0106113	0.346565	0.0160428	0.0241411	0.0271067	0.0318883	0.0161891	0.0296641	0.0204288	0.0209507	0.0222677	0.113934	0.0626124	0.0246698	0.00433629	0.0135378
169	0.0861548	0.0846676	0.0106438	0.0144105	0.0766083	0.0438276	0.023354	0.0275394	0.0152734	0.0891365	0.00972666	0.0361452	0.0405972	0.0150308	0.0192995	0.226576	0.0907819	0.0397545	0.00147695	0.0489954
170	0.0247524	0.00954731	0.0192417	0.0243165	0.00545772	0.0184972	0.0132812	0.0159972	0.431328	0.0189088	0.0163146	0.0364751	0.00909487	0.0325379	0.228994	0.0389354	0.0291873	0.0206215	0.00319796	0.00331397
171	0.0978834	0.0720841	0.0295372	0.0265653	0.0192801	0.0615743	0.0194297	0.0183371	0.0326166	0.0370928	0.0161667	0.0665292	0.0559848	0.0193951	0.0306812	0.269884	0.0854174	0.0238347	0.00244081	0.0152654
172	0.0436831	0.0125822	0.207117	0.296591	0.0085938	0.0525791	0.027991	0.0170911	0.0364519	0.0211877	0.0119792	0.0631525	0.0169829	0.0449725	0.0204357	0.052082	0.0254874	0.0263348	0.00328896	0.011416
173	0.0134654	0.00238047	0.00481514	0.00566177	0.0112365	0.012537	0.0029965	0.504134	0.0137813	0.115197	0.0879257	0.00546032	0.00228859	0.00550164	0.0072053	0.00831132	0.0206273	0.173374	0.000414097	0.00268612
174	0.0303179	0.0175712	0.0211813	0.0249375	0.0143954	0.0351691	0.0222439	0.0252611	0.0612085	0.121934	0.0210728	0.0235558	0.0567598	0.0660293	0.104677	0.0488872	0.02968	0.0265852	0.235068	0.0134651
175	0.116955	0.024527	0.0294	0.0343839	0.0250462	0.0414766	0.0171197	0.0417336	0.0365861	0.0772363	0.0349399	0.0375811	0.0520971	0.0214413	0.0282344	0.187639	0.0787465	0.0985134	0.00312981	0.0132131
176	0.0121067	0.00268624	0.00260448	0.00512042	0.0494466	0.0055555	0.00563422	0.138326	0.00897291	0.548743	0.0626858	0.00383428	0.00284652	0.0106395	0.00769427	0.0106668	0.0101009	0.0939284	0.00149137	0.0169169
177	0.10077	0.0421619	0.0277654	0.0221794	0.00907904	0.345365	0.0107466	0.0122837	0.0195806	0.0216421	0.0133283	0.0297437	0.0193367	0.0141014	0.018855	0.188271	0.0749338	0.0166613	0.00326645	0.00992925
178	0.0427131	0.274569	0.0182746	0.019217	0.0453427	0.047131	0.0230958	0.0168115	0.0277563	0.0636879	0.0118929	0.0233142	0.0187607	0.0229286	0.0292853	0.186185	0.0601015	0.0196649	0.00470169	0.0445659
179	0.0351166	0.33306	0.00781812	0.0085282	0.0435297	0.0426227	0.00941566	0.0170707	0.0146917	0.0536904	0.00817446	0.0155818	0.0112352	0.0167255	0.0191744	0.249645	0.071572	0.0138707	0.00132957	0.0271477
180	0.015397	0.00261506	0.00559408	0.0109282	0.0190113	0.00721594	0.00208508	0.187693	0.0290155	0.261347	0.26502	0.00636604	0.00187832	0.0044598	0.0120088	0.00906957	0.020618	0.13733	0.000547607	0.00179955
181	0.00917088	0.0323797	0.00757891	0.00693853	0.136213	0.0115568	0.17015	0.0223619	0.00223696	0.147877	0.0121634	0.00838181	0.00214287	0.0236537	0.0211378	0.0207452	0.00402979	0.013713	0.000790484	0.346778
182	0.0649552	0.00539322	0.136992	0.444008	0.00631994	0.0459433	0.0206655	0.00865634	0.0352871	0.0173211	0.00680148	0.0325808	0.0130561	0.0688654	0.0127896	0.040642	0.0161086	0.018432	0.000460599	0.00472181
183	0.0602538	0.00825533	0.0169757	0.010518	0.0086658	0.011957	0.0106543	0.20972	0.058991	0.117331	0.176796	0.0325695	0.00411466	0.0119714	0.0273414	0.0232162	0.0443519	0.161646	0.000739243	0.00393192
184	0.620207	0.00109894	0.00187934	0.00267126	0.00102757	0.00220535	0.00146229	0.00229799	0.00166233	0.0144472	0.0156633	0.00187059	0.00273326	0.00174624	0.0151899	0.143512	0.132324	0.0321801	0.000388227	0.00543428
185	0.559017	0.00554146	0.00552105	0.00771612	0.0020661	0.0176267	0.00250795	0.00379551	0.0051075	0.0132267	0.0136008	0.00645014	0.00904712	0.00328558	0.0146732	0.184957	0.110224	0.0249667	0.00071147	0.00995854
186	0.0102914	0.0261599	0.00656377	0.00854684	0.125601	0.0124539	0.23978	0.0244019	0.00246113	0.185685	0.0185512	0.01392	0.0029094	0.0214637	0.027162	0.0171358	0.00412853	0.0141798	0.000817261	0.237788
187	0.0103645	0.00527371	0.0103199	0.0168426	0.00115775	0.0127904	0.0143936	0.00334404	0.428453	0.00948386	0.0098501	0.0295026	0.00227762	0.0523026	0.347888	0.0149291	0.0208495	0.00555665	0.00319522	0.00122516
188	0.060976	0.00150905	0.00209783	0.00251658	0.00124107	0.00344208	0.0258007	0.00237329	0.00205024	0.00400004	0.00229387	0.00309578	0.709104	0.0327708	0.00243491	0.105969	0.0216662	0.0147979	0.00064324	0.00121704
189	0.218419	0.00478904	0.0159456	0.0153309	0.00337339	0.0134347	0.01405	0.0241883	0.00685529	0.0114214	0.011603	0.0153703	0.333251	0.0192035	0.00801496	0.117342	0.122587	0.0409139	0.00120025	0.00270625
190	0.0404753	0.0459951	0.0179491	0.0267341	0.116327	0.0268225	0.0690785	0.0483644	0.0235064	0.209999	0.0226755	0.0196393	0.0164812	0.0259721	0.0292803	0.0723449	0.0320063	0.046922	0.0030351	0.106392
191	0.00713486	0.0039496	0.00633748	0.00669041	0.000566921	0.0078883	0.00564435	0.00121116	0.566183	0.00145084	0.00822907	0.023249	0.000888401	0.0135759	0.311132	0.00879588	0.0175796	0.00461675	0.00420487	0.000672484
192	0.400313	0.00908086	0.0203679	0.0329279	0.0117071	0.0330883	0.0105124	0.0234266	0.0146609	0.0314562	0.0208578	0.0171335	0.0321473	0.0129548	0.0187892	0.147837	0.108309	0.0429388	0.0012138	0.0102773
193	0.103258	0.0260627	0.00420275	0.0155893	0.106901	0.0328431	0.0464525	0.0482974	0.00533941	0.134428	0.00975597	0.019496	0.0409599	0.0213032	0.0202997	0.17313	0.0813383	0.0611077	0.000907768	0.0483283
