294	20
1	0.047895	0.00266903	0.000277011	0.00299576	0.000912799	0.868235	0.000365683	0.00223516	0.000355929	0.0014023	0.0022	0.0099562	0.000328586	0.00352974	0.000405969	0.0489398	0.00132784	0.00533146	0.000309523	0.000327214
2	0.0192473	0.000574568	0.000241924	0.000345008	0.00432526	0.00347163	0.000239521	0.494291	0.000290531	0.203226	0.144076	0.000494232	0.00253385	0.000531618	0.00030711	0.00256743	0.0042819	0.111524	0.000289182	0.00714144
3	0.196571	0.0208635	0.000359285	0.00057766	0.0890969	0.0355308	0.000520613	0.119248	0.000505813	0.170105	0.0479491	0.00117131	0.00108119	0.000639194	0.000436868	0.0315302	0.035248	0.23945	0.00599127	0.00312424
4	0.20129	0.0330595	0.000535699	0.000792395	0.0446286	0.0639319	0.000572281	0.0829853	0.000732003	0.15646	0.0152679	0.0016725	0.00106997	0.00093604	0.000770043	0.0479771	0.063404	0.280275	0.00206536	0.0015737
5	0.00929871	0.00562729	0.000325543	0.000161871	0.096609	0.000690278	0.000432611	0.182795	0.000954742	0.521393	0.0602769	0.000822818	0.000381269	0.00156911	0.000810895	0.00222937	0.0115175	0.082379	0.00741184	0.014314
6	0.00947328	0.00640462	0.00011816	0.000119587	0.0886651	0.000717137	0.000468766	0.165744	0.000759395	0.548655	0.0597964	0.000912365	0.000175526	0.00182336	0.000721888	0.00211266	0.011092	0.0793347	0.00808807	0.0148175
7	0.215613	0.00852943	0.000202288	0.000284261	0.082393	0.228183	0.000274552	0.106989	0.00028319	0.176108	0.0108754	0.000457225	0.00206396	0.000376472	0.00032077	0.0312138	0.0224954	0.111817	0.000310545	0.00120884
8	0.0395595	0.00492938	0.000175236	0.000608968	0.0470687	0.0128641	0.000169174	0.326259	0.000620307	0.274618	0.0290226	0.000314126	0.000453129	0.000465837	0.000249249	0.00261121	0.0100966	0.247145	0.00204815	0.000721759
9	0.361158	0.0440541	0.000448267	0.000675345	0.035296	0.171258	0.000843521	0.0554558	0.000749796	0.0957164	0.0369504	0.00126585	0.0076843	0.00151653	0.000701171	0.0587699	0.0398826	0.0860307	0.000762481	0.000781279
10	0.03099	0.00108499	0.000522832	0.000924008	0.189613	0.0098033	0.00101921	0.0424322	0.00398081	0.0490047	0.00753639	0.00134766	0.0012546	0.00418745	0.00617592	0.0136644	0.0215859	0.145235	0.194896	0.274741
11	0.241678	0.0110671	0.000574437	0.000892268	0.0548081	0.041049	0.000789566	0.0965751	0.000756023	0.431704	0.0101744	0.00118177	0.000946941	0.00122414	0.00082316	0.0105502	0.00939414	0.075367	0.000806809	0.00963745
12	0.0456003	0.0570805	0.000515571	0.00237539	0.33516	0.0109984	0.00338037	0.0642905	0.000888981	0.331212	0.0605278	0.00255169	0.000885173	0.00119296	0.000864147	0.0108604	0.0224923	0.0424273	0.00126682	0.00542896
13	0.166746	0.0443137	0.000394545	0.00271127	0.00477251	0.122148	0.0133172	0.00891318	0.00063875	0.00411263	0.0110376	0.037308	0.00565656	0.00214857	0.00126525	0.453007	0.0940536	0.0253447	0.00084235	0.00126919
14	0.0612641	0.00155025	0.0360917	0.205121	0.0145043	0.0217628	0.0117433	0.0154773	0.0310139	0.00553086	0.0118643	0.116308	0.0113186	0.00744077	0.0288256	0.172848	0.177069	0.0582173	0.00110384	0.0109453
15	0.0244079	0.00109164	0.000265402	0.000463167	0.0297452	0.00110822	0.000493347	0.441315	0.000438134	0.0740293	0.0110069	0.00768171	0.0159056	0.000543524	0.00344707	0.0106102	0.0202409	0.350921	0.00364129	0.00264454
16	0.0229374	0.00120867	0.0619734	0.0159084	0.00405656	0.0200414	0.0127003	0.0063816	0.188668	0.0048292	0.00302308	0.17697	0.0766746	0.0559898	0.239404	0.0873588	0.012001	0.00717897	0.000832684	0.00186205
17	0.0511499	0.00119394	0.000696259	0.00125884	0.13096	0.00238837	0.00330652	0.0966414	0.0453588	0.10318	0.00837095	0.00141274	0.0555932	0.00697958	0.0209118	0.0121643	0.00345099	0.0882113	0.305049	0.0617219
18	0.016569	0.000674787	0.00133626	0.00127395	0.00559267	0.0178907	0.0167361	0.0020077	0.323776	0.0172405	0.00931451	0.0087748	0.0135713	0.0378775	0.472636	0.0292183	0.0132682	0.00686863	0.000745449	0.00462816
19	0.0295439	0.0199347	0.00151397	0.00287501	0.0234874	0.00543954	0.00210983	0.137267	0.00287715	0.187996	0.0249895	0.00400991	0.02037	0.0420068	0.0391856	0.00846	0.320996	0.104833	0.019526	0.00257905
20	0.0655038	0.0053091	0.000259766	0.00044212	0.0125437	0.00131013	0.000426223	0.311157	0.000456482	0.0590639	0.0220233	0.0016655	0.00254962	0.000722886	0.000688305	0.0184475	0.0213384	0.473888	0.000645875	0.00155876
21	0.213792	0.00834361	0.000216754	0.000288128	0.081822	0.226883	0.000269396	0.108828	0.000289572	0.175219	0.0103809	0.000443145	0.00210212	0.000377736	0.000284403	0.0319621	0.0228213	0.114206	0.000302053	0.00116845
22	0.552176	0.0210392	0.000215819	0.000412618	0.00266323	0.239614	0.000708563	0.00591442	0.00035931	0.00355068	0.00310521	0.00210889	0.00641262	0.000665716	0.000418622	0.115773	0.0160971	0.0279569	0.000417852	0.000389772
23	0.00933601	0.0061986	0.00014962	0.00013864	0.0892006	0.000776892	0.000487652	0.166376	0.000761735	0.549389	0.0578669	0.000919069	0.000192962	0.00177452	0.000718301	0.00209913	0.0112749	0.0791893	0.00840334	0.0147475
24	0.243774	0.0161116	0.000238437	0.000385414	0.0432951	0.204771	0.000315378	0.107882	0.000383315	0.175345	0.00802438	0.000488041	0.00163377	0.000507388	0.000394738	0.0465174	0.0275228	0.121623	0.00032873	0.000459585
25	0.0487129	0.0082934	0.000143929	0.000659	0.0505173	0.00892797	0.00128294	0.131627	0.000627783	0.509933	0.0684234	0.000250721	0.000197462	0.000304468	0.000228069	0.00823973	0.0250551	0.134825	0.000988446	0.000762728
26	0.0380664	0.00694946	0.0166279	0.0807701	0.0156802	0.0254469	0.0513014	0.0232649	0.0326676	0.0209788	0.0183993	0.0233632	0.00766923	0.456005	0.034508	0.0418818	0.0672869	0.0262465	0.00399175	0.00889452
27	0.0349638	0.00124735	0.000677253	0.000353659	0.175183	0.00496651	0.00032065	0.264361	0.000786073	0.225625	0.0280382	0.000672124	0.000897258	0.00357273	0.000594826	0.0020032	0.0182311	0.228214	0.00330545	0.00598669
28	0.220214	0.0137895	0.000177421	0.000284348	0.0594596	0.187457	0.000264638	0.115227	0.000298529	0.167826	0.009948	0.00051746	0.00153647	0.000362255	0.000228895	0.0480847	0.0337092	0.140006	0.000292049	0.000317004
29	0.00842703	0.00412245	0.000321446	0.000219972	0.152618	0.000823074	0.000291341	0.238142	0.000629987	0.42535	0.063039	0.000516125	0.00125068	0.00084275	0.000574353	0.00183549	0.00767253	0.0835334	0.0037447	0.00604529
30	0.545292	0.0163023	0.000213351	0.000387424	0.00149607	0.266602	0.000323287	0.00464388	0.000363973	0.00206652	0.00192907	0.000541048	0.00665151	0.000585501	0.000409029	0.115154	0.0120583	0.0243028	0.000307112	0.000370298
31	0.202409	0.0119351	0.000520209	0.000772549	0.0853144	0.0769094	0.000825929	0.100498	0.000771932	0.352993	0.00789459	0.00133391	0.00108565	0.00140179	0.000987404	0.00801077	0.0187255	0.10406	0.00160553	0.0219448
32	0.0468218	0.00907655	0.000207445	0.000575702	0.0802806	0.00874192	0.00100328	0.146236	0.000696494	0.472343	0.0626175	0.000352433	0.000526408	0.000760951	0.00036304	0.00701438	0.0241787	0.134002	0.00177996	0.00242192
33	0.0235574	0.00389784	0.00027201	0.000354513	0.0135707	0.0011314	0.000319381	0.266839	0.000368847	0.127188	0.070398	0.0011414	0.0014276	0.000735629	0.000406577	0.00522231	0.0124864	0.467289	0.000414323	0.00298001
34	0.0102685	0.00585717	0.000695563	0.000141085	0.0937451	0.000673132	0.000491546	0.174277	0.00154757	0.524264	0.0629347	0.000963837	0.000637601	0.00172494	0.000792413	0.00263035	0.0134993	0.0812597	0.00753009	0.0160655
35	0.266974	0.00123911	0.085442	0.270436	0.00322681	0.00310755	0.0212292	0.0143124	0.0423382	0.00513691	0.00318864	0.0418296	0.00160251	0.0475718	0.0212972	0.047604	0.0248005	0.0965669	0.000977045	0.00111905
36	0.0618228	0.00251554	0.000290721	0.00273204	0.000947882	0.854346	0.000357218	0.00217415	0.000342311	0.00156527	0.00239314	0.00901989	0.000416129	0.00327866	0.000445262	0.049001	0.00145104	0.00626173	0.000298703	0.000340696
37	0.212141	0.0222224	0.000376919	0.000627425	0.00191026	0.0421845	0.000500377	0.076168	0.00063762	0.0309956	0.0266596	0.00156378	0.000643757	0.00197632	0.000703677	0.236301	0.233468	0.109715	0.000501047	0.000703963
38	0.0981161	0.000424921	0.0465111	0.149675	0.00133474	0.0770098	0.00652856	0.0151992	0.0762773	0.0103635	0.00128246	0.11748	0.00073186	0.0495204	0.0729437	0.173258	0.0650255	0.0370722	0.000388931	0.00085712
39	0.0195932	0.00402025	0.000465572	0.000528411	0.793469	0.0061965	0.000936951	0.0168405	0.000525851	0.0464609	0.0249718	0.00115722	0.000668763	0.000851523	0.000741994	0.00660683	0.00173927	0.0449386	0.000513218	0.0287742
40	0.0239124	0.00364991	0.000243853	0.000438909	0.0171025	0.00272219	0.000342477	0.24979	0.000408035	0.160256	0.0647036	0.0011376	0.00105653	0.000630652	0.000364109	0.0040962	0.0114095	0.454437	0.000351797	0.0029468
41	0.01949	0.00397406	0.000465155	0.000529199	0.79375	0.00614537	0.000972657	0.0167824	0.000535442	0.0462643	0.0249304	0.00111052	0.000653542	0.000852486	0.000741681	0.0066033	0.00169588	0.0450185	0.000507627	0.0289771
42	0.0694781	0.00150978	0.00798522	0.0434109	0.00244741	0.663664	0.00533885	0.00825464	0.00505141	0.0200985	0.0031737	0.0204175	0.00216745	0.0226417	0.00431144	0.0850564	0.0235604	0.0101446	0.000667294	0.000620797
43	0.0264466	0.00109193	0.000349389	0.000573649	0.0281695	0.00145962	0.000649754	0.47096	0.000625684	0.0694134	0.0133266	0.012018	0.0178503	0.000729443	0.0058473	0.0158045	0.0220087	0.304932	0.00583684	0.00190726
44	0.0104387	0.00621122	0.000379906	0.000550969	0.320925	0.00232289	0.00046545	0.236775	0.000655826	0.257551	0.0432777	0.000770567	0.00469222	0.00104191	0.000639132	0.00228471	0.00532591	0.100694	0.0013652	0.00363288
45	0.394015	0.00894902	0.000759794	0.00131724	0.0841938	0.121173	0.00107003	0.0664826	0.00106193	0.0947428	0.0120336	0.00343326	0.00384525	0.00156906	0.00137868	0.0491227	0.0197339	0.131696	0.00180382	0.00161833
46	0.00725293	0.0101871	0.000370672	0.000818757	0.439932	0.00170631	0.000749364	0.219299	0.000600502	0.16281	0.0423328	0.0010002	0.00635007	0.00101273	0.000754415	0.00237013	0.00347358	0.097073	0.000677015	0.00122882
47	0.0431163	0.000357295	0.0112186	0.044286	0.00886365	0.0354636	0.0247411	0.00564904	0.233469	0.00417432	0.00767188	0.0942799	0.00612593	0.156283	0.215807	0.0749839	0.0216592	0.00443396	0.000265353	0.00715048
48	0.206552	0.00267706	0.000546304	0.000746317	0.0159749	0.00570291	0.000850578	0.201165	0.000977082	0.0179861	0.00766724	0.00425822	0.00175258	0.00132603	0.000954995	0.0577663	0.0324856	0.439013	0.000679516	0.000917776
49	0.0138284	0.0100859	0.000321589	0.00131963	0.136108	0.00237296	0.000729513	0.103707	0.00128003	0.520766	0.111995	0.00125646	0.000660485	0.00203931	0.00102778	0.00364201	0.0167373	0.0556353	0.00397994	0.0125074
50	0.311177	0.0475994	0.00149789	0.00272513	0.0343224	0.121998	0.00354299	0.0292871	0.00350053	0.0524114	0.033014	0.00811587	0.0804219	0.00837537	0.00293444	0.130082	0.0657968	0.0595782	0.00183157	0.00178793
51	0.0786084	0.00137258	0.00135327	0.0105054	0.00920873	0.00591938	0.000760534	0.247582	0.00328806	0.138818	0.0551317	0.035364	0.0193059	0.0226442	0.00109994	0.0566218	0.12241	0.187938	0.000855188	0.00121346
52	0.00533122	0.000634833	0.000181914	0.000287461	0.0111958	0.00082181	0.000286227	0.545073	0.000326245	0.0737364	0.0110819	0.000935992	0.00157087	0.000442437	0.000575309	0.00211039	0.00426656	0.337896	0.00269955	0.00054611
53	0.00388128	0.000400797	0.000180512	0.000282016	0.0120148	0.000822631	0.000274999	0.553418	0.000338287	0.0736363	0.00743298	0.00114915	0.00173543	0.000402573	0.000634257	0.00196638	0.00374019	0.334233	0.00292548	0.000530908
54	0.0195458	0.00514918	0.000611148	0.000933081	0.751684	0.00649694	0.00208545	0.0202194	0.000816913	0.0553238	0.0264137	0.00139105	0.000958199	0.00113575	0.00127938	0.00706803	0.0027986	0.0547424	0.0024011	0.0389459
55	0.0287504	0.00157471	0.0011381	0.000361244	0.165191	0.00387398	0.000307316	0.273496	0.00129574	0.22083	0.0379206	0.000659207	0.00167018	0.00263796	0.000668642	0.00282594	0.0200175	0.227945	0.00246677	0.00637082
56	0.322422	0.0214892	0.00027185	0.00106739	0.00291505	0.0798793	0.00534855	0.00801635	0.000470973	0.002823	0.00624635	0.0235979	0.00230041	0.00341457	0.000497826	0.4459	0.0606843	0.011604	0.000538051	0.000512426
57	0.691721	0.0154524	0.000186441	0.000271633	0.00295073	0.0725215	0.000269136	0.00910238	0.000286606	0.0091858	0.00132916	0.00368779	0.00135696	0.000469105	0.000299009	0.0942775	0.045643	0.050431	0.000279756	0.000279219
58	0.0170114	0.00391376	0.000364089	0.000226946	0.12803	0.00223804	0.000497028	0.204242	0.000742898	0.422375	0.0448709	0.000689471	0.000683063	0.00211097	0.00055403	0.00187336	0.0140119	0.141325	0.00511175	0.00912822
59	0.0717227	0.00338862	0.000707968	0.00210353	0.0450266	0.00683189	0.000989257	0.163331	0.00150601	0.11227	0.0675326	0.00632466	0.00480717	0.00329382	0.00116579	0.0650405	0.130369	0.310444	0.00126543	0.0018784
60	0.368243	0.00954137	0.000293584	0.000907161	0.00171169	0.0807314	0.00204095	0.00527523	0.000436712	0.00220413	0.00438634	0.0179153	0.00131557	0.00495026	0.000461884	0.44259	0.0508755	0.0052108	0.000364295	0.000544286
61	0.0541016	0.00463645	0.000172978	0.000804645	0.0379481	0.0142008	0.000152489	0.297214	0.000904699	0.300081	0.0314684	0.000345508	0.000724185	0.000320978	0.000215543	0.00344988	0.00999502	0.240523	0.00242593	0.000314206
62	0.0105716	0.0220933	0.000445706	0.00501559	0.276998	0.00611774	0.00153826	0.0418818	0.00135958	0.499222	0.0852364	0.00212471	0.000658226	0.00131651	0.000732174	0.00400682	0.00758299	0.0216182	0.0014119	0.0100685
63	0.00422589	0.0109896	0.00139414	0.000826365	0.219563	0.00826359	0.0113189	0.00327237	0.00168008	0.0388573	0.00294393	0.00439196	0.000789455	0.010782	0.00618597	0.00279284	0.00267408	0.00517588	0.022842	0.641031
64	0.0130395	0.00331299	0.00208406	0.0025033	0.00922831	0.00652915	0.524327	0.00958412	0.00308557	0.0111136	0.00781276	0.0283834	0.00234339	0.00524211	0.0473207	0.00887367	0.00761212	0.0128803	0.00268207	0.292042
65	0.00927478	0.0063062	0.000390874	0.000427803	0.0968353	0.00151188	0.000496196	0.159136	0.00135412	0.532391	0.0531277	0.00156797	0.000522465	0.00176371	0.000984145	0.00354898	0.00872578	0.0657994	0.0275059	0.0283299
66	0.00856639	0.0013773	0.00984099	0.0124124	0.00265398	0.546367	0.0192844	0.00343717	0.125654	0.00405063	0.00294166	0.0704928	0.0198182	0.0245409	0.126303	0.00376816	0.00306198	0.0133874	0.000977397	0.0010639
67	0.00388128	0.000400797	0.000180512	0.000282016	0.0120148	0.000822631	0.000274999	0.553418	0.000338287	0.0736363	0.00743298	0.00114915	0.00173543	0.000402573	0.000634257	0.00196638	0.00374019	0.334233	0.00292548	0.000530908
68	0.0257156	0.00222531	0.000333775	0.000521881	0.0280378	0.00620506	0.000313989	0.336694	0.000588704	0.31532	0.11202	0.000502144	0.00128868	0.000908429	0.000380047	0.00335115	0.0106821	0.150257	0.00124994	0.00340452
69	0.0870789	0.000987086	0.04363	0.0614715	0.00203299	0.146428	0.0329078	0.00245288	0.113368	0.00267969	0.00176308	0.047692	0.197446	0.0451865	0.0603535	0.125778	0.0235269	0.00386851	0.000524534	0.000824458
70	0.0770512	0.00113511	0.000624236	0.00102322	0.15318	0.00229516	0.00884753	0.100021	0.0840604	0.116236	0.0194248	0.00175113	0.0425571	0.0179375	0.0629894	0.00618393	0.00326001	0.0970096	0.179707	0.0247055
71	0.0161796	0.00187124	0.000196283	0.000386103	0.0670618	0.00418971	0.000266613	0.36753	0.000334345	0.17819	0.0152698	0.00149179	0.00221449	0.00109544	0.000570547	0.0019796	0.011188	0.325608	0.00159878	0.00277779
72	0.063021	0.00287652	0.000284947	0.000609007	0.0168715	0.00124299	0.000365474	0.333266	0.000407376	0.0574986	0.0148241	0.00316275	0.00520436	0.000888249	0.00119492	0.0229835	0.0329087	0.439696	0.00122388	0.00147031
73	0.0424979	0.000348001	0.0133428	0.0441846	0.00877595	0.034033	0.0229806	0.00578983	0.233404	0.00446251	0.00704456	0.0944205	0.00715166	0.146182	0.228414	0.0737978	0.0209737	0.00493738	0.000257781	0.00700153
74	0.0651302	0.0244833	0.000788936	0.0013693	0.0715173	0.134305	0.0107814	0.101301	0.0109468	0.179418	0.0176401	0.0122129	0.00118531	0.0117805	0.0111444	0.0170492	0.0146067	0.230968	0.0691649	0.0142084
75	0.00925016	0.00275981	0.000754974	0.000223837	0.138102	0.000911764	0.000299835	0.261712	0.000986572	0.400521	0.06677	0.000455596	0.00142462	0.000797103	0.000551321	0.00196718	0.0075047	0.0968985	0.00276339	0.00534514
76	0.322713	0.010323	0.000473515	0.00160078	0.00168675	0.494852	0.000429731	0.00475578	0.000621129	0.00307534	0.00450608	0.00262707	0.00353909	0.00246798	0.000802718	0.111124	0.00857467	0.0250294	0.00033631	0.000461545
77	0.0830496	0.000705852	0.000307156	0.0150731	0.0633544	0.120195	0.006236	0.0260729	0.070165	0.127903	0.0302425	0.0246046	0.000847385	0.0435026	0.0269058	0.0676441	0.0478784	0.0399331	0.148141	0.0572385
78	0.230011	0.00948682	0.000213464	0.000297335	0.0713192	0.222866	0.000249839	0.106806	0.000344517	0.166177	0.0103402	0.000376803	0.00272998	0.000345942	0.000253673	0.03287	0.0252553	0.119086	0.000340401	0.000630594
79	0.00910811	0.00341526	0.000617951	0.000199722	0.12531	0.000839115	0.000343845	0.241732	0.000970333	0.433523	0.0682935	0.000510182	0.00108036	0.000836896	0.000551844	0.00209588	0.00806477	0.0921481	0.00351611	0.00684415
80	0.0677817	0.000743443	0.00587881	0.0456641	0.0133728	0.0548233	0.0284285	0.0105127	0.166017	0.00908726	0.013189	0.0712487	0.00330449	0.179432	0.158852	0.104076	0.0382769	0.00599329	0.00366262	0.0196556
81	0.040205	0.0172154	0.00105747	0.00227082	0.0768063	0.00438745	0.00162242	0.0070924	0.36173	0.00806833	0.0196716	0.0329144	0.0016965	0.00267618	0.243075	0.0211995	0.0226556	0.0243544	0.109279	0.00202258
82	0.0810751	0.0102115	0.000146668	0.00077671	0.0559114	0.0156072	0.000911087	0.143876	0.000788321	0.419762	0.0586728	0.000458199	0.000360659	0.000330581	0.000233215	0.0120396	0.0290339	0.16694	0.00176296	0.00110217
83	0.0194575	0.000510978	0.000222006	0.000303163	0.0438653	0.000853756	0.000332473	0.0585694	0.000350877	0.506334	0.303556	0.000576376	0.000377242	0.00304944	0.0027633	0.00665165	0.0224817	0.0258473	0.00060675	0.00329069
84	0.00856639	0.0013773	0.00984099	0.0124124	0.00265398	0.546367	0.0192844	0.00343717	0.125654	0.00405063	0.00294166	0.0704928	0.0198182	0.0245409	0.126303	0.00376816	0.00306198	0.0133874	0.000977397	0.0010639
85	0.026782	0.00191178	0.000906385	0.0025047	0.00989809	0.0121713	0.00105573	0.245051	0.00152487	0.0918269	0.0287355	0.00953079	0.00525798	0.00444967	0.0016816	0.0795259	0.238183	0.236073	0.00120417	0.00172617
86	0.0308145	0.00809612	0.00213973	0.0351242	0.010855	0.198278	0.00426712	0.0137024	0.00427828	0.0151761	0.0110836	0.0109684	0.00549315	0.00521632	0.0330508	0.297442	0.28735	0.0193428	0.00281813	0.0045031
87	0.0759582	0.00117389	0.0345479	0.0529509	0.00242827	0.195349	0.030139	0.00272565	0.133889	0.00328092	0.00232844	0.0483669	0.163587	0.0510926	0.0802717	0.0959778	0.0190234	0.00519157	0.000644835	0.00107301
88	0.452469	0.00843647	0.000838219	0.00107794	0.0216232	0.0212592	0.000984883	0.0661596	0.00115341	0.0371066	0.042729	0.00203601	0.104498	0.00453339	0.00124647	0.0539695	0.0481262	0.129598	0.000878525	0.00127597
89	0.080211	0.00770706	0.0080715	0.360195	0.0176173	0.0146876	0.00543056	0.0217539	0.00641855	0.152785	0.0146004	0.0105827	0.0564971	0.0102441	0.00640752	0.0239065	0.0646107	0.128055	0.0043469	0.00587083
90	0.275203	0.0175798	0.000272942	0.00189915	0.00212169	0.0905962	0.00737996	0.00819727	0.000382153	0.0028958	0.00748746	0.025097	0.0039198	0.00294516	0.000584325	0.444199	0.0931994	0.0152859	0.000328343	0.000425181
91	0.0229099	0.00836459	0.000139363	0.000281405	0.0817458	0.00370241	0.000846527	0.133947	0.00085823	0.540581	0.067753	0.000884703	0.000205898	0.00133366	0.000599804	0.004417	0.0162718	0.100078	0.00481671	0.0102623
92	0.245468	0.0755925	0.00163652	0.00196652	0.0270489	0.101265	0.0219941	0.00972823	0.00179496	0.00956206	0.00761589	0.111524	0.00320264	0.00303085	0.00218322	0.172158	0.0173055	0.165815	0.0189439	0.00216491
93	0.659579	0.0172964	0.000218951	0.000319066	0.00329219	0.0534432	0.000309534	0.0128299	0.000353253	0.0133038	0.00256841	0.00508904	0.000449212	0.000730954	0.000310159	0.101068	0.058864	0.0693709	0.000308576	0.000295715
94	0.315261	0.020708	0.000295256	0.000535064	0.00228789	0.0403117	0.000453426	0.0593024	0.000662573	0.0189743	0.016168	0.00328253	0.000509938	0.00110544	0.000584116	0.216926	0.176611	0.125083	0.000478338	0.000459727
95	0.65366	0.017512	0.000258144	0.000385919	0.00508359	0.0826535	0.000333669	0.0139078	0.000392577	0.0130013	0.00379495	0.00367524	0.00133309	0.000739207	0.000284267	0.0879821	0.0569016	0.0574472	0.000313212	0.000340882
96	0.155466	0.0474569	0.000679136	0.00351419	0.0052233	0.0841651	0.027845	0.00943376	0.00100882	0.00406696	0.0137197	0.0660868	0.00768607	0.000974297	0.000990255	0.388448	0.143974	0.0369047	0.00124372	0.00111307
97	0.0341225	0.00135787	0.000290373	0.000588576	0.00762294	0.0011636	0.000424092	0.480229	0.000455742	0.0558899	0.0813855	0.00261367	0.00755726	0.00203389	0.00106714	0.0104219	0.0323286	0.278315	0.00108878	0.00104443
98	0.0206319	0.0042246	0.000440501	0.000570762	0.790413	0.00604519	0.00106993	0.0174605	0.000541884	0.0461083	0.0255912	0.00116047	0.000705806	0.000868188	0.000841582	0.00675314	0.001827	0.0456648	0.000513722	0.0285676
99	0.0420676	0.00815526	0.000220964	0.000506027	0.0446618	0.00845573	0.00122206	0.130369	0.00047494	0.512889	0.0835213	0.000361578	0.000241001	0.000433389	0.000367596	0.00687545	0.0194251	0.136434	0.00166694	0.00165207
100	0.0500917	0.00245002	0.000288734	0.0029904	0.000924157	0.865601	0.000361769	0.00223656	0.000349405	0.00154717	0.00228232	0.00975198	0.000350131	0.00342843	0.000401781	0.0494261	0.00135531	0.00551722	0.000309433	0.00033679
101	0.0228353	0.00602383	0.00310274	0.00465583	0.0132674	0.0527242	0.0446249	0.0178488	0.00501623	0.0200664	0.183004	0.049096	0.0811744	0.181352	0.00464363	0.0984435	0.014491	0.147715	0.0448753	0.0050386
102	0.0331612	0.00760371	0.00119529	0.00153362	0.00600802	0.0468499	0.00167209	0.154293	0.00177183	0.0232198	0.00750212	0.0187294	0.00207452	0.0025737	0.00207481	0.166071	0.319759	0.200229	0.00150437	0.00217397
103	0.0416884	0.00157364	0.10564	0.548998	0.014337	0.0281521	0.00505828	0.00922675	0.00184408	0.00964802	0.0100398	0.0069121	0.0110713	0.126945	0.0220291	0.0220153	0.0189775	0.0114182	0.00111205	0.00331365
104	0.322819	0.0191822	0.00072307	0.00140392	0.00413177	0.0281655	0.00139882	0.0557323	0.00161478	0.0351167	0.0312906	0.00331779	0.00153149	0.00184764	0.00141146	0.352597	0.0440886	0.0908751	0.00134712	0.00140458
105	0.298226	0.0131627	0.00190649	0.00364494	0.0460862	0.033087	0.00277046	0.0386594	0.00482589	0.0649306	0.0285107	0.00659117	0.149196	0.0342343	0.00512265	0.0771019	0.0969151	0.0865203	0.00379365	0.00471455
106	0.0383395	0.00527745	0.00135597	0.000455846	0.0798276	0.00630836	0.000714466	0.212078	0.00180764	0.396386	0.0669333	0.000399009	0.00126326	0.000714508	0.000548543	0.00740906	0.0193538	0.15356	0.00199325	0.00527454
107	0.0529587	0.00669019	0.000500152	0.000745038	0.0536538	0.00905249	0.000914912	0.158933	0.00111475	0.447576	0.0693171	0.00035184	0.000890666	0.00037455	0.000235882	0.00869764	0.0280755	0.157433	0.0010059	0.00147908
108	0.00506363	0.000574414	0.000180879	0.00027546	0.011468	0.000793071	0.000274697	0.543736	0.000323628	0.0730905	0.00926728	0.0011271	0.00170853	0.00038659	0.000615804	0.00220873	0.00456568	0.341023	0.00272853	0.000588493
109	0.016994	0.000618887	0.000597034	0.00115352	0.00532885	0.0180662	0.0165367	0.0019091	0.325881	0.0166195	0.00899835	0.00824236	0.0126446	0.040174	0.471885	0.0293567	0.0135396	0.00622489	0.000556792	0.00467275
110	0.135455	0.00222688	0.038428	0.0540196	0.00621585	0.0917377	0.028501	0.00646362	0.103003	0.00773663	0.00509227	0.0536999	0.211757	0.0338935	0.052784	0.118462	0.0375718	0.00974422	0.00147362	0.00173385
111	0.00327291	0.012122	0.000425715	0.00071	0.230054	0.00736022	0.00582541	0.00251817	0.00070984	0.0393793	0.00175477	0.000997097	0.000760732	0.0060923	0.00643904	0.0022599	0.0020472	0.00330065	0.0194084	0.654563
112	0.0383486	0.00711388	0.000143686	0.00043697	0.0527828	0.00698331	0.00165341	0.131779	0.000539183	0.536489	0.0658044	0.000408165	0.000191605	0.000677493	0.000330406	0.0063123	0.0201568	0.124386	0.00204631	0.0034166
113	0.0201581	0.000918048	0.000264894	0.000377729	0.0381608	0.0012689	0.000424852	0.0651672	0.000378911	0.504087	0.302592	0.000766265	0.000370434	0.00309907	0.0026592	0.00789736	0.01897	0.028302	0.00101351	0.00312449
114	0.0285895	0.00645876	0.00112356	0.00204336	0.00544346	0.00754696	0.00306212	0.0073288	0.00191976	0.0188947	0.00528449	0.108332	0.0199937	0.00258766	0.00199082	0.221529	0.543085	0.0110789	0.00159723	0.00211067
115	0.0252667	0.00106777	0.0530166	0.0339938	0.00484266	0.0207147	0.00964285	0.00982224	0.189671	0.00431378	0.00387749	0.0771125	0.0250428	0.0847372	0.367932	0.0467667	0.028381	0.0102592	0.000809986	0.00272845
116	0.168427	0.0300467	0.00396503	0.00959706	0.00279769	0.0983426	0.0208789	0.00758608	0.00662501	0.00205263	0.0112518	0.048134	0.0221856	0.00294554	0.00324847	0.419631	0.118799	0.0226301	0.000360267	0.000495793
117	0.0485354	0.0016585	0.0720311	0.547466	0.0156945	0.0304835	0.00377742	0.00549594	0.00178118	0.00628382	0.00563926	0.00563012	0.0140249	0.159634	0.0287418	0.0241151	0.0176121	0.00864976	0.00111538	0.0016293
118	0.00749407	0.00415289	0.000337699	0.000177323	0.108188	0.000767964	0.000405671	0.220687	0.000629471	0.483036	0.0658135	0.000571906	0.000723699	0.00113243	0.000545751	0.00172381	0.00835864	0.0823717	0.00470559	0.00817727
119	0.0694116	0.0516187	0.0012025	0.00221106	0.312864	0.00703398	0.0375566	0.0220204	0.00203849	0.230827	0.148275	0.018531	0.00189659	0.00352811	0.00190292	0.00935816	0.012261	0.0397948	0.00235262	0.0253158
120	0.407576	0.0588466	0.000410583	0.000721264	0.00910803	0.036165	0.000745921	0.0434725	0.000846531	0.0359842	0.0311064	0.00187819	0.00544736	0.00874358	0.00087125	0.116746	0.176722	0.0632087	0.000509011	0.000890736
121	0.024085	0.00427538	0.00022999	0.000332422	0.0107084	0.0013669	0.000282569	0.29714	0.000287598	0.138321	0.0825024	0.000922851	0.00161778	0.00079085	0.000386402	0.00586352	0.0126956	0.414932	0.000327635	0.0029307
122	0.0251887	0.00373605	0.00047496	0.000551717	0.0429848	0.00572147	0.000499675	0.237872	0.000864167	0.415711	0.11657	0.000724863	0.00129622	0.00115662	0.00058893	0.00459408	0.0131725	0.120829	0.00296173	0.00450144
123	0.135411	0.0375244	0.000605803	0.00102025	0.00311179	0.0174697	0.000961612	0.0728768	0.000969038	0.00996682	0.00859576	0.00262853	0.00101878	0.00133587	0.00113912	0.185989	0.309421	0.207916	0.000892735	0.00114507
124	0.144969	0.0582927	0.000389746	0.00242236	0.00451707	0.128877	0.0186459	0.00893806	0.000538568	0.0027503	0.0146864	0.0469467	0.00660512	0.000737614	0.000827539	0.404792	0.115025	0.0383368	0.00109609	0.000606508
125	0.0652823	0.0606871	0.00117824	0.00381187	0.00864371	0.591615	0.00314541	0.0292447	0.00220728	0.0124881	0.0107239	0.0125173	0.00297659	0.00469253	0.00288816	0.136019	0.0203772	0.0262041	0.00237339	0.00292363
126	0.0311745	0.00537126	0.000952105	0.00111679	0.127271	0.00320437	0.00353097	0.0297159	0.00185812	0.309726	0.360754	0.00377641	0.00121183	0.00435656	0.00217882	0.00713371	0.0413222	0.0450113	0.00125586	0.0190779
127	0.367383	0.0107884	0.000267281	0.000992761	0.0015874	0.102232	0.00312936	0.00521752	0.000410065	0.00213371	0.00455096	0.0184668	0.00190689	0.00424591	0.000425245	0.412083	0.0553021	0.00801251	0.000341749	0.000523265
128	0.173891	0.0552463	0.00036019	0.00262409	0.00541752	0.100829	0.0212358	0.00808805	0.000448976	0.00227783	0.0131907	0.0482747	0.00705859	0.000808404	0.000651724	0.404754	0.119944	0.0331785	0.00116986	0.000551818
129	0.0280986	0.00169185	0.000277773	0.000369861	0.0070265	0.000871871	0.000324554	0.495267	0.000303752	0.049058	0.0732696	0.00203259	0.00617993	0.00142615	0.00106858	0.00747279	0.0213878	0.301663	0.00113601	0.00107391
130	0.331735	0.0136814	0.00044843	0.00160546	0.00348182	0.0546269	0.00417389	0.014869	0.00111541	0.00953343	0.0173824	0.0173826	0.00274172	0.00376841	0.0016234	0.45307	0.0446887	0.0217515	0.000889279	0.00143081
131	0.161707	0.00974359	0.000658178	0.00253219	0.00585799	0.644837	0.000757904	0.0122187	0.00120295	0.0110083	0.0146194	0.00640445	0.00234169	0.00333567	0.00126149	0.0791027	0.00884208	0.0322335	0.000606639	0.000728106
132	0.172349	0.0322116	0.000267095	0.0034608	0.00270779	0.100597	0.0186189	0.0075976	0.000412009	0.001883	0.0120011	0.0464013	0.00858379	0.00102468	0.000737556	0.435923	0.129991	0.0245069	0.000333339	0.00039331
133	0.0276691	0.00198314	0.000916926	0.00172516	0.0117109	0.00385566	0.00145288	0.262769	0.00173277	0.0885258	0.119438	0.00474483	0.00458392	0.00354444	0.00130173	0.0224926	0.165737	0.27302	0.00111078	0.00168455
134	0.0184944	0.000435919	0.000236727	0.000319502	0.0387013	0.000903557	0.000353092	0.0631119	0.000292535	0.514128	0.302658	0.000544453	0.00035931	0.00284235	0.00292738	0.00680042	0.0195862	0.024166	0.000758183	0.0023808
135	0.158432	0.00307471	0.00154256	0.00216381	0.04833	0.220034	0.00197533	0.194058	0.00212647	0.0137454	0.0468429	0.00327495	0.00234358	0.0033703	0.00254536	0.00945184	0.00761007	0.274408	0.00202106	0.0026483
136	0.226129	0.0130577	0.000166104	0.000269127	0.0619683	0.192457	0.000280077	0.111951	0.000270422	0.166717	0.0104641	0.000466837	0.00178138	0.000361477	0.000244417	0.0434553	0.0321936	0.136937	0.000400231	0.000429127
137	0.00394211	0.0127107	0.000436519	0.000757973	0.230877	0.00751318	0.00593188	0.00331113	0.000723352	0.045727	0.00323719	0.00112028	0.000762157	0.00598402	0.00633306	0.00234909	0.00218483	0.00365081	0.0190627	0.643385
138	0.294215	0.00815609	0.000779208	0.00129321	0.0442904	0.0297612	0.00124228	0.129351	0.00132523	0.054561	0.0143552	0.0128794	0.00511235	0.00163308	0.00133962	0.0744317	0.0444945	0.276882	0.00210636	0.00179126
139	0.199593	0.000592443	0.0011174	0.0197957	0.0208082	0.162567	0.00347198	0.0434029	0.0226613	0.0677741	0.0413136	0.0232347	0.00332712	0.0629965	0.0180736	0.185886	0.0706565	0.0252331	0.0152507	0.0122449
140	0.0167792	0.0057312	0.000528352	0.000506025	0.100834	0.00114944	0.000540797	0.0861056	0.00172172	0.494808	0.181744	0.00145516	0.000556687	0.00444186	0.00133808	0.00472466	0.0248683	0.0508384	0.00385261	0.017475
141	0.0132531	0.00346139	0.0266755	0.00252138	0.131255	0.00845131	0.145371	0.0111271	0.0262375	0.0357875	0.0329048	0.0995974	0.00323245	0.101082	0.00371153	0.0107219	0.0084264	0.014047	0.0290688	0.293068
142	0.0311113	0.0047745	0.000288155	0.000432023	0.0674842	0.00699274	0.000577885	0.229356	0.00072647	0.408495	0.0525879	0.000506857	0.000629054	0.000844633	0.000353302	0.00370767	0.0134218	0.169933	0.00323211	0.00454504
143	0.0380025	0.00446124	0.000155855	0.000594347	0.0500384	0.0104772	0.000302996	0.273932	0.000748518	0.349471	0.0344357	0.000384865	0.000433631	0.000677112	0.000253224	0.00272843	0.0112037	0.216876	0.00250773	0.00231552
144	0.245115	0.0236852	0.000503568	0.000646212	0.00211778	0.0410736	0.000696107	0.0749237	0.000664691	0.0232047	0.0255607	0.00192293	0.000841876	0.00243345	0.000765594	0.222871	0.23798	0.0938024	0.00049594	0.000695927
145	0.684777	0.0152352	0.000238321	0.000318564	0.00352272	0.0688047	0.000292645	0.0105203	0.000627127	0.0100349	0.00220208	0.00372739	0.00256142	0.000578701	0.000625019	0.0933481	0.0482799	0.0536278	0.000306655	0.000370965
146	0.224037	0.0646788	0.000412207	0.00182502	0.0107579	0.0848261	0.0149041	0.00884685	0.000584588	0.00375636	0.011264	0.0434092	0.0047951	0.00136084	0.000708811	0.393277	0.0883958	0.0389359	0.00241547	0.000808691
147	0.0364376	0.0014412	0.000676168	0.00032138	0.164576	0.00532174	0.000348897	0.267263	0.000864353	0.225759	0.0288181	0.000636244	0.00110898	0.00313615	0.000558979	0.00260955	0.0193733	0.23227	0.00299459	0.00548516
148	0.0187453	0.00119998	0.000409705	0.000415325	0.01929	0.00368636	0.000303094	0.363709	0.000728422	0.298859	0.182541	0.000723633	0.00191286	0.00176513	0.000825869	0.00409607	0.00903004	0.0850056	0.000979724	0.00577375
149	0.181065	0.0336005	0.000309491	0.00295889	0.00300705	0.0931417	0.0223965	0.00871646	0.000538475	0.00195994	0.0139304	0.0532396	0.00765725	0.000911254	0.000509083	0.421529	0.124187	0.0293393	0.000506315	0.00049657
150	0.271179	0.00264399	0.000834386	0.00228841	0.0193045	0.0105721	0.000628925	0.17129	0.00161043	0.104082	0.0468493	0.00451428	0.0624468	0.00564057	0.000876854	0.0380647	0.0600062	0.19489	0.000894511	0.00138286
151	0.00864064	0.00200392	0.000707577	0.00122305	0.0305567	0.0121407	0.00147434	0.0211888	0.0093328	0.0305838	0.0182193	0.00232267	0.822245	0.00187433	0.00166909	0.00495085	0.00467754	0.0234924	0.00126951	0.00142653
152	0.516427	0.0150947	0.000223519	0.000387361	0.00140031	0.293772	0.000322473	0.00415459	0.000377659	0.00199809	0.00221849	0.000529133	0.00623425	0.000591937	0.000474411	0.119717	0.0111624	0.0241896	0.000353609	0.000371839
153	0.321175	0.0286244	0.000365324	0.00112624	0.00248132	0.22965	0.00418861	0.00564501	0.000502116	0.00232186	0.00581438	0.0146786	0.00450518	0.00196878	0.000776873	0.307358	0.0465973	0.0212054	0.000510586	0.000505427
154	0.00781472	0.00371398	0.000392319	0.00017537	0.120852	0.000743377	0.000326245	0.234935	0.000647716	0.454161	0.0655214	0.000508071	0.000893782	0.000954605	0.000477891	0.00171561	0.00759422	0.0875087	0.00421183	0.00685208
155	0.0642724	0.00682255	0.000145899	0.000565594	0.0405756	0.0102773	0.00133184	0.121356	0.000591225	0.484948	0.077693	0.000338841	0.000379966	0.000293576	0.000252621	0.0110688	0.0292399	0.148934	0.000599265	0.000313769
156	0.0285507	0.00181509	0.00180119	0.000357507	0.114316	0.00330647	0.000294572	0.284139	0.00227408	0.216506	0.068604	0.000673966	0.00183818	0.00182189	0.000772312	0.00382181	0.0165559	0.24171	0.00161114	0.00922945
157	0.484872	0.00993252	0.000336204	0.000484621	0.00201783	0.0656671	0.000527599	0.00614917	0.000429788	0.00443608	0.00367198	0.01081	0.000495492	0.00383105	0.000469483	0.351074	0.0396816	0.0141767	0.000418262	0.000518807
158	0.020731	0.00068931	0.00254605	0.00574934	0.00580356	0.0229502	0.0171624	0.0024904	0.317547	0.018621	0.00870984	0.0165682	0.0127797	0.0499284	0.436136	0.0354724	0.0141407	0.00661098	0.00057606	0.00478764
159	0.0176311	0.000549013	0.0001684	0.000298362	0.00472745	0.0044409	0.000215009	0.47221	0.000290255	0.245281	0.135461	0.00044093	0.0020438	0.000649008	0.000290379	0.00177018	0.00510733	0.102101	0.000325973	0.00599896
160	0.0186574	0.000407657	0.000218764	0.000293871	0.0403416	0.000906482	0.000329644	0.0635868	0.000320737	0.51457	0.298853	0.000523539	0.000373482	0.00277128	0.00301063	0.00674292	0.0199841	0.0248315	0.000727595	0.00254949
161	0.00539131	0.0452131	0.000771833	0.0259489	0.149573	0.00243106	0.0399189	0.135938	0.0106007	0.0951498	0.110616	0.00149985	0.00115862	0.00144308	0.000968475	0.0142478	0.0190445	0.225032	0.00976658	0.105287
162	0.00578275	0.0013565	0.000734807	0.000943819	0.0237789	0.010979	0.000948242	0.0131973	0.0096565	0.0195847	0.0108352	0.00154769	0.867473	0.00139465	0.00114603	0.00398615	0.00350429	0.0212751	0.000896482	0.000979068
163	0.0475675	0.00165628	0.0719267	0.548852	0.0158036	0.0308039	0.00369042	0.00546529	0.00163346	0.006285	0.00559853	0.00544954	0.0141963	0.160112	0.0284651	0.0240886	0.0176827	0.00797621	0.00112188	0.00162469
164	0.237032	0.00176468	0.0348829	0.0715648	0.00449201	0.0261361	0.0195829	0.0278442	0.0849951	0.0165056	0.00400111	0.00385615	0.00177579	0.0025379	0.0243942	0.178537	0.121573	0.135503	0.00111835	0.00190342
165	0.152626	0.0334017	0.000580929	0.00339231	0.00409919	0.111305	0.0167154	0.00836744	0.000898738	0.00323612	0.0119295	0.0654415	0.0076999	0.0017092	0.00116502	0.43493	0.115384	0.0256157	0.000847498	0.000654828
166	0.106698	0.00195606	0.000900522	0.00239299	0.0333244	0.00753034	0.000468542	0.241392	0.00220787	0.210421	0.044581	0.00475393	0.0146631	0.00511435	0.000771598	0.0338932	0.0581262	0.227553	0.00140822	0.00184244
167	0.0109195	0.00259605	0.00120212	0.000216408	0.138376	0.00108323	0.000334361	0.265358	0.00153891	0.381826	0.0705777	0.000458541	0.00177443	0.000742971	0.000617117	0.00252982	0.00898087	0.102872	0.00217358	0.00582204
168	0.0323837	0.00251273	0.352983	0.379662	0.00886886	0.0412148	0.0187988	0.0109501	0.00258561	0.0116735	0.0257572	0.0053495	0.00373159	0.0253646	0.00554482	0.043238	0.0122957	0.0116394	0.00146887	0.00397705
169	0.676843	0.0145128	0.000236425	0.000354493	0.00391499	0.0779901	0.000280291	0.00856978	0.000634968	0.00916633	0.00233535	0.00368406	0.00191868	0.00106762	0.000663233	0.110604	0.040784	0.0451536	0.000583619	0.00070339
170	0.0542327	0.00373332	0.000336684	0.000806149	0.042535	0.011892	0.000149	0.297566	0.000988187	0.289696	0.0413731	0.000439462	0.00126617	0.000643679	0.000234226	0.00452937	0.0147168	0.231849	0.0020586	0.000954511
171	0.199973	0.0274312	0.000264616	0.00112733	0.00175165	0.055308	0.00484847	0.0560959	0.000475873	0.0168513	0.0234954	0.0123439	0.00230043	0.00113711	0.000624698	0.295686	0.2116	0.0877308	0.000429156	0.000524972
172	0.0981161	0.000424921	0.0465111	0.149675	0.00133474	0.0770098	0.00652856	0.0151992	0.0762773	0.0103635	0.00128246	0.11748	0.00073186	0.0495204	0.0729437	0.173258	0.0650255	0.0370722	0.000388931	0.00085712
173	0.0472819	0.00248165	0.000249304	0.00271465	0.000897273	0.871047	0.00029775	0.002091	0.000342769	0.00130846	0.00214288	0.00992252	0.000325015	0.00334416	0.000400415	0.0482822	0.00106483	0.00515732	0.000310907	0.000338326
174	0.357983	0.045501	0.000483259	0.000758207	0.00506269	0.0305657	0.000779382	0.0479379	0.000864787	0.0217941	0.0183793	0.0024575	0.00125718	0.00417468	0.000816832	0.137463	0.240568	0.0819339	0.000579764	0.000639649
175	0.17816	0.000957111	0.000662626	0.00852827	0.0221578	0.118421	0.00116322	0.0623599	0.0183416	0.0857087	0.0720415	0.0171299	0.00376926	0.0462806	0.0203281	0.193845	0.0880177	0.0374349	0.0185735	0.00611873
176	0.10421	0.00101154	0.290149	0.0833614	0.00921993	0.0313304	0.0173273	0.00299446	0.0245242	0.00993396	0.0214595	0.142499	0.000739196	0.0865405	0.00599407	0.0947496	0.0549556	0.0171953	0.000772547	0.0010332
177	0.137838	0.00548534	0.000339022	0.0021295	0.00144357	0.746284	0.000348369	0.00422043	0.00040691	0.00220438	0.00435842	0.00654865	0.00106125	0.0025407	0.000540286	0.0638871	0.00376415	0.015895	0.000324381	0.000380103
178	0.0467997	0.00693068	0.000203065	0.000548351	0.0365665	0.0115903	0.00128803	0.115488	0.00054438	0.514206	0.0946158	0.000429523	0.000441692	0.000406281	0.000413564	0.00728414	0.0186491	0.14199	0.00122062	0.000383397
179	0.0431163	0.000357295	0.0112186	0.044286	0.00886365	0.0354636	0.0247411	0.00564904	0.233469	0.00417432	0.00767188	0.0942799	0.00612593	0.156283	0.215807	0.0749839	0.0216592	0.00443396	0.000265353	0.00715048
180	0.0473424	0.00102083	0.000727872	0.00211722	0.00845491	0.00370124	0.000319741	0.376254	0.00146482	0.156309	0.0937779	0.00455152	0.00602386	0.0078095	0.000460808	0.0221423	0.0586618	0.206828	0.000336822	0.00169576
181	0.19616	0.0230595	0.000685237	0.000934651	0.081628	0.0431065	0.00269554	0.0909876	0.0027007	0.143506	0.0397584	0.00454076	0.00162769	0.00313389	0.0029266	0.0294108	0.0229154	0.273633	0.0251045	0.0114854
182	0.179543	0.0177434	0.000394613	0.000640086	0.0900005	0.0300381	0.000757643	0.123323	0.000837317	0.177428	0.0567167	0.00141115	0.00120925	0.000929295	0.000859077	0.0263326	0.0309692	0.247574	0.00953616	0.00375712
183	0.180066	0.0359064	0.000349012	0.00293919	0.00345909	0.0957581	0.0228682	0.00945681	0.000653292	0.0022541	0.0151554	0.0535643	0.00742487	0.00115987	0.00058646	0.414369	0.122388	0.0303505	0.000724194	0.000568066
184	0.00432719	0.000456421	0.000180181	0.000289048	0.0119707	0.000826813	0.000283023	0.550396	0.000337719	0.0732434	0.00776496	0.00118393	0.00183741	0.000421727	0.000658592	0.00208364	0.00406383	0.336238	0.00289554	0.000542028
185	0.244108	0.0152901	0.000215852	0.000400811	0.047649	0.210826	0.000341697	0.109331	0.000404356	0.16492	0.00892217	0.000514455	0.00178859	0.000520804	0.000363076	0.0430563	0.0274208	0.123141	0.000336463	0.000450848
186	0.63655	0.0204258	0.000275869	0.000479278	0.00739092	0.0902191	0.000368208	0.0154615	0.000419203	0.0151473	0.00531469	0.0032267	0.00201647	0.00116347	0.000295982	0.0848524	0.0597373	0.0559211	0.000356742	0.000377926
