247	20
1	0.150221	0.009197	0.0327358	0.0496067	0.0187486	0.0154836	0.0285152	0.000534382	0.196224	0.0256962	0.011762	0.0461439	0.00745507	0.0868989	0.184988	0.0825214	0.0229229	0.00250576	0.00715303	0.0206863
2	0.0108482	0.00782915	0.000273374	0.000629946	0.0263093	0.000345519	0.000468881	0.260455	0.0005591	0.586655	0.0368462	0.000390609	0.00500222	0.00193403	0.00114098	0.00457346	0.00267616	0.0485326	0.0031846	0.00134595
3	0.0398383	0.020525	0.00636709	0.039486	0.0106938	0.00827227	0.00635235	0.10111	0.0288472	0.0966281	0.0131547	0.0141927	0.2965	0.0262873	0.0322824	0.0280133	0.0709585	0.147755	0.00679685	0.00593916
4	0.341397	0.0118169	0.0365414	0.0124493	0.00182278	0.0436214	0.0231752	0.00291067	0.0415973	0.00392351	0.0020322	0.00467097	0.0632197	0.0618293	0.0198429	0.316381	0.00594823	0.00439758	0.000865564	0.00155696
5	0.0238265	0.00261548	0.0006944	0.000764275	0.0132027	0.00102947	0.000803203	0.493326	0.0010761	0.0973061	0.0809878	0.00095376	0.000532975	0.0116936	0.00126883	0.00241476	0.0357377	0.230783	0.000368775	0.000614366
6	0.0256644	0.0138469	0.00103545	0.00141735	0.100429	0.000751072	0.0104582	0.110105	0.00218913	0.46802	0.0934273	0.000758424	0.0121836	0.0170748	0.00739368	0.0126599	0.00659986	0.029365	0.0323577	0.0542632
7	0.0269255	0.0343875	0.0022127	0.0038623	0.00231861	0.00671784	0.0439411	0.0391889	0.260485	0.013088	0.00622296	0.0196686	0.00170198	0.145107	0.180718	0.0235242	0.0836968	0.102867	0.000889933	0.0024745
8	0.0433926	0.00573676	0.001821	0.0135678	0.00199009	0.0133678	0.00214534	0.00305906	0.127273	0.00482249	0.00292091	0.0376324	0.249065	0.0188964	0.282159	0.110673	0.0737109	0.00463772	0.00169381	0.00143501
9	0.0225084	0.000693765	0.000510362	0.000657057	0.000598055	0.000802018	0.000664505	0.129732	0.000804729	0.0781686	0.000628823	0.000595523	0.000444536	0.000797597	0.000866918	0.00446408	0.0177546	0.738458	0.000326394	0.000524376
10	0.00370389	0.00445644	0.000521816	0.000575659	0.0428522	0.000801818	0.00363268	0.545107	0.00346638	0.125182	0.0116876	0.00071251	0.00175631	0.0011142	0.00636286	0.00138889	0.0024615	0.217388	0.00941926	0.0174088
11	0.00860296	0.0156001	0.00803989	0.00347712	0.00203703	0.0153682	0.0187489	0.00342126	0.00348198	0.00353366	0.00255229	0.886997	0.00181239	0.00349498	0.00326587	0.00623456	0.00622987	0.00377732	0.000859682	0.00246539
12	0.525484	0.0977815	0.00285712	0.00295681	0.00322845	0.249877	0.00225911	0.00696425	0.00579506	0.029102	0.0122102	0.00320505	0.00202278	0.00300679	0.00441042	0.0276007	0.00999121	0.00854869	0.000892908	0.0018059
13	0.0229608	0.0296949	0.00272587	0.00422433	0.00256828	0.0441609	0.00340682	0.00703806	0.00444121	0.00703856	0.00349385	0.0054254	0.00230658	0.0116754	0.003939	0.254258	0.567831	0.0186861	0.00141034	0.0027144
14	0.038602	0.00292223	0.0101241	0.00443313	0.000520617	0.871381	0.000961246	0.0011971	0.00463353	0.00151122	0.000856147	0.00869754	0.000569746	0.00188057	0.00726938	0.0354578	0.00493392	0.00333038	0.000271067	0.000447333
15	0.0238062	0.0108081	0.00391841	0.00555624	0.00509717	0.00559454	0.00536907	0.399518	0.0129115	0.0135208	0.010029	0.0109329	0.00336207	0.00684848	0.0117319	0.0563992	0.287171	0.121424	0.00176767	0.00423423
16	0.017551	0.00208473	0.000498923	0.000520804	0.012214	0.000817832	0.000866111	0.553759	0.000742015	0.0900242	0.0544363	0.000736826	0.000754274	0.00714054	0.000823042	0.00157851	0.0240892	0.229045	0.000531581	0.00178561
17	0.00854787	0.00778276	0.000248745	0.00038877	0.0269327	0.00034057	0.000422445	0.280782	0.00040956	0.555815	0.0356512	0.000395339	0.00345375	0.00126354	0.000712288	0.00426344	0.00204612	0.0658747	0.00305839	0.00161109
18	0.016316	0.00569948	0.0856061	0.0120993	0.00511169	0.0115418	0.476197	0.0070215	0.0100594	0.0095021	0.00524852	0.252499	0.00455865	0.00783678	0.0085219	0.031397	0.0101246	0.00970858	0.0021633	0.0287871
19	0.055878	0.0127083	0.0298958	0.123398	0.00798363	0.022231	0.0204529	0.025291	0.0354682	0.0237912	0.00920729	0.0254668	0.0163165	0.026035	0.0194938	0.0804148	0.381238	0.0692532	0.00666145	0.00881568
20	0.0158681	0.0158223	0.00868803	0.00851773	0.00225804	0.0213888	0.0126663	0.00378765	0.00622834	0.00504621	0.00334306	0.859355	0.00138444	0.00675923	0.00429649	0.0101057	0.00618877	0.00481241	0.00114924	0.00233427
21	0.0130039	0.0236035	0.00109171	0.000930982	0.106843	0.00076849	0.013047	0.0985932	0.00250186	0.441733	0.150019	0.00363564	0.00410553	0.00648598	0.00287589	0.00792795	0.0246841	0.0623923	0.0124414	0.0233152
22	0.0160558	0.000986768	0.00969401	0.0041183	0.000465713	0.904515	0.000886823	0.000794286	0.00403903	0.00104528	0.000576123	0.0084185	0.000426234	0.00180737	0.00688232	0.0329852	0.00369314	0.00196884	0.000249455	0.000391999
23	0.0136347	0.0133871	0.00556694	0.00431056	0.00355563	0.00471875	0.00639912	0.0158351	0.049029	0.00942483	0.00603048	0.0137894	0.00436019	0.0187953	0.763298	0.0257798	0.011456	0.0191891	0.00142342	0.0100168
24	0.522756	0.0123868	0.0101969	0.00343644	0.00117784	0.100129	0.0101603	0.00210912	0.0153299	0.00371202	0.00182029	0.00379275	0.0246376	0.00992602	0.00865019	0.240061	0.017264	0.0105855	0.000767311	0.0011012
25	0.0150191	0.0213563	0.00127173	0.0117553	0.00883547	0.0015918	0.00132233	0.142577	0.0339674	0.0669119	0.00787856	0.0153322	0.345735	0.0361723	0.043628	0.0208601	0.0789265	0.138651	0.00709037	0.00111769
26	0.0214168	0.0151046	0.00106437	0.000883444	0.111452	0.000851575	0.0102921	0.114674	0.0017016	0.444098	0.0985702	0.000849645	0.0110023	0.0176959	0.00660535	0.0121727	0.00733703	0.0336014	0.0344421	0.0561849
27	0.326637	0.0357287	0.0296349	0.00412578	0.00118772	0.0383555	0.0357243	0.00227599	0.007094	0.00281996	0.001455	0.010039	0.11526	0.0139183	0.0060413	0.353327	0.0113076	0.00322405	0.00068447	0.00115913
28	0.0710045	0.0908481	0.00794101	0.00185484	0.0189632	0.010541	0.0179483	0.0341022	0.00209	0.0996142	0.0317312	0.0616393	0.00128543	0.00208499	0.00213571	0.287255	0.142661	0.0994521	0.00752981	0.00931783
29	0.107524	0.00678807	0.0935076	0.00685471	0.0046603	0.00688481	0.00671341	0.00830158	0.00710989	0.00914209	0.00518272	0.194394	0.0704393	0.00660537	0.00783688	0.0729867	0.36488	0.0128776	0.00256463	0.00474745
30	0.0209743	0.0241223	0.00189353	0.0030071	0.0617704	0.00304674	0.00608592	0.154633	0.00330918	0.477811	0.0834513	0.00384324	0.00558685	0.00447456	0.00681782	0.011968	0.0192693	0.0929374	0.00548378	0.00951418
31	0.0185206	0.0010679	0.0333624	0.814331	0.00421812	0.00588973	0.00437737	0.00488774	0.00637875	0.002717	0.00117691	0.0181757	0.00695366	0.0392551	0.00404893	0.0188239	0.0084469	0.00275356	0.000484954	0.00412958
32	0.00993242	0.0203769	0.0019054	0.00246873	0.246385	0.00266852	0.00592336	0.0681609	0.0029356	0.183184	0.0707957	0.00292823	0.00342084	0.00670129	0.00385011	0.00673462	0.00700557	0.0116035	0.00869174	0.334328
33	0.0233992	0.00168694	0.720951	0.0155372	0.00147022	0.0192664	0.0168845	0.00212206	0.00189332	0.00236125	0.00178859	0.102946	0.00110605	0.0103357	0.0113259	0.0481749	0.0104905	0.00337673	0.000674166	0.00420948
34	0.0449019	0.00432569	0.000392952	0.00639894	0.0154619	0.00042283	0.00313282	0.162439	0.00471472	0.625418	0.0331129	0.000438016	0.00819328	0.0101124	0.0108245	0.00621959	0.00130296	0.0488927	0.00123788	0.0120573
35	0.120636	0.0027959	0.177985	0.313735	0.00343908	0.0322743	0.022944	0.00309317	0.0602057	0.009514	0.00376167	0.0362732	0.0070637	0.0586186	0.0255537	0.0561125	0.0350146	0.0214418	0.00575445	0.0037836
36	0.133306	0.00458268	0.0474463	0.218563	0.00121756	0.0252158	0.0290734	0.00985173	0.147681	0.0134433	0.00153769	0.0469436	0.00703888	0.0564228	0.0447093	0.101337	0.101779	0.00840393	0.00040602	0.00104114
37	0.0215117	0.00104836	0.0215103	0.00906948	0.000505045	0.872305	0.00185117	0.000934584	0.00714924	0.00124969	0.000668211	0.0153809	0.000515922	0.00193598	0.00885726	0.0289807	0.00361354	0.00208952	0.000305827	0.000517746
38	0.0416242	0.0247036	0.00206635	0.245587	0.00228086	0.0653037	0.00276194	0.00348696	0.354127	0.00330876	0.00223659	0.00255714	0.00173057	0.0559301	0.11973	0.0380177	0.0160674	0.0159225	0.000774908	0.00178358
39	0.0340671	0.0129247	0.00649363	0.0120231	0.00499481	0.0110655	0.00991042	0.0133801	0.160044	0.0104693	0.00826606	0.0162174	0.00743216	0.030503	0.585007	0.0327397	0.0174636	0.0168769	0.00157018	0.00855133
40	0.0210163	0.00218784	0.00813869	0.0041682	0.000768683	0.865287	0.00159328	0.00206237	0.00847747	0.00225155	0.0019718	0.00797508	0.00231692	0.00329295	0.00734206	0.0469344	0.00946653	0.00332127	0.00048535	0.000941891
41	0.0885394	0.0036459	0.174914	0.274873	0.00294548	0.0474378	0.0335312	0.00922621	0.0460226	0.0227831	0.00354651	0.0605143	0.00633721	0.0604478	0.0324965	0.0696749	0.0236456	0.023332	0.0049512	0.011135
42	0.0162506	0.0140501	0.0032746	0.00548979	0.00429389	0.00569917	0.00739122	0.0168972	0.0498896	0.0105247	0.00713309	0.0136921	0.00455482	0.019411	0.754095	0.0245337	0.0117488	0.019724	0.00188852	0.00945841
43	0.119057	0.00292763	0.202498	0.313417	0.0022642	0.0348254	0.0225914	0.00251812	0.0538694	0.0101669	0.00229581	0.0317278	0.00812261	0.0642588	0.0269074	0.0420084	0.026415	0.0223563	0.00739421	0.00437843
44	0.0615687	0.00432031	0.000789754	0.00949594	0.0166254	0.000607408	0.00834336	0.121669	0.00803049	0.612656	0.0327317	0.000618051	0.0117662	0.012296	0.0172508	0.00962477	0.00159441	0.0410289	0.00477538	0.0242075
45	0.00914122	0.00827472	0.000242808	0.000383255	0.0267821	0.000305456	0.000329111	0.260877	0.000381672	0.588739	0.0381846	0.000358733	0.00374214	0.0015213	0.000720434	0.00430886	0.00203545	0.0495752	0.00334811	0.000749489
46	0.0385619	0.0662276	0.00173745	0.00214922	0.00482025	0.0187857	0.0409923	0.0230921	0.150799	0.0460525	0.0247052	0.032182	0.00219701	0.0705478	0.300479	0.035344	0.0806133	0.0511527	0.000997741	0.00856286
47	0.150063	0.00937389	0.0330301	0.0504683	0.0187193	0.0153257	0.0285889	0.000736099	0.194983	0.0263285	0.012143	0.0457124	0.00736679	0.0869131	0.184362	0.0820084	0.0228834	0.00269361	0.00725949	0.0210415
48	0.00914122	0.00827472	0.000242808	0.000383255	0.0267821	0.000305456	0.000329111	0.260877	0.000381672	0.588739	0.0381846	0.000358733	0.00374214	0.0015213	0.000720434	0.00430886	0.00203545	0.0495752	0.00334811	0.000749489
49	0.0629933	0.01561	0.00632934	0.00885667	0.0567642	0.00933156	0.00851959	0.0223622	0.00909339	0.203176	0.0193184	0.0134798	0.0072673	0.00860094	0.00885558	0.0760032	0.370615	0.0813836	0.00407156	0.00736861
50	0.068185	0.0059637	0.0799257	0.0607243	0.00092405	0.485319	0.00750212	0.00415455	0.0263954	0.0107559	0.00324853	0.118119	0.000783325	0.0339069	0.0111849	0.0589503	0.0152255	0.00606321	0.000654491	0.00201417
51	0.413441	0.102515	0.000900395	0.00277728	0.00106635	0.0655823	0.000958591	0.0172546	0.0022928	0.0102907	0.00185754	0.0032265	0.0140504	0.00129545	0.00143485	0.1092	0.119704	0.130771	0.00048236	0.000898686
52	0.0147726	0.000788982	0.0301157	0.841678	0.00403564	0.000693828	0.00371829	0.00407281	0.0041484	0.00110645	0.000728402	0.0178715	0.00700542	0.0391868	0.000918802	0.0162446	0.00745153	0.00127944	0.000288042	0.00389432
53	0.0475475	0.0020489	0.572584	0.0234802	0.0017498	0.0997207	0.0132037	0.00238946	0.00272923	0.00316387	0.00209901	0.0558255	0.00159862	0.00360136	0.0129827	0.144143	0.00488693	0.00346961	0.000638341	0.00213709
54	0.40854	0.104316	0.000882078	0.00232416	0.00112854	0.0735703	0.000918293	0.0190266	0.00185466	0.0110413	0.00194103	0.00237906	0.0151626	0.00131812	0.00136115	0.102849	0.112326	0.137704	0.000466483	0.000890366
55	0.00255494	0.0228784	0.000626655	0.00062728	0.099754	0.00072974	0.00883549	0.0992706	0.000806907	0.461067	0.171142	0.00359405	0.000752106	0.000765384	0.000791846	0.00384208	0.0342047	0.0840842	0.000298237	0.003375
56	0.0225084	0.000693765	0.000510362	0.000657057	0.000598055	0.000802018	0.000664505	0.129732	0.000804729	0.0781686	0.000628823	0.000595523	0.000444536	0.000797597	0.000866918	0.00446408	0.0177546	0.738458	0.000326394	0.000524376
57	0.0337625	0.00554884	0.00144263	0.00137181	0.0118947	0.00238532	0.00179357	0.138508	0.00240815	0.101097	0.0122688	0.00194674	0.00404553	0.00158484	0.00307301	0.00832388	0.0208449	0.642355	0.00191874	0.00342645
58	0.00975205	0.0159201	0.00523556	0.00494317	0.00234045	0.012912	0.0136913	0.00345322	0.00523646	0.00415001	0.0026795	0.88691	0.00183376	0.00471779	0.00488883	0.00737444	0.00616372	0.00463675	0.000962725	0.00219792
59	0.00935346	0.0157857	0.00944125	0.00385194	0.00219593	0.0114438	0.0157241	0.00310162	0.00323892	0.00441368	0.00241185	0.889855	0.0018391	0.00410167	0.0031146	0.00678587	0.00638059	0.00384812	0.000917019	0.00219533
60	0.0109311	0.0414051	0.0031689	0.00360972	0.00306902	0.0117591	0.0100503	0.00470182	0.00522107	0.00752088	0.00379226	0.845594	0.00326296	0.00501108	0.00597657	0.0117645	0.0105079	0.00823171	0.00157089	0.00285143
61	0.430558	0.0564393	0.00583791	0.0116075	0.0032902	0.0473449	0.00379398	0.0100227	0.0125223	0.0117995	0.00390703	0.00945395	0.0116454	0.00641013	0.00714843	0.176682	0.1272	0.0602783	0.00180427	0.00225508
62	0.587164	0.00233417	0.00227004	0.00165581	0.00125739	0.187584	0.00176358	0.00182939	0.0251012	0.00274325	0.00171911	0.00174062	0.00222936	0.0022633	0.012561	0.141338	0.00881587	0.0137458	0.000710531	0.00117477
63	0.418419	0.0229153	0.015906	0.00726542	0.00218455	0.0597905	0.0121537	0.00390556	0.0147063	0.00724914	0.00372692	0.00773711	0.0326618	0.0131623	0.00803808	0.31043	0.0412251	0.0155188	0.000977792	0.00202754
64	0.0225084	0.000693765	0.000510362	0.000657057	0.000598055	0.000802018	0.000664505	0.129732	0.000804729	0.0781686	0.000628823	0.000595523	0.000444536	0.000797597	0.000866918	0.00446408	0.0177546	0.738458	0.000326394	0.000524376
65	0.0187146	0.0206245	0.00127554	0.00117332	0.183054	0.00132725	0.00878753	0.0846801	0.00180984	0.357546	0.123656	0.00138534	0.00891578	0.0161513	0.00541077	0.0116256	0.00871705	0.0238263	0.0314196	0.0898995
66	0.00933585	0.00826587	0.000252748	0.000424469	0.0268511	0.000304825	0.000356828	0.262351	0.000417164	0.586292	0.0379863	0.000361258	0.0037437	0.00156324	0.000782446	0.00427856	0.00207354	0.0501764	0.00330305	0.00088005
67	0.154072	0.0501537	0.000761632	0.000960956	0.000871526	0.00148872	0.000846777	0.151772	0.000980845	0.0438616	0.0418038	0.00102359	0.0303195	0.00102656	0.00113341	0.0228027	0.0499247	0.44513	0.000336503	0.000729893
68	0.0966346	0.0158873	0.00370308	0.0113466	0.0292044	0.0108602	0.00729011	0.0848084	0.00912642	0.38504	0.0881022	0.00946879	0.00957046	0.0122069	0.0116514	0.0571114	0.0264852	0.112755	0.00389982	0.0148475
69	0.155029	0.0137144	0.0888229	0.107038	0.00117417	0.0623186	0.00862119	0.00774732	0.0574362	0.0210986	0.00753552	0.257387	0.000908177	0.0718663	0.0150543	0.0796075	0.0342155	0.00841633	0.000541939	0.00146718
70	0.438251	0.0602799	0.00180686	0.00985685	0.00152794	0.0245464	0.00182365	0.00568152	0.00625044	0.00873025	0.00214396	0.00800785	0.0044615	0.00210294	0.0022397	0.171934	0.194672	0.0536441	0.000852135	0.00118691
71	0.00255494	0.0228784	0.000626655	0.00062728	0.099754	0.00072974	0.00883549	0.0992706	0.000806907	0.461067	0.171142	0.00359405	0.000752106	0.000765384	0.000791846	0.00384208	0.0342047	0.0840842	0.000298237	0.003375
72	0.546554	0.126241	0.00231624	0.00270766	0.00356869	0.196088	0.00239327	0.00872811	0.00362365	0.031301	0.0157882	0.00302726	0.0020434	0.00297422	0.00355775	0.0260709	0.0107636	0.00956115	0.000861685	0.00183032
73	0.150221	0.009197	0.0327358	0.0496067	0.0187486	0.0154836	0.0285152	0.000534382	0.196224	0.0256962	0.011762	0.0461439	0.00745507	0.0868989	0.184988	0.0825214	0.0229229	0.00250576	0.00715303	0.0206863
74	0.077262	0.00360169	0.204892	0.0829256	0.00293077	0.399759	0.00903878	0.00356366	0.0336983	0.00559249	0.00289251	0.0751353	0.00266061	0.00836099	0.0509178	0.0173716	0.00792702	0.00735788	0.00154708	0.0025647
75	0.055102	0.000790835	0.0130501	0.0127161	0.00301443	0.0212718	0.00785966	0.000860124	0.508011	0.00115144	0.00674941	0.0168579	0.00382759	0.0334026	0.243472	0.041154	0.0238698	0.00392091	0.00026121	0.00265643
76	0.0147726	0.000788982	0.0301157	0.841678	0.00403564	0.000693828	0.00371829	0.00407281	0.0041484	0.00110645	0.000728402	0.0178715	0.00700542	0.0391868	0.000918802	0.0162446	0.00745153	0.00127944	0.000288042	0.00389432
77	0.373899	0.0992302	0.000821813	0.00201623	0.00111501	0.0662107	0.000876914	0.0364796	0.0016649	0.0167453	0.0064773	0.00209475	0.0164973	0.00126398	0.00129145	0.088356	0.101598	0.182048	0.000431747	0.000881775
78	0.00353777	0.00105782	0.000252519	0.000300709	0.00989709	0.000456807	0.00153314	0.687674	0.000381646	0.0825755	0.00814639	0.000386689	0.00203694	0.000405883	0.000491546	0.000759134	0.00219048	0.190319	0.0013917	0.00620469
79	0.0225084	0.000693765	0.000510362	0.000657057	0.000598055	0.000802018	0.000664505	0.129732	0.000804729	0.0781686	0.000628823	0.000595523	0.000444536	0.000797597	0.000866918	0.00446408	0.0177546	0.738458	0.000326394	0.000524376
80	0.24838	0.0258087	0.0211493	0.0130495	0.00371637	0.0294095	0.0128899	0.00628193	0.0213511	0.0126753	0.0053748	0.0161622	0.0276702	0.0161026	0.0146397	0.437363	0.066924	0.0159947	0.00166922	0.00338749
81	0.0501721	0.0132572	0.0126205	0.0165298	0.0118951	0.0101056	0.0217984	0.0141634	0.0829642	0.0171088	0.01074	0.0220691	0.00586825	0.0326421	0.532196	0.0628565	0.0188827	0.0152852	0.00548333	0.0433619
82	0.0156703	0.000937876	0.00815521	0.00360289	0.000431522	0.908377	0.000776547	0.000754494	0.00344688	0.000931021	0.000574616	0.00780411	0.000417399	0.00173499	0.00672006	0.0334101	0.00369446	0.00194659	0.000241654	0.000372345
83	0.0147726	0.000788982	0.0301157	0.841678	0.00403564	0.000693828	0.00371829	0.00407281	0.0041484	0.00110645	0.000728402	0.0178715	0.00700542	0.0391868	0.000918802	0.0162446	0.00745153	0.00127944	0.000288042	0.00389432
84	0.0744862	0.0128613	0.00633209	0.0113876	0.044028	0.00332039	0.0129702	0.0914613	0.0128456	0.438204	0.119141	0.0116216	0.00786027	0.0284241	0.0135103	0.0276339	0.0104518	0.0297862	0.011466	0.0322083
85	0.00472474	0.0011541	0.000264007	0.000337172	0.00965919	0.000476179	0.00140778	0.670067	0.000410013	0.081766	0.0123193	0.000426975	0.00186149	0.000973726	0.00057876	0.000843132	0.00415193	0.201766	0.00126432	0.00554807
86	0.0240545	0.00164221	0.0390795	0.779899	0.00424633	0.00407035	0.00563844	0.00603378	0.0116436	0.00394972	0.00161139	0.0196797	0.00724528	0.0442534	0.0055642	0.0209269	0.0104229	0.00505461	0.000763918	0.0042207
87	0.0124125	0.00300117	0.00071584	0.000728983	0.0110047	0.00140444	0.0014866	0.606826	0.000750047	0.0858643	0.0172947	0.000711446	0.00252655	0.00220954	0.00106679	0.00257987	0.00962119	0.233303	0.00143328	0.00505866
88	0.0161051	0.000961652	0.00915193	0.00393319	0.000470252	0.904581	0.000918288	0.000770537	0.00383159	0.00104792	0.000599797	0.00815521	0.00042913	0.00188943	0.00721429	0.0331255	0.00366342	0.00250316	0.000242156	0.000405943
89	0.0330404	0.00205611	0.143189	0.0218893	0.00183739	0.665106	0.00563834	0.00220981	0.0117839	0.00385524	0.00158943	0.0307762	0.00146288	0.00348922	0.0153347	0.043557	0.00601997	0.00499632	0.000633262	0.00153496
90	0.294997	0.0103467	0.0431973	0.0335841	0.00561013	0.0545988	0.0207386	0.00375505	0.0813351	0.0100131	0.00675543	0.0171002	0.0362497	0.0519495	0.0651487	0.234536	0.0142231	0.00696995	0.00256749	0.00632404
91	0.00935556	0.0151261	0.00244506	0.00358046	0.789249	0.0141496	0.0114497	0.00972345	0.00414417	0.0157879	0.00770816	0.00372509	0.00233915	0.00431931	0.00417597	0.00754029	0.00664364	0.020949	0.00143117	0.0661576
92	0.0304817	0.0162717	0.00776869	0.0103824	0.0055458	0.00938059	0.0148053	0.0147136	0.0802266	0.014357	0.0112449	0.0372643	0.00987196	0.025592	0.623768	0.0330269	0.0210115	0.0204871	0.00268835	0.0111116
93	0.00762769	0.00176978	0.000290059	0.000311984	0.011431	0.000521478	0.00117295	0.64157	0.000448453	0.0862094	0.0269011	0.000430969	0.00131777	0.00237725	0.000638202	0.000823652	0.00888169	0.202289	0.000982328	0.00400539
94	0.0651528	0.020249	0.0124402	0.0209654	0.0111182	0.0191741	0.0135264	0.0436105	0.0948255	0.0789851	0.0133942	0.0197771	0.228691	0.0317568	0.0619958	0.146507	0.0519019	0.0517916	0.00658972	0.00754752
95	0.0149848	0.000790722	0.0304398	0.840679	0.00403131	0.000757372	0.00375481	0.00406688	0.00425986	0.00110909	0.000732539	0.0178974	0.00700713	0.0391781	0.000947381	0.0163307	0.00749808	0.00132675	0.000314918	0.00389314
96	0.00687914	0.00163962	0.000275386	0.000330917	0.011406	0.000504348	0.00120916	0.652087	0.000438122	0.0850575	0.0225779	0.000406463	0.00141021	0.00198564	0.00052617	0.000741369	0.00737626	0.199698	0.00103476	0.0044155
97	0.00544882	0.0201533	0.000445938	0.000548777	0.0776343	0.000542694	0.00540491	0.160171	0.0007106	0.502702	0.120679	0.00239777	0.00220627	0.00162028	0.000987945	0.00454595	0.0198494	0.0653373	0.00307225	0.00554205
98	0.556125	0.0126892	0.00303846	0.00218609	0.00168321	0.187182	0.00285314	0.00308446	0.0237565	0.00512007	0.00308347	0.00221943	0.00486633	0.00296097	0.0117414	0.146176	0.0122768	0.0168166	0.000910982	0.00122909
99	0.0156703	0.000937876	0.00815521	0.00360289	0.000431522	0.908377	0.000776547	0.000754494	0.00344688	0.000931021	0.000574616	0.00780411	0.000417399	0.00173499	0.00672006	0.0334101	0.00369446	0.00194659	0.000241654	0.000372345
100	0.40332	0.10414	0.000955467	0.00222842	0.00112141	0.080015	0.00105892	0.0185156	0.00164825	0.010696	0.00201308	0.0022947	0.0170021	0.00137796	0.00150882	0.0991941	0.111641	0.139926	0.000453507	0.00088963
101	0.0179045	0.00338476	0.0132255	0.0461371	0.0137302	0.0136727	0.0365002	0.190646	0.248323	0.0260967	0.00245318	0.00308478	0.00177181	0.0384208	0.152385	0.00549488	0.1152	0.0687541	0.000883783	0.00192957
102	0.0107713	0.0195946	0.000910303	0.00131158	0.0870536	0.0012702	0.00780518	0.11093	0.00104714	0.461507	0.162764	0.00325855	0.00199116	0.00241937	0.00156935	0.00439643	0.0289749	0.0850589	0.00188555	0.00548187
103	0.0253518	0.0482177	0.00215614	0.00298386	0.00267532	0.00429159	0.0742158	0.0258198	0.218591	0.0076117	0.00477923	0.00823799	0.00205084	0.0503129	0.200153	0.0116912	0.0379722	0.269668	0.000993512	0.00222627
104	0.116878	0.00540894	0.196541	0.252017	0.00355795	0.0525121	0.0216029	0.00502094	0.0495646	0.024255	0.00469863	0.0552361	0.00705888	0.0567048	0.0271585	0.0615827	0.0282897	0.0210892	0.00568443	0.00513833
105	0.0218975	0.000703107	0.000501688	0.000626676	0.000788791	0.000772622	0.000685979	0.138673	0.000799755	0.0771825	0.000825944	0.000584865	0.000461595	0.000788341	0.000823603	0.00438406	0.0172753	0.731259	0.000349897	0.000615219
106	0.0169849	0.00132813	0.0101602	0.0042838	0.000461728	0.900692	0.00100775	0.000849899	0.00379797	0.00112523	0.000713664	0.00885017	0.000548298	0.00178488	0.00711421	0.0334226	0.00380321	0.00239093	0.000284198	0.000396738
107	0.44187	0.0754955	0.00205991	0.00761881	0.00152338	0.0245232	0.0025005	0.00666353	0.00628214	0.00889747	0.00219991	0.0115187	0.00506838	0.00201905	0.00242859	0.165804	0.178823	0.0525789	0.000716418	0.0014093
108	0.0464192	0.0254106	0.00520579	0.0090435	0.00731292	0.0173598	0.00910595	0.128566	0.0142159	0.0188884	0.00733861	0.0189556	0.00918441	0.0100634	0.0138802	0.136086	0.441778	0.0723864	0.00364142	0.00515815
109	0.00885095	0.015521	0.0057784	0.00377931	0.0021132	0.0113927	0.017388	0.00300124	0.0040334	0.0037633	0.00258234	0.893466	0.00183794	0.00366303	0.00282362	0.00708384	0.00576177	0.00428899	0.000827876	0.00204337
110	0.0119415	0.0238733	0.00198502	0.00317923	0.00252917	0.00486848	0.0098343	0.0227724	0.0811676	0.00876884	0.0052934	0.0116656	0.00183571	0.0336776	0.692173	0.0263848	0.0172905	0.0325968	0.00125593	0.00690629
111	0.184372	0.042324	0.00483543	0.00901747	0.00706661	0.0276266	0.00829222	0.0584904	0.0118254	0.0330464	0.0134977	0.0107734	0.0189744	0.00804722	0.00834941	0.0688352	0.248823	0.228812	0.00313759	0.00385316
112	0.0132237	0.00541727	0.00475483	0.0048235	0.0348398	0.00584954	0.251931	0.0313384	0.12194	0.00851544	0.00607864	0.00647005	0.00352575	0.00679045	0.154265	0.0136023	0.0366922	0.00960946	0.0499725	0.230361
113	0.068313	0.00398812	0.000712515	0.0111758	0.0099721	0.000640335	0.00559812	0.12551	0.00786209	0.62043	0.0294372	0.000577457	0.0114909	0.0122429	0.0167197	0.00885067	0.00114149	0.0458272	0.000339116	0.0191715
114	0.143144	0.00865175	0.033823	0.0490496	0.0195174	0.0145441	0.0302105	0.000611437	0.201677	0.0241779	0.01101	0.0447847	0.00699651	0.0847757	0.189512	0.0861337	0.021891	0.00253515	0.00672143	0.0202336
115	0.0268184	0.00169153	0.690504	0.0191026	0.00148896	0.0394732	0.0166171	0.00212598	0.00279817	0.00295256	0.00185832	0.0855782	0.00153461	0.0092568	0.0113661	0.0700463	0.00868085	0.00376251	0.000640673	0.00370317
116	0.0123665	0.0157628	0.00386813	0.0044574	0.568471	0.0119049	0.0408064	0.0222327	0.0117532	0.0405215	0.0156047	0.00490596	0.00313519	0.00511726	0.013092	0.00996	0.00976725	0.0234096	0.0053602	0.177503
117	0.130247	0.00618374	0.00607958	0.160398	0.0102487	0.0269001	0.00294163	0.0543915	0.102351	0.0510271	0.0450848	0.0111748	0.00220633	0.091198	0.167489	0.0506152	0.0157963	0.0466365	0.00118076	0.0178509
118	0.155166	0.013645	0.0888872	0.107693	0.00116571	0.0627467	0.00869951	0.00767711	0.0570983	0.02116	0.00748142	0.256949	0.000904834	0.0721116	0.0152321	0.0787207	0.0341641	0.0084837	0.000543259	0.00147078
119	0.166913	0.0133652	0.0820801	0.102691	0.00221464	0.0787104	0.00903937	0.00890856	0.0519116	0.0205959	0.00732437	0.252389	0.00162763	0.0637556	0.0155268	0.0777488	0.0320341	0.0096029	0.00135579	0.0022062
120	0.00353777	0.00105782	0.000252519	0.000300709	0.00989709	0.000456807	0.00153314	0.687674	0.000381646	0.0825755	0.00814639	0.000386689	0.00203694	0.000405883	0.000491546	0.000759134	0.00219048	0.190319	0.0013917	0.00620469
121	0.0195252	0.0210383	0.00234103	0.00563772	0.00299561	0.0269881	0.0055573	0.00983449	0.00565384	0.00943978	0.00404906	0.00645163	0.00194629	0.0094369	0.00375553	0.230585	0.589782	0.0400267	0.00273323	0.0022221
122	0.584621	0.00237469	0.00161585	0.00153881	0.00135253	0.20655	0.00154254	0.0020375	0.0354389	0.0028986	0.00167621	0.00170191	0.0010921	0.00183413	0.0166379	0.105377	0.0108678	0.0185279	0.000788221	0.00152648
123	0.166614	0.00286684	0.00175296	0.00216943	0.0517372	0.0138123	0.00235708	0.0213181	0.00298839	0.2655	0.203724	0.00248384	0.0105756	0.00269066	0.00283056	0.00617205	0.0187511	0.219268	0.000810209	0.00157771
124	0.00914122	0.00827472	0.000242808	0.000383255	0.0267821	0.000305456	0.000329111	0.260877	0.000381672	0.588739	0.0381846	0.000358733	0.00374214	0.0015213	0.000720434	0.00430886	0.00203545	0.0495752	0.00334811	0.000749489
125	0.0168563	0.0194145	0.000801739	0.00100645	0.0918339	0.00205828	0.00763588	0.0876526	0.00115539	0.429419	0.198033	0.00362954	0.00174572	0.00120343	0.00112615	0.00419559	0.0314531	0.0967904	0.000415339	0.00357361
126	0.0585123	0.000926125	0.013874	0.0123164	0.00317474	0.0200933	0.00856831	0.000853464	0.506756	0.00106211	0.00622683	0.0180874	0.00305176	0.0334309	0.238264	0.0434587	0.0240438	0.00427129	0.000211047	0.00281802
127	0.340693	0.0752067	0.0031336	0.00559548	0.00384866	0.0458916	0.00362738	0.0198832	0.00546362	0.0198871	0.0057563	0.0111832	0.0113334	0.00356843	0.00268776	0.162686	0.145049	0.130451	0.00180314	0.00225119
128	0.0674869	0.0168197	0.0368471	0.0231181	0.01175	0.0203251	0.35658	0.018531	0.0246446	0.0228852	0.014694	0.0952	0.0192722	0.0235223	0.0256912	0.125477	0.0362756	0.0286155	0.00712907	0.0251355
129	0.0594197	0.0842193	0.00294068	0.00484693	0.00315887	0.00542359	0.00382055	0.00604093	0.0817943	0.00716178	0.0232195	0.0264911	0.134718	0.118267	0.120957	0.113528	0.174903	0.00717398	0.0192592	0.00265666
130	0.255789	0.028209	0.0264865	0.0120684	0.00453014	0.0690824	0.0251596	0.00959717	0.0188556	0.0127256	0.00710454	0.0119156	0.108223	0.0222707	0.0140658	0.321206	0.0296697	0.0170709	0.00160481	0.00436634
131	0.0109212	0.011453	0.0262544	0.0072504	0.00336699	0.0101076	0.159307	0.00547805	0.00619248	0.00733404	0.0038548	0.691515	0.00272045	0.0047424	0.00533605	0.0158039	0.007491	0.00703682	0.00146102	0.012373
132	0.00839884	0.0150853	0.00248421	0.00298993	0.81194	0.0151314	0.0118322	0.00432419	0.00417137	0.00522548	0.00344464	0.00359602	0.00204294	0.00377606	0.00382795	0.00716561	0.00558529	0.018283	0.00105296	0.0696425
133	0.150221	0.009197	0.0327358	0.0496067	0.0187486	0.0154836	0.0285152	0.000534382	0.196224	0.0256962	0.011762	0.0461439	0.00745507	0.0868989	0.184988	0.0825214	0.0229229	0.00250576	0.00715303	0.0206863
134	0.0220573	0.0030585	0.000864077	0.00126909	0.0180663	0.00141116	0.00114519	0.49222	0.00139575	0.102172	0.0854958	0.00134882	0.000576878	0.0179654	0.00142458	0.00313236	0.0341737	0.210202	0.000622359	0.00139789
135	0.0305378	0.015842	0.0146552	0.162439	0.00243076	0.015765	0.00261374	0.184159	0.00299021	0.106336	0.0537767	0.015022	0.00196251	0.10278	0.0379456	0.0847383	0.0324568	0.130548	0.000962589	0.00203951
136	0.0182076	0.00131299	0.0114749	0.00489562	0.000463203	0.896022	0.0010147	0.000967727	0.00439575	0.00108108	0.000650401	0.00901497	0.000472722	0.0019114	0.0073234	0.0330302	0.00446362	0.00263305	0.000243649	0.000421345
137	0.0108906	0.0162372	0.00318513	0.00447926	0.7662	0.0147494	0.0116261	0.0136505	0.00414055	0.0230923	0.00726773	0.00399102	0.00229816	0.0048844	0.00510548	0.0088611	0.00804973	0.0232574	0.00354203	0.0644915
138	0.0111357	0.00401274	0.00256195	0.0221554	0.00297231	0.00370725	0.0376494	0.00782296	0.0211297	0.0152748	0.00319208	0.0111718	0.0023711	0.0198624	0.00440197	0.0927998	0.510792	0.20605	0.0180298	0.00290705
139	0.139207	0.00673814	0.0406672	0.223502	0.00117987	0.0268833	0.0416578	0.00811124	0.160904	0.0102701	0.00132205	0.037026	0.00739115	0.0548017	0.0523567	0.103627	0.0772319	0.0059216	0.000418312	0.000782923
140	0.111247	0.00330931	0.0838128	0.280751	0.0133311	0.00340425	0.00399491	0.0030991	0.0217636	0.00689725	0.0151464	0.017378	0.00139563	0.0418287	0.0141245	0.272536	0.0740969	0.027058	0.000976503	0.00384956
141	0.0524144	0.0349438	0.00258599	0.00930108	0.00611775	0.00398774	0.00317059	0.104039	0.0200029	0.0473461	0.00976692	0.00797323	0.245948	0.0139339	0.0165673	0.0200029	0.179513	0.216367	0.00374185	0.00227593
142	0.119038	0.00292636	0.202575	0.313429	0.00226516	0.0347854	0.0226014	0.00251296	0.0538475	0.0101644	0.00229729	0.031743	0.00812265	0.0642099	0.0269212	0.0420093	0.0264383	0.0223707	0.0073718	0.00437049
143	0.01019	0.00913808	0.000276241	0.000712903	0.0313463	0.000342095	0.00122828	0.237536	0.00062773	0.585051	0.0506517	0.000626758	0.00362697	0.00187296	0.00118977	0.00422935	0.00440769	0.0525148	0.00285375	0.00157795
144	0.319161	0.0190295	0.00271355	0.00309546	0.00288649	0.0200363	0.0192095	0.04811	0.119983	0.0212637	0.00390653	0.00382342	0.00253179	0.019701	0.0515883	0.118559	0.00587922	0.198551	0.0173313	0.00264006
145	0.134611	0.0045279	0.0666305	0.243878	0.00114581	0.0283057	0.0330542	0.00832039	0.130743	0.0114783	0.00138018	0.0397756	0.00925746	0.0610632	0.0514699	0.0892199	0.0739706	0.00850295	0.00138407	0.00128086
146	0.0497541	0.0037311	0.000431219	0.00712863	0.0151233	0.000440237	0.00371204	0.149581	0.00544909	0.629336	0.0337355	0.000458511	0.00828397	0.0113477	0.0126258	0.00669101	0.00113977	0.0462046	0.000962593	0.0138636
147	0.0690726	0.00401339	0.0694427	0.151211	0.0382689	0.00395627	0.0634183	0.0594691	0.00485866	0.0064635	0.0206792	0.0440255	0.00265764	0.0407466	0.00482062	0.0810223	0.0614008	0.109016	0.0193909	0.146066
148	0.0277857	0.00191712	0.685025	0.0214085	0.00154327	0.0339995	0.01643	0.00252547	0.00335252	0.00303046	0.00186804	0.0997512	0.00121719	0.0102826	0.0115387	0.0605962	0.0097461	0.00371757	0.000710337	0.00355427
149	0.0682764	0.00397445	0.000744076	0.0107749	0.0107377	0.000760655	0.00539947	0.127397	0.00753437	0.616498	0.0323032	0.000574399	0.0101486	0.0129517	0.0158785	0.00883878	0.00130854	0.0472718	0.000478632	0.0181483
150	0.0164026	0.00117983	0.00953487	0.00479226	0.000433641	0.903052	0.00097717	0.000880798	0.00382823	0.00100299	0.000656171	0.00815865	0.000453196	0.0019167	0.00682926	0.0331661	0.00397699	0.00209421	0.00026337	0.000401005
151	0.30292	0.0211378	0.06641	0.0291655	0.00381284	0.0399909	0.0223574	0.00488371	0.0228989	0.0100476	0.00389778	0.0167152	0.0550815	0.0304194	0.0133606	0.317888	0.0233372	0.00984877	0.00111293	0.00471413
152	0.194176	0.0336527	0.013806	0.008329	0.00393206	0.505533	0.00318582	0.00985985	0.00920342	0.0115414	0.00542761	0.0105117	0.0104483	0.00595397	0.00954954	0.0629725	0.0391364	0.0597403	0.00120725	0.00183285
153	0.0734683	0.0850941	0.0088177	0.00168562	0.0222182	0.00886484	0.0175411	0.0329478	0.00209098	0.10728	0.029324	0.0550409	0.00116904	0.00204858	0.00198406	0.286707	0.141056	0.103577	0.00836049	0.0107252
154	0.0047613	0.0230853	0.000567213	0.00055619	0.106971	0.000694134	0.00792722	0.106097	0.000747595	0.475985	0.144014	0.00282605	0.0021292	0.00258202	0.00146411	0.00557987	0.0269829	0.0721785	0.00499185	0.00985965
155	0.0701531	0.0215806	0.0114059	0.0172444	0.0355874	0.021915	0.00198774	0.187333	0.00217654	0.12302	0.0211643	0.0212401	0.019123	0.00728207	0.0119707	0.031064	0.0830195	0.281744	0.00084728	0.0301416
156	0.151221	0.00920263	0.0324658	0.0499869	0.0183854	0.015807	0.0279734	0.000656422	0.197018	0.0252973	0.0119854	0.0455935	0.0076502	0.0872152	0.185359	0.081683	0.022578	0.00262637	0.00701091	0.0202855
157	0.262028	0.012708	0.126691	0.0858422	0.0135773	0.0046686	0.0136414	0.00319686	0.0633837	0.0354008	0.0137209	0.0299587	0.00172202	0.0731566	0.0181687	0.155693	0.0415538	0.0158108	0.000996814	0.0280802
158	0.0659772	0.00585441	0.0953208	0.0457026	0.00530566	0.382082	0.040412	0.00688429	0.0943408	0.0119468	0.00596137	0.11133	0.00360341	0.0223912	0.0362594	0.0337989	0.0150449	0.0107276	0.00185582	0.00520087
159	0.150292	0.0483723	0.000690496	0.00074158	0.000667098	0.001318	0.000783166	0.148481	0.00088561	0.040233	0.0358684	0.000882217	0.0353405	0.000903149	0.00106756	0.0209044	0.0431821	0.46852	0.000292708	0.000575309
160	0.0409282	0.00196089	0.584603	0.0215205	0.00170697	0.100192	0.0144649	0.00240833	0.00291042	0.00294083	0.00186553	0.0594887	0.00144334	0.0037569	0.0126063	0.135928	0.00513368	0.00351345	0.000594733	0.00203401
161	0.00894363	0.00819023	0.000261666	0.000398409	0.0270165	0.000328471	0.000345338	0.261731	0.000400686	0.582045	0.037357	0.000381271	0.00362095	0.00136259	0.000713635	0.00438252	0.00203114	0.0560957	0.00324461	0.0011501
162	0.0225084	0.000693765	0.000510362	0.000657057	0.000598055	0.000802018	0.000664505	0.129732	0.000804729	0.0781686	0.000628823	0.000595523	0.000444536	0.000797597	0.000866918	0.00446408	0.0177546	0.738458	0.000326394	0.000524376
163	0.0855917	0.085255	0.0066289	0.0021391	0.0153277	0.00866871	0.0134704	0.0253661	0.00356081	0.0883884	0.0280697	0.0432655	0.0013257	0.00253212	0.00232004	0.352322	0.141823	0.0810061	0.00585044	0.00708816
164	0.0126661	0.0258632	0.00302146	0.00479935	0.732004	0.0251038	0.0114714	0.0118394	0.00517358	0.0161706	0.00716275	0.00543667	0.00306039	0.00459955	0.00580424	0.0105284	0.00946433	0.0368786	0.00279914	0.0661529
165	0.146209	0.0293555	0.0265096	0.0140618	0.00701995	0.0308606	0.0140264	0.0115245	0.0174097	0.0217029	0.00929947	0.0200405	0.0253429	0.0142136	0.0143822	0.473252	0.0899617	0.0269075	0.00277337	0.00514691
166	0.341977	0.0895746	0.00191356	0.00386708	0.00191357	0.18295	0.00180765	0.0157732	0.00347715	0.0117349	0.00328809	0.00423303	0.015813	0.00311283	0.00323326	0.0927808	0.116811	0.103202	0.000846881	0.00168996
167	0.0304816	0.00235115	0.680285	0.0193898	0.0020435	0.0384972	0.0163016	0.0029705	0.00321409	0.00341084	0.00273088	0.0834411	0.00184667	0.0091554	0.0113536	0.0720912	0.0102556	0.00524443	0.000939072	0.00399715
168	0.0663453	0.00626753	0.0171166	0.0258123	0.00637923	0.0218845	0.0148241	0.00768709	0.444731	0.00900694	0.00857955	0.0213143	0.00423985	0.0387776	0.202326	0.0483133	0.0323205	0.0133684	0.00203386	0.00867245
169	0.00510828	0.0197039	0.000536059	0.00071756	0.0858096	0.000644141	0.00702565	0.122939	0.000818658	0.494692	0.1437	0.00295551	0.00160659	0.00145853	0.00105152	0.0041153	0.0266573	0.0754499	0.00112165	0.00388886
170	0.0238882	0.0159389	0.00124785	0.00099122	0.117515	0.00165276	0.0101028	0.102893	0.00202966	0.436406	0.107276	0.00161954	0.0129485	0.014047	0.00630725	0.0112452	0.0107867	0.0419029	0.028386	0.052814
171	0.0296506	0.00378938	0.0312331	0.00923923	0.00117708	0.796913	0.00292852	0.00244824	0.00749657	0.0033144	0.00150503	0.021669	0.00200473	0.00478738	0.00964323	0.0569209	0.00741718	0.00589803	0.000586504	0.00137761
172	0.0156703	0.000937876	0.00815521	0.00360289	0.000431522	0.908377	0.000776547	0.000754494	0.00344688	0.000931021	0.000574616	0.00780411	0.000417399	0.00173499	0.00672006	0.0334101	0.00369446	0.00194659	0.000241654	0.000372345
173	0.247491	0.0364767	0.00381191	0.00616171	0.00431131	0.06028	0.00533672	0.0144766	0.00827556	0.0127623	0.00547562	0.0052991	0.290477	0.00630639	0.0065753	0.041589	0.0771651	0.161964	0.00214778	0.00361681
174	0.0626743	0.0171839	0.0187164	0.0521185	0.0139674	0.0210823	0.0465708	0.0280503	0.0418373	0.0385625	0.0171265	0.0230357	0.0892434	0.341514	0.0413965	0.0493466	0.0449958	0.036574	0.00432812	0.0116758
175	0.440702	0.106231	0.000926115	0.0021503	0.00195435	0.0924624	0.00106861	0.0226166	0.00186093	0.0171605	0.00398018	0.00232233	0.0117819	0.00135516	0.00157815	0.0874867	0.0932917	0.109671	0.000482399	0.000917545
176	0.0447695	0.00365936	0.0112072	0.00522662	0.000910493	0.853306	0.00141433	0.00149667	0.00540914	0.00236216	0.00124226	0.00905063	0.00136695	0.00214449	0.00853919	0.0367408	0.00566775	0.00450045	0.00036712	0.000618489
177	0.0129994	0.00294737	0.000406944	0.000420608	0.0148496	0.000679578	0.000971097	0.604071	0.00057622	0.0959997	0.0424054	0.000599194	0.00104203	0.00572939	0.000669475	0.00101004	0.0153975	0.195666	0.000752799	0.00280604
178	0.00465486	0.0011953	0.000276937	0.000297503	0.00996133	0.000466847	0.00147001	0.677983	0.000382541	0.084005	0.0100758	0.000418438	0.00197228	0.000700231	0.000508812	0.000801698	0.00324466	0.194346	0.00133869	0.00589928
179	0.158611	0.046809	0.00107303	0.00121335	0.00154786	0.00171938	0.000800357	0.149286	0.00114729	0.0540484	0.0365385	0.00125691	0.0305978	0.00119871	0.00126273	0.0237978	0.0422433	0.445412	0.000311652	0.00112502
180	0.0158568	0.000938306	0.00908054	0.00386907	0.000433463	0.906259	0.000831973	0.000762127	0.00367171	0.000945868	0.000577326	0.00819569	0.000420178	0.00176738	0.00687917	0.0332489	0.00369395	0.00195085	0.000247411	0.000369778
181	0.0614925	0.000644277	0.0141239	0.0124917	0.00320914	0.0192011	0.00838607	0.00077221	0.504505	0.000847825	0.00533258	0.0190084	0.00271739	0.0343104	0.23761	0.0450665	0.0236683	0.00346594	0.000226802	0.00292011
182	0.0614925	0.000644277	0.0141239	0.0124917	0.00320914	0.0192011	0.00838607	0.00077221	0.504505	0.000847825	0.00533258	0.0190084	0.00271739	0.0343104	0.23761	0.0450665	0.0236683	0.00346594	0.000226802	0.00292011
183	0.119038	0.00292636	0.202575	0.313429	0.00226516	0.0347854	0.0226014	0.00251296	0.0538475	0.0101644	0.00229729	0.031743	0.00812265	0.0642099	0.0269212	0.0420093	0.0264383	0.0223707	0.0073718	0.00437049
184	0.0230783	0.0159537	0.00117116	0.000791862	0.112206	0.0010069	0.0155501	0.101026	0.00238539	0.431079	0.0934508	0.00102256	0.0124264	0.015847	0.0106522	0.01368	0.00714081	0.0246649	0.0502519	0.066615
185	0.00353777	0.00105782	0.000252519	0.000300709	0.00989709	0.000456807	0.00153314	0.687674	0.000381646	0.0825755	0.00814639	0.000386689	0.00203694	0.000405883	0.000491546	0.000759134	0.00219048	0.190319	0.0013917	0.00620469
186	0.119038	0.00292636	0.202575	0.313429	0.00226516	0.0347854	0.0226014	0.00251296	0.0538475	0.0101644	0.00229729	0.031743	0.00812265	0.0642099	0.0269212	0.0420093	0.0264383	0.0223707	0.0073718	0.00437049
187	0.152704	0.00384197	0.00835644	0.0472222	0.00561526	0.0242054	0.00670456	0.00569515	0.241639	0.0177333	0.0239084	0.0123487	0.0189818	0.114079	0.26559	0.029301	0.00765966	0.00696841	0.00211711	0.00532949
188	0.00897998	0.00850691	0.000245385	0.000370335	0.027415	0.000311503	0.000385913	0.260263	0.000385027	0.587038	0.0393915	0.000375574	0.00368463	0.00145578	0.000714343	0.00430338	0.00225645	0.0498765	0.00331018	0.000730146
