339	20
1	0.101991	0.00371581	0.0299877	0.0114178	0.0053613	0.239297	0.01803	0.0113767	0.134017	0.0226438	0.00895697	0.0812782	0.094459	0.0139665	0.0622914	0.0707921	0.0349614	0.0462563	0.00278099	0.0064185
2	0.0315671	0.0473605	0.141024	0.0227205	0.00553763	0.0807773	0.106905	0.0070888	0.0539603	0.0632657	0.0094383	0.127188	0.0163587	0.0288575	0.143276	0.0566085	0.0269892	0.016228	0.00458204	0.0102673
3	0.0379045	0.00347812	0.0594402	0.0259813	0.0108026	0.0639229	0.0352231	0.111018	0.113618	0.0207545	0.0146345	0.0782546	0.033536	0.0453473	0.142128	0.043195	0.0480615	0.102235	0.0028883	0.00757648
4	0.0505616	0.00659124	0.0713212	0.025457	0.00590884	0.0697577	0.0631798	0.0192184	0.126596	0.0559799	0.0112809	0.0836421	0.0379832	0.0301855	0.131208	0.077512	0.0729884	0.050795	0.00191548	0.00791816
5	0.0817731	0.00269152	0.27262	0.166502	0.00202902	0.0376112	0.0177301	0.00304402	0.011914	0.028195	0.00322477	0.0195742	0.102845	0.0419639	0.0467415	0.0987806	0.0445375	0.0122143	0.00294132	0.00306683
6	0.0398603	0.00226635	0.339015	0.00499435	0.00199076	0.151036	0.018809	0.00239631	0.0100507	0.00548215	0.00386507	0.283796	0.00391081	0.0044993	0.0245121	0.0797809	0.0142699	0.0047271	0.00139782	0.00334062
7	0.105668	0.000980926	0.0330226	0.0120888	0.0101082	0.0135654	0.00968346	0.0526114	0.0116391	0.0869164	0.0191466	0.0198364	0.25563	0.00832393	0.0145114	0.162217	0.0721552	0.106687	0.0019084	0.00329979
8	0.0890463	0.00109238	0.0100584	0.0176676	0.11956	0.0267959	0.00891778	0.0945726	0.0210768	0.136949	0.0530817	0.014311	0.0433561	0.0117048	0.0174102	0.104389	0.102638	0.121928	0.00184938	0.00359434
9	0.13719	0.00173413	0.0264206	0.0158985	0.00678476	0.118715	0.0197119	0.0104402	0.0934146	0.0221973	0.00612351	0.0733063	0.122634	0.0160571	0.0519995	0.166235	0.0803016	0.0224074	0.00255517	0.00587299
10	0.0826269	0.00237729	0.0560596	0.00964298	0.00265025	0.1467	0.0161703	0.00692005	0.244375	0.035898	0.00575186	0.0813967	0.0473228	0.00937265	0.149067	0.0653319	0.0187707	0.0157308	0.00133342	0.00250211
11	0.00498259	0.000774926	0.00416693	0.00244962	0.01747	0.00248002	0.0020504	0.124693	0.00556579	0.493048	0.149902	0.00291499	0.0238619	0.016554	0.00555163	0.00759184	0.0151033	0.0971169	0.0224039	0.00131804
12	0.0277816	0.00303329	0.0234973	0.0331336	0.00209213	0.02785	0.03021	0.0111358	0.267961	0.0244024	0.0119229	0.0493365	0.0154669	0.0526143	0.351613	0.0318666	0.012789	0.0137343	0.0029012	0.0066583
13	0.0187623	0.00238677	0.001526	0.00342858	0.00184083	0.00368419	0.000892529	0.28647	0.00145243	0.0628334	0.00219016	0.00339104	0.00119669	0.00339805	0.00181985	0.00430179	0.0151015	0.582153	0.000301122	0.00286995
14	0.012925	0.00480536	0.00690166	0.00270224	0.391573	0.00249177	0.0412036	0.00130602	0.00445805	0.0362632	0.0122368	0.00245826	0.00216385	0.0078264	0.00926006	0.00457639	0.00316569	0.00276671	0.0116455	0.43927
15	0.0185305	0.00235903	0.00160307	0.00343265	0.00202986	0.00363397	0.000907517	0.290955	0.0014584	0.0619935	0.00450149	0.00336348	0.00133402	0.00341666	0.00198092	0.00423467	0.0150226	0.576061	0.000327106	0.00285524
16	0.020349	0.00527021	0.0241628	0.0244884	0.293426	0.014617	0.0852798	0.00437549	0.0162978	0.0440147	0.0175359	0.0190516	0.0119354	0.0190128	0.0254624	0.0203392	0.0107663	0.00827563	0.0223247	0.313015
17	0.0368888	0.000660225	0.392118	0.385289	0.00603077	0.0102381	0.0110902	0.00167015	0.0353595	0.00689742	0.00223226	0.0211348	0.00958004	0.0260902	0.00715272	0.00735496	0.00811332	0.0170336	0.00592428	0.0091415
18	0.00663079	0.000604588	0.00493057	0.00281248	0.0199832	0.00319468	0.00214788	0.138095	0.00620935	0.465347	0.150097	0.00321905	0.0215772	0.0170123	0.00590654	0.0106492	0.0196411	0.103969	0.0167086	0.001264
19	0.0992889	0.00423242	0.0432818	0.0294102	0.0116352	0.0232197	0.0229479	0.0189063	0.0309623	0.0355469	0.0160896	0.0297189	0.351666	0.0249586	0.0523546	0.100778	0.050448	0.0402699	0.00386754	0.0104166
20	0.194796	0.00108053	0.0175582	0.011736	0.0079291	0.0648605	0.0110388	0.00682633	0.0227766	0.0394347	0.00410971	0.0193292	0.105553	0.032635	0.115737	0.255522	0.0557115	0.0273552	0.00216939	0.00384062
21	0.028539	0.00240211	0.0172768	0.0476718	0.00174919	0.025475	0.0298728	0.0126662	0.234207	0.0160066	0.00468812	0.0576971	0.00882948	0.0563447	0.350269	0.069975	0.0140829	0.0126993	0.00217432	0.00737369
22	0.0128422	0.00492066	0.00704434	0.00267623	0.397696	0.00242164	0.0421455	0.00127414	0.00456918	0.0387496	0.0130602	0.00230994	0.00223954	0.0080045	0.00961987	0.00465056	0.00320545	0.00277772	0.012963	0.42683
23	0.0498098	0.00684305	0.121736	0.0338664	0.0125138	0.0616052	0.0511647	0.0129428	0.0737156	0.0269832	0.0147684	0.186939	0.0439231	0.0367968	0.101356	0.0808031	0.0353376	0.0295018	0.00607784	0.0133157
24	0.0996145	0.00151033	0.0409347	0.0692718	0.00269746	0.010128	0.0328018	0.0239273	0.128933	0.0247772	0.036849	0.0289101	0.0120229	0.0291922	0.115896	0.0618332	0.196856	0.080377	0.00160699	0.00186031
25	0.0456851	0.00414562	0.314547	0.0279883	0.00613305	0.028013	0.0613325	0.00478457	0.0681731	0.0115981	0.0595441	0.138699	0.0157086	0.0155422	0.0748875	0.0407456	0.0236831	0.0149138	0.0046878	0.0391883
26	0.00870947	0.00115837	0.0063223	0.00441073	0.0122338	0.00458289	0.00433791	0.0672727	0.00823806	0.419166	0.119608	0.00504707	0.0311234	0.0144942	0.00777599	0.00960611	0.0124299	0.0745035	0.186579	0.00240046
27	0.0333067	0.00197835	0.00412179	0.00689202	0.00292109	0.00550577	0.00256333	0.176226	0.00385477	0.182496	0.00326534	0.0059924	0.00358716	0.0081459	0.00451713	0.00856154	0.014848	0.526104	0.00147651	0.00363559
28	0.227067	0.00324761	0.0453226	0.122606	0.00188645	0.0158101	0.0249218	0.00799951	0.089406	0.0126165	0.0228389	0.0301704	0.0216008	0.0302126	0.0502102	0.0908292	0.141658	0.0556723	0.00247384	0.00344976
29	0.31647	0.00343255	0.0509496	0.0517825	0.00449714	0.0359795	0.00911315	0.00580512	0.0875221	0.0250293	0.00929592	0.0177255	0.0178962	0.0188683	0.0273632	0.217081	0.0344525	0.0585894	0.0035188	0.0046282
30	0.0358131	0.00245959	0.347977	0.0190892	0.00269525	0.0990019	0.0217604	0.00264289	0.0183905	0.00747942	0.00617645	0.274906	0.00711081	0.0073094	0.0336859	0.0829519	0.0156263	0.00719389	0.00201056	0.00571969
31	0.112684	0.00141921	0.108863	0.0634742	0.0019328	0.0194357	0.0116751	0.0115299	0.0241102	0.0195648	0.00277154	0.04696	0.280129	0.0282434	0.0271978	0.185796	0.0307588	0.0163775	0.00127742	0.00579976
32	0.0551489	0.00284138	0.0438796	0.0405535	0.016992	0.0413882	0.0409898	0.0172687	0.131	0.0252351	0.0124894	0.0553576	0.0378116	0.05832	0.285319	0.0583529	0.0287075	0.0267664	0.00618403	0.0153947
33	0.0375963	0.566772	0.0281385	0.0155887	0.0261661	0.0231323	0.0215	0.0146009	0.0230153	0.0252382	0.0119056	0.0234411	0.0185789	0.0189863	0.0335903	0.0301425	0.0223928	0.0291474	0.00785273	0.022214
34	0.230268	0.00112826	0.014592	0.0224239	0.0117959	0.0976457	0.00770323	0.0033603	0.0178922	0.0441337	0.00486338	0.0147876	0.0319622	0.0200282	0.0727609	0.323883	0.0537583	0.0170852	0.00309904	0.00682912
35	0.0209153	0.00139929	0.00789839	0.00632673	0.00887178	0.00778485	0.064164	0.00375889	0.0493737	0.00785713	0.00655349	0.0994295	0.00719059	0.0531601	0.0336654	0.313893	0.268047	0.0076247	0.00526399	0.026822
36	0.0519892	0.00723883	0.055569	0.0539087	0.0670381	0.0331301	0.151047	0.0152008	0.0601889	0.0379959	0.0213599	0.0564259	0.0327528	0.0519859	0.0995044	0.058485	0.0374461	0.0329895	0.0184172	0.0573267
37	0.00961046	0.00221367	0.00514989	0.00450481	0.0330511	0.0035582	0.00395373	0.0657057	0.0104847	0.532856	0.143368	0.00528726	0.0187358	0.0266868	0.00851992	0.0147064	0.0206533	0.0690011	0.0160755	0.00587795
38	0.0330741	0.00687557	0.0120615	0.0100314	0.367582	0.0109333	0.047697	0.0126349	0.015949	0.0697989	0.0269524	0.009759	0.0105976	0.0130554	0.0210703	0.0273449	0.0225298	0.0222934	0.0250899	0.23467
39	0.312151	0.0047967	0.0431326	0.0476516	0.0141555	0.0532311	0.0134018	0.0200845	0.0278333	0.0306997	0.0113226	0.0241202	0.0469313	0.021801	0.0415542	0.130496	0.0668397	0.072383	0.00672066	0.0106928
40	0.472116	0.0034907	0.00415675	0.00449954	0.00373458	0.00423819	0.00359095	0.0230321	0.00508593	0.0050662	0.0108487	0.00482829	0.014823	0.00356486	0.00652196	0.0633322	0.158041	0.205847	0.00107218	0.00210986
41	0.0852985	0.00306745	0.178654	0.238915	0.0102245	0.0327264	0.0302031	0.0126408	0.0551453	0.0229437	0.0107099	0.0336013	0.0361663	0.0465035	0.0533545	0.0566778	0.0340095	0.0358732	0.00911354	0.0141712
42	0.022565	0.00213124	0.00324283	0.00950048	0.00640048	0.00607947	0.00275153	0.264587	0.00441264	0.0731698	0.0191653	0.00562607	0.0045427	0.00461667	0.00634043	0.00928884	0.0205464	0.530748	0.00105625	0.00322908
43	0.103479	0.00550762	0.00835901	0.00409743	0.340444	0.00511691	0.0397276	0.00272021	0.00660786	0.0416477	0.0136203	0.00510956	0.0123347	0.00979552	0.0107776	0.010644	0.0164439	0.00697139	0.0138513	0.342744
44	0.00416801	0.000534439	0.00592033	0.00234464	0.0180998	0.0026111	0.00169373	0.320479	0.00388278	0.198006	0.162399	0.00347865	0.0129142	0.00381732	0.00912354	0.00438922	0.0185461	0.222358	0.00377575	0.00145754
45	0.0413985	0.00660447	0.0573502	0.0607278	0.0190712	0.0341774	0.158433	0.012419	0.0700985	0.0206107	0.010936	0.0570887	0.0369873	0.125411	0.132102	0.0539544	0.0319556	0.0278922	0.0150083	0.0277739
46	0.0213123	0.00132016	0.0841574	0.165399	0.00160152	0.0211993	0.036729	0.00358693	0.144843	0.00978166	0.00790074	0.0375017	0.00650248	0.170501	0.202224	0.031084	0.00753389	0.019	0.0192467	0.00857407
47	0.187076	0.00212516	0.0117518	0.0168633	0.10138	0.0252108	0.0149553	0.0329265	0.0227962	0.091811	0.0367704	0.0466723	0.0311559	0.0185036	0.0306954	0.132001	0.109256	0.0632431	0.00608765	0.0187194
48	0.0233825	0.00427999	0.00695421	0.00667854	0.18403	0.00634113	0.0277052	0.0272259	0.0136062	0.355265	0.0802504	0.00653038	0.0106099	0.0228893	0.0130818	0.0244572	0.0245253	0.0417937	0.0195303	0.100863
49	0.0213537	0.000598225	0.00562365	0.00704875	0.0586225	0.00616036	0.00449386	0.0305223	0.0147261	0.507813	0.122858	0.00914901	0.0152622	0.0365385	0.00941721	0.0390995	0.0440828	0.0565734	0.00754355	0.00251369
50	0.133219	0.00254625	0.0855395	0.137263	0.00352413	0.127414	0.00887593	0.00383584	0.0142797	0.0116062	0.00472494	0.0620436	0.0159544	0.0127604	0.103495	0.156887	0.0978063	0.00985914	0.00354267	0.00482353
51	0.0468781	0.00400315	0.0279975	0.0254531	0.0262169	0.0763783	0.0869198	0.00735507	0.0258653	0.0618587	0.00901875	0.0398375	0.0259596	0.0259576	0.0864432	0.244228	0.0291975	0.0183067	0.00823276	0.123893
52	0.263055	0.00205726	0.0960228	0.0845951	0.00294299	0.0156307	0.0211649	0.00769043	0.017118	0.0105448	0.00503983	0.0338796	0.202433	0.0165464	0.0172456	0.123452	0.043569	0.0170142	0.00182904	0.0181695
53	0.0191894	0.00232133	0.00348091	0.00512951	0.00345483	0.020086	0.00236589	0.261966	0.0036383	0.0851716	0.00903346	0.00558527	0.0029949	0.00509984	0.00371226	0.0142598	0.0164549	0.526021	0.000621217	0.00941393
54	0.0882072	0.00453447	0.0267657	0.0252436	0.0093324	0.0405284	0.0267587	0.0104885	0.0716984	0.0703125	0.0113494	0.0372746	0.0400432	0.0356073	0.255636	0.174255	0.0322111	0.0225594	0.00473788	0.0124562
55	0.177509	0.00260071	0.0121021	0.016057	0.0878517	0.01866	0.0133445	0.0431533	0.0207132	0.0621963	0.039865	0.0183049	0.0341395	0.0136875	0.021202	0.0815032	0.198623	0.125797	0.00301168	0.00967821
56	0.06592	0.00118696	0.00890359	0.0257753	0.164188	0.0147556	0.00790463	0.0585081	0.0225125	0.158523	0.0767137	0.0157057	0.0192636	0.0129107	0.0278999	0.101173	0.0794252	0.133222	0.00225164	0.00325669
57	0.02631	0.00299355	0.266553	0.0304253	0.00484645	0.0402132	0.0363792	0.00477296	0.104864	0.0110011	0.0141756	0.195134	0.0123915	0.0242269	0.0971998	0.0776414	0.0214609	0.0127534	0.00267464	0.0139827
58	0.144634	0.00214681	0.0477971	0.0356933	0.0089126	0.0272355	0.0169841	0.0140883	0.027549	0.0262051	0.00897488	0.0265061	0.33759	0.0214365	0.0402831	0.101982	0.0601347	0.0399927	0.0029803	0.00887463
59	0.0269271	0.00111473	0.308617	0.332128	0.0184215	0.015218	0.0450091	0.00268922	0.0450322	0.00795123	0.00568903	0.0387098	0.00675547	0.0271482	0.0230866	0.0111733	0.0102041	0.0129059	0.0259257	0.0352938
60	0.0534128	0.000871433	0.320816	0.393386	0.00490003	0.0146346	0.014818	0.0026161	0.0393936	0.00744608	0.00277174	0.0202295	0.0128347	0.0382344	0.0131804	0.00983654	0.00984126	0.026383	0.00554417	0.00884991
61	0.29461	0.0080224	0.0527689	0.0494485	0.0156523	0.0421621	0.0184535	0.0207738	0.0345442	0.0302758	0.0156802	0.0247681	0.0504001	0.0204977	0.0421665	0.11191	0.072477	0.0778361	0.00646417	0.011089
62	0.0919262	0.00447103	0.223697	0.0789948	0.0119271	0.0518912	0.0267934	0.0122294	0.0363238	0.0233377	0.0137019	0.0652876	0.0513098	0.0265559	0.0477366	0.0842254	0.0974306	0.0327567	0.00829965	0.0111045
63	0.0203121	0.00719869	0.00754527	0.00329552	0.3853	0.00370223	0.0756782	0.00204399	0.0129918	0.109312	0.037739	0.00490245	0.00529284	0.0119531	0.0183875	0.00991736	0.005728	0.00414292	0.0568862	0.217671
64	0.0292907	0.00620782	0.0114526	0.0067274	0.364513	0.01036	0.0435546	0.0121424	0.0122144	0.0756895	0.0273462	0.00786858	0.0111952	0.0128407	0.0186902	0.0231537	0.019621	0.0208632	0.0197772	0.266491
65	0.0190102	0.0154908	0.0068136	0.00311476	0.41255	0.00382229	0.0591816	0.00197768	0.00757165	0.0830545	0.0236163	0.00436868	0.00577183	0.0113691	0.0131726	0.00956286	0.00527689	0.00450499	0.0305773	0.279192
66	0.363118	0.00348793	0.00662392	0.00769807	0.00420335	0.00454078	0.00584526	0.0318591	0.00702778	0.0131566	0.0245536	0.00554641	0.0287245	0.00345125	0.0071799	0.0665024	0.16334	0.250072	0.00121873	0.00185119
67	0.0955356	0.0032083	0.0559828	0.0337092	0.0123267	0.0231923	0.0252308	0.0211555	0.0272432	0.0454313	0.0167713	0.0322539	0.333017	0.0269625	0.0516297	0.0997121	0.0471275	0.0351211	0.00431824	0.0100708
68	0.0247548	0.00243247	0.00163739	0.00360523	0.00186277	0.00369698	0.000913076	0.26636	0.00144107	0.0642335	0.00184005	0.00348175	0.0011233	0.00348927	0.00176356	0.00479009	0.0171575	0.592194	0.000313387	0.00291045
69	0.029467	0.00615551	0.0198037	0.0135275	0.293157	0.012322	0.0540014	0.00660449	0.0182298	0.0441815	0.0171761	0.0181538	0.011985	0.0167269	0.0262573	0.0299409	0.0162404	0.0129434	0.0179706	0.335155
70	0.223601	0.00199822	0.017069	0.0133806	0.00679367	0.00975249	0.00962831	0.0263012	0.0103552	0.0316839	0.0258549	0.014156	0.147209	0.00723012	0.0174456	0.115094	0.137892	0.179812	0.00201069	0.0027328
71	0.226441	0.00242499	0.01944	0.0268127	0.0188548	0.0422654	0.0107674	0.0169376	0.0216112	0.0277664	0.0144316	0.01927	0.0374437	0.0165401	0.0362706	0.270527	0.123576	0.0560804	0.0045168	0.00802289
72	0.0344436	0.595622	0.0247844	0.0155336	0.0198888	0.0207605	0.0232633	0.010816	0.0247495	0.0259854	0.0111595	0.0214405	0.0160215	0.0199183	0.0349974	0.0309501	0.0216469	0.0228462	0.00676615	0.0184059
73	0.0407426	0.00623857	0.269332	0.0483808	0.00538784	0.0780351	0.0305974	0.00504465	0.0315815	0.0116245	0.00761149	0.269141	0.0165107	0.0162916	0.0481794	0.068175	0.0208187	0.014515	0.00308094	0.00871097
74	0.0965404	0.00185428	0.0246991	0.0211712	0.0321984	0.0299131	0.0184631	0.0310429	0.0287753	0.110472	0.03322	0.0235674	0.0513889	0.0217509	0.0395578	0.247562	0.123355	0.0511215	0.00444569	0.00890069
75	0.248263	0.00207796	0.0241575	0.029988	0.0159623	0.0303151	0.0148618	0.0196245	0.0282716	0.0281655	0.0203069	0.0228231	0.0407307	0.0174908	0.0349624	0.154781	0.165766	0.0887451	0.00435952	0.00834712
76	0.116734	0.00143429	0.0460478	0.0222026	0.0023902	0.0303222	0.0452111	0.0334746	0.0619197	0.0206315	0.00423162	0.0468175	0.194357	0.0548219	0.121292	0.0813192	0.0576722	0.0540628	0.00117419	0.00388407
77	0.0860338	0.00284891	0.0192845	0.020163	0.0167919	0.0175453	0.0215375	0.0117287	0.0694053	0.0211158	0.0476146	0.177006	0.0139184	0.0592207	0.0312817	0.16632	0.144313	0.0239712	0.0373152	0.0125845
78	0.0720402	0.00544502	0.207094	0.0590745	0.00487245	0.247232	0.0237644	0.00794988	0.0244336	0.0125198	0.00901556	0.113526	0.0213523	0.0197956	0.0481821	0.0668146	0.0271357	0.0154934	0.00589555	0.00836224
79	0.0204489	0.00770291	0.00862822	0.0039292	0.381148	0.00509426	0.0829932	0.00273434	0.0132515	0.117568	0.0357145	0.00570661	0.0065153	0.0127774	0.0174611	0.0134379	0.00738753	0.00665846	0.0455448	0.205298
80	0.0875701	0.00382174	0.0474238	0.0278259	0.0130829	0.0288842	0.0245844	0.0188247	0.0325036	0.0461759	0.0154012	0.0332035	0.342384	0.0275803	0.0528834	0.0968698	0.0500249	0.0368278	0.00432715	0.00980101
81	0.194793	0.00214526	0.0186575	0.0244342	0.0343707	0.0245382	0.0116847	0.0352291	0.0207448	0.0934494	0.0576366	0.0151927	0.0505634	0.0163937	0.0274936	0.177086	0.114727	0.0731028	0.00272321	0.00503441
82	0.0550938	0.00157647	0.013449	0.0113612	0.0317874	0.0117668	0.00816938	0.133071	0.0125639	0.252345	0.0847753	0.0101026	0.0832593	0.0140492	0.015962	0.0613427	0.0743598	0.114682	0.00740427	0.00287837
83	0.0546637	0.00237087	0.0206656	0.0177374	0.121981	0.0737064	0.0695161	0.0266322	0.0614837	0.0415692	0.0240318	0.0426323	0.0339424	0.0226846	0.0404404	0.153445	0.0901413	0.0727252	0.00403933	0.0255916
84	0.0269094	0.00552806	0.075139	0.06885	0.00581018	0.0272946	0.144931	0.0103548	0.107174	0.0126909	0.00720272	0.0607286	0.0287123	0.123162	0.184446	0.0354778	0.0256483	0.0256942	0.00708749	0.0171585
85	0.399411	0.00296306	0.0252514	0.0363389	0.00819166	0.0497914	0.00812056	0.00935355	0.020117	0.0237059	0.00855146	0.0133394	0.033845	0.0165331	0.030026	0.188927	0.0596277	0.0558577	0.00332887	0.00671896
86	0.0752206	0.00231177	0.0345083	0.0189915	0.00750439	0.0305583	0.0338803	0.01172	0.057137	0.0301455	0.00561723	0.0362281	0.216594	0.0460108	0.202141	0.126075	0.0327874	0.0218418	0.00332833	0.00739791
87	0.12975	0.00149102	0.0881363	0.0487363	0.00344615	0.0585	0.0183347	0.0108929	0.0275744	0.0277941	0.00354916	0.0298592	0.166442	0.0400975	0.088144	0.178397	0.0541042	0.0202736	0.0012004	0.00327711
88	0.0038908	0.000707564	0.00580324	0.0025594	0.0193095	0.00257367	0.00178721	0.319761	0.00388797	0.193067	0.17461	0.00356354	0.0121907	0.00390158	0.00977498	0.00413952	0.01936	0.215122	0.00274013	0.00125094
89	0.00422592	0.000752872	0.00578163	0.00240741	0.0184842	0.00255546	0.00169881	0.334463	0.00389378	0.17591	0.167245	0.00364431	0.0117476	0.00318663	0.00979395	0.00415781	0.0190446	0.227065	0.00257222	0.00136942
90	0.252146	0.00180016	0.0201726	0.0334477	0.00797936	0.0403926	0.0120198	0.00751211	0.0551768	0.0577273	0.00707067	0.0433375	0.0453955	0.0491368	0.0870801	0.198605	0.0428324	0.028043	0.00382161	0.00630259
91	0.185496	0.00424772	0.16679	0.162509	0.00221818	0.0406674	0.0124193	0.00374952	0.020287	0.0173187	0.00379244	0.0205904	0.0640815	0.025614	0.0301444	0.179637	0.034814	0.017742	0.00274102	0.00514039
92	0.430334	0.00159909	0.0196511	0.0307535	0.00614007	0.0330592	0.00537342	0.0128517	0.0175276	0.0205554	0.00889808	0.0103376	0.0283178	0.0120842	0.0215075	0.159932	0.0735665	0.100769	0.00263578	0.00410653
93	0.0191092	0.0023749	0.00151446	0.00346408	0.00181749	0.00366304	0.000897185	0.28076	0.0013599	0.0628256	0.0017426	0.00340234	0.00120704	0.00341554	0.00170964	0.0042786	0.0152538	0.587984	0.000317785	0.00290257
94	0.0145077	0.00114388	0.121473	0.18002	0.00199189	0.0197058	0.0152242	0.00278488	0.177244	0.00725884	0.00523847	0.0631443	0.00416634	0.171391	0.130721	0.0493731	0.00728848	0.0147109	0.00803628	0.00457602
95	0.0160762	0.00728543	0.00676262	0.00261001	0.392448	0.00283379	0.0657816	0.001471	0.00744142	0.0977902	0.0262919	0.00301724	0.00390187	0.0138432	0.0121295	0.00730434	0.00369403	0.00382412	0.0320941	0.293399
96	0.018885	0.00241041	0.00156523	0.00340337	0.00202063	0.0036806	0.000862998	0.278457	0.0013178	0.0660006	0.00205266	0.00340266	0.00111512	0.00339391	0.00172065	0.0043154	0.0153116	0.586828	0.000319506	0.00293706
97	0.258844	0.00122582	0.0136924	0.0231658	0.00889355	0.0584749	0.00609064	0.00458498	0.0159948	0.0256213	0.0046985	0.010887	0.0245029	0.0339668	0.0647682	0.382723	0.0324541	0.0172522	0.00504075	0.00711851
98	0.0224939	0.00699471	0.00781882	0.00343483	0.370525	0.00364371	0.0798554	0.00181021	0.0139625	0.114625	0.0419105	0.00538864	0.00525398	0.0126156	0.0186253	0.0106257	0.00629644	0.00439913	0.0571805	0.21254
99	0.102138	0.00133434	0.0354142	0.017912	0.0100514	0.0206113	0.013711	0.0199607	0.0187714	0.0343234	0.0132112	0.0227584	0.368433	0.0157722	0.0309969	0.136515	0.0811937	0.0472702	0.00276369	0.0068582
100	0.0129023	0.00500343	0.00656999	0.00264881	0.413899	0.00248753	0.0401254	0.00129087	0.00455906	0.0367106	0.0123949	0.00232326	0.00246182	0.00763764	0.00898037	0.00497647	0.00326655	0.00289769	0.0116716	0.417193
101	0.0497592	0.0131422	0.04825	0.0445099	0.0844428	0.0319522	0.0501458	0.0210712	0.0317162	0.128084	0.0402115	0.0211801	0.0248994	0.0296029	0.0464977	0.0392758	0.032034	0.0339847	0.177579	0.0516606
102	0.0366856	0.00241998	0.31854	0.0369724	0.00349143	0.095476	0.022265	0.00330322	0.0220256	0.00989022	0.00719835	0.279687	0.00926608	0.0124475	0.0384774	0.0661275	0.0161963	0.0102278	0.00224598	0.00705588
103	0.0240723	0.00245512	0.01243	0.0314922	0.00142089	0.0266495	0.0313529	0.0109467	0.253426	0.0194236	0.00705094	0.0490547	0.00693894	0.052259	0.418222	0.0284446	0.00687838	0.00993515	0.00155415	0.00599321
104	0.0281241	0.00200372	0.0114525	0.0092502	0.00853721	0.0103396	0.0644416	0.00767812	0.0392773	0.0160701	0.00733519	0.0628041	0.0134084	0.0383742	0.0277684	0.345466	0.271859	0.0113812	0.00469068	0.019738
105	0.0879129	0.00344418	0.211478	0.132007	0.00327202	0.0602496	0.069603	0.00326433	0.0184312	0.0342807	0.00809407	0.0174957	0.0286931	0.0848823	0.113347	0.0675493	0.0209367	0.0130434	0.0107822	0.0112333
106	0.113416	0.00278508	0.0597945	0.040813	0.00992363	0.278687	0.0225578	0.0145623	0.0545857	0.0228557	0.0108345	0.0510964	0.0365351	0.0238311	0.0802432	0.0968341	0.035964	0.0260371	0.00616335	0.0124798
107	0.246722	0.00214618	0.0102402	0.0147728	0.0654584	0.0732053	0.0105627	0.00612767	0.0153548	0.0282564	0.0071938	0.0183781	0.0270313	0.0204885	0.085321	0.261187	0.0710397	0.0170265	0.00489063	0.0145978
108	0.0671721	0.00479062	0.267528	0.114103	0.00981643	0.0530179	0.029685	0.0124384	0.042017	0.0246858	0.0113919	0.0937587	0.0387159	0.0325724	0.0495903	0.063861	0.034776	0.028694	0.00726877	0.0141165
109	0.0515369	0.0101139	0.0623188	0.053963	0.0656222	0.0338089	0.143656	0.0130342	0.0550387	0.0353428	0.0198933	0.0572961	0.0406743	0.0480062	0.0973258	0.0619896	0.0439252	0.0287993	0.0194782	0.0581769
110	0.0189277	0.00132002	0.00580264	0.00554613	0.0337964	0.00504878	0.00251696	0.277497	0.00665948	0.123155	0.101032	0.00514347	0.0104931	0.00479669	0.0093031	0.017025	0.03065	0.337203	0.00213426	0.00194898
111	0.0473764	0.00300887	0.0119351	0.013309	0.179412	0.0181775	0.0181881	0.10027	0.025781	0.118115	0.0731611	0.0171001	0.0198274	0.0145759	0.0276674	0.0534512	0.0605822	0.150775	0.00651486	0.040773
112	0.019492	0.00218568	0.00209793	0.00359383	0.003773	0.00389029	0.00108696	0.259982	0.00172016	0.0846405	0.017098	0.00406349	0.00288088	0.00394234	0.002458	0.00522683	0.0188316	0.559645	0.000480672	0.00291082
113	0.476011	0.00353413	0.00427257	0.00386837	0.00382931	0.00404338	0.00334741	0.0234567	0.00477436	0.00448524	0.0102829	0.00463408	0.0144403	0.0033856	0.00639641	0.0594686	0.158213	0.208283	0.00101507	0.00225866
114	0.117818	0.00205788	0.0320623	0.021103	0.0127701	0.0234926	0.0179872	0.0202386	0.0206222	0.035171	0.0158367	0.0269743	0.162659	0.0169504	0.0313312	0.229428	0.148241	0.0525017	0.00313931	0.00961588
115	0.048178	0.0122465	0.0635514	0.0484149	0.0612141	0.0342784	0.163857	0.014742	0.0485145	0.0430584	0.0211197	0.0646169	0.0385298	0.0556304	0.0872835	0.0566044	0.0374905	0.0278135	0.020098	0.0527584
116	0.0685951	0.00847612	0.288648	0.124647	0.0119437	0.0497996	0.0266594	0.00790205	0.037942	0.0198268	0.0107057	0.0857176	0.0415985	0.0281437	0.0492549	0.0620761	0.0332369	0.0220443	0.00972605	0.0130566
117	0.0129517	0.0054421	0.00646255	0.00277361	0.434753	0.00260064	0.0420095	0.00123552	0.0050593	0.0416313	0.0138036	0.00238106	0.00299067	0.00825461	0.00953847	0.00585528	0.00331133	0.00334868	0.0136034	0.381993
118	0.338937	0.00215747	0.0244053	0.0267609	0.00620963	0.281143	0.00695265	0.00957131	0.0220856	0.0166136	0.00720366	0.0131032	0.0157567	0.0174165	0.0325501	0.112637	0.0275183	0.0264301	0.00506797	0.00747981
119	0.432976	0.00227834	0.0225659	0.0333508	0.00679252	0.050508	0.00714399	0.0106795	0.0188648	0.0180418	0.00744274	0.00985807	0.0252771	0.0171416	0.0287833	0.182301	0.0583999	0.0586571	0.00314084	0.00579695
120	0.0384217	0.579296	0.0308314	0.0172119	0.0175593	0.0208462	0.0246006	0.0110902	0.0231593	0.0235504	0.0112328	0.0236276	0.0201143	0.0199842	0.0311199	0.0334489	0.0234079	0.0222472	0.0105432	0.0177066
121	0.0294463	0.00629869	0.00921831	0.00583634	0.37278	0.00804513	0.0464783	0.00987034	0.0126276	0.0779574	0.0283404	0.00967414	0.0104056	0.0134062	0.0176503	0.0245273	0.0180046	0.0180516	0.0228392	0.258543
122	0.0306169	0.00642628	0.0298557	0.0319605	0.261435	0.0156917	0.113545	0.00380429	0.0164944	0.0806753	0.0296284	0.0136614	0.00907921	0.0189263	0.0275497	0.021194	0.0159699	0.0098544	0.0733474	0.190284
123	0.25001	0.00337167	0.0149447	0.0136568	0.137748	0.0249557	0.0247269	0.0135321	0.0204496	0.0313214	0.0150722	0.0280616	0.0707588	0.0200667	0.0286226	0.0827334	0.0979333	0.0295848	0.00675261	0.0856972
124	0.0195323	0.00292803	0.0123337	0.0135571	0.0300559	0.0107195	0.0105302	0.0266354	0.076125	0.342476	0.187385	0.0153977	0.0149672	0.0793132	0.041698	0.0278372	0.0279255	0.0436005	0.0111619	0.00582106
125	0.0585239	0.00201105	0.308406	0.317288	0.00561666	0.0244142	0.0201673	0.00340308	0.0374934	0.0114253	0.00500483	0.0305175	0.0236366	0.0340687	0.0269639	0.0316465	0.0198886	0.0201	0.00798923	0.011435
126	0.140749	0.0024273	0.287146	0.257088	0.00298658	0.0323547	0.0142638	0.00253858	0.023899	0.0130835	0.00368209	0.0167766	0.0391257	0.0331973	0.0229256	0.0463751	0.0256907	0.0263131	0.00414099	0.00523679
127	0.0434992	0.00169152	0.0218197	0.0277083	0.0286023	0.0142624	0.0180286	0.0660492	0.111692	0.0507634	0.0706536	0.0479911	0.00859712	0.017095	0.154152	0.0400894	0.130174	0.140712	0.00232383	0.00409454
128	0.314758	0.00436476	0.0432772	0.0392194	0.018194	0.0376813	0.0183107	0.0242882	0.0259478	0.0289347	0.013822	0.0221793	0.0567633	0.021035	0.0377218	0.1136	0.0727578	0.0895217	0.00476356	0.0128596
129	0.00438218	0.000727291	0.00602334	0.00276436	0.0181361	0.00294561	0.00208924	0.360223	0.00448045	0.138058	0.183345	0.00367925	0.0126983	0.0033087	0.0125768	0.00450389	0.0215656	0.214831	0.00239396	0.00126826
130	0.315393	0.00360867	0.0624326	0.163181	0.00188451	0.0671758	0.00856057	0.0036392	0.0397747	0.0160729	0.00611471	0.0159907	0.0262584	0.0336497	0.026787	0.119353	0.0517976	0.027239	0.00539355	0.00569383
131	0.0548754	0.00306863	0.167601	0.155749	0.00544503	0.0749653	0.0900726	0.00541716	0.0438045	0.0143889	0.0325751	0.0385476	0.0143973	0.0624167	0.112939	0.0368471	0.0217059	0.0215166	0.0200294	0.0236375
132	0.104744	0.00772941	0.0649669	0.0370587	0.0160931	0.294544	0.0251094	0.0135193	0.0503725	0.0263514	0.012528	0.0465163	0.0302799	0.0210991	0.0709591	0.095753	0.0345975	0.0241864	0.0103997	0.0131923
133	0.0153666	0.00204381	0.00194488	0.00341838	0.0026438	0.00363317	0.00122435	0.366953	0.00206575	0.0602489	0.0107299	0.00342746	0.00206174	0.00334089	0.00283588	0.00477447	0.0137615	0.496293	0.000397146	0.00283513
134	0.0305912	0.00162897	0.0120119	0.00752811	0.0195111	0.0075704	0.00938119	0.0680292	0.016401	0.320653	0.121214	0.00924677	0.17085	0.0200709	0.0202954	0.0319775	0.0331971	0.0746607	0.0207664	0.00441558
135	0.0616997	0.00199528	0.0610051	0.112329	0.00359806	0.0398919	0.0793672	0.0448473	0.0841848	0.0122442	0.006721	0.045388	0.095261	0.0876341	0.105773	0.04015	0.0511371	0.0511388	0.00419317	0.0114416
136	0.0106977	0.000746109	0.00671713	0.00511556	0.065545	0.00377435	0.00230745	0.287709	0.00590437	0.155998	0.168522	0.00478229	0.0119736	0.00376947	0.0124626	0.0133323	0.0239172	0.212527	0.0027518	0.00144678
137	0.00520737	0.000833591	0.00365434	0.00258689	0.026039	0.00305072	0.00264835	0.0309718	0.00851245	0.619218	0.142896	0.00392934	0.0186467	0.0308313	0.00464602	0.011594	0.0174212	0.0457313	0.0200729	0.00150889
138	0.0224084	0.00332331	0.00500582	0.0346984	0.000959094	0.0293579	0.0411346	0.0110278	0.233633	0.0118618	0.002564	0.0504077	0.00522632	0.0571777	0.444582	0.0244132	0.00582271	0.0099145	0.00129449	0.00518746
139	0.020732	0.00307803	0.00939749	0.0365135	0.00125619	0.0265143	0.0572525	0.0116624	0.21439	0.0131784	0.00282461	0.0626644	0.00669313	0.0538142	0.426002	0.0273062	0.00809833	0.0111429	0.00168668	0.00579304
140	0.226621	0.00157796	0.0160369	0.0207717	0.00745942	0.0647772	0.0071734	0.00605342	0.0156128	0.0222541	0.00542381	0.0107167	0.0210779	0.0167977	0.0356608	0.464752	0.0319102	0.0159121	0.00372814	0.00568345
141	0.0414874	0.00203778	0.00698177	0.00753394	0.0159541	0.00636571	0.0045892	0.286806	0.00976934	0.0820621	0.0558592	0.00787051	0.0158715	0.00605405	0.0130037	0.0209672	0.047049	0.36524	0.00129863	0.00319936
142	0.00865827	0.000979831	0.00445775	0.00272424	0.0109817	0.0032692	0.00140692	0.325849	0.00284425	0.164319	0.0950962	0.00355212	0.00958314	0.00344737	0.00605816	0.00487195	0.0156351	0.331197	0.00296005	0.00210877
143	0.0112406	0.00136213	0.00443513	0.00307354	0.0103512	0.00383998	0.00146471	0.297137	0.00265136	0.159723	0.0762658	0.00369513	0.00752055	0.00383289	0.00523469	0.0056799	0.0168709	0.381816	0.00122045	0.0025861
144	0.0546895	0.00577284	0.0626041	0.0761517	0.0196056	0.0303777	0.0474722	0.0239008	0.0829746	0.054252	0.0214785	0.0467974	0.0350134	0.133505	0.132566	0.062632	0.0322936	0.049772	0.00934442	0.0187975
145	0.137802	0.00757118	0.0413829	0.0289827	0.0238765	0.0321182	0.0267755	0.0350326	0.0441678	0.0475305	0.0291925	0.0397806	0.0429191	0.0254647	0.0524651	0.113761	0.16737	0.0817136	0.00694779	0.0151451
146	0.0325609	0.00540324	0.0101445	0.00765688	0.357219	0.010253	0.0491903	0.0136083	0.0134173	0.0830165	0.0317824	0.0100537	0.0109095	0.0134564	0.0183499	0.027736	0.0212691	0.0203335	0.0267134	0.236926
147	0.0963456	0.0123705	0.0721485	0.0401735	0.0135464	0.275583	0.0267806	0.014933	0.0516871	0.0259858	0.0106556	0.0553318	0.0340266	0.0248937	0.0800078	0.0857667	0.033979	0.0266727	0.00520636	0.0139056
148	0.0261011	0.0016769	0.0348142	0.0335728	0.00342644	0.0179736	0.0363069	0.0396714	0.169331	0.0124423	0.00896322	0.10856	0.0245456	0.119695	0.186546	0.0558122	0.0572089	0.0501898	0.0019799	0.0111834
149	0.0193688	0.00213816	0.0415689	0.0340278	0.0656599	0.0444387	0.114663	0.00484905	0.0722327	0.0111645	0.00637217	0.122676	0.0592442	0.0708182	0.0836969	0.101672	0.0269836	0.0162386	0.0021665	0.100021
150	0.0185882	0.00250552	0.104201	0.0234862	0.015801	0.0362904	0.133002	0.00862823	0.0880582	0.00716111	0.0105118	0.166305	0.0831693	0.0701368	0.0861798	0.0422363	0.0377826	0.0210075	0.00185497	0.0430943
151	0.0439231	0.00830434	0.0619404	0.0506054	0.0709726	0.0374694	0.14724	0.00991003	0.0557935	0.0312088	0.0170529	0.0624898	0.0413198	0.0467422	0.101091	0.0574589	0.0356246	0.0261973	0.0210934	0.0735621
152	0.214711	0.002651	0.017528	0.0133957	0.00950954	0.00952796	0.00962865	0.0255379	0.0112722	0.0286043	0.0195733	0.0150217	0.206124	0.00766904	0.0191583	0.090285	0.139339	0.154889	0.00201693	0.00355799
153	0.0379308	0.601913	0.0242664	0.0159233	0.0164746	0.0224588	0.0225989	0.0110373	0.0220998	0.0203688	0.0103156	0.0233811	0.0166448	0.0180281	0.029783	0.030841	0.0234947	0.0253474	0.0117947	0.0152979
154	0.0142645	0.0017724	0.00759641	0.00714674	0.0349031	0.00733731	0.00787784	0.0295661	0.0294225	0.433716	0.173859	0.00940509	0.0171517	0.098224	0.0165565	0.0214775	0.0236867	0.0466358	0.0154101	0.00398989
155	0.0136949	0.00110576	0.121829	0.172369	0.00238411	0.0186805	0.0151687	0.00343945	0.180548	0.00697177	0.00480125	0.0688177	0.00516916	0.168451	0.131743	0.0500509	0.00807912	0.0146052	0.00734074	0.00475091
156	0.128251	0.00134743	0.336824	0.213645	0.00249002	0.035687	0.00908427	0.00246452	0.0150974	0.0117216	0.00281782	0.0123377	0.0429115	0.0476622	0.0168475	0.0286608	0.02091	0.0661226	0.00209733	0.00301989
157	0.0705959	0.00189649	0.32368	0.288641	0.00377819	0.0456546	0.0198848	0.0023181	0.022543	0.0112152	0.00375742	0.028222	0.0292863	0.0320592	0.026944	0.0341664	0.0215879	0.0187709	0.00595468	0.00904416
158	0.02777	0.00401732	0.0424172	0.0170859	0.0145351	0.0265181	0.284476	0.0060519	0.0317383	0.0140559	0.010494	0.189592	0.0448388	0.0327888	0.0634484	0.11302	0.0299166	0.0169861	0.00467305	0.0255767
159	0.0165442	0.00212397	0.00221152	0.00330394	0.00422512	0.00337805	0.00111733	0.300762	0.00182975	0.0719836	0.0265747	0.00341541	0.00296085	0.00329672	0.00308439	0.00404469	0.0155673	0.530405	0.00063989	0.00253164
160	0.0198291	0.00235864	0.00351759	0.00469851	0.00654978	0.00521559	0.0017921	0.240713	0.00365562	0.0938698	0.0141147	0.009968	0.00284831	0.00916536	0.00429016	0.00813253	0.0292075	0.535992	0.00055515	0.00352675
161	0.0164112	0.0021323	0.00171168	0.00342425	0.00174773	0.00381666	0.00117531	0.359554	0.00201806	0.0563285	0.0016725	0.00352511	0.00143483	0.00349728	0.00238815	0.00478718	0.0135957	0.517406	0.000406636	0.00296687
162	0.107596	0.00270518	0.0386701	0.0278881	0.00779991	0.0221913	0.0194775	0.0189476	0.0231681	0.0302936	0.0138554	0.0259285	0.349647	0.019886	0.0384866	0.0974037	0.093057	0.0519316	0.00367118	0.00739561
163	0.082964	0.0062832	0.0457273	0.0261314	0.0115347	0.0334446	0.0292839	0.0141996	0.0387902	0.0325266	0.0111304	0.0339766	0.358128	0.0270009	0.0623671	0.0950839	0.0457886	0.0299403	0.00362145	0.0120773
164	0.0129225	0.00480536	0.006898	0.00267946	0.391956	0.00249045	0.0411756	0.00128605	0.0044206	0.0362808	0.0122495	0.00229296	0.00215502	0.00771044	0.00923428	0.00451662	0.00316569	0.00277521	0.0116455	0.43934
165	0.132586	0.00812996	0.00242813	0.00404305	0.00347719	0.00440806	0.00190048	0.202539	0.00294872	0.0437675	0.0064393	0.00450666	0.00545233	0.00435055	0.00361871	0.0203709	0.0643415	0.481438	0.000761135	0.0024929
166	0.096911	0.000929769	0.0748221	0.0251461	0.00213762	0.0166849	0.00901639	0.0232989	0.0152266	0.0375241	0.00597807	0.0368016	0.317817	0.0159792	0.0239365	0.198023	0.0503222	0.0444639	0.00147613	0.00350533
167	0.166746	0.004187	0.0455033	0.0381517	0.00811982	0.0249735	0.0174079	0.0147098	0.0260606	0.0260006	0.00867563	0.0258303	0.323603	0.0218117	0.0401341	0.101857	0.0559014	0.0401458	0.00229477	0.00788581
168	0.0645263	0.00141638	0.0962752	0.236938	0.00463537	0.0734131	0.109458	0.00599656	0.0410532	0.00940098	0.0118217	0.00994505	0.00777115	0.0905458	0.0891912	0.0202109	0.0144041	0.029726	0.043299	0.0399714
169	0.0250391	0.00247804	0.0127418	0.025957	0.00209589	0.0482955	0.0309207	0.0402869	0.218438	0.0145477	0.00494994	0.0561083	0.0101337	0.041906	0.34733	0.0590035	0.0140201	0.0376912	0.00141966	0.0066365
170	0.0992549	0.00099272	0.0135372	0.0434931	0.0690576	0.0162422	0.0108476	0.0917876	0.0375502	0.127351	0.0774458	0.0154518	0.0310137	0.0139318	0.0242428	0.0938244	0.0888533	0.139187	0.00256668	0.00336857
171	0.109923	0.00156016	0.0184248	0.0177136	0.0316959	0.0759017	0.0123846	0.137861	0.0529511	0.0520233	0.055076	0.0185257	0.0217685	0.0399739	0.0285704	0.10272	0.135226	0.0791111	0.00320646	0.00538279
172	0.0199035	0.00252443	0.0407618	0.0465271	0.00545043	0.0200131	0.0660592	0.0131673	0.125379	0.0108372	0.00390649	0.0738335	0.0726719	0.118222	0.287767	0.0360571	0.0185064	0.0234796	0.00219129	0.0127421
173	0.0580921	0.0064032	0.0387182	0.039373	0.00977629	0.0424015	0.0397713	0.0141145	0.14175	0.0271237	0.0135706	0.0512512	0.0298484	0.0552429	0.282067	0.0678172	0.0378272	0.0256277	0.00703499	0.0121894
174	0.0768893	0.00676474	0.19528	0.0540819	0.00828878	0.03365	0.0314963	0.0100715	0.0945811	0.0196726	0.0168199	0.0609646	0.0342052	0.0257538	0.0637555	0.124464	0.0982909	0.0276867	0.00656667	0.0107168
175	0.0212885	0.00191277	0.00353786	0.00417507	0.00626334	0.00453762	0.00188974	0.320175	0.00360433	0.0822793	0.0357585	0.00374496	0.00605783	0.00458352	0.00525475	0.00786369	0.0201104	0.463227	0.00105861	0.00267679
176	0.0217472	0.00598809	0.00839998	0.00437498	0.378286	0.00487394	0.0669032	0.00306849	0.0216992	0.105572	0.044835	0.0068934	0.00674887	0.0118364	0.0262301	0.012708	0.00879248	0.00852615	0.0811122	0.171404
177	0.486673	0.00373926	0.00509694	0.00421137	0.00316529	0.00537363	0.00328352	0.0282272	0.00487597	0.00480295	0.00972039	0.0048327	0.0126007	0.00390916	0.00701871	0.0558854	0.136259	0.216751	0.00127536	0.00229926
178	0.01409	0.0056599	0.00681392	0.00298128	0.429061	0.00323568	0.0439498	0.00141612	0.00646196	0.0442414	0.0144766	0.00385743	0.00430414	0.00889801	0.0102188	0.00751636	0.00450405	0.00353607	0.0153106	0.369467
179	0.0284942	0.00926041	0.011781	0.0094676	0.363211	0.00804091	0.0487109	0.0128302	0.0134435	0.0808677	0.0273247	0.00988897	0.0123219	0.0142085	0.0195159	0.0241707	0.0180337	0.02508	0.0218362	0.241512
180	0.0532283	0.00636428	0.0448968	0.0476328	0.00778145	0.0395262	0.0376381	0.0198311	0.14181	0.0286777	0.0143226	0.0496118	0.0390226	0.062731	0.277422	0.0574222	0.030107	0.0249124	0.00536102	0.0117009
181	0.095473	0.00521131	0.0695216	0.0388831	0.0134433	0.284547	0.0236155	0.0173028	0.0514598	0.0284405	0.0116576	0.0527216	0.0326252	0.0240803	0.0776522	0.0871684	0.0360806	0.0323069	0.00633235	0.0114771
182	0.0452242	0.00491879	0.0297562	0.0281549	0.0270508	0.025435	0.019942	0.0208498	0.2403	0.156915	0.0522628	0.0326866	0.028926	0.0326108	0.117791	0.0475486	0.0339169	0.036867	0.00884558	0.00999866
183	0.0199337	0.00281581	0.00761588	0.00627348	0.153205	0.00567225	0.0237312	0.0646962	0.0189953	0.288261	0.150461	0.00851908	0.0114805	0.0273133	0.0159851	0.0251145	0.028619	0.0670791	0.0196279	0.0546011
184	0.0471511	0.00286725	0.114748	0.230701	0.0330441	0.0403191	0.108359	0.00605276	0.0432937	0.0143683	0.0109664	0.0351981	0.0176932	0.0569225	0.0649808	0.0330209	0.0186365	0.0208595	0.0264258	0.0743923
185	0.0172657	0.000980848	0.0127702	0.00694846	0.0397845	0.00587466	0.00274666	0.245765	0.00763899	0.195157	0.11597	0.00653025	0.0148563	0.00792088	0.010232	0.020399	0.0293531	0.25341	0.00387298	0.00252336
186	0.0765935	0.00322211	0.0436647	0.0179127	0.0201882	0.0630276	0.142256	0.00966223	0.0388639	0.0150706	0.0451612	0.149025	0.0724721	0.0271008	0.0405046	0.055045	0.0662263	0.0525297	0.00466017	0.0568128
187	0.120936	0.00140467	0.0507396	0.0242081	0.00461785	0.0756981	0.0127834	0.0339937	0.0301566	0.0259031	0.00581592	0.0521573	0.22905	0.0197215	0.0414532	0.186961	0.0478461	0.0293628	0.00194996	0.00524068
188	0.0362155	0.00370967	0.06092	0.0382805	0.00695723	0.0339746	0.0349344	0.0138591	0.235534	0.0219198	0.0125656	0.112436	0.0234027	0.0541144	0.18456	0.0588659	0.0297466	0.0217847	0.00432595	0.0118934
189	0.0386159	0.00327685	0.279988	0.0437748	0.00364693	0.0832457	0.0303087	0.0040879	0.031575	0.011762	0.00884304	0.262787	0.0140119	0.021256	0.0488727	0.0698943	0.018908	0.0135657	0.00293433	0.00864488
190	0.00967202	0.000675373	0.00673321	0.00379672	0.0178862	0.00422838	0.00232393	0.334602	0.00565759	0.136864	0.159354	0.00455633	0.0208214	0.00367438	0.0123492	0.00854654	0.0233582	0.240507	0.00284802	0.00154505
191	0.163442	0.00301033	0.0660441	0.106938	0.0070082	0.0996631	0.0158848	0.00658374	0.0261656	0.0271596	0.00649199	0.0292972	0.0341611	0.0251349	0.0487245	0.252194	0.0448147	0.0209297	0.00684943	0.00950261
192	0.0709883	0.00452861	0.0358629	0.0354077	0.00549472	0.317077	0.0297856	0.0107122	0.0758966	0.0181353	0.00719861	0.0425885	0.0255539	0.0316633	0.165373	0.0625556	0.0260943	0.0206141	0.00583523	0.00863457
193	0.027935	0.0437797	0.0334367	0.028061	0.00575628	0.0652798	0.085289	0.011393	0.145333	0.0233049	0.00773059	0.0512633	0.0224532	0.0776356	0.293153	0.0315228	0.0165412	0.0174384	0.00258552	0.0101083
194	0.0153729	0.00668918	0.00710129	0.0025355	0.392774	0.00286992	0.0622614	0.00143049	0.00699587	0.0756038	0.0267863	0.00289066	0.00389451	0.0104685	0.0120044	0.00680885	0.00382913	0.00352848	0.0302449	0.32591
