663	20
1	0.224538	0.00683722	0.0246097	0.0276412	0.0550748	0.210304	0.0191258	0.0680107	0.00377927	0.0952895	0.010412	0.0119683	0.0051774	0.0241773	0.00268791	0.0451542	0.0652768	0.0767693	0.0195535	0.00361333
2	0.434614	0.0223667	0.00300699	0.00197021	0.00347198	0.013161	0.00157338	0.0457041	0.001583	0.0240911	0.0302242	0.00365278	0.0255136	0.00509993	0.00187418	0.15039	0.127454	0.101841	0.00101323	0.00139477
3	0.10796	0.00605575	0.133625	0.167857	0.00414008	0.0320546	0.0231007	0.0157015	0.0560183	0.0373917	0.00992486	0.0763791	0.0278178	0.0673211	0.0481325	0.082016	0.0538247	0.0323308	0.00266388	0.0156852
4	0.261941	0.0278074	0.000647683	0.00473855	0.027845	0.0615871	0.000399443	0.140631	0.00693033	0.103604	0.00854163	0.00318056	0.00444813	0.000594953	0.00299604	0.0287933	0.0258647	0.287262	0.00160241	0.00058497
5	0.0323385	0.0129297	0.000798688	0.00598349	0.186038	0.0244091	0.000771549	0.168518	0.000660258	0.290824	0.0411291	0.00206785	0.00492487	0.000826544	0.000454784	0.0132137	0.0208522	0.159756	0.0104972	0.0230068
6	0.00517374	0.00719321	0.000864893	0.000953562	0.00562907	0.00186315	0.00235968	0.689854	0.00644555	0.031422	0.00505122	0.021918	0.00199389	0.00195443	0.000785331	0.00441703	0.0185637	0.190459	0.000581436	0.00251649
7	0.0459124	0.00859565	0.00128677	0.00806111	0.171103	0.0332566	0.000696958	0.167991	0.00180704	0.246478	0.0337343	0.00178635	0.00966459	0.000522338	0.000794119	0.0145355	0.0296602	0.166926	0.0221612	0.0350263
8	0.110955	0.00938946	0.0014206	0.000588924	0.0373932	0.0276641	0.000233993	0.261533	0.000508913	0.20641	0.0136388	0.00415757	0.000349866	0.000306822	0.000346869	0.00438127	0.0172051	0.301095	0.000405879	0.0020144
9	0.327427	0.126889	0.010456	0.00314814	0.00386075	0.0171625	0.00117225	0.00683069	0.00156632	0.0108499	0.025358	0.00646796	0.0282941	0.0206023	0.00759974	0.205365	0.177175	0.015695	0.00132104	0.00275866
10	0.484133	0.0507908	0.00155667	0.00142573	0.0075425	0.158833	0.000891625	0.018149	0.00119188	0.0152797	0.00462016	0.00301738	0.0125433	0.00360019	0.00279354	0.171671	0.0363546	0.0194527	0.00141039	0.0047434
11	0.266982	0.0281044	0.000634535	0.00453679	0.0280043	0.0630617	0.000381587	0.138453	0.00715452	0.10362	0.00805708	0.00301034	0.00455211	0.000591985	0.00305495	0.0300369	0.0252195	0.282421	0.0016658	0.000456765
12	0.00218559	0.0064965	0.000573815	0.000668184	0.0241043	0.000789818	0.00795665	0.440454	0.000860674	0.0459964	0.007527	0.00265433	0.0079194	0.0050929	0.000377592	0.00627304	0.0107714	0.418672	0.000291106	0.0103351
13	0.108423	0.00560826	0.0320366	0.0684277	0.00351029	0.451498	0.0224465	0.0075069	0.018188	0.0047424	0.00303289	0.0107772	0.039896	0.0174961	0.0181226	0.16365	0.0156009	0.00554198	0.00139343	0.00210106
14	0.0364204	0.00595494	0.00143703	0.00518306	0.063355	0.0111236	0.000508075	0.289776	0.000893319	0.25586	0.0868941	0.00324883	0.00200293	0.000641507	0.000953991	0.00926054	0.0171538	0.189495	0.0132824	0.0065558
15	0.273152	0.0260483	0.000767019	0.00463877	0.0304138	0.0677061	0.000582061	0.132629	0.00777973	0.105663	0.00721169	0.00313562	0.00465687	0.000716247	0.00300455	0.0314866	0.0249053	0.272238	0.00277997	0.00048571
16	0.0386266	0.0016674	0.0068579	0.00742024	0.336383	0.00625305	0.0149482	0.0314336	0.0123807	0.102443	0.028936	0.00546661	0.00248397	0.00281849	0.0106225	0.0146391	0.0253671	0.0363245	0.0595114	0.255417
17	0.678651	0.0106859	0.00229465	0.000665793	0.00277915	0.0404455	0.000426551	0.0062635	0.000703809	0.00198026	0.00151643	0.00120954	0.000850985	0.00132685	0.00201808	0.225228	0.0114979	0.00796259	0.00269991	0.000793256
18	0.0430362	0.00341015	0.00286843	0.00112165	0.0222076	0.0108454	0.00118528	0.156089	0.00294923	0.187208	0.0667157	0.0122211	0.00116565	0.00102286	0.000676016	0.00505108	0.005812	0.448693	0.015132	0.0125893
19	0.0592312	0.00235171	0.00743962	0.0116407	0.29806	0.00984007	0.00995185	0.0401292	0.0155609	0.165799	0.033592	0.00582482	0.00271639	0.00109913	0.0151924	0.0192176	0.0274616	0.0537421	0.0507758	0.170374
20	0.0655198	0.0103082	0.019833	0.0530499	0.0356405	0.0282984	0.0398255	0.069342	0.0901664	0.10683	0.0384343	0.0690775	0.00334677	0.0849589	0.0744791	0.0467911	0.0465431	0.0645693	0.0313127	0.021674
21	0.0650045	0.00209682	0.00686192	0.0103906	0.282754	0.00969243	0.0104813	0.0476723	0.0174367	0.163552	0.037766	0.00639463	0.0029984	0.00150834	0.0168414	0.0181638	0.0283376	0.0540893	0.06102	0.156937
22	0.063505	0.00161109	0.00644101	0.00985002	0.270133	0.00724001	0.0136366	0.0493642	0.023262	0.166371	0.0468197	0.00702485	0.00255281	0.00125763	0.020075	0.0167821	0.0275382	0.0521717	0.0533488	0.161015
23	0.0853137	0.00845546	0.0126476	0.0288974	0.0691307	0.0187337	0.0167598	0.104695	0.0739981	0.15151	0.0441881	0.0411479	0.00228493	0.0313707	0.061853	0.040852	0.0520973	0.0990062	0.0244291	0.0326288
24	0.089185	0.0075368	0.0013905	0.00131205	0.0383559	0.0238502	0.000343623	0.232534	0.00118999	0.203287	0.0251258	0.00529937	0.0009051	0.000391185	0.000435867	0.00570072	0.0156528	0.338358	0.00450854	0.00463775
25	0.24794	0.00536805	0.0287029	0.00529965	0.0243947	0.0320906	0.0214482	0.00549398	0.0394014	0.00734923	0.00518402	0.0418281	0.0110499	0.00369246	0.00633325	0.475754	0.0193793	0.00816064	0.0055056	0.00562424
26	0.0526498	0.00304625	0.00745656	0.0230269	0.00538219	0.0382665	0.0133257	0.0110853	0.34276	0.00680384	0.0129462	0.0345327	0.00778153	0.0702323	0.250488	0.0594992	0.0398026	0.0110276	0.000634424	0.0092526
27	0.00213668	0.00643623	0.000563462	0.000671528	0.0236231	0.000785344	0.00795607	0.439542	0.000865801	0.0453538	0.00729229	0.00268155	0.0075548	0.0051339	0.00037038	0.00634008	0.0109454	0.421162	0.000275516	0.0103099
28	0.0957677	0.00296492	0.00489902	0.0316509	0.00651596	0.0517103	0.00852678	0.00967141	0.285846	0.00539404	0.00888178	0.0322442	0.0161206	0.0612832	0.212484	0.0909792	0.0536591	0.0119805	0.000786755	0.00863308
29	0.0400642	0.00367288	0.00313003	0.00106575	0.0209521	0.0101843	0.00122432	0.163752	0.00238053	0.189119	0.0730104	0.0113475	0.0010939	0.000924908	0.000743847	0.00521541	0.00611896	0.439143	0.01408	0.0127778
30	0.143685	0.00350507	0.0813217	0.0231234	0.00409274	0.0627153	0.0189589	0.0382064	0.0103562	0.015571	0.00268097	0.0295005	0.0231125	0.0332445	0.00212673	0.217327	0.218849	0.0581744	0.0110074	0.00244164
31	0.0813335	0.00713974	0.144244	0.216686	0.00417817	0.0622616	0.0273901	0.0227258	0.0397138	0.0324899	0.014289	0.0630872	0.0276856	0.0538598	0.0350973	0.0727564	0.0385468	0.0430685	0.00206605	0.011381
32	0.0988776	0.00624438	0.128262	0.174248	0.00495036	0.0317318	0.0255481	0.0160828	0.0547463	0.0434082	0.0150273	0.0775521	0.0257896	0.0717652	0.0492423	0.0736073	0.0486244	0.0319155	0.00287802	0.0194978
33	0.111711	0.00691886	0.117067	0.161352	0.00512325	0.0424765	0.0232088	0.0189529	0.0639848	0.0250011	0.012566	0.0778444	0.0303161	0.0607426	0.0532116	0.08324	0.0549708	0.0308779	0.0028949	0.0175398
34	0.103575	0.00594618	0.136006	0.180908	0.00391016	0.0323296	0.0221293	0.0145699	0.0518164	0.0399922	0.0119586	0.0777264	0.0281055	0.0663693	0.04658	0.0780533	0.0493857	0.0316083	0.00222703	0.0168027
35	0.0748888	0.0126673	0.0167762	0.0305351	0.0467242	0.0279609	0.023259	0.0784007	0.0998187	0.112078	0.0406171	0.0634298	0.00268734	0.0510616	0.0823322	0.054897	0.0532317	0.0807231	0.0309451	0.0169666
36	0.106042	0.00381953	0.0264527	0.047041	0.0154709	0.111856	0.00698928	0.142666	0.00811486	0.131737	0.0375867	0.0428696	0.00674578	0.0356732	0.00195403	0.0402248	0.0479692	0.179199	0.00416622	0.00342204
37	0.112789	0.00690644	0.128689	0.151362	0.00390422	0.0467572	0.0265764	0.0180347	0.0516695	0.023791	0.00731809	0.0693614	0.0248676	0.0648361	0.042493	0.100037	0.0677001	0.0374642	0.00332056	0.0121225
38	0.123698	0.0069017	0.128496	0.168995	0.00400238	0.0321081	0.0275036	0.014253	0.0600035	0.0252903	0.00747921	0.073032	0.0248045	0.070281	0.0550252	0.0809392	0.0499631	0.0301916	0.0023169	0.0147158
39	0.0359579	0.00301215	0.00615724	0.0286439	0.00447025	0.035927	0.0166728	0.0127703	0.343002	0.0112675	0.0172683	0.0426808	0.0065424	0.0658622	0.259728	0.0492365	0.0395827	0.0112331	0.000968762	0.0090155
40	0.0619816	0.0453732	0.00260996	0.00384143	0.0804571	0.0196957	0.00131114	0.155495	0.00212726	0.207366	0.0901259	0.00524353	0.00377896	0.00179049	0.0017007	0.0189807	0.024765	0.240625	0.00739882	0.0253337
41	0.0767769	0.0118773	0.0151005	0.0296325	0.0467328	0.0251049	0.0227996	0.0839869	0.0993046	0.117386	0.0412025	0.0600412	0.00254096	0.0481361	0.0794702	0.0537846	0.0533364	0.0847688	0.0289394	0.0190778
42	0.105757	0.00610444	0.143685	0.189565	0.00380717	0.0328148	0.0241719	0.0146873	0.0562725	0.0233745	0.007517	0.0748398	0.02674	0.0633479	0.048716	0.0812675	0.0474826	0.0338051	0.00216575	0.0138791
43	0.0301304	0.0120491	0.00178445	0.00174118	0.0189562	0.00892849	0.00227397	0.532678	0.00493614	0.0873326	0.0142578	0.0184618	0.00197262	0.00247544	0.00126431	0.00725818	0.0182331	0.230013	0.00163859	0.0036138
44	0.0933747	0.0116708	0.011467	0.0164872	0.0772371	0.0676923	0.0608521	0.025411	0.0265705	0.0377835	0.0849463	0.0286025	0.00725972	0.0689384	0.0230296	0.112799	0.0730508	0.0432947	0.00790016	0.121633
45	0.0927614	0.0396264	0.0631867	0.0977187	0.00711251	0.0184177	0.0530403	0.0099583	0.0783753	0.0253734	0.0061133	0.0844642	0.0100301	0.0759677	0.089888	0.0875568	0.130417	0.0157633	0.00224497	0.0119842
46	0.0899658	0.0289343	0.0420072	0.0563938	0.0314251	0.02266	0.0385616	0.0442584	0.0882536	0.0720165	0.0228397	0.0626459	0.00649811	0.0554709	0.086373	0.0764892	0.0948637	0.0490877	0.0173436	0.0139118
47	0.0119799	0.00795597	0.0015038	0.00179271	0.00733876	0.00341256	0.00221609	0.664112	0.00699794	0.0360889	0.00697398	0.0232003	0.00178789	0.00267393	0.00138101	0.00628916	0.0254104	0.185439	0.000884785	0.00256098
48	0.185112	0.00504568	0.00961391	0.0451508	0.0110894	0.0502141	0.00662514	0.00746919	0.127186	0.00498581	0.0030753	0.0248068	0.010567	0.0599307	0.153643	0.158178	0.103526	0.0168766	0.000976155	0.0159291
49	0.0578817	0.0145538	0.153013	0.351863	0.00383481	0.0179166	0.0295221	0.0537245	0.00901036	0.0125982	0.0174186	0.051394	0.00672432	0.0335887	0.00789202	0.0452209	0.0497686	0.0758186	0.00118567	0.00707003
50	0.0055372	0.00149038	0.00610506	0.00124741	0.000668202	0.95853	0.000237961	0.000572738	0.000297439	0.000639383	0.000540465	0.000329935	0.000887197	0.000332954	0.00447	0.0119493	0.00188857	0.000829508	0.00318215	0.000263955
51	0.55075	0.0210305	0.00548757	0.00405904	0.00437535	0.0678503	0.00198052	0.0101831	0.0048617	0.00671336	0.0051813	0.00424462	0.00624356	0.00608405	0.00565103	0.224893	0.0441544	0.0210484	0.00250423	0.00270379
52	0.100824	0.0134839	0.115718	0.149588	0.00425439	0.0279829	0.0289637	0.0150703	0.0739595	0.02205	0.00637908	0.0899297	0.0222135	0.0640726	0.0658717	0.0873966	0.0722383	0.0255839	0.00219266	0.0122265
53	0.416378	0.0107865	0.00432	0.00147884	0.00487628	0.0206723	0.00118554	0.00853526	0.00214762	0.00314587	0.00615393	0.00294438	0.00309076	0.00489076	0.00293398	0.356683	0.110322	0.0361681	0.00211358	0.00117322
54	0.0415264	0.0110188	0.00599125	0.00676915	0.32237	0.0163474	0.0150235	0.0613058	0.00712747	0.130948	0.0354561	0.00662492	0.00476892	0.00663939	0.00613712	0.026756	0.0259464	0.0704083	0.0164128	0.182423
55	0.0424627	0.0137441	0.00616371	0.00768451	0.060852	0.0144845	0.00406963	0.125931	0.00780526	0.438529	0.063553	0.00993837	0.00410153	0.00582271	0.00975526	0.01948	0.0208841	0.122207	0.00765526	0.0148772
56	0.0672255	0.00172797	0.00639002	0.00982902	0.277851	0.00669083	0.0141933	0.0464856	0.0234048	0.159692	0.046734	0.00877872	0.00275426	0.00170429	0.024698	0.0180517	0.0296888	0.048978	0.0540444	0.151078
57	0.187828	0.00972959	0.031451	0.0669714	0.00874811	0.0423538	0.0110689	0.00844658	0.102305	0.00815564	0.00424648	0.0317012	0.0134523	0.0607463	0.12368	0.154325	0.101705	0.018151	0.00126471	0.0136699
58	0.0366034	0.0106426	0.0149673	0.332085	0.0117818	0.022387	0.0307457	0.0183175	0.0373609	0.0227302	0.124756	0.0318298	0.00725906	0.164298	0.0282647	0.0333328	0.0260257	0.020139	0.00353816	0.0229367
59	0.0161343	0.00279644	0.00401247	0.00409407	0.399112	0.00470463	0.019374	0.0143513	0.00498439	0.0557881	0.0219429	0.002521	0.00168774	0.00442464	0.00484746	0.0119592	0.0212727	0.0288759	0.014472	0.362645
60	0.035809	0.00293394	0.00627548	0.0213883	0.00434152	0.0335028	0.0153899	0.0121136	0.357202	0.00720023	0.0156049	0.0336533	0.00620221	0.0743427	0.263027	0.0523051	0.0377201	0.0113505	0.000754255	0.00888308
61	0.0459721	0.0153013	0.0128218	0.00830339	0.123677	0.0138386	0.00485127	0.13583	0.0099653	0.198326	0.0976314	0.00952289	0.0038147	0.00336841	0.00721222	0.0227905	0.03277	0.151786	0.0334757	0.0687417
62	0.0746715	0.132086	0.00323841	0.00409653	0.0475549	0.0110794	0.00199903	0.0898942	0.00322031	0.154656	0.206401	0.0057838	0.00452184	0.00405572	0.00347316	0.0339272	0.03228	0.157487	0.00289872	0.026676
63	0.29023	0.039324	0.00383793	0.00346284	0.127632	0.205507	0.00585616	0.00802912	0.00230801	0.0397532	0.00415974	0.0128385	0.0021868	0.00362766	0.00217869	0.118395	0.0703952	0.0426889	0.00289021	0.014698
64	0.0636621	0.00410875	0.00192997	0.00108632	0.0200179	0.018149	0.00101323	0.185744	0.0029251	0.158227	0.0491564	0.0101292	0.000863173	0.000894128	0.000579599	0.00444575	0.00798789	0.444613	0.0129585	0.0115087
65	0.0249253	0.00631879	0.00350719	0.0043599	0.375082	0.00756511	0.0131809	0.0339059	0.0063473	0.10419	0.0484995	0.00327558	0.00239474	0.00307863	0.00582353	0.0141686	0.0268123	0.0550161	0.0185434	0.243005
66	0.0241897	0.0072329	0.00166618	0.00286989	0.0119817	0.00325599	0.00108022	0.334354	0.00166921	0.121592	0.157426	0.00348113	0.00130998	0.00400524	0.0016681	0.0250198	0.0667578	0.219716	0.00818095	0.00254317
67	0.267766	0.028242	0.00062829	0.00459848	0.0280043	0.0634432	0.00037523	0.136312	0.00709846	0.101149	0.0080659	0.00294657	0.00476714	0.000595817	0.00306957	0.0302335	0.0260407	0.284559	0.00165327	0.000450862
68	0.109486	0.00975749	0.00171718	0.000633308	0.0385627	0.0292967	0.000224399	0.259725	0.000565905	0.203274	0.0137638	0.00385588	0.000378268	0.000250132	0.000362775	0.00480115	0.017275	0.303463	0.000493469	0.00211369
69	0.04355	0.0221863	0.00250922	0.00548353	0.219079	0.0126649	0.00382793	0.0891602	0.0045692	0.254339	0.11812	0.00481551	0.00414756	0.00289184	0.00389988	0.0246569	0.0246053	0.101957	0.0150667	0.042469
70	0.514794	0.0266779	0.00120465	0.000883582	0.0113922	0.189541	0.000778113	0.00553601	0.00112918	0.00530705	0.00104927	0.00182452	0.0119986	0.00286637	0.00204773	0.187392	0.0152868	0.0137351	0.00105546	0.00550022
71	0.267539	0.0277958	0.000625837	0.00462424	0.0279033	0.0629254	0.000403267	0.136117	0.00703856	0.100076	0.00813862	0.00299803	0.00510804	0.000611965	0.00303332	0.0300445	0.0263915	0.28647	0.0017023	0.000453396
72	0.100253	0.00855037	0.00143818	0.000478671	0.0381102	0.0263361	0.000218144	0.263516	0.000260198	0.210473	0.0156106	0.00408393	0.000185121	0.000239367	0.000179537	0.00330643	0.0168953	0.306931	0.000679813	0.00225499
73	0.0395589	0.00613717	0.00164129	0.00175559	0.0256367	0.00919527	0.00132956	0.350507	0.000947318	0.17436	0.0733674	0.00522058	0.0015603	0.00116186	0.000649042	0.00753141	0.0151379	0.272569	0.00704753	0.00468606
74	0.0510559	0.0161842	0.0025005	0.00583182	0.236483	0.0306194	0.0028202	0.0981492	0.00349571	0.227834	0.0372763	0.00308841	0.00485837	0.00117863	0.00291632	0.0274689	0.0346789	0.13356	0.0173253	0.0626741
75	0.0461138	0.00813416	0.000888869	0.00409902	0.128196	0.0267823	0.000901826	0.179918	0.000968326	0.228805	0.0339773	0.00355028	0.00373556	0.000505607	0.000519206	0.0116258	0.0199668	0.27694	0.00823015	0.0161424
76	0.0472775	0.0179335	0.00245088	0.00605483	0.155232	0.0195286	0.00145404	0.14877	0.00150355	0.286274	0.0729281	0.00366193	0.00462139	0.00155367	0.00122578	0.0270122	0.0256791	0.142064	0.0128067	0.0219689
77	0.0566749	0.0175572	0.00381488	0.00731948	0.0164732	0.00960025	0.00311465	0.146524	0.00339512	0.0596942	0.0217661	0.0107386	0.0031285	0.0136509	0.0025104	0.0686216	0.209712	0.33656	0.00369167	0.00545252
78	0.0891723	0.00339014	0.0349846	0.0716163	0.00238636	0.458843	0.024523	0.00695813	0.0188847	0.00329083	0.00197492	0.0104387	0.0451892	0.0179968	0.0174266	0.172894	0.0138769	0.00399787	0.00100903	0.00114676
79	0.0963327	0.0279779	0.0618664	0.0867893	0.0139321	0.0543515	0.0212374	0.0217191	0.0773788	0.0323955	0.0312649	0.0635879	0.0300569	0.0743379	0.0524248	0.0937048	0.0780171	0.0479251	0.00711475	0.0275854
80	0.103452	0.00762329	0.113754	0.15589	0.00386516	0.0389682	0.0304592	0.0129839	0.0887542	0.0242347	0.00931258	0.0737005	0.0261612	0.0716594	0.0687795	0.075896	0.0481515	0.0287473	0.00256321	0.0150437
81	0.10855	0.00653341	0.10501	0.106933	0.0209515	0.0336322	0.0495196	0.0121405	0.0373749	0.0192299	0.00690718	0.049547	0.084991	0.0319986	0.041259	0.161192	0.0538218	0.0225307	0.0301936	0.0176842
82	0.110317	0.0059447	0.139555	0.174585	0.00406908	0.0331646	0.024753	0.0134622	0.0582608	0.0232349	0.00695558	0.0770123	0.0306512	0.0624138	0.0512702	0.0884232	0.0475915	0.0311261	0.00280436	0.0144056
83	0.0849698	0.00529753	0.00595819	0.00978813	0.115801	0.0408185	0.00459276	0.148314	0.0190725	0.167928	0.0316989	0.0110573	0.00656904	0.00650459	0.0117021	0.0254013	0.0419708	0.150948	0.0697762	0.0418323
84	0.0789868	0.0113892	0.0190565	0.0347641	0.0465745	0.0242892	0.0222224	0.0841776	0.0962204	0.117227	0.0406731	0.0589431	0.0032071	0.0467383	0.0759231	0.0530721	0.053319	0.085484	0.0269554	0.0207776
85	0.0779506	0.0127547	0.0219091	0.0358194	0.0429891	0.0325895	0.0208208	0.0694744	0.0821916	0.0878202	0.0326546	0.0854597	0.00488239	0.0508194	0.0726981	0.0712845	0.0751467	0.0778312	0.0303162	0.0145876
86	0.165336	0.00880816	0.042934	0.0717982	0.00868168	0.102326	0.0139146	0.013916	0.106102	0.017922	0.00817688	0.0544291	0.0200493	0.0580887	0.107892	0.102137	0.0585953	0.0237286	0.00358315	0.0115818
87	0.197361	0.0132018	0.00409591	0.0097823	0.0609788	0.0907954	0.00277821	0.129674	0.00543812	0.127727	0.0129175	0.00600706	0.00974795	0.00437489	0.00169269	0.0317069	0.0427099	0.225085	0.0151286	0.0087971
88	0.052515	0.00492496	0.00367729	0.00907729	0.234997	0.0216625	0.00520846	0.110967	0.00826305	0.207196	0.0356557	0.00361404	0.00963195	0.00110276	0.00751814	0.0153711	0.0285144	0.10514	0.045608	0.0893558
89	0.0441176	0.00878509	0.00400931	0.00290598	0.00612267	0.00487441	0.0060558	0.0268192	0.00420234	0.0324957	0.00722291	0.0307673	0.00278716	0.00602945	0.00383892	0.271496	0.482338	0.0376243	0.0017001	0.0158081
90	0.360201	0.0954851	0.00644438	0.00301853	0.00354339	0.0300004	0.00149327	0.0121378	0.00216214	0.0280536	0.0380207	0.00818862	0.0125818	0.00958058	0.00629587	0.143247	0.21467	0.0210861	0.00112163	0.00266812
91	0.100704	0.00871632	0.00146675	0.000532674	0.0393326	0.0268204	0.000210048	0.264026	0.000244004	0.207049	0.0156203	0.00401338	0.000200744	0.000241187	0.000187237	0.00351829	0.0175399	0.306531	0.000606175	0.00243954
92	0.677904	0.0107986	0.00267869	0.000764556	0.00274782	0.0404041	0.000431873	0.0063509	0.000757016	0.00205395	0.00151844	0.00121176	0.00110514	0.00142675	0.00186585	0.224052	0.0122858	0.00816362	0.00267588	0.000803042
93	0.0360533	0.00946353	0.00735692	0.00804774	0.34956	0.0142129	0.0135095	0.0503166	0.00878032	0.128938	0.0380272	0.00628145	0.00587823	0.00787822	0.00874212	0.021257	0.0254669	0.0673865	0.0120252	0.180818
94	0.0769003	0.00618781	0.0014204	0.000570132	0.0356978	0.0197572	0.000572716	0.216569	0.000907837	0.216133	0.0340025	0.00554171	0.000505146	0.000397942	0.000330948	0.00412739	0.012666	0.358108	0.00473844	0.00486628
95	0.104914	0.00948303	0.00148583	0.00100672	0.0361382	0.0262343	0.000280714	0.240268	0.00101488	0.200297	0.0213891	0.00476067	0.000765962	0.000513667	0.000369825	0.00597912	0.016842	0.322104	0.0025279	0.00362546
96	0.0259584	0.00312753	0.00809591	0.00446908	0.00276226	0.881707	0.00182718	0.00162886	0.00241232	0.00227396	0.00147595	0.00314018	0.00339971	0.00233118	0.00664509	0.0343833	0.0051714	0.00390567	0.00310883	0.00217625
97	0.521445	0.0320441	0.000989694	0.0013069	0.00572803	0.221259	0.000637472	0.00534193	0.000731496	0.00481185	0.000876854	0.00131784	0.0180255	0.00436229	0.00197487	0.140818	0.0136545	0.0168329	0.000688238	0.0071534
98	0.100495	0.00902237	0.00141519	0.000663607	0.0428389	0.0267893	0.000216604	0.265424	0.000239074	0.210503	0.014855	0.00398328	0.000377085	0.000242688	0.000183997	0.00343036	0.0176187	0.2986	0.000544867	0.00255779
99	0.0825734	0.0205637	0.0583654	0.0444669	0.0172683	0.0358558	0.0144852	0.0365974	0.0379797	0.0340832	0.0159359	0.146987	0.0199841	0.0303017	0.0342563	0.105954	0.190151	0.0543088	0.00658777	0.0132946
100	0.177083	0.0225699	0.0200813	0.023011	0.0150971	0.0678083	0.0088883	0.0229428	0.0209343	0.0248273	0.0108913	0.0209732	0.0133737	0.0175618	0.0200142	0.402441	0.0652889	0.0301732	0.00664416	0.0093956
101	0.0271672	0.00471378	0.0018472	0.0037575	0.0247612	0.00378962	0.000737089	0.355624	0.00125866	0.178642	0.164377	0.00263682	0.00109343	0.00119169	0.00120425	0.0136909	0.0264802	0.161996	0.0199705	0.00506097
102	0.0943354	0.00789154	0.00134658	0.00048737	0.0383604	0.0244809	0.000220711	0.253502	0.000340823	0.224102	0.0206544	0.00403134	0.000235772	0.000290166	0.000203558	0.00368055	0.0158312	0.304915	0.00248024	0.00260914
103	0.363426	0.150999	0.00372191	0.002262	0.0291345	0.0299701	0.00210458	0.00784418	0.00260561	0.0216753	0.00475667	0.00534542	0.00689396	0.00410555	0.00352542	0.273913	0.0224973	0.0341897	0.00255031	0.0284796
104	0.00546482	0.0014901	0.0060852	0.00116547	0.000667328	0.959055	0.000202626	0.000555525	0.000276667	0.000641966	0.000540507	0.000331937	0.000849284	0.000323023	0.00444754	0.0117871	0.00187168	0.000809173	0.00317139	0.000263918
105	0.00917925	0.00078339	0.00446529	0.00319421	0.42048	0.00148111	0.0225435	0.00256995	0.0039775	0.0397233	0.01535	0.0011992	0.000807596	0.00422639	0.0040366	0.00891126	0.016408	0.0132928	0.0123696	0.415001
106	0.039322	0.00557177	0.00184438	0.011824	0.103873	0.0176855	0.000906148	0.242496	0.00192247	0.287315	0.0584026	0.00312938	0.00565467	0.00106756	0.00129779	0.0108502	0.0199717	0.147242	0.0235972	0.0160263
107	0.00546482	0.0014901	0.0060852	0.00116547	0.000667328	0.959055	0.000202626	0.000555525	0.000276667	0.000641966	0.000540507	0.000331937	0.000849284	0.000323023	0.00444754	0.0117871	0.00187168	0.000809173	0.00317139	0.000263918
108	0.0612519	0.0165154	0.016126	0.02676	0.0401928	0.0244238	0.0172167	0.0773987	0.0735498	0.130729	0.105859	0.0379728	0.00698004	0.0353844	0.0835322	0.050427	0.0508608	0.106302	0.0187443	0.0197733
109	0.0376986	0.00311483	0.00634076	0.022094	0.00501786	0.0334398	0.0162896	0.0141487	0.349402	0.00900516	0.0171928	0.0342442	0.00622036	0.0726724	0.258829	0.0536968	0.0371375	0.0128802	0.00140142	0.00917418
110	0.0259469	0.00635547	0.000975915	0.0014728	0.0260039	0.00715551	0.00476934	0.351796	0.00131496	0.0918069	0.0163211	0.00444174	0.00467076	0.00482514	0.000418852	0.0075284	0.0192287	0.414591	0.00234838	0.00802879
111	0.29155	0.0213752	0.0224718	0.0334228	0.0251734	0.0334613	0.0108993	0.0415579	0.0597936	0.0540557	0.0175056	0.032812	0.0239216	0.0292381	0.0749722	0.0718546	0.0485008	0.0832799	0.0106908	0.0134634
112	0.0424996	0.029818	0.00455897	0.0108138	0.00893367	0.00637823	0.00312853	0.116195	0.00481191	0.0209	0.0125196	0.00857556	0.00528222	0.0342689	0.00342216	0.0480457	0.221218	0.41295	0.00159546	0.00408566
113	0.0234099	0.00098696	0.00464247	0.0077754	0.407589	0.00274689	0.0162513	0.00797329	0.0052593	0.0570526	0.0160042	0.00196558	0.00114778	0.00361701	0.00912771	0.0102618	0.0177205	0.0174264	0.0171087	0.371933
114	0.403665	0.0115037	0.00389581	0.00173031	0.00277933	0.00771985	0.00173146	0.0148975	0.00107016	0.00590692	0.0139296	0.00304426	0.00610194	0.011988	0.00213616	0.270976	0.167425	0.0671636	0.00111988	0.00121444
115	0.0739402	0.0115996	0.0912181	0.0511125	0.0225708	0.0529939	0.0235417	0.0461247	0.0512542	0.0418035	0.0192978	0.20284	0.0243172	0.0350769	0.0393977	0.076892	0.0628914	0.0484459	0.008262	0.01642
116	0.199829	0.0193775	0.00827174	0.00753219	0.13389	0.138737	0.0419057	0.0209265	0.00932331	0.0401526	0.0218521	0.0146974	0.00541351	0.013508	0.00745884	0.0943685	0.045904	0.104737	0.00674479	0.0653698
117	0.109522	0.01	0.0275189	0.0465455	0.0124996	0.0497355	0.0166033	0.0179495	0.155658	0.0196517	0.0120409	0.046498	0.0181502	0.0486217	0.165838	0.130521	0.069007	0.0246584	0.00606436	0.0129162
118	0.0901282	0.19238	0.0042895	0.00485914	0.00837744	0.00967737	0.00337066	0.0318286	0.00427016	0.0146485	0.0188508	0.0156304	0.00633961	0.0128807	0.00475298	0.0843184	0.289929	0.195234	0.00320847	0.00502547
119	0.428735	0.131122	0.00442007	0.00327103	0.00375233	0.0183288	0.00138074	0.0115221	0.00226123	0.0306058	0.0207594	0.00892793	0.0124627	0.00849781	0.00402797	0.101806	0.171472	0.0324611	0.00127314	0.00291422
120	0.013362	0.00613855	0.00381821	0.00273894	0.0444355	0.00656852	0.0324046	0.290313	0.0023414	0.0712535	0.0122639	0.00657925	0.019639	0.00589098	0.00202134	0.0129572	0.0160229	0.425087	0.00285737	0.0233075
121	0.0708708	0.100273	0.0088458	0.150684	0.0112447	0.106628	0.00536616	0.0176119	0.0530439	0.0184876	0.170445	0.0112852	0.00822509	0.0132141	0.00618003	0.191429	0.0207635	0.0213765	0.00678819	0.00723757
122	0.440718	0.105417	0.00633404	0.00613693	0.00788628	0.0331318	0.00234308	0.0189101	0.00306084	0.0268596	0.0163152	0.00958775	0.0112846	0.00913426	0.00550364	0.111762	0.127555	0.0522975	0.00188259	0.00387927
123	0.0822226	0.0124855	0.0168589	0.0312447	0.0431256	0.0310841	0.0224511	0.0736857	0.103565	0.101821	0.0372072	0.0620851	0.0033919	0.0514373	0.0887219	0.0599223	0.0562329	0.0759542	0.0301071	0.0163957
124	0.0910494	0.00346019	0.0357658	0.0729802	0.00263737	0.441872	0.0233348	0.00713852	0.0255069	0.00362875	0.00204767	0.0121518	0.0440609	0.0209296	0.0219636	0.16833	0.0160181	0.00458525	0.000977319	0.00156244
125	0.0488139	0.00378089	0.00428461	0.00611179	0.087634	0.0277679	0.000695847	0.218344	0.00237691	0.191833	0.0539322	0.00546889	0.00520384	0.00104002	0.000931054	0.0157754	0.0364094	0.197701	0.0569043	0.0349909
126	0.175615	0.0044528	0.00274625	0.0294295	0.0121129	0.0600007	0.00494928	0.00644548	0.135295	0.00387036	0.00285493	0.0330992	0.0108491	0.0462379	0.171528	0.156119	0.114472	0.0126215	0.000861324	0.0164401
127	0.114109	0.00721412	0.134417	0.169872	0.00416212	0.0320395	0.0324289	0.0131437	0.0586585	0.0280546	0.0070687	0.0726464	0.0354763	0.0623064	0.0572444	0.0800474	0.0466351	0.0289102	0.0025884	0.0129776
128	0.534893	0.0323188	0.000833357	0.000819975	0.00639659	0.205104	0.000462659	0.00603991	0.000565633	0.00492437	0.000857039	0.00120704	0.0153461	0.00360358	0.00188515	0.147588	0.01448	0.0158544	0.000714966	0.00610638
129	0.0499983	0.00936266	0.0053944	0.00763971	0.3301	0.0181343	0.0162228	0.064563	0.00918664	0.123252	0.0302333	0.00869964	0.00454745	0.00695069	0.00898401	0.0263789	0.0280558	0.072123	0.0140524	0.166121
130	0.107819	0.0102435	0.0130452	0.0217249	0.0284403	0.0225519	0.0149826	0.0758469	0.088444	0.0755165	0.0427727	0.0787394	0.00513462	0.076116	0.0459158	0.0756421	0.0607621	0.126724	0.0175014	0.0120774
131	0.11888	0.05585	0.00163403	0.00207843	0.00788153	0.0041374	0.000884736	0.108377	0.00125456	0.0104105	0.033476	0.00816546	0.0016635	0.00321492	0.00121315	0.0365188	0.277845	0.324428	0.000793883	0.00129319
132	0.551783	0.0198137	0.00682094	0.00632735	0.00609475	0.0603486	0.00200587	0.0118147	0.00613657	0.00942182	0.00452339	0.00597878	0.00667548	0.00534832	0.00595677	0.222277	0.0379201	0.0245447	0.00301024	0.00319741
133	0.031881	0.0114912	0.00318218	0.00580352	0.358094	0.0103239	0.00601776	0.0494861	0.00683975	0.248199	0.0389175	0.00332305	0.00346501	0.00302008	0.00764222	0.0154372	0.0191646	0.0583988	0.0231506	0.096163
134	0.132683	0.00439266	0.0100252	0.0322036	0.00961965	0.0468914	0.00878068	0.00832667	0.180762	0.00667894	0.00570628	0.0401709	0.0108957	0.051727	0.200767	0.1293	0.0933203	0.0140313	0.00154745	0.0121696
135	0.530413	0.0318546	0.000892226	0.000883885	0.00543878	0.209023	0.000553157	0.00606201	0.000693614	0.00504541	0.000987938	0.00144834	0.0182701	0.00443528	0.00159563	0.14282	0.0140091	0.0170175	0.000755224	0.00780169
136	0.0281632	0.00284703	0.00727977	0.00410803	0.00102928	0.893711	0.0011592	0.00174459	0.00151152	0.0010947	0.000656607	0.00140155	0.0030005	0.00142834	0.00492946	0.0369652	0.00331847	0.00195613	0.00303532	0.000660172
137	0.413587	0.0478106	0.00188917	0.00132822	0.00548809	0.11554	0.000985332	0.039746	0.00115101	0.045462	0.00668819	0.00319617	0.0180628	0.00324036	0.00248705	0.219433	0.0290853	0.0390748	0.00118352	0.00456162
138	0.168654	0.0313147	0.0051167	0.00496945	0.0182423	0.018271	0.0026209	0.10725	0.00367711	0.0395196	0.0231062	0.00926366	0.0050879	0.00792703	0.00205274	0.0808031	0.166636	0.300065	0.00181339	0.00360994
139	0.0489828	0.016473	0.00528577	0.00884975	0.0498505	0.0137707	0.00449246	0.231776	0.0097488	0.204283	0.11951	0.012035	0.00358446	0.00765185	0.00841537	0.0272543	0.0342192	0.166824	0.0128712	0.0141216
140	0.0211334	0.00292146	0.00846021	0.00626457	0.00289914	0.879987	0.00196179	0.00281855	0.00720502	0.00332449	0.00133653	0.00305865	0.00388674	0.00288411	0.0087149	0.0285432	0.00505902	0.00508841	0.00310293	0.00134971
141	0.0121129	0.00129395	0.0035555	0.00339714	0.446072	0.0020605	0.019522	0.00532144	0.00446149	0.0555771	0.01959	0.00154087	0.00106144	0.0037812	0.0051629	0.00925444	0.019179	0.0180836	0.0135201	0.355452
142	0.347024	0.0304942	0.00240701	0.00321325	0.00892068	0.0689307	0.00168625	0.0805856	0.00273991	0.106511	0.0176696	0.00553327	0.00856301	0.00280782	0.00221802	0.180398	0.034688	0.0918932	0.00166788	0.00204878
143	0.0467939	0.0130738	0.027101	0.0291896	0.0310867	0.0191643	0.0128145	0.0701654	0.0300295	0.353922	0.0556012	0.0674656	0.012517	0.0239648	0.0246531	0.0447455	0.0394825	0.0770092	0.00775581	0.0134647
144	0.148987	0.11971	0.00482325	0.00293433	0.00537811	0.00727133	0.00257419	0.019043	0.00240892	0.00918462	0.0106542	0.00774476	0.00497694	0.0090274	0.0039409	0.198526	0.273122	0.164981	0.00177356	0.00293796
145	0.176766	0.0204805	0.00654133	0.00166876	0.00894912	0.0677108	0.00293909	0.00779964	0.00634958	0.00511573	0.00287881	0.00547524	0.0044847	0.00446713	0.00242602	0.643222	0.0228724	0.0039637	0.00403235	0.00185779
146	0.019222	0.00652238	0.00456886	0.00486564	0.0690618	0.00830002	0.00345407	0.131389	0.00662314	0.21155	0.125536	0.0580593	0.00438123	0.0122511	0.00394239	0.257212	0.0140499	0.0512161	0.00261964	0.00517517
147	0.536359	0.0298543	0.000909853	0.000840442	0.00583543	0.195884	0.000448719	0.00597786	0.00062	0.00460235	0.000962576	0.00114802	0.0144171	0.00342293	0.00196502	0.161971	0.0132996	0.0144923	0.00107875	0.00591085
148	0.00268181	0.0122801	0.00254569	0.000870319	0.0116294	0.00238563	0.000923554	0.0852505	0.000712417	0.71413	0.0731398	0.00703959	0.000706517	0.0008858	0.00522251	0.0028967	0.0057674	0.0691783	0.000506069	0.00124818
149	0.0336058	0.0195381	0.000894979	0.00390617	0.19419	0.0249132	0.00128868	0.105166	0.000920012	0.351846	0.0527217	0.00146836	0.00410718	0.00146085	0.000752267	0.0211079	0.0236772	0.130278	0.00685144	0.0213062
150	0.133296	0.055708	0.00221821	0.00295652	0.0129053	0.00964224	0.00126481	0.109007	0.00290336	0.021245	0.0433564	0.0142788	0.00218878	0.00399628	0.00145205	0.049829	0.21246	0.318435	0.000985182	0.00187089
151	0.00291047	0.0112444	0.00245481	0.000939865	0.011842	0.00251666	0.000897808	0.0852195	0.000759378	0.715184	0.0723478	0.0070246	0.000703892	0.000858895	0.00532777	0.00281037	0.00579593	0.0696269	0.000668772	0.000866506
152	0.0102188	0.00166908	0.00366531	0.00335152	0.447194	0.00281099	0.018036	0.00506488	0.00334783	0.0393774	0.0213126	0.00238568	0.00142659	0.0036151	0.00428252	0.0131847	0.0276625	0.0241591	0.00986607	0.357369
153	0.106345	0.009484	0.00142625	0.000555568	0.0382329	0.0274771	0.000222106	0.264641	0.000378492	0.206027	0.0141683	0.00394823	0.000283121	0.000273869	0.000261001	0.00382037	0.0175357	0.302498	0.00040359	0.00201868
154	0.125481	0.00529439	0.0051963	0.00324508	0.00489672	0.00718592	0.00476133	0.0729622	0.00353267	0.104794	0.00954888	0.0315388	0.00391919	0.00440844	0.00227344	0.139419	0.437818	0.025174	0.00207487	0.0064763
155	0.0809942	0.010421	0.0013949	0.000997977	0.0310743	0.0199426	0.000362643	0.292826	0.000477377	0.19645	0.0515908	0.00394846	0.000465708	0.000441024	0.000384878	0.00592542	0.0174806	0.278569	0.00340848	0.00284539
156	0.0745135	0.0125176	0.014727	0.0286711	0.0460934	0.0272198	0.0245286	0.0802834	0.101693	0.115712	0.0403432	0.0630047	0.00234959	0.0509719	0.0810305	0.0539264	0.0528127	0.0811584	0.031459	0.0169845
157	0.103614	0.00911136	0.00145761	0.000511035	0.0387946	0.0272386	0.000208605	0.266241	0.00026492	0.208507	0.0142848	0.00400058	0.00020262	0.000260277	0.000206465	0.00352081	0.0172988	0.301874	0.000365813	0.00203804
158	0.0272751	0.00312644	0.00412037	0.00482558	0.372115	0.00536781	0.015867	0.0234488	0.00902796	0.118908	0.0337523	0.00281694	0.00155877	0.00271117	0.00773532	0.0126348	0.021962	0.0377821	0.0245485	0.270415
159	0.144786	0.00396147	0.0195903	0.0541365	0.007855	0.0589803	0.00794406	0.0114502	0.190188	0.00825021	0.00565904	0.0384421	0.0161248	0.0570913	0.164517	0.115415	0.0667323	0.0163394	0.00165344	0.0108841
160	0.00290034	0.012686	0.00240672	0.000725473	0.0122689	0.00241213	0.00117885	0.0842843	0.00090951	0.685998	0.0943541	0.00664195	0.000854908	0.000974177	0.00587685	0.00378649	0.00689146	0.0727511	0.000465805	0.00163346
161	0.00675229	0.00094007	0.00305836	0.00265713	0.466457	0.0017322	0.0182324	0.00172939	0.00267419	0.0282693	0.0215721	0.00135277	0.000830301	0.00369765	0.00322765	0.00953264	0.0237404	0.0186426	0.0071054	0.377797
162	0.0810056	0.0083358	0.164165	0.267767	0.00411063	0.0255419	0.0235674	0.0283037	0.0326102	0.0185413	0.010914	0.0685072	0.0190624	0.0478808	0.0288162	0.0664114	0.0461035	0.0447642	0.0015697	0.0120219
163	0.344695	0.16034	0.00359131	0.00236266	0.0491323	0.0219375	0.00253112	0.00789469	0.00296761	0.0300975	0.00439204	0.00708053	0.00434687	0.00358701	0.00307508	0.257339	0.0178547	0.042196	0.00238701	0.032192
164	0.00474782	0.00645418	0.000658327	0.000679595	0.0236196	0.00147596	0.00758776	0.436264	0.000945468	0.0503656	0.00893503	0.00295205	0.0071622	0.00481967	0.00037264	0.00630088	0.010934	0.415268	0.000473737	0.00998351
165	0.424843	0.00845596	0.00292106	0.00150192	0.00217928	0.00647008	0.00136058	0.0161818	0.00101426	0.00523904	0.0116458	0.00223394	0.00723076	0.00662291	0.00194669	0.250428	0.174549	0.0731106	0.000965421	0.0010998
166	0.37518	0.0273598	0.00499557	0.00605776	0.0205742	0.21955	0.0027602	0.0389759	0.0053254	0.0363719	0.00647657	0.00791845	0.0103361	0.0055885	0.00548887	0.0928263	0.030355	0.0953962	0.00255331	0.00590985
167	0.00870652	0.00112785	0.00417706	0.00304144	0.420082	0.00183898	0.0270824	0.002277	0.00374839	0.0357072	0.0162968	0.00205865	0.00105763	0.00470367	0.00376133	0.0114999	0.0185499	0.0136904	0.0108583	0.409735
168	0.0516338	0.00638093	0.0148072	0.0125839	0.00772734	0.737586	0.0046723	0.0107164	0.010945	0.0123108	0.0046408	0.00958401	0.00597158	0.00925781	0.0119078	0.0383345	0.0279412	0.0146014	0.00413208	0.00426495
169	0.0393291	0.0162714	0.00680233	0.00827505	0.0509076	0.0151155	0.00378624	0.112649	0.00851236	0.476212	0.0629765	0.0114867	0.00460475	0.00678611	0.00914134	0.0190047	0.0189931	0.10994	0.00730223	0.0119036
170	0.0261547	0.00405724	0.00746731	0.00404786	0.00231853	0.886747	0.00174079	0.00297739	0.00376565	0.00374557	0.00304334	0.00326752	0.00323133	0.0026482	0.00629473	0.024364	0.00571172	0.0044046	0.00312347	0.000888705
171	0.0283914	0.00278739	0.00798906	0.00379003	0.00248246	0.8852	0.0010097	0.00361106	0.00393182	0.00368873	0.00115273	0.00427796	0.0030592	0.00222631	0.00642672	0.0270147	0.00410877	0.00482134	0.00317489	0.000855373
172	0.103835	0.0270553	0.0206184	0.0209573	0.0462038	0.0354386	0.0105835	0.0596566	0.0200135	0.140705	0.043507	0.0261398	0.0152073	0.0180302	0.0152762	0.23955	0.0617633	0.0688823	0.00865307	0.0179245
173	0.402765	0.00738831	0.00310526	0.00143188	0.00261333	0.00428339	0.00106768	0.016411	0.000926162	0.00487418	0.0118714	0.00224497	0.00654934	0.00729558	0.00207335	0.268778	0.177535	0.0769809	0.000921571	0.000883375
174	0.017481	0.00652186	0.000839079	0.00118135	0.0295522	0.00534976	0.00508581	0.402406	0.00105421	0.0812485	0.0303123	0.00396308	0.00508126	0.0035515	0.000653867	0.00769751	0.0146011	0.372371	0.00263431	0.00841455
175	0.462387	0.0258146	0.00665193	0.00888305	0.01218	0.172707	0.00533638	0.0170336	0.00807096	0.016915	0.00525058	0.00616706	0.0134068	0.00865217	0.00860242	0.15029	0.0318307	0.0310129	0.00252513	0.00628304
176	0.00775217	0.0249604	0.00256712	0.00122499	0.025079	0.00409467	0.00173833	0.0728291	0.00124816	0.65776	0.0949246	0.00618682	0.00202804	0.00096557	0.00466556	0.00793973	0.011514	0.0674647	0.000620224	0.00443672
177	0.0446121	0.0126104	0.00702419	0.00660356	0.311528	0.0215455	0.0124312	0.0580955	0.00850409	0.132874	0.0371221	0.00855217	0.00589968	0.00575564	0.00991927	0.0280067	0.0300091	0.0692664	0.0154379	0.174203
178	0.0829305	0.00644186	0.0394877	0.0695965	0.00474465	0.493109	0.0166665	0.0127658	0.0215542	0.0120099	0.00765993	0.0191238	0.0274915	0.0209291	0.020136	0.100293	0.0210185	0.0173677	0.00296204	0.00371245
179	0.0963287	0.0142202	0.0274588	0.0476119	0.0229418	0.0457031	0.021158	0.0260833	0.161904	0.0391253	0.0192896	0.0469702	0.0145683	0.0546201	0.159171	0.0807285	0.059237	0.0371868	0.00748975	0.0182043
180	0.0912318	0.0170727	0.00663071	0.00972303	0.0397708	0.0260045	0.00466484	0.217753	0.00812222	0.11608	0.0281916	0.00975363	0.00852318	0.00767506	0.00585758	0.0304618	0.0482027	0.307643	0.00621474	0.0104232
181	0.188193	0.0121779	0.00752194	0.00744775	0.00707188	0.614681	0.00254247	0.0118801	0.00597301	0.0112203	0.00378546	0.00373211	0.007966	0.00460257	0.00777761	0.0623813	0.0125225	0.0221362	0.00318197	0.00320507
182	0.0278028	0.00368388	0.00865161	0.00611054	0.00302991	0.880725	0.00138704	0.00437944	0.00328852	0.00441655	0.00134414	0.00352426	0.00330474	0.00228149	0.00776196	0.0215696	0.00585007	0.00631118	0.0033013	0.00127635
183	0.0346181	0.00380346	0.00942957	0.00546663	0.00339976	0.857369	0.00163741	0.00443115	0.00497811	0.0046272	0.00271959	0.0055087	0.00337865	0.00299571	0.00775989	0.0293966	0.0062189	0.00671316	0.0041184	0.00143046
184	0.0504247	0.0105445	0.00390438	0.00475832	0.0356594	0.0142312	0.00501978	0.383284	0.00850626	0.11257	0.0279725	0.0136247	0.00568662	0.00530112	0.00563534	0.0236574	0.0372484	0.237114	0.0054479	0.00940996
185	0.0116143	0.00123502	0.00378992	0.00360191	0.433146	0.0020398	0.018927	0.0045239	0.00418581	0.0439697	0.0184319	0.00147349	0.00093687	0.00384959	0.00437707	0.00956093	0.0195494	0.0174445	0.011932	0.385411
186	0.147862	0.0352642	0.0167864	0.0189393	0.0215678	0.0335554	0.00889037	0.0552813	0.0262895	0.0409154	0.0178578	0.0223085	0.0103311	0.0194328	0.0230029	0.134323	0.241059	0.104928	0.00664183	0.0147629
187	0.0794411	0.00717829	0.0321942	0.051512	0.0221305	0.0428905	0.0183219	0.0316406	0.198984	0.0386168	0.0192915	0.0524378	0.015919	0.0593288	0.14097	0.0731282	0.0519985	0.0390212	0.00757759	0.0174175
188	0.457143	0.0310011	0.0135944	0.0157946	0.0146657	0.0665379	0.00387542	0.030578	0.0132743	0.0283856	0.0106149	0.0120261	0.0136747	0.0101829	0.0111159	0.147391	0.0562344	0.0542897	0.00354912	0.00607094
189	0.451766	0.0280019	0.0136842	0.0141028	0.0202218	0.0731517	0.00495133	0.0291111	0.012375	0.0340549	0.0100711	0.0126181	0.0140164	0.0110672	0.0133887	0.14703	0.0502	0.0489325	0.0042409	0.00701489
190	0.0780149	0.00903924	0.251482	0.0957582	0.0141032	0.0604151	0.0202303	0.0206052	0.0426262	0.03025	0.0122153	0.0819659	0.0376122	0.0403556	0.0313205	0.0832666	0.0420123	0.0309475	0.00452585	0.0132544
191	0.074092	0.0152126	0.00489599	0.00704833	0.108767	0.030289	0.00550492	0.17437	0.00601434	0.159029	0.0316782	0.00819902	0.0072042	0.00577024	0.00642603	0.0273412	0.0385383	0.247833	0.0113044	0.0304829
