260	20
1	0.0161644	0.00221044	0.00120092	0.00264026	0.390191	0.00194127	0.00186639	0.0271196	0.00226145	0.129827	0.0264385	0.00266287	0.000512178	0.00201037	0.00166064	0.00887647	0.00596227	0.0164363	0.0176521	0.342366
2	0.00569403	0.00195524	0.00235846	0.201291	0.0025417	0.00271052	0.019958	0.0581882	0.152176	0.0546595	0.00304128	0.00413118	0.00102347	0.059598	0.279523	0.0145369	0.0625483	0.0543766	0.000828674	0.0188592
3	0.0255289	0.0146446	0.00949592	0.0181612	0.0998414	0.0145308	0.227399	0.0210325	0.0382506	0.040097	0.015351	0.0611173	0.00246852	0.0275506	0.0293057	0.0312306	0.0212681	0.0253732	0.016074	0.261279
4	0.0292748	0.00279363	0.108987	0.187442	0.00323467	0.0145646	0.00290247	0.104097	0.167864	0.0380367	0.00362451	0.0468084	0.0012396	0.0356939	0.0548181	0.00708721	0.0360567	0.150815	0.0010052	0.00365326
5	0.102116	0.00170799	0.00218501	0.0483889	0.00216175	0.0179438	0.00172137	0.0119307	0.432197	0.0322417	0.0189455	0.0031621	0.0503153	0.0610736	0.104787	0.0373365	0.00365133	0.0601574	0.000730891	0.00724575
6	0.0154687	0.00338586	0.00991674	0.00157187	0.00117109	0.00129258	0.00106421	0.00209331	0.0100981	0.00716592	0.00149406	0.0313232	0.00281099	0.00987592	0.00527	0.309819	0.576332	0.00396177	0.000326617	0.00555804
7	0.0877059	0.0054813	0.0354291	0.020669	0.00651243	0.291691	0.00828481	0.0111092	0.271605	0.0175002	0.00957932	0.0262474	0.00788953	0.0675935	0.0330715	0.0563584	0.0175164	0.0135052	0.00188057	0.0103702
8	0.217585	0.0846693	0.00131523	0.00162091	0.0568713	0.0424466	0.0011296	0.028344	0.00170819	0.0846156	0.0425299	0.00539979	0.000605648	0.0018752	0.0015422	0.130059	0.148761	0.136098	0.00418483	0.00863908
9	0.0625354	0.0018077	0.0302902	0.133252	0.00255919	0.00286295	0.00596854	0.0143775	0.244214	0.0147476	0.0136238	0.0578391	0.00222018	0.157783	0.117888	0.0387804	0.0631337	0.0282998	0.000508705	0.00730781
10	0.0280571	0.0064201	0.00380639	0.00161709	0.0929433	0.00142906	0.016711	0.202496	0.00586702	0.316528	0.0325748	0.00222211	0.000474124	0.0015064	0.0045471	0.00692571	0.00552422	0.175363	0.00945831	0.0855293
11	0.0198713	0.00848569	0.00303965	0.000989114	0.106334	0.00126115	0.00959109	0.177511	0.00809699	0.410419	0.0477468	0.00361697	0.000835837	0.00186941	0.00507791	0.0055803	0.00662974	0.0998877	0.00777797	0.0753779
12	0.0200497	0.0177524	0.00106415	0.0100926	0.173318	0.00150929	0.221154	0.019451	0.0536979	0.0496729	0.00602503	0.0947726	0.000502657	0.0229758	0.0110607	0.0278556	0.0193147	0.0305984	0.01782	0.201313
13	0.0173344	0.00193786	0.581806	0.0736712	0.00862596	0.00228631	0.00784652	0.0191882	0.0334698	0.020052	0.00796801	0.107782	0.000752384	0.00306438	0.00224384	0.0621065	0.0236242	0.00421938	0.000674774	0.0213461
14	0.0210673	0.00269745	0.154739	0.223347	0.00294962	0.00396371	0.0160505	0.0166612	0.100428	0.00665824	0.0154998	0.0809998	0.111859	0.0286808	0.0287144	0.085372	0.0576847	0.0376616	0.000978032	0.0039875
15	0.0253975	0.00533889	0.126829	0.32369	0.00493182	0.00891007	0.132785	0.00825059	0.0387499	0.00958756	0.00736087	0.125013	0.00425131	0.0804952	0.00894165	0.0256359	0.0128321	0.0337888	0.00164225	0.0155694
16	0.0342401	0.010456	0.010593	0.0140493	0.00296044	0.0176303	0.0236664	0.01071	0.416585	0.039852	0.00788358	0.0761196	0.0144039	0.0654793	0.171372	0.0305219	0.0407515	0.00526749	0.000914084	0.00654425
17	0.211117	0.0870426	0.00125676	0.0014561	0.0593477	0.0366415	0.00115942	0.0286854	0.00161367	0.084838	0.0434881	0.00479136	0.000574255	0.00164822	0.00139803	0.129462	0.153983	0.138893	0.00434028	0.00826376
18	0.00356812	0.00184138	0.00118123	0.00123681	0.74497	0.00102741	0.00455987	0.0368163	0.00241163	0.138116	0.0152101	0.00261303	0.000504513	0.00125182	0.00186938	0.00284924	0.00350858	0.0222312	0.000877403	0.0133562
19	0.178703	0.0985801	0.0280505	0.00436456	0.0144847	0.107261	0.0198457	0.00438615	0.00582093	0.0190437	0.0377954	0.0907854	0.000778276	0.0193035	0.00233905	0.256376	0.0658169	0.0232161	0.000738013	0.022312
20	0.0314762	0.00804318	0.00199127	0.00199409	0.0382996	0.000463332	0.000675716	0.402583	0.00141074	0.137168	0.0322346	0.000785784	0.000203729	0.000657447	0.00351234	0.00496656	0.0268483	0.289694	0.00128494	0.0157067
21	0.329534	0.0458988	0.00197195	0.00107881	0.00647316	0.191997	0.00104621	0.0189131	0.00102616	0.0141142	0.0138281	0.0199015	0.000341027	0.00749984	0.00280799	0.213193	0.0442031	0.0786539	0.000230385	0.00728832
22	0.00238833	0.000771662	0.00103852	0.00128143	0.840756	0.00100715	0.00457554	0.0158404	0.00139965	0.0880998	0.0109474	0.00208147	0.000438471	0.00130916	0.00144459	0.00249145	0.00191079	0.0131286	0.00034421	0.00874581
23	0.0842139	0.00241733	0.0042573	0.0323964	0.00208936	0.0189177	0.00702261	0.0102976	0.43138	0.033107	0.0209197	0.0161421	0.0485253	0.0528622	0.145694	0.0323444	0.00917725	0.0374218	0.000663193	0.0101507
24	0.0608831	0.0222949	0.017547	0.0149202	0.0128187	0.0250666	0.0121663	0.0366674	0.0227074	0.0296149	0.0153868	0.0649828	0.0073467	0.0170255	0.0122845	0.211065	0.325	0.0742599	0.00219926	0.0157635
25	0.0320501	0.0136634	0.00249097	0.0224192	0.0225837	0.0163967	0.00647162	0.0941146	0.0227721	0.133641	0.00435705	0.0131888	0.372898	0.0146961	0.0112093	0.00952521	0.0963013	0.105584	0.000714054	0.00492399
26	0.158712	0.0219438	0.00716005	0.0178086	0.0233786	0.0132743	0.0161291	0.0145046	0.0204548	0.0201594	0.00367624	0.0428941	0.41442	0.0197436	0.00276767	0.107511	0.0537905	0.0329339	0.000686232	0.00805229
27	0.0704809	0.00105301	0.0428839	0.119155	0.018307	0.0352361	0.0566113	0.0175836	0.106326	0.0131208	0.0355911	0.0410593	0.00632656	0.0569398	0.0454363	0.170154	0.125166	0.0197918	0.000487772	0.0182891
28	0.0336993	0.0133241	0.399248	0.0286165	0.00255819	0.00959303	0.0076645	0.00400475	0.020193	0.00793108	0.00597638	0.313211	0.00408357	0.0242489	0.00241644	0.0971252	0.0146683	0.00689794	0.000684407	0.00385562
29	0.0448278	0.00607717	0.351115	0.046677	0.00223304	0.0194242	0.0137321	0.00311703	0.00662428	0.00401541	0.00972621	0.236293	0.00118514	0.0351609	0.00253721	0.194679	0.00834181	0.0104111	0.000808389	0.00301292
30	0.0172147	0.0234673	0.00593967	0.00891689	0.00566953	0.00795423	0.00882751	0.00847524	0.269691	0.0134823	0.0257121	0.114036	0.00423353	0.0340446	0.0674352	0.108489	0.239031	0.0103127	0.00162919	0.0254378
31	0.0586815	0.00997619	0.0624428	0.0630962	0.0139194	0.426581	0.0152032	0.0105026	0.0550762	0.0124921	0.0124719	0.0724031	0.00504635	0.0285337	0.0263837	0.0591178	0.0288913	0.0153527	0.00254114	0.0212868
32	0.0537062	0.00499236	0.0072724	0.0126568	0.00348265	0.0140108	0.00655066	0.27273	0.0237809	0.0596792	0.00443543	0.00871267	0.00616446	0.00354725	0.011902	0.0329387	0.16986	0.295718	0.00078029	0.00708007
33	0.168498	0.0191277	0.00709763	0.013941	0.0288591	0.0129345	0.0134232	0.00838016	0.021388	0.0135984	0.00228449	0.0487514	0.444067	0.0198888	0.00188227	0.110426	0.0373952	0.0191941	0.000651754	0.00821066
34	0.0490479	0.0157685	0.0204207	0.0413008	0.0494798	0.0207865	0.191339	0.0335761	0.0550325	0.0979487	0.0300933	0.0486236	0.00853494	0.0836698	0.0458625	0.0517425	0.0369939	0.031981	0.00991558	0.0778828
35	0.0331929	0.00856242	0.00200784	0.00231869	0.0341197	0.00075846	0.00106499	0.387059	0.00242817	0.12983	0.0313639	0.00175909	0.000309483	0.000859568	0.00362763	0.00676031	0.0299886	0.307733	0.00138883	0.0148676
36	0.0240323	0.0256196	0.000694913	0.000921047	0.0617752	0.00716081	0.000707954	0.161472	0.00390355	0.385365	0.109658	0.00827741	0.00200716	0.00304653	0.00542183	0.0221521	0.0447368	0.118835	0.00556456	0.008648
37	0.0667434	0.00470644	0.08147	0.326625	0.00648439	0.0262589	0.0369257	0.0116993	0.0763425	0.0198886	0.0119193	0.0457255	0.00561446	0.134368	0.048287	0.0381724	0.0263551	0.0180565	0.00433122	0.0100265
38	0.0336399	0.00977929	0.0118673	0.0244858	0.0154376	0.0177812	0.168392	0.0222577	0.0686449	0.0305448	0.0169372	0.0540462	0.00511115	0.0253355	0.328735	0.0560348	0.0407717	0.0241812	0.00609221	0.0399247
39	0.17763	0.0706301	0.0023634	0.00308896	0.0368222	0.0207439	0.00271216	0.0653539	0.00487372	0.104299	0.0369262	0.0100313	0.000972097	0.00250105	0.0041859	0.116281	0.173125	0.156161	0.00269531	0.00860375
40	0.13702	0.0371015	0.00302076	0.0024598	0.0163713	0.00557076	0.00193963	0.0946234	0.00426324	0.066371	0.0151918	0.0116373	0.000790293	0.00221182	0.00425117	0.0604997	0.124199	0.405215	0.0009615	0.00630058
41	0.121893	0.070439	0.00231167	0.00323857	0.0772535	0.0232126	0.00240126	0.0731738	0.00425412	0.19928	0.0702612	0.00726739	0.00173794	0.00417313	0.00422767	0.0747505	0.107553	0.124519	0.00571709	0.0223362
42	0.156344	0.0878465	0.0302676	0.00568462	0.0115723	0.083882	0.0236667	0.00356471	0.00800661	0.0185028	0.0521078	0.0933594	0.000888558	0.0255824	0.00295592	0.282083	0.0746103	0.020812	0.000767164	0.0174956
43	0.146055	0.0165336	0.0365697	0.0492813	0.0148824	0.266078	0.0139685	0.0144758	0.0557776	0.0165611	0.0139206	0.0563972	0.00492985	0.0613537	0.0251175	0.12505	0.0348974	0.0254882	0.00307133	0.0195905
44	0.118299	0.035805	0.0246739	0.0252055	0.020877	0.0545587	0.0192395	0.0309191	0.0268674	0.0403549	0.0773332	0.0465227	0.00746241	0.024243	0.0196485	0.290501	0.0703088	0.0425162	0.00464083	0.0200238
45	0.0798613	0.00094922	0.0675126	0.236097	0.00273884	0.00552049	0.0153316	0.00303073	0.204011	0.0314353	0.00293727	0.0532294	0.0119116	0.0804611	0.106994	0.0310029	0.036932	0.023173	0.000390978	0.00647924
46	0.0230092	0.00438872	0.0111293	0.0143184	0.00194904	0.0117061	0.0488558	0.00531888	0.479426	0.0201927	0.0112463	0.0875637	0.0112709	0.0319288	0.176631	0.0319981	0.0208071	0.0031761	0.000667437	0.00441679
47	0.0207106	0.013283	0.00081271	0.00157948	0.130925	0.00498486	0.0236742	0.00550061	0.00122563	0.0028679	0.00843822	0.00176201	0.000740399	0.00388161	0.00176145	0.0148165	0.008001	0.00162729	0.00551457	0.747893
48	0.0317586	0.00695671	0.0141892	0.0189571	0.00278055	0.0231003	0.0255168	0.00830868	0.398377	0.0300646	0.00859573	0.0812221	0.0317027	0.0532957	0.164794	0.0355397	0.0535134	0.00493574	0.000834275	0.00555721
49	0.0504925	0.0350431	0.00102198	0.00120506	0.0469314	0.0106959	0.000865796	0.165288	0.00131113	0.257412	0.10785	0.0033703	0.000641003	0.00125688	0.00518759	0.0421976	0.0659031	0.185739	0.00771763	0.00986926
50	0.0515394	0.00452801	0.00713274	0.0180284	0.00190578	0.0165514	0.0207786	0.00677518	0.440218	0.0317797	0.0117975	0.0489165	0.0317096	0.0458137	0.187031	0.0318469	0.0211928	0.014952	0.000559231	0.00694364
51	0.0166351	0.00187036	0.584295	0.0736567	0.00830403	0.00246614	0.00790907	0.019267	0.0335723	0.0199143	0.00803185	0.107408	0.000775979	0.00299167	0.00177859	0.06279	0.0235465	0.00327161	0.000655175	0.0208608
52	0.0809562	0.0326809	0.00624168	0.00874632	0.00605564	0.0183192	0.0500358	0.126317	0.00850666	0.0626559	0.0152692	0.0194181	0.146779	0.0154446	0.00586423	0.0501911	0.14544	0.192858	0.00115494	0.00706597
53	0.00346286	0.00115338	0.00129237	0.00206364	0.80963	0.00168649	0.0054366	0.0181185	0.00236045	0.0959257	0.012476	0.00283065	0.000449964	0.00187773	0.00224999	0.00439327	0.00269085	0.0147718	0.000994343	0.0161353
54	0.0263099	0.00581503	0.00940624	0.0126014	0.00168424	0.0169158	0.0343378	0.00667854	0.457906	0.0292106	0.00770336	0.0791817	0.0164653	0.0489075	0.175797	0.0318277	0.0317881	0.00263468	0.000461255	0.0043677
55	0.104803	0.00586961	0.028092	0.0411256	0.00599145	0.116577	0.0256134	0.0194537	0.0514062	0.00571896	0.00436673	0.0655839	0.00101599	0.0688451	0.0939678	0.283409	0.0622249	0.00725409	0.00175268	0.00692816
56	0.0820915	0.0233731	0.0171329	0.0219856	0.0183452	0.113499	0.0209398	0.0260667	0.0170291	0.0251207	0.0257096	0.0843899	0.00347081	0.025326	0.0150964	0.230991	0.160623	0.0384533	0.00225629	0.0481006
57	0.0236581	0.00909026	0.00470323	0.0028723	0.0690961	0.00299943	0.00189845	0.13407	0.00731188	0.366356	0.1765	0.0128828	0.00786799	0.01735	0.00933278	0.0122866	0.0409206	0.0824501	0.00281371	0.0155403
58	0.0888544	0.0249535	0.00223102	0.0108812	0.00230223	0.0300216	0.0518523	0.00336312	0.0337752	0.00408581	0.0106078	0.459434	0.000775306	0.102906	0.00276866	0.128233	0.00398584	0.0110815	0.000737833	0.0271491
59	0.0153214	0.00366685	0.00990473	0.00156072	0.00122455	0.00145502	0.00127538	0.00224556	0.0104253	0.00737635	0.00163409	0.0330689	0.00281718	0.00987409	0.00533859	0.30858	0.574236	0.00408937	0.000356588	0.00554962
60	0.0205593	0.0130719	0.000844639	0.00164146	0.136347	0.00492239	0.0232948	0.00582343	0.0012297	0.00497464	0.0087295	0.00191591	0.000746243	0.00376536	0.0017419	0.0146543	0.00831333	0.00206473	0.00545346	0.739906
61	0.0447326	0.0294503	0.00343077	0.00283723	0.0480113	0.0131109	0.00161261	0.141326	0.00352162	0.2765	0.186066	0.005587	0.00179934	0.00661288	0.00951279	0.0449307	0.0420435	0.120119	0.00897695	0.00981736
62	0.0635587	0.00887121	0.134643	0.232738	0.00678748	0.0359207	0.0321387	0.0166848	0.065385	0.0211323	0.00993661	0.142139	0.00820492	0.0510599	0.0361165	0.059631	0.0343753	0.0246743	0.00195518	0.0140474
63	0.171958	0.0111485	0.0143413	0.0424614	0.0187664	0.025913	0.0120263	0.0248574	0.14974	0.0344814	0.0170693	0.0337368	0.184148	0.0369149	0.0475708	0.0732478	0.0427545	0.038815	0.0021377	0.0179116
64	0.0463509	0.0202235	0.00473803	0.00545728	0.130057	0.00534496	0.00420496	0.0637323	0.0204887	0.160743	0.350954	0.00653099	0.00235773	0.00664671	0.00672166	0.0119489	0.0097181	0.0130413	0.0608615	0.0698786
65	0.0677067	0.0205433	0.0141833	0.0169445	0.0211231	0.017112	0.0127508	0.160985	0.0242579	0.0769003	0.0275038	0.0235559	0.0191217	0.0161796	0.0184088	0.0855497	0.236297	0.120104	0.00280149	0.0179711
66	0.145141	0.00973114	0.0192643	0.0052422	0.194576	0.188396	0.00435945	0.00731817	0.00594627	0.0119599	0.00529229	0.00673491	0.00177121	0.00598801	0.00466703	0.0771491	0.0263888	0.0127644	0.0316623	0.235648
67	0.159012	0.0188019	0.00767887	0.0140201	0.025338	0.0137268	0.0134606	0.00839015	0.0217588	0.0137334	0.00222237	0.0489248	0.443982	0.0216329	0.001848	0.11659	0.0398308	0.019379	0.000599705	0.00906999
68	0.0486142	0.00658162	0.351744	0.168935	0.00503635	0.0194651	0.0132968	0.02097	0.0463349	0.0196921	0.00816202	0.102447	0.00848802	0.0279784	0.0200962	0.0639506	0.0390143	0.0168695	0.000589947	0.0117338
69	0.0175075	0.0192087	0.00728946	0.0169535	0.191295	0.0149243	0.0739806	0.0140329	0.130926	0.0218635	0.0913846	0.0196035	0.00225703	0.0212751	0.112021	0.0188013	0.0385329	0.0131245	0.0375261	0.137493
70	0.0730023	0.0177545	0.0103639	0.0114083	0.018812	0.0115374	0.00997581	0.219904	0.0177	0.0928702	0.0245212	0.0145257	0.0178767	0.00917114	0.0130595	0.0471852	0.147368	0.227063	0.00191275	0.0139879
71	0.0490257	0.041467	0.0011612	0.00138732	0.0490005	0.0148874	0.00089934	0.143443	0.00129467	0.263488	0.134012	0.00331064	0.000721471	0.00153601	0.00680513	0.0427223	0.0590329	0.166446	0.0109019	0.00845713
72	0.01729	0.00814755	0.000977837	0.001827	0.261709	0.00327665	0.0153328	0.0147469	0.00216507	0.0524065	0.0143755	0.00316918	0.000498358	0.0028885	0.00162637	0.0119261	0.00728192	0.00832661	0.00878174	0.563246
73	0.0539685	0.013317	0.0137002	0.0819134	0.0299043	0.0260349	0.0133503	0.0426164	0.0294086	0.0437519	0.0760949	0.0296602	0.133345	0.0229826	0.0208837	0.0415273	0.0340635	0.151229	0.00424335	0.138004
74	0.0827566	0.00873441	0.00479614	0.00643516	0.149281	0.00488747	0.00661314	0.273476	0.00974852	0.127612	0.029101	0.00703529	0.00347525	0.00408285	0.0058636	0.0131013	0.0189278	0.166296	0.00567526	0.0721009
75	0.331763	0.0477664	0.00197502	0.00112753	0.00636765	0.187985	0.00104335	0.0181582	0.00104258	0.0139422	0.013575	0.0191526	0.000361377	0.00735274	0.00288675	0.217373	0.0426746	0.0782763	0.00023663	0.00693978
76	0.0166223	0.00297517	0.00930154	0.00167927	0.00132657	0.00139406	0.00114048	0.00231881	0.00952284	0.0071169	0.00169232	0.029832	0.00349912	0.0100859	0.00571856	0.324457	0.561847	0.00379199	0.00035244	0.00532568
77	0.0193183	0.0383963	0.00287876	0.0368271	0.00345003	0.00372869	0.00315378	0.0164171	0.0513861	0.0834631	0.0790665	0.0049772	0.0679608	0.187685	0.0865076	0.00745032	0.253039	0.0494243	0.000819677	0.0040499
78	0.0983038	0.000509136	0.0642674	0.226275	0.00313778	0.00625222	0.0141203	0.00344866	0.184008	0.0390302	0.00116735	0.056167	0.0174552	0.0542226	0.114834	0.0348517	0.0439047	0.0295151	0.000232354	0.00829779
79	0.0795493	0.00194068	0.0152271	0.0868457	0.00177036	0.0026431	0.00196633	0.0239797	0.221385	0.00816071	0.0145055	0.0671497	0.000863656	0.17016	0.120094	0.0531742	0.0887448	0.0312812	0.000651355	0.0099079
80	0.0582474	0.0346147	0.216875	0.175629	0.00997563	0.0300363	0.0302158	0.0289889	0.0334223	0.0282091	0.0135692	0.0909648	0.00737009	0.0663725	0.0204099	0.0706293	0.0331513	0.0347103	0.00279821	0.0138097
81	0.0150914	0.002191	0.00112774	0.00223661	0.39506	0.00171713	0.00163796	0.0277851	0.00220074	0.124913	0.0245516	0.00248823	0.000495373	0.00196591	0.00161498	0.00829438	0.00557454	0.0158691	0.0171694	0.348016
82	0.0239134	0.0296003	0.0165034	0.0727092	0.105115	0.00607695	0.0502622	0.0104254	0.14316	0.0407684	0.0478039	0.0538618	0.00140841	0.092275	0.108303	0.0433304	0.0348616	0.0188291	0.00415853	0.0966334
83	0.0569761	0.00490145	0.0580947	0.145927	0.0127835	0.0932971	0.0769901	0.0161836	0.0871606	0.0139686	0.0185587	0.0884141	0.00685352	0.0457298	0.0392351	0.116956	0.0819014	0.0184831	0.00230122	0.0152836
84	0.0299466	0.00758682	0.00204228	0.00240844	0.0394777	0.000717789	0.00104707	0.389916	0.00227127	0.161662	0.0343061	0.00179017	0.000389128	0.000974142	0.00392663	0.00570159	0.0258033	0.271577	0.00145014	0.0170053
85	0.0811855	0.00544257	0.0209261	0.00635286	0.0422462	0.0061138	0.00476303	0.12068	0.00704573	0.0868426	0.391817	0.00809681	0.00479834	0.037241	0.0222516	0.0326603	0.047441	0.0602788	0.00405443	0.00976308
86	0.12623	0.00284453	0.100894	0.0578737	0.00297692	0.0865188	0.0317384	0.00871941	0.0689045	0.00435101	0.0030666	0.0834309	0.000503762	0.0349738	0.0421528	0.29715	0.039483	0.00413457	0.00206813	0.00198479
87	0.0313195	0.00799702	0.00219819	0.00270983	0.038994	0.00082933	0.00135031	0.396121	0.00204963	0.139353	0.0354105	0.00112891	0.000281398	0.00114844	0.00377252	0.00590955	0.0266215	0.282412	0.00162448	0.018769
88	0.0451401	0.0163624	0.0175394	0.0231696	0.0768122	0.0239204	0.0542738	0.0792879	0.0325574	0.054967	0.0238097	0.0866984	0.00760516	0.0214594	0.0243063	0.0423936	0.033052	0.0363174	0.0137215	0.286606
89	0.0997432	0.0778697	0.00555022	0.00630762	0.0240136	0.031126	0.00435662	0.105801	0.00709759	0.240813	0.194742	0.0091236	0.00281933	0.00641995	0.00836444	0.0769053	0.0226067	0.0602009	0.00675594	0.00938311
90	0.0617619	0.00773202	0.308944	0.0639939	0.00361414	0.025213	0.0139275	0.00493865	0.0193924	0.00699128	0.00913537	0.213082	0.00226249	0.0421743	0.0103107	0.175107	0.015903	0.0103946	0.000888798	0.00423271
91	0.305583	0.0643973	0.00530938	0.00225	0.0130923	0.161927	0.0027249	0.0151637	0.00162169	0.0215278	0.0175341	0.0278666	0.000575264	0.00951819	0.0028634	0.223828	0.0459834	0.0689857	0.000492447	0.00875526
92	0.107093	0.0280714	0.00270435	0.00335576	0.00916869	0.00351921	0.00213965	0.111938	0.00805136	0.0491605	0.00841839	0.018064	0.000816977	0.00225531	0.00527087	0.0411	0.0998697	0.493729	0.000701995	0.00457168
93	0.00238024	0.000770593	0.00102283	0.00128127	0.841376	0.00100757	0.00455842	0.0157769	0.00139646	0.087871	0.0109666	0.00202685	0.000385669	0.00125914	0.001436	0.00249382	0.0018604	0.01303	0.000344418	0.00875545
94	0.0200428	0.0179953	0.00129969	0.0092225	0.168268	0.00164808	0.225927	0.0178532	0.0581738	0.0471204	0.00559007	0.0997155	0.000497741	0.0245446	0.0147715	0.0301728	0.0180068	0.0299984	0.0160398	0.193112
95	0.162072	0.0183674	0.00739826	0.0145064	0.0265147	0.0136076	0.0139018	0.00969141	0.0215886	0.0148213	0.00287048	0.0464944	0.444008	0.0204498	0.00249057	0.1113	0.0383756	0.0212145	0.00101418	0.00931357
96	0.0525332	0.00328331	0.0310381	0.0218039	0.0174852	0.00438188	0.0181092	0.0529163	0.0953197	0.294473	0.0205158	0.126911	0.00175837	0.0207083	0.119063	0.0515075	0.0474724	0.0142282	0.00115923	0.00533195
97	0.0280531	0.0280817	0.000714477	0.000970763	0.0623588	0.00838259	0.000814381	0.156792	0.00326817	0.372401	0.112583	0.00765401	0.00156956	0.00248019	0.0056163	0.024541	0.0444962	0.123428	0.00675884	0.00903521
98	0.0628821	0.0065285	0.0328963	0.00816465	0.00448745	0.021757	0.0218214	0.284278	0.0103871	0.0406133	0.00601453	0.020461	0.0257304	0.00743514	0.007558	0.0837439	0.20651	0.128415	0.00108771	0.0192279
99	0.00238024	0.000770593	0.00102283	0.00128127	0.841376	0.00100757	0.00455842	0.0157769	0.00139646	0.087871	0.0109666	0.00202685	0.000385669	0.00125914	0.001436	0.00249382	0.0018604	0.01303	0.000344418	0.00875545
100	0.0746535	0.0022638	0.0224791	0.0821636	0.0084249	0.00365051	0.026761	0.0125004	0.164115	0.145421	0.110793	0.00473829	0.00107003	0.109833	0.138374	0.0439763	0.00804123	0.0125358	0.00311834	0.025087
101	0.0616371	0.00254087	0.0405371	0.181891	0.00402198	0.0103644	0.0141769	0.0202051	0.175218	0.0284666	0.00996872	0.0443577	0.00686353	0.114673	0.140881	0.0394635	0.0640623	0.0291822	0.00118305	0.0103066
102	0.063368	0.0040908	0.179997	0.353142	0.00264918	0.0279398	0.0347571	0.0119324	0.0572653	0.0120039	0.0063028	0.0613301	0.00690949	0.0536094	0.0311439	0.0460633	0.0229648	0.0164614	0.000480831	0.00758894
103	0.309339	0.0406139	0.00652179	0.00675496	0.0130198	0.219667	0.00322248	0.0174125	0.0109628	0.0151612	0.0137664	0.0234941	0.00106356	0.0135529	0.00764543	0.179805	0.0406351	0.0641611	0.00171567	0.0114851
104	0.0217359	0.00709961	0.00773003	0.0117137	0.0421646	0.00997516	0.10588	0.0458535	0.011981	0.0156003	0.0105722	0.0147952	0.00409197	0.0118261	0.0428224	0.0512558	0.0158399	0.0763515	0.417617	0.0750945
105	0.0206949	0.00708619	0.00767435	0.00960464	0.00842659	0.00976162	0.147331	0.0137016	0.0118397	0.0151	0.0104307	0.0743079	0.00377906	0.0114592	0.484095	0.0528412	0.0471607	0.0204085	0.00308798	0.0412095
106	0.0205927	0.00647775	0.00421583	0.00137225	0.115821	0.00131686	0.0134769	0.175628	0.00832799	0.390577	0.0323474	0.00205707	0.00037434	0.00127843	0.0054784	0.00646535	0.00198178	0.10636	0.00903125	0.0968197
107	0.0298614	0.0047328	0.146491	0.403315	0.00350642	0.00656367	0.13916	0.00638879	0.0320589	0.00712033	0.00565318	0.0585117	0.00323106	0.0594163	0.00813772	0.0272016	0.0100163	0.0289684	0.00107126	0.0185944
108	0.0368797	0.00697538	0.00237855	0.00545334	0.0192755	0.00462405	0.00154391	0.339556	0.0129268	0.0915974	0.0182099	0.00419571	0.00104832	0.00195851	0.00645418	0.01118	0.0692221	0.356326	0.00110813	0.00908699
109	0.0715608	0.0168158	0.00476844	0.00705405	0.0161401	0.00565297	0.00373302	0.2171	0.0115607	0.0737789	0.0154522	0.0122232	0.00598434	0.00314609	0.00801282	0.0278263	0.0897735	0.400719	0.00105333	0.00764354
110	0.0133735	0.00190611	0.00120578	0.00269153	0.368039	0.00176782	0.0037206	0.0241156	0.00197737	0.118777	0.0208459	0.00256912	0.000953463	0.0028275	0.00287677	0.00785661	0.00488313	0.0135513	0.0175413	0.38852
111	0.06972	0.00702003	0.224435	0.0857684	0.00437331	0.0367544	0.03191	0.00905604	0.0339653	0.00843927	0.00859249	0.165703	0.00360313	0.0364653	0.019463	0.2055	0.0280834	0.0138561	0.00129139	0.0060005
112	0.0618143	0.00393854	0.107419	0.352089	0.00427928	0.0185726	0.0403513	0.0117508	0.0774249	0.0153897	0.00926166	0.0512544	0.00668328	0.0963072	0.0473894	0.036974	0.0267051	0.0208823	0.00249754	0.00901607
113	0.0614402	0.0161249	0.014945	0.0104388	0.04681	0.0136482	0.00661963	0.140519	0.0137916	0.148086	0.281348	0.0144161	0.00377604	0.0230858	0.0169592	0.035305	0.0378435	0.081327	0.0110744	0.0224415
114	0.0287261	0.00482832	0.00665657	0.0959948	0.00563187	0.00788523	0.0227302	0.0320336	0.284431	0.0546611	0.0132454	0.0265718	0.0109443	0.0681777	0.225468	0.0227085	0.0369292	0.0278373	0.00193718	0.0226022
115	0.0276105	0.00200829	0.122975	0.12781	0.0045061	0.390159	0.0163999	0.00708554	0.0554019	0.00618279	0.00493388	0.0927237	0.00467052	0.027896	0.0327485	0.0331402	0.0261778	0.00511531	0.000426712	0.0120285
116	0.390386	0.0188619	0.020023	0.0214668	0.00453203	0.0208265	0.00424369	0.0236105	0.0056987	0.00822638	0.0206957	0.0817226	0.00181154	0.00543625	0.00524047	0.0711779	0.00876101	0.233044	0.00145952	0.0527756
117	0.0130227	0.00448178	0.00510039	0.0405593	0.17885	0.0226199	0.0216829	0.0115512	0.00713646	0.210133	0.0713184	0.0256144	0.00284738	0.00664112	0.00625172	0.0286249	0.0437671	0.0437819	0.00284244	0.253173
118	0.267041	0.0411553	0.0239792	0.0125063	0.0166766	0.135927	0.00660667	0.00937183	0.00937229	0.0139848	0.0234645	0.0511338	0.00112706	0.0312723	0.00690609	0.256504	0.049463	0.0338364	0.000688656	0.00898284
119	0.0459544	0.00588173	0.346268	0.0477624	0.00233118	0.0197881	0.0136951	0.00310675	0.00621328	0.00393754	0.010213	0.232226	0.000998907	0.0363387	0.00267872	0.199923	0.00800531	0.0108261	0.000856709	0.00299529
120	0.158524	0.0180124	0.00720697	0.0157411	0.0270396	0.0147634	0.0165133	0.0107235	0.0256118	0.0158486	0.00321849	0.0462505	0.427553	0.0221761	0.00347906	0.110452	0.0432321	0.0246172	0.00065011	0.00838644
121	0.0628375	0.020794	0.213643	0.193846	0.00484564	0.0368684	0.0201339	0.0710474	0.00533958	0.04468	0.0134781	0.0861528	0.00968513	0.0235252	0.00810023	0.0665017	0.0572455	0.0534056	0.0006047	0.00726603
122	0.0847872	0.038819	0.00539092	0.00800284	0.00513563	0.0193102	0.0538499	0.120442	0.00733351	0.0587369	0.0177556	0.0207239	0.13915	0.0174767	0.00495996	0.0490205	0.142032	0.199408	0.00122987	0.00643586
123	0.0274606	0.0101017	0.00852891	0.0140433	0.0533115	0.0424657	0.146518	0.0165739	0.0148125	0.0239246	0.0439996	0.0178407	0.00420145	0.0452458	0.0167528	0.0319055	0.0209314	0.0149502	0.0122705	0.434161
124	0.133557	0.00268896	0.0454113	0.0536752	0.00228508	0.0947188	0.0325507	0.0154316	0.0688632	0.00265584	0.00354608	0.0675134	0.000379317	0.0535437	0.0755296	0.294972	0.0439359	0.00435261	0.00191086	0.00247929
125	0.0199048	0.017729	0.00104248	0.00997424	0.173471	0.00148818	0.221823	0.0196601	0.0532243	0.0495627	0.00572812	0.0953519	0.000508403	0.022595	0.0105525	0.0277857	0.0192263	0.0308524	0.0177907	0.201729
126	0.0614185	0.0294446	0.229775	0.181507	0.00514657	0.0172758	0.0252569	0.0721098	0.00882562	0.0398168	0.00730867	0.0970025	0.00499392	0.015167	0.0134149	0.0567225	0.0399056	0.0769364	0.000651138	0.0173217
127	0.128669	0.0297147	0.0101241	0.00557945	0.150773	0.118964	0.00486723	0.0141928	0.00572044	0.0429743	0.00854812	0.0173434	0.00154281	0.0124584	0.00460819	0.158653	0.0411046	0.046078	0.0181696	0.179915
128	0.143664	0.00648969	0.0434221	0.069396	0.00665604	0.117298	0.02555	0.0164589	0.061849	0.0100768	0.00890439	0.060003	0.0028349	0.0475976	0.0654274	0.243004	0.047254	0.0156448	0.00249993	0.00596961
129	0.044753	0.00582782	0.0683866	0.071279	0.0108092	0.371092	0.0176942	0.0133675	0.0557126	0.0134909	0.0117704	0.0744623	0.00554607	0.0284017	0.0552251	0.0641223	0.054739	0.015026	0.00192986	0.0163647
130	0.0174688	0.00216655	0.577668	0.0762181	0.00802136	0.00260054	0.00815012	0.021264	0.0323188	0.0215158	0.00813156	0.107418	0.000850216	0.00289892	0.00171011	0.0602098	0.0252354	0.00415807	0.000620036	0.0213757
131	0.0486156	0.0174284	0.00461717	0.0207586	0.0190018	0.0180624	0.0162244	0.110429	0.0218253	0.100946	0.0108144	0.0170783	0.284887	0.0143556	0.0106019	0.0251723	0.0924318	0.154332	0.000964296	0.0114546
132	0.0983038	0.000509136	0.0642674	0.226275	0.00313778	0.00625222	0.0141203	0.00344866	0.184008	0.0390302	0.00116735	0.056167	0.0174552	0.0542226	0.114834	0.0348517	0.0439047	0.0295151	0.000232354	0.00829779
133	0.128389	0.0232571	0.196467	0.174456	0.0110559	0.00484252	0.0314482	0.0203722	0.0286863	0.0172728	0.00344828	0.0774272	0.0012993	0.0128952	0.0479426	0.0728773	0.0254482	0.0921922	0.000906819	0.0293154
134	0.0317682	0.00795347	0.00204438	0.00231976	0.0361923	0.000879901	0.000746814	0.399691	0.00259297	0.136643	0.0331761	0.00120852	0.000286169	0.000973585	0.0037985	0.00579093	0.0273849	0.289423	0.00137393	0.0157529
135	0.0296311	0.0122035	0.00277861	0.0234853	0.0197238	0.0170713	0.00625852	0.0968635	0.0232369	0.139191	0.00460404	0.0152174	0.350687	0.0134959	0.0137762	0.00977783	0.104163	0.112861	0.000795067	0.00417833
136	0.0378023	0.00157372	0.160165	0.0985129	0.00211625	0.0514148	0.00337654	0.00338535	0.0994462	0.016915	0.00253924	0.110623	0.00449787	0.0807329	0.0450391	0.140923	0.131349	0.00683171	0.000547023	0.00220969
137	0.0144656	0.00795897	0.00236813	0.00294996	0.128775	0.00266436	0.00632312	0.134604	0.0127351	0.444851	0.0547167	0.013691	0.00321691	0.00606663	0.00748702	0.00794068	0.0209361	0.0804942	0.00391113	0.0438444
138	0.015459	0.00352971	0.010004	0.00157916	0.00116601	0.00130299	0.0010647	0.00210263	0.0101727	0.00717009	0.00150614	0.0312521	0.00281217	0.00985582	0.00521798	0.309515	0.576451	0.0039788	0.000328289	0.0055322
139	0.00815401	0.00369704	0.00231278	0.0123901	0.0680861	0.00446698	0.0628664	0.0131366	0.00339919	0.0337189	0.00491703	0.00454969	0.0094684	0.0224692	0.0202207	0.00721649	0.00506393	0.00399162	0.0517876	0.658087
140	0.0792105	0.000872824	0.198537	0.378759	0.000779119	0.0184996	0.0178187	0.00295366	0.0644542	0.00473064	0.00430083	0.0580544	0.00512171	0.0611079	0.0360695	0.0447045	0.0168362	0.00338723	0.000194289	0.00360825
141	0.0987643	0.000630201	0.220671	0.297525	0.000573155	0.0218863	0.00889307	0.00329606	0.0800459	0.00592806	0.00523102	0.071354	0.00394561	0.062575	0.0430416	0.0526335	0.0190089	0.00114664	0.000182932	0.00266831
142	0.0241591	0.0100777	0.00363794	0.001774	0.11017	0.00202494	0.0108427	0.174482	0.00820305	0.380928	0.0449562	0.00287684	0.000551586	0.00166094	0.00545224	0.00771281	0.00588612	0.111613	0.00859666	0.084394
143	0.0413002	0.0180507	0.0026293	0.0117032	0.00252405	0.00244327	0.00215501	0.115543	0.178663	0.200505	0.0112262	0.012483	0.000779958	0.0725166	0.0833146	0.00506476	0.0219594	0.207739	0.00650295	0.00289549
144	0.100669	0.000766619	0.221907	0.295591	0.000690322	0.0215813	0.00908895	0.00336926	0.0793997	0.00596038	0.00515682	0.0712925	0.0038412	0.0610884	0.043167	0.0529909	0.0189102	0.0015434	0.000208876	0.0027773
145	0.103253	0.0145586	0.00364249	0.00395038	0.183678	0.0493716	0.00273125	0.0237839	0.0039212	0.0652083	0.0063719	0.0121349	0.00151716	0.0138472	0.00335664	0.177255	0.0574479	0.0904963	0.0168554	0.166618
146	0.0131686	0.00701876	0.00165218	0.00612906	0.0742431	0.00577566	0.0985296	0.00812617	0.0021875	0.0151718	0.00767148	0.0031151	0.00432925	0.0172965	0.00955851	0.00964885	0.0062549	0.00307119	0.0241281	0.682924
147	0.0199447	0.017775	0.00103943	0.0098644	0.173881	0.00149583	0.221493	0.0193939	0.053251	0.0495876	0.00580413	0.0950683	0.000507881	0.0227292	0.0106807	0.0277268	0.0192777	0.0305053	0.01764	0.202335
148	0.0196036	0.0118082	0.000978068	0.00233943	0.147404	0.00505486	0.0250397	0.00801297	0.00213034	0.0131473	0.0094016	0.00315465	0.00139296	0.00467496	0.00262817	0.0143956	0.00813879	0.00374156	0.00795747	0.708996
149	0.0858775	0.0498458	0.0337424	0.00763057	0.00758211	0.045647	0.0669984	0.00635668	0.013376	0.0208602	0.0408026	0.120483	0.00207725	0.0284177	0.0055606	0.280022	0.123719	0.0320735	0.00146319	0.0274645
150	0.106755	0.0144482	0.00897726	0.0265288	0.0240001	0.0550913	0.0131305	0.0920898	0.0337182	0.17376	0.0192817	0.0201683	0.195787	0.0191443	0.0143378	0.0332015	0.0526475	0.071174	0.0023919	0.0233674
151	0.143538	0.00932553	0.0667871	0.0582339	0.00811698	0.0997535	0.0224319	0.00712563	0.0498323	0.00840837	0.00482659	0.0775196	0.000515996	0.0306217	0.0375782	0.308733	0.0552786	0.00727438	0.00155537	0.00254284
152	0.0246371	0.00473328	0.0113171	0.0163176	0.00280665	0.0126245	0.046032	0.00643587	0.459617	0.0249519	0.0103804	0.0871728	0.0122798	0.0367096	0.177745	0.0325947	0.0237608	0.00341319	0.000833259	0.00563784
153	0.275789	0.172039	0.00726076	0.00453413	0.00669837	0.0731218	0.00461124	0.00731704	0.00418115	0.0111572	0.0248597	0.0189788	0.00138347	0.00796176	0.00645453	0.309676	0.0175088	0.037547	0.00105893	0.00786164
154	0.0135695	0.0470486	0.0024671	0.0183764	0.0436769	0.00293643	0.0295354	0.103102	0.195123	0.137882	0.0118988	0.020887	0.0011392	0.0388567	0.139938	0.00636186	0.0274207	0.0234364	0.0263581	0.109986
155	0.031457	0.00811844	0.0020019	0.00201129	0.0397236	0.000475459	0.000664534	0.401521	0.00145607	0.137098	0.0328826	0.000851526	0.000220855	0.000661137	0.00351319	0.00515383	0.0270879	0.287829	0.00131337	0.0159598
156	0.0278191	0.0164859	0.00341615	0.0047528	0.407714	0.00419382	0.00320724	0.0934344	0.00523502	0.0292965	0.0346928	0.00584853	0.00148261	0.00448332	0.00432705	0.0125927	0.0518516	0.0734378	0.0248693	0.190859
157	0.0956427	0.0251139	0.00802831	0.00859218	0.0871	0.0249086	0.00450636	0.0689801	0.00488027	0.146592	0.0230022	0.0157566	0.00185932	0.00984643	0.00450472	0.210306	0.100502	0.120412	0.00457915	0.0348876
158	0.0266865	0.0143985	0.00149074	0.0016947	0.131084	0.0111464	0.0233912	0.00540881	0.00132732	0.00301444	0.00819898	0.00190523	0.000756165	0.00389341	0.00189997	0.0172425	0.00823345	0.00178214	0.00689579	0.729549
159	0.241828	0.0391443	0.0079415	0.00998808	0.0156168	0.182698	0.00541415	0.0222502	0.00890397	0.0243324	0.0183615	0.0305157	0.00194273	0.0168464	0.0082178	0.213972	0.0510084	0.0839438	0.00166216	0.0154127
160	0.0264958	0.019807	0.261413	0.0205214	0.00420732	0.00624038	0.00464123	0.00646738	0.0745194	0.022264	0.00443248	0.472704	0.0157046	0.00888589	0.00427866	0.0203895	0.011813	0.00672378	0.00105832	0.00743245
161	0.00996655	0.00704872	0.00126475	0.00251502	0.0898822	0.00125272	0.00141254	0.13351	0.0113274	0.49573	0.0784432	0.0191013	0.00418099	0.00938707	0.00853974	0.00482246	0.02893	0.0773924	0.00127853	0.0140146
162	0.271895	0.00425163	0.0156442	0.0773949	0.00943917	0.105282	0.0039715	0.0425641	0.0348148	0.0438282	0.0339613	0.025386	0.00832644	0.0264389	0.0231147	0.081292	0.0878652	0.0932338	0.00114048	0.0101555
163	0.0436339	0.0319721	0.00135956	0.00149907	0.0575899	0.0166633	0.000989717	0.135445	0.00204389	0.308621	0.145394	0.00377188	0.00091362	0.00241335	0.0104741	0.0338266	0.0426505	0.135083	0.0152426	0.0104134
164	0.0724964	0.00113786	0.0487278	0.116685	0.0151959	0.0448556	0.0534571	0.0160429	0.0995812	0.011772	0.0273444	0.0458085	0.00413799	0.0551106	0.0491588	0.185512	0.118509	0.0179931	0.00045318	0.0160201
165	0.0314762	0.00804318	0.00199127	0.00199409	0.0382996	0.000463332	0.000675716	0.402583	0.00141074	0.137168	0.0322346	0.000785784	0.000203729	0.000657447	0.00351234	0.00496656	0.0268483	0.289694	0.00128494	0.0157067
166	0.0307373	0.0099452	0.0022755	0.00169209	0.0534628	0.00164413	0.00342864	0.326926	0.0027123	0.226373	0.0424217	0.0016937	0.000343691	0.000981693	0.0038881	0.00750621	0.0216741	0.225108	0.00510791	0.0320775
167	0.101992	0.0257555	0.137769	0.14445	0.0151591	0.0677447	0.00907057	0.021598	0.008092	0.0403442	0.0147458	0.100774	0.00323894	0.020224	0.0248806	0.143269	0.0696763	0.0456289	0.000662192	0.00492551
168	0.0346929	0.00864104	0.00230546	0.00206298	0.0356703	0.00049996	0.000690895	0.39719	0.00140559	0.139716	0.0323591	0.00081264	0.000225592	0.000666917	0.00347343	0.00612437	0.0296213	0.287232	0.00133529	0.0152736
169	0.0123729	0.00885017	0.00167813	0.00136914	0.0892595	0.00171028	0.00403093	0.144841	0.00975144	0.482493	0.0684537	0.0108755	0.00251428	0.0049194	0.00617844	0.00585649	0.0198497	0.0850079	0.0038286	0.036159
170	0.0247657	0.0267013	0.000681761	0.000817139	0.0638801	0.00763162	0.000727556	0.154792	0.00338576	0.379833	0.113856	0.00789293	0.00190401	0.00294514	0.0053302	0.0242301	0.0460581	0.119812	0.00589915	0.00885602
171	0.0284444	0.00118643	0.142898	0.148111	0.00351596	0.314453	0.0150725	0.00695582	0.0582884	0.00412232	0.00689349	0.0921977	0.00546446	0.0312225	0.0456957	0.045883	0.0364235	0.00314379	0.000425909	0.00960166
172	0.1112	0.0319199	0.026032	0.00431322	0.00578668	0.0683811	0.0518689	0.00472923	0.018953	0.0296887	0.0814239	0.118392	0.00166586	0.0236359	0.00367651	0.239879	0.138317	0.0247658	0.00105415	0.014317
173	0.121868	0.0247075	0.0124445	0.0343164	0.032675	0.204862	0.00469632	0.00685748	0.00748887	0.0210769	0.00987176	0.0929112	0.0014551	0.0781276	0.00743539	0.248177	0.062235	0.019956	0.00122308	0.00761535
174	0.305627	0.00256371	0.0143859	0.0138951	0.00342686	0.0165498	0.00257229	0.0044478	0.00408532	0.0059875	0.00456884	0.00539594	0.00193389	0.0148639	0.00386782	0.546453	0.0401919	0.0048771	0.000779485	0.003527
175	0.119442	0.00692076	0.00596155	0.0386299	0.0598242	0.0578295	0.005914	0.118716	0.10313	0.0760858	0.013074	0.0147054	0.122958	0.0114124	0.0104678	0.0447352	0.0164937	0.0887327	0.00231742	0.0826505
176	0.00819734	0.00870763	0.000758949	0.00101557	0.0872266	0.00117038	0.000944438	0.137118	0.0104248	0.512664	0.0699559	0.0171909	0.00401192	0.00687805	0.00702273	0.00451153	0.0287411	0.0792874	0.00132849	0.0128439
177	0.0145541	0.0393249	0.00341261	0.0256937	0.0557752	0.00290959	0.03887	0.0838332	0.192524	0.114971	0.0196223	0.0234352	0.000928136	0.0473585	0.14322	0.00888073	0.0298742	0.0188492	0.0225309	0.113432
178	0.0313467	0.00391439	0.0174095	0.0413287	0.0238609	0.00307174	0.0085568	0.123819	0.0557289	0.34697	0.0453324	0.047634	0.0014227	0.0214672	0.0418242	0.0153074	0.053278	0.0991016	0.000929938	0.0176959
179	0.0979204	0.000634938	0.218278	0.297513	0.000594275	0.0214389	0.00886757	0.00328997	0.0821374	0.0064133	0.00517403	0.0712983	0.0039963	0.0629637	0.0437033	0.0522714	0.0192719	0.00135489	0.000178968	0.00269999
180	0.0997279	0.0532528	0.00598147	0.127615	0.00477815	0.0055814	0.0401741	0.0251491	0.0742858	0.044805	0.0232546	0.0756193	0.0392289	0.00717965	0.00635078	0.267687	0.0661012	0.00901941	0.00150493	0.0227041
181	0.014494	0.00113514	0.0967004	0.0913365	0.0053254	0.493632	0.016212	0.00411844	0.0570045	0.00271163	0.00377065	0.0939689	0.00480309	0.022523	0.030305	0.0229551	0.0222775	0.00207712	0.000409118	0.0142402
182	0.0119986	0.00627224	0.00231966	0.000957139	0.10096	0.00085123	0.00672573	0.156875	0.0118635	0.484799	0.0408447	0.0084447	0.00158126	0.00327351	0.00622165	0.00367246	0.0104328	0.0849135	0.00476777	0.0522256
183	0.326766	0.0773124	0.00240033	0.00245499	0.0064836	0.196326	0.00191428	0.0150619	0.00227932	0.0124813	0.0129769	0.0161517	0.000747413	0.00699731	0.00881509	0.19524	0.0342158	0.0740614	0.000434229	0.00688086
184	0.112322	0.00378231	0.00443862	0.0261946	0.0278996	0.0519636	0.0124444	0.0629086	0.00421543	0.0323017	0.0251443	0.0400143	0.00152072	0.00574151	0.00347689	0.315331	0.162564	0.0790631	0.000981691	0.0276916
185	0.0314762	0.00804318	0.00199127	0.00199409	0.0382996	0.000463332	0.000675716	0.402583	0.00141074	0.137168	0.0322346	0.000785784	0.000203729	0.000657447	0.00351234	0.00496656	0.0268483	0.289694	0.00128494	0.0157067
186	0.0511195	0.0155729	0.0324778	0.029696	0.0377134	0.0580502	0.00397004	0.132472	0.00562972	0.06927	0.0109398	0.0276151	0.00254014	0.0466818	0.00538879	0.139123	0.0987955	0.18769	0.000977802	0.0442769
187	0.0591125	0.0336622	0.00160233	0.00203381	0.0548499	0.0207828	0.0013038	0.122765	0.00172297	0.288139	0.147911	0.0033309	0.000922776	0.00220959	0.0078359	0.0364548	0.0390149	0.157181	0.0109517	0.00821333
188	0.0793919	0.00191569	0.015258	0.0869224	0.00176703	0.00263076	0.00193862	0.0239166	0.221678	0.00817741	0.014577	0.0670313	0.000870584	0.170343	0.120319	0.0530571	0.0883442	0.0311776	0.000651992	0.0100316
189	0.01414	0.00142852	0.122108	0.0903788	0.0052886	0.448394	0.017609	0.00555046	0.0553838	0.00453171	0.00446872	0.101317	0.00442096	0.0202035	0.0288148	0.0310828	0.0223841	0.0025548	0.00055202	0.019388
190	0.157883	0.0503622	0.00233432	0.00204618	0.0224694	0.00786306	0.00148915	0.102227	0.00201535	0.107094	0.0272298	0.00486261	0.000676692	0.00160598	0.00292051	0.0815057	0.157601	0.258234	0.00150252	0.00807675
191	0.0430387	0.00387987	0.0120683	0.0339468	0.0687565	0.00157486	0.0172071	0.191348	0.0350385	0.251229	0.0881998	0.0291235	0.000542656	0.0128422	0.0134093	0.0223877	0.0292853	0.0902237	0.00045455	0.0554437
192	0.103903	0.00293359	0.099293	0.231874	0.00367562	0.00804918	0.0145667	0.00553638	0.149747	0.0337593	0.00201652	0.061638	0.0134837	0.048004	0.0979045	0.039335	0.0393952	0.0348981	0.000338653	0.00964873
