296	20
1	0.395804	0.0173789	0.00137203	0.00184539	0.0156831	0.0552528	0.00276496	0.0658809	0.0025353	0.0446004	0.031148	0.00253332	0.00243371	0.003481	0.00195989	0.0798585	0.0966601	0.171506	0.00157467	0.00572678
2	0.0447422	0.00971026	0.000648548	0.00371134	0.0597389	0.00948929	0.00321205	0.195239	0.00199846	0.290386	0.0247702	0.00119384	0.00687977	0.000708837	0.00108444	0.0178133	0.0106638	0.316743	0.000237707	0.00102878
3	0.0445463	0.00966925	0.000645294	0.00371085	0.0598272	0.00950465	0.00322588	0.19521	0.00199626	0.290911	0.0247339	0.00119004	0.00686728	0.000708597	0.00108612	0.0177724	0.0105828	0.316571	0.000235817	0.0010056
4	0.0445463	0.00966925	0.000645294	0.00371085	0.0598272	0.00950465	0.00322588	0.19521	0.00199626	0.290911	0.0247339	0.00119004	0.00686728	0.000708597	0.00108612	0.0177724	0.0105828	0.316571	0.000235817	0.0010056
5	0.08093	0.0156711	0.000555412	0.00222071	0.0432343	0.0071197	0.00333522	0.199875	0.00280698	0.196885	0.0318487	0.00119011	0.00781078	0.000730156	0.00189363	0.0210676	0.022095	0.354983	0.000858156	0.00488871
6	0.407552	0.0159378	0.00144837	0.00216954	0.0155596	0.060831	0.00256978	0.0610498	0.00271871	0.0427891	0.0313598	0.00278392	0.0022203	0.00355755	0.00196964	0.0839363	0.0993951	0.155672	0.00141141	0.00506867
7	0.154828	0.0376418	0.000746132	0.000727886	0.0136672	0.00780796	0.00596577	0.17658	0.00398717	0.0707547	0.0391518	0.00198577	0.00457568	0.00113084	0.0046562	0.0276684	0.0365978	0.395332	0.00261798	0.0135765
8	0.154162	0.0376158	0.000742982	0.000736752	0.0137237	0.00764633	0.00598178	0.177055	0.00401501	0.0709211	0.0392055	0.00197324	0.00456677	0.00113063	0.00466497	0.0275465	0.0363443	0.39575	0.00260954	0.0136081
9	0.15407	0.0375313	0.000746975	0.000709711	0.0138005	0.00766147	0.00596639	0.177398	0.00401007	0.0708012	0.039167	0.00197229	0.00456644	0.00113131	0.0046669	0.0276333	0.0364205	0.395564	0.00261163	0.0135707
10	0.485791	0.0158863	0.000998941	0.00306746	0.00795875	0.0738444	0.00212448	0.0369134	0.00194054	0.0249652	0.0145217	0.00162903	0.002608	0.00273003	0.00264985	0.132457	0.0807199	0.105202	0.000927842	0.00306444
11	0.194861	0.0342553	0.000841767	0.000918795	0.0153716	0.0201427	0.0045682	0.154132	0.00341422	0.0630228	0.032857	0.00238115	0.00532216	0.00207012	0.00373174	0.0329561	0.0596852	0.353309	0.00387844	0.0122805
12	0.215533	0.0334109	0.00117628	0.00108056	0.0172726	0.0247641	0.00426065	0.142736	0.00345045	0.0549309	0.0309485	0.00276582	0.0063498	0.00282703	0.00340714	0.0351524	0.0703999	0.333008	0.00330164	0.0132245
13	0.0446163	0.00887328	0.00147565	0.00335821	0.0630977	0.00785007	0.0038081	0.19394	0.00371955	0.282878	0.0431154	0.00225774	0.00621314	0.000712258	0.00225653	0.0197401	0.0128756	0.293413	0.000278271	0.00552012
14	0.0201404	0.671327	0.00308897	0.00380123	0.00425351	0.036181	0.00378821	0.0261984	0.0066562	0.0312124	0.00424124	0.0161726	0.00219696	0.0042756	0.00640372	0.0985365	0.0252668	0.0116836	0.00140713	0.0231683
15	0.310549	0.0009088	0.00779666	0.0303499	0.00674572	0.0294992	0.00964189	0.0228633	0.0376713	0.0147989	0.00232983	0.0779773	0.0122057	0.069986	0.020645	0.24918	0.0641405	0.0223276	0.00453963	0.0058444
16	0.246304	0.00110607	0.00499312	0.0265616	0.0104035	0.0245495	0.00591186	0.0307193	0.0512885	0.0294265	0.00184107	0.0804964	0.0406126	0.0531457	0.020054	0.245201	0.0799253	0.031448	0.00640112	0.0096108
17	0.340592	0.0170554	0.00214379	0.00268607	0.0127657	0.0411111	0.00379311	0.0632679	0.00309816	0.0361143	0.0305679	0.0029078	0.00264615	0.00337335	0.00255159	0.0781684	0.17781	0.171407	0.00131757	0.00662273
18	0.0331407	0.000589381	0.0900829	0.0693013	0.0270503	0.0195007	0.0379213	0.00739479	0.146832	0.0727135	0.0136594	0.0668532	0.0123441	0.0898963	0.136819	0.0612654	0.0468968	0.0190904	0.01263	0.0360185
19	0.0150523	0.0100543	0.0480058	0.0432071	0.284539	0.011042	0.0801755	0.0125749	0.0119725	0.0217667	0.00798452	0.0244377	0.00475069	0.00761783	0.0142172	0.0171484	0.0172766	0.0162347	0.013606	0.338336
20	0.0787265	0.00311904	0.00567197	0.0582789	0.00333434	0.0105025	0.0246911	0.00614289	0.215726	0.0120039	0.00602069	0.0128803	0.115683	0.174671	0.14664	0.0412894	0.0682567	0.0105125	0.00187139	0.00397786
21	0.060307	0.000493799	0.10349	0.0981622	0.014666	0.0101126	0.0260968	0.0501857	0.0560836	0.0350993	0.0302113	0.0661268	0.00233682	0.0730989	0.0393645	0.0967135	0.134381	0.0875348	0.000396202	0.0151389
22	0.155067	0.00226864	0.0164156	0.0236075	0.00842488	0.0198481	0.0028113	0.0151102	0.0462846	0.0148386	0.00289493	0.0132488	0.401119	0.0393788	0.0290312	0.0829513	0.0740917	0.037505	0.00122869	0.0138745
23	0.0125183	0.00129793	0.0209055	0.0547368	0.00992372	0.00904481	0.0431142	0.0283925	0.210596	0.085472	0.0330075	0.0626304	0.00391943	0.0343997	0.22619	0.0581221	0.0553436	0.0323847	0.00573163	0.0122697
24	0.145682	0.000582305	0.233301	0.173583	0.00357225	0.0844042	0.00347306	0.0157894	0.0617711	0.00886242	0.0114551	0.0956833	0.012936	0.0386316	0.0120382	0.042276	0.0285302	0.015958	0.00881387	0.00265761
25	0.0166853	0.00273992	0.00943919	0.00505384	0.0965976	0.00408774	0.011226	0.148113	0.00959039	0.359463	0.089534	0.0136637	0.00231949	0.000911273	0.00715909	0.00908908	0.0142064	0.154301	0.000340868	0.0454785
26	0.0722899	0.013874	0.000540135	0.00241528	0.0473793	0.00709047	0.0032146	0.201832	0.00292427	0.215092	0.0328744	0.00105409	0.00838117	0.000709529	0.00168657	0.0212491	0.0196728	0.342943	0.0006736	0.00410326
27	0.135641	0.000704916	0.159661	0.114813	0.00220794	0.133171	0.001905	0.0142311	0.0433387	0.0138806	0.0327721	0.0536051	0.0574785	0.0297492	0.0156089	0.0893359	0.0688139	0.0237181	0.00774381	0.0016205
28	0.493974	0.0123794	0.00114324	0.00357994	0.00751157	0.0766218	0.001814	0.0353629	0.00238125	0.0221585	0.0132382	0.00215413	0.00252422	0.00264586	0.00428364	0.148727	0.0768423	0.0889114	0.00127581	0.00247166
29	0.0115843	0.00322348	0.00913805	0.00580147	0.100246	0.00402999	0.0140299	0.118669	0.0109381	0.437215	0.097315	0.0154574	0.00288089	0.000753353	0.00778272	0.00673223	0.0137299	0.101404	0.000227756	0.0388415
30	0.0553383	0.000545543	0.259648	0.387949	0.00132152	0.00603239	0.034628	0.01045	0.0261229	0.0330788	0.00606988	0.0480657	0.00168405	0.0377943	0.0167978	0.0448756	0.0127703	0.00936654	0.000696344	0.00676428
31	0.0623927	0.000379737	0.0837305	0.101955	0.0162433	0.0100345	0.0182679	0.058435	0.05396	0.039884	0.0319737	0.0629023	0.000999491	0.0673364	0.0359462	0.0963529	0.146901	0.0954495	0.000289424	0.0165664
32	0.0218288	0.663268	0.00334643	0.00366695	0.00356388	0.0359001	0.0036343	0.0240982	0.00566175	0.0308251	0.00363797	0.0159988	0.00265476	0.0042475	0.0058261	0.107976	0.027215	0.0119799	0.0014607	0.0232105
33	0.0254783	0.000436489	0.0619759	0.0515432	0.0270826	0.0211876	0.0449047	0.00294696	0.191335	0.0794515	0.0150255	0.0686247	0.0081828	0.0850909	0.162302	0.053028	0.0339945	0.0138608	0.0169554	0.0365931
34	0.0894164	0.000612554	0.104857	0.195527	0.00206233	0.0523488	0.00345256	0.0249137	0.109416	0.0444742	0.0361416	0.0344668	0.050417	0.103838	0.0307053	0.0244569	0.0597194	0.0256274	0.00146339	0.00608334
35	0.00998743	0.00261251	0.00673278	0.00485562	0.0880804	0.00314529	0.0115403	0.169826	0.0113944	0.399322	0.115148	0.0142102	0.00269031	0.000774595	0.00660599	0.00636871	0.0172868	0.100206	0.000244238	0.0289682
36	0.0116448	0.00320795	0.00915956	0.00573995	0.100389	0.00410503	0.0140266	0.118605	0.0108065	0.437102	0.0971811	0.0154443	0.00284212	0.000749635	0.00778906	0.00666811	0.0137435	0.101483	0.000226006	0.0390869
37	0.546175	0.0110956	0.00124039	0.00561773	0.00458741	0.0919142	0.00141076	0.0192787	0.00216023	0.01168	0.00565692	0.00160236	0.00674271	0.00165287	0.00434995	0.189219	0.0476381	0.0459057	0.000646635	0.00142598
38	0.0574005	0.00194488	0.00607915	0.00748472	0.0061705	0.00695587	0.0113905	0.15987	0.0752568	0.159128	0.00525859	0.0443707	0.00962054	0.0352866	0.0646528	0.0508114	0.054461	0.212731	0.00148992	0.0296369
39	0.145129	0.000577698	0.235049	0.259477	0.00159637	0.0495236	0.00550105	0.0126345	0.0459206	0.00855416	0.00774921	0.0659403	0.0095928	0.0579984	0.00555254	0.0413984	0.0297469	0.0114508	0.00470497	0.00190295
40	0.0545984	0.000547489	0.271685	0.391902	0.00131958	0.00531639	0.0345564	0.0106151	0.0215527	0.0328336	0.00553976	0.0434955	0.00158089	0.0363367	0.0145004	0.0438896	0.0124383	0.00970417	0.00066346	0.0069247
41	0.0153368	0.00447324	0.00673415	0.00613484	0.129718	0.00528027	0.0116723	0.153044	0.00977507	0.343015	0.0768965	0.0110064	0.00415781	0.00196882	0.00818778	0.012754	0.0386034	0.127563	0.00170887	0.0319706
42	0.0316626	0.000703603	0.0643337	0.05058	0.0256175	0.0214306	0.0413873	0.00364366	0.176701	0.0803096	0.0135409	0.0647752	0.0131008	0.0895669	0.157254	0.0566986	0.0328614	0.0134654	0.0228915	0.0394754
43	0.0228685	0.00565329	0.00424834	0.00465852	0.0754281	0.00624359	0.0086025	0.164063	0.00615374	0.388992	0.0636725	0.00797095	0.00412899	0.000653911	0.00424593	0.0111444	0.0122389	0.191796	0.000213993	0.0170226
44	0.0772294	0.004235	0.0121934	0.0112106	0.00461732	0.0593011	0.00585358	0.0361797	0.0106386	0.0179347	0.00689692	0.0978307	0.00713406	0.00809565	0.0162521	0.437454	0.17095	0.0106083	0.00136123	0.00402397
45	0.584278	0.00969888	0.00198144	0.00315097	0.00362729	0.172912	0.00180481	0.00681551	0.00342702	0.00411558	0.00270864	0.00352959	0.0184994	0.00149789	0.00961028	0.141721	0.0139054	0.0134737	0.00137741	0.00186528
46	0.352057	0.0298518	0.00183467	0.00211515	0.0121296	0.0394741	0.00406357	0.0662025	0.00322414	0.0349433	0.0228204	0.00302239	0.00329715	0.0078446	0.00307244	0.0703282	0.113276	0.220153	0.00171026	0.00857952
47	0.0130867	0.00139217	0.00398478	0.00233914	0.0591125	0.00214326	0.00467358	0.289919	0.0127859	0.26799	0.156286	0.00642293	0.0012499	0.000971057	0.00698788	0.0119914	0.0193048	0.120254	0.000409344	0.0186956
48	0.125718	0.00280241	0.00320658	0.0134902	0.00377497	0.0128498	0.00482037	0.00445745	0.0048836	0.00453714	0.00462567	0.0498041	0.00315749	0.00249825	0.00342503	0.240923	0.501385	0.0114079	0.000545981	0.00168805
49	0.0158143	0.0122266	0.00781972	0.00865397	0.238875	0.0351458	0.0675971	0.0147092	0.011002	0.0404783	0.00483716	0.104959	0.00336863	0.00751481	0.00978378	0.0117751	0.00938966	0.0299112	0.00513716	0.361002
50	0.137919	0.00397259	0.0482674	0.0282261	0.00885415	0.0291963	0.0099721	0.0154254	0.0163403	0.0160909	0.0616229	0.0271064	0.0152372	0.0122283	0.0160777	0.185711	0.337685	0.0224842	0.0017508	0.0058318
51	0.0348711	0.542435	0.00319988	0.00455851	0.0130187	0.0306503	0.00401727	0.0630333	0.00714219	0.074112	0.00936372	0.0135672	0.00316635	0.00454711	0.00633943	0.0782258	0.0250635	0.0625597	0.00146864	0.0186602
52	0.0586384	0.0101771	0.00101041	0.00197	0.0375833	0.00477897	0.00285105	0.252615	0.00810312	0.190863	0.0788997	0.00199573	0.0049376	0.00121088	0.00379077	0.0227921	0.0270587	0.282228	0.000782328	0.00771355
53	0.0591768	0.000736075	0.265763	0.380991	0.00180529	0.00812198	0.0326607	0.0115844	0.0243605	0.031594	0.00599223	0.046714	0.00236357	0.0371892	0.0153604	0.0430512	0.0146702	0.0103665	0.000948211	0.00655127
54	0.136207	0.00105897	0.135493	0.10433	0.00393534	0.120791	0.0041924	0.0229073	0.0448527	0.0192536	0.0391604	0.0501052	0.0482076	0.0382138	0.0194667	0.0922965	0.0778594	0.0320416	0.00597383	0.00365381
55	0.00787994	0.00263177	0.00605177	0.00385104	0.208728	0.00315903	0.00880988	0.195439	0.0074273	0.329454	0.0755429	0.00972673	0.00193901	0.000991948	0.00576987	0.00492997	0.0129463	0.0791213	0.000354238	0.0352467
56	0.0898661	0.000553585	0.0807545	0.185765	0.00212478	0.0431322	0.00250838	0.0330925	0.108525	0.051616	0.0378074	0.0224082	0.0650573	0.116503	0.0229147	0.0240617	0.073906	0.0314156	0.000863126	0.00712487
57	0.0512724	0.0126542	0.00482019	0.193375	0.00355771	0.018358	0.0613738	0.0195135	0.096445	0.0304268	0.00382634	0.0196398	0.00863976	0.29072	0.0995826	0.0288991	0.0216251	0.0297975	0.00142789	0.00404541
58	0.0115912	0.00335338	0.00892809	0.005768	0.0997656	0.00404203	0.0141841	0.119842	0.0112104	0.436293	0.0980112	0.0155512	0.00301926	0.000769218	0.00768144	0.00670123	0.0139715	0.101168	0.000254392	0.037894
59	0.0325003	0.0422976	0.00562148	0.00677406	0.0390744	0.00972141	0.0100657	0.069606	0.0154784	0.0789837	0.0172144	0.0098763	0.00696474	0.00682653	0.015697	0.289721	0.23728	0.0889284	0.00203485	0.0153337
60	0.0244162	0.00280811	0.0553706	0.0412144	0.00752597	0.105229	0.0377788	0.0678314	0.0180412	0.0119116	0.0360219	0.0207286	0.0104615	0.00798189	0.0852595	0.337378	0.110069	0.0120109	0.00210738	0.00585334
61	0.0788569	0.00265235	0.102093	0.0393184	0.0130552	0.080468	0.0161904	0.0785325	0.0905865	0.0214166	0.0161745	0.215501	0.00852287	0.030806	0.0322948	0.0501458	0.044395	0.0599088	0.0040303	0.0150517
62	0.521287	0.0110078	0.000954899	0.0036673	0.00646179	0.0751066	0.00167131	0.0299541	0.00173835	0.0185526	0.0106401	0.00125605	0.00230287	0.00203839	0.00254633	0.165767	0.0681107	0.0744839	0.000566193	0.00188675
63	0.00940816	0.0015545	0.00273563	0.00223504	0.0668449	0.00205442	0.00389574	0.336773	0.00906629	0.262773	0.14641	0.00537629	0.00155685	0.00099454	0.00438038	0.00702251	0.0173723	0.107117	0.000455281	0.0119744
64	0.279513	0.00128135	0.0336025	0.0438367	0.00608042	0.0325654	0.0091996	0.0199571	0.0351476	0.0142158	0.00711986	0.0761561	0.0138667	0.0631137	0.0205087	0.241094	0.0724106	0.0204187	0.00413276	0.00577944
65	0.00518712	0.00060248	0.0011547	0.00117237	0.0658592	0.00139913	0.00122156	0.421181	0.00878361	0.206569	0.165155	0.00254207	0.000906576	0.001172	0.00373905	0.00553317	0.0159723	0.0876596	0.000311925	0.00387775
66	0.0156192	0.00237463	0.0204883	0.0270335	0.0147386	0.0163852	0.0931165	0.0249606	0.182969	0.0480921	0.0151691	0.0327712	0.0054206	0.0440313	0.305521	0.047045	0.0442395	0.0243943	0.00422715	0.0314034
67	0.0102887	0.00096347	0.00919514	0.0164719	0.00693241	0.00515667	0.0422761	0.021978	0.340248	0.0548273	0.0228938	0.0246366	0.00761103	0.0336706	0.277294	0.0577384	0.0293576	0.0271886	0.00322937	0.00804203
68	0.0113663	0.00310107	0.00892343	0.00552602	0.101662	0.00390568	0.0135404	0.124334	0.0107297	0.432304	0.0993338	0.0150488	0.0027769	0.000738556	0.00768478	0.00650705	0.0138551	0.100772	0.000228677	0.0376614
69	0.0103789	0.00268211	0.00741882	0.00493125	0.119428	0.00341756	0.0116237	0.147259	0.00972701	0.407102	0.101269	0.0129744	0.00250036	0.000729442	0.00787128	0.00606148	0.0146268	0.0964426	0.000324298	0.033232
70	0.0946641	0.000974526	0.0711053	0.147765	0.0039658	0.0475273	0.00413334	0.0425362	0.0949285	0.0717143	0.0287041	0.0342163	0.0429721	0.125876	0.0191406	0.0264168	0.0970874	0.0384161	0.000874384	0.00698127
71	0.00319575	0.000712405	0.058687	0.0017622	0.0093706	0.00321459	0.0478046	0.00384893	0.0338421	0.00288291	0.0016586	0.726035	0.00104231	0.0155399	0.00965473	0.0344778	0.0179871	0.00341157	0.000589159	0.0242828
72	0.177548	0.0270796	0.00146756	0.00165848	0.022265	0.0094019	0.0108875	0.155406	0.00971386	0.0620955	0.0507507	0.00322036	0.00405499	0.00219196	0.0046707	0.0326851	0.0348318	0.364308	0.00220579	0.0235568
73	0.00672371	0.00138419	0.00305089	0.0132903	0.00332741	0.00455808	0.00297128	0.181581	0.0250864	0.0393218	0.00281198	0.00501271	0.00212975	0.00371015	0.00519488	0.00657079	0.237937	0.450643	0.000881983	0.00381261
74	0.0495208	0.00920997	0.00143107	0.00261924	0.0305105	0.00422837	0.00321752	0.315868	0.00696213	0.0962399	0.0301947	0.00396961	0.00353353	0.00190142	0.00499246	0.0145413	0.036273	0.374279	0.000812766	0.00969458
75	0.427414	0.00956305	0.00425861	0.010467	0.00635603	0.0623125	0.00357797	0.0227953	0.0105399	0.0149198	0.00790202	0.0221133	0.00743791	0.0112931	0.00782834	0.208988	0.111006	0.0463745	0.00158052	0.0032723
76	0.0894545	0.00269781	0.00633608	0.00912267	0.00603412	0.00866263	0.00633291	0.0351846	0.248299	0.0559795	0.00563322	0.00929251	0.00492305	0.429356	0.0113166	0.0141623	0.0130674	0.00987973	0.0284763	0.00578977
77	0.0210139	0.00101926	0.13112	0.0501115	0.00788505	0.0530963	0.031415	0.0062163	0.0862686	0.016236	0.00492098	0.293295	0.00300306	0.0328491	0.0636393	0.137801	0.0248375	0.00780346	0.00232113	0.0251476
78	0.0509995	0.000376014	0.0146527	0.00256237	0.00500408	0.859394	0.0011234	0.00178558	0.00610347	0.00212377	0.0013248	0.00530964	0.00157776	0.00209181	0.0117824	0.0170929	0.0055606	0.0058698	0.000439515	0.00482594
79	0.0390804	0.0040918	0.0673912	0.0325823	0.00875992	0.0885395	0.0219623	0.0354175	0.0350959	0.0166094	0.0218663	0.0466964	0.0210398	0.0169276	0.0768258	0.309111	0.134318	0.0139179	0.00321877	0.00654857
80	0.0534096	0.000993627	0.0130651	0.0034167	0.00665829	0.819303	0.005298	0.00288893	0.00840484	0.00228799	0.00170452	0.00983142	0.00261933	0.00200684	0.0211481	0.0247362	0.00909899	0.0061522	0.0012936	0.00568317
81	0.0113027	0.00172606	0.204953	0.0227611	0.00355575	0.0061058	0.0203504	0.00608715	0.253489	0.006025	0.00441892	0.232389	0.00265351	0.159954	0.0166964	0.00938361	0.0238424	0.00929816	0.001128	0.00388065
82	0.0118995	0.0230259	0.00244385	0.00304951	0.314999	0.00317417	0.0411803	0.00989898	0.0012751	0.0270963	0.00356982	0.0164619	0.000517175	0.000804835	0.00647323	0.00160724	0.00429967	0.0170664	0.0106498	0.500507
83	0.047794	0.00173359	0.00840767	0.00438098	0.0117148	0.0357584	0.00911688	0.0154288	0.338432	0.00677674	0.00357683	0.0408503	0.0126275	0.0273846	0.134167	0.116936	0.168706	0.0110143	0.00178072	0.00341329
84	0.0333669	0.00321488	0.00189976	0.0100887	0.0059303	0.00343314	0.00809063	0.00226802	0.00598335	0.00324679	0.00338065	0.0143383	0.00319663	0.00103317	0.00294619	0.201523	0.685975	0.00866081	0.000339443	0.00108456
85	0.0124963	0.00258429	0.000712289	0.00100147	0.028389	0.00193033	0.00102933	0.479775	0.00416321	0.0926522	0.0252094	0.00240469	0.00146268	0.000751505	0.00481538	0.00622029	0.00698104	0.322056	0.000230398	0.00513491
86	0.163164	0.000548844	0.143275	0.0412174	0.00884549	0.105702	0.00469201	0.0183416	0.140231	0.0137995	0.0186551	0.182084	0.00365432	0.0420894	0.0412265	0.0426958	0.00792307	0.0113072	0.00469329	0.00585492
87	0.0805112	0.000480472	0.0587904	0.0511493	0.0318892	0.0286571	0.0429076	0.00478138	0.165594	0.0665249	0.0154421	0.0737107	0.00820739	0.0828771	0.121337	0.068264	0.0326226	0.0123492	0.0122274	0.0416764
88	0.148163	0.036691	0.000702097	0.000817261	0.0162456	0.00721134	0.00666414	0.180667	0.00411919	0.0792616	0.0402505	0.00186496	0.00461795	0.00111963	0.00457178	0.0269173	0.0342184	0.389572	0.00238519	0.01394
89	0.186118	0.00207346	0.0250459	0.0164736	0.00828884	0.0253866	0.00378699	0.0145836	0.0703852	0.0137345	0.00262541	0.00858371	0.395815	0.0403008	0.0611348	0.0609754	0.0295593	0.0283143	0.00103486	0.00577959
90	0.0838913	0.000716596	0.073848	0.18475	0.00186688	0.037038	0.00215721	0.0340447	0.131928	0.0537304	0.0378385	0.0206859	0.0719416	0.117976	0.0203768	0.0159514	0.0756073	0.0260099	0.000657913	0.00898383
91	0.0122546	0.0227783	0.00200252	0.00264984	0.302621	0.00297506	0.0404443	0.00975437	0.00123755	0.0272104	0.00356752	0.0165791	0.000432715	0.00088202	0.00696608	0.00168713	0.00392052	0.0165493	0.0110431	0.514444
92	0.00933821	0.00125389	0.000810046	0.000782489	0.0299162	0.00114731	0.000742981	0.494269	0.00380329	0.0529989	0.0162296	0.0033	0.000647173	0.000864552	0.00493783	0.00559984	0.00474174	0.360144	0.000237549	0.00823537
93	0.010479	0.00117898	0.00160973	0.00150479	0.0462288	0.00160708	0.00205172	0.377265	0.0102126	0.210998	0.157094	0.00352931	0.00125517	0.00110908	0.00457719	0.00927614	0.0185123	0.133369	0.000355748	0.00778673
94	0.00964449	0.00189707	0.00541801	0.0183107	0.0497784	0.0426508	0.142365	0.00650754	0.108952	0.0501736	0.014552	0.0317537	0.00360396	0.0662866	0.119942	0.0179342	0.013269	0.00730209	0.00200282	0.287656
95	0.00526989	0.00126421	0.000648729	0.000681241	0.0228298	0.000976206	0.000647493	0.541714	0.00423665	0.0539335	0.0126979	0.00248287	0.00058326	0.00075315	0.00586534	0.00327087	0.00454172	0.332753	0.00020038	0.00464996
96	0.0382697	0.00247183	0.0329472	0.0289533	0.0106006	0.0168055	0.0194799	0.0245878	0.357097	0.0396513	0.0152147	0.0410976	0.0317465	0.0491709	0.143259	0.0466717	0.0451743	0.0371958	0.00515207	0.0144525
97	0.335544	0.00112135	0.00915719	0.0368144	0.00626075	0.0321633	0.00828707	0.0195658	0.0365847	0.0129709	0.00290944	0.0649659	0.0114055	0.0711076	0.0233977	0.227888	0.0699855	0.019683	0.00495356	0.00523432
98	0.0475152	0.000631684	0.0115364	0.00207953	0.00552492	0.867493	0.00228963	0.0016634	0.00529135	0.00169429	0.00123345	0.00375425	0.00156018	0.00144705	0.0123288	0.0171295	0.00540177	0.00586457	0.000493934	0.00506713
99	0.00666897	0.00132256	0.00286644	0.0137832	0.00282871	0.00404633	0.00327067	0.183192	0.0265012	0.0423852	0.00292373	0.00464152	0.0023019	0.00427213	0.00517821	0.00616679	0.22733	0.456116	0.000920137	0.00328357
100	0.013097	0.0214811	0.00489611	0.00436234	0.281334	0.00432652	0.0405072	0.0114077	0.00647648	0.0274124	0.00590603	0.0210013	0.00176162	0.003321	0.0104243	0.00699368	0.00940758	0.0172662	0.0150179	0.493599
101	0.0242684	0.000943558	0.186379	0.130352	0.00259681	0.0179107	0.0064448	0.00633376	0.221285	0.00938632	0.010772	0.17253	0.00234242	0.0818633	0.0682792	0.0183918	0.0149926	0.0169649	0.00136187	0.00660187
102	0.0693177	0.00263775	0.122832	0.237309	0.00620321	0.0329169	0.0230402	0.020707	0.105152	0.0332828	0.0169231	0.0571019	0.0219758	0.0770325	0.0488597	0.0460053	0.0431336	0.0225919	0.00337633	0.00960151
103	0.0209343	0.00209363	0.0203498	0.0234652	0.0268362	0.00745889	0.045028	0.0573757	0.0484186	0.015914	0.069049	0.113552	0.00274371	0.17409	0.035283	0.0665091	0.111186	0.06721	0.00197982	0.0905228
104	0.0076878	0.00157951	0.000677503	0.000711475	0.0247989	0.00102537	0.00069785	0.524527	0.00417331	0.0533965	0.0145767	0.00265855	0.000593504	0.000854161	0.00545014	0.00425223	0.00494132	0.341354	0.000221147	0.00582321
105	0.0617497	0.000375061	0.0821306	0.100974	0.0160523	0.00993147	0.0182371	0.0591522	0.0541467	0.0407148	0.0318902	0.0622665	0.000966454	0.0674796	0.0365639	0.0962573	0.148389	0.0965225	0.000284838	0.0159162
106	0.00502456	0.00122104	0.000630189	0.000649552	0.0229199	0.000931002	0.000657118	0.544597	0.00426701	0.0533086	0.012601	0.00242332	0.000525818	0.000774376	0.00586755	0.0031113	0.0044766	0.331187	0.000195559	0.00463149
107	0.111809	0.00138584	0.146585	0.0898943	0.00252007	0.136063	0.00183288	0.0133347	0.0369773	0.017821	0.0329849	0.0538518	0.0937266	0.0185327	0.0207499	0.106756	0.0907178	0.0172744	0.00540451	0.00177851
108	0.111115	0.00227722	0.00319154	0.0251562	0.0192629	0.0144285	0.00334822	0.0267859	0.107507	0.0437219	0.003255	0.0541235	0.11654	0.0378905	0.0294471	0.15445	0.178894	0.0572901	0.00374101	0.00757428
109	0.00318256	0.000713485	0.0587688	0.00175859	0.00941483	0.00320826	0.0479911	0.00384832	0.0338686	0.00292955	0.00165934	0.725644	0.00104985	0.0155405	0.00965107	0.0344606	0.0179722	0.00341032	0.000587608	0.02434
110	0.0439882	0.00949233	0.000650376	0.00366392	0.0592978	0.00935049	0.00319384	0.20011	0.00202769	0.287125	0.0245909	0.00116869	0.00678392	0.000693117	0.00113603	0.017527	0.0104192	0.31748	0.000236345	0.00106428
111	0.0150925	0.00259707	0.00504938	0.0075561	0.0610485	0.00675493	0.0133928	0.0719798	0.0133689	0.0942126	0.100337	0.00475491	0.0118742	0.00424116	0.0170065	0.0648016	0.295839	0.153899	0.00492164	0.0512729
112	0.00704952	0.00205897	0.00421994	0.00279496	0.164084	0.00231748	0.00580863	0.25062	0.00773622	0.30051	0.114294	0.00713207	0.00145701	0.000963246	0.00521032	0.00499253	0.0141518	0.0851355	0.00031063	0.0191521
113	0.0113945	0.00265113	0.00721722	0.00458371	0.0944177	0.00331396	0.0108673	0.162575	0.010191	0.396247	0.112006	0.0125035	0.00243058	0.000698439	0.00699388	0.00674217	0.0156115	0.106368	0.00021569	0.0329718
114	0.0462571	0.000527028	0.0113802	0.00261852	0.00604525	0.855798	0.00356929	0.00220351	0.00718486	0.00195547	0.00108677	0.00640272	0.001857	0.00153883	0.0144205	0.0186504	0.00658705	0.00598646	0.000479478	0.0054517
115	0.0620289	0.000529163	0.263215	0.369847	0.00286	0.0113698	0.031556	0.0113606	0.0269317	0.0304757	0.00625849	0.0464056	0.00399585	0.0390433	0.0156342	0.0433917	0.016257	0.0105881	0.001171	0.00708043
116	0.0537388	0.000753621	0.01175	0.00206175	0.00518508	0.863784	0.0015046	0.00165419	0.00461669	0.00169341	0.00110062	0.00320028	0.00153902	0.00124878	0.0114467	0.0179615	0.00572172	0.00590141	0.000366341	0.00477195
117	0.22035	0.00102668	0.0267535	0.0122345	0.00750699	0.0286036	0.00142001	0.0160175	0.0228943	0.0092188	0.00161072	0.00248403	0.467236	0.0350871	0.0384826	0.0545265	0.0198994	0.0295203	0.000550633	0.00457714
118	0.0325509	0.00304964	0.00183742	0.010313	0.00523934	0.00343733	0.00846904	0.00202984	0.00555974	0.00282838	0.00324755	0.0133798	0.00290183	0.000981048	0.00307732	0.195043	0.696184	0.00865641	0.000348613	0.000865302
119	0.00463545	0.00122013	0.000630427	0.000649648	0.0222092	0.000937684	0.000642232	0.548625	0.00433224	0.0535028	0.0123572	0.00239028	0.000538813	0.000776511	0.00600404	0.00291585	0.00452109	0.32848	0.000195988	0.00443563
120	0.0037614	0.00152063	0.000761799	0.000941734	0.0668109	0.00112789	0.00100046	0.543327	0.00409515	0.0786147	0.0226367	0.0022821	0.000749084	0.00101656	0.00514968	0.00287719	0.00527328	0.254084	0.000238702	0.00373107
121	0.0313032	0.00401341	0.00175798	0.00984567	0.00515804	0.0032236	0.00917625	0.00273955	0.00549675	0.00365769	0.00327363	0.0123186	0.00310702	0.0010143	0.00332296	0.193438	0.695449	0.0103355	0.000351167	0.00101701
122	0.047844	0.000354076	0.0116842	0.00186916	0.00566997	0.872494	0.00150978	0.00149926	0.00456901	0.00163771	0.00101748	0.00260548	0.0014242	0.00113462	0.0116902	0.0165448	0.005324	0.00563706	0.000313647	0.005177
123	0.0129596	0.000589642	0.147053	0.048601	0.00136459	0.0719173	0.0293812	0.0023768	0.0745942	0.0101061	0.00226186	0.253499	0.00108483	0.0312288	0.0727749	0.203256	0.0206714	0.00280251	0.000465946	0.0130103
124	0.00796044	0.000984792	0.00576407	0.0138791	0.00318307	0.00349592	0.0283332	0.0322199	0.361786	0.0557573	0.0174078	0.0248546	0.00797572	0.023305	0.302513	0.0357233	0.024948	0.0394296	0.00183808	0.00864062
125	0.0571069	0.00355491	0.00873373	0.00861051	0.00526611	0.052619	0.00594433	0.0386048	0.0099423	0.0277658	0.00587305	0.145275	0.00491731	0.00871528	0.0138124	0.490183	0.0964806	0.0100041	0.00179248	0.00479761
126	0.103425	0.00217921	0.141763	0.0860725	0.00246843	0.141214	0.00319079	0.0157788	0.0375563	0.0166966	0.0349387	0.0509298	0.0913709	0.0181524	0.0248272	0.115983	0.08927	0.0170765	0.00518127	0.00192544
127	0.0794191	0.000489844	0.0896462	0.0542316	0.0177077	0.0623095	0.0278744	0.0117747	0.139117	0.0522449	0.0147689	0.108344	0.00734373	0.0704929	0.098915	0.0737359	0.0365744	0.0213575	0.0093979	0.0242543
128	0.0122463	0.00237956	0.0110888	0.0200155	0.0448795	0.0133729	0.00869794	0.207855	0.00652791	0.089929	0.0381575	0.00361325	0.00668103	0.00464367	0.0248571	0.0496163	0.180025	0.206167	0.0124057	0.0568409
129	0.07197	0.0032603	0.00377162	0.0128831	0.00690853	0.0578032	0.00639891	0.00945015	0.122201	0.0118055	0.00479796	0.0322885	0.081004	0.0834759	0.0934631	0.108233	0.269794	0.013578	0.00310682	0.00380633
130	0.127467	0.00193486	0.0816275	0.0808778	0.00476158	0.0750622	0.0041683	0.0165427	0.0367626	0.0177068	0.0393674	0.0362618	0.0688129	0.0306871	0.0179132	0.11922	0.210129	0.023224	0.00337157	0.00410201
131	0.00559624	0.00129812	0.0155626	0.00491775	0.277255	0.00353139	0.0165629	0.0264462	0.0304044	0.00740136	0.0227251	0.00407203	0.00181751	0.00315422	0.0339664	0.05457	0.0678195	0.0162785	0.0931328	0.313488
132	0.0257339	0.000418308	0.0615084	0.0493313	0.0273119	0.020404	0.0453038	0.00291767	0.192646	0.0800408	0.0145648	0.0703231	0.00803514	0.0868848	0.16361	0.0526057	0.0331814	0.0134393	0.0161255	0.0356144
133	0.0705231	0.00618158	0.00355362	0.00998261	0.00462359	0.00950814	0.00564158	0.00503574	0.00560077	0.00505092	0.00456733	0.0294322	0.00568031	0.0020694	0.00440532	0.299158	0.517239	0.00929835	0.00066881	0.00177931
134	0.654591	0.0133369	0.00163965	0.0030054	0.00273737	0.117589	0.0015111	0.00627649	0.003147	0.00376817	0.00352746	0.0029538	0.0310232	0.00128332	0.0110219	0.114736	0.011032	0.0143278	0.000921403	0.00157124
135	0.0424432	0.00428224	0.00246665	0.00956429	0.00502616	0.00500271	0.0072489	0.00319964	0.00567542	0.0035062	0.00358797	0.0164476	0.00380378	0.00146151	0.00349748	0.237013	0.635599	0.00866689	0.000438393	0.00106863
136	0.0588917	0.0101704	0.0019408	0.003082	0.0609545	0.00755234	0.00468658	0.182018	0.00427581	0.260156	0.0464155	0.00291629	0.00648498	0.000796372	0.00283482	0.0213211	0.0167628	0.299716	0.000491278	0.00853188
137	0.140364	0.000579162	0.238279	0.263664	0.00174225	0.0468233	0.00620311	0.0122985	0.0460127	0.00888536	0.00711121	0.0704094	0.0089802	0.058099	0.00628141	0.0397353	0.0269961	0.0110414	0.00448619	0.00200869
138	0.0358645	0.00132673	0.00690473	0.00361831	0.0305741	0.453779	0.0764915	0.0135516	0.0753138	0.00762083	0.00382965	0.109344	0.0018908	0.00910045	0.0860596	0.033148	0.00637566	0.00490776	0.00112245	0.0391773
139	0.0108038	0.00419183	0.00316657	0.00290232	0.291711	0.00447987	0.00714591	0.300632	0.00529441	0.165171	0.0373639	0.0051664	0.00184497	0.00198708	0.0056764	0.00845226	0.0158925	0.0739612	0.00378187	0.0503753
140	0.00873372	0.000548325	0.0011961	0.00129586	0.0393811	0.00141183	0.00126485	0.384924	0.011552	0.209577	0.184157	0.00281913	0.000960124	0.00118026	0.00464422	0.00967385	0.021779	0.108874	0.000406579	0.00562134
141	0.40895	0.077175	0.00676365	0.00603638	0.00712202	0.267067	0.00608658	0.0339917	0.011184	0.0107603	0.0277504	0.0125051	0.0123891	0.00641478	0.0155963	0.046709	0.0183161	0.0177087	0.00263001	0.00484401
142	0.00990714	0.00226249	0.00574644	0.00869327	0.00480374	0.00590273	0.0137501	0.057964	0.381567	0.0271818	0.0285658	0.0161725	0.0058434	0.0127631	0.264382	0.0236804	0.0191557	0.0863076	0.00143314	0.0239176
143	0.190468	0.000462859	0.142203	0.0371969	0.0115336	0.138607	0.0048198	0.0187796	0.0959	0.0177687	0.0177936	0.160236	0.00763271	0.0285269	0.0346757	0.0543247	0.0118429	0.0124168	0.00754251	0.0072682
144	0.00766365	0.00053463	0.00115877	0.00121088	0.0426738	0.0013205	0.0012271	0.392258	0.0110242	0.210393	0.183651	0.00281691	0.000918928	0.00118535	0.00443035	0.00850352	0.0203865	0.103305	0.000335059	0.00500239
145	0.263425	0.00276923	0.00666178	0.00725027	0.00461265	0.211279	0.00451678	0.0196179	0.0492679	0.00938208	0.00508561	0.0108155	0.00843245	0.0329603	0.108579	0.0583814	0.129954	0.0207899	0.0408634	0.00535565
146	0.0335131	0.00986125	0.000875036	0.00170284	0.104614	0.00414446	0.00221227	0.347733	0.00322451	0.150632	0.0263691	0.00221206	0.0034716	0.000949362	0.00307851	0.0113181	0.0120658	0.274929	0.000507967	0.00658653
147	0.0516001	0.0151011	0.00573933	0.180305	0.00379794	0.0159753	0.0535309	0.0166482	0.0959222	0.031069	0.00374023	0.0174558	0.0116496	0.291467	0.110115	0.0341644	0.0254994	0.0302637	0.00175482	0.00420078
148	0.0139178	0.00178602	0.0600133	0.00904535	0.0104308	0.00864466	0.0434338	0.00874201	0.0368206	0.00601514	0.0047865	0.657381	0.00259357	0.0195953	0.0132358	0.0438022	0.0262858	0.0100519	0.0009213	0.022497
149	0.0345813	0.00354398	0.00202295	0.00999769	0.00494822	0.00358337	0.00880122	0.00237497	0.00587135	0.00346838	0.00361904	0.0137441	0.0035771	0.00148577	0.00378077	0.196821	0.686858	0.00952747	0.000397786	0.000995503
150	0.550069	0.0117251	0.00719173	0.00723359	0.00642349	0.0869994	0.0032801	0.0196665	0.0105012	0.0149911	0.00772353	0.0102841	0.0279153	0.00850963	0.0119447	0.125547	0.0398304	0.0447048	0.00173612	0.00372319
151	0.087503	0.00288556	0.067384	0.0745141	0.00681769	0.297559	0.00801547	0.0159518	0.0433903	0.0208252	0.0194689	0.0335063	0.0976186	0.0352828	0.0496818	0.0594698	0.0513466	0.0172192	0.00358018	0.00797941
152	0.22998	0.00113171	0.0266114	0.0126435	0.00735837	0.0270689	0.0014563	0.0150996	0.0218164	0.00882094	0.0016113	0.00255443	0.466279	0.0332865	0.0363172	0.0535352	0.0197508	0.0295261	0.000497101	0.00465473
153	0.148741	0.00107329	0.186842	0.323922	0.00292497	0.0117058	0.023207	0.0276935	0.0394193	0.0346974	0.0248192	0.0370948	0.00354173	0.0279493	0.00944376	0.0574114	0.0160083	0.0176288	0.00157442	0.0043024
154	0.0454054	0.00176415	0.00935773	0.00441167	0.0240813	0.462393	0.0628895	0.0195342	0.0946609	0.00509817	0.00343065	0.114662	0.00247324	0.00439858	0.0807646	0.0311045	0.00734791	0.00562896	0.00139961	0.0191939
155	0.0195461	0.00152406	0.0323681	0.0738514	0.0486696	0.0345748	0.0974583	0.00600389	0.117879	0.0679175	0.0168517	0.043943	0.0066976	0.0968827	0.160037	0.0349193	0.0333724	0.00988217	0.00823845	0.0893827
156	0.0389183	0.00233629	0.0254385	0.0391428	0.00527615	0.0404264	0.124644	0.00966303	0.029159	0.0122583	0.00834004	0.0181268	0.0727562	0.46626	0.0269586	0.0301488	0.0251392	0.018032	0.0015973	0.00537857
157	0.563824	0.0115889	0.00698225	0.00690544	0.00508143	0.0921829	0.00267708	0.0181122	0.00699385	0.0120275	0.00682154	0.00963114	0.021314	0.00475268	0.0101015	0.134523	0.0416731	0.0405821	0.00148249	0.00274236
158	0.0976463	0.0187335	0.000781292	0.00225444	0.0385841	0.00930993	0.00384277	0.189174	0.00424329	0.181519	0.0320369	0.0021608	0.0104841	0.00203985	0.00392665	0.0229439	0.0269097	0.34561	0.00143413	0.00636423
159	0.512792	0.0108608	0.0059254	0.00757759	0.00563038	0.0992653	0.00259738	0.0230042	0.00766035	0.0144475	0.00941666	0.00765028	0.0120447	0.00675239	0.0147318	0.130776	0.0678853	0.0543412	0.00416744	0.00247397
160	0.0126416	0.00310283	0.00769906	0.00506145	0.0969246	0.00362075	0.0122978	0.136479	0.0102833	0.423942	0.101499	0.0137627	0.0028427	0.000660635	0.00711116	0.00687056	0.0150157	0.106415	0.000222339	0.0335485
161	0.0197684	0.00300311	0.0192846	0.0286054	0.0276118	0.0156446	0.0704798	0.0326544	0.139187	0.1321	0.0287103	0.0357347	0.00719934	0.0438571	0.241614	0.0425206	0.0433518	0.0353942	0.00591264	0.0273666
162	0.146187	0.0171328	0.0140812	0.0155914	0.0162832	0.0411449	0.00728354	0.146061	0.0188803	0.0496353	0.0238534	0.0361898	0.00719202	0.0128813	0.0127629	0.0484881	0.0905792	0.280663	0.00277475	0.0123357
163	0.0951402	0.000873213	0.0425058	0.07107	0.0126982	0.0217208	0.0111753	0.0473683	0.0621468	0.0544826	0.0169236	0.0838885	0.017598	0.0623346	0.02648	0.166397	0.127807	0.0657996	0.0024336	0.0111577
164	0.574165	0.00733544	0.00116326	0.00405015	0.00400702	0.103229	0.00107202	0.0105926	0.00196748	0.0057791	0.00156295	0.00179252	0.00974765	0.0010496	0.00468111	0.223468	0.0228471	0.0198962	0.000484541	0.00111024
165	0.0347614	0.00175819	0.188612	0.0717497	0.0152567	0.0253768	0.0951704	0.0139199	0.0734502	0.0289597	0.00891686	0.0762533	0.0114982	0.0848679	0.109905	0.0762469	0.0424672	0.0158119	0.00395724	0.0210605
166	0.0116585	0.00110211	0.0162786	0.0301394	0.0780784	0.0161302	0.06204	0.00471848	0.179931	0.0823175	0.063097	0.0438693	0.00365077	0.132302	0.171439	0.0229006	0.014456	0.00676108	0.00524014	0.0538894
167	0.521574	0.00982351	0.000944623	0.00372348	0.00626694	0.077443	0.00144851	0.0278814	0.00168641	0.0168425	0.00906725	0.00141895	0.0024717	0.00192269	0.00239342	0.189504	0.0591812	0.0642664	0.000477567	0.00166218
168	0.15945	0.0319381	0.000780138	0.000816494	0.0164846	0.00820002	0.0057447	0.17538	0.00443603	0.0661291	0.0396791	0.00226944	0.00419526	0.0013808	0.00419125	0.0290531	0.0369059	0.39667	0.00234235	0.0139533
169	0.0110251	0.00281571	0.00659789	0.00434841	0.149774	0.00350993	0.00987205	0.168543	0.0088276	0.369021	0.0928497	0.0111072	0.00247947	0.000830744	0.00647	0.00639926	0.013963	0.10205	0.00027929	0.0292376
170	0.0121468	0.0223747	0.0020575	0.00268506	0.302659	0.00285051	0.0406609	0.00978533	0.00115536	0.027046	0.00363275	0.0165634	0.000426628	0.000730865	0.00663159	0.00161096	0.00399311	0.016604	0.011328	0.515057
171	0.0229582	0.000506651	0.107917	0.092942	0.0161196	0.0316997	0.0275815	0.00307824	0.16994	0.0498298	0.0120229	0.126013	0.0062674	0.0825499	0.118192	0.0579289	0.025035	0.0114977	0.00853104	0.0293894
172	0.129767	0.110436	0.00266354	0.00306339	0.0182159	0.0113057	0.0065325	0.14518	0.00730238	0.082515	0.0305432	0.00552	0.00559077	0.00330038	0.00609375	0.0410245	0.0404469	0.334992	0.00223645	0.0132719
173	0.0258781	0.000430995	0.0618379	0.0504472	0.0273509	0.0211509	0.0453688	0.00288464	0.19127	0.0787592	0.0146565	0.0693145	0.00820638	0.0851989	0.162858	0.0533577	0.0335896	0.0138413	0.0168844	0.0367145
174	0.00349247	0.00203211	0.00164863	0.00171322	0.318828	0.00211237	0.0018877	0.378987	0.00297052	0.163797	0.0386844	0.00230814	0.00112648	0.00166775	0.00293333	0.00361488	0.00923997	0.0523728	0.000494426	0.0100893
175	0.0543795	0.000572909	0.271963	0.389978	0.00138374	0.00486763	0.0356333	0.0113833	0.0215097	0.0343439	0.0059617	0.0432344	0.00154121	0.0351177	0.0145605	0.0438303	0.0124319	0.00976928	0.000670908	0.00686763
176	0.0469854	0.000363785	0.0116027	0.00186471	0.00478585	0.87825	0.00091901	0.00130503	0.00397888	0.00156444	0.000958243	0.00138725	0.00141578	0.0011021	0.0110227	0.0164449	0.00529394	0.00565019	0.000322224	0.00478285
177	0.0124257	0.0209683	0.00260304	0.00346237	0.301884	0.00469283	0.0466586	0.0107437	0.00136374	0.0278466	0.00331702	0.0261199	0.000548327	0.000929274	0.00623306	0.00175554	0.00402561	0.0173809	0.0100998	0.496942
178	0.0512601	0.00230408	0.0313368	0.0860559	0.0039239	0.0280645	0.0879071	0.0132527	0.0539971	0.0194556	0.0134541	0.0193922	0.0699244	0.401029	0.0342357	0.0271162	0.0313517	0.0182053	0.00178945	0.0059443
179	0.0386994	0.00132513	0.155462	0.056391	0.00331879	0.0835755	0.0243966	0.00651225	0.0727784	0.011554	0.0056616	0.233722	0.00498665	0.0305481	0.061988	0.166104	0.0233805	0.00574745	0.00160362	0.0122441
180	0.150678	0.00924419	0.00612356	0.0115415	0.00782955	0.0198978	0.00898086	0.0205455	0.00968418	0.0170097	0.0116036	0.0195478	0.00565481	0.00647703	0.00843469	0.164295	0.44834	0.0677213	0.00187306	0.00451674
181	0.0507343	0.0101098	0.00218505	0.00404071	0.0523143	0.00718683	0.00616752	0.192162	0.00664311	0.250272	0.0339662	0.00475541	0.01336	0.00515471	0.00730297	0.0191246	0.0300714	0.294513	0.000886702	0.009049
182	0.0121592	0.0224455	0.00202847	0.0026152	0.302114	0.00286509	0.0405895	0.00987393	0.00113771	0.0271494	0.00359953	0.0166649	0.00044631	0.000731942	0.00665335	0.0016201	0.00406375	0.0166463	0.0113978	0.515198
183	0.391862	0.027336	0.00203473	0.00287326	0.00991634	0.0374884	0.00354543	0.0465386	0.00392705	0.0259824	0.0244228	0.00329311	0.00302366	0.00589141	0.00323629	0.0556507	0.131996	0.207192	0.00155274	0.0122367
184	0.00932562	0.00151722	0.0166791	0.0223551	0.0037981	0.0210084	0.205218	0.00629183	0.0105712	0.00712469	0.00457581	0.0213606	0.0236184	0.568607	0.0223622	0.0192292	0.0100494	0.0201524	0.00134614	0.0048103
185	0.258847	0.00134163	0.00550808	0.0191437	0.00427728	0.0215962	0.00517079	0.0146717	0.0171934	0.0112312	0.00360006	0.0835627	0.00650699	0.027362	0.0107579	0.256898	0.223513	0.0219379	0.00285741	0.0040228
186	0.015402	0.00100909	0.0196681	0.0270006	0.063826	0.0351178	0.0890296	0.00435448	0.157739	0.0725694	0.0314215	0.0697371	0.00525958	0.110395	0.111635	0.0361801	0.0160449	0.00718388	0.00524718	0.121179
187	0.187791	0.00520997	0.0215071	0.0200715	0.0140481	0.110626	0.0137103	0.0257586	0.0532383	0.0280827	0.0146661	0.0229008	0.0133028	0.0327248	0.156279	0.0565037	0.118652	0.0250884	0.0613346	0.0185034
188	0.0238672	0.00222453	0.0190536	0.0293081	0.00569096	0.0220039	0.14398	0.0105255	0.0313019	0.0156992	0.00723469	0.0207323	0.0246511	0.547031	0.0260306	0.0241325	0.0175219	0.0170881	0.0043201	0.00760355
189	0.0118925	0.0219668	0.00265133	0.00288687	0.302369	0.0030449	0.0405922	0.0100172	0.00166351	0.0267494	0.00382012	0.0168796	0.000453011	0.000929962	0.007049	0.00226508	0.00490021	0.016404	0.0122178	0.511248
190	0.0119591	0.0221164	0.00225737	0.00274937	0.305437	0.00297451	0.0400661	0.00988576	0.00131691	0.02669	0.00362038	0.0163702	0.0004651	0.000745745	0.00677582	0.00204558	0.00474452	0.0165651	0.0115149	0.5117
191	0.0102833	0.00193783	0.00690376	0.0314473	0.0062207	0.00937415	0.0528158	0.0585895	0.154577	0.0375893	0.0130299	0.0242845	0.00293266	0.0145717	0.408258	0.0409867	0.07662	0.0421977	0.00119208	0.00618779
