383	20
1	0.0133413	0.00318178	0.00079038	0.000996422	0.0152189	0.00103276	0.00110855	0.121106	0.0094376	0.617236	0.147629	0.00471539	0.000929597	0.00916325	0.00102294	0.00199689	0.00965034	0.0403926	0.000281325	0.000768534
2	0.0260951	0.00111642	0.582054	0.0934645	0.00499641	0.0583672	0.00318367	0.00459465	0.031365	0.00535552	0.0037898	0.0582428	0.00144702	0.0244802	0.0186149	0.0462297	0.0254255	0.0100674	0.000523499	0.000586563
3	0.0834761	0.00110383	0.187672	0.428641	0.000959036	0.00997172	0.00156533	0.00215476	0.098355	0.0236696	0.00988628	0.0460558	0.00175155	0.0475688	0.00412326	0.017387	0.0311595	0.00325708	0.000370559	0.000871097
4	0.0825637	0.00228866	0.104581	0.127084	0.00170998	0.199325	0.00689646	0.0217899	0.0886245	0.00654673	0.00798682	0.0634471	0.0019785	0.0479637	0.0345944	0.0778019	0.0851793	0.0372689	0.00111881	0.00125058
5	0.011502	0.00100252	0.732355	0.0772962	0.00650101	0.0669766	0.00138524	0.00163817	0.00229348	0.00340471	0.0013785	0.0477381	0.000512561	0.00557416	0.00672601	0.0233468	0.00289273	0.00633405	0.000534491	0.000607676
6	0.0174013	0.0149068	0.00200227	0.00621435	0.0204015	0.00205007	0.00163708	0.52066	0.00325594	0.0987631	0.0222566	0.00798088	0.000571365	0.00486254	0.00280006	0.00439753	0.0318094	0.236818	0.000360688	0.000850702
7	0.278927	0.00392788	0.00975981	0.0902577	0.00323233	0.0558164	0.0140972	0.00784503	0.024646	0.0614456	0.0125868	0.0543452	0.0113515	0.14516	0.0422522	0.0994787	0.0228603	0.0587437	0.000909046	0.00235759
8	0.00913563	0.00486413	0.000992477	0.00211072	0.0240948	0.00127633	0.000943233	0.401131	0.00427909	0.292734	0.0603969	0.00644117	0.00084631	0.00813	0.00134118	0.00221725	0.0145698	0.163547	0.000371618	0.000577976
9	0.146612	0.0320812	0.00187276	0.00389445	0.00904602	0.00919242	0.00431824	0.0710073	0.00879699	0.0942257	0.0807141	0.027994	0.00390691	0.0549945	0.0514742	0.0816949	0.143913	0.172865	0.000343464	0.00105295
10	0.0365976	0.000905385	0.00343844	0.0014328	0.00070175	0.793803	0.00586575	0.00113233	0.00564767	0.00137026	0.000993505	0.0157524	0.000589919	0.0115489	0.00533218	0.103214	0.00379554	0.00343031	0.00386283	0.0005858
11	0.0864496	0.00127865	0.00139239	0.00192926	0.00113564	0.00206442	0.0165065	0.00200581	0.00629057	0.0373134	0.0100514	0.0188521	0.659764	0.0326109	0.0126911	0.0180125	0.0260237	0.0421327	0.000576402	0.0229188
12	0.00986529	0.00478888	0.0131222	0.00499507	0.249831	0.0157182	0.0354108	0.0372044	0.00481905	0.0119086	0.0110569	0.0145803	0.00806942	0.00881961	0.0218425	0.0147501	0.0211063	0.0086263	0.040421	0.463064
13	0.274789	0.00670748	0.0248049	0.00574485	0.00280532	0.025781	0.0908993	0.0044371	0.00520525	0.00662224	0.00528196	0.0354609	0.00301611	0.00797087	0.00597376	0.353706	0.110472	0.00731045	0.00106808	0.0219435
14	0.158679	0.00144382	0.0024777	0.0233107	0.00139881	0.0364853	0.029755	0.0171387	0.0488248	0.0358578	0.0031871	0.0600826	0.115406	0.0792721	0.0567665	0.218	0.0838059	0.0263697	0.000525517	0.00121344
15	0.01337	0.0101539	0.00150737	0.00498177	0.0146497	0.00172013	0.00156069	0.575998	0.00287861	0.0696072	0.0138238	0.0104073	0.000531829	0.00364258	0.00179488	0.00351387	0.0369141	0.231737	0.000399534	0.000807453
16	0.0293003	0.00610991	0.0058777	0.0311075	0.0019204	0.0090071	0.00784057	0.00674376	0.416879	0.010356	0.00653578	0.0309706	0.00593454	0.0423533	0.307758	0.0275918	0.0249984	0.0215515	0.000701134	0.00646212
17	0.0766715	0.00112906	0.0830012	0.14128	0.000795979	0.0519027	0.00639718	0.0175027	0.131814	0.0106275	0.0114092	0.0795949	0.00193882	0.0892782	0.0420955	0.119194	0.10694	0.0273277	0.000327101	0.000773536
18	0.085295	0.0530586	0.00530029	0.0382546	0.00324198	0.00371967	0.00282099	0.181179	0.0154919	0.153276	0.0221261	0.00862892	0.00143089	0.00552457	0.00452146	0.00764354	0.102187	0.304232	0.000714656	0.00135211
19	0.00397376	0.00072493	0.180468	0.753311	0.000696828	0.00272056	0.00528665	0.00107143	0.00132621	0.00151223	0.00103705	0.00211506	0.000466981	0.0337189	0.00462304	0.00303895	0.00162582	0.00148189	0.000240397	0.000560409
20	0.0769824	0.00109113	0.180533	0.421809	0.00103746	0.011099	0.00137301	0.00197919	0.109038	0.0223648	0.00759218	0.0556499	0.000810181	0.0472828	0.00301708	0.0170094	0.0369245	0.0033003	0.000344143	0.000762548
21	0.0103933	0.00100574	0.737111	0.0798735	0.00681132	0.0637209	0.00142395	0.00134091	0.00155724	0.0034265	0.00134141	0.0471427	0.000513637	0.0055564	0.00637427	0.0233322	0.0020479	0.00599198	0.000414432	0.00062026
22	0.00491234	0.00333363	0.00123594	0.00103734	0.0166643	0.00107811	0.00075568	0.610057	0.000930575	0.0502314	0.00911168	0.00724885	0.000351655	0.00270131	0.000974273	0.00159335	0.0175634	0.269644	0.000171805	0.000403623
23	0.0725325	0.0017893	0.0433283	0.121675	0.00206603	0.0300302	0.0184859	0.0140648	0.16066	0.027355	0.00809281	0.06206	0.0108056	0.0998512	0.101152	0.118247	0.0852077	0.019668	0.000667089	0.00226173
24	0.0757966	0.00109703	0.0919959	0.153103	0.000849297	0.0554152	0.00642326	0.0154907	0.129834	0.00901713	0.0103808	0.081988	0.00179895	0.0811819	0.0385464	0.115236	0.103751	0.027035	0.000315633	0.00074426
25	0.0507702	0.0455066	0.0030805	0.00519606	0.0145563	0.0216265	0.0613275	0.0830804	0.0405908	0.306685	0.151384	0.0241558	0.00174174	0.0101122	0.00627016	0.0301247	0.0612914	0.0574735	0.0008139	0.0242131
26	0.144388	0.0324593	0.00157834	0.00262663	0.00943749	0.00839629	0.0040411	0.0730553	0.00723809	0.0981872	0.0848774	0.0275662	0.00264645	0.0529717	0.0493684	0.0778631	0.144752	0.177182	0.000362755	0.00100185
27	0.0758274	0.00135101	0.0832954	0.151907	0.00102766	0.0497308	0.00712759	0.0158428	0.132774	0.0106634	0.0105832	0.0816356	0.0020907	0.0873891	0.0391919	0.115802	0.104464	0.0281766	0.000330575	0.000790044
28	0.0196999	0.000732433	0.000564504	0.0267236	0.000520558	0.00152899	0.00202896	0.000867202	0.482975	0.00457175	0.00413135	0.0246695	0.000322188	0.0381396	0.354473	0.0128879	0.0162124	0.00334121	0.000186532	0.0054232
29	0.0051604	0.00303954	0.00134456	0.000931806	0.0170916	0.0010519	0.000790814	0.59239	0.000994195	0.0476542	0.0110237	0.00635255	0.000329118	0.00261661	0.000918394	0.00167	0.0155031	0.290578	0.000174888	0.000385466
30	0.0701673	0.00211287	0.0909941	0.0419824	0.00183648	0.0672301	0.0600476	0.00643298	0.102727	0.00637126	0.00583245	0.212169	0.00209951	0.0596452	0.0319212	0.163732	0.0595162	0.0115881	0.000936211	0.0026588
31	0.0765426	0.00110423	0.179324	0.416664	0.00107206	0.0114311	0.0016225	0.00232236	0.10978	0.0230215	0.00763159	0.0559443	0.000814332	0.048361	0.00371906	0.0181409	0.0378119	0.00356995	0.000343623	0.000778723
32	0.0158752	0.00536337	0.00107509	0.00151014	0.0136033	0.00176837	0.0034501	0.130015	0.0140334	0.584935	0.142605	0.00558539	0.00088331	0.00847346	0.00117	0.00309824	0.0133366	0.0512785	0.000286946	0.00165332
33	0.161299	0.0901505	0.0020616	0.00337368	0.00733711	0.0152951	0.00370609	0.06875	0.011935	0.0776537	0.067406	0.0217447	0.00224329	0.0393669	0.0540729	0.0901036	0.120121	0.161402	0.0004713	0.00150595
34	0.0484977	0.00406236	0.0330727	0.018924	0.00571171	0.643474	0.0103426	0.005801	0.0159885	0.00603746	0.00380348	0.0251937	0.00377106	0.0218367	0.0179541	0.101058	0.0152338	0.0100703	0.00356715	0.00559974
35	0.0202381	0.0141006	0.00206304	0.00652752	0.0116896	0.00191471	0.0011166	0.482771	0.0029808	0.0755554	0.0329116	0.00714194	0.000695521	0.00347005	0.00214013	0.00343216	0.045927	0.284574	0.00022562	0.000523969
36	0.0193939	0.000734686	0.000564386	0.0265845	0.000509499	0.00149911	0.00192477	0.000809091	0.484176	0.00454845	0.00394202	0.0242556	0.000317676	0.0380197	0.354952	0.0128648	0.0159243	0.00333086	0.000185903	0.00546257
37	0.00995142	0.000742421	0.204628	0.697647	0.0010591	0.00660013	0.00475551	0.00115775	0.00888165	0.00326023	0.0016969	0.00749607	0.000568584	0.034154	0.00464209	0.00564696	0.0042899	0.00192311	0.000268955	0.000630561
38	0.0943693	0.0153506	0.010344	0.0180572	0.00540962	0.0201402	0.0224998	0.0209475	0.0193027	0.0659092	0.0310225	0.113549	0.025012	0.0386585	0.0254051	0.332587	0.0466748	0.087649	0.00170878	0.00540292
39	0.0143475	0.000747973	0.29208	0.582909	0.00196172	0.0154961	0.00403879	0.00125493	0.0126771	0.00405404	0.00197424	0.0155945	0.000527728	0.0297278	0.00466129	0.00900978	0.00554912	0.00248706	0.000327939	0.000573845
40	0.0528343	0.0208013	0.00332344	0.00773586	0.0196459	0.00732084	0.0106961	0.0874988	0.0104371	0.300687	0.158512	0.014478	0.00216352	0.019453	0.0144154	0.0258596	0.0934753	0.138026	0.00107353	0.0115631
41	0.0429284	0.00492279	0.0364107	0.015873	0.00406187	0.678654	0.00794332	0.00485515	0.0128468	0.00317337	0.00306923	0.0261869	0.00168694	0.016926	0.0127324	0.0997745	0.0134271	0.00854198	0.0038215	0.00216411
42	0.0175379	0.00637095	0.00120416	0.003667	0.014871	0.00150318	0.00180495	0.199246	0.0088399	0.492788	0.117969	0.00633354	0.000954749	0.00904123	0.00170782	0.00395224	0.0202616	0.0904857	0.000265025	0.00119581
43	0.401725	0.108707	0.00619174	0.00929402	0.00237078	0.0497711	0.00730722	0.00897097	0.00562767	0.00985782	0.00763709	0.0193238	0.00212302	0.0137783	0.0132292	0.198242	0.098967	0.0327065	0.0010124	0.00315831
44	0.0857686	0.00124371	0.00140241	0.00206996	0.00109214	0.00199524	0.0142592	0.0018684	0.00709072	0.0482512	0.00811114	0.0222732	0.651162	0.0337542	0.0129664	0.0193882	0.0218403	0.0474062	0.00057636	0.0174803
45	0.086567	0.00119573	0.0013016	0.00199903	0.00104825	0.00216568	0.016329	0.00201588	0.00676056	0.0385274	0.00887334	0.0195541	0.659468	0.031558	0.014063	0.0207166	0.0240987	0.0425498	0.000582808	0.020625
46	0.113001	0.00712528	0.0107101	0.0118783	0.00419106	0.0238984	0.0436447	0.0101243	0.0146864	0.0253674	0.0381667	0.144699	0.0110549	0.0295979	0.0137015	0.40871	0.0244297	0.057306	0.00152192	0.0061854
47	0.0257274	0.054431	0.00712358	0.0130888	0.0582132	0.0119108	0.118664	0.0153668	0.011752	0.137997	0.145915	0.0162398	0.00398983	0.199497	0.0770462	0.0551011	0.021887	0.0157815	0.00191762	0.00835016
48	0.0433267	0.0134473	0.0245192	0.0221292	0.126989	0.140535	0.0327504	0.0387451	0.0166685	0.0330877	0.0205299	0.033618	0.0133281	0.0275971	0.0374853	0.0510672	0.0337993	0.0256665	0.0696996	0.195011
49	0.0209214	0.00193328	0.66916	0.0829315	0.00592872	0.0616274	0.00425471	0.00255063	0.0118549	0.00544396	0.00238045	0.0624144	0.000960871	0.0111204	0.00801719	0.0312743	0.00867471	0.00700339	0.000600766	0.000947022
50	0.0448523	0.020393	0.00217441	0.0111437	0.0101058	0.00334634	0.00275925	0.197645	0.00883121	0.321069	0.0962284	0.0087585	0.00160764	0.00990109	0.0063767	0.0122728	0.0632932	0.177523	0.000441738	0.00127696
51	0.143345	0.00218906	0.00255794	0.0168904	0.00198176	0.021323	0.0221874	0.0138768	0.0439476	0.045555	0.00470954	0.0760136	0.234589	0.0785142	0.0388542	0.129482	0.0777206	0.0406687	0.000849682	0.00474499
52	0.304538	0.00643835	0.00568411	0.030052	0.00288506	0.0920549	0.012797	0.00768534	0.0137469	0.0500634	0.0304391	0.056746	0.0115428	0.0998732	0.0224653	0.178253	0.0189649	0.0518469	0.00127072	0.00265319
53	0.0216849	0.00206646	0.588517	0.1559	0.00576833	0.0554788	0.00506773	0.00894401	0.0148429	0.00656312	0.00323465	0.0506752	0.00108525	0.0162734	0.00865949	0.0307846	0.00913497	0.0135995	0.00062865	0.00109086
54	0.0194188	0.000735039	0.000564578	0.0265883	0.0005095	0.00152639	0.00192522	0.000810313	0.484036	0.00454607	0.00394495	0.0243372	0.000318406	0.0380397	0.354875	0.0128606	0.0159826	0.00335058	0.000185818	0.00544441
55	0.0587929	0.00723748	0.0408849	0.146491	0.00464437	0.0236673	0.0178819	0.0387316	0.125657	0.0622806	0.00922403	0.0722868	0.00965934	0.138153	0.0361833	0.0739196	0.109468	0.021206	0.00121981	0.00241079
56	0.148124	0.0350033	0.00169533	0.00267054	0.00912386	0.00915441	0.00402027	0.0724764	0.00785263	0.0945521	0.0819567	0.0276898	0.00261185	0.0518612	0.0525671	0.0791486	0.143	0.17511	0.000366761	0.00101468
57	0.0177283	0.00872995	0.00081458	0.00125989	0.022124	0.00235223	0.00747245	0.108985	0.0100521	0.573472	0.158621	0.00599791	0.00106122	0.0123695	0.00229783	0.00468485	0.0159703	0.0416615	0.000335552	0.00400973
58	0.0687647	0.00158188	0.0085502	0.100989	0.00756691	0.0319849	0.11907	0.00837283	0.0639635	0.0129325	0.00337415	0.104305	0.0247453	0.202785	0.0432835	0.167815	0.0179391	0.00818586	0.000557863	0.00323258
59	0.0654395	0.00157257	0.0101241	0.105545	0.00767036	0.0317126	0.120211	0.00826225	0.0650409	0.0123428	0.00363833	0.107321	0.0205466	0.203817	0.0419189	0.165248	0.0174195	0.00837737	0.000538229	0.00325514
60	0.0208438	0.00168062	0.131094	0.599737	0.00248672	0.00793173	0.0180969	0.0038785	0.0235566	0.00767668	0.00489688	0.017794	0.00683625	0.0947846	0.0167905	0.0246156	0.00949019	0.00523472	0.000394229	0.00218045
61	0.061599	0.00227723	0.00490398	0.118391	0.00898	0.0192682	0.137946	0.0124123	0.0701621	0.0109716	0.0045431	0.0987554	0.0425378	0.227214	0.0323516	0.119071	0.0163935	0.00699491	0.000837707	0.00438941
62	0.117003	0.00229231	0.00299295	0.0118206	0.00226527	0.0140183	0.0176404	0.00744947	0.0307933	0.0219446	0.00641363	0.0582605	0.395089	0.0425106	0.0393163	0.167589	0.0347803	0.0213486	0.000957586	0.00551397
63	0.028595	0.00898707	0.00426563	0.00779332	0.0241683	0.00412429	0.00649234	0.127906	0.0163352	0.47775	0.128011	0.011403	0.0124873	0.0170192	0.00971022	0.0134612	0.0238219	0.0726631	0.000736399	0.00426988
64	0.0459272	0.024965	0.00902101	0.0327702	0.0243555	0.0158369	0.134248	0.0134545	0.0331236	0.0979552	0.0549342	0.038727	0.0225727	0.202912	0.119837	0.0687266	0.0281554	0.019219	0.00265433	0.0106044
65	0.0476764	0.017927	0.0104627	0.014288	0.013541	0.00778992	0.00631335	0.316645	0.0108053	0.111818	0.0458267	0.018561	0.0222995	0.0181498	0.0124862	0.0247564	0.0472142	0.250305	0.000731178	0.00240366
66	0.635327	0.0104441	0.0081985	0.014106	0.00146794	0.0823118	0.00719933	0.00320123	0.00673683	0.00621851	0.00408897	0.0122832	0.00482162	0.0160469	0.00742191	0.149805	0.0198921	0.00800544	0.000914752	0.00150809
67	0.0363014	0.005483	0.0146936	0.0361028	0.00383694	0.0196003	0.0127729	0.00891497	0.33113	0.0163656	0.0114925	0.0340681	0.012641	0.0430427	0.325865	0.0338979	0.0289946	0.0160569	0.0008782	0.00786213
68	0.110097	0.156542	0.00601339	0.0194654	0.00666746	0.012371	0.00856131	0.133595	0.0111594	0.0863674	0.0432354	0.0148985	0.00272924	0.0150785	0.018611	0.0611226	0.0650506	0.222417	0.00132421	0.00469406
69	0.0613439	0.0704705	0.0131956	0.074843	0.0105223	0.0155901	0.0131975	0.133399	0.0259016	0.0675802	0.0191781	0.0780163	0.00432935	0.0277535	0.0206436	0.0461801	0.215544	0.090229	0.00228608	0.00979649
70	0.0192842	0.000778647	0.000571091	0.0265845	0.00052245	0.00165391	0.00215212	0.000958849	0.479051	0.0045793	0.00394023	0.0243206	0.000367413	0.0379249	0.35944	0.0129442	0.0159627	0.0033438	0.000192465	0.00542764
71	0.0571935	0.0216856	0.00615508	0.0120975	0.0111468	0.0035895	0.0029423	0.399995	0.00623203	0.0790322	0.0245455	0.0087999	0.000977164	0.00722719	0.00569625	0.00994899	0.0437343	0.297015	0.000606488	0.00138031
72	0.0135935	0.00334049	0.000929723	0.00105123	0.0150225	0.00121152	0.00132531	0.1227	0.0094202	0.614245	0.146485	0.00480939	0.000946222	0.00918496	0.00120637	0.00227536	0.00984978	0.0413106	0.000277751	0.000814126
73	0.0228491	0.00986503	0.0127154	0.0124453	0.211753	0.0203462	0.0365002	0.0352606	0.0199259	0.0245076	0.0157523	0.0229719	0.0402778	0.0168793	0.0327269	0.0247658	0.0255015	0.0183257	0.0244296	0.372201
74	0.0278445	0.0128128	0.00331165	0.00610837	0.0058103	0.00446984	0.00429336	0.137087	0.00631559	0.239412	0.220915	0.00687056	0.00158536	0.00722963	0.00426819	0.00729442	0.0487116	0.252525	0.000763337	0.00237144
75	0.0122694	0.00903038	0.00168037	0.00468418	0.0145874	0.00159241	0.00157868	0.567638	0.00236551	0.0683731	0.0184459	0.00871505	0.000544956	0.00375262	0.00191394	0.00328176	0.0348126	0.243727	0.000366709	0.000640077
76	0.078367	0.00220847	0.0915489	0.0366422	0.00177153	0.074926	0.056336	0.00629409	0.0981204	0.00611757	0.00622385	0.213391	0.00269227	0.0523237	0.024194	0.178465	0.056048	0.0112622	0.000795859	0.00227213
77	0.00462854	0.00316061	0.00119472	0.0009914	0.016785	0.00107156	0.000789264	0.611175	0.000905501	0.0504373	0.00968858	0.0068128	0.000380615	0.00272498	0.000979258	0.00158967	0.0171832	0.268902	0.000190044	0.000410152
78	0.0196918	0.000837564	0.000667572	0.0277634	0.000671596	0.00207064	0.00196575	0.000903568	0.480909	0.00470398	0.0042951	0.0243693	0.000361374	0.0379686	0.353474	0.014158	0.0159884	0.00356555	0.000184196	0.00545035
79	0.0575558	0.00662189	0.0844739	0.191115	0.00761065	0.0226511	0.0219934	0.0144282	0.0463273	0.0201062	0.0489232	0.0390355	0.0512121	0.182716	0.0729595	0.0646796	0.0418624	0.0183187	0.00208172	0.00532692
80	0.0228464	0.0133947	0.0127077	0.00864242	0.186273	0.0239342	0.0701991	0.0873347	0.0104649	0.0661437	0.077731	0.0208953	0.00308247	0.0150936	0.0205072	0.0294168	0.0981649	0.023274	0.0120786	0.197815
81	0.461578	0.016014	0.025295	0.0288947	0.00497872	0.039834	0.00835429	0.0184576	0.0193897	0.0358243	0.0140161	0.0237191	0.0404855	0.0266251	0.0189376	0.12369	0.0558282	0.0325278	0.00101513	0.00453522
82	0.047524	0.00612234	0.0215045	0.0602594	0.00217866	0.0172693	0.0119885	0.0136676	0.32696	0.0190906	0.0100482	0.0444605	0.00626719	0.0512165	0.216686	0.052229	0.0676221	0.0197374	0.000662372	0.00450634
83	0.00778928	0.0027781	0.0104725	0.00397505	0.34848	0.0126513	0.0291287	0.0385582	0.00389695	0.0148236	0.0123257	0.00908745	0.00196796	0.00536232	0.0190798	0.0133927	0.0210415	0.00489488	0.0291565	0.411138
84	0.0178276	0.00980364	0.00228592	0.00412308	0.016344	0.00191317	0.00149536	0.511092	0.00256109	0.0758565	0.0237307	0.00764193	0.0011312	0.00492061	0.00386435	0.00539039	0.0270329	0.28163	0.00025234	0.00110362
85	0.0490564	0.0273292	0.00714584	0.0109808	0.0127349	0.00958538	0.00561356	0.323517	0.0105983	0.100553	0.0463233	0.0143872	0.0114483	0.0158021	0.0129417	0.0261601	0.0438682	0.265238	0.00146651	0.0052496
86	0.0828028	0.00151482	0.0949341	0.132537	0.00119664	0.125641	0.00895029	0.0163458	0.112884	0.0074948	0.00897585	0.0776639	0.00199357	0.0636362	0.0355249	0.10333	0.0932429	0.0296783	0.000621697	0.00103213
87	0.0253846	0.00970652	0.00370296	0.00892378	0.0122687	0.00562309	0.00989393	0.119804	0.0476053	0.505856	0.124652	0.0122912	0.00179719	0.0142523	0.00848186	0.0114829	0.0230736	0.0499139	0.000965625	0.00432133
88	0.0368398	0.000939005	0.00341827	0.00143418	0.000699158	0.793355	0.00586238	0.00112008	0.00565614	0.00140563	0.000992501	0.015731	0.000589137	0.011711	0.0053352	0.103205	0.00381611	0.00344709	0.00385663	0.000585801
89	0.0776767	0.00108637	0.180597	0.42134	0.00104508	0.0112784	0.00147717	0.00199987	0.107788	0.0221969	0.00771496	0.0559482	0.00089886	0.0477378	0.00329272	0.0175856	0.0360089	0.00323821	0.000348684	0.000739957
90	0.0299964	0.0036528	0.0153551	0.0572883	0.00328907	0.0145331	0.100482	0.0077691	0.142882	0.0129481	0.00527518	0.106625	0.00635912	0.0824835	0.213469	0.0961799	0.0865124	0.008347	0.00124566	0.00530808
91	0.0509678	0.0198767	0.0029382	0.0125755	0.00879653	0.00340697	0.00331013	0.109155	0.0100805	0.382002	0.119658	0.00715648	0.00165171	0.0103726	0.00420946	0.00868881	0.0527479	0.189964	0.000806404	0.00163452
92	0.788896	0.00523733	0.00855562	0.0145771	0.000857929	0.0109979	0.00225159	0.00165579	0.00183342	0.00236067	0.00163647	0.00288657	0.000661319	0.00725672	0.00213785	0.140507	0.00377938	0.00290965	0.000301914	0.000699091
93	0.124447	0.00142972	0.00169062	0.0114013	0.00117914	0.0121884	0.0158501	0.00657789	0.0326296	0.0238787	0.003646	0.0393023	0.458437	0.0464512	0.0442449	0.118035	0.0317576	0.0204903	0.000508031	0.00585548
94	0.0810471	0.00304997	0.0894119	0.139263	0.0015603	0.0462595	0.00734664	0.0159055	0.109952	0.011547	0.0193613	0.0701285	0.00449382	0.0895182	0.0385389	0.124763	0.12009	0.0257574	0.000639107	0.00136629
95	0.0978138	0.0118901	0.322013	0.163366	0.00681697	0.0353477	0.0117742	0.017083	0.048509	0.0605224	0.0127572	0.0480831	0.00607401	0.0354696	0.0141682	0.0422135	0.0323214	0.0283098	0.00220027	0.00326662
96	0.00562995	0.00395574	0.0014846	0.00112241	0.0199321	0.00112198	0.000884128	0.596796	0.000923302	0.0483528	0.0092531	0.00665106	0.000322339	0.00300795	0.000995305	0.00175938	0.0159808	0.280725	0.000332154	0.00076963
97	0.0121851	0.000693197	0.17618	0.718596	0.000667372	0.00377737	0.0046618	0.00132477	0.0119011	0.00364764	0.0018312	0.00692967	0.000543973	0.038601	0.00461856	0.005746	0.00518128	0.00205634	0.000271201	0.000586304
98	0.013043	0.000870507	0.203258	0.67939	0.00112346	0.00863691	0.00499018	0.00151843	0.0123571	0.00369753	0.00195897	0.0101226	0.000597441	0.0347352	0.00519911	0.00827136	0.00624433	0.0030212	0.000339247	0.00062601
99	0.0414469	0.00130553	0.0133386	0.00421065	0.00123578	0.757035	0.00603014	0.00146122	0.00663968	0.0023604	0.00147505	0.0181969	0.000889716	0.0132397	0.00787069	0.105402	0.00860131	0.00431669	0.00364623	0.00129854
100	0.0511377	0.0181548	0.00423955	0.00971906	0.0153703	0.00981771	0.0107743	0.145017	0.0107827	0.218546	0.160386	0.0158251	0.00267159	0.017696	0.0158154	0.024704	0.0954102	0.163953	0.00170466	0.00827587
101	0.0355479	0.00885087	0.00823854	0.0286853	0.00635728	0.0155937	0.0155993	0.00751379	0.338162	0.015726	0.0112985	0.0348308	0.0216048	0.0461537	0.317234	0.034243	0.0300216	0.0143444	0.00107874	0.00891643
102	0.0508278	0.0255704	0.0057968	0.0124852	0.0133753	0.0131382	0.00758764	0.291599	0.0154709	0.114682	0.0492107	0.0169069	0.0232508	0.0164103	0.0186224	0.0258153	0.0478063	0.241349	0.00217721	0.00791811
103	0.0517836	0.00419923	0.0362803	0.0154557	0.00523135	0.662913	0.00889015	0.00413207	0.0116035	0.00409338	0.00281032	0.0238347	0.00428567	0.0185547	0.0139783	0.100072	0.0168144	0.00644726	0.00377066	0.0048498
104	0.0327411	0.0188697	0.00413165	0.00904635	0.00925566	0.00353896	0.00267855	0.316771	0.00501197	0.117792	0.0959367	0.00772029	0.000981803	0.00664339	0.0043567	0.00805666	0.0451252	0.309475	0.000347847	0.00151967
105	0.0126505	0.00113164	0.713258	0.091482	0.00641344	0.0654404	0.0015695	0.00166796	0.00409014	0.00366191	0.00155196	0.0464786	0.000552022	0.00726616	0.00696261	0.0241764	0.00362228	0.00688655	0.000450691	0.000687581
106	0.0208773	0.00273144	0.00340095	0.0264255	0.00364039	0.00428459	0.00833578	0.00429484	0.425063	0.00610144	0.00507289	0.0280613	0.00279273	0.0402758	0.357885	0.0166269	0.0178319	0.00574869	0.000938964	0.0196109
107	0.130454	0.0225381	0.00254048	0.00515629	0.00123945	0.0216227	0.00260232	0.015527	0.00365705	0.00421917	0.00248882	0.052594	0.00122246	0.0210352	0.00990584	0.249737	0.447523	0.00396591	0.000620592	0.00135111
108	0.0360381	0.00146374	0.0164347	0.0465665	0.00134761	0.0126657	0.0132791	0.0048833	0.373887	0.00914803	0.00562013	0.0429394	0.00610091	0.0508705	0.268745	0.0511162	0.0435705	0.0100843	0.000649561	0.00458942
109	0.0108476	0.00425253	0.0124154	0.00566262	0.269286	0.0147422	0.0349885	0.0516563	0.00489336	0.0136501	0.0148632	0.0161357	0.00300317	0.0080509	0.0332998	0.0160088	0.0264723	0.00753169	0.027933	0.424307
110	0.0589059	0.00277823	0.00646951	0.119115	0.0163796	0.0215406	0.127626	0.0112514	0.0742153	0.0129249	0.00551153	0.0862089	0.020394	0.239953	0.0323957	0.138529	0.0142045	0.0065923	0.000914668	0.00408991
111	0.0173298	0.00817483	0.0030239	0.00466311	0.0228128	0.00398299	0.00312455	0.483522	0.00445876	0.1112	0.032396	0.0103013	0.00129128	0.00617625	0.00387618	0.00647141	0.0302844	0.236117	0.000799466	0.00999354
112	0.0422583	0.00392816	0.00502256	0.127751	0.0105559	0.0157464	0.186988	0.0270064	0.0836624	0.014217	0.00611574	0.0832497	0.0197373	0.216855	0.0280554	0.0968455	0.0168565	0.00738132	0.00112906	0.00663943
113	0.0131789	0.00293141	0.00079843	0.000973092	0.0149207	0.000972055	0.000814592	0.122126	0.00944329	0.619879	0.146174	0.00464479	0.000940567	0.00911727	0.000983413	0.00187311	0.00919897	0.0401058	0.000283612	0.000640237
114	0.0891654	0.00139371	0.00129891	0.00230375	0.00120662	0.00251907	0.0136374	0.00249018	0.00881416	0.0461115	0.00832971	0.0233377	0.643339	0.0319145	0.0158285	0.0270368	0.0217708	0.0425112	0.00062171	0.0163695
115	0.0290832	0.00745917	0.00803054	0.0109731	0.0179874	0.00794037	0.00736015	0.119116	0.0218428	0.491032	0.121811	0.0139449	0.00818683	0.0195334	0.0108286	0.01689	0.0229951	0.0601201	0.00134526	0.00351959
116	0.0965055	0.00207454	0.00239815	0.00648653	0.0011068	0.0048628	0.0158128	0.00420553	0.0145666	0.0332598	0.00742048	0.0265001	0.601172	0.0347984	0.0259228	0.0519398	0.023163	0.0331267	0.000751968	0.0139257
117	0.117435	0.00295989	0.00179373	0.00812225	0.00121727	0.0099949	0.013816	0.00646294	0.0281039	0.0242138	0.00414157	0.0361425	0.498072	0.0372495	0.0439158	0.108502	0.0291117	0.0213668	0.000476746	0.00690147
118	0.0195756	0.000825783	0.000727315	0.0267102	0.000534847	0.00163455	0.0026668	0.000875657	0.480903	0.00455886	0.00395565	0.0261554	0.000338144	0.0380369	0.353747	0.0132451	0.0163985	0.00338175	0.000211005	0.00551812
119	0.0124911	0.00703692	0.00261043	0.00319411	0.0164437	0.00146549	0.00134451	0.572207	0.00168567	0.056526	0.012137	0.00772558	0.000549178	0.00374995	0.00181181	0.00295558	0.0223994	0.272651	0.000194369	0.00082112
120	0.0194309	0.00142554	0.661795	0.0858	0.00572982	0.0619941	0.00522578	0.00232354	0.0134102	0.00456702	0.00223724	0.0631794	0.000881138	0.0128412	0.00833857	0.0320551	0.0094528	0.00718568	0.000699717	0.00142717
121	0.0972681	0.00137134	0.00139711	0.00380584	0.00117193	0.00396005	0.0109625	0.00287435	0.0174004	0.0260865	0.00545812	0.0252262	0.626768	0.027537	0.0322263	0.0594066	0.0193984	0.0254806	0.000659969	0.011541
122	0.154044	0.0214992	0.00297273	0.00246967	0.000959908	0.0208009	0.00650171	0.0066899	0.0020233	0.0029228	0.00185886	0.0321402	0.00148218	0.0130618	0.00851608	0.315569	0.401207	0.00295828	0.000459208	0.00186349
123	0.0466037	0.01818	0.00645166	0.0140136	0.0139652	0.0122536	0.00559229	0.317022	0.0117146	0.108948	0.0479629	0.0160777	0.0265428	0.0153311	0.0138567	0.0230671	0.0411813	0.255235	0.00231353	0.00368685
124	0.140801	0.0217057	0.0035534	0.00369783	0.00109693	0.0232822	0.0049161	0.00768415	0.00379479	0.00395034	0.00204045	0.0374333	0.00276887	0.0150447	0.0100638	0.29766	0.415323	0.00329425	0.000535539	0.00135324
125	0.0289618	0.0109451	0.00157006	0.00440144	0.00871251	0.00381546	0.00500127	0.0914491	0.00758539	0.377132	0.197869	0.00711178	0.00111587	0.00847881	0.00345967	0.00788411	0.0497804	0.181472	0.0005776	0.00267685
126	0.0189807	0.00857762	0.00157036	0.00322382	0.0165795	0.00311546	0.00616404	0.107366	0.0102986	0.534414	0.16523	0.00629024	0.00136234	0.0106699	0.0033053	0.00566348	0.0228551	0.0693552	0.000530453	0.00444813
127	0.0446077	0.0201849	0.0071544	0.0106439	0.0128415	0.00888048	0.00683414	0.316575	0.0117611	0.110936	0.0449392	0.0159173	0.0438101	0.0130619	0.0135725	0.0209513	0.0455557	0.246019	0.00104358	0.00471111
128	0.0292793	0.00200647	0.173463	0.56257	0.00349107	0.015959	0.011461	0.00598917	0.039099	0.00911596	0.00503853	0.0223633	0.00303735	0.0463149	0.0175161	0.0222214	0.0177818	0.00959205	0.000447691	0.00325249
129	0.00420226	0.000724078	0.17474	0.758341	0.000640029	0.00236494	0.00531002	0.00108789	0.00188536	0.00163534	0.00103571	0.00182879	0.000459806	0.0341222	0.00453964	0.00301682	0.00177202	0.0014785	0.000233458	0.000581988
130	0.0203521	0.000843306	0.00133628	0.0271577	0.000525493	0.001854	0.00205572	0.00112784	0.478856	0.00478282	0.00406302	0.0244754	0.000596044	0.0382593	0.353749	0.0141303	0.0166631	0.0036659	0.000183311	0.00532268
131	0.0943933	0.00243792	0.00367637	0.00972732	0.00169753	0.00582646	0.0152002	0.00599166	0.014275	0.0352187	0.0103057	0.0275821	0.559464	0.040535	0.0218821	0.0501823	0.0470125	0.0371656	0.00068871	0.0167374
132	0.0172153	0.00128996	0.686824	0.0826064	0.00607155	0.0618477	0.00399391	0.00199917	0.00925699	0.0046937	0.00213756	0.0597027	0.000929026	0.00936654	0.00792737	0.0290001	0.00723588	0.00634052	0.000691253	0.000870433
133	0.00655434	0.00357737	0.00172935	0.0012178	0.017714	0.00125089	0.000925829	0.591124	0.00104006	0.0472407	0.00945	0.00649615	0.000430918	0.00346943	0.00128382	0.00168194	0.0159593	0.288223	0.00016709	0.000464158
134	0.106986	0.0266954	0.0170545	0.0303612	0.0117643	0.0283954	0.0134711	0.0456209	0.0411016	0.0438638	0.0247251	0.0389785	0.0203511	0.0353206	0.0311939	0.15308	0.265528	0.0496549	0.00198612	0.013867
135	0.0215916	0.00872452	0.017941	0.0139601	0.196154	0.018493	0.0413991	0.0335683	0.0229648	0.0181478	0.0169278	0.0292566	0.0209417	0.0200824	0.0363373	0.0261836	0.0272168	0.0150156	0.0258571	0.389237
136	0.0789067	0.00215577	0.0924222	0.0366213	0.00174181	0.0783657	0.0558247	0.00612984	0.0989735	0.00587838	0.00614842	0.213539	0.00186779	0.0535314	0.0233087	0.176636	0.0533359	0.0114859	0.00080331	0.0023241
137	0.0226101	0.00254753	0.584211	0.172864	0.00608493	0.0529171	0.00481254	0.00388136	0.0155657	0.00651552	0.00330778	0.0477493	0.000784134	0.0168808	0.00830415	0.0292531	0.0107156	0.00801083	0.000619438	0.00236469
138	0.00507973	0.00309193	0.00135585	0.00093395	0.0174871	0.0010395	0.000783743	0.596762	0.00092803	0.0472579	0.00972355	0.00647795	0.000324446	0.00266692	0.00089888	0.00161051	0.015468	0.287547	0.000170035	0.000392223
139	0.0484945	0.0039142	0.0339584	0.0124541	0.00383066	0.679634	0.00835877	0.00488453	0.0106277	0.0056453	0.0025564	0.0239072	0.00361086	0.01675	0.0123067	0.100642	0.0120857	0.00944087	0.00452239	0.00237586
140	0.0488521	0.00917681	0.0345174	0.0236639	0.00675557	0.449829	0.0168102	0.00962971	0.0480048	0.0115768	0.00726554	0.0330428	0.00733315	0.0299284	0.12587	0.0820738	0.0278625	0.0150631	0.00484605	0.00789848
141	0.262347	0.310842	0.00571257	0.0089812	0.00391639	0.0220572	0.00675382	0.0119794	0.00856198	0.0142226	0.010436	0.0155657	0.00251683	0.0117921	0.017544	0.176443	0.0297596	0.075534	0.00167854	0.00335712
142	0.0635033	0.00296875	0.034987	0.0724383	0.00300277	0.0243436	0.0204769	0.00782077	0.304301	0.0121283	0.00755407	0.0796397	0.0111416	0.0563175	0.183115	0.0602809	0.0384784	0.0120707	0.000619324	0.00481146
143	0.00618359	0.000767196	0.211827	0.709945	0.00102382	0.00600456	0.00488637	0.00106291	0.00337727	0.0021094	0.00131694	0.00535626	0.000435999	0.0321323	0.00463262	0.00417889	0.00227559	0.00168694	0.000216283	0.000581496
144	0.109327	0.0027426	0.0141172	0.0933784	0.00507376	0.0246215	0.058997	0.0130821	0.0555411	0.0214399	0.00878779	0.0661177	0.0933058	0.169574	0.0466258	0.153181	0.0432695	0.0170476	0.0011073	0.00266235
145	0.0163349	0.00414077	0.000952382	0.00136494	0.0142871	0.00176135	0.00185952	0.132471	0.00915362	0.553496	0.154856	0.00574398	0.00097254	0.00984518	0.00220247	0.00400438	0.0173052	0.0673557	0.000311658	0.0015813
146	0.00376846	0.000722605	0.175007	0.759771	0.000638013	0.00227857	0.00536659	0.00108157	0.00125559	0.00147988	0.00101557	0.00159777	0.000464898	0.0341253	0.00457225	0.00294017	0.00162974	0.00146454	0.000239594	0.000581146
147	0.0190321	0.000949764	0.00058667	0.0264319	0.000509946	0.00166466	0.00204703	0.000818112	0.470273	0.00450051	0.00387784	0.0235856	0.000448789	0.037321	0.37021	0.012758	0.015931	0.00346661	0.000188112	0.00539922
148	0.0132228	0.00299805	0.00081031	0.000996394	0.014877	0.00100834	0.00113634	0.123291	0.00958289	0.616632	0.146457	0.00475961	0.000950793	0.00909578	0.00103796	0.00207992	0.00954168	0.0404653	0.000284205	0.000772721
149	0.0195144	0.000877597	0.000645145	0.0266934	0.000525729	0.00157992	0.00193717	0.00137777	0.482165	0.00497962	0.00398198	0.0242756	0.000544346	0.0380507	0.354011	0.0131281	0.0163227	0.00355748	0.000200126	0.00563244
150	0.0334749	0.00330931	0.158518	0.544385	0.0020915	0.0133851	0.00957738	0.00693186	0.05323	0.01163	0.00556535	0.0224138	0.00250374	0.0466876	0.0267436	0.0244459	0.0209903	0.0121555	0.000546256	0.00141432
151	0.0940537	0.127676	0.00704808	0.0160803	0.00859837	0.0142447	0.00944559	0.134756	0.0111204	0.0910476	0.0529458	0.0150888	0.00266711	0.0142694	0.0169025	0.0482939	0.0670849	0.260616	0.00147458	0.00658628
152	0.0312705	0.0128663	0.00211961	0.00722721	0.0113387	0.00372469	0.00466204	0.143416	0.00915806	0.407041	0.130414	0.00700097	0.00139807	0.00896965	0.00354142	0.00741392	0.0390913	0.166293	0.000840697	0.0022135
153	0.0289183	0.00323718	0.162199	0.55338	0.00177273	0.0147795	0.00836563	0.00912244	0.04723	0.0131926	0.0055146	0.0234608	0.00239367	0.045362	0.0231793	0.0215619	0.0209482	0.0123976	0.000362055	0.00262254
154	0.0287955	0.00981272	0.00137761	0.00255202	0.0103835	0.00407422	0.0064122	0.080351	0.00788775	0.435046	0.196354	0.00689948	0.00119667	0.00812668	0.00272947	0.00683064	0.0484694	0.138971	0.000638347	0.00309238
155	0.0903446	0.00199026	0.00517821	0.00971051	0.00145625	0.0060123	0.01423	0.00621195	0.0173035	0.0357775	0.008841	0.0262235	0.594351	0.032823	0.0290309	0.043932	0.0251888	0.0354715	0.000927869	0.0149951
156	0.0131796	0.00299995	0.000799307	0.000973462	0.0150367	0.000990929	0.000861045	0.121742	0.00939303	0.619493	0.14628	0.0047492	0.000943555	0.00919261	0.00100128	0.00190588	0.00931314	0.0401674	0.000284318	0.00069311
157	0.0569011	0.020724	0.00466039	0.0161145	0.0130988	0.00899825	0.0112162	0.101967	0.0185853	0.313428	0.109019	0.0218972	0.00841178	0.026087	0.0158341	0.0327324	0.0921393	0.121528	0.00102589	0.00563149
158	0.0273773	0.0194531	0.0136923	0.0409436	0.00974383	0.0294765	0.220552	0.0131268	0.0368623	0.00902268	0.00830712	0.176644	0.00790032	0.141129	0.0300105	0.0896291	0.0144411	0.0246614	0.00243412	0.0845933
159	0.0886872	0.00155818	0.00264719	0.00414843	0.00141104	0.0091299	0.013186	0.00314508	0.0147686	0.031125	0.00667955	0.0250781	0.629217	0.0306947	0.0246536	0.0463196	0.0211377	0.0311147	0.00107093	0.0142275
160	0.0180264	0.000869371	0.189261	0.63936	0.00132099	0.0115836	0.00574905	0.00256987	0.018099	0.00457088	0.00325361	0.0135284	0.00234792	0.0417987	0.013494	0.0160312	0.0125409	0.0044761	0.000278624	0.000840198
161	0.0193939	0.000734686	0.000564386	0.0265845	0.000509499	0.00149911	0.00192477	0.000809091	0.484176	0.00454845	0.00394202	0.0242556	0.000317676	0.0380197	0.354952	0.0128648	0.0159243	0.00333086	0.000185903	0.00546257
162	0.00728647	0.00238752	0.00882301	0.00399365	0.422583	0.0117302	0.0247905	0.0394386	0.0036889	0.019445	0.0144912	0.00904014	0.00185044	0.0049829	0.0172957	0.0121312	0.0199138	0.00461226	0.0234154	0.3481
163	0.0820911	0.0533554	0.00571001	0.0401087	0.00328619	0.00353667	0.00261253	0.186538	0.0145253	0.146257	0.024147	0.00839643	0.00142967	0.00501674	0.00368694	0.00630565	0.0992158	0.311748	0.000715314	0.00131797
164	0.0780614	0.00139139	0.0700609	0.133913	0.00131495	0.0453607	0.0113805	0.0158087	0.135895	0.0139468	0.00984355	0.0858626	0.00439629	0.0974082	0.0407642	0.122035	0.106711	0.0243456	0.000381413	0.00111861
165	0.0711191	0.0127078	0.00675079	0.0130443	0.0137595	0.00914784	0.00838761	0.0944959	0.0168419	0.426389	0.11159	0.0182787	0.0189206	0.0252266	0.012536	0.0291669	0.0354815	0.0707225	0.00139441	0.00403884
166	0.0441	0.00560323	0.0129305	0.0114823	0.0192744	0.613356	0.015083	0.00871544	0.0114789	0.00925677	0.00637946	0.0247193	0.00413877	0.0193424	0.0259772	0.0828311	0.0143492	0.0139172	0.0319227	0.0251417
167	0.0170168	0.00818112	0.00292494	0.00620901	0.024476	0.00322131	0.00526548	0.482455	0.00665615	0.10853	0.0269897	0.0113788	0.00161977	0.00972418	0.00604087	0.011152	0.0332264	0.219285	0.00136991	0.0142775
168	0.0122874	0.000913868	0.446298	0.411983	0.00357097	0.0307236	0.00308271	0.00119853	0.00856583	0.00333	0.00163975	0.0268335	0.000592982	0.0211446	0.0054832	0.0134958	0.00429923	0.00364809	0.000349184	0.0005595
169	0.0929859	0.00215428	0.00149107	0.00524321	0.00177743	0.0049115	0.0147824	0.00433073	0.0176446	0.0320936	0.00891677	0.0255022	0.608956	0.0326992	0.0263465	0.0497739	0.0223601	0.0328468	0.000529866	0.0146536
170	0.0996767	0.00224	0.00406119	0.00784162	0.00167619	0.00893419	0.014212	0.00442924	0.0248008	0.0270201	0.0062939	0.0305309	0.556624	0.0341826	0.0451224	0.0734679	0.0237757	0.0241444	0.000978912	0.00998724
171	0.0336447	0.00316586	0.0101021	0.0407502	0.0020372	0.00822439	0.00935929	0.00883021	0.408074	0.0150447	0.0081997	0.0341989	0.00658939	0.0450255	0.286869	0.0320032	0.0278977	0.0133078	0.000335818	0.00634026
172	0.0377029	0.00208295	0.0078396	0.00227036	0.00073067	0.780767	0.00605953	0.00132048	0.00597581	0.00161395	0.00101541	0.0161028	0.000948073	0.0119456	0.00584357	0.10288	0.00659926	0.00376476	0.00390056	0.000636575
173	0.00552882	0.00349817	0.00134762	0.00115127	0.0173121	0.00109307	0.00080786	0.598445	0.000949796	0.0489621	0.0102682	0.00668969	0.00033491	0.00277533	0.000967612	0.00166087	0.0166671	0.280927	0.000151726	0.000461674
174	0.0278821	0.00749778	0.00299407	0.00720375	0.0157922	0.00402283	0.0043249	0.126518	0.0149665	0.49725	0.129178	0.0111965	0.0156697	0.013661	0.00715956	0.0104061	0.0267893	0.0742542	0.000697029	0.00253739
175	0.0216444	0.0232292	0.00157132	0.00254798	0.0357928	0.0052345	0.0203462	0.0904327	0.0112024	0.499608	0.163446	0.00854608	0.00120254	0.0212516	0.00996156	0.0124328	0.0226767	0.0391823	0.000490431	0.00920069
176	0.00873251	0.0038779	0.0122346	0.00425149	0.28211	0.0142247	0.0333543	0.0377715	0.00388425	0.0128941	0.0114392	0.0109501	0.00235759	0.00655949	0.0210508	0.0139079	0.02111	0.00587755	0.0326765	0.460736
177	0.0545413	0.00344143	0.0188959	0.0169326	0.00574967	0.668736	0.0101972	0.00389616	0.0145058	0.0074398	0.00461032	0.0246	0.00190522	0.0207892	0.0134596	0.0999271	0.01352	0.00876458	0.00475733	0.00333097
178	0.091805	0.00189645	0.00377211	0.00769236	0.00175662	0.00521264	0.0145459	0.00431906	0.0163798	0.0308694	0.00696262	0.0281641	0.596759	0.0369281	0.0273926	0.0540284	0.0240976	0.0324098	0.00123567	0.0137724
179	0.0909893	0.00182166	0.00251141	0.00538665	0.00202882	0.0047551	0.0145272	0.00358683	0.0153647	0.0319275	0.00733839	0.0270347	0.612716	0.0323643	0.0248199	0.0505637	0.0238799	0.0331571	0.000598843	0.0146282
180	0.050719	0.00377438	0.0303459	0.016232	0.00710855	0.641148	0.00956764	0.00574479	0.0150336	0.00716582	0.00497455	0.0248992	0.00419426	0.0197205	0.0193962	0.102054	0.0172335	0.010796	0.00409238	0.00579936
181	0.103221	0.026428	0.0181621	0.032416	0.00951254	0.0239581	0.0106917	0.0541898	0.0382847	0.0469071	0.0215988	0.0424346	0.019228	0.0326779	0.0361207	0.149726	0.267495	0.0528222	0.001713	0.0124127
182	0.0596316	0.0155524	0.0386507	0.0262615	0.00700332	0.456786	0.0135423	0.0372495	0.019956	0.0211452	0.0140925	0.0304163	0.00485671	0.0259053	0.0232455	0.0795389	0.0366038	0.0738458	0.00555541	0.010161
183	0.0333041	0.00427142	0.017107	0.0472046	0.00388539	0.0102171	0.00838173	0.0103105	0.392541	0.0169702	0.0076847	0.0370058	0.0132918	0.0447409	0.271962	0.032559	0.0297267	0.0111016	0.00110554	0.006629
184	0.103493	0.0240085	0.0140893	0.0232341	0.00890325	0.0276711	0.0125862	0.060288	0.0336112	0.0544053	0.0313778	0.0392653	0.0180856	0.0289858	0.0331357	0.14715	0.25965	0.0688322	0.00155501	0.00967266
185	0.0264007	0.0091859	0.00694206	0.00811718	0.0254762	0.00509121	0.00606939	0.125411	0.0113897	0.500294	0.129642	0.00982658	0.0070545	0.0161763	0.00675243	0.01228	0.0200537	0.0686177	0.000641009	0.00457886
186	0.099593	0.0869879	0.00634425	0.0113056	0.0109426	0.016814	0.0154109	0.0499764	0.0167356	0.171232	0.0595624	0.0262301	0.00360323	0.0293318	0.0255827	0.120763	0.154752	0.0863233	0.00189851	0.00661078
187	0.471887	0.018352	0.0246852	0.0292803	0.00325481	0.0312806	0.00909031	0.0230058	0.0221373	0.0319739	0.0132469	0.0210789	0.0489312	0.0244684	0.0203917	0.12059	0.0527066	0.0304967	0.000716497	0.00242611
188	0.0215086	0.00136093	0.00156377	0.0279379	0.000677921	0.00435502	0.00443251	0.0015478	0.453977	0.00545031	0.00409832	0.0269504	0.00307959	0.0392086	0.35777	0.0187326	0.0172991	0.00425949	0.000272221	0.00551795
189	0.453366	0.0151949	0.0184947	0.0373246	0.00224823	0.0371556	0.0136804	0.0189092	0.0294055	0.0260232	0.0120949	0.0268374	0.0480964	0.0319767	0.0207994	0.120281	0.0516118	0.0308762	0.00106384	0.00455978
190	0.0179028	0.00932502	0.00289326	0.00590391	0.0153851	0.00243557	0.00196474	0.506988	0.00372679	0.0681032	0.0218739	0.00763816	0.000499708	0.00509101	0.00337033	0.00589037	0.0295578	0.290146	0.000363209	0.000940821
