340	20
1	0.0757096	0.0760066	0.00230251	0.0231045	0.00288676	0.0252585	0.00301526	0.0914028	0.00632312	0.14618	0.0988265	0.00267615	0.00497981	0.00647214	0.00392174	0.019408	0.0209087	0.387926	0.000722557	0.00196814
2	0.0130979	0.00763574	0.00973679	0.010104	0.0121774	0.00379704	0.00277479	0.365294	0.00623376	0.0804214	0.014708	0.00258576	0.00557058	0.00139281	0.0037121	0.0098982	0.0158943	0.418303	0.00388543	0.0127763
3	0.40213	0.0596758	0.00583838	0.00907834	0.0149602	0.00602799	0.00504658	0.155684	0.00582143	0.0178798	0.00510112	0.00510825	0.0106179	0.0128641	0.00947634	0.0567075	0.048566	0.163498	0.00103622	0.00488179
4	0.0124517	0.0132302	0.0040681	0.0106877	0.0431165	0.0076049	0.0108479	0.0634889	0.0174567	0.484384	0.21107	0.00145719	0.00405813	0.0024581	0.0159593	0.00888578	0.0264387	0.0354149	0.0146249	0.012296
5	0.023964	0.0226493	0.00288799	0.00732226	0.00413476	0.00879026	0.00206184	0.294027	0.00624833	0.0532027	0.0284381	0.00217549	0.00899339	0.00247851	0.00341165	0.0119139	0.0114622	0.50137	0.000931008	0.00353723
6	0.0632378	0.00596429	0.0598922	0.0403323	0.0059365	0.559252	0.00652017	0.00531836	0.0271385	0.010015	0.00877164	0.0465843	0.00440153	0.0124152	0.0162859	0.0838815	0.0268676	0.0104229	0.00187994	0.00488246
7	0.0286999	0.0136201	0.00620122	0.0163537	0.048474	0.00817587	0.0139458	0.146423	0.0291786	0.341365	0.101486	0.0079958	0.0073076	0.0160705	0.0244009	0.0184321	0.0223093	0.120606	0.00614915	0.022806
8	0.0703184	0.0165054	0.0351373	0.0537485	0.0151823	0.0316757	0.0250443	0.0248876	0.0402287	0.0389076	0.0203117	0.0315843	0.258571	0.03575	0.0298467	0.118767	0.104335	0.0283151	0.00280132	0.0180811
9	0.223568	0.0870427	0.0151814	0.0150184	0.0194103	0.149311	0.0191671	0.0172074	0.0199919	0.0252429	0.0155908	0.0173683	0.0176481	0.0225928	0.0208367	0.146507	0.103038	0.0472016	0.00277396	0.0153023
10	0.045093	0.0147076	0.0340036	0.0483934	0.00964483	0.0316125	0.04194	0.0142067	0.15474	0.0341266	0.0159844	0.0383127	0.0172515	0.0579443	0.244756	0.11504	0.0444796	0.0235307	0.00472999	0.00950227
11	0.057605	0.0073933	0.0617275	0.0473614	0.00826387	0.509786	0.010524	0.00898764	0.0288104	0.0105248	0.00807925	0.0475035	0.0100313	0.0167795	0.016108	0.0870972	0.0368286	0.0121055	0.00196021	0.0125229
12	0.0316318	0.0126827	0.021341	0.0569554	0.00578972	0.0163506	0.0255772	0.025706	0.347556	0.0432353	0.0155742	0.0215454	0.0127727	0.0566179	0.189974	0.042023	0.0354493	0.0300855	0.00287171	0.00626115
13	0.068661	0.0361569	0.00242721	0.00830741	0.00150165	0.0149645	0.00831276	0.0109574	0.00394437	0.0165467	0.00337193	0.0202927	0.0127858	0.00463551	0.00784624	0.424073	0.302504	0.0431104	0.000716344	0.0088846
14	0.0121811	0.00840453	0.00318662	0.00423989	0.341071	0.00664249	0.0278389	0.0173896	0.0070321	0.0662231	0.0152704	0.00612871	0.00318824	0.0130348	0.00356204	0.013518	0.0101639	0.0225653	0.0168422	0.401517
15	0.0130422	0.0124937	0.0023213	0.010485	0.0229406	0.00233579	0.0087476	0.465984	0.00318878	0.109603	0.202333	0.00259767	0.0161283	0.00295539	0.00339961	0.0203369	0.00700781	0.0707493	0.000687062	0.0226635
16	0.666478	0.00240896	0.00230815	0.00277753	0.00708004	0.11761	0.00263304	0.00267708	0.00335979	0.00410392	0.00234235	0.00291678	0.00381299	0.0161482	0.00289205	0.149552	0.00557923	0.00328735	0.000527829	0.00150492
17	0.0217512	0.0107101	0.00232758	0.00910561	0.00132434	0.0304218	0.119815	0.0127481	0.166947	0.0142858	0.0277567	0.100647	0.00229008	0.0987116	0.25636	0.0470567	0.0616225	0.0137963	0.000560174	0.00176316
18	0.0132069	0.0162531	0.0041978	0.00616188	0.00286232	0.00431989	0.0226463	0.013967	0.481005	0.038641	0.00861722	0.00711762	0.00882179	0.0517205	0.276574	0.0120173	0.0186394	0.010941	0.000559074	0.00173118
19	0.0486105	0.0117947	0.00326512	0.0122942	0.0162057	0.00408907	0.00277223	0.212432	0.0117673	0.300562	0.0488728	0.00312295	0.00350254	0.0127556	0.00697005	0.00990649	0.0096752	0.275535	0.00110976	0.00475749
20	0.212367	0.0869719	0.00402786	0.00776744	0.00451625	0.0386106	0.00654178	0.00803574	0.00523777	0.0167909	0.0159338	0.0087026	0.012031	0.0323859	0.0095025	0.30129	0.161773	0.0618156	0.000879772	0.00481864
21	0.0303479	0.0124307	0.0237586	0.0367185	0.00692026	0.0277977	0.11842	0.0124089	0.12613	0.0216002	0.0149458	0.105323	0.0067494	0.0865157	0.25455	0.047193	0.0368542	0.0172432	0.00120046	0.0128932
22	0.0367513	0.016335	0.0218847	0.0333992	0.0664626	0.0253144	0.138707	0.0316655	0.0485013	0.062231	0.0152821	0.057611	0.0124087	0.0362871	0.105948	0.0550259	0.0522796	0.0303201	0.0062989	0.147287
23	0.0186924	0.00839265	0.00316364	0.0107405	0.135184	0.00459814	0.0101948	0.1323	0.0143025	0.328841	0.10285	0.00513361	0.00574587	0.0105179	0.0140912	0.0127139	0.017341	0.0881106	0.0089002	0.068187
24	0.059218	0.0244415	0.0283761	0.0541709	0.00439855	0.0399587	0.0795685	0.0124743	0.127498	0.0249806	0.0170398	0.0975543	0.0141486	0.106924	0.125436	0.0900312	0.0607623	0.0229642	0.00124666	0.00880821
25	0.0110956	0.0101851	0.00401146	0.00817438	0.210256	0.00716959	0.0133314	0.018245	0.00846671	0.0395278	0.00958697	0.0115185	0.00516837	0.0126762	0.00758234	0.0126509	0.0181294	0.0491125	0.0464635	0.496648
26	0.0354204	0.00459545	0.00271487	0.0247679	0.032531	0.00565353	0.0185104	0.179181	0.0399043	0.188858	0.0692449	0.0226555	0.0013761	0.042374	0.0207362	0.0347644	0.0546005	0.18501	0.00327794	0.0338231
27	0.054485	0.00211097	0.0652562	0.0396769	0.00259811	0.62123	0.00292564	0.00243848	0.0248781	0.00350267	0.00415083	0.0485343	0.00155554	0.00832771	0.0106708	0.0816324	0.0209585	0.0028601	0.00063566	0.00157249
28	0.0104141	0.00711275	0.0166217	0.0163825	0.0184414	0.00206716	0.00308312	0.365422	0.0067459	0.11251	0.0211189	0.00270264	0.00289076	0.00148275	0.00500768	0.0112187	0.0230055	0.35112	0.00564589	0.0170065
29	0.0589622	0.0130378	0.0252984	0.0738035	0.00469132	0.0199974	0.047443	0.00956016	0.143302	0.0377526	0.011663	0.0550151	0.0415331	0.143122	0.103536	0.115219	0.0557827	0.0282749	0.000535673	0.01147
30	0.197795	0.0956723	0.00383116	0.00727059	0.00400306	0.0317293	0.00719959	0.00995587	0.00447996	0.0151774	0.00972632	0.00942689	0.0110087	0.0195155	0.00749436	0.307133	0.19157	0.0606599	0.000664202	0.00568747
31	0.0118804	0.0124959	0.00215184	0.00237151	0.00167355	0.00213406	0.015241	0.0140919	0.542717	0.0316204	0.0072035	0.00153523	0.00880027	0.0503293	0.263224	0.00538281	0.0159299	0.00970632	0.000321944	0.00118907
32	0.0790339	0.0769929	0.00261816	0.0270717	0.00308469	0.0269961	0.00332777	0.0840018	0.00722811	0.133634	0.0973095	0.00335529	0.00513779	0.00690276	0.0041811	0.0216813	0.023773	0.390447	0.000878445	0.00234439
33	0.0220771	0.00230295	0.00186043	0.00388575	0.538615	0.00195241	0.00684015	0.0306942	0.0126215	0.0718957	0.0272113	0.00221483	0.00141531	0.00442552	0.0025631	0.00606936	0.0103241	0.00336431	0.0148505	0.234817
34	0.100509	0.0113844	0.0248094	0.00679057	0.237374	0.0205354	0.192932	0.0064972	0.00708566	0.0194697	0.0168215	0.0289261	0.023573	0.0165847	0.00803062	0.0325051	0.0188594	0.00830412	0.00338258	0.215626
35	0.0197874	0.00584591	0.290804	0.191965	0.00392195	0.0537521	0.0453531	0.000996772	0.0481617	0.00654311	0.00257711	0.129904	0.0220281	0.0251443	0.0218673	0.0851238	0.022874	0.0161603	0.000225354	0.006965
36	0.0188218	0.00327711	0.00154126	0.00390922	0.493565	0.00171993	0.00563826	0.0299888	0.0105536	0.0701886	0.0220219	0.00276493	0.00128569	0.00485251	0.00226562	0.00607538	0.0106494	0.0100946	0.0164396	0.284346
37	0.0119759	0.00721784	0.00245565	0.00475756	0.353979	0.0056791	0.0158186	0.0185741	0.00721139	0.0468089	0.0133975	0.00633927	0.00184435	0.00568623	0.00269323	0.00815126	0.0097239	0.0294447	0.025403	0.422838
38	0.0175922	0.00911962	0.124934	0.0229379	0.00512373	0.0104804	0.0919799	0.00905663	0.139722	0.057388	0.00878256	0.0667528	0.00664131	0.0201853	0.227918	0.117848	0.0175765	0.0371674	0.00169726	0.00709587
39	0.124767	0.00884849	0.0531233	0.0692983	0.0376935	0.0149167	0.0438551	0.0182756	0.0309319	0.0228391	0.00296483	0.0346131	0.282299	0.0425735	0.00962409	0.0673706	0.0798755	0.0532391	0.000681029	0.0022103
40	0.0370778	0.0100399	0.185247	0.321061	0.00380447	0.0282953	0.0268822	0.00582474	0.0485921	0.0216834	0.0131765	0.0769556	0.0176879	0.0674154	0.03185	0.0555294	0.0251643	0.0191244	0.000346637	0.00424207
41	0.140739	0.00214558	0.0553716	0.0316225	0.00412446	0.559419	0.00244488	0.00260701	0.0205565	0.00363897	0.0037169	0.0430105	0.00219028	0.00869173	0.00929024	0.0838259	0.0213492	0.00293833	0.000635993	0.00168093
42	0.0604602	0.00757081	0.00808638	0.0505278	0.017561	0.00633507	0.0206421	0.0863704	0.0885639	0.160159	0.0685899	0.0181689	0.00427637	0.0825957	0.0540052	0.0477631	0.0605252	0.112464	0.012878	0.0324575
43	0.113341	0.00852388	0.0119711	0.100664	0.00436291	0.00994165	0.0221662	0.00863636	0.157406	0.0516906	0.0166979	0.0377336	0.0196371	0.125762	0.180366	0.0383145	0.0594834	0.0261074	0.00143446	0.00576097
44	0.0373739	0.00473774	0.00148124	0.0259184	0.0333288	0.004855	0.0183631	0.174896	0.0390534	0.208087	0.075759	0.0203827	0.00140084	0.0443727	0.0204286	0.0350794	0.0558549	0.165681	0.00252396	0.0304219
45	0.0467051	0.0175559	0.0245745	0.0433072	0.0160568	0.0199362	0.0374009	0.0272507	0.1191	0.0879004	0.0278007	0.0299808	0.0190235	0.0539747	0.22336	0.10359	0.0476774	0.0342533	0.00584751	0.0147045
46	0.0661338	0.0134716	0.0374111	0.119515	0.00406774	0.0222248	0.0530669	0.0088721	0.147583	0.0327538	0.0114811	0.0459045	0.0131035	0.152723	0.111138	0.0869896	0.0376126	0.026449	0.000293731	0.00920493
47	0.241196	0.17961	0.008503	0.00960628	0.0515729	0.0249146	0.01003	0.0640556	0.0116835	0.068496	0.00672048	0.00568248	0.034124	0.0135784	0.00737865	0.0976852	0.0330549	0.124907	0.00143157	0.00577014
48	0.386699	0.107778	0.00597302	0.00858343	0.0304067	0.0154086	0.00597424	0.0742167	0.00840043	0.0376923	0.00499053	0.00541087	0.0149057	0.0230952	0.00890101	0.0691655	0.0590883	0.125699	0.000869908	0.00674216
49	0.0929223	0.00395716	0.0183302	0.0536387	0.00633562	0.00418619	0.0324947	0.11972	0.0867105	0.166985	0.102753	0.026105	0.0033207	0.0250823	0.0745317	0.0741091	0.053402	0.0359788	0.0119813	0.00745569
50	0.167345	0.0214877	0.112687	0.129104	0.00376232	0.00533413	0.0206662	0.0372461	0.00795116	0.0976353	0.036878	0.00630999	0.0194291	0.0398547	0.0244621	0.13519	0.0564952	0.0729389	0.00131855	0.00390512
51	0.406175	0.0914249	0.00602153	0.00935954	0.0193333	0.00959544	0.00601634	0.0837356	0.00589205	0.0293964	0.0103106	0.00433344	0.0208781	0.0156211	0.00798925	0.0624124	0.0494784	0.156772	0.00120208	0.00405234
52	0.0144418	0.0041654	0.00156466	0.00713876	0.0817157	0.00233921	0.00294964	0.213146	0.00476413	0.393926	0.112016	0.00153559	0.00316508	0.00578107	0.00425888	0.00598311	0.00730652	0.127322	0.0022964	0.00418475
53	0.0768579	0.00211358	0.113837	0.227712	0.00203006	0.0274858	0.0338388	0.0029484	0.146754	0.0192393	0.00732082	0.0657655	0.00091389	0.109414	0.0728303	0.0603931	0.0160566	0.0135156	0.000124377	0.000849329
54	0.0142585	0.00684116	0.40111	0.102053	0.00314374	0.0251478	0.0204888	0.00213737	0.0280195	0.00974712	0.00286761	0.206808	0.0124477	0.0342924	0.0178118	0.0751082	0.0211018	0.0124634	0.000480181	0.00367139
55	0.0743142	0.0382129	0.00210486	0.0149838	0.00774334	0.0107014	0.00233106	0.150425	0.00921599	0.256998	0.0858016	0.00243544	0.00398446	0.0100528	0.00516562	0.0147791	0.0103291	0.297803	0.000698873	0.00191963
56	0.0377107	0.0277939	0.203945	0.0902051	0.0514681	0.0584856	0.0502712	0.0125723	0.0334218	0.0272367	0.0133169	0.0947867	0.021203	0.027082	0.0290586	0.114284	0.0438396	0.0221908	0.00251841	0.0386093
57	0.42556	0.00979981	0.0115984	0.0125992	0.0629776	0.249633	0.00841597	0.00826818	0.0115686	0.0135996	0.00827415	0.0118397	0.0101078	0.0148245	0.0111591	0.0806718	0.0229459	0.0111218	0.0019672	0.0130676
58	0.0434916	0.0532955	0.011433	0.0291428	0.0160303	0.020786	0.0328208	0.0249811	0.0385274	0.0939499	0.0679199	0.0568368	0.0834387	0.0785286	0.0418337	0.0903135	0.164732	0.0272159	0.00399293	0.0207293
59	0.0327981	0.0253555	0.0203569	0.0417528	0.0175692	0.0216607	0.191662	0.0200794	0.068052	0.0559011	0.0236419	0.143667	0.0118054	0.09019	0.097503	0.0417486	0.0418522	0.0284349	0.00288763	0.0230817
60	0.0784237	0.0427093	0.00282974	0.00836895	0.00197857	0.0198021	0.00878906	0.0132913	0.00349568	0.0197626	0.00433186	0.0222577	0.01436	0.00660582	0.00687141	0.412184	0.27515	0.0484949	0.000574864	0.00971898
61	0.0166118	0.00233382	0.00179335	0.00805227	0.00162771	0.00697926	0.00770052	0.0254257	0.00884485	0.0042487	0.00848487	0.0147789	0.00733843	0.002796	0.0386798	0.12885	0.688031	0.0165959	0.0085674	0.00225961
62	0.029647	0.0201355	0.0153623	0.0422384	0.0245792	0.00239766	0.00761313	0.0384864	0.229456	0.0709713	0.0346402	0.00756112	0.0169195	0.0578958	0.285718	0.0255052	0.0275304	0.0470606	0.00937937	0.00690285
63	0.0729452	0.000990904	0.184359	0.514836	0.00650702	0.0156842	0.00161952	0.0032089	0.0546028	0.00319369	0.00546779	0.0184516	0.0264983	0.0396889	0.0037923	0.0266778	0.0117916	0.00735025	0.00022726	0.0021066
64	0.0663472	0.0148974	0.0185961	0.0874525	0.0321386	0.0147412	0.0304459	0.0407454	0.0812951	0.0431767	0.0169401	0.0226388	0.0169489	0.167886	0.18972	0.0769937	0.0352784	0.0288363	0.00445343	0.0104681
65	0.0479443	0.0119239	0.0237323	0.0371568	0.00856671	0.112996	0.0506687	0.0132794	0.128454	0.0275139	0.0173676	0.05236	0.0155627	0.0660728	0.244149	0.0709201	0.0396228	0.0182115	0.0053478	0.00814879
66	0.0768579	0.00211358	0.113837	0.227712	0.00203006	0.0274858	0.0338388	0.0029484	0.146754	0.0192393	0.00732082	0.0657655	0.00091389	0.109414	0.0728303	0.0603931	0.0160566	0.0135156	0.000124377	0.000849329
67	0.0178392	0.0116372	0.00772916	0.0209313	0.0392252	0.00811711	0.0148141	0.0561968	0.0149877	0.434935	0.220485	0.00274676	0.00483611	0.0034978	0.018324	0.013984	0.0370155	0.034309	0.027075	0.0113142
68	0.0160753	0.00668186	0.0105211	0.0120813	0.0114069	0.00266993	0.00281342	0.347651	0.00615488	0.130614	0.0183673	0.00253227	0.00380679	0.00238446	0.00409105	0.0100654	0.0160478	0.381925	0.00367257	0.0104372
69	0.0347611	0.00433272	0.00114212	0.0260246	0.0376059	0.00454156	0.0218801	0.165342	0.039172	0.203704	0.0748897	0.0224762	0.00134407	0.0475718	0.0241356	0.0351476	0.0573964	0.159921	0.00276709	0.035845
70	0.0372763	0.00533323	0.238585	0.208126	0.0048824	0.0394898	0.0401852	0.00158525	0.0808018	0.00983336	0.00435788	0.106419	0.0123915	0.0503305	0.038124	0.0782594	0.0226349	0.017128	0.000156321	0.00410037
71	0.0189146	0.0077169	0.00446743	0.024099	0.0902348	0.00606209	0.115307	0.0741394	0.0455309	0.12663	0.00990435	0.0283893	0.00606443	0.0105829	0.132836	0.0514655	0.0655628	0.0566032	0.00176806	0.123722
72	0.113563	0.29631	0.00799531	0.00947251	0.0525558	0.0628024	0.00739276	0.0724085	0.0252576	0.0943934	0.00732961	0.00507852	0.0170042	0.0121882	0.00721487	0.0522923	0.0201447	0.129358	0.00145395	0.00578394
73	0.0120293	0.010381	0.0035017	0.00947593	0.0590445	0.00613854	0.00833928	0.108914	0.0131853	0.446641	0.193269	0.00148582	0.00427754	0.00294136	0.0121827	0.00847675	0.0230265	0.0552103	0.0116098	0.00986981
74	0.0213665	0.00231945	0.00167551	0.0037264	0.536954	0.0018829	0.00640917	0.0300594	0.0122943	0.0712804	0.0261033	0.00218291	0.00130496	0.0043545	0.00238324	0.00597343	0.0103245	0.00351238	0.0151216	0.240771
75	0.0164077	0.00891293	0.00611576	0.00677858	0.00725693	0.00430798	0.00240588	0.374853	0.0044581	0.066682	0.0140162	0.00241964	0.00752383	0.00103477	0.00273384	0.00930783	0.0119873	0.444069	0.00223564	0.00649321
76	0.0541629	0.010132	0.1254	0.235348	0.00627768	0.192025	0.0193978	0.0111249	0.0540924	0.0177131	0.0110802	0.0517113	0.0205628	0.0480545	0.0288181	0.0624714	0.0264279	0.0189143	0.000963792	0.00532174
77	0.0839981	0.192919	0.0173552	0.0579082	0.0203175	0.0314404	0.0206755	0.0324968	0.0251423	0.0446267	0.0184533	0.0175956	0.0225694	0.0251503	0.024389	0.177744	0.0636371	0.104415	0.00286665	0.0162998
78	0.0102438	0.00731859	0.015687	0.0159572	0.0181803	0.00215051	0.00290326	0.365166	0.00675221	0.111768	0.0192872	0.00269535	0.00282637	0.00136339	0.00465553	0.0107362	0.021871	0.357982	0.00579928	0.0166565
79	0.0682059	0.189743	0.0476951	0.0265944	0.0230815	0.0244114	0.0147136	0.056432	0.0245677	0.127419	0.0280142	0.0128687	0.0604562	0.0198473	0.0184827	0.0555713	0.0305448	0.155346	0.00371438	0.0122903
80	0.0194787	0.00588566	0.291689	0.191319	0.00389259	0.0540319	0.0455939	0.000981107	0.0476213	0.00651731	0.00255462	0.130462	0.0223141	0.0245673	0.0215616	0.0853265	0.022807	0.0161208	0.000228311	0.00704754
81	0.00587811	0.00767908	0.483875	0.0362241	0.00270462	0.0161735	0.00547012	0.00293636	0.00708849	0.0105938	0.0024312	0.286018	0.0101326	0.0206611	0.0101431	0.0664737	0.0130842	0.00952502	0.000703906	0.00220384
82	0.0995497	0.0107533	0.0475543	0.0826494	0.0214309	0.0176467	0.0398396	0.023369	0.0740391	0.0290907	0.00705217	0.0344677	0.189665	0.0904483	0.0391138	0.0786301	0.067882	0.0404324	0.000820234	0.00556571
83	0.0373203	0.00524222	0.238134	0.207745	0.00491652	0.0396326	0.0400599	0.00155356	0.0811994	0.00989292	0.00425545	0.106576	0.0122797	0.0503639	0.0381268	0.0781955	0.0228844	0.0174303	0.000155909	0.00403575
84	0.0114119	0.00598589	0.0132345	0.0130238	0.0129696	0.00255776	0.00288507	0.366734	0.00595356	0.102938	0.0149129	0.00266108	0.00343267	0.00101112	0.00430438	0.01127	0.0200146	0.387422	0.00458409	0.0126937
85	0.0115445	0.00624255	0.0118686	0.0126882	0.0120669	0.00275523	0.00295852	0.364846	0.00547593	0.0991057	0.0146703	0.00275681	0.00372998	0.00110431	0.00386856	0.0101135	0.017787	0.400612	0.00408995	0.0117159
86	0.0551467	0.010292	0.0796674	0.420127	0.00144164	0.0130594	0.0172301	0.0116195	0.0554153	0.0356942	0.0277631	0.0361671	0.00270075	0.125815	0.0372554	0.0269839	0.0230818	0.0176866	0.000399435	0.00245424
87	0.247623	0.0201342	0.00461114	0.143419	0.00363939	0.0198403	0.0354163	0.00631371	0.00763672	0.00998923	0.00534408	0.0285661	0.00355438	0.104203	0.0838841	0.164665	0.0973562	0.00855267	0.00137874	0.00387241
88	0.041958	0.0240596	0.0129927	0.0243023	0.021115	0.0275075	0.0372212	0.0682354	0.0251963	0.0494989	0.0217761	0.0876216	0.0200989	0.028349	0.0317678	0.160971	0.200038	0.0448484	0.00434379	0.0680985
89	0.011152	0.0069373	0.013684	0.0141203	0.0171447	0.00245272	0.00288124	0.366383	0.00624409	0.106704	0.018083	0.00267225	0.00326505	0.00137094	0.00429718	0.0102916	0.0199557	0.371471	0.00526508	0.0156251
90	0.0472627	0.00502184	0.00525585	0.0218838	0.00638223	0.00417313	0.0199065	0.0524189	0.197525	0.155413	0.108416	0.0149833	0.00434835	0.0546907	0.121114	0.0295297	0.0748155	0.0620558	0.00274617	0.012057
91	0.0728375	0.00101284	0.183828	0.515311	0.00648092	0.0155958	0.00162254	0.00319296	0.0548195	0.00322932	0.00550178	0.0184232	0.0262077	0.0399319	0.00379607	0.0266892	0.011823	0.00733508	0.000239817	0.00212182
92	0.0333771	0.00717118	0.00249144	0.0243321	0.0311949	0.00533437	0.0217627	0.180307	0.0406748	0.190464	0.0790108	0.0185345	0.00254652	0.0387103	0.0229914	0.0313017	0.0528741	0.184657	0.00304841	0.0292159
93	0.0722629	0.0453717	0.0116901	0.0662118	0.0163161	0.0124391	0.0213735	0.0424804	0.173199	0.135816	0.0317769	0.0177037	0.0115103	0.0402427	0.0608064	0.0394769	0.0977134	0.0835036	0.00449433	0.0156105
94	0.0342132	0.00427619	0.00119227	0.0256919	0.0371674	0.00456324	0.0219701	0.166859	0.0385977	0.203908	0.0737327	0.0224697	0.00137962	0.047536	0.0247159	0.035289	0.0572074	0.161194	0.00288416	0.0351519
95	0.0216567	0.0821629	0.0733775	0.0218661	0.0579444	0.128476	0.0750851	0.00949232	0.00506543	0.034631	0.0165354	0.0637437	0.00291966	0.0053744	0.0231875	0.207309	0.0914595	0.0119529	0.001041	0.0667198
96	0.0228586	0.0833831	0.073896	0.0236683	0.0580515	0.126418	0.0770854	0.00994702	0.00564475	0.0329267	0.0160144	0.0628629	0.00320192	0.00576625	0.0226229	0.208168	0.0886896	0.012566	0.00112256	0.065106
97	0.426374	0.0143785	0.00737663	0.0182574	0.0120216	0.147062	0.0170944	0.00671917	0.034384	0.0159567	0.00602667	0.0125197	0.0638824	0.0131	0.0407514	0.112186	0.0332259	0.0113822	0.0017453	0.00555538
98	0.0410963	0.0150204	0.122062	0.084616	0.0126249	0.0210493	0.0340494	0.0235337	0.133381	0.0418464	0.0201406	0.0476681	0.017043	0.098391	0.0695545	0.0606225	0.0406917	0.0702299	0.00452486	0.0418553
99	0.0124161	0.00854715	0.00338223	0.0114051	0.2919	0.00562235	0.0189346	0.0179366	0.00612171	0.0385479	0.0101796	0.00789852	0.00301065	0.00700869	0.00403289	0.00838359	0.00998657	0.0369306	0.0310231	0.466732
100	0.0430446	0.0170615	0.0190249	0.0580022	0.0202441	0.00289053	0.010335	0.0635219	0.232515	0.0794259	0.0419558	0.00873275	0.0143496	0.0692174	0.137887	0.0262528	0.0446844	0.0861223	0.00903472	0.0156972
101	0.0655249	0.00681006	0.100542	0.318958	0.00191566	0.0203804	0.0259118	0.00794615	0.0985895	0.0264855	0.0158119	0.0525396	0.00152273	0.118274	0.0554826	0.04344	0.0205225	0.0174998	0.000262205	0.00158096
102	0.586212	0.0385308	0.00652397	0.014049	0.017793	0.00252921	0.0037466	0.0589234	0.0136469	0.0115895	0.00239825	0.0109156	0.00771738	0.00927696	0.017615	0.0628777	0.0314987	0.0984916	0.000574107	0.00509009
103	0.0354693	0.00569085	0.00128657	0.0267216	0.0362728	0.0049061	0.0189724	0.163662	0.0402238	0.21672	0.0815684	0.0211318	0.00145806	0.0428111	0.02057	0.0329408	0.0566142	0.159233	0.00295858	0.0307876
104	0.0768206	0.00248198	0.114835	0.236299	0.00199981	0.0271963	0.0327392	0.00346273	0.139677	0.0202996	0.00882089	0.0648078	0.00079318	0.109848	0.0693087	0.0582117	0.0164883	0.0149768	0.000133735	0.000799156
105	0.059344	0.0062983	0.18246	0.207564	0.00453638	0.0408732	0.0351999	0.00518107	0.0989095	0.0176121	0.0077431	0.0903288	0.0159939	0.0656267	0.0471096	0.0694976	0.0239265	0.0163312	0.000830812	0.00463395
106	0.0139627	0.00378335	0.00172901	0.00712328	0.095505	0.00228407	0.00271194	0.223647	0.00396397	0.389102	0.0959122	0.00198365	0.00285782	0.00680293	0.00404777	0.00648846	0.00646931	0.126237	0.00163309	0.00375633
107	0.0447231	0.00500516	0.00556618	0.0239308	0.0070565	0.00437257	0.0218576	0.0572425	0.191706	0.151631	0.112917	0.0140307	0.00408625	0.0564737	0.112443	0.0306278	0.0701842	0.0684472	0.00300943	0.0146897
108	0.0653543	0.0105743	0.0421113	0.125592	0.00362356	0.0223774	0.0482497	0.00764338	0.156183	0.0354735	0.0098451	0.0508055	0.0156999	0.146175	0.108917	0.0822373	0.0367834	0.0235817	0.000197285	0.00857566
109	0.0312413	0.0110133	0.0280376	0.0449239	0.00522089	0.0244068	0.00960788	0.00860005	0.287265	0.0377719	0.007494	0.0084082	0.0198678	0.0243815	0.317233	0.0784233	0.0317971	0.0151233	0.00644375	0.00273978
110	0.0454554	0.0180323	0.0024137	0.0139143	0.026609	0.00587725	0.00535238	0.23405	0.0120153	0.247751	0.0967394	0.00479635	0.00538375	0.0130415	0.00715947	0.0149719	0.0155884	0.219894	0.00153103	0.00942342
111	0.0768757	0.00220597	0.11377	0.230804	0.00201658	0.0272234	0.0337976	0.00309007	0.1451	0.0195634	0.00752803	0.0653144	0.000893283	0.10951	0.0717833	0.0598557	0.0160602	0.0136412	0.000123057	0.0008442
112	0.0146244	0.0496576	0.0363132	0.0354827	0.0174744	0.00890412	0.273631	0.00916257	0.0467879	0.0207742	0.0287521	0.234187	0.00612415	0.027563	0.060126	0.0423709	0.0167627	0.0350578	0.00161681	0.0346277
113	0.024526	0.0110668	0.00438926	0.0209682	0.0674235	0.00611811	0.0207198	0.106923	0.027589	0.185062	0.056092	0.015387	0.00678368	0.0294275	0.0243131	0.0271376	0.0520048	0.128617	0.0104327	0.175019
114	0.0200596	0.00222072	0.00957448	0.243585	0.0018489	0.00653159	0.0329793	0.0296786	0.322094	0.0126467	0.0092248	0.0355364	0.00206609	0.103834	0.128494	0.00487132	0.0248728	0.00349615	0.000701606	0.00568379
115	0.111365	0.0208375	0.0187858	0.044332	0.00361065	0.00959869	0.0232977	0.00845183	0.0369447	0.0577677	0.0357366	0.0813105	0.0104546	0.0715097	0.0580333	0.177693	0.154074	0.0547709	0.00205392	0.0193722
116	0.0123107	0.0125622	0.00505942	0.0095802	0.163016	0.00603475	0.0109575	0.0467422	0.0109733	0.048495	0.0121402	0.0108326	0.00435027	0.0118961	0.0111699	0.0177532	0.0202412	0.0936633	0.0307122	0.46151
117	0.0386522	0.0146524	0.0575847	0.49245	0.00228597	0.00699738	0.011446	0.0133227	0.0318614	0.0381134	0.0296593	0.0228006	0.00385417	0.139047	0.0242358	0.0206662	0.0295864	0.0187504	0.000792105	0.00324177
118	0.0586258	0.00718606	0.00742759	0.0234448	0.00419808	0.0148276	0.00637248	0.00895998	0.0127189	0.0292476	0.0263538	0.0112926	0.351172	0.0106539	0.0248751	0.167697	0.220199	0.00783018	0.00106815	0.00584946
119	0.0126324	0.017768	0.00320383	0.00955762	0.0258275	0.00263001	0.00689986	0.380829	0.00434039	0.201066	0.140976	0.00263307	0.0222081	0.00386815	0.00380184	0.0150893	0.0108498	0.110119	0.00174914	0.0239503
120	0.0371212	0.00688274	0.0378971	0.0444212	0.00208629	0.0356058	0.00427469	0.00327451	0.318569	0.0201833	0.002857	0.00312004	0.0274444	0.005451	0.284121	0.102452	0.0406376	0.0117109	0.00957334	0.00231679
121	0.0194787	0.00588566	0.291689	0.191319	0.00389259	0.0540319	0.0455939	0.000981107	0.0476213	0.00651731	0.00255462	0.130462	0.0223141	0.0245673	0.0215616	0.0853265	0.022807	0.0161208	0.000228311	0.00704754
122	0.0112015	0.0211022	0.00397756	0.00971879	0.0368867	0.0102401	0.0158929	0.0499189	0.0230119	0.494791	0.182214	0.00168689	0.00444747	0.00229075	0.0236562	0.0086782	0.0253276	0.0362515	0.0173507	0.0213551
123	0.0593218	0.0345532	0.0134394	0.0134338	0.00410479	0.0473542	0.00959098	0.0124437	0.0213618	0.0228914	0.0106632	0.0337282	0.129078	0.0136672	0.0124133	0.319308	0.208548	0.0216956	0.00145401	0.0109504
124	0.021662	0.00228472	0.00181558	0.00381837	0.539892	0.00194534	0.00644316	0.0302579	0.0125643	0.0716851	0.027072	0.00216799	0.00135382	0.00435144	0.00253849	0.00600784	0.0102894	0.00306817	0.0148979	0.235884
125	0.0254534	0.0337154	0.00372731	0.0108596	0.0161739	0.00582825	0.0054397	0.351283	0.00405367	0.151386	0.135746	0.00224562	0.0214566	0.00280649	0.0030398	0.0153566	0.011322	0.180607	0.00136473	0.0181343
126	0.0129631	0.0124057	0.00228117	0.00620016	0.00225409	0.00327187	0.0167332	0.0173533	0.505973	0.0304187	0.00797962	0.00522501	0.00905119	0.0601736	0.262328	0.00793077	0.0217599	0.0135448	0.000448009	0.0017049
127	0.0164219	0.00931711	0.00569554	0.00657045	0.00693538	0.00445632	0.00241018	0.370112	0.00471807	0.0650137	0.0152786	0.00227104	0.00765687	0.00119497	0.0028602	0.00954527	0.0118803	0.449405	0.00193936	0.00631775
128	0.0118399	0.0123498	0.00217762	0.0117874	0.0298919	0.00231986	0.00949197	0.447455	0.00355128	0.118174	0.191481	0.00264994	0.0160665	0.00342663	0.00351062	0.0199789	0.00792298	0.0798715	0.000845618	0.0252069
129	0.004692	0.00799351	0.492261	0.0234422	0.00288882	0.00975598	0.00294111	0.00303106	0.00378811	0.010893	0.00250058	0.309842	0.0081929	0.0202085	0.00956607	0.0635241	0.0126002	0.0091986	0.000765524	0.00191429
130	0.0522606	0.0173579	0.00254135	0.0251841	0.0355914	0.0131383	0.0171309	0.147612	0.0352734	0.188037	0.071554	0.0197865	0.00336185	0.0465253	0.0197215	0.0467741	0.0592089	0.169004	0.00256599	0.0273711
131	0.0539196	0.00211645	0.0651748	0.0393983	0.00250002	0.619062	0.00318374	0.00253545	0.0253498	0.00367352	0.00418017	0.0485789	0.00160647	0.00832099	0.0109894	0.0831698	0.0208863	0.00309851	0.000689487	0.00156624
132	0.0643778	0.0152095	0.0260031	0.0980177	0.00474974	0.0226761	0.0522023	0.009481	0.144683	0.0334935	0.0108709	0.0440949	0.0154615	0.156001	0.120739	0.0985802	0.0422471	0.0297255	0.00040849	0.0109776
133	0.0596345	0.0170573	0.0277227	0.0932845	0.00468639	0.0273031	0.0487513	0.0094093	0.150726	0.0304607	0.0134955	0.0404691	0.0148164	0.152956	0.122519	0.104004	0.0440229	0.0280785	0.000578859	0.0100247
134	0.00785604	0.0175976	0.00263	0.00693183	0.194111	0.00342476	0.00496829	0.0214398	0.00517912	0.0379641	0.00436444	0.00834564	0.00293382	0.00743202	0.00526851	0.00973048	0.0104408	0.106026	0.0277597	0.515596
135	0.0346885	0.00435988	0.00127436	0.0273036	0.0364879	0.00470773	0.0206173	0.16627	0.0389705	0.203606	0.0760662	0.0218317	0.00132241	0.0467568	0.0221495	0.0344881	0.0579428	0.163927	0.00270563	0.0345243
136	0.498338	0.0496515	0.00674097	0.0104269	0.0144054	0.00392835	0.00455416	0.11308	0.00698562	0.0115625	0.00317555	0.00664547	0.009126	0.0112694	0.0112585	0.0575412	0.0460652	0.129446	0.000790264	0.0050093
137	0.0193998	0.0499404	0.0179789	0.0234921	0.0285106	0.0114152	0.306528	0.0125918	0.0294793	0.021675	0.0202109	0.226725	0.00567645	0.0516244	0.065897	0.0287767	0.0247513	0.0292302	0.00226187	0.0238351
138	0.0198373	0.0066742	0.00187417	0.00578105	0.00168301	0.0347744	0.104517	0.00716331	0.153644	0.00844812	0.0153193	0.102966	0.00308042	0.110892	0.35498	0.0265604	0.0320776	0.0071936	0.000657968	0.00187538
139	0.0133136	0.00659305	0.00941173	0.010017	0.0103193	0.00326442	0.00357798	0.366173	0.00537894	0.0901054	0.0139118	0.00351515	0.00505278	0.00117613	0.00334391	0.00964706	0.0153311	0.416532	0.00353285	0.00980277
140	0.0713757	0.00987176	0.0491604	0.147684	0.00451271	0.0211857	0.0463643	0.0157078	0.127512	0.0406773	0.0174799	0.0418113	0.00898547	0.148528	0.0938137	0.081848	0.0310474	0.0335615	0.00101057	0.00786178
141	0.0543799	0.00223603	0.0653685	0.0394999	0.00274401	0.620382	0.00297426	0.00243705	0.0248072	0.0035779	0.00419053	0.0485095	0.00156375	0.00831978	0.0106264	0.0821051	0.0210917	0.00288431	0.000634212	0.00166767
142	0.0418102	0.012474	0.00986237	0.00931584	0.102222	0.0485674	0.135764	0.00793144	0.00921962	0.0187896	0.0131621	0.0464378	0.0244282	0.0562526	0.0120938	0.0345396	0.0845306	0.0103034	0.0207841	0.301512
143	0.050804	0.00943818	0.0028547	0.0134167	0.00938755	0.0035716	0.00220645	0.205701	0.0139136	0.306941	0.0489259	0.00237099	0.00245272	0.0129434	0.00651839	0.00880389	0.00764069	0.287905	0.000879306	0.00332475
144	0.0687447	0.00815993	0.0932731	0.390394	0.00275345	0.0151642	0.0184401	0.0082674	0.0693381	0.0259037	0.018027	0.0397639	0.00683556	0.116318	0.0386909	0.0397692	0.0219942	0.0150913	0.00033765	0.00273319
145	0.192701	0.0239339	0.00962839	0.0157165	0.00303725	0.026705	0.0096804	0.00903079	0.0110032	0.034615	0.00730764	0.0135376	0.0262794	0.0147251	0.0335477	0.327398	0.208224	0.0245559	0.00103843	0.00733437
146	0.0349435	0.00763875	0.0344071	0.0415261	0.00246242	0.0357926	0.00486347	0.00360872	0.322085	0.0208736	0.00368676	0.00372311	0.0253808	0.00713447	0.285037	0.105141	0.0381069	0.0122178	0.00864261	0.00272855
147	0.0170133	0.0062275	0.00913418	0.00889787	0.00921017	0.00453271	0.00269245	0.38693	0.00661811	0.0764621	0.014273	0.00264972	0.00706108	0.00151183	0.00434299	0.018312	0.0190735	0.394409	0.0023966	0.0082518
148	0.0571777	0.011889	0.00225451	0.0126591	0.012164	0.00420218	0.00253599	0.197913	0.0117078	0.31697	0.0526527	0.00260454	0.0027342	0.0127548	0.00647603	0.0096348	0.0075768	0.272142	0.000735193	0.00321619
149	0.0431801	0.0296334	0.0248301	0.0144992	0.131618	0.169654	0.0646196	0.0115769	0.0102434	0.0271719	0.0160926	0.0317908	0.0137313	0.0228061	0.0140163	0.0611679	0.0729933	0.0164026	0.0079437	0.216029
150	0.004875	0.00879123	0.00162791	0.00615228	0.220195	0.00258485	0.00391444	0.0133349	0.00353203	0.0297127	0.0027774	0.00803595	0.0016486	0.00602534	0.00283642	0.00663034	0.00861637	0.0538483	0.0414428	0.573418
151	0.0189074	0.00389939	0.00140354	0.006977	0.0740281	0.00234544	0.00267673	0.206751	0.00539754	0.408236	0.0979909	0.00179025	0.00236673	0.0075405	0.0044912	0.00607771	0.00691648	0.13674	0.00173481	0.00372993
152	0.0551611	0.0213204	0.0120056	0.0198269	0.0100017	0.108049	0.0233096	0.0173119	0.03342	0.0334868	0.116101	0.0276954	0.0297802	0.0772537	0.0441497	0.266727	0.0550212	0.0228126	0.0125269	0.0140386
153	0.0428221	0.0341997	0.0759509	0.0453764	0.0284676	0.100062	0.0938005	0.015006	0.0398482	0.0259306	0.0169348	0.0885471	0.0160951	0.0322985	0.0552121	0.137574	0.0870155	0.0197635	0.00312812	0.0419667
154	0.016699	0.0158991	0.0041068	0.0129692	0.0270696	0.00636174	0.012356	0.277389	0.00982288	0.235848	0.155054	0.00501976	0.0391381	0.00845614	0.00902584	0.0196546	0.0281101	0.0860537	0.00538458	0.0255826
155	0.0230044	0.0118374	0.0161606	0.0172871	0.00459948	0.0248909	0.129757	0.0162799	0.141617	0.0250896	0.0227147	0.0927152	0.00418818	0.0783129	0.232164	0.0623097	0.0619521	0.0272755	0.000935697	0.00690887
156	0.0167821	0.00843093	0.00387602	0.00441985	0.00487909	0.00744639	0.00214977	0.382132	0.00565216	0.0474349	0.0131498	0.00234806	0.013194	0.00126673	0.00333583	0.0128971	0.0122132	0.452913	0.00116601	0.00431283
157	0.0247688	0.011576	0.00448729	0.0247364	0.00658221	0.0248845	0.106141	0.0505088	0.118335	0.0779025	0.0518734	0.0540244	0.00449351	0.0825081	0.15451	0.0415903	0.100362	0.0508621	0.00187362	0.00798018
158	0.0529114	0.0131292	0.0215943	0.081931	0.00913895	0.0194724	0.0514165	0.0133052	0.143531	0.0497848	0.0155533	0.0411123	0.0453315	0.145243	0.107899	0.0882407	0.0581527	0.0285051	0.00127637	0.0124716
159	0.0197523	0.00692425	0.00255566	0.00801246	0.0019638	0.0318623	0.10009	0.00769488	0.160322	0.0102601	0.014253	0.0941259	0.0036637	0.110624	0.359974	0.0260549	0.0306206	0.00806257	0.000740605	0.00244299
160	0.083684	0.0397176	0.00255604	0.00928814	0.00157377	0.0165631	0.00951915	0.00997831	0.00292505	0.0188944	0.00337525	0.018881	0.0135945	0.00526294	0.0061942	0.419842	0.279669	0.047115	0.00051407	0.0108524
161	0.0127757	0.00419688	0.00348834	0.00868608	0.073976	0.00172662	0.00248387	0.286223	0.00399499	0.300181	0.0832462	0.00193662	0.00374826	0.00548869	0.00305716	0.00769611	0.00812296	0.18138	0.00142278	0.00616999
162	0.00755223	0.00745804	0.00162448	0.00579451	0.270868	0.00243953	0.00367373	0.0149936	0.00498065	0.0334608	0.00625199	0.00717494	0.00154479	0.00536087	0.00279315	0.00640695	0.00940346	0.0438269	0.0414236	0.522968
163	0.0126883	0.00356244	0.0022452	0.00774599	0.142343	0.00304709	0.00352285	0.231693	0.00387446	0.343721	0.0864981	0.00279752	0.00309546	0.0066358	0.00384782	0.00877291	0.0065931	0.108692	0.00161851	0.0170062
164	0.0760034	0.0412522	0.00212486	0.00805466	0.00173968	0.0161758	0.00806833	0.0102006	0.00298228	0.0166373	0.00348168	0.0196011	0.011897	0.00540722	0.00609722	0.434614	0.278644	0.0475363	0.000404647	0.00907765
165	0.0391701	0.0108516	0.0201821	0.0559721	0.00775545	0.0222363	0.0546844	0.0171759	0.163897	0.035464	0.0166797	0.052173	0.0123899	0.11733	0.267323	0.0440456	0.0337354	0.0200456	0.0021964	0.0066929
166	0.244288	0.0234756	0.0288989	0.0606021	0.0279514	0.0385865	0.0963322	0.0255537	0.051921	0.0332448	0.0178488	0.0336336	0.0276257	0.0438953	0.0485777	0.0811221	0.0501145	0.036374	0.00410647	0.0258476
167	0.177306	0.00897415	0.049528	0.0393195	0.00826349	0.443568	0.00923291	0.00778022	0.0276735	0.00968711	0.0068927	0.0379197	0.00910444	0.0135673	0.0187157	0.0886641	0.0243486	0.0124446	0.00151725	0.00549288
168	0.0582742	0.00800752	0.135543	0.370608	0.00702064	0.0250982	0.0178919	0.0129704	0.0673466	0.0256574	0.0162727	0.0392287	0.0188326	0.0691205	0.0305496	0.0423641	0.0240483	0.0237645	0.00113833	0.0062622
169	0.063925	0.036892	0.00215351	0.00850758	0.00168063	0.0147882	0.00843731	0.0120028	0.00362377	0.0156344	0.0032261	0.0227745	0.0117924	0.00420857	0.00746392	0.420094	0.308948	0.0440132	0.00088295	0.00895086
170	0.0454932	0.0135621	0.0706364	0.472793	0.00183527	0.00776177	0.0146371	0.0156245	0.0302756	0.0426879	0.0324309	0.0282827	0.00372345	0.124827	0.0250254	0.0204454	0.0282725	0.0184576	0.00055254	0.00267596
171	0.0205149	0.0194056	0.0127586	0.003511	0.247849	0.0300687	0.154712	0.00296366	0.00392809	0.0390046	0.0309528	0.0178311	0.0139171	0.0200673	0.00399864	0.0192842	0.0122147	0.00375315	0.00217586	0.341089
172	0.0319196	0.0159236	0.19391	0.068187	0.0120106	0.0436639	0.0615636	0.0141082	0.0504422	0.0243238	0.0141564	0.194555	0.0180112	0.0429327	0.0573651	0.0746396	0.0377292	0.0231491	0.00320856	0.0182009
173	0.0492685	0.00759107	0.00136316	0.0200243	0.0137914	0.00345544	0.00315358	0.191737	0.0126527	0.31743	0.0592472	0.00332187	0.00176133	0.0211054	0.00956973	0.0102305	0.00991579	0.259826	0.000706674	0.00384732
174	0.0367636	0.00735888	0.017973	0.122514	0.00580352	0.0191769	0.0536413	0.0404857	0.114337	0.136434	0.0453685	0.0199914	0.00645073	0.128443	0.0708368	0.0479924	0.046914	0.0585713	0.0055018	0.0154423
175	0.0551356	0.00222818	0.0694457	0.0496617	0.00268486	0.598651	0.00386181	0.00251204	0.0271929	0.00384575	0.0042781	0.0498181	0.00216443	0.0108176	0.0113611	0.0801678	0.020478	0.0033835	0.000656437	0.00165511
176	0.0114355	0.0175867	0.00318041	0.00589032	0.00450214	0.00255496	0.0116461	0.0128627	0.411318	0.0555394	0.00871325	0.0021997	0.00885448	0.0445551	0.361825	0.0121323	0.0129405	0.0102916	0.000513337	0.00145811
177	0.0271308	0.00406676	0.00164621	0.00831593	0.0517633	0.00144405	0.00191948	0.234542	0.0059297	0.371346	0.0701402	0.00160679	0.00253544	0.00885341	0.00394597	0.00617765	0.00436522	0.19085	0.000631347	0.00279017
178	0.0684595	0.014482	0.0406983	0.0486123	0.00986901	0.2509	0.033938	0.0121288	0.0852442	0.0276432	0.0167625	0.0452276	0.0142846	0.0434865	0.132965	0.0808697	0.0402031	0.0180886	0.00381258	0.0123242
179	0.0579335	0.0216639	0.0365328	0.0414384	0.0215407	0.283287	0.0269502	0.0265521	0.0400326	0.0559723	0.0672223	0.0358967	0.0151733	0.0316559	0.0382785	0.0845306	0.0420421	0.0481307	0.0071967	0.0179694
180	0.0129971	0.00782065	0.42047	0.0758192	0.00338595	0.027306	0.0155137	0.00270967	0.0217221	0.0105531	0.00275486	0.242552	0.0114894	0.0257977	0.0162073	0.0710504	0.0160137	0.0116871	0.000580769	0.00356893
181	0.251035	0.0137394	0.0170326	0.00678127	0.00328435	0.0367847	0.00573225	0.00599304	0.00627184	0.0604755	0.00584314	0.00635586	0.0406277	0.00769779	0.0267791	0.292518	0.193656	0.0141013	0.00100011	0.00429116
182	0.0195175	0.00577052	0.291193	0.189101	0.0039322	0.0552354	0.0448121	0.00102429	0.0473268	0.00690564	0.00261049	0.131835	0.0235135	0.0248869	0.0212427	0.0854917	0.0223525	0.0160919	0.000249969	0.00690676
183	0.0249246	0.00903136	0.00373632	0.0132682	0.046897	0.00491577	0.00773902	0.212896	0.013324	0.333466	0.0930659	0.00479893	0.00503191	0.0113732	0.0114549	0.0130121	0.0162253	0.159871	0.00422631	0.0107425
184	0.063603	0.0336156	0.00213537	0.00809018	0.00167505	0.0146755	0.00877138	0.0126208	0.00361657	0.0151553	0.00327808	0.0230517	0.0111046	0.00414116	0.00820795	0.404366	0.329397	0.0426285	0.00129302	0.00857359
185	0.11148	0.00995442	0.0609722	0.0889428	0.0320304	0.0178749	0.0431695	0.0203181	0.0293484	0.0277671	0.00267697	0.0378954	0.264669	0.0383781	0.0104308	0.0623863	0.0824056	0.0571506	0.000573804	0.00157558
186	0.0194985	0.00659243	0.00193082	0.00577466	0.00175423	0.0349889	0.103542	0.00717548	0.149898	0.0082755	0.0149238	0.102082	0.00307569	0.110687	0.362519	0.0260041	0.0313353	0.00731901	0.000649329	0.00197328
187	0.0673238	0.00648593	0.0639939	0.0442674	0.00594383	0.534588	0.00896231	0.00580941	0.0281762	0.00834758	0.00700329	0.047729	0.00810459	0.0140586	0.0171271	0.0901164	0.0279925	0.00638815	0.00177428	0.00580757
188	0.0359642	0.018185	0.0306619	0.0721079	0.0214223	0.0033616	0.0113576	0.0424766	0.19686	0.0943407	0.0427592	0.0163836	0.0113345	0.0801888	0.169732	0.0275855	0.0297572	0.0634287	0.0229743	0.00911828
189	0.00459284	0.00894209	0.00159371	0.00621784	0.211443	0.00255865	0.00318074	0.0129473	0.00334702	0.0286317	0.00243606	0.00820502	0.00166353	0.0059588	0.00287602	0.0066293	0.00873481	0.0547202	0.0434574	0.581864
190	0.666478	0.00240896	0.00230815	0.00277753	0.00708004	0.11761	0.00263304	0.00267708	0.00335979	0.00410392	0.00234235	0.00291678	0.00381299	0.0161482	0.00289205	0.149552	0.00557923	0.00328735	0.000527829	0.00150492
191	0.0641315	0.0152054	0.0256734	0.0968775	0.00470046	0.0230021	0.0537828	0.00936613	0.145889	0.0327789	0.0107651	0.0449271	0.0157964	0.154892	0.120984	0.0980069	0.0423544	0.0296395	0.0002384	0.0109892
192	0.296908	0.017285	0.00299676	0.0362505	0.00444627	0.0549728	0.0197059	0.0063528	0.154233	0.0289773	0.00379684	0.0217174	0.0105898	0.0163489	0.0699016	0.135504	0.0634125	0.0318183	0.000995741	0.0237871
193	0.0283747	0.0129762	0.00764633	0.0226222	0.0508884	0.00807188	0.0140843	0.125401	0.0286987	0.344922	0.101655	0.00798571	0.00939984	0.0163063	0.026618	0.0213251	0.026086	0.11309	0.00689123	0.0269563
194	0.356064	0.016455	0.00279743	0.0321061	0.0031836	0.112283	0.0286953	0.0046875	0.0871341	0.0110783	0.00341011	0.0182041	0.0490329	0.00685596	0.0876423	0.128366	0.0314549	0.011515	0.000916742	0.00811796
