488	20
1	0.834091	0.00758206	0.001299	0.00057915	0.000209111	0.00455596	0.000429501	0.00660895	0.000566663	0.000814734	0.000924122	0.00156484	0.00502543	0.000527421	0.000628178	0.106996	0.0100543	0.016385	0.000296228	0.00086161
2	0.0804606	0.000323578	0.0250228	0.0305463	0.00365336	0.00196851	0.0106432	0.00407537	0.0124005	0.00449183	0.000622646	0.00727468	0.739866	0.0274369	0.0136239	0.0205416	0.0152791	0.00100931	0.000230447	0.000529695
3	0.0161796	0.00102999	0.00214807	0.00344651	0.00132052	0.0249877	0.0723908	0.00256885	0.0186276	0.0036504	0.00201727	0.00225028	0.0013216	0.0431365	0.602011	0.0349066	0.163034	0.00287277	0.000795199	0.00130371
4	0.0253053	0.00110328	0.00349027	0.00546817	0.000681375	0.913653	0.000912307	0.000964279	0.00407924	0.00128622	0.00199558	0.0106654	0.00105895	0.00163984	0.0073294	0.0162924	0.0016219	0.00110365	0.000310193	0.00103961
5	0.0207682	0.00150632	0.0400316	0.00334154	0.000988125	0.0314229	0.00181001	0.0226587	0.0218581	0.0124742	0.00219022	0.129558	0.110308	0.00226833	0.0128379	0.182281	0.379775	0.0218841	0.000758582	0.00127888
6	0.249304	0.460715	0.0039931	0.0173779	0.0019985	0.00380152	0.00366774	0.0050827	0.00563837	0.00605637	0.00371818	0.00802268	0.00170773	0.00455094	0.00689302	0.0478786	0.16027	0.00560072	0.00121866	0.00250408
7	0.0386006	0.00710407	0.0018974	0.0117954	0.00248657	0.000848814	0.00116977	0.00808612	0.512386	0.0811809	0.0243192	0.00112933	0.00293632	0.035833	0.255225	0.00217563	0.00953788	0.00112338	0.000291889	0.00187234
8	0.0226105	0.0056694	0.0346269	0.0101124	0.00199256	0.352832	0.024759	0.0061673	0.0064504	0.0103355	0.00417331	0.230461	0.00158613	0.00601506	0.00645906	0.213667	0.0280901	0.00833242	0.00155558	0.0241038
9	0.0191982	0.00330964	0.015789	0.0107371	0.0355956	0.00604711	0.0100313	0.0117099	0.0189666	0.0366533	0.0133696	0.0100086	0.00421849	0.0104366	0.0336327	0.0141371	0.0108232	0.0185065	0.706974	0.00985532
10	0.0490089	0.00155719	0.00382367	0.0449331	0.0397729	0.0368916	0.0216874	0.0989172	0.0059666	0.10093	0.0441446	0.00352626	0.0500882	0.269635	0.109386	0.0224242	0.0568583	0.0352186	0.00113448	0.00409609
11	0.117267	0.00228324	0.00527232	0.0099405	0.0027347	0.0054553	0.00437197	0.142782	0.0083151	0.0322065	0.00535689	0.0056041	0.00298731	0.351573	0.00872779	0.0572101	0.17814	0.055029	0.00184784	0.00289525
12	0.085109	0.00301203	0.113139	0.464758	0.00362638	0.0134566	0.0151342	0.00969333	0.0585963	0.0201379	0.00885025	0.0150149	0.0144164	0.0643806	0.0447795	0.0192702	0.025067	0.0114063	0.00440069	0.00575139
13	0.397391	0.00746073	0.00283712	0.00298937	0.0040458	0.474931	0.00285157	0.00607243	0.00581171	0.00610708	0.0114569	0.00560735	0.000788694	0.00376184	0.00362477	0.0327705	0.0169611	0.00589055	0.00067573	0.00796485
14	0.441681	0.00175146	0.00389472	0.00679771	0.00320262	0.0053247	0.00435385	0.0863227	0.00735348	0.0356827	0.00542157	0.00468754	0.312488	0.00474123	0.00659293	0.00715364	0.00837792	0.0500334	0.00120233	0.00293696
15	0.0168284	0.00131159	0.00297893	0.00425698	0.0226564	0.00531809	0.003279	0.00581157	0.0534858	0.463343	0.250753	0.00456905	0.00128799	0.00643103	0.00662691	0.00468746	0.00567301	0.00428016	0.0176415	0.11878
16	0.0358821	0.0043786	0.0149878	0.026823	0.00472098	0.0118432	0.0152401	0.0112502	0.0952628	0.0184043	0.00952782	0.0150206	0.0062063	0.024836	0.637592	0.0182867	0.0271785	0.0102641	0.00424761	0.00804723
17	0.0270571	0.00503406	0.00345216	0.00501432	0.0156267	0.00569381	0.0041542	0.0354804	0.0101544	0.5429	0.227977	0.00385245	0.00324388	0.00687823	0.00805195	0.0148667	0.0445891	0.0177179	0.0086764	0.00957947
18	0.00841067	0.00146011	0.000414819	0.00223705	0.0161491	0.000334405	0.000422604	0.244991	0.000643903	0.61473	0.0380533	0.000473916	0.00178354	0.000584056	0.00269469	0.000669546	0.000817343	0.0603575	0.000347594	0.00442454
19	0.0153446	0.0462473	0.005333	0.125431	0.0305674	0.00531372	0.106508	0.00547516	0.00727222	0.0891671	0.211925	0.0540584	0.00409159	0.176227	0.0307927	0.00835423	0.00790252	0.0120674	0.00154687	0.0563746
20	0.0286202	0.00358177	0.0163331	0.0297763	0.0848074	0.0184683	0.160307	0.0240203	0.0134587	0.0267135	0.0079444	0.307547	0.00275318	0.0181155	0.0244542	0.0215574	0.0490691	0.0384905	0.0151496	0.108832
21	0.058207	0.0324182	0.0122006	0.0247278	0.0105477	0.0145158	0.0227031	0.0661105	0.0203664	0.038143	0.0200759	0.189905	0.00643306	0.0182206	0.0202783	0.0271294	0.0375962	0.363603	0.00443168	0.0123872
22	0.0217267	0.00559191	0.0023217	0.00379927	0.0124878	0.00383786	0.00335654	0.0565889	0.00891541	0.650324	0.149843	0.00403935	0.00293958	0.0080607	0.00688637	0.00786671	0.00827208	0.0263377	0.00743559	0.00936894
23	0.00274416	0.000487767	0.908203	0.0100757	0.000586936	0.000985295	0.048383	0.00123162	0.00164543	0.00161331	0.00102372	0.00630126	0.000741027	0.00238013	0.00174044	0.00700012	0.00212018	0.00134963	0.000706741	0.000680946
24	0.0823171	0.000323855	0.0251385	0.0306105	0.00354577	0.00231237	0.0109877	0.00402415	0.0122451	0.00445516	0.000637144	0.00727407	0.737371	0.0270321	0.0137484	0.0206997	0.0155118	0.00100511	0.000229612	0.000530399
25	0.041603	0.000550459	0.308848	0.527529	0.000569556	0.0035069	0.00689661	0.00152192	0.00867376	0.00370559	0.012764	0.0089795	0.0130088	0.0212046	0.00527748	0.0147453	0.00998754	0.00795215	0.000848963	0.00182664
26	0.0362714	0.0590927	0.0114923	0.0183341	0.00763539	0.0112119	0.015297	0.0787334	0.0158649	0.0243997	0.0131679	0.283117	0.00536123	0.0148087	0.0188626	0.0234691	0.0260762	0.322095	0.00412813	0.0105805
27	0.365463	0.00365622	0.00140501	0.00249717	0.000896426	0.57593	0.00146448	0.00169446	0.00253481	0.00176946	0.00568652	0.00288619	0.000633333	0.00164986	0.00192192	0.0204724	0.00464429	0.00184051	0.000332034	0.00262206
28	0.0800326	0.00406866	0.0216373	0.215557	0.0455472	0.0122316	0.0164285	0.0141115	0.205487	0.0284485	0.0144959	0.0134279	0.00900759	0.0559381	0.162299	0.0203361	0.0311321	0.0255546	0.00458844	0.0196707
29	0.0275083	0.00687459	0.143115	0.00595114	0.000908814	0.00762557	0.0937447	0.0165699	0.118441	0.00950134	0.00825253	0.174358	0.00878972	0.0237349	0.290972	0.00496965	0.0285308	0.00970515	0.0194168	0.00103014
30	0.0695757	0.00780763	0.0250059	0.0262155	0.0041541	0.0148579	0.0104701	0.011615	0.0187329	0.0113697	0.00443445	0.0280596	0.508005	0.0179301	0.0159858	0.0856892	0.119518	0.016199	0.00235655	0.00201808
31	0.0436783	0.000269936	0.212867	0.454353	0.000319706	0.00879263	0.0467193	0.000736466	0.031217	0.00192299	0.00529239	0.00375029	0.000310431	0.115336	0.0254258	0.0191801	0.012603	0.00423938	0.000944836	0.0120411
32	0.0752245	0.000557707	0.290972	0.244131	0.000434056	0.031887	0.03931	0.00548806	0.0272435	0.00721751	0.00548525	0.132844	0.0244799	0.0138503	0.00355912	0.0755135	0.0150341	0.00535334	0.000706823	0.000708033
33	0.0184167	0.00451721	0.00212898	0.00425036	0.0145687	0.00286357	0.00538528	0.0760486	0.00985092	0.695367	0.057686	0.00365812	0.00189497	0.0104657	0.00764548	0.00702449	0.0104541	0.0556234	0.006055	0.00609545
34	0.00209372	0.000345464	0.000551129	0.00088198	0.00207332	0.00062395	0.000536717	0.531036	0.000816762	0.0200126	0.00638602	0.000591314	0.000418044	0.00069028	0.00487775	0.00095237	0.00130419	0.425252	0.000197378	0.000359375
35	0.0162813	0.00892386	0.000804314	0.00229402	0.00448726	0.00145717	0.00132089	0.412379	0.00273126	0.0465684	0.0136312	0.00151821	0.00109992	0.00161003	0.00539764	0.00249725	0.00790424	0.466437	0.000632625	0.00202415
36	0.0260556	0.00598218	0.00649739	0.0150429	0.137343	0.00641597	0.0131102	0.0143743	0.0224387	0.0327829	0.0113967	0.0323761	0.00325348	0.0129797	0.0170126	0.00873202	0.0120363	0.0123886	0.0199353	0.589846
37	0.242339	0.0141203	0.00446116	0.00529724	0.00594804	0.5334	0.00610802	0.0146074	0.010391	0.00903259	0.0426151	0.0111016	0.00325768	0.00573558	0.00742185	0.042885	0.0133619	0.0129018	0.0013249	0.0136899
38	0.385712	0.00668843	0.00763588	0.0060512	0.00243981	0.408912	0.00273443	0.00771327	0.0110341	0.00554947	0.00961186	0.0117292	0.0028451	0.00496113	0.00805731	0.093093	0.0114641	0.00795425	0.000571643	0.00524254
39	0.083657	0.00340012	0.00664203	0.00976052	0.00361108	0.00672416	0.00692903	0.119594	0.0733878	0.120469	0.0444534	0.0384244	0.00319951	0.00829883	0.121977	0.145987	0.15528	0.0113864	0.0326161	0.00420196
40	0.255256	0.00521929	0.00219473	0.00342962	0.00100898	0.66102	0.00190306	0.00316745	0.00415507	0.00272444	0.00764309	0.00649434	0.000772643	0.00252802	0.00415371	0.0250679	0.00515427	0.00424334	0.000618161	0.0032456
41	0.00818294	0.00653376	0.00292741	0.00583974	0.00115242	0.0024623	0.00322119	0.00318221	0.344759	0.0112469	0.00437951	0.00378879	0.00778667	0.0272514	0.531349	0.00260249	0.02931	0.00204451	0.000523064	0.0014569
42	0.604751	0.0798531	0.00830861	0.0117571	0.00546432	0.0326571	0.00549021	0.0198504	0.00895582	0.0163683	0.00895496	0.00947053	0.00490905	0.00586258	0.00818368	0.0856247	0.0280847	0.0475178	0.00304549	0.00489076
43	0.699825	0.019128	0.00408859	0.00706158	0.00277793	0.0127607	0.00303056	0.0211928	0.00726409	0.021624	0.00557591	0.00529978	0.0046287	0.00699963	0.00759558	0.0548996	0.0192091	0.091807	0.00256835	0.00266259
44	0.0367239	0.00331738	0.014365	0.0273002	0.00512238	0.0202464	0.015385	0.00919985	0.0899259	0.016401	0.0106712	0.0172294	0.00558819	0.0231509	0.633102	0.0234686	0.0273134	0.0101273	0.00525717	0.00610516
45	0.00394274	0.000764523	0.404091	0.0023219	0.000746273	0.0015187	0.00153391	0.00198215	0.0089042	0.00238136	0.00158141	0.179955	0.000744994	0.0017596	0.00258455	0.312938	0.0688444	0.00196473	0.000595392	0.000845372
46	0.0138606	0.00285677	0.00619086	0.00781523	0.0478983	0.00424744	0.00844969	0.00840186	0.0344162	0.00883806	0.00517831	0.0077928	0.00157599	0.00587689	0.0605152	0.0081454	0.00854551	0.0293836	0.725756	0.00425498
47	0.181783	0.000312082	0.110115	0.503749	0.000369842	0.00967846	0.00443128	0.0008936	0.0375277	0.00114809	0.000854421	0.0210651	0.0409911	0.0548261	0.00561316	0.0200316	0.0045359	0.00104347	0.000202261	0.000829
48	0.345176	0.0628653	0.0550548	0.00368619	0.00117035	0.00908769	0.00281264	0.00343695	0.00404371	0.00451071	0.0157203	0.00306086	0.0189422	0.00314245	0.00426423	0.447567	0.0077847	0.00534955	0.000720946	0.00160265
49	0.00420889	0.00565326	0.00148022	0.00221963	0.634921	0.00130015	0.0180343	0.00886517	0.00622936	0.0234855	0.00138589	0.00186738	0.000705604	0.00692856	0.00265835	0.00240264	0.0024373	0.00221776	0.0162174	0.256782
50	0.0156728	0.00108791	0.442482	0.202815	0.00120645	0.00469235	0.070851	0.00255438	0.0240552	0.00808455	0.00743317	0.0157098	0.00136296	0.0767221	0.052379	0.00760288	0.00660928	0.00303895	0.0351973	0.0204424
51	0.272658	0.000693454	0.030779	0.0357244	0.000632084	0.0279405	0.0213133	0.00153464	0.116143	0.0263658	0.0247696	0.00701026	0.000687531	0.127396	0.270866	0.0244669	0.00818356	0.0016702	0.000446419	0.000719466
52	0.0104445	0.000682842	0.00152658	0.00232475	0.0008398	0.00138454	0.0014632	0.779468	0.00216792	0.130487	0.0537676	0.00164484	0.000704687	0.00157846	0.00233266	0.00231669	0.00224271	0.00318793	0.000545928	0.000889267
53	0.0223515	0.0342555	0.00101082	0.00753719	0.00702158	0.00513439	0.00152852	0.177353	0.00172316	0.100689	0.0179198	0.0059133	0.000914342	0.0018755	0.00193172	0.0201713	0.0858405	0.492467	0.000462597	0.0138995
54	0.25188	0.00218697	0.0756189	0.266836	0.000257276	0.0230999	0.00845929	0.00637499	0.110598	0.00648215	0.000525289	0.0250169	0.000326926	0.0454562	0.107054	0.0378773	0.0271367	0.00430071	0.000202076	0.00031038
55	0.163609	0.0126271	0.00237388	0.0604837	0.00124917	0.00215428	0.00196523	0.0159612	0.0042972	0.00330581	0.00224738	0.00500212	0.00283757	0.0225618	0.00339291	0.253919	0.370942	0.0562168	0.000767921	0.014086
56	0.0182095	0.0042019	0.00149273	0.00347715	0.0156883	0.00396413	0.00363702	0.0566172	0.00998176	0.663984	0.139295	0.00218574	0.00180519	0.00897189	0.00891203	0.00721898	0.00655951	0.0258498	0.0100847	0.00786364
57	0.0193388	0.00122112	0.0262904	0.0656179	0.00610456	0.00185225	0.0059888	0.00990945	0.397109	0.0614221	0.00176119	0.00997145	0.00078647	0.0797867	0.213599	0.0122991	0.0829338	0.00252336	0.000531838	0.000952883
58	0.0458991	0.00115244	0.126104	0.208316	0.000853545	0.0123347	0.0121705	0.00250444	0.0369848	0.0222513	0.00222941	0.0699733	0.00101961	0.0523777	0.111351	0.0447492	0.235179	0.0124579	0.000737002	0.00135495
59	0.0264404	0.0135922	0.00176654	0.00282569	0.00619899	0.00327308	0.00187872	0.142442	0.00401739	0.310462	0.425589	0.00208085	0.000991819	0.0024691	0.00381123	0.007947	0.00901104	0.0293336	0.00306828	0.00280059
60	0.0621949	0.000820454	0.0970623	0.501328	0.000875341	0.0790368	0.00223212	0.00223427	0.0870963	0.00326113	0.00162918	0.0574612	0.0019935	0.0307479	0.0325972	0.0211946	0.0139957	0.00218626	0.000545011	0.0015081
61	0.0758997	0.000495682	0.287429	0.243215	0.000394467	0.0334983	0.0355163	0.0059128	0.0269661	0.00628599	0.0057827	0.136324	0.0266582	0.014815	0.00294802	0.0742287	0.0165024	0.00578306	0.000650814	0.00069352
62	0.00658718	0.00042452	0.810614	0.05812	0.000411798	0.000786785	0.000849046	0.00104563	0.00885682	0.00142303	0.000760116	0.0715573	0.000413529	0.00464863	0.0114483	0.00542107	0.0146671	0.00111835	0.000317382	0.000529497
63	0.0134644	0.0021285	0.0317161	0.352226	0.00243056	0.00382159	0.04912	0.00792764	0.00945086	0.00862143	0.0103201	0.00487246	0.00227805	0.453465	0.0185114	0.00749228	0.0110784	0.00650606	0.00202916	0.00253949
64	0.00585857	0.000874954	0.00106373	0.00141291	0.00046124	0.002363	0.000906631	0.00204312	0.00139399	0.00572854	0.000856515	0.00102619	0.000700835	0.00109453	0.0015185	0.203894	0.766465	0.00129579	0.000363961	0.000677285
65	0.00798434	0.00185153	0.00116036	0.00178012	0.00160111	0.00143009	0.00333733	0.00687206	0.00431333	0.868224	0.0649212	0.00128244	0.00131869	0.0108033	0.00183485	0.00701226	0.00419963	0.00303471	0.00561071	0.00142836
66	0.0258344	0.0133638	0.000702358	0.0013386	0.0224797	0.00224928	0.000985111	0.274752	0.00108781	0.341636	0.0691895	0.000813641	0.000731279	0.00104983	0.00194713	0.0015791	0.00472684	0.228152	0.000472499	0.00690869
67	0.0038534	0.00106744	0.000513848	0.000862648	0.00215314	0.000526732	0.000545694	0.489031	0.00083545	0.0203614	0.00752925	0.00069791	0.0004333	0.000660805	0.00565304	0.000959894	0.00153025	0.462188	0.000223828	0.000373281
68	0.0512987	0.00740835	0.0347427	0.0923548	0.0100881	0.0188652	0.0425682	0.0272024	0.0475611	0.0298018	0.0306668	0.0145952	0.0142564	0.430518	0.0503645	0.0231575	0.0298007	0.0241845	0.0101761	0.0103893
69	0.136937	0.0157992	0.0316144	0.0223378	0.00496622	0.039068	0.012766	0.0154979	0.0219394	0.0150243	0.0131203	0.0277511	0.00888501	0.017591	0.0203599	0.453808	0.117084	0.0154586	0.00388335	0.00610832
70	0.0292816	0.00148135	0.00463867	0.0067624	0.000576399	0.884861	0.00227956	0.00142771	0.00953567	0.00180446	0.00314066	0.0119603	0.00214385	0.0029225	0.0133293	0.0164537	0.00283937	0.00274486	0.00043832	0.00137821
71	0.0376954	0.00683771	0.00146488	0.00960848	0.00307666	0.00085784	0.00152418	0.00856121	0.499392	0.0803083	0.0285789	0.00128693	0.00353252	0.0337033	0.270087	0.00183914	0.00728431	0.00128221	0.000413029	0.00266626
72	0.201798	0.00278244	0.0149583	0.0230318	0.00352898	0.0261878	0.0114699	0.0126497	0.0109396	0.0102419	0.00339877	0.0107708	0.583615	0.0164784	0.0128117	0.0222786	0.0195892	0.0103026	0.000999288	0.00216669
73	0.0847728	0.0400533	0.00193969	0.00414996	0.00393395	0.00341265	0.00197067	0.226304	0.00365074	0.0307513	0.0134584	0.00341302	0.00180183	0.00238472	0.00418268	0.0070799	0.0171707	0.54679	0.000534115	0.00224541
74	0.345292	0.00323705	0.000743863	0.00114853	0.000373762	0.612468	0.000840981	0.000990364	0.00121159	0.00127258	0.0053723	0.00135171	0.000406975	0.000944029	0.00111102	0.0164843	0.00359064	0.00117903	0.000240961	0.00174078
75	0.00357959	0.000502864	0.000654653	0.00103903	0.002694	0.00071146	0.000630983	0.456977	0.00101485	0.0387921	0.0113674	0.000824648	0.000442421	0.000916241	0.00932268	0.00126456	0.00324937	0.465199	0.000244796	0.000572138
76	0.00657587	0.00280904	0.00120354	0.00170629	0.604755	0.0011201	0.001931	0.0286347	0.00163442	0.199898	0.0374711	0.0012393	0.000591451	0.00130557	0.0017508	0.00191881	0.020847	0.0534614	0.0269643	0.00418181
77	0.00643262	0.00127651	0.0132973	0.0274515	0.00136028	0.0125454	0.0131956	0.00269882	0.27248	0.00403153	0.00202711	0.0237216	0.0789798	0.0703186	0.435433	0.0034235	0.0263245	0.00288733	0.000769037	0.00134628
78	0.010235	0.00117659	0.00207266	0.00209188	0.000497873	0.00318992	0.00117217	0.00323725	0.00180919	0.00824404	0.00137487	0.00214189	0.00122286	0.00137287	0.00208142	0.210695	0.744182	0.00202665	0.000364469	0.000811765
79	0.00834404	0.00113582	0.0367692	0.0138437	0.0167702	0.017082	0.655181	0.00408968	0.00497548	0.00762389	0.0028332	0.0525759	0.00149218	0.080949	0.00516617	0.0638795	0.0194978	0.00422226	0.000932059	0.00263733
80	0.130392	0.000990718	0.0123463	0.281041	0.00101489	0.00215582	0.00231034	0.00275206	0.137639	0.0244701	0.00197655	0.0114739	0.180156	0.0129987	0.0447502	0.0752699	0.0542314	0.0221355	0.000743357	0.00115103
81	0.0295999	0.00158712	0.3604	0.131014	0.00160265	0.0182026	0.047137	0.00410257	0.0261733	0.032169	0.0183279	0.10552	0.00291294	0.0658758	0.0574522	0.0261712	0.0227598	0.00460127	0.0382006	0.00618978
82	0.807062	0.0078836	0.00179522	0.000705544	0.000259232	0.00529532	0.00058951	0.00659467	0.000818106	0.00113176	0.000968901	0.00179592	0.00462812	0.00077024	0.00106748	0.124021	0.0173034	0.016007	0.000422292	0.000880154
83	0.0965216	0.00155601	0.0195963	0.0303289	0.00392048	0.0194292	0.01098	0.011659	0.0162705	0.010305	0.00240384	0.00757796	0.683549	0.0238143	0.0138714	0.0213487	0.0174447	0.00800057	0.00050146	0.000920596
84	0.0478093	0.00400355	0.0123725	0.0320199	0.00613536	0.0130552	0.0111282	0.0336578	0.0975144	0.263014	0.0251172	0.0140086	0.00504064	0.0714226	0.190426	0.0613157	0.0199961	0.0770905	0.00391352	0.0109592
85	0.035204	0.0181318	0.00191579	0.00535523	0.00623584	0.00280627	0.00245864	0.321901	0.00694845	0.064873	0.0175649	0.00296254	0.00189359	0.00302543	0.00640859	0.0064462	0.0160954	0.475964	0.00100571	0.00280381
86	0.0112762	0.00390192	0.000539624	0.00202984	0.0155804	0.000712296	0.000572626	0.246151	0.000817344	0.566004	0.038669	0.000802261	0.00166648	0.000930368	0.00298774	0.000924484	0.00224038	0.0993541	0.000342082	0.00449788
87	0.0100379	0.000643526	0.00153246	0.00234486	0.00136552	0.00141932	0.00153368	0.764721	0.00215688	0.142948	0.0561997	0.00169963	0.000719018	0.00161063	0.00233549	0.00237589	0.00232545	0.00255178	0.000558084	0.000920792
88	0.832248	0.0076076	0.00121079	0.000573324	0.000210652	0.00455484	0.000408385	0.00690886	0.00057664	0.000789127	0.000901726	0.00156237	0.0048506	0.000501422	0.000635424	0.108532	0.00992409	0.0168805	0.000273848	0.000849708
89	0.0438818	0.00540831	0.0567888	0.0184032	0.00957667	0.0166003	0.0219274	0.0180574	0.0233729	0.0212014	0.00984624	0.378892	0.0125357	0.0145632	0.0207334	0.071741	0.210262	0.0251208	0.00397974	0.0171079
90	0.282358	0.0427155	0.0106105	0.00254132	0.00115851	0.0318402	0.00177459	0.00309867	0.00285177	0.00336315	0.00594394	0.00245605	0.0055959	0.00234571	0.00285137	0.438324	0.152813	0.00550799	0.000493275	0.00135735
91	0.0139483	0.00538736	0.00696416	0.012652	0.00618544	0.00371081	0.0570597	0.00664715	0.00708576	0.0943518	0.0946307	0.552028	0.00362578	0.0644078	0.00845194	0.0089819	0.00803821	0.0366426	0.00180283	0.00739751
92	0.00968861	0.00199811	0.000483286	0.00220166	0.0157711	0.0005125	0.000690431	0.258877	0.00122916	0.583438	0.0366083	0.000606977	0.00170718	0.00159199	0.00273888	0.000785268	0.00145763	0.0749695	0.000237288	0.00440685
93	0.0545398	0.0254514	0.00382262	0.00990649	0.0177798	0.00729217	0.00520444	0.179708	0.0091851	0.122785	0.0850547	0.00944188	0.00269522	0.0185063	0.00983432	0.0176437	0.0273187	0.379911	0.00297856	0.0109407
94	0.0584453	0.00248304	0.00528642	0.0336618	0.00575983	0.231421	0.00654697	0.009109	0.0588711	0.021287	0.00568147	0.00639755	0.475879	0.0237401	0.00850604	0.0233915	0.00869962	0.0101917	0.00152716	0.00311463
95	0.112285	0.000362221	0.0781503	0.150447	0.000407438	0.0228381	0.0331632	0.0011426	0.162017	0.00160246	0.000960779	0.0359535	0.00217618	0.153887	0.21528	0.0217221	0.00597844	0.000983837	0.00027692	0.000366524
96	0.00656069	0.00220001	0.00176304	0.00298046	0.20264	0.00191835	0.00393349	0.0141677	0.00992672	0.0442345	0.00905829	0.00243239	0.000977701	0.0039193	0.0144591	0.00305003	0.00657988	0.0215136	0.613345	0.0343401
97	0.650917	0.00634255	0.0202575	0.00943025	0.000953461	0.111197	0.00248774	0.00507268	0.0132233	0.00317179	0.00756235	0.0111741	0.00327833	0.0058019	0.00964472	0.122579	0.00666615	0.00845496	0.000559835	0.00122535
98	0.00556974	0.00108632	0.103255	0.00292025	0.00110874	0.00228272	0.0125625	0.00225669	0.0179805	0.00361114	0.00191045	0.345081	0.00119899	0.00261825	0.00342417	0.0332324	0.455232	0.00281535	0.000683661	0.00116979
99	0.115317	0.00440614	0.128053	0.0206188	0.00727197	0.0130099	0.0114473	0.0144824	0.0194031	0.142819	0.010787	0.0211568	0.00609709	0.0701506	0.0204524	0.129173	0.0195406	0.0148612	0.224541	0.00641239
100	0.0531114	0.000418285	0.281764	0.545119	0.000472417	0.00477097	0.00488234	0.00102954	0.0124398	0.00178021	0.00597945	0.00450626	0.0334187	0.020934	0.00525612	0.0101802	0.00808831	0.00396907	0.00030621	0.00157367
101	0.0186983	0.0028229	0.00751364	0.077074	0.0063789	0.00989251	0.202109	0.0589929	0.076912	0.0115499	0.00608817	0.0912109	0.00270607	0.055026	0.0360548	0.0328532	0.132738	0.116071	0.00410902	0.051198
102	0.0139491	0.00546049	0.00392261	0.0064592	0.587208	0.00363247	0.0107768	0.0262842	0.008737	0.101783	0.0191659	0.00407782	0.00176643	0.00732747	0.00643349	0.00568404	0.014451	0.0335444	0.0230659	0.116271
103	0.012883	0.00192504	0.108293	0.00652132	0.0029333	0.00417828	0.275628	0.00600121	0.00665922	0.00717963	0.00433162	0.204255	0.0024741	0.00572149	0.13529	0.007204	0.0071203	0.00588638	0.084595	0.11092
104	0.0791826	0.000598898	0.107899	0.535769	0.000579446	0.010822	0.00336181	0.00183501	0.0943525	0.00635326	0.00137351	0.00721061	0.0158921	0.0513734	0.058984	0.00421664	0.0131304	0.00271884	0.000314233	0.0040328
105	0.0274266	0.00362809	0.00968604	0.00880639	0.0438108	0.00439125	0.00562538	0.0401193	0.0150299	0.569953	0.0748516	0.00504164	0.00493837	0.0144997	0.0232353	0.0158645	0.0156244	0.0443976	0.0637399	0.00933033
106	0.0342144	0.000442926	0.293414	0.373345	0.000592715	0.0058208	0.0436252	0.00124332	0.0265479	0.00260467	0.00547519	0.00533557	0.00154286	0.112125	0.0489223	0.0111047	0.00867165	0.00294024	0.00732465	0.0147078
107	0.19915	0.000458992	0.0604386	0.0908353	0.000392407	0.02388	0.0251882	0.00107232	0.153373	0.0110303	0.0095597	0.0179061	0.00123695	0.13437	0.238877	0.0245745	0.00580386	0.00115774	0.000273788	0.000421182
108	0.142973	0.00101984	0.00261885	0.199747	0.00711813	0.00689678	0.00739885	0.00274044	0.237486	0.0647073	0.00277162	0.00214698	0.0010131	0.119312	0.184362	0.00390878	0.00472779	0.00748187	0.000582596	0.000988282
109	0.0639098	0.00337744	0.0713301	0.034648	0.00196814	0.407941	0.014841	0.00516743	0.0105168	0.0241032	0.00477659	0.246556	0.00231192	0.00921442	0.0104821	0.0568661	0.0155429	0.00906404	0.00184902	0.00553395
110	0.0250581	0.00283789	0.00371909	0.00842422	0.00608888	0.00407866	0.00506785	0.0177513	0.0723482	0.696213	0.0403102	0.00463716	0.00231026	0.0184521	0.0353614	0.00891476	0.00952133	0.0256626	0.00574087	0.00750186
111	0.121504	0.00269894	0.00505541	0.00678886	0.0238805	0.00399928	0.00461617	0.258698	0.00662622	0.0082224	0.298896	0.00460206	0.00209405	0.00570742	0.0068573	0.00833422	0.220139	0.00714293	0.00145458	0.00268237
112	0.145938	0.101277	0.00364579	0.00520883	0.0118879	0.020836	0.00368056	0.171646	0.00576725	0.0379573	0.219414	0.00716525	0.00209448	0.00473498	0.0061627	0.0691063	0.0432674	0.135064	0.00106969	0.00407635
113	0.00668887	0.00481001	0.00157248	0.00450658	0.450224	0.00166107	0.0107147	0.00963885	0.0155037	0.0173576	0.00176824	0.00925808	0.000881999	0.00842955	0.00491786	0.00242074	0.0028983	0.00284487	0.0337764	0.410126
114	0.202627	0.00628528	0.0122702	0.0183106	0.00462261	0.198359	0.0600081	0.016111	0.0249885	0.0184354	0.0111055	0.0206201	0.276427	0.0241904	0.0250944	0.0306376	0.0239952	0.0156496	0.00363229	0.00663031
115	0.0614731	0.00690629	0.0270802	0.0481091	0.00512194	0.496129	0.0172983	0.012274	0.0453659	0.0165206	0.0107108	0.0371017	0.0154177	0.0858156	0.0423152	0.0265627	0.0190556	0.0165708	0.00309641	0.00707482
116	0.0293196	0.00318082	0.00269262	0.00617488	0.0278333	0.011274	0.00790545	0.0422831	0.0345054	0.413996	0.243087	0.00649233	0.00177623	0.0124935	0.013219	0.00740483	0.00806231	0.0251544	0.0133466	0.0897988
117	0.0299718	0.00578103	0.0170823	0.0161938	0.00325159	0.015441	0.00976497	0.0128938	0.0204194	0.0147768	0.0075458	0.0169688	0.00542129	0.0067827	0.0205457	0.16316	0.607946	0.0187166	0.00161063	0.00572626
118	0.687933	0.0139942	0.00759084	0.0125502	0.00377932	0.0520074	0.00549227	0.0143192	0.00888865	0.0158555	0.00735855	0.00855812	0.0099305	0.00630269	0.0115862	0.081337	0.0171543	0.0291127	0.00194818	0.00430119
119	0.358417	0.00524025	0.00356261	0.00328741	0.00108525	0.551372	0.00162142	0.00274957	0.00423275	0.00313396	0.00845267	0.00446146	0.00400336	0.0022353	0.00327672	0.0296946	0.00592953	0.00362505	0.000395459	0.00322294
120	0.30519	0.0652259	0.0781373	0.00926971	0.00226668	0.0107515	0.00633545	0.00783642	0.0078778	0.0095391	0.0192702	0.00579822	0.0417866	0.00774099	0.00942522	0.381627	0.0168589	0.0104484	0.00185359	0.00276154
121	0.0198678	0.00280012	0.0128859	0.00858648	0.03721	0.0065767	0.01138	0.009623	0.0167674	0.0281705	0.00973519	0.0117597	0.00253198	0.0101084	0.0290712	0.0146212	0.019152	0.01622	0.726114	0.00681838
122	0.188678	0.00550848	0.0175814	0.104557	0.00779869	0.0147358	0.0179213	0.137847	0.029303	0.0360368	0.0173535	0.0136753	0.00947401	0.245516	0.0340408	0.0364201	0.0382756	0.0331003	0.00471006	0.00746734
123	0.0245949	0.00503504	0.00826964	0.01696	0.148212	0.0150614	0.0135777	0.0157993	0.0233178	0.0268963	0.0111834	0.0310359	0.00277426	0.012025	0.0171561	0.00959435	0.010485	0.0109694	0.0192025	0.57785
124	0.0317919	0.00736285	0.00486088	0.0118831	0.012599	0.00950405	0.00719185	0.505136	0.0110866	0.109645	0.0351061	0.00671113	0.00745934	0.00732704	0.0128333	0.0111705	0.0148553	0.184318	0.00246878	0.00668802
125	0.22619	0.00368806	0.00255227	0.00452259	0.00110929	0.696859	0.00160435	0.00399919	0.00428461	0.00276381	0.0073388	0.00541425	0.00216041	0.0020067	0.00520743	0.0193034	0.00455432	0.0034493	0.000424521	0.00256746
126	0.126047	0.00851975	0.00843719	0.00458505	0.000700013	0.0157906	0.00171509	0.00203914	0.0021066	0.00322191	0.00125267	0.00656218	0.001902	0.00221991	0.00405348	0.39429	0.411695	0.00325099	0.000372679	0.00123871
127	0.0513578	0.0089888	0.0311967	0.083664	0.00802457	0.0267487	0.0451377	0.0233795	0.0509879	0.0348035	0.0359471	0.0156664	0.0127441	0.4277	0.0482321	0.0254509	0.0267543	0.0213794	0.00886074	0.0129757
128	0.0247998	0.00147546	0.00263596	0.00426047	0.000548857	0.912139	0.0010846	0.00114495	0.00519898	0.00117046	0.00204331	0.0109259	0.00119105	0.00186739	0.00780808	0.0169639	0.00160355	0.00100208	0.000504881	0.00163159
129	0.0151085	0.00769023	0.000659007	0.00118168	0.00286278	0.000827618	0.00072626	0.43526	0.000963854	0.0289168	0.00986738	0.00101144	0.000476155	0.000877388	0.00512074	0.00184145	0.00486231	0.48054	0.000268602	0.000938337
130	0.00878536	0.00479138	0.000466814	0.00133332	0.010917	0.00149093	0.000587013	0.362256	0.000945502	0.209589	0.0233868	0.00114605	0.000681056	0.000769391	0.00358885	0.00179482	0.007617	0.355809	0.000229757	0.00381544
131	0.0366765	0.0027324	0.069314	0.360676	0.00274699	0.00864577	0.0360883	0.00760884	0.0321311	0.00982983	0.0121333	0.00871058	0.00425231	0.323317	0.0405397	0.0129863	0.0162572	0.00761125	0.00257058	0.00517167
132	0.0247221	0.00147877	0.00378622	0.00523193	0.00045758	0.904586	0.00159171	0.00123555	0.00613963	0.00191963	0.00203308	0.0116475	0.000403422	0.0023651	0.00914289	0.0179765	0.00255755	0.00158278	0.000278071	0.000864524
133	0.0313027	0.0063502	0.0130804	0.0090203	0.00249217	0.0147766	0.00903445	0.0146985	0.0126993	0.0122721	0.00759276	0.0182138	0.00835157	0.00732649	0.0154714	0.169351	0.626724	0.0157318	0.00220032	0.00331084
134	0.00707417	0.00451919	0.00148236	0.00520817	0.305757	0.00153207	0.00650067	0.00663473	0.0113927	0.0136037	0.00142695	0.0120507	0.000614262	0.00756887	0.00506952	0.00219867	0.00214488	0.00196072	0.0198966	0.583364
135	0.0845017	0.00717778	0.0776242	0.363299	0.00771396	0.0133189	0.0174316	0.0303849	0.0346778	0.122082	0.0245057	0.0184848	0.0171369	0.0421213	0.0385824	0.0242396	0.0317603	0.0280582	0.00838378	0.00851474
136	0.0424781	0.0119433	0.0130907	0.0134909	0.00483472	0.0150848	0.012088	0.154494	0.0153642	0.0471299	0.0367352	0.0155138	0.00838463	0.0136585	0.0140223	0.169639	0.350954	0.0502532	0.002887	0.00795463
137	0.0124104	0.00328695	0.00159	0.00214346	0.42456	0.00140154	0.00989175	0.0691597	0.00372818	0.272067	0.027847	0.00418987	0.00127624	0.00570418	0.00254087	0.00240611	0.0128414	0.0931926	0.0146783	0.0350852
138	0.344017	0.0126623	0.00268356	0.0053114	0.0221832	0.206335	0.0160986	0.0405684	0.0299884	0.021782	0.0637036	0.0221381	0.00210379	0.00325857	0.00483123	0.0960363	0.0251132	0.0345961	0.0023151	0.0442741
139	0.459715	0.00259525	0.00686654	0.101677	0.00232268	0.0374791	0.0040581	0.00522092	0.00758036	0.00728882	0.00560533	0.00628873	0.00280033	0.0437605	0.0420605	0.246423	0.00697881	0.00612798	0.00209005	0.00306117
140	0.157499	0.0542535	0.00152719	0.00178921	0.00623688	0.00278818	0.00145322	0.215523	0.00694205	0.197387	0.0712987	0.00137881	0.000681521	0.00198355	0.00172955	0.00803143	0.00866417	0.258308	0.000488288	0.00203696
141	0.541957	0.0018438	0.00812081	0.00209348	0.000901193	0.302786	0.00111814	0.00192549	0.0126023	0.00209403	0.00580261	0.0102503	0.000780365	0.00480882	0.00827773	0.0863305	0.004222	0.00218745	0.000382972	0.00151525
142	0.089321	0.000671878	0.062781	0.131822	0.000921653	0.00300693	0.00587731	0.00729555	0.201969	0.00878004	0.010015	0.103047	0.000846282	0.0330159	0.280389	0.00919702	0.0430357	0.00512789	0.0009156	0.00196575
143	0.0231076	0.00153343	0.0241375	0.0510645	0.0124678	0.00249806	0.0121049	0.00757901	0.416564	0.0476333	0.00288953	0.00808959	0.00122668	0.103085	0.184548	0.0240833	0.0721838	0.00324386	0.000704821	0.00125424
144	0.109099	0.00340666	0.00717256	0.00913957	0.00325061	0.00657757	0.00684084	0.0100477	0.0107689	0.547682	0.0171065	0.00687835	0.0360127	0.00990194	0.0110897	0.0482116	0.0719411	0.0411761	0.0396999	0.00399665
145	0.301957	0.000872159	0.00199419	0.062362	0.000950955	0.00201495	0.0428659	0.00175521	0.175183	0.00276262	0.00167026	0.0133465	0.0177704	0.0408255	0.102019	0.131204	0.0965639	0.00231786	0.000704805	0.000859568
146	0.00573448	0.000654258	0.00216184	0.00303895	0.000197374	0.948187	0.000426905	0.000572813	0.00203864	0.000721982	0.00107235	0.0100414	0.000221894	0.000809907	0.00581649	0.0162277	0.000740972	0.000563476	0.000148699	0.00062293
147	0.00721329	0.00847091	0.00210597	0.00397185	0.00122605	0.00189144	0.00226237	0.0027851	0.321896	0.00665945	0.00317519	0.00237795	0.00241994	0.0170599	0.564469	0.00294335	0.0450349	0.00239889	0.000574722	0.001064
148	0.00847411	0.00421517	0.00433147	0.00394899	0.151289	0.00255756	0.0025013	0.184975	0.00454562	0.295285	0.0160731	0.00295998	0.00475594	0.00371767	0.00534099	0.0039798	0.00662542	0.20404	0.0844832	0.00590083
149	0.0207965	0.0286708	0.00134072	0.00608755	0.0103779	0.00707657	0.00142522	0.206108	0.00197886	0.0841263	0.0212965	0.010002	0.000902546	0.00175063	0.00249357	0.0249491	0.108983	0.438102	0.000658805	0.0228732
150	0.013307	0.00810911	0.00261745	0.00138617	0.0219079	0.00212962	0.0013535	0.12826	0.00299799	0.46588	0.0173177	0.00316481	0.00410614	0.00181647	0.00712069	0.00228281	0.0110107	0.293856	0.00541045	0.00596569
151	0.00796976	0.000964873	0.00173233	0.00152431	0.000452905	0.00277587	0.000967602	0.00200209	0.001407	0.00562853	0.000843135	0.00133421	0.000700772	0.00109702	0.00170579	0.209769	0.756793	0.00130617	0.000345055	0.000680492
152	0.544399	0.00174997	0.00460238	0.00168642	0.000755187	0.364311	0.000944715	0.0014462	0.00622507	0.00201105	0.00272184	0.00498921	0.000494518	0.00278004	0.00469029	0.0490419	0.00414976	0.00164509	0.0003819	0.000974771
153	0.0236396	0.0011061	0.00262445	0.00347734	0.000396462	0.923785	0.00095127	0.000713509	0.00330272	0.000925471	0.00178996	0.01038	0.000460486	0.00101807	0.00681573	0.0157008	0.0010943	0.000800898	0.00015369	0.000863872
154	0.042748	0.0329261	0.00140504	0.00265481	0.00261833	0.0014955	0.00251866	0.13511	0.00313256	0.57012	0.12653	0.00185611	0.000966564	0.00314334	0.00230745	0.00314414	0.00434885	0.0594835	0.00219069	0.00129982
155	0.0296353	0.00201958	0.00461309	0.00619103	0.000476562	0.897161	0.00137909	0.00238715	0.00385387	0.00188182	0.00248859	0.0122112	0.00381996	0.00182292	0.00684365	0.0172069	0.00233849	0.0022067	0.000464174	0.000999017
156	0.032809	0.00308763	0.0755637	0.148172	0.00166761	0.512841	0.0138291	0.00450925	0.0254915	0.010612	0.0038519	0.0766644	0.00529596	0.0173907	0.0199518	0.0232201	0.0125631	0.00858488	0.00191027	0.0019845
157	0.0486453	0.0106434	0.00966995	0.0149518	0.0197407	0.0131036	0.011616	0.12009	0.0189185	0.143475	0.435505	0.0117072	0.00609885	0.0142225	0.0203967	0.0184274	0.0201939	0.0443606	0.00663955	0.0115946
158	0.00573448	0.000654258	0.00216184	0.00303895	0.000197374	0.948187	0.000426905	0.000572813	0.00203864	0.000721982	0.00107235	0.0100414	0.000221894	0.000809907	0.00581649	0.0162277	0.000740972	0.000563476	0.000148699	0.00062293
159	0.262085	0.00424006	0.00312678	0.0047782	0.00135407	0.6526	0.00213088	0.00379774	0.00401617	0.00295859	0.00670667	0.00606237	0.00139782	0.00465876	0.00439872	0.0232116	0.00522454	0.00326795	0.000640475	0.00334382
160	0.482855	0.0131244	0.0272082	0.0216478	0.00391221	0.0489944	0.013365	0.0154761	0.0171101	0.0174123	0.00900844	0.0906503	0.00679902	0.00992643	0.0166646	0.136381	0.0315791	0.0255377	0.00192016	0.0104272
161	0.0550633	0.00641517	0.0300702	0.0958766	0.0107289	0.0151877	0.0388867	0.0236254	0.0528337	0.0406182	0.0332823	0.0148509	0.0141282	0.418531	0.0492495	0.0233283	0.0286494	0.0254727	0.00951362	0.0136883
162	0.0496032	0.0103829	0.0277114	0.0167134	0.00552408	0.0209367	0.0107014	0.0178204	0.0215574	0.0175721	0.00751759	0.0540557	0.248314	0.0135707	0.0185851	0.115858	0.313674	0.0230163	0.00254144	0.00434451
163	0.0293034	0.00424113	0.00901672	0.0074123	0.0546476	0.00495605	0.00511076	0.0408259	0.0162779	0.560612	0.0736005	0.00545865	0.00533331	0.0115178	0.0219412	0.0144137	0.0177673	0.0390195	0.0680372	0.0105067
164	0.817648	0.0079872	0.00213355	0.000730877	0.000258647	0.00765659	0.00046012	0.00664862	0.000747072	0.000848289	0.00143499	0.00173539	0.00506663	0.000745535	0.000844951	0.116587	0.0114685	0.0158441	0.000276492	0.000877566
165	0.294825	0.00455464	0.0047628	0.00674497	0.00403764	0.249956	0.00544323	0.180889	0.00948727	0.00915374	0.0320451	0.00662282	0.00300838	0.00586163	0.00786673	0.0442858	0.00969517	0.112823	0.0018783	0.00605784
166	0.0508731	0.00220123	0.00880744	0.0286384	0.00235489	0.00430327	0.0101347	0.0628984	0.248826	0.0159648	0.0109325	0.00683342	0.00836832	0.0106704	0.0658281	0.0602492	0.169347	0.226463	0.00155671	0.0047488
167	0.0252884	0.000928541	0.00187658	0.00269188	0.0604367	0.00829503	0.00175106	0.00443241	0.00833235	0.407613	0.437137	0.00273718	0.000881689	0.0038437	0.00428774	0.00280377	0.00535249	0.00246275	0.00763132	0.0112165
168	0.419296	0.00476008	0.0104102	0.0151875	0.00447342	0.00942945	0.0930358	0.0125664	0.0129824	0.167571	0.0100316	0.153256	0.00444357	0.0119544	0.0163634	0.0168065	0.0167334	0.0121651	0.00349828	0.00503508
169	0.00840773	0.00123786	0.100263	0.0974141	0.00124699	0.594784	0.0206107	0.00251832	0.00414335	0.0106774	0.00171773	0.089239	0.00102599	0.0112251	0.0129701	0.0190527	0.0110523	0.00992751	0.000721191	0.00176456
170	0.438171	0.0308231	0.00348115	0.00590608	0.036021	0.214033	0.00737232	0.015874	0.0135167	0.0315809	0.0251291	0.0095139	0.00248516	0.00952444	0.00639706	0.0395563	0.0323635	0.0216733	0.00122549	0.0553524
171	0.25561	0.141021	0.000975873	0.00140646	0.00503943	0.0185864	0.000929878	0.0738506	0.00154734	0.00904011	0.0137998	0.0165643	0.00267886	0.00127079	0.00178114	0.0633879	0.0857631	0.305666	0.000295772	0.000785597
172	0.21683	0.15551	0.00164189	0.00233365	0.0195358	0.0298917	0.00147891	0.116575	0.00237918	0.0179793	0.0350854	0.0109488	0.00226557	0.00189052	0.00246809	0.0807356	0.0664048	0.233962	0.000554496	0.00153003
173	0.00829926	0.00131275	0.000415651	0.00227232	0.0161155	0.000345033	0.000422032	0.248723	0.00065076	0.611414	0.0367104	0.000465116	0.00181293	0.000585154	0.00273082	0.000669602	0.000815988	0.0614929	0.000228313	0.00451812
174	0.249302	0.150675	0.00109912	0.00148983	0.00602706	0.0263138	0.00107412	0.0848723	0.001705	0.00940165	0.0152694	0.0187499	0.002669	0.0014353	0.00224689	0.0625443	0.0895697	0.274323	0.000319563	0.00091289
175	0.0838369	0.04778	0.00147083	0.00272104	0.00113838	0.0015585	0.00154686	0.205464	0.00223402	0.00820965	0.00563819	0.00324366	0.00105035	0.00198825	0.00249148	0.00258957	0.00715823	0.618416	0.000457359	0.00100659
176	0.033324	0.000598808	0.354502	0.505914	0.000502155	0.00274583	0.00673302	0.0011743	0.00749865	0.00427102	0.00832517	0.00699983	0.0144238	0.0133259	0.00510189	0.0114328	0.0146017	0.00600536	0.00092545	0.00159383
177	0.0827639	0.0482366	0.00143823	0.00273806	0.00119217	0.00156596	0.0015632	0.205939	0.00222973	0.008955	0.0058245	0.00327083	0.00104836	0.00201201	0.00248704	0.00262614	0.00728361	0.617323	0.000457135	0.00104516
178	0.00804256	0.000566235	0.761697	0.0616926	0.000466327	0.00203554	0.00382412	0.00124472	0.0116183	0.00391651	0.00211691	0.0808031	0.000514395	0.0116119	0.0216766	0.00659209	0.0164303	0.00145055	0.00282385	0.000876576
179	0.086854	0.00145272	0.00339946	0.273734	0.0014313	0.00265985	0.00275843	0.0320638	0.047174	0.0182845	0.00286708	0.0031152	0.266984	0.0514867	0.161711	0.00542439	0.00523995	0.0307671	0.0010046	0.00158886
180	0.146994	0.00126101	0.0273247	0.0647957	0.00145823	0.0131913	0.0138793	0.00320222	0.0274566	0.00420279	0.00234409	0.0267906	0.00116168	0.0363038	0.0783189	0.242597	0.249052	0.0152496	0.042744	0.00167183
181	0.0691268	0.00208985	0.00617012	0.00810052	0.00291208	0.00486731	0.00494406	0.0323134	0.0561237	0.0103519	0.0521588	0.0277124	0.00200259	0.00605039	0.449254	0.243317	0.0108837	0.0058325	0.00286208	0.00292693
182	0.179012	0.0515586	0.00211129	0.00339029	0.00388776	0.00261216	0.0033928	0.237576	0.00948745	0.195039	0.0580589	0.00207901	0.00092686	0.00540933	0.00291141	0.0105256	0.0101761	0.218838	0.00100223	0.00200675
183	0.0275594	0.000527953	0.279845	0.3572	0.000767884	0.00445717	0.0467901	0.0024537	0.0229256	0.00217795	0.00451082	0.00214951	0.000695511	0.135362	0.0764018	0.00891883	0.00614576	0.00299442	0.00646863	0.0116479
184	0.073266	0.00504109	0.003548	0.00997779	0.0436284	0.00362992	0.0049273	0.00910663	0.466298	0.0670007	0.0383485	0.00372144	0.0032014	0.0192773	0.213096	0.00492166	0.00695833	0.00468782	0.00130024	0.0180627
185	0.0432535	0.00595836	0.015222	0.0319492	0.00463428	0.00830524	0.0105823	0.0144673	0.196477	0.0524063	0.0683188	0.0156827	0.00388915	0.0256472	0.438695	0.023571	0.0191033	0.0103426	0.00419811	0.00729689
186	0.0462307	0.019415	0.00287697	0.00652591	0.0045199	0.00291757	0.0184075	0.280555	0.0188148	0.379976	0.0268732	0.00244754	0.00327896	0.0549408	0.00604138	0.00479233	0.0166451	0.0984793	0.00184097	0.00442098
187	0.111727	0.000328685	0.079311	0.154039	0.000385689	0.0232463	0.0322605	0.001061	0.159766	0.0011953	0.000699419	0.0336097	0.00217135	0.157726	0.213845	0.0217246	0.0055034	0.00087647	0.000181878	0.000341901
188	0.0148374	0.00271495	0.0584107	0.027251	0.00268288	0.0330842	0.0740041	0.0682854	0.0724338	0.029075	0.00440876	0.00709316	0.00249372	0.00802729	0.0080131	0.0882179	0.436906	0.0339133	0.00135986	0.0267874
