200	20
1	0.134057	0.0215435	0.0812669	0.0826023	0.00346694	0.019727	0.00804773	0.0477412	0.00571498	0.052588	0.0401384	0.0247473	0.185331	0.0162921	0.024827	0.107151	0.0801132	0.0569943	0.00108888	0.00656072
2	0.073414	0.00922455	0.138537	0.117603	0.00657824	0.0932743	0.0277427	0.0118076	0.0402182	0.0243814	0.0103892	0.12347	0.0118454	0.0478115	0.0357659	0.15916	0.0511925	0.00649249	0.00144983	0.0096412
3	0.107257	0.00856342	0.0842411	0.153217	0.00653872	0.0343185	0.0596851	0.0607796	0.0301662	0.0604664	0.0153517	0.0378158	0.0896758	0.0180258	0.0328382	0.0344391	0.0255734	0.130492	0.00203718	0.00851879
4	0.019883	0.005758	0.0043612	0.00688753	0.0307553	0.00241463	0.00839432	0.0484986	0.00742648	0.632731	0.106039	0.00369318	0.00366955	0.0163557	0.00936554	0.0157893	0.0179223	0.0391094	0.00187496	0.0190708
5	0.0385643	0.00293803	0.00246338	0.0034984	0.348642	0.00223907	0.0155634	0.0798083	0.00299471	0.139327	0.00295206	0.00446997	0.00229356	0.0109383	0.00681469	0.0191119	0.0104695	0.0381445	0.00244335	0.266323
6	0.0736187	0.00351671	0.148424	0.219551	0.0104656	0.0669619	0.01591	0.0108151	0.0289191	0.020435	0.019535	0.07213	0.0181469	0.0354487	0.0137575	0.149748	0.0677016	0.0119955	0.000487028	0.0124334
7	0.0444319	0.0246837	0.000802024	0.00695431	0.0104666	0.0028933	0.00394468	0.361475	0.00266345	0.144263	0.0409975	0.0027608	0.000751842	0.0092004	0.00333023	0.0308675	0.0625466	0.242061	0.00263978	0.00226627
8	0.0325288	0.0203233	0.0145105	0.0256132	0.00177434	0.00210826	0.0132372	0.0132228	0.309482	0.0232759	0.00528066	0.0108637	0.00110804	0.0934957	0.377721	0.0324908	0.00409562	0.0164085	0.00051074	0.00194847
9	0.101819	0.0704821	0.00957693	0.025034	0.0102215	0.0294419	0.0262082	0.0671649	0.0127315	0.047092	0.0201914	0.167403	0.00716098	0.0319882	0.0115175	0.125202	0.185824	0.0339144	0.00500367	0.0120221
10	0.198097	0.0264582	0.00371372	0.0282737	0.0686774	0.0359511	0.0731827	0.00759056	0.0047547	0.0461068	0.00379067	0.0730358	0.0116411	0.0961007	0.00354848	0.184603	0.0443599	0.00816184	0.00128768	0.0806645
11	0.0234258	0.00481056	0.00263224	0.00244117	0.286115	0.00165373	0.0329732	0.0444775	0.00330131	0.12696	0.00303166	0.0145614	0.00505213	0.012835	0.00589882	0.0224914	0.00929585	0.0224564	0.0163122	0.359275
12	0.00860129	0.00835535	0.00342023	0.00185596	0.173944	0.0012754	0.0612025	0.0101851	0.0047852	0.110732	0.00425136	0.0303393	0.0095233	0.0169793	0.00506183	0.0235607	0.00930089	0.00821388	0.0353625	0.47305
13	0.0298778	0.0124341	0.00119037	0.013129	0.0218337	0.00255145	0.00530932	0.33196	0.00203439	0.244746	0.0411273	0.00460525	0.00134729	0.0145938	0.00758587	0.0189644	0.0549274	0.189143	0.00111917	0.00152121
14	0.128108	0.00639122	0.0243693	0.0159393	0.00281935	0.00419986	0.00472885	0.126104	0.00409556	0.282914	0.0307075	0.0325575	0.02077	0.0401943	0.026797	0.0307279	0.0903997	0.115171	0.000725544	0.0122803
15	0.0570926	0.00911562	0.0160255	0.127907	0.00732122	0.0408943	0.013062	0.0176314	0.0307558	0.123352	0.0335804	0.022441	0.025606	0.274064	0.05689	0.0446594	0.0600165	0.0289416	0.00195836	0.00868472
16	0.04768	0.035647	0.0130814	0.024171	0.00395807	0.00422194	0.0125207	0.0209814	0.294938	0.0352904	0.00581356	0.0127817	0.00180241	0.0835279	0.334721	0.0381089	0.00738486	0.0179693	0.000867345	0.00453274
17	0.0803404	0.00990417	0.151312	0.0879851	0.00675093	0.0414817	0.0349735	0.0160711	0.0724148	0.0684299	0.0100826	0.114039	0.00864792	0.0744391	0.0759912	0.0805926	0.0363183	0.0179161	0.00124217	0.0110667
18	0.103324	0.0648802	0.00185068	0.0153582	0.029557	0.00175806	0.0159111	0.147348	0.00245175	0.0789733	0.0244592	0.00841555	0.00184425	0.00766245	0.00203847	0.0691602	0.0518699	0.317866	0.00100342	0.0542677
19	0.0383254	0.00277359	0.00244448	0.00344769	0.349249	0.00223622	0.0156001	0.0795175	0.0029502	0.13876	0.00282786	0.0044959	0.00229429	0.0109496	0.00677283	0.019011	0.0103211	0.0372407	0.0024593	0.268324
20	0.0419	0.0164414	0.0168995	0.0329327	0.00422948	0.0102847	0.0158021	0.0216293	0.244817	0.0516836	0.0139691	0.0190947	0.00482189	0.109588	0.308647	0.0381554	0.0181514	0.0252509	0.000945124	0.0047565
21	0.361606	0.0574363	0.00489549	0.0172544	0.00719961	0.0491831	0.0134277	0.0143032	0.00974002	0.0270695	0.00312531	0.0158873	0.00162134	0.0121326	0.00333133	0.30824	0.0444645	0.0349269	0.000787698	0.0133675
22	0.0112318	0.00844533	0.00568143	0.0031806	0.146463	0.0018259	0.0804301	0.0124588	0.00904031	0.117498	0.00493632	0.0388934	0.00857953	0.036894	0.00920434	0.0243466	0.0102556	0.00881024	0.0338561	0.427969
23	0.0317789	0.0133168	0.000879528	0.0114706	0.0196276	0.00274204	0.00488794	0.347598	0.00203148	0.22581	0.0407949	0.00376626	0.000858017	0.0129739	0.00654263	0.0196514	0.0545133	0.198136	0.00137483	0.00124524
24	0.646849	0.0152075	0.0030733	0.0108084	0.00666984	0.0264316	0.0104065	0.00607956	0.0056785	0.0257373	0.00181232	0.00542825	0.00165059	0.00686853	0.00408907	0.133128	0.026217	0.0457447	0.00052175	0.0175984
25	0.0511926	0.0159709	0.00465749	0.0309246	0.0164624	0.0156126	0.00904621	0.104897	0.00723164	0.407681	0.123375	0.00859483	0.00465922	0.0958604	0.0186752	0.0124312	0.0240093	0.0335068	0.00155681	0.013655
26	0.0846479	0.00987227	0.124139	0.0875405	0.00550999	0.109375	0.0208561	0.0134492	0.0535353	0.0166406	0.00838792	0.0964097	0.0127787	0.0588666	0.0540129	0.185756	0.0516241	0.00307948	0.00034925	0.00317
27	0.0275391	0.0118787	0.001126	0.0152584	0.0237555	0.00275061	0.00632617	0.330611	0.00223988	0.251135	0.0434044	0.00447654	0.0011936	0.0146815	0.00895897	0.0183065	0.0515265	0.182074	0.00111475	0.0016433
28	0.082044	0.0265008	0.00748633	0.00939644	0.00812026	0.0051167	0.00837606	0.0810646	0.00730236	0.148514	0.0228304	0.0121151	0.0713551	0.0170443	0.0171069	0.0546439	0.0747211	0.334955	0.00159295	0.00971393
29	0.0652164	0.00821565	0.00479148	0.0288566	0.0114837	0.0173547	0.00615532	0.149091	0.00766755	0.359052	0.144709	0.00868714	0.00506344	0.0615092	0.0201009	0.0120078	0.0321556	0.0454139	0.00170221	0.0107668
30	0.0854517	0.00946938	0.12058	0.0793796	0.00492322	0.109049	0.0227068	0.0135859	0.0565192	0.0152346	0.00817335	0.0954415	0.0128873	0.0609794	0.0555689	0.192667	0.0514047	0.00283121	0.000363835	0.00278422
31	0.0455482	0.00142347	0.264477	0.428449	0.00259861	0.0251628	0.0106004	0.00569731	0.0283227	0.010877	0.00522151	0.0224966	0.012628	0.0270292	0.00379896	0.0556144	0.0281933	0.0142663	0.000287381	0.00730793
32	0.0413216	0.0200401	0.000814125	0.00634356	0.011634	0.00428062	0.00340563	0.355189	0.00294018	0.148727	0.0375815	0.0027894	0.000983594	0.00929528	0.00340959	0.0248665	0.0610494	0.26055	0.00239438	0.0023844
33	0.106651	0.00544338	0.142215	0.187309	0.00750316	0.0595745	0.0133042	0.0247369	0.0166382	0.02719	0.0291156	0.0519986	0.0483696	0.0207875	0.0105638	0.135752	0.0651291	0.0328398	0.000549417	0.0143286
34	0.0210605	0.00805142	0.00273328	0.00957571	0.030559	0.00216027	0.00779747	0.142834	0.00487959	0.519409	0.071493	0.0039058	0.00220624	0.0153481	0.00877323	0.0131045	0.0242215	0.0969354	0.00128623	0.0136651
35	0.0849458	0.0248101	0.011771	0.0567255	0.0230612	0.0288854	0.0109075	0.0172552	0.153089	0.122407	0.0100878	0.0531562	0.00585144	0.182843	0.101587	0.0457856	0.0223555	0.0198166	0.0014676	0.0231922
36	0.241845	0.0463422	0.00857568	0.0131485	0.00629759	0.103371	0.0302357	0.0310661	0.0169628	0.0750917	0.0127631	0.0114577	0.136922	0.0484151	0.00766279	0.0825065	0.0629118	0.0539894	0.00123932	0.00919675
37	0.0291944	0.012084	0.00115363	0.0134426	0.026107	0.00270856	0.00599635	0.313526	0.00223934	0.250314	0.0408889	0.00454837	0.001182	0.0143636	0.00803517	0.0179552	0.0498083	0.199849	0.00104207	0.00556082
38	0.0328182	0.019697	0.0146227	0.0252131	0.00181287	0.00218797	0.0128205	0.0132434	0.310418	0.0232602	0.00523508	0.0106732	0.0011014	0.0945636	0.376449	0.0322028	0.00426118	0.0169406	0.000512901	0.00196621
39	0.023953	0.0051454	0.00484975	0.00348805	0.0257445	0.00188868	0.00554501	0.0306979	0.00662483	0.599826	0.142583	0.00468451	0.00639749	0.0139064	0.00943049	0.0251573	0.0326275	0.0385053	0.00124787	0.0176972
40	0.01833	0.0075898	0.00382705	0.0115979	0.0495371	0.00301513	0.0188797	0.0446346	0.0128791	0.606614	0.0867678	0.00325432	0.00257821	0.0162439	0.0131114	0.0117423	0.010542	0.0390043	0.00521296	0.0346383
41	0.66119	0.0140412	0.00147733	0.00719948	0.00658168	0.0175285	0.0117903	0.00829385	0.00501754	0.0277337	0.00241579	0.00415895	0.00149889	0.00735092	0.00446587	0.119185	0.0257824	0.0574025	0.000493513	0.0163927
42	0.0279251	0.00435498	0.105049	0.245867	0.0045444	0.0089429	0.011306	0.0156237	0.0302669	0.0587532	0.11753	0.0133464	0.00469334	0.116092	0.0219816	0.078403	0.0993993	0.0296338	0.00119557	0.0050927
43	0.0505759	0.00477497	0.00306255	0.0044772	0.310379	0.00327051	0.0201332	0.0709405	0.00412006	0.128269	0.00407982	0.00920378	0.00457069	0.0201157	0.00704756	0.0222963	0.0128732	0.0336747	0.00992755	0.276208
44	0.0217662	0.0204992	0.00414177	0.0306629	0.085178	0.00459413	0.0262342	0.0393668	0.0118508	0.507525	0.0752367	0.00788075	0.0031187	0.0286145	0.0285619	0.0216919	0.0143651	0.0287887	0.00359176	0.0363304
45	0.0859891	0.00869539	0.00587542	0.00925199	0.0634888	0.0239971	0.0108751	0.0473536	0.0267633	0.294246	0.0124329	0.00966984	0.00521444	0.0149917	0.00667021	0.0175123	0.0548407	0.233178	0.0267319	0.0422225
46	0.11068	0.0108924	0.00650674	0.010828	0.023259	0.0334284	0.0338532	0.13568	0.0394992	0.118047	0.0672451	0.0109358	0.0698039	0.128679	0.0623188	0.0241975	0.0191975	0.0866404	0.00177349	0.00653423
47	0.0279405	0.0122438	0.0011245	0.0142222	0.0235734	0.00264528	0.00594732	0.330051	0.00209485	0.248652	0.040851	0.00458347	0.00105807	0.0141707	0.00834773	0.018805	0.0533142	0.187524	0.00104675	0.00180454
48	0.0566815	0.0162558	0.00121674	0.00521754	0.0152947	0.0031237	0.00440407	0.262359	0.00653206	0.145427	0.0414394	0.00421318	0.00420492	0.01263	0.00359544	0.0226035	0.05394	0.328326	0.00198904	0.0105459
49	0.253829	0.069771	0.007928	0.0133758	0.00616953	0.116394	0.0129051	0.0718948	0.015323	0.0490437	0.00638008	0.0118931	0.0174518	0.0212522	0.00420985	0.171657	0.0959775	0.0461222	0.00140968	0.00701213
50	0.336844	0.0543055	0.00830204	0.0158948	0.00750439	0.118399	0.0148421	0.0312546	0.0183384	0.0330406	0.00472786	0.0105864	0.0035839	0.0176631	0.00296193	0.215019	0.0644599	0.0331384	0.000733163	0.00840087
51	0.0387801	0.00809741	0.00619923	0.0281709	0.0239844	0.00568588	0.0443491	0.163299	0.0264048	0.0412429	0.0544617	0.0297197	0.00411364	0.0684391	0.00650342	0.0808499	0.327973	0.0155775	0.00171271	0.0244355
52	0.0471888	0.0184976	0.000877717	0.00445795	0.0114542	0.00316764	0.00313879	0.329658	0.00357773	0.128895	0.0401504	0.00260816	0.00202409	0.00882519	0.00265658	0.023099	0.0547886	0.307818	0.00225799	0.00485945
53	0.00840463	0.00842851	0.00343898	0.00187039	0.17198	0.00130682	0.0615589	0.00958181	0.00481384	0.110484	0.00430171	0.0306978	0.00962088	0.0171441	0.00501948	0.0235368	0.00931451	0.00796753	0.0354955	0.475034
54	0.0760671	0.0731916	0.00536721	0.0112075	0.0910857	0.00579881	0.0312139	0.0746991	0.00773828	0.274922	0.056296	0.047434	0.00407212	0.0368811	0.00861134	0.0183892	0.070283	0.0396379	0.00233796	0.0647665
55	0.0745888	0.0159153	0.0640265	0.0325589	0.00892091	0.00684203	0.232883	0.0195013	0.0177869	0.0825942	0.00621126	0.162654	0.0039729	0.0901507	0.0566621	0.0302152	0.0227191	0.0324605	0.00263774	0.0366982
56	0.145771	0.00653444	0.0983045	0.177047	0.0070278	0.0140398	0.0370274	0.0250061	0.0673318	0.110293	0.0198851	0.0186568	0.00713217	0.113268	0.015606	0.061671	0.0428914	0.0223406	0.00182381	0.00834224
57	0.0745191	0.00396879	0.148028	0.210118	0.00979712	0.0686045	0.0158767	0.0103491	0.0313268	0.0196107	0.017669	0.0744522	0.0167389	0.0381293	0.0164863	0.153715	0.0678039	0.0103191	0.000402713	0.0120848
58	0.595294	0.0201063	0.00253108	0.00938797	0.00704316	0.0363891	0.0119638	0.00981589	0.00681965	0.0257677	0.00229467	0.0089366	0.00838724	0.00996763	0.00338224	0.142541	0.0389128	0.0400323	0.000884988	0.0195413
59	0.0184386	0.00602435	0.00416905	0.00769519	0.0347521	0.00222676	0.0107772	0.0496919	0.00780314	0.651825	0.0931729	0.00295301	0.00276963	0.015814	0.00963641	0.0111778	0.0112224	0.0353425	0.00218817	0.0223199
60	0.0338904	0.0191756	0.0144918	0.0255703	0.00181041	0.00293166	0.0123664	0.0139431	0.310069	0.0242363	0.00555256	0.0114888	0.00116507	0.0966801	0.367494	0.0333494	0.00563641	0.0177532	0.000472899	0.00192259
61	0.105417	0.0592933	0.001484	0.0102412	0.0257797	0.00189211	0.0208727	0.142857	0.00242572	0.0981471	0.0224925	0.0089985	0.00183733	0.00759746	0.00197506	0.0552996	0.050568	0.324484	0.000787259	0.0575506
62	0.0469011	0.0305771	0.00106113	0.00867066	0.0132537	0.00293081	0.0061309	0.323637	0.00260951	0.153553	0.0351446	0.00393478	0.00184131	0.00939717	0.00383079	0.0386007	0.0671755	0.241944	0.00230795	0.00649802
63	0.0252106	0.0423347	0.0159261	0.0262348	0.0042406	0.00527278	0.406433	0.00844311	0.0214914	0.0408446	0.00542783	0.137604	0.0030012	0.0209668	0.0569984	0.0645926	0.042502	0.0285785	0.00152162	0.0423753
64	0.0346322	0.000828637	0.303205	0.487573	0.000882935	0.0132056	0.00719421	0.00416413	0.0287595	0.00727559	0.000992134	0.00896057	0.0108877	0.0246987	0.00182589	0.0278496	0.0157087	0.0148233	0.000241628	0.00629065
65	0.190249	0.0616103	0.0255978	0.0295123	0.00724645	0.138302	0.0569403	0.033731	0.0203762	0.0814995	0.0228719	0.0124959	0.0102284	0.0429651	0.00468356	0.170251	0.0446897	0.0385404	0.00132955	0.0068801
66	0.0603168	0.0288908	0.0027572	0.00550638	0.0104835	0.00330584	0.0641197	0.0685056	0.0220641	0.125007	0.16157	0.0650082	0.0135139	0.0346472	0.0439367	0.113075	0.0877238	0.0668806	0.000895315	0.0217924
67	0.467604	0.0306791	0.00326796	0.0116201	0.0150783	0.0432008	0.0186649	0.00741179	0.00689545	0.0375566	0.00234019	0.016991	0.00225017	0.0169007	0.00358032	0.212281	0.0408472	0.0346617	0.000637984	0.0275305
68	0.0241477	0.00530196	0.00495802	0.00341218	0.0258301	0.00189134	0.00541834	0.0303479	0.00666042	0.597639	0.144252	0.00468372	0.00659271	0.0135004	0.0092532	0.0256707	0.0330599	0.038727	0.00119449	0.0174584
69	0.0580238	0.0328431	0.00270644	0.00630195	0.0144989	0.00311613	0.0478485	0.0795963	0.0213085	0.103923	0.156025	0.0671816	0.00971835	0.0364429	0.0360472	0.132274	0.10966	0.0662025	0.000883753	0.0153976
70	0.0559541	0.0202934	0.000995084	0.00450634	0.018816	0.00271294	0.0057992	0.247591	0.00430145	0.128422	0.0350712	0.00425214	0.00253697	0.00869911	0.00241106	0.0228561	0.0499621	0.367363	0.00149422	0.0159622
71	0.032016	0.00748208	0.0349532	0.011745	0.0428013	0.00598601	0.203746	0.0660643	0.0181431	0.143366	0.00784169	0.0808958	0.00426221	0.220637	0.0143166	0.0344647	0.0180094	0.0175581	0.0030429	0.0326681
72	0.049979	0.0345282	0.00102971	0.00651031	0.0089442	0.00319379	0.00432727	0.364766	0.00289252	0.12024	0.0375551	0.00314821	0.000853209	0.00838538	0.00256062	0.0352009	0.063805	0.244196	0.00397483	0.0039095
73	0.00874002	0.0108055	0.00356985	0.0046311	0.1476	0.0017744	0.0574681	0.0113292	0.00676742	0.171423	0.0133934	0.0269905	0.00801449	0.019151	0.00689691	0.0214051	0.00890926	0.0100084	0.0304194	0.430703
74	0.0263865	0.0122143	0.00390761	0.00827337	0.0228933	0.00370032	0.00840961	0.0829478	0.00614614	0.66154	0.0587706	0.0106924	0.00310354	0.0165328	0.00830544	0.0102137	0.0107391	0.0292541	0.0016843	0.0142854
75	0.0606993	0.00194381	0.0242814	0.0461451	0.00163122	0.028524	0.00867513	0.0374045	0.247014	0.0494455	0.0227165	0.0406674	0.00539965	0.125804	0.132964	0.0671719	0.0528074	0.044652	0.00030571	0.00174777
76	0.055092	0.00791034	0.00368598	0.0312477	0.0100777	0.0126348	0.00636413	0.187163	0.00830423	0.268716	0.225477	0.00725445	0.00348226	0.0562475	0.0137377	0.0137455	0.0278687	0.0506875	0.0020798	0.00822409
77	0.0318116	0.0213495	0.143569	0.0154611	0.00341892	0.0499737	0.112957	0.00644351	0.0131718	0.0309258	0.0038385	0.367635	0.00242452	0.0284585	0.00599897	0.0788527	0.0270804	0.00794405	0.0102703	0.038415
78	0.0342665	0.0188226	0.0145729	0.0258686	0.00175466	0.00355738	0.0122881	0.0144859	0.307095	0.0245726	0.00580085	0.0117207	0.00130692	0.0968071	0.36589	0.0335143	0.00673696	0.0184736	0.000505741	0.00195886
79	0.0864201	0.0261778	0.0064733	0.00645686	0.00513043	0.00361234	0.00620624	0.081459	0.00459597	0.157265	0.0221124	0.0106183	0.0801378	0.0140333	0.0201013	0.0558669	0.0703034	0.334711	0.000994853	0.00732418
80	0.0350126	0.000927341	0.29832	0.489156	0.000887388	0.0134471	0.00752588	0.00457286	0.02876	0.00781518	0.00120939	0.00884507	0.0116028	0.0245046	0.00122058	0.0280352	0.0158876	0.0157995	0.000281953	0.00618922
81	0.0176698	0.00779728	0.00369774	0.0124501	0.0441599	0.0027813	0.016588	0.0495173	0.0133569	0.616696	0.0873941	0.00325089	0.00235021	0.0173097	0.0135072	0.0111262	0.00987306	0.0366973	0.00360022	0.0301772
82	0.658319	0.0142899	0.00242465	0.008398	0.00678548	0.023001	0.0112214	0.00654534	0.00615857	0.0285359	0.00219258	0.00556984	0.00147648	0.00751486	0.00455922	0.125786	0.0253525	0.0456431	0.000531891	0.0156944
83	0.0604028	0.00172362	0.0255997	0.0486871	0.0015324	0.0281772	0.00933108	0.0397396	0.242711	0.0522315	0.0222894	0.0411771	0.00557359	0.124584	0.125955	0.0665774	0.0556845	0.0459475	0.000276939	0.0017983
84	0.0602891	0.00242029	0.0288076	0.0504814	0.00181266	0.0305976	0.00924096	0.0364911	0.238693	0.0487075	0.0217601	0.0415606	0.00546721	0.125774	0.130967	0.0687812	0.0523857	0.043515	0.00034991	0.00189821
85	0.10127	0.00476414	0.0581118	0.118308	0.00452568	0.0179132	0.0218905	0.0485796	0.0998446	0.0938771	0.0282384	0.0198593	0.00594848	0.148717	0.0370821	0.0730149	0.0721688	0.0397077	0.00115838	0.00502046
86	0.0811611	0.0334803	0.00144462	0.00612744	0.0293938	0.00288315	0.0118424	0.139367	0.00471908	0.124904	0.0277335	0.00737973	0.00343186	0.00828743	0.00181998	0.0339161	0.0414433	0.397986	0.00156561	0.0411142
87	0.0617742	0.00160585	0.0260789	0.048461	0.00155146	0.0287392	0.00854705	0.038891	0.240966	0.0501459	0.0222412	0.0418776	0.00563553	0.126492	0.125734	0.0674671	0.0557016	0.0460762	0.000309407	0.00170515
88	0.0624218	0.00177346	0.0248136	0.0476598	0.00158181	0.0276213	0.0085467	0.0408289	0.243212	0.051386	0.0225307	0.0418168	0.0055419	0.121505	0.124939	0.0679603	0.0563283	0.0475354	0.000304961	0.00169221
89	0.0409896	0.00787759	0.00676436	0.00890113	0.020476	0.00525561	0.0066941	0.0501406	0.00717528	0.501175	0.150603	0.00995836	0.00826819	0.02522	0.0130534	0.0297641	0.0471094	0.0440347	0.00114439	0.0153945
90	0.061001	0.00187126	0.0245614	0.0469431	0.00160839	0.0286144	0.00855209	0.0390312	0.241973	0.0499782	0.0233089	0.0422339	0.0056786	0.127594	0.127303	0.0677449	0.0541192	0.0457813	0.000309299	0.00179281
91	0.0763074	0.00701318	0.245377	0.105409	0.00593408	0.0234813	0.0145972	0.0106096	0.0490847	0.0328595	0.00942789	0.0591867	0.00578662	0.126415	0.111272	0.0561372	0.0414321	0.0118341	0.00146448	0.00637093
92	0.12088	0.00646098	0.00449771	0.0269974	0.0223543	0.00589625	0.00756557	0.285438	0.0645938	0.0894934	0.108817	0.0080053	0.00468233	0.0534908	0.00716142	0.0176623	0.0648358	0.0603423	0.0185438	0.0222813
93	0.0414948	0.00102311	0.280377	0.457063	0.00256675	0.019895	0.00802997	0.00518496	0.0276201	0.00917155	0.00371096	0.0155634	0.0123719	0.0245513	0.00163316	0.043406	0.0221947	0.014984	0.000319295	0.00883934
94	0.0347063	0.00083239	0.298734	0.494802	0.000846431	0.013509	0.00723699	0.0042112	0.0285345	0.00693958	0.000969215	0.0081533	0.0110801	0.023897	0.000859151	0.0278083	0.0154253	0.0150757	0.000262199	0.00611746
95	0.0423529	0.00195055	0.287954	0.410457	0.00242249	0.0199887	0.00905772	0.00608923	0.029336	0.012943	0.00602925	0.0210356	0.0110537	0.0341125	0.00988972	0.0450704	0.0286931	0.014215	0.000442923	0.00690598
96	0.107305	0.0111718	0.10677	0.0701486	0.00637459	0.0898438	0.0324806	0.0139258	0.0416695	0.0179715	0.00833694	0.0906901	0.0247908	0.0483077	0.0384897	0.219232	0.056493	0.00771186	0.000917153	0.00736938
97	0.0348861	0.0181878	0.000928578	0.0097273	0.0161796	0.00307871	0.00494403	0.351951	0.00243358	0.1881	0.0378651	0.00387023	0.000884253	0.0112931	0.00518111	0.0242114	0.0626813	0.220536	0.00174779	0.00131324
98	0.0749671	0.01989	0.00832824	0.0113925	0.0146217	0.00913885	0.010408	0.127871	0.010943	0.334625	0.0469007	0.0136946	0.0408265	0.0475205	0.0311804	0.0239133	0.0393903	0.123228	0.00145615	0.00970453
99	0.412654	0.046803	0.00500813	0.0121528	0.00799604	0.058235	0.0177621	0.0193782	0.0108122	0.02963	0.0031284	0.0120577	0.00414985	0.0138612	0.00354815	0.223369	0.0579954	0.0466471	0.000680679	0.0141315
100	0.0531699	0.0106622	0.0266661	0.025093	0.0251736	0.0144558	0.12275	0.0421405	0.0693112	0.14954	0.0147548	0.0776355	0.00606085	0.198492	0.0381429	0.0387701	0.0306299	0.0266837	0.004452	0.0254156
101	0.0227922	0.00555018	0.00430067	0.00589854	0.0284106	0.0026915	0.00764964	0.0451594	0.00687245	0.62397	0.117079	0.00396309	0.0046004	0.0161247	0.00917594	0.0176126	0.0213211	0.037266	0.0015764	0.0179856
102	0.593458	0.0237163	0.00224077	0.00883093	0.00659401	0.036037	0.0100796	0.00890705	0.00659716	0.0254176	0.00177195	0.00579947	0.00125622	0.00716725	0.00324343	0.168031	0.0335643	0.0423407	0.000441454	0.0145058
103	0.0631541	0.0340344	0.00636439	0.0344494	0.00647059	0.0552231	0.0343931	0.015536	0.00815972	0.108143	0.00758629	0.106736	0.00454526	0.0970146	0.0067991	0.154165	0.183747	0.0393498	0.0228475	0.0112815
104	0.660532	0.0157422	0.00148004	0.00785604	0.00659299	0.0220062	0.0104867	0.00685677	0.00534204	0.0247273	0.00170131	0.00438701	0.00123035	0.00676183	0.00426139	0.130421	0.0252036	0.0476796	0.000548645	0.0161827
105	0.125566	0.0127642	0.0105915	0.0201409	0.0586396	0.0155412	0.025535	0.029738	0.0188705	0.180353	0.0166007	0.0301701	0.0155508	0.0735081	0.0153042	0.0363035	0.0376635	0.0359967	0.129458	0.111705
106	0.0832371	0.0394121	0.0011608	0.00666617	0.0283735	0.00190827	0.0130417	0.144215	0.00329658	0.109051	0.0264498	0.00764008	0.00276969	0.00767646	0.00164737	0.0388623	0.042538	0.397849	0.000812611	0.0433919
107	0.0406849	0.0182848	0.122732	0.0151437	0.00369695	0.059777	0.111435	0.00742299	0.0168922	0.0334558	0.00449718	0.351516	0.00302731	0.0257187	0.00645005	0.0805323	0.0355056	0.00851699	0.0134891	0.0412205
108	0.0290215	0.0134123	0.00111797	0.0133698	0.022658	0.0026442	0.00545688	0.331101	0.0021846	0.245512	0.0441881	0.00509957	0.000944711	0.0150317	0.00752444	0.0194983	0.055424	0.183036	0.00112069	0.00165384
109	0.511222	0.0258282	0.00310685	0.00878081	0.0158139	0.020593	0.0205559	0.0186426	0.0142778	0.0364259	0.00514994	0.00776532	0.00249565	0.0176893	0.0127656	0.157868	0.0261112	0.0621457	0.00119662	0.0315656
110	0.0284592	0.00798916	0.00469712	0.0255006	0.0187396	0.00632935	0.0117046	0.115687	0.0411151	0.177392	0.149061	0.028922	0.00379037	0.0890792	0.01104	0.0886348	0.0806744	0.102577	0.00189452	0.00671368
111	0.318395	0.0437338	0.01815	0.0225112	0.00805403	0.113555	0.0177948	0.0256264	0.017607	0.0352144	0.00554112	0.0183356	0.0100675	0.0213718	0.00688898	0.214708	0.0571764	0.0326695	0.000875521	0.0117242
112	0.0818789	0.00938138	0.115168	0.0775939	0.00469483	0.109549	0.0206866	0.0147955	0.0657809	0.0166741	0.00882452	0.0926672	0.0122729	0.0641445	0.0627628	0.183482	0.0524328	0.00435258	0.000334055	0.00252326
113	0.0354029	0.000831744	0.297592	0.489403	0.000967295	0.0143828	0.00751248	0.00427505	0.0286678	0.00708345	0.00130759	0.00918038	0.0112684	0.0238578	0.000880503	0.0297082	0.0161652	0.0150242	0.000261533	0.00622707
114	0.0641638	0.00401483	0.0463626	0.050878	0.00218533	0.05532	0.0122916	0.0314837	0.196238	0.0396074	0.0186193	0.0545999	0.00733473	0.1122	0.114482	0.100741	0.0540148	0.0332676	0.000317156	0.00187761
115	0.0945625	0.0431737	0.0021063	0.00938649	0.0301253	0.0024451	0.0156187	0.140911	0.0037115	0.102893	0.0270839	0.0138976	0.00229654	0.0140961	0.00252024	0.0489138	0.0396654	0.33274	0.00117739	0.0726742
116	0.0628269	0.00640103	0.0825569	0.0622818	0.0029137	0.0283838	0.0130792	0.0237167	0.19397	0.0360699	0.0144729	0.0437949	0.00510109	0.117057	0.169383	0.0719184	0.037403	0.0251045	0.000652355	0.00291331
117	0.0348469	0.000840456	0.298683	0.493771	0.000896273	0.013647	0.00727913	0.00421087	0.0284553	0.00702542	0.000992187	0.00827958	0.0111372	0.0238757	0.00085906	0.0280985	0.0155917	0.0150759	0.000263504	0.00617164
118	0.669571	0.0141214	0.00159477	0.00796064	0.00655923	0.020557	0.0105306	0.00684495	0.0051668	0.0252126	0.00178822	0.00423496	0.00132413	0.00755393	0.0043743	0.123812	0.0243505	0.0479745	0.000480839	0.0159875
119	0.0522622	0.00408211	0.00368647	0.00473079	0.327432	0.00349962	0.0334428	0.0523446	0.00395146	0.135565	0.00470719	0.00747119	0.00342403	0.0123797	0.013706	0.0343418	0.0191826	0.0457722	0.00573957	0.232278
120	0.0197604	0.00970579	0.0222992	0.00558584	0.124051	0.00447762	0.123801	0.0217397	0.00838226	0.129014	0.00671212	0.0448692	0.00721629	0.0523092	0.00858455	0.0372126	0.0118303	0.0119066	0.0221556	0.328387
121	0.0480713	0.0260536	0.00415466	0.026536	0.0148462	0.00569429	0.0250731	0.237826	0.00797833	0.137867	0.0299189	0.0115953	0.00430575	0.0171148	0.00722632	0.0858084	0.0981715	0.197278	0.00245591	0.0120241
122	0.0345627	0.00313032	0.00231664	0.00322893	0.33706	0.00216057	0.0177	0.0742768	0.00298636	0.132834	0.00274981	0.00627258	0.00288793	0.0111581	0.00635467	0.0191071	0.00977734	0.0348644	0.00437106	0.2922
123	0.0610231	0.00354338	0.13351	0.224255	0.00736358	0.0457721	0.0148476	0.0128227	0.0419242	0.0304989	0.0403763	0.058619	0.0119652	0.0706229	0.0218468	0.12886	0.067699	0.0151622	0.00048573	0.0088018
124	0.0362361	0.000929037	0.295355	0.48416	0.00111595	0.0151213	0.00769117	0.00435757	0.0283173	0.00750934	0.00140964	0.0105891	0.0111866	0.0243183	0.00136951	0.0317799	0.01706	0.0148371	0.000258745	0.00639828
125	0.018091	0.00578461	0.00382621	0.00694295	0.033052	0.00217769	0.00927991	0.0506076	0.00706057	0.657966	0.0942728	0.00318508	0.00286668	0.0163206	0.00900073	0.0114817	0.0114782	0.0350249	0.00192218	0.0196581
126	0.281862	0.0650188	0.00730032	0.0140747	0.00616027	0.104894	0.0133212	0.0475891	0.0175917	0.0304508	0.00423842	0.0110146	0.00273834	0.0236845	0.00256093	0.253751	0.0726993	0.0332588	0.000855358	0.00693551
127	0.0347273	0.000839665	0.298607	0.49456	0.000840081	0.0134981	0.00722017	0.00419501	0.0284092	0.00708193	0.000974217	0.00818546	0.01105	0.0238867	0.000934813	0.0279817	0.0154541	0.0150794	0.000278801	0.00619718
128	0.0331444	0.0197439	0.0144631	0.0253415	0.00182237	0.00229231	0.0127298	0.0134807	0.309034	0.0237757	0.00530413	0.0105773	0.00114127	0.0944691	0.376455	0.032319	0.0044463	0.0169974	0.00051368	0.00194837
129	0.00826	0.00871916	0.00344782	0.00195875	0.167704	0.00134156	0.0616738	0.0088382	0.0049378	0.10801	0.00431478	0.0318329	0.00965366	0.0174393	0.00498868	0.0240126	0.00944394	0.00762645	0.0345678	0.481229
130	0.210715	0.0463502	0.0138396	0.0218826	0.00864365	0.0630868	0.0198625	0.022022	0.0139221	0.0347082	0.00623648	0.0353129	0.00916215	0.0213164	0.00627152	0.340862	0.080172	0.0289419	0.00151941	0.0151725
131	0.165003	0.0494977	0.0171528	0.0191718	0.00399063	0.0373847	0.00635721	0.0435664	0.00605778	0.0663722	0.0123192	0.0115128	0.264836	0.0185497	0.00925776	0.121418	0.0779371	0.0609559	0.000839149	0.00782028
132	0.0262423	0.0052571	0.00702437	0.00316909	0.0218114	0.0021532	0.00514255	0.0300108	0.00811724	0.572869	0.154095	0.00585573	0.0104282	0.013722	0.00877075	0.0299209	0.04045	0.0390038	0.00102761	0.014929
133	0.0219663	0.00656399	0.00378606	0.00711216	0.0279584	0.00210489	0.00755066	0.0883262	0.00630517	0.576637	0.0955591	0.00440609	0.00340196	0.0158773	0.00839505	0.0182974	0.0232552	0.0652861	0.00144332	0.0157673
134	0.0437943	0.00895788	0.00478154	0.0261089	0.0234761	0.0164262	0.010261	0.084726	0.00853588	0.498832	0.102827	0.00718693	0.00344717	0.0532102	0.0162975	0.0122995	0.0195664	0.0342116	0.00220539	0.0228481
135	0.0973839	0.0446659	0.0163286	0.0215912	0.0110645	0.0119637	0.031484	0.0563699	0.0174816	0.0875103	0.0814933	0.0864494	0.0647539	0.0353359	0.0535168	0.0653733	0.0568456	0.14404	0.00272523	0.0136225
136	0.246541	0.0564706	0.00994647	0.0187781	0.00879203	0.112758	0.0242134	0.023812	0.0136907	0.041624	0.00552728	0.0199721	0.00230937	0.0190631	0.00289203	0.289621	0.0609594	0.0277977	0.000796107	0.0144366
137	0.0759207	0.00486314	0.0160769	0.0313897	0.00855676	0.0347523	0.0152068	0.076664	0.152851	0.0682812	0.05359	0.0268642	0.0327503	0.142244	0.0985561	0.0592452	0.0386728	0.0593171	0.000825799	0.00337173
138	0.640997	0.017164	0.001889	0.00830376	0.00619904	0.0255504	0.0106513	0.00656539	0.00543597	0.0268475	0.00200658	0.00517512	0.0021904	0.00673774	0.00371624	0.143339	0.027105	0.0436587	0.000550371	0.0159174
139	0.108366	0.0586722	0.00466959	0.00790004	0.00757435	0.00395085	0.00904657	0.0291225	0.00518411	0.0506406	0.00931926	0.00776939	0.0127761	0.0254725	0.00614507	0.101221	0.097486	0.443289	0.00134831	0.0100469
140	0.140136	0.0371875	0.0112627	0.0142007	0.00666738	0.146822	0.116576	0.0189169	0.0489471	0.14203	0.0327167	0.0100945	0.0331091	0.087649	0.00869959	0.0534541	0.041011	0.0421546	0.00177392	0.0065912
141	0.0435657	0.00864056	0.00723491	0.0406209	0.00765309	0.0358316	0.0104932	0.054967	0.00992987	0.25698	0.141863	0.0175951	0.00891498	0.182485	0.0434694	0.0240716	0.0580607	0.0370663	0.00148938	0.00906829
142	0.0829357	0.00998551	0.120755	0.083479	0.00500183	0.111861	0.0209563	0.0136488	0.0569117	0.0159949	0.00843834	0.0967816	0.0123338	0.0616896	0.0562949	0.185653	0.0512083	0.00284292	0.000340867	0.00288748
143	0.0417392	0.010356	0.0316103	0.0404195	0.00193857	0.0121401	0.0178403	0.0201096	0.264652	0.0321445	0.015092	0.0357991	0.00261092	0.103932	0.270108	0.0487352	0.0231284	0.0247318	0.000497719	0.00241422
144	0.0207033	0.00716978	0.00331158	0.00331056	0.185203	0.00206563	0.0461652	0.0104593	0.00469503	0.117505	0.00411153	0.0280833	0.0165845	0.0176103	0.00472881	0.0205536	0.0137085	0.00890267	0.0805054	0.404623
145	0.0347063	0.00083239	0.298734	0.494802	0.000846431	0.013509	0.00723699	0.0042112	0.0285345	0.00693958	0.000969215	0.0081533	0.0110801	0.023897	0.000859151	0.0278083	0.0154253	0.0150757	0.000262199	0.00611746
146	0.0347063	0.00083239	0.298734	0.494802	0.000846431	0.013509	0.00723699	0.0042112	0.0285345	0.00693958	0.000969215	0.0081533	0.0110801	0.023897	0.000859151	0.0278083	0.0154253	0.0150757	0.000262199	0.00611746
147	0.666455	0.0139748	0.0016912	0.00752091	0.00660848	0.0189768	0.0111492	0.00917036	0.00569032	0.0270834	0.00227308	0.00401251	0.00145181	0.00724848	0.00452617	0.117579	0.0242678	0.0534988	0.000448891	0.0163733
148	0.0348676	0.000883819	0.301008	0.489378	0.00101026	0.0133184	0.00722259	0.00419014	0.0285585	0.00767446	0.00104234	0.00857389	0.010885	0.0246949	0.00167441	0.028021	0.0155348	0.0148732	0.000276151	0.00631215
149	0.08345	0.00927497	0.110944	0.0735973	0.00493953	0.109956	0.0227877	0.0148574	0.0570975	0.0148606	0.00987777	0.0869578	0.0151341	0.062987	0.0584137	0.202299	0.0562215	0.00323467	0.000355988	0.00275309
150	0.128345	0.00640125	0.0243708	0.0157384	0.00304989	0.00429929	0.00470772	0.125608	0.00407548	0.283076	0.0309967	0.0326579	0.0204915	0.040169	0.0267862	0.0303517	0.0901933	0.115172	0.000777628	0.0127336
151	0.027923	0.00871148	0.00468126	0.00787849	0.0277797	0.00367468	0.00852289	0.0559279	0.00727237	0.630165	0.0903633	0.00631342	0.00458512	0.0170011	0.00952054	0.0147659	0.0177601	0.0374111	0.00174843	0.0179941
152	0.0430307	0.00631645	0.0137409	0.0744511	0.00459915	0.0382725	0.0113093	0.0302977	0.0528984	0.16068	0.0605875	0.0341422	0.0104604	0.204328	0.0782718	0.0349617	0.0754402	0.0578342	0.00162632	0.0067512
153	0.0346001	0.000839267	0.303933	0.48695	0.000869636	0.0131661	0.00717659	0.00412305	0.0287907	0.00727689	0.000997284	0.00884999	0.0107922	0.0250547	0.00192101	0.0277798	0.0157372	0.0146955	0.000253229	0.00619393
154	0.454912	0.0468993	0.00423327	0.0125301	0.00738307	0.0375242	0.0136583	0.0109377	0.007744	0.0264191	0.00252983	0.0187184	0.0015804	0.0111198	0.00381184	0.250352	0.0372852	0.0357782	0.000589503	0.0159938
155	0.0214024	0.00609513	0.00349997	0.00944472	0.0331983	0.00340313	0.00924978	0.0666465	0.00704933	0.621374	0.097569	0.00307568	0.00266945	0.0204304	0.0107189	0.0106909	0.011959	0.03916	0.00195059	0.0204125
156	0.0738826	0.00586461	0.143673	0.169284	0.00711848	0.0732574	0.0172103	0.0100903	0.0404292	0.0240341	0.013462	0.0869569	0.0122977	0.0554547	0.0322294	0.159943	0.0609627	0.00630028	0.000373125	0.00717622
157	0.0733697	0.00375522	0.158806	0.223339	0.010163	0.065974	0.0153172	0.0103126	0.03061	0.019169	0.017109	0.0705181	0.0167751	0.0355297	0.0146301	0.146258	0.0644329	0.0110742	0.000433964	0.0124234
158	0.191848	0.00451895	0.0149531	0.014952	0.0071378	0.0404044	0.0154055	0.016467	0.0209207	0.00905475	0.00259161	0.0405681	0.28568	0.0423142	0.00236973	0.166258	0.0715989	0.0272376	0.000569898	0.0251501
159	0.0805841	0.00941285	0.113815	0.073259	0.00472529	0.11332	0.0219398	0.0149492	0.0640803	0.0160884	0.00853886	0.0978967	0.0121582	0.0643717	0.0621325	0.183349	0.0521759	0.00409716	0.000459786	0.002647
160	0.0319803	0.0303111	0.158707	0.0218988	0.00435729	0.0366088	0.134179	0.00766968	0.0121814	0.0399639	0.00423162	0.311817	0.00273886	0.0364247	0.0112751	0.0704859	0.0219761	0.0100455	0.00755622	0.0455911
161	0.209443	0.00902441	0.0124972	0.014886	0.00623489	0.0395609	0.0121811	0.0188117	0.0168523	0.0142565	0.00275239	0.0316741	0.292694	0.0377904	0.00231635	0.146909	0.0740447	0.0331728	0.000539369	0.0243591
162	0.0346443	0.000928729	0.308668	0.477254	0.000963368	0.013311	0.0074435	0.00416308	0.0288335	0.00764605	0.00105632	0.00997858	0.0106941	0.0255981	0.00218342	0.0286737	0.0170223	0.0145744	0.000281463	0.00608223
163	0.0843718	0.0308794	0.00613839	0.0151759	0.0112588	0.0101923	0.0153298	0.14336	0.0103259	0.13946	0.0318106	0.0170683	0.0189101	0.0219911	0.0112104	0.109942	0.0991098	0.205457	0.00208475	0.0159227
164	0.0194936	0.00697365	0.00368062	0.00808402	0.0367974	0.00232635	0.0104394	0.0620968	0.0075286	0.629209	0.089859	0.00358055	0.0026553	0.0160685	0.00935142	0.0111211	0.0125262	0.0421447	0.002071	0.0239932
165	0.0609065	0.0305695	0.000958771	0.00490343	0.0115508	0.00277488	0.00535433	0.304953	0.00300306	0.112022	0.0338624	0.0036137	0.0020621	0.00948232	0.00228739	0.0324956	0.0567811	0.308961	0.00224853	0.0112103
166	0.0545585	0.0194512	0.102646	0.030367	0.00560923	0.068172	0.081788	0.0118788	0.0223962	0.0315839	0.00683322	0.317479	0.00728629	0.0338587	0.0147335	0.0980457	0.0429765	0.0117379	0.00869117	0.0299072
167	0.0245686	0.00500566	0.00529926	0.00303449	0.0243644	0.00185328	0.00505103	0.0295736	0.00673859	0.593758	0.147319	0.00513414	0.00713867	0.013496	0.00918288	0.0273025	0.03565	0.0379503	0.00111843	0.0164611
168	0.0467576	0.0234129	0.000795619	0.00544375	0.00875864	0.00309274	0.0032371	0.368074	0.0027717	0.127103	0.0403309	0.002557	0.000974998	0.00873528	0.00283036	0.0284146	0.0618851	0.260618	0.0027051	0.00150127
169	0.096138	0.0512562	0.00136721	0.00853093	0.0278246	0.00156395	0.0170357	0.138477	0.00254795	0.0945908	0.0267838	0.00984674	0.00247447	0.00759405	0.00174131	0.046509	0.0458328	0.371652	0.000708312	0.0475251
170	0.0925306	0.0565685	0.00136674	0.00893667	0.0237284	0.00169912	0.0171266	0.150563	0.00245928	0.0958638	0.0234821	0.00758572	0.00430569	0.00725374	0.002191	0.0519375	0.0509463	0.357502	0.000908059	0.0430453
171	0.198062	0.051436	0.00560246	0.0185977	0.0276125	0.0601846	0.040813	0.0099567	0.00656872	0.0501228	0.00363037	0.0546234	0.00502909	0.0469218	0.00297644	0.279755	0.066237	0.0157436	0.00164919	0.0544784
172	0.110397	0.0103263	0.0139089	0.0137447	0.0120383	0.0104091	0.134832	0.0729884	0.0390876	0.113598	0.0226939	0.0570507	0.0112925	0.129754	0.0653176	0.0272484	0.0683381	0.0708794	0.00285441	0.0132412
173	0.0296204	0.00734399	0.0298503	0.0109135	0.0462898	0.00622172	0.198688	0.0608612	0.0183498	0.167452	0.00789082	0.0847747	0.00395119	0.196734	0.0126881	0.040804	0.0161732	0.0165113	0.00407727	0.0408048
174	0.040966	0.0134883	0.00398878	0.00642149	0.0137346	0.00342464	0.0198293	0.0530926	0.0133245	0.329444	0.168442	0.0383039	0.00847506	0.0391831	0.0234729	0.0789579	0.0795732	0.0531064	0.000604467	0.0121671
175	0.0825492	0.00975295	0.118686	0.0789672	0.00488414	0.11406	0.0212913	0.0137363	0.0583564	0.0153489	0.00832623	0.0953662	0.0125166	0.0620284	0.0586839	0.18784	0.05191	0.00277915	0.000332402	0.00258483
176	0.0448126	0.0112944	0.0190196	0.0347246	0.00171336	0.0135353	0.0103488	0.0242276	0.28766	0.0344408	0.013009	0.0239804	0.00322494	0.10926	0.261032	0.0468394	0.0268149	0.0317557	0.000393642	0.0019134
177	0.194813	0.00463759	0.0147812	0.0142328	0.00689238	0.0401121	0.0142707	0.0162413	0.0201402	0.00898388	0.00251646	0.0385357	0.29126	0.0417355	0.00206354	0.163668	0.0717006	0.0276178	0.000594324	0.0252032
178	0.186714	0.00436051	0.0162794	0.0140673	0.00921545	0.0389237	0.0162803	0.0155954	0.0210219	0.00926428	0.00276384	0.0402907	0.277305	0.0424642	0.00219066	0.164015	0.0782713	0.030383	0.000629781	0.0299646
179	0.0742351	0.00373162	0.155337	0.239086	0.00808669	0.0595348	0.0164755	0.0100216	0.0325408	0.01876	0.0160019	0.0661086	0.0170816	0.0398186	0.0158783	0.141017	0.0649938	0.0105359	0.000367522	0.0103879
180	0.0380902	0.0156158	0.0160145	0.0291948	0.00186465	0.00746929	0.0112439	0.01796	0.294074	0.0290952	0.00830882	0.0166902	0.00195711	0.105417	0.327884	0.0383012	0.0141273	0.0243318	0.000474445	0.00188504
181	0.00823628	0.00870083	0.00345368	0.00194261	0.167783	0.00132621	0.0616257	0.0088844	0.00493508	0.108139	0.00431999	0.0317915	0.00962894	0.0174513	0.00499624	0.0239782	0.00939367	0.00764899	0.0345867	0.481178
182	0.0278516	0.0121355	0.0010136	0.0140644	0.023456	0.00258288	0.00561263	0.331909	0.00212551	0.247679	0.0429029	0.00437341	0.000901753	0.0148864	0.00823206	0.0189317	0.0532759	0.185506	0.00103412	0.0015262
183	0.131443	0.0214979	0.0135789	0.0495802	0.0056645	0.0521759	0.0340727	0.0330779	0.0085286	0.0280126	0.00644104	0.233091	0.00576008	0.0209868	0.00636001	0.184625	0.120328	0.031058	0.00391681	0.00980144
184	0.0828998	0.00796743	0.0656099	0.117787	0.00755681	0.0221603	0.0409453	0.0385312	0.0366794	0.128032	0.0621846	0.0197057	0.00811936	0.178477	0.0218963	0.04888	0.0719907	0.0309295	0.00215304	0.00749492
185	0.0195184	0.00569704	0.00362874	0.00774177	0.0326216	0.00249893	0.00899093	0.0622967	0.00682944	0.634339	0.0986123	0.00313172	0.00281132	0.0170131	0.00945553	0.0117005	0.0129137	0.0391065	0.00185734	0.0192352
186	0.0370003	0.0166848	0.0157002	0.0294188	0.00186615	0.00642117	0.0119331	0.018268	0.297806	0.0303134	0.00774058	0.0157602	0.00166496	0.102586	0.33332	0.0386162	0.0117987	0.0207436	0.000413738	0.0019447
187	0.0574257	0.00426242	0.0575311	0.103747	0.00383001	0.026236	0.0259609	0.0730659	0.131474	0.0848401	0.0402279	0.0223729	0.00586021	0.129831	0.0509065	0.0614141	0.073024	0.0424619	0.000999702	0.00452834
188	0.259147	0.052748	0.0116867	0.0224307	0.0103314	0.118584	0.0169961	0.0252413	0.0166416	0.0411623	0.00491303	0.0176177	0.00242877	0.0165124	0.0025406	0.264767	0.0706724	0.0341838	0.000814104	0.0105804
189	0.191269	0.0283867	0.00442049	0.0245411	0.0810411	0.0359449	0.0846179	0.00918777	0.00541826	0.0428208	0.0042101	0.069033	0.0159984	0.0985985	0.00433743	0.1706	0.0400517	0.00925683	0.00136765	0.0788984
190	0.0847801	0.00975498	0.126752	0.0914405	0.00538356	0.106975	0.020829	0.0136073	0.0529922	0.0170105	0.00831145	0.0985473	0.0122258	0.0586081	0.0516962	0.183241	0.0510594	0.00309898	0.000357973	0.00332847
191	0.052263	0.0445615	0.0446813	0.0233581	0.00640252	0.0278236	0.240923	0.0107874	0.0164042	0.0360621	0.00581454	0.189782	0.00365606	0.0263929	0.0281958	0.140303	0.0442074	0.0202872	0.00401364	0.0340805
192	0.129948	0.0209943	0.0737724	0.0705468	0.00357377	0.0148089	0.00738077	0.0472202	0.00525389	0.0631037	0.0425999	0.0197943	0.216103	0.0194089	0.0250804	0.0969461	0.081505	0.0551292	0.00114511	0.00568502
193	0.034298	0.00679195	0.00390313	0.00479678	0.169466	0.00317307	0.0372332	0.0112884	0.00523206	0.129068	0.00488035	0.0288584	0.0207611	0.0214933	0.0054802	0.01944	0.0194657	0.0101699	0.119855	0.344345
