1317	20
1	0.0579756	0.00384219	0.106739	0.239174	0.00124967	0.0129407	0.033534	0.0027085	0.155925	0.0124195	0.00882298	0.0645323	0.00628294	0.102714	0.100127	0.0375533	0.0320639	0.017157	0.000221173	0.00401722
2	0.0445809	0.00633007	0.279714	0.428502	0.00384762	0.0151979	0.018688	0.0020592	0.0306877	0.00777556	0.00528736	0.021145	0.00297511	0.0386215	0.0142176	0.0398947	0.0251708	0.0082624	0.00310076	0.00394144
3	0.0116122	0.0112694	0.000557793	0.00208357	0.359804	0.000651139	0.022821	0.00862549	0.00732011	0.0296989	0.00781116	0.00644277	0.000444786	0.00571629	0.00716802	0.0147761	0.00512704	0.0118797	0.0180228	0.468168
4	0.0272672	0.0374874	0.00126467	0.00163972	0.0265612	0.00449012	0.00426989	0.334597	0.00432644	0.0786413	0.0239544	0.00134064	0.00586474	0.00413522	0.00197477	0.0105898	0.0230744	0.401345	0.000969321	0.00620644
5	0.0581287	0.00890914	0.0278341	0.0576799	0.0116099	0.0242354	0.0648155	0.0165781	0.155504	0.0343567	0.0151961	0.0710847	0.00691135	0.0818004	0.192366	0.0793955	0.0525032	0.0186079	0.00557633	0.0169072
6	0.0252892	0.00456886	0.00103202	0.000765198	0.00710008	0.00191413	0.00069957	0.282798	0.00425297	0.0706027	0.0156593	0.000634485	0.000748108	0.00239094	0.00104458	0.00882343	0.0141952	0.55495	0.000387855	0.00214247
7	0.0196988	0.00889458	0.00689579	0.0108573	0.0355971	0.0041013	0.0043664	0.121741	0.0123369	0.533713	0.0760999	0.00592588	0.00499094	0.0105967	0.010232	0.0138695	0.0150123	0.0934703	0.00235542	0.00924503
8	0.015796	0.00761435	0.00123194	0.000754159	0.0112632	0.00127724	0.000868891	0.508964	0.00307987	0.0918892	0.0241154	0.000721412	0.000655522	0.00176551	0.00105926	0.0049647	0.0128316	0.308867	0.000289329	0.00199145
9	0.551734	0.0392462	0.00463915	0.00331706	0.00222412	0.0634663	0.00167236	0.0131751	0.00154114	0.0111024	0.00458474	0.00350854	0.00476527	0.00357739	0.0023356	0.175301	0.0271948	0.0813472	0.000649494	0.00461806
10	0.0505693	0.0122839	0.0427823	0.0179352	0.00728636	0.0176953	0.0291996	0.0114071	0.0252515	0.0188974	0.00983977	0.318429	0.00475469	0.0165957	0.0136026	0.167881	0.207935	0.0184343	0.00201677	0.00720274
11	0.0366263	0.0103274	0.0731041	0.0408636	0.0224925	0.0321105	0.0972055	0.0115804	0.055746	0.0219443	0.00644455	0.307507	0.00638289	0.0394384	0.0492764	0.0884549	0.0382449	0.0136319	0.00636765	0.0422512
12	0.0384116	0.00566581	0.0277274	0.0313221	0.00222398	0.756523	0.00610384	0.00240163	0.0122418	0.00503002	0.00236255	0.0192677	0.00704161	0.0111544	0.0087663	0.0481722	0.00972334	0.00445286	0.000221771	0.00118595
13	0.0115016	0.00528101	0.00330398	0.0036927	0.10015	0.00190161	0.00204656	0.284169	0.0113122	0.251222	0.161601	0.00923372	0.00138767	0.00707064	0.017884	0.0162224	0.00875279	0.0807689	0.00134842	0.0211496
14	0.469299	0.0253865	0.0132936	0.0158068	0.00481098	0.129164	0.00497533	0.0059193	0.00921934	0.0112827	0.00401351	0.012763	0.0149159	0.0137296	0.00842256	0.18737	0.0306733	0.0321229	0.00113546	0.00569612
15	0.317129	0.00713994	0.0150317	0.0255847	0.00582796	0.0278151	0.0124061	0.0224459	0.0181097	0.0360488	0.00916462	0.013249	0.244473	0.0245136	0.0145677	0.101906	0.052197	0.0463526	0.00189199	0.0041453
16	0.0668903	0.016659	0.00619749	0.00823849	0.0342201	0.0086372	0.00796758	0.220698	0.0122514	0.116303	0.0510048	0.00863934	0.00623536	0.0118642	0.00970153	0.0339652	0.0604333	0.30287	0.00285235	0.0143707
17	0.0296314	0.00644824	0.0141697	0.0487194	0.00381466	0.0145062	0.0280465	0.0111348	0.331643	0.0193869	0.00928058	0.0486569	0.00554958	0.094775	0.246057	0.0404864	0.0265666	0.0139101	0.00106228	0.00615393
18	0.173755	0.147977	0.0268863	0.0613645	0.0480006	0.218003	0.010958	0.0118458	0.0139295	0.0254096	0.0104747	0.0178871	0.00433213	0.0186735	0.0175463	0.133374	0.0222956	0.0259755	0.00351093	0.00780036
19	0.0153849	0.00507345	0.00333504	0.00374557	0.0774968	0.00234661	0.00215354	0.265589	0.012184	0.237978	0.231389	0.00540858	0.00124853	0.00711406	0.0160148	0.014184	0.00637978	0.0733734	0.001279	0.0183216
20	0.032077	0.0110149	0.0169348	0.0231536	0.0718988	0.00770066	0.0136433	0.187751	0.0408972	0.170036	0.115145	0.0145262	0.00539163	0.0366734	0.0684243	0.0421556	0.0351345	0.0803253	0.00366873	0.0234482
21	0.116934	0.0207104	0.0241769	0.0250262	0.00558317	0.0235554	0.0079041	0.0136832	0.0181771	0.0185862	0.0104243	0.035983	0.0210462	0.021198	0.0167125	0.312031	0.268067	0.031806	0.001155	0.00724028
22	0.0349959	0.0108365	0.00052341	0.00104135	0.0270465	0.00290251	0.00206439	0.335085	0.00438848	0.166586	0.0469348	0.00120279	0.00104192	0.0030648	0.00146638	0.0105747	0.0294671	0.315457	0.000522705	0.00479867
23	0.0299168	0.00688102	0.0140525	0.0406005	0.00464246	0.0106922	0.0294663	0.0125899	0.187074	0.0302558	0.00835808	0.0365356	0.00733605	0.0733774	0.416947	0.0417101	0.0249782	0.0146494	0.00155123	0.00838567
24	0.0880398	0.00852196	0.0179805	0.0447374	0.010689	0.0232838	0.0302096	0.0198696	0.160557	0.0430691	0.0195235	0.0439926	0.0146683	0.0878525	0.173208	0.112149	0.0681874	0.0240901	0.00285205	0.00651932
25	0.00814622	0.00361219	0.003234	0.00556198	0.148962	0.0143158	0.00479618	0.00674134	0.0247798	0.033872	0.0047654	0.0211323	0.00193357	0.0048121	0.00489139	0.00822018	0.0125545	0.0203781	0.658277	0.00901495
26	0.627613	0.00189294	0.00229654	0.0142733	0.00182221	0.019577	0.00779067	0.00887266	0.00386531	0.0424796	0.00488554	0.00196616	0.047356	0.01449	0.00350865	0.153407	0.0141477	0.024393	0.000662509	0.00470103
27	0.0510114	0.0193939	0.0209449	0.0243869	0.0628711	0.0196798	0.156014	0.019102	0.0462509	0.0538439	0.0210592	0.114059	0.00653206	0.0524863	0.0445043	0.0786484	0.0286157	0.0237974	0.0154177	0.141381
28	0.0909469	0.00579386	0.123143	0.178539	0.00741451	0.033897	0.0324358	0.0108215	0.0524758	0.037031	0.0249283	0.0696524	0.0108325	0.0717893	0.0335242	0.0918991	0.0803318	0.0345492	0.000404337	0.00959061
29	0.0791748	0.0157667	0.0420023	0.0621084	0.0135364	0.0178093	0.0292334	0.0672886	0.0512121	0.0981551	0.0809268	0.0309475	0.011821	0.0606031	0.0345247	0.0939017	0.0973478	0.100351	0.00409488	0.00919449
30	0.00622134	0.00269783	0.00082134	0.0013066	0.760537	0.0010386	0.0013492	0.0429821	0.00290049	0.0703818	0.0257091	0.00111533	0.00513386	0.00164643	0.00318862	0.00355072	0.00672682	0.0109076	0.0027454	0.0490398
31	0.027097	0.00544207	0.0790834	0.0449803	0.0028793	0.313472	0.0312274	0.00408396	0.10691	0.008625	0.0041572	0.101055	0.00954765	0.0629292	0.105953	0.0644812	0.0180854	0.00594242	0.00117798	0.00287043
32	0.0270279	0.00402316	0.129731	0.0174941	0.0165353	0.0261151	0.0680863	0.0154747	0.02975	0.0169967	0.00308427	0.400001	0.000931565	0.0231197	0.0218292	0.126048	0.0482556	0.00890115	0.00484183	0.0117529
33	0.0403721	0.00714966	0.323069	0.35787	0.00337257	0.018273	0.023813	0.00229171	0.0267548	0.00716556	0.00489058	0.0373682	0.00412825	0.0347776	0.012656	0.0504049	0.0294357	0.0100509	0.00246704	0.0036895
34	0.0237658	0.00561021	0.0170564	0.0553996	0.00240556	0.0153942	0.0252729	0.00611693	0.322869	0.0153688	0.00573584	0.0492658	0.00246652	0.0813317	0.301129	0.0316079	0.0216949	0.0128351	0.000737539	0.00393655
35	0.133922	0.0150714	0.00609884	0.0169697	0.0176246	0.0141616	0.00758414	0.144078	0.0189445	0.117708	0.0391048	0.0228852	0.0243837	0.013121	0.0229727	0.0869794	0.0981961	0.185178	0.00489908	0.0101169
36	0.0212268	0.00784905	0.000634073	0.00106008	0.0204129	0.00156342	0.00109547	0.412086	0.0031077	0.194071	0.038073	0.00121664	0.000929211	0.00194255	0.00173891	0.00616922	0.0157299	0.268515	0.000296121	0.00228236
37	0.0494236	0.00825437	0.0358151	0.0943055	0.00838958	0.01992	0.0709911	0.015747	0.152683	0.0319596	0.0145639	0.0617959	0.00643898	0.100647	0.170405	0.0737724	0.0487995	0.0191609	0.00417321	0.0127549
38	0.00973173	0.0048348	0.00130662	0.00182956	0.47225	0.00127711	0.00260931	0.101984	0.00361555	0.22111	0.049637	0.00191011	0.00269431	0.00316327	0.00418727	0.0057357	0.00785889	0.0558532	0.00348715	0.0449255
39	0.0286897	0.00390605	0.00106829	0.000393884	0.00518887	0.000896887	0.00045941	0.218472	0.00454629	0.0487156	0.0130188	0.000457076	0.000247531	0.00259173	0.00049814	0.00604644	0.0132524	0.649373	0.000532842	0.0016453
40	0.214325	0.103495	0.00203034	0.00259511	0.00139309	0.0112703	0.00081597	0.0665745	0.00175322	0.0110239	0.00499505	0.0160312	0.00179869	0.00156863	0.00333601	0.0297392	0.0513735	0.474035	0.00102242	0.000823383
41	0.018969	0.00715799	0.00221351	0.00439636	0.0493344	0.00224396	0.0025372	0.260381	0.010148	0.296464	0.152461	0.00402925	0.00140003	0.00639339	0.0127553	0.0130023	0.0137679	0.129804	0.00110511	0.0114365
42	0.395764	0.0391725	0.00628399	0.00954197	0.00677081	0.0514896	0.00431282	0.0436779	0.0059721	0.035068	0.0125062	0.0110607	0.0209056	0.00773847	0.00530449	0.107631	0.0679026	0.162547	0.00154757	0.00480297
43	0.174824	0.022181	0.0321602	0.0382655	0.00770299	0.033249	0.012083	0.0284015	0.0285095	0.033011	0.0152984	0.0374535	0.0357459	0.0314394	0.0277156	0.184505	0.180179	0.0692714	0.00139098	0.00661274
44	0.1005	0.00871387	0.0814894	0.110589	0.00548143	0.0288226	0.0170107	0.0141347	0.0357507	0.0250399	0.00457841	0.0371074	0.237723	0.0467595	0.025395	0.130916	0.0601687	0.0253723	0.00140065	0.00304607
45	0.029435	0.00581271	0.395573	0.322552	0.00238864	0.026422	0.0140089	0.00213982	0.0218088	0.00478594	0.00759183	0.0542309	0.00289433	0.0430797	0.0105384	0.0295888	0.016299	0.00669789	0.001724	0.00242839
46	0.0420451	0.00704213	0.339397	0.285697	0.00295221	0.0250402	0.0217087	0.00426192	0.03273	0.0100426	0.00765034	0.0561228	0.0091384	0.042743	0.019293	0.046897	0.0295199	0.0120695	0.00177171	0.00387789
47	0.00834108	0.00663427	0.00154687	0.00113632	0.0328909	0.000387825	0.000261013	0.104494	0.00177689	0.67445	0.0852648	0.00048166	0.000269202	0.00190793	0.000892151	0.00388327	0.00285421	0.0702889	0.00100957	0.00122968
48	0.0290594	0.0105974	0.0137201	0.0352054	0.0066803	0.0139986	0.0754352	0.00512474	0.227605	0.0203302	0.00762119	0.0619471	0.00627897	0.0899707	0.263916	0.0734324	0.0348167	0.00772334	0.00199547	0.0145415
49	0.348817	0.0327974	0.00358724	0.00716871	0.00975475	0.0274915	0.00484409	0.0617478	0.00389251	0.0620172	0.0192352	0.0136007	0.0170407	0.00647926	0.00487705	0.142738	0.0641637	0.159113	0.00268813	0.007946
50	0.122481	0.0154173	0.0466634	0.0617754	0.011766	0.0375398	0.0226728	0.027337	0.0492785	0.0494461	0.0419622	0.0987827	0.0134561	0.0502993	0.0412468	0.158456	0.0933671	0.0439201	0.00241814	0.0117136
51	0.332661	0.00443384	0.0129354	0.0232021	0.00300985	0.0246674	0.00874717	0.0130444	0.0121247	0.0221238	0.00778987	0.0103264	0.185929	0.0179125	0.00793463	0.201522	0.0826658	0.0250619	0.00130907	0.00259889
52	0.0463484	0.00632293	0.256241	0.39987	0.00361279	0.0162173	0.0221771	0.00265398	0.0388877	0.00961845	0.00696966	0.0281911	0.00381348	0.0471595	0.0209231	0.0432359	0.0300029	0.0108124	0.00278285	0.00415998
53	0.0195692	0.0159605	0.00210887	0.00447035	0.318672	0.00337129	0.0504149	0.0050178	0.00663749	0.0198891	0.00668053	0.00927792	0.000638553	0.00736866	0.00860379	0.0225911	0.00620969	0.0125487	0.0133219	0.466648
54	0.0357032	0.0119918	0.00197486	0.00532237	0.0240178	0.00338718	0.00329874	0.286789	0.00865855	0.204858	0.0466005	0.00638575	0.00509938	0.00566272	0.00946556	0.0199816	0.0447741	0.268123	0.00124984	0.00665705
55	0.0199345	0.011194	0.00920288	0.0238673	0.0062656	0.0096253	0.0678791	0.00507987	0.21413	0.016241	0.00676886	0.046419	0.00608116	0.0792955	0.345545	0.075525	0.0297694	0.0110784	0.00109956	0.0149983
56	0.0262296	0.0174167	0.00364818	0.0071334	0.0821995	0.00355602	0.00304483	0.134979	0.0306784	0.283435	0.27622	0.00483183	0.0016943	0.0098957	0.0332039	0.0128132	0.0213157	0.0277176	0.00198295	0.0180038
57	0.467895	0.00764985	0.00716099	0.0182408	0.00593713	0.0451457	0.00895978	0.0293925	0.0096744	0.0417692	0.010702	0.00967698	0.0965876	0.016756	0.00844966	0.123392	0.0371044	0.0481485	0.00178351	0.00557361
58	0.0177872	0.0058646	0.505096	0.181057	0.00114554	0.0301717	0.0176875	0.00306238	0.0163991	0.00344342	0.00763255	0.100816	0.00471722	0.032612	0.00810721	0.0366431	0.0171624	0.00898026	0.000403748	0.00121095
59	0.0235191	0.00490046	0.0300096	0.11863	0.011196	0.0107898	0.118695	0.0216738	0.102954	0.0207058	0.0185912	0.0334	0.00393141	0.171915	0.166695	0.0432859	0.0451428	0.0181449	0.00240567	0.033414
60	0.0236126	0.0137191	0.00240755	0.00240888	0.19233	0.00399024	0.0210791	0.154094	0.00196218	0.197849	0.0468587	0.00585748	0.00204446	0.0110893	0.0186316	0.00836758	0.0165062	0.117965	0.00978294	0.149444
61	0.0272404	0.00276727	0.00118359	0.000352374	0.00260685	0.00057922	0.000217937	0.206058	0.00454961	0.039937	0.009497	0.000346324	0.00015669	0.00255364	0.000387636	0.00508097	0.00929284	0.685543	0.00053478	0.0011146
62	0.0909639	0.00566618	0.114275	0.170204	0.00992729	0.0334671	0.0314161	0.0127404	0.0466104	0.0420257	0.0344249	0.064372	0.0129858	0.0810524	0.0274819	0.0910821	0.0826754	0.0375464	0.000596714	0.0104864
63	0.187412	0.0422654	0.0143687	0.0163737	0.00865113	0.0228299	0.00559842	0.0558328	0.0143512	0.0437574	0.0176986	0.0248108	0.0216742	0.0179271	0.0128188	0.15542	0.13532	0.194863	0.00168891	0.0063387
64	0.0989118	0.0101795	0.0822736	0.115469	0.0045411	0.0276695	0.0131283	0.0138374	0.0396484	0.0220234	0.00542043	0.0360727	0.228355	0.0503258	0.0260784	0.130588	0.0647249	0.0264387	0.000929714	0.00338476
65	0.0570187	0.0102414	0.00914069	0.00659161	0.00339455	0.810712	0.0019762	0.00113674	0.00872114	0.00234749	0.00102403	0.00782983	0.000723721	0.00348545	0.00582468	0.0614699	0.00381769	0.0038103	0.000195753	0.000537863
66	0.0348599	0.00475915	0.00979015	0.00894231	0.0022355	0.863562	0.00419179	0.00067978	0.00537426	0.00125686	0.000631235	0.00969966	0.000657577	0.00342499	0.00361502	0.040566	0.00234968	0.00127662	0.000163147	0.00196437
67	0.100108	0.00544262	0.00322734	0.0139933	0.00289201	0.0199794	0.00344725	0.0124613	0.0187532	0.00674496	0.0172702	0.00794211	0.13689	0.00471724	0.00372648	0.419232	0.21169	0.00886722	0.000693674	0.00192088
68	0.109561	0.0138298	0.0603758	0.054057	0.0150431	0.0432273	0.0395171	0.0194598	0.0498041	0.0306835	0.0141837	0.180171	0.0349683	0.0441263	0.0431034	0.122741	0.0700073	0.0329381	0.00438307	0.0178198
69	0.0468186	0.00798344	0.0257367	0.0585366	0.00765615	0.0228221	0.0651436	0.0120999	0.174254	0.0313009	0.0119246	0.0711722	0.00778544	0.0833529	0.216848	0.0795454	0.0459665	0.0150679	0.00435785	0.0116275
70	0.0300506	0.0102828	0.0453917	0.0107981	0.021981	0.0153554	0.163913	0.00995294	0.0414324	0.0230665	0.00288044	0.337194	0.00163899	0.0331725	0.0214702	0.118251	0.034193	0.00611047	0.009614	0.0632512
71	0.0539386	0.0141589	0.090602	0.0611963	0.0128394	0.0510068	0.0452268	0.0180604	0.0581867	0.0255413	0.0128434	0.253569	0.0131694	0.0440763	0.0510331	0.0945323	0.0542819	0.0246537	0.00416278	0.0169211
72	0.0128613	0.0133358	0.000820091	0.00263011	0.339474	0.00157937	0.0297079	0.00786689	0.00702063	0.0243749	0.00750188	0.00726326	0.000573074	0.00602263	0.00753191	0.0156413	0.00529215	0.0114209	0.0151242	0.483957
73	0.447438	0.0231674	0.0191657	0.0253818	0.00576548	0.0703058	0.00895407	0.0225296	0.0147627	0.0258327	0.00947218	0.0155866	0.0326549	0.0175658	0.0139488	0.13626	0.0382551	0.0661129	0.00144606	0.00539452
74	0.0464864	0.0120569	0.0877773	0.0592314	0.0140436	0.0409062	0.0500312	0.019535	0.0574557	0.0315878	0.0145238	0.266404	0.0124938	0.043549	0.0538473	0.0894891	0.0544545	0.0241571	0.00501595	0.0169542
75	0.0822112	0.0531267	0.00202006	0.00356926	0.0166782	0.006133	0.00343167	0.227777	0.00579394	0.0668678	0.0204234	0.00712986	0.00464981	0.00569174	0.00461084	0.0196475	0.0370824	0.427631	0.00114772	0.00437696
76	0.0296271	0.011049	0.492804	0.146088	0.00085654	0.00958617	0.0381941	0.00140723	0.0170285	0.00240708	0.00394412	0.0863311	0.00718013	0.0302676	0.0086534	0.0706494	0.0314254	0.0106429	0.000694492	0.00116441
77	0.0185909	0.0112209	0.00904992	0.0234175	0.0137084	0.00230381	0.00441667	0.180023	0.0141647	0.372252	0.0574244	0.0119924	0.00554822	0.0177059	0.0199792	0.0276829	0.0348627	0.168858	0.00203434	0.0047642
78	0.0207845	0.0121411	0.00363395	0.00499693	0.0188444	0.00273455	0.00251753	0.481312	0.0120692	0.110785	0.0334174	0.00389043	0.00320374	0.00655881	0.0131035	0.0122799	0.0199177	0.230157	0.00107654	0.00657436
79	0.0407218	0.0156738	0.000755825	0.00147944	0.0263158	0.00366929	0.00249504	0.279535	0.00616621	0.128181	0.0459938	0.00148373	0.00128956	0.004088	0.00165955	0.0151467	0.0420397	0.375606	0.000692972	0.00700708
80	0.0441626	0.00456749	0.144259	0.285586	0.00109516	0.0109587	0.0309968	0.00114453	0.142471	0.00891381	0.00730259	0.0555875	0.00475042	0.0954508	0.0895046	0.0317748	0.0242208	0.0128287	0.000696051	0.0037277
81	0.0385009	0.0112678	0.00093972	0.00142389	0.0266267	0.00384994	0.00592731	0.316429	0.00810217	0.128731	0.049	0.00169797	0.00142348	0.00390067	0.00247189	0.0146502	0.0473981	0.330208	0.000918141	0.00653251
82	0.513847	0.0285498	0.00791343	0.00783035	0.00205272	0.0441009	0.00229761	0.00614491	0.00413363	0.0113895	0.00342944	0.00840389	0.0107139	0.00884908	0.00367323	0.268813	0.030185	0.0323558	0.000385976	0.0049314
83	0.0298311	0.0188028	0.0037748	0.0556071	0.00902775	0.00503161	0.00608764	0.152862	0.151417	0.0755049	0.0134243	0.015612	0.00198965	0.091221	0.157056	0.0271862	0.0167946	0.163792	0.000955687	0.0040212
84	0.0439577	0.00664495	0.0194481	0.0494209	0.00502004	0.0134148	0.0232816	0.0199141	0.140266	0.0487539	0.0153601	0.0328086	0.00633998	0.0700919	0.376513	0.0577704	0.0332187	0.0290349	0.00239293	0.00634803
85	0.0210475	0.00356867	0.119757	0.0582102	0.00114244	0.344365	0.0369683	0.000917013	0.0737364	0.00216669	0.000902741	0.119385	0.0110777	0.0706313	0.0629822	0.0620765	0.00837838	0.00131039	0.000336254	0.00104055
86	0.191386	0.0903174	0.000809784	0.0010737	0.00114824	0.00650645	0.000576193	0.0809155	0.00150979	0.0118076	0.00485281	0.0145998	0.00181967	0.00138821	0.00224495	0.0245259	0.054498	0.508313	0.00108712	0.000619618
87	0.030435	0.0119456	0.493757	0.111794	0.00104159	0.00936507	0.0437217	0.00213426	0.0176642	0.00318157	0.00450434	0.0972506	0.00801563	0.0308587	0.00830833	0.0774163	0.0343402	0.0123927	0.000428056	0.0014448
88	0.563399	0.0272791	0.00572847	0.00732322	0.00421108	0.167554	0.00526491	0.00798645	0.00833965	0.00958304	0.00409528	0.0111501	0.0068869	0.00846065	0.0067973	0.0855373	0.0222318	0.042201	0.000744149	0.00522612
89	0.0320259	0.00958239	0.00175896	0.00181544	0.0125166	0.00231504	0.0017673	0.283063	0.00697705	0.0836781	0.0231162	0.00178932	0.00194548	0.00382938	0.00353563	0.0102211	0.0190735	0.495921	0.000822093	0.00424674
90	0.0182345	0.0133113	0.00340138	0.00437383	0.307901	0.00522925	0.0457766	0.0122178	0.00947195	0.0344437	0.00988534	0.0135671	0.00162542	0.0092901	0.0104587	0.0195581	0.00904288	0.0161653	0.0214177	0.434628
91	0.247428	0.00861256	0.00913993	0.0172264	0.00470066	0.0214197	0.01152	0.0300859	0.0180537	0.0279464	0.00935326	0.0105006	0.337858	0.0238249	0.012944	0.068121	0.0676375	0.0682668	0.00243771	0.00292277
92	0.0339854	0.00543978	0.00931456	0.00908321	0.00203163	0.862729	0.00283436	0.000961742	0.00509971	0.00206654	0.000860324	0.00856875	0.00255404	0.00441179	0.0034258	0.0409181	0.00261115	0.00202948	0.000508052	0.000566913
93	0.0122449	0.00546341	0.00658779	0.00825579	0.142488	0.014501	0.00827232	0.00841934	0.0265489	0.0352145	0.00624797	0.0229434	0.00275581	0.00688623	0.00724793	0.0124377	0.01474	0.0213747	0.619453	0.0179165
94	0.0292925	0.00447394	0.00907343	0.00711667	0.00146151	0.882169	0.00209969	0.000868108	0.00504115	0.00112759	0.000555493	0.00924975	0.000485821	0.00237053	0.00296544	0.0384881	0.00124666	0.00145696	0.000111702	0.000346298
95	0.0401346	0.0231461	0.0122496	0.0134119	0.162145	0.0236922	0.222523	0.0158423	0.0239245	0.0300862	0.0161878	0.0440633	0.00504294	0.0253558	0.0319355	0.0371869	0.0211602	0.0280953	0.0141078	0.209709
96	0.482225	0.0238804	0.0176296	0.0225825	0.00650476	0.0702778	0.00707763	0.0200663	0.0133886	0.023024	0.00762232	0.0145206	0.0270884	0.0163655	0.0113976	0.137639	0.0337097	0.0576973	0.00122671	0.00607603
97	0.168375	0.0179482	0.0281294	0.0335977	0.0117135	0.0515135	0.0144818	0.0271004	0.0345842	0.0310919	0.0137364	0.0350963	0.0397222	0.0300865	0.034124	0.24304	0.125813	0.0438455	0.00277444	0.0132268
98	0.0499181	0.00736871	0.148786	0.394954	0.0088737	0.0217544	0.0197664	0.00889564	0.04726	0.0188508	0.0129637	0.0351857	0.0110248	0.0622081	0.0339264	0.0478096	0.0362913	0.0188137	0.00740538	0.00794284
99	0.0442938	0.0130157	0.04159	0.0335337	0.0262425	0.0208512	0.108417	0.0151812	0.0790683	0.0331906	0.00960444	0.21044	0.00634902	0.0465108	0.0669777	0.114375	0.0380013	0.0168434	0.00891003	0.0666038
100	0.105552	0.00430734	0.0234592	0.0354085	0.00936762	0.0208994	0.0464907	0.0206722	0.0266029	0.0389112	0.00901714	0.0229143	0.404785	0.0352424	0.0281504	0.0759057	0.0428105	0.0381983	0.00277836	0.00852672
101	0.0545696	0.00610823	0.074985	0.164418	0.00325833	0.0170754	0.04561	0.00707372	0.164056	0.0243729	0.0119755	0.0681278	0.00758099	0.0933778	0.142556	0.0521906	0.0389691	0.0154301	0.00218675	0.0060774
102	0.0265602	0.0107317	0.00627228	0.00989438	0.035456	0.00498967	0.00468276	0.129281	0.0131021	0.500107	0.0715444	0.00711198	0.00983683	0.0107961	0.012303	0.0165449	0.0170712	0.0993906	0.00264074	0.0116836
103	0.0949344	0.0325192	0.0363336	0.0412024	0.00766168	0.0120435	0.0106085	0.0448806	0.0294854	0.0580375	0.0118701	0.0171385	0.349891	0.0266346	0.0189618	0.0577237	0.0694572	0.0708992	0.00286616	0.00685136
104	0.0704661	0.00986361	0.161741	0.133737	0.00431701	0.0704684	0.0325227	0.00553385	0.0638764	0.016966	0.0082311	0.137649	0.00557442	0.0548874	0.0792633	0.0807101	0.0375088	0.0147859	0.00504773	0.00685091
105	0.173373	0.0145891	0.00351623	0.0317999	0.0174702	0.036309	0.00962395	0.0249319	0.10677	0.0651263	0.039583	0.0190355	0.00610016	0.0949039	0.0834216	0.152191	0.0920914	0.0248649	0.000826155	0.0034733
106	0.0264575	0.031299	0.00754719	0.0142084	0.0365376	0.00777684	0.00625703	0.11284	0.0155631	0.444166	0.0664156	0.0101866	0.00535107	0.0135499	0.0171211	0.0235338	0.0316703	0.102233	0.0117673	0.0155185
107	0.0570927	0.00678537	0.0296582	0.0654789	0.00854618	0.0257978	0.0654943	0.0148487	0.156731	0.0350338	0.0142111	0.0748276	0.0077383	0.0847683	0.189399	0.0791126	0.0518426	0.0162812	0.00563755	0.0107148
108	0.0186766	0.00326711	0.112128	0.0512555	0.00103154	0.376155	0.0328038	0.000776318	0.0746953	0.00152671	0.000860522	0.11371	0.01119	0.0655568	0.063667	0.0624	0.0082688	0.00116456	0.000230036	0.0006362
109	0.00194898	0.00691843	0.00175992	0.000500437	0.00291273	0.000442788	0.000306269	0.708548	0.00196014	0.0290516	0.0125486	0.000402445	0.000244109	0.000590917	0.000581057	0.00112688	0.00362083	0.225979	0.00013807	0.000419035
110	0.0467669	0.0176942	0.000771749	0.00150812	0.0266032	0.00437641	0.00298747	0.277447	0.008206	0.115592	0.0476625	0.00236833	0.00172966	0.00505523	0.00276103	0.0183135	0.048465	0.363397	0.000949137	0.00734555
111	0.0124796	0.00587742	0.00365669	0.00541889	0.329529	0.0100173	0.01729	0.0147482	0.0167814	0.0431575	0.0103421	0.0149062	0.0026932	0.00619505	0.0065738	0.0113476	0.0118157	0.0179721	0.33507	0.124128
112	0.00846308	0.00659769	0.0014556	0.00135613	0.033207	0.000434318	0.000315578	0.133092	0.00224717	0.635861	0.0870798	0.000820533	0.000275291	0.0022242	0.00197207	0.00423618	0.00281314	0.0747966	0.000882192	0.00187053
113	0.0318186	0.00499522	0.00971016	0.00877176	0.00243808	0.860953	0.00450782	0.00113226	0.00614448	0.00198802	0.000900261	0.0104791	0.00113605	0.00439649	0.00438389	0.0394688	0.00294401	0.00189042	0.000379852	0.00156204
114	0.101737	0.00773014	0.0262418	0.038901	0.00547055	0.0172836	0.0148925	0.0237225	0.0620686	0.0327225	0.0111739	0.0211856	0.396225	0.0402294	0.0365142	0.0696496	0.045222	0.0428145	0.00171793	0.00449819
115	0.0978605	0.00530648	0.00803881	0.0181301	0.00293057	0.0275227	0.00423576	0.0154388	0.0186279	0.00864598	0.0171105	0.0116965	0.174278	0.00884957	0.00591557	0.388296	0.173818	0.0104574	0.000762404	0.0020789
116	0.284733	0.0260272	0.0694543	0.101395	0.00793594	0.192108	0.0187797	0.00336232	0.0076768	0.00594647	0.00374897	0.0119029	0.00386712	0.0132601	0.015698	0.198011	0.0166319	0.0144302	0.00191507	0.00311609
117	0.0796453	0.00700527	0.0349151	0.0706728	0.00195015	0.020634	0.0111274	0.017754	0.196706	0.0242673	0.0106683	0.0361538	0.0753133	0.0617647	0.104415	0.124256	0.0812249	0.0380072	0.00236289	0.0011561
118	0.534631	0.00252403	0.00399066	0.0142471	0.0030101	0.0252218	0.00868232	0.0123599	0.00542086	0.0383109	0.00595709	0.00460422	0.125088	0.0146465	0.00526548	0.130993	0.0266443	0.0337315	0.0010719	0.00359883
119	0.0199471	0.00836225	0.0024713	0.00678708	0.0458152	0.00255523	0.00461351	0.242594	0.014006	0.34888	0.0925907	0.00533895	0.00187569	0.00989521	0.0169047	0.0146968	0.0170994	0.131998	0.001529	0.0120399
120	0.0888044	0.0171139	0.0295236	0.0409122	0.0939759	0.0290346	0.0799529	0.0365454	0.0489578	0.0842291	0.0225285	0.0459662	0.0185997	0.0304437	0.0476098	0.0657361	0.0423563	0.0380802	0.0288419	0.110788
121	0.501053	0.0301226	0.0110552	0.00262558	0.000818115	0.0431346	0.00127616	0.00186097	0.00180454	0.0027783	0.00137853	0.00337042	0.00185672	0.00700473	0.00198547	0.310864	0.0383679	0.0328625	0.000215615	0.00556484
122	0.0379619	0.0164639	0.00464331	0.0118645	0.0227728	0.00457882	0.00436819	0.142659	0.010763	0.409657	0.0571857	0.00982719	0.00663477	0.00984652	0.0107736	0.0337447	0.0295523	0.168293	0.00238407	0.00602568
123	0.0345942	0.00476863	0.0102046	0.00875051	0.00162998	0.856659	0.00314609	0.00129794	0.0062426	0.00210007	0.000921563	0.0103324	0.00212802	0.00404634	0.00475225	0.0416597	0.00361905	0.00246137	0.000130904	0.00055465
124	0.0546718	0.0098101	0.241301	0.108601	0.012766	0.0344929	0.0231935	0.031521	0.0429342	0.0778798	0.0231396	0.0597238	0.0367386	0.0390837	0.0366459	0.0612541	0.0481039	0.0407698	0.00507986	0.0122892
125	0.0570925	0.0149822	0.0289495	0.0575329	0.0151689	0.0162396	0.0206585	0.0760386	0.155951	0.0624943	0.0298295	0.0366451	0.0174622	0.0603645	0.101619	0.0608241	0.0574275	0.116212	0.00329662	0.011212
126	0.00202946	0.00867768	0.00181501	0.000578712	0.00409406	0.000510192	0.000431848	0.712929	0.00198984	0.0294839	0.013028	0.00046661	0.00050446	0.000653515	0.000586304	0.00128313	0.00387053	0.216378	0.000165789	0.000523471
127	0.426058	0.0408909	0.0184512	0.0131634	0.00429615	0.154293	0.00317772	0.0027507	0.00372455	0.00371191	0.00217258	0.00295632	0.00125087	0.0047237	0.00316236	0.250793	0.0208631	0.0383621	0.000688075	0.00451032
128	0.244333	0.0200263	0.0174216	0.0312969	0.015613	0.0380058	0.0128102	0.0412749	0.0284062	0.0765181	0.0255784	0.0285592	0.0340477	0.0327682	0.0258473	0.167536	0.0738483	0.0704399	0.00239201	0.0132776
129	0.0953616	0.0255951	0.00508073	0.0070576	0.00246991	0.00868786	0.00350188	0.0020612	0.00368394	0.00577352	0.00272515	0.0362109	0.00185397	0.00404259	0.00455088	0.364469	0.399254	0.0225038	0.000323799	0.00479185
130	0.010917	0.0073424	0.0012616	0.00336021	0.021208	0.00114239	0.00115281	0.352429	0.00406457	0.369579	0.0583543	0.0015325	0.000617788	0.00392534	0.00554061	0.0047567	0.00609904	0.142859	0.000575936	0.00328072
131	0.0344463	0.0107311	0.000915073	0.00179025	0.0244807	0.00309372	0.00266165	0.329733	0.00543323	0.147182	0.0424319	0.00234423	0.00191917	0.0038469	0.00331262	0.0134587	0.0374258	0.328398	0.000826115	0.00556866
132	0.317663	0.00744405	0.019376	0.029272	0.00495722	0.0281713	0.012443	0.0224064	0.0187802	0.0345059	0.00822189	0.0142365	0.243055	0.0254731	0.0129496	0.103249	0.0488565	0.0430532	0.0017562	0.00412985
133	0.0394327	0.00905747	0.0301912	0.0734324	0.00821708	0.0205643	0.0483853	0.0230499	0.147597	0.0374369	0.0210615	0.044026	0.0110636	0.165618	0.185883	0.0524827	0.0402546	0.0274412	0.0022159	0.0125889
134	0.0977196	0.023988	0.00187386	0.00668832	0.00251138	0.00902877	0.00488078	0.00237327	0.00414503	0.00552077	0.00323541	0.0330811	0.00696705	0.00388578	0.00401716	0.381573	0.382669	0.021149	0.000312057	0.00438068
135	0.206455	0.070527	0.00190238	0.00329462	0.00773816	0.0147454	0.00226948	0.0887144	0.00398564	0.0549621	0.016725	0.0185066	0.00779223	0.0042506	0.00398182	0.062621	0.0658219	0.359698	0.00153029	0.00447875
136	0.0194595	0.00346218	0.118838	0.0557475	0.00107369	0.356902	0.03524	0.000769541	0.073694	0.00163343	0.000853472	0.1178	0.0110717	0.0684584	0.0625999	0.0620038	0.00821742	0.00117803	0.000260841	0.000735921
137	0.0271165	0.00270597	0.00119098	0.000350617	0.0025305	0.000547234	0.000220872	0.205949	0.00453526	0.0396595	0.00926856	0.000341466	0.000162585	0.00253187	0.000390188	0.00499035	0.00918778	0.686696	0.000541162	0.00108392
138	0.134601	0.00512575	0.0357651	0.0494884	0.00710187	0.0296612	0.0207526	0.0188201	0.0264348	0.0308101	0.00451911	0.031469	0.340956	0.0370287	0.0216304	0.116814	0.0538399	0.0310672	0.00110987	0.00300481
139	0.045841	0.147042	0.00421059	0.00997642	0.00962599	0.0112843	0.00531463	0.0300011	0.00743655	0.0427229	0.0139844	0.00858278	0.00344741	0.0145152	0.00684731	0.0805762	0.39667	0.148104	0.00108277	0.0127339
140	0.0285536	0.0113195	0.000701955	0.00200912	0.0226622	0.0023516	0.00191215	0.351751	0.00425815	0.202164	0.0471736	0.0017379	0.0010475	0.00295427	0.00206151	0.00957082	0.0234048	0.280083	0.000426213	0.00385633
141	0.149235	0.00510839	0.041124	0.0600167	0.00631899	0.0415947	0.0170557	0.0138634	0.0197898	0.0254717	0.0022282	0.0301708	0.286213	0.0420508	0.0187233	0.160441	0.0570974	0.020171	0.000801211	0.00252543
142	0.0149486	0.00547798	0.0088318	0.0139811	0.140267	0.0161745	0.00920453	0.00838526	0.0258494	0.0351548	0.00589722	0.0221196	0.00304709	0.00715188	0.00754641	0.012985	0.0149574	0.0229923	0.607725	0.0173035
143	0.0897042	0.0173274	0.0464504	0.0342662	0.00630014	0.0264264	0.015095	0.0129716	0.0235621	0.0199598	0.0105735	0.114207	0.0136866	0.0239618	0.0207298	0.266171	0.225476	0.0255201	0.0010745	0.00653632
144	0.0369738	0.00556945	0.0131902	0.0119129	0.00188358	0.831982	0.0033794	0.00198995	0.00736072	0.00313444	0.00221865	0.0116246	0.00326202	0.0062575	0.00482287	0.0434069	0.0049031	0.00521794	0.000281328	0.000629196
145	0.0435687	0.00495856	0.198983	0.0475271	0.00202604	0.0199592	0.00287849	0.00287283	0.0039198	0.00710701	0.00367423	0.0728517	0.00211252	0.00605762	0.0182932	0.249625	0.298675	0.0126179	0.000621392	0.00167115
146	0.02014	0.00355571	0.121775	0.0577128	0.00106242	0.346484	0.0370133	0.000810661	0.0727047	0.00175383	0.000921034	0.120755	0.011158	0.0700607	0.061593	0.0619915	0.00821203	0.00122832	0.000257765	0.000809461
147	0.15444	0.0331806	0.0228055	0.04058	0.00928437	0.0489413	0.0077419	0.0225334	0.0240489	0.0232525	0.0101325	0.062921	0.0049229	0.0379757	0.0319881	0.260244	0.160774	0.0359137	0.000500596	0.00781918
148	0.0256682	0.00486388	0.001061	0.000730041	0.00864794	0.00126816	0.000844018	0.285851	0.00422847	0.082249	0.0185592	0.000844888	0.000620986	0.00252139	0.00117219	0.00676283	0.0141667	0.537386	0.000583509	0.00197084
149	0.0996391	0.0103555	0.075881	0.0892627	0.00316251	0.029758	0.00915029	0.0111803	0.0319031	0.0153806	0.0011151	0.0333371	0.27289	0.0497797	0.022754	0.151755	0.0689451	0.0219932	0.00054528	0.00121211
150	0.0910891	0.0146656	0.104527	0.119435	0.000731975	0.0270059	0.00104281	0.00778856	0.0410631	0.00824268	0.00132042	0.0370967	0.208707	0.0579691	0.0243181	0.155419	0.0761711	0.021367	0.000313268	0.00172686
151	0.044456	0.0064548	0.27956	0.431473	0.00407705	0.0148369	0.0184526	0.00214782	0.029776	0.00789161	0.00494564	0.020256	0.0028994	0.0372654	0.0134595	0.0405089	0.0257456	0.00829898	0.00349761	0.00399686
152	0.0382888	0.0108368	0.00152811	0.00227845	0.0255429	0.0035822	0.00340471	0.309812	0.00626377	0.149968	0.0462195	0.00314199	0.00334412	0.00461177	0.00413407	0.0152057	0.0445265	0.32032	0.00095307	0.00603814
153	0.0236639	0.0101789	0.00228732	0.00342747	0.194732	0.00400976	0.017342	0.119901	0.00355667	0.235162	0.0614284	0.00567874	0.000795392	0.0124065	0.0274072	0.00855583	0.0171767	0.0954332	0.00889479	0.147963
154	0.030676	0.00232523	0.00557793	0.0614651	0.0010899	0.0101874	0.00976833	0.0084906	0.455671	0.0188538	0.00805896	0.0425109	0.00082515	0.140416	0.172873	0.015872	0.00802271	0.00597083	0.000392299	0.000953029
155	0.709452	0.0326621	0.00113998	0.00184327	0.00107314	0.160469	0.00118959	0.00340583	0.0012551	0.00213444	0.0024584	0.00115975	0.00162496	0.00146909	0.00114801	0.0199016	0.0121867	0.0443325	0.000309006	0.000785623
156	0.020311	0.121931	0.00826961	0.039369	0.0182132	0.045146	0.00837465	0.0124894	0.0129625	0.0717487	0.0776363	0.010225	0.00493575	0.0458906	0.0114141	0.0963612	0.27344	0.0396929	0.00224623	0.0793432
157	0.0411989	0.0147888	0.000671254	0.000952812	0.0246899	0.00341844	0.00249543	0.279373	0.00664676	0.10962	0.0440798	0.00126332	0.00113219	0.00364424	0.00166895	0.0159725	0.0414174	0.399657	0.000625068	0.00668488
158	0.0622331	0.00566495	0.027721	0.0600797	0.0111917	0.0254064	0.062498	0.0164794	0.141576	0.0360215	0.0161129	0.0744056	0.00721935	0.0854713	0.175007	0.0913413	0.0650964	0.0182166	0.00551081	0.0127466
159	0.261858	0.0119454	0.00360507	0.0223222	0.00887345	0.0317456	0.0180135	0.097409	0.0066482	0.0609704	0.0167483	0.00844644	0.0397211	0.00716045	0.00691203	0.069094	0.0580466	0.207167	0.0301408	0.0331725
160	0.0473001	0.00609371	0.261691	0.425904	0.00403068	0.0140064	0.0191069	0.00276688	0.0336311	0.0094948	0.00588084	0.0215086	0.00323447	0.0415826	0.0152233	0.0420092	0.0290903	0.0100802	0.00307792	0.00428641
161	0.0463272	0.00610725	0.271661	0.421367	0.00382653	0.0160777	0.0195022	0.00233171	0.0295202	0.00869676	0.00633778	0.0240991	0.00399613	0.0407591	0.0139101	0.0420177	0.0272416	0.00943751	0.00278643	0.00399701
162	0.708935	0.032942	0.00116909	0.00184661	0.00108412	0.160227	0.00119217	0.00345254	0.00125115	0.00228492	0.00244476	0.00116251	0.00156497	0.00145023	0.00114824	0.0199351	0.0123088	0.0444967	0.000309095	0.000795684
163	0.00787688	0.0126509	0.0032727	0.0278123	0.00496069	0.00144076	0.00136026	0.190245	0.00855957	0.472053	0.049675	0.00624183	0.00197649	0.0197662	0.0162374	0.0161721	0.00845218	0.147899	0.000616646	0.00273141
164	0.20673	0.00272733	0.0547961	0.240819	0.00202085	0.0094511	0.0032199	0.0366571	0.0997115	0.0191792	0.00825692	0.028242	0.00256481	0.0884457	0.0412141	0.0540358	0.0583458	0.0410692	0.000587531	0.0019252
165	0.11734	0.0222702	0.0249603	0.0440311	0.0139732	0.021365	0.0210377	0.0698697	0.0583333	0.102808	0.0811548	0.0206293	0.00866052	0.0648424	0.0428065	0.10699	0.062701	0.103183	0.00431325	0.00873073
166	0.2491	0.0368077	0.00220346	0.00693828	0.01672	0.033744	0.00464845	0.0800729	0.00413172	0.105659	0.0341697	0.0185085	0.016358	0.00505445	0.00559865	0.130108	0.0857867	0.152162	0.00277843	0.00945102
167	0.0349145	0.002387	0.00808973	0.0653095	0.0011045	0.0109247	0.00866193	0.00992392	0.438258	0.0202076	0.0104135	0.0414705	0.00250786	0.13179	0.177939	0.0177623	0.00891168	0.00827118	0.000329907	0.000823105
168	0.00114107	0.00718176	0.00184102	0.000527533	0.00296931	0.00043833	0.000312561	0.722348	0.00190533	0.0283288	0.0126094	0.000411297	0.000413204	0.000540926	0.000603758	0.000917916	0.00329065	0.21368	0.000161135	0.000378113
169	0.0741437	0.0144885	0.0457003	0.0555844	0.00967214	0.172227	0.0286069	0.0175772	0.0877829	0.0289891	0.0154566	0.0591185	0.0157281	0.0601861	0.110173	0.0992231	0.0677761	0.0242973	0.00260797	0.0106615
170	0.010638	0.0100385	0.000421654	0.00182457	0.402158	0.000525929	0.0213782	0.00631031	0.00681385	0.0249057	0.00709133	0.00610672	0.00078743	0.00527193	0.00669722	0.0139704	0.0050062	0.00970232	0.0184102	0.441942
171	0.0990099	0.00926623	0.0595182	0.0817081	0.00673751	0.0231451	0.0168926	0.0204926	0.0305442	0.0428657	0.00673422	0.0266519	0.347987	0.0358626	0.0196161	0.082096	0.0496096	0.0349043	0.0015168	0.00484118
172	0.0399536	0.0113599	0.000528153	0.00114709	0.0273383	0.00351053	0.00227455	0.312638	0.00471325	0.151369	0.0485287	0.00116918	0.00119188	0.00356094	0.0016191	0.0121737	0.0342598	0.336204	0.000647821	0.00581144
173	0.0414378	0.0121807	0.00376045	0.00779306	0.0252623	0.00524113	0.00479493	0.242792	0.0127905	0.145698	0.0651986	0.00700931	0.0046138	0.0103192	0.0110199	0.0222067	0.0363371	0.33	0.00152613	0.0100176
174	0.00112564	0.00712115	0.00179086	0.000501983	0.00286161	0.000415233	0.000288787	0.723509	0.00190486	0.0282854	0.0127049	0.00039442	0.000240073	0.000538587	0.000560449	0.000849279	0.00326406	0.213172	0.00012765	0.000343725
175	0.0529679	0.0113786	0.030577	0.068074	0.0089568	0.0248516	0.0269347	0.0250336	0.227893	0.0375529	0.0215559	0.0458382	0.015548	0.080602	0.179093	0.0569453	0.0402136	0.0322802	0.00362018	0.0100834
176	0.47669	0.0260083	0.0126686	0.0195585	0.0085078	0.0726275	0.0075858	0.0224366	0.0138082	0.0275833	0.0105226	0.012673	0.0204979	0.0178522	0.0154479	0.134164	0.035644	0.0559358	0.00153837	0.00824903
177	0.358723	0.0239131	0.0167272	0.0167157	0.00399917	0.0497764	0.00736186	0.00920254	0.013879	0.0149729	0.00734674	0.0205638	0.016197	0.0191954	0.0138431	0.288953	0.0806976	0.0315317	0.000774746	0.00562687
178	0.0410747	0.00960512	0.121516	0.416706	0.0272335	0.0163228	0.0196155	0.0138187	0.0360985	0.0291332	0.0113464	0.0256269	0.00640616	0.0338524	0.03155	0.038366	0.0277642	0.0200126	0.059395	0.0145559
179	0.0383705	0.0048707	0.00962021	0.00876002	0.00209679	0.853064	0.0043969	0.00212985	0.00529363	0.00286034	0.00103127	0.0105476	0.0010366	0.00379281	0.00346629	0.039438	0.00325499	0.00336797	0.000547163	0.00205443
180	0.0535465	0.00553967	0.00953399	0.00905527	0.00268575	0.837402	0.00292911	0.00120183	0.0052889	0.00238028	0.00173558	0.0086017	0.000845371	0.00390574	0.00380857	0.039953	0.00447648	0.00373859	0.000886096	0.00248596
181	0.0405283	0.00523989	0.00952129	0.0077948	0.00195025	0.859461	0.00276232	0.00103472	0.00479841	0.00198026	0.000823903	0.00992414	0.00256619	0.0032306	0.00324052	0.0392894	0.00247641	0.00250286	0.000180706	0.000693818
182	0.0312368	0.00501781	0.0104172	0.00819389	0.00218886	0.856395	0.00295111	0.00339336	0.00598617	0.00368786	0.0017926	0.0113514	0.00135117	0.00359322	0.00397767	0.0389342	0.00329734	0.00486483	0.000322449	0.00104708
183	0.0352675	0.00696535	0.0165833	0.0459308	0.00605464	0.0138429	0.0261158	0.0168521	0.262835	0.0262703	0.0144162	0.039779	0.0097819	0.0763338	0.290909	0.0470659	0.0346419	0.0213388	0.00156185	0.00745306
184	0.0360789	0.00431297	0.00951156	0.00781868	0.00159361	0.864076	0.00294775	0.00106748	0.00613095	0.0017513	0.000703076	0.0101062	0.000791935	0.00370199	0.004335	0.0390554	0.00299093	0.00189964	0.000678631	0.00044783
185	0.0189268	0.0125687	0.00236422	0.00522136	0.0186272	0.00339859	0.00280025	0.482251	0.00866201	0.115295	0.0352423	0.0030632	0.00743459	0.00603166	0.00876168	0.0123363	0.0205774	0.22996	0.000986225	0.00549139
186	0.026022	0.00802896	0.0145477	0.0323591	0.00564357	0.0120129	0.02114	0.0164475	0.123182	0.0248507	0.00949656	0.0252641	0.00787206	0.0419849	0.5401	0.0357625	0.0252756	0.0208079	0.00132348	0.00787838
187	0.0275242	0.00776586	0.00495683	0.0121917	0.0289827	0.0128856	0.0055941	0.0187019	0.287107	0.061046	0.162757	0.0376706	0.00343034	0.142336	0.116679	0.0200649	0.0128409	0.0309821	0.00167415	0.00480994
188	0.193158	0.130293	0.00885543	0.00883641	0.00183962	0.0076317	0.00153069	0.0504509	0.00289904	0.0107632	0.00466191	0.0124093	0.00178084	0.00268003	0.00734723	0.0511634	0.0402917	0.460705	0.00136612	0.00133533
189	0.0906173	0.00558478	0.128602	0.16803	0.00735526	0.0327839	0.0354978	0.0121942	0.0446949	0.0426679	0.025857	0.072322	0.0104153	0.0637492	0.0284507	0.0913312	0.0926835	0.0375653	0.000217126	0.00938045
190	0.0951916	0.00549448	0.124688	0.175025	0.00758771	0.0355577	0.030524	0.0115469	0.0479301	0.038509	0.0270619	0.0688286	0.0115207	0.0685284	0.0287984	0.095103	0.0822008	0.0358188	0.000261004	0.0098239
191	0.0437626	0.00647993	0.284571	0.427676	0.00396757	0.0161873	0.0183787	0.00196823	0.0292512	0.00755228	0.00500854	0.0214483	0.00292754	0.0373241	0.0134248	0.0399573	0.0247917	0.00821937	0.00319839	0.00390521
192	0.0152994	0.00270576	0.438248	0.29903	0.00161806	0.0422515	0.00467265	0.00235282	0.0188503	0.0032756	0.00935843	0.083576	0.00150421	0.044414	0.00931723	0.00993697	0.00626162	0.00486807	0.000785407	0.00167394
