292	20
1	0.0662844	0.0105344	0.0948051	0.19762	0.00874661	0.0434863	0.0341374	0.0143709	0.0656477	0.0163691	0.0155622	0.0793196	0.012791	0.0548074	0.0462555	0.139574	0.0580824	0.0273903	0.000170482	0.0140457
2	0.115914	0.0319754	0.0185872	0.0195906	0.00262357	0.00597036	0.0111884	0.00688586	0.100266	0.0152145	0.0111837	0.022748	0.148002	0.0694955	0.151777	0.140728	0.109541	0.0134437	0.000975979	0.00388839
3	0.0228973	0.00975368	0.00342934	0.00164435	0.013613	0.00258427	0.00138535	0.372785	0.00113167	0.0901747	0.0117832	0.00277031	0.00438493	0.00176683	0.00411493	0.00946195	0.0132039	0.425647	0.000166413	0.0073014
4	0.0116962	0.00672841	0.0060548	0.0129756	0.0031228	0.00611077	0.015239	0.00710767	0.333009	0.024239	0.00739059	0.0107583	0.01436	0.0630422	0.418529	0.0252699	0.0120685	0.0102732	0.00232484	0.00970057
5	0.060184	0.00489967	0.00157866	0.0201206	0.0366225	0.00815325	0.0072278	0.204361	0.0172175	0.124683	0.105591	0.0151702	0.00977301	0.0100234	0.00239212	0.0242632	0.0677035	0.2701	0.000382675	0.00955296
6	0.0420931	0.0143494	0.00252653	0.0100219	0.00769735	0.00216415	0.00391207	0.300859	0.00273603	0.0651105	0.0203905	0.00608561	0.0176839	0.00198846	0.00201559	0.0171215	0.0395469	0.436509	0.000191576	0.00699673
7	0.0951796	0.011123	0.0430348	0.0916446	0.00755948	0.0458934	0.0334555	0.0265172	0.0894231	0.0387299	0.0298225	0.0494196	0.0100403	0.0693601	0.0815813	0.138668	0.083674	0.0449864	0.000541594	0.00934554
8	0.00805109	0.00619563	0.00151261	0.00552768	0.041765	0.0061879	0.00469846	0.195172	0.00414525	0.432343	0.117194	0.00135941	0.00887816	0.00272422	0.00823364	0.0170395	0.0148812	0.115183	0.00275894	0.00614926
9	0.062263	0.0114299	0.0788171	0.187423	0.00407504	0.0293807	0.0721228	0.0202349	0.0842667	0.0191757	0.0135248	0.037613	0.0112339	0.114627	0.0805781	0.079913	0.049425	0.032782	0.000539504	0.0105744
10	0.0118593	0.00696606	0.00637385	0.0135263	0.00312427	0.0062129	0.0149092	0.00742916	0.33485	0.0246248	0.0078739	0.0109934	0.0144464	0.0641288	0.412447	0.0253257	0.0124667	0.0109276	0.0022382	0.00927626
11	0.0473905	0.0182867	0.0633934	0.101268	0.016676	0.0442279	0.0340447	0.0263198	0.0883156	0.0216181	0.0256837	0.109104	0.00834231	0.0399158	0.0557042	0.171928	0.0597765	0.050795	0.000513423	0.0166959
12	0.0436282	0.0102708	0.00239845	0.00843221	0.0155679	0.00369919	0.00369719	0.306803	0.00563159	0.0886958	0.0376276	0.00699341	0.0110871	0.00390231	0.00251717	0.0159051	0.0362073	0.388679	0.000213419	0.00804347
13	0.121819	0.0221044	0.0248008	0.044355	0.00845505	0.0565888	0.0149346	0.0668444	0.0367128	0.0526699	0.0337892	0.0261719	0.0326434	0.036365	0.0304226	0.129216	0.132213	0.113594	0.00665609	0.00964514
14	0.020448	0.00921645	0.00314608	0.0025604	0.0194794	0.00337399	0.00194801	0.341886	0.00226344	0.146833	0.0281675	0.0026654	0.00469989	0.00233034	0.00521781	0.0106632	0.0129389	0.373533	0.000602211	0.00802739
15	0.0573629	0.0117106	0.0137999	0.039387	0.00412052	0.0139554	0.0350756	0.0302509	0.190051	0.0467698	0.0276394	0.031946	0.0116689	0.113968	0.211275	0.0462797	0.0653525	0.0418289	0.00067696	0.00688068
16	0.072492	0.0124854	0.00195115	0.0117596	0.0261111	0.01339	0.010646	0.118141	0.0337899	0.176786	0.0785737	0.0186086	0.0285583	0.0439166	0.0184165	0.067723	0.0832314	0.179945	0.00029825	0.00317711
17	0.0264209	0.0120805	0.0747511	0.105843	0.00243572	0.33983	0.036661	0.00650358	0.0458357	0.00838719	0.0156211	0.143371	0.0022384	0.0222387	0.0386983	0.0946745	0.013236	0.0031819	0.00631946	0.00167244
18	0.0685503	0.00670005	0.120204	0.269608	0.00312084	0.0304353	0.0352043	0.0105906	0.0751624	0.0114237	0.00709315	0.0471983	0.00931053	0.0742633	0.0456261	0.0889038	0.0606793	0.0273234	0.000123373	0.00847843
19	0.0268811	0.0353755	0.00291077	0.0108104	0.0276434	0.00739389	0.00699949	0.213285	0.00812063	0.267272	0.0826544	0.00588143	0.0261825	0.00677739	0.00707813	0.0229522	0.0339924	0.198831	0.00196695	0.0069915
20	0.0603688	0.00656556	0.00198365	0.0159409	0.0342031	0.0136506	0.00739964	0.242439	0.0242139	0.111942	0.0810665	0.0120616	0.0119336	0.0150609	0.00381652	0.0281256	0.0698582	0.24119	0.000423003	0.0177562
21	0.0247454	0.0115024	0.003358	0.00429795	0.0118354	0.00248233	0.00198376	0.358416	0.00154132	0.0834896	0.0112958	0.0031911	0.00639239	0.00171764	0.00376573	0.0109498	0.0174273	0.434522	0.000171551	0.0069149
22	0.246084	0.0170247	0.0315837	0.0584728	0.00347024	0.0621731	0.0139656	0.0139591	0.0522558	0.0159852	0.0152375	0.0203381	0.0402084	0.0344097	0.0392163	0.185087	0.106211	0.0365093	0.000547039	0.007262
23	0.0239623	0.00912261	0.0108502	0.0233835	0.00502242	0.0103912	0.023482	0.0122555	0.271809	0.0335085	0.0131189	0.0203988	0.0153677	0.0744174	0.351489	0.0435408	0.0257357	0.0187787	0.00221266	0.0111524
24	0.0232251	0.0100853	0.00356442	0.0020019	0.0133397	0.00265919	0.00155041	0.374797	0.00139623	0.0928349	0.01194	0.00286282	0.00476953	0.00186063	0.00418976	0.00990733	0.0136979	0.418288	0.000160995	0.00686813
25	0.00842384	0.00634894	0.0016642	0.00642147	0.0433341	0.00654361	0.00507371	0.191875	0.0044301	0.428223	0.12196	0.00146325	0.00885453	0.00325649	0.00812056	0.0174691	0.0148398	0.110944	0.00306214	0.00769282
26	0.0661786	0.0180979	0.0278074	0.0691323	0.00592945	0.0336487	0.0925465	0.0223527	0.13022	0.0360651	0.0236267	0.0381606	0.0115289	0.104522	0.157845	0.0534102	0.0530598	0.0394987	0.000658425	0.0157117
27	0.0577537	0.0142032	0.0429677	0.0400196	0.00285013	0.595317	0.00940584	0.00507603	0.0143521	0.0074659	0.00672782	0.0395415	0.00747244	0.00834663	0.0168454	0.0891883	0.0274317	0.0103629	0.000742037	0.0039302
28	0.0562975	0.0187197	0.031531	0.0274473	0.00251651	0.0932131	0.0143339	0.00768205	0.0328404	0.0144723	0.00553853	0.0399866	0.00855236	0.0146321	0.0114539	0.440891	0.161168	0.0139047	0.000953283	0.00386577
29	0.0726807	0.012332	0.00169412	0.0120758	0.027867	0.012837	0.0114428	0.128058	0.0316166	0.178609	0.0794001	0.0177647	0.0271932	0.0401239	0.016115	0.0641261	0.0796009	0.182199	0.000275179	0.00398857
30	0.048573	0.0150277	0.00238205	0.0117855	0.00766806	0.00256284	0.00433662	0.288883	0.00368232	0.0625151	0.0227573	0.00668711	0.0215941	0.0022804	0.00214075	0.0188054	0.0429096	0.427538	0.000238175	0.00763307
31	0.0932631	0.0116176	0.102457	0.250348	0.00316141	0.0348829	0.105011	0.0115787	0.0528511	0.0109003	0.00698161	0.0292488	0.0126527	0.0856176	0.0507078	0.0627853	0.0431435	0.0234504	0.000546121	0.00879546
32	0.0112049	0.00708097	0.00555469	0.0139059	0.00339072	0.00623614	0.015386	0.00583724	0.329639	0.0281372	0.00827654	0.0115616	0.0130545	0.0664398	0.410682	0.0267016	0.0123522	0.0109316	0.00241108	0.0112162
33	0.0458192	0.0564119	0.0180367	0.0270896	0.0470731	0.0708846	0.0300406	0.0687818	0.0223185	0.136644	0.0777454	0.0153689	0.0105179	0.116924	0.0263454	0.0838549	0.0280546	0.0330046	0.00341083	0.081673
34	0.0376305	0.0156477	0.0270469	0.0247189	0.00289843	0.750298	0.00548395	0.00228972	0.00824681	0.00646836	0.00432877	0.0318768	0.00452533	0.0024349	0.0148108	0.0429709	0.0105075	0.00614125	0.000519439	0.00115497
35	0.0166641	0.00657378	0.00141335	0.00760011	0.0421629	0.00718537	0.00541887	0.189302	0.00648747	0.399655	0.114889	0.00300014	0.0118516	0.00514072	0.00756828	0.0207321	0.0239727	0.121182	0.0024852	0.00671472
36	0.0191036	0.0138004	0.00359018	0.015919	0.0676589	0.0158117	0.00943877	0.170459	0.00917005	0.377021	0.0975798	0.00314929	0.00854197	0.0122573	0.00668279	0.0159748	0.0205078	0.110574	0.00497023	0.0177887
37	0.0498364	0.010186	0.0140867	0.0345355	0.00452079	0.0164777	0.0578741	0.0188202	0.184489	0.0370116	0.0174789	0.0472552	0.0146905	0.0984725	0.243783	0.066917	0.0440823	0.0290791	0.000739333	0.00966366
38	0.0563624	0.0344762	0.00307177	0.0398594	0.0034417	0.00409683	0.00796869	0.166179	0.0133876	0.0516711	0.0179267	0.00882922	0.0564382	0.00606596	0.0052126	0.0370311	0.069893	0.413335	0.0005117	0.00424223
39	0.0428905	0.0144795	0.0309379	0.0363493	0.00493959	0.587558	0.0117175	0.0133335	0.0157814	0.0146286	0.0107424	0.0452603	0.00984014	0.0118775	0.0204678	0.0610107	0.0324793	0.0302433	0.00135537	0.00410692
40	0.0367138	0.00364316	0.398983	0.245183	0.0020018	0.0352346	0.0101821	0.00365756	0.0402722	0.00835159	0.00639306	0.0610423	0.0139759	0.0359487	0.0111214	0.0675773	0.0116927	0.00547625	0.00030847	0.00224069
41	0.0507517	0.0211473	0.00189561	0.026357	0.00447883	0.00226993	0.00855337	0.222384	0.00599834	0.0454243	0.0243974	0.00994181	0.0257334	0.00256172	0.00153252	0.0266881	0.063418	0.451263	0.000296082	0.00490716
42	0.0197685	0.0110516	0.004597	0.00183766	0.0135089	0.00288307	0.00250814	0.399469	0.00166545	0.109126	0.011674	0.00324899	0.00404062	0.00202797	0.0054879	0.0102359	0.0115146	0.379246	0.000224357	0.00588569
43	0.0683053	0.01217	0.0161126	0.0438585	0.00384197	0.0155639	0.0382514	0.0358747	0.160275	0.0535558	0.0358694	0.0350202	0.00909782	0.117341	0.175028	0.0491064	0.0742445	0.0507016	0.000418909	0.00536407
44	0.0595964	0.0052506	0.274797	0.253099	0.00206739	0.0325151	0.0186615	0.00680944	0.048251	0.00869705	0.00642968	0.0693611	0.0137263	0.0462121	0.0202335	0.0833754	0.0316902	0.0147313	0.000206877	0.00428959
45	0.0522708	0.0138022	0.00198509	0.0137461	0.00981121	0.00266836	0.00527424	0.266739	0.00525128	0.0673161	0.0340145	0.00946385	0.0201426	0.00375363	0.00165399	0.0203718	0.0499078	0.415012	0.000202419	0.00661333
46	0.0263874	0.00792619	0.339369	0.115387	0.0160752	0.0209053	0.0213874	0.0096764	0.0345154	0.00839588	0.010463	0.237065	0.0131954	0.0157951	0.00599825	0.0791347	0.0112485	0.00580148	0.000750775	0.0205225
47	0.033423	0.0134032	0.0276644	0.0249372	0.00313119	0.763148	0.00504553	0.00195539	0.00645606	0.00550608	0.00440642	0.0322626	0.00424297	0.00216519	0.0152295	0.0389144	0.0109934	0.00563329	0.000395566	0.00108691
48	0.0693006	0.0121957	0.0166716	0.0442308	0.00387149	0.0151364	0.0380593	0.0374609	0.157018	0.050368	0.0370873	0.0348631	0.00901201	0.118121	0.171966	0.0498642	0.0755726	0.0529455	0.000485729	0.00576958
49	0.0337786	0.0034451	0.0966885	0.124437	0.00190004	0.0179367	0.0371159	0.00946064	0.0411521	0.0177641	0.00428515	0.103486	0.115994	0.0450125	0.0533753	0.194179	0.0723018	0.0242234	0.000382423	0.00308224
50	0.0552572	0.00605859	0.00167511	0.0160768	0.025112	0.00459101	0.00568188	0.22745	0.0117603	0.0920828	0.0864	0.0128479	0.00901882	0.00611338	0.00188446	0.0188767	0.0603135	0.350125	0.000281928	0.00839231
51	0.0603614	0.0167399	0.0598202	0.122662	0.0154364	0.0542844	0.0373745	0.0168658	0.0719277	0.0208283	0.0233812	0.109404	0.00982901	0.0400102	0.0540936	0.182328	0.0546374	0.0304613	0.000225432	0.0193294
52	0.0348212	0.0121427	0.0548231	0.0758983	0.00636754	0.548802	0.0165524	0.00445391	0.0236692	0.00788698	0.00884044	0.0672771	0.00466124	0.0133254	0.0262984	0.0653152	0.0165496	0.00743055	0.00165719	0.00322753
53	0.0329802	0.0112196	0.0395574	0.0276385	0.00360648	0.0274896	0.0234561	0.0412738	0.0317991	0.0368353	0.0232538	0.114599	0.0271194	0.040954	0.0371146	0.260218	0.179566	0.0360716	0.000790004	0.00445824
54	0.0211647	0.00981777	0.00371478	0.00115211	0.0139626	0.00276301	0.00129489	0.3787	0.00112935	0.0979857	0.00986185	0.0024244	0.00387841	0.00175905	0.0046214	0.00911639	0.0104882	0.419139	0.000169604	0.00685651
55	0.0706148	0.0132879	0.00765698	0.0167432	0.0150765	0.0208209	0.0115066	0.0848239	0.0443034	0.134236	0.0660902	0.0270336	0.0218272	0.0570158	0.0385593	0.101713	0.120752	0.144258	0.00068847	0.00299246
56	0.0128965	0.00993597	0.00353618	0.0157984	0.079486	0.0126092	0.00856778	0.152385	0.00716855	0.426048	0.108903	0.00170627	0.00657428	0.0109811	0.00657676	0.0134463	0.0142726	0.0842414	0.00533444	0.019533
57	0.0657314	0.015115	0.00150123	0.0147817	0.0255095	0.0136133	0.00950179	0.178108	0.024299	0.154807	0.0742705	0.0136631	0.0252913	0.0271571	0.0102005	0.050554	0.0882378	0.200835	0.0003334	0.00648919
58	0.0108953	0.0346754	0.00185725	0.0025279	0.224712	0.00529432	0.173826	0.0107152	0.00591627	0.0328185	0.0238496	0.0226578	0.00158353	0.00849767	0.0259709	0.0233681	0.00392233	0.0118505	0.0186172	0.356444
59	0.03035	0.00454647	0.00163317	0.0106462	0.0375519	0.00571678	0.00471866	0.192968	0.00971136	0.268202	0.115049	0.00744481	0.00818724	0.00555282	0.00550233	0.0184682	0.0375952	0.227617	0.00143312	0.00710611
60	0.0109776	0.00680626	0.00633569	0.0129427	0.0028216	0.00585401	0.0140811	0.00660526	0.341054	0.0233224	0.00751442	0.00995419	0.0149958	0.0620509	0.417622	0.0246143	0.0112428	0.0100635	0.00220083	0.00894097
61	0.387816	0.0378711	0.00630438	0.0105044	0.00114501	0.034055	0.00228099	0.0162269	0.0050954	0.00668489	0.00987302	0.00358334	0.0987399	0.0155454	0.0122094	0.184773	0.0903983	0.0707337	0.000465358	0.00569503
62	0.0243741	0.0154655	0.00992204	0.0297628	0.121331	0.0230001	0.0622859	0.0243479	0.0111248	0.310321	0.0334542	0.0249998	0.00522796	0.080903	0.0219309	0.0476686	0.0117474	0.0162706	0.0029442	0.122919
63	0.00841994	0.0300011	0.00357368	0.00879786	0.334911	0.0164667	0.0305437	0.025374	0.00508547	0.130244	0.0396198	0.00994981	0.00241301	0.0132133	0.00806517	0.0128057	0.0159434	0.0212808	0.0020694	0.281222
64	0.0282261	0.00183035	0.409661	0.113624	0.00329761	0.0174686	0.0135642	0.00798467	0.0152943	0.00357992	0.00706057	0.247368	0.0166704	0.00225132	0.0018317	0.0934823	0.00839247	0.00218427	0.000379485	0.00584988
65	0.08145	0.0274116	0.0168861	0.0237632	0.121694	0.0272806	0.0755075	0.0298396	0.0222967	0.0615124	0.0251768	0.0353977	0.027516	0.0294035	0.0288682	0.0482948	0.0276256	0.0271003	0.00971093	0.253265
66	0.0280064	0.00186045	0.412085	0.114258	0.00321973	0.0173127	0.0134659	0.00812095	0.0151295	0.00361485	0.00697018	0.24583	0.0165819	0.0023251	0.00182116	0.0926831	0.00821685	0.00218885	0.000361259	0.00594776
67	0.110141	0.018372	0.0386323	0.0332997	0.00250539	0.00859752	0.0240413	0.0114596	0.0275377	0.0238672	0.0147186	0.0182947	0.359974	0.0429913	0.0445887	0.146609	0.0395415	0.021587	0.00124807	0.0119937
68	0.0719394	0.0150564	0.0569851	0.125686	0.0163439	0.0596339	0.0394129	0.015066	0.0705688	0.0258314	0.0234401	0.100038	0.0115536	0.0395222	0.0475107	0.186856	0.0486537	0.0246255	0.000245922	0.0210304
69	0.0685419	0.00661465	0.123243	0.274067	0.00312031	0.0297869	0.0330954	0.0104398	0.0712433	0.0107489	0.00675923	0.048307	0.00999513	0.0717851	0.0404491	0.0920205	0.0643533	0.027421	0.000117557	0.00789125
70	0.0369439	0.00460485	0.38663	0.175442	0.00420936	0.0315585	0.0134641	0.0108011	0.0349384	0.0112145	0.00985322	0.113372	0.0186383	0.0256832	0.0134461	0.0778204	0.0130725	0.010126	0.0008315	0.00735024
71	0.0294163	0.00376517	0.0936864	0.0992906	0.00147163	0.0175874	0.0344486	0.0123693	0.0371844	0.0212025	0.00430799	0.116454	0.108585	0.0384998	0.046584	0.218262	0.0881271	0.0264117	0.000413496	0.00193326
72	0.0381353	0.020745	0.0479487	0.0371406	0.0360295	0.022714	0.0224456	0.0406317	0.0292513	0.184046	0.125678	0.0148787	0.0105618	0.107834	0.0583473	0.067163	0.0256915	0.0330121	0.00393817	0.0738077
73	0.0324447	0.0224147	0.00342001	0.00775454	0.0197609	0.00670938	0.0148676	0.309602	0.0156546	0.168299	0.0343707	0.0120604	0.0117016	0.0142939	0.0128528	0.0293541	0.0278247	0.250398	0.000613306	0.00560345
74	0.0841379	0.01641	0.0657301	0.0398549	0.00239914	0.00715479	0.0274189	0.0185191	0.0240648	0.0264949	0.0180775	0.0175851	0.420209	0.0459318	0.0334488	0.0919245	0.0247018	0.0159446	0.0028058	0.017187
75	0.0991236	0.0422418	0.0294176	0.0237574	0.00308546	0.0371464	0.00967081	0.0129908	0.025444	0.0163787	0.0136352	0.0260967	0.0301439	0.0378175	0.0211807	0.349032	0.184624	0.0282274	0.00116278	0.00882339
76	0.0218671	0.0102901	0.00622642	0.0175738	0.00337137	0.00750855	0.0179121	0.00748364	0.323551	0.0242931	0.00820875	0.0158005	0.0227759	0.0762318	0.356882	0.0307804	0.0237957	0.0148726	0.00162817	0.00894666
77	0.0622722	0.0052374	0.218046	0.290962	0.00194686	0.0301648	0.0222797	0.00813883	0.0569557	0.00909957	0.00596683	0.0439954	0.0112586	0.0606024	0.0265918	0.0765415	0.044822	0.0201644	0.000194318	0.0047593
78	0.063365	0.0130566	0.00206157	0.0131737	0.0276664	0.00953921	0.00867586	0.176945	0.0212486	0.162566	0.0700797	0.0133079	0.0253796	0.0250201	0.0102919	0.0473241	0.0632098	0.2412	0.000380836	0.00550925
79	0.0660873	0.0184878	0.0255399	0.0230271	0.00288346	0.687368	0.00476656	0.0040617	0.0081168	0.00663868	0.00585063	0.0294057	0.00880386	0.0041067	0.0149147	0.0563087	0.0189321	0.0120447	0.000463947	0.00219174
80	0.00838652	0.00612436	0.00148644	0.0055646	0.041173	0.00613613	0.00464573	0.19658	0.00420294	0.42999	0.116252	0.00152192	0.00881049	0.00264379	0.0081885	0.0169574	0.0153195	0.117309	0.00269753	0.00600946
81	0.129232	0.0237432	0.0257281	0.0212563	0.00218511	0.00548815	0.00734382	0.0041661	0.0822471	0.0164924	0.0131624	0.0108118	0.170278	0.0608257	0.127438	0.190953	0.0941902	0.0109558	0.000789736	0.00271254
82	0.0104859	0.0242581	0.00455227	0.00822859	0.313422	0.0156034	0.0466745	0.0287695	0.00771508	0.107875	0.0343654	0.0169175	0.00386598	0.0102265	0.0105153	0.0158823	0.0143946	0.0299426	0.00467343	0.291632
83	0.0540818	0.0117116	0.0140443	0.0436877	0.00379778	0.0189499	0.0459054	0.0237605	0.177357	0.0455622	0.0279604	0.0466221	0.0119624	0.130111	0.184322	0.0479089	0.0606717	0.0443435	0.000214455	0.00702538
84	0.065487	0.0127634	0.0160379	0.0422952	0.00439883	0.0148744	0.0385338	0.0356527	0.168992	0.0474611	0.0321132	0.034344	0.00971312	0.116785	0.18309	0.0482532	0.0748225	0.0485076	0.000392412	0.00548322
85	0.037324	0.0134486	0.0274028	0.024752	0.00308998	0.754304	0.00528096	0.00244425	0.00690767	0.00576863	0.00462675	0.032412	0.00431003	0.00249031	0.0156729	0.0407813	0.0110186	0.00607809	0.000402359	0.00148426
86	0.0347736	0.00334906	0.455283	0.203391	0.00181577	0.0313108	0.007596	0.00370253	0.0288451	0.00661764	0.00651698	0.0944947	0.0157391	0.0227097	0.00498875	0.0694384	0.00495471	0.00182091	0.000280125	0.00237202
87	0.0191177	0.0111192	0.00364851	0.00157617	0.0125457	0.00274748	0.00206357	0.416101	0.00129343	0.0977272	0.00804568	0.00303582	0.00349813	0.00172458	0.0054341	0.00952144	0.00971589	0.384981	0.000177082	0.00592629
88	0.0167246	0.0125766	0.00327329	0.0116496	0.045673	0.00977457	0.0144786	0.19709	0.0119191	0.37666	0.0926793	0.00449601	0.00907121	0.01153	0.0111704	0.0210909	0.0194114	0.115675	0.00367707	0.0113793
89	0.060517	0.0306472	0.0192965	0.164498	0.00460719	0.0167655	0.186421	0.0158478	0.0397818	0.0131644	0.0168942	0.00809799	0.0282764	0.261206	0.0645657	0.0275017	0.0128205	0.0133361	0.00154282	0.0142118
90	0.0238171	0.0104014	0.00340684	0.00207057	0.0126709	0.00265478	0.00163417	0.373463	0.00125067	0.0890472	0.0112026	0.00297895	0.00522371	0.00180007	0.00405242	0.00979821	0.0142016	0.423214	0.00015448	0.00695798
91	0.00997192	0.00626076	0.00151843	0.00574961	0.0401884	0.00607931	0.00469357	0.202674	0.00450091	0.411539	0.112507	0.00185494	0.00965366	0.00315661	0.00882092	0.018195	0.0168185	0.127428	0.00231542	0.00607362
92	0.0265364	0.00527992	0.292095	0.0972628	0.0089716	0.0160099	0.025315	0.00860007	0.0280091	0.00532405	0.0116827	0.312046	0.014089	0.00715604	0.00413138	0.104133	0.0108976	0.00407956	0.00082235	0.0175583
93	0.06107	0.0133474	0.0150667	0.0416184	0.00381009	0.0153051	0.0379018	0.0314746	0.175395	0.0491883	0.0318517	0.0351936	0.00976174	0.119027	0.187771	0.0474141	0.0710257	0.0473359	0.000487311	0.00595407
94	0.0314656	0.00344648	0.430074	0.249745	0.00181788	0.0385069	0.00687031	0.00211325	0.0388565	0.00823802	0.00661855	0.0561022	0.0147966	0.0331851	0.00725908	0.0645683	0.00314765	0.00169102	0.000289856	0.00120775
95	0.0386027	0.00397561	0.372967	0.212778	0.00244283	0.03374	0.0129374	0.00523316	0.0363313	0.00819806	0.00699149	0.0954791	0.0163298	0.0314643	0.0121012	0.0820957	0.0171757	0.00683102	0.000290658	0.00403499
96	0.0912957	0.0194203	0.0419763	0.0281683	0.00206061	0.00355368	0.0339121	0.0105681	0.0201012	0.0355024	0.0210714	0.00337833	0.467955	0.0496393	0.0269386	0.105411	0.00750084	0.0142406	0.000710722	0.0165955
97	0.0249248	0.0269646	0.0441222	0.032465	0.0476944	0.00359921	0.10079	0.0131902	0.0283474	0.00941965	0.00436684	0.390735	0.00302681	0.03804	0.00414629	0.0560084	0.0227786	0.0043587	0.000692823	0.144329
98	0.0281018	0.0424519	0.0153539	0.020159	0.0159213	0.0432376	0.021474	0.0240897	0.0410822	0.0708608	0.0179179	0.0184182	0.0198318	0.0177436	0.0194862	0.0335419	0.0228216	0.0194451	0.482878	0.0251834
99	0.0283992	0.0408729	0.0182397	0.0259009	0.0102552	0.0758299	0.0171167	0.0193055	0.0434715	0.0628343	0.0155862	0.0229726	0.0156282	0.0179862	0.019678	0.0370238	0.0197229	0.0174582	0.476023	0.0156957
100	0.0770517	0.0194219	0.0465737	0.0767039	0.00794038	0.0350531	0.0302515	0.0234261	0.0558983	0.0316044	0.0197847	0.0394715	0.0371937	0.108516	0.0518223	0.204686	0.0835889	0.0326155	0.00184474	0.0165523
101	0.247201	0.0245753	0.0100825	0.016423	0.0104017	0.0592038	0.00778708	0.0611188	0.0212123	0.0680869	0.0342816	0.0112049	0.038821	0.0268545	0.0185584	0.12462	0.0782099	0.12974	0.00112656	0.0104897
102	0.0154307	0.00835235	0.00488866	0.0165111	0.00579504	0.0093947	0.02364	0.00602411	0.291794	0.032749	0.00875317	0.0191091	0.0119956	0.0740759	0.389121	0.031536	0.017634	0.0142443	0.00243225	0.0165185
103	0.388218	0.0367256	0.00728631	0.0097985	0.000989282	0.0412939	0.00177992	0.0208128	0.00480711	0.00652596	0.0117702	0.00376844	0.0686612	0.0157074	0.0105444	0.174479	0.110813	0.0785956	0.000513266	0.00690952
104	0.0349427	0.0136437	0.0271556	0.0245115	0.00512724	0.755743	0.00495944	0.00239093	0.00673084	0.00616153	0.00464549	0.0311168	0.00441049	0.00240178	0.0147071	0.0405588	0.011784	0.00637046	0.000308099	0.00233011
105	0.0169947	0.00951611	0.00326958	0.00898746	0.0357038	0.00775563	0.00797441	0.210556	0.0111512	0.359397	0.0940609	0.00395614	0.00966574	0.0113222	0.0185034	0.0216111	0.0205471	0.137652	0.00233078	0.0090449
106	0.0195364	0.0105025	0.00369335	0.00191637	0.01556	0.00329807	0.00266097	0.400704	0.00303673	0.117512	0.0139611	0.00334269	0.00370429	0.00327691	0.00763066	0.0124075	0.0109009	0.360393	0.000224484	0.00573896
107	0.0683079	0.0137291	0.0201146	0.0220183	0.00357083	0.00655578	0.0163884	0.0199139	0.10027	0.0226936	0.0132989	0.0133386	0.290519	0.0542121	0.160679	0.0854054	0.054585	0.0206463	0.00324052	0.0105131
108	0.06851	0.0261653	0.0294895	0.0318728	0.00346264	0.537086	0.011185	0.00735226	0.0167097	0.0105233	0.00899274	0.0415466	0.00849368	0.0106573	0.0168185	0.120126	0.030347	0.0137407	0.00231309	0.00460715
109	0.0557999	0.00919996	0.00915736	0.0391787	0.0046816	0.010568	0.0163526	0.0457624	0.129611	0.124547	0.0166581	0.0160126	0.0938791	0.138921	0.131448	0.0629142	0.0589065	0.0295374	0.0016686	0.00519598
110	0.0719855	0.0107265	0.0835539	0.133153	0.0149307	0.0247388	0.0287657	0.0375987	0.0654227	0.0387763	0.0407716	0.0518776	0.00595668	0.0622999	0.0653339	0.109266	0.0714231	0.0606038	0.00187196	0.0209437
111	0.0287291	0.0287157	0.00619508	0.022636	0.120343	0.0211432	0.0186496	0.105457	0.017824	0.291588	0.0789535	0.00801868	0.00932134	0.0396383	0.0131189	0.0287778	0.0366893	0.0698581	0.00455872	0.0497844
112	0.0396496	0.0199885	0.012643	0.122023	0.00517732	0.0139992	0.108198	0.015711	0.073717	0.0266166	0.0329513	0.0210135	0.0182937	0.290985	0.112372	0.0283396	0.024328	0.0214777	0.00140697	0.0111092
113	0.051431	0.0110442	0.0357792	0.114836	0.00623899	0.0191611	0.0557168	0.0192524	0.142568	0.0436184	0.0227981	0.0414016	0.0115755	0.123915	0.151915	0.0516046	0.0508488	0.0348942	0.000776229	0.0106249
114	0.0111563	0.00683734	0.00493228	0.0131106	0.00431245	0.00829695	0.0181241	0.00596497	0.305193	0.0286011	0.00954037	0.0127404	0.0119853	0.0688603	0.41843	0.0263587	0.0128561	0.0106492	0.00744104	0.0146102
115	0.0485882	0.0125304	0.0196694	0.0672038	0.0175279	0.0166387	0.0299658	0.0375936	0.129979	0.120674	0.0342825	0.0252628	0.0167671	0.0839483	0.185138	0.0471297	0.0427753	0.0396849	0.00573973	0.018901
116	0.0789088	0.0118268	0.0195084	0.0478774	0.00454457	0.0147861	0.033313	0.0425457	0.141871	0.0536992	0.0436843	0.0300862	0.00781895	0.112498	0.159367	0.0546279	0.0797341	0.0564137	0.000901966	0.00598763
117	0.309714	0.0262475	0.0125351	0.0266776	0.00381925	0.0476757	0.00646722	0.0438222	0.0184452	0.0281273	0.0200593	0.0116868	0.0485012	0.0207195	0.0171451	0.163791	0.108557	0.0780684	0.000815234	0.00712591
118	0.0155715	0.0537998	0.00412025	0.00809474	0.169556	0.0208526	0.163897	0.0246954	0.00926992	0.0625164	0.0473731	0.0157498	0.00279499	0.0271933	0.0398313	0.038511	0.00947231	0.0193031	0.0179352	0.249462
119	0.0897839	0.0109832	0.0206464	0.0458968	0.0118381	0.0138473	0.0156631	0.0766967	0.0721409	0.0990215	0.0709279	0.0162384	0.0127771	0.0709987	0.0855452	0.0759586	0.0900642	0.112728	0.00213101	0.00611307
120	0.0195588	0.0100009	0.226995	0.0930629	0.00721024	0.0305721	0.0101625	0.112389	0.080961	0.0688871	0.0365842	0.0506672	0.00718007	0.0778103	0.0133968	0.0467493	0.0163756	0.0598495	0.0015943	0.0299941
121	0.0287343	0.0185165	0.00964872	0.0330306	0.164476	0.0302268	0.0379431	0.0268487	0.0101125	0.26994	0.0414783	0.0161738	0.00447572	0.0654679	0.0266771	0.0448759	0.0119998	0.016919	0.00265328	0.139803
122	0.0393446	0.00384542	0.370358	0.252634	0.00203517	0.0358675	0.0125775	0.00391045	0.0434158	0.00869681	0.00656186	0.0595402	0.0152109	0.0378044	0.0126464	0.0712518	0.0150433	0.00655465	0.000264829	0.00243717
123	0.0554305	0.0115498	0.0166822	0.0496102	0.00434235	0.0227025	0.0450557	0.0224275	0.168805	0.0445124	0.0261663	0.0493481	0.0156431	0.122177	0.175439	0.0604339	0.060798	0.0408009	0.000235489	0.00784028
124	0.070902	0.0164909	0.0599155	0.136325	0.0145192	0.0565173	0.0422464	0.0145758	0.0709283	0.0272258	0.0210784	0.0917404	0.014452	0.0456296	0.0480104	0.173215	0.0504197	0.0237155	0.000280406	0.0218132
125	0.0321175	0.00326603	0.414821	0.221211	0.00198003	0.0365037	0.0104735	0.00340071	0.0327376	0.00852263	0.008293	0.0950343	0.0161168	0.0252178	0.00634185	0.0744223	0.0050325	0.00216169	0.000294461	0.00205139
126	0.0206062	0.00971417	0.00365545	0.0011446	0.014339	0.00277111	0.00139258	0.377938	0.00118608	0.106383	0.0111214	0.0024339	0.00380381	0.00177478	0.00487021	0.00944706	0.0102408	0.410271	0.000170482	0.00673723
127	0.0752858	0.0124089	0.00242805	0.0116132	0.0270165	0.0132067	0.0107529	0.119585	0.0336864	0.172865	0.0740574	0.0202341	0.0359755	0.0443733	0.0198524	0.0641294	0.0843694	0.173834	0.000525751	0.00380085
128	0.0554862	0.015048	0.00265223	0.0137373	0.0228861	0.0122015	0.00884363	0.154803	0.0256885	0.185251	0.0656015	0.0134349	0.0270295	0.0282935	0.01303	0.0621563	0.127134	0.160841	0.000548922	0.00533312
129	0.0141359	0.0257443	0.00816502	0.00789572	0.24338	0.00841902	0.0783087	0.0191838	0.0108677	0.0709117	0.0256238	0.0247061	0.00591169	0.0139532	0.0166869	0.0196388	0.00941477	0.0240531	0.00890851	0.364091
130	0.0633472	0.00818299	0.152194	0.240917	0.00497292	0.0350383	0.0281761	0.0142975	0.058489	0.0164614	0.010701	0.0611382	0.0166533	0.0584691	0.035926	0.106283	0.0537759	0.0246304	0.00100181	0.0093457
131	0.0667604	0.0107545	0.124203	0.196078	0.00559412	0.0404209	0.0252968	0.0149463	0.0529451	0.0166753	0.01164	0.067129	0.024424	0.0484622	0.0346717	0.158043	0.0664658	0.0263589	0.000758861	0.00837209
132	0.0428765	0.00759887	0.00383528	0.0164897	0.0411646	0.0103154	0.0084187	0.159443	0.0221719	0.254297	0.111657	0.010637	0.0120729	0.0176977	0.0100705	0.0296399	0.0464116	0.182056	0.0022994	0.010848
133	0.327404	0.0468393	0.00723014	0.00941058	0.00201595	0.0499293	0.00299905	0.0213176	0.00670738	0.0117001	0.0207214	0.0066188	0.0520826	0.0260588	0.0157744	0.162128	0.108802	0.111758	0.00072031	0.00978304
134	0.0104579	0.00665273	0.00514739	0.013308	0.00371529	0.00641058	0.0162475	0.00567265	0.320094	0.0294972	0.00829049	0.0121775	0.0119412	0.0652603	0.421184	0.0265699	0.0119032	0.0102066	0.0027492	0.012514
135	0.0560863	0.00526238	0.00171486	0.0196277	0.0375046	0.00834447	0.00679258	0.198974	0.0161602	0.148402	0.104151	0.0130011	0.00975139	0.00932896	0.00260265	0.0221319	0.0620564	0.265674	0.000994262	0.0114392
136	0.0439282	0.0112521	0.012631	0.0484746	0.00551572	0.0187071	0.0558505	0.0186857	0.180503	0.0476611	0.026812	0.0479119	0.0112955	0.136511	0.192348	0.0409958	0.0518961	0.0385477	0.000396843	0.0100766
137	0.0330935	0.0101597	0.0100303	0.0303314	0.00388937	0.0188422	0.0379897	0.0134215	0.222112	0.0342506	0.0153634	0.027864	0.0389918	0.10591	0.280694	0.0398447	0.0372321	0.028996	0.00145936	0.00952352
138	0.0109147	0.00679483	0.00632464	0.0129685	0.00282612	0.00586274	0.0140706	0.00662075	0.340663	0.0233283	0.00751843	0.0100232	0.0149732	0.062182	0.417926	0.0246322	0.0112352	0.0100493	0.00219994	0.00888645
139	0.0685022	0.0587552	0.00519961	0.0281835	0.00661381	0.0100487	0.00852723	0.123283	0.0159564	0.0731709	0.0231527	0.00977502	0.086128	0.0144918	0.010549	0.0583968	0.0874099	0.305267	0.00096941	0.00561993
140	0.00998404	0.0061805	0.00151779	0.00566874	0.0399326	0.00592291	0.0045534	0.2026	0.00432105	0.414637	0.11414	0.00169507	0.00889807	0.00273445	0.00807782	0.0171742	0.016533	0.126659	0.00251962	0.00625092
141	0.0420982	0.0141696	0.00245153	0.0095897	0.00901618	0.00228987	0.00385117	0.304948	0.00296109	0.0684454	0.0220962	0.00626518	0.0156307	0.00231952	0.00214562	0.0170157	0.0377771	0.429115	0.000174851	0.00763994
142	0.0163591	0.00775489	0.00325384	0.00831461	0.039689	0.00787414	0.00662432	0.186798	0.00827928	0.391945	0.111872	0.00403808	0.010269	0.00786988	0.0103326	0.027524	0.0223554	0.118811	0.0024267	0.0076091
143	0.0181701	0.0111222	0.00387408	0.00127399	0.0131172	0.00290898	0.00208235	0.418363	0.00134366	0.10578	0.00697175	0.00284948	0.00310639	0.00175218	0.00595346	0.00935941	0.00790779	0.37816	0.000180238	0.0057229
144	0.260629	0.0272483	0.0152275	0.0164433	0.00265068	0.272948	0.00478758	0.0174768	0.0107994	0.0117443	0.0131967	0.0134519	0.0403516	0.0139264	0.0151672	0.129788	0.0648851	0.0611562	0.000671899	0.00745105
145	0.399023	0.0354147	0.00580764	0.0106357	0.00108573	0.0336719	0.00182666	0.0158352	0.00413689	0.00596473	0.0092445	0.00303582	0.0965388	0.0142655	0.0107552	0.183499	0.0915132	0.0720943	0.000450386	0.00520105
146	0.0379725	0.00541877	0.0849897	0.0980532	0.00173085	0.014233	0.0415213	0.00836213	0.0466108	0.0171333	0.00383574	0.0966954	0.136532	0.0470107	0.0680485	0.189431	0.0778117	0.0211277	0.000564105	0.00291681
147	0.0348984	0.0171021	0.0299768	0.030451	0.00314615	0.708218	0.011555	0.00290724	0.0101101	0.00660438	0.0057174	0.0438339	0.00652323	0.00453294	0.0163248	0.0484758	0.0113502	0.00612701	0.000692717	0.00145242
148	0.0516097	0.0219952	0.00200737	0.0266783	0.00480546	0.0023619	0.00898679	0.219981	0.00670322	0.0460972	0.0253232	0.0099312	0.0264516	0.00291753	0.00181172	0.0270243	0.0636705	0.446416	0.000302635	0.00492519
149	0.0621603	0.0112462	0.0333821	0.0602324	0.00659344	0.025361	0.0522618	0.0290743	0.119459	0.0400941	0.0240982	0.0677719	0.0143065	0.0838036	0.153085	0.113024	0.058141	0.035811	0.000467741	0.00962673
150	0.118722	0.00810891	0.0525619	0.112752	0.00437423	0.0274665	0.0321586	0.0113838	0.0825984	0.0269026	0.0154636	0.0308994	0.0175359	0.0605024	0.0562134	0.198653	0.118808	0.0183201	0.000645789	0.00592898
151	0.0102228	0.00751514	0.00194242	0.00554314	0.0386709	0.00600182	0.00493266	0.2261	0.00449246	0.37898	0.0968461	0.00184266	0.00812682	0.00320793	0.00923676	0.0164884	0.0145774	0.156583	0.00223926	0.00645048
152	0.0224197	0.00824695	0.00831971	0.0213171	0.00387208	0.00903683	0.0222492	0.010933	0.295322	0.0305195	0.0127274	0.0183527	0.0147726	0.0792438	0.354787	0.031639	0.0237016	0.0202771	0.00177438	0.0104883
153	0.0624646	0.0144127	0.064103	0.129845	0.0153056	0.052806	0.0361112	0.0161071	0.0673538	0.0214309	0.022951	0.100713	0.0124122	0.0485726	0.0571404	0.177145	0.0550225	0.0280195	0.000265941	0.0178175
154	0.0694101	0.0120731	0.0160759	0.0435671	0.0038007	0.0161098	0.0384214	0.0351662	0.161679	0.0503828	0.0352954	0.0349011	0.00920013	0.117784	0.175151	0.0505124	0.0750577	0.0495126	0.000407419	0.00549244
155	0.0173479	0.0118395	0.00435303	0.0216301	0.0773571	0.0172505	0.0106272	0.152031	0.009119	0.398796	0.105476	0.00270105	0.00732374	0.0134565	0.00595651	0.013471	0.0181007	0.0835837	0.00595959	0.0236203
156	0.00788584	0.00617362	0.00146202	0.00538784	0.0412118	0.00607154	0.00462601	0.19667	0.00404424	0.433425	0.117098	0.0013354	0.0089754	0.00258971	0.00828731	0.0171576	0.0148489	0.114076	0.0026949	0.00597901
157	0.0245293	0.0262836	0.0497109	0.0332821	0.0497835	0.00359383	0.10034	0.0126758	0.0276385	0.00923473	0.00429793	0.380615	0.00306459	0.0390363	0.00422684	0.0571012	0.0228696	0.00433383	0.000738941	0.146644
158	0.0955382	0.0202865	0.0191885	0.0162029	0.00237321	0.00469208	0.00818935	0.00584106	0.0640305	0.0152428	0.0102865	0.0105293	0.267461	0.0598361	0.130901	0.161723	0.0869544	0.0162103	0.000855856	0.00365746
159	0.0697369	0.00602558	0.128769	0.293894	0.00226888	0.0280585	0.0302446	0.0107508	0.0695513	0.0109141	0.00565758	0.0423988	0.00899437	0.0729498	0.0387436	0.083443	0.062751	0.0279646	0.000111765	0.00677189
160	0.0110891	0.00679564	0.00465945	0.0134336	0.00448153	0.00695987	0.01938	0.00539131	0.309425	0.031536	0.00816535	0.0138621	0.0112949	0.066891	0.418262	0.0271389	0.0132659	0.0105543	0.00289565	0.0145183
161	0.00397914	0.0220723	0.001535	0.00262712	0.36401	0.0074108	0.0250335	0.0143403	0.00230516	0.101749	0.028596	0.00558282	0.00154263	0.002865	0.0033278	0.00403489	0.00757785	0.0194428	0.000523171	0.381445
162	0.370164	0.0175408	0.0227862	0.0133591	0.00326371	0.14084	0.00604265	0.0274414	0.0272725	0.0123945	0.0246171	0.00763952	0.023229	0.0146096	0.0255262	0.137926	0.0470215	0.0537293	0.00124589	0.0233512
163	0.253075	0.0489484	0.00844527	0.00986492	0.00273291	0.0648788	0.00406601	0.0257721	0.00921919	0.0112052	0.0250249	0.0151712	0.0429841	0.0472197	0.0124295	0.188642	0.130264	0.0778342	0.00101058	0.0212125
164	0.121575	0.0135743	0.00968261	0.012946	0.0049833	0.0113145	0.00812385	0.0960084	0.0149682	0.0163842	0.01428	0.00839368	0.347911	0.0160272	0.045105	0.0220986	0.117954	0.0844688	0.0144749	0.0197271
165	0.0479946	0.0145945	0.00208933	0.0131264	0.00683189	0.00222708	0.00499463	0.279244	0.00370166	0.0583623	0.0257907	0.00752086	0.0204481	0.00223273	0.00154712	0.0198571	0.0501435	0.432445	0.000205141	0.00664318
166	0.301521	0.0298335	0.0102873	0.0137373	0.00283237	0.0485434	0.00507198	0.0291335	0.0136088	0.0133111	0.0250877	0.00691226	0.144421	0.0224911	0.0225971	0.13286	0.0987762	0.0647145	0.00306557	0.0111951
167	0.0148736	0.0394544	0.00225856	0.00297544	0.173773	0.00652302	0.239667	0.0119343	0.00825278	0.0155504	0.0258327	0.0238471	0.00182678	0.0119716	0.0350182	0.0335143	0.00417482	0.0111043	0.0278637	0.309583
168	0.0872735	0.0236825	0.0339039	0.0287404	0.00387098	0.0297913	0.0113169	0.0207436	0.0285212	0.0213677	0.0145588	0.0286087	0.0211571	0.0238649	0.0229943	0.313893	0.246775	0.0303706	0.0010378	0.00752701
169	0.0507128	0.0272508	0.0374642	0.016206	0.00161345	0.0292948	0.00708511	0.00648467	0.0186228	0.0127329	0.00742516	0.0321868	0.00778003	0.0132812	0.0135494	0.405522	0.296009	0.0109084	0.000620087	0.00525008
170	0.0606088	0.0113088	0.0251804	0.0554046	0.00566836	0.0236669	0.0392205	0.020203	0.160572	0.0361238	0.0205008	0.0527059	0.020943	0.0854562	0.196217	0.0891155	0.0550294	0.0315672	0.000842113	0.00966615
171	0.0565767	0.00928785	0.0108292	0.0393021	0.0033356	0.0126602	0.028174	0.0292499	0.15154	0.0779925	0.019517	0.0262551	0.0671446	0.143844	0.16812	0.0505257	0.0635048	0.035683	0.000858554	0.00559916
172	0.10169	0.0195713	0.028394	0.0164868	0.00202635	0.00407299	0.0177647	0.0353169	0.038832	0.0335489	0.0362482	0.00340436	0.454633	0.0773198	0.0393878	0.0459934	0.0124646	0.0101682	0.00254014	0.0201362
173	0.0110525	0.00697311	0.00662091	0.0131642	0.00272918	0.00570037	0.0135009	0.00660544	0.345438	0.0229791	0.00760234	0.00969039	0.0150656	0.0623952	0.413604	0.0245735	0.0113733	0.0101575	0.00213432	0.00863986
174	0.069816	0.00544487	0.132102	0.28851	0.00199339	0.0260465	0.0283587	0.0112227	0.0662873	0.0106749	0.00540352	0.0438707	0.0173326	0.067727	0.0363671	0.0919544	0.0611551	0.0296816	0.000170414	0.00588141
175	0.0289214	0.0118366	0.0824399	0.110682	0.00251837	0.320189	0.0397305	0.00583549	0.039201	0.00941332	0.0180475	0.146792	0.00217191	0.0216576	0.0319524	0.0982892	0.0185793	0.00488473	0.00510283	0.00175453
176	0.0452993	0.0046996	0.28735	0.223633	0.00280064	0.0359074	0.0184666	0.00738528	0.0419886	0.00865482	0.00759765	0.113576	0.0153725	0.0364623	0.0177239	0.0896023	0.0265108	0.0113708	0.000343152	0.00525491
177	0.10013	0.00778296	0.0419483	0.135825	0.0141908	0.00821165	0.0163448	0.0594998	0.0673932	0.0670058	0.0557634	0.0142071	0.0044793	0.0808176	0.122498	0.0533033	0.0591807	0.0730213	0.00973723	0.00866041
178	0.0289576	0.0017463	0.370899	0.118207	0.00342882	0.0189174	0.0162882	0.00809458	0.0163696	0.00381849	0.00779533	0.265048	0.0163444	0.00231133	0.00240644	0.102696	0.00825216	0.00243921	0.000427624	0.00555237
179	0.0353204	0.0126738	0.0450427	0.0497513	0.00353597	0.595554	0.0128344	0.00413917	0.0166571	0.00749092	0.00724349	0.0566014	0.00576529	0.00974129	0.0197662	0.0802576	0.0262701	0.00778505	0.000876501	0.00269327
180	0.0490869	0.0110587	0.0152518	0.0467269	0.00421849	0.0201891	0.048158	0.0229474	0.173096	0.0477661	0.0313314	0.0431957	0.0103031	0.136555	0.18524	0.0434499	0.0562444	0.0472813	0.000319702	0.00758006
181	0.066734	0.010266	0.101769	0.190231	0.00692391	0.0761781	0.0378991	0.0111554	0.0546726	0.0146711	0.0165444	0.0885102	0.00915118	0.0481592	0.0353286	0.136475	0.0574252	0.0267165	0.000396942	0.010792
182	0.00515504	0.023322	0.00166182	0.00273006	0.329898	0.00690483	0.043081	0.0139347	0.00282652	0.0917257	0.0269448	0.00771643	0.00156011	0.00370594	0.00627167	0.0066527	0.00699158	0.0187556	0.00270595	0.397455
183	0.0164434	0.0419679	0.00240056	0.00311228	0.167212	0.00712972	0.243867	0.0130407	0.00916129	0.01641	0.0266188	0.022118	0.00185844	0.0122136	0.0375464	0.0346414	0.00425382	0.0122238	0.0284922	0.299288
184	0.0524622	0.0183239	0.0355795	0.0201672	0.00127323	0.0390432	0.00720575	0.00387278	0.023413	0.0140574	0.00399966	0.0228193	0.00869988	0.0135188	0.00840699	0.47478	0.236791	0.012228	0.000590967	0.0027672
185	0.046601	0.0118839	0.0120231	0.0417022	0.00480606	0.0155485	0.0471936	0.0163599	0.191315	0.037312	0.0190664	0.0505602	0.0283999	0.113576	0.216671	0.0456158	0.0575708	0.0305251	0.000754562	0.0125145
186	0.071876	0.00572696	0.132529	0.297952	0.00202367	0.0273209	0.0292853	0.0107033	0.0668449	0.0105571	0.00576793	0.0407337	0.0114081	0.0702929	0.0358281	0.0846595	0.0613257	0.028838	0.000135538	0.0061921
187	0.0697916	0.00609912	0.128628	0.294901	0.00223877	0.0279045	0.0300849	0.010712	0.0699914	0.0105692	0.00544693	0.0418788	0.00912527	0.0730997	0.0387425	0.08292	0.0627702	0.0282992	0.000103572	0.00669328
188	0.00821563	0.0239358	0.00347527	0.00936831	0.339811	0.0145779	0.0230989	0.0315714	0.00508143	0.151272	0.0485795	0.00451155	0.00235087	0.0107037	0.00601746	0.00831756	0.0120541	0.023739	0.0024635	0.270855
189	0.0820972	0.00942771	0.0682448	0.146385	0.00949984	0.0191773	0.0292552	0.0454963	0.076408	0.0620419	0.045663	0.0309176	0.00677414	0.0659867	0.0884601	0.0812501	0.0688686	0.0502482	0.00294612	0.0108521
190	0.0798087	0.0119848	0.0219972	0.0494842	0.00471566	0.0142446	0.0331016	0.0409742	0.138873	0.0541445	0.0433456	0.0309916	0.00744117	0.112617	0.157154	0.0516406	0.0848523	0.0558248	0.000940373	0.005864
191	0.0690675	0.00896762	0.337868	0.197646	0.00333403	0.0557435	0.0128242	0.00482799	0.0395584	0.0095695	0.0111078	0.0824217	0.0114836	0.0271111	0.0114207	0.0945634	0.0131017	0.00504088	0.000548289	0.00379473
192	0.0456502	0.00768227	0.00229237	0.00935227	0.0216065	0.00403081	0.00403758	0.292687	0.00869924	0.0960197	0.0543415	0.0100125	0.00783982	0.00646375	0.00279691	0.0157376	0.0386898	0.36366	0.000213004	0.0081871
193	0.0676064	0.0120475	0.0155467	0.0438393	0.00371719	0.0157832	0.0395317	0.0341579	0.163976	0.0505887	0.0339189	0.0362896	0.00941572	0.118973	0.177181	0.0491982	0.0730075	0.0492923	0.000349047	0.00557959
194	0.154949	0.0179736	0.0785472	0.115494	0.00710451	0.095624	0.0284359	0.0097663	0.0567268	0.018818	0.0139931	0.132282	0.00676993	0.0263862	0.0234796	0.160336	0.0315027	0.0116496	0.000930703	0.00923088
