208	20
1	0.355575	0.0549319	0.00112684	0.00156778	0.00227834	0.0479267	0.00393027	0.00636402	0.00258011	0.0244167	0.00325889	0.00963795	0.00104958	0.00927663	0.00171104	0.375598	0.0600013	0.0363086	0.00168812	0.000772711
2	0.198868	0.00212841	0.0430878	0.00499469	0.00987381	0.0743544	0.0276086	0.0124148	0.044208	0.0229799	0.0149414	0.0491298	0.0110154	0.0642893	0.0191459	0.327008	0.0527895	0.0191604	0.00038437	0.0016169
3	0.0101938	0.0179872	0.00187476	0.00182734	0.0226212	0.00314012	0.00332856	0.295479	0.00245073	0.363796	0.0706667	0.00075923	0.000279046	0.00582732	0.00212768	0.0118232	0.0195883	0.164122	0.00104348	0.00106451
4	0.00463049	0.00645707	0.00195018	0.00209297	0.354238	0.00248924	0.00205093	0.15078	0.00277128	0.272187	0.0709995	0.00306905	0.00257975	0.00282357	0.00207504	0.00657338	0.0158005	0.0554744	0.0315819	0.0093753
5	0.0231621	0.00186976	0.0306974	0.0255302	0.00180915	0.0358059	0.0250283	0.0024841	0.345916	0.00908464	0.00523087	0.0551641	0.00851867	0.0288014	0.297079	0.0582803	0.0269904	0.0129607	0.000329742	0.00525771
6	0.0100289	0.0177647	0.00171294	0.001762	0.0224425	0.00307106	0.00315596	0.300215	0.00228225	0.359175	0.0705224	0.000763715	0.000271472	0.00557702	0.00207964	0.0111346	0.0185608	0.16742	0.00107265	0.000987239
7	0.00985063	0.017528	0.00172772	0.00170422	0.0224034	0.00302926	0.00308341	0.299816	0.00223857	0.359026	0.0706306	0.000779244	0.000264639	0.00559376	0.00196916	0.0107903	0.0183818	0.169091	0.00109074	0.00100164
8	0.0218757	0.00351211	0.381481	0.354727	0.000550946	0.0286292	0.00419504	0.00375567	0.0439492	0.00445835	0.00602766	0.0363682	0.00564797	0.0224241	0.00731812	0.0428517	0.0217581	0.00966232	8.37773e-05	0.000723429
9	0.347415	0.0543746	0.0010216	0.00142412	0.00109538	0.0475858	0.00396375	0.00635354	0.00211678	0.0209168	0.00153774	0.00990955	0.000971118	0.00905307	0.00177279	0.390792	0.0608893	0.0377084	0.000348674	0.000749706
10	0.00962576	0.017553	0.0017451	0.00170071	0.0224702	0.00302291	0.00312187	0.298966	0.00223579	0.362004	0.0709827	0.000746715	0.000264029	0.00561255	0.00195961	0.0108449	0.0184081	0.166622	0.00110012	0.00101315
11	0.0231781	0.00189342	0.03031	0.0254319	0.00176356	0.0358934	0.0252761	0.00240528	0.345973	0.00888332	0.00511759	0.0554027	0.00833336	0.0286036	0.297333	0.058947	0.0269977	0.0128349	0.000328376	0.00509421
12	0.0217138	0.00362151	0.384537	0.352635	0.000537333	0.0284484	0.00421943	0.00379528	0.043235	0.00450218	0.00586795	0.0366209	0.00547006	0.0221116	0.00726687	0.0429201	0.0219544	0.00971669	8.51705e-05	0.000741162
13	0.0132129	0.0196928	0.00202684	0.00250129	0.024378	0.00363468	0.004037	0.289008	0.00329406	0.356951	0.0722348	0.00127917	0.000435738	0.00590163	0.00283902	0.0156286	0.0218971	0.158547	0.00110476	0.00139441
14	0.0319343	0.0175426	0.00117385	0.00406222	0.0178307	0.0041242	0.00101801	0.385952	0.00431955	0.051102	0.022411	0.00428617	0.000713808	0.00178072	0.00672466	0.00702956	0.0181959	0.418923	0.000235361	0.000640456
15	0.0488636	0.0112985	0.0472395	0.0970382	0.00147746	0.0187941	0.0061609	0.010074	0.102345	0.00425415	0.00224462	0.109008	0.00102398	0.0781839	0.0205804	0.228043	0.18613	0.0239556	0.000264743	0.00301978
16	0.0217818	0.00214616	0.243208	0.347395	0.000780074	0.0172167	0.00921639	0.00594958	0.0657094	0.00587817	0.00340796	0.072162	0.0026859	0.0558136	0.0077051	0.0730941	0.0459358	0.0172246	0.00014575	0.00254413
17	0.315327	0.0625536	0.00391508	0.00538267	0.00615438	0.173005	0.00414393	0.049649	0.00597968	0.0178	0.0242035	0.00835189	0.00495587	0.00674483	0.00500496	0.0638974	0.0417812	0.190061	0.00699273	0.00409666
18	0.0549626	0.0202272	0.0788082	0.014972	0.00687005	0.0454122	0.00773501	0.00638081	0.0207518	0.0187344	0.00454224	0.206473	0.0292333	0.011763	0.0122799	0.288058	0.143674	0.0119591	0.00453197	0.0126317
19	0.00459455	0.00636847	0.00194941	0.00205614	0.349726	0.00250318	0.00203335	0.150327	0.00273818	0.277239	0.0711163	0.00304053	0.00261009	0.00283049	0.00208483	0.00653116	0.0156743	0.056227	0.0311099	0.00923927
20	0.0215895	0.00220602	0.256663	0.355835	0.000756745	0.0179046	0.00854527	0.00555323	0.0639655	0.0047986	0.00371661	0.0685483	0.00274138	0.0511499	0.0075911	0.065859	0.0417932	0.0181787	0.000138408	0.0024665
21	0.180788	0.214438	0.00323892	0.00448409	0.0461399	0.0286903	0.00358923	0.0736019	0.00548577	0.0636205	0.0477343	0.0112532	0.0120725	0.00538069	0.00718517	0.0519087	0.0505411	0.177994	0.00302268	0.00883108
22	0.0507343	0.0141547	0.0909198	0.0156918	0.00555773	0.048564	0.00572532	0.00462153	0.0219379	0.00890392	0.00169879	0.196636	0.0251491	0.00835709	0.0132355	0.312562	0.156792	0.00844274	0.00525067	0.00506554
23	0.0101806	0.0138372	0.0016221	0.00181281	0.0412823	0.00262365	0.00314613	0.18053	0.00263564	0.456722	0.102891	0.00170061	0.00292922	0.00478324	0.00431716	0.0100818	0.0151815	0.138859	0.00119155	0.00367213
24	0.0259625	0.00501218	0.355187	0.313549	0.00258977	0.0284223	0.00726905	0.00707105	0.0483761	0.00901769	0.00763432	0.0443965	0.00689634	0.0266917	0.0109136	0.0552436	0.0291547	0.0137892	0.00050409	0.00231936
25	0.0491536	0.0156864	0.0880746	0.0143673	0.00568134	0.0513588	0.0060106	0.00432248	0.0208735	0.00908408	0.00178404	0.200986	0.0282622	0.00890794	0.0125553	0.309169	0.153436	0.00945488	0.00507931	0.00575298
26	0.314406	0.0480416	0.00465287	0.00184257	0.00160923	0.0486656	0.00536503	0.00715556	0.00514506	0.0210251	0.00241635	0.0145278	0.00211335	0.0132214	0.00329088	0.407153	0.0623628	0.0357721	0.000339015	0.000894639
27	0.0519643	0.00923521	0.0533864	0.0305698	0.00663824	0.0622373	0.0617337	0.00822195	0.21762	0.0177933	0.00936435	0.0481107	0.00986681	0.0313481	0.251389	0.0682186	0.0343218	0.0195276	0.00115481	0.00729853
28	0.0340993	0.017188	0.00148548	0.0041735	0.0176155	0.00416113	0.00105011	0.386077	0.00470249	0.0525915	0.0233197	0.00465462	0.000802729	0.00207224	0.00696737	0.00769174	0.0188215	0.411498	0.000236381	0.000791754
29	0.353783	0.0555111	0.00119947	0.00163631	0.00287788	0.0463652	0.00388924	0.00621947	0.00279839	0.0255714	0.00342038	0.00962274	0.00112594	0.00936225	0.00174104	0.375437	0.0610528	0.0356776	0.00190211	0.000806677
30	0.00669622	0.00855261	0.00111131	0.00140928	0.0819364	0.00173757	0.00246346	0.0926136	0.00188694	0.560366	0.115898	0.00161315	0.0045124	0.00223734	0.00443897	0.00657602	0.00696375	0.0885149	0.00353975	0.00693262
31	0.0346613	0.0172422	0.00124915	0.00427837	0.0137014	0.0040472	0.000855928	0.394622	0.00454015	0.0426995	0.0217479	0.00450067	0.000757268	0.00170725	0.00730179	0.00659011	0.0189855	0.41966	0.000179169	0.000673705
32	0.192075	0.00300751	0.0597493	0.00666082	0.00878465	0.0596387	0.0278348	0.0117737	0.0371218	0.0249468	0.0125712	0.04694	0.00961003	0.055386	0.0159482	0.352516	0.0496811	0.0227374	0.000701117	0.00231555
33	0.00578468	0.00810244	0.00102629	0.0012215	0.0543612	0.00143943	0.00231709	0.0955407	0.00162715	0.57931	0.121871	0.00132038	0.00427276	0.00209979	0.00514154	0.00572151	0.00611057	0.0957474	0.000885984	0.00609824
34	0.0486431	0.0350053	0.00944128	0.0374965	0.0267374	0.00672053	0.0231096	0.0227386	0.108531	0.181554	0.0990514	0.0426763	0.004034	0.0596751	0.0229611	0.114894	0.0931142	0.0515776	0.00106328	0.0109753
35	0.00852542	0.0139412	0.00159862	0.00163929	0.0580491	0.00255647	0.0029786	0.236638	0.00220331	0.40593	0.0867612	0.00127128	0.00128927	0.00429332	0.00252251	0.00944514	0.0149427	0.137208	0.00533117	0.00287592
36	0.0287822	0.00238854	0.0368126	0.0321134	0.00217113	0.0404207	0.0286242	0.00263539	0.315548	0.0112169	0.00513502	0.0586019	0.0109265	0.031071	0.284218	0.0596573	0.0289871	0.0145928	0.000366311	0.00573063
37	0.254671	0.0263379	0.0344615	0.0524207	0.00223761	0.0720909	0.0137411	0.0170667	0.0326902	0.0105301	0.00455764	0.0676518	0.034639	0.0260288	0.00386537	0.16885	0.116239	0.0501605	0.00872449	0.00303519
38	0.0221897	0.00362139	0.379867	0.349797	0.000505411	0.028419	0.00416923	0.00392226	0.0442706	0.00475091	0.00554971	0.039718	0.00529533	0.0225566	0.00757138	0.0447085	0.0221869	0.0100604	9.3149e-05	0.000746948
39	0.295914	0.107591	0.00345816	0.00449398	0.0432618	0.0448378	0.00387457	0.0290817	0.0156937	0.0937266	0.057467	0.0101532	0.00647151	0.0150607	0.00656942	0.136807	0.0457924	0.0450486	0.0282913	0.00640467
40	0.00901798	0.00789721	0.00374831	0.00299538	0.351672	0.00333813	0.00325014	0.134076	0.00391213	0.224879	0.0592258	0.00694714	0.00284693	0.00621932	0.00310573	0.0113563	0.0176956	0.0535666	0.0248658	0.0693849
41	0.0235799	0.0016875	0.184064	0.34562	0.00100788	0.0134507	0.0123512	0.00694877	0.0781578	0.00485974	0.00298674	0.0817921	0.00185338	0.0695277	0.00846983	0.0822371	0.0569375	0.0211083	0.000177168	0.00318287
42	0.0201858	0.00680768	0.0793468	0.124461	0.00502728	0.0111509	0.0928747	0.0136029	0.206898	0.0403226	0.010557	0.0428099	0.0671375	0.054713	0.0187466	0.0714133	0.0609173	0.038768	0.00142189	0.032838
43	0.00466414	0.00561545	0.00212062	0.00251186	0.401939	0.00217042	0.00586534	0.0163736	0.00306747	0.0289575	0.00873742	0.0158161	0.000967852	0.00488337	0.00196581	0.00848721	0.00758488	0.0110764	0.000446257	0.46675
44	0.0359353	0.0149862	0.0387888	0.063977	0.0147534	0.0274996	0.119098	0.0185903	0.0873613	0.0625548	0.0196257	0.0640508	0.0110015	0.078188	0.138744	0.103789	0.0493588	0.0326225	0.00197592	0.0170994
45	0.214538	0.161285	0.00387402	0.00549035	0.0231895	0.0477708	0.00466229	0.0615048	0.00869227	0.0670616	0.0394713	0.0170755	0.0120162	0.00899979	0.008969	0.126729	0.0522222	0.119919	0.00525233	0.0112758
46	0.0255537	0.00395952	0.348426	0.334056	0.00115832	0.0267227	0.00722051	0.0049005	0.0496731	0.0081399	0.00637379	0.0474407	0.00712587	0.0284003	0.00908537	0.0512082	0.0267052	0.0119972	0.000248227	0.00160497
47	0.0248654	0.00332809	0.0320795	0.0285802	0.00266951	0.037387	0.0289925	0.00319712	0.324477	0.00979971	0.00555742	0.0546526	0.0122071	0.0297313	0.282702	0.0669728	0.0329317	0.0135031	0.000417578	0.00594812
48	0.0887151	0.00156635	0.133995	0.101748	0.00120119	0.0547618	0.00963573	0.00207734	0.0536749	0.00711703	0.00165767	0.141961	0.127868	0.0354351	0.00766502	0.17771	0.0318529	0.0201078	0.000303073	0.000946325
49	0.0125405	0.0201286	0.00186541	0.00267864	0.022789	0.00342301	0.00392804	0.289229	0.00320763	0.358219	0.0725768	0.000934887	0.000355665	0.00606999	0.00306506	0.0149178	0.0214652	0.160198	0.000957277	0.00145047
50	0.0933953	0.00768702	0.00823243	0.0231391	0.00630142	0.0254957	0.00831205	0.0762467	0.0345435	0.020929	0.0298017	0.0737828	0.00073763	0.0344108	0.0095393	0.14822	0.261902	0.129633	0.00029175	0.00739843
51	0.00513981	0.00630273	0.000929826	0.00109358	0.0611091	0.00122687	0.00204217	0.0563284	0.00144178	0.621416	0.132466	0.00149145	0.00515436	0.00152066	0.00503248	0.00456548	0.0034405	0.0815647	0.000806805	0.00692755
52	0.0973022	0.0366867	0.0210123	0.0235489	0.0224751	0.248293	0.0159466	0.0429748	0.0315539	0.100019	0.0289646	0.0315018	0.0137174	0.0328439	0.0241216	0.0968498	0.054313	0.061914	0.00615719	0.00980499
53	0.00962576	0.017553	0.0017451	0.00170071	0.0224702	0.00302291	0.00312187	0.298966	0.00223579	0.362004	0.0709827	0.000746715	0.000264029	0.00561255	0.00195961	0.0108449	0.0184081	0.166622	0.00110012	0.00101315
54	0.181549	0.00283893	0.0448732	0.00663178	0.0116478	0.0756655	0.0271397	0.0118108	0.0474502	0.0209506	0.0147944	0.062592	0.0111433	0.0657604	0.0206535	0.322201	0.0523814	0.0174326	0.00046991	0.0020138
55	0.0148194	0.0191541	0.0023147	0.00263941	0.0246556	0.00373085	0.00448412	0.283379	0.00363343	0.355239	0.0736228	0.00156132	0.000662106	0.00592845	0.00321382	0.016862	0.0236771	0.157549	0.000977953	0.00189584
56	0.275475	0.0134516	0.0302185	0.0466755	0.00225814	0.109563	0.00738311	0.0109229	0.0347877	0.0134504	0.00369124	0.0787189	0.035401	0.0266983	0.00308879	0.124431	0.134002	0.0427585	0.00497954	0.00204479
57	0.0537534	0.0154096	0.0866324	0.016123	0.00756821	0.0491127	0.0075339	0.00424772	0.0207965	0.00922171	0.00209848	0.212739	0.0241603	0.00955971	0.0119046	0.306145	0.144119	0.00883944	0.0048498	0.00518537
58	0.00513981	0.00630273	0.000929826	0.00109358	0.0611091	0.00122687	0.00204217	0.0563284	0.00144178	0.621416	0.132466	0.00149145	0.00515436	0.00152066	0.00503248	0.00456548	0.0034405	0.0815647	0.000806805	0.00692755
59	0.308651	0.0454335	0.00398318	0.00180442	0.00194903	0.0500543	0.00577021	0.0105693	0.00544822	0.022934	0.00268039	0.0152385	0.00183378	0.0207758	0.00353917	0.390786	0.0658263	0.040957	0.000370656	0.00139519
60	0.0282261	0.00851177	0.0311655	0.0339295	0.00877568	0.0230449	0.023971	0.0209857	0.241676	0.0400097	0.0164832	0.0570787	0.00810307	0.0635721	0.207364	0.0768403	0.059359	0.0420204	0.00105933	0.00782377
61	0.0332356	0.0161009	0.000973591	0.00407414	0.0132126	0.00404004	0.00081277	0.39976	0.00421039	0.0422666	0.0208713	0.00422235	0.000584275	0.00147482	0.00701941	0.00581282	0.0176233	0.422988	0.000166192	0.00055116
62	0.00514247	0.00627675	0.000919199	0.0010954	0.0624488	0.001224	0.00205892	0.0571477	0.00141636	0.619382	0.132327	0.00149538	0.00510483	0.0015344	0.0049777	0.00452157	0.0035144	0.0815459	0.000945309	0.0069226
63	0.0232686	0.00185503	0.0304014	0.0254304	0.00175808	0.0361226	0.0251843	0.00224308	0.346747	0.00874438	0.00504285	0.0556697	0.00831706	0.0284192	0.297688	0.0582127	0.0267518	0.0127135	0.000328338	0.00510194
64	0.208049	0.180864	0.00299893	0.00409746	0.0219974	0.0556192	0.0034799	0.0714567	0.00545727	0.0655871	0.0454808	0.0218213	0.0196431	0.00559775	0.0140163	0.0838557	0.0523986	0.116449	0.00447871	0.0166507
65	0.244009	0.152727	0.0023421	0.00310953	0.0204256	0.0744552	0.00267753	0.0653393	0.00521927	0.0602228	0.0465304	0.0151966	0.0135751	0.00503623	0.00816551	0.0946351	0.0487797	0.119296	0.00736262	0.0108947
66	0.110298	0.00558076	0.0907603	0.0458155	0.00437704	0.0716223	0.00832365	0.00457998	0.0448242	0.00782894	0.00351857	0.201165	0.048535	0.0279031	0.00741109	0.242968	0.0538955	0.0166105	0.00149832	0.00248417
67	0.126246	0.00370947	0.106627	0.0779089	0.00163029	0.0715815	0.00858107	0.00394698	0.0520905	0.00706897	0.00222757	0.156552	0.089959	0.0305466	0.00579024	0.185265	0.0413837	0.0264403	0.00117004	0.00127467
68	0.0224771	0.00320267	0.35708	0.349659	0.000553553	0.026001	0.00479654	0.00425244	0.0479506	0.00480296	0.00492363	0.0467204	0.00471175	0.0270494	0.00803251	0.0495099	0.0260438	0.0110994	9.02886e-05	0.00104279
69	0.0252343	0.00628392	0.356906	0.332874	0.00102676	0.0312917	0.0058913	0.00464759	0.046113	0.00541209	0.00596066	0.0419789	0.00699235	0.0246908	0.00894018	0.0556316	0.0268939	0.0116771	0.000230596	0.00132318
70	0.0955605	0.00718064	0.0109269	0.0223866	0.00726851	0.0269331	0.00809666	0.0883639	0.0298084	0.0225547	0.0324258	0.0667444	0.000980544	0.0320442	0.00862411	0.143942	0.250477	0.134496	0.000292348	0.0108935
71	0.00998604	0.0179459	0.00172632	0.00177708	0.0224733	0.00318015	0.00320083	0.297675	0.00229096	0.362056	0.070929	0.000760361	0.000277712	0.00563339	0.00210107	0.0112522	0.0187535	0.165929	0.00105297	0.000999135
72	0.0441165	0.00608833	0.0194679	0.0494681	0.0242432	0.0146009	0.00988995	0.110194	0.0444139	0.0464851	0.0455494	0.0289091	0.00238946	0.0286159	0.00922109	0.106339	0.22302	0.178078	0.000486344	0.00842415
73	0.00911858	0.0165757	0.00165134	0.00168786	0.0251802	0.00279977	0.00341019	0.279571	0.00219023	0.38331	0.077132	0.000834909	0.000594429	0.00517741	0.00213741	0.0102575	0.0171859	0.158453	0.00121773	0.00151443
74	0.0110154	0.00577106	0.0409328	0.0405446	0.0173532	0.00483907	0.0108653	0.0345404	0.130778	0.0388343	0.0258008	0.0283709	0.00218023	0.11704	0.269873	0.105214	0.0737876	0.0359959	0.000731786	0.0055315
75	0.0929133	0.00761661	0.00731696	0.0227813	0.00577361	0.0232248	0.00833874	0.0751539	0.0374881	0.0224437	0.0286542	0.0832576	0.000742495	0.0350932	0.01052	0.150014	0.256783	0.125255	0.000305577	0.00632396
76	0.00962576	0.017553	0.0017451	0.00170071	0.0224702	0.00302291	0.00312187	0.298966	0.00223579	0.362004	0.0709827	0.000746715	0.000264029	0.00561255	0.00195961	0.0108449	0.0184081	0.166622	0.00110012	0.00101315
77	0.0720177	0.00528101	0.00364846	0.0209141	0.0079024	0.0354797	0.0104486	0.0746879	0.0284619	0.0334407	0.0523812	0.0930097	0.00109791	0.0336501	0.0256269	0.0974156	0.281135	0.119606	0.000448784	0.00334556
78	0.00462612	0.00645459	0.00194682	0.0020939	0.354741	0.00249232	0.00204749	0.151025	0.00276959	0.271631	0.0707125	0.00308592	0.00257404	0.00282647	0.00206779	0.00659441	0.0158466	0.0554464	0.0316044	0.0094143
79	0.0407049	0.0155536	0.0108114	0.0115927	0.0315758	0.00882826	0.00808615	0.140705	0.0280669	0.113775	0.11461	0.0252909	0.0075804	0.0116849	0.017872	0.055719	0.154052	0.195761	0.00053564	0.00719509
80	0.0676081	0.0143241	0.0738627	0.0194558	0.0658224	0.0173098	0.0157664	0.0967378	0.0348835	0.0945322	0.0450638	0.0670253	0.0110723	0.0351968	0.0167139	0.140683	0.0998539	0.0660479	0.00181198	0.0162288
81	0.108277	0.0493987	0.0294929	0.103735	0.0103081	0.0670438	0.0164052	0.0251821	0.0399566	0.0294971	0.0205309	0.0438863	0.0115996	0.116289	0.01875	0.0992682	0.12144	0.0783601	0.00272462	0.00785487
82	0.0514424	0.0145762	0.0907693	0.0154413	0.00570161	0.0498344	0.00595096	0.00431699	0.0209192	0.00882324	0.0017139	0.200176	0.0264138	0.00813906	0.0130593	0.310349	0.153357	0.00846728	0.00542737	0.00512161
83	0.29689	0.0874522	0.00501671	0.00605243	0.0398401	0.028843	0.00465104	0.0151922	0.024396	0.094318	0.0556433	0.00993763	0.00422336	0.0258208	0.00675881	0.179655	0.0454136	0.0218529	0.0435504	0.00449334
84	0.0220553	0.00178271	0.202815	0.349637	0.00088424	0.014443	0.0108559	0.00669402	0.0743246	0.00493959	0.00307367	0.0791654	0.00200085	0.0651224	0.00809144	0.0786373	0.052423	0.0194754	0.000134458	0.00344488
85	0.00466414	0.00561545	0.00212062	0.00251186	0.401939	0.00217042	0.00586534	0.0163736	0.00306747	0.0289575	0.00873742	0.0158161	0.000967852	0.00488337	0.00196581	0.00848721	0.00758488	0.0110764	0.000446257	0.46675
86	0.0253499	0.00193789	0.159339	0.315972	0.00112156	0.0124107	0.0151824	0.00872641	0.0885142	0.00509487	0.00336038	0.0893447	0.00129592	0.0797963	0.00963954	0.0914576	0.0660918	0.0219689	0.000209177	0.00318692
87	0.0086481	0.0153839	0.00159739	0.00158934	0.0289995	0.00267915	0.00273721	0.254908	0.00211134	0.403674	0.0859743	0.000840647	0.00102341	0.0048022	0.00255001	0.00962172	0.0153677	0.154975	0.00101679	0.00149997
88	0.0240241	0.00197176	0.0322964	0.0267536	0.00183214	0.0368629	0.0261549	0.0023092	0.341053	0.00935013	0.00503077	0.0579076	0.00872303	0.0287648	0.294027	0.0576934	0.0267614	0.012914	0.000290635	0.00528011
89	0.0231915	0.0138993	0.00755926	0.00871395	0.0621545	0.00443189	0.00995003	0.0644395	0.0141838	0.461379	0.121026	0.0136463	0.00849013	0.0139998	0.0151858	0.0353465	0.0212335	0.0753579	0.000918568	0.0248921
90	0.00988599	0.017841	0.00178264	0.0017945	0.0234647	0.00308169	0.00323763	0.297349	0.00233764	0.36183	0.0711158	0.000760568	0.000267823	0.00567028	0.00206237	0.0113968	0.0189846	0.16491	0.001162	0.00106475
91	0.0267577	0.0024474	0.238515	0.325717	0.000805786	0.0201674	0.00965549	0.00599982	0.0665942	0.00503324	0.00351733	0.0762884	0.00745215	0.0555957	0.00857591	0.0788458	0.0492367	0.0163052	0.000159255	0.00233031
92	0.0251693	0.0176273	0.00470039	0.00401061	0.025444	0.00456903	0.00443599	0.285402	0.00690996	0.309466	0.0721742	0.00475432	0.00156439	0.00706082	0.00497164	0.026648	0.0287585	0.162259	0.00103584	0.00303916
93	0.0218226	0.00320275	0.350985	0.350881	0.000553675	0.0255666	0.00516163	0.00427986	0.0491546	0.00489599	0.00512657	0.0469222	0.00460257	0.0292161	0.00759493	0.0504991	0.0267346	0.0115519	9.2258e-05	0.00115649
94	0.163234	0.0177144	0.0162176	0.00722352	0.011696	0.0358112	0.014325	0.0353493	0.0367802	0.0611868	0.0179332	0.0479673	0.00579131	0.13069	0.0290109	0.215381	0.0892638	0.0479771	0.000961568	0.0154862
95	0.0221854	0.00345826	0.37685	0.356747	0.000605352	0.0288249	0.00432185	0.00380524	0.0447792	0.00434512	0.00658098	0.0361734	0.00587867	0.0229049	0.00727766	0.0426234	0.0219256	0.00989678	8.52117e-05	0.000730355
96	0.139592	0.00922411	0.0354564	0.0083321	0.0310419	0.0232682	0.0512352	0.0160362	0.0256708	0.0583399	0.0267353	0.0223601	0.0238575	0.193583	0.0213142	0.180474	0.0840094	0.0227065	0.00132358	0.0254397
97	0.0278787	0.0295124	0.0129279	0.013614	0.0668225	0.00573392	0.0330906	0.0567774	0.0216682	0.332997	0.108339	0.0250433	0.00974626	0.0215966	0.0116121	0.0454323	0.0432666	0.0729943	0.00170672	0.0592403
98	0.0668081	0.00204891	0.205125	0.206866	0.00121702	0.0453001	0.00854391	0.00273225	0.0554543	0.00618808	0.00354505	0.0992259	0.0822587	0.0324295	0.0107608	0.124016	0.0298174	0.016003	0.000191768	0.0014679
99	0.0181935	0.0166872	0.00148478	0.00256515	0.0193313	0.00352046	0.00217505	0.336482	0.00278312	0.244255	0.0518052	0.00202338	0.000415359	0.0042349	0.00369835	0.00908638	0.0182785	0.26132	0.000741071	0.000919517
100	0.0699335	0.00381655	0.153481	0.123867	0.00205961	0.0511122	0.00992229	0.0026584	0.0503564	0.0081831	0.00279768	0.128931	0.10395	0.0293631	0.0136533	0.174367	0.0517827	0.016383	0.00116968	0.00221242
101	0.0226856	0.00331456	0.371201	0.359821	0.000528116	0.0293628	0.00448359	0.00373802	0.0468742	0.00430043	0.00663518	0.0357415	0.00640354	0.0239895	0.00742092	0.0420518	0.0212697	0.00936938	9.45289e-05	0.000715274
102	0.0692866	0.0135732	0.0314499	0.0304574	0.0387273	0.00865477	0.0133025	0.098175	0.0505735	0.0958666	0.0700915	0.0279746	0.0058753	0.0841002	0.0138667	0.148284	0.114797	0.0705431	0.00113216	0.0132689
103	0.0237876	0.00329312	0.368251	0.359528	0.000562439	0.0295614	0.00446307	0.00367001	0.0474371	0.00434578	0.00712325	0.0354056	0.00744666	0.0242386	0.00745427	0.0419788	0.0212124	0.00938758	0.000100467	0.000752846
104	0.0167087	0.0259638	0.0039395	0.00410826	0.216692	0.00416462	0.134541	0.0088628	0.00563905	0.0162203	0.00781585	0.0367476	0.0022096	0.023228	0.0187034	0.0469168	0.0303497	0.0182265	0.000679921	0.378282
105	0.110915	0.0186779	0.213387	0.102062	0.00362536	0.0134929	0.0605592	0.00716429	0.105961	0.0151205	0.0249413	0.0423736	0.00561648	0.0412789	0.0348513	0.117752	0.0474295	0.0299848	0.00115252	0.00365469
106	0.335472	0.0569963	0.00131858	0.00180577	0.00129837	0.045894	0.0042749	0.00691877	0.00243042	0.0196027	0.00190318	0.0108102	0.00129735	0.00968173	0.00181434	0.390108	0.0613673	0.0455971	0.000494	0.000915257
107	0.0327683	0.00326554	0.0239555	0.0656804	0.0174213	0.0163018	0.0100274	0.121429	0.0425362	0.0235657	0.0267913	0.0187013	0.0017866	0.0258935	0.00503071	0.0876255	0.252223	0.212712	0.00057004	0.0117148
108	0.0332356	0.0161009	0.000973591	0.00407414	0.0132126	0.00404004	0.00081277	0.39976	0.00421039	0.0422666	0.0208713	0.00422235	0.000584275	0.00147482	0.00701941	0.00581282	0.0176233	0.422988	0.000166192	0.00055116
109	0.0149937	0.0244004	0.0108592	0.0533155	0.0073793	0.00876393	0.0170643	0.0292852	0.176316	0.0251711	0.00870213	0.044609	0.001853	0.0789041	0.164934	0.107371	0.188413	0.032959	0.000664863	0.00404089
110	0.00530362	0.00663313	0.000966091	0.00113017	0.0593065	0.00129807	0.00204483	0.065965	0.00144646	0.611404	0.129944	0.0014442	0.00498736	0.00174662	0.00489494	0.00480343	0.00396584	0.0852703	0.000788455	0.00665692
111	0.0669706	0.010037	0.057485	0.027042	0.00670911	0.0432961	0.0126038	0.00891545	0.0468356	0.0194903	0.00780469	0.107534	0.134834	0.0241453	0.0349428	0.296796	0.0713225	0.0163227	0.00234589	0.00456711
112	0.327541	0.0538961	0.00103584	0.00138834	0.00103108	0.0459731	0.0038075	0.00622775	0.00227994	0.0196916	0.00139398	0.00997625	0.000954955	0.00883695	0.00195757	0.414578	0.0614278	0.0369526	0.000317366	0.000731912
113	0.202736	0.00226671	0.0418933	0.00578186	0.00940894	0.0755193	0.0279259	0.0126915	0.0444326	0.0217789	0.0152427	0.0498624	0.0123393	0.0639469	0.0187161	0.320136	0.0531901	0.020045	0.000488992	0.00159731
114	0.0456856	0.00584445	0.22932	0.266183	0.0019971	0.0186246	0.0253513	0.006101	0.111017	0.00989835	0.0172603	0.0501891	0.00748332	0.050919	0.020738	0.0706208	0.0380766	0.0200126	0.000420139	0.00425832
115	0.00829949	0.0081882	0.00355937	0.00334528	0.144673	0.00281827	0.00509873	0.0756667	0.00476463	0.492551	0.105208	0.00626671	0.0106809	0.00559464	0.00599246	0.012301	0.0107355	0.0663052	0.00831965	0.0196316
116	0.185539	0.0055098	0.0295809	0.00499757	0.00993634	0.0445886	0.0276424	0.0108424	0.0391501	0.0534532	0.0429782	0.0264042	0.00869189	0.156397	0.0304076	0.223761	0.0702485	0.0219705	0.000854465	0.00704708
117	0.0249726	0.00206322	0.0357533	0.0298029	0.00197899	0.0377058	0.0268202	0.00234075	0.333778	0.00962151	0.00518286	0.0575207	0.00980864	0.0294817	0.286287	0.0587612	0.027947	0.0133807	0.000302467	0.00649029
118	0.0177433	0.0170801	0.00183842	0.00284212	0.0218482	0.00333006	0.00244317	0.326062	0.00369897	0.241756	0.0539145	0.00272958	0.000940378	0.00433779	0.00419875	0.0105998	0.0268354	0.25601	0.000769879	0.00102219
119	0.0829935	0.147326	0.00373824	0.00532359	0.0313229	0.00910301	0.00426471	0.105821	0.00989137	0.0599088	0.0871652	0.00957083	0.0141427	0.00555882	0.00813045	0.0251877	0.103591	0.281299	0.00127047	0.00439152
120	0.0233503	0.00185797	0.0304281	0.025429	0.00175788	0.0362537	0.0251874	0.00224788	0.346368	0.00875345	0.00503326	0.055678	0.00833406	0.0284215	0.297724	0.0582198	0.0267507	0.012765	0.000328318	0.00511175
121	0.0304904	0.0132392	0.101773	0.0815834	0.0161533	0.0140499	0.0362239	0.058559	0.152494	0.0827638	0.027886	0.0608289	0.0218061	0.0325076	0.0171424	0.0607999	0.0488273	0.0657627	0.00224289	0.0748665
122	0.00516046	0.00633332	0.000920546	0.00110671	0.0618536	0.00122814	0.00205625	0.0578475	0.00144305	0.618745	0.132244	0.00149195	0.00508758	0.00155872	0.00500346	0.00460585	0.00355157	0.0819348	0.000962582	0.00686543
123	0.19535	0.00234981	0.0412784	0.00513456	0.010384	0.0750447	0.0265866	0.0129762	0.0454655	0.0226853	0.0155386	0.0508717	0.0109581	0.0666167	0.0187839	0.326512	0.0528211	0.0185525	0.000359579	0.00173105
124	0.0831495	0.0114896	0.00652138	0.028872	0.00612789	0.0313855	0.0118207	0.0672954	0.0300439	0.0231256	0.0448276	0.0796939	0.00085664	0.0438745	0.0152373	0.126205	0.261118	0.123209	0.000323823	0.00482181
125	0.00462612	0.00645459	0.00194682	0.0020939	0.354741	0.00249232	0.00204749	0.151025	0.00276959	0.271631	0.0707125	0.00308592	0.00257404	0.00282647	0.00206779	0.00659441	0.0158466	0.0554464	0.0316044	0.0094143
126	0.0921487	0.0103918	0.0761695	0.0155853	0.0070691	0.0663345	0.0122371	0.00693486	0.0299737	0.0123062	0.00558327	0.151014	0.02399	0.0243223	0.0132499	0.331414	0.101343	0.0126585	0.00314683	0.00412758
127	0.0195851	0.0174655	0.00135327	0.00254095	0.0178803	0.00332921	0.00186196	0.34321	0.0028206	0.22108	0.0487736	0.00219845	0.000385165	0.00368232	0.00390434	0.00813565	0.0174829	0.282931	0.000673722	0.000706892
128	0.0661382	0.00508615	0.00394286	0.0215848	0.00984248	0.0406399	0.00863417	0.0778644	0.0296092	0.0293086	0.0547061	0.0831917	0.000881474	0.039578	0.0253837	0.0980836	0.268992	0.132698	0.000295565	0.00353864
129	0.0318578	0.0165846	0.00106676	0.00390616	0.0159915	0.00397086	0.000977543	0.388982	0.00412237	0.0566624	0.0234692	0.00407075	0.00067541	0.00181275	0.00668161	0.00636208	0.0185957	0.413403	0.000224831	0.000582267
130	0.111359	0.0414945	0.0269741	0.0656007	0.00190813	0.0210892	0.0176199	0.0265074	0.0538171	0.0115975	0.0102407	0.0523829	0.00362814	0.0328924	0.00886431	0.269476	0.18902	0.0452116	0.00130632	0.00901028
131	0.149286	0.18767	0.00316521	0.00398853	0.0270617	0.0247513	0.00328173	0.0923115	0.00509573	0.0486651	0.0649502	0.00882866	0.0120732	0.00462796	0.00583625	0.0335561	0.0685283	0.248687	0.0017418	0.00589442
132	0.0721874	0.0161507	0.0830521	0.0353788	0.00459267	0.0354856	0.00825743	0.0130087	0.041642	0.0129949	0.00298399	0.122222	0.0128735	0.0202899	0.0109329	0.31517	0.171935	0.0135601	0.00262493	0.0046563
133	0.0758311	0.00679933	0.0965319	0.0561208	0.00390145	0.0571757	0.0114685	0.00462183	0.0736096	0.00882696	0.00315122	0.16112	0.0510516	0.0284894	0.0304491	0.232429	0.078083	0.0151486	0.00198828	0.00320266
134	0.0221616	0.00349131	0.379193	0.349188	0.000504283	0.0281886	0.004194	0.00398413	0.0443896	0.00484509	0.00542642	0.0405541	0.00518902	0.0228361	0.00769027	0.0450157	0.0221894	0.0101142	8.99538e-05	0.000755383
135	0.0729798	0.0640227	0.0108389	0.0452469	0.0137232	0.107922	0.0625028	0.00994084	0.0733221	0.0118057	0.00760452	0.0277365	0.00452956	0.0242932	0.0798004	0.247315	0.106032	0.0161088	0.000999791	0.0132746
136	0.0331846	0.0160918	0.00097549	0.00406178	0.0132233	0.00403928	0.000814064	0.399671	0.00420961	0.0425666	0.0209026	0.00421797	0.000584275	0.00148208	0.00701021	0.00581848	0.0175947	0.422833	0.000167596	0.000550939
137	0.010759	0.00610237	0.04013	0.0415614	0.0174783	0.0041871	0.0110962	0.035226	0.125007	0.0380153	0.0257323	0.0289119	0.00185569	0.121586	0.264757	0.10563	0.0790838	0.0364017	0.000762086	0.0057158
138	0.00499549	0.00678594	0.0017281	0.00198892	0.267604	0.00211293	0.00221156	0.122969	0.00251414	0.373899	0.0850995	0.00279844	0.00341633	0.00262235	0.00298974	0.006092	0.0121644	0.0648035	0.0208601	0.0123444
139	0.0877978	0.00816448	0.00960956	0.0143678	0.0717994	0.0135487	0.00758408	0.0480803	0.0343917	0.0380967	0.0148045	0.0431186	0.00346001	0.0427634	0.00899001	0.248995	0.200497	0.0797774	0.00130019	0.0228534
140	0.0590504	0.0176547	0.0268256	0.0668051	0.00178176	0.0247177	0.00631655	0.011883	0.118704	0.00553051	0.00253286	0.0903665	0.00104285	0.0683771	0.036125	0.231849	0.198968	0.0280116	0.000311631	0.00314609
141	0.126263	0.030975	0.0312396	0.0354246	0.0130424	0.250896	0.0175606	0.0270262	0.0370638	0.0390707	0.0186997	0.0415661	0.0168913	0.0310814	0.0267974	0.121793	0.0603763	0.060693	0.00529033	0.00824896
142	0.0222849	0.00339195	0.374081	0.348332	0.000506119	0.0277043	0.00442162	0.00431469	0.0453588	0.00486565	0.00538668	0.0414286	0.00510769	0.0243257	0.00771936	0.046156	0.0234325	0.0102238	9.38031e-05	0.000864747
143	0.0799542	0.0129186	0.0244833	0.0197659	0.0403083	0.00746304	0.0117938	0.156406	0.0336858	0.124748	0.0914312	0.0234467	0.00820208	0.0185718	0.0145925	0.0839659	0.0907802	0.141709	0.000485009	0.0152884
144	0.237304	0.0989357	0.00539702	0.0100185	0.0158508	0.140992	0.00664753	0.0619328	0.010413	0.04116	0.0311482	0.0161242	0.0101055	0.0124218	0.00877575	0.0804989	0.0467247	0.135111	0.0227638	0.00767543
145	0.0651664	0.0225003	0.031377	0.0749537	0.00132282	0.0175851	0.00808737	0.0151848	0.0737046	0.00504171	0.00327438	0.0787812	0.000905925	0.0506296	0.0155719	0.309418	0.197041	0.0242587	0.000370845	0.00482429
146	0.348905	0.0361427	0.00469172	0.0066333	0.00368837	0.175345	0.00403394	0.0289455	0.00710999	0.0137213	0.0169281	0.0105809	0.00440137	0.00770954	0.00413819	0.127701	0.0456351	0.146435	0.00455143	0.00270225
147	0.0782192	0.0307551	0.0264398	0.0641568	0.00238369	0.0169143	0.0115524	0.0222298	0.0654305	0.00786875	0.00658391	0.0713351	0.00169401	0.0410865	0.0119588	0.285875	0.203806	0.0426144	0.000731744	0.00836397
148	0.0333064	0.016157	0.00100859	0.00408289	0.0131333	0.00403187	0.000808409	0.399277	0.00422321	0.0422167	0.0210023	0.00425482	0.000597324	0.00147442	0.00703626	0.00583175	0.0177831	0.423058	0.000166179	0.000550313
149	0.0821521	0.0173236	0.026116	0.0199609	0.0424086	0.00700686	0.00847096	0.120444	0.0521919	0.106712	0.0606982	0.0350742	0.00557832	0.0623092	0.0153883	0.0982959	0.110763	0.118468	0.000632243	0.0100046
150	0.00704272	0.0126812	0.00122706	0.00138349	0.0414948	0.00207526	0.00286577	0.178719	0.00175397	0.496837	0.0970127	0.00110086	0.00261284	0.0034726	0.00363044	0.00760127	0.0109169	0.120986	0.00109622	0.00549036
151	0.123969	0.00971203	0.0343369	0.0166631	0.038791	0.00746681	0.00660724	0.15031	0.0352867	0.101616	0.0782638	0.0271823	0.0127683	0.0174856	0.0188386	0.0769939	0.0775823	0.155155	0.000661549	0.0103104
152	0.0221593	0.00344279	0.374997	0.349642	0.000523992	0.0279398	0.00440421	0.00400758	0.0448836	0.00490074	0.00535636	0.0411765	0.00509724	0.0236572	0.00787579	0.0459142	0.0227868	0.0103446	8.88109e-05	0.00080144
153	0.0577066	0.00946553	0.195014	0.124104	0.00321377	0.0209899	0.0605581	0.00694733	0.164743	0.0231061	0.0219621	0.043138	0.0111695	0.0430813	0.0641065	0.0786068	0.0330441	0.0295177	0.000838839	0.00868729
154	0.0868171	0.00163557	0.136822	0.11234	0.00133962	0.0528374	0.00999053	0.0020917	0.0546141	0.00755535	0.0024049	0.133607	0.132818	0.0363699	0.00786215	0.16839	0.0308053	0.020408	0.000257952	0.00103365
155	0.0225	0.00331374	0.371912	0.359057	0.000524371	0.0291664	0.00448583	0.00381778	0.0463047	0.00434104	0.00630004	0.0366216	0.00597042	0.0238025	0.00748712	0.0426896	0.0214247	0.00944811	9.19197e-05	0.000740556
156	0.185645	0.00299125	0.0403259	0.00851983	0.00937634	0.0793776	0.0253573	0.0143879	0.0533069	0.0208113	0.0166647	0.0500561	0.0137788	0.0690096	0.0216331	0.315491	0.052873	0.018021	0.000465057	0.00190842
157	0.0330465	0.016044	0.00105207	0.00427326	0.0131628	0.0040566	0.000862899	0.39918	0.004279	0.0439059	0.0211443	0.00420468	0.000581112	0.00154309	0.00696326	0.00596232	0.018014	0.420998	0.000174122	0.000551385
158	0.0484933	0.00718567	0.0295133	0.0683275	0.0124412	0.0112227	0.0170257	0.111177	0.0503678	0.0300629	0.0251251	0.0312864	0.00133171	0.0335584	0.00351639	0.128494	0.22283	0.160199	0.00036366	0.00747723
159	0.0259863	0.0170719	0.00113699	0.0032804	0.0154997	0.00356317	0.00130215	0.377189	0.00346164	0.127997	0.0340964	0.00318969	0.000444827	0.00237994	0.00537197	0.00681947	0.0171422	0.353092	0.000398168	0.000577556
160	0.0257968	0.00181967	0.163498	0.329335	0.000996198	0.0122008	0.0141788	0.00764557	0.0853075	0.00484277	0.00305045	0.0878227	0.00150846	0.0756218	0.00937671	0.0878823	0.0635786	0.0220322	0.000203399	0.00330263
161	0.0390401	0.0286508	0.00775901	0.00903201	0.0274494	0.00575375	0.01259	0.181086	0.0209576	0.239179	0.110267	0.0117104	0.00389749	0.0122161	0.0101023	0.0553769	0.0636593	0.151969	0.000683416	0.00862104
162	0.0264767	0.00221388	0.134392	0.292601	0.00126762	0.0119971	0.0149492	0.00771643	0.100531	0.00468455	0.00289923	0.0998257	0.00148642	0.0883529	0.0110536	0.0966455	0.0773267	0.0220527	0.000225847	0.003302
163	0.0260169	0.0020399	0.134863	0.301147	0.00124511	0.0113871	0.0147847	0.00785705	0.098396	0.00475205	0.00281123	0.0978128	0.00113861	0.0887823	0.0104631	0.0949671	0.0757042	0.0223041	0.00021017	0.00331725
164	0.0922638	0.0398595	0.0271159	0.0670757	0.00157742	0.0172769	0.0163574	0.023602	0.0609491	0.0089286	0.00774846	0.0572184	0.00202469	0.0357131	0.0104123	0.283941	0.197091	0.0420847	0.000914557	0.00784572
165	0.0873548	0.0119239	0.0139717	0.0149726	0.0118302	0.0396752	0.0429257	0.0164003	0.0257491	0.119351	0.108131	0.017652	0.00577579	0.201627	0.0484576	0.0981127	0.0457179	0.0796547	0.00176384	0.00895318
166	0.061534	0.0204764	0.0312147	0.0766465	0.00141169	0.0177703	0.007539	0.0152634	0.0745952	0.00499056	0.00325456	0.0846817	0.00161764	0.0523434	0.0170932	0.304173	0.196885	0.0235495	0.000344606	0.0046158
167	0.00466414	0.00561545	0.00212062	0.00251186	0.401939	0.00217042	0.00586534	0.0163736	0.00306747	0.0289575	0.00873742	0.0158161	0.000967852	0.00488337	0.00196581	0.00848721	0.00758488	0.0110764	0.000446257	0.46675
168	0.195911	0.00291626	0.0473951	0.0115137	0.00878501	0.0742681	0.0261856	0.0116502	0.0433589	0.0203065	0.0135208	0.0583168	0.0193616	0.0602841	0.0168713	0.314172	0.0527533	0.0201497	0.000702307	0.00157689
169	0.162248	0.112362	0.00774293	0.00668126	0.0347305	0.0354566	0.00583839	0.108778	0.0126857	0.114391	0.0616714	0.0179435	0.0124249	0.00972919	0.011407	0.0934348	0.055997	0.114887	0.00388913	0.0177017
170	0.0233939	0.00191645	0.030641	0.0256528	0.00180873	0.0362696	0.0255656	0.00226889	0.346153	0.00880789	0.00504635	0.0560676	0.00835986	0.0285824	0.296485	0.0579856	0.026774	0.0127363	0.000294054	0.00519148
171	0.0157975	0.0245772	0.00392633	0.00400805	0.224041	0.00381753	0.129049	0.00911859	0.00549464	0.0156725	0.00747571	0.0358569	0.00225427	0.0241009	0.0178959	0.0437968	0.0266751	0.0172934	0.000533604	0.388615
172	0.00513981	0.00630273	0.000929826	0.00109358	0.0611091	0.00122687	0.00204217	0.0563284	0.00144178	0.621416	0.132466	0.00149145	0.00515436	0.00152066	0.00503248	0.00456548	0.0034405	0.0815647	0.000806805	0.00692755
173	0.0529431	0.00698816	0.00973252	0.00885637	0.00728592	0.0540386	0.0290341	0.0149983	0.0150929	0.0346601	0.0288116	0.373847	0.00422768	0.0555562	0.00867803	0.148419	0.0797544	0.0617876	0.00108895	0.00419898
174	0.0393657	0.0268183	0.0339717	0.0264466	0.0480439	0.00632596	0.0381826	0.0587171	0.0390034	0.196103	0.0907452	0.0694055	0.0187709	0.0480328	0.0105185	0.0910624	0.046149	0.0334618	0.000880155	0.0779958
175	0.00515897	0.00688507	0.0019055	0.00209889	0.339685	0.00256941	0.00215658	0.157183	0.00279287	0.275322	0.0708754	0.00300674	0.00246057	0.00292363	0.00208606	0.00705265	0.0159731	0.0601728	0.0306197	0.00907204
176	0.223776	0.170755	0.00288501	0.00388464	0.0204508	0.0582833	0.0029262	0.0711136	0.00512221	0.060686	0.0397849	0.0202645	0.0175749	0.00516409	0.00951127	0.098374	0.0547641	0.116466	0.0055446	0.0126686
177	0.0230513	0.00200121	0.0305136	0.0257183	0.00185019	0.0356453	0.0248618	0.00268868	0.344498	0.00919774	0.0052866	0.0551106	0.00818788	0.0294412	0.297773	0.0585478	0.0273428	0.012885	0.000334825	0.00506439
178	0.332799	0.0453873	0.00440226	0.00599497	0.0059744	0.187824	0.00401921	0.0363576	0.00758276	0.0170344	0.0264875	0.00933839	0.00425891	0.00676773	0.0048907	0.0865667	0.039943	0.164394	0.00606806	0.00390979
179	0.332088	0.0525855	0.00149713	0.0019816	0.0011212	0.0468359	0.00480528	0.00741446	0.00244181	0.0197249	0.0015727	0.0116588	0.00142828	0.0101637	0.00183662	0.393816	0.0660113	0.0417688	0.000473487	0.000774585
180	0.229007	0.0126895	0.0223474	0.0294748	0.00426488	0.097303	0.0108683	0.0199833	0.0225011	0.0120143	0.00585269	0.0498272	0.0704761	0.0222718	0.00618205	0.256176	0.0867448	0.0363894	0.00331397	0.00231185
181	0.0168298	0.0177916	0.00377198	0.00380092	0.0283406	0.00404223	0.00479907	0.261514	0.00613435	0.349974	0.0746132	0.00488961	0.00131653	0.0123814	0.00381801	0.0211722	0.0300825	0.149791	0.00122371	0.00371429
182	0.327077	0.0540229	0.00106323	0.00135086	0.00109361	0.045725	0.00378404	0.00620356	0.002365	0.0198457	0.0014537	0.009923	0.000953626	0.00885998	0.0020276	0.414951	0.0613986	0.0367948	0.000367286	0.000739087
183	0.0883986	0.00138943	0.135127	0.103272	0.00115427	0.0546733	0.00989758	0.0019622	0.0547859	0.00718624	0.0017006	0.140919	0.128989	0.0363364	0.00758857	0.174994	0.0303956	0.0200465	0.000226265	0.000957014
184	0.0231016	0.00774244	0.0170795	0.0424574	0.0280674	0.00469526	0.0191478	0.029115	0.0669529	0.0336488	0.0231733	0.0378174	0.00204156	0.171306	0.187307	0.11939	0.123267	0.0493253	0.000778982	0.0135864
185	0.0337621	0.0162814	0.00134807	0.00501702	0.0132534	0.00426679	0.000962658	0.394045	0.0048119	0.0428988	0.0211324	0.0043369	0.000642228	0.00177552	0.00690987	0.00722471	0.020809	0.41968	0.000173435	0.000668245
186	0.0278649	0.0203293	0.00621714	0.031716	0.00485606	0.0188056	0.0191353	0.0793988	0.170183	0.0244284	0.0073633	0.0170665	0.00214705	0.0722616	0.0366237	0.111248	0.276142	0.0701004	0.00093955	0.00317339
187	0.0108358	0.0177466	0.00170679	0.00182342	0.0218615	0.00304853	0.00300711	0.306028	0.00236735	0.345949	0.0679963	0.000909348	0.000285752	0.00537878	0.00215834	0.0107565	0.0182727	0.177873	0.00103788	0.000957445
188	0.0381879	0.0450559	0.0112217	0.0388865	0.0208478	0.113156	0.0642564	0.00800895	0.122276	0.012789	0.00653189	0.0364048	0.00537439	0.0315833	0.134586	0.213337	0.0628939	0.0134569	0.00114435	0.0200006
189	0.00513981	0.00630273	0.000929826	0.00109358	0.0611091	0.00122687	0.00204217	0.0563284	0.00144178	0.621416	0.132466	0.00149145	0.00515436	0.00152066	0.00503248	0.00456548	0.0034405	0.0815647	0.000806805	0.00692755
190	0.127947	0.0613717	0.0159627	0.0373976	0.00407485	0.0386957	0.0172867	0.0121571	0.0466635	0.0116326	0.00542613	0.0326295	0.0028026	0.0220776	0.0254628	0.352998	0.156341	0.0218188	0.00118617	0.0060684
191	0.0883986	0.00138943	0.135127	0.103272	0.00115427	0.0546733	0.00989758	0.0019622	0.0547859	0.00718624	0.0017006	0.140919	0.128989	0.0363364	0.00758857	0.174994	0.0303956	0.0200465	0.000226265	0.000957014
