391	20
1	0.0512045	0.00741051	0.000511831	0.00704956	0.027111	0.00175064	0.00290255	0.268197	0.00325718	0.139153	0.0463174	0.00651977	0.012715	0.0115092	0.00308032	0.0194238	0.0264507	0.356526	0.00120178	0.00770833
2	0.0274801	0.0100236	0.000756382	0.00380025	0.0868226	0.00104802	0.00531556	0.134537	0.00591629	0.494622	0.097545	0.00113737	0.00483602	0.00453302	0.00223059	0.0119409	0.00853444	0.0741491	0.00170741	0.0230644
3	0.0376296	0.00850522	0.0040368	0.00831125	0.0247917	0.00681231	0.0155394	0.171575	0.0361124	0.214679	0.114315	0.0278157	0.00924183	0.0419574	0.0193657	0.043933	0.0590948	0.135938	0.0049522	0.0153931
4	0.0115104	0.00767694	0.572185	0.282502	0.00317756	0.00381648	0.00569177	0.00158657	0.0128668	0.00882899	0.00520199	0.0248318	0.000784684	0.0118285	0.00484813	0.0155216	0.0115116	0.0105208	0.000337898	0.00477041
5	0.0304294	0.00582427	0.281028	0.363057	0.00434176	0.0207194	0.014244	0.00443619	0.0295928	0.00976444	0.00269696	0.0399747	0.00787266	0.0682354	0.0148234	0.0570147	0.0322654	0.00852857	0.000826046	0.00432518
6	0.0252813	0.00764128	0.000691271	0.00285916	0.048606	0.000890822	0.00219114	0.137571	0.00424636	0.54996	0.10701	0.00146399	0.00502395	0.00592397	0.00203523	0.0109758	0.0102777	0.0714584	0.000876024	0.00501599
7	0.0184887	0.0184704	0.0122895	0.0466173	0.0049501	0.0174577	0.0261472	0.00846665	0.350542	0.0110097	0.00750597	0.0384113	0.00211837	0.10675	0.254298	0.0329272	0.0179528	0.0224314	0.000357798	0.00280752
8	0.0590796	0.0298252	0.0295067	0.0136494	0.0351529	0.0655495	0.0880674	0.0177641	0.0235338	0.0146918	0.0115003	0.13363	0.0123065	0.0200065	0.0133079	0.336719	0.0449183	0.0188651	0.00476294	0.0271634
9	0.0114412	0.00768151	0.572729	0.282495	0.00317595	0.00378329	0.00567254	0.00158034	0.0128148	0.00882797	0.00521367	0.0248126	0.000771293	0.0116561	0.0048353	0.0154123	0.0114625	0.0105245	0.000336206	0.00477446
10	0.0125708	0.00762971	0.560979	0.282621	0.00315963	0.00468027	0.00640465	0.00170859	0.0138982	0.00871273	0.00508621	0.0255084	0.00120286	0.0148599	0.00572324	0.0173085	0.0125867	0.0102911	0.000364165	0.00470444
11	0.0547457	0.0116457	0.000643346	0.00807932	0.0272384	0.00316832	0.00776158	0.233268	0.00639874	0.113657	0.0578556	0.0109201	0.0224868	0.0194102	0.00459632	0.0280552	0.0354441	0.340446	0.000795145	0.0133841
12	0.0836151	0.0107536	0.0289075	0.0656249	0.00813186	0.0339229	0.0293668	0.0500657	0.0673865	0.0564356	0.0208227	0.0829838	0.00191343	0.0917272	0.0361484	0.139055	0.129662	0.0501575	0.000807144	0.0125124
13	0.0719004	0.0122174	0.0277135	0.0705253	0.0140577	0.0169861	0.0224919	0.0941444	0.0675719	0.100627	0.0257837	0.0570749	0.00187992	0.0991561	0.0286778	0.0936914	0.0967016	0.0827849	0.000961694	0.0150522
14	0.0144683	0.0258884	0.00674286	0.0348052	0.00440614	0.0170014	0.0156632	0.0121097	0.288282	0.00865602	0.00987592	0.0150577	0.00371298	0.120916	0.363183	0.0237826	0.0111848	0.020119	0.000411793	0.00373288
15	0.0283216	0.00717086	0.00049173	0.00154299	0.0370052	0.00195608	0.000656229	0.351751	0.00106718	0.278411	0.0322069	0.00100328	0.00174653	0.00285724	0.0020783	0.0037579	0.0120336	0.230126	0.00256397	0.00325233
16	0.0806436	0.00839737	0.027291	0.0667775	0.00998573	0.044471	0.0628226	0.0132218	0.118949	0.0365838	0.0107316	0.0935664	0.00253972	0.109911	0.0412173	0.136941	0.0910779	0.028867	0.000755421	0.0152488
17	0.490586	0.0491611	0.00147851	0.00734629	0.00905893	0.0477196	0.00246266	0.0243662	0.00671246	0.0236845	0.00841545	0.00779759	0.00649195	0.00855134	0.00492597	0.201715	0.0473315	0.0502296	0.000692506	0.00127313
18	0.0422485	0.00766273	0.001295	0.00433523	0.0267055	0.00366434	0.00934299	0.196773	0.0144744	0.237319	0.123433	0.0149966	0.00978942	0.0213888	0.00877312	0.0294855	0.0395999	0.195079	0.0029083	0.0107265
19	0.0200915	0.0128522	0.0158558	0.0446168	0.00661527	0.0167963	0.0354178	0.00758018	0.362545	0.00885799	0.00544123	0.0494902	0.00215206	0.0818467	0.24885	0.039233	0.0180781	0.0208694	0.000453866	0.00235659
20	0.0199469	0.0129473	0.0157974	0.0445786	0.00668097	0.0169869	0.0356909	0.00784447	0.362803	0.00879682	0.00550244	0.0493696	0.00216946	0.0820332	0.248361	0.0390879	0.0178135	0.0207673	0.000450951	0.0023709
21	0.0292198	0.00734488	0.000530543	0.00174762	0.039192	0.00179474	0.000758408	0.321115	0.00142893	0.315775	0.0444384	0.00108222	0.00227325	0.00289731	0.00184603	0.00458554	0.0114385	0.206424	0.00224658	0.00386242
22	0.0400203	0.0131538	0.0867038	0.00541316	0.00546054	0.0567229	0.071307	0.0153409	0.0872264	0.0102627	0.0140581	0.0502589	0.0780264	0.0626428	0.112219	0.123853	0.132773	0.0270045	0.00169401	0.0058589
23	0.0627921	0.012705	0.0197174	0.0354025	0.0176679	0.0133958	0.0163857	0.12083	0.0377872	0.154558	0.041892	0.0373183	0.00517131	0.0588521	0.0240686	0.0908621	0.0954689	0.140323	0.00350365	0.0112982
24	0.0449163	0.0084611	0.000828701	0.00759194	0.0201694	0.00226403	0.00357523	0.242711	0.00332958	0.0838192	0.0349541	0.00664911	0.0124955	0.0086541	0.00443861	0.0218018	0.0241072	0.461861	0.00100651	0.00636592
25	0.560738	0.0355118	0.000919928	0.00602947	0.0072478	0.0433602	0.0014035	0.0207602	0.00441853	0.0178446	0.00667543	0.00655108	0.00603549	0.00781467	0.00385811	0.169642	0.0396239	0.0599759	0.000660691	0.00092837
26	0.0698845	0.010913	0.029375	0.0762555	0.0144748	0.0184608	0.0221027	0.0883081	0.0687031	0.0990391	0.0273382	0.0527608	0.00155464	0.0999764	0.0275733	0.0973531	0.100263	0.081236	0.00108021	0.0133479
27	0.142248	0.0352971	0.00825235	0.024017	0.0201973	0.0160533	0.0133835	0.112745	0.0366725	0.0806979	0.0251865	0.0247092	0.00947521	0.028675	0.0143039	0.0971711	0.140781	0.154512	0.0054294	0.0101928
28	0.0274188	0.00775995	0.00061882	0.00239632	0.0433041	0.00140313	0.0016692	0.256016	0.00306701	0.394431	0.0706488	0.0014705	0.00360345	0.00472586	0.00205888	0.00750711	0.0119277	0.153456	0.00175441	0.00476245
29	0.0846029	0.0167878	0.0264734	0.0340149	0.0185529	0.351167	0.0179927	0.0198924	0.0499856	0.0206008	0.00994258	0.0731688	0.01789	0.0387895	0.0520569	0.0792635	0.0344007	0.0270131	0.0200727	0.00733163
30	0.109905	0.00362847	0.0540035	0.0658256	0.0118252	0.00772665	0.0273284	0.0303434	0.00889108	0.0220787	0.00654255	0.00978888	0.450488	0.0194551	0.00467006	0.0518049	0.0346788	0.0642395	0.00770355	0.00907254
31	0.0444376	0.00336865	0.232466	0.358194	0.00276274	0.0232814	0.0134563	0.0047011	0.0352451	0.00828871	0.00233369	0.0344584	0.0100946	0.0916516	0.020055	0.0644533	0.0361487	0.0105698	0.00115559	0.0028775
32	0.0208296	0.0183395	0.0130053	0.0450794	0.004887	0.0174397	0.0242818	0.00969812	0.331909	0.0106382	0.0079154	0.0385151	0.00264018	0.10856	0.265728	0.0346626	0.018495	0.023823	0.000384504	0.00316864
33	0.182289	0.06606	0.00104945	0.00777054	0.0251073	0.0146231	0.00554569	0.101361	0.00926954	0.0496139	0.0113622	0.00448547	0.00401819	0.00509759	0.00836828	0.119053	0.139201	0.230984	0.00861457	0.00612555
34	0.00434394	0.00879156	0.00132869	0.00220498	0.00861711	0.00206292	0.00429947	0.0113292	0.118083	0.00702863	0.001597	0.00238605	0.00991278	0.015924	0.78434	0.00871794	0.00322883	0.00385161	0.000569819	0.00138173
35	0.0684147	0.014771	0.0623999	0.0598131	0.00271965	0.0440995	0.0123772	0.0249205	0.0652943	0.0228643	0.0150061	0.139579	0.00125346	0.0646887	0.0371718	0.173755	0.156956	0.0254885	0.000740099	0.00768656
36	0.0420434	0.00385902	0.231115	0.348198	0.00339294	0.0227659	0.0147194	0.00601009	0.0357246	0.0114034	0.00398812	0.0348212	0.00984065	0.092032	0.0202326	0.0641633	0.0375783	0.0138258	0.0010572	0.00322892
37	0.0257404	0.00802606	0.000860615	0.00324975	0.0560514	0.00109114	0.00295171	0.135863	0.00520175	0.545111	0.102042	0.000922899	0.004811	0.00518654	0.0023406	0.0107425	0.00891591	0.0711785	0.0010149	0.00869793
38	0.0283537	0.00717537	0.000484412	0.001506	0.0369538	0.00199321	0.000648248	0.35521	0.00104569	0.275327	0.0312675	0.00100414	0.0016183	0.00274129	0.00206165	0.00364581	0.0119854	0.231181	0.0025647	0.00323305
39	0.0567399	0.00268715	0.042757	0.0449038	0.00298845	0.0389326	0.0162891	0.0142456	0.0420782	0.0193939	0.00347032	0.0576962	0.344136	0.0744297	0.019256	0.117131	0.0701915	0.0286411	0.00123555	0.0027976
40	0.0427765	0.0159247	0.00585373	0.00737596	0.332951	0.00721042	0.035227	0.00689074	0.00808788	0.00895413	0.00264526	0.019609	0.00773668	0.0267689	0.00188788	0.0382162	0.00787844	0.00442939	0.00655891	0.413017
41	0.0252175	0.00755614	0.000611219	0.00240368	0.0476555	0.000896513	0.00153486	0.169126	0.00305136	0.52326	0.0947814	0.000757312	0.00437369	0.0042484	0.00167832	0.00872221	0.00908562	0.0895656	0.00108284	0.00439205
42	0.0792194	0.0142064	0.0360286	0.0567028	0.0027806	0.0463861	0.0170236	0.0355693	0.0563713	0.0297533	0.0210567	0.112629	0.000805424	0.077991	0.0336075	0.169185	0.170499	0.0314274	0.000707453	0.00804968
43	0.0154293	0.00880965	0.533877	0.287092	0.00346414	0.00585551	0.00682968	0.00221874	0.0185047	0.00902194	0.00579041	0.0258671	0.00174829	0.0183265	0.00601494	0.0201979	0.0146871	0.0102297	0.000461099	0.00557433
44	0.0138246	0.0082114	0.476567	0.317762	0.00447973	0.00875874	0.00849843	0.00265962	0.017059	0.00939974	0.00452912	0.033977	0.00261509	0.0234186	0.0059708	0.0291524	0.0176486	0.00913337	0.000394932	0.00593929
45	0.0184782	0.0071375	0.454748	0.319592	0.00354396	0.00989896	0.00834564	0.00257316	0.0206193	0.00889454	0.00421175	0.0311962	0.00340328	0.0326568	0.00835045	0.0318126	0.0198736	0.00945281	0.000530615	0.00468023
46	0.0122124	0.00767087	0.564938	0.283036	0.00314663	0.00437349	0.00593129	0.00168328	0.0134491	0.00894641	0.00512655	0.0249461	0.00107552	0.0137041	0.00527654	0.0166408	0.0122841	0.0105744	0.000354328	0.00463015
47	0.0300389	0.0077318	0.289791	0.350602	0.00478042	0.0202295	0.0135697	0.00570669	0.0290721	0.0105555	0.00343468	0.0404165	0.00877042	0.0641603	0.0138555	0.0588527	0.0330153	0.00984228	0.000874623	0.00469982
48	0.0517056	0.0105711	0.000564404	0.00951922	0.0221823	0.0029222	0.00484599	0.234284	0.00444366	0.0776787	0.0399048	0.00799952	0.0150745	0.0102856	0.00483777	0.0256769	0.028375	0.440689	0.000905613	0.00753416
49	0.0306032	0.0103889	0.0017019	0.00602531	0.0800245	0.00306806	0.00849964	0.138397	0.0148516	0.400162	0.0952367	0.00720318	0.00610745	0.0171137	0.00681193	0.02464	0.0201374	0.0997798	0.00330793	0.0259395
50	0.146156	0.0549843	0.0028422	0.00925067	0.0287683	0.0126856	0.00753994	0.114776	0.022693	0.0713772	0.0129597	0.00667473	0.00571078	0.00686217	0.0198857	0.103061	0.113746	0.240076	0.0119152	0.00803569
51	0.223952	0.0208895	0.00917437	0.0658658	0.0214087	0.0199548	0.00931569	0.0957974	0.0231156	0.0208874	0.0146326	0.0292489	0.0235191	0.0235089	0.0059946	0.0680401	0.0497786	0.268417	0.0016233	0.00487608
52	0.0249325	0.00789122	0.000637439	0.00268691	0.0494457	0.000686292	0.00165044	0.136966	0.00326593	0.56022	0.106771	0.000747588	0.00496481	0.00483743	0.00159946	0.00986168	0.00911481	0.0683326	0.000806611	0.00458122
53	0.611578	0.0199892	0.000624173	0.00582949	0.00536584	0.0392656	0.000821847	0.0181366	0.00266884	0.0133918	0.00609684	0.00586046	0.00494202	0.00769586	0.00360897	0.138299	0.0332551	0.0813897	0.000525623	0.000655396
54	0.0361905	0.00492891	0.221425	0.376882	0.0036581	0.0244836	0.0151499	0.0050934	0.0332953	0.00919227	0.00217148	0.0409057	0.00965497	0.0839527	0.0170768	0.0660044	0.036682	0.00853762	0.000950409	0.00376465
55	0.104932	0.00786012	0.0297571	0.122373	0.00529395	0.0411093	0.00980469	0.021891	0.115597	0.0244694	0.0129934	0.0350385	0.00532047	0.184938	0.0436546	0.106274	0.065893	0.0567355	0.00130623	0.0047582
56	0.0252193	0.00754738	0.00061455	0.00268437	0.0466422	0.000792504	0.00170721	0.155098	0.00311491	0.535687	0.100306	0.00103392	0.00469858	0.00492518	0.00173168	0.00973767	0.00979455	0.0831239	0.000934748	0.00460678
57	0.197671	0.014148	0.0349788	0.0527716	0.00591199	0.107031	0.00797251	0.0238235	0.042939	0.0341164	0.0115219	0.069367	0.0244319	0.0464326	0.0156194	0.165014	0.0730366	0.0574094	0.00949627	0.00630746
58	0.0738789	0.0142115	0.0582596	0.0513731	0.0029634	0.0504254	0.0141386	0.0229813	0.0646786	0.0228338	0.0155466	0.147988	0.000972862	0.0694133	0.0352684	0.169637	0.150465	0.0252528	0.00104195	0.00866982
59	0.0248912	0.0078113	0.000636349	0.00268406	0.0492549	0.000686469	0.0016581	0.136388	0.00325262	0.56161	0.10688	0.000747953	0.00490946	0.00480325	0.0015979	0.00986158	0.00905041	0.0678979	0.00080795	0.00457028
60	0.075457	0.00932756	0.000570979	0.0109905	0.0229446	0.00677134	0.00358722	0.229104	0.00509035	0.0784314	0.047093	0.013759	0.0187061	0.0125521	0.00329558	0.0358906	0.0381948	0.380276	0.000608265	0.00735012
61	0.0900819	0.0039625	0.110802	0.0899542	0.00701615	0.0181112	0.0282611	0.0151286	0.0199795	0.0298012	0.0121413	0.0275283	0.291225	0.0308438	0.00427208	0.0922599	0.0540136	0.0518685	0.00279833	0.0199506
62	0.0344633	0.0252884	0.00130411	0.0110889	0.314309	0.00212034	0.046765	0.044019	0.0170481	0.199109	0.0506012	0.00330548	0.00752274	0.0028331	0.00469166	0.0232091	0.00758278	0.0423833	0.00918286	0.153173
63	0.0441114	0.00765486	0.000606492	0.00782987	0.0197613	0.00176606	0.00361849	0.23864	0.00319715	0.0764262	0.0363005	0.00664996	0.0131702	0.00891204	0.00419147	0.0215502	0.0235736	0.474825	0.000694042	0.00652104
64	0.0658716	0.0203428	0.0561616	0.0440929	0.0541831	0.266466	0.051875	0.0258269	0.0356703	0.0282917	0.0133675	0.0598606	0.0201441	0.0340405	0.0308339	0.0873517	0.0385872	0.0296048	0.0136367	0.0237909
65	0.142534	0.0255351	0.0187662	0.0321366	0.031298	0.169071	0.0189742	0.0321908	0.0271905	0.0303888	0.0136605	0.0439591	0.0786932	0.0359003	0.017184	0.14863	0.0767532	0.0392135	0.00720975	0.0107108
66	0.04966	0.0016745	0.0316153	0.0332582	0.00124441	0.0367823	0.0141263	0.013185	0.0501034	0.0168309	0.00247817	0.0652839	0.359344	0.0716312	0.0228901	0.126503	0.0739154	0.027973	0.000446505	0.00105483
67	0.0441276	0.00351066	0.231809	0.359254	0.00278243	0.0236031	0.0135877	0.00468077	0.0351247	0.00820488	0.00222784	0.0350437	0.0102474	0.0911772	0.0197221	0.0645235	0.0361752	0.0101311	0.00113659	0.00292982
68	0.0184172	0.00735801	0.00394778	0.0149027	0.176398	0.00479526	0.184843	0.00813784	0.00620151	0.0161582	0.00325498	0.0536503	0.00487511	0.0418615	0.00562991	0.018894	0.0183746	0.00788247	0.0117507	0.392666
69	0.611994	0.019844	0.000624941	0.00581391	0.00532191	0.0391796	0.000823932	0.0181013	0.00266458	0.0132912	0.00607322	0.0058456	0.00490548	0.00770119	0.00362285	0.138179	0.0332056	0.0816354	0.000518992	0.000652753
70	0.0448552	0.0223665	0.00308793	0.0175293	0.0839442	0.00419878	0.225981	0.041514	0.010655	0.0230026	0.00745796	0.0458599	0.0182709	0.0984693	0.0253765	0.0902721	0.0365876	0.0592166	0.000777955	0.140577
71	0.090327	0.0828204	0.00250073	0.0157387	0.0244359	0.0154588	0.0150639	0.141683	0.015923	0.0999409	0.0260542	0.0199971	0.0216344	0.0178214	0.00948156	0.0951649	0.0851859	0.198666	0.00345648	0.0186452
72	0.025428	0.00763971	0.00060329	0.00246688	0.047329	0.000921427	0.00160297	0.164857	0.00302175	0.526737	0.0967724	0.000785105	0.0044687	0.00439954	0.00160434	0.00884098	0.00927112	0.0876566	0.00109301	0.00450052
73	0.300685	0.0930622	0.00232063	0.00767073	0.0219066	0.0608958	0.00378405	0.0473807	0.00715213	0.07136	0.0147486	0.00849498	0.00354506	0.00942292	0.00552996	0.234131	0.0672826	0.0379509	0.00109154	0.00158452
74	0.194962	0.0430431	0.0167264	0.0159573	0.00783697	0.0745636	0.0103293	0.0191424	0.0278938	0.022775	0.0195129	0.0267524	0.0201305	0.0326621	0.0298023	0.28089	0.122482	0.0272232	0.00207785	0.00523694
75	0.0914542	0.0113252	0.000876002	0.0128373	0.0230729	0.0102324	0.00404229	0.218038	0.00574863	0.0734112	0.0471545	0.0160496	0.0190912	0.0127048	0.00325169	0.0431334	0.0425791	0.357008	0.000676704	0.00731281
76	0.0148109	0.00747597	0.527931	0.293648	0.00324448	0.00612027	0.00687013	0.00204669	0.0166821	0.00866883	0.00491629	0.0264417	0.00192943	0.0203507	0.00653763	0.0213668	0.0155059	0.0103478	0.000419491	0.00468624
77	0.0390781	0.00538943	0.217634	0.34549	0.00429136	0.0240458	0.0163829	0.0078919	0.0352314	0.0142229	0.00367666	0.0440994	0.0118575	0.0836737	0.0181373	0.0694973	0.0414222	0.0121898	0.0010568	0.00473077
78	0.199741	0.0191882	0.0148277	0.0312955	0.00320398	0.0427844	0.0163973	0.0168532	0.0313493	0.0328928	0.0138894	0.0500503	0.0735475	0.0475241	0.00862286	0.211726	0.129743	0.0453067	0.00311967	0.00793714
79	0.132144	0.0537799	0.00378759	0.019131	0.0254222	0.0250686	0.00789263	0.0951393	0.0117795	0.0960899	0.0128745	0.0113503	0.00451035	0.0112873	0.0159277	0.124555	0.119546	0.216644	0.00635726	0.00671243
80	0.0433496	0.00851848	0.000652898	0.00727135	0.0214807	0.00205913	0.00350655	0.24756	0.00352175	0.0961197	0.0353663	0.00610219	0.0115327	0.00845584	0.0042428	0.0205696	0.0233114	0.449004	0.000995772	0.0063791
81	0.00686681	0.00950123	0.00353855	0.00610521	0.0086586	0.00347858	0.00548952	0.0118094	0.120547	0.00866178	0.00205678	0.00439962	0.0111918	0.019866	0.750724	0.0134131	0.00559929	0.00532536	0.000813112	0.00195398
82	0.0114412	0.00768151	0.572729	0.282495	0.00317595	0.00378329	0.00567254	0.00158034	0.0128148	0.00882797	0.00521367	0.0248126	0.000771293	0.0116561	0.0048353	0.0154123	0.0114625	0.0105245	0.000336206	0.00477446
83	0.559803	0.0299175	0.00168802	0.00751169	0.00627787	0.0424796	0.00213372	0.0193442	0.00556792	0.0151277	0.0072387	0.00857185	0.00845708	0.00966851	0.00428838	0.164386	0.0432289	0.0623599	0.000719883	0.00122947
84	0.175622	0.0258042	0.0035505	0.0251846	0.0199005	0.0216156	0.00648354	0.159919	0.0103467	0.0550631	0.0269206	0.0164787	0.0144215	0.0142426	0.00549864	0.0851854	0.0646581	0.260645	0.00280383	0.00565605
85	0.0445515	0.00343517	0.232666	0.357828	0.00271439	0.0233409	0.0134176	0.00471674	0.0352034	0.00824653	0.00220648	0.0350921	0.0101625	0.0910334	0.0200614	0.0645467	0.0364865	0.0101971	0.00116249	0.00293087
86	0.17955	0.041041	0.0137233	0.0252174	0.00768573	0.0381702	0.0130941	0.0278749	0.0298311	0.0330874	0.0166239	0.0392537	0.0261948	0.0595953	0.0154183	0.239264	0.134308	0.0506214	0.00252085	0.00692472
87	0.0267698	0.00734046	0.00073547	0.00279328	0.0475485	0.000909865	0.00163738	0.161359	0.00342005	0.527694	0.0988462	0.000882936	0.00469781	0.00470634	0.00171031	0.00932799	0.0100775	0.0839696	0.00109342	0.00448019
88	0.0711803	0.0318702	0.0210838	0.0485477	0.0111227	0.0207832	0.0214133	0.105733	0.0693296	0.0952801	0.0194891	0.0745537	0.00633749	0.0929057	0.0287497	0.0968268	0.085974	0.0796701	0.00115105	0.0179988
89	0.0342773	0.0249297	0.00106679	0.0109214	0.297446	0.00208419	0.0288122	0.0597051	0.0162137	0.207616	0.0685624	0.00285602	0.00495311	0.00292843	0.00479662	0.0342431	0.00743782	0.0551544	0.0104046	0.125591
90	0.0635584	0.00760907	0.00049557	0.00920082	0.0237314	0.00256405	0.00324298	0.240591	0.00364028	0.0879445	0.0494324	0.00982138	0.0169378	0.012857	0.00328068	0.0249067	0.0298283	0.401319	0.000566024	0.00847226
91	0.0481991	0.00282103	0.0340223	0.0351525	0.00105035	0.0598143	0.0156682	0.0115504	0.045275	0.0156228	0.00301204	0.0683399	0.334403	0.0809465	0.0217361	0.126863	0.0716372	0.0227067	0.000362185	0.000816658
92	0.0254628	0.0076189	0.000652926	0.00268449	0.0482794	0.000716246	0.00179813	0.13647	0.00325015	0.558239	0.108932	0.000914381	0.00484597	0.00473467	0.00172306	0.0101397	0.00937678	0.0688125	0.00081334	0.00453587
93	0.0346909	0.00711363	0.000466629	0.00254157	0.0342819	0.00200829	0.000964962	0.335085	0.00158807	0.235132	0.0351751	0.00204153	0.0032121	0.00381057	0.00205634	0.00754206	0.0165748	0.268292	0.00294489	0.00447778
94	0.0709523	0.0111583	0.0238101	0.0437227	0.0101622	0.0390979	0.068005	0.0118334	0.166605	0.0237516	0.00963666	0.0893681	0.0104311	0.0912321	0.096928	0.126924	0.0626108	0.0262981	0.00129125	0.0161809
95	0.0255797	0.00803675	0.000729197	0.0030922	0.0553306	0.000930646	0.00265773	0.135265	0.00433136	0.549562	0.10389	0.00094867	0.00480165	0.00482789	0.00184295	0.0108138	0.00907365	0.0694718	0.00107657	0.00773729
96	0.527004	0.02154	0.00301485	0.0133581	0.00531175	0.0473355	0.00123203	0.0247356	0.00636081	0.0171835	0.00889453	0.0184337	0.00690038	0.0129424	0.00490951	0.165174	0.0472543	0.065614	0.000984143	0.00181746
97	0.0927975	0.0115025	0.0357388	0.0614569	0.00319557	0.0519564	0.0146436	0.0270871	0.0594161	0.0277123	0.019792	0.0959161	0.00893993	0.0815272	0.0295071	0.172411	0.162784	0.035543	0.00111536	0.0069572
98	0.148639	0.0139675	0.040356	0.0318457	0.00831798	0.25752	0.0097578	0.0136303	0.0430137	0.0105006	0.00635022	0.131498	0.00966206	0.0388936	0.0256202	0.125569	0.0241555	0.0257079	0.0295525	0.00544338
99	0.0429415	0.0252786	0.00696297	0.00969759	0.290919	0.00833904	0.0474414	0.0209769	0.00946456	0.0305063	0.00840728	0.0279149	0.0160337	0.0261971	0.00624201	0.0405537	0.0144466	0.0167463	0.00737611	0.343555
100	0.125618	0.0153307	0.0106235	0.0316609	0.0228212	0.0276259	0.0201138	0.0368698	0.024523	0.0631819	0.0429697	0.0531916	0.0560404	0.0724356	0.0524766	0.159887	0.114329	0.053271	0.00241514	0.0146151
101	0.202961	0.061846	0.00541495	0.0154197	0.00556679	0.0382138	0.0507472	0.0158859	0.0382178	0.0299175	0.00935235	0.028017	0.075919	0.0302186	0.00737153	0.253545	0.0908121	0.032992	0.00227866	0.00530299
102	0.00921834	0.0165908	0.00492972	0.0191385	0.00663529	0.0091558	0.0111154	0.0110383	0.215201	0.00754586	0.00495246	0.0122483	0.00636946	0.0598421	0.566862	0.017118	0.00797827	0.0115015	0.000452949	0.00210514
103	0.107247	0.0203542	0.00127002	0.0155191	0.0245652	0.018739	0.00572813	0.210487	0.00787514	0.0643816	0.0420618	0.0224021	0.0196004	0.0118331	0.00413763	0.0636145	0.0541794	0.297281	0.00106121	0.00766284
104	0.363464	0.0431492	0.00441609	0.0122808	0.00677941	0.0541143	0.01212	0.0232379	0.0162445	0.0228348	0.0107843	0.0213027	0.0369692	0.0194516	0.00743304	0.214736	0.0840949	0.0415919	0.0015541	0.00344059
105	0.611994	0.019844	0.000624941	0.00581391	0.00532191	0.0391796	0.000823932	0.0181013	0.00266458	0.0132912	0.00607322	0.0058456	0.00490548	0.00770119	0.00362285	0.138179	0.0332056	0.0816354	0.000518992	0.000652753
106	0.1901	0.193601	0.00214034	0.00599656	0.0118708	0.0155659	0.00466217	0.0603765	0.00768839	0.0268327	0.00760536	0.00429037	0.00284317	0.00611576	0.00533089	0.160533	0.132406	0.152628	0.00576409	0.00364992
107	0.190965	0.041001	0.00739726	0.0191908	0.0126532	0.0894021	0.0255	0.0489995	0.0272437	0.0200906	0.0193479	0.0577537	0.059087	0.034096	0.0076297	0.209201	0.0634005	0.0421681	0.00452647	0.0203465
108	0.0250773	0.00772744	0.000616218	0.00260826	0.048005	0.000725664	0.00179483	0.141729	0.00324826	0.554251	0.104924	0.000985469	0.00480861	0.00508331	0.00168968	0.00997001	0.00946172	0.0717626	0.00088153	0.00465091
109	0.0349172	0.0246388	0.00111391	0.0108138	0.295066	0.00194074	0.0286574	0.0635223	0.0164473	0.208016	0.0675777	0.00282043	0.00504134	0.00298187	0.00470617	0.0327203	0.00744212	0.0579168	0.00977619	0.123884
110	0.176385	0.0407706	0.00557501	0.0263935	0.00322126	0.0555518	0.0379436	0.0139773	0.0253162	0.0228001	0.0102093	0.0484437	0.104634	0.0429279	0.00717754	0.221458	0.112152	0.0386364	0.00183043	0.00459651
111	0.0654364	0.0075549	0.0215196	0.0581424	0.0271905	0.0136884	0.023266	0.104624	0.0581065	0.122259	0.0547066	0.0436282	0.00394835	0.0781627	0.0247362	0.0854467	0.0911598	0.102732	0.00168378	0.0120078
112	0.0165944	0.0276386	0.00870368	0.0444697	0.00329063	0.0208709	0.0190761	0.0121779	0.341604	0.00950586	0.011613	0.0208641	0.00198464	0.142751	0.24887	0.0276194	0.013369	0.0245628	0.000370309	0.00406413
113	0.215573	0.00662417	0.0537533	0.0823111	0.00454361	0.0479474	0.00311186	0.018619	0.0841323	0.0132746	0.00986504	0.0792159	0.0242603	0.0527872	0.0104392	0.15297	0.0783637	0.050279	0.00842783	0.00350224
114	0.0351905	0.00523032	0.220126	0.378275	0.00378509	0.0241839	0.0154225	0.0052576	0.0327693	0.00948282	0.00208418	0.0426118	0.00962381	0.0823639	0.016639	0.0664996	0.0373208	0.00816843	0.000932034	0.00403349
115	0.0248749	0.00767704	0.000632707	0.00267908	0.0488382	0.000684805	0.00166363	0.136213	0.00322692	0.562858	0.106829	0.00074071	0.00486016	0.00474014	0.00158018	0.00983526	0.00899729	0.0676992	0.000824068	0.00454612
116	0.0356407	0.0104271	0.00372744	0.00634916	0.0297023	0.0150313	0.0152714	0.172986	0.0327618	0.232854	0.0877544	0.0292855	0.00982364	0.0346506	0.0422364	0.0401582	0.0576178	0.113379	0.0143399	0.016003
117	0.0829062	0.00740959	0.0244723	0.0707868	0.0114683	0.0491222	0.0350299	0.0199091	0.133546	0.0452184	0.016631	0.0731811	0.00119378	0.120251	0.0492564	0.124301	0.0862512	0.0372503	0.000567768	0.0112475
118	0.0248749	0.00767704	0.000632707	0.00267908	0.0488382	0.000684805	0.00166363	0.136213	0.00322692	0.562858	0.106829	0.00074071	0.00486016	0.00474014	0.00158018	0.00983526	0.00899729	0.0676992	0.000824068	0.00454612
119	0.220675	0.191449	0.00224051	0.00564167	0.0110834	0.0238683	0.00416878	0.0532592	0.00728902	0.0281669	0.00902417	0.00543341	0.00348449	0.00667631	0.004665	0.174679	0.122356	0.118907	0.0039536	0.00297895
120	0.0840054	0.0073452	0.0246264	0.0707837	0.00921268	0.0531323	0.0356973	0.0108913	0.146965	0.0350279	0.011407	0.0749672	0.00151698	0.126678	0.0581824	0.127873	0.0802423	0.0295476	0.000350222	0.0115477
121	0.0148965	0.00839816	0.537462	0.284427	0.00334917	0.00613381	0.00789189	0.00224602	0.0160992	0.008864	0.00511414	0.0263269	0.00187162	0.019122	0.00657094	0.020903	0.0145718	0.0104047	0.000445803	0.0049021
122	0.0141133	0.00727579	0.543978	0.289777	0.00305747	0.00526252	0.00616153	0.00182813	0.0143219	0.00879623	0.00484914	0.0254219	0.00155289	0.0185194	0.00597945	0.0197634	0.0138094	0.0105642	0.000442254	0.00452659
123	0.0818806	0.0151809	0.0143823	0.050937	0.0304548	0.01449	0.0157557	0.108797	0.0331048	0.0986963	0.0374902	0.0523785	0.00791332	0.0448144	0.0170343	0.0748385	0.196947	0.0800654	0.00244763	0.0223921
124	0.0881395	0.00801708	0.0212086	0.0329553	0.0141058	0.0162723	0.0159564	0.0741056	0.0234813	0.0333116	0.0131894	0.0214553	0.40527	0.025604	0.0139023	0.0610423	0.0405773	0.0778378	0.00616157	0.00740647
125	0.0345793	0.00832217	0.0038558	0.00879321	0.0290515	0.00604208	0.0154959	0.154938	0.0258843	0.271976	0.096009	0.021506	0.0105235	0.051797	0.0146262	0.0433949	0.0480411	0.12551	0.00426498	0.0253883
126	0.181431	0.0229445	0.00393171	0.0151809	0.0174823	0.0146494	0.00549532	0.1467	0.00832801	0.0521646	0.0241193	0.011636	0.0121623	0.0134744	0.00626928	0.0690727	0.058063	0.328303	0.00277931	0.00581373
127	0.00495754	0.00917767	0.00190007	0.00448456	0.00821296	0.00274988	0.00556712	0.0110467	0.131274	0.00701606	0.00184752	0.00463361	0.00940295	0.0205969	0.756592	0.00990787	0.003829	0.00485028	0.000547266	0.00140649
128	0.0161962	0.0199837	0.010766	0.0413507	0.00470949	0.0168349	0.0219474	0.00999366	0.331914	0.00888993	0.00805084	0.0301343	0.00260137	0.105191	0.303608	0.0288267	0.0142917	0.0212737	0.000367504	0.00306912
129	0.58126	0.0180195	0.0017606	0.0126868	0.0167546	0.0334828	0.00209737	0.019847	0.00460773	0.0128678	0.00660318	0.011139	0.00912209	0.0147397	0.00387137	0.132228	0.0429358	0.0738486	0.00082505	0.00130319
130	0.474736	0.0367375	0.000783706	0.00554224	0.0100779	0.0274846	0.00221324	0.0404739	0.00438006	0.0220326	0.00655756	0.00411223	0.00344069	0.006794	0.00449697	0.133126	0.0680809	0.143495	0.00353606	0.00189838
131	0.450073	0.0621235	0.00113672	0.00642848	0.0131123	0.0545343	0.00215551	0.0352871	0.00482222	0.0445498	0.01108	0.00789825	0.00503098	0.00861871	0.00403342	0.187843	0.0505175	0.049067	0.000653844	0.00103418
132	0.0837349	0.0138665	0.0329792	0.0555779	0.00253222	0.0489273	0.0161634	0.0332204	0.0549659	0.0275064	0.0224349	0.110063	0.0015862	0.0762266	0.0329967	0.174681	0.173584	0.0302462	0.000828786	0.00787798
133	0.0950588	0.0242584	0.0273587	0.0360014	0.0155456	0.0221399	0.113684	0.0174999	0.107433	0.0217425	0.00848804	0.142752	0.00629168	0.0642556	0.0528121	0.100794	0.0400793	0.0381015	0.00245466	0.0632498
134	0.0253204	0.00882159	0.000680048	0.00284393	0.0556057	0.000749987	0.00162619	0.138485	0.00380955	0.546162	0.106488	0.000795607	0.0053416	0.00488507	0.00165163	0.010753	0.0091999	0.0702928	0.000820699	0.00566705
135	0.195489	0.0170882	0.0208381	0.0288486	0.00578572	0.115589	0.0120646	0.0170814	0.0418888	0.0254396	0.0111492	0.0520081	0.0562242	0.0552279	0.0106226	0.188914	0.0725124	0.0486032	0.0151302	0.00949483
136	0.0281644	0.0073059	0.000812292	0.00322152	0.0434494	0.00150313	0.00102284	0.254671	0.00321941	0.390987	0.0696295	0.0010405	0.00391358	0.00400177	0.00196747	0.00690551	0.0125055	0.160088	0.00181036	0.00378093
137	0.0316832	0.00823159	0.00163657	0.00257259	0.0266974	0.00494181	0.015486	0.174706	0.0247284	0.262355	0.100839	0.0217462	0.00972674	0.0432698	0.0126749	0.0380244	0.0512494	0.142482	0.00493562	0.0220145
138	0.0481974	0.00160954	0.0319842	0.0339924	0.000876592	0.03873	0.0138311	0.0116525	0.0509975	0.0152649	0.00225489	0.0672956	0.347678	0.0767054	0.0233836	0.130627	0.079668	0.0242738	0.000256587	0.000720483
139	0.0371616	0.00741546	0.00166906	0.00283778	0.0240508	0.0049938	0.0147109	0.175214	0.0230267	0.248908	0.130463	0.0215956	0.00968446	0.032765	0.0134989	0.0391762	0.0518782	0.141155	0.00470792	0.0150873
140	0.0339704	0.0248721	0.00110255	0.010422	0.303002	0.00211336	0.0348029	0.0526626	0.0157777	0.211332	0.0627161	0.00299172	0.00557996	0.0029241	0.00510062	0.0297303	0.00718808	0.0492693	0.0125338	0.131909
141	0.0848604	0.00769289	0.0248867	0.0675551	0.00937847	0.0532612	0.0362849	0.0109054	0.14181	0.0350526	0.0115134	0.0787137	0.00117026	0.122594	0.0546347	0.134382	0.0832639	0.0301216	0.000353914	0.011565
142	0.0152308	0.00735268	0.53165	0.289911	0.0031163	0.0064162	0.00702372	0.00200583	0.0160858	0.00872136	0.0048108	0.0258654	0.00197913	0.0211377	0.00667132	0.0214627	0.0154516	0.0101365	0.000426109	0.00454497
143	0.0437248	0.00352081	0.231827	0.359824	0.00274899	0.0234073	0.0135641	0.00470381	0.0349309	0.00830453	0.00220076	0.0354672	0.0102285	0.0906133	0.0198028	0.0645864	0.0363289	0.0100726	0.00114238	0.00300161
144	0.0808857	0.0180777	0.0243528	0.0354294	0.00890781	0.0526496	0.0375833	0.0340196	0.0389499	0.0248536	0.0106739	0.0665502	0.160149	0.0743317	0.0261407	0.151173	0.098824	0.0459359	0.00153216	0.00897995
145	0.0138173	0.00728922	0.544502	0.289618	0.00316498	0.00544684	0.00640893	0.00190915	0.0143649	0.00894184	0.00492802	0.0256685	0.00153506	0.0179303	0.00589509	0.0194264	0.0134161	0.0107585	0.000384923	0.00459329
146	0.0866598	0.0194107	0.0144425	0.0374434	0.0681435	0.0515712	0.051943	0.0390364	0.0386359	0.0708319	0.0401698	0.0655126	0.0247281	0.0698492	0.0395378	0.153307	0.0594985	0.0424638	0.0037842	0.023031
147	0.0410997	0.00844802	0.000693796	0.00643084	0.0259869	0.00219873	0.00345089	0.263708	0.00409881	0.143603	0.0400271	0.00574746	0.00994366	0.00834856	0.00408906	0.0174824	0.0216327	0.385208	0.00131256	0.00648981
148	0.0066414	0.0108138	0.00315529	0.0090848	0.00799584	0.00485397	0.00782538	0.010682	0.161677	0.00724377	0.00278185	0.00803896	0.0083856	0.0311165	0.692315	0.0124688	0.00540293	0.00738482	0.000493022	0.00163975
149	0.0343511	0.00989064	0.00244488	0.00807146	0.0641164	0.00442379	0.00709512	0.147449	0.0220708	0.381934	0.0916042	0.00731244	0.00567042	0.0154983	0.00804361	0.0311537	0.0206036	0.122893	0.00262334	0.0127497
150	0.035585	0.0104707	0.00409035	0.00738824	0.0277367	0.00813423	0.0277658	0.133428	0.0297418	0.235461	0.0827186	0.0288462	0.0193279	0.0600553	0.0227727	0.0470057	0.048855	0.12762	0.00435049	0.0386462
151	0.393843	0.0337608	0.00355881	0.00869514	0.00701626	0.0418898	0.0032453	0.0448809	0.0158021	0.0304421	0.0146097	0.0150422	0.0147899	0.0153189	0.00805562	0.157977	0.105231	0.0799571	0.00238379	0.0035005
152	0.0525155	0.00767715	0.0004383	0.00850576	0.0232512	0.00173105	0.00345599	0.247403	0.00319787	0.0914966	0.0444772	0.00731081	0.0152346	0.0104705	0.00405908	0.0210859	0.0261494	0.42315	0.000660602	0.00773019
153	0.0358654	0.0050861	0.222333	0.376813	0.00369165	0.0239528	0.01516	0.00515	0.0328602	0.00929163	0.00206649	0.0420965	0.00971124	0.082642	0.0168645	0.0660526	0.0371278	0.00827632	0.000955922	0.00400312
154	0.164271	0.0238503	0.0537406	0.0166623	0.00678057	0.0960486	0.00699406	0.0757085	0.0138546	0.0151649	0.00789807	0.0804659	0.00802103	0.0449154	0.021386	0.13081	0.0537638	0.171521	0.00322459	0.00491911
155	0.238994	0.101498	0.00181225	0.013367	0.0202335	0.0727742	0.0061915	0.0628309	0.00516359	0.110259	0.0218535	0.0151091	0.00295637	0.00965947	0.00574481	0.194008	0.0636546	0.0505673	0.00125786	0.00206494
156	0.173467	0.019341	0.00398631	0.0263146	0.0209471	0.0302342	0.00690141	0.170469	0.0118763	0.0447251	0.0312426	0.0228713	0.0208345	0.0180666	0.00433476	0.0771067	0.0602394	0.249438	0.00134127	0.00626211
157	0.239996	0.0160445	0.0170167	0.0229104	0.00337865	0.034035	0.00747583	0.0200849	0.0334858	0.0424267	0.0186926	0.0422581	0.0407256	0.0491168	0.0102508	0.206861	0.130184	0.0481747	0.00462446	0.0122572
158	0.0352947	0.00918164	0.00323676	0.0145203	0.1004	0.00547493	0.00577409	0.12398	0.0279616	0.383857	0.0795957	0.00239668	0.00328503	0.00797086	0.00901713	0.0347133	0.00716152	0.125604	0.00161209	0.0189627
159	0.266602	0.0885952	0.00203524	0.0146603	0.0207155	0.0852022	0.006058	0.0567441	0.00455724	0.111295	0.0188857	0.0180436	0.00335574	0.0100572	0.00663765	0.181763	0.0566795	0.0450943	0.00108443	0.00193398
160	0.08086	0.00683815	0.0419726	0.123148	0.00320067	0.0390806	0.00901629	0.0237656	0.151861	0.0260696	0.0128177	0.0481307	0.00337918	0.155387	0.0698339	0.100563	0.0713829	0.0289399	0.00033543	0.00341774
161	0.0570646	0.00866756	0.00676949	0.0243633	0.0661018	0.0138191	0.0131195	0.104499	0.0516316	0.318912	0.0498548	0.00957364	0.00468232	0.017693	0.0185142	0.0433374	0.0190498	0.159024	0.00164952	0.0116725
162	0.0393426	0.00598965	0.00439779	0.0156853	0.0749398	0.00803123	0.00749712	0.113937	0.037598	0.411767	0.0673032	0.00303144	0.00319245	0.0100037	0.0129087	0.0294457	0.00666538	0.138582	0.000940183	0.00874246
163	0.0481974	0.00160954	0.0319842	0.0339924	0.000876592	0.03873	0.0138311	0.0116525	0.0509975	0.0152649	0.00225489	0.0672956	0.347678	0.0767054	0.0233836	0.130627	0.079668	0.0242738	0.000256587	0.000720483
164	0.0284091	0.00723895	0.00048481	0.00150237	0.0369432	0.00200994	0.00064837	0.355116	0.00104995	0.274845	0.0312696	0.00100529	0.00161483	0.0027457	0.00206552	0.00365252	0.011972	0.231589	0.00257541	0.00326208
165	0.0425273	0.00588908	0.00472626	0.0170385	0.0721713	0.00998054	0.00996018	0.108821	0.0424406	0.396116	0.0615364	0.00450715	0.00339409	0.0118457	0.0150961	0.03116	0.00849514	0.143654	0.0011206	0.00951972
166	0.0497011	0.00248974	0.0352134	0.0401034	0.00111357	0.0528815	0.0153709	0.0118187	0.0452677	0.0161539	0.00284993	0.068034	0.324228	0.0822329	0.0213375	0.130052	0.0764419	0.0235956	0.000289431	0.000825187
167	0.0976145	0.0340883	0.00138654	0.0153934	0.0341753	0.0227929	0.0112339	0.200296	0.0123299	0.0888161	0.0467564	0.0257587	0.0249743	0.015456	0.00747918	0.0803128	0.0665917	0.198287	0.00221254	0.0140444
168	0.0524908	0.00764804	0.000459869	0.0070186	0.0284793	0.00176327	0.00279322	0.270443	0.00319063	0.122411	0.0486716	0.00675877	0.0127741	0.010009	0.00300887	0.0207695	0.0251409	0.366182	0.00112808	0.00885959
169	0.0351905	0.00523032	0.220126	0.378275	0.00378509	0.0241839	0.0154225	0.0052576	0.0327693	0.00948282	0.00208418	0.0426118	0.00962381	0.0823639	0.016639	0.0664996	0.0373208	0.00816843	0.000932034	0.00403349
170	0.0257431	0.00905504	0.000667641	0.00306042	0.0584125	0.00083594	0.00184795	0.138008	0.00433294	0.536613	0.10642	0.00107152	0.00550307	0.00509667	0.00179418	0.0118701	0.00947237	0.0726431	0.00103266	0.00651993
171	0.0581462	0.0111179	0.000496996	0.00870132	0.0251588	0.00244951	0.00501354	0.235845	0.00410614	0.0965393	0.0520027	0.00924807	0.0192837	0.0161896	0.00364011	0.0267296	0.0330643	0.382054	0.000567755	0.00964592
172	0.0482036	0.00286848	0.0343299	0.0353128	0.00115361	0.061253	0.0159489	0.0115493	0.0449142	0.0157077	0.00312462	0.0687715	0.331928	0.0814911	0.0216575	0.126716	0.0712	0.0226472	0.000364366	0.000857747
173	0.119003	0.0504354	0.00258461	0.025601	0.052018	0.0336255	0.0114129	0.177318	0.0127874	0.042293	0.0305911	0.0406127	0.0426504	0.0131379	0.00911334	0.105615	0.0530328	0.139492	0.00213875	0.0365366
174	0.0343174	0.0251715	0.00131393	0.0110636	0.313918	0.00213237	0.0472616	0.0440148	0.0169818	0.198127	0.0505019	0.0034177	0.00750584	0.00283491	0.00470087	0.0231911	0.00763772	0.0422766	0.00919101	0.154441
175	0.079587	0.0116037	0.0231899	0.0744898	0.0186394	0.0155721	0.0242785	0.0896021	0.0543943	0.104227	0.0353109	0.0438949	0.00800446	0.0935087	0.036096	0.0956108	0.095	0.0796868	0.00106474	0.0162384
176	0.0906798	0.00898699	0.0216172	0.0503979	0.0106208	0.0573287	0.0397307	0.012538	0.13258	0.0339503	0.0105871	0.0981837	0.00145713	0.105713	0.046882	0.150143	0.0840968	0.0294632	0.000977737	0.0140663
177	0.0358169	0.0217804	0.00138753	0.00969362	0.266704	0.00261085	0.0299697	0.0636531	0.0168144	0.246993	0.0672709	0.00347981	0.00544041	0.00453967	0.00735279	0.0288429	0.0079019	0.0565898	0.00958901	0.113569
178	0.0446487	0.0870777	0.0107194	0.0484817	0.0738489	0.0177505	0.0165197	0.0601556	0.0185959	0.194718	0.126306	0.0236175	0.0123232	0.0211273	0.0171188	0.047904	0.0928591	0.0563269	0.00606389	0.0238373
179	0.0169528	0.0285042	0.00894458	0.0454774	0.00325264	0.0212402	0.0191486	0.0126052	0.338669	0.0094237	0.0120361	0.0202521	0.00204709	0.144832	0.246137	0.0281371	0.0133581	0.024394	0.000349339	0.00423931
180	0.0265825	0.00680975	0.413491	0.278534	0.0032576	0.0137613	0.00996727	0.00518511	0.0332125	0.010513	0.00508106	0.031142	0.00944789	0.0499761	0.0209131	0.0392812	0.0263909	0.0119009	0.000689018	0.00386386
181	0.155107	0.0338337	0.00546211	0.0306211	0.0033884	0.0606284	0.0364698	0.0162427	0.018631	0.018109	0.0125461	0.0765658	0.104126	0.0431078	0.010011	0.208814	0.120494	0.0403042	0.00138646	0.00415067
182	0.0450229	0.00578768	0.179423	0.31849	0.00440741	0.0284879	0.0151497	0.0101969	0.0495504	0.0149825	0.0046013	0.048559	0.0132517	0.0906508	0.0249487	0.078103	0.0486348	0.0142847	0.00108682	0.00438071
183	0.134693	0.0327057	0.0120916	0.0257799	0.00656923	0.112334	0.0334308	0.0215993	0.0215612	0.0217145	0.00910422	0.0572429	0.156125	0.0486518	0.0104394	0.180626	0.0788377	0.0278936	0.00240301	0.0061975
184	0.0347546	0.00520426	0.256666	0.362719	0.00364049	0.0218425	0.0140939	0.00485506	0.0312807	0.00935422	0.00260189	0.040456	0.0089114	0.0762029	0.0163153	0.0614617	0.0355223	0.0092002	0.000954915	0.00396279
185	0.0520529	0.00902346	0.00150074	0.00762061	0.0221291	0.00535835	0.00771947	0.209453	0.0119703	0.137812	0.0812746	0.0166666	0.0132521	0.0196193	0.00789227	0.036901	0.0388748	0.308461	0.00207705	0.0103415
186	0.009373	0.00993041	0.00532154	0.0148045	0.0097952	0.00684987	0.0150362	0.010414	0.19238	0.00736028	0.00318324	0.0151161	0.00740844	0.0365885	0.620091	0.017592	0.00742707	0.00900121	0.000526025	0.00180128
187	0.204149	0.0580151	0.00524563	0.0192829	0.0130927	0.0210179	0.00769101	0.0643671	0.0241834	0.0541332	0.0145267	0.0141629	0.0091949	0.0246928	0.0132766	0.189571	0.120611	0.132934	0.00487168	0.00498096
188	0.158119	0.0196419	0.00546188	0.0290591	0.0257463	0.0300671	0.00751126	0.172104	0.0134213	0.0459185	0.0369377	0.0275293	0.0203503	0.0212819	0.00562655	0.0871196	0.06239	0.223195	0.0012145	0.00730479
189	0.578474	0.0202183	0.000914594	0.00720975	0.0056271	0.0384004	0.00120858	0.0274429	0.00371727	0.0144941	0.00775588	0.00658973	0.005739	0.00843448	0.00376253	0.135357	0.0396403	0.0933737	0.000887435	0.000752598
190	0.197896	0.0639962	0.00103426	0.00656291	0.0200756	0.0127861	0.00490178	0.09197	0.0093418	0.0451596	0.0088614	0.00247996	0.00267049	0.00450576	0.00812394	0.129828	0.143805	0.229705	0.0112867	0.0050093
191	0.0710552	0.0078694	0.0263376	0.0750058	0.0194935	0.0329807	0.0297683	0.0639004	0.0876695	0.0863524	0.0282618	0.0564632	0.00123179	0.102959	0.0295273	0.102656	0.0963528	0.0669919	0.0012123	0.0139117
192	0.0282576	0.00718598	0.000485837	0.00148242	0.0369867	0.00198236	0.000649564	0.355257	0.0010472	0.275608	0.0311883	0.00100236	0.00161772	0.00275165	0.00208354	0.00362488	0.0118809	0.231102	0.00257243	0.00323322
