244	20
1	0.346729	0.00504229	0.00112061	0.0144354	0.0206285	0.13501	0.00116961	0.0416309	0.0201323	0.00873642	0.0199989	0.0361357	0.00550566	0.0406082	0.0185632	0.163941	0.0412977	0.0672207	0.000282744	0.0118116
2	0.351065	0.00515719	0.00100028	0.0143106	0.0203414	0.13508	0.00114806	0.0410451	0.019775	0.00829618	0.0195218	0.0361013	0.00531515	0.0399932	0.0182947	0.16412	0.0415966	0.0661498	0.000284933	0.0114038
3	0.0254128	0.00315316	0.000806615	0.00476564	0.0213976	0.00173112	0.00220919	0.258849	0.00214183	0.230821	0.0415982	0.00249462	0.00340481	0.00218354	0.000813673	0.00538036	0.0215453	0.368103	0.000598304	0.00259013
4	0.120785	0.0103761	0.00226993	0.00496267	0.059023	0.00825113	0.00355833	0.151273	0.0042613	0.236696	0.0753506	0.00638328	0.0157	0.00474912	0.00482623	0.0474785	0.0381355	0.197822	0.00115837	0.00694027
5	0.115359	0.00301126	0.0237298	0.013551	0.00222681	0.616548	0.00456704	0.00387568	0.00529038	0.00374243	0.00238039	0.0213863	0.00105155	0.00244401	0.00230708	0.137697	0.0298466	0.00795417	0.000273978	0.00275851
6	0.00428496	0.00527813	0.000410966	0.00231692	0.0216789	0.00272079	0.00380873	0.494937	0.00448032	0.145166	0.040069	0.0053535	0.000774955	0.000775802	0.000470876	0.0046232	0.0154536	0.243397	0.000375244	0.00362367
7	0.103176	0.00245065	0.00661366	0.00700107	0.0122281	0.107171	0.0152314	0.00808452	0.0245292	0.00878722	0.014562	0.0473917	0.00501427	0.0395381	0.0191043	0.317369	0.221018	0.0224561	0.000685571	0.0175879
8	0.0492858	0.00147985	0.156955	0.351982	0.0017311	0.0081722	0.0296084	0.00495927	0.0547723	0.0314915	0.0118568	0.0240743	0.00123707	0.157031	0.00939196	0.0250972	0.0435678	0.0274047	0.000361017	0.00954081
9	0.0101494	0.000655228	0.00109389	0.00958488	0.3668	0.00127286	0.063211	0.0084352	0.00427379	0.0319843	0.00343622	0.0309395	0.00145856	0.00163683	0.00667499	0.051552	0.014801	0.00405342	0.0594946	0.328492
10	0.0201678	0.0032287	0.00197189	0.0048098	0.114027	0.00683412	0.00798299	0.3032	0.00463854	0.194427	0.0632438	0.00963195	0.0070632	0.00199508	0.00107933	0.01564	0.0279882	0.195188	0.00418787	0.0126952
11	0.0185539	0.00241558	0.00567998	0.0154511	0.00524516	0.0132853	0.0144332	0.0100091	0.420444	0.0238322	0.0165511	0.016079	0.00330245	0.0697375	0.283126	0.0331849	0.0230707	0.0193168	0.000473063	0.00580883
12	0.065199	0.00105561	0.000682034	0.00957201	0.00779988	0.00101213	0.000901871	0.166326	0.00130161	0.107297	0.0427001	0.0013391	0.000843338	0.00428688	0.00231503	0.00614613	0.0394083	0.538344	0.000168118	0.00330226
13	0.356055	0.00976122	0.00159594	0.012885	0.019554	0.132995	0.00143816	0.0377749	0.0168655	0.00884488	0.0187019	0.0304752	0.00527371	0.0323548	0.0153567	0.168725	0.0480673	0.0728586	0.000337569	0.0100802
14	0.0136418	0.00350444	0.00207411	0.00187605	0.0454286	0.0025434	0.00238014	0.186551	0.00257943	0.510095	0.0535255	0.00252717	0.00803937	0.00117004	0.000968136	0.0045197	0.00663937	0.146247	0.000977999	0.00471163
15	0.00825942	0.00484541	0.000548505	0.0030977	0.0324884	0.00287656	0.00418412	0.452941	0.0044075	0.15157	0.0400957	0.00657479	0.0015445	0.00109695	0.000504161	0.0060772	0.0179065	0.254391	0.000734448	0.00585599
16	0.0877114	0.00403201	0.00602183	0.010329	0.00724458	0.0067682	0.00671271	0.183824	0.167236	0.05498	0.0096241	0.0100043	0.0326529	0.0103511	0.0327127	0.101952	0.0860253	0.171285	0.0016228	0.00890888
17	0.0982969	0.00145883	0.0703926	0.0964869	0.00621769	0.0571711	0.032347	0.0143249	0.0645901	0.0228731	0.00834379	0.0851216	0.0596932	0.0494273	0.035445	0.182486	0.0790439	0.0255625	0.0011573	0.00955999
18	0.0201077	0.00226083	0.00278607	0.0074793	0.193538	0.00501644	0.0055652	0.198695	0.00411017	0.272038	0.0645558	0.00795908	0.00871691	0.00241722	0.00145285	0.0136294	0.0158889	0.151073	0.00551355	0.0171962
19	0.0464675	0.00569516	0.346577	0.208283	0.00121987	0.0266272	0.0201876	0.0111736	0.0275708	0.0260752	0.004543	0.0459445	0.00421582	0.0625457	0.00431903	0.06374	0.0687798	0.0218807	0.000338283	0.00381572
20	0.0048242	0.00529253	0.000410163	0.00234716	0.0216456	0.00272323	0.00379675	0.493532	0.00445847	0.144926	0.0401982	0.00535533	0.000837421	0.000778398	0.000470447	0.00470232	0.015613	0.244096	0.000370414	0.00362251
21	0.0554153	0.00115951	0.000640395	0.00852214	0.00855347	0.000840456	0.000806093	0.172854	0.0011942	0.103637	0.0415279	0.0013181	0.000593396	0.00422132	0.00182489	0.00601771	0.0356399	0.552507	0.00015924	0.00256755
22	0.0446112	0.0022066	0.00345426	0.043875	0.0837009	0.00397985	0.0191758	0.11385	0.0103411	0.340408	0.0331695	0.00883083	0.00588127	0.012412	0.0118002	0.0371044	0.0491513	0.153265	0.00417194	0.0186124
23	0.0415326	0.00413896	0.208659	0.0681473	0.00639573	0.0268512	0.058149	0.0112902	0.0347412	0.0143763	0.00507925	0.264862	0.0106524	0.0273836	0.00911539	0.099745	0.0816636	0.0153211	0.000650344	0.0112461
24	0.0861793	0.000619143	0.0899848	0.145768	0.00382233	0.0416636	0.0345706	0.0149098	0.0833473	0.0322397	0.00668275	0.0707611	0.0380347	0.0580077	0.0579749	0.128837	0.0709647	0.0279192	0.000201038	0.00751165
25	0.0494839	0.00218001	0.20673	0.332997	0.00186948	0.00942346	0.0265518	0.00576806	0.0454666	0.0322179	0.0142343	0.0224006	0.00157712	0.131664	0.00351608	0.0237305	0.0495315	0.0312017	0.000314628	0.00914149
26	0.27211	0.0147558	0.00132297	0.00692822	0.00231502	0.104122	0.0020033	0.00928696	0.00306606	0.00754968	0.00602823	0.0032483	0.00222783	0.00310129	0.00177313	0.419396	0.116853	0.0137776	0.000359417	0.00977461
27	0.0066395	0.00145517	0.00110419	0.00749777	0.00250405	0.0120429	0.0126917	0.00439025	0.450766	0.00896612	0.0127425	0.00885431	0.00104948	0.0582214	0.360332	0.0262834	0.0113674	0.0109984	0.000265664	0.00182803
28	0.018477	0.00399454	0.00538235	0.0131072	0.00758381	0.011445	0.0143636	0.0137631	0.287908	0.029222	0.0171109	0.0126529	0.00225036	0.0500806	0.438362	0.0332168	0.0167073	0.0175166	0.000522514	0.00633347
29	0.0196457	0.00253871	0.00430759	0.0114427	0.00650499	0.0137909	0.0156658	0.0108192	0.436565	0.0212852	0.0179182	0.0181855	0.00655316	0.0541264	0.275738	0.0354945	0.0234277	0.0190934	0.00104269	0.00585498
30	0.019564	0.0028225	0.0687325	0.0672199	0.00923661	0.0209993	0.0167655	0.0744259	0.0354797	0.0121919	0.00910077	0.0345018	0.00531974	0.0446973	0.0203157	0.205377	0.3147	0.0264601	0.00203966	0.0100499
31	0.0965187	0.00298264	0.0208201	0.0918045	0.00574911	0.0142703	0.0181949	0.0729951	0.0236713	0.054776	0.00841275	0.0733758	0.131409	0.0800981	0.0362757	0.114116	0.0794925	0.0666033	0.00112064	0.00731328
32	0.192276	0.00415555	0.0024299	0.0048748	0.00322889	0.00477768	0.0030867	0.0368588	0.00656704	0.0454522	0.052256	0.0796352	0.0018758	0.0177784	0.00313338	0.244163	0.199277	0.0934603	0.00130631	0.0034067
33	0.222606	0.0115309	0.000951045	0.00575135	0.0281905	0.0162356	0.00111385	0.149105	0.00205574	0.10002	0.0407258	0.00312488	0.0234165	0.00333503	0.0015423	0.0646227	0.0766708	0.242712	0.000271803	0.00601772
34	0.0308847	0.00288421	0.000487047	0.00521189	0.0133213	0.00120903	0.00163637	0.283508	0.00202041	0.123762	0.0403022	0.00226252	0.000876407	0.00215203	0.000791582	0.00570249	0.0248712	0.455574	0.000215075	0.00232758
35	0.304295	0.0178968	0.00161683	0.00659351	0.00240562	0.10758	0.00172177	0.0115833	0.003045	0.00877478	0.00762579	0.00363973	0.00220052	0.00369337	0.002142	0.386152	0.101711	0.0148404	0.000310484	0.0121718
36	0.0190399	0.0019948	0.00196472	0.00462137	0.271088	0.00447188	0.00425303	0.20698	0.00311995	0.207519	0.0523368	0.0058579	0.00805028	0.00169889	0.00118506	0.0133047	0.0122277	0.141525	0.0104909	0.0282704
37	0.0354448	0.00355148	0.00808309	0.0178638	0.0152546	0.0141912	0.0184531	0.0345945	0.220276	0.0506381	0.0240914	0.0192531	0.00435745	0.0554964	0.359079	0.0517059	0.0279942	0.0287288	0.00055282	0.0103903
38	0.0567699	0.00116385	0.0024586	0.0546635	0.115146	0.00246189	0.0426882	0.0478367	0.0123005	0.308268	0.0215592	0.0112048	0.0017478	0.0206039	0.0207041	0.0677871	0.0638932	0.107325	0.00850898	0.0329091
39	0.0258086	0.00263612	0.00195918	0.00431951	0.269014	0.00363708	0.00613821	0.19884	0.00654315	0.150984	0.0340962	0.010397	0.00590688	0.00257247	0.00160459	0.0204044	0.0262258	0.127795	0.0061615	0.0949559
40	0.0856684	0.000641223	0.0297613	0.0163012	0.00196589	0.706674	0.00523902	0.00278458	0.00602123	0.00324941	0.00140786	0.025126	0.000845041	0.00177038	0.00225993	0.0900107	0.012709	0.00609461	0.000254937	0.00121512
41	0.110255	0.000623504	0.141811	0.215634	0.00111131	0.0577592	0.0173655	0.00389417	0.0698292	0.013159	0.00350276	0.0478156	0.0310388	0.0674998	0.0219314	0.129221	0.0483469	0.0155566	0.000177525	0.00346789
42	0.105249	0.000706212	0.163411	0.209736	0.00115916	0.0610488	0.0151663	0.00233663	0.0691251	0.0121455	0.0025782	0.049433	0.0363479	0.0658419	0.017157	0.128146	0.0446632	0.0125399	0.000171648	0.00303728
43	0.709506	0.00530844	0.00156738	0.00065717	0.000530952	0.04182	0.00193282	0.0102237	0.000816152	0.0184907	0.0007338	0.000952841	0.00515212	0.00414839	0.00207267	0.134124	0.0213323	0.0398755	8.71934e-05	0.000668436
44	0.150056	0.00209907	0.0293168	0.0191925	0.031889	0.0316517	0.00394036	0.0569707	0.0629189	0.0921791	0.0632304	0.0198828	0.00273285	0.04778	0.00825261	0.120347	0.00977135	0.199106	0.000723941	0.0479584
45	0.222092	0.0114959	0.00103564	0.00613454	0.0278679	0.016831	0.00117777	0.148278	0.00215138	0.100316	0.0408783	0.00317642	0.0240304	0.00337567	0.00153991	0.0650277	0.0776036	0.240265	0.000326258	0.00639596
46	0.00729843	0.00207398	0.00121015	0.00583045	0.00303525	0.00999868	0.0112858	0.00506351	0.392878	0.00995006	0.0144967	0.00887385	0.00112462	0.0493094	0.421748	0.0289442	0.0117334	0.013071	0.000287882	0.00178628
47	0.0420874	0.00137027	0.0450785	0.0291636	0.103112	0.004321	0.0677046	0.0321573	0.0888196	0.0338265	0.0112098	0.108148	0.00300494	0.0660421	0.0221259	0.149867	0.0355608	0.0348233	0.000757704	0.12082
48	0.116425	0.0113482	0.01713	0.0214139	0.0112594	0.0298259	0.0337605	0.0324653	0.0355387	0.0341356	0.0164422	0.0242393	0.323222	0.0237051	0.0156633	0.113518	0.0371365	0.0499475	0.0418423	0.0109815
49	0.0717596	0.000492208	0.10612	0.234824	0.00114207	0.0302378	0.0451325	0.00700446	0.101154	0.0126584	0.00467541	0.0490751	0.00801632	0.123581	0.0464556	0.0933498	0.0428177	0.014467	0.000252709	0.00678443
50	0.0860221	0.00033167	0.0894784	0.122404	0.00445913	0.0457057	0.0369851	0.019146	0.0807886	0.0349722	0.00813903	0.0843445	0.0248768	0.0486349	0.0578843	0.150114	0.06586	0.0305301	0.000162636	0.00916115
51	0.00871239	0.00228734	0.00126541	0.00143837	0.0301585	0.00122396	0.00121052	0.160659	0.00153362	0.614544	0.0530632	0.00112728	0.00400437	0.000838579	0.00065264	0.00226335	0.00494405	0.105225	0.000194804	0.00465324
52	0.00868964	0.00228008	0.00126178	0.00143845	0.0300885	0.0012167	0.00120433	0.160704	0.00153352	0.614728	0.0530662	0.00112436	0.00399188	0.000834253	0.000652642	0.00226416	0.00493513	0.105137	0.000196911	0.00465295
53	0.0767581	0.000595115	0.0261071	0.0136842	0.00185816	0.737445	0.00483973	0.00232372	0.00497121	0.0026595	0.00146035	0.0236497	0.000816071	0.00169171	0.00120214	0.080216	0.0121793	0.00601935	0.000283307	0.00124078
54	0.0583587	0.00240839	0.00158268	0.0117246	0.023237	0.0177603	0.0295326	0.0353999	0.217798	0.0734261	0.0320813	0.0144228	0.00339238	0.0743779	0.217923	0.0377995	0.0556039	0.061373	0.000361627	0.0314357
55	0.0428588	0.00126189	0.0101342	0.00809152	0.00780839	0.0153155	0.0223469	0.00419469	0.0405621	0.02451	0.0153342	0.0366097	0.0226906	0.0246833	0.0154458	0.402739	0.295602	0.00612997	0.000460681	0.00322052
56	0.217822	0.0099617	0.00317188	0.00739547	0.0198934	0.0113502	0.00230817	0.143726	0.00494018	0.103157	0.027784	0.00292694	0.0618333	0.00657514	0.00230875	0.0570312	0.0526689	0.259463	0.000604616	0.00507846
57	0.0515445	0.00270347	0.196732	0.313073	0.00270106	0.0161589	0.0241879	0.00953709	0.0429717	0.0308582	0.0103724	0.0311952	0.00551848	0.10337	0.0100779	0.0439045	0.0607927	0.0346065	0.00041302	0.00928054
58	0.149877	0.00209413	0.072139	0.214374	0.00371091	0.0343784	0.0210728	0.0142668	0.0538169	0.0328722	0.00998885	0.0296502	0.020642	0.106712	0.0258672	0.10969	0.061885	0.0295833	0.000664924	0.00671472
59	0.00868964	0.00228008	0.00126178	0.00143845	0.0300885	0.0012167	0.00120433	0.160704	0.00153352	0.614728	0.0530662	0.00112436	0.00399188	0.000834253	0.000652642	0.00226416	0.00493513	0.105137	0.000196911	0.00465295
60	0.0606935	0.00116062	0.000689051	0.0102119	0.00728073	0.000991912	0.00102244	0.167139	0.00136989	0.116402	0.0426883	0.0013733	0.000912098	0.00471905	0.00230464	0.00574864	0.0408442	0.531043	0.000175269	0.0032305
61	0.714723	0.00428879	0.00181404	0.000815325	0.000663437	0.0586088	0.00217835	0.00886714	0.00112081	0.0152322	0.000844798	0.00106465	0.00449378	0.0036842	0.00216423	0.12715	0.0185026	0.033036	0.000124445	0.000623547
62	0.0469569	0.00351207	0.017748	0.0185542	0.0189203	0.0124385	0.0214799	0.0451079	0.0385188	0.13544	0.20516	0.0708757	0.00563403	0.110821	0.0379758	0.118751	0.0409221	0.0336407	0.00146989	0.0160724
63	0.074037	0.001719	0.217422	0.173058	0.00176641	0.0479531	0.0215882	0.00826897	0.0633415	0.0166709	0.00345353	0.0747426	0.0217907	0.056176	0.0201671	0.121188	0.055489	0.0156823	0.000186281	0.00529975
64	0.250727	0.158516	0.00287274	0.00462296	0.00360729	0.032754	0.00335393	0.023046	0.00573151	0.0576483	0.0468098	0.00739808	0.00234153	0.00419926	0.00371993	0.0278037	0.0344704	0.280786	0.015231	0.0343602
65	0.139025	0.00666519	0.00103725	0.0068088	0.0220024	0.00787066	0.00165187	0.175454	0.00282091	0.0945017	0.0440016	0.00362747	0.0113391	0.00403187	0.00202364	0.0405649	0.0497017	0.381746	0.00033704	0.00478856
66	0.00440259	0.00526958	0.000418896	0.00259703	0.0221492	0.00286072	0.00392962	0.488758	0.00414291	0.154716	0.038407	0.00524605	0.000819223	0.000805345	0.000481033	0.00460853	0.0171307	0.239017	0.000368552	0.00387226
67	0.240037	0.0214652	0.00290136	0.00662218	0.00367022	0.0585498	0.00267948	0.0243839	0.00565581	0.0122458	0.0106564	0.0134586	0.0029628	0.00645387	0.00300855	0.238947	0.278391	0.0609052	0.000753821	0.00625241
68	0.0148064	0.00452799	0.00113723	0.00399987	0.024586	0.0029172	0.00437661	0.421089	0.00539494	0.131054	0.0392748	0.00630021	0.00146106	0.00205512	0.00115101	0.00839229	0.0221995	0.290875	0.000523259	0.0138792
69	0.0769667	0.0044723	0.0269043	0.0202482	0.00710313	0.0339563	0.0744598	0.0231665	0.0563451	0.0433745	0.0155986	0.0310947	0.314971	0.0324997	0.0248193	0.114422	0.0450149	0.033593	0.0102343	0.0107548
70	0.223763	0.0477138	0.0352988	0.0433587	0.00483786	0.0633186	0.00512522	0.0274395	0.00739993	0.0107966	0.00662916	0.0223154	0.181142	0.00648654	0.00449459	0.10923	0.0533579	0.140403	0.00251107	0.00437855
71	0.0101494	0.000655228	0.00109389	0.00958488	0.3668	0.00127286	0.063211	0.0084352	0.00427379	0.0319843	0.00343622	0.0309395	0.00145856	0.00163683	0.00667499	0.051552	0.014801	0.00405342	0.0594946	0.328492
72	0.0433489	0.000931058	0.00145152	0.00453489	0.466649	0.00200229	0.0162265	0.0331752	0.00491082	0.12254	0.0241513	0.0103545	0.00603984	0.00274422	0.00322318	0.0258388	0.0102695	0.0220198	0.0357796	0.16381
73	0.0353079	0.001596	0.0571495	0.0251818	0.00893907	0.0707931	0.0504383	0.0186399	0.0427204	0.00989992	0.00439822	0.158225	0.00713396	0.025093	0.0252375	0.183461	0.247733	0.017465	0.000662887	0.00992422
74	0.137539	0.00616068	0.0086005	0.0556105	0.00788518	0.0088538	0.0397168	0.100557	0.0150738	0.0396946	0.0118851	0.0229077	0.0952221	0.172601	0.0133312	0.0454699	0.0644309	0.143645	0.00195704	0.00885822
75	0.170005	0.00194673	0.0662691	0.0665416	0.0343352	0.0154431	0.0479835	0.0609152	0.0239845	0.0358637	0.00807562	0.0284455	0.0239311	0.0506691	0.0932503	0.151339	0.0277849	0.0678662	0.000841799	0.0245093
76	0.0492318	0.00197514	0.125859	0.321042	0.00320978	0.00973008	0.0264385	0.00855164	0.0607657	0.0280452	0.0121377	0.0217813	0.00384347	0.196963	0.0123973	0.0290864	0.0505841	0.0285209	0.000588977	0.00924904
77	0.00751319	0.00258023	0.00113082	0.00634425	0.00328056	0.0100278	0.0113933	0.00591126	0.374661	0.012385	0.0132811	0.00809596	0.00121952	0.0487722	0.440222	0.0274271	0.0114105	0.0120062	0.000283967	0.00205342
78	0.0417062	0.00290913	0.00173271	0.0294755	0.00762515	0.00989632	0.00773089	0.0255105	0.1973	0.0946873	0.0109038	0.0370957	0.00155905	0.167651	0.233015	0.042765	0.0496483	0.0208782	0.000530747	0.0173795
79	0.714892	0.00468502	0.00199377	0.00062208	0.000508276	0.0398687	0.00226905	0.00961489	0.000810916	0.0161983	0.000705974	0.000685228	0.00481032	0.00371412	0.00248902	0.141231	0.0197521	0.0343859	0.000106094	0.000657501
80	0.00911407	0.00243898	0.0012535	0.00142542	0.0300966	0.00122589	0.00121786	0.160879	0.00157113	0.607324	0.0545211	0.00116105	0.00439485	0.000834936	0.000765507	0.0026218	0.00500072	0.108904	0.000198503	0.00504993
81	0.0582942	0.000615828	0.0095277	0.0312759	0.0020827	0.00750735	0.0016078	0.132873	0.08635	0.282869	0.0647144	0.0105362	0.00114479	0.0284507	0.0532845	0.0153904	0.0342999	0.160827	0.0003241	0.0180238
82	0.0884957	0.000311307	0.0790388	0.118881	0.00363114	0.0404166	0.0406644	0.02482	0.0775883	0.0366894	0.0122494	0.0824132	0.0104038	0.0562173	0.0652055	0.155602	0.0584938	0.037204	0.000131366	0.0115429
83	0.697761	0.00544646	0.00155452	0.000989472	0.00104149	0.0426868	0.00184223	0.0110909	0.00126447	0.0185276	0.00133424	0.00158587	0.00515895	0.00482574	0.00235453	0.136463	0.0227475	0.0422734	0.000108538	0.000943014
84	0.713647	0.00521284	0.00158298	0.000618606	0.000487377	0.0398375	0.00191452	0.0101916	0.000764639	0.0191996	0.000722249	0.000714957	0.00514539	0.00408981	0.00204557	0.131868	0.0203812	0.0409785	9.45955e-05	0.000503107
85	0.0742041	0.00045391	0.107605	0.241368	0.000967709	0.0309176	0.0434016	0.00737764	0.0956886	0.0124875	0.00495498	0.0465666	0.00684041	0.123055	0.0465978	0.0932487	0.0424333	0.0145585	0.000189672	0.00708353
86	0.0087253	0.00228288	0.00126295	0.00143849	0.030128	0.00121537	0.0012054	0.160747	0.00153701	0.614521	0.0531107	0.00112813	0.00400571	0.000834495	0.00066013	0.0022721	0.00492767	0.10514	0.00019345	0.00466417
87	0.715378	0.00519557	0.00156934	0.000585399	0.000474824	0.0395595	0.00185945	0.0101577	0.000752832	0.0187165	0.00068393	0.000672482	0.00515978	0.00409416	0.00202176	0.131779	0.0202445	0.0405231	9.00133e-05	0.000481307
88	0.0486875	0.000712872	0.0317719	0.0283662	0.00142168	0.731839	0.00526096	0.00286848	0.0108674	0.00315469	0.00175429	0.0380429	0.0011489	0.00465119	0.00532711	0.0618982	0.0144117	0.00580845	0.000312716	0.00169338
89	0.0180901	0.00311105	0.00426092	0.00334536	0.0882459	0.00569395	0.0052669	0.176337	0.00478732	0.433658	0.0541171	0.00520813	0.0132027	0.00162378	0.00140542	0.00790385	0.0106475	0.152674	0.00248803	0.00793359
90	0.0385471	0.0066306	0.00856465	0.0747686	0.00514008	0.0297456	0.0490393	0.0102518	0.136461	0.0354605	0.00704311	0.318526	0.00477536	0.0714096	0.10014	0.0256526	0.0356339	0.0352705	0.00113275	0.0058066
91	0.0929411	0.0235813	0.0221071	0.0309996	0.00685	0.00647266	0.00746233	0.0957364	0.029445	0.136549	0.00967996	0.00939578	0.107178	0.036407	0.00700255	0.0448902	0.0199286	0.304665	0.00164556	0.00706291
92	0.0582344	0.00209112	0.0110913	0.0199994	0.0189486	0.00592339	0.00309801	0.140918	0.0488615	0.324886	0.0782148	0.0141213	0.00372877	0.0242931	0.0326941	0.0183354	0.0329261	0.148815	0.000499467	0.0123194
93	0.346917	0.00490921	0.00127883	0.0146149	0.0201331	0.137611	0.00132227	0.0405392	0.0194652	0.00824098	0.0192465	0.0366681	0.00531181	0.0415879	0.0186185	0.164715	0.0416225	0.0646856	0.000286183	0.0122257
94	0.0105502	0.00206729	0.00150899	0.00180962	0.0404688	0.00160301	0.00155959	0.161197	0.00203639	0.590282	0.058622	0.00192118	0.00390935	0.00126852	0.00131322	0.00412475	0.0062339	0.103568	0.000924597	0.00503138
95	0.00428496	0.00527813	0.000410966	0.00231692	0.0216789	0.00272079	0.00380873	0.494937	0.00448032	0.145166	0.040069	0.0053535	0.000774955	0.000775802	0.000470876	0.0046232	0.0154536	0.243397	0.000375244	0.00362367
96	0.0293481	0.00248445	0.134855	0.0331463	0.00737406	0.0368165	0.110961	0.00709085	0.023755	0.0111409	0.00320234	0.33533	0.0180277	0.0160762	0.00576208	0.146765	0.0497663	0.013475	0.000841716	0.0137812
97	0.050618	0.00473693	0.342428	0.188646	0.00129116	0.0318886	0.0195882	0.0106645	0.0327575	0.0211504	0.00298683	0.0514174	0.00838714	0.0522127	0.00701651	0.0803955	0.0725039	0.0177732	0.000382081	0.00315534
98	0.0559241	0.00409877	0.0317801	0.0154487	0.00805628	0.100205	0.106635	0.0145561	0.0192607	0.0427444	0.00901576	0.268671	0.037057	0.0124965	0.0127417	0.0942168	0.060089	0.06975	0.00138509	0.0358683
99	0.196197	0.00606397	0.0022488	0.00650431	0.0044354	0.00464331	0.00291551	0.0438775	0.00656409	0.0512265	0.0542246	0.0671605	0.00222264	0.0136761	0.00272881	0.238662	0.190397	0.101612	0.00153404	0.00310613
100	0.600598	0.00977207	0.00157608	0.00203269	0.000824031	0.0605169	0.00173091	0.00996014	0.00100128	0.0146275	0.00230022	0.00111181	0.00422205	0.0034002	0.00192911	0.203633	0.0461565	0.03114	0.00017162	0.00329642
101	0.258749	0.0156721	0.00154663	0.00573537	0.0309867	0.0140439	0.00207678	0.125213	0.00295025	0.0762572	0.0310276	0.00575899	0.0184148	0.00395113	0.00206863	0.0636752	0.0806583	0.254577	0.000549404	0.00608783
102	0.270074	0.00239958	0.0177189	0.0109722	0.00426523	0.498242	0.00358467	0.00804454	0.00624072	0.00572443	0.00354137	0.0212547	0.00201245	0.00649898	0.00366807	0.0948021	0.0166139	0.0215256	0.000267994	0.00254918
103	0.00663977	0.00498886	0.000653772	0.00232619	0.0228998	0.00242373	0.00309925	0.391412	0.00332574	0.262192	0.041272	0.00401459	0.00313962	0.000879598	0.000579939	0.0053549	0.0135001	0.227314	0.000380581	0.00360324
104	0.0343764	0.00131477	0.147426	0.0962729	0.0220661	0.0208797	0.0683761	0.0126941	0.0662898	0.0152818	0.00449052	0.202162	0.00662566	0.0620361	0.0150871	0.137763	0.0376947	0.0131363	0.000483532	0.0355434
105	0.0101517	0.000655227	0.00109389	0.00958957	0.366597	0.00126724	0.0631585	0.00847749	0.0042927	0.0320495	0.00344228	0.0309486	0.00145506	0.00163692	0.00664437	0.0515278	0.0148053	0.00412139	0.0593767	0.328709
106	0.657844	0.0138201	0.00202557	0.00214495	0.00248504	0.046343	0.00185398	0.0145218	0.00197265	0.0211767	0.00363153	0.00295887	0.00562129	0.00515479	0.00272043	0.123537	0.0261289	0.0632392	0.000475505	0.00234466
107	0.0363562	0.00577664	0.00232064	0.00451849	0.08935	0.00364809	0.0258584	0.199723	0.0192022	0.103078	0.0619926	0.0312148	0.00381305	0.00418488	0.00292641	0.0246435	0.0654631	0.219571	0.000900171	0.0954585
108	0.00912452	0.00452505	0.00120915	0.00178287	0.0281975	0.00178145	0.0018468	0.238529	0.00214867	0.463596	0.0520191	0.00200039	0.00569561	0.000737473	0.000570586	0.00330979	0.00758084	0.171262	0.000358458	0.00372502
109	0.0182097	0.00198828	0.00188522	0.00470668	0.266186	0.00412206	0.00463087	0.231166	0.00399674	0.181364	0.04311	0.00672949	0.0068413	0.00192312	0.00118386	0.0139324	0.0143363	0.1479	0.00672366	0.039064
110	0.0308231	0.000943847	0.00158922	0.00358375	0.406996	0.00203506	0.00744082	0.0642936	0.00418225	0.117533	0.0196725	0.00602602	0.00565944	0.00290162	0.0022793	0.0160753	0.0116336	0.0495224	0.0150228	0.231786
111	0.0417408	0.00414271	0.33853	0.183442	0.00160999	0.026374	0.0210256	0.0111238	0.0340629	0.0216161	0.00392335	0.0699991	0.00628862	0.05765	0.00673223	0.0710342	0.0757777	0.0191813	0.000383409	0.00536239
112	0.155206	0.00866116	0.00351398	0.00707443	0.0476011	0.0119784	0.00396303	0.16381	0.00819628	0.117928	0.0652437	0.00802421	0.0142552	0.0126375	0.00348674	0.0625531	0.0484102	0.246712	0.000653472	0.0100913
113	0.0669387	0.000574302	0.0259071	0.0153431	0.00150821	0.750974	0.00509389	0.00240243	0.00578216	0.00267948	0.00170404	0.0243985	0.00083074	0.00198471	0.00174976	0.0726439	0.0121415	0.00575407	0.000249255	0.00134033
114	0.692369	0.00506092	0.00300764	0.000880994	0.000724353	0.0419972	0.00314783	0.00897456	0.00105525	0.0142957	0.00122257	0.0008672	0.0047063	0.00342197	0.00236024	0.162163	0.0229536	0.0291949	0.000140722	0.00145593
115	0.057572	0.00184303	0.00418303	0.00476329	0.00664643	0.204646	0.00879833	0.00710108	0.0257591	0.00821555	0.0346821	0.0315827	0.0044827	0.031302	0.0383811	0.232131	0.1986	0.0440625	0.000957749	0.0542912
116	0.0738057	0.00159705	0.0103161	0.00906086	0.0235098	0.0522996	0.0349141	0.0055066	0.0416439	0.0114278	0.00772264	0.0624456	0.00807601	0.0201492	0.0198015	0.416214	0.181228	0.00965041	0.000581247	0.01005
117	0.217635	0.0111316	0.0011638	0.00560974	0.0268077	0.0148486	0.00133633	0.150462	0.00249173	0.102044	0.0386889	0.00334855	0.0227353	0.00345339	0.0017762	0.0628052	0.0806933	0.246567	0.000303278	0.00609848
118	0.0266622	0.00103491	0.0694951	0.0499558	0.0117204	0.038353	0.0306315	0.0432919	0.0724934	0.0125667	0.00393391	0.0593038	0.00864078	0.0562761	0.0483324	0.158854	0.244919	0.0393781	0.000354667	0.0238022
119	0.386179	0.037995	0.00378144	0.00660829	0.0126649	0.0219193	0.00254248	0.0556594	0.00422179	0.0341675	0.0153113	0.0120551	0.0105086	0.00453206	0.00280033	0.0908548	0.0870505	0.20411	0.00122004	0.00581786
120	0.22618	0.0122181	0.00215143	0.00601892	0.00451139	0.0952725	0.00543437	0.00808829	0.00690311	0.00778648	0.0057879	0.0100537	0.00288381	0.00566395	0.00411717	0.434361	0.141206	0.0121838	0.000381192	0.00879703
121	0.03778	0.00237715	0.000633889	0.00661507	0.010886	0.0011836	0.00137327	0.222476	0.0016452	0.171471	0.0409529	0.00181715	0.00251423	0.00309128	0.00148906	0.0051455	0.027452	0.458362	0.00010846	0.00262597
122	0.0946776	0.00357005	0.000747568	0.00685991	0.0160612	0.00392279	0.000776958	0.173633	0.00130871	0.0982847	0.0431961	0.00176915	0.00497888	0.00366433	0.00155118	0.0192843	0.0396996	0.483061	0.000166894	0.00278568
123	0.107086	0.000345454	0.0972419	0.205281	0.00138403	0.0506958	0.0277988	0.00928085	0.0789324	0.0205354	0.00636799	0.049167	0.0191507	0.0795756	0.0453577	0.123647	0.0516239	0.0193399	0.000149011	0.00703854
124	0.0822232	0.000502963	0.0980745	0.234956	0.00119455	0.0296495	0.0388989	0.00804966	0.0924874	0.0149616	0.00550184	0.0367258	0.00853288	0.124562	0.0481288	0.0974897	0.0536813	0.0182492	0.000265458	0.00586511
125	0.0444681	0.00188018	0.000573611	0.00679011	0.0108867	0.000914895	0.00104681	0.214004	0.00140238	0.1103	0.0414724	0.00162942	0.000714825	0.00311106	0.00122847	0.00578473	0.0314621	0.520044	0.000181515	0.0021047
126	0.0569883	0.00064484	0.00956386	0.0315629	0.00216204	0.00802925	0.00166661	0.132848	0.0867295	0.280642	0.0642479	0.0105931	0.00121018	0.028617	0.05359	0.0161463	0.0339432	0.162143	0.000354491	0.0183176
127	0.0913677	0.000642293	0.0295492	0.0156258	0.00242541	0.693923	0.0051372	0.00282198	0.00598196	0.00340387	0.00146413	0.0269539	0.000858068	0.00176604	0.00228921	0.0951067	0.0124672	0.00663524	0.000256857	0.00132457
128	0.0536968	0.0239497	0.00315281	0.0053271	0.0665506	0.00451976	0.0104832	0.202661	0.029012	0.0800411	0.0244161	0.0317886	0.00355995	0.00545979	0.00436603	0.065967	0.114997	0.168762	0.000808156	0.100481
129	0.103556	0.000361713	0.0878033	0.133243	0.00302903	0.0777584	0.0325685	0.0216104	0.069847	0.0295848	0.00937869	0.066509	0.0145096	0.0510727	0.054083	0.154504	0.0530938	0.0288951	0.000151009	0.00844163
130	0.0101494	0.000655228	0.00109389	0.00958488	0.3668	0.00127286	0.063211	0.0084352	0.00427379	0.0319843	0.00343622	0.0309395	0.00145856	0.00163683	0.00667499	0.051552	0.014801	0.00405342	0.0594946	0.328492
131	0.0509642	0.000460755	0.0711894	0.074701	0.0088936	0.0489777	0.0385088	0.0305203	0.0695538	0.0237068	0.00566922	0.098673	0.00862065	0.0430134	0.0444355	0.164283	0.173272	0.0314706	0.000259204	0.0128271
132	0.0296037	0.00323389	0.003473	0.00539427	0.126902	0.00586717	0.00774744	0.195727	0.00486191	0.293937	0.0622756	0.0113996	0.0118508	0.00278248	0.00179529	0.0167486	0.0201823	0.178037	0.00374249	0.0144376
133	0.100301	0.000869174	0.0269551	0.0148119	0.00353924	0.65779	0.0052942	0.00412228	0.00693957	0.00343217	0.00228184	0.0281667	0.00106316	0.00361872	0.00316864	0.107415	0.0180979	0.00944341	0.000261278	0.0024282
134	0.147187	0.00542122	0.0149134	0.0106344	0.00385666	0.472463	0.00517135	0.006331	0.00642698	0.00497858	0.00493118	0.0186723	0.00165521	0.00583417	0.00442529	0.209086	0.0600997	0.0116172	0.000309905	0.00598524
135	0.0483561	0.00129604	0.0467187	0.0270373	0.0945724	0.00251868	0.0626465	0.0454478	0.0742557	0.0793969	0.0224138	0.106058	0.00184952	0.0783742	0.0241104	0.12785	0.0230309	0.0378995	0.001684	0.0944843
136	0.025783	0.00234003	0.246768	0.101311	0.00555604	0.0321924	0.0210169	0.0286889	0.0495236	0.0129558	0.00225651	0.0742206	0.00551986	0.0482523	0.02237	0.110329	0.183192	0.0195934	0.000336032	0.00779496
137	0.0420969	0.00149268	0.0184256	0.00617328	0.028262	0.00333865	0.0320091	0.0779929	0.0482277	0.241489	0.131838	0.0565939	0.00187653	0.107082	0.0580522	0.0603594	0.0340333	0.0276235	0.00174864	0.0212844
138	0.0581958	0.000612697	0.0101076	0.0312025	0.00254264	0.00754037	0.00177903	0.131967	0.0868535	0.278226	0.063779	0.0111306	0.00133028	0.0288637	0.0531939	0.0167311	0.0352263	0.162744	0.000359615	0.0176141
139	0.00615101	0.00471396	0.000590879	0.00208703	0.0229552	0.00244621	0.00300863	0.406014	0.00351901	0.25052	0.0446502	0.00392068	0.00238404	0.000826446	0.000499827	0.00438774	0.0132103	0.22409	0.000392081	0.00363238
140	0.213042	0.00258608	0.00972236	0.0114455	0.0315897	0.0749481	0.00611772	0.0659015	0.0441379	0.0286085	0.0393578	0.0177685	0.0050744	0.0942126	0.0417715	0.0720952	0.0221719	0.179444	0.000997468	0.0390072
141	0.107403	0.00203398	0.0433788	0.0164002	0.00393684	0.0585238	0.0873521	0.0256488	0.0702402	0.0697549	0.0196483	0.0157595	0.229083	0.0444453	0.0405868	0.097608	0.0319685	0.0277817	0.00312781	0.00531833
142	0.00573691	0.00131222	0.00107715	0.00664121	0.00226015	0.0115539	0.0124617	0.00382254	0.45253	0.00674047	0.0127821	0.00857076	0.00103483	0.0554767	0.368982	0.0261005	0.0108113	0.0104098	0.00025868	0.0014367
143	0.712272	0.00516093	0.00158166	0.00075376	0.000623232	0.0401239	0.00186895	0.0106596	0.000922899	0.0185144	0.0009591	0.001033	0.00515585	0.00441001	0.00219311	0.132535	0.0203103	0.0402725	9.50315e-05	0.000554589
144	0.0599749	0.000707709	0.00936167	0.0290323	0.00396142	0.00692408	0.00183309	0.12995	0.0804193	0.287379	0.074671	0.0105967	0.001351	0.0281703	0.0512269	0.0165254	0.0333219	0.156074	0.00031591	0.0182035
145	0.347696	0.0050778	0.00100258	0.0145282	0.0205309	0.135865	0.00117583	0.0413411	0.0198936	0.00822491	0.0196514	0.0363933	0.00534057	0.0405225	0.0184975	0.164637	0.0417483	0.0660562	0.000284929	0.0115325
146	0.00830801	0.001429	0.0011131	0.00704012	0.00323417	0.0113489	0.0126804	0.00525174	0.44133	0.0114277	0.0139015	0.00967997	0.00103232	0.0579976	0.360813	0.0260977	0.0130481	0.0118416	0.000246243	0.0021784
147	0.00938163	0.00233068	0.00144362	0.00178063	0.0379494	0.00151038	0.00151748	0.163686	0.00175748	0.594261	0.0534014	0.00157617	0.00455853	0.000914109	0.000700936	0.0029241	0.00580278	0.108824	0.000507883	0.00517168
148	0.0604184	0.00106671	0.00525616	0.0463717	0.113623	0.00251286	0.0483553	0.0491404	0.0192191	0.280368	0.0249857	0.0181651	0.00165986	0.0293954	0.0238769	0.0682334	0.0588297	0.0935926	0.0111401	0.0437898
149	0.0580355	0.00302508	0.00165113	0.0236399	0.0164841	0.0119784	0.013554	0.0313483	0.228806	0.0918661	0.0229278	0.0225066	0.00123297	0.126163	0.228813	0.0330382	0.0362144	0.033311	0.000433968	0.0149704
150	0.11926	0.000867631	0.114894	0.278352	0.00149892	0.0327551	0.0216251	0.00492189	0.0580058	0.0223931	0.00729395	0.0249335	0.0143294	0.1151	0.0197897	0.0858553	0.0508288	0.0218047	0.000275712	0.00521585
151	0.715171	0.00520916	0.00161599	0.000579395	0.000485102	0.0394687	0.00187966	0.0101365	0.00077136	0.018705	0.000695057	0.000708117	0.00512629	0.00406429	0.00203379	0.132012	0.0202416	0.0405061	8.96196e-05	0.000501063
152	0.0850852	0.000308717	0.0746531	0.109572	0.00386276	0.0447227	0.0381033	0.0256999	0.0770569	0.0389821	0.0119356	0.0933731	0.012326	0.0449566	0.0672448	0.160809	0.0629091	0.037214	0.000131632	0.0110527
153	0.00717954	0.00164871	0.00114473	0.00633858	0.00287938	0.0110847	0.0122261	0.00411626	0.461014	0.00943082	0.0164382	0.0130907	0.00110122	0.0522474	0.346374	0.026388	0.013264	0.0121595	0.000314949	0.00155837
154	0.156794	0.00388174	0.00266196	0.00981949	0.01042	0.0052529	0.00214716	0.105737	0.0102776	0.197147	0.0442851	0.00383177	0.00601422	0.00670041	0.0168961	0.0207198	0.0487275	0.332837	0.000618109	0.0152313
155	0.0407804	0.00441594	0.00706967	0.0162939	0.0196509	0.0138127	0.0192375	0.0314636	0.274703	0.090231	0.0553807	0.0432622	0.00250474	0.0623684	0.195849	0.0400469	0.0331004	0.0365102	0.000780889	0.0125369
156	0.0393834	0.002853	0.00432141	0.0549514	0.00597992	0.00610394	0.172595	0.145092	0.046034	0.0620961	0.0507548	0.0344424	0.00541102	0.127471	0.00576194	0.0178289	0.150264	0.060884	0.00140942	0.00636118
157	0.00428496	0.00527813	0.000410966	0.00231692	0.0216789	0.00272079	0.00380873	0.494937	0.00448032	0.145166	0.040069	0.0053535	0.000774955	0.000775802	0.000470876	0.0046232	0.0154536	0.243397	0.000375244	0.00362367
158	0.0137326	0.00292034	0.00179564	0.00231611	0.0335862	0.00201443	0.0019464	0.180812	0.002453	0.551851	0.0507458	0.00243044	0.00587998	0.00154046	0.00104707	0.0043568	0.0080077	0.126899	0.000556048	0.00510911
159	0.195657	0.0394856	0.00722833	0.012923	0.0112904	0.0717177	0.0104051	0.0266228	0.0162364	0.0213787	0.013887	0.0237261	0.00949349	0.0125256	0.00879576	0.374622	0.0957188	0.0331287	0.00168408	0.0134732
160	0.243804	0.045029	0.00619812	0.00933852	0.0178804	0.0214578	0.00576808	0.0716606	0.0141101	0.0669076	0.0332482	0.0124064	0.0102807	0.0144981	0.00807944	0.0502013	0.0487294	0.277948	0.00404	0.0384142
161	0.0568064	0.0568142	0.0355738	0.0391962	0.014353	0.0237142	0.0325083	0.0302193	0.10938	0.0419049	0.0201717	0.274725	0.0122711	0.0339947	0.0435185	0.063741	0.0472507	0.0451325	0.00230451	0.0164199
162	0.125913	0.00228693	0.0183478	0.0215017	0.0185797	0.00493329	0.0042048	0.00839025	0.110573	0.00906384	0.0193408	0.0349982	0.00270849	0.0916136	0.0043809	0.157654	0.232342	0.128022	0.000986649	0.00415957
163	0.0254876	0.00171161	0.00350702	0.0175547	0.00307015	0.00747178	0.0609896	0.00662925	0.172822	0.0399408	0.0180436	0.0071087	0.0666492	0.0761924	0.0516094	0.200037	0.188186	0.0377126	0.000796953	0.0144797
164	0.0044059	0.00528151	0.000411368	0.00232069	0.0218495	0.00270759	0.00381169	0.494342	0.00446854	0.145177	0.0402965	0.00536757	0.00077724	0.00080054	0.000468012	0.00471888	0.0154314	0.243368	0.000375244	0.00362136
165	0.0355916	0.00148708	0.00837929	0.014074	0.0053421	0.0117987	0.0195832	0.00620194	0.03725	0.0160125	0.0164419	0.0421287	0.0125213	0.0308514	0.0101185	0.319398	0.401267	0.00757038	0.00063898	0.00334299
166	0.0355289	0.0178233	0.00254817	0.0134767	0.0151031	0.0128196	0.0146386	0.0235369	0.233917	0.0844718	0.0232834	0.0183491	0.00253942	0.0627361	0.345204	0.031463	0.0247009	0.0263841	0.00084823	0.0106285
167	0.141219	0.000632788	0.109487	0.235315	0.0010146	0.0499509	0.0178223	0.00389759	0.061193	0.0132926	0.00648422	0.0275118	0.0268854	0.0893846	0.0198894	0.119764	0.0502077	0.0225675	0.00019471	0.00328574
168	0.0480403	0.00165742	0.181721	0.340844	0.00156425	0.00810807	0.0276014	0.00487962	0.0564466	0.031838	0.0137633	0.0227933	0.00112061	0.143348	0.00711362	0.0225382	0.0460864	0.0301532	0.000279916	0.0101032
169	0.0248175	0.000847729	0.00119818	0.00347158	0.439647	0.00187	0.00220682	0.0880724	0.00255044	0.228103	0.0362192	0.00295935	0.00664635	0.00198049	0.00142221	0.0113139	0.00547988	0.0538239	0.0134497	0.0739201
170	0.0564394	0.0024613	0.143333	0.237644	0.00888029	0.0206555	0.0294533	0.0176894	0.0508732	0.0463563	0.0121289	0.0588169	0.00658403	0.0801253	0.024505	0.0750056	0.0638776	0.0419321	0.000516111	0.0227219
171	0.0961391	0.000333485	0.113928	0.24685	0.000831831	0.0414708	0.0289939	0.00547625	0.0832103	0.0141513	0.00471434	0.0393288	0.0161626	0.101195	0.0377972	0.102487	0.0474324	0.0142763	0.000127281	0.00509431
172	0.0663085	0.00206811	0.00395485	0.00315652	0.0365743	0.00245177	0.00340974	0.0741084	0.015471	0.469124	0.140707	0.00760968	0.00895118	0.00735509	0.0287838	0.0447382	0.0163163	0.0562625	0.000494633	0.0121554
173	0.172438	0.0706067	0.0030227	0.0120445	0.0557739	0.00687682	0.00442743	0.156438	0.0111277	0.080719	0.0397328	0.0427357	0.00520121	0.00618176	0.00384514	0.165353	0.0470982	0.106735	0.00102394	0.00861949
174	0.178294	0.000826524	0.0601384	0.220409	0.00163821	0.0601479	0.0153626	0.0037076	0.0759065	0.0103581	0.00431715	0.0197911	0.0391676	0.0753313	0.023314	0.136373	0.0466715	0.0249374	0.00033421	0.00297369
175	0.105236	0.00070587	0.164009	0.21056	0.00114755	0.0609659	0.0151833	0.00221097	0.0693437	0.0119553	0.00248727	0.0491892	0.0362929	0.0657847	0.0168904	0.127904	0.0445016	0.0124507	0.000171378	0.00301039
176	0.105068	0.000708464	0.164821	0.210486	0.00115101	0.060889	0.015015	0.00225949	0.0691788	0.0119581	0.00248538	0.0491113	0.0362807	0.065711	0.0167343	0.127809	0.0446615	0.0125191	0.00017373	0.0029794
177	0.0433413	0.00527428	0.352847	0.210278	0.00116203	0.024627	0.0205313	0.0120805	0.0265363	0.0277298	0.00482233	0.0453183	0.00264763	0.0665622	0.00342256	0.0582745	0.0662721	0.0238337	0.000339472	0.00409976
178	0.00462063	0.00537537	0.000424421	0.00245088	0.0216262	0.00298089	0.00376992	0.483741	0.00410761	0.157509	0.0382642	0.00527444	0.00104861	0.000783408	0.00046739	0.00462977	0.016187	0.242689	0.000387641	0.00366278
179	0.033942	0.00200884	0.216914	0.127688	0.00443565	0.0293081	0.0506318	0.00665152	0.0585131	0.00940522	0.00201556	0.200922	0.00956324	0.0480145	0.0084396	0.117294	0.0502682	0.00745132	0.000347762	0.0161847
180	0.100206	0.000330469	0.0726298	0.111696	0.0052097	0.040299	0.0405855	0.0304149	0.068024	0.0384887	0.0126991	0.0769158	0.011519	0.0534993	0.0652173	0.16041	0.0591395	0.0398781	0.000200522	0.0126375
181	0.0143123	0.0050052	0.000396444	0.00312264	0.0199858	0.00201249	0.00280629	0.396775	0.00312731	0.136741	0.0382031	0.00398305	0.000800704	0.00106813	0.000476261	0.00519772	0.0198546	0.342855	0.000397255	0.0028802
182	0.0455486	0.00220127	0.00364893	0.0407862	0.00830482	0.0040392	0.00518444	0.196782	0.0175666	0.133656	0.0476913	0.00651442	0.0044332	0.0307653	0.0107865	0.0121711	0.0428261	0.37924	0.000691831	0.00716298
183	0.00871785	0.00236415	0.00126171	0.00147539	0.0300395	0.00122625	0.001232	0.161298	0.00153334	0.612394	0.0528677	0.00113185	0.00405516	0.00083408	0.000658914	0.00229265	0.00510935	0.106686	0.000210138	0.00461185
184	0.0409201	0.00429859	0.00355499	0.00601252	0.134632	0.00580489	0.0164187	0.209928	0.00843298	0.182416	0.0815422	0.0204404	0.00729735	0.00503603	0.00297627	0.0270721	0.0385134	0.174141	0.00360829	0.0269546
185	0.0651509	0.000711154	0.0265145	0.0159886	0.0016119	0.749221	0.00546062	0.00260144	0.00611949	0.00271847	0.00158699	0.024902	0.000895082	0.00231046	0.00193416	0.0719565	0.0129173	0.00563171	0.000281518	0.00148616
186	0.0744292	0.000604882	0.0255767	0.0134811	0.00183892	0.743004	0.00486238	0.00236943	0.00484021	0.00263524	0.00151213	0.0232227	0.000818148	0.00172121	0.0012214	0.0780986	0.0121444	0.00606782	0.000279644	0.00127227
187	0.32301	0.00462674	0.00514768	0.0132744	0.0188725	0.195582	0.00198671	0.0329329	0.0162224	0.00787105	0.0158352	0.0400244	0.00430597	0.0312231	0.0149214	0.172624	0.035964	0.0557696	0.000368056	0.00943763
188	0.0299932	0.00326075	0.00730082	0.0107705	0.00593073	0.00671997	0.0058646	0.114816	0.00986256	0.0153147	0.0604325	0.012321	0.00538272	0.010479	0.00700498	0.322763	0.234752	0.105351	0.0250744	0.00660441
189	0.0378147	0.00537019	0.00601452	0.0159314	0.0215806	0.011704	0.0189446	0.0348309	0.178554	0.0907136	0.0339833	0.0184741	0.00246974	0.0554925	0.36204	0.0339113	0.0249397	0.0331737	0.00070005	0.0133578
190	0.0370004	0.00259742	0.0013754	0.00701118	0.0155899	0.0021813	0.00247253	0.246077	0.00387544	0.0917665	0.0649574	0.00379467	0.00199613	0.00464458	0.00209316	0.0172701	0.044243	0.446057	0.00092004	0.00407692
191	0.0818944	0.00543295	0.0289956	0.0282647	0.00853775	0.0323624	0.0483602	0.028682	0.0776843	0.0435621	0.0156322	0.023525	0.335445	0.0313721	0.0255364	0.0899367	0.0352721	0.0388839	0.01125	0.00937071
