204	20
1	0.0324213	0.00924781	0.000236471	0.000474557	0.0726922	0.00309574	0.000422092	0.260156	0.00208102	0.213679	0.0272649	0.00356463	0.0100507	0.00122159	0.00714768	0.00534471	0.0189069	0.31308	0.00408477	0.0148273
2	0.016213	0.0178247	0.140179	0.00417212	0.00390402	0.0220029	0.00182569	0.00442003	0.0141661	0.00644537	0.00343323	0.670413	0.0134646	0.0126018	0.0027331	0.0453705	0.00877938	0.00569128	0.00156987	0.00479009
3	0.0124264	0.0121216	0.000574641	0.000997691	0.0399382	0.00280874	0.000761315	0.246316	0.00430854	0.431927	0.048247	0.00155674	0.00653506	0.00300479	0.00337633	0.0101032	0.0328083	0.137247	0.00306947	0.00187183
4	0.0416793	0.00676296	0.148544	0.2364	0.00260425	0.017073	0.0158735	0.00796679	0.111788	0.021944	0.0103141	0.0435828	0.00266367	0.107281	0.0634846	0.0774514	0.0539532	0.0227813	0.00323977	0.00461277
5	0.0413053	0.00955571	0.0974894	0.200326	0.00170515	0.0191909	0.0215129	0.00763182	0.147416	0.0222838	0.0132387	0.0403021	0.000802365	0.128496	0.0863272	0.0679326	0.0583173	0.0277301	0.00345569	0.00498049
6	0.116989	0.0253704	0.0116819	0.0163315	0.0106148	0.0143046	0.0131285	0.0102269	0.0230921	0.0190113	0.0101549	0.021784	0.136993	0.0328915	0.00871559	0.435644	0.0477629	0.0324956	0.00355646	0.00925143
7	0.0514045	0.00604476	0.00126126	0.00655719	0.00760616	0.00592158	0.0122655	0.0234435	0.267448	0.0704668	0.0190331	0.0128063	0.0185721	0.0787689	0.288397	0.0135604	0.0246483	0.0534124	0.00410222	0.0342801
8	0.00917663	0.022007	0.000551397	0.000966129	0.277667	0.00596077	0.0114744	0.0227417	0.00163319	0.0230329	0.00162083	0.00172522	0.00116206	0.00696108	0.0256142	0.0184732	0.0261645	0.0243608	0.0189167	0.49979
9	0.0506407	0.00217117	0.276051	0.296496	0.0038176	0.0122972	0.00595477	0.00941263	0.052843	0.0177529	0.00755172	0.0510502	0.00203714	0.0766041	0.0218403	0.0644751	0.0324491	0.00998511	0.00312607	0.00344442
10	0.0316688	0.0101066	0.00300482	0.0044216	0.0543512	0.017268	0.00409194	0.0562064	0.0127675	0.449494	0.141989	0.00786353	0.0163224	0.0630976	0.0168736	0.0198462	0.0354343	0.0412803	0.00514894	0.00876312
11	0.0258911	0.0165523	0.0550128	0.044465	0.00529045	0.125919	0.00267328	0.00694075	0.0211488	0.0092797	0.00433856	0.160312	0.00356777	0.00484911	0.0803069	0.35257	0.0647362	0.0106338	0.00188246	0.00363062
12	0.0256034	0.00874481	0.0413086	0.021692	0.0327649	0.00804859	0.0552322	0.0144724	0.0718628	0.0133621	0.00817915	0.038684	0.0118163	0.0720123	0.0427353	0.0971892	0.343473	0.0562966	0.00255666	0.0339656
13	0.00973326	0.0220949	0.000671875	0.00102784	0.282732	0.00646131	0.0116395	0.0243397	0.00168652	0.0221587	0.00174475	0.00174225	0.00121713	0.0078417	0.0256704	0.0179973	0.0258805	0.0256167	0.0178704	0.491874
14	0.0370079	0.00405757	0.000822525	0.0473913	0.0320594	0.0315091	0.00129623	0.11292	0.0165857	0.157521	0.0851303	0.00352554	0.00197651	0.0325495	0.0124918	0.0456528	0.107413	0.170525	0.0626713	0.0368927
15	0.0862316	0.0254514	0.0197614	0.0126487	0.0251967	0.232008	0.0101187	0.0267485	0.021759	0.0358906	0.0173396	0.145095	0.0823444	0.0215709	0.0190068	0.0985149	0.0562866	0.038641	0.00586665	0.0195194
16	0.0421163	0.0108978	0.00292418	0.0170399	0.00805585	0.00330007	0.0248557	0.0101046	0.251327	0.0195561	0.0098852	0.04016	0.0149391	0.0642397	0.389049	0.0224105	0.0313024	0.011506	0.00435042	0.0219797
17	0.126414	0.0124243	0.00185313	0.00371606	0.150607	0.014452	0.00229518	0.0669848	0.00832331	0.229679	0.0169172	0.00901006	0.00821567	0.00631261	0.00490605	0.0243815	0.0558181	0.20643	0.0330565	0.0182041
18	0.0195505	0.0113482	0.000390902	0.0148187	0.0152305	0.00189041	0.0099236	0.00916745	0.406013	0.0195561	0.0166987	0.0498837	0.00968093	0.0825818	0.253576	0.026226	0.03631	0.0109745	0.00126446	0.00491472
19	0.0117995	0.0220551	0.000790851	0.00133902	0.221317	0.00800546	0.0293646	0.0322776	0.00252932	0.0214131	0.00618488	0.00669344	0.00186064	0.00608229	0.0391909	0.0153228	0.0296673	0.045452	0.0135333	0.485121
20	0.00934684	0.0219643	0.000582028	0.000996282	0.275889	0.00595442	0.0117469	0.0225613	0.00176407	0.0250406	0.00188301	0.00184524	0.00133803	0.00720673	0.0261421	0.0189002	0.0259609	0.0248909	0.0214512	0.494536
21	0.0319659	0.021712	0.000812924	0.000974503	0.274723	0.00228439	0.00093192	0.0555048	0.00835108	0.401822	0.0909798	0.00178492	0.002374	0.00340001	0.00847271	0.0235099	0.0155076	0.013803	0.000960443	0.0401255
22	0.184139	0.00328001	0.00839909	0.0440073	0.0196372	0.0340673	0.0183467	0.042247	0.0297917	0.0542358	0.074071	0.0862196	0.00326844	0.11805	0.0232766	0.120625	0.0805929	0.036734	0.0108483	0.00816297
23	0.054283	0.0205409	0.00055001	0.00133755	0.0305955	0.00664764	0.00209293	0.220567	0.00537901	0.114186	0.0803178	0.00323067	0.00380271	0.00320404	0.0112517	0.037235	0.0895991	0.307127	0.00460604	0.00344624
24	0.187307	0.0148394	0.00385205	0.0062383	0.0174866	0.0374272	0.00442872	0.108791	0.0119758	0.0516007	0.0896956	0.0132441	0.0686131	0.015952	0.00841332	0.0932411	0.195732	0.0586451	0.00588323	0.00663311
25	0.0163192	0.0188005	0.125587	0.00457841	0.00366515	0.0234947	0.00180545	0.00434981	0.0129814	0.00639762	0.00319316	0.685015	0.0128394	0.0115137	0.00282361	0.0457546	0.00852732	0.00576071	0.00153272	0.00506057
26	0.0458814	0.126502	0.00305468	0.0056556	0.106195	0.034172	0.00513484	0.0190418	0.0145331	0.0334828	0.0841289	0.00955355	0.297615	0.0112198	0.0103454	0.0782489	0.0267904	0.0266483	0.051647	0.0101496
27	0.0367557	0.0107773	0.00205741	0.0033571	0.098567	0.00860225	0.0028464	0.0208973	0.024877	0.380299	0.202314	0.00540499	0.0286536	0.0187212	0.0526121	0.0168521	0.0584931	0.0152481	0.00382961	0.00883439
28	0.0244502	0.00743868	0.00396889	0.0060772	0.0130286	0.0469089	0.0842483	0.0448918	0.0989638	0.178355	0.0108817	0.183014	0.00705246	0.0109301	0.0100595	0.056706	0.182021	0.0186037	0.00546917	0.00693046
29	0.0393463	0.0102453	0.094079	0.209024	0.00185078	0.0184543	0.018148	0.00732525	0.142602	0.0218878	0.0114557	0.0347395	0.000953551	0.142582	0.0811335	0.0634753	0.0691189	0.0261175	0.00317972	0.00428211
30	0.0423739	0.0103766	0.00431373	0.00880745	0.0326201	0.0135763	0.00398191	0.169916	0.0334371	0.263073	0.0395469	0.0106494	0.00902439	0.0590688	0.0502152	0.0271285	0.0490971	0.150617	0.00930869	0.0128676
31	0.0395676	0.000905058	0.274792	0.371637	0.00502804	0.0132865	0.00420738	0.0113507	0.0365509	0.021635	0.00770231	0.0328568	0.000778566	0.0770478	0.0144505	0.0496805	0.0246763	0.00628461	0.00337244	0.00419021
32	0.0413053	0.00955571	0.0974894	0.200326	0.00170515	0.0191909	0.0215129	0.00763182	0.147416	0.0222838	0.0132387	0.0403021	0.000802365	0.128496	0.0863272	0.0679326	0.0583173	0.0277301	0.00345569	0.00498049
33	0.219234	0.0700355	0.00478515	0.00381606	0.0290347	0.0187799	0.0284826	0.0136594	0.0117448	0.0169686	0.00918925	0.0242745	0.0246182	0.0101796	0.00597173	0.354839	0.050762	0.0352085	0.00299974	0.0654173
34	0.0440629	0.00795183	0.000577727	0.00723552	0.00990532	0.00222708	0.0257302	0.0154656	0.282797	0.0218172	0.0143972	0.0235597	0.00994172	0.11471	0.349996	0.0201121	0.0187564	0.00811274	0.0020988	0.0205446
35	0.0413053	0.00955571	0.0974894	0.200326	0.00170515	0.0191909	0.0215129	0.00763182	0.147416	0.0222838	0.0132387	0.0403021	0.000802365	0.128496	0.0863272	0.0679326	0.0583173	0.0277301	0.00345569	0.00498049
36	0.0136622	0.0135768	0.000571936	0.00111202	0.0288958	0.00250544	0.00143857	0.202688	0.00557123	0.451187	0.0499799	0.00164934	0.00443414	0.00323486	0.00423849	0.00840037	0.0402725	0.161176	0.00357581	0.00182975
37	0.03051	0.0110426	0.000299377	0.000588801	0.0668451	0.00320502	0.000484626	0.271642	0.0023558	0.230746	0.0311499	0.00241817	0.00903582	0.00185372	0.00923141	0.00480503	0.0145805	0.289685	0.0043936	0.0151274
38	0.00580223	0.00236044	0.0107299	0.00906845	0.0130521	0.0109651	0.00343571	0.00360223	0.0202454	0.0123584	0.00266918	0.0195187	0.0187722	0.0126427	0.00399485	0.183274	0.655546	0.00855657	0.00143991	0.00196599
39	0.0102721	0.00407485	0.12953	0.145942	0.00648888	0.0056374	0.0024048	0.0903055	0.00587977	0.135768	0.0838984	0.0518705	0.031943	0.0263025	0.034348	0.0264807	0.0558423	0.130356	0.0188626	0.00379217
40	0.0512414	0.00105477	0.302851	0.323164	0.00403499	0.011392	0.00308122	0.00927618	0.0403471	0.0169442	0.00631752	0.0494969	0.000873494	0.068599	0.0131828	0.0566802	0.0279903	0.0071229	0.00304747	0.00330268
41	0.0407743	0.0007024	0.273475	0.385316	0.00422556	0.0138679	0.00338826	0.0101037	0.034573	0.019536	0.00680236	0.0310206	0.000661595	0.0757755	0.0132735	0.0507643	0.0232366	0.00542942	0.00358827	0.00348561
42	0.0158022	0.00822084	0.000562039	0.00089769	0.0367861	0.00269487	0.000583953	0.209153	0.0037852	0.407267	0.0317509	0.00187898	0.00587091	0.00277903	0.0064835	0.0064107	0.0233242	0.222923	0.00700021	0.00582486
43	0.0414486	0.0105281	0.00308137	0.00363703	0.0780993	0.00969459	0.0743823	0.0428192	0.032819	0.130332	0.00905597	0.00872696	0.0102747	0.0625643	0.080113	0.0215815	0.0161855	0.0161822	0.255909	0.0925656
44	0.0479507	0.012891	0.000650633	0.0193198	0.00569153	0.00219105	0.03145	0.00585055	0.227931	0.0108109	0.00561743	0.0552106	0.0173424	0.0357691	0.421128	0.0250788	0.0353258	0.00521936	0.00662842	0.0279424
45	0.183901	0.066667	0.00928897	0.00713924	0.0164941	0.0717088	0.0117049	0.0384899	0.0147497	0.032105	0.0111647	0.0856794	0.0349075	0.0132415	0.00946957	0.192117	0.0937652	0.0557735	0.00333673	0.0482965
46	0.0440468	0.00759468	0.00190995	0.00958267	0.0115312	0.00267828	0.0283292	0.0163157	0.264627	0.023186	0.0162333	0.0247216	0.00926174	0.122206	0.341627	0.0198047	0.0203326	0.0107492	0.00241808	0.0228449
47	0.041061	0.010282	0.0529312	0.0299651	0.0333548	0.00531591	0.125506	0.0235554	0.10957	0.00743222	0.0147379	0.0703571	0.00997988	0.132098	0.0612565	0.0287461	0.104113	0.0506499	0.00173618	0.0873522
48	0.0336143	0.00914775	0.000327326	0.00110443	0.0462515	0.00290756	0.000476443	0.253584	0.00874637	0.295749	0.0427296	0.00211097	0.00542999	0.00264913	0.0117196	0.00756425	0.0242934	0.242288	0.00331068	0.00599611
49	0.0109667	0.0292809	0.00150455	0.00239714	0.199382	0.0085037	0.028921	0.0398706	0.00486267	0.0199867	0.00464124	0.00497072	0.00338704	0.0076918	0.0371812	0.0165016	0.0553746	0.10045	0.0108728	0.413253
50	0.0401121	0.000797178	0.275065	0.378003	0.00457181	0.0137306	0.00367804	0.0105342	0.0352513	0.0208717	0.00737831	0.0321171	0.000699941	0.0761554	0.013638	0.0503319	0.0239385	0.00586263	0.0034773	0.0037861
51	0.166657	0.0258873	0.0118487	0.0148209	0.0149136	0.0320913	0.0133015	0.0505449	0.0556734	0.0283146	0.0174021	0.0309766	0.0291957	0.0227429	0.0129048	0.337819	0.0687199	0.0495722	0.00537514	0.0112389
52	0.203425	0.0485395	0.00562418	0.00244599	0.0148244	0.0793481	0.00499732	0.0418055	0.00915322	0.0322141	0.0130615	0.0348207	0.0273468	0.0107039	0.00484304	0.2373	0.101545	0.10702	0.00330183	0.017681
53	0.00893051	0.0242986	0.000718045	0.00113856	0.243647	0.00781469	0.0210906	0.0346377	0.00215348	0.0197577	0.00241027	0.00240623	0.00165529	0.00651946	0.0321244	0.0151249	0.0308142	0.0484973	0.0131434	0.483118
54	0.0538394	0.0117382	0.019165	0.0183531	0.0196937	0.0315281	0.134499	0.0286382	0.0670035	0.0702499	0.0166146	0.179911	0.0172572	0.0485046	0.0229379	0.0617752	0.13798	0.0295497	0.00614893	0.0246131
55	0.0708427	0.0033525	0.0520241	0.0800769	0.00407422	0.0105198	0.00120736	0.0109314	0.0238637	0.0342395	0.00392634	0.0115076	0.553395	0.0110711	0.0025384	0.0698929	0.0138688	0.0390409	0.00167655	0.00194972
56	0.0416309	0.000976289	0.275478	0.364605	0.00438208	0.0131328	0.00388585	0.010623	0.0373571	0.0197513	0.00686406	0.0348238	0.000725861	0.0761548	0.0151573	0.0538049	0.0271701	0.00649493	0.00337811	0.00360389
57	0.005901	0.00239448	0.0100944	0.00819946	0.012771	0.010356	0.00384848	0.00363264	0.018967	0.013218	0.00256047	0.0180207	0.0171871	0.0120902	0.00430631	0.1752	0.667706	0.00984333	0.00148697	0.0022165
58	0.0361557	0.00868811	0.0555416	0.117332	0.0132127	0.0638307	0.0392532	0.0138995	0.186534	0.0216452	0.0118694	0.0676997	0.00838624	0.116443	0.0859472	0.0549333	0.054601	0.027751	0.00315546	0.0131218
59	0.0407743	0.0007024	0.273475	0.385316	0.00422556	0.0138679	0.00338826	0.0101037	0.034573	0.019536	0.00680236	0.0310206	0.000661595	0.0757755	0.0132735	0.0507643	0.0232366	0.00542942	0.00358827	0.00348561
60	0.0319802	0.00891183	0.00157275	0.00638226	0.00981245	0.00638205	0.00366814	0.0169238	0.385531	0.0949713	0.014667	0.0172188	0.0160428	0.0559401	0.158337	0.0206944	0.0500409	0.083809	0.00317659	0.0139376
61	0.0229181	0.00860297	0.00352083	0.00739248	0.0139658	0.0127009	0.00549352	0.17147	0.012165	0.0279985	0.251676	0.0470036	0.00813713	0.201755	0.0104892	0.0264081	0.0603865	0.0934041	0.00552629	0.00898594
62	0.0115736	0.00421872	0.00191026	0.0026111	0.250246	0.00629189	0.00274058	0.071056	0.00588054	0.211567	0.039246	0.126806	0.0521579	0.00653404	0.00475806	0.0113977	0.0781321	0.0886904	0.0206287	0.00355355
63	0.0300244	0.0100319	0.000201717	0.000337898	0.0705244	0.00300809	0.000274567	0.277403	0.0020355	0.222648	0.0305391	0.00221179	0.00964822	0.000754396	0.00791132	0.0041343	0.0137123	0.2982	0.0042612	0.0121375
64	0.0617023	0.0422366	0.00204925	0.00310929	0.098949	0.0406296	0.00230881	0.232848	0.00532749	0.15618	0.00717762	0.00555552	0.12398	0.00804215	0.00594617	0.011814	0.0132693	0.132701	0.0212773	0.0248969
65	0.0892105	0.0160185	0.00388743	0.00442625	0.119178	0.288655	0.0137625	0.0220674	0.0177267	0.0336685	0.0197151	0.0195435	0.012933	0.0157366	0.0594804	0.060008	0.0361818	0.0306081	0.0107274	0.126465
66	0.0428668	0.0112166	0.00171311	0.0153916	0.00763463	0.00290706	0.0250703	0.0103037	0.246306	0.0190041	0.00947481	0.0414308	0.0153862	0.0595149	0.397334	0.0229581	0.032449	0.0112631	0.00447412	0.0233011
67	0.0427075	0.0118245	0.00725059	0.00892754	0.0500328	0.0170637	0.00505624	0.0377635	0.02353	0.281872	0.171478	0.0176141	0.0569686	0.0676092	0.028902	0.0311929	0.0839438	0.0368805	0.00861942	0.0107627
68	0.168427	0.0526132	0.00243218	0.0017316	0.0105866	0.0144374	0.0147388	0.00883255	0.00785241	0.00896046	0.00955272	0.0196326	0.0308248	0.0118898	0.00304837	0.518031	0.0602781	0.0422524	0.0017161	0.0121611
69	0.221953	0.169224	0.00146345	0.00256511	0.0910298	0.153049	0.00261979	0.0179264	0.0300509	0.0487507	0.0405414	0.00563723	0.0231745	0.00504826	0.00564082	0.0877856	0.0393976	0.0435088	0.00624675	0.00438618
70	0.0405291	0.0139699	0.00645094	0.0141962	0.226387	0.0200975	0.0199076	0.0317048	0.0462178	0.0480897	0.0223647	0.078367	0.0139653	0.129264	0.0984942	0.0429074	0.0471651	0.0401391	0.0127126	0.04707
71	0.258731	0.0602579	0.00279228	0.00229904	0.0529693	0.21827	0.00383028	0.0222019	0.0146004	0.0357915	0.0170502	0.0118113	0.0452578	0.0106294	0.0082201	0.110638	0.0681322	0.0415279	0.00441862	0.0105703
72	0.211352	0.172061	0.00135906	0.00190655	0.079948	0.176367	0.00155056	0.0145894	0.0235249	0.0549362	0.033652	0.00353593	0.0232207	0.00362581	0.00499731	0.0993935	0.0385123	0.0479136	0.00444901	0.00310555
73	0.0286325	0.0119461	0.00165418	0.00283762	0.0828569	0.0166943	0.0022625	0.069184	0.0102328	0.467897	0.161301	0.00401823	0.0107104	0.0178461	0.014023	0.0150361	0.0280369	0.0415243	0.00294284	0.0103633
74	0.0366701	0.0080335	0.00238918	0.00364782	0.0269745	0.0392238	0.00293685	0.0988216	0.00933495	0.460487	0.172832	0.00582789	0.00795233	0.0151378	0.00865689	0.0141998	0.0227016	0.0556013	0.00364768	0.00492276
75	0.218594	0.0237113	0.00220847	0.00229297	0.0138484	0.0843206	0.00218515	0.0531667	0.00849691	0.0414216	0.0183143	0.0198368	0.023692	0.0184606	0.00321194	0.214733	0.121335	0.118422	0.0050273	0.0067206
76	0.0392893	0.0204673	0.00145574	0.0028466	0.168963	0.00987275	0.0103906	0.0142787	0.00915253	0.194103	0.0156749	0.00449521	0.0224996	0.0289227	0.0151798	0.0589746	0.0246901	0.0337546	0.218769	0.10622
77	0.156326	0.0538789	0.00898029	0.00395625	0.017867	0.0725588	0.006735	0.020088	0.0182888	0.0468436	0.0113037	0.0576208	0.0696025	0.0133291	0.0100692	0.223779	0.0980017	0.0539333	0.00317259	0.0536654
78	0.025106	0.0162764	0.00042209	0.00665948	0.00860371	0.00179717	0.00563918	0.0048734	0.450766	0.0162858	0.0144202	0.0319363	0.0194416	0.0672436	0.22276	0.0310591	0.0552277	0.0167769	0.000990584	0.00371556
79	0.161953	0.0116883	0.00354029	0.00453536	0.032861	0.0617864	0.00349324	0.0120495	0.04877	0.0631822	0.029892	0.0151118	0.196324	0.0316183	0.0267446	0.125586	0.0988037	0.0184573	0.00364622	0.0499569
80	0.153151	0.00441094	0.0144793	0.0623756	0.0141552	0.0619321	0.0409145	0.0277246	0.0372207	0.0475852	0.0440092	0.0679207	0.010701	0.13013	0.0327916	0.133682	0.0651752	0.0375178	0.00624428	0.00787972
81	0.0400503	0.012406	0.003731	0.00876402	0.0266664	0.0142114	0.00434203	0.180658	0.01787	0.140047	0.0352499	0.0118372	0.0077337	0.101984	0.0132354	0.0581069	0.119333	0.180548	0.00944463	0.0137816
82	0.032188	0.0126147	0.000189979	0.000359078	0.0580107	0.00403207	0.000399191	0.282697	0.00213669	0.194407	0.0301376	0.00221997	0.00722406	0.000854736	0.00759763	0.00596626	0.0162533	0.327999	0.00413052	0.0105823
83	0.0442092	0.0174033	0.000923554	0.00208264	0.169274	0.0058497	0.00114803	0.10337	0.00882735	0.35055	0.110014	0.00283992	0.00497521	0.00577653	0.00872028	0.0206468	0.0282083	0.0901407	0.00313291	0.0219078
84	0.0531838	0.0208348	0.0043192	0.010715	0.0817948	0.0226708	0.00614117	0.0771605	0.0137087	0.114245	0.0728085	0.0119906	0.0158247	0.0180285	0.0121509	0.187766	0.0539143	0.0947211	0.104873	0.0231488
85	0.047119	0.0153435	0.020561	0.0193925	0.0329996	0.0191645	0.193334	0.0321435	0.0537196	0.0414099	0.0200459	0.0447737	0.0137909	0.202575	0.0470713	0.0395566	0.0625377	0.0403824	0.0133682	0.040712
86	0.0583821	0.0467017	0.00493941	0.00563363	0.168632	0.0758146	0.00771876	0.0264506	0.0183106	0.0795071	0.0331444	0.0132232	0.0808148	0.0201027	0.015424	0.0994247	0.0354751	0.0370688	0.135264	0.0379676
87	0.0364798	0.0115905	0.000203153	0.000495007	0.0692097	0.0037894	0.000301992	0.286996	0.00249982	0.210515	0.0339333	0.00209127	0.00818934	0.000991581	0.00739103	0.00508064	0.0156319	0.290399	0.00407599	0.0101359
88	0.0191001	0.0188402	0.112038	0.0065382	0.00474442	0.0274856	0.00369774	0.00567483	0.0140976	0.00858361	0.00423153	0.660534	0.0125585	0.0118265	0.0051763	0.0560892	0.0130093	0.00817337	0.0016139	0.00598699
89	0.0570816	0.0123468	0.0167602	0.0278477	0.0402476	0.0203158	0.0222515	0.0440432	0.0446494	0.128508	0.0402043	0.0291256	0.0146784	0.270587	0.0489025	0.0560541	0.0562552	0.0380065	0.0149455	0.0171894
90	0.00601081	0.0023507	0.0101624	0.00837809	0.0128646	0.0135229	0.00421547	0.00388137	0.0189829	0.0127812	0.00274785	0.0179558	0.0173065	0.0123788	0.00443749	0.17896	0.659149	0.0102937	0.00152288	0.00209723
91	0.0218176	0.0186294	0.000971746	0.00171949	0.246971	0.0076037	0.0120012	0.0297125	0.00391901	0.107921	0.0153201	0.00656472	0.00438003	0.0081853	0.0254281	0.0233333	0.0267666	0.0462005	0.0345592	0.357996
92	0.0161218	0.0199383	0.121528	0.00507054	0.00397242	0.0255082	0.00187512	0.0043779	0.0125628	0.00680455	0.00341129	0.682166	0.0126638	0.0113984	0.00374376	0.0466803	0.00912849	0.00619933	0.00158958	0.00525943
93	0.19158	0.0583671	0.00479025	0.00312949	0.032666	0.0507631	0.00792165	0.0297651	0.0122494	0.0307452	0.0146318	0.0227148	0.0268152	0.0106771	0.00570951	0.267279	0.120437	0.0865743	0.00422357	0.0189613
94	0.0377035	0.0207828	0.000283739	0.000459717	0.0499651	0.00607877	0.00112528	0.275302	0.00196203	0.171294	0.0304506	0.00271737	0.0060501	0.000980048	0.00606824	0.00704235	0.0235777	0.344843	0.00507839	0.00823529
95	0.150867	0.0343935	0.00337941	0.00377591	0.0701514	0.0479402	0.00466823	0.0905744	0.0115899	0.0827852	0.0243467	0.0112702	0.011618	0.0107048	0.00882024	0.105901	0.0649201	0.241826	0.008877	0.011591
96	0.0266764	0.0308275	0.0957985	0.00769602	0.00728463	0.0464894	0.00433557	0.00824829	0.0135715	0.0119192	0.00594824	0.60528	0.0143053	0.0123054	0.00822841	0.0570595	0.0201412	0.0116689	0.00283963	0.0093759
97	0.00969764	0.0221853	0.000642777	0.000958264	0.276965	0.00624416	0.01147	0.0231703	0.00175689	0.0268381	0.00242469	0.00184099	0.00143508	0.00717124	0.0253202	0.019646	0.0260997	0.0247378	0.0195155	0.49188
98	0.142437	0.072346	0.00756852	0.00451007	0.0388082	0.0413677	0.00957336	0.0183698	0.034161	0.0288431	0.0118863	0.0317624	0.0545772	0.0116688	0.00900405	0.240588	0.125628	0.0651308	0.00524071	0.0465297
99	0.019721	0.0186665	0.112791	0.0065593	0.00447383	0.0268896	0.00424693	0.00560704	0.0154514	0.00901879	0.00408137	0.657451	0.0129341	0.0127767	0.00524647	0.0545933	0.0139472	0.00787857	0.00199879	0.00566769
100	0.040625	0.00908657	0.00195273	0.0117461	0.0123254	0.00423322	0.0224283	0.0138831	0.245927	0.0421262	0.0144643	0.029899	0.0139493	0.0768021	0.365332	0.0202575	0.0280856	0.0184901	0.00395615	0.0244305
101	0.0472659	0.0203074	0.0445917	0.0221988	0.00918074	0.0996288	0.0128182	0.0143082	0.0244437	0.0249344	0.00955931	0.275271	0.0116823	0.0099958	0.0375081	0.221381	0.0799744	0.0207918	0.00347231	0.0106865
102	0.140746	0.0333708	0.040795	0.0124128	0.019009	0.168503	0.00587479	0.0229317	0.0190704	0.0291199	0.0136864	0.0377298	0.0199105	0.0138689	0.0525589	0.177995	0.0587437	0.115198	0.00645801	0.0120176
103	0.150217	0.00765817	0.147535	0.0543723	0.00463558	0.0131332	0.0217863	0.0158154	0.126606	0.0127622	0.00452577	0.102496	0.0314537	0.0293849	0.0137619	0.142325	0.0908134	0.025812	0.00219583	0.00270976
104	0.175515	0.0214972	0.0580958	0.0507125	0.00694527	0.0266784	0.0409554	0.0373476	0.0916123	0.0163488	0.00855943	0.0700174	0.0307839	0.024967	0.0131881	0.17819	0.106518	0.0326827	0.00296876	0.00641671
105	0.242639	0.0382837	0.000682032	0.00111086	0.0835646	0.0766167	0.000730124	0.118067	0.00235159	0.164309	0.0117004	0.00198464	0.00271508	0.00257276	0.0015003	0.0465509	0.0592383	0.139767	0.00414091	0.00147495
106	0.0852484	0.00492502	0.00131459	0.00697732	0.0553657	0.0183907	0.00175613	0.0899996	0.06511	0.156916	0.0292367	0.00571297	0.00232658	0.0500873	0.0160809	0.0247508	0.179874	0.177708	0.00889607	0.0193237
107	0.159786	0.0376713	0.00224556	0.00201798	0.00742176	0.00661445	0.0139592	0.00794785	0.0078852	0.00765127	0.00862023	0.0173548	0.0395929	0.0135759	0.00264241	0.569505	0.0496644	0.0342018	0.00156808	0.0100739
108	0.0196425	0.0197039	0.00116894	0.00203749	0.23968	0.0228441	0.0175152	0.0376601	0.00420751	0.0250631	0.0105247	0.0113858	0.00327652	0.00882249	0.048604	0.0174195	0.0283823	0.0395081	0.0145106	0.428043
109	0.245555	0.0441671	0.000586003	0.000984274	0.0909278	0.0706197	0.000680932	0.124493	0.0018749	0.155841	0.00912666	0.00183615	0.00255679	0.00233501	0.00137289	0.0470789	0.0574847	0.136704	0.00447331	0.00130214
110	0.234637	0.114505	0.000964082	0.00124793	0.0694845	0.129813	0.000969494	0.0484412	0.0107362	0.0803612	0.025287	0.00382272	0.0186006	0.00396548	0.00355007	0.103327	0.0757339	0.0671154	0.00463415	0.00280328
111	0.371487	0.0341849	0.00147789	0.00202921	0.0261743	0.309791	0.00313043	0.0121655	0.00760041	0.0158681	0.00669238	0.00481745	0.0130281	0.0127858	0.00530936	0.109052	0.0353468	0.0226396	0.00224121	0.00417865
112	0.117156	0.0529699	0.00435855	0.00459025	0.0188748	0.0430131	0.00504372	0.0692016	0.0108764	0.0603059	0.0298125	0.0184347	0.0173325	0.012716	0.00958639	0.22785	0.142018	0.139418	0.00517638	0.0112653
113	0.0195187	0.00403618	0.00151778	0.00186184	0.00463313	0.266846	0.00176854	0.0185881	0.0157897	0.00766103	0.0039808	0.0159403	0.00275114	0.00401654	0.00359381	0.265191	0.314047	0.0431941	0.00234733	0.00271622
114	0.248749	0.0843021	0.00389602	0.0019807	0.0238644	0.195888	0.00200426	0.0232854	0.00848175	0.0258832	0.0127318	0.00953647	0.0148367	0.00810494	0.0163664	0.12593	0.0949275	0.0909132	0.00261036	0.00570774
115	0.182421	0.0388151	0.00311089	0.0025375	0.0094167	0.0166267	0.014178	0.0113142	0.0097142	0.00995198	0.00914657	0.0189095	0.0334562	0.0126387	0.003046	0.517996	0.0531976	0.0388022	0.00212676	0.0125942
116	0.0425588	0.0599807	0.00105702	0.00178823	0.0175797	0.00859223	0.0102149	0.17013	0.00566042	0.133201	0.0583106	0.00593466	0.00244695	0.00426925	0.00446659	0.0189867	0.0913218	0.356958	0.00404409	0.00249909
117	0.236143	0.0150021	0.00172427	0.00183038	0.0101696	0.168125	0.0011885	0.0807261	0.00373188	0.0443824	0.0111051	0.00497466	0.014996	0.00966954	0.00426296	0.0951579	0.0919523	0.200644	0.00206146	0.00215358
118	0.232361	0.0243813	0.00126001	0.00173124	0.0156379	0.126637	0.00118448	0.0676129	0.00472883	0.0470094	0.0202007	0.00663788	0.0122685	0.0143512	0.00408804	0.124765	0.102575	0.187777	0.00287007	0.00192238
119	0.168487	0.0403481	0.00404518	0.00389211	0.00912238	0.0156426	0.0149823	0.0107261	0.0115854	0.0122344	0.00999271	0.0226021	0.0444499	0.0143737	0.00384488	0.491914	0.0657707	0.0412157	0.00184306	0.0129277
120	0.0241101	0.00903608	0.000296779	0.00042802	0.0618141	0.00260439	0.000327187	0.253326	0.00203008	0.285401	0.029118	0.00202952	0.00846346	0.00101465	0.00686924	0.00463057	0.0163574	0.276885	0.00424787	0.0110109
121	0.0724945	0.00302446	0.00140857	0.00177893	0.0279606	0.627302	0.01117	0.00463929	0.0225706	0.0264532	0.00369181	0.00380978	0.0049861	0.0120269	0.00565014	0.110971	0.0364651	0.00621569	0.00179042	0.0155906
122	0.031796	0.0229222	0.000768598	0.000870779	0.265921	0.00229695	0.00088192	0.0567715	0.00794973	0.406143	0.0934867	0.00172793	0.00253159	0.00364264	0.00850943	0.0234747	0.015823	0.0141385	0.000948969	0.0393945
123	0.0977068	0.00664013	0.038515	0.0793542	0.00781426	0.0404479	0.0212268	0.0250569	0.131557	0.0376981	0.0163151	0.105012	0.0287735	0.0553241	0.0615327	0.123951	0.0769583	0.0360195	0.00331648	0.00678021
124	0.153087	0.0272518	0.00108742	0.00234601	0.0307628	0.0724286	0.0019173	0.135118	0.00456004	0.0866634	0.0253399	0.005759	0.00693687	0.00830914	0.00425445	0.0715133	0.0837056	0.270128	0.00425182	0.00457964
125	0.0757209	0.00685561	0.0454932	0.0688153	0.00615959	0.01307	0.00268605	0.0102027	0.025695	0.0323967	0.00480059	0.013572	0.521052	0.012508	0.00377507	0.0901861	0.0186874	0.0417997	0.00289587	0.00362878
126	0.0317469	0.0218398	0.000808211	0.000930029	0.272808	0.00221845	0.000876922	0.0553853	0.00808205	0.402855	0.0924644	0.00174749	0.00251533	0.00338427	0.00866892	0.0232892	0.015535	0.0136707	0.000931641	0.0402423
127	0.0569392	0.0458554	0.000797259	0.000940443	0.0217796	0.0108242	0.00340333	0.207324	0.00219525	0.0554455	0.0260104	0.00636963	0.00129894	0.00296665	0.00306436	0.015944	0.0654464	0.46823	0.00251291	0.00265273
128	0.274431	0.0347218	0.00248455	0.0038464	0.0335476	0.125344	0.00274297	0.0780371	0.00937503	0.0577212	0.0169443	0.0111751	0.0169283	0.0115539	0.006934	0.107714	0.0960785	0.0999289	0.00470791	0.00578339
129	0.0589863	0.0242997	0.000985932	0.000962834	0.0519167	0.0102155	0.00152915	0.225927	0.00321195	0.132823	0.026944	0.0044577	0.00499522	0.00328551	0.00535632	0.0145226	0.0410665	0.375462	0.00410772	0.00894448
130	0.235646	0.188846	0.00279045	0.00281778	0.0562075	0.150589	0.00275355	0.0168716	0.0190354	0.0416638	0.0244388	0.0079211	0.0179293	0.00548761	0.00745797	0.108824	0.0454961	0.0552196	0.00346096	0.00654331
131	0.242356	0.0311669	0.0023105	0.00136587	0.0244515	0.103566	0.0014797	0.049619	0.00697011	0.0425242	0.0156343	0.00992956	0.0145544	0.0113361	0.0044974	0.201098	0.0905323	0.138203	0.0047431	0.003662
132	0.289267	0.0311534	0.00355472	0.00496453	0.0267777	0.0853025	0.0050717	0.0684246	0.0124733	0.0454239	0.0218867	0.0168606	0.0176218	0.017765	0.00813825	0.166365	0.0772325	0.0864223	0.00631369	0.00898075
133	0.118495	0.0202084	0.0202393	0.0236108	0.0128169	0.0671461	0.0514553	0.0248315	0.045467	0.0454891	0.0164063	0.182891	0.0244392	0.0295794	0.0170791	0.148199	0.101699	0.0303657	0.00408788	0.0154927
134	0.238988	0.082301	0.0013896	0.00277963	0.121689	0.0547951	0.00200397	0.0947834	0.00684273	0.106862	0.013499	0.00427625	0.0079269	0.00463774	0.00327278	0.0692751	0.0707107	0.0924864	0.0173599	0.00412083
135	0.0545422	0.0415038	0.000855553	0.000996204	0.0229714	0.00889335	0.0031264	0.247651	0.0021234	0.0725361	0.0329995	0.00560058	0.00220817	0.00245236	0.00368121	0.0140958	0.0525016	0.425533	0.00296941	0.00275919
136	0.016275	0.0195956	0.11897	0.00581401	0.0039669	0.0287307	0.00229836	0.00444254	0.0126018	0.00682309	0.00387544	0.674525	0.0123045	0.0115102	0.0048217	0.0503203	0.01011	0.00606604	0.00160691	0.005342
137	0.032685	0.0129672	0.000669838	0.00161903	0.0507773	0.00423643	0.00102943	0.237662	0.00562409	0.260845	0.0351001	0.00298913	0.00630181	0.00355493	0.00755544	0.00984951	0.0359202	0.276708	0.00483666	0.00906827
138	0.171749	0.0345023	0.0132972	0.016426	0.0236944	0.0839293	0.00431468	0.0247039	0.0195034	0.0558314	0.0165243	0.0216747	0.171458	0.0146141	0.00928816	0.171296	0.0716366	0.0525128	0.00401306	0.0190312
139	0.031252	0.0268618	0.000794838	0.00107011	0.230869	0.00257746	0.00097306	0.05035	0.00770914	0.414423	0.121744	0.0019715	0.00386816	0.00420836	0.00947356	0.0260902	0.0198098	0.0158332	0.00134654	0.0287746
140	0.0653192	0.0157065	0.00231683	0.00786061	0.017471	0.0180658	0.00370494	0.131736	0.00977171	0.102266	0.159532	0.00930128	0.0164292	0.0125772	0.00827908	0.124672	0.167135	0.114541	0.00768343	0.00563005
141	0.0432945	0.0118574	0.0011459	0.0129923	0.00720468	0.0026731	0.0242896	0.00837316	0.250775	0.01919	0.00921832	0.0392034	0.0216018	0.0547846	0.395461	0.0231061	0.03515	0.0112356	0.00505369	0.0233901
142	0.160552	0.00501292	0.00638387	0.0310226	0.0260571	0.0383373	0.0267584	0.0511452	0.0307763	0.0505824	0.103374	0.0874743	0.00438711	0.124996	0.0292469	0.103452	0.0529457	0.0392785	0.00770779	0.020509
143	0.0280469	0.00900709	0.000266404	0.000420104	0.0583951	0.00305192	0.000306714	0.270535	0.00319516	0.239861	0.0342725	0.00196544	0.00735609	0.0011359	0.0106226	0.00535883	0.0147724	0.297088	0.00406251	0.0102811
144	0.10925	0.00595385	0.0012646	0.00170487	0.0241288	0.591627	0.00891329	0.00574723	0.018217	0.0224639	0.00418673	0.00397378	0.00656457	0.0150506	0.00506801	0.110811	0.0403464	0.0102869	0.00178133	0.0126598
145	0.0305362	0.0118672	0.0615103	0.0443511	0.0336932	0.00522129	0.102634	0.0211747	0.126941	0.00694435	0.0110534	0.0742542	0.0111594	0.128308	0.0619117	0.0343227	0.0948865	0.0546338	0.00170873	0.0828883
146	0.129153	0.0336268	0.00732531	0.00758967	0.0108479	0.0225562	0.012449	0.0109857	0.0144168	0.0137576	0.0113234	0.0290569	0.0410237	0.0147507	0.0117931	0.517474	0.0632354	0.0339355	0.00390976	0.0107897
147	0.0412569	0.0224619	0.00079054	0.00194891	0.011563	0.00281573	0.00151593	0.00399759	0.41831	0.0126957	0.00665856	0.0173617	0.0418643	0.0368953	0.16733	0.0462131	0.116307	0.0458983	0.00137493	0.00274126
148	0.091074	0.00289186	0.00108089	0.0151775	0.0154001	0.0176171	0.00195727	0.0853865	0.209102	0.0462974	0.026722	0.10446	0.00259974	0.0362979	0.0838486	0.0526005	0.0822839	0.108346	0.00261513	0.014242
149	0.196023	0.0998967	0.00398123	0.00614751	0.0444385	0.0737802	0.00527291	0.0435427	0.0412146	0.081042	0.0681273	0.0126315	0.0168345	0.0115727	0.00887863	0.112473	0.0597357	0.0994268	0.00649427	0.00848612
150	0.345822	0.0395317	0.00205895	0.0023066	0.0291177	0.291047	0.00287782	0.0147911	0.00803932	0.0202304	0.00873391	0.00877035	0.0304584	0.0126498	0.00694829	0.0983284	0.0387065	0.0302969	0.00352321	0.00576202
151	0.115178	0.00253741	0.00138426	0.0133045	0.00515384	0.0151054	0.00215564	0.0894198	0.198408	0.0432799	0.0181914	0.00860595	0.00514239	0.113419	0.172644	0.00994129	0.0225479	0.122009	0.0122508	0.029321
152	0.405639	0.0429333	0.00132449	0.00158888	0.0280558	0.293316	0.00196538	0.0084954	0.00661937	0.0119232	0.00602058	0.0035325	0.0136772	0.0124505	0.00497282	0.106892	0.0296507	0.0160791	0.00195781	0.00290647
153	0.0558395	0.0141137	0.00101631	0.00356793	0.0621077	0.0101306	0.00153205	0.19492	0.0103269	0.23033	0.040079	0.00502357	0.00606822	0.00850966	0.00642586	0.0189409	0.0736723	0.237639	0.00794579	0.0118108
154	0.239086	0.0179556	0.00125158	0.00137194	0.0158765	0.089681	0.0010919	0.0429876	0.00945366	0.0354781	0.0205381	0.00938941	0.0162715	0.0150168	0.00311187	0.23804	0.117708	0.115846	0.00722181	0.00262253
155	0.179179	0.00392253	0.0147669	0.0497011	0.0166995	0.027766	0.016201	0.0319252	0.0312826	0.070437	0.0781849	0.0804442	0.00412434	0.150436	0.0180995	0.10624	0.076182	0.0282174	0.00871272	0.00747857
156	0.0742539	0.071054	0.00857973	0.00887128	0.0253933	0.0397179	0.00806765	0.0478202	0.0285116	0.0442583	0.0245915	0.0230419	0.0181158	0.0207916	0.0570355	0.131023	0.18723	0.158287	0.00743018	0.0159245
157	0.0543174	0.0470873	0.000826992	0.00104692	0.0198716	0.00999366	0.00365906	0.212269	0.00227407	0.0550672	0.0269414	0.0063064	0.00129395	0.00310441	0.00314568	0.0160172	0.0651704	0.466832	0.00235903	0.0024166
158	0.0314499	0.00961233	0.000211081	0.00049334	0.0778683	0.00291719	0.000310141	0.271304	0.00220935	0.229806	0.0314422	0.00224797	0.0100021	0.000943523	0.00725841	0.00452666	0.0161648	0.286158	0.00391262	0.0111618
159	0.137082	0.0210208	0.0280038	0.0278029	0.00904459	0.028941	0.0226526	0.0201655	0.0848313	0.0264321	0.0116852	0.0771683	0.0385509	0.0249988	0.0191199	0.252086	0.122414	0.0350459	0.00268447	0.0102693
160	0.0437156	0.0103402	0.00106327	0.0138856	0.00889358	0.00289402	0.0257588	0.010313	0.243241	0.0211434	0.010204	0.0399839	0.0152387	0.0655975	0.396935	0.0218906	0.0304387	0.0106252	0.00407094	0.0237669
161	0.0483176	0.0404722	0.000740372	0.00106386	0.0239868	0.00878095	0.00318586	0.212359	0.00206695	0.0670244	0.0235578	0.00766391	0.00219421	0.00290335	0.00330394	0.0144567	0.0617643	0.469019	0.00233231	0.00480615
162	0.24246	0.0464222	0.00055833	0.00104976	0.093457	0.0708205	0.000701326	0.126772	0.00195538	0.160603	0.00903206	0.00189558	0.00290207	0.00231294	0.00137275	0.0443256	0.0582802	0.128912	0.00472862	0.00143974
163	0.0409661	0.034898	0.00214149	0.00522915	0.0437142	0.0105648	0.0034633	0.273817	0.0082055	0.194788	0.0809998	0.00692518	0.0116737	0.0101089	0.00886089	0.0230118	0.0367606	0.167759	0.0267703	0.00934258
164	0.182909	0.0804364	0.00976237	0.00289073	0.0166511	0.0581208	0.00798066	0.0204203	0.0121776	0.034061	0.00807783	0.0527247	0.0549083	0.00823162	0.00638804	0.244483	0.0889958	0.0646596	0.00230525	0.0438154
165	0.153999	0.0232115	0.00105806	0.00290248	0.0256947	0.0125499	0.00184347	0.129511	0.00752361	0.099455	0.124662	0.00457065	0.00422605	0.00387815	0.00478428	0.0815305	0.103876	0.206746	0.00537212	0.0026061
166	0.0757064	0.00419523	0.0494487	0.0795491	0.00440324	0.0116557	0.00162106	0.0156169	0.0242109	0.0336538	0.00462011	0.0123972	0.538064	0.0114102	0.00343674	0.0711372	0.0162341	0.0372696	0.00236064	0.00300901
167	0.1563	0.0720574	0.0125032	0.00293112	0.0143161	0.0682099	0.00859981	0.0183542	0.0114615	0.0283996	0.00647043	0.0510328	0.0539919	0.00734356	0.00698056	0.279386	0.0906138	0.0667764	0.00200316	0.0422676
168	0.0392114	0.0133023	0.00128498	0.00207627	0.113183	0.00683582	0.00131282	0.175097	0.00666083	0.270739	0.0653787	0.00825876	0.0100629	0.00517541	0.00881775	0.0139817	0.031316	0.206519	0.00695413	0.0138328
169	0.0863761	0.0165206	0.000851224	0.00856696	0.0557002	0.0170647	0.00175344	0.121598	0.0231993	0.155981	0.0818246	0.00368147	0.00205118	0.0143104	0.00687369	0.027214	0.143402	0.197504	0.0248718	0.0106555
170	0.0121934	0.0142129	0.00050917	0.00101768	0.0453708	0.00258063	0.000803866	0.225349	0.00432909	0.443267	0.0506032	0.00163652	0.00540004	0.00288139	0.00342151	0.0120754	0.0322145	0.137535	0.00287927	0.00172005
171	0.108831	0.00876695	0.00262282	0.00333908	0.0112561	0.0371603	0.00277446	0.152092	0.00749926	0.062303	0.0839435	0.00713659	0.0683006	0.00912699	0.00721542	0.113762	0.239893	0.0650006	0.00463212	0.00434409
172	0.210719	0.0127482	0.0152026	0.0258163	0.0137153	0.0235656	0.0113165	0.0220068	0.0364585	0.0660659	0.0207931	0.0913893	0.159621	0.0590249	0.0139197	0.0832541	0.0833972	0.0306409	0.00705101	0.0132938
173	0.0299208	0.0100359	0.000201549	0.000327594	0.0703171	0.00300668	0.000276747	0.27751	0.00201245	0.222617	0.0304142	0.00220679	0.00964851	0.000744922	0.0079259	0.0041357	0.0136213	0.298625	0.00427441	0.0121774
174	0.0354883	0.0118191	0.000227623	0.000489251	0.0638653	0.00418886	0.000301528	0.2947	0.00263739	0.21806	0.034876	0.002043	0.00785985	0.000965988	0.00731407	0.00563743	0.0146236	0.281078	0.00401951	0.00980555
175	0.0849614	0.037277	0.00350352	0.0281965	0.0161826	0.0424211	0.00429291	0.0732894	0.0113754	0.0690519	0.219923	0.0366508	0.00868376	0.0170065	0.00911138	0.103971	0.0795502	0.140131	0.00650959	0.00791041
176	0.0564574	0.0116466	0.00149245	0.00254013	0.160502	0.0064108	0.00249514	0.00889538	0.00485094	0.238213	0.0216413	0.0043796	0.0128534	0.0142993	0.00497197	0.0694931	0.0369785	0.0594744	0.177476	0.104929
177	0.0318235	0.0219772	0.000774699	0.000861093	0.270638	0.0022565	0.000872616	0.055628	0.00804098	0.404476	0.0929497	0.00171585	0.00232653	0.00344943	0.00863152	0.0233452	0.0155402	0.0137483	0.000910125	0.0400346
178	0.0252719	0.0168105	0.000401832	0.00846051	0.00919367	0.00160544	0.00781261	0.00586009	0.427153	0.0159757	0.0165198	0.0368246	0.0162044	0.07404	0.244598	0.0280358	0.0466553	0.0124306	0.00124143	0.0049047
179	0.0444959	0.0141976	0.000607846	0.0179262	0.00581596	0.00194858	0.0277574	0.00542446	0.24977	0.0105965	0.00622236	0.0535717	0.0169035	0.0376485	0.411551	0.0241178	0.0364403	0.00534337	0.00560725	0.0240541
180	0.0637113	0.0043364	0.00190693	0.00275997	0.0698311	0.0266144	0.0400298	0.0351739	0.00601638	0.0435081	0.0879264	0.0912049	0.00409596	0.00764375	0.172243	0.0107077	0.0115506	0.0743395	0.0186509	0.227749
181	0.0574557	0.0199097	0.000704948	0.00186486	0.0255256	0.00509695	0.00204723	0.181447	0.0113484	0.30666	0.0984575	0.00250998	0.00318338	0.00386586	0.00554438	0.0226609	0.0657285	0.179879	0.00447639	0.00163397
182	0.379678	0.0746053	0.00107594	0.00155817	0.0418496	0.263524	0.00143674	0.00918152	0.00885999	0.0182047	0.0106858	0.00300287	0.0151294	0.00946193	0.00492808	0.100764	0.0310087	0.0207021	0.00190604	0.00243607
183	0.0411185	0.0671801	0.00411358	0.00589384	0.129535	0.016914	0.00679737	0.145948	0.0136529	0.225718	0.0375523	0.0100907	0.0224996	0.0538105	0.014142	0.0299074	0.0342508	0.0611948	0.0167008	0.0629798
184	0.413393	0.0269489	0.00154575	0.00218339	0.0213314	0.267987	0.00256682	0.0123728	0.00642228	0.0124928	0.00573608	0.00486589	0.0129028	0.0194202	0.00470423	0.11547	0.0409049	0.0228141	0.00270592	0.00323122
185	0.027353	0.0100556	0.000249816	0.000515194	0.0625995	0.00291731	0.000306496	0.27313	0.00292522	0.274843	0.0334663	0.00195416	0.00940217	0.00110075	0.00695417	0.00503626	0.0161652	0.257734	0.0039457	0.00934638
186	0.0131528	0.0208241	0.000721784	0.0012177	0.277558	0.00605169	0.0104116	0.0249227	0.00245796	0.0599353	0.006489	0.00200602	0.00194376	0.00755749	0.0233612	0.0197288	0.0254375	0.0262752	0.0239461	0.446001
187	0.0730183	0.00196709	0.0533864	0.0812239	0.0028219	0.0104827	0.00109031	0.00964902	0.0240095	0.0340288	0.00225346	0.0112143	0.556606	0.0110069	0.0021129	0.0716111	0.0132556	0.0373054	0.00124418	0.00171244
188	0.0412282	0.0137602	0.0053688	0.0108737	0.13033	0.017107	0.00973575	0.0341886	0.017605	0.167288	0.0281141	0.0198228	0.0158132	0.173568	0.0173259	0.130648	0.0890504	0.0365672	0.0215022	0.0201018
189	0.016592	0.00723566	0.00109867	0.0276904	0.0300668	0.00366716	0.0149069	0.0199809	0.305861	0.0279938	0.0109669	0.0752133	0.00596075	0.0914078	0.256905	0.0238252	0.0499263	0.0225894	0.00173831	0.00637398
190	0.165978	0.046331	0.0030144	0.00180726	0.00891007	0.0102152	0.0199789	0.00808692	0.00696897	0.00848181	0.0110437	0.0266719	0.0340345	0.0142753	0.00230267	0.507465	0.0633706	0.0451924	0.00154665	0.0143241
191	0.131066	0.00374398	0.0379099	0.0661986	0.00283583	0.0152671	0.0419411	0.00755394	0.13803	0.0218537	0.00246046	0.0645681	0.109497	0.0357865	0.0302541	0.209175	0.062875	0.0159803	0.0013935	0.00160991
192	0.0250983	0.0146455	0.000391745	0.000699159	0.0533843	0.00367645	0.000435091	0.323853	0.00286182	0.247816	0.0577387	0.00178436	0.00670588	0.00141382	0.00598572	0.00769703	0.017325	0.218133	0.00390128	0.00645444
193	0.131125	0.00376251	0.0379223	0.065546	0.0028427	0.0153945	0.0421202	0.00758729	0.138573	0.0218675	0.00239889	0.0651242	0.109339	0.0359593	0.0301818	0.208977	0.0625731	0.0157233	0.00137586	0.00160635
