406	20
1	0.0504553	0.018001	0.0335767	0.0709099	0.0103009	0.0291678	0.0347146	0.032807	0.0884675	0.048187	0.021407	0.0775457	0.0143873	0.0948719	0.0838312	0.122528	0.0978513	0.0520285	0.00372198	0.0152396
2	0.117433	0.0450029	0.0415091	0.123937	0.00459754	0.0941961	0.00680789	0.0292333	0.014739	0.00859002	0.0387626	0.088035	0.0885407	0.0337475	0.0109678	0.167677	0.04332	0.0186489	0.00181925	0.0224354
3	0.0673327	0.0134856	0.000432889	0.00669651	0.036235	0.0105711	0.00482524	0.217424	0.0280403	0.161064	0.0504178	0.00357581	0.0192261	0.0246474	0.0367647	0.0271645	0.0436266	0.233564	0.000282892	0.0146231
4	0.211728	0.0187441	0.00308951	0.0270104	0.0190763	0.0305898	0.00589784	0.139828	0.00703773	0.037928	0.0101159	0.00543607	0.0366645	0.00507292	0.0093394	0.0393753	0.0466286	0.325286	0.0176694	0.00348144
5	0.0587804	0.020604	0.0114523	0.0393666	0.014406	0.0244713	0.0245521	0.0498201	0.068045	0.0603273	0.0286841	0.0655728	0.0294837	0.0746673	0.0707463	0.124823	0.136196	0.0774073	0.00468759	0.0159067
6	0.212526	0.00171448	0.00110163	0.00156618	0.00112223	0.0049246	0.00174841	0.00435934	0.00181861	0.00260225	0.00150812	0.00966877	0.646287	0.0017489	0.00202589	0.0709455	0.00487568	0.0162439	0.00052651	0.0126857
7	0.0229357	0.0248097	0.00145941	0.00172756	0.0249442	0.00420253	0.00253386	0.0370682	0.00122177	0.73839	0.0539643	0.00119279	0.00805829	0.0067281	0.00910961	0.0066078	0.0113273	0.0355808	0.000985839	0.0071526
8	0.0383723	0.0214679	0.00258457	0.00527803	0.0471351	0.00831582	0.00972889	0.0607357	0.0198184	0.56101	0.0502702	0.00611541	0.00731795	0.0177224	0.0370519	0.0172591	0.0181131	0.0578873	0.00195321	0.0118627
9	0.0787942	0.0186943	0.00388389	0.0052477	0.00282353	0.00976525	0.00769914	0.0223402	0.00560164	0.0268878	0.0329799	0.103374	0.00276975	0.0155408	0.0084626	0.241454	0.379174	0.0267975	0.000863203	0.00684669
10	0.0388986	0.00844014	0.278986	0.272879	0.00498947	0.0252557	0.0287473	0.00620826	0.0418888	0.0124106	0.00298788	0.0511746	0.00797775	0.0563074	0.0292613	0.0689001	0.0404825	0.0160017	0.00288044	0.00532256
11	0.0397471	0.0287083	0.0193475	0.0353004	0.0909262	0.00363431	0.0218161	0.0351169	0.00539593	0.33458	0.108533	0.0063949	0.00358984	0.0902838	0.00677066	0.00732211	0.0387429	0.0210549	0.0140105	0.0887244
12	0.0135997	0.00707276	0.00245285	0.00456448	0.272852	0.00540804	0.0251019	0.0216955	0.00488652	0.0205181	0.00499315	0.00363464	0.00358268	0.00466945	0.00971283	0.0148217	0.00518111	0.0208265	0.0113632	0.543063
13	0.0553118	0.00782395	0.0571709	0.218419	0.00485098	0.0158827	0.13024	0.0312022	0.0881879	0.0239402	0.00727645	0.029069	0.00461802	0.180146	0.0400729	0.0373805	0.0276876	0.0319864	0.00166285	0.00707002
14	0.00945607	0.00722849	0.00189761	0.00180946	0.507287	0.00417113	0.0208913	0.0184148	0.00101647	0.0624671	0.0118071	0.00236922	0.000571719	0.00137871	0.00771661	0.0091076	0.00262004	0.0181314	0.0167605	0.294898
15	0.0409504	0.0059487	0.00954339	0.0427796	0.00770299	0.0220791	0.0329395	0.00705944	0.284601	0.0272345	0.00416692	0.018434	0.00619904	0.0757551	0.311094	0.0621686	0.020468	0.0114022	0.00334171	0.00613145
16	0.259374	0.0362719	0.033299	0.0663632	0.0287817	0.0408843	0.00798093	0.0131691	0.0119106	0.0124046	0.00853436	0.167971	0.00686409	0.0358344	0.0105913	0.0846718	0.0959812	0.068711	0.00432281	0.00607929
17	0.0205137	0.00223581	0.120154	0.0707835	0.00159819	0.342223	0.0108405	0.00404483	0.0674566	0.00685113	0.00729564	0.224984	0.00115848	0.0187908	0.0446015	0.0425193	0.00541536	0.00344007	0.00337891	0.00171471
18	0.0276004	0.00371975	0.00921243	0.0340142	0.0119774	0.0220573	0.0275328	0.00750397	0.322005	0.0154766	0.00271744	0.0177333	0.00361166	0.0772111	0.336767	0.0220294	0.0363468	0.017746	0.00147249	0.00326513
19	0.0905762	0.0055359	0.00382017	0.00630482	0.00360244	0.00587786	0.473178	0.0454348	0.0406747	0.00789477	0.041724	0.00514701	0.00250196	0.080399	0.0480863	0.0443267	0.0458686	0.0416398	0.00174397	0.00566301
20	0.0704864	0.0222937	0.00610531	0.00968895	0.399403	0.0337559	0.0197577	0.0327751	0.0117264	0.0978284	0.0208694	0.0117057	0.00584001	0.0120006	0.0172876	0.0348822	0.0156753	0.0402498	0.0101846	0.127485
21	0.0346037	0.00725749	0.250075	0.374808	0.00500602	0.0199624	0.03232	0.00634467	0.0340011	0.0121061	0.00255945	0.0300458	0.00730242	0.0601835	0.023866	0.0521675	0.025179	0.0147286	0.00378293	0.00370108
22	0.0177373	0.00579803	0.00153557	0.000983872	0.0447494	0.00653122	0.00123733	0.121147	0.00264276	0.600827	0.0581355	0.00108773	0.00210979	0.00346613	0.00473511	0.00647501	0.00815472	0.101121	0.00343559	0.00808998
23	0.0081178	0.0101422	0.00239208	0.0009041	0.659026	0.00448575	0.0144154	0.00764025	0.000752463	0.084907	0.0176575	0.00330481	0.000367002	0.000719135	0.00365851	0.00776728	0.00203911	0.0146273	0.00969042	0.147386
24	0.0157742	0.012543	0.0051154	0.00541268	0.532267	0.00839125	0.0410592	0.0176761	0.0056742	0.0786187	0.019054	0.0117341	0.00189635	0.00772165	0.0126723	0.0186488	0.0073984	0.0172941	0.0118925	0.169156
25	0.0488253	0.160191	0.0116964	0.0294643	0.0152602	0.0246556	0.0208477	0.0271364	0.117438	0.0455113	0.0159666	0.0291079	0.010835	0.0386019	0.239245	0.0550715	0.0559805	0.0357392	0.00443798	0.0139875
26	0.053441	0.00780492	0.036367	0.0692123	0.00464711	0.0341432	0.0422282	0.0123621	0.222056	0.021041	0.00366999	0.0581262	0.00300647	0.0850059	0.202349	0.0650004	0.0507592	0.0221937	0.00126239	0.00532354
27	0.0520417	0.168902	0.00295217	0.0181136	0.00285372	0.00462462	0.00434018	0.00580307	0.00441555	0.00647137	0.00396503	0.550607	0.0162041	0.00419053	0.00457548	0.0821782	0.0418381	0.021531	0.00120992	0.00318284
28	0.152599	0.00563175	0.0165891	0.0246075	0.00214573	0.0105025	0.00519038	0.0105337	0.0215201	0.0117253	0.00403496	0.0164287	0.587887	0.00940848	0.00791967	0.0680904	0.0105307	0.0241065	0.000930322	0.00961764
29	0.0159826	0.00980066	0.00323269	0.0027142	0.58044	0.0112227	0.0152977	0.0184982	0.00358854	0.0902972	0.0196725	0.00443736	0.00208144	0.00280089	0.00704699	0.0119209	0.00479898	0.0222862	0.0109961	0.162884
30	0.0542614	0.00991633	0.0683998	0.0825607	0.00147231	0.138873	0.0435015	0.00438848	0.111262	0.00868452	0.00236344	0.12845	0.00273955	0.100148	0.0604412	0.11396	0.0509855	0.00837217	0.000750625	0.00846884
31	0.252387	0.0327256	0.0118459	0.0163501	0.00650417	0.47042	0.00892148	0.00818006	0.0090481	0.00944972	0.00331943	0.0153502	0.0045191	0.00808291	0.00804735	0.092385	0.013568	0.0192558	0.00292089	0.00671923
32	0.155229	0.0253041	0.0452261	0.271783	0.00172043	0.080361	0.00875997	0.0116776	0.0299184	0.00435154	0.0070331	0.0173915	0.0176938	0.106302	0.0143652	0.149956	0.0333974	0.010419	0.000966321	0.00814472
33	0.00911998	0.00424106	0.00079973	0.00102897	0.393336	0.00329714	0.0182085	0.0168935	0.000833858	0.0212364	0.00303253	0.00120864	0.000514641	0.000858651	0.00468947	0.00440227	0.00147797	0.0179277	0.00893737	0.487956
34	0.33141	0.0392968	0.00680022	0.0079046	0.0030431	0.0169481	0.00368124	0.0333721	0.00812771	0.0212028	0.0110861	0.0244059	0.0020373	0.00681121	0.00765823	0.198128	0.233206	0.0391204	0.00223087	0.00352948
35	0.0109771	0.012406	0.000576437	0.000802322	0.00180108	0.000897613	0.000467873	0.340239	0.0019827	0.119629	0.0216067	0.00384848	0.00227988	0.00245325	0.000588997	0.00112383	0.0118156	0.465926	0.000227282	0.000350085
36	0.0431684	0.0129758	0.00384233	0.00444275	0.439141	0.0211665	0.0104833	0.0541835	0.00657465	0.157156	0.03828	0.00489746	0.00513512	0.00790901	0.0110062	0.0254495	0.0123716	0.0707129	0.00896155	0.0621433
37	0.29304	0.154185	0.00233131	0.00501698	0.00807085	0.323004	0.00701945	0.00657255	0.0037871	0.00792579	0.00378804	0.00350121	0.0284211	0.00363678	0.00361617	0.053971	0.0187807	0.0533908	0.00843141	0.0115096
38	0.154032	0.023588	0.0269543	0.0280666	0.00494737	0.460799	0.0130892	0.0111789	0.0269646	0.0122468	0.0066459	0.0389503	0.00620697	0.0180536	0.0188222	0.100298	0.0218403	0.0182146	0.0029515	0.00614957
39	0.0322578	0.0289754	0.000979314	0.00228084	0.0114248	0.00642794	0.001324	0.182316	0.00314399	0.367192	0.0340325	0.0029136	0.00395188	0.00569093	0.00466126	0.011027	0.0132404	0.284082	0.000880129	0.00319831
40	0.0641983	0.0118231	0.0712821	0.101039	0.00133042	0.0618344	0.0426559	0.0046323	0.117546	0.0097484	0.00179992	0.118138	0.00362775	0.10508	0.0679906	0.135137	0.0608486	0.00936629	0.000872882	0.0110491
41	0.0314004	0.00581406	0.338738	0.283669	0.00363795	0.0231576	0.0380777	0.00475597	0.0342477	0.0110836	0.00262305	0.0342031	0.0101015	0.0652853	0.0241457	0.0490392	0.0225136	0.0122784	0.00166206	0.00356564
42	0.222457	0.210103	0.00263314	0.00953165	0.00448895	0.0466766	0.00570395	0.0570432	0.00840707	0.0702374	0.00572793	0.00467566	0.0144713	0.0100813	0.00870393	0.0401638	0.0333549	0.232552	0.00374193	0.00924555
43	0.00313495	0.00286955	0.00302671	0.000611577	0.011174	0.000859101	0.000493602	0.299285	0.000870092	0.459623	0.0753232	0.000592086	0.000371731	0.00146462	0.00259617	0.00101068	0.00972959	0.123619	0.00039916	0.00294627
44	0.0553826	0.00452	0.0324862	0.0514192	0.00346456	0.0407141	0.0480593	0.00575957	0.27808	0.0328782	0.00226192	0.0311907	0.00154201	0.0318887	0.280034	0.0555425	0.0328382	0.00873834	0.000780969	0.00241961
45	0.00856678	0.0105639	0.00256329	0.00090268	0.683073	0.00483154	0.0144545	0.00671303	0.000728266	0.0927326	0.0199214	0.00357186	0.000382326	0.000706084	0.00358789	0.00839553	0.00204156	0.0145679	0.00956205	0.112134
46	0.00841717	0.00590897	0.0022925	0.000693624	0.00937395	0.00109416	0.000535838	0.306812	0.00154112	0.32484	0.0525339	0.00177497	0.00119148	0.00245212	0.00171509	0.00148017	0.0111815	0.263732	0.00039943	0.0020291
47	0.0646375	0.0119289	0.0684722	0.0977835	0.00129013	0.0623745	0.0426855	0.00464028	0.118609	0.00971542	0.00178217	0.119513	0.00355815	0.105732	0.0684264	0.136205	0.0613974	0.00928353	0.000878042	0.0110874
48	0.0646226	0.0119336	0.068516	0.0976963	0.00129999	0.062335	0.0428281	0.00465862	0.118508	0.00972744	0.0017795	0.119651	0.00356065	0.105623	0.0684043	0.13625	0.0613571	0.00928763	0.000876305	0.0110853
49	0.00860114	0.0104897	0.00258733	0.000899525	0.683091	0.00483706	0.0143976	0.00705458	0.000717134	0.0928496	0.0199717	0.00356742	0.000382406	0.000703537	0.00357952	0.00835658	0.00208096	0.0146592	0.00963172	0.111542
50	0.0488044	0.00368769	0.0234296	0.0440107	0.00410189	0.0352588	0.0517708	0.00473751	0.28656	0.0232524	0.00179933	0.0324374	0.00138126	0.0364701	0.300703	0.0518425	0.037076	0.00873468	0.00137428	0.00256757
51	0.00881437	0.00867395	0.00307439	0.00249253	0.525753	0.00433477	0.0139905	0.0405399	0.00139628	0.106014	0.016313	0.00277113	0.00100155	0.00309529	0.00913781	0.00728319	0.00570611	0.0231669	0.0169689	0.199472
52	0.0767836	0.0100408	0.0191453	0.063732	0.00300666	0.0250574	0.016276	0.0143709	0.0712154	0.0165557	0.0106908	0.0478098	0.0175676	0.0518057	0.0360148	0.290109	0.197828	0.0240041	0.00163601	0.0063505
53	0.0354794	0.00764461	0.284947	0.309913	0.00408213	0.0245223	0.0296357	0.00440411	0.0415533	0.0129924	0.00190512	0.037183	0.00696654	0.0584149	0.0277989	0.060845	0.0311183	0.0144053	0.00160111	0.00458729
54	0.0303954	0.00571188	0.341866	0.283165	0.00357793	0.0235638	0.0382658	0.00471866	0.0342035	0.0110819	0.00245397	0.0346753	0.00992224	0.0640472	0.023926	0.0490093	0.0223001	0.0120606	0.00155446	0.00350061
55	0.0115515	0.0131647	0.000359839	0.000717968	0.00159137	0.000973066	0.000452032	0.33204	0.00203136	0.107835	0.0219389	0.00397194	0.00242542	0.00261066	0.000552962	0.0012041	0.0121611	0.483887	0.000211307	0.000319398
56	0.0354794	0.00764461	0.284947	0.309913	0.00408213	0.0245223	0.0296357	0.00440411	0.0415533	0.0129924	0.00190512	0.037183	0.00696654	0.0584149	0.0277989	0.060845	0.0311183	0.0144053	0.00160111	0.00458729
57	0.0100336	0.00360065	0.000508763	0.000832804	0.28019	0.00372481	0.0185037	0.0185701	0.000722437	0.00880924	0.00079144	0.000743064	0.000431225	0.000819775	0.00427401	0.00341029	0.00109634	0.0177379	0.0086218	0.616578
58	0.00458913	0.00175958	0.00286251	0.000552646	0.0260173	0.00250416	0.00047758	0.22123	0.000870381	0.548866	0.0607086	0.000534259	0.000307333	0.00150402	0.0016239	0.00147203	0.00784162	0.110609	0.00153392	0.00413647
59	0.0245103	0.0028179	0.0054442	0.0340658	0.00874777	0.0124299	0.0227287	0.00781815	0.312153	0.0129253	0.00159775	0.0145518	0.00586354	0.0924474	0.378805	0.0154675	0.025079	0.0196834	0.00109773	0.00176554
60	0.0635032	0.010864	0.060109	0.0995405	0.00152965	0.0572548	0.0378849	0.00439295	0.115707	0.0111296	0.00261672	0.102932	0.0043536	0.100959	0.0548554	0.169388	0.083281	0.0100733	0.000864555	0.00876178
61	0.0337676	0.00701633	0.292824	0.307377	0.0038887	0.0247685	0.030863	0.00510935	0.0408386	0.0128007	0.00211573	0.0354238	0.00937465	0.0598997	0.0276074	0.0587754	0.0280847	0.0137234	0.00156957	0.00417192
62	0.0324765	0.00544652	0.284536	0.310084	0.00338782	0.0274377	0.029303	0.00465881	0.0380199	0.00991191	0.00259118	0.0319235	0.0344971	0.0634887	0.0312334	0.0524612	0.0209499	0.0128284	0.00146426	0.00330095
63	0.239134	0.0091586	0.0612224	0.224466	0.00537311	0.209613	0.00457114	0.00834813	0.00774648	0.00876105	0.00546194	0.00742295	0.00526593	0.039956	0.0260908	0.092118	0.0102722	0.00922769	0.00232876	0.0234617
64	0.0297799	0.0171171	0.00279898	0.0034008	0.478867	0.0139187	0.0166694	0.015598	0.0043587	0.0581117	0.0136533	0.00358659	0.00258894	0.00520816	0.007942	0.0132796	0.00432456	0.0198176	0.00977743	0.279201
65	0.00856678	0.0105639	0.00256329	0.00090268	0.683073	0.00483154	0.0144545	0.00671303	0.000728266	0.0927326	0.0199214	0.00357186	0.000382326	0.000706084	0.00358789	0.00839553	0.00204156	0.0145679	0.00956205	0.112134
66	0.0354794	0.00764461	0.284947	0.309913	0.00408213	0.0245223	0.0296357	0.00440411	0.0415533	0.0129924	0.00190512	0.037183	0.00696654	0.0584149	0.0277989	0.060845	0.0311183	0.0144053	0.00160111	0.00458729
67	0.00994065	0.00579541	0.000639595	0.0016932	0.28841	0.00326545	0.0285017	0.024135	0.00101454	0.0184394	0.00114071	0.0010483	0.000542342	0.00111246	0.0107519	0.00939884	0.00190828	0.0203493	0.0175065	0.554407
68	0.0190682	0.0114441	0.00258555	0.00351152	0.0289778	0.00444379	0.00395291	0.111104	0.00486117	0.611167	0.0642166	0.00248439	0.00339941	0.0117672	0.00921091	0.00752002	0.0114749	0.076848	0.00207202	0.00989066
69	0.103073	0.0165169	0.00270299	0.0444693	0.00200599	0.0554106	0.00397782	0.0137415	0.219394	0.058734	0.0134681	0.0132933	0.00254242	0.0734	0.179355	0.178936	0.00579611	0.00963253	0.000948962	0.00260141
70	0.0640894	0.0125493	0.0655559	0.101278	0.00132011	0.0643604	0.0405846	0.00484943	0.114576	0.00984797	0.00209242	0.115297	0.00406966	0.103334	0.0636911	0.142564	0.0696419	0.00930863	0.000893779	0.0100967
71	0.0042181	0.00212413	0.00386619	0.00061544	0.0175789	0.00138189	0.000538745	0.274788	0.000835265	0.459882	0.0637389	0.000622262	0.000405739	0.00205269	0.00196009	0.00124875	0.0104159	0.149255	0.000882093	0.00359014
72	0.0131795	0.0047149	0.487875	0.0267363	0.00685424	0.0109393	0.0373044	0.0069288	0.007981	0.00401028	0.00212166	0.220576	0.00120143	0.00416409	0.00423481	0.100458	0.0440437	0.0114892	0.00355264	0.00163506
73	0.22627	0.27141	0.00302187	0.00507484	0.00758689	0.151184	0.00404084	0.00890855	0.00422891	0.0125096	0.00352715	0.00472857	0.0734208	0.00469824	0.00513975	0.0549215	0.0486779	0.0790367	0.0180354	0.0135776
74	0.0619047	0.00731644	0.051766	0.0701517	0.00185067	0.0509019	0.0475845	0.00414141	0.206373	0.0194055	0.00158907	0.0752634	0.00229984	0.0568933	0.187268	0.0937407	0.0470943	0.00736366	0.000728939	0.00636292
75	0.0114192	0.0128179	0.000397064	0.000719793	0.00185205	0.00099918	0.000455383	0.330787	0.00200344	0.114381	0.0221302	0.00403187	0.0023414	0.00253835	0.000577801	0.00121952	0.0120285	0.478707	0.000229139	0.000364429
76	0.0163969	0.0402775	0.00619041	0.102283	0.00431312	0.00698485	0.0093641	0.083291	0.164792	0.0132099	0.0103222	0.0102293	0.00413199	0.0696918	0.100035	0.0902164	0.224419	0.0372873	0.00197285	0.00459197
77	0.00422905	0.00218456	0.00373254	0.000612367	0.0176577	0.00133679	0.000518763	0.278952	0.000810114	0.457585	0.0650253	0.000607362	0.000345076	0.00180595	0.00198449	0.00121094	0.0100297	0.146935	0.000805779	0.00363132
78	0.0277007	0.00705021	0.00291099	0.0221985	0.118882	0.00589856	0.181626	0.0253982	0.00616262	0.00751232	0.00569597	0.00701485	0.00231823	0.00442503	0.083676	0.107227	0.0254142	0.00717736	0.0635139	0.288197
79	0.49646	0.0200022	0.016084	0.00783959	0.00304302	0.0436995	0.00128614	0.0152693	0.00185212	0.0108437	0.0017464	0.0171306	0.000837285	0.00187005	0.0145542	0.281638	0.0422825	0.0201765	0.00216351	0.00122166
80	0.0578583	0.0126243	0.000378767	0.00534439	0.0307038	0.00898002	0.00376661	0.236705	0.022663	0.150664	0.047736	0.00360602	0.0165776	0.0214658	0.0292496	0.0224278	0.0382197	0.279052	0.000256549	0.0117214
81	0.0605202	0.0037403	0.0361488	0.0787181	0.00169495	0.00662219	0.0120972	0.0118267	0.0866828	0.0212059	0.0115625	0.0252664	0.515405	0.0115715	0.0160585	0.0624841	0.0171766	0.0178322	0.000750188	0.00263578
82	0.0427527	0.00841693	0.254372	0.320221	0.00502281	0.0320056	0.0284485	0.00659268	0.0384828	0.0119289	0.00375933	0.0384521	0.0112554	0.0594914	0.0273343	0.0601809	0.0278235	0.0155151	0.00321992	0.00472441
83	0.213361	0.10422	0.00842951	0.0147492	0.0104964	0.394869	0.0105216	0.0136837	0.0122011	0.0162747	0.00970079	0.0123016	0.0183153	0.0117669	0.0112964	0.0621285	0.018309	0.0385213	0.00615987	0.0126938
84	0.0177101	0.0101499	0.00687545	0.00870679	0.00134732	0.0217478	0.00177943	0.00373993	0.00279226	0.00267853	0.0167751	0.0024719	0.00133743	0.00260161	0.00223386	0.671719	0.196189	0.0149263	0.000618125	0.0136011
85	0.0149161	0.0128993	0.000331516	0.000933275	0.00335359	0.00149437	0.000603784	0.325269	0.00328406	0.109616	0.0238452	0.00393855	0.00321107	0.003754	0.00231322	0.00257357	0.0137962	0.472659	0.000220475	0.000987081
86	0.264354	0.154525	0.002349	0.00918134	0.00331489	0.0549407	0.0040046	0.0642914	0.00480279	0.0486686	0.00553219	0.00369386	0.0154719	0.00491443	0.00542017	0.0638335	0.0484812	0.234134	0.00324359	0.00484216
87	0.0134798	0.0106335	0.00429528	0.00363753	0.605716	0.00776464	0.016575	0.0146359	0.00297645	0.0873017	0.0191038	0.004996	0.00121445	0.00421916	0.00691087	0.0106527	0.00472538	0.0198394	0.0103375	0.150985
88	0.212526	0.00171448	0.00110163	0.00156618	0.00112223	0.0049246	0.00174841	0.00435934	0.00181861	0.00260225	0.00150812	0.00966877	0.646287	0.0017489	0.00202589	0.0709455	0.00487568	0.0162439	0.00052651	0.0126857
89	0.0411716	0.00409332	0.0210682	0.0395567	0.00545887	0.0364127	0.043773	0.00486612	0.302034	0.0252741	0.00198955	0.0297219	0.00182045	0.0414528	0.312845	0.0410571	0.0328066	0.010423	0.00127776	0.00289673
90	0.0229992	0.011704	0.00694809	0.197083	0.00678371	0.010041	0.0102051	0.279916	0.0113077	0.0242331	0.119857	0.00958978	0.00566928	0.0108037	0.0116776	0.0168533	0.0130797	0.221476	0.00318815	0.00658456
91	0.151494	0.00908907	0.0158635	0.0239132	0.00208072	0.0103764	0.00550505	0.0105302	0.0232151	0.0120887	0.00426236	0.0160835	0.585642	0.00812785	0.00801763	0.0657825	0.0121101	0.0259024	0.00107964	0.00883616
92	0.0154117	0.00475749	0.00138169	0.000777063	0.0487353	0.00683583	0.000834858	0.118168	0.00144357	0.621836	0.0517175	0.000953123	0.00141177	0.00232848	0.00316871	0.00577305	0.00634067	0.0967014	0.00430179	0.00712241
93	0.00303995	0.00278273	0.00306758	0.00061161	0.011392	0.000881728	0.000501159	0.298417	0.000849111	0.464837	0.0764473	0.000548537	0.000324079	0.0014381	0.00263886	0.00102984	0.00980099	0.117985	0.00039771	0.00300998
94	0.0433054	0.0255186	0.0168097	0.0605104	0.0117055	0.0158843	0.0294041	0.0574087	0.0895099	0.057624	0.0310159	0.0498085	0.0146689	0.0910093	0.0960774	0.0993068	0.12018	0.0736845	0.00458777	0.0119806
95	0.0116384	0.0130969	0.000336614	0.000718669	0.00159522	0.000987846	0.00045128	0.331001	0.00204596	0.106884	0.0220575	0.00401177	0.00239869	0.0026096	0.000555806	0.00122963	0.0122127	0.485645	0.000211059	0.000312152
96	0.0758934	0.0142997	0.131376	0.223713	0.00232211	0.0426851	0.0279308	0.00840439	0.0696027	0.010371	0.00441524	0.0592275	0.010059	0.0883575	0.0404766	0.118396	0.0490958	0.0158446	0.00117115	0.00635809
97	0.239431	0.0362137	0.00732556	0.0124562	0.0060338	0.534672	0.0106784	0.00719991	0.00919678	0.00782004	0.00308148	0.0110399	0.00697889	0.00613274	0.00742	0.0617927	0.00865128	0.0146801	0.0026082	0.00658712
98	0.0685938	0.0159583	0.0331634	0.0564112	0.00866509	0.062602	0.0500992	0.025426	0.0551331	0.0287641	0.0141563	0.045302	0.210988	0.0484268	0.0683421	0.108361	0.0458238	0.0361285	0.00376721	0.0138881
99	0.00349367	0.00269898	0.00279369	0.000605734	0.0147526	0.00137822	0.000443769	0.273412	0.000838697	0.491446	0.0690125	0.000679666	0.000372796	0.0014962	0.00229983	0.00109532	0.00887322	0.12052	0.000707764	0.0030799
100	0.283898	0.0118423	0.00408786	0.0084213	0.00680633	0.173026	0.00750672	0.0843416	0.00694577	0.143063	0.00594284	0.00674508	0.0902694	0.00633966	0.00729623	0.0407572	0.0359028	0.0456346	0.026266	0.0049071
101	0.0127807	0.0113609	0.000696215	0.000806923	0.00350008	0.00133186	0.000567583	0.322877	0.00305986	0.1452	0.0286709	0.00355393	0.00261326	0.00329654	0.00195054	0.00200029	0.0137246	0.440819	0.000200765	0.000988954
102	0.225554	0.143774	0.00190775	0.0117833	0.00332725	0.0427987	0.00380381	0.089196	0.00523224	0.0811084	0.00644357	0.0027305	0.0110725	0.00585028	0.00647747	0.0429923	0.0316683	0.278767	0.00167117	0.00384257
103	0.0357424	0.0212312	0.013888	0.0257783	0.0294012	0.0182997	0.0462488	0.0612597	0.0440288	0.262323	0.046555	0.0629374	0.00968959	0.112612	0.0439278	0.0409556	0.040329	0.0523211	0.00515658	0.0273149
104	0.00585138	0.00329893	0.0026676	0.000708711	0.019325	0.00217195	0.000821642	0.239672	0.00154262	0.521657	0.0657661	0.00076467	0.00111275	0.00223831	0.00311858	0.00220708	0.00947174	0.112521	0.00106012	0.00402287
105	0.0082809	0.00316154	0.00190523	0.000585307	0.0345571	0.00395878	0.000515461	0.164282	0.000889911	0.611378	0.0543626	0.000543293	0.000970484	0.001414	0.00219416	0.00264213	0.00619178	0.0949927	0.00248804	0.00468662
106	0.0641654	0.0141614	0.141202	0.261471	0.00576167	0.0307629	0.0324595	0.0217358	0.0691604	0.0208117	0.00947229	0.0392002	0.0135061	0.0770545	0.0505125	0.0716937	0.0379687	0.0290918	0.00282295	0.00698586
107	0.0377501	0.0112249	0.00699816	0.00839642	0.00169219	0.0178755	0.00321706	0.00730794	0.00545792	0.00828881	0.0179096	0.0186099	0.00187463	0.00602889	0.00435853	0.556318	0.258889	0.0165725	0.000685674	0.0105443
108	0.103886	0.00406562	0.0139805	0.0227335	0.00214058	0.00697436	0.00539225	0.00876179	0.0268241	0.0122126	0.00518623	0.0161733	0.566649	0.00697196	0.00765017	0.077099	0.0754704	0.0287427	0.00112394	0.00796193
109	0.0134037	0.00374677	0.00153612	0.000870175	0.0646266	0.00583109	0.000753856	0.125178	0.00119583	0.6105	0.0488212	0.000772138	0.00116332	0.00164117	0.00256498	0.00484294	0.00584151	0.0949478	0.0055981	0.00616435
110	0.00744394	0.00539742	0.00163983	0.000666551	0.0234765	0.00337089	0.00057782	0.157919	0.000890737	0.639661	0.049031	0.000625479	0.00147601	0.00160275	0.00316369	0.00288784	0.00635955	0.0890968	0.00154902	0.00316459
111	0.0526803	0.168643	0.00295521	0.0181102	0.0029145	0.0046794	0.00436058	0.00574733	0.00439036	0.00642624	0.00392584	0.550525	0.0160932	0.00424992	0.00469212	0.0815053	0.0419505	0.0217563	0.00121151	0.0031832
112	0.00990139	0.00665081	0.00176664	0.000781633	0.0234604	0.00328129	0.0014473	0.166616	0.00196593	0.599149	0.0533141	0.00113442	0.00187205	0.00269066	0.00458495	0.00369257	0.00797869	0.104394	0.00138	0.00393806
113	0.0116384	0.0130969	0.000336614	0.000718669	0.00159522	0.000987846	0.00045128	0.331001	0.00204596	0.106884	0.0220575	0.00401177	0.00239869	0.0026096	0.000555806	0.00122963	0.0122127	0.485645	0.000211059	0.000312152
114	0.0391263	0.0182447	0.0962357	0.0424955	0.00852052	0.0333517	0.102423	0.0286026	0.031104	0.0146041	0.00604902	0.260493	0.00629556	0.023721	0.0233052	0.192411	0.0415615	0.019757	0.00281346	0.00888625
115	0.0100716	0.00400574	0.000586895	0.000831638	0.302453	0.00376725	0.0179723	0.0176263	0.000735733	0.0127352	0.00180928	0.000900444	0.000432206	0.000818021	0.00435514	0.00356067	0.00112839	0.0171845	0.00866721	0.590359
116	0.211351	0.00173834	0.00134033	0.00249658	0.0011913	0.00508922	0.00192218	0.00450613	0.00259895	0.00273242	0.00170379	0.00992785	0.641677	0.00220143	0.0023323	0.0722234	0.0050323	0.0163578	0.000525639	0.0130526
117	0.104569	0.026753	0.00872493	0.0205377	0.00633572	0.0199062	0.0116333	0.0652525	0.0283815	0.0365622	0.0221945	0.0364664	0.00810593	0.0253465	0.0243537	0.273157	0.205251	0.0632367	0.00238745	0.0108442
118	0.0133228	0.00851859	0.00270962	0.00209426	0.0223198	0.0045031	0.00339374	0.190039	0.00553008	0.533837	0.0579207	0.00281127	0.00245834	0.00682418	0.00828932	0.00665681	0.0116408	0.110393	0.00153256	0.00520527
119	0.0117412	0.0130014	0.000356126	0.000745713	0.00175478	0.00102191	0.000465548	0.33045	0.0021417	0.109407	0.0225653	0.00403059	0.00242848	0.00268606	0.000663534	0.00132961	0.0122611	0.482387	0.000210664	0.000352283
120	0.222868	0.0611567	0.00314229	0.00662584	0.00212702	0.00703234	0.00374003	0.044586	0.00781933	0.0304753	0.0170132	0.026172	0.00185568	0.00696822	0.00486729	0.184595	0.311852	0.0523235	0.00109931	0.0036807
121	0.0665641	0.0166194	0.0191492	0.0411091	0.00438634	0.0230726	0.0190145	0.0204992	0.0711569	0.0239589	0.0164459	0.047591	0.0108553	0.0440691	0.0388027	0.254796	0.239332	0.0332026	0.00160434	0.0077714
122	0.04895	0.015356	0.0536422	0.0654284	0.00760231	0.0616754	0.0373818	0.0167667	0.170411	0.0232602	0.0097476	0.123458	0.00977687	0.0669447	0.117736	0.0856595	0.0488325	0.0221581	0.00394526	0.0112676
123	0.307623	0.0201964	0.0224162	0.0371448	0.0055746	0.0978715	0.0117427	0.0157513	0.0498019	0.0213732	0.00720123	0.0319078	0.00742024	0.0271365	0.0660716	0.196681	0.0389511	0.0251481	0.00282426	0.00716201
124	0.260378	0.063474	0.0046107	0.00910711	0.00212383	0.0124253	0.00428901	0.0558172	0.0183641	0.0248087	0.0239841	0.0198772	0.00304809	0.00865971	0.0069682	0.215007	0.200068	0.0621883	0.00134933	0.00345137
125	0.0509718	0.0340736	0.0143008	0.0328916	0.0252866	0.0258415	0.0285648	0.0686612	0.0818319	0.0967971	0.0831565	0.0316614	0.0147482	0.0488309	0.157535	0.065024	0.0514227	0.0646443	0.00563929	0.0181173
126	0.00955288	0.0113469	0.00345871	0.00304579	0.638693	0.00481268	0.0187577	0.00793738	0.0011239	0.10086	0.0296134	0.00434933	0.00055439	0.00268066	0.00432695	0.00827994	0.00529502	0.0156493	0.0093633	0.120299
127	0.0263915	0.00378397	0.00772506	0.0359503	0.00879046	0.0142488	0.0258228	0.00935143	0.307403	0.0180007	0.00249795	0.014336	0.00502358	0.0893722	0.359393	0.0200634	0.0250466	0.0222938	0.00156151	0.00294376
128	0.0190168	0.006531	0.0014096	0.00232378	0.0338427	0.00656939	0.0431514	0.0919074	0.0580735	0.445859	0.0816914	0.0195268	0.00135516	0.0427848	0.0573251	0.0118259	0.0159691	0.0485626	0.000779719	0.0114945
129	0.204028	0.0389979	0.00121612	0.0330575	0.00656474	0.0277366	0.0027138	0.115691	0.00592767	0.0557312	0.0133327	0.00272729	0.0225887	0.00356683	0.00886722	0.0734291	0.0730595	0.304595	0.00384162	0.00232752
130	0.0494518	0.0181786	0.0118591	0.0412903	0.0120804	0.0225198	0.0285486	0.0556148	0.0787621	0.0671247	0.0274385	0.0629063	0.0227486	0.0752846	0.0781567	0.111638	0.130349	0.0857322	0.00523131	0.0150852
131	0.0246621	0.0276466	0.00206143	0.00334423	0.0279001	0.00490398	0.00433284	0.0379928	0.00293634	0.70301	0.0564111	0.00237877	0.0108453	0.0105741	0.0106741	0.00794786	0.0159818	0.0360572	0.00131321	0.00902601
132	0.0280589	0.00980884	0.00199918	0.00258064	0.0580114	0.00605889	0.00301323	0.101461	0.00517877	0.543589	0.0698143	0.00180553	0.00340958	0.00927263	0.00832765	0.0111311	0.0128859	0.100486	0.00492841	0.018179
133	0.0345697	0.00831047	0.273602	0.315971	0.0115754	0.0237482	0.0274804	0.00618387	0.0387817	0.0134519	0.00361132	0.0379639	0.00765623	0.0532407	0.0337908	0.0535025	0.0302045	0.0171156	0.00382561	0.00541357
134	0.0158915	0.00784523	0.00490347	0.00341292	0.491674	0.00522944	0.00919345	0.0516606	0.00188531	0.204832	0.0441043	0.00317651	0.00108714	0.00455467	0.00353008	0.00786153	0.0101116	0.0473688	0.0207372	0.0609405
135	0.0472734	0.00893507	0.0733478	0.0507408	0.00318341	0.392671	0.0241342	0.00832157	0.0605954	0.0122618	0.00633835	0.131886	0.00419449	0.0351616	0.0327255	0.0689807	0.0220351	0.0113694	0.00191191	0.0039331
136	0.0433435	0.0317415	0.00202821	0.00387424	0.0218693	0.00614436	0.00281001	0.0380427	0.00382012	0.678486	0.056359	0.00238937	0.00704777	0.0101651	0.00943872	0.0142041	0.0145654	0.0462508	0.00108247	0.00633785
137	0.0510418	0.01801	0.0569281	0.119534	0.00874932	0.0318684	0.0332262	0.019657	0.154218	0.0257204	0.00905912	0.0387068	0.0128818	0.0805081	0.192662	0.0662939	0.0394763	0.028423	0.0037181	0.00931783
138	0.052823	0.152906	0.013746	0.0261896	0.0167127	0.022425	0.022873	0.03271	0.114423	0.0406567	0.0162818	0.0238331	0.010935	0.0376116	0.240953	0.0556378	0.0555786	0.043431	0.00488776	0.015385
139	0.295356	0.0447073	0.0125517	0.0202712	0.00712851	0.35704	0.0096992	0.0140405	0.0121648	0.0166753	0.00511232	0.0142558	0.0123981	0.0104044	0.0119301	0.0975371	0.0196813	0.0274405	0.00394458	0.00766143
140	0.0649227	0.0199265	0.0473263	0.0898989	0.0142116	0.0359812	0.0419154	0.0451432	0.0967169	0.0607671	0.0238457	0.0446074	0.0166831	0.137738	0.0802214	0.0678893	0.0464916	0.0444816	0.00494992	0.0162825
141	0.152466	0.0254112	0.0289543	0.0290408	0.00620934	0.460757	0.0145841	0.0103302	0.0221	0.012265	0.00569582	0.0411564	0.0073113	0.01882	0.013441	0.102877	0.0238927	0.0146194	0.00234255	0.00772621
142	0.143462	0.0127549	0.0114827	0.0256372	0.00492099	0.0138225	0.00834352	0.0211987	0.0213765	0.0183208	0.00722922	0.0312969	0.485142	0.0129251	0.0137444	0.068188	0.0179871	0.0694985	0.00255195	0.0101169
143	0.0192339	0.00560675	0.305927	0.0470954	0.00434335	0.0782027	0.026824	0.0114693	0.0331627	0.00831182	0.0049419	0.27772	0.00215027	0.00996535	0.0294686	0.081601	0.0246329	0.0110633	0.0146893	0.00359041
144	0.245233	0.037867	0.00963521	0.0123908	0.00574352	0.520626	0.00941149	0.00575778	0.0081017	0.00843618	0.00289462	0.0101691	0.00764603	0.00755987	0.00636965	0.0667903	0.00872522	0.0160065	0.00303082	0.00760511
145	0.26803	0.0344146	0.00142714	0.00365946	0.00559291	0.579216	0.00840963	0.00314762	0.00213939	0.00453679	0.00182851	0.00241836	0.00212647	0.00201494	0.0027427	0.0561677	0.00342212	0.0100064	0.00218942	0.00650985
146	0.0113012	0.00315633	0.0019177	0.000656097	0.0461621	0.0046985	0.000679737	0.157264	0.0010395	0.585203	0.0564034	0.000620857	0.000958752	0.00179547	0.00223341	0.0037655	0.00696714	0.104838	0.00379143	0.00654787
147	0.0179245	0.0103856	0.00693156	0.0088879	0.00131941	0.0226606	0.00194254	0.00377621	0.00285212	0.0028806	0.0171358	0.00268912	0.00131554	0.00278629	0.0023789	0.668696	0.196099	0.0155917	0.000642088	0.0131044
148	0.265105	0.0364172	0.00437971	0.00864223	0.00620659	0.530428	0.00894014	0.00812241	0.00416922	0.00893177	0.00267272	0.00630432	0.00780491	0.00368883	0.00464941	0.0590489	0.00687042	0.0169771	0.00322412	0.00741703
149	0.120697	0.0238377	0.026502	0.0320692	0.0069925	0.16816	0.0146752	0.0138407	0.0264996	0.0159146	0.0102464	0.0363448	0.00794913	0.0219012	0.0222911	0.331967	0.0802628	0.0264777	0.00254825	0.0108234
150	0.02473	0.00279156	0.00573992	0.0344227	0.00867035	0.0131128	0.0234061	0.00837547	0.316236	0.0131596	0.00169408	0.0143802	0.00501089	0.0900321	0.372454	0.0160581	0.0265048	0.0206807	0.000937707	0.00160274
151	0.100117	0.0832587	0.0133664	0.0232507	0.0865945	0.0340858	0.0855554	0.0337661	0.0215655	0.0498119	0.0202188	0.023524	0.0128593	0.027067	0.0344081	0.0492652	0.0274082	0.0392078	0.0101419	0.224527
152	0.477642	0.0222674	0.0169406	0.00763361	0.00300967	0.0410025	0.00134653	0.0146308	0.00201409	0.0106979	0.00195199	0.0180792	0.00086936	0.00198296	0.0142455	0.300904	0.0416777	0.0196189	0.00219286	0.00129226
153	0.0106933	0.00383269	0.000523337	0.00108909	0.277773	0.00379428	0.0232483	0.0209194	0.000788428	0.0105055	0.000917761	0.000837594	0.000500702	0.000945382	0.00650515	0.00570165	0.00150336	0.0191004	0.0104322	0.600388
154	0.00307234	0.00280068	0.00306632	0.000612217	0.0113584	0.000877722	0.000500375	0.298585	0.000853168	0.464267	0.0765939	0.000548522	0.000328656	0.00145691	0.00265255	0.00105986	0.00985928	0.118096	0.000404769	0.00300613
155	0.225626	0.070811	0.00791815	0.0192253	0.00773847	0.242182	0.00828994	0.0315039	0.0082086	0.0350675	0.00571731	0.0123598	0.149687	0.0103647	0.00877472	0.0611678	0.0258434	0.049349	0.00994957	0.0102158
156	0.256288	0.0347788	0.00776535	0.0135715	0.00635643	0.497862	0.00867556	0.00694368	0.006583	0.00839913	0.00334653	0.00857592	0.00560649	0.00681671	0.0074294	0.0857377	0.0118794	0.0134902	0.00262794	0.00726686
157	0.0399074	0.0452517	0.00563348	0.00688551	0.510078	0.00833739	0.0170613	0.017206	0.0032895	0.101961	0.0425538	0.00651807	0.00307523	0.0184025	0.00734065	0.0151291	0.0104826	0.0225511	0.00975681	0.10858
158	0.0215825	0.00710154	0.421839	0.0232304	0.013364	0.0122675	0.0741747	0.0137626	0.00774015	0.00639548	0.00232063	0.220522	0.00150116	0.00687706	0.00791791	0.0957007	0.0410282	0.0164054	0.00280648	0.00346216
159	0.245057	0.0502674	0.00659222	0.0326362	0.0699042	0.329185	0.00844752	0.0104945	0.00627179	0.0372596	0.00693107	0.00625428	0.00744628	0.00739967	0.00854645	0.0820088	0.0117383	0.016344	0.0247229	0.0324927
160	0.0478072	0.013955	0.00905094	0.0105174	0.00220734	0.0166823	0.00467584	0.0100939	0.00932414	0.0115312	0.0182321	0.0236854	0.00330782	0.0100045	0.00739763	0.492659	0.279585	0.0191739	0.000917541	0.00919134
161	0.11355	0.0276484	0.013268	0.0261118	0.00891309	0.0352626	0.0133276	0.0445138	0.0265247	0.031802	0.0173766	0.0246341	0.0143052	0.0235462	0.0246283	0.339799	0.110135	0.0899061	0.0031944	0.0115525
162	0.0495529	0.0508713	0.080222	0.0512573	0.00976567	0.0503494	0.0392971	0.0241315	0.0419864	0.0219962	0.0105691	0.305939	0.0133222	0.0320197	0.0335648	0.0920321	0.0482582	0.0298299	0.00393347	0.0111011
163	0.0579606	0.014294	0.000616826	0.00589026	0.0271291	0.00838581	0.00391854	0.197525	0.019633	0.216581	0.0505983	0.00344112	0.0132761	0.0201988	0.0260286	0.0268929	0.0399331	0.256615	0.000592283	0.0104892
164	0.041796	0.0239721	0.0230319	0.0350123	0.0627926	0.00459961	0.0193802	0.0467311	0.00780774	0.377716	0.0880987	0.00952249	0.00404325	0.0957178	0.0094327	0.0107992	0.0311339	0.0212736	0.0105348	0.0766044
165	0.387573	0.0276049	0.015529	0.0238139	0.0057943	0.0603544	0.0075712	0.0218065	0.0139613	0.0171935	0.00679217	0.0229435	0.0190913	0.0129684	0.0197502	0.234639	0.0597873	0.0324508	0.00367036	0.00670503
166	0.258341	0.033574	0.00221139	0.00454966	0.00606723	0.571492	0.0107765	0.00410767	0.00280403	0.00542847	0.00225734	0.00377501	0.00275026	0.00257134	0.00434913	0.0605327	0.00439933	0.0106364	0.00250005	0.00687739
167	0.0244135	0.0172387	0.0028483	0.0238641	0.0325823	0.00571267	0.0747396	0.011352	0.275988	0.02658	0.0143478	0.0276636	0.00371382	0.100475	0.195406	0.0836206	0.0113088	0.00974559	0.0190476	0.0393521
168	0.0222937	0.0058033	0.00150695	0.00242525	0.0323856	0.00748089	0.0361518	0.100733	0.060394	0.431637	0.0872715	0.016801	0.00178567	0.0381905	0.0595235	0.0132256	0.0189452	0.0524928	0.000730741	0.0102221
169	0.00855857	0.00440253	0.000707809	0.00134678	0.307357	0.00312709	0.0196267	0.0329523	0.0010675	0.0329637	0.00115122	0.00110193	0.000613524	0.00125266	0.0120779	0.0054901	0.00167882	0.0253528	0.0177234	0.521448
170	0.0227755	0.00257795	0.123923	0.0445805	0.00162735	0.389236	0.0240298	0.00567333	0.0594249	0.00721411	0.00467638	0.17736	0.00103056	0.0227804	0.0228568	0.0707624	0.0108432	0.00512929	0.00212201	0.00137633
171	0.0119051	0.0120595	0.000600073	0.002448	0.00252166	0.00122476	0.000734547	0.371621	0.00243357	0.111914	0.0235486	0.00418233	0.00251875	0.00281053	0.00164697	0.0020608	0.0117329	0.433063	0.000306588	0.000667526
172	0.0521907	0.00465626	0.0465913	0.0659087	0.00242583	0.0090068	0.0140498	0.0153303	0.0787811	0.0319326	0.00910677	0.0344903	0.491188	0.0159778	0.0162322	0.0654821	0.0192805	0.0215512	0.0016096	0.00420853
173	0.0126419	0.0147655	0.000462569	0.000779263	0.00171573	0.00118791	0.000619615	0.329481	0.00212481	0.107874	0.0218378	0.00396514	0.00270613	0.00272747	0.000729202	0.00175617	0.0123362	0.481683	0.000223571	0.000383376
174	0.0901667	0.0346328	0.00498399	0.0167795	0.00440505	0.0798324	0.00747401	0.0137605	0.124583	0.0442046	0.0293285	0.0119787	0.00422486	0.0228635	0.274667	0.116712	0.0346983	0.0779733	0.00204863	0.00468266
175	0.164747	0.0265208	0.0267269	0.0256705	0.00585598	0.499588	0.0136977	0.00605359	0.0251516	0.00987953	0.00385229	0.0372137	0.00601513	0.0158577	0.0146793	0.0829108	0.0154478	0.0114025	0.00228402	0.00644552
176	0.0869442	0.027028	0.0237918	0.0362002	0.00883848	0.0205561	0.0186902	0.0354245	0.0357653	0.0377794	0.0216585	0.0483969	0.00909487	0.035409	0.0298406	0.199907	0.26043	0.0457661	0.00446288	0.0140164
177	0.0262393	0.00922666	0.00964733	0.0130551	0.0157717	0.0103531	0.0965122	0.162997	0.0171251	0.119301	0.191473	0.0718521	0.00472776	0.058493	0.0240205	0.0217103	0.0190365	0.0921472	0.00511544	0.0311955
178	0.481479	0.0195939	0.0162838	0.00939709	0.00380125	0.0469543	0.0022088	0.0148488	0.00328939	0.0119196	0.00201724	0.0169974	0.00110085	0.00309001	0.0153225	0.285279	0.0417959	0.0209131	0.00212489	0.00158388
179	0.0508985	0.0203779	0.0439324	0.0500652	0.0424117	0.0306281	0.218827	0.040233	0.0508098	0.0482255	0.0189648	0.0772888	0.00769208	0.0563922	0.0497925	0.0677256	0.0346287	0.0296586	0.00710215	0.054345
180	0.0660439	0.00815826	0.00747849	0.00665347	0.00375752	0.015926	0.00254849	0.00449622	0.00286121	0.00764026	0.0100957	0.00663971	0.0016088	0.00319685	0.00574166	0.700839	0.121892	0.0147987	0.00116214	0.0084615
181	0.0101351	0.00372476	0.000553424	0.000866895	0.324869	0.00351162	0.0187163	0.0176872	0.000788014	0.0104201	0.00111534	0.000895491	0.000471163	0.000849476	0.00426045	0.00360938	0.00114788	0.0177409	0.00851505	0.570122
182	0.0114746	0.0129566	0.000369886	0.00105956	0.00161726	0.000961291	0.000506338	0.338745	0.00203039	0.106067	0.0218683	0.00402358	0.00239585	0.0025393	0.000594788	0.00127787	0.0119813	0.478996	0.000214849	0.000319955
183	0.0705797	0.018405	0.0033245	0.00362493	0.00223079	0.00883729	0.0067644	0.0223785	0.00627732	0.0297251	0.0372789	0.0774629	0.00247842	0.0183064	0.00867417	0.258136	0.395749	0.0217615	0.000824545	0.00718076
184	0.208631	0.0162672	0.00922197	0.00882632	0.00295825	0.0197808	0.00592496	0.0173407	0.0099126	0.0143651	0.0126512	0.0424401	0.00315734	0.00915162	0.0103971	0.407451	0.173262	0.0220797	0.00170615	0.00447399
185	0.0101575	0.00377845	0.000546265	0.000978867	0.332017	0.0033799	0.0193899	0.0177149	0.000875368	0.00926146	0.000948059	0.00086524	0.000514	0.000842897	0.00459197	0.00380087	0.00121034	0.018533	0.00880736	0.561787
186	0.0730229	0.0131765	0.00216135	0.00604697	0.00417659	0.0149083	0.0122538	0.0411239	0.0157808	0.039466	0.0331002	0.0863471	0.00773877	0.0246403	0.0204319	0.246321	0.304092	0.0422675	0.00130669	0.0116379
187	0.0253392	0.0197062	0.0634544	0.0841554	0.0322469	0.0184046	0.0344677	0.0542028	0.160921	0.0402896	0.0321435	0.00709984	0.0166051	0.0930967	0.0779105	0.0123061	0.0115849	0.18161	0.00163739	0.032818
188	0.0261103	0.00638862	0.298784	0.208857	0.00364319	0.0315604	0.0253551	0.00692049	0.0421853	0.0135111	0.00268594	0.151104	0.0047207	0.0396231	0.0278263	0.0716036	0.0220725	0.0111297	0.00247607	0.00344186
189	0.0225584	0.00258639	0.00407894	0.00216461	0.274946	0.00571032	0.00209029	0.11882	0.00284205	0.364421	0.047834	0.00223237	0.00124748	0.00277381	0.00306761	0.00723779	0.0124728	0.0911982	0.0206698	0.011048
190	0.0672152	0.0135415	0.00043184	0.0065223	0.0363411	0.01049	0.00488985	0.217512	0.0283749	0.16188	0.0505568	0.0035697	0.0190311	0.0247919	0.0370202	0.0269853	0.0434422	0.232428	0.000281441	0.0146936
191	0.161225	0.0356716	0.0454722	0.249865	0.00141313	0.0514169	0.00623353	0.0143072	0.0368761	0.00278338	0.00861123	0.0172698	0.0274364	0.107069	0.0125234	0.165639	0.0403539	0.0102923	0.00068	0.00486126
