305	20
1	0.0778401	0.0081825	0.0884271	0.110176	0.00381392	0.0294696	0.0247612	0.00776334	0.133835	0.021845	0.0156667	0.057423	0.0237877	0.125539	0.11473	0.0816833	0.0565163	0.0110882	0.00258565	0.00486726
2	0.0630646	0.00945332	0.096135	0.140545	0.00137423	0.0297975	0.0180877	0.00441969	0.14038	0.0172045	0.0108766	0.0608047	0.00571062	0.136304	0.113286	0.0857868	0.0575744	0.0061069	0.000265761	0.00282122
3	0.142139	0.0123112	0.0165083	0.0560451	0.00275658	0.0579849	0.0141414	0.00469932	0.0933019	0.0390108	0.0102448	0.0358854	0.00721585	0.0800495	0.102495	0.263962	0.0545893	0.00444083	0.000535357	0.0016831
4	0.0254726	0.0136343	0.00298791	0.0270752	0.0269234	0.00625555	0.00685939	0.124812	0.00857363	0.508428	0.0529274	0.00691604	0.00934139	0.00976488	0.0106955	0.0172322	0.0233339	0.0987577	0.00288015	0.0171285
5	0.103363	0.00975125	0.0410862	0.0253704	0.0156196	0.0316298	0.0165582	0.0156458	0.0831076	0.0621091	0.0167347	0.0311852	0.211626	0.0520074	0.0861963	0.0609814	0.0593475	0.0329158	0.0316394	0.0131256
6	0.179084	0.0252747	0.000652204	0.00124842	0.00120487	0.0125721	0.00144087	0.276797	0.00207008	0.0768893	0.0411345	0.00126985	0.00333375	0.00148908	0.0020772	0.0502804	0.0649752	0.254695	0.000361836	0.00315071
7	0.163411	0.0445781	0.00826616	0.0345144	0.0193189	0.0548432	0.00681297	0.00835949	0.0546588	0.0132096	0.0051231	0.00947317	0.00330446	0.0283365	0.00636277	0.39236	0.077053	0.064161	0.00212934	0.00372409
8	0.152688	0.0139491	0.01038	0.00352451	0.00722063	0.622699	0.00398049	0.00433209	0.00534552	0.00848005	0.00203922	0.00864713	0.00324216	0.00522016	0.0139524	0.108394	0.00888137	0.00914227	0.00143841	0.00644297
9	0.0712978	0.00395509	0.286471	0.201136	0.00415239	0.0492814	0.0317049	0.00348335	0.0199361	0.0162087	0.00754856	0.0613248	0.0363807	0.0573689	0.0186233	0.07372	0.0361003	0.0140456	0.00183473	0.00542609
10	0.0466146	0.0231661	0.0126433	0.0155631	0.0149947	0.0157731	0.0119579	0.0921938	0.0171226	0.0399313	0.0213365	0.018996	0.0715418	0.0145921	0.0183012	0.0653363	0.38176	0.0551953	0.00531028	0.0576702
11	0.143575	0.0111688	0.00707399	0.00160066	0.00604742	0.65792	0.00344951	0.00335462	0.00222516	0.00625244	0.00185031	0.00420968	0.00431618	0.00247154	0.00652932	0.114386	0.00823439	0.00812575	0.000957678	0.00625196
12	0.0794547	0.241025	0.00740795	0.00729208	0.00745581	0.0331877	0.00685484	0.00873856	0.00981449	0.0143975	0.00634637	0.00957281	0.00488206	0.00861261	0.0054828	0.489375	0.0405306	0.0129809	0.00206633	0.00452205
13	0.112454	0.0239215	0.0114282	0.00709697	0.0119062	0.565947	0.00905902	0.0119658	0.00839745	0.0420091	0.0125167	0.0125626	0.00770536	0.0103254	0.0152699	0.0843685	0.0198022	0.0200814	0.00382534	0.00935727
14	0.0462036	0.0168506	0.0144408	0.0247202	0.0144315	0.0170929	0.0232729	0.0264261	0.29874	0.0459709	0.027445	0.0223978	0.0182616	0.0574865	0.182611	0.036719	0.0357914	0.0301019	0.0456896	0.0153473
15	0.0101588	0.018889	0.0023045	0.00251096	0.00204416	0.019423	0.00206366	0.00530783	0.00908812	0.00438031	0.0105459	0.00993673	0.0168452	0.00238754	0.00931592	0.445655	0.422603	0.00404991	0.000658511	0.00183163
16	0.0400344	0.026216	0.0150357	0.012958	0.0206092	0.00960025	0.405011	0.0126622	0.0109564	0.0512436	0.0102783	0.00923317	0.0198934	0.212358	0.0145145	0.0452505	0.0164434	0.041928	0.00350643	0.0222678
17	0.00730132	0.00546971	0.000745807	0.000941674	0.491633	0.0012015	0.00133478	0.0341605	0.00137923	0.0585708	0.00985298	0.00520847	0.000865348	0.00140631	0.00347481	0.00865702	0.00278432	0.0214609	0.0214969	0.322055
18	0.0191018	0.00352832	0.000378002	0.000652813	0.0148479	0.00157968	0.000555561	0.481445	0.00114654	0.182963	0.0383415	0.000481351	0.00306415	0.000572231	0.0006044	0.00537428	0.00965736	0.23436	0.000264609	0.00108158
19	0.00868518	0.0103525	0.000675229	0.00119958	0.0481198	0.000900174	0.0023523	0.064946	0.00154567	0.71369	0.0629529	0.00278919	0.00117119	0.00280724	0.00463341	0.010074	0.00803031	0.0344587	0.00268305	0.0179335
20	0.0126756	0.015328	0.122088	0.61363	0.00285055	0.0222714	0.0103726	0.00297533	0.00337451	0.0139326	0.00269009	0.0145078	0.0225297	0.0658762	0.00445215	0.0228913	0.0322119	0.0059045	0.00688302	0.00255519
21	0.0245425	0.00842405	0.0172562	0.00485897	0.00304036	0.0429605	0.0956127	0.0165633	0.144732	0.0251674	0.0132177	0.131461	0.00263599	0.0291679	0.172677	0.183788	0.0448794	0.00718284	0.000977869	0.0308532
22	0.00524888	0.00759048	0.000787729	0.000661777	0.00810145	0.0026768	0.000343648	0.533612	0.00265385	0.0649303	0.0127087	0.000504373	0.00298164	0.000421016	0.000464632	0.00113998	0.0035476	0.344621	0.00207634	0.00492748
23	0.0201829	0.00361721	0.000405508	0.000556787	0.0152185	0.00179287	0.00049964	0.475033	0.00129364	0.178157	0.0380339	0.000498209	0.00310376	0.000552712	0.000484384	0.00473103	0.00865478	0.245563	0.00030187	0.0013198
24	0.00836234	0.0467088	0.00187817	0.00487537	0.0065602	0.000625246	0.00318475	0.166457	0.00521334	0.0229864	0.0103987	0.00293035	0.00274503	0.000659302	0.00525732	0.0126579	0.00922109	0.686936	0.00100625	0.00133594
25	0.247847	0.0485316	0.00787633	0.0106694	0.00777865	0.0397208	0.00643403	0.014812	0.00965174	0.0172271	0.00873119	0.00939686	0.00583195	0.0141848	0.00350827	0.347721	0.166825	0.0289859	0.00165873	0.00260844
26	0.0595076	0.00751132	0.183977	0.170376	0.00649634	0.0276321	0.0263947	0.00917621	0.0414137	0.0186901	0.00824065	0.0658141	0.104657	0.106858	0.0355124	0.0641041	0.0359716	0.0164179	0.00293225	0.00831629
27	0.0819247	0.0208864	0.00951201	0.0176597	0.0098194	0.00986424	0.00591658	0.0414239	0.0123018	0.0330329	0.0149588	0.00926118	0.572193	0.0099004	0.0174391	0.0467894	0.0382568	0.0412233	0.00246325	0.00517322
28	0.0051481	0.0137332	0.00162849	0.00234329	0.00279738	0.00228812	0.00239439	0.0112183	0.0296497	0.0472222	0.0269097	0.00609865	0.00182602	0.0200317	0.694023	0.0180227	0.0498039	0.0376509	0.0215306	0.0056796
29	0.0421352	0.0291037	0.00610377	0.0164946	0.0188903	0.0107621	0.0240254	0.0263441	0.18943	0.0294728	0.0239619	0.0182181	0.00479735	0.0843507	0.362211	0.0358068	0.0303698	0.0267278	0.00793019	0.0128647
30	0.0212272	0.00540441	0.000369594	0.000806102	0.0170861	0.00153148	0.000693221	0.427577	0.0019496	0.22868	0.0400914	0.000619477	0.00391036	0.000755071	0.00112131	0.00488873	0.00935797	0.232484	0.000231924	0.00121582
31	0.533824	0.043603	0.00534518	0.0035703	0.00628868	0.0284875	0.00475784	0.0153436	0.00308068	0.018653	0.00845733	0.00354279	0.00232069	0.00686132	0.00206383	0.237757	0.0425374	0.0245982	0.000483501	0.00842425
32	0.164546	0.0603804	0.00842409	0.0145267	0.00407435	0.0167004	0.00588269	0.0567257	0.0174474	0.0310581	0.0239715	0.0163609	0.00771011	0.00757497	0.0116843	0.164704	0.266583	0.114399	0.00140586	0.00584071
33	0.0266868	0.00179293	0.000523625	0.00080302	0.00581302	0.0020104	0.000704317	0.511601	0.000972373	0.151338	0.0776745	0.000799648	0.00328844	0.000844726	0.000925927	0.0113475	0.0216276	0.179453	0.000315006	0.00147787
34	0.143902	0.0173996	0.0116049	0.00822577	0.0105689	0.0781995	0.00824448	0.00435863	0.0127333	0.010637	0.00113153	0.0128208	0.000977521	0.00597696	0.00111615	0.563349	0.0972613	0.0092262	0.00137974	0.000886598
35	0.0370061	0.0118812	0.000476421	0.00277494	0.0150967	0.00238948	0.00165137	0.246614	0.00495695	0.353792	0.0600605	0.00172314	0.0102519	0.00222464	0.00261801	0.00652333	0.0121642	0.222678	0.00024377	0.00487296
36	0.45239	0.0377774	0.00675393	0.00331269	0.00946261	0.0370381	0.00271724	0.00515808	0.0057606	0.0138765	0.00235425	0.00640167	0.00268558	0.00609978	0.0011693	0.341142	0.0509832	0.0108432	0.000712479	0.00336073
37	0.0630646	0.00945332	0.096135	0.140545	0.00137423	0.0297975	0.0180877	0.00441969	0.14038	0.0172045	0.0108766	0.0608047	0.00571062	0.136304	0.113286	0.0857868	0.0575744	0.0061069	0.000265761	0.00282122
38	0.0067102	0.0149332	0.00240243	0.00316907	0.0051926	0.00386621	0.00527807	0.0119037	0.037597	0.0451749	0.0246171	0.00649043	0.00343284	0.0290999	0.657036	0.018681	0.047396	0.0352521	0.0339371	0.00783007
39	0.00812011	0.044344	0.00184093	0.00472534	0.00640473	0.000847323	0.00318993	0.182709	0.00501734	0.0244335	0.0108783	0.00293793	0.00279843	0.000669322	0.00500667	0.0124723	0.00911254	0.671702	0.00116418	0.00162627
40	0.535961	0.0464219	0.00514221	0.00157321	0.00723737	0.0295676	0.00153238	0.00513887	0.00361926	0.0144925	0.00247159	0.0053804	0.00113558	0.00580966	0.00112146	0.280374	0.0381261	0.0106235	0.000562273	0.00370863
41	0.220704	0.0329852	0.0782905	0.110408	0.0203141	0.0143955	0.00440477	0.0139909	0.0808563	0.0256739	0.0225163	0.0432223	0.00656793	0.0696206	0.0279389	0.100595	0.0479865	0.0366573	0.0012927	0.041579
42	0.0180571	0.0205634	0.0714338	0.622079	0.00267205	0.0208213	0.00631579	0.00417991	0.00769632	0.0127217	0.00349529	0.010939	0.044623	0.0658972	0.0070104	0.0279397	0.0363123	0.00545295	0.00906198	0.00272764
43	0.01399	0.0101347	0.0031601	0.00551066	0.00652324	0.00495107	0.00468158	0.0277197	0.0561624	0.0918791	0.0494971	0.01495	0.00384648	0.0209811	0.564578	0.0340687	0.0313025	0.027371	0.0182237	0.0104683
44	0.0439769	0.0473687	0.0698212	0.00838772	0.00256805	0.500534	0.0225006	0.00925548	0.020828	0.00722011	0.00209944	0.0784483	0.0199999	0.0174441	0.0208187	0.0556316	0.0316439	0.0277764	0.0113387	0.00233781
45	0.0113378	0.0317774	0.051888	0.653708	0.00293149	0.0226205	0.00312372	0.00451579	0.00359468	0.0129576	0.00377432	0.00397437	0.0302893	0.0647661	0.00379583	0.0264033	0.0465859	0.0062375	0.0130528	0.00266492
46	0.10191	0.020165	0.00874882	0.0169844	0.00171677	0.00868755	0.00216485	0.0832107	0.0081245	0.0375868	0.022719	0.0256356	0.0132034	0.00754553	0.0188716	0.169055	0.290415	0.154058	0.000567608	0.00862951
47	0.00995158	0.0559083	0.00195317	0.00516823	0.00807529	0.00146126	0.00382369	0.168596	0.00716215	0.023573	0.0101867	0.00317665	0.00282425	0.00123557	0.00589654	0.0152191	0.0111481	0.662016	0.00104059	0.0015834
48	0.147624	0.035646	0.026899	0.0136798	0.00818029	0.405509	0.030783	0.0141251	0.016351	0.0215749	0.0125032	0.030481	0.0107059	0.0174595	0.01917	0.0937195	0.054387	0.0277099	0.00427167	0.00922012
49	0.0172171	0.0144097	0.00099896	0.00112181	0.412152	0.00133487	0.0824442	0.00666196	0.00855487	0.0114677	0.00191882	0.00450871	0.000952051	0.00933234	0.00323481	0.0212826	0.0124701	0.0217327	0.00918921	0.359015
50	0.100845	0.0192627	0.0124479	0.0125109	0.00474555	0.0141215	0.112254	0.0368901	0.0948492	0.0284672	0.0519423	0.0583127	0.00264348	0.112671	0.0938698	0.140837	0.0669235	0.0252738	0.00130721	0.00982481
51	0.00735042	0.0314354	0.00237072	0.00335865	0.00849066	0.0010975	0.00221679	0.302761	0.00444682	0.0346189	0.011067	0.00206591	0.00261808	0.000609551	0.00342591	0.00847299	0.00705987	0.56287	0.0012651	0.00239951
52	0.105935	0.0257387	0.0181334	0.0139412	0.0557193	0.231136	0.016179	0.0164188	0.0282324	0.0812662	0.0369226	0.0236956	0.0200604	0.0323102	0.104395	0.112801	0.0316834	0.0267972	0.00610437	0.0125302
53	0.0206984	0.00936613	0.00515715	0.00677705	0.123052	0.106206	0.0336223	0.0153804	0.00908172	0.195131	0.203627	0.00872148	0.0057338	0.0693314	0.0421107	0.104644	0.0149581	0.0170221	0.00318582	0.00619365
54	0.0260495	0.00281052	0.380303	0.25236	0.0029493	0.0303281	0.0353409	0.000878948	0.00908723	0.0105674	0.0017555	0.0632277	0.0194475	0.0595779	0.0109583	0.044935	0.0314378	0.0136669	0.000230704	0.00408718
55	0.322982	0.11324	0.00318692	0.00332954	0.0118895	0.0898708	0.00847475	0.0191513	0.0057115	0.0338749	0.013	0.0055501	0.00201974	0.004778	0.00547273	0.194798	0.094369	0.0513482	0.00247759	0.0144764
56	0.0685312	0.0365168	0.0066433	0.0224317	0.0106215	0.0141444	0.0358398	0.0195573	0.187347	0.0305361	0.0203909	0.0292337	0.00551515	0.10707	0.285845	0.0531035	0.0240166	0.0267262	0.00259718	0.0133327
57	0.0233271	0.00517845	0.000456132	0.000770945	0.00645612	0.00228988	0.000641794	0.392543	0.00274406	0.27437	0.0727708	0.000775251	0.00912794	0.000765022	0.00204146	0.00537137	0.011754	0.187044	0.000240049	0.00133296
58	0.0338355	0.0215172	0.00232286	0.0168883	0.0301579	0.00519591	0.00461927	0.125043	0.00352578	0.267331	0.115301	0.00680161	0.00553996	0.0170992	0.00644589	0.0287285	0.131223	0.166502	0.00208036	0.00984179
59	0.00730132	0.00546971	0.000745807	0.000941674	0.491633	0.0012015	0.00133478	0.0341605	0.00137923	0.0585708	0.00985298	0.00520847	0.000865348	0.00140631	0.00347481	0.00865702	0.00278432	0.0214609	0.0214969	0.322055
60	0.0743926	0.204303	0.00663594	0.00824546	0.00955265	0.0105474	0.00979731	0.0410248	0.0150403	0.0418612	0.143765	0.0109614	0.00676074	0.0123304	0.0142832	0.0363304	0.0854588	0.256414	0.00351495	0.00877928
61	0.0455679	0.0297592	0.011352	0.0118955	0.00665735	0.0170913	0.00666282	0.0324231	0.0104487	0.0190435	0.0136452	0.0148512	0.0296538	0.00862526	0.0113235	0.161125	0.515492	0.0364456	0.00254081	0.0153964
62	0.100687	0.0273772	0.0123592	0.0193093	0.00154515	0.00995476	0.0015179	0.0749757	0.0064382	0.0271943	0.0162432	0.0271625	0.0143777	0.00671124	0.0139893	0.168586	0.336998	0.127364	0.000572048	0.00663735
63	0.0481086	0.0186373	0.11582	0.163665	0.00695845	0.246538	0.0202409	0.0103251	0.0328275	0.0203545	0.00842934	0.0507633	0.0190957	0.0645877	0.0320396	0.0684656	0.0436949	0.0174527	0.00433754	0.00765792
64	0.00863299	0.0236785	0.00115732	0.00285916	0.00509574	0.00237506	0.00140485	0.378234	0.00350321	0.0422468	0.0140604	0.00155939	0.00333926	0.000549147	0.00224277	0.0058377	0.0081656	0.486715	0.00310272	0.00524025
65	0.00732336	0.00726338	0.000212487	0.000698081	0.0235301	0.000323579	0.000316633	0.0716265	0.00129531	0.753375	0.0626489	0.00133485	0.000690745	0.00212502	0.00313875	0.006959	0.00560892	0.0461819	0.00102955	0.00431817
66	0.0158336	0.00831612	0.00072314	0.00332022	0.0238931	0.00116772	0.00107979	0.0877279	0.0031113	0.669056	0.0647267	0.00239411	0.00285848	0.00601115	0.00417625	0.0105027	0.0165217	0.0715289	0.00104209	0.00600885
67	0.0541057	0.011601	0.011951	0.0303626	0.00600884	0.00747792	0.0278664	0.020068	0.27308	0.0346403	0.0271879	0.0234279	0.0031922	0.112972	0.263619	0.0354617	0.0338712	0.0144508	0.00346339	0.0051921
68	0.064211	0.00880659	0.0157978	0.0284579	0.0148492	0.00431338	0.0343373	0.0239892	0.251381	0.0265562	0.0519388	0.0199951	0.00270077	0.107491	0.228881	0.0333702	0.0380464	0.0213121	0.014215	0.00934919
69	0.00582209	0.00671669	0.000190384	0.000714585	0.02332	0.000330212	0.0002425	0.0591701	0.000975989	0.780295	0.0647958	0.00143123	0.000286025	0.00230263	0.00303567	0.00730884	0.00506504	0.0324668	0.0011309	0.00439971
70	0.00728373	0.0196362	0.0018359	0.00252647	0.00181223	0.0188697	0.00179065	0.00530688	0.00899906	0.0040127	0.010659	0.010065	0.0180632	0.00221842	0.00886711	0.439729	0.432104	0.00375983	0.000644024	0.00181738
71	0.0756915	0.154602	0.0106922	0.012636	0.0144874	0.0771683	0.163556	0.0978103	0.0144865	0.0455479	0.0193076	0.0135274	0.0094533	0.0203388	0.0145117	0.0625713	0.0468922	0.122468	0.00464818	0.0196034
72	0.00959787	0.00561741	0.000448307	0.000434362	0.0137156	0.00270831	0.000359458	0.498352	0.00186348	0.124409	0.0181303	0.000449086	0.00310611	0.000472823	0.00041087	0.00211977	0.00368035	0.310121	0.00114663	0.0028569
73	0.0133852	0.00336808	0.000480491	0.000446339	0.0158887	0.00182291	0.000389534	0.522245	0.00135905	0.135594	0.0276207	0.000470232	0.00259482	0.000485199	0.00045274	0.00357744	0.00608929	0.261572	0.000529098	0.00162997
74	0.0179072	0.00253034	0.000457581	0.000513576	0.0117127	0.00158007	0.000438108	0.512933	0.000948346	0.154087	0.0431566	0.000506447	0.00280225	0.000583003	0.000612716	0.0056556	0.0108815	0.230911	0.000429299	0.00135391
75	0.024469	0.00452941	0.410433	0.142364	0.00273889	0.0268546	0.0286021	0.00404019	0.0149029	0.00884366	0.00257279	0.132551	0.0217235	0.0492067	0.020385	0.0531171	0.032093	0.0163748	0.000714487	0.00348359
76	0.0161206	0.0204127	0.0671738	0.631067	0.00316765	0.0208048	0.00565855	0.00575294	0.00666749	0.0131814	0.00409989	0.00993971	0.0368421	0.0690649	0.00661306	0.0270906	0.0373167	0.00702049	0.0088402	0.00316499
77	0.123488	0.0257064	0.00112653	0.00493387	0.00213556	0.00783973	0.00176866	0.282297	0.00257536	0.0615689	0.0242292	0.00199757	0.00528562	0.00147331	0.00256929	0.0278504	0.0500501	0.368956	0.000903463	0.00324549
78	0.0874882	0.0298112	0.0276205	0.0192359	0.0180888	0.0205499	0.389396	0.0228041	0.0194511	0.0457743	0.0169494	0.0170866	0.0188975	0.0872002	0.0214171	0.0577928	0.0284786	0.0407232	0.00441128	0.0268235
79	0.0216226	0.0195347	0.0847398	0.582812	0.00328682	0.0214246	0.00791276	0.00612885	0.00943124	0.0151926	0.00525341	0.0149597	0.0374401	0.063873	0.00922363	0.0400676	0.0376026	0.00826031	0.00792499	0.00330852
80	0.0118976	0.0151144	0.00274522	0.00456919	0.00422501	0.00499388	0.00683533	0.0119307	0.0599278	0.0415159	0.0229504	0.00787309	0.0026694	0.0405866	0.638506	0.0212248	0.0442297	0.0323556	0.0186889	0.00715998
81	0.0125331	0.0231319	0.305667	0.0484791	0.00545977	0.0779508	0.0213619	0.00731737	0.00503255	0.00994508	0.00646664	0.0532187	0.0106382	0.0391882	0.00713145	0.205131	0.145371	0.0101286	0.00142772	0.00442007
82	0.0900959	0.0702589	0.00772615	0.0168313	0.00416815	0.0268443	0.00209954	0.0384079	0.00716187	0.0115895	0.0154229	0.0188843	0.00653412	0.00408746	0.00499132	0.235313	0.389979	0.0444211	0.00256018	0.00262234
83	0.0277314	0.00334557	0.385894	0.22019	0.00245965	0.030731	0.0334752	0.00116769	0.0120293	0.009202	0.00211837	0.069608	0.0227878	0.057224	0.0128837	0.0553246	0.0355031	0.0140598	0.000330933	0.0039339
84	0.0569079	0.0153526	0.000519831	0.00839304	0.0933284	0.00205283	0.00388988	0.147765	0.00285725	0.289407	0.0519777	0.006885	0.00245198	0.00912189	0.00221377	0.0236558	0.0434428	0.219806	0.000547651	0.0194244
85	0.00582209	0.00671669	0.000190384	0.000714585	0.02332	0.000330212	0.0002425	0.0591701	0.000975989	0.780295	0.0647958	0.00143123	0.000286025	0.00230263	0.00303567	0.00730884	0.00506504	0.0324668	0.0011309	0.00439971
86	0.00581731	0.0067136	0.0001915	0.00071444	0.0232997	0.000330117	0.000260481	0.059402	0.000978047	0.779721	0.0650449	0.0014359	0.00029176	0.00230106	0.00304835	0.00733951	0.00511282	0.0324614	0.00113306	0.00440265
87	0.176994	0.0259196	0.000645443	0.00143177	0.00111493	0.0121461	0.00130133	0.280695	0.00206419	0.0802172	0.0377098	0.00124959	0.00365306	0.00123089	0.00188035	0.0453412	0.0676131	0.255256	0.000357427	0.0031797
88	0.0604945	0.0165471	0.000338644	0.00785037	0.0290238	0.0020832	0.00401755	0.179152	0.00446435	0.308655	0.0529274	0.00589191	0.00312094	0.0073904	0.00185472	0.0216158	0.0364754	0.242305	0.000251312	0.0155403
89	0.0284598	0.0106354	0.00131175	0.00411388	0.0165375	0.00420835	0.00227841	0.188168	0.00305826	0.394745	0.0333704	0.0034777	0.00744128	0.00448237	0.0104042	0.0120297	0.0645807	0.20446	0.000689948	0.0055467
90	0.0110614	0.00225707	0.00146728	0.00890426	0.00150228	0.00619081	0.0148822	0.0101527	0.479829	0.0168196	0.00183208	0.016327	0.00238331	0.0648833	0.340686	0.00375959	0.00837654	0.00558756	0.00190454	0.001193
91	0.0577161	0.00848323	0.0912759	0.137989	0.00153049	0.0317658	0.0169761	0.00445815	0.146213	0.0258775	0.0114511	0.058615	0.00590049	0.130923	0.118493	0.0872218	0.0553707	0.00684437	0.000270109	0.00262473
92	0.0626812	0.016648	0.000333762	0.00958812	0.0321722	0.00202324	0.00413515	0.162689	0.00327792	0.297863	0.0556327	0.00783866	0.00242341	0.00956909	0.00210048	0.0261936	0.0460539	0.240648	0.000304902	0.0178239
93	0.0306926	0.0114778	0.000509663	0.00121859	0.00854728	0.00312052	0.00116614	0.246115	0.00595818	0.377101	0.0768974	0.000757932	0.0135238	0.00102104	0.0029349	0.00332318	0.00765803	0.205127	0.000256578	0.00259305
94	0.00750735	0.00924541	0.000685168	0.00131304	0.00679706	0.00310217	0.000434706	0.517566	0.00252909	0.0635779	0.0134599	0.000695475	0.00358035	0.000449302	0.000487895	0.00163918	0.00497102	0.354016	0.00245488	0.00548751
95	0.0475689	0.011718	0.000342374	0.00328765	0.0178484	0.00289393	0.00170646	0.213824	0.00360329	0.391211	0.0648669	0.00260249	0.00640706	0.00331156	0.00251531	0.0132043	0.021322	0.183895	0.000449658	0.00742171
96	0.059184	0.0178225	0.0101082	0.0144792	0.04989	0.0404434	0.0257764	0.0346039	0.0319953	0.158349	0.181028	0.020452	0.0144205	0.0833738	0.0428521	0.113186	0.0404604	0.0445324	0.004136	0.0129076
97	0.0964032	0.0151426	0.0173201	0.0145801	0.0100187	0.0756285	0.0406071	0.0101042	0.0556008	0.0175312	0.00886396	0.0346416	0.0176208	0.0225829	0.046658	0.421534	0.0706467	0.013138	0.00173044	0.00964752
98	0.474631	0.0515307	0.00585677	0.00637282	0.008167	0.0297143	0.00552451	0.0136326	0.00403706	0.0309837	0.0122305	0.0052321	0.0031691	0.0081375	0.00418343	0.242476	0.0548304	0.0322467	0.000806592	0.00623732
99	0.214093	0.0466422	0.00824392	0.0156608	0.00670825	0.0245387	0.0110184	0.0335506	0.00991483	0.0338831	0.0333033	0.0119773	0.0128098	0.0142875	0.0107455	0.20089	0.24145	0.0631572	0.00146727	0.00565888
100	0.0308642	0.00727389	0.000808567	0.0011488	0.00295332	0.00617877	0.0010989	0.261523	0.00429215	0.34112	0.120149	0.00103915	0.0335411	0.00131534	0.00278077	0.00454966	0.00789199	0.168438	0.000405695	0.00262757
101	0.0214089	0.00326698	0.429301	0.128518	0.00213103	0.0235187	0.0276051	0.00329316	0.0144974	0.00735315	0.00195327	0.145401	0.0220285	0.0496035	0.0228841	0.0474237	0.0302809	0.0158996	0.000516351	0.0031158
102	0.350276	0.0444801	0.00475873	0.0226985	0.00406734	0.0215456	0.0221564	0.0420338	0.00537018	0.0488126	0.0393034	0.00121535	0.0110077	0.022506	0.00820884	0.187569	0.0827605	0.0776845	0.000313111	0.00323244
103	0.0288524	0.00248264	0.387711	0.229908	0.00207352	0.0312287	0.0351417	0.000721484	0.0103929	0.00924585	0.00172947	0.0668616	0.0214859	0.0584968	0.0113419	0.0513402	0.0326811	0.0141519	0.000182083	0.0039709
104	0.0718521	0.00638755	0.0196507	0.0277558	0.00711951	0.00647921	0.0375084	0.0333088	0.216166	0.0583459	0.058293	0.0271057	0.0017737	0.0921318	0.191022	0.0570515	0.0448707	0.0298617	0.0077833	0.0055329
105	0.0141862	0.0127179	0.00132435	0.00273882	0.15785	0.00208118	0.00556131	0.0667211	0.00246355	0.549004	0.057577	0.00376975	0.00215775	0.00250069	0.00617788	0.00938736	0.0136037	0.0410467	0.00732723	0.0418032
106	0.345854	0.0443752	0.00463515	0.0227652	0.00409723	0.0218327	0.0218762	0.0413856	0.00734815	0.046411	0.0367632	0.00139882	0.0103186	0.0242114	0.00884805	0.197412	0.0813282	0.0756032	0.00033688	0.00319928
107	0.0630646	0.00945332	0.096135	0.140545	0.00137423	0.0297975	0.0180877	0.00441969	0.14038	0.0172045	0.0108766	0.0608047	0.00571062	0.136304	0.113286	0.0857868	0.0575744	0.0061069	0.000265761	0.00282122
108	0.0112341	0.00875181	0.000975692	0.00105284	0.461346	0.00127516	0.0323437	0.0219694	0.0043137	0.0373685	0.00659001	0.00503138	0.000912288	0.00456303	0.00613611	0.0138469	0.00669194	0.0209819	0.0160868	0.338528
109	0.00941676	0.00794659	0.00116796	0.00119376	0.476848	0.00166024	0.0035464	0.0304494	0.00194685	0.103417	0.0230287	0.00511394	0.00124925	0.00186443	0.00381288	0.011923	0.00772862	0.0204108	0.0281641	0.259111
110	0.104774	0.0059816	0.110963	0.0334001	0.0207035	0.29268	0.0287718	0.00489617	0.0329131	0.00596065	0.0034749	0.143724	0.0077357	0.0348259	0.0353877	0.0659566	0.0460788	0.00783739	0.00289066	0.0110443
111	0.152933	0.0294668	0.0173515	0.00958666	0.0338885	0.00823427	0.00246855	0.0244555	0.0214272	0.135836	0.068701	0.0428042	0.0516133	0.0301244	0.0404663	0.174923	0.0809092	0.0509356	0.000852105	0.0230225
112	0.0172193	0.0144553	0.00082919	0.00110708	0.412693	0.00133743	0.0827436	0.00646142	0.00853063	0.0101483	0.00157304	0.00448443	0.000945213	0.00930588	0.0032424	0.0214128	0.0124495	0.0218456	0.0089878	0.360228
113	0.107084	0.00210988	0.0978608	0.149969	0.00200549	0.0194363	0.0235593	0.00633968	0.0221581	0.00572712	0.0025292	0.0570274	0.351786	0.0175832	0.0229682	0.0871247	0.0128894	0.00508629	0.00138269	0.00537334
114	0.0102226	0.0253261	0.00154866	0.00493226	0.00798716	0.00189106	0.0025788	0.338428	0.00889536	0.049676	0.0139187	0.00241642	0.00372097	0.00193548	0.00366657	0.00721532	0.00998952	0.499749	0.00157947	0.00432186
115	0.0630646	0.00945332	0.096135	0.140545	0.00137423	0.0297975	0.0180877	0.00441969	0.14038	0.0172045	0.0108766	0.0608047	0.00571062	0.136304	0.113286	0.0857868	0.0575744	0.0061069	0.000265761	0.00282122
116	0.0315731	0.00247065	0.381917	0.223692	0.0020608	0.029622	0.0343356	0.00106845	0.0110347	0.0090846	0.00172243	0.0678722	0.0347748	0.0554202	0.0121506	0.0508944	0.0318684	0.0139917	0.00031041	0.00413608
117	0.0262544	0.00257158	0.388373	0.242573	0.00268659	0.0299029	0.0355408	0.000823185	0.0093356	0.0100724	0.00169182	0.0644285	0.0202278	0.0589549	0.0108532	0.0465959	0.031256	0.0136185	0.000233717	0.00400605
118	0.00959723	0.0100741	0.000705545	0.00182878	0.00647321	0.00311417	0.000454554	0.513318	0.00253989	0.063921	0.0135533	0.000800935	0.00381631	0.000431423	0.00051702	0.00166351	0.00582569	0.352917	0.00264796	0.005801
119	0.0196336	0.0123509	0.00207025	0.0434986	0.0378659	0.0148338	0.0211337	0.244311	0.017333	0.288418	0.0291732	0.0055713	0.0168061	0.00658643	0.00891445	0.0127804	0.0173588	0.142909	0.00120172	0.057249
120	0.140574	0.00285295	0.0713807	0.0425493	0.0125411	0.0366096	0.0217369	0.0100777	0.0861849	0.0392786	0.013675	0.0421386	0.138213	0.0780162	0.0816693	0.0767282	0.049548	0.0308802	0.0116224	0.0137242
121	0.0421002	0.0368877	0.00111081	0.0330087	0.00236254	0.00357216	0.00221805	0.458115	0.00265685	0.062005	0.0118965	0.00792716	0.0223913	0.00221498	0.00207354	0.00487445	0.0515083	0.248653	0.00112161	0.00330122
122	0.0230349	0.00287939	0.424872	0.142682	0.00193787	0.0251495	0.028335	0.0028042	0.0153452	0.00739544	0.00179523	0.134902	0.0223095	0.0500382	0.0195904	0.0466408	0.0304723	0.0162684	0.000439402	0.00310894
123	0.0314535	0.0385213	0.013046	0.00305283	0.103996	0.00334267	0.0100874	0.126157	0.00322844	0.184446	0.0435668	0.052333	0.0141877	0.00313141	0.0174256	0.00943286	0.0330236	0.0785131	0.0164841	0.214571
124	0.0274709	0.00247013	0.393823	0.228826	0.00206648	0.0303872	0.0353367	0.000686922	0.0100333	0.00905686	0.00159259	0.0669787	0.0216135	0.0573212	0.0111301	0.0500242	0.0328049	0.014196	0.000181502	0.00399966
125	0.0214251	0.00823953	0.000875251	0.00396033	0.0629701	0.00279409	0.00304273	0.0619579	0.0100749	0.639159	0.0603338	0.00365549	0.0041659	0.00454485	0.0143609	0.0132698	0.0116238	0.0618262	0.00141578	0.0103048
126	0.0371977	0.00379316	0.000421529	0.00129642	0.00739035	0.00250168	0.000805054	0.461724	0.00106357	0.17173	0.072795	0.00105066	0.00358653	0.0012717	0.000809827	0.0114075	0.024838	0.193135	0.000262479	0.0029204
127	0.308798	0.0288226	0.00866208	0.00536879	0.00898155	0.0604956	0.00509881	0.00442438	0.010635	0.0120688	0.00142485	0.00947323	0.00103061	0.00604981	0.00106999	0.441557	0.0738362	0.0090061	0.00105949	0.00213734
128	0.00445864	0.00722384	0.000831842	0.000482994	0.00827024	0.00262843	0.000341913	0.53872	0.00270202	0.0632169	0.0125728	0.000483678	0.00278337	0.000432111	0.000480134	0.00110311	0.00329964	0.342977	0.00206171	0.00492963
129	0.00850532	0.00705969	0.000245462	0.000820173	0.021273	0.000691801	0.000428235	0.0845103	0.00145017	0.727747	0.0690779	0.00143288	0.00319621	0.00221331	0.00304823	0.00703161	0.00548019	0.0499257	0.0011204	0.00474224
130	0.00836234	0.0467088	0.00187817	0.00487537	0.0065602	0.000625246	0.00318475	0.166457	0.00521334	0.0229864	0.0103987	0.00293035	0.00274503	0.000659302	0.00525732	0.0126579	0.00922109	0.686936	0.00100625	0.00133594
131	0.010539	0.00767594	0.000900105	0.000985294	0.477423	0.00129396	0.0230034	0.0256196	0.00349156	0.0444931	0.00732288	0.00530626	0.000935283	0.00380552	0.00377284	0.0133397	0.00594204	0.021366	0.0178736	0.324911
132	0.00584673	0.00664948	0.000193733	0.00071774	0.0235159	0.00033504	0.000269031	0.0587777	0.00103026	0.779197	0.0650719	0.00142829	0.00031064	0.0023145	0.00322926	0.00733933	0.00506733	0.0331881	0.00112689	0.00439066
133	0.0675151	0.0116306	0.0099065	0.00896699	0.00472897	0.0264418	0.0139133	0.00597071	0.00945207	0.00742705	0.00320817	0.0182165	0.480755	0.00722956	0.0127727	0.194259	0.100792	0.00819664	0.00112111	0.00749614
134	0.142967	0.0108892	0.00755845	0.00160682	0.00595006	0.673134	0.00320227	0.0031054	0.00261027	0.00573153	0.00170962	0.00416846	0.00292345	0.00316913	0.00696162	0.103962	0.00601219	0.00765659	0.000859354	0.00582246
135	0.0321713	0.00420173	0.0141322	0.0377114	0.00304772	0.00322515	0.0261799	0.106336	0.0564476	0.221413	0.0290099	0.0469746	0.00279827	0.0834015	0.108219	0.0316401	0.0336941	0.105901	0.0508709	0.0026245
136	0.0068921	0.00680097	0.000583002	0.000452663	0.0118891	0.00264204	0.000363305	0.508483	0.00218185	0.101644	0.0136149	0.000455958	0.00330781	0.00044206	0.000451908	0.0014925	0.00298126	0.330104	0.00152543	0.00369164
137	0.0218398	0.0316011	0.00463285	0.0094928	0.0870387	0.00485071	0.0244025	0.181801	0.00542622	0.306708	0.0333971	0.0155275	0.00743233	0.00324624	0.0173427	0.0168249	0.0226003	0.0597407	0.00750715	0.138588
138	0.140044	0.00897861	0.0393591	0.0204986	0.0247817	0.0298911	0.0114931	0.0149128	0.0582533	0.0821083	0.0403763	0.0400435	0.141487	0.061898	0.0669542	0.0911074	0.0539143	0.0449692	0.00984232	0.0190872
139	0.0122434	0.00922238	0.000618059	0.00180694	0.0264413	0.000876483	0.00117415	0.0672225	0.00150852	0.722169	0.0679947	0.00242714	0.00131567	0.00310864	0.00430862	0.00985015	0.00992493	0.0489132	0.00127281	0.00760168
140	0.0322227	0.0221429	0.0780314	0.0411694	0.0169517	0.0236378	0.360594	0.0154389	0.0176465	0.0282962	0.0129351	0.0213236	0.0124393	0.0515366	0.0192451	0.0777699	0.032418	0.0334036	0.00448501	0.0983122
141	0.0977878	0.0158548	0.0139449	0.0135871	0.01036	0.237584	0.0132042	0.0434189	0.013257	0.0201595	0.00995471	0.0165341	0.0615066	0.0134204	0.0136249	0.305414	0.0402387	0.0193539	0.00340987	0.0373849
142	0.0844632	0.00834236	0.0171636	0.00901034	0.00915054	0.0396307	0.0166673	0.0405241	0.0545139	0.0782522	0.112295	0.0407465	0.00985643	0.0916272	0.0784703	0.146906	0.0900509	0.0529486	0.00102149	0.0183599
143	0.0284769	0.0116962	0.000494036	0.00146942	0.00959487	0.00258839	0.00123662	0.244977	0.00538967	0.383695	0.0710604	0.00085116	0.0125263	0.00122651	0.00306417	0.00325689	0.00787178	0.20783	0.000242758	0.00245216
144	0.0719489	0.00880168	0.0244347	0.00736473	0.00811462	0.042634	0.0303997	0.00290449	0.00819266	0.00975549	0.00229239	0.0367253	0.190146	0.0154545	0.00811526	0.381664	0.131821	0.00314046	0.000783967	0.015306
145	0.141751	0.00201632	0.0680159	0.0369182	0.0132613	0.0384432	0.0216277	0.0100538	0.0852478	0.041123	0.0133151	0.041275	0.150512	0.0741384	0.0832286	0.0740511	0.0483663	0.0314989	0.0118244	0.0133322
146	0.0351611	0.0217266	0.133133	0.0132779	0.00449584	0.38804	0.0307794	0.0084864	0.0240009	0.00445812	0.00249023	0.147508	0.0238211	0.0189448	0.0180321	0.061473	0.0285608	0.0252774	0.00707063	0.00326318
147	0.0219337	0.0300986	0.00236996	0.00427706	0.0167627	0.00348538	0.0146721	0.149219	0.103433	0.0460928	0.0449588	0.0154267	0.00267315	0.0396394	0.0420541	0.00934524	0.125625	0.311062	0.00106302	0.0158088
148	0.00467844	0.0185226	0.00168126	0.00185892	0.00322894	0.00258644	0.00187976	0.00935993	0.0217252	0.0444258	0.0240951	0.00461922	0.00184206	0.0209261	0.678879	0.0181472	0.0679317	0.0456939	0.0231103	0.00480842
149	0.0662071	0.00869173	0.035364	0.0322611	0.0103949	0.0214771	0.0216724	0.0142041	0.246144	0.0353165	0.0124399	0.0476685	0.0692992	0.0723297	0.189052	0.0480135	0.0334446	0.0191353	0.00687286	0.010012
150	0.00469656	0.00704848	0.000809067	0.000480715	0.00879462	0.00261687	0.000343055	0.535989	0.00264824	0.067855	0.0126489	0.000479891	0.00283067	0.00042773	0.000465576	0.00112492	0.00315913	0.340962	0.00193878	0.00468046
151	0.430383	0.0380273	0.00677622	0.00277391	0.00882678	0.0404254	0.00249977	0.00464956	0.00615823	0.0132371	0.00180972	0.00659603	0.00103941	0.00538216	0.000996895	0.35683	0.0600189	0.00938379	0.00114131	0.00304409
152	0.0448802	0.0223843	0.0159828	0.0191171	0.00717771	0.0157819	0.00878479	0.0294204	0.0109883	0.019433	0.0135264	0.0166996	0.0682336	0.0131536	0.0160572	0.158099	0.472325	0.0282941	0.00299301	0.0166678
153	0.0324553	0.0146514	0.194084	0.0125463	0.00515396	0.0203192	0.00985578	0.0265399	0.00877942	0.0114433	0.00768324	0.392688	0.00949931	0.0176467	0.0289084	0.126521	0.0435366	0.0314119	0.00196	0.00431651
154	0.0275819	0.00521337	0.000493732	0.0017136	0.00792084	0.00202771	0.000520504	0.509103	0.00119186	0.131374	0.0482787	0.00079501	0.00370096	0.000623927	0.00068565	0.00820285	0.0178432	0.230157	0.000600961	0.00197071
155	0.32961	0.0928661	0.00457919	0.00752314	0.0108641	0.0523012	0.0112659	0.0259327	0.00473459	0.0421496	0.0268185	0.00484008	0.00394812	0.0082545	0.00565164	0.186108	0.103293	0.0642829	0.00113918	0.0138369
156	0.0384689	0.016036	0.0922076	0.484817	0.00318456	0.0233516	0.00990902	0.00789044	0.0331996	0.0161411	0.00735601	0.0231431	0.0260247	0.0839431	0.0269684	0.0402313	0.0454115	0.0106619	0.006185	0.00486894
157	0.165259	0.0370286	0.00916327	0.0117893	0.00868437	0.0433574	0.0064903	0.0170118	0.0118762	0.0162647	0.00790071	0.0122933	0.00734778	0.00821443	0.00415942	0.383936	0.200332	0.0442926	0.00200637	0.0025928
158	0.139491	0.0146846	0.00953615	0.00629146	0.00764885	0.250536	0.0068026	0.00569988	0.00916192	0.00897969	0.00202228	0.00963664	0.00417013	0.00571986	0.00379153	0.444129	0.0571755	0.00931857	0.00111367	0.0040905
159	0.00613933	0.00627908	0.000702824	0.000477164	0.0114943	0.00251483	0.000339898	0.527686	0.00236647	0.0879418	0.0139729	0.000452147	0.00288974	0.000426145	0.000451813	0.00140323	0.00311878	0.326159	0.00145902	0.00372547
160	0.0605133	0.0704689	0.0735825	0.0277205	0.00955002	0.0236163	0.0120457	0.0296808	0.0137358	0.0250602	0.0171003	0.0212952	0.0176552	0.0194881	0.0175668	0.123056	0.37825	0.0445489	0.00375641	0.0113092
161	0.00858553	0.00871148	0.000755686	0.00104352	0.00915043	0.00260528	0.000518168	0.509836	0.00281185	0.0784891	0.0151575	0.000700144	0.00308635	0.000682536	0.000788714	0.00229492	0.0053297	0.343264	0.00184918	0.00434069
162	0.0837452	0.00266531	0.136383	0.179715	0.00204969	0.0201102	0.0219999	0.00569544	0.018494	0.00496885	0.00238868	0.0673763	0.310685	0.0224886	0.0163197	0.080639	0.0134429	0.00518352	0.000594316	0.00505587
163	0.0729032	0.0102623	0.247428	0.120146	0.00699129	0.0380604	0.0257869	0.00849119	0.04989	0.0212566	0.0100083	0.0703732	0.0375003	0.0641663	0.0588705	0.0864426	0.0430033	0.018739	0.00211835	0.0075613
164	0.0134521	0.037387	0.00152928	0.0053456	0.00580057	0.00146234	0.00231496	0.260433	0.0054435	0.0351876	0.0117805	0.00247923	0.00372731	0.00060712	0.00369604	0.00931176	0.0100855	0.585837	0.00148568	0.00263405
165	0.0981037	0.031262	0.00167874	0.0082468	0.0120938	0.00589823	0.00747531	0.132636	0.0268788	0.131912	0.0636747	0.0101732	0.00501273	0.00950667	0.0199099	0.0692833	0.105043	0.252634	0.00130522	0.00727191
166	0.0174831	0.0145521	0.000871788	0.00110117	0.411222	0.00134794	0.0819673	0.0065654	0.00861962	0.0101496	0.0015892	0.00452268	0.000956183	0.00918716	0.00323935	0.0216567	0.0127001	0.0222764	0.00896785	0.361025
167	0.0110876	0.0205513	0.00121299	0.00239004	0.0080324	0.00206037	0.00136242	0.381681	0.00335857	0.06676	0.0171245	0.00140309	0.00323417	0.000616369	0.00227302	0.00643675	0.00816992	0.457316	0.00162643	0.00330378
168	0.00445864	0.00722384	0.000831842	0.000482994	0.00827024	0.00262843	0.000341913	0.53872	0.00270202	0.0632169	0.0125728	0.000483678	0.00278337	0.000432111	0.000480134	0.00110311	0.00329964	0.342977	0.00206171	0.00492963
169	0.043243	0.0157275	0.224727	0.0146844	0.00382807	0.0176572	0.0107608	0.0157007	0.0106154	0.0121355	0.00695655	0.437368	0.00989849	0.023571	0.0235276	0.0778426	0.023243	0.0230935	0.0014994	0.00391938
170	0.158283	0.0858452	0.0068523	0.00908084	0.0148939	0.0488383	0.00403705	0.0104036	0.014975	0.017836	0.00532686	0.0149086	0.00154731	0.0045486	0.00334684	0.346693	0.211239	0.0306673	0.00784425	0.00283246
171	0.173682	0.128536	0.0110642	0.0052715	0.0094644	0.352485	0.0102959	0.0184182	0.00982839	0.0282753	0.0111786	0.012669	0.00465427	0.00846465	0.0172362	0.0921858	0.0472528	0.0409379	0.00523443	0.0128653
172	0.00555341	0.00961297	0.00166752	0.00302233	0.00363139	0.0028917	0.00287789	0.0202117	0.0586745	0.0860682	0.0319033	0.00928425	0.00194163	0.0158427	0.637838	0.0242566	0.0294514	0.0231815	0.0206945	0.0113948
173	0.280132	0.039945	0.00388585	0.0246795	0.00448259	0.0154792	0.0291506	0.0552622	0.0077879	0.0605656	0.0579036	0.00348181	0.00734853	0.0202156	0.0145459	0.154516	0.0948676	0.122287	0.000657514	0.0028064
174	0.0115457	0.00971479	0.00210499	0.00648674	0.00306607	0.00456263	0.00930403	0.0117513	0.219845	0.0339019	0.0161004	0.0115078	0.00207226	0.0424363	0.529979	0.0154293	0.0337936	0.0207753	0.0115047	0.00411787
175	0.0749277	0.00890651	0.00473411	0.115559	0.0394684	0.0281279	0.00732741	0.11818	0.0142949	0.0804533	0.074971	0.0126486	0.00920571	0.0886446	0.0688973	0.0443664	0.0414642	0.119213	0.00275634	0.0458537
176	0.0560566	0.0117599	0.00851212	0.00854269	0.0750114	0.0440648	0.00836708	0.012135	0.0149152	0.109843	0.0124894	0.0408736	0.0832536	0.0448885	0.0184161	0.0245979	0.0190545	0.019256	0.348813	0.0391501
177	0.0517739	0.0437558	0.00126157	0.0367793	0.00195172	0.00366628	0.00221839	0.454936	0.00285429	0.0556435	0.0100701	0.00767146	0.0203234	0.00251865	0.00243223	0.00598747	0.0572397	0.235194	0.00108171	0.00264007
178	0.161698	0.0283521	0.0173238	0.0100374	0.00839793	0.0570988	0.00784169	0.0114719	0.0115616	0.0134792	0.00419277	0.0140807	0.00821919	0.00681242	0.00337384	0.461253	0.147049	0.0239601	0.00161685	0.00217966
179	0.0224328	0.00254643	0.00532455	0.0200399	0.00200641	0.00592945	0.0183094	0.0190131	0.411562	0.0345464	0.00797132	0.0187855	0.0025348	0.10379	0.283001	0.0121961	0.0184448	0.00845852	0.00144743	0.00165962
180	0.467221	0.0337132	0.0135112	0.0037259	0.00690074	0.0328204	0.00419656	0.00799287	0.00495072	0.0131656	0.00413697	0.00574612	0.0020515	0.00565417	0.00186333	0.310817	0.0547349	0.0221972	0.000795332	0.00380515
181	0.132229	0.0426035	0.0659996	0.00618957	0.00627754	0.0334301	0.00668051	0.0127552	0.00714583	0.0153105	0.00789197	0.457616	0.00460195	0.0323562	0.0114257	0.116984	0.0162982	0.0164494	0.00210826	0.00564683
182	0.33373	0.0864166	0.00234597	0.0138792	0.0149818	0.0336984	0.0117315	0.0233494	0.00303754	0.0776907	0.0441191	0.00200486	0.00441232	0.0109538	0.00989219	0.131514	0.0826957	0.102267	0.000834664	0.0104447
183	0.0522026	0.00592005	0.0147111	0.0331761	0.00553612	0.00535943	0.0277442	0.0246068	0.296813	0.0444854	0.0323761	0.0228677	0.00317254	0.109465	0.231056	0.0310824	0.0353813	0.0157606	0.00417465	0.00410937
184	0.0535026	0.021969	0.0182876	0.0296062	0.0129587	0.024177	0.0366195	0.0181519	0.137483	0.0452354	0.0288372	0.0235648	0.0113451	0.205386	0.193205	0.0560721	0.0359443	0.0285281	0.00570618	0.0134201
185	0.00639795	0.0136989	0.00225548	0.00307989	0.00284492	0.00332053	0.0024961	0.011086	0.042316	0.0452229	0.0241965	0.00646354	0.00213616	0.0231771	0.687399	0.0187194	0.0462449	0.0332227	0.0202316	0.00549003
186	0.0752313	0.00900167	0.014525	0.0295263	0.00845686	0.00495243	0.0299577	0.0224217	0.251034	0.0278136	0.0514034	0.0192332	0.00241776	0.107006	0.231783	0.0421722	0.0420197	0.0185872	0.00674375	0.00571245
187	0.147053	0.0101684	0.00572705	0.00161956	0.00581839	0.681436	0.0028659	0.00263601	0.00208451	0.00609558	0.00143551	0.00243051	0.00173799	0.00225681	0.00640188	0.101808	0.00537651	0.00675304	0.000754567	0.00554101
188	0.00496918	0.0133879	0.0013437	0.00208134	0.00290851	0.00238716	0.00235296	0.0113507	0.0374053	0.047117	0.0247273	0.00618926	0.00138615	0.0206772	0.698325	0.0178498	0.0459445	0.0332223	0.0205693	0.00580499
189	0.0130481	0.0137568	0.00276321	0.00568742	0.00441932	0.00398216	0.0074774	0.0137172	0.0953433	0.0454947	0.0243328	0.0100315	0.00391203	0.0341919	0.603213	0.0217644	0.0392221	0.0338389	0.0169076	0.00689631
190	0.00837152	0.047351	0.00187247	0.00494339	0.0065438	0.000767692	0.00317332	0.166169	0.00532165	0.0234416	0.0103821	0.00295982	0.00283639	0.000743765	0.00516648	0.0126564	0.0100121	0.684901	0.00100525	0.00138131
191	0.0679371	0.0411567	0.00305542	0.0109001	0.00643928	0.0177018	0.0182074	0.00947701	0.165117	0.0149759	0.0167062	0.0140281	0.00410331	0.171803	0.339699	0.0566756	0.0204761	0.0115512	0.00153146	0.0084578
