257	20
1	0.055814	0.00375851	0.018193	0.0254531	0.00374082	0.0274871	0.00812214	0.00340034	0.114589	0.0440322	0.00271198	0.0314121	0.4115	0.0389256	0.0738266	0.0719299	0.0399449	0.0220878	0.000739416	0.00233113
2	0.0206304	0.0109556	0.000765545	0.00460993	0.0488247	0.00781301	0.000751927	0.310838	0.0026917	0.17629	0.0367749	0.00354598	0.00229953	0.00276177	0.00274805	0.00614304	0.0185393	0.334971	0.000358647	0.00768702
3	0.0270009	0.0183932	0.000566786	0.00218194	0.0354932	0.0060233	0.000587499	0.282793	0.00182443	0.221795	0.0752233	0.00137751	0.0041847	0.00301165	0.00177471	0.00470731	0.0189516	0.285233	0.000282481	0.00859357
4	0.0323027	0.00472134	0.317635	0.239581	0.00316123	0.0140083	0.0204565	0.00458005	0.0389564	0.0131593	0.0137724	0.140661	0.00767545	0.0358752	0.0326283	0.0516344	0.0142993	0.00251454	0.000315907	0.0120609
5	0.0130526	0.0126161	0.0012089	0.00645908	0.492704	0.00159859	0.0124072	0.0109162	0.00440067	0.0640537	0.00691774	0.00487612	0.00259979	0.00415259	0.0239913	0.0129409	0.00717729	0.0111849	0.0663926	0.24035
6	0.0418398	0.0020626	0.0110637	0.0555938	0.0051289	0.0136535	0.0402095	0.0250809	0.294348	0.0640163	0.0413675	0.0144109	0.00944891	0.0925971	0.167852	0.0332055	0.038659	0.0270844	0.00325107	0.019127
7	0.0478966	0.00486205	0.124645	0.172304	0.0043497	0.0052513	0.0595837	0.00528387	0.0280935	0.00990596	0.00543486	0.0256813	0.0696829	0.0973558	0.00556605	0.10081	0.105933	0.0244015	0.00134198	0.101616
8	0.112504	0.0234931	0.00693516	0.0106396	0.0149403	0.0298084	0.00661954	0.0666851	0.0184873	0.0564568	0.00867735	0.0187544	0.415832	0.0159455	0.0096658	0.0378578	0.03509	0.104138	0.00213982	0.00533078
9	0.104011	0.00689738	0.144456	0.309798	0.0025831	0.0158421	0.0385825	0.0068782	0.0548283	0.019143	0.00154052	0.0323669	0.00533612	0.0626333	0.0251917	0.10492	0.0338828	0.0197702	0.000250221	0.0110893
10	0.0872447	0.00579171	0.157061	0.321126	0.00673761	0.0103883	0.0202254	0.00562995	0.0717212	0.0273993	0.00173651	0.0280132	0.0038273	0.0870913	0.0158962	0.0802236	0.0356177	0.0204419	0.00040497	0.0134222
11	0.0320487	0.0124513	0.000835073	0.00229946	0.0493059	0.00638633	0.00193505	0.198343	0.00251019	0.377159	0.131052	0.00267222	0.00338975	0.00606645	0.00193173	0.00929596	0.02075	0.122955	0.00375718	0.0148562
12	0.0418398	0.0020626	0.0110637	0.0555938	0.0051289	0.0136535	0.0402095	0.0250809	0.294348	0.0640163	0.0413675	0.0144109	0.00944891	0.0925971	0.167852	0.0332055	0.038659	0.0270844	0.00325107	0.019127
13	0.0452043	0.0208375	0.000539444	0.00149633	0.033055	0.00455603	0.00164252	0.280449	0.00193835	0.24798	0.095013	0.000842336	0.00595465	0.00350381	0.00193419	0.00807391	0.0302204	0.206583	0.000394506	0.00978122
14	0.0690164	0.000897094	0.0480266	0.121121	0.00192637	0.009091	0.0417752	0.0050735	0.238974	0.00646647	0.00106466	0.0288643	0.00215564	0.126552	0.216682	0.0386229	0.0277513	0.0110823	0.00292991	0.00192727
15	0.105533	0.00535942	0.195481	0.0679244	0.00122045	0.00124822	0.027011	0.00145882	0.142971	0.0288538	0.00697836	0.0950423	0.00936974	0.088076	0.0547998	0.116494	0.0407647	0.00998478	0.000402136	0.00102647
16	0.0805446	0.012098	0.000913281	0.0048712	0.00442171	0.00505904	0.000937205	0.273172	0.00120415	0.0493112	0.020765	0.00466519	0.00353003	0.00125952	0.00105575	0.0360754	0.0525949	0.440271	0.000358154	0.00689348
17	0.0291161	0.00778023	0.00437101	0.00274429	0.0886646	0.00461257	0.00312245	0.173332	0.00264905	0.426623	0.0740449	0.00282111	0.00193531	0.00619685	0.00329778	0.00673038	0.011556	0.129048	0.0035281	0.0178258
18	0.0215911	0.00189493	0.0521968	0.0572855	0.00189559	0.0047711	0.081572	0.0110657	0.349522	0.0100733	0.00492423	0.0206867	0.00169636	0.108666	0.194188	0.0255827	0.0291226	0.0152757	0.00286175	0.00512737
19	0.0329906	0.00719538	0.0129577	0.00936113	0.203809	0.00290369	0.190762	0.00286774	0.0123207	0.0379016	0.00286926	0.0696385	0.00125027	0.0310165	0.0284949	0.0377831	0.00375179	0.0155726	0.018027	0.278526
20	0.155405	0.0741791	0.00142184	0.00167282	0.00695286	0.0689521	0.00879013	0.0159565	0.00517389	0.0073392	0.0176926	0.0403519	0.00859723	0.0282405	0.00229943	0.44801	0.0821682	0.0219854	0.00261124	0.0022003
21	0.0461407	0.0132409	0.0007196	0.002674	0.00809556	0.00335185	0.00107665	0.245128	0.00105614	0.0593399	0.0220888	0.0030627	0.00674071	0.00218009	0.000894952	0.0189569	0.0452969	0.51495	0.000381109	0.00462427
22	0.0119256	0.0203823	0.00429084	0.00847645	0.0026827	0.0100283	0.0477465	0.004137	0.255715	0.0321838	0.00829918	0.0650242	0.00986655	0.0407003	0.424673	0.0283266	0.0135952	0.00492987	0.00170437	0.00531221
23	0.0487594	0.0184648	0.00630891	0.00806448	0.0135595	0.00734764	0.00883114	0.0330454	0.00727654	0.0494157	0.0217408	0.00900388	0.0455957	0.00830531	0.00480416	0.167733	0.359374	0.147578	0.00245171	0.0323401
24	0.0612937	0.00384442	0.0180977	0.0263424	0.00362695	0.0301096	0.00857745	0.00306271	0.0976934	0.0429997	0.00167869	0.0309825	0.431085	0.0361426	0.0609362	0.075581	0.0419568	0.0238666	0.000532907	0.00158997
25	0.033569	0.00381395	0.0068362	0.0169035	0.0199587	0.0237571	0.27579	0.00540731	0.0958206	0.038002	0.0151321	0.0517282	0.00201477	0.083935	0.191597	0.0177496	0.0373987	0.00972968	0.00629857	0.0645584
26	0.00756402	0.01557	0.0012225	0.00410196	0.599536	0.00154929	0.00530389	0.0205875	0.00767259	0.0128509	0.00471344	0.00187486	0.00360169	0.00422315	0.00558813	0.0154948	0.0112437	0.0154267	0.0277393	0.234136
27	0.0217247	0.0182566	0.000739182	0.00139882	0.205038	0.00249279	0.0162244	0.106881	0.014001	0.329532	0.113525	0.00593344	0.000431027	0.0127281	0.0139465	0.00996388	0.0137067	0.0528179	0.0114979	0.0491607
28	0.0309741	0.0116526	0.236363	0.166013	0.0040777	0.00766052	0.140734	0.0054865	0.0212073	0.00931243	0.00615097	0.182176	0.00343056	0.0473415	0.0148348	0.0738964	0.0187199	0.00766154	0.0011776	0.011129
29	0.0648134	0.0059748	0.0569548	0.112834	0.00558057	0.0141459	0.0379102	0.0119468	0.19078	0.02037	0.00781706	0.0509529	0.00403377	0.107559	0.180237	0.0572772	0.0426859	0.0158694	0.00206735	0.0101898
30	0.0198063	0.0188432	0.0106369	0.0152301	0.0258173	0.0117766	0.0303568	0.099563	0.00589501	0.374364	0.108598	0.0415166	0.0182011	0.0827112	0.00432102	0.0279307	0.0201148	0.0628279	0.00314771	0.0183416
31	0.00844556	0.01136	0.00124274	0.00563101	0.488286	0.00140634	0.0144978	0.013322	0.00552518	0.0176145	0.00482559	0.00513736	0.00493391	0.00512381	0.0104195	0.0195736	0.0094846	0.0115846	0.0372186	0.324367
32	0.242908	0.0601642	0.00159221	0.00131004	0.00770332	0.106302	0.0139934	0.0122615	0.00399957	0.00835438	0.0185439	0.0492172	0.00836755	0.02391	0.00398255	0.345755	0.0617043	0.0219033	0.00500067	0.00302652
33	0.0847083	0.0132672	0.0065431	0.00344165	0.00105266	0.793166	0.00127877	0.0015726	0.01148	0.00375549	0.00121954	0.00186773	0.000573372	0.00159166	0.00421253	0.0579065	0.00180745	0.00680059	0.00146914	0.00228605
34	0.0352107	0.0318991	0.00196885	0.0059145	0.0415322	0.00478011	0.0130526	0.101816	0.00781874	0.262834	0.0865497	0.0231667	0.0293322	0.034205	0.00724632	0.0700323	0.0847329	0.142216	0.00392756	0.0117646
35	0.0233751	0.00523894	0.624401	0.103843	0.00257242	0.00849773	0.0110384	0.00258408	0.00812829	0.00471008	0.00443824	0.120172	0.00241878	0.0136854	0.00558141	0.0150662	0.0328842	0.00824737	0.000515172	0.00260178
36	0.0297657	0.00622741	0.0180827	0.0506201	0.0211016	0.00443111	0.0531841	0.0525269	0.00533054	0.113741	0.0722281	0.00652495	0.229804	0.0386664	0.0197303	0.0563085	0.0313001	0.137807	0.0171169	0.0355028
37	0.39648	0.0309691	0.00249291	0.000929576	0.00231961	0.406512	0.00107562	0.00180304	0.0043527	0.00395735	0.00254588	0.00728245	0.00186175	0.00148842	0.00381818	0.118729	0.00184936	0.0100494	0.000386625	0.00109649
38	0.112953	0.0113963	0.146545	0.285713	0.00241131	0.0219874	0.0179094	0.00918584	0.0577872	0.0190043	0.00143103	0.0246925	0.00264171	0.0659539	0.0317464	0.118725	0.0394477	0.021014	0.000372769	0.00908262
39	0.0286469	0.00994854	0.000943582	0.00100594	0.180933	0.00558612	0.00737765	0.139315	0.0066965	0.288183	0.123705	0.00406769	0.000602661	0.00694854	0.0064786	0.0118014	0.0232381	0.0775391	0.0327833	0.0441997
40	0.0312563	0.012896	0.000814846	0.00179994	0.0346885	0.00502082	0.00042511	0.299013	0.00199831	0.279598	0.09306	0.000617249	0.00523798	0.00406446	0.00210621	0.00430708	0.0214383	0.191091	0.00021565	0.0103518
41	0.200126	0.0339827	0.00332846	0.00373291	0.00316945	0.0135444	0.00558007	0.0317536	0.00368803	0.0501086	0.034122	0.0126749	0.0032564	0.00821522	0.00342281	0.2359	0.255814	0.0909035	0.00112443	0.00555278
42	0.16612	0.00706121	0.162732	0.262125	0.00348801	0.0112828	0.015267	0.00717183	0.0345334	0.0283756	0.0032852	0.0176318	0.00328622	0.0388507	0.0153599	0.163462	0.0223948	0.0285694	0.000899686	0.00810332
43	0.255114	0.0255431	0.00209516	0.00255084	0.00681867	0.00314759	0.00455734	0.053018	0.00304719	0.061719	0.0501181	0.00643262	0.0033994	0.0040476	0.00287019	0.158105	0.178424	0.174191	0.000869365	0.00393212
44	0.0639612	0.0261374	0.000997572	0.00129374	0.051653	0.00315778	0.00299271	0.11602	0.00245821	0.166818	0.0553203	0.00531614	0.0265654	0.00485567	0.00294406	0.070576	0.132211	0.257854	0.000545525	0.0083228
45	0.0744495	0.0231897	0.027035	0.00960954	0.178267	0.00423131	0.255465	0.0056076	0.00920092	0.0293987	0.00605469	0.042222	0.00271767	0.0272568	0.0166508	0.0264587	0.00732567	0.0301069	0.0107073	0.214045
46	0.0887964	0.0498041	0.00522519	0.00538089	0.0129899	0.0147895	0.00765173	0.0581828	0.00900648	0.043226	0.0199556	0.010436	0.0102713	0.0114399	0.0057	0.143276	0.309479	0.182427	0.00184698	0.0101141
47	0.00527437	0.00722382	0.001226	0.00794478	0.444668	0.00145886	0.00440292	0.0096631	0.00401228	0.0156835	0.00916606	0.001787	0.00785231	0.00791332	0.00393228	0.0146344	0.00995855	0.00787345	0.0168316	0.418493
48	0.0731909	0.0124442	0.0702404	0.138715	0.00138187	0.0341158	0.0199832	0.0265344	0.115423	0.015151	0.00457392	0.0380505	0.000693337	0.0796034	0.0904365	0.163374	0.0836062	0.0239713	0.000219624	0.00829115
49	0.0847445	0.0103231	0.00106158	0.00757505	0.0035709	0.00534919	0.00132117	0.263569	0.0014328	0.042714	0.0216052	0.00693846	0.00285406	0.00162927	0.00133568	0.030983	0.053631	0.452777	0.000430638	0.00615407
50	0.537165	0.0394161	0.000795649	0.00105284	0.00602566	0.0781584	0.00465155	0.00353377	0.00114325	0.00524506	0.00626735	0.0240399	0.00354715	0.00388053	0.0102712	0.246737	0.0068773	0.0133448	0.00357986	0.00426763
51	0.0588669	0.0145995	0.00983835	0.0152901	0.00583102	0.0504978	0.0101592	0.0186761	0.0373549	0.03742	0.00496052	0.0186211	0.490703	0.0228748	0.0220312	0.0707396	0.0393048	0.0680233	0.00126331	0.00294457
52	0.0603702	0.024484	0.000802387	0.00181994	0.0552676	0.00451769	0.00245031	0.182344	0.00169699	0.163386	0.0574292	0.00247347	0.0177291	0.00319746	0.00156837	0.0340707	0.0849736	0.289748	0.000522485	0.0111498
53	0.022899	0.0143301	0.00106144	0.00120988	0.228357	0.00226271	0.0131838	0.102623	0.0107813	0.325049	0.107112	0.00427218	0.000656603	0.0117789	0.0128185	0.0108924	0.0135778	0.0552014	0.0106747	0.0512592
54	0.0601843	0.0132494	0.00266114	0.00284819	0.0119477	0.00308207	0.00360945	0.0708476	0.00347399	0.104075	0.0357543	0.0159574	0.0113443	0.00569042	0.0039291	0.184102	0.267044	0.194018	0.00104854	0.00513191
55	0.0260877	0.011298	0.00244171	0.00584473	0.044487	0.00805252	0.00484599	0.225704	0.00251342	0.369307	0.0813383	0.0058018	0.0043959	0.0151256	0.0019255	0.00714357	0.016297	0.151184	0.00172603	0.0144813
56	0.0321827	0.0146622	0.000636023	0.00162997	0.0306846	0.00464338	0.000578701	0.308636	0.00285765	0.253036	0.11138	0.000640808	0.00549178	0.00394524	0.00199597	0.00476837	0.0236398	0.188838	0.000261529	0.0094911
57	0.0616146	0.00871961	0.11908	0.403128	0.00601285	0.0146072	0.0357314	0.010604	0.0623808	0.0221266	0.00707133	0.0356621	0.00752308	0.0459769	0.0610215	0.0457141	0.0215975	0.0186182	0.00231491	0.0104954
58	0.0210612	0.0172896	0.0751474	0.0900779	0.016209	0.0187376	0.0452093	0.0225233	0.12374	0.0356462	0.0136265	0.0792522	0.00089062	0.0742356	0.162973	0.0872796	0.0550712	0.0313162	0.000494318	0.0292196
59	0.00527004	0.0129567	0.000586043	0.000992953	0.00243521	0.0011057	0.000684079	0.228025	0.000816348	0.0465509	0.0190493	0.00167856	0.00135832	0.0037955	0.000738884	0.00224021	0.0328887	0.637702	0.00028251	0.000842489
60	0.0351921	0.0120872	0.000796044	0.00178795	0.0412782	0.00918344	0.000968946	0.2698	0.0027242	0.272876	0.113244	0.00237537	0.00407846	0.00635543	0.00195162	0.0079803	0.0297302	0.164442	0.00470333	0.018445
61	0.0960415	0.000673663	0.0524803	0.151007	0.00266857	0.0125784	0.0173884	0.00514102	0.208259	0.00744491	0.000790792	0.0331578	0.0029215	0.130331	0.19396	0.0415669	0.0301063	0.00995262	0.00289752	0.000633256
62	0.0420255	0.00187511	0.0118335	0.0536247	0.00536072	0.0169579	0.0958434	0.0163905	0.251285	0.0480543	0.0269677	0.0204352	0.00610921	0.0958318	0.181979	0.0327482	0.0419674	0.0199455	0.00410431	0.0266613
63	0.0376664	0.0203262	0.000890043	0.00310636	0.0717182	0.011856	0.00792119	0.125509	0.00670206	0.295909	0.17103	0.0129398	0.00229834	0.0166068	0.00282941	0.0257207	0.040695	0.0982896	0.0125845	0.0354013
64	0.137278	0.112856	0.00696914	0.00541457	0.0046612	0.114571	0.0464915	0.0463002	0.0225992	0.163632	0.0593509	0.00662921	0.00259934	0.045448	0.0710175	0.0577033	0.0364644	0.00846929	0.0202234	0.0313217
65	0.0713933	0.0128821	0.064923	0.125431	0.00125751	0.0352623	0.0201654	0.0276554	0.119152	0.0144331	0.00455574	0.0392497	0.000509497	0.0807041	0.0954845	0.167222	0.0869815	0.0243637	0.000198348	0.00817665
66	0.0230488	0.0208954	0.000850634	0.00195071	0.184473	0.00316581	0.0173624	0.105872	0.0148192	0.33376	0.114828	0.0077611	0.00111184	0.0165784	0.0135866	0.0119262	0.0156386	0.0554224	0.0110727	0.0458755
67	0.0188054	0.0304443	0.0011166	0.00228531	0.082702	0.00352186	0.00822586	0.293751	0.00968768	0.0875181	0.0122662	0.00411414	0.00179788	0.00459305	0.0117265	0.00727822	0.014554	0.37991	0.010557	0.0151446
68	0.0417114	0.016956	0.0140395	0.0586142	0.0712209	0.24353	0.0246741	0.0315773	0.0218772	0.162427	0.0282254	0.0659119	0.00846453	0.0245562	0.0198637	0.0322393	0.0244137	0.0324582	0.00962482	0.0676143
69	0.0325681	0.00426616	0.553294	0.139268	0.0033331	0.0149116	0.0113888	0.00284147	0.0165304	0.00650331	0.00669502	0.116557	0.00380684	0.0167108	0.0103592	0.0221757	0.0282463	0.00581598	0.000363016	0.00436465
70	0.184498	0.0184997	0.00506305	0.00358261	0.00177255	0.660273	0.00168195	0.00264587	0.00921382	0.00443356	0.00211474	0.00446383	0.00118887	0.00249804	0.00431763	0.0776504	0.00326183	0.00878534	0.00155689	0.00249841
71	0.0326193	0.01438	0.000671989	0.00165834	0.0326029	0.00489337	0.000666922	0.29789	0.00224256	0.261891	0.098977	0.000685611	0.0054919	0.00478604	0.0021306	0.00542265	0.0267838	0.195961	0.000316829	0.00992928
72	0.0221554	0.014349	0.0025782	0.00339537	0.245096	0.00662173	0.0103065	0.0737843	0.0231228	0.257889	0.132505	0.00759525	0.00173192	0.0116778	0.00931642	0.0368405	0.0549096	0.04639	0.00929214	0.0304425
73	0.147422	0.132931	0.00172583	0.00210153	0.0163658	0.0549624	0.00654747	0.0170028	0.00765404	0.00688594	0.0306079	0.05042	0.0152102	0.0312143	0.00235628	0.30535	0.129703	0.0365054	0.00197308	0.00306047
74	0.0546547	0.00971106	0.00981948	0.0138122	0.0049553	0.0227332	0.0100859	0.0108405	0.0380928	0.0387836	0.00302335	0.0153454	0.53928	0.0324434	0.0261495	0.0751981	0.0530212	0.0379329	0.000865895	0.00325149
75	0.0404204	0.0170585	0.000898704	0.002774	0.0712771	0.0139345	0.00700534	0.126325	0.00667532	0.275569	0.180836	0.0131988	0.00154024	0.0153644	0.0024691	0.025245	0.0451038	0.099327	0.0152004	0.039777
76	0.563461	0.0485692	0.000611318	0.000878531	0.004822	0.0708442	0.00435623	0.0038635	0.000906229	0.00529877	0.00601392	0.0246158	0.00362057	0.00369994	0.00704645	0.227348	0.00622596	0.0133819	0.00230637	0.00213065
77	0.0747687	0.0277678	0.0107323	0.0106532	0.014069	0.0281718	0.0266795	0.0568361	0.0145874	0.0418336	0.0898449	0.172789	0.0087465	0.0452672	0.0156324	0.1978	0.0602987	0.0838103	0.00315097	0.0165606
78	0.0394415	0.0140777	0.000938448	0.00245402	0.0710231	0.0142708	0.00475685	0.121599	0.00554068	0.305654	0.190478	0.0103182	0.000988343	0.0111972	0.00184303	0.0227628	0.0417565	0.0893289	0.0138063	0.0377637
79	0.0354406	0.0214197	0.00123425	0.00325444	0.0861223	0.0155084	0.00815259	0.138617	0.0112491	0.2593	0.149265	0.0117516	0.0018866	0.0151784	0.003811	0.0228976	0.0598521	0.0903289	0.0192976	0.0454332
80	0.613958	0.0450766	0.00065747	0.000884423	0.00531367	0.0718719	0.00195085	0.00254725	0.00099679	0.00516982	0.00492323	0.0177196	0.00343609	0.00180156	0.00843049	0.195952	0.00277774	0.0132541	0.00157523	0.00170354
81	0.0308128	0.0141726	0.000662398	0.00163871	0.0311445	0.00449404	0.000598466	0.308505	0.00301042	0.255003	0.112858	0.000625349	0.00578622	0.00372712	0.00202186	0.00455586	0.0227895	0.187884	0.000226119	0.00948335
82	0.071158	0.0198089	0.00218716	0.00392435	0.0124184	0.0128995	0.0426125	0.11269	0.00441441	0.0879492	0.116435	0.152171	0.00326482	0.0929189	0.00822102	0.116775	0.0369098	0.0869508	0.00192295	0.0143685
83	0.144838	0.0468206	0.00182032	0.00218489	0.0297692	0.0026498	0.0116399	0.109797	0.00241241	0.173913	0.0740559	0.00373485	0.0102531	0.00394799	0.00278161	0.0304246	0.0716674	0.269547	0.000711233	0.00703149
84	0.329982	0.103603	0.00592515	0.0072527	0.00778316	0.139161	0.0175642	0.0671875	0.0109567	0.073289	0.020208	0.0152385	0.00677786	0.0183815	0.0203305	0.083122	0.0239806	0.0291696	0.00709807	0.0129888
85	0.0389029	0.0124009	0.0183113	0.0364826	0.00768536	0.0136159	0.0282616	0.0250544	0.232444	0.0810049	0.0477468	0.0256507	0.0136686	0.0613946	0.229794	0.0541335	0.0327759	0.0241738	0.00258046	0.013918
86	0.0394127	0.00823405	0.0155961	0.0108361	0.205765	0.00262957	0.211133	0.00291218	0.00991924	0.040314	0.00289058	0.0673071	0.0011676	0.0384322	0.0227675	0.0374859	0.00371405	0.0183349	0.0171305	0.244018
87	0.269826	0.0569176	0.00818341	0.00170178	0.0137772	0.0423984	0.00151944	0.120829	0.0290176	0.0119424	0.00220281	0.00207154	0.00159714	0.0218666	0.00175056	0.0383186	0.100388	0.27332	0.000633449	0.00173958
88	0.0404542	0.0189112	0.000578697	0.00157654	0.0301552	0.00456866	0.00119387	0.29771	0.0020221	0.256411	0.0990743	0.000673239	0.00492514	0.00383426	0.00200785	0.00569688	0.0241285	0.195985	0.000248066	0.00984513
89	0.0106962	0.00720097	0.00141784	0.00735547	0.455181	0.00206734	0.00473728	0.00250324	0.00226879	0.221212	0.0220454	0.00213923	0.00116253	0.00251587	0.00819393	0.0046094	0.00320794	0.00364442	0.0456422	0.192198
90	0.264887	0.0550394	0.00769548	0.00168792	0.014173	0.042558	0.00161451	0.114398	0.0278293	0.011068	0.00242916	0.00226088	0.00182998	0.0218422	0.00179422	0.0406187	0.142087	0.24371	0.000602108	0.00187618
91	0.0814598	0.0286268	0.00642228	0.00551046	0.00647888	0.0156466	0.00726112	0.0179311	0.00885992	0.0393784	0.0165953	0.0334378	0.00585052	0.010378	0.00553554	0.392508	0.261788	0.047186	0.00128459	0.00786082
92	0.105543	0.00541506	0.194739	0.101459	0.0014866	0.00238106	0.0245847	0.00189493	0.129147	0.0268322	0.00619571	0.0855551	0.00917064	0.0852762	0.0510867	0.115998	0.0393711	0.011538	0.000328671	0.00199786
93	0.0416044	0.00220323	0.0123404	0.0560295	0.0052761	0.0137064	0.0397716	0.0248547	0.291488	0.0639096	0.041335	0.0151615	0.00938668	0.0924342	0.168089	0.0339851	0.0387934	0.0271903	0.00317367	0.019267
94	0.0337372	0.0143289	0.0228513	0.0466261	0.00242278	0.025465	0.0213074	0.0134131	0.30664	0.0200154	0.0143284	0.0265729	0.00568919	0.0673223	0.249612	0.077391	0.0330567	0.012813	0.00116221	0.00524545
95	0.29088	0.0483545	0.00154536	0.00187544	0.0124755	0.108747	0.0170788	0.0140942	0.00305451	0.0130577	0.0242545	0.0456369	0.0102066	0.0146706	0.0070799	0.30924	0.0423577	0.0148595	0.0117879	0.00874307
96	0.652225	0.055734	0.000656761	0.000956556	0.00318773	0.0621559	0.00100049	0.00209017	0.00101446	0.00555329	0.00497916	0.0110678	0.00447368	0.00136764	0.00493417	0.166486	0.00178168	0.0190435	0.00040045	0.00089219
97	0.0948941	0.00861893	0.00220292	0.00343217	0.0147986	0.030212	0.0470728	0.1056	0.00400815	0.0356514	0.0993512	0.151937	0.00206423	0.0598039	0.0170857	0.186175	0.0507225	0.0566453	0.00133077	0.0283935
98	0.0388595	0.0140365	0.00083986	0.00227293	0.0961441	0.0112023	0.00608012	0.146177	0.00619494	0.271155	0.148769	0.00945438	0.00120978	0.0117268	0.0025908	0.0203287	0.0394527	0.0984639	0.0343174	0.0407246
99	0.0330643	0.0223508	0.000910594	0.00506136	0.0288247	0.009118	0.00295047	0.0563433	0.00230531	0.534153	0.191095	0.00704141	0.00377886	0.0161446	0.00132922	0.0181097	0.0133497	0.0446169	0.00123653	0.00821703
100	0.0667216	0.0130813	0.0147915	0.00655899	0.00224295	0.779235	0.0021944	0.00232575	0.0121004	0.00861553	0.00252197	0.00886633	0.00128567	0.00377627	0.00685747	0.0479276	0.00567483	0.00855743	0.0021998	0.00446479
101	0.0184441	0.0130033	0.000850666	0.000675963	0.242281	0.000698847	0.0131478	0.120729	0.0103623	0.3288	0.102732	0.00276824	0.000588857	0.00841566	0.0123599	0.00747617	0.00901724	0.0513873	0.0102889	0.0459724
102	0.0646158	0.0132956	0.0323967	0.0246918	0.00502065	0.646365	0.00760119	0.00521162	0.0244695	0.0145209	0.00538243	0.020092	0.00420086	0.0150284	0.031308	0.0497054	0.0151023	0.011205	0.0025232	0.00726333
103	0.0818699	0.0209746	0.0393306	0.0385376	0.00357009	0.0110779	0.00332784	0.0705575	0.0287488	0.162521	0.0534189	0.00438433	0.00323716	0.0340752	0.0269849	0.151216	0.212167	0.030603	0.000994652	0.0224032
104	0.0302913	0.0049742	0.3428	0.224802	0.00307081	0.0152029	0.0145702	0.00465084	0.0389882	0.0107895	0.0142908	0.14721	0.00651083	0.0325802	0.0308789	0.0503598	0.014509	0.00163765	0.000303658	0.0115786
105	0.0609126	0.0261267	0.0621073	0.0251678	0.00415478	0.00461467	0.136016	0.00642164	0.00557572	0.00893894	0.00562535	0.376361	0.00260571	0.0412759	0.00418678	0.189471	0.00843027	0.00877125	0.00161206	0.0216246
106	0.0162295	0.0378815	0.00121327	0.00202768	0.0107732	0.00275668	0.0016801	0.157401	0.00178829	0.139422	0.0296108	0.0023947	0.00154496	0.00281328	0.00149254	0.00357452	0.0116943	0.571518	0.000625037	0.00355902
107	0.00885599	0.0409013	0.00206087	0.00251275	0.081014	0.00242728	0.0327786	0.284719	0.0338956	0.0658251	0.00333673	0.00321683	0.00144826	0.0132661	0.0438891	0.0053041	0.00429482	0.289478	0.0469992	0.0337763
108	0.110094	0.0243222	0.0219462	0.0564451	0.0331352	0.0027871	0.00244702	0.044109	0.134473	0.125323	0.0460892	0.0399598	0.0829612	0.00417726	0.0336061	0.0862206	0.0358827	0.091506	0.00115152	0.0233649
109	0.00316972	0.0115331	0.000509442	0.000697385	0.000591168	0.00066283	0.000572071	0.230707	0.000696335	0.0365949	0.0152085	0.00140146	0.00128377	0.00316434	0.000651879	0.0013198	0.025876	0.664538	0.000255597	0.000567061
110	0.0142043	0.0184088	0.0682706	0.0822948	0.0205159	0.016644	0.0459912	0.024051	0.126083	0.0401036	0.0133397	0.0827541	0.0011522	0.0734508	0.176038	0.0801778	0.0500946	0.0338798	0.000601733	0.0319451
111	0.0816364	0.0138863	0.00734561	0.00566765	0.00156816	0.774529	0.00176574	0.00218545	0.0144939	0.00544169	0.00182293	0.00331637	0.000708998	0.00311533	0.00551954	0.0598538	0.00426196	0.00798715	0.0018728	0.00302128
112	0.0124459	0.0305318	0.00106669	0.00643458	0.00128534	0.0120779	0.0250605	0.00154348	0.281063	0.0126528	0.00789448	0.0295395	0.011956	0.0531798	0.47351	0.0256041	0.0101799	0.00239141	0.000481108	0.00110116
113	0.0214456	0.0102365	0.00106107	0.00184489	0.0277444	0.00443097	0.00120278	0.243303	0.0023952	0.180813	0.337968	0.00126483	0.00394802	0.00373838	0.00214217	0.00498094	0.0155676	0.127873	0.000654424	0.00738535
114	0.0098373	0.0217349	0.190713	0.00446711	0.00413791	0.00415093	0.0036501	0.19046	0.072868	0.127764	0.0537424	0.00490221	0.00239172	0.0563127	0.0891977	0.0933348	0.00722921	0.0580793	0.00116455	0.00386233
115	0.073856	0.020856	0.00215358	0.00333674	0.0202171	0.00614762	0.00443047	0.0798904	0.0031408	0.0714977	0.0144647	0.00356748	0.39961	0.00627874	0.00264602	0.0334866	0.0474112	0.20135	0.000937498	0.00472116
116	0.117311	0.00774911	0.158028	0.317694	0.00263196	0.0146008	0.0196663	0.00652233	0.0531097	0.0215086	0.00079878	0.0242857	0.00301529	0.0602157	0.0209266	0.108493	0.0308877	0.0223855	0.000272799	0.00989754
117	0.125423	0.00694734	0.176134	0.311807	0.00256479	0.0133121	0.0229666	0.00609355	0.0542489	0.0211446	0.00107678	0.0220156	0.002911	0.05606	0.0198919	0.0966947	0.0276016	0.0236063	0.000371327	0.00912882
118	0.0244835	0.0116424	0.00142117	0.00251897	0.210998	0.00464623	0.00898129	0.114631	0.00791742	0.319457	0.0884463	0.0055377	0.00231129	0.00813197	0.00766703	0.0125466	0.0296389	0.0952645	0.00948232	0.0342754
119	0.0405142	0.0040944	0.134004	0.498869	0.00340313	0.00452405	0.00515711	0.00582787	0.0840965	0.00764366	0.00462047	0.0388256	0.00245153	0.0130679	0.121655	0.0117779	0.00842057	0.00624751	0.00113278	0.00366677
120	0.105809	0.00128469	0.0521628	0.152813	0.00331588	0.0136457	0.0152941	0.00736782	0.196561	0.0108897	0.00140579	0.0365442	0.00271348	0.124404	0.180066	0.0469896	0.0340218	0.0113271	0.00235556	0.00102841
121	0.145665	0.00310683	0.00558578	0.111883	0.00352818	0.00473778	0.00822462	0.00767769	0.29937	0.0910779	0.0301469	0.0317881	0.0030316	0.0835788	0.0975619	0.0339112	0.0226344	0.00944845	0.00157539	0.00546703
122	0.0103921	0.0019298	0.000820099	0.0017381	0.00631633	0.0017748	0.000966621	0.506848	0.00736395	0.113098	0.00344217	0.00634658	0.000567165	0.00435695	0.00708705	0.00221033	0.00474059	0.306431	0.000337861	0.0132331
123	0.069135	0.0187451	0.00797147	0.00453234	0.00956802	0.00735684	0.00783536	0.0365466	0.00868143	0.0518872	0.0359405	0.0136401	0.0103439	0.00790723	0.00578318	0.194459	0.389468	0.108137	0.00132112	0.0107409
124	0.643298	0.076205	0.000611316	0.00106664	0.00278623	0.0496564	0.000913334	0.00217298	0.00101101	0.00715656	0.00376379	0.00953672	0.00308597	0.0013304	0.00421522	0.179059	0.0016991	0.0112364	0.000345949	0.000850448
125	0.0795557	0.0125464	0.00715432	0.00461818	0.00158592	0.790559	0.00178705	0.00180335	0.0118871	0.00569513	0.00164951	0.00485333	0.000655071	0.00218567	0.00467734	0.0531395	0.00309293	0.00721157	0.00206244	0.00327999
126	0.0561758	0.018254	0.00401102	0.00235446	0.00284823	0.00754059	0.0080323	0.00524537	0.00493708	0.0195388	0.00800659	0.0074296	0.00428449	0.00330278	0.00300501	0.260444	0.524992	0.046049	0.000824668	0.0127241
127	0.0988909	0.0255521	0.00799416	0.00926268	0.00650738	0.0161524	0.00804487	0.0188826	0.0101773	0.0312952	0.0140357	0.0122451	0.00559477	0.0123006	0.00844434	0.191355	0.44787	0.06005	0.00190126	0.0134435
128	0.015077	0.0130954	0.000800342	0.00162977	0.012479	0.00251174	0.00078588	0.235361	0.00102805	0.0786032	0.0306179	0.00250757	0.00233418	0.00365562	0.001015	0.00666303	0.0286932	0.559721	0.000388703	0.00303284
129	0.0204826	0.0140021	0.00115052	0.00114331	0.227599	0.00107391	0.0163993	0.101028	0.0142102	0.338819	0.0957366	0.00378343	0.000674613	0.0121566	0.0215687	0.00773401	0.0108751	0.0471345	0.00959205	0.0548355
130	0.185173	0.0186277	0.00511068	0.00302575	0.0014977	0.657664	0.00138732	0.00214271	0.00884276	0.00404306	0.00219476	0.00550099	0.00117053	0.00222875	0.00446784	0.0822351	0.00338091	0.00774462	0.00135338	0.0022078
131	0.533542	0.0417547	0.00078041	0.00128689	0.00426516	0.0648578	0.00469704	0.00467781	0.0013657	0.00559096	0.0054422	0.0202295	0.00335142	0.00526763	0.0061697	0.257155	0.0134674	0.0225546	0.00166357	0.00188099
132	0.00727862	0.0145594	0.00117687	0.00395267	0.607097	0.00145112	0.00508684	0.0228381	0.00673346	0.00845804	0.00433215	0.00178916	0.00366869	0.00420542	0.00551419	0.0156681	0.0117919	0.0157032	0.0274936	0.231201
133	0.0247597	0.00485578	0.640699	0.0972384	0.00270166	0.00848456	0.012492	0.0032344	0.00737396	0.00555919	0.00419779	0.106051	0.00479544	0.0120127	0.00474112	0.015605	0.0318908	0.0097803	0.000850197	0.00267683
134	0.0244184	0.00958414	0.292369	0.0556033	0.00644967	0.00774702	0.009221	0.0101904	0.0155408	0.0430829	0.00944617	0.0220618	0.285713	0.0451817	0.0109665	0.108339	0.01762	0.0132494	0.00269555	0.0105198
135	0.0192663	0.00664984	0.00234275	0.00245782	0.0950262	0.00322611	0.00140567	0.254133	0.00162487	0.401174	0.0322567	0.00182415	0.0017514	0.00275112	0.00157284	0.00311457	0.00697967	0.154572	0.00129267	0.00657855
136	0.476644	0.0300253	0.00126279	0.0016791	0.00365425	0.020899	0.0193	0.0153376	0.00293457	0.0125134	0.00890936	0.02493	0.00279629	0.00699783	0.00280217	0.227668	0.0951371	0.0425115	0.00195086	0.00204706
137	0.0547594	0.00428674	0.383646	0.187771	0.00531761	0.0155088	0.0148829	0.00375067	0.0376758	0.011801	0.0122493	0.133134	0.00778817	0.0322444	0.0215526	0.0416939	0.0203103	0.00381301	0.000338121	0.00747626
138	0.0103921	0.0019298	0.000820099	0.0017381	0.00631633	0.0017748	0.000966621	0.506848	0.00736395	0.113098	0.00344217	0.00634658	0.000567165	0.00435695	0.00708705	0.00221033	0.00474059	0.306431	0.000337861	0.0132331
139	0.304301	0.325334	0.00729577	0.00885526	0.0092466	0.00824474	0.00899324	0.0136038	0.00993632	0.0183399	0.0109165	0.0116379	0.00550553	0.0124182	0.0771444	0.0310224	0.101779	0.0193561	0.00261907	0.0134503
140	0.099393	0.000667896	0.052891	0.154392	0.00281588	0.0126197	0.0167485	0.00522073	0.202934	0.00794058	0.000799901	0.034071	0.00302354	0.13112	0.189926	0.0418024	0.0302427	0.0100519	0.00272442	0.000615177
141	0.0426397	0.0149391	0.0304588	0.06598	0.0521631	0.0137089	0.368179	0.0165232	0.038017	0.0384399	0.0176871	0.0389669	0.00706211	0.0607599	0.0482973	0.0371483	0.0245385	0.0237783	0.00775208	0.0529608
142	0.00321211	0.0115184	0.000509504	0.000704385	0.000586494	0.000673059	0.000570141	0.230799	0.000696863	0.0366823	0.0152523	0.00141443	0.00128662	0.00316883	0.000653386	0.00131077	0.0259507	0.664188	0.000254835	0.000567438
143	0.024905	0.00569898	0.633921	0.0958578	0.00333701	0.00896085	0.0124292	0.00381527	0.00975019	0.00614159	0.00451671	0.10343	0.00480399	0.0136179	0.00609619	0.0164188	0.0330184	0.00980019	0.000814602	0.00266605
144	0.116943	0.0119676	0.00580346	0.00342166	0.00125956	0.765289	0.00132452	0.00184436	0.0105439	0.0040849	0.00149456	0.00163118	0.000671827	0.00153616	0.00342297	0.0547878	0.00215258	0.00815066	0.00140207	0.00226851
145	0.638943	0.0767219	0.000626098	0.0011118	0.00283553	0.0494206	0.00109013	0.00228639	0.00104696	0.00711259	0.00382614	0.00994259	0.00302914	0.00152778	0.00425268	0.181299	0.0023911	0.0112281	0.000409289	0.000899077
146	0.0186555	0.00902093	0.00266923	0.00836868	0.287306	0.00256276	0.0322303	0.00547253	0.00349727	0.157916	0.0149965	0.0107271	0.00152908	0.0056975	0.021323	0.0104205	0.00382856	0.00734974	0.178209	0.21822
147	0.0766989	0.0151098	0.00758521	0.00485715	0.00160109	0.794068	0.00151244	0.00247364	0.0115592	0.00522175	0.00158153	0.00273929	0.000752742	0.00183395	0.00503513	0.0523527	0.00259016	0.00739223	0.00174852	0.00328622
148	0.080084	0.0141101	0.00686409	0.00429795	0.00143836	0.795078	0.0013756	0.00166361	0.0116374	0.00465989	0.0013125	0.00238103	0.000683993	0.00168794	0.00452	0.0541847	0.00246432	0.00713162	0.00166912	0.0027555
149	0.0253318	0.00971259	0.00491223	0.0275067	0.0209091	0.00571798	0.0561347	0.0481961	0.27284	0.207932	0.0289758	0.0336363	0.00434754	0.0369733	0.124523	0.0148358	0.019918	0.0188594	0.0107724	0.027966
150	0.0326576	0.0136741	0.000907176	0.0032488	0.0346842	0.00681088	0.000894947	0.0550876	0.00132708	0.519177	0.222964	0.00480782	0.00286336	0.00863163	0.000926709	0.0169154	0.0135199	0.048852	0.00167603	0.0103734
151	0.105756	0.00535468	0.195489	0.0676535	0.00121714	0.00123405	0.027007	0.00146695	0.142984	0.028815	0.00693523	0.0949985	0.00937488	0.0880783	0.0548036	0.116693	0.0407395	0.00998416	0.000400601	0.00101466
152	0.100947	0.0184988	0.0145056	0.0132268	0.0123622	0.369775	0.0431664	0.0159874	0.0133109	0.0717703	0.021807	0.105306	0.00629458	0.0282871	0.015145	0.0589635	0.0518323	0.0201077	0.0044268	0.0142794
153	0.0805259	0.0116499	0.000953501	0.0050009	0.00393488	0.00518413	0.000877218	0.274833	0.00121061	0.0482451	0.0204464	0.00476334	0.00309036	0.00124239	0.00108417	0.0364674	0.0517668	0.441647	0.000349861	0.00672688
154	0.00873458	0.00312051	0.0955885	0.337501	0.00231537	0.00322821	0.283042	0.0034013	0.0256399	0.00578843	0.00325134	0.0410101	0.00422319	0.0909167	0.013903	0.0512658	0.0172127	0.00466708	0.00100895	0.00418052
155	0.112225	0.0381863	0.0148374	0.0171357	0.00962065	0.0544546	0.0118138	0.0147427	0.0164758	0.0186063	0.0160778	0.0333708	0.0101422	0.0185611	0.0177714	0.452892	0.0968149	0.026618	0.00622258	0.0134309
156	0.0107602	0.00561471	0.00117159	0.0019693	0.166417	0.00806395	0.00230998	0.242219	0.00168683	0.170326	0.0440437	0.00535972	0.00130439	0.0021204	0.00180741	0.0111783	0.0301154	0.283905	0.00232933	0.00729801
157	0.0741341	0.0235499	0.00142885	0.00177397	0.00207125	0.00932216	0.008178	0.00577327	0.00206104	0.0228707	0.00726467	0.00504306	0.00349146	0.00306909	0.0017227	0.252937	0.506894	0.0540428	0.000699885	0.013672
158	0.0297468	0.0110052	0.00101889	0.0013802	0.161837	0.00583498	0.00753785	0.148304	0.00719644	0.291898	0.114605	0.00506898	0.000745018	0.00799051	0.00659484	0.0122471	0.0233493	0.0886705	0.0331658	0.0418031
159	0.0392007	0.116652	0.266096	0.0488389	0.0126892	0.0150394	0.0328619	0.0165455	0.0155096	0.0219656	0.0131669	0.234342	0.0075273	0.0233547	0.015702	0.0515709	0.028562	0.0221726	0.0048175	0.0133851
160	0.266733	0.0422903	0.00573758	0.00817666	0.0708605	0.00919994	0.0077017	0.0514961	0.0107756	0.181538	0.00928389	0.0105416	0.211922	0.0414425	0.00798213	0.0176114	0.0160514	0.0187891	0.00281295	0.00905353
161	0.0343666	0.0120951	0.0321926	0.0821972	0.0298748	0.0126484	0.345874	0.0131702	0.0557587	0.0314322	0.0143417	0.0370179	0.00763616	0.0916828	0.067958	0.0366249	0.0259161	0.0205475	0.00558316	0.0430821
162	0.0429736	0.0094472	0.0138349	0.0385516	0.00971943	0.0172406	0.0276849	0.0255278	0.345409	0.0632432	0.0572463	0.0210075	0.0104204	0.0623843	0.139796	0.0383628	0.0326982	0.0252501	0.00350677	0.0156951
163	0.029117	0.0127971	0.000937001	0.00369563	0.029562	0.00636429	0.00125612	0.0498047	0.00173046	0.506173	0.264325	0.00488122	0.00295678	0.00823763	0.00124125	0.0186782	0.0127946	0.0385303	0.000415271	0.00650236
164	0.035406	0.0143252	0.00105302	0.00348212	0.0316604	0.00676953	0.00139256	0.0517912	0.00144764	0.519686	0.225014	0.00545139	0.00305601	0.00953425	0.00102137	0.0179859	0.0125535	0.0484694	0.0011856	0.00871543
165	0.0869255	0.00374207	0.0161607	0.00332238	0.00349334	0.428401	0.00819127	0.00439116	0.00336711	0.0389565	0.0244749	0.162123	0.00191931	0.0335471	0.00546238	0.0554528	0.0966664	0.0186384	0.00137686	0.00338776
166	0.270892	0.0551331	0.00733541	0.00171225	0.0128354	0.0408873	0.0014912	0.122052	0.0262038	0.0124196	0.0031529	0.00243666	0.00184241	0.0199156	0.00169024	0.038492	0.102666	0.276482	0.000595493	0.001765
167	0.0389658	0.0146051	0.00718911	0.0104756	0.00521998	0.0256195	0.0154755	0.0134351	0.0235776	0.0510876	0.00423469	0.0112697	0.550889	0.0287748	0.0172052	0.0721903	0.049825	0.0557994	0.00101508	0.00314611
168	0.0270726	0.0386946	0.00310766	0.00925874	0.0583599	0.00849922	0.0266091	0.100947	0.00887646	0.306214	0.106548	0.0319552	0.00840447	0.0763138	0.00558115	0.030743	0.0359257	0.0886852	0.00693702	0.0212667
169	0.0430445	0.0223459	0.0111522	0.0154072	0.0267439	0.0142753	0.0147568	0.0945742	0.0217846	0.153994	0.0911816	0.0236452	0.00840905	0.157359	0.017671	0.0492188	0.153712	0.0566241	0.00475003	0.0193508
170	0.125277	0.220957	0.00691067	0.00955279	0.00872039	0.0160023	0.00905305	0.0146852	0.00974957	0.0270018	0.0188445	0.0157568	0.00759525	0.0123133	0.0164392	0.161249	0.246209	0.0364176	0.00187118	0.035395
171	0.120033	0.0891625	0.00142404	0.00186754	0.0068208	0.0482139	0.00580209	0.0126432	0.00562946	0.00819442	0.0184495	0.0413626	0.00937154	0.0235031	0.00237661	0.476391	0.102047	0.0224929	0.00157149	0.00264321
172	0.0903079	0.0276814	0.000821938	0.00148194	0.0447217	0.00335609	0.003353	0.156414	0.00186094	0.154906	0.0642531	0.00270463	0.0165712	0.00314828	0.00194584	0.0460646	0.0978623	0.271237	0.000458605	0.0108501
173	0.0180504	0.00840442	0.00244837	0.00202531	0.162742	0.00242868	0.00316801	0.184468	0.00246118	0.417341	0.0309231	0.00192275	0.000869004	0.003165	0.00274347	0.00379595	0.00636272	0.130711	0.00404203	0.0119272
174	0.0195328	0.0118666	0.00116899	0.00113586	0.208856	0.00155804	0.0118995	0.118384	0.00850886	0.37841	0.0908787	0.00303819	0.000657724	0.00808259	0.00963218	0.00727854	0.010324	0.0616677	0.00914395	0.0379757
175	0.0221657	0.00893089	0.00111967	0.00201969	0.122329	0.0113367	0.00136813	0.211239	0.00138822	0.155351	0.0397117	0.00464211	0.00606644	0.00199221	0.00137245	0.019281	0.0750517	0.309616	0.000524632	0.00449235
176	0.0116135	0.027116	0.000982142	0.0052707	0.00118168	0.0114388	0.0268052	0.00150215	0.299142	0.0138026	0.00675029	0.0338846	0.0139416	0.0470398	0.460633	0.0239036	0.011265	0.0022831	0.000397047	0.00104731
177	0.0716203	0.0127954	0.0646772	0.124291	0.00125842	0.0352104	0.0199644	0.0276191	0.118357	0.0142495	0.00466503	0.0394349	0.000520396	0.081105	0.0950352	0.169571	0.0869023	0.0243989	0.000200386	0.00812436
178	0.0179902	0.0115466	0.00161368	0.01073	0.377351	0.00219242	0.00952076	0.00320305	0.00241003	0.189638	0.0162891	0.00365004	0.00143794	0.00308731	0.0194433	0.0068567	0.00314928	0.00512629	0.0742949	0.24047
179	0.0244501	0.00502834	0.611635	0.112251	0.00259668	0.00989653	0.0115794	0.00278505	0.0104241	0.00500803	0.00476121	0.117212	0.00277941	0.0136813	0.00720268	0.0170689	0.0300848	0.0078461	0.000468972	0.00324001
180	0.0405215	0.0339021	0.00342483	0.00766218	0.0427425	0.00624388	0.0132158	0.113224	0.0153178	0.282766	0.0737689	0.0220612	0.0265909	0.0386751	0.00739145	0.0701925	0.074355	0.110324	0.00443805	0.0131821
181	0.132349	0.0128695	0.00602727	0.00404498	0.00158127	0.730631	0.00165307	0.00203401	0.0106359	0.00418215	0.00194501	0.00444972	0.00182294	0.00213018	0.00420925	0.0637812	0.00309096	0.00881398	0.00150855	0.00223944
182	0.0471198	0.00953649	0.209365	0.119232	0.0059646	0.0159125	0.0265831	0.0126542	0.0977555	0.0207549	0.0131038	0.0993513	0.00378766	0.0635082	0.0916453	0.0874883	0.0476749	0.0150249	0.000429368	0.0131089
183	0.0342177	0.00328389	0.00875201	0.040877	0.00483893	0.0207371	0.029818	0.0223002	0.321685	0.0655311	0.0574644	0.0177873	0.00775406	0.0836152	0.172468	0.0301227	0.0381138	0.0228985	0.00280739	0.0149277
184	0.0688591	0.0206029	0.0015586	0.00168813	0.00209985	0.00795143	0.010097	0.00591899	0.00194873	0.0233138	0.00730853	0.00517531	0.00387515	0.00289337	0.00185404	0.266696	0.494166	0.0570199	0.000731749	0.0162423
185	0.030986	0.013447	0.000721452	0.00169424	0.0355365	0.00481646	0.000542373	0.303402	0.0020531	0.272551	0.0958515	0.000544556	0.00566205	0.00395392	0.00213559	0.00435717	0.0213664	0.189603	0.000229103	0.010547
186	0.126643	0.0217115	0.0174934	0.0222331	0.00907148	0.243232	0.010925	0.0199227	0.0200473	0.0294548	0.0195423	0.0733082	0.00551756	0.106762	0.0190559	0.0837141	0.127475	0.0329813	0.00263944	0.00827034
187	0.200478	0.421712	0.00671921	0.00779855	0.0102687	0.0281944	0.0103075	0.0169379	0.0102423	0.0243654	0.0182874	0.0155938	0.0100384	0.0150236	0.0323796	0.0674693	0.0633694	0.0233746	0.00343467	0.014005
188	0.112044	0.0241576	0.00528456	0.00229158	0.00312117	0.611346	0.00434684	0.00448086	0.00881833	0.00471737	0.00649069	0.0120642	0.00336963	0.00649092	0.00519793	0.149494	0.0190004	0.0102463	0.00272197	0.00431569
189	0.0240413	0.0249484	0.0138909	0.0249648	0.00595596	0.0125035	0.0360224	0.00803374	0.229341	0.0238522	0.0114151	0.0334466	0.0120505	0.0547232	0.412792	0.0319471	0.019692	0.0107036	0.00203373	0.00764233
190	0.0113949	0.0258602	0.00121026	0.00557616	0.00125196	0.010753	0.0289963	0.00160864	0.295965	0.0158559	0.00677587	0.0357051	0.0130353	0.0452476	0.461854	0.0237833	0.0109013	0.00255509	0.000459737	0.0012102
191	0.238913	0.0645595	0.00450801	0.00589279	0.00439295	0.0510861	0.00487901	0.115529	0.00756434	0.0105106	0.00611105	0.096624	0.134944	0.00745273	0.005122	0.0524596	0.0466604	0.135723	0.00243221	0.00463581
192	0.0253653	0.00470428	0.644237	0.0959037	0.00320586	0.00927936	0.012103	0.00296545	0.00616884	0.00588786	0.00406526	0.105048	0.00500758	0.0114976	0.00420531	0.015346	0.0323821	0.00955035	0.000667222	0.00240988
