203	20
1	0.0408667	0.0045313	0.30911	0.0823662	0.00496211	0.0952254	0.0300891	0.00788673	0.0302911	0.0130055	0.0051955	0.206894	0.00842254	0.0427826	0.0311373	0.0464976	0.0238285	0.00896792	0.00262674	0.00531241
2	0.211688	0.00120715	0.0925848	0.125596	0.00147177	0.0178381	0.00184608	0.00205318	0.0204211	0.00839779	0.00161997	0.0145198	0.340158	0.0264861	0.0041241	0.0738946	0.0445463	0.00900675	0.00029004	0.00224978
3	0.296915	0.0216529	0.040898	0.0594414	0.00517895	0.0146166	0.0173526	0.0296479	0.0619767	0.0420923	0.00565299	0.0192292	0.0207667	0.0811551	0.0504183	0.0880845	0.056745	0.0630819	0.000791006	0.0243029
4	0.0962867	0.008913	0.0985933	0.170783	0.0117711	0.0292653	0.0434936	0.0202679	0.0621326	0.0318192	0.0120155	0.0514018	0.0156238	0.152573	0.0659713	0.0453493	0.0365673	0.0310019	0.00381956	0.012351
5	0.16178	0.00719304	0.0103837	0.0707937	0.00199447	0.0127546	0.0625749	0.0305435	0.0922376	0.114216	0.0016105	0.0130502	0.0042652	0.14392	0.134262	0.00965861	0.0215288	0.0693255	0.000815469	0.037093
6	0.0779683	0.015765	0.0417804	0.125149	0.00287623	0.00874462	0.0207388	0.060465	0.0327233	0.0750256	0.0239181	0.0843651	0.00113704	0.130688	0.254092	0.0127911	0.0247955	0.00368951	0.00057284	0.00271471
7	0.116086	0.0282318	0.0082668	0.00396313	0.01439	0.0148451	0.00282109	0.206276	0.00388712	0.0892747	0.0197411	0.0037855	0.001373	0.0131386	0.00570321	0.0419839	0.0748473	0.347606	0.000736368	0.00304342
8	0.0832432	0.0339527	0.00300669	0.00312234	0.0332265	0.00305152	0.00144263	0.281732	0.00243505	0.13	0.0610711	0.00208039	0.000732527	0.00281801	0.00611862	0.0124129	0.0176654	0.315926	0.000279122	0.00568318
9	0.113747	0.00661321	0.0280484	0.0205483	0.00706002	0.317458	0.0359236	0.0139296	0.0167173	0.0117647	0.0122742	0.0729906	0.00467074	0.0255765	0.0533101	0.19921	0.0216064	0.0220986	0.00642543	0.0100271
10	0.00430858	0.000644296	0.00080543	0.00133241	0.044485	0.000898501	0.00505574	0.226142	0.00475248	0.473859	0.0754297	0.000909305	0.003622	0.00427192	0.00492181	0.00176521	0.00151061	0.144469	0.000185041	0.000631863
11	0.00584939	0.0238096	0.00209484	0.00317551	0.419837	0.00261937	0.0383625	0.0138249	0.00784722	0.0068084	0.00581689	0.00263844	0.00111917	0.00437572	0.00374766	0.00906856	0.00347738	0.0147757	0.00753547	0.423216
12	0.00545552	0.00226873	0.00102085	0.00291821	0.0733743	0.001117	0.00763422	0.156827	0.00837181	0.472694	0.124014	0.00108507	0.00556485	0.00765603	0.00677858	0.00289517	0.00133203	0.117743	0.00030997	0.00093949
13	0.0130632	0.0198299	0.00424994	0.00768609	0.236596	0.00876083	0.125229	0.0103145	0.0109502	0.0163845	0.00945701	0.00553821	0.00254341	0.0106339	0.0105779	0.0137459	0.00554411	0.0322278	0.0494347	0.407233
14	0.1239	0.0161383	0.0523934	0.0328319	0.0128207	0.309069	0.0352858	0.0180513	0.0241779	0.0239609	0.01576	0.0619372	0.00902044	0.0299162	0.0556623	0.106217	0.0276998	0.0248884	0.00682386	0.0134456
15	0.0667189	0.00801738	0.192821	0.0961918	0.006058	0.137902	0.0157123	0.00844546	0.0281748	0.0138559	0.00713653	0.0363074	0.175981	0.0295373	0.0704266	0.0641297	0.0215972	0.0101775	0.0055085	0.00530071
16	0.0358149	0.0112289	0.0113271	0.0196848	0.0169695	0.00748094	0.00699904	0.217744	0.00953124	0.0984799	0.0284462	0.00992582	0.00518438	0.0168861	0.0137199	0.0176383	0.0398976	0.42614	0.000823276	0.00607837
17	0.11164	0.0101568	0.064196	0.0371919	0.0102838	0.317532	0.0395425	0.0138981	0.0237189	0.018076	0.0132772	0.0719523	0.0136358	0.0292927	0.0544014	0.106432	0.0230349	0.0221617	0.00654653	0.0130304
18	0.0810443	0.0115241	0.0342241	0.0493278	0.0142482	0.0208797	0.0248349	0.0584904	0.042749	0.0323135	0.0139971	0.0414353	0.0129506	0.100109	0.124938	0.0756284	0.11164	0.131181	0.00349687	0.0149881
19	0.116284	0.0101977	0.0622138	0.0440926	0.0108827	0.290858	0.0383686	0.0150058	0.0264834	0.0199893	0.0112007	0.0844937	0.0121402	0.0298667	0.0605608	0.103476	0.0243563	0.0210384	0.00512721	0.0133639
20	0.0783375	0.0108517	0.0419664	0.0764487	0.0210347	0.0443838	0.0502973	0.0298566	0.171521	0.0579807	0.0187129	0.0611312	0.0202177	0.0791208	0.0900256	0.0476657	0.0382672	0.0357536	0.00679106	0.0196359
21	0.0465859	0.00926051	0.00936903	0.0197772	0.00942215	0.00734229	0.00935419	0.0148853	0.00862554	0.0221426	0.0069221	0.0402025	0.013185	0.0150913	0.0183044	0.424819	0.295655	0.0225975	0.00145786	0.00500031
22	0.0208242	0.016901	0.00533803	0.00755771	0.279541	0.00995596	0.0136187	0.019687	0.0109587	0.159971	0.226462	0.00640047	0.00296733	0.00953701	0.0129754	0.0132449	0.00677209	0.0147273	0.099173	0.063387
23	0.00458556	0.00094933	0.000840412	0.00147778	0.0413658	0.000956139	0.00490413	0.234477	0.00458633	0.465929	0.0762278	0.00100858	0.00363833	0.00467502	0.00484713	0.00206692	0.00196085	0.144632	0.000233757	0.000638755
24	0.0436457	0.00463599	0.00697956	0.0100095	0.00826093	0.00773243	0.00828985	0.0237543	0.00927026	0.0631846	0.588724	0.00915419	0.00346203	0.013168	0.00942192	0.011617	0.0358018	0.135666	0.00210999	0.00511197
25	0.0262805	0.00301078	0.257628	0.0390071	0.00314463	0.153768	0.0300017	0.00464753	0.0207984	0.00625016	0.00243669	0.370596	0.00337769	0.02903	0.0168024	0.0178024	0.00595897	0.00532476	0.000961031	0.00317334
26	0.0824042	0.0134933	0.00182874	0.0127246	0.0233334	0.0130623	0.0140333	0.110733	0.00257478	0.36243	0.0694425	0.0149377	0.00120074	0.0699031	0.0179927	0.0468058	0.043184	0.0901956	0.00691489	0.00280552
27	0.00437595	0.0231734	0.00179872	0.00254767	0.433636	0.00229785	0.036481	0.0144897	0.00764929	0.00558558	0.00413458	0.00237829	0.000974998	0.00290969	0.00258629	0.00822538	0.00228166	0.0135167	0.00363636	0.42732
28	0.00373432	0.0231469	0.00140236	0.0021698	0.437982	0.00187248	0.0355077	0.0140064	0.00699138	0.00250123	0.00124004	0.00192278	0.000938738	0.00243435	0.00211159	0.00811906	0.00204764	0.0133295	0.00285417	0.435688
29	0.056202	0.00250556	0.198694	0.19976	0.00115903	0.0278151	0.0486298	0.00803649	0.0585007	0.0173901	0.00593057	0.0530818	0.0042322	0.152282	0.0514935	0.0531619	0.0300197	0.0236127	0.00479914	0.00269419
30	0.185699	0.234758	0.0185498	0.0197915	0.00382983	0.0198112	0.0634636	0.0198455	0.00506665	0.00680388	0.0041158	0.0497531	0.00225412	0.0205727	0.00482745	0.223064	0.0913112	0.022569	0.00104009	0.00287384
31	0.069268	0.0232396	0.00352882	0.00808989	0.0168912	0.0078383	0.00651835	0.14335	0.00346262	0.324116	0.0402295	0.00663386	0.00197078	0.0407939	0.009633	0.0585322	0.0341792	0.195253	0.00256452	0.00390752
32	0.0752712	0.0108458	0.00145491	0.0116879	0.0194215	0.00892851	0.00942934	0.126393	0.00222669	0.360948	0.0665529	0.00925872	0.000941865	0.0761	0.0130029	0.0470189	0.0392889	0.113664	0.00451371	0.00305113
33	0.074454	0.0156088	0.047945	0.0596461	0.037801	0.0454962	0.166917	0.0265645	0.0476684	0.0546698	0.0192154	0.0675228	0.0202069	0.0661098	0.0669388	0.0563862	0.0342406	0.034256	0.00794949	0.0504034
34	0.00454294	0.0228198	0.00165303	0.00266485	0.429351	0.00242583	0.0384997	0.0139912	0.00748561	0.00323847	0.00189129	0.00212577	0.00102714	0.00290074	0.00246145	0.0089493	0.0024266	0.0137767	0.00605941	0.431709
35	0.0545619	0.00675329	0.0268295	0.0487268	0.0111428	0.0230049	0.168814	0.0147926	0.0363892	0.0762855	0.0148206	0.193263	0.0152102	0.0940308	0.0560974	0.0930668	0.0268906	0.0191828	0.00353174	0.0166064
36	0.0593262	0.00546598	0.0502202	0.0990453	0.00747897	0.0339797	0.289973	0.00736572	0.0197306	0.0138584	0.0123894	0.0966839	0.00715149	0.105722	0.119275	0.020374	0.0321341	0.00880544	0.0012686	0.00975254
37	0.020663	0.0232686	0.00697042	0.00862706	0.389329	0.00606219	0.0257931	0.0381465	0.00932669	0.10803	0.0422337	0.00638265	0.00292235	0.0110365	0.00780167	0.0120623	0.0125913	0.0241172	0.00595901	0.238677
38	0.0329074	0.0120844	0.00615851	0.0177587	0.0492576	0.0082788	0.00859859	0.194337	0.0106058	0.278331	0.168879	0.00862793	0.00563372	0.0171678	0.0134446	0.0140372	0.0174508	0.128812	0.00141313	0.00621533
39	0.161522	0.00750529	0.0101364	0.0701345	0.00200841	0.0123889	0.0623571	0.0304903	0.092747	0.112188	0.00160574	0.0132645	0.0044144	0.144846	0.13376	0.00951835	0.0217279	0.0713706	0.000805102	0.0372089
40	0.0470614	0.00374743	0.188413	0.157887	0.00204884	0.0553845	0.0378516	0.00723914	0.0847579	0.0142455	0.0122768	0.0564525	0.0118991	0.139789	0.0651254	0.0462124	0.0347357	0.0177578	0.0151091	0.00200589
41	0.00482479	0.00513864	0.000875586	0.0106205	0.0104445	0.000939735	0.000921665	0.265435	0.00226185	0.0389014	0.0236627	0.00194132	0.00056837	0.00146737	0.00174176	0.00217429	0.017804	0.609371	0.000205462	0.000699646
42	0.0635374	0.00576137	0.132701	0.12527	0.0103551	0.0289422	0.114856	0.0129874	0.0480542	0.0274604	0.0110565	0.0618974	0.00833798	0.170754	0.0664107	0.0432073	0.02915	0.0230627	0.00464742	0.0115503
43	0.055322	0.00250252	0.183641	0.187445	0.00204357	0.0268761	0.0458174	0.00832692	0.0704188	0.01765	0.00522727	0.053673	0.00551763	0.159825	0.0649006	0.0489838	0.0314743	0.0221208	0.00553608	0.00269784
44	0.0810171	0.00360399	0.107924	0.145413	0.0199108	0.00851368	0.0213304	0.00823991	0.0700026	0.0279569	0.00456236	0.0245711	0.00641821	0.205926	0.155569	0.0676558	0.020075	0.0158026	0.00182714	0.00367969
45	0.0124429	0.00260583	0.00469851	0.0240374	0.0344119	0.00935123	0.0072571	0.110192	0.0202207	0.514832	0.128574	0.0058889	0.00542785	0.0259363	0.00978934	0.0185502	0.00627132	0.0544847	0.00118126	0.00384702
46	0.0348643	0.00242692	0.166364	0.116552	0.00322277	0.0224181	0.0333484	0.0137918	0.106385	0.0122874	0.00679997	0.0551153	0.00615483	0.131464	0.175941	0.0369789	0.0305347	0.0284213	0.0129279	0.00400149
47	0.00285253	0.000582396	0.000746958	0.00104138	0.00898703	0.000866289	0.00132624	0.349834	0.00133742	0.444862	0.0314187	0.000947908	0.000751147	0.00141355	0.00187695	0.00150115	0.00257326	0.146277	0.000186121	0.000618575
48	0.00265513	0.000455758	0.000751646	0.00119938	0.00651726	0.000825063	0.00117243	0.360395	0.001195	0.450136	0.0309404	0.000910016	0.000844556	0.00138667	0.00146184	0.0014073	0.00254367	0.134407	0.00022396	0.000571516
49	0.029876	0.0637682	0.00930102	0.0147054	0.24558	0.00907157	0.0505211	0.0250907	0.015147	0.0222592	0.0121493	0.011899	0.00458994	0.019351	0.0154368	0.0198698	0.0151334	0.0639171	0.0140223	0.338311
50	0.00937276	0.015339	0.00164794	0.00303615	0.262899	0.00170618	0.00623498	0.0864329	0.00462706	0.418841	0.109042	0.00208873	0.00335278	0.00528317	0.00564624	0.00299266	0.00207685	0.0513036	0.00579699	0.00228094
51	0.0563478	0.00675995	0.356868	0.132804	0.0104467	0.0530724	0.0283037	0.00962485	0.0280482	0.0201333	0.00822085	0.0793632	0.0116297	0.0440485	0.0349839	0.0557151	0.0334781	0.0194462	0.00309226	0.0076133
52	0.104902	0.0092218	0.103195	0.222727	0.0174983	0.0363507	0.0317627	0.0268076	0.0488889	0.0397019	0.0184857	0.0452525	0.0230285	0.0779909	0.0540256	0.0458593	0.0362199	0.039057	0.00346134	0.0155626
53	0.0262785	0.0140869	0.00203228	0.00326894	0.152576	0.00169442	0.00671105	0.180893	0.0064581	0.330178	0.0915097	0.00251465	0.00405192	0.00916086	0.00710168	0.00614426	0.00814518	0.142858	0.000591695	0.00374394
54	0.0279941	0.00963009	0.0116257	0.060076	0.122087	0.0158021	0.130644	0.0133951	0.0154878	0.104191	0.0526763	0.018241	0.00666246	0.141748	0.019099	0.0564963	0.0139431	0.0198804	0.0112241	0.149096
55	0.00814428	0.00642023	0.00108583	0.0106054	0.0116684	0.00120338	0.0012192	0.273953	0.00354747	0.0635015	0.0256253	0.0030757	0.000799311	0.00226219	0.00233645	0.00255659	0.0178531	0.562394	0.000281538	0.00146681
56	0.12828	0.0032391	0.0629082	0.0573793	0.0096478	0.0193834	0.0259824	0.021579	0.0675164	0.011157	0.00530582	0.0633666	0.0235027	0.062989	0.0576464	0.19856	0.144	0.0215667	0.000304737	0.0156849
57	0.0308095	0.00333059	0.277698	0.0532829	0.00262774	0.133359	0.0323936	0.00494619	0.0228346	0.00737755	0.00300876	0.322941	0.00491397	0.0341124	0.0200143	0.0258849	0.00952532	0.00652625	0.00102725	0.00338616
58	0.00422971	0.00490392	0.000873422	0.0108611	0.00996057	0.00099533	0.000994227	0.267974	0.00274553	0.0362471	0.0227695	0.00215709	0.000606051	0.00152895	0.00163185	0.00198328	0.0174893	0.611096	0.000212056	0.000741066
59	0.394545	0.054967	0.0125666	0.00672836	0.0220541	0.221504	0.0123629	0.0072435	0.00655183	0.0203737	0.00553084	0.0100675	0.00303884	0.00856408	0.00838738	0.0954516	0.0866156	0.0151727	0.00310852	0.0051668
60	0.0769137	0.00642577	0.255784	0.186937	0.0258069	0.0363825	0.0331787	0.0134527	0.0337974	0.0228862	0.0103632	0.04424	0.0150183	0.0437103	0.0319849	0.0508017	0.0289	0.0321833	0.00309813	0.0481349
61	0.274017	0.02601	0.0478486	0.0665565	0.0246024	0.0572617	0.0260762	0.0331835	0.0384697	0.0527215	0.0174688	0.0325944	0.0270786	0.0481343	0.0362435	0.0766425	0.0531307	0.0452968	0.00409953	0.0125637
62	0.0247453	0.00898744	0.00241727	0.00508552	0.0393471	0.00289014	0.00544884	0.173155	0.00720626	0.26259	0.293641	0.00323786	0.00353622	0.00958985	0.00579397	0.00595424	0.0107781	0.131155	0.00101637	0.00342403
63	0.00239039	0.00046943	0.000743519	0.00103091	0.00265566	0.000846849	0.000844015	0.384429	0.000817837	0.439999	0.0272455	0.00097791	0.000674949	0.00130733	0.00100858	0.00136742	0.00299834	0.129438	0.000176316	0.000578831
64	0.0120132	0.00437954	0.00163844	0.00586107	0.0437115	0.00136921	0.00537228	0.223717	0.00641374	0.4492	0.0889244	0.00212556	0.00334191	0.00752529	0.00566212	0.00412009	0.00429868	0.12761	0.000657969	0.00205723
65	0.181052	0.00360566	0.00750973	0.00473715	0.00259431	0.458973	0.0654489	0.00964207	0.00394614	0.00523742	0.00816544	0.0289459	0.00164416	0.0100936	0.0178015	0.147405	0.00643673	0.014572	0.00583749	0.0163516
66	0.0261012	0.0029662	0.0219272	0.0445545	0.00305286	0.254246	0.00609782	0.00449834	0.0317914	0.00706089	0.00448442	0.12024	0.00237276	0.0369861	0.327502	0.060851	0.0348461	0.00664823	0.00076888	0.00300376
67	0.00886027	0.00316071	0.00124729	0.00337453	0.0498814	0.00168203	0.00656678	0.189484	0.00656011	0.472226	0.0987204	0.00182099	0.00463876	0.00840396	0.0063932	0.00454415	0.00332682	0.127365	0.000402017	0.001341
68	0.0137748	0.0248072	0.00194386	0.0035424	0.39804	0.00197856	0.00417886	0.0385371	0.00226255	0.337927	0.131282	0.00283547	0.0011817	0.00337738	0.00354962	0.00324575	0.00284026	0.00540764	0.0135726	0.00571472
69	0.0557259	0.00257219	0.183759	0.192617	0.00197335	0.0269902	0.0458343	0.00796968	0.0670949	0.017612	0.00509838	0.0529311	0.00574439	0.159036	0.0617008	0.0512202	0.0321137	0.0222065	0.00508367	0.00271598
70	0.383672	0.0187227	0.00506423	0.123086	0.00391742	0.0727103	0.0452916	0.047843	0.0665064	0.00822884	0.0176777	0.0197983	0.0028651	0.0234913	0.0338336	0.0505161	0.00625642	0.03866	0.000741656	0.0311179
71	0.00379931	0.00104041	0.00104589	0.00296849	0.0653532	0.000976851	0.00732456	0.139417	0.00794299	0.521818	0.115287	0.00120595	0.00578719	0.0076864	0.00640964	0.0029167	0.00119847	0.10667	0.000429181	0.000722207
72	0.0170133	0.0119487	0.00561156	0.00500282	0.199413	0.00339657	0.0223353	0.121499	0.0083961	0.363261	0.0916015	0.00499051	0.00495804	0.0153038	0.0194541	0.0081385	0.00649671	0.083026	0.00267888	0.00547457
73	0.240371	0.00171152	0.129185	0.216903	0.00278534	0.0398473	0.00998799	0.00406583	0.112371	0.00313048	0.00190726	0.0559945	0.00295889	0.0311115	0.0206085	0.060858	0.0351448	0.0274935	0.000512232	0.00305291
74	0.0254744	0.00830859	0.0325442	0.112371	0.0206593	0.00605634	0.129513	0.00645676	0.0731301	0.0350537	0.00414832	0.112745	0.0049879	0.139495	0.218685	0.0233471	0.0067796	0.00556511	0.00125808	0.0334206
75	0.0254107	0.0037244	0.0397425	0.0449756	0.00343112	0.245361	0.0181563	0.00414224	0.0449221	0.00757786	0.0040027	0.15001	0.00450224	0.0457515	0.260764	0.0601119	0.0275039	0.00595845	0.000914168	0.0030369
76	0.00388673	0.00480528	0.000831162	0.0107804	0.0101146	0.000930138	0.00094398	0.264989	0.00230213	0.0373011	0.023455	0.00193109	0.000578672	0.00143351	0.0016885	0.00193194	0.0177917	0.613412	0.000210452	0.000682182
77	0.0800491	0.0340295	0.00672843	0.00422262	0.025052	0.0176637	0.00342449	0.145168	0.00381384	0.0367203	0.00606251	0.0039051	0.00149796	0.0271413	0.00444473	0.0863894	0.158255	0.352177	0.000661016	0.00259394
78	0.00460535	0.0010082	0.00112961	0.00203991	0.0671296	0.00100449	0.00816116	0.159837	0.00796395	0.469279	0.113578	0.00102291	0.00568102	0.00730962	0.00763881	0.00260257	0.00126944	0.137726	0.000234369	0.000778862
79	0.00545694	0.00559832	0.000866878	0.0105748	0.0118438	0.000938731	0.000974862	0.26605	0.00214412	0.039696	0.0242916	0.00185393	0.000582634	0.00146922	0.00163631	0.00198063	0.0175366	0.605321	0.000207783	0.000975531
80	0.230185	0.0436192	0.00456669	0.00635459	0.0614732	0.00664264	0.00811377	0.088516	0.00598436	0.0363543	0.0299814	0.00934364	0.00230722	0.0195241	0.011133	0.0490767	0.322499	0.0549051	0.00120221	0.00821801
81	0.0599152	0.0117655	0.0156572	0.0244834	0.0117278	0.0103655	0.0107417	0.0168981	0.0130546	0.0215603	0.00779066	0.0442592	0.0148922	0.0198744	0.0210869	0.417354	0.242765	0.0273609	0.00132037	0.00712666
82	0.188549	0.0180401	0.0389906	0.0467312	0.0162189	0.0760001	0.0300347	0.0225817	0.0258388	0.0310313	0.0137231	0.0387282	0.0198441	0.0345602	0.0318166	0.239599	0.0703725	0.0389847	0.00543869	0.0129164
83	0.0624268	0.0095353	0.121804	0.0624741	0.0145712	0.0838315	0.0501668	0.0234983	0.0398138	0.0335184	0.0137131	0.223466	0.0112946	0.0577341	0.0643879	0.0523855	0.0332483	0.0246154	0.00406629	0.0134488
84	0.0975958	0.037974	0.00462137	0.0117025	0.0810005	0.00769581	0.00723531	0.130195	0.0139237	0.0582413	0.0224463	0.0220847	0.00261535	0.0675256	0.0344695	0.0286902	0.254731	0.0838826	0.000970851	0.0323984
85	0.0896069	0.00241692	0.015004	0.126896	0.00267623	0.00316841	0.0725335	0.0182497	0.0668469	0.0171391	0.00263603	0.0180275	0.339536	0.0490154	0.0501041	0.0393067	0.0115936	0.0641855	0.000804614	0.0102531
86	0.0546617	0.0145626	0.0180447	0.0386041	0.0243255	0.0209653	0.0229713	0.228156	0.0314286	0.133552	0.0431531	0.0248619	0.124519	0.0312712	0.0286396	0.0329305	0.027636	0.0817622	0.00372105	0.0142338
87	0.0548412	0.00238912	0.244052	0.197748	0.00180573	0.023514	0.0467436	0.00737648	0.0486168	0.0154462	0.00434541	0.0516972	0.00405832	0.128529	0.0471456	0.0620345	0.030111	0.0236973	0.00317329	0.0026745
88	0.0422007	0.00276877	0.208403	0.187843	0.00176526	0.0515631	0.0316714	0.00669757	0.0660117	0.0270454	0.00630285	0.076772	0.00520098	0.140477	0.0564477	0.0345733	0.0293439	0.01621	0.00596527	0.00273695
89	0.0215262	0.00638808	0.0065468	0.0122699	0.0582587	0.0052204	0.010931	0.171793	0.0108684	0.43978	0.0810182	0.00818886	0.00545031	0.0199468	0.0168161	0.0121271	0.0093338	0.0970233	0.00171893	0.00479411
90	0.00510948	0.0230703	0.00170271	0.00283982	0.420004	0.00278331	0.0406847	0.0141989	0.00768465	0.00506133	0.00396538	0.00237076	0.00100638	0.00353705	0.00352484	0.00904774	0.00236677	0.0154529	0.00689899	0.42869
91	0.0647098	0.00424766	0.00681363	0.0758003	0.00459334	0.00764373	0.0548812	0.00789529	0.275515	0.0607744	0.00515172	0.0131561	0.0585579	0.0582006	0.175422	0.0134993	0.0202755	0.0112383	0.0367503	0.0448739
92	0.0244541	0.00242673	0.260908	0.036719	0.00180002	0.167497	0.0310978	0.00277549	0.0206556	0.00377129	0.00174336	0.378317	0.00195867	0.0280932	0.0146031	0.0149125	0.00292882	0.00315736	0.000491753	0.00168925
93	0.0533462	0.00687664	0.0412976	0.0451092	0.00754074	0.25511	0.0267029	0.00920621	0.0401958	0.0179256	0.00860145	0.0927389	0.00956175	0.0413635	0.223206	0.0659276	0.0292773	0.0136694	0.0049733	0.00736964
94	0.00837135	0.00297485	0.0041321	0.00339209	0.065025	0.00234477	0.0137099	0.140011	0.00902637	0.477697	0.103205	0.00321581	0.00917434	0.0170667	0.0167699	0.00551732	0.00397295	0.112304	0.000755261	0.00133439
95	0.0925783	0.00743298	0.0206354	0.0325252	0.00857303	0.0455722	0.213967	0.0107419	0.0149819	0.017484	0.0387837	0.141507	0.00518972	0.213822	0.0771794	0.0182745	0.0180662	0.0132491	0.00207688	0.00736038
96	0.141351	0.0120129	0.0381078	0.0650887	0.0162783	0.0420616	0.0374309	0.0304401	0.0602544	0.0518543	0.0133878	0.0463634	0.0191236	0.0842301	0.182222	0.0495094	0.0492795	0.0416422	0.00314027	0.0162216
97	0.0825613	0.0024127	0.197785	0.210068	0.00141111	0.0236769	0.0484497	0.00962529	0.0450802	0.0143026	0.00475781	0.0443105	0.00344917	0.13527	0.0401074	0.0648511	0.0314058	0.0346218	0.00330834	0.00254539
98	0.071288	0.00716998	0.0137195	0.0206523	0.00774751	0.0129113	0.0187423	0.0148496	0.0561368	0.190318	0.0121387	0.0673524	0.0082615	0.154959	0.122841	0.171883	0.0217017	0.0167618	0.0021737	0.00839311
99	0.0231593	0.0137814	0.00179564	0.00278611	0.239497	0.00166095	0.00708663	0.147449	0.00606476	0.316225	0.100447	0.00191742	0.00397431	0.00705113	0.00556741	0.00692929	0.00579569	0.103982	0.00190973	0.00292016
100	0.0186463	0.00538888	0.00843411	0.120869	0.0132213	0.0109789	0.00980928	0.198096	0.0430162	0.346096	0.128701	0.00941075	0.00577734	0.0172642	0.0100691	0.0172219	0.0102374	0.0192904	0.00175098	0.0057212
101	0.139967	0.00493976	0.0560747	0.0878257	0.00706645	0.0245481	0.023521	0.0153406	0.0327352	0.0209117	0.00654265	0.0306798	0.297199	0.038772	0.0276705	0.103468	0.0440836	0.0256724	0.00183976	0.0111423
102	0.203221	0.0423337	0.00333176	0.00457763	0.0747724	0.00480723	0.00814756	0.0441985	0.0038083	0.0209099	0.0164979	0.00892554	0.00182377	0.018471	0.00802546	0.0481309	0.428482	0.0530423	0.000675699	0.00581801
103	0.0232024	0.00931988	0.00206546	0.00450097	0.022365	0.00157853	0.00319587	0.305064	0.00304584	0.3292	0.0494862	0.00239971	0.00154215	0.00679457	0.0058735	0.00540165	0.00994607	0.211519	0.000365122	0.00313458
104	0.249083	0.00143974	0.137104	0.235986	0.00243286	0.0426375	0.00824467	0.00261018	0.109624	0.0030941	0.00169462	0.050724	0.000901779	0.0304624	0.0151157	0.0537041	0.0275532	0.0245692	0.000484846	0.00253412
105	0.081001	0.0104673	0.00174002	0.0141197	0.0193134	0.00987453	0.0104146	0.119284	0.00283656	0.355315	0.0763936	0.0104474	0.000954852	0.0814811	0.0141863	0.0452369	0.0363645	0.102554	0.00495944	0.00305604
106	0.00239039	0.00046943	0.000743519	0.00103091	0.00265566	0.000846849	0.000844015	0.384429	0.000817837	0.439999	0.0272455	0.00097791	0.000674949	0.00130733	0.00100858	0.00136742	0.00299834	0.129438	0.000176316	0.000578831
107	0.0111254	0.00325968	0.00426443	0.133088	0.00351234	0.0213107	0.0213978	0.0215905	0.336731	0.0379562	0.00416269	0.157003	0.00247006	0.145681	0.00598074	0.00738916	0.038457	0.0402585	0.00126028	0.00310232
108	0.0541009	0.00468085	0.19434	0.196668	0.00218737	0.0226878	0.0466515	0.00934298	0.0591044	0.0215955	0.00496518	0.0459043	0.00409491	0.159211	0.063692	0.0479162	0.0285452	0.0256131	0.00405268	0.0046453
109	0.00419916	0.00504956	0.000927467	0.0114678	0.00994656	0.000985635	0.00101149	0.26278	0.00240476	0.0362827	0.0236729	0.00200624	0.000579313	0.00152425	0.00173645	0.00202699	0.0177922	0.614702	0.000214192	0.000691154
110	0.00422994	0.000799174	0.00114016	0.00193764	0.0673926	0.00102435	0.00831138	0.159589	0.00804879	0.468256	0.113305	0.00105223	0.00585811	0.00738529	0.00784606	0.00259963	0.00127527	0.139005	0.000241093	0.000703094
111	0.0573854	0.00376322	0.0385879	0.104799	0.00613837	0.00907843	0.152163	0.00850576	0.0583031	0.0147982	0.00528852	0.190288	0.0618924	0.0510749	0.0438509	0.118407	0.020796	0.00984014	0.00108109	0.043958
112	0.0060816	0.00124207	0.000831957	0.00152369	0.0480136	0.00101787	0.00568151	0.214915	0.00519776	0.472504	0.0813701	0.00111492	0.00389101	0.00515319	0.00529078	0.00227452	0.00172011	0.141199	0.000231009	0.000746626
113	0.0337709	0.00169388	0.526419	0.124564	0.0052972	0.0332709	0.0208179	0.00275565	0.00465276	0.0115699	0.00183823	0.0661686	0.0107438	0.00629203	0.0218793	0.0818208	0.038784	0.00402742	0.000752091	0.00288141
114	0.15485	0.00277797	0.0111097	0.0051719	0.00302257	0.371996	0.040253	0.0176504	0.00437379	0.00627103	0.0160449	0.0429059	0.00201074	0.0190622	0.0108678	0.238406	0.00558747	0.0306244	0.00905668	0.00795771
115	0.0474229	0.00556014	0.186463	0.134529	0.00239749	0.10425	0.0337042	0.00624425	0.0814462	0.0128353	0.00980338	0.0602767	0.0237995	0.119762	0.065336	0.0442594	0.030707	0.0140846	0.015174	0.00194588
116	0.0305904	0.00255091	0.00351157	0.0786456	0.00365477	0.0037325	0.0160889	0.181583	0.00484587	0.0182574	0.00417821	0.06095	0.00197019	0.0508473	0.0416963	0.0193493	0.154642	0.307554	0.000632221	0.0147201
117	0.0685999	0.00531791	0.331583	0.132906	0.00919288	0.0492886	0.0244883	0.0114542	0.0305591	0.0204109	0.00919265	0.0745789	0.0206723	0.0502239	0.0380508	0.0565948	0.0363318	0.0207349	0.00259356	0.00722477
118	0.011037	0.0197372	0.00417633	0.00820091	0.275067	0.00698223	0.124428	0.0119971	0.00961064	0.0119688	0.00647012	0.0057031	0.00225842	0.0102836	0.00727635	0.0129775	0.00524713	0.0259409	0.0241687	0.416469
119	0.0655779	0.010916	0.0386442	0.0571938	0.0155301	0.0676278	0.0405899	0.0292724	0.0576611	0.052134	0.0171439	0.0651852	0.0154836	0.081623	0.242613	0.0480638	0.0398158	0.0347044	0.0058737	0.0143465
120	0.014478	0.0141579	0.0434453	0.0102084	0.0646278	0.00843543	0.0370156	0.0637889	0.0290063	0.361152	0.0736425	0.00947649	0.00382209	0.066503	0.143817	0.0106147	0.00994791	0.0305245	0.00107953	0.00425637
121	0.0623397	0.00566679	0.0103971	0.0496561	0.00650993	0.109636	0.0917015	0.0120223	0.140395	0.0646227	0.00593021	0.0392217	0.00565455	0.0620134	0.202182	0.0658447	0.0142173	0.0407885	0.00191295	0.00928742
122	0.149677	0.00352837	0.0644596	0.0669345	0.0143671	0.0192352	0.033297	0.0235767	0.0936715	0.0185921	0.00624907	0.0529495	0.028533	0.087653	0.0875562	0.0832855	0.119049	0.0288937	0.000270488	0.0182211
123	0.0190375	0.00636909	0.0366233	0.0665015	0.0356321	0.116043	0.0107926	0.0434972	0.0110904	0.296127	0.112936	0.0363974	0.030784	0.0425769	0.0135526	0.0631108	0.0128047	0.0133346	0.00219375	0.0305956
124	0.14944	0.00291594	0.0689111	0.0670157	0.0139242	0.0203344	0.0319359	0.0229088	0.0926254	0.0131815	0.00673174	0.0587951	0.0302386	0.0828037	0.0837452	0.0888736	0.125011	0.0237207	0.000237777	0.0166493
125	0.0602847	0.015188	0.173385	0.0520976	0.00339146	0.224594	0.0272671	0.00548524	0.0529281	0.00672984	0.00591561	0.126067	0.0319893	0.047281	0.0710425	0.0623037	0.0175099	0.00711094	0.00631589	0.00311311
126	0.110439	0.0307918	0.0090365	0.00315516	0.0145973	0.0125114	0.00221115	0.211104	0.00345043	0.0828419	0.0194034	0.00274757	0.00109312	0.0109306	0.00483378	0.0443675	0.0737332	0.359812	0.000451832	0.00248849
127	0.108265	0.0381744	0.00413245	0.0023318	0.0372592	0.0043104	0.00187199	0.275993	0.00246661	0.148245	0.0598246	0.00204794	0.000885545	0.00362958	0.00587019	0.0129569	0.0178445	0.266617	0.000340251	0.00693505
128	0.0434567	0.0310723	0.00643252	0.0117568	0.124693	0.0327671	0.0521222	0.00854093	0.0314474	0.0707647	0.069985	0.00863759	0.00409253	0.0153895	0.0544321	0.0364734	0.00963025	0.0376885	0.202386	0.148232
129	0.0795842	0.0412984	0.00232649	0.00278938	0.225083	0.00215905	0.00331138	0.232054	0.00229513	0.142005	0.0701746	0.00277164	0.00101553	0.00446527	0.00471605	0.0136609	0.0154081	0.145836	0.000628792	0.00841658
130	0.0322725	0.00161557	0.537004	0.125485	0.00508563	0.0307784	0.0197919	0.00274281	0.00332257	0.0108524	0.00181624	0.063141	0.0108296	0.00472278	0.0218248	0.082271	0.0393977	0.00370561	0.000613726	0.00272703
131	0.00373432	0.0231469	0.00140236	0.0021698	0.437982	0.00187248	0.0355077	0.0140064	0.00699138	0.00250123	0.00124004	0.00192278	0.000938738	0.00243435	0.00211159	0.00811906	0.00204764	0.0133295	0.00285417	0.435688
132	0.149773	0.00291839	0.0689551	0.0669578	0.0139716	0.0203172	0.0319988	0.0229176	0.0928908	0.0132508	0.00675906	0.058698	0.0300392	0.0826224	0.0836454	0.0889988	0.124665	0.023755	0.000231537	0.0166339
133	0.221864	0.00222941	0.198403	0.199221	0.00291133	0.00843175	0.0226984	0.00664213	0.0107579	0.00566509	0.00339509	0.0100024	0.00218535	0.0558712	0.0055057	0.105495	0.0473912	0.0876075	0.00106981	0.00265177
134	0.00253812	0.0004258	0.000674729	0.0011736	0.0092722	0.0007501	0.00138561	0.315268	0.00158495	0.50109	0.0369164	0.000952588	0.00145392	0.00209377	0.00144786	0.00157017	0.00221604	0.11847	0.00018034	0.000535528
135	0.0581017	0.0720361	0.00987668	0.0137418	0.279442	0.0124923	0.0260072	0.0502747	0.0101632	0.10119	0.0394069	0.0103092	0.00469436	0.0179343	0.0151493	0.0229645	0.0374574	0.0454889	0.00938587	0.163884
136	0.0505561	0.0428664	0.141727	0.137969	0.023472	0.194471	0.00715033	0.00645841	0.0361553	0.0280715	0.0420014	0.0490579	0.00460466	0.0704798	0.0110154	0.0399325	0.0641103	0.0434978	0.00208414	0.00431797
137	0.145577	0.00337999	0.070804	0.0676971	0.0149037	0.0267154	0.0302029	0.0240455	0.0941783	0.0145806	0.00708265	0.0571178	0.028408	0.0804492	0.0828295	0.0875944	0.124726	0.023432	0.000450541	0.0158252
138	0.192254	0.00339633	0.0186484	0.0477537	0.00468096	0.0725876	0.00720188	0.00839634	0.0103268	0.0101645	0.00441414	0.0294311	0.498782	0.0130246	0.00745095	0.0214487	0.0141833	0.0100952	0.00135621	0.0244039
139	0.021722	0.029176	0.0270497	0.01203	0.0927349	0.00951684	0.0438426	0.0661489	0.0209653	0.347949	0.0526072	0.0116465	0.00513493	0.0461456	0.149911	0.0137424	0.0121213	0.0292367	0.00262326	0.00569635
140	0.162338	0.00519997	0.0260186	0.00823485	0.00478454	0.381446	0.0379161	0.0137873	0.00729172	0.00725937	0.0112932	0.0335266	0.00381807	0.0158753	0.0125563	0.20973	0.0089218	0.0214249	0.0192606	0.00931613
141	0.326601	0.0096225	0.0206579	0.0283071	0.00624698	0.0113989	0.00984898	0.0162557	0.0466877	0.0202052	0.00895581	0.0132216	0.0939787	0.0917762	0.0178866	0.0862474	0.0528092	0.103837	0.00214909	0.0333068
142	0.13135	0.00275502	0.00373082	0.0189648	0.00363954	0.0173738	0.0559321	0.0323618	0.0237106	0.139207	0.0329866	0.154274	0.0197762	0.0274892	0.0873918	0.127387	0.080779	0.0322955	0.00310876	0.00548652
143	0.0662989	0.00363958	0.358053	0.217187	0.0118811	0.0316595	0.0221528	0.00729564	0.025985	0.0131688	0.00492929	0.0455605	0.00944201	0.0487106	0.0274895	0.0477287	0.026731	0.0218964	0.00215833	0.00803242
144	0.00385008	0.0230812	0.00144499	0.00227568	0.436159	0.00193628	0.0358684	0.0140284	0.00710861	0.00344768	0.00184116	0.00197291	0.000942245	0.00257302	0.00227	0.00814018	0.00216556	0.0135591	0.00315988	0.434176
145	0.0106427	0.00410884	0.00179894	0.00476333	0.0634839	0.00176153	0.00751044	0.168048	0.0121961	0.410613	0.160069	0.00183192	0.00527165	0.0127466	0.0075266	0.00470283	0.00305369	0.117796	0.000421963	0.00165296
146	0.125622	0.00319952	0.144821	0.369743	0.0285955	0.0505294	0.0100948	0.00689301	0.0437459	0.0089578	0.00493681	0.0337871	0.00279418	0.0138414	0.0247267	0.0235796	0.0118117	0.0651941	0.00118717	0.0259391
147	0.00239039	0.00046943	0.000743519	0.00103091	0.00265566	0.000846849	0.000844015	0.384429	0.000817837	0.439999	0.0272455	0.00097791	0.000674949	0.00130733	0.00100858	0.00136742	0.00299834	0.129438	0.000176316	0.000578831
148	0.548255	0.0766688	0.0139994	0.00576247	0.0394916	0.0729663	0.00446747	0.0050106	0.00521403	0.0279331	0.00362934	0.0047913	0.00241421	0.00592289	0.00485661	0.110646	0.0437914	0.0201558	0.00111005	0.00291315
149	0.068036	0.0184311	0.0379251	0.120424	0.00303294	0.0103747	0.0218009	0.0638189	0.0350512	0.0817902	0.0229701	0.0844992	0.00112803	0.128383	0.260305	0.0105464	0.024109	0.00381633	0.000556811	0.00300059
150	0.00373432	0.0231469	0.00140236	0.0021698	0.437982	0.00187248	0.0355077	0.0140064	0.00699138	0.00250123	0.00124004	0.00192278	0.000938738	0.00243435	0.00211159	0.00811906	0.00204764	0.0133295	0.00285417	0.435688
151	0.13838	0.00292198	0.069535	0.0674627	0.0116133	0.0211888	0.0588614	0.0203459	0.0837123	0.0113902	0.00583174	0.071383	0.0340093	0.0793092	0.0753423	0.0960577	0.114602	0.0208945	0.000422011	0.0167362
152	0.104003	0.0233577	0.00244331	0.00426324	0.0334602	0.00307336	0.0136891	0.0340584	0.00249955	0.0134054	0.016362	0.0138739	0.00165948	0.0263814	0.00510326	0.051339	0.575885	0.0708457	0.000584194	0.00371345
153	0.00419923	0.00153225	0.000732351	0.00185472	0.00385234	0.000886609	0.00082489	0.360593	0.00090648	0.384809	0.0275841	0.00103189	0.000563163	0.00118403	0.00122526	0.00172941	0.00458391	0.201137	0.000163948	0.000606371
154	0.0704871	0.0477278	0.00229393	0.00342503	0.149626	0.00213948	0.00250694	0.254318	0.00291705	0.184757	0.0944206	0.00260579	0.000910557	0.0038429	0.00460705	0.00873744	0.00994263	0.137766	0.00204551	0.0149237
155	0.00244298	0.000477901	0.000722128	0.00102639	0.00359866	0.000815117	0.000928271	0.377574	0.000875086	0.441661	0.0278799	0.000965815	0.000688565	0.0012982	0.00109372	0.00134846	0.00285558	0.132998	0.00017777	0.00057142
156	0.193895	0.00318466	0.0882732	0.0718969	0.0734853	0.0994019	0.0684382	0.00560362	0.0364399	0.0384118	0.00401472	0.0389413	0.00254999	0.00797257	0.00648443	0.173714	0.00591568	0.0237456	0.00128764	0.0563426
157	0.0247648	0.00247615	0.260406	0.0367409	0.00186215	0.169358	0.0312851	0.00266575	0.0209604	0.00378279	0.00171767	0.37542	0.00202697	0.0282033	0.014925	0.0152192	0.00293493	0.00308171	0.000492621	0.00167712
158	0.00337513	0.00221522	0.000721609	0.00446134	0.00544819	0.00081394	0.000873234	0.329974	0.00101106	0.272652	0.0253953	0.00110338	0.000613979	0.00126783	0.00125579	0.00165591	0.00814814	0.338239	0.000167318	0.000606538
159	0.0573941	0.00233986	0.00955208	0.101487	0.00271209	0.00358059	0.0573318	0.0125845	0.0579181	0.0123557	0.00274574	0.0119536	0.442096	0.0522635	0.0457549	0.0337032	0.0158986	0.0627991	0.000768871	0.0147606
160	0.122411	0.0235842	0.00670147	0.0626021	0.00321	0.0157333	0.0504205	0.035186	0.10612	0.0491383	0.00241548	0.0173214	0.0123292	0.148694	0.115296	0.0179892	0.0217896	0.155416	0.000638491	0.0330027
161	0.0141079	0.0248597	0.00194688	0.00348927	0.398526	0.00197859	0.00418021	0.0391597	0.00227384	0.337059	0.130597	0.00283929	0.00112487	0.00336297	0.00357417	0.00324931	0.00289359	0.00569233	0.0134612	0.00562425
162	0.259241	0.0178948	0.00462103	0.165315	0.00401831	0.0366982	0.020775	0.0285055	0.0365648	0.0539754	0.0737177	0.00529	0.0727221	0.097097	0.00585847	0.024722	0.0642116	0.0236894	0.000945705	0.00413762
163	0.153182	0.0230507	0.00687495	0.0107145	0.0267574	0.0106592	0.00739172	0.0969289	0.0104174	0.0316597	0.0297071	0.0150963	0.00525582	0.0517878	0.0137686	0.0627489	0.244237	0.191013	0.0011494	0.00760018
164	0.0721637	0.00843734	0.0248447	0.041199	0.0140515	0.013503	0.0279913	0.0696928	0.0740172	0.0415415	0.0145339	0.05572	0.00697599	0.144911	0.179439	0.0234551	0.0751987	0.0790725	0.00210391	0.0311474
165	0.0719497	0.013054	0.0303104	0.0447427	0.0221527	0.0491987	0.0313476	0.034283	0.0339633	0.0635272	0.0838712	0.0515392	0.0127032	0.0548508	0.179165	0.121295	0.043357	0.0327953	0.00828519	0.0176091
166	0.0216918	0.0197993	0.00492264	0.00906632	0.307447	0.00507248	0.0120903	0.0712801	0.00663358	0.323271	0.10703	0.00490445	0.00331742	0.0129686	0.0104928	0.00945753	0.00809567	0.0407597	0.00952744	0.0121712
167	0.0279066	0.0129677	0.00119976	0.00168738	0.016615	0.00155868	0.0013645	0.368378	0.00138363	0.329701	0.0441034	0.00140289	0.00117844	0.00242509	0.00258055	0.00486114	0.00988268	0.16741	0.000313279	0.00308045
168	0.253712	0.00510622	0.00672122	0.0126937	0.0065282	0.0102157	0.0666673	0.0385382	0.0356846	0.0953089	0.0364844	0.0856551	0.00663564	0.013805	0.0210627	0.0869185	0.0969901	0.0148605	0.0499903	0.0564216
169	0.0037893	0.00179103	0.00126605	0.00274176	0.0746099	0.00107156	0.00711622	0.134038	0.00787031	0.519934	0.116008	0.00123105	0.00540899	0.007983	0.00689563	0.00292553	0.00139204	0.102356	0.000775305	0.00079643
170	0.00446881	0.00518436	0.000862727	0.0108819	0.00985082	0.00100932	0.0011406	0.27061	0.00331324	0.0354254	0.0224908	0.00249331	0.000654682	0.00149648	0.00164122	0.00200546	0.0173355	0.608124	0.000234532	0.000777258
171	0.0605961	0.00472559	0.347868	0.127734	0.0109401	0.0510971	0.0285164	0.0106016	0.0301066	0.0194578	0.00784906	0.0843576	0.0162727	0.0454967	0.0379932	0.0557747	0.0334038	0.017285	0.00277699	0.00714717
172	0.0409214	0.00423749	0.00551844	0.114761	0.00514134	0.00544375	0.0149849	0.181811	0.00711092	0.0187182	0.00570909	0.0615118	0.00287049	0.0420009	0.035389	0.0185683	0.138977	0.282242	0.000994489	0.0130885
173	0.0175908	0.0299875	0.00206098	0.00383624	0.3916	0.00222319	0.0045766	0.0409442	0.00238306	0.340911	0.120177	0.00337131	0.00129824	0.00365069	0.00397953	0.00389838	0.00325948	0.00706899	0.011843	0.00534032
174	0.0201674	0.0216199	0.0110796	0.0129651	0.328444	0.0107193	0.049	0.0206767	0.013947	0.0190263	0.00699823	0.0100201	0.00785503	0.013844	0.0141304	0.0173691	0.0083707	0.0243119	0.00785744	0.381597
175	0.0512188	0.00284577	0.450844	0.244504	0.0232593	0.0254543	0.0133151	0.00542155	0.00921783	0.00956647	0.00366873	0.0351144	0.00615178	0.00893364	0.0170304	0.0391709	0.0200516	0.020659	0.00121667	0.0123557
176	0.0500237	0.0194455	0.0196654	0.0614087	0.0245017	0.00876261	0.116666	0.00891581	0.0532798	0.0239431	0.00658758	0.121742	0.00335194	0.138856	0.279112	0.0151634	0.00810267	0.00793338	0.00123602	0.0313016
177	0.0270511	0.00233519	0.00369583	0.0103862	0.00330377	0.127168	0.148696	0.00485545	0.216094	0.0131361	0.00326579	0.109135	0.00209816	0.0515397	0.217639	0.0418477	0.00533585	0.00896876	0.000812577	0.00263485
178	0.0558928	0.0359875	0.00731879	0.0168745	0.0108665	0.00851691	0.00848707	0.381809	0.0653779	0.0283156	0.0169019	0.0381581	0.00625191	0.0135215	0.0103256	0.0142039	0.0179702	0.25474	0.00187318	0.00660694
179	0.0983571	0.00349075	0.0153389	0.0327848	0.00659339	0.010812	0.0436424	0.0140014	0.173282	0.0891304	0.0099684	0.0562056	0.0517647	0.0544486	0.138352	0.0640729	0.09952	0.0183515	0.0064046	0.0134781
180	0.00519335	0.00118853	0.00112345	0.00214479	0.0590777	0.000996273	0.00762473	0.150728	0.00730585	0.510291	0.101907	0.00127473	0.00787725	0.00861209	0.00645355	0.00418311	0.00176186	0.121174	0.000280534	0.000801514
181	0.0766862	0.0469505	0.00198876	0.00289916	0.0753296	0.00224987	0.00211945	0.288404	0.00235731	0.159616	0.079383	0.00219853	0.000992998	0.00508298	0.00564714	0.00955136	0.0103071	0.208367	0.000435511	0.0194334
182	0.0809554	0.0483238	0.00184513	0.00235992	0.0727168	0.00195916	0.00194396	0.291749	0.00238822	0.167149	0.0966159	0.00203432	0.000866101	0.0037267	0.00459104	0.0093964	0.0105267	0.187358	0.000322418	0.0131726
183	0.0322907	0.00290313	0.00901817	0.0244678	0.00336042	0.00686246	0.00631729	0.00673268	0.0065892	0.020328	0.00346941	0.0529682	0.0174452	0.0091982	0.0198774	0.571399	0.194035	0.00763697	0.000997452	0.00410358
184	0.489933	0.078475	0.0199064	0.00638225	0.0474427	0.0704885	0.0058729	0.00755193	0.00567383	0.0392269	0.0043021	0.00600231	0.00257837	0.0066084	0.00540204	0.120666	0.0609621	0.017828	0.00119753	0.00350045
185	0.28914	0.00292078	0.0856663	0.305137	0.0165372	0.00417872	0.00467996	0.00435365	0.00448252	0.0192797	0.00315444	0.0179661	0.00197513	0.188509	0.0188259	0.00608151	0.0175945	0.00583342	0.000932064	0.00275232
186	0.260806	0.102924	0.0648198	0.00984524	0.00426456	0.025799	0.00580719	0.00799625	0.0475034	0.0502693	0.00476522	0.0072367	0.00360868	0.0308627	0.0276808	0.0125666	0.0672605	0.259158	0.00156695	0.00525907
187	0.211688	0.00120715	0.0925848	0.125596	0.00147177	0.0178381	0.00184608	0.00205318	0.0204211	0.00839779	0.00161997	0.0145198	0.340158	0.0264861	0.0041241	0.0738946	0.0445463	0.00900675	0.00029004	0.00224978
188	0.0649522	0.0106085	0.00626662	0.018026	0.0341393	0.0196988	0.0189557	0.0893942	0.00533357	0.381263	0.0758167	0.0198477	0.00289435	0.0669248	0.0294966	0.0366443	0.0423543	0.0681791	0.00501641	0.00418798
189	0.229741	0.0102359	0.0686853	0.0616028	0.00821944	0.0181937	0.0184966	0.0268641	0.0844478	0.0133585	0.00438471	0.0455588	0.0290255	0.0641178	0.0569535	0.113432	0.0977634	0.0350597	0.000503545	0.013355
190	0.188846	0.00323021	0.0866945	0.073069	0.0945194	0.0998652	0.0686887	0.00586264	0.036531	0.0393781	0.00398039	0.0396977	0.00251677	0.00822833	0.00664564	0.153461	0.0061049	0.0262584	0.00131994	0.0551022
191	0.216761	0.00171971	0.089291	0.126966	0.00156719	0.0193386	0.00216376	0.00289281	0.0204635	0.00946211	0.0032749	0.0142176	0.330184	0.028906	0.00411132	0.0709029	0.0453895	0.00969749	0.000313374	0.00237633
192	0.00373432	0.0231469	0.00140236	0.0021698	0.437982	0.00187248	0.0355077	0.0140064	0.00699138	0.00250123	0.00124004	0.00192278	0.000938738	0.00243435	0.00211159	0.00811906	0.00204764	0.0133295	0.00285417	0.435688
