278	20
1	0.00865282	0.00218727	0.000737918	0.00130462	0.0473192	0.00354326	0.0105456	0.185603	0.00104331	0.44645	0.148393	0.0013129	0.00350715	0.0262456	0.00087544	0.00602464	0.014057	0.0776388	0.000394909	0.0141638
2	0.0269687	0.000526882	0.359067	0.362276	0.000762804	0.0169366	0.0201701	0.012203	0.0305623	0.0125372	0.000854342	0.0343762	0.00083912	0.0427579	0.00690699	0.0215821	0.023648	0.0233144	0.000180827	0.00352961
3	0.0796339	0.00188341	0.0833047	0.137252	0.0102001	0.00243291	0.00542019	0.0228106	0.197009	0.00443405	0.0103836	0.108824	0.0108467	0.0555807	0.0298718	0.0502046	0.16311	0.00712287	0.000460095	0.0192139
4	0.00252931	0.00123119	0.000526641	0.00292184	0.0202514	0.000442806	0.00053862	0.448971	0.000663598	0.231485	0.0171916	0.000752634	0.00199596	0.00188704	0.000753605	0.000984745	0.00306601	0.262629	0.000169546	0.0010086
5	0.0255189	0.00540547	0.00180382	0.00264277	0.0125313	0.000809164	0.00133996	0.389195	0.000884404	0.0440756	0.030469	0.00468171	0.00171108	0.0104071	0.0047462	0.0122964	0.0632685	0.385239	0.000350805	0.00262331
6	0.221396	0.00368457	0.0491452	0.0227556	0.00170061	0.0443788	0.00145717	0.00253509	0.0148565	0.00302018	0.00170711	0.0875103	0.00171075	0.0209768	0.00325398	0.493733	0.0210861	0.00332201	0.000453668	0.00131632
7	0.0167689	0.00394671	0.0047837	0.00857389	0.0472594	0.00693611	0.144662	0.154497	0.0071676	0.317362	0.0521896	0.00864573	0.0048899	0.0168038	0.00678177	0.0135188	0.0162461	0.127444	0.00183726	0.039684
8	0.0519447	0.00334723	0.00835629	0.0125549	0.0037646	0.0421749	0.0295069	0.00471632	0.232194	0.012405	0.00675632	0.0467494	0.00222236	0.0571948	0.29591	0.113954	0.0464867	0.0113297	0.00220276	0.0162295
9	0.0413205	0.00230685	0.00261128	0.00688414	0.00249575	0.842689	0.00172696	0.00797324	0.00447879	0.0110435	0.00441415	0.00616623	0.00173588	0.00526649	0.00311654	0.0326956	0.0159549	0.00414561	0.00136379	0.001611
10	0.0129993	0.000333407	0.000641498	0.00106325	0.831448	0.00345688	0.00075638	0.034823	0.00099271	0.0154747	0.00364592	0.00105853	0.00043212	0.000922389	0.000757783	0.00151706	0.00154072	0.0048268	0.000180272	0.0831289
11	0.00357772	0.000334586	0.000455436	0.000657445	0.0329303	0.000499277	0.000479358	0.305674	0.0006048	0.0261885	0.00044228	0.000613256	0.000278138	0.00082324	0.000504586	0.00103951	0.000847138	0.610944	0.000135441	0.0129709
12	0.00737869	0.000217831	0.000289676	0.00206568	0.356473	0.000378655	0.0116525	0.0283805	0.000382245	0.0260797	0.00681228	0.0022114	0.000318806	0.00224378	0.000369333	0.00242695	0.000722636	0.0247427	0.0222666	0.504587
13	0.0258311	0.00117979	0.00159734	0.0129441	0.00211371	0.0161977	0.00191069	0.00292395	0.00272022	0.013734	0.0022375	0.00296948	0.5472	0.318772	0.00232944	0.0350882	0.00417637	0.00345295	0.000548512	0.00207312
14	0.229295	0.0645152	0.00976428	0.00465413	0.00119925	0.051141	0.002333	0.00178062	0.00734479	0.00217435	0.00143021	0.0164035	0.00964883	0.00272062	0.0013252	0.54461	0.0446448	0.00334963	0.000460462	0.00120512
15	0.079477	0.0546665	0.0083653	0.0132122	0.0688611	0.102368	0.00750573	0.0135627	0.00924008	0.0171828	0.0113385	0.0118136	0.00540005	0.0114524	0.0132062	0.34548	0.0466769	0.0742275	0.0427419	0.0632216
16	0.0282641	0.00118207	0.0043328	0.0130195	0.0834201	0.00434274	0.00272545	0.132555	0.00482256	0.208907	0.0729222	0.00756177	0.0187051	0.0477739	0.00668011	0.052045	0.0783237	0.172998	0.0168829	0.042536
17	0.289013	0.00171314	0.00335304	0.00455438	0.00291832	0.192739	0.0202958	0.0165732	0.0415567	0.00515159	0.00307052	0.0869623	0.00149112	0.0508988	0.0499557	0.213187	0.00835463	0.00498586	0.000874119	0.00235166
18	0.287797	0.00266549	0.00845009	0.00683541	0.00323904	0.183704	0.0160213	0.0121489	0.0411436	0.00600753	0.00288716	0.0865764	0.00236637	0.0375799	0.0365716	0.241347	0.0155861	0.00564268	0.000862062	0.00256882
19	0.163567	0.0396137	0.00261787	0.00608752	0.0874817	0.00356625	0.00769646	0.0533824	0.00311254	0.0717317	0.0185999	0.0043119	0.00219468	0.00802663	0.00545151	0.160677	0.181873	0.160013	0.0032476	0.0167481
20	0.00769926	0.00022295	0.000296328	0.00217941	0.348587	0.000386186	0.0113524	0.0291201	0.000397486	0.0260248	0.00657724	0.00217843	0.000318963	0.0021564	0.000383175	0.00239719	0.000738112	0.0256344	0.0227386	0.510611
21	0.0484747	0.00371105	0.224538	0.2446	0.00479439	0.0155144	0.0163108	0.0159885	0.0956418	0.0118845	0.00621146	0.0481037	0.010472	0.065002	0.0260784	0.0427027	0.0772997	0.0318317	0.000979128	0.00986141
22	0.00761833	0.000223466	0.000297457	0.00215138	0.349846	0.000387572	0.0114068	0.0290032	0.000384742	0.0259907	0.00660816	0.00218797	0.000324711	0.00216661	0.000383537	0.00241144	0.000732758	0.0254207	0.0226754	0.509779
23	0.0401969	0.000678085	0.000973849	0.0013705	0.00096937	0.891447	0.000887627	0.00637949	0.00120984	0.00681598	0.00111536	0.0041084	0.000699645	0.00163388	0.000998181	0.0294387	0.00815907	0.00166976	0.000366307	0.000882224
24	0.0727251	0.00355569	0.00606205	0.0138202	0.020944	0.00810041	0.043413	0.00822497	0.0223518	0.0118161	0.00727832	0.0464205	0.54068	0.0514217	0.0121791	0.0214467	0.051068	0.0125725	0.00167845	0.0442417
25	0.0115028	0.00187537	0.00307532	0.0061034	0.0333315	0.00390294	0.00487126	0.0860677	0.00407218	0.322861	0.0869583	0.0445201	0.0227886	0.0100175	0.00418475	0.0128541	0.0339403	0.131711	0.00262192	0.172739
26	0.0826024	0.00512336	0.00578164	0.00561806	0.00212237	0.739459	0.00233592	0.00671611	0.0064496	0.00821031	0.00196218	0.010784	0.00248719	0.00534868	0.00527847	0.0869742	0.0163515	0.00365895	0.000790671	0.00194575
27	0.0511053	0.00107327	0.00111692	0.00201797	0.00113806	0.00129216	0.00111313	0.0896749	0.0082813	0.00832114	0.00789577	0.00430509	0.000840758	0.00193285	0.00156072	0.0632896	0.126893	0.626742	0.000352945	0.00105392
28	0.122542	0.00265356	0.00389524	0.246263	0.00401361	0.0284803	0.00339665	0.00581575	0.00519296	0.276546	0.00390413	0.0503281	0.0024754	0.142303	0.0487697	0.00986371	0.0297221	0.00846002	0.00153106	0.00384279
29	0.00281168	0.000361201	0.000579734	0.000894249	0.0337334	0.000603386	0.000602424	0.038188	0.000820957	0.758588	0.132435	0.000844077	0.000337468	0.00228071	0.000602086	0.00442	0.00245917	0.0174795	0.000214562	0.00174448
30	0.025664	0.00394734	0.00681073	0.0425239	0.00634828	0.00955425	0.00815911	0.0141619	0.227224	0.245146	0.0398999	0.0149736	0.00547132	0.021662	0.271492	0.0195238	0.0135888	0.0166151	0.00159683	0.00563625
31	0.0281385	0.000861715	0.0796574	0.0680519	0.00562216	0.0017489	0.0316565	0.00661115	0.266547	0.0527712	0.00143179	0.182096	0.000956617	0.054428	0.175784	0.0084122	0.0207275	0.00752679	0.000410885	0.00655956
32	0.0310235	0.00132389	0.0190535	0.0196439	0.00412973	0.00550463	0.0501685	0.00472675	0.135731	0.0289187	0.00246626	0.497371	0.00386313	0.021848	0.110884	0.0353912	0.0170765	0.00569587	0.000850077	0.00432927
33	0.00609547	0.00141752	0.000528214	0.00159758	0.0166212	0.000446769	0.00157045	0.603276	0.000551757	0.108389	0.0059442	0.00301315	0.000464155	0.00236119	0.000550305	0.00101519	0.00167603	0.241585	0.000173039	0.00272336
34	0.0338048	0.00474079	0.00263163	0.0454892	0.00332471	0.00399431	0.0029419	0.110307	0.110652	0.0937373	0.00438523	0.00451054	0.00198157	0.117884	0.338935	0.0250493	0.0145336	0.0777985	0.00079024	0.00250936
35	0.0275583	0.0124715	0.00308555	0.00334612	0.013537	0.00113462	0.00114979	0.439251	0.00149936	0.0235141	0.0548989	0.0121047	0.00255895	0.0105307	0.00291892	0.00805717	0.0337571	0.346611	0.000334311	0.00168059
36	0.0185454	0.000618576	0.00232876	0.0253063	0.0713334	0.00374666	0.00105347	0.122154	0.00177796	0.183649	0.0395632	0.00838057	0.00333466	0.0159816	0.00422378	0.024081	0.0418644	0.375281	0.0133392	0.0434371
37	0.24575	0.0056512	0.0122071	0.0825129	0.0624349	0.177123	0.009257	0.014013	0.0144074	0.0824534	0.0616377	0.012697	0.056798	0.066857	0.0149947	0.0288577	0.018231	0.0211503	0.00313476	0.00983218
38	0.00168198	0.00426929	0.00049309	0.00117962	0.0152029	0.000540569	0.00061961	0.302198	0.000699201	0.493949	0.0378514	0.00073491	0.0059236	0.000915275	0.000954565	0.00121663	0.00597241	0.124726	0.000189836	0.000682085
39	0.0136633	0.000806428	0.52555	0.246657	0.00108853	0.00637601	0.00725764	0.00798163	0.0144314	0.00586624	0.00600437	0.0162634	0.000799233	0.104515	0.00366387	0.00870187	0.0171117	0.0108867	0.00038628	0.00198935
40	0.233383	0.0372335	0.00670005	0.00471905	0.00115937	0.0391249	0.000829977	0.00139061	0.00772667	0.00173965	0.00112615	0.0132314	0.0111056	0.00199156	0.00118395	0.584667	0.0481385	0.00324666	0.000354503	0.000948792
41	0.233247	0.0369484	0.00667782	0.00470788	0.00114593	0.0388539	0.000829648	0.00139406	0.00784976	0.00175207	0.00113147	0.0131661	0.0112604	0.00198647	0.00118572	0.585447	0.0478494	0.00325793	0.000350083	0.000959772
42	0.0237574	0.00816854	0.00437743	0.00137485	0.00659594	0.000784227	0.00220167	0.556907	0.000860454	0.0271635	0.0269762	0.0118425	0.00279999	0.0112863	0.00217846	0.00568829	0.0274051	0.276947	0.000231649	0.00245346
43	0.00340768	0.00322088	0.000517766	0.00120599	0.029572	0.00111918	0.00285348	0.280514	0.000773989	0.475724	0.0599079	0.000788865	0.00477195	0.00698044	0.000855171	0.00232958	0.00768623	0.113848	0.000252625	0.00367025
44	0.0847618	0.00333352	0.00338503	0.00743115	0.0261522	0.0513486	0.0239445	0.00658495	0.00721301	0.200014	0.298227	0.0271539	0.00321997	0.118648	0.00632289	0.00943247	0.088927	0.028766	0.00146409	0.00367132
45	0.0396381	0.00239174	0.00419078	0.0277169	0.00377832	0.00549671	0.250546	0.00552982	0.00954614	0.0103941	0.00479601	0.393001	0.0731309	0.00763777	0.0302855	0.109075	0.00986789	0.00755697	0.00113139	0.00428958
46	0.0675552	0.000811818	0.0489735	0.160007	0.00130753	0.00713233	0.0165063	0.0128517	0.198911	0.0285461	0.0181435	0.015186	0.0150913	0.13489	0.161294	0.0565723	0.0506278	0.00314206	0.000488945	0.00196094
47	0.0349995	0.00285069	0.000820592	0.00227879	0.000911931	0.000849378	0.000770063	0.114394	0.00345124	0.0184406	0.00339811	0.00549229	0.000544168	0.00140491	0.00104305	0.0270269	0.120171	0.660229	0.000224831	0.000698522
48	0.00935706	0.00184102	0.00315685	0.0218761	0.17504	0.00327622	0.00313712	0.0219711	0.0045086	0.193056	0.00455914	0.00458378	0.00268387	0.00576113	0.00444692	0.00745249	0.00694495	0.0237266	0.369865	0.132756
49	0.0568291	0.000991447	0.0245954	0.306245	0.00120792	0.00112478	0.00634724	0.0328926	0.246069	0.00178475	0.00111309	0.00729565	0.00144908	0.117739	0.0550368	0.00376355	0.0257058	0.103536	0.000503006	0.00577107
50	0.180049	0.0607501	0.00391028	0.00961668	0.040788	0.00876822	0.027893	0.0226147	0.00464184	0.0254353	0.0221011	0.00668089	0.00191055	0.00868228	0.0089181	0.151102	0.240502	0.121201	0.00653762	0.047897
51	0.0374363	0.0129145	0.0119433	0.0155546	0.00479568	0.0198368	0.0117712	0.0143499	0.0124355	0.0169088	0.00925191	0.0925541	0.00334394	0.0080645	0.00758459	0.370481	0.326494	0.0193065	0.00112931	0.00384345
52	0.0646625	0.00933777	0.0149759	0.024347	0.0128179	0.373133	0.0185682	0.0160367	0.0383472	0.0244125	0.0114653	0.101082	0.00577695	0.0189921	0.0238721	0.0907264	0.11763	0.0196849	0.00295073	0.0111803
53	0.0448632	0.00621122	0.0248201	0.0320269	0.0285065	0.0294951	0.221781	0.0152471	0.0487711	0.0263209	0.0105339	0.250675	0.0219495	0.0442297	0.0381026	0.0748147	0.0343105	0.0242158	0.0041618	0.0189628
54	0.0162107	0.00153618	0.00147004	0.0348465	0.0289254	0.00255609	0.0021361	0.159534	0.00186796	0.255046	0.0115184	0.00360348	0.00121083	0.00424243	0.010879	0.00789429	0.0182898	0.416009	0.00312888	0.0190944
55	0.14043	0.00115947	0.251716	0.219667	0.00174089	0.124491	0.00174983	0.00231875	0.0326777	0.0122421	0.0017947	0.0299556	0.00114564	0.00256152	0.0113925	0.122215	0.0371269	0.00341251	0.000632868	0.00157181
56	0.0952564	0.00142924	0.00257294	0.0307977	0.00256275	0.0769994	0.0863137	0.00474136	0.0589816	0.0222022	0.00448694	0.224909	0.00138085	0.0222531	0.0198334	0.182817	0.12349	0.0359468	0.000552338	0.00247369
57	0.0230788	0.00396408	0.00406832	0.00649908	0.616361	0.00689719	0.0105232	0.0722052	0.00598819	0.0447227	0.0135561	0.0057315	0.00342263	0.00756457	0.00649392	0.0110435	0.00999801	0.0362449	0.0043665	0.10727
58	0.0470608	0.00144749	0.00191628	0.0141531	0.0119163	0.00358676	0.046552	0.0273025	0.00304224	0.0163429	0.0135889	0.22219	0.00115856	0.00326917	0.00255605	0.320801	0.220505	0.0403824	0.000602157	0.00162671
59	0.0277034	0.00176812	0.426257	0.261646	0.00589215	0.0135592	0.0152288	0.0106526	0.0250603	0.00873675	0.00596958	0.0391569	0.00522126	0.069551	0.0075442	0.0258585	0.0250248	0.0169717	0.000983785	0.00721444
60	0.0538627	0.00189416	0.00791744	0.0110419	0.235018	0.00434307	0.0103312	0.0763351	0.0309839	0.197416	0.047735	0.00443153	0.0503747	0.0277348	0.0299014	0.0403837	0.0194345	0.0395721	0.0437516	0.0675369
61	0.00821278	0.00133589	0.000640866	0.00112027	0.0440572	0.00163534	0.00465179	0.100586	0.00095875	0.597164	0.153885	0.000913602	0.00137199	0.014365	0.000653786	0.0047671	0.00791175	0.0481948	0.000212177	0.00736204
62	0.0236716	0.00567458	0.00205241	0.00189721	0.0109104	0.000620941	0.00137532	0.441853	0.000777974	0.0371543	0.0350386	0.00528244	0.00201782	0.0108153	0.00401386	0.011194	0.0599961	0.343471	0.000189186	0.00199454
63	0.0321094	0.00304146	0.0882752	0.395347	0.00176148	0.0111803	0.0100799	0.0181786	0.0797252	0.00833138	0.00659991	0.0258337	0.0344166	0.0696631	0.0132908	0.0289986	0.0894842	0.0718668	0.000855517	0.0109611
64	0.0361095	0.113279	0.0765007	0.0566651	0.00742904	0.00943014	0.0162756	0.00967355	0.0121456	0.0141517	0.00817236	0.270043	0.00459035	0.0115403	0.00867563	0.292382	0.0170338	0.0133251	0.00172559	0.0208515
65	0.0745034	0.00196752	0.0969606	0.127484	0.00232079	0.0106948	0.0426148	0.0586266	0.118341	0.0112704	0.00219295	0.117125	0.00367918	0.0721856	0.0222503	0.1182	0.0644025	0.0439037	0.000517454	0.0107591
66	0.0199894	0.0777725	0.00593858	0.00820991	0.00463378	0.0742933	0.005942	0.0104889	0.00722536	0.0349101	0.00476108	0.0779916	0.00709852	0.00686784	0.0167894	0.261621	0.359891	0.00973294	0.0013427	0.00449977
67	0.0114497	0.00233811	0.00536038	0.00653112	0.00436652	0.115221	0.23244	0.00590409	0.190544	0.00797114	0.00434081	0.177534	0.00281108	0.127518	0.0742796	0.0102198	0.00887036	0.00733598	0.00109579	0.00386971
68	0.146137	0.00124571	0.00635907	0.0574029	0.00198407	0.0348276	0.0151167	0.0134472	0.175124	0.0332204	0.0441097	0.0658789	0.00140652	0.0482745	0.0527771	0.179647	0.114854	0.00469852	0.000693411	0.0027957
69	0.0452614	0.0064701	0.00592647	0.0580394	0.00403326	0.0058418	0.00473522	0.0960919	0.0926939	0.0529362	0.00631192	0.00714857	0.00265217	0.0645799	0.378526	0.0196499	0.0348938	0.10822	0.00159032	0.00439788
70	0.00737869	0.000217831	0.000289676	0.00206568	0.356473	0.000378655	0.0116525	0.0283805	0.000382245	0.0260797	0.00681228	0.0022114	0.000318806	0.00224378	0.000369333	0.00242695	0.000722636	0.0247427	0.0222666	0.504587
71	0.0201543	0.00218388	0.0135705	0.0193983	0.00643826	0.0208154	0.0333853	0.00987715	0.29414	0.0264965	0.00504559	0.0229015	0.00416689	0.0361596	0.400176	0.0412898	0.0168723	0.0130771	0.00450838	0.00934342
72	0.565436	0.00125704	0.0152092	0.0461573	0.016583	0.00400168	0.00211557	0.0444278	0.00283675	0.0726947	0.00328984	0.00354792	0.0300076	0.0573624	0.00282745	0.0225518	0.0182256	0.0756548	0.000753133	0.0150606
73	0.0276344	0.00154473	0.371006	0.341002	0.00163781	0.0182739	0.012218	0.0131153	0.0238355	0.00878643	0.00378639	0.025372	0.00648784	0.0533558	0.00660079	0.0214437	0.0356155	0.0236653	0.000385262	0.0042333
74	0.0771325	0.00632051	0.264386	0.154951	0.00183718	0.00502535	0.0230246	0.0149615	0.0573951	0.00707896	0.00295444	0.1563	0.0130487	0.0391222	0.0106389	0.0872636	0.0593048	0.0127306	0.000304468	0.00621875
75	0.00859589	0.00187852	0.00301946	0.0220494	0.174836	0.00322994	0.00277251	0.0205638	0.00419915	0.187993	0.00341856	0.0046731	0.00258207	0.00508041	0.00382534	0.00702746	0.00660776	0.022725	0.380426	0.134496
76	0.103968	0.00314165	0.0329427	0.0560891	0.00472167	0.0640984	0.00845205	0.0087303	0.0892438	0.0647304	0.0140619	0.036335	0.00349692	0.052475	0.0507699	0.244855	0.14572	0.00903219	0.00239515	0.00474065
77	0.0219176	0.00111663	0.133215	0.43882	0.00191123	0.0769056	0.00161533	0.00238007	0.0406858	0.00371896	0.0113972	0.042806	0.113	0.0213857	0.011499	0.0574572	0.0143123	0.00390453	0.000607145	0.00134442
78	0.158654	0.0038813	0.00367905	0.0483393	0.00441403	0.00606862	0.00342676	0.150882	0.00493943	0.0299753	0.00400629	0.00612201	0.146848	0.00598544	0.0045604	0.0527328	0.0723703	0.288763	0.000936875	0.00341441
79	0.0105092	0.000561489	0.0070947	0.0047706	0.00568091	0.0201059	0.0463317	0.00119385	0.31829	0.00547894	0.000933971	0.0176487	0.000497656	0.0333504	0.445148	0.0486716	0.0131583	0.00512043	0.00483373	0.0106202
80	0.0950089	0.00355427	0.0708883	0.129651	0.00639345	0.000931716	0.0498238	0.00120869	0.16947	0.0243034	0.016982	0.0530339	0.0677246	0.0733034	0.0934247	0.0580236	0.0202631	0.031816	0.00397051	0.0302249
81	0.10233	0.0277109	0.00739221	0.0205345	0.197465	0.0155454	0.0471681	0.031966	0.0108243	0.03786	0.0164451	0.00719369	0.00295071	0.0116858	0.0134805	0.078818	0.12037	0.12956	0.00841453	0.112286
82	0.0270251	0.00404278	0.00705838	0.0113699	0.00565806	0.0106219	0.0248544	0.009536	0.100672	0.0788394	0.00764653	0.452869	0.00627308	0.0130082	0.0262545	0.166681	0.027528	0.0118035	0.00244891	0.00580884
83	0.0333019	0.0130595	0.00297281	0.00557487	0.00394161	0.0433427	0.00402355	0.00391532	0.033692	0.181464	0.473528	0.00501857	0.00153559	0.0107582	0.0139743	0.0289652	0.104925	0.00834827	0.0254158	0.00224222
84	0.0189515	0.00570116	0.0018709	0.0028452	0.0181489	0.0180372	0.00274936	0.0288343	0.0128538	0.419287	0.368159	0.00263506	0.000998215	0.00830405	0.005981	0.0142678	0.0418156	0.0156966	0.00970781	0.00315478
85	0.0737015	0.00172448	0.00206408	0.00340249	0.206035	0.00371178	0.00377963	0.0518548	0.00308738	0.269381	0.20581	0.00350991	0.00151625	0.00850858	0.00322928	0.00702312	0.0364984	0.109836	0.000866709	0.00445862
86	0.0678638	0.000817009	0.048965	0.159766	0.00133715	0.00722579	0.0165623	0.0127345	0.198892	0.0283758	0.0180074	0.0152517	0.0151131	0.134453	0.161451	0.0567908	0.0506372	0.00320879	0.000490337	0.00205747
87	0.0890135	0.0990595	0.00759139	0.00936754	0.0126104	0.00496724	0.00443312	0.132225	0.0046683	0.0900318	0.0236682	0.0213014	0.00656011	0.00738672	0.00402446	0.0559037	0.227759	0.191957	0.000940736	0.00653057
88	0.0261089	0.000989023	0.0227241	0.0616347	0.197929	0.0516329	0.123191	0.0104866	0.0248226	0.00306587	0.00892942	0.0706662	0.0160052	0.0915795	0.00938337	0.010611	0.0504786	0.00269078	0.000721097	0.216351
89	0.00834929	0.00404916	0.00111313	0.00251003	0.0373878	0.00828119	0.0130187	0.222285	0.0015422	0.343909	0.1647	0.00205604	0.0087272	0.0311144	0.00167882	0.00734934	0.0186997	0.111929	0.00089018	0.0104105
90	0.049013	0.00288757	0.00462406	0.0061889	0.00284218	0.825749	0.00307989	0.00758803	0.00507251	0.00994934	0.00301286	0.00770432	0.00340504	0.00589593	0.00757948	0.0335304	0.0131239	0.00503072	0.00126848	0.00245454
91	0.476269	0.00231215	0.0047674	0.0116276	0.00478796	0.025518	0.00410761	0.0790198	0.00515486	0.0141457	0.00422442	0.00586549	0.154709	0.00942852	0.00478812	0.0358556	0.013228	0.138818	0.00141422	0.00395823
92	0.0432248	0.00261584	0.0166267	0.0286083	0.0269232	0.00424267	0.00254506	0.127303	0.00327805	0.134239	0.0765947	0.0221451	0.00458038	0.0268258	0.0170412	0.0668695	0.135692	0.227656	0.00456956	0.0284193
93	0.0649776	0.00958638	0.0899252	0.289851	0.012246	0.030778	0.016614	0.0217212	0.0514095	0.0333986	0.0183247	0.0383257	0.0205586	0.0493448	0.0237565	0.124355	0.0499286	0.0372241	0.00496351	0.0127116
94	0.0526831	0.0123428	0.0146176	0.0227238	0.00880146	0.0263603	0.0287979	0.0213619	0.0320469	0.0740343	0.0124214	0.212248	0.00724961	0.0158653	0.0154558	0.184366	0.219647	0.0308713	0.00166437	0.00644072
95	0.293571	0.257863	0.00830662	0.011067	0.00880959	0.0675818	0.0201515	0.0215681	0.00673547	0.0198547	0.0102607	0.00930178	0.00477541	0.00873941	0.00806878	0.0962034	0.108094	0.0294436	0.00189276	0.00771171
96	0.067583	0.00877425	0.0447358	0.0655781	0.0172668	0.0268958	0.0375064	0.0260631	0.0401549	0.0467881	0.0379192	0.0432146	0.0275628	0.324968	0.0431397	0.0412499	0.0341328	0.039095	0.005006	0.0223658
97	0.0401969	0.000678085	0.000973849	0.0013705	0.00096937	0.891447	0.000887627	0.00637949	0.00120984	0.00681598	0.00111536	0.0041084	0.000699645	0.00163388	0.000998181	0.0294387	0.00815907	0.00166976	0.000366307	0.000882224
98	0.120377	0.00565724	0.00828221	0.0130624	0.0103673	0.0101929	0.056883	0.22415	0.0122108	0.024097	0.259147	0.0133792	0.0541199	0.0148596	0.00984998	0.0681758	0.0641903	0.0200837	0.00245717	0.00845783
99	0.0128785	0.000334362	0.000632928	0.00109621	0.825959	0.00341167	0.00085336	0.0346336	0.00097153	0.0155354	0.00367297	0.00106292	0.000428404	0.000950923	0.000749077	0.00152335	0.00154042	0.00513354	0.000485216	0.0881465
100	0.0277087	0.00370221	0.000752082	0.00265643	0.00304734	0.000772448	0.00114164	0.177088	0.00213553	0.0345525	0.00583386	0.00453124	0.000609873	0.00255367	0.00194015	0.0175603	0.107482	0.604309	0.000214394	0.0014075
101	0.0478035	0.00250047	0.334312	0.065536	0.00232738	0.0043189	0.0109144	0.00470982	0.0114938	0.0135265	0.0150623	0.346146	0.00368926	0.0357387	0.00410644	0.0607042	0.0252631	0.00639611	0.000713803	0.00473809
102	0.0131139	0.000337144	0.000637971	0.0010475	0.831645	0.00350422	0.000754897	0.0346168	0.000986068	0.015365	0.00359168	0.00108405	0.00043679	0.000932794	0.000768921	0.0015425	0.00153673	0.00474154	0.000182733	0.0831735
103	0.0859671	0.00170969	0.00164855	0.0135646	0.00184797	0.0338825	0.0162744	0.00305014	0.401606	0.128684	0.0165949	0.0440898	0.0213888	0.0471794	0.0978737	0.0632651	0.00446957	0.0141472	0.000603924	0.00215245
104	0.0498454	0.00144082	0.00255534	0.0143829	0.00246698	0.0208847	0.0768037	0.00398563	0.0626353	0.0286641	0.00353236	0.47098	0.00383943	0.0205377	0.0380158	0.117326	0.064664	0.0148477	0.000514995	0.0020776
105	0.0614962	0.0359153	0.00214078	0.00932708	0.0101329	0.00118296	0.00114712	0.190121	0.00154586	0.0346161	0.0102261	0.0036471	0.00275832	0.00360417	0.0023226	0.0086873	0.0521059	0.56711	0.000267373	0.00164571
106	0.0824923	0.0141842	0.00200845	0.0349536	0.0363068	0.00244263	0.00196121	0.0140497	0.0137823	0.295535	0.0324838	0.0142931	0.00131241	0.199764	0.0178545	0.0152735	0.0146054	0.156784	0.000618929	0.0492952
107	0.148824	0.00125905	0.00163187	0.00286806	0.012216	0.0384915	0.0124509	0.00302913	0.00237389	0.0155589	0.129974	0.0257292	0.00144854	0.013123	0.012951	0.334922	0.215362	0.0148355	0.000756895	0.0121944
108	0.114214	0.00815276	0.0620435	0.0252808	0.0100598	0.15296	0.00982752	0.0126157	0.0416602	0.029399	0.0117835	0.0153486	0.00502156	0.0209896	0.293779	0.087724	0.0185785	0.0225025	0.0471608	0.0108985
109	0.0552409	0.0156722	0.00231123	0.0273294	0.00294	0.0352294	0.0162511	0.00463957	0.0970466	0.105576	0.131319	0.0254096	0.0153931	0.160721	0.15679	0.0428535	0.0324584	0.0566674	0.0012051	0.014946
110	0.0141586	0.000622405	0.00514991	0.00445904	0.00267446	0.0103155	0.0345277	0.00133434	0.534374	0.00584002	0.00102813	0.00932865	0.000546345	0.0255962	0.295171	0.0266104	0.0176319	0.0034997	0.00192392	0.00520807
111	0.00190627	0.00377175	0.000628589	0.00145703	0.0131569	0.000655376	0.000746568	0.294679	0.000957549	0.476165	0.0347757	0.00085509	0.0119095	0.0011022	0.00123669	0.00156511	0.00871088	0.144702	0.000211121	0.000807799
112	0.0569389	0.00414258	0.010751	0.0311354	0.0198574	0.0121403	0.0280996	0.0103051	0.0374983	0.018829	0.0102465	0.0207819	0.55502	0.0576894	0.0271677	0.0377003	0.0239476	0.0198527	0.00305801	0.0148382
113	0.0161534	0.000489626	0.000989035	0.0015709	0.764897	0.00348952	0.00139734	0.0443366	0.00202599	0.044162	0.0148907	0.00144783	0.00102503	0.00281079	0.00273297	0.00283109	0.00363312	0.0130192	0.00231642	0.0757815
114	0.0440598	0.000785802	0.00139706	0.00207617	0.00125399	0.876745	0.0018592	0.00747328	0.00146958	0.00792183	0.00144515	0.00453079	0.000745926	0.00212806	0.00214727	0.0307849	0.00861834	0.00248737	0.000570632	0.00150013
115	0.00838301	0.00223466	0.000893512	0.00201762	0.0133697	0.0004965	0.00202857	0.589817	0.000585879	0.0855123	0.00766108	0.0041863	0.000722075	0.00309198	0.000822768	0.001422	0.00496678	0.26796	0.000166983	0.00366075
116	0.748098	0.0597081	0.00127439	0.00206875	0.00808942	0.133596	0.00123761	0.00181472	0.00182621	0.00253847	0.00131176	0.00193274	0.000693086	0.0018418	0.00145338	0.0112143	0.00389624	0.0157628	0.00053107	0.00111161
117	0.115806	0.009593	0.018481	0.0243173	0.0093961	0.0227648	0.0240859	0.0196099	0.0330812	0.0227664	0.0106648	0.168486	0.00655477	0.190858	0.0566633	0.128461	0.044856	0.0805494	0.00268343	0.0103211
118	0.0207782	0.00518089	0.00213833	0.00188245	0.0108266	0.000636934	0.0014546	0.45531	0.000772448	0.0379029	0.0348835	0.0052111	0.00212452	0.0108623	0.00363691	0.00956748	0.058522	0.336024	0.00018856	0.00209622
119	0.0417223	0.0015286	0.00280326	0.00403939	0.00194129	0.849882	0.00253312	0.00859505	0.00410732	0.0107964	0.00254979	0.00685768	0.00315703	0.00612079	0.0036982	0.0320658	0.0115801	0.00329768	0.00063985	0.00208479
120	0.0145405	0.000862974	0.0059168	0.00627689	0.00297483	0.0109988	0.030627	0.00269642	0.516592	0.00899455	0.00140568	0.0109255	0.000847159	0.0259311	0.304554	0.028247	0.0151365	0.00497591	0.00207255	0.00542421
121	0.577207	0.0190444	0.00137728	0.00264485	0.00370943	0.0227306	0.000690518	0.0010295	0.00216944	0.00155394	0.000786868	0.00889059	0.00264765	0.00115007	0.000952619	0.32414	0.0164037	0.0118445	0.000325667	0.000701642
122	0.0494899	0.00181498	0.00238999	0.00505376	0.696955	0.0280702	0.00761586	0.0416515	0.00431689	0.0190874	0.00589508	0.00427356	0.00217066	0.00469071	0.0031294	0.00990485	0.00715635	0.0105783	0.000930839	0.0948247
123	0.0220624	0.00282602	0.016305	0.0201449	0.00701916	0.0196728	0.0318588	0.0114999	0.297908	0.0246415	0.00642737	0.0256371	0.00544401	0.0419555	0.380682	0.0390958	0.0198334	0.0137732	0.00391729	0.00929592
124	0.0440758	0.00591902	0.0241764	0.0224661	0.0200727	0.0219634	0.154576	0.0103231	0.0468703	0.02453	0.00867614	0.376962	0.0210488	0.0335154	0.0419214	0.0818816	0.0284301	0.0146273	0.0028097	0.0151553
125	0.0504811	0.00647114	0.133645	0.310755	0.0107716	0.0237108	0.0182103	0.0192623	0.0534818	0.0271261	0.0139423	0.10592	0.0153425	0.0484849	0.0257165	0.0498571	0.0403825	0.0293129	0.00261611	0.0145102
126	0.0183078	0.00578007	0.0027657	0.00211925	0.00865709	0.000621045	0.00214125	0.548125	0.00112271	0.0373978	0.0211371	0.0085399	0.00253578	0.0111911	0.00191654	0.00517183	0.0229228	0.296529	0.000197527	0.00282132
127	0.0415332	0.00690167	0.00374896	0.00670022	0.0041021	0.00389762	0.00780648	0.146904	0.00814562	0.0210474	0.026175	0.134593	0.00660036	0.00968179	0.003852	0.111988	0.229987	0.213614	0.000926665	0.0117956
128	0.201243	0.00427651	0.0176745	0.0170413	0.0387793	0.0187964	0.025473	0.00933361	0.0745113	0.0144816	0.0070025	0.0544693	0.285113	0.01709	0.0137843	0.0921826	0.0822457	0.0131013	0.00167566	0.0117251
129	0.016427	0.00129949	0.0211684	0.00598106	0.0050759	0.0433287	0.0317855	0.00362484	0.242442	0.010329	0.00268536	0.0156058	0.00138577	0.0263658	0.495518	0.0405438	0.0126585	0.0075294	0.00800521	0.00823998
130	0.0260131	0.00583144	0.0584537	0.018032	0.00854351	0.0166807	0.0998088	0.0146572	0.0275158	0.0186056	0.0101126	0.153563	0.00628353	0.394813	0.0678473	0.0239307	0.0177355	0.0212404	0.00194525	0.00838687
131	0.165622	0.0102699	0.0126238	0.0232306	0.167632	0.094495	0.0122004	0.0188478	0.0189879	0.15985	0.0182535	0.0180711	0.0117698	0.0202787	0.0169565	0.154502	0.0281599	0.0274965	0.00659764	0.0141546
132	0.00767393	0.00134602	0.00113332	0.00158247	0.016134	0.000981126	0.00481895	0.496755	0.0011901	0.10583	0.0259477	0.00215682	0.00104371	0.00385793	0.00563686	0.00483637	0.0878602	0.222033	0.000376371	0.00880599
133	0.0145823	0.00209871	0.00118399	0.00220699	0.0753778	0.00325692	0.00904709	0.166586	0.00240785	0.419382	0.143307	0.00165329	0.00389218	0.026359	0.00252306	0.00736708	0.0165172	0.0837518	0.00254276	0.0159569
134	0.0415891	0.0095409	0.0158304	0.0379369	0.0193556	0.0193967	0.0146146	0.0371461	0.102353	0.156093	0.0258703	0.0253475	0.0076937	0.0525645	0.314818	0.0329859	0.0263889	0.042136	0.00556604	0.0127732
135	0.0248092	0.00562296	0.00684785	0.0121253	0.00727139	0.00858013	0.00692228	0.0136823	0.00938621	0.109591	0.276906	0.0102778	0.00469775	0.0124869	0.00985045	0.233556	0.0943079	0.142469	0.00292667	0.00768275
136	0.0361289	0.0784759	0.00893523	0.0229651	0.0139197	0.00832673	0.00674133	0.194397	0.0281456	0.114874	0.0201307	0.0108859	0.00615323	0.0334563	0.189749	0.0270657	0.0344483	0.154461	0.00234287	0.00839817
137	0.0473499	0.00895032	0.0913538	0.406111	0.00992743	0.0167983	0.0141419	0.0202234	0.0586154	0.0293579	0.0130932	0.0278237	0.0160522	0.0689771	0.0281927	0.0353839	0.0456863	0.0470774	0.00243155	0.0124529
138	0.0450291	0.00527339	0.0140387	0.0263374	0.263348	0.0121607	0.0222621	0.0451573	0.0863303	0.179241	0.0302768	0.0181341	0.011662	0.02915	0.042959	0.034758	0.0248424	0.0346626	0.0208532	0.0535236
139	0.0399846	0.00928653	0.0300359	0.215961	0.0100851	0.0127832	0.0155143	0.0182731	0.0407328	0.0201154	0.0136479	0.0262638	0.0123232	0.0842177	0.0171361	0.0843307	0.244836	0.0405735	0.00264147	0.0612584
140	0.0582257	0.00973211	0.0232467	0.0408032	0.0170864	0.0179823	0.0187748	0.137895	0.0341213	0.0358315	0.019202	0.0332594	0.0188666	0.262101	0.0389012	0.128791	0.0392462	0.0462657	0.00525247	0.0144158
141	0.084025	0.0106899	0.00426913	0.00857221	0.0140213	0.0521261	0.00723984	0.00973085	0.0198329	0.189993	0.422781	0.00971855	0.00413288	0.0221801	0.0118951	0.0256928	0.0673662	0.0166649	0.0141386	0.00492926
142	0.0440199	0.00893053	0.071674	0.361668	0.0105913	0.0109556	0.0136635	0.0375044	0.0550591	0.0298282	0.0135769	0.0259613	0.0163259	0.0510246	0.0213498	0.0333393	0.0454478	0.132847	0.00533267	0.0109002
143	0.00581703	0.00670084	0.000833867	0.00186126	0.0263143	0.00439403	0.00734508	0.24477	0.00107264	0.401899	0.144165	0.00152833	0.00568189	0.0172434	0.00141022	0.00399155	0.0104021	0.108559	0.000200244	0.00581167
144	0.0315652	0.00523089	0.0526678	0.328104	0.00641084	0.00947162	0.0179196	0.0109714	0.0363494	0.0194765	0.0264552	0.0148856	0.00475361	0.350624	0.014037	0.0201501	0.0206429	0.018231	0.00196175	0.0100921
145	0.00749323	0.000222523	0.00029211	0.00210785	0.353223	0.00038041	0.0116024	0.0288335	0.000377477	0.0260251	0.00671528	0.00219804	0.000319148	0.00222372	0.000374884	0.00239394	0.000729959	0.0251483	0.0224748	0.506865
146	0.020341	0.00142768	0.00327815	0.00613806	0.683454	0.00512474	0.0154645	0.0368473	0.00502328	0.0314083	0.00758514	0.00600897	0.00448241	0.00590314	0.00401595	0.00828987	0.00763441	0.018379	0.00658025	0.122613
147	0.0183595	0.222636	0.00607914	0.00645618	0.0532507	0.00334402	0.00288397	0.269493	0.00429416	0.0172229	0.0276602	0.00613656	0.00231849	0.00579298	0.00503012	0.0142034	0.052797	0.259561	0.00108518	0.021395
148	0.0942143	0.00397137	0.0701458	0.13004	0.00744156	0.000797258	0.0567639	0.00110252	0.176754	0.0213568	0.0140198	0.051463	0.0650251	0.0624837	0.101751	0.0542721	0.0211396	0.033951	0.00307198	0.0302351
149	0.147806	0.00633041	0.0115118	0.245387	0.011034	0.0124117	0.0107527	0.0136455	0.0181649	0.0694745	0.010633	0.0157882	0.261452	0.018638	0.0141778	0.0752915	0.0194159	0.0260353	0.00245869	0.00959102
150	0.00794858	0.00217978	0.000694868	0.00125923	0.0446477	0.00324729	0.0104551	0.190329	0.00101042	0.454725	0.14125	0.00126527	0.00348756	0.0247183	0.000862448	0.00598296	0.0140751	0.0777702	0.000341452	0.0137505
151	0.0118959	0.000618331	0.00924998	0.00765515	0.00453419	0.0213585	0.0517407	0.00125378	0.326281	0.00689078	0.000951887	0.0231827	0.000656981	0.0373176	0.408356	0.051872	0.0150899	0.00597484	0.00388675	0.0112327
152	0.0415392	0.000916076	0.00997961	0.012292	0.280189	0.00158887	0.0133145	0.0804342	0.0281917	0.198917	0.0454932	0.00247398	0.0183786	0.0297345	0.0408388	0.017324	0.0141974	0.0409188	0.0482219	0.0750568
153	0.0121813	0.0024741	0.026479	0.0727447	0.15162	0.00440769	0.0887968	0.029844	0.0910127	0.0590316	0.00582902	0.0075967	0.00358772	0.0290943	0.183052	0.00939489	0.0302032	0.00963966	0.0239746	0.159035
154	0.088406	0.00414075	0.0814194	0.185828	0.00518664	0.00160394	0.0431391	0.00441748	0.152545	0.0164474	0.0113635	0.0445984	0.0582998	0.0657861	0.0791259	0.0452259	0.0355849	0.0490657	0.00236702	0.0254496
155	0.0231845	0.00560368	0.00879733	0.0124237	0.00901067	0.0104017	0.278224	0.0129967	0.0588201	0.0797754	0.00926528	0.0146786	0.00513912	0.208411	0.01298	0.0673675	0.0170317	0.155197	0.00236926	0.00832243
156	0.0355854	0.000419553	0.352546	0.380861	0.000644365	0.0162782	0.0199962	0.016138	0.0202472	0.00986199	0.000722962	0.0314592	0.000634118	0.0308786	0.0040178	0.0197749	0.0269818	0.0285194	0.000156551	0.00427752
157	0.0277589	0.00188972	0.102016	0.425741	0.0023903	0.0182461	0.00322324	0.00452493	0.153922	0.00739469	0.00350725	0.0126754	0.00326041	0.156368	0.0183488	0.0300504	0.0160022	0.00995529	0.000622876	0.00210196
158	0.022186	0.00472433	0.00877023	0.0326422	0.00669989	0.00935086	0.0115779	0.0223764	0.19187	0.215021	0.024003	0.0158772	0.00410893	0.0305782	0.334332	0.0218202	0.0144636	0.0213522	0.00182816	0.0064184
159	0.696853	0.0164245	0.000644829	0.00156341	0.00478894	0.0193474	0.000767042	0.0010565	0.000878395	0.00153921	0.000833593	0.0087425	0.000397556	0.00110217	0.000930266	0.225585	0.00495502	0.0126282	0.00031056	0.000652197
160	0.0130313	0.0120782	0.0141684	0.00713921	0.390136	0.00557643	0.376867	0.00877026	0.00620364	0.009677	0.00577016	0.0277642	0.00294434	0.00889669	0.0155931	0.0309834	0.0100642	0.00893833	0.0109858	0.0344129
161	0.0229367	0.00286625	0.00952074	0.0137284	0.265076	0.009583	0.0245235	0.0398998	0.0093433	0.0393174	0.0125142	0.0130218	0.00795738	0.0153409	0.00883581	0.014552	0.0143858	0.0422412	0.0184133	0.415943
162	0.692535	0.0161005	0.000651968	0.00168786	0.00492279	0.0196256	0.000899364	0.0011245	0.00103769	0.00163856	0.000862166	0.00939239	0.000482236	0.00130012	0.000994836	0.227775	0.0053422	0.0125828	0.000302496	0.000741802
163	0.0327576	0.0116569	0.093176	0.029916	0.00207753	0.00322391	0.00209269	0.00269668	0.414071	0.0147113	0.0021428	0.0696625	0.00248482	0.0262795	0.0843716	0.115651	0.065127	0.0255828	0.000679495	0.00163901
164	0.302916	0.00241514	0.0497064	0.0504544	0.00476881	0.271799	0.00294004	0.00478907	0.0218664	0.0476221	0.00416748	0.00534188	0.00310842	0.0329848	0.0871179	0.0473191	0.00692701	0.0289223	0.00361439	0.0212186
165	0.266352	0.246582	0.00554513	0.0069994	0.00522142	0.0849012	0.0329161	0.00653411	0.00501662	0.00948801	0.00532146	0.00913668	0.00295448	0.00605356	0.00595758	0.141227	0.137056	0.0143866	0.00174385	0.00660647
166	0.0824858	0.0643885	0.00251003	0.0170405	0.108929	0.00751942	0.0061129	0.0228803	0.00310863	0.0114003	0.0160482	0.00360133	0.00109699	0.00376385	0.0171223	0.168324	0.193904	0.161875	0.0180033	0.0898847
167	0.0283434	0.00453926	0.457588	0.161965	0.00701516	0.0190728	0.0139082	0.0108279	0.0241213	0.0148331	0.00774218	0.0830671	0.00490552	0.0610526	0.0106128	0.0355066	0.0276798	0.0160818	0.001483	0.00965456
168	0.0159802	0.000645941	0.000912434	0.00751779	0.0600113	0.00279374	0.00103843	0.378967	0.000863987	0.164855	0.0231431	0.00250983	0.00114435	0.00861808	0.00156603	0.00972124	0.0195316	0.287202	0.00220722	0.0107704
169	0.0490632	0.0321893	0.0051943	0.193251	0.00675336	0.00893487	0.00646975	0.0380601	0.0459831	0.0916658	0.151879	0.0100367	0.00398614	0.231159	0.0167636	0.0150005	0.0706977	0.0150117	0.00153551	0.00636578
170	0.00822475	0.000221812	0.000299588	0.00236261	0.342531	0.000405251	0.011127	0.0296789	0.000425804	0.0262071	0.00644111	0.00214712	0.00035006	0.00212998	0.000404366	0.00237878	0.000754012	0.0262466	0.0222926	0.515372
171	0.0373217	0.000761959	0.0686384	0.0727469	0.00779955	0.00136062	0.030852	0.00824432	0.27682	0.0697116	0.00124907	0.152628	0.000711767	0.0400237	0.189925	0.00960916	0.0124584	0.00936347	0.000416568	0.00935851
172	0.0741163	0.00956012	0.0809085	0.286349	0.0110715	0.0274069	0.0169454	0.0198337	0.0575505	0.0305315	0.0169361	0.0417	0.0242682	0.0558088	0.0266608	0.120924	0.0474933	0.0356345	0.00370533	0.0125953
173	0.00168309	0.0042764	0.000490782	0.00117818	0.0152354	0.000554579	0.000638447	0.30206	0.000695794	0.493572	0.0382431	0.00073822	0.00592554	0.000978075	0.000953363	0.00122844	0.00597363	0.124688	0.000189714	0.000698241
174	0.0614629	0.0456839	0.00740446	0.142191	0.00698226	0.0526615	0.00688536	0.0110945	0.0132337	0.14085	0.171264	0.011238	0.00503376	0.013665	0.0517198	0.063782	0.0261875	0.0564106	0.105788	0.00646163
175	0.159879	0.00627306	0.0112546	0.0188757	0.00924466	0.298852	0.0248489	0.0164157	0.0286525	0.0199199	0.00975483	0.165002	0.00547431	0.0314256	0.0245661	0.0955458	0.0417689	0.0211463	0.00236208	0.00873799
176	0.0162402	0.00502242	0.00209999	0.000932883	0.00480064	0.000631731	0.00372442	0.682491	0.000748962	0.0439924	0.00403412	0.00944086	0.00124053	0.00445028	0.000745064	0.0012897	0.00305387	0.209998	0.000207046	0.00485529
177	0.169242	0.00524767	0.0123492	0.0207589	0.00988312	0.0845755	0.176064	0.0106383	0.0357828	0.0188718	0.00710126	0.141943	0.0226759	0.0216416	0.0216205	0.171845	0.0421072	0.0187272	0.00207229	0.00685263
178	0.0643713	0.00899434	0.0948156	0.01203	0.0045308	0.00573731	0.060027	0.00693392	0.00545823	0.00951935	0.00497638	0.285309	0.00322641	0.00695846	0.00514724	0.311904	0.00918205	0.0094627	0.00125616	0.0901597
179	0.0529235	0.00689379	0.0190068	0.0377996	0.00817703	0.0198912	0.0233889	0.0288423	0.147667	0.0408977	0.012318	0.0385493	0.00658597	0.113769	0.319211	0.0490029	0.0280804	0.0336299	0.00380138	0.0095645
180	0.0275196	0.0526006	0.00294337	0.00539793	0.00359798	0.223952	0.00333404	0.0223586	0.00442193	0.0113056	0.00356246	0.0137774	0.0196655	0.00541497	0.045923	0.20689	0.336743	0.00666767	0.000816349	0.00310789
181	0.0164906	0.00161076	0.438422	0.0225385	0.00251443	0.00306552	0.00215971	0.00380775	0.00352364	0.0177642	0.00795721	0.381606	0.00169188	0.0152065	0.00287857	0.0404447	0.0304854	0.00505321	0.000689591	0.00209077
182	0.00737869	0.000217831	0.000289676	0.00206568	0.356473	0.000378655	0.0116525	0.0283805	0.000382245	0.0260797	0.00681228	0.0022114	0.000318806	0.00224378	0.000369333	0.00242695	0.000722636	0.0247427	0.0222666	0.504587
183	0.0317615	0.00333134	0.450988	0.145421	0.00908252	0.0146621	0.0157073	0.0131712	0.0250889	0.0187371	0.0105901	0.0879902	0.00535255	0.0619424	0.00878856	0.0415872	0.0267865	0.0160068	0.00203832	0.0109669
184	0.0213784	0.00436763	0.00490908	0.0135543	0.0621408	0.00692129	0.00679744	0.0968534	0.017583	0.522048	0.075786	0.00906024	0.00627497	0.0174987	0.0173403	0.0189203	0.0198543	0.0552695	0.00746737	0.0159752
185	0.0117201	0.000831285	0.00128298	0.00907183	0.00132884	0.131894	0.00132778	0.00744496	0.293257	0.0160136	0.00170721	0.0801749	0.000895264	0.0100576	0.108156	0.231367	0.0885947	0.00253205	0.00047339	0.00186992
186	0.125526	0.0192457	0.00200452	0.00258391	0.00197105	0.0196579	0.00143296	0.00254635	0.0412162	0.0133946	0.00221262	0.0877813	0.00131089	0.221863	0.239669	0.137886	0.0338546	0.0427637	0.000558605	0.00252217
187	0.040584	0.00658646	0.0214352	0.0310755	0.0318367	0.0224468	0.167166	0.0148122	0.146446	0.0293208	0.0140415	0.0722565	0.0199511	0.056167	0.202757	0.0493808	0.0243559	0.0233688	0.00402716	0.0219838
188	0.145788	0.00113543	0.0130093	0.0321834	0.18758	0.0399265	0.193324	0.00288498	0.0208267	0.0322582	0.0117908	0.00281997	0.00126596	0.0117124	0.0115801	0.00375542	0.0438007	0.0805227	0.000625035	0.16321
189	0.0503938	0.0788368	0.00771868	0.0121507	0.0194676	0.0932798	0.00805655	0.0206847	0.0132746	0.0222306	0.00892395	0.0254674	0.0119759	0.0140441	0.0650129	0.214526	0.279392	0.033769	0.003705	0.0170896
190	0.0103876	0.00103148	0.00166997	0.00805856	0.00175933	0.192898	0.00153768	0.0122264	0.280129	0.0182507	0.00194022	0.0951629	0.001128	0.00844062	0.0990638	0.187698	0.0729073	0.00324666	0.000594682	0.00186921
