224	20
1	0.0255053	0.00272844	0.283637	0.103071	0.0112912	0.0117552	0.060998	0.0118158	0.10801	0.012974	0.0107217	0.136929	0.00368572	0.0396866	0.0913907	0.0214259	0.0211896	0.0166873	0.00112779	0.025369
2	0.0292851	0.0251486	0.00588689	0.00408641	0.220825	0.00350859	0.0038151	0.134882	0.00360333	0.083665	0.0588691	0.0223098	0.00253692	0.00320237	0.00366911	0.0081327	0.0219395	0.162156	0.0171404	0.185338
3	0.0332472	0.0387655	0.0010556	0.00123957	0.050702	0.0100328	0.00080581	0.237308	0.00153816	0.325005	0.0778096	0.00142018	0.00137931	0.00923318	0.00128	0.0100901	0.0210598	0.173364	0.000250405	0.00441402
4	0.0124923	0.00402031	0.000567218	0.000622495	0.0205785	0.00205999	0.000411823	0.515154	0.00195248	0.0889577	0.0108091	0.000791617	0.00337904	0.000914293	0.000514834	0.00379199	0.010015	0.315079	0.00145536	0.00643212
5	0.0146815	0.00608471	0.001161	0.00075953	0.0203068	0.001368	0.000556556	0.434036	0.00183322	0.0903431	0.0155303	0.00139225	0.00284119	0.00146733	0.000621998	0.00477451	0.0206258	0.376025	0.000995455	0.00459583
6	0.126831	0.0112775	0.00700484	0.00780879	0.00345912	0.728082	0.00415886	0.00294227	0.00797984	0.00933002	0.00284001	0.0117083	0.00453298	0.0102552	0.00643127	0.0224782	0.00812591	0.016011	0.00186898	0.00687415
7	0.567086	0.0585525	0.00170479	0.0024613	0.00134254	0.0296494	0.00177962	0.00928988	0.00269057	0.0177869	0.00575187	0.00264131	0.00463117	0.00261329	0.00207623	0.202032	0.0483282	0.0373712	0.000553256	0.00165769
8	0.12963	0.0112701	0.00615842	0.00650803	0.00305853	0.742134	0.00383793	0.00289957	0.00466068	0.00899131	0.0026853	0.00939298	0.00253911	0.00850073	0.00307988	0.0206265	0.0129328	0.0156386	0.000686267	0.00476953
9	0.033192	0.00907986	0.0045473	0.00579534	0.159266	0.00501164	0.0042162	0.11108	0.00704151	0.521215	0.0110156	0.00695541	0.052626	0.0113131	0.00464859	0.00835807	0.00836685	0.00854875	0.00151108	0.0262124
10	0.0690244	0.00683462	0.00733319	0.0105946	0.0587244	0.00821003	0.00905571	0.00824399	0.0117854	0.0134225	0.00749627	0.0107908	0.00391982	0.0125324	0.00882504	0.389185	0.0757329	0.0154441	0.0379646	0.23488
11	0.162817	0.019726	0.014733	0.0220057	0.00603551	0.384101	0.0101301	0.00657754	0.0182667	0.0139665	0.007248	0.0249992	0.0335085	0.0222633	0.00794389	0.108084	0.107605	0.0193308	0.00236237	0.00829596
12	0.532832	0.062218	0.00196396	0.00319088	0.00134099	0.0592845	0.001986	0.0178441	0.00302484	0.0279027	0.012316	0.00288887	0.0214928	0.0030086	0.00230702	0.184364	0.0356101	0.0240965	0.000665941	0.00166263
13	0.0309164	0.0214304	0.00373941	0.015299	0.00424067	0.00504955	0.00813386	0.141012	0.00403647	0.0119723	0.00356544	0.00901409	0.00304573	0.0101959	0.00688835	0.0108849	0.396452	0.31006	0.000965164	0.00309745
14	0.03343	0.0391799	0.00107336	0.00121842	0.0521819	0.0101945	0.000796984	0.238296	0.0014746	0.318443	0.0797557	0.0014105	0.00137487	0.00937833	0.00124612	0.010297	0.0217264	0.173738	0.00025315	0.00453187
15	0.544785	0.0579232	0.00233069	0.00469532	0.0022119	0.0467807	0.00236584	0.0116547	0.0036493	0.0200909	0.00784295	0.00367155	0.0151536	0.00387993	0.00223802	0.185405	0.0426275	0.039353	0.000931812	0.00240836
16	0.0543452	0.0233911	0.00449733	0.0901819	0.00416408	0.0057327	0.131764	0.0050865	0.00869746	0.00865899	0.00436935	0.0512394	0.00233975	0.0729213	0.304124	0.0314244	0.0092616	0.0081362	0.00162839	0.178037
17	0.0150102	0.0105193	0.00945647	0.135882	0.00618273	0.00562958	0.0603824	0.0114962	0.136138	0.0495192	0.0322283	0.0134743	0.00320425	0.195604	0.173961	0.0128686	0.0422534	0.0631947	0.00201032	0.0209848
18	0.0351778	0.0396526	0.00101863	0.00121512	0.0515939	0.0107139	0.000925926	0.235821	0.00174655	0.319182	0.0797488	0.00139882	0.00140553	0.00987147	0.00151601	0.0101141	0.0219708	0.171679	0.000267364	0.00498009
19	0.450676	0.00339161	0.00489454	0.00976827	0.00440997	0.00709846	0.0305953	0.0239447	0.142991	0.00802127	0.0391799	0.0276258	0.0247096	0.0111324	0.0675936	0.0711812	0.040488	0.0264573	0.00169803	0.00414332
20	0.0139876	0.00530047	0.00467811	0.0281584	0.00635765	0.00183481	0.00953459	0.00462591	0.410528	0.0172043	0.00343159	0.0145111	0.00140092	0.0713732	0.274758	0.0715906	0.0426244	0.016541	0.000495846	0.00106346
21	0.0364781	0.0258123	0.00168994	0.00182866	0.00322575	0.00240279	0.00159091	0.0798841	0.00620142	0.0117689	0.00122522	0.00254883	0.0061416	0.00981006	0.00152828	0.0318471	0.0251275	0.749294	0.000473129	0.0011213
22	0.0321005	0.00247855	0.0148351	0.0643857	0.00222099	0.00349936	0.0028491	0.00337661	0.0184513	0.626315	0.00250523	0.0168162	0.00151647	0.0048842	0.0157848	0.00604835	0.10536	0.0726955	0.0010705	0.00280719
23	0.0078445	0.00767843	0.0011542	0.000668873	0.0277171	0.000735639	0.000467012	0.305266	0.000723103	0.0938717	0.0316048	0.00133031	0.000816212	0.00115781	0.000493	0.00101021	0.0381372	0.478384	0.000223436	0.000716044
24	0.015345	0.00271815	0.00054844	0.000862858	0.0191375	0.00214095	0.000473428	0.554817	0.0031689	0.105944	0.00589825	0.000937777	0.00537284	0.000988637	0.000546649	0.00449069	0.00447652	0.263855	0.00222347	0.00605329
25	0.0252611	0.00150584	0.176161	0.637372	0.00149222	0.00248587	0.00808407	0.00201381	0.0262038	0.00466383	0.00155018	0.0209575	0.000947942	0.0514073	0.00556879	0.0141722	0.0142339	0.00311094	0.000669677	0.0021386
26	0.0191852	0.00540662	0.00491863	0.0313067	0.0029979	0.0011514	0.00531454	0.00606686	0.428455	0.0110861	0.00385107	0.00745941	0.00123608	0.0807688	0.29834	0.0487019	0.0268131	0.015557	0.000377175	0.00100632
27	0.0480621	0.00582911	0.0266399	0.0393467	0.00663637	0.0324679	0.0284474	0.00931652	0.224981	0.0179081	0.00875094	0.161564	0.00611104	0.0420012	0.251929	0.03368	0.0255351	0.0187811	0.0024539	0.00955994
28	0.0625897	0.00195902	0.184784	0.0656592	0.00279276	0.0147143	0.0301069	0.00218579	0.0280659	0.00477242	0.00311369	0.176554	0.161237	0.0132827	0.0254921	0.195019	0.0185054	0.00392916	0.00218307	0.00305367
29	0.0113397	0.00622081	0.00654443	0.0115163	0.00448295	0.00767283	0.533421	0.00566851	0.0321598	0.0153391	0.00610863	0.0787493	0.00249806	0.12755	0.0173103	0.0308041	0.0417952	0.0090876	0.00196195	0.0497691
30	0.016464	0.00286414	0.000574025	0.000922359	0.0170273	0.00203541	0.000596814	0.568918	0.00364655	0.10472	0.00513346	0.00109118	0.00622282	0.001283	0.000648295	0.00591186	0.00434892	0.24911	0.00212586	0.00635475
31	0.157432	0.0116977	0.00128161	0.00206607	0.00124028	0.760623	0.00159511	0.00156646	0.00231429	0.00694599	0.00122831	0.00464909	0.000698062	0.00683872	0.00171501	0.0144814	0.00436228	0.0150009	0.000512245	0.00375193
32	0.128408	0.0110359	0.00450953	0.00675588	0.00277693	0.746918	0.00407067	0.00209317	0.00507033	0.00764877	0.00245413	0.00989178	0.0028636	0.0101796	0.00410126	0.0203648	0.00763018	0.0172229	0.00097705	0.00502759
33	0.04415	0.0154814	0.0489059	0.034766	0.0141651	0.0297639	0.157843	0.0180924	0.037495	0.0384641	0.0149538	0.204506	0.0148004	0.0675291	0.0418478	0.06195	0.0979263	0.0231575	0.0070787	0.0271237
34	0.227435	0.112818	0.00336447	0.00416193	0.00226386	0.00362763	0.00367965	0.11433	0.0057486	0.0495381	0.0546766	0.00494603	0.00229379	0.00534886	0.00371522	0.00666524	0.0672758	0.324154	0.00105119	0.002906
35	0.00246036	0.00158589	0.000561749	0.00343361	0.232839	0.0027956	0.0259569	0.00688344	0.000965403	0.00585272	0.00445433	0.00305845	0.00267389	0.000834061	0.00329025	0.00105723	0.001091	0.00411172	0.0334566	0.662637
36	0.0253687	0.0584901	0.323037	0.0372477	0.00814168	0.0135646	0.0264862	0.0080772	0.0250723	0.0182875	0.00838335	0.0324264	0.0110376	0.0351029	0.0119557	0.125121	0.205704	0.0142012	0.00422965	0.00806529
37	0.0148812	0.00321932	0.000555265	0.000685176	0.0193708	0.00214309	0.000468055	0.552087	0.00252248	0.0967216	0.00650351	0.000881659	0.00453997	0.000858337	0.000554853	0.00473399	0.00594454	0.274931	0.00191046	0.00648785
38	0.0340539	0.00696459	0.00399185	0.0548898	0.0363052	0.0101783	0.10481	0.0309874	0.0396591	0.16259	0.0546631	0.097132	0.00181076	0.105265	0.0769378	0.0410021	0.0677962	0.023665	0.0140882	0.0332097
39	0.00787045	0.00770045	0.0011515	0.00066886	0.0276781	0.000754767	0.00046688	0.305158	0.000727633	0.0938053	0.0315493	0.00132776	0.000820513	0.00116486	0.000494576	0.00102619	0.0381026	0.478592	0.000223436	0.000716813
40	0.0138306	0.00464265	0.00768856	0.00960814	0.00472236	0.00725953	0.618368	0.00656639	0.0200231	0.0199765	0.00625818	0.0802695	0.00362624	0.0780083	0.0141908	0.0390113	0.0263157	0.00896108	0.00224828	0.0284245
41	0.0171219	0.0163375	0.0116969	0.0604581	0.00298041	0.00115294	0.0144328	0.00878162	0.341942	0.0353725	0.0139085	0.0119619	0.00524463	0.108033	0.229264	0.0264642	0.0534942	0.0393214	0.000312042	0.00171893
42	0.00257762	0.00166491	0.000700578	0.00329194	0.238184	0.00280067	0.0254057	0.00699971	0.0011082	0.00606149	0.00453485	0.00316419	0.00272464	0.000870365	0.00324883	0.00112648	0.00128347	0.00426302	0.0331495	0.65684
43	0.133822	0.0112438	0.00384558	0.00479839	0.00205961	0.738095	0.00458802	0.0034942	0.00534776	0.00914948	0.00214281	0.0120977	0.00418475	0.00900745	0.00452989	0.0206275	0.00951401	0.0154161	0.00074162	0.00529443
44	0.335187	0.024437	0.00636666	0.00873457	0.00203755	0.0698083	0.00436702	0.00449888	0.0189634	0.0165314	0.0155253	0.0214418	0.277443	0.0136112	0.00334233	0.100098	0.05316	0.0206539	0.00141329	0.00237833
45	0.0272128	0.00779969	0.0167187	0.0255489	0.0201009	0.0141449	0.495962	0.0136837	0.0297365	0.0300536	0.0113171	0.0638259	0.00792104	0.0597034	0.0304197	0.0356936	0.0319515	0.0186948	0.00694719	0.052564
46	0.0200754	0.00924913	0.00597961	0.0138648	0.0153289	0.00782766	0.00949208	0.388704	0.0217565	0.229937	0.0193789	0.0322261	0.00435425	0.0159373	0.00819768	0.0194253	0.0536582	0.105569	0.00235266	0.0166852
47	0.0119914	0.00799322	0.00403638	0.00648694	0.377307	0.00562305	0.0171131	0.0622655	0.0047966	0.0812208	0.031017	0.00934688	0.00527611	0.00386056	0.00827029	0.0107335	0.0134661	0.0501824	0.0200091	0.269004
48	0.0403588	0.0117362	0.0264893	0.0450684	0.0172871	0.0173659	0.288449	0.0190448	0.0764326	0.0359714	0.0129811	0.0597142	0.00689599	0.053096	0.146842	0.0361919	0.0336503	0.0273355	0.00456868	0.0405209
49	0.0426917	0.0280469	0.0170433	0.0174345	0.00652527	0.0266768	0.0113642	0.0261814	0.021549	0.0256646	0.00788171	0.0263134	0.00601332	0.0198288	0.0107516	0.111483	0.530991	0.0535472	0.00232609	0.00768648
50	0.0172899	0.00856721	0.16662	0.0679152	0.00219799	0.0906634	0.0031034	0.00210819	0.0564134	0.0076122	0.0109434	0.418768	0.00139559	0.027121	0.00658983	0.0676716	0.0163478	0.0165796	0.000724456	0.0113681
51	0.034017	0.00316773	0.0738201	0.226267	0.00336065	0.0120781	0.0297345	0.0225403	0.191255	0.00227588	0.0136894	0.0219891	0.0366233	0.0327224	0.195425	0.024701	0.0292353	0.0291553	0.00575377	0.0121892
52	0.0349048	0.0229274	0.00165908	0.00173009	0.00332325	0.00188527	0.00143899	0.0914073	0.00558959	0.0173306	0.00284736	0.00247223	0.00539041	0.00817237	0.0014866	0.0275828	0.0254591	0.742914	0.000449728	0.00102918
53	0.00711677	0.00477892	0.00100192	0.00252464	0.306245	0.00889899	0.0349588	0.0124979	0.00165285	0.00941486	0.0107216	0.00267451	0.00858764	0.00152388	0.00238437	0.00201701	0.00200372	0.0138508	0.0608959	0.50625
54	0.0277158	0.00164447	0.315667	0.207273	0.00305783	0.0326705	0.0165855	0.0014444	0.03142	0.0108374	0.00116862	0.142203	0.00249492	0.0676901	0.0233625	0.0627893	0.0356611	0.0108244	0.000518395	0.00497145
55	0.00386742	0.0024434	0.000945732	0.00247888	0.311404	0.00453831	0.0324589	0.0109906	0.0014386	0.00957471	0.00695585	0.00243806	0.00442935	0.000792906	0.00259643	0.00109833	0.00135401	0.0068692	0.0444622	0.548863
56	0.030773	0.0346662	0.00104214	0.00110405	0.047302	0.0086241	0.000723352	0.251181	0.00121574	0.288092	0.0747636	0.00130378	0.00134801	0.00813081	0.00110284	0.0086696	0.0229827	0.212866	0.000239416	0.0038695
57	0.0111235	0.0227989	0.00513785	0.00698816	0.00360302	0.026705	0.0555754	0.00460857	0.0294366	0.00871801	0.00453213	0.248781	0.00303151	0.241743	0.0708758	0.123053	0.0957333	0.0069344	0.00201251	0.0286088
58	0.0305283	0.0142372	0.00300796	0.0165466	0.00210588	0.0528724	0.00353202	0.00335278	0.0759048	0.0287926	0.00247086	0.0274757	0.0134893	0.287855	0.347192	0.0637657	0.0180076	0.00491988	0.00110457	0.00283889
59	0.0438155	0.00316389	0.0449832	0.049983	0.0225509	0.0235102	0.00538161	0.196102	0.0684031	0.0115452	0.022858	0.0235979	0.00230774	0.204587	0.0506985	0.0239941	0.0573985	0.106215	0.00110398	0.0378008
60	0.0263929	0.00850073	0.0146009	0.0189467	0.0108386	0.0120522	0.427969	0.0160695	0.0223969	0.066589	0.0109141	0.173248	0.00561777	0.0503822	0.0229659	0.0347211	0.0353848	0.0162782	0.0047152	0.0214156
61	0.0197172	0.0179511	0.00985427	0.0640673	0.0036143	0.00236033	0.016115	0.0112874	0.329487	0.0321868	0.0133578	0.0133918	0.00446339	0.09788	0.233739	0.0306766	0.0599417	0.0370557	0.000673806	0.00217926
62	0.0482016	0.0354858	0.00417367	0.00573687	0.00451731	0.00475231	0.00408859	0.0581963	0.0221756	0.0281108	0.00497844	0.00643899	0.0245722	0.0109549	0.0039825	0.0253291	0.0232027	0.68076	0.00137662	0.00296537
63	0.0302255	0.00457811	0.00492891	0.00788649	0.0534094	0.0362161	0.0119513	0.204527	0.0440297	0.181174	0.0474438	0.005563	0.00255817	0.0670291	0.0698357	0.00773671	0.0195959	0.171034	0.00110798	0.0291693
64	0.0156502	0.0183762	0.00657839	0.00368308	0.287058	0.00311219	0.00163102	0.157555	0.00217748	0.0954521	0.06016	0.011904	0.00518018	0.0023806	0.00314049	0.00685833	0.0204094	0.164005	0.00758783	0.1271
65	0.0695509	0.0122094	0.0396251	0.0516118	0.00911927	0.104272	0.0291682	0.00387048	0.0340268	0.00724906	0.00701304	0.0756267	0.147864	0.0808379	0.00542497	0.205344	0.0965333	0.00783385	0.00159164	0.011227
66	0.0329502	0.0387498	0.00111437	0.00119948	0.0549332	0.0101017	0.000806804	0.236864	0.00146569	0.317244	0.0818122	0.00141155	0.00144328	0.0092085	0.00122533	0.0102486	0.0217546	0.172404	0.000354539	0.00470911
67	0.147109	0.0220135	0.0422924	0.0298295	0.0148362	0.0457282	0.0179499	0.012704	0.0473256	0.0278787	0.0218081	0.0412181	0.285253	0.0385782	0.0190957	0.0835219	0.0573191	0.023337	0.00567335	0.0165294
68	0.0128507	0.013322	0.00349401	0.00139888	0.147611	0.00347412	0.00114943	0.308544	0.00238221	0.129082	0.0456447	0.00300408	0.0103783	0.00449431	0.00214375	0.00407307	0.0188504	0.257988	0.00183446	0.0282814
69	0.0334442	0.0121255	0.115927	0.0459924	0.0072494	0.0786035	0.0151342	0.00349336	0.0310352	0.0109989	0.00873456	0.296757	0.0337962	0.040597	0.00888572	0.161761	0.0677574	0.013269	0.00200571	0.0124326
70	0.04182	0.0032526	0.00387472	0.0193509	0.0625867	0.0399317	0.0351971	0.130976	0.0632974	0.145972	0.0559771	0.0239893	0.00163772	0.0661163	0.0888863	0.0201582	0.0385968	0.11782	0.00613622	0.034423
71	0.123093	0.00341693	0.142749	0.079258	0.00618423	0.0324227	0.091428	0.0403484	0.0344208	0.0478916	0.00456336	0.13161	0.00234359	0.0343484	0.0296871	0.0459602	0.0735772	0.00984574	0.00141734	0.065434
72	0.0255317	0.0260834	0.00577409	0.00674623	0.00493741	0.0470688	0.00585782	0.0144711	0.0153255	0.0307045	0.00600577	0.0146108	0.00279522	0.0280871	0.00556148	0.203306	0.508971	0.0409048	0.00223382	0.00502386
73	0.0217937	0.0250223	0.000944203	0.000998311	0.0453885	0.00589234	0.000605182	0.277269	0.00105015	0.223659	0.0624353	0.00112385	0.00139474	0.00563546	0.000836285	0.00591802	0.0270435	0.289865	0.000253129	0.00287132
74	0.0209612	0.00553314	0.309077	0.172887	0.00221552	0.0198483	0.0279765	0.00215921	0.0304346	0.0230148	0.00357304	0.101067	0.00593701	0.0876039	0.0131334	0.0742436	0.08617	0.0101581	0.000926086	0.00308044
75	0.0798108	0.00528352	0.0701731	0.0432525	0.00535729	0.00798772	0.0087563	0.00915426	0.0499313	0.0412075	0.145189	0.012282	0.0653981	0.232821	0.0396361	0.0423358	0.0125391	0.0902078	0.0322766	0.00639957
76	0.137479	0.0392448	0.0921292	0.188514	0.00907144	0.0496204	0.013265	0.0749	0.0612039	0.0431834	0.00796926	0.0178354	0.00431409	0.0577296	0.0145635	0.0622066	0.0185663	0.0966263	0.00217278	0.00940546
77	0.0119518	0.00494029	0.00374664	0.019719	0.00968181	0.00701375	0.00399879	0.352969	0.0399015	0.308713	0.0110412	0.0110736	0.00265234	0.0273027	0.00986323	0.00786962	0.0301813	0.114905	0.00152745	0.0209472
78	0.185451	0.00149584	0.0107381	0.0550641	0.00318009	0.0220171	0.00388951	0.014554	0.0913529	0.0221102	0.0187468	0.0794016	0.00127548	0.0837002	0.0760685	0.267695	0.0369376	0.0227921	0.0012243	0.0023056
79	0.0965201	0.00198127	0.00289194	0.0557236	0.0293036	0.0493478	0.0460104	0.0394992	0.180948	0.0586914	0.0322393	0.0554899	0.0017716	0.0672216	0.107238	0.0404581	0.0631332	0.0431841	0.0145132	0.0138331
80	0.0171735	0.00823444	0.00131109	0.000716695	0.0108072	0.00162629	0.00057449	0.56649	0.00185922	0.0687964	0.00443173	0.00173187	0.00228343	0.00193701	0.000621634	0.0120062	0.0165034	0.270091	0.0010771	0.011727
81	0.133955	0.0177017	0.0124039	0.0173164	0.00615116	0.481765	0.0121473	0.00799836	0.0166918	0.0173346	0.00655788	0.051207	0.00889615	0.0188283	0.0123928	0.0677365	0.0237029	0.0496069	0.0026185	0.0349878
82	0.11424	0.00150878	0.00367882	0.0449975	0.0170022	0.049665	0.0319906	0.0522956	0.224396	0.0396142	0.0266122	0.0605747	0.00273545	0.0587799	0.108087	0.0328181	0.0676473	0.035985	0.0171598	0.0102128
83	0.0166596	0.0187733	0.00755492	0.00284856	0.260702	0.00393539	0.00181232	0.174081	0.00262834	0.113402	0.0649728	0.00985152	0.0054838	0.00424552	0.00398	0.00626229	0.0191301	0.169317	0.00648169	0.107878
84	0.0193834	0.019374	0.0062771	0.0034709	0.26549	0.0029687	0.00239733	0.153307	0.00306723	0.0772807	0.0534647	0.0147568	0.0043177	0.00273627	0.00308538	0.00599898	0.0187035	0.184389	0.0103518	0.149179
85	0.139267	0.00195913	0.00464489	0.0762171	0.0140345	0.0217515	0.0137297	0.023301	0.287117	0.0379281	0.00635195	0.018171	0.00788682	0.0857789	0.16483	0.0206598	0.0322078	0.0308272	0.00338731	0.00994879
86	0.0295057	0.00568719	0.0666971	0.0324662	0.0236371	0.207995	0.191354	0.00466189	0.0265069	0.00709357	0.00456623	0.118933	0.0872027	0.00934981	0.00564832	0.0931723	0.0300376	0.00674283	0.0187891	0.0299535
87	0.00762101	0.00342871	0.00236527	0.00629661	0.212346	0.00501632	0.0269851	0.0113017	0.00483376	0.0118693	0.00736143	0.0063691	0.00426675	0.00620415	0.00756272	0.00626921	0.00713138	0.0102223	0.033578	0.618971
88	0.0481906	0.0270266	0.0130285	0.0123053	0.00701678	0.0322929	0.00908873	0.0268181	0.016818	0.0235597	0.00773755	0.0218123	0.00374419	0.0205888	0.00874875	0.18947	0.453705	0.0657192	0.00314588	0.00918326
89	0.111578	0.00103829	0.00311687	0.0569822	0.0201488	0.054633	0.0399321	0.0373682	0.203587	0.0456572	0.0275423	0.0501283	0.00260098	0.0648424	0.111643	0.0365571	0.0623866	0.0431721	0.014789	0.0122958
90	0.0506044	0.0112289	0.0258926	0.0583067	0.0116296	0.0236817	0.0221404	0.0203017	0.313557	0.0325346	0.0128708	0.0362821	0.0129299	0.0644609	0.16526	0.0470692	0.0439982	0.0316354	0.0038326	0.0117834
91	0.0461687	0.0140543	0.0244595	0.0352322	0.0304682	0.0213033	0.0220393	0.147163	0.0480528	0.0953266	0.0989445	0.0254292	0.0117961	0.156772	0.0392719	0.0290653	0.0386576	0.0889892	0.00726454	0.0195417
92	0.0116347	0.00604127	0.00426525	0.00561904	0.252195	0.00734792	0.0314291	0.0157215	0.00702998	0.0138213	0.0114832	0.00794807	0.00652949	0.00458172	0.00647087	0.0167675	0.00870398	0.0163636	0.0634432	0.502603
93	0.0293971	0.0062478	0.188645	0.143113	0.00278759	0.193992	0.0104087	0.00180575	0.0370722	0.00559787	0.00247109	0.257043	0.00151148	0.0507569	0.00892599	0.0377313	0.0107736	0.00601701	0.000525278	0.00517645
94	0.0186505	0.0260463	0.00425993	0.0603062	0.00666364	0.00226978	0.020303	0.0387898	0.205244	0.0981388	0.0456224	0.0148689	0.0024958	0.0769721	0.199915	0.0165936	0.0441248	0.115245	0.000483853	0.00300621
95	0.0435563	0.00266106	0.226754	0.0465153	0.0129878	0.0203472	0.0316075	0.00266873	0.12072	0.00714068	0.0126557	0.0428166	0.156567	0.016485	0.0562908	0.14054	0.0250435	0.00472287	0.0121972	0.0177227
96	0.0951437	0.00212503	0.0552997	0.160966	0.0019466	0.00394984	0.0168469	0.00370307	0.139212	0.00447197	0.00257943	0.0451272	0.00297133	0.00495235	0.085136	0.185304	0.168548	0.0181472	0.000990086	0.00257994
97	0.0293963	0.00128868	0.144678	0.649474	0.00114212	0.00183703	0.00855014	0.00141337	0.029888	0.00463076	0.00122944	0.0230983	0.000816606	0.0594698	0.00640337	0.0161721	0.0161717	0.00244587	0.000509628	0.00138415
98	0.030277	0.0333921	0.00127392	0.00159862	0.0454437	0.00951678	0.00106718	0.230725	0.00259939	0.345169	0.0715978	0.00172012	0.00160405	0.0101269	0.00235948	0.009063	0.0198101	0.177331	0.000436451	0.00488886
99	0.0462199	0.0261695	0.0821975	0.119444	0.0285763	0.146466	0.0512612	0.00500796	0.0338943	0.00883222	0.00616488	0.0480323	0.100148	0.04534	0.00669785	0.162693	0.0572063	0.00875823	0.00394333	0.0129468
100	0.192726	0.00534486	0.0467377	0.0617575	0.00455055	0.0667558	0.0113054	0.0040054	0.124619	0.0094485	0.00515086	0.0589427	0.184568	0.0202367	0.00915725	0.134584	0.0300624	0.0238979	0.00188729	0.00426233
101	0.138754	0.00491718	0.0269039	0.147233	0.0348465	0.0605034	0.00514184	0.00732662	0.0309321	0.0348574	0.0053764	0.0305584	0.00304879	0.0511884	0.00883823	0.363778	0.0115236	0.0285655	0.00162849	0.00407787
102	0.0244419	0.0106406	0.00859535	0.0024199	0.011798	0.00256599	0.00230658	0.359877	0.00263977	0.057714	0.0133136	0.0106987	0.00223311	0.00432541	0.00207273	0.0149125	0.0651564	0.397481	0.000579527	0.00622799
103	0.0336039	0.0391497	0.00107476	0.00143217	0.0539119	0.0107667	0.00138854	0.236523	0.00178188	0.315194	0.0788973	0.00155975	0.00137657	0.00928678	0.00142188	0.0106962	0.0230911	0.172493	0.000429502	0.00592163
104	0.180225	0.00139829	0.0160068	0.0662039	0.00632626	0.0500708	0.0134234	0.0226686	0.166767	0.0291631	0.0206661	0.0667686	0.00286978	0.0507163	0.127532	0.103655	0.0397845	0.0262923	0.00431528	0.0051473
105	0.0520557	0.00766807	0.0374495	0.0325662	0.00814657	0.0375046	0.0362719	0.0126608	0.135669	0.0224025	0.00990019	0.22992	0.00781845	0.0431783	0.219823	0.0414102	0.0288678	0.0151666	0.0040398	0.0174798
106	0.0146392	0.00414684	0.000661042	0.000942721	0.018215	0.00199496	0.000451256	0.530977	0.00279032	0.10053	0.008406	0.00108563	0.00425607	0.00144656	0.000613751	0.00526035	0.0094212	0.28586	0.00169738	0.00660503
107	0.0916734	0.00885626	0.0893318	0.0525368	0.00850086	0.0538351	0.0241776	0.00612751	0.0883856	0.0137736	0.00925443	0.0881904	0.203282	0.0310262	0.0211424	0.137429	0.0463652	0.0139116	0.00379803	0.00840242
108	0.0078811	0.0077477	0.00114921	0.000665771	0.027737	0.00074569	0.000468758	0.305267	0.000731676	0.0941543	0.031656	0.00132681	0.000813639	0.00120127	0.000504061	0.0010252	0.0380913	0.477884	0.000223526	0.000725767
109	0.0175686	0.00944872	0.0053123	0.0169801	0.0889942	0.0126338	0.0749137	0.0602284	0.0265565	0.136556	0.0173926	0.0230478	0.00303495	0.0183192	0.155125	0.0752822	0.0743202	0.0629905	0.00772686	0.113569
110	0.0139385	0.00673134	0.00399694	0.0191975	0.256715	0.0175774	0.0105846	0.0823012	0.00629696	0.177396	0.0399292	0.0231051	0.00227747	0.0054365	0.0242734	0.0517077	0.0513625	0.0546655	0.00373248	0.148775
111	0.0299504	0.00370169	0.0647167	0.0268662	0.336442	0.00534244	0.0655243	0.00472828	0.0838866	0.00719258	0.00410884	0.00693248	0.00250092	0.00660464	0.065373	0.00913688	0.0507719	0.027491	0.00158778	0.197142
112	0.0114456	0.0062763	0.34419	0.0553003	0.00309861	0.025428	0.00946664	0.00375784	0.0465086	0.00932509	0.00599434	0.353443	0.00215525	0.0201931	0.0298911	0.0333496	0.0179519	0.0123644	0.00115408	0.00870613
113	0.0137616	0.0154803	0.222227	0.0559482	0.00257033	0.0449889	0.0048736	0.00261947	0.0299202	0.0178137	0.00702617	0.405128	0.00179647	0.0295611	0.00881434	0.0701374	0.0384809	0.0204742	0.00122602	0.00715236
114	0.0391883	0.00569953	0.00986075	0.0234441	0.0140198	0.0761911	0.0584596	0.0177861	0.0922663	0.0524723	0.01458	0.10956	0.00427647	0.0403655	0.247022	0.060202	0.0603927	0.0224131	0.00693841	0.0448619
115	0.00567026	0.00252128	0.00201335	0.00707188	0.219639	0.00399456	0.0287358	0.00910261	0.00436511	0.0081363	0.00543442	0.00581991	0.00335359	0.00501395	0.00726279	0.00533122	0.00486873	0.00818978	0.0325152	0.63096
116	0.00408108	0.00261528	0.00130613	0.00290119	0.298676	0.00443304	0.0300547	0.0117327	0.00203803	0.00982584	0.00727945	0.00303759	0.00423979	0.000937639	0.00311001	0.00137488	0.00195119	0.00875212	0.0413351	0.560318
117	0.0668268	0.0185769	0.0601055	0.0579802	0.0174382	0.128936	0.0159856	0.00332273	0.0338345	0.0055489	0.0134813	0.112585	0.0636794	0.0828363	0.00375256	0.161319	0.120797	0.0052917	0.00138718	0.0263155
118	0.122906	0.00443886	0.446762	0.037363	0.00537735	0.0316751	0.0807362	0.00885888	0.0161387	0.0127153	0.00408508	0.0686039	0.00451908	0.0440842	0.0105545	0.0532185	0.0199313	0.00941086	0.0074667	0.0111542
119	0.0374233	0.00243526	0.0380775	0.0494048	0.00217044	0.00287485	0.00362714	0.00310357	0.139401	0.0726808	0.00230936	0.0276025	0.133103	0.0398057	0.211764	0.0301716	0.170012	0.0305912	0.000860791	0.00258073
120	0.00380748	0.00248174	0.000554877	0.00231553	0.312497	0.00473939	0.0327535	0.0112803	0.000914072	0.00977878	0.00714222	0.00239473	0.00457498	0.000766433	0.00217765	0.00102892	0.00106746	0.00693418	0.0457885	0.547002
121	0.0473498	0.00376213	0.0866281	0.430652	0.00476131	0.00995902	0.0147611	0.00697802	0.0408321	0.0119023	0.00731555	0.0232016	0.00310751	0.219593	0.0211321	0.0244849	0.0225657	0.0123646	0.00178574	0.00686427
122	0.172136	0.0174859	0.00193796	0.00290953	0.00179628	0.686449	0.00257549	0.00261403	0.00380327	0.0128598	0.00247382	0.00653922	0.00381742	0.0114509	0.00247434	0.0286077	0.00644375	0.0273357	0.000820888	0.00546975
123	0.0265248	0.0280366	0.0015077	0.00231731	0.0426018	0.010216	0.0020381	0.243504	0.0064163	0.26595	0.084884	0.0023068	0.00175694	0.0230346	0.00789063	0.00816692	0.0207541	0.215088	0.00044652	0.00655874
124	0.237154	0.0255394	0.0214335	0.0208982	0.00670965	0.0436894	0.0109137	0.00721914	0.0397476	0.021914	0.0263469	0.0287543	0.303383	0.0337084	0.0105837	0.0851769	0.0500255	0.0186206	0.00287602	0.00530597
125	0.0695603	0.00634822	0.00260714	0.0440014	0.00218991	0.00288398	0.00268898	0.072038	0.230885	0.0837235	0.0600078	0.0166997	0.00151571	0.0228793	0.0788092	0.0380342	0.0506183	0.211299	0.000697864	0.00251196
126	0.0742069	0.00161884	0.226601	0.195082	0.0136117	0.0342878	0.0770296	0.00708398	0.0593493	0.0126759	0.00513174	0.101736	0.000987483	0.0664246	0.0324519	0.0297692	0.0132126	0.018871	0.000600548	0.0292671
127	0.106692	0.016682	0.0212386	0.0328332	0.00958035	0.354926	0.0189247	0.0115217	0.0222121	0.0165924	0.00789392	0.0395116	0.0251498	0.029991	0.0138126	0.164564	0.0727685	0.0207711	0.00261566	0.0117183
128	0.00372003	0.00241444	0.00122829	0.0028856	0.300535	0.00365268	0.0274816	0.0108231	0.00156138	0.00907881	0.00634535	0.0031608	0.00360328	0.00103089	0.00303476	0.00119887	0.00159894	0.00768567	0.0365572	0.572404
129	0.0480855	0.0268067	0.00488603	0.00622223	0.00329716	0.0367935	0.00402406	0.00892929	0.0115467	0.00999503	0.00269326	0.0410864	0.00608725	0.0117486	0.00433329	0.127166	0.628074	0.013524	0.00118291	0.00351817
130	0.179743	0.00129613	0.00849198	0.0514038	0.00760745	0.0165634	0.0199817	0.0135627	0.27519	0.0332845	0.00462404	0.018124	0.0240546	0.0940701	0.156302	0.0248591	0.0294186	0.0348864	0.00203225	0.00450463
131	0.0169977	0.00226946	0.00257235	0.00377496	0.0301391	0.00285475	0.00272656	0.118754	0.00406004	0.320984	0.409582	0.00368829	0.0014625	0.00447536	0.0028613	0.0161447	0.00506707	0.00475889	0.0446789	0.0021484
132	0.00717815	0.0109295	0.0030172	0.00112114	0.123864	0.00152292	0.000685879	0.285555	0.00117292	0.0957683	0.0431372	0.00193405	0.00427771	0.00182308	0.000914749	0.00176551	0.0324009	0.366462	0.000705736	0.0157635
133	0.104933	0.00114953	0.0817528	0.527115	0.000953938	0.010564	0.00574876	0.00403836	0.0687309	0.0091821	0.00110025	0.00870771	0.000695246	0.0718774	0.0267563	0.0369642	0.0315141	0.00471671	0.000385373	0.00311353
134	0.0582215	0.00172558	0.00270053	0.014637	0.001988	0.0465199	0.0254328	0.00290894	0.254377	0.00422707	0.00223007	0.261225	0.00144486	0.0258726	0.265772	0.0168158	0.00500655	0.00441358	0.00131898	0.00316182
135	0.0169977	0.00226946	0.00257235	0.00377496	0.0301391	0.00285475	0.00272656	0.118754	0.00406004	0.320984	0.409582	0.00368829	0.0014625	0.00447536	0.0028613	0.0161447	0.00506707	0.00475889	0.0446789	0.0021484
136	0.0324075	0.0311233	0.0011012	0.00123066	0.0444272	0.00873955	0.000900107	0.272952	0.00224507	0.307073	0.0636374	0.00146793	0.00197922	0.00813349	0.00206911	0.00878028	0.0182599	0.188196	0.000534574	0.00474267
137	0.0206725	0.0123199	0.00187212	0.0012751	0.00158622	0.00138611	0.00123439	0.693611	0.0020936	0.0266046	0.00138036	0.00302678	0.000995925	0.00590577	0.00124386	0.0235197	0.0313715	0.161519	0.000438817	0.00794271
138	0.0209316	0.00607922	0.288665	0.126443	0.00253527	0.00476191	0.0692658	0.00315328	0.0475452	0.014472	0.00434978	0.0491347	0.0147988	0.0874732	0.00552846	0.0736519	0.171367	0.00586878	0.00141442	0.00256099
139	0.00802519	0.00764117	0.00127406	0.00068597	0.027165	0.000760444	0.000498201	0.304349	0.000794686	0.0933051	0.0309967	0.00145707	0.000872499	0.00119685	0.000501725	0.00136767	0.0393219	0.478732	0.00022022	0.000834315
140	0.00657784	0.0212966	0.00415877	0.0729663	0.0107592	0.00196708	0.0326737	0.0204439	0.210706	0.0970817	0.0399342	0.0091731	0.00227245	0.0715279	0.268206	0.0167444	0.0355218	0.0725058	0.000490778	0.00499286
141	0.0112841	0.00192079	0.00519826	0.0180455	0.00231416	0.00236599	0.00263242	0.00279639	0.00707416	0.742094	0.00203731	0.00703283	0.00119535	0.00342477	0.00567777	0.00488197	0.145983	0.0308249	0.000836524	0.00238003
142	0.0186409	0.00951685	0.137001	0.101071	0.00139676	0.238919	0.00226707	0.00169539	0.0394578	0.00350885	0.0038408	0.3516	0.000982215	0.0363028	0.00225453	0.0366026	0.00496109	0.00573202	0.000504264	0.00374514
143	0.035529	0.0478932	0.00215441	0.0323966	0.00173749	0.00229825	0.0107858	0.055885	0.0033434	0.0121014	0.00172898	0.0120443	0.000926931	0.0120302	0.0117107	0.00420856	0.454193	0.296345	0.00078408	0.00190387
144	0.0356911	0.00267452	0.192923	0.181747	0.00408536	0.0154433	0.0377217	0.00801245	0.101384	0.00745638	0.00603162	0.0803172	0.0340745	0.0373854	0.0779062	0.0861119	0.0602507	0.0206444	0.00229657	0.00784218
145	0.00798262	0.00533943	0.00114534	0.00256176	0.305877	0.00997925	0.0346489	0.0133274	0.00176683	0.00939965	0.0101696	0.00275117	0.00825634	0.00156573	0.00239173	0.00221413	0.00210714	0.0150903	0.0620441	0.501382
146	0.0322406	0.0205658	0.00702665	0.0618012	0.0628816	0.00625617	0.061736	0.0158803	0.0599513	0.219883	0.0268532	0.112734	0.0026808	0.0789188	0.0723995	0.044428	0.0711249	0.0170777	0.00898769	0.0165733
147	0.0078445	0.00767843	0.0011542	0.000668873	0.0277171	0.000735639	0.000467012	0.305266	0.000723103	0.0938717	0.0316048	0.00133031	0.000816212	0.00115781	0.000493	0.00101021	0.0381372	0.478384	0.000223436	0.000716044
148	0.0135821	0.00362403	0.000593072	0.000681941	0.0219269	0.00251262	0.000418093	0.528663	0.00232619	0.0943003	0.00884016	0.0008012	0.0040894	0.000848456	0.000565515	0.00395843	0.0076257	0.295967	0.00170803	0.00696756
149	0.00292868	0.0018382	0.000622098	0.00308663	0.260069	0.00315174	0.0261656	0.00770465	0.00106048	0.00677488	0.00501087	0.00370903	0.00312603	0.000851321	0.00297753	0.00119241	0.00122846	0.00486925	0.0344978	0.629135
150	0.052955	0.0830927	0.00841811	0.00637556	0.00419625	0.0318375	0.00495726	0.00966957	0.0139849	0.0125197	0.00355439	0.0194152	0.0029088	0.011433	0.00437783	0.167652	0.539498	0.016723	0.0015832	0.00484825
151	0.149107	0.0120823	0.0038447	0.00380144	0.0016485	0.73706	0.00271814	0.00297767	0.00493943	0.007917	0.00256782	0.00671524	0.00398136	0.00789103	0.00304317	0.0183275	0.0063586	0.0199041	0.000734712	0.00438038
152	0.231907	0.0381376	0.00331926	0.00541088	0.00357781	0.0180947	0.00411529	0.00395735	0.0370162	0.0230306	0.0490017	0.0103066	0.398211	0.0529674	0.00359007	0.0559635	0.0481606	0.00867775	0.00113147	0.00342367
153	0.0153605	0.00293115	0.0005606	0.000755621	0.0185823	0.00211832	0.000484574	0.555267	0.00287517	0.10261	0.0059577	0.0008711	0.00504033	0.000875507	0.000537788	0.00466144	0.00516624	0.267036	0.00209225	0.00621653
154	0.042728	0.00789217	0.458239	0.0611583	0.0084813	0.026567	0.0404375	0.0078666	0.0341399	0.014124	0.00747304	0.0884318	0.0179548	0.040491	0.0203659	0.0539806	0.0359041	0.0135885	0.00960026	0.0105763
155	0.19507	0.00144501	0.0428416	0.324559	0.00186697	0.0286183	0.0100711	0.00803502	0.114026	0.0150638	0.00266209	0.00607957	0.0013678	0.0795065	0.0582379	0.0533484	0.0379096	0.0100566	0.000633727	0.00860169
156	0.00380748	0.00248174	0.000554877	0.00231553	0.312497	0.00473939	0.0327535	0.0112803	0.000914072	0.00977878	0.00714222	0.00239473	0.00457498	0.000766433	0.00217765	0.00102892	0.00106746	0.00693418	0.0457885	0.547002
157	0.00313767	0.00183207	0.00088459	0.00293474	0.385309	0.00310731	0.0239215	0.0109124	0.00140271	0.0100471	0.0059165	0.00295137	0.00305993	0.00114497	0.00294392	0.00145389	0.0016074	0.00482769	0.0313578	0.501247
158	0.0744905	0.00221678	0.402217	0.0489127	0.00197301	0.18377	0.0271489	0.00270078	0.00447345	0.0148258	0.00215349	0.140251	0.00123287	0.0166725	0.00265442	0.0621898	0.00475177	0.00409335	0.00106931	0.00220283
159	0.034017	0.00316773	0.0738201	0.226267	0.00336065	0.0120781	0.0297345	0.0225403	0.191255	0.00227588	0.0136894	0.0219891	0.0366233	0.0327224	0.195425	0.024701	0.0292353	0.0291553	0.00575377	0.0121892
160	0.0317234	0.0201163	0.00632443	0.010515	0.14253	0.00948284	0.00966236	0.133105	0.00861126	0.346196	0.0501333	0.0118808	0.0222925	0.014427	0.00862337	0.0149304	0.0242055	0.0849305	0.00485033	0.0454597
161	0.0698865	0.00979348	0.0551332	0.0995187	0.00863989	0.155719	0.0220466	0.00188605	0.0543083	0.00478049	0.0051038	0.0539443	0.12866	0.0854226	0.0024458	0.133292	0.0945924	0.00502034	0.000924458	0.00888208
162	0.00452541	0.00296373	0.00097162	0.00361271	0.241971	0.00527502	0.0293752	0.00908291	0.00164338	0.0072738	0.00748279	0.00312885	0.00641295	0.00181844	0.00314588	0.00207145	0.00212642	0.00790836	0.046338	0.612873
163	0.0469063	0.0111586	0.0207452	0.0547369	0.0164315	0.021396	0.0334962	0.0177371	0.18411	0.0380648	0.0144314	0.0451144	0.00882053	0.0675793	0.286673	0.0376982	0.0323216	0.0293986	0.00319903	0.0299816
164	0.0273981	0.0485452	0.00686297	0.0058186	0.00376564	0.0614524	0.00450739	0.0102007	0.0264623	0.0138825	0.00335842	0.0149533	0.00290594	0.0128464	0.00502698	0.237782	0.48969	0.019393	0.00138651	0.00376211
165	0.0130286	0.00609457	0.000867679	0.000992873	0.0218612	0.0019911	0.000707682	0.410444	0.00243196	0.171522	0.0179792	0.00130835	0.00284881	0.0018122	0.000796387	0.0034071	0.0163998	0.320092	0.00107063	0.00434297
166	0.0314202	0.00274158	0.231471	0.10866	0.0157775	0.0117026	0.0804203	0.0152983	0.111156	0.0165773	0.0147265	0.113221	0.00291199	0.0430632	0.113795	0.0217638	0.0140909	0.0233675	0.000833465	0.0270021
167	0.0158176	0.0133291	0.00543421	0.00510353	0.367845	0.00443604	0.00219001	0.128095	0.00291283	0.118768	0.0585423	0.0106793	0.00556542	0.00361994	0.00517599	0.0106644	0.0176308	0.104001	0.00570651	0.114484
168	0.0360063	0.0118709	0.124587	0.245187	0.0131935	0.00995259	0.0351032	0.0123233	0.176492	0.00549846	0.0176789	0.0241218	0.0149864	0.0581539	0.112777	0.0243462	0.0153174	0.0505662	0.00269715	0.00914119
169	0.0312578	0.0056048	0.00320481	0.0537243	0.0507314	0.0147578	0.0940928	0.0295231	0.0584706	0.123439	0.0510264	0.0968405	0.00114368	0.0848364	0.0706011	0.056169	0.0846466	0.0348656	0.0222841	0.0327801
170	0.0703188	0.0100258	0.0549886	0.0986912	0.0088679	0.154843	0.0216156	0.00188068	0.054045	0.00472287	0.00517802	0.0544887	0.127679	0.0847846	0.00240102	0.135289	0.0950326	0.0050132	0.000933582	0.009201
171	0.157129	0.165474	0.0048665	0.00636162	0.00400148	0.0248444	0.0259085	0.00527031	0.00699526	0.0448807	0.00402119	0.194111	0.00236812	0.0070134	0.00501996	0.0288755	0.122954	0.147957	0.00214715	0.0398
172	0.443563	0.0315068	0.00262575	0.00448629	0.00188837	0.0686716	0.00260077	0.00761562	0.00986995	0.0235841	0.0204736	0.0081646	0.180763	0.0096402	0.00302014	0.127906	0.0355892	0.0149557	0.000818081	0.00225829
173	0.0366788	0.0247548	0.00175897	0.00180512	0.00321702	0.00237015	0.00153967	0.0793236	0.00607459	0.0118827	0.00120855	0.00264138	0.00610606	0.0101091	0.00151569	0.031286	0.0263556	0.749772	0.000456866	0.00114303
174	0.00820417	0.00796358	0.00122388	0.000719264	0.028092	0.000847304	0.000499305	0.307519	0.000716784	0.0953606	0.0328798	0.00137341	0.000874711	0.00136218	0.000511001	0.0011635	0.0374874	0.472089	0.00024772	0.000864892
175	0.123531	0.0112471	0.0441893	0.0404147	0.0159067	0.0285231	0.128488	0.0804508	0.0442591	0.0453404	0.0179822	0.167646	0.00734224	0.0392063	0.0407097	0.0407954	0.0544167	0.0330635	0.00656069	0.0299285
176	0.00248976	0.00161195	0.000554898	0.00343959	0.235161	0.00284418	0.0261242	0.00698013	0.000926272	0.00596275	0.00450475	0.00293661	0.00276187	0.000837827	0.00322904	0.00103433	0.00105767	0.0042438	0.0339054	0.659394
177	0.171191	0.0288522	0.0206586	0.0265208	0.00547493	0.0908978	0.010884	0.00385713	0.0278806	0.0108717	0.0109616	0.0621099	0.265387	0.0329294	0.00440833	0.101466	0.10567	0.0122447	0.00157766	0.00615664
178	0.0324737	0.00207163	0.303372	0.212668	0.00328466	0.0343131	0.0149529	0.00214008	0.0258748	0.0145396	0.00134899	0.124863	0.00269779	0.0707763	0.0189843	0.0786394	0.0378692	0.0140725	0.000735375	0.00432333
179	0.0831902	0.00179138	0.220409	0.203786	0.0145689	0.0295571	0.0812632	0.00707166	0.0590649	0.0117846	0.00503445	0.095876	0.00104589	0.0654565	0.0291657	0.0283361	0.011658	0.0174279	0.0006256	0.0328869
180	0.0173193	0.00800263	0.00482451	0.00654817	0.0455506	0.0256246	0.00549125	0.166096	0.00866763	0.013661	0.00603203	0.00733614	0.0381251	0.0486603	0.00550283	0.0355985	0.107013	0.443561	0.00155601	0.0048297
181	0.0823111	0.00515704	0.147607	0.0675888	0.00625494	0.056551	0.0321638	0.00256372	0.0785643	0.0153326	0.00545733	0.0639415	0.209829	0.0249043	0.0192978	0.112869	0.0506206	0.00788634	0.00426844	0.00683143
182	0.00380748	0.00248174	0.000554877	0.00231553	0.312497	0.00473939	0.0327535	0.0112803	0.000914072	0.00977878	0.00714222	0.00239473	0.00457498	0.000766433	0.00217765	0.00102892	0.00106746	0.00693418	0.0457885	0.547002
183	0.0387728	0.0259814	0.0129143	0.018044	0.00984751	0.0289778	0.0117622	0.0296182	0.0309139	0.0271809	0.00769614	0.0310542	0.0116861	0.0220224	0.0205672	0.103806	0.515541	0.0431265	0.00250776	0.00797986
184	0.0513988	0.00982585	0.0364023	0.12886	0.0114238	0.0150493	0.0333885	0.0157443	0.175348	0.034811	0.0138231	0.0291328	0.0142452	0.0616745	0.235487	0.0368386	0.0371453	0.0316951	0.00348775	0.0242178
185	0.0203541	0.0119715	0.00172901	0.00124518	0.00185417	0.00140912	0.00119775	0.692789	0.00208922	0.0270744	0.00143326	0.00282418	0.0010317	0.00595504	0.00118273	0.02318	0.0303676	0.163973	0.000488946	0.00784999
186	0.0139999	0.00402822	0.00700295	0.00754799	0.00625412	0.032591	0.0443071	0.284163	0.00923305	0.0513075	0.0299846	0.00883673	0.00390463	0.00918614	0.0067173	0.110014	0.227719	0.129267	0.00228405	0.0116508
187	0.0621106	0.00677086	0.101891	0.42554	0.00875229	0.0156494	0.0179497	0.011471	0.0686783	0.0215531	0.00698668	0.0341873	0.00867688	0.0618813	0.0450774	0.0388881	0.0310427	0.019707	0.00230432	0.0108823
188	0.00694785	0.00434761	0.00161831	0.00317021	0.294371	0.00794442	0.0385781	0.011972	0.00256515	0.00964063	0.0130299	0.00316532	0.0160387	0.00251716	0.00281946	0.00258495	0.00245907	0.011989	0.0575439	0.506697
189	0.0219464	0.00639641	0.00606442	0.0344403	0.00522808	0.0030793	0.00835186	0.00740264	0.44101	0.0126321	0.00489523	0.0128105	0.00167198	0.0721057	0.276002	0.0404668	0.0254525	0.0154208	0.000633104	0.00398904
190	0.103236	0.00109643	0.00307241	0.0471655	0.0200851	0.0548831	0.0484236	0.0328685	0.228572	0.0399563	0.0240026	0.0484502	0.00297908	0.0658915	0.109275	0.0396268	0.0622489	0.0429894	0.0146002	0.0105767
191	0.0282805	0.0269545	0.00545239	0.00632747	0.00348811	0.0291044	0.00596036	0.0263522	0.0121105	0.0138305	0.00389379	0.0187112	0.00256407	0.0122363	0.00492036	0.191079	0.582124	0.0196728	0.00177045	0.00516697
