233	20
1	0.0188131	0.00158359	0.195142	0.0815514	0.0198023	0.223435	0.0916981	0.0140039	0.0325757	0.0232615	0.00377237	0.183472	0.00230346	0.0112977	0.0288385	0.0317602	0.00782722	0.00856228	0.000998088	0.0193011
2	0.0208685	0.00273217	0.00382944	0.0037856	0.01853	0.0047302	0.00128807	0.289601	0.00406332	0.117957	0.0163282	0.00355899	0.00136687	0.00203099	0.00498036	0.00679592	0.0230918	0.465931	0.000194064	0.00833632
3	0.0512648	0.00770059	0.00346061	0.0113773	0.044472	0.00498529	0.0234228	0.131168	0.0166138	0.300668	0.0942122	0.0118395	0.0120833	0.0115916	0.012016	0.0343411	0.0467667	0.161809	0.0032635	0.0169433
4	0.0585086	0.0188064	0.0221331	0.020384	0.0272525	0.00639404	0.00299618	0.21749	0.0229771	0.138914	0.0448864	0.0111615	0.00445718	0.0176809	0.012319	0.0429172	0.0313471	0.286228	0.000584243	0.0125621
5	0.0561778	0.00914248	0.00413447	0.00701768	0.036475	0.00463323	0.00350923	0.210543	0.010402	0.207034	0.0520011	0.0112212	0.00379303	0.0046408	0.0107064	0.0249336	0.026411	0.30234	0.000791152	0.0140922
6	0.00925551	0.00216475	0.0414637	0.0471657	0.00335154	0.0116069	0.0354536	0.00426741	0.0986246	0.00530057	0.00336099	0.241194	0.0106708	0.0159372	0.0374018	0.141395	0.273597	0.0150368	0.000773272	0.00197903
7	0.0555457	0.00908515	0.00393027	0.00532928	0.0271572	0.00436762	0.00170028	0.228327	0.00791033	0.170155	0.0522054	0.00979225	0.00276107	0.00357438	0.0103705	0.0232757	0.0249819	0.344577	0.000190576	0.0147635
8	0.027496	0.00530015	0.0321664	0.053289	0.12033	0.00811347	0.0153416	0.0598318	0.0382724	0.259245	0.172432	0.0189879	0.00991808	0.0140981	0.0467212	0.0239903	0.0295808	0.0411051	0.00629214	0.0174886
9	0.0637059	0.0093303	0.00516824	0.00860974	0.0318291	0.00464367	0.0025433	0.201427	0.0095804	0.157937	0.0416345	0.00906895	0.00381186	0.00519161	0.0128898	0.0274702	0.0290023	0.361915	0.00046612	0.0137753
10	0.0365273	0.00322543	0.033952	0.190301	0.051685	0.00702705	0.0287608	0.0409774	0.202314	0.105235	0.0788963	0.0586823	0.00586717	0.0281287	0.0342546	0.0164214	0.039699	0.0178223	0.0136226	0.00660071
11	0.0539276	0.0142342	0.0216234	0.0307708	0.16386	0.0676327	0.0208077	0.0388131	0.0298371	0.0642443	0.0184848	0.0673612	0.0101437	0.0240204	0.0178869	0.0547734	0.114623	0.11922	0.00961322	0.0581223
12	0.015918	0.0237543	0.0253253	0.0229397	0.118967	0.010743	0.124946	0.0125248	0.0292856	0.0451273	0.0078526	0.0572127	0.00658407	0.0420708	0.00892071	0.0697277	0.0295309	0.0447366	0.0141968	0.289636
13	0.1109	0.0395862	0.0280888	0.0229274	0.00720962	0.01435	0.00392767	0.0684428	0.024002	0.0423277	0.0283586	0.0139405	0.0192463	0.01041	0.0128493	0.209834	0.258636	0.0781611	0.0013226	0.00547896
14	0.0470209	0.0242273	0.0174747	0.058475	0.0109358	0.00932597	0.0375529	0.0137881	0.0472231	0.0161919	0.00688519	0.0165307	0.445471	0.0384741	0.0440719	0.0785762	0.0659361	0.0131547	0.00159389	0.00709099
15	0.0324545	0.0135825	0.0171427	0.0266166	0.060485	0.0698062	0.0135973	0.0178843	0.0258073	0.102111	0.0161739	0.0192813	0.00964523	0.0187504	0.0549715	0.106402	0.0299224	0.0273786	0.301674	0.036313
16	0.0511301	0.126996	0.0539111	0.0359421	0.0134215	0.0229217	0.00867667	0.0164533	0.0350796	0.012153	0.00908004	0.0617357	0.012118	0.010263	0.0126771	0.238085	0.229278	0.0375557	0.00325184	0.00926999
17	0.0823745	0.00337583	0.0525564	0.0713958	0.00683909	0.306693	0.0147193	0.0298569	0.0535443	0.0359219	0.00983258	0.0413165	0.00976449	0.02968	0.0436382	0.114045	0.0332544	0.0387588	0.00198789	0.0204449
18	0.0310838	0.00389568	0.0783504	0.0955186	0.0173446	0.0183118	0.104171	0.0321763	0.0609504	0.0387666	0.00673751	0.0889933	0.0310324	0.114257	0.0624644	0.0823063	0.0443292	0.0401897	0.00291494	0.0462056
19	0.0609899	0.274702	0.0146998	0.0205112	0.0443714	0.050161	0.00736203	0.0145032	0.0221619	0.0192084	0.00661867	0.0248086	0.00939093	0.0402267	0.0114284	0.240727	0.0351429	0.0593053	0.0332021	0.0104792
20	0.0200575	0.000449641	0.00872829	0.0429948	0.00775855	0.00516117	0.00928255	0.0125719	0.408205	0.0457381	0.0337319	0.0394646	0.00862063	0.0813165	0.143429	0.0288742	0.0493561	0.0361819	0.00307826	0.0149998
21	0.11625	0.0027099	0.0455818	0.0856801	0.0034832	0.0493663	0.00452692	0.012464	0.157359	0.0215808	0.0132244	0.0556133	0.00395991	0.0979654	0.068141	0.152107	0.104317	0.0034597	0.000720651	0.00148931
22	0.0172207	0.00161331	0.00205064	0.00627418	0.140405	0.00236809	0.00475236	0.152738	0.00813521	0.456221	0.075535	0.0028784	0.00794743	0.00407688	0.00486575	0.0119927	0.0107777	0.0726791	0.00720979	0.0102579
23	0.140323	0.0321247	0.0167282	0.181439	0.0122582	0.0106062	0.00850934	0.0757786	0.0718544	0.0762406	0.0676995	0.0135438	0.0374291	0.0159848	0.0154747	0.0708212	0.0599096	0.0564856	0.00335675	0.0334322
24	0.0731918	0.00369126	0.011742	0.0543671	0.0198582	0.00703645	0.0213234	0.013564	0.0610068	0.0268102	0.00544822	0.0061006	0.492283	0.0486623	0.0630951	0.0403759	0.0334854	0.0129212	0.00139218	0.0036452
25	0.10885	0.00163265	0.0294518	0.298613	0.0043516	0.00307651	0.0237354	0.0628593	0.065122	0.0294526	0.00472975	0.0262549	0.0136172	0.121102	0.0253897	0.0224205	0.0416972	0.112923	0.00130861	0.00341226
26	0.0119839	0.00278173	0.00133109	0.00659807	0.365682	0.00435742	0.0150973	0.0363164	0.00298513	0.131253	0.00408003	0.00465652	0.0030583	0.00339416	0.00355816	0.00498215	0.0154094	0.0569552	0.0407193	0.2848
27	0.336535	0.00183032	0.0840486	0.115485	0.00347475	0.00448124	0.00326278	0.0387049	0.0603628	0.00972884	0.0152805	0.044631	0.00248117	0.0554526	0.0242196	0.116678	0.02325	0.0565085	0.000964011	0.00261994
28	0.0797315	0.000837333	0.088182	0.315171	0.0013897	0.0237069	0.00738774	0.0076272	0.166337	0.00334934	0.00189619	0.0284358	0.0012203	0.109579	0.0598654	0.0311177	0.0603614	0.0124665	0.000508515	0.000828847
29	0.151183	0.0153195	0.0102395	0.0204937	0.0309277	0.0156994	0.00680245	0.0836979	0.0209701	0.104403	0.0281205	0.012561	0.0267393	0.0113947	0.0117979	0.0489378	0.0940973	0.275247	0.00192545	0.0294433
30	0.317918	0.0120713	0.0150616	0.0239794	0.0122183	0.0345811	0.00388874	0.0456472	0.0354135	0.0594327	0.0191401	0.022566	0.00946142	0.0167704	0.0179342	0.147072	0.0967938	0.100147	0.00297176	0.00693179
31	0.118138	0.00284263	0.0454124	0.0864668	0.00363921	0.049546	0.00346887	0.0125238	0.161054	0.0210568	0.0131938	0.0548437	0.0030491	0.0968027	0.065465	0.15145	0.105966	0.0030501	0.000695314	0.00133511
32	0.0816873	0.00607352	0.00377045	0.022751	0.00281136	0.00266074	0.0293434	0.0786039	0.147684	0.144011	0.0625411	0.0179084	0.00199349	0.124995	0.0342303	0.0361263	0.0700825	0.129936	0.000918955	0.00187075
33	0.0374262	0.0051615	0.00274299	0.0097432	0.0683382	0.00526635	0.0337896	0.0990173	0.0167122	0.36187	0.111061	0.0124679	0.0167117	0.0126644	0.0157328	0.036527	0.0466637	0.0857566	0.00455412	0.0177939
34	0.0194592	0.000321807	0.00897932	0.0509092	0.00818393	0.00572346	0.00653583	0.0137605	0.420087	0.0477008	0.0393432	0.0437146	0.00751963	0.0775993	0.132043	0.0259254	0.0436279	0.0340065	0.00225005	0.0123103
35	0.020414	0.000451155	0.00916449	0.0409595	0.00736681	0.00504697	0.00890851	0.0121328	0.403195	0.0461216	0.0327437	0.0370134	0.0100623	0.0809606	0.142051	0.0279224	0.0559815	0.0401551	0.00336059	0.0159889
36	0.0152415	0.000836119	0.0022807	0.00687713	0.194187	0.00276642	0.00243887	0.178373	0.00797822	0.420301	0.0758384	0.00203527	0.00456253	0.00498596	0.00332332	0.00740167	0.00775128	0.0477223	0.00524239	0.00985739
37	0.682718	0.00908543	0.00590982	0.00264363	0.00928237	0.137124	0.00114817	0.00982245	0.00253922	0.00267905	0.00461361	0.00201618	0.000895086	0.00180079	0.0139778	0.0619128	0.0192461	0.0224517	0.000379635	0.00975389
38	0.113013	0.010525	0.0194857	0.0184463	0.00773751	0.031961	0.00353354	0.07266	0.0706741	0.0721684	0.044011	0.0158642	0.0131403	0.0175141	0.0233115	0.195789	0.168559	0.0965159	0.00136195	0.00372828
39	0.0191888	0.00298579	0.00370761	0.00299958	0.017327	0.00459304	0.00123093	0.287678	0.00329213	0.120846	0.0142511	0.00338678	0.00131471	0.00116778	0.00447508	0.00662414	0.018404	0.479636	0.000142812	0.00674794
40	0.0261328	0.00186006	0.282499	0.0529091	0.00401795	0.0316112	0.0411856	0.00369172	0.0566662	0.00452566	0.004523	0.316372	0.0166331	0.016793	0.012628	0.0881336	0.0310396	0.00523731	0.000449083	0.00309239
41	0.604382	0.0102088	0.00665032	0.00432924	0.0114874	0.128428	0.00165899	0.0125424	0.00633357	0.0142727	0.0103621	0.00512948	0.00216372	0.00431365	0.0133946	0.0662763	0.0376484	0.0507368	0.000448902	0.00923309
42	0.0569958	0.00896122	0.0954119	0.105383	0.00820585	0.0358192	0.00848647	0.116579	0.0473654	0.0183577	0.0127661	0.0185985	0.0398113	0.0129962	0.0116242	0.0789425	0.262797	0.0496823	0.00266984	0.00854532
43	0.110986	0.0015481	0.0279937	0.296229	0.00437044	0.00285218	0.0233891	0.062008	0.0608721	0.0291596	0.00429874	0.0259323	0.0126527	0.121144	0.0249384	0.0229861	0.0420884	0.122183	0.00134951	0.00301911
44	0.0299335	0.0024648	0.0510625	0.361691	0.00676349	0.00649338	0.0981636	0.0111391	0.0228266	0.0140931	0.00727334	0.0817287	0.00669878	0.185964	0.0152347	0.036845	0.0172463	0.0165928	0.00172991	0.0260563
45	0.0844023	0.00141887	0.0434388	0.0907046	0.00229742	0.0711787	0.0313241	0.0081396	0.113569	0.00720495	0.0115084	0.0371788	0.0708683	0.0891064	0.0583256	0.171752	0.0922987	0.0110199	0.00134662	0.0029163
46	0.0260119	0.00359731	0.00348987	0.00424906	0.0429309	0.00413367	0.0014541	0.256871	0.00560824	0.202032	0.0301609	0.00455798	0.00236505	0.0019003	0.00596227	0.0099257	0.0174505	0.365727	0.00186678	0.00970492
47	0.682463	0.00903119	0.00602506	0.00264186	0.00920221	0.136665	0.00118117	0.00989609	0.0025828	0.00271309	0.00461488	0.00203457	0.000922997	0.00181629	0.0142519	0.0619805	0.0193953	0.0224878	0.000380171	0.00971421
48	0.117329	0.00272143	0.045394	0.0873034	0.00385081	0.049022	0.0040778	0.0121834	0.162716	0.0202167	0.0135426	0.0530175	0.00419399	0.099505	0.0632739	0.150006	0.105937	0.00337488	0.000681871	0.0016533
49	0.0455016	0.00143233	0.0520497	0.326912	0.00296771	0.00882373	0.0088041	0.00547238	0.123848	0.0062121	0.00285838	0.0126182	0.00207718	0.174795	0.093912	0.0630406	0.0567718	0.00824629	0.000923098	0.00273435
50	0.0072553	0.00344029	0.00541978	0.0155939	0.29103	0.00328413	0.0410581	0.0133527	0.0126752	0.088852	0.00887314	0.0278301	0.00414941	0.0201431	0.00296384	0.0125136	0.0111043	0.0298302	0.0156359	0.384995
51	0.0829453	0.000817164	0.0407981	0.0896101	0.00130197	0.393766	0.020847	0.00369073	0.0549708	0.0195959	0.00196388	0.0695265	0.00404754	0.0400047	0.0382526	0.107483	0.0212426	0.00637385	0.000400327	0.00236175
52	0.0130388	0.00153603	0.00353688	0.00252329	0.0156515	0.00475097	0.00115114	0.299937	0.0024288	0.112858	0.00854772	0.00238021	0.00100416	0.00064538	0.00358264	0.00319295	0.0177538	0.499794	0.000140874	0.00554571
53	0.0572469	0.00141013	0.0598681	0.0735164	0.00425879	0.0325249	0.0340301	0.0110223	0.13258	0.0196033	0.0114114	0.0668478	0.0169316	0.13171	0.0885063	0.134477	0.0986805	0.0127484	0.000780669	0.011845
54	0.0823371	0.000712857	0.0392025	0.0827691	0.00114856	0.412167	0.0205576	0.00390825	0.0482501	0.0199232	0.00202275	0.0655563	0.0039922	0.0365959	0.0405299	0.109161	0.0210129	0.00718373	0.000418179	0.00255132
55	0.00936841	0.00268682	0.00253902	0.0095959	0.339624	0.00352802	0.0240008	0.0255777	0.0063016	0.112802	0.0061076	0.0129261	0.00504774	0.00885371	0.00308527	0.00660615	0.0125511	0.0463181	0.0277121	0.334768
56	0.0466989	0.00436158	0.0118918	0.0347582	0.00961892	0.00572747	0.0234731	0.0106409	0.0498126	0.0143489	0.00169369	0.00303235	0.595968	0.0493346	0.0593299	0.0408906	0.0337977	0.00318946	0.000489227	0.000942221
57	0.108062	0.0177546	0.0242921	0.0147083	0.00345193	0.0132045	0.00247508	0.0921956	0.0270999	0.0598227	0.0441424	0.0104533	0.022396	0.00980601	0.0157112	0.198564	0.231616	0.101014	0.00108485	0.00214557
58	0.0152435	0.000700993	0.00144336	0.00531626	0.126619	0.00300319	0.00107658	0.218883	0.0075057	0.430503	0.0595908	0.00219191	0.00531257	0.00251364	0.00383936	0.00657103	0.00632564	0.0812521	0.00791774	0.0141899
59	0.0149504	0.010662	0.0040023	0.00601176	0.1571	0.00279177	0.0190432	0.0818841	0.0634454	0.224631	0.0839938	0.00370602	0.0026679	0.00351273	0.112172	0.0138961	0.0260589	0.0309741	0.000815786	0.137681
60	0.0151731	0.00117675	0.00178905	0.00627235	0.140033	0.00236795	0.00350721	0.156836	0.00869386	0.459678	0.0668156	0.00255203	0.00791123	0.00343937	0.00485404	0.0101944	0.00982745	0.0742407	0.00936124	0.0152759
61	0.0120342	0.00284048	0.00132684	0.00656753	0.365077	0.00425093	0.0149783	0.0367262	0.00331149	0.131973	0.00463876	0.00455164	0.00301366	0.00338561	0.00437465	0.00491019	0.0152602	0.0562525	0.0400987	0.284428
62	0.127479	0.000449816	0.29916	0.204553	0.00134946	0.0116088	0.0191122	0.00844163	0.0662247	0.00872458	0.00386057	0.0466632	0.0565728	0.0362547	0.0137616	0.0668271	0.0165442	0.00581971	0.000320631	0.00627258
63	0.160141	0.00177048	0.123601	0.181061	0.00290035	0.127189	0.0357384	0.00553912	0.0311472	0.00650815	0.00355924	0.0259764	0.0184679	0.0475802	0.0339333	0.120112	0.061213	0.00951889	0.00115474	0.00288836
64	0.0208149	0.00102712	0.0021902	0.0047635	0.129351	0.00429185	0.00396949	0.269452	0.00601573	0.33145	0.095273	0.002638	0.00457906	0.00389187	0.0039379	0.00805491	0.0107118	0.0754781	0.00488223	0.0172278
65	0.0149483	0.00181835	0.00360543	0.00272911	0.0158837	0.00468918	0.00117648	0.296175	0.00275693	0.113058	0.00927001	0.00261399	0.00112115	0.000775517	0.00385681	0.00401086	0.0181177	0.497504	0.000139135	0.00574972
66	0.118242	0.00282032	0.0454969	0.0863809	0.00360119	0.0493349	0.00341875	0.0125989	0.159997	0.0213115	0.0131555	0.0554887	0.00293461	0.096073	0.0661827	0.151889	0.105981	0.00308562	0.000709824	0.00129723
67	0.0116669	0.00358776	0.00420781	0.00858134	0.316649	0.00714895	0.0280333	0.0304367	0.00686315	0.113759	0.00471389	0.011148	0.00334592	0.00892809	0.00510152	0.0121747	0.0166099	0.0493258	0.0664215	0.291297
68	0.0611133	0.0105484	0.00453111	0.006111	0.0281416	0.00437628	0.00188042	0.217174	0.00878834	0.171933	0.0591722	0.0104681	0.00310803	0.00404969	0.0106592	0.0255829	0.0260774	0.330686	0.000214128	0.015385
69	0.0188683	0.0003032	0.00910374	0.0503857	0.00817934	0.00581078	0.00670956	0.0139904	0.419007	0.0478896	0.0390498	0.0431456	0.00759662	0.0786343	0.132942	0.0261927	0.0434516	0.0339333	0.00224543	0.0125609
70	0.0250835	0.000853566	0.00914635	0.0435649	0.0117167	0.00600902	0.0112616	0.0127211	0.382444	0.0438211	0.034273	0.0373803	0.00794522	0.0806765	0.159283	0.0371301	0.0453748	0.032758	0.00467386	0.0138839
71	0.0478396	0.00165621	0.0139618	0.050318	0.0062104	0.010804	0.0508538	0.013617	0.226785	0.0228949	0.043402	0.0404236	0.00649494	0.0834871	0.198417	0.0946377	0.0346441	0.0182247	0.0178912	0.0174368
72	0.120234	0.0109301	0.0175312	0.0103979	0.0024607	0.014627	0.00171801	0.102187	0.0299745	0.0747836	0.0430176	0.00810653	0.0144894	0.0128029	0.0216279	0.20553	0.202507	0.104951	0.000631344	0.00149239
73	0.0935428	0.00145596	0.0426223	0.0832513	0.00212118	0.278546	0.0147317	0.00694354	0.0896908	0.0218363	0.0059779	0.0583108	0.00560104	0.0614991	0.0510038	0.125839	0.0482795	0.00582059	0.000711648	0.00221499
74	0.0766047	0.0126613	0.0052241	0.00710584	0.0334775	0.00773577	0.00177586	0.193903	0.0114693	0.16161	0.0468067	0.010682	0.0040425	0.00574406	0.0110178	0.0316927	0.0369915	0.325436	0.000286354	0.0157333
75	0.0750654	0.000705591	0.0922308	0.331237	0.0013372	0.0228352	0.0074245	0.00622499	0.161837	0.00260542	0.00177979	0.0275806	0.00117742	0.107586	0.0598456	0.0266476	0.0608236	0.0117402	0.000492887	0.000823581
76	0.269552	0.00112308	0.147551	0.162338	0.00216541	0.00758296	0.00516815	0.0170375	0.0772883	0.004695	0.00704704	0.0364841	0.00851313	0.0697016	0.0207698	0.0913618	0.0356988	0.033034	0.000734303	0.00215388
77	0.0140046	0.000681406	0.00260474	0.0078899	0.222455	0.00292684	0.00144265	0.173929	0.00838039	0.416094	0.0710617	0.00192677	0.00363376	0.00557192	0.00289835	0.00600589	0.00626107	0.0391818	0.00457886	0.00847106
78	0.0692921	0.00968944	0.00443079	0.0217185	0.00642263	0.00314495	0.0207815	0.124688	0.120749	0.153762	0.04935	0.017177	0.00187627	0.0849278	0.0319734	0.0283722	0.0739385	0.173747	0.00086754	0.00309081
79	0.0841493	0.0020522	0.271881	0.217777	0.00414474	0.00927953	0.0366092	0.0113078	0.0731295	0.00775577	0.007114	0.0804105	0.0440095	0.0416505	0.0220109	0.0521458	0.0175546	0.0083635	0.000318395	0.00833601
80	0.066893	0.0115857	0.00517946	0.00713522	0.0325375	0.00523466	0.00160749	0.210778	0.0109745	0.165925	0.0494764	0.0111349	0.00341812	0.00576777	0.0116638	0.0302168	0.0289568	0.326167	0.000187289	0.0151616
81	0.135774	0.0172647	0.00531458	0.00762393	0.0337247	0.0157634	0.00226801	0.0955976	0.0133695	0.0856705	0.0238531	0.00861266	0.0131564	0.00596518	0.00703238	0.0461019	0.101461	0.359461	0.000904381	0.0210812
82	0.0145932	0.00175486	0.0035481	0.00262245	0.0158551	0.00476319	0.00116733	0.296976	0.00261337	0.112823	0.00905448	0.00259628	0.00108734	0.000695961	0.00381198	0.0037792	0.0181025	0.498317	0.000137974	0.00570035
83	0.0168756	0.00222177	0.0033887	0.00264246	0.0187046	0.00449742	0.00119263	0.290973	0.00278996	0.122672	0.0133625	0.00306434	0.00116672	0.000910199	0.00447315	0.00527535	0.0179656	0.480819	0.00014475	0.00686037
84	0.681985	0.00906959	0.00592823	0.0026886	0.00932963	0.13751	0.00120119	0.00986248	0.00257666	0.00270107	0.00460887	0.00202693	0.000897237	0.00181504	0.0139636	0.0618391	0.0192985	0.0224281	0.000379772	0.00989103
85	0.0129253	0.00431555	0.00137369	0.00645298	0.346929	0.00401051	0.0156392	0.0401939	0.00769831	0.143038	0.0106488	0.0040488	0.00278863	0.00307781	0.0143182	0.00537522	0.0156916	0.0546381	0.0361034	0.270732
86	0.0657985	0.00322411	0.0731534	0.0619249	0.00906611	0.0621633	0.00479208	0.00526245	0.108623	0.00797345	0.0113642	0.0788595	0.00500139	0.0268643	0.0373001	0.23542	0.185538	0.0153408	0.000638549	0.00169134
87	0.0130388	0.00153603	0.00353688	0.00252329	0.0156515	0.00475097	0.00115114	0.299937	0.0024288	0.112858	0.00854772	0.00238021	0.00100416	0.00064538	0.00358264	0.00319295	0.0177538	0.499794	0.000140874	0.00554571
88	0.0736869	0.0128709	0.00701063	0.00815623	0.0349464	0.00577258	0.00159972	0.203539	0.0134413	0.152117	0.0444582	0.0102518	0.00393707	0.00698854	0.0111787	0.0336309	0.0352074	0.325273	0.000276782	0.0156559
89	0.0523262	0.00947965	0.00369318	0.00754066	0.0496101	0.00436144	0.0139975	0.155396	0.0109817	0.286933	0.0850502	0.0106819	0.00837606	0.00676961	0.0104687	0.0293799	0.0317372	0.207663	0.00245347	0.0131005
90	0.0121669	0.00273717	0.00124674	0.00640289	0.368256	0.00434315	0.0145676	0.0368403	0.00281488	0.131843	0.00401165	0.00412179	0.00305617	0.00298939	0.00359224	0.0047267	0.015469	0.057414	0.0410734	0.282328
91	0.0196149	0.00111719	0.01735	0.0387072	0.00777121	0.0059492	0.00963286	0.0205103	0.363131	0.0392116	0.0293053	0.0418379	0.0162212	0.0666284	0.173864	0.033747	0.0596947	0.0397792	0.00302344	0.0129036
92	0.106843	0.00233813	0.0150567	0.0617398	0.00402834	0.0261058	0.0366806	0.0181867	0.131674	0.00997588	0.0434789	0.0325148	0.00602478	0.0743695	0.166853	0.177811	0.0419454	0.00688724	0.0306092	0.00687728
93	0.042816	0.00547042	0.00359709	0.0105307	0.0616963	0.00539604	0.0351992	0.0921626	0.0146581	0.339614	0.138828	0.0142721	0.0180858	0.0139237	0.0157921	0.0370079	0.0488498	0.0853563	0.0037359	0.013008
94	0.0464818	0.00453897	0.0132143	0.0360605	0.00977476	0.00569266	0.0236192	0.0105142	0.0491659	0.0141826	0.00181282	0.00258912	0.592358	0.050752	0.0617178	0.0407323	0.0323542	0.00298712	0.000479414	0.000972713
95	0.0360094	0.00420241	0.00336996	0.0104255	0.0580684	0.00463932	0.029409	0.0836638	0.015189	0.381302	0.106183	0.0118085	0.0308613	0.0118772	0.019208	0.0381438	0.0485258	0.0856664	0.00494151	0.0165061
96	0.0130388	0.00153603	0.00353688	0.00252329	0.0156515	0.00475097	0.00115114	0.299937	0.0024288	0.112858	0.00854772	0.00238021	0.00100416	0.00064538	0.00358264	0.00319295	0.0177538	0.499794	0.000140874	0.00554571
97	0.0178891	0.00473436	0.00722386	0.0120939	0.0211875	0.0284421	0.0040726	0.179834	0.0123781	0.026659	0.0501021	0.0227643	0.00470415	0.00845598	0.00744865	0.0871638	0.247322	0.237491	0.0163971	0.00363701
98	0.0321727	0.00206987	0.20892	0.271423	0.00439935	0.00666779	0.00991747	0.0254016	0.0422055	0.037345	0.00471416	0.0313998	0.100767	0.0285576	0.0306325	0.0396118	0.091344	0.0122311	0.00123059	0.0189892
99	0.0121669	0.00273717	0.00124674	0.00640289	0.368256	0.00434315	0.0145676	0.0368403	0.00281488	0.131843	0.00401165	0.00412179	0.00305617	0.00298939	0.00359224	0.0047267	0.015469	0.057414	0.0410734	0.282328
100	0.0163458	0.0026453	0.0564888	0.0412489	0.00437458	0.0304732	0.0313912	0.00434538	0.0680756	0.00516798	0.00450181	0.224394	0.00707446	0.0104655	0.0366944	0.224291	0.216535	0.0130791	0.000726508	0.0016822
101	0.0640144	0.00375367	0.0513666	0.0173051	0.0255322	0.00996793	0.00803582	0.0253118	0.0432964	0.0262949	0.0243945	0.225168	0.00473619	0.0262462	0.0302353	0.180721	0.179041	0.0488912	0.00154953	0.00413794
102	0.157644	0.013578	0.013742	0.0449892	0.0879921	0.014512	0.00784582	0.03929	0.045018	0.0437162	0.00893626	0.0126433	0.0333678	0.0625302	0.0123797	0.21197	0.0513032	0.0726116	0.0314827	0.0344481
103	0.0851868	0.00131787	0.0619691	0.110838	0.0021564	0.108258	0.0368177	0.00876825	0.063805	0.0072491	0.00597851	0.0323561	0.0646929	0.0903932	0.0691288	0.173175	0.0512889	0.0225623	0.000912913	0.0031452
104	0.0188837	0.00030525	0.00912012	0.0500091	0.00818879	0.00581165	0.00675659	0.0140239	0.418813	0.0477087	0.0388762	0.0429266	0.00760895	0.0788541	0.133363	0.0262735	0.0436583	0.0339888	0.00224948	0.0125799
105	0.0381758	0.0058749	0.00332401	0.0039488	0.0260624	0.00414023	0.0015002	0.267607	0.00541706	0.15381	0.0453444	0.00683771	0.00210498	0.00250153	0.00841605	0.015404	0.0216405	0.373528	0.000190936	0.0141712
106	0.015944	0.00358699	0.00250849	0.010801	0.337796	0.00894825	0.0169374	0.0421955	0.00598759	0.135955	0.00871617	0.00669161	0.00340199	0.00552003	0.00874151	0.00751546	0.0213743	0.0605831	0.0359514	0.260843
107	0.0242292	0.00850369	0.0204169	0.0520214	0.135951	0.0378047	0.0939206	0.0466584	0.026172	0.0861684	0.0186355	0.0601267	0.0100618	0.0577588	0.0159764	0.0395931	0.061195	0.0656255	0.0102102	0.128971
108	0.0479354	0.00760478	0.0031473	0.00924351	0.0536847	0.00498125	0.0316396	0.109726	0.0138324	0.338086	0.11408	0.0154251	0.0149497	0.0114881	0.0123906	0.0346899	0.0454362	0.115051	0.00343877	0.0131693
109	0.0159814	0.00126727	0.00171306	0.0062308	0.1315	0.00236401	0.00422928	0.158837	0.00910942	0.461211	0.069175	0.00290635	0.00863642	0.00359175	0.00503146	0.0110233	0.0108586	0.0762926	0.0085699	0.0114719
110	0.0198999	0.0021377	0.00188694	0.00595976	0.126533	0.0025525	0.0051288	0.157451	0.00827224	0.444472	0.0745849	0.00336103	0.00801544	0.00380995	0.00524944	0.0129961	0.0118664	0.087902	0.00711066	0.0108098
111	0.0121113	0.00279328	0.00138333	0.00664503	0.365447	0.00471831	0.0150943	0.0366712	0.0030406	0.130944	0.00406353	0.00454492	0.0030483	0.00348606	0.00362061	0.00485111	0.0155788	0.0572825	0.0412995	0.283376
112	0.0672471	0.0116794	0.00527044	0.0071507	0.0326685	0.00527688	0.00158488	0.210761	0.0110855	0.164867	0.0490902	0.011066	0.00339	0.00591321	0.011711	0.0305637	0.0291744	0.326181	0.000187279	0.0151327
113	0.0303844	0.00435063	0.00315085	0.00341727	0.024738	0.0041427	0.00127862	0.282176	0.00454033	0.145668	0.0378712	0.00553259	0.00171375	0.00185759	0.00791068	0.0119756	0.0216314	0.395705	0.000170909	0.0117841
114	0.0509307	0.00570187	0.00260878	0.0144196	0.0242109	0.00358099	0.0396151	0.0945051	0.0769377	0.251474	0.0814694	0.0139602	0.00962356	0.0579594	0.0265944	0.0371091	0.0704442	0.126954	0.00297405	0.00892732
115	0.012587	0.00305372	0.00167671	0.00680283	0.361243	0.00471616	0.0179161	0.0363604	0.00338965	0.128209	0.00417479	0.0058813	0.00306458	0.00413699	0.0036626	0.00589004	0.0164889	0.057887	0.0398947	0.282965
116	0.0616493	0.00858175	0.00410728	0.00568594	0.0286122	0.00431823	0.00150024	0.215962	0.00808765	0.144433	0.0385301	0.00809072	0.00330523	0.0039243	0.0107031	0.0262226	0.028168	0.383362	0.000261403	0.0144953
117	0.0390507	0.00480043	0.00269922	0.0100717	0.0499664	0.00512056	0.0388503	0.0906109	0.0190826	0.350262	0.110182	0.0126358	0.0187405	0.0171862	0.014557	0.0426386	0.0593129	0.0899537	0.00579485	0.0184845
118	0.0453006	0.00646492	0.00357849	0.00478372	0.0244152	0.00405892	0.00135106	0.2363	0.00616219	0.140446	0.0335569	0.0069371	0.00245546	0.00290501	0.00994341	0.0211538	0.0229199	0.41533	0.000185673	0.0117512
119	0.023153	0.000775867	0.294039	0.0174079	0.0016365	0.0216529	0.0368273	0.00209625	0.0539377	0.00237558	0.00143874	0.362343	0.018052	0.0126882	0.00725571	0.107739	0.0322993	0.00278985	0.000377941	0.00111463
120	0.108454	0.0153797	0.0210357	0.0112422	0.00337939	0.0138011	0.00205577	0.0986319	0.0269816	0.0648925	0.0438613	0.0110433	0.0206865	0.00995628	0.0158953	0.195311	0.221736	0.112825	0.00106698	0.00176463
121	0.0447229	0.00263621	0.185112	0.181561	0.0124554	0.0148969	0.0576011	0.0081321	0.106115	0.00947173	0.00785655	0.116753	0.0231711	0.0667458	0.0419838	0.0666387	0.0330138	0.0125837	0.000508103	0.00804083
122	0.00824439	0.00285829	0.00479108	0.0167882	0.305524	0.00332033	0.0347721	0.0161405	0.0124799	0.0970724	0.00802657	0.0247322	0.00418595	0.0165835	0.00343253	0.0102419	0.0112446	0.0324508	0.0177346	0.369376
123	0.0170659	0.00193266	0.00156562	0.00574191	0.212471	0.00369155	0.00752483	0.159652	0.00814773	0.318803	0.0522752	0.00324474	0.00731643	0.00381566	0.00602311	0.00831405	0.0118407	0.0648451	0.0148096	0.0909199
124	0.0831249	0.000685998	0.0390935	0.0819517	0.00122138	0.407101	0.0211616	0.00395678	0.0487112	0.0198344	0.00192638	0.067037	0.00408328	0.0379997	0.0413507	0.110073	0.0210282	0.00658142	0.000429552	0.002648
125	0.0391535	0.00503542	0.00274804	0.00437606	0.0696636	0.00431534	0.00165846	0.279023	0.00614766	0.243141	0.0746993	0.00621337	0.00279033	0.00282656	0.00659368	0.0134915	0.0171921	0.198575	0.00220749	0.0201492
126	0.0752026	0.00194654	0.0528311	0.0853694	0.00352271	0.0387152	0.0116229	0.00921862	0.143031	0.0185921	0.0093366	0.0863228	0.00615367	0.0806153	0.0705816	0.148966	0.149496	0.00542873	0.000662424	0.00238508
127	0.140307	0.0229223	0.00866549	0.00772962	0.0362144	0.0614945	0.00317745	0.0357665	0.0317732	0.125538	0.0225763	0.0196867	0.00695481	0.00991256	0.00530376	0.0728464	0.169141	0.211254	0.00130378	0.0074327
128	0.0554482	0.00411211	0.00917762	0.0336381	0.0104574	0.00716092	0.0268968	0.0121386	0.0595194	0.0161296	0.00250517	0.00372522	0.559484	0.0520398	0.0602276	0.0389966	0.0423524	0.00361775	0.000582673	0.00179015
129	0.262084	0.020981	0.0204996	0.00884606	0.0104914	0.0593127	0.00308083	0.0198823	0.0158318	0.0625914	0.0124443	0.0214129	0.00560747	0.0297465	0.00672405	0.100307	0.216564	0.119412	0.00112626	0.00305485
130	0.0613117	0.0101293	0.0041826	0.00587207	0.0290054	0.00448165	0.00172693	0.219652	0.00867896	0.17158	0.0548558	0.0105151	0.00304704	0.00401492	0.0107821	0.0258824	0.0262258	0.332313	0.000183153	0.0155594
131	0.0686053	0.0111259	0.00497662	0.00688097	0.0372977	0.00534505	0.00289547	0.196263	0.0114049	0.164587	0.0504214	0.0098741	0.00416172	0.00554103	0.0145282	0.0296952	0.0336702	0.323188	0.000391511	0.0191466
132	0.0216781	0.000639282	0.00181088	0.00421807	0.148438	0.00527423	0.0012631	0.282693	0.00544977	0.343038	0.0745791	0.00197273	0.00375804	0.00319214	0.00210967	0.00539255	0.00651033	0.06516	0.00509039	0.0177332
133	0.0701899	0.0119713	0.00566172	0.0076496	0.033506	0.00515319	0.00164853	0.204909	0.0113649	0.156638	0.0468635	0.0104499	0.00375776	0.00679685	0.0117988	0.0313049	0.0324477	0.331905	0.000200637	0.0157826
134	0.0347301	0.00243513	0.128263	0.109888	0.0160715	0.0121936	0.0857626	0.00801715	0.140386	0.0119943	0.00765875	0.132815	0.0108051	0.0773409	0.0595441	0.0885176	0.0451732	0.0183317	0.000853546	0.009218
135	0.0419946	0.00536093	0.00316655	0.0112626	0.0564306	0.00660675	0.0373177	0.0898633	0.0163711	0.345094	0.127811	0.0161126	0.019523	0.0136017	0.0147773	0.038508	0.0523809	0.0859524	0.00404031	0.013824
136	0.109408	0.000964096	0.0850001	0.11903	0.00184137	0.154315	0.0273853	0.00538047	0.0660645	0.0077691	0.00418155	0.0467998	0.0332668	0.0540239	0.0484207	0.151386	0.0735721	0.00884461	0.00063892	0.00170819
137	0.0121669	0.00273717	0.00124674	0.00640289	0.368256	0.00434315	0.0145676	0.0368403	0.00281488	0.131843	0.00401165	0.00412179	0.00305617	0.00298939	0.00359224	0.0047267	0.015469	0.057414	0.0410734	0.282328
138	0.0111772	0.00173037	0.00529976	0.0348839	0.0625375	0.00352966	0.00454103	0.0965008	0.0437256	0.478024	0.0147781	0.017491	0.00542318	0.00567592	0.0342745	0.0106755	0.0275152	0.134438	0.00339474	0.00438447
139	0.134618	0.000471103	0.296656	0.200775	0.00137393	0.0164497	0.0201246	0.00745043	0.0611307	0.0078122	0.00362817	0.0471993	0.0512877	0.0355566	0.0141368	0.0704122	0.0194008	0.00568731	0.000329749	0.00549894
140	0.0681334	0.00130365	0.0776691	0.201484	0.00312715	0.171447	0.0139123	0.00744463	0.143831	0.0116988	0.00553627	0.051392	0.0039214	0.0672316	0.0536035	0.053756	0.0480522	0.0132066	0.000639541	0.00260959
141	0.0129002	0.00176324	0.0225021	0.0966567	0.00295366	0.00737562	0.0235307	0.00464469	0.258589	0.00756443	0.00452667	0.134698	0.00671401	0.0403296	0.0445944	0.111534	0.206979	0.0086922	0.00105009	0.00240129
142	0.0682126	0.0116699	0.00541287	0.00736561	0.0319599	0.00550768	0.00163636	0.210291	0.012418	0.164946	0.0482018	0.0114963	0.00337246	0.00638538	0.0120673	0.0308761	0.0295504	0.323596	0.000204407	0.01483
143	0.0342839	0.000758618	0.0264276	0.0584051	0.00632935	0.0125175	0.0148578	0.0114971	0.32198	0.0325851	0.02461	0.0410117	0.0155969	0.112659	0.109501	0.0618961	0.0685977	0.0293589	0.00184948	0.0152774
144	0.0518932	0.00326512	0.00815064	0.0326719	0.0108099	0.00689534	0.0238644	0.0127961	0.061202	0.0164237	0.00160339	0.00222562	0.566943	0.0580145	0.0667094	0.0374238	0.0348405	0.00281535	0.000429813	0.00102266
145	0.0128256	0.0118138	0.0246265	0.019796	0.144274	0.00830573	0.107896	0.010402	0.0329684	0.0539615	0.00664391	0.0539016	0.00471692	0.0456805	0.00594555	0.0524422	0.0283216	0.0374525	0.0173372	0.320688
146	0.0144674	0.0110304	0.00407204	0.00585861	0.161897	0.00277378	0.0189828	0.0788951	0.0633874	0.219503	0.0832816	0.00349995	0.00210313	0.00317046	0.114219	0.0134656	0.0251202	0.0294377	0.000921731	0.143913
147	0.0188683	0.0003032	0.00910374	0.0503857	0.00817934	0.00581078	0.00670956	0.0139904	0.419007	0.0478896	0.0390498	0.0431456	0.00759662	0.0786343	0.132942	0.0261927	0.0434516	0.0339333	0.00224543	0.0125609
148	0.0808503	0.064216	0.0409037	0.0444846	0.0129155	0.015744	0.00639462	0.0343446	0.0292548	0.0215618	0.0164482	0.0266212	0.0179017	0.0106165	0.0117349	0.235305	0.267397	0.0514999	0.00232529	0.00948067
149	0.0860044	0.00138307	0.0560859	0.448429	0.00263626	0.00356796	0.0146411	0.00963568	0.0552914	0.0158398	0.00250724	0.0130992	0.00312607	0.182836	0.0238509	0.0354822	0.0274857	0.0136171	0.000744495	0.00373589
150	0.0273906	0.00109626	0.224527	0.459109	0.00253339	0.00270713	0.00239609	0.00647732	0.0395939	0.0103657	0.00789093	0.00778118	0.0816987	0.00678849	0.035846	0.0178246	0.0486343	0.0117254	0.000790757	0.00482292
151	0.020505	0.000668533	0.0107686	0.0404381	0.00726275	0.00572917	0.0140105	0.0119683	0.38249	0.0449042	0.0299585	0.0369713	0.0092895	0.0843823	0.142942	0.0342818	0.0601947	0.0386621	0.00602962	0.0185428
152	0.0519834	0.00272793	0.00552636	0.0437674	0.00406436	0.00525872	0.00300407	0.19277	0.0501038	0.0365514	0.00660043	0.00679081	0.00286647	0.0389036	0.0204899	0.0179636	0.216366	0.289461	0.00209783	0.00270231
153	0.0202425	0.00275016	0.00359996	0.00319876	0.0190345	0.00455059	0.00136701	0.289519	0.00349933	0.128305	0.0181707	0.00364073	0.00144553	0.00125047	0.00489749	0.00703573	0.0188491	0.461009	0.000208529	0.007427
154	0.104295	0.0366127	0.0141278	0.0147054	0.0246665	0.0523134	0.00501358	0.054932	0.0233192	0.0664442	0.0202409	0.0190974	0.0106132	0.0129146	0.00866733	0.0792765	0.195577	0.245006	0.00325854	0.00891856
155	0.094426	0.000892282	0.0380469	0.0796537	0.00134824	0.392341	0.0196508	0.00429985	0.049098	0.0192582	0.00228403	0.0652654	0.00464064	0.0410736	0.0422162	0.112124	0.0228505	0.00712062	0.000645658	0.00276398
156	0.11718	0.00259904	0.049725	0.0867599	0.00381026	0.0471749	0.00473852	0.01347	0.155265	0.0200208	0.0138391	0.0578407	0.00390851	0.093409	0.0643284	0.154412	0.1045	0.00479729	0.000718951	0.00150247
157	0.0240983	0.00212	0.0488712	0.0686628	0.00325458	0.0205354	0.0235554	0.00517299	0.113532	0.007941	0.00491435	0.186809	0.00916565	0.0337267	0.0406519	0.151655	0.241112	0.0116308	0.000675706	0.00191535
158	0.011881	0.0027637	0.0012997	0.00683523	0.365046	0.00417499	0.0152668	0.0354342	0.00351816	0.13181	0.00482435	0.00496198	0.0031712	0.003537	0.00423009	0.00481701	0.0151366	0.0559989	0.0386004	0.286693
159	0.0514287	0.00516729	0.19905	0.250178	0.00686071	0.00727922	0.0625144	0.00740894	0.0744345	0.0063504	0.0190678	0.131668	0.0127332	0.0661779	0.0231478	0.0282758	0.0162807	0.0243377	0.000666371	0.00697254
160	0.0642866	0.000788466	0.0727835	0.398697	0.00134267	0.0060709	0.0125366	0.00301734	0.104489	0.00480607	0.00129015	0.0092918	0.00112434	0.179611	0.046154	0.0562699	0.0309362	0.00470387	0.000502856	0.00129751
161	0.0495187	0.00741928	0.00368627	0.00485581	0.028752	0.00442715	0.00130532	0.238166	0.00684464	0.151008	0.0404025	0.00768894	0.00263322	0.00327856	0.0104397	0.0208168	0.0251977	0.37947	0.000253138	0.0138364
162	0.0276926	0.00292657	0.0035599	0.00365167	0.0180244	0.00436982	0.00117691	0.267914	0.00375266	0.112845	0.0131216	0.00324838	0.00159825	0.00171931	0.00658688	0.00905805	0.0223944	0.488856	0.000199127	0.00730421
163	0.0144515	0.0110922	0.00411229	0.00588651	0.16022	0.00275363	0.019005	0.0793421	0.0637628	0.219832	0.0841465	0.00351502	0.00208639	0.00316907	0.114939	0.0134671	0.0253571	0.029187	0.000705516	0.142969
164	0.023153	0.000775867	0.294039	0.0174079	0.0016365	0.0216529	0.0368273	0.00209625	0.0539377	0.00237558	0.00143874	0.362343	0.018052	0.0126882	0.00725571	0.107739	0.0322993	0.00278985	0.000377941	0.00111463
165	0.0733842	0.00371689	0.0116036	0.132991	0.00514156	0.0133792	0.0285642	0.00758987	0.102957	0.00864795	0.00650229	0.0964538	0.164109	0.0338026	0.0128465	0.220638	0.0617946	0.0103043	0.00173324	0.0038392
166	0.0402838	0.00324889	0.119964	0.0702695	0.00541296	0.0689734	0.00414884	0.00473178	0.0770436	0.00325502	0.00494674	0.0805885	0.00920391	0.00420329	0.01527	0.22808	0.24327	0.0146827	0.000713446	0.00171071
167	0.0240463	0.00154753	0.0159436	0.0514881	0.00988196	0.00725096	0.0103637	0.0147832	0.367792	0.041541	0.0584227	0.0785718	0.00785618	0.0725123	0.10017	0.0332182	0.0593664	0.0305133	0.00352442	0.0112066
168	0.023202	0.000776003	0.293336	0.0174322	0.00162302	0.0216992	0.0369121	0.00210601	0.0539357	0.00236945	0.00142942	0.36186	0.01811	0.0126827	0.00735023	0.108028	0.0327757	0.00287624	0.00037765	0.00111798
169	0.0950998	0.0120895	0.00531247	0.00785286	0.0298546	0.00935063	0.00232801	0.162866	0.0139226	0.133485	0.036808	0.00930964	0.00601325	0.00700659	0.0108893	0.0397252	0.0600429	0.341917	0.000540334	0.0155866
170	0.0140323	0.000613092	0.00232123	0.00712812	0.216505	0.00274098	0.00120479	0.17767	0.00775427	0.420136	0.0708002	0.00169826	0.00354224	0.00510876	0.00250489	0.00586981	0.00604967	0.0408408	0.00475532	0.00872358
171	0.0131136	0.00156556	0.00352843	0.00252839	0.0157535	0.00474046	0.0011491	0.299906	0.00244087	0.113276	0.0086735	0.00239831	0.00100301	0.000655694	0.00359071	0.00327172	0.0177683	0.498906	0.000141944	0.00558904
172	0.0275293	0.00286865	0.0218479	0.173815	0.055133	0.00695534	0.0190508	0.0372902	0.213967	0.118769	0.0817816	0.0636071	0.00564457	0.0364728	0.0476519	0.0151745	0.0314389	0.0150026	0.0204268	0.00557224
173	0.0125959	0.00272901	0.00128998	0.00631194	0.360323	0.00439251	0.0143754	0.0453956	0.00336115	0.135605	0.00608577	0.00417411	0.00307344	0.0029941	0.00441702	0.00479436	0.0152965	0.0584027	0.0394468	0.274936
174	0.0480918	0.0055629	0.0123402	0.0401394	0.00932821	0.00773767	0.0237938	0.0105723	0.0516452	0.0134283	0.00260852	0.00788177	0.558453	0.0455812	0.0536006	0.0593581	0.0428032	0.00490524	0.000611516	0.00155707
175	0.0286556	0.00838776	0.0143895	0.0248971	0.0946223	0.0656017	0.0153438	0.0210852	0.0240197	0.0775996	0.0110238	0.0182047	0.00908845	0.0157385	0.0365965	0.0617917	0.0290099	0.0297397	0.314906	0.0992984
176	0.0379466	0.330887	0.0196076	0.0207694	0.0230071	0.0412647	0.00833678	0.0124437	0.019321	0.0139597	0.00769125	0.0413923	0.00806151	0.0234178	0.0113825	0.236936	0.0608788	0.0581	0.0160657	0.00853003
177	0.0876009	0.00111012	0.0521274	0.0949766	0.00163472	0.156619	0.0312818	0.00989969	0.0773633	0.00928441	0.00650436	0.0370849	0.0542199	0.0773864	0.0626078	0.165286	0.0584142	0.0130379	0.000839628	0.00272052
178	0.0571149	0.00740968	0.0974208	0.0812642	0.0279034	0.0135119	0.117644	0.0171183	0.0730423	0.0250087	0.00897618	0.0464132	0.0114844	0.0744469	0.0284338	0.0791325	0.064271	0.0271371	0.00566094	0.136606
179	0.0381353	0.348886	0.0181809	0.0190214	0.0259789	0.0490744	0.00694783	0.0109897	0.0193473	0.0125721	0.00686242	0.0331677	0.0071271	0.0254247	0.0111875	0.242754	0.048635	0.0498505	0.0187939	0.00706361
180	0.0188259	0.000314844	0.00944093	0.0512006	0.0082586	0.00583084	0.00691037	0.0143408	0.415248	0.0478711	0.0387579	0.0432419	0.00771865	0.0800048	0.132519	0.0267081	0.0439541	0.0336573	0.00245287	0.0127434
181	0.12152	0.00267883	0.0447105	0.0876092	0.00370268	0.0492728	0.00418901	0.0118507	0.165584	0.0198864	0.0139985	0.0504648	0.00508965	0.101531	0.060544	0.146822	0.104149	0.00388917	0.000716728	0.00179098
182	0.0148416	0.00105332	0.00232149	0.00651367	0.189683	0.00264385	0.00241581	0.169462	0.00863939	0.425363	0.0760445	0.00203144	0.00460481	0.004742	0.0049186	0.00774322	0.00863614	0.0517332	0.00537856	0.0112295
183	0.104998	0.00345105	0.0362643	0.235241	0.0395176	0.00666157	0.00931577	0.0164325	0.0733987	0.0640837	0.0326552	0.0134247	0.0082547	0.0205657	0.0344829	0.0194013	0.0894218	0.184517	0.00190185	0.00601131
184	0.0517377	0.00341478	0.00836882	0.0325056	0.010582	0.0067798	0.023606	0.012474	0.0598966	0.016627	0.00167099	0.00234979	0.570698	0.0569339	0.0648047	0.0377233	0.0352937	0.00300111	0.000429959	0.00110203
185	0.0713388	0.00417822	0.00531661	0.0393711	0.00708225	0.00510322	0.00297035	0.179618	0.0508769	0.0470112	0.00727288	0.00628294	0.00349981	0.0359182	0.0187916	0.018684	0.186734	0.304383	0.00110897	0.00445772
186	0.0121216	0.00277752	0.00133839	0.00648263	0.365784	0.00445498	0.0149381	0.0368666	0.00287539	0.131573	0.00407863	0.00439429	0.00304836	0.00321978	0.00356126	0.00489555	0.0155384	0.0571072	0.0412412	0.283703
187	0.0344506	0.00105697	0.238319	0.472376	0.0024539	0.00501726	0.00250942	0.00431414	0.0480037	0.00542367	0.0114607	0.00663797	0.0454918	0.00871174	0.0477668	0.0125749	0.0408161	0.00950061	0.000822185	0.00229282
188	0.0652917	0.000734891	0.0717609	0.391997	0.00123326	0.00693943	0.0107862	0.003128	0.117217	0.00469706	0.00123935	0.00970446	0.00107498	0.177159	0.0461166	0.0518919	0.0324495	0.00495681	0.000500203	0.00112148
189	0.0263886	0.00371512	0.00362576	0.00375333	0.0220088	0.00449084	0.0012397	0.267627	0.00443349	0.134284	0.0193883	0.00447611	0.0015476	0.00167893	0.00644897	0.00997425	0.0198282	0.45657	0.000232551	0.00828896
190	0.682718	0.00908543	0.00590982	0.00264363	0.00928237	0.137124	0.00114817	0.00982245	0.00253922	0.00267905	0.00461361	0.00201618	0.000895086	0.00180079	0.0139778	0.0619128	0.0192461	0.0224517	0.000379635	0.00975389
191	0.0739933	0.000751249	0.102556	0.32727	0.00147645	0.0235981	0.00767293	0.00664977	0.161348	0.00284861	0.00236112	0.0275941	0.00243616	0.099431	0.0610893	0.0260133	0.0580229	0.0132821	0.000598498	0.00100736
192	0.126913	0.000452236	0.299031	0.204819	0.00136119	0.0115839	0.0191782	0.00845367	0.0662565	0.00874666	0.00385486	0.0465671	0.0569556	0.0362962	0.0137316	0.0667134	0.0166599	0.00575924	0.000320608	0.00634555
193	0.0231507	0.000775869	0.294053	0.0174145	0.00163158	0.021629	0.0367947	0.00207651	0.0540122	0.00240236	0.0014387	0.362266	0.01804	0.0127039	0.00724871	0.107709	0.0323644	0.00279638	0.000377949	0.00111565
