291	20
1	0.180873	0.0336707	0.00221628	0.00346477	0.00221929	0.00239635	0.00129532	0.0843761	0.00143828	0.0522543	0.00465803	0.00164889	0.0297488	0.00278475	0.00229275	0.0199547	0.0620037	0.510906	0.00062805	0.00116999
2	0.0534771	0.000891094	0.00155616	0.00150146	0.375858	0.00231222	0.00132426	0.0263835	0.00270436	0.0933098	0.0781653	0.00172184	0.000780168	0.001984	0.00247091	0.00331698	0.0033724	0.126443	0.0578175	0.16461
3	0.00320861	0.000476556	0.000483864	0.000593035	0.0323199	0.00100561	0.000554676	0.255564	0.000554262	0.509308	0.00735554	0.00361077	0.000349002	0.00286102	0.0028433	0.00132237	0.00159638	0.163835	0.00909695	0.00306141
4	0.0492304	0.168135	0.00222257	0.0029295	0.0078144	0.0153948	0.00201957	0.226572	0.00218126	0.113647	0.0080385	0.0151043	0.00143449	0.00351615	0.00314021	0.00560211	0.00643277	0.326317	0.00196799	0.0382997
5	0.177934	0.00131018	0.327763	0.149051	0.00325526	0.0788241	0.0246611	0.00478738	0.00593337	0.00350742	0.00747539	0.034474	0.00106882	0.0316243	0.00652364	0.0465289	0.0759866	0.0164013	0.000748246	0.00214197
6	0.292776	0.029655	0.00418488	0.00437668	0.0704738	0.356634	0.00410292	0.00610867	0.00694586	0.00820788	0.00516177	0.00805297	0.0696164	0.00591453	0.00626265	0.0104727	0.0312881	0.00983001	0.00212894	0.067806
7	0.0620022	0.00408713	0.00126764	0.00315686	0.0105547	0.000762385	0.00088332	0.203947	0.00482666	0.0985629	0.0174801	0.00105361	0.000571535	0.00181076	0.00828015	0.00571724	0.0378695	0.5362	0.000277255	0.000688891
8	0.0148439	0.00167217	0.00772491	0.0147571	0.00563004	0.0102785	0.00835565	0.0149781	0.147054	0.039997	0.00313903	0.015837	0.00160745	0.0292282	0.64223	0.00918848	0.0155074	0.0116824	0.00417786	0.00211098
9	0.0283685	0.00270267	0.00543544	0.016345	0.00329124	0.0427997	0.0025313	0.00387284	0.00167735	0.00274707	0.00146881	0.0190912	0.013123	0.0111187	0.00247436	0.418325	0.414839	0.0083626	0.00056485	0.000860806
10	0.137758	0.0007591	0.00256699	0.00469584	0.000996207	0.00988492	0.00181428	0.016624	0.00147998	0.00269746	0.00127035	0.00174091	0.771387	0.00329258	0.00349623	0.00739252	0.0123907	0.0131581	0.000909939	0.00568549
11	0.0226643	0.00324714	0.00501878	0.00588565	0.408188	0.0087824	0.00530607	0.168124	0.00616223	0.0113705	0.0448203	0.0337979	0.00298356	0.0345371	0.0353601	0.012907	0.0100911	0.173751	0.00281664	0.00418658
12	0.279996	0.00677518	0.00162607	0.0017969	0.00336495	0.614659	0.00287182	0.00481136	0.00396622	0.0053118	0.00308562	0.00289855	0.00291254	0.00252473	0.00270087	0.0369171	0.00827473	0.0129015	0.000438915	0.00216595
13	0.0281054	0.00232847	0.0645228	0.0648065	0.263306	0.00446911	0.0832321	0.0199293	0.0223239	0.092991	0.0201116	0.00678732	0.0174714	0.0353626	0.00444859	0.0233329	0.00578258	0.00596228	0.00204146	0.232685
14	0.246809	0.0223159	0.0235304	0.00288499	0.00420431	0.33285	0.0027392	0.00501834	0.146153	0.00659618	0.00364185	0.106476	0.0231697	0.00441558	0.0219052	0.0100167	0.00726191	0.00692818	0.00153517	0.0215473
15	0.0778836	0.0033263	0.023651	0.0108575	0.00274376	0.406428	0.0116608	0.0058721	0.0978727	0.0126316	0.00807525	0.0267326	0.00708054	0.026939	0.05065	0.164199	0.0487339	0.00956401	0.00267932	0.00241883
16	0.4283	0.00716745	0.000830929	0.00578825	0.00657806	0.0861059	0.00590928	0.0315283	0.0141487	0.0320978	0.0449283	0.0016682	0.00153652	0.0224589	0.00209131	0.0873035	0.081129	0.130455	0.0092435	0.000731101
17	0.00976919	0.00541634	0.00594327	0.00718847	0.137114	0.00257706	0.0218426	0.0186346	0.00302563	0.582064	0.0494356	0.00466932	0.00204464	0.00586787	0.0023266	0.00476426	0.00315191	0.00765406	0.032079	0.0944317
18	0.407859	0.00171087	0.00216166	0.00286877	0.0020904	0.0327971	0.0157764	0.00373348	0.138993	0.00540861	0.00321742	0.00351848	0.00135432	0.00384842	0.0540202	0.251951	0.0335606	0.00588542	0.0270404	0.00220442
19	0.106619	0.00123931	0.0860782	0.019689	0.00100721	0.128508	0.0493646	0.00193786	0.0370124	0.00256937	0.00144958	0.0576762	0.100545	0.0715453	0.024776	0.222466	0.0810519	0.00489147	0.000595909	0.00097742
20	0.0516237	0.00276524	0.00111347	0.0015248	0.0311353	0.025035	0.00110896	0.230482	0.00820102	0.173277	0.0867772	0.00152786	0.0171715	0.0202219	0.00581362	0.00458118	0.0578878	0.260385	0.00684745	0.0125197
21	0.0644887	0.0039532	0.0458374	0.00921336	0.00445182	0.0273074	0.0391147	0.00797874	0.0120657	0.00876343	0.00589725	0.017938	0.0723961	0.0175099	0.310364	0.176037	0.160202	0.0107543	0.00216022	0.00356635
22	0.37672	0.00276144	0.00301191	0.00410372	0.0036388	0.0236837	0.00292886	0.00685132	0.00301598	0.00728422	0.00360541	0.00442159	0.312101	0.00480778	0.0046254	0.0252443	0.148615	0.0580927	0.00138157	0.00310608
23	0.118364	0.00107553	0.42979	0.141933	0.00409217	0.0379702	0.026999	0.00499989	0.00491583	0.00231304	0.0118745	0.0344671	0.000898082	0.052736	0.00811668	0.036774	0.0595944	0.0216571	0.0005058	0.000923447
24	0.0911693	0.00090632	0.516845	0.123032	0.00251229	0.0175958	0.0177716	0.00686483	0.00701643	0.00208362	0.00660303	0.0357967	0.000832181	0.0590502	0.0078375	0.0370793	0.0476193	0.0178137	0.000398704	0.00117172
25	0.0259634	0.00416427	0.00175438	0.00177559	0.026094	0.00703397	0.00223921	0.014044	0.00139534	0.559588	0.28356	0.0063995	0.00109424	0.00246908	0.00248565	0.0116607	0.0028408	0.0220643	0.00527829	0.0180948
26	0.39047	0.00347125	0.00342219	0.00318091	0.00251201	0.292016	0.00284205	0.064515	0.0027225	0.0982672	0.00866505	0.00622013	0.00274684	0.00582334	0.00490467	0.029772	0.0264865	0.0459546	0.00132553	0.00468239
27	0.451919	0.0062094	0.000825027	0.00427957	0.00589463	0.09003	0.00516101	0.0360485	0.0125027	0.0288959	0.0328317	0.00153135	0.00392174	0.0167108	0.00220138	0.0859991	0.0802312	0.127192	0.00694754	0.00066812
28	0.101454	0.00156513	0.00213599	0.0229297	0.00167162	0.0445194	0.136002	0.0587874	0.0192258	0.214723	0.0330708	0.0123454	0.00110334	0.0243102	0.0583835	0.0249341	0.0808333	0.148163	0.00121355	0.0126288
29	0.230972	0.059111	0.00207662	0.00372514	0.00183391	0.0040182	0.00206728	0.0589396	0.00202634	0.0804485	0.00437804	0.00259738	0.0431196	0.00296469	0.00300173	0.016537	0.0663901	0.413086	0.00110324	0.00160391
30	0.0171374	0.00505033	0.000358858	0.00209228	0.0376204	0.00273761	0.000336466	0.472903	0.000331771	0.163643	0.0593918	0.000428886	0.000787716	0.000617747	0.00101507	0.000975097	0.00285796	0.192471	0.00639462	0.0328481
31	0.129577	0.00116576	0.027401	0.0506261	0.00117588	0.00523263	0.00720051	0.00975188	0.223883	0.00372343	0.0190989	0.00814784	0.000791066	0.0370938	0.366584	0.0742136	0.0266661	0.00311483	0.000575782	0.00397643
32	0.343658	0.00152923	0.0161459	0.269623	0.00164084	0.0961679	0.012375	0.00285894	0.0452818	0.00439628	0.00211259	0.00330087	0.00138728	0.0357818	0.0138558	0.0662818	0.0368047	0.0247886	0.000767243	0.0212429
33	0.103339	0.00268496	0.000850622	0.00224165	0.0289263	0.00118062	0.00219575	0.147613	0.001796	0.254083	0.016824	0.00115205	0.000938789	0.00290387	0.00332575	0.0099158	0.0322251	0.369787	0.00561477	0.0124024
34	0.0468201	0.0105147	0.00135816	0.00170881	0.0296331	0.00682534	0.00143486	0.133672	0.0193735	0.24499	0.139821	0.00233736	0.00291418	0.0200121	0.0107783	0.0136016	0.0199757	0.29002	0.0013926	0.0028163
35	0.296646	0.00380064	0.0684619	0.196821	0.00399445	0.0208058	0.00984342	0.00150057	0.120269	0.0107967	0.00168632	0.0199155	0.000503077	0.0701613	0.0938272	0.0414359	0.0264296	0.0120107	0.000257528	0.000833513
36	0.0236324	0.000607534	0.0127894	0.0226166	0.00407337	0.00627153	0.00765427	0.0105692	0.183134	0.0330876	0.00357655	0.0099245	0.00061493	0.0261651	0.608357	0.0138069	0.0196331	0.0083689	0.00336482	0.00175236
37	0.0192364	0.00809418	0.000906727	0.0020061	0.0336278	0.00288591	0.000626116	0.481735	0.000496671	0.127916	0.0434985	0.000853837	0.000690427	0.000726973	0.00148057	0.00117024	0.00350929	0.233629	0.00604268	0.0308673
38	0.0173712	0.000697622	0.569795	0.256963	0.000883638	0.0356343	0.00910437	0.00157057	0.0123093	0.00184183	0.0013812	0.0100171	0.00468252	0.0131559	0.0143011	0.0395513	0.00216313	0.00747677	0.000404797	0.000696121
39	0.0295384	0.000708615	0.475314	0.344467	0.0011491	0.0300868	0.0105912	0.00155186	0.00946507	0.00276734	0.00200899	0.00876381	0.00364085	0.0227142	0.0121341	0.0313304	0.00502372	0.00735262	0.000368455	0.00102349
40	0.0227711	0.004247	0.000520719	0.00180162	0.013553	0.00159126	0.000403406	0.275092	0.00118062	0.190335	0.0249477	0.00323003	0.000291353	0.00131476	0.00337404	0.00244547	0.0185894	0.431603	0.00135051	0.00135803
41	0.018275	0.00559762	0.000363489	0.00224403	0.0409872	0.00235874	0.000360818	0.473417	0.000382963	0.152142	0.059831	0.000426742	0.000818522	0.000631972	0.00104506	0.000900794	0.00321895	0.193507	0.00695425	0.036537
42	0.0505138	0.000898012	0.00143854	0.00132379	0.386606	0.00226553	0.00131949	0.0313908	0.00135532	0.103731	0.0954522	0.00174718	0.000715939	0.00188223	0.00180274	0.0030498	0.00278746	0.103111	0.0554163	0.153193
43	0.256916	0.00588943	0.0022137	0.0013419	0.00271731	0.616205	0.00318747	0.00479681	0.00416257	0.00506976	0.00367687	0.002527	0.00349449	0.00350375	0.00250773	0.0575564	0.0101607	0.011752	0.000549157	0.00177165
44	0.17627	0.0994906	0.126372	0.0317912	0.00402967	0.0100455	0.103744	0.00678474	0.00470376	0.00794056	0.0310408	0.203973	0.00312212	0.0440397	0.00650083	0.0879743	0.0115914	0.0344069	0.00205743	0.00412193
45	0.483937	0.031999	0.00222245	0.00310506	0.0214329	0.0872795	0.00416743	0.0130561	0.00528936	0.0185279	0.0175279	0.00401489	0.00347231	0.00799225	0.00343638	0.0725587	0.126063	0.0765884	0.00968516	0.00764417
46	0.0618831	0.103044	0.0072723	0.00658556	0.00565116	0.0105745	0.00696225	0.00993426	0.0390041	0.0565999	0.00703281	0.396073	0.00432174	0.0757414	0.00790982	0.0797378	0.0521687	0.0147439	0.00273609	0.0520237
47	0.101495	0.00437327	0.00504448	0.0036224	0.00490743	0.392393	0.0282045	0.0436178	0.0178616	0.023972	0.0084912	0.00466505	0.109099	0.146736	0.011485	0.0706128	0.0106768	0.00845072	0.0019198	0.0023715
48	0.0632102	0.00245733	0.00964094	0.0212931	0.0139253	0.0685862	0.00543699	0.0162241	0.0106878	0.004245	0.00326301	0.042222	0.00943011	0.0240385	0.0073075	0.357716	0.316357	0.0214281	0.00102677	0.00150355
49	0.100249	0.00177936	0.00228743	0.00218847	0.00158994	0.580687	0.018631	0.00892083	0.0598662	0.0327704	0.0193754	0.00245402	0.0164247	0.0175245	0.00562611	0.117185	0.00523681	0.00491814	0.000859741	0.00142529
50	0.0985323	0.00216655	0.233495	0.279636	0.0086294	0.0247523	0.0201288	0.0082014	0.0143985	0.0119068	0.0383632	0.0433191	0.00712042	0.0689409	0.0428712	0.0329393	0.0305603	0.0228518	0.0010852	0.0101013
51	0.132325	0.00197545	0.207924	0.195695	0.00616643	0.0266843	0.0180129	0.00866191	0.0124209	0.00858559	0.0131798	0.0466632	0.00338812	0.0886182	0.0148605	0.0837804	0.0730886	0.0517086	0.00171721	0.00454395
52	0.24728	0.0487912	0.0174197	0.00766832	0.0109695	0.149774	0.0116061	0.0155286	0.0294003	0.0158332	0.0114085	0.144146	0.084923	0.0183721	0.0156444	0.10083	0.0346826	0.0220681	0.0031431	0.0105117
53	0.121231	0.0414317	0.00656701	0.0121779	0.0671108	0.0203502	0.00709336	0.150637	0.0251092	0.210625	0.0924558	0.00820792	0.00531769	0.012059	0.0922955	0.0230163	0.019562	0.0635938	0.0109766	0.0101816
54	0.0504759	0.0664577	0.307507	0.0167489	0.00922008	0.0186824	0.0158993	0.0153163	0.0120234	0.0188454	0.0120155	0.15714	0.00539956	0.0203259	0.0137361	0.0318764	0.0886044	0.0722054	0.00505004	0.0624708
55	0.0168564	0.0018824	0.000738394	0.00121478	0.0092728	0.00931237	0.000707326	0.31839	0.00298574	0.242042	0.0527761	0.00167527	0.00247719	0.004423	0.00262475	0.00618392	0.0207302	0.302529	0.0012114	0.0019671
56	0.191132	0.00646283	0.000782286	0.000902549	0.00243327	0.754531	0.00260585	0.00343082	0.00133588	0.00167691	0.001136	0.00119608	0.00075212	0.00122548	0.00113032	0.0156642	0.00415387	0.00854907	0.000389919	0.000509933
57	0.0354202	0.00493013	0.0079827	0.00942263	0.0233165	0.0275666	0.332677	0.0151549	0.0312314	0.0177695	0.0100179	0.0587703	0.00421112	0.118521	0.231398	0.0231961	0.0137328	0.0138218	0.00577647	0.0150831
58	0.0706915	0.036012	0.00165424	0.0106378	0.0899927	0.0286388	0.0199466	0.101892	0.00170192	0.0868849	0.0548741	0.0373368	0.000850971	0.0648696	0.00307958	0.0807825	0.119394	0.139647	0.00976413	0.0413488
59	0.557013	0.0070081	0.00112356	0.00120802	0.00185226	0.0527286	0.00138948	0.0333794	0.00102201	0.0111531	0.00721563	0.00257244	0.0114803	0.00125547	0.00126532	0.174921	0.0268519	0.105426	0.000314364	0.000820394
60	0.510363	0.00288402	0.00147516	0.00251039	0.00261878	0.0881235	0.00267856	0.00996743	0.00534461	0.0661595	0.0204716	0.00163578	0.00128745	0.0143724	0.00965785	0.0716398	0.0643999	0.0936331	0.0295039	0.00127357
61	0.00270055	0.000442912	0.000485253	0.000563711	0.0319479	0.000947377	0.000571821	0.243284	0.000643221	0.527448	0.00569566	0.00407182	0.000368178	0.00297909	0.00288586	0.00132087	0.00160591	0.160817	0.00915181	0.00206866
62	0.221298	0.0013731	0.0798002	0.163048	0.00149563	0.0241394	0.0168887	0.00419264	0.0979883	0.0307667	0.0047923	0.0418206	0.00500749	0.145889	0.104207	0.0281347	0.0177646	0.00818041	0.000379118	0.002835
63	0.787657	0.00850103	0.00122982	0.00129364	0.00386048	0.0482101	0.00210856	0.00372798	0.000658505	0.00920385	0.00928614	0.00642289	0.00146122	0.00108245	0.00214829	0.0662672	0.0163161	0.0290878	0.000273003	0.00120438
64	0.00212728	0.00297538	0.0386986	0.00564673	0.000415644	0.8514	0.00306642	0.000704018	0.00923463	0.000895738	0.000471503	0.0371845	0.000438834	0.0106452	0.0117341	0.0217891	0.000952162	0.00104142	0.000209775	0.000369533
65	0.00456875	0.00670892	0.0012181	0.00109799	0.100304	0.00175725	0.00621083	0.0189146	0.00120826	0.674656	0.0565757	0.00163755	0.000856247	0.00163592	0.00157954	0.00261887	0.00270673	0.00622126	0.0375589	0.0719646
66	0.0943196	0.00539599	0.081726	0.0193434	0.00416248	0.2335	0.00943703	0.0103437	0.01125	0.0139078	0.00750638	0.0150616	0.334161	0.0277011	0.0467472	0.0410209	0.0229904	0.0131045	0.00353627	0.00478479
67	0.0426786	0.00150133	0.079918	0.121202	0.0164761	0.0029118	0.0496067	0.106565	0.0425763	0.0483343	0.0189821	0.0196316	0.0182862	0.050547	0.0368584	0.021641	0.0563185	0.24306	0.00104599	0.0218582
68	0.0715233	0.00733567	0.00358913	0.00519878	0.00355292	0.00100285	0.000580261	0.116225	0.00135885	0.0305286	0.00872583	0.000732627	0.00276985	0.00432824	0.00202522	0.0114745	0.0697851	0.6584	0.000238818	0.000623879
69	0.163226	0.000557936	0.0107952	0.0218997	0.000788327	0.0723041	0.00587993	0.00115472	0.00336168	0.00661829	0.000978087	0.00355078	0.619403	0.00442195	0.0130357	0.0380421	0.0272433	0.00161662	0.00465132	0.000470637
70	0.192766	0.00650903	0.000701007	0.000780098	0.0024518	0.75604	0.0024327	0.00311012	0.000827172	0.00144306	0.000917212	0.00106462	0.000536168	0.000938535	0.00103266	0.0154805	0.00376017	0.00841619	0.000288842	0.000504349
71	0.070811	0.0380578	0.00143572	0.011203	0.0925074	0.0271183	0.0188431	0.102514	0.00151257	0.0890024	0.0520932	0.0359662	0.000809066	0.0639411	0.00208645	0.0815783	0.12031	0.14064	0.00810604	0.0414651
72	0.0915543	0.0080883	0.0314113	0.0148167	0.00449855	0.0511798	0.0372917	0.00632324	0.0208747	0.00630811	0.00607861	0.0362877	0.0126406	0.056318	0.0181546	0.344321	0.238445	0.0119288	0.00130278	0.00217621
73	0.0306657	0.00362394	0.000380638	0.0021899	0.0137453	0.00120442	0.000386592	0.250199	0.0013788	0.138147	0.0272596	0.00175612	0.000261608	0.00106495	0.00416277	0.00258125	0.0255831	0.494639	0.00027316	0.000497946
74	0.145239	0.00342678	0.285456	0.156223	0.00463544	0.0363214	0.0207162	0.00705014	0.00981635	0.00548916	0.011665	0.0760007	0.00242299	0.0485129	0.0121085	0.0600235	0.0896651	0.0211875	0.00141288	0.00262763
75	0.0842437	0.0113628	0.00887269	0.0107418	0.00392015	0.0455336	0.0166463	0.0109477	0.056892	0.0232579	0.00756239	0.187086	0.00396461	0.0182249	0.36755	0.0767448	0.0180265	0.0390012	0.00396191	0.00545934
76	0.0676354	0.00333698	0.0131256	0.00581944	0.00757994	0.00619651	0.0513097	0.136536	0.0261724	0.0962381	0.0530488	0.0448742	0.0021047	0.139092	0.10922	0.0187786	0.0427162	0.0619922	0.0608214	0.0534011
77	0.0492874	0.555068	0.00868808	0.00579276	0.0186346	0.0218255	0.00595622	0.0154726	0.00646134	0.0287873	0.00874339	0.0114386	0.00346486	0.010006	0.00889477	0.0495616	0.0586647	0.124183	0.00339795	0.00567182
78	0.520482	0.00480656	0.00363866	0.00203382	0.00427423	0.175228	0.00319506	0.011499	0.00313346	0.00925255	0.00546672	0.0128174	0.0212444	0.00419199	0.00396641	0.144975	0.0243175	0.0425478	0.000545865	0.00238341
79	0.0859916	0.00287751	0.0189774	0.0132039	0.00431123	0.157958	0.00776363	0.00575346	0.0124024	0.00610527	0.00423316	0.0236276	0.014438	0.0155715	0.00837589	0.395056	0.208062	0.00997567	0.00167095	0.00364497
80	0.166343	0.00197936	0.0129434	0.00235717	0.00219573	0.454724	0.00746794	0.00390208	0.0211692	0.0118329	0.00796796	0.00353164	0.00663116	0.0074442	0.00453808	0.246929	0.0256415	0.00540665	0.000822608	0.00617273
81	0.0460984	0.0014089	0.00135046	0.00173172	0.00547502	0.0119769	0.00163278	0.0143378	0.00171279	0.436177	0.39791	0.00922515	0.00110643	0.00307386	0.00268193	0.0197329	0.0033974	0.0342578	0.000702804	0.00600999
82	0.116576	0.00205757	0.195218	0.205462	0.00351793	0.0313895	0.0143758	0.00565013	0.00978146	0.00430265	0.00865296	0.0917054	0.0022473	0.0797892	0.011029	0.109617	0.0840588	0.0215759	0.000931985	0.0020617
83	0.469389	0.0190955	0.0035876	0.00505591	0.00787107	0.0259318	0.00372392	0.00602624	0.00385842	0.00744129	0.00624456	0.00925037	0.00413722	0.00844041	0.00405998	0.226351	0.169628	0.0175122	0.00123673	0.00115832
84	0.0384317	0.00423841	0.00041402	0.00255023	0.0152485	0.00089065	0.000355701	0.245274	0.00174982	0.126451	0.0234834	0.00154506	0.000250543	0.00106348	0.00478907	0.00266282	0.0278078	0.501942	0.000342535	0.000509214
85	0.760775	0.0113692	0.000956446	0.0013022	0.0042292	0.0648	0.00214986	0.00458392	0.000538767	0.0163281	0.0126372	0.00431735	0.000769464	0.00116426	0.00351172	0.0498707	0.0158445	0.0415182	0.00183022	0.0015032
86	0.528895	0.0062727	0.011425	0.00200685	0.0188573	0.0816277	0.00971997	0.00779308	0.00183571	0.00721285	0.0137688	0.0168445	0.0111343	0.00289067	0.00308993	0.164983	0.046547	0.0549074	0.00074417	0.00944376
87	0.197638	0.00227219	0.00683544	0.0413242	0.00155472	0.0744927	0.035179	0.0165247	0.0506941	0.0356448	0.0447434	0.0395223	0.00183609	0.0981339	0.211238	0.077223	0.0326211	0.014101	0.0162594	0.00216217
88	0.289554	0.032537	0.00236617	0.0035087	0.00209432	0.0659658	0.00358337	0.00388188	0.00372599	0.0187552	0.0959188	0.00391707	0.001414	0.162443	0.0584834	0.191985	0.0517072	0.00492956	0.00111115	0.0021184
89	0.0244772	0.00328056	0.00109647	0.00214895	0.0115033	0.00186325	0.000666719	0.315046	0.00124968	0.155692	0.0253084	0.00188364	0.000310712	0.00103124	0.00400918	0.00254241	0.0219955	0.422441	0.000510265	0.00294265
90	0.225723	0.00178462	0.00269797	0.0373656	0.00159252	0.0722958	0.0123071	0.0342833	0.0929798	0.0265001	0.0608685	0.0263697	0.00104579	0.0885289	0.186008	0.0545537	0.0338591	0.0169653	0.0229683	0.00130344
91	0.195754	0.0945925	0.00159911	0.0020302	0.0197941	0.0327621	0.00156357	0.00312048	0.00173292	0.0792087	0.0205493	0.0115813	0.00102274	0.00276468	0.00201948	0.235808	0.171957	0.120247	0.000710388	0.00118192
92	0.00246126	0.00313375	0.0396334	0.00562611	0.000512988	0.847144	0.00317702	0.000743296	0.00934785	0.000926776	0.000527735	0.0389349	0.000439521	0.0106668	0.011731	0.0219785	0.000995336	0.00129775	0.000216654	0.000504875
93	0.137201	0.0011274	0.268607	0.224218	0.00928883	0.0307121	0.0281631	0.00487206	0.00500925	0.00790079	0.0345977	0.0377181	0.00207158	0.0739389	0.0230603	0.0347924	0.0441614	0.0264893	0.000485672	0.00558423
94	0.372171	0.00691332	0.0133825	0.00231958	0.00209435	0.194854	0.00309225	0.0346309	0.0023318	0.0718199	0.0560481	0.0370545	0.00139143	0.0281286	0.013972	0.0346084	0.0574761	0.0332985	0.000973836	0.0334381
95	0.016419	0.000724768	0.579231	0.235544	0.000871543	0.0330069	0.00911879	0.00150364	0.0146189	0.00162904	0.00139111	0.0122037	0.00538549	0.0186048	0.016905	0.0423746	0.00298207	0.00646535	0.000351236	0.000669502
96	0.0370894	0.00430575	0.000370921	0.00249487	0.0163835	0.000987382	0.000367328	0.250829	0.00171424	0.130883	0.0249958	0.00156536	0.000320762	0.00112307	0.00484883	0.00256301	0.0264137	0.491041	0.000514786	0.00118781
97	0.104088	0.0192994	0.00259101	0.00331544	0.103996	0.00512016	0.00252634	0.150572	0.0027154	0.038791	0.0516027	0.00384735	0.00193844	0.00581538	0.00412022	0.02599	0.0378343	0.317668	0.00119223	0.116977
98	0.00492976	0.00048579	0.00072232	0.000934602	0.00132493	0.00310957	0.00057947	0.379578	0.000628166	0.27798	0.0356606	0.00143107	0.000320159	0.00138125	0.00127778	0.00338536	0.00692649	0.278276	0.000297919	0.000770761
99	0.512478	0.00518042	0.0014059	0.00174164	0.00261186	0.0583106	0.00249279	0.0383165	0.00266735	0.0122478	0.00903632	0.00234457	0.0118452	0.00412013	0.00249582	0.148919	0.0398929	0.141203	0.00103535	0.00165518
100	0.259129	0.0177394	0.00249654	0.00295135	0.00402885	0.544347	0.00464611	0.0223119	0.00460406	0.0119572	0.00809922	0.00510849	0.00665263	0.00717089	0.00476574	0.0495591	0.0158805	0.0247038	0.00128322	0.00256516
101	0.0880559	0.00465968	0.0200253	0.00332808	0.00160326	0.803748	0.00320304	0.00245417	0.00664284	0.00232128	0.00117311	0.0189911	0.000863003	0.00634043	0.00656911	0.0210657	0.00296642	0.00503142	0.000338068	0.000620092
102	0.103284	0.0157007	0.00300682	0.00952513	0.00344152	0.00247479	0.00101072	0.100621	0.00164187	0.0332817	0.0129966	0.00148751	0.00640501	0.00412723	0.00262765	0.0136903	0.0766703	0.606636	0.000505541	0.000865929
103	0.0605859	0.000882264	0.215353	0.553005	0.0024177	0.0132304	0.00705505	0.00206117	0.00476724	0.00405519	0.00446957	0.0097489	0.00307118	0.06759	0.0110069	0.0164838	0.0132309	0.00794625	0.000556523	0.00248258
104	0.0680279	0.00616665	0.0715368	0.0180199	0.00410138	0.117625	0.112962	0.00707286	0.0255898	0.00831713	0.00723543	0.0899241	0.0260898	0.0653085	0.0273842	0.213491	0.0913672	0.0337528	0.002028	0.00399985
105	0.0698364	0.0114628	0.0127727	0.024663	0.0188608	0.0302599	0.0143662	0.0440139	0.0166205	0.0747459	0.29777	0.0240357	0.00829895	0.118764	0.0244244	0.0345003	0.0406142	0.115942	0.00788022	0.0101686
106	0.0237848	0.00185023	0.00445059	0.0178281	0.00337655	0.0477049	0.00239069	0.00415276	0.00156248	0.00244992	0.00147789	0.0184184	0.0127046	0.0132874	0.00184356	0.411352	0.422393	0.00752441	0.000596771	0.000850136
107	0.0566481	0.00292931	0.0139204	0.0159006	0.00775495	0.0547728	0.173882	0.00817277	0.0547054	0.011931	0.00857167	0.0739101	0.00228245	0.0756586	0.349029	0.0413564	0.0100968	0.0105236	0.00273241	0.0252212
108	0.351038	0.0109729	0.00139649	0.00565232	0.0239893	0.0694464	0.0183916	0.0440924	0.0107201	0.032837	0.0486574	0.00701367	0.00198271	0.0287174	0.00237643	0.0802603	0.0931287	0.156252	0.00546964	0.00760451
109	0.251967	0.00498875	0.0196334	0.0032221	0.0206065	0.101037	0.00482766	0.0369315	0.00311084	0.0211452	0.0242203	0.0611381	0.0830934	0.00537839	0.00395502	0.193081	0.109167	0.0474391	0.0013339	0.00372319
110	0.0419667	0.00232412	0.00202824	0.00248187	0.0139704	0.0110765	0.00309895	0.0191056	0.00271733	0.457154	0.34795	0.0157343	0.00168636	0.00454858	0.00399349	0.0178875	0.00533017	0.0333161	0.00338756	0.0102419
111	0.0896579	0.00424888	0.00682738	0.00540126	0.00600187	0.38752	0.0135396	0.100376	0.0135993	0.0760589	0.0128555	0.00685741	0.113014	0.0736216	0.0122358	0.0413855	0.0141961	0.0167819	0.0022088	0.0036128
112	0.0323476	0.00219458	0.0172591	0.184395	0.00211516	0.0193699	0.00372691	0.053058	0.0573953	0.0310052	0.129599	0.0858782	0.00177201	0.173336	0.0592541	0.0403771	0.0332169	0.0696981	0.0013778	0.00262483
113	0.240518	0.0564859	0.00365953	0.00515355	0.0151162	0.0199215	0.00526279	0.00900545	0.00417603	0.017361	0.0123381	0.00783833	0.00353785	0.0154998	0.00572794	0.251589	0.284566	0.0361409	0.00236432	0.00373691
114	0.807448	0.00688538	0.000996939	0.00131774	0.0026703	0.0534955	0.00184057	0.00279562	0.000829813	0.00874923	0.00777316	0.00688234	0.00129789	0.00161318	0.0030773	0.0538188	0.0149832	0.0220443	0.00023458	0.00124576
115	0.0700073	0.000736332	0.109767	0.660991	0.00168899	0.00286005	0.00368614	0.00173624	0.00140033	0.00311877	0.00264504	0.00828947	0.000712616	0.0915576	0.00826556	0.0083326	0.0139403	0.00823801	0.000550875	0.00147645
116	0.0520463	0.0028212	0.0106055	0.132106	0.002674	0.0161863	0.0053613	0.0776282	0.0672637	0.0402932	0.100821	0.150657	0.00226801	0.108569	0.106545	0.025761	0.0554824	0.0366833	0.00321774	0.00300916
117	0.00226742	0.000339034	0.000506569	0.00054402	0.0234753	0.00104775	0.000525448	0.254292	0.000559952	0.503496	0.00917531	0.0032984	0.000335437	0.00267128	0.00260412	0.00152548	0.00203097	0.182829	0.00702043	0.00145636
118	0.653502	0.00573672	0.00276941	0.00359816	0.00448256	0.0749954	0.0241601	0.00661587	0.00305394	0.0124728	0.00826139	0.00498357	0.00212763	0.00555671	0.0386635	0.0532837	0.0165357	0.073368	0.00316674	0.00266651
119	0.0650785	0.00131604	0.0620889	0.0216714	0.00121818	0.364342	0.0203242	0.00232793	0.0735832	0.0027406	0.0017892	0.0904353	0.000859215	0.141486	0.0480185	0.0575003	0.0399923	0.00337173	0.000613973	0.00124175
120	0.0142017	0.00568174	0.00105595	0.00113243	0.00106471	0.00671415	0.00103136	0.794143	0.00132101	0.0208251	0.00116015	0.00147362	0.000600925	0.00186304	0.00169764	0.00266742	0.00251145	0.139199	0.000465331	0.00118999
121	0.0296078	0.00148547	0.00717922	0.0184418	0.00266913	0.0487015	0.001621	0.00341765	0.000947635	0.00214607	0.00127617	0.0259557	0.0220564	0.00780083	0.00181503	0.496479	0.320398	0.00678439	0.000499771	0.000718085
122	0.0106137	0.000689062	0.00736337	0.0144931	0.00460057	0.00628059	0.00437307	0.0130496	0.170827	0.0417136	0.00207943	0.011315	0.00265166	0.0279197	0.649338	0.00707152	0.0124439	0.00863121	0.00350541	0.00103988
123	0.0781728	0.000742427	0.107311	0.658122	0.00121819	0.00257427	0.0027485	0.00163717	0.00113966	0.00272732	0.00205761	0.0070658	0.000597337	0.0941589	0.00802424	0.00834675	0.013102	0.00867125	0.000518098	0.00106462
124	0.203719	0.00130112	0.124451	0.243072	0.00323283	0.016979	0.0141384	0.0124584	0.0315073	0.0264098	0.0305484	0.0186586	0.00150512	0.136806	0.0748878	0.0250485	0.0209278	0.00923691	0.000863282	0.00424848
125	0.247111	0.0677273	0.00323058	0.00385197	0.00463584	0.0331444	0.00449717	0.00501048	0.00323776	0.0135851	0.0771411	0.00456585	0.00194111	0.160626	0.0291827	0.227979	0.100093	0.00848857	0.00156182	0.00238895
126	0.0474545	0.00192299	0.643312	0.1164	0.00160118	0.0225988	0.00805227	0.00407752	0.00776285	0.0040685	0.00271515	0.018446	0.00355853	0.0511454	0.0112839	0.0254567	0.0188981	0.00891746	0.00074189	0.00158634
127	0.447054	0.00127016	0.0268201	0.118527	0.00127985	0.00842468	0.00585543	0.00135358	0.0842174	0.0405721	0.00105107	0.00787986	0.000513825	0.0350369	0.142428	0.0205921	0.0302114	0.0259392	0.000290774	0.000681864
128	0.0500113	0.000861279	0.00147283	0.00142171	0.391454	0.00222892	0.00133333	0.0305947	0.00137593	0.101747	0.0944744	0.00174506	0.000739315	0.00183897	0.00186903	0.00306256	0.00286006	0.10226	0.0538174	0.154832
129	0.683438	0.0032998	0.00178097	0.00365161	0.00174751	0.126515	0.00129583	0.0022702	0.00309637	0.0068503	0.00663698	0.00446151	0.00533887	0.00829674	0.00964466	0.103977	0.0129882	0.012994	0.000372097	0.00134405
130	0.1854	0.000841081	0.00084574	0.00123111	0.0434733	0.00154877	0.00645747	0.0561483	0.00111263	0.393495	0.0207573	0.00125332	0.000678322	0.00690247	0.00153233	0.00790561	0.016454	0.201782	0.013627	0.0385539
131	0.197928	0.00105787	0.010015	0.0510225	0.00149615	0.0404485	0.0256807	0.00581485	0.0126676	0.0269374	0.0175576	0.0652579	0.000860643	0.0636917	0.367766	0.0337266	0.0253664	0.0215302	0.0295299	0.00164434
132	0.164118	0.0767049	0.00585732	0.00778635	0.0127086	0.0204379	0.00795122	0.010214	0.00648017	0.0203265	0.0130813	0.0128059	0.00568297	0.0177921	0.00794191	0.391779	0.177773	0.0335823	0.00294415	0.00403224
133	0.0308759	0.00476393	0.00834388	0.00761344	0.0388081	0.0171521	0.448511	0.0103921	0.00985946	0.0160344	0.0111932	0.0767093	0.0042349	0.142258	0.100988	0.0174738	0.0124688	0.0139173	0.0133416	0.0150616
134	0.167587	0.000803512	0.0424055	0.162387	0.000976608	0.00300963	0.0264797	0.00893374	0.0813618	0.0387277	0.0103962	0.0449252	0.00313961	0.23842	0.117976	0.019467	0.0184078	0.00791846	0.000504057	0.00617362
135	0.00577246	0.000622015	0.00585666	0.0104979	0.00415639	0.005929	0.00366999	0.0115972	0.197667	0.0523503	0.00147178	0.0154293	0.00150339	0.0242463	0.634373	0.00400653	0.00953231	0.00750563	0.0026243	0.00118803
136	0.405684	0.0391656	0.00318028	0.0028875	0.052554	0.00824553	0.00302502	0.00491731	0.00297464	0.0221532	0.00406455	0.00356373	0.00191536	0.00437133	0.00421602	0.0253858	0.193679	0.0749708	0.0834464	0.0596005
137	0.305926	0.0134909	0.0258062	0.0579201	0.0134464	0.0572608	0.0416729	0.0545046	0.0491045	0.08751	0.00311202	0.015536	0.00156104	0.0516642	0.00413076	0.0291575	0.0416201	0.0955049	0.0253379	0.0257327
138	0.438616	0.00134486	0.0329631	0.116149	0.001427	0.00826402	0.00672874	0.0012554	0.0907235	0.0349145	0.0009695	0.00732021	0.000466456	0.0369598	0.142235	0.0226996	0.0294859	0.0265275	0.000282751	0.000666864
139	0.612797	0.0134624	0.00284507	0.00307973	0.00232713	0.0304698	0.001818	0.00554709	0.00443531	0.00490881	0.00442606	0.00346273	0.00234982	0.00400806	0.00416476	0.260536	0.0188121	0.0180745	0.00122542	0.00125058
140	0.0776063	0.00204807	0.0163098	0.00370054	0.00261076	0.00463265	0.0479084	0.156254	0.0301894	0.0946618	0.0332533	0.0296043	0.00159315	0.132656	0.108314	0.019652	0.0506339	0.0761296	0.0640827	0.0481591
141	0.191808	0.000575036	0.209698	0.166405	0.000650963	0.0904979	0.00813442	0.00119453	0.0626526	0.0174059	0.00107882	0.0482118	0.0139792	0.0795451	0.0562591	0.0454484	0.00381616	0.00175438	0.00029078	0.000594415
142	0.0344239	0.00239847	0.0610939	0.569945	0.0227048	0.00990084	0.0404698	0.00516201	0.00359409	0.0269276	0.0273608	0.00931174	0.00352114	0.0598736	0.0277116	0.0116432	0.0475718	0.0112311	0.00137233	0.0237819
143	0.0505817	0.00634958	0.00108827	0.00148966	0.0177146	0.0163685	0.00118033	0.25955	0.00385368	0.25994	0.0795114	0.00160103	0.00902428	0.0105679	0.00385053	0.0061303	0.065019	0.195501	0.00409313	0.00658517
144	0.0681285	0.00613326	0.00251169	0.00530463	0.00590618	0.000793911	0.000527095	0.138036	0.00195387	0.0491142	0.0121815	0.000718539	0.00189821	0.00324471	0.00303261	0.0106866	0.0651733	0.623917	0.000199846	0.000538498
145	0.168141	0.000449534	0.0111436	0.0306121	0.000711233	0.0564977	0.00720243	0.000951994	0.00453844	0.00812287	0.000884103	0.00496947	0.618145	0.00576966	0.0137045	0.0371678	0.0261184	0.00146867	0.0029149	0.000487098
146	0.0321784	0.00383405	0.000533091	0.0023438	0.0153174	0.00112535	0.000375215	0.251877	0.0014296	0.12858	0.0287801	0.00163332	0.000278047	0.00114707	0.00410803	0.00263989	0.0264646	0.494966	0.000448295	0.00194154
147	0.0849189	0.00118918	0.0496277	0.0641913	0.0233404	0.00273754	0.0694982	0.0193083	0.0838689	0.0111994	0.00194403	0.00205274	0.000996736	0.112683	0.161884	0.0346936	0.192462	0.0676479	0.000701488	0.0150543
148	0.0439109	0.00280627	0.63006	0.119392	0.00200118	0.0321008	0.00780451	0.00406693	0.00843422	0.0043456	0.00307086	0.020144	0.0028464	0.0486401	0.0112651	0.0264019	0.0190244	0.0100096	0.00130114	0.0023738
149	0.0675845	0.00116489	0.111762	0.60117	0.00492544	0.00731611	0.0097548	0.00305284	0.00578049	0.00768648	0.00836177	0.0122491	0.00151403	0.0851066	0.0130336	0.0152224	0.0282596	0.0105875	0.00085744	0.00460969
150	0.110753	0.0299133	0.00548978	0.0053274	0.05943	0.18783	0.057978	0.0100928	0.0049033	0.0417973	0.00708199	0.00787325	0.0887094	0.0854759	0.00781584	0.0942588	0.0925515	0.0693714	0.0294543	0.00389307
151	0.0468003	0.00284878	0.000814764	0.00140842	0.0384119	0.0271299	0.000841833	0.301815	0.00473412	0.182961	0.0974992	0.0010794	0.0261635	0.0145017	0.00659039	0.00292058	0.0368559	0.177206	0.010261	0.0191559
152	0.013228	0.00180725	0.00643546	0.0123782	0.00483292	0.0164813	0.00427875	0.0150922	0.158173	0.0593181	0.00422811	0.0150114	0.000669047	0.0269478	0.624551	0.00789455	0.0126438	0.0109221	0.00344443	0.00166251
153	0.176518	0.00042368	0.0145096	0.0251966	0.000653136	0.0589028	0.00734695	0.00102192	0.00368145	0.00826381	0.00103385	0.00380843	0.609017	0.00490155	0.0195991	0.0348464	0.0255249	0.00139585	0.00295097	0.000403943
154	0.175541	0.00133214	0.0554193	0.00172798	0.00154182	0.0953968	0.00176484	0.0304531	0.195622	0.0127437	0.0213496	0.0024218	0.000878001	0.0721474	0.0218792	0.0913193	0.158659	0.0574616	0.000753172	0.00158719
155	0.0227729	0.00670376	0.00120587	0.0014355	0.0355417	0.00580196	0.00183657	0.0219162	0.00201501	0.600814	0.225554	0.00502046	0.000989767	0.00318261	0.00297719	0.00952428	0.00343939	0.0321224	0.00428984	0.0128564
156	0.640413	0.000858954	0.00108421	0.00780365	0.000986716	0.144813	0.00128446	0.0019049	0.00717843	0.00465881	0.008513	0.00241496	0.00416855	0.0216828	0.0232751	0.111607	0.0118617	0.00412679	0.000552603	0.000811179
157	0.163379	0.00132326	0.00165895	0.019184	0.00123237	0.125614	0.00172822	0.003352	0.319812	0.0123829	0.00353137	0.0263196	0.00084671	0.0438849	0.163042	0.0627293	0.0443808	0.00328631	0.00119847	0.00111371
158	0.0388858	0.00241108	0.00132948	0.00169077	0.0103634	0.0102219	0.00163032	0.0145109	0.0018737	0.481289	0.361275	0.00828351	0.00114956	0.00308452	0.0026272	0.0167502	0.00345285	0.0303079	0.00130306	0.00755908
159	0.0173826	0.00128373	0.00173408	0.0019302	0.00164851	0.0136689	0.00169976	0.00271313	0.491086	0.00400992	0.00214449	0.0025237	0.103545	0.00277692	0.308019	0.0238098	0.0138345	0.00414586	0.000877487	0.00116626
160	0.106519	0.00195289	0.00214061	0.00222018	0.00166046	0.571083	0.0173673	0.00976154	0.0579138	0.0323682	0.0170218	0.00300673	0.0228686	0.0210751	0.00586456	0.114306	0.00542489	0.00514622	0.000829932	0.00147013
161	0.0321123	0.00269061	0.00285882	0.00338873	0.018788	0.0065895	0.0196983	0.102503	0.0366095	0.00618718	0.00334628	0.0527751	0.00175031	0.0050806	0.0216908	0.242176	0.338457	0.0996435	0.00117539	0.00247957
162	0.0164715	0.00626143	0.00125101	0.00130151	0.00409523	0.00634187	0.00102343	0.704062	0.00126801	0.0300817	0.0044084	0.00140188	0.000561662	0.0020769	0.00191323	0.00263802	0.00463095	0.205797	0.000989301	0.00342568
163	0.0405693	0.00538489	0.00636907	0.0157285	0.00458574	0.0431052	0.00340349	0.00707735	0.00409699	0.00364587	0.00197613	0.0228293	0.0121654	0.0124248	0.00385433	0.401636	0.393119	0.0161964	0.000618122	0.00121435
164	0.353814	0.0116818	0.00852875	0.009845	0.0140478	0.0505647	0.00793541	0.0938742	0.00905036	0.0890104	0.021846	0.013684	0.0822091	0.0198964	0.0155545	0.0585105	0.0407154	0.0851492	0.00561594	0.00846678
165	0.305006	0.0122628	0.00297174	0.00362846	0.03044	0.507662	0.00394198	0.00632063	0.00655646	0.00892173	0.0052853	0.00720692	0.0169378	0.00423062	0.00447484	0.0217859	0.0174998	0.0156877	0.00168158	0.0174986
166	0.0325804	0.00199037	0.0069321	0.0149996	0.00460626	0.0442074	0.0046319	0.00799018	0.00480381	0.00292941	0.00177216	0.0865996	0.0133991	0.0110537	0.00455226	0.415486	0.325218	0.0147609	0.000571244	0.000915704
167	0.441998	0.0227156	0.00227895	0.00292769	0.00292146	0.0081112	0.00182501	0.00326484	0.00186664	0.00377913	0.00336178	0.0024127	0.00128639	0.00292658	0.00306636	0.477421	0.00887614	0.00679736	0.000832992	0.00133023
168	0.348473	0.0647989	0.00256252	0.00454472	0.00438681	0.0093728	0.00261682	0.00472264	0.00290836	0.00528873	0.00690398	0.00360701	0.00182989	0.00584264	0.00404496	0.489988	0.0245056	0.0102821	0.0011494	0.00217063
169	0.107842	0.00446101	0.0151549	0.00816998	0.00396508	0.21088	0.0135188	0.0238408	0.00817641	0.0140305	0.00503812	0.0099322	0.293336	0.122615	0.0343146	0.092985	0.0162104	0.0103533	0.00232367	0.0028514
170	0.00434825	0.000738719	0.000734516	0.00114323	0.0212947	0.00176809	0.00104237	0.272406	0.00131008	0.491949	0.0101318	0.00322546	0.000471793	0.0114406	0.00636882	0.0024384	0.00270322	0.158392	0.00664401	0.0014484
171	0.0334341	0.00209552	0.00991013	0.0141205	0.00488316	0.0529349	0.00581132	0.00824787	0.00676246	0.00390545	0.00219899	0.129283	0.0119334	0.0128047	0.00626654	0.390994	0.281642	0.0204301	0.0010406	0.00130196
172	0.0569827	0.00136392	0.643995	0.0979438	0.00154369	0.0127244	0.00829314	0.00533851	0.00624006	0.00282632	0.00337902	0.021145	0.00173069	0.071552	0.0106591	0.022147	0.0215985	0.00853777	0.000639571	0.00135994
173	0.201094	0.00627727	0.000799155	0.00100336	0.00273603	0.735166	0.00279597	0.00330479	0.00206958	0.00274108	0.00148702	0.00162743	0.00132098	0.00144286	0.00149878	0.0200718	0.00459677	0.00839388	0.000398157	0.00117436
174	0.66668	0.00463502	0.00396688	0.00264437	0.00238726	0.11548	0.00255793	0.00504808	0.00346052	0.00751678	0.00663029	0.00555921	0.00510679	0.0065958	0.00608452	0.114165	0.0198135	0.0191425	0.00057986	0.00194554
175	0.697806	0.0412694	0.00156628	0.00527068	0.00343321	0.0293332	0.00182637	0.00463493	0.00109592	0.00616166	0.0100221	0.00326973	0.00129463	0.0016648	0.00200718	0.143206	0.0154951	0.0288767	0.000425036	0.00134107
176	0.747764	0.0190087	0.00104829	0.00194862	0.00575798	0.0590455	0.00211618	0.00734051	0.000952747	0.0136365	0.0151573	0.00379087	0.000983849	0.00144125	0.0027454	0.0562285	0.0154865	0.0433237	0.000519143	0.0017044
177	0.183431	0.0304499	0.00127692	0.00217426	0.00299541	0.00269538	0.00127993	0.0724851	0.00236501	0.168572	0.156251	0.0091918	0.000769236	0.00322868	0.00225623	0.0497122	0.0691488	0.240092	0.000505898	0.00111839
178	0.00211335	0.000337383	0.000480943	0.000524733	0.0282962	0.000882867	0.000565959	0.242077	0.000558973	0.537166	0.00520285	0.00358983	0.000352074	0.00311986	0.00298929	0.00131228	0.00146524	0.15888	0.00844263	0.00164233
179	0.00687338	0.000925214	0.000618812	0.0011283	0.00283181	0.00260586	0.000513696	0.346344	0.000662152	0.265132	0.0339944	0.00160506	0.000332379	0.00133041	0.00147978	0.002838	0.00793558	0.322044	0.000288787	0.000516212
180	0.385779	0.00628664	0.00134944	0.00442613	0.00819513	0.0944205	0.00722599	0.0257402	0.011765	0.0253476	0.068111	0.00260762	0.00158526	0.019247	0.00250639	0.0714697	0.109605	0.145936	0.00619386	0.00220266
181	0.0866767	0.00118507	0.0743612	0.0191215	0.0016531	0.106007	0.0218133	0.00245872	0.034107	0.00298081	0.00166273	0.0496733	0.0159219	0.0370203	0.0338376	0.363394	0.138859	0.00745476	0.000586154	0.00122578
182	0.0565885	0.00207719	0.00530836	0.0324946	0.0843837	0.00432784	0.207453	0.0188605	0.00339888	0.221985	0.0185952	0.0749732	0.00208722	0.0345104	0.0176777	0.00624556	0.00602591	0.00516933	0.0149891	0.182849
183	0.00212728	0.00297538	0.0386986	0.00564673	0.000415644	0.8514	0.00306642	0.000704018	0.00923463	0.000895738	0.000471503	0.0371845	0.000438834	0.0106452	0.0117341	0.0217891	0.000952162	0.00104142	0.000209775	0.000369533
184	0.0418766	0.00287467	0.00107312	0.0201539	0.0312163	0.0250306	0.00127918	0.175691	0.0551803	0.330371	0.117374	0.00148274	0.000850348	0.00216702	0.0838629	0.0155873	0.00933268	0.0549895	0.0221294	0.00747693
185	0.060637	0.00134328	0.0310868	0.114352	0.00151379	0.00304049	0.00179323	0.0029399	0.226792	0.0131389	0.00200957	0.0216126	0.0242172	0.0510628	0.0649969	0.0338931	0.310054	0.0334754	0.000812777	0.00122809
186	0.135073	0.00120515	0.00131077	0.00147998	0.00136684	0.00275066	0.00134978	0.0254529	0.00151749	0.00271098	0.00185356	0.0018461	0.765553	0.00426006	0.00255979	0.00385747	0.0149275	0.0215075	0.000707387	0.00870929
187	0.0412845	0.00280147	0.00106831	0.0203184	0.0305851	0.0250345	0.00116851	0.175667	0.056005	0.330451	0.118488	0.00145489	0.000672927	0.00193821	0.0849989	0.0153953	0.00907096	0.0535995	0.0227806	0.007217
188	0.394458	0.0177724	0.00612255	0.00215021	0.00458359	0.204095	0.00402603	0.0278675	0.00218311	0.0653328	0.0607581	0.0166164	0.00210325	0.0152718	0.0064054	0.0238022	0.0641818	0.056502	0.00128506	0.0244822
189	0.00748325	0.00115712	0.00538532	0.0263118	0.0124523	0.0115005	0.00382024	0.0142188	0.182586	0.0257931	0.001684	0.00660577	0.000652669	0.0353525	0.594335	0.010347	0.0266937	0.0193364	0.013065	0.00121993
