245	20
1	0.0375357	0.00454617	0.0403012	0.0332208	0.0248472	0.0117502	0.00391415	0.0466743	0.0296785	0.0374135	0.0573742	0.00476453	0.00406473	0.0144446	0.0419264	0.244894	0.158394	0.187946	0.00875757	0.00755134
2	0.06183	0.0289979	0.0897877	0.132034	0.0210495	0.0489109	0.0370814	0.0174239	0.0795669	0.0299934	0.0117608	0.0412614	0.0823235	0.0279924	0.0601207	0.0797313	0.0576743	0.0199453	0.0114862	0.0610279
3	0.00400011	0.005702	0.136833	0.0499544	0.00299857	0.00276443	0.0500798	0.0205054	0.0548662	0.0132715	0.0111256	0.138059	0.00127903	0.0588704	0.0512732	0.126298	0.263641	0.00493909	0.00187113	0.00166895
4	0.0113115	0.00132924	0.424748	0.27904	0.00234206	0.00216387	0.0114307	0.00285762	0.0403278	0.0251088	0.0100706	0.030932	0.0308872	0.0314249	0.0295297	0.0171989	0.0187449	0.0205128	0.00296157	0.00707851
5	0.0870972	0.00283238	0.0295695	0.462399	0.00431694	0.00358151	0.0186027	0.0328464	0.0276856	0.0415127	0.00412511	0.022586	0.0034367	0.160126	0.0368097	0.00851673	0.021087	0.0253053	0.00187901	0.0056849
6	0.0728392	0.013026	0.0363131	0.0513425	0.0174727	0.0241113	0.0166776	0.0202657	0.0533485	0.053131	0.0131167	0.0471843	0.308031	0.0365087	0.0560643	0.0771875	0.0322687	0.0305347	0.00848926	0.0320877
7	0.00689896	0.00494671	0.000468452	0.000622607	0.00188998	0.0013231	0.917066	0.00212897	0.000621979	0.00291115	0.00177149	0.0119672	0.000751605	0.0167302	0.00277884	0.0018297	0.00607266	0.00768501	0.000864773	0.0106709
8	0.190185	0.00687801	0.00403661	0.00566595	0.0291243	0.0747692	0.0254652	0.0105713	0.0598669	0.0196933	0.0326582	0.0310081	0.0257811	0.00505466	0.110801	0.0952753	0.158333	0.0809312	0.0273577	0.0065444
9	0.0419252	0.00262637	0.0528604	0.0509194	0.00854516	0.0235705	0.00210981	0.0814324	0.0369567	0.0478085	0.0126827	0.0113642	0.00207384	0.0553329	0.0500741	0.208371	0.190862	0.069545	0.0221936	0.0287463
10	0.045035	0.0168515	0.026695	0.0315743	0.0331624	0.0364877	0.019508	0.0401691	0.124059	0.0576987	0.0309681	0.0279695	0.0142697	0.025404	0.217888	0.0470686	0.0518514	0.11135	0.0130364	0.0289544
11	0.0190844	0.00284305	0.020581	0.0266932	0.0088445	0.0102557	0.0248684	0.0439357	0.276261	0.0430647	0.0179848	0.0332004	0.00960628	0.0215929	0.282155	0.0346468	0.0241087	0.0672677	0.00530284	0.027703
12	0.0121549	0.000916008	0.015041	0.022614	0.00751012	0.00461737	0.0288027	0.0121413	0.342346	0.0185753	0.00413076	0.0449042	0.00601506	0.0233798	0.361509	0.0374489	0.0168605	0.0116609	0.00450169	0.02487
13	0.0994491	0.00182434	0.0200692	0.508037	0.00303338	0.0022913	0.0139217	0.0300837	0.0147831	0.0497115	0.00311181	0.0144735	0.00120325	0.162253	0.026298	0.0028348	0.0175521	0.0261209	0.00136406	0.0015842
14	0.00518393	0.0159313	0.00135321	0.00127647	0.0246432	0.00316636	0.00175726	0.447818	0.00192751	0.0731426	0.322869	0.00269458	0.0246608	0.0020039	0.00231323	0.00484419	0.0127703	0.0465904	0.00237393	0.00267994
15	0.0266486	0.0105027	0.00194459	0.00369187	0.0360699	0.00780811	0.00441158	0.166747	0.00504391	0.350744	0.114128	0.0117203	0.0022096	0.0339948	0.00951646	0.0297516	0.0346639	0.135732	0.00763623	0.00703508
16	0.0884342	0.01289	0.00257878	0.00324186	0.00867414	0.0222578	0.00771768	0.0272015	0.0131317	0.0264885	0.00946461	0.00434863	0.624523	0.00353207	0.00470236	0.0679979	0.0203834	0.035136	0.0123799	0.00491585
17	0.0907778	0.00168749	0.0219273	0.518703	0.00300271	0.00215819	0.0149976	0.0282423	0.014544	0.0431751	0.0029197	0.0139	0.00125902	0.168934	0.0264827	0.00280048	0.0170656	0.0245288	0.00139428	0.00150038
18	0.0107778	0.00185004	0.000696953	0.000601003	0.00694821	0.00206113	0.00192298	0.496919	0.0008727	0.0975832	0.024452	0.00149867	0.00078369	0.000942368	0.00104354	0.00299429	0.0100262	0.332624	0.00316918	0.00223309
19	0.0719519	0.00393894	0.0245955	0.0920533	0.00499595	0.0195101	0.0140418	0.0103093	0.350794	0.0389438	0.00691636	0.0326667	0.00756341	0.0832346	0.127295	0.0354898	0.0405779	0.0191486	0.00422081	0.0117522
20	0.093258	0.00148244	0.0290914	0.121451	0.0030262	0.0151856	0.00948256	0.00988469	0.389052	0.0121561	0.00303097	0.0425723	0.00395164	0.0852102	0.0859641	0.0246714	0.0465283	0.0196777	0.00189144	0.00243192
21	0.0272537	0.0196325	0.00169081	0.00247055	0.240052	0.00883368	0.00672069	0.0722992	0.00838634	0.223792	0.0373667	0.00559189	0.00606503	0.00486013	0.00965737	0.00868906	0.0173829	0.0628248	0.0641312	0.172299
22	0.0460945	0.0444672	0.00154308	0.00219727	0.318044	0.00449078	0.0104998	0.049472	0.0027744	0.0389584	0.0828874	0.00634741	0.0162861	0.00416002	0.00597831	0.0219319	0.0415538	0.063927	0.0148334	0.223553
23	0.0354568	0.0286824	0.00391104	0.00508888	0.0095007	0.267823	0.00959596	0.0123329	0.105207	0.0467491	0.0248712	0.0148341	0.00576093	0.0203845	0.179117	0.041716	0.123653	0.0462116	0.00787988	0.011224
24	0.0602014	0.0199475	0.00127286	0.0279731	0.0889432	0.0135166	0.00307287	0.169012	0.00153469	0.286484	0.066619	0.00316298	0.0037001	0.00953658	0.00390874	0.042672	0.0635395	0.109902	0.020306	0.00469505
25	0.0963127	0.02531	0.000656175	0.0012342	0.0393533	0.00888872	0.00213922	0.224922	0.00152439	0.13331	0.0296299	0.00255195	0.00308574	0.00207966	0.0017811	0.0162977	0.05327	0.345322	0.00436728	0.00796447
26	0.167459	0.0186116	0.000274603	0.0016076	0.0950956	0.0482017	0.000576792	0.125897	0.000401843	0.248111	0.0315333	0.000664028	0.00280711	0.000774079	0.000495358	0.0423831	0.0544618	0.140504	0.00990376	0.0102373
27	0.180006	0.00652393	0.000456454	0.00069457	0.0803527	0.0185634	0.000870117	0.138316	0.000583525	0.190082	0.0401691	0.00216736	0.00701989	0.00114643	0.000845593	0.0340661	0.0735921	0.222258	0.0012051	0.00108219
28	0.0439949	0.0162089	0.0286848	0.0602171	0.0404375	0.0201098	0.0348966	0.0549457	0.0250222	0.13837	0.0414493	0.0999029	0.0158453	0.159839	0.0255055	0.0330387	0.0449329	0.0663997	0.0129051	0.0372946
29	0.0167839	0.0120251	0.000178369	0.000244638	0.1519	0.00254457	0.000212207	0.185966	0.000311105	0.419903	0.0580186	0.000351238	0.00180493	0.000842448	0.000295605	0.00144022	0.00720362	0.122238	0.00722544	0.0105114
30	0.163227	0.0238582	0.000301882	0.00158224	0.103787	0.0720457	0.00037017	0.101658	0.00031575	0.227568	0.0235508	0.000569888	0.000662825	0.000593112	0.000574374	0.0353142	0.061893	0.132781	0.0212151	0.0281315
31	0.0367769	0.0088006	0.000295277	0.000307083	0.0432412	0.00361737	0.00035906	0.301779	0.00243265	0.249981	0.0508282	0.000458348	0.000283725	0.00115539	0.000788721	0.000852882	0.00696154	0.259661	0.00967471	0.0217456
32	0.0164994	0.012048	0.000180947	0.00024273	0.154216	0.00249302	0.000231262	0.183628	0.000288071	0.423833	0.0578848	0.000367715	0.00183897	0.000832598	0.000294073	0.00146837	0.0071777	0.119109	0.00714534	0.01022
33	0.0967234	0.0221675	0.000288162	0.00163558	0.135605	0.00943424	0.00264736	0.18367	0.000380252	0.26377	0.0387436	0.000673642	0.00948883	0.00274152	0.000580562	0.0299012	0.0643119	0.133413	0.00298222	0.000841996
34	0.0499624	0.0739333	0.00157749	0.0173714	0.0134984	0.0207131	0.00233492	0.0828433	0.00209064	0.221159	0.085726	0.00379983	0.00514317	0.023943	0.00367968	0.0286822	0.117903	0.200405	0.0282536	0.0169801
35	0.55387	0.035672	0.000535076	0.000479647	0.00493633	0.0863164	0.000588764	0.0165091	0.0005863	0.0257184	0.0119249	0.00879698	0.000541628	0.00308918	0.000666004	0.127601	0.0821758	0.0371945	0.00207169	0.000726489
36	0.0409932	0.0188916	0.00238993	0.00594093	0.332146	0.00629646	0.0222923	0.022068	0.00292253	0.0530995	0.0217505	0.01197	0.0033929	0.0111362	0.00769788	0.014898	0.0175813	0.0276782	0.0252241	0.351631
37	0.0640088	0.147936	0.00193686	0.00251549	0.200721	0.0534267	0.00297248	0.0646156	0.00253537	0.0143962	0.00652015	0.00281787	0.00457197	0.00278617	0.00323662	0.0230782	0.027065	0.366895	0.00345022	0.00451393
38	0.0410982	0.0141256	0.000889087	0.0019217	0.268563	0.00817785	0.001521	0.196949	0.000823961	0.175034	0.0127372	0.00145671	0.00173921	0.00173283	0.00131421	0.020126	0.0475142	0.119756	0.0815226	0.00299755
39	0.0992095	0.0156518	0.0118752	0.00269405	0.0177771	0.259027	0.00564661	0.0112516	0.00405697	0.0126625	0.0219249	0.0245365	0.00533783	0.0027495	0.00510426	0.331649	0.143205	0.0191565	0.00264757	0.0038364
40	0.308791	0.036169	0.00096617	0.00114113	0.00405932	0.364457	0.00131292	0.00938421	0.0012821	0.0121656	0.00574421	0.00860667	0.00187262	0.00217297	0.00173672	0.195696	0.0287955	0.0121296	0.00156802	0.0019499
41	0.0135295	0.036183	0.00260096	0.00299185	0.0901461	0.00732231	0.00378124	0.0830445	0.00393512	0.0382981	0.0117036	0.00451202	0.0299526	0.00419524	0.00430257	0.0815753	0.377622	0.193311	0.00598246	0.00500979
42	0.0381614	0.00926169	0.000268613	0.000300537	0.0439971	0.00360809	0.000321436	0.301104	0.00188719	0.248188	0.0494047	0.000431535	0.000259073	0.000926309	0.000376805	0.000865433	0.00690822	0.264615	0.00878552	0.0203293
43	0.00843054	0.00359834	0.0710193	0.00350418	0.00625185	0.0253449	0.0244546	0.00639288	0.00354615	0.00979407	0.00962572	0.623559	0.00232078	0.00620754	0.0047318	0.107234	0.0555936	0.0213681	0.00237564	0.0046473
44	0.00689896	0.00494671	0.000468452	0.000622607	0.00188998	0.0013231	0.917066	0.00212897	0.000621979	0.00291115	0.00177149	0.0119672	0.000751605	0.0167302	0.00277884	0.0018297	0.00607266	0.00768501	0.000864773	0.0106709
45	0.459737	0.0230637	0.00116943	0.00136601	0.0117602	0.0409691	0.00169335	0.0112476	0.00850019	0.0156113	0.0187667	0.0278295	0.00194641	0.00499691	0.0097649	0.265566	0.0600124	0.0206844	0.0126617	0.00265332
46	0.00601161	0.019684	0.00176029	0.00158669	0.0308729	0.00515189	0.00230969	0.0223905	0.00166111	0.549749	0.247121	0.00601424	0.00207895	0.0377784	0.00223146	0.00899034	0.034999	0.01421	0.00269143	0.00270798
47	0.071011	0.00947132	0.00594711	0.0349243	0.149844	0.0444414	0.0535505	0.0448864	0.00925536	0.0482179	0.0923532	0.0423603	0.0100315	0.0389694	0.00669227	0.103187	0.130827	0.0165118	0.0417066	0.0458107
48	0.133909	0.0302864	0.000582021	0.00306164	0.0881415	0.0350633	0.00156318	0.13174	0.000730933	0.254643	0.0437074	0.00220651	0.00436681	0.00576458	0.00266615	0.0403854	0.0597924	0.141451	0.0107117	0.00922643
49	0.194461	0.0178988	0.0012821	0.00150937	0.0688981	0.0602505	0.00178512	0.101811	0.00181243	0.207835	0.0445947	0.00543301	0.00424075	0.00364678	0.00281791	0.038697	0.0606496	0.159313	0.0108609	0.0122027
50	0.0077982	0.0198192	0.0103749	0.00182989	0.0144624	0.00359709	0.00810295	0.187668	0.00182976	0.0892646	0.1449	0.0950494	0.00204365	0.0180454	0.00246212	0.022716	0.046447	0.312944	0.00780702	0.00283856
51	0.00738759	0.00518927	0.00167616	0.00131617	0.00346129	0.00171898	0.899438	0.00252952	0.00153284	0.00393987	0.00215025	0.0127625	0.00117765	0.0167017	0.00423226	0.00313189	0.00743614	0.00815693	0.0021253	0.0139362
52	0.0117422	0.00145271	0.422899	0.281148	0.00270394	0.00278692	0.0121891	0.00401525	0.0387998	0.0258487	0.00983684	0.030032	0.0295351	0.0306576	0.0283617	0.0177047	0.0189532	0.0215927	0.00311893	0.00662166
53	0.130533	0.0181127	0.000424748	0.0017516	0.107659	0.0198001	0.00191288	0.170574	0.000521355	0.24416	0.0356424	0.00112025	0.0057697	0.0028795	0.000911282	0.0308556	0.0654753	0.153034	0.00477115	0.00409072
54	0.551862	0.0355539	0.000535864	0.000482102	0.00522525	0.0863048	0.000596867	0.016724	0.000573477	0.0260659	0.0117491	0.008706	0.000545021	0.00304626	0.0006648	0.127931	0.0830255	0.0376297	0.00203888	0.000739225
55	0.00700493	0.00509472	0.00111244	0.000871546	0.00249239	0.00147478	0.905207	0.00281507	0.0011488	0.00416015	0.00261453	0.0146044	0.00092322	0.0168553	0.0033991	0.00267334	0.00683661	0.00909127	0.00100481	0.0106158
56	0.0831348	0.00630936	0.0505692	0.00743576	0.0772005	0.0882652	0.0102264	0.0142389	0.0139167	0.047913	0.0514892	0.277992	0.00638692	0.0173226	0.0380392	0.0696491	0.0188142	0.0188468	0.00705384	0.0951959
57	0.130719	0.00354605	0.00164401	0.00215648	0.0326323	0.00877321	0.00236566	0.0416457	0.00207381	0.318552	0.113494	0.00920524	0.00255759	0.0658074	0.0298303	0.0418065	0.111431	0.0765929	0.00272168	0.0024448
58	0.173381	0.120413	0.00290761	0.00397167	0.0559838	0.155975	0.00376581	0.0815634	0.00330532	0.059994	0.0231023	0.00521936	0.0590057	0.00352644	0.0048758	0.0357716	0.0326619	0.159661	0.00729297	0.00762244
59	0.0166315	0.0111872	0.000877929	0.00318076	0.348442	0.00432208	0.011271	0.0223307	0.00599888	0.113167	0.0210006	0.0061872	0.00302857	0.0057364	0.0091159	0.00575924	0.0108872	0.0222245	0.0624952	0.316157
60	0.0686075	0.0235665	0.0945718	0.132883	0.0197438	0.0452018	0.027222	0.0147131	0.106418	0.0274837	0.0102607	0.0391595	0.0796766	0.029848	0.0712971	0.0774403	0.0528575	0.0221181	0.00813947	0.0487916
61	0.0502138	0.0272915	0.0390865	0.0727341	0.018735	0.0466073	0.083349	0.0143589	0.0685266	0.0228457	0.0283452	0.060063	0.0604873	0.0428594	0.029816	0.13575	0.10299	0.0157112	0.00828629	0.0719433
62	0.109843	0.00390915	0.0195619	0.00232233	0.00820581	0.0275178	0.115506	0.00932086	0.0198427	0.118048	0.0508514	0.0033521	0.0747711	0.00310892	0.0389805	0.0352256	0.00834731	0.00929108	0.180947	0.161048
63	0.0219837	0.00559508	0.0650789	0.00828387	0.010784	0.0237839	0.0255106	0.00995248	0.01088	0.0131236	0.012861	0.552157	0.00422277	0.00911341	0.015847	0.127606	0.0496194	0.0191045	0.0038684	0.0106244
64	0.0188314	0.000835104	0.0170095	0.0319576	0.00666924	0.00404006	0.0264761	0.0119318	0.351685	0.0189666	0.00367131	0.0444086	0.00579834	0.0265199	0.337133	0.0368233	0.0189206	0.0122326	0.0038756	0.0222147
65	0.0353505	0.019223	0.000545441	0.000672376	0.095553	0.00382602	0.00107622	0.201223	0.00110065	0.372123	0.052046	0.000938327	0.0016306	0.00141067	0.000829404	0.0023048	0.00697474	0.149745	0.0239807	0.0294468
66	0.0248715	0.0272419	0.000440293	0.000643965	0.271975	0.00524743	0.000634239	0.122652	0.000678749	0.413545	0.0290739	0.000909156	0.00129748	0.000773685	0.00086301	0.00339579	0.00603542	0.0694677	0.00570232	0.0145512
67	0.471051	0.032005	0.000643775	0.00064868	0.00436051	0.193823	0.000801999	0.0135899	0.000984239	0.0230946	0.00903891	0.00932172	0.000951698	0.00300354	0.00108606	0.146773	0.0587772	0.0267158	0.00219042	0.00113866
68	0.0036409	0.0180435	0.000822076	0.00102078	0.0291375	0.00243269	0.00125334	0.449036	0.00135186	0.0770348	0.325377	0.00223227	0.014423	0.00167278	0.00159776	0.00348222	0.0115744	0.0522824	0.00163932	0.00194575
69	0.0267925	0.00866267	0.000995247	0.00187339	0.290789	0.00915067	0.001239	0.203978	0.00107428	0.172259	0.00922824	0.00159487	0.00129326	0.00131342	0.00135376	0.0149721	0.0408127	0.101543	0.109068	0.00200684
70	0.553828	0.0356661	0.000535018	0.000477974	0.00495058	0.0863553	0.000587109	0.0165315	0.000580887	0.0257693	0.0118922	0.00878542	0.000539082	0.00308335	0.000664236	0.127485	0.0822349	0.0372436	0.00206485	0.000726118
71	0.00885302	0.00669441	0.373509	0.0626558	0.00499029	0.0163825	0.0162527	0.00764143	0.019196	0.0132844	0.0124001	0.274138	0.00676222	0.0305524	0.0209925	0.0555299	0.0504619	0.012349	0.00266723	0.00468666
72	0.0636824	0.0249692	0.00111313	0.00313919	0.208414	0.0180342	0.00159654	0.146568	0.00111926	0.226265	0.0213285	0.001681	0.00251182	0.00231041	0.00119707	0.0284787	0.0780012	0.107185	0.052003	0.010402
73	0.0871482	0.0149409	0.00139525	0.00262839	0.00996908	0.0245305	0.0032726	0.0451844	0.00500151	0.0271279	0.011408	0.00298675	0.563501	0.00207797	0.0030745	0.0769836	0.0192198	0.0821088	0.0150793	0.00236134
74	0.0122847	0.0119611	0.00530748	0.00250372	0.0308281	0.00426825	0.0171109	0.180818	0.00189883	0.137129	0.12254	0.0464967	0.00175606	0.036245	0.00490335	0.0271881	0.0407828	0.296717	0.015713	0.00354686
75	0.135099	0.100828	0.00221072	0.00344924	0.0173351	0.220904	0.00307835	0.0937247	0.00293765	0.0336532	0.0357408	0.0054599	0.081118	0.00354971	0.00682451	0.0503428	0.0573497	0.133441	0.00835721	0.00459573
76	0.0371066	0.00876635	0.000290675	0.000318	0.0433562	0.00352781	0.000328079	0.301847	0.00182632	0.24628	0.0486414	0.000433848	0.00028691	0.000908713	0.00043285	0.000908378	0.00715958	0.270083	0.00832925	0.0191691
77	0.0858224	0.0126021	0.00270933	0.00382839	0.0085838	0.0220007	0.00777251	0.025907	0.0152099	0.027628	0.00782547	0.0042832	0.630967	0.00354484	0.00510721	0.068017	0.0183261	0.0330586	0.0111816	0.00562438
78	0.111185	0.0579215	0.00223979	0.00237903	0.218352	0.0059785	0.00568127	0.0756425	0.00278879	0.0387732	0.0869119	0.00565393	0.00610721	0.00374507	0.00475535	0.086882	0.0598053	0.055667	0.00625705	0.163273
79	0.538039	0.0363298	0.000609807	0.000669668	0.0066185	0.0951902	0.000747771	0.016344	0.000922442	0.02471	0.0118591	0.0086203	0.00159984	0.00306125	0.00117992	0.133332	0.0793366	0.037797	0.00221301	0.000819164
80	0.0520758	0.00232481	0.00106445	0.00114066	0.0033269	0.00955444	0.00829357	0.317946	0.00115883	0.0253391	0.0667514	0.00186021	0.00124174	0.00137945	0.00151754	0.0105173	0.0609456	0.423425	0.00864943	0.0014871
81	0.0597721	0.00263862	0.0320872	0.00220979	0.0403889	0.0487494	0.00897777	0.0117274	0.0022777	0.0132179	0.0527687	0.0191219	0.0122608	0.00242884	0.00284695	0.389527	0.266179	0.0284502	0.00175805	0.00261204
82	0.0192053	0.0118936	0.00114396	0.00400534	0.401228	0.00297462	0.0179308	0.0126096	0.00181353	0.0400442	0.0139755	0.00913576	0.00269205	0.00864209	0.00544032	0.00877318	0.00876094	0.0151475	0.0202343	0.394349
83	0.0330423	0.0140666	0.00190465	0.0148516	0.00468968	0.100618	0.0303293	0.00818789	0.276867	0.0207608	0.0164363	0.00414734	0.00410098	0.124807	0.225374	0.0214129	0.0264145	0.00859285	0.0221459	0.0412514
84	0.0226572	0.00416755	0.0119505	0.0219336	0.00579763	0.0294702	0.0410482	0.0158129	0.308503	0.0186836	0.00710768	0.0306575	0.0127506	0.0398775	0.307515	0.0376903	0.024395	0.0151756	0.00730877	0.0374977
85	0.0193734	0.010509	0.00137261	0.00414365	0.379302	0.00406949	0.0186838	0.0118272	0.00188591	0.0413237	0.0154636	0.0107319	0.00186939	0.00964986	0.00640723	0.00874959	0.00865522	0.0150737	0.0216349	0.409274
86	0.00703887	0.00536722	0.000668558	0.000999222	0.00263545	0.00173328	0.909451	0.00278205	0.000649931	0.00374036	0.00234128	0.0119101	0.000814832	0.0166612	0.00283173	0.00192946	0.00685186	0.00797734	0.00104419	0.0125717
87	0.0909452	0.00553551	0.00187402	0.0036851	0.0316275	0.00657523	0.00323842	0.103124	0.00234809	0.265782	0.0984642	0.0196975	0.00194228	0.061586	0.0335232	0.0456044	0.0860605	0.130559	0.00485644	0.00297146
88	0.0114858	0.00158296	0.421262	0.281785	0.00255741	0.00269915	0.0109923	0.00321278	0.0403922	0.0304566	0.00980574	0.029255	0.0290455	0.0304289	0.027837	0.0170655	0.0203599	0.0200946	0.00308863	0.00659267
89	0.00695391	0.00497567	0.000590709	0.000772935	0.00217089	0.00145889	0.906196	0.00326603	0.00157748	0.00368977	0.00289359	0.0124322	0.00092526	0.0168838	0.00357151	0.00221874	0.00640716	0.0101188	0.00162689	0.0112701
90	0.0101588	0.00506441	0.00109871	0.00112207	0.00236506	0.00258769	0.895971	0.00259543	0.00154854	0.00479093	0.00245772	0.0130501	0.00270003	0.0164989	0.0033053	0.00345571	0.00639284	0.00818461	0.00343519	0.013217
91	0.0157913	0.00140297	0.0137601	0.0198202	0.00686209	0.00628578	0.0275172	0.0156507	0.335764	0.0245935	0.00766378	0.0422085	0.00693761	0.0194813	0.343679	0.0401012	0.0249003	0.0171486	0.00378046	0.0266515
92	0.0228663	0.0110279	0.000709242	0.00751539	0.358033	0.00169226	0.0363136	0.00699599	0.000859355	0.0380025	0.00915165	0.0151181	0.00158289	0.0172173	0.00771712	0.00859445	0.00578523	0.00821689	0.0157271	0.426874
93	0.00681067	0.0186843	0.00164237	0.00158689	0.031415	0.00533136	0.00209484	0.021297	0.0016961	0.551464	0.242616	0.00610418	0.00211849	0.0392077	0.00231207	0.00942321	0.0361335	0.0146746	0.00260224	0.00278527
94	0.314512	0.0248905	0.00923163	0.00383867	0.0190056	0.219728	0.0054118	0.0216043	0.00732753	0.0304259	0.021178	0.0987821	0.0073717	0.00786211	0.0135049	0.091981	0.046721	0.0332795	0.00519578	0.0181486
95	0.0555037	0.00438328	0.140271	0.254057	0.0220557	0.0312333	0.0852493	0.0832646	0.00372898	0.0479871	0.00933723	0.00356645	0.00324106	0.00390976	0.0253073	0.00853894	0.0227567	0.16818	0.0233066	0.00412237
96	0.0122137	0.00165526	0.421763	0.274995	0.00262417	0.00257192	0.0123681	0.00314089	0.0396076	0.0249805	0.00978074	0.0317771	0.031528	0.0319108	0.0294479	0.017209	0.0195636	0.0215616	0.00287568	0.00842553
97	0.046314	0.00636236	0.0665005	0.079547	0.00771618	0.0732468	0.0122825	0.0553214	0.091433	0.0558441	0.00687904	0.0381283	0.0191389	0.0612121	0.0584267	0.0731132	0.103608	0.0721817	0.00941769	0.063327
98	0.00533163	0.0018479	0.00118182	0.00128139	0.00450572	0.00262816	0.00170235	0.218195	0.0572482	0.286698	0.0435114	0.00226795	0.00158571	0.0123373	0.0430134	0.00422953	0.0300514	0.220355	0.0114863	0.050541
99	0.0153374	0.00636897	0.432605	0.151157	0.00553808	0.0152965	0.0138214	0.00813235	0.0290856	0.0216747	0.0142979	0.113309	0.0199354	0.0251549	0.0260636	0.0369178	0.0345024	0.0198471	0.00329815	0.00765656
100	0.112836	0.0128524	0.00373315	0.00358739	0.0123729	0.0123209	0.0037284	0.0275407	0.00391575	0.0223455	0.0431241	0.00607176	0.177816	0.00502339	0.00749411	0.0519858	0.197946	0.281018	0.00843449	0.00585248
101	0.0342025	0.0118483	0.351241	0.0537872	0.0136314	0.0610114	0.0159544	0.0216982	0.0237084	0.0268881	0.0218993	0.146488	0.0174532	0.0169841	0.0251505	0.0591972	0.0431437	0.0312667	0.00929306	0.0151527
102	0.00265866	0.00119034	0.000616106	0.000623452	0.0045025	0.00121703	0.000802883	0.550474	0.000782202	0.0995222	0.0121185	0.00084004	0.000756938	0.000742612	0.00103434	0.00187248	0.00216282	0.315268	0.00163146	0.00118349
103	0.0735256	0.0127318	0.00536229	0.00510482	0.0111048	0.0207434	0.00924093	0.0274841	0.0141233	0.0298898	0.00916283	0.00462673	0.621613	0.00360547	0.00631515	0.0643556	0.0194134	0.0365879	0.0162527	0.00875621
104	0.0510854	0.00283696	0.0292684	0.00302223	0.0350033	0.0419021	0.0115948	0.0135228	0.00323769	0.0143841	0.0455804	0.0183551	0.00885949	0.00231286	0.00430144	0.389824	0.284907	0.034949	0.00244099	0.00261253
105	0.0591184	0.0129926	0.0804571	0.142582	0.0147926	0.0251037	0.03193	0.0203483	0.111378	0.0429185	0.0130663	0.0495644	0.053808	0.0356031	0.0837741	0.0581897	0.0417875	0.041998	0.00643635	0.0741508
106	0.0298143	0.00913405	0.0009037	0.00194822	0.284998	0.010118	0.00122626	0.192313	0.000956332	0.179517	0.0100103	0.00142796	0.00118182	0.00134936	0.00116411	0.016318	0.0468818	0.102573	0.105936	0.00222901
107	0.0622501	0.00638648	0.130873	0.372532	0.00882176	0.00954656	0.0189578	0.0261198	0.0408169	0.0429276	0.00878817	0.0261975	0.0144713	0.0946168	0.0365568	0.0195594	0.027974	0.0359865	0.00516306	0.0114543
108	0.43335	0.0368341	0.000706601	0.00082718	0.0050917	0.216781	0.000833207	0.0223532	0.000967737	0.0244687	0.0107593	0.0158839	0.00339288	0.00221416	0.000923405	0.124697	0.0636308	0.0330582	0.00193833	0.0012884
109	0.0397719	0.0101416	0.0023205	0.00241747	0.00805681	0.202281	0.00480127	0.00740163	0.0655851	0.1165	0.0445838	0.0230685	0.00453029	0.00359496	0.170665	0.0837162	0.181216	0.0205084	0.00472715	0.00411337
110	0.0411818	0.00788055	0.0254417	0.0525047	0.010067	0.0274292	0.0228996	0.0165666	0.308265	0.0284067	0.0107944	0.0376638	0.0134499	0.0487489	0.206669	0.0456309	0.0385621	0.0257145	0.00756706	0.0245568
111	0.0848195	0.0252024	0.000322012	0.001704	0.147499	0.00590398	0.00301635	0.19394	0.00042296	0.273411	0.0386339	0.000538402	0.00720653	0.00304604	0.000619514	0.0285743	0.0646351	0.116818	0.00294726	0.000739423
112	0.0398252	0.0102051	0.000275694	0.000324919	0.0438288	0.00351816	0.000315541	0.299334	0.00183843	0.247008	0.0469544	0.000454324	0.000307684	0.000909333	0.000386555	0.00111544	0.0076712	0.267856	0.008377	0.019494
113	0.0153289	0.00783925	0.000830084	0.00388449	0.395589	0.00294373	0.0133016	0.0103964	0.00369228	0.0556758	0.0137576	0.00715937	0.0021058	0.00668124	0.0066015	0.00547875	0.00810742	0.0118098	0.0498467	0.37897
114	0.0343821	0.0102272	0.000268017	0.00030985	0.0586241	0.00342984	0.000418941	0.28159	0.00165412	0.272402	0.0547046	0.000503973	0.000485035	0.00116939	0.000383536	0.00105322	0.00697066	0.244652	0.00842833	0.0183424
115	0.0817231	0.0269642	0.000328568	0.00172972	0.150344	0.00575208	0.00312107	0.195821	0.000433276	0.270521	0.0387304	0.00059067	0.00708087	0.0030852	0.000645375	0.0286819	0.065081	0.115356	0.00334966	0.000661776
116	0.0350772	0.090582	0.00089098	0.00127114	0.385693	0.0197879	0.00131424	0.0585799	0.00125536	0.287932	0.0120735	0.00214642	0.00139629	0.00114227	0.00228004	0.0049274	0.00532776	0.0374795	0.0308868	0.0199564
117	0.0292306	0.0114879	0.00582745	0.0100491	0.113312	0.0143122	0.121313	0.0458027	0.00725003	0.133088	0.0691688	0.0665705	0.00946429	0.142446	0.0114772	0.0260936	0.0266737	0.0294975	0.0161338	0.110802
118	0.0860092	0.0159441	0.00125417	0.00223851	0.0185373	0.0147026	0.00258954	0.0490679	0.00390643	0.0521204	0.0107019	0.00315946	0.573897	0.00234283	0.00295006	0.0717249	0.0129754	0.0541132	0.0193006	0.00246408
119	0.0260198	0.0213808	0.000593462	0.000755226	0.283169	0.00437279	0.000951455	0.11814	0.000859697	0.425349	0.0236867	0.00100169	0.00129088	0.000852718	0.000879078	0.00419058	0.00602575	0.0634783	0.00350115	0.0135025
120	0.079328	0.0203101	0.000674312	0.00192594	0.184358	0.0111388	0.00223591	0.178342	0.000736046	0.243982	0.029747	0.000849963	0.0051527	0.00258581	0.000920492	0.0253997	0.0652711	0.117288	0.025765	0.00398986
121	0.0294585	0.0147434	0.00547323	0.0104912	0.159888	0.0148015	0.0991825	0.113246	0.00846363	0.0670994	0.035373	0.0299623	0.00798751	0.094777	0.012453	0.0251044	0.0276121	0.0324599	0.0155951	0.195828
122	0.553828	0.0356661	0.000535018	0.000477974	0.00495058	0.0863553	0.000587109	0.0165315	0.000580887	0.0257693	0.0118922	0.00878542	0.000539082	0.00308335	0.000664236	0.127485	0.0822349	0.0372436	0.00206485	0.000726118
123	0.0340177	0.0218246	0.000373614	0.000901022	0.207645	0.00323736	0.00118209	0.167386	0.000509652	0.398703	0.0331655	0.000556278	0.00223559	0.00134702	0.000609482	0.00993564	0.020189	0.0837468	0.00441329	0.00802163
124	0.0313863	0.00785251	0.0237978	0.0320518	0.0158786	0.0396927	0.0247966	0.0229596	0.228863	0.036203	0.0153215	0.0376555	0.0135818	0.0328522	0.27887	0.0517534	0.0387002	0.0292175	0.00869195	0.029874
125	0.0638202	0.0143542	0.00403105	0.00490661	0.0317071	0.0170019	0.00556781	0.0328423	0.00962671	0.139643	0.0147352	0.00853139	0.433623	0.0074669	0.00946391	0.0817673	0.05712	0.0433915	0.0125986	0.00780185
126	0.0264612	0.010247	0.000886554	0.00103921	0.170764	0.011758	0.00113136	0.158335	0.00115426	0.290655	0.110222	0.0032191	0.0026353	0.00197674	0.00150745	0.00385152	0.029247	0.147537	0.00943307	0.0179396
127	0.0464258	0.113957	0.00119723	0.00127175	0.338991	0.00592776	0.00305216	0.0781567	0.00193056	0.0829127	0.0363406	0.0126658	0.00373124	0.00192156	0.0175332	0.0214549	0.0154639	0.102036	0.00940229	0.105627
128	0.00709209	0.00315278	0.00118939	0.00118082	0.00578217	0.0027876	0.00176351	0.235253	0.0557725	0.263376	0.0378084	0.00211207	0.00157074	0.0104359	0.03885	0.00456858	0.0323769	0.23727	0.0103426	0.0473153
129	0.0186532	0.00672762	0.0044454	0.00292664	0.0413997	0.00744974	0.0622594	0.0403925	0.00551755	0.361608	0.156897	0.00570504	0.0333022	0.0068404	0.00815374	0.0112648	0.0135635	0.0172284	0.14975	0.0459152
130	0.0506419	0.00502468	0.142836	0.262816	0.0262939	0.0269403	0.0801515	0.075952	0.00881989	0.0512945	0.0100084	0.00715887	0.00675295	0.00957131	0.0257298	0.0128609	0.0292445	0.140995	0.0188949	0.00801305
131	0.0382307	0.00899649	0.000287118	0.000305721	0.0443668	0.00376548	0.000322871	0.301392	0.0019329	0.247588	0.0496149	0.000423411	0.000263525	0.000938414	0.000378047	0.000894071	0.00675391	0.264251	0.0088018	0.0204931
132	0.0797763	0.0247986	0.000319452	0.00233282	0.141658	0.00523258	0.00369313	0.202396	0.000444155	0.269457	0.0405638	0.000889577	0.00681934	0.0046466	0.00100709	0.0290325	0.0641214	0.118957	0.00327315	0.000582289
133	0.0206715	0.00590324	0.067018	0.00638896	0.0110403	0.0239096	0.0262933	0.00829887	0.0118473	0.0135689	0.0130112	0.571368	0.00384285	0.00884426	0.0151421	0.116669	0.0427415	0.0200507	0.00351442	0.00987669
134	0.153156	0.0225916	0.000571179	0.00181204	0.114133	0.0640217	0.000472296	0.095439	0.000521783	0.226303	0.0195513	0.000847487	0.000720476	0.000757827	0.000875367	0.029523	0.0777424	0.131566	0.0291946	0.0302001
135	0.198588	0.00361366	0.000540364	0.000733851	0.0653209	0.022884	0.0007376	0.130633	0.000698615	0.172216	0.0419536	0.0029301	0.00553827	0.00084596	0.000927702	0.0381726	0.0717446	0.239013	0.00139992	0.0015087
136	0.0714025	0.0633812	0.00118815	0.00136695	0.0422839	0.00399025	0.0015969	0.227782	0.00208927	0.0863961	0.00557316	0.00236737	0.00170915	0.00219427	0.00219133	0.0159357	0.0508085	0.402585	0.00240454	0.0127537
137	0.0231799	0.0481281	0.00755465	0.00606593	0.0205977	0.00929123	0.0101593	0.162913	0.00497221	0.0688016	0.0659681	0.0759119	0.00632908	0.122503	0.00728092	0.0220985	0.0674133	0.251237	0.0109215	0.00867375
138	0.0172974	0.0118242	0.000184226	0.000244156	0.151005	0.00262379	0.000231138	0.188123	0.000317558	0.418659	0.0576351	0.000358602	0.00183419	0.00085707	0.000304203	0.0015486	0.00746116	0.122206	0.0070564	0.0102291
139	0.277509	0.00454786	0.00116157	0.00136694	0.0359081	0.0723847	0.00179025	0.0405006	0.0016013	0.0835631	0.00582134	0.00293862	0.00197128	0.00225658	0.00208248	0.200416	0.142384	0.117937	0.00179991	0.00205987
140	0.0925539	0.0377232	0.00163868	0.00175822	0.430581	0.00889717	0.00401479	0.0574576	0.00172171	0.0546919	0.018695	0.00386047	0.00372612	0.00194428	0.00405127	0.0278725	0.0609481	0.0921814	0.0195361	0.0761465
141	0.0074021	0.00666193	0.449891	0.0101858	0.00488652	0.026347	0.00870994	0.00605301	0.00599842	0.00820398	0.0176496	0.326982	0.00206522	0.0123171	0.0105653	0.0532974	0.0267868	0.010216	0.00239907	0.00338179
142	0.164241	0.0233826	0.000339711	0.00152787	0.102963	0.072607	0.000367258	0.100929	0.000322811	0.227101	0.0233176	0.000572286	0.000650568	0.000614202	0.000610388	0.0347827	0.062111	0.133607	0.0209093	0.0290439
143	0.16559	0.023975	0.00025177	0.00164964	0.0980272	0.0613625	0.000451578	0.114136	0.000365735	0.246856	0.0298504	0.000554486	0.0013723	0.00065524	0.000500526	0.0402772	0.0549822	0.128218	0.0143995	0.0165255
144	0.0310674	0.00731781	0.000267768	0.00034146	0.0382585	0.00309939	0.000385385	0.329569	0.00178746	0.229671	0.048205	0.000471686	0.000307651	0.000878755	0.000473271	0.000955991	0.00608147	0.275406	0.0083954	0.0170601
145	0.013111	0.0162528	0.00122201	0.00123683	0.182698	0.0123916	0.0015977	0.068304	0.0106018	0.160427	0.0444944	0.00191491	0.00498553	0.00165814	0.0121228	0.00363079	0.016379	0.0691184	0.124937	0.252917
146	0.042259	0.142283	0.00151919	0.00154696	0.394171	0.0293103	0.00210104	0.0421552	0.00157047	0.147405	0.0194698	0.00340293	0.00169761	0.0016651	0.00382047	0.00586671	0.0058193	0.0413926	0.0803844	0.0321607
147	0.199481	0.029781	0.00506764	0.00409334	0.0111554	0.333867	0.00491137	0.0156982	0.00804358	0.0235238	0.0136761	0.0185783	0.011738	0.00530552	0.0128844	0.20356	0.058917	0.0226374	0.00804491	0.00903575
148	0.105297	0.00329845	0.00221422	0.00156371	0.0185254	0.0582508	0.00197361	0.155047	0.0019485	0.086097	0.0328764	0.00266134	0.113878	0.00235234	0.00238857	0.00542523	0.0337172	0.151479	0.161664	0.0593421
149	0.0118159	0.00104899	0.0146373	0.0218439	0.00761536	0.00576603	0.0291805	0.0122241	0.341392	0.0184586	0.0042482	0.0442709	0.00610745	0.0247196	0.360275	0.0374747	0.0167393	0.0114934	0.00500731	0.0256816
150	0.293425	0.0103096	0.00209851	0.0192415	0.0244905	0.106827	0.00275066	0.0507244	0.00237259	0.0307403	0.0274872	0.00323029	0.142259	0.00306769	0.00270599	0.189972	0.00907796	0.0713427	0.00390657	0.00396976
151	0.0164498	0.0120461	0.000181625	0.000243159	0.154239	0.00249308	0.000219479	0.18361	0.000283601	0.423954	0.0578995	0.000367061	0.00183658	0.000833466	0.000294184	0.00145365	0.00712263	0.119083	0.00716149	0.0102283
152	0.183383	0.00860034	0.000384421	0.000746748	0.0839635	0.0325103	0.000586747	0.126202	0.000461985	0.19884	0.0359914	0.00163951	0.00466597	0.000647927	0.000678878	0.0375878	0.0666081	0.206359	0.00458806	0.00555478
153	0.0136568	0.0058803	0.00077715	0.00395958	0.423067	0.001804	0.0155182	0.00463872	0.000768303	0.0306299	0.0074284	0.00781181	0.00125076	0.00760575	0.00431668	0.00537423	0.00454376	0.00587883	0.0193331	0.435757
154	0.00771341	0.0213163	0.00155327	0.00190353	0.10917	0.00433616	0.0026323	0.0165257	0.0019905	0.562668	0.180632	0.016013	0.00246872	0.0126818	0.00261188	0.00768022	0.0157881	0.0258885	0.00279142	0.00363501
155	0.0329518	0.0104925	0.000239598	0.00048166	0.104856	0.0049487	0.000470671	0.231894	0.000806171	0.346485	0.0517253	0.000348497	0.00166327	0.00155817	0.000384079	0.00366266	0.0138226	0.174389	0.00667763	0.012143
156	0.166335	0.0260716	0.000294712	0.00157242	0.0962732	0.0674488	0.00039213	0.107392	0.000387172	0.246617	0.0282285	0.000643888	0.000916297	0.000584823	0.000569691	0.0403966	0.0547002	0.126567	0.015648	0.0189611
157	0.289322	0.0393853	0.00109746	0.00123666	0.00429959	0.373332	0.00135622	0.00907967	0.00138134	0.0115925	0.00555268	0.00833043	0.0019939	0.00213	0.00188596	0.206459	0.0263489	0.0115069	0.00169939	0.00201075
158	0.0463445	0.0023672	0.0222827	0.00174194	0.039341	0.0509541	0.0082676	0.0144698	0.00215321	0.0170461	0.0408133	0.0252544	0.00822171	0.00189048	0.00279573	0.378962	0.298086	0.0347512	0.00194488	0.00231187
159	0.0164498	0.0120461	0.000181625	0.000243159	0.154239	0.00249308	0.000219479	0.18361	0.000283601	0.423954	0.0578995	0.000367061	0.00183658	0.000833466	0.000294184	0.00145365	0.00712263	0.119083	0.00716149	0.0102283
160	0.016469	0.0120165	0.000187849	0.00024381	0.154695	0.00247781	0.000229603	0.183149	0.000284215	0.424254	0.0578731	0.000376986	0.00182992	0.000824215	0.00031004	0.00145521	0.00710731	0.118826	0.00716677	0.0102242
161	0.268131	0.0377144	0.00110665	0.00128471	0.00426372	0.402748	0.00139377	0.00872856	0.00143724	0.010566	0.00529081	0.00894137	0.00202153	0.0020183	0.00191271	0.206168	0.0228291	0.00966741	0.00158325	0.00219334
162	0.0477394	0.00984399	0.00223452	0.00416799	0.0463965	0.0270896	0.00276477	0.0369397	0.00250609	0.384895	0.147354	0.00621451	0.00301566	0.0441995	0.0112532	0.0523278	0.0974089	0.0645077	0.00505031	0.00409076
163	0.016408	0.0119882	0.000179307	0.000241134	0.153986	0.00248893	0.000222664	0.183532	0.000285496	0.424654	0.0579035	0.000392051	0.00183368	0.000839774	0.000297362	0.00147162	0.00710918	0.118814	0.00719425	0.0101593
164	0.00744863	0.00549293	0.00156191	0.0016351	0.00345872	0.00214101	0.891512	0.00448468	0.00128557	0.00530117	0.00371494	0.0134117	0.00129289	0.0171245	0.00343756	0.00333206	0.00728081	0.0100295	0.00262247	0.0134321
165	0.0745753	0.0120083	0.00162883	0.00216011	0.00901168	0.0204321	0.00872834	0.0252176	0.0134594	0.0253549	0.00901027	0.00401273	0.652133	0.00350036	0.00372939	0.0644308	0.0174112	0.0332638	0.0129087	0.00702352
166	0.0652774	0.033277	0.000397772	0.00400872	0.134832	0.00607172	0.00255181	0.175155	0.000665274	0.303447	0.0517728	0.000950878	0.00561134	0.00458867	0.000712285	0.0278304	0.0639259	0.111416	0.00505949	0.00244897
167	0.542605	0.0338943	0.000591148	0.000573234	0.00508939	0.0933087	0.000645835	0.0159683	0.00103408	0.0240604	0.011945	0.0113189	0.000755206	0.0033419	0.00113136	0.136804	0.0794093	0.0341748	0.00255555	0.000793641
168	0.40286	0.0321646	0.00106482	0.00271153	0.0114155	0.188101	0.00150532	0.0358892	0.00103918	0.0314004	0.0224927	0.00938445	0.0192544	0.00254392	0.00161568	0.123546	0.0548981	0.0534214	0.00278805	0.00190356
169	0.0151865	0.00662665	0.0271569	0.0203144	0.00858926	0.00932219	0.448465	0.0121039	0.100087	0.0164935	0.00734087	0.0649599	0.00729188	0.0238542	0.120508	0.0357935	0.0380692	0.0144768	0.00349925	0.0198615
170	0.0554507	0.0177805	0.000955831	0.00167306	0.236121	0.0173237	0.00234083	0.0492045	0.0125169	0.193938	0.0337996	0.00184532	0.00526159	0.00170638	0.0126712	0.0112537	0.040631	0.0592629	0.116361	0.129902
171	0.0200938	0.0058766	0.000467677	0.000569327	0.0311217	0.00277755	0.000707054	0.421706	0.00136344	0.175881	0.0304407	0.000869368	0.000982081	0.000880083	0.000744269	0.00219944	0.00665753	0.281773	0.00544427	0.00944391
172	0.519229	0.0289409	0.000838226	0.000796642	0.00666234	0.0814608	0.000893989	0.0131938	0.0029631	0.0204044	0.0120473	0.0125418	0.000942542	0.00670678	0.00314108	0.185373	0.0702271	0.0279907	0.00438424	0.00126248
173	0.0143842	0.00209894	0.400396	0.282325	0.00448973	0.00479344	0.0148962	0.00704619	0.0382146	0.0270289	0.0101566	0.0311331	0.0285013	0.0306332	0.028723	0.0182056	0.01993	0.0260478	0.00385547	0.00714076
174	0.00815971	0.00510909	0.000876543	0.0013483	0.00273022	0.00200672	0.904766	0.00284788	0.00137484	0.00356895	0.00220705	0.0120054	0.00109549	0.0169818	0.00402834	0.00267781	0.00682401	0.00907496	0.00115429	0.0111626
175	0.021697	0.0148269	0.00111587	0.00381542	0.381982	0.00332979	0.015383	0.0161844	0.00227103	0.0412997	0.0281464	0.00750538	0.00411141	0.00676197	0.00571098	0.00803744	0.0134512	0.0211079	0.0237329	0.379529
176	0.0726998	0.0212553	0.121165	0.149905	0.0187627	0.0547822	0.0266528	0.0232708	0.0688964	0.0291201	0.0125157	0.0315467	0.0674276	0.0261255	0.0531231	0.0879298	0.0564252	0.0323213	0.010377	0.0356977
177	0.0331917	0.0102281	0.0658743	0.0218466	0.0184208	0.0340362	0.0288502	0.0181812	0.0275125	0.0215857	0.0230247	0.159376	0.00738091	0.0247575	0.0295313	0.21589	0.222406	0.0251861	0.00512737	0.00759283
178	0.0519897	0.0412642	0.0010088	0.0031298	0.329691	0.00332238	0.0208691	0.0355668	0.00139555	0.0320419	0.043624	0.00815275	0.00789071	0.00691618	0.00575528	0.0191521	0.0349282	0.060333	0.00951333	0.283455
179	0.0104062	0.00785591	0.405863	0.0441422	0.00568844	0.0206693	0.0145404	0.00746818	0.0191867	0.0106656	0.0152424	0.243614	0.00692187	0.0210789	0.0215276	0.0723899	0.0534252	0.011019	0.002447	0.00584826
180	0.125885	0.0262683	0.0135285	0.019811	0.111007	0.0300611	0.0209778	0.0476825	0.0159048	0.0693188	0.035729	0.0207444	0.0264613	0.0173182	0.0205856	0.0535381	0.0934187	0.0597416	0.0279613	0.164057
181	0.0351617	0.0200897	0.00180202	0.00176474	0.190118	0.0110113	0.00579332	0.117363	0.00606867	0.217043	0.0424819	0.00458682	0.00397013	0.00448263	0.00771089	0.00897871	0.0197782	0.0900519	0.0552509	0.156493
182	0.163236	0.0325184	0.0112617	0.00920281	0.0222284	0.319624	0.0087753	0.0300552	0.0228108	0.0398951	0.0196534	0.0176112	0.0150952	0.0127056	0.0297964	0.123703	0.0526125	0.041305	0.0117682	0.0161419
183	0.0745908	0.025095	0.00130602	0.00162354	0.0105075	0.0100475	0.00220306	0.0626788	0.00247118	0.0412888	0.013769	0.0029062	0.571469	0.00234275	0.00270083	0.0735422	0.0117999	0.0537639	0.0334626	0.00243073
184	0.121566	0.0207942	0.00280987	0.019716	0.133144	0.048348	0.00336679	0.127347	0.00180272	0.256877	0.0256248	0.003425	0.0047909	0.00345541	0.00284842	0.0301315	0.0470578	0.0889377	0.043086	0.0148716
185	0.0180985	0.00607965	0.0856936	0.0119473	0.0154401	0.0226605	0.0266469	0.0132681	0.015273	0.0192812	0.0160429	0.537517	0.00505629	0.012342	0.0181381	0.088479	0.0439131	0.0259483	0.00499502	0.0131799
186	0.0197818	0.0117211	0.000688945	0.000897608	0.206427	0.00511739	0.00181306	0.0342526	0.0201409	0.196289	0.0476984	0.00130383	0.00838064	0.00127026	0.0209981	0.00268927	0.0269301	0.0401089	0.168761	0.18473
187	0.0164951	0.0120904	0.000179173	0.000242928	0.154083	0.00248584	0.000220494	0.183855	0.000285877	0.423421	0.0578781	0.000372479	0.00182621	0.00083174	0.000296136	0.00148892	0.00714127	0.119435	0.00714787	0.0102226
188	0.245703	0.0108027	0.00199837	0.00232221	0.0306091	0.0453653	0.00343747	0.0819885	0.00355979	0.110568	0.0696147	0.0303438	0.00655298	0.00527463	0.00581765	0.0332226	0.104111	0.197896	0.00518785	0.00562394
189	0.0183413	0.0116274	0.000871049	0.001523	0.244955	0.00536804	0.00310995	0.0306354	0.0161773	0.170577	0.0387478	0.00202044	0.00631304	0.00195088	0.0171096	0.00322747	0.0220801	0.0345923	0.15461	0.216163
190	0.0108729	0.00568362	0.038066	0.00500379	0.00791859	0.0174457	0.0523654	0.00831821	0.00616981	0.0123415	0.00962085	0.642625	0.00423343	0.00769891	0.00805185	0.0964905	0.0379728	0.0187226	0.00353056	0.00686757
191	0.0783849	0.0361984	0.000750801	0.000921989	0.0494346	0.00925927	0.00113065	0.235988	0.00162042	0.17708	0.0262056	0.0013657	0.00215567	0.00148364	0.00154547	0.0130246	0.0345944	0.310938	0.00511651	0.0128006
