506	20
1	0.277097	0.013117	0.00581244	0.0483221	0.0093484	0.00744257	0.102411	0.0297878	0.0590306	0.0179953	0.00638101	0.00500163	0.0498881	0.0310607	0.03699	0.0996438	0.0300385	0.0814332	0.0379878	0.0512108
2	0.296594	0.0135879	0.0166201	0.0152208	0.00161754	0.133242	0.0044263	0.00863226	0.00648672	0.0108755	0.00930432	0.02179	0.0127493	0.0053636	0.00716717	0.271596	0.131911	0.0288668	0.000820946	0.00312775
3	0.551362	0.00422284	0.00211742	0.00780119	0.00307549	0.276543	0.00124498	0.00984318	0.00135573	0.011827	0.014966	0.00251936	0.00431633	0.00546045	0.00153841	0.0400408	0.0249157	0.0350294	0.000870983	0.000950244
4	0.0564368	0.00533298	0.0014865	0.00132048	0.00061212	0.82954	0.00234382	0.00135308	0.00646136	0.00159063	0.00446413	0.00996892	0.00420902	0.00799293	0.00814176	0.0467947	0.00904556	0.00207571	0.000425274	0.000404235
5	0.0285215	0.00183359	0.00166371	0.00351002	0.0825243	0.00943945	0.00492623	0.136131	0.00818256	0.375303	0.0860844	0.00522729	0.0229489	0.0121827	0.0105592	0.00723111	0.0311491	0.135067	0.023105	0.0144112
6	0.0443218	0.0025408	0.0581848	0.024784	0.00345337	0.206326	0.021229	0.00908587	0.211496	0.0424661	0.00515296	0.0249408	0.150492	0.00918531	0.0872713	0.0202707	0.0588421	0.0112578	0.00133472	0.00736529
7	0.348295	0.00274312	0.00944152	0.0131356	0.00751164	0.147941	0.0312938	0.005162	0.052622	0.0418462	0.013133	0.045433	0.00374352	0.0211243	0.0366139	0.149475	0.0298708	0.0314084	0.00646118	0.00274478
8	0.100302	0.0131826	0.00121223	0.00125799	0.0263294	0.00995947	0.00160615	0.282677	0.00109862	0.197254	0.0223433	0.00208042	0.0100523	0.00320502	0.00305539	0.00592951	0.024451	0.281316	0.00238661	0.0103013
9	0.321162	0.025549	0.00190932	0.00306399	0.00122122	0.0344829	0.00497842	0.0508016	0.00542104	0.0953824	0.0651076	0.0287609	0.00946788	0.00690364	0.00639504	0.0961685	0.142839	0.0991523	0.000389051	0.000844317
10	0.0148696	0.00611916	0.000437645	0.000434115	0.019862	0.00143886	0.000460721	0.0540398	0.000520859	0.704864	0.139522	0.000452517	0.000272895	0.000553167	0.000514017	0.00186797	0.0113108	0.0387102	0.00287382	0.000875537
11	0.0799555	0.00177888	0.00918666	0.0141241	0.0761954	0.00409401	0.0239154	0.00601933	0.0176527	0.406381	0.114439	0.0303346	0.00263566	0.011999	0.0385979	0.0704486	0.0381017	0.0188005	0.00705715	0.0282835
12	0.0628496	0.000553878	0.01927	0.000952405	0.000793354	0.00431501	0.0670805	0.00897853	0.225841	0.00992932	0.00466876	0.0816792	0.000504598	0.0514388	0.367567	0.0460103	0.0418484	0.00479695	0.000396063	0.00052651
13	0.0696212	0.0015222	0.0229635	0.00947034	0.0152424	0.0173197	0.00532713	0.0899062	0.0738669	0.0708694	0.165431	0.0167881	0.00537856	0.0990149	0.0531662	0.0461976	0.112046	0.116959	0.00556367	0.00334615
14	0.0279641	0.0070838	0.0200547	0.00884211	0.00329066	0.0657441	0.0146245	0.00517706	0.0118331	0.00608347	0.00395316	0.689671	0.00252611	0.0123987	0.0169357	0.0708741	0.0190029	0.009808	0.0015963	0.00253621
15	0.0960553	0.0470275	0.0109079	0.0149494	0.00788653	0.013577	0.113496	0.0136854	0.218717	0.0146674	0.0122563	0.0140815	0.00804606	0.20376	0.0267602	0.0325815	0.070168	0.0699024	0.00448696	0.00698782
16	0.0325047	0.00141326	0.154667	0.216695	0.00273492	0.189125	0.0608343	0.00153897	0.0431163	0.00300794	0.00919611	0.0501544	0.00102985	0.0451042	0.106181	0.050311	0.0243455	0.00262607	0.00195029	0.00346445
17	0.0218827	0.00216789	0.00861118	0.00417398	0.000547702	0.897183	0.00298935	0.000732025	0.00697644	0.00113841	0.00386854	0.0121173	0.0032133	0.00840403	0.00842735	0.0140111	0.00156437	0.00111815	0.000365842	0.000507038
18	0.0126669	0.0108594	0.00187052	0.0012094	0.369825	0.00125532	0.02023	0.038683	0.00133295	0.18367	0.03943	0.00451293	0.00131315	0.00415224	0.0075127	0.00520655	0.00792885	0.0408024	0.0339842	0.213555
19	0.172529	0.00160758	0.200997	0.239655	0.00376809	0.0284689	0.0288185	0.00625301	0.0592397	0.0151948	0.0211793	0.0390693	0.0175601	0.047878	0.0433153	0.0319281	0.0228835	0.0132492	0.00242173	0.00398391
20	0.0294744	0.784132	0.00710459	0.00747831	0.005736	0.00847621	0.00908702	0.00904904	0.00814319	0.00989705	0.007532	0.00960399	0.0044866	0.00946378	0.00932414	0.0272415	0.0361681	0.0105701	0.00272758	0.00430464
21	0.041015	0.00375186	0.0551325	0.0547637	0.00852583	0.0109213	0.0235363	0.0818866	0.0755292	0.110687	0.120766	0.0116733	0.0559613	0.0737778	0.0841613	0.0190891	0.0712302	0.0899473	0.00320666	0.00443763
22	0.116006	0.010164	0.039109	0.0369573	0.00159744	0.185265	0.00245592	0.00254035	0.0106149	0.00309955	0.00490513	0.00433138	0.0151624	0.00739299	0.0074675	0.433149	0.10735	0.0101392	0.000768627	0.00152481
23	0.0295765	0.779455	0.0075518	0.00732052	0.00536665	0.00947461	0.00866671	0.00934434	0.00813212	0.0109672	0.00812996	0.00976866	0.00443675	0.00995712	0.00921187	0.0255895	0.0378294	0.0114366	0.00263471	0.00514956
24	0.540612	0.00606925	0.0141433	0.0216437	0.00164306	0.154202	0.003389	0.00358665	0.00452711	0.00521875	0.00572488	0.00856772	0.00905957	0.00466158	0.00438286	0.156654	0.0364458	0.0159879	0.000754312	0.00272646
25	0.0152116	0.011669	0.00268799	0.00107529	0.303184	0.0012912	0.0214761	0.0437549	0.00175518	0.2541	0.048488	0.00532886	0.00220465	0.0031963	0.00788204	0.00488287	0.00959488	0.058002	0.0431085	0.161107
26	0.110173	0.000867493	0.295893	0.228327	0.00155558	0.0373035	0.0147529	0.00311616	0.0377952	0.00547835	0.00258079	0.0573546	0.00673949	0.0694956	0.0364185	0.0600789	0.022296	0.00580466	0.00156107	0.00240723
27	0.0407663	0.00922013	0.00524305	0.00507208	0.283212	0.00430687	0.0230373	0.0577999	0.00539523	0.0821542	0.0281863	0.00778576	0.00315618	0.0288576	0.052038	0.0132841	0.0138136	0.0781501	0.0420289	0.216493
28	0.0585717	0.644965	0.00739033	0.00736748	0.00509027	0.00995357	0.00776455	0.0182171	0.00721348	0.0149884	0.0117535	0.0100707	0.00434193	0.0114388	0.00931214	0.0438987	0.0950058	0.0261997	0.00279017	0.00366681
29	0.129693	0.00681146	0.0196879	0.0715199	0.0211947	0.0178575	0.0185366	0.0739889	0.0583387	0.149777	0.104145	0.0349832	0.00864634	0.0539904	0.0768364	0.0462193	0.0380831	0.0495059	0.00783879	0.0123464
30	0.0919473	0.00368253	0.0997924	0.0487182	0.00579459	0.0186997	0.0362645	0.0196604	0.108639	0.0145402	0.00873618	0.116781	0.0145809	0.0262554	0.0489498	0.151019	0.148596	0.0281097	0.00317525	0.00605859
31	0.0510738	0.00509124	0.00425637	0.00349856	0.000896103	0.800461	0.00388821	0.00154192	0.0080821	0.00201818	0.00470261	0.0109872	0.00456851	0.0089269	0.0091433	0.0646384	0.0129188	0.00198311	0.00069381	0.000629987
32	0.169058	0.0135546	0.00293482	0.00244918	0.0243001	0.0225028	0.0019946	0.178677	0.00200848	0.162449	0.0105612	0.00260303	0.0166123	0.00223782	0.00466549	0.00756802	0.033398	0.334786	0.00116967	0.00647062
33	0.106441	0.00147105	0.0270791	0.128647	0.00592585	0.0202397	0.0935873	0.0127752	0.15286	0.0207977	0.0133005	0.0166985	0.0119227	0.108374	0.179057	0.0269435	0.0391965	0.0229621	0.0013227	0.0103992
34	0.272067	0.0167808	0.0127737	0.0177358	0.0146601	0.030715	0.045102	0.0448432	0.0158131	0.100157	0.0307195	0.0207859	0.0106791	0.0215215	0.0253485	0.114086	0.0774099	0.106619	0.00748648	0.0146952
35	0.0596865	0.0282017	0.00102911	0.00188304	0.0843701	0.0045623	0.0045086	0.289315	0.00143044	0.156787	0.0512252	0.00520185	0.00144127	0.0119137	0.00328722	0.0157543	0.0278677	0.224954	0.00881613	0.0177655
36	0.337768	0.00676984	0.00472866	0.00342697	0.00164523	0.0262174	0.00638175	0.0258227	0.00349098	0.0281981	0.0179387	0.0462229	0.00853634	0.00282442	0.00547442	0.211651	0.190429	0.0693997	0.00115059	0.00192396
37	0.0763567	0.00246311	0.141666	0.0372691	0.0388272	0.00465243	0.0333442	0.0346302	0.013617	0.00623249	0.012709	0.0302649	0.00302212	0.0145163	0.00679281	0.0590974	0.130509	0.0474223	0.243485	0.0631231
38	0.0635782	0.00117588	0.242725	0.470661	0.00293072	0.0200436	0.0112657	0.00463979	0.0213941	0.0060314	0.00319407	0.026265	0.00651944	0.0370028	0.0312568	0.0260189	0.014387	0.00635101	0.00234224	0.00221816
39	0.30773	0.0305513	0.00175445	0.00262651	0.00225009	0.0352039	0.00453858	0.0567014	0.0057429	0.102516	0.0777078	0.0266875	0.00694428	0.0130389	0.00542329	0.0896375	0.128691	0.101076	0.000573219	0.000605772
40	0.167783	0.000210472	0.229403	0.29837	0.00311145	0.0299158	0.0207173	0.00670199	0.046081	0.00786033	0.00230548	0.0402584	0.0115732	0.042698	0.0317979	0.0288565	0.0210537	0.00802601	0.000585055	0.00269052
41	0.0214732	0.0166152	0.00403111	0.000989233	0.217314	0.00100235	0.0338663	0.0479176	0.00124189	0.29939	0.054877	0.00566693	0.00198654	0.00358421	0.0134294	0.00480894	0.0101253	0.0880614	0.0419431	0.131676
42	0.00879667	0.0103566	0.00154941	0.000724875	0.3706	0.00115664	0.0140813	0.0486678	0.00108521	0.245769	0.0475497	0.00478013	0.0026384	0.00140794	0.00410756	0.00459172	0.00740893	0.042539	0.0380005	0.144189
43	0.264573	0.000447478	0.145251	0.203194	0.00100769	0.0403182	0.0105703	0.00191056	0.051952	0.00282582	0.000679005	0.0482895	0.00259603	0.0645279	0.0513703	0.0692556	0.0326368	0.00742981	0.000171025	0.000993977
44	0.215919	0.000422613	0.0265685	0.17251	0.000559914	0.014388	0.0278115	0.00103686	0.145112	0.00714291	0.00746759	0.0246487	0.00341861	0.125567	0.151266	0.0129468	0.0460679	0.0164238	0.000271242	0.000451501
45	0.00665907	0.0025045	0.00271241	0.00285395	0.00257332	0.00282892	0.7407	0.00294	0.00316885	0.00366408	0.0156439	0.0955224	0.00166184	0.00445579	0.00355424	0.00577808	0.00702148	0.00362839	0.0152396	0.0768896
46	0.0925845	0.00212271	0.0551231	0.0252728	0.00194625	0.0159736	0.00442017	0.00418031	0.00471132	0.00462776	0.00350115	0.00704635	0.181577	0.00567392	0.0184881	0.422632	0.141214	0.00565664	0.00115906	0.00208885
47	0.0103122	0.00356338	0.000441756	0.000473244	0.0169395	0.000649198	0.000407561	0.463169	0.000428148	0.235037	0.0270661	0.000576462	0.00597418	0.000820293	0.000743605	0.00102234	0.00496264	0.22367	0.000746652	0.00299654
48	0.146149	0.000901152	0.0684753	0.064068	0.00100726	0.0158679	0.0170757	0.0105505	0.022469	0.00192568	0.00581643	0.0304862	0.0299899	0.0280131	0.0211574	0.301572	0.212776	0.0186813	0.000544258	0.00247425
49	0.142535	0.000443647	0.119595	0.442684	0.00919902	0.0126933	0.00944175	0.00083246	0.0199986	0.00666681	0.000842008	0.00132557	0.00059645	0.0749848	0.0286008	0.051653	0.0257367	0.0266972	0.0250076	0.000465983
50	0.0158241	0.00601815	0.000410736	0.000512159	0.0220198	0.00156217	0.000612834	0.0547011	0.000726491	0.699588	0.136695	0.00049549	0.000409608	0.000866087	0.000901981	0.00204157	0.0117286	0.0406142	0.00304918	0.00122299
51	0.185284	0.00929269	0.0139136	0.0548478	0.0276929	0.0308389	0.010451	0.0403472	0.0441405	0.137813	0.0522625	0.0163409	0.00230794	0.0733046	0.108202	0.0879666	0.0324226	0.0476903	0.00856712	0.0163134
52	0.0298571	0.000724971	0.0861514	0.0258609	0.000921942	0.0173527	0.00920738	0.00721618	0.0137032	0.00175215	0.00129059	0.0576469	0.0157225	0.00601024	0.0101682	0.460601	0.250683	0.00372537	0.000692307	0.000712214
53	0.0943508	0.00240347	0.254269	0.15457	0.00516603	0.237091	0.00820082	0.0103299	0.0093754	0.0107404	0.010518	0.0322636	0.0175138	0.0144898	0.0116062	0.0933596	0.0176655	0.00545983	0.00471166	0.00591489
54	0.0385167	0.00084237	0.00202767	0.00967863	0.200443	0.0023434	0.0794078	0.00414522	0.00973885	0.0220456	0.0161768	0.00239595	0.00118523	0.0233265	0.0391701	0.0229057	0.0178794	0.00532057	0.0141268	0.488324
55	0.143081	0.000588842	0.131478	0.426371	0.0109953	0.0132119	0.0118543	0.00138467	0.0219938	0.00607561	0.000814643	0.00340433	0.000946632	0.0729475	0.0289759	0.0477414	0.0249151	0.0251187	0.0274539	0.000646689
56	0.0205715	0.00939268	0.000456005	0.000508573	0.0171834	0.00186528	0.000488054	0.0523687	0.000497845	0.697744	0.130534	0.00045776	0.000258082	0.000602775	0.000530655	0.00211414	0.0142766	0.0468305	0.00269611	0.000622946
57	0.113588	0.00127598	0.166047	0.234715	0.00278115	0.110472	0.0312803	0.00247366	0.0488515	0.00379769	0.00510323	0.0556246	0.00596943	0.0473584	0.074555	0.0602885	0.0247121	0.00600535	0.00167086	0.00343044
58	0.188582	0.0110865	0.0127465	0.0549009	0.0291427	0.0303858	0.0121768	0.0398735	0.0428653	0.140521	0.0514256	0.0152251	0.00248625	0.0706619	0.104616	0.0873899	0.031499	0.0477192	0.00897551	0.01772
59	0.0192196	0.00127822	0.000559	0.000479534	0.000267281	0.923682	0.00180427	0.000577663	0.00592473	0.000731423	0.00330974	0.00966972	0.00287257	0.00766883	0.00784019	0.0120854	0.000846961	0.000636486	0.000281042	0.000264889
60	0.0053163	0.000801962	0.00208012	0.00280964	0.00120557	0.00192761	0.00831753	0.002424	0.0069801	0.00350453	0.00182919	0.00276339	0.00123315	0.00364385	0.936914	0.00423717	0.00485765	0.00713062	0.000730613	0.00129278
61	0.00916318	0.00340257	0.000369638	0.000367284	0.0188525	0.00054319	0.000399114	0.477472	0.000467858	0.234381	0.0287354	0.000425468	0.00419526	0.000826126	0.000745728	0.000873281	0.0054103	0.209367	0.000904401	0.00309888
62	0.307802	0.017085	0.00346215	0.00383935	0.00143664	0.0375707	0.00552698	0.0329752	0.00271618	0.0444054	0.0295623	0.0331519	0.0249572	0.00281198	0.00383366	0.191012	0.169796	0.0863169	0.000478538	0.00126034
63	0.0269316	0.00179014	0.0488067	0.415296	0.018482	0.035067	0.196879	0.00373958	0.00441427	0.0345525	0.00348606	0.03331	0.00238181	0.0775612	0.0209926	0.00798596	0.0233151	0.005522	0.00127779	0.0382091
64	0.0078917	0.000630282	0.00191393	0.00226956	0.000787329	0.00126574	0.00141897	0.00176591	0.00192418	0.0063077	0.00109039	0.0151284	0.886949	0.00161114	0.00664604	0.0384461	0.0205665	0.00221788	0.00047279	0.000696689
65	0.0402482	0.00972503	0.423996	0.0359136	0.00191284	0.0125509	0.00531549	0.0320508	0.0318672	0.0301392	0.0141765	0.0827397	0.0124992	0.0164539	0.0500426	0.114006	0.0604326	0.0146739	0.00948757	0.00176896
66	0.00788918	0.0269474	0.00281214	0.00327114	0.00191139	0.0189136	0.423841	0.00317026	0.145013	0.00367389	0.00285224	0.00296947	0.00167493	0.0167939	0.25329	0.00571846	0.0349515	0.00423966	0.000946179	0.039121
67	0.0101198	0.00973727	0.000995033	0.00157669	0.426222	0.000935471	0.0127293	0.0269672	0.0018352	0.125098	0.0292616	0.00457863	0.000546961	0.00433707	0.00552526	0.00597462	0.00757096	0.0149861	0.0294352	0.281568
68	0.0202775	0.0019776	0.00424016	0.209583	0.00217557	0.00359283	0.00347239	0.0303138	0.0780531	0.0952475	0.00435194	0.00376126	0.00185533	0.201383	0.173455	0.0180218	0.0654984	0.0799318	0.00113365	0.00167477
69	0.189268	0.00236994	0.0493308	0.104431	0.00446694	0.023815	0.0237047	0.0141445	0.0383944	0.01257	0.000974183	0.000791113	0.337545	0.0198156	0.057806	0.0787869	0.0107722	0.0226701	0.000558511	0.0077859
70	0.018916	0.00985196	0.00118899	0.000560662	0.00276372	0.000525263	0.000907296	0.423762	0.000566786	0.0480141	0.0132656	0.00246091	0.000411444	0.00252692	0.000743672	0.0035523	0.0139025	0.454268	0.00021045	0.001602
71	0.112523	0.00871772	0.0578434	0.054944	0.000942353	0.140222	0.00170881	0.00158496	0.0104383	0.00166135	0.00248285	0.00201312	0.0169906	0.007633	0.00786161	0.446315	0.113413	0.0111943	0.000447186	0.00106351
72	0.0654099	0.0110381	0.0421229	0.0281145	0.044313	0.0220492	0.0278229	0.0322927	0.0235573	0.048608	0.022182	0.0256926	0.0115156	0.0276517	0.0269742	0.0449458	0.0600553	0.0448606	0.335518	0.0552762
73	0.0586984	0.000407358	0.444906	0.254314	0.000613016	0.0169953	0.00452202	0.000798567	0.0109695	0.00585601	0.000771301	0.0278161	0.0124458	0.0981355	0.00623977	0.0415312	0.0126084	0.00156049	0.000357794	0.000452451
74	0.143482	0.000368645	0.135977	0.4259	0.00982047	0.0136114	0.0116358	0.00125426	0.0212102	0.00590332	0.000801672	0.00355678	0.00105096	0.0726225	0.0287557	0.0480107	0.0254041	0.0257403	0.0242667	0.000628339
75	0.334693	0.013838	0.0104961	0.00938445	0.00698468	0.0410402	0.0077698	0.0670142	0.00671953	0.0515016	0.0300755	0.0189994	0.00926764	0.00795174	0.00842064	0.124009	0.111692	0.131758	0.00258333	0.00580124
76	0.00300238	0.0104168	0.00075386	0.000730569	0.472082	0.000869357	0.00409594	0.0390617	0.00078549	0.170992	0.0364075	0.00709854	0.000433914	0.00122008	0.00125513	0.00317797	0.00387295	0.0133467	0.0189278	0.211469
77	0.224232	0.000583045	0.153186	0.211339	0.000983001	0.0460852	0.011365	0.00166774	0.0553508	0.00221089	0.000677177	0.0529268	0.00274222	0.0665503	0.0568609	0.0702167	0.0340266	0.00784475	0.000161876	0.00098978
78	0.0319325	0.00096976	0.0340572	0.113859	0.00418405	0.00769628	0.0386712	0.138888	0.0587498	0.130201	0.0770992	0.00452552	0.0129208	0.069897	0.146389	0.00241561	0.0462751	0.0803351	0.000338592	0.000595288
79	0.0491809	0.0118635	0.00149361	0.000636355	0.00638701	0.00263539	0.00121971	0.334879	0.000748144	0.0635849	0.0160276	0.00316373	0.00186714	0.00177604	0.00107168	0.004436	0.0150284	0.481991	0.000385487	0.00162483
80	0.55485	0.00400717	0.00202715	0.00907786	0.00292319	0.268438	0.001253	0.00925869	0.00128473	0.01097	0.0153571	0.00224913	0.00403838	0.0049644	0.00130925	0.0430815	0.0290065	0.0344798	0.00064473	0.000779583
81	0.103422	0.00105079	0.00798269	0.0979044	0.0156834	0.0357387	0.181392	0.0220476	0.0760452	0.0166901	0.0100396	0.0018805	0.0039691	0.147229	0.141236	0.0461934	0.0414779	0.019938	0.00174807	0.0283307
82	0.0171761	0.00207422	0.000534257	0.00073669	0.116283	0.00310959	0.00286131	0.193857	0.00819928	0.418983	0.0549857	0.00109989	0.00239126	0.00160874	0.0091629	0.00349346	0.0150857	0.124838	0.0130868	0.0104329
83	0.0627471	0.000550476	0.0192763	0.000950445	0.000795169	0.00434955	0.0671303	0.00889865	0.22507	0.00986285	0.0047442	0.0820669	0.000478632	0.0516549	0.3686	0.0452219	0.0418062	0.00486434	0.000404647	0.000527287
84	0.382393	0.00102475	0.00255387	0.0252672	0.00210072	0.182569	0.00720727	0.00207528	0.0822866	0.022192	0.0101664	0.0320329	0.00174878	0.0419402	0.0623002	0.0963032	0.0284968	0.014594	0.0016359	0.0011115
85	0.0488635	0.000885425	0.00152716	0.00690841	0.0559628	0.00573226	0.00281684	0.136387	0.0053176	0.301452	0.149438	0.00449568	0.0137728	0.0332965	0.00976901	0.00833938	0.0319736	0.154384	0.00723049	0.0214475
86	0.0135352	0.000558262	0.533157	0.0331085	0.000847787	0.021028	0.0584017	0.00170947	0.0282095	0.0019095	0.00213896	0.192891	0.000792109	0.0237113	0.0196768	0.0425203	0.0164751	0.00582782	0.000543793	0.00295822
87	0.0202199	0.00146662	0.0157695	0.228269	0.00190355	0.00350817	0.00324552	0.00324886	0.0427734	0.00440136	0.0369475	0.0157572	0.00167303	0.383163	0.18978	0.0341987	0.00681037	0.00421238	0.00100606	0.0016456
88	0.301209	0.0311345	0.00144426	0.00278778	0.00152285	0.0294658	0.00584647	0.0634022	0.00235199	0.0952739	0.0599028	0.0169801	0.00731463	0.00469034	0.00247307	0.0865981	0.148988	0.136827	0.000274487	0.0015131
89	0.26288	0.0043962	0.0698241	0.028284	0.0296121	0.0238235	0.00851712	0.152399	0.00448419	0.101899	0.00507065	0.021758	0.00272382	0.00812603	0.00623753	0.0753914	0.0113179	0.15062	0.00541507	0.0272204
90	0.00478355	0.0121493	0.000927682	0.000726707	0.470579	0.000701931	0.00887686	0.0333625	0.000812244	0.166632	0.0362702	0.00480426	0.000727924	0.00148926	0.00215194	0.00545973	0.00475949	0.0200218	0.0301977	0.194566
91	0.0297289	0.00379363	0.00240337	0.00454238	0.301841	0.00207818	0.0317191	0.0154174	0.00530491	0.054781	0.0216571	0.00368474	0.0012236	0.013325	0.0179102	0.0178488	0.0142062	0.0119606	0.0281819	0.418392
92	0.194293	0.0135618	0.00502957	0.00511605	0.0198863	0.0201864	0.005409	0.0547367	0.00752009	0.0647431	0.0761222	0.0146996	0.00643579	0.0160656	0.00877295	0.172809	0.203009	0.106287	0.00186295	0.00345375
93	0.0828558	0.00981197	0.0333931	0.0232756	0.00241723	0.0468984	0.00949742	0.0110626	0.0108395	0.00928629	0.0103179	0.0232878	0.0171179	0.0100313	0.0110275	0.364827	0.303599	0.0161	0.00181672	0.00253723
94	0.141928	0.0147013	0.00362688	0.00341068	0.00130931	0.653593	0.00315133	0.00451973	0.0066745	0.00379463	0.00579612	0.00983239	0.00842604	0.00853	0.00724886	0.0952628	0.0191116	0.00712389	0.00104869	0.000910429
95	0.0177801	0.00104384	0.00691416	0.00924311	0.0017142	0.00513421	0.0168629	0.00443193	0.101605	0.0100552	0.00367563	0.0140587	0.00433268	0.0173021	0.746729	0.01348	0.0133768	0.00965191	0.000737083	0.0018718
96	0.258902	0.0197869	0.00394002	0.0126144	0.00344481	0.0355251	0.00589439	0.0574114	0.00343734	0.0637362	0.0472724	0.0159848	0.00687595	0.00429348	0.00493269	0.138658	0.236814	0.0778601	0.000693016	0.00192359
97	0.171834	0.0153809	0.0325455	0.0296592	0.00117095	0.128403	0.00231112	0.00303774	0.00662593	0.00451684	0.00291201	0.0105594	0.0412706	0.00544662	0.0061793	0.405114	0.109051	0.0218716	0.000567715	0.00154324
98	0.0528406	0.0104147	0.0121368	0.00841306	0.00639759	0.0140587	0.011704	0.0261662	0.0105162	0.0560585	0.0117433	0.558699	0.00501511	0.0135144	0.0151154	0.0464498	0.110356	0.0223589	0.00335244	0.00468978
99	0.011776	0.00113743	0.0689153	0.852502	0.00184576	0.00333957	0.00393973	0.00382871	0.00419805	0.00413038	0.00276871	0.00358065	0.0014531	0.00666903	0.00884536	0.00677623	0.0062818	0.00468393	0.00166797	0.00166038
100	0.398925	0.00793148	0.00482433	0.00382727	0.00143754	0.0274938	0.00716146	0.0197886	0.00283668	0.0248682	0.0167428	0.0398122	0.0166868	0.00275612	0.00608954	0.17266	0.173601	0.0697671	0.000516145	0.00227361
101	0.447597	0.00590897	0.0109169	0.0110968	0.00287952	0.0824927	0.00542031	0.00583978	0.00387356	0.00813477	0.00702697	0.0221974	0.00880756	0.00493924	0.00572391	0.230628	0.0895735	0.0249274	0.00105428	0.0209621
102	0.0126549	0.00704283	0.00105646	0.00202812	0.426377	0.00105558	0.0173943	0.0186044	0.00219902	0.0740024	0.0221348	0.00288564	0.000513724	0.00684127	0.00707409	0.00683509	0.00989485	0.0111774	0.041049	0.329179
103	0.0242742	0.012969	0.000510822	0.000524527	0.0149052	0.00260346	0.000582161	0.0393929	0.000487176	0.701229	0.132848	0.000492438	0.000298395	0.000573766	0.000519496	0.00200601	0.0165787	0.0463986	0.00254192	0.000264659
104	0.0217476	0.0067803	0.00157152	0.00227651	0.369044	0.00124289	0.0196014	0.0217286	0.00257504	0.111681	0.026247	0.00370666	0.000852659	0.00744941	0.00919361	0.00659318	0.0140947	0.0225654	0.0469104	0.304138
105	0.370905	0.00927832	0.00611835	0.0134608	0.0030017	0.208285	0.00630127	0.00732396	0.0206252	0.0125131	0.00995719	0.0113919	0.00490914	0.184018	0.0164349	0.072139	0.0209258	0.0190639	0.00156871	0.0017789
106	0.0241793	0.00164349	0.00221171	0.00293582	0.0931284	0.00465354	0.00512416	0.139786	0.0312105	0.387565	0.0725426	0.00693229	0.00538908	0.00918408	0.0184398	0.00625211	0.0232534	0.124072	0.0243146	0.0171819
107	0.0229701	0.00831456	0.00294975	0.00176346	0.195612	0.00168135	0.0197074	0.0612161	0.00350817	0.364397	0.0760621	0.00537661	0.00341165	0.00319456	0.00897401	0.00770913	0.0153426	0.0833742	0.0305306	0.0839045
108	0.540507	0.00701745	0.00228822	0.00877876	0.00481061	0.241682	0.00185964	0.0201591	0.00173142	0.0197853	0.0213021	0.00226902	0.00227583	0.00702857	0.00177904	0.0301012	0.0275072	0.0567879	0.00138314	0.000946877
109	0.00440678	0.000804017	0.00188548	0.00210461	0.00109776	0.00195706	0.00778047	0.00218329	0.00653	0.00211325	0.00152172	0.00291563	0.000969805	0.00261441	0.94466	0.00417722	0.00398771	0.00668005	0.00060379	0.00100671
110	0.188582	0.0110865	0.0127465	0.0549009	0.0291427	0.0303858	0.0121768	0.0398735	0.0428653	0.140521	0.0514256	0.0152251	0.00248625	0.0706619	0.104616	0.0873899	0.031499	0.0477192	0.00897551	0.01772
111	0.00296813	0.0104111	0.000755392	0.000728817	0.472781	0.000865325	0.00400172	0.0390059	0.000787263	0.170339	0.0363166	0.00710056	0.000424309	0.00124776	0.00123055	0.0031809	0.00386101	0.0131006	0.018843	0.212051
112	0.0174871	0.00124785	0.00164297	0.00079058	0.000605025	0.916899	0.0027063	0.000591752	0.00691333	0.00101612	0.00336285	0.0110374	0.00268659	0.00855596	0.0104988	0.0112797	0.00110636	0.000687605	0.000444235	0.000440789
113	0.0125677	0.00144776	0.00388792	0.00526337	0.001175	0.00206863	0.00812637	0.00323639	0.00180649	0.00280758	0.00270268	0.0171127	0.0012063	0.00209636	0.00234783	0.291832	0.635591	0.00299185	0.000759054	0.00097311
114	0.00678691	0.00315253	0.00931907	0.00165517	0.000636427	0.0120944	0.00620391	0.00131859	0.0013683	0.00337133	0.00105097	0.903588	0.000554493	0.00523809	0.0015287	0.0286314	0.00727922	0.00499508	0.000419172	0.000808058
115	0.0114729	0.00244584	0.00822563	0.00261144	0.00106961	0.00772264	0.0871755	0.00216749	0.00260286	0.0037694	0.00199295	0.787477	0.000921876	0.00462268	0.00279596	0.0576892	0.0079024	0.00569209	0.000545211	0.00109753
116	0.0168245	0.00464041	0.000491772	0.000671267	0.0411515	0.00201867	0.00094881	0.0764035	0.00234158	0.633551	0.128107	0.00064606	0.00141075	0.00199976	0.00254597	0.00256343	0.0131798	0.0608151	0.00542827	0.0042614
117	0.108011	0.00263696	0.139031	0.113237	0.00655695	0.0163235	0.0168276	0.0149852	0.0694595	0.0107166	0.0100175	0.0650684	0.25929	0.0384308	0.0371362	0.0337617	0.0252839	0.024361	0.005047	0.00381875
118	0.0197685	0.00179154	0.572931	0.0408575	0.00165837	0.0171567	0.0328611	0.00459071	0.0232779	0.00414633	0.00356115	0.182312	0.00198082	0.0210615	0.0153478	0.0334031	0.0139698	0.00583691	0.00139766	0.0020892
119	0.18337	0.397856	0.00814732	0.00743467	0.00798624	0.0411438	0.00778249	0.0102939	0.00668589	0.0245867	0.0187508	0.0162488	0.0053808	0.0105639	0.00940905	0.13558	0.0785967	0.0232519	0.00246726	0.00446324
120	0.310329	0.0102385	0.0170497	0.0173006	0.00332615	0.062672	0.00894437	0.0124966	0.00942719	0.0176379	0.0122147	0.0293515	0.0194862	0.00986628	0.0129742	0.295518	0.108518	0.0376337	0.00139586	0.00361949
121	0.0453649	0.00690855	0.12287	0.0340599	0.0682581	0.0612763	0.0578449	0.022967	0.0308908	0.0193859	0.0322424	0.200236	0.00577997	0.0336041	0.0797285	0.043974	0.0342344	0.0164522	0.0115691	0.0723533
122	0.0178608	0.00686047	0.0016258	0.00154852	0.188239	0.00210449	0.0114997	0.108728	0.00435404	0.351903	0.0763248	0.00364702	0.0032986	0.00540143	0.00810851	0.00476816	0.0137266	0.0873783	0.0234022	0.0792211
123	0.0304165	0.785577	0.00722429	0.00696192	0.00525152	0.00901684	0.00777499	0.00825827	0.00768269	0.0112144	0.00735311	0.00947892	0.00431855	0.00916983	0.0090923	0.0266813	0.0363991	0.010809	0.00260846	0.00471125
124	0.0164562	0.00439657	0.00822412	0.00950007	0.00705031	0.00951875	0.674118	0.00503547	0.0132992	0.00687764	0.0162513	0.0787665	0.00351047	0.0204402	0.0173618	0.0124911	0.013305	0.00802065	0.0124194	0.0629573
125	0.212583	0.00523515	0.0718342	0.203422	0.00711664	0.0275166	0.0265143	0.013967	0.0257321	0.0203001	0.00978016	0.022039	0.00771829	0.0730265	0.0336755	0.126672	0.0477588	0.0502131	0.0100554	0.00484069
126	0.314008	0.00401021	0.0147843	0.00980966	0.0016625	0.0462095	0.00473538	0.0041469	0.00315642	0.00574817	0.00399059	0.0230476	0.11159	0.00319594	0.00779623	0.30505	0.108077	0.0254837	0.000663114	0.00283391
127	0.0128243	0.00183295	0.0031574	0.00486371	0.00121961	0.00222952	0.00762205	0.00330126	0.00183072	0.00276727	0.00315981	0.0161362	0.0011312	0.00207045	0.00220854	0.290406	0.638828	0.00278979	0.000657208	0.000963475
128	0.106494	0.00727557	0.0438821	0.040879	0.00134201	0.166188	0.00330686	0.00239541	0.0142626	0.00297214	0.00490129	0.00562239	0.0141176	0.00818521	0.0082587	0.435489	0.122254	0.00976796	0.000775796	0.00162975
129	0.0793074	0.00187469	0.00910708	0.0174978	0.0104777	0.00235431	0.00267041	0.0499958	0.0138997	0.0179708	0.00215806	0.00259264	0.00203044	0.0115879	0.0299621	0.0671949	0.142698	0.498378	0.0253258	0.0129167
130	0.529596	0.00478134	0.00171817	0.00716125	0.00264507	0.304007	0.00121475	0.00837057	0.00141022	0.0100416	0.0146325	0.00274988	0.00551447	0.00496607	0.00161861	0.0452698	0.0233216	0.0294588	0.00074659	0.000775181
131	0.0161228	0.00674219	0.00043526	0.000447562	0.0161308	0.0014538	0.000420821	0.0377484	0.000486784	0.727085	0.135092	0.000446523	0.000227079	0.000478989	0.000463404	0.00217676	0.011767	0.0393213	0.00251466	0.000438534
132	0.115756	0.00209266	0.0212344	0.00488296	0.00390043	0.0804462	0.00720725	0.0402847	0.139915	0.0561547	0.00710941	0.0654388	0.0558088	0.0403221	0.0585969	0.106873	0.129363	0.0444608	0.00200326	0.0181482
133	0.106678	0.00274717	0.00426695	0.00486722	0.00561384	0.00683848	0.00428804	0.0102981	0.00394687	0.0255122	0.0576051	0.00802344	0.0024492	0.0331223	0.00572208	0.379378	0.236172	0.0982911	0.00157617	0.00260335
134	0.0109273	0.00498508	0.000292975	0.000328423	0.0265076	0.000520789	0.000336756	0.485628	0.000449109	0.214197	0.0359728	0.000494157	0.00284635	0.00107287	0.000742121	0.00114543	0.00692967	0.200862	0.00152399	0.00423767
135	0.031311	0.00205251	0.000748838	0.000690022	0.000326836	0.901464	0.00177371	0.0011837	0.00609473	0.00128853	0.00345672	0.00928682	0.00352622	0.00771938	0.00755603	0.0177471	0.00201233	0.00102448	0.000439515	0.000297731
136	0.0821176	0.00611195	0.00548035	0.00736681	0.0205612	0.00421577	0.00384267	0.24006	0.01613	0.0415089	0.00507715	0.00466312	0.00563978	0.00819767	0.0102484	0.0887517	0.0911397	0.333123	0.0095077	0.0162571
137	0.0413714	0.00161293	0.000684867	0.000648727	0.00045136	0.878865	0.00196638	0.00163218	0.00788778	0.00165381	0.0036977	0.0098416	0.00879129	0.0081615	0.00810358	0.0210236	0.00146859	0.00105512	0.000704508	0.000378476
138	0.161786	0.0088512	0.0231785	0.0368206	0.0124132	0.0237636	0.0256982	0.0426079	0.120706	0.0380016	0.0266413	0.0257655	0.0234921	0.0460277	0.0595566	0.0633048	0.134061	0.111841	0.00599982	0.00948196
139	0.448142	0.010238	0.00438766	0.00745008	0.00154855	0.233632	0.00260603	0.00798165	0.0044823	0.00844504	0.00924766	0.0157086	0.00808588	0.00536398	0.00451249	0.133505	0.0635498	0.0287761	0.000689349	0.00164801
140	0.0826903	0.0424892	0.00429674	0.00595692	0.00384743	0.0395182	0.00353694	0.020872	0.00247463	0.0182102	0.0454452	0.00838627	0.00196973	0.00657336	0.00552095	0.284551	0.409162	0.0100543	0.00125747	0.00318687
141	0.048462	0.0260695	0.00423759	0.0010487	0.00613403	0.00204447	0.00140022	0.290184	0.00117909	0.0604334	0.0120615	0.00494897	0.00351232	0.00219092	0.00117642	0.0126069	0.0241421	0.494502	0.00153377	0.00213189
142	0.0183073	0.00187134	0.030463	0.0646271	0.00235225	0.00961651	0.00502946	0.0264414	0.0368301	0.0626645	0.0189697	0.0213725	0.00193171	0.0657071	0.0619264	0.23328	0.249489	0.0846695	0.00219805	0.00225298
143	0.0172618	0.00328489	0.000764947	0.000957339	0.12326	0.00296105	0.00580371	0.145608	0.00694477	0.427032	0.074502	0.00153338	0.00299884	0.00344103	0.00845786	0.00348775	0.0150937	0.106158	0.0173777	0.0330716
144	0.143586	0.000216256	0.257789	0.306058	0.0029237	0.0271238	0.0199781	0.00593658	0.0425886	0.00739729	0.00230573	0.0393706	0.0129105	0.0464997	0.0273493	0.0287548	0.0185587	0.00761078	0.000613963	0.00242871
145	0.0358193	0.008996	0.427668	0.0391677	0.00681574	0.0245898	0.0233018	0.0187234	0.0259397	0.0159213	0.0292257	0.121599	0.00665098	0.0185529	0.0267406	0.100556	0.042899	0.0142912	0.0057051	0.00683605
146	0.016063	0.00200501	0.000731306	0.000774697	0.141955	0.0033411	0.0060899	0.131709	0.00846564	0.443876	0.0544055	0.00174737	0.00342922	0.00160428	0.00979019	0.00413565	0.0158437	0.106914	0.0233169	0.0238023
147	0.357382	0.187453	0.00314129	0.0034346	0.0022539	0.0164014	0.00343075	0.00498114	0.00334613	0.0197774	0.0148574	0.00397337	0.00191366	0.00424075	0.00428563	0.154358	0.192247	0.0189786	0.0015832	0.00196072
148	0.0269364	0.000680474	0.689762	0.127111	0.0008328	0.00745844	0.0102177	0.00167332	0.0200824	0.00327938	0.00205603	0.0387014	0.00436937	0.0359768	0.00505988	0.0156475	0.00622956	0.00238538	0.000668925	0.000871675
149	0.299441	0.0732961	0.00191089	0.00222432	0.00144805	0.0350378	0.00283917	0.0372382	0.00246368	0.216613	0.110738	0.0143597	0.00235336	0.012592	0.0028774	0.0334199	0.0733472	0.0760281	0.000765141	0.00100641
150	0.00882028	0.00353368	0.000353856	0.000353122	0.0201371	0.000479436	0.000345724	0.491047	0.000427303	0.222641	0.0310772	0.000401596	0.00339827	0.000975508	0.000699669	0.000841468	0.00566177	0.204547	0.000967546	0.00329054
151	0.0177926	0.000366862	0.000581753	0.000784653	0.128909	0.00359778	0.003135	0.149785	0.0102108	0.454814	0.0540091	0.00110522	0.00244511	0.00154911	0.0111124	0.00374925	0.0164541	0.114826	0.0149389	0.00983424
152	0.0573179	0.0277412	0.00100318	0.00176382	0.0848549	0.00413479	0.00445275	0.29536	0.00141014	0.161003	0.0524755	0.00505012	0.00117259	0.011291	0.00317075	0.0162041	0.0260282	0.218018	0.00917469	0.0183729
153	0.0591592	0.0258274	0.00105477	0.00205969	0.0852515	0.00420541	0.00446356	0.283723	0.00218386	0.162729	0.0587025	0.00566362	0.00176969	0.0137606	0.00379262	0.0161252	0.0267832	0.213636	0.0102968	0.0188137
154	0.037081	0.00206948	0.000649268	0.00073074	0.000423847	0.895711	0.0019554	0.00165192	0.00582652	0.00140382	0.0039324	0.00926486	0.00354128	0.00768149	0.00751622	0.0161638	0.00199991	0.00144073	0.000459479	0.000497009
155	0.0995776	0.00468427	0.0076065	0.0133569	0.0153373	0.0380673	0.361789	0.00758915	0.0132018	0.00953058	0.00681952	0.0142479	0.00392179	0.194688	0.0161254	0.0922264	0.0499293	0.0391997	0.00264359	0.00945849
156	0.0128147	0.00383336	0.0412912	0.0077027	0.00384506	0.0154316	0.0102478	0.00560825	0.00676217	0.00600011	0.00340995	0.791835	0.00251963	0.00836707	0.00645293	0.0375825	0.0133067	0.0185218	0.00119747	0.00327013
157	0.164616	0.00591799	0.00491532	0.00980049	0.00642591	0.00616701	0.00413521	0.0571076	0.022451	0.0688013	0.0206656	0.009292	0.251699	0.00821852	0.0230958	0.0532299	0.109258	0.166739	0.00280947	0.00465444
158	0.405089	0.0155984	0.00418082	0.00670276	0.00205676	0.330611	0.00343603	0.00573302	0.00553761	0.00561729	0.00819309	0.0156084	0.0331053	0.00684975	0.00456923	0.106273	0.0227833	0.0154499	0.000834843	0.00177067
159	0.224322	0.00689198	0.0132286	0.00820923	0.00195269	0.0264488	0.00763677	0.0105437	0.00566729	0.0116836	0.0119687	0.0528705	0.00833193	0.0084456	0.00714345	0.312715	0.227524	0.0499252	0.00167747	0.002813
160	0.0291104	0.0269127	0.0148268	0.00249417	0.00126545	0.0185735	0.00434565	0.00460922	0.00324147	0.00622854	0.00730242	0.737066	0.00221621	0.00817389	0.00391992	0.0762527	0.0403409	0.0106417	0.000999881	0.00147828
161	0.359129	0.00591287	0.0115082	0.0198018	0.00763676	0.0297842	0.177089	0.0135662	0.0233498	0.0171196	0.0139355	0.0177913	0.00871391	0.0839602	0.0212713	0.109219	0.0361388	0.029947	0.00570144	0.0084238
162	0.00722403	0.000639843	0.00194389	0.00206103	0.00162233	0.00122886	0.00120607	0.0025163	0.00183193	0.00745183	0.00106775	0.0152373	0.886963	0.00185032	0.00626312	0.0372904	0.020164	0.00227289	0.000509715	0.000655194
163	0.0269686	0.00245566	0.00803677	0.0133418	0.00441886	0.00685596	0.0155104	0.0145557	0.0290415	0.0222627	0.0083767	0.00953301	0.00947684	0.0179594	0.698449	0.0164773	0.0205363	0.0672331	0.00311337	0.0053972
164	0.0816535	0.00578408	0.00797322	0.0124911	0.10208	0.00763329	0.0178227	0.0362313	0.0148216	0.310964	0.116989	0.0217927	0.00435512	0.0176391	0.0297932	0.0696773	0.0559953	0.0473429	0.00933078	0.0296294
165	0.0197439	0.00882734	0.000453855	0.000502153	0.0158599	0.00193723	0.000471191	0.0395541	0.00064637	0.709685	0.134707	0.000428291	0.000272313	0.000811981	0.000588267	0.00229475	0.0158701	0.0442356	0.00267332	0.000437098
166	0.131787	0.00206206	0.0675696	0.0636936	0.00328707	0.036818	0.0727435	0.00988508	0.0416396	0.00604899	0.00645095	0.0365492	0.012952	0.0156074	0.0125579	0.129572	0.334866	0.0105044	0.0016162	0.00379005
167	0.110479	0.00140647	0.0831468	0.122215	0.00192059	0.00655696	0.0237584	0.0155877	0.0355641	0.00392181	0.025271	0.0268599	0.0691306	0.0459715	0.0198991	0.182249	0.186126	0.0225891	0.000978029	0.0163692
168	0.0161932	0.00590576	0.000515124	0.000534696	0.0204272	0.00169857	0.000542534	0.0691732	0.000783491	0.680883	0.140507	0.000570544	0.000489243	0.000755925	0.00105519	0.00197713	0.0111619	0.0426615	0.00296123	0.0012029
169	0.103443	0.00105589	0.00800632	0.0984056	0.0155721	0.0359565	0.181005	0.0220624	0.0763219	0.0166556	0.0101942	0.00187115	0.00397904	0.147285	0.140751	0.0462026	0.041249	0.0199485	0.00175664	0.0282781
170	0.0703316	0.000654148	0.0202734	0.00753275	0.000818415	0.00786591	0.0667713	0.00800435	0.211483	0.00963524	0.00528066	0.0802266	0.000558802	0.0551836	0.361236	0.0471329	0.0406202	0.00511305	0.000499857	0.000778712
171	0.0163264	0.00125006	0.000434162	0.000436128	0.000244239	0.929039	0.0017422	0.00055165	0.00584836	0.000692392	0.00321905	0.00960608	0.00267092	0.00772011	0.00776456	0.0106237	0.000729139	0.000598217	0.000254046	0.000249845
172	0.403785	0.0671963	0.00335129	0.00496583	0.00371813	0.129726	0.00387338	0.0475144	0.00312497	0.0682561	0.0390119	0.00895594	0.00287043	0.00775236	0.00328362	0.037404	0.0747426	0.0872275	0.00132646	0.00191398
173	0.0580799	0.000629186	0.0226677	0.0740526	0.000670654	0.001209	0.0320704	0.0103177	0.216878	0.0120846	0.00725698	0.00912066	0.0505916	0.0731674	0.302257	0.0241444	0.0563808	0.0471637	0.000337457	0.00091986
174	0.0196385	0.00948632	0.0011581	0.000518785	0.00300721	0.000473976	0.000924528	0.409549	0.000565675	0.0490523	0.0141752	0.00251591	0.000410592	0.00255507	0.000721956	0.00338196	0.0130199	0.467146	0.000225847	0.00147299
175	0.02411	0.00783752	0.000673547	0.000431566	0.0227884	0.000510332	0.000583088	0.432958	0.000492388	0.154223	0.0311123	0.00148984	0.00194526	0.0014137	0.000645879	0.00254129	0.00858713	0.301809	0.00148818	0.0043602
176	0.290841	0.0263438	0.00164431	0.0034084	0.00158803	0.0282451	0.00676015	0.0639956	0.00246642	0.0833053	0.0546962	0.0176846	0.00854835	0.00349963	0.00259292	0.0981822	0.165277	0.139153	0.000286635	0.00148146
177	0.00920635	0.004262	0.000374362	0.000342882	0.0214869	0.000452961	0.000353124	0.501331	0.000417852	0.187712	0.0310523	0.000499569	0.00253251	0.00136201	0.000646371	0.00104947	0.00650276	0.225519	0.00107301	0.00382291
178	0.00716439	0.00327647	0.00927175	0.0014164	0.000779888	0.0122105	0.0072948	0.00120881	0.0015054	0.0037213	0.00114847	0.903379	0.000506386	0.00567531	0.00140311	0.027598	0.00671298	0.00473781	0.000428814	0.000560248
179	0.00677567	0.00057586	0.00131061	0.00135112	0.000724135	0.00114393	0.00116533	0.00137363	0.00128163	0.00610966	0.00102894	0.0151015	0.893743	0.00133466	0.00591025	0.0376776	0.0203486	0.00199429	0.000395351	0.000653824
180	0.0523905	0.00319536	0.00147632	0.00627369	0.058379	0.00534194	0.00293796	0.148158	0.0044712	0.269938	0.148581	0.00417986	0.0120997	0.0352269	0.00842122	0.00864531	0.0303661	0.164267	0.00613707	0.029513
181	0.0414017	0.000752232	0.0198037	0.049855	0.00125137	0.00190902	0.0371445	0.0206635	0.197558	0.0582623	0.0162855	0.00854746	0.04689	0.0586246	0.332531	0.0160558	0.0377334	0.0501866	0.00137202	0.00317195
182	0.0159801	0.00112614	0.0709419	0.835552	0.00200781	0.00488937	0.00449484	0.00349439	0.00531736	0.00412736	0.00276753	0.00462207	0.00166941	0.00889929	0.00983272	0.00833374	0.00715825	0.00509712	0.00200991	0.00167852
183	0.12096	0.00194843	0.0035889	0.0204362	0.0121345	0.0033983	0.00321276	0.106868	0.0574896	0.0801066	0.0190713	0.0100507	0.219439	0.0138447	0.0615195	0.0282354	0.0977072	0.129726	0.00133348	0.0089299
184	0.0740916	0.00167761	0.000911467	0.000835885	0.000533362	0.839186	0.0019162	0.00137114	0.00602956	0.00161094	0.00403238	0.00918835	0.00604058	0.00725325	0.00759442	0.0314708	0.00340322	0.00188214	0.000609672	0.000361433
185	0.0346259	0.00945929	0.00195525	0.00133805	0.0158837	0.00881403	0.00144309	0.0372232	0.00217159	0.652681	0.142486	0.0027353	0.00114745	0.00391093	0.00204158	0.0069834	0.0296326	0.0416403	0.00276798	0.00105899
186	0.0315792	0.00127338	0.0341628	0.11788	0.00520405	0.00739257	0.0355534	0.134518	0.0610177	0.127115	0.0770535	0.00557453	0.0118288	0.0711248	0.143329	0.00338451	0.0454287	0.08549	0.000355087	0.000734204
187	0.0501968	0.00504972	0.00255586	0.0216367	0.00124326	0.0818812	0.0150769	0.00191418	0.121136	0.00248751	0.00184212	0.157296	0.000952181	0.0741419	0.308729	0.116508	0.0167642	0.0143347	0.00499797	0.00125521
188	0.045973	0.00225552	0.00307129	0.00630961	0.259729	0.00255173	0.0375464	0.0100346	0.00644115	0.0301737	0.0196108	0.00341244	0.00165614	0.0161139	0.0222684	0.0256859	0.0224231	0.0105315	0.0256883	0.448524
189	0.147826	0.00474806	0.0164736	0.0329317	0.0197392	0.030626	0.00588207	0.0599508	0.0645674	0.0832493	0.0592671	0.0265199	0.00337842	0.086193	0.0971154	0.0869302	0.0866393	0.0669395	0.0125774	0.00844504
