575	20
1	0.0112793	0.0276143	0.020082	0.00655854	0.195772	0.0130634	0.00307464	0.0430707	0.00662811	0.298876	0.0634833	0.00938431	0.0237714	0.0310756	0.0286264	0.024937	0.00504397	0.0516106	0.0286081	0.107441
2	0.0787009	0.0074376	0.029732	0.0173956	0.0202243	0.0216353	0.0135644	0.115059	0.0218997	0.177264	0.0860952	0.0137381	0.0337689	0.0346654	0.0497498	0.0943256	0.0443213	0.124846	0.00274834	0.012829
3	0.0477449	0.00385048	0.312841	0.265987	0.00515549	0.0319112	0.0206254	0.00931039	0.0358695	0.0565562	0.00629459	0.0384942	0.00882858	0.0386937	0.0321025	0.0444843	0.0185186	0.0152265	0.00241774	0.00508706
4	0.0540955	0.00911112	0.0197214	0.0595934	0.00995257	0.0216297	0.0189504	0.19358	0.00687008	0.0972297	0.0277658	0.00427795	0.00431835	0.0270878	0.00973311	0.00740223	0.0124936	0.405921	0.0051253	0.00514074
5	0.140459	0.0170584	0.0133046	0.0191856	0.00709831	0.049413	0.0186412	0.060633	0.0296825	0.0496832	0.0469969	0.0344736	0.00489348	0.0162987	0.0327868	0.175633	0.21194	0.0683463	0.00109503	0.00237723
6	0.0221032	0.00226935	0.0053146	0.00283926	0.0516907	0.00787714	0.0124608	0.237857	0.0312546	0.255825	0.0368559	0.00268873	0.00940892	0.0164384	0.020747	0.0209048	0.0819596	0.171039	0.0019736	0.00849269
7	0.0833394	0.00062403	0.239205	0.335861	0.000940647	0.0576814	0.0204233	0.00466463	0.065307	0.0114934	0.0047402	0.0267206	0.0121556	0.0483672	0.0212369	0.0322058	0.0154507	0.0165299	0.000366194	0.00268635
8	0.0220956	0.00224176	0.00532342	0.00273018	0.0516655	0.00779943	0.0125094	0.237985	0.0312151	0.25633	0.0367688	0.00268515	0.00934457	0.0163571	0.0207063	0.0208278	0.0823325	0.170622	0.00193103	0.00853027
9	0.0694995	0.0391446	0.0376042	0.00809917	0.00196319	0.142107	0.00378035	0.00571107	0.0120106	0.00436819	0.00338684	0.0814355	0.0152848	0.00566704	0.0596223	0.372135	0.116025	0.0151409	0.0056636	0.00135141
10	0.392792	0.00253423	0.00487645	0.069464	0.00331889	0.013912	0.00290129	0.0230739	0.0049437	0.012185	0.0032259	0.00777475	0.0209732	0.0101139	0.0139372	0.0560032	0.20805	0.146384	0.00159878	0.00193786
11	0.123305	0.00569065	0.0502328	0.0875497	0.00152455	0.0445844	0.0341228	0.0129255	0.119761	0.0228654	0.0159226	0.0552614	0.0139305	0.069852	0.118838	0.10964	0.0823033	0.0273895	0.00201594	0.00228546
12	0.0107242	0.00697273	0.00537888	0.0189639	0.0186494	0.0237654	0.0560155	0.0353418	0.0898139	0.0220088	0.0149289	0.026312	0.0510486	0.0626899	0.342463	0.0881173	0.0518706	0.0296863	0.00955859	0.0356899
13	0.180069	0.00676243	0.113984	0.121366	0.00347652	0.188151	0.020542	0.0117469	0.0614183	0.0263274	0.0150455	0.030376	0.010194	0.0522837	0.0363274	0.060152	0.0283444	0.0258363	0.00466005	0.00293688
14	0.0235289	0.0107903	0.00134592	0.00132188	0.0488569	0.00301825	0.00357499	0.170236	0.00392095	0.553785	0.0448441	0.0021883	0.00153323	0.00643875	0.0025122	0.00895929	0.0210841	0.0887802	0.00194627	0.00133461
15	0.00600612	0.00183432	0.0418329	0.0454277	0.00141395	0.0258557	0.0370154	0.00303419	0.308999	0.0126482	0.0076432	0.0981581	0.00553872	0.0897866	0.257746	0.0271581	0.0124037	0.00258557	0.00132503	0.0135869
16	0.0534684	0.0046408	0.0141995	0.00123387	0.0011765	0.743824	0.00401894	0.00441244	0.00213857	0.0047303	0.00142404	0.0164522	0.0028984	0.0045321	0.0213265	0.0936169	0.0106763	0.00371224	0.0104238	0.00109453
17	0.0262375	0.00394311	0.00189505	0.00277159	0.0265944	0.00432058	0.00159617	0.205829	0.00296521	0.419094	0.0533916	0.00188151	0.00653573	0.00293418	0.00223377	0.00635519	0.0152042	0.212587	0.00142928	0.00220094
18	0.0030966	0.000589956	0.000781277	0.0356373	0.000678409	0.0192914	0.0352875	0.0133264	0.323815	0.0238259	0.0347037	0.00112753	0.000692731	0.0831366	0.386367	0.0083407	0.0141966	0.00453084	0.00503525	0.00553913
19	0.00719344	0.00775021	0.000477153	0.000479875	0.768921	0.000410737	0.00332842	0.0189503	0.0015295	0.078386	0.00759361	0.000495076	0.00275333	0.000778659	0.0010368	0.00673411	0.00890153	0.00654857	0.00195965	0.0757718
20	0.0111681	0.00125623	0.000604553	0.000970421	0.0105674	0.00108341	0.000518394	0.278869	0.00077902	0.419622	0.0765956	0.000576729	0.00290758	0.000756347	0.000517098	0.0037779	0.0132642	0.175347	0.000405374	0.000413866
21	0.0575352	0.0101692	0.101136	0.019017	0.00317833	0.0390075	0.00287023	0.0115323	0.0137724	0.0211387	0.0034157	0.149495	0.00374301	0.0034535	0.0255452	0.197664	0.328663	0.0056438	0.00138878	0.00163227
22	0.174188	0.00992944	0.0596429	0.088439	0.00217085	0.213618	0.0018822	0.00336827	0.0119753	0.106375	0.0602985	0.0494596	0.00186639	0.0206203	0.0105384	0.109759	0.00583354	0.0674206	0.000945165	0.00166989
23	0.00216767	0.015852	0.00565417	0.00119364	0.0323068	0.00118532	0.00112729	0.0045057	0.00138982	0.00933136	0.00558617	0.00129789	0.0008082	0.00131693	0.00113781	0.00241906	0.00205203	0.0045767	0.881793	0.0242982
24	0.106915	0.00635529	0.0502615	0.0895443	0.00144874	0.0455914	0.0350188	0.0122825	0.128109	0.0217004	0.0142346	0.0596494	0.0105809	0.0705866	0.129371	0.105452	0.0821292	0.0261898	0.00222524	0.00235472
25	0.129136	0.00471185	0.0662712	0.1016	0.0015605	0.046244	0.0321604	0.012967	0.10984	0.022333	0.0159224	0.051433	0.0161586	0.06843	0.105448	0.107204	0.0774152	0.0271196	0.00168461	0.00236059
26	0.11652	0.00564398	0.000471486	0.00284193	0.0184881	0.0129347	0.000538926	0.316764	0.000675814	0.0779683	0.0227379	0.0013319	0.000388363	0.00113987	0.000614649	0.0165551	0.0474417	0.354373	0.000941582	0.00162818
27	0.0719576	0.0056196	0.162451	0.414692	0.00464254	0.044255	0.016752	0.00658902	0.0559248	0.0186599	0.00838817	0.0173573	0.00875991	0.0806291	0.0174056	0.0315607	0.0127357	0.0184327	0.000343299	0.00284372
28	0.0999653	0.00649395	0.0501908	0.0918899	0.00151714	0.0444884	0.0356061	0.0114782	0.135636	0.0213344	0.0138719	0.062034	0.00847659	0.0740229	0.132113	0.101654	0.0790245	0.0254112	0.00249317	0.00229856
29	0.0191632	0.00475801	0.0356064	0.0405821	0.0042137	0.0253623	0.0363161	0.00591397	0.22264	0.0119973	0.00620462	0.0726073	0.0104465	0.0665352	0.338117	0.0501087	0.0264892	0.00664828	0.00337741	0.0129136
30	0.00702314	0.00802659	0.000420588	0.000543425	0.752603	0.000458697	0.00651321	0.018193	0.00147499	0.0738261	0.00714351	0.000734424	0.00265367	0.00104867	0.000891376	0.00682266	0.00894302	0.00656636	0.00188226	0.094231
31	0.0378089	0.00272796	0.177967	0.107536	0.00767125	0.00502484	0.147864	0.00398456	0.0482673	0.0328678	0.00211795	0.165816	0.00887691	0.0589042	0.0393428	0.0557448	0.0263949	0.01846	0.00917314	0.0434495
32	0.0785369	0.00669005	0.0523995	0.0996903	0.00176945	0.0392283	0.0413688	0.0116558	0.15002	0.0226058	0.0105048	0.059779	0.00946396	0.105875	0.124735	0.0846054	0.0687265	0.0258746	0.00394585	0.00252543
33	0.00613678	0.0123511	0.00133438	0.00149498	0.110397	0.00138498	0.00648612	0.0804091	0.00150307	0.654421	0.05248	0.00632321	0.00108873	0.00625323	0.00211556	0.00663271	0.0043555	0.0362507	0.00285894	0.00572315
34	0.110851	0.0114342	0.00102708	0.005442	0.0757047	0.00520352	0.0281701	0.0396133	0.0764859	0.121797	0.0718553	0.0274364	0.00535757	0.021181	0.114435	0.0945385	0.0628742	0.0532417	0.0142724	0.0590797
35	0.0126444	0.00124055	0.000694354	0.000981515	0.0113985	0.00100598	0.000483676	0.262025	0.000677166	0.434948	0.0531181	0.000623014	0.00229599	0.000678774	0.000485313	0.00384102	0.0120065	0.199932	0.000438198	0.000482093
36	0.0526355	0.0324307	0.0470142	0.00473253	0.0463201	0.00422065	0.169003	0.0222282	0.0499936	0.100507	0.00321296	0.0481775	0.143105	0.0344652	0.00366136	0.113196	0.0522829	0.0061784	0.00149925	0.0651356
37	0.00180117	0.0127513	0.00302537	0.00452181	0.0143283	0.00867272	0.036504	0.00525023	0.149146	0.0162874	0.00189944	0.0151948	0.0185992	0.0361181	0.586906	0.0451615	0.00909771	0.00401313	0.0140608	0.0166615
38	0.222856	0.0042743	0.121511	0.0935858	0.0129682	0.0424643	0.0168146	0.0048997	0.0236493	0.0169463	0.00685315	0.0296579	0.0419582	0.00713115	0.00746137	0.226945	0.0955631	0.014146	0.00104996	0.00926496
39	0.00462264	0.0018128	0.0429549	0.0426984	0.00144918	0.0254407	0.0357337	0.00277448	0.312914	0.0129526	0.00732115	0.103128	0.00511479	0.0819913	0.263865	0.0274787	0.010643	0.00139914	0.000804457	0.0149008
40	0.0107878	0.0101073	0.00088683	0.00099604	0.699464	0.00154211	0.00407279	0.0283329	0.0027285	0.0950654	0.0258183	0.00201334	0.00333534	0.00257242	0.00246184	0.00955335	0.0104329	0.0161887	0.00336966	0.070271
41	0.334443	0.0458634	0.00265001	0.00186505	0.00212165	0.27958	0.00285711	0.0291434	0.00294108	0.0110276	0.00357921	0.00284247	0.023653	0.00382119	0.00375304	0.0988424	0.0393681	0.0882827	0.0170821	0.00628388
42	0.0341514	0.00327373	0.0711641	0.197203	0.0088564	0.0196041	0.0537607	0.020168	0.138023	0.033084	0.00990018	0.052015	0.0268698	0.177993	0.0612974	0.0216227	0.0352319	0.0235839	0.00688842	0.00530858
43	0.0591795	0.000869344	0.310977	0.371382	0.00117514	0.0348726	0.014897	0.00622474	0.0401569	0.0101172	0.00328021	0.0303785	0.00804815	0.0339361	0.0162917	0.0251482	0.0147228	0.0158776	0.000346811	0.00211796
44	0.00780726	0.00825779	0.000430703	0.000510548	0.756618	0.000704088	0.00515662	0.0185083	0.00240945	0.0754841	0.00724855	0.000817379	0.00277337	0.000889948	0.00114037	0.0077206	0.00901109	0.00669634	0.00189252	0.0859235
45	0.590852	0.0129468	0.00251346	0.0103637	0.0049864	0.0606075	0.0020879	0.0229234	0.00312654	0.0262201	0.00956771	0.00385533	0.00356822	0.00280296	0.0049591	0.101501	0.0765992	0.0573515	0.00139042	0.00177682
46	0.172787	0.010089	0.0596302	0.0896409	0.00213411	0.21519	0.00153486	0.00310101	0.0113139	0.107512	0.0607739	0.0502297	0.00132814	0.0200952	0.0101738	0.108262	0.00485421	0.0687808	0.000959445	0.00160978
47	0.0391444	0.0192834	0.0661084	0.488606	0.012796	0.0287281	0.016705	0.0115387	0.0366528	0.0378366	0.00941474	0.00276996	0.00236891	0.152848	0.00506096	0.0284545	0.0075668	0.0296489	0.000457485	0.00401014
48	0.0167947	0.00197213	0.000506303	0.00102201	0.0206203	0.00197773	0.00042009	0.255969	0.00105739	0.381483	0.0664198	0.000526752	0.00184573	0.000795154	0.000435111	0.00305184	0.0108298	0.233017	0.000839243	0.000416142
49	0.0071755	0.00772313	0.000418631	0.00048522	0.750789	0.000478404	0.00575574	0.0181519	0.00164022	0.0741669	0.00701537	0.00060189	0.00249867	0.000719234	0.000733443	0.0068113	0.00887218	0.00631317	0.00183018	0.0978201
50	0.0696302	0.00131315	0.2761	0.272445	0.00191127	0.0495783	0.0327713	0.00614254	0.0614475	0.0108323	0.00511288	0.0379078	0.00916395	0.0514582	0.028558	0.0432268	0.0203793	0.016838	0.00102009	0.0041638
51	0.546164	0.0280566	0.00391249	0.0100815	0.0018088	0.0231937	0.00201799	0.00886393	0.00469241	0.0093308	0.0055791	0.0117043	0.00597272	0.00218389	0.00578147	0.193423	0.114006	0.0219052	0.000472884	0.000848268
52	0.0063642	0.00448106	0.00183439	0.00185913	0.0261032	0.0065492	0.00189702	0.175825	0.00221442	0.224758	0.445541	0.00245158	0.00118316	0.00463266	0.00187528	0.0105868	0.010764	0.068163	0.00110766	0.00180882
53	0.152002	0.022285	0.0187014	0.0182467	0.00855596	0.0421258	0.012336	0.0497715	0.0249599	0.0575302	0.0310636	0.0406912	0.00872958	0.0126954	0.0441403	0.249501	0.11187	0.0887759	0.00172646	0.00429157
54	0.0130738	0.0139009	0.014661	0.0145309	0.0145806	0.0517151	0.0596267	0.0102375	0.124832	0.023012	0.00735372	0.0323814	0.0167593	0.0444054	0.412293	0.0699165	0.0196384	0.0114364	0.0212743	0.0243709
55	0.00184926	0.00709023	0.00172017	0.00261523	0.00492251	0.0062664	0.00540289	0.00220677	0.141781	0.00958796	0.00163147	0.00309337	0.0107747	0.0248817	0.733076	0.027098	0.00883006	0.00180387	0.00353338	0.00183454
56	0.117834	0.0162105	0.0365794	0.0523493	0.00446571	0.0511355	0.0266774	0.0287354	0.0848126	0.0413418	0.0217267	0.0530105	0.00680139	0.0455466	0.096281	0.151515	0.107856	0.0504979	0.00397242	0.00265105
57	0.0345382	0.00420094	0.000590391	0.0016684	0.0321009	0.00299448	0.000482599	0.300863	0.00132129	0.2289	0.0518211	0.000763861	0.00118429	0.00107879	0.000476844	0.00495518	0.0158363	0.314036	0.00148885	0.000698199
58	0.0246046	0.014033	0.10614	0.00935805	0.00277978	0.0388179	0.00161338	0.0143498	0.0102451	0.0168024	0.00228346	0.137269	0.00199862	0.00229811	0.0125428	0.230718	0.367801	0.00408733	0.000891039	0.00136585
59	0.00478667	0.000687697	0.00115982	0.0343781	0.000805791	0.021985	0.0275909	0.0167322	0.412658	0.0234472	0.0295143	0.00147162	0.00082207	0.0722134	0.318754	0.00698426	0.0108312	0.00424831	0.003935	0.00699485
60	0.0166989	0.0017191	0.497856	0.26579	0.00178801	0.00801062	0.0140528	0.0117583	0.00500979	0.00357823	0.00200206	0.0557033	0.00464233	0.0280372	0.0159003	0.0266666	0.0321366	0.00613252	0.000780195	0.00173698
61	0.0343739	0.0178196	0.0749555	0.490967	0.0138767	0.0254028	0.0172487	0.0125796	0.031444	0.0401879	0.0108944	0.00293991	0.00254881	0.152015	0.00399021	0.0257624	0.00813741	0.029914	0.000520656	0.0044219
62	0.0399175	0.00497882	0.00213992	0.00188996	0.0261152	0.00358932	0.00126239	0.107956	0.00239417	0.530347	0.0701779	0.00193483	0.0194751	0.0025805	0.00192299	0.00644735	0.0119926	0.162382	0.00142793	0.00106874
63	0.00347552	0.0194702	0.00588347	0.00768375	0.0246392	0.00979363	0.110241	0.00883823	0.133281	0.0250659	0.00412877	0.0387532	0.0218549	0.0574784	0.351514	0.0587228	0.0125825	0.00876754	0.0346591	0.0631662
64	0.0356551	0.0185699	0.0781607	0.485888	0.0149453	0.0257866	0.017017	0.0123224	0.0327559	0.0431532	0.0104754	0.003054	0.00239613	0.145827	0.00408517	0.0270686	0.00751885	0.0300424	0.000447745	0.00483119
65	0.00721501	0.00710864	0.000350472	0.000415386	0.778868	0.000361343	0.00336948	0.018412	0.00127936	0.0734282	0.00700746	0.000352034	0.00253928	0.000377429	0.000409833	0.00657919	0.00906228	0.00604548	0.0017367	0.0750825
66	0.00215536	0.0157404	0.00565417	0.0011881	0.0323204	0.00118234	0.00112115	0.00449862	0.00136019	0.00932408	0.00554832	0.00128889	0.00081076	0.00127575	0.00109991	0.00241498	0.00204371	0.00454188	0.882127	0.0243041
67	0.0356551	0.0185699	0.0781607	0.485888	0.0149453	0.0257866	0.017017	0.0123224	0.0327559	0.0431532	0.0104754	0.003054	0.00239613	0.145827	0.00408517	0.0270686	0.00751885	0.0300424	0.000447745	0.00483119
68	0.0269664	0.00292876	0.142122	0.171427	0.00680265	0.0162977	0.0704017	0.0135906	0.0998093	0.0345726	0.00898425	0.0635489	0.0208684	0.16307	0.052731	0.0257533	0.0306409	0.0256377	0.0131674	0.0106798
69	0.00974688	0.00282009	0.00105875	0.00126702	0.0216729	0.00445242	0.00104785	0.224037	0.00169274	0.258837	0.324553	0.00133176	0.00150022	0.00284508	0.00114027	0.00780163	0.0113853	0.121145	0.000659307	0.00100587
70	0.120842	0.00831039	0.00473312	0.00477102	0.00679039	0.0145283	0.00172974	0.0249741	0.013208	0.00310116	0.00291005	0.0620874	0.00568178	0.00181647	0.00409676	0.329346	0.382444	0.00658697	0.00062483	0.00141708
71	0.0145773	0.00784869	0.321441	0.0864113	0.0079059	0.0222095	0.0131744	0.0117312	0.0979807	0.00683896	0.00597036	0.284287	0.00661024	0.0207686	0.0209796	0.0306374	0.0294896	0.00601376	0.00127413	0.00385117
72	0.0218799	0.00195842	0.0776422	0.164768	0.00451781	0.0190434	0.0531494	0.0224633	0.153935	0.0245534	0.0091001	0.0723275	0.0435705	0.173137	0.0668913	0.0161149	0.0440797	0.0210292	0.00690882	0.0029304
73	0.0247001	0.0397399	0.0701714	0.00692177	0.00248016	0.223711	0.0106702	0.00751163	0.022254	0.00550917	0.00225926	0.124678	0.00762381	0.0105013	0.0919975	0.270328	0.0519004	0.0129049	0.0121772	0.00196055
74	0.00797923	0.00754768	0.000664437	0.000855377	0.740655	0.000711633	0.00337331	0.0182883	0.00175103	0.103758	0.00747862	0.000799135	0.00272163	0.00115859	0.00131937	0.00859525	0.0129902	0.00717157	0.00180865	0.0703734
75	0.0355189	0.00179972	0.432278	0.134663	0.00507588	0.00858807	0.0547313	0.00430617	0.0255094	0.0131793	0.00265442	0.118978	0.00896493	0.0286382	0.0206248	0.0481776	0.0212782	0.00915837	0.00401769	0.0218577
76	0.248727	0.0407576	0.0204104	0.020512	0.00203205	0.0488987	0.00597783	0.00746632	0.0131116	0.00447932	0.00675339	0.0375467	0.016303	0.00358193	0.0141282	0.359363	0.135848	0.0121729	0.000677895	0.00125135
77	0.00371102	0.00371318	0.00565579	0.0191082	0.00277304	0.0105773	0.0158533	0.00512543	0.254698	0.012272	0.0115863	0.0101231	0.00604365	0.0431088	0.547165	0.024734	0.0134542	0.00299042	0.00301232	0.00429453
78	0.00699972	0.0105828	0.000684101	0.000627434	0.0616957	0.0010317	0.00363513	0.0995637	0.000851908	0.694459	0.056457	0.00210938	0.000656259	0.00659934	0.000626283	0.00543343	0.00430007	0.0401883	0.00226036	0.00123805
79	0.00329329	0.000656145	0.00136472	0.0375467	0.00101791	0.0200369	0.035704	0.0139046	0.313556	0.0242265	0.0335487	0.00250464	0.0012198	0.0910688	0.380166	0.00930953	0.0152299	0.00496626	0.00511485	0.00556498
80	0.0411371	0.00527379	0.0014955	0.00193028	0.0217097	0.00522879	0.00289288	0.310304	0.00635525	0.258771	0.0572603	0.00311152	0.00295113	0.00332869	0.00384141	0.0165981	0.0596238	0.19512	0.000724089	0.00234339
81	0.00706372	0.00758354	0.000389666	0.00050078	0.755724	0.00039733	0.0064643	0.0186481	0.00124812	0.0720642	0.00686728	0.000537285	0.00254374	0.000693738	0.000587389	0.00672224	0.00881737	0.00709696	0.00174858	0.0943022
82	0.0105288	0.00700948	0.000817653	0.00241592	0.722634	0.00119443	0.00414864	0.0244709	0.00343891	0.0914873	0.0140366	0.00141257	0.00296063	0.00216269	0.00270608	0.0097844	0.0148368	0.0115496	0.00213697	0.0702673
83	0.0683098	0.000758172	0.368385	0.257505	0.00108949	0.045534	0.0213764	0.00490341	0.0514432	0.00940647	0.00394907	0.0306099	0.010512	0.0423385	0.0195395	0.0314216	0.015538	0.01379	0.000429228	0.0031618
84	0.00543862	0.0035682	0.00128776	0.00145425	0.0243054	0.00553107	0.00152597	0.177622	0.00187896	0.254201	0.417048	0.00173937	0.00147764	0.00405725	0.00137581	0.00971933	0.00933842	0.0764365	0.000791069	0.00120358
85	0.145837	0.111688	0.00451113	0.00554048	0.0526464	0.0198718	0.00440308	0.114012	0.00557297	0.104537	0.0903889	0.0142356	0.00458793	0.00608064	0.0051931	0.0325296	0.049927	0.220663	0.0023078	0.00546758
86	0.0124846	0.00372776	0.408444	0.0189087	0.0190022	0.00615877	0.00348848	0.00467451	0.0201497	0.00431752	0.00757117	0.443401	0.00197927	0.00823066	0.00758727	0.0127222	0.00748205	0.00419295	0.000963409	0.00451352
87	0.00906838	0.00132181	0.00662732	0.0350785	0.00122062	0.00304143	0.00543543	0.00237175	0.498457	0.00314545	0.0115667	0.00412511	0.00175352	0.0140119	0.301305	0.0570809	0.033991	0.00435101	0.0005413	0.0055055
88	0.0120009	0.00322323	0.412376	0.0174776	0.0171492	0.00603005	0.00160151	0.00421429	0.0200464	0.00356392	0.00760766	0.451785	0.00151931	0.00805608	0.00758908	0.0124143	0.00719003	0.00307604	0.000922653	0.0021561
89	0.174381	0.0100057	0.0592688	0.0893574	0.00230208	0.213368	0.0018233	0.00348955	0.0120737	0.107021	0.0595279	0.0489786	0.00172414	0.0202502	0.0111052	0.109621	0.0059411	0.0671515	0.000959645	0.00165075
90	0.0213377	0.00288982	0.516214	0.15988	0.0049722	0.0184088	0.0129336	0.00717675	0.0193212	0.00679307	0.00446922	0.119663	0.00626413	0.0211385	0.0165307	0.0292155	0.0214044	0.00617719	0.00108442	0.00412612
91	0.0530824	0.00248645	0.0164406	0.0100838	0.00221913	0.787608	0.00499376	0.00568495	0.00459662	0.00618077	0.0031459	0.0115022	0.00183847	0.00623773	0.0128191	0.0488786	0.00707979	0.00629419	0.00712547	0.00170213
92	0.00307172	0.000594279	0.000672924	0.035601	0.000661506	0.0190708	0.0352512	0.0133134	0.324766	0.0237963	0.0346593	0.0009757	0.000682418	0.0827869	0.386433	0.00835868	0.0142793	0.00454943	0.00503344	0.0054427
93	0.0142063	0.00154203	0.00061529	0.00100302	0.01477	0.00142854	0.000494524	0.264879	0.00106966	0.422011	0.0618007	0.000530576	0.00252014	0.00073761	0.000493752	0.00351442	0.0140027	0.193451	0.000500723	0.00042968
94	0.0890774	0.00558755	0.0161919	0.00372767	0.00908681	0.01585	0.00172892	0.0285574	0.0116369	0.0055369	0.00290891	0.0842213	0.00283465	0.00212466	0.00452277	0.263604	0.44512	0.0054011	0.000710109	0.00157123
95	0.078988	0.00781699	0.0886131	0.30364	0.00392674	0.0598551	0.0216684	0.012806	0.0868022	0.0243594	0.00858062	0.0287309	0.00748201	0.0882548	0.0577315	0.063262	0.0323932	0.0211985	0.00121991	0.00267111
96	0.0839218	0.000617445	0.236356	0.340745	0.000932122	0.0567492	0.0195629	0.00464982	0.0650735	0.0112449	0.00484536	0.0270107	0.0119419	0.0485055	0.0212988	0.0321625	0.0149647	0.0165374	0.000338588	0.00254147
97	0.0700452	0.00303821	0.199758	0.345551	0.00237097	0.0516166	0.0211914	0.00666528	0.074784	0.0154956	0.00601884	0.0300865	0.0105185	0.0617796	0.0287706	0.0336884	0.0169902	0.0178755	0.000920798	0.00283564
98	0.0207113	0.00191003	0.00044329	0.00192022	0.0208791	0.0010482	0.000541425	0.354432	0.000669983	0.165933	0.033178	0.00045769	0.00076668	0.00138538	0.000532972	0.00314566	0.0100438	0.379494	0.0014681	0.001039
99	0.00467377	0.000673172	0.00102022	0.0339812	0.000794511	0.0215739	0.0275785	0.0161444	0.41158	0.0231576	0.0293446	0.00122136	0.000809621	0.0727193	0.322019	0.00680975	0.0109372	0.00424108	0.00392043	0.00680061
100	0.0361854	0.0126134	0.0540678	0.417661	0.00909973	0.0235816	0.0223467	0.0112302	0.0688242	0.0300305	0.00918768	0.0187712	0.00841483	0.185426	0.0175727	0.0294619	0.0147117	0.0243901	0.00231972	0.00410415
101	0.105061	0.00422456	0.00045986	0.00261786	0.0168504	0.0110172	0.000483289	0.350188	0.000568846	0.0717235	0.0200415	0.00101645	0.00034955	0.00102235	0.000549525	0.0151722	0.0457726	0.350791	0.000824628	0.00126572
102	0.010407	0.00352618	0.0013571	0.00130451	0.0261435	0.00309219	0.00184823	0.230172	0.00237103	0.407775	0.156344	0.00152923	0.00244263	0.003623	0.00186843	0.0105877	0.0153384	0.116293	0.00129276	0.00268447
103	0.140477	0.0155249	0.00739517	0.0176302	0.00835027	0.0545706	0.0162658	0.0676399	0.0280163	0.0490342	0.0528395	0.0260017	0.00168408	0.0126547	0.0264686	0.147287	0.252125	0.0739326	0.000763462	0.00133912
104	0.00502107	0.0108028	0.000723923	0.000617078	0.0699728	0.000651546	0.00392863	0.0804028	0.000778732	0.733094	0.0456536	0.00236616	0.000771427	0.00785738	0.00121979	0.00544508	0.00293223	0.0227895	0.00236247	0.00260864
105	0.0782899	0.0513953	0.0177098	0.00773775	0.00172969	0.044554	0.0044276	0.00690223	0.00879642	0.00640005	0.00390745	0.0444443	0.0243557	0.00355565	0.0297505	0.515512	0.133905	0.0131334	0.00218705	0.00130589
106	0.556052	0.0677644	0.00409296	0.00815941	0.00439903	0.0303089	0.00264903	0.0106534	0.00339479	0.0194645	0.00881685	0.00631429	0.00940315	0.00368831	0.0057391	0.156226	0.0712558	0.0281103	0.00134466	0.00216285
107	0.207265	0.0419577	0.0135138	0.0143381	0.00167067	0.0475094	0.00452148	0.00668662	0.00876226	0.00525154	0.00489155	0.0241062	0.0220293	0.0032176	0.0112237	0.447323	0.115196	0.0177969	0.00122811	0.00151154
108	0.393524	0.0030304	0.00345392	0.0778505	0.00325675	0.0160871	0.00395926	0.027751	0.00500956	0.00972282	0.00616331	0.00901938	0.0119367	0.0116986	0.016469	0.0598111	0.222358	0.115696	0.0012305	0.00197226
109	0.0165331	0.00490436	0.345525	0.0323406	0.0136996	0.0133456	0.0117711	0.00617611	0.0316242	0.00692688	0.00745309	0.423749	0.00232687	0.0141434	0.013634	0.0286216	0.0145563	0.00601043	0.00142936	0.00522912
110	0.00456526	0.00183432	0.0419534	0.0426525	0.0014533	0.0256638	0.0359701	0.00272801	0.313631	0.0123035	0.00705542	0.102625	0.00518353	0.0822675	0.265727	0.0270495	0.0106595	0.00139364	0.000785512	0.0144978
111	0.0786729	0.0104194	0.0144453	0.016686	0.0205498	0.0131027	0.0118853	0.045955	0.0153553	0.410438	0.0334119	0.0124202	0.0970436	0.0134801	0.0175079	0.0478449	0.0333662	0.0936592	0.00349413	0.0102625
112	0.215281	0.0142067	0.0351015	0.0403212	0.00297757	0.0488715	0.0092272	0.00752204	0.0234277	0.00584938	0.00876821	0.0401373	0.0260652	0.0071026	0.0177444	0.340157	0.136026	0.0177323	0.000451465	0.00303085
113	0.0650836	0.0208465	0.00452067	0.0129136	0.033929	0.0103357	0.00908177	0.067107	0.161793	0.0768646	0.0432126	0.125372	0.00727014	0.0331304	0.142285	0.0431336	0.0540229	0.0708009	0.00416891	0.0141284
114	0.0256571	0.00324328	0.00451014	0.0024348	0.0549876	0.00761715	0.00973194	0.226268	0.0257981	0.279142	0.0437727	0.00224152	0.00712389	0.0124853	0.0161083	0.0158933	0.0682907	0.186192	0.00207775	0.0064238
115	0.0452739	0.00335734	0.0629734	0.139163	0.00379162	0.0265166	0.0514818	0.0140298	0.162422	0.0268095	0.010227	0.0598701	0.0212617	0.161118	0.0920494	0.0401329	0.0470267	0.0226185	0.00679759	0.00307886
116	0.0788859	0.00135201	0.225105	0.311369	0.00151245	0.0524089	0.0245874	0.00550306	0.0757479	0.0118536	0.00665497	0.0305081	0.0112781	0.0600993	0.0268142	0.0382956	0.0171909	0.0170843	0.000808977	0.00294111
117	0.00440951	0.00281842	0.0390988	0.0410198	0.00254879	0.0242202	0.0395951	0.0032188	0.298896	0.0135693	0.00692454	0.098364	0.00612225	0.0821678	0.276427	0.0290692	0.0107173	0.00186554	0.00199187	0.0169556
118	0.772339	0.00514901	0.000441613	0.00784139	0.000565577	0.026867	0.000441729	0.00153071	0.000623207	0.00710545	0.00297726	0.000708161	0.000565813	0.000644377	0.0025404	0.103419	0.0512854	0.014192	0.000322398	0.000440189
119	0.0839218	0.000617445	0.236356	0.340745	0.000932122	0.0567492	0.0195629	0.00464982	0.0650735	0.0112449	0.00484536	0.0270107	0.0119419	0.0485055	0.0212988	0.0321625	0.0149647	0.0165374	0.000338588	0.00254147
120	0.101456	0.00344415	0.170839	0.291327	0.00309505	0.0888721	0.0168395	0.00528708	0.0497164	0.0260398	0.013494	0.0342195	0.0102329	0.04086	0.0208986	0.0579955	0.0260503	0.036093	0.00074345	0.00249656
121	0.00332453	0.024773	0.00275255	0.0027289	0.107691	0.00194743	0.0990958	0.00464391	0.0031958	0.0149954	0.00278044	0.00968357	0.00177308	0.0140738	0.0035878	0.00927163	0.0036979	0.00749253	0.00159175	0.6809
122	0.717791	0.00532466	0.00155455	0.0114621	0.00111601	0.0248104	0.00116555	0.00516269	0.00197102	0.00837828	0.00509684	0.00377595	0.00164256	0.0016072	0.00408811	0.106755	0.0776921	0.0198305	0.00030724	0.000468686
123	0.758909	0.00649349	0.000652075	0.00861184	0.000656067	0.0231375	0.000638568	0.00128582	0.000993564	0.00910817	0.00318637	0.00105134	0.00120044	0.0008746	0.00409529	0.112183	0.0533563	0.0126096	0.00034854	0.000609224
124	0.00541731	0.00892339	0.00101851	0.00124847	0.0641057	0.00226692	0.0030747	0.107183	0.00113046	0.531938	0.203466	0.0022624	0.0009997	0.00578903	0.00127316	0.00694991	0.00505469	0.0438265	0.00189419	0.00217786
125	0.0321413	0.00313387	0.000960461	0.00250819	0.0215965	0.00319741	0.00107422	0.347395	0.00176318	0.168043	0.0350877	0.00111449	0.00117845	0.00213148	0.00143024	0.00780719	0.0193907	0.347435	0.00141949	0.00119131
126	0.0277242	0.00464	0.00158379	0.0028872	0.0266001	0.00570738	0.001464	0.238405	0.00303525	0.16421	0.273436	0.00210332	0.00156993	0.0041476	0.00224829	0.0119549	0.019856	0.203292	0.00198683	0.00314871
127	0.0601377	0.0065876	0.121209	0.276325	0.00452242	0.0511678	0.0350222	0.010272	0.104083	0.0212039	0.00914001	0.0362165	0.010434	0.0885471	0.0646723	0.0446656	0.0292445	0.0201618	0.00225491	0.00413334
128	0.145012	0.0116474	0.050925	0.173827	0.0194453	0.0487098	0.0279714	0.0274504	0.0340883	0.0336993	0.0218861	0.0269053	0.0126369	0.0401289	0.0287231	0.121653	0.10936	0.0593101	0.00188662	0.00473346
129	0.0083638	0.0137538	0.00173882	0.00171371	0.141165	0.00178934	0.00366582	0.0760882	0.00163315	0.615993	0.044574	0.00308387	0.00351602	0.00832246	0.00452906	0.00792906	0.00504426	0.0386074	0.00275564	0.0157337
130	0.0790642	0.00407888	0.272484	0.155291	0.00413739	0.0352042	0.047796	0.00956621	0.0610747	0.0185477	0.00907111	0.0493494	0.0113197	0.0630939	0.0409394	0.072319	0.0366004	0.0175964	0.00263722	0.00982908
131	0.0308796	0.00819932	0.0118203	0.0234218	0.0102584	0.0196812	0.0250503	0.0417393	0.113357	0.0176047	0.0125526	0.0200475	0.149157	0.0770936	0.300874	0.0476327	0.034217	0.0350135	0.00564409	0.015756
132	0.00900747	0.000729105	0.000623668	0.00094305	0.00685632	0.000620804	0.000534523	0.284538	0.00083066	0.440846	0.062309	0.000493126	0.00333592	0.00071518	0.00051897	0.00325868	0.0138547	0.169361	0.000196113	0.000426772
133	0.0334015	0.00446562	0.148579	0.0920657	0.00691249	0.0042534	0.152184	0.00390238	0.0476912	0.0352482	0.00354706	0.138181	0.0118366	0.0594513	0.0519602	0.0730434	0.0227888	0.0187447	0.0226011	0.069142
134	0.0398084	0.00373606	0.1785	0.133432	0.0115953	0.0123356	0.10629	0.00768722	0.0649738	0.0302334	0.00447207	0.122661	0.0111824	0.0792918	0.0394081	0.067165	0.0326314	0.0187503	0.00766135	0.0281845
135	0.00903024	0.0126894	0.00121176	0.00103299	0.0926423	0.00154027	0.00367168	0.0791789	0.00126642	0.67732	0.0496892	0.00282806	0.00179205	0.00741663	0.00284888	0.00720213	0.00485678	0.034664	0.00223173	0.006886
136	0.0497017	0.00403128	0.136017	0.253907	0.0024691	0.044956	0.0236873	0.0104176	0.161819	0.014622	0.00709395	0.0536559	0.0128955	0.0666811	0.0747742	0.0376525	0.0246596	0.014457	0.00186867	0.00463441
137	0.14184	0.0147845	0.00658606	0.016632	0.00695612	0.0540336	0.0176546	0.0656654	0.0279816	0.0445796	0.0523433	0.0253416	0.00143627	0.0132343	0.026742	0.144903	0.269059	0.0683179	0.000738349	0.00116975
138	0.0418386	0.00910107	0.0355776	0.0258791	0.0336298	0.0174651	0.0137633	0.0952329	0.0141614	0.390421	0.0408059	0.0150702	0.0152818	0.0206883	0.0153572	0.0323343	0.0287408	0.138103	0.00471563	0.0118327
139	0.00478219	0.0100278	0.000702428	0.000499439	0.0636353	0.000619619	0.00390368	0.086243	0.000667317	0.735699	0.0460607	0.00215671	0.000517559	0.00710269	0.000478131	0.00494016	0.00289995	0.0257376	0.00209317	0.0012333
140	0.0158792	0.04132	0.06255	0.0809408	0.0790522	0.00769371	0.11315	0.0448	0.0131438	0.0499061	0.00893627	0.160954	0.0145861	0.0125722	0.0144732	0.025184	0.0165144	0.101099	0.00549782	0.131746
141	0.015102	0.0236333	0.00150299	0.00137426	0.556139	0.00147242	0.00243022	0.0297041	0.00541978	0.178093	0.0167056	0.00495176	0.00710689	0.00896417	0.0143677	0.0153945	0.00650835	0.0244165	0.00487372	0.0818398
142	0.0514484	0.0079368	0.00065131	0.00107873	0.0677015	0.00669658	0.00061288	0.190469	0.00275629	0.27401	0.0827673	0.00120876	0.00046482	0.000922057	0.000636396	0.00408552	0.0154063	0.287332	0.00317294	0.000641234
143	0.0238943	0.00148152	0.023252	0.0312351	0.00721171	0.0133647	0.167232	0.03397	0.0403716	0.163687	0.0142067	0.0178589	0.00160011	0.215609	0.0688094	0.0437038	0.0335079	0.0209757	0.0178411	0.0601869
144	0.0105557	0.0010959	0.540878	0.250111	0.00126456	0.00731928	0.00882946	0.00763564	0.00273287	0.00331421	0.0016254	0.0675749	0.00538485	0.016617	0.0156814	0.0308333	0.0230429	0.00311226	0.000456759	0.00193496
145	0.0112311	0.00157232	0.021004	0.00517026	0.0018558	0.0228563	0.146815	0.0116676	0.0539973	0.0038087	0.00167269	0.436559	0.00174101	0.0811773	0.0236866	0.0755065	0.0207782	0.00377116	0.00128169	0.0738472
146	0.0024085	0.0173344	0.00568057	0.00132853	0.0321586	0.00139279	0.00123774	0.00449214	0.00147218	0.00933939	0.00556857	0.00149095	0.00109938	0.00163488	0.00119766	0.00409195	0.00271134	0.00472034	0.876583	0.0240574
147	0.00342852	0.00085255	0.0015747	0.0313669	0.000930082	0.014831	0.0255338	0.0105859	0.375823	0.0176638	0.0268187	0.00134843	0.00118329	0.06911	0.377082	0.0148209	0.0143866	0.00365639	0.00357579	0.00542806
148	0.00558841	0.00470161	0.0119197	0.0267578	0.00604922	0.0150333	0.0313749	0.00835805	0.305152	0.015547	0.0142758	0.0296326	0.00784673	0.054051	0.384923	0.032669	0.0165614	0.00502906	0.00572845	0.018801
149	0.123669	0.0164138	0.000494821	0.00198531	0.0285349	0.0168327	0.000435922	0.255555	0.000654127	0.136493	0.0455647	0.00453199	0.000319789	0.000653682	0.000473866	0.0356657	0.0773688	0.252948	0.000290196	0.00111535
150	0.00614113	0.0156208	0.00712399	0.00444027	0.0324875	0.00383181	0.00263708	0.00978945	0.00411143	0.017428	0.018683	0.00365195	0.00266048	0.00356491	0.00493801	0.00708982	0.00548315	0.00969425	0.816932	0.0236911
151	0.0235754	0.00193105	0.000350218	0.00171823	0.0216819	0.000849704	0.000353021	0.385767	0.000367211	0.0689014	0.0258809	0.000358708	0.000259266	0.00167408	0.000301523	0.00365329	0.00809884	0.45109	0.00187587	0.00131169
152	0.0203044	0.00263371	0.000527156	0.000979617	0.0349614	0.00319596	0.000416078	0.223124	0.00151874	0.396046	0.0697131	0.000477772	0.00166528	0.000618706	0.000437608	0.00205218	0.00988037	0.229804	0.00125041	0.000394004
153	0.336961	0.0268005	0.00043728	0.000417428	0.0255539	0.0688725	0.000381399	0.0839601	0.000444931	0.111284	0.0291501	0.00044506	0.000941386	0.000488081	0.000489337	0.0707481	0.101178	0.137857	0.000182863	0.0034076
154	0.0233477	0.00409515	0.00106675	0.00158249	0.039765	0.00246702	0.00120016	0.198351	0.00166404	0.417207	0.0474536	0.00089328	0.00163486	0.00224365	0.00107527	0.00316569	0.00973501	0.240647	0.00162803	0.000777413
155	0.00236302	0.0157829	0.00610672	0.00122418	0.0423249	0.00142392	0.00119434	0.00486588	0.00190568	0.0111665	0.00589366	0.0014165	0.00100486	0.00148594	0.00121799	0.00273228	0.00220716	0.00475118	0.865937	0.0249953
156	0.0531384	0.00904459	0.000600173	0.0010018	0.0666597	0.00752789	0.000735935	0.196711	0.00337213	0.269658	0.0840541	0.00152341	0.000603671	0.00109022	0.000874545	0.00550563	0.0201573	0.274137	0.00281039	0.00079414
157	0.336567	0.0268729	0.000428209	0.000418266	0.0256552	0.0689482	0.000391225	0.0840546	0.000454695	0.111502	0.0292052	0.000446375	0.000931784	0.000486458	0.000479428	0.0707055	0.101099	0.13772	0.000182876	0.00345061
158	0.176824	0.0059538	0.000612501	0.00332373	0.013194	0.0209163	0.000630232	0.285508	0.000771885	0.0643724	0.0147127	0.000937357	0.000518756	0.000846947	0.00077847	0.019942	0.0613071	0.326377	0.000714004	0.00175923
159	0.023721	0.313811	0.00813881	0.00939178	0.012259	0.0098263	0.00792736	0.0142033	0.0133891	0.064866	0.113465	0.140803	0.00829543	0.00957299	0.0101765	0.0259856	0.101319	0.100474	0.00465928	0.00771496
160	0.33771	0.0267197	0.000447751	0.000409765	0.0254741	0.0686666	0.000387935	0.0841278	0.000444743	0.111056	0.0290398	0.000446459	0.00092611	0.000484581	0.000497546	0.0703679	0.100912	0.138284	0.000182876	0.00341488
161	0.332303	0.041946	0.001225	0.00130904	0.00145266	0.255199	0.00200212	0.042385	0.00187489	0.0122347	0.00204701	0.00163442	0.0117223	0.00225434	0.00163373	0.09128	0.0479656	0.12926	0.0121367	0.00813373
162	0.0116131	0.008437	0.00235563	0.00211851	0.0616809	0.00250263	0.00464295	0.10361	0.0022388	0.651888	0.0464555	0.0029492	0.00465646	0.00748128	0.00254078	0.00746002	0.00734222	0.0629969	0.00215638	0.0048743
163	0.0532638	0.0104693	0.00239763	0.00471922	0.527534	0.00762536	0.00460957	0.0721712	0.0061445	0.0981128	0.0254524	0.00258531	0.00334657	0.00364068	0.00633092	0.0187335	0.0256863	0.0734706	0.00282602	0.0508799
164	0.286761	0.0138971	0.00106298	0.00182516	0.0237591	0.0358463	0.00156268	0.0866311	0.00194555	0.0751978	0.0508919	0.00193776	0.00107756	0.00152095	0.00174911	0.0692277	0.223977	0.11828	0.000447774	0.00240121
165	0.00215536	0.0157404	0.00565417	0.0011881	0.0323204	0.00118234	0.00112115	0.00449862	0.00136019	0.00932408	0.00554832	0.00128889	0.00081076	0.00127575	0.00109991	0.00241498	0.00204371	0.00454188	0.882127	0.0243041
166	0.00448736	0.00254039	0.00639463	0.029506	0.00246375	0.0110885	0.0200527	0.0069687	0.38454	0.013665	0.01672	0.0122763	0.00366295	0.0456408	0.378025	0.0294839	0.0173151	0.00375548	0.00359919	0.00781437
167	0.00733951	0.00718133	0.000350557	0.000415973	0.778081	0.000357977	0.00335598	0.0183751	0.00130199	0.0738632	0.00697223	0.000362737	0.00258099	0.000402083	0.000440749	0.00668752	0.00906789	0.00615093	0.00174786	0.074964
168	0.0610837	0.00295399	0.00214189	0.0402345	0.06321	0.00286755	0.00477958	0.20351	0.0236137	0.111655	0.0874003	0.0346654	0.0019502	0.0183835	0.00288321	0.0149524	0.0659746	0.18324	0.00636655	0.0681347
169	0.0518951	0.0116096	0.041146	0.450561	0.00905279	0.0174671	0.0152112	0.00905751	0.0239485	0.0231121	0.00891349	0.00392233	0.00946662	0.24203	0.00468162	0.0200697	0.0241745	0.0291528	0.00117283	0.00335447
170	0.00347367	0.0178385	0.000758691	0.000995174	0.306938	0.000932481	0.0678263	0.00697408	0.00253757	0.0273011	0.00303386	0.00447173	0.00126046	0.00639174	0.00173738	0.00789529	0.00411924	0.00452057	0.00132755	0.529666
171	0.00558534	0.000990469	0.00532821	0.0354486	0.00105365	0.00123928	0.00380092	0.00149695	0.517601	0.00220063	0.0122584	0.00114498	0.000788002	0.0110283	0.303598	0.0565683	0.0301955	0.00347035	0.000455504	0.00574682
172	0.247523	0.00268769	0.114501	0.0809465	0.00614641	0.0140986	0.00761811	0.00474404	0.0523237	0.00913572	0.00445785	0.0287526	0.0886105	0.00525713	0.00434255	0.20308	0.0790108	0.0189792	0.00119571	0.0265889
173	0.329937	0.0260363	0.00261382	0.00633152	0.010704	0.127915	0.00141557	0.0474727	0.00211341	0.0602197	0.0126805	0.00190621	0.0129785	0.00201286	0.00285295	0.0928406	0.0899449	0.160893	0.00477755	0.00435357
174	0.00721501	0.00710864	0.000350472	0.000415386	0.778868	0.000361343	0.00336948	0.018412	0.00127936	0.0734282	0.00700746	0.000352034	0.00253928	0.000377429	0.000409833	0.00657919	0.00906228	0.00604548	0.0017367	0.0750825
175	0.0260172	0.0018415	0.0737498	0.163748	0.00518274	0.0187182	0.061672	0.0161796	0.154711	0.0285588	0.0110057	0.0618774	0.0311326	0.200094	0.064156	0.0148849	0.0331663	0.021247	0.00886352	0.00319281
176	0.0198513	0.001468	0.000441054	0.00196191	0.019647	0.000655154	0.000404833	0.406756	0.000390923	0.0641578	0.0237338	0.000363009	0.000225416	0.00151168	0.000331957	0.00266653	0.00793578	0.444252	0.00188318	0.00136257
177	0.229701	0.020548	0.00473475	0.00543094	0.0247313	0.042327	0.00556209	0.0894076	0.00814291	0.119234	0.0881269	0.00874415	0.00372603	0.00785709	0.0112331	0.0903464	0.108716	0.1244	0.00126428	0.00576771
178	0.0414778	0.0123772	0.030598	0.00776354	0.00238595	0.517181	0.0100448	0.00692897	0.0187602	0.00812165	0.00352119	0.0460108	0.00714053	0.0104058	0.0735259	0.15522	0.0281659	0.0097217	0.00818024	0.00246811
179	0.0286676	0.00928898	0.129976	0.0864895	0.0142607	0.00644866	0.138276	0.0099407	0.0425643	0.0323342	0.0045886	0.134521	0.0305253	0.0465079	0.0558989	0.0650058	0.0219394	0.0332222	0.0170551	0.09249
180	0.0967676	0.250576	0.0144247	0.0165533	0.0368555	0.0245701	0.011756	0.0233568	0.019583	0.0608457	0.0262134	0.0316753	0.0257356	0.0149159	0.0250291	0.13721	0.0747008	0.0455237	0.0344854	0.0292221
181	0.0255801	0.00270504	0.00138128	0.00387521	0.0321797	0.00210391	0.00112147	0.250539	0.00129474	0.267052	0.036853	0.000840966	0.00155853	0.00207732	0.000969976	0.00325104	0.0117555	0.352657	0.00125907	0.000944203
182	0.149647	0.346608	0.00404424	0.00394315	0.00416542	0.00734053	0.00371983	0.00565043	0.00442441	0.0328191	0.00470098	0.00741904	0.0491532	0.00532155	0.00462848	0.233331	0.101479	0.0263837	0.00190118	0.00331844
183	0.116149	0.0151099	0.000548306	0.00193319	0.0308178	0.0110217	0.000566899	0.246584	0.000772165	0.126606	0.0546187	0.00606946	0.000450292	0.000741515	0.000585503	0.0380245	0.103401	0.244852	0.000314889	0.000832704
184	0.694864	0.00786883	0.00421806	0.0105723	0.00173581	0.0284457	0.00195614	0.00519265	0.00378289	0.0117514	0.00507505	0.00634148	0.0102267	0.00255276	0.00592878	0.11849	0.0608188	0.0184508	0.000463007	0.00126481
185	0.0165538	0.00451279	0.0189517	0.0425913	0.00626044	0.016631	0.0251481	0.0140291	0.387484	0.0199346	0.0189147	0.0314646	0.00576727	0.053178	0.244911	0.0396467	0.0271447	0.0117522	0.00384053	0.0112833
186	0.387816	0.0089041	0.00315513	0.00417528	0.00169039	0.41428	0.00415659	0.0113794	0.00251085	0.00796154	0.00349815	0.0043272	0.00379907	0.00505955	0.00554173	0.0667927	0.0314883	0.0246172	0.00703698	0.0018101
187	0.775395	0.00486962	0.000456373	0.00777996	0.000483641	0.0265123	0.000459799	0.00120943	0.000634888	0.00680905	0.00280982	0.000700257	0.00051216	0.000720455	0.00253532	0.10335	0.0508172	0.0132521	0.000298073	0.000394155
188	0.385292	0.0147406	0.00785666	0.00922395	0.00315867	0.33688	0.0048986	0.0182797	0.00576776	0.0141873	0.0072249	0.00714267	0.00573219	0.00691115	0.00844927	0.0763907	0.0382785	0.0395967	0.007018	0.00297052
189	0.0473619	0.00889042	0.159029	0.404962	0.00796465	0.0294712	0.0187836	0.0113824	0.0487991	0.0246129	0.00896289	0.0258008	0.00877964	0.0874258	0.0217615	0.0336406	0.0225987	0.0233515	0.00167001	0.00475148
190	0.129439	0.0109455	0.0018781	0.00565211	0.0173055	0.0223767	0.00554092	0.138388	0.0084117	0.0700832	0.0587991	0.00902923	0.00146851	0.00476592	0.00731256	0.0699873	0.309453	0.127426	0.00050848	0.00122944
