278	20
1	0.0332779	0.00526455	0.0226185	0.00791283	0.0620708	0.00476961	0.00650994	0.106019	0.250887	0.0694057	0.0256261	0.00401461	0.00259758	0.0706878	0.0762385	0.0121058	0.114314	0.099891	0.0209739	0.00481557
2	0.00977037	0.00182087	0.00313113	0.00953612	0.00236669	0.00779082	0.00366734	0.00323445	0.617327	0.00428797	0.00285507	0.00321159	0.00145746	0.00778105	0.238659	0.0104471	0.0496847	0.0194099	0.00111691	0.00244462
3	0.0279121	0.00354696	0.000432065	0.000741071	0.0345048	0.0036043	0.00173009	0.335022	0.000557415	0.226132	0.0228475	0.000290578	0.000212501	0.000663025	0.000800183	0.00237236	0.0117994	0.323758	0.00254846	0.000524905
4	0.00239385	0.00487161	0.0007576	0.00121631	0.000715964	0.00919153	0.000985984	0.0169706	0.00127409	0.401151	0.500771	0.000742841	0.00042856	0.00112632	0.00135197	0.00957117	0.00123116	0.0399823	0.00450806	0.000757834
5	0.02926	0.00566124	0.000860155	0.00139102	0.157318	0.0011056	0.00109523	0.0489153	0.00782106	0.537497	0.0967607	0.000704031	0.00102733	0.0092111	0.00192581	0.00838884	0.0095571	0.0372032	0.00494866	0.0393485
6	0.0173027	0.00768675	0.00124057	0.00636965	0.0102039	0.00404647	0.00140057	0.108738	0.0155001	0.722415	0.0110386	0.000969026	0.00363998	0.00361129	0.0148078	0.00287139	0.00375755	0.0595725	0.000854652	0.00397339
7	0.0953843	0.00307581	0.0047733	0.00925572	0.00290459	0.756174	0.00669107	0.00386446	0.0129752	0.00499946	0.00781885	0.0102008	0.00644772	0.0126103	0.0109023	0.0304948	0.00981522	0.00672684	0.000971748	0.00391368
8	0.190619	0.0439541	0.00187855	0.00476034	0.00194412	0.0281652	0.00252808	0.00249097	0.00464901	0.00330701	0.00262863	0.00176558	0.00176972	0.00282	0.00685526	0.677221	0.0143633	0.00524796	0.00080046	0.00223176
9	0.221458	0.00360032	0.0056046	0.0297245	0.00376502	0.393561	0.00553071	0.00854347	0.0410802	0.0111954	0.00546586	0.00514397	0.111267	0.00765468	0.0327107	0.0557701	0.0256417	0.0143686	0.00201917	0.0158943
10	0.0557986	0.00617642	0.0663421	0.44867	0.0141001	0.0239998	0.0206048	0.0150971	0.0496307	0.0169623	0.00964656	0.019636	0.00838745	0.070702	0.0397412	0.0449093	0.0441453	0.0277118	0.00391431	0.0138244
11	0.0439055	0.0216929	0.00912391	0.0177603	0.120255	0.0132225	0.0365196	0.0306079	0.0338011	0.24988	0.0165847	0.00732775	0.0606859	0.0334554	0.122128	0.0287889	0.0185433	0.0386165	0.024351	0.0727495
12	0.278525	0.0135447	0.00767457	0.0150154	0.00295837	0.252854	0.00589545	0.00420134	0.0128535	0.00596916	0.00904446	0.00682734	0.0160715	0.0127858	0.0146346	0.154383	0.131244	0.045876	0.000774136	0.00886805
13	0.0131248	0.00581629	0.00475905	0.0120132	0.00219875	0.0067264	0.00787711	0.00526463	0.482068	0.00948032	0.00345663	0.00911376	0.00144017	0.0157011	0.347173	0.0142881	0.0366844	0.0165475	0.00178991	0.0044763
14	0.0470673	0.00521203	0.0649668	0.452869	0.0127147	0.0148072	0.0226301	0.0159157	0.0510582	0.0143444	0.00851419	0.0178468	0.00521212	0.112657	0.0345575	0.0389454	0.0425836	0.0269125	0.00269832	0.00848691
15	0.0252152	0.00384776	0.000622841	0.0010554	0.0598458	0.00310992	0.00195428	0.296707	0.00210208	0.241356	0.0328409	0.000387871	0.000299663	0.00200755	0.00241409	0.0029486	0.0169126	0.29879	0.00229179	0.00528995
16	0.422455	0.0291047	0.000576962	0.00100426	0.00775328	0.0119518	0.000939781	0.0710253	0.00104834	0.0577534	0.0150142	0.000710286	0.00626563	0.00112926	0.00681383	0.0234181	0.0568993	0.282155	0.00031589	0.00366517
17	0.0141947	0.00498248	0.00196289	0.00580657	0.00825432	0.00397778	0.00286601	0.308151	0.00948276	0.530066	0.00790841	0.0017514	0.0125838	0.00403254	0.0102595	0.00385265	0.00401063	0.0612034	0.00237275	0.00228033
18	0.199243	0.00876476	0.0105761	0.240675	0.00641798	0.0198109	0.0118863	0.00836031	0.0128626	0.012631	0.0081066	0.00905161	0.00397715	0.0244912	0.0179021	0.362767	0.0185211	0.0132862	0.00269185	0.00797746
19	0.11118	0.0172603	0.00194951	0.00359612	0.169004	0.00292669	0.00235896	0.0493072	0.00831637	0.393755	0.0979861	0.00199156	0.00304078	0.0121302	0.00445512	0.0214521	0.012636	0.0518363	0.00303487	0.0317826
20	0.0166278	0.00519047	0.00532807	0.0425298	0.00569183	0.00700509	0.00836443	0.0413577	0.236592	0.0100877	0.196598	0.0677592	0.00408235	0.232512	0.0102521	0.0134742	0.0423133	0.0447139	0.002822	0.0066973
21	0.0543405	0.00904675	0.0862243	0.0412608	0.0140711	0.119012	0.0915395	0.0102796	0.0546305	0.0250155	0.0114704	0.139185	0.00913523	0.0299938	0.191329	0.0553264	0.0242631	0.019344	0.00319101	0.0113409
22	0.0299753	0.0057626	0.000757904	0.00131036	0.157494	0.0010608	0.00100181	0.0491998	0.00775435	0.537596	0.0964291	0.000644867	0.00105014	0.00928805	0.00189964	0.00848722	0.00945294	0.0379287	0.00434412	0.0385619
23	0.101136	0.00276682	0.00581451	0.0106301	0.00299643	0.742415	0.00675339	0.00457716	0.0132744	0.0045941	0.00857088	0.00931604	0.0071458	0.013624	0.0113416	0.030944	0.0107555	0.00752813	0.00104346	0.00477198
24	0.133797	0.124805	0.00190272	0.00336134	0.0252944	0.00254968	0.00268311	0.154711	0.00265164	0.153687	0.00276275	0.027886	0.00287332	0.0149064	0.00350757	0.00525713	0.00915425	0.325065	0.000849038	0.00229513
25	0.0133259	0.00405695	0.00454743	0.429933	0.0913422	0.00497038	0.114798	0.00636275	0.00693718	0.00763657	0.0044602	0.00361028	0.00255566	0.0787066	0.0728648	0.00914738	0.0733244	0.00965742	0.0234105	0.0383521
26	0.051957	0.035496	0.00151456	0.00203573	0.00164363	0.00139248	0.00194966	0.0469873	0.00235452	0.0302479	0.00527415	0.00125941	0.00769569	0.00205243	0.00264284	0.00679544	0.291821	0.504896	0.000509153	0.00147563
27	0.0220881	0.00500036	0.000431206	0.000581072	0.00332816	0.000390663	0.00346314	0.361386	0.00150623	0.0379596	0.00493871	0.000364643	0.000184909	0.000638564	0.000451225	0.00273338	0.00923241	0.543274	0.000137713	0.00190965
28	0.692149	0.0108748	0.00083815	0.00127436	0.00301902	0.0377951	0.00447658	0.0111178	0.00421988	0.00612003	0.00326447	0.000663674	0.00245211	0.00282027	0.00323526	0.0954608	0.0529515	0.0643984	0.000299362	0.00256935
29	0.216573	0.108173	0.0014282	0.00253413	0.0127556	0.00411462	0.00217275	0.114287	0.00216136	0.0956785	0.00543493	0.0126349	0.00662392	0.00801847	0.00408063	0.00830038	0.0353829	0.356358	0.000654235	0.00263439
30	0.031944	0.00577003	0.582208	0.0824977	0.00343488	0.0186057	0.0251329	0.00735378	0.0237331	0.00927655	0.0101804	0.0863834	0.00990058	0.0160719	0.0156214	0.0285107	0.0246199	0.0103485	0.00161792	0.0067892
31	0.149138	0.019275	0.00290102	0.00858509	0.036229	0.0241965	0.0243674	0.00428092	0.0788047	0.00863899	0.0035766	0.0129127	0.00229325	0.00479045	0.204603	0.355829	0.00558794	0.0300075	0.00103617	0.0229464
32	0.0731495	0.0114687	0.0169354	0.0381037	0.0671185	0.0887518	0.0301302	0.0419625	0.0282159	0.0529866	0.0183236	0.012544	0.0114299	0.0242421	0.0390177	0.0499719	0.0475833	0.125951	0.00743031	0.214683
33	0.276996	0.00096043	0.143691	0.279434	0.00109239	0.00770073	0.00735888	0.00145293	0.0321955	0.0138316	0.00116207	0.0197279	0.15915	0.0148382	0.00782423	0.014942	0.00188516	0.00805113	0.000472888	0.0072321
34	0.0179813	0.00181856	0.202895	0.00347427	0.0260233	0.149493	0.140468	0.00295153	0.015002	0.0401619	0.0182171	0.294331	0.00148498	0.0272261	0.0304339	0.0164341	0.00363761	0.00485789	0.000948392	0.00215991
35	0.660919	0.00964721	0.00355583	0.00576469	0.00269531	0.0954289	0.00476375	0.00598856	0.00766755	0.00370162	0.00368294	0.0034525	0.00722282	0.00433621	0.00709318	0.109067	0.0349744	0.0269119	0.000565616	0.002561
36	0.0355068	0.0013858	0.00191893	0.00432154	0.00132272	0.00440581	0.00829844	0.00184044	0.00388228	0.00895092	0.00142808	0.00802277	0.898507	0.00257593	0.00338125	0.00438356	0.00374483	0.00358296	0.000713774	0.00182628
37	0.697958	0.00865052	0.000848755	0.00236982	0.00212416	0.15115	0.00398533	0.00423097	0.00483635	0.00164197	0.00288112	0.00163137	0.00172982	0.00252267	0.00586687	0.0745198	0.0148882	0.016891	0.00038325	0.000889957
38	0.0370603	0.00371769	0.00369546	0.00648847	0.00501883	0.00646276	0.126112	0.0328165	0.00649021	0.00847847	0.417559	0.00354908	0.00225925	0.297638	0.00729719	0.0132102	0.00721252	0.00873245	0.0016191	0.00458275
39	0.0154129	0.00401496	0.0128013	0.0101924	0.00578732	0.0328007	0.178253	0.00640911	0.00784177	0.0638124	0.010679	0.00438728	0.0358403	0.5274	0.0453588	0.0119886	0.008312	0.00979072	0.0021146	0.00680241
40	0.0222833	0.00418849	0.000376901	0.000504845	0.00459731	0.000482738	0.00209498	0.364434	0.00143266	0.0441947	0.00557272	0.000199183	0.000126668	0.000516871	0.0003996	0.00265343	0.00958745	0.534911	0.000226296	0.00121697
41	0.683203	0.0101579	0.00225678	0.00553127	0.00342047	0.037826	0.0077799	0.00724459	0.00661809	0.00320397	0.0028005	0.00322246	0.00351643	0.00386356	0.00456774	0.149495	0.0301722	0.0318235	0.000493004	0.00280355
42	0.0107121	0.00297035	0.135841	0.012042	0.00322831	0.00513411	0.522205	0.00505457	0.0112764	0.00649696	0.00634056	0.0659514	0.00258248	0.132156	0.00724689	0.0303963	0.0262906	0.00787663	0.00203572	0.00416204
43	0.118334	0.0127021	0.0193337	0.105391	0.0463608	0.0236303	0.0350917	0.00664789	0.0958621	0.0381175	0.0133662	0.00103221	0.000732663	0.0463465	0.3293	0.0292989	0.0112087	0.03176	0.0145096	0.0209743
44	0.192293	0.0265916	0.00212929	0.00611484	0.0399679	0.011508	0.0303068	0.00284774	0.0600565	0.00622452	0.00227678	0.0226612	0.00188759	0.00304184	0.112128	0.422369	0.00397916	0.0152827	0.000733045	0.0376006
45	0.0621343	0.00434529	0.00492423	0.0625343	0.0275507	0.00559245	0.195904	0.0107758	0.00623076	0.00829307	0.00691795	0.00510992	0.00286802	0.00959626	0.124494	0.00869665	0.00788411	0.0407337	0.00183351	0.403581
46	0.0781975	0.0421465	0.00145248	0.00205802	0.00183028	0.00159955	0.00185672	0.0533073	0.00223206	0.0316165	0.00519547	0.00119935	0.010617	0.00211855	0.00280448	0.0069798	0.244554	0.508361	0.000471954	0.00140113
47	0.0277233	0.00346372	0.000428321	0.000727315	0.037068	0.00408459	0.00183431	0.331076	0.000880878	0.222636	0.0213374	0.000279309	0.00020197	0.000635686	0.00111714	0.00225897	0.0117321	0.329461	0.00232087	0.000733033
48	0.0198523	0.00452287	0.535849	0.0170421	0.00119143	0.00173613	0.0216676	0.00182146	0.00897275	0.00318945	0.00297317	0.26867	0.0232751	0.00963022	0.0105533	0.0433605	0.019908	0.0029543	0.000579291	0.00225172
49	0.0150384	0.00489831	0.00115408	0.00273597	0.0392824	0.0061481	0.00152565	0.0966015	0.00303432	0.394913	0.323998	0.000996859	0.0011187	0.00727273	0.00244246	0.00929712	0.00627289	0.0702701	0.00426849	0.00873161
50	0.103758	0.00350861	0.00555815	0.00946455	0.00892609	0.0617431	0.0342483	0.00857739	0.0539071	0.216429	0.0690945	0.00513708	0.00326928	0.111606	0.112288	0.0899935	0.0853625	0.0101657	0.00185376	0.00510934
51	0.0180296	0.00491158	0.566377	0.0169628	0.00112043	0.0016273	0.0231641	0.00165351	0.0101652	0.00346164	0.00425018	0.246426	0.0187636	0.00820851	0.00969221	0.0403741	0.0188134	0.00259587	0.000522636	0.00288065
52	0.2701	0.00178846	0.00210203	0.0443759	0.00220535	0.302928	0.00302267	0.00272591	0.064489	0.00332562	0.00252394	0.00208052	0.150182	0.00356996	0.0400388	0.0407848	0.033146	0.00457977	0.000936753	0.0250942
53	0.050076	0.000371791	0.213066	0.225397	0.00915683	0.0256968	0.0244918	0.0116447	0.0544869	0.00377647	0.00112751	0.093099	0.0165027	0.0620154	0.0650922	0.0514604	0.0334325	0.0321531	0.00813897	0.0188142
54	0.287594	0.00297314	0.0354635	0.144856	0.0117408	0.0166443	0.00650758	0.0211751	0.11258	0.038343	0.00923097	0.0161798	0.000716754	0.0987383	0.0861538	0.0619147	0.0293658	0.00911514	0.00074973	0.00995884
55	0.0198398	0.00475084	0.000719643	0.00330906	0.0126344	0.00375603	0.00119263	0.196894	0.00933681	0.549833	0.00931136	0.00056994	0.00271452	0.00108968	0.00884627	0.00198958	0.00619157	0.165579	0.000796592	0.000644622
56	0.108154	0.00891309	0.0219562	0.102076	0.0370362	0.01827	0.0297591	0.0062139	0.134776	0.0371717	0.0142776	0.00892099	0.000614368	0.0511236	0.318471	0.0269569	0.0148266	0.0261453	0.0157138	0.0186229
57	0.237599	0.00105479	0.0576359	0.178972	0.00174055	0.0191424	0.018239	0.00283017	0.0418344	0.00845867	0.00149622	0.0463783	0.000563167	0.0969248	0.0688945	0.124993	0.079299	0.0119106	0.000326631	0.00170728
58	0.0276715	0.00377303	0.000534122	0.000808005	0.033139	0.00350508	0.00167513	0.324817	0.000921376	0.221645	0.0207427	0.00030774	0.000211181	0.000777806	0.00105586	0.00228869	0.0120856	0.341044	0.00215425	0.000842579
59	0.0218508	0.0041782	0.000389005	0.000504544	0.00324205	0.000283444	0.00210744	0.36651	0.00144498	0.0365198	0.00489868	0.000183102	0.000130053	0.000526402	0.000384534	0.002712	0.00972063	0.543125	0.000120521	0.00116923
60	0.135994	0.00401814	0.056064	0.221037	0.00422318	0.0284923	0.0071265	0.017064	0.144634	0.0329294	0.0024841	0.0274612	0.000642562	0.0708708	0.123177	0.0507704	0.0367903	0.0151614	0.000570437	0.0204885
61	0.0838096	0.00431946	0.0155654	0.0872871	0.0747187	0.00821189	0.0668932	0.0935534	0.0432204	0.132438	0.0219615	0.00314576	0.00142906	0.04505	0.032409	0.0148238	0.00968308	0.200549	0.00192005	0.0590116
62	0.039334	0.00240892	0.0173187	0.0422378	0.00326889	0.00240579	0.0188161	0.00323518	0.301682	0.0121081	0.0105152	0.0539001	0.000460016	0.0786735	0.331286	0.0347586	0.0247239	0.0074745	0.00794125	0.00745146
63	0.0445661	0.00148873	0.00371495	0.00604098	0.00234237	0.00910177	0.00874903	0.00321628	0.00481788	0.0101338	0.00192857	0.00905939	0.865107	0.00399764	0.00479622	0.0079799	0.00426926	0.00450911	0.000987097	0.00319424
64	0.0228188	0.00495731	0.713739	0.0176001	0.00146823	0.00240949	0.0304865	0.00200963	0.0129288	0.0119553	0.0187688	0.0771444	0.00381721	0.00384011	0.0143085	0.017877	0.0297509	0.00336338	0.00066983	0.010087
65	0.0315144	0.0099131	0.00153027	0.00320316	0.272296	0.0110776	0.0114071	0.0908041	0.00601019	0.14562	0.0133201	0.00120515	0.00134066	0.0025492	0.00351757	0.00349176	0.0100348	0.0777504	0.00751458	0.295899
66	0.0218508	0.0041782	0.000389005	0.000504544	0.00324205	0.000283444	0.00210744	0.36651	0.00144498	0.0365198	0.00489868	0.000183102	0.000130053	0.000526402	0.000384534	0.002712	0.00972063	0.543125	0.000120521	0.00116923
67	0.0222848	0.00418733	0.000402819	0.000545861	0.00762012	0.000751458	0.00193286	0.361844	0.00139335	0.0650811	0.00738975	0.000205813	0.000139916	0.000558447	0.000519387	0.00260937	0.00985379	0.511084	0.000484405	0.00111136
68	0.0218461	0.00417777	0.000388218	0.000504682	0.00327769	0.000285037	0.00210582	0.366479	0.00144245	0.0366777	0.00491246	0.000183102	0.000130053	0.000527256	0.000384523	0.00271358	0.00972734	0.542942	0.000123104	0.00117199
69	0.120672	0.00320881	0.112946	0.201574	0.00606821	0.0837558	0.0213184	0.0091697	0.0648147	0.0119556	0.00715304	0.0964986	0.00951475	0.0405433	0.0436262	0.0954577	0.0400159	0.019403	0.00244603	0.00985786
70	0.61959	0.0103871	0.00418169	0.0125539	0.00671642	0.0329599	0.00941528	0.00988062	0.0209776	0.00871282	0.00658882	0.00371324	0.00292483	0.00623801	0.00998465	0.104803	0.068544	0.054118	0.00200042	0.00571003
71	0.0264645	0.0036132	0.000610202	0.00104751	0.0309576	0.00329565	0.00161286	0.348884	0.00113654	0.248285	0.0212295	0.000401755	0.000941961	0.00101007	0.00132988	0.00244027	0.0117893	0.291431	0.00279911	0.000719249
72	0.179224	0.00246201	0.105523	0.0686555	0.00403332	0.0445727	0.055251	0.00471391	0.0532189	0.00746168	0.00546934	0.149174	0.00436455	0.0234445	0.0451391	0.179311	0.0482957	0.0140547	0.000999292	0.00463239
73	0.0767802	0.0120574	0.00791548	0.0121329	0.0488333	0.00654104	0.022355	0.121287	0.0349226	0.0974324	0.00941534	0.0103019	0.00304359	0.0167025	0.0503976	0.0716179	0.176542	0.191352	0.00881707	0.0215521
74	0.137866	0.00126486	0.30501	0.273919	0.00162086	0.0573692	0.0287155	0.00206681	0.00272209	0.0027506	0.00169945	0.00164664	0.0195734	0.0583847	0.00315154	0.0589087	0.0285444	0.0122996	0.000674017	0.00181227
75	0.298479	0.00205432	0.0161848	0.121795	0.017444	0.0163373	0.00349481	0.00328481	0.0598074	0.0161526	0.0704165	0.00195251	0.00147989	0.00374962	0.020905	0.0323691	0.182919	0.113863	0.0011138	0.0161972
76	0.0294058	0.00852132	0.0012053	0.00218107	0.148451	0.00245802	0.00216325	0.0606055	0.00865736	0.520154	0.0844705	0.00201762	0.00260161	0.00995217	0.00550085	0.00911223	0.0100129	0.0488719	0.00487999	0.0387777
77	0.124281	0.00151685	0.0226205	0.0479833	0.065054	0.00909863	0.0521998	0.0997189	0.0418099	0.153122	0.0271321	0.00136734	0.000881556	0.0623322	0.033961	0.0178649	0.00957048	0.190088	0.000539051	0.0388585
78	0.022059	0.00429955	0.000385964	0.000496759	0.00425421	0.000392353	0.00214311	0.364288	0.00141065	0.042455	0.00541308	0.000186668	0.000144398	0.000519772	0.000399975	0.00267765	0.00960706	0.537468	0.000197465	0.0012014
79	0.0218508	0.0041782	0.000389005	0.000504544	0.00324205	0.000283444	0.00210744	0.36651	0.00144498	0.0365198	0.00489868	0.000183102	0.000130053	0.000526402	0.000384534	0.002712	0.00972063	0.543125	0.000120521	0.00116923
80	0.0348501	0.00202823	0.00441345	0.00251671	0.00140392	0.00342041	0.00831199	0.0020173	0.00334827	0.0087291	0.00172269	0.00955243	0.899297	0.0024582	0.00256388	0.00333375	0.00399013	0.00382156	0.00061431	0.00160697
81	0.0156941	0.0910691	0.00177742	0.00293846	0.00191482	0.00267449	0.0027318	0.0025358	0.00315751	0.00360456	0.00242968	0.325392	0.00110239	0.00340554	0.00340889	0.48158	0.0481105	0.00347909	0.000809485	0.00218478
82	0.410108	0.00610635	0.00386938	0.00508117	0.00521686	0.0703985	0.00667113	0.0325048	0.00527962	0.0564276	0.00425917	0.0032544	0.0804747	0.00565979	0.0190829	0.180473	0.0177976	0.0805925	0.00132193	0.005421
83	0.044352	0.00198962	0.0242738	0.0482806	0.0022782	0.00290459	0.0145063	0.0023237	0.309916	0.0162469	0.00699656	0.048162	0.000347084	0.0562776	0.332904	0.0313658	0.0347453	0.00580427	0.00517019	0.0111554
84	0.649505	0.0130217	0.00124436	0.00163358	0.0056622	0.0203458	0.00516543	0.0307979	0.00489771	0.020138	0.00541159	0.00112317	0.00334432	0.00238241	0.00485573	0.0713942	0.0428146	0.112416	0.000812076	0.00303402
85	0.0738859	0.0338003	0.00178769	0.00257527	0.00211703	0.00224676	0.00241933	0.0429751	0.0030406	0.0251048	0.004978	0.00149831	0.00681576	0.00256406	0.00344278	0.00768951	0.362177	0.418397	0.000559354	0.00192556
86	0.0501593	0.00173619	0.0181416	0.0530993	0.00697599	0.0017907	0.021085	0.00701968	0.289774	0.0141261	0.0161533	0.0730124	0.0021711	0.0859088	0.264346	0.0357115	0.0271662	0.00571129	0.0203676	0.00554423
87	0.0337511	0.00935584	0.00112432	0.00226104	0.165583	0.00169146	0.00270753	0.0947638	0.010915	0.406796	0.0867556	0.0010061	0.00147464	0.0100318	0.00358866	0.00946409	0.0221681	0.0800874	0.00352674	0.0529477
88	0.323715	0.0425341	0.0022185	0.00438959	0.0024673	0.0755747	0.00339743	0.00363536	0.00577877	0.00453463	0.00961063	0.00250201	0.00880758	0.00971601	0.00456784	0.184548	0.230835	0.0698813	0.000974382	0.0103118
89	0.111035	0.0100774	0.0113569	0.0234055	0.0781688	0.065668	0.0307147	0.030854	0.0279413	0.14409	0.153887	0.00857101	0.00514305	0.131887	0.0422973	0.0353718	0.0250006	0.0431643	0.00426631	0.0171005
90	0.01802	0.00758226	0.633127	0.0171652	0.00103657	0.00209003	0.0290581	0.00182896	0.0102625	0.00625033	0.00865166	0.180336	0.0119127	0.00623367	0.00992695	0.0277412	0.0206208	0.00280088	0.000546468	0.00480844
91	0.0880772	0.0145039	0.0187858	0.0464908	0.0153119	0.138097	0.0299829	0.0134622	0.0706381	0.0260027	0.0127219	0.0235854	0.0210689	0.0351647	0.31878	0.0495979	0.0275059	0.0284723	0.005764	0.0159862
92	0.0404936	0.00878871	0.0660173	0.277019	0.00636949	0.0126176	0.0105826	0.0677664	0.116256	0.0215149	0.0332684	0.0132867	0.00536617	0.0951218	0.0974968	0.0336998	0.029006	0.0566406	0.00259701	0.00609069
93	0.178062	0.00329126	0.0389695	0.159004	0.0058631	0.0451635	0.00823067	0.0321887	0.125538	0.0419454	0.00559745	0.0275432	0.00172444	0.0815904	0.113781	0.0721851	0.0324339	0.0123416	0.000658843	0.0138881
94	0.0245979	0.00422958	0.000599326	0.00119959	0.0404792	0.00301167	0.00178704	0.314955	0.0018328	0.27169	0.0279709	0.000463428	0.000555796	0.00158334	0.0015568	0.00288038	0.016264	0.276577	0.00366008	0.00410629
95	0.0548658	0.0158368	0.0244588	0.0420347	0.015068	0.0222409	0.0240763	0.0213714	0.127167	0.0288555	0.0114516	0.0248033	0.00819632	0.0374139	0.405597	0.0481509	0.0272245	0.0349148	0.0070705	0.0192011
96	0.043987	0.080089	0.0462177	0.244625	0.00526014	0.00815792	0.00820462	0.00911392	0.0463562	0.00918176	0.00551372	0.0593042	0.00320596	0.0380085	0.205198	0.0135221	0.088891	0.0764421	0.00244731	0.00627414
97	0.0354133	0.00747927	0.000792681	0.00139048	0.18016	0.00125231	0.00117359	0.0764545	0.00769071	0.442726	0.101285	0.000836953	0.00135671	0.0110516	0.00219185	0.0102412	0.0153838	0.0590157	0.00302304	0.0410812
98	0.213298	0.0249513	0.00088821	0.00129853	0.0134745	0.00594627	0.00188862	0.196895	0.00170734	0.0945039	0.0125462	0.00193414	0.00285292	0.00241884	0.0038126	0.0116436	0.032943	0.373628	0.000682023	0.00268697
99	0.796672	0.0057444	0.000609123	0.00101929	0.00409978	0.0282478	0.00749658	0.00739192	0.00359488	0.00187943	0.000734351	0.000584437	0.00158849	0.00104517	0.00132842	0.0916486	0.0130712	0.0321934	0.000294392	0.000756032
100	0.0343392	0.00239569	0.104903	0.372208	0.00172178	0.0172733	0.00943744	0.0138358	0.116218	0.00663222	0.011727	0.0396279	0.00329386	0.0708514	0.0672665	0.0411021	0.0559076	0.0241056	0.00087463	0.00627901
101	0.0155013	0.00121435	0.109241	0.49824	0.00133702	0.00747572	0.00254535	0.00853425	0.089274	0.00261009	0.0130776	0.0128624	0.00145677	0.0746849	0.0205758	0.0244295	0.0988565	0.0163548	0.000521479	0.00120689
102	0.0671458	0.0091581	0.00134506	0.0057663	0.0100503	0.0082321	0.00191385	0.13289	0.0135731	0.563875	0.0100394	0.00158376	0.00307875	0.00451113	0.0137577	0.00520314	0.00917399	0.135543	0.000561406	0.00259763
103	0.0610356	0.0014825	0.0132962	0.00458004	0.00229536	0.565886	0.00580535	0.00255706	0.0762409	0.00320348	0.00243359	0.0704097	0.00128188	0.0894911	0.0143112	0.0742392	0.00344985	0.00512158	0.000756846	0.00212261
104	0.0284403	0.00778908	0.000545745	0.000832995	0.0287539	0.00288258	0.00159223	0.301103	0.000865065	0.251427	0.0191089	0.00101504	0.000246199	0.000937964	0.00111268	0.00226378	0.0122366	0.336347	0.00177702	0.000723711
105	0.157988	0.00107932	0.0108897	0.036411	0.00101205	0.0218043	0.0100036	0.00816901	0.205055	0.0170591	0.00137007	0.0337921	0.211862	0.0318612	0.12865	0.0436078	0.0663301	0.00929126	0.00249457	0.00127067
106	0.0707601	0.0303718	0.00385667	0.00614262	0.00823911	0.00624464	0.00509914	0.0694587	0.00646606	0.0394107	0.00804346	0.00315171	0.00712545	0.00585348	0.00753801	0.0178929	0.286654	0.409964	0.00180275	0.00592465
107	0.355373	0.0205403	0.00171267	0.00435392	0.00183899	0.0765717	0.00260146	0.00446217	0.00571197	0.0051301	0.00816038	0.00207057	0.02077	0.00801589	0.00586434	0.233397	0.170345	0.0622911	0.000668383	0.0101196
108	0.1593	0.00107384	0.0118353	0.0377312	0.000917695	0.0240918	0.0107645	0.00726748	0.206585	0.0154989	0.0013451	0.0351402	0.200422	0.0317907	0.132679	0.0455234	0.0658739	0.00829014	0.00260059	0.00126936
109	0.0109739	0.00232223	0.00228789	0.00405217	0.546099	0.00320294	0.0155117	0.0172041	0.00592438	0.0165297	0.00818415	0.0023826	0.00633135	0.0036236	0.00610793	0.00643579	0.0150504	0.020689	0.0409371	0.26615
110	0.118781	0.0123298	0.01932	0.105251	0.0466852	0.0231304	0.0349624	0.00668649	0.0959361	0.0386107	0.0135699	0.000949956	0.000711764	0.0468178	0.328778	0.0285678	0.011356	0.0319719	0.0147689	0.0208142
111	0.0169072	0.00515062	0.0020491	0.00433539	0.312085	0.00641166	0.0084569	0.0898842	0.00981154	0.0917989	0.0250756	0.00135625	0.00378398	0.00347803	0.00806476	0.0087229	0.0267153	0.0635078	0.0167815	0.295624
112	0.331437	0.0503515	0.000787557	0.00150746	0.00627823	0.00870105	0.00132103	0.0706935	0.00139538	0.0508231	0.0112416	0.00192273	0.0106328	0.00195504	0.00581712	0.0165091	0.077232	0.347895	0.000415944	0.00308296
113	0.0522706	0.000553341	0.191729	0.138277	0.00811391	0.111239	0.0182101	0.00838512	0.0860201	0.0111612	0.00182324	0.0922712	0.00711559	0.0318339	0.0314662	0.119202	0.0828084	0.00309717	0.000512465	0.00390956
114	0.0272092	0.00357235	0.000429235	0.000730569	0.033703	0.00340034	0.00161245	0.33976	0.000583845	0.227792	0.0230866	0.000310737	0.000336584	0.000675643	0.000786463	0.00244733	0.0120217	0.318355	0.00269359	0.000493337
115	0.0907013	0.00245217	0.007409	0.0118878	0.00288382	0.743905	0.00845911	0.00373198	0.0136353	0.00537912	0.00861703	0.0117009	0.00889501	0.0128214	0.0126121	0.0315986	0.0111646	0.00748888	0.00115515	0.00350154
116	0.00907762	0.00290401	0.00134714	0.00220155	0.356891	0.00358548	0.00471877	0.0936994	0.0176527	0.0858817	0.0520601	0.00153646	0.00217365	0.002246	0.00397942	0.00408132	0.03087	0.0473456	0.01344	0.264308
117	0.0361482	0.00146536	0.00183566	0.00327522	0.00151753	0.00278421	0.00846957	0.00199469	0.00481862	0.00900023	0.00169774	0.00824487	0.898785	0.00264271	0.00396426	0.00388747	0.00384048	0.00343355	0.000629944	0.00156504
118	0.0865961	0.221089	0.00425458	0.00747494	0.0647025	0.00524054	0.0054335	0.0682671	0.00610426	0.158773	0.00540752	0.0800339	0.00816062	0.0118724	0.00760534	0.0138883	0.00956243	0.2293	0.00171443	0.00451975
119	0.0230586	0.0032096	0.000876492	0.00154835	0.0435801	0.0035593	0.00438384	0.317497	0.0030646	0.217179	0.0188722	0.000396993	0.000434093	0.00148295	0.00401725	0.00264377	0.0183271	0.329936	0.00254592	0.00338679
120	0.0218508	0.0041782	0.000389005	0.000504544	0.00324205	0.000283444	0.00210744	0.36651	0.00144498	0.0365198	0.00489868	0.000183102	0.000130053	0.000526402	0.000384534	0.002712	0.00972063	0.543125	0.000120521	0.00116923
121	0.0656434	0.00559958	0.0189151	0.0517689	0.00837071	0.0164641	0.0172249	0.00797929	0.314286	0.0167104	0.00823294	0.0274501	0.00922818	0.0469865	0.232448	0.0773097	0.0438561	0.0170873	0.00480201	0.00963697
122	0.0445985	0.00146011	0.00751569	0.0086142	0.00157579	0.00420468	0.00899942	0.00224953	0.00775654	0.00968376	0.00202358	0.0135664	0.860146	0.00348895	0.00674321	0.0055873	0.00501581	0.00402314	0.000860106	0.00188693
123	0.0125974	0.00232356	0.011135	0.0195399	0.0218278	0.00226021	0.00366863	0.304392	0.008924	0.151547	0.00542056	0.00152387	0.00101215	0.0118038	0.0119769	0.00418454	0.0449498	0.37116	0.00156479	0.00818814
124	0.121835	0.00959804	0.0120165	0.0250991	0.0205259	0.0208636	0.0364805	0.0919416	0.0278082	0.0599211	0.20401	0.0115834	0.00751146	0.1355	0.0342205	0.0947587	0.0240997	0.0422046	0.00451406	0.0155086
125	0.293037	0.0182813	0.0103746	0.0125998	0.00306918	0.113637	0.005986	0.00446962	0.0125691	0.00692935	0.0100141	0.00840958	0.0121492	0.0128318	0.0133031	0.230202	0.163396	0.0579249	0.000938157	0.00987799
126	0.297473	0.019775	0.00387906	0.011307	0.00506302	0.0642281	0.00689423	0.00924407	0.00912122	0.00925305	0.0114871	0.00447964	0.010954	0.0121318	0.0109215	0.212569	0.190009	0.0977006	0.00147382	0.012036
127	0.22898	0.0123933	0.0100452	0.0257625	0.0132367	0.0750579	0.0177226	0.0159326	0.0265655	0.0255907	0.00890184	0.00985679	0.0832939	0.0132706	0.0336683	0.239097	0.0611893	0.0405715	0.0030787	0.0557844
128	0.0977818	0.00255217	0.00551667	0.00958584	0.00207628	0.749376	0.00730109	0.00346393	0.0124814	0.0046605	0.00805839	0.00988112	0.00688563	0.0116884	0.0144866	0.0321578	0.0115146	0.00615028	0.00110591	0.00327525
129	0.0249215	0.00683348	0.0346068	0.0651676	0.00750213	0.00947144	0.460068	0.0104917	0.103693	0.0142575	0.0133721	0.0214925	0.00578922	0.12345	0.015398	0.0347765	0.0185656	0.016894	0.00337678	0.00987163
130	0.0948076	0.00288238	0.00571743	0.0110829	0.00250431	0.75482	0.00735909	0.00380614	0.0107972	0.00376789	0.00862336	0.00952657	0.00547218	0.0120443	0.0130676	0.0341878	0.00930708	0.00552985	0.000814346	0.00388152
131	0.0503555	0.00716592	0.0275724	0.087119	0.00964529	0.0139271	0.244588	0.0132607	0.0291012	0.0210734	0.0142034	0.0199073	0.00872958	0.187483	0.0213298	0.168959	0.0347874	0.0198586	0.00410596	0.016828
132	0.0461862	0.00816077	0.012902	0.0550013	0.104892	0.0106497	0.0189813	0.0286965	0.022635	0.031615	0.0101258	0.0112261	0.00728603	0.0141248	0.0395318	0.164999	0.145015	0.125948	0.0067953	0.135228
133	0.00765875	0.00134487	0.00373869	0.00461552	0.0448892	0.00181212	0.00282714	0.221957	0.017615	0.199532	0.00300921	0.00108708	0.000735691	0.00444627	0.0262534	0.00409291	0.0733449	0.363411	0.000625205	0.0170048
134	0.0285545	0.00767286	0.000391694	0.000594224	0.00604482	0.000697985	0.00190827	0.340242	0.0014388	0.0644922	0.00591362	0.000518002	0.000211366	0.00106606	0.000491488	0.00249311	0.00843042	0.527084	0.000257131	0.00149727
135	0.0449977	0.0019588	0.0243013	0.0486231	0.0022121	0.00290491	0.0144132	0.00226986	0.310813	0.0161584	0.00687219	0.0479769	0.000470462	0.0562285	0.33097	0.0316209	0.0352906	0.0057516	0.00503268	0.0111333
136	0.13755	0.000738145	0.0161411	0.0728396	0.00120241	0.00904928	0.0126528	0.00332243	0.282396	0.0132806	0.00319471	0.0377243	0.0698426	0.0631797	0.12955	0.0595996	0.0749778	0.00588869	0.00596765	0.000902869
137	0.64872	0.0203504	0.000800988	0.00199273	0.00245187	0.0449191	0.00390195	0.0040655	0.00807146	0.00160949	0.00182572	0.00137679	0.00188309	0.00162515	0.0035366	0.205779	0.0253473	0.0199379	0.000471557	0.0013333
138	0.00973747	0.00202792	0.00219055	0.00394654	0.560859	0.00300189	0.0140509	0.0163416	0.00630743	0.0123554	0.0090944	0.00211607	0.00629681	0.0035933	0.00521231	0.00562038	0.0143444	0.0175203	0.0455953	0.259788
139	0.0518737	0.000636578	0.185941	0.241719	0.00363654	0.0191716	0.0364674	0.00479688	0.0660285	0.00176313	0.00136937	0.101687	0.0111123	0.0722592	0.0784182	0.0512355	0.0306776	0.0218754	0.00386428	0.0154666
140	0.0801261	0.0257835	0.0263727	0.152933	0.0274052	0.00614707	0.125187	0.126319	0.00825322	0.00943496	0.0467221	0.0264582	0.00262694	0.0508872	0.0596508	0.0100684	0.031188	0.0330771	0.00247586	0.148884
141	0.778659	0.00784605	0.000519749	0.000922199	0.00280618	0.0315258	0.00509402	0.00656295	0.00382645	0.00145472	0.000970818	0.00061056	0.00130276	0.00101903	0.00126412	0.105113	0.0200894	0.029233	0.00025273	0.000928017
142	0.0576316	0.0409856	0.00547625	0.0255821	0.0045194	0.00419545	0.00807354	0.12565	0.051311	0.0983435	0.114358	0.00308454	0.00186143	0.162763	0.143603	0.00728315	0.0222761	0.114162	0.00307749	0.00576265
143	0.228497	0.001023	0.0575294	0.183535	0.00147859	0.0229173	0.0193593	0.00190427	0.036211	0.00799284	0.0014308	0.0468473	0.000735551	0.095996	0.0611923	0.132317	0.086295	0.0131503	0.00035916	0.00122915
144	0.167471	0.00242171	0.0650195	0.078408	0.00267493	0.185709	0.0521439	0.00428988	0.08184	0.00584171	0.00768248	0.124708	0.00246794	0.0176224	0.0209436	0.138168	0.015151	0.0228686	0.000849203	0.00371831
145	0.401248	0.00729093	0.00682022	0.0136161	0.00284051	0.229395	0.0101135	0.00494511	0.0257363	0.00801453	0.021955	0.0250059	0.00428589	0.0245493	0.0346265	0.128934	0.0374942	0.00899035	0.000852831	0.00328637
146	0.154301	0.0163269	0.0128412	0.0295465	0.0208812	0.0284766	0.0261153	0.0796402	0.0381135	0.049381	0.013726	0.0119087	0.018178	0.0280844	0.164667	0.115595	0.048347	0.118398	0.00752925	0.0179437
147	0.280592	0.0188351	0.0020001	0.00423992	0.00193093	0.123351	0.00298096	0.00289724	0.00468917	0.00325206	0.0097307	0.00206063	0.00917038	0.0144489	0.00455545	0.197007	0.221718	0.0849756	0.000794694	0.0107695
148	0.053674	0.000600173	0.187433	0.134636	0.00768903	0.113325	0.0200425	0.00849946	0.0902061	0.0116588	0.00188609	0.0920243	0.00778037	0.0315191	0.031549	0.120295	0.0789426	0.00347915	0.000496333	0.00426387
149	0.0462142	0.00180655	0.0123494	0.0569085	0.00185613	0.0214819	0.00952844	0.00311838	0.371928	0.00989656	0.00424572	0.0204098	0.00647327	0.0435058	0.266258	0.0331833	0.0676284	0.0160695	0.00180845	0.0053303
150	0.028426	0.00677109	0.000399432	0.000658472	0.0238109	0.0024679	0.00184485	0.326439	0.00086475	0.161605	0.0170631	0.000381439	0.000196631	0.000800601	0.000708733	0.00234023	0.0103995	0.412372	0.0015325	0.000917509
151	0.0332721	0.0110179	0.000760571	0.00235867	0.0270993	0.00298994	0.00299629	0.326594	0.00295064	0.178137	0.0251536	0.00117484	0.000647472	0.00461058	0.00580665	0.00363972	0.0134923	0.352232	0.00244462	0.00262166
152	0.0222912	0.00440433	0.000386179	0.000516151	0.00338024	0.000349879	0.00202873	0.362279	0.00147058	0.0382873	0.00496336	0.000183668	0.000127181	0.000537895	0.000390386	0.00266879	0.00940843	0.54489	0.000127722	0.00130901
153	0.0647651	0.00743226	0.0716131	0.419489	0.0145342	0.0226836	0.0232369	0.0168204	0.051274	0.0194314	0.0116127	0.0217597	0.0133557	0.0713411	0.0424698	0.0431581	0.0403959	0.0275875	0.00396836	0.013071
154	0.230081	0.00208361	0.0299675	0.256858	0.00240203	0.0619659	0.011597	0.00398721	0.0185482	0.00734792	0.00306682	0.0228	0.00169298	0.108233	0.0444511	0.123578	0.0582529	0.0100309	0.000728997	0.00232727
155	0.0797416	0.00315183	0.0126972	0.054127	0.219541	0.00708501	0.0481075	0.0563342	0.025904	0.124634	0.0259645	0.00253423	0.00209906	0.0500655	0.0350005	0.0130555	0.00859296	0.161587	0.00165195	0.0681264
156	0.0218508	0.0041782	0.000389005	0.000504544	0.00324205	0.000283444	0.00210744	0.36651	0.00144498	0.0365198	0.00489868	0.000183102	0.000130053	0.000526402	0.000384534	0.002712	0.00972063	0.543125	0.000120521	0.00116923
157	0.0533797	0.000981518	0.251797	0.168625	0.00263964	0.0104032	0.0415887	0.00376065	0.0778319	0.00234348	0.00157269	0.0988844	0.0857471	0.0345314	0.0673695	0.0570189	0.0201134	0.0110682	0.00280258	0.00754022
158	0.025961	0.00432618	0.00108666	0.00147039	0.0427774	0.00360578	0.00252501	0.317408	0.00261861	0.213743	0.0203281	0.000853815	0.000428529	0.00171539	0.00342646	0.00265872	0.0168047	0.330058	0.00225303	0.00595177
159	0.00965995	0.00169171	0.640473	0.189229	0.00183773	0.00820019	0.0167494	0.00670935	0.0366439	0.00366751	0.00417258	0.0181986	0.00227169	0.0223316	0.0081528	0.00908641	0.0091199	0.00796599	0.0009129	0.00292522
160	0.0312336	0.00324175	0.00354117	0.0109495	0.239415	0.00566204	0.00697707	0.0328013	0.00660526	0.0334123	0.00727901	0.00336028	0.00929712	0.00584007	0.048708	0.0608559	0.108208	0.0747704	0.0026248	0.305218
161	0.072366	0.0119346	0.0373114	0.337464	0.0283081	0.0197952	0.0214202	0.0250311	0.043474	0.110077	0.0155932	0.0185368	0.0128643	0.061196	0.0428865	0.0448206	0.0315441	0.0402565	0.00570731	0.0194128
162	0.0257927	0.00481788	0.00173922	0.00295191	0.086392	0.00380944	0.00360544	0.276699	0.00451048	0.228608	0.0289568	0.00176315	0.000821516	0.00352237	0.00444035	0.00387245	0.0177632	0.267477	0.0035139	0.028943
163	0.168383	0.0191065	0.0187864	0.0312385	0.0140986	0.0499084	0.0210768	0.0162633	0.0235584	0.0205073	0.012046	0.0280576	0.0091913	0.0216255	0.0233903	0.184383	0.24034	0.0742562	0.00412612	0.0196567
164	0.0438011	0.00401569	0.00302051	0.0266932	0.00876164	0.00456821	0.00345215	0.0528738	0.00545954	0.545828	0.120862	0.00318897	0.00196461	0.0868376	0.00744563	0.0147759	0.0136083	0.0471385	0.00152206	0.00418273
165	0.0237253	0.00643638	0.00142512	0.00602179	0.0332155	0.00413726	0.00184185	0.158428	0.0109681	0.568733	0.0295645	0.00147017	0.00324971	0.00669924	0.0102314	0.00486785	0.00801878	0.110514	0.00183373	0.00861818
166	0.310056	0.0212338	0.00188099	0.00382167	0.003731	0.0689358	0.00374119	0.00828018	0.00533508	0.00789509	0.010475	0.00250315	0.00932011	0.00953232	0.00645548	0.200397	0.208462	0.104809	0.000830026	0.0123054
167	0.0249959	0.0050311	0.000634162	0.00104851	0.00484955	0.00079752	0.00253686	0.340766	0.00215654	0.0459066	0.00454093	0.000675783	0.000275281	0.00117422	0.00176804	0.00298109	0.00991982	0.538474	0.000306023	0.0111616
168	0.0289045	0.0151332	0.0124694	0.0272353	0.00309125	0.00783989	0.0230083	0.0058373	0.216061	0.0150503	0.00574097	0.0384586	0.00226857	0.0502026	0.457762	0.043159	0.0280316	0.00788868	0.00394682	0.00791102
169	0.101442	0.00381384	0.00531974	0.00968928	0.00502307	0.00544579	0.182918	0.00590018	0.031681	0.00835351	0.00442246	0.0304255	0.00313518	0.0390099	0.00837314	0.353319	0.133589	0.00828144	0.00175313	0.0581045
170	0.068255	0.0188474	0.0141655	0.0182328	0.0430924	0.00903393	0.0551734	0.0494109	0.0608345	0.070912	0.00798875	0.0212236	0.000820103	0.0290483	0.0713576	0.14843	0.167926	0.0862527	0.0231989	0.0357963
171	0.0162065	0.00249049	0.00239837	0.00687026	0.399833	0.00424388	0.00895886	0.0276876	0.00693896	0.0242475	0.01165	0.00234994	0.0163041	0.00450666	0.0197098	0.0242631	0.0655792	0.0518872	0.0170303	0.286845
172	0.0442592	0.180114	0.00666919	0.00932267	0.0790512	0.00682453	0.00901175	0.0940574	0.0114062	0.262167	0.0197079	0.0230606	0.0430382	0.0130467	0.0164831	0.0459411	0.014214	0.104518	0.0043033	0.012804
173	0.276996	0.00096043	0.143691	0.279434	0.00109239	0.00770073	0.00735888	0.00145293	0.0321955	0.0138316	0.00116207	0.0197279	0.15915	0.0148382	0.00782423	0.014942	0.00188516	0.00805113	0.000472888	0.0072321
174	0.0374817	0.00162986	0.00465822	0.00621636	0.00122265	0.00343362	0.00820978	0.00211439	0.0041866	0.00868757	0.00145399	0.00809638	0.893096	0.0031953	0.00353786	0.00384406	0.00354945	0.00326793	0.000614947	0.00150306
175	0.0219394	0.00419036	0.000385899	0.000508049	0.00321906	0.000288273	0.00208335	0.36589	0.00144871	0.0369602	0.00484539	0.000188721	0.000131164	0.000529018	0.000392436	0.0027048	0.00965189	0.543254	0.000123603	0.00126605
176	0.20933	0.00427003	0.0341832	0.125726	0.0039843	0.360456	0.0101696	0.00619627	0.0271524	0.00802676	0.00721887	0.0169671	0.0290564	0.0258603	0.0261283	0.0561478	0.0257087	0.0123074	0.00165228	0.00945805
177	0.0272271	0.00483031	0.0575332	0.0334398	0.00689635	0.0132441	0.405627	0.0118784	0.0268925	0.0217585	0.0310349	0.0310708	0.00804369	0.21066	0.0232965	0.0356934	0.0203961	0.0171466	0.00323943	0.0100919
178	0.00700773	0.0170261	0.00192068	0.0240119	0.0127113	0.00242649	0.0395309	0.124287	0.0357824	0.0600909	0.0155848	0.00224859	0.00123083	0.0542367	0.348224	0.0144438	0.00398148	0.166426	0.0277499	0.0410787
179	0.0411628	0.00506917	0.096361	0.0781716	0.00863063	0.0242671	0.104905	0.00990514	0.0392447	0.0286172	0.00838708	0.0354629	0.0537747	0.291468	0.0913933	0.0297572	0.020834	0.0177117	0.00379076	0.0110858
180	0.0270148	0.00144407	0.0756937	0.389072	0.00202126	0.017055	0.0129332	0.0552097	0.10251	0.00349405	0.00844499	0.00703358	0.0176435	0.0938188	0.0280759	0.0588093	0.0155526	0.0810152	0.000809651	0.00234862
181	0.0557596	0.000634202	0.179485	0.136221	0.00714809	0.113347	0.020583	0.00797763	0.0934392	0.0118884	0.00243565	0.0964593	0.00799464	0.0299244	0.0320105	0.123004	0.0717903	0.00431761	0.00051053	0.00506943
182	0.177968	0.00485657	0.0513302	0.116171	0.00633591	0.264332	0.0127518	0.00781475	0.0450046	0.0127637	0.00913035	0.0225154	0.0277121	0.0309769	0.0370968	0.0690901	0.073228	0.0189013	0.0018646	0.0101559
183	0.0371077	0.00398026	0.32089	0.157322	0.00885685	0.0769723	0.0164593	0.0468165	0.0663302	0.0124238	0.0070977	0.0364999	0.00834882	0.0319832	0.0289719	0.0435225	0.0254625	0.055743	0.0037539	0.0114582
184	0.133613	0.0133947	0.0257206	0.136246	0.0302504	0.021335	0.0280677	0.0232065	0.0449094	0.0916365	0.0151753	0.0155408	0.00857916	0.0439008	0.0556696	0.116975	0.0333821	0.0373172	0.00680843	0.118272
185	0.0104462	0.0124957	0.00317759	0.016939	0.00829296	0.00357976	0.0602227	0.138174	0.0230716	0.0509735	0.0387326	0.00295607	0.00132425	0.114156	0.217367	0.011444	0.00568054	0.206785	0.0266796	0.0475026
186	0.0735736	0.0435034	0.0462421	0.299027	0.0863249	0.0108227	0.0159982	0.0138173	0.0196193	0.0599109	0.00970391	0.00722836	0.00393214	0.123642	0.0272206	0.0694684	0.0164971	0.0187294	0.00375666	0.0509818
187	0.111017	0.0186112	0.0144164	0.0332367	0.0177876	0.0407606	0.0243899	0.026954	0.0281672	0.0533651	0.102876	0.0266605	0.0102961	0.0366009	0.0354268	0.302186	0.0526504	0.0424086	0.00548075	0.0167089
188	0.0323333	0.00779856	0.00940103	0.0180515	0.363354	0.00973854	0.0238135	0.0304671	0.0210046	0.0503893	0.0147724	0.00760845	0.00754436	0.0193679	0.0349071	0.0222753	0.0255554	0.0356974	0.0966826	0.169238
189	0.0250293	0.00441417	0.0183652	0.0170838	0.0065629	0.0115031	0.273046	0.0182921	0.015509	0.0209164	0.166437	0.0123332	0.00916097	0.330743	0.0168237	0.0191642	0.0124797	0.0107541	0.00258392	0.00879767
190	0.133889	0.00167343	0.0232593	0.046323	0.0606764	0.00865472	0.0534641	0.0988819	0.0407693	0.15084	0.0276838	0.00144332	0.000898038	0.0657427	0.0334705	0.0170876	0.0104218	0.186043	0.000606709	0.0381721
