412	20
1	0.137678	0.0151283	0.0315588	0.020896	0.0130105	0.0303158	0.0252432	0.0183369	0.0707983	0.044002	0.119332	0.0183261	0.013324	0.076125	0.0349169	0.178769	0.11578	0.0225365	0.00499408	0.00892869
2	0.141104	0.00919427	0.0207748	0.058336	0.0161739	0.0266536	0.00758057	0.104033	0.0239815	0.0652672	0.0151755	0.0216684	0.0272443	0.0135868	0.023987	0.0875024	0.142469	0.185249	0.00476579	0.0052529
3	0.0951859	0.0120872	0.25467	0.215529	0.00176565	0.0604829	0.0228663	0.00467874	0.0168239	0.00567199	0.00668188	0.0506827	0.0029027	0.0664621	0.0428216	0.0590983	0.0619188	0.00957403	0.000798974	0.00929635
4	0.0751128	0.0765877	0.0587558	0.0240493	0.0139676	0.0204371	0.0763749	0.0787277	0.0223536	0.154978	0.0649382	0.047741	0.0402143	0.0298886	0.04474	0.0355223	0.0417533	0.0667014	0.0055602	0.0215959
5	0.13177	0.00857078	0.0286249	0.0300145	0.0179492	0.0636445	0.0108498	0.0608359	0.0273593	0.0325744	0.0112028	0.0483849	0.0695063	0.0115551	0.0207445	0.133624	0.189151	0.095176	0.00344048	0.0050214
6	0.146465	0.0064549	0.0200837	0.0165961	0.0076131	0.0131662	0.00768139	0.0319868	0.00913332	0.0826426	0.00629711	0.00686168	0.34627	0.0596106	0.0201728	0.102413	0.0651275	0.0449825	0.0024063	0.00403491
7	0.0598446	0.0151171	0.022241	0.0727796	0.00672484	0.0638384	0.0418363	0.0490911	0.0889031	0.09117	0.0190969	0.017947	0.051065	0.0846363	0.133247	0.0516652	0.074406	0.0293097	0.00700958	0.020071
8	0.0786725	0.0107785	0.0256884	0.0454558	0.00722542	0.0256059	0.060757	0.033414	0.106596	0.0711843	0.0136238	0.029894	0.0418423	0.0762904	0.172909	0.0362175	0.0835854	0.0303334	0.00854309	0.0413834
9	0.02059	0.00660897	0.00371465	0.00336071	0.18951	0.00393573	0.00633798	0.112457	0.00288956	0.381438	0.0713218	0.00352693	0.0191952	0.00479633	0.00347201	0.00949567	0.0203296	0.0608291	0.0200187	0.056172
10	0.0822794	0.0104291	0.275932	0.186591	0.00158245	0.0644247	0.0241245	0.00369886	0.0155092	0.00507309	0.00511931	0.059466	0.00298864	0.0675672	0.0421837	0.0741505	0.0628691	0.00779542	0.000821043	0.00739453
11	0.0251898	0.00443992	0.00322307	0.00267408	0.296116	0.00347794	0.00543556	0.0878697	0.00341994	0.267022	0.0815162	0.00354471	0.00573439	0.00453853	0.00329985	0.00993577	0.0323574	0.0655565	0.0328254	0.0618231
12	0.111545	0.00756447	0.0257766	0.0554069	0.0080368	0.0986634	0.0125881	0.0180767	0.0316407	0.0192503	0.00732415	0.0133908	0.182365	0.0236603	0.0333847	0.269728	0.0459978	0.0267611	0.0022233	0.0066157
13	0.177415	0.005537	0.0211752	0.0142844	0.00437983	0.0273269	0.00606184	0.0458554	0.019272	0.0328247	0.00441046	0.00522212	0.360688	0.0468429	0.0209205	0.109505	0.0528415	0.0400288	0.00171987	0.00368735
14	0.0354357	0.00937646	0.00423707	0.0120034	0.0731813	0.00312248	0.00354117	0.184276	0.00439308	0.261742	0.0375478	0.00511451	0.00609733	0.00927907	0.00302463	0.0214884	0.0333067	0.275742	0.00647227	0.0106179
15	0.115172	0.036681	0.0167862	0.0105527	0.00275289	0.0993421	0.0670902	0.00457129	0.0771212	0.00942358	0.00959342	0.00608644	0.00636602	0.0148034	0.332115	0.0970411	0.0617245	0.0137051	0.0157828	0.00328947
16	0.109924	0.0287214	0.031589	0.014686	0.00316723	0.0892535	0.0658236	0.0056736	0.0826818	0.0115988	0.00904373	0.0103611	0.0099922	0.021488	0.321787	0.0896195	0.0605812	0.0130661	0.0153485	0.00559399
17	0.0896792	0.0404085	0.0167856	0.025749	0.00418058	0.0379187	0.0524129	0.0105628	0.119739	0.0207168	0.00954288	0.0145217	0.00956323	0.0299018	0.344605	0.0709034	0.0578205	0.0219473	0.013083	0.0099581
18	0.094124	0.00893878	0.0163239	0.127408	0.00488766	0.0177864	0.0175093	0.00891308	0.0651058	0.0216007	0.0030834	0.012705	0.129688	0.129278	0.145535	0.0802089	0.0327315	0.077696	0.00203972	0.0044365
19	0.0382451	0.0116316	0.00155052	0.00362192	0.0209749	0.00144598	0.00167696	0.260995	0.00147046	0.10948	0.0132074	0.00326704	0.00110781	0.0021653	0.00250249	0.0127612	0.0363347	0.465427	0.00473935	0.00739521
20	0.0752696	0.00822042	0.0175182	0.117567	0.0137291	0.0136667	0.0118016	0.0996327	0.0551989	0.13349	0.0239035	0.0117788	0.0154764	0.0324674	0.0420622	0.0678042	0.0831428	0.16205	0.00488949	0.0103305
21	0.353124	0.0252723	0.01899	0.0107853	0.00894144	0.134271	0.0101576	0.0384209	0.0139762	0.0782774	0.0295326	0.00875712	0.0173588	0.00897803	0.0143005	0.0588953	0.0764509	0.0851324	0.0032824	0.00509588
22	0.124961	0.0136375	0.168108	0.0760707	0.0040708	0.0211559	0.021385	0.0066484	0.0410745	0.0112255	0.00652716	0.0732683	0.00485527	0.0459906	0.15447	0.142246	0.0642789	0.0109712	0.00234681	0.00670939
23	0.0779432	0.0154712	0.0408754	0.0280929	0.133531	0.0279194	0.034936	0.0355684	0.027956	0.0698762	0.0246434	0.113554	0.0178515	0.0222557	0.0303012	0.0748919	0.13199	0.0445353	0.0137022	0.0341057
24	0.054343	0.013409	0.37444	0.0850807	0.00701174	0.0422532	0.0267204	0.0100108	0.0133227	0.0125179	0.00697232	0.112565	0.00572992	0.0295642	0.0322739	0.104338	0.0490932	0.0111413	0.00196998	0.00724305
25	0.120441	0.00833444	0.0345895	0.0598378	0.00712087	0.5069	0.0227694	0.0110141	0.0242837	0.01731	0.00683189	0.0134737	0.0146383	0.0224536	0.0328022	0.0334519	0.0403657	0.0145874	0.00260496	0.00619001
26	0.0543904	0.00734013	0.0656578	0.119103	0.00332532	0.561297	0.0232034	0.00517281	0.0149202	0.00772866	0.00441537	0.0228026	0.00536753	0.0262704	0.020761	0.0189962	0.0240581	0.00842113	0.00184632	0.00492245
27	0.11524	0.0480474	0.0152502	0.00779916	0.00342565	0.0420349	0.0735841	0.00590355	0.0576988	0.020061	0.0250016	0.00620496	0.00402622	0.0141747	0.323558	0.11638	0.0796397	0.0159144	0.017848	0.00820682
28	0.0137998	0.00672213	0.00151804	0.00141694	0.077549	0.00162058	0.00487286	0.178432	0.00111878	0.495875	0.0729254	0.00476071	0.00641995	0.00400903	0.00168982	0.00383036	0.0143925	0.0964156	0.00458457	0.00804744
29	0.0885644	0.0131553	0.0267424	0.014036	0.0081602	0.0324336	0.0281238	0.0146706	0.0204092	0.0217696	0.0141655	0.0366693	0.0134199	0.0244772	0.0277663	0.236473	0.348453	0.0207891	0.0031911	0.00653001
30	0.140159	0.113156	0.0365695	0.0307948	0.010017	0.0431548	0.0286342	0.0194868	0.0232791	0.0282295	0.016545	0.042644	0.012993	0.0258777	0.0686909	0.240888	0.0621858	0.0285255	0.00544653	0.022722
31	0.0745733	0.0124528	0.325965	0.101962	0.00942934	0.0469624	0.0327031	0.0132903	0.0253448	0.0215339	0.00990479	0.0547277	0.00957609	0.0454198	0.046256	0.0656382	0.0528158	0.0177095	0.0038335	0.0299022
32	0.246037	0.00460518	0.0118105	0.0173973	0.00397484	0.490324	0.0145656	0.00801511	0.0129258	0.0110813	0.00450281	0.00757024	0.0221771	0.0093196	0.024967	0.0265521	0.0643839	0.0155573	0.0016998	0.00253384
33	0.12372	0.0131855	0.0394536	0.054111	0.00574456	0.471195	0.0229322	0.00986795	0.031007	0.01694	0.00885298	0.0157351	0.0153284	0.024829	0.0470543	0.038547	0.0377372	0.016013	0.00267693	0.00506914
34	0.0800533	0.0120558	0.0119101	0.0520867	0.0227402	0.0121527	0.00849358	0.148948	0.0154989	0.202876	0.0377734	0.00743017	0.00723686	0.0160718	0.007248	0.0311604	0.0488633	0.26418	0.00402882	0.00919193
35	0.015147	0.00476008	0.00153186	0.00150188	0.158588	0.00162072	0.00396376	0.132271	0.00124047	0.425299	0.0981512	0.00358643	0.00464159	0.00305488	0.00182918	0.003742	0.0306312	0.0820785	0.0162455	0.0101167
36	0.0354575	0.00766146	0.00458163	0.00659657	0.0531879	0.00415712	0.00844699	0.142005	0.00359391	0.485306	0.0547213	0.00764012	0.0097389	0.0101714	0.00296929	0.0099484	0.0219058	0.120415	0.00249433	0.00900187
37	0.0131712	0.00655189	0.00132355	0.00140446	0.0878705	0.00141083	0.00465562	0.159449	0.00106686	0.506674	0.0774946	0.00453184	0.0072977	0.00375028	0.00170345	0.00382199	0.01549	0.0875432	0.00539209	0.00939686
38	0.114812	0.0322087	0.0133051	0.00917593	0.00193339	0.0586107	0.0641776	0.00359202	0.0788948	0.00954797	0.00903644	0.00448162	0.00386344	0.0117655	0.39507	0.0890143	0.065741	0.0147533	0.0170165	0.00300051
39	0.140305	0.0149093	0.100412	0.274787	0.00286373	0.0192036	0.0158622	0.00695174	0.0229112	0.0123021	0.00729007	0.034384	0.0268256	0.129179	0.0613151	0.0573263	0.0374017	0.0259666	0.00207351	0.00773043
40	0.105879	0.0120959	0.010872	0.0194807	0.0495308	0.0130574	0.00812021	0.166843	0.0103666	0.123532	0.0178311	0.00873404	0.00995522	0.0109382	0.011547	0.0341	0.0832014	0.290387	0.00505706	0.00847175
41	0.0910467	0.0114886	0.283053	0.244322	0.00220103	0.0475694	0.0202368	0.00457963	0.0119453	0.00616859	0.00873875	0.048631	0.00269198	0.057424	0.0353928	0.0559825	0.0497605	0.00825686	0.000950955	0.00955991
42	0.0750579	0.00619739	0.0403762	0.0794748	0.00196997	0.0107912	0.0104759	0.00539828	0.243339	0.00758958	0.00210745	0.0485828	0.00442039	0.0558874	0.29331	0.0605841	0.0314313	0.0176805	0.00317253	0.00215339
43	0.070076	0.00545823	0.0221416	0.0603119	0.00640103	0.0445663	0.0194914	0.0278035	0.203876	0.0269544	0.00573555	0.0220801	0.0200179	0.0961032	0.248354	0.0363347	0.0447891	0.0247294	0.0046986	0.0100765
44	0.058766	0.0164863	0.022262	0.0279934	0.0248842	0.0117263	0.067412	0.0994515	0.0244126	0.288961	0.0594057	0.0134227	0.0148341	0.0292383	0.07006	0.0226255	0.0700755	0.0526914	0.00605062	0.0192409
45	0.0903698	0.00718695	0.0284261	0.0582561	0.0120733	0.268274	0.0119806	0.0179075	0.135608	0.0119044	0.00633073	0.0108244	0.0327476	0.0932182	0.124102	0.0290277	0.041344	0.0157136	0.00146019	0.00324456
46	0.0144227	0.00667286	0.00179935	0.00191208	0.0744376	0.00149257	0.00496661	0.185001	0.00137487	0.488877	0.066762	0.00550337	0.00726324	0.00520011	0.0019877	0.00453827	0.014919	0.10114	0.00404946	0.00767987
47	0.276466	0.0672289	0.0149133	0.0139765	0.00624342	0.026942	0.0136631	0.0865188	0.0135102	0.0312199	0.0526101	0.0134065	0.0117955	0.0160878	0.0139598	0.152945	0.129013	0.0495477	0.00303169	0.00692119
48	0.133126	0.0207086	0.157068	0.185059	0.00175791	0.0302225	0.0162918	0.00582031	0.0452515	0.00759288	0.00427942	0.0400482	0.00647081	0.0920886	0.104293	0.0782511	0.0495563	0.0140691	0.000853375	0.00719112
49	0.0776906	0.0110382	0.0200107	0.0420295	0.00587138	0.0286414	0.0440576	0.0415787	0.107658	0.0502621	0.0252893	0.0244683	0.0242221	0.102604	0.228842	0.0295957	0.0717938	0.0303498	0.00917363	0.0248233
50	0.0210197	0.00608741	0.0019325	0.00229599	0.110198	0.00248047	0.00588014	0.139246	0.00196522	0.485003	0.0808817	0.00432978	0.00901995	0.00489529	0.00287669	0.00539366	0.0202627	0.0763494	0.00792849	0.011954
51	0.350523	0.031541	0.016781	0.0182966	0.00923072	0.033277	0.00943433	0.0520839	0.0198915	0.0298717	0.0161833	0.0137291	0.0264204	0.0120431	0.0183227	0.117582	0.10488	0.111844	0.00275666	0.00530817
52	0.154256	0.00539764	0.0283856	0.0478167	0.0146495	0.163469	0.00672615	0.0176694	0.172961	0.00605026	0.00252444	0.00912066	0.0454161	0.0907334	0.122729	0.0339715	0.0558296	0.0195177	0.000991028	0.0017854
53	0.195608	0.292126	0.009328	0.00907078	0.00583944	0.0333142	0.0402922	0.0169087	0.0125477	0.017861	0.0177701	0.00910522	0.0047661	0.014334	0.0153532	0.130236	0.0693076	0.0523103	0.00345249	0.050469
54	0.0139946	0.00614502	0.00165631	0.00178451	0.0881427	0.00153364	0.00448304	0.177291	0.00128973	0.488909	0.0704169	0.00514463	0.00661408	0.00498996	0.00195992	0.0043006	0.0161837	0.0910095	0.00580255	0.00834897
55	0.127462	0.0148251	0.118093	0.0839573	0.00243037	0.0259431	0.0410632	0.00708471	0.0710771	0.0160058	0.00610788	0.0381295	0.0104323	0.0506403	0.169912	0.114637	0.0772497	0.0116819	0.00497431	0.00829289
56	0.0775086	0.0206581	0.18949	0.0495851	0.0214603	0.0347223	0.0433619	0.0427977	0.028522	0.153587	0.0230992	0.034296	0.0171938	0.0365579	0.0462219	0.0513083	0.0531251	0.0408173	0.00601408	0.0296738
57	0.0771014	0.0122183	0.0282244	0.0447803	0.00535282	0.0239398	0.0743542	0.0266521	0.0851266	0.0532747	0.0149797	0.0487183	0.0672573	0.0767072	0.165596	0.04658	0.0735205	0.0249662	0.00872921	0.0419204
58	0.0979204	0.0177439	0.135627	0.0814637	0.00666756	0.035468	0.0325931	0.0122357	0.074926	0.0228254	0.0121772	0.0420558	0.0124228	0.0528562	0.195237	0.0757421	0.0521956	0.0189248	0.00667629	0.0142407
59	0.0906023	0.0142974	0.268697	0.170598	0.00261235	0.0452647	0.0314077	0.00373681	0.0141979	0.00559376	0.00457087	0.0690903	0.00247027	0.0561576	0.0603983	0.0881045	0.0574998	0.00732882	0.000950143	0.0064212
60	0.0927826	0.0109441	0.0200105	0.101082	0.00477791	0.0195034	0.0183549	0.012536	0.0491502	0.0272827	0.00536612	0.0131294	0.173406	0.123803	0.133766	0.0866433	0.0356191	0.0637546	0.00248059	0.00560752
61	0.190762	0.00467373	0.0609551	0.0579663	0.0136321	0.0828967	0.0106579	0.0215423	0.0651709	0.0321667	0.00754324	0.0345107	0.0375692	0.0290459	0.059464	0.107375	0.0938462	0.0840561	0.00313154	0.00303492
62	0.064263	0.0212928	0.0251444	0.02461	0.0461636	0.0176844	0.0487437	0.0228491	0.0710838	0.148137	0.0410455	0.01786	0.0172173	0.0391752	0.17679	0.0617276	0.047052	0.0267865	0.0157319	0.0666419
63	0.0371929	0.0110776	0.00212104	0.00472032	0.0202009	0.00211325	0.00243839	0.248737	0.0022032	0.097065	0.012344	0.00360566	0.00131979	0.00331651	0.00487187	0.0135388	0.0434378	0.469281	0.00502259	0.0153921
64	0.0523505	0.00728324	0.012041	0.0689132	0.00364125	0.0097593	0.04542	0.0618369	0.0851051	0.0904724	0.0108107	0.0197643	0.0219807	0.0796412	0.20189	0.0245199	0.0902298	0.0718649	0.0102656	0.0322097
65	0.0370185	0.0180192	0.0409405	0.0206722	0.0424588	0.0191828	0.300269	0.0164553	0.0167386	0.0326553	0.0149852	0.0148953	0.00911178	0.0192258	0.0337448	0.033948	0.0274704	0.024032	0.0162408	0.261935
66	0.122117	0.00554578	0.0256391	0.0456243	0.0102448	0.161751	0.0122983	0.0129419	0.0749808	0.0181616	0.00658823	0.0126603	0.0757424	0.0294944	0.064057	0.249619	0.0468691	0.0202413	0.00177704	0.00364676
67	0.0506008	0.0106066	0.0131291	0.0190012	0.0299177	0.00951338	0.0129562	0.0999952	0.01184	0.336247	0.0337802	0.040971	0.0120355	0.0451041	0.0147076	0.0273994	0.0412894	0.175447	0.00616145	0.00929701
68	0.129496	0.014782	0.185619	0.210635	0.00130895	0.0375057	0.0175602	0.0053204	0.0303006	0.00512495	0.00504124	0.0461166	0.00305099	0.0905737	0.069919	0.0700781	0.0574081	0.0106837	0.000814746	0.00866059
69	0.074565	0.0121773	0.301255	0.183589	0.00215609	0.054551	0.0306305	0.00342987	0.010847	0.00571546	0.00513509	0.070427	0.00229399	0.0543077	0.0414799	0.0752969	0.0575554	0.00637967	0.000968515	0.00724033
70	0.0132276	0.00658654	0.00135831	0.00134162	0.0744125	0.0013507	0.00478171	0.168934	0.00104269	0.518789	0.0738669	0.00489175	0.00754186	0.0040279	0.00176181	0.0035686	0.0130102	0.0873814	0.00376136	0.0083635
71	0.0137439	0.00668401	0.00147966	0.00166566	0.0660025	0.00151411	0.00460256	0.186807	0.00124896	0.505778	0.0646434	0.00601934	0.00663862	0.00524302	0.00186152	0.00426887	0.0128855	0.0995395	0.00282083	0.00655329
72	0.109496	0.0321162	0.00927637	0.00563976	0.00168792	0.0555512	0.0549322	0.0040846	0.0679534	0.00940474	0.00867818	0.0035957	0.00347362	0.0101063	0.427318	0.0868096	0.0737158	0.0167423	0.0165864	0.00283179
73	0.133629	0.0188908	0.0188174	0.0268045	0.0909896	0.0207091	0.0518919	0.0224636	0.0347169	0.122133	0.012631	0.0129848	0.0123726	0.248001	0.0355171	0.0551801	0.0385197	0.0229124	0.0073766	0.0134585
74	0.0734825	0.0138862	0.0209416	0.0443412	0.00485063	0.0300151	0.0260999	0.0125066	0.185918	0.0182199	0.00580105	0.0226599	0.0115097	0.0491501	0.344271	0.0557472	0.0437187	0.0202604	0.00941736	0.00720311
75	0.0368585	0.0121889	0.00156808	0.00393843	0.0210881	0.00157922	0.00172938	0.250437	0.00147165	0.1113	0.0155399	0.00328473	0.00100101	0.00227274	0.00263325	0.0143114	0.0369433	0.46931	0.00519705	0.00734688
76	0.0237901	0.0155875	0.00688739	0.00491782	0.327682	0.00315256	0.0227089	0.0248505	0.00353167	0.0726012	0.0299071	0.00343135	0.00319039	0.0030371	0.00752659	0.0146118	0.011835	0.0235348	0.0506114	0.346604
77	0.151945	0.0176612	0.101834	0.0675911	0.00691885	0.130019	0.0304709	0.0149801	0.0350497	0.0257274	0.0525752	0.0275571	0.0135884	0.110915	0.0384932	0.0904844	0.0521611	0.0191103	0.00311512	0.00980328
78	0.0179397	0.00706458	0.00178574	0.00345657	0.0573413	0.00166037	0.00477297	0.201766	0.00155518	0.45261	0.0576045	0.00519828	0.00618355	0.00502797	0.00191089	0.006051	0.0164958	0.141895	0.00287778	0.00680331
79	0.32003	0.0535531	0.0114298	0.00879485	0.0126028	0.0339417	0.0112679	0.110427	0.0110495	0.0641553	0.0299316	0.00545974	0.00872292	0.00884921	0.0112552	0.0603346	0.0584757	0.170059	0.00250951	0.00715001
80	0.295279	0.0821686	0.0242891	0.0100016	0.00757309	0.0859036	0.0167552	0.0584882	0.0100144	0.131475	0.0963998	0.0069209	0.00640875	0.0147475	0.00906301	0.0288655	0.0240518	0.0806443	0.00227557	0.00867523
81	0.122872	0.0109575	0.0391855	0.0568114	0.00588239	0.509489	0.0237992	0.00972323	0.025851	0.0155264	0.00798984	0.014086	0.0144669	0.0232231	0.0315095	0.0284863	0.0374634	0.0151841	0.00209293	0.0053998
82	0.0212021	0.0210662	0.0253552	0.0143083	0.190911	0.00427283	0.0649655	0.0165725	0.00597922	0.0366465	0.0184842	0.0052153	0.00409626	0.00496071	0.0161437	0.0275432	0.0103647	0.018053	0.049982	0.443878
83	0.152067	0.0142983	0.0983005	0.17685	0.00823934	0.0406672	0.0205145	0.0167981	0.0452709	0.0294715	0.0117392	0.0339313	0.0238625	0.0804047	0.0773361	0.0646033	0.0541051	0.035801	0.00463234	0.0111074
84	0.0848911	0.013701	0.269278	0.200405	0.00495819	0.0575955	0.0258022	0.00682621	0.0180678	0.0152838	0.00812032	0.0517563	0.00837023	0.0572313	0.042297	0.0581914	0.0516716	0.0118583	0.00172118	0.0119736
85	0.218917	0.0704251	0.0643613	0.0148355	0.00924512	0.0976945	0.0277312	0.0707568	0.016475	0.132515	0.0641023	0.0103924	0.0111759	0.0235124	0.0215594	0.0352314	0.0307097	0.0646218	0.00355	0.0121884
86	0.0562949	0.0149273	0.362923	0.104049	0.00553827	0.0479743	0.0301673	0.0085814	0.0148087	0.0124039	0.00670705	0.122149	0.00552191	0.0379394	0.0347341	0.0683562	0.0458465	0.0110046	0.0020259	0.00804671
87	0.156276	0.0179187	0.204075	0.113016	0.00792308	0.0532597	0.0299547	0.0156678	0.0279328	0.0263234	0.0142427	0.0428204	0.0142821	0.0513037	0.0562196	0.0745909	0.0572373	0.0242496	0.00265809	0.0100491
88	0.169126	0.0254851	0.0265727	0.0234944	0.0338363	0.0269888	0.152291	0.0251434	0.0306853	0.113077	0.0185612	0.0193544	0.014805	0.0474215	0.0550994	0.106097	0.0511862	0.0274699	0.00956083	0.0237456
89	0.0613405	0.00970347	0.334086	0.179286	0.00196346	0.0785136	0.0277754	0.00342503	0.00988085	0.00541146	0.00548083	0.0699515	0.00243119	0.0576745	0.0277106	0.0568468	0.053183	0.00653057	0.00078865	0.00801718
90	0.176336	0.0123464	0.120725	0.0511914	0.00354443	0.016857	0.0188352	0.0079926	0.0318089	0.015063	0.00720262	0.0384572	0.00615329	0.0626732	0.125249	0.179271	0.108859	0.0102567	0.00159988	0.00557885
91	0.0346651	0.00842561	0.006979	0.00852726	0.0790946	0.00730732	0.010157	0.132335	0.00731929	0.428692	0.0622787	0.0121356	0.015297	0.0149957	0.0101723	0.019395	0.0306277	0.0887186	0.0067284	0.0161488
92	0.0948556	0.0210789	0.0441764	0.0475318	0.00629036	0.0398638	0.0411897	0.0192498	0.0753508	0.0330893	0.0115722	0.0233083	0.0186997	0.045927	0.25001	0.0711458	0.103858	0.0292526	0.0104073	0.0131426
93	0.110878	0.0537975	0.120627	0.0235691	0.0843384	0.0162064	0.140474	0.0513334	0.0135965	0.0281445	0.0120226	0.152734	0.0114415	0.0175545	0.0242547	0.0761767	0.0253757	0.0178906	0.00621371	0.0133713
94	0.0718052	0.0140082	0.3448	0.104861	0.00882306	0.0502527	0.0314404	0.0139773	0.0206431	0.0218024	0.0100302	0.0597439	0.00926168	0.0432989	0.0424199	0.0635236	0.0497888	0.0165838	0.00329737	0.0196388
95	0.0865615	0.0093545	0.0252704	0.031229	0.00837971	0.0100079	0.0100565	0.0336203	0.00996845	0.107176	0.00769697	0.00782046	0.366346	0.06579	0.0262717	0.0528724	0.0447691	0.0877741	0.00252304	0.00651204
96	0.307481	0.0579192	0.024497	0.00950866	0.00804343	0.0854339	0.0138586	0.0676759	0.00976321	0.134938	0.0935989	0.00471291	0.00476101	0.0113891	0.0076821	0.0270459	0.0255216	0.0957632	0.00224735	0.00815969
97	0.0160894	0.00324918	0.00183485	0.00173081	0.246396	0.00206602	0.00321425	0.107473	0.00161602	0.334877	0.10491	0.00288488	0.00502738	0.00249196	0.00184835	0.0046041	0.0351935	0.0698366	0.02852	0.0261361
98	0.132977	0.00612846	0.0245818	0.04696	0.0150063	0.143407	0.00748618	0.0194039	0.191774	0.00988928	0.00329207	0.00976749	0.0411514	0.104774	0.130434	0.0345193	0.0535273	0.0200788	0.00145507	0.00338707
99	0.0512567	0.0130829	0.0161204	0.0505126	0.0137785	0.013115	0.0189522	0.0855881	0.0183786	0.313248	0.0498865	0.0118913	0.0175215	0.0481741	0.0230903	0.0361978	0.145452	0.0618274	0.00199388	0.0099317
100	0.389542	0.0325328	0.0106244	0.00902609	0.00883492	0.0259627	0.00704614	0.0899909	0.0116536	0.0361942	0.0193023	0.00673077	0.0129578	0.00582546	0.00660435	0.100179	0.0724835	0.147334	0.00226425	0.00491018
101	0.0435934	0.0171335	0.00465228	0.0141738	0.0221189	0.00302488	0.00517199	0.216427	0.00480625	0.157458	0.0252434	0.00519554	0.00572396	0.00779112	0.00409834	0.0264752	0.051197	0.374267	0.00393446	0.00751377
102	0.0447864	0.00710821	0.0489807	0.104398	0.00281203	0.629573	0.0262939	0.00450937	0.0131888	0.00714489	0.00388606	0.0191035	0.00429237	0.0223989	0.0170281	0.0130361	0.018511	0.00682278	0.00189956	0.0042263
103	0.0634082	0.00512569	0.0261119	0.072703	0.0019869	0.00722421	0.0123727	0.00832946	0.248895	0.0114512	0.00283192	0.0432449	0.00583561	0.0604632	0.317819	0.0509524	0.0296906	0.0231196	0.00449253	0.00394235
104	0.0681123	0.0165119	0.016964	0.0275312	0.0246841	0.0225727	0.0255348	0.0460616	0.0208507	0.296798	0.0281929	0.0182224	0.028677	0.0742919	0.0276166	0.088249	0.103578	0.0497153	0.0047189	0.0111166
105	0.12695	0.00612563	0.0393189	0.0168363	0.00477678	0.0166148	0.00818137	0.0463894	0.0112148	0.032278	0.0056019	0.00651049	0.413589	0.0355941	0.0187416	0.112714	0.0470225	0.0446957	0.00181358	0.00503053
106	0.47343	0.0827501	0.0126612	0.00950787	0.0057747	0.0352063	0.0105557	0.0430683	0.0131394	0.0322492	0.0248193	0.00735024	0.0103285	0.00933777	0.00790134	0.0858512	0.060843	0.0629961	0.00307688	0.00915289
107	0.137041	0.0164369	0.0217452	0.0189363	0.0102527	0.153288	0.0156685	0.0105331	0.0203663	0.0203692	0.00983687	0.0193792	0.0335843	0.0155837	0.0261101	0.394457	0.0501643	0.0144441	0.00279204	0.00901127
108	0.125725	0.00936781	0.0332047	0.052815	0.014675	0.0709413	0.0216701	0.0175545	0.157154	0.02414	0.00794773	0.0173035	0.030532	0.15155	0.128512	0.0480228	0.0516569	0.0230457	0.00427928	0.00990303
109	0.154817	0.00469594	0.0182803	0.0132734	0.00323571	0.0276573	0.00666573	0.0291744	0.00986676	0.0212439	0.00489588	0.00617795	0.361956	0.0227932	0.0129211	0.231215	0.0398212	0.0253339	0.00182852	0.00414574
110	0.117576	0.0192888	0.0397489	0.0275391	0.00951095	0.0366022	0.0241737	0.0264177	0.028558	0.0297989	0.0167956	0.0365631	0.0327847	0.0310202	0.045585	0.198229	0.229137	0.0386235	0.00391516	0.00813284
111	0.0140327	0.00763032	0.00146268	0.00147082	0.0814997	0.0014806	0.00500632	0.160579	0.00120766	0.51499	0.075333	0.00455936	0.00869931	0.00424919	0.00200001	0.00422705	0.0147597	0.0822682	0.00442237	0.010122
112	0.0804903	0.107293	0.0497406	0.0324203	0.0104357	0.025326	0.0301225	0.0150331	0.0223744	0.021116	0.014323	0.160688	0.0109133	0.0223632	0.042759	0.256796	0.0617001	0.0197262	0.00479263	0.0115866
113	0.0758312	0.0230047	0.0267511	0.0395991	0.00509627	0.0344273	0.0375546	0.011991	0.104633	0.0238528	0.0104379	0.0189476	0.0128997	0.0430458	0.378189	0.058887	0.0484646	0.0221558	0.0140454	0.0101861
114	0.0164613	0.00293513	0.001888	0.0017771	0.246613	0.00216835	0.00310271	0.10714	0.00154948	0.332455	0.10621	0.00278892	0.00482276	0.00232671	0.00195457	0.00442473	0.0368564	0.0716859	0.0296905	0.0231485
115	0.0660895	0.0211255	0.083352	0.123972	0.0347682	0.0289557	0.0608845	0.0254887	0.0252446	0.0444899	0.0161733	0.0236621	0.0130869	0.0424757	0.0569797	0.052634	0.0444995	0.0304657	0.0146729	0.19098
116	0.0680836	0.0117302	0.0262171	0.0413501	0.00607052	0.0178133	0.0743594	0.0288118	0.092058	0.0710702	0.0158419	0.0766665	0.0279799	0.082654	0.168349	0.0345008	0.0863917	0.0272503	0.0106997	0.0321015
117	0.111473	0.0520925	0.0166913	0.0167613	0.00728429	0.0299927	0.0590798	0.0142594	0.0436954	0.06785	0.0337808	0.0111277	0.0089684	0.0280789	0.270429	0.083615	0.0708241	0.0208053	0.0313745	0.0218163
118	0.11953	0.0691833	0.0572106	0.10186	0.0143347	0.0225724	0.084299	0.0138573	0.0314316	0.0478568	0.0139394	0.0260972	0.0174176	0.0965984	0.14266	0.046501	0.0407945	0.0185301	0.0113509	0.0239748
119	0.131823	0.0142194	0.200075	0.198643	0.00156755	0.037339	0.0168952	0.00678323	0.0220686	0.00564951	0.00570504	0.0373857	0.00231047	0.0962226	0.052986	0.0715928	0.0761228	0.0115429	0.000825389	0.0102433
120	0.0926795	0.0115987	0.0156961	0.0203675	0.028091	0.0111858	0.0287282	0.110958	0.013633	0.32733	0.0420365	0.0109068	0.0111197	0.0209273	0.0140484	0.0244762	0.0656816	0.135774	0.00334883	0.0114128
121	0.0729296	0.0144898	0.0233576	0.0756151	0.0085403	0.012638	0.0914285	0.0475218	0.05091	0.0932661	0.0183355	0.0532284	0.0191284	0.0489878	0.134047	0.0268607	0.0580875	0.0603625	0.0389562	0.0513091
122	0.0902056	0.0189725	0.0220767	0.0527345	0.00747196	0.0175572	0.0893207	0.0242349	0.0985155	0.0711453	0.0151521	0.0241077	0.0226682	0.0564127	0.231519	0.037597	0.0574374	0.0237451	0.0110543	0.0280718
123	0.117757	0.0209077	0.0119492	0.00880211	0.0482001	0.023533	0.0115126	0.128267	0.0064542	0.359034	0.0815976	0.00616533	0.00762885	0.0088278	0.00412465	0.0108832	0.024457	0.105858	0.00351466	0.0105249
124	0.150174	0.0123657	0.0889394	0.107451	0.00808989	0.102462	0.0820861	0.012699	0.0219829	0.0214251	0.0432415	0.0705772	0.0248173	0.0421288	0.0383281	0.0959702	0.0460254	0.0155385	0.00444166	0.0112561
125	0.0876503	0.0127269	0.0834769	0.0981223	0.00514023	0.0307701	0.0357528	0.0200361	0.0914709	0.0458977	0.00914087	0.0282585	0.0198898	0.106995	0.173874	0.0483563	0.0586762	0.0221439	0.00545812	0.0161629
126	0.186982	0.0195076	0.0214419	0.064288	0.0144106	0.0744936	0.0145251	0.0527117	0.0228424	0.144802	0.0305933	0.0128027	0.0155711	0.0204668	0.0260531	0.0449013	0.0543426	0.162931	0.00795369	0.00837958
127	0.0135278	0.00599263	0.00146834	0.00126051	0.103238	0.00135147	0.00451411	0.150975	0.000991509	0.491707	0.0848653	0.00414425	0.00666167	0.00345877	0.00173738	0.00355365	0.0176675	0.0857391	0.00741495	0.00973118
128	0.0328667	0.00929736	0.00202091	0.00711389	0.0597813	0.00316388	0.00364426	0.212129	0.00367058	0.165584	0.0295979	0.00630431	0.00222831	0.00465639	0.00804768	0.0127288	0.0400248	0.368316	0.0180856	0.0107382
129	0.0649868	0.0121134	0.315158	0.190934	0.00204594	0.0711898	0.0342921	0.00338814	0.0104847	0.00592278	0.00602382	0.063304	0.00253254	0.0574511	0.0299882	0.0568796	0.0567689	0.0067643	0.000918118	0.0088538
130	0.0928593	0.0143989	0.0240552	0.0237134	0.0216373	0.0145198	0.147093	0.0900074	0.0649212	0.195985	0.02089	0.0172278	0.0151846	0.0691651	0.0586665	0.0306233	0.0419616	0.0300659	0.00690203	0.0201226
131	0.0225467	0.011421	0.009109	0.00652324	0.319397	0.0032563	0.0204952	0.052095	0.00314	0.113755	0.0413739	0.00341768	0.00377919	0.00331898	0.00598028	0.0151077	0.0167626	0.0391026	0.0549439	0.254475
132	0.0378399	0.0408102	0.0123828	0.00579164	0.0483616	0.00791539	0.0314139	0.146224	0.00511113	0.412381	0.0825269	0.0116853	0.0127806	0.00869044	0.0084711	0.0105618	0.0217069	0.0827925	0.00321127	0.00934206
133	0.162681	0.0284577	0.157768	0.220792	0.00263858	0.0257698	0.0158294	0.00747054	0.0233793	0.00752788	0.00656142	0.0329465	0.00582049	0.0905892	0.0641297	0.0742193	0.0489079	0.0138572	0.00141732	0.0092362
134	0.205526	0.00840844	0.0164825	0.0122346	0.100566	0.0235647	0.0216818	0.0146619	0.028294	0.100118	0.0120247	0.0131797	0.0146714	0.083881	0.0172883	0.253308	0.0427271	0.0172953	0.00407691	0.0100085
135	0.0529069	0.0180731	0.0210262	0.0136407	0.205589	0.00699593	0.110522	0.0137333	0.0176081	0.0328176	0.0162701	0.00836851	0.00417567	0.0129607	0.0453371	0.0253862	0.0218877	0.028215	0.0293129	0.315173
136	0.0892201	0.0108908	0.0168432	0.159132	0.00372799	0.00697386	0.0157301	0.00408886	0.0491368	0.0188901	0.002243	0.0141851	0.135603	0.135407	0.137509	0.0849257	0.0258587	0.085745	0.00127767	0.00261146
137	0.0829251	0.00865524	0.0258491	0.0570363	0.00342274	0.0153808	0.0680958	0.024175	0.128919	0.0450224	0.0102866	0.0419924	0.0259066	0.0709611	0.208622	0.0388276	0.0893476	0.0234225	0.00758458	0.0235675
138	0.142955	0.00450122	0.0243914	0.0136815	0.00341164	0.0125185	0.00579663	0.0463712	0.00855688	0.0368176	0.00399583	0.00470116	0.434658	0.0376659	0.0151454	0.085529	0.0499083	0.0641324	0.00150853	0.00375416
139	0.0981371	0.0114018	0.0256624	0.0725896	0.00605016	0.0385451	0.0199595	0.0163017	0.0443662	0.0340323	0.00620613	0.017138	0.172881	0.075045	0.116328	0.144253	0.0441866	0.0460066	0.00327868	0.00763177
140	0.0737062	0.00612712	0.0316794	0.0880382	0.00282184	0.0129446	0.0103521	0.00686458	0.271038	0.00835385	0.00322803	0.0506565	0.00495713	0.0555295	0.266804	0.0528519	0.0288445	0.0196661	0.00296607	0.00257045
141	0.107859	0.0106098	0.0287247	0.163512	0.00360716	0.0108572	0.0173338	0.00800138	0.0487097	0.0202632	0.00299037	0.0169602	0.0912383	0.119321	0.145474	0.0803926	0.0328763	0.0839366	0.00214843	0.00518364
142	0.0288831	0.0093408	0.0023676	0.00368495	0.0357495	0.00177805	0.00275579	0.241445	0.00188576	0.254845	0.0283988	0.00469893	0.00351141	0.00451252	0.00287004	0.0110464	0.028852	0.322692	0.00368552	0.00699736
143	0.0390845	0.0112977	0.00313356	0.00702694	0.0436437	0.00222171	0.00249549	0.222281	0.00266761	0.116017	0.0271781	0.00379964	0.00216258	0.00367872	0.00330562	0.0153114	0.0498294	0.430554	0.00613791	0.00817372
144	0.0233833	0.00796279	0.00356758	0.00378253	0.0678994	0.00299984	0.00754387	0.184382	0.00286563	0.438721	0.0596908	0.00564784	0.0119165	0.00786073	0.00485406	0.0085293	0.0227504	0.122983	0.00432477	0.00833482
145	0.0689199	0.0138873	0.366636	0.100087	0.00816513	0.0529238	0.0302873	0.0135768	0.0191905	0.0217233	0.00897223	0.0603883	0.0107851	0.043654	0.0420143	0.0592023	0.047126	0.016676	0.00328895	0.0124966
146	0.0156011	0.00454938	0.0014183	0.00162308	0.170022	0.00185881	0.00386849	0.134963	0.00122968	0.404066	0.0923585	0.0034858	0.00535756	0.00310767	0.00175523	0.00456248	0.0268683	0.0953601	0.0165139	0.0114309
147	0.0713063	0.0136709	0.343843	0.113536	0.00760613	0.0542008	0.0285795	0.0112533	0.0232752	0.0191464	0.00956521	0.0539424	0.0140756	0.0469788	0.042112	0.0622338	0.0502451	0.0144701	0.00372865	0.0162302
148	0.248894	0.0211083	0.0768837	0.0317438	0.0112312	0.102799	0.0155129	0.0300105	0.0335991	0.0301098	0.018375	0.0210627	0.0353968	0.0214728	0.0311644	0.115646	0.0721915	0.0745697	0.00305951	0.00516941
149	0.104682	0.0183448	0.0391542	0.0359583	0.0191338	0.0468781	0.0320575	0.0361503	0.0368181	0.0537805	0.0180542	0.0281896	0.0219083	0.0396465	0.0641898	0.0920755	0.236182	0.051975	0.00841232	0.0164089
150	0.0598333	0.0577011	0.20257	0.0779544	0.0567376	0.0342575	0.113848	0.0272099	0.0188277	0.0716853	0.0139609	0.0419835	0.0135575	0.0358423	0.0413986	0.0402859	0.031854	0.016636	0.00856253	0.0352939
151	0.136668	0.0159978	0.17415	0.0436646	0.0185642	0.0380394	0.0289219	0.0584765	0.0249893	0.0335264	0.0116464	0.0718741	0.0271955	0.0239963	0.0305225	0.10992	0.0617895	0.0787483	0.00418643	0.00712301
152	0.15144	0.00692625	0.0508801	0.0240071	0.00742104	0.0269368	0.0109923	0.0277375	0.0199404	0.0603959	0.00766959	0.0119922	0.242001	0.0324867	0.0463888	0.0642461	0.106505	0.0945779	0.00270071	0.00475487
153	0.045723	0.0116306	0.00247568	0.0058042	0.0201838	0.00231329	0.00307833	0.240226	0.00256575	0.108052	0.0135735	0.00374865	0.00190701	0.00374842	0.00458325	0.0152643	0.0456695	0.45638	0.0049396	0.00813359
154	0.0237992	0.019874	0.0431206	0.0199898	0.0745828	0.00746488	0.15937	0.0118491	0.0113958	0.0222554	0.0125394	0.0079588	0.00424004	0.0109088	0.018602	0.0348396	0.0160634	0.0206055	0.0282748	0.452266
155	0.114832	0.00926363	0.0347066	0.0576778	0.00521165	0.522929	0.0242349	0.00946631	0.0258385	0.0140187	0.00790802	0.0141353	0.0165645	0.0238735	0.0323033	0.0318926	0.0365933	0.0119403	0.0024055	0.0042048
156	0.0684231	0.0297713	0.160607	0.0836838	0.009447	0.0661987	0.121342	0.0174293	0.0239825	0.0466945	0.0191467	0.0453965	0.0128494	0.0785192	0.0828269	0.0329013	0.0353544	0.0110306	0.00641834	0.0479775
157	0.0967725	0.0155987	0.0615268	0.0754744	0.0168293	0.0501556	0.0316289	0.0216046	0.0632477	0.049654	0.0118934	0.0247384	0.0357635	0.163446	0.0982575	0.0637405	0.0610945	0.0361038	0.00669012	0.0157797
158	0.0744092	0.0139404	0.0205851	0.195385	0.00688564	0.0151217	0.0182636	0.0143485	0.0345247	0.058192	0.00773677	0.0176814	0.125973	0.145134	0.0883217	0.0623702	0.0317611	0.0602175	0.00310927	0.00603896
159	0.100678	0.0111523	0.0253325	0.0230423	0.0791201	0.105153	0.0258624	0.0264824	0.0807894	0.155039	0.0192382	0.0164403	0.0272619	0.0415999	0.0412392	0.118004	0.0529321	0.0271888	0.0048095	0.0186345
160	0.110207	0.0426162	0.0164523	0.00737163	0.00244117	0.0416016	0.0509347	0.00393324	0.0800437	0.00969037	0.0104091	0.00733587	0.00253857	0.0124731	0.354505	0.136074	0.077902	0.0169868	0.014131	0.00235287
161	0.163838	0.00881809	0.0097127	0.00933702	0.263082	0.0206325	0.0222069	0.0332522	0.0279318	0.15815	0.0200388	0.00814738	0.00896171	0.0343244	0.0125802	0.0986969	0.0313774	0.0251464	0.00912504	0.0346407
162	0.0262121	0.0152309	0.00873786	0.00625013	0.319021	0.00340065	0.0238014	0.027084	0.00642846	0.0727848	0.0295032	0.00364021	0.00330442	0.00455488	0.00737502	0.0164257	0.0133957	0.0241299	0.0532901	0.335429
163	0.0410446	0.0206501	0.0413268	0.0164646	0.0159216	0.0124065	0.111642	0.0158743	0.0151597	0.023496	0.00994314	0.414062	0.00789719	0.0141166	0.0222875	0.142346	0.0478553	0.0132023	0.00741443	0.00688939
164	0.222911	0.00405767	0.0131338	0.0154976	0.00592825	0.410511	0.0114187	0.0107071	0.0492795	0.00910448	0.00338181	0.00528093	0.0469349	0.0221937	0.0507457	0.0316059	0.0689024	0.0142683	0.00138701	0.00275019
165	0.0203566	0.0201786	0.0418277	0.0205688	0.078309	0.00870545	0.166034	0.011948	0.00792735	0.0200267	0.0125099	0.00801363	0.0043409	0.00707698	0.0160747	0.0344846	0.0143362	0.0204986	0.0289014	0.45788
166	0.0269303	0.0199635	0.0461774	0.0227353	0.0567846	0.0104459	0.165633	0.0133154	0.0137893	0.0286953	0.0133532	0.0122198	0.006283	0.0138592	0.0263618	0.0341807	0.0188391	0.0208562	0.0246477	0.424929
167	0.0650885	0.0115782	0.207817	0.0793231	0.005919	0.234547	0.0300164	0.0100197	0.0729721	0.014814	0.00773291	0.0330355	0.0119824	0.0711056	0.0484308	0.0365568	0.036748	0.0118986	0.00256299	0.00785141
168	0.0594444	0.0523271	0.0985915	0.125953	0.00680712	0.146016	0.117995	0.0114723	0.0208598	0.0241344	0.0101641	0.0259737	0.00853161	0.0873481	0.0449019	0.0415238	0.0797687	0.0126642	0.0044141	0.0211098
169	0.0504216	0.0186315	0.0353266	0.0250609	0.0336724	0.0122843	0.116367	0.0216182	0.0274883	0.0436828	0.0485474	0.0459322	0.0123188	0.0300583	0.0974302	0.0251741	0.0515977	0.0522856	0.0143561	0.237746
170	0.138838	0.231972	0.0233108	0.0157635	0.00858326	0.128804	0.032688	0.0329184	0.0155656	0.0536314	0.0790599	0.0122681	0.0119078	0.0240353	0.0269682	0.0632171	0.0378737	0.0390128	0.00536697	0.0182153
171	0.02449	0.0155778	0.00673424	0.00487569	0.326457	0.00321019	0.0225356	0.0243228	0.00442489	0.0721784	0.0289075	0.00352001	0.00316874	0.00332699	0.00748505	0.0157133	0.012423	0.0238286	0.0504758	0.346344
172	0.120066	0.0231406	0.0175745	0.0146792	0.0913725	0.0134436	0.137816	0.0303053	0.0313672	0.193909	0.0136481	0.0126267	0.0127144	0.113395	0.0428086	0.0398067	0.0345336	0.0260105	0.00815741	0.0226262
173	0.119629	0.00973752	0.0268855	0.0387781	0.00882931	0.0363802	0.011351	0.0316151	0.0302421	0.047161	0.00757777	0.0136359	0.302475	0.0512886	0.0455193	0.0952481	0.0588862	0.0544557	0.0030296	0.0072743
174	0.0132722	0.00677136	0.00155905	0.00139632	0.0728876	0.00138283	0.00475387	0.169498	0.00114573	0.520668	0.0730391	0.00487917	0.00728006	0.004272	0.00180749	0.0037867	0.0133154	0.0865439	0.00366175	0.00807925
175	0.0589794	0.0170944	0.0248119	0.0234187	0.0577674	0.0126098	0.130924	0.0339612	0.0215711	0.106239	0.025028	0.0201244	0.0100489	0.0238603	0.044772	0.0284641	0.0373235	0.1028	0.0160365	0.204166
176	0.0463608	0.0113679	0.00167465	0.00476666	0.020632	0.00178773	0.00183468	0.256858	0.00186381	0.100348	0.0125246	0.00335257	0.00165257	0.00227925	0.00354102	0.0152248	0.0377709	0.463877	0.00466131	0.00762165
177	0.0261975	0.0162824	0.00946504	0.00627816	0.312128	0.00328267	0.0289222	0.0238152	0.00428698	0.0660592	0.0277669	0.00391686	0.0031654	0.00395659	0.00957048	0.0178082	0.0128158	0.0230465	0.0486073	0.352629
178	0.0903344	0.0375342	0.233171	0.165842	0.00708919	0.0499785	0.0392525	0.0114625	0.0231267	0.014981	0.00853691	0.045315	0.00832704	0.0638551	0.0543774	0.0613312	0.0492489	0.0145001	0.00263388	0.0191028
179	0.1932	0.00692497	0.0157459	0.0273669	0.00501598	0.530699	0.0178505	0.00740872	0.0153442	0.00997653	0.00483089	0.0085252	0.0170122	0.0112986	0.0234628	0.0291055	0.0582182	0.0136025	0.00150887	0.00290272
180	0.359951	0.115757	0.0122313	0.00811386	0.00487534	0.0254511	0.0149083	0.0359028	0.0364706	0.0171989	0.0183196	0.00825649	0.0113883	0.00906065	0.0155437	0.114824	0.0973069	0.0785172	0.00234533	0.0135781
181	0.392495	0.0294914	0.0175019	0.00760895	0.00789758	0.0359159	0.0132332	0.0363197	0.0171028	0.0221651	0.0463358	0.0159499	0.00968425	0.0134126	0.0140036	0.176856	0.0919981	0.0448857	0.00196196	0.00518
182	0.051338	0.00794056	0.0140185	0.0580211	0.00528404	0.00975095	0.039369	0.0778828	0.0768835	0.104926	0.0141249	0.0175063	0.0183776	0.0742197	0.172994	0.0249161	0.0881806	0.0914253	0.00954758	0.043293
183	0.034975	0.00953927	0.00745433	0.012372	0.0683621	0.00691567	0.0119595	0.134915	0.0116671	0.421752	0.0611482	0.0122122	0.0133348	0.0138193	0.0155584	0.0199839	0.0289535	0.0935622	0.00654637	0.0149689
184	0.0780677	0.0192895	0.0233448	0.0364181	0.00964477	0.0321685	0.0345873	0.0134979	0.102068	0.0258158	0.0102242	0.018133	0.0135744	0.042343	0.377453	0.0618361	0.047962	0.0230855	0.0157519	0.0147351
185	0.169814	0.00643105	0.0217733	0.0131421	0.00436636	0.0226101	0.00751786	0.0299098	0.0112404	0.0346936	0.00571321	0.00670624	0.379612	0.0324262	0.0170874	0.0830397	0.104071	0.0431756	0.00193661	0.00473414
186	0.193287	0.00820719	0.0135069	0.0139268	0.00635726	0.304789	0.0138916	0.00955822	0.0159784	0.0149166	0.00861134	0.0106968	0.0234791	0.0104512	0.0220589	0.241552	0.0663521	0.0155078	0.00214878	0.00472413
187	0.0551723	0.0518343	0.101444	0.0356762	0.0117761	0.0180941	0.0375232	0.0130672	0.0806278	0.0228135	0.00986302	0.283936	0.00801254	0.0266817	0.0870266	0.0863578	0.0412422	0.014981	0.00478393	0.00908642
188	0.0765556	0.00867829	0.0105686	0.0411138	0.009344	0.0124861	0.0169304	0.140453	0.0379949	0.0662279	0.00934504	0.0105478	0.0113848	0.0347078	0.147382	0.0276632	0.11375	0.199508	0.00804864	0.017311
189	0.0676708	0.0211626	0.148521	0.0494124	0.0127145	0.0762005	0.0897336	0.0168357	0.0303026	0.030872	0.0166376	0.0300166	0.0677578	0.0362742	0.0493152	0.0956817	0.040037	0.0169969	0.00732091	0.096537
190	0.202549	0.00375534	0.0611106	0.0318079	0.0147647	0.129051	0.0122724	0.0195851	0.088869	0.0139129	0.00604495	0.0207879	0.0860193	0.0249533	0.0437596	0.107	0.0935561	0.0348199	0.00239224	0.00298921
191	0.18801	0.0138069	0.0118538	0.0145579	0.00891498	0.152432	0.00966709	0.00778009	0.012255	0.0167628	0.0121728	0.0147684	0.0271434	0.0111358	0.0161894	0.428486	0.0352645	0.0108784	0.00255657	0.00536457
192	0.0802756	0.00538981	0.0307963	0.0756313	0.0028781	0.0129518	0.0116477	0.00697167	0.251173	0.00954814	0.00277789	0.0516716	0.00731975	0.0521706	0.273564	0.058775	0.0370474	0.0236788	0.00307983	0.0026513
193	0.0497686	0.0236074	0.0829171	0.138053	0.00539663	0.322728	0.104403	0.0077033	0.0202515	0.0154477	0.0080629	0.0248534	0.006862	0.0704057	0.029522	0.0271973	0.032953	0.0102498	0.00328816	0.0163296
194	0.427811	0.0340088	0.0115965	0.00847905	0.0069365	0.0274318	0.00797966	0.0760047	0.0142563	0.0237688	0.0211481	0.00863839	0.0126231	0.00732216	0.00782063	0.123995	0.072172	0.101997	0.00175991	0.00425083
195	0.14958	0.0127287	0.0157197	0.0226128	0.00821669	0.0662987	0.017441	0.0317919	0.0206113	0.114485	0.0145088	0.0178196	0.00977136	0.0235636	0.0970238	0.033221	0.0503455	0.230576	0.0521582	0.0115267
196	0.22718	0.0033417	0.0499342	0.0380525	0.0141581	0.113139	0.0100235	0.019756	0.103849	0.0132404	0.00553262	0.0185634	0.0719299	0.0289518	0.0483065	0.0952076	0.0958063	0.0387411	0.00201874	0.0022673
