200	20
1	0.112961	0.0458246	0.0344181	0.0111013	0.00506868	0.118176	0.0165832	0.00787309	0.0163838	0.00939113	0.00623182	0.0141465	0.014073	0.00757099	0.00941402	0.474004	0.0670102	0.0191713	0.0014527	0.00914544
2	0.0227787	0.0257872	0.00498947	0.00138933	0.292689	0.0020359	0.077904	0.0279025	0.00879556	0.0546185	0.0151789	0.00316988	0.0154987	0.00977973	0.0401324	0.00561927	0.00793523	0.0251754	0.0296703	0.32895
3	0.0325494	0.0170601	0.450892	0.0430932	0.00613623	0.0311034	0.021795	0.0366694	0.018195	0.0235194	0.0145412	0.111189	0.0123227	0.017196	0.0131908	0.0823105	0.030791	0.0289465	0.00138033	0.00711932
4	0.0215866	0.00641573	0.0904375	0.078057	0.00355612	0.0140151	0.257656	0.0105578	0.0145191	0.0376337	0.00460486	0.0552669	0.0126573	0.247735	0.0299153	0.0446549	0.0127302	0.0121718	0.00108367	0.0447457
5	0.0290136	0.0238102	0.0211006	0.0145589	0.00607135	0.00960847	0.00886177	0.0174657	0.0442206	0.00684624	0.0161542	0.0513703	0.0118558	0.0266097	0.015393	0.282864	0.379534	0.0229933	0.000942067	0.0107261
6	0.0220124	0.0177267	0.00101774	0.0026616	0.0659876	0.00234759	0.00334757	0.320454	0.00290914	0.153423	0.0293146	0.00197702	0.00426437	0.00438858	0.00620674	0.00789115	0.0250905	0.321416	0.00420625	0.00335657
7	0.00981182	0.00338395	0.000809931	0.000790623	0.0531465	0.00340087	0.000972851	0.18555	0.000959905	0.549271	0.0493014	0.00098898	0.00531267	0.00108394	0.001042	0.0110833	0.0201016	0.0903886	0.000443586	0.0121568
8	0.0151572	0.00454764	0.00307521	0.00244761	0.0983358	0.012966	0.00755769	0.0069156	0.00383715	0.0285767	0.0127515	0.00419103	0.00243091	0.00414704	0.00365145	0.0280714	0.026513	0.00955262	0.655191	0.0700834
9	0.0212496	0.00573252	0.0927805	0.0816856	0.0032644	0.0125195	0.258813	0.010053	0.0148989	0.0361565	0.00424692	0.051409	0.0127339	0.250051	0.0297939	0.046379	0.0128332	0.0118466	0.00104631	0.0425061
10	0.2091	0.00934406	0.00563016	0.00507426	0.00530782	0.0319119	0.014669	0.0425591	0.00683458	0.0593694	0.00615114	0.00820919	0.422857	0.00818506	0.00682842	0.0541775	0.0474789	0.0449493	0.00171708	0.00964552
11	0.107363	0.0118153	0.0145718	0.0424504	0.00460514	0.0401872	0.0529479	0.0156869	0.053144	0.0336719	0.0109986	0.0723324	0.0714301	0.0945602	0.0588776	0.141194	0.114208	0.0285749	0.00931533	0.0220657
12	0.0249184	0.0159262	0.0250015	0.00670176	0.00379872	0.00435995	0.00267536	0.0122238	0.0201286	0.0036664	0.00604658	0.0383798	0.0175142	0.00946441	0.0170315	0.401833	0.369093	0.0139724	0.000701042	0.00656395
13	0.194524	0.0263392	0.0299697	0.031389	0.00499677	0.271835	0.0111481	0.00490734	0.0280831	0.0123496	0.0118947	0.0306304	0.0479303	0.0186486	0.0171312	0.187201	0.03958	0.0207181	0.00539834	0.00532619
14	0.0420878	0.020819	0.0223562	0.0673691	0.0182213	0.0179211	0.0271989	0.103137	0.0824348	0.0691541	0.00829656	0.0431167	0.0107154	0.0893599	0.0669053	0.0611415	0.0574553	0.183332	0.00103893	0.0079384
15	0.208309	0.113836	0.0095015	0.0120445	0.0156089	0.0389686	0.0246576	0.0884998	0.0175501	0.0724392	0.0205185	0.0184781	0.00919712	0.0472997	0.0165647	0.0610135	0.0495261	0.125417	0.00391847	0.0466511
16	0.0425122	0.0155444	0.052941	0.0298772	0.00390018	0.0299696	0.0223057	0.017407	0.0512282	0.0078705	0.0149849	0.105956	0.0136087	0.0415567	0.0278379	0.231358	0.250819	0.0310911	0.000684453	0.0085469
17	0.00987038	0.00350606	0.000794987	0.000831379	0.053972	0.00335676	0.00104194	0.187933	0.00106068	0.544144	0.0488132	0.00101431	0.00536262	0.00111599	0.00117461	0.0109042	0.0203632	0.0923236	0.00055929	0.0118571
18	0.0474185	0.010336	0.079869	0.0500076	0.00111406	0.0317552	0.0257599	0.0076081	0.0794575	0.0105017	0.0111915	0.145007	0.0286167	0.0901312	0.061642	0.168441	0.127429	0.0194962	0.00116666	0.00305167
19	0.0287367	0.0372642	0.00487201	0.00290605	0.278409	0.00329862	0.136237	0.0262073	0.0063826	0.0410307	0.0115627	0.00409264	0.0302979	0.0115682	0.031749	0.00817163	0.0101111	0.0219541	0.0230718	0.282077
20	0.137156	0.00917639	0.00579845	0.0121159	0.00124255	0.0581519	0.0180483	0.00343753	0.0369177	0.0272694	0.00707317	0.0786829	0.144488	0.0859788	0.053441	0.146203	0.122459	0.0320726	0.00660981	0.0136778
21	0.0331466	0.014386	0.0503495	0.0514546	0.00709407	0.0125914	0.254834	0.0321962	0.0174066	0.0304425	0.0128639	0.0622959	0.00939891	0.204566	0.038446	0.0646621	0.0383106	0.0343942	0.00177611	0.0293845
22	0.0300684	0.0198447	0.00121244	0.00223187	0.00817562	0.00255157	0.00270061	0.342403	0.00241093	0.12345	0.0306372	0.0019759	0.003111	0.00373886	0.00571966	0.00885829	0.0227357	0.384806	0.000321115	0.0030471
23	0.045774	0.0191499	0.0959013	0.0211964	0.0052303	0.0471819	0.0438253	0.0166374	0.0323074	0.014163	0.0147948	0.239088	0.0229394	0.0278295	0.0195541	0.16425	0.104982	0.0505077	0.00182659	0.0128604
24	0.1281	0.0730275	0.103307	0.019482	0.0270339	0.0341373	0.0297451	0.01034	0.111877	0.0329913	0.0064266	0.0133121	0.0072178	0.0647341	0.125639	0.128646	0.0173911	0.0580655	0.00227099	0.00625498
25	0.0112513	0.00874713	0.00110067	0.000864029	0.0531058	0.00348675	0.00781815	0.173663	0.00271497	0.501159	0.0763097	0.00311924	0.00709899	0.00568461	0.00137976	0.0121807	0.0318911	0.0835987	0.00175812	0.0130682
26	0.135048	0.0303838	0.166895	0.191943	0.0162032	0.0107395	0.00887015	0.00709431	0.0755148	0.0109005	0.00543881	0.0532434	0.0303058	0.0756243	0.0317593	0.0919384	0.0206773	0.0308384	0.00170355	0.00487892
27	0.0124352	0.0161737	0.00180605	0.00768723	0.200257	0.00249424	0.00528122	0.27647	0.00773801	0.19012	0.029837	0.00318044	0.00617406	0.00841574	0.00826821	0.00574781	0.0288463	0.171381	0.0144523	0.00323549
28	0.0240786	0.0161067	0.0236796	0.00655747	0.00403312	0.00457038	0.00256934	0.0130085	0.0203008	0.00338645	0.0060749	0.0358304	0.0172459	0.00929807	0.0155181	0.404341	0.371824	0.0143178	0.000654022	0.00660496
29	0.138074	0.00977601	0.00618371	0.0125848	0.00154916	0.0585475	0.0196072	0.00438101	0.0369729	0.0266458	0.00776839	0.0781854	0.140577	0.084441	0.0535671	0.147525	0.121015	0.0319255	0.00653988	0.0141349
30	0.0272938	0.0128566	0.227273	0.047866	0.00198166	0.0336369	0.0260995	0.0118019	0.0515505	0.00939789	0.0113819	0.202719	0.0215178	0.0377311	0.0278584	0.132972	0.0916241	0.0199929	0.000679503	0.00376557
31	0.03876	0.0168575	0.0029981	0.00481576	0.00247147	0.135564	0.0347986	0.00386225	0.331642	0.0207409	0.0060035	0.0361966	0.00243207	0.0501766	0.197551	0.0502283	0.0357085	0.013275	0.000860893	0.0150572
32	0.0156511	0.0216752	0.00170673	0.00693684	0.00119413	0.0240018	0.0425781	0.00215871	0.327179	0.0346793	0.00745036	0.0414008	0.00103845	0.061487	0.280242	0.0430325	0.0453465	0.0218685	0.00033452	0.0200379
33	0.0170181	0.0235197	0.00885851	0.00204515	0.237846	0.00263066	0.0827474	0.0276283	0.0223658	0.0797435	0.0296776	0.00570176	0.0110063	0.0130714	0.0595102	0.00937582	0.00739411	0.0333816	0.0264025	0.300075
34	0.00981572	0.0031297	0.000802837	0.00066576	0.0508052	0.00342481	0.000951201	0.18521	0.0008971	0.553112	0.0495658	0.000978298	0.00532652	0.0009899	0.000994093	0.0111781	0.0200664	0.0895907	0.000280323	0.0122157
35	0.252694	0.0688686	0.00408025	0.0047143	0.0129482	0.0191187	0.00353048	0.100712	0.00884766	0.0794866	0.0183058	0.00404371	0.00564543	0.00748658	0.00722483	0.044595	0.0569292	0.290936	0.00309261	0.00674011
36	0.302072	0.0628595	0.0106929	0.0168819	0.00910924	0.0234277	0.00492241	0.0796727	0.00776629	0.0505983	0.0131252	0.00631935	0.00316263	0.0198252	0.00557551	0.0705212	0.0445012	0.259175	0.00230654	0.00748533
37	0.192961	0.0852926	0.00627595	0.00495949	0.00205036	0.444894	0.00833184	0.00791393	0.00641073	0.0183453	0.00337271	0.0256352	0.0031118	0.00823182	0.0124294	0.0817328	0.0330231	0.0487463	0.00127384	0.00500806
38	0.0517429	0.0394758	0.00888667	0.0271455	0.0190011	0.0223775	0.238237	0.0206479	0.0315721	0.033476	0.0268456	0.0930448	0.00428642	0.0893063	0.0897896	0.0628391	0.0572428	0.0445459	0.00142036	0.0381161
39	0.0310983	0.0214793	0.000684108	0.000629296	0.00775741	0.00219463	0.00255746	0.323214	0.00113345	0.133931	0.0307516	0.00167109	0.00186413	0.0027628	0.00555769	0.00898525	0.0230306	0.397797	0.000358108	0.0025427
40	0.0148601	0.022563	0.00127653	0.00539776	0.00125743	0.0219248	0.0407248	0.00214428	0.33306	0.0350463	0.00810754	0.0403346	0.00120863	0.0536649	0.290014	0.0409189	0.0432519	0.0225738	0.000431952	0.0212391
41	0.0166467	0.00866025	0.000731134	0.000778618	0.0396302	0.0032452	0.00194112	0.226831	0.00101278	0.401331	0.0459266	0.00131161	0.00472372	0.00182989	0.00302661	0.0108778	0.0253938	0.19473	0.000557084	0.0108152
42	0.0249157	0.0268608	0.00411731	0.00130303	0.307901	0.0019338	0.0705917	0.0275975	0.0059682	0.0460957	0.0114561	0.0025315	0.0167439	0.00855115	0.0338339	0.00479392	0.00832422	0.0237274	0.0315811	0.341172
43	0.0887408	0.0231543	0.00938727	0.0214695	0.0158771	0.0588101	0.0666872	0.0430006	0.0482212	0.0289445	0.0287487	0.0675595	0.00686993	0.0468361	0.0441699	0.185977	0.140415	0.0414566	0.00141635	0.0322586
44	0.11868	0.0152258	0.0304632	0.0189769	0.00354933	0.069559	0.0333852	0.0147266	0.039075	0.0205544	0.0163094	0.0930109	0.0622485	0.0678989	0.04024	0.191177	0.114289	0.0296873	0.00402455	0.0169192
45	0.0180509	0.0181093	0.124112	0.0110074	0.00208057	0.0607166	0.0602876	0.0114254	0.0232845	0.00558318	0.00951102	0.309523	0.0236205	0.00887066	0.00408062	0.170064	0.0972411	0.0323835	0.000801661	0.00924619
46	0.136931	0.00918264	0.00579842	0.0122029	0.00124847	0.0581609	0.0180865	0.00341442	0.0369936	0.0270823	0.0070977	0.0788403	0.143899	0.0861529	0.0536426	0.146303	0.122524	0.0320516	0.00663427	0.0137529
47	0.0723463	0.0109175	0.0804932	0.0163143	0.00460585	0.0212225	0.125379	0.0156726	0.0154348	0.0121389	0.0253405	0.136706	0.0257245	0.0867063	0.012271	0.144729	0.128254	0.0226738	0.00199986	0.0410696
48	0.141607	0.0180015	0.0482726	0.0369463	0.00312449	0.279315	0.0123539	0.00464037	0.0378047	0.00939987	0.0154457	0.0669276	0.0254898	0.0202335	0.0163935	0.18962	0.0478776	0.0172254	0.00567685	0.00364395
49	0.0223965	0.0283125	0.00439262	0.00494437	0.0525661	0.00559085	0.084314	0.174675	0.0133912	0.142356	0.167245	0.0260351	0.011267	0.0424192	0.00674272	0.020653	0.0767234	0.0791776	0.00621511	0.0305823
50	0.129037	0.0097271	0.00867974	0.0140076	0.0013853	0.0570294	0.0191175	0.00491865	0.039888	0.025959	0.00841486	0.0826207	0.122865	0.0853604	0.0535308	0.153825	0.131155	0.0315435	0.00655768	0.0143771
51	0.0638067	0.0116485	0.0353925	0.022345	0.00260057	0.131129	0.0265583	0.00620271	0.199268	0.0164358	0.00885756	0.120264	0.00829145	0.0517413	0.0488592	0.153736	0.0760835	0.0109649	0.00129407	0.00452011
52	0.0368485	0.0163006	0.0700573	0.0242289	0.00347199	0.0339747	0.0295028	0.0113203	0.0431893	0.00772411	0.0116363	0.186532	0.0194025	0.0364255	0.026788	0.229986	0.17936	0.0233331	0.00130776	0.00861062
53	0.0252265	0.0192297	0.000795479	0.00103829	0.00668876	0.00212295	0.00249719	0.340274	0.0012126	0.127636	0.0303261	0.00174234	0.00200923	0.00318021	0.00525894	0.0078636	0.0214613	0.398576	0.000267301	0.00259301
54	0.0400276	0.0331141	0.0141463	0.00901618	0.00744855	0.00848688	0.00681271	0.0130024	0.0232768	0.0101452	0.0261376	0.0426383	0.0236368	0.0117263	0.0110669	0.216783	0.429042	0.0609988	0.00137482	0.0111187
55	0.219679	0.0547714	0.0452664	0.0182611	0.00502475	0.141917	0.0166708	0.0041927	0.0167948	0.00724894	0.00869486	0.0155625	0.0237341	0.00620707	0.0123015	0.312335	0.0521122	0.0306502	0.00165302	0.00692297
56	0.0261728	0.0200093	0.000668516	0.000575575	0.0070093	0.00207947	0.00251937	0.332497	0.000912009	0.135007	0.0303336	0.00150834	0.00159769	0.00286171	0.00522675	0.008118	0.0213969	0.398756	0.00026333	0.00248778
57	0.14399	0.0536142	0.0054227	0.00662894	0.00155816	0.546355	0.00879146	0.00271846	0.00734716	0.018621	0.00267264	0.034738	0.00370647	0.0105421	0.0157627	0.0794161	0.0179006	0.0351542	0.001783	0.00327697
58	0.0244747	0.0271191	0.00422928	0.00130679	0.306273	0.00215216	0.070966	0.0277017	0.00574902	0.0467698	0.0120003	0.00264165	0.0166137	0.00859293	0.0344817	0.00500617	0.00841092	0.024611	0.0349921	0.335908
59	0.0210765	0.00589465	0.0907122	0.081958	0.00330781	0.0126315	0.260331	0.0100789	0.0144098	0.0367823	0.00416573	0.0523484	0.0129792	0.251205	0.0297899	0.0451522	0.011717	0.0118503	0.00105568	0.0425543
60	0.014132	0.0223565	0.00122802	0.00498187	0.0010266	0.0217543	0.0415138	0.00187853	0.341918	0.0338719	0.00762884	0.0413331	0.000862164	0.0540312	0.285506	0.0406153	0.0429935	0.0218948	0.000339064	0.0201346
61	0.0155194	0.00503699	0.00323059	0.00251744	0.099067	0.0137576	0.00779794	0.0072608	0.00401851	0.0288855	0.0138038	0.00444586	0.0025869	0.00440142	0.00375265	0.0300408	0.0277504	0.00967101	0.646709	0.0697461
62	0.00986139	0.00367756	0.000843173	0.000995046	0.0588717	0.0032642	0.00108224	0.189542	0.00121396	0.53377	0.0489699	0.00107246	0.00538513	0.00129777	0.00137229	0.0115935	0.0206579	0.0938024	0.00100918	0.0117192
63	0.0357174	0.0261547	0.0044347	0.00206761	0.315686	0.00276053	0.0648083	0.0338345	0.00577835	0.045592	0.0106439	0.00349234	0.0209128	0.00891378	0.0296427	0.00664217	0.0136272	0.0259669	0.0267757	0.316548
64	0.024173	0.0179233	0.0169266	0.00778479	0.00511652	0.00443895	0.00247173	0.0111793	0.0272004	0.00320672	0.00748504	0.0331305	0.0129422	0.0123237	0.011117	0.368349	0.409506	0.0154471	0.000612237	0.00866515
65	0.0480564	0.0201847	0.271584	0.0432423	0.00503547	0.0297896	0.0282063	0.0180417	0.0497177	0.015709	0.0113062	0.0994676	0.0146121	0.0506382	0.0499391	0.138827	0.0762704	0.0232792	0.00116732	0.00492486
66	0.143969	0.0541654	0.00535394	0.00641414	0.00154309	0.549621	0.0087921	0.00254647	0.00699767	0.0179715	0.00261874	0.0346566	0.00313765	0.00987534	0.015543	0.0795997	0.0174901	0.0348276	0.00177366	0.0031032
67	0.0448677	0.00654004	0.00362804	0.00405124	0.0663503	0.00562426	0.0266146	0.0374423	0.0285441	0.103239	0.0376885	0.0167211	0.00255949	0.0241115	0.0593869	0.129757	0.235401	0.132045	0.000895153	0.0345334
68	0.146071	0.053592	0.00102194	0.000938228	0.0104517	0.0104368	0.00230182	0.191593	0.00341845	0.110846	0.0268864	0.00220401	0.00230825	0.00325637	0.00605959	0.0289385	0.0369551	0.357047	0.00152452	0.00414893
69	0.015033	0.023596	0.00126804	0.00511906	0.00136531	0.0226843	0.0404406	0.00212531	0.331728	0.0344811	0.00844474	0.0393684	0.000989163	0.0530657	0.294541	0.0400728	0.0431494	0.0219886	0.000347395	0.0201919
70	0.0152252	0.0144348	0.00113644	0.0036845	0.103149	0.00221256	0.00337263	0.291352	0.00416093	0.223801	0.0302101	0.00205398	0.00755166	0.00494558	0.0057317	0.00670693	0.0270089	0.242548	0.00660277	0.00411091
71	0.0180411	0.0159792	0.00356392	0.00305624	0.21029	0.00594093	0.0405908	0.0721943	0.00678664	0.0684205	0.0200635	0.00399053	0.00870526	0.00824445	0.0185882	0.0141895	0.0190216	0.0495733	0.259161	0.153599
72	0.120931	0.0285476	0.176324	0.184509	0.0267557	0.0118938	0.0168459	0.0127536	0.060291	0.0168453	0.00693931	0.0434358	0.0378108	0.0839877	0.0321866	0.0748097	0.022765	0.0334548	0.00205449	0.00685856
73	0.0223409	0.0569383	0.00495181	0.00502821	0.0648052	0.00639548	0.0367196	0.073291	0.0142171	0.149769	0.230328	0.0302421	0.0414766	0.0295398	0.00655371	0.0209803	0.123931	0.0451381	0.0201664	0.0171876
74	0.234681	0.0112738	0.00625706	0.0051869	0.00554156	0.0503642	0.0152129	0.0274797	0.0070287	0.0467603	0.0084175	0.0105949	0.380301	0.0084708	0.00639259	0.0817869	0.0441381	0.0404374	0.00139488	0.00827991
75	0.0263921	0.0200021	0.000689095	0.000617412	0.00707504	0.00216352	0.00248324	0.337849	0.000944619	0.132579	0.0302072	0.00151308	0.00169731	0.00293718	0.00525938	0.00791099	0.0211564	0.395654	0.000264203	0.00260469
76	0.0244774	0.0208687	0.0168142	0.00974416	0.00609609	0.00629529	0.00507938	0.0117551	0.0269707	0.00552077	0.0111363	0.0926409	0.0131408	0.0125277	0.00950063	0.267535	0.419011	0.0226434	0.00119655	0.0170465
77	0.083	0.0684283	0.0556803	0.0151346	0.00418935	0.0187217	0.0124771	0.00810875	0.0178158	0.00452088	0.00581149	0.0189159	0.00899882	0.00732574	0.00785546	0.357755	0.277342	0.0180306	0.000814844	0.00907357
78	0.20734	0.0699134	0.00134397	0.00113086	0.0115124	0.0162058	0.00211925	0.140481	0.00493992	0.0955643	0.023249	0.00229037	0.00262149	0.00394398	0.005681	0.0369722	0.0416485	0.325692	0.00218098	0.00516886
79	0.229582	0.124453	0.00415928	0.00339166	0.0319008	0.0107185	0.00493085	0.0670302	0.028412	0.0734875	0.0237416	0.00535161	0.00606377	0.00609778	0.0172574	0.039399	0.0558641	0.249649	0.012893	0.00561662
80	0.0173099	0.0108038	0.0016603	0.00397809	0.0826362	0.00347809	0.00369495	0.201366	0.00473831	0.396389	0.0464946	0.00296172	0.0119508	0.00426152	0.00421567	0.012535	0.0355062	0.141915	0.00388364	0.0102213
81	0.0723932	0.0263984	0.0185011	0.0329618	0.0129367	0.0325125	0.163948	0.0233162	0.0541545	0.0535253	0.020384	0.0839178	0.0115892	0.0977848	0.0897854	0.0756755	0.0632907	0.0355288	0.00249	0.0289064
82	0.0801457	0.0328295	0.024654	0.0167651	0.00443323	0.0330952	0.0188776	0.0109558	0.0350412	0.0199019	0.011133	0.063206	0.0971153	0.0510514	0.0515607	0.201762	0.202138	0.0297529	0.00389762	0.011684
83	0.0205801	0.0249957	0.398975	0.0324377	0.00389632	0.0291435	0.0302988	0.0327353	0.0137134	0.027127	0.0127727	0.178169	0.0108845	0.00876302	0.00914729	0.0911745	0.0373269	0.0287781	0.00111716	0.0079642
84	0.0578796	0.0536743	0.0317891	0.0806517	0.0454521	0.0494603	0.0415884	0.0271376	0.0615576	0.0408514	0.0125478	0.0399449	0.0115331	0.141566	0.126519	0.070242	0.04418	0.0458894	0.00315516	0.0143804
85	0.0993595	0.0271033	0.0103242	0.0192728	0.0144547	0.0607026	0.0758864	0.0512946	0.0498443	0.0289549	0.0345178	0.0709051	0.00381389	0.0476732	0.0530397	0.127437	0.136571	0.0535768	0.00129782	0.0339702
86	0.0611914	0.0153603	0.0535269	0.100892	0.00971454	0.0133979	0.0705787	0.069945	0.0404042	0.0300922	0.0186955	0.045282	0.0101592	0.150206	0.0391036	0.0754416	0.113563	0.0694536	0.00167927	0.0113131
87	0.00974155	0.00348509	0.000816178	0.000823188	0.0547734	0.00336584	0.0010294	0.191323	0.00111837	0.54174	0.0480576	0.0010389	0.005349	0.00114663	0.00118707	0.0106298	0.0197919	0.0921959	0.000635473	0.0117508
88	0.0126922	0.0164052	0.00178523	0.00761717	0.200649	0.00249034	0.00513722	0.275477	0.00763898	0.189879	0.0300036	0.00316962	0.00624605	0.00827397	0.00812788	0.00576144	0.0287412	0.17241	0.0142539	0.00324016
89	0.0575473	0.0239175	0.00288712	0.00829507	0.0104369	0.00472009	0.00439222	0.272225	0.00741076	0.116646	0.037902	0.00359536	0.00867443	0.00370861	0.0125974	0.0219963	0.0386873	0.358112	0.000788303	0.00546071
90	0.164003	0.0612578	0.00588985	0.00653965	0.00167053	0.522222	0.00762709	0.00315609	0.0073393	0.0189063	0.00270356	0.0304718	0.00308469	0.00896952	0.0137759	0.0799344	0.0205188	0.0364371	0.00178978	0.00370249
91	0.0442318	0.0130047	0.181406	0.0347972	0.00275295	0.0376978	0.0445085	0.0103803	0.0501327	0.0114783	0.012605	0.126546	0.0299287	0.0666614	0.0357082	0.144075	0.123281	0.0203413	0.0014724	0.00899031
92	0.0479061	0.0220378	0.0214781	0.092075	0.0108807	0.0114055	0.0641343	0.0420332	0.0785785	0.0599828	0.00710564	0.0640467	0.00763521	0.168783	0.109821	0.0801381	0.0507006	0.0480998	0.00133218	0.0118257
93	0.0447257	0.00886759	0.107893	0.0539	0.00174473	0.0577082	0.0246628	0.00867427	0.0539644	0.00710565	0.0232214	0.197404	0.0130136	0.0445744	0.0275196	0.213219	0.0885655	0.0191973	0.000936293	0.0031022
94	0.161192	0.0480501	0.0151771	0.0142507	0.00318759	0.406216	0.0136321	0.00824506	0.0251901	0.0178654	0.00716214	0.0340536	0.0136374	0.016528	0.0175242	0.10851	0.044497	0.0352307	0.0031716	0.00667884
95	0.0914944	0.0261897	0.00875834	0.0206705	0.0150289	0.0531455	0.0785372	0.0489415	0.0518208	0.0309307	0.0350685	0.0755484	0.00366028	0.0498847	0.0535566	0.133599	0.137288	0.0501986	0.00109703	0.034581
96	0.0257553	0.0199186	0.000680045	0.000582772	0.00688481	0.00202682	0.00247882	0.335829	0.000936285	0.133781	0.0302032	0.00149313	0.00158408	0.00291143	0.00511955	0.00790111	0.0211539	0.398021	0.000264947	0.00247321
97	0.023702	0.0167954	0.0106699	0.00772139	0.0714997	0.0114274	0.0707595	0.0436687	0.153029	0.0931955	0.0196276	0.0408309	0.00742778	0.0169739	0.0802637	0.0525249	0.0201811	0.0259344	0.0352127	0.198554
98	0.0655258	0.0255926	0.00247729	0.00725955	0.0124907	0.00729951	0.00317851	0.281756	0.00673153	0.111538	0.0314693	0.00297669	0.00801682	0.00377187	0.0104399	0.0159853	0.0340692	0.361475	0.000744916	0.00720067
99	0.016147	0.00922903	0.00322665	0.00207159	0.147353	0.00949302	0.0222556	0.0116554	0.00479885	0.0366545	0.0123463	0.00385674	0.00487517	0.00530123	0.0115209	0.0213711	0.0205137	0.0131868	0.501505	0.142639
100	0.0264952	0.0162716	0.430094	0.0401617	0.00388457	0.0333378	0.0211301	0.0342597	0.020328	0.0209185	0.0133921	0.141285	0.0116095	0.0150415	0.0139552	0.0886451	0.0350992	0.0272074	0.0011978	0.00568524
101	0.016009	0.00868406	0.000895073	0.00176935	0.0735512	0.00309816	0.00200051	0.204761	0.00258954	0.443487	0.0432895	0.00148804	0.00575467	0.0026769	0.00293023	0.0109244	0.0252096	0.13846	0.00263462	0.00978829
102	0.25732	0.040367	0.0137276	0.00855404	0.0188699	0.103641	0.0234964	0.00783627	0.00861044	0.0115671	0.0327992	0.0266546	0.14768	0.00704966	0.00693591	0.239166	0.0209065	0.017133	0.00156558	0.00611959
103	0.0217434	0.0180731	0.000868882	0.000724826	0.0063998	0.00226927	0.00249341	0.377174	0.00112094	0.119513	0.032258	0.00170462	0.00152224	0.00428547	0.00470038	0.00731398	0.0187687	0.376111	0.000291995	0.00266298
104	0.0457698	0.0111713	0.0145126	0.02419	0.00533718	0.0083867	0.0922748	0.0216413	0.0496381	0.0787113	0.00692274	0.0579294	0.00576999	0.246044	0.104651	0.113141	0.0903038	0.0139051	0.00183344	0.00786624
105	0.145744	0.0930136	0.065544	0.00830933	0.00322206	0.0648633	0.0285981	0.00498591	0.018754	0.00542382	0.00380706	0.00620926	0.00769179	0.00501023	0.00807973	0.41416	0.0758146	0.0259692	0.000950161	0.0138493
106	0.0263111	0.0200252	0.000658098	0.000566267	0.00706506	0.00209491	0.00253465	0.331684	0.000907527	0.135507	0.0303799	0.00151235	0.00162114	0.00281061	0.00528399	0.00821341	0.0215894	0.398436	0.000263794	0.00253549
107	0.142933	0.0553104	0.152009	0.00743146	0.00373168	0.0203381	0.0319083	0.00532105	0.00922031	0.00762929	0.00503897	0.00650771	0.00469708	0.00594139	0.00636466	0.391993	0.119524	0.0140383	0.00142242	0.00864044
108	0.0217516	0.0180958	0.000868571	0.00072494	0.00639462	0.00226816	0.00248612	0.37679	0.00112094	0.119662	0.0322346	0.00170285	0.00152224	0.0042564	0.0047026	0.00732135	0.0187878	0.376348	0.000294148	0.00266765
109	0.0758602	0.01424	0.0940422	0.0267508	0.00324455	0.0588007	0.0438265	0.00937353	0.0360972	0.00806381	0.021026	0.190728	0.0195807	0.0329764	0.0190545	0.207556	0.100428	0.0297908	0.000859949	0.00769981
110	0.132954	0.00997659	0.00609918	0.0140113	0.00141087	0.0574711	0.0198883	0.00376548	0.0374442	0.0270869	0.00731295	0.0786217	0.136559	0.0845108	0.056647	0.147502	0.124996	0.0309423	0.00753745	0.0152639
111	0.0260306	0.0154822	0.448005	0.052476	0.00401995	0.0290051	0.0135791	0.0538221	0.0106378	0.0272439	0.0202356	0.136288	0.00592728	0.00637823	0.00773314	0.0875333	0.014275	0.035089	0.00116886	0.00506906
112	0.145947	0.0522773	0.0057789	0.00705124	0.00161108	0.546818	0.00853084	0.00252538	0.0075853	0.0178274	0.002695	0.0344148	0.00334439	0.010016	0.0157297	0.0807564	0.0175125	0.0346021	0.00190973	0.00306752
113	0.0425172	0.0103136	0.0813205	0.048754	0.00102155	0.0302931	0.0270954	0.00871387	0.0813637	0.00787073	0.0133675	0.149079	0.014724	0.0806085	0.0567864	0.185348	0.140617	0.0174256	0.000309133	0.00247206
114	0.0254748	0.0462909	0.00415141	0.00345509	0.0408162	0.00487451	0.0674361	0.102095	0.0187186	0.134358	0.246108	0.0200808	0.0156357	0.0507008	0.00455511	0.0241058	0.110278	0.0441202	0.0076462	0.0290988
115	0.00981572	0.0031297	0.000802837	0.00066576	0.0508052	0.00342481	0.000951201	0.18521	0.0008971	0.553112	0.0495658	0.000978298	0.00532652	0.0009899	0.000994093	0.0111781	0.0200664	0.0895907	0.000280323	0.0122157
116	0.292091	0.105303	0.00627876	0.00411565	0.00668639	0.0611815	0.00240679	0.0877556	0.00407827	0.0564334	0.013721	0.00414509	0.00211594	0.00686742	0.00325421	0.078103	0.0422371	0.212006	0.00153831	0.00968168
117	0.255009	0.10233	0.0110165	0.00493468	0.00369041	0.202204	0.00689641	0.0467546	0.00631428	0.0312941	0.00679245	0.0117749	0.00455344	0.00700294	0.00685772	0.12208	0.0350001	0.120136	0.00109276	0.0142657
118	0.277889	0.102259	0.0031849	0.00178447	0.00585194	0.0659161	0.00197857	0.100536	0.00335776	0.0630175	0.0118544	0.0024111	0.00167313	0.00649523	0.00287722	0.0682771	0.0399385	0.227568	0.0013721	0.0117585
119	0.0222859	0.0293169	0.166539	0.0121053	0.00383327	0.0392996	0.0466816	0.0120613	0.0197402	0.0106086	0.00954965	0.269147	0.0197569	0.0132201	0.0077541	0.133963	0.125926	0.0366524	0.00136076	0.0201984
120	0.0186497	0.0173349	0.122304	0.0119535	0.00211574	0.0615797	0.0586493	0.0119399	0.0243371	0.005581	0.00976191	0.304256	0.0225185	0.00974904	0.00477336	0.174428	0.0981624	0.0324243	0.000782738	0.00869882
121	0.15471	0.0515467	0.0108368	0.010961	0.00266009	0.498782	0.00918532	0.00447931	0.013845	0.0180133	0.0047069	0.0322681	0.00744173	0.0112385	0.0149848	0.0916818	0.0228289	0.0331545	0.00251534	0.00415973
122	0.088577	0.025083	0.0100655	0.0233924	0.0135521	0.0499221	0.0807768	0.0495937	0.0517615	0.030179	0.0355528	0.0765062	0.00403545	0.0573259	0.0538523	0.132633	0.135437	0.0472727	0.00124114	0.0332405
123	0.138435	0.0885342	0.00337326	0.00490458	0.0448967	0.00983556	0.00574689	0.122154	0.0127187	0.121877	0.0228645	0.00619976	0.0175009	0.00636455	0.0101228	0.0276506	0.0393161	0.305945	0.00612041	0.00543905
124	0.0229873	0.0257344	0.00492439	0.00122723	0.301314	0.00204161	0.0764554	0.0289143	0.00690253	0.0521661	0.0147224	0.00260374	0.0156942	0.00940672	0.0408127	0.0051448	0.00782626	0.0250245	0.0293603	0.326737
125	0.0368344	0.0224411	0.000910805	0.00178687	0.0240989	0.00286068	0.0042086	0.297628	0.00198619	0.139314	0.0319796	0.00190916	0.00304409	0.00321811	0.00741959	0.0105262	0.0270654	0.377741	0.00157911	0.00344895
126	0.0180406	0.0077044	0.00293582	0.0022045	0.131012	0.0110165	0.0147062	0.00955754	0.0036902	0.0293885	0.0113055	0.0038787	0.00460518	0.00451544	0.00632373	0.02409	0.0232497	0.0104269	0.56909	0.112258
127	0.0408611	0.00985097	0.0851894	0.0510328	0.000659421	0.0293294	0.0257843	0.00739324	0.0841354	0.00719795	0.0123547	0.152399	0.0151161	0.0821689	0.0579037	0.183244	0.136997	0.0166297	0.000278042	0.00147466
128	0.00977845	0.00333402	0.000793039	0.000705702	0.0522323	0.00333959	0.00103568	0.185404	0.00104546	0.546613	0.0501148	0.00105156	0.00577505	0.00108293	0.00112867	0.0114741	0.0206711	0.0911907	0.000408238	0.0128211
129	0.091056	0.0273363	0.00814763	0.0203169	0.0153039	0.0543339	0.0817003	0.0470544	0.052031	0.0312855	0.0354713	0.0768558	0.00352172	0.0505239	0.0547773	0.13017	0.13439	0.049299	0.001095	0.0353305
130	0.0348723	0.0137204	0.0643295	0.0491698	0.00165455	0.0216245	0.0383106	0.0118047	0.110402	0.0191522	0.00916941	0.117084	0.0112359	0.109773	0.0895012	0.155567	0.120823	0.0173585	0.000614902	0.00383244
131	0.0124963	0.0161168	0.00183748	0.00805699	0.201744	0.00252065	0.00553746	0.272623	0.00832782	0.191692	0.0303759	0.00332604	0.00620954	0.00904827	0.00833105	0.0061225	0.0303374	0.166266	0.0154061	0.00362389
132	0.0466022	0.0120951	0.0245335	0.126048	0.0120665	0.00723785	0.0290955	0.030891	0.117783	0.069623	0.00218813	0.0515501	0.0115494	0.150924	0.114603	0.0778165	0.0439677	0.0609122	0.00156636	0.00894775
133	0.351706	0.0860025	0.0361071	0.0211145	0.00731379	0.0559706	0.0073101	0.0448733	0.00810791	0.0245777	0.0101098	0.0152334	0.00563865	0.0123099	0.00628957	0.145589	0.0352874	0.117305	0.00165467	0.00749857
134	0.0374377	0.015444	0.064458	0.0789145	0.0109622	0.0184556	0.253517	0.0200493	0.0246051	0.0339372	0.0118792	0.0575292	0.0132044	0.161697	0.0373393	0.0614534	0.0372189	0.0246888	0.00222458	0.0349846
135	0.0431883	0.0372656	0.0057684	0.00463726	0.238262	0.00509756	0.114622	0.0340186	0.010241	0.0508069	0.0141086	0.00881777	0.0275921	0.0226554	0.0423256	0.0112287	0.0131952	0.0231296	0.021161	0.271879
136	0.262848	0.10111	0.00309999	0.00190354	0.005914	0.0745216	0.00255006	0.100231	0.00324885	0.0670781	0.0116303	0.00271488	0.00188713	0.00665712	0.00308287	0.0683404	0.0373765	0.233247	0.00137222	0.0111873
137	0.00989689	0.00328102	0.000811626	0.000682821	0.0510302	0.00340435	0.00112619	0.185775	0.000938386	0.549896	0.0498066	0.00109458	0.00537102	0.00106389	0.00102048	0.0112265	0.0203231	0.0907113	0.000312816	0.012227
138	0.0141821	0.0223423	0.0012262	0.0049817	0.00102365	0.0218737	0.04154	0.0018848	0.341937	0.0338509	0.00760297	0.0413587	0.000860833	0.0540177	0.285261	0.0406512	0.0430368	0.0218821	0.00034162	0.0201451
139	0.238806	0.192063	0.00418803	0.00295499	0.00702621	0.0730513	0.00380384	0.0821943	0.00612391	0.0483277	0.0105165	0.0040736	0.00255537	0.00712198	0.00502323	0.0725026	0.0545776	0.173093	0.00228959	0.00970689
140	0.0380625	0.0142273	0.0170891	0.0877316	0.010801	0.0103415	0.0302961	0.0359674	0.147256	0.0691944	0.00333408	0.0465089	0.00714444	0.123083	0.144367	0.0678621	0.0422878	0.094351	0.000946746	0.0091484
141	0.0109618	0.00519697	0.00107643	0.00112371	0.0762992	0.00328344	0.00495983	0.177577	0.00208589	0.500209	0.0468006	0.00162293	0.00615297	0.00199972	0.00371271	0.0111961	0.022181	0.0928111	0.00253292	0.0282173
142	0.104631	0.0435114	0.0400399	0.0120592	0.00477958	0.0447276	0.0183884	0.012003	0.0200489	0.00999916	0.00818893	0.0304058	0.0204865	0.0169741	0.0147903	0.385067	0.17707	0.0259148	0.00143856	0.00947538
143	0.165958	0.0201599	0.0135645	0.00847423	0.00614272	0.0421178	0.0503859	0.0135695	0.0154923	0.0242867	0.0110275	0.0323479	0.226877	0.0294089	0.0194067	0.17554	0.073274	0.0425031	0.00298827	0.0264752
144	0.0113395	0.0075263	0.000830172	0.00159961	0.0701399	0.00307226	0.00196005	0.206614	0.00182412	0.46571	0.0456171	0.00143957	0.0056826	0.0023084	0.00230177	0.0102094	0.0220692	0.127356	0.00204419	0.0103566
145	0.268749	0.0837987	0.0028579	0.00263184	0.0116577	0.0262595	0.00215513	0.10308	0.0057319	0.0788571	0.0167389	0.00239088	0.00295946	0.00554457	0.00493196	0.0463981	0.0444306	0.281918	0.00257029	0.00633829
146	0.0952469	0.0630279	0.0143868	0.0143286	0.0164778	0.0317925	0.0345678	0.0317882	0.0634443	0.0330327	0.0652865	0.0454872	0.0149921	0.0314688	0.0301174	0.111544	0.221649	0.0580875	0.00439554	0.0188782
147	0.206652	0.201421	0.0140272	0.00683035	0.00448154	0.174155	0.00869322	0.0279902	0.00830143	0.020265	0.00675054	0.0113039	0.0058945	0.00762356	0.00761247	0.133495	0.0795292	0.0647083	0.00156494	0.00870103
148	0.167884	0.0511375	0.0151776	0.0114537	0.00335201	0.400525	0.0102666	0.00801131	0.0145017	0.0246742	0.00569048	0.0293549	0.0146426	0.0117023	0.0144705	0.143727	0.0271373	0.0382838	0.00260042	0.00540732
149	0.248342	0.040025	0.0418355	0.0199396	0.00537479	0.175519	0.0121425	0.00470772	0.0259883	0.00815132	0.00969876	0.0162493	0.0242596	0.00705079	0.0104942	0.282365	0.0361575	0.0227581	0.00315444	0.00578698
150	0.0613895	0.0180829	0.236172	0.0946823	0.00663953	0.0253755	0.0177776	0.014304	0.064938	0.0129668	0.00978499	0.10785	0.0187589	0.0559473	0.0353729	0.127608	0.0647903	0.0227914	0.0012031	0.00356512
151	0.0839971	0.0241084	0.00440153	0.00425081	0.00338722	0.206456	0.082908	0.00543097	0.243209	0.0136227	0.0112391	0.0743934	0.00322981	0.041585	0.0534569	0.0657949	0.0596096	0.00813629	0.00142817	0.00935505
152	0.0286532	0.0209388	0.0142102	0.0176455	0.0145012	0.00881362	0.00645234	0.0129073	0.0424896	0.00759866	0.0118178	0.0325174	0.0105868	0.0149385	0.0099511	0.302024	0.403898	0.0205595	0.00110468	0.0183915
153	0.255508	0.0860077	0.00213543	0.00201996	0.0142961	0.020751	0.00189764	0.107927	0.0074619	0.0759428	0.0182478	0.00251217	0.003201	0.00494147	0.00584155	0.0434079	0.0496379	0.288795	0.00324688	0.00622106
154	0.014132	0.0223565	0.00122802	0.00498187	0.0010266	0.0217543	0.0415138	0.00187853	0.341918	0.0338719	0.00762884	0.0413331	0.000862164	0.0540312	0.285506	0.0406153	0.0429935	0.0218948	0.000339064	0.0201346
155	0.0261119	0.0199624	0.000655838	0.000567439	0.00700339	0.00208817	0.00252539	0.332391	0.000908037	0.135383	0.0304014	0.00151279	0.00160283	0.00282575	0.00526234	0.00814693	0.0215449	0.398306	0.000264208	0.00253664
156	0.0156704	0.00644268	0.00315021	0.00216604	0.118117	0.0114452	0.0132912	0.00899056	0.00381889	0.0319306	0.0122934	0.00399323	0.0035536	0.00458362	0.00631232	0.0254718	0.0241284	0.0109761	0.600588	0.093077
157	0.039468	0.0100392	0.0907371	0.0517011	0.000686268	0.0286057	0.0261388	0.00684323	0.0843303	0.00699828	0.0118937	0.155558	0.0143162	0.0809682	0.0603639	0.181822	0.132234	0.0156832	0.000304855	0.00130847
158	0.041091	0.0176596	0.0013538	0.00224073	0.0238242	0.0040804	0.00330123	0.250826	0.00275236	0.233983	0.038113	0.00236873	0.00402043	0.00341495	0.00705889	0.0255673	0.0459914	0.284599	0.00085031	0.00690379
159	0.0390667	0.0141974	0.0652195	0.0621506	0.00356341	0.0241471	0.03835	0.0156529	0.0878187	0.0242374	0.00949456	0.119214	0.0122422	0.117557	0.0763716	0.153374	0.11065	0.0219202	0.000755482	0.00401805
160	0.0385612	0.0193356	0.00254553	0.00467409	0.00193495	0.0869089	0.0427982	0.00312288	0.326864	0.0252406	0.00658129	0.0382723	0.00152794	0.0557935	0.226023	0.042303	0.0390689	0.016365	0.000966093	0.0211121
161	0.0156749	0.00469764	0.003098	0.00270789	0.0976984	0.0131009	0.00760841	0.00721547	0.00402739	0.029012	0.012924	0.00438093	0.00283318	0.00447579	0.00379266	0.028246	0.027451	0.00958616	0.651708	0.0697613
162	0.0846293	0.0326707	0.0100682	0.0117094	0.020538	0.0144787	0.0240022	0.152445	0.0170955	0.0826815	0.0972792	0.0403738	0.0118387	0.0182048	0.0167922	0.0411558	0.0573997	0.248619	0.00343432	0.0145839
163	0.0151688	0.00453727	0.00307376	0.00244127	0.0981977	0.0130894	0.00756537	0.00703973	0.00383845	0.0287479	0.0129213	0.00419769	0.00243083	0.00414414	0.00365095	0.0280538	0.0264266	0.00952949	0.654884	0.0700609
164	0.152153	0.0511609	0.144485	0.0256784	0.00888218	0.189718	0.0170318	0.00937493	0.0561692	0.0140556	0.0102392	0.0346342	0.0164905	0.0208295	0.0267028	0.148529	0.0340451	0.0293118	0.0037232	0.00678593
165	0.272271	0.11224	0.00275857	0.00209366	0.0103996	0.0402673	0.00196957	0.0912724	0.00646921	0.075028	0.0135814	0.0023948	0.00245187	0.00576253	0.00449223	0.05979	0.0457719	0.239994	0.00284095	0.00815052
166	0.398412	0.0449311	0.0389323	0.0720812	0.00805453	0.013969	0.00826127	0.0423122	0.00938219	0.0151229	0.0092969	0.0138857	0.00581419	0.0350593	0.00774822	0.0699828	0.0250179	0.173943	0.0021402	0.00565309
167	0.016103	0.00718994	0.00322406	0.00242265	0.135238	0.0112002	0.0154914	0.0145609	0.00462293	0.03787	0.0136717	0.00421363	0.00403943	0.00462183	0.00768365	0.0243916	0.0244708	0.0147843	0.556394	0.0978062
168	0.0299048	0.0264232	0.020547	0.00945717	0.00450301	0.00813157	0.00518019	0.0111068	0.0303058	0.00394462	0.00951107	0.0415604	0.0129359	0.0134961	0.0126776	0.377696	0.356347	0.0165533	0.000617574	0.0091008
169	0.32571	0.0528964	0.0569828	0.0252935	0.0168214	0.0954581	0.00978023	0.011294	0.0103941	0.0200648	0.0203275	0.0485087	0.0146998	0.00856876	0.00796666	0.165972	0.0467187	0.0561075	0.00191975	0.00451509
170	0.0261127	0.0152683	0.442975	0.0525994	0.00398196	0.0284776	0.0154047	0.0504273	0.0132394	0.0249295	0.0178023	0.136404	0.00769777	0.0093242	0.00957909	0.0836697	0.0202403	0.0359214	0.00100374	0.00494131
171	0.223116	0.0356549	0.0284348	0.0169278	0.0082292	0.161957	0.0144962	0.00501134	0.0178324	0.0100668	0.015032	0.0201501	0.0669347	0.00926869	0.010308	0.291947	0.0353685	0.0204102	0.00283099	0.00602349
172	0.0475348	0.0119374	0.0242631	0.12714	0.0119605	0.00724842	0.0288483	0.0306225	0.118237	0.0697233	0.00228942	0.0514746	0.0114253	0.149207	0.113947	0.0776418	0.0440905	0.0613456	0.00156899	0.00949426
173	0.0248486	0.0269489	0.00411724	0.00126225	0.308879	0.00190515	0.0706233	0.0276201	0.00551548	0.0459947	0.0114291	0.00245479	0.0168032	0.00856308	0.0338306	0.00473395	0.00832142	0.0237482	0.0315209	0.34088
174	0.00981572	0.0031297	0.000802837	0.00066576	0.0508052	0.00342481	0.000951201	0.18521	0.0008971	0.553112	0.0495658	0.000978298	0.00532652	0.0009899	0.000994093	0.0111781	0.0200664	0.0895907	0.000280323	0.0122157
175	0.0126198	0.0162398	0.00181116	0.00763113	0.200706	0.0024737	0.0051921	0.27588	0.00767281	0.190012	0.0299298	0.0031616	0.00624481	0.00829382	0.00815498	0.00575549	0.0287151	0.171971	0.0143092	0.0032263
176	0.0314056	0.0219424	0.0202907	0.00908123	0.00622708	0.0075657	0.00543081	0.0128646	0.0252488	0.00640429	0.0107225	0.034441	0.0134046	0.0114989	0.0123926	0.344531	0.386634	0.028996	0.000903702	0.0100141
177	0.226194	0.112856	0.00657295	0.00364715	0.00274517	0.330219	0.0062663	0.0264244	0.00424474	0.0247537	0.00492904	0.0185114	0.00315038	0.007281	0.00894518	0.0898814	0.0329844	0.0819811	0.000810354	0.00760243
178	0.144928	0.0766573	0.0479876	0.00871183	0.00297758	0.0782401	0.0199996	0.00439155	0.0139438	0.00540835	0.00397399	0.00738568	0.0098825	0.0045885	0.0072663	0.451009	0.0804555	0.0217012	0.000843727	0.00964732
179	0.112349	0.0242633	0.0516995	0.0246037	0.0067682	0.0689177	0.0262748	0.0142051	0.0383873	0.0165103	0.0164397	0.0944114	0.0286981	0.0386772	0.0290144	0.249033	0.117013	0.0300675	0.00273037	0.00993643
180	0.0484999	0.021297	0.403837	0.0370299	0.00536833	0.0628667	0.0203364	0.0320443	0.0196533	0.0221763	0.0149498	0.101378	0.0121529	0.0154499	0.0152608	0.0953822	0.0340835	0.0293441	0.00224828	0.00664146
181	0.087346	0.0337816	0.00595874	0.0150925	0.0113986	0.0858346	0.108655	0.0319209	0.0650886	0.0280977	0.0396201	0.0948622	0.00265077	0.0483516	0.0598197	0.110497	0.105559	0.0340347	0.000931003	0.0304994
182	0.0422562	0.00678788	0.00337306	0.00374217	0.0617273	0.00556953	0.0271137	0.0405884	0.0244725	0.100901	0.039542	0.0186355	0.00250117	0.0280097	0.0531129	0.130649	0.226636	0.147242	0.00107565	0.0360645
183	0.253815	0.0728679	0.00286443	0.00338215	0.0124393	0.0216647	0.00279878	0.102082	0.00638803	0.0799427	0.0193266	0.00306847	0.00395661	0.00668622	0.00614439	0.0498878	0.0514276	0.29204	0.00238686	0.00683048
184	0.0141557	0.0226222	0.00122077	0.00501594	0.00105541	0.0218043	0.0414412	0.00194413	0.342036	0.0338048	0.00763215	0.0411093	0.000868619	0.0540252	0.285456	0.0405522	0.0429866	0.0218718	0.000337961	0.0200592
185	0.0118039	0.0046607	0.000925072	0.000907332	0.0509487	0.0035588	0.00158031	0.196254	0.00126497	0.51298	0.0495905	0.00132294	0.00536571	0.00147886	0.00159344	0.0129243	0.021712	0.108756	0.000746691	0.0116253
186	0.0155837	0.00507501	0.00321036	0.00250903	0.0988769	0.0129192	0.00796986	0.00768413	0.00440833	0.0290401	0.0130548	0.00420523	0.00244028	0.00423516	0.00396329	0.0280355	0.0266779	0.010015	0.65014	0.0699564
187	0.0371605	0.0111475	0.104946	0.0515239	0.000878283	0.028003	0.0278203	0.00687851	0.0803263	0.00682865	0.0111411	0.167667	0.0143669	0.0742659	0.0580721	0.176571	0.124768	0.0156696	0.000334784	0.00163004
188	0.0408526	0.00981326	0.0851508	0.050975	0.000677647	0.0293185	0.0256267	0.00743173	0.0839129	0.0072591	0.0123316	0.152468	0.0151464	0.0822701	0.057598	0.183588	0.137283	0.0165334	0.00027889	0.0014838
189	0.163201	0.0191558	0.0349057	0.0406585	0.00362696	0.316869	0.00897238	0.00387527	0.0426765	0.0127003	0.0086569	0.0386828	0.0272773	0.0270618	0.0232394	0.154687	0.0414576	0.0171181	0.0103811	0.00479751
190	0.0508766	0.0105412	0.0985754	0.0785835	0.00161936	0.0245586	0.0223975	0.00644148	0.0916615	0.00711086	0.0105547	0.141499	0.0142145	0.0812961	0.0509574	0.172935	0.116644	0.0176651	0.00045486	0.00141382
191	0.0576279	0.0174408	0.0149319	0.0563732	0.00567556	0.00591752	0.00549107	0.241703	0.0451243	0.0588936	0.0280827	0.00795965	0.0539202	0.00786883	0.0190251	0.0240103	0.0732627	0.260835	0.00107319	0.0147839
192	0.0527002	0.0153077	0.0131689	0.0602794	0.00632226	0.00630203	0.00574615	0.243102	0.0520048	0.0656485	0.0280795	0.00794021	0.0528668	0.00830229	0.0167652	0.0223779	0.061882	0.266851	0.00129543	0.0130583
193	0.0160547	0.0234157	0.00127685	0.00508853	0.00122166	0.0219833	0.0410412	0.00208138	0.328743	0.0343091	0.0102321	0.0389752	0.0011069	0.0547072	0.29444	0.0395393	0.0416932	0.0224766	0.000415047	0.021199
