449	20
1	0.00751294	0.0140505	0.0226602	0.00372289	0.0026169	0.141505	0.00276265	0.00286665	0.00548076	0.00462179	0.0038823	0.00502445	0.0170036	0.0225834	0.024988	0.553469	0.158098	0.00353181	0.00106014	0.00255851
2	0.00793319	0.00200805	0.000910514	0.00144205	0.0551654	0.000867672	0.00243873	0.170923	0.00167175	0.533764	0.0644493	0.00133762	0.00164061	0.0160561	0.00410754	0.0092887	0.0248518	0.0545909	0.0148963	0.0316573
3	0.100301	0.00353504	0.195418	0.345437	0.0109539	0.0128343	0.0173919	0.00568197	0.0404589	0.0354818	0.00555728	0.0553971	0.00267313	0.0485643	0.0277875	0.0476151	0.0108713	0.0241266	0.000454501	0.00945965
4	0.113372	0.00738647	0.167714	0.189072	0.00557964	0.0218139	0.0341044	0.00203373	0.0707042	0.0234277	0.00331934	0.0901739	0.0087243	0.0710026	0.0806966	0.0555411	0.0308896	0.0149859	0.000425411	0.00903386
5	0.0219828	0.0112525	0.00087443	0.00296052	0.686215	0.00339439	0.00758322	0.0288785	0.00125063	0.0455669	0.0220065	0.00443662	0.00182989	0.00419598	0.00379365	0.00620749	0.00317121	0.024431	0.0393842	0.0805848
6	0.352945	0.060731	0.00218456	0.00203169	0.00155865	0.0332231	0.00486713	0.0182938	0.00152092	0.00691621	0.00585986	0.0117595	0.00137776	0.00978504	0.0034962	0.337871	0.0997233	0.0408318	0.000553943	0.00446967
7	0.0043427	0.0209587	0.00232239	0.0198142	0.218393	0.00277023	0.105001	0.0118092	0.00289147	0.00690927	0.0036759	0.019674	0.00147244	0.00364532	0.00286328	0.0229394	0.0383417	0.0139387	0.00225311	0.495984
8	0.00631363	0.00188168	0.0327248	0.249043	0.00190066	0.00152385	0.00928924	0.0112597	0.288815	0.0394101	0.00954517	0.0713474	0.00105479	0.123153	0.0867803	0.0137837	0.0136303	0.0174013	0.0194843	0.00165797
9	0.00943126	0.00827157	0.016086	0.0720499	0.0508303	0.00162729	0.0403509	0.0470275	0.129546	0.00428482	0.00174285	0.0492936	0.0010664	0.0392256	0.124465	0.0939327	0.121867	0.0636472	0.000737499	0.124517
10	0.00320093	0.00555462	0.00108956	0.00122604	0.50971	0.00100201	0.0295497	0.00120033	0.00113766	0.0491574	0.0366549	0.00216637	0.00206518	0.00166368	0.0012184	0.00648286	0.00179029	0.00291439	0.0064334	0.335783
11	0.0132263	0.0118674	0.0156323	0.00383137	0.00195485	0.912288	0.00124767	0.000836733	0.00549234	0.00210979	0.000588435	0.00937935	0.000515975	0.00601934	0.00217182	0.00332192	0.0051039	0.00332723	0.000346929	0.000738753
12	0.0127334	0.00552492	0.000455651	0.000885937	0.0350151	0.00078218	0.0020497	0.322816	0.00145449	0.358899	0.063047	0.00252395	0.00691249	0.00373727	0.00256369	0.00396451	0.011846	0.150675	0.00571347	0.00840058
13	0.0052866	0.00377892	0.00267915	0.00404565	0.00297032	0.00326098	0.359744	0.0753217	0.0172442	0.031621	0.0169879	0.172227	0.00177981	0.169425	0.0180351	0.0290341	0.0341839	0.0333759	0.00107222	0.0179264
14	0.0949916	0.0555588	0.00367838	0.00939059	0.202353	0.00487689	0.0187527	0.123924	0.00417103	0.117374	0.0708119	0.0106741	0.00286055	0.0134045	0.0112803	0.0251234	0.0130704	0.0534167	0.0807171	0.0835695
15	0.016399	0.0198218	0.00852743	0.0264562	0.020545	0.0181449	0.00226201	0.033368	0.330197	0.0395919	0.0374493	0.0064198	0.00872574	0.0623592	0.289908	0.0110226	0.0254994	0.0294382	0.00302475	0.0108393
16	0.042144	0.00552876	0.276245	0.362044	0.00712041	0.01606	0.0224205	0.00779557	0.0276869	0.0123682	0.00626742	0.053837	0.00899548	0.0574064	0.0153892	0.0373251	0.0196139	0.0109418	0.00135684	0.00945292
17	0.00433729	0.00170161	0.00117682	0.00128969	0.0938414	0.00314348	0.0140044	0.00347217	0.00155009	0.0194603	0.00154644	0.00131158	0.000554328	0.00548133	0.00399321	0.00218487	0.00527841	0.00201038	0.642569	0.191093
18	0.228079	0.0553924	0.00273122	0.00422656	0.0102799	0.0114366	0.00346208	0.162462	0.00461484	0.102225	0.0185729	0.00599632	0.0047553	0.00524697	0.00285556	0.0340686	0.0648152	0.271954	0.00159562	0.00523022
19	0.0688981	0.00499379	0.0372517	0.106882	0.0127066	0.0224523	0.0205642	0.0116456	0.0551985	0.0206446	0.0064022	0.0279983	0.400274	0.033846	0.0299198	0.0741764	0.036866	0.0161331	0.00369158	0.00945513
20	0.0619275	0.00808015	0.0794961	0.0560064	0.0153967	0.363173	0.0220492	0.00111111	0.0252154	0.0045316	0.00292356	0.187712	0.00491834	0.0277929	0.0184353	0.105736	0.00521736	0.00586245	0.00351248	0.000902347
21	0.302473	0.057874	0.00915896	0.0122138	0.0448921	0.0337972	0.00720095	0.122823	0.010107	0.037932	0.0618641	0.00934038	0.00278731	0.0125399	0.00738276	0.0481282	0.0441006	0.156408	0.0046261	0.0143507
22	0.0529598	0.0153283	0.0517609	0.0990232	0.00266604	0.00437236	0.0814294	0.0159447	0.202618	0.0430369	0.0154397	0.00864309	0.00216233	0.104934	0.0380026	0.0827083	0.102003	0.072387	0.00161707	0.0029629
23	0.0409233	0.0070694	0.211707	0.221271	0.00622876	0.215273	0.0258612	0.00477609	0.0281302	0.00817781	0.00725171	0.063436	0.0116383	0.0521712	0.0163165	0.0461345	0.0164743	0.00805606	0.00276518	0.00633935
24	0.00685642	0.0145715	0.055664	0.0392076	0.00286237	0.00250758	0.00360169	0.200192	0.0993229	0.0423576	0.00260778	0.0853244	0.00180582	0.00484784	0.0704964	0.114171	0.124546	0.1249	0.00136416	0.00279305
25	0.00354355	0.000802555	0.000949224	0.00119419	0.0718957	0.0029616	0.0149621	0.00226292	0.00103719	0.0209018	0.000939753	0.00133518	0.000570401	0.00502769	0.00323112	0.00185729	0.00527554	0.0015382	0.753085	0.106629
26	0.00630087	0.00921761	0.0782975	0.22067	0.0292172	0.0123025	0.0785609	0.0158855	0.0522886	0.0244902	0.00161083	0.0885424	0.00258785	0.0364352	0.00250618	0.161233	0.117592	0.0216442	0.00769175	0.0329258
27	0.0413992	0.0553832	0.000984958	0.00211386	0.00738877	0.0184725	0.00132365	0.327493	0.00183705	0.227392	0.0121313	0.0159438	0.00142341	0.0115747	0.00481104	0.0119489	0.0542608	0.192115	0.000708253	0.0112955
28	0.0107527	0.0101546	0.0161431	0.0594627	0.0641613	0.00167722	0.0418177	0.0466782	0.122963	0.00441746	0.0017697	0.0489409	0.00105014	0.0404021	0.128739	0.0936926	0.125571	0.0742719	0.000691177	0.106644
29	0.00530071	0.00281849	0.000411272	0.000600836	0.0300242	0.000658297	0.000767809	0.422739	0.00170064	0.345494	0.049292	0.00171082	0.00295594	0.00105472	0.000766544	0.00114707	0.00511377	0.123019	0.00174773	0.00267646
30	0.0790127	0.00170322	0.0264882	0.0922686	0.0102775	0.0205014	0.0191292	0.00165674	0.078358	0.0115226	0.0011325	0.0245044	0.43254	0.0357655	0.039495	0.0841235	0.0311356	0.00789267	0.000859055	0.0016331
31	0.231321	0.0229269	0.0980257	0.0853854	0.00760995	0.0673673	0.0345428	0.00175388	0.0352003	0.00804738	0.00206931	0.106299	0.030627	0.037778	0.0446121	0.129905	0.0277559	0.018654	0.00170905	0.00840992
32	0.00464756	0.00157563	0.000407149	0.000548508	0.0257772	0.00040588	0.000693173	0.465202	0.00204451	0.319553	0.0553737	0.00225613	0.00223002	0.000578306	0.000696989	0.00102265	0.00500285	0.108926	0.00107709	0.00198215
33	0.0829891	0.00170493	0.028095	0.0973593	0.011303	0.0193117	0.0197579	0.00170212	0.0850054	0.0123403	0.00132885	0.0263671	0.406053	0.0388754	0.0423684	0.0835661	0.0306858	0.00915888	0.000678324	0.00134986
34	0.0362714	0.017325	0.0173702	0.0268656	0.0211053	0.0152522	0.306834	0.0416348	0.0189496	0.0397115	0.0176965	0.025499	0.09262	0.0265183	0.0252905	0.0371443	0.0283733	0.167612	0.00975674	0.0281694
35	0.0329081	0.0210494	0.0435921	0.0371389	0.00320863	0.257352	0.00835209	0.00379113	0.060539	0.146926	0.0156355	0.248145	0.00213336	0.0232828	0.0354785	0.010094	0.0174875	0.00454702	0.00123729	0.0271017
36	0.0581418	0.00662854	0.0679893	0.00700888	0.0052005	0.0146602	0.00560726	0.00793887	0.00715188	0.00818046	0.0335088	0.00774851	0.0139029	0.0979787	0.00894355	0.463203	0.171033	0.00882941	0.00225014	0.0040944
37	0.0156772	0.0184672	0.00949032	0.0279668	0.020494	0.0169216	0.0026796	0.0352463	0.337425	0.045109	0.0372817	0.00675298	0.0082104	0.0600911	0.278759	0.0110121	0.0231484	0.0293094	0.00298248	0.0129755
38	0.00348625	0.00212134	0.00230884	0.00623363	0.0455531	0.00107289	0.00216414	0.425054	0.00125344	0.0715081	0.00405139	0.00151672	0.00158647	0.00328891	0.00242719	0.00209957	0.0485519	0.362768	0.001224	0.0117293
39	0.0170768	0.0215894	0.00683372	0.0256309	0.0161538	0.0237289	0.00777367	0.026696	0.342226	0.0283955	0.037095	0.00877223	0.00764705	0.0631598	0.296177	0.0108978	0.022068	0.025769	0.00339513	0.00891418
40	0.0154342	0.0158985	0.0184147	0.0223544	0.0461691	0.0127992	0.022126	0.224005	0.0109146	0.119944	0.0146056	0.00580363	0.00886356	0.0433146	0.0331886	0.00351281	0.0448061	0.313907	0.00626407	0.0176741
41	0.0312089	0.00501229	0.183906	0.250293	0.120441	0.00593565	0.0300666	0.0100182	0.00594992	0.0342075	0.00497807	0.0080511	0.00683643	0.00711589	0.00685718	0.00974134	0.0101786	0.00701843	0.0269538	0.235229
42	0.00402683	0.00245757	0.00198731	0.00312562	0.00219006	0.00304989	0.0248692	0.0186758	0.143792	0.00863946	0.0133488	0.0210137	0.00209405	0.00859627	0.697991	0.011042	0.0073764	0.00776628	0.00133629	0.0166219
43	0.0126898	0.00374922	0.000602139	0.00174799	0.0166349	0.000616538	0.000980861	0.471042	0.00203327	0.254422	0.0681535	0.00838128	0.0042331	0.00111999	0.00111734	0.00201207	0.00634345	0.140501	0.000690571	0.00292933
44	0.0465516	0.07451	0.0898504	0.0343424	0.0190887	0.0187403	0.0227448	0.0254986	0.0284101	0.0883732	0.0147074	0.0362196	0.215755	0.0285594	0.0238969	0.139664	0.0452637	0.0258691	0.00621151	0.0157436
45	0.233972	0.0209795	0.00954326	0.0382256	0.0164492	0.00543389	0.00707964	0.0418588	0.0125916	0.0348467	0.0068558	0.00697558	0.136868	0.0355372	0.00458649	0.147992	0.149245	0.0767841	0.00258741	0.0115889
46	0.0275219	0.00663637	0.00450373	0.00788147	0.0561172	0.0187251	0.0404883	0.00650655	0.00927435	0.0333535	0.00470262	0.0115771	0.0136431	0.0159085	0.0261734	0.0085333	0.00835105	0.0129394	0.467444	0.219719
47	0.40431	0.0977969	0.00228614	0.00215238	0.00354971	0.0057428	0.00906133	0.0553592	0.00272778	0.0258497	0.00573836	0.00274748	0.00244228	0.00375292	0.00180365	0.0825961	0.159999	0.128669	0.000580857	0.00283446
48	0.0190771	0.00304038	0.00307276	0.0174188	0.00423156	0.00415379	0.0310937	0.00441197	0.198013	0.0303361	0.016088	0.0231339	0.0303739	0.0461028	0.244733	0.0526998	0.263477	0.00407184	0.00147223	0.0029987
49	0.0169321	0.0114568	0.00440321	0.00285205	0.156539	0.00550177	0.00489504	0.0167573	0.011885	0.00997184	0.00322437	0.00316527	0.00243605	0.0165658	0.0320128	0.0061593	0.0116909	0.00713416	0.0404591	0.635958
50	0.410945	0.0910692	0.00209604	0.00195664	0.00363614	0.00836601	0.00710692	0.0529918	0.0026799	0.023236	0.00621914	0.00292638	0.00219073	0.00385012	0.00162005	0.0815366	0.149607	0.144388	0.000557764	0.00301956
51	0.078044	0.0193825	0.0266163	0.0407157	0.00507342	0.0273289	0.00286385	0.0652401	0.0542271	0.0192939	0.00501653	0.0284882	0.00200712	0.00563574	0.0047041	0.00948553	0.203759	0.384289	0.0144427	0.00338592
52	0.00320856	0.00554089	0.00109514	0.00126908	0.508335	0.00100319	0.0296111	0.00128434	0.00115351	0.0493985	0.0367473	0.00218337	0.00206126	0.00171402	0.00121635	0.00650115	0.00179379	0.00293667	0.00649161	0.336455
53	0.0638555	0.0101233	0.246142	0.24877	0.00586499	0.0211593	0.0382437	0.0058102	0.0476946	0.0119368	0.00713768	0.0889729	0.00785105	0.0663912	0.0298762	0.0578619	0.0208206	0.00780948	0.00111847	0.0125608
54	0.242605	0.00575975	0.0187418	0.066726	0.00525525	0.174386	0.114959	0.00604464	0.00698145	0.0171409	0.0268689	0.0205143	0.0872011	0.0538133	0.00731826	0.0773651	0.0194126	0.00644374	0.0358716	0.00659135
55	0.00804782	0.00808155	0.0110622	0.0194339	0.0373263	0.00586422	0.0115362	0.195029	0.0269929	0.0980816	0.0147212	0.0125714	0.0129988	0.0532152	0.0902699	0.00389443	0.0317904	0.337031	0.00392256	0.0181301
56	0.0335635	0.00745868	0.00505904	0.00770945	0.185854	0.00490343	0.149002	0.0899805	0.00609809	0.125786	0.0291393	0.0292458	0.00382943	0.00845484	0.00779651	0.012122	0.00793842	0.13515	0.0088021	0.142107
57	0.0050159	0.00128448	0.00109642	0.00180815	0.0665076	0.00384262	0.0187249	0.0024556	0.00164221	0.0215829	0.00111331	0.00183697	0.00109075	0.0066832	0.00462187	0.00214475	0.0063849	0.00227019	0.729995	0.119898
58	0.0553193	0.0251974	0.293735	0.0705146	0.00869382	0.0126045	0.0331306	0.0032677	0.0583676	0.00338516	0.0011515	0.257946	0.0143051	0.0238413	0.0117654	0.084806	0.00705367	0.0181399	0.00603807	0.0107368
59	0.0430539	0.00351499	0.00620454	0.0120354	0.00351269	0.0379317	0.0469384	0.013927	0.0123238	0.00715519	0.00284206	0.0234572	0.582817	0.00668624	0.0078103	0.0807662	0.0718486	0.0134855	0.0116234	0.0120656
60	0.0993016	0.00340548	0.0335952	0.114149	0.0119552	0.0266685	0.0172939	0.00159441	0.0716908	0.0103617	0.00148167	0.0304313	0.362987	0.0376816	0.0387056	0.0991298	0.0278995	0.0089732	0.000671742	0.00202308
61	0.244754	0.0337932	0.0675182	0.0509346	0.00520351	0.0831903	0.0269927	0.00207464	0.025714	0.00389754	0.00175816	0.113751	0.032634	0.0255925	0.0366742	0.180594	0.0292783	0.0302052	0.000797519	0.00464143
62	0.0616421	0.00571919	0.0253929	0.0169307	0.0420125	0.00814038	0.0253789	0.139466	0.00426581	0.328393	0.0148218	0.00517115	0.134985	0.0190265	0.00527994	0.0322646	0.0127802	0.106239	0.00249724	0.00959286
63	0.014998	0.0182432	0.00901735	0.0268956	0.0215956	0.0162774	0.00305839	0.035353	0.339827	0.0463323	0.0392837	0.00668935	0.00804192	0.0603973	0.275035	0.0104639	0.0227664	0.0292049	0.00289821	0.0136215
64	0.00277187	0.0024416	0.000655359	0.00111113	0.00479319	0.000653583	0.000710787	0.616585	0.000698292	0.0217653	0.0024979	0.00103569	0.00247327	0.000961032	0.00319355	0.00342728	0.00630783	0.326573	0.000311979	0.00103288
65	0.0100313	0.00536628	0.00486185	0.00394149	0.200072	0.00591271	0.0136517	0.00800985	0.00505215	0.0157927	0.00726865	0.00367915	0.00357622	0.00951081	0.00745281	0.00702412	0.00688629	0.0076949	0.0189141	0.655301
66	0.0518556	0.0106093	0.100191	0.293243	0.0146421	0.0204495	0.0304064	0.0137154	0.0791336	0.0274486	0.0142329	0.0546089	0.019964	0.0578665	0.0909631	0.0467642	0.0262757	0.01955	0.00493935	0.0231409
67	0.418572	0.314198	0.00222591	0.00244569	0.00896583	0.0108549	0.00279677	0.00520948	0.00408279	0.00678286	0.00239267	0.00322715	0.00155109	0.00332544	0.0024157	0.122574	0.0489896	0.0359966	0.00100959	0.00238378
68	0.03644	0.0112023	0.0615403	0.14363	0.0177931	0.0191019	0.360725	0.0151178	0.0371245	0.0223914	0.0123231	0.0545134	0.0177419	0.0383695	0.0197256	0.0518784	0.0298946	0.0220918	0.00633783	0.0220577
69	0.00221385	0.00229437	0.000602591	0.000823373	0.00429546	0.000593244	0.000714436	0.625658	0.000630907	0.0163768	0.000559817	0.000914507	0.0027962	0.000890366	0.00300901	0.00335654	0.00532913	0.327684	0.000296467	0.000960766
70	0.012288	0.011785	0.0157683	0.00444335	0.00245412	0.907312	0.00127467	0.00102404	0.00576155	0.0032862	0.00122931	0.0100634	0.000618959	0.00643867	0.00237016	0.00391215	0.00492824	0.00363163	0.000345213	0.00106492
71	0.0355743	0.0120899	0.00704988	0.0188672	0.0367333	0.00633059	0.00911673	0.305639	0.0490822	0.0810463	0.287712	0.00957183	0.00568153	0.0149436	0.0125225	0.0274296	0.0151916	0.045617	0.00247213	0.0173287
72	0.237967	0.0482203	0.00262961	0.00500135	0.0023436	0.0337468	0.00378031	0.00647678	0.00254725	0.0032337	0.00375006	0.00710829	0.00159978	0.0276016	0.0102257	0.562833	0.0220156	0.0148859	0.000894608	0.00313791
73	0.00738399	0.0120922	0.0184821	0.00385813	0.00262591	0.147224	0.00300291	0.00300454	0.00448957	0.00479003	0.0042697	0.00485811	0.0144604	0.0300255	0.0213551	0.53646	0.173906	0.00372969	0.00122234	0.0027588
74	0.00713915	0.00434944	0.0608117	0.200111	0.0228426	0.00526008	0.0239923	0.0445598	0.0252667	0.0065929	0.0180385	0.0717602	0.123653	0.0770263	0.00408491	0.179502	0.0838134	0.00702803	0.026794	0.00737294
75	0.0478735	0.00297551	0.165438	0.430804	0.00593219	0.0117878	0.0331319	0.00496068	0.043965	0.0187755	0.00605829	0.0619468	0.00488751	0.0499813	0.0253581	0.0409438	0.0255538	0.00890003	0.000321476	0.0104046
76	0.0554031	0.0422989	0.00816056	0.0530471	0.00469593	0.142789	0.042047	0.00526102	0.0420147	0.069157	0.0402684	0.0094305	0.199658	0.061365	0.00487674	0.00932529	0.0481229	0.00679866	0.0250074	0.130273
77	0.0178209	0.0270859	0.00598114	0.0396029	0.0132972	0.0381273	0.00310176	0.0247449	0.381817	0.0206364	0.0306643	0.0050016	0.00767035	0.0628941	0.242976	0.00895647	0.0234222	0.0332397	0.00691208	0.00604822
78	0.0133925	0.0100235	0.00102199	0.00315146	0.00117206	0.000959847	0.0011349	0.12482	0.00148821	0.0132047	0.0121092	0.00614385	0.000843119	0.00176566	0.00227756	0.00226066	0.00762681	0.795095	0.000464895	0.00104483
79	0.332731	0.0208622	0.00323939	0.0036995	0.00217512	0.106391	0.0184709	0.0067958	0.00297921	0.00323173	0.00723845	0.0721207	0.00183322	0.00904319	0.00633233	0.272904	0.0910205	0.0246955	0.000800197	0.013436
80	0.0024868	0.00148959	0.00144124	0.00174168	0.00148649	0.00141116	0.00775743	0.00179701	0.00159448	0.00222021	0.00474031	0.00797091	0.00268777	0.00816497	0.00147582	0.381764	0.565786	0.00224551	0.000534758	0.00120311
81	0.00786449	0.00459067	0.00364189	0.00126905	0.240043	0.00474637	0.00785241	0.00646064	0.0026701	0.0142845	0.00705624	0.00121136	0.000589698	0.00794386	0.00553278	0.0045211	0.00302108	0.00467224	0.0132637	0.658765
82	0.0453731	0.00401136	0.0837834	0.0212842	0.00271197	0.0042103	0.00328926	0.0365034	0.293193	0.0459917	0.00256651	0.0899921	0.00603733	0.0161076	0.136681	0.110188	0.0354804	0.0580452	0.00147192	0.00307897
83	0.0394737	0.00348792	0.108656	0.482732	0.00440977	0.0158416	0.0450081	0.00540256	0.0414955	0.010382	0.00517951	0.0977516	0.00378423	0.0472528	0.011539	0.0267657	0.0173795	0.00621493	0.000645489	0.0265983
84	0.006855	0.00732583	0.00224795	0.00254616	0.766897	0.00307944	0.00770915	0.00503409	0.00162801	0.0319827	0.00982721	0.00391213	0.00224138	0.00274275	0.00256633	0.00312858	0.0020467	0.0102899	0.0197553	0.108184
85	0.21019	0.00203548	0.0105267	0.118175	0.00237241	0.00233294	0.00300315	0.0107019	0.14793	0.00348241	0.00209724	0.00362591	0.00145315	0.0219748	0.12297	0.00436971	0.293779	0.0353	0.00126385	0.00241668
86	0.111574	0.00750162	0.16719	0.186713	0.00539803	0.0218773	0.0352281	0.00208714	0.0729991	0.0239218	0.00346142	0.0894643	0.00835938	0.0710552	0.0812712	0.05564	0.0316796	0.014859	0.000518591	0.0092006
87	0.00492935	0.00327837	0.187708	0.0579175	0.0144467	0.0026374	0.0151874	0.0144179	0.0727645	0.00425924	0.0144207	0.372778	0.00175241	0.0412741	0.0429291	0.0102737	0.107828	0.0156491	0.00107269	0.0144758
88	0.0174216	0.00843864	0.00082276	0.00701911	0.00296657	0.000775062	0.00108605	0.237625	0.00101737	0.0454571	0.0384966	0.00175123	0.00130392	0.00140176	0.0116676	0.00466372	0.0357888	0.58056	0.000455388	0.0012813
89	0.00398842	0.00135149	0.000402797	0.00130565	0.0198286	0.000433393	0.000617798	0.344103	0.00175081	0.463088	0.0675706	0.00175986	0.00114722	0.00278411	0.000979823	0.00191954	0.00481259	0.0785378	0.00104533	0.00257355
90	0.0584141	0.00867384	0.105615	0.115998	0.0119961	0.027874	0.0284609	0.0176072	0.0498329	0.0256127	0.00953196	0.0440663	0.266312	0.0639605	0.0261677	0.0750275	0.0337932	0.0175836	0.00452806	0.00894392
91	0.00354212	0.00271748	0.00220233	0.00374924	0.00367429	0.00190041	0.0223602	0.0259988	0.158923	0.0123985	0.0179732	0.0180162	0.00159063	0.00930258	0.668179	0.00934016	0.00681398	0.00861601	0.00132277	0.0213784
92	0.00891821	0.00689113	0.000759813	0.00217464	0.00478063	0.000756171	0.000802056	0.512858	0.000817694	0.0262533	0.00848092	0.0016072	0.00229886	0.00124584	0.00374381	0.00359525	0.0105111	0.401724	0.000402383	0.00137855
93	0.117198	0.0157317	0.0021684	0.00260036	0.0059319	0.00673027	0.0635902	0.0205625	0.441692	0.00308686	0.00208786	0.0172597	0.00131934	0.0781633	0.12768	0.0116361	0.012923	0.0582553	0.00956272	0.00181994
94	0.125865	0.00491192	0.143623	0.114709	0.00323182	0.0459426	0.0399475	0.00235141	0.181503	0.0193988	0.00313564	0.0564577	0.00758905	0.0421398	0.0806307	0.0733211	0.0272515	0.00725316	0.00227752	0.0184593
95	0.10204	0.00495187	0.0451674	0.0582469	0.00477576	0.0306567	0.00673035	0.00818591	0.0303905	0.475345	0.00558985	0.0349904	0.00354609	0.0727208	0.00668108	0.0584387	0.0100444	0.0328691	0.00215119	0.0064777
96	0.0325422	0.0100901	0.0365451	0.016872	0.00594754	0.712224	0.00975315	0.00114777	0.0157204	0.00560172	0.00183987	0.0760399	0.00279438	0.0124104	0.0075011	0.040488	0.0057621	0.00351227	0.00138652	0.00182184
97	0.0102064	0.00491488	0.00412988	0.00238986	0.205256	0.00596713	0.0134548	0.00866023	0.00455321	0.0176903	0.00776719	0.00325331	0.00237393	0.00954053	0.00698688	0.00631989	0.00538936	0.0065551	0.0211127	0.653479
98	0.011785	0.0105243	0.0962057	0.0308998	0.0100582	0.00863092	0.0173101	0.0103778	0.0273631	0.0110545	0.00801981	0.36592	0.0181179	0.0277593	0.0181383	0.0685291	0.233823	0.0141284	0.00244132	0.00891347
99	0.371363	0.127886	0.00183693	0.00242203	0.00164541	0.00217411	0.00607786	0.0314917	0.00230415	0.0182549	0.00213511	0.00266274	0.00210596	0.00371417	0.00212073	0.0845084	0.232494	0.101801	0.000763056	0.00223791
100	0.00314194	0.00184144	0.000635854	0.00222015	0.0127259	0.000643461	0.000856125	0.566277	0.000728011	0.0362591	0.00214828	0.000982731	0.00185315	0.000852095	0.00231111	0.00271385	0.016366	0.344241	0.000315665	0.00288671
101	0.0370579	0.0110986	0.0260643	0.0963636	0.0150174	0.0166576	0.0170337	0.0279415	0.0299794	0.251552	0.0284657	0.0330582	0.00765705	0.270476	0.0259461	0.0311913	0.0199122	0.0315618	0.00713809	0.0158274
102	0.00385556	0.00449568	0.000395095	0.00482627	0.0142661	0.000364149	0.000752651	0.0659767	0.00185173	0.735863	0.111067	0.000556404	0.000295705	0.00925706	0.00139261	0.00416333	0.00573589	0.0325247	0.000445669	0.00191439
103	0.0389881	0.017926	0.00918783	0.0193158	0.0302957	0.00910331	0.0110597	0.162303	0.0177566	0.152377	0.196758	0.0202039	0.00857417	0.0230091	0.0201874	0.024141	0.0287636	0.191433	0.00474727	0.0138689
104	0.457238	0.0253918	0.0102988	0.0088025	0.00514417	0.20037	0.0108664	0.00517749	0.00709239	0.0100578	0.00537386	0.0232378	0.0064383	0.0111959	0.00565744	0.144968	0.0454579	0.0124835	0.00139429	0.0033538
105	0.00269339	0.00219103	0.000569695	0.00101786	0.00556296	0.000557886	0.000708143	0.605494	0.00059217	0.022289	0.00117536	0.000806948	0.00228731	0.000768881	0.00265116	0.00306223	0.00766509	0.338464	0.000259004	0.00118373
106	0.154002	0.00950524	0.00675756	0.00959997	0.00952985	0.00720435	0.0108666	0.0836147	0.0457643	0.0570682	0.143009	0.0122016	0.00416435	0.348787	0.00935531	0.0145877	0.0129323	0.0500144	0.00325416	0.00778162
107	0.0341101	0.00513981	0.30924	0.385053	0.00586863	0.0160991	0.020794	0.00495456	0.0250377	0.0111158	0.00572633	0.0447027	0.0108959	0.0440875	0.013295	0.0294042	0.0177725	0.00777443	0.0010793	0.0078497
108	0.0205126	0.0128308	0.0216183	0.0349343	0.0199884	0.0162683	0.513047	0.0157936	0.0264006	0.0193543	0.0129726	0.066039	0.0198508	0.0438183	0.0291534	0.049082	0.0218871	0.025948	0.00602644	0.0244742
109	0.164657	0.00262381	0.0141244	0.0849594	0.0313873	0.00300231	0.00322267	0.00825985	0.0229736	0.00788039	0.00262653	0.00440218	0.181432	0.0350383	0.00368381	0.209241	0.136219	0.0635473	0.00103267	0.0196874
110	0.0143199	0.00919746	0.00604212	0.00964872	0.238986	0.00668103	0.0230549	0.0157576	0.00794925	0.0698823	0.0296121	0.00807797	0.00475836	0.0129554	0.00816001	0.0299582	0.0103595	0.0132276	0.0174254	0.463947
111	0.0243137	0.0127283	0.0111512	0.0162691	0.116701	0.0106199	0.0328273	0.0435177	0.0161942	0.0389705	0.0119346	0.0192897	0.0134032	0.0205044	0.0204893	0.0240369	0.0257083	0.0758736	0.0229624	0.442505
112	0.458503	0.0175961	0.00290337	0.00325824	0.00590662	0.342837	0.006199	0.00364968	0.00274746	0.0143782	0.00345734	0.00386446	0.0106491	0.00412406	0.00262348	0.071467	0.0354909	0.00690184	0.00139203	0.0020519
113	0.0999253	0.354301	0.0136983	0.0172657	0.0180896	0.015539	0.0169698	0.0182729	0.0742239	0.0241556	0.0114462	0.0203846	0.0100341	0.0192038	0.0177749	0.188422	0.0301805	0.0311223	0.00513485	0.0138554
114	0.00526602	0.00398492	0.00078191	0.00143309	0.745977	0.00417784	0.00534375	0.00490009	0.000964803	0.0481607	0.0113676	0.00247516	0.00188485	0.00317916	0.00170237	0.00255222	0.00161131	0.0118668	0.0515384	0.0908319
115	0.0785835	0.0200862	0.0208269	0.0178509	0.009902	0.488827	0.0146842	0.0185499	0.0178346	0.0722561	0.0105027	0.026419	0.0147192	0.0180958	0.0155205	0.0423893	0.0697843	0.0216543	0.00592533	0.0155881
116	0.017768	0.00825756	0.0100962	0.00942034	0.157697	0.0433549	0.0213978	0.0122641	0.0107328	0.0211052	0.00854857	0.0133069	0.00953784	0.0153704	0.0120722	0.0150306	0.0143692	0.0114576	0.0202064	0.568007
117	0.0142198	0.00912276	0.00776554	0.0105259	0.0075863	0.00714923	0.180845	0.0519469	0.0117407	0.0286875	0.00892847	0.0380013	0.00543216	0.505978	0.0162486	0.0484204	0.0165982	0.0166163	0.00314905	0.0110374
118	0.0128407	0.00945661	0.00103805	0.00295478	0.00132867	0.000999201	0.001147	0.140303	0.0015174	0.0120036	0.0105739	0.006056	0.000872949	0.00176416	0.00219457	0.00235121	0.00696989	0.784143	0.000478079	0.00100776
119	0.147384	0.0214326	0.00858357	0.00624509	0.00552693	0.0274635	0.0338391	0.0161343	0.00508141	0.0107318	0.00715315	0.141712	0.00544614	0.00857725	0.0205948	0.194913	0.253867	0.0695785	0.00173614	0.0140006
120	0.00668263	0.0260058	0.00639571	0.00557815	0.0037094	0.00738223	0.0170927	0.00567252	0.00476544	0.00530637	0.00364517	0.638765	0.00331483	0.00592143	0.00572675	0.213492	0.0111593	0.00630478	0.0019346	0.0211451
121	0.00961128	0.00867508	0.0143562	0.0113263	0.509139	0.00720097	0.0203947	0.0151716	0.00485126	0.0599023	0.0128199	0.0124226	0.0517477	0.00681745	0.013083	0.0104558	0.0116672	0.0132138	0.0148901	0.192254
122	0.0042778	0.0050286	0.000921786	0.00107969	0.642882	0.00190773	0.0143524	0.00245039	0.000868736	0.0261389	0.0128204	0.00251786	0.00209262	0.00176516	0.0013621	0.0032675	0.0019639	0.00640137	0.00678217	0.261119
123	0.523428	0.0217783	0.0021342	0.00189017	0.00724348	0.269785	0.00577595	0.00314552	0.00230638	0.0143661	0.00226344	0.00666696	0.00483855	0.00605375	0.00165202	0.0829797	0.0350083	0.00655692	0.000495683	0.00163188
124	0.189284	0.00535732	0.0051301	0.00749658	0.0050581	0.00523452	0.006258	0.167662	0.00639362	0.00882935	0.00393323	0.00698661	0.241367	0.0301474	0.00560204	0.0107324	0.0333712	0.253921	0.00221491	0.00502141
125	0.320751	0.0249703	0.0156204	0.0116411	0.00292391	0.113404	0.0159754	0.00663309	0.00804891	0.00472441	0.00692803	0.0635817	0.00664779	0.0127816	0.0102646	0.26387	0.0789712	0.0226056	0.00114106	0.00851617
126	0.0242475	0.0140409	0.0393334	0.0364608	0.0211384	0.0166178	0.161351	0.0721081	0.028337	0.0230507	0.011621	0.182087	0.0111484	0.0466792	0.0240535	0.178571	0.0526305	0.0278715	0.00636496	0.0222873
127	0.033721	0.0155251	0.0218331	0.0267343	0.0315145	0.0208172	0.0394073	0.0303515	0.0547082	0.0362284	0.0275867	0.0421012	0.0161476	0.0344403	0.27235	0.107263	0.0419427	0.0256955	0.0967625	0.0248697
128	0.0279435	0.152732	0.00436205	0.00564355	0.556403	0.00385101	0.00634885	0.00868132	0.00526166	0.00833438	0.00495131	0.00640918	0.00350912	0.00616372	0.0060034	0.0431065	0.00671873	0.00767828	0.00209632	0.133802
129	0.0134453	0.0120002	0.0154381	0.00454893	0.00200717	0.904696	0.0019501	0.00104423	0.00566971	0.00301696	0.00119784	0.00919169	0.00150028	0.00616726	0.00251475	0.00380053	0.00601032	0.00382533	0.000411173	0.00156393
130	0.00905929	0.0180928	0.0274746	0.0194075	0.00364321	0.0179648	0.0105522	0.00426137	0.00426676	0.0193899	0.00304735	0.235633	0.0636312	0.0213615	0.00427345	0.111029	0.414425	0.00812374	0.00133456	0.00302805
131	0.0429809	0.00804116	0.0186712	0.0326759	0.00802669	0.023686	0.0285028	0.0126036	0.026905	0.0139482	0.00523782	0.0832136	0.422203	0.0182044	0.0181137	0.0833216	0.122458	0.0140735	0.00722071	0.00991197
132	0.0145338	0.0075367	0.464687	0.387812	0.00223021	0.0131561	0.00547158	0.00152325	0.00412034	0.00201471	0.00164315	0.0279381	0.00342299	0.0288883	0.00107586	0.0147653	0.0164917	0.00155655	0.000371488	0.000760889
133	0.015261	0.00620843	0.471306	0.3762	0.0024855	0.0143961	0.00588668	0.00122091	0.00412934	0.00204083	0.00174562	0.0278986	0.00285043	0.0319109	0.000985945	0.016217	0.0168153	0.00139165	0.000368803	0.000680313
134	0.0141332	0.00774539	0.0032478	0.00567698	0.229037	0.0047308	0.00854592	0.0623517	0.00493612	0.430371	0.0612835	0.00500243	0.00393739	0.0146152	0.00699359	0.01075	0.0150881	0.0295127	0.027572	0.0544689
135	0.014618	0.0177798	0.00619343	0.0216187	0.014506	0.0360274	0.0273897	0.0207372	0.365264	0.0217842	0.0705753	0.0150694	0.00602779	0.0854329	0.218769	0.00993528	0.0157455	0.0211122	0.00345705	0.00795751
136	0.0963156	0.0030435	0.0032191	0.259969	0.0325202	0.00284059	0.0476792	0.00418336	0.0181192	0.0205114	0.00283515	0.0202732	0.00193666	0.111937	0.111474	0.0965579	0.0052121	0.00433823	0.00132862	0.155706
137	0.00374934	0.00432083	0.000522879	0.00479521	0.0175304	0.000450189	0.000816572	0.056854	0.00188722	0.741998	0.113848	0.000665679	0.000297594	0.00953537	0.00137945	0.00423658	0.00532746	0.0292323	0.000637851	0.00191444
138	0.00216173	0.00236261	0.000598863	0.000687192	0.00313612	0.000605828	0.000695129	0.631999	0.000633569	0.0147356	0.000539076	0.000905524	0.00263165	0.000836206	0.00306435	0.00343593	0.00399198	0.326054	0.000273865	0.000651783
139	0.0213383	0.00986206	0.506956	0.0372445	0.00552587	0.0122218	0.0141143	0.011411	0.0329589	0.00578919	0.00442365	0.203805	0.00470673	0.0265007	0.0254116	0.0322193	0.0222685	0.010401	0.00217133	0.0106697
140	0.188494	0.0019941	0.0118955	0.12145	0.00226344	0.0021754	0.00271467	0.0119342	0.161198	0.0033895	0.00191718	0.00302691	0.00140939	0.020757	0.109797	0.00394747	0.306541	0.0421088	0.000986661	0.00200022
141	0.377792	0.376203	0.00372529	0.00446162	0.0164621	0.0124948	0.00469605	0.0074592	0.00754611	0.00814437	0.00444455	0.0052105	0.00264947	0.00581968	0.00457829	0.0832348	0.0376539	0.0311165	0.00199322	0.00431476
142	0.021938	0.0116991	0.026128	0.0365936	0.0241081	0.0154848	0.501866	0.0174691	0.0270137	0.0233627	0.0133084	0.0684134	0.013855	0.0458219	0.0288073	0.0468954	0.0214063	0.0233008	0.00518466	0.0273438
143	0.0960034	0.0170353	0.00335501	0.146428	0.00304536	0.253027	0.0167404	0.00372104	0.0670351	0.0043031	0.00279094	0.00388484	0.00175969	0.0948939	0.0559632	0.216797	0.00465204	0.00408883	0.00140585	0.00306997
144	0.0713101	0.00303714	0.00279937	0.030402	0.00397645	0.00297313	0.0547984	0.0164554	0.00342294	0.362327	0.206163	0.0751365	0.00269469	0.0184667	0.0310325	0.00606521	0.00483151	0.0185243	0.00123183	0.0843522
145	0.0276131	0.0107921	0.0461602	0.020004	0.00591169	0.722508	0.0096107	0.00129001	0.0137571	0.00347767	0.00141858	0.0668203	0.0022339	0.0124094	0.00696613	0.0364333	0.00596895	0.00419687	0.00107385	0.0013538
146	0.00344604	0.000780011	0.000432406	0.0005558	0.0186937	0.000405273	0.00060972	0.498404	0.00198333	0.30419	0.065489	0.00271119	0.00126103	0.000652352	0.000682265	0.000937358	0.00394783	0.0925014	0.000713528	0.00160415
147	0.100037	0.00588685	0.00290717	0.00466832	0.0342262	0.0162338	0.0330012	0.11874	0.0266642	0.0688482	0.0173388	0.0166563	0.00163396	0.111465	0.0429717	0.04486	0.110931	0.156632	0.00308469	0.0832124
148	0.0416159	0.042418	0.00150651	0.00639854	0.0161862	0.00338815	0.00373975	0.209467	0.00312874	0.134751	0.0532728	0.00797087	0.0035527	0.00681407	0.00486302	0.00902118	0.0268563	0.416563	0.00244498	0.0060413
149	0.00992725	0.00330704	0.000896084	0.00148489	0.063176	0.000952001	0.00257755	0.212075	0.00214236	0.476347	0.064319	0.00138001	0.00243565	0.0141616	0.004098	0.00925682	0.0241532	0.0664568	0.0143944	0.0264597
150	0.00391806	0.00480512	0.000442915	0.00512841	0.0142366	0.000527771	0.000902641	0.064108	0.0020748	0.722486	0.120976	0.000620906	0.000443604	0.0104609	0.00160821	0.0045986	0.00584773	0.0345377	0.000399544	0.00187586
151	0.025135	0.008878	0.532591	0.150385	0.00640458	0.0154728	0.015599	0.0117073	0.0210577	0.00875022	0.00458177	0.0796667	0.00582484	0.0263652	0.0145967	0.0369123	0.0161799	0.00879905	0.00237722	0.0087163
152	0.00405221	0.00102855	0.000489117	0.00062101	0.0174138	0.000476562	0.000666719	0.500198	0.00194578	0.292978	0.0681013	0.0034019	0.0014043	0.000667332	0.000701376	0.00100983	0.0039678	0.0984728	0.000689484	0.00171328
153	0.0203167	0.0102731	0.000787403	0.00490363	0.00835528	0.000977257	0.00126762	0.266252	0.00181187	0.106771	0.0469242	0.0035899	0.00288949	0.00169676	0.00599906	0.00388687	0.0211581	0.489155	0.000840447	0.00214509
154	0.0149189	0.00891469	0.0254145	0.0249575	0.00902251	0.0157646	0.355617	0.0373199	0.02824	0.0236935	0.0122636	0.159107	0.0082282	0.125109	0.0229051	0.0558016	0.0254287	0.0224124	0.00410322	0.0207787
155	0.359334	0.0497704	0.00469139	0.0042311	0.00359219	0.142233	0.00666538	0.0095863	0.00320006	0.00644387	0.00887461	0.0206678	0.00278983	0.00968121	0.0039789	0.263905	0.0710619	0.0238678	0.000777868	0.00464795
156	0.0289137	0.0114153	0.0538119	0.116814	0.0169631	0.0224391	0.407342	0.0145724	0.031577	0.0197873	0.0136565	0.0555437	0.0192476	0.0364888	0.0253574	0.0523135	0.0251182	0.0226088	0.00583635	0.0201929
157	0.439095	0.040956	0.0027392	0.00465421	0.00467758	0.0423241	0.00723569	0.0307511	0.00367231	0.00740336	0.0140532	0.0187406	0.00551097	0.00866918	0.00282206	0.214589	0.0843957	0.0546138	0.0008713	0.012226
158	0.216556	0.16947	0.00336316	0.00448714	0.00503804	0.0160038	0.00361571	0.00670625	0.00588261	0.00639541	0.00296902	0.0051077	0.0019523	0.0163257	0.00762993	0.452218	0.0250461	0.046452	0.00147281	0.00330825
159	0.0383727	0.0197065	0.0322524	0.0254568	0.00240453	0.0293878	0.0283531	0.00375503	0.280327	0.0119748	0.00193334	0.155815	0.0460304	0.0286476	0.0896771	0.17799	0.017862	0.00689615	0.00107275	0.00208452
160	0.0349901	0.012647	0.146743	0.16266	0.0118854	0.0381431	0.0446168	0.0116722	0.0513076	0.0203877	0.00849032	0.232372	0.0112051	0.0410654	0.0264481	0.0714601	0.0377248	0.0163947	0.00387982	0.0159064
161	0.0933204	0.0268196	0.00207088	0.0254808	0.0179368	0.00945056	0.00162091	0.114823	0.00879885	0.0307453	0.0294582	0.0357749	0.000807441	0.0207336	0.0175997	0.0466452	0.263406	0.246017	0.00334602	0.00514526
162	0.0705972	0.00260957	0.0969154	0.13006	0.00359323	0.0222442	0.0106446	0.0775954	0.0223251	0.13949	0.0392316	0.0816034	0.00162908	0.0503438	0.0115346	0.0419389	0.0751068	0.110689	0.00947222	0.0023761
163	0.0386858	0.00619341	0.350969	0.273341	0.00532151	0.0167804	0.0260963	0.00468453	0.0391397	0.00981173	0.00682386	0.0710433	0.00876384	0.0488922	0.0192858	0.0403313	0.0184639	0.00707746	0.00111338	0.00718147
164	0.0144682	0.0118044	0.0155848	0.0040773	0.00211419	0.905042	0.00132279	0.00113799	0.00584616	0.00263902	0.00128465	0.0108949	0.000639851	0.00626205	0.0020586	0.0047334	0.00536677	0.00352843	0.000369953	0.000824791
165	0.00418088	0.00131639	0.000422975	0.000531133	0.0257227	0.000392674	0.000678749	0.466168	0.00212529	0.32274	0.0558781	0.00222388	0.00205274	0.000886991	0.000687236	0.00114905	0.00555991	0.103472	0.00128363	0.00252733
166	0.213507	0.0209985	0.0699682	0.0457738	0.00756243	0.162693	0.0334604	0.00201637	0.0240513	0.00476038	0.00282171	0.140586	0.0235247	0.025136	0.0250563	0.150952	0.022707	0.0170325	0.00252648	0.00486637
167	0.00589804	0.00300795	0.0343137	0.16894	0.0204342	0.0229021	0.0191412	0.0183289	0.0350867	0.0373659	0.153251	0.0755959	0.0170956	0.170174	0.136813	0.0364246	0.00719993	0.00486648	0.00134652	0.031815
168	0.00729939	0.00553585	0.00221489	0.00401539	0.473404	0.00463296	0.0159047	0.00736085	0.0025857	0.0926652	0.024913	0.00350692	0.00226726	0.00838983	0.00391552	0.00687375	0.00331573	0.00939709	0.0681443	0.253658
169	0.0432047	0.0166842	0.471227	0.0528546	0.00545771	0.0137399	0.0214213	0.00720724	0.0381852	0.00391614	0.00125474	0.187586	0.00880064	0.0175103	0.012392	0.0680131	0.0067982	0.0118513	0.00316552	0.00872949
170	0.00497465	0.00427562	0.00315973	0.00611891	0.00543964	0.00396315	0.0197879	0.0216904	0.182166	0.0199197	0.0201469	0.0247798	0.00293447	0.0121212	0.619639	0.00885407	0.00816735	0.00991034	0.00149305	0.0204585
171	0.0283412	0.0430649	0.000835689	0.00525389	0.0169297	0.00450634	0.00335663	0.242012	0.00293902	0.328729	0.0711642	0.00586873	0.00484654	0.00587521	0.00322808	0.0063288	0.0190341	0.200374	0.00129197	0.00601949
172	0.00440263	0.00505065	0.000622722	0.000754636	0.773586	0.00186415	0.00964093	0.0024424	0.000656332	0.0296876	0.011003	0.00270788	0.00241918	0.001051	0.00103507	0.00259518	0.000939136	0.00875351	0.0085392	0.132249
173	0.0268312	0.00972638	0.615833	0.023499	0.00395965	0.00294114	0.00755423	0.0169651	0.0291552	0.00417643	0.00236041	0.168484	0.00437489	0.0122625	0.0121459	0.0272844	0.00505764	0.00962131	0.00219567	0.0155714
174	0.00649465	0.00486373	0.00261093	0.00133979	0.402545	0.00354933	0.0126828	0.00485359	0.00200914	0.0226816	0.012183	0.00192866	0.0013756	0.00585416	0.00366748	0.00440182	0.00265811	0.00574407	0.0116155	0.486941
175	0.214586	0.0257901	0.078112	0.0613518	0.0046647	0.125819	0.0224593	0.00246719	0.0330994	0.0038905	0.00134583	0.102086	0.0238271	0.0301354	0.028496	0.185592	0.0288333	0.0208904	0.00190624	0.00464738
176	0.0114969	0.0171967	0.0319486	0.0484029	0.00229008	0.0177525	0.0496456	0.00240888	0.297618	0.00404027	0.00191725	0.189157	0.0318742	0.0505479	0.0548647	0.175257	0.00754751	0.00323211	0.000994508	0.00180743
177	0.0110545	0.00557442	0.107572	0.0684737	0.0965976	0.0296467	0.0433608	0.0814759	0.00612632	0.0705908	0.00585853	0.0386065	0.0864564	0.00968817	0.0382669	0.0132591	0.057091	0.0101472	0.0675174	0.152636
178	0.0712139	0.00570069	0.191709	0.244008	0.00700918	0.0523322	0.0422711	0.00452799	0.0410186	0.0134769	0.0197681	0.0744239	0.0352254	0.0688555	0.026497	0.0619243	0.0213765	0.00730785	0.00405333	0.00730087
179	0.0582025	0.0376934	0.00756785	0.0185502	0.0109304	0.0103874	0.00392067	0.0918581	0.0132732	0.0225521	0.0171366	0.0275123	0.00256801	0.014429	0.0110736	0.0414607	0.370752	0.231498	0.00424858	0.00438513
180	0.00396481	0.00696687	0.000615307	0.00746509	0.0121654	0.000618164	0.00156479	0.0618234	0.00419853	0.697023	0.11866	0.00184681	0.000462083	0.0288781	0.00168658	0.00649875	0.005448	0.0380918	0.000337619	0.00168525
181	0.0156517	0.00802875	0.00982358	0.0118921	0.00387674	0.0502857	0.0888776	0.0103919	0.196205	0.00983952	0.0254544	0.0515714	0.00559892	0.0725468	0.390027	0.0183159	0.0124048	0.00846085	0.00235665	0.00839036
182	0.0040417	0.00505816	0.000538347	0.000649677	0.782208	0.00164229	0.0091626	0.00196382	0.000573716	0.0285006	0.0108679	0.00272445	0.00240852	0.000894269	0.000778457	0.00232323	0.000799694	0.00781272	0.0067662	0.130286
183	0.0132076	0.00786625	0.00235056	0.00626221	0.0788066	0.00188998	0.00350916	0.0719018	0.00363807	0.609036	0.0822553	0.00397916	0.00287409	0.0121191	0.0052706	0.00782838	0.0177454	0.0378305	0.0127606	0.0188686
184	0.00526886	0.0042681	0.00038315	0.00459524	0.0164218	0.000448794	0.000985626	0.0725045	0.0017722	0.721549	0.109221	0.000634982	0.000652387	0.00952506	0.00182558	0.00454883	0.00679344	0.0343309	0.00117525	0.00309481
185	0.167418	0.0327011	0.0161498	0.0149695	0.00401346	0.0340946	0.00748842	0.00560148	0.0100242	0.00668904	0.00704358	0.0144462	0.00734981	0.0484901	0.0159034	0.552786	0.0342798	0.0136469	0.0017561	0.00514798
186	0.0280948	0.0122101	0.0699722	0.0457773	0.0137119	0.0166755	0.0397302	0.0216068	0.0409767	0.0248036	0.0139005	0.306024	0.0183418	0.0814515	0.0289968	0.0604448	0.134883	0.0230311	0.00418539	0.0151819
187	0.0454811	0.0589532	0.00121002	0.00320755	0.00844908	0.0158392	0.00176191	0.308744	0.00236492	0.217826	0.0151785	0.0150565	0.00247245	0.0109218	0.00521226	0.013958	0.0535065	0.208152	0.000948678	0.0107564
188	0.071545	0.0201209	0.0426774	0.0864225	0.00560062	0.0424998	0.061461	0.00833011	0.159711	0.0514737	0.00937797	0.060964	0.0106691	0.0328001	0.202837	0.0611942	0.0353166	0.0247019	0.00632023	0.0059771
189	0.0060356	0.00434083	0.0026349	0.0009138	0.290799	0.00342729	0.0151091	0.00459668	0.00206051	0.0260929	0.0174934	0.00108261	0.000739391	0.00551055	0.00390812	0.00474194	0.0026351	0.00362395	0.0151705	0.589084
190	0.00354355	0.000802555	0.000949224	0.00119419	0.0718957	0.0029616	0.0149621	0.00226292	0.00103719	0.0209018	0.000939753	0.00133518	0.000570401	0.00502769	0.00323112	0.00185729	0.00527554	0.0015382	0.753085	0.106629
191	0.0167801	0.00765864	0.000912551	0.0022713	0.0249718	0.00107236	0.00635376	0.265566	0.00180202	0.352323	0.110971	0.00357883	0.00530142	0.00607461	0.00659699	0.00905776	0.0175219	0.141465	0.00545821	0.0142626
