224	20
1	0.00656976	0.00770739	0.00260075	0.00551141	0.243754	0.00906045	0.0961815	0.041963	0.00610247	0.100221	0.0254863	0.0102728	0.00132155	0.0153225	0.0139061	0.0141207	0.0171451	0.0175863	0.0267664	0.338401
2	0.0475996	0.00341118	0.0810864	0.0602818	0.00830652	0.604493	0.00517981	0.00814072	0.00481412	0.0079665	0.00648234	0.0605334	0.00602362	0.00546976	0.00767713	0.0414735	0.00914451	0.00598062	0.00160766	0.0243281
3	0.0220039	0.0046481	0.0138637	0.00738821	0.00752705	0.0212128	0.0187529	0.0174879	0.128169	0.0254872	0.00624843	0.0247493	0.427192	0.0546398	0.0610701	0.0962301	0.0401993	0.017243	0.00153716	0.00434957
4	0.0433424	0.00379847	0.000401414	0.00170396	0.0225851	0.000739476	0.00109122	0.366938	0.00054936	0.169673	0.0652606	0.00458925	0.00129387	0.000721783	0.00508494	0.00854767	0.0281286	0.271845	0.000687502	0.0030186
5	0.00430257	0.00179313	0.00216932	0.00273461	0.358385	0.013184	0.0277767	0.0507986	0.00265112	0.128247	0.0354136	0.0081336	0.00107867	0.0100599	0.0058517	0.0184934	0.00836486	0.026595	0.0666588	0.227309
6	0.114292	0.0231488	0.0037225	0.0320134	0.0461114	0.0181944	0.0387147	0.0912519	0.0131454	0.138049	0.0661466	0.0410649	0.00152662	0.03853	0.0160518	0.0980154	0.0968777	0.101121	0.00330677	0.0187157
7	0.0369955	0.00677641	0.000678935	0.00434442	0.0167669	0.000742563	0.00447681	0.338263	0.00122293	0.161415	0.0361158	0.0036214	0.00126263	0.000992782	0.0055624	0.00537141	0.0236122	0.345673	0.00362258	0.00248333
8	0.039103	0.0279075	0.0119472	0.00715227	0.126358	0.0309215	0.074226	0.0358508	0.0036236	0.0420195	0.0539015	0.0502381	0.00182126	0.00968271	0.00950785	0.194358	0.0410982	0.0656866	0.0263764	0.14822
9	0.0330482	0.00518556	0.000641814	0.00319392	0.0192312	0.00074756	0.00276396	0.347406	0.000845156	0.182765	0.0353354	0.00431322	0.00165416	0.000954113	0.0047377	0.00502032	0.0229468	0.324774	0.00196161	0.0024741
10	0.355986	0.0455666	0.00091522	0.00188685	0.0246961	0.0665368	0.0146329	0.0215399	0.00454438	0.0221282	0.00373034	0.0311151	0.00403051	0.00506899	0.00273743	0.292818	0.0718231	0.0190147	0.00195626	0.00927294
11	0.0242655	0.00166638	0.588512	0.10704	0.00185173	0.0277923	0.00486277	0.00374047	0.0185033	0.00568567	0.00503911	0.0652234	0.000711781	0.0206165	0.0103712	0.0656267	0.0375745	0.00272007	0.000525848	0.00767071
12	0.0223523	0.00136543	0.0111495	0.00191133	0.00617517	0.00746452	0.00411172	0.0229179	0.0311757	0.010172	0.00242165	0.00528679	0.702141	0.0405249	0.0262897	0.0542745	0.0299603	0.018139	0.000688999	0.00147781
13	0.0789154	0.00115828	0.161905	0.281005	0.00136285	0.034112	0.030229	0.00206905	0.0583902	0.0126547	0.0119907	0.0403485	0.102469	0.0416225	0.0153173	0.0629571	0.0245174	0.0260748	0.000570265	0.0123309
14	0.0882126	0.0198034	0.0617938	0.0705104	0.016573	0.0134213	0.00887611	0.0428427	0.0080854	0.272514	0.128979	0.0127919	0.00470704	0.0259199	0.00899226	0.032067	0.104339	0.0705014	0.00261149	0.00645853
15	0.0439136	0.00377968	0.000405719	0.00166971	0.0225818	0.000679293	0.00107307	0.365997	0.000544025	0.170187	0.0648684	0.00450456	0.00124781	0.000718353	0.00508809	0.00857853	0.0284827	0.271979	0.000667902	0.00303368
16	0.295097	0.00792673	0.0119562	0.152257	0.00915622	0.0154711	0.0120591	0.0170847	0.0144173	0.0203494	0.0447885	0.0446458	0.00596721	0.112096	0.0748005	0.113375	0.0206301	0.0161113	0.0034614	0.00835091
17	0.0402072	0.0132199	0.040636	0.201417	0.00421541	0.0195624	0.002966	0.0186076	0.220571	0.0141448	0.0260207	0.0447799	0.00150193	0.123298	0.0881046	0.0421796	0.0724749	0.0224548	0.00115393	0.00248365
18	0.0371635	0.00937995	0.000873928	0.0059056	0.0137145	0.000967613	0.00656342	0.315926	0.00223281	0.150878	0.0303648	0.00333055	0.00110842	0.00151689	0.0063982	0.00551762	0.0243805	0.376251	0.00510091	0.00242507
19	0.00583438	0.00575439	0.00115147	0.00244728	0.130703	0.00204577	0.00186599	0.123868	0.00149019	0.452535	0.109531	0.00206381	0.00474414	0.0113836	0.0165248	0.0074637	0.0078841	0.0665357	0.00571485	0.0404579
20	0.0516568	0.00448458	0.0930265	0.196422	0.00438968	0.0268264	0.0157834	0.0108548	0.165735	0.0150629	0.0152186	0.0495665	0.00448715	0.121226	0.104382	0.0547223	0.040585	0.0195205	0.00112793	0.00492163
21	0.0654199	0.0150667	0.0080889	0.0379684	0.0264422	0.00845163	0.0951119	0.0623648	0.0244358	0.0966847	0.0393857	0.157314	0.00747492	0.0708067	0.0148058	0.0886677	0.0920386	0.0587843	0.00403231	0.0266546
22	0.0359498	0.000722511	0.247894	0.374575	0.00283644	0.0238822	0.0258686	0.00398107	0.0433657	0.00545787	0.00517533	0.0446465	0.00764111	0.0822858	0.0171743	0.0344638	0.0267959	0.00632055	0.000313657	0.01065
23	0.146657	0.00855486	0.0320269	0.0246812	0.00475093	0.538547	0.00685806	0.0152395	0.00691675	0.0108995	0.00830484	0.0113326	0.0240736	0.00985204	0.00580769	0.11206	0.0162701	0.00782021	0.00138794	0.00795901
24	0.0331341	0.00824158	0.00779154	0.0219904	0.00799676	0.0104965	0.036641	0.0228735	0.325737	0.0401566	0.00664239	0.0366198	0.0275728	0.10015	0.221299	0.0390708	0.0147743	0.0240243	0.00407157	0.0107163
25	0.0178827	0.0254161	0.00324132	0.0088284	0.141835	0.00425885	0.151769	0.0163282	0.0160864	0.040543	0.00976283	0.00859477	0.00223217	0.00929831	0.027689	0.00863521	0.0511501	0.00734137	0.0157322	0.433376
26	0.0318442	0.00307376	0.011534	0.00310521	0.00690159	0.0101608	0.00458204	0.022991	0.029449	0.0113962	0.00381712	0.00579154	0.674687	0.0400226	0.0256129	0.0616056	0.0322884	0.0185075	0.00076321	0.001866
27	0.0496118	0.0248831	0.00552641	0.0533763	0.0362696	0.00978849	0.0767484	0.0902386	0.0203229	0.164358	0.0581487	0.0554618	0.00126108	0.0654987	0.0281676	0.0718347	0.0624959	0.0983029	0.00612365	0.0215813
28	0.0244017	0.0144294	0.00743447	0.0194054	0.0167503	0.0139881	0.052557	0.0395906	0.133723	0.042805	0.0266903	0.0260778	0.00493368	0.0570769	0.38281	0.0393154	0.0303669	0.0276711	0.00672563	0.0332473
29	0.00676099	0.0100102	0.00690174	0.0117616	0.143123	0.00519858	0.173115	0.0303095	0.0138316	0.0680076	0.0183477	0.0183651	0.00121297	0.0342055	0.0309691	0.0144684	0.018305	0.0105923	0.0211996	0.363315
30	0.043644	0.0123779	0.00879966	0.0212623	0.0127616	0.0133749	0.031262	0.0264326	0.151229	0.0856812	0.0550564	0.0663367	0.00661647	0.0497454	0.287729	0.033611	0.0285166	0.0375102	0.00463093	0.0234218
31	0.0299771	0.00507627	0.0541286	0.207907	0.00148244	0.0176404	0.00217731	0.0123079	0.224841	0.0153397	0.021817	0.0557115	0.000897583	0.133306	0.0922139	0.0407692	0.0543736	0.0276061	0.000683942	0.00174378
32	0.0250736	0.0313339	0.0175771	0.0258392	0.0220144	0.0057175	0.0269181	0.073141	0.163097	0.219008	0.106879	0.00909012	0.00300196	0.0987855	0.0737245	0.0282768	0.0386248	0.0105085	0.0025207	0.018868
33	0.0272289	0.0158013	0.00310371	0.0250139	0.0114414	0.00777714	0.046849	0.0228514	0.215522	0.0487441	0.0220955	0.0432579	0.00650503	0.0668447	0.310904	0.0325476	0.0329474	0.0212706	0.00328889	0.0360049
34	0.0247833	0.00273896	0.141701	0.0303482	0.00296739	0.124003	0.0485671	0.0260751	0.111577	0.0212088	0.00875031	0.209295	0.00170911	0.0762115	0.0349551	0.0417419	0.0308474	0.0432766	0.00113348	0.0181094
35	0.0233046	0.00345666	0.129059	0.121198	0.00316151	0.0569525	0.0232374	0.025018	0.114449	0.033395	0.0177469	0.182954	0.00258737	0.0857576	0.0331089	0.0467489	0.0504618	0.0344893	0.0013491	0.0115645
36	0.012487	0.00199065	0.12204	0.0849895	0.00250973	0.603033	0.00347593	0.00418126	0.00464988	0.00483179	0.0043871	0.0840502	0.00250638	0.00558748	0.00406337	0.0279002	0.00579095	0.00449675	0.00119752	0.0158317
37	0.0760165	0.00116297	0.144041	0.309946	0.00156956	0.0332154	0.0303119	0.00219425	0.0607458	0.012592	0.0118818	0.0364894	0.114407	0.0394521	0.0126412	0.0564829	0.0213582	0.0240527	0.000563133	0.0108761
38	0.035981	0.000608962	0.177022	0.436647	0.00351143	0.023568	0.0301416	0.00419113	0.0463306	0.00461448	0.00416454	0.0421793	0.000655541	0.102499	0.0189072	0.0271221	0.0272698	0.00494352	0.000266307	0.00937641
39	0.0349675	0.0127589	0.0139521	0.0196235	0.0743445	0.0173852	0.023937	0.0921468	0.0203982	0.0587829	0.027124	0.0204945	0.00685617	0.0239661	0.026983	0.0359689	0.0300501	0.0490097	0.3632	0.0480508
40	0.00386289	0.00475106	0.0207137	0.0217552	0.0630539	0.00269792	0.253418	0.0181846	0.0378933	0.0597282	0.0114205	0.0274286	0.00116816	0.100659	0.0588099	0.0248253	0.00985193	0.00629031	0.0124293	0.261058
41	0.271601	0.0360525	0.00233906	0.0128431	0.014716	0.00901326	0.00244989	0.0838707	0.0121613	0.0727027	0.0422457	0.00305037	0.0131996	0.0157719	0.00401683	0.103846	0.121968	0.172272	0.000555025	0.0053244
42	0.0126575	0.00767281	0.00192713	0.00367737	0.10212	0.00384067	0.00151023	0.113943	0.000913574	0.476398	0.119976	0.00370425	0.00568069	0.00774417	0.00720058	0.015756	0.0278426	0.0696454	0.00222199	0.0155687
43	0.0927845	0.00763848	0.146189	0.0551291	0.00599892	0.123102	0.0169868	0.0134661	0.0919041	0.028742	0.0113549	0.0992653	0.00183968	0.0697663	0.0539102	0.1278	0.0305029	0.0194687	0.000688199	0.00346301
44	0.0225005	0.00583194	0.0260964	0.00935713	0.00822198	0.0134703	0.0156002	0.0145719	0.232124	0.0184907	0.00824188	0.0341876	0.211066	0.14872	0.0876978	0.0826009	0.0357047	0.0167999	0.0026478	0.00606855
45	0.0325498	0.00760961	0.00525594	0.0249555	0.00837562	0.00971701	0.0422218	0.0271219	0.299482	0.0511965	0.00838994	0.0392353	0.0158865	0.103614	0.233975	0.0322404	0.0155975	0.0238024	0.00563972	0.0131335
46	0.0186418	0.00892266	0.00272463	0.0045624	0.0679912	0.00587242	0.00183247	0.117258	0.00101155	0.440286	0.150673	0.00757891	0.00401474	0.00749704	0.00336892	0.0216834	0.0447095	0.0838976	0.00112122	0.00635278
47	0.0187064	0.00908776	0.00269441	0.00456097	0.0684158	0.00542345	0.00202664	0.114319	0.000945049	0.448797	0.148433	0.00639145	0.004281	0.00764092	0.00334175	0.0205304	0.0450236	0.0818039	0.00115447	0.00642266
48	0.0205267	0.0222814	0.00338456	0.0161474	0.0174067	0.00723339	0.0446456	0.0219708	0.161997	0.0374872	0.0382698	0.0283029	0.00552132	0.0557708	0.365942	0.0468334	0.0327515	0.0297858	0.00269356	0.0410482
49	0.0152042	0.00649449	0.00321511	0.00608379	0.0896885	0.00483196	0.00651329	0.10989	0.0115666	0.377367	0.105793	0.00645928	0.0470383	0.013843	0.0380756	0.0154253	0.0166433	0.0775563	0.00541982	0.0428903
50	0.0364031	0.00611569	0.0128085	0.0178714	0.00974707	0.0158172	0.0349122	0.0175191	0.311821	0.0312435	0.00550608	0.0411218	0.0255447	0.108881	0.22174	0.0506156	0.013402	0.0263198	0.00360814	0.00900214
51	0.0749187	0.00169859	0.172235	0.273111	0.00213337	0.0382867	0.031045	0.00437961	0.060257	0.0116002	0.0124729	0.04892	0.0666221	0.0558778	0.0198099	0.059752	0.0277533	0.0249698	0.00066025	0.0134968
52	0.269957	0.0341433	0.00220387	0.0145487	0.0256681	0.0103747	0.00330241	0.062663	0.00660488	0.0870647	0.0554346	0.00615307	0.0105152	0.0199746	0.00287668	0.106872	0.128027	0.145791	0.000573418	0.00725257
53	0.00708605	0.00690031	0.00129706	0.00271713	0.135146	0.00255992	0.00171002	0.124037	0.00122451	0.453751	0.107196	0.00220513	0.00439426	0.0107636	0.0130468	0.00910769	0.0109301	0.0669681	0.0046825	0.0342767
54	0.00602736	0.00274034	0.0874117	0.0766782	0.00364603	0.0146519	0.145148	0.00511767	0.0038668	0.00556435	0.0250993	0.446719	0.00186723	0.0260318	0.0153626	0.0878856	0.00625047	0.00497501	0.00142091	0.0335354
55	0.0951828	0.00895812	0.153739	0.0780524	0.00633143	0.0996585	0.0141389	0.0098664	0.0920993	0.0284955	0.01335	0.081651	0.00239352	0.0749956	0.0557298	0.130795	0.0359933	0.0156897	0.00063125	0.00224796
56	0.167289	0.0419266	0.00314637	0.0129572	0.012292	0.0108596	0.00977946	0.15238	0.0142313	0.0844354	0.027671	0.00798125	0.00690803	0.0135451	0.0131251	0.0701323	0.0940798	0.24554	0.00549212	0.00622858
57	0.164996	0.0211983	0.0112928	0.0061471	0.00576906	0.064293	0.00348741	0.133614	0.00741112	0.0503909	0.0187391	0.012605	0.00529892	0.00749813	0.0129939	0.184013	0.108581	0.176552	0.00121158	0.00390678
58	0.103821	0.0105393	0.179864	0.0691145	0.0108708	0.0808359	0.0148407	0.00781475	0.0749853	0.0147488	0.0102151	0.0680634	0.00121769	0.0454033	0.0565499	0.159006	0.0739809	0.0145252	0.000815508	0.00278784
59	0.0382166	0.000994141	0.399004	0.21659	0.00161612	0.0265103	0.0150507	0.00389313	0.0411066	0.00714272	0.00679418	0.0550482	0.0231861	0.0423081	0.0181268	0.0581136	0.0261712	0.00895998	0.00041764	0.0107503
60	0.0122928	0.00718785	0.00197618	0.00356972	0.141197	0.00317049	0.00206385	0.109413	0.00136706	0.475959	0.0975813	0.00309465	0.00446567	0.0089086	0.00901282	0.0120381	0.0177349	0.0630354	0.00334758	0.0225843
61	0.0439136	0.00377968	0.000405719	0.00166971	0.0225818	0.000679293	0.00107307	0.365997	0.000544025	0.170187	0.0648684	0.00450456	0.00124781	0.000718353	0.00508809	0.00857853	0.0284827	0.271979	0.000667902	0.00303368
62	0.0502891	0.0237845	0.00491796	0.0589235	0.0360835	0.00962794	0.0814867	0.0817536	0.0200014	0.173284	0.0565691	0.0530595	0.00151587	0.0706662	0.0277145	0.0691962	0.0613493	0.0902584	0.00690048	0.0226178
63	0.00852437	0.00667431	0.00136647	0.00303796	0.131563	0.00278517	0.0017758	0.116879	0.00104036	0.476263	0.102323	0.0024445	0.00462366	0.00924226	0.0107762	0.0110166	0.0148814	0.0632813	0.00387711	0.0276244
64	0.0092637	0.00738915	0.00568719	0.00488297	0.247324	0.0238362	0.0618751	0.0500588	0.00496112	0.0898225	0.0458243	0.0288673	0.00121091	0.0209575	0.0164538	0.0546322	0.018019	0.0383525	0.0315454	0.239036
65	0.0310914	0.0103174	0.00340319	0.0259757	0.0102333	0.00868514	0.0436368	0.0226996	0.253012	0.0475594	0.0157896	0.0446975	0.00862259	0.0790406	0.28935	0.0300751	0.0227286	0.0202093	0.00388286	0.02899
66	0.00491242	0.00217338	0.00212976	0.00293838	0.335897	0.0117145	0.0289902	0.0487145	0.00292933	0.126281	0.0333031	0.00795761	0.00121741	0.00978258	0.0058871	0.0169577	0.00815896	0.0233752	0.100046	0.226634
67	0.289909	0.0338107	0.00125109	0.00183372	0.0127151	0.106542	0.007865	0.0298448	0.00548432	0.0207034	0.00675907	0.0241466	0.0079134	0.00777832	0.00656273	0.308232	0.0893487	0.0294369	0.00405803	0.00580448
68	0.0229686	0.00951557	0.00322173	0.00534282	0.0646125	0.0068166	0.00220851	0.115589	0.00100767	0.435222	0.147648	0.00735892	0.00386109	0.00817571	0.00217944	0.0230406	0.0532943	0.0839445	0.000694186	0.00329828
69	0.0417585	0.000844197	0.198901	0.389838	0.00327941	0.0255406	0.027945	0.0041496	0.0493899	0.00581746	0.00574458	0.0430089	0.0147055	0.0868124	0.0198118	0.0375489	0.0268967	0.00789564	0.00036988	0.00974182
70	0.24179	0.0253706	0.00368547	0.0032647	0.00880698	0.106253	0.00518088	0.0592142	0.00531164	0.0289861	0.0138032	0.0225457	0.00743181	0.00831624	0.00942957	0.274695	0.0991717	0.0699956	0.00257385	0.00417353
71	0.0492162	0.0046637	0.000455169	0.00235828	0.0217501	0.00101273	0.00143097	0.356833	0.00178255	0.168179	0.0622557	0.005097	0.00147718	0.0011558	0.00546936	0.0104701	0.0309007	0.27154	0.000880065	0.00307265
72	0.318864	0.0427056	0.000902861	0.00162097	0.0169504	0.0961777	0.0106758	0.0233531	0.00507068	0.0212495	0.00490318	0.0270591	0.00672342	0.0061175	0.00461064	0.300198	0.0790102	0.0240652	0.00263315	0.00710903
73	0.0882722	0.0493236	0.00715753	0.0231143	0.0457804	0.0134816	0.0424958	0.0152657	0.00627662	0.0330525	0.0190768	0.0353482	0.00356307	0.00833169	0.0235382	0.234205	0.172066	0.0385142	0.0242281	0.116909
74	0.0437518	0.00384153	0.000441849	0.00172873	0.0235918	0.000759761	0.00107073	0.365084	0.000627725	0.170609	0.0647964	0.00445624	0.00125477	0.000801115	0.00518755	0.00862705	0.0285355	0.271145	0.000680216	0.00300907
75	0.20363	0.0302455	0.00212709	0.00975258	0.0312679	0.00736745	0.00233146	0.0783346	0.00481442	0.187842	0.0708397	0.00392956	0.0114244	0.0176314	0.00256132	0.0792465	0.107931	0.143162	0.000626415	0.00493524
76	0.00380412	0.00148294	0.00198956	0.0025011	0.351734	0.0129841	0.0315031	0.0549045	0.00230125	0.138788	0.0373134	0.00773861	0.000942809	0.0101631	0.0050043	0.0184611	0.00826203	0.0250995	0.039847	0.245175
77	0.00961829	0.00199299	0.116252	0.0844658	0.00246404	0.622027	0.00296606	0.00382276	0.00320252	0.00478246	0.00403728	0.0855293	0.00170383	0.00404416	0.00337122	0.0247112	0.00473063	0.00399767	0.00113561	0.0151454
78	0.0838813	0.0352124	0.00427833	0.0521594	0.0228645	0.00675972	0.0115161	0.0391022	0.270386	0.0137528	0.0404578	0.0243317	0.00344713	0.0362993	0.100741	0.112183	0.129402	0.00706985	0.0017423	0.00441228
79	0.0205048	0.00320154	0.0279563	0.0115158	0.00999922	0.0355912	0.0150789	0.00641882	0.151285	0.0163258	0.00982853	0.0154633	0.00645055	0.0648664	0.526422	0.0461438	0.013877	0.0113037	0.00471957	0.00304687
80	0.00928968	0.00687939	0.0013673	0.00300308	0.1197	0.00287846	0.00154143	0.120107	0.00100878	0.480365	0.106759	0.00257011	0.00467191	0.00883909	0.00992431	0.011249	0.0170125	0.0654995	0.00356126	0.0237733
81	0.0131643	0.00198902	0.115315	0.0832653	0.00250125	0.612206	0.00356301	0.00427685	0.0053779	0.00499517	0.00410874	0.0849183	0.00219631	0.00593576	0.00382581	0.0263992	0.00545007	0.00444771	0.00111489	0.0149492
82	0.202539	0.0818653	0.00331815	0.0173612	0.0468453	0.0285743	0.00942974	0.0539175	0.00930115	0.113898	0.0518616	0.0146136	0.00532994	0.0161255	0.00606456	0.140409	0.102582	0.0724411	0.00182506	0.0216984
83	0.00597815	0.0053446	0.00116354	0.00239389	0.125334	0.00189228	0.00184894	0.123527	0.00144766	0.459177	0.110264	0.00208023	0.00498494	0.0108821	0.0168165	0.00766442	0.00866385	0.0659187	0.00564104	0.0389769
84	0.0360122	0.00071958	0.174752	0.431255	0.00341517	0.0237519	0.0294074	0.00430806	0.0495909	0.00497632	0.00443215	0.0436563	0.00065122	0.103371	0.0197581	0.027729	0.0274916	0.00530093	0.000264764	0.00915557
85	0.0055559	0.00356286	0.00221477	0.00277914	0.303568	0.0164246	0.0274703	0.075028	0.00211114	0.188404	0.0562378	0.00905949	0.00169568	0.0108006	0.00757097	0.0254673	0.0118097	0.0418782	0.0282548	0.180107
86	0.0588883	0.0264425	0.00294137	0.0253074	0.0203905	0.0109805	0.0441923	0.171589	0.0311466	0.145225	0.028325	0.028918	0.00194423	0.0350554	0.0339847	0.0362375	0.0772118	0.191387	0.00914707	0.0206853
87	0.0863707	0.00621687	0.165509	0.0699998	0.00984734	0.0662106	0.0291748	0.00952646	0.105891	0.0131242	0.0152218	0.0562776	0.00122473	0.0651227	0.0819975	0.154836	0.0514767	0.00939089	0.000669737	0.0019118
88	0.356694	0.0456218	0.000925132	0.00187984	0.0247219	0.0663992	0.0146992	0.0213946	0.00454854	0.0220403	0.00373361	0.0312908	0.00401408	0.0050879	0.00273937	0.29255	0.0713902	0.0190782	0.00196998	0.00922136
89	0.0347147	0.00397448	0.000509612	0.00201068	0.0234885	0.000606893	0.00127777	0.362472	0.000678114	0.197611	0.0438441	0.00546997	0.00204846	0.00081804	0.00471323	0.00569603	0.0256024	0.280731	0.000993329	0.00273927
90	0.0987075	0.0168112	0.00707404	0.0516315	0.0500186	0.0300664	0.0584083	0.0497261	0.0147049	0.131435	0.0929408	0.047817	0.00364559	0.0678088	0.0180258	0.0937254	0.0455894	0.0708894	0.0319144	0.0190597
91	0.0242546	0.00211314	0.404311	0.119267	0.00205884	0.0443306	0.0126304	0.013711	0.067993	0.012515	0.0081361	0.100248	0.00105076	0.052065	0.0289055	0.0539516	0.0302249	0.0135403	0.000666497	0.00802661
92	0.0239187	0.0029988	0.135026	0.0382283	0.00331251	0.0979718	0.0506135	0.0338314	0.106705	0.0175345	0.00985199	0.207124	0.00207433	0.0724236	0.0360008	0.0317829	0.050756	0.0523702	0.00117317	0.0263031
93	0.0439136	0.00377968	0.000405719	0.00166971	0.0225818	0.000679293	0.00107307	0.365997	0.000544025	0.170187	0.0648684	0.00450456	0.00124781	0.000718353	0.00508809	0.00857853	0.0284827	0.271979	0.000667902	0.00303368
94	0.00783309	0.00549325	0.00389121	0.00251565	0.296121	0.023363	0.0485817	0.0575403	0.00226622	0.105051	0.0480563	0.0178857	0.000984741	0.0128851	0.00691106	0.0524434	0.0167559	0.0430883	0.0283951	0.219938
95	0.0638875	0.0519732	0.00704539	0.033201	0.135693	0.00945825	0.0600466	0.0491818	0.0573415	0.179302	0.0375853	0.0106557	0.0273255	0.0161144	0.0139987	0.045164	0.0213629	0.0150757	0.00480745	0.16078
96	0.037959	0.0093865	0.00151308	0.00848385	0.0133309	0.00125602	0.0072751	0.312789	0.00363161	0.14529	0.0296948	0.00375232	0.00112115	0.00237803	0.0073363	0.00612316	0.0258277	0.375114	0.00510007	0.00263662
97	0.0171312	0.000867748	0.616803	0.109149	0.00115636	0.0258963	0.00511441	0.00382586	0.0170438	0.00583764	0.00524093	0.0657405	0.000638717	0.02241	0.0093889	0.0596946	0.0250042	0.00179991	0.000473688	0.00678367
98	0.0296385	0.00516539	0.0524609	0.205782	0.00145229	0.0177498	0.00195638	0.0122422	0.227089	0.015564	0.0219299	0.0557754	0.000897714	0.133727	0.0929014	0.0411456	0.0549457	0.0272807	0.000686796	0.00160896
99	0.0323415	0.00935737	0.00354566	0.0258813	0.00949582	0.00950539	0.041881	0.0232245	0.258188	0.0475872	0.0145952	0.0444569	0.00903542	0.0798523	0.288071	0.0303813	0.0212443	0.0203912	0.00407116	0.0268935
100	0.0842634	0.00615854	0.161107	0.0754793	0.00950984	0.0633606	0.0290007	0.00985257	0.109827	0.0127557	0.0155535	0.055214	0.00120052	0.0667475	0.0837986	0.151559	0.0524092	0.00965935	0.000659816	0.00188318
101	0.0759237	0.0124403	0.0613327	0.0463111	0.0108882	0.104446	0.0112656	0.0461785	0.0119903	0.0806713	0.111184	0.0135471	0.0600918	0.100296	0.0142924	0.119099	0.0283001	0.0792964	0.0041125	0.00833406
102	0.0797794	0.00132803	0.160138	0.27673	0.00139272	0.0368202	0.0307136	0.00224222	0.0576008	0.0141077	0.0130925	0.040171	0.101623	0.0412867	0.0156153	0.0635429	0.0247975	0.0259029	0.000593935	0.0125214
103	0.00435174	0.00227812	0.00181182	0.00250663	0.329213	0.0125867	0.0359327	0.0605632	0.00254266	0.158865	0.0396165	0.00717363	0.00121907	0.0106205	0.00561294	0.0180815	0.00949782	0.0282986	0.0348603	0.234368
104	0.0127363	0.00747194	0.00182934	0.00343996	0.105994	0.00376075	0.00175971	0.126725	0.00108056	0.458627	0.112898	0.00355049	0.00450963	0.00856238	0.00857552	0.0135068	0.0233012	0.0779874	0.00312649	0.020558
105	0.065303	0.0422516	0.0172322	0.0945515	0.0106817	0.0486745	0.0439963	0.0176178	0.0215358	0.0238123	0.0513715	0.0176892	0.0756241	0.0553723	0.0702356	0.165195	0.144941	0.0200825	0.00439816	0.00943419
106	0.00390269	0.00480221	0.0209033	0.0212099	0.064791	0.00264786	0.255786	0.017657	0.0361334	0.0584405	0.0111052	0.0272468	0.00116613	0.0981716	0.0586617	0.0238483	0.0103331	0.0061684	0.0122283	0.264796
107	0.00585575	0.00551623	0.00125532	0.00241626	0.126575	0.00203581	0.00195851	0.123439	0.00154573	0.453632	0.111312	0.00215027	0.00481566	0.011629	0.0166795	0.00775668	0.00835555	0.066494	0.00661467	0.0399638
108	0.00692826	0.00538952	0.00109531	0.00238698	0.120798	0.00187723	0.00186402	0.132144	0.00139696	0.451043	0.108202	0.00225726	0.00489152	0.0103904	0.0164961	0.00772456	0.00908125	0.0730715	0.00538648	0.0375762
109	0.244876	0.0161668	0.0030703	0.02906	0.0354064	0.0217469	0.0140637	0.0623914	0.0204967	0.115725	0.0514623	0.0205142	0.00333411	0.0209095	0.0128342	0.149006	0.0928949	0.0747008	0.00182839	0.00951313
110	0.0375287	0.000762481	0.181368	0.42668	0.00439863	0.0236635	0.0293174	0.0042166	0.0452923	0.00495545	0.0053785	0.041639	0.00357037	0.100507	0.0184589	0.0290933	0.0278623	0.00576495	0.000282215	0.00926099
111	0.0492972	0.00464818	0.000472163	0.00237201	0.0206697	0.00088936	0.00141905	0.356894	0.00208252	0.168333	0.0582265	0.0045431	0.0014906	0.000973451	0.00524018	0.00963364	0.0296952	0.27924	0.00101584	0.00286419
112	0.0529579	0.0307589	0.00208045	0.021962	0.0184007	0.00562896	0.0373845	0.181192	0.0275199	0.137472	0.0251985	0.0304446	0.00102663	0.0247055	0.0309419	0.034888	0.0944489	0.215876	0.00959935	0.017513
113	0.183886	0.0174206	0.00775512	0.00330673	0.00345484	0.101597	0.00314267	0.0983548	0.00540822	0.0356142	0.0124621	0.0185294	0.0061802	0.00737547	0.0159738	0.24412	0.103978	0.12669	0.00201844	0.00273113
114	0.18496	0.0324549	0.00352603	0.0110362	0.0301579	0.034089	0.0512295	0.041084	0.00945631	0.0391269	0.0137165	0.132457	0.00766392	0.0337053	0.00657137	0.205922	0.109879	0.0314312	0.00314047	0.0183927
115	0.0440083	0.00379762	0.000406461	0.00166838	0.0225018	0.00072627	0.00107942	0.365419	0.000540529	0.170299	0.0649013	0.00450617	0.00124815	0.000741869	0.00506789	0.00860981	0.0287796	0.272013	0.000666634	0.0030189
116	0.279816	0.0383854	0.00203749	0.0112344	0.0163694	0.00771396	0.00201469	0.067711	0.00604279	0.0740788	0.047445	0.00230818	0.0133405	0.0185572	0.00222741	0.104755	0.136847	0.163384	0.000491517	0.00523978
117	0.0223437	0.00083778	0.518228	0.183198	0.00155506	0.024586	0.0101895	0.00351585	0.0226455	0.00543824	0.00495078	0.0612779	0.00076821	0.0379187	0.0109352	0.0544738	0.0264617	0.00258261	0.000430599	0.00766337
118	0.0125729	0.00757605	0.00180565	0.00330109	0.0994852	0.00388315	0.00162411	0.121345	0.00100556	0.457147	0.128314	0.00408829	0.00446314	0.00852134	0.00784811	0.0145272	0.0268954	0.075152	0.00269805	0.0177461
119	0.00831104	0.00647477	0.00128798	0.00276471	0.125998	0.00275974	0.00168112	0.117191	0.00105721	0.471973	0.109586	0.00242442	0.00460263	0.0103122	0.0110288	0.0104639	0.0150538	0.0654503	0.00422611	0.0273533
120	0.0259116	0.00991236	0.0034235	0.0055557	0.0575865	0.00913083	0.00230499	0.12258	0.00118967	0.406577	0.153842	0.00835442	0.00342789	0.00953354	0.00161076	0.0255658	0.0575199	0.0940881	0.000361014	0.00152473
121	0.184606	0.00398139	0.0266945	0.0152157	0.00352988	0.580131	0.00502863	0.0137865	0.00480162	0.00681638	0.00503892	0.00991787	0.0168698	0.00608903	0.00463646	0.0809018	0.0177056	0.00617646	0.00137957	0.00669348
122	0.187324	0.00412165	0.0259752	0.01584	0.00346607	0.57666	0.00513063	0.0137229	0.00476193	0.00685795	0.00475897	0.0104056	0.0166772	0.00596434	0.0045228	0.082654	0.0172947	0.00600086	0.00124308	0.00661827
123	0.157303	0.0220253	0.00706623	0.0107712	0.0157362	0.0430279	0.00610506	0.130685	0.0076096	0.0851556	0.0452278	0.0131591	0.00509459	0.0115048	0.0103952	0.136917	0.109487	0.175466	0.00151064	0.00575339
124	0.025221	0.000835186	0.481736	0.197249	0.00171456	0.0250478	0.0133809	0.00392331	0.0262877	0.00608772	0.00570398	0.061736	0.00619964	0.0407967	0.0119962	0.0536032	0.0254993	0.00432568	0.000430828	0.00822478
125	0.20996	0.0291179	0.00471276	0.00963868	0.0109881	0.026506	0.00435258	0.115664	0.0096282	0.0665566	0.0309396	0.00719444	0.00812649	0.0117741	0.00848991	0.123667	0.129241	0.187055	0.00164837	0.00474084
126	0.354837	0.0391014	0.00156789	0.00462139	0.0206511	0.0637826	0.0111519	0.0277992	0.00557716	0.0275917	0.00978983	0.0244105	0.00533716	0.00840206	0.00431774	0.265296	0.0756792	0.0401836	0.00191012	0.00799236
127	0.0458812	0.0120766	0.0081886	0.0200847	0.0417489	0.0102206	0.095796	0.0366743	0.0156484	0.0399937	0.0206695	0.19694	0.0269422	0.0750851	0.0128549	0.106392	0.12154	0.0662521	0.0043678	0.0426434
128	0.335892	0.0455955	0.00132162	0.00297273	0.0248554	0.0625096	0.0133503	0.0250003	0.00438893	0.02633	0.00646899	0.0284746	0.00458973	0.00610589	0.00317622	0.281326	0.0888352	0.0261558	0.00216633	0.0104852
129	0.0227889	0.0101543	0.00319479	0.00507423	0.0541601	0.00708176	0.00226016	0.117326	0.00106345	0.41651	0.163947	0.00836229	0.00354466	0.0081705	0.0014809	0.0252133	0.0569806	0.0906203	0.0004681	0.00159818
130	0.130376	0.0521332	0.027288	0.0353791	0.0125241	0.0243657	0.00673192	0.0378554	0.00689315	0.157487	0.115961	0.00927177	0.00771841	0.0648184	0.00730697	0.0689905	0.166194	0.0600609	0.00203371	0.00661124
131	0.0058676	0.00231225	0.00224781	0.00315159	0.345205	0.0130645	0.0269764	0.0498629	0.00344061	0.122204	0.0340144	0.00817199	0.00130292	0.0101637	0.00645092	0.0182809	0.00854	0.0260502	0.099441	0.213251
132	0.27937	0.0385835	0.00205203	0.0112789	0.0165094	0.0077598	0.00201292	0.067113	0.00591861	0.0747756	0.0470906	0.00231044	0.0130472	0.0184206	0.00220343	0.105048	0.13788	0.162825	0.000492669	0.00530841
133	0.0175485	0.0110916	0.00265249	0.0055041	0.0860296	0.00529214	0.00181164	0.115516	0.000936284	0.468126	0.11938	0.0054557	0.00395105	0.0077125	0.00413951	0.0181944	0.0385939	0.0770902	0.00136918	0.00960499
134	0.0108502	0.00964848	0.011711	0.0241359	0.0777758	0.00548721	0.187928	0.0305411	0.0202732	0.0547405	0.0170077	0.030442	0.00158942	0.0604195	0.0375811	0.0247818	0.0200125	0.0219279	0.0204086	0.332738
135	0.0406085	0.0305176	0.00563101	0.0595743	0.0294997	0.00841608	0.0758085	0.0719172	0.0250581	0.192889	0.091719	0.0522774	0.0014538	0.0817529	0.0260458	0.0615376	0.05451	0.0682237	0.00580148	0.0167579
136	0.0343763	0.0158983	0.00385487	0.018843	0.0432656	0.00687649	0.0293599	0.123917	0.0100155	0.316875	0.111542	0.019945	0.00266098	0.0277588	0.0129893	0.0335244	0.0620802	0.112982	0.00351341	0.00972196
137	0.331571	0.0392443	0.00103119	0.00159049	0.0170746	0.0924293	0.0109263	0.0227562	0.00497448	0.0212999	0.00496154	0.0262378	0.00618234	0.00612004	0.00435649	0.301279	0.0739147	0.0244362	0.0025367	0.00707697
138	0.0335823	0.00701563	0.00411128	0.0283862	0.00728205	0.00881711	0.0423414	0.0248531	0.300236	0.0477639	0.00816046	0.0421129	0.0107542	0.10305	0.240604	0.0297536	0.0190867	0.0213916	0.00555199	0.0151463
139	0.0059903	0.00268896	0.087264	0.0770506	0.0035845	0.0145047	0.146053	0.00507226	0.0038813	0.00556687	0.0251701	0.446506	0.00184302	0.0260333	0.0151992	0.0875373	0.00618539	0.00496419	0.00142481	0.0334809
140	0.019921	0.00132851	0.0119192	0.00185863	0.00622479	0.0074965	0.00421531	0.0230058	0.0337462	0.0106681	0.00215764	0.00576883	0.696556	0.0437568	0.0271694	0.0560678	0.0299029	0.0162098	0.000635625	0.00139124
141	0.0391525	0.00059834	0.180846	0.424066	0.00328068	0.0256026	0.0317503	0.00391243	0.0460929	0.00484601	0.00457892	0.0414045	0.00565248	0.0976958	0.0190384	0.0277989	0.027274	0.00667069	0.00030184	0.00943624
142	0.0669974	0.0302271	0.00184647	0.0162314	0.0123287	0.00474255	0.0193082	0.222743	0.0360015	0.108231	0.0152348	0.0140715	0.00146971	0.0127567	0.0317328	0.026672	0.0834031	0.274968	0.0114847	0.00954853
143	0.047937	0.0127868	0.055622	0.0971338	0.0209038	0.0280234	0.042482	0.0305591	0.0883989	0.0508054	0.0283732	0.0423759	0.0288126	0.194599	0.0732865	0.0530355	0.0360027	0.0317964	0.00656566	0.0305008
144	0.035981	0.000608962	0.177022	0.436647	0.00351143	0.023568	0.0301416	0.00419113	0.0463306	0.00461448	0.00416454	0.0421793	0.000655541	0.102499	0.0189072	0.0271221	0.0272698	0.00494352	0.000266307	0.00937641
145	0.0712975	0.0177391	0.00284995	0.0347327	0.0171743	0.00520602	0.0220391	0.039182	0.301551	0.0254263	0.0253248	0.0281296	0.0046896	0.0537366	0.164883	0.0815604	0.0855387	0.00955191	0.00237621	0.00701196
146	0.0409818	0.0052532	0.00061737	0.00238405	0.0220128	0.00115142	0.00172051	0.334078	0.00106892	0.206492	0.0606042	0.00464568	0.00175547	0.00177945	0.00534176	0.00866587	0.0288483	0.268522	0.000982982	0.00309437
147	0.00666651	0.0131216	0.0107709	0.0174509	0.0881572	0.00255443	0.25647	0.0193916	0.0208093	0.0526589	0.00884913	0.0169046	0.00124044	0.0465529	0.0573452	0.0140711	0.0184971	0.00559903	0.0117627	0.331127
148	0.0183407	0.00848401	0.00240379	0.00411916	0.0741307	0.00505377	0.00190494	0.112132	0.000967158	0.456744	0.143095	0.00594586	0.00556503	0.00727243	0.00444978	0.0199547	0.0406039	0.0789977	0.0012129	0.00862187
149	0.0198211	0.00143653	0.0129989	0.00193083	0.00619458	0.00748597	0.00414804	0.0234119	0.0344547	0.0106607	0.00219032	0.00600961	0.689539	0.046455	0.0275958	0.0568388	0.0305949	0.0161201	0.000648699	0.00146428
150	0.00404926	0.00208511	0.00199183	0.00269059	0.333047	0.0122075	0.0329402	0.0528583	0.0024742	0.136919	0.0373829	0.00834082	0.000952358	0.0103602	0.00540739	0.0170596	0.00859264	0.0234824	0.0408719	0.266286
151	0.0251008	0.00999117	0.00303006	0.00508981	0.0493221	0.00683478	0.00227671	0.132706	0.000968086	0.407489	0.148972	0.00795642	0.00315198	0.00801459	0.00167631	0.0239106	0.0550669	0.10633	0.000516624	0.00159636
152	0.00890245	0.00216286	0.00690533	0.00352038	0.00665533	0.0298135	0.0130807	0.00490351	0.149792	0.00967588	0.0100636	0.00475285	0.00150356	0.0623656	0.632612	0.0240776	0.0109316	0.00922978	0.00606561	0.00298536
153	0.289287	0.0438101	0.00846493	0.00751577	0.0173882	0.137486	0.0298498	0.0178378	0.0183772	0.0215741	0.00774259	0.0347748	0.00760633	0.0105626	0.00751048	0.256695	0.0547023	0.0176339	0.00267898	0.00850309
154	0.0503373	0.0318928	0.00132516	0.0146209	0.0101397	0.0031642	0.0244627	0.224135	0.0228678	0.118067	0.013515	0.013344	0.000878658	0.010511	0.025702	0.0160595	0.0754662	0.320178	0.0148894	0.00844389
155	0.0333424	0.00441907	0.000545388	0.00220887	0.0244251	0.000684507	0.00142841	0.360621	0.000741769	0.193802	0.0425961	0.00496391	0.00192944	0.000858662	0.0048984	0.00574665	0.0232038	0.289604	0.00103921	0.00294101
156	0.0331004	0.00751709	0.0064412	0.0250592	0.00761216	0.0105285	0.0363782	0.0217413	0.309755	0.0397547	0.00857651	0.0404975	0.0160927	0.0941044	0.249019	0.0353095	0.0198232	0.0211569	0.00445538	0.0130766
157	0.0527485	0.00445891	0.147248	0.352447	0.00722417	0.0287445	0.0278742	0.0102389	0.0490292	0.0173384	0.0136735	0.0424651	0.0254923	0.0763237	0.0221978	0.0586354	0.0308751	0.017168	0.00263027	0.013187
158	0.241644	0.0338173	0.00392763	0.00874677	0.0123487	0.0215026	0.00250209	0.0857902	0.0054505	0.0618695	0.0344982	0.00513937	0.00942962	0.0132642	0.004991	0.134441	0.149465	0.165675	0.000704423	0.00479416
159	0.0313114	0.0225074	0.00754097	0.0503332	0.0395925	0.00871947	0.0696937	0.0697517	0.0316942	0.239726	0.120308	0.0334456	0.00359803	0.0915453	0.025732	0.0437377	0.0412797	0.0490232	0.00493313	0.0155273
160	0.162888	0.0113157	0.00416089	0.0466417	0.0979834	0.05823	0.0104342	0.053076	0.00807141	0.0702409	0.101707	0.0358327	0.00239992	0.0267524	0.0071278	0.112656	0.0858863	0.0812312	0.0036201	0.0197449
161	0.0543724	0.028158	0.00296108	0.0234754	0.0205988	0.00664575	0.040276	0.163627	0.0245867	0.148138	0.0336306	0.0405287	0.00138575	0.0273703	0.0314639	0.0383633	0.099958	0.191728	0.00806632	0.0146668
162	0.264861	0.0305326	0.00214686	0.00185597	0.00951766	0.115511	0.00615045	0.0434038	0.00536486	0.023054	0.00823287	0.0228377	0.00966223	0.00799884	0.00771707	0.295838	0.0948241	0.0429748	0.00289685	0.00461956
163	0.0100909	0.00251253	0.00757568	0.00422263	0.007502	0.031387	0.0135975	0.00646339	0.140649	0.012402	0.0109681	0.00648682	0.00186415	0.0603164	0.625991	0.0252774	0.0117103	0.0106763	0.00629619	0.0040107
164	0.0537973	0.0313785	0.00177974	0.0183181	0.022008	0.00448991	0.0213098	0.231874	0.0322818	0.105408	0.0207792	0.0156656	0.001022	0.0223447	0.0359715	0.0208201	0.0817841	0.249442	0.0165223	0.0130033
165	0.0302632	0.00511879	0.0538041	0.202918	0.00156357	0.0186573	0.00227506	0.0120697	0.226746	0.0152903	0.0216538	0.0560004	0.000912998	0.132697	0.0925932	0.0433532	0.0548312	0.0269436	0.000692566	0.0016162
166	0.0171312	0.000867748	0.616803	0.109149	0.00115636	0.0258963	0.00511441	0.00382586	0.0170438	0.00583764	0.00524093	0.0657405	0.000638717	0.02241	0.0093889	0.0596946	0.0250042	0.00179991	0.000473688	0.00678367
167	0.0439235	0.00366771	0.000416624	0.00168229	0.0219024	0.000754793	0.00108303	0.364193	0.000553569	0.173566	0.0635963	0.00472188	0.00134118	0.000799065	0.00491034	0.00839721	0.0300739	0.270827	0.000676144	0.00291461
168	0.0230533	0.00317581	0.0316903	0.116875	0.00479125	0.0192627	0.018634	0.169654	0.0321074	0.00891608	0.0406831	0.0196432	0.00230711	0.0357781	0.0220007	0.0235847	0.0492624	0.372999	0.00147146	0.00411049
169	0.0325545	0.0042094	0.000571685	0.00243409	0.0225526	0.000758717	0.00151794	0.357192	0.000775723	0.201446	0.0379827	0.00523996	0.00213999	0.000917586	0.0046855	0.00528092	0.0232823	0.292621	0.00113097	0.00270691
170	0.0746302	0.00692737	0.145293	0.0448143	0.00521004	0.149969	0.0160257	0.0124431	0.0811526	0.0434556	0.0109596	0.115569	0.00195816	0.0779187	0.0520037	0.111231	0.0250483	0.019358	0.00120095	0.00483242
171	0.00963712	0.00199234	0.115957	0.0844661	0.00246403	0.622575	0.00281862	0.00381114	0.00320694	0.00478248	0.00403596	0.0854626	0.00170989	0.00399367	0.00335667	0.0247109	0.0047372	0.00399569	0.00113467	0.0151515
172	0.0177709	0.0254342	0.00329033	0.0088403	0.14184	0.00424784	0.15165	0.0163065	0.015981	0.040442	0.00978168	0.00859231	0.00221935	0.009315	0.0277063	0.00866252	0.0504437	0.00735633	0.0156889	0.43443
173	0.046189	0.0252365	0.00464143	0.0535182	0.0374082	0.0101175	0.0859522	0.0828205	0.0212155	0.17611	0.0574497	0.0515856	0.00138134	0.0699021	0.0281594	0.0657623	0.0606469	0.0916859	0.00765961	0.0225579
174	0.0354989	0.00426036	0.000526263	0.0021027	0.0235553	0.000637826	0.00129572	0.365166	0.000674232	0.184776	0.0459008	0.00467059	0.0017118	0.000786533	0.00494886	0.00613905	0.0238652	0.289655	0.000936295	0.00289392
175	0.0207157	0.00171083	0.0126672	0.00247592	0.0063357	0.00825042	0.00509	0.0224123	0.0379153	0.0114907	0.00303783	0.0072939	0.674356	0.0473972	0.0288555	0.0605757	0.0307042	0.0162963	0.000653106	0.00176659
176	0.0497223	0.00658659	0.0114104	0.0246844	0.00894896	0.0129871	0.032657	0.0184869	0.311123	0.031922	0.00724433	0.0384879	0.0222812	0.107642	0.20864	0.050647	0.0171471	0.0267889	0.00351108	0.00908214
177	0.256338	0.035431	0.00221048	0.0178545	0.028442	0.0134403	0.00382315	0.0585223	0.00617231	0.0875275	0.0524609	0.00663946	0.00876225	0.0196345	0.00302169	0.109906	0.136814	0.143013	0.000561468	0.00942509
178	0.0521783	0.0100538	0.00371951	0.00747562	0.0370298	0.00857879	0.00400895	0.149018	0.00273691	0.304464	0.15885	0.016118	0.00236442	0.0101466	0.00348228	0.0351546	0.0717226	0.11937	0.00054979	0.00297787
179	0.274024	0.0546406	0.00340793	0.00435793	0.0215805	0.12896	0.0123244	0.0188942	0.0063088	0.0263564	0.00601773	0.0234705	0.0112053	0.00700586	0.00444973	0.302904	0.0611121	0.0177066	0.00271546	0.0125581
180	0.0135911	0.0279914	0.00402942	0.0101976	0.0346859	0.00651618	0.0459692	0.0277761	0.0615099	0.0364157	0.0705515	0.0174382	0.00274774	0.0517156	0.400594	0.0549563	0.0368053	0.0321097	0.00248775	0.0619116
181	0.0171312	0.000867748	0.616803	0.109149	0.00115636	0.0258963	0.00511441	0.00382586	0.0170438	0.00583764	0.00524093	0.0657405	0.000638717	0.02241	0.0093889	0.0596946	0.0250042	0.00179991	0.000473688	0.00678367
182	0.0786669	0.00160379	0.139159	0.301603	0.00203083	0.0376126	0.0284638	0.00323599	0.0592224	0.013169	0.0119455	0.0369577	0.126612	0.0372287	0.0124884	0.0544448	0.0210633	0.0231092	0.000791706	0.0105917
183	0.00809395	0.00561824	0.00358742	0.00298186	0.305674	0.0210822	0.0443756	0.0577515	0.00278532	0.110625	0.0463783	0.0162561	0.0012171	0.0124695	0.00708984	0.048899	0.0164768	0.0426905	0.0291614	0.216787
184	0.0281116	0.00934211	0.00464819	0.0256352	0.00755175	0.010084	0.0430485	0.0384329	0.277524	0.0694539	0.0131546	0.041765	0.0105474	0.106085	0.221542	0.0311339	0.0160301	0.0249879	0.00750202	0.0134199
185	0.0220299	0.00139163	0.0112287	0.00194801	0.00629165	0.00755625	0.00412558	0.0232036	0.0313081	0.0106661	0.00253463	0.00539298	0.700348	0.0409447	0.0263547	0.0546574	0.0298119	0.0178279	0.00076465	0.00161397
186	0.035981	0.000608962	0.177022	0.436647	0.00351143	0.023568	0.0301416	0.00419113	0.0463306	0.00461448	0.00416454	0.0421793	0.000655541	0.102499	0.0189072	0.0271221	0.0272698	0.00494352	0.000266307	0.00937641
187	0.0353239	0.00794386	0.00986654	0.0201046	0.0111003	0.0226289	0.0211722	0.0180202	0.138622	0.0276495	0.018691	0.0206039	0.00537517	0.057688	0.485994	0.0354512	0.0231527	0.0214682	0.0048414	0.0143024
188	0.0361842	0.0132963	0.0170488	0.0205419	0.0668864	0.0182647	0.0251764	0.0609489	0.0209518	0.0535511	0.0290687	0.0235981	0.0100136	0.0285506	0.0291393	0.0415375	0.0317775	0.0329146	0.3933	0.0472498
189	0.0235832	0.0104278	0.00465014	0.00793854	0.0664305	0.00814903	0.00338607	0.122869	0.0016012	0.430865	0.130586	0.00930681	0.00344065	0.0086376	0.00251196	0.0258675	0.0531619	0.0825687	0.000700863	0.00331734
190	0.269527	0.0315058	0.00175601	0.00201274	0.0101349	0.113254	0.00730043	0.0383769	0.00697462	0.0211768	0.00808164	0.0256095	0.00830707	0.0103668	0.00970515	0.304035	0.0894157	0.034428	0.00298626	0.00504595
191	0.0381451	0.0278217	0.0120176	0.0070605	0.128	0.0307661	0.073877	0.0352456	0.00356314	0.0434536	0.0537293	0.0490315	0.00165465	0.00966952	0.00944102	0.193763	0.0414784	0.0656193	0.0265679	0.149095
192	0.0354234	0.00421561	0.000501022	0.00207203	0.0232418	0.000747651	0.00152578	0.358058	0.00112758	0.20168	0.044511	0.00593291	0.00232912	0.00108095	0.00512177	0.00607694	0.0267348	0.275694	0.0010934	0.00283158
193	0.0542394	0.00463666	0.0128385	0.00845892	0.00715459	0.0551464	0.00606571	0.0496253	0.0278245	0.0184849	0.00880982	0.00894656	0.551213	0.0343432	0.0242653	0.0616173	0.0331932	0.0261328	0.0023259	0.00467826
