282	20
1	0.118637	0.0521347	0.0549551	0.0976157	0.00359948	0.166418	0.0197115	0.0160585	0.0050789	0.00849323	0.00395544	0.00761994	0.123854	0.00645158	0.0215969	0.0796002	0.0807455	0.104718	0.010772	0.0179844
2	0.0696471	0.0147667	0.013078	0.00807001	0.0324747	0.0111109	0.00533312	0.162986	0.023244	0.121788	0.0983895	0.0263393	0.0102679	0.0144089	0.0101045	0.0852206	0.0969415	0.176512	0.00197329	0.0173445
3	0.00718327	0.109593	0.0434799	0.00278143	0.224805	0.00651306	0.0278387	0.0243793	0.00372133	0.0494238	0.00358128	0.0525055	0.018773	0.0140632	0.011126	0.054583	0.0133977	0.0748043	0.00135514	0.256093
4	0.132765	0.0237805	0.0340413	0.0410737	0.00744998	0.02023	0.00287477	0.0212739	0.0635392	0.0538959	0.0467877	0.028768	0.0916429	0.0621832	0.0907822	0.0900943	0.0869858	0.0995392	0.000848326	0.00144453
5	0.0156222	0.00329116	0.155999	0.357216	0.00233068	0.0068924	0.0256128	0.02708	0.0661596	0.0252992	0.0165362	0.0414105	0.0164885	0.103357	0.0379403	0.0262175	0.0207853	0.044165	0.00572401	0.00187239
6	0.0712027	0.00766138	0.0151493	0.0118407	0.0285206	0.01608	0.0164899	0.127669	0.0126128	0.325077	0.0518209	0.00996223	0.0115737	0.0358313	0.0150729	0.0350512	0.0395621	0.159987	0.00218052	0.00665455
7	0.0258048	0.0125848	0.0172236	0.0150888	0.0164262	0.0149665	0.0160249	0.0148663	0.0156578	0.0495223	0.01	0.0165649	0.0163324	0.0168351	0.0206741	0.0577282	0.0229902	0.0218734	0.608559	0.0102768
8	0.0119294	0.0104253	0.040177	0.0186284	0.00229098	0.0112591	0.297873	0.00279492	0.0848282	0.0429729	0.00168564	0.0930828	0.00508553	0.0553759	0.175352	0.0603862	0.00748602	0.00382335	0.00192087	0.0726229
9	0.315548	0.01328	0.00567093	0.00566874	0.00530313	0.102617	0.0140961	0.0640983	0.0061479	0.121276	0.00716838	0.00835148	0.0181024	0.0163671	0.0140583	0.0870885	0.061749	0.125758	0.00266175	0.00498826
10	0.0609751	0.0596023	0.105001	0.10725	0.00610123	0.248427	0.0195375	0.0153346	0.0194666	0.0172951	0.00821085	0.0410016	0.0324388	0.0211172	0.0375962	0.098895	0.0471876	0.0381721	0.00699223	0.00939886
11	0.211397	0.0230371	0.0256735	0.0215275	0.00491478	0.177948	0.0112802	0.0221173	0.0105655	0.0349433	0.0093441	0.0309543	0.0222915	0.0138863	0.0257302	0.211701	0.0829613	0.0506261	0.00353748	0.00556248
12	0.0616539	0.0245834	0.0410711	0.0286658	0.0165225	0.266349	0.0172688	0.0418387	0.0240044	0.0573245	0.0651655	0.0408304	0.0200342	0.0205313	0.0374699	0.102548	0.0596635	0.0536934	0.00647718	0.0143045
13	0.0659962	0.0113602	0.0117097	0.0120859	0.00471161	0.0930554	0.020961	0.00883905	0.0144817	0.0211124	0.00598379	0.0355497	0.267939	0.0383682	0.0922602	0.229743	0.0299393	0.0155175	0.00813964	0.0122457
14	0.0422503	0.00948893	0.0112772	0.00623324	0.0820186	0.0171724	0.0105486	0.11263	0.0194664	0.214682	0.0866319	0.0276835	0.0142949	0.0312135	0.0332673	0.0572016	0.0535798	0.151244	0.00242256	0.0166931
15	0.138627	0.0182165	0.00542009	0.00515162	0.0075033	0.0657128	0.00716749	0.159684	0.00681544	0.0867239	0.0167135	0.00827801	0.0255303	0.0132903	0.00966885	0.0742332	0.108812	0.235473	0.00194683	0.0050323
16	0.0261646	0.101001	0.0438315	0.0519345	0.00493123	0.0419799	0.00489395	0.0170756	0.0150678	0.00798499	0.00304155	0.101889	0.0271164	0.0392444	0.010038	0.398276	0.0399856	0.0205727	0.0139381	0.0310325
17	0.0323612	0.00664315	0.00762876	0.00860863	0.0465469	0.00158804	0.00648159	0.211693	0.00871885	0.379962	0.0613846	0.00445045	0.00441709	0.00672569	0.00896343	0.0122979	0.0174435	0.168948	0.000426157	0.00471135
18	0.0632229	0.0208152	0.00669521	0.00612093	0.00825311	0.00825952	0.0361694	0.00989448	0.0169601	0.0815956	0.00440063	0.012003	0.516589	0.0430317	0.0368519	0.0655143	0.0228584	0.0269787	0.00248792	0.0112976
19	0.0290996	0.0196385	0.00724152	0.0185274	0.00205064	0.0403613	0.0685527	0.00667097	0.199447	0.0441055	0.0093994	0.0249183	0.0456794	0.0760688	0.291238	0.0576901	0.0347509	0.0158212	0.00619834	0.00254017
20	0.132801	0.0239338	0.0341491	0.0411565	0.00860352	0.0187967	0.00265407	0.0218112	0.0607597	0.0531884	0.0472573	0.0273271	0.0963295	0.0644723	0.0886984	0.0805174	0.0887674	0.106473	0.000868604	0.00143477
21	0.0229061	0.0099607	0.160919	0.0386269	0.00170768	0.250226	0.0284005	0.00290569	0.0530888	0.00408678	0.00287273	0.257009	0.0119702	0.0154534	0.0293555	0.0726618	0.0311737	0.0035046	0.00113678	0.00203433
22	0.02245	0.0258226	0.335086	0.169643	0.00506124	0.0404541	0.0131663	0.00793658	0.018377	0.0103077	0.00632	0.0470626	0.00729214	0.0660531	0.00842712	0.0815393	0.106363	0.01887	0.00321233	0.00655618
23	0.0694352	0.0146892	0.00320154	0.00434106	0.00500731	0.0110686	0.0341906	0.0274767	0.217667	0.157349	0.0479266	0.014788	0.00542455	0.0828158	0.159824	0.0446342	0.0397705	0.0532639	0.00515173	0.00197382
24	0.0937905	0.011569	0.0087831	0.00754313	0.0284414	0.016054	0.00878817	0.182357	0.0118634	0.170159	0.036234	0.0115345	0.0106654	0.0120003	0.01018	0.0450452	0.0459369	0.276338	0.00182197	0.010895
25	0.00921889	0.0419914	0.00686145	0.0020993	0.195388	0.0040691	0.0345175	0.104614	0.00228093	0.114242	0.0154712	0.0132678	0.00645808	0.00614778	0.01209	0.0398425	0.00504668	0.133958	0.00611944	0.246316
26	0.0170579	0.0334727	0.0172968	0.0114417	0.142804	0.0116855	0.0312601	0.029767	0.0103484	0.037726	0.0114585	0.0180915	0.0105054	0.0130196	0.0165156	0.034833	0.0146678	0.0412121	0.00623336	0.490603
27	0.0084415	0.00450603	0.00330655	0.0028345	0.617619	0.00391606	0.00442287	0.0187844	0.00417924	0.200027	0.0121493	0.00470543	0.0106399	0.00761197	0.0162595	0.0118356	0.00586922	0.0343132	0.013749	0.0148301
28	0.0998992	0.0123221	0.006009	0.00596689	0.00528909	0.0105103	0.0231658	0.00972232	0.0164481	0.0736667	0.00463308	0.010467	0.505848	0.0417079	0.0363568	0.0673564	0.0264374	0.0327163	0.00227033	0.00920755
29	0.029134	0.012641	0.156895	0.269715	0.0047971	0.0273432	0.038473	0.0259231	0.0523704	0.0313954	0.0168014	0.0453218	0.0160571	0.091781	0.0459803	0.0475056	0.0323365	0.0417757	0.00640484	0.00734825
30	0.0934813	0.0219948	0.0441774	0.0243863	0.00228344	0.496004	0.0128697	0.014251	0.00562524	0.0196363	0.00558626	0.0353552	0.00847381	0.0097204	0.0359992	0.106137	0.0382777	0.0214304	0.00216583	0.00214472
31	0.0293585	0.0175821	0.0486047	0.0292661	0.0130509	0.0257188	0.226876	0.0195506	0.0650483	0.0559867	0.0108997	0.0676012	0.0297002	0.0555644	0.123985	0.0636801	0.0283608	0.0267852	0.0129259	0.0494549
32	0.0367624	0.006683	0.00829383	0.00974366	0.047692	0.00177636	0.00755999	0.201776	0.0107327	0.366522	0.0745958	0.00462671	0.00584505	0.00758303	0.0109596	0.0186015	0.0224884	0.151855	0.000600323	0.00530238
33	0.0611677	0.0121842	0.275835	0.258713	0.00467999	0.0478664	0.0200236	0.00965947	0.0302667	0.0154453	0.00891415	0.0419814	0.0123549	0.0295409	0.0157318	0.0679701	0.0455597	0.0319277	0.00391854	0.00625983
34	0.0249545	0.00930804	0.190686	0.0359115	0.00182142	0.127557	0.031593	0.00256054	0.0584361	0.0038897	0.00283112	0.325445	0.0165153	0.0163098	0.0265259	0.0803365	0.0384407	0.00346142	0.001054	0.00236219
35	0.0263916	0.0100157	0.00607461	0.00592632	0.046412	0.00144636	0.00363054	0.244046	0.00620155	0.357894	0.0363582	0.00752815	0.00345369	0.00463851	0.00534433	0.00950124	0.0136354	0.205041	0.000579485	0.00588116
36	0.0679554	0.00889263	0.00396162	0.00428352	0.00333156	0.00381859	0.0239934	0.00574059	0.0180462	0.0515487	0.000879201	0.00972556	0.578288	0.0476964	0.0429003	0.0697453	0.0221545	0.0252395	0.00211321	0.00968607
37	0.0839597	0.00681427	0.00432705	0.00386533	0.00395123	0.0114629	0.0132193	0.00531488	0.0117692	0.0271484	0.00253915	0.018803	0.519491	0.0277253	0.0301161	0.148714	0.0245918	0.0147009	0.0132146	0.0282721
38	0.0177069	0.0137911	0.0411645	0.0162788	0.00365088	0.0162608	0.294147	0.00501905	0.0862902	0.039021	0.00352648	0.0794964	0.00584564	0.0921118	0.117213	0.0656377	0.0139622	0.00678035	0.0024539	0.0796419
39	0.0251946	0.0130939	0.00606709	0.00536615	0.0490899	0.00148243	0.00275508	0.260936	0.00577872	0.340697	0.0326515	0.00792448	0.00367833	0.00384579	0.00487496	0.00846212	0.0120332	0.209436	0.000573729	0.00605915
40	0.0201954	0.00497919	0.00362252	0.00447748	0.157157	0.00552547	0.00789968	0.113853	0.00657479	0.41722	0.0439817	0.0060275	0.0235371	0.00958507	0.0269138	0.012385	0.00847517	0.108697	0.00407943	0.0148137
41	0.0780469	0.0966723	0.0227166	0.0168875	0.023546	0.0406006	0.0151305	0.0197683	0.0161067	0.0337941	0.012801	0.0512704	0.0275705	0.019112	0.0194727	0.342199	0.088632	0.0422298	0.00785292	0.0255897
42	0.00628147	0.0113154	0.00558407	0.0196404	0.00120428	0.0345592	0.0592234	0.00369809	0.261527	0.0221446	0.00242703	0.0316062	0.0135842	0.0493749	0.41135	0.0320539	0.0214621	0.00451374	0.00409806	0.00435238
43	0.0240237	0.00935436	0.00347296	0.00296486	0.0278212	0.0012707	0.00180274	0.280503	0.00357212	0.202523	0.0174445	0.00691032	0.00268083	0.00264839	0.00253137	0.00738932	0.0120531	0.386345	0.000535539	0.00415348
44	0.0604291	0.00497986	0.0296903	0.0249915	0.017722	0.00420398	0.0258097	0.140398	0.00949359	0.260886	0.081778	0.00789624	0.00382117	0.026094	0.0105811	0.0313236	0.0428182	0.210885	0.00108755	0.0051116
45	0.0510169	0.0276509	0.126185	0.0149735	0.00409322	0.0186956	0.242355	0.00547919	0.0533168	0.0241467	0.00441387	0.163372	0.00705191	0.0478237	0.0638576	0.0645926	0.0138031	0.00880048	0.00262666	0.0557451
46	0.0214648	0.00398881	0.001237	0.00114272	0.00442972	0.00120575	0.0010734	0.271207	0.00318893	0.050882	0.0103266	0.00287266	0.00269274	0.00297274	0.00131577	0.00911023	0.0140461	0.595522	0.000367817	0.00095295
47	0.0272307	0.00473665	0.120642	0.253713	0.00179836	0.00847775	0.0691314	0.0148419	0.0818737	0.0291092	0.0135919	0.0666717	0.0182502	0.0963159	0.0613377	0.0562451	0.0450407	0.0169194	0.012398	0.00167525
48	0.0191481	0.00653415	0.00547368	0.00491516	0.182841	0.00891122	0.0105114	0.0764978	0.0104944	0.389681	0.0562167	0.00974544	0.0205824	0.0174642	0.0470566	0.0181198	0.0098598	0.0871893	0.0053888	0.013369
49	0.0293403	0.00851957	0.394065	0.322294	0.00347375	0.0344243	0.0130891	0.00525839	0.0263408	0.00488836	0.00526657	0.0385429	0.00426933	0.0172065	0.00347535	0.0230351	0.0321248	0.0231894	0.00219723	0.00899962
50	0.153447	0.0192563	0.0326296	0.0394966	0.0063576	0.0207565	0.00323139	0.0164077	0.0616278	0.0562939	0.0361417	0.022448	0.104633	0.070048	0.0755536	0.074963	0.104745	0.0993283	0.00117587	0.00145961
51	0.032708	0.0101495	0.372892	0.313052	0.0044102	0.0407618	0.0174399	0.00410824	0.0276103	0.00443958	0.00420616	0.0398062	0.00559303	0.0208058	0.00517939	0.0276451	0.0342713	0.0273096	0.0016796	0.00593169
52	0.0498561	0.0312817	0.0100805	0.00972795	0.0116015	0.026606	0.0120325	0.00653487	0.00877722	0.0178185	0.0303067	0.0943936	0.00877843	0.00591068	0.00546095	0.324025	0.329132	0.0131854	0.0013547	0.00313583
53	0.031238	0.0101412	0.401028	0.271559	0.00368684	0.0547674	0.0149128	0.0046676	0.0269839	0.00436258	0.00517043	0.0447712	0.00620255	0.0176047	0.00545828	0.0310298	0.0328821	0.0254608	0.00172541	0.00634723
54	0.0260297	0.00787736	0.386112	0.338696	0.00329287	0.0321303	0.012711	0.00622359	0.0285187	0.00512151	0.00618885	0.034684	0.0037784	0.0201375	0.00359956	0.0221017	0.0302675	0.0239187	0.00200312	0.00660719
55	0.0388784	0.00752161	0.00768426	0.00668161	0.0248379	0.00529086	0.00470279	0.213728	0.0110393	0.127016	0.048875	0.011168	0.00524433	0.00920467	0.00580315	0.0333296	0.0408791	0.387454	0.00112607	0.00953608
56	0.00580099	0.0274827	0.004838	0.00277205	0.170952	0.00351258	0.015842	0.00438103	0.00323306	0.00749744	0.00311836	0.00683708	0.00320919	0.00427999	0.00393344	0.011988	0.00578889	0.00862032	0.00134532	0.704567
57	0.230538	0.0554313	0.0151254	0.0147079	0.014012	0.0355754	0.01077	0.0226259	0.0138917	0.0342495	0.0161516	0.0308278	0.0218922	0.017252	0.0172799	0.233358	0.128929	0.0696145	0.0087165	0.00905077
58	0.0156374	0.031082	0.0200076	0.0187082	0.00674936	0.02611	0.199578	0.00521606	0.10501	0.027985	0.00367947	0.0448909	0.0168227	0.094637	0.277395	0.046907	0.0196644	0.0075204	0.00668548	0.0257142
59	0.0264137	0.0108544	0.00553374	0.00543511	0.047964	0.00136002	0.00301586	0.260418	0.00619664	0.329042	0.0366126	0.00866803	0.00368917	0.00388553	0.00493105	0.0102452	0.0138188	0.213519	0.000591998	0.00780525
60	0.0747528	0.0127848	0.0140525	0.00817832	0.0324985	0.0111369	0.00482827	0.158011	0.0228092	0.106542	0.0954607	0.0273681	0.00879361	0.0145883	0.00987519	0.0861484	0.114535	0.177269	0.00191859	0.0184495
61	0.0431469	0.0126845	0.0151749	0.0147676	0.0694196	0.0143203	0.0172077	0.130907	0.018981	0.301012	0.0399933	0.0132861	0.0406875	0.0208573	0.027842	0.0419186	0.0310827	0.125023	0.00449145	0.0171969
62	0.0449197	0.00338241	0.0267217	0.0169274	0.0165504	0.00374397	0.0361164	0.135147	0.0068233	0.328485	0.0730708	0.00451425	0.00515632	0.0523135	0.0171141	0.0169288	0.0341269	0.172069	0.00096753	0.00492218
63	0.0818775	0.0099783	0.00501807	0.0059577	0.00345401	0.0081779	0.0218671	0.00935475	0.0170764	0.0492177	0.00194569	0.00998172	0.546925	0.0427478	0.039357	0.0702647	0.0266744	0.0376569	0.00274714	0.00972005
64	0.027627	0.00434526	0.165058	0.240206	0.00289475	0.00461154	0.0099533	0.0720815	0.0204677	0.133908	0.0443107	0.0120205	0.00498863	0.0697487	0.0125364	0.0276141	0.0261471	0.116498	0.00229369	0.00268993
65	0.0128026	0.0099072	0.0427791	0.0205179	0.00270536	0.00875765	0.309156	0.00418196	0.056669	0.0449881	0.0023801	0.100971	0.00388787	0.0562165	0.142902	0.0684242	0.00757428	0.00503588	0.00151856	0.0986235
66	0.0658029	0.0148764	0.0133102	0.00840298	0.0392663	0.0114781	0.00605064	0.152478	0.0219175	0.0957515	0.0956057	0.0276093	0.00904702	0.0154023	0.0116323	0.104731	0.111653	0.159721	0.00266775	0.0325957
67	0.0176663	0.0201499	0.00722054	0.00399221	0.505265	0.00620615	0.0121105	0.0423843	0.00635995	0.129135	0.0140343	0.0118421	0.0135032	0.00983433	0.0141701	0.0309468	0.0161993	0.0542951	0.00893083	0.0757546
68	0.109109	0.0647439	0.00683837	0.00420252	0.00899175	0.025981	0.00320036	0.00663064	0.00629235	0.0169098	0.00684913	0.0479007	0.0214189	0.00615158	0.00480607	0.500109	0.126219	0.0242097	0.00248471	0.00695122
69	0.0189191	0.0101893	0.017857	0.0216998	0.00482659	0.0220525	0.0369424	0.0189656	0.372631	0.0316764	0.0148696	0.0342502	0.0149502	0.040555	0.245645	0.0363589	0.0260749	0.0199776	0.00453048	0.00702932
70	0.0645777	0.0119775	0.0125934	0.00775876	0.031695	0.0104431	0.00519811	0.166382	0.0249635	0.100029	0.0920543	0.0306361	0.00837039	0.0146588	0.00886826	0.079788	0.141476	0.170034	0.00196775	0.016528
71	0.0478501	0.0135274	0.016572	0.016551	0.0635989	0.0150466	0.0202375	0.123985	0.0240326	0.302821	0.0378388	0.0181724	0.0289108	0.0241323	0.0313618	0.0420072	0.0310449	0.116754	0.0105168	0.0150387
72	0.091598	0.0199621	0.0296691	0.0297286	0.017159	0.0385021	0.0204122	0.04784	0.030317	0.0572275	0.0323483	0.0481375	0.0253039	0.025664	0.034025	0.155296	0.216775	0.0662684	0.00408423	0.00968176
73	0.0996983	0.0112916	0.00591122	0.0057761	0.00483746	0.00819925	0.0225977	0.00697328	0.0180147	0.0488225	0.00363844	0.0128371	0.505024	0.0493755	0.0398902	0.0902223	0.0266483	0.0255942	0.00333236	0.0113157
74	0.0973825	0.0423104	0.0251746	0.0198092	0.0146383	0.0537888	0.0158723	0.0244194	0.0183289	0.0305292	0.0171079	0.052384	0.0334106	0.0209679	0.0221179	0.34292	0.099546	0.0468265	0.00563363	0.0168323
75	0.0315894	0.0108561	0.36075	0.19847	0.00626609	0.0507832	0.0260925	0.0144188	0.0319141	0.0215852	0.0104842	0.0522474	0.00925522	0.0291128	0.0211235	0.0458123	0.0357351	0.0307944	0.00357616	0.00913346
76	0.147802	0.0219913	0.0176539	0.015624	0.0172234	0.0317138	0.0116804	0.0875762	0.0168817	0.0700615	0.0357695	0.0240552	0.0239417	0.0199548	0.0159459	0.12655	0.141256	0.160485	0.00438617	0.00944694
77	0.0290628	0.0400079	0.0691264	0.0224118	0.00504162	0.0619678	0.0233829	0.00802033	0.0421131	0.0161488	0.00838384	0.200372	0.0132884	0.0177775	0.0209729	0.323348	0.0766663	0.00890989	0.0034215	0.00957693
78	0.0757626	0.0269977	0.0185885	0.0154059	0.0146775	0.0382919	0.0195362	0.0315132	0.0183829	0.0575848	0.0305773	0.080584	0.0168846	0.0191374	0.0198777	0.249923	0.207334	0.0470242	0.00300531	0.00891058
79	0.0372403	0.0177827	0.02288	0.021139	0.00726343	0.0881436	0.157861	0.0126623	0.057447	0.0370359	0.00761281	0.0485371	0.0274378	0.104796	0.114548	0.13232	0.0437533	0.018649	0.0090893	0.0338014
80	0.065978	0.0233304	0.0559743	0.0329622	0.00628616	0.459201	0.0170327	0.0167508	0.0104611	0.0223664	0.00680079	0.0453092	0.00844572	0.0130707	0.0410425	0.103266	0.0383	0.0243963	0.00327625	0.00574945
81	0.0597334	0.0251366	0.0509865	0.0310738	0.00666457	0.449704	0.0191729	0.0149823	0.0149428	0.0218782	0.00776229	0.0460089	0.0135253	0.0150012	0.0470731	0.109389	0.0403383	0.018271	0.0032036	0.00515284
82	0.0144541	0.00916091	0.00526196	0.00393572	0.482501	0.00529019	0.00746809	0.0571792	0.00623782	0.215233	0.0194873	0.00837179	0.0111035	0.00894019	0.0162393	0.0178616	0.0110383	0.0627605	0.0101414	0.0273348
83	0.0793324	0.0272794	0.0200207	0.0168123	0.026987	0.034779	0.0150549	0.121538	0.0184014	0.0790918	0.0382711	0.0371801	0.0196729	0.0202129	0.0190053	0.19466	0.0830064	0.122888	0.00440606	0.0214001
84	0.0220808	0.00450852	0.00135331	0.00123668	0.00440677	0.00142053	0.00110007	0.275852	0.00309932	0.0497264	0.00931869	0.00307093	0.00291151	0.00321411	0.00141671	0.00990151	0.0146095	0.589286	0.000445576	0.00104117
85	0.0673009	0.0103983	0.00386509	0.00425063	0.00414452	0.00410569	0.0235886	0.00555712	0.0166103	0.0566152	0.00130521	0.00950608	0.583985	0.0436908	0.0388638	0.0686653	0.0215423	0.0242739	0.0021766	0.00955504
86	0.00470304	0.00531009	0.00329952	0.00735021	0.00155523	0.0170887	0.0205856	0.0112072	0.477032	0.0111883	0.0070168	0.027268	0.00482482	0.0291553	0.320486	0.0203602	0.0163461	0.00901142	0.00184693	0.00436517
87	0.00485755	0.00858347	0.00621426	0.0144708	0.00143102	0.0275593	0.0508386	0.00650511	0.324485	0.0166212	0.00325192	0.0347976	0.00904117	0.0437868	0.385145	0.0268941	0.0172189	0.00524517	0.00301465	0.0100384
88	0.135763	0.0528531	0.0413074	0.0152118	0.0132658	0.0170796	0.172482	0.0120325	0.0337924	0.0337121	0.00829358	0.051009	0.0285072	0.0768203	0.0561279	0.116575	0.0309261	0.0261979	0.00760344	0.0704397
89	0.212695	0.0218669	0.036328	0.0300989	0.0137859	0.0572652	0.0201279	0.0404819	0.0240659	0.0645133	0.0223853	0.0260366	0.0487857	0.0266377	0.0309616	0.144173	0.0786801	0.0770287	0.0135485	0.0105339
90	0.015987	0.00418285	0.247358	0.384178	0.00202947	0.013923	0.0135267	0.0276923	0.0423787	0.0219002	0.018659	0.037118	0.00697069	0.058305	0.0153044	0.0192788	0.0256677	0.0373722	0.00410008	0.00406788
91	0.0252322	0.00800197	0.383974	0.319399	0.00337874	0.0315958	0.0129391	0.00753782	0.0331622	0.006417	0.0066319	0.0358304	0.00464857	0.0270479	0.00534373	0.0229435	0.0330481	0.0245613	0.0021846	0.00612142
92	0.0542176	0.040424	0.011533	0.00835677	0.0526124	0.0131614	0.0109852	0.166562	0.0152446	0.145254	0.049546	0.0207739	0.0109656	0.0151275	0.0120363	0.0694584	0.0577005	0.204202	0.00320206	0.0386364
93	0.00853814	0.00455137	0.00318297	0.00282862	0.612849	0.00398015	0.00445766	0.0190923	0.00427612	0.203038	0.0124907	0.00476506	0.0108548	0.00774167	0.0165077	0.0117699	0.00588946	0.0347933	0.0135351	0.0148583
94	0.120303	0.0101324	0.00643851	0.00712206	0.00478395	0.010282	0.0190751	0.00625976	0.0153917	0.0421088	0.00380684	0.0144267	0.481643	0.0384132	0.0334823	0.111745	0.0316428	0.0243738	0.00518392	0.0133845
95	0.0685578	0.00897961	0.00384181	0.00437493	0.00327022	0.0038801	0.0233273	0.00572718	0.0181554	0.0512787	0.000834247	0.00933245	0.578405	0.0472857	0.042672	0.0703033	0.0225995	0.0253649	0.00210285	0.00970675
96	0.0405258	0.012185	0.0126022	0.0128234	0.0762681	0.0118697	0.0188866	0.133239	0.0238109	0.315564	0.0354651	0.0126164	0.0302932	0.0203205	0.0296539	0.0301267	0.0255511	0.129455	0.00830051	0.0204424
97	0.0561502	0.00833599	0.0460683	0.00624619	0.00525344	0.00839951	0.0970092	0.0493794	0.0073477	0.0977643	0.00591918	0.0704772	0.144331	0.151734	0.0146597	0.0847264	0.0557975	0.0813128	0.00276356	0.0063236
98	0.0552559	0.0182027	0.0211425	0.0177615	0.0130438	0.0267245	0.0280037	0.078098	0.0276082	0.0476528	0.0212733	0.027203	0.125801	0.0377865	0.101404	0.0727784	0.204813	0.0560594	0.00841204	0.0109754
99	0.0737965	0.0141373	0.00723008	0.00864762	0.0046576	0.0159556	0.0224335	0.00742859	0.0169879	0.0461458	0.00366554	0.0152303	0.489394	0.0412465	0.0407031	0.114965	0.0327703	0.0270984	0.00590748	0.0115986
100	0.196594	0.0890125	0.0052953	0.00440363	0.0310598	0.0111535	0.00809499	0.00792519	0.00607523	0.0309171	0.0116484	0.0419781	0.0073948	0.024428	0.00725782	0.248908	0.101869	0.130725	0.0240507	0.0112086
101	0.0530441	0.0194524	0.0512947	0.0666841	0.0190393	0.0244245	0.0632539	0.026739	0.073542	0.0661012	0.0197774	0.0409945	0.0629244	0.115413	0.0959444	0.0753107	0.0472871	0.0459356	0.0131141	0.0197235
102	0.0279349	0.00903182	0.361553	0.321549	0.00355407	0.0342013	0.0142301	0.00695638	0.0296119	0.00615251	0.00632271	0.0456487	0.00592374	0.0234224	0.00635293	0.0274688	0.0357765	0.0249517	0.00227282	0.00708449
103	0.0255187	0.0104792	0.00527315	0.00535017	0.0474216	0.0015651	0.00281539	0.253214	0.00606759	0.347228	0.0320511	0.00769365	0.00438126	0.00425049	0.005321	0.0102794	0.0140476	0.210385	0.000677627	0.00598064
104	0.0448385	0.00755725	0.00304542	0.00218325	0.0271657	0.00213131	0.00134663	0.285324	0.00516881	0.147683	0.0161167	0.0128544	0.00336271	0.0026007	0.00192069	0.0153914	0.0267379	0.389402	0.000502647	0.00466586
105	0.256487	0.0395276	0.00727135	0.00771036	0.0110496	0.0419359	0.00631633	0.0185433	0.00509853	0.030465	0.0113089	0.021404	0.0172759	0.010645	0.00794123	0.258262	0.16264	0.073863	0.00540763	0.00684817
106	0.00648952	0.00392995	0.00295625	0.00357387	0.0022791	0.0100441	0.00866193	0.015925	0.55922	0.0113678	0.0127844	0.0244938	0.00237398	0.0242023	0.256098	0.0181195	0.0180087	0.0134814	0.00209957	0.00389058
107	0.0313794	0.0111713	0.371221	0.224146	0.00485893	0.045548	0.0203621	0.0117962	0.0314517	0.0160907	0.00876339	0.0531551	0.00869491	0.0243238	0.0155861	0.0423608	0.0365303	0.0298925	0.00463298	0.00803474
108	0.0301695	0.0103352	0.00702125	0.00726326	0.0482476	0.00286	0.00481526	0.232075	0.00803008	0.321101	0.040206	0.00855249	0.00556479	0.00643505	0.0067198	0.017302	0.0214185	0.211039	0.000885983	0.00995725
109	0.0155259	0.0117179	0.0437545	0.0170824	0.006423	0.0109005	0.306776	0.00804301	0.0542855	0.0582332	0.00297084	0.0971929	0.00888941	0.0639987	0.122475	0.0671781	0.00997515	0.00877563	0.00175623	0.0840464
110	0.0588618	0.024069	0.0538031	0.027654	0.00118731	0.551028	0.0138692	0.0106873	0.00280678	0.0105913	0.00448587	0.0406891	0.0030255	0.00699542	0.0421346	0.104954	0.0306235	0.0094137	0.00194955	0.00117124
111	0.0723985	0.0118222	0.012526	0.0076613	0.0447369	0.0108905	0.00498398	0.152173	0.0241964	0.0964682	0.0908042	0.0408405	0.00829148	0.019867	0.00889712	0.0918745	0.104749	0.176325	0.00184693	0.0186477
112	0.0125692	0.00251363	0.191497	0.388205	0.00173345	0.00596794	0.0136697	0.0385181	0.0511007	0.0342996	0.0208542	0.0313474	0.00877681	0.0843587	0.0216299	0.0182675	0.0180819	0.0498433	0.00441902	0.00234678
113	0.0234017	0.0121417	0.0154162	0.0138565	0.016881	0.0168375	0.0155081	0.0153164	0.0147842	0.0491947	0.00908097	0.0159282	0.0133005	0.0158286	0.0207367	0.0604686	0.0226699	0.0187449	0.62057	0.00933325
114	0.00577866	0.0135268	0.00561139	0.0188688	0.00111918	0.0361641	0.0721315	0.00303221	0.27132	0.0188771	0.00152461	0.030998	0.0145768	0.0450305	0.391896	0.034777	0.023506	0.00405603	0.00402642	0.00317902
115	0.0139736	0.0206193	0.0124913	0.00773104	0.474533	0.0072694	0.0125815	0.0493331	0.00707612	0.137667	0.0138722	0.0110826	0.0115022	0.0108715	0.0147213	0.0275483	0.0143322	0.0607283	0.0103839	0.0816818
116	0.00618203	0.00622468	0.00386016	0.00946979	0.00146738	0.0192042	0.0279977	0.0103517	0.436425	0.0131996	0.00680724	0.0274071	0.0060172	0.033074	0.337849	0.021956	0.0171333	0.00862942	0.00239114	0.00435349
117	0.027783	0.0194938	0.0420541	0.0219661	0.0207006	0.0407356	0.213513	0.0198635	0.0688105	0.0476332	0.00805907	0.0773344	0.0229635	0.0521431	0.122696	0.074943	0.026864	0.0261033	0.00547337	0.0608669
118	0.0338974	0.00961431	0.00605511	0.00472303	0.0306751	0.00615091	0.00496403	0.28714	0.00570186	0.127397	0.0217117	0.00893542	0.00497618	0.00658445	0.00478961	0.0204422	0.0260128	0.376446	0.00122184	0.0125608
119	0.00582011	0.0275328	0.00484616	0.00276838	0.171074	0.00351612	0.0158451	0.00440404	0.00321471	0.00759029	0.00310215	0.00684738	0.00321346	0.00431155	0.00394916	0.012006	0.00579172	0.00867044	0.00133772	0.704158
120	0.0228386	0.0149209	0.0127666	0.0209384	0.00677249	0.0359446	0.0626784	0.0140818	0.210678	0.0363188	0.0110319	0.0365136	0.0322617	0.049719	0.315775	0.0477854	0.0293218	0.019909	0.00939665	0.0103472
121	0.0403482	0.0174803	0.0266557	0.0400614	0.00853242	0.029886	0.0916678	0.0157564	0.119699	0.0431294	0.0160855	0.0347214	0.0299671	0.132275	0.12328	0.0733461	0.109068	0.0253535	0.010301	0.0123857
122	0.0676993	0.0125906	0.00807904	0.00846424	0.00794305	0.0125441	0.0252106	0.0134247	0.0220206	0.0529546	0.00690171	0.0158989	0.487782	0.044005	0.0469479	0.0848475	0.0306518	0.0342359	0.00534366	0.0124544
123	0.00539172	0.00994449	0.00496954	0.0163134	0.00113738	0.037072	0.0534931	0.00564667	0.317485	0.0166902	0.0033105	0.0319834	0.0119053	0.0458746	0.378847	0.028842	0.0180385	0.00505071	0.0040098	0.00399492
124	0.0203733	0.0142075	0.0150535	0.0196622	0.00978935	0.0428813	0.0661322	0.0120359	0.206973	0.0372103	0.0105911	0.0365646	0.0233664	0.051765	0.324402	0.0446109	0.0299223	0.0174747	0.00615652	0.0108279
125	0.0334578	0.0174244	0.0276456	0.0180736	0.0304021	0.0219069	0.185508	0.0423784	0.0474258	0.140392	0.0204959	0.0506042	0.0262953	0.0489304	0.0887852	0.0570151	0.0288706	0.0458613	0.0187451	0.0497833
126	0.0260725	0.00746886	0.00603254	0.00618337	0.140689	0.00513655	0.00785299	0.126314	0.0109322	0.36695	0.0580596	0.00889196	0.0154745	0.0118538	0.0243929	0.0205555	0.0182798	0.116545	0.00427302	0.018041
127	0.0234375	0.0111272	0.00545375	0.00559163	0.114927	0.00299168	0.00747691	0.177326	0.00708927	0.368944	0.03773	0.00703816	0.010386	0.00676988	0.0130822	0.0159614	0.014265	0.142712	0.00288775	0.0248023
128	0.0668941	0.0210356	0.0334965	0.0332894	0.0135663	0.0278398	0.0340004	0.0340333	0.0465419	0.0504352	0.0257392	0.0364526	0.033362	0.076644	0.0559138	0.112582	0.22909	0.0516248	0.00759429	0.00986438
129	0.097348	0.0278284	0.0127903	0.0127454	0.00852057	0.0574517	0.00887465	0.0392006	0.0123719	0.0324043	0.0158798	0.0436644	0.0178086	0.0165295	0.0156711	0.289906	0.240813	0.0409542	0.00283381	0.00640381
130	0.0603096	0.0223819	0.0704464	0.0423925	0.00450507	0.435039	0.0175356	0.0150857	0.0142566	0.0193407	0.00762502	0.0484338	0.0152962	0.0144353	0.040637	0.0960214	0.0403507	0.022879	0.00871449	0.00431416
131	0.025036	0.0137638	0.0154398	0.0129941	0.0162956	0.016171	0.014935	0.0148169	0.0138804	0.0488373	0.00939554	0.0171902	0.0125135	0.0173103	0.0204581	0.060843	0.0237882	0.0226835	0.614443	0.00920504
132	0.103202	0.0460959	0.0141962	0.0127724	0.00989643	0.0385613	0.00964101	0.0167069	0.0126102	0.0252822	0.0160328	0.0560883	0.0209421	0.0137011	0.0155422	0.394303	0.148456	0.0343395	0.00317468	0.00845583
133	0.13218	0.0147429	0.00729733	0.00546475	0.010316	0.0865245	0.0106693	0.118392	0.00910452	0.121396	0.0228761	0.0113069	0.0205491	0.0242121	0.0146839	0.082406	0.117449	0.181552	0.00188283	0.00699518
134	0.0142481	0.019577	0.00754269	0.00436826	0.491315	0.00588924	0.0133884	0.0484281	0.00666851	0.133886	0.0141377	0.0104815	0.00891284	0.0107205	0.0145525	0.0276328	0.0142192	0.0566741	0.0141531	0.0832043
135	0.0249957	0.00433799	0.00113461	0.000988768	0.00367952	0.00137725	0.00105454	0.290962	0.00268822	0.0445644	0.00773414	0.00303836	0.00326336	0.00274242	0.00129616	0.0100191	0.015194	0.579514	0.000451902	0.000963553
136	0.0551745	0.0309938	0.039767	0.0142965	0.0056307	0.0953487	0.0284599	0.00888617	0.0178427	0.0197897	0.015851	0.163633	0.00803018	0.00891123	0.0208924	0.288396	0.159838	0.0131908	0.0015639	0.00350367
137	0.189466	0.0147732	0.0201698	0.0261669	0.00460166	0.0216282	0.0222117	0.0128395	0.0745551	0.0430986	0.0217633	0.0426118	0.0329841	0.0892523	0.117025	0.136018	0.0839311	0.035749	0.00687231	0.00428281
138	0.0109574	0.0077381	0.00641981	0.0136825	0.00264515	0.0216588	0.0373183	0.0110283	0.405011	0.0212748	0.00889287	0.0302175	0.0108989	0.0388616	0.304137	0.0283758	0.0208022	0.0120585	0.00330802	0.00471284
139	0.00453439	0.00370136	0.00287935	0.00351243	0.00170636	0.0107115	0.00930018	0.0141832	0.561225	0.00807573	0.00886268	0.0266334	0.00237155	0.0222173	0.270127	0.0178156	0.0158754	0.01096	0.0010854	0.00422171
140	0.0405156	0.0108361	0.0114428	0.0113817	0.0486182	0.00714586	0.00901945	0.18636	0.0107901	0.304785	0.043898	0.0101493	0.0130458	0.013051	0.0122346	0.026631	0.0293491	0.198583	0.00137675	0.0107872
141	0.0395518	0.00749751	0.00664689	0.00413484	0.0162286	0.00552891	0.00336434	0.213966	0.0149275	0.0688144	0.0482216	0.0135585	0.00542336	0.0114967	0.0050633	0.0434804	0.0498389	0.433243	0.00107162	0.00794235
142	0.248782	0.033944	0.00555798	0.00541423	0.0178308	0.0194393	0.00564304	0.0127001	0.00541086	0.0235914	0.0167059	0.0171374	0.0128935	0.00912108	0.00564072	0.319849	0.13302	0.0801829	0.0100257	0.0171096
143	0.0313784	0.0175603	0.0292164	0.033125	0.00230171	0.295339	0.0459924	0.00713392	0.102431	0.0174119	0.00381994	0.040447	0.0128697	0.0319391	0.218555	0.0686765	0.025404	0.00859464	0.00418194	0.00362239
144	0.0336634	0.0140529	0.366898	0.205391	0.00635642	0.0502111	0.0198863	0.0142662	0.0324097	0.0165374	0.0113268	0.0502777	0.0101523	0.0272209	0.0173521	0.0402216	0.0383612	0.0327134	0.00250413	0.0101969
145	0.240572	0.0288321	0.00621503	0.00735188	0.0110858	0.0276692	0.00400449	0.0139161	0.00655007	0.0223311	0.00970414	0.0190956	0.0147921	0.00980571	0.00686411	0.355215	0.142879	0.0600125	0.00473646	0.00836804
146	0.0238594	0.0351303	0.00622058	0.00407008	0.103791	0.00389734	0.0149717	0.232984	0.00528268	0.174464	0.0198964	0.0124272	0.00508517	0.00514556	0.00727959	0.0238387	0.0164129	0.241001	0.00318405	0.0610583
147	0.0308262	0.0115742	0.00510624	0.00416236	0.0492565	0.00198162	0.00277021	0.288465	0.00616031	0.261768	0.0241991	0.0138419	0.00283004	0.00349636	0.00350706	0.0121623	0.0177885	0.250643	0.000844038	0.00861636
148	0.00939327	0.0293913	0.00736022	0.00257662	0.426146	0.00516979	0.0204087	0.0527002	0.00326277	0.116842	0.0106353	0.01222	0.00937613	0.00987334	0.0140723	0.0292083	0.00820053	0.0705734	0.00696447	0.155626
149	0.0331995	0.00785184	0.0103621	0.00942491	0.0440892	0.00221927	0.00622384	0.213645	0.00865506	0.342898	0.0578202	0.00639803	0.00455609	0.00763315	0.00821876	0.0167934	0.0217304	0.191128	0.000572975	0.00658039
150	0.0214615	0.0164759	0.0118545	0.0242149	0.00542154	0.0384403	0.0668444	0.00993394	0.160151	0.0291518	0.0111812	0.031838	0.0215223	0.0736104	0.342241	0.0509307	0.0304515	0.0112936	0.036562	0.00641957
151	0.0676299	0.0215837	0.0833281	0.0267314	0.00188834	0.396359	0.0184718	0.0105187	0.0110139	0.0133275	0.00538867	0.0988379	0.00535376	0.00952907	0.0397651	0.127215	0.0503219	0.0098105	0.00127496	0.00165073
152	0.0322641	0.00967953	0.378099	0.3183	0.0040503	0.0401897	0.0160008	0.00406871	0.0262446	0.00400628	0.00434102	0.0400491	0.00500713	0.0190805	0.00432882	0.0257314	0.0341941	0.0265244	0.00158435	0.00625554
153	0.0244906	0.0100424	0.16541	0.035731	0.00187075	0.116389	0.0341348	0.00410481	0.0540371	0.00677599	0.00305368	0.321115	0.0137566	0.015265	0.0286696	0.108203	0.0482539	0.00465973	0.00132149	0.00271549
154	0.0533686	0.0227134	0.0678665	0.0328013	0.00135865	0.486084	0.0160547	0.00974378	0.0105359	0.0111202	0.00428953	0.0748324	0.00349319	0.00887997	0.0428437	0.110907	0.0313445	0.00884158	0.00153813	0.0013836
155	0.0120344	0.00248838	0.172196	0.377453	0.00178063	0.00554008	0.0141578	0.0376265	0.0536231	0.031736	0.0221115	0.0326061	0.010404	0.103559	0.0243167	0.0184365	0.0174767	0.0564488	0.00422828	0.0017755
156	0.0446123	0.00905417	0.018806	0.0175011	0.0351397	0.0129059	0.0247534	0.137414	0.0215826	0.28974	0.0541589	0.0163601	0.0151642	0.0555387	0.0242362	0.0385901	0.0412689	0.128481	0.00288979	0.0118031
157	0.028096	0.0912563	0.0166073	0.0123089	0.100684	0.0183029	0.0787936	0.0197637	0.0895248	0.101625	0.0206845	0.0245556	0.0162088	0.0787526	0.165669	0.044489	0.029837	0.0330519	0.00618024	0.0236083
158	0.0259725	0.0112485	0.00603013	0.0053424	0.0585854	0.00168596	0.00365348	0.24851	0.0064411	0.332691	0.0336206	0.00854189	0.00474884	0.00403449	0.0061343	0.0104455	0.0138605	0.208466	0.000850054	0.00913699
159	0.0656633	0.0238958	0.0515405	0.0317154	0.00274997	0.463871	0.0161403	0.013767	0.012809	0.0188949	0.00673178	0.0420541	0.0134295	0.0118623	0.0465099	0.109329	0.0404029	0.0197732	0.00474296	0.0041174
160	0.0203403	0.00417609	0.001012	0.00098961	0.00240764	0.00123566	0.00109146	0.333914	0.00233386	0.0404699	0.00666377	0.00255597	0.00277544	0.00262349	0.00124779	0.00832534	0.0124899	0.554213	0.000459629	0.0006747
161	0.0164573	0.0150188	0.0182324	0.0228443	0.00367815	0.0470143	0.133466	0.00704044	0.159775	0.0307995	0.0045731	0.0441534	0.0239676	0.056931	0.304791	0.0475493	0.0231676	0.00859906	0.0120101	0.0199326
162	0.0136947	0.0147039	0.0323014	0.0180304	0.00392057	0.0158206	0.299365	0.00430293	0.0837389	0.0386842	0.00349902	0.0740939	0.00713427	0.0562276	0.204628	0.0527451	0.0118122	0.00617744	0.00387611	0.0552436
163	0.316705	0.0207148	0.00751709	0.0065856	0.0110647	0.0362503	0.0279346	0.0280623	0.00689299	0.0756977	0.0122313	0.0131104	0.0138222	0.0131779	0.0121804	0.177486	0.0700018	0.134754	0.00670062	0.00911004
164	0.0806925	0.0122006	0.0143801	0.00830532	0.033637	0.0126894	0.00471271	0.151167	0.0235758	0.107823	0.0910298	0.0307688	0.00852989	0.015565	0.00907882	0.0869965	0.111593	0.178879	0.00190055	0.0164751
165	0.0208452	0.0163757	0.0110192	0.0311267	0.00144597	0.0437052	0.0848366	0.00331685	0.178406	0.0231573	0.00214766	0.0312373	0.0473133	0.0801315	0.312338	0.0573367	0.036578	0.00687469	0.00890081	0.00290681
166	0.0211767	0.090487	0.0481843	0.0461495	0.00434654	0.0452583	0.00516396	0.0193131	0.0187809	0.00746583	0.00322695	0.119125	0.0258984	0.0392707	0.0093713	0.406594	0.0320854	0.0177319	0.0113871	0.0289833
167	0.0562987	0.0664691	0.0101206	0.00936373	0.00984745	0.0724049	0.0103848	0.0273185	0.0401178	0.123322	0.202257	0.014994	0.0383879	0.0146742	0.0122943	0.126159	0.0889425	0.0344858	0.00382465	0.0383338
168	0.0198974	0.0120772	0.0110506	0.0111713	0.00602601	0.0950795	0.116632	0.00904395	0.0468501	0.0443743	0.00656993	0.0537568	0.0155897	0.144368	0.0906151	0.179189	0.0487015	0.0125878	0.00584122	0.070578
169	0.0313958	0.00608206	0.00794138	0.0045651	0.0320851	0.0262875	0.105036	0.0804153	0.00535993	0.315807	0.0280852	0.0272795	0.0500804	0.0744613	0.0467036	0.0377803	0.0329463	0.0457877	0.00245339	0.0394467
170	0.0635817	0.0218348	0.0497681	0.0220947	0.00197311	0.394772	0.02736	0.0156483	0.00522453	0.025718	0.00653663	0.0849631	0.00326539	0.0090889	0.0531571	0.144578	0.054425	0.012847	0.00126244	0.00190047
171	0.0735053	0.0121812	0.012682	0.00760211	0.034539	0.0115163	0.00465598	0.16653	0.0232454	0.10675	0.0874134	0.0298658	0.00848686	0.0145254	0.00859299	0.0843763	0.0994282	0.195557	0.00183093	0.0167151
172	0.0177774	0.00743527	0.00399782	0.00504029	0.151458	0.0040602	0.00898995	0.139853	0.00627419	0.416223	0.0362067	0.00591032	0.019775	0.00774876	0.0192428	0.0122957	0.00875926	0.103879	0.00420174	0.0208724
173	0.202747	0.00712234	0.0202958	0.0375119	0.0059259	0.0447142	0.00559727	0.012518	0.0295922	0.0430922	0.0223884	0.032479	0.0235596	0.027079	0.0212901	0.287245	0.143589	0.0295004	0.00123537	0.0025173
174	0.202211	0.00877974	0.0328838	0.0407846	0.00509107	0.0496009	0.00693207	0.0185469	0.0252058	0.0422193	0.015503	0.0377434	0.0201291	0.0252085	0.0230493	0.28364	0.123118	0.0348836	0.00160929	0.00285998
175	0.223697	0.0096142	0.00498476	0.00385586	0.0120368	0.032985	0.00838006	0.160594	0.00473162	0.13067	0.0126237	0.00758026	0.00989492	0.00825666	0.00565663	0.0467141	0.0398134	0.272706	0.00115741	0.00404749
176	0.227794	0.0385975	0.00536729	0.00517585	0.0284773	0.0131662	0.00762338	0.00879693	0.0044674	0.0209588	0.0285696	0.0180642	0.00878029	0.00976697	0.0053906	0.31371	0.124608	0.0926219	0.0180587	0.0200044
177	0.0156351	0.0110982	0.0557449	0.0227561	0.00234063	0.00737479	0.317507	0.00340178	0.0610573	0.0416842	0.00204589	0.110607	0.00448319	0.0548616	0.131071	0.0671972	0.00879231	0.00431498	0.00216536	0.075861
178	0.227475	0.032188	0.00775504	0.00822546	0.0145443	0.0261002	0.00815375	0.0217129	0.00993402	0.0346377	0.016295	0.0215119	0.019232	0.0142958	0.0117657	0.301852	0.118671	0.0890721	0.00703332	0.00954447
179	0.0535333	0.010511	0.00771854	0.00538372	0.0451222	0.00552068	0.0030219	0.230149	0.0143772	0.191044	0.0491651	0.0229974	0.0046411	0.007783	0.00544485	0.0415654	0.0534106	0.23552	0.000974619	0.0121168
180	0.20046	0.00669295	0.023027	0.038211	0.00292045	0.0377419	0.00440927	0.013321	0.0451458	0.0466014	0.0205843	0.0386254	0.0220291	0.0427468	0.0397609	0.263542	0.12177	0.0294856	0.001269	0.00165637
181	0.103066	0.00476936	0.0218681	0.0227748	0.0255405	0.0241456	0.0231816	0.00612845	0.00509066	0.0211897	0.0488992	0.0724121	0.0109264	0.0064783	0.00587927	0.161622	0.403308	0.027803	0.00200692	0.0029107
182	0.00656221	0.0129176	0.00748978	0.0257739	0.00098588	0.0569997	0.0798743	0.00199714	0.220358	0.0196504	0.000897091	0.0394219	0.0190529	0.057239	0.384923	0.035555	0.0187172	0.00336318	0.00535011	0.00287239
183	0.034998	0.066447	0.00469476	0.00361291	0.0050039	0.0328642	0.00520405	0.00599634	0.0130716	0.017365	0.0145785	0.0897416	0.0110232	0.00396589	0.00553449	0.527015	0.145236	0.00726305	0.00130397	0.00508053
184	0.0699148	0.0143501	0.0133614	0.00810869	0.0328032	0.0105086	0.00516425	0.164035	0.0231617	0.11764	0.102798	0.0262674	0.0093921	0.0141213	0.0114841	0.0816873	0.0976817	0.17892	0.00197524	0.016625
185	0.0129661	0.0202123	0.00713664	0.00426063	0.493906	0.00591939	0.0127828	0.0477	0.00555644	0.134366	0.0123217	0.0116206	0.00913274	0.00935973	0.0144436	0.0263963	0.0130646	0.0580288	0.0108906	0.0899345
186	0.0332057	0.0324879	0.0358093	0.0359719	0.00527529	0.0205517	0.0807206	0.0294598	0.034613	0.0635047	0.00683636	0.100084	0.0157651	0.0454053	0.0645568	0.218368	0.116396	0.0482622	0.00523495	0.0074915
187	0.0202604	0.00367498	0.00106951	0.000952051	0.00223834	0.00118204	0.00106918	0.272739	0.00302012	0.0375204	0.00871009	0.00240848	0.00275251	0.00317151	0.00129726	0.00905315	0.0132259	0.614579	0.000379555	0.000696228
188	0.00707139	0.0732798	0.0204143	0.0020193	0.235575	0.00456449	0.0339309	0.060737	0.00230447	0.0679615	0.00653205	0.0340638	0.0111484	0.00866863	0.0108927	0.061438	0.00723848	0.100597	0.00242863	0.249135
189	0.00548627	0.0261867	0.00480221	0.00271354	0.215873	0.00336024	0.0151961	0.00565951	0.00311651	0.0146976	0.00310845	0.00687819	0.00340871	0.00459789	0.00429044	0.0126841	0.00570619	0.0111476	0.00167132	0.649415
190	0.0155028	0.0114376	0.0551998	0.0188985	0.00267268	0.00716057	0.312778	0.00318174	0.0643195	0.0411732	0.00190785	0.113028	0.00384205	0.0533957	0.136406	0.066725	0.00689391	0.00451454	0.0016375	0.079324
191	0.0681978	0.0115785	0.00860293	0.0132024	0.00707604	0.0104987	0.0247987	0.0105259	0.0232491	0.0547988	0.00363162	0.0138328	0.505923	0.0444732	0.0487283	0.0786636	0.0276779	0.0299083	0.00359088	0.0110413
192	0.08116	0.0125049	0.0146287	0.00888	0.0330297	0.0129475	0.00493521	0.152222	0.0230199	0.108537	0.0908398	0.0288532	0.00882317	0.016258	0.00954296	0.0859145	0.110523	0.178983	0.00191768	0.0164796
193	0.0452129	0.0704397	0.00467306	0.00312439	0.00529089	0.0357569	0.00512692	0.00586384	0.0113692	0.0163005	0.0124393	0.0852628	0.0129127	0.00394213	0.00519899	0.519587	0.144053	0.00804434	0.00117928	0.00422257
194	0.0645047	0.0174899	0.0238839	0.0452669	0.00267089	0.0254531	0.106285	0.00670415	0.0543977	0.016783	0.00407611	0.0470871	0.0800975	0.110191	0.151881	0.12576	0.0718506	0.00985145	0.0291342	0.00663165
