223	20
1	0.0825373	0.0343441	0.0126555	0.041885	0.00865834	0.046769	0.0506328	0.0122113	0.109899	0.033969	0.00643368	0.0504608	0.00890808	0.0695349	0.193898	0.126362	0.023871	0.0752374	0.00415847	0.0075751
2	0.0214334	0.0118504	0.0984862	0.00288055	0.0213227	0.119045	0.0515334	0.0087357	0.0336417	0.00688661	0.00272588	0.302183	0.00300672	0.0263695	0.0195012	0.208461	0.0255797	0.00564352	0.00147165	0.0292424
3	0.0147431	0.057924	0.00365085	0.0184309	0.10034	0.0118904	0.0423077	0.0140182	0.214588	0.0377426	0.0199283	0.0226803	0.00535725	0.0474342	0.196727	0.0546428	0.0200347	0.010725	0.0606259	0.0462089
4	0.0231496	0.011941	0.00472515	0.0082972	0.0768245	0.00367265	0.0102274	0.0893199	0.00986099	0.537029	0.0545895	0.00967742	0.00961756	0.0221683	0.0113422	0.0300575	0.023663	0.0527795	0.00573475	0.00532258
5	0.0143865	0.0188959	0.00291221	0.0237139	0.0194264	0.0110935	0.00626903	0.01986	0.449035	0.0108989	0.0247246	0.0123318	0.0032569	0.0390018	0.268562	0.0240758	0.0233351	0.00380068	0.0132505	0.0111693
6	0.0369711	0.0103196	0.00321292	0.00573794	0.0590914	0.00397349	0.00472245	0.174385	0.00476888	0.427173	0.0584937	0.00499939	0.00553656	0.00993047	0.00529554	0.0209927	0.0273018	0.124409	0.00395216	0.00873276
7	0.0449205	0.0168788	0.0749612	0.020063	0.0204113	0.0730225	0.0614909	0.0184703	0.0559719	0.0253589	0.0101455	0.227798	0.0207972	0.0349458	0.0444831	0.161779	0.0421471	0.0193532	0.0041095	0.0228925
8	0.0984334	0.0182304	0.0942149	0.0654195	0.00862872	0.0320838	0.0245528	0.017816	0.0553569	0.0429231	0.0103796	0.0684943	0.0646435	0.0596246	0.0337995	0.188556	0.0817791	0.0290315	0.00114032	0.00489229
9	0.0719942	0.010468	0.0900353	0.0693776	0.00186596	0.0616459	0.0128382	0.00960177	0.115581	0.0182133	0.0112414	0.100204	0.0939343	0.0452651	0.0840643	0.143384	0.0460047	0.00991805	0.000472289	0.00388963
10	0.039299	0.0253471	0.0179094	0.0325269	0.0247727	0.021218	0.0315976	0.0273383	0.296302	0.0313504	0.0194367	0.035651	0.017234	0.0517023	0.176793	0.0671425	0.0360412	0.0178985	0.0116164	0.0188228
11	0.133175	0.0169506	0.0238383	0.0241272	0.0150295	0.01637	0.01136	0.0496546	0.0250785	0.0696476	0.0161259	0.0235681	0.0282527	0.0195937	0.0232833	0.236192	0.207765	0.0489598	0.00483108	0.00619703
12	0.0625575	0.0125905	0.071905	0.0862456	0.00664124	0.0545343	0.0227174	0.0141123	0.12486	0.0305351	0.0113248	0.087349	0.0638667	0.0727492	0.092309	0.123068	0.0409463	0.0142511	0.00200903	0.00542765
13	0.050691	0.017518	0.00667874	0.00249475	0.0745136	0.00866424	0.0104811	0.204626	0.00774788	0.122511	0.0855262	0.011424	0.00545942	0.0106424	0.00778111	0.0331665	0.0446092	0.219749	0.00094198	0.0747739
14	0.0200795	0.0092252	0.00392341	0.00540331	0.0913796	0.00405473	0.00667568	0.134803	0.0029753	0.468312	0.0904087	0.00504594	0.00499689	0.0104133	0.00515025	0.0179828	0.0162672	0.0891268	0.0053928	0.00838382
15	0.022991	0.00971041	0.00395931	0.0128988	0.0645846	0.00536035	0.0152353	0.144667	0.00531018	0.467533	0.0562496	0.00646947	0.00994475	0.0189566	0.00627208	0.021449	0.0156972	0.0974545	0.0111398	0.00411665
16	0.0305347	0.0108273	0.00149662	0.00311098	0.038836	0.00290441	0.00278758	0.309908	0.00268784	0.313469	0.0254822	0.00417927	0.00668365	0.0090177	0.00286753	0.0148378	0.0234158	0.190645	0.00186285	0.00444564
17	0.0300507	0.0132544	0.108131	0.00869372	0.0220227	0.118769	0.0436053	0.00931675	0.0296785	0.0103228	0.0038469	0.258285	0.00919635	0.0290468	0.0151625	0.213752	0.0375791	0.00860232	0.00138772	0.0292964
18	0.062137	0.0273692	0.0731969	0.0569813	0.00437017	0.0512852	0.0197447	0.0110929	0.124368	0.0189137	0.010584	0.0922397	0.100137	0.0455956	0.10468	0.134639	0.0438177	0.0105842	0.00235435	0.00590942
19	0.0722849	0.010596	0.0900863	0.0697546	0.00162072	0.0603554	0.012154	0.00931203	0.116636	0.0181634	0.0114133	0.0987773	0.0975291	0.045058	0.083742	0.142163	0.0466865	0.00956177	0.000445666	0.00365974
20	0.0173376	0.0721465	0.00532838	0.0171465	0.111539	0.00795695	0.0551399	0.0115383	0.0979213	0.0654083	0.00794193	0.0369703	0.00868131	0.0881045	0.170891	0.0614767	0.0283206	0.0144886	0.0773165	0.0443463
21	0.065371	0.0107539	0.0674312	0.0587606	0.00335866	0.0814139	0.0268855	0.00956612	0.113332	0.0239365	0.0144461	0.106136	0.0660091	0.044557	0.125906	0.124166	0.0364082	0.013029	0.00101486	0.00751776
22	0.0687098	0.0113724	0.0797833	0.0467437	0.00469005	0.05622	0.017944	0.0175648	0.111314	0.015924	0.00965059	0.134737	0.0614399	0.0431914	0.0714211	0.166972	0.0571149	0.0181554	0.00075937	0.00629164
23	0.0318083	0.0205824	0.0159455	0.0397898	0.0667981	0.0681403	0.0589203	0.122349	0.0259525	0.204247	0.0337137	0.0312865	0.0475817	0.0573549	0.0241672	0.0544229	0.0370982	0.0381003	0.00853746	0.0132046
24	0.0298631	0.0143287	0.0281878	0.00857323	0.0974037	0.0195621	0.024294	0.0701108	0.0562232	0.174751	0.0452545	0.0598789	0.0170339	0.0387242	0.0433735	0.0855198	0.0914955	0.0511236	0.0325806	0.0117179
25	0.0958466	0.0304111	0.0914131	0.040584	0.0132343	0.038501	0.0210698	0.0317073	0.0300788	0.0661667	0.0120293	0.0708052	0.0723261	0.0609968	0.0183649	0.156353	0.0687454	0.0737299	0.00144592	0.00619099
26	0.106325	0.0200194	0.0861187	0.0556641	0.0118827	0.019988	0.0232897	0.0223697	0.0213365	0.0587655	0.0107669	0.0626836	0.0409757	0.0482184	0.00573807	0.241642	0.117491	0.0410877	0.000698673	0.00493803
27	0.0334715	0.0167445	0.0314946	0.00997352	0.0697764	0.043368	0.0568807	0.0821994	0.0249639	0.214986	0.0642478	0.0516294	0.0257859	0.0255796	0.0253458	0.073064	0.0546029	0.0697602	0.00676849	0.0193578
28	0.0346734	0.00911553	0.00850074	0.00316844	0.0502168	0.0114906	0.00556554	0.229145	0.00509041	0.175278	0.115778	0.00569671	0.00312919	0.00913095	0.00360141	0.0139115	0.0443632	0.238905	0.00173439	0.0315049
29	0.0212872	0.0130776	0.116419	0.0030682	0.0235636	0.128486	0.0493505	0.00686071	0.0279284	0.00590171	0.00228991	0.287485	0.00321326	0.0263857	0.0133236	0.208464	0.0287004	0.00487918	0.00137177	0.0279446
30	0.071187	0.0114674	0.0911101	0.067794	0.00225265	0.0617824	0.0128743	0.00969291	0.112058	0.018908	0.0111569	0.103558	0.0960283	0.0435191	0.0797365	0.143941	0.048148	0.0103152	0.000448883	0.00402016
31	0.146704	0.0209061	0.0410491	0.0377248	0.0205416	0.0455527	0.00939232	0.0612874	0.0357901	0.060991	0.0282444	0.02408	0.0192779	0.0221813	0.0139919	0.123762	0.135299	0.143764	0.00246692	0.00699382
32	0.120946	0.019108	0.0550186	0.037891	0.0208093	0.0168094	0.0146812	0.0551402	0.0302646	0.0614566	0.0260631	0.0407423	0.029123	0.0350691	0.0104618	0.180647	0.142826	0.0952811	0.000932431	0.00672897
33	0.0324977	0.00857555	0.00240227	0.00292679	0.0366052	0.00341622	0.00293822	0.303914	0.00383453	0.304688	0.0233172	0.00459771	0.00682503	0.00867846	0.00332861	0.0207779	0.0324084	0.189101	0.00161262	0.00755547
34	0.0809146	0.0114352	0.0744554	0.06366	0.00273726	0.0501936	0.0145344	0.0110109	0.103921	0.0222296	0.0108482	0.0837657	0.0925035	0.0490428	0.0952433	0.162638	0.0539921	0.0116369	0.001348	0.00388943
35	0.0786877	0.0564501	0.0182679	0.0137327	0.0542382	0.0159617	0.0162976	0.0831344	0.0236413	0.136132	0.0453856	0.0230632	0.0715163	0.0622132	0.0150311	0.0818362	0.0597445	0.113483	0.00430031	0.0268823
36	0.117132	0.022583	0.0191143	0.0195782	0.0279338	0.0151999	0.00776252	0.089294	0.0466639	0.0651133	0.0479096	0.0267942	0.0214591	0.0211938	0.0187315	0.115426	0.150745	0.151753	0.00184016	0.0137722
37	0.0787507	0.0124787	0.0880678	0.0668391	0.00276185	0.0532672	0.0155114	0.0107621	0.100615	0.0249728	0.0109521	0.0953407	0.0919568	0.0444817	0.0709263	0.156153	0.0559187	0.0156541	0.000464024	0.00412514
38	0.0885612	0.0284848	0.050454	0.0633417	0.0118067	0.0122319	0.024749	0.0426175	0.0601573	0.0517841	0.00810323	0.0403703	0.0196122	0.123444	0.0259505	0.169503	0.112735	0.0564237	0.00463622	0.00503392
39	0.148682	0.0206613	0.0181657	0.0208299	0.0214538	0.0201444	0.00595455	0.0963789	0.0342962	0.0866466	0.0332215	0.0176858	0.0168719	0.0162825	0.0170978	0.127321	0.135678	0.151327	0.00353421	0.00776771
40	0.0123185	0.0181518	0.00491205	0.0280515	0.0261942	0.0117518	0.0122537	0.0151483	0.366551	0.00931887	0.0184951	0.0101474	0.00644941	0.0390184	0.329257	0.0264048	0.0337882	0.00428478	0.0115755	0.0159285
41	0.054361	0.0151327	0.105854	0.0249033	0.0241762	0.0811299	0.0353109	0.0147335	0.0258862	0.0270122	0.00629948	0.194593	0.0175168	0.03258	0.0121314	0.221111	0.0686101	0.0189761	0.00203284	0.0176491
42	0.0247048	0.00970799	0.00246811	0.00509337	0.0666164	0.00271295	0.00517184	0.155137	0.00369854	0.524946	0.0394921	0.00546386	0.00666685	0.00919127	0.00669031	0.0194339	0.0193234	0.0849829	0.00498174	0.00351623
43	0.089095	0.0323497	0.0492326	0.0242393	0.0205713	0.125789	0.0388866	0.0342437	0.0511431	0.0411698	0.0139289	0.0925698	0.0254279	0.033497	0.0620461	0.12815	0.0536815	0.0553478	0.00509359	0.0235372
44	0.0301411	0.00946536	0.00362536	0.00193672	0.0277271	0.00920189	0.00245617	0.355095	0.00321276	0.0990965	0.0695066	0.00338963	0.00280203	0.00597941	0.0029321	0.0108877	0.0268465	0.317465	0.00102119	0.0172123
45	0.0406246	0.0393381	0.00625158	0.00371675	0.123482	0.00612449	0.0226382	0.122001	0.0132228	0.153299	0.0351087	0.0316406	0.00902199	0.0247976	0.0157061	0.0594877	0.0490559	0.0939883	0.00258681	0.147907
46	0.0167468	0.0104501	0.00224706	0.00457551	0.118061	0.00287752	0.00525786	0.117336	0.002946	0.490066	0.0959893	0.0047701	0.00496541	0.00792717	0.00743994	0.0204113	0.0104945	0.0687598	0.00439696	0.00428158
47	0.0768349	0.0188077	0.157725	0.0594254	0.015223	0.0397038	0.03722	0.0290849	0.0464079	0.0407104	0.0109428	0.095034	0.0377285	0.039527	0.0346685	0.137598	0.0655336	0.0371071	0.00882053	0.0118975
48	0.0998587	0.0194547	0.0786789	0.0580558	0.00900987	0.0283638	0.0229774	0.0180793	0.0474299	0.0456832	0.0101821	0.0729901	0.0522086	0.049038	0.0314912	0.216832	0.0990521	0.0352832	0.000639103	0.00469207
49	0.112033	0.0189688	0.0815434	0.0601466	0.0115656	0.01854	0.0288438	0.0226104	0.0251549	0.0612247	0.00947467	0.0620783	0.0348137	0.0469759	0.00998672	0.240457	0.111922	0.0383263	0.000756387	0.00457758
50	0.0207458	0.0101057	0.00186634	0.00468895	0.0968011	0.00225136	0.00553108	0.0974784	0.00342673	0.563883	0.0713949	0.00517019	0.00640954	0.00923809	0.00759623	0.0190465	0.0131543	0.0533138	0.00522512	0.00267303
51	0.0969494	0.0157708	0.0654814	0.0486275	0.0119393	0.0301747	0.0165395	0.0221288	0.0459005	0.0454546	0.0204241	0.0511234	0.0457826	0.0349487	0.0224062	0.226444	0.16173	0.0310553	0.00175907	0.00536032
52	0.0170075	0.0102544	0.00278646	0.00430986	0.119921	0.00331461	0.00509038	0.120607	0.00307874	0.471529	0.103762	0.00465642	0.00468159	0.00788277	0.00722937	0.0193163	0.0120191	0.0729846	0.00397856	0.00558996
53	0.0519661	0.00861889	0.129992	0.112869	0.0033448	0.0524994	0.0166424	0.0160636	0.126104	0.0218763	0.0101044	0.0650019	0.0660279	0.0695464	0.0849823	0.11576	0.0349951	0.00886044	0.00116569	0.00357997
54	0.0722849	0.010596	0.0900863	0.0697546	0.00162072	0.0603554	0.012154	0.00931203	0.116636	0.0181634	0.0114133	0.0987773	0.0975291	0.045058	0.083742	0.142163	0.0466865	0.00956177	0.000445666	0.00365974
55	0.0294883	0.0151601	0.0100387	0.00810218	0.0116658	0.0271478	0.33282	0.0159586	0.0211791	0.020251	0.0350564	0.0449911	0.00953284	0.220268	0.0617996	0.0487035	0.0350565	0.0120874	0.00485032	0.035842
56	0.0304988	0.00963194	0.00363127	0.00184439	0.0227412	0.0100744	0.00240392	0.382018	0.00334188	0.0621905	0.0707879	0.00315549	0.00232829	0.00531707	0.0028604	0.0118645	0.0260422	0.331409	0.000968963	0.0168896
57	0.0692438	0.0144498	0.059724	0.0387636	0.00669342	0.043745	0.0429057	0.0146574	0.110782	0.0233488	0.0089544	0.121754	0.0398222	0.0480671	0.0890799	0.169046	0.06216	0.0280821	0.00167784	0.00704323
58	0.0929514	0.0179836	0.0216305	0.051908	0.00659156	0.0293313	0.0888838	0.0108549	0.103722	0.0514743	0.005426	0.0778337	0.010709	0.0721715	0.16454	0.142036	0.0161729	0.0268303	0.00263162	0.00631732
59	0.0972258	0.0198098	0.014076	0.0142691	0.0311071	0.0108037	0.00499291	0.156496	0.0292131	0.100698	0.0555434	0.0155155	0.0155634	0.0165497	0.0130006	0.0872551	0.114487	0.185447	0.00100215	0.0169437
60	0.185634	0.0479969	0.0236249	0.0173604	0.0261152	0.0396119	0.00626126	0.062727	0.0344833	0.0462406	0.0286027	0.0173448	0.0158653	0.0163561	0.0132513	0.13673	0.126125	0.146293	0.00276669	0.00660881
61	0.0370648	0.01974	0.0101919	0.0271293	0.0116207	0.0418225	0.0450381	0.0169462	0.239746	0.0249083	0.0127862	0.0575157	0.0093067	0.0964782	0.220755	0.0690921	0.0232901	0.015456	0.00766427	0.0134482
62	0.142716	0.0126908	0.0109674	0.0166905	0.0158629	0.0390795	0.00810828	0.0467971	0.0545973	0.100328	0.0146425	0.0166122	0.0114725	0.0113734	0.0387482	0.206545	0.146722	0.0841196	0.0168434	0.00508468
63	0.251702	0.101025	0.0128978	0.00806032	0.0136711	0.105662	0.00794676	0.0472908	0.0119507	0.0165679	0.00785603	0.00955203	0.00672903	0.0138802	0.00765909	0.164276	0.0657683	0.130718	0.00456505	0.012222
64	0.0506281	0.0372435	0.00383605	0.00523807	0.158362	0.00661177	0.0325799	0.0763667	0.0143478	0.0659165	0.0296241	0.0410369	0.00850794	0.0172889	0.0400718	0.124843	0.0283535	0.0737171	0.00559795	0.179828
65	0.0625349	0.0451033	0.00234981	0.00295092	0.164898	0.00440044	0.0407018	0.0774461	0.0104256	0.0794159	0.0208812	0.0313705	0.00774309	0.014868	0.030537	0.0904246	0.0258741	0.0971403	0.00374552	0.187189
66	0.0368382	0.0115797	0.00776657	0.00880103	0.00653653	0.0507966	0.262713	0.0102237	0.0411477	0.0197126	0.0135374	0.0757961	0.00627835	0.142799	0.139757	0.0678224	0.0358337	0.0118681	0.00305523	0.0471367
67	0.0216042	0.00862359	0.000890949	0.00425821	0.0709399	0.00123085	0.00384567	0.17182	0.00182052	0.515292	0.0392168	0.00397393	0.00597307	0.00890116	0.00396899	0.0154351	0.0140261	0.102405	0.00388829	0.00188522
68	0.0127079	0.0181991	0.0047968	0.02766	0.0258764	0.013768	0.0140568	0.0139658	0.353957	0.00923482	0.0176262	0.0104827	0.00618835	0.0386046	0.339906	0.0271517	0.0317511	0.00503882	0.0109437	0.0180841
69	0.0607285	0.0188133	0.0121128	0.0280653	0.0122126	0.0349873	0.0815005	0.0266834	0.109629	0.0551082	0.0105565	0.101894	0.00971352	0.0824684	0.209344	0.0781489	0.0238624	0.0216674	0.00598064	0.0165234
70	0.0335633	0.00718212	0.00125633	0.00213692	0.0223811	0.00228471	0.00228633	0.351575	0.0024975	0.298159	0.00817283	0.00391498	0.00715173	0.00771746	0.00262625	0.0146219	0.0283839	0.200931	0.00119245	0.00196485
71	0.0317868	0.118665	0.00482248	0.00657813	0.00839097	0.0216112	0.111557	0.00719574	0.0882965	0.0188791	0.00269513	0.0108614	0.0194998	0.0495807	0.414306	0.0561531	0.00912683	0.00746275	0.007607	0.00492484
72	0.0581301	0.03239	0.0151729	0.0462081	0.0150401	0.0112692	0.0509643	0.021088	0.160678	0.0223408	0.00403278	0.0425265	0.0229343	0.154146	0.202591	0.0596946	0.041733	0.0216443	0.0103988	0.00701776
73	0.0323413	0.00742038	0.0015962	0.00246799	0.0263351	0.00294475	0.00266518	0.334102	0.00299631	0.293986	0.015045	0.00419514	0.00885999	0.00839129	0.00286239	0.0150055	0.0273936	0.206707	0.00143972	0.00324542
74	0.0158764	0.0937904	0.00473243	0.00109618	0.00314067	0.0112686	0.113068	0.00590425	0.0396028	0.0178054	0.00110874	0.00177237	0.00735103	0.0234923	0.616627	0.0268346	0.00473186	0.00156504	0.00926536	0.000967231
75	0.0667035	0.0209589	0.0269241	0.0382619	0.0165709	0.0416286	0.072415	0.0127169	0.116696	0.051276	0.0092997	0.082025	0.0496924	0.0663668	0.15386	0.119713	0.0236089	0.0205237	0.00296384	0.00779385
76	0.043388	0.0365481	0.00399216	0.00246818	0.149765	0.0039812	0.022983	0.112348	0.0129345	0.127641	0.039053	0.0254406	0.00838277	0.0170423	0.0160727	0.0653271	0.0367437	0.105593	0.0016523	0.168643
77	0.0374816	0.0126382	0.0078783	0.00447281	0.063636	0.00889422	0.00798341	0.182314	0.00716513	0.238294	0.0952744	0.00833604	0.00541471	0.0110223	0.00630051	0.0239097	0.043428	0.189789	0.00242043	0.0433474
78	0.107005	0.0202662	0.0862503	0.0566727	0.0120991	0.0199137	0.0235561	0.0229631	0.0214127	0.0592386	0.0100561	0.0617177	0.0389349	0.048019	0.00575388	0.241423	0.118083	0.0411778	0.000673728	0.00478284
79	0.0295965	0.0310741	0.0168709	0.038145	0.0241833	0.010072	0.0516167	0.0145147	0.169619	0.0153443	0.00426951	0.0289323	0.0253464	0.105562	0.29212	0.0485805	0.0546004	0.0130478	0.0103457	0.0161579
80	0.0722998	0.0105998	0.090086	0.0697937	0.00162169	0.0601797	0.0122181	0.00933408	0.116441	0.0183035	0.011428	0.0987051	0.0974155	0.0451088	0.0835823	0.142363	0.0467693	0.00963547	0.000445242	0.00367067
81	0.107572	0.0203174	0.0865239	0.0566643	0.0122431	0.0194428	0.0238864	0.0227056	0.0199936	0.0596882	0.00983838	0.0613857	0.0382625	0.0481867	0.0047255	0.243191	0.119021	0.0408908	0.000676624	0.00478435
82	0.116153	0.0390727	0.0168242	0.0201139	0.025436	0.0163736	0.0137904	0.057105	0.0703739	0.117916	0.0514665	0.0250404	0.0179595	0.0210438	0.0218381	0.0893847	0.173693	0.0870017	0.00434769	0.0150667
83	0.145331	0.0148489	0.0175264	0.0809028	0.0104438	0.012614	0.0641087	0.062913	0.0970518	0.0660177	0.00774561	0.0306782	0.00860998	0.072955	0.0703433	0.12423	0.0699032	0.0325012	0.00364423	0.00763125
84	0.0271689	0.0125121	0.00951166	0.00783278	0.0187979	0.0391837	0.0380406	0.09943	0.0718473	0.0635572	0.104134	0.0470948	0.0349195	0.0820587	0.0829678	0.0648821	0.164036	0.0187221	0.00457145	0.00873128
85	0.0321863	0.00764444	0.00181001	0.0024966	0.0311468	0.00310879	0.00258019	0.315696	0.0024053	0.296321	0.0257409	0.00368909	0.00650027	0.00776023	0.00271378	0.0143382	0.0260009	0.210865	0.00144527	0.00555088
86	0.0302659	0.00976114	0.00354071	0.00184503	0.021979	0.0101029	0.00234787	0.384371	0.00328181	0.0596164	0.0702176	0.00313808	0.00236399	0.00531891	0.00285672	0.0117941	0.0257907	0.333787	0.000920847	0.0167003
87	0.0282428	0.0108165	0.00918512	0.00593673	0.00832883	0.0397585	0.308684	0.0118046	0.0312741	0.0180047	0.0152149	0.0781798	0.00681176	0.146491	0.11305	0.0555967	0.0415036	0.00980081	0.0039412	0.057374
88	0.291466	0.0760316	0.00565137	0.0101444	0.0135752	0.0249821	0.00511637	0.0623745	0.0144844	0.0191613	0.00924742	0.00998515	0.0114859	0.00804486	0.00754413	0.26612	0.0822029	0.0735446	0.00599678	0.00284118
89	0.0122688	0.00726677	0.00317099	0.00409351	0.104815	0.003694	0.0178139	0.0439799	0.011575	0.555615	0.0282635	0.0189982	0.013795	0.0207994	0.030207	0.0509853	0.0387267	0.027234	0.00412028	0.00257746
90	0.0289915	0.00911546	0.00239543	0.00175668	0.0179629	0.00839623	0.0023637	0.416842	0.00307258	0.0907	0.0478923	0.00300854	0.00268493	0.00428423	0.00273345	0.0137117	0.0257405	0.306679	0.000828558	0.0108407
91	0.126938	0.0159431	0.0156015	0.0223773	0.0251451	0.0166622	0.00577107	0.0811863	0.0377234	0.0818366	0.0337565	0.0176798	0.0163517	0.0159382	0.0224539	0.147133	0.177395	0.128086	0.00446235	0.00755893
92	0.1571	0.0428013	0.0370061	0.030122	0.0154798	0.0213817	0.0154594	0.0406494	0.0240923	0.065459	0.0159721	0.0325442	0.0267879	0.0293521	0.0159706	0.246698	0.118909	0.0515975	0.00530315	0.0073148
93	0.02158	0.0895739	0.00576973	0.00940213	0.0396908	0.0126426	0.112713	0.00913557	0.0850847	0.04379	0.00329321	0.0149412	0.0104146	0.0724155	0.372541	0.0409036	0.0131915	0.00821233	0.0209498	0.0137553
94	0.0302475	0.00759335	0.00135725	0.00268545	0.0288695	0.00281336	0.00277859	0.333345	0.00259789	0.326732	0.0136364	0.00387427	0.00695558	0.00801349	0.00294391	0.0143834	0.0252443	0.182143	0.00162223	0.00216363
95	0.0515315	0.0155346	0.183254	0.0383129	0.0162214	0.0717521	0.0695895	0.00947561	0.0298956	0.0111035	0.00401001	0.226312	0.00782482	0.0261042	0.0162448	0.151279	0.036092	0.00750458	0.0104405	0.017518
96	0.0495424	0.0500327	0.0133517	0.00613425	0.132798	0.0172318	0.0384445	0.0625264	0.0193342	0.0713672	0.0202903	0.0592262	0.0090175	0.0215027	0.0319114	0.102201	0.0452976	0.0655686	0.0111921	0.17303
97	0.0695153	0.132743	0.0160376	0.0101056	0.0422682	0.0778304	0.0601665	0.0493527	0.0336568	0.0424266	0.0182959	0.0385181	0.0115853	0.0492701	0.0459328	0.0907452	0.0279477	0.0434424	0.0152641	0.124896
98	0.0557009	0.0217271	0.0416515	0.0216613	0.0313487	0.040496	0.045216	0.0850581	0.0505354	0.0706496	0.0225099	0.159333	0.0194761	0.0351885	0.0466747	0.115687	0.055015	0.0525455	0.00680569	0.0227203
99	0.261552	0.0866747	0.016347	0.00896333	0.0140611	0.121689	0.0063859	0.0360666	0.0129068	0.0168737	0.00575296	0.0078756	0.0060057	0.00766579	0.00766101	0.153019	0.0740688	0.146917	0.00485584	0.00465892
100	0.0186751	0.0105038	0.00228945	0.00496843	0.105258	0.00237673	0.00555154	0.111188	0.00313721	0.522154	0.0796066	0.00495316	0.00523559	0.0086765	0.00733956	0.0212321	0.0121463	0.0653364	0.00473954	0.00463107
101	0.0113743	0.0232161	0.00449665	0.00390684	0.161936	0.0186788	0.0982928	0.0148847	0.0119931	0.0823864	0.00433983	0.0220118	0.00403972	0.00816573	0.0180651	0.0201424	0.00927765	0.00946158	0.0389915	0.434339
102	0.064635	0.0368194	0.00549043	0.00523428	0.137776	0.00664858	0.0306969	0.0935888	0.0143679	0.0904147	0.0316856	0.0318182	0.0142238	0.0201576	0.0194821	0.0861058	0.047625	0.106823	0.00162379	0.154782
103	0.0840375	0.014328	0.0634827	0.0578378	0.00643357	0.0673202	0.0208666	0.0175656	0.0899893	0.029448	0.011934	0.0909106	0.0623817	0.041821	0.0836255	0.148404	0.0663975	0.0354245	0.00152738	0.00626411
104	0.0395295	0.0124173	0.00140625	0.00505274	0.0465077	0.00238508	0.00380973	0.222783	0.00322701	0.429647	0.0277134	0.00384333	0.0068966	0.00866566	0.00394785	0.0247878	0.0232046	0.128441	0.00324965	0.00248491
105	0.0891454	0.0171726	0.0722281	0.0466396	0.0103859	0.0183967	0.0237284	0.0200758	0.0232029	0.0658001	0.00908879	0.0539875	0.151541	0.0400731	0.00925357	0.205632	0.105383	0.0330057	0.000952768	0.00430705
106	0.0742742	0.0102228	0.0882683	0.0817405	0.00303036	0.0504262	0.0159124	0.0120407	0.113426	0.0312624	0.0131883	0.0799668	0.0710823	0.0626259	0.0724179	0.151573	0.0515983	0.0127417	0.000728196	0.00347385
107	0.093098	0.014079	0.0487266	0.0355777	0.00390509	0.0323292	0.0134557	0.0124191	0.145392	0.0136292	0.0108586	0.0954718	0.0397165	0.0507656	0.0878112	0.182962	0.0929695	0.0217483	0.00172911	0.00335528
108	0.105894	0.0219341	0.0814371	0.054644	0.0131177	0.0193507	0.0265602	0.0281104	0.0212083	0.0637849	0.0113747	0.060741	0.0360313	0.047168	0.00643237	0.225878	0.118405	0.0495182	0.0010243	0.00738559
109	0.0380741	0.008783	0.00450545	0.00284516	0.0323006	0.00676814	0.00313474	0.283456	0.00361238	0.202618	0.0724543	0.00393566	0.00475686	0.0108833	0.00277021	0.0119188	0.0353126	0.250827	0.00176205	0.0192818
110	0.0505476	0.0124375	0.010016	0.019863	0.0069321	0.0554034	0.108194	0.0122474	0.100578	0.034573	0.0143368	0.108068	0.00650715	0.0788305	0.2176	0.0871743	0.0218484	0.0241398	0.00270566	0.0279966
111	0.0237397	0.133658	0.00520237	0.00604065	0.00769339	0.014178	0.10752	0.00902321	0.118682	0.0165097	0.00291961	0.00965728	0.041941	0.0481731	0.375444	0.0504574	0.0125358	0.00515918	0.00661617	0.00484876
112	0.018039	0.010004	0.00139906	0.0044553	0.0866926	0.00160795	0.00552874	0.0949148	0.00349123	0.599119	0.0489361	0.00564174	0.00631507	0.00978775	0.0086679	0.0204059	0.0156248	0.0510001	0.00516381	0.00320502
113	0.0525025	0.0185851	0.0572139	0.0952316	0.013019	0.0272613	0.028144	0.0252378	0.152951	0.036435	0.00896905	0.048618	0.0302683	0.126804	0.0919621	0.107695	0.0461579	0.0226187	0.00481116	0.00551406
114	0.0869236	0.0182311	0.024108	0.0526742	0.00723864	0.0379039	0.0707186	0.0127286	0.118017	0.056031	0.0064196	0.0672534	0.0174715	0.065817	0.156734	0.132731	0.0217406	0.0375799	0.00338832	0.00629043
115	0.035317	0.00748188	0.00158795	0.0021115	0.0213681	0.00296726	0.00218012	0.354308	0.00242859	0.274117	0.0147601	0.00358644	0.00638426	0.00728683	0.00259205	0.0148825	0.0289847	0.212921	0.00118258	0.00355199
116	0.0451748	0.0320095	0.0244644	0.0716997	0.054291	0.0141069	0.0387163	0.034834	0.145783	0.0411554	0.00927382	0.0327408	0.0149599	0.145018	0.108756	0.0673027	0.0559535	0.032915	0.0163124	0.0145325
117	0.0352774	0.0430787	0.0136333	0.0256979	0.0252399	0.0198846	0.0380325	0.0399971	0.219812	0.0277201	0.0152357	0.0848903	0.0184741	0.0634881	0.18412	0.0630026	0.0364627	0.0167485	0.013579	0.0156256
118	0.316485	0.0314074	0.00386024	0.0208434	0.00928693	0.0154127	0.00585202	0.0448448	0.0283976	0.0350246	0.00594983	0.0200109	0.0121891	0.00967511	0.012643	0.293035	0.0774851	0.0389769	0.0155726	0.0030477
119	0.269137	0.104267	0.0101287	0.0136113	0.0166576	0.038757	0.0124378	0.0573247	0.0198896	0.0278066	0.0134777	0.0143043	0.0134137	0.0145582	0.0132316	0.187395	0.0886387	0.0698452	0.0058181	0.00930028
120	0.114623	0.0225934	0.0124775	0.0121228	0.0343394	0.0254674	0.0105483	0.148897	0.0205922	0.169167	0.0328529	0.0148085	0.0150899	0.0167787	0.0144718	0.0723892	0.0721478	0.168195	0.00446817	0.0179703
121	0.0158164	0.0938279	0.00472264	0.00109987	0.00311602	0.0112347	0.113015	0.00589476	0.0395276	0.0177931	0.00111027	0.00175136	0.00735209	0.023516	0.616981	0.02681	0.00469873	0.00156504	0.00926075	0.00090692
122	0.0177664	0.00987435	0.00296376	0.00416071	0.118144	0.00346309	0.00498809	0.127507	0.0030666	0.45602	0.103852	0.00459365	0.00454416	0.00789041	0.00703348	0.018683	0.0129266	0.0815843	0.00379679	0.00714052
123	0.0336964	0.00704015	0.00134211	0.00210445	0.0217209	0.0023545	0.00222665	0.352038	0.0024934	0.296276	0.00894391	0.00387607	0.00703797	0.00758237	0.00260344	0.0145868	0.0286337	0.202109	0.00118311	0.00215102
124	0.104612	0.0150281	0.00741848	0.0556445	0.0385694	0.0114296	0.0389953	0.0208016	0.0716871	0.0531024	0.0377999	0.0679965	0.00881228	0.0159672	0.0404927	0.0681017	0.220227	0.0174044	0.00489257	0.101018
125	0.0422997	0.0113818	0.0117184	0.0180301	0.00828653	0.0940901	0.0959185	0.0140068	0.096449	0.0408737	0.0123208	0.115552	0.0067063	0.060285	0.208143	0.078437	0.0284738	0.0193157	0.00333902	0.0343729
126	0.122474	0.0190477	0.0185669	0.0205012	0.029179	0.0149136	0.00689332	0.0906881	0.044636	0.0710374	0.0518922	0.0221368	0.0214691	0.0201129	0.0191338	0.115151	0.151612	0.148081	0.00162666	0.0108472
127	0.0703539	0.0117945	0.0895313	0.06641	0.00195649	0.0616118	0.0123039	0.00995703	0.115613	0.0176876	0.0111811	0.103227	0.0978364	0.0434294	0.0832966	0.142647	0.0462853	0.00959473	0.000481784	0.00480118
128	0.0464958	0.0636965	0.00961756	0.00826148	0.0995228	0.0487426	0.135463	0.0323432	0.0959929	0.0331732	0.00726595	0.0159913	0.00489982	0.0238967	0.165267	0.0526585	0.0125588	0.0115937	0.0398789	0.0926802
129	0.0186862	0.0553595	0.00457453	0.0103123	0.160554	0.0121306	0.0786806	0.015726	0.0622156	0.0747618	0.00921035	0.0477365	0.00488294	0.0404259	0.143246	0.0849192	0.0165309	0.0158284	0.0748203	0.0693984
130	0.117053	0.0211405	0.32892	0.118441	0.00571284	0.00531643	0.0557489	0.00778326	0.00779676	0.0107748	0.00476015	0.110118	0.00434037	0.0229537	0.00830096	0.0699852	0.0564506	0.00710503	0.0332528	0.00404533
131	0.0217723	0.0323679	0.0360884	0.00762654	0.0101408	0.0188668	0.348549	0.0122471	0.0464446	0.017886	0.00813549	0.13393	0.0274325	0.0302531	0.0562946	0.144835	0.0188954	0.0112897	0.00357438	0.0133702
132	0.110008	0.0193356	0.0161861	0.0168797	0.0267594	0.0133942	0.00545035	0.143209	0.0351428	0.0701659	0.0512627	0.0183296	0.0184214	0.0175568	0.0153166	0.100811	0.131321	0.177541	0.00115238	0.0117573
133	0.107746	0.0183202	0.0201138	0.0340271	0.0366313	0.0303206	0.0121756	0.0756236	0.0381789	0.056684	0.0668907	0.0234794	0.0203414	0.020793	0.0186177	0.133327	0.176555	0.0943448	0.00364489	0.0121849
134	0.0269168	0.00257131	0.00849269	0.00817083	0.00230432	0.00220853	0.00861737	0.0096142	0.0155294	0.113038	0.00182172	0.00374124	0.702824	0.00893716	0.00310422	0.0593105	0.012646	0.00764583	0.000863476	0.0016418
135	0.0379516	0.00998003	0.0103286	0.00355332	0.0530985	0.0110405	0.00589064	0.215522	0.0069062	0.170814	0.11535	0.00692169	0.00377274	0.00942191	0.00446867	0.0173252	0.0513868	0.226125	0.00163065	0.0385114
136	0.0181349	0.00927876	0.00079094	0.00464042	0.0818909	0.00105828	0.00432066	0.0975454	0.0018559	0.625841	0.0473091	0.00377387	0.00521933	0.00790679	0.0052503	0.0160077	0.0116597	0.0503713	0.00557316	0.00157155
137	0.0523159	0.0393908	0.0121487	0.0414844	0.0241942	0.0127863	0.0635846	0.015115	0.139293	0.0308486	0.00297004	0.0491279	0.0158728	0.136814	0.206584	0.0703957	0.034299	0.0265065	0.016655	0.00961443
138	0.0386014	0.012307	0.0826507	0.152832	0.0118218	0.0209669	0.0181982	0.016998	0.122677	0.0803775	0.00903084	0.0448299	0.0178132	0.145312	0.0357967	0.114524	0.0514714	0.0145835	0.00359186	0.00561597
139	0.0265233	0.0115679	0.00377533	0.00588682	0.0843965	0.00383782	0.00719257	0.094465	0.0048684	0.564419	0.0481583	0.00846996	0.00722713	0.0113395	0.00943099	0.0247745	0.0186882	0.0533756	0.00563823	0.00596521
140	0.0308845	0.0304408	0.0101915	0.0119046	0.0144455	0.030122	0.258231	0.0118159	0.0512453	0.0213871	0.0116276	0.0533693	0.00900363	0.123233	0.191501	0.0580428	0.0290619	0.0119766	0.00813733	0.0333792
141	0.017498	0.0738236	0.00434848	0.0169516	0.133284	0.0109688	0.0607049	0.0136613	0.118241	0.0535798	0.010291	0.0292518	0.00464798	0.0659812	0.16307	0.0626544	0.0183215	0.0160526	0.0788629	0.0478046
142	0.021156	0.00879026	0.00151361	0.00432212	0.0719969	0.00193111	0.00489877	0.133487	0.00289574	0.567193	0.041129	0.00526773	0.00625843	0.0088179	0.00581629	0.0183852	0.0172334	0.0718583	0.00491938	0.0021306
143	0.0274874	0.00400893	0.00861087	0.00810478	0.0036701	0.00287463	0.00952994	0.0105147	0.0218878	0.122179	0.00313001	0.00540916	0.665243	0.0141289	0.0041746	0.0632492	0.0135641	0.00913704	0.00106514	0.00203044
144	0.030097	0.00987074	0.00352113	0.0017816	0.0229235	0.00978915	0.00225877	0.380332	0.00314295	0.0668999	0.0696313	0.00308847	0.00237259	0.00542531	0.00277464	0.0113272	0.0255802	0.331933	0.000907699	0.0163428
145	0.0523563	0.034857	0.020794	0.0478077	0.0151513	0.0120424	0.0556567	0.0243997	0.147691	0.021542	0.00290825	0.0510058	0.0255771	0.144128	0.189165	0.0664023	0.0482336	0.0233617	0.0100758	0.00684517
146	0.017188	0.0768522	0.00373496	0.020108	0.153003	0.010947	0.0716951	0.0114589	0.0992492	0.0573766	0.00870921	0.0278293	0.00415508	0.0708391	0.12937	0.0678518	0.015945	0.0204773	0.0739289	0.059281
147	0.029126	0.0559529	0.00698209	0.0175665	0.0397822	0.0103315	0.0647722	0.0158847	0.109892	0.0327062	0.00768414	0.0266515	0.00865229	0.110013	0.295763	0.0694632	0.0246468	0.0127653	0.044975	0.0163895
148	0.0687605	0.0126684	0.00758782	0.00789349	0.0196305	0.0101364	0.00314658	0.29943	0.0149076	0.131528	0.0353389	0.00822503	0.00917756	0.00905192	0.00742509	0.0539891	0.0701953	0.221811	0.00093913	0.0081572
149	0.0782168	0.018481	0.0290986	0.0716853	0.0118269	0.00380473	0.0350522	0.0992185	0.103951	0.013997	0.00258906	0.0334543	0.00439636	0.157281	0.0658979	0.0478112	0.134382	0.0842068	0.00169793	0.00295152
150	0.0344458	0.0308357	0.0041139	0.0033657	0.169759	0.00997261	0.0544337	0.0655462	0.0106373	0.0848501	0.0188203	0.026957	0.00709612	0.0116857	0.0213592	0.0571747	0.022754	0.0575049	0.0144378	0.294251
151	0.0470497	0.0222467	0.0226191	0.0412677	0.0191055	0.0167139	0.028103	0.0634376	0.246834	0.0266432	0.0160571	0.0338969	0.0124259	0.103939	0.129685	0.0588736	0.059258	0.0330876	0.00940974	0.00934673
152	0.0313301	0.00989398	0.00325926	0.00182845	0.0202997	0.0108528	0.00228187	0.394198	0.00337968	0.0671708	0.0620733	0.0031477	0.00271236	0.00518905	0.00294826	0.0131182	0.0257452	0.325257	0.000928012	0.0143855
153	0.123028	0.115244	0.0102071	0.00895065	0.0357179	0.0288377	0.0555235	0.0757537	0.0196726	0.128665	0.0198255	0.0247156	0.0121258	0.0838848	0.0201567	0.0748341	0.0299279	0.043951	0.00544125	0.0835369
154	0.0724016	0.0139875	0.0108495	0.0119232	0.0401443	0.00997183	0.00626001	0.113126	0.0194571	0.338222	0.0345769	0.0128784	0.0122652	0.0127582	0.012117	0.0672367	0.0909006	0.109623	0.00382767	0.00747317
155	0.0180526	0.00965239	0.000821209	0.00465452	0.085052	0.00110151	0.00435076	0.099149	0.00196388	0.616804	0.0514309	0.00378508	0.00511696	0.00794968	0.00558745	0.0163767	0.0109909	0.0504121	0.00546746	0.0012804
156	0.128094	0.0241482	0.0176186	0.0190702	0.0258589	0.0143406	0.00664999	0.0898259	0.0403787	0.0643514	0.0508256	0.0209851	0.0249577	0.0199764	0.0175513	0.105057	0.156998	0.161473	0.00168385	0.0101553
157	0.0101068	0.0215275	0.00509158	0.00352335	0.152074	0.0206498	0.103451	0.0133368	0.00974481	0.0800665	0.00359751	0.0213424	0.00400536	0.0065395	0.0142869	0.0148614	0.00870849	0.00658688	0.0355187	0.464981
158	0.0262519	0.0187593	0.00825847	0.0187862	0.0236933	0.0209262	0.0229539	0.0467839	0.304693	0.0535876	0.0427254	0.0532099	0.00991513	0.0427296	0.186457	0.0455029	0.0367079	0.0145828	0.0114407	0.0120353
159	0.306148	0.0881741	0.00352047	0.00834639	0.0150932	0.0208175	0.0049327	0.0766556	0.00898399	0.0150744	0.00978977	0.00671533	0.0125757	0.00665363	0.00481777	0.263533	0.0735774	0.0665675	0.00530859	0.00271459
160	0.0228317	0.00805282	0.00160661	0.00413462	0.058881	0.00218962	0.00443214	0.227913	0.00270203	0.428453	0.0341749	0.00694173	0.00699101	0.0120045	0.00362355	0.0136913	0.0184407	0.135667	0.00322579	0.0040425
161	0.0170509	0.0163137	0.0279538	0.0058953	0.00989288	0.0237783	0.259418	0.0120697	0.103318	0.0148603	0.00671867	0.27206	0.0122282	0.0160279	0.0258732	0.13609	0.0163045	0.0106871	0.00336181	0.0100975
162	0.0216129	0.0126524	0.112346	0.00308019	0.0238942	0.129681	0.0502218	0.00672745	0.02851	0.0058397	0.00230676	0.288691	0.00318886	0.0267459	0.0140684	0.208173	0.0281074	0.00472198	0.00132649	0.0281051
163	0.0137117	0.00796123	0.008477	0.00524954	0.0853902	0.0110785	0.029907	0.0362633	0.0181154	0.412773	0.0403029	0.033676	0.025841	0.0407919	0.0431612	0.105662	0.0528477	0.0186539	0.00476428	0.00537218
164	0.223497	0.0433843	0.0143511	0.0288267	0.0275848	0.0653284	0.00871543	0.0349819	0.0230512	0.0570944	0.0110249	0.0159128	0.0109754	0.0122318	0.0140017	0.196935	0.124559	0.0621437	0.0202882	0.00511284
165	0.0275334	0.00313764	0.00879826	0.00830318	0.00260539	0.0027949	0.00906599	0.00992855	0.0166607	0.113936	0.00207311	0.00471805	0.693482	0.00964269	0.00464073	0.0595073	0.0127742	0.00771384	0.000873529	0.00181044
166	0.107507	0.0203208	0.086465	0.0566408	0.0122397	0.0194906	0.0238865	0.0227562	0.0200375	0.0596839	0.00987023	0.0613894	0.0382539	0.0481494	0.00473605	0.243135	0.119035	0.0409355	0.000678466	0.00478824
167	0.0987404	0.0444028	0.0135459	0.0128275	0.0857353	0.0230273	0.0392728	0.057657	0.02538	0.0617079	0.0230312	0.0408442	0.0152459	0.0312182	0.0339895	0.126462	0.0516404	0.069279	0.00666397	0.139329
168	0.0185223	0.00876618	0.000947765	0.0044815	0.080103	0.00124351	0.0039358	0.135903	0.00185978	0.564357	0.0445621	0.00394767	0.00561288	0.00827244	0.00466604	0.0158377	0.012589	0.0783916	0.00456835	0.00143157
169	0.0497835	0.0519687	0.00648726	0.0126851	0.0110169	0.0066133	0.0166401	0.0302224	0.0870371	0.0362013	0.00520608	0.031464	0.00779729	0.189474	0.0999162	0.237272	0.0371443	0.0102695	0.0658317	0.00696924
170	0.116857	0.0212095	0.329452	0.118757	0.00571351	0.00533928	0.0557387	0.00778376	0.00786001	0.0107536	0.00472163	0.109828	0.00434083	0.0229262	0.00835831	0.0697918	0.0561514	0.00706138	0.0332912	0.00406568
171	0.0167085	0.014772	0.00164175	0.00439111	0.10466	0.00208997	0.00542532	0.100482	0.0037231	0.544134	0.0672371	0.00520947	0.0058484	0.00980408	0.0139656	0.0206951	0.0132393	0.0575002	0.00450966	0.00396275
172	0.0332201	0.0271975	0.0247002	0.00677034	0.0503029	0.0549199	0.162431	0.0356739	0.0631795	0.0508213	0.00729141	0.0339174	0.00609687	0.027705	0.147101	0.0397379	0.0175864	0.0105611	0.0155172	0.18527
173	0.0786577	0.0186541	0.0285552	0.0716883	0.0116886	0.00378797	0.0348989	0.0992112	0.104359	0.0140637	0.00257806	0.0337191	0.00439938	0.15729	0.0656767	0.0478248	0.134264	0.084037	0.00170417	0.00294248
174	0.0269168	0.00257131	0.00849269	0.00817083	0.00230432	0.00220853	0.00861737	0.0096142	0.0155294	0.113038	0.00182172	0.00374124	0.702824	0.00893716	0.00310422	0.0593105	0.012646	0.00764583	0.000863476	0.0016418
175	0.114518	0.0172279	0.020584	0.0202902	0.0244541	0.0268353	0.00926852	0.078882	0.0473281	0.0642051	0.0528353	0.0320016	0.0327021	0.0256536	0.023147	0.120876	0.148047	0.126032	0.00175989	0.0133517
176	0.0158334	0.0936434	0.00475701	0.00110407	0.0033473	0.0113637	0.113194	0.00589702	0.0395885	0.0178369	0.00112313	0.00182324	0.00733863	0.0235397	0.616093	0.0268384	0.00471104	0.00158717	0.00930787	0.00107249
177	0.122886	0.00770702	0.00533448	0.00742588	0.00601344	0.011413	0.00682531	0.0114939	0.0118913	0.0869666	0.021684	0.00835357	0.103933	0.00930361	0.0797295	0.30798	0.174475	0.00970427	0.00294566	0.00393525
178	0.019564	0.00933666	0.00102376	0.00486915	0.0857471	0.00139225	0.00477227	0.0965889	0.00204539	0.608266	0.0538751	0.00424055	0.00535943	0.00837572	0.00557895	0.0177428	0.0118339	0.0515636	0.00560817	0.00221667
179	0.0158164	0.0938279	0.00472264	0.00109987	0.00311602	0.0112347	0.113015	0.00589476	0.0395276	0.0177931	0.00111027	0.00175136	0.00735209	0.023516	0.616981	0.02681	0.00469873	0.00156504	0.00926075	0.00090692
180	0.102149	0.0379889	0.070702	0.040368	0.0210886	0.0204338	0.0409738	0.0331608	0.0230225	0.0727811	0.0154692	0.0514564	0.0300626	0.0412496	0.0138386	0.203662	0.104542	0.043786	0.00283596	0.0304283
181	0.107609	0.0202547	0.0861731	0.0568708	0.0121548	0.0196555	0.0239126	0.022566	0.0207629	0.0595958	0.00982627	0.0614736	0.038385	0.0484249	0.00561323	0.242398	0.118123	0.0407815	0.000691607	0.00472766
182	0.0242708	0.0121452	0.108026	0.00277684	0.0241161	0.124365	0.0567686	0.00723397	0.0267188	0.00613283	0.00233185	0.28023	0.00325686	0.0319219	0.0138403	0.21241	0.026288	0.0050185	0.00139055	0.0307582
183	0.0723895	0.0104033	0.0901225	0.0719344	0.00177807	0.0597859	0.0124874	0.00950804	0.116129	0.0190395	0.0113222	0.0958682	0.0937679	0.0489755	0.0856666	0.138848	0.0482367	0.00946559	0.000619273	0.00365237
184	0.0516958	0.0253497	0.0300352	0.0101686	0.0558604	0.061691	0.0553007	0.0713893	0.0382055	0.156319	0.057796	0.0695012	0.0431323	0.0240421	0.0349755	0.0782811	0.0743827	0.0348503	0.00516553	0.0218578
185	0.0102295	0.00714613	0.00533838	0.00392588	0.134028	0.00521655	0.0187947	0.0187578	0.0232661	0.463023	0.0192687	0.0216203	0.0208015	0.0305548	0.054835	0.0741632	0.0595402	0.0219478	0.00435128	0.00319125
186	0.0184184	0.0140522	0.00473291	0.00515763	0.114408	0.0058817	0.0190335	0.0574676	0.0190028	0.469354	0.0390614	0.0170965	0.0121619	0.0225127	0.0463876	0.0471885	0.0330732	0.0360511	0.00861001	0.0103489
187	0.121018	0.0189194	0.020321	0.0217266	0.0283943	0.0144834	0.00701252	0.0914629	0.044659	0.0685462	0.0467355	0.023069	0.0216355	0.0235758	0.0200125	0.114612	0.152476	0.149869	0.00133963	0.010131
188	0.100355	0.0179992	0.0157642	0.0219454	0.0286786	0.014164	0.00927438	0.10474	0.0425023	0.103858	0.0571862	0.019425	0.0313024	0.026262	0.0160023	0.0883553	0.128106	0.158393	0.00307919	0.0126078
189	0.0440401	0.00936326	0.144483	0.135391	0.0064518	0.0499275	0.0248002	0.0158997	0.123393	0.0253331	0.00902936	0.0527688	0.0490587	0.0761767	0.088849	0.0970933	0.0315838	0.0103591	0.00194235	0.00405585
190	0.0161362	0.0949149	0.00469484	0.00110361	0.00326841	0.011389	0.113079	0.00582078	0.0404123	0.0178342	0.00114254	0.0018111	0.00774836	0.0243852	0.611941	0.02791	0.00477633	0.00156654	0.00912443	0.000941471
191	0.185421	0.0203574	0.0299358	0.0267553	0.0102039	0.0257669	0.0113583	0.0252536	0.0164411	0.0599673	0.0114905	0.0261551	0.0516835	0.0208328	0.0267028	0.284485	0.128835	0.0289976	0.00532871	0.00402872
192	0.0222825	0.0171262	0.00475051	0.00750434	0.130692	0.00677633	0.0202381	0.0844971	0.0154051	0.394961	0.0547307	0.015075	0.011984	0.0175671	0.0246039	0.0390145	0.0228848	0.0540583	0.0101862	0.0456618
193	0.233182	0.030621	0.0225076	0.0294456	0.00903576	0.0116064	0.00915856	0.0470477	0.0147131	0.0333619	0.00866203	0.0219024	0.0364583	0.0233698	0.0119826	0.328098	0.0917647	0.0272729	0.00611975	0.00368989
194	0.0634512	0.0457621	0.0023443	0.0030137	0.162854	0.00446884	0.0407528	0.0769735	0.010327	0.0783341	0.0206289	0.0319269	0.00801355	0.0149204	0.0300245	0.0900417	0.0261729	0.100037	0.00355371	0.1864
195	0.0955725	0.153021	0.00607786	0.00608673	0.0132209	0.0631783	0.0375288	0.0844607	0.0121399	0.0254319	0.0295403	0.0334461	0.00755806	0.0940946	0.0119503	0.139698	0.0161009	0.0693249	0.0033784	0.0981901
