246	20
1	0.241987	0.0940921	0.00699826	0.0102242	0.00486735	0.0443692	0.00684159	0.0130396	0.00707519	0.0131395	0.0071443	0.00743089	0.00244849	0.00849396	0.196118	0.168486	0.127564	0.0313047	0.00213574	0.00623942
2	0.281703	0.0540765	0.00174952	0.0018659	0.00636787	0.00936111	0.00153391	0.0351759	0.00296928	0.0419822	0.0318313	0.00332402	0.000652686	0.00313871	0.00218936	0.0681185	0.108401	0.332978	0.000488301	0.0120926
3	0.221871	0.0208672	0.00481552	0.00195937	0.00117455	0.555202	0.00136413	0.00337257	0.00196693	0.00320454	0.00164285	0.00502724	0.0048699	0.00524762	0.00239141	0.133496	0.00819841	0.014007	0.000482056	0.00884029
4	0.0173048	0.019277	0.000374894	0.00372441	0.0446214	0.000481808	0.000388826	0.242642	0.00267544	0.344038	0.069171	0.00179246	0.00134538	0.00271505	0.00101502	0.00321093	0.011755	0.218447	0.0023456	0.0126738
5	0.0251276	0.0124408	0.000378502	0.00107572	0.0801388	0.00079021	0.00132905	0.247462	0.000859971	0.354672	0.0761672	0.0028225	0.000372098	0.000987149	0.00131925	0.00394328	0.00525817	0.166821	0.00373036	0.0143042
6	0.480115	0.0907887	0.00380348	0.00624003	0.00114754	0.0366166	0.00155386	0.0215174	0.00242329	0.0168569	0.00947665	0.00285147	0.00163249	0.00386488	0.00277413	0.189627	0.0550149	0.0675773	0.00046849	0.00565074
7	0.04592	0.0232117	0.00324028	0.000913013	0.00727162	0.000707379	0.000630804	0.387831	0.000961584	0.0351975	0.00693418	0.000828581	0.0031377	0.00116783	0.000832823	0.00259204	0.039161	0.435854	0.00270481	0.000901646
8	0.172685	0.0194816	0.014781	0.020739	0.00683543	0.509636	0.0113846	0.00927015	0.0150122	0.0141259	0.00779306	0.0107154	0.010058	0.0135843	0.0114553	0.104209	0.0131924	0.0191654	0.00179731	0.0140796
9	0.0132009	0.0251138	0.000574231	0.00646997	0.0374918	0.000625818	0.000509784	0.235552	0.00457	0.323604	0.0547938	0.00139957	0.00221995	0.00429332	0.000936094	0.00270199	0.0151212	0.255822	0.00158995	0.0134099
10	0.0514064	0.020761	0.00882808	0.0141919	0.0123217	0.00824833	0.0117406	0.105253	0.0134164	0.0667817	0.0931768	0.00883515	0.00607098	0.0452082	0.0106211	0.0277827	0.0336267	0.44938	0.00320379	0.00914491
11	0.0285097	0.00997322	0.00271798	0.000716764	0.00714166	0.000594953	0.000474983	0.268741	0.000702854	0.027761	0.0034886	0.000645118	0.00130632	0.00118469	0.000650823	0.00393729	0.0171836	0.621469	0.00110972	0.001691
12	0.115073	0.0325155	0.0283726	0.0379149	0.0157149	0.0218531	0.0230943	0.0454715	0.0327538	0.046643	0.0192504	0.0293068	0.00751181	0.0301547	0.0286891	0.145559	0.22788	0.0921446	0.00374593	0.0163498
13	0.325196	0.0463808	0.0191064	0.0284112	0.00723567	0.0917461	0.0119822	0.0283011	0.0359266	0.0326529	0.0140636	0.0250173	0.0150709	0.0197325	0.0215399	0.132348	0.0499953	0.0806111	0.00279881	0.0118836
14	0.188681	0.0402804	0.0282387	0.0329919	0.00729978	0.0671828	0.0200724	0.0215866	0.0381683	0.0259684	0.0129703	0.0339888	0.0134288	0.0227909	0.0269729	0.265263	0.0943639	0.0451398	0.00254138	0.0120695
15	0.0587458	0.0222414	0.0434971	0.0677358	0.0281494	0.0254904	0.130641	0.0301253	0.0629745	0.054657	0.0304895	0.037238	0.0156387	0.11872	0.075543	0.0563773	0.0444613	0.0557084	0.00725155	0.0343147
16	0.0675758	0.023042	0.194023	0.0542269	0.0173021	0.024953	0.0319003	0.0189364	0.0470573	0.0336068	0.015106	0.207816	0.0129444	0.0346893	0.0430573	0.0720788	0.0435252	0.0316799	0.00561894	0.0208605
17	0.11587	0.00364344	0.0538346	0.0992209	0.00142447	0.0360945	0.0156072	0.0496536	0.0804486	0.0903954	0.0235193	0.0203636	0.178455	0.0618999	0.0217453	0.0261147	0.00490055	0.107027	0.000544872	0.0092368
18	0.077731	0.0310943	0.0409776	0.152324	0.0014423	0.0541422	0.0436247	0.0239955	0.0563375	0.00528569	0.00939926	0.0275083	0.111188	0.0588203	0.0361859	0.12444	0.0546782	0.0784324	0.00078871	0.0116049
19	0.0273402	0.00584946	0.461149	0.187971	0.00963571	0.0133721	0.00839761	0.0097197	0.0222907	0.0103823	0.00387253	0.090808	0.0201477	0.0170437	0.0153188	0.0241615	0.0162712	0.00903204	0.00368135	0.0435556
20	0.0787961	0.0260714	0.181447	0.0618614	0.0138273	0.0263008	0.0325068	0.0204172	0.0512042	0.0321724	0.0152047	0.178115	0.0191727	0.0378955	0.0423052	0.0827987	0.0436895	0.031692	0.00515871	0.0193631
21	0.0953766	0.029005	0.0359998	0.0467282	0.0136193	0.201244	0.0295208	0.0215668	0.0724867	0.0312856	0.0197319	0.0357046	0.0174605	0.0445305	0.124945	0.0743212	0.0423973	0.038707	0.00566824	0.0197007
22	0.0202024	0.0120225	0.000506506	0.00131578	0.0565806	0.000520963	0.000442039	0.269363	0.000881442	0.361029	0.0805743	0.00224659	0.000472354	0.00103066	0.00113031	0.00424783	0.00579675	0.170182	0.00324908	0.00820685
23	0.0801104	0.0158588	0.0371931	0.0746872	0.00963141	0.019302	0.02246	0.0271497	0.217271	0.0345703	0.0148311	0.0399074	0.0271853	0.0662233	0.124896	0.069082	0.0505387	0.0527523	0.00482551	0.0115249
24	0.0208652	0.0115739	0.000435309	0.00105942	0.0574125	0.000523291	0.000388599	0.268847	0.000737629	0.365177	0.0814951	0.00228837	0.000379054	0.000898752	0.00114895	0.00411914	0.00529808	0.16598	0.00338016	0.00799212
25	0.0249828	0.00373739	0.00228553	0.000643405	0.00746026	0.000496014	0.000501228	0.200399	0.000631588	0.0226405	0.00273679	0.000605567	0.000588899	0.00182058	0.00060989	0.00658389	0.00770716	0.713088	0.00038803	0.0020934
26	0.0154106	0.00257448	0.592361	0.109636	0.00299848	0.00668819	0.00352597	0.00376365	0.0186006	0.0082583	0.00138035	0.136765	0.019301	0.0116435	0.0145995	0.0170039	0.00646338	0.00334461	0.00386634	0.0218152
27	0.130524	0.10526	0.00740155	0.00957414	0.101614	0.00856155	0.0405162	0.0436533	0.0115361	0.013423	0.00881472	0.00912355	0.171717	0.0386171	0.00925415	0.151246	0.0775361	0.0501472	0.00330371	0.00817617
28	0.0293735	0.00978471	0.167081	0.00474024	0.0116435	0.0274796	0.102627	0.00421513	0.0866009	0.0862589	0.0699304	0.104806	0.00148688	0.0894294	0.0639551	0.0880058	0.0263688	0.0111579	0.00097266	0.0140831
29	0.0494146	0.0312079	0.0145177	0.0886235	0.0922721	0.0803132	0.0253904	0.0334475	0.0243941	0.15853	0.0202218	0.0163696	0.00921616	0.047548	0.0271881	0.0351958	0.0285411	0.0417653	0.146004	0.0298389
30	0.0709225	0.0171578	0.0786786	0.176708	0.0166478	0.0299242	0.0203636	0.0909578	0.0607172	0.0737868	0.0224004	0.0236379	0.0307158	0.0492741	0.0321464	0.0539755	0.056489	0.0766289	0.00403833	0.0148296
31	0.0784068	0.0307597	0.0401149	0.15017	0.00141156	0.0539632	0.0433742	0.0242002	0.0568761	0.00585648	0.00970317	0.0276837	0.111829	0.0587151	0.0359724	0.124825	0.0544258	0.0794056	0.000801692	0.011506
32	0.0135361	0.012331	0.00259324	0.00363402	0.0958434	0.0071995	0.120049	0.104213	0.0161261	0.145108	0.0148252	0.0188913	0.00188653	0.0366415	0.00861731	0.0246498	0.021283	0.0484166	0.0507134	0.253442
33	0.482051	0.104135	0.00355003	0.00640654	0.000774915	0.036724	0.0010621	0.0203465	0.00117883	0.0166942	0.00598335	0.00104831	0.00107555	0.00371455	0.0021472	0.18987	0.0569652	0.06021	0.000416419	0.00564625
34	0.0677803	0.00983744	0.144572	0.15935	0.00794802	0.0110809	0.00932076	0.0143671	0.0157845	0.0146893	0.0638332	0.0452762	0.0057668	0.0142985	0.0127442	0.112073	0.166813	0.112324	0.00243107	0.00970957
35	0.112791	0.0102405	0.0615197	0.154501	0.00290873	0.0112306	0.0306064	0.0149094	0.124911	0.043872	0.0182181	0.0464343	0.000452698	0.110986	0.0934638	0.0681371	0.059285	0.0297195	0.000380745	0.00543159
36	0.0232956	0.0122701	0.000360552	0.00114477	0.063083	0.00067367	0.000587045	0.255863	0.000783948	0.369303	0.0797933	0.0024636	0.000363087	0.000901061	0.00123022	0.00402893	0.00535182	0.165737	0.00361311	0.00915234
37	0.276798	0.0384542	0.00226701	0.00244985	0.0070235	0.00900809	0.00257235	0.0443864	0.00314018	0.0340425	0.0243773	0.00366428	0.00111473	0.00334878	0.0028444	0.0687016	0.0888132	0.369419	0.000628439	0.0169463
38	0.077649	0.021188	0.0380571	0.0317486	0.0103757	0.0285487	0.0377928	0.0220721	0.158458	0.058542	0.0258488	0.111442	0.012958	0.0696106	0.124691	0.0906191	0.0432535	0.0287676	0.00244875	0.00592797
39	0.469904	0.118817	0.00602884	0.0112495	0.0012627	0.0375638	0.00125936	0.0160221	0.00160588	0.0143999	0.00508191	0.00140744	0.000941305	0.00601565	0.00329085	0.176602	0.0715495	0.0513582	0.000457279	0.005182
40	0.0165075	0.00294675	0.00244425	0.000672964	0.0072401	0.000510014	0.000475765	0.174371	0.000585042	0.0228499	0.00221059	0.000564159	0.000296834	0.00163034	0.000560384	0.00511336	0.00518353	0.753365	0.000171923	0.00230048
41	0.0233114	0.0159366	0.00108354	0.00136631	0.317205	0.00180389	0.0149337	0.152782	0.0017973	0.164657	0.012936	0.0066245	0.000620664	0.00291915	0.00232119	0.00355106	0.00747211	0.155442	0.00680504	0.106432
42	0.0126016	0.0259757	0.000499673	0.00669	0.0376921	0.00056339	0.000555598	0.228557	0.00479271	0.323903	0.0526208	0.00132887	0.00225685	0.00462853	0.000939414	0.00260116	0.0170302	0.260856	0.00142669	0.0144811
43	0.195507	0.0138031	0.00493403	0.00126973	0.00103559	0.629545	0.0012461	0.0014331	0.00129136	0.00168886	0.00104986	0.00295775	0.00535514	0.00562704	0.00180246	0.112418	0.00198219	0.00688459	0.00044245	0.00972667
44	0.0253712	0.0239683	0.0160186	0.0259564	0.0283426	0.0140921	0.0992771	0.0165538	0.131462	0.0215262	0.0508469	0.00546628	0.00159191	0.0417753	0.308447	0.0163149	0.0244565	0.0311324	0.018841	0.0985591
45	0.0285786	0.00692654	0.510648	0.095576	0.0052158	0.0124988	0.0121576	0.00989738	0.0268202	0.0147639	0.00610727	0.128718	0.0197901	0.0201299	0.0221025	0.0275511	0.0171065	0.0130597	0.00399537	0.018357
46	0.0556934	0.0171924	0.0214031	0.0160819	0.00901216	0.0181856	0.0277486	0.00825941	0.0267166	0.00943089	0.00660172	0.0796854	0.00459093	0.0284452	0.0162038	0.343664	0.282403	0.0202081	0.00198782	0.0064864
47	0.0570339	0.0143616	0.0161354	0.043976	0.00744205	0.0122999	0.0281475	0.0199229	0.238895	0.0237868	0.0157636	0.0299401	0.0189659	0.0743553	0.241612	0.0458276	0.0363791	0.0516589	0.00600031	0.0174957
48	0.162686	0.0209142	0.0721894	0.161517	0.00205733	0.0400324	0.0187487	0.00855486	0.0614553	0.00741608	0.00412184	0.0368818	0.0846958	0.0236066	0.0119843	0.185162	0.0454787	0.0323856	0.000813748	0.0192977
49	0.0620815	0.0111071	0.00599755	0.0070849	0.00445467	0.00927896	0.0486905	0.00629901	0.00710011	0.00809441	0.00540376	0.0176419	0.00405189	0.00854733	0.00699619	0.455313	0.308461	0.0163732	0.00159197	0.00543092
50	0.137964	0.0503466	0.00513772	0.00367344	0.00207759	0.471733	0.00295224	0.00392747	0.00337793	0.00448004	0.00260887	0.0111048	0.0040192	0.00620687	0.00358971	0.258735	0.00617242	0.00949252	0.000988195	0.0114122
51	0.0112242	0.00270772	0.633323	0.0717151	0.0018938	0.00241742	0.00414966	0.00150037	0.0163112	0.00869137	0.000933974	0.163327	0.015494	0.00862343	0.0152708	0.0145512	0.00206813	0.0021004	0.00422703	0.0194699
52	0.0225327	0.0276863	0.0027634	0.00369628	0.170435	0.0140053	0.0700345	0.0869093	0.00736581	0.186968	0.0329976	0.00942322	0.00137656	0.0333936	0.0159572	0.0232799	0.0198524	0.0406997	0.0175695	0.213054
53	0.055654	0.00589133	0.20259	0.296375	0.00285582	0.0858466	0.0101448	0.0208089	0.0587172	0.0104949	0.00193058	0.0176656	0.0462589	0.0470264	0.0285229	0.0537524	0.0358539	0.0126826	0.000578703	0.00634899
54	0.0110509	0.0352411	0.000962403	0.012309	0.0288334	0.00109991	0.000982644	0.21336	0.00832812	0.300697	0.0438376	0.00136736	0.00417163	0.00798119	0.00121101	0.00277807	0.0201123	0.288102	0.000847237	0.0167266
55	0.0231325	0.0334248	0.0017424	0.0105504	0.0277246	0.00147233	0.00118134	0.187275	0.0103235	0.282916	0.0519849	0.00161726	0.00336435	0.0119802	0.00204774	0.00658678	0.0281602	0.30015	0.000855038	0.01351
56	0.0674383	0.0114542	0.00416399	0.00490102	0.00344863	0.00877896	0.0305032	0.00532327	0.00607452	0.0061554	0.00459618	0.0147963	0.00374229	0.00574318	0.00581777	0.451323	0.344206	0.0154064	0.00149296	0.00463432
57	0.120549	0.0255911	0.0252602	0.0412627	0.0111353	0.0201983	0.0211832	0.0382343	0.0480702	0.0388222	0.0199051	0.0349702	0.0116404	0.0365012	0.0320872	0.145363	0.233679	0.0792179	0.00325905	0.0130711
58	0.115332	0.0249519	0.0766423	0.0898842	0.0127315	0.0412972	0.0208694	0.032024	0.0771651	0.0392827	0.0143447	0.0331197	0.143532	0.0480186	0.0366612	0.0795098	0.0377891	0.0597943	0.00484426	0.0122058
59	0.0660378	0.0496713	0.0122729	0.041519	0.0563456	0.0164487	0.00878732	0.120817	0.0194415	0.0918598	0.251987	0.00794413	0.00340247	0.117446	0.00996329	0.0347757	0.0446877	0.0269588	0.00313429	0.0164996
60	0.0392198	0.0212088	0.00168936	0.00358932	0.0522227	0.00515664	0.00202418	0.189111	0.00300623	0.385737	0.0970189	0.00390335	0.00117753	0.00482954	0.0029007	0.00683505	0.00982725	0.15735	0.00355627	0.00963611
61	0.197993	0.0307949	0.0279471	0.046203	0.0288794	0.0340446	0.123377	0.0302412	0.04787	0.0435882	0.0212582	0.0360007	0.0193225	0.0388923	0.0453653	0.082408	0.048323	0.0554353	0.00755953	0.0344969
62	0.0162965	0.0153649	0.000944219	0.00130178	0.380167	0.001249	0.0522751	0.00168363	0.00127055	0.0239815	0.00110732	0.00595611	0.000551423	0.00140146	0.0109986	0.00701105	0.00198861	0.0116909	0.0278381	0.436922
63	0.0265041	0.0126857	0.000380238	0.000957131	0.05889	0.00108021	0.00042836	0.247765	0.000741339	0.377944	0.0851314	0.00259768	0.000332079	0.000843589	0.00126806	0.00405694	0.005105	0.161909	0.0036114	0.00776828
64	0.0249147	0.00563682	0.00264135	0.00118108	0.00681406	0.000962943	0.00067537	0.174459	0.00112371	0.0244857	0.00576589	0.000885719	0.00052661	0.0031797	0.000801425	0.00753021	0.0154736	0.720111	0.000402994	0.00242853
65	0.0311574	0.0288972	0.0158371	0.0140859	0.0241487	0.0165659	0.0813687	0.0122615	0.130286	0.0266829	0.0404713	0.00391317	0.00127176	0.0389135	0.330918	0.0201762	0.0303131	0.027928	0.0242392	0.100564
66	0.017714	0.00354111	0.00281435	0.000775497	0.00748299	0.000542092	0.000498106	0.182398	0.000618988	0.0253258	0.00233741	0.000588715	0.000388325	0.00162196	0.000562797	0.00508639	0.0061039	0.738709	0.000228314	0.00266257
67	0.0273691	0.00663912	0.50389	0.0929988	0.0058991	0.0161747	0.0115626	0.00980092	0.0270639	0.017231	0.00575141	0.133731	0.0191995	0.019207	0.0197478	0.0297018	0.0156391	0.0147694	0.00406327	0.0195605
68	0.334649	0.26024	0.00581231	0.00859072	0.00480233	0.119268	0.00534869	0.0104887	0.00628298	0.0321639	0.00551807	0.00548399	0.00288078	0.00747066	0.00853975	0.0578886	0.0879561	0.0279246	0.00173848	0.00695244
69	0.488553	0.0351095	0.0042292	0.00708456	0.00158114	0.0372611	0.00428382	0.00906587	0.0107163	0.00845886	0.00417954	0.031267	0.0091033	0.00447488	0.00889507	0.271608	0.0325368	0.026148	0.00095819	0.00448546
70	0.0380302	0.0522909	0.154158	0.0490438	0.00775078	0.0251967	0.0838005	0.0100316	0.019415	0.0164451	0.010689	0.341344	0.00562893	0.0188922	0.020206	0.0960929	0.0246216	0.014782	0.00258978	0.00899103
71	0.172101	0.0267949	0.0199522	0.0248742	0.00650486	0.493564	0.009564	0.00823095	0.0133105	0.013917	0.00712128	0.0114811	0.0102057	0.0141005	0.0130941	0.10582	0.0138872	0.0179143	0.00312802	0.0144341
72	0.0175646	0.00369922	0.00242753	0.000653801	0.00723639	0.000518654	0.000459297	0.182771	0.000598143	0.0231827	0.00245124	0.000585336	0.000409189	0.00162726	0.000582539	0.00499561	0.00634933	0.741429	0.000261468	0.00219788
73	0.236901	0.0232636	0.00566299	0.00240156	0.00208549	0.538665	0.00211974	0.00427416	0.00365919	0.00615879	0.0025882	0.00539789	0.00610632	0.00614673	0.00298466	0.11822	0.00876751	0.0148904	0.000743028	0.00896388
74	0.195548	0.0138174	0.00525485	0.00130848	0.00105621	0.626679	0.00130243	0.00151344	0.0014595	0.00172099	0.00106503	0.00304743	0.00540508	0.00551411	0.00187051	0.113935	0.00208771	0.00679417	0.000442319	0.010179
75	0.116871	0.00314046	0.053862	0.0990587	0.00136798	0.0357561	0.0149811	0.0506896	0.0804318	0.0917758	0.0240883	0.0205043	0.176394	0.0621298	0.02203	0.0249221	0.00431072	0.107851	0.000523236	0.009312
76	0.172518	0.0200489	0.00163133	0.0343249	0.00239994	0.016651	0.00754865	0.022228	0.24869	0.0253504	0.00965279	0.0443096	0.0745943	0.0858715	0.0964174	0.0847749	0.0133834	0.0252059	0.012612	0.00178743
77	0.0255417	0.0124657	0.000341553	0.000950015	0.0582403	0.000844925	0.000401713	0.24685	0.000738482	0.381542	0.084219	0.00246539	0.000327266	0.000923844	0.00125879	0.00408145	0.00524024	0.162312	0.00365012	0.00760553
78	0.275676	0.289621	0.00619275	0.008921	0.0119217	0.0341571	0.00838824	0.0195752	0.00976507	0.0278097	0.01178	0.00835884	0.00612191	0.0104301	0.00965601	0.0667857	0.0453455	0.115204	0.00684991	0.0274408
79	0.179194	0.0218249	0.0121356	0.0141272	0.0079068	0.527702	0.0056167	0.00671096	0.00850537	0.0110487	0.00391719	0.0114763	0.00827186	0.0131345	0.00914098	0.117953	0.0118885	0.0153832	0.00203441	0.0120275
80	0.504598	0.0309495	0.0024213	0.00404383	0.00154707	0.0347208	0.00399305	0.00882503	0.007966	0.00809797	0.00374558	0.0352635	0.00829686	0.00307059	0.00820263	0.276101	0.0284667	0.0250119	0.000810304	0.00386918
81	0.0381066	0.0081433	0.33801	0.253704	0.0242555	0.0265063	0.0126617	0.0163449	0.029628	0.0129072	0.0068814	0.0559667	0.0237994	0.0250057	0.0184525	0.0365731	0.0282244	0.0162258	0.00360415	0.0249986
82	0.0159399	0.0154258	0.000883765	0.00125206	0.381099	0.00124876	0.051537	0.00163439	0.00126303	0.0240538	0.00109222	0.00589726	0.000549542	0.00136249	0.0109798	0.00675207	0.00196877	0.0117736	0.0272067	0.43808
83	0.175695	0.0316234	0.0031837	0.00256718	0.00716704	0.00633876	0.00146083	0.150009	0.00457682	0.0373358	0.0192274	0.00263244	0.00132012	0.00495721	0.00301344	0.0425867	0.0702208	0.427972	0.000985137	0.00712724
84	0.0788885	0.00878924	0.0330531	0.132761	0.00838585	0.00961197	0.0409734	0.0175949	0.179834	0.0357866	0.0122217	0.0305259	0.0094576	0.127925	0.123967	0.0518057	0.0513879	0.0380019	0.0025218	0.0065063
85	0.0468175	0.0115398	0.00595638	0.0282648	0.00443201	0.0097354	0.00683296	0.143651	0.13341	0.115826	0.00515953	0.010991	0.00402437	0.0422939	0.0152989	0.114522	0.179224	0.113028	0.00146638	0.00752701
86	0.0553606	0.296917	0.00355466	0.00585152	0.0705541	0.0530613	0.0201657	0.00615127	0.00466547	0.0696135	0.0214929	0.00491583	0.00214999	0.00599365	0.00499356	0.0249856	0.00689324	0.0592535	0.0686982	0.214729
87	0.438452	0.145869	0.00297696	0.00458943	0.00389445	0.0135837	0.00396036	0.0138689	0.00337483	0.0275218	0.00885557	0.0029298	0.00213972	0.00405213	0.00314949	0.0586466	0.0505935	0.182283	0.0010358	0.0282227
88	0.182463	0.0307117	0.00498396	0.00670003	0.00375567	0.0122949	0.0190023	0.00823899	0.00472322	0.00825895	0.00609454	0.0101804	0.00437445	0.00481407	0.0067612	0.407734	0.245928	0.0260996	0.00134794	0.00553355
89	0.0224647	0.0154808	0.00104305	0.00133552	0.327567	0.00154682	0.0119721	0.151721	0.00165494	0.166207	0.0131185	0.00652343	0.000620711	0.0020639	0.00215771	0.00315793	0.00683141	0.15566	0.00542876	0.103445
90	0.0322429	0.00753324	0.505632	0.0930346	0.00542033	0.0133686	0.0105282	0.0130762	0.026573	0.0148758	0.00600277	0.127129	0.0167053	0.0185508	0.0217646	0.030346	0.0166824	0.0176953	0.00379186	0.0190468
91	0.174099	0.0197124	0.0184371	0.0175785	0.00454978	0.513911	0.00641092	0.00896499	0.0112121	0.0125206	0.00646576	0.0103658	0.00971592	0.0129728	0.00945185	0.112671	0.014973	0.0201622	0.00255834	0.0132672
92	0.0332284	0.00767753	0.494344	0.101896	0.00698278	0.0145906	0.0112073	0.0100025	0.0277039	0.0171381	0.00723751	0.125517	0.0195662	0.0183192	0.0226538	0.0304979	0.016466	0.0119745	0.00371824	0.0192784
93	0.411716	0.0737591	0.00533416	0.0068708	0.00235214	0.122886	0.00317439	0.0173181	0.00381882	0.0159849	0.00755927	0.00590491	0.00479872	0.00503145	0.00487061	0.170584	0.0487524	0.0807125	0.000860323	0.00771157
94	0.0298615	0.0047006	0.494734	0.10254	0.00547087	0.0129225	0.0123856	0.00892017	0.0301112	0.0175398	0.00796217	0.125124	0.0199685	0.0225404	0.0219257	0.0278045	0.0183263	0.0154148	0.00378716	0.0179607
95	0.0608635	0.0204314	0.0455033	0.0512623	0.0152955	0.0204489	0.0399963	0.0244328	0.14412	0.0359859	0.0192501	0.0365915	0.0176968	0.0628261	0.222543	0.0496793	0.0456516	0.0555171	0.00636394	0.0255407
96	0.0111708	0.0207208	0.050747	0.100121	0.0517148	0.0199211	0.245812	0.00686733	0.0446247	0.00697691	0.0302566	0.0194878	0.00176258	0.0515459	0.185149	0.00777072	0.00703838	0.103625	0.00228166	0.0324053
97	0.0283181	0.0129614	0.000899487	0.00182981	0.0565332	0.00234466	0.00082415	0.241819	0.00175053	0.375654	0.0962256	0.00284657	0.000425625	0.00265317	0.00171631	0.00541436	0.00702184	0.149462	0.00331527	0.00798558
98	0.0244048	0.0125216	0.000336613	0.00100229	0.0581701	0.000739387	0.000393258	0.250387	0.000726839	0.379129	0.0825533	0.00242873	0.000343217	0.000873267	0.00124331	0.00408293	0.00530096	0.163861	0.00376342	0.0077393
99	0.0123388	0.00307228	0.622468	0.0772606	0.00210003	0.0039332	0.0047161	0.00205874	0.0166368	0.00844311	0.00106664	0.161548	0.0159946	0.00926726	0.014792	0.0151349	0.00298342	0.00252071	0.00413811	0.0195261
100	0.179856	0.0236715	0.0159047	0.0199124	0.00456157	0.501351	0.00745394	0.00844955	0.0130475	0.0149981	0.00619701	0.0120301	0.0108094	0.0130484	0.00945069	0.107795	0.0161881	0.0194377	0.00309918	0.0127377
101	0.0174597	0.00443019	0.599196	0.0720783	0.0025981	0.0054892	0.00676806	0.00241978	0.0180815	0.00976544	0.00268722	0.166118	0.0157114	0.0112279	0.0162466	0.01835	0.00475431	0.00344208	0.00408344	0.0190932
102	0.0151851	0.0066349	0.00195441	0.0280102	0.00219322	0.00276275	0.0123657	0.0159027	0.316251	0.0101346	0.00554427	0.0198397	0.00568574	0.0907495	0.319922	0.0294398	0.0369996	0.0762556	0.00104302	0.00312699
103	0.050804	0.0354915	0.011082	0.0201165	0.0540917	0.0152033	0.0051322	0.148442	0.0180134	0.182949	0.227568	0.00581305	0.00262838	0.047311	0.00610923	0.0345787	0.0541297	0.0612432	0.0022695	0.017024
104	0.483308	0.0972055	0.00346951	0.00603925	0.000811527	0.0357158	0.00141327	0.0202513	0.00180623	0.0167782	0.00589894	0.0036993	0.00191465	0.00365116	0.00273842	0.201207	0.0528606	0.0551887	0.000468047	0.00557495
105	0.400806	0.0846222	0.00251908	0.00449433	0.00252188	0.0290569	0.00106942	0.0282429	0.00143527	0.0233024	0.0155077	0.00168738	0.000685136	0.00281559	0.00211128	0.15489	0.082884	0.153619	0.000464541	0.00726397
106	0.0814422	0.0162103	0.00212787	0.00349144	0.0630218	0.0118805	0.00242916	0.141603	0.00350051	0.422185	0.112355	0.00373495	0.000920513	0.00448574	0.00334593	0.00760807	0.00884166	0.099924	0.00273143	0.00816046
107	0.0232859	0.0157183	0.00103487	0.00135844	0.324923	0.0015596	0.0121919	0.152666	0.00167116	0.165902	0.0131487	0.00672378	0.00061475	0.00210912	0.00213752	0.00318783	0.00683328	0.157195	0.00551558	0.102223
108	0.475725	0.103216	0.003493	0.00631369	0.000994122	0.036468	0.00102828	0.0207233	0.00117903	0.0173783	0.00685308	0.00107104	0.00100736	0.00366353	0.00215124	0.18609	0.059422	0.0671534	0.000431975	0.00563753
109	0.0765115	0.0244537	0.0684536	0.0389743	0.00621037	0.0795429	0.0344352	0.0442958	0.0607591	0.11908	0.0909754	0.00900545	0.00435841	0.0420906	0.0261071	0.137175	0.0589596	0.071212	0.00145131	0.0059483
110	0.0159601	0.0156148	0.000883983	0.00123534	0.380144	0.00123105	0.0512229	0.00173482	0.00132724	0.0245393	0.00113584	0.00593457	0.000554704	0.00136094	0.01109	0.00676816	0.00202369	0.0119747	0.0269207	0.438344
111	0.0200334	0.0116241	0.000454061	0.00120813	0.0568242	0.000478748	0.000396058	0.272096	0.000832076	0.361813	0.0801003	0.0022622	0.000428891	0.000972216	0.0011448	0.00415594	0.00556539	0.168255	0.00327051	0.00808566
112	0.0929723	0.0306272	0.0152565	0.014571	0.0108726	0.0334725	0.0390375	0.0311732	0.162962	0.0520717	0.0234354	0.0948009	0.00650133	0.0710701	0.15195	0.0885106	0.0481394	0.028719	0.00164425	0.0022124
113	0.0534043	0.00514047	0.22015	0.316475	0.00297488	0.0599241	0.00930071	0.0210033	0.0601887	0.0096164	0.00131544	0.0175643	0.041092	0.0495107	0.0287893	0.0516024	0.0366687	0.00868194	0.000512695	0.00608399
114	0.0760097	0.0113487	0.00586772	0.0898114	0.087306	0.011208	0.0467909	0.0758107	0.0361015	0.151899	0.0107336	0.00968937	0.00322955	0.190943	0.0661324	0.0175208	0.0231941	0.0431055	0.0362722	0.00702577
115	0.0244744	0.0127526	0.000324856	0.00108292	0.0574142	0.000795002	0.000401018	0.248209	0.000790659	0.380132	0.0815933	0.00233158	0.000382864	0.000924875	0.00121647	0.00412972	0.0056077	0.165997	0.00361831	0.00782172
116	0.0196194	0.0146154	0.000352908	0.00191825	0.0531281	0.000473408	0.000401693	0.255648	0.00129643	0.357648	0.0784886	0.0020778	0.000739626	0.00149305	0.00102856	0.00369731	0.00747986	0.187874	0.00298554	0.00903429
117	0.195507	0.0138031	0.00493403	0.00126973	0.00103559	0.629545	0.0012461	0.0014331	0.00129136	0.00168886	0.00104986	0.00295775	0.00535514	0.00562704	0.00180246	0.112418	0.00198219	0.00688459	0.00044245	0.00972667
118	0.0367064	0.0343484	0.00241504	0.00363734	0.0163587	0.000935465	0.000743637	0.323091	0.00334408	0.131183	0.0287241	0.00139787	0.00290477	0.00333396	0.00133325	0.00345108	0.0301533	0.367779	0.00207916	0.00608057
119	0.0184886	0.00461126	0.00244566	0.000680277	0.00708442	0.000558411	0.00047973	0.196437	0.000604076	0.0236534	0.00247456	0.000569587	0.000617965	0.00155218	0.000594184	0.00478796	0.00795882	0.723863	0.000415122	0.00212418
120	0.0431853	0.0173515	0.0458134	0.0359972	0.0274665	0.0202296	0.0900478	0.032019	0.0470311	0.132085	0.0830813	0.0434131	0.00923129	0.160438	0.0452861	0.0504174	0.0319182	0.041575	0.00772127	0.0356914
121	0.110267	0.0223429	0.01531	0.0219156	0.006997	0.0178361	0.0248439	0.0160877	0.0259509	0.0180448	0.0114947	0.0308689	0.00757667	0.02055	0.0190256	0.286268	0.290175	0.0455004	0.00199549	0.0069502
122	0.258502	0.0286403	0.0263878	0.0463731	0.00817108	0.115541	0.0181746	0.024268	0.0335465	0.0340584	0.0145639	0.0179549	0.0847555	0.0265644	0.016192	0.0800692	0.0249912	0.0914526	0.00349995	0.0462944
123	0.0427605	0.0304392	0.0258427	0.0174907	0.227552	0.0229239	0.0573079	0.0303348	0.0142583	0.052734	0.0119644	0.018746	0.0059076	0.0134222	0.0267444	0.0311565	0.0180669	0.0392418	0.0217394	0.291366
124	0.496971	0.0394762	0.00328322	0.00590834	0.00160652	0.0375151	0.00356449	0.0100103	0.00844068	0.00880127	0.004685	0.0289492	0.00831559	0.0036899	0.00755531	0.263629	0.0345928	0.0278638	0.000759108	0.00438358
125	0.0645426	0.0259909	0.208354	0.0577908	0.0115643	0.0302684	0.0337751	0.0168142	0.0471919	0.032412	0.0130201	0.205269	0.0137937	0.0309352	0.0405744	0.0717666	0.0401539	0.0290116	0.00636893	0.0204018
126	0.154722	0.0281465	0.0196645	0.017792	0.00607627	0.33445	0.0127534	0.00836007	0.0246574	0.011974	0.00739811	0.0653714	0.010362	0.0175029	0.014113	0.205749	0.0288593	0.0193723	0.00205947	0.0106169
127	0.523059	0.0041124	0.00196755	0.00312903	0.00192408	0.037443	0.0036257	0.00421573	0.0138171	0.00446202	0.00279387	0.0675644	0.0093007	0.00319022	0.0141051	0.284062	0.00659788	0.0107015	0.00101939	0.00290939
128	0.435821	0.0788603	0.00388254	0.00671592	0.00154948	0.0307494	0.00420503	0.0150803	0.00256786	0.0130936	0.00554509	0.00687332	0.00403824	0.00393302	0.00450706	0.242009	0.0861759	0.0484244	0.000587438	0.00538079
129	0.109219	0.0247216	0.0132249	0.0174808	0.00818044	0.0453873	0.0119487	0.02154	0.0154862	0.0275366	0.0214827	0.0210597	0.00563992	0.0123765	0.0121503	0.177093	0.299509	0.144251	0.00262461	0.0090877
130	0.127628	0.0071844	0.0634585	0.174437	0.00241483	0.0112653	0.0246087	0.0134487	0.141948	0.0326938	0.0128518	0.0419081	0.000437501	0.101172	0.0884139	0.0673388	0.058201	0.0261466	0.000365918	0.00407768
131	0.016009	0.0156088	0.000884337	0.00123576	0.38075	0.00122837	0.0511951	0.00162654	0.00129518	0.0242448	0.00108286	0.00590455	0.000554134	0.00132616	0.0110321	0.00670604	0.00198653	0.0118941	0.0269122	0.438524
132	0.0234576	0.0123393	0.000330599	0.00103665	0.0580905	0.000653033	0.000388103	0.255145	0.000735283	0.375021	0.0815445	0.00237284	0.000381587	0.000855412	0.0012298	0.00410505	0.00533947	0.165398	0.00374786	0.00782872
133	0.304479	0.050533	0.00155389	0.00205931	0.00574655	0.013696	0.00157745	0.0291566	0.00235216	0.0359225	0.0264335	0.00351337	0.000627154	0.00226775	0.00207982	0.0805132	0.118523	0.306494	0.000508902	0.0119629
134	0.169636	0.0206206	0.00159696	0.0343756	0.00219858	0.0159682	0.00788508	0.0218993	0.246339	0.024315	0.00894766	0.046398	0.0783415	0.084829	0.0963053	0.0887078	0.0131623	0.0242281	0.0126127	0.00163355
135	0.0822057	0.0241247	0.0600436	0.0841306	0.0142333	0.0309292	0.0220756	0.0271292	0.0672964	0.0233731	0.0150515	0.0816347	0.0839065	0.0402105	0.0413369	0.0924042	0.137569	0.0498488	0.00524041	0.0172557
136	0.186594	0.0192393	0.0129236	0.0153698	0.00378339	0.539232	0.00403318	0.00737383	0.010358	0.0080327	0.00504604	0.00768039	0.00909301	0.0115351	0.00858184	0.112752	0.0103623	0.0148412	0.00178547	0.0113822
137	0.0221142	0.00852194	0.00216875	0.00158251	0.0134815	0.000520353	0.000453663	0.211611	0.00111729	0.0773935	0.0131718	0.00076953	0.000976189	0.00198793	0.000704157	0.00465591	0.0102973	0.624153	0.000838483	0.0034804
138	0.0587844	0.0143529	0.0184366	0.0541164	0.0104102	0.0162696	0.0252029	0.0413236	0.220935	0.0440947	0.0173272	0.0286934	0.0249828	0.0641928	0.132829	0.047773	0.0563071	0.107898	0.00318829	0.0128815
139	0.0130807	0.00937046	0.00298283	0.00414915	0.176865	0.00346383	0.303217	0.00850204	0.00428277	0.0174835	0.00318001	0.0565542	0.00171552	0.005616	0.020637	0.00933347	0.00618087	0.0120875	0.0245729	0.316725
140	0.0231491	0.0238918	0.000952307	0.00448987	0.0677396	0.00226906	0.0021295	0.210232	0.00366952	0.338625	0.0635758	0.00250358	0.00164895	0.0037962	0.00158104	0.00402214	0.0128287	0.212173	0.00243226	0.0182908
141	0.0283504	0.0182891	0.03143	0.0925491	0.030879	0.0162708	0.203688	0.0159359	0.0402642	0.0279651	0.056201	0.0175659	0.00724273	0.115164	0.106427	0.0225824	0.0201073	0.091617	0.00432215	0.053149
142	0.104985	0.0131996	0.0032924	0.075452	0.00326452	0.00988383	0.0383239	0.0144665	0.273463	0.0162533	0.00628636	0.0412116	0.071689	0.0541201	0.15085	0.0752122	0.0157125	0.022901	0.00632978	0.00310394
143	0.185512	0.00583137	0.0392975	0.168361	0.00509164	0.00966422	0.0149513	0.0174463	0.185874	0.0290773	0.0104643	0.029638	0.00488638	0.075502	0.0902808	0.0528729	0.0401847	0.031155	0.00103673	0.00287282
144	0.37597	0.0284872	0.0146536	0.021727	0.0153175	0.0209519	0.146952	0.0226942	0.0180046	0.0250546	0.0169186	0.0158656	0.0129545	0.0227592	0.0216961	0.0461214	0.0321057	0.117485	0.00535005	0.0189314
145	0.0715692	0.0191688	0.008515	0.164994	0.00931383	0.00424107	0.0868676	0.0241821	0.02633	0.180503	0.00684817	0.0222616	0.00191416	0.135991	0.0579774	0.0390951	0.0922267	0.0398282	0.00349276	0.00468052
146	0.114695	0.00783941	0.0923347	0.217336	0.00231633	0.0264881	0.0206854	0.0119676	0.139271	0.0230756	0.00788164	0.0309805	0.00684765	0.0908139	0.0773649	0.0630612	0.044436	0.0192066	0.000383763	0.00301451
147	0.016105	0.0156369	0.00088419	0.00123171	0.380651	0.00127302	0.0511175	0.00162456	0.00129517	0.0242825	0.00108339	0.00587322	0.000555187	0.00133309	0.0110579	0.00670658	0.00198695	0.0119066	0.0268525	0.438544
148	0.0346807	0.00433598	0.457455	0.163007	0.00418856	0.0211848	0.00758306	0.00930305	0.0335169	0.0110144	0.00316461	0.0997164	0.0252892	0.0243164	0.0203623	0.0317766	0.0201471	0.00951104	0.00308965	0.0163572
149	0.0477149	0.0242937	0.00319487	0.000931459	0.00725947	0.000716085	0.000652292	0.396503	0.000976634	0.0355518	0.0072397	0.000858582	0.00323183	0.00121917	0.000843172	0.00246673	0.0398666	0.422733	0.00289349	0.000853342
150	0.198446	0.0151944	0.00488474	0.00132518	0.00105482	0.621644	0.00129637	0.00160135	0.00129783	0.00188298	0.00107429	0.00297175	0.00527926	0.00562539	0.00184488	0.114195	0.00301888	0.00726339	0.000446284	0.00965328
151	0.0473	0.0236176	0.00317006	0.000929946	0.00725738	0.000730857	0.00061824	0.394183	0.000980146	0.0352182	0.00702858	0.000855674	0.0032809	0.00118291	0.000847609	0.00251109	0.0394261	0.427166	0.00282983	0.000865932
152	0.0165949	0.0154835	0.000906096	0.00137872	0.379327	0.00122876	0.0505051	0.00501362	0.0014092	0.0272444	0.00132567	0.00610865	0.000659774	0.00173354	0.0111784	0.00666966	0.0021946	0.014889	0.0263695	0.42978
153	0.046972	0.0760938	0.00828178	0.0110187	0.225549	0.0156047	0.0364691	0.0620272	0.0110314	0.0887424	0.0249263	0.0126973	0.0110176	0.0151299	0.0187457	0.0275676	0.0229099	0.0746016	0.0186198	0.191995
154	0.0825297	0.0157314	0.12924	0.191587	0.0121024	0.0326832	0.0314805	0.0256195	0.0792772	0.0341015	0.0150506	0.0386074	0.0330779	0.0521241	0.0492041	0.0649595	0.0486994	0.044553	0.00405158	0.0153191
155	0.338241	0.0234893	0.0126717	0.0242739	0.0110493	0.0238708	0.0114083	0.0121107	0.0192012	0.0105296	0.00640129	0.0291403	0.0966285	0.0107628	0.0107176	0.290443	0.0355526	0.0223191	0.00169428	0.00949378
156	0.0616851	0.0240493	0.210286	0.0521466	0.0144319	0.0285661	0.0356643	0.0173116	0.050508	0.0323227	0.0147786	0.188421	0.014579	0.0335101	0.0424457	0.0737106	0.0461719	0.0314286	0.00453529	0.0234471
157	0.174844	0.025555	0.0178814	0.0183438	0.00619011	0.507204	0.00564103	0.00745829	0.0140222	0.0108775	0.00524434	0.0120242	0.0102741	0.0134687	0.0122115	0.109692	0.0129702	0.0197595	0.00221197	0.0141252
158	0.0729936	0.0245658	0.0409694	0.0513189	0.0464857	0.0265151	0.179312	0.0226979	0.0488284	0.0417114	0.0246319	0.0460415	0.0162298	0.047856	0.0620423	0.0703309	0.051733	0.0518948	0.00819758	0.0656442
159	0.175298	0.0191126	0.0152118	0.0182883	0.00425845	0.528133	0.00591164	0.00832299	0.011233	0.00944036	0.00462951	0.0101014	0.010607	0.0132229	0.0104244	0.109204	0.0143613	0.0184498	0.00189028	0.0118986
160	0.146102	0.0236458	0.00622179	0.00994356	0.00398828	0.0143434	0.0211961	0.00775965	0.0110043	0.00758983	0.00615312	0.0153785	0.00666637	0.00766146	0.00759525	0.381797	0.292009	0.0245298	0.00146931	0.00494494
161	0.0278342	0.00506047	0.00234181	0.000621937	0.00797793	0.000475425	0.000471298	0.213919	0.000623782	0.0238498	0.00288525	0.000577406	0.000741954	0.00163435	0.000556272	0.00572087	0.00936375	0.692813	0.000549953	0.00198184
162	0.0126445	0.0255149	0.000448271	0.00655659	0.0361948	0.000569311	0.000478522	0.22812	0.00466188	0.32991	0.0531867	0.00134847	0.0022653	0.00453366	0.000959486	0.00262925	0.0167888	0.257281	0.00145629	0.014452
163	0.0216912	0.0164557	0.00111676	0.00157567	0.325836	0.0018669	0.0143301	0.14252	0.00176197	0.158952	0.012313	0.00617579	0.000648441	0.0023625	0.00254356	0.00361977	0.00693694	0.151016	0.00678873	0.121489
164	0.0330811	0.0117489	0.00859585	0.0213123	0.00676562	0.0435169	0.0115372	0.018446	0.333929	0.0197224	0.00896572	0.0793041	0.00679315	0.0243594	0.0304112	0.240097	0.0629418	0.0267044	0.002949	0.00881859
165	0.483006	0.104108	0.00364282	0.00642482	0.000817408	0.0368572	0.00106495	0.0198715	0.00119074	0.0163877	0.00597444	0.00106087	0.0010602	0.00380637	0.00215432	0.188459	0.0573505	0.0604444	0.00041951	0.00589898
166	0.0483891	0.0258613	0.00581999	0.00155409	0.00772937	0.00115462	0.00115156	0.374131	0.00224838	0.0347452	0.0077718	0.00152548	0.0029458	0.00261246	0.00166428	0.0046987	0.0514035	0.420256	0.00253732	0.00180017
167	0.174751	0.0204684	0.0216499	0.0173972	0.00476355	0.527611	0.00655647	0.00776026	0.00921658	0.0101115	0.00475599	0.0102977	0.00869702	0.0130412	0.0105666	0.110287	0.0123725	0.0165904	0.00180122	0.0113045
168	0.0297503	0.00740848	0.486186	0.10223	0.00559166	0.0152495	0.0133742	0.00898708	0.0298575	0.0161654	0.00844056	0.119357	0.0183946	0.0222125	0.026002	0.0325216	0.020156	0.0147575	0.00356689	0.0197912
169	0.507055	0.0264319	0.00271437	0.00406972	0.00155428	0.0437464	0.00289709	0.00737765	0.00892581	0.00667063	0.00370411	0.0389757	0.00835195	0.00302107	0.00887755	0.278393	0.020955	0.0212637	0.000720293	0.00429548
170	0.020221	0.0113188	0.000452249	0.00108806	0.0569533	0.00048138	0.000418623	0.273382	0.000812384	0.362601	0.0812285	0.0022751	0.000388127	0.000932475	0.00114569	0.00419912	0.0053233	0.16536	0.00330489	0.00811376
171	0.353628	0.0769908	0.00505037	0.00724117	0.00211502	0.0242913	0.0065441	0.0130826	0.00317155	0.0124095	0.00585327	0.004645	0.00242126	0.00500294	0.00535766	0.258093	0.163771	0.0441552	0.000922909	0.00525454
172	0.0385728	0.0386384	0.300511	0.0367986	0.00579262	0.0321685	0.0351443	0.00658542	0.0115831	0.0109091	0.00468772	0.373056	0.00703639	0.0089196	0.0163946	0.0374476	0.0105631	0.0108477	0.0036305	0.0107119
173	0.0479922	0.012576	0.000789861	0.00115398	0.0625774	0.00523572	0.000952414	0.190375	0.00126265	0.416268	0.110185	0.00254958	0.000577996	0.001792	0.00186434	0.00445782	0.00514583	0.125556	0.00294487	0.00574301
174	0.0272088	0.0130414	0.00044577	0.00128493	0.0616381	0.00141075	0.000754752	0.240053	0.000989555	0.37906	0.0855715	0.00259624	0.000443128	0.00129944	0.00134251	0.00448033	0.00586752	0.159965	0.00355329	0.00899375
175	0.13337	0.0193211	0.00297247	0.00421463	0.0483443	0.0246331	0.00284528	0.0735057	0.00388174	0.471191	0.109707	0.00415974	0.00135253	0.00495279	0.00420121	0.0078197	0.00786011	0.0697985	0.00183829	0.0040305
176	0.0427462	0.0262262	0.00362245	0.00131414	0.00876349	0.000960375	0.000770846	0.367778	0.00130067	0.0371215	0.00802201	0.00110314	0.00302675	0.00192278	0.00109284	0.00314581	0.0406974	0.446357	0.00261078	0.00141794
177	0.106618	0.00953589	0.0541403	0.113949	0.00629116	0.0292834	0.0160129	0.0797943	0.0752089	0.0951588	0.0444319	0.0185668	0.101737	0.0633635	0.0244602	0.0350397	0.020828	0.0947838	0.00126026	0.00953697
178	0.297246	0.0467086	0.0014518	0.00175812	0.00668858	0.00964201	0.001438	0.0306186	0.00233246	0.0393906	0.0295035	0.00356555	0.000592981	0.00217065	0.00199933	0.0718703	0.112315	0.326668	0.000488102	0.0135517
179	0.0477149	0.0242937	0.00319487	0.000931459	0.00725947	0.000716085	0.000652292	0.396503	0.000976634	0.0355518	0.0072397	0.000858582	0.00323183	0.00121917	0.000843172	0.00246673	0.0398666	0.422733	0.00289349	0.000853342
180	0.0485922	0.0192201	0.00680065	0.00859093	0.0565588	0.00960301	0.00707722	0.17101	0.00927018	0.344855	0.103836	0.00657661	0.0035767	0.0143032	0.00758885	0.0169175	0.016871	0.13022	0.00358173	0.0149509
181	0.0952092	0.0303679	0.0148265	0.0156104	0.010854	0.0325226	0.0384994	0.0302723	0.163931	0.0524612	0.0227897	0.0937874	0.00759735	0.0711409	0.153022	0.0879533	0.0466052	0.0286862	0.0017616	0.00210248
182	0.0681816	0.0496303	0.0195947	0.0254492	0.0521664	0.0265473	0.00480924	0.105873	0.0321715	0.185021	0.197677	0.00438289	0.00156429	0.0319118	0.00470261	0.0656632	0.0774465	0.0173346	0.00117224	0.0287016
183	0.0171378	0.0176983	0.00103373	0.00197883	0.372536	0.00210578	0.0501249	0.00674893	0.00171451	0.0306935	0.00208422	0.00640065	0.000679815	0.00218716	0.0106099	0.00778192	0.0029366	0.017157	0.0263403	0.42205
184	0.0888507	0.0052729	0.0419137	0.137334	0.0020413	0.009059	0.0272286	0.0214916	0.140345	0.032065	0.0130449	0.0478833	0.00259475	0.0946486	0.0716738	0.0766865	0.134744	0.0462633	0.00049382	0.00636518
185	0.050635	0.00528909	0.231411	0.320749	0.00543926	0.055243	0.00878085	0.0207834	0.0535013	0.0100378	0.00188003	0.0183687	0.0417413	0.0443936	0.0256978	0.0489659	0.038181	0.00904903	0.000748659	0.00910408
186	0.0239415	0.0131485	0.00154553	0.00395135	0.0954143	0.00417868	0.0163174	0.172932	0.00374936	0.33069	0.0730199	0.0144106	0.00106962	0.015103	0.0119904	0.0174967	0.00838179	0.11906	0.0146095	0.0589898
187	0.156075	0.0432029	0.0175406	0.0566359	0.0100038	0.0231172	0.0166973	0.022786	0.159288	0.0247748	0.0108632	0.0333159	0.133831	0.0582583	0.0579156	0.0947797	0.0277971	0.037897	0.00743301	0.00778809
188	0.0745152	0.129003	0.00966851	0.0113247	0.00842515	0.0367855	0.0118611	0.0134262	0.0107874	0.0151436	0.0098827	0.0836693	0.00661591	0.012073	0.0103614	0.457723	0.0326783	0.0195863	0.00363674	0.0428329
189	0.0151678	0.00509383	0.0025472	0.0349181	0.00173837	0.0047568	0.0107179	0.0226824	0.330991	0.0174937	0.00513248	0.0242712	0.0063107	0.0784321	0.267999	0.0285731	0.0528404	0.0855736	0.000671458	0.00408864
190	0.0301222	0.0140707	0.00855004	0.0123005	0.0263733	0.0111369	0.018897	0.0625208	0.0121413	0.376963	0.0686239	0.0452252	0.00401686	0.126201	0.0135898	0.0549213	0.0186896	0.0312873	0.00813013	0.0562388
191	0.137134	0.0133952	0.0290394	0.0461358	0.00256413	0.00267449	0.00244594	0.171105	0.00347963	0.312984	0.024207	0.0118629	0.0010565	0.00333033	0.0116914	0.0151992	0.0830462	0.125414	0.000882658	0.00235154
192	0.0379906	0.0138794	0.0117473	0.0350921	0.00828915	0.0119496	0.0296771	0.0217077	0.248863	0.0258858	0.0296717	0.0289795	0.00672924	0.0662977	0.22629	0.0382747	0.0610282	0.07201	0.00533712	0.0203001
