362	20
1	0.0427528	0.00585816	0.0520481	0.0346872	0.0118729	0.132603	0.0251473	0.0137678	0.0797436	0.0183711	0.0122849	0.041879	0.0159059	0.0275246	0.292195	0.0899377	0.0517306	0.0357352	0.00475364	0.0112018
2	0.012768	0.0117629	0.00485084	0.0297107	0.0545701	0.00602469	0.0285736	0.245933	0.0705745	0.0652041	0.00863145	0.0193041	0.0040768	0.0173287	0.0420176	0.0471252	0.121874	0.197016	0.00195523	0.0106988
3	0.0557684	0.00517063	0.015356	0.0211085	0.0135277	0.0158453	0.0102784	0.0307331	0.0140696	0.0182248	0.0115514	0.0255907	0.0390647	0.0148523	0.0220842	0.229614	0.416461	0.0264554	0.00289223	0.0113518
4	0.113634	0.0143516	0.034565	0.0397756	0.0117063	0.0399514	0.0212116	0.0288676	0.0266306	0.0217589	0.0129788	0.0553863	0.0558978	0.0296225	0.0315167	0.297652	0.0928249	0.0452475	0.00757919	0.0188418
5	0.0990356	0.00573297	0.0286037	0.0500802	0.00257609	0.0551461	0.0122791	0.00577644	0.0433591	0.0248435	0.00794797	0.063534	0.10987	0.0309547	0.0327475	0.283178	0.111475	0.0213326	0.000791298	0.0107358
6	0.00800027	0.00682067	0.00229416	0.00149159	0.288641	0.00175953	0.0607562	0.0171915	0.000830605	0.0296306	0.0109464	0.00958163	0.00136569	0.00869076	0.0153267	0.0126376	0.0135477	0.0321962	0.0237806	0.454511
7	0.0940765	0.00313999	0.00916888	0.00563089	0.00810065	0.00535458	0.00531764	0.117201	0.0111889	0.039641	0.00874498	0.00777124	0.00598831	0.0292551	0.0592664	0.0404898	0.050359	0.491648	0.00137128	0.00628536
8	0.0551188	0.00393775	0.0471748	0.0630177	0.0211687	0.0502222	0.0399676	0.0347429	0.0883669	0.0442089	0.0244974	0.0443856	0.0359082	0.0517395	0.180173	0.0665788	0.062071	0.0534231	0.00757021	0.0257273
9	0.122095	0.00203172	0.0858245	0.0979021	0.0141545	0.0345254	0.0210328	0.093783	0.024311	0.0358705	0.0203701	0.0645453	0.0635742	0.0201377	0.0100115	0.0625461	0.064446	0.156104	0.00188222	0.0048525
10	0.0696301	0.00557725	0.276252	0.189731	0.0112168	0.021707	0.0193069	0.0191479	0.0283496	0.0191571	0.00964361	0.0368654	0.0422698	0.0266566	0.0485217	0.0449632	0.0440852	0.0718738	0.00340847	0.0116369
11	0.040093	0.00361911	0.00381024	0.00679636	0.0612782	0.00743907	0.0120275	0.163336	0.00312754	0.201219	0.158924	0.00531269	0.00202704	0.00631007	0.00653468	0.0280123	0.0707085	0.190262	0.0199895	0.00917308
12	0.0703064	0.00212422	0.00929292	0.00600185	0.00430883	0.0197146	0.00426571	0.00623999	0.009094	0.0172239	0.00514118	0.00533959	0.628092	0.0170253	0.0251227	0.117644	0.0417312	0.0073214	0.00117271	0.00283714
13	0.0127925	0.00188031	0.00212931	0.00821809	0.0438298	0.00276754	0.0204029	0.257209	0.00433458	0.264033	0.0558749	0.00339837	0.00146057	0.00626461	0.00443569	0.00694616	0.0313925	0.234795	0.00139775	0.0364373
14	0.0503287	0.00256247	0.303441	0.199042	0.0107378	0.0426016	0.0369006	0.00461403	0.0313705	0.00627543	0.00377951	0.0687132	0.00841678	0.0478188	0.0381892	0.0520201	0.0512644	0.0199202	0.00500425	0.0169998
15	0.109928	0.00533514	0.0808514	0.07691	0.0102591	0.0218088	0.139327	0.0192262	0.0231866	0.0278334	0.00613765	0.136428	0.0104938	0.0152513	0.0177754	0.183028	0.0371104	0.0518563	0.00357431	0.0236792
16	0.0674817	0.00475269	0.129979	0.173631	0.0114796	0.0307022	0.0445198	0.00556996	0.162515	0.0175504	0.00684635	0.0425883	0.0365892	0.0436108	0.055629	0.0786381	0.0444331	0.0149676	0.00339192	0.0251245
17	0.149431	0.00765906	0.0344992	0.016166	0.0594024	0.0076551	0.0397146	0.0447971	0.00659211	0.0228502	0.0068438	0.019855	0.00803524	0.00808713	0.012233	0.094532	0.11886	0.16755	0.0886798	0.0865581
18	0.023143	0.00119713	0.0023438	0.00632965	0.338368	0.00505596	0.010428	0.057167	0.0030851	0.420315	0.0449964	0.00385387	0.00391284	0.00660642	0.00337477	0.0110106	0.00870442	0.0323996	0.00192277	0.0157864
19	0.136917	0.00216229	0.00924123	0.0567568	0.0195351	0.047802	0.0085273	0.0251832	0.122513	0.00874055	0.00461724	0.0109201	0.0967941	0.1306	0.0727724	0.14408	0.0360467	0.0593618	0.00143034	0.00599924
20	0.133758	0.00411692	0.0226423	0.0553699	0.0114018	0.00770629	0.00748842	0.0832388	0.0296214	0.0421535	0.0252906	0.00663419	0.222803	0.0539825	0.00480461	0.0603384	0.0742795	0.143605	0.00874192	0.00202294
21	0.0843903	0.0071806	0.0275969	0.069833	0.071054	0.0164169	0.0281456	0.0411385	0.0286154	0.087587	0.0240125	0.0158056	0.238997	0.0373936	0.0162376	0.0601765	0.0570103	0.0547418	0.00915504	0.0245118
22	0.102445	0.00454923	0.0617638	0.0366816	0.00460032	0.0601927	0.0210586	0.00870968	0.0345802	0.039576	0.00777392	0.0946382	0.150097	0.0156934	0.0226086	0.201743	0.0919603	0.0311026	0.00157374	0.00865134
23	0.103377	0.0381686	0.0661491	0.0615821	0.0417072	0.140525	0.0472229	0.0146327	0.0285696	0.0599005	0.00856734	0.122556	0.0121919	0.0292713	0.0493401	0.0672816	0.056583	0.0279728	0.00679382	0.0176072
24	0.0122256	0.011289	0.0127048	0.0217124	0.0823778	0.0024706	0.276857	0.034131	0.02872	0.0492343	0.00263579	0.0106802	0.0106785	0.0293954	0.0419581	0.0119994	0.0446614	0.020149	0.00873548	0.287384
25	0.100822	0.0315668	0.132582	0.0495521	0.0122665	0.078071	0.0463167	0.0125346	0.0391287	0.028394	0.00605803	0.184103	0.00994963	0.0304217	0.0460472	0.084509	0.0647615	0.0237763	0.00353942	0.0156003
26	0.178067	0.0033572	0.0196703	0.0901915	0.00720477	0.0218307	0.00959943	0.0226354	0.0216212	0.0315119	0.0112812	0.0398837	0.0576419	0.0610164	0.013631	0.158092	0.198412	0.0359687	0.00370706	0.0146768
27	0.0930512	0.00889976	0.0172047	0.0310109	0.0279358	0.0141963	0.0148138	0.103843	0.0191493	0.0917428	0.0276584	0.0156199	0.241942	0.0300586	0.0185213	0.0606557	0.0651735	0.09518	0.0156194	0.00772441
28	0.0491529	0.00129272	0.0385686	0.236465	0.00422075	0.00724474	0.00541813	0.00504413	0.100262	0.0252091	0.0588287	0.0119058	0.00654914	0.185757	0.115315	0.0843925	0.0138398	0.04456	0.00191311	0.00406106
29	0.0830099	0.00490845	0.0391314	0.0558046	0.0170129	0.0353087	0.0761293	0.0238073	0.0881339	0.0342777	0.0214762	0.0499669	0.0676066	0.101224	0.123485	0.0654859	0.0558891	0.0288754	0.00328929	0.0251776
30	0.042252	0.00564333	0.00522859	0.0057443	0.0210476	0.00614756	0.00604253	0.205333	0.00535472	0.0735964	0.0401107	0.00670447	0.00538857	0.0108064	0.00899552	0.03013	0.0442077	0.463829	0.00181802	0.0116201
31	0.0374158	0.00441732	0.0149202	0.0126662	0.0301896	0.00961986	0.450043	0.0168341	0.0433834	0.0215109	0.00370633	0.0810174	0.0105227	0.0209644	0.0486391	0.0328513	0.0300673	0.0279951	0.00224502	0.100991
32	0.0107338	0.000541195	0.00121415	0.00371748	0.0323859	0.001196	0.00810391	0.289308	0.00111085	0.302199	0.0561767	0.00133313	0.000963301	0.0016881	0.00228857	0.00349785	0.0190014	0.243586	0.000792794	0.0201612
33	0.144727	0.00935486	0.0356401	0.039868	0.0161039	0.0800444	0.0279074	0.0343207	0.0359671	0.0364246	0.0214008	0.0436941	0.0303051	0.0305516	0.0737164	0.0755871	0.148862	0.0971145	0.00557731	0.0128333
34	0.0480426	0.0040767	0.0156556	0.050747	0.0168665	0.0110355	0.0284396	0.0384942	0.0926879	0.127793	0.0308386	0.0210501	0.0113733	0.194179	0.06134	0.0422171	0.0526944	0.130667	0.00596861	0.0158333
35	0.174897	0.0024387	0.00723249	0.00776692	0.0093853	0.488105	0.00669766	0.0130225	0.00493571	0.0259598	0.0103827	0.00996287	0.0135369	0.00538898	0.0101943	0.122303	0.0228362	0.0527023	0.00737726	0.00487395
36	0.00882988	0.00180763	0.339662	0.0129053	0.00913346	0.0032847	0.0162755	0.0161829	0.0605034	0.003566	0.0019511	0.406447	0.0104925	0.00322565	0.0122208	0.0398967	0.0456	0.00434508	0.00102008	0.00265093
37	0.0380706	0.00639487	0.0335395	0.0423083	0.0385531	0.00900026	0.107254	0.0603374	0.020247	0.146497	0.0104867	0.0631728	0.00716889	0.0967194	0.018508	0.0225153	0.0574517	0.0726317	0.00266466	0.146479
38	0.123309	0.00161826	0.147201	0.149358	0.00687996	0.0267763	0.0282916	0.0533113	0.0316077	0.0416828	0.00938467	0.0942785	0.027925	0.0226575	0.0093156	0.0775652	0.0534531	0.0877905	0.00164767	0.00594607
39	0.0820732	0.00473862	0.153192	0.15897	0.0115098	0.0850789	0.0352657	0.00561324	0.0635332	0.0142445	0.00454493	0.0947643	0.0114165	0.0811803	0.0410212	0.0679872	0.0431901	0.0190935	0.00489519	0.017687
40	0.0338322	0.00257382	0.0808189	0.0671546	0.00631926	0.0253664	0.0245414	0.0124814	0.131673	0.0173144	0.0171917	0.0767136	0.00691341	0.0419961	0.267319	0.0750889	0.0886217	0.0176715	0.00153339	0.0048755
41	0.230105	0.00336093	0.00349922	0.00321827	0.00798841	0.459863	0.00258224	0.00672151	0.00198172	0.0165164	0.00740957	0.0116369	0.0133068	0.00347736	0.00634695	0.174756	0.0209974	0.0173624	0.00595767	0.00291228
42	0.0578038	0.00595562	0.00353086	0.00660311	0.0280451	0.0110448	0.0139524	0.134905	0.00268599	0.12949	0.210071	0.0062652	0.00223824	0.00650222	0.00733551	0.0405861	0.0984053	0.220565	0.00746552	0.00654917
43	0.0294046	0.00517829	0.00615737	0.0117983	0.0449315	0.00928611	0.0145946	0.20478	0.0150648	0.0967886	0.0328933	0.0195235	0.01241	0.00888795	0.0166661	0.0596787	0.311675	0.0864931	0.00547291	0.00831545
44	0.0164481	0.00643488	0.00392214	0.00281476	0.0219425	0.00277418	0.00209397	0.256729	0.0018918	0.0309983	0.0123309	0.00388632	0.00243454	0.00982033	0.00512073	0.0167941	0.0260744	0.563146	0.00034841	0.0139946
45	0.0814314	0.0076726	0.0189315	0.0268085	0.0088241	0.0322064	0.0123968	0.0216301	0.0215012	0.022236	0.00907995	0.0376256	0.157445	0.0202706	0.0250968	0.260932	0.196096	0.026557	0.00308793	0.0101702
46	0.0136186	0.00579243	0.00652641	0.0058298	0.265148	0.00722498	0.0289855	0.0391966	0.00406457	0.0475077	0.023416	0.0119117	0.00520275	0.00859517	0.0113866	0.0252865	0.0209093	0.0301979	0.211101	0.228099
47	0.0442962	0.00640568	0.00414831	0.00630782	0.0189918	0.00513305	0.00610244	0.218656	0.00585748	0.0534774	0.0350591	0.00651172	0.00596047	0.00984436	0.00925433	0.0363101	0.0688563	0.447096	0.00122417	0.0105069
48	0.0474112	0.00446103	0.00802199	0.0173263	0.0178346	0.00910683	0.013753	0.07255	0.0151058	0.0870973	0.0950073	0.0196885	0.0132492	0.0156261	0.0366602	0.112636	0.290002	0.100424	0.0103737	0.0136646
49	0.132947	0.00467418	0.0262332	0.0597436	0.014808	0.00754345	0.00518652	0.0666286	0.0315348	0.0394329	0.0334912	0.00410614	0.26582	0.0595233	0.00294781	0.0547043	0.0852757	0.091217	0.0122543	0.00192792
50	0.116972	0.00225393	0.149793	0.15264	0.00540269	0.0229822	0.047646	0.0322319	0.0362221	0.0427725	0.00541296	0.117165	0.0154432	0.0155729	0.0111574	0.120506	0.0361152	0.0622059	0.00157612	0.00592845
51	0.13692	0.000570424	0.046439	0.15574	0.00164024	0.0176045	0.0346595	0.00565027	0.251052	0.0426204	0.0140438	0.0397242	0.0358456	0.0697885	0.0798495	0.0357366	0.0213168	0.00701457	0.000834005	0.0029501
52	0.115704	0.00872135	0.030133	0.0487894	0.0176065	0.0108791	0.00427934	0.0457942	0.0334469	0.0435723	0.0272879	0.00523986	0.345782	0.0423352	0.0059799	0.0716867	0.0682224	0.0631572	0.00858088	0.00280177
53	0.102112	0.0186507	0.0953723	0.0486936	0.00688655	0.118109	0.0631879	0.00553266	0.0542331	0.026167	0.00497661	0.11475	0.00586749	0.0554625	0.0810181	0.081332	0.0891107	0.012906	0.00110704	0.0145257
54	0.078093	0.00975403	0.0189709	0.0296655	0.00313996	0.0536682	0.02238	0.00369772	0.0275084	0.0240247	0.0146445	0.0793097	0.0977369	0.0140469	0.0393228	0.351734	0.10385	0.0129533	0.0014174	0.0140818
55	0.0484996	0.00056526	0.00451511	0.0713231	0.0241529	0.0081912	0.0447622	0.0840794	0.125465	0.0878967	0.0536842	0.0157893	0.000768323	0.0756162	0.116864	0.0274614	0.0972774	0.0923322	0.00939731	0.0113588
56	0.0849361	0.00507704	0.00740186	0.00987385	0.0229291	0.00915931	0.0100642	0.163414	0.00889283	0.130967	0.0551712	0.00912415	0.0117772	0.0125151	0.0138054	0.0322079	0.05532	0.345237	0.00221339	0.00991293
57	0.0483982	0.000627084	0.00450679	0.0711438	0.0243436	0.00822863	0.044957	0.0841578	0.125044	0.088135	0.0537802	0.0157335	0.000766773	0.0758249	0.116676	0.0274639	0.0971888	0.0922571	0.00944531	0.0113217
58	0.00892509	0.00716685	0.00141691	0.00155656	0.311128	0.00193671	0.0459496	0.018414	0.00102517	0.0399411	0.0119707	0.00930659	0.0013338	0.00926728	0.0159315	0.012529	0.0140739	0.0366822	0.0226815	0.428764
59	0.171551	0.00138888	0.00302738	0.00358034	0.00985136	0.562191	0.00317885	0.00857026	0.00263152	0.0255638	0.0102249	0.00376375	0.00991094	0.00330903	0.00805135	0.118949	0.0143927	0.0260134	0.0111577	0.0026925
60	0.0529799	0.00101877	0.0254291	0.0238259	0.150506	0.0536138	0.0902716	0.0168511	0.00235478	0.0174491	0.0117903	0.00275909	0.0468407	0.0025356	0.00968753	0.0750657	0.00618316	0.0173283	0.00113792	0.392372
61	0.00940114	0.00195564	0.301686	0.0119011	0.0129644	0.00292872	0.0251272	0.0241868	0.0770713	0.0048108	0.00256498	0.399569	0.00993245	0.00331296	0.0111842	0.0419913	0.0495203	0.00572517	0.00121819	0.00294768
62	0.0162796	0.00576172	0.00533722	0.00851956	0.203194	0.00523931	0.0828753	0.0415962	0.0082207	0.0828882	0.0161786	0.017439	0.00534461	0.0162073	0.0167119	0.0195762	0.0245447	0.0495905	0.0195272	0.354968
63	0.0945759	0.00677346	0.0508323	0.041233	0.019286	0.0533588	0.0498069	0.0222029	0.101075	0.0186391	0.0106082	0.0640442	0.00894838	0.0935052	0.0864766	0.120092	0.119909	0.0158491	0.00145675	0.021328
64	0.209289	0.0305777	0.0121026	0.0183374	0.0092322	0.0294387	0.0120909	0.0321698	0.0136989	0.0269334	0.0144294	0.0271312	0.0245373	0.0149296	0.011533	0.269761	0.0762785	0.145385	0.00597256	0.0161712
65	0.0935761	0.00386414	0.0377239	0.0173415	0.00849319	0.0527608	0.0105453	0.0104162	0.0156841	0.0268351	0.00840965	0.027153	0.43956	0.0223509	0.0213367	0.13116	0.0473151	0.0167515	0.00248529	0.00623742
66	0.00820229	0.00675297	0.00184769	0.00117236	0.273998	0.00193591	0.0722326	0.02158	0.000837845	0.0327816	0.0110561	0.0113103	0.000979699	0.00725223	0.0128632	0.0146994	0.0149113	0.0341122	0.0253571	0.446118
67	0.0193732	0.0039964	0.00450082	0.0123889	0.0413898	0.00493474	0.0443913	0.235589	0.0134961	0.225117	0.0489896	0.00707956	0.00378646	0.0157629	0.0121951	0.0137763	0.0492086	0.190917	0.00178276	0.0513245
68	0.0382765	0.0048479	0.0108731	0.0130804	0.0496082	0.00622605	0.42997	0.0203643	0.0374989	0.031175	0.00343828	0.0756744	0.00553484	0.0288598	0.0328168	0.0256605	0.0303137	0.0272721	0.00348587	0.125024
69	0.0321862	0.00662062	0.0524002	0.0446848	0.032791	0.0196253	0.276728	0.0294975	0.0771308	0.0441564	0.0109272	0.0381386	0.00905657	0.0529526	0.060326	0.0350741	0.066227	0.0473415	0.00394094	0.060195
70	0.280373	0.0517098	0.00556238	0.00639445	0.00611568	0.00590001	0.00610879	0.0256542	0.00803646	0.0260806	0.0069312	0.0243614	0.00545023	0.00474787	0.00389931	0.15431	0.120858	0.234835	0.0038548	0.0188165
71	0.0212163	0.00830781	0.0041875	0.0429441	0.0484806	0.00555999	0.0351536	0.188701	0.0929978	0.0756586	0.0180677	0.0300487	0.00300761	0.0291796	0.0565156	0.0450654	0.124688	0.156413	0.00391935	0.00988733
72	0.0102619	0.000473721	0.00121993	0.00369995	0.0324464	0.00110539	0.00804896	0.291168	0.00111612	0.303519	0.0554319	0.00129269	0.000944581	0.00166103	0.00224833	0.00323436	0.0183897	0.243032	0.000748817	0.0199564
73	0.0200057	0.00216096	0.0938146	0.0924236	0.0179856	0.0267672	0.0490611	0.00521343	0.17206	0.00651543	0.00491735	0.0513529	0.0215286	0.0141581	0.152155	0.114092	0.124241	0.0231957	0.00145393	0.00689756
74	0.053159	0.000971661	0.0253744	0.0237594	0.150924	0.0527039	0.0901747	0.016965	0.00221541	0.017447	0.0114217	0.00276387	0.0469678	0.00242233	0.00952566	0.075174	0.00602019	0.0170453	0.00112281	0.393842
75	0.0837436	0.00349439	0.142764	0.0633768	0.00345305	0.16654	0.0125393	0.0036038	0.0800038	0.0163713	0.00278527	0.236213	0.00798655	0.0505685	0.0158439	0.0778104	0.0203041	0.00662972	0.000950354	0.00501851
76	0.177793	0.00521315	0.0102195	0.0608192	0.0069742	0.0109846	0.00688315	0.0473891	0.00557269	0.0138673	0.0354176	0.0129458	0.0185273	0.0235834	0.00703627	0.139452	0.280092	0.122388	0.00417629	0.0106657
77	0.0492748	0.000558269	0.00551553	0.0719147	0.0228993	0.00827793	0.0436012	0.0821901	0.126253	0.0855618	0.0531411	0.0178572	0.000801084	0.0763811	0.11854	0.0312187	0.0971316	0.0886716	0.00915731	0.0110536
78	0.0168263	0.00548152	0.00743724	0.00780254	0.193521	0.00871811	0.100872	0.0254831	0.00589236	0.0385099	0.0111116	0.0135567	0.0121615	0.0107112	0.0186118	0.0227739	0.0286407	0.0330488	0.023664	0.415176
79	0.0114275	0.00593233	0.0030066	0.00214628	0.222147	0.0031501	0.110707	0.0277296	0.00131562	0.037348	0.0123251	0.0162409	0.00206619	0.00649944	0.0114781	0.0194219	0.0200597	0.029211	0.0265167	0.431271
80	0.017543	0.00604291	0.0109156	0.0110956	0.195018	0.00915623	0.0955722	0.0317565	0.00780999	0.0378082	0.0131832	0.0137478	0.00972711	0.0111496	0.0192597	0.0248133	0.0272674	0.0408162	0.0217611	0.395557
81	0.0538721	0.00100059	0.023095	0.226006	0.00290716	0.00500476	0.00453617	0.00599968	0.117253	0.028437	0.0646129	0.00850841	0.0062202	0.177973	0.127608	0.0817761	0.0128141	0.0485019	0.00134949	0.00252371
82	0.0760121	0.0294076	0.0108542	0.0178067	0.0713025	0.0121259	0.0468228	0.0136332	0.00762402	0.0398161	0.00730444	0.0402981	0.00855057	0.00923877	0.0354134	0.284244	0.0687411	0.0636566	0.108128	0.0490201
83	0.0627535	0.00677848	0.0226303	0.0289383	0.113585	0.0291532	0.0537155	0.0303366	0.0249413	0.0425787	0.0158571	0.0251897	0.183046	0.0412511	0.0344728	0.0776383	0.0419772	0.041474	0.0149936	0.108689
84	0.0484996	0.00056526	0.00451511	0.0713231	0.0241529	0.0081912	0.0447622	0.0840794	0.125465	0.0878967	0.0536842	0.0157893	0.000768323	0.0756162	0.116864	0.0274614	0.0972774	0.0923322	0.00939731	0.0113588
85	0.164418	0.00371247	0.0111068	0.040018	0.009753	0.00989997	0.0102393	0.0822635	0.00785571	0.032498	0.0544265	0.00869167	0.0293952	0.0349582	0.00819971	0.0994278	0.268118	0.116242	0.00304992	0.00572628
86	0.135777	0.00517549	0.0208782	0.0355789	0.0115341	0.0194655	0.00921854	0.0358976	0.0228802	0.0304631	0.0316242	0.0116956	0.361574	0.0338845	0.0157097	0.079036	0.0681533	0.0597278	0.00600966	0.00571594
87	0.0897264	0.00309433	0.0149552	0.0271994	0.00765762	0.0226436	0.0102313	0.0127007	0.035507	0.0208278	0.00927501	0.0133937	0.473457	0.0351824	0.0271647	0.122517	0.0480506	0.0185714	0.00258991	0.00525476
88	0.143318	0.000593343	0.0445391	0.160142	0.00160986	0.0190541	0.0351524	0.00388338	0.25646	0.0399547	0.0131943	0.0351518	0.0412523	0.0657037	0.0786744	0.0303026	0.0203825	0.00662655	0.00079291	0.00321189
89	0.154375	0.00658408	0.00629365	0.0114086	0.00572116	0.0053055	0.0275101	0.132958	0.00713973	0.0251407	0.00625798	0.00720286	0.227575	0.010017	0.0119059	0.105026	0.0428385	0.199405	0.00246375	0.00487112
90	0.0878026	0.013263	0.0985991	0.034154	0.00825286	0.240184	0.0723087	0.00656313	0.0341313	0.0363259	0.00422095	0.124764	0.00475557	0.0336267	0.060108	0.0574362	0.0555334	0.0144417	0.00177917	0.0117493
91	0.111245	0.00290363	0.0215974	0.0668779	0.0115889	0.0312351	0.00444592	0.0453551	0.0634708	0.0246321	0.0174821	0.0117993	0.211707	0.0890447	0.0220399	0.112559	0.080992	0.0599258	0.00554999	0.00554785
92	0.0657207	0.00273904	0.172799	0.209033	0.0225037	0.06506	0.0282915	0.00498055	0.0383782	0.00860401	0.00379836	0.0784861	0.00845751	0.0686186	0.0455383	0.0725944	0.0389756	0.0300186	0.0130763	0.0223269
93	0.276587	0.0432024	0.00618713	0.00880789	0.00625897	0.00472381	0.00692125	0.0156236	0.00674414	0.0170508	0.00506447	0.0277838	0.00472067	0.00396546	0.00359423	0.159017	0.148431	0.212177	0.00687052	0.0362683
94	0.0723358	0.00189136	0.0090615	0.00584804	0.00432299	0.0188931	0.0036353	0.00532256	0.00883257	0.016879	0.00498928	0.00426896	0.639227	0.0149836	0.0263722	0.110442	0.0425394	0.00648964	0.00117005	0.0024962
95	0.0113922	0.00712361	0.00589925	0.0135596	0.155813	0.0114067	0.122401	0.0553019	0.0144494	0.101125	0.0119378	0.0163188	0.00289223	0.0267175	0.0145467	0.0164936	0.0495802	0.0440443	0.0114024	0.307594
96	0.0462835	0.0017202	0.00548035	0.0595132	0.023148	0.00791741	0.0424606	0.0952647	0.132671	0.0784058	0.0425799	0.0179827	0.00227797	0.0609772	0.111424	0.0457864	0.105021	0.101837	0.0077408	0.0115078
97	0.0161541	0.00058414	0.00155161	0.00512102	0.342772	0.00147972	0.00829484	0.0728941	0.00143571	0.42523	0.0447765	0.0019716	0.00170534	0.00481864	0.00173644	0.00688968	0.00576415	0.0406348	0.00185195	0.0143336
98	0.186288	0.0040706	0.0211704	0.0169732	0.010586	0.410208	0.0152944	0.0105922	0.0199106	0.0228806	0.00930045	0.0278387	0.0144592	0.0164034	0.0412777	0.104358	0.0317191	0.0241441	0.00584412	0.0066817
99	0.0137553	0.0026208	0.00202203	0.00293197	0.0287205	0.00156438	0.00601491	0.271431	0.00141217	0.191527	0.0386544	0.0021413	0.00118047	0.00454048	0.00354818	0.00776593	0.0193598	0.381978	0.000461751	0.0183698
100	0.0721379	0.00506445	0.00265257	0.0075679	0.0259388	0.0112348	0.013233	0.159601	0.00405432	0.13505	0.133607	0.00506805	0.0022806	0.00623113	0.00882044	0.0412783	0.103728	0.248092	0.00465151	0.00970754
101	0.178904	0.00128746	0.00242472	0.00265389	0.00923446	0.576044	0.00225811	0.0069814	0.00194994	0.0201511	0.00987608	0.00352866	0.0107228	0.00232956	0.00743404	0.11945	0.014844	0.0202849	0.00749381	0.00214707
102	0.0459148	0.00507042	0.295061	0.099103	0.0128614	0.0323119	0.0295873	0.01726	0.0441462	0.0149835	0.00712433	0.157261	0.0176975	0.0278066	0.0395742	0.0529808	0.0503939	0.026854	0.00499411	0.019014
103	0.0200194	0.00183629	0.00222321	0.00435484	0.035894	0.00387449	0.0090052	0.25167	0.00205542	0.297605	0.0759686	0.00239036	0.00203974	0.00341162	0.00447593	0.0126434	0.0423752	0.207174	0.00576843	0.0152145
104	0.175077	0.00222229	0.00885335	0.0079269	0.0116895	0.517757	0.00793748	0.00815555	0.00679704	0.0215819	0.010331	0.0132281	0.0129685	0.00639336	0.0111586	0.119926	0.0216302	0.0229388	0.00742062	0.006007
105	0.0673559	0.00604181	0.0249311	0.0566745	0.0218283	0.0210995	0.0469718	0.0521603	0.0654958	0.0916508	0.0349734	0.0344223	0.0343645	0.110209	0.0615093	0.0632154	0.102797	0.0717513	0.00583764	0.0267107
106	0.0184321	0.00112318	0.00313953	0.00385246	0.0196906	0.00336585	0.00336269	0.0283773	0.00299321	0.0145258	0.00425118	0.0161987	0.0214603	0.00344839	0.0186515	0.159429	0.660513	0.00853978	0.001233	0.00741319
107	0.053246	0.000973965	0.0254076	0.0237726	0.15107	0.0525429	0.0899762	0.0169237	0.00222014	0.0175378	0.011372	0.00276552	0.0470344	0.00241954	0.00944118	0.0751965	0.00601828	0.0169871	0.00112277	0.393972
108	0.124567	0.00511033	0.0775448	0.0423925	0.0123297	0.013456	0.170652	0.0426937	0.0177637	0.0483021	0.00602948	0.219068	0.00793076	0.0160236	0.0134458	0.059289	0.0306467	0.0569419	0.00289819	0.0329142
109	0.053894	0.00737631	0.0120017	0.0204412	0.0119312	0.0152517	0.0113753	0.0291237	0.0163873	0.0169695	0.0119633	0.0278748	0.0266685	0.0122115	0.019349	0.285111	0.382162	0.0240751	0.00339058	0.012443
110	0.105434	0.00559487	0.045515	0.10516	0.00771462	0.0391435	0.0485765	0.0234357	0.139796	0.0528773	0.023252	0.0643552	0.0157982	0.0634617	0.1003	0.0554776	0.06827	0.0250242	0.00261566	0.00819752
111	0.0715021	0.000572342	0.0346076	0.0905461	0.00219226	0.0108112	0.0148319	0.0405554	0.123526	0.0590158	0.0519333	0.0821358	0.00168157	0.0842008	0.121639	0.139839	0.0482023	0.0180647	0.00209582	0.00204724
112	0.076334	0.0110681	0.0194361	0.022648	0.0138256	0.0137511	0.0138332	0.0479138	0.0134908	0.0283199	0.0163055	0.0820058	0.0225648	0.0123675	0.0256858	0.149705	0.302065	0.106607	0.00614944	0.0159229
113	0.0195154	0.00137461	0.00163297	0.00402184	0.0442593	0.00291676	0.0090705	0.24016	0.00168403	0.266415	0.0789224	0.00226848	0.00149145	0.00266033	0.00342513	0.00925521	0.0276645	0.264141	0.00339745	0.0157236
114	0.207521	0.00274888	0.0270837	0.0915	0.00629944	0.0291177	0.00566395	0.0245656	0.0147983	0.0154602	0.00833284	0.0322441	0.0472012	0.0692064	0.0105103	0.20083	0.144247	0.035969	0.00361918	0.0230813
115	0.0130433	0.00423136	0.016301	0.0132711	0.0242022	0.00525556	0.534789	0.0187943	0.0657978	0.0287991	0.00503426	0.0461521	0.00430035	0.0159081	0.0485584	0.0185567	0.0319466	0.034644	0.00183333	0.0685819
116	0.0151729	0.00434696	0.00363174	0.00798863	0.114506	0.00452057	0.0628892	0.143816	0.0062025	0.16522	0.041747	0.0102864	0.00233717	0.0139357	0.00969041	0.013438	0.031793	0.132458	0.00972672	0.206293
117	0.0622894	0.00082377	0.0178133	0.0908101	0.0153578	0.0082731	0.0377579	0.0727283	0.100897	0.10756	0.0587221	0.0355875	0.00219426	0.0736907	0.105983	0.0463707	0.0769285	0.0688701	0.00680999	0.010532
118	0.0676715	0.00059181	0.0373603	0.0927828	0.00184024	0.0141101	0.0154009	0.0345671	0.13012	0.0531561	0.0495699	0.0872111	0.00227636	0.0921645	0.118729	0.14361	0.0403919	0.0149175	0.00177847	0.00174918
119	0.0671863	0.0201656	0.020313	0.0205049	0.00631206	0.0625894	0.0409805	0.00565352	0.0198186	0.0182937	0.0255573	0.12246	0.0438218	0.0115348	0.0555293	0.32116	0.111912	0.0126571	0.00250201	0.011049
120	0.0793809	0.00222394	0.0299996	0.135518	0.00345754	0.0573826	0.0112633	0.00685	0.089463	0.0406574	0.017613	0.0403525	0.136584	0.0785471	0.0587704	0.121477	0.0536634	0.0221317	0.000758127	0.0139066
121	0.0158772	0.000989618	0.00144096	0.00365936	0.0374446	0.00193286	0.00904507	0.26189	0.00147795	0.267391	0.0695562	0.00163296	0.00105919	0.00211435	0.00328897	0.00662628	0.0230751	0.272677	0.00155491	0.0172669
122	0.0126823	0.00121536	0.0022758	0.00497962	0.0373175	0.00197506	0.0090388	0.27394	0.00291951	0.309434	0.0546545	0.00248449	0.00191619	0.00358983	0.00428653	0.00724397	0.0223042	0.222217	0.00753112	0.0179945
123	0.00938025	0.00633227	0.00215452	0.00146136	0.251149	0.00303256	0.0814212	0.0252226	0.00102694	0.0403642	0.0115871	0.0144678	0.00137629	0.00671083	0.0113872	0.016469	0.0171397	0.0323683	0.0241752	0.442774
124	0.20662	0.00572673	0.00605824	0.00723939	0.00936965	0.0263287	0.0074326	0.0597095	0.00728218	0.210499	0.0572178	0.00847285	0.0246758	0.00708407	0.00805366	0.0436804	0.0514109	0.245317	0.00270897	0.00511251
125	0.154474	0.0032264	0.0141453	0.0125338	0.0135209	0.491844	0.0102857	0.0112367	0.0102056	0.026386	0.012488	0.0211363	0.0155341	0.0103368	0.0168028	0.108226	0.0236916	0.0257502	0.00906886	0.00910676
126	0.0461762	0.00526461	0.292006	0.100085	0.0122866	0.0328681	0.0297081	0.0155594	0.045011	0.015051	0.00811061	0.154819	0.0211818	0.0276233	0.0423213	0.0544786	0.0531699	0.0271658	0.00455823	0.0125552
127	0.0143121	0.000776883	0.00173926	0.00395111	0.0400479	0.00195847	0.00885546	0.268078	0.00140411	0.279833	0.0708101	0.00170603	0.00106055	0.00210093	0.00292916	0.00597925	0.0232815	0.248803	0.00499198	0.0173819
128	0.211006	0.0438829	0.00557829	0.00567843	0.00214842	0.0179771	0.00432948	0.00441893	0.00342177	0.00343211	0.00193831	0.0408121	0.00358472	0.00309809	0.00320253	0.579372	0.0428037	0.0147751	0.0010332	0.00750726
129	0.019003	0.00594446	0.00882808	0.0103422	0.203	0.00910972	0.0977252	0.023009	0.00622393	0.0392512	0.0121255	0.0163124	0.00764362	0.0126929	0.0204152	0.0282472	0.022745	0.0325048	0.0266272	0.398249
130	0.229678	0.00545013	0.0182978	0.0576986	0.00856935	0.022239	0.0130181	0.0220029	0.0247129	0.0175989	0.0114196	0.0267583	0.0302815	0.0843399	0.0165978	0.194166	0.158642	0.036911	0.00426618	0.0173522
131	0.0107491	0.00176602	0.341746	0.0166004	0.00910619	0.00601034	0.0160434	0.0158744	0.0572361	0.004002	0.00202763	0.399871	0.00991715	0.00437744	0.0125287	0.0393807	0.0436263	0.00483917	0.00114473	0.00315387
132	0.100863	0.0172406	0.0981864	0.0457579	0.00637107	0.121676	0.0668634	0.00488581	0.0529997	0.0287165	0.00411098	0.125333	0.00233758	0.0515003	0.0814538	0.0753184	0.0892747	0.0120306	0.000775923	0.0143041
133	0.00858368	0.0056642	0.0104609	0.00717052	0.113472	0.00244684	0.219335	0.0160418	0.00251417	0.017855	0.004287	0.0077285	0.00659099	0.011818	0.0237434	0.0150432	0.0241407	0.016321	0.0221598	0.464623
134	0.046372	0.00224301	0.0133049	0.00692603	0.0228764	0.0372085	0.111202	0.00605223	0.0304739	0.00720664	0.0126402	0.0679699	0.269521	0.136073	0.0774663	0.0686126	0.021071	0.0161154	0.00147896	0.0451865
135	0.0137627	0.00236943	0.0230596	0.0238227	0.00708406	0.022872	0.00624852	0.098918	0.00517217	0.0413847	0.00569645	0.142777	0.0739911	0.00507152	0.100538	0.0669247	0.100444	0.236994	0.0013968	0.0214724
136	0.0314755	0.00260984	0.046823	0.0476706	0.0113092	0.0415784	0.024311	0.0280037	0.169499	0.0291166	0.0185694	0.0275415	0.00843107	0.0347737	0.306675	0.040287	0.0563716	0.0638522	0.00331114	0.00779053
137	0.0169191	0.00526526	0.0119211	0.00847948	0.193877	0.00829607	0.0286384	0.0756327	0.0049746	0.0665231	0.0391486	0.0114799	0.00797483	0.00941716	0.0108514	0.0334989	0.0275586	0.0390119	0.253059	0.147473
138	0.0551185	0.00694101	0.257634	0.0880103	0.0122881	0.0346878	0.0317678	0.0175547	0.0416274	0.0181356	0.0111303	0.119494	0.0219755	0.0248202	0.049166	0.0701537	0.0928473	0.028984	0.00422188	0.0134425
139	0.0143611	0.00105553	0.00290407	0.00292898	0.0110066	0.0029507	0.00280087	0.03158	0.00232452	0.00902844	0.00280283	0.0118698	0.0215777	0.0031432	0.0106676	0.271999	0.578163	0.0062454	0.0012818	0.0113086
140	0.00979952	0.00576389	0.00292077	0.00389417	0.29738	0.004915	0.0344456	0.0168861	0.00204309	0.0290095	0.011975	0.0112611	0.00324293	0.00783256	0.0119724	0.0169208	0.017326	0.0267012	0.169566	0.316144
141	0.174371	0.00103379	0.00256126	0.00244602	0.0101208	0.582309	0.00249287	0.00699877	0.00184548	0.020881	0.0107767	0.00272554	0.00996778	0.002372	0.00730506	0.116872	0.0139696	0.0206202	0.00800306	0.00232806
142	0.0491593	0.00443945	0.0978378	0.106613	0.00964625	0.0249658	0.0233517	0.0197526	0.100053	0.0307095	0.0366784	0.0554367	0.0107247	0.0474481	0.195481	0.0678728	0.0786419	0.0293896	0.00359176	0.00820621
143	0.0142821	0.000810531	0.00148478	0.00591821	0.360834	0.00179022	0.0102052	0.0468327	0.00150465	0.438898	0.0497946	0.00194965	0.0015729	0.00591514	0.00205613	0.00816808	0.00441575	0.0221677	0.0017793	0.0196207
144	0.0729445	0.00603187	0.00211238	0.00589863	0.0255914	0.012118	0.0123875	0.156386	0.00139781	0.130279	0.142259	0.00461836	0.00214531	0.00454604	0.00643811	0.0448086	0.108658	0.249594	0.0043608	0.00742448
145	0.0773394	0.00396699	0.159581	0.178827	0.0137566	0.0457228	0.0278943	0.012996	0.0542788	0.0170623	0.008801	0.0747158	0.0236044	0.0533851	0.0405468	0.110779	0.0477269	0.028379	0.00460764	0.0160289
146	0.0385119	0.0016303	0.0130836	0.00457675	0.0276333	0.0256058	0.10244	0.00406513	0.0375591	0.00532263	0.0132974	0.0456525	0.313607	0.11561	0.100251	0.0734184	0.0201205	0.0157123	0.00104161	0.0408607
147	0.0219543	0.0438435	0.0104026	0.0122386	0.0444766	0.010235	0.0117815	0.0818531	0.00864738	0.120481	0.00722053	0.266444	0.0114715	0.0100699	0.0141253	0.116647	0.030082	0.152645	0.00413966	0.0212424
148	0.367701	0.0164144	0.00352001	0.0113787	0.0237084	0.0237674	0.00361361	0.0277526	0.0032687	0.0352949	0.0200423	0.00551189	0.0226759	0.00425961	0.0050901	0.0361502	0.218095	0.164363	0.00167435	0.00571793
149	0.103988	0.00301404	0.0748691	0.119161	0.00592705	0.0336444	0.0265569	0.015322	0.122245	0.029455	0.0210788	0.0644567	0.0235028	0.0640828	0.0844867	0.133716	0.0469602	0.0180976	0.00176101	0.00767431
150	0.0358672	0.00518444	0.0160858	0.0248264	0.0764725	0.0381055	0.125941	0.0359642	0.0602859	0.0456233	0.0317948	0.0276236	0.0501421	0.0675876	0.0689228	0.0788943	0.0678424	0.0323388	0.00398179	0.106516
151	0.0332046	0.00454473	0.00725044	0.055062	0.0514445	0.0082749	0.102167	0.0871084	0.0807489	0.110829	0.0427822	0.0165472	0.0022159	0.0715139	0.0734693	0.0230654	0.0860282	0.0799229	0.00567584	0.0581444
152	0.0783872	0.00242819	0.0140094	0.021704	0.00841531	0.0213409	0.0114096	0.0174119	0.0205735	0.0215294	0.00956306	0.0140095	0.469838	0.0442721	0.025446	0.11604	0.0722085	0.0219833	0.0030657	0.00636415
153	0.0180788	0.00271204	0.0142274	0.00585836	0.08756	0.00773108	0.00631508	0.180287	0.00401253	0.154886	0.121354	0.00554844	0.00381088	0.00488641	0.00524898	0.03214	0.0313887	0.100379	0.208481	0.00509507
154	0.0515221	0.00555167	0.0051182	0.00748991	0.0292335	0.0102257	0.0197423	0.156122	0.00402793	0.168143	0.168981	0.00597	0.00322482	0.0131765	0.00725367	0.0413089	0.0730523	0.211779	0.00993213	0.00814678
155	0.0545265	0.00583786	0.0164941	0.0145827	0.138244	0.00756132	0.0302578	0.0637505	0.00962809	0.0359682	0.0185545	0.0181724	0.0093138	0.00977807	0.014546	0.0490109	0.111744	0.121369	0.118713	0.151948
156	0.26419	0.0573229	0.00618913	0.00773129	0.00465681	0.00418358	0.00718179	0.017257	0.0082537	0.0169432	0.00418414	0.0442363	0.00325835	0.00437354	0.0042532	0.179389	0.125232	0.212959	0.00486552	0.0233392
157	0.342065	0.00813539	0.0045334	0.0227662	0.0121052	0.0280167	0.00389465	0.0285109	0.00312152	0.0170796	0.0146164	0.00589704	0.0476238	0.00802391	0.00525849	0.0545387	0.247485	0.140073	0.00135973	0.0048955
158	0.150316	0.00322948	0.0209563	0.0171708	0.0136156	0.462958	0.0112068	0.0130082	0.0105545	0.025295	0.0120219	0.0213448	0.0184408	0.00983906	0.020042	0.115883	0.0271635	0.02969	0.00861095	0.00865261
159	0.0283506	0.00269826	0.290381	0.0354785	0.00963119	0.0226464	0.0247318	0.0153954	0.0590066	0.0089754	0.00316424	0.339792	0.0112635	0.0144248	0.0198883	0.0481506	0.0457155	0.0114882	0.00140603	0.00741174
160	0.0244849	0.00585895	0.0138542	0.0140846	0.087731	0.00739675	0.327091	0.0212622	0.0244889	0.0269676	0.00438917	0.0363864	0.00879401	0.0166131	0.0312984	0.0243253	0.0281192	0.0239948	0.0111565	0.261703
161	0.0431639	0.00459824	0.398513	0.217813	0.0125681	0.0227774	0.0217714	0.00706371	0.0153182	0.00743645	0.00469816	0.0470833	0.0146093	0.0307476	0.0345254	0.0301897	0.0447992	0.0239564	0.00459914	0.0137681
162	0.0102619	0.000473721	0.00121993	0.00369995	0.0324464	0.00110539	0.00804896	0.291168	0.00111612	0.303519	0.0554319	0.00129269	0.000944581	0.00166103	0.00224833	0.00323436	0.0183897	0.243032	0.000748817	0.0199564
163	0.0457867	0.00439981	0.399102	0.231458	0.0123106	0.0215108	0.0214664	0.00625981	0.0131757	0.00745827	0.00417006	0.0354979	0.0155168	0.0298595	0.0377987	0.0288753	0.0455609	0.0244579	0.00362329	0.011712
164	0.00880735	0.0083833	0.00107093	0.00134986	0.323469	0.00151915	0.0409164	0.0173839	0.000978824	0.032103	0.0123631	0.0094243	0.00112936	0.00933655	0.016694	0.0114121	0.0128298	0.0323158	0.0227945	0.435718
165	0.102392	0.00309124	0.0361786	0.012023	0.00744937	0.00892867	0.00934825	0.0226637	0.0569994	0.0992231	0.0580861	0.0499759	0.0345167	0.0439169	0.049729	0.0544748	0.0220569	0.318092	0.00316212	0.00769246
166	0.102312	0.00290321	0.0353453	0.0615284	0.00997048	0.0355432	0.00738093	0.0400335	0.034375	0.0250367	0.015778	0.0202723	0.249353	0.0673789	0.016167	0.124678	0.092617	0.046281	0.00463271	0.0084136
167	0.0594634	0.00137028	0.179782	0.244255	0.01639	0.0502794	0.0305135	0.00314952	0.0408396	0.00444999	0.00227665	0.078529	0.00636187	0.0876498	0.0292232	0.0665996	0.0376757	0.0244496	0.0092447	0.0274972
168	0.135822	0.00452737	0.0270381	0.060842	0.0143997	0.00778251	0.00551772	0.0671485	0.0317424	0.0388049	0.0337021	0.00490808	0.257544	0.0602466	0.00314394	0.0546493	0.0862599	0.0923235	0.0116964	0.00190124
169	0.0427189	0.00815386	0.014571	0.0121916	0.195011	0.0917567	0.0206194	0.0542573	0.00965143	0.0875449	0.0336213	0.0190459	0.0114889	0.0117359	0.0150708	0.0973123	0.0317493	0.0392505	0.140891	0.0633587
170	0.0586162	0.00126333	0.0073047	0.0620356	0.020838	0.00879954	0.0373923	0.0798675	0.114981	0.0837586	0.0464756	0.016996	0.00372152	0.0781185	0.112177	0.0326213	0.0840291	0.132689	0.00795432	0.0103603
171	0.219863	0.00897572	0.0251667	0.0229394	0.00323975	0.0624591	0.00762327	0.00485538	0.0118992	0.0136536	0.00461375	0.0711698	0.111963	0.0182724	0.0140609	0.328961	0.0482631	0.0107762	0.00156098	0.00968347
172	0.00817944	0.00765129	0.00120279	0.00136173	0.314296	0.00157595	0.0457329	0.0172391	0.000878686	0.0307275	0.011502	0.00912584	0.00110971	0.00915715	0.0170302	0.0116008	0.013181	0.0337193	0.0222623	0.442466
173	0.0686402	0.000639288	0.0348425	0.0899433	0.00196889	0.0105671	0.0147114	0.039714	0.123715	0.0618317	0.0537129	0.08519	0.00135403	0.0811344	0.121586	0.139609	0.0511116	0.0158924	0.00197831	0.00185828
174	0.134937	0.00142107	0.00727768	0.0150262	0.0161373	0.00917779	0.299973	0.010071	0.0140536	0.0108854	0.00260835	0.213264	0.00321903	0.0346409	0.0116782	0.0551306	0.0270851	0.0233313	0.00135854	0.108724
175	0.02485	0.00614235	0.0166227	0.017537	0.0951375	0.0107488	0.239234	0.023263	0.0285973	0.0329008	0.00672979	0.0316827	0.0207569	0.0244054	0.0569855	0.0275791	0.0344764	0.0270043	0.0111148	0.264232
176	0.00872203	0.00851502	0.00108705	0.00135442	0.329338	0.00174205	0.0405058	0.0169577	0.00101367	0.0341817	0.013505	0.00926145	0.00119937	0.0091804	0.0166415	0.0113607	0.0126921	0.0315855	0.0229744	0.428182
177	0.0390804	0.00152611	0.0120419	0.00388656	0.0267708	0.0244817	0.107169	0.00396818	0.0346282	0.005142	0.0137948	0.045289	0.315792	0.114733	0.097197	0.0733715	0.0203052	0.0163966	0.000956171	0.0434705
178	0.00843288	0.00535211	0.00969388	0.00650321	0.117937	0.00225041	0.212322	0.0160558	0.00182489	0.0181732	0.00441752	0.00753982	0.00634248	0.0117244	0.0226086	0.0149156	0.0238136	0.0167788	0.0224165	0.470897
179	0.0618927	0.000459519	0.0213319	0.0840601	0.0110941	0.0118697	0.0277861	0.0529947	0.153854	0.0763964	0.0480825	0.0462261	0.00362145	0.0812304	0.12423	0.0627209	0.066972	0.0526133	0.00731925	0.00524473
180	0.204448	0.0068034	0.0101467	0.0851324	0.0274321	0.0142065	0.0122733	0.0101534	0.00746113	0.0127446	0.00411976	0.0227525	0.0116787	0.0372424	0.0114146	0.370421	0.0599786	0.0199754	0.0277528	0.0438625
181	0.204658	0.0373853	0.00615726	0.00893331	0.00238976	0.0262173	0.0060814	0.00345045	0.00383584	0.00411812	0.00262778	0.0494603	0.00865582	0.00487406	0.00625999	0.558571	0.048393	0.0092563	0.00113213	0.00754254
182	0.0769454	0.0026443	0.127436	0.059831	0.00319024	0.152666	0.0200895	0.0044824	0.110159	0.0118108	0.00341747	0.203743	0.0133195	0.0914574	0.0237705	0.0657881	0.0170568	0.00537209	0.00101727	0.00580281
183	0.229434	0.0299473	0.00838245	0.0163266	0.00497861	0.0497222	0.00687605	0.00833912	0.00570628	0.00971031	0.00419133	0.0392643	0.0162957	0.00935577	0.00722841	0.460891	0.0499136	0.0284665	0.00365615	0.0113144
184	0.0341945	0.0013589	0.00376653	0.00611296	0.02167	0.00390521	0.00387815	0.0478456	0.0036576	0.0223154	0.00353842	0.0309436	0.0443662	0.00527529	0.0202538	0.182413	0.545666	0.0104269	0.00152488	0.00688689
185	0.121576	0.00727964	0.013334	0.0853882	0.00622006	0.032551	0.00882467	0.00643527	0.0205962	0.0101253	0.00495859	0.0511447	0.0247985	0.0323415	0.026812	0.477391	0.0454999	0.0103744	0.00442437	0.00992451
186	0.0428936	0.00167589	0.011724	0.00694533	0.0210751	0.0273254	0.0874124	0.00546142	0.0310038	0.00734768	0.0111337	0.047356	0.335483	0.120027	0.0750713	0.0967888	0.0218535	0.0150703	0.00129098	0.0330608
187	0.0142717	0.000837012	0.00194393	0.00995656	0.326133	0.00193009	0.0177552	0.0427752	0.0022745	0.450535	0.0526652	0.00265365	0.00209072	0.00995641	0.00265979	0.0119741	0.00612448	0.0214977	0.000811113	0.021155
188	0.00891361	0.00637433	0.00192575	0.00256726	0.299666	0.00293106	0.0373918	0.0155987	0.00140384	0.0279813	0.0112104	0.0101328	0.00258879	0.00783282	0.0129359	0.0140548	0.015576	0.027978	0.12992	0.363017
189	0.0104798	0.00615566	0.0041222	0.00496595	0.237641	0.00234051	0.0661682	0.0170179	0.00166572	0.0251211	0.0117729	0.0145466	0.00479514	0.00811391	0.0134494	0.0146277	0.0226354	0.0276979	0.0804321	0.426251
190	0.208795	0.0373533	0.00641277	0.00900375	0.00255343	0.0250554	0.00544534	0.00434577	0.00372613	0.00457375	0.00230883	0.0427347	0.00763417	0.00434948	0.00440013	0.563649	0.0436924	0.0144498	0.00165972	0.00785801
191	0.013592	0.00666333	0.00712651	0.0123998	0.0614765	0.00631562	0.0195988	0.231835	0.0279477	0.0663299	0.0167353	0.00841286	0.00560457	0.00965002	0.0259429	0.0239349	0.0435055	0.388807	0.00168561	0.0224368
192	0.0182744	0.00219684	0.106851	0.0744036	0.00898648	0.0257311	0.0222822	0.00677514	0.138702	0.00924287	0.0105101	0.0595471	0.0101359	0.0200292	0.308433	0.0564714	0.0908858	0.0232653	0.00171363	0.00556224
193	0.0442503	0.00319629	0.0024496	0.013754	0.034495	0.00693206	0.0222993	0.18878	0.0172814	0.174278	0.10021	0.00485998	0.00174404	0.0135706	0.0231407	0.024624	0.0683657	0.233372	0.00371027	0.0186862
194	0.17626	0.00104373	0.00218834	0.00244878	0.00942269	0.583446	0.00219241	0.00690066	0.00187051	0.0205965	0.0099549	0.00272705	0.0102187	0.00232616	0.00729984	0.116286	0.0140918	0.0208633	0.00774941	0.00211402
