233	20
1	0.00561888	0.000469788	0.000356852	0.000326384	0.00370943	0.00105607	0.00031073	0.324472	0.000374113	0.0468234	0.00527333	0.000637482	0.000666529	0.000553694	0.000418152	0.00286112	0.00565928	0.599739	0.000193244	0.000480853
2	0.151815	0.00305171	0.00420852	0.00193249	0.00168469	0.701145	0.000867554	0.00194124	0.00302993	0.00176217	0.0150673	0.00534726	0.0118932	0.00135417	0.00197708	0.057902	0.0191625	0.00815589	0.000310415	0.00739186
3	0.0190482	0.0100128	0.103094	0.0325491	0.00332732	0.412386	0.0136577	0.0141006	0.0799062	0.0157585	0.0123742	0.11949	0.00282708	0.0118656	0.0300537	0.0594083	0.0333833	0.0234194	0.00132381	0.00201474
4	0.121661	0.0128744	0.0136717	0.139049	0.00282886	0.00374179	0.0023291	0.0311061	0.359089	0.00470608	0.0156416	0.00217502	0.0787089	0.0299081	0.0787025	0.039924	0.0296624	0.0303641	0.000920822	0.00293526
5	0.100214	0.000757934	0.269203	0.233288	0.00121247	0.0839533	0.000651055	0.00696147	0.0243804	0.00189157	0.00179275	0.0561377	0.0105774	0.0380928	0.00143629	0.131701	0.0329012	0.00355857	0.000432416	0.000857089
6	0.0279626	0.00702362	0.0200199	0.0121242	0.00965064	0.0270987	0.0245082	0.0159488	0.0150684	0.0704494	0.0130053	0.512003	0.0115914	0.0132135	0.0137855	0.0503724	0.0877437	0.0571528	0.003246	0.00803206
7	0.00538402	0.000479004	0.000343301	0.000341283	0.00509151	0.00142442	0.000335123	0.353822	0.000406932	0.0481095	0.00494173	0.000643789	0.00125756	0.000567744	0.000426119	0.00315816	0.00505499	0.567509	0.000198499	0.000505302
8	0.0664278	0.00147004	0.0171796	0.0493105	0.0017819	0.0111	0.0343876	0.103199	0.0989663	0.0269153	0.0108327	0.1109	0.00143816	0.0555461	0.0694863	0.097813	0.079615	0.160254	0.000724106	0.00265244
9	0.105879	0.0023196	0.000328071	0.000403972	0.0627381	0.0449861	0.000322479	0.168421	0.00330303	0.186051	0.0281896	0.000720578	0.0178144	0.00103716	0.000609028	0.0357581	0.0450268	0.278748	0.000604262	0.0167402
10	0.104017	0.00169197	0.00113561	0.00154379	0.108839	0.0105704	0.00847216	0.0707767	0.00192509	0.0112203	0.0238709	0.0277927	0.00195038	0.0281571	0.00195007	0.0726785	0.353596	0.0692331	0.0490243	0.0515549
11	0.0518437	0.00617827	0.0260184	0.0182801	0.0612728	0.0182201	0.320122	0.0198223	0.0260732	0.0288412	0.0214516	0.133687	0.00976539	0.0190576	0.116113	0.0306138	0.0383173	0.0295487	0.00660288	0.018171
12	0.072511	0.440399	0.00998707	0.00975221	0.0222897	0.037813	0.00806986	0.0500352	0.0139654	0.0508265	0.0318614	0.0199424	0.0153961	0.0187087	0.0114265	0.0531552	0.0521909	0.0611996	0.00697251	0.0134972
13	0.146161	0.0103057	0.00110166	0.00114257	0.0429086	0.00642736	0.00120706	0.204705	0.0020806	0.0646488	0.0806384	0.00464169	0.00366386	0.0185548	0.0020619	0.0231653	0.0396787	0.316203	0.0032858	0.0274178
14	0.0921838	0.00949433	0.00710326	0.00575127	0.0121468	0.0477467	0.00918727	0.0199399	0.00652634	0.0191344	0.0110756	0.0386308	0.0108706	0.0263457	0.00443113	0.252795	0.370556	0.0434511	0.00548071	0.00714955
15	0.0388287	0.00709133	0.00929541	0.0125261	0.0142869	0.0155393	0.0478748	0.0294463	0.128701	0.0236465	0.0186226	0.0254413	0.0177978	0.0200671	0.486601	0.0239771	0.0278963	0.0360005	0.00384395	0.0125154
16	0.00746229	0.00137908	0.00053644	0.000680342	0.0461256	0.00223109	0.000653298	0.0534253	0.000912664	0.707352	0.102067	0.00118899	0.00205069	0.00124912	0.000860525	0.00826444	0.0118547	0.049866	0.000558181	0.00128229
17	0.0415347	0.00556796	0.0138654	0.0139443	0.0141826	0.015977	0.108132	0.0276461	0.104286	0.0227349	0.0136369	0.0368183	0.0145569	0.0247433	0.428898	0.0243057	0.0277138	0.0435947	0.00387055	0.0139915
18	0.0444759	0.00848702	0.000290402	0.000308323	0.17559	0.0123541	0.00163346	0.223071	0.000426685	0.280956	0.0761394	0.00123907	0.00148304	0.00126297	0.000506178	0.0108642	0.027251	0.117105	0.0038141	0.0127414
19	0.0667748	0.00179552	0.0157756	0.0484223	0.00214611	0.0104298	0.0311747	0.0992113	0.0952778	0.0270249	0.0126476	0.107969	0.0013002	0.0585385	0.0677644	0.0934811	0.0834384	0.173226	0.000703948	0.00289822
20	0.0167197	0.00160176	0.000303068	0.000219101	0.0356787	0.00219517	0.000626815	0.303034	0.000468051	0.385124	0.0740381	0.00198302	0.00519307	0.000652421	0.000401597	0.0025876	0.0164252	0.148151	0.000257597	0.00433987
21	0.0424541	0.000623962	0.000699257	0.00103269	0.00116883	0.0215286	0.0558509	0.0415583	0.405936	0.0411027	0.00213828	0.0552752	0.0302911	0.0162955	0.17361	0.00299151	0.0162167	0.0838657	0.000435407	0.00692506
22	0.010287	0.00155839	0.667833	0.0674177	0.00326703	0.00543509	0.00432814	0.00447845	0.00691266	0.00691474	0.00620493	0.094825	0.00328551	0.0232142	0.0170669	0.0491705	0.0181324	0.00737017	0.000863736	0.00143448
23	0.0327571	0.000773653	0.152426	0.10337	0.00735507	0.0107712	0.0350938	0.0025019	0.0508515	0.0205134	0.0274113	0.193051	0.0185264	0.057778	0.066925	0.0934945	0.105724	0.0192138	0.000452091	0.00101084
24	0.0502659	0.00184663	0.2595	0.104138	0.00221232	0.0197681	0.0013207	0.0045313	0.046089	0.00444141	0.0033798	0.0134144	0.333045	0.0127462	0.0338766	0.0727178	0.0166576	0.0172216	0.00108449	0.00174259
25	0.0359973	0.0275359	0.0617843	0.0204514	0.00294776	0.343033	0.00308054	0.0361091	0.0691134	0.037956	0.0281483	0.0786072	0.00211742	0.0051514	0.0058044	0.142704	0.0395495	0.0565397	0.00107134	0.00229844
26	0.0520208	0.00886405	0.000377839	0.000396006	0.0229737	0.0122229	0.000408921	0.287993	0.000720992	0.110719	0.014021	0.000800183	0.0038845	0.00111029	0.000477998	0.0176835	0.0255565	0.434794	0.000946869	0.00402722
27	0.0300426	0.0039991	0.00505215	0.00282612	0.00833938	0.00879679	0.00236928	0.18372	0.0820666	0.176662	0.207705	0.0227497	0.00951192	0.0456708	0.0120136	0.0135941	0.0384489	0.141411	0.001795	0.00322472
28	0.0741899	0.0148242	0.0528039	0.0198141	0.00415129	0.286534	0.00465104	0.0192447	0.0274805	0.0191068	0.0392971	0.0572279	0.00754922	0.0214271	0.00511305	0.230246	0.0710861	0.0326271	0.00162791	0.0109982
29	0.154076	0.0197259	0.00150928	0.00196976	0.0251194	0.0120721	0.00182636	0.0706456	0.00469449	0.02408	0.0345462	0.0233277	0.00964964	0.0221196	0.00652686	0.107437	0.124127	0.345227	0.00156615	0.00975429
30	0.193498	0.00231537	0.0642826	0.0644073	0.00164155	0.111735	0.0106142	0.00448393	0.0151623	0.00326647	0.0094271	0.121816	0.0134857	0.100664	0.0155616	0.198014	0.0527927	0.0151372	0.000514772	0.0011799
31	0.161619	0.00550811	0.0585436	0.0546088	0.00142366	0.202674	0.00659233	0.00641076	0.0133413	0.00367176	0.00856399	0.101678	0.00610931	0.0696598	0.00903748	0.226124	0.0421303	0.0179786	0.000593608	0.00373104
32	0.0209353	0.00184378	0.145414	0.0671382	0.00379962	0.287931	0.0178501	0.00522979	0.0567789	0.0116964	0.0112522	0.17439	0.00611113	0.0355386	0.0401775	0.0573381	0.0438892	0.0103156	0.000869573	0.00150052
33	0.113756	0.005738	0.0351714	0.032624	0.00931981	0.0724252	0.0104177	0.0300352	0.0205215	0.0372138	0.0634135	0.106258	0.0164469	0.129245	0.0512556	0.0865828	0.13317	0.0394739	0.00230413	0.00462764
34	0.00377859	0.000837552	0.000642164	0.000659206	0.189926	0.00213093	0.0444405	0.0277785	0.0295467	0.143657	0.0428224	0.0164583	0.00535961	0.0313102	0.0240955	0.00307266	0.0152351	0.024374	0.0430818	0.350793
35	0.0215908	0.00361164	0.0295677	0.0977092	0.00593385	0.0103321	0.113674	0.0140721	0.0138939	0.0114979	0.00968639	0.00956541	0.0116468	0.405324	0.0319702	0.0155388	0.0354989	0.0174283	0.0448935	0.0965647
36	0.00561343	0.000506818	0.000352387	0.000330236	0.00375712	0.00107226	0.000318299	0.323946	0.000373005	0.0466753	0.00560378	0.000638285	0.000662574	0.000562296	0.000420928	0.00286147	0.00566217	0.599896	0.000196664	0.000551192
37	0.0055522	0.000465662	0.000339099	0.000339924	0.00417951	0.0011723	0.000329056	0.336479	0.000382849	0.0469999	0.00511337	0.000624378	0.000834675	0.000553188	0.000412497	0.00285001	0.00533823	0.587355	0.000189273	0.000490534
38	0.0225571	0.00711453	0.000325957	0.000343746	0.0558821	0.00322476	0.000335568	0.389049	0.000373289	0.174242	0.031082	0.000755125	0.00433194	0.00146079	0.000373091	0.010475	0.0183023	0.262822	0.00365173	0.0132984
39	0.154771	0.00425969	0.00285687	0.00283578	0.00214234	0.68291	0.000921704	0.00447794	0.00256434	0.00371028	0.01605	0.00470642	0.0119394	0.00201074	0.00195548	0.0603355	0.0211832	0.0114661	0.000682126	0.00822096
40	0.0615072	0.00262733	0.0588418	0.0402024	0.00489849	0.040494	0.00715827	0.00867741	0.0112613	0.0106993	0.0289804	0.133681	0.16068	0.0703306	0.0106402	0.145192	0.166813	0.0330679	0.00142336	0.0028233
41	0.0181596	0.00445392	0.000198779	0.000198449	0.0437372	0.00273887	0.000509949	0.323381	0.000272967	0.356868	0.0659867	0.00175382	0.00343256	0.000453416	0.000242271	0.00332227	0.0160796	0.153529	0.000441222	0.00424014
42	0.427349	0.0166763	0.00305768	0.00116066	0.00979352	0.0785477	0.000491039	0.0105104	0.00289746	0.00298781	0.00486452	0.00869271	0.0103193	0.00128267	0.000682072	0.328417	0.0639998	0.0218801	0.00128901	0.00510104
43	0.118619	0.00122373	0.224559	0.192874	0.00111318	0.0971736	0.00214429	0.00622906	0.0240066	0.0017258	0.00313555	0.0672786	0.00971546	0.0457542	0.00348725	0.155337	0.0383769	0.00600732	0.000391995	0.000848742
44	0.0349058	0.0202638	0.00036781	0.000461355	0.0390882	0.00647421	0.000504588	0.345758	0.00061039	0.108279	0.0315338	0.00107877	0.00159171	0.00311937	0.000746454	0.0307147	0.0452698	0.306348	0.00686164	0.0160221
45	0.0569433	0.0130653	0.00231851	0.00266199	0.448841	0.0190364	0.00694515	0.0846175	0.00557697	0.096987	0.0492613	0.00947812	0.0045219	0.00699216	0.0070642	0.0200127	0.0355534	0.0675281	0.0113585	0.051237
46	0.160718	0.0098979	0.00169935	0.00211682	0.0272942	0.0323478	0.00130807	0.199134	0.00371273	0.0231228	0.028665	0.00873816	0.0087452	0.0221713	0.0174879	0.0894756	0.0937228	0.263555	0.00114424	0.00494208
47	0.0517808	0.00380218	0.137321	0.0514053	0.00431328	0.0372931	0.013875	0.00753195	0.0262277	0.0105314	0.00624084	0.0211535	0.488402	0.0138078	0.017926	0.0581967	0.0244551	0.0164918	0.00470531	0.0045396
48	0.00934767	0.000658232	0.000206374	0.000188818	0.0259005	0.000706179	0.00068422	0.323977	0.000277941	0.387615	0.0893514	0.00241529	0.00240692	0.000423672	0.000261829	0.00105102	0.0205549	0.128283	0.000153541	0.00553778
49	0.00936722	0.000630213	0.000226428	0.000189827	0.0258951	0.000718903	0.000689347	0.323782	0.000340132	0.386532	0.089682	0.00252566	0.00246179	0.000524858	0.000314114	0.0010509	0.0206483	0.128751	0.000152892	0.00551699
50	0.108993	0.00740128	0.00670843	0.00537626	0.011297	0.153537	0.00629958	0.0226913	0.0076463	0.0239334	0.0176687	0.0100174	0.207549	0.0120127	0.0075451	0.156737	0.0367447	0.0324659	0.105184	0.0601923
51	0.232977	0.0238859	0.000604751	0.000464166	0.0220009	0.0455484	0.000648731	0.155358	0.00100925	0.0672087	0.0183988	0.00135942	0.0110195	0.00194222	0.00125257	0.0523258	0.067583	0.293704	0.000318811	0.00239009
52	0.00583855	0.000831406	0.000518274	0.000693999	0.042924	0.00169445	0.000570485	0.0657768	0.000919354	0.701672	0.101196	0.00108368	0.00188668	0.00119484	0.000763456	0.00747725	0.0115467	0.0516855	0.000364242	0.00136226
53	0.188143	0.0343638	0.000558712	0.000501098	0.0191768	0.0274016	0.00053422	0.213103	0.000936794	0.0842295	0.0185355	0.00184189	0.00438665	0.00290329	0.00175499	0.0558618	0.0616164	0.278935	0.000889905	0.0043265
54	0.370064	0.0306359	0.000297682	0.000987734	0.00995802	0.150463	0.000333051	0.05074	0.000494277	0.0347636	0.0419079	0.00142741	0.00499713	0.00103519	0.00115343	0.0848068	0.104583	0.109513	0.000244209	0.00159529
55	0.345975	0.00925456	0.00190413	0.00473188	0.00667284	0.119915	0.00177644	0.012746	0.00781155	0.0308498	0.0139337	0.00596845	0.0103407	0.00752253	0.0018016	0.204194	0.174226	0.0336255	0.00107648	0.00567342
56	0.170234	0.00382464	0.000834677	0.000855937	0.00256943	0.681162	0.000404665	0.00246042	0.000634388	0.00290457	0.0156892	0.00183622	0.0116585	0.00130255	0.000778428	0.0634899	0.0206299	0.00992649	0.000704145	0.00810057
57	0.00938239	0.000494497	0.000211656	0.000200637	0.0273899	0.000713166	0.000678399	0.293401	0.000291765	0.418111	0.094472	0.00237981	0.00239439	0.000446413	0.000279783	0.00137529	0.0195959	0.122692	0.00013412	0.00535684
58	0.0466075	0.0191171	0.000209824	0.000224721	0.0739895	0.0133587	0.000331746	0.303068	0.000353047	0.284283	0.0304115	0.000420526	0.00416466	0.000455104	0.00024003	0.0130391	0.0159348	0.190113	0.00150637	0.00217219
59	0.07037	0.00582931	0.00951406	0.00378015	0.0148751	0.0466238	0.00398128	0.111456	0.0597271	0.214352	0.119565	0.0625177	0.00962062	0.0580002	0.0243736	0.0473992	0.0562435	0.0746652	0.00309414	0.0040121
60	0.347052	0.0170356	0.000911351	0.000590089	0.0054169	0.428992	0.000383217	0.00673346	0.000668488	0.00961418	0.0136162	0.00402666	0.0069646	0.00214245	0.000686275	0.0937295	0.0359986	0.0210997	0.000283231	0.00405559
61	0.0570344	0.0424315	0.000250491	0.000320908	0.0975779	0.0147914	0.000397566	0.201471	0.00037133	0.381855	0.0410557	0.000465267	0.000501022	0.000449193	0.00032528	0.0183865	0.0215121	0.117406	0.00274333	0.000654693
62	0.0634467	0.00333475	0.0127355	0.00189083	0.0145493	0.0103289	0.00167084	0.130905	0.0349743	0.217008	0.138666	0.0614571	0.00936221	0.0458748	0.0405797	0.0192018	0.0824956	0.107999	0.00121115	0.00230897
63	0.210814	0.0106904	0.0117816	0.0283492	0.00681738	0.114177	0.00321221	0.0697387	0.00900485	0.00939359	0.0101267	0.0784337	0.0041505	0.0134461	0.00441683	0.280667	0.0721339	0.0536233	0.00258565	0.00643723
64	0.0631454	0.0102966	0.000172276	0.000158696	0.0311177	0.0195016	0.000179252	0.34609	0.000249916	0.208702	0.0147927	0.000297531	0.00221742	0.000260039	0.000258882	0.00606511	0.015275	0.280698	0.000182349	0.000340355
65	0.0560819	0.0471129	0.000260035	0.000335126	0.0978337	0.0146697	0.00039762	0.200887	0.000382674	0.379491	0.0435571	0.000461346	0.000468748	0.000466331	0.000374025	0.0184667	0.0205101	0.114731	0.00296407	0.000548499
66	0.457482	0.0322371	0.000652493	0.000507528	0.00625923	0.278473	0.00037546	0.00564685	0.000756714	0.0123623	0.0101524	0.0058483	0.00583213	0.00290672	0.000587263	0.106648	0.0452354	0.0266409	0.000319699	0.00107672
67	0.102077	0.00155672	0.000401437	0.0004626	0.0700792	0.0402507	0.000394996	0.182355	0.00311922	0.179762	0.0274925	0.000675234	0.0249082	0.000820904	0.000580244	0.0335763	0.0514515	0.264598	0.000371065	0.0150676
68	0.0411628	0.00287145	0.000488437	0.000521449	0.288409	0.012111	0.0163448	0.0832038	0.0125515	0.172144	0.0538055	0.00937158	0.00351207	0.0157746	0.00979149	0.0120282	0.0239018	0.0519673	0.026713	0.163326
69	0.119605	0.00178898	0.00113374	0.00148422	0.138126	0.0158462	0.0150346	0.0576459	0.00200465	0.0175827	0.0227922	0.0334689	0.0020508	0.0526459	0.00189683	0.0738475	0.260371	0.0783912	0.0453255	0.0589587
70	0.0664235	0.0032044	0.000669938	0.000803837	0.361134	0.0125859	0.000802401	0.124795	0.00125625	0.0598742	0.0549479	0.0129819	0.00115884	0.00148326	0.00104876	0.0160739	0.0339403	0.0681089	0.0382102	0.140497
71	0.0057776	0.000778243	0.000604285	0.000726976	0.045067	0.00189421	0.000610079	0.0400627	0.000943737	0.729363	0.104124	0.00113557	0.00194686	0.00132476	0.000916891	0.00831624	0.0112489	0.0437604	0.000439915	0.000958961
72	0.0741085	0.00228419	0.0322028	0.02444	0.00370761	0.0343747	0.0139265	0.00788946	0.0094302	0.01024	0.0176409	0.0965168	0.33458	0.0577734	0.00681372	0.129106	0.118377	0.022722	0.00135619	0.00251011
73	0.0570721	0.00710735	0.000187996	0.000179192	0.0348351	0.0172107	0.000181287	0.359447	0.000331037	0.197311	0.0165623	0.000292039	0.00376841	0.000388608	0.000247373	0.00605094	0.0132005	0.283835	0.000180699	0.00161095
74	0.105406	0.00265911	0.00020283	0.000290547	0.19979	0.0350174	0.00134592	0.149553	0.000469687	0.241717	0.0621147	0.00053486	0.00284109	0.00218133	0.000323405	0.0234422	0.0373303	0.102265	0.0108	0.021717
75	0.0164098	0.00140163	0.000282178	0.000263381	0.018002	0.00396797	0.000254152	0.373001	0.00032544	0.106276	0.00784802	0.00049088	0.00279844	0.000451527	0.000326628	0.0033524	0.00545794	0.458061	0.000195469	0.00083389
76	0.423293	0.0351867	0.000422766	0.000868569	0.00627606	0.247352	0.000411565	0.0204129	0.000587973	0.0210793	0.0198734	0.00367686	0.00254756	0.00216965	0.000859672	0.0757076	0.0643153	0.073546	0.000364974	0.00104838
77	0.070805	0.00185875	0.000716608	0.000796451	0.261079	0.0139109	0.00189817	0.149328	0.00388356	0.065143	0.0595426	0.0147239	0.00141016	0.00466352	0.00238401	0.0152607	0.036903	0.0769332	0.0543067	0.164452
78	0.0760504	0.00385554	0.00646105	0.0038039	0.00304715	0.0625029	0.0134417	0.00789723	0.00489327	0.0072009	0.00537973	0.0622616	0.00296882	0.0359381	0.0025379	0.34249	0.341389	0.0140235	0.00109422	0.00276289
79	0.374195	0.0304011	0.000316552	0.000984176	0.00826256	0.0709224	0.000302059	0.064279	0.000554808	0.0414965	0.0508864	0.000878992	0.0064312	0.000710536	0.000510305	0.094946	0.125229	0.127264	0.000243436	0.00118617
80	0.449092	0.0217209	0.0029916	0.000988785	0.0161797	0.0744181	0.000376197	0.0166607	0.00347006	0.0049375	0.0108316	0.0103109	0.00184371	0.000813213	0.000719534	0.28206	0.0609869	0.0340361	0.00126631	0.00629667
81	0.0107822	0.000777071	0.00721922	0.00676953	0.00145024	0.00272013	0.00248799	0.0165697	0.575065	0.00413222	0.00199133	0.0349018	0.00837889	0.00841216	0.259154	0.0144544	0.0240223	0.0189543	0.000544456	0.00121304
82	0.0430508	0.00240831	0.0193257	0.0340969	0.00409274	0.00708351	0.0351495	0.0468824	0.24839	0.0100938	0.0224477	0.0146059	0.00494186	0.0928836	0.195119	0.03907	0.02277	0.0945692	0.0013554	0.0616637
83	0.0620138	0.00206181	0.000412765	0.000506163	0.22014	0.0210158	0.0128062	0.105768	0.00977378	0.198216	0.0595356	0.00683584	0.00286043	0.0127367	0.00774929	0.0164254	0.0296157	0.0692286	0.0306404	0.131658
84	0.0112316	0.00410204	0.115837	0.0374764	0.00379715	0.438602	0.0181523	0.00915292	0.0917766	0.00991237	0.00690397	0.131397	0.00224706	0.0115881	0.0422008	0.0276193	0.0202363	0.0140126	0.00154259	0.00221115
85	0.353531	0.0318671	0.000364251	0.00106042	0.00808077	0.1104	0.000374302	0.0609808	0.00050775	0.0395339	0.0510193	0.000773999	0.00607651	0.000747283	0.000731764	0.0867164	0.11983	0.125984	0.000250182	0.00117058
86	0.027332	0.00212795	0.131715	0.0299918	0.0047813	0.0240317	0.0283323	0.00588094	0.0486445	0.0151832	0.0143281	0.195765	0.00867657	0.0375658	0.0117565	0.248987	0.146782	0.0145717	0.00108262	0.00246365
87	0.0413783	0.00192266	0.001472	0.138397	0.00367365	0.00471622	0.0168577	0.0662327	0.00271091	0.00560348	0.0485025	0.00372646	0.402389	0.187187	0.0322201	0.00762295	0.0229882	0.00852613	0.00138274	0.00249016
88	0.0767549	0.00198709	0.000665123	0.000716355	0.263366	0.0168278	0.000818966	0.152099	0.00118293	0.0754953	0.0616161	0.0123122	0.000955775	0.00169168	0.00100511	0.0167545	0.0380957	0.0793573	0.0482608	0.150037
89	0.00956194	0.00140743	0.000214197	0.00018588	0.0269499	0.000911596	0.000673224	0.317386	0.000328651	0.382168	0.0883176	0.00243495	0.00242052	0.000706189	0.000297251	0.00135658	0.0229918	0.134649	0.000368091	0.00667192
90	0.254538	0.00993746	0.000812107	0.00113996	0.00203208	0.392413	0.000841997	0.00292986	0.00141757	0.00350719	0.00787245	0.00228819	0.052956	0.00224127	0.00110979	0.197525	0.052861	0.00800414	0.00149209	0.00408144
91	0.203335	0.00630177	0.000434644	0.000501302	0.088356	0.0663789	0.000558257	0.1372	0.00125534	0.185385	0.0800069	0.00080994	0.00816211	0.00218464	0.000525097	0.0196526	0.0353478	0.150211	0.00320537	0.0101891
92	0.324634	0.0234441	0.000349238	0.000946875	0.00977843	0.0628205	0.000464647	0.0882026	0.000492746	0.0445264	0.0593024	0.000976131	0.00743589	0.00111215	0.000762223	0.0993578	0.122253	0.151824	0.000209971	0.00110692
93	0.0475231	0.00945018	0.000168682	0.000173975	0.0272234	0.0129545	0.000238306	0.368269	0.000259542	0.225277	0.0254609	0.000559402	0.00232537	0.000394071	0.000294368	0.00597594	0.0171573	0.253884	0.00039987	0.0020106
94	0.233902	0.0111611	0.000322863	0.000412926	0.00226827	0.614469	0.000368076	0.00260536	0.000453934	0.0040585	0.0150992	0.00204645	0.0111877	0.00127691	0.000479002	0.0590583	0.021715	0.0136671	0.000215546	0.0052328
95	0.361464	0.0122523	0.000402302	0.00047712	0.0677729	0.107631	0.000482538	0.0618254	0.000597293	0.178958	0.0984209	0.000811044	0.00336325	0.00307014	0.000594643	0.0114343	0.0235802	0.0568019	0.00450168	0.00555924
96	0.324791	0.0268144	0.000373424	0.00111982	0.0132133	0.0628299	0.000424325	0.076419	0.000432505	0.046159	0.0761457	0.000746822	0.0102335	0.000697933	0.00061502	0.100863	0.136534	0.120186	0.000230476	0.00117136
97	0.00564994	0.000777822	0.000600807	0.000721853	0.0445969	0.00183694	0.00060783	0.0407413	0.000944321	0.728828	0.104215	0.00114031	0.00195919	0.00132373	0.00091569	0.00830224	0.0112708	0.0442128	0.000395932	0.000958373
98	0.02016	0.0397535	0.00100424	0.00116337	0.0470406	0.00300229	0.00129326	0.218782	0.00136879	0.151093	0.0474903	0.00227445	0.00202844	0.0130489	0.00154691	0.0164776	0.0855886	0.317136	0.00525688	0.0244912
99	0.10158	0.00168208	0.095633	0.0504114	0.00193916	0.0821276	0.0179962	0.00343684	0.026893	0.00954105	0.011712	0.192678	0.0100358	0.0725305	0.0127244	0.203294	0.0890335	0.0154859	0.000410522	0.000854836
100	0.161094	0.0044318	0.0016394	0.00296111	0.130982	0.114936	0.00366641	0.0785099	0.00419246	0.117579	0.0416441	0.00601251	0.00926547	0.00690021	0.0042526	0.0731887	0.0494334	0.0798875	0.0210847	0.0883385
101	0.194134	0.00389924	0.00195879	0.00442473	0.00546111	0.105335	0.00308539	0.0101378	0.0403081	0.0550398	0.00868027	0.00602004	0.00382828	0.0511777	0.00283369	0.192727	0.224123	0.0592443	0.0025971	0.0249849
102	0.12716	0.00468367	0.00528495	0.00629737	0.00708618	0.339389	0.00242124	0.0110559	0.00337712	0.00898913	0.036227	0.0293911	0.0062303	0.0255156	0.00574841	0.211113	0.0424834	0.0155533	0.00309419	0.108899
103	0.0715998	0.00265781	0.00599716	0.00374903	0.00362086	0.0600892	0.0172261	0.00738116	0.00527641	0.00674561	0.00615236	0.0583623	0.00523708	0.0497757	0.0028168	0.317428	0.360151	0.0115053	0.0015636	0.00266473
104	0.0433109	0.00568868	0.000415039	0.000488666	0.043657	0.00956166	0.000568943	0.350646	0.000906655	0.148334	0.0289103	0.00083911	0.00439025	0.00205332	0.000705968	0.00884139	0.0150397	0.325829	0.00167821	0.00813474
105	0.0104405	0.00151803	0.000210784	0.000187307	0.0276618	0.00102392	0.000670885	0.321948	0.000281893	0.387934	0.0871559	0.00234383	0.00239183	0.000421019	0.000258276	0.00139644	0.0202076	0.128379	0.000198269	0.0053707
106	0.212239	0.0134733	0.00366235	0.00420163	0.0229293	0.0728481	0.00320711	0.0953792	0.00340778	0.0526034	0.0369991	0.00925651	0.0829715	0.00709009	0.00357513	0.10421	0.104595	0.156101	0.00381609	0.00743453
107	0.172134	0.00702652	0.00157617	0.0017363	0.0127906	0.0158634	0.00193349	0.127163	0.00437418	0.0186129	0.0181281	0.00971336	0.0581211	0.00595573	0.00626417	0.0998261	0.110357	0.318781	0.00122029	0.00842359
108	0.00918247	0.000597743	0.000207967	0.000188062	0.0257961	0.000673649	0.000683249	0.323689	0.00027857	0.388284	0.0896582	0.00243247	0.00238694	0.0004244	0.000266041	0.00100655	0.020567	0.12795	0.000152164	0.00557466
109	0.0927648	0.00876334	0.000195649	0.000268732	0.185614	0.0307364	0.00116117	0.158539	0.000299676	0.277503	0.0584493	0.000388807	0.00151204	0.00189678	0.000293877	0.0220301	0.032914	0.100382	0.00966753	0.016619
110	0.343966	0.023686	0.000328513	0.00109448	0.00878026	0.0659992	0.000474719	0.0805789	0.000405722	0.0430485	0.0603863	0.00088034	0.00734433	0.000860187	0.000628581	0.102984	0.120756	0.136519	0.000227054	0.00105139
111	0.189503	0.0185408	0.000750493	0.000595681	0.0242545	0.0468671	0.00081273	0.19452	0.00122108	0.0421845	0.0066282	0.00201478	0.00762867	0.00378157	0.00281777	0.0602109	0.0573926	0.338213	0.000521752	0.00154002
112	0.071696	0.024313	0.00021221	0.000242294	0.104813	0.0174293	0.000362953	0.213443	0.000480493	0.307071	0.0342758	0.000466176	0.00324545	0.000636136	0.000326411	0.0206387	0.0365317	0.158813	0.00214007	0.00286331
113	0.284388	0.007757	0.00101183	0.00121629	0.0629691	0.127849	0.00151331	0.0433835	0.00191286	0.210547	0.135441	0.00246805	0.00353108	0.0137638	0.0017299	0.0232567	0.0190008	0.0498112	0.00385529	0.00459496
114	0.439676	0.0249252	0.00326886	0.00127001	0.0152984	0.0675052	0.000450978	0.0168646	0.00475429	0.00231369	0.00623203	0.0130178	0.00151913	0.00107432	0.000687023	0.305507	0.0543095	0.0316683	0.00153007	0.008127
115	0.00490697	0.000945273	0.000583462	0.000679928	0.178663	0.00198115	0.0387541	0.040933	0.0369087	0.133193	0.0429344	0.0191972	0.00719824	0.0428624	0.0250536	0.00319144	0.0197562	0.0302118	0.0561649	0.315882
116	0.0350596	0.00190912	0.000199946	0.000192855	0.051549	0.00641182	0.000247366	0.4002	0.000267407	0.220766	0.0145624	0.000432584	0.00767802	0.000392488	0.000213034	0.00364442	0.00469487	0.250122	0.000142083	0.00131461
117	0.0185326	0.00352442	0.0309266	0.121129	0.00606471	0.00875857	0.108956	0.0117634	0.0122038	0.0117661	0.00878187	0.00623648	0.00439754	0.404198	0.0297107	0.0128217	0.0333751	0.0167811	0.0425397	0.107533
118	0.0378966	0.000608394	0.000655336	0.000790915	0.00104869	0.0203388	0.0534841	0.0434523	0.40123	0.043753	0.00165526	0.0495593	0.0347389	0.0138793	0.19459	0.0027482	0.0160774	0.0778788	0.000396024	0.00521878
119	0.0323224	0.00151481	0.124912	0.0838173	0.00656356	0.00459144	0.0725364	0.0066196	0.148452	0.0211427	0.0252918	0.121533	0.00828182	0.0528356	0.136685	0.0417446	0.0780932	0.025485	0.000863277	0.0067144
120	0.00984592	0.000807932	0.00664657	0.00704493	0.00142576	0.00245748	0.0015066	0.015663	0.582419	0.00337421	0.00218033	0.0332309	0.00830193	0.0078478	0.258684	0.015443	0.0230225	0.0180753	0.000565088	0.00145728
121	0.00660742	0.00145991	0.00118963	0.00122512	0.0789639	0.0033283	0.0849079	0.231134	0.0685206	0.0880969	0.00304007	0.00236516	0.00200691	0.00219449	0.0759921	0.0143925	0.0255385	0.240851	0.0425563	0.0256299
122	0.0178173	0.0192323	0.000457412	0.000464685	0.0500175	0.00159166	0.000487353	0.35528	0.0006147	0.109487	0.0416769	0.00105385	0.000783942	0.00356655	0.000725195	0.0285911	0.0449288	0.291578	0.00961659	0.022029
123	0.0572136	0.00133563	0.00368196	0.00122042	0.00221982	0.00573749	0.0468045	0.00418954	0.0122061	0.0130694	0.00292677	0.0255596	0.763059	0.00454793	0.00168515	0.0295663	0.0168887	0.00531162	0.00104988	0.0017266
124	0.103849	0.000751122	0.263291	0.227582	0.00119294	0.0849148	0.000762435	0.00700248	0.0247704	0.00181475	0.0019601	0.0571666	0.0107724	0.0391307	0.00162973	0.133842	0.0345363	0.00375523	0.000421695	0.000855147
125	0.208317	0.00591438	0.0015752	0.00183777	0.0201697	0.00648096	0.00158134	0.0766529	0.00214224	0.00891371	0.0490549	0.0325404	0.0223774	0.00848583	0.00297267	0.165329	0.0633411	0.290608	0.0021293	0.0295771
126	0.0369319	0.00212403	0.000194264	0.000185117	0.0503899	0.00716698	0.000214447	0.404172	0.000279996	0.207576	0.0122151	0.000390864	0.00770645	0.000382603	0.00021415	0.00397662	0.0048511	0.259717	0.000145073	0.0011668
127	0.0431701	0.0025973	0.0493385	0.0449	0.00338874	0.00485516	0.041506	0.0247918	0.296168	0.00834245	0.0170926	0.0193648	0.00761838	0.114528	0.162507	0.0347316	0.0331869	0.0477925	0.00155727	0.0425629
128	0.0528803	0.00336632	0.00843493	0.00145862	0.0315022	0.0100802	0.00140321	0.14908	0.0242164	0.240136	0.134295	0.0503029	0.0159321	0.0500604	0.0313674	0.0238207	0.0803357	0.087784	0.00116634	0.00237646
129	0.0199142	0.0050653	0.00027758	0.000292727	0.0533119	0.00383853	0.00094665	0.340638	0.000435276	0.266494	0.0635853	0.00141117	0.00286424	0.000989786	0.000410826	0.00742895	0.0246238	0.194456	0.00235501	0.0106607
130	0.0768536	0.00644151	0.000286634	0.000333019	0.212793	0.0197295	0.000958286	0.163287	0.000603821	0.249979	0.0429514	0.000670592	0.00315737	0.00148597	0.000538212	0.0236128	0.0526264	0.127022	0.00558995	0.0110797
131	0.120892	0.00648984	0.00254771	0.00415318	0.00856709	0.00974609	0.00326736	0.0594009	0.0288491	0.0126645	0.0120883	0.00891281	0.0106269	0.0104122	0.0271794	0.0612062	0.214314	0.392688	0.00164082	0.00435377
132	0.0566313	0.00139083	0.00392831	0.00124345	0.00215477	0.00772003	0.0416871	0.00439856	0.0112371	0.0133734	0.00292626	0.0238592	0.766912	0.00475671	0.00165094	0.0302806	0.0168316	0.00556119	0.00154586	0.00191102
133	0.0538503	0.00265025	0.00130992	0.00141025	0.222496	0.0106362	0.0017631	0.0612502	0.00184538	0.365841	0.0995297	0.00303222	0.0145167	0.00334169	0.00241773	0.0116644	0.0706776	0.0626361	0.00303698	0.00609507
134	0.0546811	0.0489836	0.000313724	0.000353179	0.0995092	0.0147256	0.000454159	0.201371	0.000412059	0.377156	0.0429225	0.000473015	0.000528662	0.000511638	0.00038707	0.0185379	0.0204443	0.114782	0.00289738	0.000556718
135	0.0886034	0.0343153	0.00161661	0.00208249	0.00374673	0.0252611	0.00209247	0.0233233	0.00387	0.0376296	0.00484516	0.00537359	0.00245801	0.00504444	0.00229193	0.310041	0.333635	0.108926	0.00142712	0.00341656
136	0.0103397	0.000545201	0.00023742	0.000239597	0.0284256	0.00072558	0.00071958	0.274463	0.000303231	0.433628	0.0970859	0.00229613	0.00253953	0.000444835	0.000316861	0.00164895	0.0197441	0.121016	0.000176232	0.00510418
137	0.0567667	0.0424872	0.000264137	0.000316359	0.0963516	0.0147369	0.000385988	0.200552	0.00038681	0.385126	0.0409233	0.000470921	0.000493408	0.000461223	0.000349526	0.0184636	0.0214343	0.116876	0.00266424	0.000488876
138	0.031646	0.00314903	0.000252098	0.000200455	0.0371015	0.00877886	0.000305418	0.41642	0.000311682	0.16955	0.0104163	0.000419914	0.00733515	0.000400909	0.000261892	0.00727344	0.00716595	0.297337	0.000297154	0.00137677
139	0.323345	0.0235163	0.000450846	0.00129804	0.00929355	0.0578022	0.000479838	0.073189	0.000569326	0.0447517	0.0906455	0.000832957	0.00908906	0.000940019	0.000700217	0.0983523	0.143923	0.119329	0.00033373	0.00115816
140	0.100459	0.00127026	0.000337163	0.000423878	0.0898658	0.0384615	0.000468838	0.180757	0.00268679	0.19022	0.0318868	0.000670776	0.0285214	0.00108514	0.000586491	0.0320088	0.0530652	0.229807	0.00133979	0.0160772
141	0.0656136	0.00809444	0.000479393	0.000500688	0.0512764	0.00717269	0.000562527	0.200816	0.000688127	0.434517	0.0166285	0.0010623	0.00180203	0.00105671	0.000639357	0.00592368	0.0240473	0.177216	0.000695137	0.00120814
142	0.335091	0.0127946	0.000842746	0.00872276	0.0123453	0.116527	0.00096877	0.0334947	0.00595258	0.0463034	0.0399586	0.00238036	0.00528496	0.00446065	0.00220995	0.140156	0.15524	0.0710695	0.00105888	0.00513809
143	0.0633322	0.0046054	0.000319213	0.000355511	0.163817	0.0184558	0.00397715	0.198574	0.000375306	0.296866	0.0750642	0.00110268	0.00180059	0.00158353	0.000429665	0.0150306	0.0291969	0.100159	0.00697569	0.0179788
144	0.0954723	0.00421836	0.000414913	0.000348998	0.111011	0.0271694	0.000511101	0.181981	0.00185857	0.225941	0.0307668	0.000527665	0.0127932	0.000931937	0.000509655	0.0338562	0.0665611	0.191906	0.0020316	0.0111897
145	0.064079	0.00946887	0.000166888	0.000166776	0.0270397	0.0201365	0.00021248	0.351847	0.000260694	0.197514	0.0136129	0.00028586	0.00226896	0.000314954	0.000271263	0.0060082	0.0162502	0.289607	0.000101149	0.000386813
146	0.0316044	0.00212968	0.000220751	0.000181507	0.0450332	0.00700243	0.000259641	0.425749	0.000303859	0.181811	0.0116928	0.000411026	0.00763683	0.000409578	0.000244382	0.00514284	0.00514331	0.273173	0.00031901	0.0015317
147	0.171234	0.00405186	0.000399104	0.00134239	0.00268946	0.681109	0.000409337	0.00281589	0.000768133	0.00381893	0.0177241	0.00170798	0.0119052	0.00165905	0.000683678	0.0585519	0.0201851	0.0101982	0.000718854	0.00802729
148	0.0553091	0.00125845	0.00429269	0.00204016	0.00213711	0.00682245	0.0410312	0.00500274	0.0113242	0.0135226	0.00329638	0.023776	0.768629	0.00603535	0.00181878	0.0285055	0.0162543	0.00562984	0.0014489	0.00186528
149	0.0365137	0.00183712	0.000195186	0.000190348	0.0519216	0.00671872	0.000205837	0.404581	0.000281276	0.209545	0.01153	0.000391485	0.00809026	0.000386273	0.000213272	0.0038135	0.00430541	0.258061	0.000118783	0.00110108
150	0.0619622	0.00755082	0.000181868	0.000154257	0.0307864	0.0174162	0.000175658	0.348485	0.000251164	0.216942	0.0128743	0.000308784	0.00270867	0.0003088	0.000256697	0.00500315	0.0133398	0.280753	0.000109717	0.000431137
151	0.143051	0.0135743	0.0291971	0.0378459	0.00272039	0.233997	0.00367269	0.0128978	0.00911555	0.00609835	0.0096533	0.0651108	0.00853855	0.0418177	0.00411693	0.292469	0.0551442	0.0191633	0.00090654	0.0109097
152	0.0275629	0.000783103	0.160341	0.0711	0.00488356	0.0178463	0.0292374	0.00235725	0.045784	0.022715	0.0225355	0.243197	0.0117296	0.0634652	0.0375809	0.121351	0.102416	0.0138967	0.000441849	0.000776027
153	0.142383	0.0016321	0.00119903	0.0116976	0.0260857	0.25778	0.0118067	0.0267354	0.0128828	0.168908	0.0355207	0.00237229	0.00277685	0.0129777	0.00140857	0.0410661	0.00577768	0.0926101	0.108853	0.0355269
154	0.0257808	0.00195271	0.000179934	0.00017558	0.0373727	0.00561886	0.000256063	0.390288	0.000216509	0.265138	0.0356966	0.000862108	0.00498907	0.000313862	0.000204009	0.00302314	0.0101998	0.215151	0.000184961	0.00239658
155	0.275487	0.00723375	0.000860956	0.00149094	0.085236	0.172212	0.000956961	0.0518149	0.00185708	0.0824742	0.0405983	0.00236449	0.014256	0.00236754	0.00551371	0.0828052	0.0654553	0.0807947	0.00327399	0.0229469
156	0.15466	0.00289879	0.000680249	0.000990461	0.00199236	0.667956	0.000458489	0.00213178	0.000579837	0.00160521	0.0202698	0.00297453	0.0131675	0.00268413	0.00144417	0.0738989	0.0221014	0.008353	0.000697591	0.0204557
157	0.242023	0.00615392	0.000297583	0.000328426	0.114772	0.0804977	0.000596547	0.102594	0.000603466	0.203862	0.0848129	0.000620176	0.00613811	0.00253776	0.000432066	0.0179888	0.0314599	0.0883887	0.00530819	0.0105847
158	0.0365137	0.00183712	0.000195186	0.000190348	0.0519216	0.00671872	0.000205837	0.404581	0.000281276	0.209545	0.01153	0.000391485	0.00809026	0.000386273	0.000213272	0.0038135	0.00430541	0.258061	0.000118783	0.00110108
159	0.0118243	0.000807651	0.000266582	0.000250374	0.045823	0.00109658	0.00167587	0.313345	0.000323438	0.363776	0.0896353	0.00224481	0.0024593	0.000530995	0.000390973	0.00153296	0.0186961	0.135939	0.000376056	0.009007
160	0.221863	0.00769941	0.000387809	0.000631536	0.00294059	0.601522	0.000392134	0.00403947	0.000829432	0.00493551	0.0150897	0.00195563	0.0190873	0.00151192	0.000687521	0.0733162	0.0250146	0.0117207	0.000601173	0.00577386
161	0.359001	0.0118993	0.000436885	0.000469144	0.0686261	0.109452	0.000488765	0.0608351	0.000584988	0.179942	0.0989679	0.000820033	0.00340883	0.0032103	0.000624832	0.0118579	0.0234702	0.0561353	0.00432018	0.00544935
162	0.0963155	0.00247111	0.000206688	0.000229073	0.20591	0.0315129	0.00120823	0.153551	0.000303235	0.253406	0.0577325	0.000425907	0.00200279	0.00207376	0.000306979	0.0249248	0.0432103	0.0962998	0.00958532	0.0183245
163	0.00516129	0.00101643	0.000593567	0.000696599	0.177867	0.00201467	0.0396774	0.0410562	0.0357711	0.131854	0.0427469	0.0189513	0.0071	0.0439507	0.0252411	0.00353331	0.0205033	0.030057	0.0570609	0.315147
164	0.0394055	0.00155358	0.0002935	0.000431834	0.0631253	0.00835232	0.000411766	0.381779	0.000623284	0.20222	0.0135707	0.000941388	0.0292709	0.000766942	0.000491286	0.00625713	0.009498	0.237858	0.000321912	0.00282804
165	0.0560416	0.0440678	0.000266768	0.000303521	0.099441	0.0143185	0.000449964	0.199496	0.000401909	0.376258	0.0472175	0.000649983	0.000648187	0.000724402	0.000418178	0.0183351	0.0223935	0.114412	0.00290488	0.00125094
166	0.0121236	0.00177858	0.000444283	0.000427401	0.0074001	0.00217691	0.000325429	0.318349	0.000538259	0.0549712	0.00872909	0.000930498	0.00107281	0.00102729	0.000614326	0.00484112	0.00855311	0.573657	0.000491025	0.00154953
167	0.0163521	0.00156636	0.00149742	0.00084937	0.0155916	0.0029993	0.00114176	0.264616	0.00953836	0.290775	0.169291	0.0102169	0.01178	0.010928	0.00409768	0.00511223	0.0373954	0.141284	0.00067429	0.0042928
168	0.0892006	0.00506458	0.000459867	0.000315539	0.196952	0.025261	0.00118101	0.159179	0.000608177	0.244498	0.0493572	0.000881777	0.00380794	0.00195265	0.000565918	0.0282522	0.0524868	0.114974	0.00824745	0.0167546
169	0.155452	0.0032888	0.00215427	0.0015705	0.00202878	0.697907	0.00087783	0.00243301	0.00206069	0.00307697	0.0158843	0.00354018	0.0121738	0.00144496	0.00122645	0.0585938	0.0196729	0.00926118	0.00028006	0.00707285
170	0.0177929	0.00343531	0.000465208	0.000254399	0.027128	0.00199295	0.000666474	0.284444	0.000976126	0.389483	0.0961635	0.00415655	0.00292938	0.00185457	0.000965835	0.00331106	0.0254101	0.133264	0.00034097	0.0049654
171	0.0801286	0.00591915	0.0127555	0.012959	0.0341247	0.0157602	0.345959	0.0245541	0.0468708	0.0223041	0.0172383	0.058176	0.0136164	0.0390956	0.153773	0.0248804	0.0331635	0.0349897	0.00869919	0.015033
172	0.0206485	0.0041391	0.022403	0.0546218	0.00773258	0.0100933	0.136751	0.0138413	0.0073157	0.0125211	0.00930041	0.0072142	0.00486673	0.401234	0.0382295	0.0136523	0.044835	0.0181419	0.0760633	0.0963951
173	0.32413	0.0234807	0.000365124	0.00130497	0.0118573	0.0719641	0.00041068	0.0717374	0.000489571	0.0422353	0.0764582	0.000748152	0.00977828	0.000770619	0.00117521	0.104017	0.140802	0.116556	0.000282155	0.00143654
174	0.338876	0.0288866	0.000371657	0.000969269	0.00863229	0.0573715	0.000420485	0.0722602	0.000543293	0.0505036	0.0822261	0.000794195	0.0137206	0.000767188	0.000628781	0.0885209	0.122417	0.130318	0.000340061	0.00143223
175	0.317583	0.0115615	0.00257367	0.00317182	0.0129032	0.0582805	0.00196473	0.0338411	0.00547239	0.00882253	0.0114577	0.0126156	0.00780752	0.00522889	0.00252369	0.283365	0.0793709	0.0793738	0.0198443	0.0422383
176	0.0302568	0.0700189	0.0296116	0.0108086	0.00689459	0.242461	0.0044374	0.02817	0.0343359	0.0562627	0.0504329	0.158457	0.00510646	0.00772082	0.00552797	0.112402	0.0598844	0.0794796	0.00291726	0.00481383
177	0.0960188	0.00270966	0.00019134	0.000258697	0.199378	0.032831	0.00147228	0.157778	0.000537636	0.233861	0.0618945	0.000549876	0.00337092	0.00203944	0.00030906	0.0237273	0.0388167	0.112164	0.0100779	0.0220145
178	0.469388	0.0253758	0.000371594	0.000653873	0.00619841	0.316744	0.000402381	0.00398961	0.000564368	0.0132197	0.0112962	0.00649362	0.00428887	0.00455313	0.000547562	0.0854123	0.0309482	0.0181142	0.000305366	0.00113259
179	0.107501	0.0514353	0.00600774	0.00678127	0.0167488	0.0188144	0.00618649	0.142538	0.0147464	0.0525622	0.0815275	0.0724211	0.0087781	0.112823	0.0150281	0.0429543	0.052771	0.176905	0.00394577	0.00952505
180	0.303814	0.0155902	0.000532367	0.00119849	0.0501532	0.151796	0.000422891	0.0548575	0.000851449	0.0491046	0.0440559	0.00100498	0.00647098	0.000985977	0.00412675	0.102606	0.103008	0.102306	0.000419232	0.00669572
181	0.402656	0.0214543	0.000374897	0.000502632	0.00662721	0.40411	0.000337787	0.00362788	0.000509154	0.0110416	0.0116144	0.00496732	0.00471477	0.00294341	0.000501728	0.0746448	0.029345	0.0175314	0.000245213	0.00225123
182	0.410069	0.0242351	0.000623649	0.00137227	0.0114295	0.117718	0.000579056	0.0421267	0.0014895	0.0359278	0.0339623	0.00279908	0.00462085	0.00183444	0.00128083	0.11098	0.0981661	0.0979076	0.000474544	0.00240343
183	0.351419	0.0409615	0.000518317	0.0012294	0.0069413	0.0482396	0.00105806	0.0613009	0.0012919	0.0466277	0.039757	0.00183096	0.00575103	0.00187138	0.00139823	0.0804377	0.148685	0.158542	0.000452352	0.00168702
184	0.0855909	0.00758573	0.000406202	0.000521353	0.125461	0.0135576	0.000778501	0.150249	0.000628005	0.394941	0.0274344	0.000805732	0.00154867	0.00140545	0.000608378	0.0149738	0.0458597	0.119182	0.00334517	0.00511674
185	0.472637	0.0268927	0.00030817	0.000478201	0.00632242	0.331382	0.000353421	0.00390624	0.000504732	0.0127597	0.0119589	0.00737357	0.00236409	0.00465076	0.000493931	0.0687599	0.0291754	0.0185511	0.000276759	0.000851413
186	0.0407438	0.0113729	0.000685974	0.000783726	0.0561044	0.00207069	0.000948677	0.295881	0.00111367	0.0861711	0.0691037	0.00152195	0.00113051	0.00691276	0.000887185	0.0144143	0.0305551	0.34273	0.00532105	0.031548
187	0.0990092	0.0020625	0.000384801	0.000403686	0.234521	0.0264928	0.00110372	0.149015	0.000636073	0.159957	0.0654761	0.00502555	0.0012189	0.00185823	0.000553415	0.0237942	0.0391086	0.0787461	0.0307774	0.0798551
188	0.180759	0.00227568	0.0709382	0.0939439	0.00141318	0.112635	0.00707715	0.00450307	0.0205299	0.0029342	0.0116945	0.0947643	0.00948308	0.104667	0.0165619	0.191293	0.0570064	0.0159987	0.000515132	0.00100684
