590	20
1	0.0523156	0.0111936	0.0102158	0.0486945	0.00122235	0.0207738	0.0450914	0.0022853	0.299556	0.0222049	0.00939203	0.0266191	0.0572904	0.0455804	0.213685	0.056564	0.0721636	0.00298734	0.000532934	0.00163204
2	0.0159236	0.00357699	0.000583598	0.00279607	0.0247169	0.000514802	0.000314048	0.407475	0.00152124	0.23718	0.0511322	0.000896616	0.00359339	0.00084202	0.00175163	0.00294898	0.00350555	0.23267	0.000199007	0.00785857
3	0.175387	0.0244674	0.0013994	0.00185698	0.0190921	0.0339523	0.00207202	0.110502	0.00230792	0.120062	0.0517604	0.00799226	0.00181385	0.0105648	0.00205654	0.0319465	0.10841	0.291105	0.000323041	0.00292895
4	0.0331037	0.0193802	0.000542518	0.000642058	0.141169	0.00139211	0.0119951	0.210524	0.000847944	0.209843	0.0313634	0.00608994	0.00853309	0.00521666	0.00951098	0.019576	0.0133286	0.211608	0.00616995	0.0591633
5	0.01887	0.0050063	0.000553077	0.00319263	0.0293173	0.000587558	0.00102102	0.386218	0.00156142	0.258846	0.0585534	0.00122093	0.00353269	0.000801068	0.00263818	0.00424012	0.00333167	0.206344	0.000572676	0.013593
6	0.0761199	0.0619446	0.00300436	0.0114631	0.00259168	0.0604712	0.00600912	0.0341275	0.00246799	0.0185889	0.0183085	0.0538776	0.00446938	0.0130201	0.0080009	0.14497	0.307394	0.148961	0.000936743	0.0232736
7	0.116923	0.0159416	0.0178508	0.0155966	0.0318085	0.0698463	0.0293036	0.0585658	0.00860076	0.0946916	0.0502579	0.0637924	0.0106634	0.0379816	0.0319904	0.133124	0.117752	0.07397	0.00198518	0.0193551
8	0.0224251	0.000822577	0.726744	0.012142	0.00127908	0.00896053	0.0403377	0.00162704	0.009584	0.0021735	0.00171087	0.096874	0.00089314	0.0378907	0.0126426	0.0128264	0.00768574	0.00205892	0.000479371	0.000843001
9	0.0970434	0.0145726	0.00184205	0.00151776	0.0368557	0.00504822	0.000485997	0.260183	0.000860659	0.0736884	0.0236283	0.000924516	0.00175454	0.00096828	0.00230643	0.0160707	0.0230122	0.433178	0.0026467	0.00341279
10	0.0340483	0.00573754	0.00159533	0.00112906	0.0196364	0.00121007	0.000298112	0.368855	0.001211	0.0931251	0.0156957	0.000872322	0.00410501	0.00198545	0.00145745	0.00589464	0.0120892	0.428818	0.0008983	0.00133816
11	0.0156892	0.00394821	0.000435946	0.00164783	0.124667	0.000865318	0.00177438	0.27852	0.00146555	0.294487	0.0691125	0.00059079	0.00304942	0.000934284	0.000897547	0.00650177	0.00501624	0.168476	0.00286198	0.0190593
12	0.15002	0.0283208	0.0016705	0.00156911	0.0359858	0.0336068	0.00137468	0.179091	0.00127721	0.144401	0.0634985	0.00385061	0.00345848	0.00391771	0.00171572	0.0312495	0.0680464	0.238825	0.000861918	0.00725934
13	0.130284	0.0155439	0.0621915	0.0588957	0.0234161	0.0652899	0.0408878	0.02137	0.0249706	0.0449057	0.0251167	0.0739617	0.0162712	0.04977	0.0497268	0.132762	0.0885893	0.0355692	0.00855201	0.0319254
14	0.0636864	0.0154653	0.00568677	0.0115516	0.0733586	0.0117404	0.0318617	0.102741	0.0201011	0.339495	0.0699225	0.0126491	0.00322842	0.0193608	0.0468941	0.0198586	0.0276891	0.0524388	0.0277365	0.0445343
15	0.023293	0.00417559	0.00116245	0.00193665	0.0605532	0.0290037	0.0297174	0.230956	0.00891672	0.144547	0.143988	0.0023824	0.0153186	0.0215219	0.0439818	0.0252149	0.0510628	0.112847	0.0171022	0.0323189
16	0.0836265	0.0135282	0.0190147	0.0357277	0.0428369	0.156888	0.0250213	0.0208327	0.0129338	0.0408619	0.0379833	0.0955076	0.0466376	0.0565341	0.0284765	0.143448	0.0781694	0.0440659	0.00315197	0.0147536
17	0.134778	0.00061982	0.0694635	0.0940027	0.0068954	0.041114	0.0148205	0.0058301	0.17865	0.00186307	0.00103987	0.0772773	0.00327665	0.0466276	0.12797	0.143338	0.03934	0.0079528	0.000194258	0.00494648
18	0.0582222	0.0152312	0.00743823	0.0193074	0.0358775	0.00215311	0.0175581	0.104769	0.0319121	0.443579	0.0646915	0.00776899	0.00154106	0.0273974	0.040116	0.0193693	0.0277487	0.0491733	0.00995106	0.016195
19	0.119904	0.0168551	0.0211682	0.0237035	0.0296531	0.0700801	0.0363468	0.0404701	0.0116158	0.0797122	0.0385214	0.0819096	0.0135442	0.0400653	0.0447487	0.14379	0.114914	0.0458924	0.00269783	0.0244075
20	0.067053	0.00865278	0.0212868	0.0645045	0.00226739	0.0217594	0.0426468	0.00241777	0.254427	0.0292012	0.0100872	0.0217726	0.0265238	0.0756246	0.230441	0.058208	0.0527871	0.00601934	0.000610536	0.00370915
21	0.0326661	0.00717633	0.000484182	0.000806504	0.0392313	0.00138514	0.00390015	0.20849	0.00216351	0.393085	0.0896355	0.00152314	0.00182312	0.00184043	0.00662065	0.0144035	0.0341871	0.136959	0.00159601	0.0220243
22	0.084393	0.00479873	0.0872229	0.122399	0.00336671	0.158766	0.0319278	0.00227052	0.109848	0.0109444	0.00672813	0.0491637	0.0043151	0.0925553	0.136489	0.0554234	0.0241701	0.00489627	0.000601504	0.00972068
23	0.0333866	0.0044859	0.0101636	0.00661416	0.0218412	0.0778756	0.00837954	0.104834	0.00717229	0.313513	0.165983	0.0246403	0.0216157	0.0275311	0.0161085	0.0191798	0.0239622	0.0970476	0.00525451	0.0104113
24	0.0532374	0.0110449	0.0104718	0.048966	0.00127464	0.0210175	0.044311	0.00225701	0.299034	0.022189	0.00924161	0.0270983	0.0575755	0.0456805	0.21374	0.0559921	0.0715055	0.00308082	0.00063507	0.00164737
25	0.00749393	0.0121272	0.00260099	0.0244701	0.330986	0.0365107	0.0600985	0.00586981	0.00289269	0.102986	0.00518718	0.00302648	0.00195083	0.0240355	0.00340753	0.024647	0.041617	0.0612423	0.000906447	0.247944
26	0.0216597	0.00163856	0.000495735	0.00335805	0.0209448	0.000863006	0.000739592	0.354175	0.0031708	0.293729	0.0830219	0.00066043	0.00456065	0.00119819	0.00165956	0.00509984	0.00681263	0.188733	0.000308907	0.00717116
27	0.034	0.00204592	0.00226123	0.00366204	0.00135216	0.00756094	0.00343421	0.00649361	0.00727445	0.0125518	0.00624457	0.00256186	0.837926	0.00394655	0.00310667	0.0383757	0.0141869	0.010556	0.000677277	0.0017825
28	0.0402101	0.0177832	0.00219347	0.00154045	0.220133	0.0115095	0.0269693	0.0623699	0.00171022	0.130869	0.0516457	0.0125199	0.00471163	0.0121616	0.0281641	0.0242225	0.039133	0.0394089	0.117277	0.155467
29	0.124536	0.0144365	0.026468	0.0404033	0.0290075	0.0566676	0.0370841	0.0455968	0.0203047	0.0933703	0.0425969	0.0557443	0.0155701	0.064224	0.0466081	0.130369	0.0821758	0.0528906	0.00275135	0.0191958
30	0.12093	0.012556	0.0291055	0.0412548	0.0395535	0.048921	0.0762472	0.0161779	0.0233557	0.0421014	0.026578	0.07252	0.0106472	0.0664866	0.0539431	0.101288	0.0724374	0.035683	0.0226339	0.0875799
31	0.122228	0.00623709	0.0311793	0.0299352	0.00518573	0.372082	0.0105064	0.01172	0.0172315	0.0344982	0.0258751	0.0247722	0.0399234	0.0194422	0.0389665	0.133927	0.0372961	0.0202958	0.0107377	0.00796037
32	0.0328301	0.0258096	0.131599	0.0148037	0.00143724	0.195193	0.00208753	0.0031644	0.00242715	0.00689262	0.00522385	0.100703	0.00353359	0.0117146	0.0342891	0.216467	0.195711	0.0125106	0.000915952	0.00268704
33	0.111916	0.011618	0.00924378	0.0514951	0.0213648	0.00918384	0.0274606	0.125256	0.0243209	0.128142	0.055351	0.00606054	0.00330937	0.0878167	0.0357955	0.062528	0.0712755	0.14643	0.000580677	0.0108517
34	0.311568	0.0073639	0.00217715	0.00216672	0.00181137	0.526577	0.000922196	0.00423045	0.00279189	0.0120455	0.00657877	0.00175082	0.00342506	0.00444481	0.00292432	0.0834786	0.00981303	0.0132036	0.00034918	0.00237827
35	0.0375131	0.0198782	0.000919328	0.0013788	0.0593007	0.00180088	0.00644436	0.30625	0.0012344	0.172053	0.0251615	0.00479061	0.00577366	0.00363548	0.00925844	0.0136832	0.0146238	0.278718	0.00325215	0.0343302
36	0.0443006	0.0185997	0.00143611	0.00225745	0.131638	0.014303	0.0419597	0.0606972	0.00128318	0.126873	0.0565844	0.0189326	0.00605915	0.0156841	0.0281839	0.0327964	0.038683	0.0398641	0.0733605	0.246503
37	0.112791	0.0114812	0.0740866	0.0392427	0.0130234	0.0273722	0.292014	0.011157	0.0142254	0.0225541	0.013383	0.0409518	0.0120357	0.0314617	0.023221	0.104381	0.0850768	0.0194463	0.00600386	0.0460917
38	0.015002	0.000492926	0.00121743	0.00373571	0.000533185	0.00360419	0.00292932	0.00171018	0.00706828	0.00743848	0.00245063	0.00111723	0.90581	0.00268118	0.00245116	0.030899	0.00778225	0.00247373	0.000191541	0.000411408
39	0.0814327	0.0109804	0.188181	0.141795	0.00347367	0.0331856	0.0154692	0.0218648	0.0580556	0.0527587	0.0335593	0.0501764	0.00585502	0.0362675	0.0563741	0.0827931	0.0534673	0.0592188	0.00740465	0.0076875
40	0.247327	0.0113948	0.0112211	0.0632305	0.0125248	0.0544114	0.0358697	0.0344851	0.0361187	0.0498967	0.0231092	0.0311833	0.0167884	0.0319866	0.0700482	0.137558	0.0770555	0.0282544	0.00258711	0.02495
41	0.0780117	0.0107745	0.00275333	0.00262478	0.0160563	0.00223518	0.000670307	0.218405	0.00117888	0.0390516	0.0146183	0.000881795	0.00154838	0.00119621	0.00590864	0.0122893	0.0162191	0.572998	0.00138945	0.00118886
42	0.362019	0.00505211	0.00113323	0.00152278	0.00431574	0.481232	0.00103857	0.0093974	0.00223832	0.0247327	0.011511	0.00126067	0.00210135	0.00243287	0.00237661	0.0465797	0.0148247	0.0245961	0.000408946	0.0012254
43	0.0187087	0.00198087	0.000468629	0.00331705	0.0225425	0.000535341	0.000322832	0.384142	0.00190054	0.275998	0.0723163	0.000658911	0.0037816	0.000477532	0.00114207	0.00314903	0.00193008	0.19878	0.000164793	0.00768298
44	0.0224959	0.00901694	0.000600545	0.000728679	0.029141	0.002309	0.00245897	0.262791	0.00132785	0.443892	0.0542378	0.00117179	0.00107338	0.00203112	0.00400357	0.00832031	0.0334198	0.103404	0.00389388	0.0136815
45	0.0820358	0.011638	0.00207727	0.002646	0.122219	0.0107045	0.00355685	0.107339	0.00300125	0.204368	0.0769265	0.00548509	0.00289684	0.00554983	0.00415434	0.0670085	0.0701057	0.179654	0.00211607	0.0365178
46	0.0439951	0.0150357	0.0043543	0.00439355	0.108299	0.0153319	0.0451415	0.0475203	0.00272355	0.123302	0.0571024	0.02771	0.0109367	0.027064	0.0331958	0.0524382	0.0363177	0.033456	0.0732688	0.238413
47	0.0714986	0.00533705	0.074071	0.116366	0.00839185	0.125747	0.0400808	0.00433146	0.122449	0.0209676	0.00861256	0.0535689	0.00822672	0.0996892	0.144099	0.0463736	0.0244038	0.00958091	0.00164071	0.0145647
48	0.13035	0.0144816	0.0295344	0.0177363	0.0202318	0.0739484	0.0378156	0.0187287	0.0186665	0.0499366	0.0307216	0.0960101	0.0240587	0.0353186	0.0229049	0.21543	0.120357	0.0295463	0.00245457	0.0117683
49	0.317846	0.00377215	0.00913152	0.109417	0.00198579	0.0431987	0.0230921	0.0291239	0.0530641	0.0313654	0.00866831	0.00527168	0.0069178	0.0323841	0.0842433	0.135566	0.0690844	0.0177079	0.00057182	0.0175891
50	0.00817342	0.00638452	0.00059691	0.000911023	0.155996	0.00125431	0.000547556	0.157058	0.00218399	0.433808	0.106735	0.000967674	0.000370457	0.00101213	0.00128026	0.00614325	0.0140848	0.07679	0.00294493	0.0227584
51	0.131577	0.0184917	0.0695147	0.0932737	0.0167742	0.071751	0.0436518	0.016051	0.0413974	0.0350403	0.0202469	0.0579043	0.0109312	0.0684962	0.0623584	0.10657	0.0676572	0.0257153	0.0105923	0.0320051
52	0.161814	0.00140115	0.073705	0.107391	0.00749176	0.0381459	0.0126596	0.00615306	0.156074	0.00315395	0.00194155	0.0669821	0.00336641	0.0467132	0.109345	0.14812	0.0387175	0.00965059	0.000231536	0.00694306
53	0.0930054	0.00114047	0.0296318	0.0946418	0.00525458	0.0308527	0.0465247	0.00227703	0.170112	0.0409009	0.0158111	0.021197	0.00279508	0.127595	0.21523	0.0424735	0.0370341	0.0130545	0.00103024	0.0094385
54	0.0766911	0.00615156	0.180555	0.0995658	0.00202927	0.25895	0.0171375	0.00424483	0.026245	0.00877011	0.00772248	0.0968989	0.0108979	0.0391801	0.0329892	0.0925324	0.0285947	0.00533479	0.000879939	0.00463008
55	0.128358	0.0298216	0.00166865	0.00260572	0.0418215	0.0255997	0.00509499	0.187117	0.00388606	0.189001	0.0730998	0.00398458	0.00418516	0.0051732	0.00671186	0.0332511	0.0534081	0.190841	0.00178982	0.0125805
56	0.0503315	0.0146187	0.0447163	0.0467514	0.0260197	0.0411532	0.0323413	0.0235509	0.115045	0.0680905	0.00807894	0.208261	0.00537191	0.0591413	0.10066	0.0391483	0.039329	0.0268311	0.018526	0.0320333
57	0.134985	0.0170768	0.00499307	0.00276664	0.00923046	0.00631947	0.00179186	0.0863986	0.00393565	0.0588476	0.0152114	0.00386451	0.358175	0.00474036	0.00404003	0.0354266	0.0527648	0.190988	0.0026845	0.00575904
58	0.0405515	0.0231428	0.000795406	0.0012258	0.0750651	0.00202728	0.00948667	0.267269	0.000907521	0.180435	0.0256848	0.00657531	0.00718156	0.00492185	0.011592	0.0182302	0.0164206	0.256435	0.00452047	0.0475316
59	0.140338	0.0149685	0.00702294	0.00316189	0.00785826	0.0117333	0.00136739	0.0409796	0.00417679	0.0466673	0.0199218	0.00215483	0.528768	0.00795968	0.00273008	0.0418514	0.0367848	0.0690496	0.00347043	0.00903517
60	0.0952689	0.0143353	0.00178664	0.00154489	0.040833	0.00511392	0.000767221	0.259828	0.000816708	0.0756992	0.0239936	0.00111238	0.00253068	0.00107654	0.00235292	0.0163304	0.0220456	0.427014	0.00296428	0.00458568
61	0.00484954	0.00301538	0.00131906	0.000447761	0.00855096	0.000327848	0.000237499	0.439905	0.00170599	0.0993409	0.0113396	0.00132291	0.00467276	0.00249101	0.0012964	0.0012326	0.011811	0.405467	8.51818e-05	0.000581806
62	0.0115104	0.00403245	0.0314755	0.00467634	0.00389162	0.0145134	0.00984163	0.0287899	0.0074954	0.00898732	0.0054717	0.594044	0.00333555	0.00660126	0.00576135	0.234155	0.00963971	0.0106163	0.00168684	0.0034743
63	0.101154	0.017759	0.00581973	0.00434636	0.0390411	0.0337023	0.00635373	0.0702466	0.00400866	0.182678	0.0814238	0.0278385	0.0114148	0.00958769	0.006252	0.121779	0.194021	0.0762975	0.00116087	0.00511615
64	0.0428108	0.0179172	0.00304608	0.00667169	0.0307559	0.00797084	0.0150477	0.140985	0.00514841	0.193293	0.137944	0.00780965	0.00327734	0.0409234	0.0106332	0.0360664	0.0977604	0.194352	0.00204389	0.00554412
65	0.0689018	0.00555855	0.0126498	0.0129209	0.00659602	0.319655	0.00636365	0.0374482	0.0388019	0.101215	0.0471842	0.0126999	0.00926133	0.0118972	0.0162825	0.198383	0.0159822	0.0125344	0.0595585	0.00610613
66	0.0446744	0.0114049	0.0107329	0.0100391	0.360424	0.0666279	0.0175169	0.0312225	0.00920963	0.0813374	0.0623877	0.0156218	0.0123119	0.0163374	0.0182774	0.0352177	0.0337334	0.0369806	0.0427434	0.083199
67	0.194287	0.00945574	0.0126487	0.0220503	0.00221576	0.0610103	0.00526308	0.0103061	0.0373887	0.0241033	0.0171036	0.00699124	0.130773	0.0183632	0.0891792	0.212455	0.0888637	0.0483283	0.00369668	0.00551777
68	0.0142579	0.00544105	0.00049623	0.000932081	0.0903315	0.00163802	0.00109698	0.160878	0.00155291	0.494483	0.104578	0.000951323	0.000368363	0.0011925	0.0026684	0.00645062	0.0235365	0.0715029	0.00178541	0.0158581
69	0.118584	0.0169842	0.0236905	0.0204414	0.0309707	0.0803181	0.0362592	0.0425069	0.0110738	0.0776822	0.0396735	0.0778509	0.0140817	0.0445106	0.0393229	0.154948	0.0979275	0.0476878	0.00249731	0.0229891
70	0.156405	0.00530501	0.0824867	0.053406	0.00658218	0.23085	0.0181761	0.0162516	0.0105112	0.0644139	0.0717669	0.0218262	0.00706244	0.0746966	0.0264453	0.1016	0.0217217	0.0192618	0.00324033	0.00799083
71	0.126579	0.0124668	0.0359483	0.0331262	0.0152745	0.241451	0.0230867	0.0205559	0.0146948	0.0421955	0.0231217	0.0545428	0.0224561	0.0305814	0.0393711	0.141907	0.0747562	0.0292389	0.00496735	0.0136793
72	0.125976	0.0158882	0.0302352	0.035495	0.0299138	0.0576069	0.0322556	0.0273085	0.0236434	0.0653439	0.0312848	0.0475896	0.13949	0.0365264	0.0359086	0.118149	0.0712298	0.0483113	0.00362871	0.0242162
73	0.220849	0.0191114	0.0168027	0.0427016	0.00811755	0.04723	0.0158428	0.0193843	0.0428883	0.0417978	0.0234846	0.0216452	0.103952	0.0265916	0.0485356	0.143746	0.090365	0.0458514	0.00466632	0.0164363
74	0.124668	0.0133038	0.0876932	0.0940034	0.0136012	0.0923729	0.028292	0.0205079	0.0429396	0.0409132	0.0202628	0.0641161	0.0163927	0.0515535	0.0441473	0.119176	0.0719251	0.0327831	0.00297182	0.0183763
75	0.028377	0.0078588	0.00913956	0.01986	0.0251214	0.00181326	0.0132703	0.111603	0.029984	0.508402	0.0737937	0.00541433	0.000913631	0.031256	0.0406233	0.0161222	0.0240183	0.029138	0.0128913	0.0103996
76	0.0222078	0.00538042	0.314237	0.0138705	0.00272244	0.154286	0.00843967	0.0112262	0.00504362	0.00645439	0.00403142	0.338482	0.00442498	0.00886114	0.0195172	0.0489037	0.0101149	0.017892	0.00116702	0.00273816
77	0.0648008	0.00956284	0.00334794	0.00426638	0.0063719	0.00395232	0.00142441	0.165031	0.00572561	0.0262247	0.0105218	0.00138817	0.00142584	0.00341082	0.020594	0.0169652	0.0335536	0.618711	0.000992666	0.00172879
78	0.0157132	0.000527902	0.00145543	0.00314735	0.000529179	0.00375586	0.00289402	0.00185864	0.0068128	0.0075717	0.0024622	0.00109449	0.904232	0.00260579	0.00241275	0.0315963	0.00793687	0.00264457	0.00021995	0.000528794
79	0.0534234	0.0223152	0.000974416	0.00116197	0.0858984	0.0046072	0.0107666	0.231468	0.000934231	0.164436	0.0381756	0.00597243	0.00709237	0.00596292	0.0108315	0.0205101	0.0206259	0.256312	0.00875918	0.0497732
80	0.0089819	0.00580812	0.000575257	0.000850206	0.155037	0.00120917	0.000643071	0.159818	0.00215701	0.425195	0.106922	0.000864086	0.000319173	0.000959942	0.00136717	0.00640995	0.0151242	0.0813037	0.00296809	0.0234872
81	0.108139	0.0446519	0.0246704	0.0457785	0.0140456	0.0512209	0.0513712	0.0484971	0.0326902	0.0311472	0.0188715	0.0956448	0.0122142	0.091671	0.0230786	0.110661	0.0889985	0.0909548	0.00291692	0.0127769
82	0.320103	0.00810082	0.00887373	0.0109134	0.00978409	0.072245	0.00404801	0.0226492	0.0116465	0.0533447	0.0269311	0.00761678	0.0938007	0.00971641	0.0130141	0.146993	0.10035	0.0697574	0.00214667	0.00796633
83	0.0397702	0.0192849	0.000912672	0.00130743	0.0978524	0.00515825	0.0163985	0.214621	0.00242782	0.193418	0.0458434	0.00643989	0.0108579	0.0117815	0.0171598	0.0247527	0.0230858	0.207078	0.00656062	0.0552889
84	0.0711026	0.00650826	0.00413312	0.00709656	0.0284664	0.00845912	0.00666156	0.182413	0.00515926	0.0863538	0.017034	0.0231159	0.124233	0.0106647	0.0312326	0.0941754	0.132438	0.149136	0.00211287	0.00950429
85	0.0784958	0.023257	0.017492	0.00751107	0.0238038	0.0189274	0.00625725	0.0602869	0.00954324	0.325289	0.0788561	0.0302999	0.0049188	0.0115439	0.0119662	0.133634	0.0940155	0.0554573	0.0029462	0.00549937
86	0.108272	0.0160511	0.0195292	0.0219542	0.0444033	0.0681583	0.0387647	0.0390104	0.0107469	0.0789059	0.0343599	0.0682356	0.0136092	0.038955	0.0395106	0.145181	0.0857338	0.046923	0.00653822	0.0751576
87	0.0365764	0.00636222	0.00432765	0.0106927	0.0512865	0.022681	0.0273074	0.162513	0.021485	0.117995	0.114772	0.00853733	0.00918194	0.0414961	0.0760138	0.0426615	0.0847082	0.112576	0.0108739	0.0379516
88	0.0983931	0.00319963	0.0330947	0.0918028	0.00923647	0.0416317	0.0425762	0.00660112	0.139811	0.046116	0.0238097	0.03188	0.00390024	0.124521	0.176925	0.0531513	0.0404073	0.0175278	0.00183601	0.0135786
89	0.0231512	0.00209455	0.00721765	0.000948198	0.000381001	0.929443	0.000727574	0.000614096	0.00142617	0.00114492	0.000994249	0.00186295	0.00340162	0.00325404	0.00115275	0.0168739	0.0037543	0.000870054	0.000198442	0.000489066
90	0.0259632	0.00320234	0.000578563	0.00245431	0.0217328	0.00138166	0.00106684	0.320127	0.00206874	0.323429	0.0840903	0.000803045	0.0031018	0.00132485	0.00217042	0.00829803	0.0148052	0.174394	0.000518417	0.00848962
91	0.123858	0.0165406	0.0265529	0.0182315	0.0201477	0.0866554	0.0347308	0.0259216	0.0125575	0.0599827	0.0414368	0.0911862	0.0195854	0.0436319	0.0269913	0.191446	0.10553	0.0386738	0.00260813	0.013732
92	0.152523	0.0112619	0.0137278	0.0227931	0.00845249	0.0498842	0.0108243	0.0247725	0.0197832	0.0296324	0.0194012	0.0160488	0.331698	0.03013	0.0253527	0.0940759	0.0673669	0.0545256	0.00382162	0.0139251
93	0.0311461	0.00945636	0.00196185	0.00218512	0.0522174	0.0316916	0.018631	0.205121	0.00639797	0.158665	0.144424	0.00341738	0.014211	0.0175813	0.0345752	0.0352559	0.0491959	0.153682	0.00950037	0.020684
94	0.0566173	0.000817072	0.19126	0.416053	0.000650871	0.0271932	0.00744385	0.00479162	0.0369423	0.00428437	0.00346018	0.0474997	0.00212495	0.0810678	0.0299925	0.0503423	0.0227695	0.0105863	0.000190756	0.00591242
95	0.130985	0.014513	0.00148396	0.0042356	0.0150647	0.015038	0.00603935	0.089544	0.00440105	0.116994	0.0721413	0.0158512	0.0026538	0.0288721	0.00478335	0.0633881	0.160784	0.250046	0.000327343	0.00285379
96	0.132732	0.00938168	0.00173622	0.00154382	0.0129738	0.0253025	0.00276821	0.0797206	0.00286579	0.113119	0.0763618	0.0374119	0.00288915	0.0113057	0.00183608	0.0999279	0.240337	0.145915	0.000400764	0.00147099
97	0.024477	0.00532649	0.00122295	0.00155921	0.0661064	0.0279933	0.0283972	0.224285	0.00813853	0.145981	0.142218	0.00271513	0.0150658	0.0194434	0.0415872	0.026242	0.0489569	0.11503	0.017726	0.037529
98	0.115673	0.0182053	0.0233385	0.0160469	0.0200147	0.0883351	0.0342598	0.0247565	0.0124978	0.0651975	0.0497605	0.100953	0.0172503	0.0446058	0.0260158	0.189449	0.100834	0.0364548	0.00254408	0.0138075
99	0.0484519	0.00791629	0.00139221	0.00263853	0.0295926	0.00270761	0.0013295	0.323522	0.00164609	0.182828	0.0522636	0.00145575	0.00282686	0.00155127	0.00285257	0.0100784	0.0133958	0.300827	0.00141103	0.0113131
100	0.514438	0.00227138	0.0174516	0.00474748	0.0287595	0.0148445	0.00371472	0.0470257	0.00318619	0.0129283	0.0399876	0.0101897	0.00698912	0.0050086	0.0042242	0.170698	0.0255087	0.078333	0.00119558	0.00849821
101	0.0233684	0.0065877	0.0079485	0.0177013	0.0230955	0.00299644	0.0119412	0.121032	0.0230098	0.50555	0.0804442	0.00496284	0.00119346	0.0361961	0.0317447	0.0151397	0.0262122	0.0321557	0.0184213	0.0102992
102	0.0234726	0.00119881	0.00153787	0.00275213	0.000832062	0.00375798	0.00266037	0.00408401	0.00645593	0.00891364	0.00316419	0.00116048	0.886096	0.00298917	0.00230989	0.0304459	0.0101971	0.00679218	0.000393938	0.000786198
103	0.00657641	0.000918174	0.0655238	0.831573	0.0010818	0.00257445	0.00169277	0.00198301	0.0128453	0.013215	0.00343934	0.00391879	0.00254505	0.0180889	0.00687022	0.0145981	0.0037339	0.00713152	0.000491394	0.00119874
104	0.00923196	0.00562213	0.000571187	0.000872021	0.162964	0.00114597	0.000880894	0.161396	0.00222626	0.407783	0.101803	0.000900414	0.00059012	0.000919265	0.00137175	0.00706679	0.0137303	0.091239	0.00355568	0.0261298
105	0.129531	0.00734679	0.193992	0.208092	0.0120368	0.0430723	0.014551	0.00874069	0.0382863	0.0153919	0.00917789	0.0700669	0.00806421	0.0528398	0.0298697	0.0921242	0.0415649	0.0150889	0.00137107	0.0087914
106	0.0336007	0.00300221	0.00815727	0.00220492	0.000569909	0.885419	0.00105457	0.0013416	0.00266895	0.00225267	0.00207888	0.00309442	0.00373988	0.00420812	0.00284049	0.0341026	0.00645779	0.00180097	0.000650565	0.000754509
107	0.21791	0.0383753	0.0255976	0.0194867	0.0183873	0.0711877	0.0229338	0.0323903	0.0104024	0.0639965	0.0242115	0.0544634	0.0163351	0.0423785	0.04515	0.125236	0.101229	0.0524999	0.00253759	0.0152912
108	0.0643058	0.00807439	0.00203652	0.0027867	0.0137878	0.00655979	0.00150094	0.441738	0.0031232	0.131707	0.0818962	0.002272	0.0017962	0.0104923	0.00333991	0.0201127	0.0465625	0.151986	0.000910526	0.00501091
109	0.144988	0.0221237	0.16509	0.179098	0.00389675	0.0563711	0.0187456	0.024386	0.0307105	0.0183872	0.0178066	0.0637762	0.0077123	0.0439118	0.025658	0.105835	0.0460379	0.0150051	0.000966017	0.00949371
110	0.138019	0.0109565	0.0169418	0.0364557	0.00671745	0.064615	0.022521	0.0142247	0.0171197	0.0213631	0.0158199	0.0226229	0.261753	0.040939	0.0220486	0.130249	0.108523	0.037745	0.00335617	0.00800946
111	0.0254878	0.00382332	0.00147754	0.0049333	0.0545475	0.0267436	0.0299944	0.2367	0.0122235	0.13775	0.133573	0.0020177	0.0136359	0.0263416	0.0469831	0.0258187	0.0554797	0.119088	0.0146748	0.0287073
112	0.0995972	0.0131052	0.00245863	0.00256063	0.0353867	0.00547653	0.00179714	0.229836	0.00169202	0.0836621	0.0284966	0.00221454	0.0963115	0.00258765	0.00331458	0.0154136	0.0246365	0.343818	0.00193247	0.00570319
113	0.0330964	0.0196117	0.000552132	0.000680217	0.138904	0.00126955	0.0116527	0.213789	0.00083213	0.209058	0.0304312	0.00614012	0.00843977	0.00515689	0.00944096	0.0195499	0.0131747	0.213078	0.00598604	0.0591563
114	0.367018	0.0210945	0.00146517	0.00362733	0.00140205	0.329497	0.00171661	0.00229141	0.00304087	0.00726189	0.00579129	0.00404801	0.00494975	0.00841972	0.00623093	0.201769	0.0146477	0.00791774	0.0005812	0.00722991
115	0.234789	0.0496768	0.00498528	0.00362569	0.0623095	0.415585	0.00349307	0.00700877	0.00454096	0.0142448	0.0198941	0.00478336	0.00886374	0.0062006	0.00815887	0.0385362	0.0828426	0.0236171	0.00166874	0.00517577
116	0.0532474	0.000382973	0.22832	0.417923	0.000553114	0.0177018	0.00760723	0.00318045	0.0351192	0.00454658	0.00273519	0.0442374	0.00198289	0.0822978	0.0300681	0.0385339	0.0198022	0.00876045	0.000157502	0.00284314
117	0.0278194	0.00744324	0.00711982	0.00735247	0.00847825	0.00166988	0.00117418	0.00178263	0.38288	0.00352907	0.00195518	0.00755641	0.00110409	0.0151183	0.501898	0.00335084	0.00297202	0.00948698	0.00601567	0.0012934
118	0.0272172	0.00701047	0.00731827	0.00654397	0.00895609	0.00163246	0.00111702	0.00177667	0.384164	0.00330403	0.00171418	0.00778221	0.00114271	0.0142027	0.503296	0.00326504	0.00291764	0.00892458	0.00636145	0.00135327
119	0.0046123	0.0023126	0.00117346	0.000373742	0.00906271	0.000310354	0.000227678	0.43984	0.00142404	0.0969865	0.00850288	0.0011082	0.00547347	0.00281237	0.00106636	0.00106994	0.00954235	0.413743	8.36241e-05	0.000274517
120	0.823127	0.00450511	0.00153374	0.00148697	0.00140172	0.0424788	0.00110451	0.0096971	0.00155703	0.00737669	0.00200639	0.00169614	0.00103159	0.0122667	0.00173118	0.0478615	0.0167859	0.0182572	0.000466919	0.00362805
121	0.00883159	0.00212394	0.000917897	0.00118107	0.0156919	0.00037059	0.000233668	0.430217	0.0013771	0.140214	0.021959	0.000911806	0.00543269	0.00214743	0.00102641	0.00164035	0.00690041	0.356601	0.000103103	0.00211877
122	0.0402584	0.00782538	0.0025948	0.00114845	0.0164672	0.00175	0.000408965	0.357714	0.00249844	0.0803008	0.0206252	0.00156759	0.00230509	0.00187502	0.00235622	0.00883193	0.0265463	0.422493	0.00105929	0.00137479
123	0.0224509	0.00884226	0.000506607	0.000629258	0.0502644	0.00346277	0.00222545	0.233436	0.0012855	0.43113	0.0709093	0.000880464	0.00101512	0.00144765	0.0035792	0.00923239	0.0316501	0.109661	0.00259306	0.014798
124	0.0349302	0.00512695	0.00358778	0.00363896	0.183232	0.00605821	0.0803714	0.0244158	0.00182617	0.0298985	0.01297	0.0265962	0.00884159	0.00599751	0.00865153	0.0165437	0.0188739	0.016608	0.0226734	0.489158
125	0.0509808	0.0172986	0.201064	0.0515846	0.00316725	0.117885	0.030668	0.0078295	0.0144876	0.00889308	0.00478227	0.276384	0.0108965	0.0275727	0.0171229	0.115894	0.0304312	0.00899317	0.000984481	0.00307963
126	0.034633	0.00366548	0.00414495	0.00464594	0.164696	0.00447018	0.0990761	0.0182598	0.002444	0.0159828	0.00902335	0.0511324	0.0153525	0.00545592	0.00965568	0.0217986	0.0108602	0.0157871	0.0156994	0.493216
127	0.0831547	0.00652265	0.0918999	0.0380979	0.00372287	0.0800031	0.0116448	0.00785729	0.0120194	0.0148785	0.00983915	0.060085	0.391966	0.0191106	0.0142267	0.100033	0.0344044	0.0148929	0.0013949	0.00424601
128	0.202771	0.0432296	0.0215848	0.0186852	0.0172112	0.0351906	0.0168605	0.0245291	0.0156747	0.0560765	0.0217922	0.0517939	0.158954	0.0237321	0.0226882	0.0928915	0.114131	0.0465018	0.00343225	0.0122702
129	0.0880289	0.00929424	0.131888	0.19386	0.0141384	0.0345871	0.0277956	0.0159133	0.0745694	0.0433215	0.0164387	0.0661806	0.00862157	0.0823476	0.0396045	0.0643814	0.0403987	0.0279714	0.00287349	0.0177851
130	0.164742	0.00540004	0.0986244	0.0647674	0.00501998	0.260026	0.0203372	0.00652052	0.012374	0.0219641	0.0241882	0.036051	0.00712741	0.0610592	0.0258932	0.132297	0.0342813	0.00927406	0.00210428	0.00794935
131	0.0886312	0.021638	0.0156356	0.0261342	0.00574416	0.0367569	0.023292	0.00870514	0.141852	0.021347	0.00801477	0.166945	0.0328415	0.0431424	0.151364	0.068558	0.119792	0.0100236	0.00283697	0.00674565
132	0.0217663	0.00433996	0.00239475	0.00229867	0.00909567	0.00113735	0.000453339	0.396852	0.00492653	0.104123	0.01631	0.00172887	0.00302004	0.00536633	0.00339865	0.00646358	0.0283236	0.386631	0.00038316	0.000987082
133	0.287634	0.00596728	0.00251082	0.00419617	0.00207229	0.518929	0.000932111	0.0056558	0.0039468	0.0200768	0.00837329	0.0026849	0.00585508	0.00324398	0.00567882	0.0891125	0.0126795	0.0172277	0.00111522	0.00210752
134	0.0481936	0.0597149	0.0379843	0.0116347	0.00400272	0.0852952	0.00737115	0.0147707	0.00475347	0.015389	0.024817	0.110579	0.00381273	0.0135071	0.0374319	0.161614	0.282332	0.065139	0.00124337	0.0104138
135	0.389986	0.00581428	0.00210502	0.00237685	0.00402291	0.438892	0.00119393	0.00929066	0.00243222	0.0265963	0.0107518	0.00171812	0.00271681	0.00287338	0.00310283	0.0539643	0.0155909	0.0242832	0.000779126	0.00150962
136	0.447658	0.00389807	0.00863138	0.00620657	0.0282856	0.0304093	0.00606524	0.0277189	0.00306083	0.0371924	0.0295821	0.00740813	0.0278358	0.00690914	0.00399462	0.129695	0.081109	0.0938385	0.000902734	0.0195979
137	0.00864845	0.010928	0.00332562	0.0205848	0.327135	0.0511947	0.0622622	0.00725373	0.00320852	0.0963732	0.00681875	0.00435817	0.00263927	0.0208753	0.00409567	0.0283794	0.037143	0.0535136	0.00257288	0.248689
138	0.0288749	0.0093059	0.00480568	0.00547809	0.0221994	0.00891736	0.00424727	0.0443045	0.00513877	0.662174	0.049642	0.00655046	0.0581526	0.00814988	0.00526439	0.022529	0.0120577	0.0347072	0.00181589	0.00568483
139	0.0433262	0.00292292	0.562952	0.0332736	0.00113323	0.0478152	0.026148	0.00289045	0.0106448	0.00375406	0.00178714	0.153646	0.00664729	0.022922	0.0117571	0.0548106	0.00954994	0.00253222	0.000452948	0.00103424
140	0.0734543	0.0129062	0.00274904	0.00443978	0.0042669	0.0143553	0.00290717	0.0866458	0.00292495	0.0167042	0.0106716	0.0146812	0.025649	0.0145948	0.00563949	0.135019	0.358082	0.199607	0.000944726	0.0137576
141	0.035232	0.00750318	0.000527628	0.000809891	0.0384848	0.00296046	0.00199836	0.22347	0.00147232	0.410934	0.0833798	0.000985041	0.000776214	0.00114076	0.00371594	0.0134588	0.036747	0.121625	0.00127046	0.013508
142	0.0025165	0.000505666	0.000600375	0.000704739	0.0268819	0.00408824	0.000569139	0.0276767	0.000768163	0.729284	0.18161	0.00182896	0.00106857	0.000960283	0.00540914	0.0016098	0.0062388	0.0042856	0.00026568	0.00312797
143	0.0930054	0.00114047	0.0296318	0.0946418	0.00525458	0.0308527	0.0465247	0.00227703	0.170112	0.0409009	0.0158111	0.021197	0.00279508	0.127595	0.21523	0.0424735	0.0370341	0.0130545	0.00103024	0.0094385
144	0.112994	0.00152634	0.0314309	0.114372	0.00452367	0.0464428	0.039647	0.00262459	0.146426	0.0353317	0.0131855	0.0271715	0.00248829	0.106608	0.206524	0.048983	0.0380651	0.0129679	0.000815763	0.00787282
145	0.0025165	0.000505666	0.000600375	0.000704739	0.0268819	0.00408824	0.000569139	0.0276767	0.000768163	0.729284	0.18161	0.00182896	0.00106857	0.000960283	0.00540914	0.0016098	0.0062388	0.0042856	0.00026568	0.00312797
146	0.0891939	0.00190429	0.0296887	0.0898512	0.00469258	0.0300922	0.0469244	0.00251375	0.188267	0.0365051	0.0136316	0.0217595	0.00447284	0.121723	0.217715	0.0418521	0.0388305	0.0112302	0.00102672	0.00812536
147	0.0596522	0.00460313	0.106641	0.125647	0.00278722	0.182059	0.0375933	0.000719947	0.11701	0.00494201	0.00473223	0.0502887	0.0030655	0.101232	0.131789	0.0422831	0.0126459	0.000932167	0.000168029	0.0112084
148	0.0104954	0.00582824	0.000572612	0.000603286	0.19776	0.00113149	0.00205317	0.170093	0.00207789	0.341732	0.084336	0.000737318	0.00172774	0.00105969	0.00114666	0.0092167	0.010006	0.124792	0.0051364	0.0294947
149	0.0680969	0.0260555	0.000686092	0.00421051	0.0835308	0.00272795	0.0198495	0.17297	0.00862646	0.248876	0.0303478	0.00975781	0.00821577	0.0107139	0.0229628	0.0228777	0.0238167	0.172403	0.00809983	0.0551752
150	0.00637545	0.00438525	0.00127232	0.000945979	0.0125069	0.000386247	0.000255167	0.441223	0.00158019	0.114735	0.0139697	0.00146441	0.00418431	0.00233022	0.00214625	0.00160053	0.0109323	0.376847	0.000127686	0.0027329
151	0.204213	0.0333334	0.0293854	0.0099426	0.13021	0.0514927	0.0126973	0.0127407	0.00906126	0.047802	0.0347667	0.0153636	0.14873	0.0137318	0.0350014	0.0567023	0.0858036	0.0216189	0.00627706	0.0411263
152	0.109823	0.00576393	0.00477243	0.00150813	0.00468724	0.7906	0.000917924	0.00351907	0.00227026	0.00757315	0.0045182	0.00190398	0.00369003	0.00355706	0.00235453	0.0296931	0.0133138	0.00824965	0.00040734	0.000877294
153	0.100354	0.0204116	0.00336831	0.0276182	0.0349861	0.00482055	0.0242996	0.149431	0.0310979	0.225937	0.0348045	0.00726538	0.00191308	0.0444996	0.0403231	0.0318441	0.0583682	0.143799	0.002532	0.0123266
154	0.0106624	0.00351756	0.0391435	0.00415215	0.442837	0.0063123	0.00393586	0.0402625	0.0210309	0.214466	0.00622398	0.059062	0.00287506	0.00559161	0.00545664	0.0272012	0.00779687	0.00747889	0.00367171	0.0883221
155	0.0230092	0.00184837	0.015017	0.00317828	0.000399137	0.904068	0.0022265	0.000958269	0.00271303	0.00161437	0.002323	0.00410476	0.00315682	0.00496949	0.00452268	0.0198444	0.0040794	0.00108441	0.000278315	0.000604803
156	0.0263313	0.00468154	0.0137641	0.0144141	0.00577884	0.0146427	0.0123589	0.00935182	0.0975393	0.0140482	0.00710567	0.648627	0.00569741	0.0174219	0.0419441	0.0276204	0.0197739	0.0104994	0.00317923	0.0052206
157	0.00906952	0.00273145	0.00130884	0.000560214	0.0095303	0.000448739	0.00024094	0.426976	0.00144166	0.0939275	0.00897492	0.00106687	0.00514882	0.00267745	0.00111237	0.00175553	0.00980624	0.422707	0.000183606	0.000332134
158	0.0244264	0.0059715	0.00228612	0.00143633	0.43599	0.0127795	0.0106071	0.0281533	0.00155427	0.103362	0.0177304	0.00532548	0.00543911	0.00457063	0.015166	0.00972374	0.0127563	0.0271211	0.136716	0.138884
159	0.00460171	0.00237058	0.00120417	0.000368008	0.00886804	0.000312296	0.000231411	0.4396	0.00148079	0.0969078	0.00874623	0.00113105	0.00531987	0.00276378	0.00107899	0.00107111	0.00991206	0.413677	8.07356e-05	0.000274975
160	0.222022	0.0415883	0.00267476	0.00349962	0.0482422	0.471063	0.00308432	0.00654644	0.00422547	0.0120472	0.0202287	0.00325671	0.00438074	0.00510762	0.00650788	0.0502485	0.0655156	0.0256898	0.00132778	0.0027424
161	0.00547628	0.00239613	0.00124487	0.00042889	0.00927292	0.000400433	0.000243804	0.434151	0.00147446	0.0968815	0.00847548	0.00110908	0.00657119	0.00313317	0.00110247	0.00122836	0.00964068	0.416354	0.000113844	0.000301361
162	0.0566307	0.0080331	0.027044	0.0490291	0.0128905	0.0281527	0.0289414	0.02858	0.0341694	0.0341834	0.021765	0.0232294	0.00800467	0.450838	0.0493235	0.0383071	0.0341619	0.0414221	0.00578449	0.0195098
163	0.0429294	0.00239114	0.00256446	0.00329416	0.00174102	0.00586197	0.00242209	0.00820022	0.00595129	0.012493	0.00539408	0.00172823	0.833492	0.00500359	0.00240212	0.0329344	0.0132133	0.0151665	0.000752881	0.00206408
164	0.193681	0.0159814	0.0198617	0.0342422	0.00125333	0.0482058	0.00267087	0.0109626	0.0514864	0.0238969	0.0173071	0.00832672	0.19377	0.0209266	0.0426657	0.160653	0.0810392	0.0603553	0.00646655	0.00624764
165	0.0219483	0.00697014	0.00325461	0.00461612	0.0947908	0.0133248	0.0164683	0.153692	0.0130464	0.177093	0.108861	0.00519801	0.00683354	0.019747	0.17004	0.0201759	0.0374576	0.0918314	0.0101599	0.0244901
166	0.0752604	0.0046606	0.00655215	0.00251475	0.00243193	0.803462	0.00089245	0.00266013	0.00253008	0.00502114	0.00358094	0.00240246	0.0305814	0.00421624	0.00317337	0.0328521	0.00917328	0.00611008	0.000644938	0.00127947
167	0.0833088	0.00344922	0.0253675	0.0819222	0.00391011	0.0260137	0.0440375	0.0024628	0.208461	0.0382787	0.0152576	0.0227246	0.0114848	0.107715	0.217521	0.0467632	0.0439403	0.00979327	0.000758691	0.00683042
168	0.057524	0.00664191	0.0320834	0.00512853	0.00407945	0.0454032	0.00349707	0.0721584	0.0050463	0.392624	0.10985	0.0636926	0.00648886	0.0369781	0.00504313	0.0124319	0.0107785	0.126559	0.00124881	0.00274295
169	0.026241	0.00550161	0.00187565	0.0028282	0.0444403	0.00485602	0.0113126	0.160085	0.00529019	0.38872	0.104721	0.00242194	0.00229925	0.00750517	0.0098229	0.0182325	0.0441748	0.0962129	0.0039209	0.0595379
170	0.0256849	0.00925561	0.00380135	0.00504209	0.144856	0.0113876	0.286843	0.0283051	0.00351734	0.0763276	0.038323	0.0125438	0.0080877	0.0103994	0.0133823	0.0196392	0.0212552	0.0256733	0.0265074	0.229169
171	0.153932	0.0075984	0.195298	0.130629	0.00387843	0.0538637	0.0131388	0.00612632	0.0456296	0.00948305	0.00748583	0.0818372	0.0115903	0.0372935	0.037392	0.143469	0.0455819	0.00869249	0.000364101	0.00671729
172	0.0522764	0.0109954	0.0103823	0.0497124	0.00125593	0.0204341	0.0448567	0.00231761	0.298382	0.0226347	0.00942639	0.0262076	0.0580547	0.0460288	0.213279	0.0568332	0.07148	0.00317416	0.000573771	0.00169478
173	0.133518	0.0127383	0.165597	0.147951	0.0047556	0.0521957	0.0166141	0.011374	0.0425285	0.0235847	0.0132346	0.0680513	0.00969667	0.0497839	0.0381586	0.113519	0.0630578	0.0185746	0.00130979	0.0137567
174	0.101604	0.0269595	0.00316903	0.0147253	0.0478663	0.00630154	0.018331	0.142509	0.024442	0.266813	0.0478029	0.0114368	0.002904	0.0245448	0.0326458	0.0252015	0.0466644	0.133324	0.00435516	0.0183998
175	0.169392	0.019447	0.0202902	0.0414813	0.00495775	0.0428897	0.00818255	0.017528	0.0483768	0.0293185	0.018757	0.0186148	0.173858	0.0303918	0.0331593	0.144848	0.0940294	0.0649687	0.0101894	0.00931969
176	0.121492	0.0112726	0.00649792	0.00368157	0.00719954	0.0113635	0.00166824	0.0460128	0.00465718	0.044776	0.0202476	0.00217117	0.554502	0.00816053	0.00308013	0.0393795	0.0322023	0.0705891	0.00307876	0.00796731
177	0.0432403	0.0105866	0.0109312	0.0106747	0.00882707	0.0156158	0.224701	0.0107658	0.0115424	0.0169974	0.0122297	0.0985916	0.112041	0.0185273	0.0168336	0.0837458	0.26335	0.0172689	0.00295247	0.0105773
178	0.0207453	0.00319043	0.00545565	0.00954162	0.00596849	0.0063052	0.435663	0.00734362	0.00668409	0.0134665	0.00734113	0.0124835	0.353862	0.0106014	0.00685535	0.0344125	0.0373649	0.00954577	0.00178391	0.0113851
179	0.106424	0.00545406	0.0743783	0.0737607	0.0318118	0.0663815	0.0841979	0.0107705	0.0389512	0.0219864	0.0103927	0.0559922	0.00615844	0.229779	0.0360677	0.0594522	0.0248056	0.017702	0.00734486	0.038189
180	0.0145513	0.000599876	0.00266955	0.000750765	0.254938	0.00137756	0.0302138	0.00519011	0.000786837	0.0191419	0.00604007	0.00966317	0.00772339	0.00109312	0.00174447	0.00501483	0.00310324	0.00385148	0.0445997	0.586947
181	0.0780091	0.0262696	0.00109996	0.0039538	0.0733916	0.00539183	0.0160688	0.174724	0.00787894	0.247443	0.0377584	0.00985825	0.00665452	0.00905088	0.0179903	0.0273141	0.0327788	0.167964	0.00813561	0.0482645
182	0.842146	0.00433252	0.00108575	0.000964806	0.00115058	0.0314717	0.000972162	0.00822858	0.00106753	0.00725895	0.00137051	0.00137994	0.000847956	0.0107427	0.00121799	0.0426201	0.0158241	0.0235025	0.00039557	0.00341977
183	0.00903453	0.0140709	0.00261187	0.0216843	0.334812	0.0315543	0.0578152	0.00832864	0.00276796	0.0972139	0.00773465	0.00350434	0.00278728	0.0243774	0.00429868	0.0253304	0.0438903	0.0587034	0.00456537	0.244914
184	0.0170868	0.000681622	0.00307852	0.000761673	0.214174	0.00165598	0.0432306	0.00624182	0.00077206	0.0139335	0.00643629	0.0140558	0.00889815	0.00115505	0.00153517	0.00650805	0.00414557	0.00343541	0.0223734	0.629841
185	0.0935708	0.00116599	0.0292782	0.0942902	0.00578284	0.030904	0.046743	0.00295736	0.166671	0.0416911	0.0163803	0.0208966	0.00280059	0.127575	0.213241	0.0430922	0.0380883	0.0140905	0.00104607	0.00973443
186	0.0229195	0.00110578	0.0019521	0.00695037	0.13151	0.00736192	0.0141252	0.00317152	0.0015718	0.00826269	0.00918996	0.00444351	0.00351781	0.0130138	0.00246023	0.00484257	0.00881615	0.00341917	0.528833	0.222533
187	0.0154315	0.005465	0.000516467	0.00186704	0.0194968	0.00122383	0.000474531	0.354515	0.00126264	0.37908	0.0516119	0.000596044	0.00201635	0.000932533	0.00113747	0.00305233	0.0129906	0.140515	0.00154217	0.00627388
188	0.0137604	0.00117559	0.00184495	0.00163119	0.501835	0.00864557	0.00414784	0.0104491	0.00157659	0.0731219	0.00436956	0.00192189	0.00656067	0.00212961	0.00981102	0.0046062	0.00471212	0.019083	0.171841	0.156777
189	0.0589573	0.00488378	0.103361	0.125057	0.00266655	0.18246	0.0363225	0.000748937	0.12075	0.00479952	0.00523115	0.0494949	0.00308802	0.104454	0.131485	0.042156	0.0123728	0.000873258	0.00018218	0.0106559
190	0.56651	0.022164	0.00613427	0.00693906	0.00588631	0.0462488	0.018988	0.00986818	0.00473964	0.0212601	0.00936538	0.0158541	0.0220776	0.0103219	0.00861543	0.0406179	0.0763318	0.0994201	0.00172072	0.0069367
191	0.0222316	0.000819193	0.727791	0.0119977	0.00127676	0.00876104	0.0403467	0.00160668	0.00944405	0.00216817	0.00170796	0.0967871	0.000877615	0.0378828	0.012599	0.0127387	0.00758672	0.00205549	0.000478728	0.000843197
192	0.72965	0.0136106	0.00131979	0.00172057	0.00230609	0.0388568	0.00413536	0.00697923	0.00138326	0.0226335	0.0032847	0.001431	0.0039454	0.00240259	0.00154518	0.00604965	0.0290025	0.127932	0.000428197	0.00138388
