391	20
1	0.107456	0.00262459	0.00436532	0.00167348	0.00802491	0.0180668	0.00662419	0.0692791	0.00723689	0.0325923	0.0244106	0.0347036	0.0584247	0.00449656	0.00434407	0.0947607	0.264899	0.251428	0.000559384	0.00403099
2	0.123608	0.00938236	0.0148033	0.0581118	0.0566626	0.23676	0.00987466	0.0108217	0.0196117	0.0177737	0.0139104	0.0150055	0.00913615	0.0611346	0.0145448	0.226593	0.0332248	0.0525178	0.00694055	0.00958189
3	0.0363775	0.774558	0.00745248	0.0133387	0.00213995	0.018399	0.00660839	0.00265116	0.00217462	0.00878394	0.00695282	0.00269008	0.0201655	0.003289	0.00834785	0.0504096	0.029315	0.00409727	0.000494592	0.00175445
4	0.0438336	0.0152871	0.00356061	0.00427716	0.118187	0.00384488	0.0315351	0.122931	0.00695631	0.226527	0.0717157	0.0528939	0.0173259	0.121495	0.0213552	0.00971388	0.0291545	0.0888262	0.00431813	0.00626193
5	0.00805718	0.000497961	0.00269558	0.00250424	0.00139169	0.944227	0.0028511	0.00214888	0.00449597	0.00247862	0.00141735	0.00334397	0.000769369	0.00334827	0.00681427	0.00631676	0.00297383	0.00241281	0.000871945	0.000383579
6	0.0530145	0.00277339	0.00767093	0.00258762	0.152686	0.00420153	0.0376108	0.0652843	0.00596665	0.315683	0.0773235	0.0271724	0.0154374	0.025775	0.0304408	0.0282567	0.0792692	0.0354405	0.020195	0.0132109
7	0.0403255	0.306235	0.00671324	0.00868194	0.0259573	0.0100586	0.00502632	0.0822257	0.0141887	0.062321	0.00910694	0.0219878	0.00580134	0.00863254	0.0218943	0.155384	0.0723012	0.0939041	0.00925456	0.0400001
8	0.1997	0.0180072	0.0653517	0.0966889	0.0677071	0.0732058	0.0262696	0.00453277	0.0496292	0.0084657	0.00420651	0.0240328	0.0183925	0.0902916	0.0112379	0.1091	0.0397849	0.00529131	0.0229159	0.0651884
9	0.119108	0.00100567	0.0125653	0.0753185	0.00623099	0.0116735	0.0304742	0.0197715	0.125884	0.108781	0.0693929	0.0382603	0.00230819	0.162628	0.105712	0.0286527	0.0197752	0.054916	0.00261867	0.00492302
10	0.103897	0.000874637	0.14865	0.435812	0.00367815	0.0794667	0.00261056	0.00392152	0.0398514	0.00563299	0.00262693	0.0418795	0.0179037	0.0516043	0.00757866	0.0354046	0.0104211	0.00313989	0.00381882	0.00122767
11	0.110392	0.00454493	0.0039961	0.00572701	0.00572028	0.0165588	0.00608889	0.0384158	0.0118325	0.0228805	0.014389	0.031648	0.370706	0.00587179	0.0131619	0.0709555	0.095847	0.163038	0.000667329	0.00755907
12	0.0316746	0.00657164	0.00120451	0.00273945	0.0215592	0.00436483	0.00171988	0.198269	0.0086491	0.399182	0.079043	0.0153427	0.000927988	0.00714488	0.014496	0.0166939	0.0327588	0.140944	0.00544952	0.0112663
13	0.0439235	0.00538835	0.000988742	0.00253548	0.0237776	0.00474986	0.00341478	0.202756	0.00145361	0.134398	0.256541	0.00265212	0.00937319	0.00131121	0.00127958	0.00607003	0.0150342	0.276907	0.000301659	0.00714446
14	0.0446688	0.00220611	0.211933	0.305263	0.00411322	0.061317	0.0092271	0.00879275	0.0536822	0.00939794	0.00565592	0.051052	0.0373599	0.074053	0.0226362	0.0354564	0.0419724	0.0138599	0.00171163	0.00564196
15	0.0440315	0.000241856	0.0121075	0.0615152	0.0270978	0.0073959	0.0543661	0.0565178	0.138726	0.0868773	0.0528758	0.0217946	0.0153771	0.0886481	0.0863397	0.037301	0.0725066	0.102022	0.00793109	0.0263272
16	0.00813642	0.00172673	0.0196002	0.00767205	0.0517956	0.00468798	0.0203744	0.00461968	0.22253	0.0526805	0.0185061	0.00470659	0.0791449	0.0423135	0.419107	0.00783951	0.0238066	0.0051905	0.00166106	0.00390052
17	0.00996973	0.00308373	0.00110497	0.0021912	0.0137494	0.00619962	0.00736931	0.44834	0.00619813	0.0806314	0.0209347	0.0191246	0.00128027	0.00184905	0.0262131	0.0146015	0.0176372	0.279676	0.0161462	0.0237002
18	0.201429	0.00721705	0.00303355	0.0106672	0.0169848	0.00455266	0.00157216	0.107752	0.00560649	0.0898876	0.0171342	0.00309325	0.000939296	0.00225951	0.00565941	0.0137241	0.0255331	0.472718	0.000575535	0.00966128
19	0.0409405	0.00177033	0.0154733	0.00470714	0.131466	0.00659878	0.0362163	0.0503784	0.00715346	0.339985	0.0982728	0.0282997	0.00998557	0.0125795	0.0344869	0.0310809	0.101495	0.0225792	0.0153134	0.011217
20	0.127219	0.00112952	0.0478155	0.129792	0.00144509	0.0291157	0.0425005	0.00301758	0.25263	0.00366023	0.0021409	0.0363333	0.0123168	0.0281935	0.196829	0.0449796	0.0279376	0.00824654	0.000530606	0.00416738
21	0.0390673	0.211047	0.00401344	0.0045039	0.0336611	0.0065241	0.00170404	0.09442	0.0154507	0.08642	0.00611059	0.0236741	0.00299992	0.00452833	0.0262423	0.194905	0.0694743	0.135951	0.0119897	0.027314
22	0.0339872	0.00103224	0.146391	0.102777	0.00247015	0.447563	0.0096153	0.00465593	0.0356959	0.0178516	0.00394391	0.066162	0.00296878	0.0232211	0.0131631	0.0412442	0.0270956	0.0170934	0.000591234	0.00247747
23	0.0453078	0.000362704	0.0102719	0.0615685	0.0329805	0.00696953	0.0538573	0.062009	0.129153	0.0884781	0.050179	0.019816	0.0166242	0.0866348	0.0851289	0.0366773	0.0616381	0.111205	0.00898937	0.0321489
24	0.0209751	0.0338752	0.00601206	0.00498923	0.00471634	0.00547534	0.00349112	0.339448	0.0184058	0.0403422	0.0191698	0.0116059	0.0183157	0.016854	0.00567779	0.0311026	0.043645	0.366925	0.00215494	0.00681888
25	0.022649	0.000704014	0.654231	0.019147	0.00121609	0.0017504	0.00152695	0.00592555	0.00208343	0.00256975	0.00155616	0.253964	0.000820344	0.00612078	0.00198774	0.00267309	0.00673238	0.00849006	0.000359968	0.00549261
26	0.128424	0.0248501	0.0124487	0.0375681	0.00813467	0.0224966	0.00413239	0.00782652	0.0261589	0.015153	0.00447026	0.016003	0.420547	0.0508471	0.0152591	0.128766	0.0439112	0.0208526	0.00288474	0.00926468
27	0.034661	0.00100574	0.136446	0.475219	0.00152817	0.00634487	0.0324442	0.00183523	0.0408645	0.0414945	0.0188379	0.00885338	0.000944652	0.0587024	0.0024906	0.0276515	0.0791523	0.025214	0.000669474	0.00564104
28	0.0138352	0.00979739	0.100015	0.0276725	0.00139266	0.00232823	0.0199512	0.00212878	0.111459	0.0116549	0.00200988	0.259632	0.00105062	0.0105307	0.0598416	0.333263	0.00329556	0.0283216	0.000566391	0.00125364
29	0.0107808	0.00161539	0.000733719	0.00107407	0.0207628	0.00145596	0.000516203	0.570594	0.00229465	0.24348	0.0401965	0.00330367	0.000499186	0.0026639	0.00278934	0.00615253	0.00588699	0.0820581	0.000603961	0.00253783
30	0.0311268	0.000204489	0.318482	0.30404	0.000308351	0.0359557	0.00614389	0.00561664	0.06252	0.00277161	0.00045418	0.0760435	0.00721571	0.0444041	0.0285896	0.0364111	0.0227969	0.0124006	0.000109862	0.00440496
31	0.0565243	0.000817362	0.498759	0.170786	0.00146485	0.0218831	0.0692485	0.00256435	0.0138819	0.00300479	0.00165041	0.0271449	0.00122329	0.0264376	0.00590906	0.0678907	0.0249972	0.00346506	0.000558866	0.00178861
32	0.155696	0.0543664	0.0129763	0.0189649	0.115758	0.0176255	0.036038	0.0197599	0.0422906	0.0363806	0.0121156	0.0714716	0.00540141	0.0225659	0.0448422	0.0378271	0.0217706	0.0212521	0.0137921	0.239105
33	0.00233881	0.000769425	0.00067028	0.000938431	0.00581793	0.000790495	0.000639391	0.425668	0.00211222	0.457108	0.0211889	0.00143855	0.00153231	0.000824967	0.00416957	0.00209905	0.00533911	0.065084	0.000306927	0.00116323
34	0.0883862	0.000801211	0.0172645	0.141474	0.0557183	0.00928155	0.00923745	0.0117813	0.121446	0.0450004	0.0107378	0.0103991	0.00197119	0.231934	0.103167	0.0832006	0.0191711	0.0205112	0.00143163	0.0170858
35	0.682678	0.0202649	0.000918401	0.000999938	0.00189946	0.183075	0.000973565	0.00126985	0.00149375	0.00421546	0.00329898	0.00348832	0.00589641	0.00210441	0.0013289	0.0555217	0.0176243	0.0104798	0.00180637	0.000662581
36	0.0656876	0.00410407	0.00288863	0.00276186	0.082007	0.00568198	0.0105653	0.113715	0.00740976	0.452892	0.086463	0.0104897	0.00217949	0.00951208	0.00861822	0.0162947	0.0278704	0.0733114	0.00878625	0.00876194
37	0.241756	0.000968419	0.0123578	0.101046	0.0016978	0.121721	0.0545504	0.0266105	0.106627	0.0458818	0.0284762	0.0123696	0.00105356	0.0365858	0.0467366	0.0382337	0.0354114	0.0427768	0.000685925	0.044453
38	0.0107902	0.00298723	0.0268294	0.0967492	0.000964902	0.0226139	0.0398921	0.00656747	0.335032	0.0224332	0.0142947	0.0843127	0.00117479	0.10438	0.174693	0.0180018	0.0241886	0.0041247	0.00177379	0.00819656
39	0.580178	0.0646541	0.00141108	0.00212681	0.00144276	0.0172031	0.0013835	0.0109414	0.00259795	0.0149462	0.00188321	0.00199088	0.000900231	0.00169146	0.0021067	0.0244186	0.0487092	0.219815	0.000529401	0.00106968
40	0.00164251	0.000657465	0.000505205	0.000678554	0.0157296	0.000702647	0.000377346	0.196251	0.0025368	0.672799	0.0393921	0.000858569	0.00202375	0.000963778	0.00147363	0.00173942	0.00201491	0.0563886	0.000178523	0.00308713
41	0.0151033	0.00120643	0.0218817	0.0419479	0.176505	0.0116021	0.0571037	0.0027941	0.0649377	0.0456556	0.00213426	0.080756	0.00107369	0.0511826	0.0308241	0.116231	0.262388	0.00328558	0.000836144	0.0125505
42	0.0145719	0.00228312	0.00555839	0.00554353	0.0366255	0.0405135	0.0263966	0.0289131	0.0265974	0.28665	0.268366	0.0259267	0.00344372	0.00680882	0.0812748	0.0117266	0.0366589	0.00950938	0.0401885	0.0424437
43	0.0323094	0.0010955	0.0922888	0.0587436	0.00141456	0.0206376	0.00164102	0.00236589	0.145532	0.00344965	0.00212115	0.0116225	0.00979592	0.0113179	0.0287648	0.181715	0.390154	0.00291118	0.000647127	0.00147231
44	0.078205	0.00170078	0.0275097	0.0185014	0.00147594	0.0179372	0.00170756	0.0106116	0.0687883	0.0141308	0.004004	0.00780588	0.527091	0.044805	0.0681694	0.065888	0.0134205	0.0235166	0.000579424	0.00415224
45	0.0438175	0.000440059	0.146382	0.515106	0.000804872	0.00964809	0.0219692	0.00103571	0.0361168	0.0169006	0.00911457	0.00484306	0.000585403	0.0861286	0.00139723	0.0381623	0.0407685	0.0185095	0.000540874	0.00772875
46	0.109631	0.00034993	0.214899	0.378341	0.00381249	0.0429822	0.00134611	0.00417954	0.0369201	0.00586109	0.00260698	0.0506925	0.00067123	0.0882019	0.00717489	0.0332762	0.0102259	0.00147643	0.00668368	0.000667493
47	0.0263085	0.00802513	0.000297218	0.00107189	0.00469357	0.00304098	0.000291721	0.388541	0.000828279	0.0401914	0.00147984	0.000515834	0.00101068	0.000597411	0.000735812	0.00363827	0.00629971	0.507427	0.00029	0.00471596
48	0.00837051	0.0110484	0.000441648	0.00172293	0.0025008	0.00102494	0.000560943	0.475773	0.00132701	0.137815	0.0196849	0.00083319	0.00124982	0.00100444	0.00085497	0.00341865	0.0150538	0.314764	0.000375185	0.0021751
49	0.0315265	0.00020532	0.317296	0.304597	0.000323752	0.0359762	0.0061537	0.0056242	0.0625826	0.00282431	0.000474319	0.0762584	0.00710477	0.0448198	0.0284942	0.0361254	0.0228656	0.0122187	0.000166931	0.00436227
50	0.0203268	0.00993281	0.0019848	0.570534	0.00152194	0.0102703	0.00154686	0.0845832	0.003049	0.0274498	0.0104301	0.0120607	0.000963684	0.035719	0.0107887	0.0274614	0.0671949	0.0938929	0.00890351	0.00138554
51	0.00961983	0.00226774	0.000460519	0.000777773	0.0122691	0.000787763	0.0003738	0.287882	0.00096152	0.0691457	0.0662815	0.00118196	0.00109128	0.000568253	0.000854829	0.00310587	0.0247271	0.514657	0.000304815	0.00268086
52	0.0264336	0.000633245	0.0247286	0.0529572	0.00661058	0.00618398	0.021299	0.0765155	0.247046	0.111161	0.0355414	0.0323662	0.00173314	0.0551764	0.0902455	0.0352706	0.132442	0.0384251	0.00036884	0.00486231
53	0.155061	0.00105302	0.121775	0.110804	0.00142441	0.0113076	0.0024077	0.0485406	0.189353	0.0346548	0.00187014	0.0433601	0.0018215	0.0530482	0.128858	0.0124464	0.0604449	0.0199238	0.000567703	0.00127876
54	0.335171	0.0300505	0.0016972	0.00222981	0.00198454	0.00867337	0.00157337	0.0047921	0.00254823	0.00900467	0.00326865	0.00250283	0.00112194	0.00330434	0.00294438	0.570653	0.0100008	0.00651925	0.000630802	0.00132977
55	0.0128746	0.000374938	0.0886731	0.0377826	0.0010076	0.617097	0.00838867	0.00188629	0.0435371	0.00837127	0.0011099	0.112132	0.00245449	0.0172476	0.0109231	0.0248509	0.0061552	0.00415812	0.000276208	0.000699309
56	0.00909443	0.00606497	0.000598611	0.00206568	0.00530155	0.00110281	0.000613948	0.418902	0.00155296	0.264873	0.0276355	0.00197234	0.000849596	0.000916927	0.00172852	0.00309998	0.00873565	0.241705	0.000784985	0.00240192
57	0.0917195	0.00591146	0.0268287	0.0430312	0.00524886	0.0506789	0.0275521	0.0184314	0.191332	0.0180328	0.0125317	0.0285848	0.0117461	0.0264639	0.294434	0.0339706	0.0700229	0.0232598	0.0049387	0.015281
58	0.00630392	0.000237922	0.00203277	0.000932517	0.000555842	0.968771	0.00132415	0.00146755	0.000907985	0.000461281	0.000262096	0.00188989	0.000283551	0.00276114	0.00271526	0.00511499	0.00165292	0.00154412	0.000554112	0.000226806
59	0.0507773	0.136372	0.0148551	0.0297395	0.0156151	0.0326657	0.0173175	0.0223563	0.0841517	0.0314131	0.0185879	0.0228062	0.0127007	0.0279041	0.339444	0.0502345	0.032519	0.0291835	0.00537019	0.0259867
60	0.00690865	0.000790703	0.00118235	0.000679052	0.000754291	0.968807	0.00141234	0.00148146	0.000886056	0.000631389	0.000351918	0.001236	0.000312683	0.00269999	0.00275866	0.00516806	0.00161977	0.00150822	0.000538855	0.000272061
61	0.00706987	0.000368172	0.00281084	0.0013091	0.000864828	0.963921	0.00140249	0.00151338	0.00112501	0.000538144	0.000350185	0.00266645	0.000380372	0.00301874	0.00275295	0.00574007	0.00168394	0.00165545	0.00058562	0.00024378
62	0.744702	0.0276869	0.000445412	0.000632173	0.00133503	0.151171	0.000413314	0.000814677	0.00076012	0.00430286	0.0024157	0.00376948	0.000270823	0.00134811	0.00067986	0.037505	0.010493	0.0107814	0.000144002	0.000328897
63	0.0119863	0.000951996	0.0775349	0.0296322	0.000669089	0.717817	0.00599581	0.0015605	0.025521	0.00336485	0.000691866	0.0706626	0.00235968	0.0151258	0.007934	0.0187123	0.00558593	0.00310712	0.000322196	0.000464556
64	0.00211269	0.001428	0.0018976	0.00189574	0.473695	0.000978262	0.00827603	0.00828296	0.00160714	0.0148364	0.00146507	0.00188345	0.000494037	0.00143273	0.0151116	0.00498151	0.00212212	0.00512124	0.00599487	0.446384
65	0.0607766	0.00420539	0.00587155	0.00947995	0.0045067	0.00853883	0.00518477	0.0235669	0.00939591	0.123699	0.00650841	0.00886331	0.490677	0.0305032	0.0100793	0.126266	0.0416431	0.0248443	0.00111459	0.00427458
66	0.522133	0.0388316	0.00499549	0.00170426	0.00659319	0.018833	0.00256638	0.0214646	0.00209856	0.017005	0.00971815	0.00197436	0.00067849	0.00547782	0.00501237	0.197364	0.0915417	0.0502888	0.000365946	0.00135299
67	0.0242428	0.0154385	0.00643075	0.0110996	0.0730493	0.596587	0.00645767	0.00914115	0.010755	0.0128236	0.00797529	0.00950127	0.00455862	0.0100399	0.00999457	0.022484	0.0122031	0.0426121	0.107784	0.00682135
68	0.0410506	0.000670369	0.00345055	0.00740671	0.0156805	0.00783145	0.00135338	0.0819851	0.0966969	0.331169	0.103868	0.0120038	0.00440291	0.0178487	0.0801095	0.0229948	0.0330803	0.129368	0.00725127	0.00177784
69	0.0334829	0.0201772	0.0190854	0.0387984	0.0118163	0.0195416	0.0190161	0.0109824	0.472758	0.0226302	0.0211848	0.0299721	0.00907579	0.0495606	0.129456	0.0255549	0.0279775	0.0134119	0.00202273	0.0234947
70	0.0366152	0.00949565	0.012823	0.0221189	0.111061	0.0197577	0.0185034	0.0283757	0.0370044	0.145155	0.0286497	0.0221179	0.00860199	0.017275	0.0375315	0.0328316	0.0259704	0.0315445	0.296969	0.0575982
71	0.0959274	0.000737328	0.0894915	0.295993	0.00269156	0.0462335	0.0148547	0.00433828	0.0952337	0.0114292	0.00379872	0.0508125	0.000687117	0.087845	0.0549555	0.111517	0.021266	0.0072333	0.000676903	0.00427741
72	0.00173163	0.000726758	0.00112271	0.00142338	0.454669	0.000870372	0.00919952	0.00620921	0.00122793	0.0100153	0.000843186	0.00152262	0.000483363	0.0010495	0.0170976	0.00540292	0.0017003	0.003506	0.00573763	0.475461
73	0.00961983	0.00226774	0.000460519	0.000777773	0.0122691	0.000787763	0.0003738	0.287882	0.00096152	0.0691457	0.0662815	0.00118196	0.00109128	0.000568253	0.000854829	0.00310587	0.0247271	0.514657	0.000304815	0.00268086
74	0.0260679	0.00790826	0.000285918	0.00107866	0.00480852	0.00274387	0.000249062	0.389552	0.000619736	0.0411051	0.000788457	0.000399329	0.000919136	0.000511137	0.000488274	0.003222	0.00517668	0.50961	0.00013525	0.00433093
75	0.505799	0.0629454	0.0018011	0.00304445	0.00411296	0.014515	0.00187279	0.020729	0.00316783	0.0215591	0.00386292	0.00287751	0.00123198	0.0029116	0.00308572	0.0280293	0.0433746	0.272863	0.00089133	0.0013248
76	0.0482455	0.0114433	0.0661606	0.0386581	0.0106936	0.0366643	0.0244083	0.0158478	0.0427923	0.0241796	0.0149404	0.442264	0.00960184	0.0382806	0.0361079	0.0613399	0.0392691	0.0209617	0.00383964	0.014301
77	0.738251	0.0291484	0.000457142	0.000646312	0.00133402	0.155915	0.000418967	0.000841935	0.000753652	0.00421696	0.00250666	0.00407917	0.000402817	0.00137312	0.000690237	0.0380348	0.0102889	0.010086	0.000186593	0.000368673
78	0.0386425	0.00225373	0.455595	0.120554	0.00401708	0.0221985	0.0756667	0.00620993	0.0357103	0.00781627	0.00373734	0.0743329	0.00410432	0.0272221	0.0278723	0.0513557	0.0263382	0.009799	0.00114169	0.00543291
79	0.0407769	0.00271961	0.0565025	0.608098	0.00607323	0.0465236	0.0086729	0.0178247	0.0337001	0.0172966	0.0109001	0.0191781	0.0122724	0.0309602	0.0136526	0.0257355	0.0224217	0.0197064	0.00260967	0.00437542
80	0.0146724	0.000927424	0.00508752	0.00217711	0.00110963	0.937518	0.00184903	0.00160545	0.00257973	0.00107027	0.000755321	0.00523271	0.00147754	0.00375049	0.00311354	0.0109704	0.00263761	0.00247747	0.000735721	0.000252837
81	0.053314	0.00102375	0.272812	0.332832	0.00213515	0.0299281	0.0151552	0.00603266	0.0537915	0.00737468	0.00424504	0.0514323	0.00695805	0.052293	0.0222106	0.0412513	0.0292498	0.0120383	0.00139689	0.00452566
82	0.0812524	0.00513521	0.00526261	0.0100546	0.0019064	0.0172767	0.00203121	0.015968	0.0152838	0.0304588	0.00503797	0.00962209	0.610996	0.0115963	0.0164326	0.0758284	0.0473251	0.0304482	0.000945296	0.00713848
83	0.0181423	0.00141304	0.0781086	0.0309927	0.00201968	0.676976	0.00781233	0.00214076	0.029569	0.00525278	0.0015641	0.0796922	0.00252848	0.0153535	0.010456	0.022921	0.00767639	0.00553782	0.00130671	0.000536127
84	0.428013	0.0334271	0.00504702	0.00600278	0.0062728	0.0328641	0.00511377	0.0328481	0.00832516	0.0259131	0.0100962	0.0116562	0.0129494	0.00680054	0.00864837	0.0918373	0.113095	0.156286	0.00161244	0.00319154
85	0.00174995	0.000786665	0.00189154	0.00194706	0.473139	0.000884819	0.00841756	0.00722235	0.00122255	0.0108238	0.0010377	0.00181672	0.000473145	0.00108447	0.0152409	0.00498446	0.00166913	0.00365689	0.0056718	0.45628
86	0.0469094	0.0159723	0.0189282	0.033433	0.0155529	0.0190719	0.0201534	0.0222145	0.301941	0.0448332	0.137943	0.0247921	0.0101913	0.0402939	0.0556625	0.105013	0.0355412	0.0277652	0.00486316	0.0189252
87	0.0236286	0.00132268	0.591501	0.0194245	0.00164205	0.00545612	0.00375149	0.00617007	0.0049363	0.00367296	0.00204071	0.289677	0.00123786	0.00856351	0.00593359	0.00890415	0.00789085	0.00791877	0.000537782	0.00579064
88	0.108939	0.0750757	0.0168148	0.0896456	0.0145408	0.083535	0.0147124	0.015484	0.0567466	0.0239353	0.0146862	0.0216902	0.0100945	0.0788938	0.265859	0.0442469	0.0269845	0.0214249	0.00444879	0.0122413
89	0.309332	0.00820566	0.00639001	0.00799713	0.00501499	0.0112707	0.00790903	0.0330033	0.0216111	0.0421459	0.00905758	0.103293	0.00289428	0.0102749	0.0532573	0.187649	0.0783123	0.0323863	0.00228978	0.0677059
90	0.00364993	0.00648403	0.000338365	0.00238284	0.000470126	0.000388396	0.000330323	0.499639	0.000560652	0.196181	0.0156476	0.000452299	0.000202746	0.000422227	0.000527197	0.000742213	0.00531093	0.265944	9.10906e-05	0.000235354
91	0.0231289	0.00161643	0.0011509	0.00142546	0.0253328	0.00295485	0.00123008	0.196561	0.00348559	0.286793	0.328938	0.00270884	0.00334593	0.00470984	0.0024152	0.00744524	0.0159784	0.0819855	0.000912763	0.00788176
92	0.0401137	0.00492852	0.0672598	0.385033	0.00654612	0.023892	0.013451	0.0350472	0.0481344	0.0272761	0.0121182	0.072437	0.00649923	0.0525933	0.0326021	0.0340615	0.0398105	0.087822	0.00305084	0.00732389
93	0.0193911	0.0389839	0.0816501	0.0100627	0.00640871	0.148846	0.00825386	0.00932497	0.011846	0.0486195	0.00675438	0.0516605	0.00473874	0.00938569	0.0829339	0.391212	0.0149723	0.0119985	0.002618	0.0403394
94	0.0460105	0.00157565	0.565747	0.024746	0.00269585	0.0029028	0.00271218	0.0148942	0.00392717	0.0048256	0.00328511	0.260584	0.00155911	0.0145778	0.00393446	0.00558798	0.0177801	0.00794283	0.000645252	0.0140661
95	0.100123	0.00672711	0.00514987	0.0088322	0.00449843	0.0152709	0.00329583	0.0102523	0.0167697	0.0204364	0.00627997	0.0100352	0.637089	0.00989474	0.0207172	0.0462667	0.0351995	0.0311675	0.000581948	0.0114133
96	0.0198113	0.0073605	0.0378098	0.0139483	0.101379	0.00613017	0.237993	0.00924156	0.018946	0.0419057	0.00688502	0.120973	0.00244289	0.0347079	0.0186577	0.013848	0.0130438	0.0102068	0.00676395	0.277946
97	0.196926	0.0531807	0.00249477	0.0130759	0.00167565	0.0132534	0.00216314	0.00280409	0.0660516	0.0460557	0.0133219	0.0234763	0.00125561	0.0419073	0.122528	0.339333	0.0348823	0.023407	0.00065185	0.0015559
98	0.00463821	0.005806	0.000345045	0.00205076	0.00229738	0.000394398	0.000316503	0.456351	0.000557665	0.178688	0.022827	0.000471924	0.000260788	0.00042818	0.000508467	0.000777877	0.00601224	0.316656	9.35126e-05	0.000518863
99	0.00175907	0.000465469	0.000645562	0.000896386	0.00635908	0.000790335	0.000639679	0.402192	0.00229494	0.490619	0.0203674	0.000823319	0.00174023	0.000776388	0.00379648	0.00192762	0.00438944	0.058086	0.000202813	0.00122888
100	0.0566101	0.00628499	0.0335875	0.516081	0.0485171	0.107861	0.00946142	0.010104	0.0294861	0.0146725	0.0103455	0.0252057	0.0136301	0.0200459	0.0136344	0.0367417	0.0195792	0.0133875	0.00511067	0.00965345
101	0.00620177	0.000236243	0.000536205	0.000372576	0.000546394	0.973636	0.00125609	0.00147267	0.000393607	0.000428257	0.00026174	0.000495925	0.000268684	0.00254405	0.00260525	0.00489252	0.00158045	0.00150772	0.000538729	0.000224994
102	0.010843	0.00180355	0.000753319	0.00104168	0.0191096	0.00168805	0.000839483	0.215306	0.00345621	0.520374	0.127529	0.002345	0.00175718	0.00408886	0.00264026	0.00619965	0.0112259	0.063446	0.000870099	0.00468326
103	0.298102	0.00129705	0.00204409	0.00253432	0.00178702	0.0023471	0.00183114	0.303979	0.00293569	0.129611	0.0945713	0.00290814	0.00114881	0.00272991	0.00299145	0.0142608	0.0916775	0.0413529	0.000574383	0.00131701
104	0.0035286	0.00418986	0.000479321	0.00179308	0.00228872	0.000530085	0.000443592	0.51588	0.000896842	0.25908	0.0167002	0.000950788	0.000443515	0.000604489	0.00205453	0.00166744	0.00508245	0.182774	0.00016346	0.000449322
105	0.637314	0.0738643	0.000909621	0.00116513	0.00450871	0.197213	0.000879355	0.00145081	0.0014764	0.00357459	0.00263068	0.00985751	0.000893905	0.00227544	0.00116421	0.0419734	0.0104283	0.00739226	0.000307921	0.000720707
106	0.740553	0.028371	0.000456548	0.000643071	0.0013287	0.15469	0.00040904	0.000809046	0.000737859	0.00419036	0.0024278	0.00391102	0.000276672	0.00134328	0.000671385	0.038071	0.0103891	0.0102343	0.000145745	0.000340201
107	0.0378064	0.0212714	0.00203883	0.00445657	0.111652	0.00144923	0.043741	0.0286218	0.071976	0.0580869	0.00897169	0.033045	0.000686546	0.0107857	0.0818651	0.020733	0.00968949	0.0294466	0.0216465	0.40203
108	0.645363	0.0385673	0.00249174	0.00134514	0.00175216	0.0558988	0.00140169	0.00661161	0.00176415	0.0157069	0.00285234	0.00193156	0.000530386	0.00280201	0.00203115	0.0646991	0.0541225	0.0990776	0.00031312	0.000737627
109	0.0158854	0.0102632	0.00085658	0.00130085	0.00731057	0.00186323	0.000903383	0.34211	0.00326576	0.0541056	0.0476621	0.00219577	0.00349492	0.00270961	0.00174142	0.0104377	0.0400145	0.448429	0.000872649	0.00457816
110	0.0121243	0.000162447	0.100617	0.0369564	0.000284406	0.647986	0.00691963	0.000999597	0.0338239	0.00302585	0.000432486	0.0953085	0.00200805	0.019341	0.00878859	0.0223268	0.00536275	0.00316404	0.000112031	0.000256434
111	0.412636	0.0411899	0.00733215	0.0015924	0.00694254	0.0310311	0.00296245	0.0102927	0.00172026	0.00950673	0.00387271	0.00169669	0.000555096	0.00953309	0.00405612	0.303896	0.103109	0.0469769	0.000251971	0.000845996
112	0.022386	0.000608145	0.197098	0.0698224	0.00169477	0.0227116	0.0377278	0.00128442	0.0610712	0.0103987	0.00128643	0.146423	0.00863691	0.0604191	0.0689462	0.155985	0.130424	0.00193416	0.000362471	0.000778642
113	0.0453813	0.000657291	0.0192139	0.116193	0.0242338	0.00316612	0.0791266	0.0285617	0.168081	0.0439302	0.0191202	0.0113646	0.0023645	0.256025	0.0690179	0.0287699	0.0225096	0.0412251	0.0103424	0.0107164
114	0.536129	0.0190471	0.0027609	0.00354422	0.00350339	0.282542	0.0024789	0.00377792	0.0043174	0.00653937	0.00709039	0.00553506	0.0062041	0.00457723	0.00374338	0.0571585	0.0314004	0.0159628	0.00151408	0.00217352
115	0.0122127	0.0182713	0.00128674	0.00160614	0.308199	0.00157888	0.00230642	0.0812088	0.00724427	0.121838	0.0144649	0.00177163	0.000771916	0.00267859	0.0130638	0.003432	0.0183021	0.0783145	0.00376	0.307688
116	0.0105925	0.000767621	0.000591105	0.000789985	0.0261411	0.000593456	0.000454343	0.76806	0.000896459	0.0752646	0.0312043	0.00303722	0.000353401	0.000726546	0.000695483	0.00207583	0.00122209	0.0759738	0.000166535	0.000393949
117	0.0138723	0.00725442	0.00568348	0.00780498	0.311493	0.00292894	0.0231046	0.015989	0.0175908	0.0287807	0.00486174	0.0149058	0.00189904	0.00637749	0.0287121	0.0111656	0.00846091	0.0160201	0.0101908	0.462904
118	0.0264073	0.0112627	0.000727824	0.00111231	0.00454924	0.00278025	0.000270384	0.383997	0.000967694	0.0411606	0.00122993	0.00124549	0.00115807	0.000792094	0.0006097	0.00398095	0.0067416	0.506303	0.000200439	0.00450348
119	0.0389503	0.0144435	0.0212308	0.0470013	0.00832723	0.168919	0.0250703	0.0128308	0.0837434	0.0215508	0.0136392	0.0240919	0.0237108	0.0244893	0.372073	0.0329389	0.0301338	0.0166391	0.0062366	0.0139796
120	0.312956	0.00354712	0.0403112	0.0507045	0.0117992	0.210175	0.0384257	0.0102644	0.0263207	0.038295	0.0381861	0.0306887	0.00413799	0.0400679	0.0154299	0.0829957	0.0170847	0.0151872	0.00204513	0.011378
121	0.0413213	0.00268333	0.0654991	0.604076	0.00756574	0.0447638	0.00763001	0.0135403	0.0347276	0.0132721	0.0105647	0.0193347	0.0151311	0.0300008	0.0125143	0.027249	0.0243498	0.0190165	0.00178462	0.00497478
122	0.0212581	0.0146565	0.011885	0.0105974	0.185221	0.00477841	0.0716394	0.0123984	0.0359979	0.0402065	0.00531508	0.0370696	0.00226677	0.0121192	0.0396539	0.0164065	0.013019	0.016693	0.0159679	0.432851
123	0.0209463	0.00171588	0.0182413	0.00605922	0.0428477	0.01897	0.0260303	0.0143376	0.0437668	0.0302496	0.0124001	0.00453836	0.635239	0.00380964	0.00630743	0.00756955	0.00852473	0.0272068	0.00115762	0.0700822
124	0.041538	0.00267249	0.00558088	0.0107074	0.0445092	0.0191351	0.00173196	0.0985492	0.0392751	0.437049	0.089949	0.0173459	0.00194791	0.0093436	0.0221172	0.0243145	0.0260115	0.0990117	0.00323182	0.00597815
125	0.520287	0.043054	0.00345314	0.0024657	0.00610736	0.0128207	0.00222593	0.0183288	0.00364305	0.02459	0.0120441	0.0034433	0.00135933	0.00594525	0.008109	0.265893	0.0345628	0.0296757	0.000662513	0.00132972
126	0.0123227	0.00374392	0.000993043	0.00180607	0.0110291	0.00706243	0.00582281	0.437708	0.0068826	0.0631124	0.0228252	0.01392	0.00154099	0.0017431	0.020678	0.0116874	0.0173889	0.323811	0.0137094	0.022213
127	0.0632531	0.000132366	0.123402	0.297084	0.00360539	0.0164276	0.0219044	0.005867	0.137418	0.0111804	0.00634425	0.0638695	0.00014131	0.0718033	0.0733614	0.0598598	0.0227206	0.0141934	6.81801e-05	0.00736458
128	0.0589625	0.00225514	0.00790021	0.0123691	0.00276799	0.00984026	0.0977546	0.0552888	0.0699481	0.0105824	0.0316516	0.0830693	0.0127156	0.0135511	0.359286	0.017191	0.103763	0.0268315	0.00619347	0.0180785
129	0.034477	0.00749904	0.00189337	0.0029833	0.0488827	0.00655937	0.00248739	0.132268	0.00824544	0.486858	0.0868311	0.00816977	0.000766923	0.0109434	0.00631509	0.0203891	0.0217761	0.0967749	0.00305028	0.0128298
130	0.0102717	0.00329562	0.0212692	0.123775	0.000664406	0.0304091	0.0377309	0.00705888	0.279508	0.0197309	0.0185639	0.0995167	0.000417625	0.126131	0.159661	0.0212126	0.024295	0.00460991	0.00177552	0.0101035
131	0.0278814	0.000470893	0.0249366	0.0531631	0.00675741	0.00646303	0.0220977	0.0776055	0.246987	0.112702	0.0346929	0.033213	0.00174706	0.053924	0.0922477	0.0320535	0.128032	0.0396995	0.000385383	0.0049406
132	0.583489	0.0583085	0.00372919	0.00467047	0.00884887	0.0242658	0.00419028	0.0396072	0.00708057	0.0248755	0.0134736	0.00623541	0.00274986	0.00488396	0.0102733	0.104506	0.0271922	0.0661069	0.00152432	0.00398879
133	0.00898445	0.000937738	0.000573739	0.000780868	0.0222027	0.000547113	0.000453862	0.752312	0.00079488	0.0969619	0.0294973	0.00268581	0.000304662	0.000683623	0.00097701	0.00227383	0.00149833	0.0770217	0.000156057	0.000352295
134	0.0632531	0.000132366	0.123402	0.297084	0.00360539	0.0164276	0.0219044	0.005867	0.137418	0.0111804	0.00634425	0.0638695	0.00014131	0.0718033	0.0733614	0.0598598	0.0227206	0.0141934	6.81801e-05	0.00736458
135	0.0612413	0.000307414	0.129299	0.252766	0.0032536	0.0130256	0.0172096	0.0080212	0.123463	0.00962129	0.00763496	0.0533282	0.000572296	0.151366	0.0662232	0.0534053	0.0242542	0.0186599	0.000192674	0.0061552
136	0.543565	0.0666921	0.00412934	0.00616808	0.00804876	0.0102776	0.00399157	0.0210392	0.010359	0.0548626	0.0459023	0.00862535	0.00254232	0.00784598	0.0314165	0.127425	0.0161715	0.0252013	0.00154484	0.00419203
137	0.00713935	0.000734231	0.01132	0.0472337	0.00370171	0.00291843	0.0367556	0.0010394	0.279348	0.00530883	0.00491563	0.0150544	0.000763715	0.0403647	0.477608	0.0112372	0.0275572	0.0011848	0.000312594	0.0255026
138	0.081101	0.0235701	0.00319112	0.00829233	0.0614044	0.0015639	0.0465129	0.0345404	0.103064	0.108896	0.0294056	0.0475203	0.000644649	0.0237961	0.130777	0.0240632	0.00415716	0.0333573	0.0164535	0.217689
139	0.0121497	0.000177745	0.100248	0.0365559	0.000315565	0.647519	0.00729633	0.00102119	0.0333699	0.0030172	0.000437034	0.096475	0.00201922	0.0192396	0.00872587	0.022485	0.00533665	0.00320045	0.000110597	0.000299514
140	0.00893573	0.0182033	0.00128449	0.00158406	0.285292	0.0013557	0.0020736	0.0799278	0.00292337	0.286276	0.0182368	0.00154182	0.000580503	0.00318315	0.00514038	0.00282429	0.0133363	0.0888197	0.00117673	0.177304
141	0.0147793	0.0179833	0.00253872	0.00261533	0.01214	0.00225774	0.00183529	0.360041	0.00257457	0.251463	0.0389837	0.00753456	0.00165184	0.00297954	0.00380845	0.0113965	0.016342	0.241316	0.00154297	0.00621564
142	0.00734123	0.000240282	0.0016602	0.000923501	0.00069916	0.96733	0.00148874	0.00147533	0.000832759	0.000577319	0.000398739	0.00156899	0.000399833	0.00277766	0.00273699	0.00531687	0.00168936	0.00159249	0.000702395	0.000248215
143	0.0590105	0.000155543	0.14119	0.301526	0.00319674	0.0179262	0.020218	0.00554895	0.131356	0.0105694	0.0056841	0.0651113	0.000467533	0.0689217	0.0680751	0.0577687	0.0230777	0.0131653	7.51184e-05	0.00695584
144	0.0400726	0.0011672	0.191323	0.0258606	0.00631946	0.0331997	0.0539715	0.00248232	0.0570549	0.00473768	0.00240167	0.350686	0.012961	0.0422385	0.0720077	0.0759061	0.0224776	0.00315309	0.000642738	0.00133647
145	0.00413709	0.00664495	0.000325948	0.00212524	0.00269843	0.000413322	0.000342603	0.533174	0.000539425	0.178987	0.0171297	0.000663556	0.000222295	0.000418008	0.000495242	0.000845507	0.00524986	0.245217	9.0569e-05	0.000279553
146	0.0387221	0.0120579	0.00237947	0.00298107	0.18909	0.0134651	0.00702637	0.00688244	0.00385795	0.559724	0.11486	0.00501098	0.00130025	0.0246168	0.00301448	0.00477709	0.00429201	0.00345791	0.000760444	0.00172434
147	0.0121231	0.000163073	0.100941	0.0369348	0.000283574	0.64788	0.00689244	0.00100142	0.0335901	0.00294366	0.000424745	0.0954879	0.00200826	0.0193604	0.0087414	0.02235	0.00534791	0.00316255	0.000107183	0.000256324
148	0.00538177	0.00101901	0.00980506	0.0183372	0.00152886	0.00340153	0.00165488	0.00195949	0.00990133	0.0101612	0.00193804	0.00364192	0.000897769	0.00203358	0.00971688	0.571347	0.335776	0.00236431	0.00778141	0.00135279
149	0.0121231	0.000163073	0.100941	0.0369348	0.000283574	0.64788	0.00689244	0.00100142	0.0335901	0.00294366	0.000424745	0.0954879	0.00200826	0.0193604	0.0087414	0.02235	0.00534791	0.00316255	0.000107183	0.000256324
150	0.0400108	0.0113535	0.00298411	0.00719718	0.27238	0.00350287	0.0254169	0.0904142	0.0230273	0.209965	0.0456869	0.0168583	0.00753926	0.0385331	0.0195129	0.012179	0.028839	0.0744106	0.00615763	0.0640307
151	0.0256071	0.0271608	0.23044	0.0409856	0.00128691	0.00349565	0.00164215	0.00203495	0.0160683	0.00293932	0.00170047	0.224608	0.00181182	0.00201866	0.00296986	0.400331	0.0109387	0.00224591	0.000458392	0.00125622
152	0.0105745	0.0226857	0.0013881	0.00185103	0.36827	0.00167546	0.00368752	0.0759691	0.00455843	0.187991	0.0160365	0.00202826	0.000738958	0.0036438	0.00612426	0.00278431	0.0160876	0.0729483	0.00328417	0.197673
153	0.00449652	0.00101701	0.553187	0.0382447	0.00170494	0.0020613	0.0512637	0.0114043	0.0787534	0.00367735	0.00188275	0.0983035	0.0011403	0.0114151	0.0674319	0.0305157	0.0296477	0.0115296	0.000677139	0.00164595
154	0.00366657	0.00636843	0.000342918	0.00235249	0.000461257	0.000385682	0.000329121	0.502116	0.000555871	0.198173	0.0156068	0.00045184	0.000203257	0.000422739	0.000584579	0.00077088	0.00524169	0.261649	9.12816e-05	0.000226621
155	0.0632531	0.000132366	0.123402	0.297084	0.00360539	0.0164276	0.0219044	0.005867	0.137418	0.0111804	0.00634425	0.0638695	0.00014131	0.0718033	0.0733614	0.0598598	0.0227206	0.0141934	6.81801e-05	0.00736458
156	0.00364993	0.00648403	0.000338365	0.00238284	0.000470126	0.000388396	0.000330323	0.499639	0.000560652	0.196181	0.0156476	0.000452299	0.000202746	0.000422227	0.000527197	0.000742213	0.00531093	0.265944	9.10906e-05	0.000235354
157	0.0699537	0.0257721	0.00364677	0.00749738	0.0645854	0.00243151	0.0492756	0.0272167	0.0988155	0.0805068	0.0290405	0.0572807	0.000933252	0.0253677	0.155896	0.0424607	0.00567631	0.0413469	0.0131128	0.199184
158	0.0454555	0.000325988	0.0103402	0.0620344	0.0326065	0.00702252	0.0538801	0.0615264	0.128956	0.0875977	0.0510829	0.019736	0.0170112	0.0871501	0.0848277	0.036681	0.0625803	0.110693	0.0089642	0.0315275
159	0.0067972	0.000381951	0.00166723	0.00138236	0.000665755	0.959871	0.00251582	0.00149376	0.00337149	0.00172904	0.000267362	0.00219637	0.00053534	0.00272394	0.00493802	0.00544078	0.00182074	0.00148342	0.000488134	0.000230175
160	0.420653	0.0220441	0.00673532	0.0138577	0.0318213	0.271059	0.00557292	0.0042769	0.00571722	0.00913493	0.0126455	0.00900933	0.0081031	0.0275221	0.00696789	0.104656	0.0141074	0.0193803	0.00392434	0.00281271
161	0.00668641	0.00159702	0.00352048	0.00172218	0.000678179	0.959012	0.00177707	0.00154015	0.00194162	0.000797025	0.000304599	0.00361721	0.000498536	0.00316926	0.00310357	0.00557785	0.00195303	0.00159999	0.000654265	0.000249984
162	0.697887	0.0420535	0.00162824	0.00169671	0.00384435	0.0809622	0.00100928	0.00869806	0.00260108	0.0122339	0.00731503	0.00370544	0.000699449	0.00261346	0.00445601	0.0710669	0.0171983	0.0390616	0.000532692	0.000736309
163	0.00236245	0.00155287	0.00153615	0.00167537	0.442548	0.000910164	0.00957742	0.00840414	0.00244254	0.0125423	0.00113031	0.00239246	0.000519785	0.00120044	0.0171933	0.0054902	0.00248528	0.00583149	0.00616859	0.474037
164	0.0210982	0.00713665	0.000962911	0.00542179	0.00482508	0.00265841	0.000691251	0.418835	0.00165047	0.0793015	0.009248	0.00166349	0.00122224	0.00117219	0.00208685	0.00419597	0.00875133	0.424269	0.000700146	0.00410895
165	0.0846644	0.626744	0.0073027	0.0113701	0.00337354	0.0169385	0.0056548	0.00600854	0.00403474	0.0112844	0.00665765	0.00440098	0.0143741	0.00525107	0.0100461	0.133814	0.0328369	0.0110378	0.00106742	0.00313757
166	0.00910001	0.000396183	0.00163275	0.000987586	0.000657233	0.964618	0.00142188	0.00152422	0.000746912	0.000921607	0.000551092	0.00122565	0.000760349	0.00265493	0.00275499	0.00540205	0.0021043	0.00163754	0.000616086	0.000287024
167	0.0403924	0.00264936	0.0424335	0.630158	0.00740613	0.0462855	0.00731118	0.0171073	0.0325575	0.0164235	0.0105171	0.0160785	0.0124946	0.0285281	0.0133968	0.0254873	0.023265	0.0200125	0.00291189	0.00458353
168	0.0666256	0.00174751	0.0226308	0.646898	0.00925761	0.115346	0.00295666	0.00391004	0.0263129	0.00575046	0.00394208	0.0124781	0.02535	0.0048104	0.00470888	0.0286661	0.0094591	0.00614783	0.000887841	0.00211409
169	0.0267502	0.00484362	0.0092044	0.0194052	0.00163582	0.0102599	0.0038272	0.00161978	0.00656839	0.007167	0.00219013	0.0190657	0.00153976	0.0043785	0.00784729	0.623563	0.241386	0.00328244	0.00435741	0.00110785
170	0.323271	0.0335008	0.00757443	0.005178	0.00589525	0.0283109	0.00398237	0.00816695	0.00304853	0.00900127	0.00411518	0.00864791	0.000951189	0.0101666	0.00588912	0.386646	0.116672	0.0359841	0.000465325	0.00253355
171	0.0573473	0.00596652	0.00421086	0.0051115	0.0602139	0.00842792	0.00616749	0.107541	0.0112696	0.425039	0.150926	0.00945928	0.00322977	0.0142521	0.0111714	0.0169461	0.022119	0.0686243	0.0038542	0.00812352
172	0.0124126	0.000789117	0.00144762	0.00161609	0.00405771	0.00145441	0.00107325	0.450957	0.00710877	0.192154	0.236705	0.00151895	0.000666679	0.00888086	0.00165539	0.00592796	0.0398919	0.03054	0.000419575	0.000723041
173	0.16234	0.00176016	0.00425002	0.0936757	0.00230283	0.0164704	0.0630877	0.00568071	0.0787136	0.00681252	0.0177752	0.157599	0.00167822	0.0689116	0.114066	0.0624436	0.0917843	0.0182361	0.00110211	0.031311
174	0.234524	0.0195423	0.0106987	0.0115186	0.00709152	0.0751795	0.00592157	0.00585773	0.0069452	0.00934241	0.00647946	0.0158797	0.00836297	0.0120254	0.00944035	0.444443	0.0846863	0.0246788	0.00294316	0.00443956
175	0.0037318	0.0064449	0.000342674	0.00237933	0.000499961	0.000398844	0.000348107	0.498749	0.000589201	0.196812	0.01587	0.000539265	0.000202266	0.000427368	0.000609553	0.000788259	0.00541852	0.265407	0.000165596	0.000276616
176	0.0400364	0.00386813	0.00917699	0.335179	0.00490827	0.0362324	0.0350023	0.00772043	0.00928808	0.0104631	0.178067	0.00906151	0.00374493	0.181274	0.00958233	0.0690406	0.0413813	0.00944755	0.00190425	0.00462103
177	0.00836504	0.000368768	0.00350399	0.00161271	0.000879869	0.955142	0.00186914	0.00168799	0.00228851	0.00104428	0.00041195	0.00357758	0.000400139	0.00337282	0.00387268	0.00633895	0.00216596	0.00191425	0.000897857	0.000285347
178	0.00978117	0.00388182	0.0219465	0.118199	0.000621447	0.0279809	0.0445902	0.00717599	0.301383	0.0216013	0.0170862	0.100304	0.00039362	0.113733	0.157741	0.0191069	0.0187114	0.00358848	0.00213717	0.0100368
179	0.0416705	0.00113123	0.00838642	0.012837	0.00152461	0.00996058	0.0359212	0.0302417	0.0989924	0.0104263	0.018377	0.016782	0.0749848	0.0148338	0.421161	0.0212738	0.0938228	0.0499265	0.00900461	0.0287416
180	0.328179	0.00710456	0.00455161	0.0121097	0.00575019	0.376667	0.00367994	0.00397283	0.00586132	0.00547837	0.0103645	0.00613804	0.094462	0.00650637	0.00536466	0.0737778	0.0113542	0.0207253	0.0152155	0.00273674
181	0.0333613	0.000897735	0.0159284	0.0758445	0.0270676	0.0065419	0.0438103	0.0601936	0.0940073	0.0776525	0.0910077	0.036197	0.0109931	0.0834881	0.0746673	0.0403918	0.0913532	0.105662	0.00570966	0.0252255
182	0.105201	0.00614778	0.00302544	0.0100757	0.00216903	0.0193423	0.00198752	0.0138162	0.0180277	0.0227313	0.00620095	0.0135485	0.580034	0.00943964	0.0201014	0.0645465	0.0434379	0.0510793	0.000929587	0.00815796
183	0.0304526	0.000621263	0.00898699	0.0124389	0.000755339	0.0099623	0.0433933	0.0295565	0.100481	0.00946776	0.0223805	0.0181671	0.0228054	0.0166045	0.467623	0.0188528	0.095154	0.0486883	0.0119631	0.0316458
184	0.0992638	0.0022097	0.00898824	0.00326419	0.0117942	0.0195551	0.0165872	0.0785746	0.0155714	0.039079	0.0285285	0.04777	0.0815893	0.0109571	0.00830042	0.102376	0.173418	0.242166	0.000866216	0.00914092
185	0.0134387	0.00184257	0.0228946	0.00853679	0.00239348	0.00726113	0.0054065	0.0033031	0.571124	0.00859668	0.00328016	0.0319028	0.00132674	0.0146314	0.259906	0.00590421	0.0306545	0.00368732	0.000826136	0.00308382
186	0.0622885	0.00188578	0.00340178	0.0178522	0.00506963	0.0111164	0.00315821	0.0128732	0.0360194	0.00914191	0.00817102	0.0110858	0.586824	0.00521592	0.0448204	0.0348198	0.068962	0.0463519	0.00040572	0.0305361
187	0.0196741	0.00130234	0.0113857	0.00577859	0.0441778	0.0134206	0.0195427	0.0166066	0.0340693	0.0252932	0.0113902	0.00330628	0.664395	0.00303656	0.00650446	0.00699122	0.00971544	0.0320293	0.000823754	0.0705573
188	0.00178318	0.000752688	0.000907429	0.00116704	0.457724	0.000862213	0.00944135	0.00602239	0.00119413	0.0099076	0.00081645	0.00145093	0.00048221	0.00104167	0.019083	0.00574184	0.00173238	0.00339102	0.00574782	0.47075
