269	20
1	0.045426	0.00841436	0.000725438	0.00153784	0.0479131	0.00630477	0.000951641	0.176866	0.00109799	0.354793	0.0512392	0.0145266	0.0296697	0.0195558	0.00450622	0.00987201	0.0318933	0.185736	0.000500233	0.00847112
2	0.0115392	0.00555407	0.00116619	0.007283	0.0127186	0.00188496	0.00294811	0.302353	0.00639373	0.413003	0.0566839	0.00260346	0.00279413	0.0107301	0.00409518	0.00428968	0.0134963	0.126284	0.00652305	0.0076564
3	0.303543	0.0113117	0.043913	0.0221112	0.00258226	0.046016	0.0134699	0.00901294	0.113511	0.0118632	0.00783716	0.0432672	0.00792245	0.116121	0.0700515	0.0983411	0.0601243	0.0168585	0.000903868	0.00123934
4	0.0216213	0.00376614	0.00193075	0.0399217	0.00207059	0.0076938	0.0375951	0.00528597	0.101058	0.0107162	0.00288466	0.021984	0.0105616	0.118995	0.501578	0.0274912	0.0438231	0.0255597	0.00468412	0.0107786
5	0.00666893	0.00621976	0.000279126	0.00167413	0.00598417	0.00044675	0.00158893	0.518275	0.000816913	0.189099	0.0261914	0.000616115	0.000172575	0.00238538	0.00131719	0.00114198	0.00811939	0.22533	0.00186711	0.00180519
6	0.018731	0.0228155	0.00261581	0.00159036	0.188207	0.00201969	0.00616705	0.109265	0.000917877	0.45688	0.0929797	0.000730377	0.000369567	0.00367622	0.00103098	0.00475465	0.00475712	0.0599164	0.0049007	0.0176757
7	0.498141	0.00753421	0.00174781	0.00341712	0.00851437	0.0384676	0.00342127	0.0574947	0.00193155	0.0776148	0.0294926	0.00419633	0.00226627	0.031308	0.0227795	0.0900549	0.0317627	0.0797587	0.00111746	0.00897872
8	0.265033	0.00282208	0.018743	0.0107333	0.00202321	0.101663	0.0277273	0.0148018	0.022012	0.0416535	0.0156718	0.104121	0.00107164	0.0596398	0.0626921	0.169671	0.0683566	0.00740509	0.00285342	0.00130491
9	0.049744	0.0319223	0.0154197	0.0189356	0.0105398	0.0218852	0.0248066	0.0665365	0.10634	0.131616	0.0165981	0.0146168	0.00987829	0.0512016	0.305557	0.0279142	0.0314516	0.0507075	0.00254266	0.0117875
10	0.0629292	0.00274238	0.0835008	0.0766204	0.00782009	0.267804	0.0517469	0.00709666	0.0412454	0.0266204	0.00487321	0.0606401	0.00142824	0.0847332	0.0420769	0.0736865	0.0439485	0.0456584	0.00099104	0.0138375
11	0.144561	0.00880529	0.0328714	0.0275844	0.00400163	0.0327722	0.0188177	0.014792	0.235038	0.0147517	0.0133119	0.0457182	0.024178	0.0705573	0.153982	0.057505	0.0678297	0.0283455	0.000439625	0.00413851
12	0.761814	0.00818378	0.00175095	0.00145222	0.0046193	0.0662993	0.00227777	0.00818605	0.00146234	0.0166447	0.0157097	0.00114195	0.000664576	0.00570374	0.00446759	0.0414222	0.0323823	0.0205757	0.00188975	0.00335195
13	0.361799	0.0440651	0.00169044	0.00385758	0.00308791	0.0039411	0.00274338	0.0802459	0.0127784	0.0426131	0.0213151	0.00352579	0.00242503	0.00347594	0.00676161	0.0473304	0.12707	0.227941	0.000928927	0.00240357
14	0.183736	0.00527745	0.0978833	0.169801	0.00173038	0.044916	0.00816745	0.0105419	0.0395045	0.0256838	0.00867744	0.0494108	0.00191017	0.0903893	0.0498701	0.102729	0.056008	0.0471064	0.00155637	0.00510046
15	0.0154935	0.0270303	0.0217926	0.0270708	0.02684	0.00689405	0.0111057	0.257201	0.00574281	0.158792	0.0319499	0.00734779	0.00216547	0.00770069	0.274468	0.00905311	0.00885429	0.0563666	0.00161835	0.042513
16	0.00758372	0.00149402	0.00129569	0.00112886	0.0178768	0.000411705	0.000528706	0.285578	0.000759131	0.548112	0.0542662	0.000394899	0.00163724	0.00127673	0.000506897	0.000775618	0.00305529	0.070496	0.000983814	0.00183863
17	0.279594	0.0221005	0.0212767	0.050181	0.0141045	0.00662012	0.057111	0.0435435	0.0245595	0.0868745	0.0203937	0.0202343	0.00108711	0.0358423	0.038156	0.0361333	0.0454649	0.138992	0.00847819	0.0492535
18	0.0811356	0.000785026	0.259652	0.144593	0.000640671	0.010599	0.0131097	0.0113232	0.0740934	0.00779972	0.00487186	0.0311672	0.0131696	0.169441	0.0660438	0.0451535	0.0551022	0.0105863	0.000242267	0.000490787
19	0.747588	0.0218771	0.00183064	0.00074294	0.010756	0.0372319	0.00342063	0.0191456	0.000761577	0.0114989	0.00497847	0.000878312	0.000615105	0.00440344	0.00671856	0.0638125	0.019705	0.0319603	0.00432457	0.00775039
20	0.00702426	0.00442247	0.000249603	0.00173577	0.0111689	0.000487332	0.00103354	0.557932	0.0004837	0.134303	0.0291689	0.000800954	0.000229135	0.00224284	0.0022955	0.000831276	0.00670087	0.234712	0.000721703	0.0034569
21	0.0805269	0.00827117	0.0194246	0.0140086	0.00210749	0.0199615	0.0243127	0.0157064	0.306425	0.0119088	0.0115192	0.0499287	0.0234103	0.0549427	0.203218	0.0530633	0.0696891	0.0273801	0.0004603	0.00373587
22	0.0067443	0.0047016	0.000254967	0.00149616	0.0101248	0.000399171	0.0011001	0.562497	0.000381546	0.13571	0.0274877	0.000727914	0.000191961	0.00188441	0.00210097	0.000752225	0.00676031	0.233022	0.000699047	0.00296434
23	0.096848	0.114161	0.0028045	0.00359792	0.00365268	0.0936767	0.00477933	0.139819	0.00371282	0.0870806	0.0914787	0.00330566	0.00194392	0.00456191	0.0202794	0.00959396	0.0567157	0.257928	0.00113614	0.00292358
24	0.00531827	0.004947	0.000239233	0.00139084	0.00826135	0.000425279	0.00130801	0.549221	0.000362866	0.119802	0.01683	0.0017897	0.000182462	0.00284795	0.00112626	0.00115009	0.00416475	0.278404	0.000541488	0.00168664
25	0.0381176	0.0212593	0.00409073	0.0158744	0.0841624	0.00325985	0.00738609	0.250423	0.00590878	0.266244	0.121931	0.00411911	0.0025655	0.00890543	0.0217398	0.00681185	0.0071132	0.0862164	0.00238838	0.0414837
26	0.206617	0.0068706	0.000856664	0.0081233	0.00569507	0.69278	0.00232748	0.00394571	0.000766967	0.00323961	0.00239428	0.000911308	0.00274682	0.00102728	0.00122265	0.0385054	0.012477	0.00871946	0.000275291	0.000498353
27	0.0205982	0.0163664	0.532626	0.0804208	0.00526	0.0144346	0.0249322	0.0110835	0.0197967	0.0131247	0.00445105	0.110239	0.00336431	0.0296032	0.0186378	0.0510079	0.0265123	0.0131761	0.000779669	0.00358633
28	0.00818551	0.00980463	0.00227906	0.00241121	0.48011	0.029111	0.0242216	0.0103983	0.00859385	0.0153134	0.00275015	0.00236365	0.00133419	0.00331228	0.00303884	0.00466169	0.0046479	0.0126399	0.0368385	0.337985
29	0.0229301	0.0169405	0.544185	0.0763792	0.00302946	0.011653	0.0251024	0.012095	0.0130167	0.0115292	0.00380557	0.119993	0.00513768	0.0274356	0.0128579	0.051613	0.0241103	0.0145588	0.00101814	0.00260958
30	0.156691	0.200119	0.00473084	0.00713867	0.00303155	0.0155827	0.00592342	0.0169769	0.00437972	0.0116235	0.0094604	0.00395173	0.00159864	0.00526674	0.00451962	0.152395	0.169508	0.222569	0.0020573	0.00247623
31	0.0219554	0.0151523	0.545446	0.0761885	0.00423269	0.0101912	0.0240656	0.0116532	0.0168727	0.0109404	0.0032232	0.119485	0.00220297	0.0278742	0.0153253	0.0512819	0.0256758	0.0138007	0.000778737	0.00365401
32	0.201737	0.00937466	0.00306473	0.00957303	0.00740355	0.657145	0.00435041	0.00709835	0.0025498	0.00711667	0.00363732	0.00500875	0.00350189	0.00399604	0.00344045	0.0426123	0.0147231	0.0115974	0.000817838	0.00125164
33	0.706597	0.0104288	0.003412	0.00382321	0.00627825	0.069281	0.00342181	0.0136822	0.00190459	0.019636	0.0125931	0.00215926	0.00281962	0.0128217	0.0076411	0.0535136	0.0294078	0.0339336	0.00218805	0.00445731
34	0.144996	0.12077	0.00123914	0.00978911	0.00149883	0.0097146	0.0053479	0.0186083	0.00182826	0.00866497	0.00832617	0.00185051	0.000973144	0.00253485	0.00215875	0.234949	0.315258	0.106844	0.00340867	0.00124
35	0.663437	0.0175293	0.00530332	0.0018601	0.00612718	0.0911575	0.00295174	0.0118971	0.00158853	0.0118158	0.00920684	0.00211212	0.00368118	0.00595688	0.00587397	0.108356	0.0205504	0.0243762	0.00204316	0.00417524
36	0.145237	0.0914359	0.00337612	0.00624601	0.00199367	0.0242158	0.0130429	0.0100866	0.00258951	0.00623871	0.00454457	0.00345847	0.00110641	0.00371004	0.00270398	0.347602	0.26163	0.0632689	0.00584138	0.00167167
37	0.336792	0.0729453	0.00220596	0.00517698	0.00408596	0.0206546	0.00754371	0.0114479	0.0020523	0.00635989	0.00434039	0.00238903	0.000837282	0.00284115	0.0031221	0.255407	0.198758	0.051761	0.00829902	0.00298019
38	0.0286634	0.0086473	0.000885354	0.00300889	0.0228762	0.00341647	0.00277086	0.232828	0.0040652	0.345539	0.0485607	0.00698745	0.0133528	0.0158255	0.00761674	0.0141148	0.0267246	0.206877	0.00294238	0.00429806
39	0.213584	0.0303958	0.00200091	0.00243626	0.0360365	0.0740067	0.002878	0.0407965	0.00250261	0.237613	0.171712	0.00272101	0.00161797	0.00498322	0.00381547	0.0690372	0.0723596	0.0258806	0.000909197	0.00471334
40	0.0457357	0.0212698	0.00167213	0.00721623	0.0174794	0.00487868	0.0307664	0.203863	0.0666495	0.111988	0.135505	0.0268146	0.00120038	0.0185972	0.0270242	0.00471415	0.00660918	0.215218	0.00988261	0.0429167
41	0.0407085	0.00570541	0.00394943	0.0115382	0.0319237	0.00606059	0.196627	0.175265	0.00466468	0.0632894	0.00564506	0.00489746	0.00458688	0.00619307	0.0676879	0.00893386	0.0369341	0.10182	0.00149112	0.222079
42	0.00434214	0.00366795	0.000419128	0.00128276	0.00596071	0.000651126	0.00238566	0.514312	0.000566023	0.0903043	0.0105636	0.00409137	0.000313407	0.00488971	0.00104542	0.00273754	0.00295226	0.347802	0.000344942	0.00136751
43	0.166046	0.00476648	0.0229326	0.0575475	0.00542584	0.0848344	0.00794831	0.0237132	0.0276352	0.0151089	0.00922709	0.0212907	0.255122	0.0514014	0.040103	0.123525	0.0328415	0.0466758	0.00101415	0.00284055
44	0.00520699	0.0147936	0.620538	0.0625361	0.000870385	0.00137764	0.0257224	0.0100075	0.00910598	0.00669425	0.00120776	0.146326	0.000582872	0.01211	0.00597383	0.0477099	0.0175678	0.0106456	0.000297248	0.000726585
45	0.0615596	0.0166646	0.0174931	0.0253371	0.00747673	0.0200689	0.0290484	0.031431	0.139886	0.0442071	0.0121662	0.0211479	0.0147405	0.0640975	0.376888	0.0365529	0.0368506	0.0331483	0.00238379	0.00885176
46	0.0520386	0.00848487	0.000804972	0.00140237	0.0679312	0.00772774	0.00119329	0.130806	0.00134024	0.349035	0.0699194	0.0094706	0.0137402	0.0240898	0.00361214	0.00921266	0.0369981	0.204772	0.000649505	0.00677081
47	0.0182545	0.0277028	0.187304	0.126053	0.145917	0.00669094	0.176978	0.00995002	0.0056734	0.0576107	0.0294751	0.0531056	0.00334339	0.0313956	0.00634547	0.0103548	0.0477868	0.0128899	0.00156233	0.0416068
48	0.199644	0.00872675	0.00626318	0.0113175	0.0106505	0.646605	0.00473969	0.00772194	0.00402568	0.00661693	0.00386819	0.00354221	0.0029762	0.0047665	0.00404718	0.0414432	0.0153178	0.0137087	0.000669958	0.00334821
49	0.0489462	0.0140277	0.0123808	0.0152101	0.256763	0.0338396	0.0467329	0.050289	0.0184606	0.0456271	0.0144562	0.0178785	0.00450154	0.0178466	0.0241803	0.0217539	0.0216286	0.0480664	0.0235884	0.263823
50	0.193461	0.00785973	0.00788756	0.0114647	0.0124709	0.639631	0.00617423	0.00707962	0.00451521	0.00829289	0.00447722	0.0056232	0.00346383	0.00631882	0.00438964	0.0418877	0.0149459	0.0125403	0.00117757	0.00633887
51	0.0668295	0.00991561	0.00549013	0.00783209	0.0231216	0.00710034	0.00639423	0.12024	0.00699187	0.323237	0.035595	0.00930068	0.0943585	0.0146251	0.00806773	0.0149921	0.0241322	0.215238	0.00131398	0.00522386
52	0.029192	0.00490569	0.00190419	0.00275524	0.0020559	0.0111316	0.00321774	0.00466962	0.0124213	0.00536224	0.0102753	0.0388454	0.00117155	0.00974588	0.00321241	0.458399	0.391053	0.00712017	0.00108401	0.00147725
53	0.0546423	0.00328516	0.0299056	0.0920032	0.00221708	0.0476633	0.00816182	0.13605	0.0328814	0.071126	0.0269278	0.018406	0.0959584	0.0371996	0.0169074	0.0568171	0.0748505	0.191845	0.000840267	0.00231198
54	0.24492	0.00087036	0.0336761	0.130154	0.00435766	0.0388991	0.00676946	0.0125808	0.0142669	0.0155451	0.00105709	0.0380742	0.224208	0.068312	0.0144986	0.0741751	0.0489623	0.0278195	0.000279922	0.0005739
55	0.0831747	0.0119234	0.000778389	0.00154177	0.0334348	0.00699129	0.00114389	0.126449	0.00121745	0.358478	0.0531451	0.0048753	0.0173282	0.0088039	0.00267666	0.0111442	0.0230967	0.249614	0.000539495	0.00364349
56	0.0920126	0.021696	0.00133004	0.00297512	0.046783	0.00842126	0.0026908	0.162647	0.00240242	0.223801	0.214321	0.0037791	0.00310843	0.00650436	0.00303429	0.0132682	0.022192	0.154824	0.000700851	0.0135073
57	0.0100437	0.00741074	0.00226791	0.00117918	0.0662371	0.0011383	0.00118049	0.123391	0.000945713	0.58484	0.0802474	0.000816199	0.00227257	0.0018849	0.000994428	0.0016205	0.00498403	0.0962971	0.00480456	0.00744401
58	0.00601906	0.00638545	0.000241744	0.00142234	0.0067276	0.000376158	0.00143321	0.541233	0.000543948	0.166667	0.0246292	0.000681853	0.000167691	0.00205567	0.00133137	0.000834089	0.0068522	0.229047	0.00130342	0.00204844
59	0.00589766	0.00470926	0.000220054	0.00146446	0.00836683	0.000371081	0.00108268	0.554087	0.000324335	0.132749	0.0228796	0.00101351	0.000163738	0.00222791	0.00147171	0.00080341	0.00544322	0.253969	0.00062944	0.00212614
60	0.116581	0.173996	0.00250773	0.0142808	0.00287952	0.00810154	0.00549153	0.0215907	0.00287542	0.0142558	0.0210088	0.00378623	0.00178567	0.00450025	0.00388849	0.1859	0.32154	0.0906933	0.00234706	0.00198967
61	0.106789	0.0130283	0.000845037	0.00288586	0.0228666	0.00617067	0.00143783	0.117083	0.00154098	0.287306	0.03101	0.00288684	0.0276032	0.00455021	0.00326028	0.00902116	0.0202154	0.339093	0.000632013	0.00177472
62	0.0226711	0.0163491	0.539178	0.0806273	0.0041071	0.013044	0.0239199	0.0112449	0.0158051	0.0110061	0.00298295	0.112825	0.00334445	0.029965	0.0156385	0.0534227	0.0274587	0.0127126	0.000632223	0.00306533
63	0.112211	0.119255	0.0171784	0.0180154	0.00884896	0.0204346	0.101396	0.0197439	0.0192152	0.0207507	0.0189361	0.152239	0.0112485	0.0874638	0.0192737	0.113682	0.0754161	0.0273363	0.0039861	0.0333701
64	0.198479	0.0094213	0.00402551	0.0113051	0.010784	0.641878	0.00540318	0.00916431	0.00317042	0.00848941	0.00479169	0.00444843	0.00441059	0.00463163	0.00442744	0.0403757	0.0165337	0.0141821	0.00150334	0.00257489
65	0.17874	0.0537791	0.00247116	0.00387633	0.00374899	0.00876658	0.00474456	0.106987	0.00404271	0.0162119	0.0144899	0.00353415	0.00403215	0.00586179	0.00472181	0.171796	0.212757	0.195548	0.00170318	0.00218803
66	0.277398	0.00404984	0.00298887	0.00328445	0.00351403	0.0095006	0.00421771	0.0838119	0.01731	0.113571	0.0849577	0.0267222	0.00220105	0.0213144	0.0139511	0.152587	0.159758	0.0153363	0.000953931	0.00257137
67	0.385894	0.101363	0.0560436	0.00666444	0.00765749	0.0495543	0.00786177	0.0144896	0.00662952	0.0147272	0.00850838	0.00678025	0.00452402	0.00978653	0.0087651	0.254559	0.0207634	0.0289579	0.00227025	0.00420001
68	0.0317128	0.00284686	0.00213524	0.033076	0.128752	0.00294768	0.318049	0.120588	0.00238566	0.0689261	0.00275396	0.00264143	0.0111706	0.0031857	0.0210402	0.00484687	0.0382841	0.145872	0.00100298	0.0577834
69	0.279964	0.00191922	0.0260776	0.102652	0.0045483	0.0423293	0.00630262	0.0224638	0.0121971	0.02061	0.00597474	0.0294503	0.19239	0.059947	0.0172955	0.0793624	0.0489164	0.0455658	0.000470853	0.0015636
70	0.00643066	0.00442635	0.000217662	0.00167108	0.0102258	0.000457457	0.00107891	0.548752	0.000434174	0.133567	0.0237302	0.00109236	0.000181325	0.0025407	0.00164831	0.000895865	0.00538502	0.254251	0.000657658	0.00235674
71	0.183736	0.00527745	0.0978833	0.169801	0.00173038	0.044916	0.00816745	0.0105419	0.0395045	0.0256838	0.00867744	0.0494108	0.00191017	0.0903893	0.0498701	0.102729	0.056008	0.0471064	0.00155637	0.00510046
72	0.233083	0.0148726	0.0300762	0.0769848	0.0159221	0.0124405	0.0766954	0.0287414	0.0367554	0.0616812	0.0140027	0.0214752	0.000696738	0.0457226	0.0815513	0.0435303	0.0483652	0.0899621	0.0050528	0.0623886
73	0.314669	0.0133156	0.00401773	0.00713899	0.0163356	0.0329186	0.00566515	0.0597719	0.00354012	0.228548	0.0245699	0.00389603	0.0104942	0.0106725	0.0110734	0.0223483	0.0266658	0.199344	0.00129962	0.00371624
74	0.0775015	0.00782543	0.018748	0.0131847	0.00200115	0.0194971	0.0245337	0.0155848	0.312523	0.0112193	0.0114361	0.0502596	0.0225262	0.054744	0.206776	0.051577	0.0685501	0.0273543	0.000465334	0.0036924
75	0.0810854	0.000786653	0.259722	0.144515	0.000640147	0.0106179	0.0131025	0.0113069	0.0741584	0.0077948	0.00486164	0.0311355	0.0132015	0.169379	0.0660244	0.0452262	0.0551124	0.0105828	0.000240668	0.000505575
76	0.0763414	0.00961113	0.00459294	0.0115202	0.0114146	0.00652922	0.0033949	0.171461	0.00738686	0.0709536	0.010955	0.00512241	0.0266404	0.00822595	0.0059583	0.0473629	0.066857	0.448122	0.000814543	0.00673571
77	0.00535301	0.00533917	0.000245688	0.00132528	0.00767174	0.00040713	0.0012413	0.545567	0.000350971	0.129017	0.0179752	0.00152149	0.000178507	0.00262734	0.00110113	0.00104381	0.00454523	0.272137	0.000625684	0.00172612
78	0.00446562	0.00245595	0.000720933	0.00101862	0.00177279	0.00106999	0.00377658	0.333736	0.000949165	0.0373071	0.00261154	0.00488502	0.000671419	0.00546713	0.00118208	0.00587687	0.00243478	0.587894	0.000322329	0.00138202
79	0.00909206	0.00753578	0.00045799	0.00198082	0.00875887	0.000736156	0.00171487	0.466366	0.00130936	0.230084	0.0301529	0.00140577	0.00223843	0.00404618	0.00147868	0.0021564	0.0118587	0.214061	0.00242049	0.00214536
80	0.0191481	0.0158432	0.555238	0.0854633	0.0035719	0.0117112	0.0234048	0.010583	0.0129118	0.00949925	0.00280806	0.117008	0.00200712	0.026953	0.0136842	0.0506856	0.0240161	0.0123187	0.000493685	0.00265037
81	0.0866983	0.0232887	0.0626192	0.031595	0.0393596	0.0452054	0.21799	0.0437592	0.0296074	0.0469393	0.0210508	0.064699	0.0123393	0.036009	0.0440125	0.0470945	0.0413251	0.0627228	0.00736351	0.0363209
82	0.0882619	0.0211707	0.0407564	0.032625	0.0481128	0.0369746	0.229999	0.0534063	0.0252512	0.0536896	0.0195604	0.0570217	0.0179703	0.0363903	0.0454137	0.0428664	0.0416891	0.0661437	0.00796617	0.0347306
83	0.730927	0.0288841	0.00207453	0.00140681	0.00877025	0.0339603	0.00576073	0.0242919	0.00102269	0.0152253	0.00552912	0.00107762	0.000625837	0.00492433	0.00616142	0.064136	0.016246	0.039714	0.00319482	0.00606744
84	0.0069219	0.00705948	0.00035066	0.00174537	0.00595699	0.000489627	0.00170579	0.49686	0.000994087	0.208945	0.0286656	0.00074214	0.00075115	0.00272111	0.00124427	0.00154656	0.00899396	0.220518	0.00207649	0.00171141
85	0.0043551	0.00247121	0.000731904	0.00104787	0.00182085	0.00106396	0.00392801	0.334993	0.000927616	0.0377954	0.00216499	0.00520324	0.000679731	0.00564431	0.00121364	0.00607922	0.00230425	0.586101	0.000324351	0.00115086
86	0.026104	0.01315	0.477874	0.070559	0.00456886	0.0169371	0.0408241	0.0121962	0.0132562	0.0104799	0.00367217	0.169811	0.00393766	0.0239255	0.0148789	0.0500312	0.0261045	0.0135179	0.00201261	0.00615999
87	0.135099	0.00569845	0.0231473	0.0658644	0.00870265	0.0244214	0.0147073	0.0279728	0.0264338	0.0411132	0.00931206	0.0189284	0.337717	0.0499771	0.0380376	0.0749932	0.0296613	0.0603434	0.00207822	0.00579224
88	0.0878677	0.00670083	0.0224147	0.0234224	0.00276847	0.0199283	0.0240834	0.0152573	0.260531	0.0155745	0.0104446	0.0552772	0.0174451	0.0763266	0.203825	0.0522505	0.0692865	0.0300439	0.00115967	0.00539311
89	0.0249897	0.0410418	0.00585491	0.0110084	0.0070603	0.00889889	0.0767007	0.0175196	0.050563	0.19025	0.0100555	0.0097573	0.00503202	0.176786	0.300297	0.0164501	0.016787	0.0220817	0.00279063	0.00607517
90	0.0885657	0.00268066	0.0599945	0.0685436	0.00258926	0.00383449	0.0489979	0.0304507	0.0598849	0.117034	0.00382507	0.0148338	0.251534	0.0944101	0.058533	0.0201128	0.0174156	0.0538248	0.000878612	0.00205605
91	0.0381922	0.000865995	0.333669	0.173717	0.00470655	0.071753	0.0169688	0.00179613	0.00862967	0.00534354	0.000926131	0.0956117	0.00392119	0.0505034	0.0242662	0.0949522	0.0595321	0.00573416	0.000243794	0.00866749
92	0.0201025	0.247758	0.332125	0.0815911	0.0057663	0.00908174	0.0111132	0.0140178	0.00735673	0.0458633	0.00856382	0.0198084	0.00326041	0.0681413	0.00955701	0.0766529	0.0138974	0.0188182	0.00216152	0.00436354
93	0.096997	0.00711464	0.0303716	0.0285386	0.00546932	0.0309405	0.030511	0.0269415	0.223372	0.0184382	0.0109941	0.0483035	0.0216613	0.0545506	0.163365	0.057793	0.100093	0.0302572	0.00182654	0.0124621
94	0.226026	0.0476951	0.00237401	0.0127524	0.002114	0.0139222	0.169199	0.00493319	0.00239471	0.00600843	0.0249114	0.154761	0.00158854	0.0292356	0.00320223	0.150861	0.0418988	0.015783	0.000820333	0.0895192
95	0.00785035	0.00149314	0.00128771	0.00115451	0.017977	0.000412922	0.000530978	0.286937	0.000768832	0.5461	0.0546397	0.000397554	0.00167262	0.00132719	0.000528775	0.000790586	0.00305237	0.0699739	0.000985778	0.00211911
96	0.6379	0.0947697	0.00862008	0.00194659	0.00741531	0.0332711	0.00457606	0.0150824	0.00177351	0.00842423	0.00391791	0.00177746	0.00068136	0.00350137	0.00488517	0.0975142	0.0214142	0.0456144	0.00218811	0.00472641
97	0.234679	0.0100098	0.0020415	0.00887941	0.00625627	0.642541	0.00312154	0.00598898	0.00125519	0.00584494	0.00413335	0.00148933	0.00288841	0.00209965	0.0029059	0.0392221	0.013504	0.0121215	0.000351348	0.000667019
98	0.138681	0.145088	0.00334837	0.00381279	0.00319301	0.0238076	0.00506281	0.0216681	0.00445753	0.0142228	0.0110063	0.00327499	0.00212089	0.00486109	0.00510252	0.106583	0.142408	0.357708	0.000976512	0.00261704
99	0.211274	0.00747514	0.0115656	0.0238687	0.0267675	0.437176	0.024964	0.00925377	0.00433451	0.0153137	0.024065	0.0171555	0.00477722	0.0126188	0.00879459	0.0674694	0.0630939	0.0153541	0.00517364	0.00950501
100	0.0936692	0.0124915	0.00125784	0.00435441	0.0196519	0.00612546	0.00160627	0.118922	0.00319661	0.240839	0.0312414	0.0041521	0.0195708	0.00710782	0.00494102	0.0146895	0.0369781	0.375069	0.000761677	0.00337486
101	0.297218	0.0592729	0.00179277	0.00307431	0.00269546	0.00556364	0.00262798	0.0933566	0.00739426	0.0305332	0.0409771	0.0029889	0.00254525	0.0033289	0.00447496	0.0687877	0.180278	0.19046	0.000946678	0.00168318
102	0.0078151	0.0100651	0.00225215	0.00264068	0.488254	0.0315089	0.023375	0.0124454	0.0088861	0.0203089	0.00369626	0.00228705	0.00128688	0.00341566	0.00291814	0.00454452	0.00460459	0.0131204	0.039632	0.316943
103	0.0401528	0.0169949	0.00203556	0.00508177	0.0685447	0.00284833	0.00708725	0.201558	0.00575047	0.255721	0.217627	0.0043221	0.00134011	0.00630599	0.00508145	0.00777823	0.00775578	0.113754	0.00195578	0.0283046
104	0.0592115	0.0105273	0.00115144	0.00162307	0.0751753	0.00680632	0.00156675	0.0685398	0.00164445	0.390296	0.076705	0.003948	0.00442251	0.0119905	0.00251331	0.00786032	0.060664	0.209945	0.000991731	0.00441816
105	0.186028	0.0697169	0.00209916	0.00480128	0.0045347	0.00769539	0.00308095	0.0607803	0.0066632	0.0503439	0.0152598	0.00366568	0.00437427	0.00469841	0.00605512	0.0693703	0.15974	0.336793	0.00117972	0.00312026
106	0.574386	0.0298805	0.0102685	0.0090011	0.0076506	0.0504424	0.0069144	0.0190529	0.00665207	0.0172319	0.00895608	0.00788643	0.00883831	0.015003	0.0106079	0.129263	0.0406039	0.0384674	0.00319592	0.00569847
107	0.0466568	0.00884441	0.00168434	0.00177947	0.0286832	0.0040486	0.00115478	0.138842	0.00150513	0.455082	0.0577295	0.00214725	0.0111223	0.00476692	0.00206138	0.00574195	0.0145083	0.20807	0.00232762	0.00324356
108	0.206423	0.00696011	0.000880276	0.00809	0.00576253	0.69276	0.00232386	0.0040935	0.00076297	0.00326951	0.00239496	0.000909121	0.00278056	0.00103282	0.00122158	0.0384237	0.0124433	0.00868951	0.000274997	0.000503235
109	0.120164	0.0372181	0.0410184	0.0946556	0.012872	0.0296671	0.0212336	0.0360153	0.0275963	0.0761251	0.0167697	0.0287439	0.0212573	0.0441971	0.0342008	0.128573	0.165381	0.0479712	0.00454328	0.0117969
110	0.006064	0.00428223	0.000313387	0.00141615	0.00835452	0.000500805	0.00121734	0.524131	0.000557662	0.119077	0.0230707	0.00118525	0.000214051	0.00249894	0.00170058	0.00100995	0.00571055	0.294439	0.000668071	0.00358822
111	0.683909	0.0745925	0.00684735	0.00129489	0.00827692	0.038005	0.00421352	0.0154294	0.00133441	0.00870874	0.00447668	0.00153946	0.000642547	0.00339806	0.00531221	0.0830373	0.0140109	0.0370487	0.00264809	0.00527455
112	0.0173844	0.0159378	0.562107	0.0787635	0.00291922	0.0139075	0.0246761	0.0107594	0.0115008	0.00964905	0.00275325	0.118283	0.00323787	0.0254637	0.0118013	0.0503326	0.0241753	0.0127766	0.000848237	0.00272323
113	0.05142	0.0288045	0.00181689	0.00368264	0.032619	0.00782755	0.00579628	0.175293	0.00667813	0.202593	0.214424	0.00469619	0.00300133	0.00739796	0.00828216	0.0194196	0.0172574	0.191464	0.00138129	0.0161459
114	0.345168	0.0147146	0.00436937	0.00491585	0.00932441	0.0541679	0.00560793	0.0410903	0.00464087	0.0369758	0.123132	0.00670403	0.00411404	0.0157395	0.016101	0.0700654	0.0535862	0.18345	0.00180733	0.00432664
115	0.114738	0.0045045	0.0186471	0.00500866	0.00311277	0.0365378	0.00347719	0.00812885	0.0618862	0.00643935	0.00643324	0.00571669	0.326027	0.0621641	0.109554	0.156108	0.0106337	0.0578677	0.000869532	0.00214489
116	0.0165514	0.0117321	0.00265849	0.00219186	0.0931279	0.00181196	0.00333428	0.138712	0.00121125	0.504502	0.113433	0.0010658	0.0013152	0.00332006	0.00158455	0.00416803	0.00542353	0.0772767	0.00362571	0.0129542
117	0.0189283	0.00635404	0.0502371	0.0209351	0.00409079	0.0289186	0.051944	0.159873	0.0675802	0.0663388	0.0090085	0.0262514	0.0080148	0.029951	0.0670057	0.0991903	0.157234	0.122399	0.00144077	0.00430443
118	0.0873227	0.00297299	0.0640222	0.0598169	0.0122869	0.243728	0.0689711	0.00968175	0.04438	0.0284481	0.00654974	0.0445185	0.0011064	0.0788838	0.0572263	0.0670345	0.0584637	0.0371165	0.00206519	0.0254045
119	0.0585009	0.00852149	0.000732504	0.0016262	0.071555	0.00550777	0.00110638	0.183945	0.00111479	0.288898	0.0378003	0.0137789	0.0244936	0.0159237	0.00338757	0.00865594	0.0239919	0.243721	0.000499133	0.00623973
120	0.102314	0.0142111	0.0796709	0.0559163	0.0228032	0.144491	0.0538818	0.0186801	0.0334047	0.0281662	0.0134761	0.151498	0.0122913	0.0532877	0.0358603	0.0703779	0.0449395	0.0288826	0.00964922	0.0261987
121	0.0380663	0.0146229	0.00956463	0.0140862	0.00189967	0.015009	0.0209392	0.0112385	0.264318	0.0313626	0.00701839	0.0156538	0.00778881	0.0667468	0.386445	0.0264504	0.0374623	0.0248139	0.00171054	0.00480299
122	0.2979	0.0122865	0.00347097	0.00582495	0.00647425	0.00568701	0.00470632	0.121781	0.0250889	0.119362	0.00912337	0.0209848	0.00341984	0.00751318	0.0461035	0.0142475	0.119782	0.172041	0.000927838	0.00327493
123	0.0179425	0.0217887	0.00271201	0.00152395	0.181883	0.00196533	0.00591691	0.108174	0.000896486	0.464291	0.0941718	0.000678686	0.000371741	0.00358649	0.00101863	0.0045945	0.00471706	0.0614223	0.00478434	0.0175615
124	0.109198	0.0162119	0.00209927	0.00676673	0.00801341	0.00378404	0.00279947	0.153621	0.00719584	0.0393649	0.00880899	0.00325677	0.00805376	0.00590011	0.00648801	0.0337259	0.0902436	0.485477	0.000777366	0.00821386
125	0.212551	0.00999405	0.0412502	0.0806951	0.0140379	0.0174791	0.0601276	0.0247484	0.0553016	0.0482187	0.012938	0.0321175	0.00106442	0.0664192	0.0804937	0.0605793	0.0621343	0.0671283	0.00565594	0.047066
126	0.181816	0.00871358	0.0288822	0.0535054	0.016503	0.0146623	0.0665134	0.021222	0.0722534	0.0527526	0.0114233	0.0380758	0.00168346	0.119166	0.0835671	0.0514927	0.0631995	0.0630445	0.00435174	0.0471721
127	0.213793	0.00869064	0.00361044	0.0100866	0.00616636	0.657605	0.00404938	0.00589839	0.00189177	0.00495252	0.00314832	0.00254295	0.00543433	0.00276518	0.00253739	0.0403166	0.0140688	0.0108658	0.000726808	0.000850534
128	0.00677213	0.00158804	0.00175056	0.00109468	0.0188014	0.000488938	0.000554472	0.258018	0.000763702	0.565057	0.0578049	0.000422971	0.00220354	0.00129154	0.00052591	0.000848903	0.00304319	0.0755798	0.00137037	0.00202042
129	0.159489	0.00273391	0.0310062	0.0363	0.00395559	0.020595	0.0232393	0.0239556	0.164048	0.0449741	0.0130823	0.0475312	0.00470746	0.0918526	0.178966	0.064356	0.0677261	0.0172537	0.000480778	0.00374781
130	0.129183	0.00922539	0.0100039	0.0396985	0.0050526	0.00854699	0.00862061	0.190216	0.0490795	0.12454	0.0371453	0.0080994	0.00652247	0.0499058	0.0556156	0.018451	0.0280841	0.212988	0.00207826	0.00694318
131	0.0500309	0.0146316	0.00152644	0.0055543	0.0301485	0.00264093	0.00387613	0.237929	0.00355182	0.209278	0.273007	0.00264956	0.00113462	0.00514431	0.00354117	0.00876647	0.00800618	0.111245	0.000869199	0.0264694
132	0.211606	0.0590067	0.00662252	0.0104098	0.052391	0.38612	0.0118049	0.0568124	0.00676886	0.0330451	0.016755	0.0105329	0.00449667	0.0105653	0.0108734	0.037299	0.0226199	0.0361865	0.00614517	0.00993826
133	0.00634719	0.00646554	0.000535436	0.00246541	0.00575822	0.0005592	0.00275565	0.460058	0.00178236	0.259713	0.0329707	0.00065214	0.000344517	0.00359445	0.00126402	0.00187682	0.00906007	0.198197	0.00390192	0.00169888
134	0.150163	0.00282456	0.029528	0.034043	0.00360702	0.0206698	0.0227908	0.0243084	0.170405	0.0435344	0.0128073	0.0479103	0.00535188	0.0886882	0.187902	0.0646476	0.0691206	0.0176962	0.00046562	0.00353653
135	0.745523	0.0214268	0.00190238	0.000968553	0.0110559	0.0363811	0.00354435	0.0186642	0.000884801	0.0120433	0.00496914	0.00103501	0.000547347	0.00454994	0.00734197	0.0626239	0.0216276	0.0320887	0.0048363	0.00798604
136	0.0177087	0.00559359	0.00109956	0.00199103	0.020437	0.00199454	0.00194002	0.353385	0.00152777	0.317142	0.0364302	0.00243188	0.00447686	0.00492503	0.00254374	0.0039238	0.00807608	0.210243	0.00147956	0.00265027
137	0.121027	0.0103835	0.0020977	0.00223824	0.111122	0.029617	0.00436228	0.0884994	0.00188689	0.338219	0.0956706	0.00300452	0.00241039	0.0141996	0.00289996	0.0493642	0.0353643	0.0656513	0.00100005	0.0209826
138	0.0812321	0.00078716	0.259526	0.144641	0.000642381	0.0106336	0.0131013	0.0113283	0.0740299	0.00781255	0.00487783	0.0311498	0.013155	0.169437	0.0659924	0.0451846	0.0551043	0.0106276	0.000243187	0.000493163
139	0.132056	0.0148808	0.00128419	0.0163831	0.00545077	0.0019508	0.00221248	0.167509	0.0181279	0.0411344	0.0104476	0.00193888	0.00163608	0.0125246	0.0114932	0.0176004	0.0276513	0.507568	0.00056018	0.00758945
140	0.174609	0.00390231	0.0213368	0.0419649	0.0831993	0.0664081	0.0579705	0.00646638	0.00463519	0.0241909	0.0219567	0.0575668	0.0156628	0.0345096	0.0160988	0.0845736	0.186227	0.00932959	0.0252277	0.0641646
141	0.148521	0.00503119	0.109976	0.0747948	0.0408223	0.0468381	0.060604	0.00926973	0.019744	0.0244811	0.013837	0.0566603	0.0057265	0.0502985	0.0428798	0.0727332	0.147982	0.0187873	0.010688	0.0403246
142	0.0199115	0.0237675	0.0028236	0.00168026	0.190817	0.00223046	0.00702474	0.111307	0.000995901	0.449047	0.0936267	0.000802855	0.000426619	0.00399913	0.00109022	0.00536343	0.00491849	0.0576214	0.00472692	0.0178192
143	0.206617	0.0068706	0.000856664	0.0081233	0.00569507	0.69278	0.00232748	0.00394571	0.000766967	0.00323961	0.00239428	0.000911308	0.00274682	0.00102728	0.00122265	0.0385054	0.012477	0.00871946	0.000275291	0.000498353
144	0.00803749	0.00973717	0.00223603	0.00240194	0.481138	0.0288649	0.024199	0.0104255	0.00859133	0.0153644	0.00270763	0.00236168	0.00133198	0.00332426	0.0030159	0.00464786	0.00463696	0.0125019	0.0371433	0.337333
145	0.274885	0.0127678	0.00170208	0.00240231	0.0219796	0.0503598	0.00245277	0.102111	0.00251853	0.0722401	0.075752	0.0118258	0.00371513	0.0391081	0.0188648	0.130989	0.0443169	0.126873	0.000818766	0.00431686
146	0.00758372	0.00149402	0.00129569	0.00112886	0.0178768	0.000411705	0.000528706	0.285578	0.000759131	0.548112	0.0542662	0.000394899	0.00163724	0.00127673	0.000506897	0.000775618	0.00305529	0.070496	0.000983814	0.00183863
147	0.206786	0.00686939	0.000866569	0.00812332	0.00569509	0.69254	0.00233407	0.0039477	0.000766973	0.00324306	0.0023959	0.000913785	0.00274682	0.00102536	0.00122867	0.0384645	0.0125123	0.00876087	0.000281883	0.000498108
148	0.133922	0.00646897	0.0186403	0.037421	0.00511875	0.0341725	0.0101029	0.0257943	0.031513	0.0169254	0.0129787	0.0190257	0.293129	0.0480476	0.0512593	0.168641	0.0285543	0.0521857	0.00200944	0.00408949
149	0.0394809	0.0564929	0.0129505	0.0150452	0.0117052	0.0130468	0.0781536	0.148216	0.0183557	0.0645201	0.0204882	0.0123373	0.00430133	0.0229848	0.255041	0.0678947	0.0318477	0.107841	0.00300096	0.0162959
150	0.00593805	0.00590443	0.000243553	0.00134869	0.00734238	0.000389079	0.00132835	0.548517	0.000470586	0.156369	0.0236616	0.000790747	0.000166497	0.0020643	0.00140211	0.000784403	0.00620399	0.233848	0.00101616	0.00221103
151	0.0859937	0.0222579	0.156227	0.0483818	0.022504	0.0355121	0.0541396	0.0310512	0.0290465	0.0375902	0.0164688	0.195051	0.0169657	0.0428822	0.0356783	0.0557489	0.0427778	0.0416447	0.0138406	0.0162379
152	0.532951	0.0304524	0.0116592	0.00990005	0.00878493	0.0530657	0.0090248	0.0223105	0.0071734	0.0185416	0.0129745	0.0102464	0.0079363	0.0169746	0.0119324	0.142837	0.0433808	0.0397002	0.00350701	0.00664677
153	0.467704	0.0148299	0.0284457	0.0165679	0.00874263	0.177574	0.00976179	0.0161911	0.0126904	0.0291366	0.0127861	0.00804341	0.00603217	0.0178077	0.0353343	0.0453197	0.0211945	0.0646371	0.0021624	0.0050395
154	0.190615	0.0090211	0.0110103	0.0160403	0.00699966	0.602848	0.00827358	0.00740824	0.00640243	0.00759893	0.00379069	0.00862016	0.00709856	0.0095119	0.00892663	0.0587213	0.0204995	0.0126106	0.00118262	0.00282055
155	0.0533161	0.0133774	0.0186957	0.0262747	0.00622385	0.0187774	0.0286011	0.0274879	0.154306	0.0372765	0.0119327	0.0232499	0.0144108	0.0722381	0.378584	0.0327945	0.0384218	0.0307407	0.00311172	0.010179
156	0.022867	0.00759537	0.000936445	0.00356114	0.0194222	0.00145748	0.0018542	0.321244	0.00224079	0.30586	0.143643	0.00139365	0.00118973	0.00333273	0.00203678	0.00462571	0.00697526	0.13666	0.00158395	0.0115198
157	0.0392519	0.000887278	0.331477	0.17384	0.00468443	0.0717488	0.0169533	0.00185609	0.0088034	0.00551413	0.00096891	0.0953067	0.00389696	0.0506753	0.024411	0.095234	0.059618	0.00595919	0.00023574	0.00867783
158	0.079143	0.00104266	0.262497	0.155079	0.00125284	0.0200509	0.013769	0.009043	0.059913	0.00828677	0.00400372	0.0479528	0.0104997	0.14244	0.0579271	0.0573418	0.0544544	0.013045	0.000293855	0.00196475
159	0.24592	0.00909103	0.00687363	0.00670078	0.0070672	0.0488736	0.00760032	0.0727029	0.0101576	0.0203788	0.0518404	0.0109391	0.0783579	0.0478006	0.0178916	0.264663	0.0238873	0.0632686	0.0015371	0.00444901
160	0.222733	0.00258392	0.0449889	0.027654	0.0196614	0.102801	0.0310031	0.00883546	0.0156597	0.0292966	0.0187866	0.0732347	0.00383107	0.0500578	0.0437768	0.134712	0.136084	0.00791501	0.013482	0.0129022
161	0.0396273	0.00810322	0.000792434	0.00350056	0.0487258	0.00827139	0.00450166	0.182524	0.00498774	0.339261	0.0657311	0.0159728	0.0216385	0.0228116	0.0124832	0.00837969	0.0285528	0.170859	0.00114252	0.0121326
162	0.234967	0.00539709	0.00852169	0.0295016	0.0056725	0.473653	0.00448277	0.0106592	0.00679902	0.00803936	0.00637719	0.0086786	0.0560972	0.0179779	0.00823922	0.0737984	0.0210155	0.0183156	0.000542841	0.00126412
163	0.109236	0.0102033	0.00152716	0.00618591	0.0446648	0.00266473	0.00207865	0.1935	0.00635579	0.0482346	0.00462245	0.00253864	0.00486099	0.00702859	0.00474099	0.0340176	0.0359825	0.466734	0.000609248	0.0142136
164	0.161757	0.00271197	0.0321657	0.0379597	0.00430257	0.0206217	0.0240026	0.0237582	0.158358	0.0455553	0.0127082	0.0480478	0.00419278	0.0923587	0.176192	0.0652127	0.0676536	0.0174704	0.000554662	0.00441685
165	0.0383743	0.0374679	0.00352604	0.00357349	0.0944858	0.00836817	0.00556814	0.0665016	0.00353884	0.475805	0.0776621	0.00439747	0.00375391	0.00816058	0.00456631	0.0115461	0.0555844	0.0852844	0.00291727	0.00891814
166	0.014002	0.00501792	0.00170166	0.00329091	0.0183235	0.00154241	0.00297891	0.322937	0.00183813	0.424101	0.054257	0.00264455	0.00299291	0.00411758	0.00567618	0.00482695	0.00724406	0.115104	0.00167821	0.00572499
167	0.200626	0.00413815	0.00265684	0.00321653	0.00312368	0.00425897	0.00336781	0.129118	0.0106674	0.152665	0.0751861	0.0238339	0.00149659	0.0116551	0.0189267	0.145802	0.194925	0.0110572	0.00105828	0.00222008
168	0.134973	0.173684	0.00178931	0.0287651	0.00178721	0.00506518	0.00359694	0.0202363	0.00196307	0.0145486	0.00554702	0.00183328	0.000905424	0.00234259	0.0024642	0.201128	0.37401	0.0221619	0.00185118	0.00134828
169	0.0396184	0.000831185	0.333024	0.17514	0.00447566	0.0660072	0.0167162	0.00193456	0.0111241	0.00562953	0.000920279	0.0937102	0.00444321	0.0542222	0.0257486	0.0923436	0.0595153	0.00610658	0.000223124	0.00826671
170	0.00521232	0.0147262	0.620614	0.0625797	0.000896129	0.00139116	0.0255811	0.00993876	0.00901137	0.00664177	0.00121579	0.146178	0.000593293	0.0121673	0.00601009	0.0478198	0.0177637	0.0106358	0.000297065	0.00072695
171	0.0260299	0.00420966	0.0014323	0.011329	0.0245756	0.00189033	0.00200353	0.323917	0.00245289	0.412899	0.0962866	0.00161028	0.00175051	0.0106865	0.00229578	0.00306743	0.00489039	0.0324881	0.00159464	0.0345903
172	0.707215	0.0380459	0.00537854	0.00161883	0.0134888	0.0378388	0.00456383	0.0164413	0.00130507	0.0106451	0.00482456	0.00196356	0.000716629	0.00407131	0.0057625	0.0836083	0.0203192	0.0320622	0.00376145	0.00636924
173	0.190681	0.00587862	0.0850731	0.144691	0.0054638	0.0413614	0.0200176	0.012112	0.0429475	0.0298507	0.0108041	0.0467545	0.00153492	0.0908024	0.0574939	0.0955123	0.0593249	0.042922	0.00287621	0.0138973
174	0.0273641	0.00254836	0.0552645	0.262509	0.00220024	0.00291288	0.0126039	0.0145216	0.0488375	0.0258794	0.0340014	0.0224121	0.00151234	0.249931	0.137218	0.00498856	0.0869034	0.00592629	0.000714146	0.00175192
175	0.0274373	0.0260409	0.0030791	0.00207226	0.166595	0.00418877	0.00727032	0.110818	0.00138413	0.427252	0.102797	0.00149494	0.00136732	0.00520986	0.00146324	0.00700529	0.0104305	0.0728809	0.00406899	0.0171444
176	0.00545177	0.0156138	0.608166	0.0659058	0.000904086	0.00143311	0.0280114	0.0111414	0.00952592	0.00722334	0.001323	0.149508	0.000624535	0.0125056	0.00586371	0.0475255	0.0170983	0.0109901	0.000428802	0.000756083
177	0.183736	0.00527745	0.0978833	0.169801	0.00173038	0.044916	0.00816745	0.0105419	0.0395045	0.0256838	0.00867744	0.0494108	0.00191017	0.0903893	0.0498701	0.102729	0.056008	0.0471064	0.00155637	0.00510046
178	0.0227678	0.0310663	0.0109006	0.00340734	0.181545	0.00401207	0.0311038	0.130577	0.00233395	0.339525	0.124611	0.00211641	0.000993205	0.0132753	0.0029985	0.01657	0.00738958	0.0480538	0.00301019	0.0237422
179	0.0976865	0.0186756	0.15779	0.0476269	0.0215588	0.0352252	0.0510839	0.023846	0.0332881	0.0292296	0.0152536	0.1938	0.0214336	0.0421403	0.0425691	0.0621735	0.0450268	0.0307954	0.0139115	0.0168859
180	0.159724	0.00251914	0.0324393	0.0381992	0.00488915	0.0213143	0.0264049	0.0239948	0.152839	0.0465828	0.0124627	0.0481189	0.00364173	0.0934822	0.174248	0.0656247	0.0690779	0.0177541	0.000750215	0.00593384
181	0.117526	0.00222072	0.198093	0.169448	0.00107905	0.0197867	0.0106175	0.0136056	0.0636072	0.0128965	0.00928516	0.0348355	0.00859023	0.140271	0.0576041	0.0615551	0.0560423	0.0201935	0.000705664	0.00203796
182	0.0592329	0.0158691	0.0197243	0.0255003	0.00798707	0.0165067	0.0287804	0.0339275	0.141873	0.0421829	0.0125818	0.0232341	0.0112623	0.0673169	0.370932	0.0372832	0.0377952	0.0353355	0.0024307	0.010245
183	0.0304665	0.00278595	0.00817173	0.00208453	0.0012831	0.00387632	0.0164437	0.0113788	0.370756	0.00526485	0.00897483	0.00697466	0.00280073	0.074942	0.385549	0.0227463	0.0300462	0.0135441	0.000566637	0.00134378
184	0.183238	0.00527353	0.0977723	0.171213	0.00176444	0.0447963	0.00829766	0.01087	0.0387355	0.0260027	0.00856508	0.0487157	0.0018818	0.0902765	0.0489974	0.10318	0.0559938	0.0477572	0.00154308	0.00512695
185	0.0077572	0.00457968	0.000240148	0.00236335	0.0125563	0.000534394	0.00122191	0.53481	0.0005512	0.127763	0.0238959	0.00141542	0.00059681	0.00377404	0.001751	0.00140355	0.00559836	0.266089	0.000636176	0.00246248
186	0.0497198	0.00771894	0.0702394	0.19471	0.00567821	0.0103221	0.0156915	0.0193856	0.0440697	0.024583	0.021945	0.0236988	0.0108354	0.302015	0.0850069	0.0285264	0.0588465	0.020873	0.00144262	0.00469273
187	0.240866	0.0047743	0.0406203	0.0370032	0.00197553	0.0611458	0.0288752	0.0130635	0.0597057	0.0222289	0.00836589	0.0631492	0.00158822	0.125017	0.0510431	0.143519	0.0730129	0.0193139	0.00195602	0.00277615
188	0.0382287	0.000859205	0.333356	0.173879	0.00470462	0.0717698	0.0169565	0.00179909	0.00863034	0.00534667	0.00093137	0.0955915	0.00392353	0.0505083	0.0242902	0.0949871	0.0596024	0.00572681	0.000237998	0.00867046
189	0.0184299	0.0176896	0.00361685	0.00428759	0.415882	0.09844	0.017835	0.0338278	0.0141929	0.0213552	0.00658517	0.00807091	0.00265807	0.00608267	0.00572852	0.00908566	0.00959899	0.0232864	0.0570436	0.226303
190	0.0902866	0.0219712	0.0392572	0.0216398	0.0228887	0.0263726	0.155329	0.0302192	0.0239963	0.0316974	0.0169712	0.212883	0.0770404	0.0409847	0.0267741	0.0460493	0.0411302	0.0385676	0.0167504	0.0191913
191	0.189361	0.00179251	0.0295892	0.127672	0.00375604	0.0267203	0.0106035	0.028942	0.0229526	0.0230477	0.00244539	0.0264458	0.262316	0.0937804	0.0167834	0.0600556	0.0351827	0.0368519	0.000554914	0.00114669
