325	20
1	0.0192594	0.00836837	0.0103395	0.0295965	0.100953	0.0106866	0.0211223	0.0332427	0.0169037	0.021955	0.0109499	0.0217084	0.00688021	0.0823488	0.0134983	0.0718328	0.0225124	0.021076	0.410602	0.0661635
2	0.0622196	0.00473597	0.0945776	0.0514202	0.00523604	0.0710583	0.022155	0.00618803	0.160378	0.0140602	0.00658272	0.145388	0.0241026	0.0478441	0.0586153	0.138554	0.0555142	0.0177951	0.00320857	0.0103666
3	0.049939	0.0236773	0.110255	0.0814409	0.0735482	0.00716778	0.0126973	0.0134394	0.0738428	0.0806107	0.0088185	0.0639534	0.00424191	0.030797	0.0537376	0.10352	0.0616696	0.0670569	0.00185563	0.0777307
4	0.0163138	0.0144402	0.00290872	0.0021017	0.0495376	0.00361481	0.00355733	0.238715	0.00631612	0.411928	0.0858969	0.00366472	0.00429971	0.00685816	0.00726477	0.00730777	0.0135402	0.111284	0.00122335	0.0092271
5	0.0240408	0.0037064	0.0181139	0.200334	0.0139879	0.00573397	0.0327439	0.00896216	0.21968	0.0276616	0.00576121	0.0223366	0.00256721	0.142787	0.149888	0.0664147	0.0177019	0.0201759	0.00423312	0.0131701
6	0.10331	0.0202908	0.145781	0.0999681	0.0108353	0.0637282	0.00511899	0.0152652	0.0606183	0.0107973	0.00549563	0.0702019	0.0440083	0.0353651	0.0161342	0.139084	0.105232	0.0275434	0.00597147	0.0152508
7	0.0899506	0.0137152	0.00753468	0.0578395	0.0254135	0.0423554	0.0117697	0.102004	0.0372577	0.0562244	0.0279675	0.021478	0.002631	0.0632049	0.0399023	0.101617	0.12416	0.159905	0.00145486	0.0136138
8	0.00622147	0.0126851	0.00165871	0.00266142	0.156818	0.0027404	0.0846711	0.0158548	0.00631159	0.0217672	0.00916775	0.0132293	0.00646566	0.0056569	0.0171394	0.0143868	0.0109373	0.00524209	0.00421	0.602175
9	0.0549934	0.00591828	0.123959	0.0520068	0.00831567	0.0580983	0.0244348	0.00514233	0.153423	0.0152252	0.00512391	0.159853	0.0188586	0.036939	0.0466669	0.142308	0.0480939	0.0170818	0.00329767	0.0202599
10	0.0230871	0.010833	0.00468997	0.00478955	0.0558911	0.00401781	0.0117081	0.203165	0.00948245	0.37127	0.0841388	0.00647333	0.00774351	0.0150544	0.0112424	0.0166176	0.026856	0.0879811	0.00265842	0.0423004
11	0.153034	0.112348	0.0115074	0.0159511	0.0484368	0.0250584	0.0134551	0.0952272	0.0152351	0.0551911	0.0279086	0.0222888	0.0143857	0.0245151	0.0108136	0.164439	0.0988037	0.0682383	0.00254402	0.0206191
12	0.177287	0.0346685	0.00353202	0.0331963	0.0188315	0.0371499	0.00552148	0.131684	0.0161102	0.0684737	0.0271052	0.0226525	0.00216885	0.0246279	0.00934431	0.0745185	0.120224	0.17773	0.000691595	0.0144837
13	0.124022	0.0069551	0.0364856	0.0187619	0.0156779	0.0419031	0.0205643	0.0475258	0.0340831	0.0380973	0.0258702	0.106255	0.00902308	0.0508223	0.0167631	0.245304	0.109577	0.0291468	0.000941653	0.0222208
14	0.0725897	0.00581137	0.0847375	0.206942	0.00455462	0.0300747	0.0213269	0.0209354	0.100187	0.0263491	0.00933638	0.0710244	0.00291394	0.103916	0.0588043	0.0846194	0.0647956	0.0256736	0.00145054	0.00395824
15	0.00945099	0.00760656	0.000978283	0.00399358	0.41077	0.00304903	0.0352055	0.0303409	0.00284412	0.057719	0.0162731	0.0206499	0.00589973	0.00689482	0.00215325	0.0150221	0.00615201	0.0152281	0.00942503	0.340344
16	0.0469868	0.0143731	0.0192291	0.0334207	0.0130398	0.0257957	0.0425699	0.018753	0.179553	0.0382027	0.0108108	0.0491587	0.0087685	0.0853617	0.196519	0.110271	0.0685984	0.0172719	0.00442693	0.0168893
17	0.0436629	0.00602195	0.0209969	0.0360276	0.0304705	0.00739046	0.00784012	0.123607	0.0986967	0.0277667	0.0255299	0.0249708	0.00241937	0.0873487	0.13268	0.0912363	0.0729244	0.140062	0.00161901	0.0187287
18	0.188264	0.0885357	0.00339311	0.00620613	0.0145938	0.310437	0.00671021	0.0176998	0.00503636	0.0172327	0.0120109	0.0131374	0.00244645	0.00883185	0.00880463	0.207065	0.0337823	0.0407398	0.000992185	0.0140806
19	0.272788	0.0860704	0.00162705	0.00293423	0.0299761	0.0179758	0.0057722	0.0449437	0.00291752	0.0477416	0.0344318	0.00512531	0.0228738	0.0174873	0.00245195	0.248204	0.0978345	0.0469244	0.000543823	0.0113763
20	0.0471535	0.0151345	0.0375454	0.0336045	0.0109442	0.0403965	0.0422923	0.0177155	0.163621	0.039287	0.0118023	0.0804265	0.00830669	0.0787584	0.170727	0.116049	0.0542697	0.0138019	0.00365852	0.0145057
21	0.0296138	0.00955174	0.00589728	0.00350772	0.0231708	0.00143425	0.00284332	0.312111	0.0104133	0.269983	0.057707	0.00557034	0.00733112	0.00598407	0.00666963	0.00824653	0.0315008	0.197289	0.00392903	0.00724598
22	0.00501591	0.0145659	0.0025392	0.00649714	0.497914	0.00152778	0.00618854	0.037131	0.00222689	0.200385	0.0282663	0.00717251	0.000964768	0.00303028	0.00188368	0.00737017	0.00282172	0.0462132	0.00152691	0.126759
23	0.0670467	0.0102067	0.0410833	0.0380035	0.00818234	0.0516245	0.0356084	0.023174	0.122302	0.0360763	0.0189503	0.0955757	0.0100157	0.0706582	0.110665	0.143545	0.0790754	0.0222641	0.00334832	0.0125939
24	0.00888817	0.0276598	0.00408779	0.0058187	0.0878449	0.00438481	0.13982	0.020391	0.0143068	0.0304184	0.0131462	0.0169555	0.0137715	0.0135805	0.0284037	0.0240926	0.0151991	0.00796806	0.00277252	0.52049
25	0.0183146	0.0131451	0.00441509	0.00268524	0.0736613	0.00917367	0.00638598	0.134038	0.00486076	0.43665	0.199583	0.0031168	0.00152858	0.0095263	0.00306798	0.00883538	0.00630778	0.0530559	0.00172319	0.00992436
26	0.0337155	0.00392589	0.257953	0.227403	0.018599	0.0214084	0.0434347	0.0135732	0.0288699	0.0284817	0.00421937	0.123202	0.00624052	0.0400133	0.0188689	0.0628365	0.0321667	0.019475	0.00120271	0.0144114
27	0.0145654	0.00828568	0.013022	0.0175196	0.00591588	0.00690761	0.0260317	0.0142708	0.389006	0.0212661	0.00433161	0.0393651	0.00529516	0.0535383	0.291394	0.0408712	0.0296147	0.0109112	0.00120341	0.00668483
28	0.017115	0.0103957	0.0281405	0.0125894	0.145686	0.00986385	0.110652	0.0360231	0.0300285	0.025364	0.0093721	0.0805698	0.0066275	0.0615311	0.00930102	0.0455298	0.0887516	0.06255	0.0165321	0.193376
29	0.00927055	0.00668582	0.00316247	0.00493627	0.274254	0.00911433	0.0727414	0.0285572	0.00531048	0.0310988	0.00980223	0.0404044	0.00890785	0.0200152	0.00401837	0.0239512	0.0206366	0.0110096	0.0798166	0.336306
30	0.02255	0.00940351	0.00486508	0.00400415	0.0164679	0.000622196	0.00222421	0.437408	0.00897605	0.0959077	0.0331023	0.00370273	0.00316084	0.000935061	0.000954646	0.00652627	0.0353073	0.306896	0.00329356	0.00369264
31	0.00641359	0.00558046	0.00972454	0.013321	0.00295971	0.00114591	0.0210523	0.0139001	0.468903	0.0138987	0.00177815	0.033238	0.00470403	0.0426097	0.308396	0.0205419	0.0181515	0.00962059	0.000212091	0.00384835
32	0.0422108	0.0121427	0.0184716	0.0307177	0.012383	0.027977	0.0362903	0.0209855	0.206632	0.0381986	0.0114609	0.0514173	0.016367	0.0772459	0.18975	0.0956176	0.0714323	0.0158465	0.0042286	0.0206246
33	0.0391454	0.00967409	0.0235227	0.103399	0.00991539	0.0196741	0.0629124	0.0295674	0.136002	0.0507358	0.0181859	0.060702	0.00543786	0.106605	0.120687	0.0976778	0.0585963	0.0201708	0.00262775	0.0247605
34	0.0458832	0.0104049	0.0105973	0.00826039	0.0339405	0.0072079	0.00714637	0.136648	0.0197915	0.402473	0.13669	0.00855757	0.00659976	0.0136999	0.0090947	0.0227027	0.0278541	0.0652491	0.00701794	0.0201816
35	0.168864	0.124069	0.0022784	0.0062742	0.00625325	0.15848	0.00899284	0.0238779	0.00367117	0.0121872	0.00896338	0.00779032	0.00188199	0.00748743	0.0136573	0.350397	0.0570826	0.0310068	0.000696159	0.00608916
36	0.0163382	0.00467705	0.0123547	0.0161277	0.0627848	0.0107659	0.01485	0.0735655	0.0161465	0.399939	0.180639	0.00867399	0.00884867	0.00817321	0.00839551	0.0160916	0.0244151	0.0383202	0.0259566	0.0529371
37	0.0633627	0.022116	0.0480226	0.180315	0.00960483	0.00663436	0.0480188	0.124443	0.0510878	0.0838384	0.0406525	0.0440922	0.0027767	0.0977784	0.0224253	0.0437392	0.0330529	0.0525156	0.000529968	0.0249937
38	0.0890341	0.00665232	0.00489798	0.0183039	0.0261289	0.0140428	0.0102713	0.133526	0.0341436	0.11564	0.0492419	0.026361	0.00124096	0.0482225	0.0349403	0.100581	0.14125	0.127941	0.00053803	0.0170428
39	0.0212328	0.00872037	0.011044	0.0296166	0.079894	0.00972496	0.0149466	0.070652	0.0157531	0.0501341	0.021146	0.0177946	0.00652859	0.0578301	0.0123774	0.0569075	0.0248494	0.0324749	0.402622	0.0557507
40	0.00627508	0.00559092	0.0093644	0.0124148	0.00295839	0.00100624	0.0223171	0.0140742	0.465404	0.0136536	0.00166715	0.0336823	0.00439968	0.0410482	0.314329	0.0202335	0.0170773	0.00993517	0.000198789	0.00437026
41	0.102454	0.033032	0.0197022	0.0523287	0.0217504	0.0436116	0.0418295	0.0374321	0.0549431	0.045433	0.0306999	0.0905042	0.00653591	0.0483205	0.037461	0.146825	0.110725	0.0642211	0.00129638	0.0108956
42	0.0140084	0.0140442	0.00283816	0.00222196	0.0382201	0.00116575	0.0017813	0.3527	0.00643137	0.253886	0.0462633	0.00331039	0.00436657	0.00260754	0.00463317	0.00588725	0.0220224	0.213945	0.00140971	0.00825732
43	0.0202095	0.00740656	0.00639903	0.00940706	0.0479176	0.00540089	0.00691694	0.159534	0.0102268	0.439239	0.114424	0.00514771	0.00807147	0.00926138	0.0115359	0.00977181	0.0242736	0.0711803	0.010377	0.0232995
44	0.0730224	0.00586649	0.0845601	0.208169	0.00450246	0.0295889	0.0214117	0.0213438	0.099901	0.0264226	0.00927283	0.0709406	0.00238599	0.103878	0.0589827	0.0840097	0.0647197	0.0254537	0.00147082	0.00409758
45	0.0839696	0.0262511	0.0546083	0.161415	0.0130712	0.0146628	0.0401814	0.111622	0.0374105	0.101146	0.0385135	0.037806	0.00480372	0.115887	0.0168105	0.0421851	0.0271829	0.0535892	0.000764478	0.0181206
46	0.00848954	0.0195365	0.00234483	0.00174623	0.0496111	0.00194966	0.00130601	0.391313	0.00338779	0.218777	0.0455601	0.00231935	0.00135656	0.00138645	0.00231943	0.00510349	0.0108947	0.223265	0.00088496	0.00844926
47	0.072848	0.0062117	0.0835132	0.214052	0.00453182	0.0277308	0.022228	0.02202	0.0950616	0.0278107	0.00921326	0.0698262	0.00187277	0.105449	0.0562063	0.0831526	0.0655215	0.0267516	0.00152247	0.00447717
48	0.0241183	0.00835264	0.00449722	0.00429867	0.0137276	0.000642544	0.00240167	0.442105	0.00985816	0.0892576	0.0345055	0.00370886	0.00318841	0.000983328	0.000852176	0.00655164	0.0366798	0.307948	0.00317364	0.00314881
49	0.044983	0.0158696	0.018044	0.0277721	0.0126652	0.026056	0.0428425	0.0179953	0.183724	0.03838	0.0105996	0.0512779	0.00794987	0.0830516	0.20485	0.109517	0.0679504	0.0157097	0.00424247	0.0165194
50	0.0795073	0.0084794	0.0553037	0.0953974	0.0064668	0.0493267	0.0255801	0.0247419	0.111225	0.0243927	0.016608	0.0811414	0.0129887	0.0695603	0.0661157	0.121455	0.102903	0.0419166	0.00206806	0.00482253
51	0.205758	0.0396423	0.00361887	0.0209941	0.0220247	0.0362284	0.00375174	0.137719	0.0091315	0.0665809	0.0152016	0.0154115	0.0023733	0.0110362	0.00424458	0.0526718	0.0974724	0.2401	0.00120746	0.0148315
52	0.00817152	0.0199407	0.00239111	0.00141489	0.0526703	0.00242939	0.0016295	0.360306	0.00318967	0.263761	0.0555977	0.00254141	0.00166293	0.00236679	0.00299197	0.00513614	0.00815214	0.195976	0.000635005	0.00903623
53	0.0397362	0.00417034	0.0569181	0.17471	0.00672539	0.0280058	0.0543138	0.0163754	0.10131	0.0518857	0.0162219	0.121612	0.00266382	0.144605	0.0448547	0.061025	0.0302721	0.0142426	0.00137324	0.0289792
54	0.0681431	0.0389789	0.0304037	0.071125	0.0506926	0.0161497	0.0527856	0.0615571	0.00928142	0.0775474	0.0384305	0.0733949	0.0030074	0.0103037	0.0291691	0.0863647	0.0463427	0.116354	0.00149275	0.118476
55	0.00506159	0.0145024	0.00265431	0.00652073	0.494033	0.00158774	0.00596384	0.0379562	0.0023928	0.203489	0.0297928	0.00716292	0.0010124	0.00302119	0.00195434	0.00736497	0.00299666	0.0469339	0.00168733	0.123912
56	0.0917938	0.0136105	0.0839491	0.171879	0.0080253	0.026591	0.027253	0.0349588	0.0479654	0.0862836	0.0150218	0.0457202	0.0135432	0.138416	0.0259361	0.0623354	0.0436171	0.0522218	0.00134893	0.00953007
57	0.0903422	0.0113467	0.0269461	0.0749092	0.00429256	0.0405826	0.0282407	0.0334629	0.101622	0.0287255	0.0236994	0.0863564	0.00876519	0.0606494	0.0611946	0.124892	0.139358	0.0496896	0.00228744	0.00263739
58	0.0429577	0.00299465	0.0256932	0.0423906	0.0181158	0.0042897	0.0215359	0.0349073	0.106413	0.058935	0.0128986	0.0535471	0.296771	0.0742785	0.0595139	0.059381	0.0361213	0.0434197	0.00136709	0.00446831
59	0.00496178	0.0145634	0.00258762	0.0064869	0.497488	0.00151331	0.00594562	0.0374802	0.00222547	0.202641	0.0284732	0.00709019	0.000933943	0.0030124	0.00188264	0.00729008	0.00282214	0.0467833	0.00146726	0.124352
60	0.0187382	0.0109941	0.00305599	0.00300466	0.032214	0.00118868	0.00236507	0.305887	0.0100928	0.328126	0.0494287	0.00407187	0.00699612	0.00478057	0.00692634	0.00660293	0.0252542	0.170198	0.00163449	0.00844052
61	0.0743942	0.00550948	0.0940475	0.221999	0.00483999	0.026927	0.0205848	0.0212041	0.0949815	0.026372	0.00994019	0.0680452	0.00171885	0.106797	0.0524252	0.0800592	0.0614292	0.0234759	0.00135368	0.00389557
62	0.0801871	0.00583946	0.0944365	0.221983	0.0048801	0.0263626	0.0217093	0.0206994	0.0949886	0.0260489	0.00975637	0.0678921	0.00165076	0.106431	0.0514705	0.0784363	0.0591847	0.0227314	0.00133192	0.00398024
63	0.180641	0.0423849	0.00440515	0.0114695	0.0219328	0.0215848	0.00924841	0.0877788	0.0145347	0.0935088	0.0335209	0.0211937	0.00966045	0.0248127	0.0131126	0.178099	0.125196	0.0925069	0.000715064	0.0136937
64	0.0538117	0.00924459	0.0331588	0.0603347	0.0111577	0.0399016	0.0305612	0.0199502	0.177896	0.0320005	0.014292	0.0604653	0.0105979	0.0755178	0.148483	0.110123	0.0750379	0.0237082	0.0029262	0.010832
65	0.0741522	0.00602623	0.0851014	0.211194	0.00443723	0.0290059	0.0211817	0.0215624	0.0975339	0.0263822	0.0093652	0.0699023	0.00202129	0.103819	0.0570013	0.0842557	0.065832	0.0258911	0.00148683	0.00384821
66	0.0118934	0.00760084	0.000907092	0.00305072	0.354217	0.00361785	0.0450227	0.030602	0.00332566	0.0367185	0.0137351	0.0242558	0.00765129	0.00751509	0.00258928	0.0173989	0.00714564	0.0103645	0.00920873	0.40318
67	0.00670868	0.010587	0.0012939	0.00253877	0.192178	0.0029206	0.0705322	0.017873	0.00499229	0.0232633	0.00937248	0.0151525	0.00613044	0.00546645	0.0134096	0.0136008	0.0103918	0.00562896	0.00558007	0.58238
68	0.0657562	0.0115543	0.0189248	0.0422768	0.0079873	0.0340579	0.0331162	0.0282666	0.154588	0.0349284	0.0186494	0.0616907	0.0072144	0.069493	0.139804	0.119746	0.110188	0.0271308	0.00405103	0.0105765
69	0.0528894	0.00468139	0.146497	0.00902262	0.00688211	0.0811723	0.0292608	0.00908066	0.00958214	0.0112097	0.00592124	0.0695687	0.0321003	0.0128411	0.00696289	0.269067	0.225103	0.00914648	0.00164968	0.00736127
70	0.0220359	0.0229118	0.00412053	0.00312298	0.0412598	0.00222851	0.00195401	0.399093	0.00574124	0.141446	0.0373676	0.00415581	0.00212139	0.00199062	0.00213743	0.00733419	0.0230982	0.266777	0.00205269	0.00905238
71	0.107173	0.01661	0.0169839	0.0359905	0.0107369	0.0215541	0.00846719	0.0306782	0.0470161	0.0250252	0.0211355	0.0208202	0.21538	0.0317325	0.00643612	0.210464	0.114726	0.0401013	0.00168857	0.0172805
72	0.0333402	0.000816259	0.230471	0.369745	0.009745	0.023714	0.0135192	0.0161573	0.0225991	0.0218447	0.00299301	0.0612851	0.00701706	0.0522309	0.0186008	0.0525901	0.0356595	0.0216926	0.000217876	0.00576155
73	0.00736979	0.0104504	0.00167675	0.00511342	0.449789	0.00220958	0.019609	0.0332635	0.00271455	0.127169	0.0236521	0.0130731	0.00328809	0.00490157	0.00210682	0.0114077	0.00421673	0.030593	0.0044743	0.242922
74	0.0249542	0.0111539	0.00379461	0.00241272	0.040857	0.00354263	0.00536321	0.191596	0.00817382	0.452087	0.0942538	0.00588712	0.00689512	0.0105629	0.00925736	0.00730561	0.0182085	0.0921896	0.00155071	0.00995419
75	0.0390832	0.0105927	0.0278981	0.0514627	0.0151967	0.0256581	0.0296497	0.024287	0.21706	0.0392871	0.0136977	0.0537144	0.00794817	0.0830266	0.183984	0.0840474	0.0576739	0.0186901	0.00284935	0.0141929
76	0.0284431	0.00588403	0.0110055	0.144065	0.0376751	0.00771406	0.0610048	0.0113489	0.206753	0.0202697	0.00706796	0.0185867	0.00526298	0.0885287	0.196237	0.0517572	0.038589	0.0245586	0.0113658	0.0238828
77	0.212163	0.0363472	0.00384374	0.0236664	0.0230134	0.0459047	0.00392212	0.12723	0.00801448	0.0494988	0.0115984	0.0129515	0.00244968	0.0112264	0.00510851	0.0484781	0.0778789	0.282777	0.00143176	0.0124957
78	0.0631441	0.0218833	0.0481525	0.181289	0.00960624	0.00656372	0.0477998	0.12333	0.0507759	0.0833489	0.039	0.044232	0.00292357	0.0989789	0.0226422	0.0436871	0.0337726	0.0535736	0.000508996	0.0247877
79	0.0916763	0.0112065	0.0197234	0.0598839	0.00444719	0.0403986	0.0283481	0.0367193	0.102335	0.0300905	0.0263501	0.0852581	0.00864679	0.0572932	0.0634664	0.128788	0.149266	0.0497755	0.00312827	0.00319884
80	0.0432116	0.0467379	0.00846985	0.0346781	0.00979726	0.0263127	0.00993558	0.138113	0.1836	0.119986	0.0314611	0.0148117	0.00598432	0.0176379	0.196113	0.0463087	0.016992	0.0173338	0.0021998	0.0303155
81	0.0216387	0.0134425	0.00287628	0.00258899	0.0478308	0.00256344	0.00357871	0.235855	0.00753377	0.403054	0.0762482	0.00464715	0.00670504	0.0079433	0.0117978	0.00835289	0.0201144	0.108519	0.00141258	0.0132986
82	0.0745604	0.00535111	0.0966331	0.220905	0.00515222	0.0270726	0.0205892	0.0213729	0.0955496	0.0257806	0.0100678	0.0679083	0.00173282	0.107306	0.0518604	0.0794897	0.0603861	0.0230939	0.00132018	0.00386838
83	0.0418655	0.00265922	0.188143	0.31583	0.0109888	0.0211752	0.0146007	0.016688	0.0399526	0.0266993	0.00466116	0.067021	0.00570639	0.0743525	0.0304489	0.0603673	0.0444164	0.0226529	0.000520323	0.0112509
84	0.0444556	0.004724	0.166277	0.324879	0.0105207	0.0237154	0.01856	0.0229131	0.0426476	0.0269271	0.00764833	0.0586178	0.00772846	0.0642215	0.0284432	0.0675746	0.0439501	0.027287	0.00106604	0.00784344
85	0.072709	0.00612599	0.0846299	0.215333	0.00468279	0.0275966	0.0219638	0.0220328	0.0950992	0.0274682	0.00915375	0.0695959	0.00185963	0.105363	0.0558394	0.0824813	0.0652601	0.0267365	0.00154954	0.00452006
86	0.0941685	0.0219422	0.0191358	0.113622	0.011077	0.00760345	0.0416346	0.142728	0.0906952	0.0355169	0.0189102	0.0210495	0.00376992	0.0816489	0.0640764	0.0440631	0.0332391	0.12698	0.00159548	0.0265438
87	0.0131901	0.013367	0.00411264	0.00302438	0.132691	0.00693671	0.00657327	0.120318	0.00380908	0.461794	0.117385	0.00381692	0.00145851	0.00916791	0.00363927	0.005989	0.00529524	0.0577107	0.00111552	0.0286047
88	0.0225294	0.00870027	0.00473749	0.00410126	0.0146263	0.000750101	0.00232331	0.439382	0.00920259	0.0901162	0.0323013	0.00406836	0.00439025	0.000983996	0.000967074	0.00670742	0.0361785	0.310956	0.00359637	0.00338229
89	0.0742355	0.00606179	0.0849348	0.21055	0.00444774	0.0290058	0.0212904	0.021671	0.0974988	0.026409	0.00944442	0.0697566	0.00208659	0.103553	0.0568201	0.0842799	0.0664016	0.0261912	0.00149558	0.00386556
90	0.074581	0.00534111	0.0995289	0.22152	0.00527818	0.0270934	0.0203798	0.02121	0.0956987	0.0255454	0.0107718	0.0674569	0.00170612	0.106819	0.0515915	0.0783323	0.0593927	0.0226368	0.001304	0.00381224
91	0.0215549	0.00757255	0.0109798	0.105611	0.0150582	0.00850716	0.145013	0.0333668	0.0993436	0.0245314	0.0121071	0.0252249	0.0045917	0.195173	0.122099	0.0345816	0.025022	0.0172894	0.00426919	0.0881031
92	0.133896	0.02323	0.00818933	0.0289909	0.0114716	0.0117831	0.00985427	0.158955	0.0689743	0.122862	0.0924903	0.0297756	0.00297565	0.046242	0.013035	0.0854429	0.0566576	0.0813823	0.00144543	0.0123469
93	0.0328187	0.000782475	0.23212	0.370144	0.00983524	0.023243	0.0132953	0.0162016	0.0219068	0.0216838	0.00287819	0.0614202	0.00709585	0.0517428	0.0185913	0.0523808	0.0359863	0.0217463	0.000208362	0.00591883
94	0.0505273	0.00888379	0.142375	0.160521	0.00907405	0.0174824	0.066466	0.0487911	0.0605391	0.0510671	0.01816	0.102295	0.00358423	0.0868117	0.0278976	0.0608631	0.0328386	0.0257134	0.000890328	0.0252189
95	0.0143144	0.0113412	0.00463195	0.0023917	0.0606374	0.00858216	0.00669732	0.140321	0.00395536	0.513715	0.140949	0.00282884	0.00152459	0.010801	0.00362536	0.00562031	0.00605532	0.0549233	0.00140633	0.00567785
96	0.105334	0.00727943	0.00952318	0.021363	0.0118558	0.0408798	0.0496744	0.0275079	0.112814	0.0290128	0.00866947	0.0332723	0.00704858	0.0694131	0.148066	0.161175	0.0880737	0.0255464	0.0169439	0.0265465
97	0.0427901	0.0174156	0.0175582	0.0278524	0.0143545	0.0240127	0.0416592	0.0175473	0.177341	0.0425097	0.012294	0.0525871	0.00775043	0.0802728	0.220825	0.101611	0.0665327	0.0150135	0.00419163	0.0158814
98	0.0246096	0.0136162	0.00302492	0.00256013	0.051226	0.00534807	0.00388845	0.196927	0.00826326	0.380082	0.163299	0.00390275	0.0049267	0.00758828	0.00751835	0.0106041	0.0154918	0.0861787	0.0013785	0.00956596
99	0.0116029	0.00758564	0.000927423	0.00303371	0.350962	0.00352438	0.0454499	0.0301286	0.00348773	0.0365689	0.0134766	0.0238694	0.00746301	0.00738132	0.00281047	0.0170864	0.00717733	0.0102163	0.00901019	0.408237
100	0.0918313	0.0111192	0.0203057	0.058388	0.00442749	0.0405965	0.0282639	0.0357363	0.104661	0.0295481	0.0264097	0.0853579	0.00874981	0.056492	0.0644993	0.130522	0.148243	0.0487735	0.00298327	0.0030919
101	0.0177251	0.0147024	0.00333074	0.00247168	0.063101	0.00338759	0.00340227	0.252587	0.00582183	0.370125	0.0762095	0.00361023	0.00463856	0.00592846	0.0069427	0.00701983	0.0157112	0.130651	0.00135449	0.0112802
102	0.0142448	0.0113956	0.00464937	0.00234813	0.0607675	0.00864561	0.00670827	0.140792	0.00403727	0.513448	0.14031	0.00283793	0.00150198	0.0107403	0.00356132	0.00561253	0.00607581	0.055191	0.00141402	0.00571809
103	0.0460607	0.0158064	0.0182786	0.0278915	0.012713	0.0263297	0.0428391	0.0180288	0.183187	0.0382225	0.0106394	0.0509488	0.0079167	0.0829168	0.204178	0.109739	0.0673153	0.0158472	0.00432162	0.0168197
104	0.0511285	0.0107338	0.0133063	0.0359729	0.0105051	0.0189708	0.0593198	0.0143087	0.156089	0.0521509	0.00907078	0.040881	0.0295528	0.0540415	0.253362	0.104069	0.0507407	0.0131762	0.00362588	0.0189948
105	0.0199454	0.0175074	0.0175327	0.00451872	0.0212683	0.00222926	0.0036247	0.318613	0.00935261	0.12824	0.0227056	0.0114469	0.00301928	0.00363552	0.0030884	0.0217211	0.0617865	0.30971	0.00924653	0.0108085
106	0.0656883	0.0133338	0.0503754	0.18277	0.00902506	0.0143272	0.033371	0.0638711	0.0681819	0.0545009	0.0165747	0.0494963	0.00320273	0.110942	0.0391093	0.0630117	0.0736194	0.0712584	0.000963304	0.0163775
107	0.166608	0.0540889	0.018299	0.0290598	0.0171249	0.122766	0.0134367	0.0735768	0.0216662	0.0430898	0.0208286	0.0307772	0.0105595	0.0442035	0.0149279	0.129187	0.0845154	0.0730452	0.00178454	0.0304551
108	0.0245456	0.00470359	0.0303514	0.0606188	0.0325942	0.00419717	0.0636428	0.0813068	0.0428612	0.309523	0.0733315	0.0197705	0.0148637	0.083755	0.0420858	0.012668	0.0692406	0.00892052	0.0129843	0.00803518
109	0.0781204	0.00675078	0.0885245	0.195633	0.00484761	0.0332862	0.0200474	0.0214235	0.0945516	0.0248508	0.00901604	0.0702807	0.00427069	0.0981271	0.0540072	0.0916795	0.0717781	0.0264336	0.00188509	0.00448638
110	0.157487	0.0346052	0.00319579	0.05052	0.0179471	0.0391493	0.00690311	0.119384	0.0205882	0.0753996	0.0280329	0.0189359	0.00165272	0.0229795	0.0117388	0.0830562	0.118636	0.172264	0.000689476	0.0168364
111	0.0217446	0.00979257	0.00457095	0.00385522	0.0173449	0.000678166	0.00217688	0.436165	0.00875411	0.0994121	0.0330358	0.00362578	0.00298455	0.000918072	0.000964838	0.00657048	0.0343082	0.306145	0.00314133	0.0038116
112	0.00698971	0.0123252	0.00251734	0.00595979	0.448506	0.00195379	0.0127752	0.0389275	0.00277886	0.170874	0.0266527	0.0101501	0.00243439	0.00449721	0.00214251	0.011402	0.00375896	0.0421033	0.00237449	0.190877
113	0.0154312	0.0151794	0.00356729	0.00272304	0.0341305	0.00116677	0.00166879	0.41724	0.00558301	0.15139	0.0380065	0.00289534	0.00208787	0.0011446	0.00165084	0.00543889	0.0223134	0.26907	0.00205216	0.00725952
114	0.0736453	0.00589468	0.0921321	0.215146	0.00472339	0.0278631	0.0207144	0.021065	0.0954728	0.026063	0.00947238	0.0690872	0.00186869	0.10468	0.0539147	0.0832357	0.0651013	0.0241636	0.00139614	0.00436042
115	0.0981407	0.011563	0.0211666	0.0534944	0.00545066	0.0409566	0.028792	0.0377967	0.0959055	0.0309655	0.0267264	0.0893753	0.00881517	0.0552124	0.0581797	0.133961	0.146854	0.0501095	0.00247217	0.00406179
116	0.0180735	0.0108063	0.00300874	0.00283973	0.0451319	0.00321594	0.00391647	0.207529	0.00733152	0.451261	0.0858063	0.00417682	0.00566636	0.00768179	0.0084742	0.00649054	0.018186	0.0991786	0.00152782	0.00969786
117	0.0188703	0.0108514	0.00296731	0.00307711	0.0417624	0.00210449	0.00303021	0.250112	0.00843328	0.401097	0.0641311	0.00396313	0.00689748	0.00634853	0.00895666	0.00669406	0.022813	0.126313	0.00142981	0.0101478
118	0.0726443	0.00519462	0.101199	0.228042	0.00555525	0.0277413	0.0199825	0.0207949	0.0927925	0.0254297	0.00953975	0.0683203	0.00186781	0.10524	0.0501068	0.0791946	0.0582896	0.0229128	0.00126356	0.00388946
119	0.0244476	0.0150571	0.00442922	0.00271723	0.0399393	0.00133398	0.00249773	0.277377	0.00863978	0.318421	0.0544667	0.00574689	0.007052	0.00609806	0.0109258	0.00928645	0.0310597	0.165205	0.0021953	0.0131045
120	0.00859941	0.0269626	0.004071	0.00640832	0.0658972	0.00387382	0.147112	0.0157897	0.0201252	0.0273903	0.016379	0.0119628	0.00962739	0.0111879	0.042869	0.0318036	0.0156886	0.00754942	0.00170886	0.524994
121	0.0733886	0.00586644	0.083745	0.205749	0.00457476	0.0302398	0.0211735	0.0212201	0.101088	0.0259973	0.00933292	0.0704666	0.00259401	0.101995	0.0591659	0.0859984	0.066147	0.0259723	0.0014467	0.00383893
122	0.0388623	0.0114904	0.0232562	0.0334539	0.0140864	0.0251401	0.0326942	0.021834	0.230353	0.0374064	0.0138578	0.0514513	0.00835571	0.077197	0.200423	0.0869984	0.0578731	0.0172126	0.00287555	0.0151789
123	0.0118934	0.00760084	0.000907092	0.00305072	0.354217	0.00361785	0.0450227	0.030602	0.00332566	0.0367185	0.0137351	0.0242558	0.00765129	0.00751509	0.00258928	0.0173989	0.00714564	0.0103645	0.00920873	0.40318
124	0.269839	0.085321	0.00175158	0.00303498	0.0285777	0.0153201	0.00598146	0.0448262	0.00303305	0.0493517	0.032769	0.00570963	0.0246451	0.018289	0.00234558	0.251284	0.0977903	0.0479129	0.000536766	0.0116813
125	0.00565314	0.0140074	0.00281982	0.00703012	0.474667	0.00201474	0.00883657	0.0379019	0.00314781	0.205513	0.0338624	0.00745171	0.00154267	0.00437184	0.00231796	0.00811965	0.00426156	0.0451302	0.00268412	0.128666
126	0.0529536	0.00595707	0.105044	0.0492568	0.00575725	0.0770206	0.0279925	0.00450049	0.146611	0.0149268	0.00649081	0.174942	0.0187459	0.048729	0.0569362	0.139287	0.0386303	0.0106343	0.00395961	0.0116256
127	0.05178	0.00597779	0.105427	0.0459374	0.0067397	0.0828101	0.0260444	0.00453357	0.141472	0.016028	0.00624981	0.182715	0.0174852	0.047395	0.0548347	0.14207	0.0360235	0.0101131	0.00496716	0.0113964
128	0.0319371	0.00495037	0.2578	0.0879311	0.0114872	0.0294098	0.125557	0.0112008	0.0409801	0.0197664	0.00664876	0.216974	0.00594362	0.0263382	0.0131309	0.0663083	0.0135552	0.0106652	0.00231475	0.0171005
129	0.108828	0.00985032	0.00907368	0.0287192	0.0108188	0.0297069	0.00869733	0.0273769	0.0415892	0.0281333	0.0178124	0.0255178	0.240936	0.043261	0.00619162	0.202159	0.104167	0.0371042	0.0010096	0.0190477
130	0.130132	0.0199087	0.068605	0.0937736	0.00779372	0.0387514	0.0388379	0.0132133	0.0408791	0.14738	0.00901074	0.0444102	0.0350297	0.0844143	0.0330918	0.0910821	0.0294285	0.0549	0.00120435	0.0181534
131	0.0119866	0.0132413	0.0040102	0.00406858	0.19923	0.00563389	0.00630016	0.134921	0.00447672	0.367032	0.103047	0.00445617	0.00227392	0.00662803	0.00420199	0.00698366	0.00765651	0.0705136	0.00278429	0.0405552
132	0.0934561	0.00697488	0.00734736	0.0124633	0.0207335	0.0204427	0.0228076	0.113995	0.0273091	0.112735	0.0587068	0.0450837	0.00133381	0.03525	0.0355425	0.125977	0.136416	0.106728	0.000606641	0.0160913
133	0.0883481	0.00958367	0.0327161	0.0738477	0.00448635	0.0447987	0.026015	0.0297712	0.11215	0.0262696	0.0216	0.0864141	0.0100288	0.0609774	0.0658021	0.127011	0.130331	0.0438954	0.0025447	0.00340851
134	0.207533	0.073196	0.00387293	0.0159363	0.0119915	0.112835	0.0089245	0.0354416	0.00594752	0.0200006	0.0130137	0.0100124	0.00525377	0.0214348	0.0115098	0.305429	0.0616726	0.066457	0.0012913	0.0082469
135	0.018139	0.0108457	0.00456112	0.00522844	0.074247	0.00480408	0.0059621	0.177101	0.00828935	0.407688	0.10287	0.00513532	0.00614152	0.00816406	0.0106059	0.00949115	0.0179497	0.0886347	0.00603518	0.0281058
136	0.0645364	0.00612537	0.107034	0.0776691	0.00659707	0.0680065	0.0226258	0.0085863	0.141432	0.0151776	0.00692941	0.143575	0.0178501	0.0522401	0.0509896	0.128253	0.0515841	0.0163526	0.00356983	0.0108661
137	0.0648133	0.00901702	0.0435933	0.102225	0.00866898	0.0310584	0.0260195	0.033071	0.140198	0.0337857	0.0191877	0.0637065	0.0052286	0.0836063	0.111212	0.094652	0.0834199	0.0338592	0.00236607	0.0103108
138	0.00812417	0.00555819	0.010298	0.013189	0.00367243	0.0016009	0.020182	0.0133883	0.466219	0.0188625	0.00205992	0.0325092	0.00474448	0.0416754	0.305926	0.0210298	0.0174008	0.00934145	0.000248958	0.00396983
139	0.257251	0.0774262	0.00310259	0.0057537	0.024647	0.0147342	0.00948682	0.0504284	0.00650058	0.0434007	0.0292935	0.00713611	0.0536385	0.0175865	0.00305953	0.238468	0.103896	0.0423612	0.000685546	0.0111443
140	0.263077	0.0798776	0.00232581	0.00506594	0.0267269	0.0156629	0.00664225	0.0441048	0.00555069	0.0448072	0.032804	0.0064854	0.0428743	0.0179672	0.00260246	0.24798	0.0987641	0.0448385	0.000579363	0.0112635
141	0.0674559	0.00868007	0.0878751	0.194456	0.0130016	0.021224	0.0234283	0.0440633	0.0942519	0.0337869	0.0182387	0.0570764	0.00403249	0.0956905	0.0647107	0.0701734	0.0527659	0.0381893	0.00132875	0.00957103
142	0.0179766	0.00366175	0.0152688	0.022997	0.0789781	0.0141463	0.0169552	0.0583322	0.0182525	0.294543	0.207114	0.0125785	0.0153832	0.00764006	0.0111284	0.0223049	0.0271091	0.0392453	0.0388657	0.0775199
143	0.0134518	0.0141501	0.00286266	0.00237664	0.0439758	0.00224306	0.00228402	0.30114	0.00617828	0.332438	0.0581286	0.00365173	0.00398061	0.00410398	0.00468454	0.00589458	0.0160736	0.172489	0.0012654	0.00862801
144	0.214051	0.0997686	0.00350718	0.00910307	0.0170263	0.0739908	0.00852866	0.0333133	0.00537028	0.0297953	0.0199735	0.0185537	0.0121171	0.0154263	0.00945866	0.292185	0.0729618	0.0551192	0.000743305	0.00900717
145	0.00647813	0.00560528	0.00984885	0.0129631	0.00295291	0.000954954	0.0207986	0.0136885	0.468349	0.0146704	0.00167154	0.032965	0.00465048	0.0419406	0.310585	0.0205712	0.0178885	0.00942842	0.00020129	0.0037875
146	0.00611573	0.0128007	0.00175006	0.00265124	0.15043	0.00274947	0.0887101	0.0153224	0.00648382	0.0212384	0.00893188	0.0128684	0.00670312	0.00551622	0.0173724	0.0146601	0.0108977	0.00489184	0.0040467	0.60586
147	0.272799	0.08719	0.00174134	0.00293048	0.0298024	0.019836	0.00572195	0.0445377	0.00297702	0.0474557	0.0340024	0.00510064	0.0224722	0.0172557	0.002639	0.247382	0.0979327	0.0462633	0.00053335	0.0114267
148	0.0309123	0.0049703	0.227014	0.0714445	0.0131886	0.0217814	0.17115	0.0109431	0.0284821	0.0236767	0.00735302	0.221324	0.00904725	0.0378617	0.00969328	0.0592332	0.0131587	0.0105238	0.00183978	0.0264019
149	0.117119	0.0136282	0.0246558	0.0206465	0.0276643	0.0281129	0.0239878	0.0855171	0.0230395	0.0684351	0.0327838	0.0875571	0.00183424	0.0664032	0.0137634	0.170882	0.106903	0.0563482	0.000651902	0.0300678
150	0.0194886	0.0117786	0.00297492	0.00256161	0.0406294	0.00223702	0.00292413	0.245288	0.0103272	0.406108	0.0692372	0.0041798	0.00743643	0.00679724	0.00859916	0.0070863	0.0201064	0.121622	0.00130986	0.0093085
151	0.0164057	0.0108917	0.00471389	0.00323673	0.0559519	0.00714162	0.0065793	0.15078	0.00559015	0.486701	0.137492	0.00357451	0.00290564	0.0103571	0.00505605	0.00685194	0.0100578	0.0637161	0.00275659	0.00923975
152	0.00648654	0.00558433	0.00987272	0.0128792	0.00295617	0.000937965	0.0208489	0.0137138	0.467722	0.0146958	0.00165733	0.0329842	0.00463287	0.0418737	0.311214	0.0205809	0.0178723	0.00947445	0.000201133	0.00381188
153	0.0412443	0.0120227	0.020276	0.0301699	0.0126777	0.0262854	0.0331261	0.0197133	0.238835	0.0377703	0.0129351	0.0485963	0.00807676	0.0767602	0.203885	0.0883111	0.0557779	0.0156787	0.0032297	0.0146289
154	0.0391226	0.0571351	0.0239365	0.0610565	0.00701694	0.201381	0.0217114	0.0116208	0.0282424	0.0136542	0.0080472	0.0888792	0.00436327	0.0134834	0.0466054	0.202978	0.123388	0.0394725	0.00141337	0.00649284
155	0.113467	0.0188628	0.142691	0.0943762	0.014442	0.0671928	0.00444895	0.0205033	0.0412739	0.0144139	0.00647324	0.0646606	0.0165323	0.0433263	0.0201396	0.139736	0.136457	0.0248419	0.00298396	0.0131781
156	0.0305359	0.000737284	0.23835	0.375992	0.00978608	0.0240713	0.012791	0.0160817	0.0188685	0.0216661	0.00242839	0.0614781	0.00717008	0.0486661	0.0177777	0.0510371	0.034336	0.0222058	0.000217025	0.00580369
157	0.119711	0.0190109	0.146425	0.0873419	0.0149428	0.0707208	0.00320052	0.02048	0.0387839	0.0121593	0.00657922	0.0626178	0.0198838	0.0365078	0.0165793	0.143461	0.138202	0.0260123	0.00332318	0.0140578
158	0.0331065	0.00083377	0.230993	0.369508	0.00979603	0.0232152	0.0133138	0.0162992	0.0223156	0.0218427	0.00292404	0.0612859	0.00700819	0.0520072	0.0188447	0.0526253	0.036148	0.0218118	0.000218205	0.00590309
159	0.0342774	0.00903047	0.00413323	0.003204	0.028175	0.00159068	0.0034046	0.207799	0.0143701	0.403565	0.0671621	0.00696679	0.0128642	0.0105783	0.0153464	0.0117238	0.0357471	0.11601	0.00194633	0.0121061
160	0.0305057	0.00073584	0.238482	0.37616	0.00979289	0.024084	0.0127703	0.0160754	0.0187902	0.0216545	0.00242065	0.0614722	0.00717784	0.0485941	0.0177635	0.0509824	0.0343184	0.0222045	0.000217035	0.00579885
161	0.0743602	0.00544647	0.0953087	0.222343	0.00487177	0.0270328	0.0205341	0.0211393	0.0949379	0.0261693	0.0099837	0.0679339	0.00174819	0.106448	0.0521794	0.0800674	0.0610929	0.0232182	0.00133315	0.00385208
162	0.0504187	0.0138867	0.0198955	0.0336989	0.0139993	0.0263252	0.0324517	0.0268723	0.201508	0.042424	0.0157386	0.0528929	0.00710135	0.0753035	0.177015	0.103567	0.0716499	0.0179746	0.00336048	0.0139173
163	0.0322669	0.0103975	0.0072684	0.00499605	0.0346667	0.00382095	0.00538741	0.181162	0.0104524	0.438553	0.0927239	0.0062238	0.0101289	0.017924	0.0101552	0.0092477	0.0220995	0.0898708	0.00207025	0.0105844
164	0.112741	0.0172831	0.141206	0.0936505	0.013115	0.06785	0.00474775	0.019641	0.046084	0.0135637	0.00594237	0.0641462	0.0176038	0.0430316	0.0209724	0.140484	0.135735	0.0259259	0.00307233	0.0132046
165	0.0172007	0.0167682	0.00244345	0.00208985	0.0574175	0.00659208	0.00279133	0.2736	0.00517966	0.283949	0.150876	0.00298276	0.00191531	0.00472371	0.00374687	0.0117624	0.00924005	0.136535	0.000918278	0.00926751
166	0.03624	0.0302838	0.0273949	0.00746785	0.0221371	0.00610672	0.00471242	0.26579	0.0189276	0.0945935	0.0232936	0.0482194	0.0031124	0.00826483	0.00533693	0.0310581	0.128103	0.225754	0.00427685	0.00892731
167	0.00848118	0.0192456	0.00232286	0.00170367	0.0472976	0.00180956	0.00131641	0.390989	0.00352859	0.221375	0.0449627	0.00225333	0.00156381	0.00134576	0.00229765	0.00499047	0.0112144	0.224015	0.000903215	0.00838341
168	0.00570178	0.0143707	0.00252006	0.00638572	0.483925	0.00153651	0.00600916	0.042261	0.00249392	0.209225	0.0304024	0.0070447	0.0012066	0.00334237	0.00224616	0.00734423	0.00352239	0.0483555	0.00156194	0.120544
169	0.00916518	0.00651926	0.0109651	0.0146041	0.00379126	0.00271704	0.0219996	0.0137846	0.446266	0.0164643	0.00252954	0.0352976	0.00501251	0.0450199	0.304569	0.0259552	0.0203842	0.00975048	0.000472773	0.00473175
170	0.011261	0.00995238	0.00123656	0.00386049	0.396357	0.00306375	0.0346801	0.0304757	0.00316748	0.0844471	0.0170803	0.0193773	0.00571764	0.0058395	0.00244613	0.0139713	0.00601415	0.0198932	0.0066849	0.324474
171	0.0115014	0.016024	0.00302354	0.00228657	0.0373933	0.00136207	0.00149383	0.403875	0.00483644	0.186532	0.0398808	0.00263141	0.0019376	0.00121018	0.0017772	0.00521224	0.0183359	0.252181	0.0015743	0.00693155
172	0.0393268	0.00202315	0.228188	0.325384	0.0101426	0.0228369	0.0144387	0.0150211	0.0247062	0.0233307	0.00313777	0.0752636	0.00916077	0.0561798	0.0207325	0.0573037	0.0411053	0.0214212	0.0005895	0.0097081
173	0.0352561	0.00122894	0.22329	0.359344	0.00920214	0.0244674	0.0134987	0.0163608	0.0266202	0.0219996	0.0031952	0.0627486	0.00681819	0.054966	0.0214434	0.054182	0.0371256	0.0222512	0.000318052	0.00568338
174	0.0141145	0.0059521	0.0151229	0.0335405	0.00485473	0.00520199	0.022539	0.0146459	0.420328	0.0179643	0.00370722	0.0364303	0.00554522	0.0519651	0.275267	0.0317446	0.0233373	0.0114182	0.000767446	0.00555359
175	0.0427322	0.0106577	0.252367	0.131427	0.0230141	0.0251018	0.0463476	0.0225292	0.0388153	0.0339272	0.0106277	0.0924842	0.00952012	0.0439508	0.0220237	0.0673921	0.0422978	0.0275443	0.00292498	0.0543157
176	0.024325	0.00831227	0.00440897	0.00435321	0.0137886	0.000652251	0.00241309	0.442104	0.00995701	0.0891352	0.0348568	0.00365845	0.00317329	0.00100016	0.000886239	0.00653612	0.0366792	0.307487	0.00311847	0.00315439
177	0.0102072	0.00805008	0.000929042	0.0034292	0.37897	0.00321293	0.0412237	0.0289959	0.0030981	0.048232	0.0143965	0.0215443	0.0064895	0.00697117	0.00311743	0.0153989	0.00694429	0.0127411	0.00867144	0.377377
178	0.0436891	0.0142572	0.0362297	0.195167	0.0231433	0.011334	0.0651488	0.078219	0.0651654	0.0578678	0.0514345	0.054564	0.00388276	0.130203	0.0280873	0.0563557	0.0297508	0.0319821	0.00162482	0.0218941
179	0.039055	0.0115728	0.0244319	0.036685	0.0152282	0.025211	0.0328498	0.020913	0.220132	0.0390426	0.0143643	0.0555722	0.00891278	0.0782515	0.196301	0.0869772	0.0589364	0.0168517	0.00297519	0.0157365
180	0.0112545	0.0108843	0.00167187	0.00348485	0.326257	0.00442053	0.059818	0.0366584	0.0046075	0.0365909	0.0150728	0.0318371	0.00793863	0.00949376	0.00378654	0.0189696	0.0105533	0.0110543	0.0101406	0.385506
181	0.00996195	0.0204911	0.00504453	0.00697237	0.120232	0.0040374	0.0981084	0.0181256	0.0108303	0.025497	0.011313	0.0245193	0.00766736	0.0127162	0.0208543	0.0214371	0.0219309	0.0101191	0.00519735	0.544945
182	0.112753	0.00460732	0.00603159	0.0113098	0.00823585	0.0185759	0.0314797	0.0379714	0.0476883	0.0280715	0.00882868	0.0191969	0.00444798	0.10737	0.0851275	0.325024	0.0823579	0.0278271	0.0185918	0.0145033
183	0.00625398	0.0055795	0.00933814	0.0123747	0.00297116	0.00100878	0.0224704	0.0140391	0.465279	0.0136553	0.00167911	0.0338001	0.00440227	0.0409062	0.314495	0.02017	0.0170363	0.00994457	0.000225787	0.00437124
184	0.0757748	0.00734017	0.0247662	0.0127392	0.0723529	0.00840898	0.0874919	0.0214849	0.060062	0.214928	0.116834	0.0672319	0.00528123	0.0158166	0.00954315	0.0511284	0.0326107	0.0339595	0.0241278	0.0581177
185	0.00519524	0.013587	0.00294644	0.00622736	0.451081	0.0017694	0.00688688	0.0394669	0.00268031	0.24396	0.0316716	0.00720724	0.00111039	0.00359874	0.00221041	0.00780751	0.00345824	0.0440305	0.00175889	0.123346
186	0.174725	0.122344	0.00218	0.00610047	0.00696111	0.150251	0.00842463	0.0253727	0.00357015	0.0135402	0.0101152	0.00745141	0.00235611	0.00803582	0.0138673	0.346913	0.0566396	0.0341505	0.000700965	0.00630231
187	0.00634903	0.00556407	0.0096046	0.0131482	0.00290154	0.00105705	0.0210832	0.0138892	0.46938	0.0138511	0.00171539	0.0332075	0.00463915	0.0423907	0.309156	0.0204664	0.0179459	0.00964021	0.000202992	0.00380772
188	0.0313747	0.00887689	0.0219441	0.0642954	0.0101778	0.0118516	0.0323884	0.019351	0.221554	0.0328012	0.00867941	0.038617	0.0146833	0.0563877	0.305168	0.0550093	0.03393	0.0170534	0.00269353	0.013163
189	0.0190314	0.0106407	0.00664155	0.00821465	0.0512332	0.00688149	0.0153253	0.143354	0.0089028	0.470552	0.123363	0.00542427	0.00430704	0.0206705	0.00805486	0.00808189	0.0154394	0.058101	0.00328366	0.0124973
190	0.00945562	0.0191056	0.00247169	0.00190864	0.046665	0.00182545	0.00134205	0.394217	0.00390258	0.213267	0.0440913	0.00237851	0.00163759	0.00138747	0.00227171	0.00514416	0.0126577	0.226942	0.00111127	0.00821659
191	0.0262556	0.00399476	0.0210352	0.0312276	0.0250511	0.0358686	0.204579	0.00716519	0.02638	0.0779689	0.0158714	0.23101	0.00967285	0.113305	0.0155144	0.038254	0.019359	0.00750104	0.00139708	0.0885889
192	0.073589	0.00642681	0.0802178	0.208906	0.00455118	0.029635	0.0221043	0.0226576	0.0976175	0.0268837	0.0100365	0.0686005	0.00212384	0.100951	0.0572899	0.0862294	0.0688476	0.0276539	0.00158432	0.00409427
193	0.10365	0.0069278	0.0207301	0.0159904	0.0204166	0.0422653	0.0198368	0.0411182	0.0253667	0.0464866	0.0415705	0.101687	0.00661343	0.0454488	0.0179222	0.303868	0.0968499	0.0269864	0.000717472	0.0155482
194	0.0256892	0.0133182	0.00355946	0.00265417	0.0548464	0.00642498	0.00509545	0.186155	0.00737296	0.372229	0.178881	0.00404509	0.00422443	0.00831724	0.00674078	0.0125673	0.0141098	0.0805863	0.00180915	0.0113737
