230	20
1	0.0958792	0.00392887	0.0032517	0.00395553	0.0480679	0.00441277	0.00291095	0.210637	0.0043789	0.0242935	0.0206981	0.00529884	0.00262372	0.00313093	0.0047813	0.00678713	0.0555769	0.454731	0.00212585	0.0425291
2	0.00761723	0.00192686	0.000601698	0.00235646	0.0751167	0.000878961	0.000742432	0.152774	0.00746386	0.550871	0.0427695	0.00212225	0.000546699	0.00421327	0.00118643	0.00445744	0.00656638	0.107642	0.00311375	0.0270329
3	0.0135107	0.000825976	0.00200996	0.0326356	0.0195131	0.00254406	0.0537067	0.096267	0.146119	0.121629	0.0210212	0.00254386	0.00104281	0.00275521	0.103455	0.0340512	0.0850047	0.223016	0.0100503	0.0282987
4	0.00671434	0.00136398	0.00048477	0.00192168	0.055456	0.000614571	0.000400701	0.16111	0.00534725	0.604019	0.0415824	0.000597643	0.000289751	0.00466537	0.00109151	0.0025008	0.00648417	0.0924319	0.00056254	0.0123619
5	0.0272455	0.00412764	0.295168	0.074479	0.00165467	0.00349009	0.00173203	0.00276429	0.0629418	0.00197349	0.00107417	0.22977	0.0603685	0.0321708	0.0346097	0.0885606	0.0698461	0.00678011	0.000335139	0.000908829
6	0.0227708	0.00330014	0.00363055	0.00531424	0.198878	0.0055198	0.00855299	0.0992632	0.00565537	0.29433	0.0204065	0.0342996	0.0917474	0.00696518	0.0113491	0.0299162	0.0723104	0.0763303	0.00171564	0.00774407
7	0.072136	0.00019847	0.154633	0.0965672	0.000614162	0.0937637	0.0161931	0.00580255	0.0867831	0.0105268	0.00120843	0.0925349	0.00558561	0.0446781	0.0259649	0.136852	0.127754	0.0218022	0.000212893	0.00618877
8	0.069594	0.000749021	0.0645034	0.0547625	0.011767	0.36812	0.0121798	0.00988073	0.0758995	0.0222584	0.0145985	0.0245207	0.00141561	0.055766	0.0897826	0.0356548	0.0388742	0.0223478	0.000757835	0.0265678
9	0.121414	0.000455038	0.025777	0.0515383	0.0162874	0.0149515	0.06662	0.00254573	0.191773	0.0185806	0.0102866	0.0559804	0.00128012	0.101093	0.132529	0.0844549	0.0421232	0.0151464	0.00353702	0.0436274
10	0.556761	0.00350305	0.00986086	0.0121407	0.00971914	0.0522303	0.00483104	0.0817785	0.0126325	0.0721062	0.0194516	0.00861627	0.00475945	0.00882377	0.00870367	0.0232684	0.0277566	0.0698677	0.00434331	0.00884637
11	0.316408	0.00128383	0.00370538	0.039396	0.0018158	0.0663814	0.00190089	0.00906561	0.215913	0.00375832	0.00238798	0.00871538	0.00274844	0.0655216	0.047294	0.150723	0.0415816	0.0189758	0.000663711	0.00175985
12	0.0707288	0.000205166	0.156149	0.0960051	0.000617133	0.0949775	0.0162495	0.0058782	0.0864181	0.0107758	0.00121148	0.0929287	0.00525887	0.0441483	0.0260584	0.134724	0.129216	0.0218628	0.000215456	0.00637184
13	0.00436136	0.00153411	0.546713	0.0332407	0.00113214	0.00589041	0.000821534	0.00506788	0.0231289	0.00201185	0.00106351	0.237127	0.00762455	0.0105597	0.0221103	0.0589429	0.0345172	0.00285123	0.000331231	0.000971063
14	0.0614974	0.000904043	0.185298	0.11228	0.00146479	0.0049584	0.00474884	0.00169736	0.112303	0.00246818	0.00132491	0.0747553	0.160216	0.0457474	0.0761038	0.100938	0.0478915	0.00384515	0.000403083	0.00115531
15	0.0174363	0.000718705	0.0406076	0.00658313	0.00241436	0.0135177	0.020617	0.00334091	0.260793	0.0069338	0.00247001	0.106754	0.0011451	0.0400243	0.437765	0.0146574	0.00461253	0.0043587	0.000905065	0.0143459
16	0.024008	0.00312561	0.000487144	0.000623906	0.00931571	0.000496333	0.000284623	0.379188	0.000782832	0.0340364	0.000854719	0.000555827	0.000248869	0.000617063	0.000646174	0.0021032	0.00654998	0.526907	0.000157969	0.00901127
17	0.0716356	0.000542388	0.0536226	0.102625	0.00213915	0.0426317	0.0177534	0.00945918	0.250205	0.016935	0.00841155	0.0548651	0.00378044	0.0549151	0.0618641	0.124627	0.0833322	0.0358225	0.000637941	0.00419483
18	0.261198	0.0201915	0.00314114	0.0464147	0.0104795	0.111027	0.0067135	0.066785	0.0731705	0.0585662	0.0495816	0.00315137	0.00143686	0.0286535	0.0415007	0.0760653	0.0324008	0.0948088	0.00749128	0.00722216
19	0.00503763	0.00119308	0.00152726	0.00151373	0.00068816	0.000622958	0.000302036	0.423014	0.00134684	0.250818	0.0246584	0.000557145	0.000346627	0.00351139	0.00065813	0.00384146	0.00553825	0.267649	0.000151825	0.00702318
20	0.0177062	0.0137154	0.00207991	0.0117603	0.167678	0.00446986	0.00915218	0.0841874	0.0100424	0.212986	0.0286574	0.0254063	0.000977015	0.00270023	0.00478363	0.042214	0.0108723	0.14452	0.0266798	0.179411
21	0.0041824	0.000266574	0.000657462	0.000929911	0.0622229	0.000782515	0.000462732	0.216315	0.00254627	0.587511	0.0352456	0.000777588	0.000474955	0.00226217	0.00123369	0.0069707	0.0200019	0.0387907	0.000653529	0.0177124
22	0.0433873	0.000228863	0.252478	0.133368	0.00777098	0.033897	0.0278586	0.00311224	0.09847	0.0192591	0.0008354	0.111991	0.00204207	0.0880894	0.0705417	0.0750904	0.0231251	0.00212903	0.00304728	0.00327846
23	0.100246	0.000795654	0.00268426	0.00460453	0.00668825	0.0983306	0.00180428	0.135677	0.00408345	0.153042	0.0487585	0.0188124	0.0575235	0.00529924	0.00345299	0.0434536	0.102768	0.20777	0.000967647	0.00323764
24	0.005454	0.00123353	0.00142549	0.00155028	0.000512806	0.000559462	0.00030623	0.409222	0.00234021	0.26295	0.0241662	0.000610884	0.000542365	0.00361228	0.000823969	0.00364487	0.00679632	0.267649	0.000152576	0.0064476
25	0.103029	0.00124751	0.0504967	0.0675527	0.0062124	0.194423	0.025919	0.0215177	0.0737427	0.0224296	0.00762721	0.00755549	0.00214551	0.0746711	0.189027	0.0588622	0.0444321	0.031146	0.00125785	0.0167055
26	0.0923838	0.000153527	0.067013	0.153251	0.000893795	0.028732	0.00694341	0.00951385	0.254652	0.0092744	0.00429305	0.0493584	0.00371632	0.111299	0.0880256	0.0547691	0.0487409	0.0161257	0.000250788	0.000610335
27	0.347024	0.0224452	0.00490245	0.0719834	0.0128579	0.0824244	0.017914	0.0503712	0.0601437	0.0357309	0.0261219	0.00461563	0.00192908	0.02102	0.0240427	0.0723755	0.0489901	0.0730661	0.00630066	0.0157415
28	0.00666817	0.00135531	0.000480209	0.00188275	0.0554305	0.000613543	0.000394498	0.161935	0.00534576	0.603966	0.0412061	0.00059971	0.000288716	0.00464394	0.00109946	0.00254831	0.00667659	0.0919135	0.000560967	0.0123906
29	0.0818396	0.000164947	0.0997038	0.226346	0.000657305	0.00148441	0.0163615	0.0204859	0.0964924	0.0810525	0.0244987	0.0308602	0.000324105	0.119094	0.0487954	0.0541262	0.0568144	0.033506	0.000192215	0.00720021
30	0.707006	0.0149911	0.00184873	0.000733962	0.00199545	0.0697647	0.000386057	0.00296354	0.00164778	0.00518509	0.00408633	0.0063291	0.00027756	0.00600376	0.00204642	0.130055	0.0217461	0.0220992	0.000221371	0.00061309
31	0.110032	0.00460916	0.00805769	0.0141567	0.00240733	0.00728981	0.00145409	0.00605433	0.00310713	0.0352546	0.0310346	0.00295248	0.001595	0.00293203	0.00295252	0.610348	0.132301	0.0205081	0.000885283	0.00206701
32	0.253358	0.00968997	0.0107308	0.0721543	0.0695194	0.0158638	0.033783	0.0586275	0.0287269	0.0664229	0.0106995	0.00648428	0.00196437	0.0255088	0.0215546	0.0497747	0.0582924	0.0669159	0.0218842	0.118044
33	0.445649	0.0804075	0.00502897	0.0162437	0.00639246	0.0689822	0.00564283	0.017877	0.0440187	0.0392027	0.0134706	0.00944831	0.00212421	0.0142981	0.0119944	0.149643	0.0281026	0.0326722	0.00241657	0.00638437
34	0.00383663	0.00154445	0.54879	0.033044	0.000991353	0.00477591	0.00062806	0.00504002	0.0233039	0.00182618	0.0010821	0.23764	0.00753736	0.0105972	0.0220645	0.0581813	0.0350927	0.00287608	0.000314689	0.000834017
35	0.0394391	0.000590121	0.0351456	0.203279	0.00190974	0.0116052	0.0483715	0.0182386	0.195936	0.00965402	0.00304624	0.0476515	0.00329613	0.068689	0.0744991	0.125761	0.0963936	0.0140318	0.000657046	0.00180583
36	0.015327	0.00131836	0.000555478	0.000486163	0.0114934	0.000450298	0.000287737	0.462099	0.000841466	0.0512142	0.00127791	0.000470981	0.000216187	0.0006345	0.000522333	0.00272733	0.00696987	0.430901	0.000134572	0.0120715
37	0.0293711	0.00658982	0.00112494	0.00353961	0.190758	0.00631194	0.0228204	0.0682314	0.00313032	0.194579	0.0331923	0.0491067	0.000491801	0.00163313	0.00757546	0.0491644	0.0211303	0.0510014	0.050234	0.210014
38	0.0555507	0.000313092	0.00108836	0.00162392	0.00890943	0.012731	0.000674128	0.174138	0.00227589	0.247753	0.189183	0.00143613	0.00152267	0.00402487	0.0037646	0.00377352	0.0338676	0.241466	0.00315238	0.0127515
39	0.0806241	0.00154972	0.0965994	0.048014	0.0484262	0.0277876	0.190331	0.00617792	0.00657875	0.00875214	0.00432577	0.0989745	0.0838757	0.0736231	0.00680334	0.0849256	0.0741305	0.0305966	0.0019954	0.0259086
40	0.0290978	0.000642377	0.00426934	0.00237805	0.047062	0.00986014	0.00180192	0.0706481	0.00226899	0.374392	0.105096	0.0131748	0.0258649	0.0191131	0.00887161	0.0405807	0.150068	0.0830413	0.0012482	0.0105217
41	0.00494518	0.000673038	0.0018622	0.00287977	0.113095	0.00232337	0.0200963	0.00287608	0.00303434	0.00380266	0.00191705	0.00254539	0.00112665	0.00248273	0.00410795	0.00381943	0.00381017	0.00375274	0.0116446	0.809205
42	0.00923363	0.000480853	0.00126009	0.00174969	0.56106	0.00147129	0.000874296	0.015389	0.00161234	0.0995034	0.00710808	0.00172514	0.00074325	0.00153681	0.00218455	0.00262646	0.00244708	0.0224603	0.0142374	0.252296
43	0.156344	0.000566654	0.0377971	0.080952	0.00157569	0.0758878	0.00807314	0.0102028	0.242937	0.00796575	0.00337262	0.0239565	0.0104676	0.0883678	0.0986057	0.069903	0.0610355	0.0174415	0.000716478	0.00383165
44	0.048265	0.000424919	0.166417	0.12184	0.00145842	0.15466	0.0106112	0.00541472	0.0615484	0.00813876	0.00176359	0.0791577	0.0100227	0.0408046	0.0173552	0.121449	0.129724	0.0153356	0.000572485	0.00503515
45	0.0785055	0.000733607	0.0027365	0.00632791	0.100586	0.0142378	0.00168149	0.0257522	0.00285315	0.460235	0.10747	0.00655076	0.0260683	0.0144146	0.00457921	0.0153319	0.085722	0.0372998	0.00416846	0.00474494
46	0.0951838	0.00104346	0.00301182	0.0182536	0.137624	0.00673112	0.00188997	0.019068	0.00411728	0.556599	0.0660083	0.00362565	0.00721621	0.0344543	0.00354903	0.0053863	0.016272	0.00843557	0.00842843	0.00310151
47	0.0380907	0.000546853	0.30416	0.453875	0.00736036	0.0134976	0.00177357	0.00219407	0.036973	0.00276242	0.00184142	0.0289569	0.0109219	0.053685	0.0140836	0.0168757	0.00797106	0.00262478	0.000495582	0.0013106
48	0.0117377	0.000734115	0.0250122	0.0100979	0.00209486	0.00649414	0.00474192	0.00280294	0.609262	0.00744317	0.00205832	0.0943742	0.00112673	0.0226761	0.152327	0.033513	0.00443008	0.00334789	0.000834812	0.00489043
49	0.00406962	0.00023134	0.000674206	0.000954771	0.0648811	0.000804859	0.000484064	0.221592	0.00238814	0.578531	0.0357677	0.000835001	0.000506105	0.00210369	0.00130419	0.00811095	0.0219486	0.0345717	0.000681126	0.0195599
50	0.0584925	0.001791	0.101401	0.076127	0.00710102	0.471973	0.00277812	0.00503163	0.076104	0.0229294	0.00690651	0.0502864	0.0015544	0.0122175	0.0581109	0.0114587	0.0142746	0.00982154	0.000855919	0.0107846
51	0.0176609	0.00141684	0.000386948	0.000525974	0.0125889	0.000474746	0.000296949	0.441972	0.000770378	0.0432735	0.000973075	0.000496117	0.000225899	0.000526326	0.000552851	0.00231531	0.00815762	0.454438	0.000152992	0.0127953
52	0.240718	0.00585065	0.033749	0.0263984	0.0167982	0.0383856	0.0390354	0.0753223	0.0173211	0.0277384	0.00995155	0.0330467	0.00318887	0.0361122	0.0593489	0.0637816	0.0263111	0.148267	0.0443534	0.0543217
53	0.00935025	0.0102956	0.0512424	0.0601307	0.00134808	0.253194	0.0594983	0.00210144	0.255127	0.00269525	0.000927013	0.173425	0.00109415	0.0367206	0.0504874	0.020791	0.00664241	0.00272144	0.000492899	0.00171509
54	0.0932446	0.000297582	0.0668711	0.158216	0.000690906	0.0262852	0.00470349	0.00793033	0.276445	0.00772649	0.0063609	0.0445635	0.003263	0.106892	0.0902637	0.0417302	0.0477443	0.0159052	0.000265991	0.000600838
55	0.00494276	0.000650846	0.00185861	0.00285225	0.113092	0.00232007	0.0199943	0.00282037	0.00303042	0.00370326	0.00191588	0.00248671	0.00112665	0.00249434	0.00409626	0.00383297	0.00381046	0.00375288	0.0116608	0.809558
56	0.0298695	0.00146982	0.0208992	0.0298661	0.00824976	0.0152777	0.00935618	0.0147982	0.620977	0.0187824	0.00618575	0.0523844	0.00675485	0.0288412	0.0658175	0.0339571	0.0160628	0.0131121	0.00183695	0.00550169
57	0.268456	0.00637549	0.0127855	0.00474962	0.00199231	0.0432802	0.00120301	0.00500439	0.00417826	0.00950545	0.00371063	0.00374012	0.00113342	0.00424871	0.00331724	0.566584	0.0398923	0.0177186	0.000580697	0.00154454
58	0.437366	0.0030325	0.00740994	0.00952314	0.170131	0.0513493	0.00567786	0.013963	0.0103742	0.0242891	0.0367143	0.00878175	0.0030053	0.00980145	0.00888958	0.0477293	0.0149056	0.045176	0.00703109	0.0848495
59	0.109787	0.00110361	0.00292572	0.00535448	0.00516422	0.120913	0.00185926	0.150722	0.00499484	0.100974	0.0415559	0.0175055	0.0523222	0.00385186	0.00399422	0.0438916	0.105177	0.224188	0.00117012	0.00254668
60	0.0558258	0.000698337	0.166571	0.545156	0.00849103	0.0124012	0.00486973	0.00292025	0.0293067	0.00534653	0.00198847	0.0464916	0.015254	0.0411798	0.0111335	0.0348606	0.0111929	0.00386636	0.000641939	0.00180435
61	0.0312416	0.00499444	0.00991713	0.0613951	0.0159137	0.0146287	0.00973268	0.0705113	0.0715797	0.021545	0.110887	0.0610156	0.135487	0.0625138	0.0171967	0.0292727	0.181993	0.0224049	0.00503799	0.0627318
62	0.00923363	0.000480853	0.00126009	0.00174969	0.56106	0.00147129	0.000874296	0.015389	0.00161234	0.0995034	0.00710808	0.00172514	0.00074325	0.00153681	0.00218455	0.00262646	0.00244708	0.0224603	0.0142374	0.252296
63	0.0121171	0.000687665	0.0113473	0.00242958	0.0470806	0.0137165	0.0015095	0.147782	0.00291849	0.285442	0.110669	0.0054108	0.00751511	0.00761879	0.0270792	0.0475299	0.162968	0.100473	0.00100621	0.00469845
64	0.0651174	0.00204329	0.0197572	0.0652341	0.0171398	0.050882	0.0246318	0.0108062	0.0366262	0.0967523	0.00946119	0.00445642	0.00176091	0.0427199	0.466142	0.042304	0.0276088	0.00725217	0.00196867	0.00733591
65	0.0134678	0.00688405	0.299242	0.0687827	0.00200608	0.00391012	0.000972566	0.0031753	0.0514748	0.00257955	0.00132369	0.271227	0.0416522	0.0389011	0.0204362	0.076122	0.0902515	0.00603588	0.000401442	0.00115428
66	0.0487781	0.000232559	0.248484	0.122831	0.00641927	0.0432182	0.026486	0.00343238	0.094175	0.0155977	0.000603645	0.114219	0.00220454	0.0795839	0.0641272	0.0876484	0.032173	0.00370275	0.00272339	0.0033605
67	0.0711834	0.00135227	0.00460697	0.00620992	0.135855	0.00571773	0.00285299	0.0466411	0.00658191	0.103101	0.472279	0.0278729	0.0404257	0.0287475	0.00572385	0.00839203	0.0102872	0.00903949	0.00878289	0.00434713
68	0.0498536	0.00263799	0.0119248	0.0088938	0.0033103	0.0102243	0.00183734	0.00471859	0.00317045	0.0239465	0.00729422	0.0042875	0.00198184	0.00293731	0.00368343	0.725532	0.117544	0.0123762	0.00106303	0.00278337
69	0.090445	0.000915283	0.0902367	0.269282	0.00338278	0.00647305	0.0136336	0.00341739	0.0665322	0.0162321	0.00251067	0.00649821	0.288116	0.0607295	0.0304387	0.027637	0.0156635	0.00460047	0.000901237	0.00235478
70	0.0700283	0.00056903	0.13663	0.597257	0.00990827	0.00517449	0.00303769	0.0027456	0.0246846	0.00413461	0.00181236	0.0306026	0.0316273	0.0363973	0.00528837	0.0308904	0.00383672	0.00323286	0.000618572	0.00152345
71	0.182153	0.00221199	0.112741	0.0111636	0.00661316	0.0113137	0.0349837	0.0118534	0.0374319	0.0404656	0.00598902	0.0897241	0.00392168	0.0379009	0.0122437	0.204385	0.0147438	0.103744	0.00435354	0.0720639
72	0.0071397	0.000857462	0.00664895	0.0235519	0.00220734	0.00414892	0.0598124	0.00309938	0.165086	0.0204866	0.0020632	0.00802507	0.00106768	0.0295685	0.648712	0.00421657	0.00437616	0.00368458	0.000863228	0.00438434
73	0.08426	0.000305547	0.0633184	0.309395	0.00124914	0.00290639	0.0157411	0.0236222	0.0879643	0.0821394	0.0167266	0.0194271	0.000719575	0.100606	0.04237	0.0479567	0.0580688	0.0374662	0.00041468	0.00534305
74	0.0232947	0.0102293	0.00129613	0.00476552	0.176581	0.00564802	0.0167397	0.0660112	0.00563333	0.229645	0.0336791	0.0432747	0.000603146	0.00164258	0.00651062	0.0424895	0.016515	0.0602121	0.0437465	0.211483
75	0.00676277	0.00137566	0.000485415	0.00190664	0.0553056	0.000617312	0.000411973	0.161133	0.00535334	0.604032	0.0415238	0.0005954	0.000289754	0.00470392	0.00110011	0.00250292	0.00649223	0.0924454	0.000578834	0.0123832
76	0.0461468	0.000371618	0.17479	0.0383257	0.00108094	0.26303	0.0124948	0.00187936	0.00727065	0.00199474	0.00121974	0.20401	0.000728141	0.00217739	0.012468	0.148137	0.0713875	0.00201892	0.000483231	0.00998527
77	0.0754479	0.000315984	0.167035	0.0983023	0.00105099	0.112267	0.0150386	0.00757423	0.0756595	0.00922385	0.00104791	0.090867	0.00471632	0.0497924	0.0306844	0.125532	0.10741	0.021639	0.000390799	0.00600464
78	0.0431176	0.000284029	0.000941665	0.00115587	0.0226835	0.00979411	0.00054591	0.184805	0.00262503	0.325663	0.154089	0.00122481	0.00130968	0.00521342	0.00475792	0.00394008	0.0333107	0.187591	0.00379906	0.0131479
79	0.0413322	0.00362506	0.00461175	0.00642678	0.118968	0.00715755	0.0125153	0.0284881	0.00629979	0.0825272	0.0324496	0.0791326	0.00189288	0.00634682	0.0186788	0.0446816	0.0157142	0.0227766	0.214623	0.251752
80	0.00591481	0.00749111	0.04915	0.0553751	0.000770015	0.24745	0.0638143	0.00126178	0.268885	0.00142016	0.00063933	0.18014	0.000434911	0.0376151	0.0513024	0.020328	0.00548077	0.00139493	0.000349101	0.000783049
81	0.0308929	0.0017964	0.0044011	0.008782	0.132293	0.00679304	0.00395558	0.0142755	0.00679424	0.399106	0.190115	0.00849692	0.00808202	0.0124566	0.00636543	0.0106359	0.0135701	0.0100212	0.116753	0.0144141
82	0.0452976	0.00299296	0.000619798	0.000895097	0.00471429	0.000705152	0.000402009	0.260643	0.000876008	0.0167875	0.000771427	0.000709314	0.000321219	0.000766195	0.000781071	0.00165353	0.00741204	0.649305	0.000234311	0.00411207
83	0.0325713	0.00321327	0.267163	0.0685637	0.00264862	0.0374786	0.00781527	0.00506012	0.051902	0.00800125	0.00244814	0.187656	0.0207329	0.0410861	0.0209234	0.101766	0.124502	0.0119142	0.000844861	0.00370937
84	0.0964422	0.000722853	0.0603236	0.0720621	0.00482131	0.24348	0.0232109	0.017438	0.0870232	0.010291	0.0069839	0.0083493	0.00204643	0.0880372	0.127486	0.0570511	0.0457365	0.0289476	0.000716693	0.0188306
85	0.0494669	0.000519304	0.001766	0.00347811	0.00336309	0.010492	0.00104704	0.187104	0.0201654	0.281935	0.0680602	0.00385028	0.0107081	0.0052147	0.00499926	0.00740469	0.0523097	0.279347	0.00122951	0.00754068
86	0.250766	0.0179854	0.00260078	0.0411769	0.00766996	0.113693	0.00504556	0.0822131	0.0768719	0.0690621	0.0527858	0.00250158	0.00107897	0.0206719	0.0502275	0.0614414	0.0227824	0.107549	0.00971346	0.00416337
87	0.0912998	0.000181587	0.0397564	0.133117	0.0012429	0.0237382	0.0132522	0.0176859	0.24461	0.0177224	0.00342132	0.0492929	0.00604811	0.114638	0.0857373	0.0719635	0.0580314	0.0255804	0.000342956	0.00233717
88	0.0144616	0.00130845	0.000634879	0.000484644	0.0106979	0.000450704	0.000273771	0.469387	0.000880597	0.0544466	0.00136045	0.000472961	0.000223618	0.000716564	0.000533761	0.00279762	0.00644962	0.422625	0.000136292	0.0116582
89	0.68292	0.00353989	0.00978164	0.00186146	0.00118517	0.216976	0.00081169	0.0105704	0.00183244	0.00936531	0.0012977	0.00277771	0.00147954	0.00271746	0.00202737	0.0198415	0.0156452	0.0135342	0.000492497	0.00134349
90	0.0131768	0.00126856	0.000701491	0.000714174	0.0100592	0.000464188	0.000257933	0.454827	0.000896883	0.0751187	0.0038385	0.000511786	0.000220813	0.000953681	0.000536035	0.00258861	0.00683203	0.414356	0.000142385	0.0125356
91	0.00553477	0.00114261	0.00163666	0.00125119	0.00271354	0.000489876	0.000252772	0.458822	0.00123951	0.188094	0.0153464	0.000487655	0.00024185	0.0027532	0.000510932	0.00372413	0.00454427	0.301209	0.000134962	0.00987101
92	0.037873	0.0211993	0.00407829	0.00593132	0.152638	0.00554649	0.0447319	0.0969974	0.00585966	0.0312358	0.0280049	0.0737899	0.0626926	0.00630467	0.0451467	0.0117663	0.156089	0.139681	0.0016293	0.0688036
93	0.0823687	0.000165013	0.0989495	0.226527	0.000612726	0.00145948	0.0164174	0.0206417	0.096535	0.0809189	0.0246602	0.0304368	0.000326643	0.118973	0.0486408	0.0542917	0.0570214	0.0336306	0.000191771	0.00723142
94	0.00418508	0.000246739	0.000627251	0.000944017	0.0636675	0.000789017	0.000470976	0.219474	0.00251068	0.582384	0.0354094	0.000770484	0.000471305	0.00228175	0.00126585	0.00729276	0.0203094	0.038179	0.000664908	0.0180567
95	0.057679	0.000163105	0.155726	0.195569	0.00405614	0.0120391	0.0149777	0.00737113	0.123874	0.0454443	0.0105702	0.059203	0.00111126	0.129688	0.0653992	0.0488156	0.0470738	0.0163398	0.000750546	0.00414888
96	0.093388	0.000288331	0.0663125	0.157741	0.00067688	0.02671	0.00472764	0.00791307	0.2767	0.00760796	0.00640191	0.0443381	0.00334184	0.107555	0.0901353	0.0421662	0.0473716	0.0158216	0.000215392	0.000587864
97	0.294359	0.000917544	0.00296744	0.0150586	0.00354412	0.0179251	0.00168896	0.0989458	0.00540807	0.154055	0.0524619	0.015506	0.00875185	0.00399168	0.00338744	0.0125272	0.0399856	0.260645	0.000964464	0.00690942
98	0.0889398	0.00309908	0.0164948	0.04318	0.00725018	0.112593	0.0229278	0.0383966	0.106419	0.119277	0.0392825	0.00464607	0.00172048	0.0544552	0.22248	0.0370815	0.0445547	0.0154384	0.00206843	0.019695
99	0.0423332	0.000197377	0.227541	0.153854	0.0088629	0.0292358	0.024641	0.00299507	0.105264	0.0267086	0.00155973	0.100643	0.00200807	0.10289	0.0670782	0.0645948	0.0306306	0.00390271	0.00218213	0.00287775
100	0.00371171	0.00149325	0.553768	0.0354703	0.000988524	0.00504873	0.000570049	0.00540959	0.0248782	0.00165048	0.000867292	0.229536	0.0075685	0.0109194	0.02392	0.0579658	0.0324801	0.00261735	0.000286933	0.000849737
101	0.0481298	0.000345712	0.256148	0.115135	0.006437	0.0345988	0.0254931	0.00301166	0.101318	0.0149249	0.000695946	0.120744	0.00605082	0.0772656	0.072008	0.0861122	0.0234212	0.00231309	0.00271939	0.00312797
102	0.0169791	0.00134657	0.000444596	0.000575033	0.0129036	0.000484834	0.0002903	0.438299	0.000775265	0.0487012	0.00163816	0.000499822	0.00021798	0.000626764	0.000552552	0.00232446	0.0090543	0.450528	0.000155474	0.0136029
103	0.0469361	0.000311358	0.0511352	0.082598	0.00224141	0.0121584	0.0075382	0.00506687	0.497433	0.0162916	0.00332922	0.0518606	0.00226146	0.0628808	0.0840593	0.0383112	0.0236749	0.00816444	0.000619636	0.00312861
104	0.698126	0.0145445	0.00209537	0.0011095	0.0020033	0.0755229	0.000770357	0.00341107	0.00197212	0.00530974	0.00392009	0.00673883	0.000338494	0.00596135	0.00211824	0.129551	0.0225694	0.0230367	0.000257365	0.000643506
105	0.00527929	0.00122512	0.00145206	0.00154946	0.000511239	0.000570905	0.000298644	0.411984	0.00200825	0.260935	0.0242346	0.000598625	0.000472967	0.00360707	0.000766436	0.00368627	0.00635418	0.267755	0.000153336	0.00655784
106	0.0361487	0.00323651	0.000574261	0.00080281	0.00553244	0.000664947	0.000354429	0.293195	0.000915879	0.0222077	0.000803563	0.000667609	0.000292545	0.000744405	0.000770512	0.00178648	0.00626393	0.619867	0.000210764	0.00496039
107	0.00671506	0.00156127	0.000555138	0.00218278	0.0682562	0.000697476	0.000471853	0.155761	0.00630443	0.579498	0.0411174	0.00112558	0.000438356	0.00457323	0.00108488	0.00289172	0.00557922	0.103055	0.00138588	0.0167458
108	0.0354778	0.00640518	0.0127931	0.0391125	0.0103194	0.0290733	0.0257247	0.0161814	0.0377091	0.0349247	0.0109361	0.0184411	0.00591695	0.276939	0.301179	0.0254956	0.0210368	0.0172797	0.00892048	0.0661341
109	0.0142166	0.00126467	0.000670283	0.000488207	0.0104136	0.000447665	0.000268426	0.470436	0.000900969	0.0571622	0.00169191	0.000464316	0.000219123	0.00074506	0.000522596	0.0027981	0.00627954	0.41932	0.000139512	0.0115505
110	0.00420395	0.00171769	0.539702	0.0333465	0.00105854	0.00490679	0.000675873	0.00505187	0.0239522	0.00188332	0.00116035	0.240379	0.0081935	0.0111895	0.021716	0.058855	0.0376944	0.00300392	0.000322758	0.000987238
111	0.0516008	0.0027372	0.011861	0.00814956	0.00176958	0.0130617	0.0016597	0.00452036	0.00466051	0.0223773	0.00683214	0.00406723	0.00169502	0.00275773	0.00305972	0.754067	0.0917432	0.0108679	0.0006984	0.00181424
112	0.0345537	0.000448984	0.00190981	0.00170033	0.00116797	0.929828	0.000777633	0.00150136	0.00143292	0.00209617	0.000909156	0.00122499	0.00870325	0.00177811	0.00462932	0.00224269	0.0018698	0.00175625	0.000524953	0.000944599
113	0.0345699	0.000353086	0.00166676	0.0012123	0.000869279	0.939653	0.000590729	0.00111672	0.00105306	0.0014627	0.000799733	0.00100218	0.00444291	0.00117167	0.00435396	0.00166887	0.00159118	0.00133738	0.000289067	0.000795817
114	0.0354151	0.000345362	0.00158621	0.00128442	0.000928717	0.936727	0.000682424	0.00112939	0.00112429	0.00150397	0.000810353	0.00134517	0.00437874	0.00114979	0.00434927	0.00316336	0.00166006	0.00135766	0.00029095	0.000767754
115	0.0601972	0.000625566	0.191019	0.0821214	0.00164337	0.163446	0.0129395	0.00480182	0.0443046	0.00662483	0.00179361	0.12795	0.00493846	0.02805	0.0198734	0.134951	0.0959887	0.0112523	0.000652449	0.00682633
116	0.307692	0.00562907	0.00360488	0.0145075	0.00624442	0.0830352	0.00277861	0.0701417	0.0182859	0.0843273	0.0468842	0.0110295	0.0161458	0.00876347	0.0126114	0.0480873	0.042187	0.211084	0.00245098	0.00450962
117	0.0313968	0.00550507	0.00134683	0.00357104	0.174674	0.00598499	0.0237571	0.0548692	0.00243949	0.243856	0.0401068	0.0527827	0.00213063	0.00302594	0.00672251	0.0607482	0.0389831	0.0421783	0.0416796	0.164242
118	0.735833	0.00339576	0.0120905	0.00359533	0.00195678	0.0873708	0.00128128	0.0289039	0.00265472	0.0185393	0.00372013	0.00381754	0.00170659	0.00369854	0.00260938	0.0218205	0.0290583	0.0355551	0.000627206	0.00176532
119	0.319268	0.00986561	0.00726101	0.00229452	0.00170679	0.0324483	0.000609233	0.00214832	0.00193141	0.00764687	0.0044126	0.00351531	0.000513808	0.00355211	0.0020289	0.550163	0.0352553	0.014177	0.00034183	0.000859395
120	0.0576034	0.000553908	0.165273	0.596739	0.00911928	0.00629526	0.00248002	0.00256595	0.023832	0.00307226	0.00160889	0.0330594	0.0155068	0.0376346	0.00656061	0.0286371	0.00432841	0.00315927	0.000567715	0.00140261
121	0.0607972	0.000657468	0.014969	0.105042	0.00200568	0.00393415	0.00341161	0.115276	0.0939418	0.109493	0.00217566	0.0137802	0.00128391	0.0981203	0.0427099	0.0380122	0.0745019	0.21682	0.000840191	0.00222839
122	0.0442568	0.00080771	0.00269419	0.00423154	0.0176005	0.0103305	0.00208987	0.247328	0.00469708	0.174124	0.253311	0.00494397	0.00442105	0.00678645	0.00573838	0.00709819	0.0272573	0.168166	0.00345833	0.0106593
123	0.0643398	0.0384961	0.00935813	0.0145092	0.00842806	0.051747	0.1151	0.0131241	0.0150044	0.132331	0.00835787	0.00972366	0.00320172	0.0684297	0.257518	0.0176137	0.0172329	0.0144388	0.0544617	0.0865844
124	0.121414	0.000455038	0.025777	0.0515383	0.0162874	0.0149515	0.06662	0.00254573	0.191773	0.0185806	0.0102866	0.0559804	0.00128012	0.101093	0.132529	0.0844549	0.0421232	0.0151464	0.00353702	0.0436274
125	0.312965	0.00247087	0.00684501	0.353865	0.00658779	0.00902561	0.0331437	0.010328	0.0474456	0.0408344	0.0435825	0.00754024	0.00352069	0.0606618	0.00983489	0.0155558	0.0152011	0.0129996	0.00215445	0.00543816
126	0.00549168	0.00123294	0.00141546	0.00156227	0.000579322	0.000574488	0.000306544	0.407293	0.00236148	0.264524	0.0240778	0.00061341	0.000577298	0.003653	0.000860246	0.00361653	0.00712525	0.267592	0.00015524	0.00638769
127	0.0823687	0.000165013	0.0989495	0.226527	0.000612726	0.00145948	0.0164174	0.0206417	0.096535	0.0809189	0.0246602	0.0304368	0.000326643	0.118973	0.0486408	0.0542917	0.0570214	0.0336306	0.000191771	0.00723142
128	0.0170707	0.00186248	0.0045059	0.00708633	0.0134522	0.00399451	0.00505766	0.339343	0.0888177	0.200732	0.0166462	0.00485575	0.00533916	0.0104819	0.0127756	0.0103798	0.0255502	0.219514	0.00193285	0.0106019
129	0.0328923	0.00490454	0.0126193	0.0189574	0.0729477	0.0167435	0.010306	0.147983	0.273892	0.0300322	0.0150629	0.0189629	0.20701	0.0191367	0.015632	0.0246582	0.031844	0.0246917	0.00557401	0.0161501
130	0.00697725	0.00105721	0.00132779	0.0010129	0.0035452	0.000521881	0.000259291	0.456091	0.00108856	0.177108	0.013956	0.000501728	0.00025096	0.00242151	0.000543418	0.00356893	0.00482867	0.316149	0.000126724	0.00866432
131	0.0187484	0.00135707	0.00045906	0.000603334	0.0144152	0.000563318	0.000325808	0.432351	0.000881487	0.0399428	0.00156706	0.000565439	0.000283132	0.000621821	0.000695418	0.00235794	0.00986383	0.458584	0.000232352	0.0155814
132	0.184599	0.00458876	0.00270113	0.00369444	0.00649343	0.00607552	0.00124416	0.151122	0.00258124	0.0160204	0.00585908	0.00334864	0.000920416	0.00226275	0.00304556	0.00373726	0.0238052	0.571567	0.000878268	0.00545655
133	0.053532	0.00303166	0.0117831	0.00827545	0.00226495	0.010909	0.00253985	0.00484437	0.00314393	0.0296655	0.00736325	0.00391455	0.00190858	0.00336658	0.00304149	0.767077	0.0695432	0.0106432	0.000975414	0.00217681
134	0.0559748	0.00182457	0.00438112	0.0058306	0.139247	0.00543715	0.00336924	0.0673467	0.00778873	0.138884	0.41077	0.0221414	0.0292237	0.0217581	0.00593135	0.0102703	0.0146551	0.0266519	0.0123387	0.0161763
135	0.191416	0.00349504	0.00609398	0.00789779	0.00655886	0.216963	0.0195369	0.00333746	0.00956751	0.0100309	0.00315306	0.0243731	0.00124307	0.00424155	0.00369161	0.441012	0.0342426	0.00929695	0.00101913	0.00282972
136	0.0463112	0.000371636	0.175268	0.0384754	0.00108289	0.262061	0.0124571	0.00189002	0.00733081	0.00199953	0.00125184	0.203859	0.000729241	0.00220526	0.0124745	0.148406	0.0713052	0.0020881	0.000483723	0.0099501
137	0.0408842	0.000524308	0.00428508	0.00301243	0.00521826	0.00703814	0.00120039	0.114196	0.00357399	0.196724	0.133465	0.00310955	0.0023016	0.00266536	0.0028356	0.0139861	0.0422758	0.367742	0.00140461	0.0535578
138	0.716281	0.015202	0.00242285	0.00156485	0.00201216	0.0692547	0.000600985	0.00412852	0.0026588	0.00618603	0.00412901	0.00599063	0.000303913	0.00592279	0.00215505	0.116964	0.0211502	0.0221205	0.000235785	0.000716669
139	0.742411	0.00797214	0.00530318	0.00297665	0.00264171	0.0632708	0.00116192	0.0106698	0.00341183	0.0103844	0.00410004	0.00580477	0.000464347	0.00480929	0.00300606	0.0801071	0.0241966	0.0247434	0.000547951	0.00201689
140	0.0593744	0.00340945	0.0107187	0.00628132	0.00153506	0.0131336	0.00115989	0.00244917	0.00232739	0.015457	0.00566994	0.0021433	0.00107469	0.00194326	0.00207124	0.797961	0.0613035	0.00979321	0.000748986	0.00144541
141	0.0345699	0.000353086	0.00166676	0.0012123	0.000869279	0.939653	0.000590729	0.00111672	0.00105306	0.0014627	0.000799733	0.00100218	0.00444291	0.00117167	0.00435396	0.00166887	0.00159118	0.00133738	0.000289067	0.000795817
142	0.10334	0.00179334	0.00230534	0.00152833	0.00106264	0.855187	0.000898302	0.00167458	0.00122307	0.00227521	0.000907496	0.00201412	0.00418297	0.00157678	0.00394257	0.00803654	0.00386126	0.00307572	0.000280696	0.000834566
143	0.00564458	0.000726561	0.00216628	0.00314662	0.110995	0.00255796	0.0201593	0.00327982	0.00316946	0.0052365	0.00211144	0.00314322	0.00130018	0.00264147	0.00423338	0.00473382	0.00410243	0.00419914	0.0121719	0.804281
144	0.0290369	0.00385472	0.00767651	0.00907756	0.0807599	0.00854935	0.00839914	0.0183632	0.0093789	0.0892355	0.0947448	0.0377204	0.00390551	0.00943662	0.0201004	0.0278727	0.0154676	0.01794	0.301833	0.206647
145	0.0548078	0.000322127	0.00113348	0.00169258	0.00852606	0.0122923	0.000727786	0.189145	0.00227484	0.238735	0.191094	0.00151786	0.00150259	0.0039969	0.00363264	0.00397883	0.0328074	0.23632	0.00300183	0.0124904
146	0.709194	0.010186	0.00153071	0.000755776	0.00314287	0.0473208	0.000380199	0.00277961	0.00156076	0.00379696	0.00561575	0.00595505	0.000316125	0.00572186	0.00307864	0.156214	0.0210884	0.020212	0.000226768	0.000923773
147	0.246989	0.0236187	0.00420456	0.0073798	0.00376223	0.00459475	0.00287775	0.0228868	0.00539887	0.0522345	0.133526	0.00516789	0.00210496	0.00534157	0.00445343	0.189292	0.236793	0.0445597	0.00111743	0.00369688
148	0.245716	0.0014838	0.0988357	0.0209953	0.0192726	0.166596	0.00306394	0.00462359	0.00508279	0.0222753	0.0188935	0.11261	0.123336	0.00436729	0.00384967	0.0462907	0.0570622	0.021981	0.00120538	0.0224598
149	0.703626	0.0150976	0.00184771	0.000870754	0.00213736	0.071415	0.000445344	0.00293308	0.00169305	0.00521231	0.00416668	0.00630387	0.000273182	0.00601554	0.00203124	0.131314	0.0217382	0.0219477	0.000238565	0.000692452
150	0.00429263	0.00144588	0.553047	0.0360639	0.00107638	0.00545828	0.000903832	0.00534748	0.0259228	0.00172842	0.000890258	0.22685	0.00709217	0.0113584	0.0248268	0.0585842	0.0312772	0.002541	0.000388936	0.000904856
151	0.0886622	0.000765372	0.0136423	0.0359876	0.0165119	0.00865546	0.0384481	0.00289584	0.239811	0.0207661	0.0147905	0.0268008	0.00101527	0.0706138	0.155342	0.0990524	0.0607724	0.0284639	0.0119825	0.0650206
152	0.00991985	0.00104956	0.00130629	0.00133614	0.00580751	0.000845742	0.000287187	0.453676	0.00181449	0.150792	0.0131288	0.000681293	0.00029467	0.00228263	0.00063922	0.00354799	0.00598228	0.336283	0.000223125	0.0101027
153	0.0122537	0.00240094	0.0020278	0.00446219	0.229432	0.0023192	0.00160336	0.133712	0.0163391	0.098367	0.0330247	0.00677297	0.00117187	0.00256076	0.00259042	0.00784158	0.00812469	0.302191	0.0213449	0.11146
154	0.68482	0.0116971	0.00128887	0.00156677	0.00385842	0.0477088	0.000585892	0.00251169	0.00243499	0.00436317	0.00678063	0.00651375	0.000372054	0.00646436	0.00377185	0.16455	0.0259866	0.0229072	0.000299961	0.00151788
155	0.0506241	0.000592166	0.186522	0.1843	0.00569332	0.0251519	0.0576628	0.00372427	0.0395706	0.0197786	0.0023934	0.101418	0.00433437	0.129776	0.0278724	0.111544	0.0396756	0.00456955	0.00150421	0.00329375
156	0.077577	0.000301762	0.105042	0.128052	0.00196485	0.0161405	0.0155838	0.00632157	0.136231	0.00701593	0.00197848	0.0629429	0.124378	0.0631085	0.0685663	0.116917	0.0550113	0.00977189	0.000599959	0.00249579
157	0.0765552	0.00153824	0.0216644	0.0396458	0.0213293	0.0545175	0.00334047	0.0062504	0.00539433	0.0729851	0.00424415	0.0795886	0.00219447	0.00494634	0.0052228	0.150538	0.405497	0.0235533	0.00139947	0.0195951
158	0.0411749	0.00251396	0.0165477	0.011683	0.00696736	0.013861	0.00348484	0.0125054	0.00780125	0.0447045	0.00962645	0.011826	0.0052658	0.00685458	0.00700852	0.312596	0.45864	0.0186777	0.001693	0.00656853
159	0.00479155	0.00108744	0.0016382	0.00154154	0.00076046	0.000614348	0.000381204	0.435167	0.00228605	0.241995	0.0209986	0.000641545	0.000402131	0.00402015	0.00079108	0.00465302	0.00637088	0.264443	0.00015876	0.00725769
160	0.0446485	0.00334518	0.0179711	0.015655	0.0106353	0.0222721	0.00674946	0.0153019	0.0130191	0.0471536	0.0121656	0.0200546	0.00598823	0.0114216	0.010192	0.182291	0.528131	0.0212516	0.00225456	0.00949848
161	0.0384118	0.000357977	0.00172445	0.00152235	0.000984612	0.930211	0.00117717	0.00123367	0.00113626	0.00165883	0.000851902	0.00169049	0.00437588	0.00118299	0.00431786	0.00479016	0.00186088	0.00139319	0.000302488	0.000816288
162	0.0580964	0.00348512	0.0176927	0.00667876	0.00182132	0.0144213	0.00192897	0.00383319	0.00334704	0.0174011	0.00528599	0.00363172	0.00169489	0.00312977	0.00290504	0.778591	0.0626058	0.0106992	0.000716899	0.00203326
163	0.014387	0.00195525	0.00251324	0.00319366	0.00844065	0.00247905	0.00155136	0.484066	0.00783827	0.114011	0.0205186	0.00317197	0.00282729	0.00400654	0.00356536	0.00650067	0.00935938	0.298169	0.0013252	0.0101193
164	0.0345699	0.000353086	0.00166676	0.0012123	0.000869279	0.939653	0.000590729	0.00111672	0.00105306	0.0014627	0.000799733	0.00100218	0.00444291	0.00117167	0.00435396	0.00166887	0.00159118	0.00133738	0.000289067	0.000795817
165	0.0444866	0.00341616	0.000655392	0.000901015	0.00398604	0.00069579	0.000414078	0.250776	0.000889172	0.0158572	0.000683023	0.0007235	0.000333835	0.000789772	0.000817685	0.00168591	0.00669348	0.662723	0.000234914	0.00323706
166	0.0136608	0.00354956	0.00165301	0.00365375	0.322317	0.00276414	0.00513385	0.082262	0.0103792	0.131637	0.0257947	0.0153161	0.000829216	0.00177301	0.00356237	0.0157267	0.00692968	0.145665	0.0304021	0.176991
167	0.688853	0.0112661	0.00113776	0.000827671	0.00329013	0.0494129	0.000497536	0.00214117	0.00170586	0.0035959	0.00634049	0.00652462	0.000343185	0.00609698	0.00327464	0.169767	0.0221401	0.0216711	0.000264029	0.000850806
168	0.0556164	0.000301913	0.00106165	0.00163637	0.00921046	0.0126835	0.000652219	0.172028	0.0022898	0.250622	0.186449	0.00143137	0.00153023	0.00411372	0.00382642	0.0037002	0.0342751	0.242372	0.00324462	0.0129551
169	0.0157342	0.00384755	0.00178468	0.00462513	0.188676	0.00225558	0.00223106	0.1502	0.0380239	0.18464	0.0538079	0.013762	0.00115314	0.00260943	0.00316519	0.0103778	0.00496606	0.192584	0.0205112	0.105045
170	0.0518786	0.00405516	0.00306276	0.00464928	0.14161	0.00402632	0.0225105	0.0422142	0.00450292	0.113301	0.024555	0.036434	0.320441	0.00379011	0.0250064	0.00978568	0.122735	0.0576197	0.00130585	0.00651648
171	0.112024	0.0186691	0.00558701	0.0344523	0.0581151	0.0400393	0.00787758	0.030458	0.0268961	0.0318654	0.0360643	0.0388009	0.0195916	0.0239595	0.0546494	0.177878	0.134461	0.062412	0.0229669	0.0632334
172	0.0463615	0.000487782	0.209609	0.250319	0.00636767	0.0239029	0.0378386	0.0039829	0.0518832	0.0160689	0.00224393	0.096462	0.00781354	0.0848104	0.0339423	0.0884769	0.0304626	0.00455143	0.00156627	0.00284907
173	0.0489341	0.0011061	0.0204995	0.05576	0.00606403	0.241953	0.00305061	0.0771027	0.00561039	0.00699592	0.00333872	0.0237362	0.00196904	0.0225705	0.0383576	0.106361	0.125401	0.206124	0.00132679	0.00373906
174	0.0177931	0.00140248	0.000383243	0.000524222	0.0129771	0.000493138	0.000295234	0.439577	0.000787453	0.042722	0.00102055	0.000494248	0.000224436	0.00053159	0.000563805	0.00229904	0.00854722	0.456099	0.000150894	0.0131141
175	0.276806	0.000797438	0.00390915	0.0269486	0.00212531	0.0845643	0.00178158	0.0129348	0.186153	0.00437605	0.00206634	0.0132135	0.00203745	0.0707502	0.0457742	0.197439	0.0443939	0.0208796	0.000894377	0.00215509
176	0.0327068	0.00204288	0.00990308	0.0313629	0.0152127	0.0105575	0.0299721	0.0516717	0.168772	0.0852784	0.0146131	0.0113407	0.00279247	0.0202204	0.133582	0.0891262	0.110019	0.148305	0.00724506	0.025276
177	0.162564	0.000825697	0.0176317	0.0143152	0.00937936	0.328574	0.062224	0.00419002	0.00993091	0.0125945	0.00264493	0.0817933	0.00163238	0.00372091	0.00502834	0.168128	0.10446	0.00504356	0.000987145	0.00433282
178	0.0722595	0.000418546	0.121485	0.167148	0.00172116	0.00922868	0.00606561	0.00221364	0.10766	0.00604669	0.00166656	0.0227212	0.228204	0.0652471	0.0857846	0.0578653	0.0394414	0.00284067	0.000559389	0.00142323
179	0.0281325	0.00655929	0.00111265	0.00346009	0.189133	0.00683311	0.0242672	0.064081	0.00233302	0.199812	0.0333218	0.0533868	0.000556806	0.00158719	0.00806064	0.0506359	0.0210686	0.044604	0.0501312	0.210924
180	0.663101	0.0099403	0.00143894	0.00118001	0.00494135	0.0414494	0.000422597	0.00238034	0.00200467	0.00384759	0.00603939	0.00782699	0.000455637	0.0074471	0.00511818	0.194745	0.0239178	0.0223732	0.000310043	0.00106077
181	0.0589309	0.00111258	0.00533236	0.0117146	0.0184454	0.140164	0.00234596	0.184368	0.00429954	0.0134804	0.00921853	0.0218877	0.0100859	0.00653341	0.00908751	0.0524432	0.198699	0.247388	0.00126818	0.00319451
182	0.00537811	0.000685305	0.00209043	0.00294603	0.111624	0.00234351	0.0198519	0.003547	0.00309773	0.00414424	0.00216744	0.00283807	0.00122553	0.00266194	0.00407375	0.00403361	0.00410794	0.0045723	0.0120883	0.806523
183	0.0424959	0.000213146	0.242214	0.141512	0.00776961	0.0331904	0.027101	0.00332889	0.0995612	0.0220526	0.00105166	0.106725	0.00206279	0.0959253	0.0704098	0.0701118	0.0259603	0.00265661	0.002621	0.00303719
184	0.0639421	0.000185965	0.140222	0.210832	0.00217455	0.00387579	0.0148765	0.0119608	0.0998299	0.0637161	0.0180059	0.0415014	0.000518115	0.128514	0.0598208	0.0491252	0.0604206	0.023772	0.000372823	0.00633391
185	0.0150844	0.0014325	0.00363792	0.00465259	0.542043	0.00432265	0.00332908	0.0244507	0.00566462	0.0896573	0.0120707	0.00615474	0.00439486	0.00482054	0.0060198	0.0082974	0.00738324	0.0348871	0.0161662	0.205531
186	0.0137486	0.00077924	0.00219377	0.00324742	0.00258835	0.00289006	0.00166823	0.190873	0.0605177	0.382788	0.00823437	0.00271157	0.00343442	0.0133667	0.0132826	0.00434564	0.0698469	0.220551	0.000761231	0.00217167
187	0.0705978	0.000205041	0.15642	0.0960493	0.000650246	0.0947984	0.0163193	0.00586235	0.0864689	0.0107789	0.00120834	0.0930202	0.00524058	0.0443082	0.0261676	0.134726	0.128846	0.021749	0.000229465	0.00635534
188	0.0157327	0.000809229	0.00197221	0.0257456	0.0199546	0.00270923	0.0552765	0.101275	0.164238	0.115778	0.0185135	0.00293224	0.0010403	0.003165	0.114579	0.0337749	0.079146	0.207387	0.0084081	0.0275626
