234	20
1	0.0247174	0.00305335	0.00145525	0.0137875	0.00909643	0.0101679	0.0314604	0.0176291	0.178843	0.0453923	0.013425	0.0398711	0.0131232	0.0733231	0.405041	0.0308942	0.0467156	0.0161532	0.00306235	0.0227881
2	0.565216	0.0702565	0.00330367	0.00541088	0.00121286	0.0107693	0.00441199	0.0209797	0.0081717	0.00945476	0.00379789	0.0076935	0.00725552	0.00250076	0.00704055	0.0526498	0.0714995	0.146584	0.000400868	0.00138971
3	0.0285826	0.00364411	0.000413736	0.000609467	0.0143784	0.00349997	0.000502236	0.433588	0.000627462	0.215532	0.0365605	0.00151606	0.00111366	0.00225134	0.00179269	0.00617539	0.0120646	0.228202	0.0017539	0.00719149
4	0.0224199	0.00444136	0.000361601	0.000631116	0.0164912	0.00249923	0.00113341	0.337477	0.00135328	0.378566	0.0361674	0.00148074	0.000700794	0.00213724	0.00208666	0.00466918	0.0101803	0.168385	0.00283872	0.00598005
5	0.045887	0.00332194	0.000395668	0.000468182	0.00658702	0.000487986	0.00187257	0.235242	0.000555324	0.0532277	0.0142159	0.000501615	0.00239355	0.000649911	0.00222995	0.000949343	0.0140121	0.616551	9.86871e-05	0.000352931
6	0.24962	0.0266543	0.0300524	0.0102779	0.029375	0.07455	0.0733861	0.0318144	0.00934859	0.00871589	0.006442	0.0375639	0.00292708	0.05882	0.0113137	0.254118	0.0142873	0.0143534	0.00279531	0.0535844
7	0.0426033	0.00411746	0.000406417	0.000517574	0.00756096	0.001094	0.00151269	0.284217	0.000555397	0.0907687	0.022552	0.000579645	0.00339612	0.0010497	0.00212238	0.00236817	0.0139131	0.518727	0.000501964	0.00143702
8	0.0789283	0.00805654	0.126663	0.301225	0.00988601	0.0528862	0.0227501	0.0150431	0.050455	0.0254147	0.0127797	0.0388107	0.012622	0.0675971	0.0375804	0.0579305	0.039601	0.0253942	0.00416554	0.0122113
9	0.0336284	0.058795	0.0071898	0.0134267	0.238117	0.00386085	0.00835943	0.0204262	0.00526977	0.325881	0.0998052	0.0156903	0.00196531	0.00491758	0.0064771	0.0119162	0.0309995	0.0352783	0.00880607	0.0691907
10	0.162475	0.0101185	0.0113467	0.201736	0.00443434	0.0621771	0.0291784	0.0183916	0.108522	0.0269019	0.012619	0.00786809	0.00209683	0.0804103	0.0569484	0.0931503	0.0201702	0.077556	0.000630224	0.013268
11	0.0763229	0.000821747	0.0703844	0.10709	0.0163429	0.0447947	0.0260681	0.0195294	0.062217	0.148313	0.0854536	0.0218117	0.00105266	0.0911436	0.0702213	0.0885431	0.0585771	0.00520596	0.000409342	0.00569727
12	0.0332322	0.00910759	0.00861845	0.0121447	0.033098	0.00636087	0.00678564	0.165642	0.0154405	0.445801	0.0535815	0.00773293	0.00213357	0.01984	0.025306	0.0176311	0.0242503	0.0988985	0.00452919	0.00986675
13	0.578077	0.0644756	0.00325389	0.00502905	0.000801318	0.011001	0.0041656	0.0194938	0.00778016	0.00922208	0.00341396	0.00765077	0.0075206	0.00232444	0.00633478	0.0545491	0.067105	0.146142	0.000405821	0.00125357
14	0.0835543	0.000835335	0.0853362	0.162989	0.0133819	0.0315085	0.0281288	0.0268159	0.0945232	0.0969258	0.0220687	0.0266116	0.00157043	0.0800445	0.0594684	0.0965767	0.0691095	0.0089775	0.000262457	0.0113113
15	0.193027	0.00579395	0.00801507	0.0110751	0.00347487	0.137996	0.010214	0.0164801	0.0145582	0.0100044	0.0101499	0.0203021	0.0147672	0.0137192	0.019841	0.23096	0.24563	0.0260705	0.00289014	0.00503163
16	0.180095	0.0486778	0.00902169	0.0140117	0.00800968	0.016711	0.0115166	0.0142791	0.0141277	0.206561	0.0545275	0.0503265	0.00583209	0.0154289	0.0219362	0.235792	0.0632355	0.0164972	0.00258237	0.0108304
17	0.0281242	0.00370834	0.000428399	0.0006361	0.0144626	0.00347484	0.000495945	0.4385	0.000669509	0.215354	0.0356282	0.00151716	0.00100258	0.00224882	0.00181829	0.00620015	0.0121123	0.224762	0.00173535	0.0071199
18	0.0724647	0.00308102	0.0166495	0.0362438	0.0081291	0.300799	0.0123986	0.0161222	0.0177255	0.0209416	0.020456	0.0631124	0.00304088	0.0325974	0.0963164	0.206594	0.0416222	0.0199156	0.00285741	0.00893296
19	0.040462	0.00141241	0.0114492	0.0415197	0.00145806	0.0124815	0.00300056	0.0124495	0.179094	0.0121584	0.0179964	0.00318352	0.0284456	0.0216678	0.0500198	0.299089	0.239626	0.0224768	0.000623804	0.00138602
20	0.0750243	0.00840803	0.0796914	0.078815	0.00733875	0.3134	0.0310579	0.0200615	0.0468558	0.0246938	0.0163847	0.0557265	0.00878113	0.0396509	0.0434783	0.0768312	0.0349582	0.0257105	0.00450244	0.00862976
21	0.0605166	0.00539461	0.0165325	0.0286731	0.00672396	0.0218937	0.0284693	0.020221	0.213828	0.0882849	0.0318525	0.0241141	0.0064273	0.075337	0.254326	0.0402711	0.0378798	0.0285471	0.00202023	0.00868782
22	0.0510717	0.0104195	0.000680298	0.00306982	0.0681224	0.000793309	0.00073549	0.115668	0.00933091	0.412848	0.0734041	0.00108518	0.000511332	0.000998912	0.00900851	0.0231064	0.0496547	0.157758	0.00435136	0.00738208
23	0.0285395	0.00344538	0.167459	0.437851	0.00129556	0.0253883	0.0129683	0.0112982	0.0319403	0.0379948	0.00292842	0.042673	0.00122224	0.137888	0.0183333	0.00987434	0.00472606	0.0129509	0.00406746	0.00715583
24	0.0694381	0.00511473	0.149411	0.383598	0.00367244	0.0398981	0.0167883	0.00958013	0.0412288	0.0233148	0.0188404	0.0262637	0.00461331	0.0660692	0.0356615	0.0537484	0.0342243	0.0125343	0.00152162	0.00447927
25	0.0237047	0.00358003	0.000419732	0.000591649	0.0156219	0.0034973	0.000717043	0.412027	0.000978027	0.273573	0.0361771	0.00178531	0.000597756	0.00222409	0.00178766	0.00535339	0.0103902	0.197039	0.00234239	0.0075933
26	0.179441	0.00113542	0.00928108	0.0460851	0.000942632	0.00890034	0.0283893	0.0194071	0.256575	0.0184974	0.00162713	0.0372864	0.000791517	0.0825158	0.227685	0.0515287	0.0132198	0.0151364	0.000389502	0.00116611
27	0.0509189	0.00107833	0.420744	0.134722	0.000988143	0.0236439	0.00399601	0.00421143	0.0304895	0.00220821	0.00215406	0.0818904	0.0119992	0.0415833	0.00670402	0.080969	0.0962372	0.00383294	0.000611393	0.00101803
28	0.0486686	0.0109202	0.00057655	0.00306537	0.071726	0.000688312	0.000687344	0.115872	0.00951381	0.411716	0.07467	0.00101827	0.000436478	0.000876772	0.00841419	0.0229247	0.0509708	0.15505	0.00455576	0.00764891
29	0.0459685	0.00330342	0.000396393	0.000472833	0.00651118	0.000456045	0.00187551	0.234082	0.000561392	0.0520278	0.0141495	0.000496222	0.00240933	0.000633874	0.00224024	0.000930427	0.0140065	0.619083	9.31215e-05	0.000302265
30	0.0281678	0.0036997	0.000431621	0.000635856	0.0143811	0.00345141	0.000510156	0.437253	0.000662143	0.213934	0.0352996	0.00151496	0.00103126	0.00223833	0.00181877	0.00618732	0.0121262	0.227889	0.00172197	0.00704602
31	0.0247431	0.00411117	0.00640548	0.0101435	0.29725	0.00787701	0.00828457	0.172612	0.00988064	0.0305815	0.0115208	0.00833454	0.00345356	0.0102477	0.0132384	0.0431554	0.0154197	0.266235	0.00183026	0.0546765
32	0.0245658	0.00171125	0.546313	0.0353761	0.00173048	0.00566337	0.00830332	0.00412736	0.00731263	0.00392935	0.00328561	0.265769	0.0132512	0.00808581	0.00519239	0.0358886	0.0216625	0.00483424	0.000910322	0.00208697
33	0.0753034	0.0530136	0.157591	0.114346	0.0248962	0.0791921	0.124776	0.00942638	0.0232855	0.00798753	0.0177055	0.135233	0.0415675	0.0691794	0.0152349	0.020146	0.0160488	0.00892498	0.00152878	0.00461377
34	0.10496	0.000841782	0.261113	0.31503	0.000725852	0.00285162	0.00202033	0.012488	0.00416051	0.00202608	0.00183071	0.0354775	0.0495478	0.0550637	0.0129516	0.0746451	0.0536557	0.00764873	0.0018872	0.00107429
35	0.00982566	0.00502545	0.000407748	0.000611989	0.0170258	0.001398	0.00185865	0.258404	0.00212855	0.53255	0.0358123	0.00138588	0.000468396	0.00214506	0.0025296	0.00255298	0.00611195	0.11018	0.0047839	0.00479414
36	0.0222043	0.00136635	0.0102348	0.00257849	0.000906325	0.00271692	0.00220697	0.00234049	0.00292159	0.00303882	0.00191769	0.00635108	0.00608351	0.0029961	0.00337817	0.503761	0.419964	0.00335261	0.000520216	0.00116011
37	0.308622	0.0085295	0.0107722	0.01576	0.00597769	0.220854	0.0137275	0.0155668	0.0166724	0.0158552	0.0110016	0.0150285	0.131384	0.017863	0.0199942	0.049382	0.0874831	0.0227028	0.00573896	0.00708373
38	0.132779	0.00229168	0.00275394	0.00413747	0.00160348	0.129584	0.00402386	0.0278278	0.0388092	0.00395616	0.0157051	0.0559866	0.00193001	0.00530564	0.0452568	0.3813	0.07421	0.069705	0.000977132	0.00185703
39	0.0609387	0.00693513	0.0267703	0.0491983	0.00820979	0.029474	0.0738749	0.0178348	0.121896	0.0405174	0.0255394	0.0427026	0.0113383	0.132824	0.231579	0.0467445	0.0348807	0.0252339	0.00334522	0.0101623
40	0.0952267	0.0036013	0.00614149	0.089722	0.0033319	0.0312577	0.0075066	0.125322	0.00790625	0.0601395	0.0762126	0.0331911	0.00293788	0.187911	0.0108786	0.0155569	0.127554	0.110507	0.00137411	0.00372133
41	0.0175645	0.000634416	0.00111352	0.00166023	0.000667368	0.00129946	0.00126755	0.00133918	0.126668	0.00167606	0.0010924	0.00544668	0.000578751	0.0262007	0.779595	0.0209148	0.00959576	0.00178427	0.000289607	0.000611769
42	0.113844	0.00749601	0.0209643	0.03425	0.0664814	0.0240744	0.117982	0.0191146	0.0216675	0.0149073	0.0113083	0.142692	0.00607363	0.0304483	0.0264077	0.142666	0.0255585	0.0708355	0.0131247	0.0901044
43	0.00527998	0.00569229	0.000457006	0.000657966	0.0174486	0.000947067	0.00226224	0.22403	0.00254049	0.591194	0.0360474	0.00136772	0.000393698	0.00218141	0.00280612	0.00157027	0.00466377	0.0901791	0.00580928	0.00447133
44	0.131376	0.00718894	0.0496902	0.254567	0.00360952	0.0728237	0.0238077	0.0134058	0.0945631	0.0207782	0.00916825	0.0136794	0.00259892	0.0801308	0.0433421	0.0805289	0.0269149	0.061017	0.00122232	0.00958822
45	0.179413	0.00110061	0.00942943	0.0463633	0.00102465	0.0085966	0.0288029	0.0186893	0.25678	0.0181442	0.00163487	0.0376057	0.000848285	0.0814653	0.229879	0.05133	0.0126987	0.0146526	0.000392101	0.00114951
46	0.234816	0.00189427	0.00291713	0.110487	0.0440656	0.0294037	0.0234142	0.071445	0.0319605	0.0650952	0.00422107	0.00353858	0.00221514	0.0542511	0.0517685	0.066973	0.00579688	0.181822	0.000708132	0.0132074
47	0.0455094	0.0131545	0.00070358	0.00296272	0.0858812	0.00078224	0.000748537	0.11052	0.0088378	0.417295	0.0737805	0.00139913	0.000424899	0.00101928	0.00784179	0.0225415	0.0500752	0.14437	0.00477824	0.00737492
48	0.025374	0.011522	0.0571782	0.184939	0.00219358	0.192589	0.0405044	0.00381698	0.148031	0.00358109	0.00330722	0.0764312	0.0202579	0.139861	0.0439734	0.0304663	0.00648293	0.00690883	0.000640739	0.0019406
49	0.0814426	0.136108	0.00423097	0.00574663	0.00258984	0.00919965	0.00502258	0.183336	0.0582104	0.0550703	0.0215297	0.00628075	0.00397937	0.0104029	0.0856708	0.0400392	0.0676485	0.218971	0.000936896	0.00358303
50	0.0682253	0.00331296	0.00639614	0.0848398	0.00433907	0.00911665	0.0357479	0.0284238	0.140014	0.0396689	0.0315596	0.0137354	0.0757903	0.172215	0.197897	0.0193772	0.0177364	0.0432338	0.00195876	0.00641241
51	0.0459685	0.00330342	0.000396393	0.000472833	0.00651118	0.000456045	0.00187551	0.234082	0.000561392	0.0520278	0.0141495	0.000496222	0.00240933	0.000633874	0.00224024	0.000930427	0.0140065	0.619083	9.31215e-05	0.000302265
52	0.0193895	0.00416579	0.00042991	0.000608792	0.0184195	0.00289832	0.00106791	0.371339	0.00130621	0.334675	0.0359183	0.00230318	0.00045025	0.002125	0.00190193	0.00423906	0.00942826	0.177199	0.00309852	0.00903648
53	0.0673316	0.00335094	0.337873	0.127467	0.00451597	0.0335081	0.0162462	0.0121251	0.0331153	0.0137418	0.00819699	0.0789393	0.01291	0.0377129	0.0197625	0.0720499	0.099388	0.0154657	0.0015962	0.00470426
54	0.0424424	0.00479114	0.0108974	0.0200409	0.00661332	0.0151221	0.0153713	0.0112504	0.130664	0.0253451	0.0120428	0.019985	0.00374348	0.0480137	0.541701	0.0400456	0.0269849	0.0164835	0.00190348	0.00655846
55	0.0633632	0.00516963	0.00694342	0.00994751	0.00560765	0.0446583	0.0383164	0.0115127	0.0133512	0.0103134	0.0373126	0.127886	0.00363458	0.0453135	0.0226631	0.173123	0.239295	0.129656	0.00392806	0.00800484
56	0.0711996	0.0017521	0.0170933	0.0732564	0.0145517	0.391821	0.00427215	0.0170788	0.00491792	0.0342248	0.0311661	0.0640162	0.00154967	0.0304945	0.0543753	0.121936	0.0456668	0.00519931	0.00126633	0.0141615
57	0.0425547	0.00372484	0.000389841	0.00055056	0.00784892	0.000863589	0.00164888	0.262869	0.000585623	0.0867407	0.0186266	0.000559422	0.00258068	0.000953336	0.0022168	0.00204709	0.0137837	0.549774	0.000469856	0.00121247
58	0.040278	0.00670647	0.00477783	0.00609555	0.0163219	0.00765658	0.00495172	0.322421	0.0114454	0.23702	0.0326717	0.00537448	0.00331997	0.00814419	0.0140245	0.0192075	0.0228306	0.228464	0.00235744	0.00593143
59	0.0133826	0.00563564	0.000526117	0.00130678	0.0189014	0.00125555	0.00192657	0.240734	0.00272603	0.515477	0.0383077	0.00141267	0.000613543	0.00237334	0.00335562	0.00369702	0.00941808	0.130083	0.0043983	0.00446917
60	0.0569814	0.00300825	0.211301	0.390507	0.0015737	0.0166293	0.0106547	0.0105515	0.0194756	0.0187149	0.00383323	0.0487582	0.0165561	0.0920022	0.0210287	0.0315807	0.0221261	0.0101189	0.00848044	0.00611773
61	0.0392046	0.00584174	0.00168381	0.002029	0.018798	0.00331022	0.00221034	0.317955	0.00513346	0.169729	0.0279878	0.00259151	0.00227509	0.00390214	0.00669782	0.00959065	0.0169452	0.35729	0.00172658	0.00509784
62	0.0474725	0.0213993	0.0197873	0.0293256	0.245212	0.0182495	0.0293968	0.0447396	0.0180715	0.15693	0.0598132	0.0218649	0.00613763	0.0192633	0.0260593	0.0369663	0.0283912	0.0752556	0.0132077	0.0824571
63	0.252734	0.00822876	0.0102549	0.0487742	0.00437808	0.049432	0.0452859	0.0104149	0.0432542	0.0457418	0.0372613	0.0146939	0.00358205	0.0183502	0.0189964	0.334026	0.0240401	0.0210332	0.00201512	0.00750343
64	0.0756493	0.00774184	0.0473387	0.0302805	0.0078676	0.0341053	0.0228812	0.0216599	0.0945717	0.154386	0.132308	0.0351075	0.00127817	0.10404	0.119158	0.0572283	0.041926	0.0096037	0.000633795	0.00223556
65	0.036708	0.00656907	0.0132343	0.0172706	0.00786322	0.0170759	0.277503	0.0149704	0.0208263	0.016822	0.0135153	0.1389	0.00681377	0.0325098	0.279476	0.028394	0.0405153	0.0188928	0.00324067	0.00889883
66	0.35309	0.0272202	0.0316301	0.0447236	0.00812128	0.0361954	0.0207181	0.0282214	0.0341798	0.0277706	0.0125925	0.0218041	0.0123004	0.0259019	0.0390548	0.124685	0.05725	0.08161	0.00178925	0.0111419
67	0.0317949	0.00574613	0.00175225	0.020954	0.012265	0.0077745	0.0341387	0.0118755	0.184311	0.0358511	0.015935	0.0355355	0.00783616	0.0951822	0.403041	0.0310602	0.0293594	0.0198345	0.00275417	0.0129979
68	0.0220561	0.00135699	0.0102269	0.00258891	0.000929047	0.0027401	0.00221976	0.0023384	0.00291689	0.00310639	0.00191337	0.00635199	0.00607596	0.00308102	0.00338914	0.502541	0.421128	0.0033655	0.000520179	0.00115456
69	0.159441	0.00317581	0.0254814	0.00975415	0.147839	0.00667083	0.123979	0.00756776	0.0863969	0.0304916	0.00618855	0.00867464	0.0257679	0.00973663	0.106868	0.10139	0.0106972	0.0113816	0.00244542	0.116052
70	0.195772	0.00588658	0.0237839	0.151697	0.0101292	0.0221943	0.0641648	0.0132075	0.0341405	0.0160624	0.0111689	0.0509392	0.00557941	0.0768097	0.0259418	0.111735	0.0823916	0.055035	0.00309355	0.0402677
71	0.325584	0.00637825	0.00624168	0.0140648	0.00296967	0.0878693	0.0106694	0.0100818	0.0122576	0.00910769	0.00801149	0.0153372	0.00331491	0.0121493	0.0176981	0.376851	0.0428295	0.0323634	0.000798641	0.00542206
72	0.0289496	0.00105904	0.00227671	0.0224418	0.00168007	0.0489443	0.0256663	0.00315069	0.429511	0.0119167	0.0240914	0.00486053	0.00123136	0.0705598	0.260895	0.0332323	0.0139346	0.012946	0.000508033	0.0021447
73	0.0458264	0.010182	0.00130827	0.00834419	0.0616963	0.000828822	0.00151655	0.109773	0.00843514	0.416668	0.0874761	0.00246632	0.000482268	0.00437201	0.0137628	0.0209283	0.0509906	0.143644	0.00378402	0.00751535
74	0.0710776	0.00754777	0.0497817	0.132922	0.011298	0.0417991	0.0281978	0.0313569	0.0597039	0.0787578	0.0945309	0.0333467	0.0123051	0.13212	0.0634941	0.0574887	0.0460126	0.0323162	0.00319068	0.0127527
75	0.0416247	0.00372383	0.000708977	0.00139205	0.0104629	0.00157559	0.00195645	0.285636	0.00195554	0.11566	0.0214033	0.00135996	0.00244888	0.00164808	0.00325446	0.0050119	0.0151653	0.481344	0.000842428	0.00282523
76	0.118929	0.00465979	0.0615987	0.197749	0.00519801	0.0439986	0.0474674	0.0132252	0.130616	0.026137	0.0130096	0.0372868	0.00721902	0.0931343	0.0740317	0.0550527	0.0339704	0.0273809	0.00139419	0.00794188
77	0.0143104	0.00638633	0.00183709	0.00980781	0.0253047	0.000883908	0.00306694	0.163865	0.00336356	0.548975	0.0740851	0.00343626	0.000428529	0.00722263	0.0112877	0.00698477	0.0194613	0.0902279	0.00414944	0.00491595
78	0.342087	0.0264539	0.0290556	0.0422418	0.00919881	0.0290432	0.0209136	0.0386944	0.0339402	0.0296896	0.017408	0.0227755	0.0136325	0.0263373	0.0384792	0.113926	0.058228	0.0914392	0.00619431	0.0102612
79	0.0320837	0.00399677	0.00224101	0.0184483	0.0150031	0.00883558	0.03237	0.0132963	0.166745	0.0466281	0.0170324	0.037744	0.00768051	0.083155	0.422012	0.0305639	0.0271828	0.0158929	0.00364452	0.0154439
80	0.030509	0.0480181	0.00719487	0.0152382	0.21314	0.00277757	0.00807135	0.0258534	0.00442181	0.349233	0.107131	0.0171818	0.00154332	0.00528176	0.0075238	0.00971027	0.0268856	0.0413127	0.00858528	0.0703875
81	0.0235266	0.0028745	0.021988	0.132269	0.00160384	0.0345222	0.00627314	0.0159452	0.242231	0.0265178	0.00351976	0.0505858	0.00162879	0.195093	0.139462	0.0526158	0.0367894	0.00868165	0.00051514	0.00335674
82	0.0409192	0.00603025	0.0108075	0.0210522	0.0815376	0.0112458	0.147462	0.0112717	0.0182857	0.0232163	0.0140452	0.0150663	0.00677985	0.0166923	0.0238043	0.0329544	0.0180261	0.026275	0.00525826	0.46927
83	0.0188631	0.00751875	0.00781602	0.0543459	0.0136554	0.00173732	0.00794071	0.0746971	0.00261556	0.408115	0.179612	0.0141932	0.000844454	0.0334502	0.047248	0.0124951	0.0453972	0.0613961	0.000363717	0.00769578
84	0.399804	0.00721425	0.00658654	0.00870951	0.0029621	0.0352564	0.00768135	0.0344108	0.0096503	0.111497	0.0340799	0.0336461	0.00427925	0.0108666	0.0946448	0.0888037	0.0393248	0.0127811	0.00168485	0.0561164
85	0.0462526	0.00420192	0.00954865	0.00860368	0.00299488	0.00936192	0.00738131	0.0105981	0.0125283	0.00814867	0.00500447	0.026123	0.0648054	0.00884807	0.0109188	0.452861	0.296913	0.0102064	0.00138061	0.00331958
86	0.0514854	0.00398131	0.0106324	0.0174817	0.0083454	0.014928	0.0215939	0.0166121	0.135104	0.024582	0.0127899	0.0212416	0.00564934	0.0490354	0.496937	0.0450829	0.0326226	0.0212493	0.00223325	0.00841246
87	0.0277777	0.0130457	0.0053815	0.0132935	0.0526672	0.00622194	0.00516851	0.141631	0.00823091	0.45471	0.0827231	0.00787302	0.00154585	0.0120874	0.0169699	0.0165106	0.0269582	0.0897272	0.00466806	0.0128082
88	0.086101	0.0109278	0.00666402	0.0047343	0.00195213	0.0053793	0.0069506	0.210316	0.117013	0.0330799	0.00644752	0.00822455	0.00767205	0.0263996	0.0632748	0.0752513	0.0848691	0.241626	0.00101725	0.00210017
89	0.0234499	0.00208613	0.135518	0.0998429	0.00150858	0.462162	0.0420462	0.00853171	0.0474112	0.00327637	0.00271431	0.081128	0.002616	0.0180213	0.0284727	0.0248177	0.010459	0.00367854	0.000559133	0.00170009
90	0.082914	0.00121058	0.0525604	0.0455584	0.0106309	0.0440064	0.019109	0.0153864	0.0571479	0.158808	0.196405	0.0162817	0.00132125	0.0813544	0.0970987	0.0667107	0.0466694	0.00413933	0.000670301	0.0020173
91	0.0943581	0.00557695	0.0093302	0.0149415	0.010469	0.0797004	0.0752877	0.0131552	0.0481424	0.0118435	0.00956355	0.0931476	0.00430098	0.0181206	0.0527004	0.108438	0.0608674	0.0579056	0.18499	0.047161
92	0.058989	0.0270884	0.212164	0.0844958	0.0142448	0.0727453	0.121469	0.0106647	0.0266185	0.0085702	0.0356915	0.138123	0.0489632	0.0600767	0.0173365	0.0197825	0.0260994	0.0112739	0.00189853	0.00370523
93	0.0697	0.0016368	0.0592163	0.0603531	0.0173075	0.0479722	0.0214824	0.0171099	0.0656686	0.155755	0.137159	0.020442	0.0013431	0.0946405	0.0933987	0.0789879	0.0485594	0.00520114	0.000519448	0.00354729
94	0.0544067	0.0252356	0.137383	0.417447	0.00310315	0.0644725	0.00921078	0.00738743	0.0125654	0.00982908	0.0100877	0.0129195	0.00397858	0.0219714	0.0178685	0.156039	0.0182742	0.0120475	0.00176467	0.00400827
95	0.027063	0.00185591	0.00755493	0.020425	0.00202009	0.0136851	0.0113263	0.00456825	0.228244	0.00915308	0.00677392	0.0126394	0.00186122	0.0775127	0.521854	0.0265886	0.0160476	0.00787359	0.000541448	0.00241189
96	0.0726452	0.0109859	0.0113707	0.0230885	0.00869725	0.0250755	0.0217851	0.0757088	0.0432459	0.120621	0.0301942	0.0306649	0.00528234	0.179068	0.116394	0.0780404	0.0393652	0.0940692	0.0022561	0.0114412
97	0.0270366	0.000895816	0.00159223	0.0238692	0.000974389	0.0547134	0.0266321	0.00218826	0.452751	0.00787121	0.0249841	0.00204954	0.00070153	0.0693253	0.247822	0.0319692	0.012711	0.0105392	0.000347595	0.00102599
98	0.163708	0.0122593	0.0231808	0.0367432	0.0121556	0.181407	0.0359249	0.0239823	0.0340954	0.0230497	0.0175235	0.0460091	0.0170686	0.0274035	0.0408188	0.0799088	0.0507755	0.0397291	0.109448	0.0248091
99	0.386603	0.0244985	0.00807021	0.0441437	0.0047118	0.022211	0.00947232	0.0516187	0.0169716	0.0133474	0.0093301	0.0143524	0.0612955	0.0128119	0.0408188	0.117956	0.0526782	0.101158	0.00179875	0.00615171
100	0.0803807	0.00634097	0.0807723	0.07972	0.0071446	0.324077	0.0272901	0.0177471	0.0493134	0.0199601	0.0138048	0.0581139	0.00801842	0.0338687	0.0396508	0.0844449	0.0349691	0.0199303	0.00444475	0.0100077
101	0.0732767	0.00878293	0.1613	0.231435	0.00653587	0.08159	0.0644067	0.0134751	0.0489134	0.0159073	0.00989481	0.0647061	0.0111423	0.075514	0.030971	0.0419806	0.0331139	0.015721	0.00194135	0.00939181
102	0.037229	0.00186199	0.00914852	0.0298031	0.00174993	0.00968606	0.00431704	0.0101124	0.200165	0.00975321	0.0202014	0.00393366	0.0201666	0.0164019	0.060267	0.267793	0.278624	0.0162863	0.000733125	0.00176722
103	0.0962123	0.0015501	0.0693928	0.151301	0.00949688	0.0322604	0.0333008	0.0164902	0.104571	0.0633323	0.0161919	0.0357788	0.00392921	0.153274	0.0517838	0.0866091	0.0556768	0.0110482	0.000524382	0.00727582
104	0.00555732	0.00567178	0.000484688	0.000868643	0.0174362	0.000889089	0.00241377	0.210928	0.00249128	0.606269	0.0366173	0.00132192	0.000366801	0.0022539	0.002951	0.00173994	0.00543494	0.0869417	0.00537738	0.00398531
105	0.147913	0.00697893	0.0661264	0.23593	0.0103712	0.0352229	0.0212008	0.0261295	0.0593308	0.0276183	0.0122402	0.0206714	0.00748409	0.0915838	0.0391041	0.0511176	0.0390527	0.0856801	0.00237744	0.0138666
106	0.0476815	0.00866985	0.00237657	0.00669296	0.0494748	0.00282091	0.00278753	0.098681	0.0165345	0.363217	0.0983874	0.00421678	0.0014987	0.00497418	0.0116766	0.0441675	0.101714	0.116417	0.0036322	0.0143791
107	0.0502024	0.00242128	0.456201	0.103812	0.00185353	0.0202776	0.0130271	0.0059486	0.0188092	0.00343705	0.00389177	0.170465	0.0132325	0.0248295	0.00876064	0.0462909	0.0485737	0.00514677	0.000993638	0.00182571
108	0.0175645	0.000634416	0.00111352	0.00166023	0.000667368	0.00129946	0.00126755	0.00133918	0.126668	0.00167606	0.0010924	0.00544668	0.000578751	0.0262007	0.779595	0.0209148	0.00959576	0.00178427	0.000289607	0.000611769
109	0.0448791	0.00390305	0.0132781	0.0264816	0.00517862	0.0170687	0.0209499	0.0119153	0.140329	0.0272813	0.0150805	0.0226217	0.0063803	0.0868031	0.462603	0.0398395	0.0276195	0.0188279	0.00216542	0.00679377
110	0.0771468	0.00184702	0.0465952	0.0247227	0.00712161	0.0309826	0.0249533	0.032303	0.0766518	0.146031	0.221658	0.0175404	0.0019063	0.0616165	0.115681	0.0575332	0.0466557	0.00583321	0.000926265	0.00229379
111	0.0286138	0.00357787	0.00042317	0.000641911	0.0141077	0.00333598	0.000507325	0.443536	0.000676025	0.210559	0.0360449	0.00150624	0.000979432	0.00233578	0.00203593	0.00682151	0.0125344	0.223225	0.00169047	0.00684765
112	0.0972942	0.00433362	0.144308	0.0116318	0.00306788	0.03371	0.0245768	0.00755288	0.109107	0.0578719	0.00934289	0.010085	0.00229173	0.130632	0.272231	0.0566228	0.0118223	0.00825262	0.00111726	0.0041488
113	0.0643504	0.001713	0.213617	0.165712	0.00151535	0.0874535	0.0364412	0.0206477	0.0693491	0.00233165	0.0107382	0.120039	0.00462278	0.0574904	0.0360117	0.00828862	0.0823708	0.0155691	0.000665059	0.00107386
114	0.0185966	0.000949166	0.00115542	0.00217078	0.00126079	0.00136691	0.0021563	0.00167816	0.134351	0.00187337	0.0014311	0.00658497	0.000550742	0.0346257	0.754355	0.0218033	0.0114265	0.00272963	0.000296018	0.000638543
115	0.0294321	0.00343135	0.00043102	0.000671841	0.0137749	0.00326377	0.000553759	0.445274	0.000660067	0.206275	0.0387693	0.00148533	0.00102328	0.00270157	0.00230607	0.00768118	0.0126193	0.221409	0.00166472	0.00657321
116	0.292118	0.00150315	0.0159016	0.0307534	0.0144021	0.00442298	0.0570297	0.00437383	0.0973193	0.0039494	0.0282027	0.00429718	0.00163305	0.0327123	0.106012	0.156741	0.100537	0.0449979	0.000927646	0.0021648
117	0.0363404	0.00359435	0.0786707	0.154242	0.000942075	0.0458938	0.0231224	0.00928708	0.252149	0.00806919	0.00244358	0.0327877	0.002999	0.12947	0.130322	0.045842	0.01867	0.0217208	0.000527587	0.00290565
118	0.00766989	0.00525914	0.000425492	0.000655111	0.0167466	0.00119194	0.00206332	0.239262	0.00218653	0.566729	0.0363225	0.00128706	0.000394831	0.00222547	0.00250755	0.00203778	0.00572231	0.0979807	0.0048993	0.00443301
119	0.180403	0.00091092	0.144377	0.297193	0.0011524	0.0309404	0.0050748	0.00905383	0.0778809	0.0255593	0.00228517	0.00453665	0.000815462	0.0506949	0.023237	0.0336865	0.060734	0.0437731	0.000369356	0.00732191
120	0.0647152	0.00472184	0.05017	0.0747099	0.000797911	0.0290817	0.00826399	0.0111165	0.343376	0.0130425	0.00199195	0.0247599	0.000912491	0.122223	0.150254	0.0566959	0.0259982	0.0120235	0.000348004	0.00479714
121	0.045505	0.00352999	0.000391906	0.000492004	0.00679351	0.000593461	0.00180397	0.246979	0.000541365	0.0620965	0.0165853	0.000504568	0.00268354	0.000714951	0.00217285	0.00134159	0.013861	0.592668	0.000200237	0.000541584
122	0.0623828	0.00246913	0.0959599	0.251376	0.00197069	0.057878	0.0382589	0.0120056	0.119147	0.010356	0.00538958	0.039871	0.00422269	0.106018	0.0778918	0.052958	0.0262482	0.0319516	0.000522647	0.00312271
123	0.0706414	0.00491735	0.006918	0.00776921	0.00321732	0.0652956	0.0341055	0.0368344	0.0146032	0.0431773	0.0306591	0.0835902	0.00369804	0.230941	0.169907	0.111396	0.0139831	0.0401576	0.00156857	0.0266196
124	0.104215	0.0116321	0.00996013	0.023152	0.00544189	0.0178926	0.0230762	0.0351055	0.0846977	0.0434425	0.0299006	0.0274346	0.00693709	0.0862798	0.226112	0.0578486	0.111335	0.0868715	0.00229224	0.00637343
125	0.0749451	0.00758237	0.0567805	0.0745794	0.00140133	0.0348745	0.00908817	0.00906004	0.300237	0.012577	0.0024026	0.0255425	0.00144953	0.133063	0.142495	0.0691789	0.0253973	0.0109588	0.000457692	0.00793023
126	0.168167	0.0021803	0.0294687	0.0182095	0.00210753	0.084789	0.0168157	0.0041862	0.0327193	0.00461476	0.00353461	0.0236363	0.0017685	0.0819191	0.136637	0.332211	0.0485716	0.00568617	0.000713887	0.00206268
127	0.0309072	0.00211415	0.00742898	0.0136364	0.00385293	0.0111996	0.0136309	0.00633726	0.171604	0.017985	0.00928632	0.0134922	0.00316094	0.0462712	0.58661	0.0277176	0.0195664	0.0100059	0.00107986	0.0041131
128	0.0606011	0.0358514	0.00193947	0.0029862	0.00106165	0.0205491	0.00320503	0.0471782	0.0384742	0.0211703	0.0619591	0.0316473	0.000984357	0.0767684	0.166983	0.0963178	0.23363	0.09693	0.000399486	0.00136377
129	0.0333368	0.00420797	0.000395759	0.000547608	0.0134632	0.0027874	0.000762752	0.385062	0.000595936	0.18256	0.0310095	0.00139407	0.00148317	0.00189181	0.00176669	0.00494852	0.0123278	0.314206	0.00134047	0.00591233
130	0.382058	0.00374123	0.00253594	0.0121895	0.0014999	0.0640806	0.00748348	0.00640639	0.00843745	0.00556611	0.00526972	0.0086586	0.00167759	0.00464699	0.00752169	0.405407	0.0340972	0.035097	0.000652599	0.00297279
131	0.00920279	0.00525868	0.000425032	0.000666941	0.0175263	0.00144669	0.00194363	0.268756	0.00220829	0.521383	0.03553	0.00151661	0.000394033	0.00216122	0.00256151	0.00226721	0.00577338	0.110509	0.00504683	0.00542281
132	0.0451855	0.00344139	0.000454695	0.000548677	0.00681994	0.000621697	0.0017891	0.249462	0.00123927	0.0626199	0.0154341	0.000604741	0.00256865	0.000909147	0.00250405	0.00164896	0.0146861	0.588635	0.00017941	0.00064743
133	0.0747164	0.0100475	0.0806565	0.0743316	0.00849502	0.341438	0.0292701	0.0210271	0.0446594	0.0210078	0.0170067	0.0539189	0.00939016	0.0348845	0.0407802	0.063446	0.0345268	0.0251539	0.00520245	0.010041
134	0.0594223	0.0142496	0.0193123	0.037692	0.111409	0.0198267	0.0669033	0.0251557	0.0228845	0.0817806	0.0359054	0.0269753	0.00775065	0.024912	0.0364843	0.0531588	0.0266823	0.0404214	0.010599	0.278475
135	0.0834906	0.00782434	0.0347375	0.0324339	0.010996	0.0296097	0.0260113	0.0317606	0.037741	0.0392646	0.0204061	0.0307356	0.0163236	0.0278828	0.0399533	0.199	0.266283	0.0514104	0.00441374	0.00972224
136	0.102242	0.0106686	0.0720873	0.0412933	0.0110648	0.0501705	0.0345996	0.0245971	0.039356	0.0303314	0.0214122	0.138788	0.0104523	0.0449829	0.0531977	0.189904	0.0641726	0.0409197	0.00511357	0.0146465
137	0.38206	0.00794311	0.00311881	0.0127357	0.00195666	0.038021	0.00920444	0.0119902	0.00760473	0.00736558	0.00438228	0.00765665	0.0027394	0.00545389	0.00710912	0.399071	0.0378675	0.0492355	0.000461795	0.00402329
138	0.0784525	0.00656129	0.0794475	0.0783386	0.00627448	0.339015	0.0286066	0.0207132	0.0431049	0.0189904	0.014737	0.0559606	0.0104348	0.0333691	0.0391905	0.0686757	0.0379282	0.0270862	0.00317949	0.00993342
139	0.0700488	0.00666633	0.0360999	0.064139	0.00756955	0.0420565	0.0279248	0.0221116	0.244013	0.0350186	0.0190846	0.0279501	0.00872282	0.0785834	0.173816	0.0528716	0.0418393	0.03079	0.00221377	0.0084799
140	0.139388	0.00899687	0.0229945	0.024242	0.00471391	0.0253227	0.019441	0.0160102	0.0240755	0.0182493	0.00943126	0.0203917	0.00644038	0.0182399	0.027737	0.447025	0.135032	0.0230184	0.00190521	0.00734579
141	0.0241633	0.00155028	0.0102969	0.00279001	0.00114457	0.00339481	0.00267022	0.00255698	0.00329688	0.00317971	0.00214857	0.00746648	0.00610274	0.00339289	0.00374155	0.502057	0.414075	0.004169	0.000595496	0.00120812
142	0.0100114	0.00595685	0.000952797	0.00433118	0.0199388	0.000978755	0.00243808	0.202224	0.00306707	0.569367	0.0511604	0.00191089	0.000501842	0.00439996	0.00586037	0.00430117	0.0121501	0.0915031	0.00464124	0.00430451
143	0.0286434	0.0407595	0.00759641	0.015296	0.245859	0.0029698	0.00841028	0.0277172	0.00526891	0.303921	0.110336	0.0144004	0.00189567	0.00491345	0.00704098	0.0110786	0.0315803	0.043032	0.0103384	0.0789418
144	0.0387195	0.00628118	0.0138775	0.0219274	0.00768987	0.0183469	0.0935023	0.0177325	0.0628769	0.023532	0.0146805	0.135774	0.00825318	0.0824558	0.265744	0.0375057	0.111202	0.0244994	0.00354561	0.0118539
145	0.179057	0.00397912	0.0037821	0.0107667	0.00306372	0.00745203	0.0199646	0.142584	0.0198395	0.0412795	0.00580655	0.00632893	0.00355103	0.0268242	0.0166967	0.0926904	0.139423	0.273554	0.00075642	0.00260071
146	0.0179515	0.0312484	0.0136018	0.0283081	0.298375	0.00338847	0.0148075	0.00341321	0.00390011	0.240847	0.0942366	0.0190736	0.00307166	0.00713861	0.00763416	0.00883066	0.0148628	0.0134227	0.0174531	0.158435
147	0.16589	0.00449566	0.00633481	0.0872863	0.00367635	0.031363	0.00919129	0.0661604	0.00876941	0.0112878	0.00734241	0.00751675	0.0031153	0.0129943	0.0116124	0.0194619	0.0693401	0.467845	0.00144047	0.00487713
148	0.133945	0.00269508	0.139946	0.264687	0.00291225	0.04021	0.036732	0.010984	0.0925204	0.0154829	0.00826448	0.0544598	0.00614623	0.0612661	0.0334947	0.0295361	0.0410158	0.020046	0.00131819	0.00433828
149	0.01928	0.00216322	0.520164	0.0278263	0.00216396	0.00529196	0.00759026	0.00474732	0.00510707	0.0046723	0.00391853	0.327734	0.0164155	0.00641053	0.00602174	0.0211904	0.0100988	0.00586746	0.000895068	0.00244201
150	0.0314539	0.00138882	0.00420068	0.0276338	0.00141209	0.0472322	0.0265188	0.00332365	0.436076	0.0093842	0.0241256	0.00441877	0.00145069	0.0795304	0.245004	0.0306099	0.0132401	0.0111116	0.000439258	0.00144607
151	0.0735689	0.0150779	0.0180703	0.0323483	0.0292535	0.0262576	0.023426	0.0748448	0.04054	0.229297	0.036674	0.02369	0.0774139	0.0394919	0.0558713	0.0544423	0.0508062	0.0729472	0.00608043	0.0198984
152	0.0435295	0.022675	0.0149855	0.0275474	0.238036	0.0173486	0.0273286	0.0546239	0.0173304	0.184096	0.0623296	0.0211591	0.00781524	0.0182469	0.0251573	0.0346265	0.0270012	0.0693207	0.00996015	0.076882
153	0.517072	0.0667659	0.0044605	0.00865984	0.00289578	0.017387	0.00583629	0.028219	0.01201	0.0140273	0.00606753	0.0107005	0.00906174	0.00577424	0.0119255	0.0617383	0.0637319	0.147901	0.00149776	0.00426805
154	0.0625002	0.00633933	0.0139341	0.0116225	0.0036638	0.0171654	0.0090614	0.0144453	0.0212119	0.0135488	0.0110685	0.0153086	0.0109197	0.0152543	0.0206763	0.386167	0.339635	0.0226377	0.000772224	0.00406817
155	0.0172347	0.00549785	0.000693166	0.00148087	0.0208062	0.00152146	0.00193789	0.261436	0.0033605	0.452015	0.03976	0.00173811	0.000850545	0.00263533	0.00390469	0.00520846	0.0117119	0.158997	0.00403279	0.00517806
156	0.0505616	0.00221229	0.407248	0.094295	0.00216883	0.0354362	0.0155165	0.00795899	0.0283517	0.00567398	0.00653147	0.131558	0.0107923	0.0310474	0.0141474	0.0610826	0.0835866	0.00800932	0.00124962	0.00257258
157	0.203789	0.00533451	0.00710346	0.0123722	0.00390993	0.0240023	0.0110309	0.0559285	0.0137603	0.0110558	0.00690676	0.0136044	0.106706	0.0121734	0.0155782	0.2096	0.232677	0.0483756	0.00171268	0.00437877
158	0.041022	0.00340575	0.00702896	0.0211404	0.00347823	0.0245937	0.0423839	0.00798583	0.308095	0.0303256	0.0179526	0.012276	0.00585707	0.0588039	0.22874	0.0377249	0.123587	0.0198608	0.00103292	0.00470603
159	0.0525208	0.0102621	0.00123583	0.00369278	0.0718508	0.00163702	0.00182592	0.114831	0.00968145	0.367853	0.0740543	0.00200468	0.000760294	0.00216985	0.00868177	0.0272563	0.0751552	0.16305	0.00412458	0.00735193
160	0.028986	0.00124025	0.00476762	0.0147797	0.0032652	0.0135427	0.0115831	0.00456973	0.212592	0.0129807	0.00889963	0.00987625	0.00218707	0.047745	0.56797	0.0263096	0.0163457	0.00871159	0.000736526	0.00291212
161	0.0694964	0.00311622	0.00948392	0.0295786	0.0050941	0.0102956	0.0224463	0.0171917	0.238937	0.0249306	0.00722885	0.0384085	0.00553215	0.101845	0.305655	0.0417863	0.040041	0.0185725	0.00135416	0.00900567
162	0.00528914	0.00572779	0.000452994	0.000669417	0.0175984	0.000935036	0.00226212	0.222899	0.00254148	0.59217	0.0360562	0.00135635	0.000390887	0.00218131	0.00278585	0.00159165	0.00471331	0.090137	0.00581759	0.00442419
163	0.0479883	0.00160804	0.0731693	0.144528	0.0745497	0.0154759	0.0336502	0.0520275	0.0286488	0.0107496	0.017067	0.0517012	0.00398297	0.059757	0.0328919	0.0804818	0.00524905	0.114698	0.0280711	0.123705
164	0.0460575	0.00331886	0.000389776	0.000497067	0.00673714	0.000522321	0.00185954	0.239474	0.000557724	0.056745	0.0154458	0.000505128	0.00255176	0.000661593	0.00220874	0.00104985	0.0140918	0.606699	0.000140029	0.000487598
165	0.0341321	0.00426931	0.000446715	0.000916703	0.0200463	0.00279895	0.000531601	0.395238	0.0019326	0.237868	0.0422912	0.00138545	0.000997469	0.00221686	0.00352479	0.0105957	0.0194452	0.212892	0.00190761	0.00656372
166	0.00707724	0.0053819	0.00040918	0.000657996	0.0176954	0.00111787	0.00213568	0.231179	0.00241729	0.572797	0.0375107	0.00132136	0.000364986	0.00212963	0.00270489	0.0021194	0.00568988	0.0976795	0.00521328	0.00439744
167	0.255893	0.00272606	0.00336603	0.00592484	0.00211093	0.00761114	0.00709597	0.0892825	0.00598799	0.0115805	0.00378788	0.00538364	0.0116898	0.0090053	0.00798056	0.227813	0.21033	0.129064	0.000985157	0.00238229
168	0.065754	0.00495663	0.342609	0.122187	0.00780801	0.0454291	0.0215473	0.0121886	0.0313404	0.0185738	0.0125465	0.11025	0.0144203	0.0369499	0.0224162	0.0574761	0.0494731	0.0129403	0.00265093	0.00848222
169	0.0683808	0.00678959	0.0149815	0.0123455	0.00465237	0.0156341	0.00827463	0.0170911	0.0220003	0.0178848	0.0112977	0.0160814	0.00824237	0.0143557	0.0233643	0.381989	0.32383	0.0266112	0.00156823	0.00462503
170	0.0627159	0.00567568	0.00572996	0.0133593	0.0165337	0.00789507	0.00546103	0.215621	0.0097449	0.0849854	0.0194298	0.00524044	0.00311376	0.00987772	0.012957	0.02045	0.0230364	0.470909	0.00169821	0.00556545
171	0.0702488	0.00677848	0.0908884	0.0834356	0.00952823	0.315195	0.0321572	0.0183684	0.0515579	0.0201499	0.0143234	0.0620343	0.0104652	0.0375512	0.045515	0.0656053	0.0319023	0.0211798	0.00556066	0.00755468
172	0.0510148	0.0234855	0.0141315	0.0255426	0.250264	0.0131588	0.0207565	0.0496015	0.0171813	0.1718	0.0607398	0.0203704	0.00584063	0.016821	0.0277955	0.0386403	0.0326509	0.0767837	0.00934347	0.0740771
173	0.0754023	0.00997925	0.0512946	0.0823736	0.0134246	0.0377478	0.0382077	0.0307127	0.0635693	0.0315597	0.0246344	0.0409235	0.134639	0.127696	0.0782827	0.0563139	0.0514492	0.0336501	0.00511179	0.0130279
174	0.0311027	0.00529796	0.0107835	0.0133819	0.0051055	0.0123343	0.327308	0.0132599	0.0533943	0.0138029	0.00974271	0.0130211	0.0826618	0.0169644	0.0204013	0.0264524	0.322507	0.0147449	0.00241152	0.00532199
175	0.0657357	0.00175316	0.204934	0.170118	0.00179613	0.0846077	0.0401179	0.0185872	0.0703403	0.00256884	0.0119974	0.115416	0.00527579	0.058036	0.0381274	0.00977716	0.0855682	0.0134937	0.00063871	0.00111025
176	0.0180436	0.00604217	0.00215548	0.003875	0.0241903	0.00214871	0.00323996	0.243892	0.00432554	0.476568	0.0400664	0.00253066	0.00127321	0.00503828	0.00495656	0.00746392	0.0140609	0.130671	0.00445968	0.00499801
177	0.0446358	0.00317503	0.000418495	0.000584828	0.00636436	0.000475263	0.00187403	0.238672	0.000597856	0.0506494	0.0144201	0.00059312	0.00234922	0.000709407	0.0027117	0.00106169	0.014027	0.616157	0.000112957	0.00041104
178	0.175445	0.000890831	0.151759	0.298924	0.00107747	0.0293886	0.00493171	0.00865925	0.0754842	0.0236563	0.00211156	0.00605679	0.00210651	0.0516752	0.0217899	0.0351647	0.0622757	0.0415131	0.000347826	0.00674299
179	0.212274	0.055088	0.00712733	0.0101926	0.00415448	0.0194842	0.0166328	0.0127154	0.0110479	0.0205255	0.0104869	0.0151996	0.00539083	0.0103033	0.0121151	0.474161	0.0689123	0.0241991	0.00136922	0.00861994
180	0.0451417	0.0205316	0.0129278	0.0277749	0.24351	0.014881	0.0277033	0.0503899	0.0187833	0.17373	0.0589409	0.0191655	0.00734621	0.0186468	0.0272955	0.0371997	0.0271783	0.0684357	0.0113775	0.0890402
181	0.0298699	0.000835934	0.0042171	0.0266186	0.000902092	0.0507315	0.0284668	0.00266431	0.456478	0.00761618	0.0226855	0.00315748	0.000696818	0.0735213	0.236876	0.0303168	0.012664	0.0101923	0.000366347	0.0011235
182	0.184356	0.00733518	0.00225409	0.00519819	0.00116509	0.00944786	0.0240029	0.00297702	0.00365593	0.00416526	0.00277866	0.0114552	0.00167718	0.00341353	0.0040316	0.671767	0.0410252	0.00903899	0.000563256	0.0096918
183	0.0950332	0.0142201	0.0379079	0.0417352	0.0103777	0.0279483	0.0210424	0.0381838	0.0473222	0.0386311	0.0244898	0.0283833	0.0153997	0.0350564	0.0495077	0.180435	0.228435	0.0532831	0.00337731	0.00923145
184	0.0220181	0.00945358	0.00444977	0.00873516	0.0361611	0.00473802	0.00510992	0.172187	0.0125352	0.499892	0.051659	0.00601314	0.00234165	0.00963067	0.014207	0.0128741	0.0203677	0.0931883	0.00508564	0.00935267
185	0.151384	0.00109807	0.129712	0.293386	0.00249811	0.0314528	0.0103806	0.0103329	0.0787977	0.0325004	0.00485931	0.00984997	0.00104579	0.0693902	0.026869	0.044612	0.0599277	0.0347281	0.000479554	0.00669678
186	0.189504	0.00412652	0.120732	0.297379	0.0037289	0.0276281	0.0106912	0.0132538	0.0550185	0.0203209	0.00480977	0.0118773	0.00389731	0.0421583	0.0214957	0.0366159	0.0480193	0.0797706	0.00149418	0.00747852
187	0.324779	0.0113292	0.0031165	0.00640384	0.00150744	0.00701941	0.00615027	0.0777912	0.00516763	0.0108015	0.00330749	0.00515664	0.010187	0.00720243	0.00739853	0.195247	0.168189	0.146497	0.000696584	0.00205185
188	0.128392	0.00647488	0.00431655	0.00567652	0.00217385	0.0177289	0.0322317	0.0677055	0.0822924	0.158375	0.0197032	0.0201798	0.00183391	0.0517757	0.17233	0.0376367	0.0425196	0.145743	0.000778108	0.00213152
189	0.03585	0.0124936	0.117903	0.348946	0.00201515	0.031898	0.0582775	0.00573083	0.0122807	0.0222019	0.0035141	0.0527434	0.00271039	0.210364	0.0201384	0.0179108	0.00481087	0.0064432	0.0019394	0.0318281
190	0.367338	0.00482088	0.00261259	0.0164424	0.00140575	0.0362314	0.010777	0.00558003	0.00676098	0.00681	0.00514519	0.00650801	0.00167832	0.00465692	0.00568984	0.451271	0.0272265	0.0345568	0.000539477	0.00394969
191	0.0582516	0.00149418	0.440788	0.108709	0.00116075	0.0142888	0.00593281	0.00369269	0.0274784	0.00270335	0.00213013	0.0757775	0.00987847	0.0322679	0.00551316	0.102848	0.101462	0.00367333	0.000651834	0.0012989
192	0.00825551	0.00610559	0.000442056	0.000683704	0.0186479	0.00101902	0.00205597	0.230192	0.00244549	0.563327	0.0358102	0.00133225	0.000453479	0.00215184	0.00272138	0.00221668	0.00595856	0.106496	0.00511344	0.00457247
