443	20
1	0.0699672	0.0035245	0.155622	0.166111	0.00374508	0.00361465	0.0171585	0.140364	0.0156561	0.0824023	0.0205423	0.0109635	0.0252845	0.0449724	0.00371282	0.0103554	0.0548345	0.152817	0.00566037	0.0126919
2	0.0625232	0.013633	0.0119319	0.0195824	0.0106824	0.0161078	0.0243483	0.0962969	0.0705921	0.0741364	0.0197369	0.0370243	0.00697236	0.102372	0.251766	0.0952078	0.0380947	0.0342378	0.00211785	0.0126365
3	0.0492218	0.00147812	0.0537744	0.19917	0.00807601	0.0245784	0.0245263	0.0261152	0.0800129	0.0453172	0.030587	0.0875618	0.00326115	0.108757	0.0512373	0.0932442	0.068813	0.0336725	0.00314181	0.00745351
4	0.112127	0.00890244	0.0490046	0.0664914	0.00726403	0.0371277	0.0436483	0.0219676	0.0497999	0.0316478	0.0254867	0.0854877	0.0220639	0.131666	0.0613171	0.126384	0.0683887	0.0360321	0.000279881	0.0149135
5	0.40389	0.0404289	0.00814731	0.0166853	0.00936492	0.0867118	0.00588444	0.0314073	0.00808274	0.0148104	0.00929469	0.0243838	0.00791645	0.00752784	0.00884832	0.179673	0.0782759	0.0503697	0.00310899	0.00518905
6	0.0390709	0.00162972	0.0450437	0.231982	0.011557	0.0211156	0.023792	0.0274106	0.0839804	0.0510865	0.0348709	0.0812627	0.00216713	0.107829	0.04533	0.0783187	0.0667968	0.0364138	0.00338474	0.00695754
7	0.162186	0.0353157	0.0012619	0.00302968	0.00996237	0.0218654	0.00228137	0.207306	0.0081379	0.0997547	0.0422295	0.0060077	0.00499347	0.00840788	0.00122283	0.0449412	0.0872772	0.244364	0.000340984	0.00911386
8	0.0133679	0.0290535	0.00395485	0.0128391	0.00467803	0.00604421	0.0384707	0.0143723	0.202193	0.0125693	0.00830036	0.0272716	0.006172	0.0665206	0.481767	0.0378748	0.0203739	0.00743132	0.000587839	0.00615703
9	0.117389	0.00785094	0.00968808	0.0311878	0.0103692	0.0277255	0.0319435	0.0993446	0.0799282	0.0567724	0.0488332	0.054659	0.0144691	0.137197	0.0312779	0.0492328	0.0850977	0.0923803	0.000313339	0.0143399
10	0.123172	0.0315905	0.0100993	0.0197473	0.0200115	0.0123313	0.0100503	0.119771	0.0281788	0.219513	0.0594232	0.0214438	0.0181824	0.0463262	0.013862	0.055516	0.0578075	0.119005	0.00320206	0.0107663
11	0.514932	0.0460486	0.000549983	0.00285835	0.011074	0.0730029	0.000836199	0.0209437	0.00474849	0.0131871	0.0084	0.00804015	0.0062454	0.00173747	0.00289179	0.161416	0.0673293	0.0477564	0.00513461	0.00286799
12	0.526089	0.0440368	0.000477109	0.00299806	0.0112084	0.0768393	0.000576713	0.0214875	0.00475846	0.0130418	0.00846955	0.00805623	0.006398	0.00126435	0.00290927	0.152179	0.0634918	0.0476057	0.00529645	0.00281655
13	0.0127451	0.00692854	0.000492956	0.000827592	0.0631742	0.00104773	0.000624314	0.268698	0.00116104	0.431876	0.0532843	0.00102098	0.00192008	0.00214605	0.00129103	0.00334286	0.0162986	0.118326	0.00512611	0.00966849
14	0.112019	0.0256916	0.0112035	0.0250374	0.0111027	0.0359302	0.0278997	0.0809655	0.0567388	0.106038	0.0372687	0.0562573	0.0106014	0.124645	0.0240271	0.0668064	0.0872815	0.0756693	0.00123905	0.0235785
15	0.0127311	0.00721006	0.000515969	0.00100589	0.069594	0.00088468	0.000478752	0.245862	0.000883114	0.460858	0.0531457	0.00106206	0.0019033	0.00188627	0.00129675	0.00336052	0.0133878	0.108628	0.00565999	0.0096458
16	0.0340934	0.0091675	0.0108381	0.0261883	0.00401879	0.0150243	0.0149602	0.0292147	0.425139	0.0234073	0.0113048	0.0326525	0.0149281	0.083588	0.162784	0.0385133	0.0336215	0.0210469	0.000841418	0.00866829
17	0.0282143	0.0181525	0.00914337	0.0225495	0.0049143	0.0120353	0.0467436	0.0254694	0.184546	0.0215664	0.00693491	0.0657785	0.00845119	0.0798591	0.359143	0.0440294	0.0322459	0.0154306	0.000712206	0.0140812
18	0.168274	0.0668706	0.0139087	0.0303487	0.0226459	0.0470655	0.0524817	0.0305671	0.0156502	0.0257584	0.0126393	0.0567907	0.00413432	0.0564285	0.0160207	0.165133	0.0796169	0.0786843	0.000639562	0.0563418
19	0.0131305	0.00834342	0.000609269	0.00142936	0.0739995	0.00102367	0.000584284	0.230284	0.000722324	0.468205	0.0558021	0.00128183	0.00180981	0.00181688	0.00138368	0.0037063	0.0123527	0.105949	0.00644883	0.011117
20	0.125219	0.0361148	0.0358869	0.0238843	0.0197619	0.0579357	0.0336134	0.0639889	0.0189501	0.0183516	0.0154485	0.046923	0.00793975	0.019783	0.0223268	0.199372	0.148269	0.0733459	0.000897183	0.0319885
21	0.0597666	0.0427354	0.00167871	0.00559003	0.0169009	0.00898293	0.00268316	0.109991	0.00837587	0.284709	0.0438571	0.0047976	0.00233547	0.00834088	0.00455879	0.0879794	0.0866562	0.216732	0.00132298	0.00200567
22	0.0127659	0.0075483	0.000564781	0.0011264	0.0715787	0.000906669	0.000524294	0.237439	0.00074377	0.467452	0.0535426	0.00114208	0.0018717	0.00183918	0.00130856	0.00355899	0.0128098	0.107065	0.00599275	0.0102196
23	0.102308	0.00697468	0.0551196	0.0952594	0.0077582	0.0466238	0.0317932	0.0165672	0.0612203	0.0291342	0.0249548	0.0830975	0.0147427	0.125602	0.0675466	0.119845	0.0682783	0.0294666	0.000812317	0.0128949
24	0.335208	0.0707329	0.00117063	0.00159624	0.00445296	0.0126729	0.00163035	0.0144418	0.00328239	0.0374198	0.00750801	0.00309247	0.00131138	0.00809792	0.00178731	0.115544	0.278599	0.0993443	0.000572197	0.00153485
25	0.0154353	0.0100427	0.000773284	0.00263502	0.0755299	0.00153848	0.00105813	0.211859	0.00130572	0.457732	0.0698981	0.00209385	0.00182958	0.00199528	0.00161916	0.00558801	0.0126299	0.104612	0.00681215	0.0150121
26	0.187371	0.0466711	0.0108114	0.0392357	0.00731656	0.0828608	0.0264382	0.0516989	0.0502899	0.0349801	0.0146227	0.0466411	0.00794624	0.0551106	0.03518	0.157003	0.0660836	0.0653456	0.000450405	0.0139423
27	0.20008	0.0481991	0.0143781	0.0449884	0.00967676	0.080044	0.0240639	0.0406522	0.041474	0.0208845	0.00985521	0.0472955	0.00776601	0.0384033	0.030115	0.192155	0.0806642	0.051561	0.00044877	0.017295
28	0.0170159	0.0119194	0.000328374	0.000524335	0.0209707	0.0014335	0.00184475	0.463015	0.00258348	0.0980493	0.0502416	0.00194108	0.000602712	0.00623752	0.000450254	0.00787055	0.03261	0.276707	0.000119542	0.00553521
29	0.506002	0.0476684	0.000817996	0.00368064	0.0128095	0.0840165	0.00107652	0.0213406	0.00567565	0.0134333	0.00874321	0.00870202	0.00631416	0.00211127	0.00403173	0.153519	0.0639637	0.0475902	0.0051104	0.0033928
30	0.192462	0.0423238	0.0215353	0.0408052	0.00814742	0.0831463	0.0187648	0.0418406	0.0145103	0.0180134	0.0100945	0.0473603	0.0108565	0.021944	0.0190109	0.222181	0.112316	0.0605584	0.000196803	0.0139327
31	0.0515963	0.016924	0.000416171	0.00103978	0.0176011	0.0060439	0.00192424	0.405831	0.0038463	0.0976759	0.0501054	0.00259169	0.00124764	0.00591757	0.000577165	0.0153905	0.0493096	0.264113	0.000134838	0.00771348
32	0.0428797	0.00394913	0.307494	0.288878	0.0058371	0.0308927	0.00670171	0.016518	0.0409566	0.011455	0.00469256	0.0534246	0.0112572	0.0375947	0.00718142	0.0644899	0.0340719	0.0258776	0.000701924	0.00514616
33	0.012863	0.0073491	0.000530667	0.00108408	0.0699798	0.000930005	0.000500444	0.241746	0.000796451	0.464486	0.0536158	0.00111251	0.00187905	0.00186327	0.0012581	0.0034911	0.0129157	0.107766	0.00584994	0.00998376
34	0.0912027	0.00737891	0.0165054	0.0250932	0.00393058	0.0505305	0.00534965	0.0210436	0.018627	0.0456015	0.00803916	0.0415447	0.403984	0.0611948	0.0107666	0.0937463	0.0743286	0.0159185	0.000709422	0.00450539
35	0.0645879	0.00605066	0.0118023	0.151231	0.0209686	0.0385706	0.0394344	0.0167022	0.0680799	0.102112	0.0545451	0.0238479	0.0033938	0.223734	0.0564726	0.0412285	0.0235129	0.0320486	0.00196387	0.0197133
36	0.0263238	0.0264321	0.0233716	0.0159078	0.0381162	0.0301125	0.0218623	0.0101505	0.0204203	0.0238065	0.00881138	0.00914168	0.0039909	0.023053	0.00972653	0.0466739	0.0221635	0.0151358	0.589656	0.0351441
37	0.0588859	0.00250009	0.0170571	0.0247552	0.00248929	0.0488369	0.00227834	0.0114688	0.0193791	0.0543632	0.00542196	0.0440101	0.467713	0.0677801	0.0091148	0.0803456	0.0727286	0.00776037	0.000536128	0.00257589
38	0.0425025	0.00440919	0.318057	0.249767	0.00370791	0.046967	0.00911434	0.0119189	0.0334337	0.0113675	0.0062699	0.0776694	0.00595731	0.0367996	0.00659048	0.0765604	0.0303843	0.0227247	0.000389834	0.00540857
39	0.0190965	0.0142699	0.0010594	0.00323304	0.0791496	0.00179988	0.00113295	0.185282	0.00157262	0.455699	0.0702732	0.00229171	0.00211367	0.00224403	0.00191077	0.00930723	0.0139856	0.11244	0.00742765	0.0157116
40	0.0164224	0.0113681	0.000376892	0.00059554	0.0271512	0.00151951	0.00167405	0.426874	0.00282092	0.160792	0.0544447	0.00161613	0.000921192	0.00537369	0.000608667	0.00649505	0.0317854	0.241812	0.00079077	0.00655857
41	0.0932517	0.00538129	0.0149226	0.0340154	0.0213549	0.030378	0.0454829	0.121702	0.0883811	0.0656436	0.0319422	0.0353195	0.00943434	0.110846	0.0363406	0.0444635	0.116897	0.0826343	0.000603595	0.0110061
42	0.0162082	0.0108399	0.000998025	0.00302079	0.0801484	0.0016842	0.000998416	0.194844	0.00149128	0.464868	0.0746455	0.00232899	0.00181074	0.00219913	0.00177829	0.00578823	0.0113891	0.101444	0.00737965	0.0161361
43	0.153321	0.0204493	0.00163396	0.00323776	0.00915754	0.0102997	0.00215694	0.125366	0.0212675	0.0901468	0.0565582	0.00858694	0.00247719	0.0118531	0.00236291	0.0369581	0.127923	0.310062	0.00046276	0.00571866
44	0.0826768	0.00489835	0.0924172	0.149381	0.00659572	0.0435368	0.0204426	0.011038	0.0606049	0.0263681	0.018652	0.078558	0.0213307	0.127167	0.0509041	0.111942	0.0621337	0.0231286	0.000706956	0.00751809
45	0.0514878	0.0115795	0.0360927	0.0135507	0.0657743	0.012304	0.0105991	0.0442647	0.0421659	0.101925	0.0124359	0.320054	0.0336921	0.0183026	0.0101261	0.161621	0.0212636	0.0200165	0.00228307	0.0104613
46	0.106309	0.0357714	0.00233405	0.00879429	0.0130469	0.0155242	0.00258129	0.200879	0.00973774	0.13039	0.0542687	0.00685511	0.00364307	0.00898329	0.00310704	0.0532524	0.0897361	0.24475	0.00132266	0.00871245
47	0.0341423	0.0224935	0.00598607	0.0132569	0.0295082	0.00302463	0.00770188	0.12233	0.0368266	0.304065	0.0587884	0.0137957	0.00607259	0.0300903	0.0214603	0.0451525	0.0731227	0.155913	0.00640747	0.0098631
48	0.0178894	0.0063084	0.00731487	0.0125944	0.00604338	0.0196707	0.00430507	0.0362446	0.61266	0.018992	0.010095	0.00910427	0.00396983	0.0562867	0.109006	0.0214101	0.0272628	0.0144531	0.00133104	0.00505793
49	0.0465358	0.00202862	0.0398663	0.208162	0.00939111	0.0203948	0.0296119	0.0353356	0.0902658	0.0504945	0.0331877	0.0724147	0.00408831	0.111951	0.056587	0.0742144	0.0629153	0.0424223	0.00293491	0.00719792
50	0.319254	0.05026	0.0017079	0.00190303	0.00404827	0.0175677	0.00845164	0.00652335	0.0108281	0.00490439	0.00237148	0.0210966	0.00494255	0.0167791	0.01169	0.452561	0.0385217	0.021666	0.00140379	0.00351932
51	0.304747	0.0532622	0.00165071	0.00179479	0.00397536	0.0171329	0.00767982	0.0081382	0.0113539	0.0051141	0.00251933	0.0191273	0.0044605	0.0146187	0.0114294	0.463817	0.0408847	0.023116	0.0017063	0.00347164
52	0.0199794	0.0130592	0.00125558	0.00326359	0.0549018	0.0021255	0.00150944	0.253582	0.00489713	0.372777	0.0523759	0.00374818	0.00230021	0.00504856	0.00300614	0.0147956	0.0323269	0.14484	0.0044851	0.00972181
53	0.0632431	0.0043915	0.142991	0.158876	0.00630772	0.00432578	0.0188479	0.134554	0.017951	0.0890979	0.0241382	0.0130458	0.0233162	0.0457778	0.0051801	0.0150429	0.05892	0.152157	0.00543668	0.0163995
54	0.336121	0.0713633	0.00118989	0.00152651	0.00422405	0.0120325	0.00156023	0.0147354	0.00316	0.0354017	0.0069701	0.00301315	0.00106402	0.00742148	0.00140874	0.113136	0.283773	0.0999057	0.000530688	0.00146201
55	0.0126643	0.006714	0.000466397	0.000863751	0.0642103	0.000944546	0.000513215	0.26181	0.00111682	0.444799	0.0525248	0.000989416	0.00190491	0.00199041	0.00126942	0.00330952	0.0149454	0.114778	0.00512949	0.00905591
56	0.236727	0.0351242	0.0234163	0.0439533	0.00785613	0.130686	0.0118666	0.0308676	0.0163161	0.0198179	0.0123081	0.0371106	0.0109029	0.0211798	0.0172491	0.202837	0.082149	0.0480138	0.00134345	0.010275
57	0.00892516	0.0216122	0.00120629	0.0103967	0.191743	0.00204577	0.0476884	0.0239912	0.00676109	0.0403103	0.018989	0.00293993	0.00111313	0.010536	0.0105547	0.0191479	0.00473355	0.0173208	0.016175	0.54381
58	0.0140787	0.00841903	0.000455336	0.000916585	0.0498034	0.0012572	0.000959333	0.321124	0.00198873	0.343928	0.0533713	0.00129222	0.00158426	0.00325491	0.00114142	0.00466756	0.0234149	0.156683	0.00347525	0.00818427
59	0.0987483	0.177993	0.0046843	0.00618891	0.0841082	0.00898695	0.00797185	0.13518	0.0096117	0.100903	0.0275791	0.0107882	0.00665765	0.00956132	0.0078083	0.0722481	0.0747634	0.138516	0.00204026	0.0156607
60	0.0634945	0.00329793	0.192317	0.242395	0.00420467	0.0406025	0.0118984	0.00923516	0.0503031	0.0170507	0.00702427	0.0646993	0.0354601	0.0868648	0.0224097	0.0878373	0.038936	0.0178313	0.000375453	0.00376236
61	0.0661802	0.00380142	0.221052	0.240646	0.00405096	0.0425738	0.0086413	0.00883426	0.0508876	0.0182931	0.0057474	0.0630948	0.0191429	0.0772216	0.0195847	0.0834881	0.0413172	0.0215971	0.000345065	0.00350152
62	0.0329737	0.0207048	0.0131497	0.027168	0.0344305	0.00347583	0.00757467	0.173897	0.0355187	0.210253	0.0550153	0.024107	0.00967735	0.0303037	0.017863	0.047885	0.0642572	0.163376	0.00804222	0.0203264
63	0.0565733	0.00362656	0.235078	0.215191	0.00446349	0.044225	0.015541	0.00920377	0.0472201	0.0154924	0.00616632	0.100866	0.0136963	0.0587907	0.0150935	0.0913653	0.0377349	0.0210716	0.00031516	0.00828679
64	0.0654116	0.00300388	0.116739	0.208924	0.00510597	0.0335533	0.0132544	0.0115553	0.0702363	0.0346792	0.0162652	0.0748215	0.0169672	0.117398	0.036336	0.0930478	0.0534838	0.0246425	0.00130447	0.00327017
65	0.0171785	0.0120255	0.000310713	0.000509478	0.021224	0.00148379	0.00187011	0.461373	0.0026097	0.100115	0.0510011	0.00187823	0.00060293	0.00622532	0.000438025	0.00771017	0.03311	0.274526	0.000114637	0.00569452
66	0.0255811	0.016681	0.00379864	0.0116487	0.103423	0.00775724	0.0221273	0.0948026	0.0115856	0.379216	0.105108	0.0109409	0.00596166	0.00974804	0.00880041	0.0229292	0.0221483	0.0798603	0.00689457	0.0509866
67	0.0983142	0.00796484	0.0190181	0.0456827	0.0124033	0.0273952	0.0328976	0.0718616	0.0930823	0.0526073	0.045639	0.0636352	0.0125261	0.119633	0.0657022	0.0648912	0.0806544	0.0631067	0.00182525	0.0211597
68	0.495903	0.044329	0.0015352	0.00393073	0.0107718	0.0825036	0.00150126	0.0224549	0.00503538	0.0139061	0.00938336	0.00942418	0.00632682	0.00191989	0.00369957	0.162694	0.0675331	0.0492128	0.0048922	0.00304282
69	0.0171986	0.0122138	0.00038328	0.000565282	0.0210039	0.00147416	0.00183089	0.460269	0.00265213	0.100524	0.0502565	0.00200427	0.000619184	0.00618486	0.000476327	0.00851439	0.0329193	0.275214	0.000123698	0.00557182
70	0.0265162	0.0255132	0.000498747	0.00128791	0.0246463	0.00286167	0.00190113	0.423071	0.00331884	0.103945	0.048232	0.0023341	0.0017197	0.00602184	0.000744546	0.0130487	0.0363616	0.271221	0.000286294	0.00647048
71	0.106227	0.0220913	0.0274726	0.030501	0.00974991	0.0271141	0.0555576	0.0671582	0.0503325	0.0501965	0.0410693	0.120486	0.0127592	0.141789	0.0302717	0.0776889	0.0500852	0.062208	0.000826243	0.0164153
72	0.421942	0.0403125	0.00427494	0.008033	0.00916293	0.113864	0.00351098	0.0235285	0.00596219	0.0145146	0.00939741	0.0152951	0.00607823	0.00372175	0.00691257	0.185226	0.0734986	0.0469858	0.00380902	0.00396968
73	0.0271397	0.0187598	0.00187991	0.0062767	0.0754428	0.00375627	0.00196097	0.130801	0.00506902	0.422145	0.118859	0.00450316	0.00181531	0.00302786	0.00294194	0.0169826	0.0177379	0.113566	0.0067851	0.0205499
74	0.0343852	0.0165586	0.022198	0.0415883	0.00242338	0.0114663	0.0242655	0.0238063	0.248806	0.0356925	0.00641488	0.0531001	0.00746273	0.106193	0.244666	0.0533148	0.035285	0.0160945	0.000441773	0.0158382
75	0.109731	0.00976442	0.053577	0.0672943	0.00691611	0.0417009	0.0440591	0.0165813	0.0488011	0.0279686	0.0234638	0.0817245	0.0276822	0.121128	0.0628644	0.136153	0.0701107	0.0344807	0.000203592	0.0157961
76	0.0465713	0.00369354	0.188396	0.196716	0.00483047	0.0307913	0.0134428	0.0106999	0.0525579	0.0200675	0.0102716	0.0998675	0.0230589	0.075028	0.0198221	0.0936745	0.0719322	0.0323019	0.000703307	0.00557379
77	0.0686224	0.00368829	0.0775738	0.170598	0.00668253	0.031748	0.0269912	0.0177861	0.0664464	0.0341096	0.0236869	0.0832893	0.0172353	0.116013	0.0493299	0.10327	0.0632914	0.0301795	0.00167589	0.00778298
78	0.0696003	0.00436005	0.0160052	0.0338288	0.00394502	0.0450945	0.0117875	0.00862261	0.0307531	0.0490249	0.00542939	0.0433732	0.295221	0.0791001	0.0124622	0.139027	0.139321	0.00908097	0.000568809	0.00339394
79	0.0172701	0.0121248	0.000316668	0.000504717	0.0214737	0.00156356	0.00193716	0.457099	0.00271167	0.104633	0.0513502	0.00182319	0.000667103	0.00621731	0.000454503	0.00757215	0.0338197	0.27249	0.000124895	0.00584689
80	0.00879056	0.0334567	0.00231672	0.00815394	0.00503061	0.00418501	0.0380814	0.0105439	0.207381	0.00947961	0.00874018	0.0203744	0.00625525	0.06177	0.515387	0.0331798	0.0166117	0.00521676	0.000503337	0.0045429
81	0.025899	0.0196441	0.00651001	0.0314765	0.0997028	0.00711823	0.0155804	0.0889051	0.0145972	0.34466	0.0459389	0.0291493	0.00425478	0.0117933	0.0274945	0.0301692	0.0397961	0.104998	0.00746422	0.0448481
82	0.226018	0.0245851	0.00398326	0.00791796	0.0133714	0.021239	0.00669266	0.0931511	0.0323412	0.0593069	0.02903	0.023595	0.00552015	0.0217811	0.00678495	0.0473729	0.164707	0.204496	0.00107908	0.00702717
83	0.43909	0.0402938	0.0048034	0.00978219	0.00938867	0.0935336	0.00463073	0.0241895	0.00699257	0.0144493	0.0090148	0.019814	0.00657954	0.00632875	0.00754763	0.178379	0.0695423	0.0476573	0.00374265	0.00424087
84	0.157006	0.0338165	0.000927114	0.00309237	0.00982238	0.0177411	0.00195015	0.217681	0.00855191	0.105167	0.046439	0.00508072	0.00333772	0.00697393	0.00117757	0.0388823	0.0903231	0.242468	0.00032475	0.00923728
85	0.481381	0.0483649	0.00110483	0.00343224	0.0102951	0.0657735	0.00134674	0.0226472	0.00525541	0.0170436	0.00926928	0.00829526	0.00573571	0.00360543	0.00328281	0.152521	0.0944078	0.0587818	0.00448449	0.00297187
86	0.0236137	0.0144536	0.00193778	0.00617908	0.0852096	0.00480513	0.00293429	0.115558	0.00670752	0.428893	0.146398	0.00589935	0.00183697	0.0039142	0.00292231	0.0153779	0.0145268	0.0906463	0.00638437	0.021803
87	0.0433174	0.026886	0.0149485	0.00883765	0.100225	0.0434956	0.106289	0.00928876	0.0518339	0.101656	0.0300734	0.0467983	0.0103768	0.0333585	0.0393572	0.0741311	0.0302215	0.0326107	0.00869031	0.187604
88	0.0501235	0.00253669	0.138754	0.0762289	0.0133539	0.0372404	0.0878162	0.0110888	0.0519208	0.0146886	0.00299789	0.267386	0.00204999	0.0523264	0.0233939	0.0780122	0.0226892	0.0157498	0.000620714	0.0510221
89	0.44076	0.0475666	0.000925763	0.00280442	0.00871099	0.0557619	0.00261341	0.0194878	0.00679888	0.0120356	0.00674685	0.0102221	0.00549491	0.00539467	0.005363	0.261913	0.059407	0.0394594	0.00529417	0.00324005
90	0.0159873	0.00991471	0.001248	0.00265197	0.064726	0.00138965	0.000936231	0.254203	0.00314895	0.408068	0.0579396	0.00231494	0.00325227	0.00353482	0.00215531	0.00678915	0.0173808	0.126513	0.00614828	0.0116982
91	0.0578089	0.00355889	0.22629	0.233796	0.005379	0.0433607	0.016451	0.0182642	0.0439446	0.0177663	0.00953548	0.0760678	0.0105411	0.0565459	0.0201601	0.0842508	0.0386125	0.0261835	0.000759535	0.0107234
92	0.0231837	0.0148747	0.003176	0.00722709	0.107953	0.00284238	0.00306855	0.179609	0.00751832	0.383604	0.0627449	0.00675339	0.00339443	0.00693201	0.0102559	0.0142414	0.022141	0.104595	0.0122769	0.0236083
93	0.137963	0.036073	0.002703	0.00551345	0.016912	0.0147557	0.00269386	0.213591	0.0151332	0.109164	0.0499467	0.00761077	0.00415924	0.0108109	0.00343883	0.0459793	0.0842708	0.22827	0.00116613	0.00984572
94	0.0557154	0.0202328	0.0113748	0.0255839	0.0281931	0.0112517	0.0154156	0.134966	0.0359449	0.171923	0.0589773	0.051993	0.0100419	0.0555624	0.0184557	0.0713447	0.0641692	0.134858	0.00478145	0.019216
95	0.030888	0.0163606	0.00325147	0.00739212	0.083485	0.0112811	0.00824292	0.0674643	0.0246835	0.319237	0.234095	0.00960448	0.0026005	0.0145358	0.00674379	0.0303972	0.0302605	0.0750462	0.00438521	0.0200451
96	0.0429768	0.00389462	0.299544	0.303641	0.00605339	0.0282557	0.00617609	0.0156281	0.0455385	0.00975869	0.00389728	0.0533776	0.00921279	0.0365439	0.00691351	0.0662275	0.0333228	0.0233852	0.0005719	0.0050807
97	0.0396643	0.0109373	0.0110317	0.030097	0.00324719	0.0157646	0.0384711	0.0344737	0.199599	0.0263486	0.00538548	0.0758222	0.00829784	0.0972206	0.277455	0.0493717	0.0386333	0.0218431	0.000340338	0.0159955
98	0.0678717	0.00216674	0.147537	0.234943	0.00421245	0.0422679	0.0106724	0.00806039	0.0548553	0.0157086	0.00653625	0.0577317	0.0784919	0.103975	0.0250851	0.083269	0.0426709	0.0124593	0.000210657	0.00127449
99	0.109298	0.0112573	0.0490005	0.0528863	0.00829388	0.0414305	0.0312385	0.0212925	0.0410162	0.0289245	0.0301569	0.0890276	0.0150176	0.102316	0.0428798	0.142055	0.10788	0.0539351	0.000428382	0.0216656
100	0.0574225	0.00395241	0.189834	0.2066	0.0057592	0.0104549	0.0149468	0.100678	0.0254584	0.0582181	0.0184817	0.0234917	0.0209334	0.0449519	0.00924959	0.0281427	0.0485428	0.112448	0.00926158	0.0111714
101	0.0215324	0.021816	0.00541068	0.0150936	0.0135883	0.0100263	0.03232	0.0315029	0.237609	0.0207275	0.0105537	0.0325625	0.00956693	0.0655771	0.382322	0.0370169	0.0272834	0.0160296	0.00107192	0.00838993
102	0.0466032	0.00257516	0.147846	0.0756752	0.0123085	0.0349435	0.0852012	0.0104355	0.0483865	0.0144602	0.00300956	0.275031	0.00237713	0.0534319	0.020517	0.076647	0.0249879	0.0158352	0.000840182	0.0488877
103	0.00820926	0.021022	0.00107836	0.0105783	0.188646	0.00181144	0.0479153	0.0246298	0.00654682	0.0391767	0.0191802	0.00216726	0.00100292	0.00996058	0.00942267	0.01892	0.00398593	0.0167176	0.0164253	0.552603
104	0.0220373	0.0137142	0.00146304	0.00340926	0.0457141	0.00213072	0.00177929	0.263657	0.00686352	0.335618	0.0524005	0.00347378	0.00241694	0.00686086	0.00425128	0.017253	0.0376404	0.166725	0.00419782	0.00839398
105	0.0804251	0.020867	0.00780317	0.0167264	0.0607436	0.0138711	0.0120149	0.124837	0.0432901	0.146807	0.112061	0.0228399	0.00669364	0.0315771	0.0161607	0.04405	0.0779808	0.138021	0.00467318	0.0185577
106	0.0392242	0.0112648	0.0135507	0.0351069	0.00274751	0.0135885	0.0298162	0.029382	0.224594	0.0284386	0.00730474	0.0643454	0.0169264	0.103979	0.248164	0.0513218	0.0408624	0.0251459	0.000373971	0.0138637
107	0.11353	0.023187	0.00215759	0.00454798	0.0143086	0.00847159	0.00311199	0.119066	0.0233575	0.18301	0.0555321	0.00852364	0.00303357	0.014006	0.00668639	0.0451698	0.110987	0.254084	0.00164782	0.00558235
108	0.0168597	0.0118353	0.000299452	0.000493543	0.0221946	0.00152497	0.00193525	0.455239	0.00269191	0.11188	0.0518643	0.00178217	0.000722515	0.00610738	0.000469189	0.00729722	0.0333038	0.267358	0.000152063	0.00599055
109	0.020079	0.0214149	0.0013819	0.00314671	0.0799533	0.00228507	0.00142435	0.22257	0.00246672	0.385421	0.0718841	0.00251019	0.00248768	0.00296289	0.00214021	0.00932264	0.0156889	0.127744	0.00777531	0.0173411
110	0.051594	0.00210645	0.0811646	0.20455	0.00679424	0.0284307	0.0201322	0.0196001	0.0799537	0.0384777	0.0261963	0.0815585	0.0122672	0.109192	0.047053	0.092572	0.0614752	0.0284665	0.00234837	0.00606705
111	0.208159	0.0338288	0.0229384	0.0337001	0.00784771	0.0824111	0.0133686	0.043627	0.00985477	0.0158812	0.010938	0.047754	0.0116013	0.0152646	0.0150505	0.232986	0.127545	0.0572413	0.000447103	0.00955518
112	0.343485	0.128693	0.00142601	0.00257845	0.0253424	0.0274207	0.00321112	0.0204979	0.004823	0.0412436	0.0139302	0.00614219	0.00314732	0.00541652	0.00279541	0.152723	0.148293	0.0638119	0.00210966	0.00290975
113	0.00949013	0.0319897	0.00234169	0.00799575	0.00506644	0.00473172	0.0348478	0.0115784	0.230156	0.00953057	0.00896685	0.0193506	0.00777718	0.0651628	0.488461	0.0344525	0.016918	0.00640967	0.00052317	0.00425041
114	0.105493	0.00796148	0.0181013	0.0757997	0.0114555	0.0266608	0.033813	0.0840715	0.0808036	0.0592997	0.038004	0.0523809	0.00915423	0.11941	0.0350686	0.0592081	0.0863428	0.0844176	0.00096135	0.0115932
115	0.512775	0.0434819	0.000807351	0.00373867	0.0106822	0.078439	0.00102741	0.0203236	0.0074019	0.0153945	0.00804541	0.0101291	0.0060277	0.0028565	0.00721432	0.147746	0.0633706	0.0527064	0.00473987	0.00309218
116	0.488044	0.0442635	0.00177664	0.00427655	0.0104205	0.0721368	0.00169129	0.0216813	0.00532895	0.0124564	0.0082429	0.0102029	0.00658742	0.00278228	0.00396802	0.187141	0.0645207	0.0464653	0.00466574	0.00334743
117	0.0160105	0.0207635	0.00160193	0.0107559	0.171122	0.00352031	0.0281481	0.0535731	0.00598946	0.203816	0.0460954	0.00631384	0.00242512	0.0066894	0.00868459	0.0169578	0.00904308	0.0473603	0.0126731	0.328457
118	0.0760521	0.00376609	0.12154	0.209912	0.00500307	0.0486371	0.0129265	0.00789097	0.060707	0.0242993	0.0105418	0.067959	0.0403985	0.120677	0.0324596	0.0901539	0.0463145	0.0171779	0.000548438	0.00303464
119	0.146171	0.150948	0.0186175	0.0275236	0.0218326	0.0455853	0.0214745	0.0385298	0.021638	0.0307311	0.0177799	0.0567525	0.0089403	0.0324931	0.0419594	0.139633	0.110241	0.0496115	0.00139196	0.0181472
120	0.0319466	0.0218224	0.00258217	0.00737477	0.0451496	0.00469741	0.00376721	0.13014	0.0129451	0.354556	0.0969789	0.00806778	0.00265114	0.010634	0.00721733	0.0443997	0.0546279	0.145094	0.00413769	0.01121
121	0.186061	0.0346721	0.0257288	0.0379267	0.00772567	0.0855952	0.0147345	0.0477173	0.0105745	0.0162773	0.0109448	0.0505179	0.0123078	0.0154391	0.0175905	0.237817	0.118489	0.0596766	0.000220546	0.00998398
122	0.0503416	0.0126215	0.0202462	0.0391385	0.0030791	0.0179314	0.0331274	0.0299331	0.215967	0.0275395	0.00588052	0.0643637	0.00680345	0.0964511	0.243447	0.0591454	0.0380691	0.0185734	0.000470782	0.0168704
123	0.0177102	0.0130963	0.000671791	0.00114814	0.0262654	0.00210293	0.00223772	0.439523	0.00331707	0.108612	0.0548804	0.00327103	0.000831879	0.00663311	0.000802011	0.00861974	0.0356286	0.264646	0.000471895	0.00953152
124	0.123415	0.0249566	0.00195623	0.00481297	0.0108442	0.0100129	0.00250375	0.127168	0.0159932	0.131573	0.0590603	0.00708886	0.0028568	0.0155525	0.00357298	0.0509443	0.103698	0.297319	0.000938573	0.00573249
125	0.0872701	0.00826922	0.0091969	0.0512575	0.00630048	0.0280197	0.0374977	0.0100607	0.0473208	0.0410921	0.00860647	0.0266098	0.00886034	0.060604	0.0108742	0.30258	0.233309	0.0153916	0.00109126	0.00578744
126	0.105926	0.00682798	0.032249	0.0564981	0.0114263	0.0289288	0.0316407	0.0631842	0.0745633	0.0624683	0.0393925	0.0599108	0.0125335	0.125702	0.0403902	0.0796322	0.0841264	0.0576232	0.00118403	0.0257928
127	0.0109021	0.0254736	0.00112977	0.00990839	0.203183	0.0018827	0.0436361	0.0308337	0.00639409	0.0575325	0.0208613	0.00270503	0.00126526	0.00942695	0.00919749	0.0188115	0.00592725	0.0215153	0.0156902	0.503724
128	0.0120718	0.02212	0.00218502	0.0098044	0.181762	0.00337705	0.0552789	0.0224574	0.00987395	0.0440131	0.0195924	0.00706664	0.00258935	0.012212	0.0120244	0.0219281	0.00621331	0.0170164	0.0150561	0.523357
129	0.0529932	0.00304157	0.221286	0.258682	0.00933798	0.0259143	0.0103907	0.0192521	0.0475769	0.013954	0.00605503	0.0471246	0.0477608	0.0737668	0.018091	0.0701062	0.0445652	0.0261801	0.000726553	0.00319437
130	0.0337517	0.0349395	0.0111508	0.00303667	0.108222	0.0211788	0.134984	0.00455971	0.0447296	0.0919697	0.0255349	0.050921	0.0192722	0.0357454	0.0376481	0.0515124	0.0287744	0.0207236	0.00231139	0.239034
131	0.021475	0.0142955	0.00172638	0.00500509	0.0839927	0.00336301	0.0017206	0.153054	0.00436406	0.429241	0.118989	0.00411436	0.00198952	0.00254021	0.00249297	0.0110275	0.0122466	0.100575	0.00716794	0.0206194
132	0.0753946	0.0023492	0.139648	0.223946	0.00340244	0.0513381	0.0117359	0.00689182	0.055516	0.0186003	0.00665909	0.0590036	0.0774334	0.098603	0.0261139	0.0883627	0.0407557	0.0123258	0.000242807	0.00167691
133	0.154735	0.0379217	0.00126646	0.00342919	0.0113245	0.017945	0.00212673	0.213429	0.00866578	0.115579	0.0450804	0.00605782	0.00350374	0.00795361	0.00142265	0.0409319	0.0879421	0.23099	0.000552325	0.0091435
134	0.146746	0.03337	0.0156168	0.0203411	0.0122025	0.0427541	0.0138732	0.0691431	0.0157705	0.0697555	0.032956	0.0305455	0.00790443	0.0190944	0.0111916	0.188468	0.171302	0.0848962	0.0016277	0.0124416
135	0.0316139	0.0216595	0.0119535	0.02508	0.0350769	0.00305191	0.00660585	0.174077	0.0336504	0.217511	0.0535989	0.0211257	0.00929515	0.0281548	0.0172041	0.0490023	0.0646861	0.1695	0.00863204	0.0185209
136	0.0592204	0.00244334	0.0643875	0.176752	0.0074679	0.0294819	0.0257994	0.0208726	0.0742392	0.0403244	0.0289597	0.0880643	0.00824452	0.112931	0.050648	0.101391	0.065464	0.0324425	0.00233101	0.00853528
137	0.472515	0.0437247	0.00322067	0.00599898	0.0102039	0.077092	0.0022418	0.023602	0.00551181	0.0140213	0.00899852	0.0118642	0.00661498	0.0035506	0.00457793	0.16901	0.0796976	0.0496383	0.00445303	0.00346203
138	0.0160654	0.0104651	0.000505958	0.000712184	0.0398347	0.00141051	0.00133978	0.373544	0.00236133	0.246649	0.055256	0.0014055	0.00129398	0.004166	0.000890556	0.00570989	0.0264826	0.201725	0.00240611	0.00777628
139	0.0325813	0.0150845	0.0272751	0.056917	0.00286748	0.0113467	0.0186945	0.0235045	0.270576	0.0429156	0.00657754	0.0498256	0.00466385	0.109196	0.202627	0.0498107	0.0401711	0.014754	0.00064142	0.0199707
140	0.249524	0.0576629	0.00736719	0.0226033	0.00782519	0.0973188	0.014597	0.0283799	0.0374872	0.0361941	0.010485	0.0276229	0.0057023	0.0357455	0.0581778	0.144231	0.0600113	0.0867072	0.00144032	0.0109177
141	0.0373525	0.0224062	0.00982705	0.0193734	0.0283332	0.00383344	0.00710385	0.160184	0.0414885	0.234871	0.0613611	0.0184901	0.00861393	0.0324672	0.0246206	0.0477003	0.0623087	0.159729	0.00634098	0.0135947
142	0.121144	0.00937975	0.0182056	0.0379603	0.010225	0.0293118	0.0342417	0.0756994	0.076198	0.0556257	0.0491148	0.0660541	0.0210358	0.136279	0.0359749	0.0644769	0.0715821	0.0723444	0.00060587	0.014541
143	0.418452	0.0426784	0.00549941	0.00911998	0.00928709	0.101787	0.00400277	0.0244251	0.00627037	0.0134643	0.00902508	0.0170935	0.00653893	0.00427936	0.00711414	0.189971	0.075776	0.0476766	0.00366962	0.00386909
144	0.0169297	0.0119074	0.000311402	0.000485237	0.0217088	0.00150987	0.00189685	0.459467	0.00263284	0.105618	0.0521055	0.00179517	0.000609528	0.00617426	0.000442738	0.00737318	0.0335571	0.269467	0.000120767	0.0058866
145	0.0575307	0.00545184	0.103058	0.226551	0.00798757	0.0265108	0.017146	0.0204763	0.114648	0.0335644	0.0168773	0.0623684	0.0164584	0.0862358	0.0457486	0.0732836	0.050635	0.0258214	0.00195859	0.00768815
146	0.0143026	0.0082989	0.000572043	0.00139589	0.0730344	0.00119417	0.000655178	0.238301	0.000977476	0.455824	0.0568882	0.00130059	0.00190257	0.00202129	0.00130354	0.00377421	0.0131581	0.107505	0.00611696	0.0114737
147	0.0262455	0.0277177	0.0210788	0.0164513	0.0361213	0.0302131	0.0207967	0.0102454	0.0199158	0.0237035	0.00853436	0.00864748	0.00371772	0.0224136	0.00928843	0.0455512	0.0217162	0.0148916	0.597057	0.035694
148	0.0722258	0.0469644	0.0218415	0.0229906	0.02109	0.0291266	0.0430395	0.0715763	0.0209888	0.0300121	0.0366515	0.1076	0.00758999	0.0594776	0.0376724	0.161603	0.0932432	0.0621685	0.00212999	0.0520083
149	0.0786053	0.00732433	0.0107001	0.0430227	0.00627067	0.0215731	0.0338662	0.00977863	0.0396389	0.0337718	0.00741211	0.0307605	0.0108572	0.0501755	0.00728559	0.287975	0.299456	0.0158092	0.00128685	0.00443081
150	0.0174897	0.0120411	0.000311025	0.000515666	0.0215387	0.00158619	0.00191067	0.457642	0.00262658	0.103758	0.0515981	0.00180956	0.000626379	0.00629512	0.000457519	0.00757603	0.0339614	0.272334	0.000123868	0.00579816
151	0.458263	0.0961091	0.000897037	0.0028909	0.0173684	0.0570834	0.00251893	0.0204137	0.00513247	0.0190992	0.0108875	0.0077385	0.0054558	0.00319419	0.00343099	0.170495	0.06494	0.046594	0.00408737	0.0034012
152	0.0449429	0.00372162	0.28238	0.294991	0.00639354	0.0297459	0.00715782	0.0152627	0.0461625	0.0119908	0.00530986	0.0561445	0.00962977	0.0425015	0.00983398	0.0695756	0.0344694	0.0235143	0.000650082	0.00562175
153	0.0541204	0.010861	0.0776325	0.120327	0.0142444	0.00528925	0.0140009	0.149891	0.0253582	0.12382	0.0340737	0.0172554	0.014448	0.0442507	0.0112717	0.0288695	0.0686125	0.166018	0.00526128	0.0143945
154	0.0532205	0.0121463	0.0624684	0.165386	0.0254661	0.0165476	0.0196957	0.10575	0.0367105	0.0936855	0.0541227	0.0349285	0.0120172	0.0502461	0.0206693	0.0521714	0.0503703	0.0811107	0.00651807	0.0467697
155	0.0465107	0.014232	0.0297654	0.021761	0.0329573	0.00605115	0.0085035	0.22406	0.0450852	0.152977	0.0482794	0.0190288	0.0083232	0.051223	0.0152233	0.0631227	0.0530312	0.119256	0.00593644	0.0346731
156	0.0455745	0.00444781	0.30396	0.283868	0.00501681	0.0328478	0.00646593	0.0138	0.042978	0.0110155	0.00414476	0.0584246	0.00804807	0.0396703	0.00819658	0.0687771	0.033526	0.0238727	0.000530013	0.00483557
157	0.0317307	0.0180022	0.0160182	0.0308244	0.044087	0.00507264	0.00894785	0.164297	0.0355833	0.218139	0.0538918	0.0230633	0.00877238	0.0256336	0.0217799	0.0501546	0.0602923	0.14385	0.0125518	0.0273081
158	0.08246	0.00525201	0.0574503	0.117997	0.007896	0.0317823	0.0310482	0.020693	0.0636189	0.0344894	0.0275707	0.0879954	0.0117575	0.121525	0.058087	0.122684	0.0682381	0.0339451	0.00127223	0.0142373
159	0.0437941	0.0108346	0.015776	0.0359973	0.0589599	0.0209188	0.0277324	0.101223	0.0417322	0.164295	0.0621682	0.0341011	0.00555466	0.0283047	0.0277843	0.0855246	0.0597047	0.104362	0.0191791	0.0520542
160	0.0736615	0.00359819	0.139516	0.219459	0.00402282	0.0465385	0.0106775	0.00624275	0.0565991	0.0208123	0.00828648	0.0636228	0.0464762	0.119966	0.028571	0.0909034	0.0438828	0.0148715	0.000355448	0.00193639
161	0.0488327	0.00149608	0.0566585	0.199761	0.00813369	0.0246966	0.0247166	0.0251893	0.0805088	0.0459485	0.0316397	0.0869433	0.00325587	0.107122	0.0507828	0.0917132	0.0677449	0.0338977	0.00324152	0.00771718
162	0.144522	0.0226436	0.00184633	0.00426171	0.00890763	0.0120312	0.00245602	0.14444	0.020327	0.0877154	0.057907	0.00810496	0.00324347	0.0157626	0.00316338	0.0444005	0.112166	0.298815	0.000539815	0.00674579
163	0.0276858	0.0129198	0.0299605	0.0605174	0.00308867	0.0101955	0.0139586	0.0248446	0.319228	0.0500057	0.00653962	0.0424058	0.00459313	0.101666	0.18056	0.0447587	0.0353449	0.0142204	0.00077349	0.0167326
164	0.125197	0.00929694	0.012301	0.0333923	0.0103162	0.0329359	0.0338089	0.096405	0.0730438	0.0593828	0.0436225	0.062581	0.0126804	0.138815	0.0300776	0.0532501	0.0775793	0.0830348	0.000349977	0.0119292
165	0.239047	0.040091	0.0185947	0.0245649	0.0114563	0.0641806	0.0176163	0.0364944	0.0136416	0.0206749	0.0128503	0.0374477	0.00883985	0.0203174	0.0226381	0.203711	0.112868	0.070972	0.00173134	0.022262
166	0.197701	0.0606728	0.00650947	0.0186846	0.00948342	0.0182291	0.00539862	0.0954824	0.0145504	0.25538	0.0603593	0.0172255	0.00735576	0.0316803	0.00540914	0.0489806	0.0594005	0.0805697	0.00115458	0.00577258
167	0.0131049	0.0072796	0.000474514	0.000935651	0.0629225	0.00109422	0.000643022	0.27171	0.00123246	0.423525	0.0520866	0.00106933	0.00186673	0.00275262	0.00134119	0.00369529	0.0158267	0.124439	0.00496457	0.00903582
168	0.0262332	0.0167651	0.000796993	0.00222481	0.0211938	0.00271954	0.00203885	0.38776	0.00584888	0.13988	0.0509492	0.00282897	0.00162005	0.00794654	0.00180247	0.0149173	0.0440042	0.263912	0.0006684	0.00589004
169	0.0687177	0.00277054	0.100641	0.154686	0.00353633	0.0437511	0.00938682	0.00991347	0.0408026	0.0281731	0.00760011	0.053896	0.205501	0.0937065	0.0214799	0.0864489	0.0534717	0.0126403	0.000379345	0.00249771
170	0.0334162	0.0210197	0.0100743	0.0200605	0.0308326	0.00311183	0.00540807	0.218015	0.0305044	0.192935	0.0539954	0.0188896	0.00961469	0.025164	0.0145277	0.0409351	0.0601199	0.188986	0.00613414	0.0162571
171	0.0141248	0.00933366	0.000761797	0.00187077	0.0777257	0.00127748	0.000760124	0.2219	0.000871981	0.460822	0.0618675	0.00163311	0.00186892	0.00191816	0.00152751	0.0041707	0.0117706	0.105824	0.00670647	0.0132651
172	0.0277698	0.014623	0.00474651	0.0101605	0.0392988	0.00692436	0.00946096	0.062144	0.0335186	0.352933	0.0772631	0.0133199	0.00395588	0.0313218	0.0235086	0.0546774	0.0986294	0.114212	0.0118336	0.00969817
173	0.0399905	0.00129051	0.0475922	0.228226	0.00857941	0.0205496	0.0246587	0.0271547	0.0835052	0.0459739	0.032345	0.08539	0.00210896	0.109961	0.0477615	0.0828947	0.0672475	0.035458	0.00323328	0.00607955
174	0.189389	0.125727	0.00920345	0.00926481	0.0111524	0.0302696	0.00592603	0.0803706	0.0213932	0.206843	0.0576594	0.0287082	0.0046857	0.0156602	0.00526131	0.0761545	0.0706643	0.0453404	0.00107047	0.00525683
175	0.0259351	0.0174214	0.00231286	0.00741937	0.0864385	0.00528478	0.00253999	0.110231	0.00614578	0.411091	0.156523	0.00568554	0.0016719	0.00291016	0.00279268	0.0153942	0.0115241	0.0934542	0.00722582	0.027998
176	0.0405554	0.00457447	0.327667	0.259827	0.0042409	0.0417381	0.00761759	0.0128933	0.033667	0.0104627	0.00565609	0.0702859	0.00669342	0.0343202	0.00605866	0.073179	0.0311636	0.0237495	0.000495584	0.00515433
177	0.0440354	0.00446383	0.307095	0.242051	0.00404805	0.0514639	0.0109779	0.0116312	0.0347256	0.0127111	0.00742685	0.0799049	0.00654484	0.0385747	0.00786814	0.0771854	0.029893	0.0224735	0.000423115	0.00650214
178	0.0374764	0.0269709	0.212196	0.0523114	0.0683247	0.129189	0.00841294	0.0122335	0.0311985	0.0959377	0.0482953	0.0782811	0.00483138	0.01235	0.00877369	0.0813222	0.0162467	0.0146634	0.00223163	0.0587532
179	0.0689123	0.00375939	0.191471	0.17224	0.00439237	0.0061252	0.0156476	0.116035	0.0167058	0.067344	0.0200321	0.0170642	0.0351309	0.0465534	0.00503072	0.0170669	0.0493839	0.130843	0.0052232	0.0110394
180	0.0457559	0.00386918	0.322441	0.270715	0.00470209	0.0342816	0.00638142	0.0150864	0.0399707	0.0109576	0.00426296	0.0537821	0.00921437	0.0371365	0.00755279	0.0650477	0.0368327	0.0267137	0.000724641	0.00457153
181	0.0405663	0.00382688	0.338727	0.274759	0.00522362	0.0320184	0.00625739	0.0174757	0.0359768	0.0105466	0.00465318	0.0516094	0.00925118	0.0330198	0.00605465	0.0617815	0.0340163	0.0286129	0.000955299	0.00466811
182	0.0336457	0.0199985	0.0168637	0.0202695	0.0545435	0.0421025	0.0347502	0.0137164	0.0296509	0.047647	0.0174607	0.0153713	0.00349964	0.0306611	0.0166241	0.0554782	0.027996	0.0226713	0.42891	0.0681402
183	0.177543	0.0311944	0.0288418	0.0342649	0.00772265	0.0841541	0.0135048	0.0472603	0.0108084	0.0166004	0.0126006	0.0543435	0.0113652	0.0159373	0.015644	0.236097	0.127823	0.0633008	0.000268535	0.0107255
184	0.0322319	0.0202816	0.00942061	0.0183623	0.0289366	0.0028544	0.00537829	0.203754	0.0340365	0.23097	0.0509421	0.0156325	0.00999026	0.0236748	0.0173715	0.0397937	0.0588102	0.178225	0.00578308	0.0135502
185	0.315748	0.0509858	0.00170526	0.00188898	0.00405974	0.0169958	0.00819215	0.00651846	0.010884	0.00494231	0.00238733	0.0206521	0.00514249	0.0172027	0.0117958	0.455545	0.0383812	0.0220235	0.00146241	0.00348672
186	0.0481188	0.00157712	0.0563332	0.202461	0.0081539	0.0250962	0.0247526	0.0244584	0.0814525	0.0450633	0.0315143	0.0870517	0.00421874	0.108291	0.0501189	0.090469	0.0671495	0.0333566	0.0031178	0.00724567
187	0.203176	0.03309	0.0235957	0.0355891	0.00744334	0.0786887	0.0141961	0.0408592	0.0108143	0.015576	0.0103305	0.0443294	0.0111831	0.015582	0.0147668	0.257315	0.121257	0.0528527	0.00040814	0.00894761
188	0.480109	0.0424284	0.00141033	0.00368897	0.00993113	0.0947395	0.00153682	0.0202106	0.00506819	0.0136493	0.00877778	0.00970667	0.00587458	0.00241544	0.00435625	0.179789	0.0631771	0.0453177	0.00477266	0.00304111
189	0.208369	0.0568633	0.0126674	0.0485958	0.00909182	0.103069	0.0186708	0.0316115	0.0176674	0.0232264	0.0177852	0.0365456	0.00704718	0.0369991	0.0176858	0.191087	0.0752332	0.0564535	0.00104257	0.0302883
190	0.0156453	0.00863354	0.000585047	0.0013187	0.0656663	0.00137688	0.000668178	0.246571	0.00129696	0.441701	0.0552256	0.00132864	0.0018857	0.00226448	0.00138424	0.00500359	0.0154054	0.118253	0.00543734	0.0103491
191	0.198237	0.0425869	0.0177805	0.0440271	0.00730626	0.110624	0.0153552	0.0366444	0.0143462	0.0220467	0.0145992	0.0405843	0.00827229	0.0276831	0.0179467	0.217344	0.0965821	0.0528096	0.000443302	0.0147808
192	0.0549999	0.00989968	0.0338887	0.0645579	0.044667	0.0279373	0.0291763	0.0547374	0.0513869	0.132127	0.0445791	0.0477832	0.00658261	0.0514498	0.0418438	0.113082	0.0636328	0.0718694	0.0120574	0.0437419
193	0.0209857	0.0174073	0.00165883	0.00430754	0.0907377	0.00305778	0.00149327	0.175251	0.00271345	0.417785	0.0933097	0.00309856	0.00236457	0.00251824	0.00265621	0.00847279	0.0107099	0.10547	0.011428	0.0245744
