492	20
1	0.00758677	0.000734401	0.000711844	0.000990159	0.000961618	0.000859968	0.00105695	0.518965	0.00129651	0.1578	0.212712	0.000977813	0.00044848	0.00133151	0.000871768	0.00191392	0.00275105	0.0869712	0.000304327	0.000754144
2	0.014058	0.00137233	0.167512	0.0303269	0.00168597	0.0231335	0.00197327	0.00234783	0.0211333	0.00283875	0.00234844	0.0370406	0.0784193	0.00238887	0.00198484	0.490977	0.11531	0.00306924	0.000598685	0.00148034
3	0.00198943	0.000451169	0.000475404	0.000598817	0.000508801	0.00352825	0.00918547	0.000734497	0.0210443	0.00101083	0.000773212	0.000721791	0.000333523	0.00970864	0.936301	0.00135669	0.00371592	0.000986204	0.00605056	0.00052598
4	0.155497	0.000778593	0.0573466	0.201723	0.00576107	0.0105644	0.0262594	0.00414452	0.0869521	0.0159697	0.00151509	0.0354241	0.000541975	0.0484224	0.119499	0.138035	0.0632108	0.0168609	0.000477344	0.0110181
5	0.113009	0.000743877	0.0886906	0.186337	0.00422706	0.00924108	0.0350408	0.00524679	0.0979787	0.0212303	0.00186674	0.0497448	0.00328689	0.0574322	0.108599	0.112721	0.0666521	0.030068	0.000358755	0.00752573
6	0.0391405	0.0147288	0.00906417	0.0152942	0.0833555	0.0102247	0.110204	0.0231488	0.0289605	0.0997523	0.0292809	0.0238444	0.0146029	0.0124231	0.0750926	0.021549	0.0284885	0.0197255	0.0157895	0.32533
7	0.422684	0.00129448	0.00117424	0.00119186	0.00376156	0.0151031	0.00149196	0.0126074	0.00137725	0.0134407	0.0160909	0.0306591	0.00119404	0.00148162	0.00149557	0.140229	0.181491	0.151866	0.000396841	0.000969279
8	0.115841	0.0013702	0.192494	0.176155	0.00175676	0.0806923	0.0111839	0.00641767	0.0126368	0.00317776	0.00241418	0.0545321	0.000926298	0.110042	0.047961	0.140241	0.0187076	0.0206951	0.000733318	0.00202279
9	0.0284245	0.0201485	0.00183545	0.0028941	0.00396761	0.00536926	0.012299	0.151131	0.0319343	0.297549	0.220288	0.00364645	0.00489194	0.021107	0.00432043	0.0292807	0.142276	0.0157956	0.000721354	0.00211987
10	0.00891822	0.0152585	0.000688751	0.000662194	0.528247	0.000814525	0.0078376	0.000983504	0.000787799	0.00795199	0.000837945	0.00430159	0.000352395	0.000851686	0.000800242	0.00143009	0.00496433	0.00130676	0.000231251	0.412774
11	0.00885844	0.000516595	0.00154952	0.000171709	0.00014007	0.974253	0.000304389	0.000230205	0.00166531	0.000591996	0.000366781	0.00404577	0.000100237	0.000875483	0.000203246	0.00522071	0.000388957	0.000312938	6.23734e-05	0.000142656
12	0.26154	0.00497791	0.00209306	0.0198621	0.00239433	0.0154541	0.00446399	0.0467304	0.0181942	0.00919546	0.0116739	0.00482541	0.430641	0.00392452	0.00638224	0.0379088	0.0202636	0.0964613	0.000697161	0.00231661
13	0.019931	0.0075338	0.000626743	0.00104099	0.00108631	0.00194427	0.000911724	0.00408916	0.00124975	0.00355579	0.00768135	0.00449805	0.00218721	0.0015698	0.00242925	0.100487	0.830106	0.00798137	0.000366814	0.000722967
14	0.0413874	0.00121154	0.00134611	0.0107457	0.00156901	0.00222639	0.00209405	0.0112651	0.0421337	0.00332693	0.00258446	0.00230949	0.00107952	0.00232374	0.00170265	0.00424049	0.6153	0.250976	0.000627568	0.00154996
15	0.0069916	0.000306646	0.0100907	0.00170481	0.000189613	0.922876	0.00417902	0.000323623	0.00332082	0.000625938	0.000309728	0.0346462	0.000557608	0.00294356	0.00292047	0.00632126	0.000949959	0.000420165	0.000101849	0.000220545
16	0.00146608	0.000365041	0.981743	0.0053112	0.000439167	0.00113602	0.0005381	0.000555745	0.000576523	0.00104294	0.000591729	0.00100481	0.000335542	0.000586009	0.00054056	0.00119787	0.00106531	0.000849567	0.000175868	0.000478646
17	0.011275	0.0109519	0.00105104	0.00690501	0.000983534	0.0124638	0.00222379	0.00173379	0.469331	0.0455809	0.00742348	0.00682917	0.000563934	0.0325449	0.345601	0.0244591	0.014462	0.00431207	0.000433645	0.000870366
18	0.0065454	0.00226302	0.000370163	0.000414417	0.0138457	0.000263863	0.000551755	0.438717	0.00123328	0.139969	0.0189062	0.000338244	0.00226103	0.00066261	0.00385894	0.000975663	0.00732745	0.359482	0.000642443	0.00137181
19	0.00198943	0.000451169	0.000475404	0.000598817	0.000508801	0.00352825	0.00918547	0.000734497	0.0210443	0.00101083	0.000773212	0.000721791	0.000333523	0.00970864	0.936301	0.00135669	0.00371592	0.000986204	0.00605056	0.00052598
20	0.0108666	0.00146821	0.00133023	0.00249046	0.0276957	0.00176289	0.0030242	0.0938988	0.00207605	0.738444	0.0508675	0.00216421	0.00150962	0.00634032	0.00290355	0.00430762	0.00568549	0.0366882	0.00197764	0.00449869
21	0.23442	0.00730015	0.00261998	0.000490845	0.000397823	0.710199	0.00650617	0.000613441	0.000545968	0.00299696	0.000507389	0.00481801	0.00180884	0.000551926	0.000528785	0.0183781	0.00602172	0.000797562	0.000135752	0.000360955
22	0.0732699	0.00746202	0.41903	0.0948596	0.00326986	0.0234279	0.0138525	0.00409692	0.00922287	0.0283919	0.0042826	0.16256	0.0288327	0.00939285	0.0145245	0.0742088	0.0178452	0.0062934	0.00107461	0.00410171
23	0.0165843	0.00317918	0.00053566	0.000495647	0.000569847	0.000698284	0.00057683	0.00118253	0.000540417	0.00121369	0.00705815	0.00255974	0.00213169	0.000608259	0.00105691	0.107456	0.851512	0.00148448	0.000149239	0.000407085
24	0.0749568	0.0097709	0.444952	0.134802	0.00149464	0.0154176	0.00574986	0.0022445	0.00264649	0.0165858	0.00201081	0.171664	0.0147569	0.00310729	0.0109367	0.0701372	0.013945	0.0026467	0.000545759	0.00162944
25	0.00738514	0.00041196	0.000584272	0.000678918	0.0168546	0.000691567	0.00100682	0.226143	0.000879228	0.628859	0.0376313	0.000780251	0.00159035	0.00247641	0.00291598	0.00136181	0.00305395	0.0652246	0.000413298	0.00105761
26	0.00902555	0.00151731	0.00138249	0.0109481	0.267128	0.00234827	0.00185218	0.213719	0.00176778	0.140509	0.0257855	0.00193306	0.000797241	0.00213178	0.00177408	0.00423665	0.00424719	0.130228	0.147166	0.0315017
27	0.0914809	0.00473852	0.00106758	0.000873604	0.00076944	0.0048298	0.000924664	0.521318	0.00106552	0.126325	0.00734091	0.00119928	0.00469405	0.0010877	0.00106377	0.00213454	0.00216485	0.225976	0.000287453	0.000658951
28	0.0269714	0.00106208	0.0436017	0.283435	0.00123503	0.0058815	0.00888387	0.00373475	0.191602	0.00926066	0.00637606	0.0100564	0.000632018	0.0929308	0.196029	0.0333064	0.0498072	0.0310252	0.000455426	0.00371278
29	0.010021	0.00299255	0.000253765	0.000343918	0.00611292	0.000283069	0.00033126	0.385823	0.000949568	0.0309599	0.0039269	0.000314468	0.00488042	0.00032916	0.000350676	0.000663133	0.00821425	0.53965	0.00170524	0.00189501
30	0.0272012	0.0014127	0.018893	0.794669	0.00114132	0.0076105	0.00427823	0.0020517	0.0131047	0.00478157	0.00264606	0.0086231	0.00113305	0.061651	0.00906329	0.0136785	0.0202525	0.00469305	0.000415314	0.00270009
31	0.0287641	0.00148052	0.0272801	0.0797498	0.00156206	0.00431337	0.0792657	0.00319754	0.472013	0.00316938	0.00220259	0.00379656	0.00083198	0.108222	0.127177	0.0225823	0.0164123	0.00592999	0.000716407	0.0113337
32	0.00142493	0.000334107	0.980853	0.00656849	0.000360084	0.00125249	0.000588772	0.000607023	0.000525112	0.000696182	0.000576212	0.00134713	0.000362568	0.00051945	0.00062482	0.00111352	0.00102153	0.000727348	0.00016641	0.000330677
33	0.0212446	0.0303587	0.00129771	0.00267392	0.195746	0.00333542	0.145791	0.00273619	0.0104197	0.252028	0.0260368	0.00376611	0.00139248	0.00203194	0.0299233	0.00544498	0.0166963	0.00690259	0.0145544	0.227619
34	0.0169016	0.00520894	0.0048187	0.00690493	0.068499	0.00602553	0.15775	0.0382763	0.0345719	0.0748348	0.00803659	0.00676342	0.120015	0.00777657	0.00920118	0.012762	0.0398414	0.0114817	0.00348464	0.366846
35	0.0105797	0.000496905	0.00155659	0.000196606	0.000146372	0.971789	0.000438179	0.000229405	0.00174094	0.000397743	0.000258519	0.00423818	9.60627e-05	0.000870428	0.000200431	0.00586752	0.000434718	0.000268871	6.32944e-05	0.000130875
36	0.0156012	0.000634217	0.283692	0.637261	0.000681406	0.00367281	0.00219611	0.00122108	0.00116475	0.00157834	0.00116881	0.0145896	0.00287512	0.0160649	0.00400155	0.00442243	0.00503759	0.00185722	0.00057508	0.00170456
37	0.0257311	0.000657977	0.0211618	0.870805	0.000704657	0.0057424	0.00386358	0.0010883	0.00359312	0.00205957	0.00119934	0.0103165	0.000616764	0.0264727	0.00514878	0.0102181	0.0066192	0.00173871	0.000440837	0.00182154
38	0.20862	0.110149	0.00231808	0.00225379	0.00424534	0.0107335	0.00611659	0.0492932	0.00252449	0.0856236	0.0602349	0.0158762	0.00717179	0.00255628	0.00246534	0.127463	0.0108318	0.28516	0.00243557	0.00392748
39	0.0515543	0.0144487	0.00491275	0.0115988	0.0044483	0.00152377	0.00597713	0.157852	0.0864258	0.0454553	0.0233299	0.0196159	0.00549051	0.0184174	0.0715691	0.0227571	0.0407354	0.403401	0.00070454	0.00978245
40	0.0138773	0.012031	0.00270447	0.00431539	0.46483	0.00238427	0.0369181	0.00755621	0.00394744	0.0512145	0.0144564	0.0110718	0.00226698	0.00458154	0.00525614	0.0122162	0.0138927	0.00513397	0.0346983	0.296648
41	0.00788608	0.00032676	0.00154701	0.000167362	0.000139078	0.975255	0.000329873	0.000224893	0.00173068	0.000352324	0.000305246	0.00423453	9.50777e-05	0.000855773	0.000206951	0.00549543	0.000379776	0.00026198	6.25227e-05	0.000143976
42	0.0486275	0.00156604	0.00191969	0.000223275	0.000236313	0.926451	0.00140618	0.000256431	0.00152961	0.000846208	0.000486654	0.00435179	0.00041182	0.000771762	0.000316752	0.00864167	0.00132429	0.000397493	7.66972e-05	0.000158982
43	0.0102429	0.000656543	0.00202858	0.000250458	0.000173685	0.963545	0.000467351	0.00028918	0.00169232	0.000852396	0.000502568	0.0111798	0.000146983	0.000946304	0.000284085	0.00543886	0.000465854	0.000623243	6.84842e-05	0.000145361
44	0.0102405	0.00770893	0.00156169	0.00262006	0.00107164	0.00255477	0.00712194	0.00358549	0.849085	0.00683861	0.00380882	0.00687186	0.000669728	0.00813176	0.0657213	0.0111673	0.00529755	0.00429858	0.000493518	0.00115115
45	0.0355411	0.0145575	0.00279969	0.00216621	0.00387896	0.0153187	0.00556565	0.0227284	0.0021917	0.0296912	0.00446455	0.0528777	0.0016511	0.00188283	0.0156382	0.229123	0.493346	0.0623325	0.000686448	0.00355886
46	0.00162309	0.000325752	0.000610701	0.000395726	0.0151662	0.000451498	0.000789042	0.505854	0.00154841	0.27676	0.0378612	0.00043815	0.0016204	0.00063388	0.0093588	0.00136269	0.0058566	0.138406	0.000213797	0.000724075
47	0.0021219	0.000572311	0.000479332	0.000665813	0.000582111	0.00354607	0.00933991	0.000787866	0.0213128	0.00112171	0.000985825	0.000734194	0.000346939	0.0103481	0.933444	0.00159218	0.00428831	0.00112993	0.00601983	0.000580451
48	0.00701106	0.000722047	0.718645	0.234153	0.000729488	0.0055008	0.000973817	0.00109138	0.000969575	0.00141121	0.00109527	0.00557783	0.00488458	0.00236647	0.00510671	0.00190947	0.00537662	0.00148725	0.000337298	0.000651305
49	0.0515562	0.00876398	0.00186471	0.00563648	0.00117067	0.781192	0.00167301	0.00108567	0.00645511	0.00400132	0.00504911	0.0134296	0.000696664	0.00572238	0.00346056	0.0991314	0.00564149	0.00213934	0.000373121	0.000957604
50	0.0260104	0.00739702	0.00211948	0.00365916	0.0197905	0.0177245	0.00758135	0.0783982	0.0113814	0.244044	0.421161	0.00531094	0.00160679	0.0307072	0.00566046	0.0146685	0.0677575	0.0265415	0.00362088	0.00485922
51	0.236063	0.00716331	0.00293978	0.000766936	0.000418459	0.705	0.00642834	0.000679379	0.0018744	0.00352481	0.000590043	0.00513796	0.00186038	0.000623557	0.000691214	0.0184666	0.00620912	0.0010663	0.000137772	0.000359146
52	0.0657822	0.00672197	0.00397983	0.0100835	0.0107795	0.0101923	0.00700552	0.0196051	0.00594302	0.102331	0.146515	0.00808191	0.0043191	0.403491	0.00979429	0.056447	0.0254981	0.0677432	0.00287766	0.0328085
53	0.167552	0.0266342	0.0583745	0.0599254	0.00516337	0.206413	0.0515818	0.0018538	0.00641712	0.00239533	0.0107355	0.0672556	0.00938171	0.0294882	0.021516	0.188633	0.0737715	0.00786674	0.000434673	0.00460642
54	0.135639	0.179845	0.00796501	0.00182746	0.00147437	0.00184849	0.0100983	0.117848	0.00161109	0.0106866	0.00219845	0.00196046	0.0152472	0.00163665	0.0014982	0.0724019	0.0969554	0.337508	0.000476035	0.00127347
55	0.205088	0.0431706	0.00319102	0.00428305	0.00369343	0.00441275	0.00449848	0.0271459	0.00430162	0.12075	0.229756	0.00466408	0.218788	0.00473456	0.00469779	0.0100752	0.00880949	0.0935032	0.00133917	0.00309764
56	0.00193553	0.000342072	0.967163	0.0126148	0.000477073	0.002249	0.00107654	0.000645322	0.000658405	0.000794588	0.000579007	0.00434894	0.00045603	0.000793299	0.00112041	0.00214062	0.00120252	0.000795484	0.00017931	0.000427752
57	0.0383408	0.0282945	0.00122279	0.00169342	0.0359099	0.0023685	0.00199913	0.0565736	0.00203793	0.386621	0.154632	0.00198348	0.00117137	0.0190133	0.00133957	0.0108556	0.133786	0.0989096	0.00786402	0.0153833
58	0.0786053	0.0124923	0.000714823	0.0010717	0.00524727	0.00279726	0.00265959	0.391717	0.00113414	0.120293	0.0197082	0.00124474	0.00800347	0.00129476	0.00161048	0.00381966	0.00814447	0.334115	0.00121926	0.00410736
59	0.000972435	0.00029896	0.00100389	0.000353964	0.0124789	0.00034285	0.000645611	0.609769	0.00108846	0.213661	0.0174346	0.000735056	0.00113333	0.00113921	0.00620286	0.00109289	0.0041662	0.12624	0.000746488	0.00049385
60	0.073054	0.128786	0.00399156	0.00221	0.0080944	0.00826208	0.00597854	0.0733524	0.00288459	0.0259301	0.0173918	0.0124608	0.00595228	0.00218127	0.00287308	0.0882713	0.408687	0.124638	0.000640772	0.00436052
61	0.0361632	0.0117181	0.0225517	0.00909316	0.00215054	0.261308	0.0194338	0.00165689	0.0112745	0.00390957	0.00410348	0.492943	0.00291467	0.0105365	0.0138966	0.0793249	0.0124379	0.00287766	0.000450793	0.00125489
62	0.476669	0.0114452	0.000899714	0.00114712	0.00125705	0.00471068	0.00134201	0.0449335	0.00129607	0.00180873	0.00354389	0.0108278	0.000826038	0.00136167	0.00105713	0.033005	0.0247022	0.377941	0.000354179	0.000872955
63	0.023657	0.00286554	0.000628344	0.000930665	0.0113184	0.000851026	0.00196285	0.164492	0.000875612	0.194287	0.0696092	0.00087063	0.000365165	0.000913309	0.00207186	0.00686747	0.0492268	0.460289	0.000252212	0.0076666
64	0.00179858	0.000425889	0.00285701	0.000360623	0.00117596	0.000430097	0.000420295	0.73727	0.000442539	0.0638667	0.00110779	0.00188286	0.000373582	0.0015336	0.000374579	0.000781018	0.00211677	0.181	0.00144796	0.000333967
65	0.00104905	0.000280833	0.000862393	0.000438512	0.0158501	0.000397165	0.000731046	0.490081	0.00157367	0.292403	0.0236152	0.000530922	0.00200529	0.00060621	0.0101002	0.00128066	0.0060684	0.151353	0.000148311	0.000624453
66	0.0039065	0.000448596	0.903582	0.0663804	0.000479071	0.00297521	0.00130987	0.000701549	0.000738251	0.000910723	0.000749786	0.0055322	0.00184562	0.00107693	0.00219878	0.00278136	0.00276556	0.00094106	0.000220922	0.000455138
67	0.0136125	0.00095134	0.00241791	0.000874996	0.000268374	0.952686	0.000377953	0.000367128	0.00456953	0.000923921	0.000814751	0.00591003	0.000175932	0.0012774	0.00110953	0.0115004	0.00132796	0.000562192	7.81522e-05	0.000194186
68	0.00829892	0.00257405	0.000685838	0.000322185	0.004848	0.00033318	0.000323752	0.43154	0.000843781	0.0367629	0.003338	0.00048429	0.0032096	0.000378365	0.000306268	0.000613411	0.00712453	0.495684	0.000901887	0.00142721
69	0.010601	0.0381988	0.00311864	0.00351158	0.0556404	0.00356666	0.00418091	0.293544	0.00383347	0.00576087	0.00452922	0.00395495	0.00204589	0.00449952	0.0212582	0.00729578	0.00738071	0.345764	0.00126811	0.180048
70	0.0584151	0.00469341	0.0101955	0.00997243	0.00222455	0.0106186	0.0140809	0.0024283	0.703159	0.00926932	0.00329965	0.012349	0.00541496	0.0136019	0.0869642	0.0340345	0.0111588	0.00522975	0.000596162	0.0022942
71	0.823011	0.0221462	0.000640704	0.00345945	0.00322309	0.0810633	0.000877162	0.000953977	0.000765005	0.00296687	0.00284213	0.00616161	0.00180073	0.000907372	0.000666475	0.025404	0.0135926	0.00791606	0.000255336	0.00134681
72	0.00153028	0.000374413	0.979536	0.00584791	0.000440927	0.00156052	0.000780171	0.000608257	0.000643699	0.000714949	0.000562106	0.00195142	0.0003689	0.000568209	0.000619675	0.00119977	0.00130993	0.000750513	0.000275302	0.000357286
73	0.00122032	0.000280518	0.00289682	0.000352287	0.0010866	0.000423735	0.000444622	0.766109	0.000414717	0.0705372	0.00132828	0.00194903	0.00018082	0.00177574	0.000400266	0.000825402	0.00167492	0.146209	0.00160124	0.000289037
74	0.00618282	0.000230281	0.00155718	0.00016154	0.000136222	0.978864	0.00025797	0.000212307	0.00167471	0.000271851	0.000199729	0.00397273	7.66851e-05	0.000879361	0.000193316	0.00436594	0.000321724	0.000251888	6.21309e-05	0.000127878
75	0.00136932	0.000278618	0.00297936	0.000361494	0.000842602	0.000447792	0.000448872	0.760002	0.000415087	0.0672545	0.00105098	0.00194633	0.000184109	0.00164358	0.000413461	0.00081958	0.00173616	0.156009	0.00151325	0.000283344
76	0.0101867	0.00877522	0.00101675	0.00914895	0.00095627	0.00877384	0.00225709	0.0013947	0.463471	0.0371777	0.00522255	0.00868997	0.0005269	0.0289358	0.363131	0.0192028	0.0228004	0.00717405	0.000386381	0.000772197
77	0.0268006	0.000655415	0.55236	0.0295586	0.000508625	0.0818365	0.0343651	0.000710225	0.0153533	0.00444061	0.000695007	0.190235	0.00344159	0.00809068	0.0187137	0.0205902	0.00533085	0.000957083	0.000182356	0.00517441
78	0.00748503	0.000390662	0.00978964	0.00286233	0.000683839	0.887328	0.00708575	0.000477317	0.00458318	0.000538514	0.000439387	0.056824	0.000882679	0.00496755	0.00500244	0.0080596	0.00148751	0.000587002	0.000119634	0.000405884
79	0.00659759	0.00179859	0.00188137	0.013129	0.0237647	0.00231532	0.068361	0.0355137	0.18376	0.103536	0.0371119	0.0257449	0.00120845	0.00271005	0.374673	0.00539216	0.00435521	0.0486628	0.000898755	0.0585859
80	0.00846267	0.00347375	0.000721063	0.00207563	0.040201	0.00100496	0.000964595	0.53815	0.000773033	0.102252	0.0586818	0.000857285	0.00092449	0.00341852	0.00254701	0.00300995	0.00826531	0.216009	0.00297607	0.00523224
81	0.227676	0.0465907	0.00157098	0.00183278	0.0892047	0.00191215	0.0560985	0.0111812	0.0020128	0.0119621	0.0239952	0.00217744	0.00102998	0.0384507	0.00200793	0.101097	0.0404037	0.319752	0.0110265	0.0100177
82	0.323193	0.00161701	0.00193444	0.0120852	0.00167585	0.446218	0.00221925	0.00233982	0.112268	0.0128975	0.0024573	0.0122601	0.00112205	0.00201271	0.0127932	0.0144877	0.0141051	0.0222484	0.00068292	0.00138314
83	0.00123722	0.000295777	0.00258179	0.000387745	0.00185172	0.000410965	0.000459419	0.778119	0.000413887	0.0761707	0.0019675	0.00183729	0.000197096	0.00194447	0.000424608	0.000867503	0.00152696	0.127168	0.00185305	0.000285133
84	0.0136233	0.000621014	0.00154386	0.000194219	0.000147866	0.968366	0.000467065	0.000253669	0.00168611	0.000590577	0.000520884	0.00408898	0.000149918	0.000866718	0.00020422	0.00545205	0.000527082	0.000466158	6.67338e-05	0.000163996
85	0.0153428	0.0047639	0.0039265	0.0115296	0.0015034	0.00584601	0.022002	0.0025203	0.711855	0.0103031	0.00542235	0.0201513	0.000818994	0.0259727	0.118381	0.0202325	0.00979564	0.00607229	0.00164172	0.00191954
86	0.639025	0.00729247	0.00168247	0.00176149	0.000450473	0.0677405	0.00442739	0.00145731	0.00101916	0.00108027	0.00111226	0.00111029	0.000367028	0.00341742	0.000894509	0.258389	0.00543329	0.00267979	0.000227504	0.000432062
87	0.0125169	0.000585659	0.001782	0.000218291	0.000159116	0.967691	0.00057566	0.000246154	0.00172059	0.000423091	0.000255696	0.005347	0.000166758	0.000916403	0.00032571	0.00606739	0.000513599	0.000279577	6.41103e-05	0.000145364
88	0.0127557	0.0110068	0.000977239	0.0014906	0.00126455	0.0215952	0.00274904	0.00162289	0.00145138	0.00239418	0.00241479	0.914967	0.000694235	0.00184654	0.00145074	0.0134181	0.00340808	0.00259306	0.000475761	0.00142422
89	0.0925051	0.00258837	0.00814064	0.018619	0.00392415	0.00978689	0.00282815	0.00933554	0.031862	0.00706727	0.00921971	0.00791505	0.673635	0.00798785	0.0154012	0.0661601	0.0160875	0.012527	0.000666322	0.00374342
90	0.0286181	0.000794358	0.550704	0.0300037	0.00065983	0.0767673	0.0355205	0.000688197	0.0144193	0.00633596	0.000739534	0.179076	0.00356517	0.0112139	0.018523	0.0268893	0.00736357	0.00100762	0.000267884	0.0068431
91	0.0027918	0.000817084	0.000954978	0.00115515	0.00629147	0.00119474	0.00120528	0.407037	0.00116766	0.0462395	0.0578945	0.00135111	0.000539584	0.00141713	0.00116787	0.00264467	0.190604	0.274318	0.000386501	0.000821692
92	0.0675477	0.0325814	0.0046937	0.00621073	0.00560102	0.0150204	0.00709776	0.00886422	0.00554412	0.0232794	0.277279	0.0343976	0.00451766	0.343427	0.0136369	0.0543464	0.0734965	0.0145798	0.00185169	0.00602704
93	0.0561397	0.000659599	0.495354	0.0382981	0.00314193	0.0390601	0.0495101	0.000917038	0.000883428	0.00181987	0.000866743	0.0952345	0.00432327	0.0232587	0.00740927	0.119152	0.0596748	0.00109555	0.000170497	0.0030308
94	0.0100386	0.00086463	0.0565458	0.0159758	0.000913891	0.438783	0.0429182	0.00128295	0.01904	0.00181103	0.00123305	0.320994	0.00693805	0.0194041	0.0304374	0.0233811	0.00642827	0.00178465	0.000323563	0.000901866
95	0.00947911	0.00309361	0.000251016	0.000260352	0.0064138	0.000232569	0.000276552	0.386966	0.00093702	0.040585	0.00507464	0.000311007	0.00339465	0.000269513	0.000286596	0.000492445	0.00825344	0.530842	0.000976689	0.00160386
96	0.0271657	0.000682788	0.550914	0.0310283	0.000551969	0.0797897	0.034071	0.000640235	0.0149499	0.00457321	0.000693626	0.187143	0.00367168	0.00841706	0.0191726	0.0230683	0.00722498	0.00094089	0.000186307	0.00511447
97	0.00349412	0.000715043	0.000680903	0.00797151	0.0202621	0.00133538	0.00187377	0.137389	0.00293711	0.410079	0.32883	0.00722609	0.000532931	0.00229597	0.012448	0.00589366	0.0241212	0.0261596	0.00174693	0.00400751
98	0.0283664	0.0141851	0.000827795	0.0151547	0.00652402	0.00121401	0.00129301	0.164341	0.00297024	0.0404312	0.0371647	0.0221334	0.0120305	0.0187883	0.0242155	0.0109684	0.0540126	0.516734	0.000386096	0.0282582
99	0.0117847	0.00400486	0.000225291	0.000251181	0.00785949	0.000216657	0.000276039	0.371185	0.00113254	0.03855	0.00561332	0.000289162	0.00360731	0.000259082	0.000294935	0.000492071	0.00956288	0.541029	0.00124035	0.00212678
100	0.0325992	0.0083938	0.00120542	0.00285262	0.00102628	0.832814	0.000996443	0.000780805	0.00454293	0.00320392	0.00392666	0.0139288	0.0003424	0.00296889	0.00159501	0.0831129	0.00359294	0.00134113	0.000274703	0.000500966
101	0.441245	0.0014458	0.00114671	0.0138889	0.00105459	0.0237848	0.00554165	0.0335687	0.0017231	0.00216924	0.00649057	0.00829212	0.306843	0.0013777	0.00151941	0.0393473	0.022322	0.0859903	0.000449085	0.00180053
102	0.167903	0.0584174	0.00191191	0.00931223	0.00750922	0.304377	0.00192893	0.00183347	0.0120938	0.00575383	0.00854903	0.0432068	0.00071816	0.00317853	0.002345	0.328282	0.0350928	0.00617213	0.000441004	0.00097365
103	0.0186101	0.00757603	0.000799334	0.00101078	0.000474447	0.00182493	0.000886918	0.00275178	0.00149891	0.00217676	0.00691487	0.00414309	0.00214668	0.0013379	0.00203042	0.099778	0.838437	0.00706781	0.000179665	0.000354978
104	0.00770884	0.000759176	0.724345	0.221657	0.000739514	0.00595199	0.00176663	0.0010985	0.00108372	0.00141874	0.00122143	0.00773342	0.00474979	0.0026936	0.00491794	0.00331681	0.00615502	0.00161449	0.000325531	0.00074373
105	0.154988	0.00126413	0.000728962	0.000958925	0.00183979	0.00100109	0.000921924	0.232558	0.00112691	0.00805525	0.00168306	0.000967876	0.0010957	0.00108188	0.000833841	0.00611903	0.0245093	0.558838	0.000477404	0.000950419
106	0.0177456	0.00263199	0.000815949	0.0015636	0.0213355	0.00134644	0.00502601	0.357318	0.00179093	0.211827	0.0518519	0.00172806	0.00160316	0.00221917	0.00957091	0.0100581	0.0254854	0.266453	0.000814206	0.00881469
107	0.317802	0.0012063	0.0894243	0.0228127	0.00112495	0.0645548	0.00180951	0.00220632	0.00139836	0.0025403	0.00169416	0.0156136	0.00758977	0.00890059	0.00156664	0.452306	0.00317962	0.00258471	0.00044071	0.00124444
108	0.23442	0.00730015	0.00261998	0.000490845	0.000397823	0.710199	0.00650617	0.000613441	0.000545968	0.00299696	0.000507389	0.00481801	0.00180884	0.000551926	0.000528785	0.0183781	0.00602172	0.000797562	0.000135752	0.000360955
109	0.0378035	0.000775672	0.0563043	0.733858	0.00111696	0.00723556	0.00589114	0.00159404	0.0218561	0.00430933	0.00222063	0.0233278	0.0010085	0.0424283	0.0248468	0.0183605	0.00925588	0.00574035	0.0004067	0.00166036
110	0.0116739	0.00159027	0.048343	0.0146964	0.00123044	0.369077	0.0704204	0.0021149	0.0337464	0.00312727	0.0018268	0.326019	0.00753524	0.0277764	0.043369	0.0244116	0.00790218	0.00309765	0.000691606	0.00135097
111	0.00617301	0.0212786	0.0020506	0.00216401	0.0129566	0.00256336	0.0346999	0.00305937	0.354613	0.202368	0.145625	0.013862	0.00112729	0.0322103	0.101827	0.0319867	0.0144646	0.00383307	0.000728896	0.0124083
112	0.00743702	0.00124205	0.00179209	0.000572357	0.00659383	0.00057546	0.000564595	0.63201	0.000644534	0.0823725	0.012502	0.00133046	0.000952078	0.00156227	0.00111899	0.00127296	0.00671314	0.23845	0.00125326	0.00104054
113	0.0514325	0.0123288	0.000713175	0.00243399	0.0127644	0.000863349	0.00310919	0.162792	0.00140765	0.149777	0.0511636	0.00351893	0.00486898	0.00322712	0.00455259	0.00864582	0.0338267	0.47824	0.00123315	0.0131013
114	0.0187236	0.00668715	0.000513222	0.000486082	0.000448689	0.00125144	0.000640957	0.00212127	0.000801087	0.00253712	0.0068501	0.00349956	0.00198481	0.000619148	0.00157112	0.102618	0.844536	0.0034031	0.000151076	0.000556259
115	0.772341	0.00616291	0.0015457	0.00543249	0.00246555	0.0259544	0.00312249	0.00965709	0.00204289	0.00349366	0.00391107	0.00452448	0.0984687	0.00239829	0.00238352	0.0174905	0.00992731	0.0165926	0.000538068	0.0115476
116	0.0160446	0.000623163	0.001574	0.000169766	0.00017571	0.966783	0.000500821	0.00022935	0.00162253	0.000442722	0.000217315	0.00403271	0.000162334	0.000855584	0.000209049	0.00528496	0.000608286	0.00027344	6.2402e-05	0.000128556
117	0.23442	0.00730015	0.00261998	0.000490845	0.000397823	0.710199	0.00650617	0.000613441	0.000545968	0.00299696	0.000507389	0.00481801	0.00180884	0.000551926	0.000528785	0.0183781	0.00602172	0.000797562	0.000135752	0.000360955
118	0.0065059	0.00389918	0.000564318	0.00300359	0.0395803	0.000774446	0.000769509	0.584135	0.000563894	0.0592009	0.0862064	0.000663578	0.000395458	0.00524281	0.000791484	0.00388428	0.00341992	0.199186	0.000428353	0.000785221
119	0.00149509	0.000343491	0.984123	0.00399701	0.000370337	0.00104666	0.000503288	0.000582524	0.000444754	0.000701722	0.000577065	0.00124694	0.000282639	0.000505883	0.000486054	0.00111963	0.000954676	0.000735777	0.00016247	0.00032138
120	0.174143	0.0456721	0.000986892	0.00120101	0.00106288	0.0373969	0.00128052	0.0107542	0.00683883	0.00820907	0.00184183	0.00171666	0.0185135	0.00143838	0.00126833	0.126988	0.472746	0.0866266	0.000464263	0.000850044
121	0.00578712	0.00289346	0.00273168	0.00234809	0.00161177	0.00266253	0.922507	0.00234102	0.0018013	0.00521704	0.00208331	0.00565658	0.000803191	0.0264687	0.00164063	0.0052324	0.00332599	0.00300697	0.000624292	0.00125657
122	0.00923293	0.00299305	0.000214236	0.000287992	0.00619094	0.00025115	0.000302528	0.376713	0.000917241	0.0344692	0.00409492	0.000280187	0.00368391	0.00026777	0.000264841	0.000526046	0.00825953	0.548506	0.000978527	0.00156625
123	0.0062199	0.00253589	0.00217047	0.00237477	0.00212409	0.00285058	0.920522	0.00219696	0.00193671	0.00608197	0.00205312	0.0059728	0.00117633	0.0258415	0.00170865	0.0052916	0.00335193	0.0031359	0.000652654	0.00180181
124	0.0151159	0.00216834	0.00189374	0.00211102	0.494682	0.00203214	0.0160112	0.0116193	0.00230706	0.0610862	0.0230574	0.00337645	0.00095868	0.00235827	0.00240207	0.015331	0.00531406	0.00452405	0.142496	0.191155
125	0.00435511	0.000501473	0.00418661	0.000593554	0.00185909	0.000780861	0.000557401	0.724985	0.00060332	0.0816709	0.00361348	0.00344814	0.000456953	0.00199117	0.000858055	0.00153631	0.00331834	0.162702	0.00145573	0.000526413
126	0.243104	0.118274	0.0118498	0.0129764	0.00266614	0.00834761	0.00562728	0.00327264	0.00192617	0.00324354	0.0117909	0.0180889	0.00144089	0.00262807	0.00846986	0.476282	0.0609053	0.00603675	0.00061773	0.00245193
127	0.231143	0.00182564	0.00289845	0.0208133	0.00202136	0.0146634	0.00378495	0.0197053	0.0196067	0.00399449	0.00715031	0.00497843	0.562673	0.00397777	0.00862272	0.041388	0.0129458	0.0348469	0.000665243	0.0022957
128	0.080733	0.00315037	0.196637	0.144889	0.00390339	0.078645	0.00865126	0.0247156	0.0119194	0.00681491	0.0050266	0.0298616	0.00231698	0.231265	0.0250126	0.0914592	0.0363649	0.0137995	0.0016872	0.00314731
129	0.0139278	0.00319215	0.00406691	0.0287029	0.00456988	0.00438691	0.00517954	0.101013	0.00468406	0.286258	0.0114895	0.00578941	0.00308582	0.461664	0.00442547	0.0105506	0.0329976	0.0082991	0.00157499	0.00414167
130	0.167946	0.0563197	0.00174066	0.0021914	0.00432625	0.00215061	0.0208304	0.128997	0.00178166	0.0770469	0.0545565	0.00376384	0.0294021	0.00222115	0.00213309	0.0275805	0.00545455	0.390223	0.00977851	0.0115564
131	0.0231407	0.00141015	0.242667	0.392153	0.00128865	0.00181933	0.0160824	0.0141673	0.002207	0.00892208	0.0103716	0.0420161	0.056104	0.0551489	0.00184404	0.00986462	0.0300551	0.0251657	0.0189071	0.0466659
132	0.0590388	0.00290462	0.069754	0.324531	0.0220339	0.00343389	0.119182	0.024	0.00483488	0.0118387	0.00457594	0.00413271	0.00188244	0.0378461	0.00333004	0.0243497	0.126767	0.14628	0.00125771	0.00802677
133	0.550005	0.0346988	0.00190794	0.00491215	0.00381331	0.181949	0.00166293	0.00134561	0.00490676	0.00452883	0.00541444	0.0199314	0.00118123	0.0020491	0.00123541	0.152384	0.0190947	0.00759675	0.000402787	0.000979764
134	0.00866181	0.000380717	0.000502212	0.000536918	0.0182812	0.000554749	0.00134616	0.0869632	0.000511644	0.802226	0.0384603	0.00063611	0.00138591	0.00302959	0.000498109	0.00113052	0.00101267	0.0332659	0.000193054	0.000422605
135	0.277452	0.0459165	0.0323521	0.041479	0.0259477	0.0478452	0.0316105	0.00219726	0.00634914	0.002681	0.0149419	0.0691209	0.000867084	0.0125077	0.00401988	0.2546	0.0796053	0.0249143	0.000559306	0.0250326
136	0.256395	0.00565567	0.00428407	0.00564703	0.00438543	0.158101	0.0063376	0.0053612	0.00531947	0.00691935	0.00531833	0.21114	0.0019521	0.00544648	0.00497535	0.16358	0.137651	0.00732151	0.00135269	0.00285604
137	0.00883565	0.00044303	0.00155185	0.000178764	0.0001512	0.973803	0.000343502	0.000223348	0.00169522	0.000666266	0.000385611	0.0041377	0.000111136	0.00088025	0.000217037	0.00529418	0.000398845	0.000454303	7.8895e-05	0.000150127
138	0.0028046	0.000807561	0.000939861	0.00113164	0.00580749	0.00114746	0.00121443	0.41732	0.00123221	0.0472866	0.0554559	0.00132808	0.000549635	0.00139754	0.00115117	0.00258201	0.179439	0.277119	0.000382563	0.000903666
139	0.0889979	0.0891886	0.00145688	0.00246838	0.00232184	0.0121465	0.00347876	0.0241604	0.00388961	0.0138209	0.0150092	0.0136825	0.00579563	0.00376655	0.0037616	0.0787585	0.587368	0.0480949	0.000513511	0.00132014
140	0.0443912	0.0366379	0.00153418	0.00224696	0.00202109	0.0160942	0.00838082	0.00705163	0.00324745	0.023803	0.00684519	0.0511135	0.00167745	0.0045734	0.0134251	0.151722	0.606304	0.0167372	0.000459215	0.00173493
141	0.00198119	0.000609963	0.000566661	0.000752031	0.174963	0.000738058	0.00549443	0.0786802	0.000744751	0.463081	0.118471	0.000743024	0.000450912	0.00314674	0.00747465	0.00138376	0.00442786	0.0573162	0.025312	0.0536632
142	0.0327578	0.000865741	0.000608371	0.00164	0.122938	0.00443213	0.00153256	0.320174	0.00095352	0.203099	0.0573242	0.000776836	0.000437231	0.00127884	0.00235234	0.00622006	0.0100022	0.207685	0.0151643	0.00975857
143	0.139286	0.00398349	0.00329196	0.000829325	0.000468053	0.813716	0.00374497	0.000478973	0.00310552	0.00222003	0.000618904	0.00566858	0.00136154	0.000936028	0.00129814	0.013577	0.00375505	0.00126438	0.000118146	0.000277835
144	0.0130083	0.000608343	0.0015501	0.000324139	0.00016741	0.967421	0.000469413	0.000265444	0.00172734	0.000578344	0.00046877	0.00411832	0.000133611	0.000909403	0.000223635	0.00675194	0.000498266	0.000547788	6.43594e-05	0.000163813
145	0.0186021	0.00349499	0.00192846	0.00120562	0.000395271	0.919435	0.000623288	0.000463179	0.00275689	0.00170345	0.00164337	0.00897644	0.000205198	0.00150583	0.000711332	0.0333277	0.00173055	0.0008667	0.000143998	0.000280331
146	0.0471624	0.0130959	0.0154111	0.00295608	0.0353622	0.00432228	0.0133577	0.0848861	0.00314935	0.0631064	0.0156653	0.0355928	0.0012811	0.00315672	0.00280817	0.174166	0.379704	0.0831586	0.000729837	0.0209281
147	0.0109184	0.000497472	0.00201522	0.000202999	0.000163957	0.970189	0.000390473	0.000256422	0.00170386	0.000587617	0.000415658	0.00438066	0.000182521	0.000889668	0.000244632	0.00568306	0.000538186	0.000446241	6.32759e-05	0.000231101
148	0.077555	0.00206678	0.0019537	0.0053673	0.00260278	0.0133664	0.00104557	0.00436378	0.00490634	0.00315426	0.0102401	0.00578931	0.788823	0.00197644	0.00520897	0.0530751	0.0100211	0.00528921	0.000265611	0.00292912
149	0.296844	0.00179796	0.00150689	0.00159842	0.00362021	0.00999105	0.001991	0.0238072	0.00186752	0.0112274	0.0111995	0.0547146	0.00077757	0.00171234	0.00172605	0.195566	0.240925	0.137012	0.000510424	0.00160504
150	0.297117	0.00274429	0.185138	0.203662	0.00378248	0.0101665	0.102847	0.00489183	0.0040409	0.00670714	0.00485705	0.00409759	0.00207388	0.00565199	0.00402046	0.0274692	0.0801125	0.0269891	0.00114863	0.0224825
151	0.0516354	0.0116034	0.00264726	0.00671674	0.00191352	0.658181	0.00180898	0.00116667	0.00619693	0.00386427	0.00599419	0.0160596	0.00159405	0.00674193	0.00321599	0.205912	0.0111859	0.00198853	0.000526976	0.00104617
152	0.0159872	0.00273332	0.000324848	0.000415434	0.000395214	0.000502386	0.000416176	0.00054853	0.000471167	0.000612383	0.00625149	0.00227839	0.0019533	0.000424511	0.000942002	0.10416	0.860258	0.000874611	0.000142981	0.000308113
153	0.0456673	0.038205	0.00410476	0.00396364	0.0853139	0.00381464	0.0616602	0.0229548	0.165717	0.0862546	0.00651281	0.172189	0.00197183	0.0050424	0.042014	0.123355	0.0613549	0.00655023	0.0199722	0.0433821
154	0.619078	0.0193922	0.00429707	0.00606656	0.0047146	0.107265	0.00397318	0.0109697	0.0110086	0.0099419	0.0105772	0.0101666	0.0139097	0.0046206	0.00539589	0.0582235	0.0314767	0.06354	0.00119887	0.00418399
155	0.187037	0.0375416	0.00286133	0.00376619	0.0040728	0.051159	0.00481057	0.0145153	0.00776409	0.0160386	0.00733189	0.010576	0.01326	0.00403461	0.00568602	0.109648	0.416115	0.0999607	0.00137434	0.00244662
156	0.0467864	0.0174656	0.00805691	0.00802302	0.0192274	0.0153557	0.015033	0.0849787	0.00895093	0.0891994	0.0161419	0.114205	0.00407419	0.0103698	0.0136479	0.119034	0.348162	0.0485383	0.00282966	0.00992016
157	0.125902	0.18619	0.00882089	0.00170502	0.00129478	0.0018237	0.00912956	0.125558	0.00153141	0.00936684	0.00182306	0.00183052	0.0147123	0.00162329	0.0015722	0.0685521	0.0919764	0.34491	0.000495175	0.00118268
158	0.0430961	0.0243399	0.0013678	0.00135266	0.00150447	0.0184748	0.00233653	0.00640793	0.00253037	0.0102242	0.00562914	0.0137745	0.00310789	0.00175446	0.00650714	0.142586	0.697149	0.0165823	0.000372586	0.000902105
159	0.0613581	0.00203382	0.000388115	0.00245404	0.00213684	0.0101972	0.00050776	0.00265418	0.0032645	0.00238335	0.00653824	0.00501726	0.832758	0.000535921	0.00421469	0.0500601	0.00820003	0.00255424	0.000171025	0.00257213
160	0.0142029	0.00379694	0.00120428	0.000805461	0.000352889	0.91815	0.000639886	0.000506816	0.00316961	0.0021589	0.00223781	0.0108417	0.000261456	0.00118511	0.000587213	0.0378557	0.000898175	0.000610805	0.000180712	0.000353413
161	0.220989	0.00216755	0.0130297	0.0334115	0.00890905	0.00669343	0.00262843	0.0314355	0.087967	0.00981946	0.00228672	0.00182351	0.353668	0.0160651	0.0470037	0.0886591	0.0258038	0.0425649	0.00222967	0.00284434
162	0.0283958	0.00170635	0.0131838	0.00252363	0.0548209	0.00287167	0.225244	0.0029343	0.00233199	0.017931	0.0138678	0.362759	0.0011641	0.0240186	0.00241952	0.0153509	0.00466169	0.00326233	0.0224009	0.198152
163	0.00302171	0.000645129	0.000641582	0.00740968	0.00753139	0.00114928	0.00159603	0.205843	0.0025123	0.356501	0.33157	0.00664426	0.000503937	0.00181858	0.0110246	0.005363	0.0241454	0.0311619	0.000297795	0.000618613
164	0.236617	0.00154411	0.0117633	0.142402	0.0017261	0.118673	0.112402	0.0123451	0.078799	0.00347879	0.0235457	0.00247374	0.00120607	0.0652104	0.0619143	0.0645699	0.0343098	0.00372718	0.000825948	0.0224662
165	0.0430871	0.00239627	0.0198582	0.0251566	0.00318164	0.00377361	0.0221406	0.00394971	0.115065	0.0605214	0.102364	0.0768124	0.00399948	0.0589466	0.26838	0.0736685	0.055491	0.00667992	0.0500559	0.00447149
166	0.049987	0.00330193	0.00346464	0.0092031	0.0813983	0.0047514	0.0119052	0.198954	0.00580765	0.239372	0.196494	0.00357402	0.00117222	0.0122957	0.00561069	0.0096615	0.0232002	0.0956587	0.00741597	0.036772
167	0.0180202	0.00121805	0.00221586	0.00662023	0.100443	0.00196706	0.0207878	0.158237	0.0046409	0.436391	0.126267	0.00205914	0.000930222	0.00632854	0.00885767	0.0042284	0.00804894	0.0429695	0.0088954	0.0408737
168	0.0525623	0.00170021	0.00564331	0.254958	0.0038881	0.00342953	0.00244985	0.0131136	0.0935689	0.0297522	0.0261545	0.00281689	0.00112926	0.304105	0.129818	0.0390378	0.0128342	0.0209157	0.00055627	0.00156616
169	0.672146	0.00641336	0.000386275	0.000469834	0.000344276	0.0535221	0.00465023	0.00139778	0.000477286	0.000880413	0.000674382	0.000576504	0.000304892	0.00247639	0.000488661	0.247485	0.00456172	0.00225499	0.000147965	0.00034269
170	0.0949909	0.0444469	0.00318747	0.00248664	0.0823916	0.0156268	0.00842964	0.11136	0.00323419	0.127977	0.0268103	0.0284222	0.00115516	0.00319235	0.00288904	0.126758	0.156201	0.153389	0.000831673	0.00621971
171	0.00736483	0.000750955	0.711741	0.23936	0.000758442	0.00540434	0.00116321	0.00108468	0.0012031	0.00151159	0.00112327	0.00542891	0.00522216	0.00268407	0.0052812	0.00203003	0.00534448	0.00156683	0.00033172	0.000645141
172	0.17232	0.016889	0.0854549	0.0963293	0.00128729	0.268649	0.0519144	0.00191078	0.00171121	0.0024372	0.00614504	0.0352671	0.0198522	0.0254073	0.0175972	0.129457	0.0630334	0.00263388	0.000494401	0.00120949
173	0.00195863	0.000614911	0.000566648	0.000760314	0.175379	0.000736096	0.00546235	0.0786205	0.000745309	0.462048	0.118612	0.000743354	0.000456494	0.00314847	0.00749781	0.00137996	0.00446874	0.0574079	0.0254662	0.0539268
174	0.0638049	0.00203243	0.000447986	0.00277835	0.00213662	0.0101743	0.000548917	0.00296262	0.00368242	0.0024346	0.00652895	0.0049997	0.828101	0.000639075	0.00435931	0.0502422	0.00833033	0.00306083	0.000174344	0.00256116
175	0.0242663	0.00279776	0.000550704	0.000766997	0.0131725	0.000826213	0.00118744	0.252145	0.000840432	0.163481	0.103446	0.000712465	0.000505581	0.00105695	0.00106007	0.00577517	0.0264886	0.395245	0.000264668	0.00541091
176	0.0127115	0.0113321	0.00127194	0.00160937	0.00121888	0.0227426	0.00258606	0.00157084	0.00157347	0.00219228	0.00242108	0.913381	0.000816573	0.00214807	0.00157314	0.0132865	0.00353303	0.00244964	0.00041718	0.00116451
177	0.0337326	0.000620245	0.00081174	0.00222309	0.172118	0.00395829	0.00148542	0.269417	0.0010912	0.185385	0.059715	0.00111868	0.000555477	0.00112633	0.00108725	0.00586554	0.00833505	0.216193	0.0248773	0.010284
178	0.0890824	0.0182478	0.00274888	0.00337782	0.00304793	0.646523	0.00365232	0.0040796	0.00318418	0.0861333	0.0527549	0.00361963	0.00166462	0.00355103	0.00332485	0.00874269	0.00688413	0.055754	0.00120229	0.00242478
179	0.00195863	0.000614911	0.000566648	0.000760314	0.175379	0.000736096	0.00546235	0.0786205	0.000745309	0.462048	0.118612	0.000743354	0.000456494	0.00314847	0.00749781	0.00137996	0.00446874	0.0574079	0.0254662	0.0539268
180	0.023066	0.00733911	0.00997377	0.00235312	0.469028	0.00230367	0.0274041	0.0311235	0.00821186	0.0891195	0.0484357	0.0303131	0.00128911	0.0189492	0.0081718	0.0803466	0.0719548	0.00378564	0.0131845	0.0536467
181	0.481228	0.0101821	0.00165083	0.00161945	0.00135975	0.441705	0.00432669	0.000692181	0.00063323	0.00277765	0.00133194	0.00498768	0.00226848	0.000735255	0.000615784	0.0326683	0.00695159	0.00313051	0.000142487	0.000992978
182	0.0135597	0.00524678	0.00266532	0.00933715	0.00108506	0.00557409	0.00932147	0.00229402	0.694948	0.0148726	0.0043323	0.0138966	0.000881861	0.0165273	0.159237	0.0251095	0.0124167	0.00592461	0.00099049	0.00178006
183	0.0114561	0.000463132	0.00184517	0.000242389	0.000152963	0.969152	0.000504213	0.0002152	0.00172961	0.000444792	0.000266394	0.00551028	0.000160204	0.000945597	0.000314999	0.00560723	0.000482373	0.000274434	6.66303e-05	0.00016623
184	0.0380231	0.0895073	0.00695803	0.00867229	0.00777659	0.0123656	0.102083	0.0084698	0.0085565	0.0114653	0.00987181	0.281537	0.00410949	0.0495027	0.00793655	0.239598	0.0607135	0.0447858	0.00188499	0.00618394
