456	20
1	0.220267	0.0285036	0.0269553	0.0277011	0.0136862	0.114387	0.00549452	0.0161689	0.0296494	0.0356677	0.0128776	0.0361806	0.0049512	0.00906499	0.0157745	0.187236	0.151409	0.0500885	0.00327206	0.0106647
2	0.0228088	0.0328039	0.0222124	0.0202997	0.158181	0.0128546	0.0454254	0.0510237	0.0296785	0.0679112	0.00991691	0.0340941	0.0320911	0.078919	0.0296326	0.105853	0.0611207	0.0288366	0.0134765	0.14286
3	0.0181912	0.0119976	0.0565293	0.0479716	0.0175196	0.0156168	0.114531	0.0180577	0.0987498	0.0841633	0.0298687	0.0499688	0.0521477	0.0887861	0.107318	0.07806	0.0482475	0.0174519	0.00319737	0.0416265
4	0.0103034	0.0284536	0.00493866	0.00527026	0.212748	0.00539319	0.09146	0.049262	0.00882174	0.0993709	0.00545835	0.0313597	0.00643913	0.0197032	0.00912363	0.019325	0.0147114	0.0705041	0.00695455	0.300399
5	0.0630856	0.0106666	0.0253521	0.046506	0.0481742	0.05709	0.0462599	0.0344866	0.164933	0.113081	0.0209689	0.035336	0.0114091	0.0304144	0.112704	0.0401891	0.0450346	0.0684017	0.00608936	0.0198175
6	0.0994981	0.00421587	0.0234457	0.176748	0.0159427	0.0336724	0.00583472	0.0649983	0.0963859	0.0485698	0.0707551	0.0342932	0.00678981	0.0186985	0.0825019	0.0197711	0.0627453	0.116477	0.00448641	0.0141703
7	0.013061	0.565601	0.0117304	0.0154631	0.0332694	0.0169458	0.0477386	0.0201685	0.0236386	0.0290924	0.00458988	0.041816	0.00593732	0.0161375	0.0534245	0.0273149	0.016421	0.0122974	0.0106717	0.0346812
8	0.0359524	0.011043	0.123093	0.0498451	0.0454367	0.0998937	0.0218685	0.0240705	0.0913691	0.0948822	0.015838	0.0432042	0.014419	0.0626659	0.0613288	0.0807747	0.0348726	0.0620805	0.00432235	0.0230399
9	0.039368	0.0771078	0.0144462	0.0152314	0.0468152	0.00892891	0.00826287	0.227691	0.039247	0.0335566	0.0288844	0.10408	0.00610879	0.0187218	0.0184703	0.0731432	0.142922	0.0668249	0.00451204	0.0256769
10	0.02775	0.00817749	0.140093	0.257491	0.0102104	0.0711062	0.0205858	0.00869368	0.187481	0.0105786	0.00755669	0.0431698	0.0111441	0.0540006	0.0278649	0.0449974	0.029595	0.0305067	0.00230817	0.00669067
11	0.0304295	0.00487084	0.219334	0.125134	0.00616759	0.0678794	0.0551432	0.0133878	0.0881814	0.0301111	0.00559546	0.172899	0.00500993	0.0425623	0.0201196	0.0453676	0.0180629	0.017827	0.00158962	0.0303282
12	0.00754678	0.868773	0.00745533	0.00890573	0.00226174	0.0181592	0.0117193	0.00911293	0.00486422	0.00432601	0.00175937	0.00761266	0.00152282	0.00265714	0.00674363	0.00975674	0.00650812	0.00319136	0.00662525	0.0104984
13	0.0176299	0.0083415	0.0551666	0.254617	0.00805252	0.153189	0.0143174	0.0108223	0.214385	0.0139181	0.00868191	0.0254143	0.026998	0.0725041	0.0256928	0.0280273	0.0284239	0.0238746	0.00271376	0.00722978
14	0.0125106	0.0100393	0.0202289	0.0678706	0.00353993	0.0402954	0.0344561	0.0282234	0.253319	0.0105044	0.0221718	0.0898872	0.00432523	0.0419821	0.230291	0.0489563	0.0486471	0.00973939	0.00997044	0.0130421
15	0.0568995	0.00747161	0.186443	0.100116	0.0237047	0.0174887	0.0228923	0.0231894	0.103532	0.0273046	0.007269	0.106143	0.0472	0.0366395	0.0460985	0.103772	0.052302	0.017456	0.00145531	0.0126214
16	0.104591	0.0904784	0.0226276	0.0186735	0.0347034	0.0378514	0.00923445	0.0872221	0.0221927	0.065914	0.00989753	0.0495472	0.0100967	0.0115787	0.0260196	0.130911	0.111174	0.119888	0.0042322	0.0331671
17	0.0163347	0.0073718	0.0404809	0.102712	0.00798175	0.00816428	0.0755648	0.0127741	0.144187	0.0847693	0.0162965	0.0262466	0.0480179	0.214916	0.0818235	0.0366644	0.0296303	0.035572	0.00237475	0.00811788
18	0.00865534	0.0366668	0.0103175	0.00469434	0.230635	0.00381275	0.0695365	0.0540018	0.0116879	0.126389	0.00651123	0.0296397	0.00367973	0.018254	0.0171351	0.0333155	0.0147967	0.0351202	0.0380892	0.247061
19	0.00934835	0.0308332	0.01123	0.00677628	0.168039	0.00368726	0.207787	0.0265027	0.00761708	0.0356259	0.00254727	0.0438835	0.00708413	0.017003	0.00971403	0.0188469	0.0146314	0.0309758	0.00289403	0.344973
20	0.0086789	0.845936	0.00732158	0.00886084	0.00281254	0.0278299	0.0113396	0.00901956	0.00495303	0.00436227	0.0018985	0.00804609	0.00192906	0.00311934	0.00750025	0.0190632	0.00744882	0.00322057	0.00638244	0.0102773
21	0.0325304	0.00638854	0.215598	0.142962	0.00884164	0.0290747	0.0242486	0.0209184	0.111006	0.0178439	0.00820103	0.13916	0.0117642	0.0359398	0.0254781	0.0754436	0.0479782	0.033912	0.00109174	0.011619
22	0.0548012	0.00580844	0.245657	0.104423	0.0397581	0.00819379	0.0412656	0.0523231	0.0716288	0.0325103	0.00544351	0.0752039	0.0524179	0.0354047	0.0230547	0.0681634	0.0574944	0.0150109	0.00162516	0.00981225
23	0.0164627	0.790965	0.012597	0.0116917	0.00555404	0.0183018	0.0128075	0.0131834	0.00995159	0.00983478	0.00266412	0.0107643	0.00428399	0.00711765	0.00993422	0.0213873	0.0148019	0.00926069	0.00610058	0.0123357
24	0.0108978	0.00811793	0.0713863	0.101255	0.00479395	0.0534335	0.0845835	0.0185438	0.104119	0.0411042	0.00781936	0.10406	0.0315891	0.142216	0.0842674	0.0592681	0.0321862	0.0140371	0.00315271	0.0231695
25	0.00924239	0.0226938	0.0187565	0.0766208	0.00797884	0.00357964	0.115876	0.0152668	0.153077	0.118289	0.0123695	0.0146723	0.0342279	0.219605	0.0879987	0.0330164	0.0193897	0.0287872	0.00173777	0.00681464
26	0.00876933	0.00633742	0.0679337	0.0926609	0.00467682	0.0289983	0.0892253	0.0134744	0.112271	0.0372649	0.00679166	0.0711519	0.0309237	0.18323	0.11274	0.0636912	0.033387	0.01285	0.00254921	0.0210732
27	0.00414235	0.00762941	0.00139072	0.00490575	0.0589756	0.00207006	0.00164178	0.206801	0.00596862	0.475487	0.0754478	0.00452176	0.000984664	0.00646445	0.00324335	0.00433673	0.00896574	0.111299	0.00303486	0.0126891
28	0.00762219	0.868075	0.00741881	0.00890784	0.00227442	0.0184384	0.0117186	0.00910366	0.00487623	0.00435722	0.00176386	0.00760996	0.00154341	0.00266729	0.00680353	0.00999079	0.0065393	0.00319047	0.00661574	0.0104833
29	0.0245237	0.00785347	0.101137	0.267481	0.00421268	0.0443236	0.0204895	0.0100177	0.202302	0.0111646	0.00907214	0.0381646	0.0201048	0.0846676	0.0395364	0.036413	0.038896	0.0347222	0.00169627	0.00322197
30	0.0145729	0.00585831	0.0377524	0.0992009	0.00732171	0.00861556	0.0845333	0.00985409	0.152668	0.0677686	0.0105203	0.0272981	0.0491978	0.221211	0.096809	0.0388108	0.0283854	0.0290919	0.00176356	0.00876625
31	0.00869759	0.83254	0.00797985	0.00939944	0.00522364	0.0176156	0.018063	0.0132764	0.0065766	0.00753206	0.00202306	0.0101511	0.00209733	0.00367598	0.00895366	0.0123261	0.00789275	0.00514492	0.00665405	0.0141771
32	0.0216774	0.00425657	0.0302687	0.0838687	0.0060328	0.0113579	0.0182093	0.0311143	0.392934	0.0297012	0.0141025	0.0816614	0.0119155	0.0330699	0.0972441	0.0278915	0.0671862	0.0210727	0.00232756	0.0141078
33	0.0207617	0.00510956	0.408384	0.133556	0.00727387	0.0744816	0.014705	0.00411011	0.0391332	0.0141699	0.00300583	0.16057	0.000983385	0.0115221	0.00799825	0.0316535	0.0137619	0.0277404	0.000429746	0.0206498
34	0.0223264	0.00865314	0.105282	0.301645	0.00378868	0.0542502	0.0181385	0.00719457	0.189278	0.00738726	0.00916456	0.0348863	0.0160064	0.0749312	0.0333768	0.0358386	0.0357698	0.0386053	0.00186329	0.0016135
35	0.00545219	0.00369236	0.0534508	0.0205486	0.0082499	0.00383899	0.574812	0.0137171	0.0106086	0.0263616	0.00806661	0.0426129	0.0095623	0.0402345	0.0100954	0.0452743	0.00876445	0.0173746	0.00201608	0.0952667
36	0.0103605	0.0111357	0.022958	0.0792682	0.0115608	0.00436642	0.0795017	0.0190718	0.165397	0.112332	0.022984	0.0167184	0.0476385	0.200628	0.0873018	0.0400815	0.0234029	0.0356241	0.00275208	0.00691568
37	0.0110789	0.011953	0.0263331	0.0620527	0.00597391	0.00901171	0.0524631	0.0142078	0.230698	0.0623853	0.0112327	0.0349572	0.048185	0.162659	0.106915	0.051509	0.0389955	0.0502471	0.00180826	0.00733339
38	0.00535648	0.0025697	0.131025	0.0174627	0.00341354	0.0574278	0.024539	0.0516489	0.091205	0.0146762	0.0115792	0.284508	0.0155061	0.0112116	0.0258469	0.179148	0.0371708	0.0202932	0.000779463	0.0146321
39	0.016787	0.00948224	0.0230886	0.0607474	0.0268083	0.00385544	0.030326	0.0215913	0.126744	0.136871	0.0298618	0.00952938	0.144728	0.133101	0.0634597	0.072351	0.0444812	0.0340927	0.00746187	0.00463252
40	0.0227229	0.0090061	0.107684	0.325827	0.00324521	0.0523274	0.0153775	0.0071673	0.179258	0.0107966	0.01088	0.0344358	0.0129577	0.0736039	0.0284257	0.0305362	0.0375077	0.0348047	0.00175095	0.0016863
41	0.0819727	0.0249108	0.0308687	0.0444311	0.0346989	0.0230801	0.00563497	0.035417	0.0445101	0.0231484	0.0112222	0.0877799	0.0117324	0.0105102	0.0316878	0.233954	0.209898	0.0279679	0.00183346	0.0247414
42	0.0487754	0.0038484	0.0715244	0.11357	0.00640255	0.0194878	0.0208796	0.0401363	0.256899	0.0222741	0.0142627	0.111922	0.0137842	0.0455188	0.049536	0.0536353	0.0795033	0.0156307	0.00120405	0.0112061
43	0.00522066	0.00234879	0.13151	0.0155679	0.00360408	0.0587628	0.0267133	0.0547422	0.0952291	0.0146516	0.0123872	0.279822	0.0150898	0.0113485	0.0228829	0.17557	0.0394142	0.0208958	0.000749887	0.0134893
44	0.0042721	0.00271217	0.0571125	0.0192469	0.0064715	0.00360657	0.595977	0.0133278	0.00736608	0.0235457	0.00779997	0.0416749	0.00770572	0.0390182	0.0068272	0.0406842	0.00605944	0.0175016	0.001146	0.0979448
45	0.0407867	0.0032245	0.319544	0.146476	0.0171174	0.0404	0.0171138	0.0138966	0.0998082	0.0139493	0.00443417	0.122443	0.0118912	0.0279377	0.0194619	0.0433755	0.023713	0.0192382	0.000692535	0.0144962
46	0.0453879	0.00542683	0.00256552	0.0103679	0.0273358	0.00365779	0.00316253	0.218939	0.0029673	0.125826	0.0277759	0.00257015	0.000507405	0.000932451	0.00806788	0.00267446	0.0212999	0.484226	0.00191618	0.0043923
47	0.0938133	0.012108	0.00921808	0.00848817	0.0332425	0.0117853	0.0031763	0.181735	0.00838155	0.111021	0.0156836	0.00613686	0.00407732	0.0014118	0.00971231	0.0126033	0.0428128	0.429284	0.0020262	0.00328202
48	0.00710844	0.00598269	0.00899328	0.0206674	0.0146207	0.0157147	0.0827631	0.0427584	0.0117848	0.218299	0.00642287	0.00858486	0.153726	0.031233	0.0197068	0.18978	0.0536416	0.0494195	0.00169112	0.0571017
49	0.00741568	0.0331044	0.00640235	0.00409824	0.244133	0.00551885	0.0818713	0.0489397	0.00890314	0.0649589	0.00336246	0.0312315	0.00470276	0.02284	0.00705804	0.0328887	0.0163322	0.0340864	0.0181519	0.324001
50	0.0067629	0.00761958	0.0337664	0.0579677	0.00678766	0.0297828	0.0756831	0.0201528	0.160086	0.0312979	0.0182006	0.0709057	0.023827	0.122146	0.193009	0.0610108	0.0482378	0.0105746	0.00377623	0.0184048
51	0.0151453	0.00588851	0.0801052	0.165794	0.00707141	0.0206677	0.0756629	0.0244053	0.106306	0.0681157	0.00797411	0.0843857	0.0277115	0.14546	0.0472951	0.0385489	0.0307565	0.017134	0.00383446	0.0277374
52	0.00584307	0.00548992	0.0162727	0.0591833	0.0110834	0.00970039	0.157059	0.0107948	0.138209	0.0426506	0.00818559	0.0651715	0.0185823	0.15308	0.181774	0.04188	0.0313389	0.0079466	0.00175379	0.0340002
53	0.00783447	0.00825092	0.0186932	0.0739738	0.0163859	0.0380414	0.0263581	0.0598737	0.20531	0.0153874	0.0165107	0.117117	0.00610317	0.0660956	0.206919	0.0381712	0.0381043	0.0105005	0.00583209	0.0245379
54	0.00875025	0.0166365	0.0830419	0.0757775	0.0060768	0.0513916	0.0722902	0.0303403	0.0786302	0.0373962	0.00818007	0.100761	0.037827	0.137112	0.101686	0.0710857	0.0414699	0.0140903	0.00321364	0.0242435
55	0.0195697	0.00771488	0.0937376	0.310935	0.00413824	0.0432481	0.0218045	0.0101671	0.167464	0.0126197	0.00938764	0.0343186	0.0235652	0.0884532	0.0359686	0.03074	0.0341947	0.0472548	0.00175013	0.00296849
56	0.0264697	0.00666894	0.0404153	0.108101	0.0100032	0.0161062	0.031962	0.0694516	0.224872	0.0295625	0.0141358	0.0956892	0.0085618	0.0624365	0.0422386	0.0610892	0.0702719	0.0367565	0.00274442	0.0424643
57	0.00754678	0.868773	0.00745533	0.00890573	0.00226174	0.0181592	0.0117193	0.00911293	0.00486422	0.00432601	0.00175937	0.00761266	0.00152282	0.00265714	0.00674363	0.00975674	0.00650812	0.00319136	0.00662525	0.0104984
58	0.00838907	0.00853182	0.0581392	0.0922163	0.00319383	0.0390157	0.0590726	0.02546	0.141437	0.0252441	0.0151723	0.0942436	0.0227304	0.121316	0.136042	0.0680904	0.0421773	0.0187303	0.00355595	0.0172426
59	0.0425973	0.00321693	0.0352574	0.079492	0.0281717	0.0148587	0.00521862	0.163972	0.115654	0.0693508	0.0595803	0.0386049	0.0102406	0.0104292	0.0355966	0.0301025	0.115513	0.114941	0.00255495	0.0246476
60	0.0046081	0.00319223	0.0531552	0.0193616	0.00724508	0.00328416	0.586982	0.0144422	0.00955589	0.0252274	0.00773637	0.0423644	0.00846801	0.0403794	0.0105794	0.0409626	0.00706376	0.0174181	0.00140594	0.0965682
61	0.0530853	0.00553945	0.0173899	0.03216	0.0398016	0.00330084	0.0105778	0.0256984	0.0582422	0.0931175	0.0162687	0.0184035	0.2948	0.0645428	0.0304096	0.109481	0.0879107	0.0300943	0.0022367	0.00693947
62	0.00973559	0.00512125	0.0483257	0.112153	0.00340569	0.065172	0.0167713	0.0192375	0.156989	0.0114947	0.00771189	0.15882	0.00743379	0.0776927	0.13863	0.0802743	0.0663468	0.00559977	0.00299899	0.00608622
63	0.00597384	0.00875369	0.0164458	0.0697899	0.0042939	0.0214274	0.041235	0.0292817	0.290171	0.0204719	0.0257148	0.0630272	0.004967	0.0525669	0.238649	0.0374946	0.0343961	0.0120871	0.00657574	0.0166771
64	0.031874	0.00748188	0.0699328	0.136522	0.00588302	0.0297945	0.0691425	0.0344112	0.120799	0.0391677	0.0134649	0.169026	0.00419466	0.0563937	0.0227781	0.0741043	0.0457135	0.0330057	0.00227834	0.0340323
65	0.0251028	0.0310259	0.00263987	0.00865514	0.054493	0.00283346	0.0046256	0.252007	0.00757773	0.249273	0.0609543	0.00530983	0.00118722	0.00721401	0.00805985	0.00773044	0.0234888	0.210415	0.00300159	0.0344053
66	0.0336692	0.0254132	0.109231	0.227314	0.00689763	0.0310088	0.0211001	0.0334984	0.160111	0.0149454	0.0109101	0.0748295	0.00938772	0.0515213	0.0275736	0.0529067	0.0637723	0.0360673	0.00217856	0.0076631
67	0.0165973	0.0166789	0.0064477	0.0211719	0.0927588	0.00450495	0.00414293	0.22359	0.083076	0.230158	0.105036	0.0261782	0.00237057	0.0165127	0.0191127	0.0261162	0.0488324	0.0388151	0.00810066	0.00979903
68	0.00810666	0.0516232	0.0113859	0.00405344	0.225351	0.00318163	0.0658983	0.0616793	0.0130361	0.118261	0.00696466	0.0347247	0.00248506	0.0186121	0.026327	0.0416006	0.0150512	0.0251385	0.0609591	0.20556
69	0.00780551	0.84391	0.00769103	0.00899842	0.0083612	0.0176856	0.0137988	0.00989366	0.00550578	0.00573076	0.00189117	0.00890634	0.00227961	0.00334738	0.00867228	0.0109463	0.00683882	0.00410796	0.00657526	0.0170542
70	0.0174467	0.00724199	0.0993639	0.245535	0.00303113	0.0520174	0.0207786	0.0102953	0.174569	0.00889668	0.00808623	0.0705357	0.0133392	0.0835883	0.0636295	0.0453005	0.0425193	0.0283242	0.00238107	0.00311979
71	0.0152127	0.00804234	0.0985973	0.236905	0.0032222	0.0399507	0.0358448	0.0182562	0.141689	0.017591	0.00813901	0.0635108	0.0214472	0.117615	0.0411226	0.0453822	0.0439249	0.033368	0.00200273	0.00817622
72	0.00754678	0.868773	0.00745533	0.00890573	0.00226174	0.0181592	0.0117193	0.00911293	0.00486422	0.00432601	0.00175937	0.00761266	0.00152282	0.00265714	0.00674363	0.00975674	0.00650812	0.00319136	0.00662525	0.0104984
73	0.0116847	0.00744012	0.0884894	0.121666	0.00366545	0.0494406	0.0571056	0.0171246	0.117776	0.0283484	0.0075848	0.109274	0.0191521	0.123267	0.0894862	0.0724553	0.0384812	0.0143098	0.00545267	0.0177956
74	0.0611545	0.0168465	0.00719528	0.0160761	0.0340801	0.00640545	0.00806955	0.230544	0.00974008	0.135724	0.0281485	0.00709066	0.00269051	0.0051068	0.0120971	0.00982722	0.0435965	0.353417	0.00231782	0.00987278
75	0.0575248	0.0245235	0.0390782	0.0170546	0.0856953	0.00331807	0.0108143	0.0212989	0.0272179	0.0807305	0.0126828	0.0348775	0.20959	0.0201589	0.020339	0.218317	0.068784	0.0176575	0.00104389	0.0292926
76	0.0474083	0.00740439	0.00331163	0.00891586	0.0481751	0.00595739	0.00429959	0.206671	0.00394053	0.175891	0.0287577	0.00299528	0.00130186	0.00151445	0.00733063	0.00393953	0.0219615	0.409657	0.00199861	0.00856861
77	0.00754678	0.868773	0.00745533	0.00890573	0.00226174	0.0181592	0.0117193	0.00911293	0.00486422	0.00432601	0.00175937	0.00761266	0.00152282	0.00265714	0.00674363	0.00975674	0.00650812	0.00319136	0.00662525	0.0104984
78	0.0667797	0.0360387	0.0583727	0.0230134	0.086559	0.00388929	0.0303687	0.0168345	0.0340757	0.0640024	0.00947635	0.0540492	0.118655	0.0179465	0.028654	0.216402	0.0635587	0.0119594	0.00115869	0.0582059
79	0.019922	0.00836785	0.0553328	0.142663	0.00656474	0.027234	0.0816333	0.0348807	0.138886	0.0334032	0.0143532	0.119691	0.00858478	0.080602	0.0470947	0.0834179	0.0447547	0.023281	0.00288342	0.0264491
80	0.00755839	0.86736	0.00745541	0.00889811	0.00273165	0.0181171	0.0118755	0.00913797	0.00497305	0.00446007	0.0017576	0.00764103	0.00153139	0.00266016	0.0068648	0.00980576	0.00654072	0.00318904	0.00674712	0.0106954
81	0.0205294	0.00720706	0.074892	0.0731398	0.0044662	0.113329	0.0211602	0.0204914	0.128335	0.0167697	0.0173123	0.117687	0.0102252	0.0643164	0.111433	0.106144	0.0671905	0.0111868	0.00399276	0.0101931
82	0.00387132	0.00381332	0.0525232	0.0175532	0.0125938	0.00291762	0.58593	0.0135384	0.00675383	0.0237102	0.0075019	0.0409661	0.00795579	0.0386	0.00742285	0.040073	0.00592759	0.0179115	0.00116791	0.109268
83	0.139694	0.0046457	0.0182108	0.0720867	0.0150432	0.0163074	0.00639808	0.0560919	0.136805	0.0734909	0.0213688	0.0190818	0.0120204	0.0312211	0.0602065	0.0882949	0.134632	0.0562192	0.0130803	0.025102
84	0.0203055	0.0123301	0.00549488	0.0148817	0.132963	0.00447968	0.0148929	0.160971	0.0685511	0.276901	0.0843609	0.0200216	0.00810884	0.0424765	0.0218514	0.0252479	0.0276635	0.0431387	0.00608945	0.00927071
85	0.0347013	0.00410744	0.0359041	0.0525656	0.0359478	0.00772476	0.00412248	0.212123	0.0715592	0.0844546	0.0707831	0.0427384	0.0117347	0.00409197	0.0183831	0.0325817	0.11284	0.14358	0.000686991	0.0193694
86	0.0190081	0.00407743	0.424973	0.125498	0.0065976	0.0552922	0.0157904	0.00445648	0.0374256	0.0163025	0.00317236	0.174269	0.0015475	0.0121452	0.00699535	0.0331586	0.0157434	0.0207579	0.00056886	0.0222199
87	0.00880901	0.00951952	0.00172004	0.00503163	0.040897	0.00168968	0.00155743	0.30179	0.00655014	0.333696	0.0808958	0.00532638	0.000855233	0.00541542	0.00403325	0.00378556	0.0149088	0.158636	0.00229018	0.0125924
88	0.0303979	0.0073931	0.0363656	0.165277	0.022083	0.0628193	0.0143741	0.0442876	0.139032	0.0300983	0.0128147	0.073296	0.00649134	0.0660948	0.0983662	0.0615728	0.0886576	0.0256892	0.0048626	0.0100267
89	0.0260195	0.00316951	0.0338392	0.0690858	0.033961	0.00803215	0.00442831	0.206902	0.0822118	0.0753915	0.0762416	0.0465255	0.0123657	0.00504452	0.0195932	0.0283117	0.112306	0.134213	0.000873246	0.0214845
90	0.17128	0.0293398	0.0228854	0.0040561	0.0440741	0.0251761	0.00330444	0.169966	0.0175169	0.111986	0.00317578	0.0134675	0.0116611	0.00191772	0.0141131	0.0301989	0.0670022	0.254942	0.00179412	0.00214253
91	0.0104777	0.0345875	0.0169207	0.00594618	0.227822	0.00470209	0.0526679	0.0634631	0.0133562	0.161882	0.00990706	0.0261773	0.00655714	0.0167411	0.0181886	0.0395347	0.0158838	0.0377573	0.0419908	0.195436
92	0.0508356	0.00561146	0.226344	0.144718	0.0147602	0.0198228	0.025331	0.0216077	0.136496	0.0162905	0.00597404	0.0943685	0.0196832	0.0416249	0.0264792	0.0648807	0.0541619	0.0234551	0.00138042	0.00617492
93	0.0227886	0.0146292	0.102086	0.280691	0.00341709	0.0495007	0.0179276	0.0110864	0.186691	0.00907364	0.00907773	0.0433855	0.0121505	0.0728492	0.0325383	0.0407221	0.0507428	0.0355178	0.00224592	0.00287944
94	0.0115717	0.00912638	0.0203441	0.0553867	0.0174352	0.0287015	0.0545248	0.0187487	0.264726	0.034101	0.0190289	0.204645	0.00473726	0.0400429	0.072016	0.0421446	0.0295031	0.0120555	0.00313001	0.0580305
95	0.0244983	0.164603	0.00644946	0.0123013	0.0685489	0.00975805	0.0257351	0.0793531	0.0448775	0.0864365	0.0035979	0.0190611	0.0179493	0.0502814	0.0736871	0.0982564	0.0263164	0.088416	0.00778915	0.0920841
96	0.0275194	0.00891089	0.0983897	0.24188	0.00479508	0.0564168	0.0159247	0.0128155	0.189425	0.0102984	0.00947173	0.0638005	0.010964	0.0615632	0.0559346	0.0433482	0.0518867	0.0275612	0.00510551	0.00398836
97	0.101392	0.0205218	0.0133856	0.0064873	0.0376663	0.0136472	0.00323493	0.257977	0.0121521	0.118828	0.0225582	0.0129474	0.00626454	0.00194634	0.0100844	0.017175	0.0523027	0.284441	0.00184704	0.00514054
98	0.0723337	0.0339783	0.0643834	0.0321422	0.0526238	0.00939515	0.0721059	0.0165918	0.0509662	0.0511776	0.00697641	0.0823762	0.0595188	0.0479888	0.0466957	0.135418	0.0701376	0.0109786	0.00222539	0.0819869
99	0.00710784	0.00279707	0.0348133	0.152645	0.0037281	0.0672868	0.00764484	0.01943	0.17605	0.00799422	0.00387474	0.169613	0.00337472	0.0764574	0.134688	0.0490896	0.0733917	0.00403585	0.00227019	0.00370861
100	0.020443	0.0121696	0.00344082	0.00747097	0.0533439	0.00295654	0.00402386	0.276123	0.00806064	0.271046	0.0588708	0.00563169	0.00160218	0.00626575	0.00747282	0.00651267	0.0227767	0.210958	0.00198702	0.0188433
101	0.00811138	0.00525701	0.0344102	0.0910311	0.00627799	0.0159987	0.0903539	0.0156022	0.170871	0.0395477	0.0107037	0.0598854	0.0195366	0.156836	0.170356	0.0408243	0.0283381	0.0110248	0.00254517	0.0224893
102	0.0320636	0.0145842	0.0629713	0.134451	0.0072049	0.0479117	0.0386056	0.022989	0.116825	0.030853	0.0173483	0.143697	0.00704506	0.0627616	0.045862	0.111332	0.0642976	0.0194468	0.00201083	0.0177398
103	0.00685219	0.00378033	0.0452359	0.047303	0.00799802	0.00532905	0.505677	0.0152894	0.0144253	0.0254947	0.0163194	0.049201	0.00849809	0.033436	0.0103029	0.0685153	0.00975959	0.0249509	0.00151787	0.100114
104	0.0279484	0.0337227	0.0113457	0.0189579	0.1463	0.00612203	0.0221528	0.147605	0.0179884	0.203834	0.0279672	0.0165068	0.00703198	0.0153136	0.015443	0.0400777	0.0296857	0.1031	0.0145728	0.0943249
105	0.0262751	0.00476313	0.0396531	0.052957	0.0410873	0.00732721	0.00531965	0.209839	0.0725432	0.0956394	0.0724791	0.0462385	0.0106862	0.00667008	0.0186239	0.0429156	0.100908	0.118001	0.00145338	0.0266205
106	0.0593355	0.0201598	0.0362592	0.017626	0.0776768	0.00282065	0.0100845	0.0181407	0.0292973	0.0756289	0.0112592	0.0342053	0.239584	0.0241647	0.0202989	0.204651	0.0765436	0.0166928	0.00100755	0.0245645
107	0.0427697	0.00304372	0.0211479	0.0314376	0.0350265	0.0057539	0.00314748	0.236054	0.0721936	0.0666327	0.0784208	0.0329523	0.0067963	0.0053308	0.0261524	0.0376131	0.1449	0.121126	0.000990088	0.0285109
108	0.076725	0.080765	0.0176352	0.0209321	0.0315968	0.0256404	0.00712936	0.0627261	0.0194719	0.0241601	0.00999085	0.0845189	0.00610791	0.00947444	0.0372851	0.209544	0.18491	0.046742	0.00424437	0.0404012
109	0.00916925	0.00550514	0.0239143	0.0787871	0.00840213	0.00595488	0.129625	0.00777772	0.14606	0.0605839	0.00662168	0.0387474	0.0301341	0.221597	0.129961	0.0334736	0.028517	0.0154908	0.000955269	0.018722
110	0.0341463	0.00634356	0.216019	0.177569	0.00833465	0.0519211	0.0324662	0.0195177	0.106516	0.0193771	0.00697115	0.124408	0.00629284	0.0372293	0.0251907	0.048108	0.0286944	0.0302282	0.00120207	0.0194651
111	0.0102547	0.0132768	0.00203629	0.00708662	0.0753915	0.00253824	0.00590411	0.227289	0.0138663	0.37991	0.0816505	0.00650029	0.00273236	0.0218164	0.00875702	0.0092108	0.0168817	0.0961716	0.00386939	0.0148565
112	0.0114879	0.016706	0.0198465	0.0421636	0.00940866	0.00604098	0.0392039	0.0198612	0.234351	0.103533	0.0146908	0.0204766	0.0545575	0.145506	0.0891033	0.0512059	0.0520404	0.0600697	0.00270953	0.00703771
113	0.0246323	0.00766193	0.238545	0.234996	0.00662965	0.0772419	0.0199739	0.00769654	0.107117	0.0122279	0.00498591	0.0774266	0.00677902	0.044633	0.0264869	0.0300322	0.0206716	0.0355575	0.00105875	0.0156463
114	0.0332095	0.00413383	0.0167827	0.0191535	0.0367841	0.00336751	0.00312327	0.30704	0.0533067	0.0834834	0.0733028	0.0263884	0.00496309	0.00452967	0.0193209	0.032019	0.136507	0.121957	0.000616146	0.0200109
115	0.0342962	0.00781357	0.0926707	0.277444	0.00541332	0.0533427	0.0163857	0.0145832	0.178178	0.0112591	0.0169064	0.0330202	0.0164584	0.0712885	0.042415	0.0315119	0.0442803	0.0467615	0.00247715	0.00349426
116	0.0897334	0.00407132	0.0433483	0.155349	0.0145306	0.0602912	0.00680697	0.0551152	0.12549	0.0382451	0.0391585	0.039499	0.011478	0.0316437	0.0720484	0.0359701	0.0890004	0.0717278	0.00504121	0.0114522
117	0.0222484	0.00415118	0.384424	0.142349	0.00868062	0.0572716	0.0192554	0.00718059	0.0602892	0.0143269	0.00389317	0.146994	0.00260615	0.0241396	0.011398	0.0308647	0.0165265	0.0208777	0.000837841	0.0216846
118	0.167117	0.0285537	0.0222095	0.00433046	0.0446824	0.0244232	0.00320923	0.172828	0.0175035	0.110995	0.00433191	0.0132407	0.0111567	0.00170829	0.0138733	0.0282656	0.0663826	0.261323	0.00167083	0.00219454
119	0.0643335	0.00316081	0.0285864	0.0733069	0.00376475	0.00951382	0.00983426	0.0464551	0.328053	0.0308362	0.00901374	0.0564103	0.0346258	0.0322961	0.0565168	0.0571776	0.132762	0.0127337	0.00142111	0.00919798
120	0.0352787	0.00267617	0.0616981	0.128681	0.00643585	0.0100939	0.00982548	0.0342851	0.374291	0.0225651	0.00486929	0.0829356	0.0152358	0.0391449	0.0386778	0.0231449	0.0856034	0.0146612	0.000683034	0.00921382
121	0.0144837	0.0327524	0.00367572	0.011155	0.0793852	0.00502241	0.00867898	0.239167	0.026381	0.271293	0.0707969	0.0108237	0.00285374	0.0213806	0.0241741	0.0183273	0.0367929	0.0956577	0.00951543	0.0176838
122	0.0062359	0.0101641	0.0189564	0.0647141	0.00315756	0.0228985	0.0417411	0.0300954	0.29456	0.0173025	0.0274273	0.0638785	0.00591563	0.0488673	0.227538	0.040974	0.0399334	0.0129893	0.00710249	0.0155492
123	0.0502192	0.00270926	0.057119	0.111869	0.00518807	0.0184398	0.0102052	0.0355632	0.335905	0.0208597	0.00701744	0.0800068	0.0183962	0.0371399	0.0488776	0.0334453	0.104188	0.0141554	0.00130893	0.00738609
124	0.0432495	0.02009	0.0206174	0.0528616	0.0397156	0.0187748	0.00621526	0.209247	0.0645875	0.0567359	0.0626103	0.0694837	0.00778089	0.0248166	0.0181559	0.0440506	0.144931	0.0668589	0.00235795	0.026859
125	0.029811	0.00861959	0.0156683	0.0196794	0.061359	0.0036492	0.00431968	0.265091	0.0586929	0.11078	0.0815657	0.0246964	0.00450548	0.00737955	0.0198608	0.0359723	0.121857	0.0952049	0.0025156	0.0287731
126	0.0603969	0.00332419	0.245126	0.151324	0.0209211	0.0214161	0.0209677	0.0236807	0.121499	0.0164488	0.00545594	0.105842	0.020582	0.0313427	0.0290907	0.062095	0.0329751	0.0169276	0.00124324	0.00934176
127	0.0487366	0.0031028	0.284498	0.0930694	0.0172389	0.0354089	0.0224396	0.0162772	0.109191	0.0348518	0.00558209	0.0897711	0.0226139	0.0219413	0.039642	0.0895281	0.0329378	0.0251607	0.00147848	0.00653021
128	0.00778654	0.0115996	0.00198813	0.00516388	0.0818902	0.00295475	0.00255975	0.231127	0.00644918	0.402224	0.067923	0.00430946	0.00152964	0.00604116	0.00367666	0.0046871	0.0107993	0.122283	0.00272136	0.0222863
129	0.0112404	0.0224432	0.0152418	0.0406359	0.00541175	0.0115457	0.0321675	0.0252926	0.29999	0.0605011	0.0159102	0.0375494	0.0361899	0.076719	0.137247	0.0537483	0.0669427	0.0370238	0.00405517	0.0101449
130	0.118782	0.00595873	0.0607156	0.0330094	0.00990344	0.00865228	0.00336998	0.0379066	0.110771	0.0372015	0.0124386	0.0574125	0.0127886	0.0162643	0.0366591	0.179952	0.236455	0.0157473	0.000890753	0.00512044
131	0.139976	0.00582401	0.0269437	0.0807381	0.0226306	0.0245312	0.00674548	0.0577175	0.0941947	0.0640723	0.0324342	0.0249043	0.0069865	0.0293542	0.0497797	0.109955	0.125664	0.062727	0.0083598	0.0264618
132	0.00817002	0.0119004	0.00172998	0.00513777	0.0430886	0.00200633	0.00172904	0.312777	0.00900157	0.312592	0.094911	0.00618048	0.00134579	0.00746634	0.00540198	0.00501785	0.0159167	0.140031	0.00289939	0.0126969
133	0.00646753	0.00853586	0.015027	0.0706711	0.00487048	0.0204123	0.0326636	0.0304403	0.302901	0.0256964	0.0365618	0.0587083	0.00464842	0.0382211	0.233739	0.0375157	0.0335959	0.017198	0.00761207	0.0145146
134	0.113695	0.00647133	0.0684212	0.0266997	0.00938935	0.00705651	0.00301656	0.0395936	0.108344	0.0359129	0.0101771	0.0556135	0.0131335	0.0133279	0.0350003	0.180507	0.254413	0.0141085	0.000671659	0.00444913
135	0.0206026	0.00568725	0.0606397	0.139129	0.0115331	0.0175392	0.0810037	0.0106022	0.155865	0.0480097	0.00788963	0.0424757	0.0284946	0.179776	0.0847276	0.0365431	0.0302517	0.0221439	0.00236957	0.0147167
136	0.198521	0.0569178	0.0183776	0.0200971	0.0127996	0.166341	0.00414369	0.0121155	0.0230601	0.021159	0.00984638	0.0332353	0.00728413	0.0100218	0.0180046	0.216584	0.123849	0.0361521	0.00268099	0.00880865
137	0.0257671	0.00815425	0.118694	0.314867	0.00431941	0.0501066	0.0142697	0.00755968	0.17987	0.0112388	0.0115061	0.0391661	0.0129869	0.0688282	0.0278805	0.0300331	0.0377093	0.0326697	0.00177455	0.00259802
138	0.115572	0.0080842	0.0591355	0.0397487	0.0179619	0.0134841	0.00403072	0.0377897	0.0904316	0.0329601	0.0119973	0.0658912	0.0120951	0.0187823	0.0452995	0.188377	0.204403	0.0239863	0.00158701	0.00838345
139	0.00657984	0.0101236	0.00218815	0.00597592	0.0910729	0.00318548	0.00359008	0.176241	0.00717122	0.4697	0.0640271	0.00426193	0.00267607	0.0092847	0.00537145	0.00652599	0.0093021	0.101745	0.00465631	0.0163219
140	0.00753789	0.0109078	0.0170247	0.0591939	0.0052851	0.0217708	0.0633273	0.0321354	0.266138	0.0213968	0.0232482	0.0678387	0.00713319	0.055292	0.21745	0.040953	0.045492	0.0115508	0.00667108	0.019653
141	0.00809059	0.0112169	0.0396059	0.0804738	0.00255508	0.042658	0.0322442	0.0275496	0.198067	0.0101766	0.0159667	0.119654	0.00661181	0.0577422	0.198309	0.0720731	0.0526279	0.00702093	0.0062055	0.0111509
142	0.00612507	0.010147	0.00156873	0.00611539	0.0791771	0.00248479	0.00243026	0.18942	0.00623679	0.469275	0.0694124	0.0039081	0.00144507	0.00673395	0.00352655	0.00502626	0.00924585	0.106517	0.00328773	0.0179162
143	0.037724	0.00698827	0.0039541	0.0131469	0.0307283	0.00311565	0.00361158	0.281555	0.00643636	0.138	0.0359236	0.00559149	0.00126971	0.00219101	0.00933273	0.00439135	0.0256528	0.381648	0.00176234	0.00697618
144	0.0177745	0.00420224	0.428481	0.126155	0.00692983	0.0456027	0.0145382	0.00528037	0.0477084	0.00989083	0.0039491	0.165362	0.00302671	0.0187594	0.00845078	0.0357151	0.0230601	0.019794	0.000554055	0.0147661
145	0.13545	0.00266876	0.0312351	0.120743	0.0209774	0.0361979	0.00478381	0.0671944	0.138679	0.0425381	0.0387714	0.0196207	0.00571083	0.0262964	0.0631614	0.033543	0.10388	0.0742358	0.0119818	0.0223317
146	0.0804219	0.0126842	0.00652137	0.00837203	0.031137	0.0085163	0.00332183	0.199955	0.00570064	0.122047	0.0198089	0.00466279	0.00279247	0.00104436	0.00854525	0.00807904	0.0315796	0.438305	0.00307999	0.00342505
147	0.0367427	0.00239002	0.020563	0.0255845	0.0378849	0.00436398	0.00317514	0.253689	0.0699045	0.0718292	0.0804988	0.0278794	0.00594969	0.00449491	0.0251686	0.0373484	0.146476	0.124481	0.000773724	0.0208022
148	0.0211966	0.00909642	0.0510133	0.075727	0.0147163	0.0187021	0.0580755	0.0245067	0.118077	0.12531	0.0119468	0.162525	0.00967961	0.0273429	0.0290681	0.110979	0.0530565	0.0190631	0.00360586	0.0563117
149	0.0261321	0.00473738	0.36417	0.171884	0.00932975	0.0793183	0.0145285	0.00578852	0.0658827	0.0153203	0.0026657	0.121339	0.00177504	0.0161128	0.0136596	0.0232312	0.00951279	0.0271563	0.00062801	0.0268278
150	0.00932283	0.00929587	0.00634592	0.0533285	0.0304694	0.0127576	0.024764	0.0141298	0.296393	0.056568	0.0256346	0.277678	0.002544	0.00820255	0.0269573	0.0387068	0.0256835	0.0157267	0.00176485	0.0637268
151	0.0133637	0.0194604	0.0040298	0.0172512	0.0943578	0.00504696	0.00370834	0.220135	0.0883814	0.240714	0.113177	0.0226165	0.001918	0.0175831	0.0210592	0.027046	0.0413508	0.0302541	0.00991527	0.0086319
152	0.0363338	0.00149778	0.0462779	0.102602	0.0040705	0.00926041	0.0128366	0.0374549	0.402199	0.0225139	0.00474311	0.0721727	0.0219048	0.0340048	0.0463661	0.0264345	0.0985512	0.00991617	0.0005824	0.0102776
153	0.0148707	0.00537309	0.0442383	0.109158	0.00797888	0.0112752	0.112223	0.0111452	0.138159	0.0547784	0.00702266	0.0562387	0.0242521	0.194508	0.0995299	0.0368025	0.0303379	0.0153137	0.00260041	0.0241947
154	0.163786	0.0282993	0.0196792	0.00430049	0.043345	0.0231291	0.00327612	0.173044	0.0149574	0.114296	0.00463963	0.0110015	0.00984261	0.0016459	0.0138762	0.0252024	0.0599555	0.281594	0.00189201	0.00223792
155	0.0206025	0.00615099	0.425823	0.133275	0.0070268	0.0754961	0.0139696	0.00339304	0.0382654	0.0116329	0.0025294	0.15527	0.000712184	0.0105333	0.00759824	0.0292458	0.0117392	0.0246807	0.000346642	0.0217093
156	0.0260791	0.00339553	0.078716	0.144694	0.0059381	0.0163444	0.0210313	0.0312141	0.299345	0.025942	0.00625242	0.090724	0.0123744	0.0535948	0.0518169	0.0317984	0.0694266	0.0145801	0.00116464	0.0155683
157	0.0134843	0.0169783	0.00680918	0.0185439	0.068874	0.0044567	0.00323526	0.274281	0.0543709	0.215124	0.100247	0.0174487	0.00213586	0.0164467	0.0176966	0.0208598	0.0558637	0.0733961	0.0067352	0.0130133
158	0.0222654	0.0151104	0.106213	0.289548	0.00413592	0.0465847	0.0193839	0.011396	0.179126	0.011174	0.00903456	0.0411298	0.0141442	0.0770138	0.0311304	0.036996	0.0423121	0.0381775	0.00177391	0.00335068
159	0.0197807	0.00788896	0.1061	0.244227	0.00352254	0.0418144	0.0350017	0.013616	0.164112	0.014267	0.009039	0.061318	0.0163803	0.0929996	0.0398086	0.0454773	0.0375505	0.0384009	0.00177375	0.00692148
160	0.109542	0.00684386	0.0634218	0.0281925	0.0096195	0.00861016	0.00417946	0.0372177	0.119079	0.0441461	0.00995895	0.0582068	0.0156284	0.0140961	0.0352539	0.175934	0.238211	0.0157281	0.000917591	0.00521203
161	0.0245639	0.0173908	0.00785294	0.0131784	0.119746	0.0053158	0.0472386	0.198441	0.0203668	0.210613	0.0394815	0.0176016	0.00794847	0.0587687	0.0243636	0.0278937	0.0473989	0.062725	0.00874224	0.040369
162	0.0118228	0.0119316	0.00568581	0.0268504	0.0725092	0.00932597	0.00665693	0.153249	0.183994	0.192554	0.109233	0.0232865	0.00577985	0.0153782	0.054157	0.033527	0.0366673	0.0225474	0.0190633	0.00578128
163	0.0186489	0.00792061	0.0977347	0.313537	0.00323741	0.0473065	0.0230745	0.00888232	0.174702	0.00823512	0.00823867	0.0393466	0.0169886	0.0880618	0.0324217	0.0332804	0.0346272	0.039914	0.0016828	0.00215828
164	0.0407445	0.0068905	0.0703857	0.150143	0.00576122	0.0325929	0.0410569	0.041116	0.138939	0.032024	0.0186261	0.0992918	0.00795309	0.0659906	0.0407766	0.0766754	0.0731858	0.038329	0.00225041	0.0172683
165	0.0081575	0.017848	0.00245281	0.00711094	0.0984516	0.00320103	0.00413211	0.201437	0.0132753	0.409308	0.0677345	0.00691141	0.00230414	0.0109567	0.00815002	0.010242	0.0162572	0.0884176	0.00512056	0.0185321
166	0.0204499	0.00726176	0.0630852	0.127195	0.00454013	0.0295455	0.0705503	0.0322423	0.125379	0.0369897	0.0149704	0.134428	0.0105001	0.092069	0.0509433	0.078667	0.0470036	0.0247073	0.00235223	0.0271203
167	0.0123705	0.00541194	0.0569629	0.0940139	0.00343105	0.0614419	0.0205871	0.0219122	0.131691	0.0175646	0.00774806	0.175509	0.012436	0.0773303	0.123072	0.103577	0.0554921	0.00816118	0.00236151	0.00892603
168	0.01262	0.00733559	0.0386312	0.11362	0.00666373	0.0132232	0.0967449	0.013063	0.147275	0.0558878	0.00844873	0.0451564	0.0280439	0.210624	0.0898103	0.0378295	0.0366849	0.0202776	0.00207877	0.0159823
169	0.0212768	0.0134584	0.070028	0.153229	0.00475199	0.0345241	0.059745	0.0264019	0.131245	0.034427	0.016563	0.134294	0.00760559	0.0676612	0.0440674	0.0807822	0.0479642	0.0228383	0.00285424	0.0262827
170	0.0106841	0.0252903	0.0025704	0.00818911	0.0880638	0.00354655	0.00428017	0.260013	0.0219371	0.30038	0.082847	0.0092941	0.00128521	0.0132409	0.010952	0.0122448	0.0252729	0.0917172	0.00548027	0.0227113
171	0.0151994	0.00715204	0.0876665	0.188449	0.00378402	0.0336616	0.0562128	0.0219216	0.136521	0.030343	0.00883897	0.0754091	0.0192723	0.132961	0.0458111	0.0512577	0.0437348	0.0251291	0.00243491	0.0142399
172	0.0337647	0.00487245	0.278455	0.161286	0.00986864	0.0568978	0.0315575	0.0126504	0.0822644	0.019323	0.00425158	0.114889	0.00908472	0.0395376	0.0289843	0.0437577	0.0199258	0.0230067	0.00129784	0.0243246
173	0.0140521	0.0382046	0.00511048	0.00725155	0.183882	0.00443841	0.137072	0.0396967	0.0123804	0.0466948	0.00265792	0.0533571	0.007518	0.0176789	0.0230151	0.0193538	0.0228894	0.0318728	0.00701314	0.325861
174	0.0200695	0.0132073	0.0200337	0.0137686	0.0246186	0.00777449	0.00707649	0.288685	0.114846	0.018131	0.0323806	0.145359	0.00370045	0.0353688	0.00969542	0.0612375	0.121212	0.0519644	0.0014269	0.00944501
175	0.149597	0.0276949	0.0369127	0.0400647	0.0249496	0.0759009	0.0040077	0.0209451	0.035002	0.0346541	0.0153085	0.061003	0.00466575	0.00917236	0.0205765	0.20358	0.158967	0.0594455	0.00233835	0.0152149
176	0.0177879	0.0129297	0.0166296	0.0461554	0.0179697	0.00966628	0.0618956	0.0194768	0.0600699	0.061782	0.0103804	0.0572949	0.011033	0.0162235	0.0550931	0.230433	0.0273355	0.0154098	0.00358006	0.248854
177	0.00853682	0.0118737	0.00209397	0.00638644	0.0706528	0.0026934	0.00332196	0.240815	0.0120273	0.38864	0.0728424	0.00632485	0.00176931	0.00967073	0.00602887	0.00687363	0.0162913	0.113541	0.00337071	0.0162462
178	0.00763106	0.00296913	0.0359117	0.151065	0.00371625	0.0682179	0.00777932	0.0200141	0.171507	0.00814853	0.00429983	0.170221	0.00318609	0.0752115	0.133663	0.051226	0.0746222	0.00421526	0.00232815	0.00406637
179	0.00793124	0.00305073	0.0380927	0.151095	0.00354477	0.0683135	0.00851063	0.0193455	0.168047	0.00867657	0.0044426	0.169815	0.00357922	0.0759845	0.130843	0.0536136	0.0743527	0.00442348	0.00232095	0.00401868
180	0.0211811	0.124479	0.00456087	0.00981116	0.0845954	0.00729698	0.0395206	0.110369	0.0167618	0.152335	0.0116233	0.016766	0.0164443	0.0535645	0.0554643	0.0758007	0.0336299	0.0790242	0.0105951	0.0761772
181	0.0438906	0.00663694	0.00751163	0.0175098	0.0286289	0.00349119	0.00358733	0.233736	0.00954932	0.121326	0.0312549	0.00613983	0.00134121	0.00123916	0.013187	0.00608612	0.0316256	0.423324	0.00173901	0.00819517
182	0.00799424	0.00471087	0.00941464	0.0501067	0.0206861	0.00455697	0.207962	0.0098435	0.0839072	0.0555459	0.00361611	0.081136	0.0133181	0.142263	0.144022	0.0326216	0.0361292	0.00514803	0.00195211	0.0850648
183	0.0497902	0.135539	0.00731781	0.0181339	0.015852	0.254338	0.00365103	0.008582	0.0215276	0.00991235	0.0094347	0.028449	0.0222118	0.0171187	0.0386389	0.30759	0.0394857	0.00515369	0.0018827	0.00539204
184	0.0613262	0.101783	0.0157406	0.0306146	0.115165	0.00660198	0.0854636	0.0512916	0.0374531	0.0763794	0.00488741	0.0500309	0.0140116	0.0208939	0.0617915	0.0573228	0.0282039	0.0283303	0.0115695	0.14114
185	0.0164661	0.0158706	0.00896387	0.0210877	0.0913445	0.00503879	0.00503453	0.213377	0.08332	0.217495	0.102053	0.0405303	0.00419705	0.0167915	0.0180356	0.0330151	0.049235	0.0406343	0.00742209	0.0100879
186	0.0683011	0.0338321	0.0425278	0.0200951	0.0681852	0.00804375	0.0163285	0.0184743	0.0491243	0.0575178	0.00938444	0.0656306	0.103729	0.0147021	0.0304934	0.22338	0.113949	0.015028	0.00130119	0.0399726
187	0.0390772	0.0358619	0.0454713	0.0128159	0.109695	0.00606232	0.0198103	0.0483664	0.0200658	0.0918919	0.0120845	0.0429127	0.131812	0.0102554	0.0168062	0.216313	0.0604691	0.0253816	0.00322674	0.0516214
188	0.0904794	0.0115025	0.0553726	0.0226152	0.030195	0.00438923	0.0070191	0.0261199	0.0903434	0.0532113	0.00891959	0.0558377	0.076297	0.0157941	0.0411805	0.208958	0.176067	0.011538	0.000880376	0.0132801
189	0.0588457	0.00305521	0.249467	0.130925	0.0188401	0.0136762	0.0232778	0.0218847	0.132599	0.0149372	0.00475862	0.0987456	0.0272121	0.0391585	0.0311936	0.0684791	0.0405517	0.0161513	0.00118636	0.00505549
190	0.0125331	0.00849134	0.00544908	0.00681905	0.154554	0.0070439	0.00999845	0.149187	0.011562	0.396905	0.044331	0.00533535	0.00625106	0.0136157	0.00953157	0.0105221	0.00919702	0.112296	0.00318851	0.0231886
191	0.019303	0.00627011	0.0124287	0.00892271	0.207411	0.00629417	0.0200162	0.109449	0.0122988	0.34178	0.0318293	0.00835064	0.0155394	0.0335172	0.0176682	0.0199612	0.0120883	0.0929934	0.0022666	0.021612
192	0.0279682	0.00316524	0.0346599	0.0683574	0.0326258	0.00933328	0.00449548	0.199255	0.084644	0.074141	0.0774187	0.0483267	0.0136655	0.00530082	0.0204709	0.0285049	0.112419	0.133554	0.000856095	0.0208382
193	0.0442447	0.00381449	0.0197413	0.023175	0.0410361	0.0044822	0.00298751	0.25265	0.0632246	0.0661245	0.0733028	0.0304024	0.00601593	0.00507545	0.023659	0.0408701	0.151886	0.125515	0.000831189	0.0209615
194	0.00895323	0.00600628	0.0470204	0.0825936	0.0056752	0.0196006	0.079091	0.0146606	0.142966	0.054726	0.00992564	0.0434035	0.0368951	0.209892	0.124141	0.0465789	0.0352113	0.0185289	0.00222753	0.0119038
195	0.07517	0.0159291	0.0502345	0.0246088	0.048398	0.0049441	0.0111236	0.0175696	0.0590625	0.0583585	0.0086068	0.0549442	0.135217	0.0217113	0.0482184	0.213708	0.119397	0.0128157	0.000868536	0.0191137
