379	20
1	0.0371263	0.00321038	0.00226681	0.0474077	0.0153909	0.00254752	0.00401862	0.0821157	0.126019	0.0499715	0.0435358	0.025754	0.0437858	0.0691251	0.129299	0.102438	0.0952442	0.0822199	0.000963734	0.0375593
2	0.0592252	0.0020688	0.00211367	0.00334714	0.152469	0.00418778	0.00531493	0.151917	0.00246731	0.203724	0.108923	0.000985022	0.000512649	0.00859666	0.0102327	0.016191	0.0607662	0.152144	0.00795662	0.0468565
3	0.0388761	0.00122002	0.00129019	0.041045	0.0134062	0.00123867	0.0178443	0.126308	0.285009	0.0316134	0.031627	0.0132473	0.00178201	0.0786931	0.204691	0.0269848	0.0241933	0.0578241	0.000540506	0.0025658
4	0.0331833	0.00609977	0.000962351	0.000916996	0.0198765	0.00132868	0.000962006	0.233747	0.00505652	0.0791546	0.0103823	0.000782278	0.000966786	0.00177929	0.00292233	0.00413286	0.0175303	0.57762	0.00139925	0.00119727
5	0.0838374	0.00653606	0.0408335	0.0910225	0.0410351	0.0200166	0.0112467	0.0852103	0.0263907	0.172197	0.0718379	0.0429377	0.02037	0.0513027	0.053969	0.0398789	0.0336924	0.0677649	0.0131247	0.0267956
6	0.0498845	0.00911504	0.00127995	0.00620348	0.0116074	0.00153736	0.00191585	0.13036	0.116187	0.123735	0.0363693	0.01029	0.00173834	0.036901	0.161286	0.00896984	0.108138	0.164516	0.00057333	0.0193911
7	0.294217	0.0436626	0.00221111	0.00457741	0.00878186	0.0195967	0.00602873	0.108267	0.00516999	0.093824	0.0106203	0.00444956	0.0129121	0.00531784	0.00691108	0.0181474	0.0359032	0.307912	0.00127805	0.0102112
8	0.0918872	0.0388887	0.00314545	0.00729635	0.00868095	0.0586329	0.0246053	0.0351891	0.0647903	0.0900199	0.00788443	0.025227	0.0163984	0.00693625	0.0944265	0.149781	0.134442	0.052063	0.0186578	0.0710472
9	0.0184726	0.0012709	0.000412406	0.000432452	0.022822	0.00338249	0.000473044	0.379475	0.000541862	0.249879	0.0792245	0.000629303	0.000177389	0.000723388	0.000622457	0.00358512	0.0116558	0.22397	0.000816255	0.00143362
10	0.0471991	0.00112673	0.0799695	0.030998	0.00345897	0.0778643	0.0452548	0.0086964	0.0142139	0.0256343	0.00197061	0.0979132	0.129904	0.0141736	0.0249124	0.290918	0.0844733	0.0190397	0.000727003	0.00155256
11	0.25846	0.0303068	0.00788117	0.0036795	0.00353804	0.0195361	0.0162779	0.085524	0.00676502	0.0894114	0.00581928	0.0129895	0.03125	0.0026626	0.00571086	0.0296283	0.0651034	0.281714	0.000894474	0.0428482
12	0.357337	0.138976	0.0020117	0.00382719	0.0245922	0.0203358	0.00906609	0.0283595	0.0149562	0.080687	0.0104867	0.00244688	0.00219846	0.0354159	0.0356846	0.0373288	0.0435213	0.145451	0.00511229	0.00220571
13	0.0493222	0.00922857	0.00129668	0.00613311	0.0114845	0.00161254	0.00196309	0.130495	0.116482	0.123834	0.0362451	0.0101212	0.00173461	0.0370517	0.161409	0.0087871	0.108503	0.164537	0.000575679	0.0191843
14	0.273668	0.0295618	0.00269612	0.00535157	0.0049846	0.0173115	0.00628419	0.119712	0.0038836	0.0932847	0.0125357	0.00521583	0.0164008	0.00213209	0.00313458	0.0139234	0.0410801	0.335642	0.000451505	0.0127459
15	0.0769501	0.0061718	0.0372606	0.0836845	0.0420457	0.0222737	0.0106716	0.0840463	0.0234966	0.173874	0.0770754	0.0397884	0.0242903	0.0516996	0.0539277	0.036812	0.0339987	0.0680539	0.0233181	0.0305605
16	0.0131139	0.0022487	0.000416814	0.000407697	0.0103219	0.000590092	0.000393481	0.480295	0.000583478	0.114588	0.0199387	0.000346937	0.00144943	0.00163863	0.00167366	0.00167741	0.00363597	0.345029	0.000427052	0.00122434
17	0.0894332	0.0068252	0.0144834	0.0536143	0.0151984	0.0295902	0.0340458	0.0103934	0.116668	0.0279397	0.0160594	0.022172	0.000912116	0.159786	0.228841	0.0841727	0.052689	0.0179196	0.00060641	0.0186507
18	0.0186898	0.0012375	0.000422505	0.00044142	0.0232653	0.00343355	0.000435576	0.384726	0.000545815	0.24319	0.0776775	0.000564218	0.000179944	0.000634093	0.000539505	0.00371715	0.0119308	0.226263	0.000792267	0.00131497
19	0.0501361	0.00427466	0.0937328	0.0490385	0.00545043	0.157036	0.0415138	0.00642583	0.0359434	0.0213138	0.00422706	0.100965	0.0794479	0.0213935	0.0328365	0.21276	0.0651539	0.0131515	0.00217845	0.00302101
20	0.069216	0.00834746	0.0764678	0.0602016	0.0105604	0.25682	0.0280767	0.00546757	0.0740542	0.0125558	0.00598803	0.0849563	0.0496747	0.0336846	0.0532368	0.119542	0.0353354	0.00755884	0.00379783	0.00445787
21	0.131745	0.0256412	0.00161839	0.00688367	0.0207312	0.0139682	0.0219619	0.0582114	0.0178552	0.0809192	0.0118117	0.0155293	0.0557941	0.00308705	0.0297485	0.159797	0.190325	0.117924	0.0069296	0.029518
22	0.062006	0.0102296	0.079556	0.0599853	0.0102649	0.310636	0.0297004	0.00324223	0.0731959	0.0107625	0.00682697	0.0958576	0.0223359	0.0333309	0.0465495	0.0966138	0.0317701	0.00752727	0.0047115	0.00489768
23	0.30071	0.0323722	0.00451713	0.00385409	0.00469122	0.0205901	0.00922427	0.0951891	0.00840791	0.0913906	0.00605422	0.011053	0.0245234	0.00313749	0.00776898	0.032408	0.0545313	0.268832	0.000739596	0.0200048
24	0.078531	0.0104714	0.060618	0.0593839	0.00841673	0.26422	0.0313896	0.00578448	0.0788385	0.0156336	0.0096452	0.0932152	0.0166288	0.0374859	0.0530724	0.113775	0.0420254	0.00916126	0.00523157	0.0064716
25	0.0322214	0.00225616	0.0261554	0.0113271	0.0202231	0.000948475	0.011943	0.300473	0.0213072	0.165513	0.0164677	0.0140446	0.0149361	0.0167488	0.011979	0.042633	0.0533589	0.22571	0.00366583	0.00808809
26	0.0620427	0.0102329	0.0795991	0.0599433	0.0103293	0.31075	0.029643	0.00324115	0.0731243	0.0107735	0.00681955	0.0958025	0.0223186	0.0333545	0.0465369	0.096535	0.0317951	0.00757168	0.0046987	0.00488821
27	0.0568829	0.00297727	0.245101	0.342968	0.0017321	0.0337627	0.0140719	0.00599203	0.0437495	0.00699479	0.00384485	0.0390053	0.00936947	0.075238	0.0311608	0.0583885	0.0156455	0.00675012	0.00132189	0.00504421
28	0.0608148	0.00758084	0.0858578	0.146217	0.00175329	0.0301907	0.0126439	0.00907174	0.141176	0.00776213	0.00280855	0.0524425	0.0090857	0.110538	0.133949	0.098218	0.0791237	0.00577564	0.000155212	0.00483474
29	0.0381174	0.0112497	0.0028191	0.03168	0.0128897	0.00801749	0.0404917	0.0100375	0.157238	0.0157129	0.00825564	0.041437	0.000342727	0.100367	0.34729	0.0783331	0.0564217	0.0220037	0.000302936	0.0169918
30	0.0130463	0.00230247	0.000455358	0.000391876	0.0115669	0.000332041	0.000409228	0.43759	0.00119021	0.0957141	0.0130818	0.000393441	0.00126057	0.00151419	0.00184691	0.00177822	0.00515069	0.410455	0.000612045	0.000908467
31	0.0629546	0.00333523	0.0137404	0.0447506	0.0153679	0.0154268	0.0183292	0.104267	0.0459292	0.0580545	0.00435428	0.00429146	0.00380223	0.0156358	0.0686174	0.100747	0.220189	0.195096	0.00125237	0.00385897
32	0.0187125	0.00173727	0.000844928	0.000908932	0.0370128	0.00228978	0.00128574	0.273863	0.0019308	0.34746	0.0351279	0.00101717	0.000663547	0.00226464	0.00206074	0.00654619	0.0171564	0.241247	0.00170809	0.00616252
33	0.010584	0.00171488	0.000370642	0.000460741	0.00863261	0.000393096	0.000402802	0.481276	0.000556354	0.10905	0.0154822	0.000418248	0.001631	0.00164721	0.00177094	0.00142236	0.00293128	0.359697	0.00039314	0.00116491
34	0.0458257	0.00285768	0.0230032	0.0126979	0.003729	0.762378	0.0210931	0.00506015	0.0174783	0.00496032	0.00348625	0.0170089	0.00564655	0.00775959	0.0178411	0.0264173	0.0107847	0.00574821	0.00390619	0.00231777
35	0.0254859	0.0009109	0.0170137	0.00234011	0.00129417	0.8992	0.00710075	0.00177671	0.00765517	0.00224393	0.00137431	0.00299268	0.000766636	0.00180139	0.0071319	0.0100452	0.00315286	0.00238963	0.004398	0.00092616
36	0.0102931	0.0140364	0.000573511	0.00080838	0.0237628	0.000692683	0.00578903	0.0837952	0.00570469	0.607354	0.135342	0.00608218	0.000334623	0.00733739	0.00961325	0.00581132	0.00619605	0.0655364	0.00112926	0.00980706
37	0.062713	0.00731437	0.0864817	0.141537	0.00213423	0.0470513	0.0143582	0.00812599	0.138955	0.00869281	0.00309565	0.0519495	0.00876349	0.106827	0.130576	0.0994785	0.0716489	0.00530543	0.000430537	0.00456193
38	0.0624755	0.00728015	0.134393	0.208983	0.00173367	0.034474	0.0130402	0.00819537	0.108784	0.00787224	0.00341303	0.047625	0.00856797	0.0993905	0.0973912	0.0853986	0.0576729	0.00696858	0.000562986	0.00577803
39	0.0564468	0.00219933	0.00267112	0.00521448	0.150718	0.0043355	0.00467341	0.151526	0.00315227	0.213651	0.120248	0.00210014	0.00127481	0.011143	0.0107291	0.0172348	0.0549468	0.127716	0.0112632	0.0487574
40	0.126214	0.00704709	0.013622	0.0261761	0.0034047	0.0396697	0.0135503	0.0198142	0.033439	0.0186108	0.00851314	0.026264	0.398663	0.031187	0.0542336	0.0837915	0.0524458	0.038909	0.000492817	0.00395255
41	0.0052615	0.00850127	0.000626895	0.000802159	0.0512751	0.000767822	0.00758653	0.067983	0.00814162	0.655748	0.1117	0.00643008	0.00027925	0.00305215	0.00559623	0.00407734	0.00670458	0.046864	0.00152855	0.00707395
42	0.0180873	0.00291579	0.00893157	0.00729127	0.01907	0.0164349	0.0206501	0.0189442	0.219103	0.026472	0.00368571	0.0243785	0.000763569	0.034467	0.468561	0.0433721	0.0220642	0.0310613	0.000559922	0.0131867
43	0.0380104	0.00367069	0.0215627	0.0226507	0.0522591	0.00318152	0.204425	0.0043998	0.0648948	0.013812	0.0197216	0.112518	0.0045761	0.0314984	0.0497481	0.0401002	0.0100436	0.0056428	0.000762518	0.296522
44	0.0673027	0.00127604	0.0685613	0.0393247	0.00483718	0.0678149	0.0270901	0.0129988	0.0256559	0.0212309	0.00189576	0.0670659	0.187132	0.0155153	0.0377363	0.270413	0.067932	0.01448	0.000444942	0.00129258
45	0.0748374	0.0058825	0.0822407	0.153043	0.00187116	0.0363851	0.0165747	0.00844252	0.132831	0.0137218	0.00423718	0.0400841	0.00635596	0.127485	0.116995	0.0993127	0.0671846	0.00648618	0.000231734	0.00579835
46	0.0321432	0.00228839	0.025776	0.0111773	0.020031	0.000977554	0.0119448	0.301523	0.021168	0.167213	0.016667	0.0137789	0.0146811	0.016592	0.0117619	0.0425379	0.0527983	0.225158	0.0036128	0.00816993
47	0.0880271	0.00653354	0.0465729	0.0694827	0.0716537	0.026613	0.0115856	0.0724097	0.0216862	0.148594	0.0598929	0.044161	0.0260827	0.0497379	0.0447052	0.0426389	0.0460498	0.0724741	0.0195084	0.0315905
48	0.0609588	0.00742308	0.0853921	0.146758	0.00178982	0.0307812	0.0126443	0.00895891	0.141105	0.00787536	0.00289304	0.0517636	0.00877236	0.111537	0.134979	0.0986798	0.0772535	0.00553615	0.000147176	0.00475134
49	0.0377521	0.0109512	0.00298554	0.0317704	0.0125385	0.00779828	0.0398054	0.00992635	0.159302	0.0159902	0.00828077	0.0419803	0.000336273	0.101014	0.348046	0.0769739	0.0559689	0.0218325	0.000292293	0.0164551
50	0.0662842	0.00997394	0.0612618	0.0516951	0.00925423	0.23363	0.0286416	0.00951442	0.0689926	0.0194129	0.00921129	0.0929722	0.034648	0.0311803	0.0494577	0.12798	0.0633351	0.0203013	0.00449224	0.00776073
51	0.0229656	0.00481136	0.000466919	0.000477495	0.0203591	0.000413098	0.00039127	0.237036	0.0040396	0.0720954	0.00936434	0.000399084	0.000196019	0.000926378	0.00201049	0.00282096	0.0156508	0.603788	0.00140221	0.000385072
52	0.00460721	0.00730481	0.000413987	0.000519484	0.0507265	0.000558403	0.00502957	0.0813149	0.00602829	0.663828	0.101849	0.00475354	0.000276932	0.00271676	0.00508014	0.00273601	0.00465258	0.0508945	0.00110108	0.00560892
53	0.00521321	0.00897631	0.000406535	0.00057115	0.0358899	0.000471963	0.0053969	0.0781021	0.00650238	0.655893	0.117948	0.00522726	0.000253283	0.00366977	0.00657567	0.00333581	0.00463631	0.0535149	0.00114547	0.00626959
54	0.0317181	0.00742152	0.0145215	0.00364518	0.163153	0.00300749	0.27684	0.0512481	0.00373083	0.0195195	0.00398052	0.0152728	0.00154551	0.0168112	0.00439148	0.0578373	0.0462366	0.0490715	0.00108094	0.228967
55	0.054447	0.000972333	0.0153789	0.00293789	0.00124723	0.868723	0.00672426	0.00247979	0.00697314	0.00282854	0.00146379	0.00177706	0.000663382	0.00202181	0.00738515	0.0111226	0.00398237	0.00392209	0.00402556	0.000924379
56	0.126099	0.00675461	0.00952993	0.0265481	0.00279763	0.0362206	0.0107719	0.0239652	0.0335094	0.0194741	0.008825	0.019989	0.431812	0.031949	0.0547604	0.0740013	0.0396462	0.0398246	0.000320699	0.00320203
57	0.118586	0.00145275	0.0375928	0.0350116	0.00414917	0.0515952	0.0241863	0.0144982	0.0159331	0.0184702	0.00223755	0.0542862	0.169462	0.013968	0.0255163	0.341961	0.0534342	0.0153853	0.000765455	0.00150898
58	0.0252709	0.000699355	0.0149858	0.00123937	0.00112807	0.909266	0.00694541	0.00183394	0.00661399	0.0021795	0.00131116	0.00107969	0.000458914	0.00123423	0.00679838	0.00864235	0.00286894	0.00231983	0.00424911	0.000875377
59	0.0373602	0.248142	0.00272524	0.00410107	0.00409707	0.00322548	0.00365367	0.0463693	0.00440731	0.00980145	0.0191477	0.0491097	0.00158746	0.00462845	0.00708316	0.0522427	0.336251	0.161458	0.00141237	0.00319645
60	0.0258253	0.000831552	0.0161961	0.0021961	0.00129332	0.899732	0.00714305	0.00183387	0.00771981	0.00230843	0.00140554	0.00248512	0.00085531	0.00171532	0.00748907	0.0101077	0.00330112	0.00239599	0.00423998	0.000924995
61	0.0502805	0.00406461	0.0921276	0.112799	0.00861109	0.029407	0.0144221	0.0141018	0.233054	0.0202347	0.0101131	0.0447968	0.00577523	0.0710564	0.158976	0.0642364	0.0407194	0.0153297	0.00197401	0.00791994
62	0.125501	0.0140204	0.00857354	0.0160165	0.00369556	0.00686031	0.00535116	0.00846816	0.00725306	0.0301486	0.00474923	0.0245564	0.00521243	0.0144612	0.0219129	0.27777	0.378951	0.0331912	0.0103312	0.00297677
63	0.0734168	0.0231717	0.00181702	0.00269371	0.00275016	0.00239725	0.0151264	0.0328874	0.00288628	0.406739	0.173935	0.00253845	0.00109469	0.0598217	0.039824	0.0447988	0.0424603	0.0614627	0.00124197	0.00893628
64	0.00413312	0.00847307	0.000367095	0.000529457	0.0429796	0.000486004	0.00549168	0.0708192	0.00671317	0.677935	0.104892	0.00514146	0.000248829	0.00281213	0.00578124	0.00272389	0.00437913	0.0491136	0.00123252	0.0057479
65	0.201024	0.0220344	0.00207143	0.0052517	0.00878478	0.0126299	0.00517278	0.146213	0.00393522	0.10598	0.0147076	0.00410534	0.0121856	0.00310254	0.00393272	0.012478	0.0335517	0.392558	0.00087915	0.0094013
66	0.0362694	0.00642464	0.00601708	0.0340819	0.0070768	0.00409044	0.0347838	0.00638127	0.210817	0.016839	0.00755601	0.0488211	0.00033669	0.0928824	0.369647	0.0538739	0.0373875	0.0149765	0.000254752	0.0114836
67	0.37798	0.0914041	0.00246151	0.0127273	0.017621	0.0236462	0.0211335	0.035156	0.0239693	0.0730788	0.0127224	0.00869838	0.00288268	0.0490693	0.041423	0.0479923	0.0391264	0.11168	0.00487168	0.00235623
68	0.0197909	0.00137145	0.000427442	0.00054019	0.0190062	0.00255383	0.000489197	0.376293	0.000687758	0.238713	0.0589367	0.000471041	0.000556128	0.000716483	0.000683854	0.0031012	0.0118566	0.261702	0.000787457	0.00131572
69	0.376253	0.197633	0.00181114	0.00258071	0.00645292	0.02557	0.00338365	0.0171897	0.00493982	0.0228104	0.00571246	0.00448952	0.0017505	0.00668479	0.00948	0.104533	0.0993089	0.104353	0.00298545	0.00207783
70	0.0747446	0.0103379	0.0636248	0.0597805	0.00880656	0.265579	0.0304448	0.0048308	0.0781585	0.0150795	0.00891065	0.0951866	0.0174412	0.0372514	0.0523323	0.116098	0.0405247	0.00865745	0.00552319	0.00668792
71	0.180427	0.00234115	0.0806963	0.223593	0.00678983	0.0335749	0.036877	0.013116	0.0614268	0.0377867	0.00991125	0.0216082	0.004325	0.0993995	0.036355	0.0876478	0.0327022	0.0237676	0.000885089	0.00677023
72	0.128036	0.0240556	0.00133943	0.00730454	0.0220841	0.0106069	0.0201327	0.0644576	0.0151542	0.0771477	0.0153506	0.0146149	0.0525852	0.00315733	0.0269267	0.166035	0.207479	0.110788	0.00642723	0.0263183
73	0.0594124	0.00962547	0.0857689	0.0609475	0.00939742	0.320452	0.0281437	0.00308119	0.0701768	0.00997414	0.00739101	0.101144	0.0200739	0.0320706	0.0440724	0.091584	0.0294719	0.00742553	0.00515097	0.00463599
74	0.351052	0.116923	0.00208501	0.00360795	0.0287907	0.015875	0.00850883	0.039461	0.0210735	0.0904149	0.0205763	0.00281722	0.00249493	0.0385634	0.0267557	0.0595953	0.0321171	0.126975	0.00982896	0.0024835
75	0.0269933	0.0281398	0.0028685	0.0390183	0.0423592	0.021417	0.226452	0.0124927	0.0424917	0.0057151	0.00426373	0.150146	0.0496966	0.0391843	0.0239093	0.0280863	0.0800968	0.0153727	0.000732137	0.160564
76	0.0403895	0.00230919	0.00448894	0.00405119	0.0975129	0.0031005	0.00476644	0.228304	0.00478531	0.223254	0.0854621	0.0029995	0.00200409	0.00735885	0.00723799	0.0182451	0.0426544	0.189309	0.00468059	0.0270865
77	0.0547331	0.00884929	0.0139927	0.0315555	0.133543	0.0021946	0.0473968	0.119956	0.00900202	0.151612	0.0441843	0.00160147	0.00069458	0.0166833	0.0254469	0.0356992	0.0859654	0.135864	0.00180571	0.0792201
78	0.118897	0.0254297	0.00128634	0.00752432	0.0228525	0.0117847	0.0233423	0.0571717	0.0176632	0.0790324	0.0114716	0.0145898	0.0576997	0.00320605	0.0305879	0.168018	0.20036	0.112262	0.007537	0.0292836
79	0.0158418	0.000977785	0.000533159	0.000550627	0.018774	0.00232096	0.000535266	0.366069	0.000646543	0.276081	0.0560533	0.000509356	0.000299528	0.000656674	0.000683147	0.00326572	0.0131317	0.240738	0.000987588	0.00134534
80	0.0758513	0.0245902	0.068705	0.00423255	0.00314592	0.020458	0.00788479	0.0057034	0.0290414	0.006897	0.00449948	0.367995	0.0021013	0.00451231	0.0521412	0.196871	0.11379	0.00764877	0.00122181	0.00270898
81	0.356651	0.0455225	0.0060478	0.0501882	0.0127369	0.102636	0.0449902	0.0392975	0.0172923	0.0400133	0.0114461	0.0168369	0.00746948	0.0235843	0.0241266	0.0338994	0.0316456	0.122501	0.00317486	0.00994057
82	0.0862918	0.00296941	0.0479002	0.0363498	0.00440312	0.0768805	0.0252672	0.0136481	0.0254562	0.0180607	0.00417006	0.0688329	0.230933	0.0197249	0.0369504	0.208124	0.0665744	0.0248622	0.000559012	0.00204187
83	0.0607527	0.00357532	0.203111	0.326591	0.0022471	0.0302026	0.01382	0.0093468	0.0554907	0.0108922	0.00502189	0.0345698	0.00935496	0.0838832	0.0424639	0.0696069	0.0243543	0.00854677	0.00132114	0.00484783
84	0.0167347	0.00215571	0.00126263	0.000803681	0.015635	0.00118406	0.000808991	0.374592	0.00184275	0.170876	0.0281827	0.000790815	0.00108876	0.00140876	0.00154827	0.00481173	0.0124913	0.361571	0.00074018	0.00147075
85	0.0693157	0.00410024	0.00303583	0.0046237	0.107841	0.00841071	0.00677269	0.186927	0.00437081	0.153054	0.0812492	0.0016579	0.00298562	0.0119045	0.0103137	0.0168772	0.0591713	0.226046	0.00571535	0.0356274
86	0.0632765	0.00906953	0.0776313	0.0573267	0.00984445	0.28879	0.0301248	0.00407556	0.0664956	0.0116865	0.00601347	0.0924864	0.0365741	0.0317224	0.0442978	0.119148	0.0347355	0.0081596	0.00416482	0.0043763
87	0.160858	0.0127576	0.0163765	0.0316063	0.00620664	0.0478098	0.0221343	0.0141514	0.0962858	0.0474099	0.00800223	0.0298307	0.005808	0.0392668	0.166368	0.154726	0.0944316	0.0212252	0.00500958	0.0197352
88	0.014969	0.00528771	0.0103677	0.0103243	0.438126	0.0153508	0.0147811	0.0146286	0.00131402	0.0471458	0.0440888	0.00104601	0.000489629	0.0103417	0.0126067	0.00679899	0.00263971	0.0141975	0.0166617	0.318834
89	0.0833959	0.0114891	0.00861902	0.0135779	0.0122462	0.0106688	0.0396965	0.0463725	0.0473469	0.074422	0.0166042	0.0127929	0.0532489	0.0396555	0.0520877	0.103627	0.0588684	0.229984	0.00384963	0.0814465
90	0.0625041	0.00890212	0.0893101	0.0760214	0.0113602	0.267537	0.0274635	0.00558593	0.0694232	0.0127129	0.00679688	0.0859791	0.0387429	0.0351007	0.0460839	0.105367	0.0332532	0.00881873	0.00416521	0.00487274
91	0.0571852	0.00296779	0.253108	0.32679	0.00148659	0.0367227	0.0140384	0.00577504	0.0445734	0.0059495	0.00398661	0.0426544	0.00922969	0.0742865	0.0321909	0.0585234	0.0172925	0.00663294	0.00131593	0.00528969
92	0.158284	0.0118237	0.00667026	0.0164814	0.00226033	0.00226647	0.00324284	0.0049272	0.00290874	0.0370828	0.00274185	0.016361	0.000908486	0.0181768	0.0234	0.265302	0.390982	0.0196479	0.0148587	0.00167319
93	0.116314	0.00689988	0.0767723	0.149539	0.00627386	0.0983934	0.0349001	0.0132299	0.0782706	0.0183142	0.00813327	0.0500704	0.0132841	0.0721485	0.0789623	0.0896932	0.061018	0.017878	0.00215429	0.00775095
94	0.19287	0.00145205	0.0417518	0.167542	0.00411819	0.043812	0.0272367	0.0120256	0.0943685	0.0345811	0.0101015	0.010216	0.000647564	0.167074	0.0403086	0.0802423	0.0405138	0.0203951	0.000391645	0.0103511
95	0.0479766	0.00579105	0.00564237	0.0314912	0.00696743	0.00425739	0.0373062	0.00621147	0.23063	0.0180166	0.00681208	0.0614149	0.000488011	0.0887165	0.337535	0.0504105	0.0326955	0.0138765	0.000434639	0.013326
96	0.012383	0.000830096	0.000534249	0.00059873	0.0156569	0.00198778	0.000758837	0.370154	0.000759013	0.330219	0.0462343	0.000556229	0.000221566	0.000610158	0.000830682	0.0026635	0.0104261	0.202348	0.000976264	0.00125041
97	0.0717065	0.00205528	0.105324	0.186007	0.00752693	0.00850559	0.0186589	0.011678	0.13633	0.0260054	0.0180311	0.0422629	0.00255439	0.103801	0.14216	0.0505116	0.0434284	0.0183844	0.00105168	0.00401759
98	0.0810586	0.000710192	0.120158	0.208078	0.00834051	0.00188169	0.0192558	0.0101691	0.137053	0.025806	0.0164459	0.0441741	0.000518066	0.109107	0.126585	0.035123	0.0379462	0.0159848	0.000998921	0.000606554
99	0.0443949	0.00403369	0.0121168	0.00542535	0.0259553	0.00335086	0.00674885	0.288128	0.0161028	0.119345	0.0234872	0.00708385	0.00807953	0.0125347	0.00799875	0.0231697	0.0437131	0.338844	0.0023712	0.00711632
100	0.0485322	0.00486282	0.00706951	0.0142658	0.304188	0.00850396	0.011779	0.0647299	0.00596236	0.151631	0.0725125	0.00278133	0.00186843	0.0122524	0.0126429	0.014742	0.0249512	0.0544064	0.0111703	0.171148
101	0.0742085	0.00146166	0.176887	0.273719	0.00511717	0.0154574	0.0174089	0.00782849	0.0957302	0.0165031	0.0102814	0.0419374	0.00397977	0.0972937	0.0769466	0.0441964	0.0258365	0.0116783	0.00110951	0.00241913
102	0.0790677	0.000872125	0.14142	0.230817	0.00736446	0.00609545	0.0181748	0.00947956	0.122459	0.0228853	0.0143053	0.0439641	0.00163259	0.105466	0.107889	0.0372154	0.0335639	0.0150569	0.00104738	0.00122285
103	0.459096	0.0551682	0.00200965	0.00317639	0.00971817	0.0443163	0.00608286	0.0403156	0.0101426	0.0643235	0.00915629	0.00455483	0.00711569	0.013283	0.016982	0.0616881	0.0475845	0.137415	0.00279847	0.00507338
104	0.347857	0.176882	0.00168287	0.00304087	0.00902111	0.0270028	0.00286723	0.00548972	0.00750569	0.0124367	0.00319415	0.00999022	0.001151	0.00679842	0.00696008	0.281294	0.0667814	0.0241379	0.00227941	0.00362721
105	0.0118715	0.00141073	0.00034599	0.000445813	0.0109302	0.00104459	0.000397017	0.465088	0.000463088	0.152805	0.0303737	0.00039823	0.00125231	0.00142889	0.0014371	0.0018099	0.00495485	0.311747	0.000493546	0.00130222
106	0.0127381	0.00103547	0.000743043	0.000870427	0.0231487	0.0017577	0.00117801	0.319244	0.00101899	0.336948	0.0432884	0.000858583	0.000482034	0.000901326	0.00103277	0.00365911	0.0114017	0.234595	0.00276712	0.0023321
107	0.00922543	0.00524334	0.00157243	0.0033967	0.0786099	0.000977834	0.00897293	0.133298	0.00612437	0.539176	0.0633609	0.00346316	0.000762245	0.00390479	0.00579694	0.00580404	0.00915399	0.110717	0.00173288	0.00870685
108	0.0181694	0.00117115	0.000410491	0.000453925	0.0228131	0.0032523	0.000445805	0.384984	0.000513579	0.245334	0.0758322	0.000542791	0.000192504	0.000601705	0.000550266	0.00358992	0.0117268	0.227201	0.000854876	0.00136057
109	0.0539954	0.00286547	0.265751	0.321949	0.00178059	0.0327007	0.0127078	0.00638118	0.045987	0.00727246	0.00428661	0.0455739	0.00811027	0.0708206	0.0329092	0.055939	0.0175517	0.00712527	0.00127	0.00502328
110	0.0251728	0.00213169	0.415047	0.179705	0.0020726	0.0902223	0.00722301	0.00344366	0.01931	0.00417735	0.00304251	0.114096	0.00630657	0.0203505	0.0170899	0.0563754	0.0231304	0.00422355	0.00150286	0.00537715
111	0.00900703	0.00111098	0.00104148	0.00155392	0.00204264	0.00113708	0.00140717	0.498489	0.00163603	0.417335	0.0131447	0.00119621	0.000584136	0.00153168	0.00207182	0.00273508	0.00837046	0.0339003	0.00045266	0.00125266
112	0.0635712	0.00302042	0.224023	0.32269	0.0044517	0.0289924	0.0175837	0.00739724	0.0521307	0.0123745	0.00624216	0.0381204	0.00852387	0.0775755	0.0405976	0.0548923	0.0190904	0.0116694	0.00138242	0.005671
113	0.481113	0.0184992	0.000854078	0.00477379	0.00183873	0.0337101	0.00372386	0.00187098	0.0217332	0.0235029	0.00318134	0.0268913	0.00142457	0.0169878	0.0159904	0.291633	0.0360702	0.00926285	0.000333807	0.00660523
114	0.0242315	0.00526916	0.00112125	0.00174039	0.0524155	0.0029844	0.00231887	0.303639	0.00202215	0.289875	0.0569938	0.000928034	0.000549731	0.00246777	0.00314217	0.00746758	0.0182988	0.21286	0.00227972	0.00939513
115	0.0599777	0.00303134	0.248219	0.31881	0.00148908	0.0368137	0.0139985	0.00614178	0.0460225	0.00652463	0.00437036	0.0421707	0.00890412	0.0768871	0.0329002	0.0599622	0.0191166	0.00745392	0.00128203	0.0059245
116	0.148811	0.00926893	0.00390892	0.018938	0.00617595	0.0156062	0.00980609	0.188666	0.00392144	0.10111	0.043172	0.00523952	0.0282368	0.00785504	0.00582131	0.012068	0.0492677	0.329785	0.00148447	0.010858
117	0.0636691	0.00383413	0.209963	0.302365	0.00235591	0.0485951	0.014484	0.0108164	0.0533481	0.0115508	0.00576515	0.0389114	0.00858228	0.0805781	0.0361733	0.0673534	0.0224569	0.0122173	0.00151753	0.00546285
118	0.0192912	0.00250256	0.0247734	0.00690233	0.0147617	0.0206314	0.0124515	0.0159147	0.310253	0.0153507	0.00316068	0.0391768	0.000836009	0.0400542	0.365184	0.0566484	0.0167638	0.0214047	0.00071615	0.0132223
119	0.0500499	0.00658747	0.0672515	0.076166	0.00840312	0.124986	0.0177623	0.00849903	0.164532	0.0119102	0.00403696	0.0543106	0.0113474	0.0650017	0.188554	0.0804759	0.0415898	0.0100715	0.00183936	0.00662402
120	0.0229656	0.00481136	0.000466919	0.000477495	0.0203591	0.000413098	0.00039127	0.237036	0.0040396	0.0720954	0.00936434	0.000399084	0.000196019	0.000926378	0.00201049	0.00282096	0.0156508	0.603788	0.00140221	0.000385072
121	0.117297	0.0243237	0.0017336	0.00869328	0.0234997	0.0115886	0.0222785	0.056981	0.0177135	0.0805432	0.0118997	0.0144766	0.0564102	0.00442061	0.032462	0.164587	0.199009	0.116565	0.00727745	0.0282402
122	0.437513	0.0199071	0.00271952	0.00858895	0.00233748	0.0433664	0.00551955	0.00266123	0.0280483	0.0249997	0.0041506	0.0317584	0.00190365	0.0221168	0.0182166	0.29025	0.0385439	0.00977786	0.000980449	0.00664066
123	0.133908	0.00622926	0.0482072	0.107253	0.00555657	0.0386092	0.031882	0.0139772	0.0918464	0.0307724	0.00958783	0.0466917	0.00866237	0.0940187	0.101934	0.116434	0.085539	0.0194324	0.00195137	0.00750757
124	0.00311108	0.0037229	0.000496166	0.000745945	0.119537	0.000652883	0.00370813	0.0721361	0.00466981	0.66903	0.0718668	0.0031483	0.000282286	0.00151839	0.00293139	0.0021069	0.0033398	0.0303784	0.00140199	0.00521539
125	0.205348	0.0248231	0.0126282	0.0267363	0.0201692	0.0379623	0.0133158	0.101522	0.018943	0.126019	0.0279746	0.0189205	0.0224357	0.0229611	0.0463117	0.0665602	0.056711	0.128927	0.00537542	0.0163566
126	0.156904	0.0121039	0.00513834	0.0167701	0.00218176	0.00188482	0.0023523	0.00425431	0.00252799	0.0360547	0.00240595	0.0164797	0.000827926	0.0164804	0.0199961	0.266121	0.402166	0.018196	0.0156245	0.00153046
127	0.0669179	0.0822191	0.00419166	0.00617531	0.0591905	0.00686971	0.00790376	0.0668887	0.0290425	0.358349	0.0961494	0.00708386	0.00251947	0.016166	0.011762	0.0493147	0.0168331	0.080359	0.0239868	0.00807785
128	0.0049238	0.00936971	0.000412764	0.000519515	0.0361905	0.000454905	0.00544257	0.0733816	0.00683126	0.671612	0.108581	0.00534969	0.000248097	0.00327557	0.00659494	0.00293601	0.00463535	0.0519635	0.00118481	0.0060921
129	0.0526284	0.0027302	0.274289	0.306197	0.00182695	0.0338503	0.0127586	0.00679571	0.0468697	0.00675474	0.00429164	0.0505231	0.00805853	0.0683739	0.0347696	0.0565245	0.0196176	0.00693072	0.00118901	0.00502105
130	0.0640801	0.00961397	0.0875679	0.0774802	0.00932574	0.274377	0.0282786	0.00372845	0.0766547	0.0106469	0.00660505	0.0901575	0.0210234	0.0400218	0.0526983	0.0967553	0.0339121	0.00732852	0.00421202	0.00553236
131	0.0129686	0.00178464	0.000720757	0.00153014	0.0152515	0.00117118	0.00428989	0.227024	0.00129597	0.329676	0.285003	0.00524728	0.000493799	0.0114293	0.00311596	0.0110582	0.0102	0.0712293	0.00072103	0.00579021
132	0.0225372	0.00478251	0.000468331	0.000456827	0.0201313	0.00040832	0.000393076	0.241622	0.00397463	0.072503	0.00931826	0.000400016	0.000230835	0.000941738	0.00198051	0.00282596	0.0154046	0.599852	0.00138133	0.000387423
133	0.022462	0.00449989	0.000487908	0.000468552	0.019962	0.000390351	0.000382041	0.256826	0.00363709	0.0757558	0.00978136	0.000384222	0.000270906	0.000971318	0.00193798	0.00277343	0.0147769	0.582446	0.00136814	0.000417457
134	0.0290698	0.00472725	0.000466762	0.000800861	0.0189433	0.000821833	0.000509838	0.234867	0.00364811	0.083015	0.0113749	0.000518091	0.000805438	0.00104591	0.0020451	0.00285126	0.0155349	0.58691	0.00133361	0.000710839
135	0.0161242	0.00122844	0.00039109	0.000409038	0.0165859	0.00217027	0.000374153	0.42284	0.000456811	0.212381	0.0569157	0.000456871	0.000634037	0.000851466	0.000700243	0.00269752	0.00890378	0.25375	0.000726075	0.00140344
136	0.465888	0.00141695	0.00169099	0.00194324	0.00184989	0.472766	0.00208182	0.00347674	0.00212697	0.00409136	0.00226665	0.00168483	0.0010183	0.00208978	0.00252495	0.0226501	0.00362831	0.00439673	0.000704249	0.00170406
137	0.192619	0.0100554	0.0145472	0.0292709	0.00304427	0.00634288	0.0046072	0.0179713	0.00462461	0.0317239	0.00945373	0.0177772	0.00228702	0.0119287	0.0186399	0.22677	0.345569	0.0409218	0.0092696	0.00257665
138	0.322476	0.028651	0.00690724	0.0118996	0.00624569	0.0300497	0.00700788	0.0382747	0.00787389	0.0386253	0.0120254	0.0115303	0.0119519	0.0101056	0.0149544	0.121498	0.198161	0.111388	0.0045758	0.00579886
139	0.0714904	0.0252613	0.0699378	0.00536237	0.00304631	0.0196993	0.00780999	0.00577365	0.0282649	0.00762592	0.00423445	0.351432	0.00402733	0.0052147	0.0521162	0.211233	0.114276	0.0094435	0.00112737	0.00262358
140	0.0645445	0.00619004	0.0396688	0.0649444	0.0305617	0.0157929	0.0105346	0.080828	0.025653	0.158032	0.062315	0.0436889	0.0155867	0.0611261	0.103316	0.06458	0.0318635	0.07972	0.00892247	0.0321314
141	0.0826844	0.00435242	0.00526013	0.0276845	0.0059328	0.00690975	0.00580246	0.184846	0.0249576	0.103004	0.00913187	0.00618433	0.2553	0.048225	0.0433544	0.0166003	0.0168653	0.145727	0.00195282	0.00522479
142	0.0081926	0.000775875	0.556793	0.158331	0.00115386	0.0389979	0.00155103	0.00249382	0.00221839	0.00273908	0.00140929	0.132062	0.00255055	0.00148357	0.00791188	0.0472925	0.0254773	0.00245478	0.000424956	0.00568682
143	0.269488	0.00344169	0.0985988	0.0217587	0.00376094	0.00428038	0.01194	0.0253794	0.0052598	0.0399853	0.00714252	0.0211813	0.00215935	0.00506325	0.0334453	0.240853	0.13877	0.0621741	0.00160436	0.00371457
144	0.0103395	0.00133018	0.000312926	0.00046685	0.00905934	0.000541906	0.000430901	0.470145	0.000463517	0.152731	0.0209692	0.000382174	0.00137176	0.00140689	0.00147845	0.00146165	0.00413612	0.321205	0.000461011	0.00130615
145	0.0523712	0.00353269	0.221535	0.218988	0.00386888	0.065969	0.0241331	0.0068807	0.0472388	0.0101081	0.0041688	0.0629357	0.0364479	0.0563753	0.0424525	0.0932692	0.0330667	0.00844733	0.00143603	0.00677499
146	0.125102	0.00678625	0.00991382	0.0284863	0.00308011	0.0425374	0.0107955	0.0203278	0.0362481	0.0169393	0.00918554	0.0217756	0.42597	0.0359537	0.0573457	0.057912	0.0446092	0.0428119	0.000233262	0.00398649
147	0.0848893	0.00584205	0.0928019	0.145326	0.00298818	0.0303017	0.0145029	0.0128207	0.126004	0.0133256	0.00564438	0.0453252	0.0109843	0.104639	0.11786	0.0996804	0.0713698	0.0101935	0.000623787	0.00487845
148	0.0235718	0.00320606	0.000919162	0.000933137	0.025955	0.00185196	0.00107785	0.294578	0.0022731	0.249542	0.0327806	0.000897711	0.000874828	0.00160651	0.00191392	0.00417616	0.0134017	0.336443	0.00146278	0.00253443
149	0.0621083	0.0179108	0.0110422	0.0543337	0.070087	0.00751571	0.0179066	0.0936873	0.060224	0.165391	0.0382772	0.0127781	0.00593105	0.0462067	0.0944956	0.0262086	0.0493994	0.107088	0.00429596	0.0551129
150	0.0480872	0.0108155	0.0173924	0.0413005	0.0112704	0.013948	0.0231872	0.0192204	0.101601	0.0281184	0.0393089	0.0312098	0.00820337	0.118206	0.219451	0.11847	0.103142	0.0282143	0.00217636	0.0166776
151	0.134035	0.00590766	0.0101338	0.0307993	0.0110215	0.0763319	0.0107047	0.0300654	0.0297767	0.0160357	0.00905904	0.0310722	0.379823	0.029506	0.0467818	0.0543551	0.0446501	0.0448157	0.000570305	0.00455557
152	0.0587657	0.00713578	0.0500392	0.0409833	0.00634838	0.45872	0.023094	0.00499956	0.0537915	0.0106964	0.00543436	0.0585426	0.0182755	0.0244934	0.0363567	0.0850873	0.0399615	0.00872967	0.00416335	0.00438216
153	0.0663786	0.00716672	0.00989286	0.0359269	0.0183431	0.0086903	0.0143559	0.0523815	0.149893	0.0954011	0.0221676	0.0202017	0.00794644	0.0482473	0.255709	0.0371105	0.0483577	0.079956	0.00141713	0.0204563
154	0.0240326	0.00421678	0.00174464	0.00384974	0.172328	0.00258311	0.00329074	0.11308	0.00418454	0.425034	0.09006	0.00306439	0.000873311	0.00538717	0.00706941	0.0103948	0.022314	0.067847	0.0117059	0.0269399
155	0.0602233	0.0035961	0.194488	0.259063	0.00246577	0.0311957	0.0141943	0.00760035	0.0848554	0.00970102	0.00533182	0.0448923	0.0077722	0.0869682	0.0693481	0.0671985	0.0381857	0.00749433	0.00102338	0.0044022
156	0.0396129	0.00830573	0.0104398	0.0422383	0.0149417	0.00705829	0.0334929	0.0161696	0.173179	0.0213274	0.0101322	0.0427073	0.00138852	0.0931419	0.326237	0.0679092	0.0513643	0.0253577	0.000581169	0.014415
157	0.059817	0.00670795	0.0278304	0.189647	0.0154589	0.0157296	0.0171898	0.0819119	0.0750053	0.0487298	0.0164837	0.0182363	0.00809313	0.0388794	0.0527643	0.0573176	0.142893	0.112133	0.00321783	0.0119539
158	0.0127821	0.00221376	0.000426275	0.00043914	0.0122663	0.000370968	0.000409402	0.438072	0.00127423	0.0974665	0.0137058	0.000408148	0.00115832	0.00147894	0.00184946	0.00173425	0.00539143	0.406964	0.00066899	0.000919909
159	0.082971	0.00561164	0.0414135	0.113561	0.0385729	0.019147	0.0130994	0.0835463	0.0253115	0.162114	0.0642353	0.0410302	0.0184193	0.057408	0.054383	0.03938	0.0329666	0.0688558	0.0124478	0.0255251
160	0.0155257	0.00102145	0.000383661	0.000449467	0.0178126	0.00227915	0.000450136	0.378365	0.000452906	0.266419	0.05694	0.000409572	0.00032312	0.000538732	0.00058733	0.00283383	0.0111762	0.241789	0.000958955	0.00128356
161	0.0670682	0.00277818	0.0698896	0.0462796	0.00790745	0.12662	0.0268517	0.0106709	0.0382238	0.0168179	0.00245245	0.0689017	0.154144	0.0197942	0.0403143	0.230498	0.0566557	0.0110981	0.00115209	0.00188249
162	0.127614	0.00563479	0.00148211	0.0172043	0.00239539	0.00955123	0.00615746	0.212017	0.00219482	0.0787473	0.0370909	0.00167034	0.041485	0.00567312	0.00317441	0.00597012	0.0433414	0.391814	0.000402316	0.00638015
163	0.108134	0.00694475	0.0162877	0.0272514	0.00470622	0.0383558	0.0230271	0.0205024	0.0328051	0.0193867	0.00839323	0.0276914	0.418669	0.0309037	0.0502668	0.0802494	0.0436197	0.0358751	0.000556325	0.006374
164	0.0503981	0.00241578	0.0839256	0.0337346	0.00385599	0.0928225	0.0420312	0.00789719	0.0187427	0.0219916	0.00207667	0.10617	0.117085	0.0143732	0.0291292	0.273313	0.0817948	0.0158349	0.000812035	0.00159609
165	0.413628	0.001949	0.115635	0.0605468	0.00304153	0.18416	0.00295983	0.00523875	0.0035484	0.00640272	0.00366792	0.00343152	0.00117606	0.0476711	0.00447679	0.0780848	0.0439063	0.00609856	0.0121927	0.00218507
166	0.044052	0.00758689	0.0165915	0.0341301	0.00972595	0.0138686	0.0221134	0.0155733	0.145261	0.0241784	0.00988418	0.0353739	0.00512376	0.0634352	0.383244	0.0669787	0.0637826	0.0266661	0.00109131	0.0113397
167	0.0652387	0.00605388	0.00178506	0.0804988	0.0559503	0.00173538	0.00901224	0.0549684	0.132234	0.271277	0.0314874	0.00352762	0.000851896	0.031252	0.111381	0.0137836	0.0112298	0.0639789	0.000634415	0.0531198
168	0.057395	0.00332568	0.243433	0.343315	0.00147452	0.0336788	0.0132707	0.00650279	0.0448144	0.00649353	0.0040187	0.0385936	0.00871157	0.0755045	0.0309356	0.0590776	0.0159358	0.00705057	0.00144665	0.00502213
169	0.0178417	0.002397	0.000934328	0.000923627	0.00955505	0.000997522	0.000870777	0.469053	0.0014493	0.10283	0.0163252	0.000705076	0.0023192	0.00290401	0.00212392	0.00242653	0.00572244	0.358418	0.000478777	0.00172504
170	0.00351212	0.00246443	0.000676604	0.0009831	0.157864	0.000807435	0.00317552	0.0750557	0.00408015	0.642883	0.0610245	0.00256662	0.000383013	0.00128414	0.00223555	0.00234336	0.00378042	0.0264146	0.00158567	0.00688002
171	0.126414	0.00275386	0.0566021	0.146787	0.00433594	0.0432941	0.025361	0.0103507	0.113626	0.0280653	0.0110068	0.0159884	0.0024459	0.192473	0.0625652	0.0853483	0.0491095	0.010274	0.000331153	0.0128686
172	0.0453403	0.00599445	0.0157604	0.00656253	0.0170086	0.00310901	0.00722072	0.307044	0.0127387	0.134978	0.0200693	0.00749957	0.00967193	0.010217	0.00729758	0.0263075	0.0423933	0.312143	0.00206351	0.00657981
173	0.153698	0.0129555	0.00452806	0.016183	0.00229274	0.00203119	0.00255565	0.00463677	0.00261784	0.0361413	0.00234903	0.0165555	0.00120436	0.0161567	0.020572	0.268816	0.399668	0.0195594	0.0157693	0.00171003
174	0.0269933	0.0281398	0.0028685	0.0390183	0.0423592	0.021417	0.226452	0.0124927	0.0424917	0.0057151	0.00426373	0.150146	0.0496966	0.0391843	0.0239093	0.0280863	0.0800968	0.0153727	0.000732137	0.160564
175	0.0275227	0.0008146	0.0177571	0.00565039	0.00124341	0.890606	0.00723344	0.00187644	0.00785749	0.00237502	0.00139934	0.00268177	0.000875351	0.00283205	0.00763797	0.0106633	0.00340477	0.00247326	0.00411275	0.000983171
176	0.0146539	0.0054432	0.00999237	0.00993701	0.445453	0.0142681	0.0145462	0.0148125	0.00123835	0.0453118	0.0434908	0.00103918	0.000490234	0.0100802	0.011593	0.00674667	0.0023281	0.0133269	0.0151947	0.320054
177	0.0793322	0.019159	0.00741327	0.0119399	0.00911163	0.0101606	0.0122316	0.0269328	0.0141168	0.0512587	0.00856312	0.0423049	0.0156553	0.00960916	0.039821	0.205379	0.268982	0.151967	0.00550081	0.010561
178	0.230466	0.0164328	0.00601204	0.0178446	0.008384	0.0770652	0.0102419	0.0863986	0.01516	0.0552518	0.0124077	0.0151057	0.145961	0.0135176	0.021742	0.0394999	0.0458578	0.17066	0.00130112	0.0106902
179	0.470508	0.0162828	0.00394758	0.00873121	0.00246292	0.0353161	0.00598015	0.00442367	0.0284088	0.0228595	0.00422392	0.0246913	0.002723	0.0185411	0.0262192	0.267204	0.0372234	0.0134367	0.000727784	0.00608871
180	0.0477502	0.00439712	0.288524	0.174009	0.00389476	0.0449091	0.014006	0.00757535	0.0539208	0.0101748	0.0059424	0.0794999	0.014681	0.0516056	0.0595389	0.0828967	0.0395211	0.00956598	0.0010969	0.0064909
181	0.00910735	0.00112141	0.00104042	0.00155285	0.00192227	0.00114175	0.00139561	0.499601	0.00164721	0.416992	0.013113	0.00120597	0.000582289	0.00153404	0.00208964	0.00274003	0.00838146	0.0331439	0.000451169	0.00123667
182	0.312957	0.0038537	0.0237777	0.151298	0.00207781	0.0425292	0.0351988	0.0202976	0.0643417	0.0383111	0.00734125	0.0290368	0.000707128	0.0698515	0.0344677	0.0796989	0.0393401	0.0410127	0.000724884	0.00317667
183	0.481935	0.0173986	0.000977989	0.00516097	0.00183391	0.0338266	0.00389964	0.00210154	0.0216294	0.0234953	0.00323448	0.0274826	0.00177613	0.0173113	0.0159709	0.289816	0.0355757	0.0095821	0.000341661	0.0066502
184	0.00443636	0.00922505	0.000427035	0.000649556	0.0392201	0.000504157	0.00613666	0.0698172	0.0072643	0.673919	0.105648	0.00578123	0.000261378	0.00304193	0.00612285	0.00292995	0.00481261	0.0524004	0.00136627	0.00603522
185	0.245694	0.350577	0.00111335	0.00150655	0.00320017	0.00436275	0.001422	0.00806388	0.00142944	0.00898296	0.00184922	0.00320766	0.000646537	0.00165506	0.00325332	0.179706	0.107437	0.0690212	0.00567037	0.00120119
186	0.034004	0.0080961	0.00612989	0.0343445	0.00973997	0.00553435	0.0348648	0.00931755	0.179865	0.0188217	0.0100009	0.0388308	0.000292672	0.0990613	0.361241	0.0654005	0.0497245	0.0212026	0.000231952	0.0132958
187	0.0675791	0.00350353	0.118606	0.198221	0.00450885	0.0184333	0.0179188	0.00870128	0.126025	0.0159029	0.0089734	0.0457574	0.00471612	0.107813	0.125277	0.0656443	0.0485175	0.00997508	0.000674318	0.00325298
188	0.611451	0.00923234	0.0015885	0.00230488	0.001131	0.0729405	0.00152011	0.0237398	0.00528167	0.0114872	0.00931253	0.00182694	0.000854987	0.00229529	0.00993681	0.0850062	0.0676356	0.0811106	0.000482488	0.000861324
189	0.312195	0.0405667	0.00300312	0.00484255	0.00848096	0.0340706	0.0103177	0.0821344	0.00915672	0.0815781	0.00855217	0.00845157	0.0277943	0.00670048	0.017825	0.0540843	0.0671217	0.206313	0.00199056	0.0148208
190	0.0151151	0.00216157	0.00132135	0.00315919	0.0367698	0.00148607	0.0107926	0.180849	0.00222359	0.29253	0.329642	0.00444031	0.000782116	0.0154079	0.00324858	0.0212344	0.0117468	0.0532226	0.00233212	0.0115356
191	0.072977	0.000965891	0.0685793	0.0440252	0.00526955	0.0662649	0.0237667	0.014824	0.0297771	0.0195883	0.00172529	0.0645832	0.180821	0.0161518	0.0356378	0.275852	0.0655393	0.0120003	0.000477637	0.00117311
