246	20
1	0.0481454	0.0163956	0.000939723	0.00112193	0.222029	0.00407411	0.00727038	0.100064	0.00151382	0.354478	0.0542939	0.00119584	0.00967883	0.00460714	0.00473466	0.0185972	0.0129322	0.0897693	0.0138766	0.0342835
2	0.00352266	0.00126083	0.00476331	0.0048089	0.29728	0.00193904	0.0231027	0.0103358	0.00493228	0.0528202	0.00995811	0.00111319	0.000848214	0.00444018	0.00124784	0.0270049	0.0139691	0.0199547	0.0148919	0.501806
3	0.146003	0.0126217	0.00105616	0.000358837	0.0700936	0.035935	0.000477933	0.144743	0.00029728	0.203592	0.035776	0.000362513	0.00325566	0.000340352	0.000596071	0.0266498	0.0365783	0.280074	0.000453088	0.000735877
4	0.431058	0.0154015	0.00731678	0.00189251	0.00601758	0.161795	0.00173801	0.0110175	0.00323652	0.0115228	0.0140133	0.00669513	0.0106528	0.00558607	0.00167233	0.229754	0.0474539	0.0284104	0.000467566	0.00429855
5	0.0311733	0.00858314	0.000720132	0.00331041	0.0579784	0.00664927	0.0137015	0.148517	0.0117364	0.414554	0.104605	0.00229868	0.00499362	0.0119005	0.0086918	0.0180318	0.0275931	0.114867	0.0028372	0.00725742
6	0.128999	0.0258206	0.00566514	0.00879861	0.0961109	0.0241076	0.0120407	0.0683153	0.0108119	0.159924	0.041274	0.0103606	0.0102028	0.0131681	0.0153284	0.0637256	0.120909	0.0883125	0.011876	0.0842489
7	0.0267417	0.00768221	0.000285064	0.000366749	0.0486206	0.00872965	0.00782197	0.133867	0.00198339	0.487756	0.0915378	0.00138973	0.00186691	0.00469452	0.00116236	0.0162934	0.0281449	0.126866	0.000701067	0.00348918
8	0.0947283	0.0162704	0.000772952	0.000779828	0.0193015	0.0140426	0.00177606	0.312862	0.0010557	0.078562	0.0972601	0.00187129	0.00101477	0.00178706	0.00133508	0.0106127	0.108084	0.233979	0.000579949	0.00332503
9	0.391098	0.0111796	0.0193967	0.00630157	0.00678188	0.112681	0.0018073	0.0105812	0.0072916	0.0155692	0.0111039	0.00782071	0.067629	0.0105792	0.00917487	0.21742	0.0590042	0.0281253	0.000900136	0.00555382
10	0.0426901	0.00792877	0.00170237	0.000994965	0.102241	0.00100716	0.000520138	0.212224	0.000593955	0.345995	0.0354726	0.000454957	0.0076713	0.000433108	0.00286687	0.0106527	0.0174676	0.198799	0.00647695	0.00380755
11	0.362086	0.0178119	0.0103107	0.0052068	0.0108639	0.280238	0.00345491	0.0105726	0.00322296	0.0134336	0.0129657	0.00499093	0.0118965	0.00728654	0.00450293	0.165888	0.0396736	0.0308677	0.000745827	0.00398107
12	0.153034	0.0188955	0.0258615	0.0240118	0.0194001	0.0687992	0.0171095	0.0422577	0.017957	0.0482027	0.0249387	0.043912	0.0272118	0.038659	0.0262523	0.187589	0.138087	0.044698	0.00954453	0.0235793
13	0.250526	0.0256085	0.0259962	0.0124361	0.0303948	0.394344	0.00563338	0.012675	0.00409371	0.0180932	0.0131303	0.00825249	0.0134073	0.0122919	0.00876874	0.103701	0.027244	0.0261487	0.00183252	0.00542154
14	0.170887	0.112358	0.00729629	0.0241468	0.0957382	0.287803	0.00783227	0.0162198	0.00405524	0.0456577	0.0198966	0.00901013	0.00666958	0.0104461	0.00781663	0.111505	0.0233005	0.0285378	0.00419431	0.00662869
15	0.0891171	0.023022	0.0187702	0.0227146	0.0462154	0.0259842	0.0252106	0.0935972	0.0102946	0.0998677	0.0597698	0.023804	0.0436611	0.0422332	0.0190894	0.0816601	0.114785	0.111365	0.0093581	0.0394802
16	0.0232001	0.0227698	0.00448468	0.00556103	0.0137294	0.0372086	0.0376557	0.00783972	0.15536	0.00960324	0.0124802	0.0326806	0.0111682	0.0400493	0.454299	0.0706394	0.0186272	0.0147136	0.0226149	0.00531529
17	0.221981	0.0181003	0.0259306	0.0138309	0.0126561	0.0754417	0.00746966	0.0296174	0.0124224	0.0308174	0.0150769	0.0247695	0.110271	0.0246517	0.0174058	0.204578	0.094249	0.0391539	0.00400829	0.0175675
18	0.124644	0.0777049	0.0158938	0.0414817	0.0163021	0.0694146	0.0115971	0.0126685	0.00951674	0.0141799	0.0146678	0.1375	0.00732584	0.021671	0.0128306	0.25813	0.0854814	0.0487695	0.00356046	0.0166606
19	0.146216	0.0124896	0.00106526	0.000300968	0.0696557	0.0361586	0.000441695	0.145512	0.000289401	0.204515	0.0358624	0.000347428	0.00326924	0.000307499	0.000367752	0.0264472	0.0357119	0.280194	0.000295546	0.00055264
20	0.203046	0.0155756	0.0601762	0.130119	0.00732412	0.145735	0.00788024	0.00901767	0.0105135	0.0152181	0.00836637	0.048909	0.0120479	0.0320633	0.0221515	0.153518	0.0870477	0.0218994	0.00222863	0.00716267
21	0.0165282	0.00310352	0.566466	0.06828	0.00943109	0.0428613	0.00718866	0.00266869	0.00242649	0.00375569	0.00999645	0.185126	0.00143808	0.00876992	0.0121253	0.034175	0.0125978	0.00365604	0.000820783	0.00858407
22	0.0208327	0.00388682	0.00267603	0.00498023	0.00486982	0.00624672	0.0449593	0.0149016	0.0499243	0.0261963	0.00488561	0.00426022	0.0215785	0.676116	0.0345407	0.0286627	0.0176272	0.017847	0.0017282	0.0132798
23	0.0325131	0.0181708	0.00164452	0.00237163	0.308004	0.00501455	0.0120554	0.0447326	0.00246385	0.297045	0.0483214	0.00152415	0.00570307	0.00673313	0.00405871	0.0246563	0.0120574	0.0324254	0.0149196	0.125586
24	0.0912562	0.0144976	0.117238	0.17381	0.00459853	0.180086	0.00334771	0.00375847	0.00481306	0.00645505	0.00490349	0.0933705	0.00225818	0.0189605	0.0223407	0.165962	0.0785672	0.00888988	0.00109519	0.00379113
25	0.153207	0.0188815	0.0258221	0.0239009	0.0194783	0.0686762	0.0171599	0.0421836	0.0179594	0.0481626	0.0249849	0.0438439	0.0272149	0.0385512	0.0262634	0.18787	0.137929	0.0447285	0.00962363	0.0235586
26	0.106548	0.0110108	0.00868625	0.0304868	0.0326219	0.0218859	0.0337936	0.0141265	0.0565924	0.0155774	0.0333953	0.132005	0.00537192	0.0103096	0.0852207	0.232258	0.071961	0.0327057	0.00422283	0.0612202
27	0.00352266	0.00126083	0.00476331	0.0048089	0.29728	0.00193904	0.0231027	0.0103358	0.00493228	0.0528202	0.00995811	0.00111319	0.000848214	0.00444018	0.00124784	0.0270049	0.0139691	0.0199547	0.0148919	0.501806
28	0.014397	0.00634965	0.00375874	0.00380787	0.323274	0.00272726	0.0190736	0.0215147	0.00428492	0.124184	0.0181796	0.00135516	0.0026583	0.00496873	0.00275762	0.024781	0.0124822	0.0246134	0.0150238	0.369809
29	0.062785	0.0520695	0.0318097	0.0124193	0.0378096	0.0592056	0.0147591	0.0173526	0.00667152	0.00881142	0.0415419	0.235175	0.00420134	0.00782286	0.00905914	0.335057	0.025441	0.0164415	0.00268263	0.0188846
30	0.0193234	0.0480072	0.00223559	0.00215453	0.106228	0.0625354	0.00361768	0.00508606	0.00290314	0.10076	0.01326	0.0031578	0.0132863	0.00331544	0.0660855	0.0091423	0.0169073	0.0172208	0.477374	0.0273992
31	0.00369588	0.00130885	0.004782	0.00500657	0.296095	0.00195607	0.0231359	0.0109588	0.00490412	0.0533978	0.0100322	0.00119708	0.000911351	0.00455366	0.00130662	0.0273175	0.0141938	0.0199321	0.0156647	0.49965
32	0.00387147	0.00143324	0.00532401	0.00479098	0.294665	0.00200609	0.0246159	0.0103115	0.00568228	0.0526742	0.0110805	0.00115311	0.00100105	0.00462726	0.00129628	0.0277866	0.0142882	0.0207972	0.01452	0.498075
33	0.0357995	0.0234667	0.000689052	0.00102617	0.299279	0.00597151	0.0089196	0.0536802	0.00133077	0.373569	0.0627211	0.00112907	0.00662232	0.00753957	0.00391602	0.0209219	0.00975087	0.0339992	0.015543	0.0341249
34	0.170447	0.0836867	0.00120442	0.00241629	0.0774897	0.0727331	0.00770952	0.0418074	0.00278057	0.097832	0.0418219	0.00291411	0.00244151	0.00380501	0.0137891	0.214618	0.0659035	0.0767237	0.0104344	0.00944217
35	0.181175	0.0146013	0.00867414	0.00898488	0.0227633	0.0976654	0.00608739	0.0710239	0.00654854	0.0483723	0.0169805	0.0626255	0.0366708	0.0293524	0.0115476	0.17262	0.11381	0.061987	0.00268027	0.0258301
36	0.0591587	0.0137658	0.000975817	0.0028449	0.0540434	0.0162124	0.00603676	0.135591	0.00170015	0.37996	0.0704784	0.00507416	0.0022599	0.00594144	0.00491337	0.0297252	0.053594	0.144929	0.0041739	0.00862287
37	0.138631	0.0119969	0.00101949	0.000278518	0.0682026	0.0340897	0.000446668	0.153038	0.00032825	0.203883	0.0355214	0.000624121	0.00340514	0.000313221	0.000439615	0.0254087	0.0364908	0.28469	0.000396917	0.000795513
38	0.458774	0.010584	0.00701539	0.00173191	0.00482319	0.142479	0.00136121	0.0100544	0.00328905	0.0118189	0.013266	0.0061129	0.0109807	0.00596899	0.00180251	0.228699	0.050877	0.0257027	0.000555197	0.0041038
39	0.130251	0.0257557	0.00847026	0.0154417	0.025923	0.0641519	0.00684981	0.0871937	0.0102412	0.0818955	0.0359519	0.0411272	0.0215628	0.0279678	0.0270175	0.138981	0.127857	0.100167	0.00553556	0.0176591
40	0.146404	0.0124323	0.00105285	0.00025281	0.0697175	0.0362364	0.000402892	0.145554	0.000283893	0.204638	0.0357925	0.000314317	0.00325256	0.000272129	0.000307068	0.0263985	0.0354297	0.280572	0.000215384	0.000471059
41	0.0648214	0.00833617	0.00101896	0.000720286	0.079508	0.00984065	0.00134196	0.188999	0.000720471	0.330294	0.0443543	0.000532903	0.00586817	0.000965915	0.00180487	0.0159877	0.0230792	0.214337	0.00453663	0.00293289
42	0.121727	0.0137096	0.00878895	0.00983478	0.0163164	0.0824052	0.00679072	0.0813487	0.00833543	0.0411302	0.0180567	0.047702	0.0324299	0.020182	0.0141142	0.120985	0.101258	0.233554	0.00302683	0.0183041
43	0.00558245	0.00200476	0.00491449	0.00497322	0.285507	0.0031206	0.0222544	0.011134	0.00492573	0.0521311	0.0100575	0.00185094	0.00118295	0.00709105	0.003153	0.0273452	0.0150533	0.0205022	0.0231487	0.494068
44	0.0154242	0.00162058	0.00112627	0.0014192	0.0247758	0.00233343	0.00122638	0.284462	0.00171793	0.129261	0.0257027	0.00884653	0.00515795	0.00119263	0.00558528	0.00507468	0.0339613	0.440551	0.000986602	0.00957528
45	0.0270606	0.00114298	0.103482	0.48814	0.00548192	0.032631	0.0259595	0.00532291	0.0426741	0.0127445	0.00142186	0.0255453	0.010975	0.0936664	0.0426299	0.0385478	0.0161155	0.0134634	0.00052055	0.0124749
46	0.0267735	0.00111407	0.131575	0.46421	0.0050928	0.0333542	0.025861	0.00572319	0.0440836	0.0102369	0.0014496	0.0298136	0.0124427	0.0814019	0.0425258	0.0399832	0.0161075	0.0129978	0.000516261	0.014737
47	0.0588092	0.00615611	0.00435967	0.0768601	0.0167586	0.00956298	0.0842771	0.0156377	0.0628672	0.0135267	0.0307674	0.242584	0.00386163	0.00590435	0.0859743	0.141309	0.0580829	0.0181252	0.00247881	0.0620969
48	0.114658	0.028801	0.00243439	0.00831974	0.0492725	0.0238486	0.00441364	0.122277	0.00317212	0.116838	0.0468448	0.0056838	0.00381235	0.00839749	0.0163234	0.049417	0.0851869	0.276072	0.0141702	0.0200569
49	0.0598685	0.00666497	0.00378453	0.00273692	0.00787579	0.35459	0.00313796	0.0163022	0.0362237	0.00715757	0.0234295	0.0436655	0.0328502	0.00376026	0.0737491	0.286846	0.02162	0.00884915	0.00170741	0.00518052
50	0.0199893	0.0457926	0.00250715	0.00230057	0.111623	0.0599102	0.00413509	0.00549233	0.00363585	0.0974374	0.0136423	0.0037178	0.0125955	0.00384333	0.069991	0.00988555	0.0174963	0.0176742	0.467247	0.0310836
51	0.161882	0.0201594	0.0313074	0.024065	0.0179682	0.0761606	0.0116441	0.0343789	0.0192274	0.0457494	0.0205694	0.032037	0.0596656	0.0387057	0.0276545	0.184056	0.122591	0.0484603	0.0062109	0.0175069
52	0.0444415	0.00717632	0.00126407	0.000966569	0.092174	0.00141691	0.00082037	0.207426	0.000693281	0.341359	0.0404092	0.000629488	0.00816107	0.000679486	0.0034153	0.0111156	0.0198686	0.198066	0.0151007	0.00481603
53	0.146404	0.0124323	0.00105285	0.00025281	0.0697175	0.0362364	0.000402892	0.145554	0.000283893	0.204638	0.0357925	0.000314317	0.00325256	0.000272129	0.000307068	0.0263985	0.0354297	0.280572	0.000215384	0.000471059
54	0.0463846	0.0181033	0.000858119	0.00103743	0.271101	0.00416638	0.00825213	0.0819858	0.00207521	0.341934	0.052483	0.00147251	0.00931909	0.00579064	0.00545996	0.0182556	0.0104008	0.0659424	0.0160985	0.0388793
55	0.0419278	0.00913488	0.00107728	0.000814872	0.102746	0.00192632	0.0018647	0.191052	0.00070411	0.3636	0.0469815	0.000491389	0.00862755	0.00123497	0.00254501	0.0128404	0.0188166	0.179533	0.0076231	0.00645779
56	0.168668	0.069218	0.000705116	0.0020441	0.07779	0.0846911	0.00424739	0.0473961	0.00183845	0.122225	0.0330248	0.00184751	0.00161866	0.00254549	0.020316	0.188344	0.0662594	0.0875542	0.0141793	0.00548757
57	0.285232	0.0174868	0.0287298	0.0195742	0.0151307	0.334395	0.00468147	0.00911462	0.00486859	0.0143758	0.0113534	0.0116185	0.01505	0.0175809	0.00969378	0.136815	0.0362139	0.0217532	0.00145933	0.00487297
58	0.124496	0.048885	0.00766701	0.00935316	0.053397	0.0248029	0.0230968	0.0683488	0.0456456	0.0858371	0.0390359	0.0131474	0.0137826	0.0174899	0.0133229	0.138032	0.18494	0.0359906	0.0206933	0.0320363
59	0.168688	0.0698591	0.000752093	0.00229838	0.0792449	0.0883084	0.00419769	0.0473677	0.00190265	0.124007	0.0311492	0.00195442	0.00203932	0.00249942	0.0227716	0.179218	0.0649828	0.0866347	0.0166773	0.0054479
60	0.023545	0.0231099	0.00448422	0.00560836	0.0137481	0.0363264	0.0379888	0.00785426	0.154647	0.00964955	0.0123606	0.0320471	0.0111089	0.0481232	0.447138	0.0707829	0.0189128	0.0147004	0.0225572	0.00530744
61	0.0761781	0.0119698	0.00701649	0.0110074	0.0199855	0.0509983	0.0468662	0.116981	0.0132618	0.0386138	0.0190609	0.0397869	0.00898084	0.00899993	0.0157078	0.0512961	0.0398433	0.328277	0.00610373	0.0890653
62	0.0440582	0.00753178	0.00125981	0.000923446	0.0967181	0.00119939	0.000660359	0.212926	0.000729463	0.339709	0.0404074	0.000392654	0.00836625	0.000502515	0.00264277	0.0110527	0.018301	0.201441	0.00721655	0.00396072
63	0.0957037	0.0161326	0.00527505	0.00670527	0.0110068	0.0261494	0.00913928	0.086874	0.00855246	0.0446107	0.0243313	0.00383787	0.00586713	0.00362574	0.0179162	0.025914	0.0557876	0.535362	0.00863549	0.00857337
64	0.638431	0.00245375	0.00360646	0.0119471	0.00292199	0.0368863	0.00162427	0.00320072	0.001672	0.0201489	0.0106159	0.0024474	0.00801329	0.00225096	0.0123722	0.0854641	0.100549	0.0516378	0.000720109	0.00303691
65	0.44703	0.0114294	0.00682342	0.00317991	0.014892	0.0834914	0.00278496	0.0195267	0.00399596	0.0205675	0.0217672	0.0158677	0.0172663	0.00628685	0.00412122	0.224857	0.0558194	0.0323948	0.00116708	0.00673117
66	0.120428	0.0338143	0.00209926	0.00774703	0.0615128	0.0240543	0.00389365	0.125365	0.00165601	0.138894	0.0527395	0.00621685	0.00431919	0.0100577	0.0153429	0.063479	0.0964024	0.196604	0.0146208	0.0207526
67	0.0232001	0.0227698	0.00448468	0.00556103	0.0137294	0.0372086	0.0376557	0.00783972	0.15536	0.00960324	0.0124802	0.0326806	0.0111682	0.0400493	0.454299	0.0706394	0.0186272	0.0147136	0.0226149	0.00531529
68	0.0389638	0.00615114	0.0035202	0.00796237	0.00744892	0.0290692	0.0285396	0.00816635	0.414176	0.0122863	0.00844065	0.238227	0.00474139	0.00552385	0.0308359	0.0608037	0.0509722	0.033307	0.00291205	0.00795255
69	0.0234613	0.0232108	0.00509039	0.00545648	0.015232	0.0360545	0.0379141	0.00842193	0.151565	0.00961309	0.0135375	0.0317912	0.0115716	0.0403162	0.449875	0.0701882	0.0195722	0.0151101	0.0261332	0.00588509
70	0.134616	0.0234758	0.0285503	0.0300415	0.0177977	0.0631157	0.0136489	0.0357871	0.0184346	0.0439088	0.0258288	0.0371195	0.0531154	0.0423716	0.025524	0.182762	0.150975	0.0489857	0.00620425	0.0177378
71	0.0498235	0.0111878	0.00777192	0.00824051	0.00530846	0.0148869	0.00809602	0.0884146	0.0122705	0.037881	0.0209541	0.00521794	0.00834351	0.00445229	0.0135097	0.0250879	0.0512919	0.616075	0.00355824	0.00762797
72	0.104029	0.0350182	0.0151741	0.0457317	0.0158602	0.0390482	0.0254066	0.0284745	0.0128116	0.0342348	0.0218791	0.0451315	0.0244711	0.0651424	0.0179571	0.174136	0.212095	0.063383	0.00524735	0.0147677
73	0.0275399	0.00116485	0.103866	0.467172	0.00587775	0.0320485	0.0265959	0.00547118	0.0440561	0.0124102	0.00150112	0.0261215	0.0109593	0.104854	0.0477869	0.038941	0.0166666	0.0137233	0.000614321	0.0126294
74	0.0500726	0.0113585	0.00798398	0.00831817	0.00524652	0.0148834	0.00809776	0.087978	0.0125016	0.0373185	0.0207712	0.00522825	0.00844174	0.00447323	0.0136415	0.0254004	0.0512346	0.615812	0.00358304	0.00765553
75	0.0288424	0.00112504	0.10976	0.50816	0.00479589	0.0362777	0.0264484	0.00499679	0.0418327	0.00934069	0.00158859	0.0249865	0.010614	0.0740854	0.0379929	0.0376997	0.0165348	0.0116198	0.000474354	0.0128244
76	0.027404	0.00105972	0.109474	0.51297	0.00482152	0.0358985	0.02582	0.00502293	0.040536	0.009387	0.00143785	0.0254	0.0107749	0.0738494	0.0371321	0.038005	0.0161375	0.0114503	0.000479378	0.0129395
77	0.139313	0.0203025	0.00358388	0.0228496	0.104712	0.0393478	0.00521247	0.0577751	0.00547239	0.130641	0.0276418	0.00756772	0.00536391	0.00814764	0.0321668	0.0438944	0.152212	0.171036	0.00852558	0.0142351
78	0.0863974	0.00928145	0.110553	0.142901	0.00617848	0.0524308	0.0538353	0.0069428	0.12385	0.00890959	0.0148756	0.0260169	0.00550693	0.0739004	0.130126	0.0693739	0.0532448	0.0149889	0.0021101	0.00857719
79	0.126518	0.0362941	0.00843082	0.0161809	0.0269723	0.0484566	0.00806781	0.0857455	0.0132501	0.0892156	0.0505655	0.0248128	0.0176843	0.0333301	0.0302837	0.135124	0.12521	0.1011	0.00658053	0.0161781
80	0.0435776	0.00713185	0.00107158	0.000823434	0.0884578	0.00227995	0.00121532	0.208213	0.00083449	0.342225	0.0460309	0.000643236	0.00740204	0.00082665	0.00237246	0.0114691	0.0193766	0.205942	0.0063469	0.00376016
81	0.0474578	0.00744735	0.00120128	0.000862206	0.0924822	0.00228832	0.000753707	0.2062	0.000649851	0.347741	0.0406095	0.000400526	0.00760548	0.000579505	0.00246157	0.0115371	0.0191169	0.200369	0.00652177	0.00371481
82	0.0234146	0.0228302	0.00443257	0.0054684	0.0136225	0.0378647	0.0370608	0.00782239	0.154447	0.00965445	0.0125016	0.0326156	0.0110666	0.0394042	0.456939	0.0698657	0.0184708	0.0145666	0.0226851	0.00526765
83	0.025983	0.00760033	0.000304157	0.000417905	0.0483516	0.00846219	0.00764472	0.135011	0.00226461	0.480217	0.0981414	0.00144778	0.00226234	0.00468048	0.0011982	0.0159366	0.0283407	0.127466	0.000750905	0.00351853
84	0.029329	0.00755327	0.000369195	0.000387538	0.055138	0.00866651	0.00631948	0.143133	0.00154764	0.479356	0.0790716	0.00134045	0.00255343	0.00357272	0.00111013	0.0160532	0.0256847	0.134098	0.00143622	0.00328059
85	0.0621364	0.0560306	0.0119006	0.0129715	0.035593	0.0278575	0.0465554	0.0390035	0.0127906	0.096546	0.0354574	0.0177416	0.173761	0.023869	0.0197916	0.100783	0.0613775	0.0794105	0.0644284	0.0219948
86	0.0165848	0.00172795	0.00105674	0.00134166	0.02622	0.00245976	0.00112797	0.288528	0.00160988	0.131838	0.0273944	0.00857473	0.00500592	0.00114006	0.00533648	0.00505345	0.0344436	0.430324	0.00103345	0.009199
87	0.0230971	0.0500169	0.00222573	0.00252881	0.100875	0.0663046	0.00391288	0.0072825	0.00278129	0.102975	0.0168143	0.00341081	0.0162772	0.00348346	0.0545415	0.0145853	0.0207217	0.0221524	0.463172	0.0228418
88	0.146311	0.0125356	0.00105313	0.000256699	0.0697303	0.0362948	0.000411616	0.145406	0.000287779	0.204533	0.035858	0.000316496	0.00328206	0.000288312	0.000341906	0.0267078	0.0356144	0.279969	0.000286696	0.000515932
89	0.223315	0.0571305	0.00229952	0.00248776	0.0265058	0.0295232	0.00253224	0.00567193	0.0140704	0.00627871	0.00451173	0.00354291	0.00326412	0.0028057	0.00426411	0.240018	0.350703	0.0167072	0.00120963	0.00315875
90	0.141294	0.0900767	0.00137215	0.00312166	0.0672377	0.0800974	0.00588208	0.0384328	0.00336081	0.0888718	0.0573651	0.00311915	0.00271478	0.00453527	0.0115626	0.241654	0.0860708	0.0565407	0.00902543	0.00766487
91	0.04671	0.00722347	0.00117831	0.00110392	0.0934824	0.00171139	0.000911733	0.217397	0.000928922	0.315611	0.0390168	0.00110095	0.00771093	0.000722284	0.00288623	0.0104417	0.0193405	0.219803	0.00751948	0.00520082
92	0.0451688	0.00734364	0.00121529	0.000897574	0.0959879	0.00126387	0.000860676	0.211882	0.000877008	0.338266	0.0417017	0.000480045	0.00842608	0.00057802	0.00268367	0.0110297	0.0181721	0.200965	0.00751056	0.00469015
93	0.0318979	0.0170027	0.00743718	0.00345922	0.00416056	0.0237059	0.00309451	0.0166049	0.0136206	0.00761225	0.0055781	0.0148831	0.0491523	0.00520433	0.0080647	0.503268	0.271083	0.00984255	0.00136246	0.00296529
94	0.026621	0.014116	0.000433081	0.000753761	0.124383	0.0063984	0.0107174	0.0941983	0.00188176	0.467582	0.0943142	0.0011617	0.0035458	0.00617392	0.00306786	0.0179986	0.0230155	0.0828288	0.00589232	0.0149164
95	0.11595	0.034922	0.00383558	0.00828817	0.0751522	0.0335477	0.00620838	0.0967487	0.00614789	0.125672	0.0520405	0.0110294	0.00847031	0.0139214	0.0222551	0.102359	0.115907	0.130298	0.0124165	0.0248302
96	0.0166805	0.00184919	0.00110503	0.001425	0.0266387	0.00238988	0.0012272	0.266118	0.00168166	0.139158	0.0239842	0.00936315	0.00587322	0.00113757	0.00527318	0.00517494	0.0349503	0.445215	0.00125618	0.0094989
97	0.0549861	0.00723007	0.0101342	0.174422	0.0134794	0.0123367	0.0379039	0.0165062	0.0607841	0.17332	0.0209966	0.00915611	0.00535798	0.149749	0.0708391	0.0641382	0.0183462	0.0899742	0.00303281	0.00730711
98	0.0218008	0.00392621	0.00227022	0.00521956	0.00519582	0.00648086	0.0444646	0.0155486	0.0421101	0.0276689	0.0044529	0.00374758	0.0228836	0.682487	0.02582	0.0291714	0.018825	0.022553	0.00172498	0.0136488
99	0.506382	0.00692502	0.0191143	0.0174182	0.00870454	0.187992	0.0026073	0.00643273	0.00254023	0.0150688	0.0106724	0.00338239	0.0102224	0.00839338	0.0157243	0.0913069	0.0506769	0.030932	0.00113664	0.004368
100	0.0162066	0.00186086	0.00122697	0.00152048	0.0238963	0.00273571	0.00136536	0.278224	0.00195058	0.126617	0.0254617	0.0087198	0.00525872	0.001246	0.0057875	0.00559152	0.0341287	0.447658	0.00103813	0.00950724
101	0.209617	0.0096846	0.0327677	0.0119137	0.00672654	0.0395835	0.00490004	0.0124306	0.010952	0.0221479	0.00739501	0.00698483	0.336496	0.0177425	0.0200923	0.165015	0.0463694	0.0297288	0.00264358	0.0068096
102	0.360321	0.0042836	0.0197254	0.0141163	0.00392831	0.0285192	0.00237576	0.0050076	0.00685396	0.0213049	0.00561155	0.00256206	0.277913	0.0107199	0.0189689	0.131664	0.049211	0.0314622	0.0014453	0.00400599
103	0.495079	0.00909905	0.005806	0.00696638	0.00725242	0.132731	0.00162317	0.0161599	0.00303383	0.0274451	0.0124411	0.00574692	0.0183626	0.00412017	0.00693635	0.113564	0.067532	0.0601041	0.00107898	0.00491834
104	0.0881895	0.0324146	0.0109235	0.0127531	0.0169698	0.0346534	0.00879602	0.037286	0.0110759	0.0467053	0.0321333	0.0201801	0.0335759	0.0290364	0.0162804	0.353088	0.139529	0.0595505	0.00486786	0.0119912
105	0.0278192	0.0147903	0.000532288	0.000884863	0.128123	0.00608695	0.00996312	0.0982164	0.00222832	0.429891	0.109688	0.00135842	0.00431632	0.00681199	0.0034798	0.0195547	0.0249851	0.0865569	0.0062588	0.0184549
106	0.154131	0.015624	0.0110255	0.0123795	0.0237123	0.0852719	0.00821834	0.072191	0.00890876	0.0534505	0.0208135	0.0622862	0.0373604	0.0374147	0.0156127	0.163781	0.127074	0.0598331	0.00394932	0.0269624
107	0.229886	0.0599228	0.00205416	0.0027178	0.0305753	0.0263303	0.0028183	0.00507319	0.0131544	0.0068952	0.00440954	0.00354427	0.00243975	0.00310587	0.00420357	0.227538	0.354143	0.0162437	0.00142301	0.00352098
108	0.0603959	0.021994	0.00183231	0.00347458	0.0475378	0.0128454	0.00802962	0.18511	0.00322831	0.179757	0.12795	0.0050367	0.00480354	0.0106836	0.00578735	0.0375431	0.0847341	0.178585	0.00531483	0.0153571
109	0.027141	0.0085992	0.000370111	0.000413178	0.0494239	0.00868439	0.00775829	0.13668	0.0020566	0.471537	0.0960036	0.00146373	0.00223519	0.00479389	0.00121643	0.0173403	0.029938	0.129601	0.000740266	0.00400417
110	0.10952	0.0112867	0.00102491	0.000545398	0.0795116	0.022832	0.000435799	0.171888	0.000407768	0.248927	0.0369895	0.000341975	0.00459591	0.00031434	0.00110523	0.0206276	0.0308564	0.254533	0.00260454	0.00165177
111	0.146806	0.0714681	0.000882962	0.00207715	0.0913686	0.0701793	0.00558749	0.0489291	0.00338346	0.12134	0.045863	0.00166876	0.00267966	0.00348836	0.0153085	0.185905	0.0792001	0.0770089	0.0174096	0.00944694
112	0.115996	0.0351306	0.00480746	0.00935595	0.0552543	0.0297482	0.0061898	0.113757	0.0041232	0.126563	0.0476827	0.0106614	0.0303624	0.0185016	0.0193313	0.0735563	0.0998188	0.167847	0.0116328	0.0196804
113	0.0437485	0.00820108	0.00151057	0.00106761	0.102356	0.000953526	0.000479109	0.21371	0.000592205	0.338509	0.0357895	0.000452238	0.00773991	0.000392202	0.00296574	0.0106111	0.0176768	0.202656	0.00674206	0.00384701
114	0.0619586	0.0139389	0.00720939	0.0192598	0.0300876	0.0672248	0.0777546	0.128984	0.0213247	0.0369595	0.016497	0.108013	0.00993344	0.0130517	0.0263647	0.0484544	0.0304125	0.0936417	0.00485517	0.184075
115	0.0242667	0.00122882	0.196254	0.414343	0.00513993	0.0338172	0.0236096	0.0049947	0.0400788	0.0079769	0.00224136	0.0476779	0.0112483	0.0616775	0.0387501	0.0419474	0.0155151	0.0112307	0.000489546	0.017513
116	0.0232001	0.0227698	0.00448468	0.00556103	0.0137294	0.0372086	0.0376557	0.00783972	0.15536	0.00960324	0.0124802	0.0326806	0.0111682	0.0400493	0.454299	0.0706394	0.0186272	0.0147136	0.0226149	0.00531529
117	0.0602398	0.00678025	0.00141847	0.00303796	0.104302	0.00288518	0.00233212	0.19758	0.00146484	0.278179	0.0317662	0.00222625	0.00591772	0.00173241	0.00301588	0.00986032	0.0185218	0.250946	0.00653551	0.0112585
118	0.0417499	0.00770288	0.00161793	0.000957786	0.100943	0.00122122	0.000689187	0.20911	0.000636112	0.352657	0.0365958	0.000476491	0.00736666	0.000543468	0.00277675	0.0109982	0.017583	0.196417	0.00618543	0.00377098
119	0.0502978	0.0126429	0.00825331	0.00815063	0.00649065	0.0146549	0.00783996	0.094031	0.0125987	0.0394487	0.0220805	0.00539368	0.00820542	0.00458903	0.0130677	0.0258699	0.0523849	0.601236	0.00379863	0.00896531
120	0.0244531	0.0216396	0.00474378	0.00578247	0.0136767	0.0348007	0.0358943	0.00878753	0.152018	0.01552	0.0129933	0.0359079	0.0351587	0.0378155	0.42223	0.0713871	0.0191948	0.0200775	0.0208802	0.0070383
121	0.0861494	0.0097318	0.00106638	0.000616042	0.0881862	0.0144113	0.000507782	0.183984	0.000477013	0.288863	0.0399069	0.000342705	0.00588234	0.000343547	0.00161387	0.0171368	0.0250544	0.229233	0.00405323	0.00243972
122	0.127306	0.0267461	0.0033446	0.0105554	0.0528185	0.0191225	0.00431441	0.121968	0.00202037	0.159552	0.0589091	0.00713921	0.00451927	0.010909	0.0135563	0.0584283	0.087974	0.18618	0.0185278	0.0261092
123	0.0243687	0.0221808	0.0046403	0.00565962	0.014047	0.0396922	0.0383949	0.00777682	0.154979	0.0100172	0.012331	0.0321957	0.0112368	0.0405198	0.446504	0.0740974	0.0185905	0.0153516	0.0220534	0.00536302
124	0.0232001	0.0227698	0.00448468	0.00556103	0.0137294	0.0372086	0.0376557	0.00783972	0.15536	0.00960324	0.0124802	0.0326806	0.0111682	0.0400493	0.454299	0.0706394	0.0186272	0.0147136	0.0226149	0.00531529
125	0.120561	0.00319718	0.00107412	0.00200633	0.144321	0.00308321	0.025643	0.128062	0.0110362	0.211295	0.0368928	0.00697475	0.00308373	0.00629282	0.0234232	0.00658004	0.00500025	0.127689	0.0274749	0.106309
126	0.0236147	0.0226863	0.00452871	0.00560099	0.0136063	0.0379682	0.038328	0.00780065	0.154891	0.00961678	0.0124085	0.0328888	0.0114358	0.0399962	0.451345	0.0718888	0.0187925	0.0148054	0.0222936	0.00550384
127	0.143259	0.0263522	0.0524843	0.0847262	0.0172007	0.222151	0.01129	0.0179734	0.0167812	0.0362703	0.0151743	0.029725	0.0188379	0.0395246	0.0204217	0.128784	0.064517	0.0411617	0.00307465	0.0102907
128	0.0437008	0.00749002	0.00132463	0.000885931	0.0952829	0.00144533	0.000869345	0.211997	0.000765515	0.344218	0.0419217	0.000449183	0.00965692	0.00066547	0.00264596	0.011177	0.0189024	0.195425	0.00704071	0.00413676
129	0.0319122	0.0185198	0.00610787	0.00207107	0.00409084	0.0232073	0.0023809	0.0165348	0.0153125	0.00581902	0.00440037	0.00934684	0.0295607	0.00334049	0.00689634	0.514788	0.294415	0.00758567	0.0011022	0.00260792
130	0.0866688	0.024469	0.0254349	0.0320482	0.0414148	0.0352075	0.0246291	0.0597675	0.0162628	0.0753587	0.0564957	0.0280139	0.0779064	0.0651436	0.017222	0.103094	0.124802	0.0684214	0.00667481	0.0309653
131	0.0569097	0.0128075	0.00364075	0.00375094	0.0938312	0.00989724	0.00540855	0.160572	0.00297379	0.311187	0.0572966	0.00388511	0.0217651	0.00778124	0.00511275	0.0271661	0.0384743	0.159424	0.00750553	0.0106109
132	0.0205837	0.00347979	0.0020742	0.00315387	0.00456425	0.00521329	0.0484069	0.0161216	0.043558	0.026944	0.00419376	0.00309922	0.023125	0.689187	0.0269864	0.0280529	0.0179061	0.0176676	0.00136745	0.0143153
133	0.0246715	0.0232267	0.00459043	0.00580779	0.0137522	0.038367	0.037892	0.00813336	0.153636	0.0108057	0.0126542	0.0324032	0.0115772	0.0399564	0.446063	0.0738403	0.0195913	0.0151903	0.0222047	0.0056374
134	0.060489	0.0123577	0.00110032	0.000899668	0.0226969	0.0102604	0.00208406	0.348616	0.00170303	0.0841239	0.106864	0.00314554	0.0020372	0.00261187	0.00238331	0.0141191	0.0832633	0.235085	0.000813427	0.00534608
135	0.191011	0.0220981	0.0105329	0.00569186	0.0235633	0.454375	0.00454031	0.0106268	0.00856625	0.0122561	0.0130236	0.0103518	0.0252343	0.00735497	0.0153193	0.142186	0.0220975	0.0167356	0.000959111	0.0034765
136	0.127442	0.0136237	0.000869021	0.000800326	0.0293265	0.0199914	0.00100478	0.259382	0.000761795	0.110731	0.0678152	0.00101423	0.00171534	0.001065	0.0014568	0.0131276	0.0924269	0.255114	0.000858039	0.00147406
137	0.185908	0.0223939	0.0116421	0.00913638	0.0168487	0.432412	0.00461318	0.0106425	0.0100958	0.011966	0.0135749	0.014861	0.0190006	0.00833073	0.0176492	0.162852	0.0256084	0.0176945	0.00110094	0.00366961
138	0.034267	0.0186032	0.000925735	0.00552442	0.149652	0.00444117	0.0303227	0.0852699	0.00754245	0.411454	0.101354	0.00192591	0.0039917	0.0231768	0.0161515	0.0243196	0.0185992	0.0315353	0.00750457	0.023438
139	0.146569	0.0125398	0.00106201	0.00027214	0.070094	0.0361347	0.000404628	0.145144	0.000283348	0.204036	0.0357143	0.000314144	0.0032386	0.000280549	0.000360993	0.0265003	0.0355033	0.280767	0.000256003	0.000525102
140	0.0418768	0.00810843	0.00129583	0.000865133	0.0946864	0.00193523	0.00114645	0.205048	0.000697592	0.357409	0.0414411	0.000485104	0.00718783	0.000716601	0.00253666	0.011501	0.0194726	0.193951	0.00604359	0.00359497
141	0.239695	0.0136862	0.0186963	0.0131851	0.0169274	0.0775243	0.0162359	0.0225722	0.0121558	0.0302451	0.0274239	0.0471967	0.0152253	0.0286505	0.0139962	0.235476	0.112267	0.0264656	0.0070394	0.0253359
142	0.0950818	0.0167728	0.000764871	0.000781737	0.0186704	0.0138785	0.00184701	0.313379	0.00107888	0.0760462	0.0998159	0.00186272	0.00100194	0.00186714	0.00134224	0.0106976	0.109979	0.231136	0.000575758	0.00341997
143	0.146404	0.0124323	0.00105285	0.00025281	0.0697175	0.0362364	0.000402892	0.145554	0.000283893	0.204638	0.0357925	0.000314317	0.00325256	0.000272129	0.000307068	0.0263985	0.0354297	0.280572	0.000215384	0.000471059
144	0.448286	0.0121387	0.00776139	0.00182791	0.00573612	0.137319	0.00151229	0.0121939	0.00391862	0.0127585	0.0147632	0.00809895	0.0118231	0.00515278	0.0018544	0.227583	0.0536336	0.0284624	0.000533619	0.00464261
145	0.098375	0.0201042	0.00102491	0.00196564	0.0278237	0.0158929	0.00244253	0.259254	0.00159712	0.0990107	0.100719	0.00292565	0.00201471	0.00376331	0.00337996	0.0203728	0.103979	0.226521	0.00240417	0.00642888
146	0.125559	0.0341108	0.00185305	0.00720868	0.0570285	0.0257481	0.00364704	0.124948	0.00167963	0.131262	0.0496237	0.00558728	0.00373578	0.00901164	0.0153712	0.0612799	0.0922103	0.216313	0.0144881	0.0193344
147	0.25737	0.0164094	0.00764482	0.00180401	0.00569352	0.0647546	0.0016254	0.0159024	0.00768143	0.00919093	0.010025	0.00705701	0.0235105	0.00466054	0.00526	0.429232	0.111926	0.0166738	0.000739227	0.00284069
148	0.505719	0.00796792	0.00703687	0.00480067	0.00480249	0.13097	0.00127413	0.00984531	0.00281799	0.0142589	0.0142815	0.00587369	0.0153005	0.00435281	0.00454239	0.16627	0.059162	0.0330568	0.000628477	0.00703815
149	0.0514944	0.00846605	0.000494676	0.000601881	0.053467	0.0154596	0.00636344	0.135083	0.00125585	0.441462	0.0705512	0.00171533	0.0017928	0.00334049	0.00112568	0.0181824	0.0302148	0.153702	0.00117649	0.00405017
150	0.0521139	0.00692363	0.00295402	0.00334427	0.0217762	0.0106007	0.00322592	0.171579	0.00461865	0.0989566	0.0297143	0.00578819	0.00550347	0.00212792	0.00628001	0.0133318	0.056741	0.49592	0.00194203	0.00655853
151	0.0292404	0.00155732	0.107941	0.496024	0.00550477	0.0387733	0.0250847	0.00564523	0.0394128	0.0100974	0.00198105	0.0298035	0.0107052	0.0739125	0.0377364	0.0416306	0.0184623	0.0123121	0.000752591	0.0134226
152	0.121169	0.0253597	0.00768337	0.0134439	0.0233976	0.0468647	0.00693768	0.0968864	0.0126602	0.0840799	0.0533183	0.0299008	0.0174514	0.0313441	0.0371889	0.120205	0.150029	0.0992729	0.00556452	0.0172423
153	0.0377198	0.00608591	0.00601983	0.0402431	0.0165712	0.00875617	0.0592644	0.027768	0.286142	0.00964118	0.0324133	0.0192485	0.00327685	0.0840955	0.259827	0.0190916	0.0203291	0.0222153	0.00362224	0.0376689
154	0.0397175	0.0225663	0.00624332	0.00779736	0.0151348	0.0405007	0.0357965	0.010272	0.141169	0.0128448	0.0146591	0.032112	0.0110034	0.0378075	0.43364	0.0724432	0.0213348	0.0170677	0.0205405	0.00734923
155	0.0541876	0.00984452	0.00457664	0.0231076	0.0148678	0.0144759	0.0237117	0.0176716	0.128926	0.214324	0.0641024	0.0125337	0.00640395	0.0591071	0.21319	0.0310558	0.0184916	0.0718576	0.00588933	0.0116751
156	0.112218	0.00992647	0.126549	0.0824973	0.00319099	0.035373	0.0770398	0.00375983	0.134901	0.00485684	0.020372	0.0186234	0.00159876	0.0937214	0.156116	0.0494849	0.0513453	0.0138661	0.00107052	0.00348977
157	0.0196007	0.00801303	0.0019314	0.0019623	0.0308681	0.00630575	0.00630069	0.155919	0.0139131	0.278547	0.225109	0.00306207	0.0149196	0.0154958	0.0031846	0.0177095	0.0409039	0.147939	0.00174543	0.00657021
158	0.0339903	0.0242437	0.0083944	0.00135242	0.0026774	0.0345027	0.00180057	0.0234479	0.0124228	0.00506114	0.00436036	0.00618541	0.0235516	0.00325043	0.00897138	0.611434	0.18464	0.00707913	0.000791695	0.00184258
159	0.100823	0.00772543	0.00186791	0.0039691	0.0929387	0.00881891	0.0119865	0.150564	0.00976686	0.165129	0.0351606	0.00528589	0.00365706	0.00498402	0.0110649	0.0129679	0.0231217	0.291088	0.0170185	0.0420621
160	0.0374327	0.0235547	0.000631688	0.00103792	0.268724	0.00538108	0.0103846	0.0551305	0.00141526	0.393947	0.0693518	0.000988129	0.00647824	0.00701321	0.00457111	0.0202597	0.00976938	0.0341355	0.0152109	0.0345829
161	0.104902	0.00641591	0.00183486	0.00328621	0.0995231	0.00541676	0.0230687	0.126128	0.00850748	0.179283	0.0342958	0.00712325	0.00398761	0.00694945	0.0160703	0.0112642	0.0149013	0.146401	0.122472	0.0781687
162	0.0261097	0.00757171	0.000312299	0.000521203	0.0480179	0.00854536	0.00775813	0.134067	0.00241488	0.483092	0.0956339	0.0014615	0.00218007	0.00533511	0.00136977	0.0162321	0.0281573	0.127011	0.000740116	0.00346828
163	0.145878	0.0124184	0.00104664	0.000254452	0.0690881	0.0361196	0.000413916	0.146599	0.000286088	0.203755	0.0361513	0.000315111	0.00322489	0.000276036	0.000311024	0.0262088	0.0362611	0.280694	0.000216197	0.000481868
164	0.0660567	0.0172375	0.00716833	0.00679115	0.0444264	0.0196266	0.0108431	0.130209	0.00954807	0.144602	0.0801565	0.0102899	0.153386	0.014346	0.0113115	0.0439688	0.0476141	0.161048	0.00858763	0.0127818
165	0.0301679	0.00481514	0.0035389	0.00619136	0.00551775	0.00829326	0.0452452	0.0168607	0.0428919	0.0323535	0.00629973	0.0052628	0.027544	0.636857	0.0254059	0.0417599	0.0249338	0.0202413	0.00171793	0.0141024
166	0.00352266	0.00126083	0.00476331	0.0048089	0.29728	0.00193904	0.0231027	0.0103358	0.00493228	0.0528202	0.00995811	0.00111319	0.000848214	0.00444018	0.00124784	0.0270049	0.0139691	0.0199547	0.0148919	0.501806
167	0.145753	0.0131618	0.0013536	0.000481791	0.071409	0.034784	0.000705391	0.143636	0.000381276	0.200941	0.0360001	0.000522844	0.00321733	0.000641608	0.000719913	0.0268726	0.036198	0.280932	0.000726099	0.00156253
168	0.0357889	0.00708052	0.000731938	0.000581757	0.0752842	0.00481293	0.00333614	0.175097	0.000989618	0.423836	0.0587067	0.000790825	0.00514862	0.00194083	0.00176596	0.0138912	0.0211467	0.161621	0.00394996	0.00349962
169	0.0269297	0.00839246	0.00032859	0.000374467	0.0504377	0.00843488	0.00834264	0.139018	0.00200057	0.472677	0.0927577	0.00144051	0.00201786	0.0045885	0.00126166	0.0165903	0.0288942	0.130815	0.000887468	0.00381127
170	0.149593	0.0205061	0.00941884	0.00588833	0.0192369	0.481515	0.00437611	0.011243	0.0126742	0.0113961	0.0135595	0.0139598	0.0332376	0.0074392	0.0241665	0.144006	0.0188287	0.0146261	0.0012312	0.00309813
171	0.14168	0.0126824	0.00124653	0.000563136	0.060939	0.0351042	0.00087091	0.150056	0.000744248	0.183869	0.0390178	0.000657875	0.00312311	0.000485855	0.00131707	0.0260072	0.0409267	0.298463	0.000966324	0.00127993
172	0.449502	0.0112583	0.0071481	0.00158422	0.00471163	0.15139	0.00137712	0.0105754	0.00326633	0.0113648	0.013711	0.0060625	0.0107439	0.00519506	0.00194553	0.229626	0.0497058	0.0264614	0.000431218	0.00393869
173	0.0442361	0.00291323	0.124028	0.406165	0.00574522	0.0586872	0.0246306	0.00675317	0.0606839	0.0113084	0.00337223	0.0246631	0.0102725	0.0687059	0.0382282	0.0384266	0.0239066	0.0267456	0.0012479	0.0192805
174	0.295165	0.0236848	0.0031234	0.002515	0.0196203	0.135483	0.0036958	0.0871579	0.00340562	0.059753	0.0373261	0.00287088	0.00425664	0.0027532	0.00634013	0.0166197	0.0469179	0.241462	0.00338959	0.00445932
175	0.0433644	0.0219896	0.000848256	0.00112513	0.264676	0.0063914	0.00824467	0.0742369	0.0014097	0.364339	0.0589273	0.0010068	0.00640385	0.00628708	0.00378793	0.0207411	0.0147247	0.0599848	0.0126181	0.0288924
176	0.0492785	0.00969254	0.00660643	0.00705435	0.00564272	0.0178874	0.00704993	0.0992262	0.0105758	0.0380488	0.0207584	0.00758172	0.00991526	0.0040418	0.0120958	0.0243223	0.0535838	0.606412	0.00328693	0.00693937
177	0.418693	0.0111185	0.00933268	0.00407566	0.00650895	0.200659	0.00230817	0.00895576	0.00329843	0.0117499	0.0121924	0.00595565	0.0128303	0.00625561	0.0030915	0.205105	0.0483209	0.025093	0.000596624	0.00385837
178	0.0552705	0.0106121	0.00292902	0.0265329	0.0683735	0.00652901	0.0597302	0.0857382	0.0277783	0.34405	0.0967338	0.00488626	0.00485112	0.0725242	0.035779	0.0344759	0.0298843	0.0200406	0.00246513	0.0108162
179	0.109775	0.02339	0.0120176	0.0175298	0.0378457	0.0248844	0.0109666	0.110528	0.00708624	0.135372	0.0573659	0.0197913	0.0189268	0.0300668	0.0170489	0.0784087	0.109228	0.135246	0.0149006	0.0296216
180	0.0287124	0.00128262	0.107669	0.508903	0.00483178	0.0359399	0.0263753	0.00514337	0.0407487	0.01034	0.0017177	0.024767	0.0103957	0.0759807	0.037937	0.0375265	0.0170438	0.0117983	0.000489169	0.0123979
181	0.0363468	0.0197963	0.00130338	0.00136762	0.300269	0.00468267	0.0105406	0.0524113	0.00196271	0.330136	0.0546666	0.00137619	0.00628871	0.00665066	0.0044495	0.0205154	0.0100281	0.0377143	0.0148636	0.0846305
182	0.0471423	0.0222548	0.000730968	0.00115438	0.213321	0.00824427	0.00814496	0.0906976	0.00185868	0.368389	0.0652091	0.00119131	0.00585463	0.00631184	0.00420919	0.0246759	0.0181536	0.0762288	0.0115479	0.02468
183	0.069898	0.0106527	0.00571097	0.045847	0.0473007	0.0246354	0.0905539	0.100013	0.0496906	0.064622	0.021062	0.113047	0.00663825	0.0135259	0.0608705	0.0515087	0.0298234	0.0438564	0.00506754	0.145676
184	0.093764	0.0154195	0.107661	0.168613	0.00457682	0.188681	0.00275066	0.00364623	0.00387052	0.00645503	0.00490028	0.0910305	0.00189295	0.0175356	0.0227254	0.171996	0.0812535	0.00873492	0.00117293	0.00332008
185	0.0269205	0.00125676	0.097382	0.476138	0.0059015	0.0307726	0.0256218	0.00555918	0.0416314	0.0155959	0.00192098	0.0249762	0.0105526	0.106806	0.0458903	0.037611	0.0179905	0.0146513	0.000667905	0.0121532
186	0.28378	0.0536635	0.00323382	0.00181689	0.0512713	0.0746005	0.0044907	0.0296648	0.00307706	0.0589221	0.0436593	0.00564718	0.00658412	0.00374409	0.00722232	0.248755	0.0549881	0.0532325	0.00548877	0.00615747
187	0.188537	0.0115968	0.023881	0.0108976	0.00715954	0.0403401	0.0044519	0.0145948	0.0101696	0.0209668	0.00773932	0.00980918	0.284991	0.0154435	0.0176492	0.221263	0.0730012	0.0278481	0.00256382	0.00709619
188	0.0268212	0.00121495	0.143744	0.458288	0.0049249	0.0350046	0.0260792	0.00540177	0.0443029	0.00899317	0.00146487	0.0316073	0.0127272	0.0716137	0.0409915	0.041056	0.0166854	0.012282	0.000505741	0.0162916
189	0.108186	0.0149954	0.0807965	0.146729	0.00509858	0.191329	0.00382663	0.00476306	0.00434293	0.00896795	0.00516354	0.0751707	0.00293573	0.0206153	0.0225317	0.191111	0.0962267	0.0104887	0.00225237	0.00446928
190	0.0403513	0.0136512	0.00108198	0.00487295	0.111807	0.00483119	0.0218518	0.115151	0.00727452	0.394831	0.100738	0.00207767	0.00431731	0.0186069	0.0157121	0.0215367	0.0272387	0.0736739	0.0054606	0.0149344
191	0.0239837	0.0186731	0.00443208	0.00983807	0.0132991	0.0310718	0.0406615	0.0100837	0.207921	0.00921977	0.0139613	0.033624	0.00923876	0.0448002	0.402908	0.0648957	0.0189378	0.0153321	0.0182197	0.00889832
192	0.137036	0.0182779	0.0279142	0.0256336	0.0175957	0.067185	0.018927	0.0372731	0.0180295	0.0443563	0.023114	0.0437802	0.0250388	0.0382699	0.0281662	0.215738	0.143904	0.04033	0.0084678	0.0209624
