216	20
1	0.308708	0.05548	0.0172426	0.0825312	0.00854942	0.0424174	0.0186978	0.021773	0.0151393	0.00721287	0.00516749	0.00487299	0.115	0.0400299	0.00386884	0.225277	0.0154466	0.00848276	0.00113915	0.00296412
2	0.0532723	0.0191734	0.000609662	0.00135829	0.0237886	0.00787917	0.0148658	0.233539	0.00384234	0.271388	0.0620784	0.00203349	0.0141602	0.00375749	0.00190682	0.00893259	0.0346439	0.232734	0.00151304	0.0085227
3	0.08927	0.0668968	0.00152467	0.00188803	0.0059025	0.0182261	0.00306228	0.25507	0.00398475	0.0290791	0.0306047	0.0265296	0.00169259	0.0192417	0.00353467	0.103533	0.0891606	0.234781	0.000881443	0.0151364
4	0.0883009	0.00741846	0.00263102	0.0339916	0.0268403	0.00655782	0.00497324	0.0100639	0.00450985	0.0797811	0.0274082	0.00628813	0.250053	0.00647757	0.031727	0.0562647	0.221433	0.128726	0.00180489	0.00475048
5	0.0655492	0.00554142	0.000562546	0.000731212	0.00127043	0.00125822	0.00105167	0.0150288	0.000848422	0.0214207	0.00563619	0.00126045	0.80924	0.00977668	0.00194031	0.0390762	0.0123484	0.00618168	0.000325835	0.000952124
6	0.0251649	0.0105205	0.000274067	0.000924882	0.0184181	0.00122779	0.00504654	0.280059	0.00281524	0.284481	0.0695852	0.00164083	0.00418032	0.00162763	0.00113889	0.00540779	0.0156755	0.26326	0.00117875	0.00737226
7	0.0188586	0.0616169	0.0268945	0.0323314	0.0859004	0.00793802	0.0940636	0.0448494	0.00687829	0.0138036	0.00829672	0.0105626	0.00420141	0.0118707	0.00746558	0.115629	0.164324	0.14787	0.00202927	0.134616
8	0.0209846	0.0111042	0.0014509	0.00810439	0.0273067	0.0158329	0.0256228	0.0234506	0.00962409	0.306106	0.21551	0.0376176	0.0017553	0.0690274	0.0169611	0.0436277	0.129432	0.0229336	0.00498122	0.00856723
9	0.504671	0.00540345	0.00191911	0.00283528	0.00590291	0.100836	0.00190925	0.0128507	0.00199445	0.00403969	0.00257386	0.00288349	0.0123667	0.00243075	0.00150911	0.292066	0.0369423	0.00483481	0.000592959	0.00143786
10	0.0911348	0.0117154	0.00938057	0.00158849	0.00243459	0.0170222	0.00347978	0.0206229	0.00181	0.00431856	0.00222034	0.0105656	0.00573452	0.00221192	0.00170445	0.613515	0.172189	0.0256435	0.000753897	0.00195511
11	0.138871	0.0257339	0.00444636	0.00299982	0.0130313	0.0257503	0.00855412	0.108193	0.013693	0.0455515	0.0117151	0.0548979	0.00379164	0.0113381	0.00648785	0.19007	0.2674	0.0514309	0.00680763	0.0092372
12	0.0498059	0.0349173	0.0191317	0.0167911	0.0637174	0.0212745	0.0694173	0.0382074	0.0144517	0.061548	0.0185666	0.0886878	0.00971435	0.0324715	0.0230929	0.0706545	0.0450987	0.0317791	0.00654589	0.284126
13	0.0908262	0.0100616	0.0051512	0.000914222	0.00156105	0.0206319	0.00332012	0.0218663	0.00122587	0.00277471	0.00163691	0.0118773	0.00651472	0.00143612	0.000992154	0.628946	0.170285	0.0183477	0.000557924	0.00107364
14	0.0445185	0.0115657	0.0125279	0.0439721	0.00744451	0.010597	0.0201271	0.0234198	0.286448	0.0712916	0.0122968	0.0209775	0.00188567	0.0638212	0.247431	0.0378517	0.0475338	0.0215657	0.00474379	0.0099808
15	0.105721	0.0855617	0.0169852	0.00303	0.0275654	0.12202	0.00339099	0.0959554	0.0211315	0.0540856	0.027525	0.0378754	0.00260454	0.00382098	0.0213806	0.198112	0.103602	0.00795184	0.0161481	0.0455331
16	0.122392	0.0395021	0.0585311	0.0039092	0.00370956	0.288714	0.0133431	0.00567187	0.0043287	0.0369337	0.00304977	0.0974492	0.00232023	0.0279717	0.00851589	0.224767	0.0517274	0.00416794	0.000874294	0.00212069
17	0.0293769	0.0108135	0.000879995	0.00150662	0.189632	0.00186212	0.0114666	0.0656055	0.00475631	0.483028	0.0387986	0.00298475	0.00888352	0.0048558	0.00192622	0.0174556	0.00791914	0.0522607	0.0260549	0.0399324
18	0.125227	0.0104563	0.0828029	0.333021	0.00493343	0.0151457	0.00930253	0.0288279	0.0617866	0.0285081	0.0099352	0.0407602	0.00448645	0.1159	0.0311176	0.0430368	0.0274422	0.0225104	0.0011663	0.00363396
19	0.0361593	0.00128704	0.0301219	0.155756	0.00403077	0.0133926	0.035158	0.00718372	0.190379	0.0147508	0.0103856	0.0736627	0.000439256	0.117159	0.185711	0.0406436	0.0664711	0.0160545	0.0002445	0.00101051
20	0.186673	0.043808	0.00160671	0.00393382	0.00894453	0.041633	0.00562445	0.132514	0.0314835	0.104187	0.0118898	0.0355957	0.0063637	0.0256226	0.0101218	0.115103	0.0701558	0.154794	0.00141694	0.00852857
21	0.0081476	0.00688736	0.000274774	0.000414548	0.0116697	0.000691285	0.00147497	0.286064	0.000854012	0.291936	0.0339414	0.00398944	0.000531584	0.00063175	0.000429818	0.00601512	0.0144397	0.328926	0.000249401	0.00243154
22	0.188561	0.0891634	0.0121678	0.0225596	0.012562	0.0689648	0.00367746	0.0666445	0.0389166	0.0330637	0.0197706	0.0214277	0.00372037	0.0118001	0.0321369	0.248753	0.0811102	0.0228251	0.00575674	0.0164196
23	0.201959	0.0611583	0.0156777	0.0523827	0.00399592	0.0234919	0.00316449	0.0384681	0.0471068	0.0185425	0.0245992	0.00429353	0.00449877	0.0191844	0.0319406	0.34472	0.067781	0.0329293	0.00109353	0.00301274
24	0.0295525	0.022448	0.000336961	0.00145228	0.0176042	0.00180911	0.00573701	0.203928	0.0039891	0.42181	0.0675637	0.00134561	0.00573935	0.00249696	0.00220705	0.00968845	0.0227068	0.169229	0.0022045	0.00815163
25	0.0882032	0.00307028	0.286474	0.263847	0.0031148	0.0228126	0.0186187	0.00528509	0.044926	0.0162048	0.00436586	0.0502352	0.00531673	0.0546146	0.0247541	0.0600813	0.0236799	0.0171999	0.00034166	0.00685424
26	0.493112	0.0824952	0.00143746	0.00371685	0.00699883	0.0344768	0.00598877	0.0114932	0.00274418	0.0235535	0.00512727	0.00387981	0.00195218	0.00600263	0.00185049	0.0669729	0.0837713	0.160882	0.00099596	0.0025483
27	0.0339999	0.0023483	0.00076156	0.00765935	0.526463	0.00183767	0.0106349	0.0181168	0.00131915	0.0417938	0.0374638	0.00848499	0.000827368	0.00448562	0.00774203	0.00465764	0.0665705	0.0220608	0.0547943	0.147978
28	0.519456	0.00347822	0.00170432	0.00212702	0.0058236	0.109858	0.00192502	0.00909255	0.00154761	0.00387789	0.0022568	0.00224909	0.0134538	0.002137	0.00128734	0.292604	0.0213008	0.00344374	0.000739877	0.00163842
29	0.0393272	0.00728165	0.00324087	0.00123475	0.0019591	0.00888285	0.00276221	0.015546	0.00394263	0.00470014	0.00251873	0.012699	0.00964817	0.0022444	0.00146957	0.454399	0.415125	0.00956352	0.00125657	0.0021992
30	0.0421008	0.0185071	0.0170637	0.00766829	0.00709719	0.597792	0.00621098	0.00885712	0.00524615	0.0144951	0.00654331	0.0524712	0.0146295	0.00887991	0.00548549	0.131368	0.0404051	0.0092724	0.00156447	0.00434155
31	0.0613636	0.00683677	0.457939	0.0906261	0.00370028	0.0412817	0.0210591	0.00758073	0.026858	0.0121596	0.00412802	0.0594615	0.0029385	0.0147717	0.00949023	0.111662	0.0359836	0.0189449	0.00104142	0.0121733
32	0.0365262	0.00129413	0.0301371	0.155979	0.00402715	0.0134175	0.0350157	0.00733662	0.190238	0.0149034	0.0103685	0.0735202	0.000451382	0.117098	0.18525	0.0406056	0.0664114	0.0161531	0.000244813	0.00102131
33	0.0217361	0.00537315	0.000452841	0.000597559	0.00714577	0.00102681	0.00109002	0.307383	0.000565872	0.143822	0.0774008	0.00174053	0.000930866	0.00080315	0.00068804	0.00467356	0.00811409	0.414819	0.00032023	0.00131734
34	0.0126391	0.00642229	0.00024602	0.000428076	0.00743007	0.000588988	0.000438765	0.334471	0.000392925	0.147712	0.0302843	0.00157106	0.000518992	0.000506024	0.000417341	0.00188885	0.00499283	0.448041	0.000205499	0.000804417
35	0.191576	0.36967	0.00187855	0.00213511	0.0158977	0.00326681	0.00275978	0.0433946	0.0119061	0.0305042	0.015659	0.00344379	0.00174018	0.00320411	0.00273774	0.220052	0.0208751	0.055255	0.0011817	0.00286183
36	0.0486199	0.0165814	0.00529837	0.00521574	0.0125703	0.0173427	0.00690924	0.0853773	0.00837638	0.0219566	0.0108964	0.104393	0.00650804	0.00906296	0.00662252	0.216566	0.362449	0.0166074	0.0294818	0.00916514
37	0.0269053	0.0452938	0.0187096	0.0155016	0.0302423	0.0209729	0.141534	0.0407122	0.0198969	0.00979102	0.0204123	0.101648	0.0178423	0.127185	0.0360405	0.10227	0.0409744	0.0535355	0.00136858	0.129164
38	0.0485554	0.001672	0.0337261	0.155709	0.0039156	0.0140146	0.0320837	0.0105054	0.185602	0.0182737	0.0103181	0.0689249	0.000632938	0.111567	0.180744	0.0406241	0.064105	0.0171168	0.000255641	0.00165424
39	0.0186431	0.00949351	0.00101536	0.0012921	0.256342	0.00167155	0.0236457	0.0524029	0.00890086	0.391472	0.0467138	0.00382272	0.00370906	0.00817381	0.00193094	0.0282676	0.00995784	0.0364174	0.020787	0.0753405
40	0.0229831	0.012101	0.000897224	0.00118767	0.272027	0.00152234	0.0140862	0.0715537	0.00506722	0.407086	0.0476919	0.00310295	0.00405429	0.00477967	0.00138351	0.0209519	0.0067988	0.0369651	0.0222441	0.0435172
41	0.0121154	0.0115332	0.000576387	0.00102369	0.0177801	0.00133441	0.00244603	0.0711006	0.00164988	0.637916	0.15005	0.00104702	0.00149682	0.0060006	0.00118161	0.00537315	0.00559439	0.0671026	0.00160278	0.00307562
42	0.0126391	0.00642229	0.00024602	0.000428076	0.00743007	0.000588988	0.000438765	0.334471	0.000392925	0.147712	0.0302843	0.00157106	0.000518992	0.000506024	0.000417341	0.00188885	0.00499283	0.448041	0.000205499	0.000804417
43	0.0327115	0.00507447	0.000713718	0.00802891	0.387513	0.001587	0.0184736	0.0383478	0.00331639	0.169131	0.0422578	0.00889537	0.00179374	0.00709549	0.00815837	0.0120022	0.0228482	0.0210708	0.0681962	0.142784
44	0.0360416	0.014967	0.000233777	0.00106282	0.0260333	0.001543	0.00696838	0.252159	0.00353934	0.328563	0.0686045	0.000897524	0.00650637	0.00227947	0.00128381	0.00566515	0.0216498	0.210108	0.00162641	0.0102678
45	0.0943355	0.0135688	0.117508	0.325756	0.0077738	0.0214172	0.0160231	0.0129277	0.069576	0.0235441	0.00766577	0.0405556	0.00579202	0.0794302	0.0467857	0.0557288	0.0304904	0.0240837	0.00147668	0.00556064
46	0.00722288	0.00515505	0.00102389	0.00107711	0.00202654	0.0018675	0.00146591	0.0138378	0.00569011	0.0033106	0.00207326	0.0133113	0.0122552	0.00187136	0.00129914	0.321295	0.598334	0.00348621	0.00195194	0.00144464
47	0.0643358	0.00889237	0.00123499	0.0039156	0.00893409	0.00418503	0.00358419	0.0297933	0.00308309	0.0725781	0.0118813	0.00397878	0.67655	0.0104001	0.0053618	0.0400153	0.0238043	0.0204724	0.00177357	0.00522603
48	0.078994	0.00894434	0.00420087	0.000975103	0.00157353	0.0151106	0.00271792	0.0216382	0.00166244	0.00265705	0.00160226	0.0111912	0.00676775	0.00138648	0.000890278	0.581905	0.240753	0.0151577	0.00088159	0.00099029
49	0.0596272	0.0221829	0.0451484	0.0154927	0.0113323	0.380812	0.011478	0.0129601	0.0117849	0.023519	0.0101502	0.115481	0.0113445	0.0176101	0.0111872	0.151178	0.0643866	0.0131315	0.00205516	0.00913806
50	0.0656059	0.0058123	0.000903743	0.000844426	0.00271167	0.00220876	0.0013983	0.0151885	0.00124709	0.0216097	0.00589663	0.00182835	0.799475	0.0100835	0.00207889	0.0410017	0.0137954	0.00645078	0.000383245	0.00147647
51	0.0167569	0.020705	0.00230631	0.00592194	0.0140086	0.0365767	0.0140055	0.0122886	0.00535083	0.277212	0.211974	0.0564054	0.00250863	0.0431601	0.0218126	0.0435765	0.193275	0.0154388	0.00240644	0.00430919
52	0.00675745	0.0105993	0.000658178	0.000994172	0.0288142	0.00133371	0.00243252	0.0239415	0.000941627	0.68928	0.174875	0.00115315	0.00077259	0.0101823	0.000914402	0.00302121	0.00260804	0.0393609	0.000379139	0.000980772
53	0.0362347	0.0050267	0.0111196	0.0287505	0.00314882	0.00941573	0.0176978	0.0104586	0.323453	0.0218518	0.00257338	0.0124033	0.000960528	0.0792727	0.32834	0.040322	0.0528531	0.0045191	0.00200408	0.00959504
54	0.0120978	0.00632759	0.000256979	0.000416169	0.00733029	0.000586528	0.000664499	0.329696	0.000599148	0.162847	0.0314307	0.00178542	0.000459753	0.000586348	0.000413205	0.00235219	0.00556025	0.435568	0.000193937	0.000828286
55	0.070667	0.0399404	0.000858758	0.000894274	0.011823	0.00324907	0.00323806	0.32178	0.00092576	0.146216	0.0328731	0.00185463	0.0138771	0.00219381	0.00101961	0.00533409	0.042046	0.290536	0.000624704	0.0100476
56	0.0098963	0.015723	0.000480344	0.00589593	0.0182937	0.00135871	0.0105071	0.247534	0.0176317	0.418732	0.0489872	0.00132027	0.01352	0.00728157	0.00830639	0.0102944	0.0154905	0.125862	0.00535218	0.017532
57	0.0098703	0.00789568	0.000902454	0.00134628	0.0215461	0.00193941	0.00286227	0.180645	0.00193308	0.30114	0.0263579	0.00442133	0.00213063	0.00199596	0.00142674	0.0201188	0.0395546	0.369889	0.000871571	0.00315202
58	0.234002	0.0338315	0.00153396	0.00258307	0.0318313	0.00746472	0.00371847	0.0477302	0.00212695	0.0448724	0.0526654	0.00490452	0.0032178	0.00493747	0.00252863	0.0165988	0.00919036	0.492807	0.00117899	0.00227665
59	0.12265	0.0552387	0.00172133	0.00223168	0.0119545	0.00845157	0.00256525	0.305927	0.00248146	0.0698715	0.0252701	0.00573919	0.00552693	0.00501817	0.00241326	0.0190522	0.0297125	0.307209	0.00126534	0.0157003
60	0.0466916	0.00488987	0.477741	0.103669	0.00508513	0.0265722	0.0276686	0.00733865	0.0250813	0.0116004	0.00478981	0.0712401	0.004137	0.0184404	0.0112295	0.0818822	0.0403999	0.0146167	0.000774574	0.0161516
61	0.0653674	0.013898	0.0246807	0.00791817	0.0103285	0.0557168	0.0121366	0.0196536	0.00924692	0.0116542	0.00571577	0.105253	0.00698214	0.014656	0.00983097	0.396418	0.204268	0.0126654	0.00424851	0.00936046
62	0.06005	0.0457361	0.00769847	0.0135074	0.00636078	0.0201714	0.00552061	0.02741	0.0327247	0.0150857	0.00954655	0.0181438	0.0088793	0.0100775	0.00942092	0.310154	0.375237	0.0162603	0.00250892	0.00550604
63	0.034574	0.00192829	0.000753568	0.0097179	0.50994	0.00181727	0.0132342	0.0226693	0.00151012	0.0441702	0.043937	0.00992752	0.000805504	0.00557254	0.00917178	0.00458967	0.0496545	0.0183829	0.0662435	0.1514
64	0.298624	0.0536487	0.00209556	0.00265109	0.0172793	0.0368783	0.00355171	0.0445424	0.0032461	0.18405	0.0978913	0.0217261	0.0123394	0.0245508	0.00260226	0.0844644	0.0125752	0.0930162	0.00110321	0.00316449
65	0.00796373	0.00514637	0.00109583	0.001054	0.00205957	0.00215773	0.00150943	0.0140181	0.0055716	0.00332075	0.00211008	0.013831	0.0125672	0.00186246	0.00141237	0.323652	0.593388	0.00366011	0.0019621	0.00165715
66	0.0655492	0.00554142	0.000562546	0.000731212	0.00127043	0.00125822	0.00105167	0.0150288	0.000848422	0.0214207	0.00563619	0.00126045	0.80924	0.00977668	0.00194031	0.0390762	0.0123484	0.00618168	0.000325835	0.000952124
67	0.0545983	0.0236073	0.00115753	0.00181511	0.200251	0.00699899	0.0121164	0.107356	0.00472514	0.333475	0.0450138	0.0049837	0.00903564	0.00554361	0.00194867	0.02413	0.0129872	0.0737936	0.0252452	0.0512187
68	0.0119369	0.0424627	0.00691196	0.00347017	0.0881416	0.00416578	0.0164799	0.154427	0.0196743	0.333669	0.0194762	0.0916292	0.00295397	0.00466628	0.0160107	0.0174424	0.0284273	0.0456376	0.00302097	0.089396
69	0.0562572	0.0982963	0.00952169	0.0192253	0.144848	0.0273207	0.0256455	0.0362259	0.0134089	0.0377579	0.0410757	0.0285554	0.0097681	0.135527	0.013304	0.121082	0.113229	0.0374828	0.00728446	0.0241842
70	0.0345152	0.00175582	0.0261286	0.130547	0.00364177	0.0119353	0.0321893	0.00732203	0.207996	0.0149957	0.00878989	0.0647038	0.000499808	0.114211	0.218113	0.0408068	0.0654214	0.0137095	0.000339091	0.00237842
71	0.0654396	0.00585797	0.000593372	0.00113883	0.00189115	0.00167444	0.00123774	0.0155501	0.00122781	0.023401	0.00603023	0.00137772	0.797752	0.00970244	0.00283669	0.0390148	0.0154334	0.00838155	0.000353923	0.00110556
72	0.0126185	0.0180361	0.00115605	0.00492216	0.0230258	0.00329462	0.0120133	0.227094	0.0219468	0.427718	0.0560299	0.0046038	0.00786917	0.00679103	0.00747573	0.0232589	0.0155936	0.107156	0.00440258	0.0149927
73	0.117373	0.00248022	0.198273	0.286724	0.00273269	0.0194958	0.011406	0.0105229	0.0495938	0.028781	0.00417326	0.0401351	0.00729646	0.0669735	0.0319453	0.0750605	0.0249497	0.019395	0.000302904	0.00238688
74	0.019302	0.00914732	0.00099127	0.00153325	0.25739	0.00164478	0.0241607	0.0513048	0.00781655	0.394421	0.0470705	0.0035612	0.00375542	0.00762112	0.00181233	0.0280261	0.0106138	0.0343043	0.0229238	0.0725998
75	0.0480489	0.0207168	0.0187116	0.00699457	0.0118624	0.499564	0.00874473	0.0159433	0.0062311	0.0214669	0.0111465	0.0517642	0.0163752	0.0116561	0.00719233	0.134669	0.0830323	0.0147466	0.00220667	0.00892642
76	0.429494	0.0293903	0.0014873	0.00413767	0.0378981	0.0507129	0.0182024	0.0818997	0.00300517	0.0452079	0.0272566	0.00605634	0.00543471	0.0126339	0.00234417	0.0569062	0.0354966	0.146831	0.00175784	0.00384741
77	0.028054	0.00561262	0.516942	0.0540475	0.00431533	0.0268095	0.0439133	0.00649677	0.015728	0.00715983	0.00363333	0.0869567	0.00338371	0.00730329	0.00559202	0.090704	0.0608346	0.0112321	0.00101392	0.0202677
78	0.0343898	0.0116144	0.00025344	0.000654577	0.0206205	0.00143164	0.00419074	0.281835	0.00159903	0.261344	0.0698482	0.00134954	0.00430409	0.00123413	0.000675214	0.00374829	0.0179868	0.274276	0.000879885	0.00776448
79	0.13161	0.0646916	0.00715275	0.0104804	0.00469861	0.0162778	0.00357997	0.0522751	0.0117072	0.0134865	0.0105772	0.00900149	0.00372718	0.00630618	0.00782949	0.460209	0.118946	0.0632309	0.00126096	0.0029522
80	0.0495827	0.0196453	0.000305578	0.000759329	0.031871	0.00223538	0.00584068	0.235425	0.0016357	0.265898	0.0760347	0.0018516	0.00711982	0.00218024	0.000885225	0.00644369	0.0334147	0.248111	0.0011409	0.00961905
81	0.0236393	0.060887	0.0149663	0.0247203	0.0244534	0.0166533	0.162339	0.0324138	0.0152336	0.0124754	0.0176865	0.11074	0.013664	0.114215	0.0269449	0.103702	0.0491584	0.0546033	0.00143584	0.120068
82	0.101692	0.0205352	0.0110903	0.0108694	0.00693961	0.0403776	0.00825768	0.0261221	0.00833181	0.0155068	0.00713323	0.0257523	0.0142039	0.00972868	0.00631833	0.507458	0.149178	0.0235751	0.00145218	0.00547814
83	0.281739	0.0171458	0.00302149	0.00516745	0.016157	0.153145	0.0112216	0.116251	0.00541335	0.131278	0.0397252	0.00713846	0.00489798	0.010105	0.00351728	0.0334088	0.0582579	0.0961287	0.00171699	0.00456462
84	0.0147826	0.00568131	0.00150222	0.00107967	0.00189314	0.00322726	0.00155915	0.0140148	0.00535523	0.0032065	0.00203987	0.0127421	0.0112986	0.00193001	0.00127142	0.355543	0.555012	0.00461922	0.00181107	0.00143082
85	0.0467677	0.00573584	0.0143724	0.0509923	0.00475026	0.00804788	0.0210419	0.0109592	0.3332	0.0269813	0.00588753	0.0231919	0.00115335	0.070664	0.266181	0.0437156	0.0442799	0.0112338	0.00481564	0.00602853
86	0.0224799	0.0107016	0.00158998	0.00286454	0.262545	0.00436197	0.0221054	0.0527084	0.00783299	0.364354	0.043142	0.00588664	0.00379121	0.0076017	0.00340411	0.0321194	0.0126786	0.0341718	0.020701	0.0849592
87	0.0120861	0.0150786	0.000498208	0.00302874	0.0147627	0.00142933	0.00929583	0.251433	0.0112247	0.438974	0.0615512	0.00146714	0.00688487	0.00457125	0.00422554	0.014097	0.0131361	0.122617	0.00307384	0.0105652
88	0.0268355	0.0152814	0.0192621	0.00198073	0.0029097	0.640389	0.00401047	0.00415211	0.002067	0.0100675	0.00313776	0.0612472	0.0134514	0.00622526	0.00334529	0.140973	0.0377653	0.00413981	0.00096271	0.00179719
89	0.0501549	0.0187131	0.0172768	0.00420616	0.00997529	0.579733	0.00772003	0.0108463	0.00470277	0.0179709	0.00684976	0.0529999	0.0130174	0.0101304	0.00572833	0.128823	0.042573	0.0105332	0.00127113	0.00677496
90	0.0581948	0.0302374	0.0234793	0.0517808	0.026946	0.0228147	0.163624	0.037987	0.0462917	0.0531563	0.033956	0.0548222	0.0137786	0.105952	0.0521124	0.0768025	0.0491543	0.0413318	0.003487	0.0540911
91	0.0760288	0.014722	0.0761878	0.0119113	0.00586803	0.150735	0.00985199	0.00559828	0.0122016	0.0160145	0.00365604	0.128728	0.00642678	0.0295132	0.0136128	0.274029	0.14952	0.00629555	0.000946025	0.00815309
92	0.0794563	0.00659913	0.225243	0.186523	0.00816236	0.0273039	0.0216827	0.0123243	0.0766467	0.0247474	0.00802239	0.0496795	0.00546564	0.0561338	0.0767451	0.0658695	0.0372125	0.021244	0.000956552	0.00998275
93	0.0610645	0.0188459	0.000412769	0.000494286	0.0183628	0.00211121	0.00389431	0.24802	0.000541209	0.203606	0.0663086	0.00165208	0.00725416	0.00110539	0.000625059	0.00474112	0.0322951	0.323733	0.000415507	0.00451679
94	0.0105685	0.00866104	0.000297741	0.000415174	0.0110686	0.000800346	0.00135792	0.276423	0.000771266	0.280753	0.0328779	0.00463221	0.000945986	0.00061831	0.000401602	0.00642051	0.0174892	0.343313	0.000220614	0.00196393
95	0.178163	0.055958	0.00575317	0.00714434	0.0539885	0.181553	0.00813382	0.0763314	0.00735612	0.121946	0.0750864	0.0154657	0.00717757	0.0103142	0.00744052	0.0950394	0.0351351	0.038651	0.00385153	0.0155111
96	0.0420091	0.0169468	0.0165834	0.00680627	0.00634906	0.608191	0.00488092	0.00885816	0.0038735	0.0140918	0.00539399	0.053589	0.0144944	0.00670434	0.00450456	0.132296	0.0400561	0.00935996	0.00119079	0.00382138
97	0.344501	0.0487639	0.00125325	0.00176451	0.0354952	0.0452247	0.00746536	0.0885905	0.002189	0.10109	0.0695807	0.011038	0.0133225	0.0153612	0.00153336	0.084134	0.0233154	0.101305	0.00137347	0.00269859
98	0.0647977	0.0168872	0.000376621	0.000502467	0.0173177	0.00209064	0.00361801	0.244423	0.000532463	0.204871	0.0619928	0.00158741	0.00738578	0.00105587	0.000686778	0.00396793	0.0307665	0.332837	0.000377412	0.00392606
99	0.0902034	0.089655	0.00155606	0.00236102	0.00546461	0.0106086	0.00282812	0.201614	0.0022371	0.0325645	0.0505727	0.0134384	0.00184763	0.0107516	0.00237526	0.0912861	0.116267	0.26528	0.000835723	0.00825231
100	0.12812	0.0680332	0.0100807	0.00286391	0.0259537	0.0941818	0.00311346	0.0999793	0.0140184	0.0529778	0.026741	0.0522376	0.00211301	0.00446146	0.012793	0.266335	0.0949147	0.00974637	0.0083183	0.0230168
101	0.0780755	0.0251753	0.00167134	0.00260738	0.0796589	0.00498268	0.0194243	0.118018	0.00313168	0.183603	0.0738276	0.0185876	0.00405381	0.0176779	0.00258336	0.0420599	0.107611	0.196514	0.00185817	0.0188779
102	0.0274058	0.0157695	0.0191949	0.0052307	0.00452205	0.618281	0.00411606	0.00556042	0.00319413	0.0105032	0.00413125	0.0635386	0.0142457	0.00712154	0.00401535	0.138874	0.0441504	0.00604952	0.00100832	0.00308734
103	0.338247	0.0586671	0.00271162	0.00374849	0.0175414	0.0603386	0.00429833	0.0775102	0.00367464	0.0678111	0.0471232	0.0311714	0.0508489	0.0274537	0.00252399	0.103372	0.0138095	0.0841662	0.00151915	0.00346342
104	0.0839427	0.0752344	0.00139385	0.00184712	0.00463672	0.0244079	0.00257638	0.295429	0.00369819	0.0308948	0.0229041	0.0237901	0.00226678	0.0188538	0.00331803	0.0802744	0.0825469	0.227392	0.0011504	0.0134424
105	0.268093	0.0375645	0.00240157	0.00281695	0.0401304	0.0312702	0.00761197	0.104344	0.00350072	0.132888	0.0874209	0.0131278	0.046757	0.0302889	0.0030828	0.0736372	0.0185568	0.0870247	0.00336596	0.00611668
106	0.183348	0.0437758	0.0583222	0.00578826	0.00415916	0.225613	0.00948791	0.0084372	0.00426366	0.0270326	0.00351283	0.0730502	0.00553354	0.0317096	0.0104126	0.25551	0.0401694	0.00614987	0.00100204	0.00272142
107	0.0658153	0.0055403	0.000565515	0.000732323	0.00129283	0.00130537	0.00105347	0.0150514	0.000847736	0.0214053	0.00563204	0.00124847	0.808505	0.00978748	0.00195903	0.038982	0.0126887	0.00631089	0.000325556	0.000951159
108	0.0383387	0.00202885	0.000748119	0.0139485	0.48339	0.00189112	0.0171074	0.026542	0.00123942	0.0458561	0.0468194	0.0140409	0.000886223	0.00622372	0.0119405	0.00432355	0.0328539	0.0129698	0.0798081	0.159043
109	0.102803	0.00246745	0.230508	0.290521	0.00259795	0.0214403	0.0141459	0.00653149	0.0495609	0.0210332	0.0041898	0.0440324	0.00594629	0.0648276	0.0292053	0.0648797	0.0231848	0.0182791	0.000215872	0.0036293
110	0.212246	0.328219	0.00350759	0.00739472	0.0122541	0.00745475	0.00341892	0.0370935	0.0227711	0.0251586	0.0144046	0.00371134	0.00265411	0.00557081	0.00597057	0.236778	0.023586	0.0432709	0.00156562	0.0029696
111	0.0419217	0.00183151	0.00074458	0.0123805	0.465248	0.00151856	0.0176374	0.0235581	0.000935092	0.0370951	0.0404288	0.0125306	0.000832574	0.00694183	0.0117703	0.00388847	0.0300486	0.0113129	0.0939591	0.185417
112	0.00606343	0.0108908	0.00074559	0.00108347	0.0353137	0.00139087	0.00261343	0.0194757	0.00101432	0.697997	0.168902	0.00133006	0.000872344	0.0110549	0.000962474	0.00330797	0.00272924	0.0327444	0.00044913	0.00105888
113	0.0677474	0.0231274	0.000380204	0.000620988	0.026293	0.00322622	0.0060698	0.23037	0.000952439	0.229391	0.0688312	0.00201831	0.0104977	0.00223045	0.000758961	0.00661336	0.0396157	0.27393	0.000764377	0.00656131
114	0.0370599	0.0284136	0.00320268	0.0513559	0.00900273	0.00689185	0.107407	0.119662	0.00547379	0.168387	0.0861679	0.0880071	0.003116	0.0388392	0.0282319	0.0954953	0.0794931	0.0341544	0.00231488	0.00732347
115	0.0533423	0.0438435	0.0124684	0.0361304	0.0102254	0.0160325	0.0214157	0.0275937	0.26227	0.0490899	0.0127142	0.0196031	0.00509126	0.0517444	0.235675	0.053308	0.0472493	0.0248719	0.00532227	0.0120085
116	0.0188171	0.013905	0.0153604	0.00208702	0.00317921	0.657201	0.00339936	0.00432645	0.00197762	0.00883882	0.00318153	0.0568351	0.0143473	0.00452609	0.00291307	0.142749	0.0391573	0.00425687	0.000894031	0.00204737
117	0.0226874	0.012508	0.000355186	0.000993018	0.0156636	0.00119518	0.00441517	0.169692	0.00274679	0.459005	0.109731	0.000963166	0.00336841	0.00307613	0.00120575	0.00657777	0.0119049	0.166166	0.00171079	0.00603433
118	0.0433767	0.00321325	0.0188551	0.0796894	0.00486997	0.00807167	0.0248486	0.00676595	0.312441	0.017518	0.00553569	0.0419594	0.000700428	0.0772397	0.244709	0.0460657	0.0452341	0.0112491	0.00400142	0.00365536
119	0.0558915	0.0167045	0.0161948	0.0483485	0.0105268	0.0180813	0.0165936	0.0297626	0.125873	0.0378818	0.013944	0.0305621	0.0086434	0.0437186	0.0839163	0.13176	0.269981	0.0283591	0.00382813	0.00942897
120	0.020649	0.0118533	0.000752886	0.00193837	0.0751829	0.00222999	0.00738669	0.0921134	0.00345091	0.527656	0.109003	0.00335212	0.00350203	0.00840903	0.00210286	0.00884849	0.011324	0.0906326	0.00525911	0.0143531
121	0.261049	0.034171	0.00681945	0.101019	0.0186073	0.0292351	0.0822468	0.0113289	0.0350311	0.0076454	0.00444381	0.00392318	0.162539	0.0696503	0.00264698	0.13614	0.0226003	0.00656305	0.00117415	0.00316466
122	0.00778296	0.0107271	0.000318343	0.000950432	0.0158406	0.000819672	0.00483012	0.249528	0.0034165	0.394683	0.0345217	0.00385524	0.00281738	0.00202952	0.0012034	0.0102283	0.0191158	0.230195	0.00118687	0.00595007
123	0.0465432	0.0210805	0.0130612	0.0253703	0.0618509	0.0160686	0.0793882	0.0348318	0.10586	0.0543119	0.0169323	0.026482	0.0064764	0.0407195	0.188702	0.0508335	0.0454445	0.0285565	0.0109315	0.126556
124	0.0534454	0.0133714	0.000941099	0.00108683	0.0135109	0.00292391	0.00239257	0.224696	0.00141062	0.147528	0.110115	0.00292007	0.00332799	0.00263734	0.00153509	0.016318	0.0218361	0.375859	0.000760004	0.00338411
125	0.0931823	0.00830482	0.0115191	0.00528086	0.00477122	0.0377597	0.0224769	0.0132939	0.00822824	0.00610869	0.00561552	0.101882	0.00393678	0.0124714	0.0131714	0.507079	0.121278	0.014638	0.00103038	0.00797259
126	0.670105	0.00282662	0.000999296	0.00170396	0.00840172	0.1169	0.00166616	0.00648751	0.00112202	0.00350441	0.00184437	0.00218597	0.0112782	0.00188304	0.0012702	0.140418	0.0221641	0.00348608	0.000538815	0.00121337
127	0.0127932	0.00647941	0.00183257	0.0156363	0.038446	0.0045822	0.0320283	0.0531016	0.0234195	0.281771	0.206845	0.0248401	0.00154023	0.114315	0.0258512	0.029715	0.0761015	0.0204613	0.0115223	0.0187183
128	0.218611	0.00574245	0.0180764	0.1574	0.00547954	0.00238879	0.0013417	0.058132	0.158539	0.0643726	0.0239714	0.0312401	0.000664609	0.0817438	0.0474568	0.0218114	0.0473082	0.0498541	0.000421571	0.00544431
129	0.0126391	0.00642229	0.00024602	0.000428076	0.00743007	0.000588988	0.000438765	0.334471	0.000392925	0.147712	0.0302843	0.00157106	0.000518992	0.000506024	0.000417341	0.00188885	0.00499283	0.448041	0.000205499	0.000804417
130	0.607999	0.00522775	0.00567495	0.00259774	0.00733604	0.123914	0.00223314	0.00709589	0.00188066	0.00501776	0.00196698	0.0100888	0.0115014	0.00418774	0.00217247	0.167698	0.0282147	0.00329715	0.000593275	0.00130154
131	0.0361593	0.00128704	0.0301219	0.155756	0.00403077	0.0133926	0.035158	0.00718372	0.190379	0.0147508	0.0103856	0.0736627	0.000439256	0.117159	0.185711	0.0406436	0.0664711	0.0160545	0.0002445	0.00101051
132	0.0419217	0.00183151	0.00074458	0.0123805	0.465248	0.00151856	0.0176374	0.0235581	0.000935092	0.0370951	0.0404288	0.0125306	0.000832574	0.00694183	0.0117703	0.00388847	0.0300486	0.0113129	0.0939591	0.185417
133	0.0177618	0.0138323	0.00195243	0.00703665	0.0440744	0.00754181	0.0302533	0.0535956	0.00953819	0.449364	0.165485	0.017095	0.00317888	0.0377194	0.0111504	0.025142	0.0477754	0.0394435	0.00512585	0.0129346
134	0.0989228	0.00812094	0.14419	0.382969	0.00271586	0.0213399	0.0118903	0.00639611	0.0488814	0.0189678	0.00435084	0.0370214	0.00512749	0.086956	0.0294242	0.0544169	0.0191947	0.0165395	0.000204664	0.00237011
135	0.0846686	0.00395028	0.0157607	0.0379976	0.0130179	0.0035538	0.0253822	0.0048085	0.426954	0.0265612	0.00283138	0.0222418	0.00136979	0.0219676	0.169103	0.089471	0.0199716	0.00906088	0.018482	0.0028455
136	0.0151314	0.0107075	0.000426866	0.00117159	0.0159456	0.00110975	0.00476699	0.269022	0.00340621	0.305378	0.0428121	0.00359673	0.00371238	0.0020582	0.00156875	0.00732907	0.0153086	0.288775	0.00136986	0.00640357
137	0.00976571	0.030197	0.0154297	0.00525913	0.0543942	0.00418663	0.0467268	0.0940693	0.0475091	0.318949	0.0403061	0.0738505	0.00244496	0.00726899	0.0418102	0.026645	0.0289179	0.060174	0.00188997	0.0902055
138	0.0353173	0.047554	0.00280567	0.00344802	0.0723416	0.00591251	0.0551718	0.00946436	0.00429752	0.0126113	0.00578883	0.0111798	0.00276531	0.00493072	0.00717435	0.016245	0.0107807	0.0103276	0.002077	0.679807
139	0.0655492	0.00554142	0.000562546	0.000731212	0.00127043	0.00125822	0.00105167	0.0150288	0.000848422	0.0214207	0.00563619	0.00126045	0.80924	0.00977668	0.00194031	0.0390762	0.0123484	0.00618168	0.000325835	0.000952124
140	0.155004	0.0243557	0.00512834	0.0446151	0.145768	0.259117	0.0136036	0.0261315	0.00952591	0.0650342	0.0212773	0.0128134	0.00990394	0.0114264	0.00845767	0.0736334	0.0247389	0.024594	0.0035185	0.0613534
141	0.0145097	0.0329972	0.00643294	0.00387545	0.115945	0.00374704	0.0181136	0.132445	0.0184408	0.340232	0.0265301	0.0784652	0.00325399	0.00648308	0.0149977	0.0200023	0.0245672	0.0450792	0.0074364	0.0864458
142	0.012591	0.00815801	0.00225015	0.00302503	0.0432067	0.00466376	0.454982	0.00817145	0.00294216	0.0127507	0.00445448	0.0237124	0.00258994	0.00538563	0.0639141	0.0536819	0.00960664	0.00854415	0.00127037	0.274099
143	0.10848	0.00230048	0.177344	0.339039	0.00297938	0.0229464	0.0148909	0.00484724	0.0560591	0.0189084	0.00493183	0.0410686	0.00614466	0.0735805	0.033134	0.0518518	0.018348	0.0203061	0.000149498	0.00268971
144	0.00664556	0.00777154	0.00031307	0.000488574	0.0120562	0.000702194	0.00162272	0.275964	0.00114785	0.315649	0.0300701	0.00478022	0.00061501	0.000764878	0.000505804	0.00759546	0.0169981	0.313535	0.000313279	0.00246071
145	0.487853	0.0256995	0.00111885	0.00442435	0.0311967	0.054121	0.0254627	0.0696606	0.001736	0.0447377	0.0270672	0.00420876	0.00340533	0.0143585	0.00132459	0.0518461	0.0407678	0.108944	0.000583109	0.00148488
146	0.0363355	0.0200257	0.00185336	0.0294904	0.00357767	0.0169286	0.0163816	0.0523081	0.418009	0.120895	0.0305788	0.00356663	0.00171716	0.0470969	0.0723896	0.00908996	0.0248369	0.0744559	0.0180793	0.00238386
147	0.0367141	0.00508684	0.00870206	0.0238224	0.00341033	0.00707596	0.0181489	0.00845072	0.349785	0.0196435	0.00188061	0.00902531	0.000918119	0.0711561	0.334609	0.0414387	0.0455768	0.00351688	0.00290868	0.00812962
148	0.0516138	0.0128051	0.0137835	0.0833671	0.0160841	0.0127783	0.0320779	0.0393797	0.0647135	0.154786	0.114833	0.0620128	0.00398859	0.110157	0.0534843	0.0450963	0.092209	0.0241625	0.00386702	0.00880078
149	0.094581	0.0996689	0.00288667	0.00477023	0.031867	0.00604141	0.0302178	0.0375675	0.00512395	0.0756623	0.281132	0.00780562	0.00296141	0.108748	0.00461859	0.061699	0.10735	0.0116563	0.0213462	0.00429647
150	0.0920922	0.0756824	0.00310422	0.00746249	0.194686	0.109205	0.032636	0.0107427	0.00442398	0.0156188	0.05379	0.0318407	0.0294462	0.00689353	0.00470337	0.0886777	0.0343431	0.0328894	0.00196822	0.169793
151	0.022686	0.023167	0.0176577	0.00375768	0.00775587	0.501394	0.00472288	0.00844254	0.00424244	0.0103391	0.00460208	0.0608566	0.0254413	0.00749269	0.00516272	0.169399	0.105188	0.00739775	0.00157037	0.00872413
152	0.219535	0.0472744	0.0353447	0.00642369	0.00760912	0.31289	0.00928363	0.011474	0.00568219	0.0263375	0.00677535	0.0638657	0.00486253	0.0377781	0.024637	0.138977	0.0232948	0.0114619	0.00182102	0.00467301
153	0.0334001	0.0101063	0.000449166	0.000545427	0.0133233	0.00130164	0.0021123	0.279006	0.000559868	0.182076	0.0828376	0.00182457	0.002955	0.000912073	0.000688613	0.00493384	0.0187597	0.360497	0.000307061	0.00340561
154	0.0227402	0.00736033	0.000239893	0.000460018	0.0135817	0.00095537	0.00145316	0.299039	0.000406729	0.193994	0.0673173	0.00182124	0.00165382	0.000562964	0.000439387	0.00302081	0.0117496	0.369609	0.000331494	0.00326386
155	0.0910571	0.0114539	0.00564253	0.000971261	0.00162161	0.0165833	0.00323593	0.0190435	0.00120512	0.00320946	0.00171095	0.00957716	0.00536524	0.00181721	0.00105171	0.653514	0.153676	0.017624	0.000532525	0.00110687
156	0.020067	0.0130485	0.000591781	0.00175612	0.105553	0.00136997	0.00886495	0.211101	0.0055292	0.365917	0.057498	0.00234923	0.00524751	0.00324271	0.00211998	0.0109532	0.0134459	0.148383	0.00691788	0.0160442
157	0.0584149	0.0101648	0.0283928	0.145332	0.0816559	0.0326919	0.0591594	0.0604951	0.0782738	0.0662459	0.00751126	0.00818959	0.00348638	0.0075881	0.0608559	0.0895541	0.0422669	0.09005	0.00223542	0.0674355
158	0.0209251	0.0158985	0.000253876	0.00222294	0.0190716	0.00139888	0.01172	0.24492	0.00793548	0.397143	0.0574999	0.000981702	0.00891653	0.00392748	0.00307931	0.00820245	0.0161287	0.165495	0.00282508	0.0114549
159	0.052278	0.00156908	0.029579	0.111845	0.00496642	0.00951563	0.0298539	0.00574344	0.284226	0.0144326	0.00744262	0.0651418	0.00064214	0.0905009	0.174117	0.0471174	0.0470163	0.0192915	0.00346052	0.00125975
160	0.171199	0.00432601	0.00299436	0.0137897	0.00463037	0.0314515	0.0499214	0.00557502	0.0249538	0.00594766	0.0149565	0.156097	0.00154899	0.0368628	0.0489377	0.33341	0.0497543	0.017259	0.000885696	0.0254982
161	0.0129807	0.0201058	0.000434205	0.00205641	0.0131929	0.000905025	0.0054645	0.197162	0.00621292	0.486829	0.0552091	0.00179226	0.00462202	0.0027164	0.00312647	0.0111478	0.0166627	0.148526	0.00284563	0.00800827
162	0.0361593	0.00128704	0.0301219	0.155756	0.00403077	0.0133926	0.035158	0.00718372	0.190379	0.0147508	0.0103856	0.0736627	0.000439256	0.117159	0.185711	0.0406436	0.0664711	0.0160545	0.0002445	0.00101051
163	0.0188272	0.0122029	0.000267612	0.00167798	0.0235186	0.00118037	0.00889088	0.246985	0.00575871	0.377056	0.0572122	0.00138797	0.00618651	0.00299797	0.00218124	0.00738174	0.0171045	0.193405	0.00235226	0.013426
164	0.133474	0.0540173	0.00224855	0.00492566	0.132549	0.0348445	0.0051395	0.201217	0.00446098	0.0699777	0.0198694	0.00872215	0.0274525	0.00928951	0.00438521	0.0497557	0.0344506	0.136333	0.0247901	0.0420982
165	0.136809	0.0225083	0.00177034	0.0022902	0.0138787	0.0130637	0.0134086	0.110805	0.0261478	0.0931282	0.00451113	0.0408358	0.0015638	0.0188899	0.00682107	0.134882	0.245634	0.105965	0.00177461	0.00531252
166	0.0116222	0.0336408	0.0024117	0.012938	0.0172139	0.00313814	0.0125778	0.215449	0.0348375	0.39311	0.043919	0.00996978	0.00898888	0.00763096	0.0280421	0.0157004	0.0167687	0.107484	0.00448177	0.020076
167	0.478937	0.010425	0.0121582	0.0041915	0.00815972	0.140387	0.00584218	0.0125759	0.00391998	0.0114771	0.00405569	0.0221747	0.00962598	0.008349	0.003855	0.189545	0.0598976	0.0104916	0.000915973	0.00301513
168	0.161149	0.0633597	0.00558307	0.108898	0.0135992	0.0631954	0.012458	0.0283986	0.0119081	0.025034	0.0129462	0.0112395	0.00669168	0.0553496	0.00799225	0.0409124	0.113976	0.246269	0.00283362	0.00820685
169	0.0600453	0.0255383	0.0174046	0.0147914	0.0746298	0.0359712	0.0216127	0.0346418	0.0152481	0.0345675	0.0196118	0.229772	0.00944484	0.0257595	0.0185132	0.241107	0.0623079	0.028341	0.00682968	0.0238629
170	0.0393553	0.0235174	0.00774857	0.01101	0.119138	0.014588	0.0224656	0.076042	0.0173245	0.317059	0.0417063	0.0261285	0.00664829	0.0146601	0.0150835	0.0753503	0.0326603	0.0471457	0.0112206	0.0811488
171	0.0488759	0.0195641	0.0187962	0.00788869	0.00999018	0.561869	0.00685018	0.0125079	0.00654939	0.0177712	0.00714808	0.0525292	0.0134695	0.0106092	0.00526036	0.133815	0.0447406	0.0139828	0.00186059	0.00592128
172	0.170361	0.0483983	0.0558415	0.00858657	0.00659933	0.295965	0.00928241	0.0131926	0.00552725	0.0284919	0.0059637	0.0645954	0.00758279	0.0266665	0.0114629	0.189705	0.036262	0.00828956	0.00196691	0.00525926
173	0.0656569	0.0700564	0.00409386	0.00585752	0.190618	0.0111821	0.00932273	0.201294	0.0054885	0.0270898	0.0113843	0.00656709	0.00804267	0.0078177	0.00474803	0.0232728	0.10866	0.180513	0.00721625	0.0511183
174	0.0801129	0.00470844	0.0980505	0.259389	0.00621083	0.0176095	0.0218536	0.0126461	0.112901	0.0242841	0.00854817	0.0480229	0.00459158	0.084244	0.10381	0.0478938	0.0378495	0.0221137	0.000982394	0.00417828
175	0.0339052	0.00674472	0.00230308	0.00101856	0.00203018	0.00689569	0.00221544	0.0166198	0.00445664	0.00322716	0.00204084	0.0129664	0.00987027	0.00179809	0.00131778	0.432033	0.449792	0.00791589	0.0014545	0.0013943
176	0.0143857	0.017052	0.000512188	0.00284258	0.0162849	0.00136379	0.008321	0.218046	0.00806225	0.446899	0.0556487	0.003104	0.00611499	0.00409739	0.00392365	0.015576	0.0193327	0.144669	0.00330122	0.0104621
177	0.107055	0.0900969	0.0014904	0.00161729	0.00472468	0.00568797	0.00220979	0.413566	0.00192865	0.0481791	0.00514087	0.00456872	0.00645175	0.00441603	0.00174401	0.0133288	0.0304713	0.227973	0.00124246	0.0281074
178	0.0833108	0.169228	0.00820291	0.187285	0.0137645	0.0444941	0.00824781	0.0174151	0.0706607	0.0171087	0.0101883	0.0101006	0.0121014	0.119555	0.00920692	0.133669	0.05488	0.0213729	0.00231115	0.00689811
179	0.0255514	0.0112442	0.00124358	0.0030937	0.0236947	0.00325851	0.122449	0.211458	0.00705584	0.321387	0.0438899	0.00250958	0.0163102	0.01529	0.00400487	0.0200663	0.0134164	0.142245	0.00253411	0.00929803
180	0.0985988	0.011557	0.00678199	0.0235458	0.0164938	0.0125969	0.00872546	0.0164662	0.0097259	0.0480683	0.0182339	0.00947998	0.408697	0.0132549	0.0422176	0.0564116	0.127214	0.0615644	0.00164977	0.00871652
181	0.124794	0.0216645	0.00149085	0.00261564	0.0064027	0.0238587	0.00507274	0.134826	0.0499292	0.190498	0.00419235	0.0222999	0.00170871	0.0137368	0.0171815	0.124347	0.0918977	0.155298	0.00106101	0.00712529
182	0.0512043	0.0381145	0.00539598	0.0129378	0.0250712	0.0181958	0.0211354	0.0312593	0.0122787	0.120092	0.191304	0.0260776	0.007415	0.0853593	0.0144292	0.101091	0.193552	0.0264816	0.0075941	0.0110106
183	0.0320397	0.00983311	0.00670756	0.00421846	0.00784932	0.0159154	0.0055485	0.0172284	0.00620622	0.0104808	0.00527888	0.017578	0.0359344	0.00566053	0.00516923	0.322443	0.466976	0.0135045	0.0019	0.00952796
184	0.0394933	0.0212383	0.0121267	0.0339341	0.0298009	0.013871	0.18468	0.0507	0.0579797	0.145418	0.0355607	0.035985	0.00766705	0.0344654	0.100746	0.0514404	0.042557	0.0364552	0.00464847	0.0612327
185	0.379262	0.01574	0.00252176	0.0245131	0.0165268	0.128241	0.0481361	0.0333481	0.00404479	0.0628935	0.0118174	0.005563	0.00325151	0.0257261	0.00359762	0.0728302	0.065123	0.0910992	0.00144464	0.00431915
186	0.10848	0.00230048	0.177344	0.339039	0.00297938	0.0229464	0.0148909	0.00484724	0.0560591	0.0189084	0.00493183	0.0410686	0.00614466	0.0735805	0.033134	0.0518518	0.018348	0.0203061	0.000149498	0.00268971
187	0.0439417	0.0127631	0.00939886	0.0349636	0.00786503	0.0114165	0.0185761	0.0258589	0.296382	0.0864265	0.0137736	0.0144903	0.00187544	0.0577247	0.232677	0.0331839	0.0563407	0.0270778	0.00558787	0.00967623
188	0.218611	0.00574245	0.0180764	0.1574	0.00547954	0.00238879	0.0013417	0.058132	0.158539	0.0643726	0.0239714	0.0312401	0.000664609	0.0817438	0.0474568	0.0218114	0.0473082	0.0498541	0.000421571	0.00544431
189	0.218611	0.00574245	0.0180764	0.1574	0.00547954	0.00238879	0.0013417	0.058132	0.158539	0.0643726	0.0239714	0.0312401	0.000664609	0.0817438	0.0474568	0.0218114	0.0473082	0.0498541	0.000421571	0.00544431
190	0.136903	0.0248791	0.00176755	0.00285386	0.00695759	0.0305933	0.00566337	0.160562	0.0261631	0.13697	0.00635661	0.0464004	0.00257456	0.0242315	0.0176424	0.131981	0.0735617	0.146942	0.00140497	0.0155912
191	0.0936023	0.00269223	0.180165	0.285386	0.00383409	0.0439123	0.0172218	0.00547661	0.0714275	0.0182455	0.00594129	0.0537702	0.00512421	0.0688093	0.0438936	0.0523718	0.0252	0.0188067	0.000304609	0.00381509
