307	20
1	0.0883666	0.00168171	0.0455406	0.0525192	0.0104763	0.0511582	0.041355	0.00841531	0.109481	0.0317726	0.00452481	0.0828198	0.0131641	0.0768125	0.153636	0.136764	0.0622303	0.00948541	0.000608378	0.0191876
2	0.00855256	0.00052894	0.0020924	0.00160252	0.0491638	0.00532231	0.0019763	0.108846	0.00316709	0.604537	0.114818	0.00283489	0.00543033	0.0021746	0.00191664	0.0067548	0.0151939	0.0599319	0.000657432	0.00449843
3	0.0379445	0.00596963	0.0261838	0.0233998	0.0203729	0.00896622	0.0289215	0.0324336	0.0219302	0.113052	0.0218056	0.051866	0.418497	0.0183692	0.0205279	0.0634687	0.0368463	0.0322452	0.0028679	0.0143319
4	0.0371203	0.00920103	0.010464	0.00920328	0.0183061	0.676172	0.00453833	0.0517818	0.00794103	0.0218235	0.00777534	0.00664687	0.00453561	0.00594301	0.0135401	0.0400429	0.0224779	0.0203125	0.00256043	0.029614
5	0.0703322	0.00282216	0.10982	0.105701	0.00985853	0.0453456	0.0469385	0.0131233	0.086258	0.0263434	0.00836587	0.0801213	0.0318438	0.0868458	0.0692862	0.118893	0.0478139	0.0215014	0.000747678	0.0180375
6	0.0402705	0.0021282	0.0599991	0.0607565	0.00576871	0.0158859	0.0442246	0.0134418	0.0434895	0.0342293	0.00621445	0.0852098	0.366379	0.0358186	0.0328209	0.0851615	0.0393976	0.0176043	0.00104793	0.0101519
7	0.0172645	0.00577015	0.0117773	0.00819318	0.354879	0.0111124	0.0167194	0.0366144	0.0113024	0.180361	0.0265815	0.0137801	0.00664448	0.00544568	0.0126165	0.0250643	0.0172822	0.0286319	0.010546	0.199413
8	0.0376527	0.000541087	0.0302873	0.0883043	0.00208539	0.0157313	0.0380078	0.00384773	0.338193	0.022731	0.0240486	0.0748391	0.00582274	0.0769402	0.138363	0.0503018	0.0228354	0.00693335	0.00855955	0.013975
9	0.0375686	0.00547962	0.0230372	0.0314422	0.0687811	0.0151808	0.137168	0.0310708	0.0940518	0.0455849	0.0656828	0.035885	0.0197311	0.0938628	0.0460572	0.0413098	0.0300027	0.0271547	0.00343574	0.147513
10	0.00999288	0.0140256	0.00404898	0.0015184	0.32012	0.00220662	0.0127122	0.0114251	0.00265351	0.027154	0.00181346	0.00455368	0.00148214	0.00162812	0.00586516	0.00591849	0.00526252	0.00967597	0.00270544	0.555238
11	0.367959	0.0044544	0.0140334	0.0170924	0.0025129	0.0635525	0.00956868	0.00336762	0.00377064	0.00552996	0.00431858	0.0210238	0.00297972	0.00221213	0.0130801	0.404055	0.0229391	0.0299983	0.00153192	0.00601982
12	0.04149	0.0067836	0.0335221	0.0210686	0.0142603	0.634789	0.00915003	0.029511	0.0168342	0.0149996	0.00502912	0.0220363	0.00722336	0.0121479	0.019907	0.0589539	0.0244651	0.0110597	0.00165393	0.0151157
13	0.0403398	0.00732595	0.0305065	0.0394846	0.0649838	0.019301	0.109444	0.0274714	0.0722084	0.0911573	0.0282646	0.0429332	0.0253336	0.0850161	0.0482987	0.0512252	0.0289393	0.0304108	0.00751427	0.149842
14	0.0127104	0.00619307	0.000910499	0.000974552	0.0134779	0.0028243	0.000887466	0.335618	0.00104288	0.0654033	0.0108768	0.00110593	0.00191417	0.000774965	0.00110347	0.00186211	0.0110732	0.52371	0.00337586	0.00416068
15	0.0760811	0.00131073	0.11979	0.153111	0.008948	0.0466154	0.0374642	0.0146146	0.0753115	0.0248274	0.00912386	0.0759137	0.0267511	0.0729259	0.0548606	0.102957	0.0581172	0.0229127	0.000202453	0.0181612
16	0.0166106	0.00373702	0.000781412	0.000941039	0.0149412	0.00428028	0.00123369	0.338314	0.00107458	0.133983	0.032102	0.00142228	0.00315032	0.00226587	0.000973454	0.00785449	0.0232043	0.406946	0.00189254	0.0042913
17	0.0311131	0.0171592	0.568102	0.0784425	0.00429513	0.0187489	0.0198549	0.00443963	0.00904566	0.0127439	0.00508332	0.0843887	0.021368	0.00894561	0.020147	0.0687924	0.010066	0.00659338	0.00231188	0.00835879
18	0.0716025	0.000648607	0.166946	0.216292	0.00731998	0.0414826	0.0258884	0.0200022	0.0615398	0.0226022	0.0134146	0.0560231	0.0233646	0.0630402	0.0313457	0.0738853	0.0600365	0.0311863	0.000388797	0.0129903
19	0.0538459	0.00973028	0.0669553	0.057345	0.00888306	0.121797	0.0675084	0.00894386	0.106766	0.023807	0.00509784	0.0634831	0.04219	0.101062	0.0842992	0.112699	0.0318466	0.0190247	0.000703312	0.0140121
20	0.0492219	0.000802418	0.00566239	0.0111677	0.00836416	0.0072838	0.0177253	0.112411	0.20482	0.0685584	0.0448219	0.0263599	0.00227841	0.0510138	0.211979	0.0276826	0.0801128	0.0618606	0.0014529	0.00642036
21	0.217762	0.01019	0.0111281	0.00673574	0.00499452	0.0156915	0.0366965	0.00500563	0.0074694	0.0105231	0.00499558	0.032073	0.00419849	0.00321986	0.010537	0.520963	0.0394282	0.033835	0.00476695	0.0197864
22	0.00340329	0.000371212	0.00108885	0.000918765	0.0558831	0.00549235	0.00115743	0.050534	0.00294108	0.705924	0.13081	0.00184911	0.00551069	0.000951985	0.00135406	0.00286733	0.00908782	0.0169053	0.000394248	0.00255551
23	0.0190957	0.00344565	0.0264991	0.00786493	0.204264	0.0111172	0.116253	0.0335834	0.0905582	0.0653651	0.025529	0.0305609	0.00739569	0.0242576	0.0273037	0.0282176	0.0149547	0.046494	0.00487869	0.212361
24	0.0222318	0.0411749	0.0121433	0.00959142	0.213583	0.014988	0.0126338	0.0424115	0.0116536	0.0367415	0.0101195	0.00743478	0.00617236	0.0057684	0.0143798	0.0254952	0.0329063	0.0365637	0.0144465	0.42956
25	0.0121801	0.0359027	0.00856768	0.00555609	0.054958	0.00813172	0.0104361	0.0119062	0.00763372	0.0685448	0.0134986	0.00956467	0.00640164	0.00505929	0.0631886	0.0230412	0.0147261	0.0101607	0.504366	0.126176
26	0.00428999	0.000546939	0.00168459	0.00140136	0.480037	0.00223575	0.00816362	0.0320228	0.00262431	0.275446	0.0306192	0.0101259	0.00216887	0.00173149	0.00614328	0.0134614	0.00890152	0.0230251	0.0103864	0.0849843
27	0.309828	0.00296945	0.00754083	0.00353579	0.00423879	0.0103953	0.00369967	0.00546333	0.0122392	0.0958779	0.0131057	0.00585243	0.00465524	0.0200301	0.0199385	0.0417076	0.050846	0.360526	0.00132612	0.0262241
28	0.0559594	0.00139022	0.0804842	0.142502	0.00865551	0.0251563	0.0419233	0.0156627	0.18059	0.0303002	0.0158221	0.0643225	0.0169685	0.0760017	0.0921404	0.0669953	0.039631	0.0263569	0.00348266	0.0156549
29	0.359898	0.00386967	0.00987588	0.00997042	0.0111458	0.0219057	0.0046009	0.0402409	0.0136541	0.0819338	0.0225746	0.00735889	0.00749383	0.0132767	0.0169316	0.0830016	0.0614238	0.211329	0.00222114	0.0172936
30	0.0610736	0.000521342	0.209018	0.255528	0.00309439	0.0144711	0.0388958	0.0185391	0.0730695	0.0159337	0.00828691	0.0433686	0.0152881	0.0827259	0.0389716	0.0350961	0.0428234	0.0373255	0.000315855	0.00565341
31	0.0384868	0.000887995	0.00824665	0.0213839	0.0056362	0.0122911	0.0279529	0.07246	0.26126	0.0695842	0.0245551	0.0385028	0.00264293	0.0608533	0.229695	0.0314814	0.0495993	0.0360559	0.00235251	0.00607185
32	0.132624	0.00305396	0.0135872	0.0130908	0.00945101	0.010546	0.0169098	0.0212443	0.0126417	0.0205096	0.00976562	0.0299814	0.464751	0.00965783	0.0153507	0.127797	0.0318472	0.0289931	0.00193711	0.0262615
33	0.0232041	0.00255327	0.0041007	0.00453079	0.0205433	0.00397649	0.00418222	0.305178	0.00414274	0.215802	0.0454421	0.00611514	0.00509007	0.00474753	0.00363697	0.0153144	0.0292825	0.291808	0.00168825	0.00866203
34	0.292021	0.00752911	0.008876	0.0133288	0.0116629	0.0168431	0.00335623	0.0339568	0.0130072	0.0681926	0.0360626	0.0066198	0.00836741	0.0162818	0.0137987	0.0847724	0.109327	0.225628	0.0031875	0.027182
35	0.0175151	0.00257586	0.00135863	0.000925126	0.0157817	0.00236211	0.00180683	0.342355	0.000972331	0.192255	0.0424069	0.00235167	0.00403184	0.0025872	0.000883155	0.0108368	0.0253088	0.327093	0.00130586	0.00528725
36	0.0137966	0.0493836	0.00832502	0.00532228	0.0322241	0.00742426	0.00902997	0.0108983	0.00691766	0.0532367	0.00946837	0.00844706	0.00606269	0.00598521	0.0643363	0.0214472	0.0169005	0.0133706	0.544874	0.11255
37	0.0143722	0.00166725	0.00470878	0.00657916	0.146062	0.00915204	0.00800578	0.0743957	0.0185747	0.472737	0.0684666	0.00989901	0.0055581	0.00560919	0.0084058	0.019889	0.0428292	0.0572727	0.00271379	0.0231012
38	0.0912128	0.00318125	0.0499871	0.040406	0.015287	0.0250164	0.0235642	0.0193125	0.0531354	0.0368652	0.0399151	0.16777	0.0234042	0.0617034	0.0460713	0.138066	0.0959915	0.0261148	0.00194748	0.0410485
39	0.0532301	0.00448689	0.0130902	0.00939709	0.0430362	0.424594	0.0104853	0.0788788	0.0146222	0.0779135	0.0128522	0.0185061	0.0131671	0.00546049	0.0323121	0.0507137	0.0795321	0.0467811	0.00224468	0.0086962
40	0.0559711	0.00281885	0.0246724	0.020498	0.00741739	0.00673036	0.0223915	0.0246771	0.0125748	0.0367564	0.00850973	0.0522564	0.547496	0.0111508	0.0150353	0.0737722	0.035279	0.0270486	0.00181922	0.0131247
41	0.0461417	0.00841309	0.0102458	0.00896375	0.00458793	0.759098	0.00426456	0.0167743	0.00976255	0.00857806	0.00220365	0.0098077	0.00360857	0.00588872	0.0182149	0.0535029	0.0161661	0.00547286	0.000759653	0.00754546
42	0.0257467	0.108538	0.0126512	0.00882141	0.166379	0.0173828	0.0161474	0.0235148	0.0115921	0.0390188	0.00949847	0.0122853	0.00878111	0.00946071	0.0266582	0.0362811	0.0241899	0.0226418	0.0610641	0.359348
43	0.138693	0.00670447	0.0420457	0.0351349	0.0175361	0.230812	0.0172892	0.01545	0.0293154	0.0208895	0.00790712	0.0426535	0.0141994	0.0191441	0.0339614	0.233996	0.052016	0.0201763	0.0034948	0.0185816
44	0.146706	0.0116878	0.0313804	0.0248961	0.0167507	0.0317421	0.023673	0.0176953	0.0261699	0.0213404	0.00871733	0.041609	0.0173399	0.0173166	0.0294922	0.41686	0.0672482	0.0260165	0.0042197	0.0191385
45	0.0130695	0.0052752	0.0007866	0.000907032	0.014699	0.00234298	0.00089335	0.33949	0.000942462	0.100051	0.0197041	0.00102515	0.00252025	0.0012179	0.000964421	0.0042592	0.0149407	0.470784	0.00254164	0.00358532
46	0.06824	0.00778414	0.0096125	0.0101416	0.0044173	0.746388	0.00383129	0.0171883	0.00724761	0.00988867	0.00307521	0.00712489	0.00472655	0.0046878	0.0144986	0.049345	0.0169831	0.00728203	0.0007552	0.00678192
47	0.0883439	0.0162014	0.0155627	0.041397	0.0438415	0.0508215	0.00283236	0.126613	0.0287488	0.0855605	0.0453833	0.00708696	0.015786	0.0169684	0.0178102	0.0676992	0.0903552	0.199536	0.00875695	0.0306947
48	0.0387565	0.00748819	0.0103034	0.00745198	0.00431232	0.797312	0.00367388	0.0161608	0.00927831	0.00975706	0.00243364	0.00597034	0.00299584	0.00563974	0.016332	0.0378075	0.0142145	0.00327558	0.000602797	0.00623403
49	0.306978	0.00621444	0.0226521	0.0262949	0.0113876	0.0597634	0.0154254	0.0272053	0.0250544	0.0381787	0.0191987	0.0265516	0.0276356	0.020309	0.0273225	0.168572	0.0640238	0.0869468	0.00579202	0.014494
50	0.0195391	0.00286056	0.0073383	0.00829635	0.283286	0.0103419	0.0164307	0.0393138	0.0111818	0.233179	0.0944025	0.0125449	0.00744414	0.00690596	0.0178932	0.0657428	0.0588106	0.0303998	0.0351432	0.0389459
51	0.0917289	0.0167545	0.0118037	0.0422603	0.0387307	0.0330039	0.0023532	0.128156	0.0287999	0.0880035	0.0507231	0.00650247	0.0154848	0.017561	0.0177385	0.0732532	0.107233	0.196847	0.00860871	0.0244538
52	0.079668	0.00268963	0.0866284	0.121604	0.0109482	0.0423011	0.0572686	0.0122482	0.0903946	0.0259902	0.00837477	0.08001	0.0241804	0.0899933	0.0766413	0.109754	0.0443288	0.0181743	0.000481242	0.0183214
53	0.0455506	0.00320437	0.0293261	0.00840376	0.018301	0.00878466	0.0808958	0.125008	0.0133746	0.212013	0.0167424	0.153935	0.012102	0.0176393	0.017858	0.0789342	0.0336788	0.0985103	0.00294431	0.022793
54	0.0386273	0.00784701	0.00982454	0.00736059	0.00418744	0.801755	0.00337269	0.0167226	0.00749564	0.00842163	0.00281752	0.00680163	0.00296771	0.00450075	0.0153409	0.0369304	0.013477	0.00384223	0.00138773	0.00631962
55	0.135566	0.00318399	0.0161296	0.0128865	0.0103233	0.00819472	0.0187316	0.0254836	0.0120702	0.0275416	0.0137952	0.0366275	0.474691	0.0102338	0.0178538	0.074372	0.0446147	0.0416205	0.00163592	0.0144443
56	0.0351955	0.00546702	0.0124518	0.0152214	0.232721	0.0164988	0.0148098	0.100483	0.016682	0.161426	0.033258	0.0124787	0.0104464	0.0107396	0.0144115	0.0325109	0.0407939	0.143312	0.00753417	0.0835592
57	0.0539502	0.00409638	0.00951958	0.0109847	0.0999796	0.00855206	0.0275051	0.0483581	0.0984625	0.0294512	0.0124287	0.0159821	0.0210848	0.053547	0.332979	0.026795	0.0199996	0.0167997	0.00326418	0.106261
58	0.0588117	0.00492537	0.010005	0.0229953	0.0241129	0.0178184	0.0066456	0.172648	0.0197327	0.0905747	0.0636847	0.0114604	0.160885	0.0130959	0.0151469	0.0471885	0.0703043	0.168697	0.00579367	0.0154732
59	0.0714661	0.00250898	0.0223857	0.00810123	0.0527806	0.222525	0.0216617	0.117834	0.0227961	0.0912099	0.0138616	0.0389899	0.02525	0.0049984	0.0320325	0.0379643	0.131763	0.0738368	0.00193395	0.00610028
60	0.0192637	0.00114034	0.00368171	0.00458645	0.0411242	0.00557171	0.00349343	0.155869	0.00529448	0.472053	0.0972209	0.00473384	0.0060488	0.00407344	0.00443918	0.0119129	0.0234842	0.127313	0.000974334	0.00772125
61	0.0688575	0.00802201	0.0105535	0.0443052	0.0446711	0.0278439	0.00216552	0.139649	0.0303435	0.104772	0.0523985	0.00552971	0.0179074	0.0213822	0.0207807	0.0626818	0.0780478	0.222423	0.011684	0.025982
62	0.0411985	0.000978423	0.00485274	0.00440875	0.00750647	0.00500329	0.021878	0.103203	0.215854	0.0841269	0.0300862	0.0249212	0.00197436	0.0465239	0.251791	0.0277323	0.0682789	0.0540001	0.000780873	0.00490089
63	0.0504362	0.00478095	0.0917216	0.0293126	0.026919	0.0264894	0.0229114	0.0376383	0.0567475	0.054092	0.0652128	0.22665	0.030148	0.0301453	0.0424976	0.0775564	0.0557611	0.031594	0.0104647	0.0289207
64	0.0480878	0.00282526	0.105774	0.124478	0.00607872	0.0216997	0.0475201	0.0101921	0.121304	0.0346861	0.00941608	0.0465254	0.0864504	0.0800959	0.0683555	0.109919	0.0398378	0.0177372	0.000493994	0.0185233
65	0.0129729	0.00324224	0.00977749	0.00479545	0.127274	0.00523823	0.195115	0.0314095	0.142594	0.0185234	0.0411054	0.0338363	0.00503086	0.0458644	0.0348977	0.0157487	0.0103664	0.0180308	0.00230884	0.241869
66	0.214425	0.0203061	0.0122961	0.00592664	0.00594879	0.0159032	0.01829	0.0041178	0.00775941	0.0105907	0.00333676	0.021028	0.00378264	0.00251429	0.0260698	0.545587	0.0517994	0.0136325	0.00529981	0.0113861
67	0.0203039	0.00160027	0.0031623	0.00278456	0.028711	0.00458164	0.00367618	0.272334	0.00486805	0.322537	0.0646046	0.00555365	0.00519712	0.00444507	0.00381774	0.0145774	0.0306473	0.197315	0.000791844	0.00849076
68	0.0118142	0.0141158	0.00820764	0.00314473	0.307951	0.00587717	0.0157951	0.0166728	0.00762373	0.0528623	0.00664747	0.00732158	0.00372382	0.0033358	0.00744361	0.0120131	0.00723022	0.010609	0.00656779	0.491043
69	0.0177775	0.00231715	0.00103227	0.000914096	0.0161884	0.00250314	0.00164927	0.342391	0.0010575	0.199299	0.0467586	0.0020494	0.00579929	0.00299424	0.00109577	0.0120844	0.0274239	0.310412	0.0011597	0.00509344
70	0.0274733	0.00676223	0.630105	0.0812507	0.00210449	0.0156424	0.0182808	0.00270557	0.00363301	0.0102719	0.00348544	0.088072	0.0213356	0.00380614	0.0156818	0.0560714	0.00523129	0.00351249	0.000764758	0.00380991
71	0.17754	0.0125616	0.0112629	0.00400023	0.00565427	0.00737415	0.0203828	0.0025088	0.00740213	0.00837371	0.00219651	0.0218255	0.00275749	0.00157485	0.0113952	0.610301	0.0641032	0.0121115	0.00535266	0.0113211
72	0.0628203	0.00198587	0.0249027	0.0183542	0.00884159	0.00808771	0.0212516	0.0211533	0.0143017	0.0296801	0.00805847	0.0499505	0.530468	0.0105648	0.0204197	0.093833	0.0381519	0.0225676	0.0019897	0.0126172
73	0.0156144	0.00507316	0.000874844	0.000828803	0.0139144	0.00271674	0.00106502	0.344675	0.000959905	0.104015	0.0215809	0.00132146	0.00263113	0.00139334	0.000946947	0.00494265	0.0163943	0.454456	0.00258838	0.00400776
74	0.0411829	0.00775602	0.00720945	0.00561778	0.00701773	0.807261	0.00287919	0.0166423	0.00644661	0.0103512	0.00293604	0.00409709	0.00378836	0.00333951	0.0141747	0.0351316	0.0116957	0.00407139	0.000866786	0.0075345
75	0.124159	0.00812767	0.0270923	0.0671668	0.0264452	0.0271957	0.010844	0.0866348	0.038615	0.0711535	0.039544	0.0177127	0.0191009	0.0298684	0.0304579	0.0677046	0.0980212	0.183901	0.0056969	0.0205581
76	0.0376344	0.00781013	0.00755092	0.00628895	0.00580669	0.810867	0.00262573	0.0167859	0.0073489	0.00770828	0.00189675	0.00497863	0.00219542	0.00341084	0.0146249	0.0357015	0.0135616	0.00349057	0.00112186	0.00859077
77	0.013977	0.00797853	0.022391	0.00708176	0.357758	0.0165966	0.0135903	0.0276508	0.00712389	0.133245	0.0191855	0.0121221	0.00685722	0.00344494	0.0124833	0.0312387	0.0140167	0.015024	0.0597249	0.21851
78	0.224794	0.0086428	0.0232812	0.0162641	0.00852015	0.03192	0.0185316	0.00678611	0.0157466	0.0124785	0.00588666	0.0310276	0.0088951	0.00998411	0.0205926	0.460569	0.0549454	0.0257305	0.00353559	0.0118682
79	0.00956445	0.0346291	0.00560954	0.00307843	0.261073	0.00433178	0.0118907	0.0145455	0.00675847	0.0277319	0.0034454	0.00550708	0.00259304	0.00305314	0.018039	0.00898973	0.0103073	0.0082072	0.0239713	0.536674
80	0.191779	0.0121029	0.0118095	0.00476763	0.00539723	0.00962965	0.021772	0.00277796	0.00732307	0.00862812	0.00242155	0.0217855	0.00270963	0.00169783	0.0119317	0.590615	0.0617946	0.0146152	0.00511639	0.0113264
81	0.0907119	0.00146172	0.0552214	0.05091	0.00860051	0.0539581	0.0387207	0.00781632	0.0894391	0.0223811	0.00434996	0.122078	0.0123228	0.0635412	0.123093	0.15751	0.0704302	0.00797976	0.000450434	0.0190237
82	0.0816913	0.022195	0.0113019	0.0384815	0.0422761	0.029066	0.00210976	0.128774	0.0290132	0.0912751	0.0457129	0.00603887	0.0149359	0.0178284	0.0209139	0.0702949	0.0979853	0.203706	0.0131271	0.0332732
83	0.0176349	0.00252357	0.283846	0.00756813	0.00632875	0.104081	0.00743558	0.00702881	0.0115787	0.0176275	0.010624	0.332608	0.0162784	0.00530861	0.00818996	0.0530439	0.0848661	0.00822316	0.00171203	0.0134925
84	0.0443743	0.00617359	0.490352	0.079991	0.00667593	0.0266012	0.021259	0.00849861	0.019166	0.0162934	0.00647424	0.100849	0.0208304	0.0178419	0.0221103	0.0675307	0.0210631	0.0115994	0.00109661	0.0112193
85	0.0774658	0.000762213	0.144519	0.247783	0.00463337	0.0282569	0.0309744	0.0198905	0.0741862	0.0175824	0.0105115	0.0550567	0.0151184	0.0589288	0.039276	0.061336	0.0664086	0.0387001	0.000513713	0.00809599
86	0.0571656	0.00072832	0.00364647	0.00947395	0.00894539	0.0117403	0.0111313	0.15436	0.148243	0.0660912	0.0569253	0.0234763	0.00151268	0.0595455	0.149741	0.0285997	0.106095	0.0969044	0.000576687	0.00509815
87	0.226366	0.0356614	0.0129622	0.0209716	0.0203679	0.0220701	0.0112045	0.0499568	0.0166895	0.0525001	0.0295018	0.0149863	0.0213876	0.0146838	0.0161809	0.120888	0.139742	0.144858	0.00613561	0.0228856
88	0.0130324	0.00172124	0.0102794	0.0048886	0.175006	0.00463099	0.0509185	0.0463042	0.00785555	0.379758	0.031335	0.0144713	0.00390829	0.00473577	0.0291419	0.0132383	0.0114733	0.0919776	0.00426646	0.101057
89	0.0565557	0.000665343	0.00334183	0.0114216	0.00974012	0.00961179	0.0116831	0.148283	0.141311	0.0737392	0.0585951	0.0261545	0.00138086	0.0563386	0.147305	0.0234076	0.109604	0.10467	0.000488886	0.00570187
90	0.0121825	0.00240408	0.00915555	0.00557522	0.376054	0.0093051	0.0132571	0.0445005	0.0088451	0.272163	0.0361042	0.0123303	0.00599739	0.00461225	0.0121849	0.0205216	0.0149167	0.0340922	0.0120333	0.0937652
91	0.00334587	0.000367911	0.00108918	0.000916283	0.0560885	0.00551117	0.00115618	0.0496173	0.00294042	0.707133	0.130972	0.0018475	0.00553237	0.00094639	0.00137349	0.00280906	0.00898475	0.0164279	0.00039432	0.0025457
92	0.0145692	0.00286773	0.00579951	0.154811	0.00847942	0.00567329	0.0537098	0.0462378	0.0543962	0.319351	0.0709706	0.00850139	0.00715939	0.0567829	0.0602618	0.0126856	0.0213872	0.0846611	0.00176274	0.00993215
93	0.0079269	0.000783812	0.00338069	0.0285739	0.00187875	0.121938	0.0424726	0.00705137	0.23498	0.0324053	0.00492131	0.138525	0.00641256	0.0968288	0.201925	0.047761	0.0061207	0.0135994	0.00054328	0.0019717
94	0.0129688	0.0280047	0.00683073	0.00643745	0.0289524	0.00812787	0.010865	0.0114184	0.0163717	0.0644513	0.0141884	0.0107632	0.00714883	0.00802108	0.0902208	0.0227992	0.0156221	0.012216	0.547396	0.0771959
95	0.00396741	0.000507062	0.00165172	0.00133213	0.469606	0.0021637	0.0076915	0.0308254	0.0025881	0.285437	0.0320491	0.0102324	0.00219748	0.00148409	0.00569917	0.0140159	0.0085382	0.0218885	0.0110739	0.087051
96	0.0660633	0.000390028	0.19054	0.231387	0.00375016	0.0225578	0.0340641	0.024742	0.072782	0.0186552	0.0116633	0.0548832	0.0135769	0.0760703	0.0365008	0.046101	0.0512951	0.0382587	0.000242825	0.00647596
97	0.0386368	0.000443061	0.0293446	0.0964219	0.00182705	0.00985385	0.0355326	0.0032645	0.346562	0.022112	0.0230981	0.0731543	0.00219299	0.0733717	0.142709	0.0461416	0.0246048	0.00613803	0.0095145	0.0150758
98	0.0172476	0.00672621	0.0232516	0.00612397	0.282493	0.0124744	0.0700728	0.0262502	0.0373889	0.054122	0.0148822	0.0194597	0.00662774	0.0126879	0.0140931	0.0254219	0.0098407	0.0191855	0.00869635	0.332954
99	0.0557249	0.0032298	0.033985	0.0196797	0.00535618	0.00708048	0.022484	0.0188789	0.0140686	0.0299192	0.0062167	0.0521487	0.546131	0.0120205	0.0190564	0.0877855	0.0317176	0.0214702	0.00150857	0.0115384
100	0.0769625	0.00219391	0.0794842	0.128415	0.0120703	0.0489309	0.0575444	0.0106367	0.0869154	0.0219951	0.0043494	0.0876147	0.0202623	0.0993032	0.081264	0.108159	0.039342	0.0146466	0.000176327	0.0197348
101	0.00764598	0.0149183	0.00225346	0.00133573	0.312811	0.00192544	0.0085617	0.0122688	0.00191001	0.0484036	0.0038187	0.0039582	0.00139845	0.00138344	0.00598791	0.0048108	0.00575684	0.00873889	0.00345553	0.548657
102	0.0263133	0.00040564	0.0203719	0.0735745	0.00138301	0.0152692	0.0326714	0.00475212	0.381038	0.0261486	0.0184048	0.0715844	0.00181125	0.0732954	0.167162	0.0452398	0.0158162	0.00652196	0.0072863	0.0109497
103	0.0796351	0.00232798	0.072579	0.0838906	0.0107548	0.0520468	0.0593565	0.0089795	0.0914309	0.0254475	0.0038236	0.108287	0.0189758	0.0861015	0.0808135	0.133251	0.0489095	0.0112265	0.000176456	0.0219863
104	0.0551478	0.00171326	0.0299577	0.0296479	0.00755181	0.0333989	0.0408186	0.0191653	0.101621	0.0332657	0.00501197	0.0850902	0.00797363	0.0465923	0.25963	0.153958	0.0664957	0.00784274	0.00145998	0.0136577
105	0.0278056	0.00704172	0.633414	0.0799477	0.00210099	0.016046	0.0178418	0.00271291	0.00205657	0.0100663	0.00354	0.0890809	0.0221691	0.00176465	0.0150165	0.0571201	0.00459751	0.00299955	0.000781133	0.00389734
106	0.0039347	0.00049417	0.00133678	0.00110358	0.366463	0.00317254	0.00406907	0.0329193	0.00302997	0.407792	0.0576726	0.00760827	0.00299843	0.00123775	0.00340605	0.0111023	0.00893924	0.0179579	0.00768033	0.0570817
107	0.00795727	0.0157783	0.00163801	0.00130317	0.307388	0.00142297	0.00867312	0.0109386	0.00179265	0.0277885	0.00156695	0.00310783	0.00123549	0.00149832	0.00597855	0.00355241	0.005588	0.00770797	0.00253985	0.582544
108	0.00585997	0.00037527	0.00188936	0.00105112	0.0528036	0.00500331	0.00193454	0.0751514	0.00306387	0.67063	0.117875	0.0032841	0.00517742	0.00136762	0.00160807	0.00366058	0.0112944	0.0323532	0.000448518	0.00516809
109	0.437034	0.00334118	0.0155377	0.00754272	0.0027692	0.0458074	0.00418694	0.00442993	0.00351534	0.0115947	0.0189681	0.0104411	0.00266807	0.010371	0.00717431	0.212387	0.110319	0.0850241	0.000688592	0.00620016
110	0.0386522	0.00811094	0.0106761	0.00671077	0.00607239	0.796967	0.0031077	0.0189994	0.00665042	0.0122796	0.00334278	0.00508585	0.00276771	0.00325716	0.0136391	0.0346092	0.0143785	0.00649743	0.000767025	0.00742849
111	0.0613795	0.00368443	0.0876877	0.109768	0.0112632	0.0296262	0.0339373	0.0184342	0.0665238	0.0371711	0.0121107	0.0612985	0.147855	0.0543315	0.0590044	0.113399	0.046873	0.0269606	0.0015512	0.0171396
112	0.148635	0.00937785	0.0249434	0.0183408	0.0135688	0.0254644	0.020497	0.0140255	0.023301	0.0189246	0.00693294	0.0331488	0.0208769	0.012245	0.0249983	0.46628	0.0738715	0.0204681	0.00941919	0.0146807
113	0.0207462	0.0173293	0.0135545	0.00877155	0.238187	0.0114764	0.0193924	0.0232894	0.0151924	0.0449381	0.00800509	0.0147807	0.00516079	0.00923349	0.0166612	0.0252269	0.0165614	0.0199674	0.0128369	0.458689
114	0.0623586	0.00664767	0.054922	0.0434432	0.0450469	0.032315	0.140352	0.0326169	0.0724598	0.0661476	0.0244959	0.0536565	0.0419248	0.0455021	0.055651	0.0856131	0.0445396	0.0317216	0.00478642	0.0557994
115	0.00886539	0.0295631	0.00495813	0.00260049	0.276075	0.00349257	0.00961107	0.0140757	0.00405339	0.0290816	0.00275443	0.00420769	0.00213447	0.00212927	0.0113945	0.00773701	0.00912592	0.00945521	0.0150828	0.553603
116	0.0131572	0.00604179	0.000888546	0.000963259	0.0135355	0.00289707	0.000883058	0.338538	0.00104721	0.071364	0.0126652	0.00105245	0.00202026	0.000930892	0.00107737	0.00237806	0.0119936	0.511362	0.00317926	0.00402591
117	0.0443182	0.00475898	0.0319465	0.0253244	0.00986144	0.00860191	0.0508934	0.0194237	0.0219809	0.0426904	0.00825014	0.0598606	0.490013	0.0165596	0.0177998	0.0721032	0.0372042	0.021757	0.00203107	0.0146213
118	0.070938	0.00196211	0.0823114	0.110142	0.00976393	0.0447723	0.0510932	0.0124302	0.106503	0.0257355	0.00723946	0.0884728	0.0248315	0.0901359	0.0853353	0.109124	0.0443984	0.0170665	0.000689813	0.0170541
119	0.0072575	0.000809957	0.00313078	0.00156184	0.0896772	0.00588329	0.00330863	0.0821119	0.00442496	0.59934	0.100397	0.00482398	0.00497708	0.00201263	0.00281073	0.00726572	0.0159062	0.0466365	0.00154432	0.0161196
120	0.497829	0.00394524	0.0101941	0.00491041	0.00312733	0.0268871	0.00397239	0.00507195	0.00385239	0.0159151	0.0270245	0.00770129	0.00624647	0.0138465	0.00566704	0.14935	0.111402	0.0942284	0.000940776	0.00788805
121	0.0653963	0.000417905	0.198971	0.230951	0.00328942	0.0202213	0.0353076	0.0236659	0.0732362	0.0180362	0.010566	0.0535536	0.0128462	0.079428	0.0371258	0.0428196	0.0499975	0.0378216	0.000243347	0.00610593
122	0.281718	0.00297228	0.00782526	0.00603033	0.00748283	0.0112086	0.00474191	0.0143703	0.0274264	0.142826	0.0124938	0.00750068	0.00606034	0.0135336	0.0463224	0.0489561	0.0522679	0.285178	0.00171784	0.0193677
123	0.0189976	0.000706113	0.000737009	0.000536439	0.0173195	0.00234181	0.00187832	0.350848	0.000796295	0.234562	0.0605343	0.00203455	0.00517855	0.00373558	0.000754635	0.0153598	0.0345945	0.244141	0.000272244	0.00467161
124	0.034405	0.000685039	0.0132051	0.00106758	0.0167818	0.00225984	0.0130893	0.279918	0.00151283	0.299168	0.0462484	0.0246334	0.00395973	0.00571108	0.00227759	0.0197596	0.0258503	0.191987	0.000364692	0.0171152
125	0.0750248	0.00200753	0.100323	0.117695	0.0103309	0.0476445	0.0535613	0.0119796	0.0862673	0.0216455	0.00446596	0.0930674	0.0206717	0.0890441	0.0817178	0.108347	0.0406703	0.0162519	0.000142543	0.0191417
126	0.0258784	0.000738062	0.020102	0.0651852	0.00208499	0.0401389	0.0418597	0.00712101	0.309072	0.02788	0.0145907	0.0868699	0.00672823	0.0919216	0.170564	0.0478352	0.0167365	0.00984418	0.00519043	0.00965829
127	0.112723	0.00575767	0.016995	0.015854	0.00476164	0.523217	0.0108037	0.0129036	0.0223158	0.0118237	0.00364924	0.0230053	0.00417845	0.0151262	0.0443662	0.12792	0.0245266	0.0107464	0.00093982	0.00838608
128	0.0144564	0.00429522	0.000711932	0.000662494	0.0156041	0.00218625	0.00106368	0.35227	0.000872938	0.127228	0.0271708	0.00125358	0.002991	0.00171118	0.000883576	0.0062884	0.0188278	0.415758	0.00203086	0.00373377
129	0.125249	0.00255609	0.00897739	0.0100991	0.100141	0.0269374	0.00981366	0.0654107	0.0118935	0.337368	0.0848441	0.0125797	0.0187528	0.00905463	0.0254021	0.0269553	0.0403635	0.0573159	0.00436352	0.0219228
130	0.0195125	0.000496752	0.000731988	0.000530114	0.0173458	0.00233627	0.00196273	0.348576	0.000781726	0.239342	0.0623635	0.00206591	0.00492348	0.00391906	0.00076789	0.0160606	0.0360753	0.237384	0.000175186	0.0046498
131	0.0377489	0.00958439	0.00859809	0.00736046	0.00469019	0.793739	0.00328087	0.0180959	0.00834549	0.00868016	0.00332305	0.00735177	0.00272447	0.00421392	0.0161377	0.0371106	0.01407	0.00504592	0.000835114	0.00906401
132	0.0355017	0.00283449	0.31325	0.0397106	0.00580465	0.0290889	0.0167439	0.00734832	0.0280836	0.0202683	0.011535	0.270869	0.0264142	0.0182774	0.0217668	0.0848982	0.0404158	0.00885399	0.00115491	0.0171802
133	0.198161	0.00233686	0.00947252	0.00829068	0.00629513	0.0118613	0.0160403	0.0212091	0.00663808	0.0179366	0.00988449	0.0313023	0.455142	0.0052459	0.00950595	0.0820333	0.0469948	0.0481382	0.00152534	0.0119856
134	0.10399	0.00255316	0.0379612	0.00885809	0.0299895	0.0089698	0.0177661	0.0964169	0.0111557	0.281698	0.0275402	0.0308584	0.0059764	0.0111687	0.0148988	0.0300993	0.0312621	0.200842	0.00255457	0.0454414
135	0.00420825	0.000490763	0.00117198	0.00145119	0.0543188	0.005576	0.00163727	0.053222	0.00357744	0.681537	0.138469	0.00229232	0.00587939	0.00116951	0.00169673	0.00476347	0.0128295	0.0222822	0.000430385	0.00299687
136	0.0585365	0.000457644	0.208158	0.224683	0.00301919	0.0158348	0.0405633	0.0181205	0.0892652	0.0161286	0.00890203	0.0527208	0.0122508	0.0849227	0.0459691	0.0383946	0.0420189	0.0324071	0.000769476	0.00687769
137	0.0249783	0.00285775	0.0695437	0.00811262	0.234191	0.0260183	0.0448454	0.0329051	0.0519499	0.0728046	0.0119657	0.0372117	0.0120679	0.00712274	0.0087936	0.0587897	0.013063	0.0336492	0.00984334	0.239287
138	0.132392	0.000937099	0.0984813	0.0709868	0.010025	0.0877566	0.0152379	0.00495494	0.0315682	0.00899356	0.0041426	0.100671	0.0088381	0.00990741	0.0108342	0.268623	0.10887	0.00465183	0.000812989	0.0213159
139	0.0576998	0.00194294	0.00746346	0.0174319	0.0151552	0.0153705	0.0189457	0.16218	0.0895481	0.0808519	0.0633205	0.0365128	0.00523673	0.0393687	0.103979	0.0295954	0.124028	0.119675	0.0015089	0.0101851
140	0.0334261	0.00313151	0.322131	0.029534	0.00617387	0.0222547	0.0122297	0.00844031	0.0190518	0.022203	0.0241201	0.276423	0.0207932	0.0117045	0.0151028	0.0946276	0.0372456	0.00880216	0.00132541	0.0312799
141	0.0738252	0.00834575	0.0126555	0.0376377	0.0506216	0.0275874	0.00199408	0.141083	0.0328678	0.102817	0.0490999	0.00645317	0.0148248	0.0201619	0.0171358	0.0708075	0.101548	0.19627	0.0083401	0.0259245
142	0.111951	0.00187546	0.0321607	0.0606513	0.0240603	0.02137	0.0306832	0.025203	0.0879416	0.0764719	0.0208306	0.0754043	0.0462249	0.0755109	0.0801834	0.122739	0.0488876	0.0282292	0.000861899	0.0287593
143	0.40563	0.00362687	0.0146357	0.013296	0.0025852	0.0686577	0.00782112	0.00320594	0.00323913	0.00642923	0.00721808	0.0217252	0.00298175	0.00378645	0.012452	0.345026	0.0279878	0.0429289	0.00112254	0.00564467
144	0.0796243	0.0074138	0.0113863	0.0401513	0.0342625	0.0293196	0.00216981	0.143712	0.0412546	0.0867067	0.0458431	0.00744612	0.0135926	0.0246243	0.0323619	0.0667152	0.0987491	0.206857	0.00758487	0.0202243
145	0.0429763	0.00307973	0.0656333	0.0101561	0.263744	0.0583674	0.0198938	0.0462209	0.0105697	0.0724135	0.0165104	0.016628	0.0284723	0.00361571	0.00543291	0.0737312	0.0140215	0.0122363	0.0147514	0.221545
146	0.05941	0.00045809	0.219213	0.237738	0.00284529	0.0149324	0.0400151	0.0193139	0.0757215	0.017644	0.00854822	0.0449729	0.0143172	0.0841908	0.0382605	0.0372592	0.0446407	0.0346417	0.000312033	0.00556492
147	0.00804361	0.0157895	0.00158003	0.00130858	0.307156	0.0014079	0.00877072	0.0110093	0.0017367	0.0264608	0.00146945	0.00303137	0.00125107	0.00144457	0.00598691	0.00354401	0.00551846	0.00771708	0.00252656	0.584247
148	0.00397688	0.000548514	0.00170839	0.00139573	0.462444	0.00226854	0.00871767	0.0309059	0.0027393	0.285394	0.032405	0.0100077	0.00225924	0.0015772	0.006479	0.0142496	0.00859407	0.0226635	0.0116146	0.0900508
149	0.0145106	0.0317916	0.00799177	0.00670991	0.0331625	0.00828529	0.010701	0.012377	0.00977958	0.0573827	0.0157923	0.00984937	0.00741146	0.00597095	0.0638557	0.0259835	0.0163234	0.0133645	0.56299	0.0857668
150	0.169138	0.0115306	0.0128009	0.0055798	0.00627764	0.0101456	0.0201152	0.00375319	0.00912781	0.0130752	0.00272465	0.0297675	0.00433414	0.0033805	0.0132898	0.591772	0.064226	0.0124883	0.0051672	0.0113057
151	0.0625556	0.00340777	0.122875	0.0958041	0.0129436	0.0353083	0.0708894	0.0132869	0.103572	0.0297976	0.00898293	0.0772193	0.0248632	0.0746129	0.0908693	0.0929729	0.0375529	0.0185166	0.00273969	0.0212295
152	0.057089	0.00769424	0.00653986	0.00659512	0.0044525	0.797397	0.00252655	0.0161358	0.00522458	0.00906029	0.00283352	0.00362334	0.00272346	0.00257268	0.013394	0.0368121	0.0136385	0.00494574	0.00078923	0.00595248
153	0.0224683	0.000605397	0.00231591	0.000850254	0.0187106	0.00259876	0.00298058	0.320372	0.00122234	0.273405	0.0637386	0.00419392	0.00540909	0.00395044	0.00114312	0.0157621	0.032353	0.220635	0.000312838	0.00697196
154	0.0311925	0.0042611	0.00810326	0.0102972	0.0353735	0.0143308	0.00823137	0.272105	0.0153181	0.145178	0.0376732	0.0139684	0.0153539	0.0114266	0.0167136	0.0253128	0.0440433	0.26453	0.0108272	0.0157605
155	0.0756382	0.0069587	0.0395467	0.0317567	0.0687464	0.0261613	0.0297075	0.0224343	0.0389317	0.0394805	0.0165373	0.0753822	0.0173518	0.0287226	0.0394813	0.294405	0.0895111	0.0221711	0.00601834	0.0310577
156	0.0363016	0.00140834	0.208119	0.0117714	0.0057655	0.0248521	0.0100789	0.00605068	0.0272463	0.0197665	0.0157063	0.401798	0.0197089	0.0117148	0.0108222	0.104269	0.046087	0.00635547	0.00116486	0.0310133
157	0.030825	0.00627196	0.0659035	0.0218473	0.256478	0.052176	0.0187907	0.0501686	0.0120131	0.0477153	0.0129239	0.016081	0.0166125	0.0045251	0.00722086	0.0763855	0.0282105	0.0233334	0.0384845	0.214034
158	0.0763739	0.00165236	0.0942684	0.128033	0.0101376	0.0525185	0.0436475	0.0174858	0.0638273	0.021188	0.00611434	0.0779845	0.0184942	0.0599128	0.060078	0.162896	0.0669955	0.0154956	0.000729095	0.0221683
159	0.0842495	0.00162422	0.0487972	0.0534179	0.00864756	0.0509935	0.0423433	0.0095801	0.107865	0.0279828	0.00465258	0.0756877	0.0137786	0.0826136	0.160954	0.129929	0.0680256	0.0102813	0.00050251	0.0180734
160	0.0689369	0.00793639	0.013561	0.0428208	0.0535714	0.0309828	0.00261506	0.134126	0.0334306	0.101587	0.0532296	0.00627067	0.0171212	0.0190653	0.0177972	0.066144	0.0781877	0.206464	0.00988337	0.0362692
161	0.0670649	0.0012145	0.145388	0.162486	0.00782779	0.0484634	0.0438324	0.0185912	0.0732249	0.019789	0.00751178	0.0819754	0.0208167	0.0743749	0.0609527	0.0794014	0.0478839	0.0240074	0.000378532	0.0148155
162	0.0844924	0.00177932	0.0716751	0.0770507	0.00943946	0.0539652	0.0496051	0.0086583	0.0910465	0.0230614	0.00481028	0.117739	0.0167792	0.0760428	0.0801333	0.139396	0.0623627	0.011018	0.000275916	0.0206701
163	0.0699777	0.00820822	0.0102989	0.0436238	0.0426639	0.0277668	0.00213006	0.141515	0.0301074	0.0999006	0.0566189	0.00510419	0.0207579	0.0198313	0.0205743	0.061507	0.0806291	0.220095	0.0131541	0.0255363
164	0.0772272	0.00591435	0.00711968	0.00446577	0.0313133	0.00825462	0.0188283	0.00619211	0.00660758	0.00907683	0.00347611	0.0236804	0.0153069	0.00305498	0.0210391	0.488622	0.254608	0.00618498	0.00263793	0.00639007
165	0.0726016	0.00168278	0.0869176	0.109853	0.00977648	0.0406042	0.0412791	0.0144098	0.104235	0.0275024	0.0113954	0.078141	0.0451514	0.0813584	0.0693931	0.112957	0.0542072	0.0224652	0.000230636	0.0158387
166	0.0647723	0.00785483	0.0176003	0.100202	0.0412219	0.0252435	0.0036509	0.121057	0.0414469	0.0925537	0.0481009	0.00690452	0.01422	0.0181211	0.0181752	0.0630025	0.0798282	0.20715	0.00813177	0.0207618
167	0.0195545	0.000501972	0.000711696	0.000573245	0.0179302	0.00246169	0.00191425	0.348919	0.000851534	0.237083	0.0627699	0.00203185	0.00490381	0.00407083	0.000841841	0.0163137	0.0363355	0.237409	0.00021942	0.00460351
168	0.107588	0.00274585	0.0384607	0.0328291	0.011292	0.187243	0.0115564	0.00791747	0.0153429	0.0117189	0.00513837	0.0653897	0.0248296	0.00569968	0.0110394	0.31104	0.128695	0.00855661	0.00202169	0.0108959
169	0.0752865	0.00211908	0.0941583	0.108992	0.0108185	0.0487063	0.0539137	0.0114581	0.0890355	0.0222235	0.00436073	0.0957768	0.0219904	0.0906806	0.083742	0.110798	0.0399032	0.0158055	0.000137646	0.0200938
170	0.0328495	0.00324053	0.0647543	0.00896929	0.277809	0.0330371	0.0520874	0.0425645	0.0242537	0.0425571	0.00993078	0.0305986	0.013633	0.00494742	0.00639637	0.0612736	0.0125204	0.0171806	0.0121054	0.249292
171	0.012733	0.00617836	0.000912443	0.000976301	0.0135034	0.00281449	0.000891285	0.335503	0.00104317	0.0651181	0.0107857	0.0011163	0.00191016	0.000775616	0.00111907	0.00185974	0.0111447	0.524034	0.00339916	0.00418268
172	0.0272858	0.00666369	0.610506	0.0741989	0.00244928	0.0191497	0.0188081	0.00329677	0.00648108	0.0109889	0.0036094	0.093652	0.0204559	0.00625104	0.0200457	0.0594139	0.00724345	0.00401	0.000736771	0.00475407
173	0.0770725	0.00182719	0.0400109	0.0656226	0.0138669	0.0165719	0.0353909	0.0181765	0.111654	0.0523215	0.0270735	0.0619572	0.0799309	0.0871261	0.0888733	0.110285	0.0565143	0.0322957	0.000775406	0.0226539
174	0.0319583	0.00457812	0.0842782	0.0112641	0.273543	0.0538486	0.0244507	0.0397909	0.0130396	0.051658	0.0110106	0.0200377	0.0185559	0.00352214	0.00559086	0.0638195	0.0163806	0.0147488	0.0186117	0.239313
175	0.0282361	0.00567836	0.581548	0.0601644	0.00304557	0.01745	0.0218492	0.00344824	0.00672732	0.0124709	0.00469553	0.121264	0.0202884	0.0053975	0.0165946	0.0676579	0.0117809	0.0039941	0.000797465	0.0069114
176	0.0160577	0.00362647	0.000710911	0.000584316	0.0150036	0.00238752	0.00122862	0.348109	0.00077297	0.14902	0.033894	0.00146328	0.0033437	0.00215488	0.000870656	0.008328	0.0221363	0.384698	0.00170556	0.00390425
177	0.0222157	0.00179873	0.0074398	0.00346864	0.0244164	0.00643654	0.00863619	0.266143	0.00722492	0.321281	0.0416913	0.0118184	0.00532226	0.00670148	0.00618972	0.0223352	0.0749232	0.129267	0.00153422	0.0311564
178	0.207176	0.00368918	0.011613	0.0116704	0.0577872	0.0905869	0.0119972	0.0291757	0.0121558	0.201004	0.0581219	0.0157326	0.0487988	0.00912036	0.0831168	0.0260407	0.0798207	0.0274016	0.00312506	0.0118662
179	0.0315587	0.00481413	0.470504	0.0424673	0.00277131	0.0174168	0.0153271	0.00412469	0.00747243	0.0159715	0.007558	0.183631	0.0764961	0.00405664	0.0129342	0.0660982	0.0212178	0.00490106	0.000944622	0.00973379
180	0.0707306	0.00699521	0.011034	0.0343208	0.035686	0.0246517	0.00311704	0.15086	0.046008	0.106338	0.0415761	0.00788424	0.019342	0.0177832	0.0190268	0.0748696	0.0905453	0.211085	0.00770728	0.0204391
181	0.059542	0.168205	0.0321631	0.0201557	0.0494711	0.0600481	0.0225435	0.0448709	0.0219614	0.0523428	0.0197997	0.0241371	0.0191694	0.0178408	0.0362457	0.0958729	0.0422513	0.0610587	0.067167	0.0851535
182	0.0516962	0.00170557	0.0462834	0.00351817	0.0387979	0.00499954	0.0263588	0.153613	0.00567075	0.32456	0.0303742	0.0627542	0.00413587	0.0110457	0.00885603	0.0251543	0.0188567	0.136604	0.00135467	0.0436613
183	0.0664727	0.00783226	0.0103011	0.0465112	0.0421207	0.0293531	0.00213654	0.140252	0.0301307	0.0987254	0.0492557	0.00498085	0.0186647	0.0189311	0.0189505	0.0626554	0.0749325	0.240639	0.010175	0.0269796
184	0.0402378	0.00499402	0.468132	0.125917	0.00359399	0.0202439	0.0262465	0.00796925	0.0313202	0.0133826	0.00544173	0.0765797	0.0203871	0.0307514	0.0271168	0.0582361	0.0203821	0.0120873	0.000648337	0.00633182
185	0.0807533	0.00473625	0.0100841	0.0121508	0.0129774	0.0119512	0.0115921	0.157497	0.0132961	0.0382704	0.0556886	0.016166	0.316866	0.0086708	0.0119211	0.0460039	0.0406486	0.131602	0.00445677	0.0146684
186	0.0623426	0.160957	0.0383699	0.0205001	0.0488562	0.0684221	0.0225344	0.0502409	0.0246248	0.0522738	0.0191689	0.0261564	0.0235602	0.0168132	0.0289227	0.0923554	0.0499748	0.0668356	0.0451028	0.0819882
187	0.0194209	0.000496728	0.000721867	0.000532335	0.0174699	0.00242475	0.0019307	0.349972	0.000807469	0.237495	0.0627353	0.0020662	0.00488975	0.00393437	0.000807028	0.0161675	0.0362465	0.237078	0.000181288	0.00462133
188	0.0459035	0.00122308	0.158384	0.159556	0.0075024	0.0804584	0.0117524	0.0120236	0.0408094	0.0370893	0.0209523	0.0465133	0.0392223	0.0377963	0.0143726	0.128081	0.129208	0.0165325	0.000814676	0.0118052
189	0.0791457	0.00245587	0.0803567	0.0927779	0.0152981	0.0506383	0.0592469	0.0100197	0.0906067	0.0254045	0.00391719	0.0944132	0.0207549	0.0877802	0.0863761	0.122155	0.0402719	0.0140459	0.000369213	0.0239655
190	0.0336988	0.000537973	0.0263462	0.093017	0.00271776	0.00801346	0.0346358	0.00357066	0.367016	0.0218791	0.0234307	0.069778	0.00175235	0.0713821	0.146242	0.0408125	0.020063	0.00570379	0.00951002	0.0198931
191	0.080644	0.00770816	0.0111708	0.0401705	0.0344304	0.0283941	0.00235161	0.144026	0.0385279	0.0863079	0.044632	0.00697486	0.0139167	0.0227755	0.0310645	0.0692362	0.0966661	0.212732	0.00773779	0.0205326
192	0.0851307	0.00161372	0.0204902	0.0487763	0.0228106	0.017643	0.0210432	0.0538431	0.0946017	0.0694713	0.0353347	0.0565693	0.0352	0.0743938	0.101233	0.0935373	0.0795086	0.0633818	0.00125463	0.0241633
193	0.0180657	0.0158627	0.0134207	0.00653531	0.243924	0.00937313	0.0212236	0.0214256	0.0139076	0.0427176	0.00862127	0.0097807	0.00626667	0.00797219	0.0125764	0.0235457	0.0133376	0.021142	0.0149846	0.475317
