300	20
1	0.0955262	0.00719916	0.0211011	0.0510522	0.0557746	0.0285717	0.00468417	0.0776289	0.00625968	0.0757025	0.0546896	0.00742319	0.0397426	0.0543397	0.0906464	0.162748	0.032511	0.0770309	0.0191197	0.0382485
2	0.0210389	0.00992511	0.000450205	0.000505756	0.0458481	0.000608107	0.00091025	0.207865	0.000859252	0.408093	0.0750009	0.00123246	0.00267389	0.00280118	0.00413504	0.00784072	0.0134065	0.189311	0.00205465	0.0054396
3	0.0864075	0.0782527	0.0244939	0.0251527	0.00906189	0.0747226	0.0154262	0.0162051	0.0187522	0.0190185	0.0129185	0.0444672	0.0125711	0.0149845	0.0235042	0.363443	0.11582	0.0339344	0.00368375	0.00717961
4	0.0671071	0.00309828	0.0181596	0.0481534	0.00364646	0.0309888	0.0207206	0.00689807	0.257606	0.00568133	0.00747317	0.0460571	0.0219234	0.039885	0.271593	0.0680404	0.0655688	0.0137176	0.000886601	0.00279484
5	0.0134401	0.00451654	0.00309943	0.00634313	0.0546991	0.00822861	0.00414483	0.134468	0.0347049	0.19919	0.264337	0.00728475	0.00182695	0.00728242	0.108426	0.0162589	0.0168195	0.104029	0.00571726	0.00518336
6	0.391192	0.0470534	0.00300111	0.0068785	0.0138894	0.128063	0.00277618	0.0412747	0.00485649	0.0328945	0.014677	0.00457932	0.00143406	0.00338047	0.0125427	0.0513307	0.0555082	0.181913	0.00101022	0.00174538
7	0.110081	0.0048218	0.00391143	0.00520264	0.0144925	0.0423991	0.00408455	0.0415141	0.00475187	0.0525498	0.0706125	0.0891733	0.0027025	0.00420949	0.0387956	0.193819	0.232324	0.0809256	0.00121792	0.0024115
8	0.138114	0.00810463	0.0891334	0.112267	0.0071269	0.00856723	0.0371697	0.0959768	0.0530602	0.0947716	0.0138044	0.0193002	0.00635449	0.04786	0.027162	0.0417912	0.0253572	0.140423	0.0274623	0.00619446
9	0.257309	0.0265516	0.0199654	0.0219931	0.0131916	0.195423	0.00800075	0.0293573	0.0140351	0.0645648	0.0210769	0.0276766	0.0178567	0.0135464	0.0207379	0.0962675	0.0694573	0.0708468	0.00506804	0.00707465
10	0.0299428	0.0040681	0.00240656	0.0105209	0.108659	0.0203961	0.00205507	0.0851852	0.00554131	0.354381	0.186445	0.00278468	0.00252523	0.0135886	0.0169665	0.0285118	0.0322803	0.0644042	0.0236638	0.00567403
11	0.0552754	0.00115039	0.108584	0.22954	0.000682911	0.0425144	0.0214197	0.00794971	0.152512	0.00768815	0.0111616	0.061129	0.0338368	0.0763495	0.104867	0.0306659	0.0306855	0.021403	0.00029683	0.00228713
12	0.110876	0.00347337	0.035631	0.173199	0.00739882	0.012107	0.00817376	0.00872944	0.206405	0.0120619	0.0141434	0.0243946	0.00379356	0.038142	0.164316	0.0554751	0.0586725	0.0593626	0.000885589	0.00275892
13	0.0907862	0.0479297	0.00411231	0.00664438	0.176583	0.0216347	0.063892	0.0243323	0.00688857	0.0730371	0.0338232	0.0107341	0.00510239	0.00586862	0.0215976	0.0275956	0.0347587	0.0486904	0.013878	0.282111
14	0.139217	0.00778896	0.063487	0.2107	0.037149	0.0173367	0.0073158	0.0129704	0.0824102	0.0991158	0.00812906	0.0738737	0.00336736	0.0495861	0.0444838	0.0885762	0.0261692	0.0167545	0.00657059	0.00499887
15	0.0887086	0.00873917	0.105888	0.188625	0.0032038	0.0314441	0.0146277	0.0176196	0.115921	0.019841	0.012229	0.0593755	0.00502684	0.0515661	0.0961182	0.091413	0.0602998	0.01983	0.00417053	0.00535302
16	0.00706803	0.00110439	0.707915	0.0488472	0.000955685	0.00190172	0.00136087	0.00133365	0.00158144	0.00157076	0.00120052	0.174546	0.00840361	0.00850008	0.0101351	0.0146684	0.00260262	0.00444931	0.000479212	0.00137624
17	0.0564864	0.00589088	0.14264	0.0855084	0.0154398	0.0418921	0.071124	0.0179827	0.0475855	0.0292238	0.015568	0.0668046	0.00628418	0.0364969	0.0643001	0.131141	0.115853	0.0248547	0.000861509	0.024063
18	0.0442061	0.00692106	0.0411941	0.0614839	0.00697376	0.032069	0.0308642	0.00994668	0.191367	0.0109951	0.0110421	0.173696	0.0108422	0.0391396	0.203702	0.0584188	0.0415663	0.015777	0.00220448	0.00758977
19	0.0447753	0.00550098	0.017246	0.0177932	0.00546584	0.0143144	0.013799	0.0103385	0.0150762	0.0149683	0.00718483	0.0215852	0.487441	0.0362658	0.0586446	0.101006	0.108869	0.0126001	0.00190186	0.00522431
20	0.0334104	0.00619684	0.221778	0.0582862	0.0035417	0.148692	0.0435741	0.00196098	0.0619574	0.00152771	0.0019393	0.187601	0.00581805	0.0385636	0.0235563	0.0955349	0.0500254	0.010665	0.00187878	0.00349171
21	0.136243	0.0224664	0.0548337	0.0444613	0.0106572	0.373962	0.0128799	0.0135726	0.0274647	0.023914	0.0119307	0.043251	0.00995052	0.0160456	0.0329729	0.0918687	0.0340388	0.0301684	0.00342477	0.00589325
22	0.0523148	0.0379618	0.00371051	0.00600219	0.0324292	0.00703612	0.0189646	0.279489	0.00506986	0.0795153	0.0582671	0.00658887	0.00402934	0.00693085	0.00801809	0.0176585	0.0240992	0.312048	0.00242554	0.0374412
23	0.0164637	0.00819172	0.0004978	0.000744746	0.0427145	0.000723477	0.00106344	0.261493	0.000908552	0.371457	0.070162	0.00131115	0.00201103	0.002471	0.00422805	0.00623409	0.0107182	0.192277	0.00165754	0.00467292
24	0.0588543	0.0115024	0.0833918	0.146297	0.00754708	0.023118	0.0203241	0.0212708	0.0613016	0.0533875	0.0164527	0.0876609	0.0115746	0.121307	0.0550998	0.0861557	0.0439976	0.0777418	0.00427351	0.00874094
25	0.0199272	0.00475033	0.00125836	0.00593073	0.115772	0.0107608	0.0012425	0.0938883	0.00486034	0.389424	0.203669	0.00248753	0.00102889	0.00690804	0.0139121	0.0175604	0.0215942	0.059913	0.0157398	0.0093724
26	0.221101	0.0248135	0.0275378	0.0295657	0.0042913	0.32818	0.00441268	0.00556199	0.0109833	0.0448226	0.0145103	0.0369195	0.00654743	0.00981689	0.0140788	0.172535	0.0238175	0.0117847	0.00597549	0.00274507
27	0.059522	0.0169474	0.00196246	0.00376633	0.0480426	0.00733568	0.00365091	0.160164	0.00633061	0.296205	0.0704309	0.00555474	0.00323612	0.00578074	0.0079841	0.0318982	0.0564662	0.203834	0.00445868	0.00642977
28	0.468682	0.0168602	0.0670118	0.0663442	0.00881552	0.0292241	0.0277047	0.00805471	0.0143436	0.00901156	0.00464145	0.01739	0.00553813	0.0137656	0.0151643	0.139808	0.0492115	0.0309475	0.00187653	0.00560463
29	0.0447625	0.00283204	0.143658	0.452593	0.00249695	0.0198051	0.0205523	0.00489048	0.0575234	0.00598211	0.00555181	0.0257958	0.0186273	0.0820791	0.0447564	0.0233471	0.0169937	0.0204715	0.00134764	0.00593388
30	0.0967715	0.0368521	0.0102606	0.0133728	0.00672308	0.0328487	0.0205478	0.0135951	0.0137799	0.016446	0.00719045	0.199904	0.00957822	0.0163543	0.0144356	0.378036	0.0731061	0.0310501	0.00450455	0.00464267
31	0.0316631	0.0111216	0.0254457	0.0502021	0.0071435	0.0174262	0.0364479	0.0302555	0.187163	0.0167313	0.0266044	0.0715573	0.0050132	0.149171	0.161571	0.0470509	0.0744385	0.0200981	0.00227502	0.0286211
32	0.0211295	0.00532215	0.00143797	0.00588015	0.0998179	0.00977105	0.00184213	0.109355	0.00516967	0.389315	0.182466	0.00256418	0.00117027	0.00693123	0.0133604	0.0162476	0.0227719	0.0808316	0.0162693	0.00834673
33	0.0605499	0.167514	0.00423155	0.00364946	0.00326951	0.0419485	0.00655713	0.00797815	0.00286103	0.0151978	0.00275566	0.0251587	0.00673151	0.0100432	0.00358359	0.50517	0.0940948	0.0312279	0.00329543	0.00418225
34	0.0412059	0.00832585	0.00550254	0.0263517	0.189976	0.0266959	0.00553736	0.0556488	0.00561328	0.293116	0.0915154	0.00618339	0.00395538	0.0116622	0.0145117	0.0689175	0.035969	0.0592435	0.0313529	0.0187154
35	0.0195033	0.00361385	0.581524	0.0557824	0.00279979	0.0231726	0.00864253	0.00307224	0.0142106	0.00424706	0.00284559	0.159537	0.0240374	0.015291	0.0182301	0.0369356	0.0150462	0.00753259	0.000970929	0.00300569
36	0.0215375	0.00425697	0.000965928	0.00577561	0.098192	0.0108642	0.00112544	0.106366	0.0041041	0.402495	0.191529	0.0019809	0.000992607	0.00690516	0.0126221	0.017773	0.0231416	0.0686739	0.0158608	0.00483755
37	0.0161226	0.00796514	0.000515964	0.000661013	0.041668	0.000652169	0.000856756	0.266701	0.000876865	0.376231	0.0656941	0.00112907	0.00194724	0.00227641	0.00415177	0.00593316	0.0106782	0.190045	0.00160425	0.00429075
38	0.0269839	0.00534589	0.0307248	0.158613	0.00408799	0.0523131	0.0432705	0.0274898	0.148981	0.0275409	0.00926625	0.0290961	0.00757242	0.222511	0.116281	0.02486	0.0232923	0.0322506	0.0017685	0.00775025
39	0.0583102	0.000790345	0.126168	0.247899	0.000424556	0.0464191	0.0188399	0.00633046	0.136146	0.00605618	0.0097659	0.0611855	0.0389842	0.0773708	0.0851643	0.0289846	0.0305053	0.0186418	0.000242911	0.00177131
40	0.0672678	0.0255787	0.0159131	0.0326333	0.160303	0.0242371	0.02439	0.00961825	0.0748872	0.0327754	0.00751368	0.0312683	0.00429613	0.0319884	0.0798736	0.0525096	0.0167475	0.0138872	0.146583	0.147729
41	0.0154121	0.00777841	0.00113501	0.00220356	0.0533312	0.00294657	0.00118688	0.19274	0.00580089	0.322109	0.188574	0.0048211	0.001783	0.00327482	0.0158091	0.0109416	0.0115079	0.148511	0.00324539	0.00688957
42	0.0771145	0.0037767	0.0406312	0.0983071	0.00201552	0.00246577	0.0326963	0.0401736	0.109823	0.104801	0.0472457	0.0482829	0.00611073	0.0394005	0.111279	0.0633104	0.0632399	0.103342	0.00153748	0.00444612
43	0.379433	0.0350007	0.00358486	0.00758341	0.0187129	0.165561	0.00261041	0.0537555	0.0039149	0.0486807	0.020524	0.00446113	0.00262198	0.00378676	0.0189525	0.0426531	0.0309202	0.15344	0.00185049	0.00195256
44	0.0997784	0.0309517	0.00898483	0.0131813	0.0151111	0.0602769	0.00992953	0.110254	0.0125669	0.145503	0.0439547	0.0626581	0.0621874	0.0368202	0.018314	0.0605107	0.0829581	0.0835231	0.00419155	0.0383444
45	0.0326509	0.0501455	0.00286793	0.0051021	0.200909	0.00685193	0.0797666	0.00344359	0.00477146	0.0451034	0.0128618	0.0139043	0.00186915	0.00464455	0.0231073	0.0300984	0.0119364	0.0153679	0.0211341	0.433463
46	0.0539114	0.00192599	0.118606	0.218739	0.00158147	0.0592927	0.0214635	0.00766727	0.128861	0.00782037	0.0092099	0.0640953	0.0459385	0.0843841	0.0836851	0.0349099	0.0331654	0.0217555	0.000556492	0.00243124
47	0.0628486	0.00853207	0.138683	0.0487954	0.00592567	0.0295853	0.0297067	0.0118644	0.0313236	0.0205034	0.00816749	0.0687263	0.21904	0.0396463	0.0650713	0.100311	0.0826856	0.0195024	0.00251286	0.00656955
48	0.0164249	0.02807	0.00216402	0.00376434	0.343732	0.00452224	0.0362686	0.0100915	0.00299109	0.146979	0.0482332	0.00865232	0.00127418	0.00348857	0.00751549	0.0382599	0.0172772	0.0150979	0.0287368	0.236457
49	0.0449312	0.00462671	0.0593798	0.0816149	0.00603514	0.0333237	0.321068	0.0124646	0.0635353	0.00720267	0.0137261	0.0199213	0.0504957	0.0564871	0.084881	0.0700623	0.0286302	0.0191544	0.00435658	0.0181029
50	0.109872	0.0204839	0.0305363	0.0471749	0.0192153	0.286864	0.0148348	0.0274735	0.0380521	0.0745784	0.0274643	0.029012	0.0134219	0.0267819	0.0764156	0.0675116	0.0320299	0.0391225	0.00801824	0.0111367
51	0.0225683	0.00274601	0.00164526	0.00970842	0.10573	0.0175216	0.00142701	0.0865316	0.00603223	0.361699	0.222739	0.00255378	0.00132275	0.0104905	0.0207024	0.0250683	0.0282189	0.0530184	0.0171595	0.00311683
52	0.0968641	0.00346837	0.0435796	0.0752229	0.00263627	0.00621131	0.0372018	0.0357161	0.0906798	0.0993072	0.0353145	0.0332246	0.108051	0.0726568	0.0593413	0.0585683	0.0653546	0.0622301	0.00154936	0.0128223
53	0.142678	0.0116071	0.0994762	0.208361	0.00449738	0.0311745	0.0045141	0.0207242	0.0645666	0.0296219	0.00701908	0.0468609	0.00168943	0.0595371	0.0543304	0.129388	0.0540717	0.0133994	0.0115717	0.00491117
54	0.0114383	0.0207569	0.00146063	0.00362404	0.301679	0.00477608	0.00915815	0.0428473	0.00245624	0.28871	0.10695	0.00471091	0.000999782	0.00335252	0.00498955	0.0221521	0.0136191	0.037523	0.029379	0.0894177
55	0.031762	0.0417521	0.0104532	0.0229722	0.0114003	0.0201149	0.0163684	0.045115	0.134801	0.0449606	0.0139999	0.0226216	0.00659173	0.0301353	0.34513	0.0488958	0.113729	0.0231144	0.00346341	0.0126189
56	0.0100058	0.0155342	0.0332206	0.0344933	0.00337665	0.00536544	0.00824752	0.0216626	0.176527	0.0204903	0.081125	0.156385	0.00208796	0.122896	0.0959994	0.0667736	0.0927361	0.0289742	0.00110387	0.0229949
57	0.525553	0.0170516	0.0199502	0.081469	0.0054676	0.0446456	0.00969901	0.00801086	0.0126114	0.00894771	0.00647034	0.00857357	0.00277709	0.0266125	0.0132335	0.0935777	0.0289903	0.0802597	0.00220007	0.00389888
58	0.0142483	0.00634042	0.00147154	0.00398186	0.0688904	0.00606381	0.00156115	0.15982	0.00875241	0.282596	0.262233	0.00459876	0.00111724	0.0045691	0.0210357	0.0122212	0.0138857	0.115073	0.00642511	0.00511488
59	0.691332	0.0209062	0.00832361	0.0132174	0.00486438	0.0424113	0.0043105	0.00499669	0.00298324	0.00409687	0.00185109	0.00274759	0.00127805	0.00490109	0.00321887	0.112619	0.0455665	0.0285802	0.000681867	0.00111293
60	0.048171	0.00229797	0.0987743	0.181308	0.000780647	0.0418799	0.0238883	0.0116459	0.172888	0.012929	0.0139166	0.0749906	0.0147114	0.0729496	0.130069	0.0460216	0.0348728	0.0142129	0.000346904	0.00334548
61	0.0100101	0.0241564	0.00154047	0.00281085	0.393518	0.00302315	0.0272811	0.0120925	0.00237567	0.169702	0.0546221	0.00795554	0.000991316	0.00250624	0.00438736	0.0285906	0.0125164	0.0151489	0.0319427	0.194829
62	0.0388643	0.0128311	0.00830846	0.0138832	0.0762471	0.0183679	0.00920883	0.107426	0.0168833	0.233102	0.214746	0.0155397	0.00515806	0.0141273	0.026293	0.0357171	0.035654	0.0901501	0.0102536	0.0172389
63	0.102909	0.00448006	0.00726127	0.237341	0.0030856	0.269451	0.0384059	0.00529019	0.00480138	0.0068129	0.0046018	0.0376296	0.00258472	0.0369419	0.0239594	0.147788	0.0397338	0.00795569	0.00186217	0.0171043
64	0.0587388	0.00469294	0.0576241	0.149852	0.00250555	0.0227448	0.0185418	0.0141383	0.218007	0.0119695	0.0121486	0.0446702	0.00560967	0.0784824	0.192184	0.0459907	0.0370566	0.0200565	0.000337069	0.00465007
65	0.0941193	0.0150193	0.00135155	0.00327867	0.00439797	0.00433014	0.00669404	0.148531	0.00716339	0.0332443	0.0304519	0.00986747	0.00167932	0.00821433	0.0069871	0.03235	0.0792445	0.509267	0.000434072	0.00337563
66	0.0225261	0.00286953	0.00141093	0.00850634	0.10391	0.0163138	0.00138431	0.0931387	0.00594269	0.362211	0.220375	0.00246578	0.0011915	0.00944458	0.0202518	0.0220289	0.02741	0.0581831	0.0170442	0.00339206
67	0.0500192	0.00167	0.0967706	0.1914	0.000720056	0.0553356	0.0250232	0.0114499	0.165953	0.0120525	0.0121471	0.0701963	0.0214988	0.0815308	0.11812	0.0360494	0.0309777	0.0156133	0.000364381	0.00310847
68	0.0238338	0.00352735	0.160649	0.0386845	0.00888741	0.292023	0.034641	0.0026137	0.0819746	0.00259146	0.00209393	0.15272	0.00360383	0.018109	0.0344949	0.0708702	0.0377903	0.0164492	0.00730202	0.00714099
69	0.0641959	0.00267526	0.0147838	0.0351504	0.00293764	0.0244839	0.0168524	0.00654834	0.283389	0.00598008	0.00573339	0.0450456	0.0130509	0.0381258	0.301718	0.0633047	0.0597752	0.0133576	0.000417292	0.00247429
70	0.0605806	0.00856308	0.00111513	0.00147243	0.00298059	0.00492082	0.00314294	0.157962	0.00136291	0.0288264	0.0147689	0.00271016	0.00192077	0.00400222	0.0029592	0.0129706	0.0309377	0.65115	0.000372008	0.00728168
71	0.0731011	0.00379729	0.00832371	0.0410924	0.0153933	0.00965175	0.00735129	0.0051606	0.228526	0.00661763	0.00568565	0.0256119	0.00506405	0.024806	0.208215	0.132605	0.137406	0.0572768	0.00132511	0.00298917
72	0.0929453	0.0211651	0.0323445	0.0329682	0.0609359	0.22929	0.0266466	0.0178429	0.033869	0.0261012	0.0178298	0.035643	0.106754	0.0242732	0.0412884	0.101584	0.046233	0.0260119	0.00783598	0.0184382
73	0.503709	0.0700149	0.00965163	0.0106576	0.011788	0.0449608	0.00513874	0.00661074	0.00408128	0.00685253	0.00332225	0.00904928	0.00598018	0.00611725	0.00500134	0.207904	0.0510076	0.033227	0.0017154	0.00320963
74	0.134496	0.0111606	0.0088246	0.00793401	0.0081681	0.0643295	0.00971148	0.0207731	0.00749464	0.0259732	0.0349042	0.108634	0.00785656	0.00664845	0.0201897	0.233431	0.226065	0.0583145	0.00198117	0.00311012
75	0.299226	0.0141154	0.018209	0.0141811	0.0337639	0.0395854	0.00745663	0.0112638	0.0138988	0.0172397	0.00771591	0.0284975	0.144189	0.00884684	0.011209	0.239397	0.0611258	0.016875	0.00162269	0.0115811
76	0.303779	0.0390893	0.00317338	0.00749552	0.0161059	0.0981805	0.00408688	0.0703495	0.00818626	0.0615886	0.0239906	0.00886818	0.00511837	0.00668749	0.0133991	0.0628854	0.0744454	0.18786	0.00129743	0.00341336
77	0.025038	0.00341351	0.013634	0.00282474	0.00264876	0.0082182	0.042109	0.212987	0.0325993	0.225208	0.0705161	0.0418444	0.00206093	0.0309729	0.0217066	0.0233993	0.0940323	0.143662	0.000847469	0.00227741
78	0.0491448	0.00655586	0.230588	0.316938	0.00524943	0.0236635	0.0190424	0.00870418	0.0383912	0.0108399	0.00598844	0.0530452	0.0112925	0.0470023	0.035382	0.0628445	0.0326991	0.0202706	0.0027846	0.019573
79	0.0256614	0.00319387	0.013021	0.00262578	0.00207872	0.00828037	0.0407251	0.212587	0.0333601	0.223424	0.0737956	0.0404497	0.00198308	0.0303	0.0225255	0.0240325	0.0991082	0.14016	0.000701771	0.00198678
80	0.0197287	0.00969399	0.000443012	0.000543889	0.0442349	0.000620647	0.000939644	0.200052	0.000801464	0.425264	0.0707679	0.00105333	0.00264468	0.0028264	0.00426552	0.00735184	0.0140699	0.187079	0.00250442	0.00511492
81	0.200742	0.0694534	0.00287578	0.00841619	0.0342434	0.0241664	0.00414657	0.122815	0.0108447	0.0402466	0.0492913	0.0115235	0.00834306	0.00522677	0.00620555	0.0918052	0.128379	0.171857	0.00139447	0.00802453
82	0.0104246	0.0285622	0.00166076	0.00310102	0.385199	0.00317235	0.0168064	0.018363	0.00266486	0.20386	0.0639326	0.00664175	0.00103876	0.00251625	0.00420023	0.0293074	0.0124363	0.0176703	0.0388623	0.14958
83	0.147137	0.249884	0.00486778	0.00833976	0.0280445	0.0172168	0.00426617	0.0711052	0.0113631	0.0275251	0.0205727	0.0100563	0.00376575	0.00900942	0.00769231	0.118316	0.0744621	0.180683	0.00184664	0.00384697
84	0.0184437	0.00894911	0.000465638	0.000637331	0.0428562	0.000635235	0.00109113	0.226547	0.000856954	0.400606	0.0654202	0.00101281	0.00248137	0.00260708	0.00447861	0.00689854	0.014091	0.195133	0.00206393	0.00472531
85	0.312067	0.0817681	0.00599483	0.0103897	0.0156788	0.0366712	0.00497556	0.0566745	0.0105369	0.0237428	0.0214758	0.0106408	0.00576138	0.00717726	0.00860537	0.100545	0.114694	0.167624	0.00165088	0.0033261
86	0.00706803	0.00110439	0.707915	0.0488472	0.000955685	0.00190172	0.00136087	0.00133365	0.00158144	0.00157076	0.00120052	0.174546	0.00840361	0.00850008	0.0101351	0.0146684	0.00260262	0.00444931	0.000479212	0.00137624
87	0.121031	0.00323731	0.0221651	0.0582764	0.00328078	0.0082896	0.0774296	0.0081881	0.0342645	0.0419795	0.00891561	0.027757	0.292542	0.0873917	0.0547147	0.0833196	0.0491739	0.0112753	0.0015814	0.00518623
88	0.0580307	0.00432227	0.0890102	0.155654	0.00474322	0.214716	0.0213213	0.00814864	0.0920172	0.0107183	0.00822926	0.0728957	0.0241086	0.0490118	0.0773709	0.0539197	0.0326088	0.0162068	0.00267361	0.00429339
89	0.00706803	0.00110439	0.707915	0.0488472	0.000955685	0.00190172	0.00136087	0.00133365	0.00158144	0.00157076	0.00120052	0.174546	0.00840361	0.00850008	0.0101351	0.0146684	0.00260262	0.00444931	0.000479212	0.00137624
90	0.400782	0.0484925	0.00385584	0.00846374	0.0158902	0.1563	0.00286731	0.0393902	0.00362107	0.0364365	0.0151931	0.00384521	0.00170505	0.00433475	0.0174	0.0425201	0.034622	0.160977	0.00145985	0.00184338
91	0.0182269	0.023664	0.000944198	0.00169083	0.176468	0.00158367	0.00468236	0.133935	0.00156668	0.332776	0.072394	0.00295553	0.00186414	0.00279084	0.00334866	0.0142497	0.0118219	0.132469	0.0140118	0.0485573
92	0.020187	0.00814354	0.000738293	0.00230795	0.0681163	0.00395818	0.00117313	0.174135	0.00274455	0.394295	0.131363	0.00206825	0.00193264	0.00398041	0.00776076	0.0103106	0.0158011	0.138983	0.00611386	0.00588655
93	0.00964512	0.00174245	0.00123345	0.00602034	0.00224855	0.00148994	0.0071638	0.535695	0.00150318	0.0749483	0.0181514	0.00197801	0.00191767	0.00194336	0.00497388	0.00390429	0.016322	0.303208	0.00440622	0.00150468
94	0.0736208	0.00672182	0.0292266	0.0504568	0.00788493	0.0272158	0.0279577	0.0102755	0.0740574	0.0210526	0.00997087	0.0344036	0.376735	0.0424436	0.0615252	0.0683848	0.0507956	0.0182649	0.00239703	0.00661
95	0.31986	0.0160229	0.00532156	0.0154371	0.00951388	0.0149633	0.00473668	0.0461047	0.0120805	0.0153587	0.0100176	0.0213672	0.0170466	0.00477766	0.00760915	0.194715	0.212102	0.0690349	0.00127456	0.00265668
96	0.088253	0.0104906	0.023651	0.0333156	0.0143069	0.0699183	0.022169	0.0117861	0.0362997	0.021879	0.011098	0.0311044	0.38434	0.0311219	0.0447777	0.0810692	0.0513256	0.0202189	0.00412345	0.00875209
97	0.022631	0.036528	0.00197856	0.00332894	0.312381	0.00514228	0.0358961	0.0177305	0.00342503	0.146129	0.0498662	0.00845035	0.00187449	0.0030976	0.00863047	0.0314619	0.0203966	0.0236936	0.0285963	0.238762
98	0.0294098	0.0464229	0.00734847	0.0128258	0.231943	0.00905185	0.0497219	0.0090458	0.0100194	0.0765749	0.024801	0.0142585	0.00354101	0.00989722	0.023542	0.062513	0.0169713	0.0160975	0.0297071	0.316308
99	0.291512	0.00998063	0.0102296	0.011531	0.0159608	0.0218436	0.00843198	0.0145835	0.0155367	0.0229846	0.00781169	0.0485154	0.217657	0.0147353	0.0186767	0.16104	0.0835882	0.0193891	0.00135083	0.004642
100	0.27149	0.0263327	0.0463548	0.0365109	0.00408326	0.399767	0.00355362	0.00517413	0.00372108	0.0191909	0.00774177	0.0145998	0.0023108	0.00435266	0.0175597	0.107075	0.0120519	0.0144499	0.00209975	0.00157991
101	0.00915292	0.0257036	0.00172531	0.00315555	0.399222	0.00294695	0.0181984	0.014825	0.0033399	0.190716	0.0569172	0.00700065	0.00102782	0.00263678	0.00440055	0.0270489	0.011255	0.016224	0.0484185	0.156085
102	0.0640122	0.00740762	0.165868	0.120826	0.00694462	0.0441036	0.0489571	0.0145167	0.0573094	0.0223398	0.00993569	0.0745692	0.0456294	0.0546029	0.0557698	0.0781283	0.0764631	0.0331649	0.00118196	0.0182701
103	0.0834941	0.016591	0.034573	0.0354208	0.0926388	0.092036	0.0244286	0.0123446	0.0954881	0.0205024	0.0093537	0.103277	0.0116335	0.029223	0.117374	0.0578925	0.028708	0.0190514	0.0637501	0.0522197
104	0.0227615	0.00676928	0.51676	0.0559693	0.00404848	0.0305481	0.0121707	0.00896476	0.0205658	0.0113178	0.00608669	0.159789	0.00939785	0.0183684	0.0219513	0.040561	0.0214161	0.0251545	0.00258104	0.00481901
105	0.0211721	0.0117092	0.000456972	0.000617163	0.0492342	0.000691389	0.000841272	0.203928	0.000850487	0.396361	0.087275	0.00134835	0.00244341	0.00274866	0.00414611	0.00856842	0.0123136	0.187211	0.00206487	0.00601851
106	0.0206709	0.0533219	0.00523259	0.0186237	0.00967715	0.0486784	0.0198094	0.0111327	0.151929	0.00856778	0.0119985	0.0251768	0.00322496	0.0397664	0.404624	0.0928566	0.0245975	0.0258885	0.0018494	0.0223744
107	0.077447	0.0131649	0.00465618	0.0124044	0.121243	0.0176004	0.00380075	0.115639	0.00671873	0.270377	0.106391	0.00532956	0.00439551	0.0091032	0.0131322	0.0329401	0.0318631	0.102499	0.0364226	0.0148728
108	0.0475045	0.0191462	0.0168555	0.0373866	0.0526787	0.0302471	0.0262757	0.0161582	0.168669	0.0211178	0.0159795	0.0356446	0.0091854	0.0402612	0.279023	0.0707471	0.0435601	0.0235314	0.0158372	0.0301916
109	0.285367	0.0141894	0.00935204	0.0107697	0.0163302	0.0234852	0.00542575	0.0239521	0.0117652	0.0345981	0.0103081	0.0520349	0.130444	0.0101115	0.0130294	0.183124	0.124546	0.0350823	0.00147537	0.00460944
110	0.0503389	0.00292292	0.109399	0.198672	0.00240735	0.0821689	0.0194194	0.0115521	0.115157	0.0108291	0.0101064	0.0553311	0.0250543	0.0900376	0.104938	0.0464847	0.0335147	0.0274438	0.00100817	0.00321439
111	0.05681	0.0071953	0.000823469	0.00127217	0.00204026	0.00363963	0.00274142	0.158846	0.00100288	0.028956	0.0134962	0.00233686	0.00189246	0.00380424	0.00263284	0.0102313	0.0269974	0.66976	0.000297276	0.00522366
112	0.0563064	0.0023427	0.0914624	0.192948	0.000982721	0.0356005	0.0225201	0.0128005	0.179298	0.0103569	0.0115613	0.0632916	0.0172711	0.0763913	0.131954	0.0380918	0.0324168	0.0195334	0.000237233	0.00463327
113	0.0206368	0.009528	0.0005317	0.000558424	0.044751	0.000804781	0.00123135	0.199079	0.00119907	0.417354	0.0738666	0.00148929	0.00313538	0.00341111	0.0044735	0.0076445	0.0148656	0.187549	0.0023557	0.00553571
114	0.0446226	0.00342657	0.0385031	0.0837838	0.00312036	0.0149031	0.408478	0.0159646	0.0447746	0.0059248	0.0156508	0.0077724	0.0572251	0.0705951	0.0705497	0.0573694	0.0202917	0.022305	0.00316334	0.0115758
115	0.0628477	0.170921	0.00749755	0.00687119	0.00642426	0.0357979	0.00789161	0.0102468	0.00504908	0.0152407	0.00562734	0.0246468	0.0194363	0.0111942	0.00792976	0.432368	0.116579	0.0417023	0.0045544	0.00717412
116	0.0463114	0.0061278	0.136846	0.065172	0.0111097	0.0494038	0.072794	0.0132165	0.0628204	0.0172731	0.00985648	0.0852944	0.00373588	0.0240058	0.0554653	0.157929	0.130586	0.0232237	0.000877488	0.027951
117	0.0401582	0.0169694	0.106872	0.0561432	0.0117886	0.0291691	0.0667776	0.0381124	0.0493226	0.0188936	0.0194587	0.0881716	0.00761729	0.0306711	0.089022	0.171223	0.0778684	0.0236335	0.00307681	0.0550516
118	0.190927	0.0335882	0.0587748	0.044381	0.0607631	0.0498107	0.0211825	0.00708668	0.0257669	0.0077642	0.00894903	0.0101521	0.0474671	0.00980413	0.0110737	0.259371	0.107046	0.00995655	0.00173104	0.0344048
119	0.0626863	0.00632429	0.182731	0.0831552	0.00817959	0.0710049	0.0512089	0.0123883	0.0443418	0.0132647	0.00839112	0.107427	0.00710249	0.0310056	0.0507671	0.124027	0.0997078	0.0225382	0.00123876	0.0125105
120	0.0315135	0.00493878	0.218074	0.0526279	0.00388222	0.173801	0.0392804	0.00180268	0.068667	0.00151254	0.00171051	0.190538	0.00521834	0.0330834	0.0265698	0.0857812	0.0430321	0.0119704	0.0026087	0.00338811
121	0.209067	0.0468105	0.0682773	0.0835362	0.00589877	0.0153306	0.0141395	0.0197511	0.0533115	0.0205691	0.0103093	0.0194683	0.00783394	0.0471177	0.0184087	0.19813	0.0255906	0.125618	0.00520977	0.00562161
122	0.0211509	0.00901361	0.000679053	0.000953985	0.0473251	0.00156469	0.00156846	0.189077	0.00221067	0.413035	0.0926506	0.00202904	0.00246352	0.00356316	0.0074486	0.00823159	0.016145	0.172264	0.00361393	0.00501221
123	0.0480286	0.00203892	0.141944	0.485147	0.00197861	0.0133801	0.01439	0.0033298	0.0589834	0.00406573	0.00534178	0.0178164	0.0200184	0.0796582	0.0434769	0.0187021	0.0141737	0.0209339	0.000807752	0.00578512
124	0.159766	0.0101194	0.09858	0.205293	0.00473069	0.0239691	0.00421624	0.0242844	0.065784	0.0340141	0.00586727	0.0405605	0.00120379	0.0714675	0.0449798	0.120648	0.0462272	0.0184639	0.0155529	0.00427198
125	0.615804	0.0231228	0.00908682	0.0122214	0.00591506	0.0424381	0.00493749	0.00604012	0.00390967	0.00541623	0.00308437	0.00983831	0.00419292	0.00539078	0.00410492	0.152283	0.0622993	0.0266316	0.00113698	0.00214555
126	0.0459722	0.0486576	0.00283509	0.00480988	0.203242	0.00896225	0.087486	0.00375892	0.00487304	0.0535802	0.0141566	0.0110773	0.00202995	0.00449479	0.0291256	0.0241914	0.0139416	0.0271589	0.0174395	0.392207
127	0.0214684	0.00348231	0.158629	0.0352011	0.00775551	0.306919	0.0347495	0.00235255	0.0855564	0.00254749	0.00209206	0.150983	0.00355594	0.0173786	0.0334039	0.0709134	0.0348082	0.0154984	0.00655273	0.00615314
128	0.0259312	0.0033639	0.0124242	0.00266865	0.00222427	0.00963343	0.0390996	0.208895	0.0361623	0.221148	0.0703705	0.0359851	0.00207935	0.0332525	0.021269	0.0259453	0.0987855	0.148012	0.000685752	0.00206466
129	0.0467561	0.00201933	0.00649007	0.0113502	0.00208796	0.0209367	0.0161736	0.00608915	0.322457	0.00375565	0.00293919	0.0573985	0.0115623	0.02672	0.350314	0.0595971	0.0459163	0.00566186	0.000543881	0.00123098
130	0.0390789	0.00502411	0.000914616	0.00239167	0.00389589	0.00228106	0.00409711	0.281877	0.00122769	0.0627189	0.0216989	0.00200601	0.00558877	0.0036227	0.00384381	0.00714417	0.0239132	0.523655	0.00163008	0.00339126
131	0.0451159	0.00299928	0.00601107	0.0113242	0.00251559	0.0221506	0.016078	0.00552396	0.314079	0.00371681	0.00324929	0.0511176	0.0105335	0.0297392	0.368496	0.059816	0.0398258	0.0054287	0.000523011	0.00175655
132	0.370307	0.0321279	0.00414858	0.00750625	0.0187768	0.189151	0.00299796	0.0518141	0.00381537	0.0491965	0.0259664	0.00451546	0.0016826	0.00396147	0.020363	0.0402439	0.0257865	0.142992	0.00245076	0.00219547
133	0.0129851	0.00568232	0.000627031	0.00133975	0.032078	0.000847211	0.00195805	0.319676	0.00109672	0.320121	0.0493235	0.00115148	0.00176215	0.00220745	0.00478354	0.00486274	0.01103	0.223424	0.00154556	0.00349829
134	0.0197033	0.00934247	0.000464576	0.00104356	0.0494294	0.00165637	0.000942132	0.190498	0.00109913	0.423573	0.0892141	0.00115571	0.00241248	0.00320871	0.00518423	0.00822561	0.0141237	0.170149	0.00371663	0.0048578
135	0.0137042	0.00657028	0.000692778	0.0010198	0.037116	0.00076749	0.00142219	0.306433	0.00107289	0.347331	0.0537074	0.00115653	0.00172286	0.00223842	0.00464032	0.00532255	0.0103045	0.199611	0.00140892	0.00375798
136	0.183134	0.0602353	0.00809253	0.0107926	0.00719707	0.0400695	0.00880522	0.0149143	0.0100393	0.0156168	0.0117445	0.0747333	0.0151881	0.00988589	0.012946	0.297459	0.178177	0.0330774	0.00368121	0.00421138
137	0.044849	0.0134258	0.0518074	0.0318027	0.00891533	0.0417824	0.0660344	0.0180303	0.0354135	0.0139377	0.0109276	0.258651	0.0106523	0.0473489	0.0324434	0.20382	0.0591673	0.0349335	0.00344922	0.0126082
138	0.0804486	0.00707235	0.0210043	0.0297803	0.00910258	0.0223693	0.0234249	0.00920555	0.0291168	0.0185766	0.00856839	0.0281981	0.475086	0.0343787	0.0426971	0.0739705	0.0613852	0.0161827	0.00222129	0.00721047
139	0.110288	0.0806742	0.01395	0.0173048	0.00922141	0.0815991	0.0107098	0.00962094	0.0155499	0.0250085	0.0104829	0.0819481	0.00584139	0.0305578	0.0126707	0.366605	0.062897	0.0238899	0.0243565	0.00682473
140	0.0498268	0.015165	0.114405	0.0392567	0.0138806	0.0590409	0.0312969	0.019719	0.0499966	0.0189626	0.0137513	0.290333	0.0131775	0.0269073	0.0422425	0.110234	0.0491489	0.0287851	0.0039005	0.00996958
141	0.0763166	0.00589295	0.0160688	0.0243732	0.00816892	0.0175381	0.0187039	0.00879294	0.0253601	0.0181581	0.00784208	0.0280714	0.501701	0.032971	0.0403826	0.0817434	0.0652348	0.0141179	0.00168215	0.00687973
142	0.0234408	0.0113903	0.000632372	0.000597357	0.0431801	0.000939081	0.00174371	0.202414	0.00128697	0.413466	0.0708972	0.00158794	0.00247412	0.00295144	0.00442577	0.0087315	0.0168509	0.185469	0.00240382	0.00511825
143	0.0197797	0.00973022	0.000414148	0.000523227	0.0438316	0.000590841	0.000962619	0.199424	0.000783101	0.427653	0.0709709	0.00102747	0.00264291	0.00274253	0.00428957	0.00718478	0.0139046	0.185849	0.00262639	0.00506924
144	0.0769932	0.007647	0.140904	0.129158	0.00803881	0.0572646	0.0318524	0.0224789	0.0394696	0.019965	0.00983672	0.0703369	0.00714136	0.0337643	0.0718062	0.127583	0.100881	0.0333844	0.00216725	0.00932729
145	0.0180833	0.0214765	0.00256139	0.00528288	0.330325	0.00622593	0.015121	0.0219117	0.0106164	0.182016	0.0621004	0.00791739	0.001598	0.00443973	0.00872156	0.028241	0.0146128	0.0211593	0.105792	0.131797
146	0.255509	0.0559615	0.00146534	0.00728828	0.0100954	0.0318504	0.00251015	0.0827607	0.0125665	0.0255027	0.0287478	0.00944188	0.00126844	0.00325536	0.00434628	0.0752639	0.12304	0.266961	0.000603224	0.00156252
147	0.0233233	0.00918837	0.0297116	0.0905055	0.00776415	0.0153716	0.122723	0.00977532	0.189025	0.0106415	0.00917437	0.144589	0.00553165	0.0516758	0.178575	0.033469	0.0238433	0.0324835	0.00294213	0.00968637
148	0.0309725	0.00413144	0.201881	0.0760437	0.00324688	0.149925	0.0367187	0.00284131	0.0869657	0.00300999	0.00377195	0.177952	0.00813812	0.0418718	0.0424404	0.0754215	0.0387428	0.0109762	0.00222354	0.0027257
149	0.0145506	0.00874474	0.0010662	0.00224816	0.0482872	0.00229051	0.00160008	0.212648	0.00478822	0.301599	0.18359	0.00370674	0.00182198	0.0029959	0.0132229	0.00904372	0.0104841	0.169703	0.00216492	0.00544434
150	0.0452703	0.0068319	0.0873306	0.0901898	0.00722778	0.0359449	0.248823	0.0148115	0.0602602	0.0127519	0.0130183	0.0499042	0.0333691	0.0763358	0.0725047	0.066716	0.034356	0.021991	0.00369079	0.0186719
151	0.0209191	0.00938552	0.000457641	0.000615895	0.0438585	0.00069376	0.000987492	0.212573	0.000944506	0.388465	0.0670527	0.00112331	0.00273909	0.0029976	0.00403563	0.00744794	0.0143475	0.214166	0.00193976	0.00525049
152	0.0123946	0.00192434	0.00108429	0.00524924	0.00235255	0.00143988	0.0065219	0.510605	0.0013373	0.0720201	0.0180402	0.00171043	0.00206732	0.00209362	0.0046587	0.00392455	0.0166473	0.330351	0.00397413	0.00160358
153	0.0902106	0.150342	0.00540228	0.00528193	0.0034289	0.0403516	0.00639297	0.0153337	0.00885242	0.0190532	0.00460541	0.0228784	0.00670178	0.0109681	0.00498111	0.468988	0.0806732	0.0502273	0.00257235	0.00275485
154	0.0167719	0.00193457	0.624184	0.0654195	0.0014719	0.0118491	0.00558994	0.00259219	0.0138047	0.00353353	0.00203471	0.163407	0.00999925	0.0150976	0.017494	0.0251211	0.0102009	0.00651661	0.00104494	0.00193291
155	0.0677048	0.00707675	0.103956	0.343237	0.00819253	0.0342465	0.021296	0.0128234	0.078527	0.0134034	0.00960203	0.038379	0.0174171	0.0607034	0.061515	0.0484229	0.0343065	0.0275894	0.00376645	0.00783514
156	0.014869	0.00213666	0.00104506	0.00495297	0.00180612	0.00158604	0.00649916	0.493542	0.00135283	0.0653508	0.0184398	0.00190893	0.00204306	0.00235938	0.00436083	0.00449777	0.0182027	0.349505	0.003868	0.00167321
157	0.00886932	0.0240616	0.00161176	0.00288218	0.397769	0.00276274	0.0246996	0.0130538	0.00243829	0.178303	0.0545864	0.00789408	0.00102795	0.00248572	0.00423019	0.0272244	0.0114073	0.0154274	0.0334828	0.185782
158	0.685554	0.0207076	0.0084086	0.0131833	0.00490192	0.0439323	0.00442645	0.00494053	0.0030188	0.00453804	0.00215678	0.00323061	0.00154574	0.00509185	0.00324567	0.117079	0.0446984	0.0273109	0.000844337	0.001186
159	0.205213	0.0324963	0.0346029	0.0321601	0.00384784	0.386802	0.00454149	0.00433753	0.00837799	0.0374795	0.0122237	0.0421436	0.00303076	0.0081465	0.0152782	0.13691	0.0152517	0.00982214	0.00513666	0.00219795
160	0.0587788	0.160674	0.00427159	0.00374204	0.00349526	0.0416473	0.00652538	0.00776671	0.00296152	0.0149881	0.00300297	0.0248622	0.00692813	0.0100353	0.00386777	0.509126	0.0984389	0.0311958	0.00334447	0.00434779
161	0.196152	0.0400221	0.00165637	0.00999618	0.00692842	0.00938659	0.00328396	0.0862713	0.02198	0.0245523	0.0425068	0.0192307	0.00156103	0.00472375	0.00531368	0.0822807	0.156112	0.285448	0.000841463	0.0017523
162	0.0318163	0.0413628	0.00250053	0.00450657	0.230444	0.00622323	0.0974782	0.00404824	0.00495776	0.0530773	0.0151867	0.0115958	0.00154527	0.00609594	0.0268322	0.0256543	0.0119311	0.0157005	0.0174786	0.391564
163	0.0983094	0.0266748	0.131441	0.0585554	0.0143209	0.2217	0.0223098	0.00437045	0.0170261	0.00558451	0.0129922	0.101149	0.0142576	0.0123915	0.0243424	0.180928	0.0297315	0.0184301	0.00212666	0.00335855
164	0.0329294	0.00567593	0.225136	0.0587248	0.0036209	0.153331	0.0409699	0.00187869	0.0639143	0.00142801	0.00188771	0.190604	0.0060487	0.0370131	0.0247917	0.0906328	0.0456227	0.0107493	0.00202371	0.00301836
165	0.0304961	0.0163222	0.0430204	0.0305404	0.0677998	0.0150675	0.0193276	0.0124563	0.120721	0.0745231	0.013926	0.0312089	0.00429126	0.0836479	0.140213	0.103256	0.0527678	0.0151176	0.0146609	0.110636
166	0.0487783	0.00621262	0.000816829	0.00122705	0.00205727	0.0031458	0.00272514	0.171913	0.000906186	0.0320285	0.0149176	0.00219409	0.00197884	0.00400212	0.00269057	0.00901543	0.0266917	0.663887	0.000370932	0.00444082
167	0.050434	0.0160012	0.0377659	0.0553354	0.0237764	0.0258759	0.270164	0.0268978	0.0480809	0.0283521	0.0165219	0.0351585	0.0267323	0.0502028	0.0883227	0.0634488	0.0338403	0.0306145	0.00778962	0.0646851
168	0.0102654	0.00168607	0.00115454	0.00569643	0.00217985	0.00142474	0.00712304	0.531944	0.00147709	0.072838	0.0185455	0.00186757	0.00191772	0.00198535	0.00481241	0.00390502	0.0165155	0.308655	0.00444637	0.00156022
169	0.0543988	0.00688644	0.000831971	0.00124432	0.00201032	0.00350667	0.00264902	0.162314	0.000877377	0.0290438	0.0137966	0.00224735	0.00194969	0.00384149	0.00261415	0.00990467	0.0267547	0.669779	0.000289579	0.00505982
170	0.0278763	0.102002	0.0073482	0.0165912	0.129751	0.0101471	0.0493579	0.006565	0.010114	0.0338767	0.0107648	0.0144439	0.00302544	0.011155	0.0301378	0.095932	0.0228846	0.0219434	0.0390935	0.356991
171	0.203034	0.0263191	0.06067	0.0482098	0.00467874	0.419731	0.00511732	0.00358642	0.00525145	0.0170271	0.00730044	0.0237853	0.00402841	0.00498941	0.0205804	0.119603	0.0126456	0.00966059	0.0017505	0.00203095
172	0.0205309	0.00643295	0.00101669	0.00443071	0.0973405	0.00832426	0.00111811	0.12105	0.00367516	0.394447	0.17897	0.00191929	0.00114754	0.00583446	0.0109664	0.0144301	0.0205224	0.088428	0.0124155	0.00700042
173	0.106147	0.0763903	0.0277673	0.0256545	0.0124906	0.0469598	0.0169369	0.0154364	0.0209027	0.0206833	0.0105432	0.0440551	0.0160371	0.0176682	0.0240573	0.381365	0.0815785	0.035215	0.00582166	0.014291
174	0.0515294	0.00710086	0.0538795	0.0757064	0.00763286	0.0436278	0.0289171	0.0127984	0.219738	0.0156282	0.0126483	0.0874772	0.0208694	0.0473228	0.175947	0.0667059	0.0428121	0.0180275	0.00341221	0.00821908
175	0.0552374	0.0062158	0.213374	0.132656	0.00442992	0.109459	0.0272006	0.00736857	0.074445	0.00815537	0.00696631	0.106823	0.0176269	0.0452327	0.0528378	0.0692297	0.0393542	0.0164783	0.00184306	0.00506676
176	0.018145	0.00518783	0.00118181	0.00597096	0.136407	0.0110454	0.00235067	0.0808307	0.00454672	0.386249	0.203644	0.00238241	0.0007943	0.00688511	0.0132619	0.0176614	0.0217453	0.0471307	0.0173187	0.0172607
177	0.128109	0.227941	0.0143773	0.0136047	0.0129226	0.174221	0.00675828	0.0145894	0.00754097	0.0185047	0.00871356	0.0176882	0.00677971	0.0136834	0.0131857	0.230088	0.048325	0.0360614	0.0031129	0.00379319
178	0.0225535	0.0120903	0.000462541	0.000654436	0.0521046	0.000648368	0.000886601	0.201023	0.000894571	0.396613	0.0770145	0.00123357	0.00280044	0.00315032	0.00394759	0.00798864	0.0123659	0.194226	0.00198802	0.00735431
179	0.224039	0.00650396	0.0137995	0.02192	0.0103966	0.0195011	0.0171143	0.00802527	0.0370033	0.0223162	0.00711248	0.0533695	0.258347	0.0271884	0.0407027	0.156704	0.0531893	0.0162847	0.00179717	0.00468542
180	0.065993	0.0101105	0.108414	0.0685758	0.00823057	0.321153	0.0246337	0.00809655	0.057963	0.0109592	0.00726113	0.0771983	0.0122631	0.0257102	0.0571314	0.0754388	0.0329567	0.0177958	0.00405928	0.00605567
181	0.0074577	0.023061	0.00152191	0.00283296	0.3772	0.00261085	0.0155868	0.0175727	0.00231074	0.23382	0.0725422	0.0066405	0.000948369	0.00237225	0.00291209	0.0258083	0.0109172	0.0165695	0.0357595	0.141555
182	0.0447721	0.00674755	0.012218	0.0291819	0.00490657	0.0307994	0.0171247	0.00831903	0.283816	0.00691724	0.00614773	0.0469804	0.0108432	0.0352817	0.337785	0.0584759	0.0420609	0.0122649	0.00125447	0.00410311
183	0.0555424	0.00703835	0.000812064	0.00124271	0.00201022	0.00360566	0.00264285	0.159917	0.000865058	0.0290324	0.0134986	0.0022574	0.00192855	0.00378031	0.00259631	0.0100765	0.0268135	0.670902	0.000286734	0.00515139
184	0.216266	0.0266255	0.0343409	0.0366352	0.00798805	0.387956	0.00700087	0.0133088	0.0119666	0.0246698	0.012073	0.023251	0.00476624	0.00856311	0.0237662	0.0974709	0.0227655	0.0347069	0.00270996	0.0031693
185	0.210046	0.0466982	0.00126198	0.00801821	0.00973802	0.0164607	0.00300826	0.0909834	0.0166625	0.0286782	0.0387715	0.012587	0.00134809	0.00381908	0.00422997	0.0747727	0.13602	0.294504	0.000636026	0.00175632
186	0.010795	0.00409465	0.000781005	0.00219931	0.0239467	0.00100725	0.00299269	0.372315	0.00117034	0.268128	0.0391703	0.00136808	0.0015701	0.00213801	0.00542168	0.00445793	0.0113783	0.242655	0.00175115	0.00265944
187	0.0351332	0.0691086	0.00419659	0.00842168	0.160793	0.00811142	0.0815336	0.00411423	0.00696047	0.0352809	0.00969342	0.0126892	0.00206958	0.00745582	0.0309653	0.0393676	0.0123622	0.0172306	0.0282833	0.426229
188	0.103569	0.0576746	0.0145134	0.0166799	0.0111452	0.0373761	0.0125141	0.0213111	0.0146336	0.0215877	0.0168677	0.0479975	0.0201497	0.0151297	0.0211495	0.314372	0.192466	0.050061	0.00286029	0.00794259
189	0.0425428	0.0351326	0.0271424	0.0618096	0.165117	0.0230741	0.0290242	0.00584113	0.0497091	0.0320869	0.0056149	0.0346475	0.00252586	0.0574246	0.0749376	0.0826864	0.0155141	0.0097239	0.0530261	0.19242
190	0.0272003	0.00540118	0.154318	0.0409788	0.00526095	0.126822	0.0539526	0.00514275	0.0532913	0.0045288	0.00342318	0.31787	0.0048123	0.0265765	0.0260626	0.0822434	0.0398062	0.0142149	0.00294425	0.00514951
191	0.0581561	0.000745621	0.126121	0.247436	0.00043348	0.0464852	0.0190511	0.00630189	0.136406	0.00619521	0.00978808	0.0613383	0.0395913	0.0773802	0.0849162	0.0284271	0.0304261	0.0187507	0.000201106	0.00185028
192	0.0744389	0.00699386	0.146082	0.118593	0.00922441	0.0644845	0.0360136	0.0228274	0.0385132	0.0180604	0.0102883	0.0738927	0.00699887	0.0341519	0.0675511	0.125956	0.0993505	0.0351067	0.00172709	0.00974602
193	0.0124196	0.00426746	0.000849423	0.00215617	0.0235006	0.00106027	0.00326866	0.357929	0.00113131	0.261844	0.0386778	0.00127063	0.00166885	0.00225215	0.00530476	0.00460863	0.012417	0.260861	0.00177263	0.00273891
