522	20
1	0.176958	0.0184544	0.0146586	0.00821949	0.00992989	0.0111216	0.006973	0.0468381	0.0355698	0.0494953	0.0190712	0.0297239	0.322605	0.0187537	0.0100315	0.11858	0.0435736	0.0423571	0.00113995	0.0159451
2	0.018086	0.00478552	0.00854804	0.0168592	0.00810619	0.00869699	0.0137879	0.0132335	0.461915	0.0140166	0.00937399	0.0233161	0.00609872	0.0522581	0.27742	0.0192102	0.0253704	0.0131317	0.000724287	0.00506199
3	0.0385298	0.0113565	0.293182	0.46149	0.00314718	0.00362143	0.00458658	0.00391152	0.0173896	0.00944695	0.00333715	0.0455416	0.00609838	0.0254757	0.0096127	0.0284378	0.00861239	0.0161536	0.000921165	0.0091482
4	0.0936042	0.0144028	0.0105188	0.0210643	0.00643789	0.0534919	0.0452035	0.0386477	0.0725843	0.0759761	0.0407078	0.113659	0.00421826	0.13476	0.0994678	0.1142	0.0252752	0.0186489	0.00441687	0.0127152
5	0.119584	0.0079557	0.0474302	0.0207127	0.0172322	0.0970058	0.0130932	0.0109853	0.0304133	0.0153051	0.00418077	0.119351	0.0199612	0.0470705	0.0117607	0.232676	0.163033	0.00791813	0.00109074	0.0132403
6	0.0371467	0.0166573	0.0019305	0.0139749	0.0435469	0.00316891	0.00792202	0.0883262	0.00708752	0.530578	0.0483641	0.0053364	0.00777886	0.0120031	0.00506001	0.027217	0.0196479	0.0928571	0.00129739	0.0300995
7	0.0677077	0.0162035	0.00229317	0.0142998	0.0879215	0.008743	0.0128736	0.145444	0.0083238	0.251828	0.0743603	0.0123134	0.0149767	0.0168365	0.00760035	0.0432256	0.0417521	0.131731	0.00491871	0.0366462
8	0.0157508	0.0044671	0.0113606	0.0139558	0.0105537	0.00911267	0.0161329	0.0121527	0.415005	0.0131663	0.00877931	0.0244814	0.00443595	0.0523742	0.321181	0.0210904	0.0283078	0.0131986	0.000823743	0.0036694
9	0.0699703	0.0102124	0.0197304	0.058449	0.00424424	0.026741	0.0420248	0.0303499	0.167211	0.0493009	0.0205858	0.0355061	0.00252105	0.0968231	0.13592	0.0854636	0.0812227	0.0502522	0.00472657	0.00874555
10	0.0380447	0.00925393	0.00127006	0.00555939	0.0411363	0.00298517	0.00559099	0.298955	0.0115293	0.230853	0.0268529	0.0102578	0.00362673	0.00752653	0.00689045	0.0234924	0.0266123	0.239124	0.00131707	0.00912135
11	0.0426486	0.015572	0.00217855	0.0197537	0.0274389	0.00465013	0.0110638	0.177105	0.00693521	0.172923	0.0460729	0.0190764	0.00759381	0.0263329	0.0105131	0.0379724	0.0390293	0.314579	0.00188788	0.016674
12	0.0903783	0.0911809	0.012335	0.0391206	0.0487043	0.0348752	0.10551	0.0357686	0.0200167	0.129658	0.00913247	0.0532645	0.00579603	0.0350662	0.0210865	0.149401	0.0445897	0.0165518	0.00361452	0.0539504
13	0.0165063	0.0135363	0.000919547	0.00665716	0.269749	0.00254763	0.0678171	0.0116013	0.00458101	0.0659413	0.0120123	0.00925193	0.00385082	0.00969955	0.00249802	0.00857631	0.00773792	0.0158184	0.0115797	0.459119
14	0.0426799	0.0146026	0.273585	0.480882	0.00262211	0.00435801	0.00483369	0.00368898	0.0233715	0.00825318	0.0041747	0.0293324	0.00678628	0.0309623	0.00898377	0.0289926	0.00920942	0.0153221	0.000693927	0.00666548
15	0.0389274	0.00927419	0.0589405	0.0174621	0.0147518	0.0338526	0.115577	0.0419775	0.0488955	0.0839958	0.0814402	0.0693794	0.00583761	0.104645	0.0263254	0.0905359	0.0887235	0.0504335	0.00299947	0.0160257
16	0.0375919	0.00541227	0.0211461	0.0433948	0.00895361	0.0136242	0.0193424	0.015131	0.378105	0.0288161	0.0124554	0.0272088	0.00787041	0.0589371	0.220166	0.0354123	0.0368841	0.0203001	0.0012772	0.00797203
17	0.0458583	0.00744978	0.0220647	0.0526022	0.00902307	0.0195833	0.0320676	0.0147675	0.318765	0.0261295	0.0129359	0.0348955	0.00518058	0.0815352	0.212216	0.0428033	0.0319134	0.0198246	0.00133272	0.00905128
18	0.0207047	0.01787	0.00119511	0.00759209	0.240823	0.00361543	0.103493	0.00845716	0.00543523	0.0531075	0.00859506	0.012782	0.00229969	0.0154106	0.00504521	0.00916352	0.00879346	0.0111774	0.00671023	0.45773
19	0.0565806	0.00786144	0.0211062	0.0565574	0.00541563	0.0156081	0.0210851	0.0141744	0.309475	0.0297803	0.0133378	0.0320508	0.00516108	0.0706991	0.226346	0.0547781	0.0315434	0.0199668	0.00138232	0.00708936
20	0.0895932	0.00699762	0.0248839	0.0960936	0.0046605	0.0207416	0.0143945	0.0146627	0.242956	0.0746663	0.0146485	0.0510296	0.00595302	0.0763738	0.131964	0.0639086	0.0261928	0.0274554	0.00111274	0.0117111
21	0.538554	0.0156777	0.0048371	0.0051895	0.00329288	0.222237	0.0039615	0.0118822	0.00788794	0.0125128	0.00633327	0.0108061	0.00762349	0.0135676	0.00808619	0.0831662	0.0169527	0.0237408	0.000923033	0.00276866
22	0.0140337	0.00696091	0.00110209	0.00380342	0.0268448	0.00248543	0.00276021	0.249103	0.00702595	0.473963	0.0428274	0.00776591	0.00167766	0.00368644	0.00466601	0.0102846	0.0130449	0.115673	0.00307946	0.00921149
23	0.0379199	0.00617038	0.0147104	0.0400504	0.00733584	0.0118512	0.0165123	0.0128811	0.386207	0.0254935	0.0114918	0.0288502	0.00618518	0.063975	0.249725	0.0305659	0.0243931	0.0168782	0.000909645	0.00789473
24	0.118917	0.047464	0.0130025	0.0402356	0.0497834	0.025674	0.0826799	0.0261305	0.0222745	0.102059	0.0171623	0.0569095	0.0072463	0.0696343	0.021856	0.122516	0.103531	0.0238327	0.00391742	0.0451755
25	0.410445	0.0978806	0.00744359	0.00336723	0.00345995	0.045591	0.00467681	0.0215877	0.00495367	0.0165873	0.00685446	0.0109245	0.009847	0.0097305	0.00916537	0.219053	0.0504642	0.0405428	0.0102334	0.0171915
26	0.0239801	0.0033958	0.36543	0.174514	0.00251874	0.0122204	0.0154094	0.00652555	0.0371793	0.00951341	0.00254362	0.169604	0.00396982	0.0515454	0.0282998	0.0504063	0.0225163	0.0137821	0.00265977	0.00398514
27	0.177313	0.00914898	0.0117364	0.0244079	0.0307762	0.0126032	0.0133605	0.0258871	0.0483222	0.101284	0.0720479	0.0191192	0.0327026	0.121794	0.0216654	0.0984935	0.133698	0.031511	0.00299496	0.0111338
28	0.0312143	0.00568839	0.0165435	0.038608	0.0068939	0.0146129	0.01601	0.0103395	0.388739	0.019273	0.0101848	0.0344802	0.00411991	0.0656457	0.261984	0.029161	0.0255804	0.01431	0.000703011	0.00590855
29	0.0234585	0.0381367	0.00310727	0.00722406	0.190847	0.00681582	0.149907	0.0143262	0.010161	0.0874752	0.0103359	0.0293914	0.00201207	0.0243219	0.0146903	0.0110097	0.0130183	0.0124235	0.00406786	0.34727
30	0.0848884	0.0120371	0.00869923	0.0165978	0.0218346	0.0447831	0.0258165	0.00911553	0.00839397	0.0136379	0.0219318	0.0328028	0.199223	0.0454457	0.0365416	0.348881	0.0537087	0.0100328	0.00113694	0.00449157
31	0.0191731	0.00229074	0.3967	0.156999	0.001668	0.00925655	0.0145882	0.00511542	0.0282179	0.00695689	0.00220231	0.196051	0.00392609	0.0434424	0.0239461	0.0508587	0.0206882	0.0124078	0.00302804	0.00248297
32	0.0498773	0.0183209	0.0430734	0.0378309	0.0552379	0.033407	0.165111	0.0239472	0.0550037	0.0760049	0.0176542	0.075494	0.0111713	0.0610901	0.0496317	0.0664981	0.0334719	0.0322554	0.0083682	0.0865507
33	0.139428	0.0124393	0.0437346	0.055875	0.00983775	0.303291	0.0187606	0.00925009	0.0625376	0.0206418	0.0119674	0.0536778	0.0434507	0.0497833	0.0268678	0.0888325	0.0268891	0.0140403	0.0012333	0.00746161
34	0.0418875	0.0116517	0.28262	0.448366	0.00304677	0.00606662	0.00622066	0.00414781	0.0250596	0.0103408	0.00407071	0.0401883	0.00753694	0.0321837	0.011108	0.029908	0.0117825	0.0155319	0.000840376	0.00744199
35	0.225889	0.0412976	0.0214757	0.02507	0.01629	0.0502187	0.0136082	0.0317322	0.0271954	0.0503375	0.0190175	0.0394349	0.017821	0.0328642	0.020636	0.176713	0.121704	0.0479135	0.0054205	0.0153608
36	0.0214552	0.00837601	0.00222798	0.00740178	0.0220728	0.0018925	0.00372079	0.0501781	0.00533903	0.664738	0.0586398	0.00499803	0.003557	0.0176352	0.00576411	0.0224289	0.0238158	0.0585525	0.00136614	0.0158399
37	0.478605	0.0668777	0.00659666	0.00360896	0.00445725	0.0502845	0.00609957	0.0148171	0.00526421	0.01196	0.00580731	0.00937375	0.0198336	0.0113922	0.00900868	0.207231	0.0378198	0.0294394	0.00795286	0.0135702
38	0.0444148	0.0100469	0.00170276	0.00835706	0.065982	0.0063753	0.00950671	0.14667	0.00803326	0.347587	0.111525	0.0117823	0.00924965	0.0143505	0.00750104	0.0239342	0.0306062	0.0908392	0.0119755	0.0395608
39	0.0763667	0.00783454	0.0188738	0.060686	0.00986677	0.0208502	0.0174786	0.0204317	0.287404	0.0610012	0.0309704	0.034024	0.0115498	0.0693862	0.158177	0.044489	0.0291273	0.0279542	0.00204188	0.0114868
40	0.551807	0.0206663	0.00426272	0.00599564	0.00376088	0.178266	0.0050177	0.0116234	0.00796622	0.0135506	0.00590691	0.00980409	0.00603296	0.0135715	0.00822786	0.102957	0.0204141	0.0239166	0.00161761	0.00463437
41	0.0189499	0.00816415	0.0016253	0.00681037	0.0313404	0.00338138	0.00493901	0.186707	0.00733874	0.512165	0.0557803	0.00754576	0.00323444	0.00565606	0.00563603	0.0136543	0.017536	0.089795	0.00353254	0.0162081
42	0.0253087	0.0074054	0.00160959	0.00448884	0.0265434	0.00370413	0.00339134	0.351406	0.0105559	0.298424	0.0288194	0.0173443	0.00253434	0.00668652	0.00930354	0.0145683	0.0344949	0.145182	0.00281276	0.00541696
43	0.0253605	0.00892164	0.00211777	0.00672954	0.0271531	0.003427	0.00415143	0.0669436	0.00684179	0.611096	0.0722213	0.0116975	0.00381884	0.0118974	0.00757962	0.0182759	0.0286943	0.065918	0.00204021	0.0151147
44	0.015348	0.00985239	0.0121888	0.0190672	0.00819217	0.0078983	0.0206123	0.00931036	0.33957	0.0152217	0.00946598	0.0313626	0.00346508	0.0643723	0.373052	0.0231203	0.0208085	0.0106868	0.00107041	0.00533463
45	0.0471474	0.00778441	0.0159244	0.0407104	0.00576154	0.0177333	0.0367136	0.0229127	0.277517	0.0327518	0.0186018	0.0245266	0.00266924	0.0843079	0.213669	0.0567873	0.0555601	0.0287403	0.00342566	0.00675644
46	0.0770076	0.00537902	0.200385	0.349838	0.00312563	0.0183036	0.0132849	0.00825196	0.0738887	0.0197036	0.00289132	0.0195571	0.0119668	0.0712349	0.0186245	0.0477443	0.0346825	0.0143335	0.000264006	0.00953354
47	0.043469	0.0135293	0.280754	0.519129	0.00273105	0.00265378	0.00259322	0.00232511	0.0157137	0.00723246	0.00375099	0.0175928	0.00693228	0.0226607	0.00511223	0.0237446	0.00611247	0.0157475	0.000560245	0.00765572
48	0.569656	0.0141829	0.00393624	0.00571827	0.00359118	0.194551	0.00455256	0.0116439	0.00802143	0.0125136	0.00603116	0.00976777	0.00573431	0.0137311	0.00784053	0.0861355	0.0158145	0.022531	0.000836095	0.00321061
49	0.0214812	0.0163075	0.0142093	0.0159754	0.128762	0.0050041	0.159555	0.025175	0.0640589	0.0668209	0.0200595	0.0308949	0.00425176	0.048602	0.0997989	0.0276475	0.0145141	0.0402463	0.00168656	0.194949
50	0.0416673	0.0138825	0.283992	0.524022	0.00270657	0.0019003	0.00213602	0.00222095	0.0139607	0.00671492	0.00372766	0.0175183	0.00712112	0.0209231	0.0049092	0.022859	0.00538929	0.0160572	0.000611542	0.00767997
51	0.0234406	0.0554303	0.0138967	0.0110247	0.123204	0.00433638	0.112842	0.0211699	0.0192455	0.260882	0.0156795	0.0579142	0.00183327	0.0328175	0.0346459	0.01577	0.0107656	0.0154172	0.00254841	0.167136
52	0.435626	0.0752643	0.00403688	0.00375575	0.004545	0.0453611	0.00465586	0.0446957	0.00615968	0.0469563	0.0191195	0.00776479	0.0103761	0.0101165	0.0058478	0.109106	0.0627168	0.0877407	0.00455743	0.011598
53	0.0197029	0.00479317	0.00818584	0.0155089	0.00845876	0.00887548	0.013557	0.0147071	0.45287	0.0139912	0.0103784	0.0217038	0.0061873	0.051307	0.28565	0.0193494	0.0256011	0.0140612	0.000735775	0.00437572
54	0.0637649	0.00234119	0.00764046	0.082739	0.00610646	0.00952324	0.0037587	0.0261665	0.265266	0.151769	0.0202621	0.023756	0.00650362	0.0527408	0.156983	0.0299029	0.021908	0.0499865	0.00112289	0.0177586
55	0.466326	0.0283366	0.00823071	0.0105034	0.00546362	0.173514	0.00650392	0.0173439	0.0123603	0.0236643	0.0089686	0.0165347	0.00818291	0.0179904	0.0105732	0.106602	0.0403751	0.0301046	0.00229199	0.0061307
56	0.037159	0.0121898	0.001604	0.00669633	0.0290379	0.0052651	0.00409414	0.115125	0.00465557	0.49594	0.0687199	0.00811365	0.00496622	0.00956133	0.00563606	0.0205338	0.0330887	0.119758	0.00212301	0.015732
57	0.0173937	0.00395875	0.00992877	0.0146932	0.0096166	0.00939851	0.0143061	0.0131228	0.433481	0.0130858	0.00915537	0.0237164	0.00484939	0.0514962	0.304965	0.0197672	0.0284454	0.0140341	0.000766819	0.00381889
58	0.151698	0.101031	0.00953066	0.0220482	0.0136579	0.0216275	0.0536639	0.0189624	0.0158872	0.0733848	0.0153419	0.144631	0.00628558	0.0545196	0.0204405	0.155444	0.0600865	0.0428778	0.00356273	0.015319
59	0.0238904	0.00499969	0.36015	0.126922	0.00465393	0.0139647	0.0236087	0.00741263	0.0189544	0.0209417	0.00399977	0.199424	0.00453319	0.0415303	0.0201228	0.0725785	0.0264078	0.0157387	0.00318823	0.00697777
60	0.0438491	0.00972196	0.00168183	0.0110033	0.0563359	0.00776863	0.00900647	0.136957	0.00540193	0.340642	0.0933514	0.013867	0.0202234	0.015269	0.00742076	0.0301539	0.037246	0.129328	0.00334507	0.0274282
61	0.0168253	0.00382128	0.00969925	0.013804	0.00974501	0.00974726	0.0143284	0.0133028	0.436338	0.0127555	0.00926974	0.0232972	0.00496866	0.0504195	0.305404	0.0194534	0.0286869	0.0136528	0.000774061	0.00370687
62	0.0756123	0.0241052	0.0737331	0.051463	0.0162618	0.058078	0.028143	0.0187103	0.0419927	0.038135	0.0135899	0.135769	0.0225971	0.051516	0.030229	0.201011	0.0745953	0.0236357	0.00290268	0.0179197
63	0.0340804	0.0186799	0.0133174	0.0126996	0.137396	0.0191245	0.196923	0.0142885	0.0323028	0.067926	0.0124009	0.0385571	0.00658259	0.051989	0.0338626	0.0445422	0.0185485	0.0222642	0.00764542	0.216869
64	0.0359367	0.0105463	0.00102606	0.00551073	0.00906971	0.0015279	0.0105638	0.250891	0.00238628	0.0890469	0.0236198	0.00638435	0.00332375	0.00917934	0.00203067	0.0187681	0.016832	0.494582	0.000479711	0.00829498
65	0.0536243	0.0294013	0.014089	0.0255718	0.097689	0.0127475	0.0470984	0.0522797	0.027093	0.118515	0.0326857	0.023804	0.0121884	0.0416666	0.0213616	0.0463768	0.0261834	0.0488228	0.143542	0.12526
66	0.045383	0.0162533	0.0341652	0.0410357	0.0497332	0.0191023	0.16441	0.0201537	0.0987168	0.0515329	0.0169015	0.0436748	0.00868835	0.0656737	0.14248	0.0540741	0.0263294	0.0298933	0.00550304	0.0662948
67	0.153974	0.045352	0.0019601	0.00553298	0.0142681	0.0160805	0.00615039	0.168585	0.00656543	0.101854	0.0397464	0.00941178	0.00681029	0.0101522	0.00595112	0.0380296	0.0717477	0.289201	0.0015051	0.00712226
68	0.0230051	0.0187007	0.00121256	0.00361331	0.335184	0.0051036	0.0250164	0.0171109	0.00530907	0.189257	0.018406	0.00924141	0.00674743	0.00639526	0.00257199	0.0064111	0.00541007	0.0219082	0.0145858	0.28481
69	0.165512	0.0139011	0.0438912	0.0587162	0.0061663	0.291866	0.0186784	0.0131535	0.0761044	0.0227845	0.012757	0.0512915	0.0176212	0.0494871	0.0324463	0.0742998	0.0229233	0.0190043	0.00170372	0.00769286
70	0.0383894	0.0142232	0.0036109	0.0143477	0.0514628	0.00738265	0.0151328	0.120319	0.0121124	0.420015	0.0548102	0.0121486	0.0116891	0.01541	0.0113114	0.0401386	0.0276153	0.0827043	0.00517391	0.0420028
71	0.0134915	0.00638043	0.000925536	0.00323223	0.0273501	0.00301076	0.00257575	0.30699	0.0079787	0.40095	0.0408996	0.00873271	0.00132153	0.00306363	0.00534656	0.00932732	0.0118102	0.135653	0.0040001	0.00696022
72	0.0373921	0.0111034	0.00574742	0.0109573	0.026039	0.016073	0.247999	0.00959971	0.0190539	0.055797	0.00815292	0.0264443	0.00458563	0.131291	0.0205438	0.0684046	0.0319409	0.0136753	0.0706621	0.184539
73	0.0191406	0.00451156	0.0103122	0.0185413	0.00856206	0.00952511	0.0146297	0.0128875	0.434367	0.0145716	0.00925944	0.0247145	0.00499507	0.0528937	0.294699	0.020592	0.0266137	0.0137021	0.000708612	0.00477252
74	0.514438	0.0227031	0.00309279	0.010026	0.0154551	0.0577191	0.00838158	0.0137462	0.0136312	0.0323132	0.0118625	0.00674948	0.00542367	0.0373198	0.00842132	0.15837	0.0445247	0.0261281	0.00230246	0.00739213
75	0.0418163	0.0129293	0.29265	0.501898	0.00269775	0.00247503	0.00259902	0.00243624	0.0151035	0.00712336	0.00346535	0.0244177	0.00701489	0.021915	0.00572679	0.0244771	0.00631766	0.0164924	0.00074217	0.0077019
76	0.0174006	0.00578824	0.0108376	0.0156753	0.00896446	0.00982367	0.0199458	0.0135065	0.411155	0.0134184	0.0094967	0.0222096	0.0047993	0.0525231	0.317619	0.0217667	0.0268332	0.0134349	0.000881191	0.00392084
77	0.0356458	0.00441701	0.269157	0.151783	0.00296464	0.0188168	0.0197242	0.00631836	0.101064	0.0140102	0.00685592	0.147277	0.00403128	0.0607342	0.063305	0.0504007	0.0224532	0.0137765	0.00191382	0.0053508
78	0.0160312	0.0149192	0.000891963	0.00659748	0.256404	0.00263688	0.0787185	0.012074	0.00497561	0.0626838	0.0119919	0.00975024	0.00381438	0.0114609	0.00261872	0.0087478	0.00817627	0.0153302	0.0135923	0.458585
79	0.0584425	0.00612517	0.128586	0.339387	0.0200011	0.0107837	0.0128094	0.0219981	0.0363	0.067183	0.00855416	0.0592298	0.00393862	0.0509624	0.0428149	0.0407316	0.0199965	0.0479915	0.00143367	0.0227309
80	0.0498878	0.00905323	0.246785	0.370774	0.00387851	0.0134754	0.011294	0.00749104	0.0456836	0.0169119	0.00428992	0.0490977	0.00853161	0.0560244	0.0192315	0.0412546	0.0215303	0.0158621	0.00085194	0.00809104
81	0.595205	0.0299887	0.00416572	0.00898716	0.00439475	0.0769516	0.0051926	0.0109958	0.0104559	0.0133663	0.00401359	0.00752405	0.0060002	0.0131494	0.00842643	0.142922	0.0254589	0.02363	0.00282887	0.00634258
82	0.269765	0.0649337	0.00185439	0.00466977	0.0112593	0.0272244	0.00473232	0.106735	0.00714439	0.0971874	0.0476649	0.0100601	0.00963639	0.0110221	0.00451682	0.0465984	0.0959317	0.167927	0.00227339	0.00886351
83	0.0853406	0.0106656	0.0259516	0.0624339	0.00963264	0.0228942	0.0247862	0.0223654	0.253454	0.0452882	0.0170481	0.0332662	0.0185695	0.0663083	0.137028	0.0630354	0.060673	0.0297056	0.00227824	0.00927583
84	0.60566	0.0455719	0.00310804	0.00259039	0.00318488	0.0673603	0.00442107	0.0116953	0.00589508	0.0108915	0.00348607	0.00581539	0.0049682	0.00910858	0.00594796	0.148152	0.026355	0.0243245	0.00389589	0.00756816
85	0.0158603	0.0145884	0.00105362	0.00529302	0.277274	0.00275558	0.0476035	0.024633	0.00650107	0.0899706	0.0204345	0.0106809	0.00695627	0.00943631	0.00292322	0.00842105	0.0079168	0.0279896	0.0197978	0.39991
86	0.0360302	0.00503002	0.012001	0.0277294	0.00806094	0.0106679	0.0209217	0.020664	0.352057	0.0290817	0.0131253	0.0206999	0.00415783	0.0607276	0.263711	0.0386335	0.0459347	0.0237694	0.00179169	0.00520478
87	0.0379549	0.0417881	0.00876188	0.0226309	0.0401446	0.0161054	0.0494003	0.0164912	0.0221606	0.0529023	0.101274	0.126531	0.011035	0.258664	0.0853778	0.0507701	0.0202843	0.0206247	0.00396801	0.0131303
88	0.638543	0.0225706	0.00220427	0.00625278	0.00419833	0.0844262	0.00483711	0.012424	0.0103092	0.0166211	0.00531557	0.00602102	0.00568194	0.0130514	0.00811615	0.110405	0.0216887	0.0225505	0.000977074	0.00380528
89	0.0358855	0.0130493	0.00269254	0.0144155	0.0463206	0.00468153	0.0166684	0.128999	0.0091168	0.431907	0.0577379	0.00959906	0.00810925	0.0125253	0.00934263	0.0334391	0.0283804	0.105643	0.00219858	0.0292884
90	0.0177532	0.00409421	0.00906029	0.0143846	0.00919086	0.00957616	0.0140581	0.0136923	0.442051	0.0133136	0.00980937	0.0224472	0.00532958	0.0503277	0.299767	0.0194511	0.0273724	0.0135824	0.000737298	0.0040025
91	0.0181436	0.00701723	0.00171116	0.00560179	0.0402219	0.00995498	0.00479064	0.24245	0.00868318	0.432627	0.0523533	0.00926257	0.00298557	0.00563133	0.0115528	0.0126525	0.0143294	0.0881539	0.0189641	0.0129136
92	0.0324635	0.0116075	0.336922	0.392181	0.00206034	0.00389845	0.00596503	0.00331028	0.0155424	0.00629007	0.0027853	0.0791175	0.00561351	0.0272405	0.0099386	0.033883	0.0101376	0.0141318	0.00142171	0.00548987
93	0.0498403	0.011663	0.0559796	0.0851444	0.00336849	0.220284	0.0190059	0.00662521	0.168046	0.01749	0.0170557	0.0686665	0.0479098	0.0644648	0.0632761	0.0682754	0.018115	0.00994572	0.00111866	0.00372537
94	0.0505686	0.0147115	0.00161664	0.016487	0.0668925	0.0069126	0.0169646	0.151733	0.00770867	0.297202	0.0700124	0.0121522	0.0149015	0.0199798	0.00904507	0.0466975	0.0423207	0.114433	0.00221718	0.0374442
95	0.043882	0.0207434	0.0161084	0.0560275	0.028938	0.0154849	0.0533045	0.0181751	0.0366949	0.110323	0.0320308	0.114024	0.042959	0.185395	0.069982	0.081084	0.0279763	0.0226577	0.00521855	0.0189914
96	0.0197148	0.00756596	0.0012309	0.00452236	0.0304803	0.00298295	0.0033734	0.305655	0.00914607	0.368128	0.0337533	0.00899528	0.00278419	0.00471797	0.00584034	0.0134236	0.0155218	0.150403	0.0029826	0.0087775
97	0.0221696	0.00845774	0.00333601	0.00800762	0.022593	0.00220331	0.00355484	0.0446139	0.00805758	0.672035	0.0673308	0.00598961	0.00324469	0.0204412	0.0101591	0.0142336	0.0149445	0.0514346	0.00196843	0.0152245
98	0.0317272	0.00628864	0.0150901	0.0384968	0.00724079	0.0121523	0.0155876	0.0121334	0.387197	0.0247913	0.0111867	0.0281143	0.00497736	0.0620306	0.267858	0.0275046	0.0254942	0.0155967	0.000736626	0.005796
99	0.0470172	0.0114967	0.279063	0.464663	0.00270944	0.00597025	0.00513979	0.00384779	0.0255997	0.00970421	0.00368373	0.030148	0.00720063	0.0304964	0.00929845	0.0293008	0.0110455	0.0154591	0.000717362	0.00743927
100	0.0321721	0.0113114	0.00766298	0.0141127	0.025163	0.00551876	0.00832381	0.055511	0.011522	0.607745	0.05248	0.0100667	0.00473831	0.0149174	0.0115996	0.0286508	0.0204607	0.057524	0.00185798	0.0186622
101	0.492532	0.0626301	0.00663526	0.0046821	0.00460639	0.0548335	0.00596385	0.0176331	0.00615865	0.0161967	0.0068676	0.00830339	0.00904442	0.0124629	0.0085833	0.185095	0.037897	0.0332468	0.0077776	0.0188498
102	0.0429763	0.00849586	0.00202782	0.0128831	0.0535583	0.00882862	0.00904504	0.131749	0.00742537	0.312937	0.0933386	0.0257523	0.019772	0.0223267	0.013703	0.0309974	0.0530231	0.121412	0.00376821	0.02598
103	0.019486	0.00827165	0.00245832	0.00634076	0.0264094	0.00191802	0.00306632	0.0796047	0.00489412	0.660727	0.0562716	0.00454256	0.00308306	0.00638213	0.00400619	0.0138688	0.0162612	0.0644105	0.00211704	0.0158803
104	0.0451314	0.0176459	0.0172554	0.032325	0.0756853	0.015928	0.100593	0.0209772	0.0488931	0.0814205	0.0236753	0.0349837	0.00883394	0.132366	0.0492549	0.056389	0.0278769	0.0284205	0.0202865	0.162059
105	0.0643465	0.0249072	0.000964774	0.00404464	0.015223	0.00530376	0.00615103	0.254867	0.00348669	0.113247	0.0375078	0.00606384	0.00247135	0.00783687	0.00299991	0.0253354	0.0304916	0.388512	0.000540689	0.00569983
106	0.0345436	0.014108	0.0111975	0.013799	0.0547939	0.0139423	0.252441	0.0127859	0.0265824	0.0688695	0.0107609	0.0289739	0.00476514	0.111885	0.0270987	0.0562831	0.0247833	0.018976	0.0413997	0.172011
107	0.0609378	0.00827492	0.0035954	0.0325759	0.0228621	0.00863194	0.0101995	0.124387	0.0123229	0.197867	0.0824803	0.0300903	0.0105908	0.0423644	0.031953	0.0598319	0.0990651	0.140661	0.00619584	0.0151135
108	0.0794228	0.0172868	0.028407	0.0487354	0.0103744	0.0772177	0.0293591	0.015877	0.133821	0.0376907	0.0161254	0.0442297	0.0172733	0.0682981	0.199992	0.105241	0.0382593	0.0187906	0.00323891	0.0103602
109	0.0177317	0.00219432	0.410971	0.151635	0.00143886	0.00834971	0.0137057	0.00491613	0.0208414	0.00657173	0.00147749	0.201805	0.00383683	0.0431017	0.0217149	0.0506584	0.0204727	0.0133418	0.00319559	0.00203988
110	0.0166653	0.0206932	0.00150946	0.00340487	0.230725	0.00275612	0.0153818	0.0740019	0.0118813	0.154355	0.0472087	0.0177203	0.0118313	0.0111542	0.0033653	0.0106641	0.0120092	0.0584627	0.0492884	0.246923
111	0.0778264	0.004298	0.174969	0.300644	0.00399144	0.0200769	0.0166044	0.0121973	0.0887612	0.0236452	0.00338705	0.023554	0.0129201	0.0848718	0.0297136	0.0550189	0.0411994	0.0171236	0.000268649	0.00892883
112	0.255349	0.0178395	0.0388086	0.0359172	0.00721105	0.271383	0.0102231	0.0151043	0.0358624	0.0201511	0.0114794	0.0360429	0.042691	0.0367274	0.018462	0.0832145	0.0316989	0.0217063	0.00249524	0.00763219
113	0.0194321	0.0212385	0.00114269	0.00327355	0.310775	0.00400219	0.0298088	0.031837	0.00719324	0.151414	0.0286548	0.0115921	0.00747889	0.00828927	0.00241537	0.00693803	0.00710109	0.0301163	0.0263454	0.290952
114	0.0671809	0.00378911	0.00993122	0.0711155	0.0049931	0.0113812	0.0127346	0.0313935	0.263652	0.110426	0.0187908	0.0206456	0.00556162	0.0611341	0.160305	0.0397673	0.0365744	0.0551505	0.00168158	0.0137924
115	0.0392608	0.0127428	0.0254024	0.0608033	0.0121323	0.0134649	0.0320939	0.00969132	0.225706	0.0386259	0.0144385	0.0458699	0.00390032	0.0837433	0.27816	0.0383962	0.0205912	0.0181915	0.00184795	0.024938
116	0.0762103	0.00797186	0.00896956	0.0190118	0.0220938	0.0439229	0.146214	0.0165792	0.0666748	0.0573354	0.0125254	0.0754281	0.00633168	0.0879697	0.0845106	0.0997192	0.0428516	0.0197805	0.0352738	0.0706259
117	0.0899439	0.00879786	0.0166134	0.0547394	0.00817196	0.0153938	0.0507183	0.0375754	0.160099	0.0397078	0.0226863	0.0163546	0.00316382	0.106048	0.132428	0.0924476	0.0894613	0.0438117	0.00490325	0.00693512
118	0.0126966	0.00500263	0.0010814	0.00395696	0.0284919	0.002651	0.00264094	0.181775	0.00427302	0.565325	0.0632123	0.00575694	0.00165254	0.00308062	0.0031566	0.00844471	0.0124066	0.0763115	0.00411836	0.0139654
119	0.013425	0.00789335	0.00195984	0.00357233	0.0207632	0.000650384	0.00149353	0.0416251	0.00354737	0.759426	0.0525188	0.00235119	0.00147784	0.00413999	0.00171851	0.0100037	0.0126496	0.0471941	0.000659791	0.0129303
120	0.0711422	0.0103336	0.015309	0.0441221	0.00499338	0.016337	0.0547881	0.0401322	0.152933	0.0402282	0.0280751	0.0155319	0.00166531	0.106177	0.13738	0.0991061	0.0908195	0.0563017	0.00632348	0.00830144
121	0.0999413	0.00710589	0.0880204	0.0639055	0.0167082	0.0267131	0.0246819	0.0320398	0.0257662	0.138942	0.0376146	0.0297474	0.00819347	0.0557744	0.0507285	0.144799	0.0871877	0.0533153	0.00169316	0.00712227
122	0.0248332	0.0113677	0.016333	0.0354134	0.00642287	0.00992453	0.0230209	0.00810459	0.299879	0.0221385	0.0126246	0.0389431	0.00336089	0.0761207	0.345558	0.027573	0.0189073	0.0115354	0.00104754	0.00689195
123	0.107919	0.0116212	0.0149139	0.0255919	0.0151522	0.0283797	0.0214766	0.0137521	0.0354102	0.0266768	0.018034	0.0266525	0.21704	0.0553342	0.066232	0.246596	0.0420095	0.0196858	0.00150339	0.00601902
124	0.0986096	0.00470042	0.0633465	0.0301319	0.0144503	0.145144	0.0186976	0.00719649	0.0361108	0.011858	0.00595272	0.106412	0.0195852	0.0671193	0.0227541	0.199818	0.130841	0.00575264	0.000761427	0.010757
125	0.0787915	0.00935906	0.059535	0.0248365	0.0845982	0.0123016	0.139273	0.0200708	0.0401664	0.0873001	0.0170966	0.0612856	0.00537885	0.0946655	0.0423292	0.072564	0.0227423	0.0733773	0.00350599	0.0508224
126	0.0230323	0.00559182	0.0088847	0.0180076	0.00908476	0.00917068	0.0184461	0.0203015	0.419406	0.0185734	0.0108374	0.0225403	0.00915713	0.053412	0.281995	0.0219652	0.0260868	0.0167282	0.00103545	0.00574404
127	0.136624	0.0109325	0.00576963	0.0215173	0.013621	0.0113228	0.0104423	0.0986471	0.0230584	0.0983439	0.0907228	0.0528298	0.0253599	0.0639082	0.036953	0.0804895	0.0857885	0.118709	0.00416726	0.010793
128	0.0856699	0.00899293	0.0273021	0.0261874	0.0266344	0.0697495	0.0262539	0.00703717	0.0130188	0.0123658	0.0111788	0.0845072	0.103967	0.0476766	0.0227603	0.317164	0.0938089	0.00680028	0.000833144	0.00809187
129	0.0337103	0.0230816	0.00363759	0.00881331	0.162589	0.0052411	0.0544391	0.0473096	0.0146256	0.108016	0.03225	0.015769	0.0119096	0.0308281	0.00806769	0.028093	0.0140441	0.0451348	0.127413	0.225028
130	0.0590581	0.0117086	0.00205217	0.0177911	0.032382	0.0103134	0.00905133	0.141974	0.00796881	0.217835	0.0980445	0.0269347	0.0102559	0.0291738	0.0193511	0.0496075	0.0984336	0.135814	0.00478845	0.0174615
131	0.619531	0.0259637	0.00241274	0.00297446	0.00286971	0.120325	0.00383675	0.00972502	0.00644354	0.0101559	0.00362955	0.00651069	0.00403209	0.00999675	0.00636799	0.118868	0.0194558	0.0214479	0.00158294	0.0038706
132	0.0242478	0.0193775	0.00122212	0.00350012	0.341788	0.00545278	0.0221234	0.0181308	0.00537572	0.204167	0.0191491	0.00971036	0.00702769	0.0063691	0.00264813	0.00612262	0.00554234	0.0228568	0.0152654	0.259922
133	0.517487	0.0406602	0.00467144	0.00521135	0.00581478	0.0609144	0.00577344	0.0328573	0.0070744	0.028443	0.0103047	0.00952143	0.00933381	0.0118741	0.00752295	0.139697	0.0355509	0.0555818	0.0036285	0.00807705
134	0.0607565	0.0241508	0.00105061	0.00391874	0.0123753	0.00485976	0.00632579	0.254266	0.0030332	0.101787	0.0367571	0.0059415	0.00208677	0.00829232	0.0026442	0.0239948	0.0307614	0.411533	0.000431474	0.00503372
135	0.618447	0.0301382	0.00212889	0.00269505	0.00322105	0.0831742	0.00416598	0.0117542	0.00657322	0.0102987	0.00296963	0.00550596	0.00306294	0.00957303	0.00584067	0.146959	0.0246919	0.0219511	0.0021725	0.00467732
136	0.0228207	0.0523102	0.0101191	0.00905386	0.134767	0.00495806	0.125887	0.0195656	0.0211971	0.19827	0.0140132	0.0550332	0.00196766	0.0359168	0.0397063	0.0140858	0.0123934	0.0170676	0.00225376	0.208614
137	0.0364855	0.00976759	0.0273918	0.0210414	0.11555	0.00910906	0.210353	0.0193244	0.0697199	0.0517477	0.0173183	0.0400235	0.00644381	0.0625763	0.0705163	0.0450706	0.0148846	0.0391983	0.00263311	0.130845
138	0.0135112	0.00740459	0.00188517	0.00354504	0.0219006	0.000884302	0.00166538	0.0496566	0.00357896	0.743252	0.0561548	0.00271841	0.00165627	0.00419162	0.00173259	0.0100178	0.0131214	0.0487641	0.00101815	0.0133412
139	0.0936696	0.033453	0.00502653	0.025181	0.0115126	0.015173	0.0198469	0.0615653	0.0607384	0.100434	0.066227	0.104485	0.00728006	0.0602676	0.0476782	0.0984227	0.108825	0.0633036	0.00274197	0.0141684
140	0.0462672	0.0132978	0.0686821	0.0982038	0.0010184	0.323083	0.0222335	0.00382612	0.128226	0.0102856	0.0104193	0.0766722	0.0124932	0.0647283	0.0316275	0.0679674	0.0149321	0.0045027	0.000355269	0.00117789
141	0.0169436	0.00200904	0.418892	0.152009	0.00126997	0.00815972	0.0133068	0.00480106	0.0185559	0.00566847	0.00118533	0.202288	0.00386581	0.0412888	0.020521	0.0510686	0.0201822	0.0128502	0.00326871	0.00186591
142	0.0660987	0.0109912	0.00562506	0.0119434	0.0890019	0.0289651	0.129829	0.0163992	0.0326805	0.13276	0.0301691	0.0354089	0.0494727	0.0321655	0.0291168	0.0754083	0.0522644	0.0210568	0.00438559	0.146258
143	0.119852	0.0123071	0.00633027	0.0360968	0.00980507	0.024455	0.0108176	0.0745492	0.0670722	0.0789035	0.0585359	0.109832	0.00925359	0.0279554	0.032475	0.0854698	0.146378	0.0751393	0.00285918	0.0119139
144	0.492899	0.058912	0.00481657	0.00642857	0.00501287	0.0604725	0.00562988	0.0274505	0.00923694	0.0320139	0.0118255	0.00921212	0.00778274	0.0123522	0.00773886	0.12833	0.054228	0.0512012	0.00418395	0.0102725
145	0.0520083	0.015052	0.00179515	0.0190599	0.0694677	0.00651693	0.0164203	0.157226	0.00720304	0.294163	0.0674599	0.0117217	0.0160168	0.0158579	0.00681585	0.0409214	0.0370786	0.120753	0.00208968	0.0423726
146	0.0730786	0.00793305	0.0458429	0.111264	0.0010578	0.0270611	0.0192728	0.00313991	0.255971	0.0266078	0.0120105	0.0708964	0.00146327	0.09663	0.146062	0.054484	0.0227924	0.0154293	0.000260538	0.00874243
147	0.0345421	0.0102449	0.00095417	0.00474005	0.00712588	0.00100834	0.00989444	0.256062	0.00213924	0.0804822	0.020342	0.00609868	0.00267372	0.00867869	0.00178558	0.0174467	0.014684	0.513411	0.000395461	0.00729114
148	0.0134817	0.00664464	0.000932212	0.00375115	0.0301907	0.00315406	0.00297006	0.289045	0.00837055	0.419192	0.0444125	0.00895676	0.00169168	0.00333461	0.00588259	0.0105588	0.0122622	0.12169	0.00406553	0.00941314
149	0.0345347	0.0041769	0.309263	0.21671	0.00371915	0.0124296	0.0181354	0.00823825	0.048251	0.0138428	0.00291199	0.127706	0.00501104	0.0647133	0.0277121	0.0521724	0.028177	0.0142637	0.00182131	0.00621047
150	0.0954358	0.00555793	0.124957	0.225811	0.00512159	0.026568	0.0166937	0.0195839	0.104787	0.030244	0.00824979	0.0268941	0.00757473	0.075079	0.0601707	0.0720323	0.0640317	0.0219967	0.000788626	0.00842225
151	0.0139048	0.0149139	0.00100316	0.00447278	0.293979	0.00286409	0.0423309	0.022534	0.00599907	0.101971	0.022419	0.00961967	0.00618264	0.00773571	0.00217141	0.0074165	0.00706296	0.0257081	0.0204326	0.387279
152	0.0555604	0.0380145	0.00845688	0.098753	0.0411032	0.0412039	0.0190382	0.0902051	0.0415552	0.229607	0.021383	0.0151682	0.0113298	0.0249692	0.04272	0.0822829	0.0423183	0.0723976	0.00509638	0.0188376
153	0.0495096	0.0124407	0.0774519	0.0931329	0.00144032	0.300788	0.0210519	0.00369708	0.124011	0.00997337	0.0112452	0.0765125	0.0125983	0.0692921	0.0326407	0.0780346	0.0195502	0.00448816	0.00039016	0.00175134
154	0.0636961	0.0357235	0.011527	0.0272134	0.0292446	0.0370544	0.0316161	0.0496443	0.0743551	0.0566286	0.0303732	0.0567478	0.00577163	0.0850522	0.0696773	0.0924103	0.164319	0.0595479	0.00529712	0.0141011
155	0.0448022	0.00933978	0.0098107	0.0418494	0.04522	0.0108262	0.0166601	0.0841747	0.0270305	0.233196	0.0722573	0.0427565	0.0300309	0.0672043	0.0594803	0.0423356	0.060144	0.0791924	0.00449054	0.019199
156	0.0143685	0.021222	0.00127398	0.0022329	0.243147	0.00265364	0.0140422	0.0714175	0.0121869	0.137678	0.0464737	0.018645	0.0127265	0.0112926	0.00236011	0.00925767	0.0111495	0.0578993	0.0562089	0.253764
157	0.0637751	0.00688861	0.154104	0.251881	0.00547438	0.0190234	0.0202713	0.0125281	0.120578	0.0260447	0.00629004	0.0412933	0.00600275	0.0932623	0.0603865	0.0522878	0.030906	0.0189752	0.000420147	0.00960772
158	0.0426578	0.00302177	0.0479345	0.0248354	0.096652	0.00825159	0.225479	0.0160324	0.0690953	0.0343452	0.016171	0.049816	0.00408795	0.0713557	0.071797	0.0540089	0.0116772	0.0483667	0.00272542	0.101689
159	0.0959177	0.0256476	0.0268862	0.0171944	0.0151348	0.0858706	0.0128651	0.00838568	0.0180399	0.0138664	0.00545279	0.0963191	0.0305494	0.0337237	0.011993	0.349218	0.127915	0.0116962	0.00132621	0.0119976
160	0.0667764	0.00984505	0.135109	0.313288	0.0065023	0.0237232	0.0173948	0.0199559	0.0661424	0.045021	0.00873024	0.0323781	0.0122331	0.0618616	0.0367838	0.0534387	0.049608	0.0293809	0.00155515	0.0102728
161	0.0575288	0.00959759	0.00130755	0.0104465	0.0663259	0.00732139	0.0117246	0.144667	0.00458517	0.325382	0.108981	0.00998686	0.0129234	0.014719	0.00545353	0.032628	0.0373499	0.102284	0.00537528	0.0314123
162	0.0460644	0.0146818	0.00137869	0.0124201	0.0657426	0.00645888	0.0128117	0.169981	0.00655195	0.325113	0.0731815	0.0107857	0.0131918	0.0124548	0.00596571	0.0352823	0.0357806	0.109682	0.00413739	0.0383341
163	0.0146003	0.00697104	0.00184552	0.00340812	0.0238226	0.00114811	0.0020159	0.0480196	0.00359841	0.727127	0.0697807	0.00291672	0.00167033	0.00505794	0.00195246	0.00977323	0.0136564	0.0472421	0.00179748	0.0135963
164	0.0193584	0.0147142	0.00121249	0.00543525	0.288034	0.0037071	0.0411808	0.0224839	0.00662086	0.101218	0.0194598	0.00992073	0.0126213	0.00843321	0.0025331	0.00974562	0.00772451	0.0289916	0.0201081	0.376497
165	0.05259	0.00924312	0.023319	0.0725298	0.00633435	0.0133979	0.0354532	0.0192496	0.187798	0.0663233	0.0572175	0.0246228	0.00364136	0.101057	0.175558	0.0631057	0.0442947	0.0325805	0.00420145	0.00748178
166	0.319357	0.0292585	0.00697536	0.0153548	0.0134439	0.0352245	0.0355853	0.0708538	0.0129023	0.0441481	0.0173634	0.0791128	0.00861428	0.0172403	0.0121621	0.0728056	0.0336406	0.149793	0.00285621	0.0233081
167	0.024989	0.00490594	0.00636592	0.0639458	0.00649613	0.00845547	0.00857709	0.0127892	0.0278177	0.128032	0.167108	0.010042	0.00679279	0.124321	0.0269438	0.230484	0.0709246	0.0436369	0.00280009	0.0245729
168	0.0152268	0.00683982	0.00110933	0.00282634	0.0265722	0.00258387	0.00230134	0.369458	0.0108701	0.325254	0.0233376	0.00946097	0.00120808	0.00332236	0.0058066	0.0105071	0.0125266	0.164483	0.00299756	0.00330828
169	0.0196443	0.00581502	0.0018274	0.00455805	0.0389749	0.00307434	0.00502913	0.132326	0.0075601	0.541319	0.0903781	0.00813775	0.00337475	0.00642328	0.00546319	0.0112577	0.0155225	0.067076	0.00496955	0.0272687
170	0.137567	0.00816648	0.00734007	0.0910899	0.106541	0.00650078	0.012732	0.0566003	0.06261	0.114016	0.0133264	0.0438389	0.0322934	0.103576	0.0819217	0.0335769	0.0155266	0.0438526	0.00881493	0.0201101
171	0.0913219	0.00648121	0.113939	0.237824	0.00788878	0.0311282	0.0277237	0.0164202	0.103848	0.0408963	0.00875745	0.028061	0.0275862	0.0867232	0.0467565	0.057032	0.035594	0.0217517	0.00127858	0.00898805
172	0.0679801	0.00611535	0.155835	0.269998	0.00531643	0.0192197	0.0191128	0.0144091	0.112444	0.0282063	0.00538963	0.030865	0.00604341	0.095722	0.0523118	0.0517427	0.0312998	0.018467	0.000289169	0.00923255
173	0.608078	0.041839	0.00287832	0.00294684	0.0036074	0.0718271	0.00438681	0.0110095	0.00658624	0.012374	0.00313068	0.00660926	0.0042985	0.00890366	0.0060699	0.143267	0.0272583	0.0240771	0.00356793	0.00728505
174	0.0133627	0.00661918	0.00166578	0.00397724	0.0247332	0.00131107	0.00168323	0.0875919	0.0032666	0.689905	0.0581617	0.00325584	0.00155681	0.00351494	0.00191	0.00953592	0.0120897	0.0571159	0.00186685	0.0168763
175	0.0781934	0.0041644	0.184468	0.305657	0.0041524	0.0208072	0.0174886	0.0106412	0.0880316	0.0237308	0.00306996	0.025552	0.00946397	0.0842186	0.0260314	0.0518374	0.0373821	0.0146691	0.000222664	0.0102189
176	0.031033	0.0091965	0.0248932	0.0225814	0.10468	0.00705112	0.199069	0.0251269	0.0688495	0.0556287	0.0175213	0.0426207	0.00405502	0.0524002	0.0831663	0.0445815	0.0164094	0.0492592	0.00222211	0.139656
177	0.015305	0.0068872	0.00149223	0.00420848	0.0268891	0.00202405	0.00300962	0.118927	0.003795	0.632033	0.0597918	0.00430531	0.00235754	0.00401819	0.00254577	0.0123744	0.0133906	0.0692777	0.00255866	0.0148092
178	0.0503658	0.011122	0.159917	0.266772	0.0102962	0.0195689	0.027455	0.0165727	0.087099	0.0282933	0.00777106	0.0429254	0.00445986	0.0944924	0.0468402	0.0542695	0.0368132	0.0192744	0.000410116	0.0152812
179	0.0171358	0.00382983	0.00972426	0.0143002	0.00969072	0.00921423	0.0144099	0.0137478	0.432562	0.0140048	0.009103	0.0233772	0.00494354	0.0514437	0.304389	0.0197752	0.0288403	0.0148328	0.000770481	0.00390538
180	0.0446643	0.0062378	0.00935408	0.0442335	0.0181239	0.0195956	0.0108195	0.0987074	0.0285959	0.237458	0.0745164	0.0201189	0.0241588	0.0629342	0.0518134	0.0357563	0.0665568	0.132638	0.0033387	0.0103784
181	0.369678	0.0897128	0.00980185	0.00406011	0.00384542	0.0451816	0.00528975	0.0204731	0.00478576	0.0165004	0.00990836	0.00944389	0.0105523	0.0136437	0.0116517	0.241843	0.0523094	0.0459485	0.0147303	0.0206402
182	0.0557603	0.0264195	0.00306862	0.0125528	0.149253	0.00312799	0.0107853	0.0735164	0.0246066	0.180611	0.0452259	0.0132777	0.0168839	0.0146777	0.00817475	0.0162587	0.0105668	0.0823784	0.090651	0.162203
183	0.0150829	0.00301915	0.0338836	0.0696694	0.0184254	0.00304637	0.0153669	0.00514919	0.0614406	0.272986	0.163718	0.0259548	0.00329303	0.0934822	0.137992	0.0274465	0.0136627	0.0188949	0.0111881	0.0062982
184	0.0576232	0.0100625	0.0377527	0.117531	0.0135732	0.0152625	0.0156443	0.0296313	0.0401215	0.121039	0.0675457	0.0298673	0.0571808	0.105925	0.0459427	0.102753	0.0770521	0.0414153	0.00334551	0.0107309
185	0.0631038	0.019042	0.00498595	0.0326287	0.020466	0.00869458	0.0355603	0.0913445	0.0436955	0.0988846	0.0844718	0.0489162	0.00382478	0.0552479	0.0437475	0.0755689	0.147779	0.076996	0.00626639	0.038776
186	0.519031	0.00944104	0.00457173	0.0043002	0.0031159	0.267645	0.00375679	0.0127436	0.00590487	0.0117336	0.00799859	0.0118803	0.00958516	0.015475	0.00827372	0.0635464	0.0130039	0.0248387	0.000809936	0.00234466
187	0.0512217	0.0108442	0.160799	0.268891	0.0099721	0.0195295	0.0265055	0.0164666	0.0872944	0.0285683	0.00741406	0.0424054	0.00455224	0.093958	0.0462512	0.0543911	0.0365961	0.0189326	0.000373378	0.0150341
188	0.0340139	0.0151861	0.00128666	0.010272	0.0644968	0.00508513	0.0111176	0.189016	0.00948218	0.335502	0.0595645	0.0130182	0.0107138	0.0104715	0.0072471	0.0300271	0.0286346	0.114551	0.00460332	0.0457103
189	0.0278741	0.0434421	0.0114106	0.0122836	0.106841	0.003539	0.0813031	0.0348822	0.0211255	0.310703	0.022794	0.0490004	0.00284802	0.034302	0.0368425	0.0209001	0.0142968	0.0311291	0.00338977	0.131093
190	0.0416245	0.00735262	0.00111768	0.00761757	0.0517414	0.00735756	0.00748776	0.149299	0.00353509	0.409375	0.0946364	0.00895579	0.00993303	0.0103648	0.00452213	0.0247063	0.0310054	0.0959936	0.00636711	0.0270065
191	0.0742048	0.00813192	0.0385762	0.108844	0.000980331	0.0275855	0.0183697	0.00365903	0.264733	0.0307602	0.0114435	0.0607427	0.00158772	0.0979872	0.148548	0.0535939	0.0233018	0.0165243	0.000279385	0.0101465
192	0.0176396	0.0130881	0.00263942	0.00660316	0.0248305	0.00249929	0.00552409	0.0593103	0.0185647	0.658149	0.0503733	0.00746166	0.00234828	0.00866232	0.0116928	0.0159445	0.0212441	0.0561905	0.00130302	0.0159317
193	0.0462311	0.0134664	0.0697599	0.0966938	0.000974488	0.322514	0.0211508	0.00379054	0.129252	0.0101032	0.0105622	0.0775042	0.0122816	0.0648428	0.0319574	0.0682007	0.0147999	0.00447475	0.000357352	0.00108368
194	0.0186796	0.0271574	0.019703	0.0420751	0.00362015	0.00490863	0.0466145	0.00319008	0.154029	0.0187314	0.0125857	0.0301056	0.0017242	0.0914623	0.471715	0.0288852	0.00694579	0.00718978	0.00132134	0.00935603
