258	20
1	0.113969	0.00975565	0.0456517	0.0158926	0.0598583	0.0853411	0.00933882	0.0430333	0.030966	0.107325	0.0048929	0.0641856	0.0387408	0.011094	0.0196484	0.109551	0.119746	0.079294	0.00176033	0.0299558
2	0.110005	0.014151	0.0478084	0.0182098	0.0615837	0.0451202	0.00789395	0.0435967	0.0333811	0.131515	0.00559963	0.0642104	0.0292685	0.013868	0.018442	0.102914	0.148382	0.0829982	0.00220848	0.0188443
3	0.0612909	0.00767312	0.0336235	0.0499958	0.220689	0.00948619	0.0091044	0.0500044	0.0135084	0.123552	0.0683391	0.0124105	0.00623208	0.0521649	0.019943	0.0232761	0.0148006	0.0293976	0.154425	0.0400836
4	0.289499	0.00595656	0.0572214	0.0600124	0.010464	0.268551	0.0149865	0.0105312	0.0437308	0.0192009	0.00646412	0.0299757	0.0208632	0.0139449	0.0351652	0.0723474	0.0196357	0.015227	0.00168034	0.0045432
5	0.0434971	0.00751798	0.0923782	0.0714464	0.186535	0.0121959	0.00818105	0.0572283	0.0150428	0.214078	0.0411419	0.0148003	0.00789325	0.0479518	0.0171849	0.0242409	0.0202324	0.0498748	0.0547839	0.013795
6	0.125828	0.0029777	0.103359	0.20473	0.00177485	0.0604371	0.0173078	0.00898604	0.107863	0.0219476	0.0112304	0.0418723	0.0197792	0.0739199	0.0698266	0.05972	0.0416491	0.0184569	0.000591204	0.00774341
7	0.0967816	0.0090595	0.024556	0.0742412	0.00402946	0.0328668	0.0669783	0.0152812	0.180871	0.0236928	0.00463405	0.0291104	0.0183538	0.0822232	0.216822	0.0388784	0.0513252	0.0224105	0.00242054	0.00546336
8	0.0183101	0.00679617	0.00312748	0.00607758	0.106742	0.00886654	0.0124755	0.163963	0.00614585	0.398292	0.0786183	0.00985495	0.00604412	0.0124266	0.013691	0.0110755	0.0186515	0.0882734	0.00825152	0.0223175
9	0.106841	0.00578463	0.117133	0.161135	0.0050568	0.0438984	0.0120656	0.0213641	0.0843739	0.0414528	0.020385	0.0280498	0.0156733	0.071522	0.0854854	0.0851022	0.0564039	0.0283018	0.00185026	0.00812086
10	0.134772	0.00854539	0.0536539	0.0510317	0.00832672	0.0824328	0.0187728	0.0181749	0.16203	0.0926138	0.00875051	0.0240601	0.0226417	0.0334179	0.115954	0.0500879	0.0639029	0.043843	0.0020597	0.00492815
11	0.144065	0.0371042	0.0258743	0.0296066	0.0201702	0.0229154	0.00839041	0.0490868	0.0808652	0.175142	0.00858289	0.0698456	0.0394618	0.0341432	0.0369719	0.0868934	0.0503927	0.0729448	0.00178719	0.00575641
12	0.0784255	0.00637836	0.135331	0.129007	0.00654247	0.171136	0.013338	0.0141941	0.0801404	0.0262407	0.0119598	0.0641765	0.0123599	0.0605246	0.0517679	0.056399	0.0355733	0.0350545	0.00123122	0.010219
13	0.0446679	0.011825	0.497861	0.0594573	0.00861053	0.0351084	0.00828529	0.0100933	0.031498	0.0171758	0.0084768	0.0945283	0.0148282	0.0156174	0.0200786	0.035441	0.0657242	0.0144151	0.00147132	0.00483634
14	0.123173	0.0148361	0.0161678	0.0353758	0.0422632	0.0254659	0.0225786	0.047275	0.0892778	0.0394015	0.0094899	0.0816124	0.0797032	0.0653592	0.163662	0.0459092	0.0455515	0.0396471	0.00395903	0.00929211
15	0.0213256	0.0077106	0.00775022	0.00901078	0.111603	0.00562954	0.0131644	0.14295	0.00687441	0.429201	0.0753915	0.0113462	0.00685129	0.0149155	0.0112694	0.0123684	0.018022	0.0724222	0.0109776	0.0112163
16	0.133325	0.00623464	0.119602	0.170995	0.00460432	0.0518158	0.00821563	0.0164502	0.0656372	0.0580169	0.0122106	0.0493956	0.0120329	0.0429423	0.04526	0.125989	0.0346074	0.036269	0.000904138	0.00549328
17	0.0943672	0.0100961	0.0140725	0.0521284	0.00351725	0.0289956	0.0737897	0.0160189	0.193889	0.0256276	0.0040781	0.021682	0.0196271	0.0845074	0.237869	0.0353042	0.0549192	0.0223826	0.0023921	0.00473557
18	0.0151728	0.00757717	0.00164066	0.00862796	0.0717773	0.00389641	0.0119835	0.241897	0.0062658	0.371562	0.0775534	0.0073872	0.00646722	0.0163752	0.0073662	0.0094328	0.020396	0.103973	0.00419049	0.00645645
19	0.127137	0.003075	0.0979403	0.195221	0.0018517	0.0655164	0.0172534	0.00891777	0.102273	0.0214944	0.0108402	0.0385651	0.015952	0.0783229	0.0845109	0.0597599	0.0435042	0.0194214	0.00106302	0.00738034
20	0.0658026	0.0367765	0.00690423	0.0178728	0.0150456	0.0072287	0.0278845	0.148362	0.0163022	0.222514	0.0335361	0.00838797	0.0218305	0.0164269	0.0272074	0.0165917	0.0756054	0.231665	0.00144069	0.00261528
21	0.0374653	0.0137469	0.00226462	0.012941	0.0209331	0.00684568	0.00327171	0.37455	0.014723	0.104687	0.0270045	0.0027766	0.00435245	0.0151444	0.0108393	0.0168729	0.066637	0.26272	0.000625187	0.00159961
22	0.0393369	0.00968729	0.500204	0.0960132	0.00500656	0.04355	0.0076452	0.00802135	0.0399875	0.0127738	0.00721384	0.086841	0.0149701	0.0201266	0.0220098	0.030043	0.0381219	0.013715	0.000969956	0.00376314
23	0.0464519	0.0148229	0.0169354	0.0245327	0.269058	0.0088611	0.0188337	0.0260938	0.0111727	0.0723813	0.0326602	0.0165594	0.00567053	0.0283413	0.0157492	0.0244631	0.0136494	0.0155582	0.18321	0.154995
24	0.124251	0.00311715	0.105711	0.233384	0.00233388	0.0608035	0.0134265	0.00873288	0.0965601	0.021955	0.0108213	0.033991	0.0132805	0.0743641	0.0724647	0.0551677	0.0390617	0.0194134	0.000626081	0.0105336
25	0.166564	0.034687	0.016906	0.0396012	0.0168835	0.0201793	0.0186383	0.0737867	0.0594016	0.0471229	0.035346	0.0135733	0.122262	0.0251884	0.126949	0.0256993	0.0536601	0.0976733	0.00196578	0.00391289
26	0.0174199	0.00645141	0.00263778	0.00574026	0.136308	0.00507009	0.0124154	0.179804	0.00525416	0.392449	0.0788443	0.00853333	0.00569594	0.012526	0.00910764	0.00912796	0.0198626	0.0762737	0.00641865	0.0100599
27	0.115764	0.00706989	0.0679158	0.14982	0.00638043	0.0458996	0.0211068	0.0135707	0.0929616	0.0261375	0.00930916	0.0238138	0.0171347	0.0720833	0.19818	0.0503451	0.044205	0.0259059	0.00373525	0.00866171
28	0.137282	0.00915895	0.0463556	0.11009	0.00998041	0.0510252	0.0137739	0.0199535	0.0687111	0.0492027	0.0103698	0.0258877	0.136142	0.0656798	0.0572016	0.0592912	0.0644915	0.0577048	0.00201309	0.00568541
29	0.102602	0.0374058	0.0512986	0.0962819	0.0127618	0.0139617	0.0118958	0.128914	0.0293129	0.16856	0.0157411	0.0185911	0.0699404	0.0221191	0.0444385	0.0275238	0.0631783	0.0786954	0.00238008	0.00439791
30	0.0186263	0.00993775	0.00235557	0.00898743	0.0563681	0.00392503	0.0119876	0.219911	0.00708974	0.39431	0.070144	0.00724673	0.0111446	0.0143902	0.00743665	0.010249	0.0246585	0.112478	0.0036774	0.00507542
31	0.0993123	0.00386737	0.125633	0.255433	0.00304367	0.0598793	0.00817062	0.012133	0.0658503	0.0210467	0.00912123	0.0787482	0.0102497	0.0412721	0.0618399	0.0600823	0.0280351	0.0499814	0.000979402	0.00532115
32	0.162688	0.00555025	0.0698441	0.149723	0.00857437	0.132486	0.0142938	0.0120747	0.0696256	0.0325273	0.00738199	0.0566739	0.0210048	0.0346352	0.0456726	0.0914677	0.0453951	0.0340894	0.00105989	0.00523171
33	0.0938067	0.00988716	0.0144071	0.0524334	0.00382092	0.0296838	0.0736514	0.0157196	0.190229	0.0244203	0.004459	0.0254772	0.0197844	0.0843667	0.234842	0.0381621	0.0550544	0.0224205	0.00239558	0.00497899
34	0.148898	0.0116335	0.0259564	0.0492753	0.0148946	0.114659	0.0160756	0.0651895	0.0669102	0.0413999	0.00933215	0.0205551	0.0545356	0.0482978	0.0624098	0.0452917	0.0903273	0.106019	0.00254873	0.00579105
35	0.0973213	0.00594219	0.0728499	0.115629	0.00962352	0.298854	0.020764	0.0135003	0.0603443	0.0224762	0.00837946	0.0412412	0.0162728	0.0361169	0.0556013	0.060086	0.0342036	0.0213146	0.00274984	0.00672935
36	0.138201	0.0330472	0.0161026	0.0360525	0.0106908	0.0385006	0.0309276	0.0291061	0.087432	0.0293134	0.0154258	0.0167172	0.0568041	0.0403522	0.284599	0.037642	0.0467137	0.0426387	0.00328324	0.00645108
37	0.103759	0.012711	0.0192636	0.0467444	0.00759886	0.0318819	0.0392252	0.0214832	0.130535	0.0272662	0.0098168	0.0197952	0.193269	0.0528845	0.159577	0.0366993	0.0489536	0.0299267	0.00288442	0.00572565
38	0.204012	0.00760601	0.036281	0.0761339	0.0146541	0.166141	0.0365112	0.00946916	0.0508819	0.0267705	0.00758644	0.0720474	0.0696245	0.0222266	0.0460335	0.0941953	0.0330437	0.0180146	0.00218778	0.00657903
39	0.0277045	0.0211035	0.00949087	0.0100422	0.371554	0.00532059	0.0312485	0.00702747	0.00944779	0.0365866	0.0097805	0.0217539	0.00391083	0.0111133	0.00995178	0.0163307	0.0101622	0.00810243	0.0584854	0.320883
40	0.0555823	0.0104479	0.326179	0.112422	0.00982919	0.0351962	0.0128082	0.0164863	0.0669948	0.0218637	0.0116408	0.0824218	0.062508	0.0316628	0.0353822	0.0370814	0.0422914	0.0185808	0.00204876	0.00857329
41	0.0829655	0.0314198	0.0173512	0.0655229	0.0115266	0.00934108	0.0165884	0.0625399	0.0329769	0.0941047	0.0172851	0.0110266	0.0939096	0.0353074	0.0876399	0.0240145	0.0821846	0.218981	0.00173916	0.00357476
42	0.0291399	0.012862	0.00233667	0.0156002	0.0287803	0.00487283	0.00756573	0.320154	0.0108272	0.210858	0.0470739	0.00451392	0.00657263	0.0159465	0.00682902	0.013902	0.0481699	0.210114	0.00163274	0.00224841
43	0.0591329	0.0150049	0.00643131	0.0114293	0.0389318	0.00701562	0.0230004	0.097779	0.0137598	0.331029	0.106455	0.0148934	0.0119045	0.035468	0.0388334	0.0114648	0.0428811	0.123571	0.00493299	0.00608046
44	0.0256869	0.00868377	0.00336786	0.00736511	0.0655409	0.00547809	0.0184907	0.142045	0.00698614	0.379767	0.151206	0.0165269	0.00674443	0.0202252	0.0126952	0.00976688	0.0243983	0.0792325	0.00811984	0.00767344
45	0.017157	0.00676823	0.00407279	0.00634557	0.13686	0.00490273	0.0123983	0.156984	0.00507785	0.414649	0.0761216	0.00921376	0.00556368	0.0121764	0.0097254	0.0091378	0.0168365	0.0764496	0.00828465	0.0112748
46	0.0783087	0.0113268	0.0155496	0.0369859	0.00569706	0.0315296	0.0594671	0.0151618	0.21184	0.0308223	0.0119269	0.0247923	0.0199667	0.0714923	0.259767	0.0355495	0.0490866	0.0211076	0.00312722	0.00649509
47	0.0489685	0.019226	0.00234166	0.0111443	0.0147545	0.00711021	0.00292422	0.337539	0.0127024	0.0859492	0.0255468	0.00267318	0.00475179	0.0104423	0.00915794	0.0169289	0.0774555	0.308693	0.000599692	0.00109157
48	0.0305459	0.0118267	0.0101395	0.0229515	0.054172	0.00827348	0.0169084	0.135618	0.0114913	0.418306	0.0782787	0.0101988	0.0124556	0.0196822	0.0164666	0.0147301	0.0246478	0.0900096	0.00778585	0.00551204
49	0.0329204	0.0137616	0.00236537	0.015995	0.0190208	0.00588578	0.00495213	0.351225	0.0125124	0.156695	0.0343776	0.00326215	0.00569099	0.0161413	0.00656961	0.0155972	0.0574957	0.243611	0.000693859	0.00122688
50	0.0163994	0.0100772	0.00206185	0.00771082	0.0618186	0.00378536	0.0141233	0.174904	0.00538377	0.464277	0.0749076	0.00737823	0.0104292	0.0123575	0.00782825	0.00864863	0.020211	0.0880827	0.00401274	0.00560332
51	0.104759	0.00628393	0.0761314	0.166389	0.00339195	0.0416788	0.0195362	0.0122428	0.0928109	0.0268115	0.0201593	0.0249579	0.0120704	0.19848	0.0839403	0.0457816	0.037394	0.0187161	0.00103776	0.00742753
52	0.116164	0.0100831	0.0346061	0.0885606	0.0110437	0.0318546	0.0299161	0.0188734	0.0854385	0.0260447	0.0102352	0.0198199	0.0196271	0.138814	0.149176	0.0796798	0.0832595	0.0331842	0.00435049	0.00926853
53	0.0605368	0.010086	0.0184251	0.0272592	0.102734	0.0123646	0.0124522	0.0879329	0.0154307	0.228025	0.065539	0.0165777	0.00876225	0.0467047	0.0191062	0.0394384	0.0209935	0.0437201	0.152092	0.011819
54	0.0388936	0.00717707	0.0261474	0.00955847	0.115856	0.00775492	0.135546	0.00618246	0.00983187	0.0123569	0.0199394	0.0496975	0.00483146	0.0228207	0.0111743	0.0720342	0.0328309	0.0159153	0.0093646	0.392088
55	0.0487799	0.0108852	0.0479741	0.0381502	0.0177226	0.231397	0.0223548	0.0183759	0.0535026	0.0350571	0.0133991	0.144267	0.0126519	0.0191332	0.0488275	0.118177	0.0880734	0.02067	0.00351478	0.0070868
56	0.0245018	0.0128657	0.00285844	0.00812923	0.056557	0.00443331	0.0216884	0.143119	0.00766615	0.450846	0.0887672	0.011214	0.00831987	0.0189334	0.0135401	0.00906012	0.0215762	0.0851047	0.00466566	0.00615393
57	0.0592439	0.0145219	0.0844552	0.0448731	0.019541	0.0514515	0.0165758	0.0198179	0.0490019	0.0359244	0.0170547	0.0747272	0.0137431	0.0214441	0.0451043	0.256931	0.1317	0.0268227	0.00305771	0.0140083
58	0.055555	0.00827995	0.45936	0.110796	0.00538738	0.0432686	0.00821322	0.00989325	0.0429057	0.0165978	0.00789821	0.0643558	0.0147726	0.0284113	0.0304107	0.0334089	0.0379584	0.0163853	0.00129343	0.00484896
59	0.0891871	0.0285031	0.137807	0.154019	0.0077513	0.0489407	0.0105793	0.0230285	0.0463657	0.0680014	0.0286324	0.0238344	0.0947937	0.0579046	0.0655425	0.0398864	0.0381631	0.0280052	0.00184823	0.00720588
60	0.147142	0.00430575	0.0797712	0.205765	0.00463536	0.0831088	0.0184125	0.00918575	0.0871492	0.0213484	0.00933738	0.0302992	0.014559	0.0760695	0.0847404	0.0571731	0.0380324	0.0188315	0.00156534	0.00856747
61	0.0278878	0.0106864	0.00291166	0.00732462	0.0488034	0.00477184	0.018129	0.166208	0.00759414	0.354061	0.122739	0.0129236	0.00656394	0.0204896	0.012409	0.00963981	0.0520455	0.105552	0.00409859	0.0051608
62	0.0850351	0.00927013	0.0597692	0.262991	0.0130187	0.0382936	0.0178684	0.0416338	0.0583627	0.048383	0.0152159	0.0315526	0.0249917	0.0423615	0.0649367	0.046713	0.0460859	0.0826972	0.00307172	0.00774766
63	0.0395802	0.0117702	0.0503267	0.086326	0.125646	0.0217516	0.0219011	0.0178319	0.0719265	0.068198	0.0239749	0.0221065	0.00926873	0.0576523	0.0865722	0.0319131	0.0238993	0.0187151	0.0247689	0.185871
64	0.0802257	0.0127609	0.0210239	0.0314523	0.0153139	0.0251053	0.0497467	0.0252134	0.0695775	0.0821159	0.0621178	0.0330627	0.0106216	0.236653	0.135467	0.0329455	0.0364014	0.026076	0.00355893	0.010561
65	0.0220386	0.0139768	0.00228545	0.00959279	0.0519391	0.00408611	0.0137412	0.221157	0.00693281	0.377039	0.0733395	0.00748453	0.00773079	0.0143454	0.00801903	0.00914081	0.0272011	0.121582	0.00366202	0.00470595
66	0.0647038	0.0099295	0.0196538	0.018945	0.0212371	0.0547198	0.00925921	0.0616839	0.142195	0.11644	0.00930933	0.124237	0.0174502	0.0169018	0.0598066	0.141099	0.0697111	0.0329211	0.00218574	0.00761046
67	0.0423152	0.0110177	0.479827	0.0678299	0.0088206	0.0473145	0.0105859	0.00928404	0.0368681	0.0188588	0.00860806	0.0845111	0.0142786	0.0195081	0.0272753	0.0390926	0.0538054	0.0142718	0.0016742	0.00425287
68	0.047147	0.00894496	0.0417021	0.0291546	0.0152243	0.0544269	0.0339376	0.0149753	0.0657821	0.0535723	0.026143	0.135314	0.0134434	0.0507475	0.224955	0.103983	0.0452394	0.0176674	0.00625976	0.0113809
69	0.0170569	0.00927895	0.00171193	0.00876973	0.0630439	0.00360743	0.0143922	0.229942	0.00626313	0.383946	0.0801183	0.00813153	0.00718101	0.0167046	0.00738779	0.00889293	0.0201431	0.103601	0.00406664	0.00576097
70	0.0734917	0.0396687	0.027807	0.0245531	0.0417559	0.0377675	0.013044	0.0314757	0.0445659	0.0377488	0.0150322	0.0394558	0.0157063	0.0191202	0.0429821	0.267172	0.168603	0.0443906	0.00504625	0.0106133
71	0.0280848	0.0206379	0.00948636	0.01095	0.369974	0.0052862	0.0297712	0.00757791	0.00947809	0.0395606	0.0108964	0.0210803	0.00380873	0.0115378	0.0105539	0.0160471	0.0100684	0.00822099	0.0613297	0.31565
72	0.0413685	0.00572361	0.0292657	0.0158569	0.0118698	0.0476612	0.0359788	0.0103129	0.119746	0.0720255	0.0953072	0.0465568	0.00800697	0.0900571	0.262241	0.0534678	0.0279474	0.0108967	0.00223895	0.013471
73	0.0586378	0.00818234	0.0270689	0.030393	0.00991376	0.057267	0.0675433	0.0127841	0.148753	0.0406666	0.0211135	0.0766793	0.0143821	0.0708009	0.233374	0.0521496	0.043884	0.0156763	0.00271143	0.00801858
74	0.0374838	0.0172683	0.0196159	0.0201176	0.337501	0.00988941	0.0301215	0.0377046	0.0149151	0.0941952	0.0275692	0.0232518	0.00705862	0.0196609	0.0184739	0.0258354	0.0197103	0.0280882	0.0408992	0.17064
75	0.0766688	0.0476258	0.00921364	0.0169933	0.0216555	0.00955644	0.0219083	0.123348	0.01813	0.255777	0.0373128	0.0135702	0.0216612	0.0167082	0.0250791	0.022505	0.0601834	0.195194	0.00283784	0.00407108
76	0.0932025	0.00912129	0.0368314	0.0572721	0.00966695	0.252369	0.0297618	0.016271	0.116769	0.0306093	0.0101102	0.0376998	0.0190338	0.0424013	0.103737	0.0556913	0.0482723	0.0230683	0.0021308	0.00598154
77	0.0191757	0.00650149	0.00735638	0.00809379	0.161447	0.00606366	0.0118569	0.151458	0.00570031	0.382196	0.070959	0.0106064	0.00563747	0.0137949	0.0100046	0.0110147	0.0181381	0.0699134	0.0137735	0.0163083
78	0.213511	0.00766657	0.0464636	0.0358325	0.00990152	0.204562	0.0329445	0.00828096	0.0718473	0.0213869	0.00779713	0.0240003	0.0643811	0.0137532	0.0798967	0.102112	0.0352022	0.0145226	0.00171848	0.00422001
79	0.113688	0.00852518	0.129854	0.144253	0.0142639	0.0379961	0.00872571	0.0339782	0.0536852	0.0880705	0.0330504	0.043004	0.0144899	0.0613731	0.0434878	0.0956459	0.0350187	0.0285415	0.00522802	0.00711995
80	0.111944	0.00384741	0.168671	0.187258	0.00367969	0.108695	0.00834157	0.0287897	0.056388	0.0258526	0.0109778	0.0347918	0.0112794	0.0422667	0.042087	0.0868363	0.0336579	0.0285169	0.000878529	0.00524157
81	0.115666	0.00355987	0.174259	0.196676	0.0029261	0.0699677	0.00880839	0.0242041	0.0632421	0.0279134	0.0123245	0.0298495	0.0139443	0.0587749	0.0520131	0.0740665	0.0394122	0.0251177	0.000769636	0.00650615
82	0.0925271	0.0115294	0.0141326	0.0493389	0.0101679	0.0279494	0.0540503	0.0280245	0.130126	0.0248758	0.00540885	0.0237897	0.0305509	0.0868695	0.21103	0.0639735	0.0670138	0.0520289	0.00393079	0.0126817
83	0.0482854	0.017278	0.00253482	0.0108953	0.0124904	0.0088552	0.00277287	0.344372	0.0138749	0.0672849	0.0196435	0.00293124	0.00512686	0.011875	0.00968999	0.0280941	0.0931632	0.299324	0.000537568	0.000970532
84	0.0969253	0.0142411	0.0386113	0.0572792	0.0182824	0.0393493	0.0219201	0.0391599	0.0684635	0.0524649	0.0160982	0.0337754	0.215455	0.033737	0.081966	0.0477023	0.0533517	0.058696	0.00366187	0.0088594
85	0.0377229	0.0108079	0.499176	0.0766329	0.00792093	0.0392566	0.0111053	0.00901953	0.0360242	0.0167247	0.00901241	0.088279	0.0134124	0.0211476	0.0268261	0.0321422	0.0425815	0.0138032	0.00159835	0.00680649
86	0.116808	0.00858724	0.0342173	0.109831	0.0249301	0.0427095	0.10235	0.0172973	0.0466751	0.0231583	0.0111158	0.0304381	0.0171368	0.0389889	0.0949418	0.155979	0.0407417	0.0260048	0.00646601	0.0516232
87	0.0232226	0.00832833	0.0175369	0.0167489	0.00936519	0.0371969	0.00728975	0.0247334	0.100173	0.0126483	0.0192155	0.0472152	0.0104414	0.00782938	0.103951	0.236069	0.300518	0.0100194	0.00303754	0.00446053
88	0.0799123	0.0184105	0.0227746	0.0355053	0.0194611	0.024745	0.0154814	0.12518	0.0358809	0.0666986	0.0180315	0.0194049	0.0219988	0.0237362	0.0439786	0.0540589	0.207122	0.157192	0.00279901	0.00762907
89	0.039414	0.0143617	0.00212031	0.0133381	0.0142966	0.00668408	0.00293245	0.373361	0.0132777	0.0976697	0.0247689	0.0025472	0.00426841	0.0136438	0.00829741	0.0172805	0.0712191	0.279077	0.000504185	0.000937829
90	0.05883	0.0963984	0.0247346	0.0288753	0.0247406	0.032728	0.017407	0.0215974	0.0364092	0.0364531	0.0138929	0.0765098	0.0166452	0.0218954	0.0909467	0.180906	0.0521354	0.0249643	0.130863	0.013068
91	0.0608535	0.0091046	0.0267886	0.0240328	0.00948406	0.0366553	0.0380466	0.0185129	0.125745	0.0985864	0.0212581	0.0695928	0.0151152	0.0597615	0.246343	0.0519308	0.0561846	0.0212845	0.00231747	0.00840224
92	0.044806	0.0319159	0.0163596	0.018567	0.335075	0.0111646	0.0260977	0.0325651	0.0188412	0.0700169	0.0197549	0.0220851	0.00966244	0.0172405	0.0215055	0.0305917	0.0242529	0.0286812	0.0385485	0.182269
93	0.0893497	0.0158086	0.0152682	0.0493967	0.0051824	0.0283083	0.0547633	0.0161359	0.147761	0.0248243	0.00643986	0.0154273	0.0216614	0.0747849	0.321695	0.0331793	0.0490687	0.0231059	0.00258428	0.00525488
94	0.0560935	0.00741296	0.0564521	0.199181	0.0101324	0.0393509	0.0156887	0.0210336	0.105293	0.0265824	0.0103949	0.174787	0.0291633	0.0285015	0.0384374	0.103203	0.0384725	0.0257257	0.00289931	0.0111944
95	0.0890817	0.00746826	0.0436755	0.0539212	0.00909511	0.0421469	0.0384976	0.0208636	0.11745	0.0462793	0.0181087	0.0242344	0.0129902	0.0899522	0.249978	0.041068	0.0491375	0.0227063	0.00480685	0.0185395
96	0.0181308	0.00895104	0.00210311	0.00694634	0.0649772	0.00424339	0.0146006	0.184492	0.00605425	0.414275	0.0973792	0.00940278	0.00753477	0.0149603	0.00814809	0.00934633	0.0291216	0.0893132	0.0042089	0.00581127
97	0.0829083	0.0138586	0.00479147	0.0135682	0.0122428	0.0241376	0.00373825	0.295959	0.0258322	0.0577971	0.0163839	0.00513374	0.0120961	0.0227349	0.0166132	0.0268458	0.0996459	0.263375	0.000712776	0.00162448
98	0.103796	0.0033034	0.103096	0.224555	0.00233494	0.0585398	0.0116741	0.0091249	0.101571	0.0277136	0.0110976	0.0296479	0.0122069	0.105549	0.0738171	0.0576776	0.037177	0.018412	0.000595799	0.00811024
99	0.163685	0.0161013	0.0355241	0.083677	0.016067	0.0302325	0.010685	0.0256877	0.0669657	0.103988	0.00892804	0.0503371	0.0288549	0.051083	0.0481932	0.0743764	0.114442	0.0633309	0.00206417	0.0057776
100	0.0575981	0.00706012	0.162599	0.123668	0.00551449	0.248758	0.0115945	0.0116789	0.0581773	0.0162232	0.00847999	0.0965527	0.0109708	0.0283698	0.0307913	0.062432	0.0314021	0.0226542	0.00117016	0.00430547
101	0.119068	0.0173984	0.018079	0.0392585	0.016065	0.0201674	0.0240478	0.0622454	0.0874509	0.161503	0.0186964	0.0152541	0.0399953	0.0364952	0.119164	0.0295455	0.0701239	0.100051	0.00170298	0.00368723
102	0.113757	0.00832823	0.027346	0.0698716	0.00839355	0.0396016	0.03821	0.0202779	0.125876	0.0257554	0.0060115	0.0144164	0.0318557	0.0673987	0.213346	0.057994	0.0652452	0.0483167	0.0102863	0.00771237
103	0.0458379	0.0237765	0.00317286	0.0115918	0.0323045	0.00528441	0.0106518	0.238107	0.0102376	0.243891	0.0454316	0.00562556	0.0101419	0.0118911	0.013179	0.0121718	0.0527515	0.218468	0.00246027	0.0030237
104	0.0539123	0.00752142	0.021743	0.0317399	0.202914	0.00730434	0.0103186	0.0584489	0.010232	0.180641	0.0778516	0.0121526	0.00536777	0.0396685	0.0156367	0.0206923	0.0131862	0.0343295	0.149264	0.0470761
105	0.123714	0.00279159	0.113155	0.231799	0.00157648	0.059072	0.0131755	0.00902288	0.0920625	0.0218683	0.011236	0.0345552	0.013293	0.0785153	0.0681382	0.0571897	0.0408671	0.0182404	0.000424957	0.00930276
106	0.125334	0.00646627	0.0516446	0.163555	0.00368654	0.0526698	0.0395593	0.0117513	0.123786	0.0202579	0.00681218	0.0240902	0.0185898	0.0809482	0.143141	0.046167	0.0512086	0.0207527	0.0021345	0.00744573
107	0.0201304	0.00683386	0.00804951	0.0106325	0.146496	0.0062286	0.0125673	0.138471	0.0059452	0.397546	0.0706719	0.0110006	0.0062695	0.0138576	0.0113005	0.0107377	0.0179567	0.0780446	0.0135391	0.0137225
108	0.0540421	0.00731413	0.0918597	0.0632993	0.00877361	0.0436235	0.0262862	0.0113933	0.0790039	0.0632264	0.024449	0.1059	0.0106086	0.115004	0.122129	0.0942139	0.0482536	0.0190387	0.00151846	0.0100625
109	0.101795	0.00933026	0.0171739	0.059542	0.0121179	0.0417348	0.0421153	0.0187144	0.11921	0.0235188	0.00489134	0.0121467	0.0209377	0.0716145	0.262993	0.0544095	0.0637535	0.0368838	0.0134816	0.0136357
110	0.0948817	0.0195922	0.0118235	0.0419039	0.006939	0.0224876	0.0572148	0.0256317	0.117538	0.0285206	0.0156761	0.0174001	0.0183121	0.235485	0.166693	0.0318988	0.055158	0.0250749	0.00250995	0.00525911
111	0.0322373	0.0106485	0.00832137	0.0131516	0.0652908	0.0123741	0.015706	0.14225	0.0128877	0.424427	0.0670464	0.0124975	0.0110266	0.0168292	0.0174668	0.0170174	0.0251005	0.0811526	0.00609906	0.00846941
112	0.102724	0.00599808	0.160873	0.195317	0.00202102	0.0461329	0.0107474	0.0116366	0.0868572	0.0299879	0.011785	0.0275478	0.0135734	0.0785758	0.071477	0.0631313	0.0468943	0.021	0.000524124	0.0131967
113	0.086394	0.00934725	0.0160532	0.0409085	0.00461802	0.029961	0.0745072	0.0150262	0.188178	0.0323964	0.0100532	0.0333609	0.0168479	0.0867573	0.239907	0.0380302	0.0490365	0.0201862	0.00215752	0.00627301
114	0.0989298	0.00843208	0.0319917	0.0452673	0.0165552	0.306938	0.0489798	0.0121625	0.0584548	0.0250088	0.013263	0.050607	0.0199083	0.0311067	0.0734615	0.0873565	0.0402697	0.0170987	0.00316196	0.0110462
115	0.0218805	0.00637017	0.00725789	0.0101473	0.13831	0.00722282	0.0126702	0.141225	0.00683065	0.365236	0.0747005	0.0098217	0.00561343	0.0155385	0.013303	0.011947	0.0155295	0.0719969	0.0178628	0.0465359
116	0.0336047	0.01214	0.00247522	0.0157764	0.0244947	0.00644433	0.00445994	0.340289	0.0160215	0.14305	0.0369847	0.00335374	0.00523065	0.0275216	0.00811863	0.0205936	0.061099	0.235637	0.00110016	0.00160488
117	0.0994033	0.025728	0.0169579	0.0403605	0.0163731	0.0126763	0.0161442	0.106809	0.0309457	0.136574	0.0188367	0.0143253	0.0722726	0.0257755	0.0584813	0.0256597	0.0678229	0.209383	0.00159648	0.00387423
118	0.0183239	0.00888424	0.0018973	0.00887886	0.0645551	0.00379472	0.0140641	0.236318	0.00667915	0.364096	0.0855366	0.00858283	0.00626777	0.0192328	0.00813427	0.00962255	0.0224518	0.102092	0.00497013	0.005618
119	0.033507	0.0123947	0.0026742	0.0141837	0.0222638	0.00666971	0.00481259	0.326449	0.0140379	0.146486	0.0355945	0.00392882	0.00722715	0.0380201	0.00841036	0.0179663	0.0615329	0.240849	0.00139204	0.00159983
120	0.0453404	0.0108639	0.483361	0.0842827	0.00720892	0.0378138	0.010106	0.0141964	0.0399984	0.0188275	0.00899499	0.0701628	0.0138304	0.0243284	0.0297883	0.0330816	0.0407015	0.0187484	0.0019732	0.00639119
121	0.310158	0.0165952	0.038	0.0554556	0.0202314	0.088598	0.0236633	0.0209812	0.0552292	0.0344074	0.00967143	0.0283009	0.0224492	0.0333683	0.0619715	0.0704177	0.0502878	0.0412584	0.00423988	0.0147159
122	0.022329	0.00889224	0.023003	0.0207699	0.010164	0.0398278	0.00723934	0.0336932	0.0633735	0.0130471	0.0224341	0.0404768	0.00993789	0.00742461	0.0682974	0.242655	0.347682	0.0111971	0.00296602	0.00459036
123	0.0155339	0.00642502	0.00326934	0.00570172	0.139195	0.00500107	0.0124208	0.168059	0.00475051	0.409301	0.0760774	0.00902224	0.00558624	0.0112863	0.00887998	0.00874349	0.0178337	0.0764423	0.00617186	0.0102983
124	0.0431284	0.0152705	0.00216098	0.0117863	0.0136084	0.00744418	0.00267525	0.367509	0.0130354	0.0780969	0.0220161	0.00260314	0.00403195	0.0118852	0.00920548	0.0201692	0.0833906	0.290513	0.00052835	0.000941772
125	0.113797	0.00482806	0.0707272	0.217506	0.00609256	0.0489005	0.027256	0.0116414	0.0869587	0.0212599	0.00977587	0.070617	0.0448189	0.06803	0.0543775	0.0757869	0.0371959	0.0198486	0.00166563	0.00891687
126	0.327594	0.0340749	0.0271299	0.0186094	0.0190967	0.0361915	0.0109594	0.0178889	0.026575	0.0351636	0.0063543	0.0201811	0.0172488	0.017816	0.0247176	0.136234	0.119396	0.0919665	0.00271668	0.0100862
127	0.161933	0.0150353	0.111556	0.06609	0.0186872	0.0469642	0.0170132	0.0271337	0.0499681	0.052241	0.0101258	0.0302111	0.0701462	0.0314649	0.0501307	0.0933377	0.0618773	0.0746772	0.00238577	0.00902123
128	0.0943878	0.00986094	0.0146591	0.0387704	0.00503553	0.0534639	0.0693861	0.0160132	0.156065	0.0229777	0.00443439	0.0160113	0.052254	0.0653163	0.232635	0.0511242	0.067231	0.0223409	0.00296394	0.00506968
129	0.100696	0.00827679	0.0438008	0.102961	0.00606334	0.0911572	0.0369586	0.0150986	0.129187	0.0368297	0.00934087	0.0209057	0.0162643	0.0854304	0.17556	0.0443408	0.0434033	0.0234816	0.00252371	0.0077203
130	0.0803135	0.00966044	0.0170953	0.0326222	0.00763361	0.0694054	0.0728596	0.0149841	0.108666	0.0225636	0.00708473	0.0199866	0.074558	0.0478896	0.219757	0.0783071	0.0859112	0.0209425	0.00343893	0.0063198
131	0.120467	0.0153789	0.0204375	0.0309759	0.0428369	0.0414084	0.0131357	0.0326023	0.0843585	0.0900471	0.00791467	0.107098	0.0602549	0.0284493	0.0734388	0.116374	0.0567801	0.0458062	0.00213925	0.0100964
132	0.103182	0.00974105	0.0209576	0.0259746	0.00697623	0.090819	0.0292957	0.0135665	0.153993	0.0272616	0.00861398	0.0221811	0.0603493	0.0258571	0.138895	0.102393	0.133081	0.0195317	0.00259547	0.00473488
133	0.108738	0.00353149	0.165034	0.199224	0.00354433	0.119263	0.00821399	0.0274979	0.0605653	0.0221938	0.00945331	0.0384374	0.010297	0.0418173	0.0423703	0.0723719	0.0297067	0.0319639	0.000748079	0.00502747
134	0.107959	0.00358039	0.107487	0.192335	0.00262757	0.0483423	0.0140777	0.0116944	0.107432	0.0266003	0.0117361	0.0313353	0.0140089	0.0705443	0.0847803	0.0766826	0.059594	0.0205667	0.000823557	0.0077939
135	0.0433011	0.00960887	0.0236744	0.0760417	0.0179835	0.0242105	0.0146509	0.0547795	0.126995	0.0295465	0.0104989	0.182773	0.124077	0.0214582	0.0335304	0.0514783	0.0880144	0.0220268	0.00382343	0.041528
136	0.122262	0.00406359	0.0857604	0.238916	0.00308394	0.0456767	0.0134307	0.0100866	0.0984659	0.0228737	0.00914198	0.0467247	0.0124123	0.0568758	0.10417	0.0486273	0.0339787	0.0354759	0.00120357	0.00676942
137	0.113117	0.00451781	0.101008	0.157471	0.0040274	0.0549042	0.0103265	0.0228165	0.0849784	0.0511319	0.0116089	0.0256894	0.0186842	0.0657103	0.118425	0.0534853	0.0456213	0.0458788	0.00271084	0.00788693
138	0.0913493	0.0178792	0.042171	0.0635906	0.0241048	0.0201112	0.00794653	0.124742	0.0522988	0.152285	0.0125263	0.0543964	0.0242248	0.0196132	0.0278602	0.0730304	0.0529516	0.129858	0.00287854	0.0061812
139	0.105634	0.0040955	0.124984	0.201939	0.00199386	0.048749	0.0127158	0.010725	0.106705	0.0252725	0.0119172	0.0293738	0.0135915	0.0806512	0.0773771	0.0600652	0.0551158	0.0194375	0.000604188	0.00905345
140	0.0614157	0.00741854	0.0259344	0.0240585	0.0109134	0.0354455	0.0364461	0.0122679	0.132885	0.072435	0.0602305	0.0345182	0.010042	0.0846733	0.290685	0.03938	0.0319593	0.0140534	0.00241293	0.0128253
141	0.162095	0.0118772	0.023329	0.0381691	0.0139347	0.0531112	0.0263482	0.0214902	0.0975799	0.0631954	0.00863423	0.0260379	0.0505817	0.0334948	0.118564	0.0969691	0.105211	0.0403654	0.00271249	0.00629987
142	0.0788302	0.00773671	0.0316001	0.0404875	0.011729	0.0867216	0.0563343	0.0126365	0.0756497	0.0363264	0.0223928	0.0742447	0.0140019	0.0820872	0.212188	0.092396	0.0351606	0.0154242	0.00354503	0.0105073
143	0.0853039	0.0109355	0.0137409	0.0433384	0.00497079	0.0301684	0.0812942	0.0172901	0.190675	0.027127	0.00613604	0.0292285	0.0202133	0.0777507	0.231895	0.0359766	0.0578366	0.0284509	0.00240504	0.00526323
144	0.0792637	0.00712029	0.224145	0.14179	0.0057817	0.0516868	0.0112895	0.0162621	0.0560877	0.0346256	0.0271178	0.0697003	0.0144957	0.0415049	0.044176	0.103173	0.0429734	0.0211112	0.00137534	0.00632062
145	0.119169	0.0160674	0.0434167	0.0704278	0.0136352	0.0164873	0.0188812	0.0472601	0.0541483	0.0684357	0.0249263	0.00995957	0.0697019	0.0308239	0.127559	0.0322979	0.101468	0.129113	0.00211605	0.00410657
146	0.0986026	0.00526569	0.215729	0.182514	0.00339797	0.044922	0.0200082	0.0140444	0.0728069	0.0232494	0.0107611	0.030021	0.0181983	0.066031	0.0757604	0.049789	0.0400106	0.0203144	0.000915032	0.00765887
147	0.0934721	0.010414	0.035044	0.0142853	0.0708062	0.0468888	0.00691411	0.0540107	0.0323154	0.133693	0.00511799	0.0654787	0.039136	0.0119078	0.0195168	0.130223	0.104953	0.0899682	0.00227565	0.0335791
148	0.0518805	0.00498687	0.0264674	0.00981393	0.126011	0.00696664	0.196263	0.0065062	0.00937134	0.0111096	0.0297169	0.0522959	0.00431307	0.0318882	0.0106415	0.100502	0.0462148	0.0207208	0.00530195	0.249028
149	0.0317469	0.0151573	0.0156634	0.00772996	0.315979	0.0059047	0.0844745	0.00607261	0.00840307	0.0208889	0.0130412	0.0332008	0.003751	0.0151907	0.00846844	0.0422771	0.020754	0.0112813	0.0321145	0.307901
150	0.112861	0.00823932	0.0560107	0.0760921	0.0103626	0.311106	0.0225338	0.0154457	0.059629	0.0275274	0.0123429	0.0429695	0.0189112	0.0311027	0.0589409	0.0673677	0.0347471	0.0230812	0.00264281	0.00808644
151	0.0392308	0.00814734	0.0368403	0.0123192	0.111359	0.010308	0.123827	0.00713631	0.0145847	0.0167231	0.0191801	0.0444531	0.00571966	0.0250982	0.0207895	0.0681624	0.0329537	0.0156116	0.0121079	0.375448
152	0.0813137	0.0098007	0.0178246	0.0421939	0.00548928	0.0319576	0.0607156	0.0155529	0.206075	0.030507	0.0108517	0.024471	0.0184263	0.0812395	0.245581	0.0371221	0.0498439	0.0216429	0.00265234	0.0067395
153	0.139188	0.0450329	0.0500718	0.029652	0.0194711	0.0314538	0.0076816	0.0290992	0.0824731	0.163953	0.0078081	0.0915157	0.0198528	0.0235691	0.0278507	0.128689	0.0462897	0.0454328	0.0037129	0.00720268
154	0.0793625	0.0107669	0.0279189	0.0431662	0.0219792	0.038414	0.161822	0.0186065	0.0974265	0.0304866	0.0148989	0.0365125	0.0220723	0.0441441	0.106316	0.126249	0.0565518	0.0285553	0.0035582	0.0311932
155	0.0454791	0.0196154	0.00265456	0.0111095	0.0128925	0.00788471	0.00259914	0.342298	0.0131555	0.0692158	0.0195974	0.0031062	0.0045473	0.0114137	0.00960463	0.0350637	0.0951634	0.292762	0.000676287	0.00116061
156	0.138655	0.0145441	0.0256331	0.0226591	0.0383913	0.077637	0.00719237	0.0456135	0.105169	0.11868	0.00434079	0.0841595	0.0235368	0.0135987	0.0280485	0.12984	0.0543558	0.0563038	0.0018906	0.0097504
157	0.0480258	0.0176787	0.00224884	0.0108735	0.0137018	0.00762122	0.00248215	0.344739	0.0128147	0.0754377	0.0237236	0.00256028	0.00453041	0.01075	0.00890826	0.018712	0.0831413	0.310478	0.000518114	0.00105434
158	0.0409589	0.0223436	0.499483	0.055602	0.00975457	0.0333023	0.0098118	0.0121128	0.0316909	0.0259296	0.00911284	0.0876962	0.014457	0.0166279	0.0223877	0.0387159	0.0443903	0.0168907	0.00236516	0.00636674
159	0.106973	0.0120369	0.0219201	0.0747103	0.0158824	0.0219364	0.0275936	0.0545607	0.0808552	0.0385294	0.00942503	0.0157587	0.0493842	0.0594301	0.155716	0.0625159	0.0755712	0.105784	0.00426571	0.00715155
160	0.108384	0.005012	0.114336	0.135355	0.00386488	0.0707263	0.0209845	0.0115924	0.140525	0.031218	0.0100188	0.0248117	0.0148803	0.0585194	0.121038	0.0435175	0.0424921	0.0340016	0.00148948	0.00723232
161	0.050837	0.00522307	0.0257236	0.00942955	0.124321	0.00694624	0.197547	0.00599106	0.00920329	0.0103427	0.0290237	0.054164	0.00424453	0.0314051	0.0103112	0.102751	0.0471323	0.0196861	0.00534334	0.250375
162	0.115486	0.003827	0.0836355	0.183712	0.00322503	0.130504	0.0140314	0.00998232	0.0943204	0.0246147	0.00987036	0.0295026	0.013087	0.0797912	0.0822848	0.0588031	0.0354875	0.019548	0.00114353	0.00714324
163	0.0150673	0.00659857	0.00247536	0.00542006	0.12033	0.00492089	0.013435	0.164212	0.0044776	0.430851	0.0777568	0.00980107	0.00596114	0.0113044	0.00873091	0.00913261	0.0172928	0.0763242	0.00586463	0.0100425
164	0.0383842	0.0151647	0.00268964	0.0168429	0.0159484	0.00679381	0.00434265	0.354362	0.0132787	0.119499	0.0278627	0.00317467	0.00609577	0.0162014	0.00839756	0.0176969	0.0660052	0.26545	0.000629571	0.00118011
165	0.0898029	0.0118711	0.0229987	0.0529338	0.01239	0.0291301	0.0334603	0.0290507	0.0912406	0.05476	0.0121674	0.0256585	0.0275019	0.0764101	0.220848	0.0619859	0.0693575	0.06371	0.00483566	0.00988718
166	0.109131	0.0059917	0.070169	0.13941	0.00371396	0.0375277	0.0263688	0.0136944	0.127447	0.0298331	0.00933088	0.0199166	0.0169831	0.0740048	0.147831	0.063219	0.0683818	0.0271884	0.00270317	0.00715418
167	0.08094	0.0317883	0.00879516	0.0158768	0.0139549	0.0117216	0.009068	0.203479	0.0153362	0.0936562	0.0159435	0.00891164	0.0142465	0.0139384	0.0165115	0.0525115	0.145843	0.242692	0.00113974	0.00364587
168	0.0316912	0.0099858	0.0460539	0.0431837	0.0106886	0.0561375	0.00881052	0.0389165	0.0477801	0.0165069	0.0324031	0.0377519	0.00769769	0.012433	0.0504832	0.224428	0.301776	0.0154175	0.003057	0.00479807
169	0.198747	0.0140134	0.0468506	0.0278434	0.0206357	0.079379	0.0285182	0.0164026	0.0421274	0.0828959	0.00669434	0.0294816	0.0628208	0.0144341	0.0372865	0.107596	0.130422	0.042998	0.00196844	0.00888463
170	0.32691	0.0115429	0.0410803	0.0497722	0.0120259	0.163779	0.0172133	0.0150562	0.0525903	0.0264529	0.00923186	0.0294734	0.0220408	0.024217	0.053484	0.0733522	0.0344266	0.0277857	0.00260312	0.00696268
171	0.115937	0.0183307	0.0257656	0.0237776	0.0230702	0.0401455	0.00557251	0.0354266	0.0999268	0.125586	0.00493074	0.122575	0.0206214	0.0174469	0.0303992	0.163298	0.0625177	0.0546621	0.0020201	0.00799012
172	0.0998742	0.0214109	0.0194176	0.0776912	0.0134338	0.00938405	0.016041	0.0612747	0.0402121	0.0856928	0.015921	0.00977891	0.0738313	0.0410437	0.102764	0.028495	0.0866145	0.192334	0.00145293	0.00333234
173	0.0518051	0.0053215	0.0249416	0.0113352	0.119816	0.00736254	0.203576	0.006489	0.0101331	0.0104995	0.0273537	0.0539171	0.00442042	0.0301709	0.0122439	0.109977	0.0452703	0.0193844	0.00546091	0.240521
174	0.0671098	0.00766669	0.380542	0.153287	0.00405791	0.0424199	0.00927457	0.0117683	0.0504021	0.0179156	0.00951902	0.0515906	0.0162091	0.0380434	0.0405181	0.0387526	0.0362716	0.0174998	0.00144884	0.00570267
175	0.0232203	0.0119445	0.0250855	0.0188513	0.0119767	0.0507536	0.00795594	0.0257173	0.0731488	0.0156591	0.0289117	0.0553453	0.00999772	0.00892224	0.0579276	0.306826	0.248291	0.0119644	0.00299174	0.00450912
176	0.127625	0.0252145	0.0273061	0.0734668	0.014124	0.0253807	0.0301571	0.0209924	0.102527	0.0528519	0.00872485	0.0413871	0.0295118	0.0956843	0.129147	0.0499063	0.0794454	0.0580705	0.0021544	0.00632307
177	0.0674743	0.0142835	0.0269513	0.108698	0.0171879	0.0208564	0.0827972	0.0316501	0.0391111	0.0434634	0.0748248	0.0173949	0.0615766	0.0591114	0.0953053	0.0311976	0.0457175	0.149653	0.00328332	0.00946204
178	0.0562503	0.0103322	0.0120602	0.0140308	0.117237	0.0107541	0.0148055	0.105602	0.0178469	0.339074	0.064797	0.0154497	0.00990489	0.0200775	0.0371545	0.0192126	0.0260672	0.0835823	0.0126629	0.0130983
179	0.0799528	0.00923597	0.188923	0.196738	0.00730186	0.0415114	0.0130949	0.0314095	0.0534232	0.0308076	0.0151034	0.026367	0.0528743	0.0619431	0.0682663	0.0451695	0.045504	0.0226676	0.00141378	0.00829268
180	0.126514	0.00347854	0.116447	0.201734	0.00169869	0.0597829	0.0119297	0.0102444	0.091082	0.0241139	0.0147439	0.0383697	0.0192629	0.0737535	0.0696496	0.0622262	0.0458563	0.0205114	0.000786987	0.00781319
181	0.0764742	0.0176033	0.0125981	0.0374645	0.0220253	0.00971736	0.0154044	0.0931965	0.0438624	0.210085	0.0303094	0.011346	0.054694	0.0375095	0.0932907	0.0201187	0.0561333	0.152241	0.00228868	0.00363832
182	0.0344483	0.0146587	0.00210679	0.0101656	0.0379081	0.00523688	0.0068291	0.282736	0.00921874	0.214835	0.0452677	0.0048648	0.00635965	0.0118981	0.00808016	0.0125255	0.0537017	0.234305	0.00179841	0.00305691
183	0.0809598	0.017752	0.151604	0.127988	0.00830868	0.0353502	0.0141442	0.0143965	0.0777778	0.0436937	0.0112208	0.0297688	0.0180816	0.0838821	0.0845643	0.0766126	0.0605835	0.0376539	0.00241899	0.023239
184	0.134753	0.00768479	0.0502311	0.104189	0.00997545	0.110388	0.0156333	0.0156415	0.11053	0.0818168	0.00908461	0.047062	0.0386817	0.0369691	0.0598496	0.056906	0.0739352	0.0290363	0.00127626	0.00635513
185	0.127637	0.00737297	0.13058	0.137693	0.00689155	0.0584897	0.00868858	0.0165063	0.0518096	0.0612844	0.0122137	0.0369811	0.0124892	0.0379195	0.046384	0.156194	0.0466368	0.0362192	0.00125508	0.00675411
186	0.0966561	0.00464209	0.10963	0.249263	0.00336943	0.0491244	0.0101837	0.0107692	0.0800473	0.0208363	0.00903378	0.0712169	0.0125291	0.0496332	0.0784906	0.0521549	0.0306598	0.0541858	0.00107537	0.00649956
187	0.0570624	0.0198113	0.00451998	0.0141726	0.0215785	0.00829885	0.0073958	0.272618	0.0147452	0.137021	0.0319862	0.00622514	0.0102634	0.0132943	0.0150351	0.0175503	0.0698863	0.274605	0.00125974	0.00267104
188	0.0299067	0.0174827	0.0123015	0.0144309	0.265319	0.007204	0.0214317	0.01306	0.0112527	0.11544	0.0192872	0.0188053	0.00457532	0.0144506	0.0144597	0.0170837	0.0114045	0.0148277	0.0957891	0.281487
189	0.15328	0.0122492	0.0310749	0.0593729	0.0123917	0.0546654	0.0334997	0.0185275	0.0878911	0.0333793	0.00976033	0.0287249	0.0262296	0.0504494	0.20903	0.0832059	0.0522109	0.0306772	0.0046184	0.00876154
190	0.0473856	0.0114412	0.472184	0.0717704	0.00947023	0.0355052	0.0113653	0.0115617	0.0397937	0.0199986	0.0094522	0.0680778	0.0151228	0.0244894	0.0336653	0.0350009	0.0556023	0.0176252	0.00236087	0.00812748
191	0.0813476	0.010331	0.0181561	0.0257046	0.00860324	0.0657713	0.019823	0.0161506	0.211119	0.0265643	0.0106344	0.0288822	0.0245602	0.0237776	0.11183	0.133294	0.156514	0.0187206	0.00284789	0.00536897
192	0.294054	0.00820715	0.0372151	0.0439444	0.0107015	0.266957	0.0157408	0.00966296	0.0464698	0.0226898	0.00643255	0.0262666	0.0232792	0.0151179	0.039818	0.0762577	0.0293728	0.0207194	0.00179937	0.00529364
193	0.050515	0.00907329	0.0291328	0.0240222	0.103335	0.0163103	0.0948383	0.0107599	0.0203497	0.0225476	0.018493	0.041772	0.00861113	0.0258736	0.0290113	0.0799352	0.0363513	0.0191993	0.0138499	0.346019
194	0.137485	0.0120448	0.0682216	0.0937622	0.0495979	0.0219309	0.0369718	0.058924	0.0473085	0.0359448	0.0147659	0.0137568	0.0592511	0.0316621	0.0948332	0.0486807	0.0756163	0.091619	0.00251935	0.00510424
195	0.0837784	0.0381187	0.0642182	0.0370262	0.0163144	0.162782	0.014155	0.0174728	0.0890436	0.0388931	0.0120996	0.0425032	0.0182454	0.0196877	0.0407926	0.143471	0.0995075	0.0512883	0.00356609	0.00703625
196	0.0896611	0.0167225	0.0125109	0.0529588	0.00700652	0.0443937	0.0818646	0.0208586	0.173045	0.0226147	0.00374178	0.0170388	0.0239696	0.090548	0.228034	0.032562	0.0513012	0.0225977	0.00269159	0.00587854
