333	20
1	0.0292062	0.00310136	0.00974854	0.020305	0.0183322	0.00257195	0.0020263	0.272529	0.0172213	0.144699	0.298963	0.00338861	0.00152931	0.0113881	0.0110347	0.00881151	0.0251011	0.100983	0.00485104	0.014209
2	0.0510784	0.0018272	0.266088	0.325979	0.0020717	0.0345274	0.0156717	0.00192739	0.0397059	0.00228519	0.00589094	0.0737975	0.0280161	0.0504162	0.0237262	0.0399428	0.0217484	0.0136448	0.000229237	0.0014265
3	0.0290166	0.00284296	0.00770339	0.0040598	0.314841	0.00331187	0.0147934	0.00630397	0.00256021	0.0161856	0.021015	0.00341857	0.00226338	0.00700404	0.0073973	0.0212228	0.0428395	0.063753	0.0031675	0.4263
4	0.051118	0.0103185	0.264978	0.106876	0.00706095	0.125679	0.0163176	0.00724363	0.0439497	0.0168238	0.0146336	0.105049	0.0115865	0.102038	0.0333797	0.0413115	0.0181725	0.0152129	0.00192934	0.00632152
5	0.0315621	0.0106451	0.00136352	0.000600939	0.00881206	0.00154842	0.000388601	0.362945	0.000473525	0.0943481	0.0123935	0.00048269	0.00646807	0.000614271	0.00325818	0.000639186	0.0136229	0.447914	8.58989e-05	0.00183443
6	0.0515612	0.030118	0.00129176	0.00243009	0.0188214	0.00195263	0.00327385	0.195116	0.00113951	0.448557	0.0421577	0.00177302	0.00362439	0.0103971	0.0100624	0.00321411	0.00870388	0.163809	0.00043095	0.00156644
7	0.0325043	0.0113786	0.0012392	0.000445909	0.00892118	0.00163935	0.00033493	0.372148	0.000436976	0.0854578	0.0126303	0.000449267	0.00714447	0.000560795	0.00314617	0.000670611	0.0147505	0.44432	9.92688e-05	0.0017214
8	0.131065	0.0112132	0.0149081	0.0200006	0.0112309	0.0184333	0.0124386	0.0113073	0.0239324	0.056732	0.0164266	0.018502	0.370596	0.022209	0.0167968	0.116161	0.0803297	0.0355517	0.00228015	0.00988603
9	0.492876	0.0128385	0.00605707	0.00356996	0.000952729	0.0446329	0.00102042	0.00596833	0.0014345	0.00161219	0.00112639	0.00873293	0.00106858	0.00156007	0.00168842	0.396195	0.0158107	0.00168853	0.000250247	0.000917323
10	0.0514525	0.00579998	0.0378554	0.0163025	0.00540235	0.53603	0.0144623	0.00481054	0.0267989	0.00698183	0.00437611	0.137127	0.00627249	0.0409977	0.0222651	0.0526006	0.0112574	0.00810241	0.00303036	0.00807436
11	0.0273645	0.00989868	0.00249842	0.00545881	0.0398864	0.00236446	0.00377431	0.18544	0.00578782	0.40655	0.111302	0.00261876	0.00238361	0.0166523	0.00878661	0.00408687	0.0150767	0.141347	0.00175436	0.00696745
12	0.493601	0.0129765	0.00600195	0.00338576	0.000954927	0.0440111	0.000999653	0.00596819	0.00120532	0.00161669	0.00111938	0.00875091	0.000913662	0.00153671	0.00157399	0.39672	0.0158486	0.00165311	0.000246535	0.000916237
13	0.449457	0.108065	0.00847007	0.0121775	0.0128868	0.0176911	0.00210238	0.00591258	0.00271008	0.0334427	0.00573494	0.00382052	0.00833204	0.00490805	0.00250194	0.105289	0.165385	0.044035	0.0051403	0.00193848
14	0.525043	0.00923107	0.00566205	0.00923137	0.00336	0.139955	0.00104849	0.00396061	0.00589275	0.00198487	0.00155568	0.0108894	0.00234354	0.00404334	0.00500527	0.250058	0.0150827	0.00421298	0.000455265	0.000985047
15	0.0269402	0.0320235	0.00559569	0.0107889	0.0640365	0.00607921	0.0294304	0.438487	0.00624975	0.211545	0.0230708	0.0267248	0.00473167	0.0126586	0.0166981	0.0118231	0.0145534	0.0481054	0.00178238	0.00867533
16	0.0614534	0.00416308	0.0197777	0.0206741	0.00289709	0.0194006	0.104471	0.00814684	0.302756	0.00661428	0.0113316	0.0122056	0.00189982	0.0509351	0.333687	0.0104059	0.0202374	0.00394526	0.00301161	0.00198633
17	0.0562183	0.0354108	0.00176767	0.00304231	0.047122	0.00159639	0.00570323	0.244465	0.00150069	0.438103	0.0105078	0.00395365	0.00741978	0.0100108	0.0189	0.00401064	0.0130629	0.0934089	0.000670464	0.00312626
18	0.0934829	0.00187815	0.00338858	0.0405362	0.00288144	0.0358463	0.0113742	0.0102533	0.406054	0.041942	0.0259751	0.00528159	0.00637642	0.0687988	0.210628	0.00971308	0.0107628	0.00974279	0.00127107	0.00381375
19	0.0571013	0.00415778	0.158296	0.0908225	0.00487596	0.0499252	0.0404773	0.00473469	0.0992846	0.0120533	0.00866382	0.136954	0.0117257	0.115743	0.0826944	0.0578784	0.0437787	0.0124692	0.00248827	0.00587662
20	0.00564819	0.010052	0.00195973	0.0174151	0.00693751	0.00223525	0.0118384	0.118383	0.0645365	0.452555	0.0311403	0.00287205	0.00158096	0.0982592	0.0956626	0.0124053	0.0201347	0.0437866	0.000598986	0.00199846
21	0.23645	0.0997814	0.0645941	0.0485057	0.00458588	0.00594962	0.00418552	0.03013	0.00561914	0.0875027	0.0218583	0.0866158	0.00322705	0.0465932	0.0240587	0.204617	0.0118809	0.00755438	0.00261495	0.00367563
22	0.0287957	0.00115125	0.249766	0.401153	0.000755408	0.0521288	0.0120399	0.000988415	0.0483322	0.00152349	0.00333152	0.060557	0.0323018	0.0452901	0.0149025	0.0302128	0.0114066	0.00390444	0.000223264	0.00123614
23	0.0551122	0.0354223	0.00170918	0.00296102	0.0467194	0.00149707	0.00529234	0.240894	0.00143388	0.443409	0.0110368	0.00384759	0.00758537	0.0100442	0.0179733	0.00374594	0.0130995	0.0946705	0.000629297	0.00291806
24	0.0965651	0.00223888	0.0412957	0.0580112	0.00953317	0.0545094	0.00700962	0.00318194	0.0242967	0.0103378	0.0449378	0.0561383	0.0206414	0.0237216	0.0546406	0.369798	0.111203	0.00471364	0.00086039	0.00636581
25	0.0315054	0.0101274	0.00159955	0.00051038	0.00700352	0.00156529	0.000390513	0.367445	0.000483546	0.0769831	0.0112152	0.000511093	0.00600545	0.000584392	0.00343573	0.000699016	0.0130127	0.465317	9.85085e-05	0.00150687
26	0.165355	0.166272	0.00340315	0.00372112	0.00420773	0.0149555	0.00268983	0.081602	0.00353876	0.191453	0.0456621	0.00477095	0.00251235	0.00468318	0.0205246	0.0248834	0.0363091	0.219316	0.0010928	0.00304678
27	0.00452777	0.0046561	0.00195708	0.00601804	0.00647805	0.000582901	0.00205081	0.280329	0.000508194	0.477123	0.0109014	0.00236557	0.000656763	0.00233424	0.00356889	0.000950319	0.0148976	0.176853	0.000117564	0.00312354
28	0.00445481	0.0045873	0.00197581	0.00603284	0.00639111	0.00059929	0.00202901	0.280904	0.000508972	0.477519	0.0107477	0.00241493	0.000636039	0.00235181	0.00364952	0.000938056	0.014979	0.175985	0.000123035	0.00317259
29	0.0389063	0.00867431	0.285937	0.333307	0.00196075	0.042796	0.0127419	0.00196033	0.0410262	0.00363231	0.0053678	0.0672545	0.0249027	0.0469038	0.0175457	0.0355652	0.0206325	0.00765014	0.000347923	0.0028883
30	0.0555048	0.00462659	0.0182718	0.0587495	0.00766037	0.0211427	0.0209723	0.0193165	0.396132	0.0279516	0.0108403	0.0182953	0.0175898	0.0660224	0.159129	0.0224985	0.0360657	0.0291129	0.00314406	0.00697332
31	0.521004	0.0106577	0.00513264	0.00632839	0.00207843	0.0992146	0.000937332	0.00456557	0.00270682	0.00148001	0.00110978	0.00854443	0.00115841	0.00243507	0.00259912	0.3131	0.0135522	0.00227053	0.00025488	0.000870353
32	0.334775	0.00246143	0.00270037	0.015954	0.00291814	0.103401	0.00264028	0.00537171	0.0492932	0.00447761	0.00292115	0.00466291	0.0393784	0.00784273	0.0305982	0.333574	0.0349957	0.0179952	0.000848001	0.00319143
33	0.097345	0.00754779	0.0876613	0.162515	0.0406687	0.0109439	0.00779564	0.010816	0.0130976	0.0131918	0.0102355	0.0172819	0.00858315	0.175956	0.0448819	0.11433	0.0876439	0.0140524	0.00248867	0.0729638
34	0.0341383	0.0121219	0.00125381	0.000438519	0.00814736	0.00169481	0.000350491	0.361744	0.000446712	0.0856649	0.0117088	0.000417578	0.00822091	0.000590501	0.0029348	0.000661157	0.0154048	0.452409	0.000101071	0.00155056
35	0.0619185	0.000963131	0.00272597	0.00618406	0.00326677	0.840705	0.00136692	0.00132787	0.00201763	0.00236765	0.00222852	0.0138236	0.00595278	0.00307169	0.00419411	0.0315419	0.00955987	0.00261997	0.00131652	0.00284751
36	0.59279	0.00676904	0.00645149	0.00269693	0.00513176	0.237371	0.00101248	0.00160106	0.00557085	0.00155045	0.000932416	0.0108109	0.000793732	0.00510962	0.00509635	0.100693	0.00865391	0.00578113	0.000347303	0.000835854
37	0.0522022	0.0182507	0.0294237	0.0189278	0.0262496	0.0247867	0.337727	0.0192828	0.0239248	0.0308925	0.0118089	0.169255	0.0101859	0.0515579	0.0323288	0.0585458	0.0294004	0.0209059	0.00536172	0.0289816
38	0.05914	0.00912644	0.00213448	0.0025196	0.00288172	0.00281352	0.00246091	0.218845	0.0114476	0.116948	0.011618	0.0441573	0.00814148	0.0119131	0.00322426	0.0939414	0.235769	0.160567	0.000561586	0.00178869
39	0.0138001	0.00655507	0.000715298	0.0022239	0.0426107	0.000662252	0.00194133	0.285664	0.000772415	0.377307	0.0467522	0.00117764	0.0011939	0.00420363	0.00241833	0.00101594	0.00782436	0.196986	0.000464744	0.00571118
40	0.326826	0.0166565	0.0264307	0.0275175	0.01277	0.0482195	0.00776779	0.0113247	0.0132522	0.0124865	0.00860365	0.069793	0.00988908	0.0162296	0.0133684	0.311084	0.0399033	0.0140229	0.00192832	0.0119267
41	0.058814	0.000870511	0.00225681	0.00517554	0.00209419	0.865918	0.00155171	0.00101449	0.00135589	0.00147655	0.0016318	0.0143631	0.00628761	0.00272975	0.00325198	0.0204209	0.00639622	0.00145769	0.000399636	0.00253402
42	0.258992	0.0831345	0.0217158	0.0287647	0.0183512	0.0307553	0.0251488	0.0175603	0.0194717	0.0252266	0.0101417	0.190389	0.0119428	0.0239963	0.0120056	0.0695002	0.10307	0.0319092	0.00343948	0.0144845
43	0.0340806	0.0122705	0.00124964	0.00044846	0.00778289	0.00169073	0.0003768	0.362206	0.000441125	0.0889799	0.0117592	0.000412948	0.00755703	0.000648611	0.0030725	0.000638288	0.0150138	0.449707	9.93208e-05	0.00156482
44	0.0151248	0.0156106	0.0014816	0.00175409	0.137581	0.00115257	0.00127404	0.150599	0.00114543	0.378819	0.107364	0.00418528	0.00424233	0.00558691	0.00313578	0.00193344	0.0307057	0.122634	0.00178694	0.0138837
45	0.0391769	0.00130231	0.288938	0.299762	0.00244883	0.037999	0.0111751	0.00141519	0.0513522	0.00271299	0.00533756	0.0887328	0.0228065	0.0516132	0.0312632	0.0335619	0.0239884	0.00455035	0.000334002	0.00152939
46	0.0303301	0.017119	0.00545576	0.00720446	0.0074161	0.0298862	0.0150549	0.0076991	0.00512198	0.00997056	0.00635886	0.00715269	0.383196	0.00775891	0.00656798	0.0320388	0.403103	0.0116639	0.00154171	0.00536014
47	0.103052	0.0259084	0.00913276	0.0345983	0.00447511	0.0379366	0.0419519	0.0814139	0.175133	0.0453729	0.00878345	0.0169343	0.00444945	0.0405696	0.14104	0.0612198	0.0788476	0.0729241	0.00048159	0.0157743
48	0.515016	0.00572627	0.00255454	0.00309994	0.00686195	0.0221288	0.00232231	0.0147071	0.00325096	0.00836392	0.00435503	0.00893156	0.108564	0.00393937	0.00387612	0.153759	0.0791881	0.0394042	0.00132997	0.0126206
49	0.00928648	0.00414906	0.00401651	0.00720986	0.0555779	0.00294982	0.00193176	0.414364	0.00365045	0.217748	0.0954828	0.00558533	0.00097441	0.00760113	0.00276035	0.00570941	0.00732843	0.139839	0.000753507	0.0130819
50	0.0746989	0.00250867	0.356137	0.0960159	0.00569147	0.00421371	0.0105601	0.00258952	0.038746	0.00285543	0.0072266	0.165742	0.00457376	0.0434558	0.0574407	0.051009	0.0643438	0.00949741	0.000453539	0.00224021
51	0.0585577	0.00375337	0.0404079	0.238248	0.00214644	0.0121889	0.0337861	0.0110347	0.160217	0.0198489	0.00874943	0.0148831	0.00953745	0.124729	0.108191	0.0562689	0.0790153	0.0128848	0.00213549	0.00341737
52	0.0333489	0.0138445	0.00510499	0.011604	0.144237	0.00719352	0.0357438	0.117911	0.00930618	0.304487	0.0372475	0.00887219	0.00744259	0.0231929	0.0157343	0.0139898	0.0235759	0.134603	0.0101988	0.0423621
53	0.00497786	0.00478174	0.00100185	0.00375057	0.217088	0.00156919	0.00448561	0.303499	0.00125368	0.305741	0.0290531	0.00201086	0.0010274	0.00489414	0.0112785	0.00451465	0.00478149	0.080549	0.00305101	0.010692
54	0.101863	0.137038	0.0269034	0.00539084	0.0475954	0.0390275	0.0654346	0.00535828	0.0355035	0.0206193	0.00464581	0.328801	0.00396693	0.0339722	0.00663744	0.0630456	0.04335	0.0129569	0.00140707	0.0164825
55	0.0651102	0.0101602	0.00383962	0.0262159	0.21607	0.0125953	0.0517673	0.0380474	0.00371207	0.0810436	0.01954	0.0114234	0.016843	0.0502096	0.00510625	0.00684781	0.034867	0.219003	0.00225043	0.125348
56	0.0334918	0.011794	0.00127575	0.000448866	0.00757529	0.00169367	0.00032638	0.36674	0.000476114	0.0844285	0.0114629	0.00040999	0.00736411	0.000570175	0.00319031	0.000651828	0.0152761	0.451158	9.87112e-05	0.00156707
57	0.0358948	0.0119787	0.00161395	0.000560203	0.00688096	0.00274879	0.000417506	0.349116	0.000499404	0.0773653	0.0111159	0.000511283	0.00674975	0.000674294	0.00288329	0.00103118	0.0151164	0.472654	0.000100131	0.00208802
58	0.0426286	0.00660843	0.0651016	0.0404914	0.00764501	0.0145114	0.0136673	0.0100699	0.0428361	0.0121963	0.0140438	0.0216448	0.0539787	0.066154	0.205452	0.245652	0.106306	0.0160775	0.0033054	0.0116305
59	0.0348376	0.0120701	0.0019298	0.00356673	0.0262602	0.00392353	0.00470391	0.123794	0.00355718	0.409059	0.115174	0.00201262	0.00528129	0.0178021	0.0057266	0.00916594	0.0104874	0.207186	0.000552944	0.00290821
60	0.489978	0.0128994	0.00581441	0.00524335	0.0013957	0.0559007	0.000950694	0.00578518	0.00182041	0.00163077	0.00107684	0.0107694	0.000913358	0.00176308	0.00182966	0.383813	0.0155369	0.00167676	0.000251389	0.000951081
61	0.060148	0.00405481	0.146737	0.0646658	0.00370247	0.0895499	0.0401251	0.00344302	0.116591	0.0210726	0.0134519	0.165173	0.00881376	0.105327	0.0776666	0.0483616	0.0103691	0.0101533	0.00166033	0.00893315
62	0.0219206	0.0142232	0.00124776	0.0017873	0.134288	0.00141535	0.00211965	0.0520045	0.00198642	0.48249	0.0755926	0.00369664	0.00514182	0.0078395	0.00321032	0.00305641	0.0317456	0.14736	0.00113111	0.00774355
63	0.117995	0.100294	0.00761718	0.00454954	0.0051722	0.0347283	0.00845961	0.0518528	0.0124425	0.0113021	0.00492798	0.0376858	0.00735071	0.0114791	0.00520474	0.0540002	0.248505	0.270018	0.00087356	0.00554154
64	0.114076	0.00289778	0.00300639	0.0213835	0.00624383	0.0249967	0.0157085	0.0135183	0.303439	0.0163997	0.0115889	0.00604587	0.00264926	0.0668469	0.334348	0.0360789	0.00849582	0.0080139	0.000817223	0.00344545
65	0.0228379	0.00160604	0.00282047	0.00210484	0.251103	0.00407235	0.0440218	0.0199651	0.00175314	0.063174	0.0115035	0.00597124	0.00373633	0.0197382	0.00454439	0.00645553	0.0206685	0.0112578	0.125693	0.376973
66	0.0230797	0.00436788	0.00374595	0.00610051	0.0159616	0.00490172	0.0041883	0.0329292	0.00619383	0.556359	0.236988	0.00477908	0.00301272	0.0289518	0.00582979	0.00795048	0.00904067	0.0384725	0.00119361	0.00595305
67	0.625715	0.00695668	0.00367561	0.00174889	0.00407666	0.240482	0.000804703	0.000987557	0.00447403	0.00124093	0.00087569	0.0049355	0.000757765	0.0050325	0.00503364	0.0778175	0.00830898	0.00602498	0.00025979	0.000791609
68	0.113647	0.00198102	0.0740524	0.27763	0.00256136	0.0724123	0.0029183	0.00298914	0.0692279	0.00884648	0.00234045	0.0290978	0.0121024	0.111963	0.0396141	0.00753306	0.122381	0.0460254	0.000695582	0.0019807
69	0.0290988	0.00135855	0.00621578	0.0664391	0.00614166	0.0121043	0.0347605	0.0416109	0.318943	0.0569953	0.0233552	0.00540161	0.00209928	0.135373	0.18729	0.00712282	0.0385088	0.0205328	0.0038129	0.00283602
70	0.371861	0.104991	0.0124313	0.0162592	0.0178515	0.0302586	0.00512887	0.0306658	0.00777415	0.0996566	0.0182262	0.017346	0.0124524	0.0131135	0.012086	0.077229	0.0747344	0.0642404	0.00583183	0.00786212
71	0.0473304	0.00310652	0.0377216	0.268828	0.00371351	0.0157075	0.0198863	0.00900396	0.129899	0.0124398	0.0100078	0.0254356	0.0137738	0.223564	0.0693886	0.0386123	0.0494514	0.0107527	0.00193869	0.0094393
72	0.0694489	0.00286657	0.00494029	0.0167089	0.0473272	0.00899549	0.00288116	0.121821	0.0222267	0.284223	0.263563	0.00233769	0.00159018	0.0173711	0.00508887	0.0114896	0.0218207	0.0850858	0.000504845	0.00970831
73	0.124384	0.00584519	0.0365701	0.206662	0.00958943	0.209072	0.00882877	0.00867005	0.0310245	0.0537928	0.00829765	0.0661544	0.0105213	0.0465947	0.0236491	0.054638	0.0688063	0.0186811	0.00238855	0.00583024
74	0.0348407	0.012108	0.00138664	0.000456604	0.00739309	0.0018566	0.000348087	0.358776	0.000433595	0.0825991	0.0112531	0.000427686	0.00728583	0.000557673	0.00293168	0.000687065	0.0151437	0.459725	9.45464e-05	0.00169559
75	0.0543085	0.021306	0.416869	0.163328	0.0024428	0.0280142	0.00920248	0.0020692	0.0138387	0.00308907	0.00927896	0.117508	0.00764621	0.0359546	0.0130385	0.0495135	0.03076	0.0117049	0.00051411	0.00961333
76	0.0317954	0.0100113	0.00169199	0.000487112	0.00621989	0.0015323	0.000377761	0.364023	0.000493491	0.0745042	0.0108602	0.000505175	0.00607146	0.000597085	0.00347802	0.000689293	0.0130164	0.472188	9.7596e-05	0.00135968
77	0.00862207	0.00673177	0.00478956	0.00138101	0.516091	0.00131024	0.0224114	0.00841242	0.00125961	0.0591638	0.0098398	0.00152254	0.000974033	0.00209896	0.00675288	0.00299836	0.00910798	0.0110319	0.00084416	0.324656
78	0.131539	0.0225839	0.0515127	0.0941511	0.00420835	0.00911141	0.00771565	0.0050846	0.0527924	0.0207016	0.00456536	0.0220673	0.329347	0.0575826	0.0149894	0.0722751	0.0823001	0.0116042	0.00111934	0.00474853
79	0.0662938	0.00271936	0.0165144	0.0394964	0.0108235	0.511661	0.00729491	0.00498843	0.0222403	0.0098171	0.0279739	0.0580432	0.00848369	0.0180465	0.0370419	0.112738	0.0293912	0.0089959	0.00118223	0.00625451
80	0.0419095	0.0590749	0.0118977	0.0141064	0.178395	0.0140875	0.0132332	0.116411	0.0112613	0.0348756	0.0742092	0.0164845	0.00974519	0.0173602	0.014527	0.0286311	0.241484	0.0365332	0.00382862	0.0619451
81	0.53461	0.00229391	0.0020779	0.00233524	0.00192295	0.00924648	0.00185303	0.0112352	0.00234542	0.00336986	0.0021111	0.0110773	0.131532	0.00306446	0.00281369	0.14748	0.0930846	0.0292953	0.000503675	0.00774795
82	0.609193	0.025136	0.00367602	0.00233032	0.00464538	0.243312	0.00146556	0.00272032	0.00401424	0.00348583	0.00164033	0.00463029	0.00147161	0.00453985	0.00459816	0.0510521	0.00880924	0.021168	0.000638299	0.00147337
83	0.428495	0.00259141	0.0321564	0.00586027	0.00383248	0.00471803	0.0317316	0.00428772	0.0594516	0.00485779	0.00341415	0.00431982	0.00279834	0.0483633	0.0184098	0.207189	0.0705164	0.048063	0.00122525	0.0177184
84	0.0300344	0.00120567	0.247806	0.391101	0.000905702	0.0524869	0.0120092	0.00107961	0.0511082	0.00248458	0.00392371	0.0617884	0.03094	0.0475478	0.0166867	0.0313126	0.0117824	0.00410642	0.000242164	0.00144886
85	0.0341383	0.0121219	0.00125381	0.000438519	0.00814736	0.00169481	0.000350491	0.361744	0.000446712	0.0856649	0.0117088	0.000417578	0.00822091	0.000590501	0.0029348	0.000661157	0.0154048	0.452409	0.000101071	0.00155056
86	0.261991	0.0126213	0.00276458	0.0441797	0.0026584	0.0185494	0.0145476	0.034861	0.112601	0.00780265	0.00226753	0.0237056	0.00187834	0.0592733	0.196145	0.0961898	0.048483	0.051769	0.00058059	0.00713059
87	0.0343894	0.0111079	0.00167978	0.000512966	0.00686737	0.00175744	0.000364001	0.35513	0.000435803	0.0784386	0.0109155	0.000475827	0.0067089	0.000572033	0.00296584	0.000682337	0.0140269	0.471268	9.8741e-05	0.00160223
88	0.116201	0.04068	0.00555257	0.0300895	0.00196936	0.0273876	0.0278217	0.12984	0.123267	0.045453	0.0116419	0.0164597	0.00296601	0.0191935	0.151021	0.0359387	0.0890812	0.107466	0.000696708	0.017275
89	0.0738025	0.0014256	0.00250656	0.00473022	0.00455581	0.825344	0.00255676	0.00199547	0.00187529	0.00305657	0.00259026	0.0142368	0.00728322	0.00358395	0.00399564	0.0235318	0.00977037	0.00239657	0.00136874	0.0093938
90	0.0335572	0.00897596	0.00246022	0.000687056	0.0053848	0.00183248	0.000461736	0.346524	0.000630277	0.0639654	0.0095895	0.00059168	0.00515536	0.000764933	0.00319215	0.000854597	0.0117905	0.501989	0.000101396	0.00149225
91	0.198832	0.00293673	0.00367329	0.00419927	0.0032638	0.019636	0.00812381	0.156976	0.0484445	0.131591	0.00449694	0.0209088	0.00366091	0.0709808	0.0854801	0.00657449	0.022372	0.203588	0.00109641	0.00316455
92	0.0652873	0.0126939	0.00253766	0.00277722	0.00334911	0.00410058	0.00361225	0.198411	0.012242	0.104691	0.0127293	0.0417371	0.00767695	0.0114385	0.00453727	0.094331	0.251092	0.163565	0.000597815	0.00259329
93	0.0544799	0.00611447	0.0508231	0.0156984	0.0111639	0.272169	0.00959669	0.0420368	0.0532352	0.0132281	0.00892946	0.101777	0.0058273	0.0490989	0.051122	0.151134	0.0191064	0.0736393	0.00267349	0.00814703
94	0.100895	0.00876926	0.394416	0.11613	0.00368903	0.022411	0.0186271	0.00407405	0.0125414	0.00430509	0.00628396	0.122681	0.0118697	0.0351171	0.0198602	0.0571949	0.028203	0.0292202	0.000290433	0.00342331
95	0.03591	0.00366638	0.00499195	0.00564379	0.167316	0.0165586	0.00497056	0.0184269	0.058575	0.192739	0.131127	0.00627361	0.0047919	0.0560261	0.00572538	0.0565385	0.0426874	0.178694	0.00181419	0.00752394
96	0.062327	0.0010489	0.00690229	0.00579151	0.00235323	0.848552	0.00133123	0.000874559	0.00315277	0.00159755	0.00163383	0.0184681	0.00613149	0.00397893	0.00438669	0.0199094	0.00665442	0.00168185	0.000414875	0.00280954
97	0.00909572	0.00462282	0.00527615	0.00127271	0.528822	0.00118006	0.024171	0.00529853	0.00111991	0.0394848	0.00952874	0.00128599	0.00091647	0.00207858	0.00733139	0.00305598	0.00998209	0.0125625	0.000847791	0.332067
98	0.167172	0.00283171	0.00401271	0.278639	0.0199129	0.00433101	0.00379574	0.0208705	0.00424599	0.0237054	0.0680134	0.00606918	0.00286447	0.188906	0.00537214	0.0260846	0.145312	0.023017	0.00105398	0.00379031
99	0.0768923	0.00912888	0.00462856	0.00573145	0.000892477	0.00184286	0.0205131	0.00165743	0.0242836	0.0086512	0.000796541	0.00570943	0.734047	0.011166	0.0128378	0.0372096	0.00960065	0.0331043	0.000224556	0.00108246
100	0.0659482	0.00356238	0.00462929	0.00937836	0.00523744	0.710757	0.00351254	0.00443402	0.0059989	0.00840376	0.00658425	0.0157976	0.073349	0.0111045	0.00805654	0.0275941	0.0192764	0.00927869	0.00153203	0.00556472
101	0.0296893	0.00331882	0.00765237	0.0194602	0.0166217	0.00231047	0.00177371	0.277442	0.0170861	0.144987	0.302769	0.00327515	0.00136463	0.0103074	0.00859238	0.00875043	0.0243706	0.102369	0.0036583	0.0142008
102	0.19237	0.00460312	0.16721	0.123223	0.00583415	0.00911216	0.0311311	0.0407032	0.0499371	0.0860096	0.00723957	0.0623896	0.00858503	0.0342268	0.0525422	0.0459225	0.0356866	0.0375678	0.00130828	0.00439872
103	0.0116651	0.00812695	0.00108466	0.00312409	0.0686771	0.000937035	0.00329315	0.348822	0.000951312	0.329077	0.0339377	0.00208224	0.00136627	0.00292258	0.00572636	0.00254841	0.00609869	0.161426	0.00062811	0.00750588
104	0.0259006	0.00221046	0.00285477	0.0145224	0.0219874	0.00335357	0.214871	0.0249283	0.0962934	0.170743	0.0138247	0.0380162	0.00198085	0.0154337	0.262996	0.0169285	0.0239112	0.00409683	0.0208385	0.024309
105	0.627033	0.00693267	0.00375699	0.0020677	0.00431004	0.235834	0.000793368	0.000992758	0.00406658	0.0012148	0.000811821	0.00518152	0.000726183	0.00471472	0.00444149	0.0821744	0.00841163	0.00549314	0.000251234	0.000791899
106	0.0255	0.00333925	0.027356	0.0345665	0.001365	0.0139153	0.0853846	0.00727429	0.36357	0.00484476	0.00977524	0.0199258	0.00535156	0.0519952	0.289046	0.0066796	0.0367162	0.00680247	0.00259578	0.00399628
107	0.0708551	0.0162227	0.00291496	0.0191062	0.154478	0.0124296	0.0406889	0.0511043	0.00341411	0.0817951	0.0253738	0.0165548	0.00877185	0.0619826	0.00400755	0.00583329	0.0374553	0.26917	0.00101844	0.116824
108	0.0218521	0.00836196	0.005756	0.00629022	0.0355996	0.0069868	0.0050836	0.0653839	0.00840972	0.0579601	0.0362334	0.0126199	0.0079821	0.0109216	0.00688974	0.0178357	0.535165	0.140399	0.00274999	0.00751916
109	0.00863675	0.00564803	0.000528431	0.0014828	0.0543793	0.000644631	0.00130352	0.361156	0.000759295	0.297492	0.046918	0.000896123	0.000636549	0.0016931	0.00147705	0.00108948	0.00358334	0.20407	0.000325666	0.0072791
110	0.00771212	0.00931978	0.00124388	0.00384933	0.261268	0.00177834	0.00447404	0.186377	0.00141274	0.36049	0.0444298	0.0030142	0.00226107	0.00675691	0.0120204	0.00468964	0.0137458	0.0585803	0.00420473	0.0123728
111	0.627142	0.00711278	0.00369285	0.00245618	0.00420944	0.234943	0.000777832	0.00106485	0.00400601	0.00119772	0.000827915	0.00507158	0.000698819	0.00479554	0.00455365	0.0820037	0.00888567	0.00554385	0.000247579	0.000769086
112	0.0623232	0.00626821	0.133475	0.351677	0.00861738	0.037113	0.0156852	0.0118259	0.0487569	0.0173578	0.0106001	0.0520573	0.0214052	0.0824544	0.0291136	0.0419485	0.0394294	0.0170208	0.00331237	0.00955823
113	0.0522704	0.000520259	0.00112811	0.00382654	0.00182532	0.884966	0.00058127	0.00065631	0.000681832	0.0010655	0.00151922	0.0123465	0.00584349	0.00204272	0.00273748	0.0178905	0.00598838	0.001297	0.000348816	0.00246443
114	0.476809	0.115898	0.0144534	0.0143914	0.00859602	0.0149374	0.00212835	0.00628708	0.00248278	0.0229962	0.00445503	0.00384506	0.0160292	0.00552416	0.00278358	0.111634	0.124787	0.0444862	0.00500776	0.00246832
115	0.0333176	0.0284968	0.064591	0.0169704	0.00640502	0.0349813	0.191193	0.0113078	0.202207	0.0135096	0.0112056	0.0170079	0.00409673	0.0311472	0.255573	0.0125432	0.024214	0.0097023	0.0264585	0.00507172
116	0.0656945	0.000792554	0.0017371	0.0044597	0.00185344	0.867033	0.000598189	0.000676222	0.00114175	0.00100257	0.00156061	0.0131197	0.00547572	0.00223393	0.00274976	0.0201819	0.00567657	0.00135411	0.0002824	0.00237609
117	0.0268934	0.00489749	0.00724526	0.00995574	0.103804	0.0109114	0.27525	0.0102609	0.00823507	0.0489247	0.00823844	0.0669603	0.00644936	0.120443	0.0129277	0.207935	0.0147676	0.0121149	0.00297961	0.0408074
118	0.0176887	0.0134407	0.00199529	0.00510967	0.0152688	0.000794837	0.00297121	0.274854	0.00101069	0.472295	0.0126609	0.00274323	0.00224114	0.00513622	0.00783088	0.0016369	0.013628	0.14551	0.000265612	0.00291762
119	0.068513	0.00121208	0.00161711	0.00162338	0.0275702	0.039839	0.00130271	0.00171622	0.00150971	0.00214512	0.00141232	0.00193476	0.0113466	0.00213846	0.00642001	0.30933	0.491143	0.0176548	0.000606636	0.010964
120	0.0786283	0.00226366	0.00645423	0.0631321	0.00151465	0.0312895	0.0131281	0.00843954	0.421095	0.0293172	0.0158498	0.0079606	0.0121982	0.0759204	0.187912	0.00921725	0.0168669	0.013006	0.00161463	0.0041922
121	0.0357117	0.00119696	0.0432029	0.274338	0.00105884	0.0105386	0.0319654	0.00650136	0.153543	0.00928172	0.0104647	0.0126927	0.010381	0.16702	0.103832	0.0503083	0.0681813	0.00681685	0.00198932	0.000975458
122	0.0292034	0.00980971	0.000893041	0.00172887	0.0206035	0.000960987	0.00186632	0.286202	0.000547441	0.31223	0.0320249	0.000670545	0.0031382	0.00483418	0.00375547	0.000912428	0.00899186	0.278618	0.000242561	0.00276696
123	0.0211627	0.00300957	0.0148519	0.0331426	0.0233861	0.0131693	0.00327318	0.464245	0.016228	0.110302	0.146619	0.0244734	0.00202997	0.034368	0.0038236	0.0267449	0.0180599	0.0247634	0.000649304	0.0156986
124	0.026951	0.00407546	0.0306606	0.0299609	0.00139448	0.0118618	0.133127	0.0106676	0.281537	0.00401174	0.0161202	0.0200059	0.00131401	0.0616356	0.321717	0.00378955	0.0330963	0.00319773	0.00317354	0.00170245
125	0.00909651	0.00462282	0.00527419	0.00127005	0.528588	0.00118182	0.0241629	0.00529642	0.001133	0.0394822	0.00953356	0.00128572	0.000910454	0.00209319	0.00732949	0.00304979	0.00996355	0.0124915	0.000883105	0.332351
126	0.0514254	0.00517118	0.140764	0.0443615	0.00227759	0.117468	0.0417777	0.00162143	0.11204	0.0142741	0.00828782	0.201851	0.0107362	0.108016	0.0726828	0.0440755	0.00863014	0.00636193	0.00173954	0.00643905
127	0.038894	0.0140445	0.00510877	0.00748524	0.0253276	0.00571777	0.00638674	0.192379	0.00934626	0.27909	0.0244989	0.0229995	0.0128512	0.0142045	0.0108779	0.0409521	0.159683	0.123197	0.00153901	0.00541656
128	0.0921229	0.00192186	0.324577	0.0873592	0.00876383	0.00375607	0.0163354	0.00304973	0.0315801	0.00330981	0.0102953	0.13759	0.00572364	0.0509178	0.101286	0.0507454	0.0564188	0.0118826	0.000390327	0.00197486
129	0.0949006	0.00382275	0.268211	0.181889	0.00401612	0.0334064	0.00963706	0.00383238	0.0175163	0.0143635	0.00618425	0.0761358	0.0161138	0.121547	0.0248395	0.0433602	0.0505711	0.0257444	0.000388449	0.0035213
130	0.0769809	0.00911945	0.00464648	0.00572141	0.000899331	0.00184219	0.020655	0.00167842	0.0243035	0.00863017	0.000795811	0.00573292	0.733695	0.0111084	0.0127948	0.0372472	0.00955726	0.0332841	0.000224681	0.00108258
131	0.067919	0.00510718	0.0449031	0.0521679	0.00614893	0.0432925	0.00724118	0.0110877	0.0183004	0.0179403	0.0424318	0.0178477	0.152882	0.412574	0.0431054	0.0166533	0.0173112	0.0144121	0.00226143	0.00641254
132	0.120927	0.0229152	0.00646674	0.00758702	0.00561022	0.0270191	0.028488	0.058389	0.0439167	0.0480988	0.00549241	0.0558106	0.00469513	0.0262858	0.0285351	0.0851932	0.265475	0.148749	0.000965207	0.00938178
133	0.0281901	0.00169469	0.00340169	0.00257979	0.201983	0.00552519	0.0594896	0.00577276	0.00239652	0.00932696	0.00632635	0.00704368	0.00169509	0.0335859	0.00605269	0.0100276	0.0252475	0.00630448	0.054123	0.529234
134	0.486152	0.00826953	0.00608342	0.0439386	0.00367855	0.12321	0.00125539	0.0060848	0.00798501	0.00222783	0.00132177	0.0164418	0.00170043	0.00758816	0.00501025	0.25072	0.0219273	0.00482921	0.000362492	0.00121284
135	0.00502006	0.00524626	0.00292136	0.00709034	0.0044305	0.000760498	0.00218758	0.272141	0.00111802	0.501017	0.00846236	0.00328862	0.000876199	0.00459591	0.00667966	0.00141506	0.0178519	0.151258	0.000142472	0.00349676
136	0.0524855	0.00114165	0.00145202	0.00398075	0.00195654	0.877578	0.000967557	0.00132946	0.00139401	0.00131509	0.00169143	0.0131535	0.00594181	0.00264685	0.00338567	0.0175867	0.00672955	0.00157493	0.00052716	0.00316167
137	0.00542585	0.00354332	0.000853268	0.0012658	0.066103	0.00086505	0.00101854	0.423908	0.00104542	0.214891	0.0640019	0.00128547	0.000629792	0.00147635	0.0014644	0.00133028	0.00305063	0.197533	0.000757234	0.00955109
138	0.0550697	0.00409656	0.0152076	0.0433213	0.0049271	0.0174061	0.0330512	0.019379	0.383974	0.024861	0.00971242	0.013548	0.011679	0.0608746	0.219406	0.0186506	0.0343845	0.0216548	0.00249054	0.00630598
139	0.060604	0.00746303	0.120755	0.354921	0.00744148	0.0344256	0.0157691	0.0123129	0.0551363	0.0227154	0.012272	0.0479821	0.0216539	0.0827895	0.0352713	0.042233	0.0397752	0.0162309	0.00255821	0.00769039
140	0.00492572	0.00492148	0.00204262	0.00623118	0.00700889	0.000601386	0.00205397	0.27924	0.000516467	0.4719	0.014423	0.00234539	0.000690531	0.00236424	0.00354633	0.000967455	0.0152236	0.177509	0.000126045	0.00336296
141	0.0347899	0.00766523	0.0113173	0.0175962	0.0419951	0.013863	0.0237502	0.223571	0.0276005	0.0804562	0.0402248	0.0190425	0.00986638	0.0310462	0.0842621	0.0215652	0.0382465	0.114053	0.130332	0.0287574
142	0.0355271	0.00118119	0.0431359	0.275917	0.0010554	0.0103276	0.0318587	0.00642707	0.153931	0.00919131	0.0103305	0.0126015	0.0102417	0.166394	0.103753	0.0499927	0.068334	0.00687077	0.00195724	0.000972483
143	0.0318317	0.0104699	0.00146033	0.000452737	0.00658496	0.00153718	0.000363104	0.368341	0.000470131	0.0785573	0.0111791	0.000449728	0.00643559	0.000571145	0.00366132	0.000668221	0.0134887	0.461947	0.000100818	0.00143046
144	0.103409	0.00334266	0.0584205	0.0777652	0.0014677	0.0029649	0.00500022	0.00247567	0.110693	0.0320878	0.00201378	0.0295536	0.407976	0.0660486	0.0192446	0.0422678	0.0310871	0.00249906	0.000398181	0.00128398
145	0.115974	0.00314752	0.041592	0.0761918	0.00145582	0.00496041	0.00428704	0.00321722	0.100627	0.0350912	0.00235039	0.0280403	0.405492	0.0826427	0.0219604	0.0376464	0.0312023	0.002596	0.000416202	0.00110999
146	0.0728875	0.00476466	0.0108676	0.0148733	0.0406951	0.571912	0.0119824	0.00926938	0.0252129	0.0138199	0.00996058	0.0327683	0.00941588	0.0167911	0.0513828	0.0553048	0.0221636	0.0135809	0.00281665	0.00953064
147	0.0482939	0.0263282	0.00627738	0.0705127	0.0315739	0.0105545	0.0436922	0.00882666	0.136801	0.191433	0.0311173	0.0187389	0.00262814	0.0582594	0.0905935	0.0776181	0.0796023	0.0345575	0.00145849	0.0311323
148	0.0349614	0.00958229	0.00264066	0.000670092	0.00566864	0.00187329	0.000512242	0.34154	0.000599875	0.0661268	0.00979872	0.000590874	0.0055897	0.000737039	0.00290403	0.000817966	0.0123833	0.50136	0.000123072	0.00152072
149	0.00729944	0.00190728	0.00245868	0.0119684	0.0494696	0.00201676	0.00980204	0.281791	0.0162061	0.124449	0.0693721	0.00237629	0.0016162	0.0350937	0.0406862	0.00367585	0.0377828	0.221323	0.0493592	0.0313466
150	0.0566881	0.0116558	0.0251623	0.0300381	0.0300675	0.0225096	0.366128	0.0244693	0.0390433	0.0387151	0.0150626	0.0610101	0.0185545	0.0456373	0.0555353	0.0509317	0.0393168	0.0274241	0.00920211	0.0328481
151	0.0686089	0.00121391	0.00161657	0.0016279	0.02757	0.04019	0.00131751	0.00171993	0.00152932	0.00214422	0.00143875	0.00194136	0.0112422	0.00215035	0.00639785	0.308977	0.49119	0.0175901	0.000605304	0.0109286
152	0.0827581	0.00380259	0.00564479	0.00329029	0.155809	0.0347692	0.00167067	0.0487353	0.00805178	0.240609	0.200408	0.00254062	0.00182242	0.0377608	0.00188892	0.0243736	0.0489607	0.0805997	0.000429147	0.016075
153	0.0577806	0.00147739	0.00108532	0.00371141	0.00190489	0.876976	0.000605132	0.00127627	0.000760791	0.00102898	0.00152398	0.0124005	0.00606089	0.00211219	0.00282773	0.0176058	0.0063066	0.00142331	0.000397893	0.00273473
154	0.0538578	0.000637467	0.00101642	0.00375216	0.00177262	0.882763	0.00093285	0.000723851	0.000759324	0.000950438	0.00164116	0.0126101	0.00606955	0.00239497	0.00293655	0.0178363	0.00558638	0.00104464	0.000300681	0.00241366
155	0.141558	0.00291467	0.00910334	0.00507081	0.0214277	0.530843	0.00471866	0.00482525	0.00577099	0.00586277	0.00389971	0.00922701	0.003617	0.00652658	0.00594196	0.121826	0.0865357	0.00614066	0.0191047	0.00508644
156	0.0153258	0.00160575	0.00125083	0.00161718	0.321296	0.00166485	0.00966533	0.0424387	0.00138858	0.14812	0.0200475	0.00172843	0.00705364	0.00219199	0.00181905	0.00355955	0.00776005	0.020977	0.221478	0.16901
157	0.0307572	0.0071907	0.00323053	0.00621439	0.011202	0.0012188	0.00365621	0.2107	0.00416246	0.331569	0.185055	0.00157188	0.0013232	0.0147159	0.00560092	0.00281208	0.00911581	0.164498	0.00041549	0.0049905
158	0.0396859	0.00426009	0.00945114	0.00785852	0.177103	0.00929849	0.0467035	0.0136692	0.00469259	0.0307049	0.0128863	0.0129632	0.00599983	0.0260383	0.0140083	0.0222357	0.0373192	0.0195931	0.0401618	0.465367
159	0.160419	0.00672133	0.0146667	0.0588006	0.0546866	0.0953939	0.0730214	0.00936798	0.066456	0.0268701	0.016045	0.0752092	0.0878166	0.0243497	0.0264369	0.0997894	0.0656564	0.0154594	0.00147591	0.021358
160	0.0798497	0.00562749	0.00776534	0.00284081	0.158842	0.0255713	0.00165538	0.0469241	0.00453154	0.281506	0.212755	0.00256667	0.00197887	0.0319582	0.00177512	0.0179972	0.0367688	0.0540582	0.000467457	0.0245606
161	0.0287957	0.00115125	0.249766	0.401153	0.000755408	0.0521288	0.0120399	0.000988415	0.0483322	0.00152349	0.00333152	0.060557	0.0323018	0.0452901	0.0149025	0.0302128	0.0114066	0.00390444	0.000223264	0.00123614
162	0.0442023	0.00788904	0.132499	0.0359302	0.00225385	0.114492	0.0446394	0.00205541	0.102652	0.0116567	0.00634249	0.237492	0.0120482	0.104711	0.0691327	0.0424068	0.011661	0.00631379	0.00367039	0.00795092
163	0.00523555	0.00610436	0.0015168	0.0237525	0.0101562	0.00208251	0.0218244	0.0858732	0.112336	0.344154	0.0324728	0.00217889	0.00129878	0.154123	0.124977	0.0082698	0.0236977	0.0365812	0.00179119	0.00157458
164	0.0341138	0.0121711	0.00125768	0.00044116	0.00772584	0.00170645	0.000331004	0.36306	0.000437499	0.0852079	0.0115571	0.000420723	0.00759944	0.000551322	0.00298076	0.0006319	0.0151451	0.452979	9.8319e-05	0.00158347
165	0.368001	0.00214099	0.00277661	0.00345695	0.0613624	0.00382347	0.0025537	0.015128	0.00320306	0.00425055	0.0143434	0.0167054	0.00316846	0.0161158	0.00389763	0.300726	0.0592062	0.0651168	0.000944041	0.05308
166	0.00851712	0.00471725	0.000715811	0.0020351	0.048043	0.000645662	0.00107392	0.354355	0.000628381	0.301199	0.0411222	0.000904379	0.000906717	0.00102897	0.00137943	0.000920142	0.00566183	0.217962	0.000162305	0.00802197
167	0.0511433	0.000802553	0.00157034	0.0040301	0.0024869	0.880501	0.000646934	0.000925837	0.0012906	0.00129868	0.00146559	0.0132014	0.00583119	0.00246953	0.00320477	0.0187579	0.00598534	0.00156839	0.000370348	0.00244914
168	0.0107295	0.0183011	0.00363919	0.00408808	0.257973	0.00360221	0.0111684	0.0361752	0.00339524	0.332427	0.0274368	0.00394329	0.00329482	0.00511714	0.00462624	0.00658183	0.00655874	0.0141859	0.0218259	0.224931
169	0.0338436	0.00926326	0.00235338	0.000671265	0.00554837	0.00182108	0.000454075	0.346023	0.00060763	0.0654588	0.00972053	0.000582913	0.00534181	0.00072391	0.00314486	0.000819113	0.0119901	0.500041	9.88439e-05	0.00149275
170	0.0588999	0.00897151	0.00203356	0.00227511	0.0027692	0.0025838	0.00240208	0.218769	0.011731	0.114751	0.0120007	0.0430514	0.00797434	0.0109808	0.00311536	0.0927275	0.238888	0.163862	0.000538911	0.0016757
171	0.285552	0.00722642	0.111084	0.0092732	0.0138108	0.161207	0.0636428	0.0101215	0.00942074	0.0138516	0.00824018	0.0147464	0.00819819	0.0146343	0.012028	0.136673	0.025064	0.0127848	0.0380531	0.0443873
172	0.0564372	0.0228226	0.00177105	0.00368489	0.0387046	0.00651863	0.00461542	0.111565	0.00478757	0.411559	0.113763	0.00322376	0.00470897	0.0180755	0.0082079	0.00985266	0.0159003	0.157752	0.000905743	0.00514427
173	0.0459844	0.0131154	0.477274	0.0676652	0.00153396	0.0541923	0.0116799	0.0015362	0.00208881	0.00231313	0.00331871	0.221739	0.00120532	0.0230328	0.00216245	0.0537918	0.00631158	0.00486864	0.000545277	0.00564141
174	0.175494	0.00912448	0.0140901	0.0195087	0.0383285	0.0289782	0.0252474	0.0159023	0.0257738	0.0224288	0.0143463	0.0199515	0.0920029	0.0232792	0.0784384	0.130048	0.0926592	0.020808	0.00365842	0.149932
175	0.0925891	0.00178699	0.0662463	0.169218	0.00186602	0.00471627	0.045024	0.00352577	0.18033	0.00502413	0.00419536	0.0129085	0.035558	0.154818	0.0838842	0.0892761	0.0307667	0.00642558	0.0099239	0.00191744
176	0.0707225	0.013427	0.276479	0.0391102	0.0150791	0.0284402	0.00888334	0.00373311	0.00522643	0.00466551	0.0037976	0.263335	0.00278836	0.023729	0.00575169	0.168213	0.0118477	0.00609942	0.00106625	0.0476058
177	0.0701737	0.0387995	0.00798354	0.0117841	0.00650763	0.0184523	0.0297228	0.0111763	0.00606153	0.00861486	0.0067793	0.0101444	0.357125	0.0108911	0.00698072	0.0330173	0.317053	0.0399458	0.00173694	0.00705015
178	0.0250383	0.00174142	0.0124258	0.00316726	0.0749937	0.00441715	0.110035	0.0135585	0.00237928	0.024392	0.0132685	0.0358737	0.00190426	0.0113914	0.0147418	0.00538347	0.0943489	0.00433651	0.0875875	0.459016
179	0.0245623	0.0174869	0.00238867	0.00215074	0.157597	0.00420345	0.00122062	0.0894333	0.00165786	0.385257	0.136401	0.00523784	0.00500948	0.0098348	0.00340038	0.00397369	0.0387126	0.0931893	0.00196379	0.0163196
180	0.0911373	0.0192372	0.112128	0.0235655	0.0301669	0.00935536	0.0034534	0.00437955	0.00374589	0.0058813	0.00428954	0.219069	0.00305306	0.0265474	0.00555495	0.329077	0.0153322	0.00564313	0.00115193	0.0872318
181	0.31604	0.0101369	0.00777311	0.0112139	0.00675868	0.0175011	0.0116208	0.0380436	0.0136467	0.01566	0.00688715	0.0156551	0.288901	0.0177121	0.0130369	0.0793947	0.0842308	0.0342173	0.00172372	0.00984546
182	0.0291894	0.00162442	0.0037652	0.00252908	0.18184	0.00572277	0.0636791	0.00559922	0.00246101	0.00811124	0.00664682	0.0083465	0.00171477	0.0346272	0.00647492	0.0102096	0.0290173	0.00583387	0.0555934	0.537014
183	0.0386297	0.0026731	0.235953	0.0856401	0.0149475	0.0918819	0.0118457	0.00341609	0.0690221	0.0397022	0.0458623	0.0613051	0.0049633	0.178627	0.0626105	0.0305415	0.00843874	0.0089998	0.000771259	0.00416893
184	0.219332	0.0124113	0.0393416	0.189065	0.0110088	0.0256392	0.0145228	0.0209275	0.0324426	0.126985	0.012608	0.0735706	0.00991402	0.0316874	0.0704658	0.0416668	0.0326625	0.0239936	0.00313966	0.00861665
185	0.0314282	0.0179629	0.00408627	0.00266827	0.21841	0.00779393	0.00205204	0.0489554	0.00234204	0.335182	0.184738	0.00493234	0.00312862	0.0135527	0.00324256	0.00771847	0.0269785	0.0493018	0.00138927	0.0341357
186	0.076236	0.0107226	0.0233512	0.143591	0.0151051	0.0223763	0.0198227	0.0724349	0.0397513	0.0277309	0.0183677	0.0317401	0.0138808	0.248485	0.0345902	0.102378	0.0545241	0.0240562	0.00350611	0.0173494
187	0.0613646	0.00229042	0.00871364	0.0535989	0.00274741	0.0196831	0.0176045	0.0133114	0.421783	0.0306275	0.0105379	0.0128692	0.0159352	0.071483	0.190761	0.00977643	0.0257066	0.0242991	0.00253104	0.00437641
188	0.0152611	0.00160278	0.00126572	0.00159893	0.32221	0.00164552	0.00978062	0.0421499	0.00137758	0.148669	0.0201572	0.00171096	0.0069859	0.00218016	0.00177051	0.00356737	0.00783923	0.021067	0.220757	0.168403
189	0.0859884	0.00827484	0.0234369	0.059538	0.0119816	0.0364307	0.0244006	0.0180758	0.29797	0.0253821	0.0117337	0.025745	0.0205694	0.051678	0.116216	0.0943913	0.0418558	0.0302706	0.00336413	0.0126974
190	0.0523762	0.00300673	0.00467492	0.0607515	0.00432839	0.00516427	0.144609	0.00523643	0.00446887	0.191184	0.0226733	0.0256784	0.00315521	0.128395	0.00551045	0.0449511	0.261913	0.00728229	0.00131064	0.0233315
