200	20
1	0.161091	0.00170826	0.00427598	0.0116896	0.00212718	0.0715696	0.00389808	0.0121736	0.0554049	0.0293566	0.00276451	0.0951173	0.0966276	0.0394439	0.043987	0.18459	0.137895	0.0330707	0.0113332	0.0018759
2	0.023404	0.0150827	0.00295603	0.00314258	0.0631739	0.00615034	0.00304265	0.184425	0.00273017	0.309652	0.158578	0.00236253	0.00117618	0.00549977	0.00523645	0.00887533	0.0149768	0.171564	0.000382284	0.0175904
3	0.0456291	0.00959634	0.0031414	0.00137506	0.0579261	0.00393998	0.00125411	0.274496	0.001217	0.183554	0.049552	0.00387873	0.00229375	0.00322059	0.00399231	0.00937937	0.0142546	0.320467	0.00062621	0.0102072
4	0.0399476	0.0174442	0.0150999	0.00942029	0.316577	0.0191788	0.0387601	0.0227874	0.022642	0.0367219	0.0202265	0.0266392	0.0032142	0.0168771	0.0241893	0.0263581	0.0226005	0.0547732	0.0100924	0.25645
5	0.428072	0.0453522	0.0124372	0.0136019	0.00348003	0.19038	0.00382379	0.00692956	0.00845505	0.00619027	0.0036838	0.00841916	0.00330474	0.0103721	0.00795741	0.19616	0.0123827	0.035578	0.000862712	0.00255747
6	0.0742284	0.0426758	0.00364289	0.00658534	0.134827	0.0137962	0.0105454	0.103939	0.00355576	0.191758	0.124321	0.00357701	0.0015261	0.00630763	0.00750723	0.0442528	0.0266011	0.157524	0.00255278	0.040276
7	0.0444026	0.00620952	0.00214514	0.00110233	0.0304611	0.00209748	0.00100175	0.339034	0.00111598	0.137024	0.0303623	0.00544277	0.00233562	0.00265245	0.00272404	0.00997822	0.0167235	0.358145	0.000844037	0.00619782
8	0.437474	0.0433309	0.0120882	0.0131618	0.00329981	0.187441	0.00381162	0.00658218	0.00846431	0.00600059	0.00369933	0.00847323	0.00329036	0.0102414	0.0078066	0.1951	0.012016	0.0342497	0.000950801	0.00251842
9	0.0286217	0.00263533	0.00643515	0.015201	0.012731	0.0181325	0.0403748	0.0163787	0.302501	0.0264345	0.00825932	0.0626748	0.00284644	0.0610936	0.32424	0.0173064	0.0143961	0.0265376	0.00131268	0.0118872
10	0.0418739	0.00538859	0.0239217	0.0142461	0.00636972	0.127362	0.0723542	0.00850425	0.188863	0.0178416	0.0144525	0.0441011	0.0150429	0.0697901	0.262466	0.0308411	0.0160175	0.021321	0.00702449	0.0122174
11	0.107423	0.00177144	0.0231235	0.0281366	0.00255737	0.046656	0.0161218	0.0470292	0.0122431	0.0169405	0.0042052	0.122136	0.0258485	0.0135344	0.0155735	0.200146	0.301554	0.0109648	0.00175745	0.0022767
12	0.150967	0.0304186	0.0160973	0.0190981	0.0200024	0.013545	0.00569695	0.0776566	0.00530365	0.0795757	0.154842	0.00518076	0.00208455	0.0120518	0.0225749	0.0418513	0.101589	0.228852	0.000891835	0.0117203
13	0.0616763	0.00682278	0.00203356	0.0011786	0.0251851	0.00278025	0.000899654	0.276147	0.00131306	0.129008	0.0204286	0.00715394	0.00588345	0.00229521	0.0035778	0.0109189	0.02102	0.416212	0.000278467	0.00518764
14	0.119108	0.0174168	0.00532998	0.00511837	0.0570273	0.0147346	0.00457548	0.156872	0.00476697	0.208359	0.0560221	0.00660024	0.00565883	0.00654317	0.00802748	0.0262105	0.0335084	0.245354	0.00103794	0.0177284
15	0.49809	0.0178564	0.0154278	0.0144093	0.0190694	0.0459525	0.00485793	0.0318044	0.0115275	0.0385615	0.0114211	0.0083014	0.0191771	0.00888066	0.00822398	0.0955952	0.033613	0.106781	0.00142565	0.00902423
16	0.0389681	0.000448655	0.379513	0.359839	0.000988712	0.0148361	0.00517151	0.00133033	0.0317514	0.00700851	0.00105425	0.0231923	0.000531698	0.0450266	0.0064167	0.0413963	0.0213962	0.0199845	0.00020414	0.000941687
17	0.020466	0.00498504	0.00956509	0.0188393	0.267131	0.0108836	0.271785	0.0066116	0.0193372	0.0452676	0.0207213	0.0150586	0.00342493	0.0469439	0.0386554	0.042411	0.0156437	0.0224349	0.00138565	0.118449
18	0.190113	0.00267732	0.0114299	0.016393	0.00522166	0.0335827	0.00777783	0.028901	0.0214017	0.0374418	0.00556783	0.0770875	0.0323833	0.0217084	0.0233452	0.223306	0.231109	0.022632	0.00380155	0.00411868
19	0.136414	0.00165436	0.124379	0.085109	0.0026303	0.099374	0.00899635	0.0383169	0.0250683	0.0121521	0.0096866	0.0635963	0.0253944	0.0316431	0.0276582	0.160265	0.117871	0.0281813	0.000436275	0.00117432
20	0.0226997	0.00388477	0.0124128	0.00362403	0.487083	0.0175749	0.034517	0.00299768	0.00850957	0.0137882	0.00821738	0.0190016	0.00140836	0.00522729	0.0053872	0.0070028	0.0108397	0.0480744	0.000615213	0.287134
21	0.148165	0.0027786	0.0120396	0.0134824	0.00474329	0.0568995	0.00665228	0.0195047	0.0475495	0.0207317	0.00541344	0.0393556	0.0244093	0.0570948	0.0240998	0.35149	0.13928	0.0187783	0.0034233	0.00410851
22	0.0925683	0.00912944	0.173013	0.0894202	0.00609491	0.195485	0.0196507	0.0192251	0.0411017	0.0170123	0.0077903	0.049735	0.0106275	0.0352791	0.0387359	0.118665	0.046916	0.0229044	0.00183717	0.00481013
23	0.0455147	0.0020743	0.061059	0.0390314	0.00639388	0.0248161	0.0243049	0.0162556	0.163555	0.0135622	0.0125202	0.200461	0.00621336	0.105455	0.0775785	0.0913817	0.0817025	0.0211569	0.00126908	0.00569398
24	0.070846	0.0190593	0.0162822	0.0245284	0.174352	0.0204838	0.0497292	0.0341159	0.0279766	0.0764615	0.0931846	0.0294137	0.00549118	0.0259599	0.0248625	0.1499	0.0489104	0.0649782	0.00393653	0.0395286
25	0.167155	0.00168641	0.00847266	0.0144153	0.00248016	0.0662278	0.00441479	0.012534	0.0507578	0.0260139	0.00324263	0.125013	0.0903602	0.0393112	0.0427539	0.18208	0.126143	0.0260368	0.00901816	0.00188302
26	0.134251	0.000853976	0.132762	0.0854005	0.00131672	0.0798059	0.00920375	0.0302938	0.0329483	0.0134744	0.0113686	0.0510376	0.0153231	0.0335034	0.0395301	0.143913	0.148115	0.0356385	0.000408646	0.000851593
27	0.0429304	0.00566094	0.00197731	0.000934704	0.0287693	0.00171055	0.000774304	0.348102	0.000992451	0.127396	0.0261236	0.00628001	0.00245406	0.00236748	0.00245561	0.00929663	0.0156034	0.37005	0.000228446	0.00589306
28	0.390322	0.0287635	0.0267228	0.0218698	0.00811495	0.170731	0.00787986	0.0156151	0.0181449	0.0206492	0.00785898	0.0173089	0.0105121	0.0152975	0.0230998	0.137695	0.0323274	0.0403013	0.00121216	0.00557418
29	0.285138	0.00609771	0.00628917	0.00631975	0.0469056	0.0103504	0.0221205	0.0712911	0.0262192	0.0518088	0.0304779	0.00957501	0.00462972	0.0380509	0.0315791	0.133529	0.0978095	0.0762169	0.0169074	0.0286843
30	0.0460093	0.000985957	0.208366	0.302076	0.00157586	0.0129604	0.015365	0.00308628	0.104831	0.0188867	0.00590068	0.0282662	0.00465553	0.167634	0.018225	0.0263576	0.0152528	0.0171975	0.000471422	0.00189636
31	0.139966	0.134671	0.0088431	0.0101297	0.0732936	0.0288249	0.0105219	0.0410098	0.0133271	0.134735	0.0446883	0.0109055	0.00518072	0.0119524	0.013723	0.0546143	0.0625331	0.094431	0.00645472	0.100194
32	0.0459742	0.0123537	0.00655617	0.0082874	0.0510666	0.00960641	0.00355449	0.18357	0.00636964	0.270468	0.0902285	0.00635434	0.00355182	0.00828659	0.00808801	0.0144537	0.0217438	0.23281	0.00100068	0.0156766
33	0.0925282	0.0026006	0.040189	0.235851	0.00454723	0.012257	0.0431531	0.0059483	0.0896397	0.0551637	0.0274819	0.0228789	0.0222673	0.260505	0.0135708	0.0192118	0.0148347	0.029012	0.00132702	0.00703289
34	0.0298668	0.000827775	0.00348085	0.00959001	0.00349011	0.0144643	0.0143248	0.0107611	0.547134	0.00723151	0.00401842	0.0361036	0.000763945	0.0391465	0.240646	0.015645	0.00883293	0.0111909	0.000309725	0.00217184
35	0.137301	0.0123099	0.00690218	0.00827497	0.0385091	0.0212635	0.00503467	0.141634	0.0103609	0.226549	0.0554586	0.0112076	0.0078812	0.0109507	0.0100807	0.041042	0.0710703	0.167089	0.00121195	0.0158693
36	0.146105	0.0012431	0.0394651	0.0399881	0.00221487	0.0725779	0.0068088	0.0167818	0.0411979	0.0271392	0.00516017	0.0878787	0.0839421	0.0388703	0.0417498	0.186946	0.129731	0.024019	0.00669374	0.00148638
37	0.0267833	0.0015506	0.00483002	0.00989241	0.0240837	0.0120052	0.034576	0.0157589	0.297824	0.0306715	0.00568424	0.0588022	0.00197272	0.0420513	0.358727	0.0122783	0.0120416	0.0400311	0.000879928	0.00955643
38	0.0183162	0.00605624	0.00983079	0.0523209	0.233438	0.011002	0.179449	0.00656048	0.015449	0.119469	0.040951	0.0143681	0.00359001	0.0544004	0.0194962	0.106598	0.0147295	0.0370308	0.00192699	0.0550183
39	0.116059	0.00199	0.00807917	0.0119399	0.0051398	0.024736	0.00878507	0.0438552	0.0149361	0.0340587	0.00559353	0.0775895	0.0174801	0.0184747	0.0271917	0.297485	0.268094	0.0121943	0.00228828	0.00403018
40	0.0311463	0.0223036	0.00278708	0.00198304	0.108435	0.00557311	0.00218098	0.208849	0.00248931	0.194958	0.110152	0.00451118	0.00101541	0.00409501	0.00452563	0.0105182	0.0119683	0.194526	0.0329513	0.0450327
41	0.146963	0.000893327	0.11483	0.0803542	0.00177069	0.0720266	0.00778655	0.0291231	0.0263687	0.0120001	0.0121343	0.0652496	0.0245386	0.0287562	0.0305127	0.16644	0.14467	0.0336039	0.00069305	0.00128454
42	0.162942	0.140323	0.00564968	0.00514863	0.0854625	0.039554	0.00542288	0.0443158	0.00750168	0.111686	0.0662871	0.00610896	0.00375762	0.00636014	0.0101997	0.0678307	0.0448788	0.121527	0.00275875	0.0622849
43	0.0417624	0.000659081	0.382883	0.334941	0.00166703	0.017581	0.00631298	0.0019263	0.0306933	0.00873064	0.00151965	0.0259638	0.000765344	0.0483514	0.00786635	0.0425967	0.0226339	0.021153	0.000306982	0.00168647
44	0.165787	0.0054131	0.0187239	0.00973046	0.00371375	0.400244	0.0312233	0.0065382	0.0447784	0.0157505	0.00510832	0.0385268	0.00436395	0.0150146	0.123478	0.0668819	0.0286562	0.0111826	0.0018702	0.00301516
45	0.0294527	0.00419715	0.0111303	0.0150773	0.0704528	0.0195432	0.111761	0.0143495	0.228465	0.0304577	0.0124657	0.0487327	0.00330034	0.0525964	0.244943	0.0235635	0.0178765	0.0313666	0.00150479	0.0287643
46	0.109908	0.00377135	0.0315665	0.0277461	0.00899441	0.0388729	0.0135087	0.0349712	0.0237913	0.0287701	0.0104715	0.0699246	0.0205691	0.0252074	0.0248398	0.21202	0.280467	0.0257104	0.00248378	0.00640594
47	0.0385722	0.029908	0.00520636	0.00457032	0.257627	0.00950239	0.0182259	0.0878425	0.00663039	0.141879	0.0841135	0.00778499	0.00153455	0.00659722	0.0064001	0.0197719	0.0180968	0.103638	0.0279893	0.12411
48	0.0960788	0.00202204	0.0202931	0.0204516	0.00400535	0.0314074	0.012818	0.0457042	0.0180866	0.0217498	0.0048138	0.128422	0.0192119	0.0166349	0.0196759	0.23681	0.282883	0.0132403	0.00210572	0.00358548
49	0.0195284	0.00446202	0.0129824	0.00349003	0.514536	0.0137515	0.0310367	0.00279661	0.00772297	0.0140928	0.00774747	0.015918	0.00127195	0.00513315	0.00492497	0.00687685	0.00902148	0.0416194	0.000528479	0.282559
50	0.0307354	0.00509188	0.0129464	0.0168015	0.0596615	0.0257291	0.0778973	0.0162988	0.173296	0.080505	0.0142876	0.0710775	0.00589537	0.0390092	0.245892	0.0306685	0.017042	0.0528449	0.00247446	0.0218462
51	0.0613353	0.00739915	0.00206447	0.00117066	0.025084	0.00242233	0.000848114	0.272021	0.00135913	0.130984	0.0203276	0.00772334	0.00541931	0.00227715	0.00376018	0.0100937	0.0209545	0.419257	0.000268806	0.00523041
52	0.0367649	0.00243278	0.278384	0.186884	0.024868	0.0104216	0.108361	0.00534404	0.0099991	0.00929393	0.00483932	0.033433	0.00259587	0.072845	0.030793	0.0361227	0.0318407	0.0522876	0.00141427	0.0610757
53	0.0192612	0.00495165	0.0122345	0.00331977	0.519112	0.013075	0.0312462	0.00313817	0.00776642	0.0148761	0.00797808	0.0154853	0.00122916	0.00489918	0.00514657	0.00675252	0.00901269	0.0397035	0.000881897	0.27993
54	0.0399204	0.0231521	0.00532346	0.00755975	0.0617129	0.0146125	0.00342954	0.15883	0.00298179	0.269621	0.144253	0.00281306	0.00114771	0.00750571	0.00677732	0.014367	0.0210344	0.194326	0.000963403	0.0196701
55	0.243557	0.134053	0.0100027	0.00964153	0.041901	0.063761	0.00542091	0.0327915	0.0109342	0.061113	0.035899	0.00926272	0.00649865	0.0111328	0.0123659	0.111551	0.039281	0.124777	0.00248969	0.0335663
56	0.0900033	0.0104211	0.00598503	0.00633446	0.0372899	0.0115253	0.00414674	0.204021	0.00569048	0.153653	0.0468089	0.00831276	0.00496842	0.00886998	0.0169595	0.0192705	0.0331221	0.320931	0.00114218	0.0105444
57	0.214554	0.00817288	0.0403433	0.029343	0.0201269	0.0343254	0.00818505	0.0367516	0.0293211	0.0387053	0.0250482	0.0345055	0.0234978	0.0251819	0.0267856	0.143242	0.158585	0.0885071	0.00298896	0.0118292
58	0.123687	0.000882403	0.162485	0.0934271	0.00161159	0.0681984	0.00847372	0.0401412	0.0332435	0.0125644	0.00982923	0.0504085	0.0134784	0.0274491	0.0310464	0.138708	0.146408	0.0362673	0.000524613	0.00116656
59	0.0401272	0.00043979	0.383991	0.348059	0.00101142	0.0145889	0.00482913	0.0010671	0.0318932	0.00641853	0.000846648	0.0249558	0.00048395	0.0512897	0.00685571	0.0402457	0.019847	0.0217348	0.000240664	0.00107441
60	0.366142	0.00203359	0.0838147	0.0643721	0.0033636	0.0181255	0.00415589	0.00677801	0.0184583	0.00780867	0.00480051	0.0119118	0.0707162	0.00891647	0.00776661	0.222424	0.0557346	0.0389578	0.000898747	0.00282072
61	0.236755	0.0277649	0.00305748	0.00284692	0.0841583	0.0169976	0.00306524	0.0877519	0.00409031	0.127155	0.0317596	0.00328027	0.00504636	0.00454976	0.00819949	0.057723	0.0610356	0.190804	0.00155256	0.0424072
62	0.122538	0.0104798	0.0872737	0.0441794	0.00450454	0.236637	0.0075956	0.0202141	0.0247789	0.0129165	0.00697088	0.0370238	0.0425851	0.0202821	0.0200578	0.195243	0.0572775	0.0442476	0.00165447	0.00353967
63	0.0318309	0.0011525	0.00707672	0.015636	0.00657559	0.0130634	0.0251054	0.0189501	0.429882	0.0129264	0.00474456	0.040704	0.00135131	0.0769732	0.255911	0.0147852	0.0153224	0.0226465	0.000472147	0.00489054
64	0.0540486	0.00249217	0.0584042	0.140061	0.00877842	0.0530994	0.0783673	0.0107144	0.0168087	0.0362089	0.0106884	0.0695417	0.00539738	0.249492	0.0112735	0.129228	0.0448793	0.0109473	0.00101623	0.00855312
65	0.041933	0.00590635	0.00198852	0.000903801	0.027731	0.00156551	0.000713079	0.341611	0.00098498	0.140042	0.0294496	0.00481909	0.00237913	0.00229699	0.00248973	0.0102528	0.0157948	0.36346	0.000173361	0.00550646
66	0.269684	0.0018353	0.0289125	0.0304432	0.00375363	0.0294919	0.0052545	0.0125669	0.0296517	0.0172967	0.00413787	0.0426623	0.11847	0.0168114	0.017411	0.204985	0.130777	0.0299205	0.00334544	0.00258876
67	0.0707002	0.028855	0.00324578	0.00269112	0.0989935	0.0099155	0.00226499	0.132663	0.00252716	0.206694	0.154411	0.00229557	0.000994888	0.00437886	0.00710774	0.0323781	0.0264273	0.17952	0.000383495	0.0335522
68	0.179525	0.0470162	0.00752203	0.00678036	0.0810213	0.0637557	0.00615534	0.0618979	0.00859659	0.135068	0.0727157	0.00679536	0.00420579	0.00936181	0.0127894	0.0735947	0.0410815	0.145781	0.00174134	0.0345951
69	0.0393047	0.0532483	0.00681767	0.00531079	0.335153	0.0128831	0.0187372	0.0487886	0.00781139	0.112413	0.0453014	0.010771	0.00219369	0.0075201	0.00708947	0.0199084	0.0161885	0.0603879	0.0359636	0.154209
70	0.029556	0.012125	0.00360548	0.00410838	0.0490861	0.00640451	0.00289718	0.209748	0.00225002	0.281594	0.13156	0.00280165	0.00141766	0.00595532	0.00539933	0.00898782	0.0179685	0.21059	0.000274961	0.0136701
71	0.0390161	0.000547689	0.381541	0.350181	0.0010734	0.0167849	0.00519243	0.00113796	0.0405125	0.00633553	0.000952475	0.0232338	0.000609007	0.0469297	0.00688646	0.0365789	0.0178618	0.0230267	0.000227953	0.00137127
72	0.0226101	0.0107784	0.00550929	0.0233582	0.00852755	0.0104369	0.129345	0.00451447	0.108941	0.0107882	0.0252374	0.0588269	0.00225241	0.0970285	0.374588	0.0278341	0.00786748	0.0168434	0.00128483	0.0534278
73	0.0419118	0.00577602	0.0019342	0.000850057	0.0269471	0.00152641	0.0007047	0.344613	0.000941769	0.138066	0.0293919	0.00484676	0.00238917	0.00225975	0.00238199	0.00956358	0.0158909	0.364509	0.000172481	0.00532352
74	0.0516286	0.0014309	0.0165587	0.0277708	0.00531656	0.0146343	0.0217172	0.0137136	0.373853	0.00995428	0.0196122	0.0549471	0.00127981	0.0666294	0.208702	0.0472466	0.0408522	0.0185461	0.000543512	0.00506323
75	0.0416789	0.000449519	0.395171	0.335789	0.000850393	0.0135336	0.00458828	0.00112373	0.0281337	0.00715862	0.000909155	0.0262947	0.000475692	0.0502019	0.00699279	0.0439642	0.0224123	0.019164	0.000227374	0.000880767
76	0.0502485	0.00177436	0.325694	0.360031	0.00275081	0.0149331	0.0064889	0.00316631	0.0289881	0.0439705	0.00306732	0.0245233	0.00173996	0.0432941	0.00871088	0.0377216	0.0207178	0.0191274	0.000769711	0.00228259
77	0.0266601	0.0109448	0.013444	0.0075266	0.474549	0.0129415	0.033078	0.0234458	0.00935016	0.0356319	0.0179426	0.0168539	0.00167816	0.00869486	0.0073067	0.0181081	0.0126291	0.0479671	0.0120544	0.209193
78	0.0681455	0.00161856	0.0354045	0.044563	0.0324205	0.0102439	0.00927047	0.00902766	0.136336	0.0102769	0.0708852	0.0941248	0.00198219	0.0403177	0.0840795	0.152293	0.135714	0.0456389	0.000936391	0.0167214
79	0.0910127	0.00133535	0.0714558	0.0525506	0.00626645	0.0383316	0.0248431	0.0158156	0.161043	0.011782	0.0287392	0.0696157	0.00420916	0.0751753	0.0969547	0.110381	0.104946	0.0313362	0.000547979	0.00365931
80	0.0362431	0.000918644	0.0160449	0.0300958	0.00365929	0.0128716	0.0284192	0.025224	0.403359	0.0119441	0.00493865	0.0421993	0.000850264	0.120434	0.204205	0.0164761	0.0240739	0.0145883	0.000345499	0.00310892
81	0.0199896	0.0054444	0.0118663	0.00543931	0.484349	0.0130762	0.0520995	0.00440073	0.00991173	0.0195894	0.0104493	0.0164954	0.00155795	0.00827197	0.00809387	0.0113424	0.0106843	0.0389379	0.00244527	0.265556
82	0.255682	0.0185677	0.0187198	0.0278012	0.00320178	0.351641	0.00542668	0.0142632	0.0118157	0.00662199	0.00328531	0.0125011	0.00484994	0.0201123	0.0191298	0.170254	0.0241261	0.0285133	0.000942155	0.00254566
83	0.197252	0.0162614	0.0483256	0.0431752	0.00378097	0.310028	0.00548972	0.0381569	0.0153042	0.00773258	0.00408522	0.0203667	0.00849522	0.0151572	0.0144338	0.204125	0.0239135	0.0203799	0.000868596	0.00266844
84	0.0695965	0.00387077	0.111542	0.121296	0.00867299	0.158945	0.0113198	0.0425847	0.0738747	0.024556	0.00684345	0.0696193	0.00780051	0.0270854	0.0656722	0.123581	0.0508962	0.0185328	0.000866136	0.00284543
85	0.0725281	0.00259156	0.0249625	0.0622795	0.00960455	0.0846772	0.0162226	0.0463332	0.257084	0.0394605	0.00634934	0.0700846	0.00405981	0.0434467	0.180998	0.0363501	0.0230289	0.0157964	0.00136103	0.00278189
86	0.122738	0.00355597	0.101149	0.0477282	0.00431307	0.0678643	0.0269137	0.0151387	0.174516	0.0146931	0.0103754	0.0416703	0.00675553	0.13328	0.0974692	0.0544575	0.0435827	0.0280156	0.00186048	0.00392383
87	0.134538	0.000751179	0.137045	0.0854678	0.00128695	0.0805235	0.00996823	0.03051	0.0329456	0.0140388	0.0120122	0.051279	0.0151711	0.0334154	0.0398818	0.141694	0.14397	0.0342209	0.000387933	0.000892721
88	0.0644128	0.00250467	0.15448	0.086403	0.0106795	0.0867582	0.0523777	0.0333878	0.0188246	0.0473186	0.00786424	0.0731617	0.00656488	0.0336624	0.0216834	0.134973	0.145018	0.0160542	0.000834562	0.00303602
89	0.293245	0.0026183	0.100713	0.0673098	0.00353304	0.0563247	0.00742027	0.0141215	0.0726296	0.0116442	0.00649578	0.0255689	0.0646682	0.0248171	0.0217783	0.102394	0.0639189	0.0568171	0.000932556	0.00305027
90	0.189848	0.00195263	0.00826524	0.00935528	0.00439738	0.0535758	0.00446758	0.0688726	0.0470459	0.063049	0.00466155	0.0394287	0.0412794	0.0527881	0.0278194	0.0905165	0.154264	0.131314	0.0033844	0.00371534
91	0.297402	0.00344168	0.0326816	0.0450537	0.00448985	0.0205931	0.00522575	0.00604488	0.0566791	0.013703	0.00415704	0.0193598	0.212245	0.0143667	0.014669	0.117422	0.0820065	0.0444905	0.00248232	0.0034867
92	0.0230656	0.00547602	0.0138631	0.0136541	0.00944719	0.0540914	0.13554	0.0115706	0.215691	0.105604	0.00998393	0.110475	0.00441101	0.0516359	0.0193025	0.105064	0.0170675	0.0144278	0.00186099	0.0777675
93	0.129719	0.0336088	0.0743669	0.0282781	0.00673895	0.2891	0.00783941	0.013731	0.037342	0.00992715	0.00459105	0.0415846	0.00818936	0.0158603	0.0208621	0.239823	0.0164567	0.0177545	0.00117879	0.00304871
94	0.0355593	0.0194239	0.00328316	0.00375165	0.077638	0.00832944	0.00445865	0.154625	0.00362476	0.250374	0.189991	0.00389749	0.00228625	0.00610353	0.00660685	0.0173316	0.0189226	0.16975	0.00251403	0.0215297
95	0.0139497	0.00110351	0.111963	0.0261438	0.00253069	0.0237835	0.0276751	0.011753	0.0751915	0.00387487	0.00248706	0.413907	0.00136826	0.0416968	0.0226508	0.135912	0.0622039	0.0157618	0.000531222	0.00551311
96	0.0340274	0.00113419	0.00389273	0.00975571	0.00349783	0.0184674	0.0143821	0.0101585	0.512068	0.00768778	0.00444974	0.0337424	0.000961639	0.0354619	0.268906	0.0179357	0.00891701	0.0118472	0.000403852	0.00230295
97	0.0424382	0.000551928	0.396863	0.308313	0.00128044	0.0198918	0.0062002	0.00345293	0.0255563	0.00786941	0.00125692	0.0247003	0.00078197	0.0418019	0.00741382	0.0579464	0.0342447	0.0175153	0.000370388	0.00155107
98	0.0190957	0.00560585	0.0119893	0.00329385	0.52926	0.0126748	0.0300936	0.0033706	0.00780017	0.0156476	0.00792663	0.0152522	0.00129481	0.00488363	0.00497241	0.00669682	0.00888891	0.0388963	0.000956126	0.2714
99	0.167242	0.00517644	0.0263034	0.0203805	0.00567228	0.260257	0.0172947	0.0137938	0.0629285	0.0343785	0.00619757	0.0646422	0.0225397	0.0234603	0.0914157	0.107624	0.0470895	0.0172134	0.00329369	0.00309746
100	0.0255122	0.0032172	0.00864339	0.0108893	0.00460697	0.00887689	0.00649095	0.00619077	0.038441	0.0333064	0.00576347	0.00963079	0.642576	0.0349603	0.0324639	0.0703453	0.0397939	0.0121426	0.00171706	0.00443159
101	0.0446375	0.0019525	0.0109319	0.0196708	0.00864301	0.0125913	0.0197902	0.0545266	0.330704	0.0274619	0.00678478	0.0500813	0.00154924	0.0639303	0.233839	0.0194994	0.0471864	0.0418478	0.000551104	0.00382098
102	0.026144	0.0103542	0.00306377	0.00306589	0.0451122	0.00484011	0.00271827	0.229729	0.00233474	0.296148	0.12028	0.00324142	0.0015631	0.00488646	0.00447027	0.00772114	0.0174155	0.20392	0.000737022	0.0122553
103	0.0371299	0.00136879	0.0124802	0.0284312	0.00306078	0.0202286	0.019051	0.0192953	0.452684	0.0108512	0.00743519	0.0409792	0.00110419	0.0833131	0.194451	0.0226421	0.0303668	0.0125811	0.000413845	0.00213214
104	0.0526315	0.00125144	0.293012	0.259084	0.00296471	0.0605088	0.00982803	0.00523005	0.0595154	0.00819667	0.00224378	0.0473969	0.00144165	0.0742326	0.0157855	0.0602201	0.0217731	0.0225997	0.000532209	0.00155228
105	0.0370515	0.0062813	0.0191821	0.102404	0.0157496	0.0196596	0.133598	0.00839421	0.0243548	0.0552655	0.0406986	0.0266906	0.00733674	0.32724	0.0254556	0.0504614	0.0429409	0.0162502	0.00156876	0.0394168
106	0.0326521	0.0126711	0.00513653	0.00663661	0.0418048	0.00994074	0.00506273	0.187954	0.00475138	0.263974	0.172476	0.00491556	0.00194515	0.0087395	0.00783272	0.0119642	0.0316867	0.174873	0.0013337	0.0136493
107	0.0416615	0.00139641	0.0347551	0.166662	0.00234435	0.0081085	0.0295437	0.0116376	0.225387	0.0255546	0.00732086	0.0413357	0.00524206	0.282892	0.0674336	0.014552	0.0214965	0.00953512	0.0007551	0.00238613
108	0.0545584	0.00844679	0.0129232	0.0126136	0.287538	0.0140917	0.0807452	0.0139283	0.0416977	0.0260941	0.0379296	0.0416923	0.00361495	0.0187721	0.0185558	0.0321658	0.0620311	0.0338907	0.00597284	0.192737
109	0.120513	0.0451195	0.00318324	0.0027647	0.119152	0.0139237	0.00270828	0.133852	0.00348947	0.142112	0.0685343	0.00507207	0.00268435	0.00429012	0.00645426	0.0335247	0.0322257	0.18739	0.0258879	0.0471183
110	0.17248	0.0167937	0.0233784	0.0236752	0.0143468	0.0131835	0.00610274	0.0865284	0.00552424	0.0786781	0.158683	0.0050865	0.00173126	0.0119786	0.0164378	0.0583507	0.0882111	0.209267	0.000897106	0.00866621
111	0.0577481	0.000494627	0.338205	0.283236	0.00213325	0.0209335	0.00794724	0.00409195	0.0226068	0.0115254	0.00221936	0.0520891	0.00174878	0.0528	0.0135496	0.0668231	0.0407134	0.0190753	0.000236888	0.00182313
112	0.0272876	0.00296468	0.103085	0.0600879	0.00692131	0.0243265	0.0961899	0.0114778	0.0429725	0.0103053	0.0051706	0.346165	0.00336973	0.0353875	0.0220678	0.0872685	0.0637301	0.0184511	0.00127801	0.031494
113	0.218733	0.00334677	0.0345487	0.0305884	0.0045923	0.0393091	0.00599935	0.0128631	0.0299329	0.0191982	0.00505418	0.0402277	0.167558	0.0208763	0.0222215	0.220573	0.0883577	0.0289694	0.00364977	0.00340054
114	0.0388556	0.0101672	0.00245115	0.00128973	0.048555	0.00331515	0.00138794	0.281055	0.00117865	0.173407	0.0804312	0.0035966	0.00176322	0.00478455	0.0038481	0.00914698	0.0131994	0.308653	0.000219461	0.0126941
115	0.0235363	0.00154012	0.133866	0.0749459	0.0046699	0.03763	0.0217334	0.00992399	0.0577488	0.00517268	0.0027567	0.342314	0.00185423	0.040298	0.0286043	0.142495	0.041697	0.0236657	0.000559277	0.0049888
116	0.0299064	0.000936932	0.00410611	0.00981456	0.0040261	0.0158598	0.0157544	0.0111525	0.535859	0.00812844	0.00438629	0.0374789	0.00109967	0.0401022	0.241192	0.0157658	0.00947139	0.0119728	0.000570958	0.00241583
117	0.0211209	0.0124343	0.00366544	0.00492488	0.0469375	0.00701293	0.0042395	0.198154	0.00248877	0.27765	0.180285	0.00246247	0.000812779	0.00750735	0.00598606	0.00823628	0.02221	0.17956	0.000436889	0.0138739
118	0.157239	0.00434158	0.0124661	0.011026	0.0141625	0.0210453	0.0111638	0.0739069	0.0194558	0.0606371	0.00979809	0.0272135	0.0103488	0.0693924	0.0454276	0.359151	0.0621962	0.018993	0.00421422	0.00782206
119	0.130834	0.00292347	0.0153723	0.0148271	0.0086618	0.0243915	0.0163337	0.0161394	0.292979	0.016642	0.00931558	0.0382986	0.00494436	0.0368989	0.244493	0.0524625	0.0225168	0.0440702	0.00213531	0.00576009
120	0.0545044	0.00755692	0.00279839	0.00178682	0.0397062	0.00398173	0.00106595	0.273575	0.0013377	0.181089	0.0358196	0.00466348	0.00301715	0.00274996	0.00385499	0.00959188	0.0172936	0.347817	0.00019385	0.00759597
121	0.0374689	0.00163535	0.0254025	0.058488	0.00243358	0.00939609	0.0348524	0.0172938	0.241477	0.0107651	0.00542356	0.0460692	0.00180404	0.321008	0.118032	0.0196936	0.0365501	0.00811074	0.000721415	0.00337506
122	0.149877	0.0023368	0.0769371	0.0427145	0.00746816	0.038101	0.0130184	0.0137818	0.120858	0.0117873	0.0189707	0.0689788	0.0064572	0.0755805	0.0754179	0.116916	0.0776536	0.0769455	0.00145401	0.00474614
123	0.0628871	0.00453078	0.140135	0.0685069	0.00786292	0.0835518	0.0586384	0.012187	0.120133	0.0198728	0.0108105	0.0615956	0.00726704	0.140832	0.0726187	0.058773	0.0373236	0.021356	0.0024556	0.00866099
124	0.0224825	0.0135827	0.00338333	0.00414897	0.0548054	0.00634324	0.00382305	0.188264	0.00234036	0.273631	0.180971	0.0021459	0.000731549	0.00708763	0.00581835	0.00834199	0.0178073	0.188543	0.000385379	0.0153638
125	0.115636	0.00106634	0.141488	0.0776298	0.00383805	0.0592195	0.0114967	0.0294788	0.0233001	0.0133309	0.00845886	0.0825066	0.0149203	0.0261826	0.0253505	0.17565	0.161634	0.0262718	0.000841094	0.00169933
126	0.0437408	0.000649384	0.305016	0.300468	0.00152574	0.0235509	0.0103913	0.00260901	0.0617858	0.00914069	0.00228522	0.0448138	0.00142996	0.0885949	0.0146408	0.0452899	0.0210097	0.0206233	0.000401658	0.00203359
127	0.0976937	0.0122065	0.0031316	0.00360129	0.0375633	0.00795463	0.0021529	0.209812	0.00287215	0.146502	0.0321458	0.00683373	0.00498965	0.00537503	0.00644874	0.0198733	0.0294906	0.358292	0.000687129	0.0123745
128	0.041485	0.00108707	0.0159391	0.0303614	0.00314043	0.013597	0.0222418	0.0183896	0.420904	0.00975796	0.00556486	0.040507	0.00131316	0.138236	0.17893	0.0188158	0.0238172	0.012746	0.00051617	0.00265051
129	0.0602587	0.00302468	0.155164	0.0841285	0.0366381	0.0841208	0.0310228	0.0176087	0.0196811	0.0195228	0.0037865	0.151789	0.00438803	0.0526542	0.0129535	0.217848	0.0312483	0.0107578	0.000632636	0.00277196
130	0.0471866	0.00545247	0.00254077	0.00174465	0.0273591	0.0028366	0.00120387	0.329681	0.00222416	0.120726	0.0230557	0.0185817	0.0032286	0.00343489	0.00356443	0.00993194	0.0164028	0.374339	0.000955046	0.00555052
131	0.0336903	0.0154567	0.00411626	0.00484341	0.0568726	0.00761742	0.00362941	0.181044	0.00263835	0.241572	0.176324	0.0028306	0.00130455	0.00695753	0.00659543	0.012514	0.0210345	0.203899	0.000501368	0.0165591
132	0.0485303	0.00942387	0.0111587	0.0166674	0.0203678	0.0158168	0.0163978	0.170846	0.00533064	0.203706	0.146727	0.00586147	0.00205747	0.0320325	0.0224088	0.0164553	0.05101	0.197149	0.00139263	0.00665882
133	0.0418231	0.000438798	0.374249	0.332391	0.000973084	0.0192858	0.0050365	0.00110595	0.0366481	0.00650699	0.000897515	0.0325567	0.000558652	0.0558384	0.00832973	0.0401229	0.0190267	0.0229621	0.000222934	0.00102609
134	0.0329292	0.00204085	0.0924246	0.031425	0.00477316	0.0306428	0.0276487	0.0137933	0.0968988	0.0102662	0.00484323	0.341261	0.00510079	0.0445492	0.034039	0.136469	0.062458	0.0193219	0.00119346	0.00792128
135	0.0399277	0.00926	0.00337874	0.00262855	0.036245	0.00621102	0.00202316	0.294882	0.00207539	0.19436	0.0699573	0.00424295	0.00223745	0.00409093	0.00495129	0.0106217	0.0190399	0.283667	0.000797301	0.00940188
136	0.0412032	0.000434046	0.392068	0.339565	0.00090796	0.013338	0.00484076	0.0010839	0.0279579	0.00732572	0.000889407	0.0262486	0.000481475	0.0492153	0.00712083	0.044087	0.0230552	0.0189917	0.000213102	0.000972569
137	0.0573833	0.00204809	0.01628	0.0294563	0.00603288	0.0186921	0.0200237	0.0368124	0.390197	0.0160088	0.00800489	0.0423375	0.00304387	0.107212	0.158888	0.0284821	0.0322048	0.0218298	0.000960713	0.00410175
138	0.149215	0.0117085	0.00353356	0.00299535	0.04034	0.0133548	0.00201305	0.172058	0.00330735	0.137848	0.0206773	0.00620898	0.00706959	0.00466067	0.00602628	0.0249933	0.0423298	0.338539	0.000679127	0.0124422
139	0.0344084	0.0148623	0.00404577	0.00274135	0.062272	0.00682857	0.00265155	0.194037	0.00335903	0.31099	0.105407	0.00403769	0.00199136	0.00471782	0.00540568	0.0106944	0.0147642	0.19139	0.00219649	0.0231993
140	0.040914	0.000500561	0.390366	0.338825	0.000993453	0.0189495	0.00455441	0.0012289	0.0388827	0.0065732	0.000975818	0.0236213	0.000694616	0.046767	0.00676433	0.0370789	0.0184551	0.0226846	0.000224268	0.000946163
141	0.0368965	0.00483915	0.0147574	0.0202652	0.0130835	0.027181	0.0580573	0.0123701	0.188276	0.0213654	0.0120503	0.0830009	0.00548213	0.0633871	0.341141	0.0306754	0.0189608	0.0260392	0.00175294	0.0204191
142	0.0788794	0.00565405	0.0641762	0.0398712	0.00728613	0.17415	0.0250655	0.015838	0.0947765	0.0225633	0.00843196	0.123676	0.0142163	0.0607006	0.0550277	0.126139	0.0524085	0.0201598	0.00253972	0.00844128
143	0.0394476	0.000543893	0.374839	0.336417	0.00246255	0.0149784	0.00949623	0.00154665	0.0318258	0.00659615	0.00129403	0.025286	0.000685179	0.055696	0.00839088	0.0380821	0.0197613	0.0281592	0.000330448	0.00416112
144	0.0369445	0.000960656	0.0100472	0.0212868	0.00437689	0.0129144	0.0235982	0.0261555	0.450101	0.0128253	0.00498276	0.0473844	0.000864538	0.076115	0.212073	0.0162839	0.0245286	0.0157849	0.000327971	0.00244388
145	0.030304	0.0125358	0.00255771	0.00175241	0.0460222	0.0038203	0.00170319	0.287871	0.00141971	0.204809	0.0872338	0.00301319	0.00143336	0.00373103	0.00337747	0.00910756	0.0144659	0.273106	0.000223398	0.0115136
146	0.0421124	0.000515981	0.385846	0.340384	0.00102545	0.0143375	0.00537568	0.0022032	0.0278485	0.00778047	0.00100147	0.0248225	0.000555369	0.0438287	0.00683973	0.047867	0.0278687	0.0184783	0.000291589	0.00101754
147	0.0526269	0.00881983	0.0211865	0.0393837	0.00949779	0.0281058	0.00851643	0.120704	0.00614492	0.229523	0.114498	0.00584222	0.00242119	0.0284022	0.0138587	0.016336	0.0545759	0.234223	0.000927103	0.0044069
148	0.0376543	0.0120852	0.00492772	0.00585831	0.0466853	0.00980718	0.00327906	0.203372	0.00487671	0.306226	0.0944396	0.00505757	0.00250638	0.0067922	0.0066642	0.0133077	0.0205729	0.198268	0.00244024	0.0151798
149	0.109259	0.00464282	0.0345947	0.0538373	0.00586919	0.0571196	0.00873203	0.0269923	0.0239567	0.0286272	0.0211227	0.0282734	0.0106567	0.0905568	0.0224473	0.0788857	0.113026	0.274063	0.0017863	0.00555133
150	0.0981734	0.00306949	0.223663	0.110969	0.00345717	0.128998	0.0115399	0.0230574	0.0235948	0.0137503	0.00704284	0.0394678	0.0104903	0.0244712	0.0221791	0.145192	0.0873054	0.0208305	0.000601015	0.00214721
151	0.0302842	0.00100173	0.00404269	0.0102551	0.0035653	0.0143536	0.0156055	0.0112159	0.53723	0.00743826	0.0045196	0.036013	0.000737417	0.0427216	0.239577	0.0169071	0.00998172	0.0115024	0.000356555	0.00269082
152	0.161475	0.00231133	0.0176444	0.0183863	0.00529254	0.0353174	0.00792609	0.0287998	0.0192558	0.0247082	0.00597163	0.0612355	0.0241609	0.0221544	0.0206591	0.266944	0.254054	0.0168803	0.00251509	0.00430785
153	0.0403121	0.000455823	0.377465	0.354208	0.00100218	0.0142095	0.00695828	0.00167799	0.0308012	0.00686432	0.00100534	0.0233688	0.000492922	0.0432398	0.00687384	0.0461149	0.0248632	0.0185942	0.000212651	0.00127986
154	0.0430268	0.0011713	0.168537	0.0602742	0.00725845	0.0428639	0.0321713	0.00923377	0.0354313	0.00859033	0.00215866	0.303616	0.00137955	0.0639439	0.0162832	0.128158	0.0537401	0.0168408	0.000490891	0.00483042
155	0.0437323	0.0131667	0.00854642	0.0101557	0.0483048	0.0155737	0.0119475	0.148581	0.0135139	0.334415	0.089579	0.0121207	0.00764627	0.0116807	0.0105305	0.0233853	0.0287598	0.149005	0.00152698	0.0178288
156	0.0213243	0.0168508	0.00605598	0.0320643	0.0131689	0.0093814	0.184099	0.00461536	0.0769243	0.0147864	0.0311619	0.0538983	0.00184645	0.117398	0.292885	0.0429193	0.0110324	0.0142884	0.00112511	0.0541751
157	0.0618137	0.00230516	0.116626	0.0607656	0.0823566	0.0360805	0.0436348	0.0251518	0.0100967	0.0307543	0.00464794	0.141812	0.00319351	0.0472708	0.00866094	0.290573	0.0209653	0.00906249	0.000982666	0.00324644
158	0.0442743	0.00233921	0.0772567	0.135746	0.0114519	0.0539577	0.0930828	0.0104688	0.0134537	0.0309731	0.00878815	0.0759972	0.00380947	0.231355	0.0112265	0.139559	0.0353029	0.0100401	0.00102639	0.0098917
159	0.276025	0.00374008	0.0388527	0.0347762	0.00480673	0.037078	0.00576436	0.0122613	0.0234669	0.0166121	0.00521725	0.0322179	0.0903322	0.0199817	0.0172878	0.27065	0.0743394	0.0303878	0.00272958	0.0034723
160	0.167969	0.00245675	0.167615	0.0710779	0.00444829	0.0700683	0.0374235	0.0191214	0.0312176	0.0362871	0.0292657	0.0332958	0.00903837	0.0692876	0.053136	0.0752357	0.0884012	0.0288605	0.00138763	0.00440619
161	0.126492	0.00101253	0.154567	0.0934093	0.0027492	0.0588459	0.0115882	0.0150838	0.0370015	0.0102379	0.00751562	0.0984717	0.00831855	0.0727234	0.0380346	0.102848	0.0936083	0.0644059	0.000566594	0.00251969
162	0.018739	0.00567128	0.0119358	0.00330581	0.531866	0.0120351	0.0299799	0.00265974	0.00759165	0.0162753	0.00796044	0.0150525	0.00120817	0.00478531	0.00498903	0.00662761	0.0089256	0.0380258	0.000517991	0.271847
163	0.0298361	0.00713286	0.00548912	0.0227859	0.00719992	0.00883176	0.0980211	0.00715856	0.166865	0.0104185	0.0160959	0.0514113	0.00159756	0.0987728	0.379162	0.0206887	0.00763412	0.0202692	0.0007364	0.0398934
164	0.0433111	0.00186574	0.0333685	0.0474634	0.0104399	0.0117533	0.0136446	0.0204862	0.22303	0.0183706	0.0396078	0.0638105	0.00201995	0.0790765	0.115367	0.110626	0.137712	0.0209319	0.000829219	0.00628589
165	0.205095	0.0141548	0.0278596	0.0224129	0.00417065	0.298545	0.0106927	0.0139923	0.0273775	0.0143776	0.00525638	0.0284121	0.0109834	0.0200672	0.0549124	0.182702	0.0339019	0.0202431	0.00172684	0.00311705
166	0.121018	0.00129318	0.0985903	0.0649626	0.00582958	0.0550161	0.0106147	0.0178267	0.0889212	0.00944522	0.0193388	0.0649283	0.00859141	0.0481596	0.0736217	0.124391	0.118423	0.0648679	0.000626368	0.00353445
167	0.043102	0.00147123	0.0269795	0.0586188	0.00226672	0.0089672	0.0316242	0.0200296	0.185134	0.0100742	0.00597104	0.0619249	0.00179273	0.330386	0.123375	0.0262922	0.0512909	0.00703552	0.000603182	0.0030608
168	0.0281189	0.00747761	0.00270556	0.00261542	0.0285663	0.00337828	0.00228098	0.303671	0.00144069	0.207546	0.0880708	0.00332292	0.00151032	0.00436565	0.00337687	0.00787245	0.0189243	0.278145	0.000272705	0.00633883
169	0.0300818	0.00108479	0.00425891	0.0100302	0.00610828	0.0149871	0.0215227	0.0127227	0.485588	0.0105029	0.00400236	0.0382274	0.000897957	0.0417831	0.275066	0.0148732	0.00939678	0.0154682	0.000404756	0.00299329
170	0.0243867	0.00677413	0.00483655	0.0192221	0.00853284	0.00819047	0.0879525	0.00650988	0.158829	0.0125379	0.0159817	0.0571152	0.00157223	0.0913013	0.406597	0.021051	0.00848972	0.0195436	0.000785603	0.0397899
171	0.028283	0.00372693	0.00513556	0.0145558	0.00950101	0.012985	0.0645925	0.0122127	0.308986	0.0148569	0.00933646	0.0648485	0.00151988	0.0552077	0.329428	0.0170031	0.00987242	0.019699	0.000740653	0.0175088
172	0.0632718	0.00499456	0.0117925	0.013244	0.0100726	0.0154786	0.0108953	0.0201865	0.0521321	0.453685	0.104623	0.050683	0.0428446	0.0147955	0.0153289	0.0234445	0.0608558	0.022414	0.00244366	0.00681388
173	0.0319009	0.0664589	0.00816122	0.00862967	0.182462	0.0127716	0.00699244	0.136498	0.0114504	0.0583283	0.0461983	0.0164816	0.00333738	0.00963374	0.0102374	0.018846	0.0204425	0.048262	0.218675	0.0842333
174	0.0202127	0.0514185	0.00472903	0.00531095	0.213862	0.00629471	0.00421894	0.155965	0.00653121	0.0616228	0.0510302	0.0144942	0.00188248	0.00534266	0.00539637	0.00911533	0.0151493	0.0484016	0.224011	0.095011
175	0.0732213	0.00218648	0.0669902	0.236039	0.00356672	0.0123498	0.0270212	0.00645792	0.119115	0.0306547	0.0131196	0.040203	0.00963502	0.266221	0.0284612	0.0241774	0.0178018	0.0176459	0.000799947	0.00433226
176	0.0155843	0.00104584	0.111463	0.0289787	0.00327703	0.0252971	0.0304409	0.0119445	0.0734965	0.00471549	0.00261094	0.407723	0.00154756	0.0411792	0.0228298	0.139057	0.056392	0.0158527	0.000537517	0.00602798
177	0.0509571	0.0264569	0.00306523	0.00251785	0.0877291	0.00850499	0.00204055	0.155607	0.00207579	0.231601	0.14918	0.00208636	0.000859303	0.00424902	0.0061324	0.0203491	0.0190572	0.197701	0.000974541	0.0288562
178	0.0298895	0.00083917	0.00376081	0.00978398	0.00348604	0.0143328	0.0147244	0.011355	0.545152	0.0072887	0.00396471	0.035478	0.000750522	0.041315	0.239561	0.0153992	0.00908997	0.0113595	0.000307921	0.00216235
179	0.024613	0.0148861	0.00294957	0.00337088	0.0612788	0.0066764	0.00368417	0.179546	0.00238406	0.256374	0.202121	0.00223605	0.000731752	0.00659609	0.00572317	0.0090551	0.0158006	0.184431	0.000398418	0.0171444
180	0.0533055	0.00174336	0.0325607	0.0390755	0.0110048	0.0155671	0.0170426	0.0146619	0.242294	0.0129491	0.0398563	0.0754104	0.00215353	0.0787861	0.12905	0.0981819	0.103187	0.0249349	0.00076695	0.00746775
181	0.0341892	0.00812726	0.00245656	0.00169212	0.0332313	0.00311033	0.00136514	0.318691	0.0012777	0.179642	0.0621797	0.00416293	0.00177164	0.00342042	0.00298208	0.0084836	0.0161776	0.308845	0.000192783	0.00800116
182	0.182756	0.00860417	0.00644586	0.00773555	0.0331869	0.0712067	0.00498146	0.157922	0.0113377	0.165015	0.0178484	0.0082434	0.00916214	0.0134197	0.00980648	0.0292373	0.0730143	0.17785	0.000914637	0.0113118
183	0.0418544	0.00601671	0.00205298	0.000855912	0.0286889	0.00152394	0.000680157	0.340639	0.000924652	0.14022	0.0287207	0.00485044	0.00235748	0.00224014	0.00247044	0.00922984	0.015701	0.365365	0.000176362	0.00543081
184	0.0417867	0.00948322	0.00372037	0.00128511	0.0574268	0.00307672	0.000963535	0.263615	0.0011262	0.202744	0.049314	0.00351659	0.00205832	0.00286851	0.00438517	0.0076492	0.0123337	0.321818	0.00021354	0.0106163
185	0.192657	0.0124447	0.00268757	0.00201121	0.0721924	0.017057	0.00181678	0.15683	0.00285997	0.166464	0.0124262	0.00349862	0.00733003	0.00305158	0.00543389	0.0314779	0.0393452	0.249201	0.000686987	0.0205293
186	0.0357943	0.0177112	0.00320015	0.00169552	0.0892717	0.0052581	0.00166845	0.20651	0.00168161	0.244453	0.0953623	0.00280667	0.00139314	0.00334989	0.00494305	0.00891364	0.010875	0.239478	0.00459926	0.0210351
187	0.181122	0.0132123	0.00277265	0.00228894	0.0659089	0.0214721	0.00178799	0.1594	0.00303825	0.166788	0.0210528	0.0034454	0.00618255	0.0034292	0.00542249	0.0282771	0.0375501	0.257842	0.000518702	0.0184886
188	0.0473282	0.0123453	0.00329319	0.00150927	0.0723338	0.00471289	0.00137181	0.213405	0.00149985	0.239911	0.0721101	0.00283649	0.00203801	0.00318322	0.00614464	0.00924185	0.012442	0.278363	0.000252149	0.015677
189	0.0434434	0.00687643	0.00214327	0.000909662	0.0328627	0.00167685	0.000729516	0.327986	0.000971735	0.143249	0.0281645	0.00477778	0.00253005	0.00233849	0.00268017	0.00894751	0.0160324	0.367431	0.000189304	0.00606007
190	0.0363215	0.00608754	0.00232842	0.00151038	0.0264144	0.00213851	0.00129188	0.33984	0.00112238	0.160144	0.0460759	0.00413785	0.00202749	0.00291177	0.00268747	0.00865208	0.0164499	0.334323	0.000178816	0.00535713
191	0.0312164	0.0309136	0.0053445	0.00558292	0.215172	0.00682979	0.00478974	0.237158	0.00726168	0.036008	0.0327326	0.0241901	0.00243432	0.00610397	0.0064948	0.0112641	0.0246962	0.0780792	0.165018	0.0687109
192	0.0373868	0.0184437	0.00319252	0.00192835	0.0870642	0.00625304	0.00181348	0.18268	0.00171252	0.263903	0.115339	0.00213076	0.00120385	0.003572	0.00554849	0.0107484	0.011728	0.223211	0.000818202	0.0213237
193	0.163286	0.0231033	0.00604488	0.00543578	0.0789088	0.0131755	0.00939165	0.0687841	0.0119019	0.0937116	0.0551003	0.00918518	0.00336128	0.0139472	0.0274703	0.140385	0.110628	0.120075	0.00514109	0.0409631
