431	20
1	0.150015	0.00705822	0.407894	0.0192086	0.0108908	0.095539	0.00867436	0.0142793	0.0155225	0.0186624	0.00788458	0.0672112	0.0158911	0.0167959	0.0119097	0.061404	0.0351894	0.020409	0.00758547	0.00797488
2	0.107797	0.000718909	0.0532826	0.0871907	0.00396759	0.0670515	0.0329688	0.0171642	0.0696072	0.0381355	0.0118019	0.0512925	0.0147102	0.0850082	0.144097	0.112326	0.0688966	0.027555	0.00175126	0.00467726
3	0.116672	0.000755855	0.0448181	0.072214	0.00348592	0.0717565	0.0309945	0.0187541	0.076949	0.0374498	0.0109681	0.047084	0.0154651	0.0734997	0.157611	0.120801	0.0667963	0.0276772	0.00204277	0.0042043
4	0.111176	0.000916679	0.0477541	0.0741227	0.00409668	0.0685887	0.0352504	0.0193638	0.0722157	0.040012	0.0108615	0.0487739	0.0183844	0.0717401	0.155647	0.117455	0.0689981	0.0268904	0.00213157	0.00562088
5	0.0870166	0.0129144	0.00704558	0.00947465	0.0775098	0.0299896	0.0314491	0.0768538	0.00618463	0.275009	0.0857108	0.0149075	0.017539	0.0288604	0.0194938	0.0367332	0.0563109	0.0735562	0.0229545	0.0304863
6	0.0606689	0.00101547	0.0302278	0.0357008	0.0143265	0.0392876	0.179786	0.00411855	0.0793278	0.0246368	0.00143362	0.0576264	0.024526	0.0537111	0.162875	0.125245	0.0445418	0.00961102	0.00981614	0.0415171
7	0.0484653	0.00162683	0.121502	0.261294	0.0149599	0.0205318	0.0149753	0.00349427	0.0814054	0.0284383	0.00276327	0.0651734	0.00961194	0.184598	0.0107251	0.0457489	0.0567104	0.0173522	0.00353424	0.00708934
8	0.0523307	0.00982001	0.00317263	0.00606238	0.170049	0.0285538	0.0187702	0.0609379	0.00728577	0.297235	0.0739039	0.0086136	0.0107855	0.0282465	0.0219343	0.0256876	0.0359878	0.0561479	0.0331759	0.0512989
9	0.137764	0.016973	0.0148547	0.0199936	0.0153802	0.390053	0.0235139	0.0158535	0.0260986	0.0205936	0.00730024	0.0291652	0.020163	0.0158865	0.0658173	0.101289	0.0335164	0.0262011	0.00692962	0.0126532
10	0.012616	0.00671294	0.00287458	0.00617883	0.360995	0.00658862	0.0140686	0.0288889	0.00199995	0.0606657	0.0139308	0.00761983	0.0110574	0.00997925	0.00841739	0.03045	0.0233004	0.0208335	0.058505	0.314317
11	0.059306	0.00148786	0.0122537	0.0451315	0.0049124	0.0452669	0.0229954	0.0278903	0.220088	0.0105821	0.00766403	0.0199005	0.0233947	0.0677985	0.281242	0.05102	0.0548637	0.0307878	0.0067135	0.00670102
12	0.0993626	0.00301845	0.0166406	0.00803263	0.018995	0.0374664	0.0176236	0.0172948	0.0309948	0.0228769	0.0170703	0.0117276	0.469974	0.0481789	0.0547324	0.045138	0.0404177	0.0220999	0.00375396	0.0146011
13	0.0656856	0.00224791	0.102545	0.213737	0.0136601	0.0353644	0.0193803	0.0083656	0.0741195	0.0284859	0.00473246	0.0587907	0.0117824	0.179334	0.0346245	0.0540974	0.0580097	0.0202575	0.00476414	0.0100156
14	0.0533378	0.0139428	0.00389248	0.00549624	0.0937748	0.0236959	0.00336029	0.149507	0.00564123	0.293298	0.0928333	0.00539843	0.0106196	0.00981509	0.0106782	0.0254112	0.0435541	0.109181	0.0207224	0.0258393
15	0.0683331	0.000861415	0.0436947	0.0527551	0.0119499	0.0544589	0.121956	0.0081322	0.0823729	0.0282314	0.00394832	0.0588624	0.0232526	0.0555891	0.167998	0.119828	0.0467735	0.0168525	0.00655602	0.027594
16	0.0648696	0.00495368	0.0212474	0.0318766	0.0184892	0.0603432	0.0456748	0.0389015	0.136844	0.0316651	0.0120997	0.0251681	0.0323849	0.052038	0.22657	0.0787823	0.0512585	0.0343233	0.0144418	0.0180689
17	0.0740984	0.000800053	0.0544574	0.0609749	0.0100263	0.0754848	0.084934	0.00984226	0.0806287	0.0282054	0.00571597	0.0627363	0.0201447	0.0584242	0.164342	0.113072	0.0492588	0.0228293	0.00555761	0.0184669
18	0.0426631	0.0141019	0.00313195	0.00547265	0.0871043	0.0213	0.00424632	0.13382	0.00274136	0.324775	0.119625	0.00575915	0.00926488	0.0117812	0.0093834	0.0223369	0.0424344	0.0833892	0.0327024	0.0239665
19	0.0960379	0.0196362	0.0172429	0.0116055	0.0147619	0.0950938	0.0273622	0.018154	0.00588877	0.0226228	0.0142001	0.0526669	0.0136454	0.00811754	0.0303067	0.402193	0.106248	0.023091	0.00509189	0.0160336
20	0.14205	0.0108255	0.00390926	0.00873536	0.0566463	0.0530408	0.0103806	0.0476183	0.00368361	0.272469	0.0689235	0.0113995	0.0262647	0.0318628	0.0223499	0.0489191	0.067248	0.0862492	0.0122553	0.0151697
21	0.060504	0.0181937	0.000586841	0.000733737	0.151091	0.0177721	0.000580283	0.168054	0.000615933	0.298737	0.0414254	0.000977002	0.00131322	0.00199549	0.00497779	0.016247	0.0294432	0.148396	0.0209154	0.0174405
22	0.114787	0.00349111	0.0429008	0.0617067	0.0104489	0.119503	0.0611941	0.0115203	0.0693643	0.0253716	0.00637539	0.0500357	0.0226661	0.0504252	0.113463	0.14579	0.0495432	0.0204265	0.00594642	0.01504
23	0.0801739	0.085597	0.0101534	0.00511512	0.0203846	0.0291709	0.0132193	0.10626	0.00436645	0.0380466	0.0160618	0.08373	0.00808944	0.00887154	0.00654567	0.250499	0.151209	0.0687534	0.00248306	0.0112702
24	0.0486353	0.0134836	0.00187094	0.00273805	0.141838	0.0219223	0.002269	0.140058	0.00418424	0.294618	0.0802063	0.00349665	0.00853127	0.00690613	0.0114576	0.0183	0.0342036	0.109702	0.0249354	0.0306439
25	0.214735	0.025871	0.0009254	0.00676878	0.00456091	0.069901	0.00463018	0.00512227	0.00116961	0.0056221	0.00325495	0.00636249	0.00790392	0.00150846	0.00468632	0.555844	0.0658251	0.0106696	0.00128902	0.00334935
26	0.069395	0.0168965	0.00129889	0.00119901	0.0455853	0.0194447	0.0010279	0.268718	0.00203682	0.174021	0.0292078	0.000836494	0.00234184	0.000806562	0.000950222	0.0106685	0.0159893	0.332919	0.00232715	0.00433051
27	0.2118	0.0317366	0.00109027	0.00581062	0.00340283	0.0659641	0.0041013	0.00672248	0.00126195	0.00499447	0.00359204	0.0098181	0.0085629	0.00161789	0.00275474	0.534573	0.0843712	0.0128791	0.00140729	0.00353982
28	0.0415855	0.00934798	0.00155686	0.00269901	0.245303	0.0239011	0.00489092	0.0884717	0.00607217	0.246499	0.0402549	0.0033123	0.00465903	0.00932238	0.0176364	0.0196054	0.0238326	0.0823374	0.0370649	0.0916472
29	0.202618	0.028112	0.000812842	0.00652149	0.00159395	0.0578748	0.00379416	0.00471925	0.00102294	0.00373209	0.00245204	0.00759949	0.0069862	0.00142686	0.00141158	0.579113	0.076737	0.00990333	0.000920505	0.00264886
30	0.0361545	0.0186785	0.00527829	0.00297969	0.0266535	0.0122015	0.00114856	0.301128	0.00565255	0.0861507	0.0521461	0.0121625	0.0145743	0.0182578	0.00582833	0.0324532	0.0484593	0.296547	0.00391865	0.0196275
31	0.0466064	0.0144451	0.00305021	0.0031235	0.0373242	0.0134193	0.000956961	0.277495	0.00253373	0.170242	0.0787201	0.00557361	0.00816834	0.00745045	0.00327041	0.0235999	0.0438127	0.239682	0.00452022	0.0160059
32	0.202948	0.0294383	0.00117512	0.00642657	0.00208401	0.0585822	0.00405557	0.006384	0.00114567	0.00405651	0.00258471	0.00973032	0.0070369	0.00142641	0.00163089	0.568667	0.0782949	0.0107112	0.000959326	0.00266278
33	0.073802	0.0113686	0.0104952	0.0111043	0.0280469	0.0239626	0.00142931	0.217404	0.00899702	0.0943179	0.0241837	0.0176147	0.0282345	0.0261598	0.0130628	0.0502711	0.0741383	0.266202	0.00433101	0.0148735
34	0.0433858	0.0155292	0.00373035	0.00571938	0.0622446	0.0186659	0.00343726	0.160293	0.00161731	0.312512	0.128403	0.00601211	0.0125832	0.00967096	0.00552523	0.025421	0.0474564	0.095532	0.0242204	0.0180409
35	0.174611	0.00960725	0.0114259	0.025765	0.00644501	0.020369	0.00521608	0.0554842	0.00246082	0.0378918	0.0379787	0.0566935	0.0299718	0.0303621	0.00386404	0.202164	0.221322	0.0463652	0.00268053	0.0193215
36	0.0724302	0.00887663	0.0210688	0.0272874	0.0102474	0.379476	0.0363421	0.0159995	0.0519091	0.0166404	0.00619871	0.0409995	0.0183203	0.0278632	0.116484	0.0790383	0.0291689	0.0201697	0.00819958	0.0132798
37	0.0804294	0.0207534	0.00293762	0.00428315	0.0413617	0.0412238	0.00108068	0.247676	0.00580332	0.13215	0.0226656	0.00362851	0.00590554	0.00569725	0.00218404	0.0150803	0.0201431	0.337685	0.00339572	0.00591578
38	0.0617692	0.0213152	0.0117547	0.00748344	0.0387255	0.0378572	0.00374108	0.167555	0.00697932	0.0983881	0.0213682	0.0419814	0.0183021	0.0268172	0.0132634	0.0847968	0.107756	0.19534	0.00334879	0.0314575
39	0.156665	0.00470237	0.0167689	0.022643	0.00697317	0.0230515	0.00614814	0.051505	0.00509047	0.0435294	0.0273057	0.0606634	0.0567872	0.0425374	0.00686168	0.193904	0.210225	0.0419226	0.00251891	0.0201968
40	0.148413	0.00455592	0.00857506	0.0155533	0.0201169	0.0201686	0.00641557	0.0448992	0.00335927	0.111823	0.043057	0.0365915	0.0398146	0.0291754	0.00672213	0.147118	0.226148	0.0612346	0.00368209	0.0225772
41	0.0151733	0.00404407	0.00175479	0.00464064	0.367915	0.0117399	0.0114624	0.0345361	0.00357331	0.103747	0.0218962	0.0054087	0.00872927	0.009328	0.0127307	0.0249954	0.0185887	0.0231516	0.0526564	0.263928
42	0.07336	0.00480082	0.0295573	0.0280664	0.00776353	0.393529	0.0534475	0.00956819	0.0255183	0.0130116	0.00515582	0.0763752	0.0210462	0.0319948	0.0339317	0.120186	0.0216719	0.0156825	0.0110131	0.0243199
43	0.121805	0.00544777	0.00957073	0.0129161	0.0194744	0.0217505	0.0258271	0.0505666	0.00610827	0.131413	0.0439127	0.0277139	0.0573987	0.0807016	0.0102677	0.11722	0.161386	0.0371941	0.00900847	0.0503177
44	0.317572	0.046615	0.00129371	0.00304631	0.0220519	0.220243	0.00212711	0.0116407	0.00155408	0.0211767	0.00346835	0.00257153	0.0170451	0.00165032	0.0111704	0.22837	0.0486927	0.0351957	0.00188927	0.00262587
45	0.0415089	0.0104703	0.0015274	0.00420918	0.181893	0.0247875	0.00589	0.081735	0.00637967	0.316353	0.0678546	0.00433302	0.00511541	0.0156175	0.0198347	0.0163959	0.0305105	0.0705115	0.0413521	0.0537202
46	0.115511	0.000786339	0.0471601	0.0739396	0.00327545	0.070181	0.0324687	0.0194084	0.0698313	0.0394893	0.0120558	0.0493073	0.0150913	0.0749332	0.153099	0.119469	0.0698904	0.0281636	0.00168131	0.00425847
47	0.101481	0.00863338	0.00762109	0.0338945	0.0612248	0.0582609	0.0109766	0.0253732	0.0073216	0.0926191	0.0126179	0.104388	0.0116067	0.0181705	0.0120553	0.0911832	0.0710411	0.0280475	0.00983005	0.233653
48	0.318041	0.036486	0.00162059	0.00362802	0.0304983	0.229691	0.00187329	0.0316565	0.00166986	0.0440116	0.00754966	0.00298659	0.0141614	0.00249231	0.00842707	0.13486	0.0528785	0.0710521	0.00388294	0.0025339
49	0.176282	0.0211902	0.0150374	0.0167937	0.0140301	0.343075	0.019097	0.0131711	0.0137889	0.0172658	0.00558723	0.0279822	0.0180641	0.0106361	0.0280993	0.175296	0.0419204	0.0285957	0.00593914	0.00814819
50	0.0406922	0.00264557	0.067029	0.0229318	0.0156888	0.066404	0.00536521	0.007654	0.0507505	0.019583	0.00842113	0.0307788	0.224159	0.0170879	0.0505157	0.172653	0.17649	0.0126833	0.00429047	0.00417717
51	0.447284	0.0094821	0.00225384	0.0024185	0.0106871	0.0928263	0.00156582	0.0799914	0.00111642	0.0344118	0.0195281	0.00222395	0.0070292	0.00315881	0.00343622	0.0554644	0.0770915	0.143564	0.00494056	0.00152634
52	0.180594	0.0307948	0.00146508	0.00360293	0.014839	0.0902081	0.00827438	0.00971483	0.0013838	0.00651264	0.0161705	0.0125282	0.0124874	0.00216501	0.0191261	0.440594	0.0978826	0.0293337	0.00590057	0.0164224
53	0.0390146	0.0131559	0.00364093	0.00491611	0.0503134	0.0134097	0.00124778	0.23884	0.00131845	0.243254	0.135144	0.00619446	0.00784986	0.00583936	0.00327238	0.0255124	0.0539294	0.119721	0.00951394	0.0239116
54	0.0440488	0.0119254	0.0109921	0.00609421	0.026914	0.0266604	0.00130386	0.244726	0.00891254	0.0629196	0.0182912	0.0205192	0.0239186	0.0416201	0.0153709	0.0465288	0.0787402	0.290934	0.00427922	0.0153011
55	0.0423008	0.0128516	0.00098148	0.00157731	0.197958	0.0218624	0.00237626	0.108144	0.00556035	0.29149	0.0467367	0.00155114	0.00187663	0.00711898	0.0169892	0.0133722	0.0222769	0.0909951	0.0585511	0.0554305
56	0.184996	0.0244654	0.0123672	0.0139154	0.0202189	0.275486	0.0131717	0.0356215	0.0123585	0.037869	0.0106271	0.0217206	0.0174774	0.013316	0.029376	0.123537	0.0702462	0.0660031	0.00703706	0.010191
57	0.0556604	0.015353	0.0043297	0.00528932	0.139988	0.0282995	0.00946444	0.106837	0.00463729	0.246444	0.053029	0.00597714	0.0135167	0.0107841	0.0130749	0.0304558	0.0352147	0.0929541	0.0689286	0.0597616
58	0.0312961	0.00194755	0.00200324	0.00189044	0.0691071	0.0105551	0.00201327	0.118286	0.00206015	0.173365	0.0269383	0.00303654	0.281313	0.00544156	0.00542621	0.0169971	0.0604926	0.168069	0.011797	0.00796496
59	0.0715113	0.0171016	0.00127748	0.00114542	0.0415744	0.0201446	0.00102184	0.268543	0.00230911	0.167311	0.0242738	0.000589922	0.00197428	0.000516105	0.000670845	0.00974919	0.0134568	0.352333	0.00135797	0.003138
60	0.203192	0.016252	0.00156059	0.00189928	0.0221759	0.0703956	0.0013854	0.151299	0.00169351	0.0820514	0.0309194	0.0027756	0.00637158	0.00311353	0.00498959	0.0385445	0.0736743	0.279463	0.00622847	0.00201409
61	0.196255	0.03081	0.000909051	0.00598481	0.00261051	0.059876	0.00431817	0.00701238	0.0010237	0.00419417	0.00363587	0.00952304	0.00719036	0.00155439	0.00292333	0.561308	0.0830098	0.0129023	0.00118454	0.00377498
62	0.130435	0.00814821	0.00126792	0.000881246	0.102484	0.0272058	0.000657585	0.121408	0.000487258	0.229906	0.0297087	0.00506404	0.00413004	0.00137667	0.00331653	0.0684714	0.0707621	0.182695	0.00559064	0.0060034
63	0.0527758	0.0136279	0.00187184	0.0026478	0.153768	0.0270614	0.00227605	0.143405	0.00271788	0.286262	0.0754012	0.00272561	0.00344223	0.00584312	0.0100194	0.0172964	0.0327755	0.114503	0.0228425	0.0287384
64	0.134035	0.0258219	0.0129391	0.0175719	0.00937651	0.0251414	0.00779938	0.0712686	0.00484394	0.0338059	0.0209399	0.0755237	0.0256273	0.034704	0.00940861	0.231841	0.186838	0.05654	0.00198011	0.0139947
65	0.0487213	0.0172851	0.00287695	0.00560737	0.0790495	0.0214727	0.00381646	0.143877	0.00119493	0.335509	0.104889	0.00578285	0.00739724	0.0101477	0.00587856	0.021629	0.0469504	0.0959154	0.0249036	0.0170959
66	0.0614441	0.0227285	0.000654306	0.000859134	0.14276	0.0178947	0.000566174	0.169837	0.000493044	0.298651	0.0408824	0.000859522	0.00148187	0.00222297	0.00436068	0.0165537	0.0301194	0.149673	0.0217234	0.0162348
67	0.0618856	0.0163241	0.00238067	0.00154855	0.0346672	0.0197868	0.000991147	0.290808	0.00347138	0.128459	0.0264776	0.00269077	0.00564966	0.00586524	0.00211124	0.0131467	0.0209453	0.35378	0.00263305	0.00637836
68	0.558668	0.0130524	0.00271942	0.00369625	0.010787	0.14	0.00178436	0.0226505	0.00153814	0.0164917	0.00602778	0.00178115	0.0117652	0.00252887	0.00412565	0.0994098	0.0549757	0.0443647	0.00170949	0.00192406
69	0.0630957	0.0187146	0.000767772	0.00109186	0.137664	0.0178052	0.000677964	0.167954	0.000513111	0.305952	0.0434496	0.00124342	0.00182407	0.00242715	0.00467752	0.0170507	0.030422	0.147732	0.0213398	0.0155972
70	0.339118	0.0520152	0.00132182	0.00234641	0.0233472	0.213098	0.00225129	0.0138294	0.00186138	0.0228659	0.00351666	0.00312575	0.0179122	0.00200956	0.0149537	0.195029	0.0488374	0.0377766	0.00189699	0.0028883
71	0.0470008	0.00607221	0.00457659	0.00703641	0.150649	0.0272294	0.00963014	0.0751284	0.0367265	0.250294	0.0889937	0.00901213	0.0129426	0.0326485	0.0733509	0.0205637	0.0259949	0.0508949	0.0272481	0.0440075
72	0.246369	0.0205514	0.00551848	0.0154155	0.0101284	0.0831262	0.0158342	0.00687884	0.00340219	0.00853596	0.00633863	0.0117396	0.0103366	0.00406797	0.0105424	0.452391	0.0609436	0.0162471	0.00405083	0.00758191
73	0.0674895	0.00162917	0.0910606	0.197441	0.0121511	0.0367724	0.0214789	0.0116455	0.0708157	0.0302456	0.0070772	0.0592448	0.016809	0.140903	0.0458323	0.0777144	0.0747217	0.0232201	0.00380182	0.00994645
74	0.0596945	0.0168647	0.00144148	0.0018639	0.0998077	0.017584	0.000817944	0.202212	0.00124443	0.278365	0.0595354	0.00181189	0.00278131	0.0023229	0.00417067	0.016767	0.0308978	0.173376	0.0145943	0.0138471
75	0.197845	0.091072	0.00986627	0.0111521	0.0193346	0.100817	0.0430463	0.0330011	0.0411178	0.0289822	0.0172586	0.019659	0.0143053	0.012697	0.0197137	0.110893	0.0491298	0.15335	0.0103971	0.0163625
76	0.135535	0.0169221	0.00800127	0.00874056	0.0394995	0.147992	0.0184314	0.00863316	0.0102498	0.0151949	0.0186162	0.0162774	0.0158118	0.006388	0.0610931	0.348966	0.0629758	0.0276323	0.00808242	0.0249578
77	0.197986	0.0277777	0.00363464	0.00754772	0.00562383	0.0539459	0.00518714	0.0180227	0.00203824	0.0128447	0.00919826	0.0258386	0.0121308	0.0067783	0.00486231	0.450309	0.123177	0.0219919	0.00337579	0.00772985
78	0.163154	0.0211241	0.0124186	0.0146261	0.0140695	0.393223	0.0168532	0.0150181	0.0128874	0.0177494	0.00529864	0.0228674	0.0169519	0.00993455	0.028627	0.149107	0.0405692	0.0298268	0.00673699	0.0089565
79	0.377093	0.0371289	0.00168383	0.0033143	0.0210262	0.236686	0.00173301	0.0160984	0.00168185	0.0224465	0.00432795	0.00209809	0.0157693	0.00214203	0.00953403	0.152514	0.0477437	0.0425395	0.00227061	0.00216932
80	0.051441	0.00815074	0.00630887	0.00699039	0.0381972	0.0191745	0.00401471	0.170262	0.0197348	0.160192	0.0327569	0.0162554	0.104425	0.0375767	0.0434894	0.0351064	0.0559415	0.166616	0.00951506	0.0138525
81	0.0116905	0.00522229	0.00279916	0.00681353	0.369889	0.00635592	0.0143016	0.0249572	0.00161521	0.0506885	0.0117414	0.00728262	0.0163313	0.00996194	0.00839371	0.030401	0.0232942	0.0184928	0.0579746	0.321794
82	0.0101296	0.00420028	0.00187798	0.00627241	0.379572	0.00410631	0.0143318	0.0221474	0.00126166	0.0468864	0.0106997	0.00680103	0.0113996	0.0106583	0.0077989	0.0308601	0.0224677	0.0143765	0.0638112	0.330341
83	0.0888602	0.0102433	0.00615184	0.0106305	0.148023	0.0267364	0.0150721	0.0268707	0.00579491	0.0635298	0.0245174	0.011856	0.0156156	0.0136528	0.0152084	0.0802627	0.0705947	0.0406812	0.150554	0.175144
84	0.0323267	0.00379308	0.000882253	0.00119047	0.283918	0.0339073	0.00476577	0.0487863	0.0131404	0.293894	0.0422171	0.00173287	0.00167392	0.0115227	0.0352833	0.0124087	0.0108749	0.0469547	0.0438277	0.0768995
85	0.255343	0.012436	0.00364156	0.00669598	0.0147834	0.0682345	0.0208108	0.0314517	0.00456966	0.0188227	0.0382222	0.00851781	0.0150508	0.00586877	0.0118369	0.165855	0.101051	0.102775	0.0730712	0.0409617
86	0.329121	0.05004	0.0013374	0.00268135	0.024274	0.213803	0.0028052	0.0123043	0.00190319	0.0220617	0.00396984	0.0029732	0.0174734	0.00194739	0.0156954	0.209596	0.0465715	0.0356659	0.00215239	0.0036235
87	0.05562	0.00985522	0.00471872	0.00952187	0.212691	0.0196296	0.0210137	0.0268419	0.00734324	0.0747981	0.0197445	0.00963836	0.012575	0.0127521	0.0198901	0.0564918	0.0401252	0.032024	0.140994	0.213731
88	0.0399343	0.0150622	0.00384354	0.00490189	0.0491636	0.013428	0.00145397	0.236149	0.00137068	0.240903	0.13793	0.00676242	0.00905533	0.00633058	0.00325425	0.026008	0.0516837	0.117118	0.0101385	0.0255085
89	0.0662644	0.102609	0.0109844	0.00635844	0.0343067	0.0261078	0.0161247	0.12244	0.00503307	0.0480221	0.024352	0.036252	0.00857681	0.0100244	0.00644623	0.191865	0.131628	0.102483	0.00470032	0.0454227
90	0.452879	0.0267086	0.00254623	0.00409924	0.0176695	0.181329	0.00205873	0.0238947	0.00231384	0.0227401	0.00657351	0.00256322	0.013997	0.00308605	0.00846134	0.115725	0.0588629	0.0488121	0.00283097	0.00284978
91	0.223976	0.0267867	0.0029478	0.00602968	0.0323649	0.234797	0.00325005	0.0713632	0.0028947	0.0722523	0.0180502	0.0039252	0.00954799	0.00413212	0.00623431	0.0711947	0.0473714	0.136805	0.0194956	0.00658129
92	0.0661586	0.022652	0.00470588	0.0161847	0.0532813	0.0240342	0.00920543	0.0973686	0.00407455	0.325861	0.0965314	0.0101069	0.0125315	0.0314323	0.00924153	0.0344922	0.0503565	0.0831624	0.0273081	0.0213111
93	0.0404354	0.0125571	0.00385837	0.00354973	0.0299861	0.0148058	0.00213294	0.298958	0.00612294	0.0688582	0.0249338	0.00666421	0.0284578	0.01592	0.00688534	0.0223619	0.0324042	0.349765	0.0197151	0.0116283
94	0.276194	0.0449738	0.00138175	0.00253078	0.0444202	0.16297	0.00228566	0.0491272	0.0019749	0.0643543	0.00991062	0.00648462	0.0141141	0.00271544	0.00962527	0.158724	0.0622678	0.0783543	0.00363028	0.00396129
95	0.223413	0.0378645	0.00141687	0.00315432	0.0305487	0.252739	0.00130225	0.085063	0.00130277	0.0729131	0.0146831	0.0020326	0.00546031	0.00286834	0.00447323	0.0459769	0.0536427	0.14941	0.0102458	0.00148968
96	0.0428585	0.0149148	0.00823198	0.00560465	0.0309159	0.0160833	0.00177745	0.253446	0.0067439	0.106653	0.0460812	0.0157726	0.0276521	0.0227831	0.0092995	0.0498422	0.0687441	0.245295	0.0041443	0.023156
97	0.634181	0.00398148	0.00291876	0.00419722	0.00793225	0.0840706	0.00196391	0.0296571	0.00173192	0.0157331	0.00705405	0.00180682	0.00851459	0.00288504	0.00249022	0.0721512	0.0653322	0.0493102	0.00190089	0.00218697
98	0.208221	0.0277257	0.000839885	0.00630019	0.0023283	0.0614737	0.00375902	0.00509353	0.00103981	0.00425538	0.00257024	0.00716087	0.0073864	0.00143188	0.00173276	0.569982	0.07515	0.0100945	0.000884591	0.0025699
99	0.0397061	0.0129862	0.00669504	0.00452256	0.0225952	0.0149322	0.00106638	0.287744	0.00818057	0.0583868	0.026869	0.0130746	0.0263353	0.030356	0.012204	0.0340478	0.052433	0.327719	0.00633108	0.0138152
100	0.0765427	0.0283444	0.145888	0.014818	0.00402694	0.0558758	0.0150182	0.0145359	0.0198752	0.0105302	0.0035456	0.26905	0.0102338	0.0103639	0.00992753	0.181756	0.11257	0.0098422	0.00405694	0.00319906
101	0.00929721	0.00351591	0.0017862	0.0062227	0.383771	0.00382732	0.013387	0.0223542	0.00129263	0.0450178	0.0106331	0.00711737	0.0121301	0.00985924	0.00739398	0.0300661	0.0227163	0.014714	0.0606221	0.334275
102	0.311381	0.0421479	0.00209099	0.00426413	0.0297331	0.247633	0.00275249	0.0154247	0.00275038	0.0306776	0.0042438	0.00247736	0.0178356	0.00214938	0.0120519	0.179101	0.0441664	0.0427771	0.0030616	0.0032808
103	0.172722	0.0676628	0.00400246	0.00454424	0.0575083	0.102718	0.00491414	0.0746959	0.00363365	0.130797	0.0377443	0.00784347	0.00801327	0.00696931	0.0203511	0.0794719	0.0641083	0.131437	0.0101512	0.0107123
104	0.30202	0.00881962	0.00533876	0.00837096	0.0133941	0.0482372	0.0124061	0.0140254	0.00619685	0.0191016	0.0228046	0.00953911	0.0341827	0.00989139	0.0107867	0.171108	0.0896276	0.0506908	0.094667	0.0687919
105	0.0738939	0.00535999	0.0335901	0.0167784	0.0195123	0.0762138	0.0128065	0.107772	0.0128506	0.111412	0.0157669	0.0656561	0.0184833	0.0653397	0.0496777	0.0512338	0.14293	0.0663377	0.00567977	0.0487056
106	0.111459	0.00716739	0.00542376	0.00848223	0.0689917	0.0288485	0.00970091	0.0667642	0.00332936	0.21595	0.0613784	0.0279958	0.034402	0.0212362	0.0110697	0.0684706	0.115904	0.0866661	0.0120501	0.0347105
107	0.0603632	0.0187232	0.000737652	0.000990498	0.137256	0.01688	0.000473892	0.173585	0.000449403	0.306654	0.0437231	0.00099458	0.00150467	0.00206716	0.00448651	0.0163301	0.0301328	0.14794	0.0210614	0.015647
108	0.152741	0.00476563	0.0364075	0.0474498	0.00842601	0.0786175	0.0262518	0.017061	0.0557961	0.0390239	0.0113742	0.0513612	0.0406085	0.0661323	0.0844233	0.156349	0.0860703	0.0241118	0.00412846	0.00890079
109	0.148657	0.00510038	0.0027585	0.00219701	0.0635747	0.0303086	0.00197316	0.0998359	0.000942506	0.198053	0.0351386	0.0123115	0.00929193	0.00505933	0.00456809	0.0883576	0.104003	0.179397	0.00249082	0.00598201
110	0.0429276	0.0140298	0.00356038	0.0049857	0.0587225	0.0168309	0.00164783	0.206257	0.00124226	0.275723	0.135224	0.00571951	0.00791161	0.00619125	0.00403263	0.0241049	0.0511891	0.104228	0.0138721	0.0216001
111	0.0554471	0.0113942	0.0159436	0.00782997	0.023709	0.0269371	0.00243602	0.226088	0.0101853	0.072895	0.0157967	0.0298509	0.0229562	0.0385509	0.0150297	0.0499179	0.0769835	0.279006	0.00309251	0.0159499
112	0.15247	0.00740517	0.00364184	0.00296951	0.059956	0.0448606	0.00278688	0.109992	0.00162649	0.180743	0.0304387	0.0192954	0.00835482	0.00807254	0.00782333	0.0860333	0.097114	0.164157	0.00352018	0.00873942
113	0.0589729	0.0208137	0.0125546	0.00991998	0.0256478	0.0348128	0.00375236	0.18032	0.0204281	0.131153	0.0259307	0.0310514	0.0323176	0.0428767	0.0174712	0.0405384	0.0704248	0.217177	0.00591217	0.017925
114	0.172394	0.0223795	0.00220169	0.00450606	0.0439146	0.122464	0.01861	0.00560775	0.00260926	0.00958774	0.0271884	0.00957087	0.0092549	0.00266463	0.0430732	0.361122	0.0644079	0.0340505	0.0154081	0.0289845
115	0.0522742	0.00473034	0.0857414	0.0272081	0.0583398	0.0997078	0.0100375	0.0141138	0.050791	0.0485215	0.00895325	0.0233454	0.108757	0.0138826	0.0338702	0.194333	0.12822	0.0210746	0.00864616	0.00745279
116	0.0706966	0.00207327	0.0869073	0.0741851	0.00691412	0.20706	0.0734768	0.0113402	0.0311589	0.02138	0.00426049	0.0770871	0.044616	0.0435445	0.0485141	0.103067	0.0574865	0.0160017	0.0097469	0.0104835
117	0.0533499	0.00950687	0.0161303	0.00982916	0.0315495	0.0676528	0.00555763	0.146367	0.00988892	0.127275	0.0224555	0.0678095	0.0178044	0.0384765	0.040887	0.0432323	0.104275	0.131478	0.00622446	0.0502494
118	0.123977	0.000707445	0.0470647	0.0709394	0.00507917	0.0856643	0.0320752	0.0148202	0.0739813	0.035136	0.00960288	0.0519052	0.0193315	0.0662839	0.146788	0.12232	0.0628587	0.0241299	0.0021889	0.00514652
119	0.0607151	0.00282901	0.0929337	0.0247123	0.0100629	0.0521923	0.00547699	0.00870636	0.0916019	0.0218501	0.0185802	0.058347	0.177421	0.0308739	0.0542224	0.0802074	0.186167	0.0145906	0.00378342	0.00472665
120	0.0560705	0.00326674	0.113903	0.0416839	0.00419671	0.302726	0.0387241	0.00933231	0.0207231	0.0145477	0.00334661	0.129464	0.0246935	0.0243312	0.0143681	0.116398	0.0458427	0.0112672	0.0161394	0.00897436
121	0.0634113	0.00619067	0.078549	0.0366842	0.0173321	0.17904	0.0617469	0.0424868	0.013666	0.0675363	0.0144151	0.0548876	0.0615461	0.0280469	0.0201149	0.103067	0.0746109	0.025817	0.0366367	0.0142136
122	0.0699494	0.0150479	0.00561557	0.007019	0.0781593	0.0575425	0.00702522	0.109125	0.00393046	0.269942	0.0887243	0.00951819	0.0106985	0.0144836	0.0115489	0.0300962	0.0598405	0.0885104	0.0383303	0.0248927
123	0.0376783	0.00376323	0.0657134	0.00643251	0.00847238	0.0141112	0.143425	0.0478705	0.0224581	0.0670348	0.0536081	0.066676	0.0097852	0.0857941	0.0552129	0.0524052	0.10871	0.139007	0.00463003	0.00721158
124	0.0508514	0.0101466	0.00990053	0.00711921	0.0464444	0.0258973	0.00391462	0.196466	0.00961841	0.125215	0.0297155	0.0234961	0.0289779	0.0446341	0.0277004	0.041954	0.0820462	0.209813	0.00686928	0.0192206
125	0.0575077	0.0173219	0.00110724	0.00190237	0.14012	0.018481	0.00124028	0.159987	0.00111331	0.305405	0.0549615	0.00184331	0.00258801	0.00402509	0.00628286	0.0165167	0.0327264	0.130474	0.0242349	0.0221619
126	0.19582	0.0363296	0.00095389	0.00381969	0.0506966	0.205991	0.000850846	0.11662	0.00138354	0.0968989	0.0214567	0.00123111	0.00458583	0.00254097	0.00208117	0.0230269	0.0331896	0.18792	0.0133367	0.00126804
127	0.0564799	0.0162035	0.00192721	0.00226587	0.105853	0.0208332	0.0011269	0.203776	0.000780082	0.276501	0.0749419	0.00271554	0.00355161	0.00297038	0.00414988	0.0185318	0.0370688	0.136843	0.0162064	0.0172746
128	0.0231137	0.083493	0.0346914	0.0202954	0.128287	0.0134932	0.0686864	0.0467756	0.00487618	0.0798662	0.0209578	0.00955254	0.00732436	0.00872919	0.00989686	0.0823789	0.0172569	0.0674981	0.0155784	0.257249
129	0.248822	0.0208353	0.000990248	0.00197644	0.0180731	0.114322	0.00112236	0.116962	0.000769562	0.0642072	0.0330619	0.00205229	0.00539864	0.00308274	0.00480837	0.0420386	0.0861363	0.225836	0.00860935	0.000895453
130	0.195597	0.0363208	0.000950805	0.00380647	0.0507475	0.206073	0.000849198	0.11667	0.00138354	0.0968433	0.0214945	0.00123237	0.00458518	0.00253773	0.00207453	0.0230167	0.0332226	0.187978	0.0133534	0.00126334
131	0.0611034	0.0178623	0.00059742	0.000783659	0.157995	0.018407	0.000584853	0.163552	0.00062006	0.29656	0.0402581	0.000858465	0.00132317	0.0021389	0.00477255	0.0165593	0.0305168	0.146997	0.0208956	0.0176144
132	0.0518031	0.0231912	0.00304591	0.00510458	0.0778808	0.0186545	0.00239387	0.175189	0.00196345	0.290821	0.0807781	0.00659523	0.00579957	0.00718354	0.00487027	0.0313132	0.0556043	0.123619	0.0167629	0.0174264
133	0.0615193	0.0190167	0.00057681	0.000712032	0.142594	0.0175077	0.000457886	0.171854	0.000445053	0.303509	0.0401162	0.000762017	0.00125993	0.00187668	0.00463654	0.0162249	0.0290906	0.150492	0.021474	0.0158742
134	0.109912	0.00750237	0.00323572	0.00265765	0.0538978	0.0213688	0.000817107	0.153897	0.000942902	0.233518	0.068832	0.0055644	0.00581612	0.00223754	0.00294479	0.0702424	0.0754662	0.167437	0.0042704	0.00943904
135	0.0872794	0.043278	0.0143917	0.0144386	0.043466	0.0313632	0.112279	0.027125	0.0276946	0.10461	0.0227743	0.0194767	0.0198347	0.0942395	0.0437771	0.0687479	0.0447095	0.0335541	0.0658946	0.0810667
136	0.314699	0.0346431	0.00254836	0.00434354	0.0221709	0.289909	0.00202131	0.0270454	0.00210229	0.0302311	0.00598761	0.00250794	0.0130671	0.00285359	0.00835476	0.11227	0.053347	0.0651411	0.00444093	0.0023162
137	0.142575	0.00777704	0.00146019	0.000857959	0.0731788	0.0253932	0.000517985	0.12824	0.000555887	0.225396	0.0296184	0.00516073	0.00437578	0.00141112	0.00317453	0.0712898	0.0714696	0.200371	0.00377186	0.00340598
138	0.061245	0.0190077	0.000655139	0.000840089	0.134988	0.0171824	0.000462796	0.17764	0.000438174	0.300433	0.0419693	0.000864307	0.00148926	0.00191743	0.00429963	0.0163357	0.028772	0.156596	0.0199971	0.0148667
139	0.0723853	0.0113795	0.0725802	0.0269673	0.0132875	0.0720299	0.03296	0.0231527	0.0278137	0.0280025	0.00859754	0.247051	0.0232757	0.0247883	0.0368389	0.131941	0.0907374	0.0264136	0.00693668	0.0228613
140	0.0839668	0.0983269	0.00403204	0.0036202	0.0208902	0.0284311	0.0147453	0.119158	0.00287342	0.0281215	0.0180699	0.0533308	0.00519499	0.0061376	0.00390623	0.261265	0.157865	0.0772	0.00220993	0.0106543
141	0.0319505	0.00429555	0.000865088	0.0013243	0.286669	0.0324959	0.00510403	0.0536569	0.0109173	0.279506	0.0435845	0.00176138	0.00206832	0.010763	0.0316886	0.0127867	0.01231	0.0481389	0.0419882	0.088126
142	0.0962434	0.00254211	0.0433231	0.0518216	0.00696524	0.275318	0.0530848	0.00858206	0.0509597	0.016213	0.00436736	0.0677866	0.0322274	0.0344132	0.0766333	0.109386	0.0353361	0.0149158	0.00676269	0.0131182
143	0.0719342	0.0161229	0.0031558	0.00218256	0.0382483	0.021589	0.00460716	0.264605	0.00371748	0.145994	0.0278873	0.00429819	0.00643102	0.005832	0.00333432	0.0183136	0.0256034	0.326422	0.00342892	0.00629239
144	0.0610676	0.000900479	0.0359653	0.0423314	0.0130635	0.0456754	0.162023	0.00479545	0.0800587	0.0247443	0.0020166	0.0580003	0.022747	0.0546425	0.166943	0.123945	0.0446939	0.0114597	0.00849644	0.0364316
145	0.0599988	0.0214234	0.000746972	0.00115706	0.137513	0.0169949	0.000684817	0.168115	0.000630621	0.303402	0.0425701	0.00109775	0.00169141	0.00257399	0.00441067	0.0171969	0.0301165	0.149834	0.0223726	0.0174697
146	0.0684496	0.0176037	0.00119701	0.00107806	0.0896161	0.0192419	0.00075164	0.216577	0.00113554	0.243545	0.0371598	0.00111607	0.00200622	0.00151235	0.0025877	0.0168262	0.0265556	0.232972	0.0109558	0.0091125
147	0.216449	0.00500337	0.0542366	0.0457181	0.0179148	0.0966361	0.0153551	0.0125661	0.0600607	0.0237567	0.00784869	0.0281555	0.0488906	0.0411901	0.0980661	0.13158	0.0634923	0.0210908	0.00637761	0.00561193
148	0.0323736	0.00381049	0.000925158	0.00141777	0.275893	0.0323477	0.00488165	0.0505015	0.0149311	0.293944	0.0416218	0.00190649	0.00184577	0.0113384	0.0377904	0.0131143	0.0110247	0.0491112	0.0445097	0.0767112
149	0.0582127	0.0179244	0.000980095	0.00142743	0.130607	0.0169233	0.000781213	0.171035	0.000689319	0.315325	0.0486004	0.00134257	0.0020738	0.00261417	0.00487537	0.016862	0.0303833	0.142483	0.020523	0.0163369
150	0.0689112	0.00477332	0.141103	0.0363958	0.00466135	0.145835	0.0258338	0.0132625	0.0243528	0.027556	0.00463661	0.174706	0.0235676	0.0398397	0.0181085	0.145792	0.0707649	0.0137697	0.00878415	0.00734572
151	0.036423	0.00344406	0.068224	0.00698852	0.00855287	0.0148623	0.148659	0.0469387	0.0244959	0.063372	0.0511082	0.0708091	0.0100715	0.0851763	0.0560427	0.054666	0.10485	0.133325	0.00474975	0.00724133
152	0.0606216	0.0189319	0.000639928	0.000747104	0.139862	0.0174856	0.000451217	0.176385	0.000610173	0.293672	0.0397324	0.000881141	0.0012973	0.00192832	0.00433465	0.0161903	0.0292206	0.160519	0.0204882	0.0160021
153	0.299401	0.0411432	0.00248656	0.00441026	0.0259511	0.249142	0.00323947	0.0175031	0.00253091	0.0328353	0.00584698	0.00463191	0.0161931	0.00279034	0.0119808	0.175116	0.0465123	0.0502134	0.00351505	0.00455666
154	0.248098	0.0145693	0.00137266	0.00155791	0.0124163	0.0769233	0.00126541	0.12191	0.000906571	0.05281	0.0394016	0.00284931	0.00690091	0.00389969	0.00623033	0.0474976	0.104957	0.248918	0.00625557	0.00126172
155	0.0552892	0.0197648	0.00101351	0.00117148	0.158005	0.0180815	0.00147142	0.147594	0.00164349	0.288518	0.0414925	0.0012689	0.00192052	0.00385817	0.00831782	0.0156431	0.0289322	0.124502	0.0468425	0.0346695
156	0.0339108	0.00673157	0.000989422	0.00184762	0.260981	0.0280712	0.00487203	0.0623956	0.00902276	0.275253	0.0408059	0.00228352	0.00265557	0.0102062	0.0259779	0.0135478	0.016099	0.055719	0.0598355	0.0887945
157	0.0812328	0.00222411	0.0537199	0.0706802	0.00934157	0.0677128	0.0800325	0.0254363	0.0558896	0.0329541	0.00991352	0.0729965	0.0223884	0.0759323	0.108878	0.115292	0.0632938	0.0270074	0.00736715	0.0177074
158	0.0781713	0.0167623	0.00131527	0.00109853	0.0422652	0.0200813	0.000987014	0.25914	0.00210614	0.169421	0.0251121	0.000662182	0.00226851	0.000586316	0.000890586	0.0144671	0.0171833	0.342896	0.00152615	0.00305871
159	0.0756363	0.0171537	0.00128551	0.00107466	0.0454861	0.0214964	0.00098343	0.260419	0.00219773	0.17072	0.0248885	0.000634982	0.0020721	0.000585531	0.000897338	0.0125324	0.0160928	0.340363	0.00199223	0.00348767
160	0.171794	0.0240398	0.00713817	0.00600969	0.0237812	0.250132	0.00466833	0.0795943	0.00446759	0.0549637	0.0148243	0.0114466	0.0117911	0.00907712	0.0109118	0.0790044	0.0902579	0.132764	0.00661318	0.00672124
161	0.193052	0.00734014	0.00263264	0.00149418	0.0358364	0.0462666	0.000882612	0.116098	0.00110947	0.123262	0.0279655	0.0115802	0.00822598	0.00498348	0.00712707	0.076447	0.115529	0.214768	0.00273229	0.00266719
162	0.135395	0.00696224	0.00151354	0.000849402	0.0834382	0.0306121	0.00056302	0.120508	0.000499983	0.223677	0.029849	0.00594763	0.00386767	0.00139446	0.00326828	0.0734287	0.0809087	0.188107	0.00487466	0.00433568
163	0.168538	0.00607328	0.00181215	0.000889819	0.0539848	0.0325665	0.000602605	0.112774	0.000598193	0.188538	0.0293169	0.00620957	0.00528325	0.00132884	0.00352991	0.083868	0.0834779	0.217808	0.00130993	0.00148989
164	0.0512476	0.0155748	0.00254666	0.00328734	0.0681971	0.0153772	0.00101627	0.221791	0.00123573	0.260346	0.0789467	0.0034251	0.00437665	0.00387065	0.0030875	0.0201479	0.0387071	0.181009	0.0107011	0.0151079
165	0.255024	0.0118604	0.00132002	0.00101294	0.0111678	0.0576776	0.00135016	0.121424	0.000857249	0.051108	0.037759	0.00336738	0.00763586	0.00320977	0.00682276	0.0529063	0.11576	0.25323	0.00536681	0.00113972
166	0.0723384	0.0169515	0.00132606	0.00114201	0.0401916	0.0204759	0.00104321	0.269452	0.00237267	0.164039	0.0240237	0.000634296	0.00200664	0.000577677	0.000645556	0.0101687	0.014124	0.354102	0.00124738	0.00313712
167	0.106382	0.0131128	0.00138838	0.000999963	0.05469	0.0223931	0.000748411	0.204709	0.00134508	0.195435	0.0285334	0.00240109	0.0030538	0.000824687	0.00174995	0.039593	0.0400693	0.277262	0.00237322	0.00293534
168	0.0698405	0.018253	0.00123103	0.00109535	0.0556963	0.0191058	0.000852831	0.250534	0.00186339	0.199213	0.0299871	0.000734797	0.00208628	0.000889754	0.00117342	0.0116993	0.0165265	0.309959	0.00446244	0.00479626
169	0.070671	0.00922215	0.00250155	0.00432159	0.0794661	0.0184937	0.0048673	0.10396	0.00199285	0.255178	0.0519164	0.00609263	0.108325	0.0112514	0.00737947	0.0346631	0.0582132	0.135718	0.0215759	0.0141911
170	0.165521	0.00534082	0.00182901	0.00106097	0.0627141	0.029388	0.000651172	0.10636	0.000635698	0.191272	0.0292302	0.00694114	0.00644892	0.00152777	0.00336811	0.0938902	0.0887561	0.202503	0.00101616	0.00154459
171	0.0654718	0.0198462	0.00493433	0.00371525	0.0589935	0.0302138	0.00123679	0.22811	0.00850037	0.153327	0.0263323	0.0067929	0.00773586	0.0096926	0.00465365	0.0230971	0.0300907	0.294643	0.00755594	0.0150571
172	0.413628	0.0244952	0.00258013	0.00434272	0.0149292	0.117436	0.00340522	0.0147997	0.00287348	0.0223235	0.00425147	0.00419803	0.0255616	0.00389465	0.00735484	0.246062	0.0492773	0.0295796	0.00400884	0.0049989
173	0.0582961	0.00238973	0.0851491	0.026939	0.00973735	0.0435479	0.00517441	0.00780952	0.0976298	0.0253471	0.0137385	0.0409905	0.195646	0.0394997	0.0664974	0.0681684	0.191221	0.0137899	0.00350912	0.00492005
174	0.0466468	0.00159664	0.113542	0.233834	0.0162601	0.0230746	0.0260287	0.00471206	0.0831276	0.0273159	0.00368527	0.0678112	0.014354	0.166203	0.0232376	0.054323	0.0603446	0.0210523	0.00434958	0.00850103
175	0.0600851	0.00172337	0.0279177	0.0326722	0.0136013	0.0363833	0.183943	0.00514886	0.0777251	0.026799	0.00242926	0.0563128	0.0235057	0.0520511	0.155763	0.126148	0.0520353	0.0110529	0.011512	0.0431913
176	0.0740315	0.00497175	0.0260264	0.0308151	0.0228529	0.0342801	0.126424	0.00833709	0.095264	0.0346374	0.00442847	0.0404397	0.0324668	0.11311	0.120895	0.101651	0.0481381	0.0136672	0.0219455	0.0456179
177	0.0348373	0.00240411	0.0761887	0.0260826	0.015582	0.0671737	0.00447451	0.0067656	0.0537534	0.0188367	0.00845489	0.0333069	0.206468	0.0160893	0.0468831	0.183479	0.179412	0.0121606	0.00396573	0.00368226
178	0.156255	0.00473456	0.00220115	0.00172052	0.0666077	0.0243817	0.00147223	0.105928	0.00107762	0.178699	0.0341645	0.00657777	0.0595743	0.00349142	0.0052201	0.0826536	0.0810577	0.176831	0.00350746	0.00384386
179	0.100017	0.000749363	0.0513273	0.0774469	0.0055957	0.0758309	0.0438167	0.0143582	0.0763564	0.0329334	0.00896833	0.0513202	0.0169174	0.0733397	0.148227	0.125183	0.060653	0.0255312	0.00319845	0.00822892
180	0.0117454	0.00527642	0.00192316	0.00751103	0.37147	0.00506805	0.0134325	0.0208874	0.00145896	0.0470315	0.0102763	0.00686472	0.0107941	0.00971114	0.00998516	0.0331423	0.0242986	0.0138447	0.0712541	0.324024
181	0.237886	0.0148413	0.00125124	0.00113991	0.0178969	0.0643602	0.00116639	0.119691	0.000895659	0.0729014	0.0356735	0.00328764	0.00705659	0.00276821	0.00710232	0.0542921	0.10105	0.250127	0.00547049	0.00114193
182	0.133627	0.011762	0.00151921	0.00222616	0.119069	0.0503251	0.00148382	0.112263	0.00147323	0.213547	0.0325461	0.00509394	0.00538962	0.00360271	0.00542363	0.0515247	0.0616844	0.16707	0.0101053	0.0102637
183	0.088655	0.0181934	0.00103651	0.0014603	0.0875856	0.0209191	0.00104488	0.173794	0.000846133	0.264941	0.0398799	0.00206252	0.00615538	0.00257095	0.00339122	0.0283777	0.0342687	0.204616	0.0115661	0.00863595
184	0.0564997	0.0193437	0.00208548	0.00254357	0.0882044	0.0160741	0.000743024	0.195196	0.000970546	0.288908	0.0633321	0.00214177	0.00317143	0.00299745	0.00313379	0.0195059	0.032321	0.174446	0.0143117	0.0140701
185	0.312417	0.0526428	0.00145853	0.00322209	0.0231122	0.244539	0.00272754	0.0140136	0.00241818	0.0244686	0.00404439	0.00335107	0.0156736	0.00210062	0.0122493	0.18681	0.0477577	0.0414727	0.00250428	0.00301688
186	0.059456	0.0186665	0.000854506	0.00128	0.133266	0.0169797	0.000720071	0.170013	0.000573837	0.312557	0.0464649	0.00121078	0.00184898	0.00268089	0.0045945	0.0165728	0.030472	0.144757	0.021209	0.0158223
187	0.0730236	0.0156486	0.00227959	0.00308584	0.0927281	0.023155	0.00205593	0.167322	0.00283134	0.265464	0.0494009	0.00422706	0.00764461	0.00587087	0.00605247	0.0268129	0.0397331	0.183037	0.0147815	0.0148462
188	0.051881	0.0180289	0.00466499	0.00910732	0.0497257	0.0273436	0.00619379	0.131416	0.00346357	0.314239	0.110936	0.0131161	0.0119267	0.0197698	0.00836405	0.0265157	0.0582846	0.0954867	0.0195072	0.02003
189	0.146886	0.0061842	0.0256393	0.0224413	0.0109324	0.0350008	0.00768979	0.0423758	0.0128268	0.0385199	0.0231127	0.0642462	0.0750165	0.0295206	0.0148185	0.173382	0.191659	0.0588337	0.00421611	0.0166987
190	0.0669701	0.0113544	0.017368	0.0105343	0.020599	0.0326475	0.0144482	0.152026	0.00951836	0.0830648	0.0201733	0.0502814	0.0237812	0.0704277	0.02205	0.0851901	0.124888	0.161269	0.00302296	0.0203861
191	0.025471	0.00848068	0.00354479	0.00720418	0.313869	0.0110662	0.0169629	0.0251321	0.0032883	0.0619486	0.0141212	0.00808444	0.011002	0.01181	0.0134825	0.0407829	0.02641	0.0213199	0.0843088	0.29171
192	0.176547	0.0494507	0.00160115	0.00489908	0.00804282	0.0605786	0.0062369	0.0364634	0.00161168	0.010605	0.0062526	0.0215235	0.00724259	0.00347006	0.00319172	0.461808	0.106548	0.0274092	0.00147564	0.00504271
193	0.0556115	0.0175408	0.00118135	0.00139163	0.125484	0.0164012	0.000516653	0.191696	0.000556584	0.284365	0.0593702	0.0018446	0.00252606	0.00246657	0.00436697	0.0181278	0.0330154	0.147012	0.0182915	0.0182341
194	0.0533462	0.0124959	0.00998858	0.00724384	0.0551595	0.0182714	0.00436317	0.164822	0.00241125	0.280714	0.105501	0.0104399	0.0094785	0.0100149	0.00576427	0.0402741	0.0713774	0.0902896	0.0137412	0.0343035
