403	20
1	0.030417	0.015111	0.00938555	0.00125898	0.000975238	0.000750521	0.000696939	0.224044	0.00202149	0.238558	0.187418	0.00116916	0.000447893	0.00185557	0.0043328	0.020984	0.0164299	0.243303	0.000224604	0.000616745
2	0.0389897	0.00218198	0.0185696	0.0182527	0.00148305	0.00779095	0.00457241	0.014953	0.0390571	0.0197143	0.00963834	0.0374978	0.00972931	0.0218105	0.0296941	0.268293	0.416097	0.0350652	0.00203917	0.00457124
3	0.0127942	0.00267316	0.000374253	0.00136267	0.0240726	0.000381436	0.000236276	0.369933	0.000698735	0.337886	0.0216775	0.00068576	0.00162431	0.00103333	0.00104577	0.00102334	0.0067532	0.212629	0.00012605	0.00299043
4	0.127174	0.00702949	0.042025	0.0187393	0.0266051	0.150488	0.002771	0.00806466	0.164522	0.0193256	0.00460297	0.0368281	0.000496088	0.105365	0.0926155	0.148352	0.0292024	0.014346	0.000327858	0.00111883
5	0.0148589	0.000182584	0.449465	0.321953	0.00764914	0.00648287	0.000303134	0.00443951	0.00865225	0.00596564	0.00614137	0.0507192	0.0150179	0.0562698	0.00577038	0.022933	0.0165663	0.000732223	8.49501e-05	0.00581316
6	0.0103301	0.00278589	0.00280266	0.00110359	0.315369	0.000665683	0.00274051	0.0933689	0.00419783	0.475512	0.034883	0.00284443	0.000337467	0.00319011	0.00108577	0.00173503	0.0111883	0.0222847	0.00575797	0.00781708
7	0.7117	0.0183407	0.000803996	0.00112848	0.000625243	0.0395901	0.00052216	0.00321703	0.00127541	0.00205152	0.000838949	0.0011022	0.000358068	0.000897356	0.0008037	0.190448	0.0147523	0.0100731	0.0001677	0.00130395
8	0.0482793	0.000231296	0.131459	0.357973	0.000407013	0.0186181	0.0137335	0.0147607	0.131013	0.0170551	0.0064417	0.033201	0.00899661	0.0836034	0.0281507	0.042788	0.0384834	0.022687	0.000110894	0.00200706
9	0.147553	0.000629708	0.0199689	0.0649801	0.00361887	0.0240178	0.00516401	0.0498749	0.18081	0.128262	0.0343534	0.0205566	0.00253009	0.0796714	0.0842802	0.0564759	0.0512586	0.034942	0.00148905	0.00956302
10	0.029227	0.0135729	0.00265474	0.00405226	0.0136167	0.00178388	0.0016881	0.335832	0.00326656	0.195477	0.209651	0.00248902	0.00101299	0.00418436	0.00278509	0.0187572	0.108277	0.049411	0.000493655	0.00176796
11	0.0130888	0.00386375	0.0607381	0.0426039	0.000473815	0.42929	0.0336873	0.00100275	0.0803552	0.00131572	0.0040432	0.192918	0.000411206	0.0298972	0.0306006	0.0666552	0.00162025	0.00398613	0.00011876	0.00332987
12	0.0543494	0.000222278	0.155601	0.3898	0.000534424	0.0191218	0.0108933	0.0142686	0.096953	0.0145425	0.0056963	0.0307383	0.00707606	0.078409	0.0194099	0.0436487	0.0279223	0.0280981	0.00012858	0.00258678
13	0.00894236	0.00167968	0.000239952	0.00108929	0.0295974	0.000194611	0.000160527	0.418629	0.000350676	0.346586	0.0237051	0.000288122	0.000808095	0.000310456	0.00115509	0.000410908	0.00508897	0.157529	3.95165e-05	0.00319523
14	0.00445733	0.00184197	0.000782911	0.00680281	0.00229176	0.000871897	0.000323287	0.555147	0.002811	0.10972	0.0490117	0.00058736	0.00457943	0.0140194	0.000566437	0.00184444	0.00837275	0.235288	0.000108065	0.000572288
15	0.125982	0.00127139	0.0254454	0.0404667	0.00322815	0.0544955	0.012027	0.0115958	0.221535	0.0434463	0.0428409	0.026879	0.00185636	0.0880937	0.0855222	0.103396	0.0752515	0.0340137	0.00024082	0.00241292
16	0.0445972	0.000287713	0.00891804	0.0903754	0.0230128	0.000697152	0.0333088	0.0895588	0.143999	0.0265456	0.0341626	0.0229623	0.000855605	0.0528548	0.0947452	0.0608014	0.0871805	0.123001	0.000177469	0.0619588
17	0.0196219	0.018723	0.00332497	0.00626003	0.248366	0.00124914	0.00882228	0.0845519	0.00351988	0.443093	0.0754887	0.00242682	0.000641523	0.00517677	0.00205524	0.00647814	0.0160904	0.0225732	0.00292447	0.0286129
18	0.0284181	0.00146968	0.00893262	0.00437632	0.356623	0.00383085	0.00173479	0.159129	0.0173273	0.234888	0.0769632	0.0113771	0.00066594	0.0120981	0.00183889	0.00571001	0.0181752	0.043015	0.0095232	0.00390328
19	0.0847789	0.0327573	0.006712	0.00190461	0.00149658	0.00118352	0.000938755	0.238202	0.00249205	0.20009	0.132849	0.00310053	0.000799422	0.00255928	0.00850373	0.0273184	0.0154403	0.237582	0.00029984	0.000991783
20	0.0870619	0.00425409	0.0247436	0.331144	0.00826336	0.0155518	0.00889878	0.0268949	0.0851072	0.0337811	0.011041	0.0109453	0.000556963	0.0942971	0.0361091	0.093314	0.0799104	0.046756	0.000182176	0.00118678
21	0.0689494	0.000867549	0.0123897	0.146475	0.0140354	0.0197731	0.00335402	0.17247	0.0703456	0.273842	0.0282247	0.0119282	0.00912945	0.0567279	0.0172971	0.0386434	0.0262895	0.0153184	0.00177187	0.0121677
22	0.0110002	0.000975957	0.000463598	0.000633198	0.0088204	0.000430333	0.000346177	0.228609	0.000672201	0.345206	0.00253372	0.00209937	0.0005059	0.000818904	0.000541611	0.000839439	0.000779876	0.391314	0.000100922	0.0033098
23	0.0824596	0.448719	0.00143819	0.00174369	0.010212	0.115666	0.00108838	0.0321089	0.00816591	0.0382042	0.013444	0.00165474	0.000686704	0.0017292	0.00136741	0.156574	0.0210433	0.0626044	0.000296369	0.000793956
24	0.118946	0.000179595	0.0719274	0.150335	0.00392827	0.035975	0.00785049	0.0110616	0.0763388	0.0839681	0.0523273	0.0577883	0.00647839	0.0987678	0.0507142	0.0927005	0.0494126	0.0272138	9.80592e-05	0.00398927
25	0.00490985	0.000409729	0.00236618	0.00522885	0.00477391	0.00100211	0.0148613	0.00333409	0.479279	0.00699534	0.00367606	0.0120852	0.00079885	0.013684	0.426456	0.00748521	0.00724221	0.00351969	0.000641774	0.00125054
26	0.180961	0.00847314	0.00510653	0.00127255	0.000563552	0.0047772	0.000663814	0.00140743	0.00119811	0.00183458	0.000979697	0.00103638	0.740729	0.00121507	0.00498997	0.0243037	0.0055184	0.00627407	0.00413763	0.00455805
27	0.180562	0.00850239	0.00503992	0.00126893	0.0005691	0.00480782	0.000675327	0.00148914	0.00122721	0.00196854	0.000984243	0.00102633	0.741022	0.00120788	0.0049392	0.0240784	0.00558452	0.00647072	0.00409289	0.00448395
28	0.00446911	0.000130403	0.000294949	0.000328847	0.00345902	0.000244047	0.00109665	0.495371	0.00040501	0.0174122	0.00177184	0.000300969	0.00223154	0.000358219	0.000268121	0.00293831	0.00172589	0.467018	4.74815e-05	0.000128715
29	0.00433564	0.00266866	0.000330726	0.000362233	0.00315675	0.000214596	0.00102412	0.41974	0.00040284	0.0113934	0.00141945	0.000339119	0.00215718	0.000666626	0.00029589	0.00317605	0.00314795	0.544934	5.76061e-05	0.000177297
30	0.0350085	0.0167226	0.00104518	0.00112301	0.000681754	0.00113483	0.000715343	0.0036428	0.00184385	0.0014466	0.000938375	0.00738805	0.000403415	0.00182583	0.00146409	0.0151834	0.845119	0.062998	0.000220085	0.00109525
31	0.00396871	8.57961e-05	0.000292466	0.000306694	0.00427641	0.000182378	0.0011549	0.472586	0.000310045	0.0140379	0.000916995	0.000256202	0.00277858	0.000336826	0.000254019	0.00349608	0.00202126	0.492557	5.09999e-05	0.000131098
32	0.00899401	0.00552772	0.00280813	0.0123712	0.0141225	0.00249824	0.0138486	0.0889116	0.0206071	0.392331	0.348213	0.0111854	0.00100139	0.0171274	0.0085838	0.0104263	0.0113816	0.0268084	0.000634453	0.00261761
33	0.0100109	0.000782458	0.00524908	0.00319818	0.000582396	0.921613	0.00468197	0.000635668	0.00294472	0.000817275	0.000903366	0.0302663	0.00134976	0.00137095	0.00372431	0.00876154	0.00183107	0.000810828	0.000174699	0.000291807
34	0.0216929	0.0073014	0.00395226	0.00800985	0.00524611	0.00553546	0.821613	0.0134499	0.0194436	0.00696041	0.00589925	0.0084169	0.00190231	0.0119493	0.00971677	0.020072	0.00690365	0.00796288	0.00088405	0.0130883
35	0.0497399	0.0104305	0.00236085	0.00475017	0.0031136	0.00246388	0.00195413	0.151427	0.00542361	0.0239848	0.00826221	0.00619843	0.00261797	0.00585907	0.00425368	0.0118474	0.060122	0.641803	0.000499709	0.00288787
36	0.00477015	0.000301403	0.905426	0.017339	0.000599457	0.00270336	0.000745788	0.00136348	0.00373155	0.00140643	0.000793315	0.0368618	0.000411011	0.00456184	0.00206348	0.0108714	0.00402916	0.00134315	0.000150779	0.000527214
37	0.0208686	0.00749174	0.0045441	0.00921908	0.00614495	0.00575999	0.812974	0.0134	0.0209922	0.00761056	0.00479251	0.00821636	0.00219541	0.0136262	0.0112226	0.0196083	0.00783967	0.00866905	0.00084037	0.0139846
38	0.00905187	0.0006251	0.00471293	0.0027099	0.000721007	0.920691	0.00472893	0.000734142	0.00379778	0.000911049	0.000926184	0.0308808	0.00133806	0.00185842	0.00389432	0.00921973	0.00198453	0.000864638	0.000104813	0.000244536
39	0.0134269	0.00129074	0.0102036	0.0213447	0.00295802	0.00398396	0.0135862	0.00770801	0.642334	0.0142917	0.00660084	0.0157816	0.0108819	0.0406054	0.154212	0.014329	0.0109218	0.010713	0.00124162	0.00358494
40	0.034144	0.0141969	0.00172393	0.00355372	0.00226967	0.00154655	0.00131776	0.00605667	0.00405183	0.00368453	0.00240189	0.00853917	0.00101475	0.00374184	0.00318241	0.0272069	0.824363	0.054723	0.000322181	0.0019595
41	0.0126907	0.000437109	0.0181729	0.0181557	0.000707628	0.00626221	0.000638674	0.00620233	0.038897	0.0125705	0.000870567	0.0321432	0.00656784	0.0125233	0.0297051	0.302761	0.484163	0.0123996	0.00355623	0.000575687
42	0.0211455	0.00181728	0.00475455	0.0142957	0.0112746	0.00131288	0.00103868	0.341839	0.0038768	0.229445	0.0495035	0.00266447	0.00184666	0.0214105	0.0021496	0.0209653	0.108933	0.153355	0.00180044	0.00657107
43	0.0167204	0.00431341	0.00190827	0.00351442	0.033073	0.00305508	0.000863559	0.253765	0.00516396	0.444328	0.0412413	0.00241716	0.000969806	0.00456871	0.00333641	0.0054271	0.00934449	0.161845	0.000548368	0.00359642
44	0.00701906	0.000729304	0.890213	0.0311808	0.000971758	0.00423056	0.00104101	0.00221111	0.00443318	0.00196346	0.00128475	0.0264832	0.00130466	0.00649831	0.00250593	0.00997108	0.00413068	0.0023223	0.000179948	0.0013255
45	0.228716	0.0216698	0.00253319	0.00307087	0.00179128	0.00166707	0.0127351	0.00404574	0.0843051	0.00371899	0.0028229	0.0150507	0.000950167	0.0031472	0.14956	0.117637	0.114461	0.0617269	0.000550638	0.16984
46	0.00937022	0.00201716	0.000313016	0.00136719	0.0292317	0.000399473	0.000258267	0.392232	0.0010262	0.368259	0.0266097	0.000593343	0.0008026	0.000817341	0.0013322	0.000677331	0.00497715	0.156377	0.000112585	0.00322618
47	0.00937634	0.00146813	0.00522216	0.0299259	0.00685703	0.0032368	0.0392292	0.0138605	0.339466	0.0129007	0.00774969	0.0277771	0.0010752	0.0422224	0.398588	0.027283	0.0147309	0.0109151	0.00186189	0.00625375
48	0.0301329	0.000377025	0.0476649	0.0569614	0.000625982	0.0159461	0.0489491	0.00769781	0.265535	0.0104998	0.00768056	0.200683	0.000340959	0.108213	0.0514727	0.129448	0.0125681	0.00438787	0.000207782	0.000608723
49	0.082852	0.000632074	0.0022166	0.0166555	0.00112736	0.00135143	0.00118995	0.00596803	0.00352731	0.00287115	0.00193142	0.00258435	0.00393177	0.00277262	0.00936785	0.288013	0.568294	0.00338936	0.000359716	0.000964515
50	0.00548229	0.0114255	0.000591734	0.000760582	0.00184092	0.000428528	0.000504559	0.231629	0.000707709	0.0109519	0.00549994	0.000569768	0.0011522	0.00206051	0.000547811	0.00420368	0.0103716	0.71091	8.02749e-05	0.000281229
51	0.390918	0.000536347	0.00121074	0.00175581	0.00118092	0.00123364	0.000947143	0.0861575	0.00195217	0.0135102	0.0139131	0.00163109	0.0139621	0.0085314	0.00747083	0.05489	0.206685	0.192444	0.000280409	0.000789655
52	0.363801	0.00030296	0.0827861	0.115563	0.00340515	0.0459909	0.00370175	0.0104522	0.031996	0.0197055	0.00410122	0.0390896	0.000267094	0.0189111	0.00716661	0.215523	0.0287063	0.007975	0.000130807	0.000424771
53	0.0302325	0.00108058	0.0236631	0.0295547	0.00268652	0.266553	0.0283428	0.00312363	0.178218	0.0124608	0.00421782	0.024516	0.000700385	0.09709	0.116666	0.114215	0.0589872	0.00497042	0.000346864	0.00237564
54	0.041394	0.000898972	0.13141	0.642766	0.00246693	0.0115904	0.00215259	0.00722509	0.0128349	0.00873127	0.00629153	0.0151542	0.00399576	0.0634281	0.00842848	0.0200665	0.00972242	0.00851497	0.000442405	0.00248567
55	0.405566	0.00284743	0.0188617	0.0202918	0.148542	0.00288457	0.037771	0.00601704	0.0369959	0.00818598	0.0189001	0.00395975	0.00156233	0.00463384	0.0034085	0.125883	0.00597392	0.0976734	0.000589595	0.0494519
56	0.074615	0.00211398	0.0202101	0.0176637	0.00145231	0.731414	0.00462185	0.00234346	0.0159169	0.00411817	0.00519214	0.0303037	0.00256148	0.00925557	0.0200474	0.0405236	0.0129456	0.00377387	0.000251429	0.000675658
57	0.00677038	0.000861458	0.011345	0.00853794	0.000404716	0.854467	0.00749574	0.000898998	0.00980641	0.00143592	0.00198774	0.0659233	0.00189887	0.00229558	0.00715078	0.0144267	0.00250749	0.00117048	0.0001374	0.000477845
58	0.00544456	0.00144102	0.00128659	0.00371819	0.0048483	0.00233167	0.000890285	0.602036	0.00391224	0.0949222	0.0220853	0.00183617	0.000796426	0.00278269	0.0022619	0.0030913	0.0101574	0.234182	0.000186037	0.00178988
59	0.0328544	0.0146538	0.00182514	0.00265255	0.00110178	0.0021085	0.00101537	0.00521216	0.00319229	0.00255023	0.00399099	0.00911188	0.00114216	0.00343061	0.00322363	0.0256377	0.830481	0.0540215	0.000447423	0.00134683
60	0.0265427	0.00408442	0.0212118	0.0352637	0.0100778	0.00982751	0.00859242	0.0138002	0.021426	0.0153604	0.00989349	0.0151959	0.00616982	0.714676	0.0128593	0.0233621	0.0226398	0.0206394	0.00134061	0.00703669
61	0.183829	0.00200575	0.0194635	0.0517174	0.00236867	0.022324	0.289906	0.0066817	0.129504	0.0136595	0.0109567	0.0322712	0.00142369	0.0289953	0.0283334	0.128063	0.035699	0.0102706	0.000691247	0.0018371
62	0.0113031	0.00160189	0.00211565	0.0100549	0.0060816	0.00659103	0.0012646	0.439304	0.00615539	0.105897	0.0150342	0.00239445	0.00565027	0.0104071	0.00336693	0.00738835	0.0675431	0.296032	0.000360392	0.00145359
63	0.204959	0.00181629	0.023296	0.0214735	0.00310999	0.528626	0.00262557	0.00366667	0.0135835	0.0109341	0.00493235	0.0281474	0.00387029	0.0176389	0.0203693	0.0731044	0.0312308	0.00507498	0.000321569	0.00121951
64	0.733305	0.0159559	0.00281177	0.00455635	0.00129546	0.0389891	0.000717656	0.00756986	0.00399701	0.00562003	0.00179031	0.00253471	0.000731255	0.00272431	0.00103304	0.132212	0.0187471	0.0221371	0.000204141	0.00306813
65	0.00360672	0.000751622	0.00193944	0.00228593	0.0868269	0.00153637	0.0476171	0.0107659	0.00271291	0.00336588	0.00199199	0.00225013	0.00673744	0.0031736	0.0020836	0.031015	0.00306302	0.00369696	0.000554878	0.784025
66	0.00234764	0.000710543	0.000341805	0.000642625	0.000639624	0.00160678	0.000220967	0.639714	0.00113527	0.0943654	0.0117604	0.000560856	0.000135865	0.000968282	0.000342106	0.000607305	0.00773042	0.235921	4.91283e-05	0.000200095
67	0.0346973	0.0165254	0.00102744	0.0011166	0.000676818	0.0011205	0.000711172	0.00382021	0.00183588	0.00143857	0.000919675	0.00760624	0.000396729	0.00181298	0.00146514	0.0152474	0.844033	0.0641547	0.000220108	0.00117412
68	0.0169186	0.00602589	0.011496	0.0104156	0.659706	0.00545123	0.00588914	0.0243103	0.0256745	0.0445317	0.0279961	0.0204087	0.00213149	0.0301594	0.00900121	0.0200206	0.0264549	0.0258114	0.00383619	0.0237607
69	0.00890033	0.00169746	0.000240405	0.001097	0.0298668	0.000189232	0.000158096	0.416941	0.000347415	0.347238	0.0237285	0.000287748	0.000803509	0.000304065	0.00117104	0.000408048	0.00512387	0.158269	3.9445e-05	0.0031895
70	0.00539605	0.000255424	0.894177	0.0306506	0.00156482	0.00420608	0.00114566	0.00143897	0.00342799	0.00166794	0.000757359	0.0310497	0.000836396	0.00419929	0.00290662	0.00943886	0.00409073	0.00166211	0.000272664	0.000855808
71	0.0338941	0.0145072	0.00192751	0.00290677	0.00101191	0.00174283	0.00103014	0.0062617	0.00366624	0.00425213	0.00229892	0.0116439	0.00123459	0.00403168	0.00258669	0.0251769	0.825897	0.0543125	0.000410113	0.00120768
72	0.156802	0.00748295	0.0064102	0.0169097	0.000909849	0.00658205	0.00189386	0.00384146	0.00392126	0.00461927	0.00249339	0.00137326	0.722521	0.0050969	0.00544282	0.0270835	0.00773303	0.00922434	0.00340951	0.00624936
73	0.00821063	0.000409043	0.00449417	0.00257001	0.000448405	0.924571	0.00489513	0.000665585	0.00298767	0.000884499	0.000988691	0.0310827	0.00138805	0.00137416	0.00377218	0.00829238	0.00161789	0.000841579	9.09868e-05	0.000415579
74	0.0202464	0.00716701	0.00546538	0.0103183	0.00464814	0.00619785	0.811794	0.0125122	0.0226655	0.00759122	0.00501593	0.00959224	0.00204566	0.0132008	0.0132946	0.019987	0.00799359	0.00826242	0.00100165	0.0110003
75	0.391427	0.00223089	0.00616199	0.485842	0.00333738	0.00422317	0.00357804	0.00761544	0.00688234	0.00791551	0.00486203	0.00585931	0.00232145	0.0303867	0.00539836	0.00958818	0.00897259	0.00921133	0.000939471	0.00324691
76	0.293545	0.00789107	0.00325525	0.00668268	0.00637207	0.00383145	0.00126392	0.153521	0.0060152	0.0888309	0.0195103	0.00479639	0.0092651	0.0108355	0.0059233	0.0408356	0.12138	0.212981	0.000717793	0.00254483
77	0.0160159	0.0053652	0.0116511	0.00916662	0.683618	0.0072571	0.0046443	0.0180324	0.0244054	0.035513	0.0268259	0.0206484	0.00379097	0.0319843	0.00914679	0.0215986	0.0253449	0.0206327	0.00311471	0.0212432
78	0.0186258	0.0015379	0.0265245	0.0145592	0.00192089	0.0190149	0.00262268	0.00690576	0.0277482	0.0210196	0.00351319	0.0304678	0.00561946	0.0223188	0.0215332	0.382713	0.376449	0.0123927	0.00277777	0.00173558
79	0.283409	0.000274003	0.0217166	0.114507	0.000511937	0.0107022	0.0190717	0.00678944	0.102024	0.0124507	0.0214638	0.0310917	0.000307069	0.0703764	0.0227295	0.170198	0.0957403	0.0160864	0.000111309	0.000438732
80	0.00900062	0.0082942	0.00178448	0.00792315	0.0241121	0.00182476	0.0044546	0.143198	0.0106151	0.469493	0.252596	0.00404314	0.000595054	0.00789484	0.00566191	0.004763	0.0064552	0.0328542	0.000559149	0.00387776
81	0.0143171	0.00264378	0.00682906	0.0104581	0.00616326	0.0186299	0.0149472	0.016846	0.113951	0.0151985	0.00820193	0.0121505	0.00307163	0.0154589	0.676792	0.0275787	0.0122337	0.0184356	0.00117422	0.00491905
82	0.485008	0.000947573	0.00236503	0.0465752	0.0103425	0.00159303	0.00325222	0.0265328	0.0165631	0.0558416	0.0456213	0.00221269	0.000928268	0.0665284	0.00298966	0.176002	0.0427404	0.0101715	0.00124592	0.00253854
83	0.019453	0.00274859	0.00796454	0.0232884	0.010536	0.0107071	0.0113985	0.0639941	0.132453	0.0399225	0.0157871	0.0119681	0.00288043	0.0221445	0.501737	0.0263726	0.0216913	0.065652	0.00164164	0.00765972
84	0.00754298	0.000522868	0.00447174	0.00262563	0.000574161	0.922143	0.00523307	0.00080399	0.00424789	0.00140519	0.0012246	0.0300565	0.00177675	0.00153563	0.00451684	0.0083665	0.00186035	0.000723347	8.07275e-05	0.000287732
85	0.685529	0.022606	0.00142388	0.00188051	0.000742561	0.0978935	0.000727865	0.00414053	0.00208914	0.00467443	0.00111249	0.00171911	0.00101903	0.00145978	0.00169238	0.0934955	0.0502603	0.0250052	0.000125483	0.002403
86	0.0290905	0.000444017	0.044962	0.0572462	0.00100523	0.0132873	0.0438174	0.0107313	0.279324	0.00970604	0.0105797	0.190325	0.000692705	0.107448	0.0576266	0.121855	0.0138664	0.00667303	0.000330743	0.000989264
87	0.172592	0.0181797	0.000431156	0.000570361	0.00791787	0.00439434	0.000332832	0.155849	0.00064938	0.0313029	0.0174095	0.00101102	0.000190068	0.000613557	0.000527933	0.0158668	0.0162153	0.555609	8.10456e-05	0.000257146
88	0.519035	0.0219934	0.00453818	0.00460752	0.00151611	0.119996	0.0011053	0.00439335	0.00254025	0.0049535	0.00200886	0.00385109	0.0015346	0.00282699	0.00211587	0.0850563	0.19143	0.0239174	0.000301503	0.00227773
89	0.00489209	0.000281039	0.901128	0.0147717	0.000509104	0.00430573	0.000905973	0.00161768	0.00290575	0.00137683	0.0010044	0.0384723	0.000506825	0.00489472	0.00265992	0.0123789	0.00470376	0.00148713	0.00018879	0.00100888
90	0.00303071	0.00250698	0.000240442	0.00110459	0.00148462	0.000348145	0.000199939	0.566441	0.00298112	0.089883	0.0377913	0.00030425	0.000234784	0.00270413	0.000289533	0.000667511	0.0038403	0.28572	5.10472e-05	0.000176789
91	0.181364	0.0185247	0.000481137	0.000614084	0.00715712	0.00425192	0.000369137	0.142969	0.000697812	0.0286812	0.0148981	0.000987561	0.000901377	0.000639758	0.000530652	0.0172271	0.0173886	0.561954	8.68103e-05	0.000275538
92	0.00422235	0.000906619	0.000292326	0.000313951	0.00367328	0.000171679	0.0010751	0.462376	0.000350502	0.0126369	0.00074404	0.000303897	0.00239484	0.000339175	0.000271538	0.00306611	0.00208063	0.50458	5.63743e-05	0.00014497
93	0.00613417	0.00138538	0.000240564	0.000940447	0.0174163	0.000497467	0.000162563	0.504673	0.000830606	0.251055	0.0222796	0.000329665	0.000522256	0.000686229	0.000805412	0.000477444	0.00520563	0.184233	4.30493e-05	0.00208205
94	0.00446981	0.00393653	0.000361331	0.000495457	0.00306401	0.000292793	0.000870014	0.405627	0.000531163	0.0172915	0.00246978	0.00038142	0.00179001	0.000783864	0.000319792	0.00307775	0.00471203	0.549291	6.16278e-05	0.000173452
95	0.00429814	0.0026545	0.000362701	0.000639597	0.00340808	0.000385442	0.000948412	0.454833	0.000639937	0.0220223	0.00478093	0.000377128	0.00201735	0.000821044	0.00039112	0.00291936	0.00407298	0.494076	4.93746e-05	0.00030216
96	0.712839	0.0187783	0.00209003	0.00243958	0.000578243	0.0645895	0.000598675	0.00446561	0.00257532	0.00383894	0.00100631	0.00174343	0.000616537	0.00141483	0.00108689	0.135641	0.0258724	0.017539	0.000136931	0.00214951
97	0.66771	0.0261121	0.00143525	0.00281937	0.00633847	0.0377194	0.00138412	0.0345334	0.00567294	0.0114753	0.00553282	0.00308848	0.0104439	0.00299438	0.00186492	0.0748144	0.0159552	0.0844584	0.000582325	0.00506527
98	0.00699601	0.000355529	0.881927	0.032582	0.000825273	0.00264435	0.000949468	0.00159947	0.00579441	0.00123255	0.00102205	0.032128	0.00100957	0.0069456	0.00255309	0.0119901	0.00703954	0.0015267	0.000131759	0.000748086
99	0.00775531	0.00026961	0.846022	0.0770704	0.00109787	0.00226909	0.000868412	0.00182864	0.00530336	0.0019373	0.00125392	0.0226905	0.00216167	0.00924976	0.00230426	0.00915291	0.00532572	0.00204	0.000261896	0.00113739
100	0.04616	0.0249953	0.0563352	0.0311567	0.00734545	0.452419	0.0110964	0.00766619	0.0487453	0.0107271	0.00888314	0.0693396	0.00232542	0.0480162	0.0292121	0.114945	0.0167014	0.0104468	0.00063225	0.00285207
101	0.0048832	0.00502253	0.000421093	0.00122113	0.003892	0.000406673	0.000232615	0.481581	0.00301051	0.107514	0.0354947	0.000368315	0.000376206	0.00308198	0.000502747	0.00134533	0.00542503	0.344605	7.10855e-05	0.000544513
102	0.0115491	0.000965083	0.00434785	0.0236557	0.00333645	0.00242621	0.0157995	0.00909861	0.561317	0.0189538	0.0518762	0.0147863	0.00414165	0.0719205	0.164102	0.0124672	0.0105322	0.00847452	0.00128428	0.00896512
103	0.0534796	0.00146672	0.0442679	0.146206	0.0029202	0.017761	0.00856824	0.00668393	0.0195102	0.0119478	0.0266305	0.0112076	0.49077	0.0738939	0.00813085	0.0424033	0.0113744	0.00872978	0.00097364	0.0130748
104	0.02448	0.00374466	0.0161053	0.0284685	0.00875568	0.00918925	0.00874609	0.0169752	0.0269403	0.0171174	0.00941204	0.0139846	0.00550563	0.721609	0.0160377	0.021188	0.0229628	0.0210317	0.00172957	0.00601668
105	0.0347107	0.0148872	0.00196068	0.00351976	0.001441	0.00188388	0.00137299	0.00540279	0.00530886	0.00411104	0.00275064	0.00836826	0.00117834	0.0038644	0.00359418	0.0261041	0.825401	0.052293	0.000398724	0.0014483
106	0.0218634	0.000735484	0.00173594	0.0744687	0.00113321	0.00147324	0.00126226	0.39755	0.133593	0.0937449	0.010601	0.00216263	0.00068496	0.0257568	0.0450451	0.00335561	0.00283309	0.180357	0.00035592	0.00128804
107	0.028583	0.000504581	0.193737	0.640283	0.00114488	0.00976514	0.00164724	0.00428802	0.00901006	0.00559358	0.00320371	0.0159543	0.00174692	0.0465394	0.00461571	0.019563	0.00707462	0.00539314	0.000257542	0.00109481
108	0.694542	0.0320316	0.00151267	0.00220634	0.00421869	0.022441	0.00136447	0.0238232	0.00562487	0.00703516	0.00282521	0.00311814	0.00129266	0.00210719	0.00179405	0.110504	0.0116623	0.0658603	0.000331782	0.00570442
109	0.00760957	0.00129791	0.000319976	0.00112311	0.0212513	0.000261343	0.000203957	0.495877	0.000532338	0.294341	0.0284664	0.000365746	0.000713059	0.000599815	0.00101914	0.00056507	0.00428709	0.137695	7.3597e-05	0.00339758
110	0.0933908	0.0015098	0.189895	0.042757	0.00216354	0.00235055	0.0535317	0.01653	0.0555123	0.00453941	0.0160456	0.0994422	0.00104949	0.0562355	0.016784	0.335624	0.00532294	0.0050795	0.000514068	0.00172351
111	0.0132966	0.0256859	0.00447592	0.021331	0.0236062	0.00364922	0.539852	0.0393256	0.0156339	0.0540391	0.0135453	0.015253	0.00192915	0.0525063	0.021599	0.0130177	0.00919743	0.0216792	0.000971376	0.109407
112	0.805276	0.0168703	0.000784319	0.00117915	0.001749	0.0217619	0.000905317	0.0166536	0.00525283	0.00589913	0.000874233	0.00308684	0.000504247	0.000888468	0.000813015	0.0636905	0.00855273	0.0373205	0.000185227	0.00775226
113	0.0114421	0.000754199	0.00553036	0.0153494	0.00366696	0.000701246	0.0186904	0.0057749	0.586217	0.0142414	0.00669896	0.0218425	0.000379569	0.0534665	0.218931	0.0153429	0.011389	0.00439615	0.00169485	0.00349078
114	0.370491	0.000337128	0.0809404	0.111576	0.00413475	0.0428984	0.00389164	0.010117	0.0325257	0.0195842	0.00419281	0.0400825	0.000315472	0.0198321	0.00712444	0.21432	0.0285058	0.00855827	0.000141675	0.000431017
115	0.371782	0.00538263	0.0127222	0.0252364	0.0706838	0.0118722	0.0579502	0.018853	0.0243555	0.0546628	0.0186936	0.0109887	0.00515197	0.0250943	0.0155453	0.183706	0.0265222	0.036767	0.00270714	0.0213233
116	0.00336933	0.000733775	0.0845809	0.112602	0.00111818	0.2904	0.00146534	0.00253574	0.106823	0.00245582	0.00183669	0.329816	0.000934543	0.0476437	0.00212617	0.00433284	0.0028616	0.00295689	0.000306864	0.00110082
117	0.0386112	0.00255311	0.00389964	0.012805	0.00722922	0.00111668	0.000944624	0.245788	0.00778642	0.148716	0.0343732	0.00322629	0.00673194	0.0177115	0.00421356	0.0169631	0.126605	0.31599	0.00108792	0.00364684
118	0.043107	0.000840044	0.0281722	0.0843176	0.00514192	0.00865532	0.00921931	0.00512231	0.259983	0.0125324	0.00809335	0.0509008	0.0445884	0.131144	0.0484942	0.0710645	0.178266	0.00776283	0.000439646	0.00215491
119	0.00508199	0.00232279	0.00101314	0.00127456	0.00281408	0.000359176	0.000363574	0.598923	0.00203256	0.147788	0.0510174	0.000595941	0.000295394	0.00190755	0.00111888	0.00201107	0.00570861	0.17372	0.000198087	0.00145446
120	0.00292277	0.00207157	0.000267455	0.000862086	0.00135391	0.000699314	0.000207648	0.576635	0.00254419	0.0856881	0.0297022	0.000315756	0.00036501	0.00214817	0.000284489	0.000800808	0.00490571	0.288011	4.80445e-05	0.000166963
121	0.00760673	0.00142531	0.000774935	0.00278517	0.0668604	0.00101463	0.000742745	0.358774	0.00151818	0.154119	0.0133169	0.00114097	0.00309709	0.0015274	0.00123557	0.00424711	0.0083258	0.353979	0.00198455	0.0155245
122	0.315813	0.12847	0.010281	0.00581563	0.147092	0.0230402	0.00603353	0.0412182	0.00681682	0.0134595	0.0169657	0.0139852	0.00180396	0.00446824	0.0029339	0.0685847	0.0419227	0.135872	0.000909083	0.0145148
123	0.00304529	0.00257981	0.000235391	0.00105161	0.00149187	0.000366633	0.000194681	0.559395	0.00317866	0.0904345	0.0375365	0.000323385	0.000267352	0.00268493	0.000281414	0.00064296	0.00402019	0.292057	4.70624e-05	0.000165897
124	0.0330086	0.00460245	0.026519	0.0227992	0.00809417	0.0103601	0.00863111	0.0246348	0.0319441	0.0190279	0.013987	0.395102	0.00495393	0.0208339	0.0173564	0.0869224	0.231975	0.0300128	0.00205902	0.0071759
125	0.0170543	0.00234722	0.0100712	0.0176609	0.00393897	0.0043346	0.0121369	0.00818108	0.631928	0.0130184	0.00710133	0.0173776	0.00854861	0.0393706	0.158305	0.0174417	0.0139068	0.0111443	0.00130444	0.00482815
126	0.0059615	0.0700671	0.00305693	0.00351558	0.00177855	0.00216053	0.00198725	0.372678	0.00396652	0.00558902	0.303512	0.00340261	0.00129653	0.00442828	0.00322762	0.0177553	0.0181504	0.175223	0.000503071	0.00173954
127	0.00766367	0.000276578	0.890372	0.0286933	0.000706674	0.00237726	0.000785689	0.0020392	0.003919	0.00230256	0.00124976	0.0271516	0.00110559	0.0079402	0.0022538	0.0118085	0.0055002	0.00272663	0.000155044	0.000972506
128	0.0124587	0.00101899	0.0028001	0.00645207	0.0063579	0.00167689	0.0139886	0.0305618	0.38499	0.17898	0.0198973	0.00382584	0.00102333	0.0239581	0.237979	0.00559902	0.0169741	0.0467038	0.00100349	0.00375149
129	0.0427837	0.000835836	0.016132	0.173443	0.00159222	0.0194516	0.009513	0.00290966	0.0114857	0.00301056	0.0156052	0.00232791	0.611603	0.0340821	0.00201477	0.0288292	0.00307386	0.00309198	0.000476948	0.0177384
130	0.05642	0.000415445	0.157932	0.19955	0.00070062	0.253364	0.000610695	0.0131026	0.013296	0.00151962	0.00493118	0.0902219	0.00044076	0.0330062	0.00125504	0.0775869	0.0774812	0.0132842	0.000195689	0.0046858
131	0.639703	0.0106671	0.00371754	0.00488417	0.00399885	0.0118066	0.00321401	0.0479035	0.0380469	0.00894061	0.00464284	0.0182274	0.00234587	0.00533666	0.00519552	0.0841543	0.0282128	0.0554879	0.00078299	0.0227318
132	0.00412189	0.000905612	0.372468	0.0048447	0.00146386	0.0162526	0.00146347	0.00310285	0.0113878	0.00306392	0.00192595	0.40249	0.00119175	0.0524996	0.0194804	0.0888087	0.0091295	0.00339339	0.000419056	0.00158764
133	0.0237402	0.00226842	0.00600671	0.0357255	0.0103786	0.00120879	0.0018954	0.276422	0.00877166	0.145541	0.0391403	0.00520936	0.0212877	0.0414749	0.0041523	0.0222985	0.080941	0.270775	0.000561457	0.00220048
134	0.0148803	0.000189395	0.445915	0.3245	0.00750983	0.00661002	0.000299056	0.00438681	0.00850033	0.00597562	0.00643844	0.051027	0.0148943	0.0573459	0.00577205	0.0227419	0.0164507	0.000775637	8.16954e-05	0.0057061
135	0.015921	0.000952938	0.00646531	0.0154844	0.00865258	0.00063101	0.0256398	0.00666821	0.395998	0.0245349	0.0160658	0.0299171	0.000268303	0.0309746	0.387332	0.0120502	0.00865029	0.0081996	0.00137395	0.00421962
136	0.00226883	0.00068533	0.000342443	0.000610751	0.0026073	0.00220387	0.000387521	0.579303	0.00150728	0.0771555	0.0104452	0.000500941	0.0016381	0.00101011	0.000400919	0.00217335	0.0113526	0.305144	6.0676e-05	0.00020185
137	0.00738152	0.00103345	0.00274041	0.0165885	0.00342402	0.00231103	0.00267048	0.0322286	0.335493	0.0748161	0.249898	0.00298004	0.00127153	0.0218729	0.157365	0.00568069	0.0166294	0.0084347	0.000582323	0.0565984
138	0.0260653	0.00110887	0.0192633	0.0665438	0.00187767	0.0936411	0.00363539	0.0252379	0.0743298	0.0328651	0.0167949	0.0896458	0.00137162	0.210224	0.0726624	0.112751	0.142901	0.00595497	0.00054586	0.00258011
139	0.044672	0.000655529	0.061382	0.610672	0.00104201	0.019248	0.0011149	0.002263	0.00269088	0.00280699	0.00738443	0.00753446	0.000684768	0.212274	0.00900641	0.00927417	0.00285325	0.00322305	0.000257396	0.000960119
140	0.0240704	0.0107861	0.00265738	0.0103264	0.0664311	0.00551039	0.00175455	0.164465	0.00761693	0.502951	0.12174	0.00456932	0.000621492	0.0108576	0.00386295	0.00892312	0.00967512	0.0376763	0.000839843	0.00466429
141	0.011656	0.0118273	0.00188594	0.0400816	0.0490641	0.001505	0.273941	0.0323813	0.0287065	0.122204	0.0253174	0.0288294	0.000710924	0.0704777	0.0417121	0.0114945	0.00331468	0.0346855	0.000300705	0.209904
142	0.00333926	0.000982108	0.115166	0.151301	0.00107927	0.515674	0.00117475	0.00260395	0.00958508	0.00265871	0.0020162	0.145101	0.000792508	0.0274088	0.00220682	0.011617	0.0031051	0.00288084	0.000363626	0.000944265
143	0.00858493	0.00141493	0.000334228	0.000780006	0.0163124	0.000349282	0.000298176	0.325809	0.00144634	0.292227	0.0127601	0.00117706	0.00152759	0.000839663	0.000698292	0.00143477	0.00436913	0.325997	0.000107418	0.00353171
144	0.0232067	0.00135391	0.00761534	0.0306945	0.0104354	0.000619107	0.00126384	0.286693	0.00635251	0.169801	0.0406086	0.00500844	0.00756736	0.0361607	0.0026155	0.0213292	0.0908484	0.254393	0.000645228	0.00278831
145	0.183372	0.0153941	0.000895996	0.00103008	0.000562645	0.00068351	0.000587905	0.0336202	0.00126058	0.0360954	0.000980329	0.00508831	0.50397	0.00120556	0.0010088	0.0963425	0.0428662	0.0705875	0.000123191	0.00432486
146	0.0647778	0.000989569	0.144069	0.348078	0.00191925	0.0138142	0.0109698	0.018341	0.0971447	0.0135869	0.00493565	0.0215769	0.0256113	0.061442	0.0191539	0.0609135	0.0452768	0.0448707	0.000260339	0.00226945
147	0.0298006	0.000202637	0.318803	0.565625	0.000408823	0.00500906	0.001111	0.000770989	0.00319441	0.000793844	0.000548927	0.0215209	0.00250981	0.0108074	0.00081625	0.0307661	0.00404892	0.00248796	0.000123844	0.000650561
148	0.00750974	0.00130262	0.00328752	0.00447915	0.209602	0.00276577	0.00565051	0.0942352	0.00518652	0.0908322	0.0404974	0.00413124	0.00157684	0.0233163	0.00412081	0.00682023	0.00618689	0.0228661	0.153782	0.311851
149	0.0223448	0.00353263	0.00749958	0.00522735	0.00139565	0.855055	0.0059079	0.00280967	0.00716943	0.00229079	0.00252474	0.0269924	0.0015647	0.00542132	0.00679241	0.034632	0.00480977	0.00313368	0.000203051	0.000692622
150	0.00880899	0.00045785	0.00421103	0.00263971	0.000359093	0.921262	0.0052382	0.000839179	0.00302001	0.000716964	0.000944581	0.0326633	0.00135952	0.00111773	0.00341917	0.00977338	0.00188299	0.00088093	9.50575e-05	0.000310651
151	0.0185569	0.000337096	0.321979	0.268084	0.00414614	0.00782105	0.0095961	0.00084812	0.0447891	0.0056547	0.000520193	0.0847715	0.000353926	0.0555666	0.00344711	0.0995428	0.0671992	0.00164251	0.000104434	0.00504004
152	0.0298037	0.00170033	0.00252676	0.00261758	0.00264555	0.00175399	0.00237991	0.0762797	0.00569936	0.00500696	0.00280126	0.0470908	0.000836996	0.00487057	0.00641762	0.0212047	0.447265	0.315873	0.000914134	0.0223126
153	0.0174761	0.00150443	0.00302578	0.0618219	0.00286982	0.0129052	0.00204823	0.201829	0.00433108	0.123448	0.0914893	0.00314275	0.0829963	0.113425	0.00299031	0.00684877	0.0224805	0.243392	0.000396292	0.00157965
154	0.064378	0.0760805	0.0115605	0.00262425	0.347566	0.00172268	0.0120335	0.0155469	0.00319171	0.0236854	0.126145	0.00258266	0.000948618	0.00319374	0.00262459	0.036003	0.0876463	0.0853897	0.00029991	0.0967768
155	0.0806489	0.126217	0.00170067	0.00942581	0.0136118	0.00583604	0.00111393	0.131333	0.00231601	0.0352655	0.0107855	0.00182837	0.000792094	0.0256998	0.00192137	0.0602886	0.00739094	0.48241	0.000316549	0.00109762
156	0.0181097	0.000478365	0.0999825	0.253084	0.000902769	0.0279765	0.0548417	0.00192013	0.178439	0.00768463	0.00129837	0.172867	0.0334924	0.0717397	0.0336917	0.0187951	0.0152971	0.00225687	0.000294288	0.00684914
157	0.00325537	0.00059528	0.000889091	0.0015549	0.00405957	0.0131335	0.00076527	0.58218	0.00265848	0.0757006	0.00592081	0.00128582	0.00288041	0.00183149	0.00121294	0.00429538	0.0335335	0.263476	0.000208121	0.000563757
158	0.111256	0.00638216	0.0113605	0.00753983	0.00253013	0.0450121	0.00614591	0.00449766	0.00931881	0.00601762	0.0071207	0.0479519	0.00208332	0.00517778	0.0044079	0.640473	0.0662338	0.0112478	0.000678567	0.00456458
159	0.605325	0.0192103	0.00449212	0.00497316	0.00242604	0.179916	0.00128126	0.00466247	0.00311411	0.00621263	0.00179008	0.0055832	0.00152152	0.00526291	0.00366643	0.0827358	0.0444265	0.0205522	0.000205069	0.00264272
160	0.00964711	0.00070107	0.00154059	0.00186428	0.00109574	0.00125507	0.0491279	0.068707	0.44144	0.253628	0.0088711	0.00170579	0.000640332	0.0167005	0.083087	0.00290491	0.0178401	0.0379423	0.000259949	0.00104087
161	0.0352705	0.000702403	0.0101156	0.0511778	0.00830528	0.00119424	0.00786411	0.00241562	0.27035	0.00447498	0.00802245	0.0702044	0.0103364	0.130235	0.0222545	0.0744889	0.288208	0.00285044	0.000361031	0.00116894
162	0.00849425	0.00054462	0.0438109	0.201089	0.00157	0.00106718	0.00228483	0.104887	0.0519605	0.145134	0.0250969	0.0015737	0.000824632	0.202132	0.0235647	0.0272292	0.120044	0.0369255	0.000314144	0.0014536
163	0.00421205	0.000406601	0.00445141	0.00145306	0.000545261	0.842848	0.0113259	0.00120727	0.00474045	0.00124095	0.000879675	0.108058	0.00302256	0.00124311	0.0021426	0.00913487	0.00120854	0.00117614	0.000221395	0.00048171
164	0.00736951	0.00123412	0.000319947	0.00106984	0.0207802	0.000273539	0.000195909	0.5035	0.000520471	0.291073	0.0284696	0.000385738	0.000746055	0.000589287	0.000998014	0.000616836	0.00438762	0.134285	6.41188e-05	0.00312149
165	0.0148589	0.000182584	0.449465	0.321953	0.00764914	0.00648287	0.000303134	0.00443951	0.00865225	0.00596564	0.00614137	0.0507192	0.0150179	0.0562698	0.00577038	0.022933	0.0165663	0.000732223	8.49501e-05	0.00581316
166	0.0182889	0.000362156	0.245914	0.345654	0.00417035	0.0130151	0.0125645	0.00109721	0.067221	0.0110981	0.000654716	0.0803155	0.000336728	0.0459025	0.00221632	0.072291	0.0714943	0.00193975	0.000109806	0.00535451
167	0.0168317	0.00669099	0.0028159	0.00854573	0.0519721	0.00425141	0.00159203	0.181661	0.00748078	0.539319	0.0638259	0.00350289	0.000710937	0.00766243	0.00503599	0.00809754	0.0107957	0.073222	0.000997927	0.00498863
168	0.0208596	0.0105447	0.00484348	0.0966255	0.057333	0.00578721	0.00310378	0.1896	0.0145182	0.40109	0.098544	0.00558557	0.00279459	0.032777	0.00570465	0.012754	0.0113497	0.0137754	0.0010986	0.0113103
169	0.0223903	0.000177614	0.319007	0.57663	0.000355357	0.00465399	0.00106924	0.000708151	0.00309087	0.000648121	0.000488836	0.0220049	0.00195336	0.0105024	0.000724042	0.0281718	0.00405323	0.00266487	0.000106581	0.000599238
170	0.100064	0.0104738	0.0275548	0.0249678	0.00726478	0.022348	0.0216463	0.0298129	0.0414639	0.0604026	0.041576	0.0756707	0.0165659	0.0343754	0.042932	0.160519	0.189833	0.0655608	0.000248115	0.0267203
171	0.00230832	0.00065543	0.000349171	0.000622936	0.000620136	0.00178505	0.000239615	0.640939	0.00110497	0.093942	0.0107671	0.0005798	0.000137215	0.000946879	0.000358517	0.000644744	0.00814474	0.235599	5.61999e-05	0.000198739
172	0.0654088	0.0176005	0.00899373	0.0062116	0.042162	0.0214887	0.00131513	0.13784	0.0171685	0.45579	0.064919	0.0121429	0.000968988	0.0272121	0.00603322	0.0336451	0.0275891	0.0517145	0.000418978	0.00137698
173	0.0292487	0.0123281	0.00118	0.00281466	0.026119	0.00270222	0.000865689	0.223682	0.00314139	0.298336	0.0343729	0.00178315	0.00126285	0.00500764	0.00227304	0.00315757	0.0266396	0.320672	0.000664153	0.00374859
174	0.0293768	0.00105767	0.00819396	0.122998	0.00160697	0.00177794	0.00186602	0.0844273	0.00987019	0.172517	0.029139	0.00269306	0.000915665	0.191617	0.00547956	0.0437554	0.166586	0.120675	0.00157695	0.00386985
175	0.722813	0.0175649	0.000733875	0.00108686	0.000598354	0.0348156	0.000499628	0.00342329	0.00126184	0.00221783	0.00080823	0.00100888	0.000352705	0.000860267	0.000727044	0.186231	0.0126348	0.0107414	0.00015185	0.00146936
176	0.0202191	0.000176077	0.322868	0.577216	0.000335746	0.00425211	0.0010111	0.000828258	0.00318514	0.000728255	0.000513678	0.0224039	0.00167206	0.0100928	0.000754091	0.0261166	0.00399571	0.00290974	0.000102991	0.000618313
177	0.0296189	0.0145642	0.00941428	0.00126821	0.000909837	0.000710971	0.000701545	0.221367	0.00211528	0.241898	0.187097	0.00117894	0.000442467	0.00202128	0.00437561	0.0201653	0.0152115	0.246066	0.000230112	0.000644142
178	0.019694	0.000144285	0.342219	0.542852	0.00105493	0.00437362	0.000939213	0.00104029	0.00370151	0.00108301	0.00102615	0.0274704	0.00287343	0.0151891	0.00123543	0.0260884	0.00560764	0.00223403	8.67783e-05	0.00108698
179	0.0116633	0.00568081	0.00392404	0.016881	0.0776984	0.00411886	0.123077	0.0495536	0.015959	0.164397	0.021958	0.0146056	0.00226311	0.0479404	0.0187877	0.015046	0.00711019	0.036885	0.0246923	0.337758
180	0.00908395	0.00132684	0.00426381	0.0297158	0.00564895	0.000526136	0.0368002	0.00871886	0.510783	0.0111558	0.00558298	0.0219207	0.000672237	0.049927	0.250985	0.0199236	0.0179312	0.00583347	0.00268622	0.00651399
181	0.614939	0.0300406	0.00105639	0.00129546	0.000734825	0.141804	0.000645093	0.00219442	0.00124886	0.00377214	0.0010522	0.00119974	0.000343042	0.00112652	0.00105096	0.104176	0.0686375	0.0229684	0.000144039	0.00157066
182	0.0615667	0.00191319	0.36577	0.0276385	0.00372813	0.00373143	0.0198674	0.0583858	0.0055771	0.00667501	0.00476387	0.138708	0.0549136	0.0417117	0.030289	0.0453589	0.0808245	0.00671607	0.000897246	0.0409639
183	0.0885583	0.0044835	0.0201281	0.0267072	0.0591741	0.0068333	0.0246693	0.0902405	0.0453297	0.0488252	0.0213472	0.0260977	0.117634	0.014652	0.050799	0.103791	0.0885172	0.0542449	0.000487742	0.10748
184	0.0368668	0.00276396	0.208394	0.134282	0.00046997	0.0440514	0.0144527	0.00486728	0.0826118	0.00287285	0.00060037	0.222357	0.00960268	0.0364786	0.0220412	0.0905785	0.0794009	0.00639252	9.81304e-05	0.000817647
185	0.0443663	0.000287967	0.00868487	0.0898931	0.0230013	0.000658308	0.0334053	0.089899	0.144163	0.0265671	0.0342746	0.022976	0.000863344	0.052561	0.0949319	0.0607254	0.0870759	0.123367	0.000177627	0.0621217
186	0.518556	0.0157686	0.007715	0.00773427	0.00109792	0.261657	0.00127063	0.00346176	0.00206661	0.00674854	0.00177873	0.00829773	0.00137012	0.00733855	0.00405731	0.0848933	0.0473627	0.0165539	0.000238221	0.00203371
