335	20
1	0.101035	0.00231071	0.0464248	0.0524523	0.0093986	0.0245999	0.0536865	0.0337432	0.101244	0.0173915	0.0138729	0.0116956	0.0726594	0.107001	0.0857661	0.119447	0.0911764	0.0420005	0.00103994	0.0130539
2	0.0539208	0.00526358	0.0227288	0.0285535	0.0158484	0.00968017	0.0612944	0.00467416	0.170285	0.0226182	0.00756213	0.267922	0.0265302	0.0791843	0.0443259	0.0929203	0.053887	0.0184463	0.00464068	0.00971403
3	0.0102464	0.00186751	0.0101481	0.00989236	0.00396246	0.0298397	0.00772799	0.00265224	0.623518	0.00311388	0.00490008	0.0104941	0.00246715	0.0193019	0.209308	0.029512	0.0119884	0.0049772	0.000665195	0.0034181
4	0.182373	0.00963293	0.017206	0.0380586	0.00903604	0.0968314	0.00245	0.00531225	0.0423621	0.0345355	0.0039742	0.0508089	0.229808	0.0264885	0.047775	0.0803585	0.0832412	0.035494	0.000817814	0.00343577
5	0.0277473	0.0174036	0.00697788	0.00626776	0.18401	0.00346652	0.129972	0.0364687	0.0303492	0.038403	0.0217577	0.0102399	0.00586126	0.0142969	0.0321164	0.0306937	0.0326241	0.0667679	0.0262201	0.278356
6	0.0126172	0.00499031	0.00925658	0.0139653	0.00449332	0.0188583	0.013877	0.00546279	0.573482	0.00929367	0.00767274	0.0157005	0.00565725	0.0277563	0.215682	0.031503	0.0152083	0.00836301	0.00103994	0.00511976
7	0.0418095	0.0340897	0.0245355	0.00341478	0.00862324	0.0778793	0.02683	0.0025664	0.0210461	0.0147447	0.00301183	0.0872262	0.0101014	0.0217931	0.0247859	0.344337	0.221427	0.0218009	0.000685518	0.00929247
8	0.00596871	0.00119199	0.00847475	0.00772425	0.00368479	0.0221662	0.00692519	0.00185893	0.645008	0.00210304	0.00444346	0.00933704	0.00174168	0.0175808	0.217914	0.0261835	0.0106388	0.00352403	0.000383493	0.00314776
9	0.0477232	0.0111254	0.00981218	0.0198691	0.0654791	0.00711487	0.166727	0.0171676	0.0847617	0.0291631	0.0118503	0.0570919	0.0144203	0.0381979	0.065101	0.0576725	0.0700028	0.0611121	0.0173121	0.148296
10	0.165086	0.004682	0.0519259	0.0520444	0.0134876	0.0436433	0.0303128	0.0194885	0.0791454	0.00952128	0.012619	0.0186666	0.0271919	0.0785588	0.0796335	0.212859	0.0643474	0.0279918	0.00072296	0.00807186
11	0.0427257	0.010093	0.0112365	0.00314055	0.0109906	0.024895	0.00381675	0.00301981	0.00405701	0.0077315	0.00292162	0.0088855	0.0206625	0.0172594	0.00505485	0.469246	0.337495	0.0132934	0.000976755	0.00249904
12	0.00609165	0.00119953	0.00846604	0.00772512	0.00369034	0.0224014	0.00691906	0.00200066	0.644244	0.00215679	0.00444585	0.00934062	0.00182699	0.0175706	0.21787	0.0262604	0.0106758	0.00354499	0.000388372	0.00318107
13	0.0429073	0.00800441	0.0236312	0.0130232	0.00589783	0.0469599	0.0321846	0.00384779	0.0831651	0.0158155	0.00652365	0.148626	0.0207666	0.0756068	0.117384	0.240407	0.09915	0.0063663	0.000919316	0.00881366
14	0.00596871	0.00119199	0.00847475	0.00772425	0.00368479	0.0221662	0.00692519	0.00185893	0.645008	0.00210304	0.00444346	0.00933704	0.00174168	0.0175808	0.217914	0.0261835	0.0106388	0.00352403	0.000383493	0.00314776
15	0.0416874	0.00223499	0.0869437	0.154278	0.0132583	0.00254216	0.0191927	0.0671066	0.0710735	0.140013	0.0882681	0.0143042	0.00150223	0.137454	0.0163437	0.0231874	0.0499608	0.0453159	0.0211365	0.0041961
16	0.114472	0.00578416	0.145784	0.164307	0.000956183	0.0227993	0.0148481	0.0205701	0.104154	0.0239127	0.011777	0.0603361	0.00401236	0.127311	0.0337505	0.073855	0.0340441	0.0348313	0.000680392	0.00181502
17	0.0346909	0.015919	0.0100109	0.0217172	0.00854331	0.00832143	0.0349339	0.0202263	0.217562	0.0494458	0.0317453	0.0230186	0.0137744	0.0796864	0.280579	0.0771126	0.0296278	0.0278099	0.00257989	0.012696
18	0.0512007	0.00749376	0.00827693	0.00231432	0.00397431	0.00215265	0.0116018	0.0328658	0.166384	0.0972984	0.035278	0.00252538	0.00130056	0.045118	0.407898	0.00665739	0.0338404	0.0812776	0.00074982	0.0017916
19	0.0971893	0.00720532	0.0526916	0.0851963	0.0102651	0.012335	0.0328612	0.0733841	0.0896341	0.0481428	0.0670599	0.0393665	0.0108952	0.148855	0.0382255	0.0648047	0.0650796	0.0410227	0.00719192	0.00859386
20	0.0559784	0.00343052	0.00467328	0.00494404	0.00392878	0.00308881	0.0340404	0.20398	0.0690314	0.316801	0.0835893	0.0602014	0.00251762	0.0249833	0.0490963	0.00800098	0.00809126	0.0450357	0.00785154	0.0107369
21	0.0436913	0.0095259	0.00665452	0.00794823	0.00267286	0.00187996	0.0183672	0.0238528	0.203082	0.0686408	0.0277433	0.00791754	0.00430224	0.0524754	0.414485	0.0167475	0.0276025	0.0594382	0.000531549	0.00244134
22	0.113991	0.00577214	0.145679	0.164688	0.00095158	0.0228985	0.0149424	0.0206325	0.103974	0.0239898	0.0117759	0.0601758	0.00408814	0.126971	0.0337845	0.0741546	0.0341677	0.0348451	0.00068667	0.00183109
23	0.0838968	0.00263985	0.0275662	0.0472243	0.0200267	0.00402458	0.0474309	0.00403979	0.230393	0.0305504	0.0062538	0.170325	0.0204113	0.07782	0.0439177	0.0777874	0.067549	0.0259748	0.00859379	0.00357473
24	0.00829813	0.00347615	0.00749141	0.0102043	0.00327917	0.0186815	0.0114796	0.00317656	0.598682	0.00501698	0.00605123	0.0113737	0.00356693	0.0248253	0.233877	0.0289319	0.0124466	0.00529091	0.000335286	0.00351477
25	0.0495875	0.00802929	0.00851155	0.00312872	0.00384912	0.00200524	0.0132507	0.0322476	0.172915	0.0931995	0.0352667	0.00347836	0.00174834	0.0459708	0.403162	0.00841403	0.034068	0.0785663	0.000665034	0.00193702
26	0.502401	0.0273571	0.00333052	0.00449423	0.0151228	0.0181556	0.00336629	0.0452218	0.00494386	0.045473	0.00579676	0.0303091	0.101279	0.00578219	0.00489504	0.040146	0.0354149	0.100948	0.00138641	0.00417687
27	0.0590214	0.00322433	0.0330844	0.178685	0.00387293	0.0119724	0.0244304	0.0104328	0.105362	0.0317354	0.0108854	0.0233104	0.198458	0.143021	0.0449284	0.0524947	0.0440273	0.0152295	0.00124956	0.00457436
28	0.0228423	0.046232	0.00596499	0.0294469	0.0451083	0.00463539	0.062931	0.102757	0.136669	0.0846987	0.0341651	0.00815455	0.00397479	0.060994	0.142592	0.0326308	0.0674897	0.0965057	0.00232498	0.00988173
29	0.105946	0.0349355	0.0015266	0.00516438	0.0497531	0.00350574	0.0114598	0.183915	0.00922801	0.178815	0.0243697	0.00317414	0.0044757	0.0156521	0.00698921	0.0315766	0.0658643	0.246869	0.00432237	0.0124573
30	0.0382191	0.0223793	0.000393752	0.000429511	0.00968299	0.00260094	0.000529933	0.262257	0.000750172	0.0607324	0.035755	0.000738238	0.000277752	0.000617595	0.000497631	0.00596168	0.0202127	0.534773	0.000851024	0.00234026
31	0.398349	0.05238	0.00160144	0.00158958	0.0155554	0.0476656	0.00160373	0.0335695	0.00209596	0.0889724	0.0173245	0.00296383	0.00576515	0.0041924	0.00207215	0.0559909	0.106901	0.143708	0.000600993	0.0170993
32	0.00812454	0.00379013	0.00049761	0.00369773	0.0135541	0.00131885	0.00137935	0.352458	0.000608502	0.246181	0.0337957	0.0020022	0.000672639	0.00263185	0.000617452	0.00527709	0.0228209	0.292194	0.00622882	0.00215018
33	0.0168499	0.0101984	0.000420398	0.00260442	0.0136928	0.00143189	0.00098584	0.330501	0.000556012	0.190236	0.0345114	0.00166168	0.000516661	0.00191483	0.000531825	0.00518395	0.023013	0.358697	0.00424832	0.00224487
34	0.122174	0.00640929	0.0191488	0.00714789	0.00197822	0.0641011	0.00511236	0.00219437	0.0145886	0.010372	0.00199732	0.00894528	0.418338	0.00343666	0.00703938	0.256173	0.0452404	0.00374418	0.000535517	0.0013237
35	0.0339027	0.00551082	0.00108373	0.00295908	0.0792117	0.00395517	0.00154001	0.105277	0.00132078	0.425332	0.154729	0.00128151	0.00156219	0.00442189	0.00164814	0.00688989	0.0173831	0.121268	0.0141194	0.016604
36	0.0450631	0.0467215	0.0490931	0.0022773	0.00606613	0.0685234	0.0423997	0.00230817	0.0377427	0.0176633	0.00313111	0.130138	0.0201964	0.0294169	0.0182576	0.319688	0.131924	0.0186871	0.000641976	0.0100601
37	0.0862263	0.0933249	0.00185175	0.00356606	0.00687457	0.00231963	0.00286234	0.14617	0.0108567	0.184091	0.0680116	0.00371251	0.0018974	0.0278238	0.00974976	0.039198	0.0390086	0.260767	0.000859415	0.0108288
38	0.0179748	0.000857734	0.000729839	0.00256799	0.0565196	0.000711696	0.000800586	0.107402	0.0010516	0.525795	0.175618	0.000954747	0.000637182	0.00331614	0.00101322	0.00415741	0.00691295	0.0809639	0.00430133	0.0077135
39	0.0140223	0.00161341	0.458008	0.2463	0.00308202	0.00731896	0.0345406	0.0136839	0.00522317	0.00684474	0.00604758	0.067013	0.00324777	0.0345414	0.00680896	0.0316505	0.0476261	0.00953143	0.00164407	0.00125212
40	0.375555	0.05555	0.00179911	0.00200309	0.0177384	0.0462239	0.00189804	0.0335116	0.00250386	0.095265	0.0206518	0.00261024	0.0039397	0.0044255	0.0025079	0.0557806	0.11322	0.145184	0.000657598	0.018975
41	0.386717	0.0551332	0.00167728	0.00167704	0.0164843	0.0469866	0.00164978	0.0329975	0.00217149	0.0918619	0.0189357	0.00267331	0.00479923	0.00438883	0.00213149	0.0559534	0.109901	0.14524	0.000637505	0.0179835
42	0.00645748	0.00181536	0.00812923	0.00845607	0.00391788	0.0209726	0.00814819	0.00221306	0.631598	0.0030928	0.00495125	0.0103845	0.00230675	0.0195421	0.221444	0.0278664	0.0109019	0.00405573	0.000366563	0.00338073
43	0.0382587	0.0223538	0.000393789	0.000428881	0.00966505	0.00253336	0.000529337	0.262302	0.000749855	0.0607278	0.0358006	0.000739312	0.000277634	0.000614633	0.000487583	0.00595939	0.0201525	0.534851	0.000852573	0.00232219
44	0.372318	0.0717338	0.00415017	0.00905795	0.00476039	0.0297858	0.00367899	0.025329	0.00702428	0.0187558	0.0116793	0.00677471	0.00955618	0.0147261	0.0080911	0.220908	0.032618	0.129977	0.00134204	0.0177334
45	0.00901341	0.00976253	0.239508	0.0538989	0.0134787	0.0305271	0.021978	0.00314042	0.030002	0.0162406	0.00262411	0.308632	0.00350978	0.025015	0.0273553	0.124661	0.0713011	0.00520839	0.00116319	0.0029804
46	0.0267512	0.0313707	0.00516107	0.0072196	0.0655858	0.00708751	0.0135122	0.0815891	0.0132843	0.114349	0.0124831	0.0340812	0.00599686	0.032397	0.0145539	0.158894	0.161988	0.131486	0.0222323	0.059978
47	0.0241313	0.0168019	0.000452179	0.00206985	0.0114216	0.00144617	0.00108386	0.304294	0.00101907	0.188929	0.0384755	0.0014424	0.000548964	0.00303888	0.000848716	0.00679132	0.0241554	0.367155	0.00339981	0.00249508
48	0.0383625	0.0233338	0.000407229	0.00044278	0.00954347	0.00250257	0.000557099	0.260695	0.000845977	0.0647461	0.0363841	0.000774425	0.000308978	0.000902471	0.000566672	0.00625115	0.0204496	0.529679	0.000852353	0.00239511
49	0.0236086	0.0447512	0.00376804	0.00393945	0.294994	0.00494252	0.00473296	0.0571764	0.00381763	0.289805	0.0749041	0.00440797	0.0187989	0.012003	0.0060882	0.0149011	0.0207056	0.0729113	0.00589893	0.0378451
50	0.041408	0.022223	0.000618988	0.000653341	0.0101615	0.00424886	0.000857116	0.24619	0.00112206	0.0693082	0.0369287	0.00116907	0.00043373	0.00167998	0.00087593	0.00865711	0.0209993	0.528587	0.0011325	0.00274554
51	0.0598671	0.0169656	0.00129187	0.00246313	0.120027	0.0104448	0.00224053	0.110868	0.00164552	0.190604	0.101304	0.00162453	0.00367225	0.00651016	0.00203961	0.0139782	0.0275114	0.262474	0.0252791	0.0391894
52	0.0851518	0.00644426	0.0445519	0.0220782	0.00372757	0.0524092	0.0164545	0.00522195	0.0175339	0.0130278	0.0034722	0.0149431	0.413745	0.00891328	0.00842889	0.221447	0.0504059	0.00859942	0.0010168	0.00242672
53	0.0480545	0.00831783	0.0140702	0.0136463	0.0376818	0.0150332	0.210984	0.0145613	0.046076	0.0272961	0.0145895	0.020835	0.0794259	0.0459717	0.14081	0.0270911	0.0451986	0.0298139	0.0136708	0.146872
54	0.130843	0.00708314	0.0178555	0.0061879	0.00204879	0.0676832	0.00485209	0.00244475	0.013831	0.00936744	0.00213351	0.00770521	0.405154	0.00351035	0.00697775	0.261824	0.0448385	0.00369379	0.000564694	0.00140197
55	0.0183043	0.0060576	0.0104439	0.00417243	0.122788	0.00845583	0.112357	0.0102576	0.0134048	0.00774012	0.0115647	0.0161949	0.00343707	0.0149843	0.0344823	0.0114023	0.0155037	0.0153622	0.0439274	0.51916
56	0.0178205	0.000845458	0.000726214	0.00253513	0.0571044	0.000690525	0.000756743	0.106237	0.000913434	0.526854	0.175706	0.000796974	0.000622269	0.0032582	0.000889727	0.00416473	0.00682233	0.0812397	0.00429059	0.00772665
57	0.0183066	0.00112379	0.000731846	0.00251595	0.0582329	0.000827004	0.000739288	0.106577	0.000911604	0.52222	0.174745	0.000797819	0.000616046	0.00327264	0.000883956	0.00422806	0.00713664	0.083177	0.00456996	0.00838789
58	0.396955	0.0624115	0.00173459	0.00188742	0.00502715	0.0488567	0.00158451	0.0544914	0.00252013	0.0295503	0.00830892	0.00849544	0.0291536	0.0100679	0.00239091	0.116643	0.0533582	0.159838	0.000753858	0.00597087
59	0.0621314	0.00935968	0.113659	0.214454	0.00421437	0.0380649	0.0181585	0.0261519	0.0372976	0.0281199	0.0174968	0.0495689	0.0148601	0.0473581	0.0177597	0.0930915	0.111818	0.0768559	0.00264999	0.0169293
60	0.029147	0.0154056	0.000618085	0.00197383	0.0138261	0.00251761	0.00114898	0.275869	0.000947239	0.145483	0.0379114	0.00152783	0.000665451	0.00265086	0.00112332	0.00723755	0.0233826	0.431504	0.00344457	0.00361581
61	0.0283254	0.0494312	0.00349141	0.0492313	0.034564	0.0045298	0.0620634	0.0971803	0.10225	0.0697145	0.0278512	0.00808579	0.00199045	0.0705452	0.0913487	0.0520854	0.0852446	0.152284	0.00114599	0.00863787
62	0.0328373	0.0178968	0.000404116	0.000886302	0.0103205	0.00207252	0.000674786	0.28488	0.000670564	0.0953395	0.0343033	0.000975305	0.000338235	0.000971897	0.000446873	0.00537214	0.0200533	0.487597	0.00169459	0.00226516
63	0.033286	0.00510932	0.0492249	0.0726537	0.00427143	0.0353642	0.010082	0.0210179	0.0197606	0.00904712	0.00849123	0.0564198	0.00420874	0.0621745	0.0858923	0.210968	0.279739	0.00970744	0.00114226	0.0214399
64	0.0201532	0.00220086	0.00928955	0.0027043	0.00224564	0.922135	0.00205708	0.00279818	0.00258435	0.00450675	0.00256613	0.00268141	0.00154999	0.0034841	0.00288011	0.00520461	0.00448219	0.0038284	0.000783178	0.0018651
65	0.0300746	0.0189074	0.00932417	0.00289186	0.209437	0.00319199	0.0926734	0.0510827	0.0211651	0.0374003	0.0261189	0.00390879	0.00331503	0.0108528	0.0279533	0.0226297	0.0260463	0.065013	0.0276463	0.310368
66	0.00818665	0.00378107	0.000520754	0.00369724	0.0135403	0.00133041	0.00139457	0.351782	0.000624574	0.247083	0.0337614	0.00200183	0.000695484	0.0026778	0.000622365	0.00532286	0.0228317	0.291766	0.00622892	0.00215072
67	0.0269106	0.0158038	0.00669078	0.0243939	0.00355979	0.003047	0.041953	0.0138028	0.31572	0.027959	0.0176426	0.0212801	0.0146882	0.0648086	0.309603	0.0406683	0.0212182	0.0210755	0.00093619	0.00823885
68	0.178893	0.0102916	0.0189706	0.0379668	0.00980748	0.0982694	0.00249757	0.00468869	0.0409763	0.0349017	0.00409384	0.054504	0.228783	0.0259519	0.0466052	0.0825593	0.0836698	0.0325352	0.000812597	0.00322179
69	0.0204639	0.00237536	0.000780286	0.00280791	0.0687936	0.00147437	0.00116908	0.103977	0.000990182	0.505318	0.168526	0.000891162	0.00108944	0.00339356	0.00123348	0.00497886	0.00851622	0.0870425	0.00659948	0.00958031
70	0.0054574	0.0109272	0.237184	0.038617	0.0144125	0.0306958	0.0209973	0.00162293	0.0317908	0.0166243	0.00149432	0.35599	0.00269126	0.0232844	0.0267999	0.12487	0.0514275	0.00237489	0.000984215	0.00175355
71	0.478515	0.0315989	0.00365507	0.00512889	0.0189606	0.0167912	0.00383815	0.0465175	0.00621138	0.0509333	0.00632258	0.0278097	0.112798	0.00691242	0.00592233	0.0362373	0.0331715	0.10206	0.00166417	0.00495208
72	0.00260832	0.00837508	0.251306	0.0426003	0.0155649	0.0298157	0.0194776	0.0016755	0.0297147	0.0163395	0.00151155	0.373713	0.000743116	0.0200846	0.0269781	0.10589	0.0496078	0.00190268	0.00111722	0.000973206
73	0.024005	0.00444509	0.0127556	0.0315048	0.00765525	0.0393547	0.0173642	0.00753925	0.0573606	0.0346311	0.0105884	0.0880837	0.00855128	0.187526	0.191921	0.213909	0.0424426	0.00965085	0.00202796	0.00868303
74	0.0418525	0.0109503	0.0161107	0.0271205	0.0286012	0.00902967	0.00520702	0.202101	0.00979604	0.265505	0.0339015	0.00660069	0.0316278	0.01095	0.00681058	0.028971	0.0425027	0.206621	0.00471658	0.0110242
75	0.0224145	0.0120866	0.000419735	0.00176448	0.0113576	0.002774	0.000889923	0.30938	0.000578851	0.137355	0.0319928	0.00148774	0.000409744	0.00137988	0.000535142	0.00508007	0.0199361	0.433943	0.00414012	0.00207512
76	0.0233992	0.0128111	0.00818915	0.0116292	0.082098	0.00683577	0.188037	0.011571	0.0406899	0.022245	0.0130519	0.0301408	0.00799226	0.0467464	0.0479455	0.0385885	0.0411404	0.0379792	0.0266842	0.302225
77	0.0089331	0.00349196	0.000993721	0.00400195	0.0127048	0.00139456	0.00153072	0.341692	0.000911465	0.275717	0.0370157	0.00193798	0.00154145	0.00308192	0.000706288	0.00574274	0.0207659	0.270413	0.00534423	0.00207949
78	0.0738333	0.0126651	0.00832362	0.00506755	0.00869196	0.0488425	0.00656094	0.00581709	0.00728676	0.0235579	0.00550169	0.0134726	0.0513517	0.040111	0.00848149	0.294359	0.334399	0.0456528	0.00166612	0.004358
79	0.0300218	0.00926587	0.318813	0.161615	0.0233507	0.0842306	0.0167979	0.00989447	0.0203124	0.0161347	0.00976607	0.109288	0.0047219	0.026439	0.0158779	0.052963	0.0439457	0.0204644	0.0204828	0.00561424
80	0.0394638	0.0246122	0.00707421	0.00290989	0.220387	0.00244915	0.0690681	0.0656099	0.0149837	0.0633889	0.0356695	0.00398245	0.00294504	0.0092125	0.0171673	0.0316495	0.0202888	0.0950838	0.0267178	0.247337
81	0.0182327	0.00244881	0.025065	0.00825501	0.00308328	0.886197	0.00281914	0.00308969	0.00323099	0.0048548	0.00286833	0.0089143	0.00164265	0.00473434	0.00339107	0.00692575	0.00640514	0.0044022	0.00143967	0.00199994
82	0.0109074	0.00191095	0.456603	0.238121	0.00336301	0.00635265	0.040163	0.0141224	0.00330179	0.00670119	0.0063494	0.0688835	0.00375805	0.0312713	0.00691258	0.0294195	0.0593486	0.0093855	0.00143431	0.00169144
83	0.0106551	0.00539536	0.00323734	0.00781283	0.532813	0.00134035	0.0185767	0.0206254	0.00324884	0.0418003	0.0210992	0.00538546	0.00235664	0.00522809	0.0050789	0.00834354	0.00459328	0.0219083	0.0223404	0.258161
84	0.0948855	0.00232779	0.0414524	0.0576954	0.0100247	0.0258386	0.0588497	0.0322824	0.0997946	0.0211098	0.015776	0.0116851	0.0870088	0.113332	0.093346	0.104153	0.0769091	0.0374629	0.00124196	0.014824
85	0.00877903	0.00369443	0.00055447	0.00340654	0.0123614	0.0012229	0.00156189	0.348077	0.000699356	0.262832	0.0348351	0.0018985	0.000898576	0.00304784	0.000648089	0.00531809	0.0213718	0.281254	0.00554059	0.00199868
86	0.107058	0.00455774	0.13843	0.172578	0.00115646	0.0279335	0.0167921	0.0212035	0.0909046	0.0265047	0.0107982	0.0602033	0.00876469	0.106043	0.0315574	0.087588	0.0435914	0.0401755	0.0008638	0.00329546
87	0.0248402	0.0180088	0.00492758	0.0261634	0.00099499	0.00113049	0.0371213	0.0108236	0.344768	0.0223192	0.0170864	0.0222734	0.013111	0.0657087	0.309761	0.0432805	0.0178052	0.0152759	0.000320042	0.00427932
88	0.0350553	0.0204754	0.000394973	0.000732244	0.010867	0.00244262	0.000573543	0.27353	0.000693649	0.0782163	0.0371067	0.000892362	0.000368166	0.000819755	0.000484088	0.0058949	0.0200773	0.507216	0.00147913	0.00268066
89	0.0500365	0.0212695	0.11392	0.290221	0.00531484	0.0330152	0.0105793	0.0302423	0.0296481	0.0293424	0.0218723	0.0400208	0.00707711	0.0327626	0.0109529	0.0588613	0.103256	0.0820774	0.0042747	0.0252564
90	0.094274	0.00637391	0.126088	0.303728	0.002976	0.0203647	0.0113991	0.0172773	0.0631883	0.0204995	0.0179023	0.0376255	0.00340289	0.105494	0.023266	0.0566288	0.0388012	0.0443396	0.001853	0.00451715
91	0.0739729	0.0039604	0.0981642	0.176518	0.00344668	0.0305934	0.0118009	0.0233108	0.0225457	0.0557337	0.00984952	0.0832646	0.0583828	0.0397854	0.0126217	0.15081	0.0949217	0.0407498	0.00175758	0.00780964
92	0.0593254	0.036594	0.00982964	0.010628	0.0109052	0.00489338	0.0171702	0.0350283	0.0800166	0.123135	0.0245469	0.019079	0.00370662	0.0627286	0.234047	0.0395662	0.0755577	0.144474	0.00207722	0.00669079
93	0.0304252	0.00552402	0.0837917	0.196436	0.0125328	0.00321484	0.00929027	0.109607	0.0441754	0.077273	0.0535959	0.0130746	0.00593573	0.104262	0.0208662	0.0201057	0.0718477	0.125398	0.00914553	0.00349764
94	0.14814	0.0632039	0.00236051	0.054715	0.0278056	0.00293612	0.0176374	0.0608086	0.0353779	0.039255	0.0325256	0.00649398	0.00210315	0.0228879	0.0502246	0.18472	0.125322	0.0971202	0.000950066	0.0254129
95	0.0421671	0.00727825	0.0722745	0.207106	0.0113393	0.0106841	0.015231	0.0483065	0.0713167	0.0951514	0.064522	0.019324	0.00469237	0.0963572	0.0171892	0.0438379	0.0809845	0.0629104	0.0210905	0.00823696
96	0.228298	0.0428933	0.00662485	0.0410272	0.00895038	0.00755783	0.00890826	0.0961538	0.0161051	0.0203398	0.0376428	0.146812	0.0136839	0.0434129	0.0401405	0.0323413	0.0553624	0.092545	0.0025559	0.0586444
97	0.0275231	0.0129684	0.0879075	0.185533	0.00496317	0.00348112	0.00253469	0.188972	0.0321868	0.0110379	0.0188035	0.0198229	0.0222669	0.0487156	0.0210792	0.00884084	0.126626	0.172615	0.00101738	0.00310531
98	0.0359472	0.00561833	0.0196589	0.0403691	0.0413252	0.0255576	0.0101853	0.1134	0.017045	0.213855	0.0193482	0.0247269	0.0811421	0.0224354	0.0228724	0.0750993	0.0297988	0.165972	0.00555055	0.0300927
99	0.0915021	0.00555579	0.156595	0.192584	0.00265614	0.0358996	0.0156934	0.0174888	0.063364	0.0261745	0.0107642	0.0588544	0.0140713	0.082316	0.0257648	0.101654	0.0529497	0.0386987	0.00230905	0.00510498
100	0.0742098	0.00403705	0.0996412	0.178575	0.00325664	0.0313822	0.0121914	0.022838	0.0236601	0.0548108	0.00993003	0.0814686	0.0571858	0.0398852	0.0128891	0.148419	0.0938096	0.0421074	0.00176732	0.00793591
101	0.0211494	0.0248409	0.00713968	0.0550871	0.129129	0.0387346	0.0390931	0.0206885	0.00941894	0.285522	0.181023	0.00936149	0.00583227	0.0117625	0.0228188	0.0507417	0.0431339	0.0167333	0.0114646	0.016325
102	0.0133826	0.00116851	0.475134	0.254807	0.00275647	0.00609946	0.035059	0.0138024	0.0021214	0.00599912	0.00588967	0.0566401	0.00323825	0.0329981	0.00553004	0.027046	0.046227	0.00916463	0.00172591	0.00121047
103	0.117876	0.00598291	0.096042	0.137133	0.0042231	0.0584522	0.0127502	0.0141706	0.0418114	0.0389934	0.0132521	0.0706664	0.0802239	0.040846	0.0248023	0.109046	0.0771748	0.0482647	0.0013657	0.00692298
104	0.106646	0.00642746	0.15264	0.190261	0.00251231	0.0242368	0.014505	0.0204067	0.0836563	0.0235175	0.0130877	0.0544747	0.00541973	0.112942	0.0296326	0.0705162	0.0405007	0.0426557	0.00160662	0.00435448
105	0.0808269	0.0142473	0.082198	0.0999459	0.00604842	0.0535384	0.0196698	0.0192773	0.0514874	0.026161	0.0224233	0.0681071	0.0204331	0.0475247	0.0272964	0.16106	0.133227	0.0534123	0.00190719	0.0112087
106	0.0308533	0.0154264	0.0116335	0.0588458	0.125158	0.0517051	0.0216631	0.0597395	0.0172635	0.174742	0.0951364	0.012403	0.010431	0.0239126	0.0550283	0.0367594	0.0318155	0.0339247	0.116927	0.0166323
107	0.0449018	0.00995616	0.0351428	0.0910103	0.00919778	0.0150989	0.0160089	0.11284	0.0308748	0.0499592	0.014204	0.0217	0.297343	0.0372566	0.0243458	0.0469215	0.0547798	0.0748125	0.00278828	0.0108581
108	0.0713153	0.010018	0.144567	0.232354	0.00426	0.0429388	0.0145123	0.0169813	0.0455717	0.0302459	0.0153425	0.04706	0.0119481	0.0531668	0.0182344	0.0852321	0.0819	0.0544194	0.00416631	0.0157664
109	0.112309	0.00571821	0.146249	0.177709	0.00106242	0.0235072	0.0145722	0.0198633	0.100473	0.0234151	0.0116927	0.0597891	0.0039743	0.122024	0.0327553	0.0731226	0.0343712	0.0346007	0.000763501	0.00202764
110	0.0650359	0.0106327	0.116327	0.276793	0.0069167	0.0312386	0.0157248	0.0240134	0.0301768	0.0352504	0.0204944	0.0419246	0.0120139	0.0474207	0.0134756	0.0762676	0.0922918	0.0628715	0.00322037	0.0179105
111	0.00969074	0.00110018	0.459065	0.278799	0.00221438	0.00590179	0.0374189	0.0153681	0.00165023	0.00548543	0.00684375	0.0490472	0.00269739	0.0322913	0.00622973	0.0264892	0.049239	0.00814721	0.0012149	0.00110719
112	0.0175853	0.00135921	0.00121828	0.00514513	0.0463784	0.00112503	0.00131237	0.1692	0.00157802	0.454883	0.153327	0.00175883	0.00108356	0.00365142	0.00168851	0.00522262	0.0144077	0.108195	0.00440605	0.00647534
113	0.114472	0.00578416	0.145784	0.164307	0.000956183	0.0227993	0.0148481	0.0205701	0.104154	0.0239127	0.011777	0.0603361	0.00401236	0.127311	0.0337505	0.073855	0.0340441	0.0348313	0.000680392	0.00181502
114	0.0789972	0.00780195	0.0389745	0.0190041	0.00903517	0.00891732	0.00962804	0.0717122	0.0454511	0.0920225	0.197784	0.0404672	0.00600812	0.0238928	0.0139463	0.0194047	0.171475	0.0465907	0.0649514	0.0339358
115	0.274123	0.0293462	0.0216291	0.0216319	0.0294362	0.150932	0.00853341	0.0064976	0.0411856	0.0222778	0.0236813	0.0256187	0.0154041	0.0275304	0.0347849	0.215567	0.0296252	0.0162379	0.00148863	0.00446861
116	0.0741178	0.01205	0.173212	0.234682	0.0050997	0.0474241	0.0117904	0.0141476	0.0452188	0.0226312	0.0132351	0.0470983	0.0085459	0.0428537	0.0171567	0.083811	0.0736547	0.0536944	0.00789294	0.0116844
117	0.0306126	0.0422383	0.0426289	0.0200607	0.07437	0.0114527	0.0900206	0.0563945	0.0643112	0.0447172	0.049629	0.0232565	0.00823504	0.072607	0.0476478	0.0377765	0.0316086	0.0469588	0.0133786	0.192095
118	0.0993748	0.00533727	0.0862986	0.125421	0.00453671	0.0290425	0.0269857	0.0308539	0.0796412	0.0188235	0.0143791	0.0352751	0.0235279	0.118819	0.060479	0.113434	0.0794272	0.0390916	0.00094867	0.00830347
119	0.365527	0.0157768	0.0245381	0.0205989	0.012912	0.103938	0.00534464	0.00509421	0.0239083	0.0118312	0.0242317	0.0177771	0.00504875	0.0247632	0.0420085	0.2617	0.0132609	0.0169513	0.00126217	0.00352655
120	0.166849	0.0699538	0.00363439	0.0699802	0.0177876	0.00525708	0.0103319	0.048857	0.0407684	0.0291453	0.0322691	0.00644189	0.00295579	0.0192582	0.0439795	0.224744	0.107476	0.078418	0.00134338	0.0205498
121	0.0411106	0.0129721	0.00869014	0.014648	0.0712281	0.0110778	0.00879049	0.141539	0.0124191	0.200916	0.0687745	0.00987499	0.00626941	0.0152207	0.0141743	0.0253179	0.0338985	0.205568	0.0665537	0.0309574
122	0.036598	0.0300178	0.00427785	0.00179326	0.273402	0.0019285	0.0260621	0.0577927	0.00838894	0.108858	0.0632293	0.00628235	0.00352817	0.00760916	0.0128313	0.032678	0.0158028	0.0712274	0.0107306	0.226962
123	0.0245549	0.0033907	0.0423356	0.0623425	0.0115649	0.0198439	0.00459648	0.168166	0.0176817	0.291569	0.0186363	0.00845607	0.0438289	0.00652388	0.00519235	0.0438416	0.0270437	0.190039	0.00222101	0.00817175
124	0.0415404	0.00221324	0.0868202	0.154199	0.0132275	0.00256766	0.019116	0.0670916	0.0709399	0.140354	0.0884578	0.0142741	0.00150157	0.137653	0.0163643	0.0231895	0.0499956	0.0451352	0.0211444	0.00421464
125	0.00993926	0.00258009	0.00419009	0.00742958	0.472644	0.00335826	0.0306383	0.0113457	0.00252289	0.0313127	0.016407	0.0149658	0.00191673	0.00691026	0.00895679	0.00685504	0.00370267	0.0106561	0.0351139	0.318555
126	0.0477534	0.00418871	0.0258319	0.0688423	0.00493572	0.0245257	0.0125467	0.0182169	0.0337699	0.0343124	0.00587176	0.0267564	0.472875	0.0325713	0.0197293	0.0977119	0.0373284	0.0247542	0.00151087	0.00596772
127	0.0151366	0.00203879	0.455884	0.250068	0.00305649	0.00836992	0.0339665	0.0154237	0.00518017	0.00747516	0.00636294	0.0578382	0.00369678	0.0333677	0.0071569	0.030032	0.0490139	0.0122864	0.00181827	0.00182756
128	0.0448865	0.00854117	0.119026	0.244723	0.00771555	0.0139088	0.0130562	0.0757072	0.0488039	0.0448341	0.0432888	0.0309462	0.00828265	0.0729804	0.0377316	0.0367322	0.0640023	0.0712355	0.0051155	0.00848296
129	0.0342988	0.0200854	0.000405643	0.000842362	0.0107857	0.00240404	0.000578962	0.276891	0.000678755	0.0768433	0.0366545	0.000910642	0.000320331	0.00076245	0.000504086	0.0057752	0.0200683	0.50696	0.00144156	0.00278888
130	0.0231236	0.00375872	0.318409	0.381209	0.00352788	0.0153784	0.0264268	0.0137384	0.00921726	0.0105742	0.0118209	0.0350808	0.00232201	0.0394261	0.0143147	0.0298538	0.0413752	0.0154232	0.00190326	0.00311679
131	0.128759	0.0362372	0.00607214	0.00799317	0.0381914	0.0148197	0.00864363	0.0746487	0.00864974	0.176687	0.0304972	0.0145138	0.00873159	0.0204129	0.0164025	0.073855	0.108175	0.186538	0.00594913	0.0342232
132	0.0626392	0.00623639	0.0844601	0.103686	0.00576629	0.0339441	0.0780831	0.0190205	0.091213	0.0214298	0.0126664	0.0250074	0.145814	0.0962078	0.0522792	0.070305	0.0510485	0.0277135	0.00166832	0.0108111
133	0.0774059	0.00233637	0.0120527	0.0114765	0.0380032	0.0235821	0.0354435	0.0576437	0.0419201	0.140325	0.0438448	0.0295056	0.0859741	0.0791282	0.0936526	0.0713059	0.0480801	0.0771601	0.00726821	0.023891
134	0.00260832	0.00837508	0.251306	0.0426003	0.0155649	0.0298157	0.0194776	0.0016755	0.0297147	0.0163395	0.00151155	0.373713	0.000743116	0.0200846	0.0269781	0.10589	0.0496078	0.00190268	0.00111722	0.000973206
135	0.0525396	0.0192242	0.00508787	0.0407485	0.00548004	0.0118233	0.00944499	0.130081	0.0140141	0.0371877	0.0673318	0.0194148	0.00215242	0.0712182	0.033376	0.0476304	0.138766	0.288704	0.000946773	0.00482855
136	0.0703828	0.00418636	0.0220418	0.052932	0.00484636	0.0162482	0.00531758	0.00996834	0.0220437	0.0893427	0.00496546	0.025949	0.438426	0.00777942	0.00848759	0.155624	0.0198681	0.0361387	0.00143728	0.00401487
137	0.440492	0.0436682	0.00394604	0.00379442	0.00939508	0.0679234	0.00227009	0.0301469	0.00496674	0.0422089	0.0142852	0.00802878	0.013616	0.0102328	0.00636063	0.119395	0.0484375	0.121645	0.000895535	0.00829185
138	0.0212889	0.0124653	0.00531531	0.0186465	0.00160395	0.00574733	0.0284109	0.0107307	0.406242	0.0194758	0.0138181	0.0177529	0.00978039	0.0493378	0.304982	0.0375753	0.0160187	0.0162607	0.000392746	0.00415436
139	0.0241401	0.0109161	0.0915964	0.217816	0.00512951	0.00379924	0.0026765	0.170139	0.029371	0.0129292	0.0185107	0.0194433	0.0156453	0.0494043	0.0239748	0.0104082	0.126243	0.162739	0.00115428	0.00396479
140	0.131411	0.024881	0.0252614	0.0342417	0.0133225	0.0323297	0.0214777	0.026345	0.0403864	0.0271217	0.0172773	0.0301768	0.0228022	0.0497245	0.0796313	0.211202	0.151511	0.0436803	0.00246032	0.0147558
141	0.009897	0.00521699	0.00233839	0.00830942	0.575241	0.000934046	0.00783235	0.0190725	0.00203679	0.0498194	0.0233605	0.00552191	0.00216918	0.00457394	0.00213487	0.00841613	0.00318714	0.0187167	0.0210303	0.230192
142	0.170409	0.00556714	0.0349323	0.0230133	0.00902299	0.0278062	0.0211424	0.0654952	0.0873327	0.0168667	0.0568714	0.0115689	0.0226927	0.147273	0.0989355	0.101196	0.0563421	0.0324335	0.00187827	0.00922016
143	0.00596871	0.00119199	0.00847475	0.00772425	0.00368479	0.0221662	0.00692519	0.00185893	0.645008	0.00210304	0.00444346	0.00933704	0.00174168	0.0175808	0.217914	0.0261835	0.0106388	0.00352403	0.000383493	0.00314776
144	0.00696482	0.00253899	0.00196409	0.00936184	0.609108	0.000886596	0.0069534	0.0150302	0.00126444	0.0420182	0.0195594	0.00533141	0.00194933	0.00424302	0.00119435	0.00591744	0.00205954	0.0128125	0.0222459	0.228597
145	0.0327623	0.0324646	0.00740257	0.0246446	0.01325	0.00363325	0.0356234	0.0507892	0.203887	0.0536306	0.0253019	0.0130391	0.00926507	0.0683856	0.271006	0.0345881	0.0493821	0.0630728	0.00112906	0.00674262
146	0.185908	0.0155919	0.0178454	0.014315	0.00595937	0.0888445	0.00534851	0.00973997	0.0188511	0.0189758	0.00594132	0.0186293	0.284046	0.0105199	0.0150977	0.202547	0.0519238	0.0257631	0.000879127	0.00327312
147	0.0179616	0.00136732	0.00077345	0.00256014	0.0579826	0.000766414	0.000815464	0.10579	0.000954084	0.525062	0.175459	0.000859007	0.000712146	0.00344089	0.000922662	0.0042067	0.00693588	0.081203	0.00432135	0.00790685
148	0.0238936	0.0174052	0.00460436	0.0250084	0.00105044	0.00125749	0.03783	0.0109804	0.346092	0.0225143	0.0165456	0.0220232	0.0139151	0.062591	0.31304	0.0433838	0.0177331	0.0154102	0.000336233	0.00438575
149	0.00905793	0.0101917	0.220074	0.0376046	0.0141784	0.0304283	0.0212498	0.00233933	0.0330569	0.0173297	0.00251457	0.343973	0.00318216	0.0254487	0.0334288	0.132077	0.0557002	0.00420398	0.00119151	0.00276927
150	0.0178388	0.00745253	0.00114266	0.00281536	0.102625	0.00169298	0.00231538	0.094076	0.00146543	0.491145	0.161541	0.00126123	0.00272896	0.00466838	0.00225565	0.00641617	0.00838473	0.073275	0.00470064	0.0121984
151	0.0412716	0.00936549	0.0151682	0.0320885	0.0203796	0.0247649	0.173844	0.0103097	0.0866953	0.0223098	0.0216113	0.0995542	0.0265671	0.0964105	0.138252	0.0457807	0.0299722	0.0191481	0.00409504	0.0824123
152	0.038973	0.0241021	0.0361014	0.00713194	0.00718918	0.046305	0.029088	0.00326189	0.0552746	0.022399	0.00471585	0.140513	0.0197046	0.0479074	0.0432086	0.306472	0.142323	0.0138469	0.00104286	0.0104394
153	0.137074	0.0497751	0.0125334	0.00718405	0.00889761	0.0786086	0.01058	0.0108904	0.0116202	0.021746	0.00910328	0.0353771	0.0149929	0.0200947	0.0140188	0.311785	0.194478	0.0428776	0.00104205	0.00732058
154	0.0877874	0.003693	0.0723243	0.113074	0.00510466	0.0289234	0.0412045	0.021103	0.0670785	0.0216918	0.00911098	0.0310906	0.0882038	0.0771244	0.0546774	0.113071	0.0898758	0.0601016	0.00116087	0.0135997
155	0.0254307	0.0118494	0.0112112	0.0188647	0.27496	0.0167114	0.0342804	0.0338714	0.0127804	0.0735018	0.036845	0.0125344	0.00594216	0.0173851	0.0228689	0.0275545	0.027392	0.0465996	0.122668	0.16675
156	0.043261	0.00342026	0.319134	0.204593	0.00307662	0.0157152	0.030571	0.0154601	0.0296284	0.0237747	0.00910697	0.0622879	0.0177379	0.0527698	0.0144872	0.059898	0.0581072	0.0301745	0.00188198	0.00491438
157	0.186233	0.0341386	0.00980387	0.0376637	0.00678496	0.0216801	0.00945853	0.0426781	0.0484791	0.0164993	0.00827279	0.035549	0.192419	0.0351926	0.037756	0.0492283	0.0631369	0.137463	0.00167878	0.025885
158	0.0792076	0.0056933	0.106377	0.13831	0.00506594	0.0185445	0.014956	0.0210787	0.0819378	0.103131	0.031869	0.06278	0.0128681	0.0655911	0.0339489	0.0913824	0.0686049	0.0321463	0.00456893	0.0219389
159	0.112273	0.0561583	0.0314327	0.0865854	0.017407	0.0156993	0.0211974	0.0326619	0.0686177	0.110774	0.0303344	0.0242117	0.0105507	0.0635363	0.0401033	0.115252	0.0605359	0.049056	0.00533543	0.0482774
160	0.0613124	0.0063594	0.0222795	0.0289018	0.00406562	0.0340987	0.0113295	0.0158546	0.0232799	0.0231406	0.00458922	0.026076	0.514027	0.0161468	0.0123864	0.126655	0.041585	0.0215689	0.00121632	0.00512768
161	0.0785458	0.00202311	0.0139432	0.013985	0.0387893	0.0241931	0.038291	0.0533424	0.0505407	0.120515	0.039399	0.0270127	0.0897165	0.084347	0.0941628	0.0736921	0.0482403	0.075087	0.0075389	0.0266354
162	0.00963319	0.00105337	0.469104	0.270001	0.00223223	0.00533647	0.0373064	0.0150672	0.00156988	0.00540747	0.00625654	0.0503296	0.00280501	0.0320125	0.00572882	0.0261078	0.0493088	0.00840574	0.00123317	0.00110008
163	0.0246897	0.00922465	0.00938137	0.00446711	0.190663	0.0066352	0.0884609	0.0199429	0.0134348	0.0221193	0.0169581	0.0128916	0.00321865	0.0135347	0.0280402	0.0130507	0.0153497	0.0289537	0.0432508	0.435734
164	0.182136	0.0134845	0.0319741	0.0302897	0.0100331	0.091693	0.00985964	0.00471035	0.0486931	0.0088087	0.0115553	0.0498126	0.00635289	0.0509079	0.0649794	0.343564	0.0272585	0.00967056	0.00100172	0.0032154
165	0.017011	0.0106247	0.0072413	0.0180657	0.00226702	0.00885276	0.0274676	0.00711064	0.451863	0.0140085	0.0115987	0.0218962	0.00867487	0.0448755	0.277763	0.0359219	0.0157137	0.0116105	0.000391728	0.00704091
166	0.045078	0.0415355	0.000920862	0.00228921	0.012155	0.0017275	0.00212124	0.257625	0.00388806	0.20152	0.0447256	0.00174295	0.00111859	0.00979059	0.00322281	0.0156393	0.0324946	0.314284	0.00295903	0.00516218
167	0.0409352	0.0274489	0.00567813	0.00196282	0.254859	0.00196985	0.0387747	0.0605669	0.0117466	0.0778025	0.0451769	0.00536076	0.00294154	0.00852626	0.0130595	0.0322342	0.0192858	0.083033	0.0158364	0.252801
168	0.100529	0.0101835	0.112329	0.140612	0.00212331	0.0175369	0.0163486	0.0198309	0.119175	0.0220539	0.018163	0.0503346	0.0134627	0.147895	0.0560583	0.0736638	0.0479242	0.0272744	0.000936712	0.00356475
169	0.0354715	0.0142401	0.00136171	0.00316759	0.113535	0.0059642	0.00216614	0.197732	0.00192322	0.20911	0.0668479	0.00230169	0.00464567	0.005762	0.00186958	0.0118486	0.0225564	0.259533	0.01356	0.0264041
170	0.0936738	0.00367784	0.105161	0.151213	0.00207307	0.0248009	0.0288851	0.0187749	0.0878207	0.022472	0.00980081	0.0430921	0.0262748	0.118445	0.0456951	0.109943	0.0607668	0.0414346	0.000550401	0.0054454
171	0.00260832	0.00837508	0.251306	0.0426003	0.0155649	0.0298157	0.0194776	0.0016755	0.0297147	0.0163395	0.00151155	0.373713	0.000743116	0.0200846	0.0269781	0.10589	0.0496078	0.00190268	0.00111722	0.000973206
172	0.0132024	0.00779912	0.00318953	0.00713317	0.525465	0.000976251	0.0128737	0.0263851	0.00344535	0.050932	0.0253943	0.00483019	0.00258435	0.0046716	0.0034143	0.0106682	0.00494897	0.0288488	0.0212558	0.241982
173	0.0924698	0.00241305	0.0329535	0.0416523	0.0272314	0.00354191	0.0446954	0.00402742	0.240449	0.0282354	0.00570156	0.161979	0.0247063	0.0584448	0.0518358	0.0723617	0.0678709	0.0291579	0.00654392	0.0037292
174	0.029428	0.0198532	0.0116738	0.00321449	0.195731	0.0037308	0.0949209	0.043896	0.0265519	0.0334233	0.0210844	0.00460366	0.00370227	0.0116784	0.036858	0.0200145	0.0243354	0.0582266	0.0260607	0.331013
175	0.0387078	0.0204445	0.000450863	0.000483155	0.00931096	0.00243613	0.000527161	0.263603	0.000767756	0.0585936	0.0330268	0.000788612	0.000282397	0.000662114	0.000570879	0.00562091	0.0193285	0.541309	0.000881354	0.00220464
176	0.0781261	0.00328628	0.0513796	0.0654635	0.00532642	0.0197182	0.0300216	0.0282909	0.0678008	0.00928821	0.016439	0.0230211	0.0230475	0.0997145	0.109464	0.159996	0.167089	0.0202112	0.000702627	0.0216143
177	0.00845379	0.00374472	0.000503216	0.00342204	0.0126117	0.00122098	0.0014727	0.350428	0.0006344	0.254896	0.0343786	0.00191082	0.000732885	0.00286054	0.000614377	0.00527465	0.0218378	0.287174	0.00578504	0.0020436
178	0.0230899	0.0112443	0.00424256	0.0121986	0.0883573	0.00326049	0.2096	0.00936092	0.0535299	0.0165773	0.00490753	0.0100984	0.0113351	0.0236737	0.0566982	0.0244248	0.058381	0.0559042	0.0324922	0.290623
179	0.182805	0.0302755	0.0177943	0.0434343	0.008551	0.130358	0.00597156	0.00685608	0.0223252	0.0118612	0.0132838	0.0197302	0.00561707	0.0398203	0.0331514	0.384468	0.024437	0.0128097	0.00161689	0.00483358
180	0.0207091	0.00201682	0.00177644	0.00424072	0.0562451	0.001446	0.00232223	0.105542	0.00393965	0.50468	0.173869	0.00317748	0.00107849	0.00824948	0.00305469	0.0057387	0.00924614	0.0783706	0.00545603	0.00884101
181	0.0207108	0.0270188	0.00437432	0.0198148	0.22553	0.0155474	0.0325908	0.0300685	0.00660243	0.252507	0.139635	0.00668537	0.00572424	0.0103503	0.0265017	0.0420873	0.0242238	0.0303914	0.00848533	0.0711496
182	0.0426899	0.00303645	0.0282381	0.220437	0.00239164	0.00461828	0.023371	0.00462553	0.122547	0.0391674	0.0127121	0.0188433	0.173818	0.169144	0.0476695	0.0478594	0.0300842	0.00490062	0.00117949	0.00266826
183	0.018209	0.00584603	0.00947904	0.00494986	0.11874	0.00807312	0.124951	0.00855045	0.0157825	0.00776558	0.010618	0.0179424	0.00415282	0.0154365	0.0346645	0.0129223	0.0183995	0.017021	0.0422901	0.504206
184	0.0489675	0.00795477	0.158802	0.338607	0.00692867	0.0201993	0.0194968	0.0205031	0.0434582	0.0253497	0.0192402	0.0358921	0.0205048	0.0601556	0.0247833	0.048642	0.0509564	0.0380217	0.00351524	0.00802218
185	0.0113307	0.0392518	0.0214446	0.011772	0.0085287	0.0184046	0.19683	0.00513495	0.0199486	0.010591	0.0262521	0.199895	0.00420643	0.253355	0.0432121	0.0555531	0.0227408	0.00841677	0.00136617	0.0417666
186	0.0372166	0.0172993	0.0240505	0.04493	0.00156096	0.00548022	0.0299586	0.0118446	0.327209	0.0192476	0.0162859	0.02375	0.0144365	0.090186	0.248092	0.0447893	0.0235673	0.0152797	0.000499667	0.00431619
187	0.0610491	0.00297532	0.0127745	0.0144228	0.0105997	0.00637626	0.0325168	0.139639	0.0696774	0.268295	0.0861298	0.0484746	0.0126887	0.0554249	0.0505237	0.0190007	0.0163766	0.0563243	0.0150239	0.0217073
188	0.0783604	0.0408028	0.0126692	0.00429083	0.00964297	0.0578971	0.0120076	0.00662429	0.0097968	0.0175208	0.00519636	0.0361965	0.0127549	0.0179458	0.013437	0.35551	0.263916	0.0375789	0.00108053	0.00677138
189	0.0785998	0.0359756	0.00199752	0.00333172	0.0203793	0.00232786	0.00538047	0.20889	0.00772065	0.251189	0.0375087	0.00332696	0.00370407	0.0154824	0.00454185	0.0202603	0.0391102	0.251152	0.00259576	0.00652612
190	0.0803267	0.0951533	0.00200053	0.00395996	0.00659037	0.0025836	0.002796	0.140831	0.0103872	0.186385	0.0762678	0.0040849	0.00202084	0.0301873	0.00959838	0.0389233	0.036456	0.25959	0.000993031	0.0108647
191	0.0111652	0.0082431	0.0105982	0.0113753	0.0274533	0.013216	0.256993	0.00580648	0.0317288	0.0278125	0.0197056	0.362644	0.00582751	0.0672733	0.0436177	0.0350727	0.0128501	0.0146787	0.0016768	0.032262
192	0.0583588	0.0180091	0.00116291	0.00216523	0.125975	0.00983235	0.00226569	0.112984	0.00165982	0.180509	0.104642	0.00158558	0.00344975	0.00666428	0.00188887	0.0128296	0.0244841	0.266891	0.0229048	0.0417386
193	0.0607653	0.0462317	0.023925	0.00637331	0.00800021	0.00551298	0.00665823	0.0103149	0.00629165	0.160695	0.00768884	0.0739215	0.00346834	0.0662341	0.0545171	0.14673	0.154592	0.145156	0.00269335	0.010231
