269	20
1	0.15106	0.00111564	0.0607223	0.177453	0.00902061	0.0572191	0.0177302	0.00588868	0.0613003	0.0231376	0.0141581	0.0433893	0.0012756	0.108842	0.063671	0.083464	0.0970518	0.0186021	0.0023478	0.00255124
2	0.0657833	0.00995378	0.00390736	0.00597559	0.0781226	0.00715971	0.0172483	0.108154	0.00742658	0.306815	0.125421	0.00958636	0.00697094	0.0132382	0.0319022	0.0169418	0.033268	0.0961235	0.0233713	0.0326297
3	0.0631115	0.00471465	0.045422	0.0823598	0.00974255	0.0307301	0.0452021	0.012918	0.197173	0.030591	0.0112888	0.0556801	0.0166979	0.0845197	0.181433	0.043706	0.0597549	0.0140833	0.00224382	0.00862772
4	0.0752647	0.000378985	0.239017	0.364204	0.000578628	0.0108157	0.0147837	0.0012093	0.0515218	0.00577623	0.0024139	0.0304526	0.000414042	0.0933456	0.0313998	0.0468975	0.0247337	0.00560459	0.000223199	0.000965264
5	0.0849419	0.00471707	0.0139505	0.0382529	0.00571902	0.0114583	0.0574269	0.0425683	0.0497879	0.26235	0.0398611	0.00237205	0.00101735	0.106097	0.137439	0.0179964	0.0523724	0.0383339	0.0165929	0.0167455
6	0.234843	0.0440691	0.0014075	0.00341109	0.00758096	0.0121262	0.0141068	0.0782694	0.00184609	0.0091148	0.00158166	0.011405	0.00717789	0.00208255	0.00953584	0.0570757	0.0903066	0.409184	0.00375052	0.00112597
7	0.00745908	0.000702432	0.000932061	0.0047848	0.0159464	0.000992756	0.00240413	0.395528	0.000856433	0.312178	0.107353	0.00418809	0.00191645	0.00494527	0.00618006	0.00169141	0.00837054	0.11839	0.00180976	0.0033709
8	0.215164	0.00122053	0.113436	0.219068	0.00331618	0.0265783	0.00647432	0.0028108	0.0585781	0.0063955	0.00927129	0.0369188	0.00123976	0.0417943	0.0456113	0.10125	0.0966285	0.00933918	0.00143229	0.0034728
9	0.0259628	0.00256704	0.0130046	0.0041111	0.00319284	0.0110349	0.1928	0.00281692	0.0570488	0.011605	0.00297865	0.40133	0.00149089	0.0371115	0.150619	0.0234152	0.0202885	0.0071522	0.0038059	0.0276643
10	0.0107218	0.00036011	0.000605632	0.00188884	0.0170881	0.00328924	0.00326555	0.0532558	0.000752528	0.72996	0.123027	0.000901299	0.0013712	0.0100293	0.00255822	0.00134446	0.0104825	0.0274512	0.00119128	0.000456052
11	0.106305	0.00241597	0.301442	0.099136	0.00543207	0.0740987	0.0640547	0.00588839	0.010117	0.00791414	0.00426628	0.00760453	0.148593	0.0141465	0.0159931	0.0791087	0.015173	0.0122647	0.00167457	0.0243722
12	0.0942338	0.00167814	0.127269	0.209735	0.0350618	0.00859765	0.101191	0.037087	0.0363679	0.0571446	0.00348774	0.0266984	0.00398375	0.0699861	0.0190199	0.0354408	0.0469923	0.0373911	0.00102253	0.0476118
13	0.0372639	0.011923	0.00294041	0.0068055	0.104526	0.00302755	0.05151	0.0598343	0.0099027	0.284961	0.102165	0.0112564	0.00245923	0.0119832	0.0321981	0.0104124	0.019907	0.0716093	0.0240714	0.141243
14	0.0530781	0.012319	0.00136515	0.00197682	0.0201361	0.00364239	0.00178134	0.224602	0.00209067	0.133905	0.0371051	0.00636119	0.00327918	0.00521783	0.00303887	0.00836495	0.0379757	0.439829	0.000645022	0.00328616
15	0.0468377	0.00134042	0.0607196	0.444655	0.00610962	0.0366214	0.00953598	0.0155566	0.0245492	0.0664118	0.0170996	0.0195566	0.025401	0.0352703	0.0193065	0.0310406	0.0233287	0.0726777	0.000911176	0.0430706
16	0.0334473	0.00161397	0.00322345	0.252405	0.00289301	0.00394721	0.00434285	0.016834	0.0276983	0.0772011	0.00246045	0.00476827	0.00219193	0.285795	0.143175	0.0331447	0.0967082	0.00479157	0.000845485	0.00251251
17	0.0272176	0.00130578	0.00166359	0.00823825	0.488989	0.00235454	0.0181334	0.0215327	0.00797502	0.0550087	0.0422537	0.00245619	0.0011409	0.00843984	0.0147417	0.00376047	0.0155397	0.00875012	0.0314888	0.23901
18	0.347234	0.0113389	0.00440814	0.109142	0.00606821	0.0151521	0.011365	0.074161	0.0113889	0.0112337	0.00573052	0.0100024	0.00451314	0.010439	0.0510587	0.0687998	0.0513121	0.190263	0.00187558	0.00451313
19	0.149912	0.00140889	0.115437	0.28273	0.00371409	0.0224627	0.0148188	0.00529851	0.112153	0.00641376	0.00477667	0.020066	0.00164905	0.0754839	0.0853312	0.0453788	0.0450847	0.00546866	0.000206673	0.00220601
20	0.0803476	0.00465152	0.00585722	0.00620147	0.00600387	0.00493025	0.0503812	0.00346092	0.0459469	0.0343406	0.00572328	0.405123	0.00182926	0.056232	0.179353	0.0361972	0.0228383	0.0164519	0.0124545	0.021676
21	0.0920313	0.00156457	0.0146076	0.0116713	0.00224677	0.729904	0.0100468	0.0027355	0.00662656	0.00825045	0.00566976	0.0397923	0.00217182	0.0069585	0.00590328	0.0370995	0.0120396	0.00404859	0.000968357	0.0056637
22	0.248561	0.0283797	0.00133604	0.00359348	0.0140441	0.0273905	0.0145647	0.0813159	0.00181612	0.0155577	0.0146489	0.00874545	0.0060604	0.00302997	0.00813081	0.0471766	0.0866509	0.384895	0.00244767	0.00165498
23	0.00943153	0.00161585	0.00392202	0.0551199	0.0154175	0.0043842	0.149817	0.0902592	0.188894	0.00496658	0.00277814	0.0181224	0.00186638	0.158719	0.106965	0.0062922	0.0966475	0.0425419	0.0011018	0.0411385
24	0.0346185	0.00957437	0.00241542	0.0025951	0.0141803	0.00309009	0.0013167	0.328756	0.00154919	0.0806032	0.0244392	0.00614801	0.00115421	0.00281405	0.00274444	0.00857721	0.0344001	0.434578	0.00148762	0.00495827
25	0.0275923	0.0238388	0.00304977	0.00783267	0.126658	0.00496899	0.302228	0.018195	0.0157724	0.065355	0.00890936	0.0161923	0.00182096	0.00508543	0.0111307	0.00637784	0.00920837	0.040658	0.0177695	0.287356
26	0.026989	0.00305023	0.0016372	0.011764	0.419117	0.00281555	0.0264548	0.0199887	0.0090794	0.0618143	0.0383688	0.00388475	0.00112214	0.00926414	0.0191774	0.00391895	0.014849	0.0168817	0.0474316	0.262391
27	0.138526	0.590762	0.00516902	0.0214646	0.00396912	0.0310434	0.00606326	0.0101842	0.00605093	0.00797996	0.00523435	0.019563	0.00362055	0.00792589	0.00985808	0.0689944	0.0298831	0.0270277	0.00151152	0.00516908
28	0.138678	0.00667399	0.0399793	0.223169	0.0148883	0.0159402	0.0237805	0.0142589	0.176761	0.0150883	0.0113617	0.0210475	0.00755589	0.0852002	0.10051	0.0518087	0.0411247	0.00764277	0.000449101	0.00408159
29	0.0111048	0.00211953	0.233203	0.0328353	0.00275726	0.00535652	0.00439823	0.00612795	0.041731	0.0125468	0.00306368	0.159986	0.00221189	0.00462243	0.0277161	0.0769543	0.364303	0.0058023	0.000980529	0.0021788
30	0.474267	0.00208303	0.0391838	0.0180071	0.00371567	0.160471	0.00576174	0.0142702	0.0249941	0.0061515	0.00248008	0.00479326	0.069799	0.00605315	0.01786	0.0626374	0.0663155	0.0183841	0.000885516	0.00188681
31	0.146844	0.000776979	0.1366	0.327903	0.00197605	0.0149713	0.0124293	0.00496003	0.106999	0.00308832	0.00230946	0.0150117	0.00136572	0.0601054	0.0748431	0.0436416	0.0370797	0.00551571	0.000216014	0.003363
32	0.0404163	0.000582235	0.269747	0.457979	0.00105984	0.00888211	0.0135351	0.00147622	0.0235727	0.00591659	0.00379336	0.0141569	0.000805474	0.0902421	0.0139756	0.0217744	0.0269163	0.00365572	0.000414564	0.00109851
33	0.179944	0.00539112	0.00487435	0.0159313	0.0887372	0.0261957	0.057696	0.0617458	0.0137591	0.0981596	0.0756618	0.0166231	0.00262555	0.0136179	0.0288497	0.0181621	0.0411006	0.171648	0.00709006	0.072187
34	0.0911499	0.179257	0.00487667	0.00696638	0.0041194	0.00611265	0.0255946	0.0249845	0.00670873	0.0452179	0.00413962	0.133892	0.00301385	0.0836947	0.199055	0.0702443	0.069043	0.036751	0.00177228	0.00340588
35	0.0297339	0.0198359	0.00876056	0.012654	0.0212115	0.00458368	0.00349143	0.436552	0.00187186	0.137726	0.0454085	0.00658217	0.00232077	0.00223151	0.0084533	0.0139046	0.0486528	0.173883	0.00110132	0.021041
36	0.042782	0.00889033	0.000987386	0.000588855	0.0165025	0.000936861	0.0004593	0.251606	0.00161951	0.0841612	0.0277992	0.00743224	0.000469313	0.00338662	0.0019046	0.00535893	0.0242855	0.516958	0.000150455	0.00372073
37	0.0645281	0.010147	0.00635419	0.0219431	0.012051	0.0234194	0.0638278	0.0515146	0.0431873	0.295035	0.0373039	0.00235606	0.0010191	0.0701742	0.119972	0.02684	0.0630917	0.0522731	0.00610832	0.0288547
38	0.0702968	0.00052637	0.218288	0.172096	0.000947889	0.0901981	0.014261	0.0014319	0.0928761	0.00658442	0.000839758	0.0719811	0.000655104	0.0888083	0.0934466	0.0489931	0.0251919	0.00160281	0.000269798	0.000704815
39	0.00986413	0.00247435	0.00120742	0.00596411	0.0158765	0.0014715	0.0034109	0.448429	0.00107554	0.271105	0.0744634	0.003662	0.0027575	0.00198679	0.00494293	0.00268688	0.0139404	0.1257	0.00128873	0.00769275
40	0.0866456	0.0252778	0.00203861	0.00220247	0.0330101	0.00112714	0.00195216	0.169767	0.0010866	0.199803	0.0558896	0.00259942	0.00969482	0.0079996	0.00164705	0.0141815	0.0726469	0.310261	0.000440863	0.00172923
41	0.0239572	0.000880565	0.077004	0.0551614	0.00160362	0.313189	0.0342892	0.00212145	0.0941128	0.00351483	0.00157823	0.241128	0.00112373	0.081617	0.0198917	0.0384986	0.00551067	0.00282857	0.000647164	0.00134187
42	0.471781	0.0932463	0.00246065	0.0040251	0.00250023	0.140926	0.0033897	0.0346749	0.00295621	0.00346322	0.0162561	0.00321752	0.00194607	0.00619546	0.0136734	0.0235038	0.0252201	0.138943	0.000740859	0.0108811
43	0.0146288	0.000872823	0.0289581	0.0255228	0.00133281	0.0290596	0.051893	0.00168611	0.526463	0.0021903	0.00110263	0.0344674	0.00375667	0.0191315	0.192256	0.0134968	0.049613	0.00206621	0.000370288	0.00113236
44	0.0137408	0.00144632	0.00353124	0.0138971	0.0025855	0.0042648	0.0713272	0.00342517	0.227007	0.0475908	0.0135588	0.066301	0.00187718	0.0774404	0.129995	0.118163	0.180189	0.0205865	0.000863282	0.00221038
45	0.042782	0.00889033	0.000987386	0.000588855	0.0165025	0.000936861	0.0004593	0.251606	0.00161951	0.0841612	0.0277992	0.00743224	0.000469313	0.00338662	0.0019046	0.00535893	0.0242855	0.516958	0.000150455	0.00372073
46	0.0341209	0.00683324	0.00114905	0.00127425	0.0118231	0.0024669	0.000718351	0.323995	0.00157429	0.0675265	0.0197587	0.00595653	0.000565903	0.00276256	0.00204044	0.00573578	0.0254459	0.481391	0.00132071	0.00354023
47	0.0299246	0.0023436	0.0300219	0.0351568	0.00405663	0.0276201	0.0467122	0.00508064	0.420142	0.00954358	0.00501996	0.0413856	0.0128513	0.0297782	0.212868	0.0260236	0.0504775	0.00655167	0.00109242	0.00334994
48	0.276146	0.00978346	0.0233301	0.0209115	0.0075212	0.104964	0.0101006	0.00722467	0.0171004	0.0136984	0.00400075	0.0136785	0.0185893	0.0335413	0.0279772	0.279588	0.0843428	0.0374095	0.00369245	0.00639981
49	0.0445874	0.00381372	0.0406362	0.0556408	0.00784371	0.0310593	0.049998	0.0124205	0.372651	0.0213708	0.00817792	0.044805	0.0116631	0.0393325	0.144161	0.0333531	0.0532829	0.0136677	0.00195999	0.0095761
50	0.0650998	0.00937521	0.0184826	0.0217127	0.00798307	0.0337093	0.0113937	0.0113453	0.01533	0.0120019	0.00725986	0.0275939	0.0091124	0.0163927	0.0194639	0.310579	0.369162	0.0195452	0.00526461	0.00919249
51	0.0249341	0.00587554	0.00256418	0.00594143	0.0218423	0.00411377	0.00362453	0.352504	0.00171362	0.255753	0.107597	0.0053169	0.00219103	0.00703004	0.00873933	0.00716294	0.0230619	0.149169	0.00283454	0.00803238
52	0.0921648	0.0225859	0.00185918	0.00208078	0.0324511	0.00102634	0.0020605	0.152192	0.0010116	0.204663	0.0510414	0.00191108	0.0122116	0.00806216	0.00146014	0.0157933	0.0930587	0.303246	0.000391138	0.000728732
53	0.0265526	0.00202054	0.0015909	0.0131172	0.00234038	0.0178327	0.00159909	0.00674738	0.00396414	0.00322317	0.00194863	0.00893557	0.00685345	0.00757192	0.00332843	0.290223	0.591803	0.0054089	0.000433037	0.00450578
54	0.0670405	0.00163802	0.198929	0.362484	0.00375133	0.0213706	0.0170915	0.00486201	0.0469565	0.0101681	0.00545165	0.0264222	0.0078386	0.0785023	0.0312505	0.0419983	0.0568617	0.00989634	0.00137999	0.00610708
55	0.0792807	0.0065558	0.132988	0.356331	0.00773869	0.0241335	0.0208163	0.0109473	0.0614535	0.0183354	0.00885817	0.0297315	0.0175588	0.0760936	0.0400088	0.0392064	0.0409551	0.0180929	0.00116759	0.00974748
56	0.0660377	0.0273798	0.00488344	0.00526937	0.0266533	0.00225991	0.00186466	0.258851	0.0012587	0.163402	0.0567151	0.00441008	0.00598225	0.00526198	0.0030872	0.0145809	0.0666292	0.278147	0.000549758	0.00677632
57	0.027929	0.00111108	0.0813701	0.0689254	0.00154538	0.379661	0.0378614	0.00206679	0.064187	0.00569995	0.00168845	0.194066	0.00102603	0.0584211	0.0213029	0.0414219	0.00701943	0.00291363	0.000633115	0.00115011
58	0.00943771	0.000346572	0.000568986	0.00179209	0.0170106	0.00293867	0.00328973	0.0458816	0.000735988	0.74479	0.121885	0.00076275	0.0013252	0.00986373	0.00231058	0.00112857	0.00996488	0.024489	0.00105591	0.000422594
59	0.0749438	0.00309399	0.0820724	0.0204695	0.00984297	0.0255191	0.0135761	0.00671153	0.059104	0.021848	0.00772891	0.171325	0.150316	0.0400905	0.143452	0.0402799	0.111748	0.011725	0.00215643	0.0039968
60	0.101181	0.00138141	0.147524	0.243694	0.00222408	0.0065951	0.159308	0.00319618	0.0414602	0.00467811	0.00202809	0.00643536	0.136762	0.0560618	0.0265412	0.0348053	0.00666244	0.0155033	0.000875993	0.00308236
61	0.143009	0.00394106	0.00415246	0.0373742	0.177747	0.0205156	0.100244	0.00979893	0.00616826	0.0289296	0.0240491	0.0226664	0.00213218	0.00538127	0.0384544	0.00796053	0.0250333	0.14799	0.00424846	0.190204
62	0.00943771	0.000346572	0.000568986	0.00179209	0.0170106	0.00293867	0.00328973	0.0458816	0.000735988	0.74479	0.121885	0.00076275	0.0013252	0.00986373	0.00231058	0.00112857	0.00996488	0.024489	0.00105591	0.000422594
63	0.152664	0.00147461	0.0361724	0.395385	0.0142635	0.0355486	0.0193712	0.0267268	0.0588068	0.0325411	0.0369205	0.0118304	0.00231513	0.0960374	0.0244896	0.0136609	0.0314074	0.0071634	0.000920987	0.0022996
64	0.0479038	0.00126996	0.0894744	0.0474489	0.00226579	0.492077	0.0206339	0.00234808	0.0372322	0.00561645	0.00262001	0.155457	0.00158876	0.0342466	0.0155125	0.0298725	0.00774341	0.00349465	0.000733303	0.00246029
65	0.0304799	0.0224821	0.00872158	0.0100941	0.0205338	0.00472457	0.00207527	0.404776	0.00162784	0.12156	0.0498866	0.00687062	0.000969706	0.00217636	0.00587895	0.0143461	0.0470879	0.227039	0.000987705	0.0176817
66	0.0301106	0.000590563	0.0889131	0.404299	0.00754063	0.031074	0.0113966	0.001739	0.0919174	0.00611549	0.00150871	0.0457625	0.0304721	0.0964114	0.0520134	0.0222545	0.0461281	0.0168063	0.000297793	0.014649
67	0.232477	0.0543038	0.00175747	0.00372787	0.00667701	0.0114338	0.012721	0.0759134	0.00200135	0.0132717	0.00240527	0.0111453	0.00940126	0.0025183	0.0117646	0.0609473	0.0866563	0.394802	0.00486178	0.00121343
68	0.0348849	0.0128609	0.00307848	0.00220802	0.0203237	0.00159266	0.000940476	0.276909	0.00271142	0.0888172	0.0316761	0.0110526	0.00051029	0.00448917	0.00396851	0.00760374	0.0334235	0.45459	0.000383467	0.00797637
69	0.0610762	0.000665975	0.217901	0.412487	0.00315354	0.0140869	0.0157426	0.00321218	0.0467476	0.00841236	0.00427683	0.0204808	0.0070082	0.0845872	0.0283522	0.0295217	0.0298042	0.00740695	0.000668561	0.00440853
70	0.0207252	0.000584308	0.00131817	0.01213	0.00304157	0.013722	0.00158006	0.00531037	0.00365553	0.00440795	0.00100153	0.00748006	0.00589773	0.00573042	0.00412169	0.315777	0.582434	0.00453552	0.000500358	0.00604686
71	0.0727854	0.00585952	0.260742	0.193567	0.0073896	0.0477326	0.023203	0.0123465	0.0529589	0.0151526	0.00776447	0.038565	0.0233491	0.0586381	0.049409	0.0542211	0.0500096	0.0166385	0.00226189	0.00740649
72	0.0154869	0.00172459	0.000751238	0.00229197	0.0208969	0.00344822	0.0045339	0.0679379	0.00147786	0.679113	0.119687	0.0014175	0.00227038	0.0101971	0.00443144	0.00256419	0.0141384	0.0430208	0.00191924	0.00269129
73	0.254728	0.0215978	0.00867305	0.00712216	0.00416651	0.517609	0.00691474	0.0122376	0.00662352	0.0106499	0.00847553	0.0137047	0.00756134	0.00586383	0.0105265	0.0413699	0.0201038	0.0345786	0.00112636	0.00636714
74	0.0823861	0.00744234	0.142797	0.34492	0.00662089	0.0347495	0.0227348	0.0107361	0.0517974	0.0190287	0.0100265	0.0273402	0.0137561	0.0736247	0.0369258	0.0443386	0.0426646	0.0187086	0.00153425	0.00786731
75	0.025695	0.00233608	0.00149129	0.00975051	0.455337	0.00256226	0.0242335	0.020065	0.00827255	0.0589271	0.0390658	0.00304825	0.00109156	0.00851517	0.0174215	0.00371611	0.0143137	0.0127374	0.0371393	0.254281
76	0.0260903	0.00664113	0.00206289	0.00466777	0.020756	0.00205061	0.00337916	0.344143	0.00154615	0.259773	0.0794045	0.00474657	0.00325698	0.00516704	0.00572204	0.00573775	0.0257853	0.191535	0.00160572	0.00592871
77	0.0535017	0.0134154	0.00120527	0.00127737	0.0200468	0.00094123	0.00082732	0.229218	0.00139636	0.147033	0.0410941	0.00513498	0.00371252	0.00718543	0.00200766	0.00739314	0.0383507	0.423169	0.000290076	0.00279928
78	0.066827	0.00289003	0.122704	0.298861	0.00666342	0.0259161	0.024602	0.0098621	0.055752	0.0248404	0.00679487	0.0327516	0.0109414	0.137794	0.0569892	0.0422209	0.0502928	0.0131041	0.00266928	0.00752457
79	0.010205	0.00130492	0.00144635	0.00560315	0.0183832	0.00181206	0.00328936	0.217045	0.0010659	0.512079	0.116541	0.00289165	0.00151035	0.00742897	0.00539138	0.00243478	0.012891	0.071323	0.00383826	0.00351534
80	0.0507346	0.00052539	0.252042	0.414724	0.00130378	0.00799209	0.0168809	0.00178627	0.0333663	0.0083986	0.00518764	0.0204897	0.00115987	0.103582	0.0175133	0.0320947	0.0258861	0.00474924	0.000224229	0.00135954
81	0.121214	0.00182389	0.0207831	0.0347403	0.00257481	0.0192348	0.114672	0.00389938	0.114805	0.0189714	0.0311787	0.00468281	0.319742	0.00465371	0.0728895	0.00769243	0.0969262	0.00588434	0.0011165	0.00251576
82	0.101118	0.0215804	0.0138717	0.0148441	0.00341616	0.0107631	0.00844453	0.00576371	0.00958157	0.00791739	0.00797964	0.0209963	0.647956	0.0174693	0.0111929	0.0467739	0.0259529	0.0192926	0.00144177	0.00364349
83	0.116215	0.00709046	0.0122902	0.0172802	0.0127737	0.0304407	0.0173209	0.0183353	0.0126942	0.0490091	0.0129863	0.0233476	0.0081635	0.0201441	0.0207023	0.309359	0.201724	0.0682084	0.00605483	0.0358603
84	0.0753231	0.0116167	0.0291399	0.048652	0.0348071	0.0256499	0.266091	0.0227385	0.0447732	0.0506207	0.0162172	0.0638635	0.0168189	0.0484657	0.0486765	0.0377286	0.0388125	0.0351514	0.00714725	0.0777064
85	0.0210835	0.00582883	0.00163863	0.00453288	0.0188744	0.00268338	0.00240708	0.380978	0.00104051	0.251903	0.0863685	0.0041628	0.00245214	0.00414574	0.00477091	0.00459333	0.020752	0.174847	0.00153635	0.00540138
86	0.04067	0.00828643	0.000977509	0.000605476	0.0157716	0.00112635	0.00050029	0.258005	0.00165798	0.0821907	0.0262294	0.00720492	0.000492027	0.00330799	0.00189483	0.00528761	0.0250017	0.516878	0.000309167	0.00360289
87	0.204002	0.00150212	0.00197491	0.00325521	0.047763	0.0898472	0.0110765	0.0826475	0.00249239	0.109724	0.124482	0.00322205	0.00265681	0.00775498	0.00402789	0.011761	0.0605503	0.217612	0.0110068	0.00263977
88	0.103665	0.0212829	0.00992513	0.0130637	0.0032597	0.0109994	0.00763083	0.00501795	0.00873458	0.00772406	0.00767226	0.0194483	0.664074	0.0166506	0.0101479	0.0472737	0.0235042	0.0149976	0.00167211	0.0032561
89	0.461252	0.0996141	0.00256616	0.00426667	0.00253086	0.12883	0.00407899	0.03605	0.00307601	0.00395753	0.0140346	0.00401376	0.00284582	0.00587385	0.0122606	0.0281247	0.0315363	0.144283	0.00135823	0.00944632
90	0.0093424	0.00257318	0.000995811	0.00480106	0.0168788	0.00140386	0.00241834	0.431185	0.000820932	0.273137	0.0935841	0.00368781	0.00197758	0.0030891	0.00463407	0.00236511	0.010844	0.130016	0.00125077	0.00499494
91	0.175518	0.010213	0.0311982	0.0719168	0.0230842	0.0407597	0.222108	0.0169797	0.0391963	0.0326482	0.0134324	0.0373787	0.0194519	0.0420209	0.0444871	0.0554548	0.0437781	0.0360769	0.00505439	0.0392427
92	0.0528911	0.0100074	0.00508559	0.0149391	0.0348562	0.0154671	0.0503747	0.0657173	0.0365346	0.308524	0.0687909	0.00436339	0.00157522	0.0592251	0.100962	0.0196743	0.0444694	0.0652841	0.00905495	0.0322026
93	0.00901614	0.00306221	0.121464	0.0333429	0.0046294	0.0134048	0.00758363	0.00537661	0.0555493	0.0162188	0.00383791	0.181734	0.00287567	0.00672694	0.0479593	0.127319	0.351126	0.00461475	0.00102785	0.00313133
94	0.0374214	0.000602718	0.0937109	0.396136	0.0115533	0.0343888	0.0191579	0.00435621	0.0839832	0.0136921	0.00230275	0.0390817	0.0282911	0.0834733	0.0437035	0.023035	0.041499	0.0213601	0.000241409	0.0220101
95	0.0492473	0.000467528	0.266732	0.410752	0.000795849	0.00817136	0.0168524	0.00120984	0.0329381	0.00635667	0.0039729	0.0200301	0.000622077	0.102029	0.0190428	0.0308629	0.024975	0.00381279	0.000250371	0.000878663
96	0.00745243	0.000746662	0.00134321	0.00199719	0.00104686	0.00601404	0.0016632	0.505187	0.00177125	0.0194295	0.00121636	0.00311746	0.000774632	0.00204071	0.00213586	0.00713265	0.0138829	0.416136	0.00565784	0.00125493
97	0.323325	0.0129313	0.0280525	0.0337054	0.00499167	0.114489	0.00999173	0.00404769	0.0458742	0.00776275	0.00218743	0.0142895	0.00364668	0.0419916	0.0795525	0.213463	0.0344455	0.0220076	0.000859105	0.00238527
98	0.126759	0.000586066	0.161279	0.330902	0.00125849	0.0186081	0.0123378	0.00337288	0.101128	0.00250595	0.00109549	0.0185287	0.00143409	0.061584	0.0743143	0.0431272	0.0330748	0.00477106	0.000232509	0.00310029
99	0.039812	0.025458	0.0149159	0.0157197	0.0215512	0.00451732	0.00254768	0.331838	0.00192027	0.157653	0.0503936	0.00675075	0.00285665	0.00312615	0.00601435	0.0198536	0.0749715	0.203655	0.00168907	0.0147567
100	0.016631	0.00217793	0.00099008	0.00270343	0.0354991	0.00264287	0.00670271	0.0575338	0.00225243	0.652719	0.130661	0.00294965	0.00161454	0.0105975	0.00888091	0.00327821	0.0123858	0.0361991	0.0051005	0.00848034
101	0.247418	0.00134103	0.0244049	0.138223	0.00244248	0.0180145	0.252476	0.00338693	0.049674	0.00517648	0.00232256	0.023609	0.00235979	0.0548008	0.0639538	0.0590407	0.0199926	0.0283816	0.0010771	0.00190458
102	0.312274	0.0224031	0.00222666	0.00345327	0.0262156	0.0980011	0.00866511	0.0711133	0.00287843	0.059336	0.0866379	0.00354867	0.00205128	0.0117006	0.00635205	0.0152424	0.0455041	0.211738	0.00536036	0.00529856
103	0.163345	0.0121545	0.03906	0.0658437	0.0171917	0.048988	0.0403787	0.017925	0.0653141	0.0355096	0.0160136	0.0558421	0.0209015	0.0464486	0.194714	0.0612801	0.0507071	0.0307564	0.00496813	0.012658
104	0.137409	0.00316249	0.0404966	0.188519	0.0105267	0.0278133	0.0293931	0.0143145	0.166172	0.019814	0.019565	0.0265703	0.00389227	0.110237	0.0994978	0.0390743	0.0473628	0.0114799	0.000416474	0.00428395
105	0.177689	0.0019742	0.0162772	0.0236569	0.0194026	0.00710361	0.0571685	0.0322417	0.0680253	0.0352096	0.0453759	0.0499399	0.00241671	0.0458941	0.0614629	0.0597317	0.0656828	0.191041	0.0014658	0.0382414
106	0.0109182	0.000587453	0.000586171	0.00209661	0.0185633	0.00292773	0.00347754	0.0537717	0.000874459	0.721661	0.126427	0.0010345	0.00118323	0.0105351	0.00331485	0.00134134	0.0105219	0.0275224	0.00142962	0.0012261
107	0.0789911	0.0137221	0.0392885	0.0514646	0.015535	0.03204	0.0444099	0.0241313	0.0972655	0.0524642	0.0205672	0.071271	0.0260183	0.0482437	0.229081	0.0473475	0.054117	0.0340217	0.00494812	0.0150725
108	0.0327998	0.000800049	0.087131	0.374251	0.00663834	0.0340344	0.00926851	0.00191889	0.100042	0.00464999	0.00121737	0.0572773	0.0431127	0.11851	0.0514861	0.0156818	0.0340822	0.0119971	0.000403502	0.0146982
109	0.0680708	0.00253721	0.0700142	0.138109	0.0144313	0.00820306	0.0442838	0.0255361	0.312362	0.017219	0.0251625	0.0194278	0.00288523	0.0663501	0.0925016	0.0260194	0.0276695	0.0157396	0.00076186	0.0227157
110	0.0271867	0.0013048	0.00154757	0.00814646	0.484734	0.00231828	0.0179791	0.0217541	0.00813198	0.055263	0.0424452	0.00244441	0.00112866	0.00860205	0.0147146	0.00361534	0.0154903	0.00862175	0.0319127	0.24266
111	0.0441026	0.0101524	0.00318007	0.00633509	0.0937507	0.00173134	0.0198627	0.0857999	0.00830407	0.348027	0.140415	0.0111178	0.0030394	0.0132181	0.0339308	0.0129272	0.0239077	0.0781885	0.0210311	0.0409778
112	0.117796	0.00143572	0.0742768	0.126589	0.00721152	0.0625733	0.0117132	0.00158022	0.040846	0.0136947	0.00473279	0.0515353	0.000734795	0.095031	0.0392958	0.165062	0.146203	0.0285721	0.00522201	0.0058952
113	0.341107	0.00605071	0.0189124	0.0284074	0.0410096	0.0925835	0.0242479	0.0126189	0.0535425	0.053762	0.00698917	0.0213565	0.0113934	0.0279572	0.0622196	0.130331	0.0393286	0.0210214	0.00167673	0.00548444
114	0.0532703	0.000385299	0.231597	0.387994	0.00177194	0.0136256	0.0140988	0.00128244	0.0540789	0.00528051	0.00245791	0.0263136	0.00541827	0.0990083	0.0337615	0.0318735	0.0288574	0.00571894	0.000221914	0.00298477
115	0.0539186	0.00967866	0.00112738	0.0007725	0.0185502	0.00274489	0.000858602	0.240286	0.00150807	0.0923402	0.033133	0.0065985	0.00145285	0.00386586	0.00190738	0.00704925	0.0300002	0.490278	0.000469665	0.00345985
116	0.0907386	0.00108921	0.00558216	0.00325203	0.000784132	0.795295	0.00631781	0.00160807	0.00203168	0.00664491	0.00534487	0.019451	0.00107366	0.0023923	0.00241931	0.0380396	0.00996244	0.00246782	0.000397451	0.00510835
117	0.00806478	0.00192958	0.000719692	0.00470971	0.0159663	0.00132263	0.00238097	0.433806	0.000784443	0.279099	0.0927468	0.00361084	0.00199232	0.00276071	0.00452677	0.00196584	0.00988438	0.127899	0.00122299	0.0046068
118	0.0211399	0.000736144	0.00151452	0.013261	0.00254067	0.0145006	0.00145241	0.0056518	0.00420998	0.00351388	0.00110437	0.00882674	0.00613653	0.00595577	0.00338361	0.298519	0.598019	0.00406553	0.0004615	0.00500674
119	0.0865834	0.00732405	0.0136783	0.0120051	0.00203833	0.723221	0.00913669	0.00437654	0.00649413	0.00850324	0.00555674	0.029777	0.00335244	0.00706757	0.00809787	0.0422386	0.0183876	0.0063625	0.000717709	0.00508174
120	0.444991	0.112723	0.00284875	0.00429064	0.00254669	0.155166	0.00343136	0.0298783	0.00328565	0.00372273	0.0138103	0.00370827	0.00216661	0.0062369	0.0122915	0.0264296	0.0236919	0.138183	0.000871263	0.00972684
121	0.0592693	0.027547	0.0361475	0.0324019	0.0113927	0.0555189	0.0676558	0.0214374	0.0486207	0.028942	0.0130503	0.289084	0.0175828	0.0393168	0.0808337	0.0511995	0.0728423	0.0281369	0.00450046	0.0145196
122	0.0309589	0.00189229	0.00187963	0.00802228	0.456872	0.00265541	0.0172868	0.0271221	0.00824267	0.0736748	0.0532568	0.00302625	0.00133437	0.00892285	0.015635	0.00433673	0.0179144	0.0136659	0.0311372	0.222163
123	0.202029	0.00161403	0.00202233	0.00401164	0.0468826	0.0954227	0.0120019	0.0852499	0.00311829	0.123863	0.114218	0.00357592	0.00284985	0.00829363	0.00528653	0.012444	0.0563933	0.207536	0.0101449	0.00304226
124	0.0417978	0.00873868	0.000979467	0.00059664	0.0159337	0.0010048	0.000460698	0.259017	0.00160224	0.0819888	0.0269893	0.00712701	0.000462221	0.00323808	0.00188929	0.00520188	0.0239116	0.515151	0.000265537	0.00364432
125	0.257728	0.0190285	0.0322987	0.0230333	0.00821612	0.0655623	0.0138226	0.0116665	0.0114637	0.0160716	0.00784088	0.0145907	0.237621	0.0177326	0.0174875	0.129207	0.0676662	0.0412861	0.00190194	0.00577464
126	0.0727897	0.00038018	0.242771	0.358131	0.000600219	0.0139134	0.0147778	0.00118262	0.0519941	0.00572219	0.00236659	0.0328734	0.000492826	0.0929686	0.033095	0.0456873	0.0239364	0.00518657	0.000203281	0.00092726
127	0.0153453	0.00215579	0.0281143	0.0600788	0.00297055	0.00935139	0.00413334	0.0196029	0.0553598	0.00804606	0.00331142	0.06484	0.00483184	0.00612533	0.013123	0.175849	0.51648	0.00557761	0.00127661	0.0034267
128	0.0798733	0.000971191	0.0105712	0.00744066	0.00136361	0.770544	0.00839082	0.00256876	0.00374415	0.00776421	0.00562667	0.0269026	0.0022538	0.00523006	0.00441129	0.0372319	0.0159081	0.00342422	0.000799428	0.00497954
129	0.148729	0.0220408	0.043602	0.0506279	0.00639436	0.0816189	0.0437815	0.0230367	0.0076275	0.0247567	0.0217697	0.0168815	0.00550742	0.0144667	0.0086338	0.243182	0.189652	0.0140549	0.0263335	0.00730312
130	0.123274	0.162151	0.00395936	0.00582668	0.00385791	0.0212471	0.0075758	0.0735981	0.00385455	0.0248663	0.00272514	0.0222559	0.00507911	0.00517712	0.00773806	0.0435897	0.0967205	0.355274	0.0286141	0.00261561
131	0.0613333	0.0219621	0.00633666	0.00653184	0.0276202	0.00214384	0.00228824	0.23589	0.00143576	0.185534	0.0529914	0.00470731	0.00803929	0.00570787	0.00347076	0.0169893	0.0949253	0.254408	0.00105967	0.00662529
132	0.0367724	0.0236511	0.00879272	0.00717883	0.0242333	0.00324919	0.00158186	0.314328	0.00215467	0.110445	0.0431562	0.011742	0.00114517	0.00378886	0.00506745	0.0150163	0.0518029	0.322357	0.00095471	0.0125825
133	0.0267773	0.00111092	0.00357899	0.0415947	0.00297474	0.0166092	0.00250175	0.00789192	0.00868386	0.00428373	0.00147254	0.0106109	0.00745142	0.00727941	0.00409807	0.27605	0.56723	0.00437249	0.000698351	0.00472935
134	0.0606145	0.0158405	0.0413168	0.0375787	0.0133183	0.048638	0.066757	0.0180684	0.0531279	0.0295128	0.0129478	0.310749	0.0192728	0.0435194	0.0777521	0.0497378	0.0606616	0.0193515	0.00434749	0.0168882
135	0.0789027	0.00638282	0.14595	0.361021	0.00931479	0.0259145	0.0238392	0.0136664	0.0511862	0.0198951	0.0092167	0.0250771	0.013932	0.074713	0.0350943	0.037559	0.0355451	0.02099	0.00204384	0.00975609
136	0.0896763	0.00189867	0.00933595	0.00648979	0.00100193	0.772617	0.00771123	0.00255106	0.00425277	0.00823262	0.00570884	0.0248415	0.00198246	0.00410712	0.00396307	0.0352048	0.0110713	0.00344816	0.000736836	0.00516866
137	0.067551	0.0139596	0.0460802	0.0413046	0.0122149	0.0497425	0.0693327	0.0157083	0.0501084	0.0259225	0.0113238	0.29697	0.0248522	0.0425911	0.0760357	0.0483405	0.0629678	0.0218917	0.004848	0.0182542
138	0.243315	0.00512691	0.00972243	0.0516362	0.0101577	0.299203	0.012165	0.128255	0.0119991	0.0940402	0.00945126	0.0134922	0.00740622	0.0136412	0.0134991	0.0235377	0.0240409	0.0193664	0.0032756	0.00666947
139	0.0468556	0.00317106	0.422089	0.127048	0.00416513	0.0650658	0.0187507	0.00634666	0.0334853	0.00954546	0.00466489	0.0291518	0.0245704	0.0368448	0.0868523	0.0377436	0.0254944	0.00939848	0.00160103	0.00715495
140	0.00948385	0.000347072	0.000576428	0.00180945	0.0170623	0.00293908	0.00325175	0.0490971	0.000753941	0.735034	0.127306	0.000807008	0.0012941	0.0105061	0.00264433	0.00117309	0.00978498	0.0246484	0.00105665	0.000424875
141	0.114692	0.0517417	0.00736825	0.0039346	0.0023069	0.0429431	0.00656255	0.0178546	0.00219328	0.00711682	0.0211113	0.0354856	0.005074	0.0199412	0.0037726	0.273369	0.32986	0.0520337	0.00101258	0.00162628
142	0.109511	0.0326508	0.00774904	0.00410441	0.00183245	0.0402078	0.00763214	0.0236036	0.00195306	0.00778288	0.0276642	0.0416739	0.00162954	0.0231065	0.00311668	0.265455	0.351704	0.0460244	0.00114935	0.00144927
143	0.121462	0.0206878	0.00823061	0.00521239	0.00289657	0.0289401	0.0184293	0.0321637	0.00281627	0.0177713	0.0178137	0.0538955	0.00214379	0.0162911	0.00508875	0.274541	0.317436	0.0493075	0.00160393	0.00326828
144	0.09257	0.025255	0.00187163	0.00212357	0.0356085	0.00102026	0.00206213	0.149708	0.000959647	0.213872	0.0553879	0.00165958	0.0122701	0.00878997	0.00142359	0.0160588	0.088388	0.289906	0.00040553	0.000659726
145	0.112963	0.0271546	0.00658237	0.011166	0.00230974	0.0104858	0.00477498	0.00379337	0.00452402	0.00491813	0.00646076	0.0192279	0.673113	0.0185154	0.00614257	0.0477731	0.021632	0.0147005	0.00122504	0.00253732
146	0.022443	0.00207978	0.0848504	0.0269203	0.00513424	0.0290614	0.0159631	0.00356482	0.347437	0.0113721	0.00309569	0.0799979	0.131833	0.0192942	0.151511	0.0136715	0.0428477	0.0051033	0.00124604	0.00257302
147	0.0667585	0.016683	0.00298419	0.00321948	0.024541	0.0012437	0.00145587	0.186511	0.00133757	0.16278	0.0422512	0.00362397	0.0097271	0.00635003	0.00184074	0.0144131	0.101565	0.350155	0.000434674	0.00212446
148	0.0245139	0.00546721	0.00887905	0.0128995	0.00766372	0.0118863	0.310512	0.00844557	0.0108672	0.0798405	0.00723954	0.0962154	0.00584767	0.306727	0.0129521	0.0180023	0.0181303	0.0124682	0.00247704	0.0389658
149	0.0118896	0.00200948	0.00123776	0.00170014	0.00331359	0.00546432	0.00147869	0.474691	0.00164883	0.0317285	0.00535397	0.00364493	0.000687395	0.00211904	0.00204972	0.00672191	0.0160371	0.421878	0.00455541	0.0017907
150	0.258631	0.0386275	0.00149165	0.0046003	0.00807387	0.0141283	0.0178558	0.076017	0.00186988	0.0082863	0.00204645	0.00996722	0.0068289	0.00234966	0.0103446	0.0582979	0.0891043	0.387273	0.00282692	0.00137937
151	0.0829263	0.0244412	0.00297143	0.00287597	0.0411167	0.00127932	0.00249307	0.160693	0.00132365	0.21443	0.0519354	0.00382584	0.0106627	0.00752577	0.00251601	0.0198576	0.0917771	0.273593	0.0011596	0.00259623
152	0.0926145	0.0239739	0.00257372	0.00266144	0.0389899	0.00370821	0.00290477	0.150196	0.00121586	0.194472	0.06534	0.00292041	0.0112717	0.0077156	0.00192421	0.0182632	0.095729	0.281084	0.000959699	0.00148208
153	0.0766537	0.011723	0.0143859	0.0189633	0.00501147	0.153898	0.0097392	0.0113144	0.0093556	0.0099925	0.00932847	0.0243153	0.00989983	0.0148093	0.00969238	0.231621	0.351344	0.0170867	0.00419692	0.00666826
154	0.00769741	0.00143467	0.000735407	0.00455661	0.0159526	0.00114364	0.00234203	0.418323	0.000770727	0.292474	0.0998752	0.00373931	0.00189023	0.00371976	0.00501959	0.00172186	0.00923287	0.12411	0.00132999	0.00393167
155	0.0616849	0.000888962	0.224904	0.389285	0.00287106	0.021045	0.0204349	0.00368783	0.0424549	0.00914017	0.004091	0.0221008	0.00977488	0.0809699	0.029762	0.0323591	0.0296633	0.00904786	0.000806383	0.00502845
156	0.0223889	0.00220103	0.0270001	0.0232925	0.00386984	0.0263493	0.0424832	0.00501545	0.42225	0.00806756	0.0049247	0.0376518	0.0117756	0.0218705	0.266845	0.018185	0.0450916	0.00618964	0.00132534	0.00322339
157	0.0101498	0.00230019	0.000720154	0.00428004	0.0159819	0.00104258	0.0023584	0.395272	0.000773186	0.299338	0.0958164	0.00369235	0.00214111	0.00410868	0.00456384	0.00151157	0.00901781	0.142293	0.00132208	0.00331752
158	0.0512412	0.0131852	0.00138286	0.0012429	0.0185951	0.000952928	0.00068288	0.233027	0.00148018	0.118365	0.034674	0.00595046	0.00245949	0.00482444	0.0018444	0.00729765	0.0361213	0.463316	0.000196516	0.00316085
159	0.182013	0.0105818	0.0479955	0.133488	0.00657035	0.0240073	0.0426346	0.00958629	0.0233199	0.0122086	0.00878111	0.0138974	0.332538	0.0261808	0.0195113	0.0504202	0.0273264	0.0202968	0.00216377	0.00647898
160	0.0128156	0.00808774	0.0718915	0.0292085	0.0247304	0.0636762	0.0302374	0.00347316	0.0920722	0.0075497	0.00884355	0.115969	0.00947663	0.0320452	0.103744	0.228666	0.137077	0.00527437	0.00110796	0.0140545
161	0.0442431	0.0101924	0.00298924	0.00591805	0.0970264	0.0017533	0.0205892	0.0819903	0.00826456	0.341741	0.143523	0.0112434	0.00297522	0.0136587	0.0345108	0.0127542	0.0237537	0.0775859	0.022103	0.0431842
162	0.156303	0.00067813	0.143771	0.331344	0.00139576	0.0129445	0.0101549	0.00381014	0.0993189	0.00215425	0.00220495	0.0161171	0.00115989	0.049757	0.068375	0.0518945	0.0395597	0.00465549	0.000289491	0.00411226
163	0.172052	0.00192733	0.0853976	0.185072	0.00537609	0.0129513	0.245418	0.00668922	0.0326282	0.00924003	0.00311974	0.0271684	0.0312366	0.0422188	0.0354378	0.0606029	0.0163974	0.0205246	0.00109233	0.00544994
164	0.175541	0.00872403	0.00145861	0.00225449	0.0529372	0.0460363	0.0124065	0.0975797	0.00214265	0.157058	0.108169	0.00286141	0.00501256	0.00719217	0.00456308	0.0125956	0.0664085	0.22537	0.00661217	0.00507705
165	0.281139	0.00182439	0.107349	0.0428769	0.0345162	0.0802622	0.00998707	0.0052352	0.00599966	0.0215286	0.00444322	0.00556351	0.0840604	0.0394121	0.00941582	0.146107	0.0427922	0.0717993	0.00126439	0.0044232
166	0.100117	0.0204328	0.00199939	0.0023684	0.0312661	0.00263997	0.00226193	0.149076	0.00126014	0.189916	0.0512322	0.0017688	0.0169517	0.00931189	0.00168655	0.0179493	0.112186	0.286066	0.000655354	0.000854346
167	0.0438304	0.00906053	0.00247624	0.00450109	0.0809251	0.0024484	0.0156475	0.0875086	0.00623416	0.38728	0.138137	0.00851258	0.00296201	0.0154993	0.0263584	0.0102871	0.0218631	0.091569	0.0149623	0.0299381
168	0.040896	0.0126404	0.00580375	0.00664055	0.0763841	0.00223196	0.0162914	0.146308	0.00667166	0.303342	0.11684	0.0119371	0.00269666	0.0103345	0.0271685	0.0144588	0.0328718	0.112544	0.0169435	0.0369956
169	0.0407693	0.00240404	0.0587051	0.0288016	0.013118	0.0508117	0.021016	0.00290581	0.0807818	0.0231624	0.00855824	0.100088	0.0714128	0.057866	0.230684	0.0881562	0.107222	0.0089114	0.000724601	0.00390122
170	0.00943771	0.000346572	0.000568986	0.00179209	0.0170106	0.00293867	0.00328973	0.0458816	0.000735988	0.74479	0.121885	0.00076275	0.0013252	0.00986373	0.00231058	0.00112857	0.00996488	0.024489	0.00105591	0.000422594
171	0.0580252	0.0101344	0.00542047	0.00908308	0.0308556	0.0114058	0.0132189	0.0843254	0.010512	0.365278	0.0900834	0.00945132	0.0371381	0.0141039	0.0234964	0.022736	0.0757922	0.115107	0.00457131	0.00926146
172	0.299221	0.0911078	0.00794315	0.0074176	0.00323998	0.0703117	0.00859116	0.00579483	0.00527074	0.00844589	0.00430751	0.0227465	0.0953952	0.00717386	0.00801113	0.142574	0.17779	0.0305052	0.00127839	0.00287424
173	0.0497919	0.00454199	0.0273084	0.0201797	0.0109265	0.0555778	0.019544	0.00860627	0.0712555	0.05285	0.0434368	0.0405903	0.108628	0.0324401	0.244092	0.0674938	0.090665	0.0438549	0.00250122	0.00571537
174	0.273275	0.00510023	0.0124757	0.0190927	0.00996058	0.0697614	0.0497221	0.0107278	0.0128083	0.0151927	0.00707611	0.127015	0.00629996	0.0173435	0.0171288	0.22941	0.0436947	0.0186632	0.0104836	0.044768
175	0.32356	0.011406	0.0135472	0.0102306	0.00381382	0.438738	0.00618654	0.00931098	0.010292	0.00934233	0.00519045	0.0114891	0.0188672	0.00533853	0.0103861	0.0584905	0.0293712	0.0190562	0.000772276	0.00461126
176	0.0819358	0.0197063	0.00334294	0.00350581	0.0275351	0.00369998	0.00212401	0.191197	0.0012029	0.16849	0.0475079	0.00347322	0.0104986	0.00694303	0.00221174	0.0191169	0.096761	0.306877	0.000741781	0.00312948
177	0.102139	0.00325519	0.00825301	0.00735134	0.001873	0.743151	0.00820709	0.0040873	0.00436511	0.00892703	0.00593148	0.0204318	0.00300385	0.00420346	0.0043595	0.0434564	0.0138529	0.00703102	0.000668211	0.00545192
178	0.14752	0.00988048	0.0290099	0.0443033	0.00710644	0.0438415	0.0126498	0.0104463	0.0229889	0.0143144	0.00821061	0.0277898	0.00546959	0.116153	0.0482658	0.240193	0.151787	0.0497876	0.00340989	0.0068725
179	0.0586392	0.00134683	0.070831	0.0322955	0.013625	0.038427	0.0133303	0.00304831	0.119103	0.0297456	0.00687822	0.0940417	0.0933337	0.0673657	0.217132	0.0452189	0.0843182	0.00825856	0.000709285	0.00235214
180	0.0469202	0.0250102	0.00785354	0.00862395	0.0248207	0.00355885	0.00196567	0.34311	0.00137724	0.14784	0.0509649	0.00529532	0.00400261	0.00340945	0.00440014	0.0172068	0.0678796	0.222357	0.000943266	0.0124604
181	0.0261766	0.00107935	0.00171354	0.0180783	0.00228056	0.0215496	0.00189434	0.00879886	0.00589822	0.00380992	0.0015389	0.00936428	0.0111032	0.00615093	0.00360167	0.285511	0.582608	0.00408176	0.000484286	0.00427671
182	0.11061	0.0374513	0.0077474	0.00377055	0.00176245	0.0408731	0.00725302	0.0212187	0.00185806	0.00744642	0.0252703	0.0421122	0.00200115	0.0235919	0.00303444	0.26774	0.344916	0.0487764	0.00115589	0.00141073
183	0.0277299	0.00609193	0.00182059	0.00960615	0.400328	0.00357387	0.0677935	0.0198522	0.00912031	0.0588474	0.033423	0.00530389	0.00127414	0.00756877	0.0157729	0.00412978	0.0131194	0.0220857	0.028997	0.263561
184	0.019663	0.0289137	0.0065658	0.00941499	0.0812636	0.00747002	0.00655651	0.0692237	0.00643017	0.103771	0.0282321	0.155064	0.00390787	0.0307517	0.00840894	0.0632717	0.251527	0.113579	0.00173088	0.00425432
185	0.0442431	0.0101924	0.00298924	0.00591805	0.0970264	0.0017533	0.0205892	0.0819903	0.00826456	0.341741	0.143523	0.0112434	0.00297522	0.0136587	0.0345108	0.0127542	0.0237537	0.0775859	0.022103	0.0431842
186	0.0283356	0.0292532	0.00425962	0.00810992	0.0866426	0.00640108	0.310306	0.016312	0.0165835	0.0599347	0.00742535	0.0246825	0.00263219	0.00618184	0.0116983	0.00825336	0.0109238	0.04675	0.0236488	0.291666
187	0.0393665	0.00965959	0.00149779	0.000910457	0.0186136	0.0010661	0.000626044	0.256356	0.00202249	0.08535	0.0290559	0.0087634	0.000479526	0.00387209	0.00247999	0.00569722	0.0260009	0.502683	0.000222318	0.00527726
188	0.00751262	0.000750278	0.00134328	0.00199654	0.00107664	0.00601549	0.0016651	0.505022	0.00176889	0.0194809	0.00123517	0.00312597	0.000773765	0.00204312	0.00213663	0.00713476	0.0139117	0.416094	0.00565407	0.00125976
189	0.008107	0.00148257	0.00101922	0.00519833	0.0158412	0.0013544	0.00276702	0.425453	0.000843428	0.291304	0.0850379	0.00386387	0.00232655	0.00272252	0.00483551	0.00223881	0.0105043	0.128545	0.00145277	0.00510193
190	0.0449424	0.0108928	0.00105399	0.000744526	0.0186105	0.000992819	0.000622866	0.23419	0.00154044	0.113175	0.0332939	0.00660387	0.00137509	0.00475911	0.00196067	0.0057373	0.0271494	0.488693	0.000208373	0.00345391
191	0.0652609	0.0024701	0.277061	0.212818	0.00513315	0.0398547	0.0244319	0.00993169	0.0473243	0.0131686	0.00597499	0.0422619	0.0248912	0.0592104	0.0478389	0.0501736	0.0510237	0.0121508	0.00159291	0.00742695
