264	20
1	0.146353	0.0176946	0.0589631	0.0514772	0.035495	0.126591	0.0151664	0.0116662	0.0465853	0.0237434	0.00635362	0.0372646	0.0224318	0.00574142	0.0339151	0.17507	0.0577168	0.0752997	0.00225298	0.050219
2	0.0633153	0.000715953	0.0403512	0.0540679	0.00492796	0.013928	0.0129722	0.0367181	0.210943	0.016209	0.0152702	0.0838687	0.0101284	0.0898495	0.040957	0.103709	0.15116	0.046239	0.00169774	0.00297193
3	0.0360387	0.00149313	0.0181251	0.0330437	0.0230179	0.00760896	0.0351661	0.110223	0.257626	0.0562311	0.0128805	0.0770179	0.00376755	0.0918925	0.0600611	0.028735	0.0890528	0.0490554	0.00376305	0.00520052
4	0.0202844	0.00361807	0.0198861	0.0239919	0.0828231	0.0148937	0.155529	0.0204933	0.0173219	0.0155559	0.0671018	0.0306192	0.00399055	0.0517219	0.0148379	0.037854	0.0409803	0.0213591	0.0532991	0.303839
5	0.261754	0.0898488	0.00534967	0.0101816	0.0112307	0.0121512	0.00756629	0.053102	0.0112663	0.0304065	0.0123881	0.0138614	0.0187516	0.00918031	0.00869621	0.0583948	0.0476641	0.322515	0.00457834	0.0111131
6	0.0146328	0.000832255	0.00101234	0.00199486	0.0312414	0.00102145	0.00154934	0.243731	0.00171516	0.277848	0.0255272	0.00195802	0.00324108	0.00153751	0.00110437	0.0145377	0.0429817	0.324959	0.00282205	0.00575245
7	0.00437986	0.00580095	0.000962207	0.0150935	0.0289439	0.000914168	0.00109036	0.115921	0.00155936	0.678713	0.0456532	0.00173355	0.00430072	0.00298146	0.00150772	0.00628837	0.00563818	0.0715236	0.00104636	0.00594842
8	0.0331629	0.0120234	0.000543069	0.000685203	0.00407508	0.000527186	0.000756032	0.160937	0.000930657	0.0227634	0.00105441	0.00709047	0.000894298	0.000693414	0.000715462	0.00437432	0.019282	0.72124	0.0010312	0.00722023
9	0.301251	0.0133022	0.0103867	0.0127739	0.011145	0.0209072	0.0124128	0.0196148	0.0348963	0.0232789	0.0416631	0.0353576	0.0213432	0.015993	0.0120446	0.186767	0.161242	0.0507693	0.0045132	0.0103374
10	0.0588957	0.00418819	0.0128498	0.0199017	0.0130886	0.36298	0.0132361	0.0230609	0.0342795	0.0581918	0.0187224	0.0310405	0.0600361	0.0183032	0.0204846	0.0586247	0.121978	0.0482643	0.00658212	0.0152917
11	0.0521489	0.00357086	0.0558653	0.0749231	0.0125031	0.0268877	0.0201248	0.0124485	0.0626555	0.0216819	0.0128631	0.11067	0.0189471	0.0294172	0.0244766	0.315177	0.107535	0.020422	0.00343695	0.0142452
12	0.0462282	0.00129199	0.03225	0.00492094	0.0329183	0.00375837	0.00389709	0.00433565	0.118631	0.0058679	0.00403738	0.357658	0.00225188	0.00479485	0.0610399	0.239319	0.0228989	0.0199874	0.00125761	0.0326553
13	0.0887663	0.00844736	0.0909235	0.058922	0.0546356	0.219423	0.0149651	0.00742858	0.0407255	0.0162658	0.00518927	0.0402174	0.0126483	0.00780061	0.0181025	0.153317	0.043581	0.0352845	0.00204172	0.0813144
14	0.00289395	0.00681825	0.00147684	0.00174725	0.266491	0.00142829	0.00204153	0.00281916	0.00564654	0.00764238	0.00229239	0.00475853	0.00117333	0.00187134	0.00167277	0.00507745	0.00370056	0.0108053	0.133107	0.536535
15	0.0226412	0.00106273	0.116449	0.143157	0.0393324	0.126014	0.00536432	0.0379873	0.00870171	0.0237112	0.0353112	0.0409693	0.00376088	0.0197843	0.00411613	0.0105751	0.0237092	0.00817579	0.0495932	0.279585
16	0.0353075	0.00669018	0.0386738	0.023033	0.0167618	0.0236822	0.0338958	0.0319805	0.0481869	0.0320659	0.0828708	0.391272	0.0103628	0.0316549	0.0287677	0.0542007	0.0577005	0.0259874	0.00474248	0.0221632
17	0.0167963	0.00601081	0.00917767	0.0139696	0.169794	0.00723341	0.0689114	0.0308843	0.00745301	0.0652615	0.0590586	0.0150779	0.00388834	0.01445	0.00729886	0.0244142	0.0326101	0.0524452	0.0126109	0.382654
18	0.0456345	0.0100655	0.0177228	0.0284553	0.0206467	0.0248381	0.0238689	0.0401816	0.0701528	0.0603728	0.105101	0.0356288	0.0232038	0.0317524	0.195482	0.0558009	0.0604229	0.118074	0.00722423	0.0253708
19	0.0213054	0.00279916	0.0692194	0.0231405	0.0631223	0.0161207	0.280235	0.0158869	0.0812953	0.022148	0.0929857	0.112503	0.00642244	0.0338264	0.0174424	0.0299246	0.0317046	0.0162329	0.00467489	0.0590107
20	0.0218812	0.0312538	0.0179177	0.0292388	0.0168318	0.0125751	0.0261063	0.0210541	0.0426108	0.051087	0.24917	0.0285436	0.00808095	0.269112	0.0179664	0.0591051	0.0474488	0.0232452	0.00676812	0.020004
21	0.691595	0.000732173	0.00242234	0.0036892	0.00224243	0.0186096	0.00286454	0.00215937	0.00574553	0.0112383	0.00407853	0.0113149	0.00167328	0.00299018	0.00297197	0.201844	0.0210669	0.0096537	0.00068348	0.00242447
22	0.0213871	0.00263806	0.381022	0.0427817	0.00888321	0.0176052	0.0183721	0.0112728	0.0503826	0.0355754	0.00694941	0.264107	0.004558	0.0271048	0.0200401	0.0398801	0.0215323	0.00837016	0.00189521	0.0156431
23	0.0331843	0.0119997	0.000542773	0.000685262	0.00409117	0.000527636	0.000755762	0.160769	0.000931983	0.0227601	0.00105566	0.00708275	0.0008913	0.000692351	0.000710837	0.0043753	0.0193251	0.72136	0.00103321	0.00722608
24	0.195954	0.182159	0.0228296	0.0189685	0.0119988	0.140731	0.00894986	0.022938	0.0152414	0.0178737	0.0171241	0.0192098	0.00664531	0.0107368	0.0109722	0.178908	0.0602651	0.0404009	0.0047887	0.0133044
25	0.0372421	0.00326308	0.0303559	0.0240878	0.0280784	0.0167353	0.429621	0.0161118	0.0437473	0.023857	0.0251521	0.0561793	0.0105487	0.0476585	0.0224244	0.0362445	0.0329462	0.0178312	0.00458408	0.0933311
26	0.665545	0.00688815	0.00534642	0.00692323	0.002912	0.0505961	0.00295628	0.0026481	0.0075487	0.0157659	0.00342122	0.00968977	0.00285609	0.00290582	0.0028374	0.176821	0.0172444	0.0128063	0.000810142	0.00347839
27	0.0114871	0.00857791	0.00791325	0.0102565	0.196987	0.00779175	0.0371026	0.0107309	0.0104869	0.0253082	0.014907	0.0248079	0.0035665	0.009292	0.00804373	0.0193696	0.0187676	0.0181484	0.0264987	0.529957
28	0.0238838	0.00511604	0.0147642	0.0192461	0.0162919	0.00986708	0.367154	0.0126851	0.068739	0.0245889	0.0168039	0.0350422	0.008108	0.258551	0.018292	0.0266163	0.020102	0.016924	0.00476209	0.0324617
29	0.0184507	0.000760332	0.0018678	0.00200478	0.0223016	0.00204868	0.00286766	0.286914	0.00390769	0.178609	0.0218174	0.00413992	0.00645002	0.00250527	0.00218835	0.029892	0.0800551	0.325143	0.00240738	0.00566922
30	0.00153919	0.003549	0.000799187	0.011639	0.0196203	0.000854359	0.000966202	0.11632	0.00142914	0.712278	0.0368492	0.00153844	0.00408173	0.00173719	0.000994649	0.00567688	0.00338723	0.0742622	0.000557785	0.00191976
31	0.00601282	0.00121387	0.00304757	0.0204497	0.00411571	0.00493628	0.0334491	0.0485602	0.185725	0.0885535	0.00462361	0.0214375	0.0128074	0.0286462	0.481339	0.0209191	0.00660854	0.0204535	0.001307	0.00579462
32	0.0604029	0.000419074	0.0105648	0.039873	0.00167844	0.00938129	0.00559884	0.00295096	0.426983	0.00230519	0.00946832	0.0772591	0.00112182	0.0535606	0.177991	0.0623035	0.0264911	0.0183088	0.000658087	0.0126804
33	0.0192427	0.0021374	0.0381615	0.0152011	0.0134583	0.0616826	0.14217	0.00854168	0.079158	0.0128372	0.0125764	0.394796	0.00476443	0.0292126	0.0472243	0.0363199	0.0533823	0.00892414	0.0025702	0.0176397
34	0.058094	0.0121662	0.0130095	0.0206846	0.00727524	0.605274	0.00993704	0.00726	0.040248	0.0140607	0.0104529	0.0299255	0.00790042	0.0121343	0.0151804	0.0449638	0.0645871	0.012482	0.00206057	0.0123039
35	0.00646893	0.000287485	0.000746929	0.000913532	0.0251769	0.000647543	0.000920996	0.36087	0.00119221	0.248014	0.0304103	0.00143365	0.0011758	0.000927336	0.000871151	0.00691357	0.0100676	0.292492	0.00148483	0.00898497
36	0.0554674	0.000712298	0.073385	0.129158	0.00313492	0.0104898	0.0248745	0.00641116	0.17755	0.0234258	0.00623368	0.0609913	0.180245	0.105254	0.0553625	0.0495664	0.0215995	0.0121964	0.000680999	0.00326132
37	0.0829545	0.000972285	0.150117	0.244679	0.00332235	0.0135104	0.0273447	0.00634611	0.146054	0.0193285	0.0067619	0.0741576	0.0302409	0.0731579	0.0263224	0.0542005	0.0192968	0.0156781	0.000630905	0.00492488
38	0.0500238	0.00268835	0.117576	0.307493	0.0106414	0.0122777	0.0364755	0.00759983	0.118185	0.0281589	0.0110945	0.0656236	0.00963421	0.113413	0.0320067	0.0422867	0.0154824	0.0138283	0.000421902	0.00509047
39	0.0113116	0.00280656	0.00946153	0.00970121	0.008118	0.012392	0.0891854	0.0105867	0.0235222	0.0140233	0.0137135	0.532981	0.00695403	0.0701956	0.120436	0.0194081	0.0228045	0.0108931	0.0021671	0.00933895
40	0.0212991	0.00894222	0.00100393	0.00130447	0.0108434	0.00109634	0.00153685	0.298203	0.00222086	0.0628554	0.00782784	0.00531994	0.0020126	0.00134591	0.00143972	0.00579055	0.017	0.542538	0.00141769	0.00600172
41	0.0158774	0.00705067	0.000965028	0.00110477	0.00488334	0.00106605	0.00127953	0.320828	0.00158992	0.0244258	0.00132791	0.00478028	0.00117335	0.00115477	0.0011701	0.00391784	0.0108731	0.591941	0.000541236	0.00404992
42	0.0357371	0.00648744	0.00155196	0.00186264	0.022657	0.00136139	0.00206071	0.140197	0.00489625	0.0670464	0.0110451	0.00616132	0.00430791	0.00256431	0.00199139	0.0118804	0.0721875	0.592928	0.00531692	0.00775983
43	0.00750584	0.00138622	0.00271185	0.00348971	0.046302	0.00225183	0.00259532	0.0770705	0.007229	0.159183	0.584243	0.00528038	0.00179464	0.00749227	0.00310273	0.0177718	0.00661764	0.0545663	0.00123288	0.00817318
44	0.0898438	0.0110975	0.0165389	0.024	0.0180896	0.0304211	0.0170016	0.0378347	0.0422198	0.132628	0.150192	0.0869066	0.00926835	0.0319435	0.023901	0.10871	0.107309	0.0401834	0.00857919	0.0133316
45	0.028162	0.00177861	0.00985391	0.00980028	0.156029	0.00515805	0.120165	0.0157763	0.00712776	0.0419381	0.0292341	0.0168067	0.00281609	0.0133749	0.00660312	0.0219663	0.0549944	0.0455337	0.00419044	0.408691
46	0.0307325	0.000839525	0.19375	0.0223327	0.00627448	0.0789814	0.0125695	0.00395419	0.0447737	0.00784719	0.00493105	0.408897	0.00668056	0.022378	0.0170753	0.113682	0.0138592	0.00482868	0.000942093	0.0046714
47	0.0375268	0.00350185	0.42894	0.0681018	0.00928233	0.0274122	0.0206454	0.0057483	0.040655	0.014345	0.00812184	0.101465	0.0117318	0.0371412	0.0144339	0.103085	0.0382024	0.0131744	0.00169856	0.0147876
48	0.033283	0.011026	0.000718671	0.000844149	0.00676212	0.000575212	0.000794697	0.192663	0.00127796	0.0276729	0.00227182	0.00667432	0.00122715	0.000844265	0.000944051	0.00492237	0.0212452	0.676894	0.00170769	0.0076509
49	0.306119	0.0142435	0.00622131	0.00952354	0.0166159	0.0248225	0.00820532	0.0428683	0.0189379	0.0751794	0.0167341	0.0131685	0.0265137	0.00826743	0.0106008	0.091504	0.0660727	0.228039	0.00534781	0.0110146
50	0.00804558	0.000682923	0.0970929	0.0283154	0.0626023	0.037194	0.105008	0.00206193	0.0737477	0.0246819	0.0158683	0.289596	0.00142856	0.0582664	0.0069098	0.0196617	0.0462873	0.0032372	0.00489391	0.114418
51	0.0377148	0.00116105	0.115372	0.247593	0.0358039	0.0102886	0.0463855	0.017827	0.0764241	0.0584639	0.0145026	0.0478415	0.00176072	0.131757	0.0480332	0.0432747	0.0241399	0.0283819	0.00224946	0.0110259
52	0.025458	0.00328936	0.0848172	0.0250989	0.0111489	0.0330618	0.0314048	0.0141029	0.0407173	0.0162764	0.0136894	0.495084	0.00648961	0.0278337	0.0320281	0.0572637	0.0538154	0.0135943	0.00291873	0.0119079
53	0.0721596	0.00409057	0.0225743	0.027931	0.0116954	0.0241	0.0189021	0.0844062	0.100214	0.0316418	0.0248622	0.0314223	0.200789	0.029308	0.0278701	0.07949	0.112482	0.0747393	0.00401559	0.0173071
54	0.0189819	0.00162496	0.0265889	0.00772644	0.0734317	0.0185055	0.119703	0.0255545	0.112042	0.0491017	0.00611343	0.00948698	0.0140324	0.0164018	0.193629	0.0195842	0.0822358	0.00690405	0.00208264	0.196269
55	0.00853576	0.000954286	0.00283412	0.0155076	0.0027489	0.00280616	0.0158496	0.0042176	0.16652	0.0457469	0.00888393	0.00829152	0.443962	0.113877	0.102301	0.0313971	0.0062229	0.0149675	0.00120403	0.00317234
56	0.0525899	0.00666547	0.0248226	0.0518237	0.00839156	0.515908	0.0137651	0.00803805	0.0495895	0.0183508	0.0118172	0.0396286	0.0142546	0.0190543	0.020315	0.0442294	0.0695487	0.0117988	0.00321706	0.0161914
57	0.0240107	0.000939476	0.0090969	0.0507655	0.0131801	0.00236591	0.00468983	0.171459	0.191082	0.0568105	0.018998	0.0165098	0.00317646	0.0406233	0.0403601	0.0328511	0.162486	0.150248	0.00783087	0.00251706
58	0.00534484	0.000347056	0.000746267	0.00111181	0.0232872	0.000641912	0.000903159	0.360209	0.00108772	0.261863	0.0304377	0.00135221	0.000965498	0.000911424	0.000825024	0.00681918	0.00907872	0.284893	0.00089638	0.00827823
59	0.0144952	0.00436203	0.00454563	0.00573723	0.39707	0.00355979	0.0150637	0.0824633	0.00719327	0.0970968	0.0140463	0.00915132	0.00508023	0.00652303	0.00481043	0.00976333	0.0378869	0.0438828	0.00836641	0.228902
60	0.025949	0.00299504	0.026956	0.0182582	0.0106117	0.0308525	0.0370202	0.0138605	0.0360926	0.0150708	0.0177532	0.402058	0.00697625	0.0208182	0.0187585	0.0574681	0.2282	0.0123141	0.00324757	0.0147393
61	0.0483191	0.000564957	0.058298	0.0532733	0.00411151	0.0266441	0.0498295	0.0141883	0.301035	0.00446869	0.0156286	0.0944071	0.00170694	0.0789291	0.103326	0.0615248	0.0450124	0.030469	0.00192519	0.00633836
62	0.0330558	0.00699772	0.00888245	0.0127641	0.0345405	0.0134153	0.0111152	0.202406	0.0293035	0.148637	0.03474	0.0189924	0.0791659	0.0115351	0.00987249	0.0347256	0.0511131	0.196263	0.00492572	0.0575491
63	0.0153866	0.00074431	0.138337	0.0475782	0.0332058	0.0431159	0.0844754	0.00227287	0.0846986	0.0188788	0.00789185	0.278046	0.00130961	0.0775345	0.0123543	0.025053	0.051878	0.00344751	0.00855278	0.0652387
64	0.0421289	0.00968919	0.0265969	0.0220392	0.00895868	0.471036	0.0536974	0.0109978	0.0601336	0.0113722	0.00892575	0.0419466	0.00735208	0.0127697	0.0274378	0.127929	0.0282805	0.0151612	0.00242796	0.0111196
65	0.0500689	0.000428621	0.107008	0.153338	0.00160222	0.0407554	0.050417	0.00584778	0.0686551	0.0197717	0.00535276	0.0502959	0.138147	0.039664	0.0331145	0.0979602	0.0802339	0.0195302	0.00398723	0.0338222
66	0.0101545	0.000872133	0.457144	0.0416254	0.00490154	0.013274	0.0100775	0.00699299	0.0315562	0.0125613	0.00263964	0.316345	0.00142936	0.0191148	0.0141906	0.0316591	0.014655	0.00347119	0.00100766	0.00632738
67	0.0425027	0.00553422	0.0106242	0.0152778	0.0320294	0.0137721	0.0132462	0.0933557	0.0193074	0.182428	0.026236	0.0201856	0.011743	0.0134468	0.0133625	0.0811769	0.0616975	0.281394	0.0468077	0.015872
68	0.0381296	0.0621731	0.0180971	0.0174238	0.0712388	0.0191848	0.020729	0.0183933	0.0256177	0.0222111	0.0154343	0.157915	0.0130213	0.015314	0.0154996	0.0904784	0.0294014	0.0241265	0.0061057	0.319506
69	0.0904331	0.000705013	0.132434	0.207076	0.00262786	0.0146221	0.0346028	0.00573583	0.16533	0.0219747	0.0064969	0.0901552	0.0230938	0.0944663	0.0259343	0.053398	0.0185151	0.0110229	0.000203658	0.00117158
70	0.133318	0.0470025	0.0185205	0.0220468	0.00686168	0.432221	0.0101693	0.00745146	0.0296103	0.0188276	0.0115244	0.0536609	0.00734341	0.0141825	0.0121382	0.0752635	0.0662789	0.017343	0.00301495	0.0132215
71	0.0358686	0.0232486	0.000869963	0.00110005	0.0046222	0.000862611	0.00106632	0.176446	0.00167759	0.026775	0.00270147	0.00733041	0.00107878	0.00130843	0.00119663	0.00674413	0.0211435	0.677872	0.000999296	0.00708762
72	0.0108797	0.00194973	0.00443927	0.0316933	0.00661319	0.00776051	0.0122735	0.0112945	0.155655	0.104561	0.030769	0.0094863	0.23575	0.0838522	0.0867997	0.0719107	0.017668	0.108074	0.00198287	0.0065876
73	0.018687	0.00330608	0.00824346	0.0138405	0.0112558	0.00949292	0.0136391	0.260762	0.196067	0.0301565	0.0224645	0.0588849	0.0548359	0.0157126	0.0137655	0.0246182	0.0442584	0.182191	0.0042433	0.0135753
74	0.0413561	0.00285623	0.420272	0.0673319	0.0100945	0.0181237	0.019241	0.00845661	0.036536	0.0135777	0.00936718	0.0766658	0.0150816	0.0369953	0.0141547	0.105136	0.0680425	0.0165166	0.00252719	0.0176673
75	0.0247838	0.0135846	0.0206104	0.0217808	0.106331	0.0158112	0.0535634	0.0736693	0.0180087	0.0502875	0.0300249	0.0413807	0.0102361	0.0174171	0.0119725	0.0311442	0.0339727	0.0465473	0.0148688	0.364005
76	0.0273679	0.000996234	0.00977086	0.0467988	0.0108133	0.0072922	0.00479963	0.128551	0.175739	0.06064	0.0229843	0.0257399	0.00668042	0.0437883	0.0473775	0.0594612	0.170927	0.140725	0.00626717	0.00328041
77	0.00480812	0.000683449	0.0106794	0.0209348	0.00194611	0.712354	0.0162712	0.00985298	0.10837	0.00309196	0.00231886	0.0158607	0.00118775	0.0105298	0.0422639	0.0259335	0.00617288	0.00257516	0.000716189	0.00344864
78	0.0849702	0.000679312	0.140485	0.211617	0.0024059	0.0145042	0.0323495	0.00577024	0.161852	0.0217596	0.00665819	0.0943218	0.020469	0.0909435	0.0242862	0.0547088	0.0197961	0.0112333	0.000181969	0.0010082
79	0.0348039	0.000885751	0.445788	0.107431	0.00458215	0.00646254	0.0547475	0.0019897	0.0304332	0.00483763	0.00535676	0.130702	0.00132762	0.0783685	0.00433638	0.031997	0.0302072	0.00346439	0.00137832	0.0208999
80	0.0492108	0.0326615	0.00100901	0.00169914	0.00557811	0.000952094	0.00102415	0.154588	0.00176319	0.0217937	0.00415753	0.00750837	0.00137331	0.00194647	0.00140078	0.0094838	0.0363421	0.65846	0.00142609	0.00762117
81	0.00597266	0.00107954	0.00378979	0.00510019	0.00455554	0.0207028	0.0289912	0.00477505	0.00741313	0.00656332	0.00517065	0.344653	0.00225703	0.00436933	0.00406779	0.0496326	0.489329	0.00559503	0.0013941	0.00458876
82	0.183148	0.000625456	0.0265706	0.018153	0.00230739	0.0211832	0.00976722	0.00599749	0.0333789	0.00692813	0.0138278	0.00798709	0.320037	0.00888134	0.0163027	0.161191	0.101821	0.0511011	0.000713856	0.0100781
83	0.0845199	0.00071177	0.140471	0.211979	0.0024349	0.0145533	0.0323198	0.0057373	0.161945	0.0215879	0.00665885	0.0939118	0.0202627	0.0916587	0.0242885	0.054567	0.0198769	0.0112307	0.000179061	0.00110519
84	0.0351323	0.00441224	0.0129454	0.0164842	0.0114685	0.0209671	0.0654762	0.0657987	0.0852451	0.0384306	0.0567306	0.28532	0.0101478	0.0261609	0.0238426	0.0430835	0.148014	0.0282231	0.00505745	0.0170597
85	0.00354018	0.000557293	0.00161649	0.00194927	0.642168	0.00153731	0.00183037	0.0213511	0.00238294	0.258824	0.0120865	0.00287068	0.00110699	0.0019731	0.00180837	0.00367286	0.00491295	0.0221704	0.000828588	0.0128122
86	0.00637945	0.000870921	0.0013558	0.00232763	0.12482	0.00147677	0.00224396	0.0761093	0.00294232	0.508226	0.108986	0.00325999	0.00124402	0.00812634	0.00182103	0.00336071	0.0105881	0.0514172	0.00285633	0.0815888
87	0.204774	0.00472098	0.0461749	0.0564374	0.00301073	0.0732271	0.0281281	0.00391956	0.16872	0.0289138	0.0113927	0.152209	0.00143316	0.0421718	0.0452257	0.0619493	0.049766	0.00871096	0.000800121	0.00831389
88	0.0374573	0.0118084	0.000585209	0.000818001	0.0048725	0.000581806	0.000777244	0.158117	0.00110228	0.0223817	0.00139081	0.00715833	0.00127294	0.000836169	0.000754242	0.00454051	0.0203771	0.715517	0.00141843	0.00823317
89	0.00173894	0.00352888	0.000967195	0.011388	0.0195865	0.000874407	0.00110993	0.119384	0.00151038	0.70945	0.0362223	0.00168514	0.00416147	0.00182252	0.00106717	0.0062324	0.00346629	0.0730267	0.000586281	0.00219107
90	0.0222837	0.0021412	0.0116822	0.0465162	0.00996864	0.0147068	0.0123036	0.0161056	0.148385	0.177638	0.0167981	0.0511195	0.00449108	0.0499951	0.118961	0.125666	0.142104	0.0193619	0.00290076	0.00687108
91	0.184629	0.0233073	0.0145933	0.0173364	0.00583076	0.456635	0.00818417	0.0107639	0.0291367	0.0367851	0.0105754	0.0299551	0.0066408	0.011015	0.00930609	0.0687941	0.0403701	0.022299	0.00340095	0.0104424
92	0.00626698	0.00134611	0.357616	0.0326746	0.0051553	0.00630239	0.00739014	0.0186102	0.0818892	0.0272793	0.00434325	0.358909	0.0019729	0.0230641	0.0341379	0.0122356	0.00771899	0.00546555	0.0011642	0.00645793
93	0.0602138	0.000436488	0.0106704	0.0404687	0.00167472	0.00957336	0.00564662	0.00294741	0.42753	0.00234074	0.00938286	0.0771992	0.00105833	0.0538872	0.176942	0.061881	0.0262961	0.0185062	0.000632217	0.0127126
94	0.0650017	0.00252344	0.128917	0.0890817	0.00980485	0.0412822	0.0103401	0.00716366	0.091226	0.0205908	0.00514774	0.0462749	0.0140852	0.0223717	0.0343142	0.283385	0.0807489	0.0335343	0.000907414	0.0133001
95	0.241441	0.00619194	0.0353763	0.0577441	0.00512495	0.0844638	0.0288304	0.00249615	0.10378	0.0560681	0.0166147	0.131712	0.00170598	0.0401565	0.0340758	0.0648213	0.0712497	0.00566725	0.000764955	0.0117156
96	0.0473697	0.000762566	0.00152029	0.00179442	0.031295	0.00164978	0.00465351	0.159517	0.00548407	0.183324	0.0562209	0.00337261	0.0118601	0.00211696	0.00183649	0.0252395	0.0970068	0.355032	0.00487178	0.00507212
97	0.0687896	0.00071757	0.0390305	0.0580198	0.00420157	0.0146021	0.0118179	0.0307238	0.19258	0.0158159	0.0154383	0.0794248	0.0142975	0.0778216	0.0372323	0.141632	0.161221	0.0329048	0.00158112	0.00214879
98	0.016038	0.00184329	0.0472896	0.0153084	0.00599898	0.431159	0.0817676	0.00816047	0.0742956	0.00852495	0.00708021	0.117874	0.00837245	0.0130954	0.0218512	0.109801	0.0143998	0.00701056	0.00165899	0.00847088
99	0.159938	0.0147535	0.0173504	0.0247291	0.0073141	0.443644	0.0103105	0.00838463	0.0659971	0.0205916	0.0106083	0.0421653	0.00621554	0.015677	0.0168447	0.0633864	0.0393635	0.018772	0.00203183	0.0119232
100	0.00941849	0.0015334	0.00402289	0.0065251	0.00435756	0.0530998	0.033307	0.00487438	0.00842659	0.00855089	0.00599478	0.263827	0.0030244	0.00451435	0.00557198	0.160369	0.408817	0.00581776	0.00172166	0.00622483
101	0.00499095	0.000680217	0.0106104	0.0208744	0.00195269	0.712254	0.0162382	0.00985061	0.10853	0.00313297	0.00229066	0.0158069	0.00119023	0.0104771	0.0422031	0.026013	0.00611468	0.00262322	0.000720162	0.00344626
102	0.0138279	0.00127128	0.00398395	0.0194174	0.0049844	0.0094844	0.0287093	0.0281849	0.225719	0.057852	0.00732696	0.02338	0.0335696	0.0228882	0.455732	0.0221532	0.0115172	0.0179299	0.00134368	0.0107253
103	0.0955485	0.00865856	0.00482442	0.00617814	0.0486655	0.0087259	0.00646601	0.11396	0.0104569	0.0630537	0.0220086	0.0120321	0.0122058	0.00593029	0.00586634	0.0320268	0.117707	0.396084	0.0116173	0.0179839
104	0.00463745	0.000625647	0.000728545	0.00200232	0.0219189	0.000665241	0.000893251	0.338829	0.00111743	0.3145	0.0305764	0.00134497	0.00133926	0.00085975	0.000825136	0.0063188	0.00734821	0.256877	0.000949903	0.00764312
105	0.0876219	0.000779117	0.138161	0.208926	0.00233727	0.0152796	0.0319164	0.00560498	0.161614	0.0222123	0.00680186	0.0969539	0.0200789	0.089692	0.0244631	0.0548114	0.0205037	0.0109698	0.000193027	0.00108027
106	0.0679022	0.0113247	0.0170523	0.019687	0.0112462	0.118582	0.0203489	0.0142946	0.0355212	0.0254637	0.0180778	0.0831085	0.0155395	0.0164102	0.0189297	0.234956	0.226234	0.0281146	0.00447812	0.0127287
107	0.0745185	0.00526574	0.01582	0.0377303	0.00741004	0.44672	0.0104346	0.0083704	0.0692198	0.0204802	0.0257555	0.0674496	0.00601416	0.0319645	0.0176157	0.0392581	0.0910874	0.0121822	0.00294814	0.00975544
108	0.0155952	0.0069682	0.000964898	0.00111968	0.00493511	0.00107459	0.00128243	0.323015	0.00159789	0.0246853	0.00132707	0.00479646	0.00118044	0.00117106	0.00118213	0.00394569	0.0107138	0.589944	0.00053559	0.00396508
109	0.0064312	0.00101359	0.0022027	0.00270691	0.579658	0.00218187	0.00296406	0.0307936	0.0039892	0.252379	0.0270948	0.00385447	0.00178119	0.00304179	0.00245969	0.00501045	0.00986126	0.0282334	0.00196304	0.0323805
110	0.00586694	0.00145249	0.00101352	0.00115009	0.015481	0.00090817	0.00125986	0.427967	0.00152539	0.123366	0.0151669	0.00243675	0.0011704	0.00117759	0.00116302	0.00555196	0.00902551	0.378354	0.000713307	0.00525089
111	0.00357281	0.0187919	0.00180745	0.00230884	0.244749	0.00173365	0.00213823	0.00500322	0.00580936	0.00805033	0.00267711	0.061961	0.00228745	0.0020945	0.00183113	0.0165238	0.00425817	0.0116939	0.024978	0.577731
112	0.00319107	0.00495114	0.00159073	0.00177974	0.420904	0.00135468	0.00510382	0.00460526	0.00346414	0.0177906	0.00394262	0.00510087	0.00117396	0.00196441	0.0013615	0.0052942	0.00575798	0.0223698	0.0256833	0.462616
113	0.318514	0.00315145	0.00431421	0.00464666	0.021634	0.00574948	0.00546474	0.00992338	0.00940754	0.00809705	0.0117138	0.00871161	0.00539186	0.00500201	0.00442676	0.191501	0.255753	0.103319	0.00195331	0.0213246
114	0.0482865	0.00710634	0.296677	0.0605308	0.0142532	0.118051	0.0203271	0.0121141	0.0543592	0.0187677	0.0109752	0.121074	0.0127313	0.0318354	0.0207917	0.0694917	0.0345407	0.0182049	0.0034218	0.0264608
115	0.0342185	0.00418783	0.0227539	0.0181823	0.0255574	0.0158845	0.461653	0.0153381	0.0384543	0.0217442	0.0265023	0.0565957	0.00730033	0.0437278	0.0270291	0.0342586	0.0286936	0.0178054	0.00482753	0.095285
116	0.0424195	0.00733822	0.0131989	0.0186365	0.0047152	0.690266	0.0110214	0.00678768	0.0618089	0.00870908	0.0060006	0.0196427	0.00392004	0.00986727	0.022351	0.033539	0.0248761	0.00524223	0.00172614	0.0079333
117	0.271462	0.0731956	0.0301863	0.0146758	0.00501283	0.304333	0.00425741	0.00648201	0.0108925	0.00930213	0.0040697	0.0112967	0.00261897	0.00574988	0.00497976	0.179672	0.0432531	0.0121641	0.00127774	0.00511878
118	0.158406	0.00074645	0.0284731	0.0155327	0.00246949	0.0180867	0.00866108	0.0155754	0.023892	0.00763639	0.00950421	0.00738239	0.35727	0.0238252	0.0216607	0.117327	0.112124	0.0614496	0.000919954	0.00905703
119	0.0455394	0.00683098	0.032948	0.0292081	0.0184763	0.529847	0.0190943	0.0113609	0.0460705	0.0155928	0.0111026	0.0317743	0.010161	0.013728	0.0182754	0.0412876	0.0360586	0.0141851	0.00557346	0.0628851
120	0.00628487	0.000269441	0.000732687	0.000876702	0.0248029	0.000673505	0.000897264	0.363834	0.00120406	0.248893	0.0305331	0.0013843	0.00093749	0.000948104	0.000876146	0.00715011	0.00964123	0.289964	0.00122507	0.00887244
121	0.00524737	0.000273637	0.000737931	0.000912022	0.0237243	0.000644163	0.000887341	0.366431	0.00110323	0.251678	0.0301083	0.00137005	0.000894205	0.000909281	0.000863398	0.00659862	0.00854479	0.289674	0.00095456	0.00844441
122	0.262238	0.113855	0.027973	0.0193733	0.00420645	0.311142	0.00441411	0.00455615	0.00873759	0.00894566	0.00413631	0.00960586	0.00271317	0.00444665	0.00538099	0.164934	0.0302556	0.00697575	0.00129556	0.00481464
123	0.0111744	0.00393041	0.00599699	0.00683856	0.311433	0.00490008	0.0111734	0.0528056	0.0107904	0.167038	0.27738	0.0102516	0.00348847	0.0100461	0.00740106	0.0180715	0.0153161	0.0385543	0.00299587	0.0304141
124	0.0458265	0.0022401	0.075075	0.0827753	0.0868196	0.024307	0.018622	0.0645626	0.0319632	0.0468637	0.0187693	0.0921913	0.0295171	0.0170645	0.00377362	0.0527531	0.0231076	0.043318	0.00347826	0.236972
125	0.00176502	0.00324474	0.00078755	0.0106725	0.0194445	0.000836942	0.00095167	0.131796	0.00137922	0.684384	0.0374721	0.00152775	0.00374428	0.00170113	0.000945712	0.00560524	0.00332562	0.0872657	0.000740716	0.00241042
126	0.0251356	0.000937882	0.0121548	0.017332	0.0623157	0.0076213	0.169094	0.0131013	0.00678756	0.00641677	0.0782692	0.0156315	0.00158357	0.0188036	0.00837505	0.0529633	0.0834422	0.0173464	0.0049416	0.397746
127	0.459107	0.00665302	0.0114633	0.0229126	0.00756889	0.0870246	0.00852993	0.0127531	0.0348045	0.0328087	0.00716634	0.0245433	0.00884152	0.00771973	0.0130727	0.118177	0.0501264	0.0709238	0.00212442	0.0136785
128	0.0444731	0.000360569	0.074522	0.0577935	0.00415095	0.0333548	0.0257163	0.013175	0.301136	0.00392327	0.0178818	0.112535	0.00164494	0.0726679	0.081696	0.0615375	0.0615861	0.0235891	0.0019366	0.00632055
129	0.0191782	0.00119437	0.479477	0.158168	0.00422053	0.00334247	0.0310869	0.00302928	0.0268291	0.00633907	0.0105597	0.0596321	0.00144666	0.101251	0.00615543	0.0281144	0.0338556	0.00410828	0.000779727	0.0212316
130	0.00421611	0.000808289	0.00152568	0.0027802	0.40177	0.00152541	0.00200421	0.0312034	0.00254923	0.426777	0.0328064	0.00328761	0.00131259	0.00252509	0.00227964	0.00370734	0.00742581	0.0391178	0.00113296	0.0312462
131	0.02804	0.00142972	0.00431765	0.00489135	0.00556425	0.00421772	0.00656575	0.254705	0.00819362	0.108822	0.0887899	0.20578	0.0038931	0.0451987	0.00571662	0.0646026	0.0327168	0.119616	0.00178224	0.00515656
132	0.0836715	0.00067243	0.143082	0.208322	0.00252605	0.0150354	0.0329697	0.00568133	0.160742	0.0216424	0.00654194	0.096408	0.0200865	0.0911857	0.0240796	0.0545175	0.0200639	0.0110792	0.000278484	0.00141462
133	0.217174	0.0147543	0.00384154	0.00552801	0.0142504	0.00533136	0.00468932	0.0715729	0.00586999	0.0100553	0.0299541	0.0123478	0.00425093	0.00583834	0.00457743	0.0239421	0.378505	0.173553	0.00287789	0.0110864
134	0.00421961	0.00202842	0.000966076	0.00684309	0.106995	0.000980737	0.00147274	0.121908	0.00223718	0.558733	0.0666888	0.00258307	0.00267134	0.00549591	0.00123117	0.00459359	0.00585887	0.0753962	0.00223579	0.0268614
135	0.00624226	0.000900343	0.00687073	0.233674	0.00372152	0.00312219	0.0156328	0.0267871	0.147698	0.0324197	0.0043676	0.0331252	0.0129951	0.259916	0.0838481	0.00855618	0.0265497	0.0886142	0.0012811	0.00367838
136	0.0258297	0.000914431	0.0658319	0.0520128	0.00543454	0.0166897	0.0340889	0.01704	0.261344	0.00575633	0.0401213	0.0765457	0.00187371	0.0926358	0.0844707	0.0697771	0.0692451	0.0151733	0.0104796	0.0547356
137	0.0109306	0.0369546	0.00520219	0.0146321	0.0114812	0.00548727	0.00625316	0.0234252	0.0440753	0.0875138	0.529919	0.0120284	0.00355663	0.0784124	0.00777115	0.0523741	0.0387279	0.022616	0.00203708	0.0066021
138	0.0658202	0.00168821	0.00563626	0.00928388	0.030157	0.00553787	0.429578	0.00615746	0.0269835	0.00800621	0.0133901	0.0637135	0.00301991	0.0318459	0.024239	0.0312789	0.0123169	0.00731541	0.00247476	0.221557
139	0.11069	0.00159705	0.124962	0.188503	0.00265155	0.0213709	0.0316193	0.00534167	0.152632	0.0250564	0.00840598	0.100284	0.0166528	0.0858476	0.0249102	0.0597402	0.0259989	0.0114399	0.000195877	0.00209999
140	0.217083	0.00840626	0.049191	0.06981	0.00453684	0.0633649	0.0321689	0.00260542	0.102184	0.0530898	0.0161397	0.142011	0.00290311	0.0528288	0.0381997	0.0741785	0.056258	0.00604682	0.000682286	0.00831328
141	0.0469987	0.000360589	0.0574415	0.0505511	0.00293408	0.0505118	0.0220172	0.00942104	0.337429	0.0016632	0.013555	0.122926	0.000523841	0.060108	0.102007	0.0602889	0.0373486	0.0169053	0.00121921	0.00578962
142	0.0539421	0.00134196	0.00443231	0.0249637	0.0229479	0.12931	0.00498258	0.00653904	0.151452	0.0316466	0.104736	0.0110675	0.00401865	0.0465518	0.116977	0.202182	0.0677329	0.00872929	0.00246104	0.00398594
143	0.00258502	0.00470434	0.00103828	0.00125805	0.425689	0.00100754	0.00155774	0.00360147	0.00335647	0.0142341	0.00221881	0.00378717	0.00091516	0.00123735	0.00116074	0.00408118	0.00470934	0.0231168	0.0261172	0.473624
144	0.0649121	0.000951919	0.0485911	0.048196	0.00258884	0.054492	0.0194153	0.00758224	0.325101	0.00501504	0.0124243	0.12624	0.000632367	0.054466	0.105123	0.0666862	0.0354129	0.0145707	0.00102519	0.00657345
145	0.0417247	0.000351379	0.0531106	0.0708287	0.00388174	0.0277536	0.0213543	0.00995662	0.32827	0.0038318	0.0183517	0.0993851	0.00142709	0.0701091	0.101873	0.0649658	0.0545713	0.0204314	0.00146091	0.00636116
146	0.00633583	0.000847483	0.00187968	0.00271759	0.0219889	0.00178715	0.00209913	0.103085	0.00546782	0.162828	0.60258	0.00372598	0.00121765	0.00464862	0.00252465	0.0104807	0.00439234	0.0555845	0.000808633	0.00500074
147	0.0490159	0.00211057	0.00215472	0.00488222	0.0432888	0.00416881	0.00573189	0.129028	0.00989715	0.190128	0.0357216	0.006784	0.0146684	0.00525362	0.00443027	0.0432807	0.117697	0.321571	0.00502306	0.00516449
148	0.00952278	0.000920702	0.00137752	0.00274141	0.0965215	0.00141683	0.00152518	0.19393	0.00205341	0.389819	0.126511	0.00239503	0.00147236	0.0128936	0.00122493	0.00435072	0.00584534	0.0970882	0.00638446	0.0420054
149	0.0269335	0.00239037	0.0152991	0.0206985	0.0737623	0.0132	0.157605	0.0148292	0.0161663	0.0196784	0.0386521	0.028611	0.00471468	0.0233411	0.0192753	0.040782	0.0465082	0.0203117	0.00547071	0.411771
150	0.00524877	0.000273637	0.000738202	0.000907482	0.0237241	0.000644161	0.000887006	0.366313	0.00111462	0.251482	0.0302409	0.00136982	0.000887036	0.000917385	0.000865787	0.00659537	0.00859607	0.289816	0.00095456	0.0084244
151	0.0468488	0.00798	0.0828572	0.306867	0.0154293	0.0217183	0.0288829	0.0182006	0.090749	0.0307359	0.0159384	0.0531594	0.0150281	0.0837674	0.0359474	0.053392	0.0342429	0.0291127	0.00412393	0.0250189
152	0.620527	0.00264663	0.00409256	0.00479278	0.00453214	0.0195748	0.00373213	0.00278768	0.00769905	0.0103728	0.00807309	0.0104493	0.00207118	0.00315575	0.00219989	0.211685	0.0601969	0.0158931	0.00081288	0.00470446
153	0.0596431	0.234319	0.0102327	0.0217604	0.0223796	0.0128062	0.013021	0.0416591	0.0301842	0.052398	0.207111	0.0219462	0.00807658	0.0492658	0.0102668	0.069275	0.0691758	0.0360529	0.00631983	0.024107
154	0.028978	0.00316062	0.128138	0.163694	0.022008	0.0251307	0.0321385	0.0164324	0.099153	0.0220646	0.0177299	0.0433948	0.0209516	0.0432788	0.0603956	0.0475955	0.0394359	0.0188193	0.00748862	0.160012
155	0.710453	0.000855416	0.0022503	0.00445456	0.00200725	0.01963	0.00210447	0.00213429	0.00532823	0.0112615	0.00315973	0.00961144	0.00125384	0.00248697	0.00199803	0.189725	0.0186241	0.00978518	0.000690022	0.00218694
156	0.0310348	0.00604854	0.0149357	0.0217561	0.00668354	0.571135	0.0173005	0.0113486	0.0865183	0.0112255	0.00987689	0.024676	0.00595869	0.0142561	0.049561	0.0703154	0.0241358	0.0130224	0.00219334	0.00801809
157	0.0564547	0.00413102	0.0348662	0.0254677	0.0128534	0.0327295	0.020468	0.00991374	0.0431506	0.0229302	0.0153159	0.149977	0.0117412	0.0168371	0.0185731	0.333737	0.154066	0.0183023	0.00366835	0.0148171
158	0.00529296	0.000954399	0.00205401	0.00268055	0.0210759	0.00179816	0.00208287	0.0942568	0.00636027	0.138591	0.632725	0.00378902	0.00127691	0.00564911	0.00256582	0.0113446	0.00451925	0.0579059	0.000856963	0.00422076
159	0.0171239	0.00354945	0.00542672	0.00683655	0.471858	0.00637568	0.00722131	0.038952	0.00740683	0.144041	0.0156557	0.00893868	0.0040038	0.00600107	0.00661656	0.0139614	0.0220857	0.0712697	0.00861085	0.134065
160	0.0468963	0.00118263	0.150302	0.231418	0.019185	0.012462	0.0474576	0.0101516	0.100774	0.0385146	0.00968819	0.067896	0.0056141	0.131344	0.0435031	0.0410389	0.0157783	0.0193209	0.000537338	0.00693565
161	0.0158668	0.000590932	0.0642614	0.0237648	0.00311436	0.376212	0.0129501	0.00634135	0.108418	0.00363334	0.00294506	0.252929	0.00122277	0.015883	0.0429018	0.0543926	0.00773504	0.00316914	0.000771421	0.00289672
162	0.0315298	0.0245383	0.00554722	0.00705097	0.00546148	0.00487476	0.0755796	0.218366	0.0338151	0.300445	0.100654	0.0581551	0.00316912	0.006513	0.00638109	0.0123756	0.0595252	0.00995319	0.0301475	0.00591888
163	0.0307135	0.000526197	0.129485	0.0196122	0.00487883	0.0873315	0.00635164	0.00338219	0.0469892	0.00502554	0.00348006	0.493309	0.00343869	0.0214746	0.0189226	0.111554	0.00690391	0.00351573	0.000742442	0.00236288
164	0.00457418	0.000683439	0.00103665	0.00118337	0.0184728	0.000900214	0.00117619	0.432463	0.00154297	0.148518	0.0188422	0.00197497	0.00111285	0.00116336	0.00110169	0.00569781	0.00836515	0.344664	0.000750156	0.0057764
165	0.0226852	0.0023899	0.00330835	0.00409301	0.29386	0.00273412	0.0357167	0.0153146	0.00535278	0.126121	0.00756051	0.0127106	0.0023665	0.00399721	0.00331871	0.00732392	0.0459225	0.0257593	0.00665292	0.372813
166	0.287188	0.0170528	0.00388093	0.00494139	0.0123842	0.00754743	0.00558617	0.0502984	0.00768526	0.0526583	0.00866106	0.00762257	0.0380948	0.00536292	0.00496903	0.0277074	0.0291506	0.418238	0.00375215	0.00721871
167	0.0410464	0.00170552	0.00330211	0.0070057	0.0182821	0.0130632	0.0247823	0.13525	0.0457614	0.109002	0.0894655	0.0135347	0.0381177	0.00909791	0.00987747	0.0348916	0.134683	0.259592	0.00311433	0.00842404
168	0.0602955	0.010032	0.0185161	0.0256861	0.0168035	0.0389549	0.0186477	0.0278792	0.0462151	0.0946729	0.0298725	0.0510301	0.0182093	0.0242248	0.0311228	0.218301	0.198727	0.0465253	0.00866494	0.0156191
169	0.495152	0.0102021	0.0101992	0.0113921	0.00929319	0.0329159	0.0066961	0.0150202	0.0173107	0.0236151	0.00864825	0.0133949	0.0247292	0.00659587	0.00872394	0.142684	0.0535348	0.0968511	0.00223773	0.0108039
170	0.7185	0.000574674	0.00182223	0.00391063	0.00174972	0.0187825	0.00200273	0.00208635	0.00467159	0.0112202	0.00298231	0.00924943	0.00110055	0.0021754	0.00189485	0.188375	0.0169269	0.00923007	0.000705734	0.0020398
171	0.0286735	0.000514763	0.130594	0.0208896	0.00547489	0.0856708	0.00681024	0.00338827	0.0460372	0.00479004	0.00326716	0.495693	0.00302058	0.0221661	0.0189093	0.109935	0.00736375	0.00355688	0.000747418	0.00249716
172	0.156448	0.000507686	0.0293051	0.0221182	0.00142945	0.0289345	0.0124348	0.00545257	0.0288265	0.00771332	0.0105626	0.00727228	0.368015	0.00786935	0.0190243	0.152705	0.0881162	0.0403852	0.000464833	0.0124154
173	0.0355902	0.000910076	0.139695	0.184409	0.0590319	0.00334415	0.0347418	0.0341933	0.0150658	0.0294534	0.0203044	0.0380932	0.00119225	0.0660091	0.0427889	0.0518308	0.104699	0.0992395	0.013246	0.0261614
174	0.0423697	0.0180826	0.119982	0.278039	0.0128035	0.0149041	0.0545342	0.00871267	0.103805	0.0304462	0.0128995	0.0588581	0.00930924	0.111087	0.031017	0.0402149	0.0240942	0.01597	0.00159513	0.0112768
175	0.00990453	0.00123199	0.120971	0.0298489	0.0172168	0.0183098	0.020043	0.0036338	0.0180356	0.00668716	0.0033863	0.252934	0.00187896	0.0139542	0.00902387	0.447363	0.0139213	0.00430428	0.00111613	0.00623608
176	0.0657234	0.00809708	0.0346396	0.033839	0.0193248	0.146026	0.0224846	0.0124556	0.0826748	0.0262447	0.0313231	0.0492622	0.015841	0.0255668	0.0798421	0.230283	0.0638814	0.0269055	0.00408436	0.0215011
177	0.00289395	0.00681825	0.00147684	0.00174725	0.266491	0.00142829	0.00204153	0.00281916	0.00564654	0.00764238	0.00229239	0.00475853	0.00117333	0.00187134	0.00167277	0.00507745	0.00370056	0.0108053	0.133107	0.536535
178	0.665197	0.0113437	0.00502079	0.00627821	0.00178504	0.0733665	0.00215857	0.00219695	0.00659071	0.0131626	0.00291175	0.00824599	0.00112536	0.00261833	0.00191111	0.166102	0.0160975	0.0112107	0.000685804	0.001991
179	0.164874	0.191911	0.00384489	0.00811744	0.028338	0.00611978	0.00558866	0.103859	0.00713068	0.0155191	0.0416869	0.0123717	0.00400148	0.00971355	0.00586243	0.0387334	0.217841	0.118601	0.00602363	0.00986248
180	0.00280553	0.00462453	0.00117583	0.00141784	0.423324	0.00130228	0.00270645	0.00396921	0.00345005	0.0144372	0.00260388	0.00421524	0.00104296	0.0014034	0.00145587	0.00441959	0.0055388	0.0240774	0.0252642	0.470766
181	0.00449973	0.0730061	0.00226736	0.00322026	0.242487	0.00250001	0.00396394	0.00991231	0.0149269	0.00932853	0.005224	0.0152794	0.00659804	0.00316277	0.00269354	0.0086388	0.00485678	0.0127601	0.0639331	0.510742
182	0.0767636	0.00190253	0.00210708	0.00318796	0.0260478	0.0186379	0.00811791	0.109146	0.0175397	0.112491	0.032328	0.0069379	0.0369203	0.00802863	0.00902198	0.0582307	0.180732	0.279112	0.00381507	0.00893248
183	0.0234212	0.132092	0.0159196	0.0169888	0.148447	0.0115756	0.0163184	0.0746494	0.0275271	0.0359259	0.0187876	0.0378166	0.0536067	0.014787	0.0116213	0.0308475	0.0231904	0.0297955	0.0148912	0.261791
184	0.00563891	0.00330512	0.00211997	0.0108205	0.0304906	0.00175567	0.00281411	0.147765	0.00537527	0.593987	0.0499355	0.00433217	0.00384247	0.00493809	0.00237777	0.00806616	0.0086959	0.102184	0.00182534	0.00973002
185	0.177064	0.0167122	0.0181608	0.0225753	0.00728773	0.437633	0.0107429	0.00758534	0.0578614	0.0195956	0.00999327	0.0379024	0.00796235	0.0149635	0.0148281	0.066512	0.040468	0.0188826	0.00197881	0.0112909
186	0.0290861	0.0018139	0.470956	0.120992	0.00657936	0.0162864	0.0234136	0.00585057	0.0385814	0.0113444	0.00812934	0.0879919	0.00693831	0.0580367	0.0131298	0.0428417	0.0311435	0.00888189	0.00147263	0.0165305
187	0.0598178	0.0646504	0.00597942	0.142435	0.0540942	0.00498537	0.00676113	0.00913431	0.00980074	0.357299	0.0334416	0.0101148	0.00366311	0.0313103	0.0296747	0.0133877	0.0806292	0.0729145	0.0027711	0.00713587
188	0.00252963	0.00474386	0.00103875	0.00123061	0.425573	0.00100458	0.00144113	0.00359605	0.00338138	0.0141543	0.00221706	0.00387005	0.000914599	0.00123621	0.00116144	0.00409219	0.00458916	0.0228791	0.0265304	0.473817
189	0.310944	0.0110361	0.0249013	0.0188698	0.00990967	0.0454857	0.0103891	0.0106705	0.0310912	0.0188843	0.014108	0.0468792	0.0214299	0.016274	0.0139348	0.287572	0.0657099	0.0288663	0.00219838	0.0108458
190	0.0321884	0.012357	0.000569291	0.000702175	0.00385928	0.000548754	0.000771615	0.165602	0.000937344	0.0227758	0.0010061	0.00714266	0.000927839	0.000695937	0.000740977	0.00432628	0.0187878	0.717917	0.000939285	0.00720391
191	0.195347	0.00155328	0.0233827	0.00670472	0.00537864	0.00601232	0.0248222	0.00544423	0.0502765	0.00890235	0.0478214	0.0967224	0.00925787	0.0108259	0.00470196	0.358107	0.12658	0.00984314	0.00156488	0.00675125
192	0.00510273	0.00568885	0.00262402	0.00393992	0.316801	0.00277848	0.00476852	0.00656854	0.00718887	0.0241643	0.00765143	0.0064341	0.00164914	0.00383329	0.00288001	0.00776353	0.00661396	0.0177388	0.118769	0.447041
