462	20
1	0.0132276	0.00100571	0.000526467	0.000750956	0.0128853	0.00870371	0.00104308	0.423041	0.00357058	0.129188	0.0227891	0.00159921	0.00579922	0.00164166	0.00124307	0.00303366	0.0174861	0.345787	0.00565987	0.00101873
2	0.0101263	0.00743374	0.00171193	0.00801968	0.3581	0.00296268	0.00651396	0.120585	0.00385621	0.106375	0.0225579	0.00317367	0.00164405	0.00370246	0.00763418	0.00629057	0.0120122	0.148599	0.0226866	0.146014
3	0.00921342	0.000598232	0.000566435	0.00088359	0.0104916	0.0113455	0.0011126	0.418866	0.00342068	0.150316	0.0161695	0.00134198	0.00400371	0.00148021	0.00141987	0.00276187	0.0182359	0.338249	0.00774922	0.00177432
4	0.0229394	0.00161638	0.000473138	0.000940636	0.0228082	0.00373928	0.00178994	0.36832	0.00648409	0.135123	0.03959	0.00147381	0.00867639	0.00221448	0.00156699	0.00325977	0.0119658	0.362563	0.00184105	0.00261484
5	0.0690616	0.00121351	0.0087141	0.0392658	0.0095002	0.0240652	0.0188279	0.0322067	0.0406564	0.054658	0.0078314	0.0228465	0.440819	0.0492454	0.0550994	0.0527848	0.0262095	0.0280123	0.00439052	0.0145919
6	0.0318769	0.00557792	0.0241412	0.0337022	0.161905	0.0590793	0.185998	0.0179036	0.0224379	0.0365855	0.0228174	0.049557	0.0161948	0.0327208	0.0631186	0.056581	0.0251558	0.0283744	0.0101131	0.116161
7	0.0721347	0.0108397	0.00535269	0.00593264	0.0122043	0.0133446	0.00493063	0.0219906	0.0158714	0.0202023	0.0164385	0.0209519	0.0175353	0.0094172	0.0116276	0.292461	0.371853	0.067867	0.00110794	0.00793686
8	0.033408	0.00597539	0.0492852	0.0407446	0.0270535	0.0239686	0.281316	0.0204367	0.0306226	0.0401961	0.0215728	0.105202	0.0141958	0.0763211	0.0413292	0.0750115	0.0424944	0.0296095	0.00391135	0.0373458
9	0.0526169	0.166317	0.00620053	0.0104152	0.0156604	0.00707594	0.0137666	0.0544364	0.0108506	0.0237417	0.0185637	0.101308	0.00646994	0.0388863	0.00780013	0.0818526	0.227165	0.143345	0.00249249	0.0110352
10	0.0398586	0.00922314	0.333596	0.10176	0.0122197	0.0373746	0.0531458	0.0170495	0.0379814	0.0172285	0.00598666	0.0977748	0.00781274	0.0368669	0.0248947	0.0911272	0.0387605	0.0171915	0.0038088	0.0163387
11	0.220628	0.00466784	0.00509402	0.0172433	0.00480172	0.0527869	0.00600629	0.00833331	0.00843857	0.0175874	0.00556038	0.0164784	0.402991	0.0141739	0.00964864	0.133061	0.0524004	0.0124649	0.00173153	0.00590284
12	0.0552322	0.00565573	0.0204301	0.0204121	0.0137598	0.407893	0.01181	0.0944971	0.0187326	0.043514	0.0189549	0.0311869	0.0101818	0.0182488	0.0154491	0.0614656	0.0861845	0.0524944	0.00467549	0.00922158
13	0.0399671	0.00197227	0.00510357	0.00771003	0.162821	0.00575775	0.00575441	0.0418853	0.0050564	0.0186902	0.0249843	0.0065485	0.0232272	0.00748215	0.00687392	0.0238539	0.0262258	0.0309416	0.53099	0.0241547
14	0.00701408	0.00271953	0.00153475	0.00262764	0.0209721	0.00931206	0.00740972	0.348628	0.0390677	0.307547	0.0159739	0.00943747	0.00170026	0.0170982	0.0304844	0.0064031	0.0260948	0.12457	0.000949663	0.020456
15	0.0219803	0.00117232	0.010145	0.0388037	0.00688187	0.0104	0.0161911	0.00563043	0.382351	0.0481003	0.0150248	0.0313611	0.00316582	0.107836	0.190056	0.0479978	0.0249417	0.0131988	0.0113176	0.0134439
16	0.0541131	0.00545944	0.0163067	0.0133121	0.0136467	0.015736	0.0122453	0.0207725	0.017466	0.0510402	0.0226186	0.0332494	0.0117292	0.0186686	0.0155648	0.192417	0.424991	0.0478602	0.00195942	0.0108434
17	0.0154337	0.00520022	0.00137656	0.00533032	0.244334	0.00271027	0.00875191	0.140675	0.0075565	0.21608	0.0345575	0.00542202	0.00121713	0.00387112	0.0162095	0.00625835	0.0169979	0.164767	0.0106699	0.092581
18	0.0138838	0.00180418	0.241556	0.48123	0.0176361	0.00376291	0.00708154	0.00587619	0.00424272	0.0447562	0.00469483	0.0491039	0.00737392	0.0282824	0.00371097	0.0123934	0.0482424	0.0193098	0.00132731	0.00373135
19	0.0549215	0.000930155	0.119725	0.140908	0.00242197	0.0445415	0.0387033	0.00611369	0.0926937	0.0137764	0.00611702	0.124101	0.00344406	0.110123	0.0738718	0.102278	0.0428014	0.0151208	0.00042891	0.00697726
20	0.0270263	0.005488	0.00858352	0.017935	0.185754	0.0154689	0.0511359	0.0443361	0.0143422	0.130051	0.0343656	0.0130142	0.00633508	0.0226159	0.0186761	0.0253676	0.0213327	0.053814	0.0130007	0.291357
21	0.00678054	0.00406338	0.000839447	0.00407418	0.485562	0.00571444	0.024764	0.0112787	0.000927054	0.0351415	0.0239018	0.00910295	0.0047571	0.00439319	0.0054193	0.0210929	0.0182455	0.0147991	0.00203734	0.317106
22	0.0413766	0.00220726	0.0964417	0.130516	0.00610202	0.0259257	0.0455975	0.0151624	0.0892671	0.0249109	0.0114117	0.0797215	0.00495159	0.113261	0.0776085	0.113317	0.0800666	0.0297791	0.0013368	0.0110389
23	0.0356489	0.00105785	0.00275853	0.00145553	0.00707261	0.0072018	0.00261294	0.0068222	0.00572071	0.0182132	0.0143926	0.00884069	0.00187856	0.0044298	0.00414606	0.220021	0.611805	0.0426989	0.000446862	0.00277647
24	0.0281141	0.0032827	0.0132755	0.0283562	0.00289736	0.0225603	0.0227526	0.00758143	0.281771	0.0171788	0.0084952	0.0368115	0.00381335	0.0879589	0.286564	0.0909075	0.0368538	0.0131672	0.00182805	0.00583098
25	0.0506939	0.0140619	0.00954555	0.0116495	0.0166347	0.0442935	0.0603925	0.0291421	0.0318315	0.0640192	0.0442106	0.179108	0.0518253	0.0466087	0.0394459	0.185958	0.0559834	0.0138599	0.00124359	0.0494923
26	0.0145498	0.00289819	0.00272726	0.00401835	0.0134062	0.00821691	0.0102277	0.539858	0.0142997	0.101437	0.0458591	0.0218437	0.00432048	0.00916657	0.0137325	0.0147422	0.0551953	0.113643	0.0018656	0.00799341
27	0.0149227	0.000487353	0.0004615	0.000657021	0.164289	0.00084963	0.000636693	0.119777	0.000646173	0.521496	0.0720076	0.00104709	0.000892865	0.00228001	0.0073469	0.00778878	0.0128843	0.0577959	0.00169673	0.0120372
28	0.0411683	0.0141326	0.432684	0.0827821	0.00149296	0.047339	0.0239011	0.0158652	0.0201318	0.00925663	0.00129808	0.130718	0.00475048	0.0185621	0.00306497	0.101533	0.0380913	0.0114047	0.000366981	0.00145694
29	0.0589684	0.00102	0.128244	0.143748	0.00139728	0.0473189	0.03833	0.00405131	0.0872522	0.0109889	0.00477134	0.136933	0.00322298	0.106584	0.0719856	0.101782	0.035017	0.0125835	0.000180446	0.00562136
30	0.0227287	0.00293533	0.00454226	0.0107759	0.14809	0.0109884	0.0346305	0.0175119	0.0334591	0.132603	0.373248	0.00960232	0.00450471	0.016391	0.0560455	0.0443568	0.0169678	0.0237077	0.00321794	0.033693
31	0.020189	0.00271547	0.00803607	0.0176443	0.00386469	0.0113011	0.0203811	0.00817058	0.184346	0.0296525	0.0092545	0.0273508	0.00547798	0.056116	0.430884	0.0918206	0.0475206	0.0169968	0.00206432	0.00621437
32	0.00353868	0.000874876	0.000714678	0.00178017	0.643354	0.00336019	0.0205736	0.01231	0.00187273	0.0566672	0.0528432	0.00446459	0.000832934	0.00329149	0.00248616	0.00489403	0.00476967	0.0118786	0.00192484	0.167568
33	0.00868554	0.000526732	0.000707648	0.00121378	0.0112677	0.00828279	0.00107615	0.675977	0.00343969	0.0599476	0.0747311	0.0110058	0.000913245	0.00203524	0.0100817	0.0084648	0.0269752	0.0929984	0.000391126	0.00127878
34	0.0157765	0.00349541	0.0138447	0.0268487	0.119817	0.00722651	0.111992	0.0134181	0.00649521	0.0645021	0.0212163	0.00883789	0.00107482	0.0247138	0.0148704	0.0208653	0.012051	0.021206	0.0473344	0.444413
35	0.476973	0.0155439	0.00071553	0.00918083	0.00301308	0.0500679	0.00146755	0.00503713	0.00104755	0.00861854	0.0106883	0.0136029	0.0149561	0.00663262	0.00542775	0.277839	0.08432	0.0133985	0.00033575	0.00113435
36	0.0511914	0.00489052	0.146503	0.166626	0.00906154	0.0373297	0.0299261	0.0151282	0.0522887	0.0210434	0.0099048	0.131501	0.0127046	0.0579687	0.0420764	0.123894	0.0491706	0.0217778	0.00388041	0.0131329
37	0.0380107	0.000962481	0.00123159	0.00731878	0.0346733	0.00198883	0.00428334	0.245823	0.0043973	0.0731151	0.115119	0.00238046	0.00433352	0.00285294	0.0037304	0.0448722	0.177147	0.235093	0.000619309	0.00204768
38	0.147869	0.0367464	0.00601316	0.0111819	0.0142662	0.0138915	0.00718022	0.0186691	0.00870582	0.0121141	0.0171976	0.0134139	0.0133534	0.0126955	0.0271442	0.445546	0.105159	0.0724745	0.00105224	0.0153269
39	0.0021134	0.000755553	0.000566389	0.00143201	0.681422	0.00306717	0.0209666	0.00961809	0.000788634	0.0394613	0.0381713	0.00399219	0.000625101	0.00200506	0.000998626	0.00345876	0.0027246	0.0097929	0.00173468	0.176306
40	0.00839585	0.000758761	0.000481365	0.000532163	0.0808257	0.00079022	0.00061088	0.098677	0.000483932	0.663267	0.0691377	0.000994691	0.00147132	0.00433209	0.00517993	0.00584863	0.00742257	0.0422759	0.0013235	0.007191
41	0.0593617	0.00115828	0.123706	0.136608	0.00157594	0.0551622	0.0310292	0.00541812	0.07565	0.0116787	0.00373918	0.177586	0.00546146	0.0806062	0.0698806	0.113476	0.0310906	0.0118457	0.000273452	0.00469328
42	0.0312822	0.0017879	0.0242081	0.0418263	0.00423388	0.14368	0.0225768	0.00869764	0.236309	0.0173619	0.00792837	0.0601454	0.00554121	0.0758852	0.176255	0.0872352	0.0331606	0.0144085	0.00159442	0.00588225
43	0.0218958	0.00241808	0.0100959	0.0232279	0.00260798	0.0144296	0.0228902	0.007302	0.233159	0.0194416	0.00885946	0.0327347	0.00473703	0.0750251	0.388043	0.075333	0.0365565	0.0141873	0.00195682	0.00509962
44	0.0133445	0.000647386	0.000532847	0.000944406	0.150819	0.000816984	0.000736617	0.101905	0.000601567	0.547358	0.0743039	0.00135079	0.00143257	0.00391233	0.00640587	0.00772234	0.0122874	0.0530112	0.00470762	0.0171598
45	0.0356972	0.00373072	0.119936	0.341805	0.0188986	0.016005	0.0282298	0.0163097	0.0312655	0.0386375	0.0157887	0.0512517	0.0158771	0.0860761	0.0283687	0.0581747	0.0458129	0.0288642	0.0042866	0.0149845
46	0.0128713	0.000495227	0.000714138	0.0010665	0.0664157	0.00191324	0.000863908	0.375109	0.00193854	0.140216	0.264029	0.00447033	0.000690308	0.00393018	0.00254601	0.00820179	0.0122834	0.0973865	0.00333704	0.00152125
47	0.23218	0.00660342	0.00418343	0.00946079	0.0144556	0.0143293	0.00809899	0.0860848	0.0117559	0.115762	0.0220014	0.00779998	0.0117982	0.00811796	0.00619124	0.0392007	0.134004	0.259489	0.00236991	0.00611472
48	0.0886665	0.0015294	0.00162463	0.00189513	0.0106008	0.0214074	0.00192599	0.0094509	0.0117688	0.0229938	0.0165345	0.0093903	0.0039518	0.0102686	0.00943832	0.278594	0.439676	0.0553667	0.000595279	0.00432096
49	0.196981	0.00420058	0.00278591	0.0142501	0.004481	0.578197	0.00411651	0.00977536	0.00269416	0.0180456	0.00635586	0.0151304	0.0109532	0.00862508	0.00297155	0.0848256	0.0185878	0.0110318	0.0015718	0.0044196
50	0.200498	0.00691401	0.00324887	0.0115517	0.00494951	0.333584	0.00352947	0.00693956	0.00706656	0.0106376	0.00761416	0.0185759	0.0074468	0.00749104	0.00765884	0.27121	0.0746304	0.0128261	0.00088168	0.00274656
51	0.0326726	0.00389044	0.0101625	0.0189084	0.162898	0.0130446	0.0379596	0.0356881	0.00831921	0.0476271	0.0235742	0.0148782	0.0170806	0.0159617	0.0141033	0.031259	0.019893	0.0411598	0.267237	0.183682
52	0.0453322	0.00775485	0.0047918	0.0101198	0.192503	0.00924777	0.012738	0.125952	0.00908222	0.131297	0.0457907	0.0101446	0.010605	0.0105382	0.0109715	0.0249351	0.0340168	0.223815	0.0160502	0.0643136
53	0.0512246	0.00484909	0.0213372	0.105544	0.0157685	0.0096424	0.0206273	0.040955	0.047148	0.0556406	0.115948	0.0278516	0.00603409	0.14829	0.0444671	0.081992	0.0419745	0.137915	0.00621919	0.0165725
54	0.137163	0.0218097	0.00156303	0.00249623	0.00296182	0.00250596	0.00240465	0.00415901	0.00208898	0.00848299	0.00349085	0.0180707	0.162131	0.00286978	0.00934344	0.189449	0.356738	0.0686953	0.000889797	0.00268647
55	0.0651777	0.0104436	0.344958	0.0862791	0.00596908	0.0410928	0.0245183	0.0198376	0.0344009	0.0168878	0.00778326	0.10467	0.012248	0.0306424	0.0183325	0.10838	0.0423767	0.0182152	0.00190732	0.00587929
56	0.0439931	0.00391211	0.108431	0.31266	0.0183151	0.018723	0.03247	0.0194192	0.0380934	0.0431797	0.0143429	0.053871	0.0172421	0.0789477	0.0316779	0.0593415	0.0471316	0.0297146	0.00490128	0.0236331
57	0.444314	0.0123664	0.00435072	0.0132145	0.00603662	0.0507473	0.00481035	0.0109519	0.00762737	0.0139879	0.0278864	0.0156337	0.0123489	0.0128057	0.00852623	0.276039	0.0481876	0.0248794	0.00136236	0.0039233
58	0.0653576	0.0145081	0.00214587	0.00255584	0.00305225	0.0169263	0.0241321	0.0340802	0.00298839	0.00560238	0.0110653	0.316885	0.00216638	0.00444958	0.00303226	0.16235	0.229665	0.0887816	0.00101933	0.00923655
59	0.151138	0.0229784	0.00115888	0.00228747	0.00269972	0.00207523	0.00182172	0.00295965	0.00176853	0.0078594	0.00287792	0.00991439	0.151094	0.0024961	0.0100834	0.206153	0.34936	0.0683802	0.000609645	0.00228412
60	0.0272985	0.0046735	0.0149485	0.0215535	0.0318742	0.0198151	0.313385	0.0179007	0.0192905	0.0541303	0.0221056	0.0846501	0.0187109	0.0724611	0.0367621	0.0900377	0.0279013	0.0202467	0.00565433	0.0966006
61	0.0108002	0.00808016	0.00368109	0.010217	0.245027	0.00495187	0.0468865	0.034471	0.0015182	0.0725493	0.0211451	0.0025955	0.00156062	0.0123643	0.00980085	0.00774619	0.00543217	0.0608612	0.0248702	0.415441
62	0.0118298	0.00781144	0.00119239	0.00764224	0.359594	0.00948583	0.0257634	0.0156716	0.00125862	0.032587	0.015708	0.0191929	0.012526	0.00490474	0.010845	0.0448505	0.0450005	0.0190128	0.00111811	0.354005
63	0.511608	0.0147297	0.000444029	0.00742542	0.0032726	0.0542582	0.0011786	0.00605769	0.000663996	0.00701684	0.0121865	0.0130552	0.0137469	0.00666162	0.00298629	0.304431	0.0290614	0.0102806	0.00026017	0.000675701
64	0.0144579	0.000566241	0.000758888	0.00129109	0.0689295	0.0014322	0.00119313	0.30782	0.00163697	0.149319	0.308465	0.00521945	0.000875385	0.0055004	0.0019379	0.00965144	0.0149151	0.0995725	0.00459508	0.00186286
65	0.0310402	0.00110798	0.000388215	0.0011102	0.0199956	0.0017376	0.00692964	0.218032	0.00157239	0.423547	0.0379656	0.00187283	0.00103311	0.00177615	0.00249042	0.00179208	0.0101497	0.224787	0.000593116	0.0120784
66	0.0390221	0.00593266	0.198395	0.114761	0.00611453	0.0215661	0.0359606	0.0285712	0.0739466	0.0318752	0.0116392	0.0792628	0.00692387	0.0800966	0.0474329	0.100939	0.0741765	0.0322256	0.00236013	0.00879886
67	0.0413258	0.0289738	0.120743	0.148337	0.0120443	0.0232183	0.0355919	0.0242951	0.0400969	0.0341924	0.017246	0.0984653	0.0103753	0.141902	0.0388709	0.0864035	0.0524866	0.0310554	0.00304866	0.0113275
68	0.0148049	0.000637393	0.00100973	0.0015046	0.0779574	0.00147422	0.0018107	0.244449	0.0016338	0.157818	0.372072	0.00741209	0.000870829	0.00559616	0.00196562	0.00977828	0.0130708	0.0765563	0.00743734	0.00214142
69	0.0347602	0.000826113	0.00101956	0.00590061	0.0405854	0.00196285	0.00401896	0.254427	0.00437723	0.0929784	0.144259	0.0026224	0.00391164	0.00360218	0.00389278	0.0355264	0.146048	0.214994	0.0013278	0.00295896
70	0.0526272	0.00341878	0.141486	0.199286	0.00458456	0.0323253	0.0369322	0.0101443	0.0646339	0.0170352	0.00737279	0.106879	0.00611077	0.085745	0.0544132	0.0995164	0.0507634	0.0186368	0.000933492	0.00715588
71	0.0781001	0.00292278	0.0112254	0.0149252	0.00410779	0.696862	0.00386973	0.00941073	0.0104353	0.0138327	0.00385988	0.0282172	0.00610978	0.00934633	0.00735043	0.0684253	0.0183074	0.00715751	0.00150991	0.00402472
72	0.0273069	0.00572497	0.0130975	0.0172708	0.0528059	0.0168856	0.324499	0.0203977	0.0162909	0.0483253	0.0465999	0.125531	0.0151684	0.0940621	0.0365694	0.0589506	0.0249949	0.0218953	0.00320924	0.0304156
73	0.0136259	0.00270201	0.00330982	0.338913	0.00677293	0.00490879	0.0615575	0.0133499	0.00418191	0.0958468	0.0340955	0.00756957	0.00328114	0.316327	0.00494373	0.0319559	0.0353052	0.015828	0.00145443	0.00407121
74	0.0381522	0.00211306	0.00419586	0.00697833	0.171316	0.00543509	0.00606963	0.0393538	0.00575004	0.0176239	0.0226399	0.00714806	0.0227902	0.00620574	0.00721721	0.023197	0.0245342	0.0286253	0.532638	0.0280165
75	0.0102078	0.000986735	0.000238978	0.000454912	0.0299561	0.000679104	0.00173654	0.147325	0.00050291	0.642095	0.0608915	0.000878123	0.00128253	0.00399845	0.0022853	0.00275279	0.00316212	0.0852206	0.000503204	0.00484211
76	0.0195737	0.000930734	0.00904503	0.0381433	0.00688627	0.00518366	0.0143233	0.00433519	0.415859	0.0614232	0.0145415	0.0292668	0.00362182	0.116271	0.161584	0.0347251	0.0207405	0.0146068	0.0143894	0.0145493
77	0.0549436	0.00170435	0.00683138	0.0273255	0.0064934	0.0044917	0.020162	0.129745	0.206911	0.0409132	0.00726061	0.0215473	0.0165781	0.0254839	0.0469488	0.0639569	0.148461	0.164222	0.00149332	0.00452753
78	0.0534853	0.00290699	0.00749732	0.0193924	0.0278398	0.00996876	0.0109609	0.15326	0.0316675	0.107463	0.0323565	0.0152784	0.220642	0.0244208	0.0319337	0.0327998	0.0332234	0.166065	0.0104917	0.0083476
79	0.0236451	0.00165742	0.0195176	0.0432301	0.00401122	0.0177673	0.0190454	0.0116741	0.303526	0.0216888	0.0126179	0.0455005	0.00518201	0.0925573	0.219942	0.0784399	0.0467642	0.0230063	0.00316919	0.00705726
80	0.0678691	0.0123109	0.00274042	0.00304911	0.00345681	0.0155211	0.0282139	0.0414524	0.00294417	0.005955	0.0103563	0.295355	0.00212629	0.0044641	0.00273439	0.166069	0.223242	0.0985174	0.00131272	0.0123097
81	0.284479	0.00487439	0.00683311	0.012429	0.00619531	0.137305	0.0535727	0.00951597	0.00983447	0.0112959	0.0236337	0.0117337	0.00430496	0.011424	0.0099761	0.298386	0.0543595	0.0444438	0.00164691	0.00375613
82	0.0399527	0.00258698	0.00542979	0.0104205	0.152504	0.00679932	0.00968119	0.045702	0.00840108	0.0213707	0.0254645	0.00825142	0.0248883	0.00910936	0.00838495	0.0258886	0.0257236	0.0347947	0.50659	0.0280556
83	0.152877	0.0220549	0.00230549	0.00602051	0.00309016	0.0150884	0.00201034	0.00627433	0.00608305	0.00436489	0.00459725	0.00840966	0.00554873	0.00318871	0.0104537	0.587494	0.117414	0.0323461	0.000752366	0.00962667
84	0.00863239	0.000568107	0.00088499	0.00163588	0.0041754	0.009141	0.00150636	0.72787	0.00276978	0.0409337	0.0387517	0.0145097	0.00110988	0.00215053	0.00855762	0.00857561	0.0348974	0.0912458	0.000806785	0.00127756
85	0.0375355	0.00971407	0.308302	0.0972092	0.0093652	0.0353707	0.0249182	0.0177969	0.0358889	0.0193163	0.00762808	0.0947349	0.0121275	0.0322016	0.018894	0.103886	0.101116	0.023423	0.00166253	0.0089098
86	0.145919	0.00506566	0.0123535	0.0225988	0.00700167	0.044749	0.0107416	0.0112336	0.013731	0.0235726	0.00809251	0.0253046	0.365789	0.0212512	0.0147081	0.154646	0.0789803	0.0214581	0.00228002	0.0105238
87	0.0197467	0.00609888	0.00377391	0.00805493	0.383587	0.00618265	0.013454	0.0792632	0.0066007	0.104146	0.0430986	0.00825838	0.00685203	0.00912088	0.0101586	0.0171416	0.0199976	0.111259	0.0183595	0.124846
88	0.0765092	0.00487004	0.0178428	0.0212941	0.00731924	0.522588	0.00846413	0.0126727	0.0192936	0.0221836	0.00970051	0.0392335	0.0152251	0.01677	0.0150453	0.0847733	0.0779746	0.0185956	0.00209912	0.00754582
89	0.0144737	0.00223236	0.0117531	0.0313425	0.0690232	0.00611854	0.180698	0.0194287	0.00763781	0.0648916	0.0356835	0.0104384	0.00211887	0.0418114	0.0130164	0.0321785	0.0133112	0.0247019	0.0154948	0.403646
90	0.0642159	0.00561271	0.00571849	0.0104822	0.0109061	0.0502717	0.00320126	0.0111013	0.024147	0.00991857	0.00858294	0.0198425	0.00493688	0.00509914	0.0117886	0.481844	0.237164	0.0286263	0.000811391	0.00572893
91	0.278966	0.0038946	0.000949041	0.00760172	0.00238835	0.0656708	0.00206564	0.00356852	0.00159195	0.00947194	0.00457783	0.0143327	0.392264	0.0031114	0.00178549	0.162796	0.0373511	0.00488259	0.000673686	0.00205714
92	0.067706	0.00280825	0.00168712	0.00183696	0.0144146	0.0112422	0.00210709	0.00984938	0.0131643	0.0188757	0.0153673	0.00821237	0.0082692	0.00602022	0.00781064	0.271982	0.47225	0.0618384	0.000516064	0.00404231
93	0.0356569	0.00564195	0.00270839	0.00673429	0.0382009	0.0046325	0.0228769	0.0954771	0.0250498	0.218962	0.165486	0.0137579	0.00333653	0.0670411	0.0207007	0.0182451	0.0577412	0.145827	0.0060597	0.0458628
94	0.20324	0.00162748	0.00125477	0.0094351	0.00229387	0.0629678	0.00282135	0.00315689	0.00234363	0.0114086	0.00269332	0.0127756	0.492647	0.00421248	0.00336953	0.113708	0.0588305	0.00754218	0.000820781	0.00285207
95	0.0247056	0.00551134	0.00331363	0.0109124	0.263844	0.00929106	0.0518176	0.0147916	0.00216767	0.043643	0.0168581	0.0075291	0.00428536	0.0189795	0.00997841	0.018999	0.0157111	0.0326821	0.010339	0.43464
96	0.00462397	0.000755302	0.000224276	0.000362191	0.03696	0.000669844	0.000402416	0.126966	0.000363054	0.694369	0.0651956	0.000527906	0.00150762	0.00486401	0.00268388	0.00291652	0.00206434	0.0502971	0.000635456	0.00361128
97	0.0349141	0.0044557	0.00309499	0.0050554	0.0883893	0.0094131	0.0190588	0.0658024	0.0170006	0.372801	0.111487	0.0241934	0.00910622	0.0229771	0.0161993	0.0191066	0.0408877	0.0691031	0.02735	0.0396039
98	0.0367224	0.00203671	0.0164426	0.0326333	0.00356775	0.0333122	0.0225313	0.00891505	0.294769	0.0174557	0.00895324	0.0394235	0.00314071	0.0939522	0.230657	0.100001	0.0339039	0.0128536	0.00188826	0.00684099
99	0.0396967	0.00176863	0.0167066	0.0389193	0.00397576	0.033488	0.0217354	0.011014	0.286397	0.0232422	0.0110269	0.0375387	0.00312573	0.0976366	0.220597	0.0986932	0.0314911	0.0135795	0.00242199	0.00694558
100	0.506418	0.0150316	0.000460724	0.00727388	0.00371583	0.052229	0.00123604	0.00651952	0.00076262	0.00757154	0.0140025	0.0127214	0.0130664	0.00665478	0.00305979	0.307838	0.0299036	0.0104413	0.00027057	0.00082298
101	0.042099	0.00198346	0.12544	0.107474	0.00329637	0.173281	0.024929	0.00625572	0.0693193	0.0111132	0.00338001	0.169774	0.00981539	0.0519073	0.0503916	0.0991252	0.0303423	0.0126549	0.00096412	0.00645353
102	0.0208157	0.000481567	0.000630706	0.0011526	0.237976	0.00107126	0.000866795	0.135638	0.000886792	0.395704	0.0640141	0.00126026	0.000608886	0.00119169	0.0105403	0.0104868	0.017901	0.0787433	0.00165975	0.0183703
103	0.105367	0.00216576	0.0928497	0.101898	0.00350525	0.0593817	0.0359068	0.00917448	0.0712562	0.0116205	0.00796374	0.141197	0.00736265	0.0736664	0.0635374	0.150066	0.0340195	0.0188372	0.000715514	0.00951048
104	0.0946309	0.00676538	0.00488534	0.00932184	0.0199875	0.0593948	0.0229491	0.0369211	0.0174985	0.211614	0.1711	0.0136478	0.00651857	0.0212748	0.0126738	0.0576169	0.129163	0.0820521	0.00390013	0.0180839
105	0.0301862	0.00141649	0.000679443	0.00326615	0.0452989	0.00135241	0.0135332	0.192039	0.00548741	0.336785	0.0422332	0.00335929	0.00214796	0.00351363	0.00539171	0.00275818	0.0257478	0.265014	0.000391535	0.0193989
106	0.0178482	0.00150971	0.000632364	0.00136998	0.0308835	0.00386052	0.00200341	0.419112	0.00462511	0.135197	0.0767605	0.00287856	0.00528682	0.00254355	0.00264505	0.00511615	0.0166247	0.266181	0.00159052	0.00333218
107	0.0423975	0.0134001	0.0285764	0.0409001	0.0183074	0.0152981	0.0376427	0.0419747	0.0399172	0.139732	0.0476766	0.130408	0.0161799	0.113491	0.0439675	0.0849564	0.0858832	0.038624	0.00373379	0.016933
108	0.0368144	0.00416253	0.032913	0.0470278	0.0111374	0.0240647	0.0336963	0.0158138	0.138965	0.0349156	0.0168713	0.0795333	0.0123607	0.0727936	0.2573	0.0901643	0.0478373	0.0256914	0.00298006	0.0149577
109	0.0184433	0.000765707	0.00100853	0.00450505	0.0210668	0.0041928	0.00173682	0.366544	0.00259834	0.0927207	0.0540777	0.00322624	0.00585377	0.00208645	0.00251868	0.0236755	0.149027	0.242097	0.00241436	0.00144198
110	0.0271929	0.00418364	0.0153442	0.0234522	0.0490358	0.0133488	0.363074	0.0208264	0.0244087	0.0537534	0.0244646	0.0412469	0.0161766	0.0870866	0.0458645	0.0525448	0.0322672	0.0295152	0.0068496	0.0693643
111	0.0162152	0.00323258	0.0109166	0.0287347	0.186904	0.0151974	0.103726	0.00916365	0.00594293	0.0413023	0.0157235	0.0114852	0.00315985	0.026262	0.01361	0.0257124	0.0166905	0.0175756	0.0133711	0.435075
112	0.245317	0.001329	0.0336418	0.0660448	0.00171398	0.0596826	0.0102238	0.0235704	0.0614481	0.00404501	0.0160665	0.0356975	0.00144452	0.0459284	0.0343531	0.260147	0.0461782	0.0510875	0.000560587	0.00152103
113	0.00704242	0.000444933	0.000653792	0.000885839	0.00831422	0.0120554	0.00112373	0.44195	0.0028382	0.140099	0.0130504	0.00140686	0.00331714	0.00127744	0.00112827	0.00290037	0.0214726	0.329252	0.00969625	0.00109128
114	0.0286404	0.00178247	0.0171922	0.0425241	0.00532489	0.0169505	0.0202019	0.00985244	0.321865	0.0367165	0.0133107	0.0373236	0.00444865	0.108364	0.198419	0.066152	0.0331838	0.0194439	0.00703528	0.0112689
115	0.0428413	0.00179706	0.033772	0.0524948	0.00361719	0.0366065	0.0267651	0.00832511	0.254052	0.019036	0.00928661	0.0515836	0.00316209	0.100671	0.200827	0.0986732	0.0336713	0.013726	0.00197138	0.00712095
116	0.0175013	0.00108763	0.0353289	0.0658986	0.075584	0.008965	0.163709	0.00609573	0.0197847	0.0284976	0.0125019	0.0249694	0.00281445	0.028587	0.031643	0.0517913	0.0258092	0.00812783	0.0194138	0.37189
117	0.0174787	0.000363037	0.000694096	0.000968207	0.275512	0.00140455	0.00368547	0.0605108	0.000804929	0.442015	0.0794219	0.00191986	0.00115115	0.00399994	0.00916095	0.0102792	0.0175556	0.0334515	0.00251213	0.0371111
118	0.54239	0.0120956	0.000641996	0.00658193	0.0033225	0.0534003	0.00131583	0.00663313	0.00104075	0.00816223	0.0120009	0.0113929	0.0121127	0.00904153	0.00272957	0.271151	0.0333398	0.0114879	0.000309483	0.000850124
119	0.0536259	0.000965123	0.0490762	0.129951	0.00559643	0.0127456	0.0237087	0.0343448	0.108292	0.0577354	0.0286715	0.0456943	0.00240969	0.144617	0.0785122	0.0867979	0.0599462	0.0550699	0.00850347	0.0137368
120	0.111909	0.00254847	0.0320815	0.035636	0.00404561	0.00542384	0.0345471	0.0313969	0.0154357	0.0270763	0.0252328	0.270364	0.00659978	0.0626681	0.00653906	0.213465	0.0438804	0.0321284	0.0117343	0.0272871
121	0.0326674	0.00683969	0.00872455	0.0343191	0.0457645	0.0297674	0.0256498	0.140298	0.0262103	0.173936	0.0897911	0.0207378	0.00989796	0.0328932	0.0466626	0.0556071	0.0691814	0.125068	0.00471242	0.0212711
122	0.0517067	0.0030317	0.187202	0.326822	0.015384	0.0142919	0.0153663	0.011314	0.0320239	0.0307138	0.00702109	0.0553089	0.0515571	0.0368862	0.014524	0.0612819	0.0558994	0.021675	0.00148514	0.00650519
123	0.0140492	0.0034098	0.00420056	0.0103099	0.484642	0.0241793	0.0296031	0.0167963	0.00408683	0.0424991	0.0266379	0.0149555	0.00605694	0.0075889	0.00859265	0.0267171	0.0157245	0.0238821	0.00715706	0.228911
124	0.0162951	0.00517049	0.0026433	0.00479028	0.0288425	0.00719886	0.027044	0.104214	0.057305	0.193456	0.141435	0.0352606	0.00336478	0.0329122	0.071835	0.0250466	0.0606301	0.110122	0.0134814	0.0589522
125	0.0535538	0.00382431	0.00922573	0.016051	0.120442	0.0186443	0.0135743	0.0397304	0.0158035	0.0246704	0.0248527	0.0246019	0.0230611	0.0134722	0.0169755	0.0686115	0.0383338	0.0338516	0.414531	0.0261886
126	0.0322205	0.00159344	0.00993238	0.0161796	0.00854532	0.0119631	0.0444356	0.0198662	0.183143	0.0341096	0.0156085	0.0307299	0.00797945	0.0734285	0.33661	0.0691461	0.0488483	0.0353277	0.00492009	0.0154128
127	0.0790396	0.00211884	0.0113757	0.0563545	0.0120521	0.0186986	0.0158947	0.0388009	0.0363832	0.0587597	0.0105803	0.0164421	0.384249	0.0869681	0.036806	0.0426013	0.0472877	0.0305927	0.00342761	0.0115676
128	0.0571682	0.0103609	0.00617101	0.00750176	0.0169423	0.0382162	0.0505902	0.0339724	0.0217669	0.0576068	0.0542732	0.166607	0.0741584	0.0428493	0.0312559	0.198752	0.0660895	0.0121522	0.000789744	0.0527755
129	0.0409071	0.00253493	0.00341721	0.00568701	0.182485	0.00426151	0.00412919	0.0422462	0.0035833	0.0110617	0.0223213	0.00553327	0.0245993	0.00492154	0.00451693	0.0207075	0.0241792	0.0286299	0.547748	0.0165299
130	0.131635	0.00590936	0.205694	0.0720975	0.00396368	0.0559805	0.0130552	0.0131638	0.0378312	0.00752504	0.0089391	0.0578857	0.0132638	0.022372	0.0121591	0.261008	0.0502491	0.024534	0.000608698	0.00212496
131	0.0129544	0.000510359	0.000697046	0.00103777	0.0645182	0.00180631	0.000851926	0.373575	0.00185911	0.138277	0.272352	0.00461785	0.000625911	0.00405385	0.00246645	0.0082494	0.0121497	0.0947132	0.00339088	0.0012935
132	0.0203674	0.000398234	0.000671043	0.000944115	0.202353	0.00103381	0.00104672	0.0716637	0.000797492	0.507427	0.0820107	0.00159727	0.00122814	0.00350936	0.0111083	0.0119862	0.0214287	0.0392014	0.00302712	0.0182001
133	0.0909746	0.163775	0.00379796	0.00593127	0.00753622	0.00512532	0.00618114	0.0211853	0.00705306	0.0182733	0.0131864	0.0264477	0.0341325	0.0155356	0.00835858	0.0953071	0.317063	0.152313	0.00151396	0.00630955
134	0.0140348	0.00232956	0.00775227	0.0651612	0.0200907	0.00744053	0.417232	0.00987818	0.0141709	0.0340683	0.0128205	0.0334858	0.0113358	0.204274	0.0411306	0.0387131	0.0189635	0.014946	0.00211594	0.0300563
135	0.024825	0.00223652	0.00109822	0.00275307	0.0397445	0.00209883	0.0115077	0.207775	0.00747334	0.320195	0.0834771	0.00819075	0.0014932	0.00594737	0.00681062	0.00419259	0.0220292	0.225343	0.00116962	0.0216395
136	0.0521081	0.00305464	0.00641182	0.0929455	0.175105	0.0439904	0.011249	0.0125441	0.00975664	0.110163	0.269164	0.0421343	0.00463934	0.0519775	0.00983234	0.019833	0.0478661	0.0237239	0.00253488	0.0109661
137	0.0702987	0.0014515	0.0123915	0.0461059	0.00685792	0.027221	0.0212118	0.0248933	0.0309464	0.0493292	0.00858096	0.0198357	0.456831	0.0618854	0.0398314	0.0533732	0.0275468	0.0225511	0.00344395	0.0154134
138	0.00429683	0.00252126	0.000901927	0.00276111	0.569338	0.00364416	0.0241829	0.0124136	0.000830708	0.0404861	0.0317592	0.00462049	0.00154497	0.00405974	0.0030692	0.00734061	0.00664885	0.0170373	0.00336044	0.259183
139	0.0463898	0.00426459	0.0539998	0.0819117	0.0887386	0.0238798	0.0482005	0.0152652	0.0270028	0.05254	0.0392349	0.0665813	0.0127353	0.0369815	0.0562647	0.0883621	0.0953217	0.0264489	0.00960791	0.126269
140	0.0465476	0.00567299	0.0102996	0.0202463	0.0832187	0.126461	0.0679845	0.0786858	0.0139224	0.12395	0.0283814	0.0263049	0.0110508	0.0223099	0.0192039	0.214082	0.0311728	0.0363039	0.00846823	0.0257335
141	0.05394	0.00564414	0.0141642	0.0289102	0.134893	0.090605	0.0489986	0.0236031	0.0196939	0.0557421	0.0239989	0.0369918	0.0142996	0.0266439	0.0273631	0.0634192	0.0301966	0.0324804	0.0119046	0.256507
142	0.0385334	0.011754	0.38816	0.0742773	0.00190579	0.0520907	0.022808	0.0143171	0.0211921	0.00925471	0.00177048	0.159314	0.00472932	0.0167332	0.00674339	0.10639	0.05564	0.0119777	0.000477396	0.00193122
143	0.0287451	0.00342936	0.00116399	0.00183861	0.0187633	0.00527922	0.00144813	0.526426	0.00309991	0.0591969	0.0332528	0.0059355	0.0028951	0.00404258	0.00355216	0.0156739	0.0353456	0.246301	0.00197288	0.00163774
144	0.0669075	0.000850345	0.0115127	0.0467599	0.0105281	0.0173773	0.019142	0.0353329	0.058684	0.0634347	0.00831884	0.0227898	0.391042	0.0564207	0.0593913	0.0460835	0.0304725	0.0371477	0.00469015	0.0131145
145	0.0304675	0.00396163	0.0173326	0.0321471	0.0549983	0.0511108	0.218565	0.010988	0.0175667	0.0297995	0.0196482	0.0992172	0.0278335	0.0562909	0.0361724	0.125048	0.0236281	0.0139603	0.00932169	0.121943
146	0.0360319	0.00131863	0.00292631	0.00134602	0.0052462	0.00504761	0.00304739	0.00507846	0.00530717	0.0101194	0.00834251	0.010232	0.00201843	0.00273239	0.00203062	0.262208	0.608195	0.0264755	0.000398118	0.0018989
147	0.0969257	0.146601	0.0417509	0.0258268	0.0368393	0.0262581	0.0202166	0.0492172	0.0213786	0.0567295	0.032368	0.0476897	0.017961	0.0356351	0.0205133	0.100364	0.105838	0.08337	0.00572796	0.0287891
148	0.0700276	0.0032443	0.0076699	0.0145052	0.00669798	0.688401	0.00740399	0.0104178	0.010796	0.0200148	0.00686352	0.0318802	0.00983089	0.00921854	0.00857577	0.0561899	0.0198112	0.00988154	0.00206478	0.00650538
149	0.117373	0.00242917	0.0100981	0.030561	0.00890406	0.0387291	0.0144362	0.0152062	0.0200832	0.0322751	0.00830608	0.0224646	0.4311	0.035493	0.0248792	0.102264	0.0475273	0.0205439	0.00290295	0.0144246
150	0.0448186	0.00831522	0.33544	0.123555	0.00195878	0.0445285	0.0286553	0.0123769	0.0392327	0.0111547	0.0019595	0.142108	0.00591223	0.038302	0.0211899	0.0923217	0.0331542	0.0116772	0.000411834	0.00292784
151	0.0673134	0.00104078	0.00809317	0.0424074	0.00576532	0.0241272	0.0196849	0.0286559	0.0326224	0.0489494	0.00779932	0.0239812	0.46407	0.0556322	0.0428907	0.0576791	0.0298205	0.0205236	0.00392758	0.015016
152	0.0531178	0.0617767	0.00511639	0.00690847	0.0339348	0.00768399	0.0248185	0.155576	0.0135457	0.288638	0.0920072	0.0164115	0.00736351	0.0197642	0.0142664	0.0231945	0.0412446	0.114953	0.00378395	0.0158943
153	0.0458325	0.00144084	0.0818528	0.140029	0.00512347	0.0316974	0.0369114	0.0178875	0.0936766	0.0318383	0.018768	0.0794169	0.00394114	0.138517	0.0707431	0.0957118	0.0608207	0.0329976	0.00298207	0.00981109
154	0.00241329	0.0010707	0.000563535	0.00127464	0.657357	0.00297017	0.0213458	0.00868662	0.000773013	0.0398061	0.0385217	0.00404602	0.000758253	0.00236657	0.00143026	0.00387055	0.00313679	0.00889373	0.00146672	0.199248
155	0.0459093	0.0101541	0.347609	0.0963631	0.00491137	0.0430454	0.0376909	0.0157227	0.0349092	0.0136112	0.00392408	0.129977	0.00756068	0.0347009	0.0188238	0.0970865	0.0370336	0.0139849	0.00179652	0.00518567
156	0.00370181	0.00199901	0.000781325	0.00288441	0.611637	0.00394126	0.0226411	0.0121247	0.000895899	0.0383439	0.0331332	0.00560554	0.00209104	0.00300415	0.00266975	0.00871771	0.00808981	0.0142945	0.00299019	0.220453
157	0.0673379	0.00158839	0.0215274	0.0294535	0.0130399	0.0220717	0.043878	0.0260014	0.175882	0.0471364	0.0242239	0.0352134	0.00886874	0.102571	0.205451	0.0609821	0.0379737	0.032779	0.017446	0.0265747
158	0.0343503	0.00195645	0.0167357	0.0287499	0.00758272	0.0172452	0.0266372	0.00947024	0.213176	0.026398	0.0107768	0.0495082	0.00735205	0.0794628	0.326562	0.0725528	0.036463	0.0220687	0.00250738	0.0104448
159	0.0261772	0.00584584	0.00248285	0.00556207	0.0353367	0.00537066	0.0353828	0.156482	0.0283311	0.171911	0.140573	0.0145737	0.00319178	0.0230885	0.0260447	0.0377229	0.116111	0.142532	0.00547763	0.017802
160	0.0709146	0.000404524	0.00648427	0.0466909	0.0051104	0.0273756	0.0193016	0.0214753	0.0271488	0.0452343	0.00635194	0.0162295	0.495559	0.059019	0.0397089	0.0512074	0.0241033	0.0184206	0.00329234	0.0159677
161	0.0292938	0.00436921	0.0452422	0.0570504	0.0092132	0.226268	0.019159	0.0140399	0.0505948	0.0221456	0.0121727	0.193107	0.028451	0.0255151	0.0517923	0.117441	0.0527938	0.0225596	0.00228926	0.0165017
162	0.0495328	0.00274109	0.0315304	0.0668775	0.0694737	0.0850685	0.0602355	0.00640575	0.0312731	0.0240055	0.0193205	0.137039	0.0409474	0.0147205	0.049275	0.132605	0.0221336	0.0280734	0.0217377	0.107004
163	0.08569	0.00132114	0.0118474	0.0126875	0.051402	0.0164314	0.0448741	0.00917299	0.150603	0.103896	0.0186079	0.115928	0.0342867	0.0716326	0.131083	0.0373344	0.0203184	0.032031	0.00298227	0.0478705
164	0.0974017	0.00465336	0.00770862	0.0265463	0.0130071	0.0329508	0.0388645	0.0192336	0.020567	0.0467778	0.0205645	0.0752206	0.306777	0.0427603	0.0265666	0.127693	0.0350447	0.0162042	0.00358182	0.0378759
165	0.0570207	0.00111502	0.0184464	0.133227	0.00377731	0.00570981	0.00844337	0.0439615	0.0876283	0.0441241	0.0175446	0.0230672	0.00168985	0.185871	0.0657127	0.063544	0.0268721	0.185151	0.0054245	0.02167
166	0.125991	0.00160654	0.0304899	0.073997	0.0445264	0.00453132	0.00557536	0.0253035	0.0846487	0.0316066	0.00598669	0.00630733	0.292597	0.0417781	0.0378032	0.0268199	0.104126	0.0495997	0.00196485	0.00474117
167	0.0103072	0.000719867	0.00100172	0.00183856	0.00578779	0.00862225	0.0016429	0.706658	0.00313508	0.0438935	0.0367281	0.0136546	0.00127757	0.00256956	0.00824399	0.00944825	0.0400269	0.101692	0.00100053	0.00175175
168	0.0050162	0.00079191	0.080156	0.00216161	0.00840795	0.0109624	0.018692	0.00438859	0.0249966	0.0237049	0.00316438	0.126847	0.00132775	0.00809336	0.00813898	0.137789	0.511332	0.0148159	0.000689747	0.00852408
169	0.0205609	0.00132211	0.0108268	0.0408318	0.00506895	0.0108356	0.0157317	0.00659561	0.377688	0.0456921	0.0157297	0.0293277	0.00307625	0.108847	0.193503	0.0519337	0.0254552	0.0145737	0.00966744	0.0127322
170	0.364353	0.0168955	0.00205619	0.0075636	0.0033428	0.0363905	0.00289239	0.005923	0.00388072	0.00663437	0.00950499	0.00954944	0.00783412	0.00705976	0.0123374	0.410656	0.0591813	0.0292813	0.000585011	0.00407912
171	0.0524843	0.00103465	0.050427	0.129642	0.00587232	0.0130851	0.0243239	0.0339579	0.108227	0.0567995	0.0284018	0.0465027	0.00267916	0.14295	0.0785057	0.0876108	0.0621488	0.0535916	0.00826241	0.0134935
172	0.0230067	0.00362194	0.00224108	0.0137497	0.012132	0.00501872	0.0185082	0.0946046	0.0703365	0.28952	0.174399	0.0110973	0.0025964	0.0408031	0.0165213	0.0142865	0.0993743	0.0785685	0.00458652	0.0250275
173	0.00741025	0.000889792	0.000264144	0.000533599	0.0336579	0.00105503	0.00109836	0.141651	0.000727359	0.662959	0.0596532	0.000871877	0.00136828	0.00445981	0.00320862	0.00269073	0.00329433	0.0686457	0.00055613	0.00500438
174	0.0362338	0.00130873	0.000640667	0.00167551	0.0254752	0.0011675	0.008804	0.187707	0.00200153	0.436286	0.0429967	0.00236313	0.00141182	0.00313744	0.00363932	0.00251792	0.0127214	0.212972	0.0003378	0.0166021
175	0.0431611	0.0116168	0.408234	0.0994785	0.0014202	0.0449842	0.0251398	0.0152004	0.0257929	0.0101303	0.00133787	0.129593	0.00531961	0.025401	0.00840287	0.0963549	0.0350739	0.0113475	0.000261608	0.00175019
176	0.0404768	0.00209578	0.0176381	0.0334277	0.00564289	0.0323709	0.0213008	0.0141284	0.289447	0.0183625	0.0093477	0.0369769	0.0033551	0.0867612	0.234078	0.098594	0.0324212	0.0148079	0.00202039	0.00674605
177	0.0202222	0.00115764	0.0091139	0.0387432	0.00433567	0.00937298	0.0127913	0.00498685	0.423112	0.0446393	0.0131011	0.0263991	0.00225584	0.119859	0.16743	0.0453291	0.02352	0.012802	0.0101626	0.0106672
178	0.0325168	0.00762707	0.00762219	0.013598	0.0256624	0.00859531	0.0242465	0.167555	0.0746503	0.112975	0.107176	0.023073	0.00831144	0.0262652	0.0245999	0.0423246	0.166381	0.105863	0.00571948	0.0152384
179	0.511608	0.0147297	0.000444029	0.00742542	0.0032726	0.0542582	0.0011786	0.00605769	0.000663996	0.00701684	0.0121865	0.0130552	0.0137469	0.00666162	0.00298629	0.304431	0.0290614	0.0102806	0.00026017	0.000675701
180	0.0503787	0.00141877	0.0504844	0.13026	0.00588834	0.0113553	0.0278452	0.0322367	0.100758	0.0542847	0.0270399	0.0455329	0.0025592	0.140664	0.0817319	0.0891823	0.0682071	0.057956	0.0071684	0.0150486
181	0.0509189	0.0089173	0.00321751	0.00632394	0.0275509	0.0120769	0.0520469	0.0835353	0.0150721	0.316209	0.110464	0.0164591	0.00380436	0.0253074	0.0143743	0.0254216	0.0791337	0.130213	0.00464479	0.0143098
182	0.0107527	0.00696295	0.00108675	0.00709485	0.385463	0.00871443	0.02536	0.014432	0.00122177	0.0325431	0.0167221	0.0177111	0.0112312	0.00440206	0.00961715	0.0418861	0.0432725	0.0172611	0.000940887	0.343324
183	0.0236587	0.00158071	0.0265204	0.0426139	0.00565219	0.0197929	0.0215814	0.0160202	0.278288	0.0246015	0.0114699	0.0496934	0.00840046	0.0900801	0.203089	0.088764	0.0558843	0.0228555	0.00246547	0.00698792
184	0.0452416	0.00317707	0.183378	0.106485	0.00250654	0.0592614	0.0241942	0.00761653	0.0564994	0.0105033	0.0032974	0.24188	0.0107909	0.0448635	0.0505913	0.105583	0.0276065	0.0113141	0.000752079	0.0044582
185	0.105242	0.0414944	0.00580194	0.00751541	0.0179273	0.00944086	0.012229	0.0531593	0.026052	0.0461264	0.0504045	0.0459365	0.0085346	0.0185705	0.0131593	0.121382	0.216329	0.185779	0.001479	0.0134369
186	0.035205	0.00125509	0.000357647	0.00111478	0.0199282	0.00109484	0.00813009	0.187841	0.00054828	0.46542	0.0398819	0.00179123	0.0004652	0.00213925	0.00222061	0.00156504	0.0102353	0.208542	0.000216843	0.0120477
187	0.0192665	0.00073248	0.000811557	0.00131639	0.198109	0.00175133	0.00205844	0.0977494	0.00106315	0.478488	0.0725867	0.00193978	0.00154029	0.00338692	0.00935234	0.0103461	0.021851	0.0555092	0.00310483	0.019037
188	0.0755374	0.0126393	0.00158547	0.00223469	0.028393	0.00233953	0.00236009	0.35621	0.00369226	0.0468473	0.0483622	0.0027911	0.00561383	0.0114712	0.00225003	0.0174011	0.00789378	0.368933	0.000990565	0.00245498
189	0.0546895	0.00266401	0.00866295	0.0459898	0.0120862	0.0185507	0.0178186	0.0559871	0.0291554	0.0965675	0.0345302	0.0219232	0.354519	0.0439615	0.033701	0.0607419	0.0483911	0.0404554	0.00513457	0.0144708
190	0.0293627	0.00526635	0.00111124	0.00222967	0.0386893	0.0028243	0.0465016	0.134781	0.00753597	0.401044	0.0635859	0.00847886	0.00147705	0.0116707	0.00769768	0.00829291	0.0390752	0.1749	0.00236014	0.0131155
191	0.0678482	0.00287703	0.00984834	0.015358	0.00563334	0.703291	0.00548536	0.0099638	0.0127488	0.0147195	0.00509611	0.0308807	0.00888824	0.0105406	0.00919669	0.0529756	0.0168708	0.00965025	0.00135773	0.00677016
192	0.0387873	0.00623102	0.186584	0.0717657	0.0773067	0.0253286	0.0480932	0.0254614	0.0517066	0.0401257	0.0206557	0.0489422	0.0153142	0.0458817	0.0857698	0.0715239	0.0446152	0.0359213	0.0111551	0.0488306
193	0.0476106	0.00351511	0.114307	0.103088	0.00846564	0.0370472	0.0348914	0.0150432	0.110548	0.0284679	0.0138403	0.0839441	0.00976069	0.109878	0.100175	0.091718	0.0487728	0.025793	0.00324008	0.00989443
