345	20
1	0.0131068	0.000463491	0.00136524	0.000750942	0.0129656	0.00274196	0.00191472	0.314193	0.00244078	0.0737176	0.0128209	0.0027991	0.00194571	0.00313861	0.00582455	0.00311984	0.019824	0.525409	0.000415591	0.00104228
2	0.559126	0.0252479	0.00266547	0.00498889	0.00261576	0.0887644	0.0029931	0.0196174	0.0029958	0.00961694	0.0103521	0.00366291	0.00984196	0.0043132	0.0061968	0.0958575	0.0365532	0.0984186	0.0101571	0.00601511
3	0.01498	0.000918577	0.00124179	0.00111057	0.0156696	0.00260507	0.00209361	0.39003	0.0029505	0.0682048	0.0132386	0.00368599	0.00254958	0.00394542	0.00409115	0.00461348	0.0256251	0.440183	0.000419333	0.00184381
4	0.0112497	0.000450133	0.00116907	0.000796141	0.0150405	0.00245598	0.00181871	0.400387	0.00292579	0.0631336	0.0111601	0.0036277	0.0025495	0.00359774	0.00377451	0.00403396	0.0236569	0.44686	0.000338987	0.000973812
5	0.0459678	0.01135	0.0583984	0.0271865	0.00633135	0.59946	0.0134639	0.00788044	0.0191927	0.00801051	0.00285804	0.0593591	0.00531956	0.0104148	0.017656	0.0777911	0.0155185	0.00790734	0.00144976	0.00448442
6	0.461473	0.0234086	0.0107975	0.00790968	0.002496	0.117891	0.00436169	0.00704852	0.00364858	0.00706435	0.00888923	0.0120158	0.00824977	0.00510448	0.00962268	0.200485	0.0464816	0.0509151	0.0041983	0.00793871
7	0.0393978	0.0107914	0.0640502	0.0295865	0.00337154	0.6182	0.0119695	0.00610399	0.0200589	0.00639865	0.0022716	0.0626672	0.00265865	0.0109421	0.0153617	0.06943	0.0121209	0.00818491	0.00174882	0.00468534
8	0.210772	0.00902942	0.00175685	0.00274618	0.0125885	0.00849583	0.00210736	0.136569	0.00274345	0.0900481	0.0324437	0.0106594	0.00942334	0.00705168	0.00715604	0.0295657	0.114454	0.300131	0.00721861	0.00504034
9	0.10143	0.017546	0.0193455	0.0177475	0.0145007	0.0678947	0.0169106	0.0145431	0.01917	0.0237756	0.00599128	0.0482532	0.176962	0.0165935	0.0206641	0.301534	0.0765234	0.0200723	0.00978802	0.0107542
10	0.0521732	0.0109982	0.0584194	0.0256347	0.00217918	0.601777	0.0102656	0.00533793	0.0171337	0.00494533	0.00162025	0.0600848	0.00848139	0.0091877	0.0125235	0.0904475	0.0158028	0.00647814	0.00279209	0.00371719
11	0.0241461	0.00107299	0.00141882	0.00159247	0.0439762	0.00405923	0.00135291	0.133516	0.00178236	0.564166	0.0898854	0.00119247	0.000869593	0.00225408	0.0029433	0.00696786	0.0113857	0.10271	0.00115349	0.00355528
12	0.241771	0.0282377	0.00520874	0.00388972	0.00915336	0.030394	0.00535136	0.0522736	0.00768337	0.0538625	0.0270747	0.0150634	0.0118013	0.00611513	0.0122754	0.114358	0.252019	0.113702	0.00262187	0.00714392
13	0.400843	0.0136295	0.00168525	0.00410507	0.00630176	0.0223205	0.00265865	0.0716398	0.00377525	0.0536262	0.0212528	0.0075348	0.0167181	0.00722905	0.00812555	0.0410266	0.0785503	0.230883	0.00501423	0.00308005
14	0.280122	0.0540853	0.00446483	0.00445957	0.0101141	0.0597015	0.00752883	0.00972293	0.00227813	0.0084248	0.00792556	0.00968694	0.00817066	0.0036604	0.0131709	0.385609	0.0782202	0.0367981	0.00621401	0.00964238
15	0.0267478	0.00288799	0.0057489	0.0313137	0.00189537	0.0106974	0.019298	0.00599092	0.375263	0.0127503	0.00809975	0.031624	0.00219573	0.0507702	0.336882	0.0410836	0.0227752	0.00812833	0.00313917	0.00270927
16	0.0412865	0.00198141	0.00288976	0.0436794	0.00301779	0.00438164	0.384477	0.019663	0.106833	0.0233362	0.0017751	0.0633608	0.00176551	0.133219	0.0788717	0.0223778	0.0197551	0.00383086	0.0061631	0.0373357
17	0.22006	0.0154343	0.00193347	0.00272577	0.00784999	0.0107225	0.0023721	0.0760683	0.00326045	0.231577	0.0398823	0.0106949	0.004708	0.00626978	0.00745113	0.0311277	0.107121	0.21039	0.00792896	0.00242214
18	0.144747	0.00554937	0.00644476	0.0183843	0.0246563	0.0183441	0.00828945	0.143627	0.0152086	0.173306	0.0835497	0.00800225	0.0138079	0.0344591	0.058727	0.0450429	0.0427426	0.136625	0.00548308	0.0130041
19	0.100865	0.00665939	0.070118	0.0770271	0.000711616	0.0432772	0.042979	0.00264559	0.149075	0.0254729	0.000945697	0.113683	0.00209853	0.0400828	0.120077	0.105239	0.0692714	0.0143491	0.00519801	0.0102248
20	0.0209439	0.0363129	0.01209	0.0179243	0.0636158	0.0269927	0.218958	0.0288077	0.0644783	0.065746	0.00404237	0.0187377	0.00361511	0.0555427	0.154823	0.0182446	0.0129446	0.0105892	0.0110636	0.154527
21	0.0437147	0.0114024	0.109836	0.0466235	0.00142115	0.471823	0.016796	0.00255573	0.0366046	0.00308112	0.000898842	0.111483	0.00253142	0.0145684	0.0219138	0.0824747	0.0141697	0.0035346	0.000763939	0.00380394
22	0.108672	0.00549496	0.00730022	0.0191841	0.00829467	0.0158367	0.0131553	0.0194112	0.0135702	0.0423421	0.00665694	0.0121804	0.551448	0.0175232	0.0177495	0.0544535	0.0380104	0.0414208	0.00209838	0.00519793
23	0.0993995	0.00512318	0.00110605	0.00111449	0.00980036	0.00321606	0.00145167	0.235669	0.00219984	0.0891572	0.0177129	0.00967215	0.00396072	0.0084114	0.00473858	0.0110591	0.0956787	0.396286	0.00237909	0.0018649
24	0.0251924	0.000851113	0.00133291	0.00349002	0.0310835	0.00485208	0.00347775	0.22684	0.00325897	0.272252	0.0726525	0.00250966	0.000952115	0.00401155	0.00629674	0.0062205	0.0241117	0.303118	0.000759113	0.00673737
25	0.0228609	0.00937456	0.00352589	0.00164172	0.385314	0.00497776	0.00472075	0.0612874	0.00310274	0.324205	0.0466094	0.00205121	0.00749728	0.00418939	0.00320258	0.00789721	0.00596171	0.0506183	0.0122238	0.0387377
26	0.0327992	0.00109342	0.440475	0.295308	0.00101162	0.0427447	0.00949768	0.00458132	0.0330358	0.00551494	0.00722316	0.0509539	0.0111069	0.0144264	0.00843392	0.0208054	0.0159829	0.00289799	0.000707135	0.00140032
27	0.498165	0.0263686	0.00248739	0.00506067	0.00255726	0.0699808	0.00280088	0.00773864	0.0013165	0.00552257	0.011758	0.00292356	0.00704844	0.00320397	0.00767604	0.215856	0.0543846	0.0624816	0.0034243	0.00924552
28	0.107392	0.00497144	0.105135	0.147823	0.00219275	0.128149	0.0159263	0.00854525	0.0745	0.0130885	0.00315724	0.0498076	0.00745638	0.0343923	0.0783733	0.135711	0.0548228	0.0208088	0.00306204	0.00468457
29	0.198917	0.0373873	0.0128809	0.00496862	0.0103175	0.0909783	0.0218885	0.00854334	0.00336298	0.0192851	0.00431953	0.0177221	0.00548333	0.00539823	0.023968	0.401421	0.0842533	0.0316172	0.00992764	0.00735971
30	0.0116996	0.00048302	0.00116825	0.000804929	0.015028	0.00244043	0.00178897	0.399289	0.00291848	0.0632031	0.0111739	0.00366736	0.00257913	0.00363451	0.00379233	0.00404069	0.0242588	0.446702	0.000355045	0.000972391
31	0.0447644	0.011442	0.0640672	0.0309016	0.00520388	0.591147	0.0126938	0.00655087	0.0239214	0.00881022	0.00292924	0.0615757	0.00459414	0.0114963	0.0198296	0.0707173	0.0136978	0.00809827	0.0022318	0.00532802
32	0.0455514	0.00994537	0.0697743	0.0313457	0.00367218	0.607271	0.0119292	0.0057515	0.020018	0.0062619	0.00181414	0.0633719	0.0034165	0.0110712	0.0149007	0.0684918	0.0118337	0.00749158	0.00143303	0.00465505
33	0.10176	0.00541856	0.00241149	0.00789888	0.0245328	0.00648079	0.00432616	0.193111	0.00540874	0.170227	0.051867	0.00655714	0.00768546	0.0157728	0.0121802	0.0172692	0.0647255	0.291008	0.00285202	0.00850774
34	0.0399266	0.0202282	0.00911075	0.0123207	0.0160896	0.0213042	0.0153807	0.0145173	0.0183428	0.033644	0.0131307	0.0183302	0.00897227	0.0218643	0.0442402	0.0473088	0.0291588	0.0196662	0.582868	0.0135961
35	0.110132	0.00318757	0.00348797	0.0131115	0.00363072	0.0105239	0.0227844	0.0352203	0.110274	0.01337	0.00837376	0.0721704	0.00389262	0.0102674	0.3709	0.0890417	0.0912908	0.00782488	0.0161988	0.00431775
36	0.0288972	0.00376473	0.00880459	0.0292708	0.00248327	0.00476299	0.342689	0.015018	0.105745	0.0236024	0.00346726	0.0770987	0.00430607	0.121545	0.0984211	0.0624676	0.0173358	0.0104373	0.0205103	0.0193733
37	0.186214	0.0113137	0.0118733	0.00287909	0.00231712	0.00946842	0.00333521	0.0256901	0.00648628	0.0169301	0.0229414	0.00912976	0.0215628	0.00329504	0.0125002	0.168053	0.387593	0.0847258	0.00172927	0.0119618
38	0.0223644	0.00944472	0.00411994	0.00180937	0.331485	0.00427267	0.00235772	0.0780354	0.00303535	0.346371	0.047219	0.00122704	0.0100932	0.00484448	0.00262414	0.00672235	0.00588958	0.0681237	0.0148396	0.0351216
39	0.109332	0.00564773	0.140548	0.198447	0.00295689	0.0597492	0.0351347	0.0093179	0.0775338	0.0138948	0.00177886	0.0559046	0.00997397	0.0627038	0.0770129	0.0601771	0.0462002	0.0168227	0.0020049	0.0148594
40	0.0806418	0.0679933	0.00298527	0.00302127	0.0165852	0.0305181	0.00988702	0.0231791	0.00388296	0.0141591	0.0090894	0.0127361	0.00439603	0.00557499	0.0156172	0.500725	0.172874	0.0138758	0.0047038	0.00755469
41	0.118907	0.0174452	0.0195468	0.0204802	0.0159823	0.0297597	0.0161125	0.045889	0.0305095	0.0504933	0.0202533	0.0326223	0.0293903	0.0165949	0.0385998	0.163606	0.245697	0.0687101	0.00718559	0.0122161
42	0.045685	0.00254385	0.00294476	0.0280776	0.0020318	0.00909464	0.0194529	0.00977769	0.300802	0.0118823	0.00605641	0.0362675	0.00220976	0.0384388	0.382842	0.058144	0.0282512	0.00730093	0.00539654	0.00280126
43	0.0258691	0.00158428	0.00166822	0.00226312	0.0659704	0.00484789	0.00193847	0.148354	0.00368021	0.497112	0.0856831	0.00187034	0.00160481	0.00297867	0.00465461	0.006645	0.0141682	0.120687	0.00203691	0.00638379
44	0.0393029	0.0101749	0.0314565	0.0921993	0.0113321	0.0264564	0.18551	0.0170023	0.0792434	0.0316856	0.010474	0.0409	0.0106601	0.192645	0.0971784	0.0359484	0.0313198	0.0145874	0.0096905	0.0322331
45	0.0872845	0.0362341	0.00493621	0.00305906	0.0136852	0.0245445	0.00958454	0.02104	0.00371781	0.016442	0.00898026	0.0270553	0.00771176	0.00530241	0.0137575	0.470842	0.220645	0.0138882	0.00422544	0.0070644
46	0.0918637	0.00181322	0.00315907	0.0204168	0.00805038	0.0131569	0.020748	0.0155759	0.0176102	0.0320968	0.00197146	0.0175768	0.584471	0.0152741	0.0145812	0.0672351	0.0467788	0.0203249	0.0011093	0.00618678
47	0.101607	0.00335592	0.00509478	0.0147658	0.00348653	0.0104044	0.0279978	0.0342593	0.117779	0.0158745	0.0105825	0.0737791	0.00361744	0.0121028	0.366771	0.0826318	0.083579	0.00873707	0.0190106	0.00456402
48	0.125899	0.00436409	0.0254806	0.026249	0.0676018	0.033651	0.0157994	0.0892132	0.00315585	0.143511	0.073571	0.0103063	0.0152835	0.0175893	0.0118556	0.0868971	0.0421738	0.143099	0.0151193	0.0491797
49	0.00578799	0.0121216	0.000952735	0.00595493	0.377168	0.00396588	0.0420851	0.00516419	0.00148243	0.0193809	0.0157934	0.00880988	0.00103369	0.0038713	0.00722307	0.0140118	0.00627734	0.00175238	0.000688586	0.466475
50	0.0171487	0.00316816	0.0618077	0.215205	0.00189113	0.00941906	0.0228796	0.00699492	0.0673845	0.0331739	0.0209599	0.00594044	0.00256594	0.318911	0.141602	0.00729461	0.0380963	0.0155639	0.00159374	0.0083986
51	0.00622902	0.0146408	0.00114851	0.00520319	0.438328	0.00509212	0.0387458	0.00644798	0.00167632	0.0306581	0.0194524	0.00952204	0.00115766	0.00415408	0.00641605	0.0148181	0.00693084	0.00245291	0.000776326	0.386149
52	0.102183	0.0232118	0.00758556	0.00349825	0.00640485	0.011888	0.00519339	0.0338317	0.00668479	0.0286832	0.0242643	0.0186081	0.0102843	0.00462614	0.0113597	0.292342	0.359289	0.0393524	0.00239928	0.00830982
53	0.0386987	0.00236841	0.446497	0.217004	0.00173825	0.0659539	0.0125129	0.00574906	0.0355387	0.0073958	0.00681906	0.0566714	0.0104201	0.0164864	0.0174309	0.0311178	0.0191015	0.00418499	0.00118709	0.00312483
54	0.0106535	0.0154718	0.00172146	0.00517671	0.428022	0.0064771	0.0355178	0.0153736	0.00258297	0.0686715	0.0293922	0.00949413	0.00235598	0.00446175	0.00712538	0.0171452	0.00856296	0.0116092	0.00240052	0.317784
55	0.142812	0.00334647	0.00643932	0.0261875	0.00332432	0.0100434	0.0112419	0.0109205	0.0141781	0.0440381	0.00530865	0.00582231	0.554909	0.0319207	0.0222174	0.0519791	0.0298133	0.0213922	0.000950742	0.0031554
56	0.0402001	0.0219385	0.0111716	0.0138368	0.0180113	0.024252	0.0191854	0.015788	0.0205899	0.0337791	0.0126661	0.0184775	0.00806502	0.0226367	0.0428697	0.0411286	0.0271629	0.0233031	0.572356	0.0125815
57	0.0187376	0.00312194	0.0680558	0.220561	0.0018748	0.00854597	0.0228627	0.00747631	0.0749987	0.0296076	0.0200387	0.00675713	0.00282496	0.303981	0.138251	0.00688068	0.0388129	0.0164327	0.00141004	0.00876831
58	0.0240802	0.00109224	0.00136875	0.00108868	0.0172323	0.00322053	0.00232678	0.314808	0.00231724	0.0841941	0.0166504	0.00365953	0.00245158	0.0037922	0.00525243	0.00491544	0.0301242	0.478001	0.00101371	0.00241091
59	0.0547673	0.00169062	0.00219544	0.0067694	0.048605	0.00941159	0.00523698	0.169408	0.00317847	0.364721	0.100756	0.00288323	0.00222528	0.00512595	0.00724522	0.0157269	0.0360894	0.148473	0.00376271	0.0117284
60	0.03493	0.000785307	0.48845	0.246474	0.000909928	0.0451216	0.0101819	0.004521	0.0273227	0.00526869	0.00749102	0.0560535	0.0105744	0.0117063	0.00486888	0.0240194	0.0172872	0.0025104	0.000562709	0.000960964
61	0.0118866	0.0153705	0.00502772	0.011386	0.313198	0.00870621	0.0525997	0.0155268	0.00651639	0.0297806	0.015888	0.0114676	0.00330198	0.0105867	0.0192033	0.0197306	0.0112023	0.013279	0.00325795	0.422084
62	0.0230872	0.000709101	0.00130728	0.00125349	0.0385096	0.00394976	0.000846902	0.128717	0.0014999	0.584981	0.0932086	0.000995698	0.000640683	0.0018856	0.00226588	0.00580754	0.00923045	0.0981148	0.000580192	0.00240905
63	0.0825136	0.00942409	0.129054	0.231115	0.00468378	0.0256716	0.0434835	0.0129417	0.0843934	0.0160375	0.00176812	0.0536026	0.0141713	0.105841	0.0793899	0.0243494	0.0369868	0.0155304	0.00134914	0.0276929
64	0.292711	0.0173126	0.031834	0.0148286	0.0074472	0.138813	0.0136387	0.0100546	0.0124571	0.0314016	0.00491536	0.0376631	0.00852964	0.0126168	0.0314775	0.231323	0.0493065	0.0412537	0.00613208	0.00628468
65	0.00613614	0.0135164	0.00173402	0.00633967	0.369127	0.00499156	0.0459724	0.0062024	0.00187915	0.0210796	0.0153689	0.0087847	0.00121679	0.0048372	0.00990141	0.0146865	0.00649362	0.00218597	0.00104014	0.458506
66	0.419199	0.0159504	0.00247583	0.00416179	0.00539559	0.031556	0.00294372	0.0660309	0.00333401	0.0456705	0.0206708	0.00642819	0.0144224	0.00591808	0.00746006	0.068066	0.0755835	0.194437	0.00483621	0.00545938
67	0.0814528	0.0132931	0.0814742	0.130855	0.00221275	0.027585	0.0420804	0.00684952	0.129741	0.0251159	0.00379749	0.0674393	0.00705829	0.0891528	0.134878	0.0657605	0.0555676	0.0188099	0.0040241	0.0128532
68	0.0429704	0.00195898	0.0027697	0.0430823	0.00309624	0.00399997	0.395177	0.0188561	0.105481	0.0227087	0.00175425	0.0610841	0.00177518	0.126236	0.0814755	0.0217661	0.0203214	0.00385276	0.00593075	0.0357026
69	0.0102196	0.0179972	0.00360536	0.00802231	0.396651	0.0127196	0.0669153	0.0121086	0.00512023	0.0405405	0.0179939	0.010772	0.00326222	0.0100421	0.0212579	0.0174575	0.00979691	0.00627878	0.0026652	0.326574
70	0.0407796	0.0125647	0.109128	0.0390713	0.00161833	0.502046	0.0138248	0.00258019	0.0250626	0.0018231	0.0007473	0.110883	0.00256807	0.0156539	0.0176486	0.0865229	0.00972402	0.00311335	0.000582341	0.00405822
71	0.0181567	0.000804022	0.00153203	0.00131447	0.0294702	0.00441375	0.00132479	0.190492	0.00176357	0.424732	0.0661276	0.00122917	0.00103442	0.00226326	0.00282549	0.00526059	0.0113244	0.233048	0.000707822	0.00217558
72	0.0681453	0.00644017	0.0148683	0.0183801	0.130029	0.0200073	0.0153912	0.0896588	0.00597102	0.240195	0.0643383	0.00883411	0.0196852	0.0104531	0.015429	0.0551645	0.0334609	0.120529	0.0313009	0.0317185
73	0.0423856	0.00377327	0.164696	0.225117	0.00131602	0.0588444	0.00260724	0.00210741	0.15404	0.00356563	0.00112411	0.0314757	0.026602	0.0486616	0.152235	0.0473184	0.0131126	0.0143312	0.00524657	0.00144037
74	0.0155415	0.109222	0.0135981	0.00964896	0.0713058	0.0186937	0.130439	0.023632	0.0136099	0.052143	0.00335043	0.0192471	0.00355696	0.0369533	0.164439	0.0225109	0.0191189	0.017715	0.0349244	0.22035
75	0.0112093	0.000426744	0.00117338	0.00080118	0.0154032	0.00250704	0.00181683	0.400909	0.00292694	0.063595	0.0114364	0.00360593	0.00254188	0.00358461	0.00381448	0.0039761	0.0233548	0.445596	0.000345828	0.000975601
76	0.0465408	0.00169351	0.00236193	0.0221764	0.00437065	0.016406	0.0342255	0.0324712	0.240229	0.0499503	0.0823827	0.0594835	0.00217032	0.0262408	0.288478	0.0408167	0.0103747	0.0223383	0.00515606	0.0121336
77	0.0227553	0.00759762	0.00335874	0.00116636	0.392836	0.00378036	0.00227868	0.0628567	0.00292295	0.337356	0.0466082	0.00112838	0.00804559	0.00364498	0.00170885	0.00605586	0.00478442	0.0523261	0.0131452	0.0256444
78	0.0658399	0.00669693	0.0888572	0.0803109	0.00260989	0.253236	0.022318	0.00326974	0.0570668	0.0105683	0.00135426	0.122376	0.00641284	0.030753	0.0841323	0.11527	0.032623	0.00829955	0.00224298	0.00576187
79	0.0860607	0.0574573	0.00281755	0.00268067	0.0220589	0.0253829	0.0203953	0.011766	0.00329717	0.0144451	0.00525494	0.0165479	0.00455734	0.0105921	0.0296759	0.555512	0.108525	0.0112721	0.00410528	0.00759596
80	0.0234553	0.00200777	0.00127668	0.0290989	0.00117132	0.00796021	0.0157461	0.00220391	0.409636	0.00536111	0.000989988	0.0289234	0.000953698	0.057215	0.341019	0.0406411	0.0236255	0.00599178	0.00149745	0.001225
81	0.0476079	0.00424754	0.00248807	0.00463507	0.0204182	0.00612871	0.00446049	0.25981	0.00402885	0.0901913	0.0215258	0.00519966	0.00434019	0.00619115	0.00785384	0.0138184	0.0369219	0.451927	0.0035428	0.00466356
82	0.206455	0.0125196	0.0010526	0.00150889	0.00674433	0.00550279	0.00137524	0.118798	0.00220602	0.118706	0.0254221	0.0114536	0.00492813	0.00849214	0.00553328	0.0205369	0.123517	0.319572	0.00395761	0.00171967
83	0.0447117	0.014297	0.0998316	0.0393296	0.00153559	0.496367	0.0147048	0.00274601	0.0244024	0.00236837	0.000790605	0.102821	0.00296733	0.0136624	0.0167472	0.101982	0.0114648	0.00345463	0.00134845	0.0044677
84	0.0337667	0.000964665	0.000970237	0.00676441	0.0391666	0.00534212	0.00582589	0.243796	0.00429327	0.299109	0.113002	0.00203757	0.000644313	0.00541972	0.00785691	0.00829467	0.0341817	0.176372	0.000433948	0.0117579
85	0.0491801	0.0043361	0.159338	0.206808	0.00122812	0.0552317	0.00749895	0.00206388	0.153605	0.00627663	0.00104062	0.0425374	0.0225396	0.04651	0.14517	0.056697	0.0190444	0.013309	0.00494201	0.00264438
86	0.00581651	0.0121638	0.000966084	0.00595714	0.37694	0.00398007	0.0422186	0.00514705	0.00148879	0.0193993	0.015783	0.00880772	0.00103068	0.00394062	0.00732828	0.0140126	0.00629756	0.00175452	0.000695003	0.466272
87	0.100153	0.00661645	0.0696659	0.0758309	0.000733347	0.0437766	0.0434889	0.00257966	0.149767	0.0258729	0.000940669	0.113303	0.0020058	0.0404018	0.121404	0.105027	0.0691129	0.0143038	0.00487529	0.0101414
88	0.16018	0.0112645	0.0309531	0.030294	0.0101899	0.141623	0.0164954	0.0161603	0.0236447	0.0295199	0.00881535	0.0394221	0.213627	0.022904	0.0279954	0.124845	0.0483848	0.0303827	0.00508949	0.00820917
89	0.166145	0.00897365	0.0167246	0.0665316	0.00201168	0.03199	0.0140836	0.0356329	0.0559984	0.0863828	0.0585928	0.00439294	0.0784582	0.0783524	0.0909376	0.0477117	0.0399656	0.111979	0.00261936	0.00251707
90	0.0398003	0.0192932	0.00971226	0.0142729	0.024005	0.0213906	0.0175044	0.0157389	0.0208014	0.0409222	0.0138428	0.0176117	0.00840823	0.021178	0.0447921	0.03661	0.0280654	0.0252377	0.568428	0.0123848
91	0.0370246	0.00739182	0.0385272	0.0556189	0.00324243	0.0146279	0.148012	0.0201094	0.130098	0.0457515	0.0114466	0.080099	0.00850568	0.07169	0.138288	0.0919027	0.0277839	0.0272699	0.0315793	0.0110311
92	0.0206203	0.000832085	0.00153745	0.00295786	0.0322776	0.00489524	0.00293199	0.233409	0.00233703	0.345801	0.0699365	0.00170108	0.000750063	0.00303518	0.00462781	0.00559069	0.0174933	0.243227	0.000433606	0.00560474
93	0.178234	0.00396169	0.0381686	0.135265	0.00285815	0.0565915	0.011959	0.0247318	0.105838	0.0316855	0.00347706	0.0495497	0.0035515	0.0214174	0.0376492	0.109634	0.118097	0.0609347	0.00199132	0.00440578
94	0.178504	0.00862651	0.00144271	0.00249391	0.0112053	0.00662215	0.00214146	0.139894	0.00252152	0.100323	0.0312707	0.00897205	0.0048913	0.00676303	0.00745214	0.0197719	0.0931672	0.367602	0.00342779	0.00290724
95	0.184707	0.00935357	0.00494386	0.00685654	0.083847	0.0121707	0.00656562	0.0911222	0.00490129	0.0937192	0.0277386	0.0118855	0.00786175	0.00931529	0.01072	0.028289	0.100515	0.289963	0.00679792	0.00872708
96	0.0328828	0.000989304	0.4674	0.276824	0.000961826	0.0431218	0.00925184	0.00445046	0.028995	0.00530249	0.00718051	0.0521748	0.0108545	0.011835	0.00602523	0.021373	0.0161156	0.00259113	0.000622654	0.00104755
97	0.0213605	0.0244362	0.00363088	0.00304196	0.396617	0.0134203	0.0141154	0.0486869	0.0041548	0.235094	0.0379414	0.0051102	0.00632261	0.006957	0.00928498	0.0197981	0.00990616	0.037162	0.0091606	0.0937982
98	0.0165102	0.000638801	0.00169189	0.00169711	0.0235945	0.00443432	0.00216846	0.259601	0.0021082	0.264286	0.0465024	0.00179947	0.00122596	0.00287469	0.00376891	0.00427328	0.0164813	0.343002	0.000422919	0.00291792
99	0.0124257	0.000456884	0.00130425	0.00074195	0.0131581	0.00273295	0.00186987	0.319908	0.00227293	0.0737022	0.0124599	0.00277674	0.00198849	0.00314693	0.00517152	0.0030628	0.0199291	0.521542	0.000398047	0.000952205
100	0.0213916	0.000607202	0.00119955	0.00330669	0.0250891	0.00399246	0.00384931	0.289817	0.00295757	0.214009	0.0773869	0.00233418	0.00127205	0.0038058	0.00543721	0.00522685	0.0264697	0.305957	0.000365334	0.0055254
101	0.107808	0.199501	0.017969	0.0227336	0.0545364	0.0543539	0.0351995	0.0241516	0.0195781	0.0409271	0.0129619	0.0200615	0.0110648	0.0243004	0.0421518	0.139097	0.0512399	0.0437605	0.0190106	0.0595938
102	0.122847	0.00595375	0.001067	0.00123964	0.00945894	0.00345131	0.00139098	0.207291	0.00203297	0.0965408	0.0214672	0.00945421	0.00461287	0.00762325	0.00510861	0.0136622	0.108989	0.372417	0.00306192	0.00233004
103	0.046257	0.010161	0.06504	0.0295974	0.00438356	0.610729	0.0102687	0.00785136	0.0190525	0.00740694	0.00232027	0.0609328	0.00535548	0.011785	0.0151982	0.0690983	0.0107946	0.00921589	0.00122472	0.00332704
104	0.0234082	0.00221233	0.00142118	0.0289333	0.001189	0.00858941	0.0160005	0.00242772	0.408788	0.00604175	0.00156766	0.0291098	0.00104724	0.058342	0.337568	0.0410862	0.0232858	0.00617142	0.00148413	0.0013268
105	0.00578799	0.0121216	0.000952735	0.00595493	0.377168	0.00396588	0.0420851	0.00516419	0.00148243	0.0193809	0.0157934	0.00880988	0.00103369	0.0038713	0.00722307	0.0140118	0.00627734	0.00175238	0.000688586	0.466475
106	0.194754	0.0287517	0.0194796	0.0121087	0.00744425	0.173787	0.0104899	0.00865661	0.0102915	0.00991372	0.00547937	0.0342864	0.0163532	0.00552657	0.0153206	0.318503	0.0845082	0.0276303	0.00915499	0.00756111
107	0.0470372	0.0103701	0.145445	0.048434	0.00202058	0.450808	0.012786	0.00289764	0.0236738	0.00249442	0.00133223	0.11042	0.00484798	0.0168887	0.0167331	0.0833834	0.0121942	0.00361616	0.000594932	0.0040218
108	0.0461104	0.00189942	0.00187962	0.00757384	0.0462672	0.00695626	0.00673218	0.266196	0.00391179	0.188094	0.0770436	0.00458736	0.00329311	0.00654193	0.0117412	0.0161173	0.0527031	0.230981	0.00281689	0.0185532
109	0.149344	0.00342214	0.00194375	0.0130434	0.0034105	0.00986082	0.00837613	0.00883484	0.00794534	0.0324806	0.00240671	0.0061717	0.618874	0.0126063	0.00902262	0.0524423	0.0355971	0.0193041	0.00126407	0.00365022
110	0.0308773	0.00269858	0.00304028	0.0260021	0.00140722	0.00849308	0.0243691	0.00814242	0.347743	0.0145741	0.0116682	0.0407341	0.00162328	0.0439814	0.347736	0.0497774	0.0218018	0.00821019	0.00393221	0.0031884
111	0.0377327	0.00128584	0.000855129	0.00945896	0.0457094	0.00588127	0.00861844	0.265035	0.00563757	0.23948	0.116967	0.00297557	0.000760238	0.00697928	0.0112397	0.0110068	0.048053	0.164184	0.00061964	0.0175198
112	0.102649	0.00197185	0.00188184	0.0133053	0.0123223	0.00684958	0.00962097	0.00980355	0.00903989	0.0456621	0.00313035	0.00674331	0.659884	0.0127854	0.0101807	0.0444728	0.0291898	0.014504	0.00169345	0.00431027
113	0.164821	0.00377261	0.0463308	0.145049	0.00245928	0.0486865	0.0133512	0.0229357	0.100199	0.0285622	0.00301246	0.0540435	0.00277859	0.0246933	0.0420266	0.113673	0.119507	0.0574814	0.00212197	0.00449501
114	0.0242146	0.00661399	0.00311385	0.00219429	0.327963	0.00435527	0.0030869	0.0815587	0.00417368	0.350944	0.0587785	0.00212111	0.00663031	0.00419	0.00269873	0.00674392	0.00847499	0.0684384	0.0106677	0.0230377
115	0.111481	0.00178102	0.00158395	0.0129838	0.00337524	0.00641379	0.00847339	0.00772185	0.0081087	0.035371	0.00177952	0.0061731	0.677885	0.012578	0.0084369	0.0495631	0.0289662	0.0130904	0.00101081	0.00322386
116	0.182211	0.0126824	0.0237124	0.0728834	0.00213216	0.0323993	0.0204538	0.0307946	0.0390142	0.0776318	0.0318026	0.00356392	0.145387	0.0821341	0.0745313	0.0538913	0.0361063	0.0750121	0.00140309	0.00225347
117	0.0385738	0.0118089	0.102755	0.0415049	0.00145827	0.511974	0.0147405	0.00257632	0.0364565	0.00190458	0.000830096	0.111368	0.00233275	0.0119878	0.0166956	0.075222	0.0110071	0.00295347	0.000622968	0.00322828
118	0.0266006	0.00181437	0.00233322	0.0298303	0.00179919	0.0124325	0.0163314	0.00454618	0.399459	0.00815892	0.00809236	0.0365076	0.00123312	0.0600325	0.316672	0.0406156	0.0208375	0.00932693	0.00107877	0.0022985
119	0.0175158	0.0145265	0.00275757	0.00457813	0.407928	0.00932719	0.0260317	0.0373218	0.00322561	0.158333	0.032401	0.00734903	0.00684174	0.00555208	0.00852226	0.0171729	0.0103566	0.0294948	0.00597624	0.194788
120	0.0751649	0.00715405	0.0663094	0.0743533	0.00119683	0.0295114	0.0554704	0.00566941	0.172481	0.0318781	0.00565358	0.107075	0.0041927	0.0508696	0.150481	0.0814112	0.0485896	0.0138993	0.00845494	0.0101851
121	0.0559375	0.0125559	0.0533164	0.0238798	0.00358987	0.565304	0.010426	0.00530127	0.0144723	0.00428805	0.00195378	0.0601594	0.00801687	0.00863931	0.013284	0.122335	0.021597	0.00793149	0.00289373	0.00411757
122	0.0240309	0.00411351	0.0474179	0.163745	0.00192731	0.0122047	0.0313615	0.0111988	0.19218	0.0160533	0.0150221	0.00772304	0.00296243	0.208975	0.16176	0.00946441	0.0578062	0.0242945	0.00149544	0.00626367
123	0.134807	0.0068287	0.00154016	0.00264264	0.0145246	0.00534331	0.00227273	0.16755	0.00303466	0.106053	0.0301489	0.00840328	0.00451835	0.00692011	0.007413	0.0168554	0.0897538	0.38492	0.00282114	0.0036486
124	0.0232522	0.000731448	0.00114591	0.00178646	0.0362654	0.00394177	0.00151028	0.147187	0.00178907	0.532927	0.118648	0.0010503	0.000682515	0.00207901	0.00278672	0.00573377	0.0101769	0.104845	0.000603807	0.00285898
125	0.039658	0.0143104	0.0151479	0.0352848	0.0342563	0.0296936	0.297267	0.0247487	0.0766312	0.0333362	0.00766784	0.0537167	0.00736079	0.0844207	0.0844783	0.0498824	0.0266707	0.0145449	0.0103468	0.060577
126	0.128976	0.0492707	0.00261442	0.00162446	0.01962	0.0335605	0.010418	0.0126044	0.00183257	0.00849017	0.00652222	0.00950814	0.00503241	0.00441007	0.0143616	0.553029	0.104363	0.0179227	0.00521358	0.0106265
127	0.0379154	0.00136014	0.000845026	0.00951184	0.0428222	0.00598902	0.00781209	0.252879	0.0064014	0.253282	0.126558	0.00287002	0.000683188	0.00719078	0.0107336	0.0105543	0.0462202	0.159674	0.000494237	0.0162042
128	0.0308285	0.000852189	0.49612	0.250106	0.00095201	0.0412104	0.00921189	0.00444485	0.0306233	0.00522565	0.00703325	0.0528157	0.0103466	0.0131476	0.00640877	0.0209318	0.0155458	0.00251155	0.000636998	0.00104716
129	0.00698456	0.014612	0.00120186	0.00536553	0.400131	0.00484151	0.0389597	0.00753647	0.0015211	0.0324845	0.0187982	0.00935965	0.00130064	0.00421229	0.00664491	0.0154235	0.00718453	0.00312703	0.00101922	0.419292
130	0.183503	0.0533458	0.00322218	0.00225004	0.0168389	0.0416847	0.00930418	0.00965278	0.0015193	0.00723563	0.00566487	0.00850073	0.00755735	0.00399665	0.014515	0.507352	0.0850695	0.0241976	0.00524291	0.00934743
131	0.0988682	0.00674472	0.0767112	0.0835316	0.000926486	0.0405868	0.0422227	0.00311871	0.14929	0.0248783	0.000933972	0.113475	0.00296541	0.0434057	0.117235	0.0991387	0.0656582	0.0137752	0.00462926	0.0119042
132	0.0253462	0.001175	0.00145764	0.00172403	0.0538278	0.0042496	0.00136892	0.130182	0.00199137	0.554131	0.093588	0.00108309	0.00116694	0.00237894	0.00290296	0.00633106	0.01173	0.0993346	0.00163768	0.00439333
133	0.0671366	0.00614185	0.231611	0.0855034	0.00357424	0.271904	0.011701	0.00479557	0.0218523	0.0045881	0.00322551	0.112266	0.0180694	0.0176284	0.0154297	0.0884591	0.0253568	0.00552868	0.00141266	0.0038165
134	0.104633	0.00726456	0.0709045	0.0824903	0.00082619	0.0438048	0.040308	0.00339316	0.140756	0.0255321	0.000946414	0.112914	0.00201114	0.0385749	0.113833	0.106831	0.0741754	0.0161139	0.00459851	0.0100906
135	0.544503	0.0235285	0.0029702	0.00455273	0.00192642	0.0483612	0.002139	0.0103341	0.00260952	0.00756118	0.0108519	0.00303367	0.0147696	0.00360549	0.00677412	0.143707	0.0783802	0.0795679	0.00320444	0.00761973
136	0.108267	0.00638664	0.0686655	0.0838389	0.000820964	0.0466495	0.0421467	0.0039982	0.13249	0.0238733	0.00105971	0.104167	0.00185823	0.0366842	0.112268	0.113113	0.0781176	0.0209119	0.00402725	0.0106564
137	0.0787649	0.0083387	0.127326	0.235502	0.00493601	0.0220247	0.0422389	0.0137996	0.0803283	0.0166369	0.00226462	0.0503642	0.0149683	0.119733	0.081932	0.0211122	0.036827	0.0151054	0.0011044	0.0266931
138	0.0246312	0.00704398	0.00331985	0.00115846	0.337821	0.00381225	0.00139824	0.0682244	0.00309123	0.381585	0.0506565	0.000903612	0.00778119	0.00381604	0.00167837	0.00628659	0.0054302	0.0558495	0.0129663	0.0225458
139	0.0203343	0.000588049	0.00129828	0.00303648	0.0219268	0.00367491	0.0046892	0.313911	0.00310424	0.142283	0.0523142	0.00257209	0.00146856	0.00391725	0.00500182	0.00472552	0.0297435	0.380477	0.000378562	0.00455635
140	0.0257332	0.00213688	0.00127452	0.0290471	0.00122471	0.00736049	0.0184661	0.00300507	0.39605	0.00723317	0.00284858	0.0289072	0.00106073	0.0518851	0.349218	0.0415551	0.0230498	0.00603074	0.00236119	0.00155226
141	0.0377102	0.0111285	0.113842	0.0458818	0.00151154	0.509224	0.0140416	0.0025563	0.0283001	0.00190005	0.00100807	0.105076	0.00262958	0.0125997	0.0169207	0.0773281	0.0113596	0.0032311	0.000605535	0.00314578
142	0.0515032	0.00539336	0.0486982	0.065118	0.00406581	0.0420399	0.0396874	0.010739	0.243417	0.0243888	0.0156562	0.0768754	0.0112348	0.0514697	0.190521	0.0563961	0.0322396	0.0141136	0.00610243	0.0103415
143	0.0218425	0.034741	0.0126493	0.0193526	0.00506516	0.0173809	0.079739	0.012457	0.21801	0.0556095	0.0110511	0.0313637	0.00675728	0.0620277	0.279451	0.0726572	0.0182597	0.0143671	0.0165771	0.0106403
144	0.0158082	0.000608637	0.00121321	0.000855682	0.013788	0.00254363	0.0018635	0.331286	0.00246521	0.0694206	0.0130847	0.003364	0.00226408	0.00354022	0.00480571	0.00364457	0.0270932	0.500496	0.000467388	0.00138785
145	0.319674	0.0105035	0.00118726	0.00172075	0.00464721	0.00945009	0.00160452	0.0979512	0.00257717	0.0709019	0.0340559	0.00976743	0.00538664	0.00621263	0.00893075	0.0235302	0.109097	0.277342	0.00395649	0.00150417
146	0.012228	0.000433812	0.0012571	0.000716084	0.0130879	0.00261196	0.00185469	0.331443	0.00241155	0.0695727	0.0120881	0.0029553	0.00206967	0.00322827	0.00504335	0.0032293	0.0203861	0.514069	0.000391092	0.000922583
147	0.0119452	0.000415277	0.00113085	0.000757886	0.0140185	0.00238723	0.00177828	0.352714	0.00255945	0.0632641	0.0113364	0.00321644	0.00229476	0.0033174	0.00435825	0.00336449	0.0221053	0.497741	0.000355981	0.00093905
148	0.0412481	0.0100511	0.0649889	0.0289767	0.00367874	0.611194	0.0114718	0.00612881	0.0192807	0.00580826	0.00170271	0.0641958	0.00509712	0.0122061	0.0142313	0.0743194	0.0131178	0.00660153	0.00156896	0.00413183
149	0.0436118	0.0469678	0.00366345	0.0061617	0.324343	0.0266	0.0222024	0.0159749	0.00502478	0.0690383	0.018312	0.0103384	0.00418642	0.0102543	0.0153711	0.0893626	0.0192249	0.00667732	0.00212646	0.260558
150	0.0328314	0.0157842	0.012314	0.0287548	0.0143442	0.175151	0.0825819	0.0116883	0.088557	0.0941742	0.0110836	0.0355235	0.0134393	0.103004	0.108186	0.105863	0.0237808	0.0180958	0.00706061	0.0177824
151	0.0404694	0.0052456	0.0156798	0.0338394	0.00238864	0.0155286	0.0788239	0.0107791	0.279528	0.0261188	0.0167089	0.0613733	0.00378557	0.0538688	0.249629	0.0526333	0.0249252	0.0121527	0.00779558	0.00872577
152	0.0862998	0.0440218	0.00571977	0.00551017	0.0429326	0.0320645	0.0355463	0.0178407	0.00795915	0.0218821	0.00808252	0.0179736	0.0126218	0.011009	0.0269873	0.473309	0.105866	0.0165397	0.00551724	0.0223173
153	0.149513	0.0128397	0.0602458	0.0243338	0.00181537	0.513895	0.00960392	0.00600848	0.0154489	0.00460198	0.00163928	0.0602558	0.00395339	0.00940345	0.0127853	0.087978	0.0108638	0.00955154	0.0020169	0.0032467
154	0.0346075	0.000967844	0.000914058	0.00688828	0.0415285	0.00499974	0.005795	0.231276	0.00438661	0.319265	0.120595	0.00191476	0.000510477	0.00554523	0.00771704	0.00827736	0.0342575	0.157418	0.000332557	0.0128043
155	0.034686	0.00166388	0.47387	0.236782	0.00144799	0.0489348	0.0119835	0.00477676	0.0332291	0.00578959	0.00672108	0.0538074	0.010416	0.0162724	0.0117967	0.0240114	0.0171191	0.00340644	0.0007876	0.00249795
156	0.0471459	0.00271819	0.0011748	0.000986097	0.0132043	0.00343967	0.00185133	0.297918	0.00213425	0.0992808	0.018047	0.00575162	0.00267522	0.00482683	0.00416658	0.00676576	0.0590897	0.425658	0.00122516	0.00194115
157	0.555545	0.0223851	0.00275926	0.00540402	0.00250307	0.0564157	0.00258364	0.0117981	0.00256027	0.00920957	0.0102295	0.00345552	0.011546	0.00389996	0.00718673	0.148611	0.0507483	0.0818485	0.00399125	0.00731927
158	0.231278	0.0141425	0.00238232	0.00249804	0.00697508	0.0110871	0.00330341	0.0877707	0.00492782	0.105673	0.0501632	0.0251225	0.005866	0.00717509	0.00821118	0.0496891	0.158616	0.217369	0.0048383	0.00291201
159	0.0420489	0.00506396	0.0939741	0.23168	0.00307263	0.0158856	0.0342731	0.00975	0.0714313	0.0244318	0.0121087	0.0234214	0.00766081	0.233506	0.114378	0.0125677	0.03409	0.0143445	0.00136114	0.014951
160	0.336921	0.132517	0.00435611	0.00734312	0.00606595	0.0567415	0.00539985	0.0113844	0.00472332	0.0123661	0.010498	0.00681057	0.00779115	0.00574969	0.0105722	0.206137	0.066602	0.0793276	0.00640533	0.0222874
161	0.509114	0.0234776	0.00310284	0.00442724	0.00328742	0.0554259	0.00282507	0.0118753	0.00199189	0.00937446	0.0114139	0.00346439	0.0103455	0.00347686	0.00738926	0.175108	0.0716517	0.0803481	0.00341918	0.00848236
162	0.0797924	0.00792093	0.132835	0.240563	0.00580294	0.0211422	0.0374947	0.0163722	0.0807916	0.0178261	0.00196277	0.0495519	0.0157911	0.113973	0.078143	0.021204	0.0368392	0.0163412	0.00127688	0.0243765
163	0.31862	0.0104033	0.00119249	0.00173443	0.00456738	0.00874101	0.00155393	0.0975765	0.00256374	0.072362	0.0357108	0.00990387	0.00535302	0.00634441	0.00956615	0.0235399	0.11005	0.274959	0.00380701	0.00145135
164	0.0611083	0.00996613	0.0737775	0.0516032	0.0130764	0.133644	0.0383842	0.0139196	0.0631928	0.0247704	0.0114272	0.183005	0.0174723	0.0303115	0.0627609	0.113124	0.0533526	0.0209943	0.0104268	0.0136832
165	0.04145	0.00192514	0.00278986	0.0440817	0.00279779	0.00378714	0.377876	0.0210847	0.109647	0.0247691	0.00175643	0.0623935	0.00192647	0.134089	0.0785323	0.0209201	0.0203795	0.00374177	0.00585891	0.0401934
166	0.111082	0.0016519	0.00146748	0.0131098	0.00324317	0.00628809	0.00842339	0.00782908	0.00778838	0.0358484	0.00160306	0.00642235	0.682068	0.013151	0.00807203	0.0459293	0.0288718	0.0130989	0.00103411	0.00301836
167	0.101487	0.161527	0.0364193	0.0247408	0.0192303	0.229941	0.0186418	0.0121717	0.0176524	0.0175265	0.00762927	0.0441501	0.00880045	0.0172674	0.0237234	0.151537	0.0437305	0.0297666	0.0146168	0.0194408
168	0.106115	0.00871256	0.0453357	0.0564881	0.00586317	0.0854527	0.0289308	0.0144137	0.0821022	0.0241196	0.00567451	0.103697	0.0118153	0.027808	0.126911	0.105127	0.125093	0.0189484	0.00731452	0.0100775
169	0.0336205	0.000904106	0.000933222	0.00612712	0.0390895	0.00516038	0.00508736	0.224117	0.00389135	0.334084	0.129718	0.00180289	0.000561163	0.00520066	0.00758188	0.00781278	0.0310647	0.151785	0.000403084	0.0110562
170	0.0106037	0.00043933	0.00154167	0.000767914	0.0144327	0.00383508	0.00201392	0.331288	0.00219555	0.112968	0.0143421	0.00271619	0.00184858	0.00302416	0.00403515	0.00306362	0.0189739	0.470534	0.000381976	0.000993878
171	0.0333744	0.0190107	0.00564181	0.00900808	0.160646	0.00870743	0.0127092	0.159118	0.00561236	0.244164	0.0523649	0.00460045	0.0071603	0.0164265	0.0102831	0.0174016	0.0239018	0.138452	0.00861872	0.0627981
172	0.037074	0.00589865	0.0103668	0.0261124	0.00533265	0.0161122	0.0372108	0.0167868	0.249674	0.0507432	0.028884	0.0377495	0.00517492	0.0341986	0.339869	0.0442365	0.0163891	0.0171926	0.0127322	0.0082628
173	0.0683639	0.00671894	0.0356484	0.0652182	0.00434378	0.0432906	0.0331332	0.0110765	0.0712143	0.0243247	0.00398788	0.155645	0.00880153	0.0240496	0.140867	0.110026	0.163899	0.0132126	0.00636113	0.00981779
174	0.194699	0.00834886	0.0158359	0.0648157	0.00380372	0.0306409	0.0163136	0.021538	0.0402974	0.0713686	0.0189272	0.0061649	0.22021	0.0534084	0.078194	0.049533	0.0417872	0.058342	0.00193463	0.00383635
175	0.031094	0.0034735	0.00587395	0.0313912	0.00277007	0.00588356	0.355502	0.0144965	0.111233	0.0218222	0.00273456	0.0678306	0.0032747	0.124535	0.115357	0.0445592	0.0168419	0.00714736	0.0129493	0.0212303
176	0.0417959	0.0183981	0.0107663	0.0149291	0.0146095	0.0199861	0.0141113	0.016361	0.0187035	0.0302902	0.0122834	0.0172778	0.00814703	0.0209804	0.0427813	0.0463192	0.0296137	0.0240756	0.588301	0.0102699
177	0.0444019	0.00184009	0.00124492	0.00768365	0.0442463	0.00852134	0.00686745	0.261434	0.00449411	0.204381	0.090321	0.00651641	0.00262405	0.00659839	0.012927	0.0142988	0.0645189	0.198684	0.00194527	0.016452
178	0.0196151	0.00063324	0.00156315	0.00262783	0.0298532	0.00494921	0.00271168	0.234681	0.00221055	0.323011	0.0665669	0.00157489	0.000813296	0.00297651	0.00448156	0.00528528	0.0169903	0.274035	0.000420056	0.00500091
179	0.0221801	0.00504519	0.00631017	0.0100887	0.0668508	0.0132893	0.0398352	0.0394242	0.167248	0.194678	0.0713532	0.102639	0.00984018	0.0216937	0.0424713	0.0302055	0.0162947	0.0439251	0.0340539	0.0625747
180	0.0234486	0.00642461	0.00338462	0.00179022	0.31708	0.00419298	0.00223189	0.0714323	0.00598865	0.381864	0.0562973	0.00189868	0.00702331	0.00591863	0.00373615	0.00769679	0.00975085	0.0561509	0.0120734	0.0216159
181	0.00890432	0.0239667	0.00126097	0.0051714	0.394561	0.00945558	0.0371873	0.00901126	0.00184487	0.0288801	0.0227268	0.0122795	0.00130838	0.00547017	0.00720821	0.0243592	0.0107552	0.00224551	0.000793348	0.39261
182	0.0323756	0.0836953	0.0041445	0.00660149	0.261681	0.0776023	0.0173092	0.0498221	0.00710193	0.0988578	0.028335	0.00951967	0.00954204	0.0113625	0.0397881	0.11405	0.0548088	0.0120829	0.0037484	0.0775717
183	0.106867	0.0171142	0.00894273	0.00541576	0.00621213	0.016101	0.00582747	0.024773	0.00670611	0.0301611	0.0165558	0.0380883	0.0131805	0.00514087	0.012335	0.286746	0.355962	0.0330388	0.00324097	0.00759119
184	0.0468326	0.010957	0.0125164	0.0264313	0.0157309	0.024933	0.0503517	0.0321963	0.141771	0.0922537	0.0353904	0.0346664	0.0098915	0.0437149	0.271641	0.0461454	0.0264249	0.0337468	0.0215742	0.0228309
185	0.0242395	0.00761267	0.00371969	0.00140429	0.357728	0.00389094	0.00163948	0.0661526	0.00308955	0.358498	0.0483543	0.000975801	0.00911066	0.0037546	0.00198013	0.00721945	0.00533973	0.0550396	0.0168164	0.0234345
186	0.467463	0.0251901	0.00301889	0.00503632	0.00267548	0.0684967	0.00388575	0.0070163	0.00146934	0.00644314	0.0103373	0.00375974	0.00719255	0.00363505	0.0081511	0.249996	0.056297	0.0570363	0.00435656	0.00854365
187	0.0232353	0.00515019	0.0602657	0.210151	0.00292086	0.013994	0.0229198	0.00864815	0.0569354	0.0401736	0.019997	0.00753228	0.00415265	0.32582	0.124121	0.0105806	0.034965	0.0159436	0.00273244	0.00976191
188	0.0246287	0.00726816	0.0034669	0.00115215	0.361669	0.00391942	0.00139287	0.0661034	0.0031764	0.36051	0.0482731	0.000954497	0.00809581	0.00382549	0.00170899	0.00643213	0.00518538	0.0546433	0.0137523	0.0238423
189	0.0333934	0.00313386	0.00260257	0.00802325	0.0728718	0.00772679	0.00748152	0.201699	0.00654108	0.293724	0.114229	0.00402774	0.0029836	0.00776106	0.0210909	0.0197345	0.0471502	0.117287	0.00416734	0.0243719
190	0.0368728	0.00386153	0.00382146	0.0175637	0.0455717	0.00776973	0.0262859	0.256788	0.00588905	0.218518	0.0892331	0.00408162	0.00227312	0.00914426	0.0119813	0.0150682	0.0416689	0.15676	0.00164759	0.0452003
191	0.0831033	0.00864513	0.119198	0.220781	0.00658834	0.0228752	0.0518854	0.0145778	0.0757108	0.0193528	0.00319433	0.047051	0.0208337	0.120137	0.0821325	0.0221296	0.0350702	0.0168133	0.00134623	0.0285748
192	0.0249649	0.00253607	0.00502316	0.0332822	0.00132373	0.0090789	0.0178722	0.00299385	0.395367	0.00678599	0.00224671	0.0287246	0.0017152	0.0589011	0.333816	0.0403077	0.0243402	0.00709125	0.00207684	0.00155217
