270	20
1	0.0171668	0.0119939	0.0132804	0.00816397	0.00773717	0.00777481	0.00697085	0.0416459	0.00792567	0.687868	0.0137374	0.0334643	0.0089893	0.00709902	0.0156323	0.022472	0.0139406	0.0258185	0.0371852	0.0111342
2	0.281464	0.0486595	0.00535381	0.00844594	0.0028632	0.00700383	0.00630897	0.121845	0.0180321	0.0212264	0.00652746	0.00590076	0.00233567	0.00481548	0.0298379	0.0680151	0.0387244	0.317995	0.00100591	0.00363941
3	0.0317696	0.0108089	0.0171354	0.010948	0.00144937	0.812615	0.00333925	0.00176406	0.0120026	0.00218987	0.00123104	0.0230729	0.000939855	0.0044395	0.0195575	0.0315875	0.0102941	0.00241116	0.00124075	0.00120391
4	0.0369931	0.00538789	0.0758403	0.0282654	0.00234884	0.551996	0.00858642	0.00215038	0.040405	0.00276186	0.0019434	0.125665	0.00296714	0.0143937	0.0280892	0.0521916	0.010649	0.00333874	0.00403698	0.00199052
5	0.00639245	0.0191827	0.00177043	0.00265183	0.251491	0.00248422	0.0406334	0.00935352	0.00325356	0.0428266	0.00636158	0.012706	0.00111009	0.00644141	0.0140923	0.02423	0.00565925	0.0151108	0.010557	0.523692
6	0.317284	0.0636169	0.00722064	0.0115246	0.00523549	0.180119	0.0100693	0.00738121	0.0113183	0.0128703	0.00382765	0.0179015	0.00274081	0.00917949	0.0092063	0.23751	0.0558399	0.0313914	0.00158211	0.00418001
7	0.0348732	0.080368	0.018475	0.0229012	0.00964926	0.162803	0.0125305	0.0195072	0.0936765	0.0232817	0.0167	0.0219935	0.077824	0.0177175	0.0237478	0.0483698	0.268037	0.0290713	0.00775154	0.0107226
8	0.0449228	0.0175679	0.0198524	0.0548663	0.00547776	0.0184279	0.0174119	0.00728955	0.110946	0.0117463	0.00741159	0.0309719	0.00602289	0.0806178	0.32238	0.192765	0.0286711	0.0149686	0.00120623	0.00647709
9	0.0209567	0.0149594	0.00750992	0.00907713	0.00882307	0.00911027	0.00579519	0.0102955	0.0198504	0.67185	0.0188167	0.0133693	0.0756772	0.00857862	0.0137695	0.043404	0.0137089	0.0202717	0.00827128	0.00590534
10	0.0277109	0.0256163	0.0175081	0.0367801	0.00620911	0.0136098	0.0200673	0.0100947	0.0828737	0.0123871	0.00871352	0.0294276	0.00528391	0.0416104	0.492708	0.101753	0.026798	0.0140712	0.00245775	0.0243203
11	0.0307654	0.00350143	0.0105109	0.00426468	0.00235965	0.00660973	0.00791598	0.00386233	0.0160599	0.0556774	0.00491262	0.00545907	0.764775	0.00619842	0.00789753	0.0168902	0.0213118	0.0146508	0.00294207	0.0134354
12	0.011701	0.0365799	0.00419955	0.00585038	0.0545632	0.00494961	0.00489206	0.0393411	0.0105637	0.689615	0.0202434	0.0100337	0.00795851	0.00569305	0.010895	0.0152567	0.0129699	0.033463	0.00681624	0.0144152
13	0.0278621	0.0191107	0.00814997	0.00829904	0.00611708	0.0119743	0.00864527	0.00847105	0.0186542	0.0515058	0.00817696	0.0164956	0.00391545	0.0132976	0.0144348	0.285409	0.448407	0.0336114	0.00191415	0.00554805
14	0.025326	0.0381581	0.00327664	0.0236957	0.194826	0.00552191	0.0183629	0.0352629	0.0188791	0.348951	0.023015	0.00452472	0.00313004	0.0173922	0.0180777	0.0108576	0.0507159	0.0477398	0.00733686	0.10495
15	0.0170195	0.0107112	0.0130087	0.00387695	0.00230375	0.0127062	0.0198839	0.00627719	0.0701755	0.00931479	0.00523359	0.025062	0.00178822	0.0273277	0.0396925	0.340568	0.379541	0.011886	0.000562094	0.0030615
16	0.00231345	0.0224613	0.00108133	0.0159283	0.0979202	0.00315146	0.0583662	0.084981	0.0762855	0.166595	0.0335214	0.00165993	0.000530369	0.0690676	0.0623255	0.00544241	0.0680795	0.141792	0.0205136	0.0679841
17	0.0289845	0.00218187	0.0101459	0.00451897	0.00139124	0.00363422	0.00888902	0.00298507	0.00843051	0.0151207	0.00133749	0.00517695	0.831785	0.00511372	0.00704468	0.0122403	0.0230396	0.0111526	0.00213114	0.0146969
18	0.0370063	0.0153778	0.0149626	0.0161935	0.00693739	0.0158694	0.00956888	0.0173356	0.202592	0.142922	0.0117555	0.0152841	0.318591	0.0197164	0.0269118	0.038395	0.0447015	0.0328411	0.00456879	0.00846917
19	0.0475892	0.00537186	0.0018122	0.0180616	0.0130021	0.00509115	0.0198354	0.235653	0.00932951	0.417288	0.0343376	0.00774698	0.00107115	0.00271613	0.0102191	0.00435083	0.00643836	0.120947	0.007792	0.0313463
20	0.0142917	0.0203189	0.00196027	0.00316939	0.14443	0.00227928	0.00456652	0.340587	0.00595297	0.205341	0.035654	0.0029512	0.000973659	0.00396291	0.00394897	0.00520899	0.0138144	0.18521	0.00131494	0.00406439
21	0.0170878	0.0203059	0.0665903	0.435791	0.00216952	0.0100888	0.00753197	0.0033232	0.0375826	0.014054	0.00219613	0.0410719	0.14694	0.0977388	0.051476	0.0293247	0.00853858	0.00524756	0.000758775	0.00218213
22	0.00813519	0.0270357	0.00405944	0.0274606	0.141597	0.00541156	0.038149	0.112719	0.0504932	0.163059	0.0344419	0.00385159	0.00225044	0.0435433	0.0402869	0.0117644	0.0475585	0.141997	0.0434905	0.0526953
23	0.308385	0.378033	0.00445128	0.00502259	0.00401417	0.126677	0.00408212	0.00522339	0.00539999	0.0873311	0.00341645	0.00515593	0.021189	0.00469193	0.00605044	0.011155	0.00835538	0.00713133	0.00110117	0.00313426
24	0.0530274	0.00907167	0.0860394	0.0337719	0.00220037	0.418752	0.0129916	0.00186558	0.0696275	0.00246605	0.00201963	0.143318	0.00317503	0.0358422	0.0576021	0.0515772	0.00718943	0.00334324	0.00292608	0.00319396
25	0.0370861	0.0248317	0.00843638	0.0504078	0.00153778	0.0100815	0.0102618	0.00560985	0.298601	0.0489376	0.0143555	0.0208895	0.00260419	0.110598	0.276495	0.0426109	0.00762313	0.0178053	0.0029484	0.00827914
26	0.140102	0.00269969	0.0301985	0.0192021	0.00179364	0.0129247	0.00247942	0.00292744	0.0289646	0.0187956	0.00192321	0.0204269	0.548644	0.0279259	0.0403852	0.0832451	0.00887786	0.00497847	0.00156719	0.00193864
27	0.00600241	0.00461032	0.000812591	0.00132472	0.00746046	0.000906009	0.00149471	0.423111	0.00214355	0.27296	0.0623459	0.00352423	0.000537129	0.00105247	0.0129764	0.00338015	0.0173402	0.1766	0.000247827	0.0011688
28	0.00504655	0.00425685	0.000584155	0.000873515	0.00771613	0.000664544	0.00092989	0.426048	0.00156582	0.275233	0.0526716	0.00311542	0.000342449	0.000645523	0.0086255	0.00210969	0.0135702	0.195076	0.000181274	0.000742882
29	0.00744488	0.0056077	0.0411069	0.0583959	0.156811	0.0218565	0.00446149	0.0921247	0.00614758	0.286886	0.130083	0.00480828	0.00180271	0.0224264	0.0594625	0.0084487	0.0068013	0.0799787	0.0017209	0.00362487
30	0.00617632	0.0132371	0.00237553	0.00263509	0.173226	0.00368284	0.125643	0.0049847	0.00871765	0.0111239	0.00304081	0.0215108	0.00134931	0.00885303	0.0401182	0.0350241	0.00899275	0.00577689	0.00389542	0.519637
31	0.00858428	0.0188428	0.00304032	0.0147835	0.11399	0.0057894	0.086359	0.106783	0.0754644	0.12912	0.0294633	0.00632609	0.0016052	0.0817437	0.0535511	0.011093	0.0697797	0.112151	0.01477	0.056759
32	0.00449681	0.00445781	0.000414615	0.000569811	0.00763114	0.000536244	0.000626082	0.436303	0.00160505	0.260378	0.0432545	0.00207218	0.00022578	0.000515437	0.0057387	0.00187576	0.0106422	0.218253	9.73067e-05	0.000306355
33	0.102378	0.00583426	0.170435	0.240228	0.00363907	0.0118276	0.0288004	0.0131718	0.102812	0.0267977	0.00127311	0.0352131	0.00916478	0.122604	0.0487798	0.0412042	0.0210053	0.0131149	0.000165746	0.00155265
34	0.261801	0.037417	0.00692191	0.00975234	0.00690401	0.0816205	0.0409132	0.0112305	0.0148044	0.0184182	0.00745265	0.0198558	0.00339156	0.0140709	0.0176536	0.308368	0.0524512	0.0777017	0.00156749	0.00770413
35	0.0132224	0.0150052	0.00450176	0.00667129	0.0384663	0.00397767	0.00487805	0.0496317	0.00604935	0.720772	0.0321279	0.00907476	0.00781811	0.00342987	0.010726	0.0151662	0.00857551	0.0317038	0.00684113	0.0113613
36	0.24651	0.02717	0.00887645	0.0646936	0.00523767	0.00719693	0.00956346	0.0421919	0.195399	0.053988	0.00647418	0.0104444	0.00227515	0.0230155	0.0729134	0.0143684	0.0109086	0.193488	0.00102217	0.00426294
37	0.114357	0.00485593	0.183592	0.240076	0.0028308	0.0135343	0.0256071	0.0118711	0.106251	0.0234839	0.0006945	0.0411287	0.00537369	0.113105	0.0416204	0.0346441	0.0217256	0.013778	0.000198432	0.00127332
38	0.353676	0.0393034	0.00197434	0.00300336	0.00187392	0.00422431	0.0029935	0.0773479	0.0085112	0.0180292	0.00404975	0.00416611	0.00125596	0.00302397	0.0105801	0.0695021	0.0448383	0.349216	0.000651406	0.00177846
39	0.0381782	0.00338774	0.132866	0.0287973	0.00210588	0.454976	0.00953016	0.00181729	0.042593	0.00286648	0.00357468	0.162003	0.00448676	0.0135783	0.0250717	0.0493306	0.0169823	0.00233284	0.00221409	0.00330753
40	0.00422458	0.0120227	0.00185403	0.00108435	0.00323464	0.00246622	0.000643763	0.427584	0.0012337	0.0437999	0.00252794	0.000986251	0.000337895	0.000621142	0.00154305	0.00191038	0.00452654	0.484166	0.000414475	0.00481849
41	0.00680793	0.00339706	0.152737	0.00315614	0.00201341	0.00338357	0.0173921	0.0170371	0.181777	0.00421733	0.00224247	0.0894206	0.00149412	0.032454	0.0450189	0.109987	0.318133	0.00603905	0.000839123	0.00245313
42	0.0872945	0.00509068	0.184025	0.258263	0.00303893	0.0106785	0.0484706	0.0116693	0.0755448	0.0220476	0.00106291	0.0387545	0.00655822	0.134278	0.0349662	0.0303747	0.0330056	0.0122432	0.000480267	0.00215443
43	0.00339369	0.00924294	0.00192834	0.000952805	0.00182453	0.00230068	0.000451856	0.436528	0.000736955	0.0399936	0.00174302	0.000612734	0.000194907	0.000500476	0.00117774	0.00120102	0.00396236	0.488683	9.66865e-05	0.00447491
44	0.00729471	0.00858243	0.00222877	0.0027576	0.00320062	0.0102469	0.00157691	0.389504	0.00309479	0.0288273	0.00334705	0.00222445	0.000676046	0.00187948	0.00394839	0.00387518	0.00665653	0.495987	0.000449294	0.023642
45	0.00804448	0.00673969	0.000770605	0.00243698	0.0133199	0.00142646	0.00232356	0.401657	0.00300079	0.286984	0.0399125	0.00484595	0.000332012	0.00165316	0.00663083	0.00327705	0.0114685	0.200802	0.000745106	0.00362928
46	0.20878	0.153036	0.00301133	0.00487947	0.00409208	0.106103	0.00528627	0.00443499	0.00702689	0.00883147	0.00308047	0.0244007	0.0034708	0.00760228	0.00638867	0.33498	0.0855124	0.0255319	0.000853427	0.00269816
47	0.00493607	0.0114255	0.00112277	0.0016977	0.00634405	0.00172022	0.000914867	0.370011	0.00394815	0.208721	0.0243843	0.00299633	0.000458037	0.00174645	0.00598873	0.00686466	0.0155268	0.33034	0.000151869	0.000700765
48	0.154911	0.0123225	0.0115961	0.0204254	0.00362964	0.066315	0.0530103	0.00758685	0.0643618	0.00672096	0.00870005	0.196533	0.00218467	0.0320433	0.127109	0.194849	0.0187009	0.0130826	0.00135835	0.00455968
49	0.0173423	0.0181278	0.00760345	0.013788	0.0545659	0.0152059	0.297595	0.0152325	0.059149	0.0188156	0.00942465	0.0377668	0.00390293	0.0129039	0.0865781	0.0332938	0.0352022	0.0198934	0.00298423	0.240625
50	0.00630268	0.159972	0.00298582	0.0049702	0.255204	0.00409251	0.00620818	0.0860236	0.00849151	0.16778	0.0758935	0.00373243	0.0162873	0.00548541	0.00510924	0.00900849	0.0301454	0.0590236	0.00549189	0.0877923
51	0.0301071	0.0197773	0.0144729	0.0679314	0.0107671	0.0161674	0.01515	0.0839431	0.0242263	0.0253391	0.0787037	0.164194	0.00690664	0.0176252	0.0222306	0.175141	0.0375269	0.159367	0.00285804	0.0275657
52	0.00256437	0.0198991	0.00104364	0.0173884	0.0980793	0.00319967	0.0618802	0.0899589	0.072035	0.163557	0.0344965	0.00229401	0.000525198	0.0715569	0.0622945	0.00565247	0.0639347	0.141762	0.0183123	0.0695657
53	0.0451425	0.00508885	0.217381	0.376109	0.0180304	0.0118233	0.0115248	0.00583662	0.0631957	0.0100535	0.00300621	0.0465852	0.0181	0.0488997	0.0281402	0.0399427	0.0289203	0.0137124	0.00081703	0.00769096
54	0.0051068	0.0168424	0.0707088	0.148367	0.0147675	0.00371876	0.00294926	0.00307895	0.0769805	0.0169604	0.0158768	0.0428157	0.0423494	0.0307246	0.0222442	0.0703526	0.382055	0.0314316	0.000664971	0.00200504
55	0.00846971	0.00569836	0.00682835	0.730637	0.00387555	0.00473859	0.00422888	0.00501631	0.00759425	0.00620085	0.00334165	0.00584833	0.00241112	0.0463262	0.00638518	0.0506236	0.00754318	0.0684609	0.000960886	0.024811
56	0.0675374	0.00260081	0.0124644	0.0066397	0.00191848	0.00688522	0.00693918	0.00285985	0.00898399	0.0140376	0.00189875	0.00681744	0.767185	0.00951696	0.012518	0.0240218	0.0246673	0.00928302	0.00191025	0.011315
57	0.0659623	0.03068	0.00670671	0.00802805	0.0167924	0.00787565	0.00645428	0.0390332	0.0115003	0.426934	0.230569	0.00699461	0.00561394	0.00636618	0.00874055	0.0182856	0.0108501	0.0558498	0.00218691	0.0345766
58	0.0170963	0.0077011	0.0210949	0.00793839	0.00115269	0.865334	0.00232179	0.0017436	0.00645696	0.00227416	0.00188273	0.014331	0.00101783	0.00184648	0.0108363	0.0185577	0.0140442	0.00261799	0.000655814	0.00109628
59	0.0279987	0.0170005	0.300678	0.0370861	0.0103962	0.0228342	0.0127519	0.0151116	0.0350939	0.0279543	0.0117527	0.0307053	0.010265	0.0211172	0.0290508	0.051736	0.220467	0.100556	0.00637496	0.0110697
60	0.385398	0.0105228	0.00636156	0.0391441	0.00465012	0.293208	0.00430447	0.0266958	0.00760346	0.0364134	0.00349241	0.0101831	0.0017822	0.00443695	0.00622975	0.0515837	0.0635335	0.0407366	0.00100298	0.00271701
61	0.0235774	0.018865	0.0113751	0.00938653	0.00129575	0.812614	0.00375542	0.00222567	0.0114281	0.00358346	0.00148941	0.0157246	0.00125773	0.00600866	0.0240498	0.0325409	0.0119747	0.00528362	0.00156403	0.00200036
62	0.163544	0.00921698	0.0279189	0.0295531	0.00259566	0.0348275	0.0048205	0.00508036	0.0328961	0.0166979	0.00361167	0.0227328	0.445299	0.0395944	0.0366206	0.0932856	0.0166789	0.00900963	0.00251757	0.00349838
63	0.017166	0.00459574	0.00136845	0.00701412	0.00700535	0.00215641	0.00625526	0.340007	0.00473913	0.387077	0.0380161	0.0126082	0.000686479	0.00173942	0.00783275	0.0036318	0.00916869	0.134004	0.00334404	0.0115838
64	0.133092	0.00795165	0.0148689	0.0176075	0.00274617	0.00501233	0.0143113	0.00939197	0.512761	0.0235749	0.0045973	0.00565154	0.00189604	0.0135728	0.145806	0.0200665	0.00971373	0.0433596	0.000987738	0.0130316
65	0.0233097	0.0168144	0.0053891	0.00945373	0.14308	0.0314128	0.120419	0.0502791	0.030039	0.130379	0.0703951	0.0393544	0.00267352	0.048409	0.0275276	0.0189118	0.0383818	0.0654849	0.00741152	0.120875
66	0.0361602	0.0101623	0.00208766	0.00458914	0.0231255	0.00269116	0.00467698	0.380085	0.00540471	0.203765	0.0265185	0.00332218	0.000446804	0.00180795	0.0065722	0.00781065	0.0142793	0.259701	0.00134264	0.00545129
67	0.0419746	0.0127884	0.0196853	0.0901581	0.0031886	0.0131621	0.029814	0.00164716	0.209964	0.0051754	0.00475768	0.0367427	0.00442062	0.0845099	0.318112	0.112518	0.00716021	0.00305216	0.000212552	0.000956636
68	0.047541	0.000824265	0.310716	0.310354	0.00583401	0.0114264	0.0110734	0.0011731	0.0484624	0.00292652	0.000476358	0.0676581	0.0226166	0.04986	0.0216011	0.0444139	0.0320638	0.00711609	0.00011729	0.00374606
69	0.00222355	0.0204087	0.00102641	0.0164857	0.0998476	0.00326554	0.0621727	0.0891198	0.073285	0.166204	0.0347163	0.00158833	0.000520695	0.0686088	0.0616075	0.00531143	0.0643118	0.139672	0.0186479	0.0709764
70	0.0817451	0.0111772	0.00744836	0.0167167	0.0312043	0.0380465	0.0284321	0.140548	0.0117051	0.270648	0.024974	0.0124155	0.0035005	0.00742924	0.011898	0.0240228	0.0299799	0.135809	0.00595513	0.106344
71	0.126887	0.0803143	0.0575513	0.0340608	0.00151008	0.0520399	0.00664523	0.0686574	0.03621	0.0978273	0.0472251	0.0542292	0.00114605	0.0167134	0.0188433	0.0597876	0.121615	0.116321	0.000595004	0.00182214
72	0.0150341	0.020747	0.00527497	0.0129596	0.159175	0.00707835	0.0584622	0.166325	0.0357051	0.113257	0.0299038	0.00869873	0.00257976	0.0326947	0.0298939	0.0144572	0.0406723	0.193408	0.00929134	0.0443817
73	0.0103799	0.0357573	0.0029649	0.0123727	0.147971	0.00495138	0.0319502	0.181438	0.0353773	0.190324	0.0326754	0.00545595	0.00294337	0.0441242	0.0298264	0.0105211	0.0399468	0.109061	0.0107557	0.061203
74	0.0438718	0.0182011	0.00988124	0.0127264	0.00940057	0.0628993	0.00905093	0.137019	0.0132951	0.102282	0.0160201	0.0112739	0.0115193	0.0109672	0.0150619	0.0324627	0.0320433	0.438968	0.00193395	0.0111215
75	0.0112474	0.0619257	0.00269147	0.00453772	0.201783	0.0030967	0.00392996	0.249612	0.00945815	0.223352	0.0312421	0.00315712	0.00374463	0.00651543	0.00445461	0.00736315	0.016135	0.129377	0.0035472	0.0228288
76	0.0243958	0.012961	0.0228653	0.0121747	0.039791	0.0168788	0.0350688	0.0302674	0.0146175	0.0160479	0.02381	0.28091	0.00476695	0.0120947	0.0169718	0.152878	0.017632	0.0241528	0.00324041	0.238474
77	0.301091	0.109337	0.00364322	0.00764071	0.00525653	0.192454	0.00554824	0.00628419	0.00593851	0.011593	0.0030772	0.015447	0.00313887	0.00637027	0.00642466	0.229145	0.0635943	0.0202368	0.000974382	0.00280412
78	0.0315363	0.0175163	0.431111	0.0567696	0.0101321	0.0184545	0.022477	0.0190654	0.029274	0.0266089	0.00899143	0.0371619	0.00966245	0.023611	0.030225	0.0512488	0.0587611	0.100106	0.00745503	0.00983157
79	0.00370398	0.00970589	0.00182994	0.00084887	0.00177724	0.00199801	0.000449672	0.437821	0.000745793	0.0396079	0.00163877	0.000563681	0.000185755	0.000474697	0.00107154	0.00110696	0.00383504	0.488522	9.41799e-05	0.00401916
80	0.0522249	0.0368054	0.00571442	0.00775426	0.0670526	0.0101708	0.0390884	0.0869966	0.00871656	0.129588	0.0128921	0.00686917	0.00284974	0.0155625	0.00796854	0.0666684	0.207394	0.0940249	0.00165907	0.139999
81	0.0124371	0.705646	0.00588128	0.00741565	0.00505221	0.00706402	0.00506903	0.00705501	0.00936494	0.0102518	0.0339132	0.00806753	0.00270391	0.00720894	0.00826538	0.10723	0.0108461	0.0121342	0.00132539	0.0330686
82	0.0408163	0.00104955	0.30439	0.322051	0.00705662	0.0121721	0.00953744	0.00098993	0.0425797	0.00218373	0.000605553	0.0695437	0.0265979	0.0462684	0.0212307	0.0447274	0.0354905	0.00876335	0.000157184	0.00378827
83	0.00928405	0.00918701	0.00346004	0.00461248	0.418542	0.00386888	0.00893261	0.0460459	0.00525563	0.0274977	0.0182159	0.00546678	0.00188963	0.00488151	0.00611296	0.0100167	0.00971003	0.0659492	0.00456146	0.33651
84	0.0748583	0.00458262	0.168097	0.117956	0.00326535	0.018128	0.010579	0.00324277	0.0541508	0.00796082	0.00215727	0.12305	0.20127	0.0408726	0.0509557	0.0878174	0.0179127	0.00548208	0.00146307	0.00619794
85	0.0064682	0.0316586	0.00249397	0.00421513	0.439673	0.00257641	0.00230497	0.0308058	0.00364253	0.394627	0.0254626	0.00270359	0.00145633	0.0026979	0.0137988	0.00551781	0.00771777	0.00796896	0.000719688	0.01349
86	0.169742	0.00811216	0.0239613	0.115657	0.011089	0.0158718	0.0194593	0.0267048	0.231886	0.0317165	0.0153888	0.0196834	0.000659556	0.106487	0.123584	0.0285492	0.0153103	0.0263111	0.000451933	0.00937405
87	0.0915528	0.00372906	0.21508	0.280941	0.00294476	0.00992396	0.0246128	0.00960506	0.08063	0.0215754	0.000445292	0.0354844	0.00729893	0.112709	0.0345953	0.0346108	0.0204074	0.011463	0.000146311	0.00224534
88	0.00803679	0.00447665	0.00957291	0.00335349	0.052332	0.00292428	0.00175706	0.0341289	0.0158635	0.487567	0.316798	0.00263124	0.00127896	0.0029313	0.00413341	0.027453	0.00382198	0.0165358	0.000659599	0.003744
89	0.0516833	0.00297247	0.00143835	0.022476	0.00168205	0.00551631	0.0164097	0.213276	0.0102482	0.444284	0.0368814	0.00743593	0.000732209	0.00197688	0.0109788	0.00358107	0.00360512	0.115309	0.00972695	0.0397854
90	0.10327	0.00515654	0.190527	0.244625	0.00275648	0.0110584	0.0305571	0.0138529	0.0951671	0.0273761	0.000495929	0.0347569	0.00289968	0.124534	0.0427114	0.032699	0.0224493	0.0138169	0.000153153	0.00113646
91	0.110585	0.0200453	0.0078988	0.0120898	0.210206	0.0123723	0.024264	0.0215111	0.00770401	0.261132	0.0181705	0.0109678	0.00332713	0.00732384	0.00910765	0.0209064	0.0271711	0.0277396	0.00272448	0.184754
92	0.0190535	0.0257047	0.00787128	0.0135841	0.0439674	0.0294169	0.335851	0.0194602	0.0213922	0.025973	0.0132437	0.0875307	0.00512096	0.0238386	0.043367	0.0291571	0.0893266	0.0296402	0.00302664	0.133474
93	0.0303389	0.031452	0.00147269	0.0269464	0.00103608	0.0117366	0.00145076	0.00797267	0.295289	0.0880777	0.0225962	0.0152617	0.000714022	0.137542	0.254969	0.0156225	0.00840243	0.0296655	0.00511363	0.0143399
94	0.223446	0.0138629	0.0138687	0.0140105	0.00192324	0.0156507	0.0228395	0.0136249	0.110648	0.00365381	0.012995	0.187316	0.00109254	0.0809739	0.0320611	0.203017	0.0314616	0.0153133	0.000568723	0.00167321
95	0.024697	0.00655644	0.00561478	0.0496655	0.00328661	0.0442285	0.142451	0.00485778	0.0871971	0.00695031	0.0234117	0.228082	0.00183712	0.0106402	0.192282	0.144558	0.00934099	0.00865386	0.00111128	0.00457796
96	0.05759	0.00655991	0.057231	0.0422056	0.00182423	0.488273	0.0100896	0.00134651	0.0719918	0.00184462	0.00104822	0.103823	0.00201558	0.0307214	0.0358879	0.0698742	0.00501583	0.00190053	0.00784129	0.00291569
97	0.104735	0.0386462	0.0299258	0.0240449	0.00104596	0.179609	0.0374073	0.00173014	0.174043	0.00221968	0.00119218	0.101861	0.00071749	0.0640395	0.175609	0.05297	0.00302554	0.002914	0.000713068	0.00355206
98	0.0304358	0.0248539	0.0746002	0.336893	0.00294702	0.0249792	0.0105237	0.00433424	0.0767674	0.0410943	0.00199089	0.030328	0.109959	0.124992	0.0394263	0.043072	0.0126422	0.00646098	0.00114317	0.00255601
99	0.406542	0.00752601	0.00664409	0.0331762	0.00523773	0.335779	0.00342955	0.0153343	0.00484401	0.0299366	0.00275222	0.0094612	0.00162831	0.00411102	0.00453433	0.0339206	0.0460756	0.0458197	0.000792852	0.00245487
100	0.00745593	0.00529555	0.00330023	0.00483659	0.00354027	0.00544125	0.00469499	0.0052128	0.00680889	0.0322492	0.00340699	0.00709314	0.002418	0.00533819	0.00641081	0.140186	0.701273	0.0506266	0.000996423	0.00341577
101	0.00610969	0.00727852	0.000833112	0.00135164	0.0346594	0.00096105	0.00109123	0.405068	0.00233287	0.268422	0.0537006	0.00255917	0.000337832	0.00146325	0.00615313	0.00261119	0.011298	0.19231	0.000287886	0.00117085
102	0.241774	0.0394375	0.0116095	0.0125923	0.00639124	0.0633167	0.00770476	0.0294176	0.0158874	0.0875934	0.0127527	0.0163114	0.00391281	0.0120025	0.0136581	0.144304	0.125948	0.145206	0.00108475	0.00909554
103	0.133357	0.0158314	0.0379507	0.0324009	0.00426789	0.0267988	0.0196694	0.0151288	0.116577	0.00985452	0.00978016	0.141784	0.00986171	0.0747975	0.0464201	0.154933	0.123931	0.0213283	0.00092299	0.00440402
104	0.0347473	0.0105043	0.0244629	0.185344	0.00233695	0.00740795	0.0145613	0.00459604	0.164524	0.00578192	0.00399585	0.0419188	0.0380286	0.106259	0.275822	0.0626476	0.0101326	0.0046509	0.000610108	0.00166871
105	0.0572882	0.0282238	0.0123596	0.0207616	0.00923088	0.0162549	0.0148533	0.0451962	0.0205697	0.0352117	0.0896387	0.0315072	0.00812883	0.0201735	0.0209741	0.190231	0.0586186	0.307512	0.00279513	0.0104706
106	0.0435949	0.000724544	0.311814	0.321089	0.0064429	0.0115293	0.00987709	0.000876625	0.0442638	0.00218845	0.000560239	0.0678079	0.0232675	0.0467045	0.0203994	0.0438518	0.0331724	0.00775233	0.000123163	0.00395951
107	0.049167	0.00100317	0.315783	0.299169	0.0055727	0.0112556	0.0104855	0.00165674	0.0502718	0.00360036	0.000473143	0.0706932	0.0206245	0.0525718	0.0225216	0.0449735	0.0289159	0.0073193	0.000135347	0.00380599
108	0.0282756	0.0175973	0.0166989	0.0131191	0.00884822	0.088824	0.0103946	0.0148147	0.0219741	0.0298407	0.0087526	0.0354047	0.322361	0.0167295	0.0207255	0.103247	0.0287365	0.0228863	0.181085	0.00968454
109	0.10267	0.0123404	0.0351659	0.109151	0.00478912	0.0135817	0.0130291	0.00668773	0.104335	0.0100634	0.00417666	0.0263187	0.0149007	0.0790941	0.181214	0.225827	0.0434057	0.00933698	0.000608575	0.00330429
110	0.129697	0.0101275	0.0174452	0.11175	0.00502367	0.0109578	0.0149472	0.0408929	0.21423	0.0218754	0.00966755	0.0155705	0.00622832	0.0530617	0.226161	0.0278407	0.0470145	0.0272892	0.00161612	0.00860397
111	0.00405145	0.0143237	0.00156484	0.00205272	0.23831	0.0021359	0.056973	0.0082589	0.00345314	0.0176666	0.00305391	0.0161584	0.000979719	0.00756579	0.0182394	0.0300055	0.00374927	0.011957	0.00644937	0.553052
112	0.051564	0.00799548	0.0176265	0.0132079	0.00200887	0.805683	0.00231729	0.00278017	0.00905104	0.00517348	0.00141836	0.0197364	0.00140569	0.00333114	0.0119204	0.0252098	0.0123717	0.00511229	0.00119081	0.000895786
113	0.184869	0.0218181	0.00560533	0.0165961	0.0045271	0.00944384	0.00671447	0.140985	0.0608145	0.0239202	0.00799008	0.00951519	0.00258121	0.00934003	0.0267216	0.0395828	0.0350779	0.387317	0.00103823	0.00554276
114	0.00656373	0.0307645	0.00168115	0.00217954	0.015807	0.00207582	0.00159512	0.314406	0.0101463	0.22717	0.011348	0.0067895	0.000885854	0.00614772	0.0071943	0.0208611	0.0260145	0.306564	0.0003328	0.0014734
115	0.0503042	0.0031525	0.00151675	0.0225359	0.00367388	0.00558048	0.0159545	0.212791	0.010111	0.44285	0.0379528	0.00747702	0.00073317	0.00216167	0.0107087	0.00358849	0.00362575	0.116329	0.0094612	0.0394924
116	0.0320862	0.0753162	0.00349188	0.00462613	0.0818204	0.00463556	0.0834571	0.0150594	0.00585164	0.0869741	0.0263054	0.0048617	0.00200754	0.0240602	0.00558669	0.0873623	0.234927	0.0785093	0.00094553	0.142116
117	0.03442	0.0168702	0.163807	0.00457299	0.00199928	0.243539	0.0271975	0.00317845	0.0578621	0.0161394	0.0260158	0.127217	0.00190011	0.0160609	0.0296917	0.106065	0.102064	0.00493873	0.000666266	0.0157952
118	0.0313338	0.0363613	0.00130075	0.0296581	0.00109674	0.0146537	0.00133641	0.00693306	0.251823	0.096303	0.0248132	0.0119001	0.000823883	0.145332	0.270418	0.0151462	0.00994574	0.0335148	0.00626426	0.0110424
119	0.00359947	0.00762908	0.00151539	0.000676057	0.00386657	0.00131978	0.00055143	0.452839	0.00111137	0.103303	0.0107652	0.000800263	0.000183118	0.000509894	0.00187879	0.00137946	0.00579009	0.399815	9.03866e-05	0.00237686
120	0.100107	0.00544949	0.191104	0.245566	0.0027891	0.0110524	0.0311601	0.0143971	0.094896	0.027441	0.000494152	0.0352626	0.00303504	0.123616	0.0421831	0.0324411	0.0233555	0.0143685	0.000147612	0.00113431
121	0.0342686	0.0129936	0.0220763	0.086894	0.0021011	0.00850383	0.0265332	0.00141912	0.204738	0.00363839	0.00523327	0.0380378	0.00502946	0.0882327	0.342064	0.107631	0.00718565	0.00239597	0.000208393	0.000815465
122	0.0118279	0.0273877	0.00265787	0.00426488	0.158982	0.00272344	0.00545053	0.322315	0.00806603	0.210694	0.0353107	0.00336513	0.00171723	0.00592184	0.00526169	0.00632527	0.0149998	0.159914	0.00216319	0.0106511
123	0.0171156	0.00721949	0.00192544	0.0131568	0.00190143	0.005243	0.00214927	0.225273	0.0164732	0.0364697	0.0120206	0.00239076	0.000899899	0.00497804	0.023534	0.00841454	0.02747	0.58768	0.000460908	0.00522354
124	0.0317752	0.00285572	0.369765	0.137005	0.0037777	0.0149026	0.00677743	0.00250725	0.0690346	0.00370712	0.00190626	0.164251	0.0235503	0.026096	0.0396151	0.0724474	0.0165703	0.00674698	0.000652125	0.00605638
125	0.0287873	0.0376718	0.00219505	0.0271479	0.00256245	0.0137456	0.00275089	0.00818978	0.232036	0.105703	0.0270035	0.0116887	0.00112683	0.137098	0.281348	0.0153156	0.0106498	0.0323109	0.0112948	0.0113742
126	0.0909027	0.0174019	0.0104634	0.0154573	0.0318836	0.012969	0.0600759	0.2893	0.0192445	0.111959	0.0208907	0.0156574	0.0038137	0.0155545	0.022211	0.0272197	0.0271107	0.183289	0.00392763	0.020668
127	0.0260039	0.0173612	0.0262261	0.0176285	0.0768384	0.0337996	0.0620988	0.0220413	0.0193567	0.0210041	0.0154881	0.439216	0.0071958	0.023034	0.0194313	0.0646764	0.0262	0.0235687	0.00305731	0.055774
128	0.284036	0.11729	0.00349026	0.00649176	0.00548917	0.178242	0.00587524	0.00612922	0.00649211	0.0103461	0.00327482	0.0161805	0.0032084	0.0072236	0.00697649	0.243925	0.0678857	0.0233853	0.0010201	0.00303756
129	0.0212273	0.00746624	0.0176441	0.0105251	0.0013285	0.8571	0.00179667	0.00177233	0.00886665	0.00198756	0.000955097	0.0196131	0.00100349	0.00257072	0.0110854	0.0211082	0.00925571	0.00230223	0.00151741	0.000874458
130	0.00469736	0.00447227	0.000415084	0.000647508	0.0105253	0.000529361	0.000691728	0.429092	0.00167644	0.266335	0.0469929	0.00224971	0.00023905	0.000551654	0.00627362	0.00189093	0.0111447	0.211112	0.000115652	0.000348527
131	0.00868522	0.0141219	0.00339346	0.00288398	0.176988	0.00400274	0.0955136	0.00598107	0.00809447	0.0172275	0.00411708	0.0264085	0.00111409	0.011052	0.0256622	0.0394012	0.0075418	0.00870978	0.004337	0.534765
132	0.00467605	0.00477932	0.000498319	0.000598658	0.0060478	0.000540744	0.000570293	0.443022	0.00177945	0.238623	0.0349812	0.00175364	0.000220969	0.000503826	0.0048729	0.00193576	0.0100799	0.244084	0.000100151	0.000331233
133	0.00644945	0.0318552	0.00244986	0.0041759	0.439851	0.00254109	0.00230283	0.0304362	0.00364681	0.394904	0.0253839	0.00270487	0.00147275	0.00268963	0.0137648	0.00552008	0.00772953	0.00783876	0.00071969	0.0135637
134	0.00520746	0.0036344	0.0467121	0.0169545	0.00369902	0.0178334	0.00322825	0.00416191	0.0177548	0.00470358	0.00347372	0.577395	0.00162753	0.00377492	0.00434028	0.254485	0.0197992	0.00557028	0.000970516	0.00467408
135	0.0127642	0.007981	0.00580964	0.00762432	0.00454237	0.00866329	0.00575099	0.0365985	0.197587	0.0201386	0.00505769	0.00836104	0.352015	0.00949528	0.0363512	0.043832	0.157442	0.0719612	0.00168784	0.00633649
136	0.154161	0.0183076	0.047395	0.0390237	0.00266111	0.018948	0.00332987	0.00354277	0.0735224	0.00515325	0.00273474	0.00553058	0.00141512	0.0404769	0.0631595	0.432596	0.0787237	0.00590406	0.00100954	0.00240485
137	0.00423503	0.00623872	0.000742845	0.000647194	0.00552274	0.000708639	0.000525486	0.443185	0.00175462	0.197517	0.0290902	0.00131737	0.000205753	0.000514045	0.00409423	0.002019	0.00989731	0.29095	9.82491e-05	0.000737238
138	0.0138164	0.0249247	0.00253974	0.00444604	0.162858	0.00285226	0.0049528	0.315783	0.00678641	0.212212	0.0352752	0.00294297	0.00131095	0.00453284	0.00482528	0.00568506	0.0137405	0.172141	0.0018938	0.00648048
139	0.0263999	0.00181581	0.387754	0.163794	0.00333085	0.0127474	0.00436425	0.00198524	0.0799803	0.00245366	0.00125532	0.136606	0.0143195	0.0298617	0.0356994	0.0754992	0.0144241	0.00539673	0.00027131	0.00204066
140	0.00373321	0.0194288	0.00196099	0.0138007	0.135455	0.00505679	0.0605446	0.0803858	0.0622161	0.158005	0.0684185	0.00244346	0.0011614	0.0541493	0.0569587	0.00623351	0.0530668	0.113734	0.0151078	0.0881398
141	0.00614549	0.00514199	0.000624301	0.00149444	0.014294	0.000791586	0.00122973	0.4232	0.0021251	0.26302	0.0477868	0.00243962	0.000293449	0.00100339	0.00663454	0.00206828	0.0116101	0.207915	0.000492519	0.00168873
142	0.0482406	0.00999843	0.0830319	0.30836	0.000945276	0.0116403	0.0136106	0.00104915	0.0789121	0.00875568	0.000741921	0.0475323	0.110296	0.118129	0.0580698	0.0832585	0.0148687	0.00164181	0.000229943	0.000687718
143	0.1106	0.00839441	0.00629024	0.00698395	0.00452991	0.0729085	0.00615574	0.00836295	0.0102893	0.177274	0.119891	0.0089638	0.162679	0.0411454	0.0095677	0.0171708	0.0451112	0.176741	0.00192014	0.00502124
144	0.0789761	0.00738051	0.036934	0.147835	0.00192712	0.00900607	0.0114311	0.00539201	0.115911	0.00754249	0.00341562	0.0477905	0.164757	0.0704402	0.195393	0.0745841	0.0138736	0.00484394	0.000817462	0.00174841
145	0.0167215	0.0935915	0.00972322	0.054913	0.00766421	0.0126408	0.00910731	0.0121844	0.0536672	0.0181688	0.219284	0.0151847	0.0481006	0.0127262	0.0142111	0.0707783	0.167014	0.155667	0.00219146	0.00646149
146	0.0664606	0.0257182	0.118946	0.0399052	0.00709012	0.0320017	0.0157624	0.012613	0.0427613	0.021038	0.0110195	0.0444482	0.00787892	0.0255218	0.0385395	0.389238	0.0611355	0.0238748	0.00599674	0.0100504
147	0.0134746	0.00708998	0.0056897	0.00418558	0.0280497	0.00289046	0.00274509	0.248424	0.0101316	0.29143	0.236912	0.00479979	0.00212395	0.00379764	0.00924348	0.0143904	0.0114737	0.0969016	0.000830976	0.00541534
148	0.0913945	0.00855675	0.0916827	0.190411	0.00333288	0.0310382	0.0186452	0.00485512	0.106356	0.00817623	0.00294998	0.080578	0.0518488	0.0803358	0.0644584	0.132432	0.0235927	0.00680331	0.000716301	0.00183581
149	0.0282082	0.0122961	0.0170398	0.0615467	0.00257176	0.0108905	0.0245555	0.00318748	0.216227	0.00590437	0.00623523	0.0598057	0.00360169	0.078529	0.340104	0.103958	0.0177175	0.00528382	0.000608741	0.00172923
150	0.0956493	0.00643657	0.165616	0.232086	0.00265042	0.0312576	0.0286314	0.0098966	0.0979864	0.0200857	0.000677583	0.0480187	0.0154785	0.115957	0.0476432	0.0477074	0.0221606	0.0101592	0.000303474	0.00159827
151	0.00922254	0.0089125	0.00206916	0.00185586	0.0752086	0.00257189	0.00432719	0.427147	0.00292043	0.105703	0.0156443	0.00262478	0.000766934	0.00260277	0.00324463	0.00503266	0.024813	0.30139	0.000510593	0.00343159
152	0.020717	0.039794	0.00275985	0.00982077	0.265578	0.00415384	0.00462273	0.0282951	0.00643697	0.436693	0.0265477	0.00379472	0.0026545	0.00449847	0.00881197	0.00780893	0.0212001	0.0231162	0.00185064	0.0808456
153	0.0266503	0.00273439	0.010231	0.00336202	0.00190804	0.0041571	0.00847113	0.00424346	0.016458	0.017858	0.00176564	0.0047242	0.803752	0.00479819	0.0086233	0.0139031	0.0285885	0.0197428	0.00286586	0.0151631
154	0.180416	0.013632	0.0246762	0.0956053	0.0253609	0.0169758	0.0272718	0.0404511	0.162942	0.0360913	0.0191527	0.0428112	0.000665912	0.115182	0.093606	0.0454388	0.0104269	0.0447316	0.000361991	0.00420065
155	0.0209823	0.00694181	0.00201234	0.003464	0.00963478	0.00223247	0.00283074	0.294594	0.00417627	0.232766	0.224366	0.0038132	0.00111198	0.00223959	0.00732441	0.00503699	0.0104881	0.159535	0.000979702	0.00547112
156	0.419595	0.0638569	0.00157383	0.00257064	0.0038135	0.00967081	0.00275225	0.0198232	0.00248449	0.0437348	0.0111153	0.00393771	0.00112378	0.00452188	0.00392138	0.150036	0.06541	0.18812	0.00048916	0.00144953
157	0.122197	0.0151773	0.0141654	0.102197	0.015618	0.026182	0.0192945	0.0105377	0.18525	0.0239489	0.00625534	0.033671	0.00156684	0.116306	0.143964	0.13707	0.0100999	0.0139268	0.00025031	0.00232269
158	0.0623437	0.00133625	0.289157	0.312384	0.0047889	0.0111862	0.0131627	0.00285717	0.0547573	0.00658821	0.000435539	0.0546031	0.0170599	0.0665141	0.0234389	0.0405397	0.0268333	0.00743407	0.00011296	0.00446733
159	0.0925364	0.0199123	0.0356131	0.0493739	0.0014696	0.254454	0.0243116	0.0015446	0.140848	0.0021675	0.00106803	0.105429	0.00056346	0.0744502	0.0952881	0.0870056	0.00258938	0.00225015	0.00268699	0.00643826
160	0.00823585	0.00935933	0.00135997	0.00318337	0.01037	0.00172511	0.00219518	0.388999	0.00484843	0.216713	0.0269176	0.00291906	0.000479873	0.00228658	0.00602813	0.00630786	0.0128267	0.290493	0.000864329	0.00388785
161	0.00334879	0.0139874	0.00146186	0.00176098	0.201294	0.00190852	0.0806414	0.00306864	0.00376106	0.0107302	0.00192953	0.0217619	0.000888026	0.00929164	0.0242109	0.0384897	0.00350558	0.00448713	0.0045783	0.568895
162	0.227527	0.261103	0.00391698	0.00485169	0.0283122	0.0292561	0.00535765	0.00558919	0.00569229	0.0297774	0.00441795	0.00855367	0.00178496	0.0249159	0.00626507	0.163883	0.0317032	0.153196	0.00111309	0.00278404
163	0.00928356	0.0212205	0.002714	0.00414587	0.28058	0.00679098	0.0268921	0.0333477	0.00637059	0.10833	0.206367	0.00479735	0.00339569	0.00693004	0.00678552	0.00822254	0.0251604	0.0405588	0.00181324	0.196294
164	0.105387	0.0223859	0.132177	0.16017	0.00733491	0.0142992	0.0285732	0.0411064	0.0914588	0.0557699	0.00956189	0.0470207	0.00184483	0.0984418	0.0520883	0.0302178	0.0443441	0.0556263	0.000341835	0.00185016
165	0.0163795	0.0295821	0.00237826	0.00676992	0.228857	0.00684867	0.0310167	0.0410627	0.0128638	0.165558	0.119347	0.0049747	0.00311032	0.0148701	0.0121814	0.0107403	0.0344585	0.0601275	0.00410108	0.194773
166	0.0712723	0.00674208	0.0963321	0.228137	0.00117973	0.0142334	0.0151373	0.000679028	0.101272	0.0045719	0.000476123	0.0656115	0.0921084	0.0933099	0.0598846	0.121921	0.0253618	0.00119182	0.000160352	0.000418458
167	0.0349254	0.00612065	0.322392	0.113918	0.00317019	0.0290199	0.00911536	0.00583986	0.101378	0.00735162	0.00336228	0.123822	0.015905	0.034184	0.046502	0.0919072	0.0376929	0.00936246	0.00054734	0.00348445
168	0.00330365	0.00809823	0.00173477	0.000622783	0.00273893	0.00153007	0.000450027	0.451245	0.000726131	0.06744	0.0050985	0.000589777	0.000173197	0.000440482	0.00122365	0.00116088	0.00471933	0.445525	7.87331e-05	0.00310013
169	0.0441198	0.0205276	0.0448974	0.0171176	0.00475758	0.351821	0.0134287	0.0147892	0.0745387	0.0149537	0.012398	0.0409777	0.00896699	0.0154185	0.02723	0.106076	0.16013	0.016866	0.00278335	0.00820216
170	0.025646	0.00805642	0.00521122	0.0269949	0.0100307	0.00520136	0.00593917	0.0698009	0.204337	0.0360193	0.00992396	0.0397036	0.00201202	0.0735804	0.0608523	0.103973	0.138421	0.169898	0.000953761	0.00344473
171	0.0202944	0.00455631	0.00723515	0.00457327	0.00200416	0.00714326	0.0120212	0.00558474	0.0167017	0.0157346	0.00314165	0.00490522	0.772368	0.00421198	0.00713155	0.0109052	0.0539577	0.016174	0.00249186	0.0288638
172	0.0893116	0.0055741	0.0187245	0.00914681	0.00268047	0.00390527	0.0178029	0.00506638	0.586446	0.0215093	0.00344	0.00536244	0.00152217	0.0082325	0.139497	0.0237051	0.00749682	0.0328582	0.000735694	0.0169827
173	0.0356968	0.0113736	0.317775	0.0730957	0.00662998	0.0259758	0.0138555	0.0089162	0.0549952	0.0201452	0.00619092	0.0678967	0.0156255	0.0291794	0.0833682	0.156969	0.0393438	0.0164521	0.00875996	0.0077562
174	0.00401209	0.0137713	0.00161332	0.00212357	0.251086	0.00197628	0.0527293	0.00837728	0.00298992	0.0150808	0.00169942	0.0153901	0.00110093	0.00709132	0.0169589	0.0286338	0.00368193	0.0125595	0.00629348	0.55283
175	0.0178084	0.00311992	0.000893108	0.00756016	0.00378117	0.00178576	0.00624107	0.331122	0.00429798	0.402889	0.0412448	0.0106327	0.000553182	0.00122881	0.00780349	0.00262344	0.0080443	0.132607	0.00344254	0.0123218
176	0.0954677	0.0054931	0.00354455	0.0236366	0.00314321	0.0436243	0.00509022	0.0609933	0.166686	0.0256404	0.0214412	0.00617234	0.00266722	0.0247693	0.0284331	0.0963592	0.350841	0.0318437	0.000792628	0.00336081
177	0.320369	0.0253295	0.0094315	0.0241646	0.00602233	0.340261	0.00522347	0.0141503	0.00939647	0.0237496	0.00482582	0.0138831	0.00466061	0.00713204	0.00703172	0.0728911	0.06997	0.0360729	0.00134605	0.00408906
178	0.011575	0.00996374	0.00612484	0.00694716	0.00518353	0.00720685	0.0388242	0.00774474	0.00930984	0.138659	0.213844	0.00771463	0.00325259	0.124763	0.0105407	0.104509	0.176441	0.109261	0.00186399	0.00627273
179	0.0908016	0.066585	0.00451806	0.00396325	0.00267098	0.0731877	0.0413233	0.00478131	0.0820196	0.0122916	0.00952584	0.0300137	0.0019508	0.0511077	0.114626	0.181665	0.161194	0.0494037	0.000585846	0.0177846
180	0.00837989	0.00509915	0.0148817	0.00315904	0.0364247	0.00322671	0.00243232	0.0324801	0.0275167	0.523246	0.270071	0.00355534	0.00177376	0.00317697	0.00412082	0.0369082	0.00469676	0.0137826	0.000971982	0.00409639
181	0.0288574	0.013125	0.00805547	0.00530997	0.0895288	0.0382967	0.232469	0.0392348	0.007478	0.0218673	0.033872	0.180076	0.00169164	0.0237456	0.00972449	0.0255147	0.018298	0.0386636	0.00113666	0.183055
182	0.0111284	0.0308979	0.00368095	0.00676106	0.16609	0.00344223	0.00539662	0.267768	0.00908003	0.245392	0.0569787	0.00282979	0.00204672	0.0068137	0.00853967	0.00674716	0.0135035	0.136279	0.00246971	0.0141543
183	0.0480058	0.00179839	0.261543	0.272396	0.0067659	0.0145589	0.0133634	0.00132029	0.0574326	0.00281452	0.000546009	0.0850473	0.0324916	0.0588494	0.0288243	0.0606288	0.0445669	0.00622846	0.000168804	0.00264963
184	0.129495	0.00538925	0.0269039	0.00517031	0.0892992	0.0318219	0.163755	0.0615784	0.00619774	0.0748996	0.0106193	0.0420117	0.00210897	0.00822333	0.00727407	0.0847023	0.0122781	0.0420458	0.0010319	0.195195
185	0.0120319	0.0393735	0.218287	0.0381397	0.00506955	0.0408865	0.373777	0.0389915	0.00927271	0.00979839	0.00585642	0.0412415	0.00293856	0.00773196	0.0105147	0.112404	0.0131524	0.0133615	0.00150289	0.00566932
186	0.0840247	0.00562441	0.0756064	0.15581	0.00120703	0.0158038	0.00938093	0.00138718	0.0819328	0.00716275	0.000971456	0.0460738	0.255819	0.064343	0.0524848	0.11976	0.0189693	0.00209235	0.000720814	0.000825845
187	0.00393406	0.00450307	0.00224611	0.00250118	0.00172857	0.0131505	0.00624409	0.00240119	0.0217498	0.00540377	0.00192858	0.0346927	0.00161406	0.0070121	0.00683787	0.494128	0.382772	0.00485546	0.000472251	0.00182463
188	0.358104	0.0324216	0.00387455	0.00924576	0.00389569	0.0150859	0.00542967	0.00583917	0.0079992	0.0125883	0.00378201	0.00623546	0.00142244	0.0201502	0.00853184	0.290202	0.120473	0.091775	0.000500623	0.00244378
189	0.0198669	0.00304427	0.00160594	0.0346035	0.00377564	0.0028957	0.0019846	0.0706603	0.28613	0.028095	0.00705425	0.0232351	0.00173806	0.067243	0.0583801	0.067435	0.146856	0.173324	0.000531983	0.00154111
190	0.00411581	0.00921441	0.00342756	0.00105821	0.00246001	0.00223939	0.000645595	0.431204	0.00128681	0.0504292	0.0026282	0.000759985	0.000255073	0.00069319	0.00161668	0.00180491	0.0052534	0.477466	8.60281e-05	0.00335623
191	0.0575284	0.00464547	0.103264	0.0409004	0.00260598	0.428488	0.0136073	0.00187315	0.0585068	0.00310775	0.003258	0.114891	0.0032386	0.0285317	0.0249198	0.0849473	0.0160125	0.00249958	0.00354849	0.00362627
