517	20
1	0.0116713	0.00676268	0.000952034	0.0028637	0.0381117	0.00129152	0.000963281	0.206054	0.00352834	0.478162	0.138621	0.00218432	0.000465452	0.00658746	0.000864525	0.00567369	0.0171044	0.066115	0.000683799	0.01134
2	0.560516	0.00991082	0.000968649	0.00141074	0.000976769	0.321212	0.00110689	0.00276423	0.00155465	0.0118487	0.00374931	0.00267901	0.000769189	0.00240955	0.0165763	0.0384871	0.00958437	0.0115561	0.000906748	0.00101351
3	0.0295399	0.0193593	0.00104777	0.00136995	0.00843041	0.00135267	0.00221569	0.312803	0.0021222	0.0679518	0.0230155	0.00908025	0.000594726	0.0107927	0.00376179	0.0135767	0.0357707	0.453621	0.000616592	0.00297692
4	0.00906042	0.00902193	0.000845744	0.00514182	0.0772543	0.00164437	0.00156277	0.0724905	0.00104242	0.56112	0.190432	0.00131568	0.000380247	0.00147311	0.000916307	0.00610459	0.00877851	0.0219585	0.000210796	0.0292469
5	0.140807	0.0690485	0.00896969	0.0123553	0.00923685	0.0195635	0.00911154	0.0860802	0.0194174	0.0387447	0.0312111	0.0167472	0.00550058	0.0158359	0.0121667	0.121781	0.184264	0.186579	0.00248588	0.0100934
6	0.196964	0.1175	0.0154981	0.00832253	0.00384416	0.0129706	0.00613719	0.0142931	0.0104561	0.00946112	0.00917023	0.0109456	0.0951406	0.015507	0.00926071	0.322939	0.0848511	0.0466288	0.00327732	0.00683281
7	0.0911531	0.00436475	0.00366577	0.00249135	0.00178211	0.812824	0.00244547	0.00135688	0.00640824	0.00322937	0.00309194	0.00824292	0.00191335	0.00299226	0.00427314	0.0287044	0.00958761	0.00652744	0.000980892	0.00396513
8	0.0129554	0.00101409	0.00286256	0.00120554	0.00110309	0.918707	0.00189611	0.000810425	0.0068309	0.00149977	0.00294365	0.00540793	0.00173924	0.0022254	0.00211503	0.0244454	0.00460253	0.0026252	0.000912025	0.00409861
9	0.0532079	0.0435827	0.00321037	0.00495387	0.0157009	0.0123555	0.00918806	0.203231	0.0135898	0.143466	0.153304	0.0159779	0.00348687	0.0142078	0.00885383	0.0354511	0.0572059	0.19862	0.00114791	0.00925927
10	0.0643187	0.0622211	0.0436245	0.0328791	0.0160565	0.0384372	0.0370421	0.0240339	0.0568274	0.0294926	0.0206379	0.155252	0.00739293	0.0720443	0.085084	0.148312	0.0619211	0.0292041	0.00278387	0.0124346
11	0.489142	0.00955748	0.00139166	0.00902559	0.00127743	0.142012	0.00196928	0.00381529	0.00272587	0.00689964	0.0116981	0.0107411	0.0686639	0.00585051	0.00196757	0.190581	0.0222804	0.0186069	0.000555274	0.0012392
12	0.467168	0.07185	0.00298715	0.00296381	0.0135291	0.0297816	0.00342362	0.0212997	0.00478865	0.00502071	0.00796491	0.0220267	0.00446339	0.00362119	0.0299246	0.0140282	0.122129	0.169312	0.00124054	0.00247717
13	0.0138499	0.0134002	0.00061204	0.00137356	0.014018	0.00161651	0.000874179	0.276672	0.00202043	0.24856	0.0464242	0.00206629	0.00071271	0.00591797	0.00168051	0.00395132	0.0200095	0.34346	0.000237085	0.00254399
14	0.0127779	0.00581196	0.00686279	0.00915957	0.00406345	0.0080027	0.0371928	0.0122602	0.0959071	0.0177341	0.0247898	0.013258	0.00807848	0.0315579	0.613458	0.0167741	0.044363	0.0108127	0.00564617	0.0214893
15	0.445399	0.021022	0.00585003	0.00840535	0.00611622	0.0281463	0.020991	0.0175317	0.0099788	0.0226735	0.00901991	0.00836571	0.00919841	0.012576	0.00917271	0.278266	0.0568311	0.0244767	0.00153324	0.00444584
16	0.010894	0.0069553	0.00780997	0.0136021	0.00474793	0.00528889	0.032322	0.0233249	0.10993	0.0316454	0.0287369	0.0147954	0.00753586	0.0389194	0.57871	0.0133089	0.0296243	0.019882	0.0048866	0.0170803
17	0.109405	0.0226588	0.0127489	0.0242633	0.00443873	0.0162601	0.0111517	0.0996401	0.0331429	0.0337741	0.0432212	0.0227154	0.00353999	0.0377617	0.0104416	0.178453	0.202368	0.118702	0.000706863	0.0146072
18	0.441787	0.0115211	0.00110824	0.0037179	0.00100675	0.287562	0.00113061	0.00328723	0.00129639	0.0119842	0.0123154	0.00844288	0.0189944	0.00508449	0.00546536	0.131034	0.0315319	0.020887	0.000613649	0.00123012
19	0.012123	0.00580102	0.000804683	0.000859632	0.0104316	0.00110961	0.00105687	0.264691	0.00542036	0.451016	0.0984579	0.00205442	0.000540496	0.0108859	0.000817364	0.00504631	0.0243999	0.102283	0.000136209	0.00206439
20	0.0317036	0.00315763	0.0153643	0.00990041	0.210571	0.00255944	0.166779	0.0035374	0.00316445	0.022889	0.00715217	0.00726699	0.0217509	0.0215252	0.0252171	0.0429968	0.0170816	0.0129575	0.00440802	0.370018
21	0.0328022	0.0294961	0.00777234	0.0283587	0.0226618	0.00680256	0.0199189	0.0633431	0.145409	0.124619	0.0644819	0.0383459	0.000766053	0.0652098	0.157383	0.0344218	0.0455573	0.0901733	0.00125081	0.0212274
22	0.0300154	0.00332831	0.0815377	0.0537897	0.00359817	0.300319	0.0423974	0.0021429	0.18798	0.00654074	0.00319032	0.102852	0.00362666	0.0280322	0.0613804	0.0568172	0.0243811	0.00311416	0.000516537	0.00443963
23	0.300203	0.106301	0.00243679	0.00221729	0.0463835	0.0278604	0.00987574	0.104184	0.00951359	0.0806848	0.0571367	0.00472708	0.00188449	0.00247124	0.00214939	0.0939413	0.0211317	0.0979025	0.00127337	0.0277226
24	0.0485919	0.00487291	0.0703335	0.0805918	0.000942959	0.0323669	0.0363126	0.00588668	0.204904	0.0204127	0.0127159	0.0694017	0.0106322	0.0977194	0.190863	0.0562469	0.046618	0.00476829	0.000291289	0.0055274
25	0.10265	0.0479837	0.00235616	0.00289738	0.013799	0.00496253	0.00315312	0.125035	0.00338324	0.0212804	0.100939	0.00549351	0.0642185	0.00360878	0.00273002	0.0253876	0.0213321	0.444054	0.000797771	0.00393807
26	0.00606975	0.00921705	0.00111931	0.00132496	0.614648	0.00499929	0.0064971	0.00568528	0.00135532	0.0630947	0.00870123	0.00841837	0.000581245	0.00131958	0.00138742	0.00543983	0.00705343	0.00556205	0.0182061	0.22932
27	0.0388442	0.00270816	0.164836	0.198656	0.00415472	0.0105678	0.0258457	0.0121462	0.11897	0.0100284	0.00784692	0.135867	0.00263169	0.132134	0.0331109	0.0492924	0.0378199	0.0103324	0.000506894	0.00370076
28	0.0081537	0.000475824	0.00248762	0.00073946	0.000796118	0.937576	0.00172609	0.000534864	0.00683168	0.000810104	0.00233443	0.00425785	0.000608639	0.00190055	0.00169099	0.018926	0.00364873	0.0019562	0.000912174	0.00363349
29	0.00830354	0.00995334	0.00336776	0.00923803	0.458237	0.0043314	0.0263508	0.0164181	0.00325619	0.0567985	0.010903	0.013439	0.00936479	0.00476528	0.00632985	0.0116352	0.0198293	0.0152359	0.105575	0.206668
30	0.088775	0.0021997	0.108351	0.226802	0.00350707	0.0229373	0.0306008	0.0138692	0.111844	0.016955	0.0185357	0.0699325	0.00435654	0.0988377	0.0421324	0.0622428	0.051764	0.0215232	0.000177183	0.00465699
31	0.00930784	0.000616213	0.00301215	0.000971767	0.000847469	0.932646	0.00186855	0.000539726	0.00708135	0.000923401	0.00232153	0.0054824	0.000660694	0.00208362	0.00203242	0.0192466	0.00375995	0.00199226	0.000875317	0.00373031
32	0.0115475	0.00794957	0.000864138	0.00410045	0.063847	0.00164929	0.00162343	0.0855918	0.00166501	0.577451	0.175282	0.00142657	0.00040647	0.0025369	0.00100431	0.00558704	0.0101432	0.0246399	0.00019846	0.0224864
33	0.0232796	0.0263031	0.000549764	0.00142093	0.0108233	0.00129553	0.000931489	0.30016	0.000848816	0.0839579	0.0189138	0.00391247	0.000914267	0.00491246	0.00282188	0.00635881	0.0262823	0.483567	0.000222685	0.00252384
34	0.0512358	0.00178348	0.11082	0.130253	0.00153495	0.0227556	0.0297879	0.00870395	0.177321	0.0175929	0.0101557	0.0913398	0.0075792	0.109381	0.120713	0.0537748	0.0441606	0.00655431	0.000268848	0.00428404
35	0.0755991	0.00547716	0.204728	0.210499	0.00644784	0.0410255	0.0383318	0.0128082	0.0747295	0.0154068	0.00255957	0.0489822	0.00242095	0.0757636	0.0121017	0.102607	0.048963	0.0127689	0.000192596	0.00858762
36	0.0152571	0.0284831	0.341615	0.0426146	0.00663165	0.0341118	0.0207502	0.00497828	0.0127429	0.017397	0.00912595	0.115023	0.00266897	0.0109065	0.0213716	0.182348	0.117158	0.00508552	0.000780884	0.0109495
37	0.145166	0.0417064	0.00242301	0.00317067	0.0140217	0.0108736	0.00488219	0.178215	0.00591673	0.0583442	0.0501399	0.0118576	0.0122074	0.00802604	0.00640156	0.0447683	0.0550215	0.338456	0.00118565	0.00721683
38	0.135984	0.0252073	0.00759638	0.021541	0.00556424	0.0639016	0.0101428	0.043163	0.0263451	0.0275541	0.0255262	0.0413834	0.00276934	0.0297731	0.0379965	0.285501	0.145892	0.0588464	0.000339783	0.00497277
39	0.0425267	0.0147363	0.0517557	0.021946	0.0155938	0.355016	0.0240886	0.00329394	0.0172026	0.0219163	0.0126419	0.187144	0.014715	0.0178951	0.0209099	0.113144	0.0459842	0.0051841	0.00112589	0.0131805
40	0.0181461	0.00672981	0.00833052	0.0151669	0.169096	0.00409114	0.0207743	0.113052	0.0100049	0.166823	0.0664233	0.0148248	0.00268026	0.013885	0.027219	0.0157498	0.0608299	0.0589959	0.0681096	0.139069
41	0.0144992	0.00568109	0.000796815	0.000983155	0.0122956	0.00129422	0.00126457	0.235	0.00497607	0.473818	0.11076	0.00221701	0.000645138	0.0123714	0.000942419	0.00719811	0.0251745	0.0870699	0.000143272	0.00286974
42	0.076896	0.0295081	0.0382531	0.0233489	0.00740949	0.120962	0.117269	0.0116473	0.046854	0.0114356	0.0120717	0.0782725	0.00621714	0.0962739	0.0213309	0.213754	0.0505003	0.0296963	0.00162647	0.00667384
43	0.0264753	0.0181073	0.00973005	0.0479802	0.0152641	0.00614452	0.0191202	0.0580402	0.149496	0.130551	0.0594199	0.032261	0.0006373	0.073374	0.186725	0.0305172	0.037041	0.0828511	0.00221433	0.0140508
44	0.0135155	0.00106602	0.00285658	0.00114899	0.000947998	0.91518	0.00198187	0.0007955	0.00696529	0.00109942	0.00270183	0.0050139	0.0012396	0.00225715	0.00232673	0.0284964	0.00530455	0.00233433	0.000897382	0.00387083
45	0.00854706	0.000469165	0.00234451	0.000612446	0.000697486	0.937676	0.00169382	0.000527769	0.00680229	0.000793791	0.00230123	0.00420226	0.000537124	0.00185796	0.00168425	0.0191546	0.00361924	0.00199712	0.000899985	0.0035821
46	0.0567273	0.0197012	0.0168266	0.00591437	0.00228214	0.0165664	0.00464839	0.0102468	0.0198831	0.00786761	0.00634346	0.0156252	0.00213499	0.00607444	0.00935178	0.332454	0.442889	0.0208443	0.000832669	0.00278696
47	0.0407138	0.00407474	0.00538858	0.00545839	0.0179812	0.00143402	0.00311163	0.451912	0.00925852	0.0872334	0.0494016	0.0212575	0.00143862	0.00644596	0.00327447	0.0334335	0.0390072	0.205789	0.00427751	0.00910744
48	0.0143614	0.00886044	0.0010989	0.00408285	0.0188796	0.00145164	0.0021178	0.371179	0.00475834	0.290356	0.0681348	0.00312532	0.00131869	0.00775877	0.00213927	0.00778959	0.0230965	0.16131	0.00143276	0.00674911
49	0.00854978	0.000493555	0.00250459	0.000652044	0.000770758	0.937084	0.00176041	0.000568128	0.00682628	0.000804725	0.00232	0.0041561	0.000610135	0.00186022	0.00178795	0.019129	0.00365637	0.00196498	0.000906425	0.00359406
50	0.0199849	0.00680264	0.0186526	0.00263262	0.00175795	0.00490164	0.00291732	0.00319533	0.0279639	0.00348674	0.00359491	0.00541248	0.000897006	0.00337456	0.0101535	0.285487	0.586251	0.0103356	0.000428858	0.00176882
51	0.333245	0.0187669	0.0150868	0.0222192	0.0229494	0.0518953	0.0120455	0.0222982	0.0491974	0.0135087	0.0182071	0.0371585	0.00442416	0.0488702	0.0463895	0.211722	0.044689	0.0180307	0.00128463	0.00801217
52	0.0352705	0.0146323	0.0625091	0.0553625	0.00598209	0.0233106	0.0409933	0.0124708	0.144413	0.0254911	0.0182495	0.0611759	0.00674658	0.087009	0.289279	0.0547293	0.0362095	0.0104913	0.00180356	0.0138706
53	0.0940235	0.162273	0.00735178	0.00439749	0.00531073	0.0322763	0.00356236	0.00927141	0.00587017	0.0103885	0.00758238	0.00838768	0.00443806	0.00521754	0.00532619	0.514383	0.097029	0.0185842	0.000877513	0.00344958
54	0.0866013	0.00452536	0.0331422	0.00512051	0.00362093	0.004527	0.00460698	0.00459059	0.430442	0.0337062	0.123763	0.0355319	0.0566426	0.0797073	0.0216861	0.0534246	0.00835775	0.0056779	0.00105001	0.00327559
55	0.114345	0.00239734	0.0897767	0.437839	0.00248067	0.0121701	0.00393268	0.0026451	0.0286398	0.00378116	0.00279299	0.00340235	0.0715199	0.0217277	0.00311583	0.117604	0.0230126	0.0289668	0.0195421	0.0103087
56	0.0178386	0.013669	0.00552805	0.00739109	0.408589	0.00558641	0.0146016	0.0420911	0.0083642	0.170887	0.055315	0.0124919	0.00415889	0.0090542	0.0102794	0.0152067	0.0176729	0.0280372	0.0204601	0.132778
57	0.00349268	0.00212227	0.00297578	0.00234415	0.00139775	0.0021479	0.0396074	0.0110103	0.0902187	0.0117374	0.0267473	0.00280044	0.0106767	0.0303017	0.697299	0.00470362	0.027574	0.00424905	0.00645642	0.0221376
58	0.0924294	0.00475264	0.0910536	0.165483	0.00590253	0.0365916	0.0400358	0.00556323	0.0861792	0.0106491	0.00687112	0.095771	0.00123206	0.0593918	0.0289986	0.129109	0.124012	0.0140857	0.000232183	0.00165619
59	0.00348439	0.00212374	0.00282401	0.002332	0.0013545	0.0021543	0.0393289	0.0110117	0.0904476	0.011695	0.0264781	0.0027573	0.0106675	0.0300236	0.69828	0.00459981	0.0274824	0.00423665	0.00649792	0.0222207
60	0.113602	0.002438	0.0902398	0.437012	0.00248501	0.011429	0.00378996	0.00262978	0.0286546	0.00365015	0.00278494	0.00310425	0.0737772	0.0216928	0.00308368	0.118138	0.0212978	0.0292975	0.0203793	0.0105139
61	0.0342926	0.00743343	0.0139983	0.0134975	0.00689781	0.682488	0.0120245	0.00688606	0.018559	0.0138863	0.0218162	0.0314631	0.00580975	0.0321091	0.0135711	0.0440374	0.0180591	0.0115072	0.00156468	0.0100991
62	0.0177773	0.00940848	0.0101148	0.0179008	0.0116634	0.00812387	0.0359935	0.0218874	0.100382	0.0568689	0.0304092	0.0217921	0.00660649	0.0377689	0.512971	0.0229426	0.0331644	0.0186801	0.0045666	0.0209776
63	0.0294029	0.0215548	0.00736989	0.0329131	0.0155005	0.00578077	0.0175092	0.0675522	0.153891	0.12654	0.0622613	0.0362819	0.000326977	0.0645794	0.175784	0.0296675	0.0428383	0.0965308	0.00169342	0.0120219
64	0.0388319	0.0174141	0.0226854	0.0131585	0.00333415	0.00966056	0.0125065	0.00492578	0.318925	0.0325586	0.0175867	0.0299454	0.00357755	0.182136	0.173372	0.06438	0.0445656	0.00557855	0.000891067	0.00396701
65	0.561559	0.0094212	0.000970004	0.0016324	0.00101885	0.305126	0.00114733	0.00303204	0.00159842	0.0112632	0.00450266	0.00334502	0.00360276	0.00275548	0.0147799	0.0491108	0.0106648	0.0126545	0.000840235	0.000975672
66	0.476133	0.0885656	0.00308467	0.00297023	0.0103231	0.0265106	0.00274659	0.0215507	0.0034307	0.0050075	0.00932026	0.0170026	0.00629892	0.00332522	0.0222869	0.0220862	0.105767	0.168609	0.00205321	0.0029278
67	0.0754967	0.0361762	0.0120506	0.039686	0.0777076	0.0299673	0.10372	0.0072436	0.116314	0.0663078	0.0215996	0.0457294	0.0015684	0.0361767	0.0678135	0.0453832	0.01845	0.00507024	0.00276112	0.190778
68	0.0336819	0.0192385	0.0180454	0.0233087	0.0329197	0.00488633	0.343007	0.0376951	0.0155872	0.0326227	0.0102164	0.208203	0.00193454	0.0139998	0.0375548	0.0402329	0.0346104	0.0274718	0.00578697	0.0589975
69	0.00914238	0.00813929	0.000791282	0.00446969	0.0702858	0.0015414	0.00133224	0.0763322	0.00123023	0.57994	0.182239	0.00126012	0.000377193	0.00154244	0.000933542	0.00517275	0.00871955	0.0215009	0.000217729	0.0248324
70	0.0201527	0.0110067	0.000448685	0.00195839	0.0201843	0.000994884	0.000439233	0.380577	0.000543347	0.122969	0.0238827	0.00187392	0.00111122	0.00185035	0.000890996	0.00336207	0.0136936	0.391233	0.000260279	0.00256676
71	0.0443661	0.00231936	0.0510897	0.167182	0.00977596	0.00773598	0.0507743	0.0554212	0.111707	0.0570841	0.0463963	0.0381967	0.000406454	0.100053	0.0616494	0.0591466	0.0626692	0.056726	0.000207491	0.0170934
72	0.0472043	0.0185292	0.016997	0.023214	0.0255532	0.0139394	0.123709	0.00414944	0.184871	0.0786289	0.0180525	0.145711	0.00507936	0.0299114	0.187664	0.0454325	0.0100632	0.00471398	0.00697726	0.00959992
73	0.0371161	0.0182757	0.0457855	0.0476462	0.00362359	0.151283	0.0360338	0.00433606	0.148606	0.0174334	0.00815477	0.0962368	0.00530437	0.0776876	0.187326	0.0706151	0.0322001	0.00648421	0.000423756	0.00542791
74	0.0246964	0.0143464	0.00154705	0.00291764	0.0168331	0.00150465	0.00158538	0.390709	0.00245527	0.104567	0.0306037	0.00544905	0.00220647	0.00459097	0.00244775	0.0102712	0.0234051	0.355011	0.000910768	0.00394224
75	0.0150101	0.00762431	0.120397	0.00532262	0.0126082	0.0945891	0.0125977	0.0079501	0.017915	0.00621922	0.00414706	0.294599	0.00236753	0.00319676	0.00557888	0.231421	0.152674	0.00316005	0.00059778	0.00202393
76	0.0692987	0.0348114	0.0403589	0.0328614	0.00888095	0.0413425	0.0724831	0.00972322	0.100624	0.0252499	0.0192241	0.129041	0.00478239	0.0532536	0.17056	0.123685	0.0364095	0.0111936	0.00728169	0.00893528
77	0.0138069	0.00877321	0.0010024	0.00344513	0.0160097	0.00100428	0.00154313	0.370748	0.00391507	0.310573	0.0643899	0.00298543	0.0011641	0.00705667	0.00157788	0.00816143	0.0236982	0.151912	0.0022786	0.00595514
78	0.0278653	0.0302163	0.000679888	0.00167504	0.0114126	0.00121941	0.000894277	0.319682	0.000976222	0.0809879	0.0243511	0.00381576	0.00204561	0.00446409	0.00228094	0.00724848	0.027092	0.449527	0.000336167	0.00322987
79	0.15703	0.0679179	0.00148849	0.00156996	0.0262817	0.0232656	0.00412387	0.156776	0.00549255	0.058094	0.0521205	0.00739058	0.00961701	0.00363451	0.00278511	0.0534274	0.0311582	0.323572	0.0010764	0.013178
80	0.0214539	0.0453476	0.00115157	0.00309801	0.0158604	0.00269469	0.00215814	0.403304	0.00216949	0.108905	0.0332126	0.00393143	0.00233639	0.00470165	0.00233909	0.00820169	0.0226751	0.309689	0.00114786	0.00562236
81	0.0111413	0.000464554	0.00251495	0.000761925	0.000731183	0.934504	0.00178381	0.000544243	0.00727363	0.000738709	0.00227224	0.00387425	0.000515776	0.00177023	0.00189464	0.0190289	0.00368186	0.00203158	0.000901347	0.00357058
82	0.0122072	0.000740772	0.00247021	0.000800209	0.000849666	0.926654	0.00192389	0.000574518	0.0071705	0.00090801	0.00248202	0.00455035	0.00149124	0.00226009	0.0020022	0.0218171	0.00430972	0.00226403	0.000917518	0.00360667
83	0.0223504	0.0137153	0.383114	0.150425	0.0163143	0.0179475	0.0302204	0.00757768	0.046318	0.00940341	0.00855631	0.106284	0.00170513	0.0457311	0.0151584	0.068693	0.0364165	0.00721152	0.000507746	0.0123508
84	0.00938578	0.000617846	0.00249779	0.000967885	0.000851872	0.932382	0.00204585	0.00071873	0.00717611	0.00096199	0.00260329	0.00395703	0.000558361	0.00215823	0.0019894	0.0203399	0.00395765	0.00215516	0.000905523	0.00376988
85	0.0561566	0.0228312	0.00912652	0.00447994	0.00278509	0.015454	0.00437939	0.00663761	0.011755	0.00805405	0.00821769	0.00800015	0.00235829	0.00630114	0.00661202	0.496096	0.313295	0.0147239	0.000405651	0.00233075
86	0.0109763	0.00874626	0.00089824	0.00395737	0.0556349	0.00202912	0.00227053	0.113987	0.00221834	0.540593	0.162032	0.00212605	0.00059056	0.00436913	0.00186244	0.00604357	0.013942	0.0467461	0.000495957	0.0204808
87	0.0549465	0.013318	0.032027	0.0669652	0.00921844	0.0253446	0.02585	0.0311334	0.0710045	0.0304958	0.045758	0.0461768	0.00376273	0.0449408	0.0852241	0.153708	0.204944	0.0393049	0.00186302	0.0140139
88	0.332139	0.00673178	0.00196219	0.00271943	0.000996506	0.523374	0.00218575	0.00307549	0.00353829	0.00784737	0.00589064	0.0060946	0.00608246	0.00383952	0.00751838	0.0597894	0.0121999	0.0102953	0.0010914	0.00262909
89	0.0810282	0.0220273	0.00372476	0.00647957	0.0195327	0.0111484	0.00862734	0.171535	0.0154371	0.250818	0.13025	0.0161409	0.00150858	0.0164247	0.00941557	0.0441305	0.0492843	0.127546	0.00143183	0.0135094
90	0.00937403	0.0147436	0.431046	0.120692	0.0278286	0.0152984	0.0532915	0.00651921	0.0175251	0.00871447	0.00972772	0.115972	0.000992159	0.0374318	0.00696312	0.0669825	0.033218	0.00831245	0.000656701	0.0147116
91	0.0216946	0.014469	0.00423054	0.0380357	0.0036646	0.00346622	0.0164553	0.267655	0.0570632	0.186085	0.0277412	0.00703007	0.0014417	0.061581	0.0511553	0.0117911	0.0936401	0.126383	0.00105554	0.00536257
92	0.005868	0.0102893	0.00208127	0.00279422	0.433102	0.00284012	0.00977967	0.0396218	0.00163269	0.253818	0.0543868	0.0051821	0.000619359	0.00431405	0.00234857	0.0067925	0.0103544	0.0193344	0.0152507	0.11959
93	0.00500973	0.00355789	0.00467512	0.00498686	0.00172364	0.00439632	0.0369962	0.0101112	0.109073	0.0117097	0.0243814	0.00637268	0.00976204	0.0333981	0.667162	0.00649148	0.0265971	0.00411925	0.00607523	0.0234008
94	0.113276	0.00907775	0.0496985	0.10035	0.00788958	0.0496729	0.0346847	0.0169781	0.0761261	0.0171729	0.0140666	0.0991861	0.00229321	0.0664971	0.0512249	0.159647	0.112034	0.0188468	0.00021649	0.00106267
95	0.0114668	0.0128671	0.373783	0.303961	0.0260147	0.0128273	0.0270074	0.00736373	0.014803	0.0091921	0.00870881	0.0621293	0.00127589	0.0256052	0.00878268	0.0547874	0.0191215	0.00711529	0.000620785	0.0125663
96	0.0347004	0.016898	0.0146745	0.0266619	0.14569	0.0172276	0.0392718	0.055323	0.0209565	0.0617569	0.023387	0.0351118	0.0179302	0.0157381	0.0386738	0.0394231	0.0417347	0.0444825	0.212431	0.0979276
97	0.0990711	0.0146423	0.00346306	0.0280955	0.00280129	0.127386	0.0264589	0.0037974	0.0868504	0.00511761	0.00354332	0.0319317	0.268607	0.0684684	0.0401375	0.126442	0.0469128	0.0128425	0.000901637	0.00252985
98	0.0095624	0.00470587	0.154257	0.167493	0.00420756	0.195968	0.0065199	0.00580804	0.0197856	0.0193367	0.00418991	0.0360183	0.00212802	0.021004	0.0170683	0.273328	0.0211609	0.0184207	0.00107741	0.0179609
99	0.0243527	0.0131479	0.0145361	0.0183363	0.125396	0.00506804	0.225425	0.0628841	0.01103	0.19878	0.0207212	0.0516482	0.00231871	0.0151999	0.0194635	0.0281354	0.0264516	0.0393354	0.0102013	0.0875688
100	0.0107369	0.0112717	0.000529201	0.00196224	0.0154918	0.00244886	0.000730398	0.29928	0.00126751	0.288642	0.0420043	0.00128776	0.00152942	0.00321954	0.000881146	0.00269407	0.0148035	0.29802	0.000226459	0.00297302
101	0.121194	0.00232268	0.137986	0.261708	0.0019061	0.0228581	0.0185065	0.00582444	0.0986335	0.00725801	0.0110033	0.0750236	0.00515767	0.098367	0.0140041	0.0581581	0.0414386	0.0165358	0.000203345	0.00191192
102	0.0355017	0.00182133	0.141081	0.549677	0.0060743	0.00488067	0.0203828	0.0143549	0.034121	0.00917307	0.00199604	0.0119117	0.00172964	0.0721626	0.0156939	0.04718	0.0162297	0.00848775	0.000335041	0.00720515
103	0.0124574	0.00912652	0.00778762	0.0087022	0.177229	0.00321237	0.0604255	0.0697342	0.00751421	0.330275	0.0539297	0.0125902	0.00259262	0.0156669	0.011015	0.0156576	0.0198	0.046126	0.0135022	0.122656
104	0.070857	0.0036032	0.00289029	0.0198924	0.0382528	0.00313858	0.0142719	0.125213	0.0247933	0.225736	0.01744	0.00447521	0.00128899	0.0441763	0.0142063	0.0230194	0.00886799	0.344481	0.000896674	0.0124997
105	0.0398019	0.0125805	0.0213006	0.0322736	0.0366031	0.00249382	0.357181	0.0367843	0.00551259	0.042406	0.00468902	0.131962	0.00117502	0.00646319	0.0339205	0.0476429	0.0332691	0.0487407	0.00181232	0.103389
106	0.0359167	0.0127134	0.0037116	0.00720185	0.0226706	0.00553015	0.00669433	0.264811	0.011788	0.288423	0.0879655	0.0100079	0.00216528	0.0132547	0.00829702	0.0314098	0.0344983	0.137763	0.00295006	0.0122282
107	0.0227955	0.00419448	0.0361587	0.0247409	0.0390587	0.00538046	0.206701	0.0266595	0.0728664	0.0211249	0.0356775	0.159091	0.00177491	0.0635906	0.0841796	0.0602766	0.0634128	0.00645456	0.00341369	0.0624483
108	0.014013	0.0116827	0.000550575	0.00250136	0.020168	0.00118871	0.000537478	0.439707	0.000797983	0.150352	0.0308278	0.00165535	0.0013852	0.00212692	0.000816547	0.00393754	0.0126362	0.299817	0.000750667	0.00454852
109	0.340357	0.07017	0.00245818	0.00260562	0.0095138	0.0171372	0.00267033	0.0513402	0.00311838	0.0107931	0.04015	0.0106867	0.0263538	0.00311649	0.0132904	0.0266014	0.0784573	0.286008	0.00177862	0.0033935
110	0.011074	0.000632139	0.00320899	0.00257381	0.000803721	0.927424	0.00198526	0.000564939	0.00719893	0.00105294	0.00239359	0.0049856	0.000938889	0.00228516	0.00208979	0.0201369	0.00382174	0.0021735	0.000908906	0.00374684
111	0.013406	0.00534921	0.000698294	0.000867566	0.0123328	0.00105098	0.00109533	0.227503	0.00485444	0.497546	0.107315	0.0018501	0.000623271	0.0104976	0.00081564	0.00509667	0.0240779	0.0826682	0.000139481	0.00221284
112	0.0236185	0.0166745	0.000903678	0.00257872	0.0172052	0.00313377	0.00237145	0.322981	0.00399808	0.190268	0.0692557	0.00611873	0.0019352	0.0074884	0.00315355	0.0100942	0.0249784	0.288178	0.000745228	0.00432043
113	0.442483	0.027195	0.00320096	0.00469658	0.00390268	0.267481	0.00302944	0.0112637	0.00382623	0.0151277	0.0106335	0.0102054	0.00814762	0.00544612	0.0111944	0.0963979	0.0387873	0.0323326	0.00118091	0.00346834
114	0.167035	0.0286191	0.0198745	0.0299066	0.00980786	0.0380523	0.0187536	0.0225549	0.0454896	0.021154	0.0200288	0.0364994	0.0136439	0.0367999	0.0683301	0.306857	0.07696	0.0279074	0.00265603	0.0090705
115	0.0208248	0.0110871	0.00167641	0.00451886	0.0295014	0.00177667	0.00260578	0.428705	0.00332271	0.132881	0.0374055	0.00495291	0.00216628	0.00329737	0.00259268	0.0115043	0.0197693	0.267437	0.00382814	0.0101458
116	0.0163704	0.0138992	0.368228	0.182723	0.0336524	0.0204028	0.051675	0.00872154	0.0233791	0.0116925	0.0110368	0.0902699	0.00222198	0.0321647	0.0118719	0.0624452	0.0287938	0.0103789	0.000795445	0.0192774
117	0.0565245	0.0178774	0.0743167	0.0402149	0.0138353	0.0654544	0.0449733	0.0204328	0.0446738	0.0184296	0.0145373	0.237819	0.00625551	0.0293464	0.0383726	0.156617	0.0848909	0.0192137	0.00379376	0.0124211
118	0.0305501	0.0131529	0.376122	0.14714	0.0167276	0.0220583	0.0454204	0.00964983	0.0335768	0.0122593	0.00894608	0.0729321	0.00373074	0.0424265	0.0125677	0.0880007	0.0428018	0.00994399	0.000561316	0.0114316
119	0.00918783	0.0101547	0.00104126	0.00496943	0.0929976	0.0018331	0.00331078	0.0733877	0.00126048	0.533475	0.192169	0.00159456	0.000614566	0.00187747	0.00116166	0.00623562	0.0090894	0.022412	0.000987113	0.0322413
120	0.275456	0.131117	0.00782327	0.00485986	0.009143	0.0145782	0.00479005	0.0509267	0.00551671	0.0178656	0.0135483	0.00714431	0.0319283	0.00734132	0.00478268	0.223643	0.083448	0.0703523	0.0158691	0.0198652
121	0.0795208	0.0667308	0.00798729	0.029873	0.00574197	0.20018	0.00670618	0.0166606	0.0116529	0.0340104	0.048655	0.0127212	0.0026101	0.0126813	0.0091779	0.261653	0.159964	0.0241788	0.00154682	0.0077472
122	0.0330571	0.0180644	0.0436078	0.0077269	0.00307378	0.0125154	0.0047738	0.0048131	0.0234166	0.0049688	0.00524252	0.0253672	0.00166921	0.00490947	0.00923607	0.303066	0.478647	0.0122292	0.000517496	0.00309758
123	0.0461827	0.00841152	0.195355	0.117631	0.0123995	0.0199551	0.0289428	0.0437168	0.112722	0.0316159	0.0205761	0.0753032	0.0153223	0.0733525	0.0445186	0.0645282	0.0455989	0.0279293	0.00129792	0.0146402
124	0.0698565	0.019103	0.00154109	0.00168646	0.012148	0.0110869	0.00802209	0.133967	0.0138321	0.158006	0.242646	0.0259568	0.00119144	0.0129594	0.00384243	0.0483389	0.0435695	0.182561	0.000644476	0.00904084
125	0.0441432	0.0157184	0.0124257	0.00335392	0.00217081	0.0129436	0.00380109	0.00469775	0.0166798	0.00581353	0.00612732	0.00697654	0.00139851	0.00458652	0.00776216	0.40195	0.434988	0.0118941	0.000460205	0.00210841
126	0.0203731	0.0131082	0.000834447	0.00248893	0.0187015	0.00145019	0.00112988	0.385709	0.00134351	0.12905	0.0299761	0.00349871	0.00134667	0.00347024	0.00156773	0.00647124	0.0190523	0.355593	0.000761288	0.00407376
127	0.00866506	0.000583941	0.00314047	0.00126392	0.00076756	0.928547	0.00226484	0.000578117	0.00921129	0.000864756	0.00229521	0.00506254	0.00146815	0.002544	0.00235606	0.0197021	0.00409753	0.00207908	0.00090901	0.00359942
128	0.531061	0.0523926	0.00302599	0.005582	0.0027052	0.0202003	0.00335435	0.0198333	0.00359053	0.00405362	0.0053699	0.0035405	0.00647275	0.00914313	0.00753082	0.173027	0.0879461	0.0515573	0.00617765	0.00343589
129	0.0259133	0.00761508	0.093983	0.0137458	0.203198	0.00655646	0.0778559	0.0110883	0.00935045	0.0507137	0.0144705	0.0131042	0.0454535	0.0410471	0.0214926	0.0509412	0.039824	0.0144909	0.00622205	0.252934
130	0.0209	0.00710848	0.0173967	0.00262848	0.00176839	0.00517272	0.00298891	0.00270722	0.0249314	0.00354077	0.00382621	0.0055942	0.000874836	0.00353735	0.00945502	0.304316	0.571368	0.00972524	0.00045434	0.00170612
131	0.637601	0.0161734	0.00159087	0.00739533	0.00216761	0.0252496	0.00373393	0.0172452	0.00532119	0.00318061	0.00497073	0.00217285	0.00597553	0.0119246	0.00802401	0.173555	0.0487923	0.0217098	0.00219464	0.00102264
132	0.025194	0.0119934	0.00725134	0.0111648	0.0307378	0.00628109	0.00868291	0.162	0.0138225	0.38782	0.0955896	0.0116424	0.00217752	0.0242414	0.0140567	0.0267456	0.0460548	0.0952229	0.00222007	0.0171011
133	0.0723352	0.00461478	0.10405	0.139622	0.00976198	0.043596	0.0694082	0.00779405	0.0832263	0.0114961	0.00485525	0.101345	0.000979109	0.0758109	0.0293344	0.121798	0.0988749	0.0164719	0.000274654	0.00435161
134	0.0251646	0.0317243	0.0186143	0.0244738	0.00645148	0.0200045	0.040196	0.0153206	0.194147	0.0333498	0.0199191	0.0439409	0.00535887	0.0600184	0.350304	0.0462006	0.0308234	0.0192854	0.00234725	0.0123556
135	0.0184457	0.0123835	0.000971017	0.00309551	0.0188193	0.00152409	0.00135518	0.41867	0.00225381	0.165828	0.0425397	0.00351849	0.00133528	0.00459516	0.00164083	0.00821204	0.0200015	0.267478	0.00127116	0.00606134
136	0.0377342	0.0455671	0.00104975	0.000997612	0.0141778	0.016208	0.011118	0.190067	0.00706751	0.171768	0.168359	0.0172553	0.00121762	0.0162394	0.00385279	0.0285182	0.0508614	0.211401	0.000427565	0.00611288
137	0.0468187	0.00194536	0.149728	0.498461	0.0063926	0.00716709	0.0200215	0.0113416	0.0445907	0.00938957	0.00237076	0.0152745	0.00290312	0.0809775	0.0171628	0.0518247	0.018988	0.00701914	0.000238948	0.00738461
138	0.309319	0.071953	0.00186084	0.00180546	0.0406989	0.0304612	0.00627055	0.116054	0.0102321	0.08548	0.0608766	0.004521	0.00141546	0.0020905	0.00178944	0.102606	0.0216057	0.104281	0.0010179	0.0256612
139	0.0259644	0.0229996	0.000585055	0.00117922	0.00974286	0.00147031	0.00133539	0.336589	0.00129625	0.0895924	0.031647	0.00458025	0.000746487	0.00828174	0.00228458	0.00807639	0.0301349	0.420858	0.000331925	0.00230418
140	0.0156343	0.0168743	0.371631	0.0896132	0.0180032	0.0249075	0.0324152	0.00802265	0.0422932	0.0106574	0.00905026	0.147572	0.00201098	0.0387575	0.0212313	0.0829967	0.0464094	0.00707345	0.00101579	0.0138311
141	0.13653	0.0824832	0.0566693	0.00792622	0.0553614	0.0387748	0.0102024	0.0337975	0.0362104	0.0106138	0.00813365	0.0730401	0.00298539	0.0375062	0.0147422	0.318344	0.015387	0.00976	0.00226927	0.0492634
142	0.0135589	0.0106346	0.000734287	0.00323638	0.0230391	0.00113583	0.000589711	0.466322	0.00103503	0.150905	0.0311415	0.00228509	0.00172112	0.00171359	0.000822124	0.00589428	0.0142829	0.263481	0.00142057	0.00604731
143	0.0933643	0.0064691	0.0578681	0.0871078	0.0337018	0.0152268	0.0181315	0.0495517	0.0449815	0.072226	0.0739177	0.0408842	0.00148849	0.0550474	0.0425685	0.106326	0.0689535	0.0890639	0.00407582	0.0390459
144	0.192427	0.0404923	0.0145657	0.00817055	0.00364845	0.0233336	0.00649882	0.0141632	0.00621487	0.0104562	0.0176197	0.0101821	0.0154128	0.0196017	0.00638142	0.426513	0.151682	0.0283552	0.00101889	0.0032615
145	0.13205	0.0388618	0.0127204	0.0117219	0.00410282	0.0292719	0.00641535	0.0273165	0.0150515	0.0149058	0.0102988	0.0174164	0.00519874	0.0119999	0.00951369	0.291074	0.306556	0.0490618	0.000878899	0.00558279
146	0.224983	0.0337346	0.00445256	0.00737812	0.0202016	0.0165148	0.00873123	0.196942	0.0101861	0.0689355	0.0403388	0.0130865	0.00351602	0.0127798	0.00881381	0.0838688	0.0568978	0.173482	0.00208648	0.0130706
147	0.106438	0.00884763	0.0116025	0.0150187	0.0652951	0.00794208	0.08645	0.0769549	0.0766334	0.0484382	0.0226894	0.0597745	0.0022976	0.105081	0.0178614	0.0666402	0.0733192	0.07322	0.00226951	0.0732259
148	0.0701607	0.0282038	0.0325257	0.0294623	0.011391	0.0394224	0.0305576	0.0177797	0.0647148	0.0239321	0.0218747	0.0487095	0.0121808	0.0414944	0.110383	0.291115	0.0867373	0.0228851	0.00415023	0.0123204
149	0.0291446	0.0129917	0.0151378	0.0248683	0.101043	0.0094275	0.0984626	0.0540582	0.0321575	0.205907	0.0438099	0.0331277	0.00318083	0.0548323	0.0314924	0.0318414	0.029777	0.0415324	0.00841372	0.138794
150	0.0388627	0.0124563	0.0386407	0.0460954	0.0100188	0.0194141	0.0790743	0.0166939	0.0922214	0.0276714	0.0375667	0.0757957	0.00385243	0.153946	0.138801	0.104158	0.0716784	0.0184796	0.00125396	0.0133199
151	0.0392528	0.0129124	0.0283676	0.0640731	0.013004	0.016699	0.0287424	0.0380864	0.114762	0.0746323	0.0388075	0.0449446	0.00447947	0.0588151	0.244894	0.0480824	0.0669626	0.0413175	0.00259162	0.0185727
152	0.231092	0.0955335	0.00415086	0.0108637	0.00129318	0.0578717	0.00206475	0.0144393	0.00192749	0.0102449	0.00539817	0.00494909	0.00459604	0.0047034	0.00195847	0.281891	0.193546	0.0623811	0.00196775	0.00912763
153	0.00740641	0.0160925	0.00159546	0.00306884	0.607924	0.00416574	0.00662051	0.0134639	0.00226654	0.0860942	0.0113957	0.00896477	0.00122694	0.00214516	0.00211944	0.00776391	0.0122567	0.00881459	0.0399755	0.156639
154	0.0232069	0.0115667	0.000884334	0.00257226	0.0182047	0.0010135	0.000870027	0.395729	0.00130917	0.107395	0.0281265	0.00368569	0.00106192	0.0030848	0.00132912	0.0078995	0.0202572	0.366873	0.00109508	0.00383583
155	0.00992162	0.0080243	0.0007033	0.00135236	0.0171195	0.00138196	0.00113634	0.280765	0.00297682	0.360897	0.0800238	0.0013479	0.000794129	0.0079667	0.000698999	0.00396361	0.0201544	0.197221	0.000283991	0.00326715
156	0.0622056	0.0119695	0.0828785	0.199562	0.0161329	0.084661	0.0677025	0.0243032	0.057074	0.0276964	0.0203862	0.0560814	0.00790629	0.0513267	0.0339944	0.0694836	0.0487702	0.0573433	0.00381338	0.0167089
157	0.0463817	0.019519	0.0678037	0.0327143	0.0869059	0.0162859	0.0265642	0.0740447	0.0369572	0.092729	0.140044	0.0316542	0.00669153	0.0326957	0.0321828	0.0508573	0.0441783	0.107344	0.00689679	0.0475494
158	0.0186996	0.00313098	0.00931022	0.00617984	0.00262622	0.831575	0.0113827	0.0019271	0.0141887	0.00482545	0.00420323	0.0212978	0.00369927	0.00934574	0.0072645	0.0295399	0.00850911	0.00416008	0.00167019	0.0064644
159	0.032866	0.0139999	0.0302484	0.0578828	0.00804647	0.016501	0.0352421	0.0285421	0.141538	0.0610571	0.0295447	0.0426954	0.00594488	0.061638	0.307658	0.0408722	0.0384869	0.031991	0.00219446	0.0130506
160	0.045372	0.0187336	0.0166708	0.0124759	0.021993	0.0121231	0.2767	0.0148211	0.0428895	0.0430482	0.011061	0.284596	0.00468189	0.0122332	0.0775348	0.0292092	0.021948	0.0121265	0.0228464	0.0189356
161	0.158494	0.176596	0.0113303	0.00583155	0.00333225	0.023436	0.0048969	0.0161598	0.00593251	0.0111294	0.00732598	0.010437	0.0150967	0.00753291	0.00513116	0.367431	0.110594	0.0518503	0.00192017	0.00554268
162	0.0190543	0.00715824	0.0107591	0.0197592	0.150346	0.0070428	0.107085	0.0294549	0.0120012	0.0534495	0.0161214	0.023053	0.0222754	0.0149623	0.0175978	0.0231683	0.0287189	0.0265523	0.184813	0.226626
163	0.0253392	0.0124015	0.00800407	0.014675	0.0752483	0.00516021	0.0525847	0.140545	0.0174366	0.322731	0.0687081	0.0166858	0.00213514	0.0216584	0.0158114	0.0236976	0.0337239	0.0839654	0.0050921	0.0543967
164	0.55665	0.0101854	0.000983771	0.00157318	0.00100344	0.316595	0.00118539	0.00292525	0.00161214	0.0121847	0.00422297	0.00291645	0.0010915	0.00254115	0.0164808	0.0420517	0.0114095	0.0124556	0.000920371	0.00101159
165	0.0163385	0.0129645	0.000550246	0.00192356	0.014242	0.0016274	0.00112263	0.279757	0.00183812	0.27994	0.0377838	0.00227678	0.00130983	0.00517407	0.00146686	0.00435908	0.0179859	0.315935	0.000197797	0.00320723
166	0.0653327	0.017594	0.00137779	0.00161622	0.0124888	0.0106819	0.00859375	0.124334	0.0137595	0.162644	0.253988	0.0262458	0.00123856	0.0128432	0.00399961	0.0494137	0.0451528	0.17812	0.000602507	0.00997306
167	0.185184	0.0335676	0.00370286	0.00726414	0.0023659	0.043555	0.00332865	0.0109833	0.00267594	0.00899195	0.0097269	0.00795372	0.0018676	0.00663395	0.00380681	0.487339	0.159321	0.0183967	0.000614999	0.00272004
168	0.494421	0.00887613	0.000871503	0.00203219	0.000772937	0.308739	0.000928189	0.00268494	0.00123048	0.0114918	0.00932841	0.0061316	0.0117465	0.00438822	0.00807027	0.097367	0.0156195	0.0137772	0.000599875	0.000922867
169	0.011942	0.00920755	0.000720529	0.000796478	0.00900284	0.00149395	0.001055	0.283246	0.00442045	0.398641	0.0954425	0.00192509	0.000431379	0.0123882	0.000679124	0.00526907	0.0256815	0.135218	0.000172124	0.00226775
170	0.631668	0.0175242	0.00132715	0.00590228	0.00183604	0.0206542	0.00363736	0.0203105	0.0051177	0.00287247	0.00494191	0.00147637	0.00186198	0.0133512	0.00875107	0.178034	0.0537055	0.0234975	0.00254308	0.000986958
171	0.193745	0.0690631	0.00297665	0.0150656	0.00141421	0.0718084	0.00266404	0.021978	0.00202334	0.0150667	0.00761891	0.00849029	0.000939999	0.00628577	0.00256105	0.308075	0.199868	0.0616971	0.000697834	0.00796121
172	0.0853443	0.00780364	0.0701108	0.120518	0.0167439	0.324057	0.0278705	0.00476831	0.0318568	0.0181341	0.00864852	0.0782571	0.0227025	0.0347311	0.0176258	0.0732597	0.030547	0.00984275	0.00183723	0.0153409
173	0.285651	0.134502	0.0180947	0.00371553	0.00400477	0.0131893	0.00324992	0.00958601	0.00578844	0.00465735	0.00453358	0.00870575	0.0205782	0.00756647	0.00390627	0.334943	0.089856	0.0395336	0.00266056	0.00527792
174	0.043146	0.0106501	0.259104	0.175469	0.0165546	0.0234131	0.0366536	0.0160179	0.0727317	0.0204007	0.0127374	0.0575885	0.00436389	0.0562638	0.0301145	0.0763492	0.0416074	0.0150711	0.00148953	0.0302734
175	0.00590714	0.012646	0.00174743	0.00222413	0.597283	0.00390042	0.00647312	0.0202604	0.00209909	0.128398	0.0183117	0.00683779	0.000778618	0.00240554	0.00197842	0.00694591	0.00913738	0.00928476	0.0232639	0.140117
176	0.0141607	0.0118202	0.0017366	0.00574659	0.042637	0.00152934	0.00436208	0.489512	0.00206806	0.138378	0.0383565	0.00381396	0.00192148	0.00344889	0.00200476	0.0110339	0.0220634	0.171365	0.00620939	0.0278318
177	0.133546	0.0126494	0.0112593	0.0137331	0.00215046	0.00711569	0.0110926	0.00591221	0.0164986	0.0126536	0.00288222	0.00688737	0.624168	0.0113177	0.0488562	0.0446156	0.00964742	0.0217725	0.000632256	0.00260925
178	0.0403764	0.00470368	0.123712	0.488872	0.0104274	0.0113077	0.0205836	0.0148758	0.0379765	0.0169579	0.00707214	0.0268303	0.0124585	0.0542251	0.0190937	0.0536952	0.0257207	0.0168409	0.00258548	0.011685
179	0.0692889	0.0393566	0.0412538	0.00574324	0.0050281	0.00677962	0.0435319	0.0222298	0.0490125	0.0237235	0.103775	0.13024	0.00262022	0.00695379	0.131516	0.198539	0.00967615	0.0227023	0.0442676	0.0437622
180	0.16123	0.0107984	0.0191752	0.0457291	0.00160568	0.0159433	0.00943469	0.00643429	0.0159141	0.0125569	0.00315287	0.00553285	0.553117	0.0130155	0.024292	0.0641066	0.0132303	0.021153	0.00148883	0.00209009
181	0.147674	0.0126054	0.00843213	0.0098504	0.00121089	0.00234952	0.00924111	0.00505091	0.010131	0.0106208	0.00163461	0.00219841	0.663078	0.00769016	0.0315067	0.0452682	0.00675742	0.0231205	0.000405982	0.00117394
182	0.0894526	0.00239202	0.178203	0.224652	0.00227731	0.0154936	0.014387	0.0116416	0.0787967	0.0394902	0.00331694	0.0246288	0.059298	0.100806	0.0250275	0.0695324	0.0462133	0.0110855	0.000540357	0.00276535
183	0.0428788	0.00223559	0.052862	0.15914	0.0113542	0.00717938	0.0592683	0.0522901	0.11038	0.0563913	0.0472363	0.0416355	0.000368909	0.09937	0.0629786	0.0595806	0.0618348	0.0545112	0.000467119	0.0180369
184	0.00912787	0.00834124	0.000816761	0.00444291	0.0698133	0.00151352	0.00139284	0.0862253	0.00140952	0.555976	0.19363	0.00129249	0.000485411	0.00174638	0.000949971	0.00536278	0.00926572	0.0238593	0.000215225	0.0241339
185	0.0619164	0.156257	0.0122873	0.0197554	0.0383033	0.0133509	0.0395411	0.0588349	0.103644	0.0293439	0.0261483	0.0237604	0.00649963	0.0335826	0.0585461	0.0815245	0.132547	0.0828959	0.00167041	0.0195912
186	0.0873023	0.00439809	0.0892057	0.124945	0.00624457	0.0365231	0.0495467	0.00514958	0.0998541	0.0139287	0.00437926	0.102367	0.00105837	0.0590622	0.046801	0.133597	0.119499	0.0140713	0.000179421	0.00188733
187	0.0313408	0.0210146	0.00753433	0.0322742	0.015249	0.00602815	0.0182983	0.0699554	0.154216	0.111193	0.0587357	0.039022	0.000374447	0.0679716	0.176742	0.0325151	0.0426175	0.10145	0.00153172	0.0119358
188	0.0135073	0.0180226	0.000637968	0.00137808	0.0131774	0.00360466	0.00210006	0.266938	0.00303565	0.332208	0.0821481	0.00300759	0.00111969	0.00788819	0.00111236	0.00617999	0.0231567	0.217425	0.000262607	0.00309006
189	0.117372	0.0143471	0.0146582	0.0498902	0.0120082	0.0740842	0.0185792	0.0367356	0.0836374	0.0240954	0.0390259	0.0755765	0.00591214	0.0747923	0.0666328	0.178155	0.0835339	0.029342	0.000274742	0.00134682
190	0.0312879	0.00929965	0.0822385	0.00994741	0.0102875	0.0970037	0.0141717	0.0228624	0.0201411	0.0102083	0.0079594	0.263638	0.00304086	0.0102538	0.0116486	0.218629	0.16105	0.0118509	0.000860084	0.00362173
191	0.0175286	0.00810759	0.0015322	0.00867798	0.026558	0.000932311	0.00103737	0.460835	0.0024259	0.14246	0.0426743	0.00466459	0.00233707	0.00240436	0.00137921	0.0128483	0.0261596	0.2219	0.00583534	0.0097029
