349	20
1	0.0985825	0.0164586	0.0444494	0.0754616	0.015508	0.0255061	0.0318117	0.038159	0.0617664	0.0550471	0.016452	0.04736	0.0992728	0.0603878	0.0310555	0.142994	0.098605	0.0267219	0.000748528	0.0136523
2	0.041761	0.0141925	0.0140043	0.0275063	0.0402489	0.0572328	0.0205445	0.102048	0.0561098	0.201277	0.081136	0.0195389	0.0418843	0.0377092	0.0515786	0.0628201	0.0385131	0.0704248	0.00291189	0.0185582
3	0.0646298	0.0112983	0.0305764	0.0633224	0.0311117	0.0209981	0.0267228	0.0491783	0.126244	0.120386	0.0282388	0.03282	0.0192647	0.132314	0.0972647	0.0519066	0.0326808	0.0381691	0.0058095	0.0170633
4	0.0626802	0.00227553	0.083262	0.147884	0.00826537	0.0181864	0.0328825	0.020272	0.129052	0.0373216	0.0231023	0.0469983	0.00998469	0.188803	0.0875481	0.049331	0.0189324	0.0245746	0.00186558	0.0067782
5	0.0349473	0.00648847	0.0296554	0.0683062	0.0140598	0.0125955	0.0310941	0.0251309	0.227125	0.0294523	0.0128327	0.0462659	0.00883002	0.176501	0.175494	0.037169	0.0278338	0.0235057	0.00219804	0.0105146
6	0.0565453	0.011443	0.0415428	0.0563065	0.0113422	0.0304394	0.0620698	0.0510227	0.0792464	0.0365921	0.0303522	0.141419	0.0205466	0.0510536	0.0602765	0.137129	0.0753015	0.024962	0.00299618	0.0194126
7	0.0595099	0.0297333	0.0146341	0.0392002	0.0310266	0.0030998	0.0274701	0.141894	0.0391795	0.120244	0.0688439	0.0382922	0.0125364	0.0617065	0.0273435	0.0564758	0.0668312	0.133373	0.00412435	0.0244813
8	0.0681134	0.00259492	0.177377	0.21331	0.00773755	0.0460519	0.0291733	0.00897907	0.0869306	0.018048	0.0115942	0.0986009	0.0069081	0.106824	0.0202461	0.0481336	0.0325922	0.00740374	0.00175931	0.00762254
9	0.0676374	0.0241729	0.0282687	0.0553095	0.02201	0.0115163	0.0372377	0.0966024	0.0585591	0.0941096	0.0509794	0.0589233	0.0143593	0.0743472	0.0340995	0.0828658	0.0658221	0.0973761	0.00331228	0.0224916
10	0.0780405	0.0255326	0.0377195	0.0226474	0.0116138	0.0387771	0.0176753	0.021385	0.0717798	0.0397144	0.0166853	0.0811609	0.0399949	0.0222463	0.0270077	0.251665	0.146323	0.0332701	0.000384772	0.0163766
11	0.0239323	0.0155219	0.00459679	0.0109824	0.0359097	0.00491353	0.00580444	0.333529	0.0085671	0.139526	0.0325598	0.00737218	0.00461082	0.00943198	0.00438735	0.0136291	0.0202786	0.312549	0.000351637	0.0115471
12	0.0586047	0.00469386	0.101794	0.169883	0.00962362	0.0261317	0.0388079	0.0238142	0.0930071	0.0482123	0.0172088	0.0830823	0.0146911	0.125029	0.0453905	0.0682735	0.033917	0.0202887	0.00214691	0.0154
13	0.0143753	0.0154533	0.00431606	0.00540077	0.0563044	0.00481024	0.00448992	0.185132	0.00686848	0.49062	0.0446259	0.00292954	0.00355024	0.00959882	0.00449126	0.0109179	0.0130448	0.112282	0.000345043	0.0104436
14	0.0381013	0.0198887	0.0454247	0.0437955	0.0249475	0.0190121	0.0606246	0.0718358	0.0986284	0.0737563	0.0282931	0.0573968	0.0158331	0.0651235	0.101983	0.075893	0.0395976	0.0443843	0.0469023	0.0285786
15	0.0141182	0.00131011	0.295767	0.342737	0.00815475	0.0177929	0.0140681	0.0139054	0.0402062	0.0141083	0.00333608	0.0430117	0.0193337	0.0814275	0.00754333	0.0220091	0.0163388	0.0326846	0.00128731	0.0108603
16	0.011932	0.001353	0.302401	0.347588	0.00793334	0.0182465	0.0130751	0.0138604	0.0404505	0.0118347	0.00285963	0.0417223	0.0197247	0.0799417	0.00684547	0.0205043	0.01552	0.0325895	0.00131652	0.010301
17	0.0463589	0.0282717	0.0211464	0.0284382	0.0139925	0.0345973	0.0853864	0.0649514	0.0416601	0.0321439	0.0323519	0.0609227	0.0830531	0.112535	0.0308007	0.146186	0.085065	0.017636	0.00216952	0.0323337
18	0.0309252	0.0165644	0.00723564	0.0267434	0.059705	0.00588148	0.0116223	0.173896	0.0204338	0.294104	0.0666828	0.0145918	0.00968862	0.0334643	0.0127729	0.0286847	0.0263845	0.138773	0.00157511	0.0202714
19	0.0393311	0.0159648	0.020079	0.0356277	0.129192	0.00848233	0.0209208	0.0841587	0.0200711	0.249987	0.0686736	0.0115948	0.0243978	0.0841658	0.025282	0.0466932	0.0197724	0.0413436	0.00196014	0.0523016
20	0.0710383	0.00517405	0.135893	0.166491	0.00882525	0.0340893	0.0304592	0.0162424	0.10211	0.0324469	0.0151859	0.074757	0.0125667	0.114017	0.0478197	0.0688362	0.0362868	0.0164821	0.00160959	0.00966941
21	0.00726323	0.0141476	0.0176446	0.0395485	0.019687	0.00500486	0.0322483	0.0242059	0.282378	0.0253072	0.00311547	0.0591396	0.0129047	0.0830018	0.234674	0.0247159	0.0606342	0.029906	0.00332282	0.0211511
22	0.0104315	0.0135856	0.0217338	0.041978	0.0254311	0.00691068	0.0382967	0.0242821	0.263406	0.0268092	0.00465163	0.0565749	0.0134549	0.0816104	0.224989	0.0282064	0.0582835	0.0291222	0.00499144	0.0252517
23	0.0441692	0.00889557	0.0279525	0.0449723	0.0290812	0.0418147	0.0951431	0.0319309	0.0679895	0.0431023	0.00904608	0.180897	0.00926894	0.072193	0.0342011	0.119571	0.0423231	0.0151076	0.00512414	0.0772173
24	0.025663	0.017722	0.00451732	0.0099526	0.0348834	0.0050618	0.0055967	0.336086	0.00849197	0.136943	0.0306531	0.00641357	0.00436121	0.00871394	0.00398972	0.0167333	0.0216873	0.311438	0.000313545	0.010778
25	0.0262173	0.0081144	0.184498	0.0838364	0.00437078	0.0583461	0.027667	0.0669704	0.0152721	0.0451217	0.00365144	0.154548	0.0517454	0.054407	0.0364015	0.148451	0.0132947	0.00905515	0.00099103	0.0070407
26	0.0618252	0.0348225	0.0241465	0.0681869	0.0307206	0.0185468	0.0330939	0.0510049	0.0329112	0.147241	0.0237172	0.0226474	0.129787	0.0722254	0.0267906	0.0981446	0.0667405	0.0347016	0.00298265	0.019764
27	0.0591248	0.00214243	0.145716	0.217237	0.0154548	0.0241283	0.025565	0.022416	0.06895	0.0569007	0.0255211	0.0583122	0.0337715	0.123001	0.0264994	0.035631	0.0277557	0.0183096	0.0012428	0.0123206
28	0.0652313	0.00103055	0.157502	0.229324	0.00565972	0.0197573	0.0468167	0.0129649	0.0576833	0.0446667	0.0154721	0.062982	0.0108037	0.118413	0.0314302	0.0509763	0.0324289	0.0184523	0.00213938	0.0162658
29	0.0418078	0.00143315	0.208377	0.275332	0.00909754	0.0243178	0.0290924	0.0117496	0.0547948	0.032425	0.0109105	0.0624676	0.0160527	0.0997219	0.0177788	0.0377411	0.026394	0.0213689	0.00155256	0.0175849
30	0.0215914	0.0147445	0.00367253	0.008163	0.0348942	0.00478984	0.00479565	0.34824	0.00635363	0.141233	0.0313662	0.00510919	0.00372695	0.00665615	0.00287413	0.0108956	0.0185418	0.322286	0.000120242	0.00994615
31	0.0342403	0.00625662	0.0353349	0.0476014	0.0126606	0.0523575	0.104091	0.0329689	0.0845071	0.0287788	0.00336505	0.235368	0.00574068	0.0789292	0.0149576	0.129793	0.0360126	0.0058265	0.00649118	0.0447201
32	0.0807417	0.0165094	0.0364491	0.0167509	0.0131368	0.0480589	0.0118754	0.015453	0.0725971	0.0325733	0.0106874	0.0719948	0.0534978	0.0213368	0.0194793	0.289051	0.14926	0.0255109	0.000374282	0.0146619
33	0.0261765	0.00957649	0.209651	0.0837653	0.00338528	0.0673986	0.023885	0.0541615	0.0166752	0.0330519	0.00291942	0.166381	0.0480819	0.05765	0.0303467	0.139185	0.0154245	0.00578624	0.00130436	0.00519494
34	0.0253687	0.0211601	0.271719	0.0865108	0.00434641	0.0482698	0.0177762	0.031117	0.0266739	0.0273526	0.00352059	0.193025	0.0263027	0.0508116	0.0177637	0.113908	0.0204351	0.00636587	0.00220141	0.00537159
35	0.0480257	0.0155159	0.0270215	0.0354655	0.0162234	0.0229594	0.0328127	0.0336123	0.163598	0.0381287	0.0155525	0.0640172	0.0423619	0.0583866	0.125792	0.117744	0.0806273	0.0424768	0.00219939	0.0174796
36	0.0425779	0.00767955	0.0313247	0.0652815	0.0143763	0.0181605	0.0239696	0.0246116	0.234469	0.0288685	0.0130763	0.0441308	0.0102052	0.158966	0.17019	0.040806	0.0341952	0.0253306	0.00171791	0.010063
37	0.0122649	0.014731	0.00240499	0.00402777	0.0630033	0.00454093	0.00355537	0.150814	0.00587963	0.566226	0.0497641	0.00152574	0.00307853	0.00956724	0.00366797	0.00987691	0.0113838	0.0728796	0.000228325	0.0105792
38	0.0130747	0.014539	0.00258487	0.00418708	0.0534726	0.00543982	0.00366022	0.197857	0.00577101	0.477829	0.0432296	0.00209124	0.00286378	0.00740863	0.00341679	0.00911891	0.0125676	0.131896	0.000191541	0.0088009
39	0.0712689	0.017032	0.033482	0.0167068	0.0129763	0.0400167	0.0110319	0.0211103	0.0641031	0.0338057	0.0103842	0.0707137	0.0718871	0.0219473	0.0179621	0.286011	0.155463	0.030761	0.000498325	0.0128387
40	0.0562102	0.00576557	0.0349106	0.063613	0.01036	0.0197183	0.0192323	0.0355231	0.206906	0.028808	0.0200147	0.047242	0.00512583	0.208967	0.132893	0.0512042	0.0153518	0.0311202	0.00287894	0.00415462
41	0.0553289	0.00469847	0.163533	0.204166	0.00862256	0.0243754	0.0390457	0.0235693	0.0473446	0.0403977	0.0105189	0.0672312	0.0547431	0.0881063	0.0248935	0.0694133	0.0360996	0.0188231	0.00126401	0.0178248
42	0.00463173	0.0146502	0.0171742	0.037184	0.02054	0.00416421	0.0332821	0.0232376	0.282438	0.0243889	0.00213341	0.0604302	0.0139502	0.0782572	0.24139	0.0231689	0.0630164	0.0301215	0.00348389	0.0223581
43	0.0338007	0.0087718	0.0367152	0.0561137	0.011168	0.0451705	0.0920342	0.0361825	0.0779451	0.0411667	0.00644795	0.207556	0.0147809	0.085283	0.0187698	0.129251	0.0431414	0.00893751	0.0041462	0.0426181
44	0.0221642	0.0149543	0.00449794	0.00986967	0.0363208	0.00472887	0.00612011	0.339714	0.00773961	0.153991	0.0349602	0.00682633	0.00411867	0.0100733	0.00430389	0.0139887	0.021149	0.292814	0.000383868	0.0112811
45	0.0567548	0.00375204	0.163893	0.181154	0.00814474	0.0371267	0.0279152	0.0201635	0.0876064	0.0213789	0.0167351	0.109732	0.0115079	0.134938	0.0263864	0.0465171	0.0254753	0.0105554	0.00231899	0.00794448
46	0.0291078	0.00721277	0.18958	0.0951317	0.00367662	0.0609842	0.0283448	0.0608487	0.0174075	0.03976	0.00415546	0.15006	0.049126	0.0588866	0.0379916	0.13984	0.0128043	0.0080145	0.000862854	0.006206
47	0.0221141	0.0149853	0.00356837	0.0079869	0.0349707	0.00497544	0.00455619	0.347969	0.00606797	0.148083	0.032218	0.00491358	0.00349998	0.00654171	0.00278599	0.0102472	0.018377	0.316325	0.000121625	0.00969297
48	0.0202217	0.0141743	0.00352984	0.00802706	0.0356692	0.00465685	0.00460448	0.359332	0.0060896	0.13731	0.0297704	0.00503112	0.00353384	0.00690705	0.00269861	0.00984718	0.0183937	0.320344	0.000118782	0.00974065
49	0.0704548	0.0014378	0.121726	0.200756	0.00659551	0.0199803	0.0378764	0.0142072	0.0861091	0.0450305	0.019503	0.0594926	0.0121813	0.143918	0.0527025	0.0511442	0.0252308	0.0197809	0.00166457	0.0102082
50	0.0952371	0.0211703	0.0388824	0.0295667	0.0128064	0.0390253	0.0238145	0.0179521	0.0804505	0.0465096	0.0183952	0.0841542	0.0421891	0.0347631	0.0347666	0.209467	0.130092	0.0255746	0.000267223	0.0149162
51	0.0380725	0.010452	0.065439	0.048201	0.0137381	0.0718489	0.0405469	0.0655729	0.0556913	0.0631867	0.0129264	0.179681	0.0260301	0.0527009	0.0819576	0.0949608	0.0368662	0.0187834	0.0032028	0.0201413
52	0.0215028	0.0148629	0.00356545	0.00807566	0.0354645	0.00483589	0.00458192	0.344197	0.00613783	0.151434	0.0312747	0.00486359	0.00358647	0.00654644	0.00279965	0.0100726	0.018204	0.318032	0.000120174	0.00984167
53	0.0405724	0.02348	0.00879445	0.0263925	0.0315956	0.00395077	0.0187793	0.2312	0.0227893	0.133476	0.0502219	0.0235772	0.00812064	0.0362414	0.0156327	0.0366944	0.0399706	0.226247	0.0024759	0.0197883
54	0.0812642	0.0144445	0.046182	0.0391434	0.0155114	0.032531	0.0327446	0.0301268	0.0453689	0.0462776	0.00853556	0.0369706	0.186716	0.0543968	0.0320136	0.17596	0.0898453	0.0205893	0.000688621	0.0106896
55	0.00932793	0.0256657	0.0151425	0.0367651	0.0180607	0.0060743	0.0260566	0.0377736	0.265379	0.023775	0.00386979	0.0562127	0.0122215	0.0595711	0.214572	0.0326378	0.0804434	0.05325	0.00386816	0.0193336
56	0.0108268	0.0148058	0.00204806	0.00325914	0.0598129	0.00455216	0.00318947	0.152581	0.00558294	0.578979	0.0480915	0.00135696	0.00265936	0.0075565	0.00329541	0.00839487	0.0103411	0.0737765	0.000168919	0.00872173
57	0.0242468	0.0159532	0.00449921	0.0109736	0.0470082	0.00473454	0.00796074	0.304221	0.00819167	0.176521	0.0362681	0.005989	0.00497085	0.0117624	0.0048882	0.0151418	0.0191569	0.282528	0.000473361	0.0145115
58	0.0705448	0.00268451	0.172809	0.203934	0.0081249	0.0499716	0.0292049	0.00847879	0.092999	0.0156686	0.0119775	0.104356	0.00599189	0.108671	0.0206201	0.0476038	0.0325632	0.00546876	0.00177737	0.00655033
59	0.0685079	0.0612166	0.011761	0.0209276	0.100787	0.00903497	0.0258079	0.0987634	0.0236638	0.15848	0.0332567	0.0172699	0.0107859	0.0397243	0.0367355	0.075572	0.0351065	0.0566936	0.0593031	0.0566023
60	0.0421635	0.0241227	0.00870975	0.0235505	0.0429995	0.00500439	0.0162435	0.177479	0.0216945	0.265871	0.0592126	0.0220428	0.00859851	0.0345748	0.0159203	0.0367258	0.0374142	0.137024	0.00236564	0.0182838
61	0.0875518	0.0220085	0.0646822	0.0520634	0.0113575	0.0497522	0.0201972	0.0173863	0.112478	0.0559897	0.017038	0.0558931	0.0219131	0.0396863	0.0423994	0.192152	0.0882464	0.0292545	0.000976023	0.0189743
62	0.0108976	0.0148508	0.00207141	0.00324702	0.0603465	0.00456559	0.0032129	0.152294	0.00562118	0.578503	0.0479386	0.00138496	0.00264655	0.00751817	0.00330443	0.00847689	0.0103943	0.073663	0.000175117	0.00888773
63	0.0609574	0.00653518	0.0494867	0.080392	0.0119478	0.0211477	0.0283599	0.0414522	0.155797	0.0371846	0.0224929	0.0673533	0.0090098	0.202914	0.0896394	0.0553934	0.0193657	0.0283932	0.00298165	0.00919558
64	0.0367797	0.011485	0.00772103	0.0179092	0.203117	0.0061305	0.0576495	0.0407153	0.0176226	0.20688	0.0196751	0.0110209	0.0114882	0.038885	0.0296891	0.0564758	0.0307663	0.0222293	0.00314515	0.170615
65	0.0648298	0.00190413	0.149703	0.216816	0.00831296	0.0296891	0.0279368	0.012139	0.088698	0.0326454	0.0172142	0.0659698	0.0162656	0.142591	0.0371848	0.0399497	0.0234942	0.014543	0.00169213	0.00842198
66	0.36113	0.0286995	0.00762874	0.00580518	0.0186622	0.0542682	0.00791285	0.0546006	0.0176138	0.0302298	0.00858508	0.00813373	0.00989988	0.0109708	0.0116601	0.134252	0.134008	0.0861001	0.000569071	0.00927053
67	0.214954	0.0733403	0.00953969	0.00964354	0.0221055	0.0311259	0.0141263	0.0850328	0.0187594	0.0793901	0.0142176	0.0104215	0.00903474	0.0131556	0.0138025	0.133691	0.120123	0.109198	0.00106626	0.0172727
68	0.0268034	0.0338389	0.00768931	0.00949441	0.0487814	0.0064173	0.0238076	0.0150368	0.0137988	0.0652994	0.0175343	0.00761498	0.00512354	0.0342069	0.0997739	0.0443271	0.0101301	0.0194899	0.453718	0.0571134
69	0.110537	0.0494357	0.0141768	0.0189222	0.0287476	0.0130082	0.013163	0.174199	0.0255743	0.113329	0.0347843	0.0185222	0.00993748	0.0248248	0.0166021	0.0817114	0.0651546	0.170977	0.00163963	0.0147528
70	0.0185937	0.0160996	0.00301221	0.00715635	0.0539091	0.0047942	0.00470064	0.187372	0.00751901	0.466981	0.0497197	0.00437715	0.00341795	0.010864	0.00468609	0.0131622	0.0144208	0.118358	0.000486756	0.0103693
71	0.202545	0.0816173	0.0111042	0.0100281	0.016871	0.0472779	0.0251592	0.0435177	0.0195263	0.060096	0.00977903	0.0155518	0.0101429	0.0147429	0.0132787	0.14237	0.152906	0.0892466	0.00130907	0.0329303
72	0.0437067	0.00818747	0.0529875	0.0717698	0.0103273	0.0430873	0.065822	0.0382427	0.103796	0.0303368	0.0108112	0.184593	0.0103976	0.0797637	0.0362047	0.115773	0.0475613	0.0133206	0.00402632	0.0292843
73	0.0190351	0.0140296	0.00350438	0.00747835	0.0390934	0.00467767	0.00454006	0.350716	0.00594787	0.170023	0.0310571	0.00472608	0.00342397	0.00690852	0.00269378	0.0101816	0.0179569	0.294134	0.000149398	0.00972262
74	0.369125	0.00673622	0.005997	0.0057803	0.0179308	0.120211	0.00855688	0.0697189	0.0302541	0.0135005	0.0210684	0.00596193	0.0162671	0.00814881	0.0098642	0.085938	0.0268158	0.17246	0.000857653	0.0048079
75	0.0839663	0.0498309	0.0257688	0.0257567	0.0287232	0.0328577	0.0376937	0.0379028	0.0699823	0.0706137	0.0193103	0.0543114	0.0256212	0.0299158	0.0335955	0.174989	0.122391	0.0496857	0.00163425	0.0254504
76	0.0738685	0.0182308	0.0291891	0.0308995	0.0497889	0.0995069	0.0298864	0.0472787	0.08266	0.0893456	0.0197411	0.0493239	0.0372129	0.0395512	0.0354759	0.132247	0.0770885	0.0328103	0.00302117	0.0228738
77	0.100881	0.0445905	0.0258469	0.0215401	0.0158634	0.0349802	0.0231776	0.0350062	0.0511709	0.0473558	0.0241473	0.0535582	0.0294728	0.0260831	0.0234593	0.213035	0.151452	0.0490763	0.00146316	0.0278403
78	0.0969903	0.0162252	0.0343989	0.0198086	0.0171778	0.0459535	0.0148606	0.0189599	0.0710454	0.0330008	0.0118455	0.0733618	0.0522326	0.0284886	0.0232536	0.248669	0.153168	0.0274024	0.000377818	0.0127797
79	0.0510214	0.00107062	0.196799	0.264676	0.00570129	0.0184516	0.0381613	0.0127337	0.0540021	0.0357834	0.0113808	0.0564919	0.0118815	0.108669	0.0244511	0.0405414	0.0289097	0.0225831	0.00309673	0.0135944
80	0.0678744	0.00351936	0.118121	0.182182	0.00833309	0.0278558	0.0607779	0.017615	0.0695857	0.038696	0.0139626	0.0911281	0.0136971	0.12356	0.033262	0.06168	0.0315194	0.0164364	0.00252288	0.0176723
81	0.0576371	0.0263695	0.012105	0.028985	0.0449972	0.0122848	0.0212312	0.163485	0.0441949	0.139945	0.0561768	0.0263326	0.0141256	0.0454621	0.0276288	0.0583713	0.075529	0.122027	0.00322932	0.0198836
82	0.0586646	0.00407031	0.0352517	0.0687159	0.0100246	0.0171624	0.0186081	0.0330263	0.20248	0.0295027	0.0212093	0.043263	0.00419913	0.229923	0.132251	0.0501416	0.00993885	0.0268318	0.00231777	0.00241742
83	0.0872573	0.0324591	0.0163069	0.0305884	0.0222942	0.0119476	0.0251502	0.103499	0.0639857	0.0916735	0.0431089	0.0480598	0.0142096	0.0501224	0.0351906	0.104351	0.0787547	0.114606	0.00280484	0.0236298
84	0.0250669	0.0147959	0.00405338	0.00928529	0.0353208	0.00543837	0.00557445	0.339797	0.0076256	0.135825	0.0304636	0.00551507	0.00431602	0.00829905	0.00354889	0.01224	0.0192752	0.321899	0.000197846	0.0114627
85	0.0202587	0.0142301	0.00353576	0.00795667	0.0359131	0.00471253	0.0045878	0.356318	0.00605747	0.14317	0.0302285	0.00494713	0.00353993	0.00687506	0.00271628	0.00993124	0.0183728	0.316801	0.000114007	0.00973439
86	0.0705383	0.00247093	0.172267	0.209194	0.00801139	0.0465351	0.0297711	0.00838549	0.0909101	0.0179718	0.0127059	0.0984122	0.00667878	0.110318	0.021418	0.0468791	0.0322172	0.00646914	0.00173238	0.0071141
87	0.080295	0.0178113	0.0327621	0.0490263	0.010941	0.0432014	0.0609685	0.0308847	0.0922216	0.0321639	0.0158364	0.140976	0.0167111	0.0491247	0.0360425	0.157396	0.0818811	0.0225753	0.00188983	0.027291
88	0.0480817	0.00779571	0.195953	0.15041	0.00659758	0.105454	0.0274687	0.0119628	0.0714142	0.00977427	0.0065254	0.149818	0.00614139	0.0789408	0.011635	0.0621611	0.0295732	0.00545401	0.00520191	0.00963631
89	0.258652	0.0141592	0.0106528	0.0127005	0.0144183	0.212325	0.046918	0.0681011	0.0266375	0.02339	0.010056	0.0165171	0.0132127	0.0161268	0.0353443	0.113732	0.0387105	0.053251	0.00221434	0.0128795
90	0.0213417	0.0147725	0.00371221	0.00842066	0.0353826	0.00468079	0.00488728	0.346427	0.00644624	0.137746	0.0296847	0.00494755	0.00383592	0.00665538	0.00288407	0.0105484	0.0185306	0.328864	0.000112764	0.0101193
91	0.0780955	0.011244	0.0959115	0.0883565	0.0218091	0.0299792	0.0318599	0.0207297	0.0729011	0.0497503	0.0128848	0.0530147	0.13498	0.0825478	0.0296074	0.106067	0.0524881	0.0124045	0.00142349	0.0139457
92	0.0706777	0.0103641	0.0160645	0.0335717	0.0424498	0.0673624	0.0304936	0.101871	0.0903385	0.0939588	0.0221518	0.024242	0.0527139	0.0330971	0.0659823	0.0736156	0.0998898	0.0457669	0.00214044	0.0232485
93	0.0120511	0.0148569	0.00255859	0.00431453	0.062574	0.00450902	0.0036392	0.151881	0.00597401	0.567448	0.0484875	0.00156854	0.00349869	0.00911135	0.00373958	0.00966357	0.0104608	0.0735188	0.000190032	0.00995475
94	0.0218149	0.0151182	0.0037638	0.0085038	0.0359195	0.00465239	0.00500073	0.343341	0.00648109	0.141968	0.0309047	0.00506128	0.00385234	0.00721374	0.0029963	0.0112046	0.0186974	0.323026	0.000164526	0.0103158
95	0.0839957	0.0153817	0.0471315	0.0492337	0.010471	0.038885	0.0289185	0.0216508	0.130993	0.0441338	0.0276793	0.0707078	0.0152479	0.0875203	0.0734067	0.142024	0.0740921	0.0270453	0.00106409	0.0104172
96	0.0719483	0.0318886	0.0213166	0.0506148	0.0438855	0.00969704	0.0499776	0.0879581	0.0355049	0.125323	0.0460786	0.0335135	0.0114227	0.0544493	0.0314634	0.0692577	0.0665408	0.0995968	0.0033741	0.0561887
97	0.0131003	0.0151751	0.00243115	0.00391281	0.0540485	0.00442462	0.00423918	0.186378	0.00597195	0.502422	0.0441939	0.00220806	0.00269985	0.00754366	0.003439	0.009577	0.0123313	0.116629	0.000180098	0.00909473
98	0.0623253	0.00305784	0.153867	0.193704	0.006054	0.0197562	0.0573604	0.0197281	0.0512542	0.0461516	0.0118243	0.0860935	0.00891173	0.0927871	0.0267387	0.0693488	0.0431829	0.0239201	0.00267768	0.021256
99	0.0211637	0.0147441	0.00371111	0.00839946	0.0355086	0.00465242	0.00484457	0.348413	0.00638583	0.137781	0.029707	0.00499641	0.00376884	0.00676865	0.00286084	0.0105116	0.0185467	0.327068	0.000117681	0.0100497
100	0.168123	0.083274	0.0105704	0.0143438	0.0240308	0.0199944	0.0157368	0.0991577	0.022814	0.0887236	0.0227094	0.0158738	0.00911091	0.0231465	0.0189658	0.122971	0.104383	0.115995	0.00174639	0.0183296
101	0.0767758	0.00651786	0.0759023	0.161334	0.015345	0.0371345	0.0275653	0.0244787	0.0692623	0.0750005	0.023576	0.0437856	0.0680886	0.125204	0.0489972	0.0550334	0.0346597	0.0193928	0.00156479	0.0103819
102	0.0512058	0.0323033	0.0110859	0.0343596	0.0351263	0.00444306	0.0245486	0.173617	0.0306445	0.140547	0.0591309	0.029244	0.0106607	0.0572988	0.0224872	0.0504317	0.0486401	0.157147	0.00383891	0.0232397
103	0.187591	0.0182258	0.0278984	0.0209268	0.0131894	0.0565412	0.0184518	0.0330755	0.0658855	0.0316731	0.0151198	0.0625436	0.0277441	0.0233615	0.0277125	0.185194	0.12119	0.0511535	0.000541634	0.0119805
104	0.0207431	0.014463	0.00358375	0.0082656	0.0356841	0.00464318	0.00470388	0.35217	0.00624662	0.137217	0.0296384	0.00505359	0.00366111	0.00681976	0.00276656	0.010031	0.0183588	0.32585	0.000116114	0.0099849
105	0.0266862	0.0340728	0.00774234	0.00941553	0.0493709	0.00636416	0.0237739	0.014962	0.0133811	0.0660193	0.0176024	0.0075639	0.00507	0.0344206	0.0988777	0.0442985	0.00997776	0.019535	0.453597	0.0572688
106	0.309652	0.0237763	0.0105928	0.00835379	0.0234444	0.0350877	0.00780979	0.0542265	0.0199458	0.0253792	0.00744193	0.0159811	0.0169096	0.0191506	0.013691	0.140877	0.189817	0.0677335	0.000656325	0.00947322
107	0.0226069	0.0160993	0.00477471	0.00816941	0.0695404	0.010276	0.00783433	0.141397	0.0217191	0.470835	0.0438417	0.00622263	0.00894668	0.0160488	0.0118053	0.0226889	0.032089	0.0695474	0.000913271	0.0146442
108	0.162735	0.0160317	0.0143112	0.0178389	0.0432186	0.110239	0.0171846	0.0850238	0.0457512	0.0527134	0.0146598	0.0186439	0.0235441	0.0224504	0.0468228	0.0944896	0.141414	0.05657	0.00180186	0.0145568
109	0.0458712	0.00955835	0.0521948	0.0650215	0.0128407	0.0367484	0.0581593	0.0296088	0.116941	0.0312191	0.011154	0.157164	0.0155013	0.0802879	0.0590684	0.106464	0.0650621	0.0183806	0.00337547	0.0253796
110	0.021244	0.0144151	0.00392981	0.00822069	0.0360155	0.00590445	0.00546243	0.352771	0.00654432	0.14305	0.0302755	0.005111	0.00412236	0.00701966	0.0030913	0.0114132	0.0191404	0.312141	0.00024757	0.00987978
111	0.00711771	0.0148635	0.0172779	0.0377015	0.020106	0.00519947	0.0327776	0.0242373	0.276987	0.0249478	0.00295012	0.0598805	0.0138173	0.0754202	0.236107	0.0266271	0.0670634	0.0316244	0.00328303	0.0220106
112	0.0515668	0.00841993	0.207668	0.160495	0.00692115	0.0492335	0.0281155	0.0144523	0.0746748	0.0153123	0.0074046	0.148483	0.0093274	0.0786055	0.0151047	0.0715288	0.0334222	0.00781097	0.00251753	0.00893562
113	0.0587758	0.0310933	0.0125164	0.0379333	0.0350212	0.0030204	0.0331731	0.123104	0.0375791	0.134469	0.0725473	0.0369547	0.0115744	0.0686666	0.030769	0.0597779	0.0580545	0.120844	0.00447347	0.0296523
114	0.0217423	0.0150737	0.00375585	0.00880108	0.0355431	0.00474166	0.00493739	0.342112	0.00665148	0.145114	0.031016	0.00523617	0.0038471	0.0071264	0.0031278	0.0107392	0.0188107	0.321263	0.000142913	0.010218
115	0.0311212	0.0185087	0.00750887	0.0164465	0.0474086	0.0111828	0.0144483	0.168777	0.0258762	0.322568	0.045166	0.0158451	0.0115627	0.0286113	0.0311089	0.0314369	0.0428805	0.112148	0.00191124	0.0154827
116	0.0446634	0.00549752	0.0681089	0.0871345	0.00890866	0.0592804	0.0738923	0.0275991	0.0928642	0.0205212	0.00482655	0.208888	0.00536243	0.0876825	0.0178215	0.111416	0.0335668	0.00495492	0.00383978	0.0331717
117	0.0250236	0.035115	0.0195301	0.0514429	0.0331239	0.0409042	0.122383	0.025058	0.0908984	0.0639835	0.00476212	0.165604	0.0077967	0.0839182	0.0151929	0.11127	0.0248516	0.00905703	0.00406094	0.0660234
118	0.0425934	0.00904157	0.182938	0.102599	0.00621816	0.125563	0.0335712	0.0262004	0.0488178	0.0181225	0.00502444	0.158523	0.0188919	0.0629111	0.0181606	0.0951227	0.0252361	0.00533216	0.00387395	0.0112594
119	0.367607	0.00505133	0.00510029	0.00500181	0.0180361	0.13306	0.00838216	0.0757245	0.0242175	0.0101243	0.0223932	0.00512215	0.018063	0.00675586	0.00914542	0.0870138	0.0205759	0.174083	0.000933676	0.00360943
120	0.0212734	0.0147413	0.00372494	0.00838798	0.0353434	0.00465338	0.0048859	0.345064	0.00674411	0.137785	0.0296212	0.0050125	0.00400077	0.00666333	0.00293249	0.0108351	0.0187125	0.329436	0.000129345	0.0100539
121	0.0680824	0.00168765	0.117903	0.217266	0.00972131	0.0296549	0.0286164	0.0107248	0.0782622	0.0471988	0.0237487	0.0563831	0.0378262	0.152931	0.038112	0.0328245	0.0226109	0.0154113	0.00134021	0.00969522
122	0.086609	0.0150449	0.0345828	0.0529008	0.0173771	0.0214545	0.0520766	0.0282465	0.0343035	0.048052	0.00737676	0.0179906	0.252705	0.0816977	0.0322604	0.12853	0.0677608	0.01015	0.000933572	0.00994787
123	0.0119742	0.0152222	0.00223625	0.00358297	0.0626176	0.00449298	0.00355986	0.151519	0.00585311	0.571774	0.0481458	0.00145674	0.00286225	0.00858879	0.00355509	0.00949743	0.01041	0.0729275	0.000265206	0.009459
124	0.016471	0.0145388	0.00286347	0.00580775	0.0447385	0.00463654	0.0040867	0.261273	0.00555805	0.343911	0.0386374	0.00318914	0.00301283	0.00677008	0.00277288	0.00954234	0.0149328	0.207949	0.000147652	0.00916031
125	0.0916364	0.01904	0.0390448	0.0316384	0.0125807	0.0358433	0.0272748	0.0194974	0.0873946	0.0367812	0.0193063	0.0947096	0.0283708	0.0308605	0.0414291	0.206219	0.136858	0.0269617	0.000258055	0.0142951
126	0.0199944	0.0145112	0.00511947	0.00907841	0.0921633	0.00641584	0.00761533	0.137482	0.0135994	0.480867	0.0469814	0.00304316	0.00703408	0.0254164	0.012251	0.0205679	0.0165648	0.0607628	0.000802619	0.0197285
127	0.0869959	0.0173954	0.0399266	0.030945	0.0116469	0.0340638	0.0272196	0.021564	0.0950314	0.0368673	0.0205915	0.105587	0.0263663	0.0296844	0.039977	0.197951	0.136089	0.0275509	0.00049023	0.0140573
128	0.0882247	0.0197189	0.0376656	0.0509025	0.01972	0.0208856	0.046816	0.0268021	0.0407101	0.0545025	0.0092279	0.0216773	0.237954	0.0711853	0.033412	0.13131	0.0665854	0.00989106	0.000819048	0.011991
129	0.0573274	0.00921642	0.210162	0.154962	0.0066588	0.060582	0.0240923	0.01066	0.0828096	0.00717794	0.00673065	0.161572	0.00389899	0.0796258	0.0116824	0.06459	0.0373044	0.00328657	0.00301022	0.0046501
130	0.0680624	0.0300594	0.0184216	0.0335844	0.0293368	0.00561738	0.0239456	0.149497	0.04311	0.111753	0.0614094	0.0356498	0.0152988	0.0554737	0.0284948	0.0588339	0.0741093	0.132635	0.00358523	0.0211217
131	0.0739944	0.0150602	0.0359619	0.016276	0.0130598	0.0410937	0.0110899	0.0177566	0.0691164	0.0301224	0.00928618	0.0714107	0.0794502	0.0220266	0.0185447	0.284271	0.151665	0.0275655	0.000454009	0.0117952
132	0.076061	0.0454046	0.0148314	0.0281155	0.0295357	0.00765072	0.0229829	0.141586	0.0389342	0.121757	0.0535411	0.0290744	0.0152552	0.0433131	0.0258554	0.0770706	0.0617394	0.145418	0.00303583	0.0188374
133	0.0777419	0.0120285	0.0328695	0.0109448	0.0152283	0.0497737	0.00671201	0.0146928	0.0735192	0.0272733	0.00673242	0.0617066	0.0796282	0.0224431	0.0123722	0.302118	0.159941	0.0223057	0.000400924	0.0115678
134	0.0368489	0.0157974	0.00897828	0.0183744	0.188452	0.0116734	0.028404	0.0609566	0.0198567	0.256976	0.0382272	0.00969601	0.0124023	0.0376304	0.0191508	0.0592611	0.0560773	0.0279395	0.00245864	0.0908391
135	0.0127892	0.0154288	0.00249942	0.0049154	0.0648709	0.0043611	0.00406177	0.150911	0.00637572	0.555832	0.049327	0.00192133	0.00342581	0.0105928	0.00408571	0.0105057	0.0117876	0.0748026	0.000276981	0.01123
136	0.00767303	0.0141491	0.0180849	0.0397683	0.0197586	0.00521771	0.0321157	0.0238626	0.279389	0.0245923	0.00311465	0.0587461	0.0138628	0.0792482	0.235464	0.0267661	0.0634825	0.0301341	0.0031749	0.0213956
137	0.0470346	0.00800736	0.0329546	0.0511128	0.00989386	0.0476608	0.080812	0.0353591	0.0928279	0.0281905	0.0112302	0.199282	0.0109664	0.0702979	0.0287603	0.136483	0.0623673	0.0105935	0.00320477	0.0329617
138	0.0222897	0.0152687	0.00358536	0.00803342	0.0349346	0.00503706	0.00459002	0.346947	0.00609622	0.148139	0.0322949	0.00492932	0.00351986	0.00653102	0.00280197	0.0103988	0.018331	0.316408	0.000124218	0.00974018
139	0.284378	0.0349207	0.00746187	0.00626436	0.0289907	0.0170416	0.00447144	0.0677353	0.0115857	0.0360227	0.00908014	0.00897172	0.0108932	0.0125958	0.01292	0.134101	0.205616	0.0958448	0.000514547	0.0105908
140	0.0266392	0.0338486	0.0076908	0.0096211	0.0483598	0.00624676	0.0236578	0.0156968	0.013673	0.0659089	0.0178996	0.00777171	0.00524036	0.0347079	0.0983768	0.0440816	0.0102268	0.020275	0.453769	0.0563079
141	0.357947	0.0232705	0.00665434	0.00475201	0.0243928	0.027313	0.00288975	0.0561257	0.00990881	0.0200526	0.00700866	0.00651663	0.0106664	0.0108115	0.00873223	0.128335	0.199035	0.0873891	0.000427875	0.00777051
142	0.0124198	0.0142568	0.00233376	0.0037748	0.0553051	0.00473055	0.00323986	0.193427	0.00542652	0.511503	0.0482057	0.00202715	0.00263081	0.00735801	0.00318993	0.00971299	0.011494	0.100156	0.000198377	0.00860925
143	0.241273	0.0284761	0.0150024	0.00825615	0.0186095	0.0401382	0.00756519	0.0422915	0.0284181	0.0273339	0.00841077	0.0262374	0.0249485	0.0138363	0.0115623	0.199732	0.175275	0.0699914	0.000609943	0.0120323
144	0.214908	0.0850619	0.00985268	0.0101419	0.0174155	0.0486034	0.024058	0.0508117	0.0197813	0.0637654	0.0102918	0.0139414	0.00993279	0.0141259	0.0137607	0.135728	0.135517	0.0937547	0.0012519	0.0272962
145	0.0304166	0.0133658	0.033826	0.0478408	0.0165511	0.0132509	0.0381698	0.0263042	0.213542	0.027895	0.0106543	0.0721707	0.0137427	0.0838187	0.173757	0.0648798	0.0646865	0.0333175	0.00366258	0.0181483
146	0.0301706	0.00654525	0.0382573	0.0493108	0.0108899	0.0750046	0.100667	0.0324526	0.0797557	0.0279238	0.00282758	0.22949	0.00583098	0.0823961	0.0144792	0.124694	0.0324039	0.00522427	0.00574315	0.0459337
147	0.0649624	0.0145601	0.0239654	0.0272033	0.0306929	0.0798523	0.0249132	0.052139	0.114416	0.0757197	0.0167164	0.0464252	0.028494	0.0322732	0.0673837	0.108532	0.140051	0.0318426	0.00211189	0.0177461
148	0.0282399	0.00759479	0.175539	0.0867708	0.00424829	0.0570785	0.0344201	0.0642176	0.0225815	0.0378686	0.00428525	0.156611	0.0511815	0.0539625	0.0372867	0.141166	0.0164581	0.00992305	0.0012128	0.00935439
149	0.0942349	0.0166399	0.0216671	0.0349205	0.0411393	0.0321047	0.0300108	0.0808137	0.0516674	0.0821064	0.0219238	0.0218854	0.112273	0.0491372	0.045592	0.0901317	0.10856	0.0470216	0.00189849	0.016272
150	0.0896173	0.0225262	0.0347012	0.0504002	0.020659	0.0200557	0.0478306	0.0287426	0.0374921	0.0554598	0.0112357	0.0220706	0.238397	0.0723224	0.0326746	0.126431	0.0646804	0.00973254	0.00108197	0.0138897
151	0.0362262	0.0147669	0.0139893	0.0264556	0.0241156	0.0108928	0.0651786	0.100739	0.0777759	0.0951261	0.046119	0.0336958	0.0845118	0.0947024	0.067618	0.0535732	0.0417131	0.0855895	0.00330461	0.0239067
152	0.0868468	0.0157481	0.0425833	0.0504823	0.0175295	0.0212085	0.0486674	0.0280331	0.0459336	0.0460217	0.00843111	0.0226812	0.233939	0.0770168	0.0362976	0.132325	0.0643465	0.0104015	0.000800425	0.0107064
153	0.0319362	0.0162095	0.00786601	0.0317127	0.0923246	0.00657182	0.00994661	0.140235	0.0147408	0.333454	0.0737734	0.00932028	0.0141466	0.0336586	0.0114777	0.0313572	0.0160871	0.091997	0.00127739	0.0319079
154	0.0693133	0.00116075	0.16064	0.229582	0.0049827	0.0148878	0.0462353	0.0177089	0.0515291	0.0505734	0.0140555	0.0581065	0.00810652	0.103478	0.029776	0.0577838	0.0409037	0.0237151	0.00202205	0.015439
155	0.079498	0.0198807	0.0127525	0.0262759	0.0520903	0.0250525	0.018315	0.128973	0.0733178	0.107712	0.0342901	0.0222294	0.0201558	0.0448967	0.0442015	0.0640799	0.119984	0.0858683	0.00304962	0.0173775
156	0.0214327	0.0148178	0.00375471	0.0085282	0.0353771	0.00467738	0.00492547	0.34597	0.00652913	0.137684	0.0297753	0.00503265	0.00384771	0.00677918	0.00293485	0.0106981	0.0186921	0.32829	0.000122032	0.0101308
157	0.0471421	0.00399369	0.0295275	0.07201	0.0124443	0.0135759	0.0230226	0.0287515	0.211114	0.0344259	0.0180677	0.0397469	0.00548268	0.219292	0.152808	0.0446956	0.0150448	0.0221407	0.00170427	0.00500922
158	0.0605322	0.00167394	0.137463	0.227002	0.011004	0.0260658	0.0267694	0.0120357	0.0751982	0.0466693	0.0248627	0.0573704	0.0355542	0.147105	0.0319707	0.031045	0.0205961	0.0150024	0.00142253	0.0106563
159	0.0130796	0.0155979	0.00205052	0.00344388	0.0574384	0.00482304	0.00316298	0.162588	0.00544046	0.558877	0.050629	0.00156219	0.00263444	0.0072967	0.00320464	0.00906595	0.0104277	0.0797995	0.000185923	0.008692
160	0.0124946	0.0149325	0.00208921	0.00344693	0.0568724	0.00463995	0.00319406	0.168036	0.00543822	0.552396	0.0497402	0.00158825	0.00262048	0.00738886	0.00321309	0.0088258	0.0107782	0.0835512	0.000181753	0.00857263
161	0.0609434	0.0135659	0.036958	0.0482683	0.0211457	0.0232429	0.0359797	0.0300132	0.124112	0.0603074	0.014609	0.0402186	0.126563	0.0875262	0.0632184	0.114259	0.0596866	0.022328	0.00212081	0.0149333
162	0.318564	0.0269574	0.00702221	0.00566592	0.0288074	0.0160923	0.00258292	0.0600575	0.00951003	0.0256184	0.00741915	0.00778227	0.0135067	0.0130853	0.00992225	0.132178	0.21739	0.0874514	0.000447349	0.00993894
163	0.0108312	0.014815	0.00205225	0.00325141	0.0597923	0.00455456	0.00319192	0.152782	0.00557998	0.57853	0.0480685	0.00135724	0.00266124	0.00754951	0.00329283	0.00839126	0.010358	0.0740433	0.0001689	0.00872825
164	0.109793	0.077838	0.0130287	0.0222557	0.0361824	0.0107054	0.0149383	0.133391	0.0336421	0.120757	0.0349253	0.0250011	0.00979978	0.0260507	0.0187081	0.115175	0.0627201	0.117507	0.00269702	0.0148841
165	0.0590915	0.0315555	0.0131076	0.0402906	0.0287067	0.00303826	0.0325573	0.127751	0.0383262	0.126594	0.0721148	0.0392476	0.0114846	0.0691169	0.0307395	0.058392	0.0604491	0.125653	0.00464925	0.0271345
166	0.0167518	0.0143306	0.00303775	0.00655119	0.0459415	0.00462839	0.00410428	0.276116	0.00586725	0.306399	0.0371117	0.00343701	0.00326237	0.0072782	0.00290965	0.00976504	0.0150141	0.227837	0.000171727	0.00948532
167	0.0141727	0.0147134	0.00261477	0.00462613	0.0514434	0.00471863	0.00347672	0.221119	0.00561304	0.439071	0.0437515	0.00246043	0.00298494	0.00710907	0.00312609	0.00917361	0.0127063	0.147984	0.000145941	0.00898898
168	0.0201437	0.0141741	0.00354735	0.00802998	0.0356917	0.00464298	0.00457015	0.360097	0.00603467	0.137566	0.0297512	0.0050495	0.0034947	0.00700841	0.00268631	0.00990492	0.0184975	0.319209	0.000119468	0.00978095
169	0.0323491	0.0202478	0.00690392	0.0222834	0.0436023	0.00469761	0.0128512	0.213968	0.0177194	0.248175	0.0512674	0.015094	0.00746195	0.0313079	0.0122816	0.0305458	0.0297049	0.181275	0.00168	0.016583
170	0.318148	0.0260593	0.00738871	0.0056085	0.028768	0.014755	0.00253299	0.0587817	0.00869037	0.0236784	0.00670551	0.00782718	0.0112837	0.0120053	0.00981096	0.13314	0.232939	0.0824706	0.000424109	0.00898343
171	0.0797377	0.0276994	0.0897948	0.0624496	0.018121	0.0278168	0.0361522	0.0310058	0.0683703	0.0493599	0.0156106	0.049998	0.112008	0.0785006	0.0314557	0.108448	0.0615349	0.0222975	0.00226994	0.0273693
172	0.3483	0.0252605	0.00661325	0.00500783	0.0263105	0.0183307	0.0024258	0.0545108	0.0087312	0.0210318	0.0062852	0.00687795	0.010622	0.0115738	0.00875257	0.131692	0.218856	0.0802376	0.000409796	0.00817128
173	0.147517	0.100366	0.0092236	0.015099	0.0235738	0.0236897	0.0274818	0.0748018	0.0215055	0.106036	0.0203569	0.0159314	0.00799301	0.0212389	0.0152141	0.125865	0.1054	0.107628	0.00235788	0.028719
174	0.0274457	0.0320757	0.00997298	0.0126974	0.0441455	0.00835582	0.0245908	0.0193206	0.0194883	0.0700814	0.0230844	0.0100519	0.00609309	0.0355215	0.102203	0.0500124	0.0124438	0.023576	0.416528	0.0523121
175	0.376001	0.0144139	0.0086822	0.00784744	0.0146598	0.105024	0.0120027	0.0594532	0.0275145	0.0176039	0.0121137	0.0111054	0.0130615	0.0113747	0.015387	0.126697	0.0660552	0.0939181	0.000855254	0.00623005
176	0.0110802	0.0148644	0.00205194	0.00328282	0.0593627	0.00454542	0.00316137	0.15452	0.00553591	0.575943	0.0485019	0.00135305	0.00265132	0.00750299	0.00330403	0.00843908	0.0103481	0.0746765	0.000168922	0.00870682
177	0.101719	0.0811031	0.0167104	0.0151854	0.0134038	0.0906865	0.0434864	0.0276092	0.0321968	0.0584346	0.0110567	0.0291258	0.0160258	0.0200423	0.0177728	0.197962	0.117775	0.0633219	0.00210812	0.0442737
178	0.0329968	0.00671521	0.00722343	0.022431	0.166246	0.00702794	0.105555	0.0189772	0.0347649	0.103548	0.00622586	0.0253105	0.00722464	0.032804	0.0627935	0.0493053	0.0414061	0.0363729	0.00343593	0.229637
179	0.011502	0.0147781	0.00219067	0.00354307	0.0578181	0.00452263	0.00327572	0.166166	0.00565433	0.550624	0.0468741	0.00155788	0.00267634	0.00738631	0.00324683	0.00849231	0.0108565	0.0900183	0.000169984	0.00864644
180	0.123512	0.0464241	0.0216835	0.0126613	0.0146541	0.0360465	0.0144062	0.0318971	0.042442	0.0399502	0.0107939	0.0433481	0.0308715	0.0161059	0.0159782	0.259073	0.163217	0.0568465	0.000904519	0.0191841
181	0.0116844	0.00134925	0.302718	0.347981	0.00792033	0.018162	0.0131239	0.0139125	0.0402511	0.0118622	0.00285261	0.041446	0.0197276	0.0796348	0.00685657	0.0204837	0.0154781	0.0328606	0.00131056	0.0103846
182	0.00915545	0.00987243	0.0129396	0.0260577	0.0191092	0.00674872	0.062453	0.0531341	0.196367	0.0514838	0.0220751	0.0467915	0.0499327	0.103579	0.180914	0.0284329	0.042719	0.0478708	0.00368619	0.0266777
183	0.0651715	0.0285295	0.0138152	0.0326097	0.0374022	0.00764806	0.0265357	0.148667	0.0390605	0.111472	0.0534792	0.0331889	0.0159803	0.0650294	0.0275071	0.0662084	0.0712303	0.130899	0.00381543	0.0217506
184	0.0587706	0.00124479	0.16127	0.229058	0.00601545	0.0229546	0.0470149	0.0127095	0.0575608	0.0417217	0.0138987	0.0688956	0.0121145	0.120441	0.0284154	0.0506961	0.0303312	0.0175411	0.00216071	0.0171857
185	0.0588842	0.0310692	0.012918	0.0405589	0.029241	0.0028114	0.0311201	0.13259	0.0371595	0.126262	0.0728802	0.0387253	0.0111693	0.0663955	0.0284106	0.0580108	0.0605821	0.129821	0.00464207	0.0267479
186	0.0214401	0.0148688	0.00381718	0.00861164	0.0364376	0.00485067	0.00490907	0.340175	0.00681644	0.151933	0.0311734	0.00505265	0.00404013	0.0071177	0.0031575	0.0117681	0.0187845	0.314762	0.000133733	0.0101509
187	0.020636	0.0143668	0.0035374	0.00810797	0.0356358	0.00465357	0.00463843	0.355025	0.0061203	0.138424	0.0300943	0.00503236	0.00356207	0.00689166	0.00271114	0.0100043	0.0183838	0.322216	0.00011736	0.00984187
188	0.0695774	0.00303358	0.175225	0.198314	0.00797636	0.0517219	0.0283518	0.00863839	0.0936131	0.014521	0.0115697	0.108634	0.00580547	0.107816	0.0209754	0.0487585	0.0323806	0.00509437	0.00184868	0.00614525
189	0.287259	0.0292826	0.0117361	0.0105136	0.0270428	0.0182416	0.00479425	0.048497	0.021489	0.0253761	0.0100909	0.0208825	0.0169989	0.0157565	0.012949	0.150389	0.205945	0.0723178	0.000449791	0.0099887
190	0.0319293	0.0079945	0.19829	0.101689	0.00557867	0.0660383	0.0263167	0.0498435	0.0245132	0.0359312	0.00518465	0.144253	0.0472198	0.0625706	0.0351698	0.122193	0.0177034	0.00876352	0.00134095	0.0074781
191	0.0213417	0.0147725	0.00371221	0.00842066	0.0353826	0.00468079	0.00488728	0.346427	0.00644624	0.137746	0.0296847	0.00494755	0.00383592	0.00665538	0.00288407	0.0105484	0.0185306	0.328864	0.000112764	0.0101193
192	0.0217652	0.0149948	0.00373488	0.0084763	0.0354276	0.00474184	0.00490162	0.345408	0.0064994	0.139128	0.0301457	0.00501076	0.00381224	0.00677189	0.00293758	0.0106913	0.0188071	0.32656	0.000115851	0.0100693
193	0.078242	0.0134958	0.0364295	0.0586633	0.0154382	0.018057	0.0492516	0.025531	0.0324647	0.0429155	0.00700268	0.0194125	0.250755	0.0871611	0.0323369	0.134696	0.074411	0.0138575	0.000845486	0.00903297
194	0.00597167	0.0140418	0.0165511	0.0355971	0.025209	0.0045942	0.0362655	0.0245654	0.271368	0.0238533	0.00254848	0.059031	0.0131794	0.0738086	0.239323	0.0259475	0.0642143	0.0299736	0.00362965	0.0303273
195	0.0112443	0.0148446	0.00210391	0.00348	0.0605394	0.00449877	0.00337626	0.15384	0.00566807	0.572212	0.0481379	0.00141466	0.00276852	0.00787892	0.00344085	0.00869446	0.0104581	0.0760398	0.000192738	0.00916727
