365	20
1	0.0593405	0.0474336	0.0238289	0.0596618	0.0128348	0.016255	0.0428518	0.0261996	0.124839	0.0699804	0.0316255	0.0461784	0.00426271	0.121393	0.155497	0.0606979	0.0355643	0.0322311	0.00664768	0.0226763
2	0.163099	0.0466955	0.00569455	0.0123976	0.017367	0.0119246	0.00926579	0.0977172	0.0110287	0.0332711	0.0414491	0.0127622	0.212317	0.0168938	0.00861825	0.0411451	0.0889971	0.160456	0.00217813	0.00672156
3	0.0336725	0.0051497	0.0966543	0.0256671	0.00241903	0.624974	0.0110702	0.00310751	0.0327696	0.00435889	0.0067764	0.0531915	0.00265994	0.0170387	0.0146882	0.0433576	0.0116757	0.00579295	0.00164902	0.00332724
4	0.00708007	0.0022095	0.265985	0.500666	0.0157708	0.00856256	0.0230179	0.0106577	0.00742247	0.0136616	0.00994618	0.0356863	0.0109813	0.0392248	0.00257781	0.0183172	0.00994785	0.0104181	0.000578233	0.0072891
5	0.0201961	0.00744804	0.00153236	0.00132092	0.0350574	0.00313866	0.00130509	0.35916	0.00325741	0.10247	0.0193336	0.000851739	0.00182775	0.00228051	0.000662582	0.00988699	0.0234949	0.403772	0.000196446	0.00280828
6	0.0184451	0.00612615	0.00175692	0.00145602	0.02871	0.00257014	0.00118891	0.377936	0.00418676	0.0956478	0.01901	0.00121884	0.00257267	0.0022462	0.000893619	0.00860184	0.0203965	0.404647	0.000173558	0.00221631
7	0.0157168	0.0250707	0.00520941	0.0298338	0.0375992	0.00600719	0.0236648	0.0192739	0.211352	0.111321	0.0423359	0.0101214	0.00351546	0.0136474	0.257922	0.0178989	0.019199	0.107421	0.0184022	0.0244878
8	0.020496	0.00475178	0.000688365	0.00194087	0.0197835	0.00280734	0.00117207	0.382336	0.0034008	0.144372	0.0687404	0.00554978	0.00417727	0.00226669	0.00215679	0.0133237	0.0300124	0.289482	0.000218447	0.00232312
9	0.0509651	0.0214678	0.0371634	0.0843136	0.015349	0.0131125	0.0368557	0.0204943	0.143603	0.0533565	0.0314897	0.0604468	0.00700466	0.120793	0.12897	0.0603769	0.038779	0.0509827	0.00856603	0.0159102
10	0.157656	0.0222261	0.00787063	0.0212529	0.0186678	0.0105796	0.0116572	0.0338459	0.00658248	0.0171393	0.014655	0.00927059	0.386159	0.0250371	0.00954422	0.0758925	0.106835	0.058849	0.00173505	0.00454429
11	0.251635	0.217726	0.00622833	0.0103654	0.038567	0.0203311	0.0331764	0.0249479	0.00866822	0.0166953	0.0159128	0.029567	0.0053773	0.012904	0.00840793	0.141001	0.11475	0.0295878	0.00535693	0.00879566
12	0.00988926	0.00576819	0.622663	0.186696	0.00707295	0.0197392	0.00942513	0.00603458	0.00759649	0.00669428	0.0082578	0.0298648	0.00887798	0.0223682	0.0115974	0.0138373	0.00893562	0.01046	0.000745568	0.00347641
13	0.0265584	0.0279049	0.000467137	0.00229992	0.0922238	0.0100818	0.00179924	0.205934	0.00183711	0.290829	0.089739	0.00232741	0.000913274	0.00359618	0.00263707	0.0157025	0.02499	0.187807	0.00305057	0.00930112
14	0.0268504	0.0172037	0.000454264	0.00158912	0.0693713	0.00729615	0.00198421	0.249039	0.00130739	0.210793	0.0542459	0.00123583	0.000846827	0.00312687	0.00158288	0.017753	0.0338138	0.293174	0.00161504	0.00671778
15	0.027714	0.0279567	0.00028906	0.00217705	0.105222	0.00825687	0.00354477	0.173213	0.00260986	0.332986	0.0862865	0.00251316	0.00486112	0.00591381	0.0025169	0.0171683	0.0205625	0.163309	0.00276932	0.0101299
16	0.0296321	0.0290095	0.000201631	0.00241624	0.106588	0.00934378	0.00272153	0.178308	0.00163591	0.313111	0.0874518	0.00194241	0.00233437	0.00394728	0.00242341	0.0168621	0.0229796	0.175464	0.00321919	0.0104075
17	0.183724	0.0656726	0.0218219	0.0151968	0.00430516	0.0828664	0.0376712	0.00791493	0.0267517	0.0214396	0.00625262	0.0139266	0.00385541	0.0856931	0.0436687	0.280027	0.0672577	0.00938525	0.00193872	0.0206309
18	0.00819778	0.00836565	0.000510957	0.00353997	0.407178	0.000768447	0.028632	0.0200802	0.000910039	0.0222304	0.0215982	0.00450545	0.00239162	0.00578984	0.000922688	0.00270969	0.00338577	0.0065093	0.013919	0.437855
19	0.0180298	0.00667886	0.00312685	0.00235975	0.0246191	0.00217813	0.00125617	0.380692	0.00555212	0.0747365	0.0146498	0.00198906	0.00336627	0.0022545	0.00153949	0.00674673	0.0150069	0.432273	0.000359551	0.00258479
20	0.0293983	0.00498072	0.186104	0.346069	0.0181838	0.00892667	0.0186179	0.0165902	0.0380897	0.0414047	0.0400503	0.0406965	0.007105	0.0914153	0.0172756	0.0301885	0.0365983	0.0197126	0.00200525	0.00658836
21	0.0516083	0.0170372	0.00761194	0.0178027	0.00415949	0.0101821	0.00473722	0.0148456	0.0138854	0.00801317	0.0133042	0.0141432	0.0151342	0.0119006	0.00570839	0.168642	0.595189	0.0220472	0.00135468	0.00269332
22	0.402855	0.00830266	0.00461665	0.00610828	0.0049672	0.00690235	0.00548334	0.00756053	0.101791	0.0077295	0.11884	0.00836491	0.00360118	0.0077893	0.00643793	0.188413	0.0528576	0.0501471	0.00223284	0.00499941
23	0.11843	0.0100195	0.108955	0.107906	0.00652329	0.0341488	0.0200485	0.00902502	0.0326844	0.003181	0.0098892	0.18567	0.00768922	0.0712003	0.0109937	0.169035	0.0772058	0.0106649	0.00085324	0.00587692
24	0.0243045	0.0141409	0.0032698	0.00387265	0.0472503	0.0057645	0.00452327	0.212936	0.0067528	0.380453	0.0552405	0.00652014	0.00446239	0.0058599	0.00668346	0.0264804	0.0261562	0.152159	0.00324809	0.00992204
25	0.0146068	0.00779696	0.69729	0.0789997	0.00547361	0.0278691	0.00628716	0.00612351	0.0112432	0.0085951	0.00935433	0.0331079	0.00710053	0.0186226	0.0177839	0.0185123	0.0125207	0.0133534	0.00133369	0.00402577
26	0.0442174	0.0105496	0.0634712	0.017942	0.00259685	0.657696	0.00991374	0.00403124	0.026119	0.00673482	0.0057093	0.0383886	0.00328767	0.0158215	0.0159296	0.0496546	0.0138265	0.00779589	0.00235008	0.00396488
27	0.035063	0.0130929	0.145049	0.331226	0.0318876	0.0222103	0.0237936	0.0242352	0.0282268	0.0360932	0.0185266	0.0402261	0.0132501	0.0500901	0.0281364	0.0424101	0.0282446	0.0291644	0.00669604	0.0523784
28	0.0367556	0.0100704	0.00419387	0.0149956	0.00422632	0.00707061	0.0052601	0.00936046	0.0553644	0.00850034	0.0163676	0.0100207	0.00945907	0.0100411	0.00712047	0.226176	0.511578	0.0465334	0.00231195	0.00459386
29	0.0388129	0.0121927	0.030541	0.084273	0.0207306	0.00914687	0.0259826	0.0830554	0.105889	0.0825156	0.0267982	0.0367025	0.00888257	0.0690648	0.106176	0.0551074	0.0615719	0.110699	0.00887262	0.0229849
30	0.12101	0.290204	0.00420022	0.00415727	0.0147926	0.0569701	0.00435694	0.0466649	0.00679233	0.0394501	0.0345597	0.0124123	0.00253041	0.0105189	0.00447333	0.155005	0.0935749	0.0554115	0.0080718	0.0348441
31	0.00845959	0.00222648	0.256532	0.511602	0.0146114	0.0106689	0.0220469	0.0103185	0.00715844	0.0115138	0.00854137	0.0353533	0.0135085	0.0389503	0.00223704	0.0193338	0.010208	0.00914066	0.000512908	0.00707635
32	0.170903	0.00364107	0.0156409	0.0558819	0.014161	0.0723245	0.0362529	0.0160302	0.0505875	0.0746893	0.019128	0.0228944	0.155651	0.0628687	0.0707809	0.0589246	0.0265515	0.0388678	0.00152154	0.032699
33	0.0956691	0.0143862	0.0180865	0.040784	0.0556707	0.0262607	0.021185	0.0331494	0.02831	0.0344829	0.0183392	0.0313579	0.280937	0.0806588	0.0344204	0.066591	0.0576478	0.0352464	0.00530033	0.0215162
34	0.0357873	0.0061738	0.209942	0.0965179	0.0330616	0.0158078	0.0101668	0.0352061	0.0337488	0.0128459	0.0107395	0.140011	0.00280212	0.0592026	0.0147908	0.062979	0.124594	0.090214	0.0011322	0.0042776
35	0.105181	0.0435971	0.0479419	0.0461899	0.00874874	0.0334901	0.0178637	0.0102995	0.130082	0.0188036	0.0108391	0.137729	0.0484286	0.0539302	0.107242	0.0780059	0.0704316	0.0162269	0.00454191	0.0104276
36	0.0189662	0.0113181	0.000569963	0.0043911	0.324339	0.00110995	0.0246188	0.0400641	0.00723296	0.12771	0.0372378	0.0151274	0.000677026	0.00873091	0.00919172	0.0227342	0.012823	0.03961	0.0275793	0.265969
37	0.0281383	0.0281725	0.0673681	0.0602418	0.0124454	0.0114387	0.0234325	0.0685919	0.0633442	0.00897964	0.029037	0.108273	0.00223076	0.0479856	0.0587157	0.0878814	0.158049	0.125332	0.00134385	0.00899936
38	0.515202	0.0251039	0.00804804	0.0158527	0.0159021	0.178908	0.00484334	0.00825378	0.00616869	0.00361649	0.00260571	0.011075	0.00528293	0.0131455	0.0200305	0.116739	0.0327066	0.0116627	0.000900442	0.00395271
39	0.0327798	0.0254858	0.0322343	0.044288	0.012833	0.00879095	0.0244206	0.0663039	0.0681415	0.00910171	0.0323673	0.111493	0.00250293	0.0440952	0.0632244	0.112423	0.174032	0.12049	0.00153152	0.0134604
40	0.028911	0.0289011	0.000202054	0.00260832	0.110417	0.00929357	0.00224855	0.190683	0.00178732	0.284832	0.0973035	0.00222868	0.00195095	0.00407938	0.00244662	0.0167383	0.023162	0.178594	0.00322002	0.0103926
41	0.0328853	0.0238345	0.00455909	0.00565208	0.005858	0.00625847	0.137507	0.0071885	0.0304621	0.00689823	0.0387642	0.487981	0.00357144	0.0430204	0.0917989	0.0323202	0.0123161	0.00941359	0.00182109	0.0178898
42	0.0294902	0.030192	0.000187225	0.00250722	0.11519	0.00997692	0.0018006	0.191288	0.00154932	0.272781	0.0902998	0.00191957	0.000783292	0.00361281	0.00252655	0.0173591	0.0245769	0.189527	0.00327734	0.0111554
43	0.00558994	0.00209026	0.00601297	0.00199959	0.00325786	0.00176937	0.00191486	0.198316	0.00250278	0.602089	0.0220522	0.00249782	0.00145877	0.00254152	0.00676064	0.0160467	0.0153766	0.0960294	0.00534063	0.00635294
44	0.0238595	0.00413862	0.00127341	0.00322912	0.0475042	0.00178914	0.0103451	0.10268	0.00741986	0.584072	0.0839418	0.00541931	0.0194297	0.0124801	0.00403261	0.0133555	0.00970601	0.0559096	0.00205118	0.00736364
45	0.0184586	0.0146113	0.00549755	0.0178167	0.00481585	0.0120195	0.0322042	0.00710304	0.259849	0.00792203	0.00908604	0.0396749	0.00525498	0.0634129	0.416593	0.049118	0.0191998	0.0056035	0.0027195	0.00903992
46	0.0287586	0.00557599	0.0913097	0.0221712	0.00284683	0.629051	0.00971969	0.00402433	0.0278575	0.00419517	0.00570499	0.0467733	0.00174444	0.0207988	0.0137801	0.0503011	0.023574	0.00694382	0.00183236	0.00303696
47	0.149788	0.332057	0.00188528	0.00361167	0.00970832	0.0154137	0.00649558	0.01962	0.0036139	0.015955	0.00616181	0.0123063	0.00237882	0.00372076	0.00387327	0.214243	0.158504	0.0265818	0.00922999	0.0048521
48	0.0311595	0.0123287	0.0162286	0.06881	0.0225996	0.00978077	0.0189575	0.123207	0.105245	0.0614317	0.0229269	0.0290566	0.00632169	0.0348939	0.0907423	0.056284	0.0952267	0.166276	0.00541424	0.0231095
49	0.00477476	0.0019923	0.00631361	0.00201401	0.00216481	0.00190303	0.00164913	0.199897	0.00239025	0.60293	0.0192418	0.00249853	0.00104292	0.00239685	0.0065427	0.0165563	0.0159842	0.0976753	0.00565076	0.0063821
50	0.0168605	0.0189399	0.00510153	0.0106122	0.00180365	0.00284458	0.0179503	0.0028131	0.273347	0.0035722	0.00472782	0.0192631	0.00553932	0.0308207	0.522945	0.0407332	0.010873	0.00245613	0.00146168	0.00733508
51	0.0544999	0.0100314	0.092551	0.0633159	0.00687398	0.0465366	0.0248387	0.0186226	0.0583712	0.0161152	0.0161352	0.251226	0.00795149	0.0616634	0.0223141	0.138447	0.0791498	0.0176141	0.00210585	0.0116361
52	0.172064	0.0417409	0.0109951	0.0118981	0.0188373	0.013926	0.00745251	0.0732505	0.0170335	0.0461685	0.0336995	0.0407264	0.00941698	0.0113356	0.00939678	0.0756863	0.126532	0.263919	0.00196724	0.0139538
53	0.0803182	0.00731224	0.184	0.28788	0.00149963	0.0410041	0.00723726	0.00234627	0.055948	0.00469805	0.00210245	0.0434836	0.091862	0.0831722	0.0302484	0.0611335	0.0106127	0.00284708	0.000665693	0.00162876
54	0.0195666	0.0153975	0.0010285	0.00586043	0.266026	0.00116909	0.0278655	0.0534704	0.00946579	0.134749	0.0399075	0.0142022	0.000727142	0.00960174	0.0127068	0.0251137	0.0138698	0.0594138	0.0234981	0.26636
55	0.105085	0.129977	0.0083666	0.00802183	0.0103467	0.328253	0.00638535	0.0308712	0.0105481	0.0374686	0.0195834	0.0139777	0.00786897	0.012244	0.00950681	0.131473	0.0588985	0.0488134	0.00583838	0.0164721
56	0.0312484	0.0299052	0.000207191	0.00234674	0.107892	0.00997186	0.00181008	0.192034	0.0014375	0.264573	0.0843255	0.00178106	0.000679012	0.00339653	0.00246297	0.018079	0.0279972	0.206472	0.00314325	0.0102373
57	0.141474	0.0564571	0.00422702	0.00199829	0.0248871	0.0140582	0.00465563	0.165585	0.00781854	0.109921	0.0566588	0.0172628	0.00619239	0.00218809	0.00205404	0.0404951	0.0926657	0.240054	0.00113617	0.010211
58	0.0250183	0.00935684	0.000654099	0.00133984	0.0377632	0.00462239	0.00162424	0.31279	0.001545	0.130075	0.0285281	0.000660096	0.00122586	0.00289876	0.000714502	0.0153472	0.0375629	0.384257	0.000159231	0.00385725
59	0.00942663	0.00736243	0.000529588	0.00316934	0.364072	0.000795507	0.024285	0.0221263	0.00171561	0.0351113	0.0239251	0.00672413	0.00254987	0.00554321	0.00182351	0.00472229	0.0039711	0.00906198	0.0156392	0.457446
60	0.230477	0.0198565	0.034146	0.0188734	0.00808723	0.459421	0.00664092	0.00683531	0.0149321	0.00670224	0.00508418	0.0259386	0.00651608	0.0141277	0.015779	0.0839029	0.0232261	0.0113264	0.00262391	0.00550387
61	0.0373967	0.0175604	0.0308087	0.0714767	0.0264876	0.0121261	0.0331606	0.0716189	0.11047	0.0911818	0.0274238	0.0460515	0.0115562	0.072691	0.108598	0.0568092	0.0561641	0.0820897	0.00934548	0.0269838
62	0.00586328	0.00213952	0.267753	0.508627	0.0157287	0.00865848	0.0229343	0.0104631	0.00569905	0.0120359	0.00905019	0.0352171	0.0110196	0.037804	0.00180607	0.0177938	0.0095498	0.00981438	0.000555566	0.00748748
63	0.033933	0.0085945	0.00104958	0.0128154	0.00140659	0.00271677	0.00147154	0.00513059	0.0124367	0.00201061	0.00567145	0.00338931	0.00446587	0.00488885	0.00212928	0.185616	0.698278	0.0122765	0.000538954	0.00118057
64	0.0420315	0.0163569	0.00884963	0.0246917	0.00535403	0.00853074	0.0206602	0.00726283	0.247043	0.0142477	0.0149018	0.0269879	0.0075171	0.0526308	0.414433	0.0450177	0.0191597	0.0108073	0.00333711	0.0101791
65	0.0302812	0.0246063	0.000210361	0.00209818	0.0941507	0.00875428	0.00175824	0.21966	0.00132734	0.234523	0.071793	0.00151258	0.000658059	0.00333951	0.00210324	0.0172952	0.0304826	0.243979	0.00247361	0.00899439
66	0.0700081	0.0162361	0.00474427	0.00858497	0.0313631	0.0316633	0.0212404	0.071637	0.0404445	0.18065	0.0953477	0.0277735	0.00494458	0.0871274	0.114884	0.10405	0.044464	0.0278716	0.00322101	0.0137452
67	0.0367569	0.00603589	0.00505471	0.00748454	0.00682127	0.00798209	0.0059712	0.00956427	0.246504	0.121253	0.22119	0.0106442	0.00386806	0.132618	0.101784	0.0433106	0.0140256	0.0113152	0.00306369	0.00475265
68	0.0296764	0.0129324	0.00985204	0.0210676	0.0324846	0.0149127	0.0306067	0.0887039	0.0610184	0.247255	0.0439625	0.0357388	0.0107493	0.0497358	0.0897135	0.0775761	0.0485153	0.0572699	0.00442957	0.0337998
69	0.0396818	0.0150835	0.0134633	0.0288315	0.0154288	0.0141606	0.0222276	0.0321406	0.169536	0.1183	0.0976646	0.0346858	0.00588362	0.0855159	0.138977	0.074374	0.0371428	0.0358312	0.00600923	0.015063
70	0.0415149	0.0192017	0.0207474	0.04476	0.0224902	0.0150062	0.0318367	0.0257627	0.130566	0.0863485	0.0451218	0.0614238	0.00417741	0.108962	0.167155	0.0711808	0.0519637	0.0321494	0.00623939	0.0133929
71	0.194515	0.0278503	0.0080216	0.0210225	0.0149561	0.0222886	0.00929905	0.039824	0.0114356	0.0161861	0.0196795	0.0270248	0.0126334	0.0181923	0.0292078	0.260494	0.23059	0.0250301	0.00230687	0.00944256
72	0.0492204	0.00561424	0.00400671	0.0089041	0.0188006	0.0436595	0.140072	0.00958653	0.126993	0.00673615	0.0202552	0.107394	0.00320671	0.0812039	0.157548	0.0765507	0.100023	0.0191134	0.0158377	0.00527274
73	0.0226334	0.00753019	0.000673626	0.00187584	0.0293044	0.00377656	0.00146762	0.320705	0.00251148	0.160402	0.0442763	0.00297266	0.00288823	0.00297346	0.00201986	0.0179269	0.0424875	0.329923	0.000425083	0.00322693
74	0.00586328	0.00213952	0.267753	0.508627	0.0157287	0.00865848	0.0229343	0.0104631	0.00569905	0.0120359	0.00905019	0.0352171	0.0110196	0.037804	0.00180607	0.0177938	0.0095498	0.00981438	0.000555566	0.00748748
75	0.0112834	0.00221481	0.0014815	0.0217366	0.0101077	0.0313488	0.0675878	0.0163991	0.283773	0.00917195	0.0113503	0.0647729	0.00613001	0.100117	0.245464	0.0568981	0.0400179	0.00603097	0.00333997	0.0107739
76	0.0302738	0.0138213	0.0118442	0.030198	0.0365626	0.0154334	0.0349884	0.0831752	0.0819246	0.20881	0.0340984	0.0283522	0.00701615	0.0512334	0.102756	0.0596653	0.0620131	0.0658247	0.00534555	0.0366631
77	0.0282992	0.0289154	0.000288783	0.00340709	0.109009	0.00965083	0.00201063	0.185835	0.00157365	0.261	0.127092	0.00246811	0.00156374	0.00332313	0.0025333	0.016602	0.0264128	0.174766	0.00413454	0.0111149
78	0.0270364	0.00241631	0.109098	0.0299738	0.00207336	0.579821	0.0155771	0.0030463	0.0446163	0.0033675	0.00573507	0.0804105	0.00136582	0.0197677	0.0159014	0.044746	0.00790554	0.00406322	0.0010948	0.00198404
79	0.0297191	0.0111321	0.0207721	0.0568324	0.0324459	0.0121838	0.0243116	0.113	0.0915365	0.10581	0.0223923	0.0312074	0.0127636	0.0355699	0.0963804	0.0586706	0.0837509	0.116304	0.0088581	0.0363601
80	0.0303617	0.0325229	0.000190033	0.00239118	0.126355	0.0105675	0.00204819	0.181298	0.00150283	0.270418	0.085548	0.00194008	0.000778864	0.00359762	0.00271871	0.0185054	0.0252276	0.187762	0.00370065	0.0125667
81	0.0620557	0.0425521	0.000430939	0.00234958	0.0989196	0.0372004	0.00197721	0.173307	0.00305777	0.251618	0.0777759	0.0023212	0.00155035	0.00302333	0.00270593	0.0168572	0.0303313	0.179338	0.00265803	0.00997012
82	0.0304011	0.0336507	0.000181681	0.0023851	0.120699	0.0106768	0.00205769	0.184536	0.00145789	0.270789	0.0860375	0.00189969	0.000891904	0.0035744	0.00269683	0.0182742	0.0250696	0.189811	0.00359752	0.011312
83	0.0305364	0.0106704	0.00195104	0.00509919	0.0443203	0.00606434	0.00782604	0.154201	0.0172966	0.397039	0.0856135	0.00716137	0.0102679	0.0486771	0.00687507	0.0177589	0.0163667	0.121972	0.00214225	0.0081608
84	0.0313939	0.0323864	0.000182411	0.00243274	0.119356	0.0111847	0.00194952	0.188402	0.00147335	0.26974	0.0863822	0.00185763	0.000754454	0.00371314	0.0026699	0.0177097	0.0248106	0.189087	0.00349534	0.0110192
85	0.0230093	0.0104231	0.0006669	0.00470211	0.323037	0.0013961	0.022056	0.0369527	0.00640924	0.115181	0.0377226	0.0158779	0.00101203	0.00950252	0.00809538	0.0269384	0.0123667	0.033752	0.0350848	0.275814
86	0.0301225	0.0310805	0.000173423	0.00251929	0.118753	0.0101345	0.00187312	0.19071	0.00146836	0.269709	0.0879428	0.00188552	0.000812652	0.00381178	0.00261086	0.0177499	0.0245798	0.189602	0.00337729	0.0110838
87	0.026099	0.0081623	0.00125523	0.00332395	0.0146813	0.00291507	0.0011118	0.394338	0.0058812	0.167697	0.0895608	0.0113567	0.00744358	0.00254619	0.00443936	0.0161221	0.0326402	0.206833	0.00101133	0.0025816
88	0.0169436	0.00714878	0.000978163	0.00200621	0.0213734	0.00360749	0.00107181	0.355404	0.00304052	0.221657	0.080656	0.0058877	0.00367741	0.00225085	0.00270227	0.0125628	0.0268288	0.228418	0.000882904	0.00290207
89	0.0171625	0.0159156	0.000801397	0.00895063	0.334576	0.00141096	0.00265282	0.0362676	0.0057436	0.360275	0.0790015	0.00818797	0.00583839	0.00698701	0.00158054	0.0136546	0.0211117	0.0309591	0.00636256	0.0425603
90	0.0493429	0.00650258	0.0713006	0.0385318	0.00409737	0.034058	0.0293947	0.0109615	0.037519	0.00391888	0.0142882	0.330489	0.0030488	0.0663372	0.00676512	0.191035	0.0863861	0.00502572	0.00117155	0.0098266
91	0.0430334	0.00552766	0.0275877	0.00650176	0.161888	0.0305725	0.00565998	0.128964	0.00628931	0.0353748	0.0148865	0.088241	0.0244308	0.0578303	0.024265	0.0633436	0.0632866	0.0975504	0.00211933	0.112647
92	0.0315777	0.0270056	0.000371351	0.00229533	0.125344	0.00812188	0.00254464	0.151067	0.00209203	0.335047	0.0963477	0.00235325	0.00231048	0.00384262	0.00240327	0.0172137	0.0257995	0.149245	0.00313016	0.0118886
93	0.0187401	0.00554197	0.00203471	0.00158752	0.0267749	0.00243021	0.00114469	0.413721	0.00440734	0.0929757	0.0282597	0.00184647	0.00324246	0.00235904	0.00121612	0.00890829	0.0212848	0.361095	0.000260717	0.00217015
94	0.153336	0.014678	0.0148309	0.0356233	0.0150382	0.0307626	0.0149448	0.0314612	0.017298	0.0191828	0.0133266	0.0220317	0.373282	0.0375094	0.0228748	0.0733403	0.063178	0.0350196	0.00287701	0.00940482
95	0.0228489	0.0163664	0.00047794	0.00247732	0.0618981	0.00582533	0.00151675	0.316752	0.00232625	0.211015	0.107429	0.00542473	0.00291535	0.00246591	0.00234942	0.0137883	0.0230294	0.192736	0.00209984	0.00625737
96	0.0100937	0.00271313	0.294875	0.462361	0.01483	0.0105111	0.0206406	0.0100895	0.00878337	0.0121734	0.00926213	0.037455	0.0127131	0.0392786	0.00472156	0.0193217	0.0109584	0.011897	0.000607358	0.00671454
97	0.030165	0.0319118	0.000179567	0.0024562	0.119443	0.0105349	0.00193641	0.188328	0.00145679	0.270942	0.0877064	0.00183057	0.000736468	0.00354576	0.00261847	0.0176382	0.0247434	0.189387	0.00350189	0.0109375
98	0.0338931	0.0144518	0.0010402	0.00159824	0.036846	0.00508346	0.0019001	0.280883	0.00180555	0.136465	0.0321229	0.00214336	0.00126621	0.00427901	0.0013283	0.0188138	0.0483233	0.373101	0.000264417	0.0043917
99	0.0207885	0.0159937	0.00458985	0.0133589	0.00265701	0.00483364	0.0216325	0.00390682	0.273837	0.00531216	0.00669744	0.0195654	0.00516841	0.0391195	0.494706	0.039697	0.0129708	0.00346872	0.0018345	0.00986222
100	0.0257045	0.0244577	0.000694205	0.00259252	0.120416	0.00857997	0.00232471	0.158793	0.00414863	0.261372	0.0953754	0.00435026	0.000980904	0.00411923	0.00516811	0.0222196	0.0302533	0.193321	0.00326317	0.0318656
101	0.0500644	0.0390637	0.000316521	0.00231931	0.106911	0.0341742	0.00178686	0.174625	0.00289737	0.259025	0.0814628	0.00204644	0.000771654	0.00302996	0.00263178	0.0178328	0.0276783	0.179506	0.00287502	0.0109823
102	0.0284064	0.00969686	0.00709382	0.0259746	0.00849513	0.0472724	0.177244	0.0256954	0.0165804	0.033026	0.0241076	0.125999	0.00525222	0.299792	0.0217903	0.0297264	0.0234375	0.0500784	0.00314359	0.0371874
103	0.271157	0.0999876	0.0120145	0.00484303	0.0212589	0.071957	0.00405455	0.0658289	0.00444302	0.0212622	0.0370912	0.0194142	0.00225289	0.0227463	0.00577026	0.201388	0.0706791	0.0431458	0.00140571	0.0192993
104	0.0205055	0.0119794	0.000600433	0.00466128	0.309736	0.00123884	0.0246614	0.0434628	0.00816375	0.138545	0.0389137	0.016663	0.000496606	0.00950161	0.0107911	0.0264147	0.0144442	0.0454234	0.0294631	0.244334
105	0.0241384	0.0182241	0.000928576	0.00374794	0.0894087	0.00655922	0.00339822	0.193285	0.00342688	0.289647	0.167437	0.00459276	0.00638295	0.00483862	0.00299119	0.0144435	0.0209297	0.129172	0.00340175	0.0130456
106	0.0512998	0.0028887	0.0975286	0.0566055	0.0033041	0.0341582	0.0270014	0.0159428	0.036779	0.0036746	0.0202753	0.312949	0.00169175	0.0723981	0.00386994	0.15732	0.0853161	0.00412373	0.000819007	0.0120547
107	0.0335874	0.0322605	0.0330925	0.0588175	0.0293957	0.0244974	0.0293379	0.0160442	0.107141	0.0616074	0.0345551	0.081566	0.00466499	0.133052	0.121223	0.0612206	0.032951	0.0196661	0.0424866	0.0428329
108	0.0181502	0.0122953	0.632966	0.121443	0.0063248	0.0202879	0.00755376	0.00861537	0.0160304	0.00910489	0.00871543	0.0309521	0.0105511	0.0245901	0.0184397	0.0194102	0.0138844	0.0154361	0.00129027	0.0039584
109	0.0276344	0.0119475	0.0253509	0.0661255	0.0287789	0.00914482	0.0259921	0.11132	0.084833	0.119972	0.0245925	0.0342945	0.0100345	0.0410202	0.096351	0.0524186	0.0727514	0.114585	0.0083471	0.0345069
110	0.188733	0.00356971	0.00903893	0.0318103	0.027502	0.080372	0.0380778	0.00679505	0.0612881	0.0368655	0.0214318	0.0225403	0.211919	0.0417882	0.0786468	0.0446664	0.0164113	0.0393908	0.00151808	0.0376351
111	0.165235	0.0704416	0.00484697	0.00169071	0.0289683	0.016622	0.00619679	0.144162	0.0107934	0.0894079	0.0565284	0.0201756	0.0183843	0.00302002	0.00193431	0.0524698	0.13019	0.164873	0.000545533	0.0135141
112	0.0491999	0.017479	0.0311329	0.09049	0.011577	0.0116766	0.0373361	0.0217664	0.139306	0.0540255	0.0344679	0.0598739	0.00547388	0.133097	0.121951	0.0599892	0.0382904	0.0629545	0.00765089	0.0122615
113	0.204348	0.0311961	0.00295378	0.00437821	0.0202376	0.00683187	0.00343255	0.0133131	0.0121714	0.0066194	0.00580422	0.020359	0.0179646	0.00468058	0.00578718	0.0963014	0.0576458	0.472388	0.00135369	0.0122339
114	0.0398802	0.0153304	0.0189477	0.0449306	0.0199327	0.0228097	0.060098	0.0208551	0.173036	0.0351021	0.0264352	0.078122	0.0049248	0.107337	0.171391	0.0584829	0.0519414	0.0241758	0.0125363	0.013731
115	0.0866055	0.0933601	0.00274188	0.00815389	0.0373057	0.00628409	0.0209168	0.0202778	0.00485518	0.00706684	0.0117513	0.188342	0.00339114	0.00894114	0.00649224	0.333199	0.142726	0.00509809	0.00125455	0.0112374
116	0.0257358	0.0100341	0.00708408	0.0171358	0.00949971	0.0783391	0.043532	0.0136635	0.052757	0.0578833	0.102144	0.0137752	0.042948	0.0150078	0.0127152	0.172226	0.263007	0.0170932	0.0365706	0.00884858
117	0.133941	0.00644559	0.073034	0.0665595	0.00348778	0.0770688	0.0292666	0.007531	0.0416405	0.00371509	0.00694657	0.16851	0.00413185	0.049266	0.0337481	0.164226	0.114147	0.00955329	0.00127117	0.0055096
118	0.0144285	0.00525084	0.00189467	0.00171876	0.0207085	0.0026264	0.00299583	0.289044	0.00326691	0.397301	0.0799771	0.00564832	0.00521712	0.00394323	0.0030326	0.0117385	0.0156173	0.12927	0.00207929	0.00424009
119	0.147028	0.0157402	0.010998	0.0169789	0.00624342	0.0369086	0.00843174	0.0115256	0.0134677	0.00598453	0.00582245	0.165161	0.0712117	0.0450558	0.0298883	0.339474	0.0466789	0.0131005	0.00166443	0.00863577
120	0.0151616	0.0031555	0.27778	0.423325	0.0163238	0.00987425	0.0196654	0.013127	0.015057	0.0170489	0.0106	0.0395935	0.00984347	0.0470936	0.00739093	0.0226946	0.0188769	0.0260815	0.000833453	0.00647329
121	0.00746029	0.00205127	0.262928	0.502566	0.015413	0.00847162	0.0228999	0.0104724	0.00778195	0.0139611	0.009736	0.0351419	0.0106319	0.041111	0.00263675	0.0179126	0.00993154	0.0111677	0.000526408	0.00719889
122	0.0368347	0.0145486	0.0117044	0.0232942	0.0481727	0.0130563	0.0188439	0.0794771	0.0663841	0.352062	0.0548087	0.0215998	0.010426	0.0361451	0.0506104	0.0448871	0.0337392	0.0563253	0.00601248	0.0210677
123	0.14333	0.0124741	0.0479568	0.0263244	0.00404005	0.498684	0.0102104	0.00392966	0.0219154	0.00614757	0.00396071	0.0383055	0.00742585	0.0161576	0.0270545	0.0842693	0.0289443	0.00791388	0.00304536	0.00791099
124	0.0177924	0.00518779	0.00240127	0.00180864	0.0245535	0.00198614	0.00103429	0.396325	0.00605346	0.0817488	0.018757	0.00193124	0.00385464	0.00213688	0.00145462	0.00701182	0.015777	0.407915	0.000237117	0.00203366
125	0.0161328	0.00893515	0.000892792	0.00755215	0.227966	0.00135052	0.00610056	0.0577685	0.0068751	0.476237	0.0747438	0.00757866	0.012892	0.0081813	0.00147561	0.0108889	0.0135701	0.0341489	0.00501192	0.0216974
126	0.0328531	0.00804199	0.00345958	0.0254365	0.00370939	0.00871808	0.00747997	0.00906869	0.0329684	0.00835335	0.0170872	0.00986743	0.0193319	0.00946268	0.00554538	0.22446	0.548152	0.0193176	0.00340797	0.00327835
127	0.031357	0.00824226	0.479613	0.135119	0.0080259	0.018631	0.0113312	0.0102859	0.040738	0.0222459	0.0126292	0.0383866	0.0140532	0.0548505	0.0412392	0.0292767	0.0186258	0.0181166	0.00224311	0.00498994
128	0.0663742	0.0173566	0.0251301	0.0467003	0.0208646	0.0192402	0.0197183	0.0560912	0.145894	0.0557857	0.0315207	0.0408169	0.0113049	0.0491005	0.0675615	0.106807	0.0682154	0.122401	0.00710784	0.022009
129	0.0520583	0.0147355	0.0105493	0.0247778	0.00854785	0.0209782	0.0156873	0.0250535	0.068095	0.0287558	0.0553932	0.0260667	0.0124151	0.0223354	0.0274137	0.168108	0.36537	0.0364498	0.0075561	0.00965365
130	0.045504	0.0116351	0.0561659	0.0255211	0.00953494	0.397728	0.0194896	0.0181699	0.0817295	0.0254407	0.0431905	0.048975	0.0105779	0.0338803	0.0410217	0.0616971	0.0335802	0.0187174	0.00542352	0.0120177
131	0.133182	0.016985	0.0137336	0.0363099	0.0165815	0.0205281	0.0150009	0.02844	0.0197135	0.0211212	0.0175333	0.0232035	0.187221	0.0588015	0.0196512	0.102161	0.227003	0.0318233	0.00305515	0.00795206
132	0.0152239	0.0067467	0.00283952	0.00225366	0.0261721	0.00331864	0.00267917	0.248524	0.00344303	0.428189	0.0524563	0.00370192	0.00393586	0.00359038	0.00438383	0.0144141	0.0188657	0.150568	0.00299608	0.00569911
133	0.0481041	0.0166304	0.0211555	0.0795388	0.0149061	0.0192771	0.0569675	0.0368557	0.0427983	0.0397117	0.0767144	0.0499245	0.0151013	0.0434834	0.0360253	0.104406	0.24325	0.0342242	0.00824283	0.0126831
134	0.02409	0.0575382	0.00860906	0.172332	0.00679522	0.00784356	0.0125269	0.00921468	0.102755	0.0329893	0.010078	0.0147881	0.022113	0.282177	0.132138	0.0464978	0.0328515	0.0131705	0.00401459	0.00747699
135	0.0372835	0.0369232	0.0306827	0.0748628	0.0192661	0.0162196	0.0372585	0.0164613	0.130821	0.0545709	0.0274508	0.0689956	0.00544238	0.154739	0.136552	0.0599635	0.0319736	0.0237948	0.0121833	0.0245558
136	0.126691	0.064006	0.00296827	0.00180826	0.0496308	0.039965	0.00420407	0.161543	0.00824207	0.151721	0.0605298	0.013185	0.00537074	0.0025235	0.00222715	0.0367896	0.0795374	0.176203	0.00109747	0.0117569
137	0.0826222	0.122222	0.00261986	0.0185145	0.0580659	0.00530921	0.0363358	0.0393951	0.00506961	0.0103139	0.0107949	0.103623	0.00465647	0.00616813	0.00470911	0.262383	0.209026	0.00964252	0.00158411	0.00694439
138	0.0177996	0.00406787	0.00249874	0.00263437	0.0194922	0.00158024	0.000987728	0.441911	0.00831533	0.0749045	0.0282224	0.00343657	0.00759568	0.00244642	0.0030208	0.00819306	0.0176779	0.353304	0.000291468	0.00162016
139	0.198276	0.0212744	0.0364861	0.0366434	0.00331784	0.244356	0.0157657	0.00433886	0.0171326	0.01816	0.00388393	0.127165	0.033146	0.00663248	0.0371743	0.0957297	0.0314623	0.0167969	0.0136431	0.0386152
140	0.0517828	0.00485796	0.0875513	0.0366635	0.00197687	0.553992	0.0139227	0.00314564	0.0422316	0.00391162	0.00453752	0.0588637	0.00427841	0.0199202	0.0231665	0.0604803	0.0190515	0.00529689	0.00138914	0.0029802
141	0.0492587	0.00188718	0.166067	0.283497	0.0221367	0.00319778	0.016167	0.0206614	0.0730509	0.0702579	0.0270763	0.0526401	0.00127469	0.0976791	0.0266614	0.0331751	0.024624	0.027441	0.00170501	0.00154106
142	0.020685	0.0122598	0.000747899	0.00473791	0.309171	0.00132038	0.0241498	0.0437557	0.00819717	0.141564	0.0396504	0.0170433	0.00066713	0.00963087	0.0106171	0.0258577	0.0148177	0.0458211	0.0278604	0.241446
143	0.0173201	0.0124415	0.000932066	0.00792636	0.267459	0.00188716	0.00388851	0.0505341	0.00516718	0.426797	0.0808549	0.00656246	0.00812441	0.00699123	0.00166377	0.0120606	0.0177982	0.0352011	0.00908581	0.027305
144	0.0277104	0.0109561	0.0143449	0.0507195	0.03611	0.008836	0.0293181	0.084352	0.102604	0.168476	0.0331373	0.0227437	0.0067053	0.0374293	0.134533	0.0366201	0.0826329	0.070696	0.00566064	0.0364154
145	0.164988	0.0919294	0.00469697	0.00262521	0.0179517	0.0120917	0.00992903	0.132631	0.00877004	0.101862	0.0618657	0.0347831	0.00625014	0.00310593	0.00304717	0.0390886	0.0905688	0.202802	0.00110966	0.00990402
146	0.0197554	0.00332032	0.00117492	0.00287981	0.0369742	0.00202463	0.00900824	0.126145	0.00665488	0.511513	0.159658	0.00555211	0.0173722	0.00954328	0.0024178	0.0114666	0.00993554	0.055896	0.00168991	0.00701761
147	0.365476	0.0165239	0.000919194	0.00228876	0.0118652	0.0215626	0.00118476	0.00198767	0.00144085	0.00762687	0.00145856	0.0127199	0.00461858	0.00550176	0.00762493	0.46529	0.0476143	0.0161932	0.000598806	0.00750462
148	0.0268528	0.00947974	0.000577699	0.00146033	0.0378098	0.00452281	0.00165172	0.300865	0.00151625	0.135729	0.0309416	0.000873698	0.00118657	0.00311906	0.000882422	0.0168245	0.0435586	0.378292	0.000212558	0.00364365
149	0.117614	0.167739	0.00681651	0.0101844	0.029646	0.0155864	0.0150477	0.0629924	0.0106249	0.0299257	0.0243614	0.0992667	0.00508446	0.0112786	0.00784488	0.191452	0.134866	0.0404357	0.00321234	0.0160197
150	0.0330689	0.020895	0.00801342	0.00861039	0.00699758	0.0108538	0.154004	0.00953252	0.0267955	0.00818321	0.0308618	0.47197	0.00421566	0.0414034	0.0683501	0.0374273	0.016913	0.0131302	0.00172824	0.0270454
151	0.0781933	0.00863083	0.0209616	0.0639585	0.00584869	0.00834227	0.0131703	0.0428497	0.0153314	0.0112979	0.0545164	0.0921153	0.00535886	0.026784	0.0109249	0.154258	0.36148	0.0183889	0.0017683	0.00582108
152	0.0276344	0.0119475	0.0253509	0.0661255	0.0287789	0.00914482	0.0259921	0.11132	0.084833	0.119972	0.0245925	0.0342945	0.0100345	0.0410202	0.096351	0.0524186	0.0727514	0.114585	0.0083471	0.0345069
153	0.0129501	0.0091587	0.000578868	0.00372193	0.355252	0.00087097	0.0227887	0.0287109	0.00352392	0.0853512	0.0305059	0.00903276	0.00202984	0.00662772	0.00434405	0.0111882	0.00800037	0.0208419	0.0186219	0.3659
154	0.0439727	0.026497	0.0389619	0.0734339	0.0174709	0.0139877	0.0364267	0.0213852	0.137317	0.0549732	0.0272083	0.0843406	0.0048808	0.131527	0.120777	0.0674025	0.0361237	0.0290435	0.008516	0.025755
155	0.533949	0.0246921	0.0052001	0.0116583	0.0162732	0.176265	0.00276035	0.00706404	0.00276598	0.00186864	0.0019295	0.00729831	0.00224557	0.0110236	0.0121259	0.139999	0.0308527	0.0102192	0.00043003	0.00137947
156	0.155775	0.00699219	0.00761901	0.0607777	0.00583857	0.0483134	0.00776878	0.0159125	0.00814063	0.00846393	0.00616596	0.0480544	0.111165	0.088764	0.0179541	0.353962	0.0252082	0.0138417	0.00239233	0.00689162
157	0.159634	0.142679	0.00618499	0.0103581	0.0192471	0.0318749	0.0121018	0.0264563	0.0109019	0.0223458	0.0148954	0.0523587	0.0092642	0.0158418	0.0138405	0.30213	0.100165	0.0301283	0.00626766	0.0133252
158	0.0993764	0.0147031	0.0383162	0.0676898	0.0160429	0.0313416	0.0207212	0.0242559	0.0394831	0.0227657	0.0142656	0.0826729	0.220596	0.0811101	0.0348886	0.10634	0.0426927	0.0253187	0.00280591	0.0146137
159	0.0105965	0.00649468	0.720056	0.080367	0.00439013	0.0349396	0.00588465	0.00482874	0.00933057	0.00644576	0.00873166	0.0323018	0.00655803	0.0168293	0.0161623	0.0128462	0.00820966	0.0108363	0.00103808	0.0031529
160	0.0161456	0.00299655	0.251591	0.47477	0.0144471	0.0121338	0.0206736	0.0116406	0.0124412	0.0140834	0.00959559	0.0366084	0.0158581	0.0428294	0.00677993	0.0237683	0.0139465	0.0118805	0.000684808	0.00712561
161	0.120984	0.00553412	0.0234656	0.149703	0.00522112	0.116049	0.0255344	0.0854613	0.0552178	0.0925579	0.00901682	0.0268598	0.0373614	0.0741938	0.0358679	0.0568306	0.020001	0.048674	0.00233238	0.00913428
162	0.497531	0.0271539	0.00832505	0.0155127	0.0156671	0.155025	0.00436731	0.00984682	0.00582507	0.00533162	0.00468949	0.0113934	0.00325963	0.0131965	0.0143584	0.145719	0.0460617	0.012665	0.000816159	0.00325461
163	0.0207137	0.016794	0.000908654	0.00645278	0.242782	0.00329361	0.00456376	0.0740806	0.00502616	0.383834	0.0818617	0.00625466	0.00596351	0.00625699	0.00233872	0.0146373	0.0205621	0.0639102	0.00611022	0.0336544
164	0.0516593	0.0433597	0.0011567	0.00303082	0.07789	0.0097057	0.00263288	0.176217	0.00252812	0.220292	0.0664232	0.00460665	0.00168142	0.00427558	0.00553738	0.0177774	0.0349059	0.265516	0.00258473	0.00821918
165	0.0693727	0.0247795	0.0547044	0.0509892	0.00697387	0.0320902	0.0108399	0.0697355	0.0994903	0.106971	0.0215366	0.0811895	0.00303371	0.0296724	0.0366771	0.120477	0.0950671	0.0348752	0.002303	0.0492219
166	0.531183	0.0264305	0.00573703	0.0146107	0.0211981	0.192898	0.00289215	0.00756977	0.0033439	0.00280848	0.00240001	0.00781902	0.00429059	0.010492	0.0156547	0.109594	0.0291977	0.00895969	0.00058403	0.00233621
167	0.267096	0.113665	0.00468596	0.00342991	0.0221048	0.0258086	0.00641406	0.0622934	0.0107708	0.0325865	0.0432221	0.0146216	0.00724037	0.00959259	0.00412021	0.144811	0.117921	0.0930513	0.00320218	0.0133628
168	0.148945	0.00692974	0.00412309	0.0466241	0.00453376	0.020796	0.0245827	0.00768479	0.118362	0.00933293	0.0361847	0.0237842	0.00306242	0.0813571	0.340133	0.0771293	0.0155562	0.00800103	0.00286962	0.0200083
169	0.0426033	0.0293835	0.040611	0.0717416	0.0212195	0.0144639	0.0368186	0.0212315	0.135216	0.0564397	0.0268812	0.0882172	0.00569197	0.120564	0.126151	0.0642289	0.0349311	0.0256343	0.00918381	0.0287873
170	0.0315245	0.0242061	0.000810116	0.00549871	0.23735	0.00405061	0.00811307	0.0837558	0.00496317	0.287583	0.0727958	0.0116293	0.00262132	0.00880276	0.00405656	0.0172628	0.0200145	0.0816597	0.00869675	0.0846059
171	0.0296886	0.00267892	0.10908	0.02946	0.00231644	0.538099	0.0183694	0.0040131	0.0426689	0.00363746	0.0062933	0.0986702	0.00147462	0.0241182	0.0152249	0.0515512	0.0137182	0.00469664	0.0011348	0.0031061
172	0.00965014	0.00992261	0.000509564	0.00357933	0.361272	0.000750771	0.0261239	0.0292447	0.00326301	0.0418222	0.0295956	0.00537321	0.00220691	0.00576518	0.00374487	0.00690938	0.00509143	0.020855	0.0166073	0.417712
173	0.0389471	0.0129361	0.0128211	0.075327	0.0216131	0.00880701	0.0152869	0.126966	0.106424	0.0571308	0.0217044	0.0208932	0.0060996	0.0307882	0.0859478	0.0512544	0.0930074	0.189614	0.00493537	0.0194967
174	0.02017	0.013648	0.00061169	0.00505391	0.291229	0.00116582	0.0249598	0.0449639	0.00902359	0.153446	0.0420106	0.015557	0.000684062	0.00922641	0.0108273	0.0245697	0.0141057	0.0496476	0.0240426	0.245058
175	0.0271955	0.0123369	0.0233525	0.0615746	0.0300076	0.00910875	0.0274837	0.109555	0.0879248	0.122187	0.0247874	0.0330517	0.00992583	0.0394179	0.0986683	0.0512123	0.0747675	0.114129	0.00824437	0.0350687
176	0.17498	0.0114826	0.0553272	0.0909157	0.00436301	0.101723	0.032019	0.00451936	0.051358	0.00447089	0.00305518	0.0738255	0.0052194	0.0446652	0.0580994	0.160039	0.101388	0.0162669	0.00214565	0.00413849
177	0.0339234	0.0213319	0.0242299	0.0484918	0.0203669	0.0125778	0.0281437	0.0777504	0.0926905	0.116859	0.0355104	0.0439629	0.00688798	0.0746742	0.13394	0.0735503	0.0550129	0.069724	0.00621259	0.0241594
178	0.171738	0.0786045	0.0415428	0.0410595	0.0214353	0.038126	0.126408	0.00680944	0.0513658	0.008588	0.00741303	0.112643	0.00458362	0.0657136	0.0398417	0.0800077	0.0428015	0.0391446	0.0165719	0.00560248
179	0.0257964	0.00865216	0.000511528	0.0010657	0.0399966	0.0047171	0.00176222	0.296333	0.00099832	0.139435	0.0319768	0.000648205	0.000699575	0.0030717	0.000630762	0.0169071	0.0439652	0.378883	0.000214515	0.00373539
180	0.0208924	0.0051337	0.00131841	0.00508746	0.0922703	0.0026161	0.0179398	0.10087	0.0129398	0.525576	0.084607	0.0111866	0.0151298	0.011502	0.00430673	0.0136168	0.00905826	0.0469032	0.00202089	0.0170247
181	0.075035	0.00652637	0.175756	0.325349	0.00145066	0.0398758	0.0067086	0.00253843	0.0502235	0.00524741	0.00214966	0.0434854	0.0861564	0.0780713	0.026501	0.0577514	0.012183	0.00267087	0.000662419	0.001658
182	0.01354	0.0106979	0.00123815	0.00393071	0.37376	0.00158525	0.02645	0.0283993	0.00379001	0.0617594	0.0285211	0.00824659	0.00232295	0.00735598	0.00453876	0.0116485	0.0081489	0.019373	0.0179622	0.366731
183	0.0219199	0.00536218	0.191374	0.0174823	0.00553167	0.0280453	0.0102696	0.0100314	0.0133258	0.00643472	0.0111542	0.188555	0.00282247	0.0231627	0.00653018	0.194097	0.248506	0.00859533	0.00150473	0.00529608
184	0.158249	0.00930189	0.00342561	0.0164347	0.0043739	0.0613852	0.00393286	0.0158543	0.00489445	0.00591227	0.0043837	0.0995734	0.109495	0.030298	0.0223561	0.40537	0.0194017	0.0172948	0.00146712	0.00659539
185	0.040414	0.0060994	0.229473	0.0738417	0.0389746	0.0154353	0.00493984	0.0372612	0.040689	0.0148893	0.00669727	0.087969	0.0022669	0.0438254	0.0188176	0.0539433	0.127441	0.153408	0.000902808	0.00271133
186	0.0424272	0.0188501	0.0115238	0.0249407	0.0300017	0.0160755	0.0246062	0.0240211	0.141662	0.0585515	0.0199369	0.0314426	0.00759086	0.0464015	0.340466	0.0456547	0.0272	0.0279744	0.0103786	0.0502948
187	0.0359474	0.0163007	0.00555817	0.0181921	0.00329942	0.00550419	0.0196264	0.00474259	0.255073	0.0111323	0.012853	0.0211485	0.00517638	0.0453624	0.463422	0.0430315	0.0152926	0.00628804	0.00269449	0.00935451
188	0.0279344	0.0409866	0.011946	0.0347578	0.00657172	0.00824213	0.0202147	0.00949079	0.203658	0.0238231	0.0126334	0.0298962	0.00721627	0.0761186	0.390579	0.049225	0.019077	0.0123441	0.00385135	0.0114336
189	0.0177359	0.0104201	0.000560394	0.00407196	0.303016	0.000948847	0.0235582	0.0385175	0.0064556	0.115397	0.0352377	0.0136719	0.000999425	0.00782539	0.00786926	0.019738	0.0109437	0.0347176	0.0247373	0.323578
190	0.0842203	0.438383	0.00226782	0.00382671	0.0051965	0.0170744	0.00453141	0.0311273	0.00399017	0.0269476	0.00671313	0.00614394	0.0018094	0.00411542	0.00315911	0.149133	0.163175	0.0316781	0.0100121	0.00649483
191	0.0507642	0.0196809	0.0195689	0.0391751	0.0248306	0.0166663	0.0218711	0.0604192	0.194642	0.0672968	0.0376699	0.0366896	0.0100956	0.0457783	0.0918884	0.0582518	0.051959	0.121216	0.00770616	0.0238294
192	0.0439467	0.00951385	0.0629068	0.0181225	0.00278464	0.666625	0.00892778	0.00416136	0.0253317	0.00669561	0.00575496	0.0376445	0.00344881	0.0142372	0.0135347	0.050337	0.0134113	0.00676683	0.00194957	0.00389892
193	0.371347	0.0211242	0.029515	0.0773963	0.0147339	0.105859	0.0122442	0.0167289	0.0235345	0.0166548	0.0116615	0.0274261	0.0206094	0.0373816	0.0265333	0.108102	0.0447987	0.0218104	0.0039602	0.00857919
