523	20
1	0.051419	0.000933239	0.243473	0.259573	0.00185049	0.0390013	0.0244549	0.0117803	0.0396894	0.0231399	0.00768319	0.060207	0.0372754	0.0690536	0.018397	0.0591234	0.039493	0.00791083	0.000532034	0.00501007
2	0.0652945	0.0122266	0.0591415	0.102135	0.00849661	0.0195814	0.0704619	0.0164894	0.108036	0.0290502	0.0226166	0.0529051	0.0112875	0.128238	0.092672	0.0819574	0.0761262	0.0299405	0.00114476	0.012199
3	0.0481021	0.00686937	0.0155723	0.132269	0.00716935	0.0104114	0.0224652	0.0439911	0.0817501	0.0268233	0.0425416	0.0428425	0.00737696	0.162323	0.078356	0.0815711	0.0429812	0.12572	0.00178482	0.0190802
4	0.023531	0.011698	0.0106296	0.011081	0.00477227	0.0135644	0.0270307	0.0100823	0.389002	0.019319	0.00596387	0.041595	0.0109184	0.07169	0.247445	0.0501391	0.0236434	0.01834	0.0029271	0.0066272
5	0.0312494	0.0136057	0.0149487	0.0225765	0.00527795	0.0163447	0.0334125	0.0101981	0.332348	0.0186973	0.00746612	0.044873	0.0105933	0.083719	0.23075	0.0603555	0.0324912	0.0215446	0.00263521	0.00691307
6	0.0451435	0.012767	0.000409891	0.000482013	0.00876826	0.00206082	0.00162264	0.331752	0.00200049	0.0915172	0.00962431	0.00472108	0.00469201	0.00456826	0.00256353	0.00552637	0.0358769	0.428603	0.000136129	0.00716402
7	0.039	0.000617948	0.294365	0.265462	0.00183891	0.0350075	0.0219786	0.0114386	0.0358771	0.0178133	0.005587	0.0623469	0.0328406	0.0646076	0.0147502	0.0497037	0.0362247	0.00585931	0.000436126	0.00424472
8	0.0514136	0.00543078	0.0433148	0.0855564	0.00606281	0.0228794	0.0214436	0.0542887	0.106806	0.0592789	0.0306704	0.0616648	0.0103825	0.0980591	0.0677165	0.102858	0.083982	0.0769742	0.00155328	0.00966395
9	0.0478214	0.00385492	0.225004	0.230059	0.00760117	0.038714	0.0246161	0.0162513	0.0447208	0.0237694	0.00906512	0.0637666	0.0330549	0.0663448	0.0223137	0.0718772	0.0427815	0.015272	0.000816297	0.0122964
10	0.00992587	0.00144976	0.000374007	0.000471382	0.0357807	0.000916446	0.000560132	0.113731	0.000557652	0.687898	0.0941981	0.00165895	0.000410247	0.00153302	0.000520028	0.00396206	0.00634349	0.0344208	0.00110451	0.00418458
11	0.174141	0.0115343	0.0218602	0.0218842	0.0158876	0.12525	0.0151412	0.0690458	0.0386074	0.0266572	0.016373	0.0923086	0.0221043	0.0918942	0.0285937	0.091765	0.0591843	0.06677	0.0023788	0.00861932
12	0.0294413	0.00946513	0.0353741	0.0178173	0.00809296	0.0132137	0.0692635	0.0166891	0.274794	0.0179354	0.00895446	0.216444	0.00926731	0.0429262	0.107233	0.0601511	0.0303254	0.0202208	0.00264009	0.00975058
13	0.044623	0.0137066	0.000900452	0.000877524	0.0174864	0.00306163	0.00179245	0.316388	0.00296731	0.150398	0.0281708	0.00520459	0.00434729	0.00430864	0.00285135	0.0114853	0.0357136	0.34856	0.000505963	0.00665112
14	0.15097	0.00292054	0.0312749	0.0418208	0.0102173	0.137483	0.00774439	0.0137274	0.0849396	0.0135379	0.01149	0.0815762	0.0211419	0.088302	0.0547286	0.1229	0.0739441	0.0488424	0.000527263	0.00191146
15	0.0100814	0.00145254	0.000369009	0.000452586	0.0361083	0.000900257	0.000560915	0.117698	0.000542816	0.681881	0.0929088	0.00164118	0.000449595	0.00144783	0.000476325	0.004028	0.00651742	0.0371105	0.0011618	0.00421137
16	0.0914022	0.0143904	0.0601743	0.0418488	0.00579172	0.0549034	0.00411644	0.00855949	0.0315815	0.00369058	0.00363343	0.149173	0.00855608	0.0135707	0.0148095	0.37807	0.107479	0.00484478	0.000457757	0.00294727
17	0.2147	0.0177706	0.0257547	0.0164491	0.0134656	0.161585	0.045127	0.0184088	0.00786378	0.0161996	0.00841188	0.0293969	0.0328011	0.0262806	0.00906901	0.222676	0.0793989	0.0450002	0.000944395	0.0086971
18	0.0155576	0.00755013	0.00406248	0.0106997	0.16477	0.00700066	0.116919	0.0115584	0.0279053	0.0276484	0.0074374	0.0387926	0.00454883	0.0391534	0.0297363	0.0319919	0.030347	0.0309261	0.00446574	0.388929
19	0.0394187	0.000824519	0.278409	0.246403	0.00209376	0.0392731	0.0249157	0.0117234	0.0386716	0.0172216	0.00578808	0.066649	0.0320585	0.070625	0.0155853	0.0618571	0.0366718	0.00591592	0.000615688	0.0052791
20	0.0220784	0.0130272	0.0105048	0.0105329	0.00448069	0.0131096	0.0246674	0.00961012	0.397411	0.0182511	0.00546587	0.043778	0.0104176	0.0667194	0.250604	0.0494831	0.024419	0.0170316	0.00263851	0.00576896
21	0.0239949	0.0128345	0.0110399	0.0127374	0.00463361	0.0132044	0.0286936	0.00993996	0.379045	0.0187192	0.00599101	0.0414566	0.0106974	0.0744769	0.249983	0.0502673	0.0245174	0.0185577	0.00274441	0.00646581
22	0.0306507	0.0127012	0.0185973	0.0200219	0.00553153	0.0169138	0.0278413	0.0106691	0.365679	0.0200165	0.00690478	0.0487778	0.0124575	0.0693308	0.214654	0.0574131	0.0315996	0.0198323	0.00309005	0.00731792
23	0.0099613	0.00132597	0.00037413	0.000456695	0.0357214	0.000827108	0.000548572	0.115852	0.0005386	0.686476	0.0928978	0.00157888	0.000443554	0.00141735	0.000474978	0.00388313	0.00635368	0.0357144	0.00109323	0.0040613
24	0.0363103	0.00881772	0.000417466	0.000463769	0.0318675	0.00186089	0.000647854	0.305196	0.000951554	0.271436	0.0549427	0.00317224	0.00323856	0.00182109	0.000941074	0.00582941	0.023735	0.244463	0.000258225	0.00362975
25	0.0110335	0.0105416	0.00123237	0.00193433	0.274223	0.00175761	0.0242944	0.018081	0.00433445	0.0426291	0.0079592	0.0145556	0.00376193	0.00977083	0.00806645	0.0164016	0.0176429	0.0430339	0.00392134	0.484825
26	0.0584872	0.0315817	0.00282916	0.00186015	0.0261593	0.00858023	0.00175862	0.218205	0.00717182	0.195887	0.0887946	0.0071177	0.00423357	0.00871255	0.00563004	0.0442898	0.0622658	0.217306	0.00164944	0.0074794
27	0.0148403	0.01276	0.00292398	0.011478	0.16915	0.00441507	0.154873	0.00911846	0.0234061	0.0311163	0.00842629	0.0431037	0.00608895	0.0409152	0.0192253	0.0384114	0.0296887	0.0246464	0.00592134	0.349491
28	0.0310638	0.00571407	0.000335743	0.000330741	0.0365538	0.00166707	0.000420776	0.301874	0.000544895	0.322729	0.0652277	0.0030422	0.00277055	0.00129297	0.000575596	0.00406347	0.0194627	0.199441	0.000184798	0.002706
29	0.113426	0.0187428	0.0335486	0.0369654	0.0217507	0.0334066	0.0281241	0.0383559	0.0510581	0.0668133	0.0233805	0.0823767	0.0271617	0.0715448	0.0284954	0.137572	0.116304	0.0569799	0.00166012	0.0123336
30	0.184434	0.0366611	0.0242169	0.0249944	0.0113808	0.137448	0.0145641	0.0185446	0.0217451	0.0184871	0.010622	0.0477936	0.0244255	0.0274039	0.0144672	0.245282	0.0984538	0.0294408	0.00145229	0.00818213
31	0.0160465	0.00998461	0.00312274	0.0123833	0.152731	0.00531802	0.148421	0.0152476	0.0251055	0.0381592	0.0130086	0.0455819	0.00652829	0.0485356	0.022426	0.0318534	0.0313859	0.0332414	0.0113974	0.329523
32	0.0422386	0.000576282	0.280368	0.268581	0.00155445	0.0372766	0.0214069	0.0110297	0.039767	0.0182548	0.00489571	0.058418	0.0396047	0.0683153	0.0156984	0.0478702	0.0353088	0.00479418	0.000198143	0.00384311
33	0.0338357	0.00682008	0.000310716	0.000334887	0.0318879	0.00145626	0.000530968	0.315042	0.000740797	0.275311	0.052124	0.00311175	0.00311694	0.00144631	0.000927142	0.00385428	0.0218821	0.244253	0.000160584	0.00285363
34	0.0517979	0.00449134	0.137638	0.0997967	0.0095275	0.0229448	0.0198463	0.0384602	0.0586757	0.0679531	0.0255685	0.0604447	0.0191149	0.0682099	0.0360505	0.0887473	0.1195	0.0605309	0.00140468	0.00929664
35	0.0376352	0.0128332	0.00186812	0.00236138	0.0731413	0.00398925	0.00368061	0.250183	0.00441703	0.237456	0.0517958	0.00770281	0.004336	0.00672743	0.00361946	0.0164138	0.0282766	0.214517	0.00300497	0.0360403
36	0.160247	0.0200982	0.0219202	0.016193	0.018928	0.316402	0.0264742	0.0127033	0.0459458	0.0204359	0.0102321	0.0434672	0.0168625	0.0232141	0.0420855	0.122815	0.0347369	0.0309511	0.00399842	0.01229
37	0.0316455	0.0217001	0.00406411	0.0156744	0.101273	0.00704566	0.106246	0.0705683	0.0243007	0.135276	0.0400937	0.0356588	0.00892563	0.060718	0.0201705	0.0388102	0.0382003	0.0658755	0.0129535	0.1608
38	0.0546626	0.00396594	0.0333471	0.0525742	0.0217727	0.0114848	0.0259126	0.0577626	0.0646234	0.115483	0.0807563	0.0234677	0.0328758	0.123409	0.0517396	0.0578339	0.107709	0.0720779	0.000749297	0.00779285
39	0.0391695	0.00618079	0.0263631	0.0952457	0.016564	0.00862609	0.0605616	0.0496015	0.0576931	0.0775266	0.0620154	0.022921	0.0121159	0.209711	0.0570362	0.0516402	0.0695426	0.0632669	0.00145806	0.0127609
40	0.114349	0.067096	0.00273135	0.00155533	0.0189563	0.0152622	0.0037427	0.157073	0.00443899	0.10002	0.0705334	0.00800235	0.00496596	0.00950954	0.00276239	0.0961067	0.088838	0.2242	0.00163343	0.00822257
41	0.0698861	0.04661	0.00182604	0.0014139	0.0318798	0.00821815	0.00308061	0.197994	0.00266454	0.186031	0.0796442	0.00660926	0.00510663	0.0080339	0.00221578	0.0483249	0.0633104	0.223717	0.00261296	0.0108209
42	0.120997	0.00522285	0.0421876	0.0651086	0.013201	0.043341	0.0182199	0.0143094	0.1018	0.0249745	0.0120207	0.0768544	0.0198168	0.0956664	0.0536874	0.140562	0.0865133	0.0612532	0.000493882	0.00377011
43	0.0106081	0.00185706	0.000401276	0.0008753	0.0362298	0.000967359	0.000656246	0.11777	0.00130627	0.67476	0.093073	0.00185242	0.000571865	0.00233901	0.000814351	0.00447537	0.00736421	0.0380162	0.00127225	0.00478992
44	0.0322464	0.00662577	0.000355281	0.000299701	0.0358324	0.00172456	0.000461687	0.300211	0.000637468	0.313952	0.0625679	0.00307775	0.00293339	0.00136431	0.000682154	0.00486463	0.0204843	0.208504	0.000256397	0.00291855
45	0.0765978	0.0337303	0.0331637	0.0422581	0.00681605	0.0833369	0.00787624	0.0118941	0.0720119	0.0114323	0.00576921	0.138983	0.0295481	0.0256774	0.0546742	0.240443	0.0880477	0.028909	0.000833408	0.00799726
46	0.230129	0.0345015	0.0186828	0.0159242	0.00852702	0.139284	0.00953164	0.0132376	0.00704048	0.0174101	0.0188039	0.0195715	0.009877	0.0260192	0.00361293	0.338785	0.0617955	0.0226844	0.00113147	0.00345077
47	0.0379076	0.00771959	0.0186878	0.0568222	0.00672471	0.0212353	0.0338998	0.0384352	0.0383944	0.0160413	0.0228341	0.126855	0.12254	0.0797182	0.0176159	0.203008	0.119377	0.0232774	0.00145382	0.00745152
48	0.0342817	0.0127572	0.0168479	0.022882	0.00579302	0.0388007	0.0213113	0.0173277	0.28049	0.0215161	0.00767477	0.0664248	0.0162054	0.0581937	0.192753	0.0959099	0.045875	0.0356518	0.002505	0.00679951
49	0.0147255	0.00929153	0.00597699	0.00329101	0.26788	0.00907594	0.0376715	0.0167477	0.00520735	0.0602714	0.00757684	0.0194286	0.0189203	0.0113487	0.00775138	0.0256914	0.0165201	0.036364	0.00762692	0.418633
50	0.132853	0.0110617	0.046481	0.0627285	0.00804196	0.0536083	0.0109022	0.0229977	0.0179421	0.0219349	0.012077	0.0500853	0.132197	0.0395488	0.014634	0.229238	0.087008	0.0385195	0.000502575	0.00763924
51	0.0403965	0.000747161	0.301506	0.263611	0.00217364	0.0368968	0.0205721	0.0115676	0.0347733	0.0181149	0.00510361	0.0594474	0.034853	0.0618674	0.0142764	0.0491248	0.0347172	0.00592694	0.000231564	0.00409337
52	0.0239979	0.0130477	0.0115136	0.0126424	0.00500225	0.0142792	0.026829	0.0104718	0.384184	0.0190875	0.0060992	0.0441997	0.0105531	0.0697218	0.243139	0.0515264	0.0253837	0.0186483	0.0027291	0.00694458
53	0.0509741	0.0414055	0.00196936	0.0117823	0.103687	0.00746717	0.0296714	0.10185	0.00857063	0.18938	0.0656354	0.0247118	0.0118644	0.0419378	0.00712801	0.0445836	0.0383454	0.113561	0.0245598	0.0809161
54	0.0339458	0.00805364	0.000619691	0.000885813	0.0335698	0.00294133	0.000598931	0.287792	0.0032037	0.30378	0.0675786	0.00406895	0.00292595	0.00294497	0.00299087	0.00948552	0.0268074	0.203346	0.000438153	0.00402218
55	0.328911	0.0393002	0.00631889	0.00657899	0.0143274	0.291148	0.00824918	0.0107002	0.0055831	0.0212758	0.00941073	0.0110824	0.00683493	0.0138235	0.0042234	0.147608	0.0371978	0.0320689	0.00150326	0.00385422
56	0.0180013	0.0107327	0.00436625	0.00645389	0.216271	0.00547377	0.0466902	0.0173995	0.0120157	0.0362495	0.00901001	0.0233953	0.00572971	0.0204332	0.0139203	0.0269593	0.0324981	0.0417535	0.00363186	0.449015
57	0.0373537	0.0137226	0.000964926	0.000982075	0.0352123	0.00564517	0.000870832	0.210518	0.00409445	0.360885	0.110248	0.00643552	0.00194737	0.00760782	0.00322281	0.0203915	0.0333175	0.138041	0.000788999	0.00775085
58	0.277734	0.0361075	0.0116367	0.0093459	0.0386854	0.103456	0.014908	0.0306132	0.0109014	0.0328472	0.0144498	0.0206307	0.0128141	0.0208915	0.00968093	0.146192	0.10686	0.0677308	0.0229609	0.0115537
59	0.0706927	0.044993	0.00235777	0.00100409	0.0257401	0.00945234	0.0017741	0.193146	0.00423244	0.179426	0.0869243	0.00688415	0.00455629	0.00823308	0.00322423	0.0540766	0.0746983	0.219134	0.00178049	0.00766995
60	0.171098	0.0103821	0.0332103	0.0412841	0.00787982	0.130765	0.0149074	0.0119055	0.0279904	0.0146776	0.0103881	0.0388433	0.0205412	0.0522502	0.0169311	0.286976	0.0693112	0.0355102	0.000803459	0.00434451
61	0.0816866	0.0559009	0.00308773	0.00138513	0.0206527	0.0105726	0.00198844	0.18685	0.00453834	0.111952	0.0692187	0.00688507	0.00551591	0.00793618	0.00349054	0.0750792	0.0785922	0.263007	0.00219215	0.00946826
62	0.0100238	0.00145526	0.00037038	0.000486607	0.0361167	0.000827243	0.000600893	0.114574	0.000577709	0.686895	0.0929315	0.00160709	0.000453272	0.00149596	0.000487523	0.00405568	0.0063326	0.0352931	0.00117054	0.00424545
63	0.0278934	0.00573898	0.00074531	0.00104872	0.0472523	0.00319426	0.00123177	0.240497	0.00156051	0.375481	0.0933493	0.00536822	0.0020722	0.00415495	0.000955589	0.0111881	0.0204644	0.142639	0.00130139	0.013863
64	0.0458598	0.00865667	0.0564305	0.0487013	0.019091	0.0229544	0.176541	0.00983559	0.0260447	0.00586041	0.00354896	0.24028	0.0247875	0.0482322	0.0301109	0.155049	0.0129607	0.0178538	0.00069962	0.0465029
65	0.0869118	0.019697	0.0560605	0.147695	0.0071951	0.087765	0.0622586	0.0126926	0.0355133	0.0150481	0.00699958	0.0872263	0.0261311	0.0463717	0.0299082	0.168351	0.0644055	0.0184756	0.00161616	0.019678
66	0.0776554	0.00338081	0.0827871	0.102057	0.00416607	0.0562089	0.0200175	0.0145509	0.0822532	0.0214191	0.00910036	0.104731	0.0249102	0.0716066	0.0427069	0.169646	0.073155	0.02905	0.00162974	0.00896741
67	0.0455252	0.00964092	0.0665059	0.0487575	0.0189694	0.0221877	0.183256	0.0100247	0.0230924	0.00580067	0.00328711	0.239232	0.0242091	0.0436831	0.0266861	0.156907	0.0128844	0.0163973	0.000681604	0.0422715
68	0.0304518	0.0005447	0.344609	0.267361	0.00212471	0.0312055	0.017699	0.0118654	0.0310559	0.0170174	0.00478894	0.0610016	0.0301059	0.0563063	0.0113014	0.0433067	0.0326472	0.00375164	0.000213074	0.00264314
69	0.0284385	0.0048126	0.000403404	0.000526687	0.0453939	0.00167371	0.000488794	0.276921	0.00077415	0.360659	0.0665838	0.00305354	0.00228492	0.00133078	0.000525122	0.0052781	0.0173131	0.176688	0.000800064	0.00605151
70	0.0368001	0.0131536	0.00120943	0.00184946	0.0418536	0.00763801	0.00170752	0.223419	0.00694242	0.306512	0.109622	0.00970363	0.002655	0.00896126	0.00599203	0.025801	0.0369788	0.143527	0.0019765	0.0136985
71	0.0211976	0.0189521	0.0149284	0.0201347	0.00589109	0.0128236	0.0332384	0.00963723	0.338988	0.0163581	0.00562818	0.0430553	0.0114446	0.0796209	0.260814	0.051497	0.0298183	0.0170917	0.00235142	0.00652932
72	0.0379015	0.00468056	0.027477	0.0488739	0.025835	0.00728374	0.031904	0.0595189	0.0592774	0.14228	0.0937155	0.0144608	0.0236851	0.140769	0.054915	0.0442323	0.101817	0.0686933	0.00125978	0.0114198
73	0.0454583	0.0130425	0.000414567	0.000481925	0.00774682	0.00208577	0.001672	0.332041	0.00202228	0.0846253	0.00792059	0.00479975	0.00471283	0.00472647	0.00261615	0.00569613	0.0365649	0.435811	0.000141494	0.00741996
74	0.0826935	0.00855655	0.00791458	0.00879652	0.0359059	0.0114886	0.0313912	0.241355	0.0158533	0.0292741	0.0168393	0.0946306	0.00797656	0.0185739	0.0371715	0.0356308	0.110565	0.191631	0.00338819	0.0103642
75	0.0475079	0.00570812	0.0725685	0.0807709	0.00762125	0.0310666	0.08402	0.0148493	0.0729272	0.0172566	0.00975636	0.169317	0.014496	0.0733053	0.0436487	0.154382	0.0497697	0.0210966	0.00193788	0.0279939
76	0.192443	0.0698935	0.00906478	0.00546001	0.0166757	0.064305	0.029656	0.0480484	0.00885431	0.024076	0.0154872	0.043054	0.00815215	0.0256775	0.0151551	0.223014	0.142786	0.0364403	0.00110459	0.020652
77	0.0314222	0.00577093	0.000321571	0.000311114	0.0366132	0.00158242	0.000401626	0.305268	0.000540249	0.318011	0.0625691	0.00296064	0.00283803	0.00111694	0.000607723	0.00382332	0.0193656	0.203816	0.00017858	0.00248147
78	0.024256	0.0119155	0.0106983	0.0126491	0.00496211	0.0132234	0.0292354	0.0103127	0.381788	0.019149	0.00644256	0.0408355	0.0107282	0.0736007	0.245624	0.0504462	0.0246809	0.0190771	0.00291914	0.00745637
79	0.0438599	0.00203007	0.0804614	0.107215	0.00232886	0.0322227	0.0211182	0.0242933	0.129628	0.0415056	0.013153	0.112329	0.00724986	0.0662942	0.0706231	0.122772	0.0792126	0.0343463	0.00223524	0.00712188
80	0.0281437	0.00125634	0.389003	0.225127	0.00339531	0.0296282	0.0150959	0.0127314	0.0287349	0.0167474	0.0048435	0.070453	0.0242638	0.0466792	0.0106602	0.0498307	0.0343939	0.00575395	0.000368823	0.00288978
81	0.0262902	0.00510559	0.000406126	0.000437969	0.0337736	0.00150648	0.000557664	0.251821	0.000705875	0.406569	0.0657271	0.00278373	0.00227231	0.00155478	0.000672419	0.00463616	0.0174731	0.173388	0.000468518	0.00384995
82	0.15281	0.0274636	0.0359033	0.0353011	0.0110031	0.0204161	0.0144038	0.0609411	0.0441115	0.0772692	0.0445064	0.0424712	0.0104529	0.0871625	0.0176047	0.127064	0.103953	0.0785361	0.000540116	0.0080858
83	0.108583	0.00508893	0.0604979	0.0638287	0.00455075	0.134344	0.0155537	0.00722873	0.0224415	0.00950734	0.0074847	0.0575742	0.0243802	0.0415929	0.0111759	0.335273	0.0680356	0.0140806	0.000843496	0.00793492
84	0.12446	0.00522746	0.00869781	0.0126532	0.0434825	0.0431032	0.0523781	0.0357077	0.0367892	0.0363551	0.0360389	0.0543208	0.112625	0.0454483	0.0568833	0.156945	0.0630886	0.0683157	0.000898214	0.00658211
85	0.0350417	0.00627875	0.0105528	0.0401744	0.0102335	0.0137863	0.00961755	0.116821	0.0615589	0.0719864	0.0739103	0.047587	0.00703187	0.0997238	0.0723091	0.0516779	0.0552455	0.196105	0.0038261	0.016532
86	0.312483	0.135037	0.00261773	0.00303891	0.00366219	0.0554627	0.00420067	0.00902137	0.00264162	0.0065694	0.0189437	0.018737	0.00836891	0.00627857	0.00284707	0.259397	0.135477	0.0111496	0.000553491	0.00351261
87	0.0521749	0.0293899	0.00205008	0.00353472	0.0560782	0.00813078	0.00546797	0.154574	0.00674823	0.349128	0.0739789	0.00968105	0.0064283	0.0106138	0.00478201	0.0367602	0.0364295	0.123718	0.00434402	0.0259877
88	0.35775	0.0624929	0.00649304	0.00827049	0.0100737	0.174772	0.00561871	0.0130385	0.00406147	0.020123	0.0106658	0.0102633	0.00844217	0.0123107	0.00323261	0.198225	0.0612799	0.0288656	0.00122394	0.0027971
89	0.011737	0.00163963	0.000361359	0.0004507	0.0362652	0.000919391	0.000542962	0.131645	0.000554315	0.655852	0.0902125	0.00179132	0.000654623	0.00142875	0.000456454	0.00405483	0.00727655	0.0491749	0.000967692	0.00401474
90	0.0692013	0.0384077	0.0116318	0.0161912	0.0105674	0.00964409	0.112149	0.0114497	0.0287436	0.0296711	0.00949075	0.168191	0.0129169	0.0729115	0.0179421	0.173194	0.170467	0.0194525	0.00102833	0.0167486
91	0.10228	0.0679841	0.00371632	0.00635671	0.0728072	0.0112373	0.0122533	0.105113	0.0103494	0.133229	0.0698685	0.0156401	0.035435	0.0194142	0.00759054	0.0891	0.0636039	0.138735	0.0073701	0.0279162
92	0.0452715	0.0127972	0.000387851	0.000484236	0.00828589	0.0020276	0.00163198	0.332669	0.00197572	0.0882241	0.00883298	0.00472716	0.00472341	0.00461402	0.00261513	0.00544578	0.0360617	0.431858	0.000140176	0.00722589
93	0.381251	0.0550227	0.00321861	0.00542744	0.0113403	0.227953	0.00306657	0.01053	0.00181432	0.022205	0.00987443	0.00531826	0.00477214	0.0105626	0.00150185	0.169074	0.043284	0.0308138	0.00107541	0.00189456
94	0.115248	0.0643758	0.0110347	0.00861328	0.0116531	0.0440161	0.0213718	0.0494307	0.018155	0.0250366	0.0137703	0.114211	0.0191462	0.0222458	0.013165	0.217841	0.167005	0.0511863	0.00115787	0.0113357
95	0.0460605	0.0134444	0.000515148	0.000526719	0.00792999	0.00224508	0.00172309	0.329088	0.00219806	0.0852597	0.00913191	0.00506599	0.00475022	0.00500832	0.00266508	0.00693344	0.0378204	0.432011	0.000171877	0.00745053
96	0.141616	0.0221725	0.0163273	0.00989879	0.0562753	0.204118	0.036997	0.0264005	0.0336928	0.0399878	0.0147377	0.0448326	0.0213399	0.0254722	0.0292648	0.131434	0.0460132	0.040398	0.00700716	0.0520138
97	0.0617181	0.0274359	0.0419989	0.0575653	0.00830147	0.101388	0.0395864	0.0107691	0.0466331	0.0103461	0.00462302	0.154677	0.0371742	0.0277962	0.03195	0.228776	0.065245	0.0183765	0.0010448	0.0245944
98	0.0235976	0.011958	0.0108282	0.0114364	0.0046671	0.0135695	0.0268461	0.0101556	0.38548	0.0196	0.00590844	0.0409941	0.0111244	0.0724775	0.249904	0.0500817	0.0234317	0.0184869	0.00288734	0.00656586
99	0.00965552	0.00132972	0.00037232	0.000458761	0.0357423	0.000809542	0.000558645	0.113443	0.000543984	0.691171	0.0929954	0.00154216	0.000407905	0.00141353	0.000476315	0.00386865	0.00615884	0.0338136	0.00112291	0.00411662
100	0.22841	0.0505742	0.0135966	0.00524013	0.0197752	0.0963581	0.0355664	0.0497171	0.0073128	0.0303275	0.0149061	0.0302043	0.00626162	0.0192885	0.00785463	0.228845	0.0975834	0.041114	0.00110758	0.0159569
101	0.0914924	0.00486554	0.0667353	0.0988312	0.00446428	0.123518	0.043954	0.0151865	0.0254673	0.0151406	0.0049365	0.0738449	0.0871411	0.0539298	0.0114283	0.162789	0.0708845	0.0167432	0.000855856	0.0277922
102	0.0219293	0.000737542	0.426338	0.234841	0.00326855	0.0258548	0.0126585	0.0140035	0.0251968	0.0179041	0.00414947	0.0630785	0.0215625	0.0434151	0.00762027	0.0377858	0.0330708	0.00442649	0.000271471	0.00188762
103	0.0454583	0.0130425	0.000414567	0.000481925	0.00774682	0.00208577	0.001672	0.332041	0.00202228	0.0846253	0.00792059	0.00479975	0.00471283	0.00472647	0.00261615	0.00569613	0.0365649	0.435811	0.000141494	0.00741996
104	0.0497844	0.0346997	0.00355384	0.0162501	0.0987085	0.00682003	0.0330022	0.119762	0.00890446	0.180665	0.0548722	0.0194352	0.0154555	0.0430876	0.00791442	0.0399503	0.0372514	0.123085	0.0154553	0.091343
105	0.0231642	0.0120776	0.0107682	0.0114282	0.0046708	0.0140047	0.0272275	0.0100373	0.384257	0.0191206	0.00581881	0.0416103	0.011047	0.0728326	0.249059	0.0511578	0.0237974	0.0184639	0.00284984	0.00660776
106	0.0309457	0.00569069	0.000323122	0.000358539	0.0391045	0.00165426	0.000432854	0.300349	0.000639869	0.3226	0.0628807	0.00309545	0.00271227	0.00126962	0.000584898	0.00447146	0.01927	0.199809	0.000309231	0.00349843
107	0.033604	0.00839411	0.000453311	0.000477692	0.0381648	0.00231999	0.000584422	0.279842	0.000895375	0.324735	0.0671872	0.00344989	0.00262934	0.00187941	0.000809059	0.00773272	0.0230296	0.198565	0.000479965	0.00476669
108	0.0489144	0.0276012	0.00567801	0.00645055	0.0215793	0.0129362	0.00382637	0.178497	0.0332481	0.159735	0.0951083	0.0142312	0.00464106	0.020986	0.0320093	0.0552719	0.0884489	0.173208	0.00311373	0.014516
109	0.216741	0.0231333	0.0333083	0.0164339	0.00921465	0.106903	0.0312251	0.018398	0.00776445	0.0140982	0.00816518	0.0350992	0.0122892	0.0258111	0.00667121	0.289266	0.101397	0.035973	0.00136242	0.00674637
110	0.107037	0.00189746	0.039917	0.0393653	0.0033058	0.107291	0.0107195	0.03057	0.0166484	0.0129907	0.00996382	0.0443315	0.282286	0.0485872	0.0113917	0.147808	0.0523079	0.0227701	0.000315205	0.0104962
111	0.0485084	0.0403676	0.00226033	0.0126799	0.100414	0.00789562	0.0296892	0.113416	0.00722213	0.189988	0.0624183	0.0208834	0.0114418	0.0389983	0.00643596	0.0414376	0.0390649	0.125698	0.0186367	0.0825432
112	0.0442192	0.0124092	0.000424094	0.000434475	0.0146311	0.00201318	0.00129056	0.325987	0.0016232	0.137217	0.0214078	0.00413828	0.00444729	0.00379756	0.00227505	0.00624554	0.0327305	0.378663	0.000164324	0.00588121
113	0.0227181	0.0125909	0.010644	0.0112012	0.00451681	0.0132198	0.0263112	0.00985393	0.389014	0.018719	0.00567202	0.0419944	0.0106641	0.0704109	0.252893	0.0493849	0.0237161	0.0176451	0.00273258	0.00609786
114	0.0331012	0.0119039	0.0133256	0.0205101	0.00569811	0.0134852	0.035409	0.0114127	0.34216	0.0220373	0.0100723	0.0416852	0.0112753	0.0852476	0.220202	0.0571466	0.0322608	0.0229231	0.00259883	0.00754508
115	0.0241227	0.0219304	0.0122309	0.0135414	0.00526548	0.0191482	0.0241722	0.0092768	0.364782	0.0178231	0.00565965	0.0577352	0.0114865	0.0607908	0.231347	0.0641994	0.030348	0.0174601	0.00227429	0.00640664
116	0.335683	0.113898	0.00279016	0.00375043	0.00520108	0.0547346	0.00281035	0.0193195	0.00226068	0.0139769	0.0118428	0.0110265	0.00716239	0.0051629	0.00221831	0.273868	0.101303	0.0294257	0.000545615	0.00301948
117	0.282987	0.105866	0.00260833	0.00200082	0.0108904	0.0329832	0.00415654	0.0745781	0.00218022	0.0481573	0.00476513	0.00600147	0.00281008	0.00437089	0.00318417	0.246	0.0495963	0.109628	0.000724062	0.00651093
118	0.02578	0.00612781	0.00085701	0.00137126	0.0353996	0.00282093	0.00136679	0.172088	0.0017846	0.531059	0.0797821	0.00347144	0.00198291	0.00338646	0.00153378	0.0105544	0.0154254	0.0978929	0.00130864	0.00600732
119	0.324667	0.129716	0.0018156	0.00296027	0.00317478	0.0537949	0.00254509	0.00935497	0.0022119	0.00724724	0.0148585	0.0147539	0.00907156	0.00573512	0.00252644	0.255953	0.14143	0.0144085	0.000606634	0.00316811
120	0.0175207	0.00378789	0.00041319	0.000488617	0.0417903	0.00165612	0.000717232	0.143103	0.000692654	0.594197	0.0951639	0.00290732	0.000863228	0.00256374	0.000611893	0.00699533	0.0117085	0.0671614	0.00153353	0.00612437
121	0.0334498	0.00937669	0.0152875	0.0257315	0.0233604	0.0184588	0.0424487	0.055925	0.194091	0.0993513	0.0361885	0.0373826	0.0121936	0.073193	0.130778	0.0535245	0.0492567	0.0458981	0.0033932	0.0407117
122	0.0968296	0.0139116	0.0166839	0.0504198	0.00872728	0.00921815	0.107653	0.00669858	0.154019	0.0157319	0.0267378	0.0418801	0.00375227	0.132064	0.118045	0.0876932	0.0748696	0.0230297	0.000791176	0.0112446
123	0.0114531	0.00202861	0.000420752	0.000563654	0.0360865	0.00127092	0.000606237	0.124152	0.000912021	0.659747	0.0975113	0.0020454	0.000542157	0.00194478	0.0007755	0.00497406	0.00779332	0.0413904	0.00108069	0.00470171
124	0.0209163	0.0254741	0.00113319	0.00114965	0.352512	0.00158	0.00308278	0.0492513	0.003242	0.126934	0.0254792	0.0138808	0.00196851	0.00470859	0.00408965	0.00946467	0.0153354	0.0506027	0.00904024	0.280155
125	0.0248903	0.0113981	0.0126101	0.0136496	0.00502633	0.0147496	0.0259723	0.0150055	0.369463	0.0240566	0.00771811	0.0415654	0.0142786	0.0736857	0.236729	0.0516538	0.0258781	0.0220694	0.00269148	0.00690866
126	0.08029	0.00429646	0.0606764	0.0400272	0.010624	0.0377487	0.0159851	0.0152554	0.159304	0.0524374	0.00906719	0.076508	0.0297187	0.0456495	0.0349527	0.122467	0.117828	0.0679667	0.00151213	0.0176853
127	0.068025	0.0516013	0.021256	0.00536782	0.051757	0.00762587	0.0915285	0.00886837	0.0279789	0.0453819	0.0368947	0.257264	0.00534498	0.0160636	0.00662449	0.122395	0.0368029	0.0140424	0.00122533	0.123952
128	0.0500904	0.00262853	0.0137949	0.0378124	0.00412171	0.0284426	0.0229648	0.0382738	0.0235886	0.00958877	0.011438	0.0640119	0.374965	0.0639637	0.0196231	0.13741	0.0692746	0.0225238	0.000686483	0.00479775
129	0.0342975	0.00047661	0.316262	0.275406	0.00178491	0.0338111	0.0198858	0.0114642	0.0333942	0.0174057	0.00486745	0.0592779	0.032898	0.0623863	0.0128221	0.0432323	0.0333656	0.00376596	0.000186147	0.00300969
130	0.0383749	0.000538539	0.293434	0.271406	0.00164167	0.0354132	0.0207509	0.0116903	0.0367869	0.0185811	0.00517509	0.0594454	0.0347809	0.0664111	0.0149312	0.0467618	0.0354995	0.00460243	0.000234347	0.00354079
131	0.022306	0.021766	0.00295734	0.00444451	0.224809	0.00525946	0.0113883	0.0481105	0.00541025	0.128779	0.0386511	0.0154067	0.00665125	0.022071	0.00608926	0.022111	0.0209469	0.0664987	0.18157	0.144774
132	0.259471	0.0164836	0.00748821	0.018921	0.0252995	0.0167497	0.0191251	0.0821023	0.00829066	0.0305407	0.0125342	0.015784	0.0735375	0.0147769	0.0217437	0.190126	0.0687311	0.0982915	0.0012947	0.0187088
133	0.120752	0.00179575	0.116522	0.136222	0.00676203	0.0383244	0.0105553	0.0114089	0.0232764	0.0258306	0.0046588	0.0604993	0.0924172	0.0623868	0.0146064	0.174293	0.0604867	0.028566	0.000531983	0.0101046
134	0.0247453	0.021487	0.014404	0.0212133	0.00564251	0.0136388	0.0390109	0.00917837	0.323253	0.0158845	0.00616034	0.0413233	0.0118962	0.0862613	0.252985	0.0542666	0.0316186	0.0181751	0.00225759	0.00659852
135	0.0320631	0.00632687	0.000372573	0.000311216	0.0364024	0.00187066	0.00041232	0.301026	0.000575636	0.318808	0.0669698	0.00326224	0.00274679	0.00146257	0.000581914	0.00480762	0.0202225	0.198789	0.00018692	0.00280217
136	0.0811694	0.052745	0.00401543	0.0018349	0.0206242	0.0120807	0.00199013	0.177656	0.0059493	0.113344	0.0780511	0.00865005	0.00570724	0.00893899	0.00411696	0.0749047	0.0870791	0.24978	0.00243201	0.0089301
137	0.103422	0.0141326	0.020266	0.0566717	0.00706638	0.00723294	0.10359	0.00606972	0.14074	0.0149681	0.024273	0.0437474	0.00198708	0.146759	0.106761	0.0904814	0.0788467	0.0234728	0.000628641	0.00888313
138	0.0130097	0.00204444	0.000368025	0.00041724	0.0346671	0.00100604	0.000513656	0.144912	0.000615271	0.633957	0.0881921	0.00179593	0.000755537	0.0013748	0.000488444	0.00362124	0.00838424	0.0592912	0.000846678	0.00373893
139	0.0121527	0.00210579	0.000366811	0.000438532	0.0362559	0.00104047	0.000555314	0.124269	0.000619571	0.662359	0.0937748	0.00182758	0.000520913	0.00161203	0.000500944	0.004402	0.00785314	0.0440251	0.00107996	0.0042395
140	0.0676451	0.00230631	0.174822	0.179047	0.00250543	0.0793678	0.0244452	0.00976562	0.0459136	0.0194881	0.00520912	0.0789995	0.0386106	0.0635614	0.021159	0.114153	0.0485982	0.0118899	0.00103299	0.0114806
141	0.0781008	0.0322993	0.0207638	0.0199626	0.0136417	0.192768	0.0281856	0.0147037	0.0861331	0.0200468	0.00887163	0.0963574	0.0178076	0.0279407	0.0844604	0.156998	0.0536483	0.0294325	0.0039029	0.0139757
142	0.0243473	0.005108	0.000417488	0.000840929	0.0480757	0.00156514	0.00110178	0.226666	0.00106775	0.43182	0.0706567	0.00350361	0.00223774	0.00222487	0.000696344	0.00784545	0.0161689	0.144529	0.00170151	0.00942605
143	0.085064	0.058313	0.00308157	0.000997458	0.0208604	0.0115241	0.00200211	0.172781	0.00397423	0.115989	0.0823346	0.00694929	0.00555779	0.00803816	0.00284887	0.0731138	0.0899032	0.246893	0.00210979	0.00766495
144	0.0389215	0.0134335	0.00311653	0.00405939	0.0317407	0.010196	0.00269747	0.178088	0.0203225	0.309975	0.102986	0.0117754	0.00278134	0.0169648	0.016616	0.0417332	0.063134	0.114921	0.00242691	0.0141093
145	0.345189	0.125781	0.0014756	0.00322078	0.00331452	0.0567532	0.00203396	0.00740035	0.00168118	0.00681736	0.014207	0.0100316	0.00846029	0.00460899	0.00166066	0.274445	0.11935	0.0111578	0.000525759	0.00188649
146	0.280783	0.100129	0.00278243	0.00200479	0.0111221	0.037654	0.0042202	0.0745026	0.00215944	0.0506182	0.0056015	0.00608833	0.00356295	0.00461924	0.00327128	0.239858	0.0521309	0.111916	0.000788041	0.00618794
147	0.0877554	0.0591904	0.00311539	0.0010571	0.0201829	0.0115443	0.00213026	0.171105	0.00380084	0.112682	0.081303	0.00676736	0.00570727	0.0079206	0.00283636	0.0735458	0.0947191	0.245218	0.00202279	0.0073958
148	0.144901	0.0253952	0.0300247	0.0278237	0.00734489	0.0859351	0.0107384	0.0202072	0.0225453	0.0149945	0.0181905	0.075155	0.0955408	0.0315479	0.0141494	0.241204	0.0978809	0.0283494	0.000659969	0.0074124
149	0.0197087	0.0136794	0.00133665	0.00190062	0.174962	0.00300139	0.00513516	0.102774	0.00315974	0.365333	0.0566553	0.0106492	0.00297895	0.00783491	0.00329973	0.0165598	0.0168453	0.0744706	0.00909552	0.110621
150	0.0320911	0.00610866	0.000320816	0.000362926	0.0356532	0.00152922	0.000505031	0.307302	0.000640006	0.307257	0.0595105	0.0029901	0.00286877	0.00122863	0.00065568	0.00381458	0.0198128	0.214254	0.000181575	0.00291394
151	0.275874	0.111197	0.00224261	0.00179848	0.0106804	0.0275298	0.00310131	0.0773102	0.00196887	0.0487404	0.00389173	0.00452002	0.00261252	0.0033099	0.0030261	0.246171	0.0464204	0.122183	0.000697454	0.00672512
152	0.0464483	0.0119502	0.00261062	0.00328348	0.014739	0.00271478	0.00521463	0.318212	0.0031948	0.0872976	0.0112107	0.00579533	0.00625655	0.00783113	0.00306032	0.0113646	0.0374668	0.399364	0.000304633	0.0216806
153	0.10161	0.00174347	0.0295382	0.0264519	0.00362487	0.0887109	0.00883343	0.0362324	0.011872	0.0130888	0.0110789	0.0382807	0.340949	0.0458611	0.0116825	0.136272	0.0570351	0.028421	0.000322724	0.0083915
154	0.0380969	0.00909363	0.0123278	0.0177192	0.0142149	0.0157974	0.0338804	0.0248684	0.305329	0.0404177	0.0173191	0.035975	0.0205956	0.0814258	0.184146	0.0600309	0.0325037	0.0398016	0.00271183	0.0137447
155	0.0543023	0.025388	0.000959918	0.000421435	0.0234884	0.00421179	0.00106282	0.276722	0.00159503	0.187242	0.0492251	0.00420008	0.00416956	0.00367829	0.00165294	0.0224386	0.042296	0.291604	0.000654184	0.00468751
156	0.0537375	0.023563	0.000912094	0.00058755	0.0101642	0.00381926	0.00161683	0.305224	0.00218599	0.0874229	0.0191227	0.0051484	0.00474707	0.00526253	0.00259024	0.0213282	0.0458247	0.398953	0.000376706	0.00741214
157	0.103139	0.0146063	0.0185762	0.0564963	0.00689256	0.00721663	0.104506	0.00544595	0.143751	0.0144872	0.0239321	0.0432596	0.00185349	0.145245	0.111828	0.0881725	0.078218	0.0227089	0.000608004	0.00905853
158	0.0345648	0.00540189	0.0075149	0.0114922	0.00998771	0.017635	0.00489417	0.193862	0.069242	0.165313	0.0633788	0.0204567	0.00403443	0.0342338	0.056019	0.0521551	0.103852	0.12909	0.00156316	0.0153103
159	0.0128585	0.00245128	0.000399221	0.000579562	0.035516	0.00140595	0.000704528	0.135217	0.00123732	0.637463	0.091996	0.00231018	0.000845684	0.0021359	0.0011962	0.00530474	0.00933921	0.0531256	0.00118949	0.00472398
160	0.0616843	0.00518567	0.0803465	0.105481	0.00583807	0.0629986	0.0675218	0.0137543	0.0585652	0.0171394	0.00833403	0.126967	0.0211603	0.0638176	0.0367486	0.155793	0.0605655	0.0177695	0.00221788	0.028111
161	0.0286664	0.00930835	0.0326385	0.043001	0.00375908	0.0180804	0.0250413	0.014215	0.307784	0.0276497	0.00866221	0.0667278	0.009138	0.0702277	0.194516	0.06853	0.041692	0.0220283	0.00234381	0.00598999
162	0.0685988	0.00110354	0.184118	0.235262	0.0019359	0.0609113	0.0244074	0.00828283	0.0486115	0.0201556	0.00406861	0.0560527	0.0554245	0.0766062	0.0223784	0.0781028	0.0376192	0.00858112	0.000273919	0.00750561
163	0.0214769	0.000833364	0.441263	0.226408	0.00354192	0.0253553	0.0123937	0.0133639	0.0235327	0.0168991	0.00431047	0.0658593	0.0202032	0.0406684	0.00717177	0.0379742	0.0320853	0.00452673	0.000312044	0.00182097
164	0.0112249	0.00853846	0.00187329	0.00510215	0.224668	0.0035341	0.0611019	0.0138565	0.0107749	0.0329762	0.00666141	0.0219613	0.00454792	0.0222114	0.0135038	0.0219096	0.0215919	0.0376947	0.00463795	0.471629
165	0.0340373	0.00554185	0.00770443	0.011319	0.0122318	0.0205427	0.0055987	0.165811	0.0503834	0.179119	0.0680526	0.0278339	0.00412696	0.0382266	0.051938	0.0501888	0.0999822	0.139324	0.00249652	0.0255417
166	0.0112155	0.00857703	0.0016107	0.00316573	0.253581	0.00277764	0.0363112	0.0152766	0.00623878	0.0350896	0.00622258	0.0171099	0.00488115	0.0132073	0.00937649	0.0217856	0.0186682	0.0418374	0.00461801	0.488449
167	0.0592746	0.0193056	0.0315702	0.0289682	0.0503721	0.0200561	0.162342	0.0104756	0.0245057	0.0227254	0.0135305	0.179822	0.0189817	0.0408532	0.0219786	0.131141	0.0296882	0.0180871	0.00243441	0.113888
168	0.0561807	0.00372393	0.0182091	0.00263493	0.0203983	0.29593	0.0674047	0.00490563	0.13974	0.00943725	0.0100772	0.070939	0.00260465	0.0263412	0.136356	0.0680492	0.00884249	0.0245611	0.0125816	0.0210836
169	0.0669405	0.0414997	0.00389205	0.00184145	0.0216537	0.00868412	0.00235429	0.217612	0.00561804	0.115625	0.0655899	0.00780359	0.00530386	0.00863846	0.00460466	0.0582646	0.0733605	0.278832	0.0024827	0.00939907
170	0.093762	0.00475606	0.0161528	0.0249644	0.00647738	0.0423932	0.0125845	0.039456	0.0136521	0.0189558	0.0117783	0.0336427	0.378305	0.0506696	0.0169926	0.11455	0.0753621	0.0386472	0.000548965	0.00634858
171	0.122433	0.0479077	0.0473506	0.0234681	0.00743598	0.0395213	0.0103142	0.0261239	0.0246356	0.0112851	0.00663894	0.155545	0.0126489	0.0166483	0.013217	0.29002	0.119376	0.0182772	0.00070679	0.0064467
172	0.0817585	0.00421877	0.0285651	0.0383908	0.00917822	0.0485034	0.0137895	0.0354508	0.0197126	0.0196224	0.010415	0.0343439	0.379173	0.0454969	0.0198921	0.108806	0.0586054	0.0334661	0.000738612	0.00987302
173	0.04534	0.0220355	0.0147073	0.0133592	0.0928687	0.0296711	0.0251414	0.0388298	0.038483	0.0754623	0.0324921	0.0300127	0.012451	0.0348992	0.0281366	0.0523392	0.034645	0.0708024	0.255845	0.052478
174	0.00961942	0.00131705	0.000369562	0.000458764	0.0357948	0.000806039	0.000556828	0.112908	0.000541905	0.692053	0.0931167	0.00153649	0.000403365	0.00142267	0.00047649	0.00386446	0.00611185	0.0334014	0.00112468	0.0041162
175	0.0746211	0.0507745	0.00395403	0.00657435	0.0396196	0.010823	0.0101006	0.158657	0.00985082	0.145922	0.0740283	0.0127368	0.00832278	0.0263927	0.00667641	0.0648153	0.0680691	0.195613	0.00682563	0.0256228
176	0.0856703	0.0594199	0.00301091	0.00100353	0.0206051	0.0117994	0.00198692	0.173943	0.00384798	0.111647	0.0804584	0.00680764	0.00551491	0.00795743	0.00268548	0.0740513	0.0899448	0.249906	0.00208811	0.00765185
177	0.0217032	0.0135176	0.011074	0.0112331	0.00439753	0.0152158	0.024282	0.00950477	0.401568	0.0182306	0.00539594	0.0473562	0.0100478	0.0638022	0.242527	0.0503912	0.0252189	0.0164404	0.0025116	0.00558196
178	0.0679972	0.0445357	0.0018252	0.00131198	0.0323861	0.00814261	0.00289889	0.200623	0.0028537	0.199088	0.0851392	0.00646778	0.00515259	0.0077536	0.0022043	0.0468867	0.0618855	0.210077	0.00235548	0.0104156
179	0.0687998	0.0464747	0.00246173	0.00206618	0.0306959	0.0104104	0.00347266	0.173094	0.00571873	0.187419	0.0986583	0.00829706	0.00536071	0.0108283	0.00453665	0.0562184	0.0678427	0.201398	0.00366088	0.0125864
180	0.0233445	0.0119577	0.0107893	0.011426	0.0047936	0.0136196	0.0272943	0.010148	0.385885	0.0193204	0.0059219	0.0412996	0.0110791	0.0726813	0.248697	0.0501809	0.0235519	0.018447	0.00288577	0.00667748
181	0.0338621	0.0073027	0.000487258	0.000668998	0.0376019	0.00206352	0.000784809	0.291165	0.000683187	0.317583	0.064895	0.00342175	0.0027223	0.00184023	0.000651161	0.00619749	0.0217228	0.201638	0.000302237	0.0044073
182	0.0118015	0.00209875	0.000422268	0.000499915	0.0352034	0.00110565	0.000555155	0.127409	0.000760731	0.659142	0.0914767	0.00184365	0.000597794	0.00170176	0.000657904	0.00469756	0.00809065	0.0468237	0.00104047	0.00407132
183	0.0542613	0.0062769	0.0552656	0.0989632	0.00476474	0.026336	0.0354098	0.0226453	0.109204	0.034823	0.0172942	0.0849553	0.0116222	0.116832	0.0789599	0.119558	0.0714898	0.0403117	0.00159366	0.00943421
184	0.0487208	0.0410716	0.00191658	0.0126083	0.106926	0.00677972	0.0276582	0.106977	0.00714186	0.195988	0.062533	0.021839	0.0122014	0.037401	0.00691878	0.0409194	0.040718	0.116556	0.0188696	0.0862562
185	0.0209163	0.0254741	0.00113319	0.00114965	0.352512	0.00158	0.00308278	0.0492513	0.003242	0.126934	0.0254792	0.0138808	0.00196851	0.00470859	0.00408965	0.00946467	0.0153354	0.0506027	0.00904024	0.280155
186	0.144711	0.00867412	0.0170807	0.0257943	0.0134747	0.0375384	0.00759213	0.0446406	0.0147437	0.0389004	0.0196209	0.0376457	0.225403	0.0336637	0.0180243	0.132099	0.100157	0.0716938	0.000432027	0.00811078
187	0.174473	0.0209622	0.0091902	0.0137679	0.0241446	0.0186064	0.010163	0.0552428	0.0143029	0.0636004	0.0259208	0.0267637	0.147386	0.0278866	0.0188039	0.142625	0.101197	0.0928632	0.000309104	0.0117919
188	0.103726	0.0146181	0.0182719	0.0560183	0.00690252	0.00673903	0.105082	0.0054508	0.144691	0.0143296	0.0242448	0.0436337	0.0017522	0.143485	0.112212	0.0878856	0.0788918	0.0222648	0.000536347	0.00926461
189	0.0450725	0.0132952	0.000532595	0.000489188	0.0129712	0.00201413	0.0013623	0.326385	0.0018747	0.120255	0.0189587	0.00445479	0.00464144	0.00390162	0.00248456	0.007867	0.0356499	0.391646	0.000209347	0.00593475
190	0.0222112	0.00396187	0.00037251	0.000484923	0.0479596	0.00134813	0.000530541	0.217417	0.000823578	0.466476	0.0748409	0.00262714	0.00165217	0.00157454	0.000561433	0.00556661	0.0132304	0.130379	0.00136172	0.00662073
191	0.0555443	0.00226652	0.0840445	0.0970421	0.00350888	0.0317212	0.0227466	0.0298572	0.105291	0.037937	0.0171481	0.117727	0.00628612	0.068423	0.0583704	0.131011	0.0864901	0.0337939	0.00266579	0.00812447
192	0.0392015	0.00140908	0.0875081	0.111881	0.00148981	0.0321185	0.0212387	0.0267834	0.123978	0.0404818	0.0140425	0.118353	0.00510865	0.0628157	0.0681415	0.123662	0.0809377	0.0307022	0.00266426	0.00748279
193	0.210315	0.104186	0.00505455	0.00529453	0.00866098	0.0331254	0.00657465	0.0218868	0.0111456	0.0235012	0.0116693	0.07014	0.0474261	0.0151559	0.00865189	0.185507	0.180078	0.0434804	0.00123584	0.00691053
