311	20
1	0.0173236	0.00283625	0.168565	0.20024	0.00181897	0.00702431	0.0832678	0.00307675	0.0740556	0.00844782	0.0147602	0.0509188	0.0112343	0.165905	0.0946217	0.0564673	0.0269203	0.00639945	0.00133775	0.00477878
2	0.0165814	0.00027936	0.000751423	0.00296265	0.00174964	0.000907332	0.000987507	0.596555	0.00612034	0.01756	0.00725837	0.000951731	0.000448232	0.00226044	0.00969356	0.00184124	0.0105674	0.321356	0.000518958	0.000649641
3	0.0613362	0.000446968	0.00926033	0.0504335	0.0104963	0.00778523	0.0417805	0.031172	0.125507	0.0721029	0.0168542	0.0143071	0.00753442	0.0892543	0.359767	0.022673	0.0314714	0.0269392	0.00925694	0.0116215
4	0.0724428	0.00280338	0.00594468	0.000795646	0.000478726	0.020562	0.00831443	0.00285406	0.00562375	0.0158829	0.000684072	0.00532958	0.778773	0.00460359	0.00925077	0.0286132	0.0220462	0.0139738	0.000391425	0.000631653
5	0.0320038	0.000268044	0.000568386	0.000803058	0.00102856	0.000619314	0.000718737	0.43381	0.000650906	0.429145	0.0207573	0.000687044	0.000312066	0.0037387	0.00123717	0.00428654	0.00380973	0.0643384	0.000618652	0.00059897
6	0.00475881	0.000233257	0.000500236	0.000609809	0.562316	0.000601311	0.00171569	0.0386813	0.000639687	0.269592	0.0473671	0.000690158	0.000348424	0.00103207	0.00431038	0.00115948	0.00699725	0.0304985	0.0108715	0.017077
7	0.383105	0.00140531	0.00501604	0.0640441	0.00377378	0.00386668	0.0199541	0.0678334	0.0467596	0.0101635	0.0192654	0.0362015	0.00187174	0.0433281	0.0518546	0.0592376	0.103422	0.0424686	0.0186671	0.0177626
8	0.0606934	0.000886662	0.0134212	0.014359	0.00242962	0.00246553	0.265895	0.00319049	0.130096	0.00527948	0.00275442	0.10586	0.00110045	0.00374605	0.248135	0.060055	0.0496421	0.00459279	0.00132989	0.0240682
9	0.0117052	0.850561	0.00294841	0.00510885	0.00333552	0.00427556	0.00480855	0.00582813	0.00445238	0.0311215	0.00406783	0.00479662	0.00213094	0.00580526	0.00746017	0.00820568	0.00922375	0.0283194	0.0029929	0.00285282
10	0.0593055	0.00608315	0.000741589	0.00477065	0.160061	0.011049	0.0231367	0.138816	0.000902406	0.152574	0.042428	0.00248719	0.000442616	0.0202857	0.0074147	0.0146876	0.0504879	0.14058	0.0137287	0.150017
11	0.146194	0.000302693	0.0625112	0.0614723	0.0121245	0.0321798	0.0346566	0.0013202	0.118204	0.0126093	0.00216076	0.0307053	0.00824464	0.112902	0.119022	0.150902	0.0520457	0.00424297	0.0132797	0.0249206
12	0.0110817	0.858834	0.00288435	0.00515884	0.0035859	0.00401116	0.0043831	0.00538178	0.00439349	0.0282116	0.00389798	0.00420097	0.0021842	0.0058974	0.00765719	0.00761714	0.0087317	0.0256967	0.00323149	0.00295899
13	0.0231651	0.00189513	0.0150535	0.0113498	0.0433669	0.0123339	0.611904	0.016798	0.0144085	0.0291209	0.0124673	0.0175263	0.0493867	0.0147999	0.0331675	0.0135213	0.0159697	0.0189083	0.0124598	0.0323976
14	0.119605	0.0115662	0.0222195	0.00480191	0.00371485	0.587899	0.00387929	0.00474343	0.00368913	0.00633055	0.00227134	0.0365219	0.00122045	0.0201076	0.0163313	0.118263	0.0230633	0.00888573	0.00121481	0.00367225
15	0.132937	0.000715673	0.0453669	0.164661	0.0199264	0.0225621	0.0104125	0.00633933	0.034679	0.0365258	0.00249418	0.020892	0.237496	0.0659958	0.0212983	0.0852664	0.0492445	0.0366319	0.00132473	0.00523048
16	0.197843	0.000199853	0.104842	0.30493	0.00228754	0.0321347	0.00776045	0.00772532	0.0716793	0.0139085	0.00335286	0.0309457	0.0127518	0.0558439	0.0408141	0.05575	0.0412423	0.0144635	0.000299225	0.00122615
17	0.0418462	0.00460017	0.0131589	0.0121948	0.00714148	0.232554	0.0104538	0.0139314	0.113217	0.0216471	0.0127765	0.10737	0.00539701	0.0180944	0.0590704	0.220028	0.0280984	0.0638494	0.00675066	0.00782098
18	0.0484655	0.00103325	0.00552796	0.0952929	0.0205043	0.00406891	0.0052936	0.0793783	0.00958839	0.275113	0.0061272	0.0237331	0.0578235	0.0418427	0.101314	0.0573922	0.0439433	0.0442424	0.00293874	0.0763768
19	0.0144521	0.000210572	0.000469761	0.000551748	0.0151807	0.000569524	0.000610426	0.0859417	0.000569571	0.741885	0.0380344	0.000520363	0.000258709	0.00144723	0.00141111	0.00157781	0.00177452	0.0891185	0.00456089	0.000855442
20	0.0147808	0.0050995	0.00544976	0.00110919	0.0339014	0.00102364	0.0011484	0.310667	0.00119766	0.278476	0.044844	0.001086	0.000517676	0.00129297	0.00236901	0.00237655	0.00313085	0.214034	0.0214792	0.0560166
21	0.0351522	0.000489297	0.00103103	0.0135338	0.00538748	0.0012062	0.00136242	0.500061	0.0435277	0.0354838	0.00767887	0.00128332	0.000744327	0.0082926	0.0258712	0.00267572	0.0399487	0.274577	0.000808203	0.000884453
22	0.333717	0.000168086	0.0959586	0.193172	0.00351069	0.0373257	0.0181769	0.00523793	0.0471984	0.00976057	0.00187293	0.0381887	0.00561357	0.0751281	0.0449458	0.0458548	0.0307143	0.0118031	0.000427443	0.00122474
23	0.0668789	0.000730354	0.0780006	0.0125911	0.00209442	0.00185337	0.00345019	0.155008	0.0246721	0.292488	0.0135668	0.0133661	0.00121324	0.00332566	0.0354003	0.0147203	0.175291	0.0914913	0.0121148	0.00174364
24	0.0135184	0.000312703	0.00057683	0.000527151	0.0165893	0.00054896	0.000605673	0.0928763	0.000595253	0.73106	0.0374496	0.00052001	0.000259633	0.0014493	0.00140195	0.00165426	0.00182052	0.091227	0.00480154	0.00220571
25	0.087014	0.000602026	0.00958927	0.128424	0.00120766	0.0151154	0.00994481	0.0249578	0.169632	0.0152882	0.00182451	0.0147618	0.000794215	0.0457844	0.208213	0.0400052	0.169351	0.0557546	0.000924581	0.000810963
26	0.0851689	0.000380642	0.0296675	0.0893317	0.00224819	0.0114157	0.0190644	0.0208454	0.100954	0.0551019	0.00547043	0.00877434	0.00179411	0.0976296	0.302097	0.0195515	0.119908	0.0262873	0.00210611	0.00220343
27	0.013471	0.00203489	0.00707443	0.00729887	0.0455379	0.0197523	0.00626646	0.00551514	0.00523866	0.00962942	0.0194608	0.00550507	0.00208213	0.0185774	0.0133772	0.00951793	0.017231	0.00757718	0.748096	0.0367559
28	0.0196691	0.00042621	0.000804701	0.00205623	0.00155117	0.000840528	0.00111762	0.572433	0.00427424	0.0191202	0.0067604	0.000912473	0.000419808	0.00191378	0.00751879	0.00187569	0.00895705	0.348172	0.000510012	0.000666778
29	0.203017	0.000196345	0.105418	0.274769	0.00240843	0.0321343	0.0071967	0.00900173	0.0802832	0.0137287	0.00228389	0.0354899	0.0119501	0.0432741	0.0546645	0.0641805	0.0413642	0.0169452	0.000361363	0.00133339
30	0.148555	0.000483518	0.0677258	0.120552	0.00142212	0.0196892	0.0229717	0.0217604	0.0260814	0.0622159	0.0365141	0.0326639	0.000822134	0.273901	0.0748077	0.0560208	0.0183986	0.0132456	0.00106286	0.00110676
31	0.078383	0.00661532	0.00627345	0.00612521	0.00121527	0.80299	0.00625873	0.00183501	0.00145168	0.00294257	0.00137815	0.00906224	0.000752477	0.0051812	0.00515247	0.0378359	0.0169162	0.00780604	0.000703554	0.0011219
32	0.0108839	0.000495304	0.000739716	0.000631655	0.0118345	0.00056052	0.000539449	0.372366	0.000591007	0.236789	0.011073	0.00059746	0.000305308	0.00176396	0.00557737	0.00264493	0.00519579	0.332464	0.00284634	0.00210094
33	0.0137386	0.00017575	0.813966	0.0925045	0.000645825	0.00344787	0.00516616	0.000775915	0.000607669	0.00323618	0.000625171	0.0417058	0.000597966	0.0030738	0.00172021	0.0129298	0.00338684	0.00103297	0.000328024	0.000334833
34	0.260421	0.000394783	0.0284264	0.0148717	0.00102064	0.0313578	0.234147	0.0073646	0.0122218	0.00810118	0.00143637	0.0203784	0.000527857	0.0968019	0.215373	0.0133135	0.0157388	0.00761367	0.00758691	0.0229032
35	0.00470013	0.00187834	0.00099759	0.00563889	0.195082	0.00112654	0.0345184	0.0168472	0.0111901	0.416348	0.0128026	0.001908	0.000651816	0.00481899	0.0170957	0.0152331	0.00319059	0.0127227	0.108396	0.134853
36	0.0108193	0.000448799	0.000705915	0.000628661	0.011503	0.000538836	0.000541701	0.372871	0.00058376	0.237269	0.0103672	0.000598219	0.000300116	0.00174988	0.00573273	0.00267303	0.00517555	0.333233	0.00272185	0.00153794
37	0.190995	0.00105444	0.118701	0.163255	0.0667208	0.0277132	0.00229074	0.0117301	0.02579	0.149067	0.00612289	0.0285582	0.00140773	0.0929728	0.0243431	0.014166	0.0163147	0.0189201	0.0215339	0.0183427
38	0.463504	0.0002354	0.0415111	0.0881409	0.00413649	0.0209202	0.0356691	0.00532849	0.0377825	0.00272152	0.0019534	0.0337333	0.00715483	0.104032	0.0620013	0.0503645	0.0224758	0.0169099	0.000696473	0.000728724
39	0.0853651	0.00065924	0.0119985	0.042724	0.00165066	0.0793176	0.012184	0.00315673	0.311981	0.0046845	0.00257844	0.00274106	0.00139303	0.0825095	0.292167	0.034586	0.0237407	0.0038844	0.00125509	0.00142376
40	0.0390058	0.00123515	0.00247056	0.0137257	0.00490312	0.00311745	0.0216134	0.0864067	0.00748192	0.253999	0.10445	0.00535433	0.00189815	0.151557	0.10853	0.0115033	0.0212623	0.0362431	0.073463	0.0517815
41	0.172779	0.000246577	0.0782246	0.410243	0.000506704	0.0101841	0.0143286	0.00772891	0.059328	0.0103665	0.00827264	0.00548259	0.0177267	0.124392	0.0243045	0.0174117	0.0283921	0.00931832	0.000360769	0.000402413
42	0.173638	0.0122811	0.0411418	0.0137738	0.00184392	0.00854484	0.0273535	0.0516765	0.0209098	0.068659	0.00259945	0.0157238	0.00108264	0.058397	0.0410354	0.059009	0.223578	0.167146	0.0101241	0.00148224
43	0.00917487	0.000770863	0.0019102	0.00544959	0.0540476	0.0026488	0.0236914	0.0414424	0.00780654	0.45739	0.0223668	0.0031367	0.001579	0.0338158	0.058251	0.0142232	0.00519156	0.0139714	0.158587	0.0845452
44	0.0351181	0.000251826	0.000626656	0.000832358	0.000719909	0.000624669	0.000744401	0.436635	0.00073864	0.43	0.0165056	0.000734955	0.000331544	0.00473957	0.00140518	0.00491526	0.00361754	0.0603686	0.000529598	0.00056016
45	0.00752804	0.00322519	0.000971525	0.0109383	0.00787415	0.00122645	0.0364751	0.00256593	0.0897431	0.00386762	0.00124045	0.0011893	0.00163145	0.027864	0.781715	0.00384571	0.00626656	0.00641579	0.00338457	0.00203154
46	0.00723629	0.00322781	0.000889961	0.00998677	0.00796525	0.00151095	0.0362537	0.0025174	0.0837024	0.00333916	0.00143912	0.00139774	0.00156714	0.0261671	0.787816	0.00476427	0.00681979	0.00682436	0.00368294	0.00289196
47	0.0582611	0.000604598	0.00107622	0.00506613	0.00792324	0.00144953	0.0014836	0.0772889	0.00280573	0.579297	0.0292988	0.00127356	0.00062837	0.00943134	0.00838789	0.00271085	0.00728105	0.196482	0.00680243	0.00244806
48	0.0492733	0.000724371	0.00196364	0.00249361	0.04559	0.00231876	0.0227579	0.00310255	0.0135463	0.00478612	0.00246476	0.00231724	0.00116825	0.00360884	0.00398622	0.419245	0.268209	0.0041314	0.0014109	0.146902
49	0.00675205	0.00345047	0.00116201	0.0014558	0.460591	0.00117036	0.0240289	0.0313623	0.00207831	0.132015	0.00248103	0.00131563	0.000624331	0.00570125	0.0021863	0.0023988	0.00856682	0.0106405	0.00837198	0.293648
50	0.179142	0.0125974	0.0778925	0.0136109	0.00584946	0.00880513	0.041717	0.0704054	0.01722	0.0940818	0.0080563	0.0179833	0.00273003	0.0402512	0.038192	0.0525466	0.148564	0.154623	0.0119133	0.00381894
51	0.0174993	0.000540134	0.000655127	0.00108846	0.016018	0.000654503	0.000708368	0.107093	0.000770808	0.662026	0.0434874	0.000924858	0.000447237	0.00320876	0.00336338	0.00238665	0.00643825	0.124777	0.00529907	0.00261391
52	0.00719802	0.00104722	0.00205454	0.00249352	0.0020715	0.00234589	0.0249888	0.192888	0.00290882	0.0521951	0.00507218	0.0165889	0.00119428	0.00553354	0.0259595	0.0110259	0.551847	0.0670792	0.0236997	0.00180843
53	0.0641701	0.00609426	0.00560465	0.00651167	0.0010149	0.830007	0.00679905	0.00152193	0.00163242	0.00267977	0.00149636	0.00742257	0.000703565	0.00422253	0.00456707	0.0293907	0.0163339	0.00798941	0.000645979	0.00119214
54	0.016112	0.000532054	0.000744937	0.000731068	0.0143323	0.00060428	0.000708876	0.186274	0.000878143	0.515497	0.0304009	0.00069046	0.000334439	0.00333081	0.00461443	0.00264969	0.00473458	0.208552	0.00451296	0.00376496
55	0.0731549	0.00107734	0.00283519	0.0284834	0.00480969	0.00566532	0.0107696	0.0507633	0.00371635	0.146513	0.0109564	0.00497103	0.469694	0.0255266	0.0254354	0.0204423	0.0256251	0.0410236	0.0100091	0.0385279
56	0.073055	0.00271933	0.00562284	0.00279166	0.000724687	0.0197453	0.00826221	0.00527759	0.0052902	0.0210682	0.00148757	0.00527006	0.761886	0.00641429	0.00997735	0.0274512	0.0216678	0.0178759	0.00106502	0.00234772
57	0.0258159	0.000432237	0.00715722	0.016556	0.000953539	0.00321636	0.00105921	0.00139644	0.00155593	0.0098043	0.00189488	0.0122963	0.000872076	0.00147554	0.0118021	0.341389	0.542803	0.014766	0.00388877	0.000865124
58	0.0764635	0.00067885	0.00183269	0.0248965	0.00183787	0.00491458	0.0116967	0.043722	0.00235496	0.110484	0.0125458	0.00236766	0.536811	0.0264698	0.0177396	0.0162496	0.0241045	0.0448294	0.0113577	0.0286428
59	0.198914	0.000199926	0.0851569	0.393323	0.000538419	0.0126688	0.0116306	0.00649484	0.05561	0.00954127	0.0068855	0.0081261	0.0142791	0.111614	0.0243966	0.0221037	0.0275246	0.0102024	0.000354656	0.000436286
60	0.0894016	0.000446171	0.0812674	0.480693	0.00175776	0.00512924	0.00611874	0.00472796	0.0297274	0.0583311	0.0291023	0.00420616	0.00554649	0.116402	0.0287008	0.0101348	0.0169141	0.00573127	0.0196475	0.00601435
61	0.0641054	0.000423532	0.000836017	0.00154067	0.00327935	0.00134301	0.00151784	0.242548	0.00158332	0.162755	0.0191749	0.00135685	0.000726487	0.0263878	0.02562	0.0147818	0.0168592	0.403184	0.011019	0.000958537
62	0.174174	0.000218912	0.0873062	0.395931	0.000591209	0.0102524	0.0150755	0.00789818	0.0590094	0.0107119	0.00866169	0.00544644	0.0170714	0.124464	0.0247702	0.0176947	0.0301736	0.00980678	0.00034461	0.000398502
63	0.459802	0.000217589	0.0421835	0.0921609	0.00428176	0.0204074	0.0349336	0.00590615	0.0394049	0.00286416	0.00186908	0.0332099	0.00735493	0.101466	0.0625018	0.0490859	0.0238837	0.0168885	0.00079608	0.000782255
64	0.0198973	0.00722426	0.000952184	0.00185206	0.392226	0.0027494	0.0308631	0.0550231	0.00228307	0.146089	0.0161345	0.00239646	0.000523635	0.00697393	0.00641715	0.00629532	0.0139677	0.0416536	0.0193326	0.227145
65	0.0512142	0.000498427	0.00135026	0.022695	0.00118565	0.00135346	0.00226468	0.0470725	0.00904651	0.458854	0.0645997	0.00160217	0.00081056	0.0428153	0.0369209	0.00330332	0.0272373	0.196307	0.0213213	0.00954817
66	0.0632851	0.00094803	0.000932299	0.00307583	0.00420823	0.00136091	0.00194948	0.264497	0.00515393	0.0955235	0.0233081	0.00146177	0.000778727	0.0139141	0.0158878	0.00887246	0.016804	0.471247	0.00534784	0.00144437
67	0.0135644	0.000164698	0.819111	0.100637	0.000450119	0.00334278	0.00491771	0.000714576	0.000545087	0.00313761	0.000545668	0.0345614	0.000260021	0.0032323	0.000893522	0.0111314	0.00116223	0.000963534	0.000335901	0.000328565
68	0.0590087	0.00255405	0.134001	0.126807	0.00481756	0.0200624	0.0312579	0.0015869	0.106578	0.00907103	0.00681278	0.0487673	0.00402222	0.113143	0.131324	0.131862	0.0416133	0.00520953	0.00424139	0.0172606
69	0.00675619	0.00243151	0.00196061	0.00251547	0.312964	0.00152225	0.0308192	0.0253053	0.00392544	0.23881	0.0109135	0.00347923	0.000691858	0.0112746	0.00814119	0.0052417	0.0081941	0.0170816	0.0281195	0.279853
70	0.0117358	0.00143784	0.00036323	0.000627789	0.0547955	0.000466595	0.00083214	0.039635	0.00056359	0.576247	0.236521	0.000600274	0.000263993	0.00779684	0.00199184	0.00585952	0.0122594	0.02818	0.00888511	0.0109375
71	0.55284	0.0104918	0.082695	0.0468911	0.0120398	0.0122653	0.00302228	0.00339305	0.022852	0.0154661	0.00263866	0.0579754	0.00135504	0.00429499	0.0140503	0.123797	0.026134	0.00524769	0.00107651	0.00147349
72	0.0456835	0.00191675	0.122852	0.0811291	0.00239683	0.023453	0.0143018	0.0022885	0.0765758	0.00739216	0.0135113	0.0897363	0.00141588	0.101958	0.158416	0.204244	0.0392561	0.00533991	0.00201312	0.00612106
73	0.11904	0.000488382	0.054854	0.084735	0.00891537	0.0188562	0.021916	0.00344338	0.105609	0.0279337	0.00352797	0.0191588	0.145031	0.100068	0.0883611	0.115808	0.0460354	0.0134721	0.00869586	0.0140508
74	0.255967	0.000421812	0.0258547	0.0162546	0.000996748	0.0308223	0.244823	0.00612594	0.00984878	0.00670995	0.00133896	0.0150866	0.000493156	0.0982275	0.22498	0.0129888	0.0195465	0.00626578	0.00598069	0.0172679
75	0.00437025	0.000209451	0.000493324	0.000667666	0.186791	0.000633582	0.0132121	0.00294817	0.000639618	0.00372759	0.000689211	0.0023034	0.000307235	0.00100258	0.00107623	0.00387608	0.00407301	0.00309386	0.0229872	0.746898
76	0.528713	0.00161109	0.00201396	0.00287272	0.00418032	0.365292	0.0023017	0.00204445	0.00203322	0.00301039	0.00159184	0.00314982	0.000776111	0.00324834	0.00343638	0.0334522	0.0251762	0.0103544	0.00391108	0.000830736
77	0.0977769	0.0192749	0.0156213	0.233005	0.0319138	0.00774258	0.00839216	0.0405103	0.0139867	0.0636333	0.0168832	0.0087228	0.0944245	0.0935675	0.0141323	0.0561574	0.0281225	0.147629	0.00330706	0.00519638
78	0.00571724	0.00261665	0.000603574	0.0116019	0.00704055	0.000857261	0.0401262	0.00176446	0.0986237	0.00226979	0.000947626	0.000801689	0.00125055	0.0297138	0.779663	0.00215482	0.00490774	0.00592804	0.0025863	0.000825407
79	0.0365763	0.00173954	0.00354037	0.0120604	0.00649902	0.00587971	0.0209874	0.0845071	0.00949872	0.193538	0.118313	0.00801697	0.00230029	0.181151	0.113091	0.0155747	0.022389	0.0250807	0.0821818	0.0570749
80	0.643404	0.000447639	0.00101191	0.00164567	0.00518565	0.25444	0.00124322	0.00191386	0.00137962	0.002792	0.00167262	0.00134867	0.000666111	0.00185407	0.00232271	0.0342389	0.0279868	0.0108111	0.00482129	0.00081467
81	0.032127	0.00121065	0.00233866	0.0165091	0.00311079	0.00387444	0.0164003	0.0915329	0.0747236	0.0853634	0.0149357	0.00793209	0.00135193	0.137404	0.20585	0.0631559	0.0950363	0.142072	0.00196726	0.00310468
82	0.031871	0.00116325	0.0419028	0.0190734	0.0228621	0.0328317	0.290197	0.0339092	0.0242374	0.0656319	0.0198816	0.0184007	0.0689792	0.0191462	0.0850188	0.00862863	0.00641001	0.0242364	0.0483885	0.13723
83	0.0137135	0.00209105	0.00773802	0.00750042	0.0438889	0.0177647	0.006593	0.00604179	0.00568836	0.0100037	0.0191517	0.0054048	0.00202576	0.017484	0.012504	0.0092025	0.0177396	0.00815891	0.748582	0.0387233
84	0.0114743	0.00322503	0.00069072	0.00104703	0.0476372	0.000642449	0.00117268	0.0345046	0.000774621	0.555274	0.265414	0.000856763	0.000450438	0.013101	0.00220327	0.00572721	0.0134395	0.0253083	0.00773866	0.00931828
85	0.0138516	0.000193247	0.814616	0.093336	0.000531304	0.0033507	0.00529786	0.000772468	0.000595951	0.00322619	0.000615819	0.0403473	0.00060913	0.00325754	0.00176561	0.0128293	0.00301442	0.0011192	0.000333476	0.000336946
86	0.0605795	0.00039796	0.000823348	0.00153946	0.00397298	0.00111859	0.00126215	0.224639	0.00122393	0.228687	0.0155727	0.00108158	0.000531883	0.0237719	0.0210536	0.0111979	0.0127234	0.377913	0.010743	0.00116694
87	0.321555	0.0026044	0.00134087	0.00787949	0.0076476	0.00153282	0.00197204	0.0386276	0.00155803	0.0516204	0.0296172	0.00157864	0.000952459	0.00219193	0.00277677	0.0708052	0.103925	0.342654	0.00814314	0.00101721
88	0.213817	0.0012363	0.0222852	0.0151897	0.00350238	0.0397606	0.233697	0.00786452	0.0147771	0.00892032	0.00428654	0.0162893	0.00170726	0.0792147	0.268308	0.0150237	0.0199698	0.00952095	0.0067829	0.0178459
89	0.00437025	0.000209451	0.000493324	0.000667666	0.186791	0.000633582	0.0132121	0.00294817	0.000639618	0.00372759	0.000689211	0.0023034	0.000307235	0.00100258	0.00107623	0.00387608	0.00407301	0.00309386	0.0229872	0.746898
90	0.628404	0.000647617	0.000964619	0.00172583	0.00521889	0.267553	0.00134415	0.00194441	0.00141391	0.00283016	0.00155453	0.001454	0.000669074	0.00205897	0.00236622	0.0360554	0.0272653	0.0109686	0.00476116	0.000799532
91	0.0135522	0.000164509	0.818986	0.100694	0.000449982	0.00334154	0.0049687	0.000724771	0.000545075	0.00314212	0.000564109	0.0345347	0.000259134	0.003232	0.000893596	0.0111349	0.00117506	0.000972984	0.00033662	0.000328566
92	0.025298	0.000289612	0.00806488	0.0102259	0.000672935	0.00311465	0.000766657	0.00113016	0.00100286	0.0107965	0.00154804	0.0113019	0.000722554	0.00114409	0.00752456	0.348881	0.544854	0.0176132	0.00440807	0.000640712
93	0.0610463	0.000590442	0.00811312	0.04491	0.0122372	0.00864895	0.0456051	0.0301814	0.1276	0.0736114	0.0186442	0.0149387	0.0188378	0.0873944	0.342681	0.0236912	0.0313388	0.028325	0.00880786	0.0127973
94	0.00495136	0.000244932	0.00139701	0.00116411	0.184989	0.000635846	0.0130194	0.00291257	0.00100471	0.00409353	0.00104674	0.00262287	0.000338257	0.00111339	0.00109413	0.0038538	0.00457727	0.0030626	0.0348545	0.733024
95	0.00619209	0.00299201	0.00115146	0.0101043	0.0078479	0.00301478	0.0361106	0.00205629	0.0853033	0.00306655	0.00136369	0.0023158	0.00143718	0.0261007	0.787371	0.00525205	0.00593637	0.00651304	0.00360666	0.00226406
96	0.0167296	0.000170978	0.809399	0.102536	0.000743243	0.00383764	0.00498416	0.000991166	0.00110885	0.00367097	0.000624492	0.0344577	0.00031789	0.00424193	0.00126419	0.0114697	0.00151556	0.001118	0.000394041	0.000424098
97	0.0131971	0.000416438	0.0139073	0.00962057	0.130689	0.00113466	0.0132453	0.00226255	0.00522177	0.00392597	0.00530768	0.00714173	0.000639387	0.00170505	0.0018814	0.00386667	0.0122806	0.00299417	0.21412	0.556442
98	0.0182674	0.000625987	0.000813926	0.000695622	0.0119581	0.00061154	0.000588761	0.263823	0.000586334	0.413385	0.0203954	0.000727215	0.000300789	0.0029183	0.00487649	0.00314502	0.00491318	0.244208	0.00385097	0.003309
99	0.0161606	0.000296663	0.000726962	0.00325662	0.00184074	0.000809799	0.000952889	0.610832	0.00658149	0.0207408	0.00620395	0.000884642	0.000415264	0.0022847	0.00931096	0.00168974	0.0115784	0.304381	0.000464475	0.000588437
100	0.0864056	0.000367248	0.134017	0.14202	0.000667168	0.0125257	0.0300714	0.00123288	0.101066	0.00549364	0.0073995	0.0961054	0.000781025	0.092091	0.238003	0.0405771	0.00800973	0.00160749	0.000529323	0.00103111
101	0.498598	0.000780188	0.00236891	0.00310119	0.0021469	0.0133049	0.00287946	0.00300346	0.00212361	0.0154512	0.00234361	0.00223207	0.00187085	0.00658446	0.00712723	0.412753	0.0100234	0.00936595	0.00216381	0.00177703
102	0.00467122	0.000230605	0.000485903	0.000623547	0.559991	0.000550961	0.00149793	0.039963	0.000619457	0.269647	0.0478522	0.000596096	0.000300743	0.000947869	0.0040378	0.00115634	0.00722334	0.030917	0.0117386	0.0169489
103	0.258829	0.00180872	0.0537873	0.109358	0.00429651	0.04227	0.0341013	0.00807102	0.0465727	0.0133391	0.0058738	0.129725	0.00588276	0.0714367	0.118098	0.0505244	0.0248789	0.0132802	0.00338731	0.00447838
104	0.0726752	0.00113071	0.150903	0.145235	0.000546857	0.0176393	0.02614	0.00121231	0.0886499	0.00536412	0.00855316	0.0810529	0.000874712	0.0970743	0.205888	0.0725235	0.0193192	0.00290742	0.000359252	0.00195075
105	0.0245757	0.000635363	0.434093	0.0488381	0.0207237	0.0812678	0.0320806	0.00299257	0.00326144	0.00490431	0.00824474	0.238547	0.00282599	0.00562808	0.0065607	0.0651379	0.0116458	0.00503971	0.00139673	0.00160033
106	0.00574016	0.000901964	0.00160488	0.00247988	0.00187501	0.00220696	0.00239471	0.044424	0.256881	0.305269	0.168691	0.00236564	0.000970836	0.0311163	0.0352477	0.00375295	0.0465017	0.0845818	0.00148426	0.00151095
107	0.0726094	0.00282237	0.00587553	0.000818289	0.000452482	0.0206199	0.00849266	0.00289919	0.00563707	0.0158863	0.000700822	0.00521663	0.778563	0.00463581	0.00926797	0.0287721	0.0216014	0.0140654	0.000391724	0.000671727
108	0.00502641	0.00146577	0.000585036	0.000764375	0.271047	0.00069465	0.0148302	0.0114492	0.000889055	0.0348839	0.00100642	0.00152947	0.000364001	0.00188563	0.00131264	0.00317775	0.00472941	0.006413	0.0197569	0.618189
109	0.025276	0.000697028	0.655654	0.00364554	0.00124187	0.0024217	0.00968361	0.00219532	0.00193711	0.00384426	0.00166482	0.161924	0.00742724	0.00289526	0.0186005	0.0532264	0.042071	0.00367717	0.000865543	0.00105132
110	0.0156065	0.000629047	0.0328963	0.208921	0.00175746	0.00181555	0.00217742	0.00289058	0.0160341	0.00477127	0.00241237	0.00207925	0.00122161	0.425815	0.24592	0.00419031	0.0140295	0.014127	0.00140588	0.00129899
111	0.00503649	0.000308458	0.000893347	0.000674279	0.534672	0.000626812	0.00306814	0.0376335	0.00100649	0.285189	0.0542722	0.00156373	0.000366168	0.0019757	0.00478426	0.00178214	0.0073091	0.0299627	0.010923	0.0179523
112	0.0243946	0.000459659	0.000686337	0.000567133	0.0197139	0.000563454	0.000590116	0.256543	0.00055751	0.25467	0.0287303	0.00158153	0.000887895	0.00419739	0.00766022	0.0053776	0.0199457	0.366978	0.00402027	0.00187561
113	0.0445582	0.000452419	0.00193014	0.0312197	0.00259129	0.00292454	0.0236228	0.0859165	0.105082	0.0628729	0.019396	0.0102206	0.00105803	0.0958182	0.237628	0.0373219	0.107981	0.125346	0.00135573	0.00270462
114	0.0892765	0.000774535	0.0788143	0.425047	0.0154553	0.00479614	0.00210357	0.00304364	0.0209636	0.11102	0.0266992	0.00489747	0.00112518	0.109868	0.0314522	0.00433908	0.0096981	0.00724905	0.0396241	0.0137531
115	0.0665061	0.00243461	0.0167414	0.0427562	0.0120977	0.00804832	0.171775	0.0228793	0.032578	0.0719062	0.0858786	0.0783999	0.00565286	0.248697	0.0499204	0.0203907	0.0252823	0.0268829	0.0052361	0.00593594
116	0.0289091	0.000267223	0.000572721	0.000795052	0.000697564	0.000654417	0.000756925	0.433777	0.000740806	0.444815	0.0155316	0.000749914	0.000339181	0.00364883	0.00122855	0.00435446	0.00357902	0.0576822	0.000363058	0.000537564
117	0.425918	0.00600803	0.00584469	0.00840999	0.0101764	0.0342866	0.00572139	0.027524	0.00689367	0.0360798	0.0137927	0.0069213	0.0030432	0.0102132	0.0112292	0.0433302	0.157918	0.178258	0.00483098	0.00360071
118	0.090347	0.00565582	0.005384	0.00616406	0.00113304	0.805347	0.00620317	0.00144957	0.00127993	0.0025776	0.00136758	0.00706936	0.000642307	0.00414136	0.00446458	0.0303803	0.0166222	0.00797874	0.000824344	0.000968045
119	0.0144423	0.000233314	0.790951	0.0807333	0.00148173	0.00674809	0.00839679	0.000965732	0.000921196	0.00342779	0.00107597	0.0553841	0.00146053	0.00313332	0.0033746	0.0182774	0.00687993	0.00125755	0.000461914	0.000393096
120	0.0511495	0.000946098	0.00127414	0.0284358	0.00129524	0.00205633	0.00479934	0.0465404	0.010299	0.417285	0.08394	0.00380312	0.000819464	0.0658226	0.0507542	0.00790453	0.0383715	0.147587	0.0237451	0.0131717
121	0.0208643	0.00327346	0.000414372	0.00116934	0.0290302	0.00246089	0.00289054	0.0793509	0.00188842	0.552639	0.171357	0.00395204	0.000463494	0.0124537	0.00921252	0.0123727	0.0206468	0.0609002	0.00571453	0.00894512
122	0.0495578	0.000662324	0.00140757	0.0235242	0.00899276	0.00152867	0.0017319	0.467751	0.0356717	0.0407689	0.0113518	0.00181288	0.000931738	0.00704816	0.0241483	0.00353677	0.0545825	0.262743	0.00105386	0.0011944
123	0.638177	0.000784579	0.00106943	0.00165621	0.00527272	0.255145	0.00126911	0.00194816	0.00142276	0.00288691	0.00166616	0.00141017	0.000874683	0.00209614	0.00252112	0.0369564	0.028089	0.0109695	0.00490764	0.000876519
124	0.0475295	0.00347624	0.00347956	0.00490866	0.0106015	0.030066	0.0106615	0.00830241	0.00423688	0.100653	0.0310359	0.00567202	0.01925	0.00688683	0.00915566	0.184703	0.479412	0.0347386	0.00281998	0.00241145
125	0.0644644	0.00611782	0.0055625	0.00642512	0.000921377	0.830909	0.00672745	0.00153181	0.00129388	0.00262001	0.00132184	0.00731504	0.000614473	0.00423929	0.00453553	0.0297074	0.0161566	0.00793616	0.000633916	0.00096589
126	0.00658472	0.00363044	0.00106037	0.00139855	0.487404	0.00100386	0.022903	0.0292601	0.00226674	0.123075	0.00259785	0.00128083	0.000635685	0.00527023	0.00199731	0.00232984	0.0079482	0.0106661	0.00958542	0.279101
127	0.0324646	0.00782749	0.00133696	0.00344387	0.114366	0.00519802	0.0647505	0.10035	0.00230375	0.249828	0.0422293	0.0126446	0.000770658	0.0104672	0.018518	0.0194588	0.0221878	0.10398	0.0358605	0.152014
128	0.218076	0.00285267	0.00528203	0.00803203	0.0531943	0.0637348	0.0322485	0.0121907	0.0116439	0.0327656	0.0635601	0.00819365	0.00402174	0.0168753	0.14633	0.0938268	0.115993	0.0847782	0.00490833	0.0214932
129	0.0388354	0.0208325	0.000852538	0.0011953	0.00124151	0.0256445	0.0148348	0.0920356	0.00225568	0.328714	0.136367	0.0401479	0.00379304	0.0406773	0.0195428	0.0544922	0.0917972	0.0846936	0.000713129	0.00133433
130	0.166714	0.000776092	0.138523	0.193934	0.0536917	0.0376505	0.00423985	0.0397787	0.0461903	0.0604291	0.0033113	0.0585037	0.00176071	0.0451394	0.0242237	0.0395789	0.0459926	0.0258309	0.00354233	0.0101888
131	0.0135644	0.000164698	0.819111	0.100637	0.000450119	0.00334278	0.00491771	0.000714576	0.000545087	0.00313761	0.000545668	0.0345614	0.000260021	0.0032323	0.000893522	0.0111314	0.00116223	0.000963534	0.000335901	0.000328565
132	0.0720823	0.00444389	0.00211294	0.00685007	0.00358198	0.00760809	0.019098	0.156941	0.0405258	0.155099	0.102657	0.0190135	0.00230721	0.0630833	0.0905587	0.0250214	0.0751938	0.143744	0.00285977	0.00721816
133	0.0817087	0.00446805	0.00320851	0.00258742	0.0298762	0.0025031	0.00241861	0.156672	0.002775	0.169367	0.0824964	0.0154917	0.0044218	0.00355354	0.0101042	0.0131465	0.12931	0.28351	0.00128103	0.0011014
134	0.0587264	0.00132141	0.18321	0.0944669	0.00106218	0.0122085	0.0250806	0.00850587	0.0386824	0.0108829	0.00298684	0.226774	0.00633164	0.058648	0.0444201	0.148165	0.0442027	0.0327266	0.000480132	0.00111767
135	0.00464772	0.000235616	0.000488031	0.000644449	0.559192	0.000550425	0.00152748	0.0402087	0.000630505	0.269202	0.0478972	0.000580923	0.000335259	0.000983931	0.0040236	0.00117466	0.00743723	0.0315683	0.0118813	0.0167903
136	0.0118595	0.0118496	0.00172662	0.00265303	0.0398106	0.00234461	0.00266578	0.0239935	0.00251681	0.453695	0.334037	0.00237728	0.00126173	0.0395672	0.00472265	0.00723787	0.0240518	0.0202792	0.00589507	0.00745473
137	0.455749	0.00326529	0.00385075	0.00354566	0.00432511	0.347921	0.00319085	0.00233751	0.00148543	0.00429515	0.00140278	0.00475534	0.00249952	0.00603748	0.00578221	0.106488	0.025649	0.0106608	0.00501406	0.00174557
138	0.0386603	0.0188299	0.000880062	0.00115493	0.00112511	0.0228049	0.0140352	0.0856421	0.00205276	0.342658	0.141401	0.0332365	0.003976	0.0427595	0.0167673	0.0570323	0.0877685	0.0871131	0.000744543	0.00135845
139	0.0505888	0.000598277	0.00481196	0.00646717	0.00168217	0.040537	0.00204755	0.00235652	0.0017938	0.0087666	0.0083137	0.00666785	0.00127345	0.00221297	0.00595897	0.418245	0.422792	0.0100452	0.00254136	0.00230014
140	0.0433929	0.000760749	0.000739497	0.000997608	0.0481548	0.00089941	0.00106003	0.154371	0.000945943	0.203624	0.110424	0.00709783	0.00437741	0.00141053	0.00868818	0.00779991	0.0767849	0.327131	0.000576597	0.00076378
141	0.421111	0.000316131	0.0452042	0.0906764	0.00353734	0.0458718	0.0393836	0.00465244	0.0360741	0.00483113	0.00248281	0.0388498	0.00597714	0.113014	0.0592548	0.0524566	0.0202518	0.0141059	0.000849506	0.00109905
142	0.0108925	0.859438	0.00304176	0.00509293	0.00337557	0.00406947	0.00428394	0.00555151	0.00448388	0.0273688	0.00398813	0.00464514	0.00211521	0.00550624	0.00758833	0.00797163	0.00838359	0.0259015	0.00332781	0.00297384
143	0.249745	0.064922	0.00964511	0.00785541	0.00490613	0.016798	0.0103307	0.0924645	0.006794	0.102457	0.0157864	0.0145964	0.00374498	0.0166094	0.0136977	0.0866691	0.109448	0.164965	0.0048674	0.00369716
144	0.00849887	0.00259549	0.000884604	0.0143791	0.00678833	0.00130996	0.041054	0.00383284	0.100935	0.00587705	0.00182409	0.00162703	0.00118617	0.0380803	0.748713	0.00344548	0.00640624	0.00815191	0.00300175	0.00140825
145	0.0108439	0.860816	0.00293701	0.00504605	0.00362068	0.0038489	0.00423717	0.0052974	0.00429251	0.0277115	0.00401536	0.00424922	0.00209574	0.00557536	0.00737904	0.00779977	0.00841914	0.025751	0.0031306	0.00293361
146	0.024882	0.00301596	0.0110957	0.00919216	0.02241	0.00832131	0.711392	0.0147333	0.0113187	0.0203839	0.00921529	0.0234752	0.0224916	0.0177663	0.0249642	0.014812	0.0147019	0.0179232	0.00642531	0.0114796
147	0.0246474	0.000701941	0.66208	0.00296825	0.00129211	0.00252565	0.00955883	0.00217404	0.00162298	0.0037973	0.00171331	0.16037	0.00713669	0.00232345	0.0181234	0.0521032	0.0417752	0.00313911	0.000870504	0.00107614
148	0.0243825	0.00738464	0.012426	0.0108112	0.0233933	0.00814	0.696354	0.0131443	0.0125824	0.0204084	0.00909345	0.0256665	0.0212553	0.017649	0.0301277	0.0163101	0.0140555	0.0157426	0.00758047	0.0134929
149	0.0441125	0.00324599	0.0116288	0.0250438	0.0126473	0.01285	0.0196889	0.0159868	0.166512	0.0660739	0.0479599	0.0124138	0.143171	0.0615743	0.234723	0.0345345	0.0421667	0.0238908	0.0104968	0.0112797
150	0.00657051	0.00335607	0.00110628	0.00140409	0.456209	0.00105128	0.0236987	0.0306625	0.0020133	0.125463	0.00234605	0.00131813	0.000605294	0.00552921	0.00206307	0.00243457	0.00855736	0.0103514	0.00874887	0.306512
151	0.0156532	0.000182226	0.805681	0.10157	0.000771141	0.00455367	0.00549754	0.000837794	0.00106169	0.00346173	0.000687842	0.036204	0.00113415	0.00416461	0.00144087	0.0130642	0.00211301	0.00126627	0.000330443	0.000324454
152	0.108949	0.00321082	0.00786002	0.00543528	0.0024836	0.0213322	0.0100564	0.00486896	0.0149437	0.0171203	0.00260119	0.00634809	0.701608	0.00788703	0.0132271	0.0305125	0.0233764	0.0156617	0.00120869	0.00130824
153	0.0545022	0.00578136	0.00141007	0.00408862	0.148954	0.00950059	0.0199427	0.16835	0.00096975	0.163899	0.0411642	0.00224974	0.00047198	0.0174892	0.00671269	0.0127774	0.0424759	0.149363	0.0140322	0.135865
154	0.0389554	0.00118787	0.0328836	0.0476632	0.00294793	0.00330152	0.0036573	0.00425945	0.0944146	0.0659653	0.0190022	0.00305879	0.0678188	0.00450953	0.0639138	0.359697	0.176521	0.00620002	0.00194194	0.00210054
155	0.173487	0.000545177	0.0691097	0.189766	0.0016202	0.00880992	0.0249195	0.0129015	0.171007	0.00670908	0.0016171	0.0253881	0.00420899	0.0110695	0.152695	0.0531245	0.0593949	0.0316978	0.00085419	0.0010747
156	0.0135644	0.000164698	0.819111	0.100637	0.000450119	0.00334278	0.00491771	0.000714576	0.000545087	0.00313761	0.000545668	0.0345614	0.000260021	0.0032323	0.000893522	0.0111314	0.00116223	0.000963534	0.000335901	0.000328565
157	0.00437025	0.000209451	0.000493324	0.000667666	0.186791	0.000633582	0.0132121	0.00294817	0.000639618	0.00372759	0.000689211	0.0023034	0.000307235	0.00100258	0.00107623	0.00387608	0.00407301	0.00309386	0.0229872	0.746898
158	0.00431648	0.000219798	0.000493764	0.000701383	0.193385	0.000601413	0.0134903	0.00344274	0.000670885	0.00637082	0.000689886	0.00231357	0.000323427	0.00112063	0.00108155	0.00410626	0.00434901	0.00325022	0.0224917	0.736581
159	0.264433	0.00107478	0.00652034	0.0437664	0.00327527	0.107584	0.00652991	0.00414588	0.105042	0.00680181	0.00366402	0.00621087	0.00203702	0.108019	0.11199	0.195634	0.0101808	0.00674248	0.00298748	0.00336044
160	0.0119174	0.0010047	0.000292427	0.00046213	0.0552945	0.000338502	0.000697938	0.0410178	0.000388224	0.580979	0.231679	0.000372797	0.000198579	0.00642815	0.00172091	0.00582393	0.0118807	0.0292379	0.00929144	0.0109739
161	0.241318	0.00448101	0.00363166	0.00404974	0.116863	0.0384457	0.0234926	0.0126003	0.0186135	0.060728	0.046955	0.00993363	0.0034399	0.0493929	0.0329473	0.0539233	0.100411	0.0720215	0.0077627	0.0989889
162	0.271576	0.00640516	0.0221683	0.00833874	0.00390083	0.1554	0.00961694	0.00531781	0.00407176	0.01231	0.00434715	0.0142351	0.00908479	0.0138453	0.0130021	0.370227	0.0513731	0.0103211	0.00978076	0.00467782
163	0.0633441	0.00681177	0.000729447	0.00438257	0.158186	0.0113385	0.0244819	0.146722	0.000858764	0.147147	0.0457912	0.00245647	0.000432035	0.0191207	0.00839771	0.0157004	0.0501561	0.139117	0.013341	0.141485
164	0.00476237	0.000237578	0.000481133	0.000606622	0.565086	0.000542068	0.0015796	0.0385445	0.000605191	0.268499	0.0469475	0.000566305	0.000294655	0.000939443	0.00407598	0.00114849	0.00692364	0.0305489	0.0105718	0.0170395
165	0.146194	0.000302693	0.0625112	0.0614723	0.0121245	0.0321798	0.0346566	0.0013202	0.118204	0.0126093	0.00216076	0.0307053	0.00824464	0.112902	0.119022	0.150902	0.0520457	0.00424297	0.0132797	0.0249206
166	0.0136085	0.000658694	0.00083907	0.000548673	0.0139334	0.000545041	0.000545622	0.291316	0.000540549	0.286682	0.01505	0.000627889	0.000274654	0.00257598	0.0071124	0.00313599	0.00569056	0.348987	0.00413926	0.00318846
167	0.00918435	0.00132323	0.0180031	0.00346111	0.179505	0.00355964	0.0607007	0.00592964	0.0193912	0.418771	0.0844629	0.0360509	0.00172942	0.0388181	0.039586	0.00696369	0.00663878	0.00720323	0.00375403	0.0549639
168	0.0215278	0.000672912	0.043091	0.114831	0.0158594	0.0138722	0.0352816	0.132391	0.0943699	0.156766	0.0133691	0.0635678	0.0143171	0.0252788	0.049721	0.047364	0.0399238	0.0919664	0.0012442	0.0245853
169	0.0264352	0.00289363	0.00790218	0.00930562	0.00634922	0.27563	0.0093072	0.0109014	0.141295	0.0159069	0.00874032	0.105204	0.00386588	0.0154885	0.154968	0.142421	0.0166011	0.0355635	0.00504094	0.00618
170	0.0647111	0.00598679	0.00558766	0.00669382	0.00121263	0.82884	0.00675168	0.00161072	0.00138562	0.00278424	0.0013989	0.00756331	0.000623382	0.00431643	0.00488437	0.0298397	0.0160335	0.00789553	0.000649028	0.00123117
171	0.0660718	0.000488169	0.175696	0.0845351	0.00113792	0.00785238	0.029572	0.0109505	0.0257721	0.0104111	0.00114024	0.290777	0.0086746	0.0426108	0.0137925	0.145453	0.0415068	0.0423471	0.000590887	0.000620701
172	0.00509262	0.00100836	0.000587954	0.0007422	0.551694	0.000620701	0.00596527	0.0372848	0.000985402	0.234355	0.0363882	0.000748441	0.000340272	0.00202057	0.00363772	0.0013462	0.00682157	0.0257879	0.010363	0.074209
173	0.48878	0.00101609	0.00421032	0.00476542	0.002384	0.0344169	0.00562133	0.00283388	0.0033198	0.0118563	0.00222379	0.00350903	0.00871273	0.0103116	0.0115539	0.355781	0.0293057	0.0111543	0.00470947	0.00353402
174	0.0864056	0.000367248	0.134017	0.14202	0.000667168	0.0125257	0.0300714	0.00123288	0.101066	0.00549364	0.0073995	0.0961054	0.000781025	0.092091	0.238003	0.0405771	0.00800973	0.00160749	0.000529323	0.00103111
175	0.169416	0.00066369	0.0627968	0.0453709	0.0104118	0.0294483	0.0729459	0.00403813	0.0900384	0.0140792	0.00340834	0.0257515	0.00709477	0.114746	0.130614	0.116896	0.0414901	0.00705053	0.0233774	0.0303623
176	0.0137009	0.000400551	0.000868387	0.00114865	0.00122346	0.000864001	0.00110618	0.509409	0.00100311	0.300122	0.0963572	0.00105241	0.000528721	0.00238435	0.00182142	0.00314129	0.011961	0.0514567	0.000795181	0.000655667
177	0.200346	0.00302814	0.00379662	0.00440134	0.0327535	0.0135787	0.00222431	0.0469016	0.00177941	0.0590099	0.00763388	0.0188107	0.010364	0.00255377	0.00319528	0.0290231	0.413635	0.144217	0.00116719	0.00158065
178	0.0746434	0.00290008	0.00581014	0.000820521	0.000436816	0.0209864	0.00834438	0.00309817	0.0054695	0.0164563	0.00074154	0.00517645	0.775123	0.0047544	0.0094556	0.0285089	0.0215434	0.014531	0.00043955	0.000760655
179	0.0327891	0.00857857	0.00133337	0.00778536	0.00908174	0.011578	0.0105144	0.0698017	0.0148885	0.356104	0.159779	0.019755	0.00218255	0.0692849	0.0517179	0.0299242	0.0645823	0.0575474	0.0113143	0.0114579
180	0.133119	0.00188125	0.00280494	0.0149113	0.0521334	0.00711164	0.00322207	0.0203025	0.00327432	0.0923294	0.0086264	0.00763239	0.0556219	0.00518224	0.00578407	0.0733133	0.304595	0.203603	0.00179323	0.00275791
181	0.35556	0.000700701	0.00323067	0.00615972	0.00167934	0.0678577	0.0160023	0.00263876	0.00249853	0.00865588	0.00253167	0.00216077	0.0514483	0.00755336	0.0257154	0.340938	0.0668621	0.0064964	0.0190301	0.0122802
182	0.00709269	0.00351631	0.00152559	0.0103261	0.00771267	0.00140956	0.0356772	0.0027686	0.0843735	0.00400426	0.00133071	0.0014156	0.00150019	0.0287703	0.783095	0.00477701	0.00716974	0.00754001	0.0036029	0.00239204
183	0.283218	0.00388451	0.00499868	0.00807415	0.0110813	0.00518565	0.00478963	0.0325773	0.0035663	0.0456177	0.0167218	0.00697206	0.00801358	0.00679238	0.00757602	0.0661633	0.22322	0.254766	0.00432835	0.00245408
184	0.0710085	0.00641569	0.000761042	0.0040778	0.151266	0.0113468	0.0245766	0.155739	0.000996053	0.141423	0.0500376	0.00261801	0.000476687	0.0197519	0.00882616	0.0165161	0.0543897	0.132512	0.0141592	0.133102
185	0.212891	0.00480898	0.00127992	0.00399494	0.00338933	0.00149197	0.00470044	0.0421861	0.00155971	0.0235634	0.0196557	0.00172019	0.000622512	0.002148	0.00251767	0.0307174	0.0518696	0.586299	0.00345008	0.00113441
186	0.0469874	0.00382133	0.067499	0.0350328	0.00774367	0.0196977	0.0246824	0.0194232	0.0168461	0.0186989	0.0104741	0.487134	0.00913651	0.0267611	0.0248132	0.104315	0.0349901	0.0312109	0.00485412	0.00587873
187	0.0559017	0.00274966	0.00931443	0.0284279	0.00769553	0.00879917	0.0691854	0.034392	0.0743285	0.0394587	0.0146036	0.0128851	0.00425332	0.102767	0.446363	0.018847	0.0267027	0.0259408	0.00824807	0.00913617
188	0.0146743	0.00521011	0.00550033	0.000963783	0.0327088	0.000906633	0.00108412	0.30487	0.00109705	0.28125	0.0426107	0.000975311	0.000451348	0.00126506	0.00236065	0.00215459	0.00296925	0.227072	0.0194709	0.052405
