212	20
1	0.348642	0.0251846	0.00366938	0.0062905	0.0391563	0.0876105	0.0532963	0.0522015	0.0227151	0.0858557	0.0401624	0.0200466	0.0206783	0.00703978	0.00815789	0.089356	0.0451245	0.00795967	0.00118204	0.0356706
2	0.0292393	0.00075587	0.0741504	0.0160635	0.00925596	0.705265	0.00779569	0.00194014	0.00458767	0.00876693	0.00387219	0.0671005	0.011367	0.0158236	0.0104963	0.0211895	0.00878572	0.00211472	0.000400819	0.00102953
3	0.112975	0.0142733	0.0235902	0.0735059	0.0167844	0.0283047	0.00386451	0.00442443	0.0779503	0.164893	0.0378456	0.0243925	0.00226906	0.283756	0.052215	0.0476878	0.00738667	0.0194951	0.00125073	0.00313536
4	0.0595109	0.00887179	0.0217547	0.029749	0.0181934	0.0308142	0.0456782	0.0266101	0.180987	0.0506813	0.0136873	0.026528	0.0202429	0.0472192	0.266756	0.0443322	0.0427855	0.0334068	0.0074812	0.0247109
5	0.0417828	0.0074268	0.0034784	0.0042528	0.17541	0.00418984	0.00305448	0.152632	0.00916352	0.394367	0.0405764	0.00280019	0.0154894	0.00929326	0.00849049	0.00656517	0.00946466	0.0940934	0.0137068	0.00376219
6	0.0485351	0.00302685	0.385371	0.102316	0.00779162	0.0237913	0.0335341	0.010732	0.0296789	0.0199468	0.00817264	0.138046	0.0205747	0.0444924	0.034744	0.038538	0.0219863	0.0184104	0.00172771	0.00858502
7	0.216256	0.00680723	0.0112904	0.0318344	0.0288201	0.0160333	0.0163561	0.0149881	0.188696	0.044439	0.0106011	0.0111107	0.0100862	0.145599	0.0982838	0.0489053	0.0494122	0.0376899	0.00382455	0.00896739
8	0.306536	0.0282688	0.00181753	0.00262332	0.00199009	0.0126535	0.00221722	0.0305026	0.00334326	0.022823	0.00197162	0.00224606	0.00152418	0.0039188	0.00448341	0.0204479	0.0920362	0.449448	0.00939446	0.00175453
9	0.0733939	0.0191234	0.00284262	0.00982978	0.0149734	0.00280856	0.00489409	0.163416	0.0114892	0.316591	0.0608956	0.00400188	0.00218145	0.0113678	0.0109429	0.0207225	0.0127324	0.252864	0.00131876	0.00361077
10	0.504487	0.0292619	0.00257285	0.00570345	0.0027524	0.0052952	0.0027145	0.0140241	0.00986716	0.00532302	0.00429038	0.0230771	0.00688406	0.0139684	0.0195006	0.23382	0.0380055	0.0761742	0.000692366	0.0015863
11	0.0900179	0.000770734	0.061943	0.150942	0.00930965	0.0179219	0.0210061	0.0310211	0.160898	0.0140021	0.0192089	0.035739	0.000998325	0.157748	0.0830665	0.0468468	0.0480803	0.045365	0.00146699	0.00364829
12	0.0165574	0.0260061	0.00135991	0.00182056	0.0399102	0.00130909	0.00167436	0.0427497	0.00310038	0.628347	0.139853	0.00155866	0.000820682	0.0298884	0.00298941	0.00590676	0.00914107	0.0448167	0.000811143	0.00137916
13	0.0331695	0.0156115	0.00373535	0.00448634	0.448957	0.00329329	0.00564713	0.0763016	0.0096815	0.235904	0.0182173	0.00418065	0.00190185	0.00659858	0.00764563	0.00678589	0.00671567	0.0625413	0.0392967	0.00932859
14	0.112582	0.000442211	0.00670816	0.015721	0.000862466	0.0190578	0.00409957	0.0161533	0.00500211	0.01103	0.000909782	0.00654896	0.625881	0.0391883	0.0270691	0.0542582	0.0305405	0.0116515	0.000412854	0.011881
15	0.0961966	0.000535697	0.287998	0.355757	0.00112758	0.0177973	0.00179807	0.00161175	0.0241946	0.00223212	0.00120512	0.0352381	0.0220856	0.0795349	0.00690048	0.0464986	0.0159291	0.00219295	0.000310781	0.000856013
16	0.0171529	0.00700334	0.00405312	0.00528045	0.313007	0.00974628	0.104649	0.0330002	0.00695214	0.0425938	0.00398159	0.00904616	0.00239367	0.00673665	0.0146533	0.00842114	0.0276475	0.0275254	0.0183142	0.337842
17	0.0691878	0.00507248	0.019946	0.026172	0.00900882	0.0236518	0.0192596	0.0124656	0.0322235	0.0186236	0.00813051	0.0483015	0.00802933	0.0316575	0.0321008	0.287679	0.311762	0.024898	0.0033099	0.0085206
18	0.0660286	0.00982248	0.0223062	0.0294719	0.018456	0.035381	0.0389878	0.0294312	0.184124	0.0468573	0.0125034	0.0255738	0.0190425	0.0459671	0.263351	0.0494629	0.0415267	0.0328434	0.00731771	0.0215446
19	0.103742	0.00352513	0.0204676	0.0581517	0.0053582	0.0663543	0.00969508	0.00980166	0.019183	0.0128841	0.00547405	0.161627	0.00340649	0.0234952	0.0166368	0.290871	0.11894	0.0616814	0.00184556	0.0068605
20	0.0389532	0.0550224	0.00795873	0.00918744	0.0161595	0.00517898	0.0498168	0.0132022	0.212249	0.0606637	0.0141703	0.0147454	0.00378738	0.130486	0.233361	0.027514	0.0218728	0.018308	0.0038436	0.0635205
21	0.0162667	0.000883125	0.000929465	0.00374211	0.00972681	0.00101904	0.00105345	0.393708	0.00311172	0.410542	0.0258304	0.00124358	0.00494241	0.00649146	0.0114014	0.00254553	0.00747476	0.0934291	0.00485664	0.000802986
22	0.100551	0.0328028	0.0114028	0.013663	0.0103039	0.0097038	0.00919088	0.0117267	0.210488	0.0191895	0.00814708	0.0108117	0.00473885	0.239834	0.024525	0.111821	0.145195	0.0156887	0.00230605	0.00791
23	0.0810726	0.00134437	0.123759	0.0708579	0.00209998	0.0645446	0.00308239	0.00366043	0.0632975	0.00816588	0.00259303	0.0612437	0.00128477	0.0963536	0.0391191	0.160689	0.185986	0.0163854	0.000694403	0.0137658
24	0.0294932	0.0124505	0.00325796	0.00521187	0.272408	0.00401592	0.0074086	0.10448	0.0111474	0.348459	0.0325613	0.00544774	0.00434061	0.0101196	0.0123565	0.00857754	0.0124172	0.0618055	0.0414433	0.0125988
25	0.105917	0.00719054	0.0462454	0.0210668	0.0468969	0.0045366	0.0821749	0.0125016	0.112635	0.111393	0.0245241	0.0497164	0.00306642	0.091817	0.108868	0.04917	0.0189067	0.0440809	0.0264111	0.0328813
26	0.0431463	0.0114729	0.000778633	0.00131046	0.00591145	0.000714386	0.000964482	0.216822	0.0053235	0.151431	0.0380296	0.000917446	0.000504126	0.00646154	0.00516327	0.0056066	0.0122234	0.489307	0.000649427	0.00326252
27	0.0384001	0.0034038	0.0028599	0.0177841	0.0193178	0.00275799	0.03064	0.0450826	0.0707328	0.23431	0.0318117	0.004775	0.00372812	0.0482321	0.123465	0.0668753	0.199095	0.0220919	0.00204561	0.0325904
28	0.0430778	0.0131183	0.000786786	0.000990208	0.00583273	0.000629735	0.000821441	0.178328	0.0058389	0.166038	0.0405344	0.000831689	0.000442308	0.00706906	0.00525217	0.00609096	0.0128986	0.507563	0.000253059	0.00360311
29	0.0131617	0.000625305	0.563648	0.0682994	0.00100921	0.00811723	0.0198511	0.00143712	0.0127641	0.00608828	0.00100194	0.228437	0.00772894	0.0142253	0.0136286	0.0241928	0.00556095	0.00907506	0.000325489	0.000822755
30	0.0227812	0.000735908	0.0776912	0.0162542	0.0100771	0.707478	0.00813179	0.00174328	0.00374386	0.00864774	0.00307383	0.0711055	0.0106703	0.0147579	0.0104231	0.0204993	0.0087703	0.00199273	0.00041119	0.00101142
31	0.0855037	0.000611632	0.0608994	0.151191	0.0103711	0.0129752	0.0265292	0.0328812	0.155725	0.0151408	0.0169569	0.0408212	0.000869976	0.157466	0.0824432	0.0496225	0.0491653	0.0452767	0.0014665	0.00408371
32	0.114355	0.000426259	0.0067839	0.013068	0.000920675	0.0179127	0.00373367	0.0161363	0.00452056	0.0107693	0.000793926	0.00684198	0.634745	0.0399308	0.026568	0.0485937	0.0291442	0.0131918	0.000346015	0.0112173
33	0.0474406	0.00512234	0.0214538	0.00904955	0.00373935	0.00907488	0.019079	0.00499558	0.381422	0.0182513	0.0033422	0.0266355	0.00429338	0.0207908	0.333676	0.0621263	0.0148566	0.0103658	0.00126543	0.00301969
34	0.126719	0.00238468	0.177191	0.133649	0.0229103	0.00173306	0.140398	0.0395791	0.0196483	0.0281906	0.0284976	0.00575492	0.00128555	0.0890937	0.0165888	0.0366622	0.0719909	0.0157606	0.000624559	0.0413381
35	0.0578916	0.00311634	0.00528761	0.0113744	0.0298707	0.00800945	0.00993795	0.05858	0.170771	0.0732689	0.0352916	0.00862634	0.0498583	0.0156223	0.16256	0.0250054	0.250556	0.0142948	0.00181285	0.00826445
36	0.0432774	0.0145086	0.000756032	0.00102394	0.00879555	0.000677193	0.000838098	0.165115	0.00545001	0.208182	0.050456	0.000815874	0.00048971	0.00899346	0.00475776	0.00676454	0.0120664	0.46337	0.000359099	0.00330341
37	0.0487599	0.0170855	0.0142367	0.017719	0.0380819	0.00934615	0.0728628	0.0407755	0.0633484	0.174391	0.0434118	0.0519303	0.00832983	0.0483291	0.0801336	0.0360888	0.0445909	0.0556534	0.038048	0.0968774
38	0.187758	0.0025624	0.0183735	0.041192	0.00418449	0.494908	0.00626646	0.00668263	0.0289995	0.0205468	0.0302044	0.00662198	0.0260569	0.0141031	0.0120726	0.0668939	0.0230377	0.0046296	0.00101103	0.00389466
39	0.0216099	0.000929286	0.0782611	0.0185186	0.0140825	0.696325	0.00772125	0.00204429	0.00388951	0.0102413	0.00297086	0.0731389	0.00941544	0.0138587	0.0102066	0.0236993	0.00881512	0.00234855	0.000508511	0.0014157
40	0.0979772	0.000542043	0.285632	0.357178	0.00110081	0.0175554	0.00163039	0.00158227	0.0245018	0.00217689	0.00118095	0.0335842	0.0225871	0.0798469	0.00693512	0.0466606	0.0160946	0.00206646	0.000305394	0.000861535
41	0.0644639	0.00138845	0.0150295	0.0907217	0.0253669	0.00273656	0.0460828	0.0262467	0.0430261	0.0908517	0.0031864	0.0164322	0.00150466	0.121298	0.0977214	0.105123	0.128813	0.0930793	0.0235323	0.0033951
42	0.0239137	0.00674869	0.00326238	0.00417358	0.141603	0.00311231	0.00360459	0.18031	0.0190961	0.439068	0.0414853	0.00326628	0.00789474	0.00849329	0.0109084	0.00706927	0.013031	0.0669543	0.0123377	0.00366713
43	0.0165762	0.000611037	0.555314	0.0728534	0.00113407	0.00682371	0.019671	0.00163341	0.0152759	0.00622951	0.00129375	0.214225	0.0107404	0.0169483	0.0150699	0.025804	0.0068594	0.011422	0.000345824	0.00116841
44	0.0205695	0.000805326	0.00101057	0.00295958	0.00161986	0.00113619	0.00154221	0.549913	0.00253951	0.0599662	0.00563712	0.00154943	0.000807217	0.00576487	0.00643195	0.00257601	0.0117771	0.31887	0.00336089	0.00116419
45	0.0246786	0.00314586	0.00101072	0.00491836	0.00217792	0.000958058	0.00127072	0.48117	0.00288845	0.170015	0.0132349	0.00156345	0.00151079	0.0151893	0.0165107	0.00288292	0.00674083	0.244132	0.00448185	0.00151845
46	0.0668981	0.000888457	0.00849572	0.00892883	0.0993024	0.00751624	0.478516	0.00221675	0.00352219	0.0191713	0.0017349	0.011547	0.00105544	0.00313097	0.0138558	0.0452295	0.00324095	0.00286765	0.000810532	0.221071
47	0.140107	0.00424263	0.0827943	0.182088	0.0114377	0.0147747	0.0285783	0.0234374	0.0694858	0.0388183	0.0170568	0.0262834	0.0178144	0.173576	0.0471528	0.0482308	0.0371531	0.0252367	0.00274073	0.0089905
48	0.028583	0.00129776	0.479855	0.0846113	0.00250879	0.0168796	0.0218512	0.00358028	0.0210124	0.00871194	0.00316484	0.19446	0.00818489	0.0282374	0.021223	0.0450167	0.0157392	0.0111484	0.000918408	0.00301603
49	0.0979772	0.000542043	0.285632	0.357178	0.00110081	0.0175554	0.00163039	0.00158227	0.0245018	0.00217689	0.00118095	0.0335842	0.0225871	0.0798469	0.00693512	0.0466606	0.0160946	0.00206646	0.000305394	0.000861535
50	0.133251	0.0014691	0.216378	0.119993	0.0141779	0.00234122	0.184666	0.0205308	0.0105445	0.0175205	0.0265658	0.00318039	0.00153772	0.0775287	0.0118322	0.0472206	0.0659536	0.00444795	0.000778314	0.0400836
51	0.0170761	0.000771383	0.000850764	0.00247348	0.00772928	0.000812825	0.00092793	0.401388	0.00224757	0.356998	0.0390938	0.00111723	0.0059391	0.00494285	0.00916684	0.00196374	0.00969978	0.128056	0.00803699	0.000708767
52	0.0142525	0.00081951	0.000896589	0.00175338	0.0167029	0.000954405	0.00104737	0.254141	0.00336627	0.543519	0.0450978	0.00118107	0.00865786	0.00165098	0.00900324	0.00255949	0.0110257	0.0772143	0.00542476	0.000731459
53	0.0205803	0.000779773	0.00100462	0.00299096	0.0018255	0.00117035	0.00154393	0.549961	0.00257407	0.059472	0.00582352	0.00155294	0.000813317	0.00576878	0.0064066	0.00261491	0.0116287	0.318996	0.00335355	0.00113951
54	0.0227045	0.00276609	0.000847756	0.00383418	0.00169153	0.000906534	0.00117141	0.520294	0.0026793	0.151989	0.013844	0.00114638	0.000553667	0.009934	0.0100606	0.00285975	0.00699982	0.239027	0.00532146	0.00136939
55	0.013177	0.000648457	0.556723	0.0666194	0.00098743	0.00776916	0.020242	0.00149405	0.0127611	0.00606575	0.00108372	0.237899	0.00755804	0.014087	0.0134163	0.0237017	0.00559227	0.0089494	0.00038113	0.000844043
56	0.0634351	0.00904372	0.0274685	0.033085	0.0121291	0.0427414	0.0313731	0.0185638	0.280243	0.0407343	0.0112587	0.0289685	0.0176094	0.0557826	0.203732	0.0449401	0.0359541	0.0241162	0.00398337	0.0148379
57	0.101359	0.00124578	0.00841685	0.0178538	0.0031241	0.016323	0.00707292	0.0168273	0.00929679	0.0148598	0.0038931	0.00875008	0.551345	0.0784166	0.0397725	0.0653856	0.0287109	0.0141581	0.00154569	0.0116432
58	0.260846	0.0308892	0.00548645	0.0155697	0.0326842	0.00646979	0.00752945	0.0135945	0.0377129	0.0149525	0.032876	0.0106924	0.123062	0.018578	0.0409011	0.0506789	0.0698313	0.193452	0.00241476	0.031778
59	0.0220151	0.00072821	0.0754908	0.0158954	0.0104006	0.711751	0.00778835	0.00164605	0.00397795	0.00875181	0.00303065	0.0713816	0.00998627	0.0141717	0.0106982	0.0207278	0.0082977	0.00189797	0.000373292	0.000989309
60	0.0163522	0.0254391	0.00132679	0.00180329	0.0403228	0.00127043	0.001639	0.0432158	0.00314251	0.629113	0.14032	0.00156515	0.000852993	0.0294852	0.00287352	0.00585151	0.00883418	0.0443975	0.000821596	0.00137332
61	0.0434606	0.0149237	0.000940361	0.00159572	0.00545844	0.000732099	0.000963663	0.183648	0.00620612	0.163765	0.0384035	0.0015479	0.0015907	0.00725688	0.00742679	0.0064656	0.0138731	0.49788	0.000392434	0.00346972
62	0.058576	0.00954173	0.00687346	0.0122771	0.00927228	0.00961079	0.0174893	0.0266316	0.0299651	0.0580364	0.0144271	0.0242883	0.00608022	0.0281581	0.0290444	0.0802993	0.372384	0.193833	0.00458528	0.00862675
63	0.066576	0.00640881	0.0302365	0.0255369	0.0509025	0.0173011	0.359609	0.0138737	0.0253421	0.0434915	0.0107251	0.0306188	0.00614151	0.0347377	0.0489747	0.0413861	0.0300021	0.0213123	0.00520501	0.131619
64	0.106715	0.0025237	0.0116838	0.0225226	0.00630795	0.0203782	0.00989141	0.0212971	0.0194126	0.0222112	0.00534519	0.00983968	0.525832	0.040812	0.0363132	0.0476046	0.0536155	0.0223225	0.00280862	0.0125628
65	0.13022	0.00106364	0.0277839	0.0186457	0.00354256	0.678531	0.00316532	0.00169263	0.0140529	0.00861343	0.0118982	0.0192124	0.00974011	0.0120285	0.0106753	0.0366503	0.00834953	0.00223764	0.000458237	0.00143885
66	0.494481	0.0369997	0.00243146	0.00390207	0.00550262	0.00499411	0.00318926	0.0128501	0.0175637	0.00602519	0.00611354	0.0186858	0.0268839	0.00926757	0.0188818	0.184876	0.0388485	0.101998	0.00106275	0.00544242
67	0.0594337	0.00292011	0.0263407	0.0296088	0.0117128	0.401486	0.0596457	0.0140948	0.0467189	0.018772	0.00890361	0.0507409	0.00906386	0.0249695	0.0473851	0.117292	0.0373303	0.0175199	0.00218835	0.0138727
68	0.0680842	0.00598044	0.0125657	0.013551	0.0115935	0.00899509	0.328705	0.0120483	0.0211936	0.0228365	0.0103018	0.182163	0.00646063	0.0629838	0.0254702	0.0207328	0.118068	0.0549721	0.00368795	0.00960649
69	0.187182	0.00373031	0.00566003	0.0377633	0.00926666	0.00618404	0.0297626	0.0363148	0.0599969	0.0344118	0.00681161	0.0085918	0.0883647	0.130455	0.113663	0.0371441	0.0547329	0.0169671	0.0993117	0.0336857
70	0.0805871	0.00154082	0.124891	0.0718541	0.00234046	0.0553459	0.00355946	0.00377685	0.0638034	0.00859179	0.00249907	0.062336	0.00135115	0.0877801	0.0403269	0.178541	0.182808	0.0148494	0.000796073	0.0124215
71	0.0276483	0.00153302	0.00968942	0.00426084	0.00295268	0.345601	0.0744587	0.00393509	0.126243	0.0129401	0.0034902	0.122278	0.00775033	0.0385746	0.119697	0.0527393	0.036459	0.00601103	0.00093129	0.002808
72	0.0778661	0.00955368	0.0252458	0.0317949	0.0154494	0.0211306	0.0342832	0.0291738	0.0531441	0.0446651	0.0156185	0.0412431	0.019042	0.0461224	0.052715	0.121596	0.285429	0.0534731	0.00585048	0.0166035
73	0.0161809	0.00281563	0.000862966	0.00114896	0.0129897	0.000799134	0.00096955	0.230639	0.00297961	0.519192	0.0490257	0.00106134	0.0088113	0.00280592	0.00802816	0.00278644	0.0120439	0.120732	0.00523319	0.000893734
74	0.0384962	0.0171211	0.00116577	0.00177974	0.0175142	0.00126103	0.00169878	0.112384	0.00555605	0.343316	0.0782195	0.00142354	0.000838227	0.024818	0.00477184	0.0119119	0.0166311	0.317881	0.000682847	0.00252879
75	0.0622367	0.00697275	0.0797118	0.0353552	0.0214361	0.0420165	0.184388	0.0164431	0.0492918	0.0344617	0.0133571	0.154144	0.0097439	0.0595024	0.0577421	0.0497695	0.0519354	0.0316437	0.00559045	0.0342577
76	0.16258	0.00196759	0.0224773	0.0212722	0.00773498	0.605986	0.00441635	0.0041505	0.0181689	0.0112944	0.0139889	0.0119038	0.00962373	0.0143723	0.031551	0.0352731	0.0106074	0.00502759	0.0009612	0.0066431
77	0.0204062	0.00320573	0.00116774	0.00312185	0.0119519	0.00106747	0.00176559	0.307172	0.00450373	0.404423	0.0383701	0.00155532	0.006803	0.00608898	0.0101607	0.00391348	0.0112424	0.157091	0.00464999	0.00133939
78	0.0174155	0.0106281	0.00139848	0.00186494	0.0269888	0.00151023	0.00169213	0.165334	0.00428528	0.546719	0.087292	0.0015263	0.00675561	0.012541	0.00662114	0.0045809	0.0112951	0.0861286	0.00391653	0.00150611
79	0.0677565	0.000892799	0.00832642	0.00900928	0.0999957	0.00766949	0.477543	0.00227307	0.00344106	0.0184789	0.0016786	0.011809	0.00103961	0.00311857	0.0129224	0.0458068	0.0033329	0.00271561	0.000757932	0.221432
80	0.0419538	0.00189143	0.0167147	0.0119939	0.0298299	0.00433941	0.346709	0.0053057	0.0205533	0.102507	0.00448936	0.00512392	0.00201344	0.00756856	0.136244	0.00968795	0.0078192	0.0198705	0.00860249	0.216782
81	0.0640315	0.00918407	0.0236429	0.028359	0.0158894	0.0259972	0.0491424	0.0272502	0.187181	0.0516907	0.0128189	0.0268631	0.0164863	0.0449646	0.277522	0.0416767	0.0377344	0.0294321	0.00515609	0.0249763
82	0.416194	0.08745	0.00676735	0.0119679	0.0123229	0.0590097	0.0157132	0.0224053	0.0169578	0.0328499	0.0136635	0.0154566	0.0109131	0.015046	0.018656	0.121386	0.0498594	0.0571598	0.00350626	0.0127159
83	0.0787262	0.00213761	0.0410558	0.0189001	0.00763818	0.60526	0.0140157	0.00475792	0.0284134	0.0127139	0.00922806	0.0441527	0.0172146	0.0192718	0.0270879	0.0380195	0.0181107	0.00604803	0.001211	0.00603727
84	0.020889	0.00218386	0.000947003	0.00469835	0.00879261	0.000943033	0.00151125	0.420018	0.00343418	0.303	0.0271789	0.00159093	0.00439781	0.00831287	0.0124432	0.00347627	0.00855674	0.160646	0.00580416	0.00117621
85	0.023391	0.00258836	0.00109771	0.00277284	0.00337035	0.000901325	0.00146148	0.472521	0.00315906	0.0895426	0.013772	0.0014774	0.0008899	0.00630233	0.00656552	0.00307229	0.0116645	0.350994	0.00282334	0.00163247
86	0.0674434	0.00465417	0.035616	0.0285952	0.0488199	0.0234838	0.338708	0.0150973	0.0246924	0.0444813	0.0111341	0.0327151	0.00836875	0.0370997	0.0530518	0.0439887	0.0327366	0.0225074	0.00474268	0.122064
87	0.0669474	0.0124715	0.0186926	0.0258736	0.0151112	0.0281167	0.0421549	0.0352741	0.181933	0.0512908	0.0110275	0.0239354	0.0350664	0.0449173	0.264714	0.038306	0.0398237	0.0347064	0.00503806	0.0245996
88	0.0161069	0.00101688	0.00089489	0.00336039	0.0119311	0.000984344	0.00126623	0.353439	0.00377401	0.4308	0.0336688	0.00135652	0.00612353	0.0053349	0.0104897	0.0031332	0.0095049	0.100729	0.00516152	0.000924828
89	0.0436502	0.00231337	0.404703	0.0944397	0.00736263	0.0324898	0.0362069	0.00895386	0.0262473	0.0200051	0.00628065	0.138527	0.0195367	0.0374362	0.0294889	0.0386207	0.0252844	0.0159542	0.00257451	0.00992412
90	0.0312227	0.00801882	0.0074522	0.00516479	0.00349515	0.010007	0.0156222	0.00454082	0.416084	0.0211031	0.00338751	0.0145652	0.0039711	0.0245003	0.379732	0.0272415	0.0101633	0.00697327	0.00101094	0.00574347
91	0.0691308	0.000520214	0.371852	0.277859	0.00102159	0.0166518	0.00656459	0.00167207	0.019754	0.00325039	0.00135711	0.0881421	0.0172426	0.0599031	0.00870739	0.0386602	0.0124567	0.00399503	0.0003439	0.000915822
92	0.0838305	0.00763639	0.0266169	0.0284349	0.017365	0.0251033	0.0352707	0.0262734	0.0522294	0.0401413	0.0151038	0.0452156	0.022237	0.0409015	0.0478391	0.129232	0.291628	0.0402046	0.00443528	0.020301
93	0.0134248	0.00194361	0.00390249	0.00693166	0.00398239	0.00460669	0.0131944	0.00624023	0.0122178	0.00838577	0.00368968	0.0489887	0.00239054	0.0125416	0.00889823	0.383062	0.449396	0.0106947	0.00183876	0.00367
94	0.0728784	0.00187123	0.0398909	0.0179878	0.00745133	0.605327	0.0151554	0.00637834	0.0312186	0.0147536	0.00872968	0.0461719	0.0135679	0.0183976	0.0307217	0.038175	0.016641	0.00945483	0.00104761	0.00417986
95	0.0182385	0.00219527	0.00109827	0.00283069	0.0111459	0.00103539	0.00110202	0.306001	0.00353424	0.432499	0.0409319	0.00118489	0.0068814	0.00535417	0.00968003	0.0030778	0.0103348	0.136232	0.00552441	0.00111845
96	0.0152405	0.0224027	0.00130533	0.00162248	0.0366185	0.00114275	0.00156691	0.0623558	0.00314701	0.626567	0.131649	0.0014582	0.00171864	0.0260098	0.00331373	0.00530525	0.00863715	0.0474008	0.00135146	0.00118691
97	0.0345719	0.0100682	0.00100522	0.00142411	0.0118428	0.000804974	0.00107851	0.22544	0.00573898	0.204358	0.0535123	0.00102636	0.00177764	0.00672276	0.00620529	0.00624021	0.0124184	0.4109	0.00166452	0.00320055
98	0.0241392	0.00222836	0.00106312	0.00262131	0.00302429	0.00124024	0.00157361	0.499085	0.00333376	0.0626391	0.0104185	0.00162809	0.000813517	0.00554858	0.00606503	0.00297779	0.0131443	0.354249	0.00280886	0.00139847
99	0.194881	0.00893613	0.0231232	0.0278774	0.0148831	0.372653	0.0185577	0.0146798	0.0398012	0.0269302	0.0172486	0.0203321	0.0256544	0.0276853	0.0406153	0.059507	0.0301191	0.0192464	0.00307766	0.014191
100	0.0228502	0.00699289	0.00551211	0.00261374	0.00213102	0.00201495	0.00884196	0.00312447	0.454744	0.0185682	0.0020081	0.0104903	0.00134657	0.018914	0.407486	0.0209106	0.00395727	0.00366173	0.000612876	0.0032191
101	0.0167589	0.00239642	0.00399225	0.00728707	0.00445276	0.00699838	0.0264355	0.00550099	0.0230281	0.00893757	0.00394973	0.162892	0.00258494	0.0250402	0.00929829	0.26283	0.411236	0.0113358	0.00173783	0.00330689
102	0.0724289	0.00257012	0.00257678	0.0689883	0.00411174	0.00259241	0.0134348	0.150963	0.0504733	0.343701	0.0149149	0.0129667	0.00204834	0.0050517	0.0491189	0.0608098	0.00615856	0.133637	0.00116124	0.00229227
103	0.167012	0.00272282	0.00356756	0.141488	0.020891	0.00346619	0.0048986	0.0666974	0.0249044	0.00859607	0.0192883	0.00482007	0.160847	0.134352	0.0440023	0.0399097	0.0563451	0.0710541	0.00406529	0.0210714
104	0.474256	0.0243021	0.00448662	0.0112563	0.00501801	0.00859425	0.00470202	0.0220591	0.013289	0.00873889	0.00754144	0.0178132	0.00597472	0.0135938	0.0173105	0.24384	0.0559863	0.0577779	0.000909672	0.00254993
105	0.022054	0.00427033	0.00972526	0.00991725	0.0126911	0.00537641	0.305945	0.00908791	0.0167235	0.0212679	0.0363664	0.0120839	0.00345763	0.332445	0.0531972	0.0145292	0.0134088	0.0138254	0.0029237	0.100704
106	0.0310825	0.0298864	0.0375284	0.0146749	0.0378978	0.00564191	0.129106	0.0127608	0.116871	0.0590401	0.0373528	0.115309	0.00428283	0.082153	0.0592921	0.0245742	0.155467	0.0208472	0.00735483	0.018878
107	0.119798	0.00153879	0.102043	0.0401964	0.00352984	0.0168204	0.155961	0.0180909	0.0501296	0.0222291	0.00755156	0.0665003	0.00213371	0.108247	0.0641173	0.182042	0.00717725	0.00977543	0.00129161	0.0208267
108	0.024874	0.0161757	0.00348141	0.00579139	0.0336293	0.00263462	0.00620775	0.105605	0.0108585	0.522319	0.109443	0.00396051	0.00635499	0.0250731	0.012389	0.0114133	0.0172899	0.0746891	0.00307303	0.0047371
109	0.0326845	0.00932816	0.00207458	0.00314425	0.021775	0.00198722	0.00249713	0.227212	0.0179982	0.139589	0.0768223	0.00260647	0.00172716	0.0111865	0.00672045	0.0146743	0.026048	0.397662	0.000913353	0.00334866
110	0.105256	0.00155567	0.119165	0.115345	0.00307036	0.0182263	0.00603382	0.00573118	0.0861961	0.0228434	0.00346116	0.0384894	0.00143258	0.0636632	0.212549	0.0725447	0.104179	0.00892121	0.000910971	0.0104266
111	0.14274	0.00856911	0.028641	0.0532956	0.0125078	0.0186986	0.00827002	0.0049283	0.072202	0.120287	0.0573018	0.0320854	0.00248843	0.263895	0.0490726	0.0894056	0.0130748	0.0154815	0.00257539	0.00447986
112	0.015693	0.0214343	0.0015008	0.00229604	0.0471798	0.00169094	0.00229881	0.0747801	0.00492386	0.551771	0.170741	0.00206518	0.00169551	0.0246899	0.00406601	0.00643456	0.00917543	0.0546579	0.0011263	0.00177958
113	0.157252	0.0025989	0.0119931	0.0117026	0.0064441	0.0910557	0.0241655	0.0155724	0.269268	0.0243197	0.00999556	0.01504	0.0359619	0.0635657	0.128103	0.050966	0.0438094	0.0333223	0.0012498	0.00361567
114	0.0209348	0.00452528	0.00404979	0.00562269	0.0794577	0.0035222	0.00457885	0.265427	0.0122883	0.085448	0.156657	0.00462184	0.00288234	0.00884724	0.00837453	0.011578	0.0140995	0.3011	0.00173657	0.00424862
115	0.0529491	0.00632058	0.00500473	0.0655402	0.0313473	0.123249	0.0959655	0.0487642	0.0825507	0.0271139	0.00384084	0.0254579	0.002459	0.0116161	0.0836993	0.135422	0.0641532	0.0754793	0.00737676	0.0516907
116	0.0435152	0.00873487	0.0124433	0.0133929	0.00596451	0.0168543	0.0205445	0.0103964	0.354743	0.0284983	0.00532628	0.0168709	0.00802666	0.0336755	0.343753	0.0315152	0.0210195	0.0143733	0.00172793	0.00862484
117	0.0382709	0.00222623	0.0415596	0.277608	0.0126911	0.00387544	0.104286	0.0748861	0.0789226	0.0191913	0.00861826	0.0216672	0.00209432	0.139551	0.0608288	0.0309714	0.040073	0.0320632	0.00122313	0.00939212
118	0.0588774	0.00947928	0.0212915	0.0203945	0.109354	0.0194322	0.172987	0.030483	0.0232327	0.0592459	0.0134995	0.0186331	0.0114706	0.0252388	0.0444896	0.0344022	0.032772	0.0422922	0.00946722	0.242957
119	0.0274652	0.00334606	0.140888	0.130603	0.0371045	0.00587447	0.0175501	0.0657916	0.0229646	0.130298	0.00806414	0.0113513	0.00383899	0.128284	0.126235	0.042971	0.0184556	0.0424056	0.00201578	0.0344934
120	0.309378	0.085946	0.00770226	0.0108001	0.00861333	0.0502919	0.0109819	0.0217378	0.0132302	0.0576902	0.0099567	0.00978912	0.00750779	0.0143088	0.0156743	0.0384066	0.135802	0.179376	0.00444283	0.0083641
121	0.0199991	0.000683555	0.000959569	0.0049962	0.00125427	0.00100366	0.00135398	0.580914	0.00197294	0.158185	0.00860755	0.00134939	0.000810905	0.0114452	0.0124488	0.00205593	0.00609685	0.178059	0.00683337	0.000971505
122	0.306536	0.0282688	0.00181753	0.00262332	0.00199009	0.0126535	0.00221722	0.0305026	0.00334326	0.022823	0.00197162	0.00224606	0.00152418	0.0039188	0.00448341	0.0204479	0.0920362	0.449448	0.00939446	0.00175453
123	0.0467079	0.0178327	0.0161946	0.018325	0.0359914	0.0081494	0.0796493	0.0432281	0.0577571	0.159621	0.0464205	0.0557482	0.00736215	0.0487781	0.0741357	0.034867	0.0474875	0.0634963	0.0403034	0.097945
124	0.159366	0.0121229	0.0121001	0.0239668	0.0609113	0.228681	0.0232743	0.0315636	0.0339036	0.022715	0.00919416	0.0147853	0.0069936	0.0210837	0.163135	0.0295582	0.0311647	0.0389494	0.0134102	0.063121
125	0.0123319	0.00154118	0.00332024	0.031062	0.0186184	0.0026088	0.00440217	0.0355501	0.122212	0.0289037	0.037298	0.016573	0.00576683	0.0197614	0.124764	0.072976	0.424233	0.019997	0.00129041	0.01679
126	0.020709	0.00077866	0.000993201	0.00297279	0.00149236	0.00115709	0.00154428	0.551183	0.00255367	0.0595915	0.00521188	0.00155558	0.000813546	0.00578947	0.00642626	0.00251506	0.0116662	0.318544	0.00336446	0.00113818
127	0.013895	0.000552945	0.566901	0.0725917	0.00102784	0.00744952	0.0189538	0.00142348	0.0136293	0.00651313	0.00101597	0.217466	0.0084885	0.0144096	0.0143118	0.0247534	0.00583401	0.00960485	0.000336082	0.000842813
128	0.281086	0.00165456	0.0199243	0.122876	0.00862196	0.00720949	0.0106474	0.0247496	0.143505	0.023868	0.00731477	0.0129582	0.00281258	0.16823	0.0481807	0.032641	0.0474191	0.0316472	0.00143958	0.00321524
129	0.112249	0.000361099	0.00719001	0.0134126	0.000685008	0.0182691	0.00382378	0.015412	0.00450734	0.0111448	0.000652111	0.00664787	0.638617	0.0401121	0.0261095	0.0488859	0.0288954	0.0115857	0.000332037	0.0111075
130	0.0186331	0.00460348	0.00322235	0.00399094	0.0626193	0.00316877	0.00360886	0.263089	0.0100807	0.216235	0.141872	0.00402112	0.00489492	0.00799399	0.00843782	0.00984104	0.0134397	0.214202	0.002868	0.00317677
131	0.162559	0.000859381	0.0311863	0.0311372	0.00277362	0.595466	0.00310877	0.00321479	0.0273085	0.0104298	0.0205295	0.00874308	0.0126468	0.0170537	0.0118954	0.0434311	0.0107849	0.00389775	0.000729334	0.0022448
132	0.0602459	0.0100056	0.0323221	0.028632	0.0142218	0.0320142	0.0530599	0.0243991	0.163578	0.0505287	0.0142306	0.0293897	0.0175116	0.0456542	0.267511	0.0437141	0.044443	0.0343162	0.00612598	0.0280966
133	0.0143476	0.000634741	0.559792	0.0670108	0.00123281	0.00777545	0.0313506	0.00184311	0.0131651	0.00672769	0.00137055	0.216712	0.0079782	0.014617	0.0134673	0.0242506	0.00666277	0.00959646	0.000430032	0.00103497
134	0.112436	0.000359854	0.00685379	0.0130095	0.000688691	0.0181829	0.0037619	0.0154486	0.00434649	0.0109	0.000630341	0.0065701	0.639543	0.0400589	0.0261581	0.0489662	0.0290177	0.0115349	0.000329793	0.0112027
135	0.0635267	0.00184504	0.109626	0.0781848	0.00907685	0.00680678	0.108061	0.0142423	0.0702923	0.0175361	0.0204684	0.104784	0.00245476	0.171008	0.066975	0.0875422	0.0169358	0.0259884	0.00221267	0.0224331
136	0.0880608	0.00533348	0.0223565	0.0308392	0.0102468	0.027981	0.0176996	0.02857	0.0537057	0.0393267	0.00943686	0.0175354	0.353795	0.0404321	0.118011	0.0412395	0.0392348	0.0373809	0.00461874	0.0141961
137	0.0188322	0.00333842	0.00549208	0.0071633	0.00674773	0.00513723	0.00741016	0.137911	0.071372	0.197733	0.0330061	0.0070177	0.00448193	0.0851267	0.0132001	0.0135456	0.195769	0.179361	0.00198972	0.00536681
138	0.0360063	0.0155553	0.00542366	0.00283065	0.00242466	0.00190499	0.0195429	0.00332067	0.398623	0.0341323	0.00220697	0.0142073	0.00139996	0.0399146	0.379359	0.025588	0.00481342	0.00444199	0.000684908	0.00761988
139	0.0420594	0.00883725	0.0231471	0.0279527	0.0495112	0.0117085	0.0440927	0.015125	0.0973002	0.0410094	0.0959231	0.0697109	0.00574367	0.220046	0.0906452	0.0425711	0.0276106	0.0231917	0.0088594	0.0549547
140	0.530236	0.00209573	0.0114878	0.0349975	0.0114934	0.00247703	0.00287068	0.00420006	0.0213771	0.0151993	0.0294787	0.0211032	0.0019482	0.0300708	0.0143539	0.178984	0.0780096	0.00688998	0.000712865	0.00201348
141	0.0228189	0.0070152	0.00550742	0.00261609	0.00214756	0.00200432	0.00882652	0.00311889	0.454933	0.0185637	0.00200742	0.0104204	0.00134486	0.0189576	0.407431	0.0208636	0.00393769	0.00365012	0.000599807	0.00323533
142	0.0336794	0.000991499	0.0710334	0.0997861	0.00177612	0.0172368	0.0194438	0.0120371	0.0338714	0.0373953	0.00194673	0.0170189	0.525446	0.030043	0.0368761	0.0269562	0.0133778	0.0181087	0.000839959	0.00213528
143	0.509633	0.0232495	0.00445975	0.010758	0.00411403	0.00543075	0.00306706	0.0133512	0.0111403	0.00727205	0.00816891	0.0159938	0.00565181	0.0136945	0.0165859	0.243679	0.0454275	0.0553951	0.000749745	0.00217826
144	0.0416591	0.013377	0.000827987	0.00102859	0.0055744	0.000662061	0.000856003	0.181305	0.00609986	0.162042	0.0393842	0.00114475	0.00151138	0.00769704	0.00841039	0.00609407	0.0138065	0.504763	0.000288006	0.00346963
145	0.0585718	0.0044604	0.0155776	0.0210735	0.00610744	0.0160639	0.0167824	0.0117948	0.0282434	0.0178361	0.00849182	0.0500622	0.0116154	0.0252121	0.0242834	0.280667	0.372073	0.0210257	0.00280487	0.00725276
146	0.0477063	0.00379446	0.0578643	0.0197277	0.0158906	0.00490255	0.296469	0.0111434	0.0206319	0.131852	0.00829914	0.0106159	0.00420963	0.0191245	0.130398	0.0140941	0.0150169	0.0435407	0.0122795	0.132439
147	0.0189205	0.00997518	0.00312508	0.00472426	0.28412	0.0114139	0.051374	0.0435897	0.00704957	0.0768089	0.0051199	0.0105475	0.0021835	0.00644499	0.0152773	0.00683543	0.0214432	0.0573863	0.0120912	0.35157
148	0.0935194	0.0013374	0.112659	0.103398	0.00385793	0.0262591	0.00893459	0.00658951	0.0918444	0.0222331	0.00476697	0.0467643	0.00118711	0.0790478	0.186195	0.0777698	0.10665	0.0121522	0.00113253	0.0137017
149	0.0222233	0.00410415	0.00636699	0.00963901	0.0104568	0.00790552	0.00701894	0.153062	0.0125102	0.16242	0.00959536	0.0332571	0.112974	0.0145429	0.141626	0.0130686	0.0422226	0.228574	0.00216315	0.00626934
150	0.0839682	0.00278507	0.00261903	0.0684438	0.00299772	0.00238153	0.0151724	0.138655	0.0531822	0.329945	0.0169897	0.0146906	0.0018639	0.00502664	0.0514925	0.0583773	0.00616281	0.142112	0.000919649	0.00221545
151	0.0774269	0.000799757	0.0740286	0.173069	0.0107501	0.00907001	0.0468478	0.028276	0.137422	0.0166574	0.0124849	0.0457098	0.00146305	0.152346	0.0744426	0.0543116	0.044625	0.0329295	0.00109324	0.00624623
152	0.0751046	0.00217672	0.0284263	0.0247135	0.00513097	0.0304887	0.110152	0.0079093	0.113296	0.0109692	0.00421696	0.0624268	0.0055096	0.013107	0.331878	0.0786274	0.0442729	0.0449954	0.00140961	0.00518945
153	0.0284611	0.018655	0.00357262	0.00537499	0.21478	0.0270929	0.0497961	0.0349706	0.00711906	0.108058	0.00430295	0.0206921	0.00228045	0.0076871	0.0275688	0.00815252	0.0289658	0.0258527	0.00678974	0.369827
154	0.0736547	0.00264781	0.0216069	0.0226682	0.01346	0.00362894	0.284962	0.00644894	0.0174489	0.155986	0.0052106	0.0062297	0.00259919	0.00893697	0.142925	0.00868818	0.0096004	0.0332002	0.0194378	0.16066
155	0.0143539	0.000949245	0.000909482	0.00137112	0.0126225	0.00084036	0.00100501	0.267601	0.00281515	0.501804	0.0489807	0.00108819	0.00938088	0.00220131	0.0086479	0.00221589	0.0124264	0.103128	0.00690317	0.000754913
156	0.0641682	0.000717384	0.0517126	0.189141	0.0146856	0.00491511	0.0763098	0.0345947	0.127608	0.0241112	0.00932913	0.0402269	0.000856124	0.147099	0.0805982	0.050344	0.0412265	0.032072	0.00154667	0.0087369
157	0.0490056	0.0927271	0.00200151	0.00259143	0.00601448	0.00200144	0.00289259	0.150092	0.007556	0.165175	0.0328821	0.00250891	0.00220251	0.00862248	0.00839208	0.00820628	0.0146618	0.437339	0.00100647	0.0041219
158	0.0357371	0.00311027	0.0372247	0.053834	0.0270303	0.0250784	0.0138727	0.0123367	0.16587	0.0183711	0.032104	0.0711081	0.00278866	0.1937	0.119116	0.10761	0.037341	0.0184848	0.0176488	0.00763392
159	0.0358442	0.0118842	0.00804376	0.0104514	0.033664	0.00596465	0.00978377	0.146988	0.0166489	0.454806	0.0658753	0.00743527	0.00839952	0.0231586	0.0251028	0.0139849	0.0191299	0.0885651	0.00493923	0.00933007
160	0.0971979	0.00210848	0.134053	0.215591	0.0136238	0.00447814	0.112902	0.0341432	0.0431071	0.0192661	0.0275298	0.0168697	0.00284996	0.116502	0.0318105	0.0372165	0.0494604	0.0161838	0.00111224	0.023994
161	0.0136657	0.00195358	0.00398759	0.00659444	0.00400812	0.00440324	0.01276	0.00641519	0.0122931	0.00900974	0.00357897	0.050257	0.00231412	0.0125458	0.00897942	0.36691	0.463241	0.010965	0.00180032	0.00431796
162	0.0699412	0.00142703	0.0428608	0.0180417	0.00973231	0.628821	0.0136477	0.00408565	0.0229055	0.0150857	0.00888317	0.0476364	0.0139892	0.0180033	0.0235091	0.0362637	0.0146906	0.00508768	0.00134021	0.0040476
163	0.0639233	0.0125682	0.0214638	0.0275715	0.0163879	0.0304591	0.0485865	0.0207272	0.171307	0.0443587	0.0134914	0.028364	0.0153442	0.0451974	0.279727	0.0508755	0.0457197	0.0311951	0.00615629	0.0265768
164	0.062893	0.00892038	0.030939	0.0388128	0.0210387	0.0247188	0.156257	0.0233726	0.0464257	0.0393964	0.0158881	0.0543453	0.00974424	0.0502621	0.0561247	0.0838545	0.210296	0.0339867	0.00506403	0.0276601
165	0.0634962	0.00509287	0.0385856	0.0285032	0.0503384	0.017563	0.329661	0.0179076	0.0311497	0.0439576	0.0112762	0.0304932	0.0126293	0.0364829	0.0588406	0.0404906	0.0365433	0.0204816	0.0057942	0.120713
166	0.0857717	0.00982134	0.038285	0.0616951	0.0199879	0.0318665	0.0498897	0.0294292	0.0784756	0.0608095	0.0257939	0.0356396	0.0286765	0.186939	0.0698582	0.0597485	0.0568192	0.0406429	0.0074293	0.0224217
167	0.115144	0.0111429	0.00969816	0.0231469	0.0198711	0.0158953	0.0167872	0.284122	0.0263598	0.128913	0.0228637	0.0107104	0.0171036	0.0262864	0.0300667	0.0345973	0.0302966	0.157095	0.00684298	0.0130572
168	0.0651226	0.0090798	0.0309833	0.0290507	0.0151871	0.0371387	0.0450781	0.0230207	0.177825	0.0498245	0.0113068	0.0311195	0.0246464	0.0487795	0.260172	0.0417899	0.0427843	0.026524	0.00529671	0.0252701
169	0.0742179	0.0132028	0.0120162	0.0145147	0.0144247	0.00749366	0.0157838	0.182645	0.0196865	0.144383	0.0307448	0.0110877	0.0074226	0.0186888	0.0213957	0.0240264	0.0315902	0.34283	0.00378859	0.0100568
170	0.0614042	0.00503381	0.0291622	0.0269977	0.0545598	0.0218251	0.341972	0.0141485	0.0312207	0.0461922	0.0103177	0.0298763	0.00781972	0.0370236	0.0607541	0.0412658	0.029274	0.0208011	0.00530713	0.125044
171	0.0165845	0.0259601	0.00141114	0.00199328	0.0458703	0.00159794	0.00193675	0.0430594	0.00351969	0.602144	0.160747	0.00187242	0.00108341	0.028544	0.00309424	0.00617646	0.0089531	0.0427137	0.00111068	0.00162788
172	0.520801	0.00140257	0.0122857	0.036718	0.0107788	0.00222386	0.00288618	0.00403132	0.0229651	0.0160708	0.0308869	0.0213635	0.00161569	0.0334918	0.0153425	0.180742	0.0783211	0.00528677	0.000729797	0.00205675
173	0.0673477	0.000886801	0.0083547	0.00900726	0.0999538	0.00759931	0.478348	0.00225042	0.00342665	0.0184922	0.00167924	0.0117127	0.00105608	0.00310539	0.0130128	0.0457579	0.00325249	0.00272327	0.000739374	0.221294
174	0.0254611	0.000812615	0.00111987	0.007122	0.00145247	0.00118006	0.00153933	0.571046	0.00221039	0.182277	0.00688961	0.00162809	0.000667088	0.0150025	0.0169038	0.00254408	0.00480893	0.15041	0.00569943	0.00122594
175	0.0251751	0.00127095	0.00800382	0.00340619	0.00246076	0.36372	0.0703375	0.0034668	0.126432	0.0124783	0.00273653	0.125093	0.00746139	0.0353578	0.115277	0.0526358	0.0370359	0.0045531	0.000831385	0.00226676
176	0.0654158	0.00104604	0.00812376	0.00883359	0.104794	0.00749037	0.470722	0.00269646	0.00350571	0.0199716	0.00171621	0.0116542	0.00105593	0.00306458	0.0138425	0.0447109	0.00370736	0.0028387	0.00099518	0.223815
177	0.112436	0.000359854	0.00685379	0.0130095	0.000688691	0.0181829	0.0037619	0.0154486	0.00434649	0.0109	0.000630341	0.0065701	0.639543	0.0400589	0.0261581	0.0489662	0.0290177	0.0115349	0.000329793	0.0112027
178	0.0164592	0.00166659	0.00084992	0.00202917	0.0114821	0.000816553	0.00101327	0.299484	0.00301125	0.446242	0.0464932	0.00105572	0.00742714	0.00355935	0.00855161	0.00252347	0.011039	0.129159	0.00621974	0.000917769
179	0.0430778	0.0131183	0.000786786	0.000990208	0.00583273	0.000629735	0.000821441	0.178328	0.0058389	0.166038	0.0405344	0.000831689	0.000442308	0.00706906	0.00525217	0.00609096	0.0128986	0.507563	0.000253059	0.00360311
180	0.132875	0.000783172	0.0265995	0.0232938	0.00309063	0.654904	0.0036214	0.00250117	0.0187298	0.0094706	0.0149844	0.0147373	0.0110629	0.0135416	0.0122272	0.0421566	0.0100853	0.00294045	0.000721972	0.00167249
181	0.043943	0.00271678	0.410002	0.097254	0.00779922	0.0276485	0.0341748	0.0103876	0.0250985	0.017889	0.00759909	0.145726	0.0140953	0.0382425	0.0249072	0.0368003	0.0250617	0.0189335	0.00214543	0.00957583
182	0.112436	0.000359854	0.00685379	0.0130095	0.000688691	0.0181829	0.0037619	0.0154486	0.00434649	0.0109	0.000630341	0.0065701	0.639543	0.0400589	0.0261581	0.0489662	0.0290177	0.0115349	0.000329793	0.0112027
183	0.0705941	0.0170404	0.00305042	0.00428584	0.00308156	0.00342778	0.00430248	0.0146186	0.00669582	0.296889	0.020728	0.00388901	0.00211987	0.0230092	0.00699065	0.0202127	0.125098	0.369902	0.00108838	0.00297605
184	0.0582292	0.0100753	0.0248596	0.0304817	0.0903605	0.018388	0.159909	0.026672	0.0262079	0.0682816	0.0121769	0.0217072	0.0133953	0.0349657	0.05749	0.0377818	0.0403743	0.0310859	0.00875586	0.228803
185	0.0809281	0.00284707	0.030564	0.0165659	0.00642316	0.524296	0.0100089	0.00486435	0.0230314	0.0290236	0.0212413	0.0563749	0.00847523	0.0499701	0.0302168	0.0693525	0.0250387	0.00660043	0.00119044	0.00298686
186	0.0315988	0.00120739	0.0210631	0.00553284	0.00343873	0.415964	0.0453714	0.00347922	0.115614	0.0213352	0.00357865	0.111462	0.0149987	0.0266772	0.0909182	0.052976	0.0265113	0.00486336	0.000831169	0.00257958
187	0.115412	0.00121062	0.0114911	0.0035545	0.00345963	0.0859628	0.0332395	0.0164021	0.288382	0.0260333	0.0108932	0.0147676	0.0508938	0.0298831	0.174588	0.0413819	0.0499703	0.0395709	0.000740506	0.00216305
188	0.0774678	0.00264804	0.0163922	0.019559	0.0860394	0.0213968	0.00418014	0.114354	0.0202714	0.181402	0.0497192	0.00576411	0.173587	0.0402623	0.0245436	0.00752403	0.0194043	0.114723	0.00196447	0.0187962
189	0.114238	0.00135526	0.0112212	0.00338027	0.00396449	0.0849357	0.0318773	0.0188765	0.294866	0.0274934	0.0110721	0.0132098	0.0521134	0.0309594	0.166701	0.039742	0.050558	0.0404805	0.000764197	0.00219193
190	0.0677741	0.00207252	0.0116336	0.0137753	0.0817312	0.0299354	0.00388534	0.148916	0.0146187	0.193713	0.0494649	0.00464599	0.163196	0.0431283	0.0194048	0.00662028	0.0210828	0.11059	0.00154745	0.0122651
191	0.034111	0.00279406	0.0606023	0.0636403	0.00393202	0.0374298	0.0127488	0.0131132	0.044371	0.0966581	0.00496678	0.015439	0.440326	0.0208355	0.0567139	0.0538361	0.0144999	0.0177176	0.00210944	0.00415551
192	0.116936	0.00121708	0.011518	0.00336782	0.00354051	0.0836344	0.0314291	0.0171332	0.293023	0.0271742	0.0112344	0.0130938	0.0524796	0.0307319	0.168839	0.0408094	0.0505753	0.0404113	0.000729079	0.00212316
