212	20
1	0.0349163	0.00432851	0.000318635	0.00038254	0.208035	0.00430994	0.000466015	0.188611	0.000625581	0.319224	0.0583623	0.00281177	0.00036699	0.00305949	0.000588935	0.00775987	0.0142917	0.117751	0.0197033	0.0140869
2	0.00789602	0.00183073	0.000245543	0.000278178	0.0553145	0.000501628	0.000417294	0.0637751	0.00052816	0.752272	0.0567956	0.000688279	0.00130602	0.00100555	0.000402203	0.00186684	0.0150791	0.0287954	0.00651061	0.00449106
3	0.142548	0.000760474	0.00103772	0.00103053	0.150863	0.0296665	0.00162068	0.188588	0.00205966	0.172669	0.0184415	0.00206933	0.000893241	0.00366446	0.00249577	0.00667829	0.00746797	0.178305	0.0420907	0.0470505
4	0.0501658	0.0160544	0.000260404	0.000264372	0.0543746	0.0183915	0.000254766	0.227286	0.00050658	0.306222	0.038206	0.00198736	0.00392997	0.000774358	0.000571732	0.0094212	0.0406948	0.22884	0.000563962	0.00122978
5	0.290173	0.00675911	0.000279623	0.000286523	0.0315451	0.0741313	0.000297182	0.176649	0.000446422	0.114446	0.0211419	0.000499641	0.000455683	0.000630284	0.000436999	0.0392046	0.0420177	0.197975	0.000200931	0.00242397
6	0.0340671	0.0045111	0.000328116	0.000384127	0.209438	0.00418293	0.00048552	0.186614	0.000636224	0.323061	0.0594762	0.00269457	0.000374759	0.00296825	0.000610764	0.00759876	0.0144703	0.115244	0.0193664	0.013488
7	0.246629	0.0030629	0.00082126	0.00108867	0.0723365	0.065965	0.00129767	0.114507	0.0016406	0.142482	0.0353264	0.00173259	0.00069872	0.00276977	0.00194274	0.105537	0.0562387	0.14156	0.00110502	0.00325761
8	0.0364746	0.00712882	0.000415802	0.000415754	0.234744	0.00575594	0.000583776	0.15906	0.000698768	0.291989	0.106997	0.00193861	0.000414611	0.0021087	0.000748043	0.00584066	0.0199078	0.104809	0.0117821	0.00818595
9	0.0600214	0.000257057	0.0204303	0.0638768	0.00966631	0.0130505	0.0350843	0.0208917	0.182894	0.0665682	0.00916937	0.0774315	0.00995356	0.130801	0.124523	0.0479785	0.0436867	0.0514563	0.00930435	0.022956
10	0.0329925	0.000629577	0.0559238	0.01938	0.00539658	0.247408	0.0494369	0.0162837	0.032275	0.0129224	0.009211	0.186414	0.0120272	0.0382085	0.0154124	0.18019	0.0436651	0.0140476	0.000820371	0.027355
11	0.285438	0.000902176	0.00147066	0.00437776	0.0199962	0.523314	0.0022179	0.00669307	0.00290749	0.00718956	0.0342357	0.00350155	0.00173171	0.00513137	0.0190876	0.0644942	0.00660274	0.00625594	0.00139329	0.00305902
12	0.0732562	0.000281191	0.0640723	0.0585762	0.00954455	0.112553	0.0445576	0.0265065	0.0605765	0.017056	0.00973547	0.134221	0.00559692	0.0716318	0.0358374	0.138852	0.0772094	0.0306097	0.00246513	0.0268608
13	0.00952537	0.00250439	0.000254438	0.000310566	0.0543667	0.00304655	0.00036761	0.374904	0.000570591	0.248622	0.014041	0.000438263	0.000248466	0.000770639	0.000541612	0.00104706	0.0030269	0.284027	0.000166235	0.00122005
14	0.0191406	0.000229273	0.0155515	0.0576717	0.005208	0.0010904	0.0128992	0.125518	0.047434	0.0128882	0.0140347	0.00895554	0.000407167	0.0173299	0.0791731	0.0465796	0.397881	0.132926	0.000332083	0.00475076
15	0.0166736	0.000233437	0.00121162	0.00692351	0.00228833	0.00198597	0.000673955	0.00401281	0.546535	0.00988755	0.0119512	0.0107998	0.000485167	0.0708505	0.298207	0.00370183	0.00618697	0.00218779	0.00214686	0.0030576
16	0.0183397	0.000167945	0.0129112	0.0549582	0.0054534	0.00100529	0.0126362	0.123765	0.0442474	0.0137262	0.0147577	0.00850652	0.000376736	0.0175949	0.0774207	0.0492915	0.408487	0.130942	0.000330884	0.00508175
17	0.0024622	0.000243717	0.000479167	0.00055943	0.408125	0.00113044	0.000654522	0.0504578	0.000962881	0.0940182	0.0210905	0.000970155	0.000407793	0.00166049	0.00109896	0.00717654	0.00195387	0.0318643	0.0913061	0.283378
18	0.0183206	0.000167945	0.012934	0.0549524	0.00545473	0.000988747	0.0126548	0.123757	0.0443397	0.0137101	0.0147137	0.00852594	0.000376747	0.0175769	0.0773342	0.0493408	0.408455	0.130993	0.000330883	0.00507321
19	0.0226752	0.00942277	0.00072264	0.000827705	0.37472	0.00395512	0.00108123	0.124103	0.00130216	0.282934	0.0430776	0.00222484	0.000631477	0.00313087	0.00145997	0.00630998	0.0117932	0.0830495	0.0183905	0.00818837
20	0.0251372	0.000238879	0.0838088	0.0549213	0.00691403	0.0126781	0.126503	0.00751861	0.0978758	0.00618328	0.00978931	0.136829	0.0160611	0.102063	0.0527498	0.0377573	0.200684	0.00769319	0.000685679	0.0139082
21	0.0756516	0.000691965	0.122436	0.0607318	0.00336877	0.0516376	0.0297068	0.00608453	0.184036	0.00937109	0.0192149	0.0110497	0.142397	0.075924	0.0609973	0.120422	0.0180527	0.00537195	0.000844507	0.00201003
22	0.0398156	0.000337821	0.38358	0.159743	0.00148655	0.084556	0.0116676	0.00633866	0.038456	0.00239443	0.00224085	0.128658	0.00532898	0.0266994	0.0173109	0.0540556	0.0232066	0.0064855	0.000509622	0.00712855
23	0.0816034	0.000366463	0.143148	0.087529	0.002317	0.0562713	0.025857	0.00697815	0.0795922	0.0109743	0.00651033	0.0393436	0.0478241	0.0777844	0.054002	0.218898	0.0513335	0.00624438	0.000552608	0.0028694
24	0.0427876	0.000484587	0.0736455	0.0269424	0.00231874	0.108146	0.010131	0.146141	0.0191314	0.0788092	0.0563259	0.0852912	0.0176586	0.0561028	0.0019227	0.0864976	0.0642725	0.120691	0.000741264	0.001959
25	0.117613	0.000234589	0.0713344	0.0908359	0.00531031	0.0658341	0.0305406	0.0170862	0.109634	0.021311	0.00878291	0.0711032	0.0116864	0.107415	0.0658581	0.116433	0.0577924	0.0184192	0.00187429	0.0109018
26	0.00256211	0.000249113	0.000503687	0.000560918	0.407036	0.00116518	0.000965599	0.0506084	0.000981718	0.0938934	0.0212594	0.00101331	0.000411014	0.00173146	0.001146	0.00719313	0.00199433	0.0321287	0.0913284	0.283268
27	0.279961	0.00925148	0.000333135	0.000349019	0.0256893	0.0747131	0.000329808	0.185989	0.000517372	0.105912	0.0183914	0.000495361	0.000455025	0.000787432	0.000518218	0.0323293	0.0364017	0.225294	0.000242433	0.00203965
28	0.179008	0.000435316	0.000745552	0.00362809	0.00680058	0.640251	0.00101945	0.00317694	0.00151995	0.00385286	0.0306214	0.00185467	0.000791139	0.00260588	0.00609962	0.108577	0.00341111	0.00318797	0.000637369	0.00177613
29	0.035593	0.00272699	0.000345186	0.000518169	0.166917	0.00476593	0.00280767	0.185434	0.00126651	0.301977	0.0556655	0.00558489	0.000604291	0.00673032	0.0018607	0.0092323	0.0162186	0.141459	0.027	0.0332942
30	0.0424168	0.000482205	0.0730693	0.0269045	0.00229689	0.10739	0.0101926	0.147311	0.0190825	0.0788774	0.056901	0.085071	0.01755	0.0559794	0.00189471	0.086319	0.0643606	0.121241	0.000733215	0.0019268
31	0.0446982	0.000280152	0.359429	0.18176	0.00168473	0.0389287	0.0169406	0.00704388	0.0378003	0.00342693	0.00265915	0.126026	0.00722503	0.0429887	0.0190323	0.0731019	0.0206958	0.00711282	0.000559249	0.00860595
32	0.056751	0.000251415	0.0264474	0.0628326	0.00822247	0.0128323	0.0450231	0.018263	0.187971	0.0581152	0.00938897	0.0768092	0.0129105	0.13062	0.124955	0.0501855	0.0480948	0.0428074	0.0074189	0.0200999
33	0.00436775	0.000426128	0.000913514	0.000947829	0.204443	0.00223216	0.113199	0.0163556	0.00207901	0.0415393	0.00420103	0.0108969	0.000866136	0.00301328	0.00243022	0.00372578	0.00429474	0.0139284	0.00176379	0.568376
34	0.0205008	0.00337153	0.00249867	0.00226012	0.383943	0.00913309	0.0113473	0.0664308	0.00721734	0.120465	0.0578686	0.0100315	0.00344354	0.0118677	0.00691492	0.0177454	0.0146924	0.0513473	0.0466736	0.152248
35	0.00252752	0.000263593	0.000501673	0.00062454	0.402254	0.00123103	0.00167186	0.0486876	0.000995321	0.0900746	0.0205857	0.00109763	0.000429665	0.00167391	0.00115306	0.0069231	0.0020488	0.0304799	0.0913384	0.295438
36	0.292686	0.00592882	0.000285652	0.000294396	0.0338153	0.071538	0.000306641	0.174544	0.000459438	0.11979	0.0223736	0.000507195	0.000453064	0.000635921	0.000463213	0.0412421	0.0444006	0.187296	0.000245813	0.00273529
37	0.157929	0.000867695	0.0485996	0.0970582	0.00948266	0.339499	0.0119148	0.00993493	0.050438	0.0148151	0.0231715	0.0319159	0.00764468	0.0445556	0.0273082	0.080072	0.0245309	0.0112747	0.00117319	0.00781439
38	0.0172758	0.000717546	0.00228285	0.00262172	0.00458395	0.0204406	0.00327703	0.030899	0.00345774	0.0150058	0.0184499	0.00254015	0.766274	0.00472429	0.00331568	0.0468864	0.0128648	0.0369767	0.00137681	0.00602973
39	0.0418341	0.000458524	0.0481659	0.168142	0.00268073	0.00401178	0.00369173	0.0160317	0.372266	0.0101897	0.00747624	0.00626156	0.00121293	0.0482634	0.0670414	0.0404478	0.151048	0.00693713	0.000772629	0.00306682
40	0.0305294	0.000300657	0.0607611	0.0213391	0.00421726	0.304206	0.0738447	0.0158426	0.0416178	0.0113747	0.00560866	0.149525	0.0165957	0.0358823	0.0173433	0.118552	0.041209	0.0128435	0.000527707	0.0378799
41	0.00846066	0.00221669	0.000299751	0.000336861	0.0775573	0.00084254	0.000542237	0.0577106	0.000800965	0.713172	0.0755645	0.000997814	0.00101781	0.00216853	0.000802418	0.00181532	0.0134996	0.0269701	0.00628557	0.00893894
42	0.0423795	0.000237147	0.401829	0.183665	0.00124946	0.0413586	0.0130137	0.00656779	0.0388601	0.00192217	0.00192945	0.126761	0.00681195	0.0307088	0.0170936	0.0528939	0.0182801	0.00663936	0.000465656	0.0073332
43	0.0556136	0.000162422	0.0237387	0.0770396	0.00291441	0.0113374	0.0243254	0.0133849	0.290656	0.0533494	0.0136605	0.042604	0.00703161	0.108835	0.153128	0.039559	0.0304599	0.0343858	0.00267904	0.0151352
44	0.191902	0.000888954	0.0020973	0.00166476	0.00670441	0.00426588	0.0018113	0.0823314	0.00314008	0.0644539	0.0487724	0.00306765	0.00120622	0.00551874	0.0033095	0.197768	0.162971	0.209404	0.0015139	0.0072087
45	0.0327455	0.0008421	0.00165853	0.00194557	0.0438924	0.0062177	0.00208914	0.279235	0.0375114	0.0957538	0.0554283	0.017909	0.00171522	0.00460037	0.0330929	0.00848677	0.00713775	0.364939	0.00160058	0.00319912
46	0.0553763	0.000124035	0.0231603	0.0796152	0.0016115	0.00974056	0.0203279	0.0128308	0.331685	0.0481008	0.0144721	0.0355419	0.00424988	0.100364	0.157558	0.0334775	0.026164	0.0323082	0.00120269	0.0120898
47	0.0196272	0.00192831	0.00542413	0.00442344	0.0120907	0.117	0.00566439	0.0894448	0.00763766	0.0971664	0.0572743	0.00874021	0.367877	0.0132108	0.00726978	0.0231749	0.0168835	0.0977804	0.0034482	0.0439333
48	0.00413535	0.00227936	0.000226583	0.000222847	0.0353969	0.000446737	0.000285334	0.0455568	0.000538585	0.806642	0.0612134	0.000393716	0.000747201	0.000635876	0.000446641	0.000817248	0.0134291	0.0192446	0.00371367	0.00362811
49	0.0155156	0.000949044	0.00187692	0.00213473	0.245477	0.0058547	0.0812223	0.126801	0.00570979	0.0811883	0.0382199	0.0204401	0.00166662	0.00986985	0.0234144	0.0244864	0.0293151	0.129564	0.0115304	0.144764
50	0.0541772	0.000376911	0.000825376	0.00674749	0.0278292	0.00812445	0.0121789	0.0340201	0.0650854	0.0591334	0.0257792	0.0013379	0.011005	0.0533582	0.0226727	0.0392235	0.0364964	0.0343839	0.353576	0.153668
51	0.205979	0.010949	0.000231482	0.000242825	0.0410244	0.0567611	0.00024372	0.190414	0.000432244	0.18246	0.0243604	0.000895013	0.00132347	0.000636497	0.000433499	0.0281704	0.0373639	0.215556	0.00032246	0.00220081
52	0.0118828	0.00105472	0.00121352	0.000821197	0.0545365	0.00244417	0.00188868	0.0985268	0.00363633	0.408289	0.334921	0.00214782	0.000943056	0.0163145	0.00378167	0.00510427	0.00924822	0.0325128	0.00104632	0.00968676
53	0.0367349	0.000186672	0.0888186	0.0695428	0.00486237	0.0162861	0.0700557	0.0149405	0.139777	0.020843	0.0108948	0.109296	0.00942506	0.109887	0.0675284	0.0641236	0.134698	0.0214227	0.00125944	0.0094176
54	0.0178435	0.000450302	0.0491069	0.00536075	0.00272127	0.432887	0.0982175	0.0269047	0.0335468	0.0134822	0.00407903	0.0837548	0.0306594	0.0370299	0.015346	0.0706108	0.0367963	0.017092	0.000655838	0.0234545
55	0.040859	0.00183259	0.0110276	0.00641057	0.0114162	0.0626715	0.00609895	0.0141964	0.010547	0.0153795	0.027268	0.241249	0.00332932	0.0516605	0.011837	0.359966	0.0979011	0.0150371	0.0034809	0.0078319
56	0.0419533	0.000791464	0.00137939	0.00596975	0.0542497	0.007859	0.0146146	0.0322179	0.0537388	0.0534103	0.0246024	0.00294467	0.0153024	0.0419041	0.0280021	0.0333106	0.0307819	0.0298305	0.335556	0.191581
57	0.184043	0.000675374	0.00150747	0.00708175	0.00991086	0.607731	0.00322828	0.00813783	0.0041758	0.00920338	0.0292857	0.00372507	0.00130549	0.00824379	0.00861657	0.0952771	0.00681342	0.00769569	0.000941096	0.00240158
58	0.0422533	0.00156267	0.00103504	0.000986934	0.110081	0.00949745	0.00144149	0.149421	0.00236422	0.172886	0.0306921	0.00300968	0.000925607	0.00378799	0.00239743	0.00616257	0.0191813	0.331472	0.085371	0.0254713
59	0.621098	0.000323004	0.0127081	0.0011365	0.00166966	0.0363227	0.00084467	0.00306765	0.00152046	0.00278723	0.0042178	0.00118604	0.00103592	0.00260469	0.00159687	0.285879	0.0167316	0.0034664	0.000557379	0.0012462
60	0.0483517	0.00495891	0.0040762	0.00318769	0.0513483	0.0164967	0.00533591	0.322799	0.0081976	0.196591	0.0671478	0.00871944	0.00364728	0.00977766	0.00808571	0.0171241	0.028002	0.181731	0.00477873	0.00964417
61	0.0254801	0.00119903	0.00088844	0.00092039	0.0454794	0.00638206	0.000862585	0.326172	0.00535905	0.107247	0.0359986	0.00310765	0.000564946	0.00193337	0.00571624	0.00462037	0.00898943	0.410612	0.00453108	0.00393623
62	0.0478599	0.0182806	0.000233874	0.000218029	0.0480942	0.0186251	0.000251521	0.221471	0.000469161	0.3286	0.0331835	0.00214394	0.00342406	0.000584059	0.000464217	0.00909064	0.044864	0.221084	0.000176005	0.000882003
63	0.0450111	0.0159635	0.000264106	0.000208928	0.0515068	0.0165805	0.00033938	0.21766	0.000490778	0.344283	0.0330484	0.00203269	0.00327235	0.000656691	0.000484722	0.00859925	0.0417838	0.215438	0.00089961	0.00147584
64	0.217787	0.0053165	0.00293163	0.00288738	0.0210428	0.0306418	0.0029501	0.104622	0.00501017	0.0651187	0.0386422	0.00484262	0.00255174	0.00945329	0.00539646	0.0738073	0.130861	0.265404	0.00246922	0.00826284
65	0.00989865	0.00266904	0.000254626	0.000309718	0.0544914	0.00320028	0.000358393	0.373438	0.00055499	0.249371	0.0141364	0.000439294	0.000280063	0.000751778	0.000524162	0.0011015	0.00336192	0.283477	0.000167334	0.00121508
66	0.0478117	0.0182955	0.000233303	0.000218029	0.0480978	0.0185949	0.000253225	0.221429	0.000470871	0.328665	0.0331676	0.00216571	0.00343042	0.000594553	0.00046359	0.00909781	0.0448826	0.221062	0.000176115	0.000890162
67	0.0100487	0.00263271	0.000272151	0.000331904	0.0545514	0.00330273	0.000370409	0.372878	0.000688461	0.247726	0.0145138	0.000477199	0.000290921	0.000786322	0.000612212	0.00114684	0.0033416	0.284615	0.000196583	0.00121719
68	0.0153032	0.000235788	0.000980358	0.0050665	0.00223827	0.00205108	0.000546421	0.00351285	0.549952	0.00892691	0.0112768	0.011093	0.00042307	0.071782	0.300262	0.00327031	0.00629504	0.00200618	0.00200607	0.00277217
69	0.287106	0.00527342	0.00045611	0.000368851	0.0328425	0.0694293	0.000493828	0.172345	0.000632391	0.144863	0.0236852	0.000684218	0.000543438	0.000927218	0.000630896	0.0413988	0.0425059	0.172746	0.000371886	0.00269618
70	0.0749511	0.0164961	0.000231713	0.000225239	0.0453346	0.0235144	0.000232726	0.219774	0.000461321	0.302022	0.0318739	0.00181679	0.00350644	0.000555259	0.000441104	0.0113232	0.0421275	0.223928	0.000147447	0.0010374
71	0.00817639	0.00225132	0.000337492	0.000306111	0.0678222	0.00103294	0.000411368	0.0495159	0.000726877	0.731116	0.0809963	0.000714395	0.00133757	0.00116146	0.000623941	0.00138793	0.01784	0.0260548	0.00435846	0.00382848
72	0.00248124	0.000244174	0.000476642	0.000558696	0.408046	0.00114913	0.000684458	0.0503252	0.000961349	0.0939488	0.0211984	0.000971191	0.000408179	0.00168902	0.00109433	0.00717709	0.00197975	0.031726	0.0914364	0.283443
73	0.0298269	0.00071624	0.00176045	0.00418801	0.0152155	0.00672893	0.0259498	0.0202902	0.0571624	0.0319823	0.0169117	0.00332689	0.23548	0.0279351	0.0499097	0.0236079	0.0232281	0.0208914	0.2687	0.136188
74	0.0190418	0.0022526	0.00443256	0.00393174	0.163712	0.00993407	0.00473763	0.099932	0.00831515	0.379603	0.0219888	0.00783767	0.149889	0.0109778	0.00804189	0.015652	0.0570265	0.0200391	0.00366797	0.00898669
75	0.0671499	0.00059704	0.00528104	0.00482624	0.00627826	0.0749973	0.00380028	0.00743728	0.00672345	0.00857811	0.0219856	0.113015	0.00137558	0.055252	0.0222117	0.337299	0.237312	0.0202227	0.00126338	0.00439419
76	0.0738786	0.000483486	0.0207272	0.0527493	0.0223986	0.0303445	0.0508631	0.0395333	0.0935961	0.0434964	0.00950678	0.115046	0.0078172	0.127715	0.0752548	0.072622	0.0688601	0.0443775	0.0161366	0.0345937
77	0.170084	0.000883445	0.00377317	0.00512995	0.0060371	0.00528095	0.00344743	0.0666107	0.378458	0.0292593	0.0885978	0.00424677	0.00204478	0.0301854	0.0673056	0.0511604	0.0712893	0.0101126	0.00188094	0.00421207
78	0.123365	0.00127216	0.00414841	0.00506148	0.00850362	0.169153	0.00418784	0.00924701	0.00940724	0.0102418	0.018628	0.0397267	0.00226768	0.200785	0.0126154	0.255807	0.109079	0.00917424	0.00169784	0.00563204
79	0.0514732	0.00219338	0.00245026	0.00215383	0.185298	0.00713971	0.0258722	0.012497	0.00438062	0.0787816	0.311106	0.0404591	0.00219046	0.0449207	0.00595494	0.0149442	0.0261837	0.0145128	0.00159489	0.165893
80	0.0551682	0.000135244	0.0222618	0.0788763	0.00154935	0.00943768	0.0191985	0.0133276	0.338736	0.0464003	0.0148474	0.0331495	0.00400115	0.0987854	0.16114	0.0324088	0.0254463	0.0317933	0.00110237	0.0122352
81	0.0717879	0.000960434	0.0202305	0.0145642	0.0123543	0.0655413	0.0115703	0.0180132	0.014571	0.0154915	0.0253487	0.201692	0.00357411	0.0567542	0.0151599	0.317512	0.100826	0.0182071	0.0044447	0.0113973
82	0.104434	0.00248214	0.00572743	0.00489638	0.0803782	0.0612658	0.00536639	0.0927464	0.00765709	0.0314804	0.377889	0.0134611	0.00382346	0.0527933	0.00996208	0.0812368	0.0255259	0.0254399	0.00338265	0.0100514
83	0.121203	0.0001665	0.0355276	0.103275	0.00221102	0.02191	0.0207336	0.00962077	0.230117	0.0467867	0.015652	0.0463238	0.0036304	0.130595	0.116242	0.0303016	0.0303339	0.0266619	0.00132813	0.00737942
84	0.0576762	0.000121896	0.0236261	0.0802222	0.0016333	0.0103373	0.0204423	0.0125144	0.328694	0.0478037	0.0143203	0.0361984	0.00419938	0.101356	0.156478	0.0332659	0.0259189	0.032217	0.00120608	0.0117691
85	0.0385481	0.00574041	0.000527027	0.000529602	0.0712497	0.00853462	0.00177133	0.228368	0.00128233	0.273304	0.197076	0.00176466	0.00177437	0.00286882	0.00118676	0.00714893	0.0205254	0.131047	0.00298091	0.00377178
86	0.0900374	0.00031237	0.0177242	0.0703793	0.00331252	0.0257865	0.0138122	0.0101252	0.31036	0.0316752	0.0153914	0.0194892	0.00704455	0.152412	0.136516	0.0455506	0.0207592	0.0187557	0.00228149	0.00827493
87	0.0885683	0.000236788	0.0320455	0.0835842	0.00182413	0.00999557	0.0194282	0.0129522	0.289705	0.0619065	0.0216764	0.0412875	0.00342213	0.102284	0.127074	0.0266729	0.0284299	0.038379	0.001251	0.00927677
88	0.0174594	0.000254713	0.000435434	0.000513905	0.0446205	0.000989809	0.00497678	0.209374	0.000984847	0.588575	0.0142388	0.000627811	0.000415742	0.00133748	0.000849704	0.00613862	0.00278377	0.103894	0.000621096	0.000908406
89	0.203973	0.000937904	0.00165543	0.00411584	0.0044871	0.0740052	0.00248879	0.00623611	0.018891	0.00610639	0.00646916	0.0339806	0.00190411	0.439783	0.0217953	0.0996381	0.0634027	0.00635255	0.000909642	0.00286807
90	0.0158137	0.000511466	0.00299606	0.00328	0.00299028	0.0149914	0.00388421	0.0148683	0.00733059	0.00874748	0.0127874	0.00171069	0.819956	0.00409418	0.00513307	0.0370768	0.00947694	0.0199555	0.00739933	0.00699665
91	0.0561765	0.000258538	0.0116172	0.0763307	0.00145942	0.00439355	0.00666779	0.0186482	0.42882	0.02985	0.0216905	0.0109446	0.00118991	0.0839771	0.203095	0.0138225	0.0121217	0.0129561	0.000443333	0.00553769
92	0.00307446	0.000284346	0.00044079	0.000467414	0.00204995	0.000983716	0.00460987	0.375488	0.000887032	0.233855	0.314354	0.000800197	0.000441523	0.00131153	0.00102127	0.005693	0.005949	0.0468326	0.000342352	0.00111477
93	0.176538	0.00043516	0.0382816	0.0900851	0.00179099	0.00317503	0.00181229	0.0107112	0.11474	0.0334298	0.0550673	0.0311706	0.000531013	0.27251	0.0149477	0.0030019	0.092404	0.0503411	0.000986343	0.00804106
94	0.189075	0.000188052	0.0223989	0.143317	0.00151232	0.0293732	0.0147472	0.00381928	0.166998	0.029116	0.0141918	0.0149768	0.000568778	0.202566	0.101676	0.0285687	0.0235729	0.0117783	0.000415443	0.00113854
95	0.00309038	0.000284346	0.000440541	0.000483241	0.00204931	0.00098386	0.00459912	0.375447	0.000920827	0.234491	0.313558	0.000796956	0.00043977	0.00132176	0.0010227	0.00567983	0.00595213	0.0469826	0.000341215	0.00111519
96	0.0157294	0.000276312	0.00098367	0.00489837	0.00231686	0.00219115	0.00054811	0.00347385	0.547832	0.00883057	0.0115042	0.0111003	0.000454406	0.0726706	0.300489	0.00341963	0.00625851	0.00200303	0.00208673	0.00293247
97	0.0854036	0.00023892	0.275014	0.207629	0.00143962	0.0373256	0.0123209	0.00598486	0.0821037	0.00848786	0.00411278	0.0995924	0.00676913	0.0594498	0.0280813	0.046969	0.0265434	0.00695519	0.000465638	0.00511368
98	0.055406	0.000123567	0.0227705	0.0796684	0.00169905	0.0101569	0.0205272	0.0126552	0.326871	0.0485264	0.0142913	0.0359952	0.00434339	0.103079	0.157797	0.0338045	0.0270146	0.031876	0.00131398	0.0120814
99	0.00431177	0.000426087	0.000910792	0.000941338	0.204147	0.00223214	0.113193	0.0163013	0.0020533	0.0415689	0.0041729	0.0109326	0.000866149	0.00300487	0.00239301	0.00367975	0.00416793	0.013673	0.00176461	0.56926
100	0.0423096	0.000237147	0.401621	0.183703	0.00125521	0.041415	0.0130507	0.00658417	0.0389299	0.00195488	0.00192893	0.126718	0.00686496	0.0306968	0.0170779	0.0529332	0.0182658	0.00665373	0.000465433	0.00733491
101	0.0466557	0.000198601	0.238113	0.132583	0.00232183	0.0265034	0.0365966	0.00907437	0.115928	0.0169539	0.00659357	0.108842	0.00734099	0.0705153	0.0557931	0.0475924	0.0525729	0.0155124	0.00105735	0.00925159
102	0.0635727	0.000524295	0.00322882	0.00155054	0.00243091	0.00264202	0.016937	0.0194169	0.375562	0.0284876	0.0484745	0.0014761	0.211842	0.0728393	0.11997	0.013292	0.0032817	0.011997	0.000754818	0.0017199
103	0.176583	0.000435133	0.0384012	0.0898116	0.00178701	0.00314173	0.00179749	0.0107224	0.114284	0.0334791	0.0553579	0.0311889	0.000537617	0.272898	0.0148002	0.00310563	0.0920776	0.0505434	0.000986344	0.00806232
104	0.0635925	0.000265361	0.0125262	0.0747504	0.00136881	0.00529198	0.00674262	0.0174066	0.422114	0.0286653	0.020811	0.0113152	0.00108161	0.0857498	0.20494	0.0137123	0.0116094	0.0124757	0.000424275	0.00515748
105	0.00723591	0.000646348	0.00142478	0.00162854	0.0784786	0.00293901	0.00165565	0.0614316	0.0144456	0.271739	0.351019	0.00295053	0.0011154	0.101554	0.0145	0.00521	0.00600013	0.0333998	0.00107112	0.0415563
106	0.00659775	0.000690465	0.00119264	0.00129156	0.00351814	0.150929	0.195001	0.00936092	0.00275918	0.00563523	0.00535631	0.153319	0.00146147	0.397469	0.0152631	0.0231167	0.00544188	0.00513833	0.00103597	0.0154217
107	0.185018	0.000186441	0.0222786	0.138901	0.00143856	0.0289875	0.0148374	0.00409501	0.171121	0.0297367	0.0146298	0.0152868	0.000719942	0.202431	0.102758	0.0289526	0.0240012	0.0127376	0.000444765	0.0014382
108	0.177724	0.00124129	0.00772034	0.543968	0.00611132	0.0299621	0.00304878	0.00884843	0.121093	0.00900996	0.00992818	0.00772182	0.00198866	0.0112216	0.00660765	0.0289923	0.0108457	0.0084402	0.00173573	0.00379088
109	0.0103084	0.00319369	0.00197569	0.0015155	0.00542519	0.00340784	0.00220659	0.131558	0.00297863	0.111818	0.289889	0.0230336	0.00131866	0.0222203	0.00342299	0.0083084	0.243929	0.129422	0.00107689	0.00299168
110	0.0494199	0.00691189	0.000372795	0.000482122	0.118746	0.0106641	0.000544343	0.206682	0.00113047	0.266743	0.120424	0.00205859	0.00143494	0.00175913	0.00103873	0.0074992	0.0204001	0.170953	0.00665767	0.00607803
111	0.153219	0.000203652	0.0480655	0.167363	0.00148331	0.0232175	0.012863	0.00657016	0.192861	0.0347032	0.014956	0.0436344	0.00147335	0.14093	0.0831738	0.0202357	0.0333663	0.0177405	0.000665556	0.00327444
112	0.00413963	0.00226999	0.000220645	0.000222145	0.0355817	0.000441274	0.000285474	0.0455758	0.000537581	0.806437	0.0611799	0.000392395	0.000759	0.000632099	0.000446794	0.00081206	0.0134614	0.0192482	0.00373112	0.00362529
113	0.0386471	0.00208347	0.00223143	0.00239927	0.214947	0.00695469	0.0201564	0.0207129	0.00522225	0.0811499	0.268143	0.0299949	0.00249555	0.0481819	0.00540777	0.0137025	0.0232159	0.0207093	0.00909462	0.18455
114	0.0153318	0.000235784	0.000959463	0.00500365	0.00224423	0.00204793	0.000529139	0.00350214	0.550162	0.00889876	0.0112867	0.0110429	0.000424579	0.0716581	0.300345	0.00326883	0.00627403	0.00198483	0.00202219	0.00277843
115	0.0289296	0.000626022	0.0594835	0.175458	0.00309538	0.00250013	0.00154262	0.0125895	0.377494	0.0044157	0.00482705	0.00230633	0.00106489	0.0334104	0.0447411	0.0499538	0.190217	0.00424061	0.000849001	0.00225493
116	0.0504316	0.000341662	0.131212	0.114933	0.00789737	0.0552207	0.0758917	0.0136657	0.0548083	0.0114516	0.00746683	0.146438	0.00874891	0.0694067	0.0389685	0.0785952	0.0828071	0.0142675	0.00226213	0.0351851
117	0.0402627	0.00164251	0.0128088	0.0282294	0.00705824	0.191562	0.0166005	0.0149091	0.276036	0.0502157	0.0150994	0.0484188	0.00510435	0.0970009	0.115863	0.0304161	0.0196769	0.0171465	0.00234995	0.0095987
118	0.0437837	0.000700995	0.00102679	0.00117919	0.0426363	0.01194	0.00122316	0.257383	0.00278945	0.0161328	0.0211935	0.0025373	0.000945393	0.0028827	0.00283027	0.00541689	0.0242202	0.53943	0.0114641	0.0102838
119	0.0434293	0.0016348	0.0379084	0.0187795	0.0147927	0.0659476	0.0166394	0.024852	0.0186852	0.0238598	0.0320522	0.262831	0.00482521	0.0529808	0.0164176	0.244681	0.0770368	0.0233347	0.00441439	0.0148982
120	0.0164064	0.00105209	0.00191417	0.00244637	0.0062826	0.0283275	0.00431088	0.0290723	0.0123578	0.023603	0.035628	0.0039711	0.70993	0.00981418	0.00700668	0.0350028	0.0135154	0.0452836	0.0022398	0.0118355
121	0.03573	0.0021708	0.00080779	0.000773303	0.194463	0.00311627	0.00122346	0.0703065	0.00179233	0.25847	0.333534	0.00180094	0.000755026	0.00339676	0.00186801	0.00441396	0.0148851	0.0658674	0.000663253	0.00396149
122	0.169633	0.000510171	0.000886403	0.00352861	0.00692401	0.627314	0.00106904	0.0038008	0.00158439	0.00471924	0.0357805	0.00202076	0.000796779	0.00380473	0.00577996	0.120163	0.00517726	0.00373731	0.000760111	0.0020094
123	0.143944	0.000806718	0.014807	0.00849981	0.00899464	0.589316	0.0110192	0.00991888	0.00812599	0.0106449	0.0289626	0.0150463	0.00384697	0.0150596	0.009612	0.0942352	0.0124899	0.00739244	0.00137169	0.0059068
124	0.0475004	0.107933	0.00550804	0.00622898	0.168862	0.0172893	0.00872204	0.0891653	0.0122887	0.136258	0.158042	0.0159116	0.00514481	0.021927	0.0118765	0.0283207	0.0524168	0.0784682	0.00782762	0.0203099
125	0.00510088	0.00198432	0.000234439	0.000237175	0.0449495	0.000462617	0.000338562	0.0458147	0.000519399	0.796587	0.0576673	0.000386567	0.00130824	0.000667082	0.000433881	0.00084412	0.0141849	0.0196762	0.00471053	0.00389223
126	0.0160582	0.000543229	0.00314521	0.00371019	0.00268982	0.0151728	0.00460248	0.0142942	0.00482711	0.00706636	0.0108682	0.00245706	0.823039	0.00351225	0.00443185	0.0400135	0.0102842	0.0186535	0.00799956	0.00663137
127	0.00306111	0.000274137	0.000442232	0.000497986	0.00208004	0.000971343	0.00455107	0.37715	0.000899927	0.230943	0.314255	0.00079389	0.000434035	0.00133094	0.00101248	0.00585741	0.00610906	0.0479439	0.000342354	0.0010513
128	0.0174023	0.00022997	0.000426632	0.000514799	0.0440393	0.000994356	0.00496632	0.209596	0.000996575	0.589795	0.0139742	0.00060587	0.000409264	0.00132351	0.000851055	0.00608747	0.0026547	0.103809	0.000497467	0.000825792
129	0.00955727	0.00246584	0.000259799	0.000315944	0.0533631	0.00295365	0.000434155	0.373948	0.000582483	0.252723	0.0141418	0.000443814	0.000261628	0.000781056	0.000557476	0.00112605	0.00302139	0.281742	0.000171452	0.00115004
130	0.0617716	0.00387232	0.0245446	0.0207689	0.0178225	0.0357466	0.0316221	0.0345873	0.0980373	0.0357148	0.0389712	0.0290997	0.123972	0.255254	0.0465728	0.0531679	0.0365056	0.0289406	0.00713598	0.0158915
131	0.0233531	0.00131364	0.000682329	0.000614398	0.142687	0.00236814	0.00145115	0.10863	0.0028249	0.250628	0.366274	0.00177429	0.000619214	0.0133681	0.00299602	0.0046299	0.0113462	0.0551932	0.00100746	0.00823935
132	0.0163026	0.000693646	0.00248362	0.00340097	0.00393842	0.013173	0.00431548	0.0140976	0.00443967	0.00859161	0.011313	0.00189409	0.823251	0.00366848	0.00487931	0.038128	0.0104795	0.0184378	0.00934768	0.00716509
133	0.0109679	0.00243913	0.000275812	0.000335765	0.0560195	0.00344151	0.000395432	0.375069	0.000919951	0.242248	0.0156366	0.000749209	0.000429716	0.000848544	0.000861013	0.0014336	0.00351151	0.282764	0.00032282	0.00133121
134	0.0141476	0.00306759	0.00065446	0.000957806	0.363731	0.00299983	0.00161605	0.077685	0.00209444	0.193137	0.0302328	0.00262825	0.000847054	0.00368482	0.00193633	0.00853827	0.00718154	0.0578595	0.069584	0.157417
135	0.0310424	0.00283911	0.000318627	0.000346936	0.155872	0.00514156	0.000783423	0.239203	0.00074225	0.304255	0.0422438	0.00251522	0.000442524	0.00274274	0.000651383	0.00605388	0.0105816	0.163941	0.0148294	0.0154538
136	0.628333	0.000311431	0.0118941	0.000802541	0.00160866	0.0387535	0.000835925	0.00283643	0.0014233	0.0024785	0.00372398	0.0011647	0.00115611	0.00216298	0.00116549	0.281419	0.0155026	0.00263852	0.000533803	0.00125496
137	0.0190034	0.0044557	0.000646532	0.000573824	0.206754	0.00322393	0.000946857	0.0974537	0.00116781	0.457339	0.102819	0.00163376	0.00169647	0.00207996	0.00112131	0.00403037	0.0150643	0.0541204	0.0109922	0.0148781
138	0.00341946	0.000349511	0.000638207	0.000869003	0.303026	0.00181302	0.0531971	0.0286636	0.00162312	0.0594606	0.0118399	0.0056036	0.000658693	0.00243245	0.00181929	0.0048378	0.00302484	0.0195833	0.0423377	0.454803
139	0.0450227	0.00127615	0.00314203	0.00658709	0.0127021	0.00613061	0.0103319	0.0135505	0.0606968	0.0181298	0.0155704	0.0994194	0.00346617	0.073958	0.220178	0.0636406	0.0839348	0.0367267	0.0646859	0.16085
140	0.238982	0.00109389	0.0025007	0.00208158	0.00531789	0.00416024	0.00242182	0.0817624	0.00379052	0.0402583	0.156082	0.00387184	0.00171459	0.00917323	0.00416589	0.122503	0.129311	0.164922	0.00168051	0.0242073
141	0.0194076	0.00418287	0.000372043	0.000346292	0.153673	0.00246849	0.000806329	0.126738	0.00058812	0.516204	0.0715505	0.00151679	0.000787267	0.00188309	0.000549425	0.00451861	0.0148526	0.0623417	0.0105335	0.00667948
142	0.0342366	0.000805422	0.00194423	0.0021468	0.0791697	0.0390417	0.00276389	0.0667545	0.00340721	0.0895319	0.20742	0.039836	0.00159765	0.0776084	0.0377058	0.136825	0.0515745	0.0995155	0.00150154	0.0266134
143	0.0721651	0.000268314	0.0498926	0.0533454	0.0118453	0.148455	0.0474203	0.0234758	0.0477524	0.0188659	0.0107218	0.147178	0.00568654	0.0602995	0.0297219	0.144724	0.0648371	0.0225093	0.00247535	0.0383606
144	0.326018	0.00055126	0.00461538	0.00639531	0.00398204	0.00840001	0.00199392	0.0104559	0.00376619	0.00946958	0.0408121	0.00282439	0.00152412	0.0108972	0.00558775	0.425757	0.100173	0.0310705	0.00123976	0.00446646
145	0.0376685	0.000647587	0.00105622	0.00112777	0.0506923	0.0148329	0.00141086	0.250784	0.00238229	0.0232861	0.0172404	0.0021706	0.000923913	0.00318757	0.0023612	0.00481754	0.0241595	0.527596	0.0187916	0.0148628
146	0.053399	0.0002518	0.347751	0.176861	0.00168341	0.0399836	0.0152604	0.00667633	0.0461927	0.003974	0.00295799	0.110125	0.0119677	0.0475029	0.0220699	0.0763686	0.0228351	0.00642132	0.000535735	0.0071824
147	0.00413153	0.00227873	0.000225817	0.000222808	0.0353508	0.000446697	0.000285352	0.0455741	0.000532874	0.806638	0.0612641	0.000394861	0.000746768	0.000636079	0.000447884	0.000810924	0.0134306	0.0192324	0.00371335	0.00363658
148	0.0370413	0.00156378	0.00368907	0.00654261	0.0328086	0.00979363	0.0444571	0.0321684	0.0528776	0.0410221	0.0257551	0.0217993	0.027335	0.0415126	0.114643	0.0339918	0.0350357	0.034184	0.199512	0.204268
149	0.00633894	0.000699778	0.00122597	0.00127523	0.0034759	0.150135	0.197873	0.009445	0.00283313	0.00558308	0.00528088	0.153963	0.00146834	0.395962	0.0153193	0.021824	0.00522937	0.00519847	0.00108653	0.0157841
150	0.354622	0.00125444	0.0263355	0.0834603	0.00600195	0.0148134	0.00617293	0.0165053	0.0143529	0.0170439	0.0187538	0.0105641	0.0048653	0.0771904	0.0180933	0.206604	0.0851638	0.0288886	0.00169765	0.00761605
151	0.0787826	0.00047079	0.124341	0.079686	0.00241141	0.0514591	0.0315881	0.00546003	0.103015	0.0087677	0.00999641	0.0217291	0.16713	0.0636254	0.0444374	0.168631	0.0304108	0.00480488	0.00062331	0.00263062
152	0.0172267	0.00445287	0.000244647	0.000324284	0.0508339	0.00528104	0.00093553	0.328389	0.00070781	0.305313	0.0294406	0.00075456	0.000798872	0.000877392	0.00065554	0.00321003	0.00930049	0.23901	0.000682216	0.00156212
153	0.0243002	0.000305889	0.0824752	0.0517068	0.00677356	0.0113832	0.132999	0.00705383	0.0948805	0.00589538	0.00956531	0.137836	0.0161613	0.104846	0.0513181	0.0345109	0.206847	0.00709919	0.000631404	0.0134114
154	0.0418123	0.000711429	0.380029	0.168778	0.00229928	0.0483234	0.0157267	0.00791017	0.0391286	0.0037385	0.00406391	0.133145	0.00687452	0.0327625	0.0178435	0.056813	0.0227096	0.00761154	0.00066344	0.00905619
155	0.00783549	0.00242322	0.000629882	0.00076623	0.0451914	0.00141095	0.000785532	0.0664633	0.00132168	0.71291	0.0932204	0.00120213	0.00130202	0.00405533	0.00146198	0.00384463	0.0143377	0.0311697	0.00383678	0.00583141
156	0.233718	0.00119913	0.00258778	0.00392097	0.00628308	0.00938686	0.00285127	0.0111204	0.004292	0.010492	0.0227231	0.00754778	0.0019289	0.00921647	0.00526945	0.389257	0.250892	0.0218079	0.00141918	0.00408619
157	0.431888	0.000608657	0.0235098	0.0232014	0.00319437	0.00276387	0.00163576	0.0287399	0.0138138	0.0278105	0.0315901	0.00237516	0.00116115	0.0431557	0.0253784	0.167407	0.0596968	0.0972972	0.00116544	0.0136068
158	0.0639753	0.00051065	0.00325901	0.00156669	0.00239726	0.00264946	0.0170824	0.0194076	0.374987	0.0285847	0.0485017	0.00146022	0.211802	0.073143	0.119693	0.0133882	0.00318082	0.0119384	0.000758087	0.00171461
159	0.0509039	0.000614313	0.355536	0.153338	0.00521024	0.0454876	0.0174004	0.0109392	0.0503099	0.00808934	0.00889399	0.106627	0.013746	0.0412172	0.0244517	0.0620118	0.0249702	0.0105483	0.00106728	0.00863697
160	0.0174023	0.00022997	0.000426632	0.000514799	0.0440393	0.000994356	0.00496632	0.209596	0.000996575	0.589795	0.0139742	0.00060587	0.000409264	0.00132351	0.000851055	0.00608747	0.0026547	0.103809	0.000497467	0.000825792
161	0.0347282	0.00215819	0.00275737	0.00192968	0.185862	0.00597089	0.01668	0.0167793	0.00515536	0.107542	0.344109	0.0425601	0.00220034	0.0330207	0.00539923	0.0162728	0.0364123	0.015651	0.00212552	0.122686
162	0.282392	0.00913032	0.000335929	0.000342831	0.0264197	0.075622	0.000318578	0.184602	0.000505404	0.106778	0.0190943	0.000496035	0.000467147	0.000768131	0.000584988	0.0331264	0.0373116	0.21936	0.000260362	0.00208516
163	0.281105	0.00919104	0.00034001	0.000314685	0.0258137	0.07548	0.000326841	0.18523	0.000506278	0.10683	0.0185339	0.000490418	0.000465349	0.000761	0.000513377	0.0326218	0.0364486	0.222732	0.000248492	0.00204674
164	0.0139673	0.00105722	0.00226071	0.00207056	0.0250118	0.00661055	0.00309422	0.0307194	0.00400113	0.00854174	0.0303971	0.0049558	0.0023983	0.00650644	0.00415027	0.238858	0.581567	0.028047	0.00148671	0.00429881
165	0.0264696	0.00179193	0.00275974	0.00341132	0.0119194	0.0217769	0.00354614	0.0184813	0.00606009	0.0139017	0.284687	0.0296973	0.00308564	0.103343	0.00703874	0.309715	0.115254	0.0213282	0.00229244	0.0134402
166	0.00350197	0.000296537	0.000544435	0.000489727	0.403169	0.00145144	0.000863114	0.0577652	0.00141298	0.0972867	0.0215812	0.000989573	0.000431567	0.00205165	0.00137116	0.00696065	0.00229499	0.0387104	0.0918107	0.267017
167	0.0444284	0.00625422	0.000244919	0.000241538	0.120635	0.0112498	0.000334367	0.22808	0.000497116	0.303312	0.0351409	0.0020857	0.0012429	0.00190625	0.000526819	0.00643782	0.0177078	0.195968	0.011382	0.0123248
168	0.0540277	0.00134812	0.00290972	0.00329179	0.0111542	0.00796579	0.00710345	0.0607731	0.0125362	0.178431	0.136118	0.0125965	0.00293873	0.226739	0.00827468	0.0576362	0.140699	0.0600499	0.00480353	0.0106041
169	0.0628922	0.00128645	0.00284938	0.00332874	0.0155671	0.00908336	0.00499711	0.0504404	0.00516517	0.0299799	0.17725	0.0098423	0.00229773	0.164373	0.0101897	0.177541	0.125683	0.086421	0.00287967	0.0579325
170	0.0421955	0.00076187	0.00161473	0.00166965	0.0321428	0.003916	0.00314958	0.00636468	0.321298	0.0213221	0.0377847	0.0125328	0.00172479	0.0614848	0.28024	0.0404256	0.0127149	0.00794938	0.0498572	0.0608506
171	0.00458329	0.0018816	0.000385649	0.000331513	0.0315529	0.000709977	0.000841915	0.0648179	0.000938314	0.744031	0.100813	0.000615831	0.000606331	0.00288315	0.00093525	0.00171235	0.0115743	0.0213011	0.00314009	0.00634421
172	0.0311666	0.000719383	0.00178002	0.00182347	0.00407643	0.0608778	0.00164519	0.00672311	0.00278746	0.00642798	0.0566469	0.097837	0.00133788	0.0912977	0.00835847	0.414716	0.196635	0.0107648	0.00115938	0.00321877
173	0.023936	0.00128464	0.00783298	0.00726694	0.00584165	0.0157729	0.0054493	0.0148838	0.00730075	0.00911105	0.0127827	0.00519418	0.713192	0.00997584	0.00570499	0.0954103	0.033556	0.0183054	0.00206909	0.0051301
174	0.153689	0.00143468	0.0185189	0.0619166	0.00611701	0.0331594	0.0152489	0.0139879	0.113426	0.0270588	0.021188	0.0286626	0.00622575	0.28842	0.0877811	0.0506366	0.0391174	0.0196913	0.0045628	0.00915665
175	0.187117	0.000213504	0.0260639	0.123123	0.00132406	0.0241369	0.0108882	0.00466849	0.159817	0.0302184	0.0228396	0.0169649	0.000550148	0.228946	0.0835827	0.0217411	0.0352127	0.0198008	0.000549524	0.00224179
176	0.023805	0.000269342	0.00189683	0.0120623	0.0037856	0.00234394	0.000892356	0.00558744	0.530417	0.0108039	0.0177217	0.00896227	0.00156231	0.0727905	0.284488	0.00541213	0.00581538	0.0025365	0.00392302	0.00492425
177	0.00318272	0.00032502	0.000441944	0.00052266	0.00220217	0.00113088	0.00430889	0.386707	0.000996033	0.214952	0.312821	0.00083184	0.000459839	0.0014885	0.00106192	0.00583	0.00603783	0.0553175	0.000380016	0.00100237
178	0.0305804	0.00391555	0.000732435	0.000750315	0.235539	0.00447835	0.00120388	0.117006	0.00134782	0.23319	0.249484	0.0024874	0.00057228	0.00407858	0.00141001	0.00709183	0.016304	0.0709663	0.00737424	0.0114873
179	0.108891	0.000998344	0.003675	0.00761393	0.00582873	0.00421379	0.00499469	0.0114878	0.107186	0.109884	0.101973	0.0663325	0.0021812	0.171542	0.0298142	0.0454339	0.125661	0.0290776	0.0385858	0.0246252
180	0.0134783	0.00360161	0.000248446	0.000283966	0.0543268	0.00468961	0.000369124	0.359118	0.000539869	0.254788	0.0157601	0.000508015	0.000520572	0.000709053	0.000540855	0.00164876	0.00582518	0.28165	0.000160716	0.00123266
181	0.0619284	0.000604191	0.000930235	0.00114781	0.0797959	0.0131744	0.00137534	0.300734	0.00528397	0.0388924	0.0926222	0.00376414	0.00128135	0.00288509	0.00498242	0.0127541	0.00721953	0.365805	0.00185475	0.00296475
182	0.0788743	0.00309764	0.00402553	0.00342985	0.162598	0.0561444	0.00617556	0.044521	0.0062739	0.0354691	0.400559	0.0115659	0.00291851	0.0295314	0.00992202	0.0795368	0.0262053	0.019328	0.00214404	0.0176803
183	0.115066	0.00142793	0.00356495	0.00372161	0.0786133	0.179611	0.00423068	0.016792	0.00583801	0.0701766	0.0493363	0.0132995	0.00250339	0.0150369	0.00670926	0.217224	0.185291	0.0233296	0.00200174	0.00622557
184	0.095865	0.000619599	0.0011739	0.00101105	0.214826	0.0465832	0.0014556	0.191795	0.00204686	0.131405	0.0102079	0.0020604	0.000887099	0.00331989	0.00240304	0.00469198	0.00584463	0.217077	0.0185165	0.0482098
185	0.0307459	0.00329228	0.000644114	0.000647094	0.226761	0.00334583	0.00091405	0.0892485	0.0014329	0.244224	0.298789	0.00158532	0.000576756	0.00336856	0.00159793	0.00438087	0.0170413	0.0659687	0.00193464	0.00350134
186	0.0313548	0.00280584	0.00283355	0.00200961	0.239982	0.012363	0.00584697	0.0287125	0.00474344	0.0935084	0.403717	0.0126105	0.00226863	0.0172863	0.00514067	0.0442193	0.0403158	0.0209516	0.00198687	0.0273427
187	0.0501692	0.00271701	0.000441829	0.000477624	0.16595	0.00496821	0.000850052	0.178917	0.00130705	0.304585	0.0626727	0.00397534	0.000523297	0.00455664	0.00110115	0.0130359	0.0136949	0.131524	0.0328514	0.0256814
188	0.0100108	0.00105784	0.00235962	0.00284433	0.277334	0.0274125	0.00333322	0.0309082	0.0263671	0.033469	0.0309972	0.14638	0.00176978	0.0958283	0.0042285	0.14748	0.0309103	0.00933143	0.113444	0.0045344
189	0.047563	0.00232938	0.00174572	0.00140868	0.204749	0.0105621	0.0126033	0.100379	0.00504656	0.157404	0.0990053	0.00759067	0.00185857	0.0131007	0.00736213	0.0112726	0.016965	0.141142	0.0287384	0.129175
