257	20
1	0.0202089	0.0028954	0.00544997	0.0171818	0.221038	0.00339208	0.120918	0.0100344	0.00704646	0.0155743	0.00579397	0.00541535	0.00155049	0.00610705	0.00508004	0.0216884	0.00953648	0.0112258	0.275348	0.234515
2	0.00595146	0.00048852	0.676139	0.0098767	0.0010319	0.000874169	0.0154561	0.00197	0.0629218	0.00162095	0.000985736	0.159815	0.000489792	0.00135353	0.00798352	0.0343799	0.0105715	0.00607246	0.000286721	0.0017307
3	0.0059564	0.00252272	0.00055277	0.00309592	0.0130267	0.000546946	0.000464698	0.12705	0.00084938	0.727795	0.0415215	0.0026261	0.00674329	0.000646333	0.00176215	0.00269748	0.0142176	0.0376631	0.000118968	0.010143
4	0.0905155	0.000561396	0.107587	0.208149	0.00607753	0.0112605	0.001425	0.0124442	0.115444	0.00206306	0.0010415	0.0168844	0.00555506	0.0272609	0.00187895	0.234954	0.142784	0.0123389	0.000368612	0.00140741
5	0.141468	0.000805958	0.0476805	0.016357	0.0184253	0.0218082	0.0360991	0.051169	0.092379	0.099999	0.00162167	0.0154492	0.0762304	0.0171995	0.0239945	0.166548	0.0836352	0.0701574	0.000578691	0.0183947
6	0.0176636	0.00216355	0.00371421	0.00209747	0.0376333	0.000410799	0.000411578	0.284267	0.00381097	0.404044	0.0333005	0.000840322	0.000196147	0.000578203	0.0051537	0.0046427	0.0200446	0.161777	0.000575797	0.0166752
7	0.00189397	0.00035082	0.00085539	0.00221064	0.329716	0.00057427	0.022019	0.0220235	0.0012949	0.0328784	0.00443185	0.00120653	0.000301401	0.00367942	0.00285139	0.00798331	0.005361	0.0213937	0.00800226	0.530973
8	0.159913	0.000472081	0.0558683	0.166592	0.00102097	0.0190585	0.00957241	0.00977653	0.167618	0.00626138	0.00110677	0.0253757	0.28812	0.0232161	0.00553547	0.0374931	0.0152611	0.00613053	0.000266048	0.00134116
9	0.018985	0.00112418	0.138331	0.240573	0.00300787	0.0925838	0.0287056	0.00335673	0.0242511	0.0047572	0.0223449	0.123275	0.00422693	0.0306677	0.00919444	0.158602	0.021381	0.0232838	0.0143759	0.036973
10	0.0147306	0.00410611	0.00514077	0.0226934	0.00459622	0.00484566	0.00131458	0.00133118	0.473301	0.0329284	0.00511311	0.0503442	0.000444484	0.057097	0.235614	0.0301135	0.0375766	0.00930488	0.000235188	0.00916898
11	0.0223219	0.00294823	0.00447294	0.0027432	0.0313709	0.000395813	0.000404275	0.268775	0.00342883	0.414097	0.0348878	0.000814677	0.000189158	0.000572085	0.0023007	0.00511027	0.0257026	0.166497	0.000184372	0.0127827
12	0.0694455	0.0157385	0.0146267	0.0104133	0.107962	0.0156652	0.0323782	0.045124	0.016455	0.0765781	0.0517705	0.0287623	0.00230759	0.0117705	0.0194209	0.138602	0.0192112	0.0319441	0.00290498	0.288919
13	0.205589	0.0301209	0.0195932	0.00615154	0.0037821	0.0310613	0.0181703	0.0374158	0.00616401	0.0239578	0.0328053	0.104654	0.00182377	0.00545434	0.018172	0.0659455	0.175059	0.189681	0.000890841	0.0235084
14	0.00492925	0.000632926	0.00154351	0.00305011	0.271173	0.000801826	0.0294939	0.0165588	0.00192537	0.0216386	0.0090627	0.00148019	0.00056551	0.00347479	0.00263929	0.0106641	0.00901494	0.0191828	0.038413	0.553756
15	0.29657	0.0359573	0.00506373	0.0209168	0.0219979	0.017274	0.0038228	0.070684	0.00397285	0.0483204	0.0107978	0.0114132	0.014854	0.00273484	0.00189665	0.284391	0.073343	0.0590559	0.00293909	0.0139947
16	0.0269372	0.00104374	0.0149895	0.0334416	0.0855602	0.0183973	0.179818	0.00322065	0.0624747	0.022321	0.0371108	0.103258	0.000941305	0.0843613	0.0403153	0.159134	0.037823	0.0150914	0.000603014	0.0731579
17	0.159913	0.000472081	0.0558683	0.166592	0.00102097	0.0190585	0.00957241	0.00977653	0.167618	0.00626138	0.00110677	0.0253757	0.28812	0.0232161	0.00553547	0.0374931	0.0152611	0.00613053	0.000266048	0.00134116
18	0.00956547	0.00843601	0.00435233	0.00542825	0.0706877	0.00278839	0.569926	0.00955461	0.00584801	0.0101751	0.0056696	0.00501301	0.00635056	0.0184945	0.00504943	0.0118595	0.00748194	0.0104685	0.0168955	0.215956
19	0.0068287	0.00179907	0.00408497	0.0181449	0.0033976	0.00262624	0.00387712	0.331692	0.0475939	0.00595862	0.00307404	0.0107782	0.00140467	0.0172061	0.0311365	0.0193671	0.381352	0.0792281	0.000816063	0.0296337
20	0.0325911	0.00664719	0.0101594	0.0196996	0.0418832	0.0410007	0.0115327	0.136654	0.0226412	0.371173	0.0452917	0.0213939	0.00473325	0.0147552	0.0774117	0.0261672	0.0323261	0.0534457	0.00553435	0.0249597
21	0.0258861	0.00175539	0.10227	0.0335158	0.00180685	0.0522666	0.01832	0.00233647	0.00886232	0.00337995	0.00433011	0.0802965	0.0572369	0.0106612	0.00617985	0.442058	0.140399	0.00323583	0.000416315	0.00478733
22	0.0870046	0.00172512	0.0210544	0.206056	0.00408807	0.00341311	0.00453193	0.0367606	0.098176	0.0297319	0.067181	0.00613053	0.0020549	0.155763	0.00500013	0.109003	0.0239132	0.132966	0.000894594	0.00455136
23	0.103659	0.000787505	0.0904449	0.267715	0.00378187	0.0139829	0.0125376	0.0102467	0.149805	0.0120612	0.00990464	0.0308756	0.00789167	0.0671394	0.0303365	0.114975	0.0463912	0.0208162	0.000530131	0.00611704
24	0.0907736	0.000541065	0.0582732	0.185781	0.00277297	0.0309334	0.008919	0.00438134	0.258442	0.00881417	0.00576858	0.0399291	0.00508436	0.0757119	0.0723646	0.0877807	0.0330458	0.0173995	0.000441182	0.012843
25	0.0167211	0.00196017	0.00370527	0.00200089	0.0394172	0.000410502	0.000413041	0.285805	0.00402593	0.401726	0.0327262	0.00091992	0.000203666	0.000593537	0.00593097	0.00459898	0.0192472	0.161041	0.000698063	0.0178547
26	0.00689492	0.00278703	0.000684561	0.00342574	0.0127962	0.000561285	0.000479029	0.130237	0.000854302	0.717392	0.0420625	0.00250434	0.00633185	0.000636292	0.00175022	0.00280701	0.0149164	0.0425966	0.000110404	0.0101722
27	0.375193	0.0187658	0.00569999	0.00990922	0.012212	0.0342286	0.00509428	0.0186497	0.00653413	0.0309038	0.00706826	0.0243145	0.007629	0.00316654	0.00354682	0.318192	0.0657353	0.0381996	0.00137087	0.0135863
28	0.12617	0.0081802	0.000970555	0.00328641	0.0125363	0.00134305	0.00107172	0.208057	0.00542305	0.0749475	0.0344523	0.00599907	0.0090358	0.00122619	0.00220748	0.0401315	0.103975	0.357049	0.000170157	0.00376782
29	0.00191505	0.000299462	0.000865786	0.00110145	0.340716	0.000560394	0.0276998	0.0189758	0.00121744	0.016683	0.00324326	0.00120413	0.000286694	0.00270148	0.00268135	0.00821645	0.00546072	0.0211749	0.0082958	0.536701
30	0.0311449	0.000617146	0.10169	0.0266454	0.00111361	0.0572661	0.0128524	0.00133417	0.0105622	0.00183854	0.0056168	0.105648	0.0232466	0.0160232	0.00589752	0.49305	0.0970419	0.00183687	0.000299565	0.00627508
31	0.121763	0.00345003	0.00706879	0.0134002	0.0122336	0.00498295	0.0154395	0.191941	0.0142071	0.112354	0.0677261	0.0419157	0.00152478	0.0181362	0.00589425	0.0619668	0.111965	0.180911	0.00286945	0.0102504
32	0.0208991	0.000186459	0.000695924	0.000792687	0.147993	0.00279326	0.00729773	0.133696	0.000912413	0.516999	0.0379106	0.00549623	0.000465068	0.00301758	0.00429681	0.003451	0.00104169	0.0550207	0.0133722	0.0436626
33	0.100776	0.0162055	0.125145	0.00605503	0.00329571	0.00359711	0.00384857	0.00465771	0.0377507	0.0494554	0.0167212	0.182007	0.00177689	0.00852296	0.022404	0.184988	0.204549	0.0229824	0.000885731	0.00437518
34	0.0252548	0.00140893	0.394514	0.0830028	0.00956632	0.00960471	0.00741123	0.0288394	0.0387597	0.00717664	0.00397325	0.200299	0.00136838	0.021227	0.0326343	0.0454263	0.0426712	0.0179394	0.000691374	0.0282316
35	0.55648	0.0130022	0.00176301	0.00249577	0.0011991	0.0444675	0.00126868	0.0111749	0.0124591	0.00569943	0.0125998	0.0104349	0.00105827	0.00200747	0.00515158	0.232395	0.0404969	0.0422577	0.000275904	0.0033131
36	0.0450901	0.000420347	0.195243	0.459454	0.00170705	0.00572061	0.0101064	0.00717904	0.0835475	0.00361622	0.00498888	0.0453016	0.0105357	0.0404266	0.0155801	0.0417491	0.0217414	0.00288264	0.000417661	0.00429184
37	0.0107144	0.00169191	0.00211021	0.00233885	0.0936762	0.00230492	0.00224913	0.0979866	0.0156218	0.392333	0.269255	0.00248332	0.00239618	0.00334582	0.01534	0.00442123	0.0195324	0.0506283	0.000871425	0.0106989
38	0.082208	0.000280389	0.0703855	0.157295	0.0021731	0.0239544	0.0126519	0.00570159	0.23637	0.0105001	0.00226992	0.0479719	0.0329325	0.0736153	0.0740889	0.0867085	0.0479007	0.0254294	0.000206699	0.00735673
39	0.00595146	0.00048852	0.676139	0.0098767	0.0010319	0.000874169	0.0154561	0.00197	0.0629218	0.00162095	0.000985736	0.159815	0.000489792	0.00135353	0.00798352	0.0343799	0.0105715	0.00607246	0.000286721	0.0017307
40	0.0566677	0.00230879	0.0284115	0.069187	0.0052809	0.00491074	0.00619094	0.00846856	0.0105442	0.00893912	0.00564494	0.00833281	0.178787	0.260326	0.254128	0.0641828	0.0106331	0.00864368	0.00153268	0.00688005
41	0.0948759	0.000325508	0.0798643	0.175413	0.00210195	0.0247836	0.00902891	0.00554265	0.201316	0.0128724	0.00177966	0.0601218	0.00808169	0.0676134	0.0734295	0.0916612	0.0551832	0.0285145	0.000224936	0.00726552
42	0.0197479	0.0026306	0.00655507	0.0023856	0.0413055	0.000546102	0.000539053	0.269146	0.00450826	0.40283	0.0341988	0.00108206	0.000291768	0.000784955	0.00320551	0.00558805	0.0254707	0.164648	0.000294769	0.0142408
43	0.0205274	0.00229014	0.010288	0.0105555	0.00691792	0.033266	0.0412915	0.0187354	0.0757364	0.00840264	0.00606331	0.0297435	0.0074453	0.0146028	0.63556	0.0196777	0.0199065	0.0173298	0.00146961	0.0201902
44	0.040697	0.000273285	0.0129728	0.115707	0.000673727	0.000504876	0.00772608	0.0113539	0.505281	0.0103369	0.00332468	0.0183105	0.000333913	0.0826577	0.162868	0.018933	0.00612503	0.00102423	0.00018037	0.000716636
45	0.108235	0.00049374	0.13781	0.174635	0.000980807	0.0498518	0.0145277	0.00210779	0.0975217	0.0148738	0.00111191	0.147236	0.00126211	0.0585924	0.0510802	0.0582444	0.0724349	0.00651846	0.000339924	0.00214197
46	0.169986	0.00925066	0.00154999	0.00364349	0.011203	0.00306156	0.00192355	0.172171	0.00610862	0.0731252	0.0356928	0.00951079	0.0097725	0.00176197	0.00291229	0.0526949	0.105052	0.325587	0.000251415	0.00474231
47	0.0205059	0.000989044	0.00197026	0.00571757	0.154765	0.00130937	0.0287179	0.0142087	0.00290011	0.0410829	0.0429222	0.00227697	0.000681061	0.00609624	0.00242028	0.0255959	0.0300737	0.0293539	0.0554498	0.532963
48	0.00717584	0.00939601	0.04279	0.229743	0.0102077	0.00158224	0.0547826	0.0167344	0.19732	0.0807839	0.00239769	0.0742374	0.000908037	0.0941677	0.0384118	0.0234139	0.0633106	0.0290625	0.000509444	0.0230652
49	0.0479165	0.000625852	0.0169889	0.134358	0.00102638	0.00127255	0.00539248	0.0344199	0.394614	0.0164457	0.00297634	0.0188667	0.00306057	0.0968374	0.185996	0.0190331	0.0157785	0.00275096	0.000244917	0.00139515
50	0.0114724	0.00146162	0.0569303	0.0763224	0.0121886	0.0717522	0.104111	0.00425224	0.0315925	0.0244116	0.0238094	0.286857	0.00156131	0.0844445	0.0586339	0.0741478	0.0588776	0.00659907	0.000984668	0.00958962
51	0.0818296	0.00154065	0.0123387	0.00441217	0.00876432	0.00582433	0.0026355	0.0126554	0.00510192	0.00506372	0.0149602	0.00484339	0.0015509	0.0105164	0.00348213	0.516178	0.28716	0.017256	0.000744396	0.00314195
52	0.0208991	0.000186459	0.000695924	0.000792687	0.147993	0.00279326	0.00729773	0.133696	0.000912413	0.516999	0.0379106	0.00549623	0.000465068	0.00301758	0.00429681	0.003451	0.00104169	0.0550207	0.0133722	0.0436626
53	0.589093	0.0139192	0.00123979	0.00164946	0.000831426	0.0707537	0.00147811	0.00549389	0.00586948	0.0030211	0.00778749	0.00637747	0.000622223	0.00123691	0.00335275	0.224026	0.0343344	0.0239372	0.000219035	0.00475719
54	0.14615	0.00274252	0.0190764	0.0377939	0.00404127	0.0171157	0.00817164	0.00526222	0.0380943	0.0330243	0.00290259	0.107643	0.00117702	0.0785007	0.0473275	0.184065	0.229453	0.0328159	0.000675947	0.00396678
55	0.0694552	0.0252395	0.0161314	0.00780172	0.0109188	0.00474948	0.00920228	0.130334	0.00592783	0.19635	0.0736064	0.0616934	0.0012712	0.015227	0.00657241	0.115981	0.181895	0.0560872	0.00196295	0.0095934
56	0.0060032	0.00262508	0.000793804	0.00326362	0.0178255	0.00082701	0.000730192	0.121874	0.00148731	0.715528	0.040751	0.00281167	0.00612842	0.00123686	0.00202564	0.00297837	0.014558	0.0350741	0.000504391	0.0229732
57	0.189288	0.00170364	0.0492267	0.0385931	0.0356742	0.0605783	0.0139032	0.0476342	0.0279022	0.00517461	0.00331696	0.122786	0.00151292	0.0269596	0.0254283	0.103318	0.0812155	0.0603594	0.00101126	0.104413
58	0.00498007	0.00107338	0.0613811	0.0972895	0.0869617	0.00194022	0.0275799	0.0373351	0.0439468	0.110817	0.0376808	0.148861	0.000937707	0.0287857	0.0293694	0.0418908	0.0210554	0.0542089	0.00927158	0.154633
59	0.574962	0.0150034	0.00189091	0.00332938	0.00163207	0.0434186	0.00163391	0.00748673	0.00935081	0.0047487	0.00819442	0.0102014	0.00099505	0.00169438	0.00492062	0.237644	0.0346997	0.033424	0.000170727	0.0045999
60	0.0146941	0.00408936	0.00515314	0.0227288	0.00458257	0.00486709	0.00131229	0.00131846	0.472952	0.0329374	0.00515086	0.0505203	0.000444828	0.0571814	0.235583	0.0302336	0.0376103	0.00930119	0.000233872	0.00910474
61	0.15467	0.00443385	0.00290675	0.00457726	0.00907796	0.00462913	0.00551107	0.187253	0.00879718	0.090596	0.0476089	0.0296701	0.00526379	0.00573412	0.00229824	0.0476984	0.109847	0.271388	0.00029298	0.00774738
62	0.019658	0.00130929	0.00484165	0.0053914	0.0040339	0.00602369	0.0691128	0.0191381	0.0996899	0.00499057	0.00313356	0.00893923	0.00161825	0.00419086	0.680827	0.00854532	0.0109911	0.0197697	0.000721275	0.0270743
63	0.027007	0.00101447	0.0216823	0.00324015	0.00332048	0.069877	0.131786	0.00305045	0.255378	0.00406446	0.0023139	0.340204	0.00106576	0.00344075	0.0954538	0.0252315	0.00542957	0.00348356	0.000557618	0.00239937
64	0.00185935	0.000319121	0.000863627	0.00109311	0.343877	0.000562417	0.027226	0.0193503	0.00118836	0.0170359	0.00282914	0.00119957	0.000279831	0.00277523	0.00272251	0.00795944	0.00529287	0.0214483	0.00740787	0.53471
65	0.054291	0.00100418	0.150162	0.0687251	0.00176706	0.0343953	0.0265766	0.00290974	0.162533	0.0037545	0.00176506	0.160937	0.137065	0.0600657	0.0283794	0.0679506	0.0299015	0.00431568	0.00059294	0.00290831
66	0.0293803	0.000611574	0.102761	0.0262156	0.00119479	0.0549941	0.0125545	0.00141566	0.0108931	0.00191927	0.00539605	0.106309	0.0229674	0.015222	0.00567544	0.496136	0.0981714	0.00190892	0.000289286	0.0059851
67	0.325079	0.0313066	0.00766743	0.0192521	0.0202359	0.0220266	0.00800872	0.0276376	0.00423571	0.0323598	0.00525702	0.0224189	0.0131996	0.0032437	0.00155666	0.333926	0.0598367	0.0382483	0.00118858	0.0233148
68	0.00876596	0.00114826	0.00214029	0.00225852	0.0602603	0.00329442	0.00277219	0.210708	0.00372196	0.497861	0.0330455	0.00327001	0.00166188	0.00206162	0.0398832	0.00413252	0.00760341	0.0804509	0.00431214	0.0306486
69	0.134685	0.00102997	0.0445791	0.523872	0.00205121	0.00178883	0.0660033	0.0028591	0.00393829	0.0120684	0.00196186	0.0115708	0.00095641	0.11706	0.00277308	0.0300033	0.020532	0.00319837	0.000588073	0.0184807
70	0.34703	0.00182575	0.0054417	0.0344858	0.00353228	0.0350023	0.00362901	0.00463389	0.101135	0.00627091	0.13707	0.00546253	0.00189443	0.0344854	0.0334693	0.196205	0.00870867	0.00576466	0.00121544	0.0327387
71	0.325803	0.0304049	0.0119587	0.0403263	0.0125861	0.0123659	0.0137894	0.0275243	0.0117144	0.0265659	0.00467619	0.0276331	0.00849786	0.0101228	0.00250697	0.335914	0.0392756	0.0287036	0.000690674	0.0289407
72	0.0248869	0.0074272	0.00351825	0.00425203	0.0208146	0.00145307	0.00131728	0.180348	0.00378044	0.516937	0.0470832	0.00512158	0.00270225	0.00296527	0.00235775	0.011455	0.0409983	0.11165	0.000467474	0.0104652
73	0.109788	0.000868621	0.0805478	0.0357684	0.315561	0.00153927	0.0233671	0.0026489	0.0307614	0.022606	0.0114552	0.0214613	0.00899714	0.0139401	0.00283099	0.152208	0.0612328	0.00287995	0.00359103	0.0979468
74	0.0119461	0.000790447	0.119552	0.0499218	0.0019335	0.00271878	0.00218149	0.00249184	0.0167451	0.00296166	0.00183325	0.0462769	0.491151	0.0223336	0.00952278	0.177833	0.0180859	0.0136267	0.000468784	0.00762505
75	0.00701901	0.00143555	0.0189192	0.150039	0.00299439	0.00307633	0.00335886	0.0291776	0.147326	0.087903	0.00278252	0.00539191	0.0145283	0.0271622	0.0423048	0.020972	0.211991	0.218992	0.000897092	0.00372968
76	0.0904998	0.000561915	0.107594	0.208124	0.00607502	0.0112483	0.00142927	0.0124729	0.115508	0.00206284	0.00104529	0.0169074	0.00555862	0.0272532	0.0019104	0.234965	0.142658	0.0123499	0.000368533	0.00140736
77	0.0259353	0.00664349	0.00412369	0.00398918	0.0728955	0.00106926	0.00134472	0.253563	0.0050977	0.333483	0.0324932	0.00287383	0.00133492	0.00235715	0.00343345	0.0117637	0.0422666	0.181287	0.000941814	0.0131043
78	0.00505337	0.00203086	0.00161567	0.00280307	0.317606	0.00116112	0.0221996	0.0649234	0.0020401	0.081021	0.00969304	0.00250936	0.000649098	0.00512664	0.0039447	0.00693508	0.00982561	0.0620441	0.0134667	0.385351
79	0.00688672	0.00165812	0.18482	0.176755	0.0281047	0.00271451	0.101507	0.0301181	0.0449649	0.0733183	0.00301995	0.123387	0.015592	0.0048275	0.0172119	0.00813306	0.14013	0.00541788	0.00104605	0.0303877
80	0.0461004	0.00142349	0.00653291	0.0332427	0.0154988	0.0301898	0.0457245	0.0171736	0.0561646	0.0329146	0.00438373	0.252033	0.00169727	0.0549046	0.0224975	0.156267	0.186704	0.0323101	0.00083394	0.0034025
81	0.0652275	0.00487758	0.00281839	0.00368836	0.0204844	0.00119508	0.00106493	0.214142	0.00439235	0.330196	0.0364404	0.00453575	0.00480767	0.00193939	0.00222504	0.0189612	0.0576035	0.216472	0.000155025	0.00877355
82	0.0145173	0.0016523	0.00328131	0.00193263	0.0402909	0.000690663	0.000559514	0.294585	0.004817	0.389667	0.0323644	0.00129342	0.000243976	0.000838465	0.0109605	0.00427558	0.0164175	0.156379	0.00141089	0.0238231
83	0.143618	0.000863867	0.0407176	0.0162686	0.01646	0.0228895	0.0374778	0.0560151	0.0886814	0.106847	0.0016089	0.0174818	0.0781565	0.0154927	0.0232816	0.158468	0.085562	0.070968	0.000550594	0.0185911
84	0.0208991	0.000186459	0.000695924	0.000792687	0.147993	0.00279326	0.00729773	0.133696	0.000912413	0.516999	0.0379106	0.00549623	0.000465068	0.00301758	0.00429681	0.003451	0.00104169	0.0550207	0.0133722	0.0436626
85	0.042752	0.00343163	0.034415	0.106066	0.0214876	0.00773077	0.112647	0.0080061	0.11076	0.0413198	0.0125774	0.105528	0.00207504	0.143867	0.0535525	0.0588651	0.044467	0.0273816	0.00123156	0.061839
86	0.0858209	0.000375359	0.0860244	0.185947	0.00259122	0.0213114	0.0105986	0.00583637	0.234616	0.00952291	0.0027631	0.043751	0.00674483	0.0672904	0.080259	0.0870342	0.0422538	0.0202436	0.000228755	0.00678692
87	0.00270593	0.000340062	0.000870242	0.00170749	0.280998	0.000597951	0.0221868	0.0170315	0.00136036	0.0218498	0.0056462	0.00122322	0.000359044	0.00285908	0.00248855	0.0078919	0.00665871	0.019254	0.0131815	0.59079
88	0.0514271	0.000661256	0.00671111	0.00282621	0.0366163	0.0141229	0.00714069	0.211159	0.032205	0.160552	0.106843	0.0364966	0.000491941	0.00751603	0.032269	0.0169444	0.0657046	0.161395	0.0212559	0.0276618
89	0.0909568	0.000265425	0.0714822	0.173689	0.00287456	0.0229204	0.0113535	0.00489805	0.239972	0.00999542	0.00235155	0.0443067	0.00691124	0.0705138	0.0794641	0.0939913	0.0440358	0.0227174	0.000200158	0.00710119
90	0.0208991	0.000186459	0.000695924	0.000792687	0.147993	0.00279326	0.00729773	0.133696	0.000912413	0.516999	0.0379106	0.00549623	0.000465068	0.00301758	0.00429681	0.003451	0.00104169	0.0550207	0.0133722	0.0436626
91	0.0148654	0.00462586	0.00529007	0.0244844	0.0045238	0.00467193	0.00157634	0.0016777	0.47203	0.0324308	0.00514079	0.0485763	0.000602073	0.0574353	0.235841	0.0293416	0.0372548	0.00919689	0.000236214	0.0101988
92	0.0412778	0.000283789	0.0130137	0.112619	0.000692459	0.000557212	0.00741966	0.01145	0.505697	0.0105063	0.003176	0.0190903	0.000316854	0.0830628	0.163113	0.0192308	0.00640346	0.00113091	0.000186714	0.000772596
93	0.0409181	0.000269108	0.0158359	0.118812	0.000611818	0.000506026	0.00678393	0.0144898	0.48945	0.0107757	0.00300368	0.0190224	0.00156409	0.0836079	0.165165	0.0192047	0.00781025	0.0012925	0.000172831	0.000704124
94	0.0191447	0.00196058	0.00422355	0.0178806	0.218893	0.00260294	0.135096	0.00419034	0.00596841	0.0062321	0.00356442	0.00477123	0.00144857	0.00481232	0.00447228	0.0204888	0.00641397	0.00506164	0.287659	0.245116
95	0.011284	0.00101432	0.632543	0.0268353	0.00249934	0.00352533	0.0157984	0.00385322	0.0603367	0.00351265	0.00283143	0.148729	0.00222553	0.00586804	0.0113234	0.0417255	0.0147169	0.00667912	0.000608249	0.00409049
96	0.0513488	0.000656982	0.00654263	0.00320633	0.0346986	0.0141501	0.00787502	0.208713	0.0323751	0.160316	0.109015	0.0372184	0.000493634	0.00757742	0.0334662	0.0184719	0.0668177	0.160664	0.0195748	0.0268181
97	0.0301749	0.0014716	0.0113443	0.0251308	0.116237	0.0205093	0.139383	0.00426992	0.0672856	0.0297387	0.0341655	0.115486	0.00127628	0.0760935	0.028486	0.15255	0.0270011	0.012455	0.000713151	0.106228
98	0.135401	0.0069418	0.00121607	0.00357902	0.0138836	0.00149614	0.00137532	0.158492	0.00576998	0.0856062	0.036715	0.00568364	0.0152039	0.00129355	0.00470603	0.0367328	0.111223	0.369742	0.000243196	0.00469497
99	0.0122064	0.000838054	0.117224	0.0508601	0.00188959	0.002231	0.00186569	0.00260059	0.0172392	0.00292339	0.00174858	0.0468238	0.496512	0.0228325	0.00980871	0.174078	0.0161191	0.0140445	0.000460128	0.00769491
100	0.0059564	0.00252272	0.00055277	0.00309592	0.0130267	0.000546946	0.000464698	0.12705	0.00084938	0.727795	0.0415215	0.0026261	0.00674329	0.000646333	0.00176215	0.00269748	0.0142176	0.0376631	0.000118968	0.010143
101	0.130026	0.00756502	0.00102098	0.00406893	0.014291	0.00134886	0.00110299	0.188054	0.00680899	0.0747983	0.0324263	0.00595337	0.0113866	0.00130512	0.00274574	0.040447	0.109413	0.36266	0.000164207	0.00441224
102	0.00525746	0.00448221	0.00286307	0.00379908	0.363021	0.0018488	0.0156805	0.103645	0.00396125	0.055158	0.0097891	0.0037009	0.00123152	0.00518183	0.00448299	0.00826501	0.0121363	0.0925676	0.0219101	0.281018
103	0.0533533	0.000297476	0.193476	0.448777	0.000526813	0.0024934	0.010439	0.00729995	0.105922	0.00091934	0.00488263	0.031763	0.0139158	0.0405954	0.0139905	0.0412402	0.0249594	0.00156156	0.000144659	0.00344314
104	0.0196112	0.000511099	0.0650524	0.578961	0.00104886	0.00540106	0.00103837	0.0103909	0.0647674	0.0178126	0.0096898	0.0106071	0.000507514	0.140683	0.0444227	0.00695385	0.0149761	0.00592961	0.000257451	0.00137758
105	0.582947	0.0139459	0.00168576	0.00164669	0.00082968	0.0755666	0.00148845	0.00540791	0.00606052	0.00300718	0.00786232	0.00640613	0.000631645	0.00152603	0.00358715	0.224577	0.0343666	0.0235233	0.000221182	0.0047122
106	0.0300069	0.0795653	0.00459182	0.0438501	0.0266929	0.00274304	0.00379149	0.0741308	0.233097	0.0699775	0.00291486	0.0287216	0.00134617	0.176691	0.0492739	0.00770273	0.0309959	0.128836	0.000926524	0.00414427
107	0.126742	0.00814842	0.00100355	0.00333674	0.0124049	0.00136693	0.00111608	0.207622	0.00540272	0.0754004	0.0350641	0.0061294	0.00896602	0.00123892	0.00220895	0.0403474	0.103895	0.355626	0.000175325	0.0038053
108	0.0389884	0.0442077	0.00291766	0.0364899	0.00265431	0.00332961	0.00378309	0.098931	0.0667101	0.359067	0.0200329	0.0300071	0.00115323	0.0423342	0.0443188	0.0381552	0.0442132	0.0825668	0.00161464	0.0385249
109	0.0544979	0.00031055	0.190823	0.443125	0.000558059	0.00389325	0.0109519	0.00689625	0.11042	0.000906559	0.00461197	0.0343287	0.0131312	0.0408561	0.0146077	0.0398175	0.0251401	0.00157292	0.0001522	0.00339944
110	0.599785	0.0147122	0.00104199	0.00174524	0.00076538	0.0514035	0.00115717	0.00712651	0.00748211	0.00275548	0.00794836	0.00746088	0.000594031	0.00105717	0.00371427	0.221131	0.0337109	0.0325249	0.000174439	0.00371012
111	0.0183855	0.000736899	0.00161349	0.0010492	0.126843	0.00227646	0.0056048	0.159544	0.0015706	0.496783	0.0375883	0.00416954	0.00038814	0.00238723	0.0050229	0.00385735	0.00504643	0.0802255	0.0101049	0.0368032
112	0.274344	0.000981354	0.0036459	0.109208	0.00262655	0.0279332	0.0273536	0.00257521	0.220106	0.0364692	0.0022141	0.0209806	0.000989273	0.0576347	0.0303098	0.137841	0.0292895	0.0122381	0.000605274	0.00265332
113	0.0398738	0.00329927	0.00536147	0.0071595	0.00736075	0.00400979	0.00411207	0.163633	0.0258586	0.0548488	0.0126119	0.0259447	0.165335	0.00588486	0.00596395	0.0370203	0.0321958	0.392637	0.00114058	0.00574911
114	0.0113841	0.00287297	0.00223943	0.00252216	0.101152	0.00330977	0.0031579	0.0770006	0.0131725	0.413898	0.273143	0.00276518	0.00251394	0.00333849	0.0129171	0.00604427	0.017189	0.0407024	0.00145601	0.00922076
115	0.0609038	0.00923404	0.0390168	0.0347051	0.0103877	0.263776	0.0172149	0.0148062	0.0347657	0.0197518	0.00943974	0.0292014	0.180117	0.0167425	0.0175502	0.152156	0.0504946	0.01885	0.00371828	0.0171682
116	0.0533342	0.000297257	0.193208	0.44849	0.000526806	0.00248451	0.0104412	0.00729036	0.106291	0.000915853	0.00489715	0.0317952	0.0139951	0.0405195	0.014042	0.0412699	0.025037	0.00156171	0.000144659	0.00345862
117	0.0521244	0.000303022	0.197675	0.458554	0.000559652	0.00237145	0.0104389	0.00754363	0.0990334	0.00108337	0.00469098	0.030528	0.0130001	0.0397342	0.0137992	0.0394577	0.0238547	0.0016755	0.000150899	0.00342225
118	0.00415324	0.00062907	0.00105177	0.00224863	0.261087	0.000833961	0.0209435	0.0168466	0.00173982	0.0212306	0.00773593	0.00175879	0.000380496	0.0032123	0.00269367	0.00950346	0.00780099	0.0191372	0.0138097	0.603203
119	0.0493972	0.0286741	0.00304063	0.0141929	0.00189594	0.0249245	0.00253205	0.118142	0.0313003	0.227532	0.0122067	0.00493917	0.00948489	0.0846498	0.0118539	0.048025	0.108476	0.21456	0.000590835	0.00358196
120	0.0160299	0.00068076	0.115088	0.252604	0.00201288	0.0901976	0.0201249	0.0020243	0.0285845	0.00327635	0.0075457	0.159498	0.00745648	0.0601059	0.0207612	0.169152	0.0230169	0.00757894	0.0041611	0.0101002
121	0.00739432	0.00158676	0.0164397	0.00472192	0.00341834	0.135341	0.019628	0.00483437	0.049753	0.00574972	0.00330869	0.0802793	0.00148639	0.00416981	0.62417	0.0203322	0.00584073	0.00591553	0.000809132	0.00482136
122	0.0274063	0.0318261	0.00730396	0.0267253	0.111428	0.00376565	0.0395459	0.0413539	0.0436371	0.0874893	0.0478719	0.0122556	0.00517024	0.0614627	0.0203976	0.0184627	0.0154361	0.050657	0.0670501	0.280755
123	0.125181	0.00829127	0.000999779	0.00325734	0.012855	0.00130758	0.00104068	0.209652	0.0053948	0.0746109	0.0338545	0.00574489	0.00918281	0.00122702	0.00224874	0.0396134	0.103096	0.358475	0.000171975	0.00379575
124	0.0174953	0.00104623	0.549566	0.0227091	0.00584351	0.00690592	0.0322425	0.00531331	0.0479285	0.00568069	0.00318713	0.120801	0.00434685	0.009406	0.00995437	0.124278	0.0186812	0.00825835	0.00101999	0.00533589
125	0.0472466	0.0294033	0.00394205	0.0473965	0.0843493	0.00332656	0.0756695	0.0475485	0.0104443	0.0773177	0.0503845	0.0157672	0.0109366	0.058506	0.0410982	0.025992	0.00916509	0.0432411	0.0155512	0.302714
126	0.0210574	0.00121525	0.0970895	0.060542	0.0022446	0.00343002	0.00354064	0.00341151	0.0163183	0.00394735	0.00222038	0.0435268	0.497828	0.0195821	0.00922393	0.158622	0.0194314	0.0232921	0.000714752	0.012762
127	0.0470026	0.0250377	0.0557765	0.0119567	0.00480841	0.0061093	0.00578933	0.00759872	0.0779577	0.0350562	0.00568587	0.0936637	0.00250932	0.0729464	0.084387	0.0578768	0.326906	0.0714435	0.00116867	0.00631972
128	0.0319566	0.00103243	0.0378781	0.123392	0.0018291	0.0025387	0.00298254	0.029406	0.388365	0.0129717	0.00961677	0.0303188	0.0715344	0.0748919	0.102109	0.00772179	0.0485154	0.0197009	0.000520321	0.00271907
129	0.0111383	0.00170946	0.0460312	0.042905	0.0183004	0.180352	0.0785899	0.00355779	0.0449139	0.0109565	0.0128482	0.320173	0.00121085	0.0463195	0.0514535	0.0755828	0.0454675	0.00436977	0.000696848	0.0034233
130	0.103377	0.0163977	0.028155	0.0104995	0.00309141	0.594054	0.00284135	0.00380484	0.00981858	0.00520811	0.00266511	0.020228	0.00683068	0.00919792	0.0118707	0.144577	0.0189314	0.00418555	0.000693466	0.00357241
131	0.00228153	0.000385416	0.00109389	0.00158853	0.310326	0.000701021	0.0229214	0.0188572	0.0013639	0.0207031	0.00456995	0.00156477	0.000446339	0.0034719	0.00271629	0.0083594	0.00568881	0.0198262	0.00932273	0.563812
132	0.0552284	0.108759	0.0106848	0.0514207	0.0471298	0.00916448	0.0117256	0.0124411	0.0170976	0.0165175	0.0449289	0.122697	0.00478385	0.0818548	0.0127422	0.307028	0.0187713	0.0149676	0.0033193	0.0487378
133	0.0902647	0.0046442	0.0528115	0.00739306	0.0529516	0.0626104	0.00393366	0.0895023	0.00760764	0.0396371	0.00423452	0.0570398	0.00272624	0.00582129	0.00624198	0.318178	0.105412	0.0241101	0.026075	0.0388049
134	0.0413519	0.00281429	0.0804005	0.0212968	0.00216675	0.18354	0.00932425	0.00338096	0.00973635	0.0026523	0.00468136	0.0738667	0.0178511	0.0128602	0.0061781	0.435538	0.084056	0.00244053	0.000765494	0.00509885
135	0.111378	0.00167196	0.110393	0.0346695	0.00373068	0.0235574	0.188286	0.0310492	0.134831	0.00724971	0.0532017	0.115505	0.0312672	0.0538862	0.00665353	0.0244332	0.00727634	0.0218339	0.00103137	0.0380942
136	0.198454	0.0080772	0.0232764	0.0223051	0.0461998	0.0188904	0.024255	0.0584406	0.131556	0.0455335	0.00929692	0.0189569	0.0972288	0.0155685	0.0168281	0.129563	0.0424328	0.0343384	0.00337742	0.0554212
137	0.00181688	0.000317587	0.000852232	0.00107858	0.343315	0.000577448	0.0266953	0.0197107	0.00119014	0.0171862	0.00280267	0.00119899	0.000282843	0.00276338	0.00271507	0.00791043	0.00529233	0.0216586	0.00741706	0.535219
138	0.00402064	0.000982411	0.00242211	0.0106757	0.00995565	0.00178007	0.00205654	0.699589	0.0031859	0.00355294	0.0448994	0.00300794	0.000972618	0.0109819	0.00247317	0.00489194	0.00395145	0.187798	0.000459622	0.00234319
139	0.0130541	0.00227193	0.00103927	0.00227145	0.0812444	0.00230076	0.00386886	0.116952	0.00408847	0.566878	0.102513	0.0034138	0.00293745	0.00288915	0.00543836	0.00423153	0.0109625	0.0480024	0.00486982	0.0207727
140	0.0248011	0.00223702	0.00256511	0.0035452	0.0226196	0.00300057	0.0114576	0.054168	0.00579756	0.326994	0.44849	0.00364202	0.00162124	0.00936897	0.00465593	0.00708767	0.00755017	0.0552936	0.00110755	0.00399668
141	0.0437366	0.00336683	0.0754973	0.0238678	0.00478317	0.043968	0.0144491	0.00689676	0.0166162	0.00946161	0.0072875	0.123141	0.0163268	0.0167433	0.0136921	0.451929	0.110345	0.00876234	0.000991663	0.00813672
142	0.017853	0.00188154	0.00393091	0.0162083	0.221456	0.00233699	0.13206	0.00391734	0.00542804	0.00584249	0.00430549	0.00457842	0.00129467	0.00443108	0.00412344	0.0193988	0.00711996	0.00547655	0.269648	0.268709
143	0.0145359	0.000330274	0.0010129	0.000955164	0.111673	0.00220297	0.00480221	0.192131	0.00224185	0.47974	0.0346435	0.00377784	0.000389009	0.00222256	0.0115043	0.00306994	0.00205242	0.0799852	0.00995546	0.0427747
144	0.0408726	0.000670477	0.367636	0.120923	0.020341	0.0168106	0.00708988	0.0107199	0.0275448	0.00739165	0.00316093	0.166186	0.000680428	0.0342311	0.0451752	0.0710877	0.0294316	0.00847048	0.000478253	0.0210975
145	0.0387171	0.00139471	0.298496	0.0221614	0.00328271	0.0129264	0.0342617	0.00427897	0.00755167	0.00590315	0.00399564	0.0523551	0.00443734	0.0205957	0.00529774	0.450977	0.02232	0.00498219	0.00100411	0.00506134
146	0.0341607	0.00236314	0.00252213	0.00334093	0.0434144	0.00295647	0.00315589	0.0710805	0.0079773	0.29722	0.200825	0.00363776	0.00350842	0.0036656	0.00758199	0.00624403	0.023211	0.26864	0.00124181	0.0132536
147	0.0346944	0.00348422	0.00804633	0.0198607	0.247302	0.00525934	0.0225625	0.0103696	0.0115765	0.0835167	0.0233502	0.047483	0.00114648	0.0193875	0.00554476	0.175786	0.0110607	0.00827481	0.000992692	0.260301
148	0.0800392	0.0114941	0.0112349	0.0191708	0.0227089	0.00750204	0.00622575	0.12367	0.027891	0.0788138	0.0257532	0.0208877	0.00914747	0.0170536	0.0177463	0.041949	0.214324	0.24956	0.00181912	0.0130089
149	0.00630923	0.00247261	0.000616815	0.00307039	0.0136953	0.000548209	0.000459667	0.132259	0.000922205	0.717857	0.0410434	0.00255635	0.0064897	0.000638157	0.00181186	0.00279863	0.0143028	0.0418486	0.000121694	0.010178
150	0.174563	0.0102961	0.00107482	0.00339984	0.0115006	0.00221162	0.00108643	0.181985	0.00557001	0.0679818	0.0318044	0.00620867	0.00977141	0.00152771	0.00244032	0.0486961	0.103083	0.332467	0.000278246	0.00405344
151	0.0231761	0.00928556	0.017961	0.0167222	0.0176592	0.0077234	0.643379	0.0124507	0.018807	0.0163085	0.00908688	0.0220415	0.00504538	0.0299391	0.0122454	0.0278496	0.0170056	0.014122	0.0095425	0.0696492
152	0.0464286	0.00181088	0.0968394	0.525346	0.00360285	0.00643215	0.0143085	0.00931605	0.0621388	0.0144708	0.00810684	0.0278679	0.00625329	0.0868808	0.0254365	0.02515	0.0210087	0.00876759	0.0011629	0.00867127
153	0.0756867	0.0368506	0.00487164	0.0060724	0.0501522	0.0382566	0.00435902	0.0495522	0.00845358	0.340874	0.232695	0.00668968	0.00402341	0.00744728	0.00621252	0.044309	0.029314	0.0291227	0.019255	0.0058029
154	0.0769726	0.0174534	0.0283174	0.0135919	0.00486025	0.586932	0.0049912	0.00574451	0.0138663	0.00853168	0.00448748	0.0275313	0.00988847	0.0106775	0.013586	0.135687	0.0220391	0.00711968	0.00113644	0.00658528
155	0.0205495	0.00860413	0.0155654	0.0218849	0.0197598	0.0102401	0.638569	0.0144407	0.0221092	0.0176337	0.00967095	0.022032	0.00612827	0.0254286	0.0173078	0.024153	0.0170473	0.0155988	0.00738958	0.0658875
156	0.219486	0.00452214	0.00625034	0.00290665	0.00468289	0.053978	0.00305036	0.00602668	0.00834617	0.00516773	0.00673724	0.00721145	0.00146426	0.00554221	0.00651379	0.584364	0.0614122	0.00718115	0.000488684	0.0046676
157	0.0372332	0.00135628	0.00289256	0.00388758	0.00817864	0.00240237	0.00809826	0.0704872	0.0054785	0.224757	0.497955	0.00408831	0.00132509	0.0154463	0.004082	0.00655363	0.0074101	0.0933679	0.000942995	0.00405773
158	0.0200524	0.0271323	0.00788655	0.018	0.0244092	0.00426321	0.54214	0.0153807	0.0149932	0.0257364	0.0156437	0.0127526	0.00473962	0.0584479	0.0168774	0.0182659	0.0108206	0.0165207	0.00674425	0.139193
159	0.0690358	0.00114457	0.0180521	0.00420101	0.00828427	0.00739129	0.00262456	0.011604	0.00406433	0.00326235	0.00854905	0.00649749	0.00226539	0.0122027	0.00281037	0.569954	0.255172	0.00980931	0.00064386	0.00243199
160	0.0324765	0.00895674	0.00202134	0.0164062	0.0954161	0.00137174	0.0434169	0.0264579	0.00692698	0.0819151	0.0553042	0.00383215	0.0022344	0.0222243	0.00717984	0.0226502	0.0262243	0.0400206	0.0639153	0.441049
161	0.00618002	0.00322628	0.0030474	0.0208855	0.318485	0.00211512	0.0143142	0.015189	0.0069383	0.196118	0.0324831	0.00629473	0.000988962	0.0190914	0.00378233	0.0158123	0.00585752	0.00825702	0.0073293	0.313604
162	0.0747282	0.000922128	0.0111268	0.00277113	0.00970588	0.00821235	0.00186292	0.0135597	0.00339757	0.00290479	0.00746876	0.0031969	0.00100107	0.0090616	0.0025254	0.607605	0.2286	0.00858217	0.000616347	0.00215098
163	0.332689	0.017753	0.00633628	0.0144368	0.0161075	0.025049	0.018302	0.0126379	0.00557844	0.0232589	0.00320012	0.0243065	0.0167243	0.00420506	0.0023688	0.379755	0.0392235	0.0205491	0.000497383	0.0370219
164	0.0136086	0.000913505	0.0899241	0.0969504	0.00669077	0.126599	0.0553214	0.00265706	0.0136034	0.0080083	0.00949744	0.245242	0.00203572	0.113527	0.0422457	0.138445	0.0290295	0.00295451	0.000571043	0.00217571
165	0.100418	0.00505473	0.0256359	0.0252685	0.0285295	0.0155805	0.108647	0.0188177	0.0286976	0.0208306	0.0116957	0.0207099	0.205771	0.018223	0.0163776	0.111801	0.0304654	0.0198773	0.00570414	0.181895
166	0.0215139	0.028997	0.02215	0.035792	0.00321367	0.0200332	0.00398747	0.00488194	0.0444547	0.0204572	0.00332503	0.00660655	0.183595	0.00515209	0.0469432	0.256302	0.25414	0.0331081	0.000970909	0.00437686
167	0.0270392	0.00635356	0.00602216	0.0278434	0.00972402	0.00450696	0.00969881	0.312577	0.022207	0.241987	0.0240034	0.0266975	0.0016982	0.00982581	0.0132034	0.0219324	0.155091	0.0706687	0.00122616	0.00769408
168	0.018946	0.00461746	0.00363028	0.00406104	0.150392	0.00226202	0.00530466	0.216159	0.00509786	0.343761	0.03637	0.00559755	0.000852877	0.00454054	0.0064962	0.00831384	0.0237448	0.122291	0.00836423	0.0291969
169	0.0376766	0.0296383	0.0235625	0.0306609	0.012719	0.00454054	0.0233502	0.0467309	0.0127006	0.372071	0.00995556	0.0123695	0.002453	0.013997	0.00874109	0.0387956	0.149043	0.141257	0.0013778	0.0283605
170	0.370386	0.0102702	0.0232519	0.0430452	0.0199763	0.0299975	0.077686	0.0230172	0.0382272	0.0292206	0.0165856	0.0322904	0.0139885	0.0254748	0.0172986	0.124195	0.0413849	0.0302753	0.00570388	0.0277245
171	0.0455658	0.00184148	0.0971077	0.523246	0.00289662	0.00613633	0.0147342	0.00959993	0.0662436	0.0131818	0.00796904	0.029159	0.00644768	0.083575	0.0263198	0.027985	0.0224775	0.00785585	0.000621485	0.00703581
172	0.00405602	0.0010894	0.00243906	0.0103966	0.0105128	0.00179543	0.00201379	0.69658	0.00319455	0.00384779	0.0433533	0.00292651	0.000922046	0.0106175	0.00248285	0.00484397	0.00408573	0.192048	0.000480007	0.00231525
173	0.282422	0.00962483	0.0287264	0.0601688	0.0123356	0.082076	0.0174609	0.0210923	0.0674437	0.0197206	0.00880869	0.0253019	0.164046	0.0190565	0.0119371	0.0982834	0.0287653	0.0209971	0.00455214	0.0171804
174	0.0860652	0.00587794	0.0304146	0.0138671	0.0111233	0.0314844	0.00861045	0.0137366	0.0128062	0.0113685	0.00860098	0.0299114	0.0127088	0.0132051	0.0124678	0.572727	0.10056	0.0135837	0.00127964	0.00960108
175	0.0224601	0.00336957	0.00569129	0.0161332	0.00702371	0.00393484	0.00636019	0.350949	0.0262678	0.0709714	0.0142027	0.0423176	0.00200786	0.0145314	0.0197747	0.0232481	0.263054	0.0874145	0.0018566	0.0184313
176	0.0199446	0.0656166	0.0042941	0.00557052	0.195509	0.00279054	0.00430187	0.0720531	0.00529482	0.179076	0.0279861	0.00520787	0.00147119	0.015409	0.00409229	0.0217246	0.168863	0.182625	0.00109108	0.0170792
177	0.0295167	0.00426859	0.0545295	0.0350911	0.01757	0.0604674	0.111251	0.0137225	0.0858562	0.0209917	0.0159212	0.335023	0.00545869	0.036078	0.048371	0.057494	0.0341194	0.0158278	0.00266939	0.0157733
178	0.0477974	0.00121521	0.0735584	0.534858	0.00204385	0.0054695	0.0143075	0.00974671	0.0593719	0.0159626	0.0090967	0.0158369	0.0025991	0.118797	0.0308901	0.0231571	0.0206219	0.00821596	0.000323136	0.00613118
179	0.0661215	0.00379107	0.0146117	0.0345951	0.00846929	0.01256	0.0355553	0.123924	0.016267	0.111316	0.0739951	0.0880567	0.00120903	0.0438522	0.0139477	0.13632	0.114537	0.0816393	0.00954849	0.00968419
180	0.00597286	0.00251585	0.00055277	0.00309614	0.0131335	0.000547725	0.000471561	0.127077	0.000848946	0.727664	0.0415018	0.00262609	0.00673316	0.000639225	0.00176444	0.00269867	0.0142058	0.03765	0.000127734	0.0101733
181	0.0087602	0.00294944	0.000806947	0.00351933	0.0168295	0.0011608	0.000813455	0.127119	0.00168389	0.686279	0.0509028	0.00377473	0.00593616	0.0010973	0.0024698	0.00485086	0.016216	0.0520937	0.000977228	0.0117603
182	0.044603	0.0158105	0.0160271	0.00527812	0.097323	0.0153973	0.00645703	0.130648	0.00562641	0.176866	0.0466776	0.121656	0.00159271	0.0211015	0.0323815	0.10715	0.0639065	0.0417482	0.0017556	0.0479933
183	0.0223163	0.00292078	0.00447793	0.00273414	0.0315252	0.000407569	0.00040273	0.269091	0.00346026	0.413497	0.0350092	0.000857945	0.000191546	0.000583177	0.002364	0.00512715	0.0256992	0.166251	0.000208665	0.0128753
184	0.0421003	0.00095148	0.35555	0.130095	0.0214041	0.0210745	0.013129	0.00845937	0.0205594	0.0126256	0.00356574	0.173705	0.000989656	0.0264679	0.033585	0.0807494	0.0279602	0.00813007	0.00119677	0.0177021
185	0.00910145	0.00100518	0.0656799	0.0854727	0.0139661	0.131767	0.0558466	0.00273413	0.0199456	0.0149211	0.020374	0.26835	0.0013199	0.0777912	0.058927	0.104564	0.0622906	0.00300437	0.000708602	0.00223077
186	0.014193	0.041312	0.00420058	0.00421238	0.264561	0.00260544	0.00401195	0.124023	0.00478724	0.170244	0.0357464	0.00436575	0.00114696	0.00960991	0.00379734	0.0152268	0.0956126	0.174466	0.00697028	0.018907
187	0.0142471	0.00737749	0.00552989	0.0350342	0.0622474	0.0036989	0.0560511	0.149876	0.182583	0.0538955	0.00374013	0.0342153	0.00204825	0.0117518	0.111412	0.00971998	0.0362209	0.150721	0.00894174	0.0606878
188	0.129029	0.0131738	0.0334543	0.00812641	0.00236824	0.510707	0.00214517	0.00314168	0.0087516	0.00437753	0.00338079	0.0153178	0.00246717	0.0128825	0.0176774	0.197452	0.0279011	0.00428039	0.000589866	0.00277562
189	0.109691	0.012129	0.016143	0.0222586	0.0217414	0.0124541	0.0152663	0.0880231	0.0239038	0.123918	0.0294783	0.0297873	0.0105988	0.014857	0.0162408	0.0605051	0.170548	0.149782	0.00525616	0.0674187
190	0.0186591	0.0042666	0.00445657	0.00214864	0.0657094	0.000616475	0.000590425	0.268476	0.00383036	0.374359	0.0316836	0.00111288	0.000241621	0.00123427	0.00297121	0.00722135	0.0286994	0.169088	0.000483893	0.0141507
191	0.0024379	0.000453015	0.000963068	0.0020061	0.325526	0.000696585	0.0222635	0.0371189	0.00140438	0.0304587	0.00451454	0.00131252	0.000348794	0.00513591	0.00461097	0.00691746	0.00755602	0.0358775	0.00954863	0.50085
