281	20
1	0.107115	0.00644279	0.143335	0.0144814	0.0892303	0.0103505	0.00765469	0.0133498	0.0166648	0.0173621	0.0586587	0.0566015	0.00694626	0.147883	0.0128768	0.100427	0.0194251	0.112397	0.00300141	0.0557967
2	0.00639813	0.00205616	0.0408753	0.0298455	0.0352963	0.00292011	0.016046	0.164482	0.0967909	0.0625675	0.00378752	0.0621897	0.00176232	0.0452243	0.0419186	0.0368749	0.068089	0.279484	0.00127061	0.00212196
3	0.0121605	0.00235179	0.000469893	0.000595345	0.0171057	0.000972571	0.000876848	0.529339	0.00122086	0.0516719	0.0183172	0.000507525	0.0014613	0.00238365	0.000655874	0.0059876	0.0159589	0.334293	0.00017692	0.0034936
4	0.00810602	0.00251356	0.113683	0.006728	0.00261711	0.00389699	0.00313662	0.004017	0.00640564	0.00668436	0.00384725	0.247166	0.00636386	0.00518953	0.0125482	0.0186568	0.538782	0.00584804	0.00129005	0.00252055
5	0.172536	0.011694	0.026469	0.0407576	0.00686613	0.0174546	0.0104267	0.0107384	0.0164727	0.0363595	0.0497721	0.0152346	0.3612	0.0288409	0.0179418	0.0562931	0.0605789	0.0463053	0.00517456	0.00888423
6	0.0091121	0.00172924	0.00121332	0.0162904	0.377872	0.00104695	0.00257613	0.027452	0.0020134	0.0285092	0.00591601	0.00270957	0.000855602	0.00154503	0.00598935	0.00405188	0.00386486	0.0431377	0.056227	0.407888
7	0.0172323	0.00116185	0.307423	0.155897	0.00099605	0.0134649	0.0231222	0.00140071	0.0171874	0.00412994	0.00176091	0.219781	0.00686464	0.0335147	0.00347158	0.0913342	0.0903765	0.00269805	0.000379947	0.00780308
8	0.114695	0.0304107	0.00987077	0.011673	0.0147462	0.00904414	0.00577009	0.121746	0.0160873	0.0643637	0.0252059	0.00996521	0.0134242	0.00905808	0.0135834	0.0391921	0.0372376	0.440949	0.00290058	0.0100775
9	0.0134786	0.00266751	0.000487961	0.000787187	0.0179058	0.00113545	0.00107949	0.521214	0.00159546	0.0522335	0.0181765	0.000728549	0.00132986	0.00240724	0.000885846	0.00656132	0.0165864	0.336637	0.000274185	0.00382773
10	0.0133394	0.00135	0.423325	0.00988626	0.00156905	0.00187298	0.0024907	0.00246075	0.00367155	0.00364526	0.00204044	0.466761	0.0014526	0.00249936	0.00903253	0.0253714	0.00546656	0.0214487	0.000534876	0.00178159
11	0.0232603	0.00851925	0.00751862	0.0189962	0.243887	0.00902545	0.0319796	0.0289758	0.0201285	0.060611	0.0132531	0.0105883	0.00700066	0.0108097	0.0170836	0.0162262	0.015496	0.0503342	0.0207023	0.385604
12	0.0359123	0.00201116	0.522702	0.192883	0.000658403	0.0142774	0.00817953	0.00762757	0.0310194	0.00868129	0.0171344	0.0705888	0.00582782	0.0227447	0.010377	0.019553	0.00723201	0.0205897	0.000327418	0.00167295
13	0.0299762	0.00109634	0.00826822	0.00900392	0.0029944	0.0154532	0.0141246	0.00575401	0.445793	0.0110994	0.00297193	0.0184807	0.00183832	0.0132443	0.349852	0.0350806	0.0227801	0.00985993	0.000454979	0.00187384
14	0.0145197	0.00277951	0.00157154	0.00215407	0.0143211	0.00179934	0.00149822	0.423322	0.0110603	0.319481	0.0252156	0.00206553	0.00116686	0.00283075	0.0152071	0.0116754	0.00931414	0.134197	0.0017028	0.00411783
15	0.0418662	0.0400251	0.00118782	0.0034635	0.00726022	0.00404326	0.00118312	0.236778	0.0115237	0.155488	0.0392444	0.00706088	0.00249687	0.00146774	0.00294195	0.0179436	0.0577246	0.361374	0.00342005	0.00350736
16	0.166522	0.000384547	0.178717	0.323631	0.00245674	0.0110618	0.000379592	0.000956479	0.0943411	0.00651473	0.000612855	0.0372093	0.00858133	0.0576754	0.0179262	0.053673	0.0322256	0.00388678	0.000208834	0.00303532
17	0.00615982	0.00181572	0.0347672	0.0327942	0.0405031	0.00240577	0.0593004	0.166569	0.00374986	0.226388	0.16413	0.00338553	0.00165452	0.0691275	0.00407859	0.00705155	0.0528845	0.100007	0.000895929	0.0223318
18	0.017557	0.00189047	0.00244013	0.0032055	0.00448985	0.00254943	0.00223588	0.418344	0.0186332	0.362319	0.00518243	0.00307659	0.00167586	0.00329889	0.0261677	0.0171846	0.0050207	0.101767	0.0007781	0.00218352
19	0.166803	0.000355407	0.176704	0.326896	0.00255869	0.0103971	0.000371488	0.000947685	0.0946568	0.00647011	0.000574623	0.0374238	0.00781295	0.058865	0.017553	0.0530771	0.0316621	0.00390611	0.000178345	0.00278657
20	0.0233483	0.00243479	0.00503699	0.060901	0.00616492	0.00538031	0.00626414	0.0241633	0.221475	0.0466288	0.0101942	0.0157889	0.00307217	0.0354581	0.465653	0.0215797	0.0318662	0.00796272	0.00107723	0.00555025
21	0.0191484	0.0141358	0.000751909	0.00107964	0.0675133	0.000816045	0.000938859	0.318601	0.0047587	0.243628	0.104864	0.00102476	0.000510273	0.000893054	0.00839161	0.00642856	0.0309525	0.140335	0.0139586	0.0212694
22	0.0342909	0.00152312	0.0156681	0.128098	0.0033492	0.0103539	0.00678386	0.0018847	0.350379	0.0149429	0.00808346	0.00353908	0.0883768	0.0742614	0.17033	0.0128075	0.049198	0.0126432	0.00317567	0.0103112
23	0.281528	0.00283345	0.025747	0.00629953	0.00368186	0.0046015	0.00530138	0.00535308	0.00696095	0.128153	0.0287997	0.00510153	0.231976	0.00765177	0.0271436	0.0807832	0.0342608	0.108201	0.00210066	0.0035218
24	0.0172804	0.00488899	0.00684472	0.00921694	0.0199685	0.0072778	0.56431	0.0391486	0.012464	0.0123333	0.00906619	0.0502498	0.0826327	0.00893416	0.013059	0.0868014	0.0165129	0.0151436	0.00277313	0.0210942
25	0.00918848	0.0165358	0.00402632	0.00462013	0.0181019	0.00414469	0.15611	0.0334815	0.024067	0.0365384	0.0191419	0.00452208	0.29149	0.0370375	0.138717	0.0404973	0.0368571	0.0735065	0.00172001	0.049696
26	0.0075226	0.00293924	0.00201134	0.00289981	0.317406	0.00239261	0.00390265	0.0294803	0.00296517	0.385231	0.0725014	0.00337583	0.0104977	0.00233121	0.00297604	0.00503729	0.00479385	0.0311839	0.0455568	0.0649956
27	0.0118927	0.00800906	0.000762886	0.0016994	0.0644492	0.000686297	0.000986523	0.236857	0.00359437	0.401444	0.117157	0.00165298	0.000464893	0.00306639	0.00628638	0.0043052	0.0228685	0.0943686	0.00696752	0.0124819
28	0.0201989	0.00106595	0.00422255	0.0557678	0.00508475	0.00616163	0.00390919	0.00739367	0.227004	0.0159242	0.00351558	0.012741	0.0115695	0.0411245	0.522218	0.0130668	0.032125	0.00662467	0.000580461	0.0097023
29	0.043463	0.0102237	0.0174475	0.076284	0.0112445	0.00694252	0.013022	0.102636	0.128842	0.126104	0.0654702	0.0156694	0.00690943	0.0266212	0.201096	0.0365911	0.0541531	0.0386118	0.00424972	0.0144189
30	0.022772	0.00301696	0.0609825	0.0660713	0.00152231	0.438288	0.00861019	0.00253554	0.0997619	0.010678	0.00226575	0.0889917	0.0141232	0.0404353	0.055332	0.0659463	0.012621	0.00377386	0.000750986	0.00152086
31	0.0190056	0.0139164	0.000795126	0.00108511	0.0678873	0.000810704	0.000965551	0.318617	0.00485624	0.242474	0.104986	0.00115453	0.000504418	0.000987658	0.00833743	0.00658742	0.0317779	0.139866	0.0138214	0.0215644
32	0.0876392	0.0098364	0.010339	0.0137997	0.256617	0.0533381	0.0109199	0.0507578	0.0155242	0.0351805	0.0193639	0.0139869	0.00795299	0.0123342	0.0131678	0.0308753	0.0712545	0.255676	0.00513154	0.0263052
33	0.0104913	0.00196185	0.00107646	0.0153975	0.393571	0.0012549	0.00391478	0.0267636	0.00235674	0.028503	0.00688635	0.00279643	0.000910748	0.00152995	0.00634109	0.00420056	0.00424543	0.0476261	0.0223486	0.417823
34	0.530058	0.0701615	0.00245283	0.00272702	0.000920191	0.0261656	0.00176755	0.00692423	0.00311986	0.0115782	0.00294232	0.00359171	0.0115909	0.00790236	0.00259366	0.24505	0.0464553	0.0219571	0.00074937	0.00129246
35	0.0363262	0.0134812	0.0545307	0.0981765	0.0326898	0.0480799	0.220931	0.017976	0.0438923	0.031719	0.0143791	0.0287622	0.00759178	0.182751	0.0163841	0.0329673	0.0879574	0.0222719	0.00234026	0.0067923
36	0.0537474	0.00837634	0.0157836	0.0430237	0.0076113	0.0284902	0.0127223	0.0199165	0.175004	0.0263552	0.0134208	0.0309033	0.00941904	0.0347973	0.295944	0.133452	0.0548426	0.0221844	0.00356517	0.0104407
37	0.0125632	0.00276377	0.382759	0.438664	0.00941288	0.00382962	0.0229378	0.002105	0.0135048	0.0122643	0.0045245	0.014459	0.0130719	0.0260703	0.00379072	0.0129722	0.00458374	0.00431619	0.000547742	0.0148595
38	0.00763394	0.00464191	0.0013885	0.00179232	0.352335	0.00165397	0.00495481	0.0500057	0.00190358	0.392724	0.0618066	0.00217313	0.00525827	0.00153767	0.00205298	0.00359871	0.00385207	0.0488776	0.0143189	0.037491
39	0.0172323	0.00116185	0.307423	0.155897	0.00099605	0.0134649	0.0231222	0.00140071	0.0171874	0.00412994	0.00176091	0.219781	0.00686464	0.0335147	0.00347158	0.0913342	0.0903765	0.00269805	0.000379947	0.00780308
40	0.0895261	0.0122893	0.0282838	0.0749917	0.0114512	0.0065471	0.0487176	0.0261226	0.141933	0.163302	0.031047	0.0362465	0.000680511	0.0783914	0.0884484	0.0660841	0.0363626	0.0365772	0.0128968	0.0101006
41	0.0186582	0.00876779	0.000525853	0.000770801	0.0446589	0.00104799	0.0010392	0.419984	0.00283206	0.168956	0.0658066	0.000741831	0.000548634	0.00120244	0.00483189	0.00561457	0.0220974	0.209091	0.00745613	0.0153686
42	0.0250362	0.0152482	0.00292956	0.00420498	0.0339602	0.00275543	0.00400607	0.166688	0.00725116	0.3977	0.121649	0.00564476	0.00134723	0.0075683	0.00661017	0.0167937	0.0256748	0.14219	0.00396073	0.00878151
43	0.0236018	0.00141714	0.238198	0.0702629	0.00177682	0.0165444	0.016929	0.00617055	0.060704	0.0103166	0.00194675	0.196993	0.00276918	0.0281957	0.0152265	0.0974291	0.200187	0.00755247	0.000485718	0.00329264
44	0.109616	0.0185961	0.0281435	0.0440419	0.0110596	0.00812525	0.0548764	0.0313009	0.0758007	0.189748	0.0334442	0.0354379	0.000862963	0.0514671	0.108314	0.081645	0.0403278	0.0469989	0.0132395	0.0169545
45	0.0290416	0.0102548	0.00335089	0.00825687	0.0600188	0.0221215	0.186919	0.0352895	0.0644869	0.0429066	0.00724038	0.00487341	0.022914	0.0268687	0.0312291	0.0118097	0.0246129	0.0694708	0.0368638	0.301471
46	0.00656762	0.00164635	0.0329445	0.0257399	0.00135693	0.305168	0.0269211	0.00244425	0.228201	0.0121308	0.00214154	0.128724	0.0720911	0.031067	0.04332	0.0517131	0.0222882	0.0033554	0.00062369	0.00155472
47	0.0768287	0.00887856	0.028161	0.193754	0.00315455	0.0105001	0.0279672	0.0145634	0.260311	0.0586266	0.0119815	0.0318344	0.000865615	0.129887	0.0748579	0.0303098	0.0256218	0.00783585	0.0018472	0.00221313
48	0.00686668	0.00211009	0.0370935	0.0287674	0.00400478	0.191044	0.0227554	0.00330815	0.236276	0.0117226	0.0033465	0.128189	0.142923	0.0313091	0.0494396	0.0612949	0.0294724	0.00495975	0.000938477	0.00417856
49	0.0869869	0.0121138	0.00777141	0.0100289	0.187348	0.00845871	0.0531244	0.159135	0.0134069	0.0334906	0.0547871	0.0137096	0.00609867	0.0495483	0.0120737	0.0659821	0.0227205	0.0834913	0.100249	0.019475
50	0.0481616	0.00508296	0.0011785	0.00628379	0.396299	0.00504932	0.0118726	0.0266211	0.00343286	0.0737516	0.0273572	0.00760041	0.00335134	0.00260548	0.00403561	0.0120124	0.0161782	0.0552336	0.00943227	0.28446
51	0.00944641	0.00573693	0.000676536	0.0022033	0.0400129	0.000729792	0.000876562	0.228843	0.00350581	0.453257	0.128105	0.00204393	0.000461232	0.00391265	0.00589276	0.00386923	0.0143431	0.0839859	0.0045357	0.00756239
52	0.0359512	0.0139651	0.0076025	0.0158657	0.152398	0.011814	0.0284924	0.0514824	0.0238223	0.14234	0.0315151	0.0158633	0.0104901	0.0162939	0.0146637	0.0296404	0.0668275	0.0971014	0.0106325	0.223238
53	0.0272738	0.00861996	0.0422216	0.0238085	0.00710791	0.0160404	0.00814215	0.0177897	0.0552123	0.0202528	0.0108292	0.1788	0.0118072	0.0179124	0.0804035	0.0784106	0.363873	0.0230578	0.00262559	0.005812
54	0.0893866	0.00112793	0.00350899	0.00342655	0.00211596	0.826157	0.00253914	0.00227926	0.00852978	0.00370681	0.00231033	0.00883866	0.00298779	0.00420675	0.00798406	0.0128293	0.00482503	0.010626	0.000803255	0.00181114
55	0.0511797	0.0119754	0.0195563	0.0254386	0.0176681	0.083434	0.0148578	0.123082	0.0512534	0.0431525	0.0229766	0.0277838	0.0121997	0.0234425	0.202955	0.0582575	0.0483849	0.141398	0.00510662	0.0158975
56	0.0900276	0.000839869	0.00309012	0.00319345	0.00117721	0.855371	0.00110772	0.00155555	0.00284755	0.00288817	0.00179664	0.00569755	0.00116011	0.00248129	0.00241504	0.00938257	0.00314667	0.0099513	0.000577663	0.00129308
57	0.204182	0.0154949	0.020546	0.0458368	0.00291835	0.0198462	0.00647309	0.00462169	0.00796972	0.0244062	0.0114654	0.0121796	0.382186	0.0233657	0.00659889	0.101045	0.0642988	0.038642	0.00201583	0.00590783
58	0.0601488	0.0139441	0.0189664	0.0351905	0.0068726	0.0308598	0.0113654	0.0213693	0.0782422	0.0252236	0.017915	0.0386844	0.0167063	0.0217741	0.126535	0.346828	0.0901507	0.0268502	0.00257062	0.00980294
59	0.0354517	0.0101201	0.0362985	0.0356394	0.00177756	0.0578407	0.00775208	0.00693723	0.0694146	0.0105653	0.00736388	0.0280626	0.00592445	0.00924328	0.087956	0.329239	0.243176	0.00890466	0.0011485	0.00718464
60	0.037484	0.00337201	0.171458	0.113672	0.00222601	0.319331	0.00253106	0.00360574	0.0510391	0.0188792	0.00319766	0.0619156	0.00214335	0.0530044	0.0381436	0.0892964	0.0195177	0.00572857	0.0012881	0.00216666
61	0.227669	0.0143631	0.0158875	0.0037451	0.00166454	0.0366167	0.014112	0.00271116	0.0146053	0.0055641	0.0148058	0.00514414	0.0943387	0.00279898	0.014029	0.446336	0.0493799	0.0340735	0.000525391	0.00163037
62	0.00577464	0.00282925	0.0013914	0.00324166	0.0193723	0.00119857	0.00163937	0.094987	0.00325674	0.570492	0.180964	0.00435926	0.0008014	0.00991387	0.00440999	0.00711003	0.0201588	0.0658804	0.000309336	0.00190913
63	0.0198239	0.00616937	0.0146179	0.0191428	0.0318883	0.0145752	0.581683	0.0199221	0.0174029	0.0191339	0.0107909	0.0306964	0.0265805	0.0570435	0.0121009	0.0347534	0.0203948	0.0175015	0.00333873	0.0424401
64	0.00373294	0.000499635	0.000560634	0.00316498	0.0240666	0.00056137	0.000504032	0.141032	0.00317323	0.586261	0.166855	0.00296462	0.000366713	0.00608431	0.00536986	0.00214031	0.00441685	0.0464079	0.000131196	0.00170737
65	0.0856378	0.00158056	0.00260865	0.00366324	0.00126584	0.848422	0.00194076	0.00291418	0.00511626	0.00316418	0.00181578	0.00767884	0.00167837	0.00317237	0.00382832	0.0101291	0.00350112	0.0099282	0.000563011	0.00139116
66	0.0209438	0.0068344	0.0130078	0.0179667	0.0285383	0.00978169	0.566612	0.0180677	0.0207832	0.0199925	0.0121426	0.0318336	0.0308859	0.058056	0.0168008	0.0398539	0.0247681	0.0168011	0.0029741	0.0433558
67	0.0358287	0.0422363	0.00134892	0.00170358	0.0217362	0.00379084	0.00168741	0.139379	0.00365086	0.312024	0.108825	0.00766463	0.00142688	0.00345016	0.0028232	0.0148393	0.0482253	0.236356	0.00576196	0.00724131
68	0.0120144	0.00237631	0.000444555	0.000568561	0.0171951	0.000969942	0.000817837	0.536473	0.00137012	0.0529515	0.0191836	0.000491613	0.00084053	0.00251911	0.00061924	0.0056025	0.0161737	0.325738	0.000149029	0.00350153
69	0.0510458	0.0066714	0.0196794	0.0246043	0.0106633	0.0129273	0.0159232	0.025793	0.0351916	0.0855914	0.0202373	0.0104994	0.313141	0.0620222	0.02109	0.0740294	0.0370689	0.153172	0.00335199	0.0172973
70	0.0123453	0.00467868	0.00291571	0.00470429	0.294788	0.00345237	0.0055313	0.0327488	0.00454475	0.327064	0.0621204	0.0046737	0.00965844	0.00363139	0.00402558	0.0117646	0.0123431	0.0363295	0.081037	0.0816431
71	0.00581236	0.00157073	0.0352142	0.0311057	0.0366788	0.00236088	0.055058	0.187354	0.00317249	0.198829	0.185179	0.00282658	0.00172737	0.0660667	0.00348922	0.00610754	0.0517584	0.0995447	0.000724815	0.0254196
72	0.0164424	0.0132532	0.0010075	0.00140256	0.263383	0.00173137	0.00382135	0.123225	0.00235664	0.339605	0.0758066	0.00258726	0.00273837	0.00122961	0.00319264	0.00491457	0.0130379	0.0934008	0.00932776	0.0275368
73	0.12401	0.123924	0.00546552	0.00767661	0.00594346	0.016781	0.00640494	0.0423414	0.00803421	0.0699195	0.015227	0.0797248	0.0124225	0.0204394	0.0152757	0.120672	0.217139	0.10156	0.00235784	0.00468132
74	0.151286	0.0024934	0.00745449	0.0255273	0.00378901	0.0117294	0.00418872	0.00702994	0.390702	0.0106147	0.00744624	0.0126774	0.00372185	0.0867797	0.204672	0.0397008	0.0111081	0.00936216	0.00150583	0.00821153
75	0.0786733	0.0735777	0.00209674	0.00280444	0.0020004	0.00233426	0.00170641	0.0709678	0.00357902	0.0340466	0.00541599	0.00289559	0.00903583	0.00277758	0.00293374	0.0303141	0.00886591	0.662828	0.000731591	0.00241516
76	0.0255894	0.00458453	0.0508757	0.0558826	0.0379953	0.0187889	0.0172941	0.00815757	0.0808208	0.0269677	0.0108191	0.0487052	0.336712	0.025505	0.0853813	0.0402815	0.0591582	0.0195468	0.00359142	0.0433425
77	0.0624644	0.0364597	0.00209342	0.00451055	0.0123703	0.00470383	0.00251284	0.134904	0.00863847	0.177546	0.059309	0.00800256	0.00336361	0.00263565	0.00513233	0.0303237	0.0371564	0.389604	0.00457676	0.0136936
78	0.0444617	0.0298649	0.00132874	0.00187842	0.0586793	0.00352391	0.00804055	0.3235	0.00594789	0.12971	0.0522639	0.0061058	0.00147316	0.00439644	0.00666843	0.0180984	0.0245773	0.235435	0.0100267	0.0340186
79	0.0277542	0.0055285	0.00109543	0.0012933	0.0398245	0.00285628	0.00463083	0.479344	0.00268656	0.0524538	0.0194646	0.00279636	0.00109496	0.00357248	0.00249136	0.0141061	0.0172314	0.31149	0.00251259	0.00777342
80	0.0229443	0.00524956	0.0217047	0.213357	0.00734953	0.00801529	0.00888684	0.00940358	0.0214517	0.0137496	0.101131	0.0118299	0.0840018	0.366489	0.0144758	0.0211557	0.0326711	0.0271957	0.00292719	0.00601045
81	0.00375303	0.000493457	0.000561684	0.00317407	0.0239027	0.000569113	0.000510517	0.140083	0.00320936	0.58577	0.168275	0.00301983	0.000370099	0.00609882	0.00543456	0.00215447	0.00440516	0.0463657	0.000130066	0.0017196
82	0.0432899	0.0100625	0.0229946	0.0115003	0.0030795	0.0160513	0.0058809	0.0263593	0.0100831	0.0127672	0.00808931	0.0210206	0.0378259	0.00894571	0.00967298	0.465617	0.266955	0.0138637	0.00170305	0.00423852
83	0.0414805	0.00967309	0.0836664	0.0374078	0.0165779	0.0322436	0.181028	0.0191533	0.0442651	0.0310292	0.0132545	0.236576	0.0230894	0.0267267	0.0308569	0.0723662	0.049477	0.0280144	0.00420508	0.0189091
84	0.496345	0.0286113	0.00200106	0.00264226	0.00161484	0.012076	0.00146131	0.233676	0.00304976	0.031231	0.031986	0.00299405	0.00128579	0.00251943	0.00273726	0.0677876	0.0258994	0.0498907	0.000675287	0.00151592
85	0.0187341	0.00135624	0.00420543	0.014749	0.01275	0.00681787	0.00611993	0.00746278	0.488397	0.0541708	0.00399274	0.0279838	0.00233938	0.0111418	0.282972	0.0306569	0.0154697	0.00736596	0.00104591	0.00226855
86	0.0334988	0.0117155	0.389903	0.144238	0.0149565	0.0156301	0.020035	0.0143836	0.0347527	0.0200508	0.0134055	0.0513086	0.0198612	0.0313902	0.0209605	0.036835	0.0290758	0.0272325	0.00383121	0.0669351
87	0.0130467	0.00334751	0.000454661	0.000667906	0.020389	0.00105548	0.00093184	0.525934	0.00151764	0.0638143	0.0223371	0.000611615	0.000812243	0.00236006	0.000959722	0.00587037	0.016757	0.313858	0.000743935	0.00453101
88	0.0466359	0.00847301	0.00119105	0.00407682	0.0160566	0.00201524	0.00192213	0.402929	0.00800373	0.0949698	0.0301679	0.00242073	0.00112124	0.00203045	0.00414626	0.0100675	0.0215923	0.334947	0.0018305	0.00540234
89	0.364747	0.0505218	0.00869054	0.00408096	0.000808077	0.0264322	0.00173846	0.00384753	0.00380331	0.00888959	0.00545827	0.00828688	0.0162946	0.00671447	0.00427753	0.368394	0.09931	0.0156759	0.000383029	0.00164552
90	0.0334256	0.0383255	0.000913529	0.00130213	0.044909	0.00258928	0.000836539	0.212132	0.00329553	0.268194	0.094882	0.004527	0.00150565	0.00100399	0.00436988	0.0103285	0.0330391	0.22349	0.00834595	0.0125854
91	0.0648007	0.00304443	0.0188625	0.0169821	0.00453591	0.667861	0.00680262	0.00580997	0.0428215	0.00875925	0.00460594	0.0516238	0.01151	0.0129975	0.018835	0.0314972	0.0125734	0.0122782	0.00121252	0.00258637
92	0.0319439	0.00604649	0.00586463	0.00932546	0.353341	0.00880421	0.0100976	0.0646599	0.00762206	0.114438	0.0310093	0.00821652	0.00475399	0.00675128	0.00840147	0.0185091	0.0226126	0.10125	0.0137513	0.1726
93	0.0110686	0.00218109	0.275788	0.0344054	0.00599275	0.00502412	0.00375491	0.0365019	0.17206	0.00783184	0.00538308	0.209517	0.00261771	0.0187964	0.0394781	0.0810592	0.0732312	0.0101031	0.00246274	0.00274285
94	0.00614826	0.00173783	0.00306442	0.028829	0.00219172	0.00270487	0.00212119	0.0846334	0.0431546	0.0607509	0.0378877	0.00317461	0.450169	0.00623174	0.0162005	0.0215363	0.0055085	0.220934	0.000849102	0.00217174
95	0.0708818	0.000742464	0.101135	0.245798	0.00273267	0.00476229	0.00103818	0.005638	0.277663	0.00247951	0.0016221	0.0983919	0.00109206	0.0290329	0.0248745	0.0628728	0.0588923	0.00901361	0.000389808	0.00094756
96	0.0118087	0.00119003	0.00328075	0.00407333	0.00676312	0.00438351	0.0037457	0.00441084	0.620496	0.0545163	0.00296274	0.0477474	0.0021659	0.00411946	0.19559	0.0157578	0.00910913	0.00499499	0.00113376	0.00174994
97	0.0514869	0.0231676	0.0215292	0.0229185	0.0273358	0.0141657	0.0137176	0.0548749	0.0283877	0.177627	0.044101	0.0364666	0.0297341	0.0252274	0.0227419	0.0789747	0.237771	0.0634662	0.00728379	0.0190223
98	0.0270723	0.0150231	0.00201488	0.0129642	0.181217	0.0124844	0.0892344	0.0186196	0.044376	0.0854841	0.0114727	0.00804157	0.00649741	0.0166477	0.0231775	0.0115329	0.0138209	0.04898	0.0174382	0.353901
99	0.0094849	0.00524665	0.00196652	0.0032764	0.0431953	0.000672042	0.00239436	0.224696	0.00386601	0.424709	0.152658	0.00204289	0.000656906	0.00598514	0.00634759	0.0038095	0.0160814	0.0777004	0.00547047	0.0097409
100	0.0249677	0.00546131	0.00152109	0.00948429	0.348108	0.00275559	0.00694401	0.0829644	0.00359669	0.0816964	0.0244471	0.00563323	0.0021049	0.00237793	0.00583108	0.00842062	0.0116193	0.0736777	0.0165631	0.281826
101	0.0873352	0.0395016	0.00478813	0.00597234	0.00742377	0.025198	0.00546795	0.138192	0.00681677	0.0670589	0.0321881	0.0951172	0.00364942	0.0346134	0.0443949	0.137456	0.174772	0.0846547	0.00188609	0.00351257
102	0.0128972	0.00136942	0.424306	0.00993607	0.00149238	0.00186481	0.00241284	0.00209304	0.00267397	0.00359261	0.00198562	0.468637	0.00143499	0.00232993	0.00868549	0.0254002	0.00502125	0.021535	0.000540189	0.0017923
103	0.0114787	0.00316373	0.00466423	0.00544797	0.231113	0.00458628	0.00443192	0.0481755	0.00689257	0.134389	0.0458239	0.00569138	0.00330091	0.00595226	0.00587286	0.164189	0.183582	0.0717253	0.0234902	0.0360292
104	0.00382641	0.000681164	0.000616866	0.0030377	0.0426294	0.000641553	0.0006962	0.136089	0.00312055	0.574496	0.161307	0.00288815	0.00072217	0.00564093	0.00562947	0.00226027	0.00435094	0.0450432	0.0013669	0.00495659
105	0.0213918	0.00713351	0.0035825	0.0375246	0.194998	0.00576166	0.0258424	0.0265164	0.0561454	0.184874	0.0103115	0.0504496	0.00367875	0.0108547	0.0162754	0.0118645	0.0204614	0.0293029	0.00786805	0.275163
106	0.0308095	0.00253416	0.0167606	0.179011	0.0062881	0.00521902	0.0140788	0.00153513	0.284437	0.0251073	0.0148267	0.00142904	0.0596517	0.0842867	0.198034	0.0204084	0.0317858	0.0121714	0.00653821	0.00508764
107	0.0594531	0.014717	0.00634415	0.00889677	0.0332508	0.0109323	0.00527795	0.135372	0.00933965	0.0809485	0.0478999	0.118739	0.00430255	0.0433576	0.0171134	0.0393811	0.298149	0.0597422	0.00230717	0.00447674
108	0.104314	0.00333465	0.00340366	0.00489948	0.00429095	0.00395211	0.0033518	0.132636	0.00603217	0.0128484	0.139069	0.00431828	0.0029336	0.00466083	0.00496725	0.0728835	0.0410617	0.445343	0.0012655	0.00443357
109	0.048393	0.0659885	0.00130671	0.00199308	0.00835533	0.00763249	0.00115744	0.125674	0.00476824	0.23217	0.0641614	0.0145006	0.0025127	0.00170014	0.00204574	0.0238433	0.0642099	0.318377	0.00686901	0.00434053
110	0.0300309	0.00185986	0.0122137	0.140058	0.00501407	0.00545718	0.00987625	0.00345715	0.311757	0.0242971	0.00989149	0.00395813	0.0387958	0.0828696	0.250562	0.01816	0.0327287	0.009821	0.0035468	0.00564393
111	0.0119716	0.00233643	0.000434685	0.000571762	0.0173678	0.000969585	0.000818215	0.538519	0.00121356	0.052452	0.0189271	0.000488112	0.000835783	0.0024618	0.000623354	0.00563719	0.0160254	0.3247	0.000145829	0.00350042
112	0.308307	0.00337852	0.0321996	0.107051	0.00350937	0.141782	0.00408915	0.00594453	0.0124879	0.0330969	0.00582597	0.00681412	0.00420513	0.0578862	0.05393	0.150088	0.00966373	0.00883703	0.0474907	0.00341381
113	0.0254551	0.000814872	0.00563946	0.00850003	0.00255596	0.0178996	0.0126395	0.0054859	0.456495	0.00869867	0.00317853	0.0200863	0.00118087	0.0141909	0.341668	0.0405658	0.0222366	0.0109921	0.000382137	0.0013346
114	0.1013	0.0215682	0.0284245	0.0436106	0.0129055	0.00728866	0.0614776	0.0283231	0.0771585	0.185122	0.0362219	0.0347724	0.00102327	0.0514422	0.106246	0.0863126	0.044955	0.0447491	0.012262	0.0148371
115	0.0162902	0.006316	0.00048326	0.000616349	0.0321493	0.00102474	0.000906597	0.469266	0.00220575	0.115042	0.0420469	0.000681488	0.000731788	0.00166123	0.0028646	0.00583289	0.0191197	0.26828	0.00380542	0.0106757
116	0.0157062	0.00286345	0.0220647	0.0104296	0.00362034	0.00709485	0.00473552	0.0056308	0.00803544	0.00789671	0.00552041	0.359919	0.0253954	0.00702602	0.0386909	0.103491	0.357375	0.00926296	0.00158062	0.00366144
117	0.0497554	0.0106589	0.00114452	0.00602655	0.316438	0.0086355	0.020987	0.0323378	0.00857211	0.147334	0.0352256	0.0155067	0.00647985	0.00467198	0.0048472	0.0149136	0.0226261	0.0573593	0.0110554	0.225425
118	0.0485816	0.00431163	0.00789922	0.0111583	0.00459428	0.00709281	0.00631791	0.00776932	0.0120765	0.0116853	0.00636007	0.408926	0.00988868	0.00844784	0.0480883	0.350066	0.0272906	0.0123478	0.001967	0.00513069
119	0.0657092	0.00385866	0.0332539	0.150544	0.00354538	0.00733677	0.0110117	0.00641976	0.0801113	0.011427	0.0442636	0.0533319	0.00563598	0.269948	0.0149352	0.041383	0.141687	0.049445	0.00179581	0.00435707
120	0.489823	0.00640121	0.00302317	0.00414051	0.00220044	0.00457919	0.00182614	0.0758932	0.00462911	0.0679539	0.0237197	0.00320373	0.0032112	0.00301967	0.00424546	0.0577312	0.0483046	0.193029	0.000967542	0.00209777
121	0.0169712	0.00125853	0.0030005	0.0182301	0.00210227	0.00901988	0.0124639	0.0225892	0.37321	0.00925199	0.0108767	0.0263497	0.00193893	0.0597217	0.341345	0.0442217	0.0267711	0.0177649	0.000567744	0.002345
122	0.433509	0.00390052	0.00539628	0.00837874	0.00431476	0.137103	0.0298439	0.00625883	0.0587027	0.00922967	0.00636618	0.107439	0.00468385	0.0333565	0.0077226	0.117346	0.0106249	0.0100881	0.00171215	0.00402272
123	0.0555724	0.0665479	0.00442671	0.00555206	0.00465011	0.00598391	0.00285478	0.13011	0.0108495	0.0643215	0.0196837	0.0134105	0.00752879	0.0063747	0.00646345	0.0415598	0.168201	0.379466	0.00281164	0.00363048
124	0.0207687	0.00469982	0.00147301	0.00911997	0.337126	0.00308017	0.0116992	0.0355825	0.0112844	0.20465	0.0383051	0.00767645	0.00444497	0.00346513	0.00595718	0.00764061	0.0121568	0.043976	0.0221265	0.214767
125	0.0848417	0.00112129	0.00531427	0.00633532	0.00169886	0.824564	0.00213417	0.00277089	0.00949394	0.0048029	0.00277263	0.00996128	0.00333727	0.00497939	0.00613957	0.0130743	0.00385494	0.0104769	0.000627103	0.00169891
126	0.0117803	0.00591482	0.00488319	0.00490298	0.276906	0.00220913	0.0149789	0.100883	0.00474093	0.347974	0.069178	0.00355962	0.00327745	0.00881967	0.00383082	0.00528911	0.013651	0.0665287	0.00882916	0.0418631
127	0.0363551	0.00238659	0.127546	0.0300274	0.00105127	0.043583	0.0123798	0.00962665	0.0551604	0.00636894	0.00175798	0.153692	0.00111068	0.0315679	0.00902846	0.182203	0.278469	0.0150703	0.000346844	0.00226963
128	0.0362979	0.0387144	0.00110777	0.00278898	0.00969136	0.00280928	0.00106908	0.270625	0.00757718	0.125341	0.0351019	0.00466762	0.00630649	0.00197554	0.00222473	0.0142555	0.0350119	0.398491	0.00209818	0.00384534
129	0.0902724	0.00123223	0.00315079	0.00283884	0.00118225	0.850667	0.00136689	0.00176432	0.00290328	0.00268575	0.00201579	0.00670233	0.00116896	0.00238871	0.00233307	0.00923389	0.00589623	0.00967755	0.000647158	0.00187272
130	0.0555113	0.00620117	0.0116294	0.0474973	0.00718592	0.00527558	0.0151002	0.0612262	0.193197	0.117489	0.130104	0.015934	0.00345454	0.12	0.0827669	0.0521246	0.020182	0.0185163	0.00604444	0.0305601
131	0.10165	0.0196779	0.00181018	0.00210217	0.0784282	0.00585344	0.0231756	0.290581	0.00867464	0.046437	0.0287094	0.0152817	0.00113802	0.0119929	0.00831994	0.0408811	0.0216649	0.25244	0.0214082	0.0197746
132	0.158011	0.00303124	0.00517715	0.00612568	0.149657	0.184841	0.0319244	0.00574158	0.00757922	0.0323958	0.0515741	0.00590066	0.0042508	0.00634324	0.00710635	0.201004	0.0770988	0.0336041	0.00151431	0.0271192
133	0.0102996	0.00173199	0.00110925	0.0154266	0.397611	0.000978106	0.00255296	0.0268974	0.00203272	0.0262637	0.00673776	0.00263796	0.000798172	0.00140705	0.00620819	0.00423376	0.00402718	0.0463144	0.0228629	0.41987
134	0.144115	0.0239502	0.0171152	0.0508878	0.00141884	0.0218786	0.00549109	0.00763494	0.00344402	0.0201778	0.00841647	0.0147158	0.470844	0.0261447	0.00240402	0.0363345	0.106214	0.0301261	0.00323515	0.00545143
135	0.277994	0.0244006	0.00645753	0.00166761	0.000926255	0.0229284	0.00445113	0.00171178	0.00410412	0.00244124	0.00451792	0.00161422	0.168054	0.00170315	0.00390779	0.391495	0.0265245	0.0535919	0.000389599	0.0011195
136	0.0525231	0.0186791	0.00287053	0.00918504	0.00289753	0.00360693	0.00122049	0.232704	0.0300841	0.105901	0.0271065	0.00489259	0.00185695	0.00143187	0.00777183	0.012453	0.0530386	0.428436	0.00126786	0.00207338
137	0.0512893	0.0026676	0.107716	0.394213	0.00878111	0.00712391	0.0162271	0.00576046	0.0701715	0.0227355	0.0205837	0.0174721	0.0178826	0.149549	0.0241933	0.0277943	0.0284664	0.0160516	0.0021556	0.00916604
138	0.495841	0.0286344	0.00200302	0.00263664	0.00169733	0.0120798	0.0014895	0.233634	0.00306436	0.0310445	0.0318481	0.00298091	0.00128444	0.00243803	0.00275945	0.0678505	0.0258191	0.0506252	0.000688037	0.00158161
139	0.510129	0.0155479	0.00340179	0.00434764	0.00266808	0.00627277	0.00282475	0.0213941	0.00490649	0.0456232	0.010394	0.00455467	0.00356172	0.00524124	0.00456755	0.106243	0.0934554	0.151812	0.000839097	0.00221523
140	0.135912	0.0121993	0.0269588	0.0388577	0.00423882	0.0164566	0.0715307	0.00934242	0.014558	0.0212558	0.00848925	0.0076662	0.317544	0.0114392	0.00899673	0.127218	0.0926531	0.0608126	0.0034788	0.0103918
141	0.53033	0.102273	0.0012217	0.00145752	0.00092047	0.0208668	0.00111987	0.00756387	0.00188328	0.0164239	0.00163683	0.00175769	0.00125397	0.0103331	0.00171854	0.219875	0.0582552	0.0199172	0.00036936	0.000823936
142	0.0107577	0.00726028	0.000985878	0.00169049	0.23384	0.00115517	0.00346073	0.143541	0.0025031	0.367852	0.0897401	0.0017727	0.00274556	0.00182961	0.00390205	0.00370938	0.0113021	0.0719768	0.0100964	0.0298786
143	0.276529	0.025176	0.0069148	0.00161523	0.000971409	0.0273348	0.00442179	0.00162508	0.00417211	0.00235551	0.00482677	0.00175117	0.162872	0.0016685	0.00404225	0.395465	0.0260614	0.0507493	0.000377385	0.00107048
144	0.0434871	0.00813088	0.0442454	0.0142885	0.000856826	0.017662	0.00179058	0.00343499	0.0057401	0.0053409	0.00538399	0.0488187	0.00856295	0.0122894	0.00474547	0.488323	0.277012	0.00800388	0.000329187	0.00155396
145	0.0536345	0.0362915	0.00534078	0.00300057	0.00115558	0.0343261	0.00145475	0.00216509	0.00284123	0.00571136	0.0201654	0.0103235	0.00359563	0.00303719	0.00346231	0.684789	0.11102	0.00913566	0.000584617	0.00796458
146	0.0269539	0.00493396	0.0010826	0.00916529	0.379387	0.00339545	0.0110559	0.0336897	0.00762348	0.12602	0.0253038	0.00745968	0.00277462	0.00273081	0.00530576	0.00792021	0.0118976	0.0487375	0.0133238	0.271239
147	0.0601389	0.00633514	0.14525	0.0520216	0.0137552	0.0205153	0.0179759	0.0115911	0.0783462	0.0377758	0.0175859	0.0173689	0.217466	0.0860293	0.020712	0.0429571	0.0465548	0.0842247	0.0043644	0.0190316
148	0.0409681	0.0193991	0.0900246	0.0934485	0.0580581	0.0277745	0.226688	0.0201236	0.0411535	0.0380516	0.00600809	0.0380566	0.00227705	0.150156	0.00582638	0.0274208	0.0879466	0.0228649	0.00112532	0.00262889
149	0.260619	0.0664848	0.0062456	0.00382561	0.001956	0.0336526	0.00494832	0.00492563	0.00545138	0.0106556	0.00599017	0.00694832	0.122104	0.00586631	0.00530964	0.330562	0.0516317	0.0704536	0.00080295	0.00156706
150	0.00458202	0.000763349	0.00380516	0.00564421	0.0314547	0.000810437	0.0066617	0.150017	0.00320761	0.542794	0.156505	0.00301704	0.000529462	0.0143683	0.00503429	0.00271325	0.0099548	0.0529069	0.00106925	0.00416081
151	0.0154182	0.00492007	0.000702992	0.00114398	0.0159996	0.00122842	0.000808351	0.499984	0.00239902	0.0503768	0.0181905	0.000843659	0.00163511	0.00243388	0.00117792	0.0066292	0.0163432	0.356086	0.00023111	0.00344866
152	0.168926	0.013834	0.0221005	0.0523305	0.00268379	0.0240502	0.0111011	0.00407037	0.00799678	0.0211261	0.0112086	0.0134909	0.429675	0.0261447	0.00527474	0.0683195	0.0742366	0.0341524	0.00225063	0.00702852
153	0.117179	0.209849	0.0102241	0.0148336	0.00799411	0.00939057	0.0877279	0.0914051	0.0158239	0.0649216	0.0505866	0.0148309	0.00665414	0.113914	0.0161295	0.0685434	0.0655474	0.0218912	0.00393882	0.00861437
154	0.0916163	0.000779078	0.00138299	0.00196794	0.00116039	0.861482	0.00119982	0.0015581	0.00213691	0.00257881	0.00181099	0.00539364	0.00105389	0.00195646	0.00191295	0.00803477	0.00263014	0.00962254	0.000507746	0.00121468
155	0.0169315	0.00371529	0.000828683	0.00150915	0.0162928	0.00140207	0.00121993	0.506639	0.00351473	0.0539023	0.0189881	0.0014648	0.00108136	0.00253205	0.00181213	0.00685703	0.0195398	0.337763	0.000368161	0.00363869
156	0.0271248	0.00724526	0.379764	0.276896	0.0127614	0.00835371	0.0200316	0.00745898	0.0238235	0.0148157	0.00851088	0.0468982	0.0130816	0.0295309	0.0106704	0.0322682	0.0238654	0.0122204	0.00154354	0.0431353
157	0.0480594	0.0110023	0.0312027	0.0798151	0.0134164	0.0193746	0.0728465	0.0205525	0.066344	0.0335744	0.0359306	0.0201351	0.02035	0.333433	0.0611457	0.0419503	0.0425761	0.0307832	0.00424644	0.0132619
158	0.0379835	0.00346091	0.450934	0.239457	0.00405846	0.0170486	0.0125499	0.00518353	0.0332331	0.012427	0.00920699	0.0589127	0.00913126	0.027992	0.00958822	0.0294717	0.0180787	0.0130201	0.000458132	0.007804
159	0.110461	0.0121557	0.0240858	0.049352	0.00637028	0.0214437	0.0132605	0.0152078	0.025664	0.0284955	0.0159952	0.0159004	0.440937	0.0274414	0.0182766	0.0478432	0.063328	0.0489913	0.00412236	0.010668
160	0.00503435	0.00174315	0.00128266	0.00348442	0.0199156	0.000906073	0.00177011	0.11304	0.00329513	0.574392	0.176567	0.00324721	0.000623442	0.011988	0.00475091	0.00345191	0.0109744	0.0615653	0.000208511	0.00175988
161	0.382663	0.130229	0.00267747	0.00368847	0.00202455	0.0260958	0.00315293	0.0104616	0.00418973	0.0340753	0.00496593	0.0136315	0.00419138	0.0222269	0.0039546	0.195247	0.110599	0.0426995	0.000913814	0.00231133
162	0.0379229	0.00551135	0.0113397	0.0475771	0.00922112	0.0142809	0.0111469	0.0148793	0.176934	0.0266847	0.0109806	0.0235559	0.0101853	0.0417081	0.45115	0.0412026	0.0337197	0.0187976	0.00256618	0.010636
163	0.10042	0.00208295	0.341752	0.282571	0.00271503	0.0103455	0.00488228	0.00253201	0.0637409	0.00921253	0.00530393	0.0408022	0.00773982	0.0393486	0.0129227	0.0375914	0.0226346	0.0080216	0.000402766	0.00497795
164	0.0991299	0.0194559	0.00233081	0.00379214	0.0633281	0.00589126	0.0205901	0.279277	0.0133061	0.0502912	0.0229689	0.0156248	0.0011702	0.00923509	0.0109167	0.0386538	0.0213565	0.290517	0.0152769	0.0168877
165	0.542829	0.0972921	0.00146783	0.00163887	0.000901559	0.0209327	0.000965439	0.00607107	0.00192714	0.0149537	0.00153245	0.00143846	0.00130671	0.0108486	0.00159985	0.217623	0.0569097	0.0183747	0.000396721	0.000990696
166	0.105583	0.00303736	0.0871189	0.121989	0.00440725	0.0343437	0.0937636	0.0050328	0.0312477	0.00959617	0.00544643	0.00561054	0.274135	0.00940925	0.00778365	0.0987238	0.0612857	0.0141477	0.0020036	0.025334
167	0.0421107	0.00124815	0.00492038	0.0219147	0.0018972	0.0267996	0.00991628	0.00699231	0.393611	0.00585109	0.00471457	0.0193763	0.0014483	0.0184378	0.340593	0.0560607	0.0229981	0.0149064	0.000466802	0.00573669
168	0.00512503	0.000626045	0.000685959	0.00438312	0.02323	0.000722071	0.000735791	0.143544	0.00428691	0.578147	0.168858	0.00305363	0.000536806	0.00618645	0.00534721	0.00252616	0.00478095	0.045062	0.000338006	0.00182541
169	0.00655254	0.00164693	0.0331371	0.0258328	0.00136283	0.304233	0.0268833	0.00243653	0.228539	0.0121515	0.00214466	0.128727	0.0723512	0.0309747	0.043311	0.0518061	0.0223167	0.00341669	0.00062019	0.0015566
170	0.031252	0.0216306	0.00158976	0.0135333	0.17804	0.0138278	0.0770713	0.0149584	0.0332597	0.0972164	0.0156628	0.00800822	0.00509135	0.0189683	0.0184324	0.0138146	0.0120356	0.045022	0.0172782	0.363307
171	0.0448937	0.00205204	0.0356133	0.0206779	0.0288654	0.0280082	0.0408372	0.00356747	0.0807881	0.107443	0.00375884	0.00531547	0.23013	0.0820248	0.0355774	0.104932	0.0467717	0.0373083	0.00109233	0.0603423
172	0.117174	0.00594599	0.0253011	0.0815991	0.00550631	0.0203793	0.0100101	0.0114004	0.355903	0.0258813	0.0123239	0.0303935	0.00831408	0.047839	0.131095	0.0530941	0.031455	0.0147346	0.00224843	0.00940172
173	0.134971	0.0314785	0.0166126	0.0467875	0.00195927	0.0182577	0.00589304	0.00984327	0.00422136	0.0243673	0.00935537	0.0216726	0.460036	0.0249748	0.00346052	0.0288883	0.118908	0.0292037	0.00358706	0.0055221
174	0.526252	0.08119	0.00161808	0.00135299	0.000827592	0.0266879	0.00110723	0.00498606	0.00183164	0.0114188	0.00233846	0.00169939	0.00774612	0.0078812	0.00173972	0.250729	0.0503786	0.0191113	0.000354392	0.000749389
175	0.116247	0.0472001	0.016193	0.045564	0.00869743	0.00917369	0.0280489	0.0206339	0.0367019	0.193275	0.043903	0.0226344	0.00353389	0.069078	0.0501486	0.097698	0.0950543	0.0558193	0.00651684	0.0338789
176	0.00378141	0.000532383	0.000630964	0.0029144	0.0241021	0.000609152	0.000569974	0.156902	0.00332323	0.583146	0.153589	0.0027767	0.000465779	0.0059129	0.0053469	0.00239214	0.00470054	0.0464434	0.000152163	0.00170798
177	0.0204367	0.00769984	0.0019624	0.0316105	0.159897	0.00531822	0.0482325	0.0263368	0.0750793	0.239272	0.00835347	0.0251053	0.00257139	0.0131355	0.0189966	0.00769052	0.0201436	0.0236314	0.00497278	0.259554
178	0.09377	0.0367818	0.0029849	0.00206975	0.00154308	0.0453016	0.00223454	0.00192003	0.00388214	0.00525824	0.0224339	0.00931608	0.00710313	0.00183663	0.00414803	0.66841	0.0707501	0.0132225	0.000612018	0.0064211
179	0.00965696	0.00243935	0.00344698	0.0078066	0.00284206	0.00542542	0.00385825	0.0757448	0.264685	0.0258846	0.00662418	0.00642463	0.00269147	0.0596209	0.192828	0.174709	0.0920603	0.0585816	0.00139467	0.00327505
180	0.01942	0.00501707	0.00229914	0.00429892	0.322168	0.00353103	0.00868811	0.0466171	0.0043097	0.286357	0.071223	0.00511419	0.00664873	0.00358594	0.00327282	0.00918803	0.0124968	0.0461594	0.0259363	0.113669
181	0.00484185	0.00121923	0.000849388	0.0027056	0.0509554	0.000701382	0.00100937	0.165209	0.00376046	0.567428	0.126615	0.00262912	0.000615637	0.0050961	0.0055782	0.00321303	0.0060027	0.0480412	0.000406915	0.00312219
182	0.0569241	0.0152784	0.0833742	0.0320169	0.012443	0.0150564	0.0124368	0.0199933	0.0312893	0.0277549	0.0902532	0.0178433	0.272354	0.0246343	0.0252033	0.0394641	0.114393	0.0324067	0.0639607	0.0129199
183	0.291302	0.0160861	0.0149729	0.0033884	0.001809	0.0825887	0.00538971	0.00257407	0.00624531	0.00423568	0.00662838	0.00354168	0.118836	0.0030793	0.00628211	0.377401	0.0234362	0.0295285	0.00112125	0.00155412
184	0.00646037	0.00272399	0.00102241	0.0036829	0.0301368	0.000911353	0.00121025	0.153905	0.00419392	0.546216	0.158265	0.00300332	0.00106225	0.00626568	0.00597638	0.00377321	0.00825654	0.0574652	0.00119226	0.00427695
185	0.0846365	0.00655491	0.0159899	0.159331	0.00338291	0.0206755	0.025765	0.00965975	0.241563	0.0508236	0.0107496	0.0219723	0.00452094	0.0994198	0.106412	0.0575859	0.0651953	0.00867506	0.00221194	0.00487476
186	0.166072	0.00937536	0.00397144	0.0062355	0.00219118	0.665543	0.00249916	0.00300244	0.00545004	0.00512292	0.00368406	0.00845463	0.0092991	0.00498188	0.00395119	0.0741364	0.0105968	0.0117965	0.00165937	0.00197664
187	0.0346469	0.00449137	0.0644796	0.024438	0.00127293	0.0682174	0.00307467	0.00415092	0.0206178	0.0136569	0.00391944	0.0407374	0.00530699	0.00789454	0.0209505	0.36108	0.312036	0.00636373	0.000553443	0.00211197
188	0.0335058	0.003868	0.0248298	0.0647032	0.00690447	0.0522492	0.0175863	0.0105585	0.308866	0.0251531	0.0110326	0.0390911	0.129121	0.0445883	0.109573	0.0364165	0.0415803	0.024882	0.00371286	0.0117777
189	0.178518	0.0168573	0.0230414	0.0316978	0.0233413	0.0212456	0.0159623	0.0633542	0.0381294	0.0705721	0.181565	0.0198606	0.0271129	0.0300917	0.0292926	0.0714703	0.0475809	0.0842446	0.00693828	0.0191238
190	0.200757	0.0284363	0.0103491	0.00871492	0.00411189	0.0878574	0.00469783	0.0048999	0.0109196	0.00899733	0.0141339	0.0109609	0.0319383	0.00701722	0.0103889	0.467891	0.0620195	0.019439	0.00192221	0.00454833
191	0.226146	0.0379186	0.00430235	0.00211316	0.00107829	0.0480926	0.002195	0.00264535	0.0033014	0.00571164	0.0138189	0.00662986	0.00957081	0.00343967	0.00340784	0.548159	0.064246	0.0125832	0.000499329	0.00414121
