243	20
1	0.118145	0.0409264	0.0111456	0.00621151	0.00131507	0.00210772	0.00133547	0.114893	0.00436062	0.0252643	0.0229546	0.0127255	0.0056354	0.00576938	0.00176258	0.0778343	0.126558	0.419288	0.000581966	0.00118553
2	0.0325772	0.00747853	0.00325384	0.00424311	0.056101	0.0040142	0.00271917	0.257812	0.006572	0.347345	0.0787142	0.00438162	0.00288635	0.00141881	0.0103109	0.0108913	0.0166719	0.128637	0.00637627	0.0175961
3	0.418989	0.0708992	0.00599139	0.00601795	0.0106491	0.0968575	0.00260727	0.0145542	0.00135306	0.00912382	0.00182815	0.00216755	0.00545892	0.0019492	0.00214835	0.133448	0.133777	0.0803385	0.000532565	0.00130925
4	0.0116105	0.00101168	0.00567932	0.00503751	0.145145	0.00278622	0.00835691	0.331756	0.00483657	0.186545	0.0570096	0.00278975	0.00142253	0.00181557	0.0139312	0.00871187	0.00945263	0.165594	0.000458374	0.0360504
5	0.0132772	0.00573795	0.000325953	0.000431066	0.00819525	0.000475282	0.0012778	0.377481	0.00022871	0.070364	0.020209	0.00226756	0.00166291	0.00184663	0.00239467	0.00253885	0.00969878	0.480377	9.74779e-05	0.00111281
6	0.00485849	0.00156586	0.0021865	0.0029567	0.132573	0.00235704	0.00365814	0.0205741	0.00308685	0.401079	0.297352	0.00278783	0.00147805	0.0645682	0.00579809	0.0122066	0.0149543	0.023329	0.000643466	0.00198662
7	0.406139	0.0284153	0.0113449	0.0107104	0.0147912	0.178288	0.00406287	0.00630857	0.00306532	0.0132435	0.00415748	0.00925785	0.0117487	0.00879905	0.00863886	0.190559	0.043277	0.0381787	0.00166837	0.0073463
8	0.0835172	0.00696128	0.0530904	0.0296136	0.0116469	0.502097	0.0360034	0.00625334	0.0141826	0.0182525	0.00797785	0.0511358	0.00514559	0.0485034	0.0352978	0.043955	0.013302	0.0148691	0.00375606	0.0144388
9	0.0831386	0.00366567	0.100263	0.0386463	0.00664493	0.50293	0.0295668	0.00463536	0.0149678	0.0139761	0.00581901	0.06602	0.00602398	0.0203896	0.0258967	0.0384853	0.0108939	0.0141157	0.00221859	0.0117028
10	0.118623	0.00381824	0.0185325	0.11129	0.00381253	0.00695942	0.0120818	0.00426398	0.177685	0.0127905	0.0203311	0.0210543	0.0216553	0.118005	0.244565	0.0517958	0.0181785	0.030725	0.000867495	0.00296536
11	0.103031	0.0107019	0.0952658	0.0459928	0.0173439	0.338085	0.0221748	0.0108494	0.014266	0.0207475	0.0110359	0.03254	0.0135116	0.0211752	0.0212698	0.100701	0.0288185	0.0735165	0.00350765	0.0154659
12	0.0393445	0.00179211	0.0239616	0.0206236	0.00236298	0.0414854	0.00249533	0.00263451	0.0346101	0.0277217	0.00233141	0.0628199	0.00344887	0.017572	0.0404455	0.472699	0.196638	0.00415861	0.000657549	0.00219635
13	0.0827397	0.00915034	0.0857819	0.177133	0.00837561	0.0914433	0.0398147	0.0104044	0.0478621	0.0192494	0.0161221	0.0483443	0.0146307	0.0616468	0.146623	0.0818076	0.0289703	0.0157613	0.00404317	0.0100955
14	0.0129314	0.00497504	0.00307072	0.00407732	0.100983	0.00389339	0.00416148	0.0736889	0.00492663	0.39164	0.252514	0.00434849	0.00221593	0.0488227	0.00779675	0.0124413	0.0168599	0.0440729	0.00294291	0.00363717
15	0.0580992	0.00990016	0.01902	0.0284454	0.130254	0.0610794	0.107991	0.0117953	0.0379163	0.0369485	0.0840002	0.0172997	0.0013594	0.063668	0.0341927	0.0542664	0.00820289	0.0477939	0.0222546	0.165513
16	0.150498	0.00135572	0.180727	0.177113	0.00171811	0.0251442	0.00234954	0.00179005	0.0173338	0.0110497	0.0020494	0.0661893	0.273344	0.0187589	0.0201743	0.0130004	0.00571772	0.029192	0.000593983	0.00190146
17	0.0172764	0.00429109	0.00755874	0.00912881	0.167643	0.00505014	0.0176411	0.0602079	0.00429648	0.33218	0.146982	0.00665026	0.00256177	0.0373792	0.0090221	0.0153513	0.0203871	0.0520706	0.0197987	0.0645227
18	0.0763927	0.0215807	0.0144193	0.0199101	0.005225	0.0290516	0.00579826	0.00611993	0.0150235	0.0191326	0.00528948	0.0541978	0.00860186	0.0155589	0.0260607	0.416137	0.236142	0.019225	0.00136399	0.00476938
19	0.0995993	0.00735382	0.0982327	0.14162	0.0075318	0.0295521	0.0324665	0.00981457	0.0820784	0.0358444	0.0186728	0.0639739	0.000792825	0.0986796	0.106592	0.102611	0.0492621	0.0114342	0.000321566	0.00356592
20	0.0515878	0.00171579	0.0505916	0.0584579	0.0233125	0.0212122	0.0608108	0.0127518	0.0886069	0.0490422	0.0342791	0.0587616	0.0254244	0.0545588	0.173416	0.0822524	0.0656295	0.0176586	0.0151298	0.0548006
21	0.027975	0.0035151	0.0322084	0.0887776	0.00934717	0.00694817	0.0577175	0.103397	0.082055	0.0371596	0.0108818	0.0367109	0.00176365	0.0554926	0.153513	0.0356738	0.110154	0.12707	0.00354441	0.0160939
22	0.422866	0.0676871	0.00383657	0.00400945	0.00282828	0.0191482	0.00819961	0.00284796	0.000994322	0.00360288	0.00202451	0.00259813	0.0508992	0.00202444	0.00193598	0.197965	0.0926913	0.112272	0.000386411	0.00118332
23	0.0391522	0.0117158	0.0237608	0.0433204	0.0210045	0.018999	0.03256	0.122646	0.206069	0.0637924	0.0298595	0.0299239	0.0127003	0.0360751	0.107725	0.047432	0.0510174	0.0772992	0.0056748	0.0192738
24	0.156659	0.00759617	0.0105254	0.0189073	0.00262425	0.039419	0.00139293	0.00397864	0.00388974	0.00956074	0.00119139	0.00579985	0.627279	0.00537889	0.00431907	0.0603509	0.0190068	0.0174413	0.000319558	0.00436049
25	0.588094	0.0211448	0.00214076	0.00675786	0.00188396	0.0316824	0.00376591	0.00210571	0.00123875	0.00697846	0.00521277	0.00186822	0.00636851	0.00691323	0.00206218	0.254246	0.0231602	0.0319768	0.000507264	0.00189252
26	0.0493743	0.0408105	0.00202791	0.00171988	0.0197617	0.00354333	0.00132364	0.211313	0.00235399	0.265968	0.0596436	0.00345951	0.00347048	0.0040702	0.00428777	0.0115569	0.0221093	0.286963	0.00240604	0.0038363
27	0.0169257	0.00455175	0.0090894	0.00905221	0.0062999	0.00751862	0.200182	0.00636098	0.00560143	0.00981802	0.0315811	0.00945075	0.335664	0.0614928	0.0356246	0.102747	0.0644077	0.0118924	0.00259431	0.0691453
28	0.0127361	0.00375373	0.00413355	0.00350414	0.076044	0.00242072	0.00480668	0.39242	0.00336274	0.132811	0.0387506	0.00437209	0.00141034	0.00210742	0.00903887	0.00650343	0.0109383	0.272816	0.000344809	0.0177263
29	0.207851	0.00304155	0.0175371	0.00540636	0.00708858	0.628003	0.0026135	0.00354721	0.00257473	0.0235364	0.00353606	0.0165878	0.00294265	0.00712766	0.00936261	0.0345203	0.00637825	0.0137377	0.00117624	0.00343087
30	0.295012	0.0213979	0.00985564	0.00772109	0.0169797	0.328959	0.00301153	0.00406425	0.00235678	0.0141414	0.00353517	0.00711078	0.00909335	0.00863907	0.0086461	0.199805	0.0266685	0.0245975	0.000973265	0.00743134
31	0.0421567	0.0230745	0.00579606	0.00578338	0.0201698	0.0370563	0.022907	0.0680155	0.0570211	0.0231451	0.0199373	0.161621	0.0209536	0.040787	0.0569355	0.168067	0.129037	0.0890046	0.00133108	0.00719973
32	0.0390953	0.011279	0.00190852	0.00417146	0.204311	0.00711633	0.0621398	0.00809836	0.00126651	0.0330416	0.014242	0.00779513	0.00088227	0.002966	0.0561596	0.0137233	0.0263328	0.0107425	0.0121697	0.482559
33	0.0163249	0.00142342	0.0207704	0.0194951	0.00485056	0.0082332	0.0595722	0.0132269	0.198074	0.0216014	0.0130946	0.0460725	0.00401859	0.0781108	0.365269	0.051623	0.0518145	0.0134972	0.0034876	0.0094401
34	0.0164336	0.00356869	0.00144446	0.00194984	0.0112874	0.00193961	0.000655138	0.347618	0.00322312	0.386764	0.0531507	0.00251715	0.0028838	0.00078823	0.00543821	0.00808959	0.00779392	0.137858	0.00339769	0.00319867
35	0.00798732	0.00346573	0.00043309	0.000528803	0.00622421	0.000487747	0.000737735	0.457835	0.000289978	0.0652164	0.0166574	0.00299917	0.00105663	0.00107114	0.0016786	0.00242371	0.00568047	0.423652	0.000163141	0.00141169
36	0.0313048	0.00223786	0.602933	0.0672925	0.00363938	0.0356712	0.0304528	0.00390238	0.00911488	0.00395104	0.00496616	0.117236	0.00524711	0.00885337	0.0154853	0.0337145	0.0108258	0.00579505	0.000869155	0.00650834
37	0.0329751	0.010096	0.00520939	0.00538089	0.0843344	0.00463478	0.00588764	0.293614	0.00571848	0.259178	0.0602969	0.00507456	0.00285401	0.00252836	0.0118247	0.0118727	0.0153496	0.156334	0.00358821	0.023248
38	0.426066	0.0582399	0.00371632	0.00417978	0.00253441	0.0189959	0.0089194	0.00301623	0.00117679	0.00356616	0.00201638	0.00348776	0.0684413	0.00202464	0.00209256	0.18469	0.0911845	0.113986	0.000441348	0.00122551
39	0.0140221	0.00297942	0.00168662	0.00220416	0.0155601	0.00212435	0.00118683	0.376313	0.00295212	0.338094	0.0498333	0.00304901	0.00308242	0.000863423	0.00535274	0.00622463	0.00778288	0.159017	0.00296253	0.00470954
40	0.0697263	0.0174409	0.0139679	0.0241055	0.00361921	0.0282472	0.00330597	0.00348867	0.0132237	0.0183572	0.00360957	0.0761399	0.00516939	0.0126176	0.0209738	0.514693	0.158679	0.00951151	0.000788719	0.00233473
41	0.0382339	0.0111046	0.116171	0.0371326	0.0111244	0.0626627	0.070749	0.0194389	0.0254924	0.0182028	0.012861	0.30349	0.0111556	0.0452249	0.0454383	0.0901735	0.0304688	0.0275044	0.00435745	0.019014
42	0.0739629	0.0646933	0.00106956	0.00182012	0.0333786	0.00551052	0.00122853	0.163159	0.00133644	0.287687	0.059775	0.00147901	0.00386256	0.00496969	0.00185265	0.0205334	0.0191401	0.25038	0.00101479	0.00314676
43	0.0281186	0.012606	0.000428635	0.000486859	0.0129115	0.00124958	0.00291706	0.29799	0.000299147	0.0890328	0.0316293	0.00208148	0.00227516	0.00414957	0.00365922	0.00491418	0.0177069	0.485452	0.000121837	0.00196935
44	0.0362256	0.00482381	0.0283339	0.0372075	0.0201486	0.0525684	0.327099	0.00373828	0.0331002	0.0203397	0.00899148	0.135121	0.00208672	0.0617315	0.119325	0.0461041	0.0210754	0.0103175	0.00117468	0.0304884
45	0.194966	0.049559	0.00301812	0.00515213	0.00327001	0.085134	0.00220378	0.00224225	0.00191067	0.0052253	0.00285861	0.00539835	0.0104271	0.0147175	0.00361579	0.565998	0.026146	0.00778287	0.000591778	0.00978352
46	0.0272899	0.00723267	0.134972	0.0796092	0.0032351	0.315228	0.119448	0.00204481	0.0236126	0.00841491	0.00688101	0.112034	0.00209029	0.0529459	0.0536484	0.0290775	0.00472945	0.00358195	0.00222525	0.0116998
47	0.0116105	0.00101168	0.00567932	0.00503751	0.145145	0.00278622	0.00835691	0.331756	0.00483657	0.186545	0.0570096	0.00278975	0.00142253	0.00181557	0.0139312	0.00871187	0.00945263	0.165594	0.000458374	0.0360504
48	0.0551729	0.000906025	0.0427907	0.0497971	0.0291701	0.020446	0.0555792	0.00725668	0.0859137	0.058936	0.0426227	0.0567681	0.0256123	0.053195	0.191003	0.0843984	0.0544669	0.00928785	0.0134277	0.0632491
49	0.0130567	0.000852435	0.0204846	0.0151919	0.00449087	0.00761591	0.0582878	0.0106948	0.202546	0.022521	0.0135137	0.0433746	0.00385554	0.0809101	0.372626	0.0545308	0.0543399	0.00848132	0.00327397	0.00935179
50	0.00851759	0.00350291	0.00055596	0.000669072	0.0073666	0.000602562	0.00112021	0.471172	0.000397629	0.0654767	0.0352056	0.00402916	0.00120246	0.0015048	0.00170101	0.00370991	0.0090417	0.382422	0.000150696	0.00165217
51	0.266482	0.0741687	0.00569259	0.0306204	0.0532609	0.0576316	0.00502993	0.104584	0.0286066	0.064733	0.0255604	0.00657395	0.00272367	0.00563376	0.00659015	0.0507456	0.0076	0.0329034	0.0565404	0.114319
52	0.0184936	0.00802763	0.000341735	0.000414564	0.0101418	0.000579815	0.00182504	0.335575	0.000221242	0.0739559	0.0243657	0.00201847	0.00196992	0.00280195	0.00323859	0.0029807	0.0139339	0.49785	9.34837e-05	0.00117086
53	0.0705211	0.0645035	0.000868146	0.00115031	0.0223302	0.00483703	0.000992706	0.177423	0.000973137	0.282918	0.0516892	0.00108366	0.00377498	0.00430875	0.00168744	0.0164461	0.0181916	0.273164	0.000756261	0.00238078
54	0.0396902	0.00961534	0.0201737	0.067779	0.0117992	0.0614501	0.0122715	0.0148074	0.0101132	0.0214123	0.0122539	0.0218099	0.0590329	0.0606186	0.0184891	0.144773	0.20283	0.194338	0.00382884	0.0129144
55	0.0695603	0.0109218	0.0475076	0.0731713	0.0259151	0.0411295	0.0377563	0.020354	0.0406233	0.0408236	0.0393083	0.0442177	0.0150618	0.247755	0.0752868	0.0673466	0.0408168	0.0315676	0.00597291	0.0249034
56	0.0173007	0.00130189	0.00152015	0.00262208	0.223428	0.00162821	0.0153648	0.00166408	0.00114998	0.0113371	0.00188679	0.002014	0.000794484	0.00188838	0.00374258	0.00341088	0.00314186	0.00748965	0.000794202	0.69752
57	0.0447332	0.00412992	0.0342945	0.0503724	0.0176161	0.033425	0.0797973	0.00631684	0.117299	0.049838	0.0220598	0.0742823	0.0104422	0.0761945	0.236384	0.0663874	0.0399032	0.00720551	0.00553327	0.023785
58	0.461356	0.00779038	0.00665964	0.0265851	0.0253298	0.00806716	0.00720286	0.00494957	0.00421141	0.00740969	0.00456421	0.0296603	0.185696	0.00706636	0.0073479	0.145764	0.0217898	0.0219183	0.00129833	0.0153332
59	0.039619	0.00291614	0.0480608	0.0424218	0.0519326	0.0380643	0.354817	0.00442866	0.0137025	0.0337461	0.02182	0.0363053	0.00239777	0.0747139	0.0507657	0.0230808	0.0392838	0.0272088	0.00331081	0.0914042
60	0.0390097	0.00204234	0.0221222	0.0159375	0.00256432	0.0426264	0.00215704	0.00274168	0.0225562	0.0308201	0.00216064	0.072814	0.00391081	0.0140913	0.030877	0.497923	0.188861	0.00393194	0.000747862	0.00210464
61	0.0232352	0.00742069	0.00255935	0.00316499	0.0288302	0.00331148	0.00166033	0.27785	0.00557022	0.378708	0.0910593	0.00417264	0.0030559	0.00778697	0.00775337	0.00905408	0.0131455	0.120499	0.00500393	0.00615969
62	0.0120392	0.00979893	0.101925	0.00782987	0.0233663	0.0054088	0.0419599	0.0954748	0.00456359	0.0508699	0.0778791	0.244556	0.00323209	0.0373141	0.00656794	0.0697394	0.0664024	0.105048	0.00186233	0.0341628
63	0.08388	0.0077205	0.0804285	0.130771	0.00903628	0.0288422	0.0385887	0.00797523	0.0903147	0.0451988	0.0177307	0.0538235	0.00171155	0.117643	0.136789	0.0898435	0.0436798	0.00971282	0.000938308	0.00537163
64	0.0371221	0.00687532	0.0125495	0.0416837	0.132589	0.0119731	0.108506	0.0222446	0.00757395	0.0515173	0.0155687	0.0148942	0.00556716	0.0218249	0.0274378	0.0215566	0.0215091	0.0315026	0.0113467	0.396158
65	0.00669966	0.00188781	0.000545673	0.000725974	0.00350279	0.000608064	0.000470074	0.41375	0.000454919	0.36477	0.0304489	0.000621536	0.00322889	0.000542715	0.00206773	0.00429784	0.00273321	0.162042	0.000203782	0.000398505
66	0.0206878	0.0103574	0.000464643	0.000420742	0.0123908	0.000587796	0.00262459	0.310854	0.000301451	0.0721589	0.0270767	0.00225367	0.00220492	0.00366196	0.00451813	0.0035051	0.0182017	0.506175	0.000108787	0.00144553
67	0.0797472	0.00389526	0.130802	0.133514	0.00508644	0.00636836	0.00496267	0.00537302	0.00477206	0.0659771	0.00518156	0.00672121	0.025814	0.0071262	0.0276843	0.143113	0.183286	0.0914034	0.00177372	0.0673975
68	0.0875234	0.0608715	0.00287714	0.00263014	0.0129907	0.011982	0.0018774	0.196582	0.00161539	0.181774	0.0478342	0.00536355	0.0296149	0.00510394	0.00225078	0.057288	0.0353045	0.247069	0.00682339	0.00262405
69	0.0545873	0.0102823	0.00505189	0.00520973	0.0122641	0.00778927	0.0026519	0.247414	0.00695771	0.226937	0.0847122	0.0197314	0.0390838	0.00375687	0.00985775	0.022944	0.0296735	0.161099	0.0436103	0.00638626
70	0.179778	0.0125043	0.00895059	0.016343	0.00187144	0.0173978	0.00399878	0.003845	0.00367951	0.00814653	0.00167795	0.00734717	0.584608	0.00438819	0.00436743	0.0684804	0.0358112	0.0328227	0.000389063	0.00359302
71	0.481386	0.00439128	0.00791587	0.0663075	0.0622872	0.00921851	0.00619023	0.00722062	0.00603906	0.0105203	0.00667684	0.0194594	0.192948	0.00929616	0.00979474	0.0373603	0.0108224	0.0129795	0.0020052	0.0371812
72	0.0621895	0.00652485	0.0125805	0.174002	0.055989	0.0120899	0.0135327	0.010528	0.0110142	0.0155179	0.0509802	0.013589	0.00677614	0.153356	0.0553131	0.184223	0.0176015	0.0154303	0.00393573	0.124827
73	0.0656114	0.0050464	0.037288	0.0567155	0.0314324	0.0381518	0.0484086	0.00736985	0.0688146	0.0307489	0.0618191	0.0336136	0.00777322	0.202544	0.128181	0.0905169	0.0483854	0.0121627	0.00447015	0.0209464
74	0.0225625	0.00574549	0.0100012	0.0105398	0.27599	0.0489817	0.0478963	0.00848993	0.00811496	0.0659733	0.0223826	0.00878252	0.00350202	0.0124129	0.0201001	0.0200554	0.0110604	0.0531436	0.229763	0.114502
75	0.0177617	0.00130182	0.00150519	0.00254622	0.221855	0.00164572	0.0145394	0.00147534	0.0011483	0.0109335	0.00170534	0.00188684	0.000806654	0.0017604	0.00343222	0.00338979	0.0029632	0.00763626	0.000768401	0.700939
76	0.0879064	0.0085938	0.070779	0.12957	0.00711681	0.0269344	0.0291288	0.00628701	0.0930259	0.0515729	0.0187466	0.0451035	0.000883978	0.132993	0.143678	0.0921548	0.0410573	0.0109314	0.000412051	0.0031245
77	0.123471	0.00412366	0.0377807	0.0178452	0.00847221	0.611587	0.0147638	0.00524593	0.00777161	0.0182674	0.00523924	0.0301013	0.00850074	0.0156777	0.0167782	0.0392327	0.0106562	0.015226	0.00187475	0.0073848
78	0.0503008	0.0087955	0.0241988	0.0192691	0.00898034	0.0273043	0.0113086	0.0162673	0.0181208	0.0190786	0.00921695	0.159185	0.0394085	0.0256641	0.0344627	0.274209	0.216089	0.0284658	0.0023474	0.00732812
79	0.234636	0.013538	0.00929406	0.00810101	0.0830835	0.281389	0.00423867	0.00649011	0.0041831	0.0229062	0.00445323	0.00769186	0.00618127	0.00841543	0.0198577	0.215503	0.0243885	0.0284396	0.00220658	0.0150035
80	0.0250537	0.00153078	0.624365	0.0465646	0.00160507	0.0230522	0.0400672	0.00353112	0.00544763	0.00241435	0.00218922	0.148603	0.00503597	0.0050048	0.0146447	0.0348753	0.00706983	0.00462303	0.000409549	0.0039127
81	0.560239	0.0273604	0.00246374	0.00767515	0.00179735	0.026496	0.00355138	0.00212924	0.00131536	0.00910876	0.00549343	0.00204626	0.00586984	0.00689651	0.00205438	0.274267	0.0277477	0.03131	0.000564262	0.00161451
82	0.0103734	0.00478565	0.00042948	0.00053161	0.00489328	0.000583866	0.000689913	0.426299	0.000310869	0.147666	0.0156172	0.00202462	0.00132681	0.000938611	0.0022014	0.00314084	0.0046555	0.372154	0.000133934	0.00124376
83	0.039137	0.0113218	0.00194396	0.00417201	0.204527	0.00708597	0.0621098	0.00809897	0.00126834	0.0331024	0.014242	0.00781609	0.00088227	0.0029661	0.0561425	0.0136916	0.026308	0.0107514	0.0121293	0.482303
84	0.0523889	0.00341609	0.02864	0.0535986	0.00764618	0.0173446	0.0623519	0.0118947	0.160034	0.0253505	0.0158822	0.0466473	0.0110986	0.0914051	0.279785	0.0575173	0.0427547	0.0179314	0.00308485	0.011228
85	0.0181982	0.0538063	0.0207018	0.00856049	0.0106644	0.0114625	0.0509184	0.0537301	0.00870695	0.0170902	0.0196838	0.341549	0.00700496	0.0469924	0.0138395	0.14124	0.0570052	0.0581148	0.0020906	0.0586406
86	0.0303517	0.00183806	0.00323111	0.00485333	0.0248565	0.00493268	0.000940562	0.266861	0.00998397	0.398788	0.0969234	0.00649393	0.0030029	0.00109486	0.0128348	0.0104349	0.0168349	0.086572	0.0105481	0.00862284
87	0.0368255	0.00215415	0.156914	0.128607	0.0142151	0.0903255	0.0642351	0.00384332	0.0100883	0.00845117	0.0066316	0.0832737	0.10273	0.0385711	0.0575451	0.102046	0.0191459	0.00623777	0.0276766	0.0404844
88	0.0200418	0.00178248	0.00791057	0.010096	0.131093	0.00351465	0.0155846	0.290617	0.00597221	0.195972	0.0477145	0.00622287	0.00173705	0.0037135	0.0184217	0.0150317	0.0155628	0.155319	0.0019479	0.051744
89	0.00425556	0.00107884	0.000600735	0.000768076	0.00525859	0.00058874	0.000506693	0.50846	0.000585821	0.216843	0.0334555	0.00277238	0.00184494	0.000610882	0.00152924	0.00345303	0.00349561	0.212609	0.000193996	0.00108818
90	0.0867657	0.00816981	0.0867001	0.139096	0.0078454	0.0302879	0.0359784	0.00781318	0.0864366	0.0429663	0.0170249	0.0539958	0.000640182	0.11706	0.12835	0.0935428	0.0430386	0.0102036	0.000302525	0.00378166
91	0.0414242	0.00693405	0.0157623	0.0363588	0.163192	0.00547947	0.0797076	0.0519419	0.00806116	0.133403	0.0159633	0.0164563	0.00181281	0.0346114	0.0122328	0.0195421	0.0245497	0.0797653	0.0160497	0.236752
92	0.0209597	0.00995157	0.000376319	0.000418736	0.011922	0.000555151	0.00240326	0.308336	0.000223437	0.0715505	0.0272748	0.00219753	0.00225681	0.00369262	0.00402999	0.00345746	0.0181068	0.510899	9.09695e-05	0.00129693
93	0.0717002	0.0681767	0.00089229	0.00112166	0.0210571	0.0046956	0.000971778	0.174866	0.000866507	0.283276	0.0520757	0.00110334	0.00351816	0.00439202	0.0014233	0.0156035	0.0186269	0.272902	0.000688787	0.00204182
94	0.00870129	0.00381702	0.000358573	0.000497174	0.0061679	0.000500954	0.000734357	0.432168	0.000283969	0.0674649	0.0154655	0.00282779	0.00119663	0.0010348	0.00170436	0.00220131	0.00582265	0.447681	9.33499e-05	0.00127763
95	0.0696886	0.0610756	0.00156216	0.00214168	0.0297491	0.00511007	0.00124599	0.177252	0.00189226	0.283646	0.0562977	0.00178626	0.00380817	0.00430049	0.00259484	0.0171487	0.0204777	0.2553	0.00135213	0.00357009
96	0.197344	0.0459534	0.00407932	0.00498975	0.00941309	0.142388	0.00286411	0.00257908	0.00216581	0.00635113	0.00249823	0.00426837	0.0149188	0.0210778	0.0050065	0.498098	0.0160908	0.00736927	0.00072868	0.0118152
97	0.524306	0.0275175	0.00579734	0.00697615	0.00648043	0.117447	0.00424813	0.00433472	0.00171022	0.0101917	0.00378395	0.00521607	0.0111109	0.00537183	0.00372742	0.17241	0.0417122	0.0444364	0.000879107	0.00234226
98	0.027134	0.00200121	0.510964	0.111935	0.00275636	0.0508091	0.0490973	0.00414134	0.0140896	0.00540741	0.00511506	0.102591	0.00473403	0.019516	0.0210182	0.0412048	0.0135271	0.00684072	0.00116702	0.00595148
99	0.0713608	0.00807072	0.0457388	0.0502415	0.0141903	0.0838809	0.287561	0.00508408	0.023447	0.018007	0.00879748	0.166579	0.00374914	0.0635251	0.0569777	0.0438181	0.0172424	0.00974129	0.00159558	0.0203919
100	0.010157	0.00459838	0.000350643	0.000459184	0.00623257	0.000418257	0.0008496	0.419089	0.000259066	0.0729734	0.0146802	0.00236105	0.00120949	0.00126522	0.00197951	0.00228076	0.00647065	0.452905	0.000105816	0.00135573
101	0.0212989	0.00314124	0.00328661	0.00609423	0.218366	0.00331745	0.0308243	0.00906077	0.00170916	0.0385022	0.0065976	0.00395865	0.00118036	0.0054708	0.0134871	0.00664953	0.00943713	0.0176564	0.0127939	0.587168
102	0.0132451	0.000851263	0.0206466	0.0154501	0.00458441	0.0077337	0.0583246	0.0107144	0.202027	0.0225737	0.013609	0.0434453	0.00389511	0.0808777	0.371917	0.0545706	0.0542918	0.0084713	0.00328249	0.00948955
103	0.00666213	0.0019989	0.00292419	0.00438068	0.0864717	0.00323976	0.00837607	0.0397486	0.00807503	0.249852	0.391331	0.00379183	0.00190291	0.114383	0.0165837	0.0106831	0.0199176	0.0256676	0.00110076	0.00290988
104	0.0233147	0.00099616	0.657388	0.0469256	0.00145989	0.0220615	0.0325969	0.00308258	0.00441224	0.00215729	0.00210094	0.137448	0.00430199	0.00345382	0.0117435	0.0315854	0.00697372	0.00400389	0.000373566	0.00362032
105	0.0666145	0.0215562	0.00707091	0.0126655	0.0940811	0.00576688	0.019274	0.125692	0.00412431	0.182878	0.0265337	0.0082189	0.0187435	0.0127002	0.00682863	0.017638	0.0290289	0.207241	0.00504446	0.1283
106	0.0771257	0.0785766	0.00094261	0.00113636	0.0202612	0.00496648	0.00098793	0.164587	0.000712635	0.257697	0.0498538	0.00116848	0.00381445	0.00508174	0.00106932	0.0156659	0.0215755	0.292314	0.000494631	0.00196812
107	0.0558222	0.042363	0.00887155	0.0112574	0.0021557	0.0181621	0.0017451	0.00222377	0.0105694	0.0138581	0.00451804	0.0305725	0.00282435	0.00757354	0.0142379	0.61062	0.145626	0.0148687	0.000534214	0.00159678
108	0.019573	0.0086027	0.000342074	0.000408062	0.0109035	0.000558203	0.00205715	0.32471	0.000250299	0.0708639	0.027151	0.00216052	0.00207284	0.00308911	0.00342159	0.00319317	0.0154896	0.503874	9.82987e-05	0.0011809
109	0.521657	0.0513295	0.00337007	0.00438911	0.00277648	0.0380428	0.00612003	0.00362206	0.000975197	0.00489041	0.0018352	0.00182475	0.0234069	0.00198113	0.00188617	0.17023	0.0622326	0.0979855	0.000403582	0.00104131
110	0.416051	0.0733174	0.0059272	0.00589872	0.0108054	0.093756	0.0025177	0.0138242	0.00136431	0.00913938	0.00182889	0.00209392	0.00575497	0.00189196	0.00206988	0.134019	0.134836	0.0831579	0.000519579	0.00122586
111	0.0207375	0.00112953	0.00813057	0.00364011	0.0179977	0.00395972	0.00130389	0.284435	0.0103022	0.352176	0.0944358	0.0133434	0.00344929	0.00140001	0.0161247	0.0078382	0.0320454	0.107921	0.0085048	0.011125
112	0.0903399	0.0021621	0.0699347	0.179397	0.00347213	0.00736042	0.0256023	0.00458746	0.0456413	0.0206817	0.0053304	0.0440681	0.154626	0.0326442	0.140367	0.0576027	0.074974	0.0354468	0.00145999	0.00430239
113	0.0336354	0.0223083	0.000500469	0.00050212	0.0147591	0.0017448	0.0022982	0.276421	0.000299361	0.107787	0.0361459	0.00201497	0.00281314	0.00476815	0.00343692	0.00730372	0.0194232	0.461979	0.000194469	0.00166473
114	0.229566	0.00299308	0.0290317	0.160065	0.00252199	0.0987179	0.0169561	0.00270994	0.00691588	0.00357375	0.00403425	0.0173735	0.00155505	0.0906838	0.155304	0.15285	0.0172783	0.0050046	0.000597333	0.00226796
115	0.0361776	0.00629383	0.0135489	0.0285085	0.194461	0.00928713	0.0786383	0.0395997	0.00870404	0.126129	0.0207666	0.0144363	0.00192553	0.0352896	0.0137713	0.0194431	0.0213789	0.0663947	0.0299073	0.235339
116	0.204596	0.00746105	0.0157143	0.00682761	0.0173603	0.539119	0.00343781	0.0046718	0.00325975	0.0265417	0.0036354	0.0136263	0.0045381	0.00830784	0.0106067	0.0859368	0.0162978	0.0206967	0.00123031	0.00613509
117	0.0208189	0.0101927	0.000389286	0.000413871	0.0121	0.000571068	0.00247683	0.309398	0.000255826	0.0716316	0.0273243	0.00228766	0.00222669	0.00370243	0.00427939	0.00348939	0.018128	0.508891	8.96924e-05	0.00133331
118	0.0639464	0.0503799	0.00101659	0.00117653	0.0231985	0.00599304	0.00185095	0.217797	0.000906006	0.213483	0.0499021	0.00176427	0.00438846	0.00439445	0.00228775	0.014807	0.0180301	0.31993	0.000933844	0.00381474
119	0.0912046	0.00651517	0.124971	0.195036	0.00287317	0.0670956	0.0368253	0.009916	0.0615654	0.0141448	0.011437	0.0445889	0.000514723	0.0807427	0.0832067	0.113383	0.0368866	0.0160496	0.000242587	0.00280047
120	0.120468	0.0151935	0.00597163	0.0122166	0.00160016	0.00190922	0.00150909	0.105695	0.0072528	0.0174285	0.0268344	0.00722008	0.0111075	0.00342577	0.00203744	0.0478079	0.123253	0.487042	0.000593083	0.00143432
121	0.0594174	0.000978187	0.549703	0.0568775	0.00412494	0.0589731	0.0128751	0.00242205	0.0102722	0.00205659	0.00584542	0.152153	0.00312462	0.00711988	0.0109292	0.040585	0.0167171	0.00354496	0.000446925	0.00183344
122	0.0130567	0.000852435	0.0204846	0.0151919	0.00449087	0.00761591	0.0582878	0.0106948	0.202546	0.022521	0.0135137	0.0433746	0.00385554	0.0809101	0.372626	0.0545308	0.0543399	0.00848132	0.00327397	0.00935179
123	0.0160336	0.00685403	0.000367733	0.000470726	0.00907957	0.000515464	0.00164095	0.365658	0.000278889	0.0674884	0.0282518	0.0021645	0.00176643	0.00232375	0.00282163	0.0030283	0.0122404	0.477707	0.000113986	0.00119453
124	0.0448879	0.00223085	0.0188245	0.0630534	0.00562464	0.00348438	0.00765744	0.157604	0.0555341	0.0789268	0.00830617	0.0286807	0.00107709	0.0491805	0.132633	0.0281118	0.176067	0.134604	0.000665695	0.0028462
125	0.102342	0.00658032	0.118421	0.196444	0.00264548	0.0692183	0.0341458	0.00899445	0.0577882	0.0126802	0.0118511	0.0412887	0.000481679	0.0802416	0.0863424	0.118259	0.0350757	0.0144193	0.000246552	0.00253299
126	0.0090536	0.00295236	0.00422851	0.00560011	0.307717	0.0143913	0.0568036	0.00361665	0.00340861	0.0825283	0.020095	0.00460259	0.0022924	0.00617359	0.0184113	0.00823384	0.00559921	0.0330359	0.255495	0.155761
127	0.0784031	0.0112022	0.0597918	0.11697	0.00359299	0.00294414	0.0196897	0.072532	0.00336902	0.203236	0.0286466	0.0374203	0.00138525	0.0807654	0.048627	0.0317964	0.0520248	0.126562	0.0101355	0.0109057
128	0.115575	0.0185095	0.0188074	0.0983638	0.0735428	0.0201526	0.040214	0.0807461	0.0155669	0.0650225	0.0188471	0.0196148	0.00757258	0.0275917	0.0226261	0.0415429	0.0255607	0.0494051	0.0150459	0.225693
129	0.0802125	0.0086915	0.0353151	0.065732	0.014865	0.0194353	0.0252858	0.0202903	0.208304	0.0244846	0.0169292	0.0320162	0.154768	0.0375371	0.112097	0.0553893	0.0379057	0.0306416	0.00536337	0.0147377
130	0.093753	0.00367438	0.0102053	0.0200031	0.000739632	0.0188017	0.000759287	0.00398236	0.00400343	0.0102412	0.000805684	0.00389033	0.766935	0.00418216	0.00384805	0.0213465	0.0160051	0.013147	0.000231888	0.00344518
131	0.0660073	0.00153472	0.399987	0.118033	0.00744613	0.101731	0.0147877	0.00255079	0.0175958	0.00497731	0.0105539	0.134577	0.00306165	0.0245226	0.0117436	0.0523151	0.0216739	0.0036874	0.00048704	0.00272726
132	0.0301994	0.00502986	0.232364	0.0555383	0.000921646	0.00947076	0.0344089	0.00152504	0.0496346	0.0017697	0.00130307	0.253855	0.00975327	0.0476309	0.100585	0.112804	0.0416132	0.0103472	0.000257277	0.0009882
133	0.0944145	0.00346747	0.0103481	0.0201455	0.000692025	0.019157	0.000756608	0.00374967	0.0040514	0.0105098	0.00079869	0.00393547	0.765885	0.00403141	0.0039048	0.0215826	0.0160413	0.0128201	0.000234811	0.00347412
134	0.0286582	0.00104122	0.325291	0.21018	0.00187354	0.120551	0.0330498	0.00594731	0.0275463	0.00989612	0.00582143	0.0617316	0.000947233	0.0380011	0.0215306	0.0642654	0.0318031	0.00729632	0.000383232	0.00418618
135	0.0376535	0.00470452	0.0206025	0.0233731	0.162678	0.00308896	0.0432189	0.034495	0.00493343	0.254869	0.00973304	0.0107739	0.00288259	0.0385511	0.00670276	0.0225291	0.0451458	0.0722749	0.0192399	0.18255
136	0.286892	0.00549225	0.00462511	0.0205879	0.0028565	0.00372478	0.00292358	0.0693607	0.00548609	0.0102064	0.015067	0.00543195	0.0175464	0.00497997	0.0041068	0.0225497	0.0676147	0.446676	0.000955339	0.00291603
137	0.0580339	0.00313819	0.0158968	0.0155664	0.00294088	0.0388894	0.00253236	0.00263561	0.0173302	0.0226449	0.00309546	0.086827	0.00565199	0.0139165	0.028607	0.469767	0.202924	0.00601367	0.00112725	0.00246183
138	0.208561	0.0640824	0.016273	0.020402	0.013143	0.07906	0.0134095	0.0170288	0.0132157	0.0889685	0.19226	0.0670016	0.009828	0.0178342	0.0195859	0.0376333	0.0785684	0.0260253	0.00479181	0.0123278
139	0.069216	0.00944814	0.114854	0.201188	0.00908393	0.184033	0.0243686	0.0120934	0.0229532	0.0203075	0.0115277	0.0343737	0.0151043	0.0318383	0.036787	0.0669056	0.092698	0.0245211	0.0042983	0.0144
140	0.0128923	0.00458587	0.00253756	0.00218265	0.00832231	0.00133004	0.00201297	0.426585	0.00139842	0.0711312	0.0318538	0.0269306	0.00316482	0.00266997	0.00318267	0.00697692	0.0129055	0.37416	0.00212232	0.00305502
141	0.0186575	0.00207645	0.00187205	0.00318063	0.226567	0.00223588	0.0209418	0.00267727	0.00123771	0.0159311	0.0034168	0.00256796	0.000837566	0.00253848	0.00731837	0.00440215	0.00488114	0.00899448	0.00589384	0.663772
142	0.0176671	0.00847387	0.000398277	0.000479408	0.00732238	0.000609609	0.00141061	0.372931	0.000288796	0.0899278	0.0155719	0.00158689	0.00135065	0.00205931	0.00319553	0.0031957	0.00972285	0.462276	0.000112988	0.00141933
143	0.0526386	0.00700696	0.0134737	0.0290014	0.1576	0.00691513	0.0548754	0.0825646	0.00791987	0.129519	0.018282	0.0126806	0.00655615	0.0266193	0.0125501	0.0199573	0.0245597	0.110868	0.0125036	0.213908
144	0.028707	0.00460769	0.235382	0.0555518	0.000903305	0.0101777	0.0319286	0.00136324	0.046225	0.00157228	0.000960324	0.258247	0.00892927	0.046479	0.096446	0.116685	0.0449831	0.00960944	0.000243436	0.000999018
145	0.0928153	0.00809836	0.0994814	0.137516	0.00654951	0.0352846	0.0344022	0.00837851	0.0831208	0.0373626	0.0166426	0.0582805	0.00056332	0.100228	0.109994	0.111075	0.0446654	0.0121554	0.000274918	0.00311174
146	0.0423631	0.00191301	0.028695	0.040462	0.0384933	0.0417051	0.440223	0.00306019	0.0135911	0.035102	0.00922517	0.048622	0.00179292	0.0530583	0.0656104	0.0134964	0.0388251	0.015204	0.000995728	0.0675626
147	0.032637	0.00144433	0.554885	0.116472	0.00250866	0.0426785	0.028808	0.00350917	0.0137003	0.00525417	0.0059661	0.0887774	0.00660797	0.0180155	0.0163379	0.0386395	0.0134958	0.00539015	0.000569272	0.00430318
148	0.0254513	0.00390854	0.00967236	0.0170483	0.1779	0.00322761	0.0359845	0.17057	0.00552185	0.186649	0.0468741	0.00837273	0.00226372	0.016484	0.01185	0.0141609	0.0179502	0.110546	0.00988135	0.125683
149	0.264176	0.0190319	0.0164309	0.00965417	0.0149077	0.430551	0.00461385	0.0071568	0.0026395	0.0187503	0.00448314	0.010999	0.00658537	0.00717988	0.0101847	0.0837867	0.0346858	0.0456288	0.0015355	0.00701954
150	0.0441132	0.0132812	0.0485261	0.0709999	0.00721914	0.0977982	0.155937	0.00212302	0.0845	0.0211145	0.0169627	0.125596	0.00144461	0.0681506	0.155715	0.0639895	0.0129721	0.00347999	0.000596678	0.00548087
151	0.0204637	0.00109066	0.641082	0.0443588	0.00142957	0.0216791	0.0388605	0.00388148	0.00300008	0.00222412	0.00159291	0.150544	0.00572449	0.00235844	0.012086	0.0349285	0.00578654	0.00492886	0.000411597	0.00356937
152	0.00679057	0.00217038	0.000531852	0.000726588	0.00343518	0.000608217	0.00046822	0.424538	0.000454271	0.346306	0.0283052	0.000623514	0.00295573	0.000552795	0.00211	0.00411753	0.00253801	0.172101	0.000169331	0.00049857
153	0.00702855	0.00186322	0.00061992	0.000760935	0.00375257	0.000675192	0.000470696	0.412121	0.000525436	0.36504	0.0314885	0.000689303	0.00324676	0.000546902	0.00222686	0.00431178	0.00292493	0.160829	0.000365451	0.000512306
154	0.150246	0.00871834	0.00884098	0.0174141	0.0014169	0.0163157	0.00312215	0.00347587	0.00361403	0.00898732	0.00130045	0.00526035	0.650571	0.00391536	0.00406928	0.0545814	0.0272117	0.0270375	0.000270906	0.00363087
155	0.0669903	0.000836495	0.0436015	0.0468008	0.0267337	0.0206635	0.0558918	0.0077726	0.0915397	0.0527924	0.0453798	0.0540986	0.0278331	0.0523435	0.178236	0.0893403	0.0487447	0.00791125	0.0144249	0.0680655
156	0.0574204	0.0111424	0.0177315	0.0252612	0.132973	0.0574078	0.105992	0.0157911	0.0361275	0.0397341	0.0755564	0.019562	0.000843492	0.0644191	0.0320153	0.0495714	0.00901172	0.0543674	0.0233308	0.171742
157	0.399707	0.0726892	0.0120562	0.0126706	0.00809214	0.0762121	0.00389907	0.00968686	0.00178059	0.00682068	0.00201154	0.00324972	0.0133447	0.00273585	0.00316576	0.149916	0.117956	0.10095	0.000693494	0.00236141
158	0.024124	0.00568521	0.00180564	0.00428908	0.219878	0.0041827	0.0569211	0.00500652	0.00108675	0.0252807	0.008339	0.00442231	0.000822672	0.00307399	0.0282034	0.00761531	0.0136448	0.0102412	0.011451	0.563927
159	0.0537332	0.00134186	0.0548241	0.060805	0.0185332	0.0153654	0.056462	0.00876334	0.0920621	0.0426541	0.0315503	0.0609827	0.0482894	0.054198	0.195205	0.0851624	0.056213	0.0112054	0.0105046	0.0421447
160	0.0277485	0.00543144	0.00907523	0.0200708	0.249181	0.00526518	0.0729963	0.0299042	0.00445551	0.114839	0.0215754	0.0100507	0.00173561	0.0198132	0.017229	0.013603	0.0180036	0.0544945	0.0547997	0.249728
161	0.0257824	0.00599155	0.00249869	0.00567913	0.209927	0.0046217	0.0569633	0.00693108	0.0018872	0.0282579	0.00953652	0.00527541	0.000865077	0.00504214	0.0280965	0.00901112	0.0142456	0.0127006	0.0106306	0.556056
162	0.0313994	0.0091204	0.0157922	0.0180966	0.179306	0.023872	0.0426457	0.0250159	0.0134119	0.0750739	0.0261754	0.0198582	0.0093355	0.018717	0.0304814	0.028131	0.0212133	0.0441812	0.268835	0.0993381
163	0.0283579	0.0404999	0.0174008	0.0894761	0.00827324	0.0566947	0.0156861	0.0471907	0.173716	0.0153538	0.0759428	0.0193323	0.00577898	0.0266008	0.225973	0.0633886	0.023938	0.0550599	0.0030748	0.00826211
164	0.0337551	0.00540187	0.362576	0.0498688	0.0127886	0.0716136	0.0418254	0.0143372	0.0196458	0.0154038	0.0119252	0.142976	0.0114464	0.0206559	0.0348625	0.0465557	0.019099	0.0178191	0.00543201	0.062013
165	0.0445934	0.0220156	0.0011482	0.0014025	0.0124572	0.00171825	0.00205657	0.261841	0.000879234	0.0998092	0.0310336	0.0025874	0.00348966	0.00393248	0.00304022	0.0118524	0.029671	0.464493	0.000290884	0.00168805
166	0.202693	0.00704521	0.0241276	0.0598154	0.0174551	0.265532	0.0175364	0.00866614	0.0173257	0.0194662	0.0117495	0.0239263	0.00756226	0.0360059	0.144183	0.0856671	0.0178823	0.0186491	0.00360431	0.0111071
167	0.0465361	0.00390526	0.0201544	0.0164816	0.00428939	0.0278479	0.00556282	0.00761837	0.0187295	0.0182603	0.00443518	0.106909	0.00805636	0.0282732	0.0536775	0.33283	0.281322	0.0109827	0.00117196	0.00295689
168	0.00666	0.00187657	0.000536504	0.000715892	0.00349351	0.000601761	0.000470918	0.414409	0.000439757	0.364334	0.0302443	0.000602668	0.00323475	0.00054375	0.00202671	0.00426402	0.0026884	0.162289	0.000185058	0.000383214
169	0.0333706	0.00073407	0.424659	0.201491	0.00183828	0.0870333	0.0256026	0.00340694	0.0245699	0.00615301	0.00857702	0.052906	0.000635595	0.0319953	0.0166427	0.0501712	0.0211804	0.00433438	0.000326325	0.00437203
170	0.500594	0.0250568	0.00205517	0.0117669	0.00154159	0.0157744	0.00268017	0.00169253	0.0013286	0.00699692	0.00841406	0.00231908	0.00267855	0.00899355	0.00236007	0.353477	0.0302036	0.0198733	0.000506516	0.00168724
171	0.016475	0.00099766	0.00154861	0.0025521	0.223494	0.00147875	0.013368	0.00134614	0.00114086	0.0107509	0.00141605	0.00182436	0.000798993	0.00178848	0.00184288	0.00316662	0.00224754	0.00731508	0.00041693	0.706031
172	0.00840812	0.00267858	0.00417234	0.00503723	0.307239	0.0138747	0.0579821	0.00317258	0.00334539	0.0820682	0.0202101	0.00438541	0.00225871	0.00556125	0.0187471	0.00780107	0.0052649	0.0319003	0.258095	0.157798
173	0.094361	0.0118785	0.0776379	0.341792	0.00234385	0.00336348	0.00229165	0.00264635	0.0150643	0.0234481	0.00262139	0.0327099	0.00176591	0.276694	0.0512876	0.0385533	0.014371	0.00399759	0.000881199	0.00229036
174	0.280785	0.0260194	0.00943927	0.00957789	0.00612177	0.0583788	0.00430768	0.00781579	0.00784506	0.0122157	0.00317902	0.0273834	0.00664082	0.0081678	0.0132369	0.245235	0.235682	0.0342242	0.000949102	0.00279542
175	0.0139719	0.00685211	0.0054797	0.00691156	0.00424133	0.00677348	0.201356	0.00624913	0.00396972	0.00691443	0.00461883	0.425965	0.00263355	0.0980111	0.00925776	0.168731	0.00935039	0.00977016	0.00174198	0.00720123
176	0.007608	0.00248915	0.00361271	0.00413169	0.0445456	0.00344831	0.0154076	0.0714707	0.0156675	0.182872	0.454612	0.00457937	0.00205298	0.0973072	0.0297821	0.00879922	0.0323782	0.0151688	0.00102958	0.00303656
177	0.0578302	0.00194766	0.426732	0.171714	0.00319423	0.0672294	0.0191171	0.00262922	0.0221537	0.00611698	0.0123065	0.0706174	0.00308217	0.0392365	0.0215778	0.0477254	0.0182681	0.00448259	0.000433537	0.00360537
178	0.00486835	0.00156206	0.00219666	0.00296683	0.133555	0.00235415	0.00359561	0.0201049	0.00296939	0.402334	0.296112	0.00281876	0.00147983	0.0641597	0.00563031	0.0122217	0.0148541	0.0236054	0.000629298	0.00198234
179	0.0770175	0.0785224	0.000943056	0.00121816	0.0200892	0.00501979	0.000975443	0.165586	0.000721786	0.256701	0.0495438	0.0011809	0.00389555	0.00523489	0.00107303	0.0159039	0.0220716	0.291843	0.000491557	0.00196679
180	0.109082	0.00353582	0.00996532	0.022517	0.00240922	0.0199528	0.000991024	0.00366482	0.00435402	0.0123602	0.00135143	0.00636527	0.735388	0.00429518	0.00629135	0.0233987	0.0154566	0.0125094	0.000295523	0.00581705
181	0.0946538	0.00348793	0.0103836	0.0201192	0.000696873	0.0194939	0.00076175	0.00374421	0.00404624	0.0104725	0.000821773	0.00394296	0.765063	0.00401455	0.00390119	0.0216845	0.0161758	0.012816	0.000235104	0.00348507
182	0.456489	0.037881	0.00477728	0.00698242	0.00362439	0.0198443	0.0282171	0.0037816	0.00232876	0.00553991	0.00348632	0.00609017	0.0534231	0.00460906	0.00430474	0.202172	0.069801	0.083288	0.0009714	0.00238879
183	0.0139393	0.00109964	0.0205086	0.0159332	0.00631312	0.00822865	0.0570528	0.0106018	0.198632	0.0230864	0.0138464	0.0460362	0.00423927	0.0775755	0.371539	0.0542989	0.0537828	0.00844595	0.00351146	0.0113292
184	0.0401375	0.00473853	0.0397351	0.0336938	0.0638369	0.0131585	0.00845254	0.28029	0.0214775	0.11051	0.0271701	0.0361749	0.000934722	0.0121386	0.0439161	0.0194906	0.0822417	0.138412	0.000611384	0.0228801
185	0.0541492	0.00569599	0.0458103	0.0439552	0.034093	0.0113877	0.0104122	0.270004	0.0271795	0.0988793	0.0173238	0.0438433	0.000918664	0.0161307	0.0498217	0.0244694	0.0904371	0.138447	0.000831688	0.0162103
186	0.0646525	0.000884175	0.0436102	0.048155	0.0294435	0.021045	0.0579858	0.00746544	0.0891892	0.0530344	0.0454494	0.0539594	0.0282307	0.053234	0.176287	0.0879629	0.048745	0.00804188	0.0146194	0.0680047
187	0.0531464	0.00721706	0.0538657	0.0550077	0.0254564	0.0114131	0.00624379	0.241727	0.0296893	0.113393	0.0187203	0.0418459	0.000945507	0.0220441	0.0514104	0.0208417	0.108884	0.12779	0.000917951	0.00944095
188	0.0288925	0.00447427	0.242024	0.0560974	0.00105899	0.012455	0.0318737	0.00158357	0.0443025	0.00169593	0.00116488	0.261373	0.00881623	0.0457758	0.0919068	0.113261	0.0424858	0.00950696	0.000224159	0.00102737
189	0.0666616	0.0783134	0.00130208	0.0069656	0.00100649	0.0015621	0.00100092	0.0010652	0.000876245	0.00584544	0.00583518	0.00235186	0.000829741	0.00161571	0.00133352	0.710842	0.0877567	0.0235298	0.00031584	0.00099003
190	0.029718	0.00211205	0.00318129	0.00440589	0.0237187	0.00452838	0.000893857	0.266054	0.00932439	0.400055	0.0962862	0.0065625	0.00305049	0.00103691	0.0121287	0.0107616	0.0172821	0.0896539	0.0104845	0.00876144
191	0.0181788	0.00749532	0.000357578	0.000401173	0.0113495	0.000696227	0.00174794	0.353114	0.000233507	0.0752365	0.0241307	0.00219596	0.00190408	0.00261232	0.00310516	0.00301764	0.0129684	0.479869	8.44267e-05	0.00130185
