217	20
1	0.0152901	0.00169456	0.0010499	0.000804585	0.0116346	0.00126532	0.00117305	0.436232	0.00449776	0.20697	0.0237158	0.00035314	0.00138613	0.00134568	0.00450978	0.00178405	0.00964207	0.273387	0.000789462	0.00247511
2	0.0174598	0.000855351	0.465213	0.209177	0.00875562	0.00946417	0.0291387	0.00741305	0.0219805	0.00497978	0.0032686	0.140739	0.00662063	0.0169372	0.00758086	0.0364489	0.00805416	0.00297595	0.000309616	0.00262771
3	0.011987	0.000913809	0.00125957	0.000585321	0.00871738	0.00122192	0.00144957	0.459758	0.0057453	0.173512	0.0265817	0.000351891	0.000121719	0.00142731	0.00637891	0.000958836	0.0108231	0.284911	0.00113797	0.00215788
4	0.0475437	0.000885986	0.0243663	0.0109866	0.00675544	0.804204	0.0030549	0.0023317	0.00164911	0.00242974	0.00448375	0.0256413	0.000505271	0.00558113	0.000918039	0.0425522	0.00496206	0.0101317	0.000177232	0.000839693
5	0.112202	0.00866287	0.00492958	0.00676469	0.00420057	0.033674	0.0111229	0.0138174	0.0182358	0.0108291	0.00662343	0.0491055	0.00976373	0.00836037	0.00778759	0.456894	0.209407	0.0185892	0.000456871	0.00857363
6	0.0927183	0.0112775	0.00208795	0.0103871	0.00264547	0.0321772	0.0191892	0.0153595	0.0232012	0.0115412	0.00848034	0.0380206	0.0160159	0.0130817	0.0122533	0.431721	0.233103	0.0130031	0.000529596	0.0132064
7	0.0320546	0.00363934	0.019936	0.0438248	0.00805736	0.0223871	0.0314485	0.0171556	0.306691	0.0220472	0.0117388	0.0474735	0.00489317	0.0723628	0.163737	0.0791309	0.0639333	0.0276206	0.00731206	0.014557
8	0.0042733	0.0169655	0.000890346	0.0012416	0.00559578	0.00428521	0.000893564	0.330573	0.00514509	0.0292991	0.0157396	0.000899144	0.000334717	0.00104341	0.00103617	0.00925482	0.0769639	0.493821	0.00032966	0.00141505
9	0.220574	0.0721206	0.00149227	0.00813276	0.01319	0.0238115	0.0152591	0.0419235	0.0540196	0.0456065	0.0197567	0.0256463	0.000410734	0.00596659	0.03397	0.167738	0.0976933	0.134041	0.000259131	0.0183884
10	0.395448	0.10993	0.00207755	0.00241486	0.0190814	0.0160996	0.00242558	0.0222113	0.00260901	0.0268535	0.0150909	0.00264385	0.00079034	0.001967	0.00217042	0.038808	0.131331	0.204531	0.000497838	0.00301987
11	0.0764415	0.0162483	0.000952558	0.00112309	0.0183406	0.00938621	0.000724746	0.274547	0.00272987	0.204907	0.0728866	0.000780736	0.000337461	0.00345996	0.00158361	0.0134877	0.0472818	0.248493	0.000330124	0.00595827
12	0.035097	0.00436101	0.000236432	0.000329899	0.0205571	0.00181827	0.000249934	0.457841	0.000601288	0.0520417	0.0157445	0.00026453	0.000113916	0.00141523	0.000256293	0.00524341	0.00732594	0.39081	9.60916e-05	0.00559676
13	0.403749	0.00203992	0.00480119	0.00548873	0.00267696	0.466294	0.00677885	0.00559175	0.00631629	0.00536556	0.00362793	0.00243668	0.000852285	0.00239298	0.00211284	0.0333993	0.00770298	0.0354566	0.000682784	0.00223386
14	0.0450116	0.00113306	0.108838	0.245856	0.0031109	0.0119188	0.0248256	0.0107002	0.10411	0.0180049	0.0116568	0.095738	0.000158914	0.103262	0.105896	0.0538353	0.0262863	0.0171837	0.000120785	0.0123523
15	0.0344986	0.00426944	0.000232084	0.000325584	0.0206794	0.00168336	0.000248824	0.459507	0.000539968	0.0508994	0.0154085	0.000253459	0.000113331	0.00143104	0.000281153	0.0050449	0.00644549	0.392346	8.82579e-05	0.00570399
16	0.0154685	0.000511882	0.0020802	0.000502028	0.00507644	0.000670348	0.00184033	0.406163	0.00757927	0.20641	0.0263462	0.000386304	0.000179533	0.00185914	0.00894181	0.00111226	0.0129402	0.299954	0.00146166	0.000517513
17	0.0929915	0.00417297	0.0570091	0.0604889	0.00375402	0.126233	0.0217565	0.0148312	0.0631708	0.0434922	0.0124065	0.0765201	0.0300782	0.0417272	0.0549284	0.21364	0.0614944	0.0152952	0.00118194	0.00482776
18	0.0387032	0.000852591	0.00458406	0.0294244	0.0531729	0.0120901	0.0140567	0.198732	0.0258879	0.117843	0.0818367	0.00933179	0.000452546	0.00412135	0.0271671	0.0514024	0.0562254	0.243655	0.000560254	0.0299
19	0.0310916	0.00303995	0.0259723	0.0573653	0.00256011	0.0232822	0.0343169	0.0185717	0.243604	0.0136577	0.00459327	0.0545469	0.00640561	0.0806723	0.215226	0.0864956	0.0646841	0.0246237	0.00206879	0.00722176
20	0.0492605	0.00278194	0.0570432	0.035545	0.011636	0.671569	0.0104149	0.00300631	0.00969169	0.00405495	0.00677966	0.0445228	0.00324441	0.0108499	0.00507791	0.0485312	0.00949915	0.0137075	0.000222621	0.00256169
21	0.0144434	0.00504796	0.00198183	0.00389926	0.0335696	0.0046063	0.00304379	0.327307	0.00425651	0.164792	0.207553	0.00204965	0.000868041	0.00287767	0.00242303	0.00511178	0.0124604	0.196168	0.000963314	0.0065781
22	0.0310916	0.00303995	0.0259723	0.0573653	0.00256011	0.0232822	0.0343169	0.0185717	0.243604	0.0136577	0.00459327	0.0545469	0.00640561	0.0806723	0.215226	0.0864956	0.0646841	0.0246237	0.00206879	0.00722176
23	0.0168162	0.00808324	0.00357047	0.0208627	0.00145787	0.0170072	0.00446896	0.00496128	0.423855	0.023972	0.0186054	0.0396704	0.000806045	0.0415178	0.322394	0.0180652	0.0105593	0.00570601	0.00037771	0.0172434
24	0.0487338	0.00183718	0.0447078	0.0296741	0.00798954	0.715484	0.00508732	0.00224393	0.00681637	0.00337619	0.00612997	0.0447337	0.00336764	0.00798084	0.00232536	0.0479759	0.00851037	0.0113049	0.000193928	0.00152723
25	0.0444811	0.000799887	0.00903905	0.0346996	0.0190499	0.0213035	0.0170915	0.192683	0.0530826	0.05335	0.0808824	0.0226838	0.000316859	0.0129239	0.033104	0.0994559	0.093105	0.187901	0.000248727	0.023799
26	0.0266762	0.00556922	0.000304512	0.000597462	0.0176275	0.00205339	0.000283904	0.491389	0.000773429	0.0598275	0.015205	0.000377633	0.000159021	0.00120909	0.000367431	0.00558733	0.0110036	0.355779	9.07176e-05	0.00511972
27	0.0755771	0.00907068	0.0149542	0.00536308	0.00563267	0.0062941	0.00316043	0.253547	0.01874	0.0133787	0.00805489	0.0468503	0.0011442	0.00392179	0.0160621	0.0708552	0.118291	0.321715	0.00196009	0.00542744
28	0.010861	0.000990428	0.520859	0.0962638	0.0066245	0.00884418	0.0320763	0.00627829	0.0188534	0.00260353	0.00151564	0.238249	0.00042599	0.0100008	0.00106325	0.0361712	0.00211052	0.00332683	0.000366015	0.00251677
29	0.02262	0.00505072	0.0045122	0.0218957	0.0476081	0.0159387	0.00530779	0.260168	0.00671773	0.340746	0.0620844	0.00200208	0.0170096	0.0119623	0.0250643	0.0135609	0.0187104	0.0959625	0.00388578	0.0191919
30	0.0277262	0.000537826	0.305608	0.392442	0.00592465	0.0108198	0.0188042	0.00630083	0.0320208	0.00820027	0.00587503	0.0534905	0.0192605	0.0301382	0.0187797	0.0433603	0.0179192	0.00177273	0.000174396	0.000844708
31	0.116406	0.00058426	0.048198	0.0669289	0.000755705	0.0553522	0.0266293	0.00744791	0.0800031	0.0407921	0.0112992	0.0968984	0.0292995	0.0549482	0.0647981	0.240881	0.0521617	0.0050202	0.000866496	0.000730424
32	0.391698	0.0612353	0.00208987	0.00292215	0.0100813	0.0227514	0.00206688	0.074634	0.00234273	0.1111	0.0381483	0.00239145	0.000635117	0.00209004	0.00196693	0.0197485	0.0532987	0.196465	0.000402586	0.00393208
33	0.0561965	0.00120395	0.0866637	0.253025	0.00462368	0.0177529	0.0276354	0.0122718	0.1003	0.0234312	0.0106551	0.0789312	0.000194589	0.123829	0.0858575	0.0541608	0.0316244	0.0180413	0.000282676	0.013319
34	0.507641	0.0200468	0.00176874	0.000487743	0.00122281	0.0188249	0.000465855	0.0107062	0.00412826	0.00832547	0.00262651	0.00268977	0.000213882	0.00232861	0.00641154	0.32685	0.0424704	0.0370072	0.000138214	0.00564581
35	0.00597882	0.0024369	0.000369196	0.00124033	0.0185514	0.00292403	0.000689085	0.587666	0.000798829	0.142758	0.0304836	0.000417363	0.000167895	0.000444966	0.000746404	0.00120835	0.00794847	0.189039	0.000153985	0.00597676
36	0.0313053	0.00312198	0.0254837	0.0570944	0.00249827	0.0235996	0.0337491	0.0183686	0.245946	0.0134905	0.00459757	0.0543427	0.00623044	0.0802347	0.216567	0.0856953	0.0641999	0.0243652	0.00196151	0.00714781
37	0.0561267	0.00119583	0.0857723	0.251205	0.00414266	0.0167015	0.0264229	0.0123508	0.103266	0.0234597	0.0113483	0.0787078	0.00013306	0.123769	0.0910355	0.0532997	0.0299617	0.0179254	0.000156899	0.0130193
38	0.383015	0.0901283	0.00139908	0.00161704	0.00191981	0.0162298	0.00474619	0.0348709	0.00309238	0.039022	0.0122456	0.00221466	0.000576811	0.00193692	0.00261314	0.268191	0.0618952	0.0694722	0.000331189	0.00448358
39	0.0138508	0.000411518	0.00172256	0.000457955	0.00506402	0.000517466	0.00206173	0.395525	0.00877521	0.18244	0.0260878	0.000391837	0.00014772	0.00214979	0.0103223	0.000964753	0.0132155	0.333803	0.00170918	0.000381321
40	0.0579345	0.00115891	0.093652	0.257348	0.00720736	0.0227486	0.034104	0.0111346	0.0799415	0.021778	0.0085479	0.0862683	0.000333318	0.122268	0.0618262	0.059806	0.0391937	0.0203736	0.00101864	0.0133568
41	0.0559171	0.00118778	0.0864666	0.25231	0.00426659	0.0169571	0.0267454	0.012311	0.102509	0.0233752	0.0111837	0.0787172	0.000142139	0.123983	0.0892399	0.0530524	0.0303286	0.0179749	0.000182715	0.0131496
42	0.302827	0.0650826	0.00169413	0.00218747	0.00866912	0.0263948	0.00136261	0.118207	0.00228508	0.166753	0.0494738	0.00190958	0.000742987	0.00256286	0.00181518	0.00808887	0.0198568	0.215756	0.000490499	0.00383987
43	0.0343005	0.00497102	0.0326587	0.177364	0.00271636	0.0229462	0.0212694	0.0285567	0.158217	0.0161433	0.0109202	0.043084	0.00343299	0.0936942	0.155	0.093416	0.0485876	0.0422477	0.00136877	0.00910478
44	0.0602475	0.00158152	0.0661747	0.137913	0.00216762	0.0138601	0.0239206	0.0187114	0.0701699	0.0515731	0.0505825	0.0909429	0.00112906	0.103332	0.157867	0.0822599	0.0261592	0.0341593	0.000321518	0.00692808
45	0.0723264	0.00222088	0.029782	0.0355236	0.00743276	0.0124924	0.00750752	0.140378	0.0397988	0.0456432	0.157755	0.0275444	0.00099584	0.0510062	0.0265468	0.104986	0.0884341	0.13617	0.000528487	0.0129267
46	0.505741	0.0214934	0.00160575	0.000491674	0.00115268	0.0176602	0.000600344	0.011525	0.00403641	0.00949486	0.00280373	0.00254072	0.000202914	0.00235712	0.00612035	0.325446	0.0426132	0.038363	0.0001418	0.00561
47	0.0377927	0.0104825	0.137198	0.110201	0.00577336	0.352999	0.00990701	0.00235689	0.0360132	0.0113655	0.00490834	0.126787	0.0199402	0.0181795	0.00699234	0.0563124	0.0301476	0.0149236	0.000251239	0.00746953
48	0.103761	0.0129591	0.00550868	0.00582244	0.0033656	0.00368102	0.00589055	0.142834	0.00153998	0.0639682	0.0108981	0.00151428	0.000422798	0.0012209	0.00587368	0.0198425	0.0946915	0.511309	0.00205416	0.00284302
49	0.123558	0.00418494	0.0071586	0.00516617	0.00678428	0.085685	0.00780582	0.0117619	0.0204874	0.00971853	0.00649662	0.0596515	0.0106962	0.00682933	0.00608315	0.464235	0.134904	0.0218161	0.000570481	0.00640727
50	0.0060703	0.00182907	0.000315918	0.0012518	0.0210394	0.00330927	0.000626931	0.581112	0.000487371	0.144901	0.0337887	0.000358493	0.00014461	0.000355088	0.000410345	0.000922117	0.00620414	0.190045	9.73134e-05	0.00673034
51	0.0998705	0.00438169	0.00490615	0.0050539	0.00217707	0.0623387	0.0132885	0.031372	0.0336587	0.0282029	0.0180917	0.0289762	0.0631737	0.0121018	0.0123238	0.398704	0.155675	0.0110817	0.000428998	0.0141926
52	0.0655287	0.00401263	0.0360364	0.0243828	0.0146552	0.543329	0.00656888	0.00570799	0.0126319	0.0069252	0.00714558	0.0629402	0.00905997	0.0105586	0.00491824	0.128531	0.0363223	0.0164854	0.000636183	0.00362414
53	0.115959	0.00058621	0.0482847	0.0668446	0.0007558	0.0554743	0.0266823	0.00740696	0.0799718	0.0407419	0.0113559	0.0970793	0.0293825	0.0548703	0.0649791	0.240953	0.0520542	0.00502672	0.000866495	0.000725202
54	0.0380385	0.00558155	0.085579	0.198965	0.0155883	0.0305272	0.0859892	0.0162879	0.063465	0.0632959	0.0153467	0.0734216	0.00168756	0.0907711	0.0252419	0.0823017	0.0404125	0.0169183	0.00133044	0.0492506
55	0.0160699	0.0170744	0.00103419	0.00127726	0.00646979	0.00565123	0.00110457	0.339258	0.00423726	0.0446728	0.0134124	0.000812584	0.000355938	0.00092908	0.00114637	0.0130449	0.0740152	0.456718	0.000760126	0.00195583
56	0.0318053	0.00295055	0.0271256	0.0586582	0.002547	0.0227753	0.0343501	0.0188584	0.237542	0.014486	0.00565353	0.0550213	0.00621757	0.0821939	0.213735	0.087096	0.0647408	0.0251991	0.00206551	0.00697869
57	0.0310916	0.00303995	0.0259723	0.0573653	0.00256011	0.0232822	0.0343169	0.0185717	0.243604	0.0136577	0.00459327	0.0545469	0.00640561	0.0806723	0.215226	0.0864956	0.0646841	0.0246237	0.00206879	0.00722176
58	0.065309	0.00285226	0.0584039	0.0428938	0.0126472	0.600099	0.00882985	0.0034601	0.0119028	0.00533692	0.011628	0.0505779	0.00741806	0.01339	0.00635611	0.0623466	0.0125862	0.0212856	0.000408986	0.00226748
59	0.0409158	0.000693241	0.0076617	0.0348156	0.0340693	0.0181699	0.0150856	0.193391	0.0371241	0.0847979	0.0873473	0.0164252	0.00032306	0.00793826	0.0288162	0.0707309	0.0729687	0.220191	0.000304226	0.0282309
60	0.0845589	0.016615	0.0040579	0.00341117	0.010211	0.00873644	0.00287926	0.212406	0.00413023	0.0509214	0.00689324	0.00557425	0.000445461	0.00159629	0.00432467	0.0396166	0.0966276	0.433148	0.00611787	0.00772845
61	0.13418	0.00255836	0.0132578	0.00493181	0.00309828	0.081757	0.00554846	0.0545911	0.0590774	0.0510466	0.0232778	0.0289486	0.112275	0.00722056	0.0187379	0.258919	0.112218	0.0119005	0.000625847	0.0158301
62	0.0182236	0.00106965	0.00164698	0.00102157	0.00976077	0.00127749	0.00190525	0.381109	0.00786718	0.178291	0.0261374	0.000434072	0.000203999	0.00202271	0.0106722	0.00198514	0.017684	0.33594	0.00153011	0.0012183
63	0.0177981	0.00090308	0.494151	0.151833	0.0109175	0.0104162	0.0334432	0.00867037	0.0183775	0.00405982	0.00259704	0.167208	0.00320347	0.01784	0.00432598	0.037486	0.00721675	0.00521812	0.000516271	0.0038187
64	0.0147789	0.000624574	0.00161383	0.000437348	0.00581243	0.000602155	0.00191915	0.398266	0.00836221	0.172861	0.025713	0.000380036	0.000135168	0.00206709	0.00953176	0.00123859	0.0125512	0.340855	0.00156477	0.000685798
65	0.0558574	0.00117957	0.0875052	0.255764	0.0045782	0.0175204	0.0268554	0.0121394	0.100211	0.0230519	0.011017	0.0789479	0.000155413	0.122803	0.0865953	0.0528648	0.0311446	0.0186928	0.00022285	0.0128928
66	0.113315	0.000604875	0.0473956	0.0688482	0.000815987	0.0475776	0.0266888	0.0079046	0.0790031	0.0425067	0.0174116	0.0997652	0.0243495	0.0586919	0.0896407	0.21998	0.0461778	0.00784802	0.000554598	0.000919409
67	0.41689	0.0285184	0.00239279	0.00547735	0.0282809	0.0264381	0.00212232	0.0554727	0.00349437	0.147243	0.0221454	0.00483513	0.00108153	0.00298301	0.00285892	0.0209648	0.0357977	0.184619	0.000826253	0.00755764
68	0.0512595	0.00215288	0.078091	0.25318	0.00355004	0.0170597	0.0242149	0.0149111	0.107053	0.021739	0.011002	0.0715747	0.000306121	0.124202	0.0965697	0.0576099	0.0305857	0.0220908	0.000197435	0.01265
69	0.00849967	0.00193847	0.000734693	0.00111516	0.0137668	0.00213994	0.000981592	0.537872	0.00254761	0.15526	0.030683	0.000290093	0.000119037	0.000725316	0.00270861	0.000947514	0.0114838	0.223713	0.000511289	0.00396197
70	0.0162615	0.000924973	0.000886968	0.00155287	0.0188352	0.00125811	0.0008435	0.334551	0.00110669	0.535831	0.0146564	0.000846902	0.00329816	0.000876319	0.00102612	0.00168939	0.0022693	0.0622217	0.000268849	0.000795233
71	0.0279095	0.00716833	0.0994533	0.223955	0.0190242	0.0261718	0.0936115	0.0149005	0.0667999	0.082243	0.0190256	0.0502961	0.00139436	0.0732179	0.0213809	0.0622181	0.0356995	0.0138607	0.00072543	0.060944
72	0.103239	0.0128828	0.00555737	0.0058683	0.00342124	0.00363512	0.00589743	0.143699	0.00154961	0.0637167	0.0108494	0.00151845	0.000425859	0.00122035	0.00589288	0.0201038	0.0949206	0.510698	0.00207121	0.00283318
73	0.00740074	0.00715625	0.00134569	0.0251303	0.0222663	0.00412921	0.00511604	0.464116	0.00205343	0.26726	0.0520498	0.0011999	0.00346946	0.00220798	0.00351514	0.00363787	0.0149894	0.106883	0.00118549	0.00488791
74	0.0985851	0.00593507	0.00657038	0.0362406	0.0037174	0.0390784	0.00577492	0.0531328	0.0101214	0.0201599	0.00538338	0.0214427	0.463793	0.0353195	0.016326	0.0500922	0.055692	0.0690045	0.000760903	0.00286996
75	0.0304928	0.0036119	0.0230948	0.0606955	0.00322928	0.0240473	0.0239216	0.021244	0.204653	0.0418944	0.0202877	0.0548419	0.00417647	0.11347	0.208914	0.0707117	0.0481454	0.0273833	0.00186087	0.0133237
76	0.0609511	0.00103601	0.0995293	0.233199	0.0141304	0.0359386	0.0537125	0.0130522	0.0281526	0.0154073	0.00748294	0.105777	0.000471204	0.134088	0.0166296	0.0802288	0.0490815	0.0321211	0.00324258	0.0157682
77	0.0040716	0.00132277	0.00124103	0.00138683	0.392343	0.00759794	0.00106789	0.0206604	0.0018661	0.0163114	0.0137031	0.00136241	0.000668725	0.00144251	0.00147675	0.00318385	0.00299788	0.0100369	0.0234621	0.493796
78	0.0433557	0.000903733	0.00842912	0.0343234	0.0190687	0.0202046	0.0175372	0.196762	0.0551065	0.0517532	0.0774081	0.0213684	0.000319932	0.0121518	0.0342089	0.0998508	0.0945224	0.18828	0.00026334	0.0241828
79	0.0152793	0.000580001	0.00169606	0.000498837	0.0057668	0.000760095	0.00197798	0.394273	0.008411	0.181517	0.0264447	0.000389649	0.00013493	0.00202968	0.0100959	0.00128574	0.0141986	0.332451	0.00163471	0.000575041
80	0.0221189	0.00409924	0.388231	0.111602	0.00791286	0.143826	0.0231468	0.00552685	0.0245595	0.00610206	0.00350035	0.17408	0.00614925	0.0127959	0.00443674	0.0384965	0.0104334	0.00799211	0.00040151	0.00458881
81	0.010861	0.000990428	0.520859	0.0962638	0.0066245	0.00884418	0.0320763	0.00627829	0.0188534	0.00260353	0.00151564	0.238249	0.00042599	0.0100008	0.00106325	0.0361712	0.00211052	0.00332683	0.000366015	0.00251677
82	0.1199	0.00712836	0.00932967	0.0234419	0.00249505	0.0659876	0.00689906	0.0448143	0.0150745	0.0120406	0.00414423	0.0194722	0.483814	0.0270112	0.00890457	0.0675867	0.0383	0.0409643	0.00059146	0.00210019
83	0.0136126	0.000459561	0.0017089	0.000476693	0.00495093	0.000554858	0.00214317	0.395025	0.00908732	0.182026	0.025928	0.000406303	0.000158179	0.00228309	0.0105878	0.000971588	0.0133133	0.334126	0.00179699	0.00038375
84	0.0398349	0.00471593	0.075936	0.0510586	0.00666668	0.616446	0.00479669	0.00212562	0.015096	0.00596895	0.00549983	0.0798032	0.00708982	0.0084854	0.00224337	0.0442969	0.0144414	0.0117493	0.000285939	0.0034592
85	0.0111715	0.00695561	0.00254984	0.0100749	0.0721072	0.00894157	0.0150567	0.246704	0.00968821	0.345392	0.0892437	0.00260367	0.00454101	0.00539528	0.0112669	0.00848832	0.0156485	0.0970212	0.0126851	0.0244647
86	0.240459	0.050701	0.00102417	0.00684114	0.0154678	0.0288141	0.0189332	0.041193	0.0539149	0.0455779	0.0204262	0.0286191	0.00033007	0.00696583	0.0249561	0.18339	0.0984397	0.114542	0.000186798	0.0192178
87	0.390936	0.0038431	0.00626449	0.00618463	0.00288869	0.449288	0.00737636	0.00652932	0.0071275	0.0058741	0.00388676	0.00357531	0.00100387	0.00277066	0.0023085	0.0525146	0.0113068	0.0331143	0.000896162	0.00231118
88	0.0431433	0.000773203	0.00915427	0.0341038	0.021245	0.0217459	0.0182578	0.190792	0.0502659	0.0573974	0.0832594	0.0230751	0.000295021	0.0113347	0.0330678	0.0943892	0.0913071	0.192284	0.000238495	0.023871
89	0.0303223	0.00330135	0.0230055	0.0535591	0.00231068	0.0255006	0.0308127	0.0170355	0.260107	0.0134053	0.00513092	0.0536028	0.00547865	0.0746086	0.230372	0.080361	0.0600153	0.021904	0.0017131	0.00745392
90	0.00717214	0.00285075	0.000877631	0.00424271	0.0396398	0.00423639	0.00376545	0.210213	0.00821548	0.388943	0.117517	0.000991091	0.00106021	0.00152379	0.00448944	0.00440255	0.0178085	0.168543	0.00149714	0.0120113
91	0.0569225	0.00131196	0.089624	0.260733	0.00586817	0.0206348	0.0306873	0.0117081	0.0888618	0.0219924	0.00940712	0.079946	0.000340958	0.121398	0.0721909	0.0569186	0.037539	0.0201274	0.000688677	0.0130989
92	0.293716	0.0260202	0.00479549	0.00188017	0.00399411	0.0988667	0.0025088	0.0515506	0.00446149	0.0371307	0.0182141	0.00199892	0.000641654	0.0020136	0.00328459	0.12387	0.0742499	0.247642	0.000464956	0.00269516
93	0.0394741	0.00130966	0.156311	0.226535	0.00273274	0.00921514	0.0250863	0.00883163	0.0852982	0.0154878	0.0162501	0.107021	0.00153275	0.0745344	0.12345	0.0584185	0.0224681	0.0172909	0.000202039	0.0085515
94	0.340497	0.00677742	0.00378674	0.0219241	0.0678804	0.00950338	0.00378169	0.0547584	0.00563139	0.0844208	0.0272069	0.0221508	0.00157172	0.00419249	0.003769	0.0120722	0.0742934	0.211901	0.000931544	0.0429497
95	0.032101	0.022735	0.0524188	0.041079	0.0467219	0.0132317	0.232858	0.0248636	0.020765	0.114173	0.0173593	0.02991	0.001387	0.0757006	0.00646276	0.0379307	0.0432918	0.0320872	0.00113105	0.153793
96	0.0118651	0.000854354	0.00129541	0.000881472	0.00962371	0.00141869	0.0015575	0.458167	0.00504156	0.185846	0.0349907	0.000363371	0.000149995	0.00124299	0.00549642	0.000893318	0.0104664	0.26678	0.000970603	0.00209475
97	0.0340536	0.00425114	0.000225463	0.00032463	0.0205775	0.00170194	0.000249625	0.462373	0.000536442	0.0519378	0.0156413	0.000259324	0.000112298	0.0014007	0.000256524	0.0050562	0.00650596	0.388766	8.28336e-05	0.00568806
98	0.226178	0.0510145	0.00191456	0.00686309	0.0160037	0.0290503	0.0169781	0.0462546	0.0553597	0.0505596	0.0223243	0.0258218	0.000399217	0.0064246	0.0239745	0.176646	0.103138	0.121142	0.000204337	0.0197496
99	0.386394	0.0892565	0.00174548	0.00202943	0.00335918	0.0636551	0.0104664	0.0589824	0.00279406	0.0400737	0.0296854	0.00191258	0.000529118	0.00167854	0.00182054	0.134451	0.071756	0.093759	0.000421047	0.00523013
100	0.114873	0.000593586	0.0483606	0.0676245	0.000953645	0.0567445	0.0265536	0.00753604	0.0793364	0.0407655	0.011845	0.0959286	0.0322159	0.0552713	0.0637075	0.238765	0.0519917	0.00529758	0.000866582	0.000769417
101	0.0626792	0.00112063	0.0748389	0.179104	0.00262015	0.0125201	0.0253507	0.0135955	0.0872553	0.0374554	0.0302379	0.0940151	0.000241536	0.112127	0.1481	0.0629877	0.0256404	0.0221087	0.000164682	0.00783751
102	0.0739473	0.00242866	0.0509289	0.0759941	0.00257015	0.0405992	0.0291733	0.0127263	0.135668	0.0289789	0.00938001	0.0917921	0.0171909	0.0701153	0.11078	0.163563	0.0626417	0.0144992	0.00187723	0.00514544
103	0.00321594	0.000875108	0.000647992	0.00483424	0.0377223	0.00412383	0.00377818	0.187322	0.00968228	0.414315	0.0808439	0.000701039	0.000733566	0.000685284	0.0030309	0.0031735	0.0235602	0.206105	0.000799158	0.0138499
104	0.0251695	0.0124337	0.0117968	0.0645048	0.00176486	0.00820441	0.00613959	0.245559	0.0811748	0.0935828	0.0180392	0.0320174	0.000443451	0.0564321	0.105374	0.00361107	0.0477649	0.17549	0.000371243	0.010126
105	0.0305295	0.00320711	0.0241669	0.0545492	0.00234771	0.0244911	0.0315429	0.0169545	0.258101	0.013014	0.00474236	0.0536429	0.00574216	0.076098	0.227672	0.08019	0.0616247	0.0225133	0.0017297	0.00714126
106	0.298178	0.104147	0.00121214	0.00320792	0.00251098	0.0182447	0.0074499	0.056445	0.00493337	0.054987	0.0191021	0.00685386	0.000871025	0.00185861	0.00246998	0.240331	0.0895751	0.0804896	0.000376557	0.00675618
107	0.0346549	0.00438559	0.000243812	0.000354693	0.021142	0.00172397	0.000261175	0.457658	0.000569945	0.0516245	0.0155623	0.00025702	0.000113436	0.0014123	0.000318521	0.00501292	0.00678071	0.392179	8.42277e-05	0.00566114
108	0.0558663	0.00120086	0.0863905	0.252883	0.0043312	0.0171244	0.0269223	0.0123169	0.102081	0.0233975	0.0110892	0.0785956	0.000153009	0.124107	0.088531	0.053121	0.030483	0.018012	0.000204139	0.0131897
109	0.031303	0.00324684	0.0247894	0.0563586	0.00241784	0.0245785	0.0331269	0.0176506	0.250294	0.0133329	0.00462769	0.0542902	0.00594236	0.0780558	0.220714	0.08441	0.062391	0.0234831	0.00185453	0.00713316
110	0.353358	0.0946451	0.00103833	0.00207404	0.00255243	0.0242887	0.00980625	0.0570366	0.00546261	0.058182	0.0239593	0.00396094	0.000545313	0.00186056	0.00281138	0.202071	0.0738867	0.0758532	0.000344796	0.00626329
111	0.0375169	0.00990601	0.133383	0.106366	0.00560225	0.372123	0.00932036	0.00230765	0.0349438	0.011288	0.00494336	0.124091	0.0186779	0.0171442	0.00647369	0.0556505	0.0284765	0.0144746	0.000237802	0.00707304
112	0.0683518	0.00519503	0.14967	0.133736	0.0124048	0.273506	0.0331234	0.00443947	0.0423029	0.00791842	0.011032	0.0844676	0.0110275	0.03625	0.0296768	0.0569122	0.0168623	0.0182842	0.000431448	0.00440857
113	0.00316306	0.000835735	0.000638457	0.00450607	0.0388859	0.00415546	0.00365664	0.18785	0.00998287	0.41284	0.0822523	0.000701219	0.000615305	0.000686636	0.00309419	0.00327609	0.0236592	0.204482	0.000790758	0.0139278
114	0.00456755	0.0176061	0.000947199	0.00121469	0.00577786	0.00428607	0.00092063	0.324384	0.00539419	0.0289913	0.0167357	0.000932872	0.000339534	0.00106136	0.00102929	0.00936572	0.0784825	0.496213	0.000356433	0.00139399
115	0.0650298	0.00568393	0.00504708	0.00743606	0.240017	0.00901429	0.0275765	0.0159817	0.00752475	0.217795	0.0104029	0.0055112	0.0971974	0.00666588	0.00606725	0.0415947	0.0126348	0.158923	0.00193381	0.0579618
116	0.0714657	0.000966018	0.0829945	0.198245	0.00979585	0.0405859	0.0483978	0.0111421	0.0411063	0.0207186	0.00776144	0.109685	0.00533551	0.128067	0.0255583	0.115055	0.045784	0.0231344	0.00240075	0.0118014
117	0.129112	0.0109653	0.00899081	0.0211334	0.00235275	0.0931147	0.0104157	0.0439109	0.0143429	0.00788776	0.00343463	0.0165178	0.43631	0.0269931	0.0053761	0.093189	0.0372006	0.0361255	0.000622601	0.00200349
118	0.00545812	0.00322185	0.000773014	0.00470064	0.0538282	0.00552677	0.00443345	0.17723	0.011078	0.436158	0.0873169	0.000863592	0.00231453	0.00198359	0.00933699	0.00596468	0.0158132	0.152569	0.00320822	0.0182202
119	0.324138	0.0243123	0.0054528	0.00311136	0.00275691	0.0712411	0.00606951	0.0353602	0.0173534	0.0312624	0.0132835	0.012918	0.024174	0.00505487	0.00844754	0.277701	0.0847442	0.0437183	0.000904162	0.0079972
120	0.345088	0.00817213	0.0143043	0.00219744	0.00842573	0.0413616	0.00154025	0.00801412	0.00773303	0.00594169	0.00279694	0.0243497	0.000727846	0.00235097	0.00569499	0.417892	0.0656737	0.0330201	0.000644372	0.00407098
121	0.489895	0.0149607	0.00292534	0.00080253	0.00206637	0.0384286	0.000636849	0.00963771	0.0061013	0.00642929	0.00230996	0.00519708	0.000297992	0.00212573	0.0102854	0.329259	0.0405011	0.0315807	0.000191333	0.00636864
122	0.0254763	0.00840289	0.0821825	0.21642	0.0221175	0.0253477	0.0980792	0.0151362	0.0658705	0.0967694	0.0220117	0.0476491	0.000667736	0.0729244	0.0187862	0.0616987	0.0373182	0.0141444	0.000555804	0.0684416
123	0.514767	0.0180644	0.0015848	0.000483123	0.00111665	0.0162889	0.000379912	0.011723	0.00427137	0.00777871	0.00281765	0.00245446	0.000190831	0.00263639	0.00634113	0.325294	0.0399989	0.0376979	0.000135595	0.00597519
124	0.0649477	0.0699468	0.00275384	0.00289765	0.0163962	0.00457349	0.0020868	0.188807	0.00578235	0.0362727	0.00475953	0.00852595	0.000738518	0.00197822	0.00321418	0.0752026	0.151519	0.348447	0.00186836	0.00928263
125	0.0134527	0.0045238	0.00274197	0.00652149	0.034322	0.00716517	0.00518459	0.178398	0.0236569	0.376739	0.127686	0.00320863	0.00178068	0.00427985	0.00648688	0.00978566	0.0340549	0.144652	0.00218722	0.0131729
126	0.0282665	0.000554257	0.303593	0.391786	0.00598414	0.0107446	0.0188894	0.00637916	0.0324333	0.0083093	0.00592339	0.0531029	0.0201438	0.0304171	0.0188447	0.0434992	0.0181855	0.00187223	0.000190407	0.000881061
127	0.0277262	0.000537826	0.305608	0.392442	0.00592465	0.0108198	0.0188042	0.00630083	0.0320208	0.00820027	0.00587503	0.0534905	0.0192605	0.0301382	0.0187797	0.0433603	0.0179192	0.00177273	0.000174396	0.000844708
128	0.0284259	0.000564953	0.300779	0.387853	0.00595166	0.011126	0.0190818	0.00645579	0.033469	0.00850657	0.00601173	0.0544181	0.0186542	0.0325858	0.0200363	0.0439067	0.0184192	0.00229151	0.000241837	0.00122063
129	0.0113709	0.0102823	0.00127577	0.0166624	0.00150874	0.00959792	0.00120081	0.00379317	0.472446	0.0289431	0.0266369	0.0263472	0.000569634	0.0379392	0.315274	0.0073277	0.00340403	0.00446884	0.000287649	0.0206634
130	0.0276114	0.000537185	0.304814	0.391825	0.0059422	0.0107704	0.0189239	0.00628201	0.0323881	0.00820188	0.00594006	0.0539247	0.0191156	0.0302253	0.0193646	0.0433717	0.0178757	0.00182562	0.000173076	0.000887297
131	0.0499495	0.00329932	0.012612	0.0322051	0.00514109	0.0238133	0.00519225	0.0633566	0.0311706	0.0826267	0.208513	0.0623266	0.00141909	0.104704	0.0497988	0.10092	0.0252241	0.100901	0.00101963	0.0358066
132	0.0417712	0.00611989	0.0731214	0.066613	0.00907008	0.521121	0.00785	0.00544372	0.0206381	0.00945163	0.0136518	0.0904005	0.0113489	0.0147796	0.00611249	0.0527201	0.0284069	0.0152153	0.000536919	0.00562744
133	0.0952281	0.0969963	0.00264805	0.00419436	0.0102418	0.00549777	0.00282491	0.0950044	0.00519052	0.0191567	0.00726564	0.0192531	0.00197971	0.00266899	0.00436663	0.103363	0.16792	0.33623	0.00107435	0.0188962
134	0.349764	0.0769144	0.00179744	0.00237898	0.00646858	0.0289826	0.0015756	0.0872728	0.00254708	0.149009	0.0417671	0.0020063	0.000888446	0.00215173	0.00194369	0.00749274	0.0157193	0.218059	0.000616343	0.00264489
135	0.00305266	0.000877158	0.000624951	0.00388346	0.0378627	0.0037898	0.00411749	0.178006	0.00931817	0.432503	0.0814663	0.000660411	0.000577002	0.000744057	0.00309359	0.00340086	0.0213884	0.199931	0.000793589	0.0139094
136	0.0345774	0.00428114	0.000230814	0.000325665	0.0207522	0.00168463	0.000247569	0.459892	0.00052678	0.0508035	0.0154243	0.000255175	0.000113513	0.00142109	0.000263898	0.00503704	0.00638463	0.392014	8.41568e-05	0.00568109
137	0.0108769	0.000989531	0.520452	0.0963737	0.0066962	0.00887198	0.0323506	0.00629872	0.0187616	0.00260372	0.00155729	0.237906	0.000423083	0.0101072	0.0011253	0.0361105	0.00221538	0.00334276	0.000381702	0.00255627
138	0.00572431	0.0017366	0.000378491	0.00176973	0.0219791	0.0038985	0.00092606	0.569764	0.000648743	0.146203	0.0484597	0.000410866	0.000212395	0.000452693	0.00049074	0.00108692	0.00609546	0.183503	0.0001166	0.00614368
139	0.0486665	0.000821883	0.0243558	0.0109926	0.00679069	0.803972	0.00315436	0.00226664	0.00153283	0.00227893	0.00457685	0.0254458	0.000393504	0.00558709	0.000979816	0.0422914	0.0047614	0.010146	0.000179857	0.000806373
140	0.388822	0.0133462	0.0351588	0.0218679	0.00611374	0.268304	0.0219656	0.00867821	0.0381572	0.0049296	0.00314681	0.00578675	0.000832225	0.00589376	0.00912056	0.112036	0.0237642	0.0222056	0.00813056	0.00174091
141	0.0596409	0.00390297	0.0973355	0.0923331	0.00903034	0.448666	0.0164173	0.00327261	0.0250586	0.00778095	0.00762309	0.069935	0.0119278	0.0286081	0.0131866	0.0677103	0.0182443	0.0149373	0.000396446	0.00399311
142	0.089155	0.0407781	0.0012208	0.0171697	0.0020145	0.00711915	0.00600051	0.0916215	0.00300752	0.0591851	0.0281351	0.0391301	0.0034107	0.00168493	0.00207543	0.263255	0.236125	0.0936666	0.000418395	0.0148272
143	0.0744117	0.0440153	0.00179506	0.0122951	0.00290252	0.00642831	0.00527592	0.105452	0.00302142	0.0405038	0.0473281	0.0268225	0.00294881	0.00215516	0.00218926	0.2381	0.303387	0.0688684	0.000654634	0.0114456
144	0.01185	0.000923782	0.504873	0.122241	0.00673256	0.00953188	0.0305426	0.00629142	0.0192986	0.00293922	0.00175412	0.22024	0.00209191	0.0118621	0.0021499	0.0374847	0.00335568	0.00313642	0.000313596	0.00238773
145	0.00590392	0.00178849	0.00031576	0.00125226	0.0210029	0.00329166	0.000630715	0.582008	0.000489255	0.145847	0.0338116	0.000362022	0.00014485	0.00034643	0.000414649	0.00090648	0.00612249	0.188517	9.74121e-05	0.00674594
146	0.347598	0.083928	0.00168154	0.00213783	0.00281719	0.0335478	0.00940542	0.0737751	0.00628041	0.0554912	0.0301942	0.00403768	0.000462568	0.00171169	0.0033149	0.179927	0.0718783	0.0830335	0.000337808	0.00843971
147	0.034351	0.00433641	0.000234797	0.000321431	0.0204191	0.00174392	0.000251722	0.457044	0.000569321	0.0506068	0.0152491	0.000261879	0.000112847	0.00141934	0.000274798	0.00516891	0.00711847	0.394595	0.000142086	0.00577894
148	0.0040716	0.00132277	0.00124103	0.00138683	0.392343	0.00759794	0.00106789	0.0206604	0.0018661	0.0163114	0.0137031	0.00136241	0.000668725	0.00144251	0.00147675	0.00318385	0.00299788	0.0100369	0.0234621	0.493796
149	0.24038	0.0506193	0.00112938	0.00683564	0.0154506	0.0290021	0.0189527	0.0410893	0.0538772	0.0454986	0.0203609	0.0286609	0.000329824	0.00698921	0.0249723	0.183718	0.0983168	0.114395	0.000194156	0.0192285
150	0.0132229	0.00340689	0.0033063	0.00665158	0.0101904	0.0063577	0.00320383	0.280178	0.00423756	0.429376	0.0117689	0.0034013	0.0813875	0.00335305	0.00581463	0.006948	0.00774118	0.113388	0.00115977	0.00490678
151	0.156191	0.0477064	0.00258345	0.0193702	0.0176035	0.00522762	0.0314808	0.0660915	0.0986751	0.00825983	0.0194404	0.00338813	0.00133662	0.0546801	0.180177	0.0342109	0.00723156	0.154383	0.0278933	0.0640696
152	0.0311326	0.0233981	0.0277425	0.00432712	0.101765	0.021066	0.128563	0.0132578	0.021158	0.111156	0.0358527	0.0236802	0.00124135	0.0371181	0.00390352	0.0276676	0.0166829	0.0457481	0.000972018	0.323568
153	0.0876904	0.0423445	0.00111146	0.0152133	0.0017738	0.00683335	0.00596273	0.0932742	0.00285467	0.0591685	0.0307068	0.0362548	0.0035355	0.00150829	0.00181651	0.268679	0.240506	0.0844137	0.000381947	0.0159706
154	0.288878	0.028442	0.0641957	0.0339456	0.011029	0.138979	0.0251992	0.0130851	0.0717841	0.00554676	0.00324706	0.0110957	0.000825944	0.0111759	0.0196544	0.195391	0.0347631	0.0235515	0.0171987	0.00201167
155	0.0983429	0.0476668	0.0011772	0.0179092	0.00317121	0.0107567	0.00888319	0.0945853	0.00797021	0.053423	0.0329354	0.0358395	0.0028074	0.0021051	0.00407723	0.252486	0.213275	0.0953548	0.000362491	0.0168717
156	0.00584775	0.00187893	0.000315484	0.00125694	0.0208708	0.00326181	0.00063727	0.583373	0.000487857	0.145717	0.0333252	0.000367372	0.000150479	0.000346525	0.000417637	0.000915525	0.00619464	0.187725	0.000100927	0.00680977
157	0.118667	0.00511497	0.0233224	0.0337035	0.00394543	0.0925861	0.0067181	0.0228096	0.0347617	0.00808356	0.00766779	0.0327009	0.443453	0.0333187	0.00635193	0.0754955	0.0270141	0.0221	0.00050927	0.00167669
158	0.0423615	0.00217474	0.00274514	0.0191477	0.0866236	0.00552865	0.0060384	0.214619	0.00840943	0.191344	0.048986	0.00247602	0.00106873	0.00443833	0.019077	0.018779	0.0353407	0.261782	0.000796778	0.0282634
159	0.133516	0.0009918	0.0173241	0.00816255	0.0052689	0.739078	0.00355586	0.00281118	0.00222498	0.00288766	0.00377653	0.0158602	0.000402293	0.00450209	0.00124399	0.0377761	0.0044787	0.0146773	0.000224699	0.00123673
160	0.0473693	0.000796161	0.0238029	0.0104504	0.00678097	0.806979	0.00309186	0.00230154	0.00142687	0.00235154	0.00455243	0.0249016	0.000318037	0.00555159	0.000913104	0.0426108	0.00470211	0.0101344	0.00017637	0.000788986
161	0.0580116	0.0010904	0.101361	0.216297	0.01426	0.0368597	0.0562478	0.0148399	0.0255613	0.0147317	0.00828018	0.121195	0.000473415	0.132374	0.0163445	0.0806979	0.0475617	0.0320924	0.00420189	0.0175183
162	0.0283602	0.004345	0.000231192	0.000384883	0.0215634	0.00186131	0.000237084	0.486545	0.000495805	0.0657687	0.0188625	0.000269363	0.000106325	0.00113574	0.000279634	0.00421602	0.00651661	0.353095	8.47255e-05	0.00564099
163	0.0907949	0.0101122	0.00437488	0.00766347	0.00282535	0.0378867	0.0126071	0.0303721	0.0280095	0.0215703	0.0138081	0.0412929	0.0276366	0.0100146	0.0109948	0.410016	0.208634	0.0194792	0.000502588	0.0114041
164	0.105774	0.000689038	0.0492635	0.0612551	0.000946299	0.0528721	0.032213	0.00675762	0.0772859	0.0363664	0.0139593	0.123439	0.0244963	0.0477136	0.0670106	0.245564	0.0475433	0.00523937	0.000588651	0.00102273
165	0.029841	0.00724288	0.402589	0.108369	0.0808495	0.0177953	0.0278607	0.0216783	0.0209185	0.0265704	0.0142921	0.0778904	0.0046769	0.0192368	0.00957016	0.0343918	0.0226888	0.0236458	0.00253679	0.0473556
166	0.0129652	0.00110436	0.000983317	0.00202356	0.0152861	0.00139779	0.00107337	0.381476	0.0012979	0.458629	0.0155021	0.000883037	0.00599648	0.000827657	0.00135804	0.00167133	0.00322965	0.0925056	0.000321328	0.00146794
167	0.508031	0.0156348	0.00198298	0.000595913	0.00140622	0.0205645	0.000574875	0.0114608	0.00711356	0.00669817	0.00267113	0.00326656	0.000246334	0.00243719	0.00909224	0.325801	0.0397552	0.0368302	0.000140089	0.00569817
168	0.0483364	0.00249168	0.00233004	0.0481861	0.0634387	0.00389726	0.0468563	0.256384	0.0754706	0.0421665	0.038083	0.00269146	0.0010972	0.120129	0.0148202	0.00633103	0.0300932	0.0852149	0.000819501	0.111163
169	0.163731	0.0656903	0.0323929	0.00496316	0.0206356	0.0843907	0.00482755	0.0890753	0.025655	0.0532371	0.0590087	0.00578886	0.00142228	0.00473455	0.0205129	0.0723603	0.0780017	0.206723	0.000844147	0.00600516
170	0.0114148	0.0347938	0.00300379	0.0050769	0.162566	0.0208803	0.0049266	0.0758553	0.0213198	0.428916	0.0571213	0.00341768	0.00272176	0.018779	0.0216655	0.00812821	0.0100699	0.0753921	0.0175536	0.0163978
171	0.0318182	0.00298664	0.0210263	0.0501398	0.00283106	0.0402979	0.0315941	0.0157803	0.266734	0.0132932	0.00683989	0.0528561	0.00519112	0.075215	0.20906	0.083656	0.0585343	0.0209402	0.00204407	0.00916164
172	0.0560474	0.0235074	0.00122456	0.00172621	0.0182593	0.00637807	0.00135276	0.333727	0.00818525	0.131952	0.0288951	0.00186295	0.000459896	0.00228634	0.00197838	0.0308015	0.0869797	0.259118	0.00119318	0.00406596
173	0.0969391	0.00487946	0.00665319	0.00413529	0.00217858	0.0530051	0.00817192	0.040599	0.0384511	0.0459853	0.022784	0.0303451	0.0872718	0.0081218	0.0160317	0.349017	0.156204	0.0163913	0.00050221	0.0123326
174	0.0661674	0.00127599	0.0979855	0.250532	0.013003	0.030219	0.052911	0.0130222	0.0312216	0.0172705	0.00806022	0.0965933	0.000530482	0.123328	0.019802	0.0738067	0.0502693	0.0352683	0.00262709	0.0161065
175	0.549734	0.0203901	0.00403931	0.00345724	0.00444467	0.0422039	0.00319093	0.020127	0.00915934	0.0290662	0.0111664	0.00349947	0.0129498	0.0105621	0.00565741	0.180126	0.0303097	0.0504269	0.00462961	0.00486041
176	0.0253248	0.000545558	0.337662	0.354098	0.00638884	0.0108607	0.0205016	0.00756926	0.0293297	0.00748024	0.00526027	0.0740308	0.0161659	0.0272862	0.0159348	0.0421501	0.0158099	0.0021441	0.000166203	0.0012907
177	0.0524574	0.00121354	0.0895084	0.250625	0.0033918	0.0146129	0.0242413	0.0129808	0.107841	0.0216535	0.0109453	0.0801268	0.000105857	0.118914	0.10002	0.052412	0.0279956	0.0180251	7.64623e-05	0.0128536
178	0.0162016	0.000917961	0.000870595	0.00158553	0.0190492	0.00125459	0.000803975	0.333921	0.00110721	0.53727	0.0143802	0.000848368	0.00327949	0.000906489	0.00102285	0.00169167	0.0021941	0.0616249	0.000271406	0.000799132
179	0.0207505	0.00969666	0.00529579	0.0161515	0.00709635	0.0115609	0.00688785	0.0110501	0.481501	0.0463937	0.0253289	0.022281	0.00134537	0.032676	0.206406	0.0201716	0.0178389	0.017448	0.00315461	0.0369647
180	0.018503	0.0174683	0.00855672	0.0536848	0.00154256	0.00571538	0.00435774	0.246625	0.097319	0.103014	0.0149472	0.0253499	0.000483779	0.0520965	0.118938	0.00271933	0.0486657	0.169388	0.000451187	0.0101748
181	0.00593896	0.00179419	0.0003166	0.00124901	0.0209429	0.00327788	0.00062978	0.581244	0.000520709	0.146017	0.0337262	0.000361946	0.000144476	0.000349388	0.000452778	0.000904698	0.00618606	0.189128	0.000102369	0.00671268
182	0.0702188	0.0169003	0.192716	0.130887	0.00505878	0.00903663	0.0104554	0.0264901	0.0717321	0.0661998	0.0066225	0.0453947	0.0181733	0.0825714	0.0213017	0.0532131	0.0981632	0.0403343	0.0144298	0.0201014
183	0.0345774	0.00428114	0.000230814	0.000325665	0.0207522	0.00168463	0.000247569	0.459892	0.00052678	0.0508035	0.0154243	0.000255175	0.000113513	0.00142109	0.000263898	0.00503704	0.00638463	0.392014	8.41568e-05	0.00568109
184	0.0844761	0.00167567	0.0440971	0.110188	0.0110772	0.0860563	0.0139339	0.00873717	0.0574439	0.0214363	0.0326772	0.056925	0.188527	0.0556419	0.0231393	0.115798	0.0610715	0.0250267	0.000396803	0.00167595
185	0.0503601	0.0103985	0.0978109	0.0899769	0.0107704	0.311415	0.0135227	0.00385563	0.0364302	0.0107867	0.00857309	0.0991809	0.0543881	0.0324826	0.00882052	0.0817295	0.0511544	0.0190136	0.000476975	0.00885273
186	0.0390603	0.00308153	0.014159	0.0336947	0.0462163	0.0193251	0.00354582	0.267358	0.00455796	0.238356	0.0413739	0.00300459	0.00348019	0.0430151	0.0305613	0.0438423	0.0534817	0.101331	0.0012209	0.00933491
187	0.0985502	0.00241483	0.0691024	0.0777956	0.00228653	0.123068	0.0241089	0.00616425	0.0694211	0.0340895	0.009976	0.0976542	0.0285277	0.0469796	0.0521432	0.200041	0.0472504	0.0076236	0.000775134	0.00202725
188	0.0373691	0.0109561	0.136048	0.109146	0.0059512	0.35257	0.00970366	0.00237356	0.0357652	0.0113157	0.00477884	0.126339	0.0210172	0.018534	0.00672785	0.0562647	0.0315465	0.0154619	0.000269502	0.00786098
189	0.0521626	0.00230063	0.03112	0.060578	0.00219999	0.0348217	0.0322515	0.0162639	0.199476	0.0219628	0.0058508	0.0645461	0.0136442	0.0765805	0.172797	0.122988	0.0630097	0.0190322	0.00272957	0.00568557
190	0.0813457	0.00206937	0.0454564	0.112264	0.0131243	0.0967235	0.0122275	0.00931012	0.0538865	0.0181416	0.0329521	0.0507623	0.20716	0.0556814	0.0182613	0.100728	0.0609783	0.026395	0.000391828	0.00214096
