367	20
1	0.06011	0.137358	0.00771313	0.0095705	0.026113	0.158294	0.0387867	0.0208752	0.0234057	0.0603308	0.00770803	0.0242199	0.00504945	0.0310784	0.0674259	0.247217	0.0379325	0.0115555	0.00735986	0.0178956
2	0.0946634	0.00765203	0.00332409	0.00543387	0.0279301	0.0104063	0.00652607	0.203115	0.0161332	0.075743	0.0623687	0.0204307	0.00624034	0.00758464	0.0102312	0.0438005	0.047572	0.347732	0.0004108	0.00270169
3	0.126438	0.102919	0.00907433	0.013953	0.0519123	0.0409412	0.0477337	0.0450136	0.0337674	0.052589	0.00505718	0.0348254	0.0107836	0.0161691	0.037009	0.233355	0.0504108	0.0366673	0.0220862	0.0292945
4	0.238258	0.032776	0.0120088	0.0143674	0.00711741	0.108641	0.0127094	0.0118531	0.0134317	0.031691	0.00398399	0.0148042	0.0536707	0.0161163	0.0177668	0.270649	0.102714	0.0238712	0.00242675	0.0111434
5	0.00597826	0.00538599	0.0025791	0.0135311	0.000756217	0.00968837	0.00670978	0.0123658	0.507708	0.00545913	0.00861722	0.0209466	0.00496044	0.0381537	0.302295	0.0198843	0.0277952	0.00310784	0.00287673	0.00120134
6	0.14474	0.0124227	0.00524953	0.00580241	0.0211706	0.0166513	0.00666605	0.154158	0.0134801	0.0902364	0.0564859	0.0150327	0.0157145	0.0074969	0.00767066	0.0459864	0.0585715	0.319174	0.000523479	0.00276745
7	0.261009	0.00517277	0.0142718	0.0124403	0.0154874	0.00954135	0.00533121	0.0962087	0.00871005	0.0450339	0.0372238	0.02053	0.012969	0.00415727	0.00527999	0.0808622	0.067538	0.294659	0.000671157	0.00290337
8	0.369318	0.00638286	0.0150784	0.0190184	0.00701459	0.0711484	0.0126358	0.0134808	0.0105538	0.0366947	0.00330304	0.0109286	0.0454442	0.0161189	0.0167908	0.186453	0.108322	0.0340312	0.00313004	0.0141523
9	0.0309749	0.025776	0.123819	0.112329	0.00149833	0.528073	0.0138991	0.00382445	0.017205	0.00663454	0.00183254	0.0381962	0.00231225	0.0220178	0.0139704	0.0329826	0.0126284	0.00801826	0.00100668	0.00300189
10	0.0389127	0.0509514	0.0201699	0.0199945	0.0113898	0.025337	0.0233485	0.0202654	0.051084	0.0299767	0.0131464	0.0231907	0.0108242	0.0336893	0.0700855	0.0729325	0.0357112	0.0246806	0.388722	0.0355872
11	0.0878938	0.00337908	0.00943725	0.0112061	0.00194985	0.00957099	0.0380408	0.0116761	0.0160948	0.0216014	0.00453662	0.012529	0.569135	0.0486914	0.0278857	0.0778659	0.0181343	0.0204589	0.00596901	0.00394433
12	0.186119	0.00606287	0.0242531	0.0310852	0.0121013	0.0339443	0.0235694	0.0172719	0.0185724	0.0668223	0.00504514	0.0177799	0.0503712	0.0266674	0.0313121	0.241029	0.142776	0.0387293	0.00584734	0.0206408
13	0.0566872	0.0494823	0.0158029	0.017756	0.0144257	0.0289418	0.0286415	0.0220529	0.033843	0.0357661	0.0132105	0.0240417	0.013322	0.0269447	0.0470157	0.133578	0.0432088	0.0272352	0.338717	0.0293266
14	0.004059	0.0071955	0.000814262	0.000796241	0.108468	0.00115844	0.00798923	0.0403855	0.00220397	0.6965	0.0532442	0.00145558	0.00166947	0.00127409	0.00403632	0.00649541	0.00446026	0.0106199	0.000275881	0.0468986
15	0.350535	0.00403039	0.0114655	0.00681266	0.00751722	0.0119153	0.00285458	0.059592	0.00724505	0.0181501	0.0128872	0.0122525	0.0127052	0.00271344	0.00606273	0.141464	0.11643	0.211296	0.000707798	0.00336343
16	0.147717	0.00651935	0.021642	0.0184867	0.00331256	0.00887867	0.014238	0.0069772	0.0120798	0.0319555	0.00301421	0.0871774	0.0277078	0.0179751	0.0074985	0.453481	0.109304	0.0160063	0.00152826	0.00450028
17	0.446447	0.004796	0.0120549	0.00791824	0.00514967	0.0336005	0.00471517	0.0547452	0.00534256	0.0156339	0.0117373	0.0100833	0.0250308	0.0044419	0.00493241	0.0916346	0.0729743	0.18492	0.000970781	0.00287101
18	0.346383	0.0135936	0.0210144	0.0265436	0.00925166	0.0582861	0.0165785	0.0352387	0.0183876	0.0281642	0.0104547	0.0178718	0.0421008	0.0181336	0.0225027	0.152145	0.0769565	0.0734207	0.00589581	0.00707721
19	0.398785	0.00731384	0.0103443	0.0132672	0.0039693	0.107244	0.00793817	0.0130026	0.00783376	0.0232103	0.00295466	0.00852802	0.0600817	0.017946	0.0109821	0.179254	0.0896565	0.0268517	0.00225558	0.00858154
20	0.0203763	0.00550748	0.41312	0.30673	0.00104036	0.0212695	0.0194793	0.00546165	0.0275177	0.00326632	0.00105176	0.0911017	0.00129031	0.0244873	0.0119545	0.0299506	0.0085436	0.00499906	0.000281541	0.00257158
21	0.373259	0.00429235	0.0108201	0.00760968	0.00806812	0.0260285	0.00410732	0.0603032	0.00876098	0.0231202	0.0151561	0.0111207	0.0183754	0.00473973	0.00674516	0.122165	0.120358	0.170019	0.000857731	0.00409426
22	0.00824095	0.000924168	0.000568559	0.00075721	0.0390309	0.00269519	0.000884397	0.325052	0.00140762	0.224867	0.0478395	0.00563798	0.00232864	0.00502866	0.00392653	0.00202424	0.0276794	0.300401	0.000230229	0.000476577
23	0.0293706	0.0165275	0.0328416	0.0378364	0.00145144	0.0131314	0.056692	0.00886921	0.249977	0.0182315	0.00375029	0.0796214	0.00989909	0.126578	0.204526	0.0604326	0.0175463	0.0212022	0.00769415	0.00382176
24	0.0336295	0.0346681	0.0534347	0.0247265	0.0011285	0.709797	0.00934965	0.00319488	0.0140903	0.00347355	0.00137304	0.0327984	0.00132195	0.0109863	0.0139841	0.0348243	0.00929173	0.00337666	0.00135974	0.00319138
25	0.0368592	0.0548776	0.0133492	0.0167563	0.0124652	0.027354	0.0258667	0.0228879	0.0496386	0.0318826	0.0143514	0.0249513	0.0126919	0.0371892	0.0644912	0.080732	0.0338685	0.0234164	0.383215	0.0331555
26	0.0167212	0.00234318	0.000786926	0.00115231	0.0393303	0.00376133	0.00254904	0.289351	0.00271407	0.256365	0.0480612	0.00434723	0.00274627	0.00770893	0.00463243	0.00510918	0.0348445	0.27654	0.000271734	0.000664199
27	0.0867419	0.00565748	0.00848343	0.0124984	0.00336543	0.00985956	0.033975	0.0104815	0.0188557	0.0260036	0.00440966	0.0116555	0.551623	0.0464621	0.0303902	0.0901939	0.021975	0.0198661	0.00370799	0.00379466
28	0.0501354	0.00992038	0.00922407	0.0109175	0.0561207	0.00862947	0.0147647	0.0362265	0.0114943	0.517259	0.0449188	0.0135496	0.0154488	0.0127062	0.107701	0.0303431	0.0192432	0.0229182	0.00179725	0.00668172
29	0.0246379	0.0277953	0.0094589	0.023622	0.00126997	0.0113155	0.0315105	0.00895372	0.273673	0.015048	0.00271381	0.0300914	0.0228883	0.0688843	0.338144	0.0683378	0.0122954	0.0093707	0.0125765	0.00741308
30	0.501014	0.00624449	0.00716906	0.00701173	0.00312678	0.123563	0.00479123	0.0280317	0.00535273	0.0105372	0.00392102	0.00520074	0.0544659	0.0106462	0.00641912	0.106133	0.0610779	0.0485066	0.00135269	0.00543519
31	0.01858	0.00518125	0.492536	0.282875	0.00067964	0.0161884	0.0162456	0.0058985	0.0194196	0.00165514	0.000810008	0.0914167	0.000614339	0.01211	0.003893	0.0237699	0.00492571	0.00202985	0.000339505	0.000831475
32	0.181062	0.00795133	0.0155648	0.0216738	0.0113684	0.0220533	0.0155927	0.0179818	0.0156244	0.0540787	0.00743948	0.0225245	0.0419332	0.0165659	0.0206941	0.281032	0.181963	0.0486927	0.00338769	0.0128158
33	0.00244157	0.0297385	0.00104048	0.00103188	0.432207	0.00125481	0.0313376	0.0325859	0.006392	0.124365	0.0044536	0.00159693	0.000816161	0.00150689	0.00627552	0.0193225	0.00204947	0.0146281	0.000376891	0.286579
34	0.0178539	0.00192823	0.215128	0.57046	0.000913311	0.00670092	0.00689182	0.00554682	0.0389256	0.00346543	0.00109153	0.0242588	0.0010486	0.0685262	0.0105489	0.0122507	0.00778272	0.00550544	0.000215669	0.000957227
35	0.00582392	0.00669652	0.00245219	0.014094	0.000597889	0.00909529	0.00737209	0.0118933	0.498331	0.00521117	0.00783168	0.0192271	0.00626705	0.0355036	0.31869	0.0204805	0.0227557	0.00229349	0.004017	0.00136654
36	0.0027653	0.00251144	0.000622783	0.000704	0.037251	0.000822947	0.00220688	0.0436646	0.0011554	0.81952	0.0681471	0.00120293	0.00129823	0.000960196	0.00258139	0.00190553	0.00354059	0.007545	0.000236921	0.0013579
37	0.0199801	0.00566199	0.476287	0.272678	0.000688871	0.0193492	0.0185528	0.00589153	0.0214779	0.00176092	0.000845222	0.0962878	0.000741846	0.0140677	0.00706164	0.0287023	0.00541638	0.00233106	0.00034599	0.00187178
38	0.00912361	0.00722871	0.00538645	0.0190713	0.0019982	0.00972528	0.0137848	0.0130563	0.47919	0.0090592	0.0160989	0.0278419	0.00489946	0.0642526	0.259158	0.0225398	0.0259104	0.006434	0.00327579	0.00196538
39	0.0256134	0.00164256	0.00116409	0.00131955	0.0177787	0.00253382	0.00178508	0.342606	0.00301096	0.0666198	0.029107	0.0127559	0.00369751	0.0045389	0.00364759	0.00727735	0.017613	0.455468	0.000353267	0.00146721
40	0.06692	0.0406756	0.0258122	0.0144697	0.00523906	0.653408	0.0104785	0.00916935	0.0155295	0.0120032	0.00474913	0.0171475	0.0070469	0.0127153	0.0187402	0.048413	0.018151	0.0103106	0.00353353	0.00548803
41	0.0233105	0.0072362	0.115206	0.44342	0.00379726	0.0143293	0.0349992	0.0112201	0.0605762	0.0240842	0.00513331	0.0227208	0.00717522	0.117832	0.0397757	0.0252476	0.0210614	0.0169705	0.00198213	0.00392226
42	0.0599382	0.0386631	0.0300802	0.017855	0.00554395	0.657551	0.0105352	0.00772424	0.0164292	0.0100682	0.00440169	0.0178462	0.00469785	0.0108728	0.0174188	0.045549	0.0191416	0.0103258	0.0103845	0.00497389
43	0.262012	0.00835349	0.015704	0.0169153	0.00725949	0.0351812	0.011098	0.0278863	0.0195029	0.0271746	0.0174185	0.0161837	0.0253739	0.0125111	0.0174635	0.17011	0.230588	0.0681697	0.00302381	0.00807051
44	0.0246904	0.0319246	0.0113599	0.00889168	0.333119	0.00982406	0.0362183	0.0330178	0.0138109	0.107252	0.00706024	0.0111187	0.00623732	0.0102915	0.0177643	0.0461461	0.0164351	0.0235795	0.0157818	0.235477
45	0.143863	0.0240709	0.0205254	0.0211902	0.0151603	0.029477	0.0206031	0.0233935	0.0249646	0.0418991	0.00967546	0.0547771	0.0539381	0.017965	0.0295221	0.313998	0.0939487	0.0399828	0.00946417	0.011582
46	0.0152874	0.0269697	0.0205921	0.00223095	0.00146155	0.00218689	0.0102074	0.0374813	0.00849457	0.0089598	0.00435639	0.251219	0.00118045	0.00555582	0.00313808	0.385042	0.196495	0.0173798	0.00057325	0.00118869
47	0.0729416	0.00739787	0.00762487	0.0128525	0.0291305	0.00992583	0.00878849	0.220911	0.0154817	0.0856039	0.0322312	0.0154464	0.00870854	0.0117624	0.016128	0.0382907	0.0419852	0.354818	0.00140226	0.00856951
48	0.00243052	0.0297414	0.00104879	0.0010418	0.432986	0.00124454	0.0314333	0.0322967	0.00633652	0.12285	0.00442645	0.00166983	0.000807078	0.00150491	0.00627679	0.0192531	0.00205718	0.0147244	0.000373654	0.287497
49	0.00475496	0.00512702	0.00203266	0.0124748	0.000642747	0.00906533	0.00550276	0.0127379	0.515029	0.00428728	0.00884023	0.01798	0.00517284	0.0333086	0.315398	0.0174867	0.0238441	0.0020222	0.00308962	0.00120349
50	0.320603	0.0105772	0.0226739	0.0297797	0.00938426	0.058922	0.0144801	0.0355311	0.0213897	0.0340912	0.0124538	0.0205028	0.0477369	0.0176886	0.0208674	0.157181	0.0885506	0.0653355	0.0029546	0.00929597
51	0.0232108	0.0402374	0.0146586	0.0262014	0.00208081	0.0139736	0.0839492	0.011496	0.222057	0.0223579	0.00343486	0.0435767	0.0139573	0.0879846	0.296577	0.0479808	0.0168974	0.0118143	0.0120559	0.00549838
52	0.0185473	0.00398052	0.398862	0.377123	0.000823961	0.0136122	0.0144317	0.00541239	0.0251062	0.00275569	0.00106543	0.0675912	0.000990899	0.0300169	0.00666577	0.0203644	0.00681058	0.00436738	0.000339091	0.00113325
53	0.0190955	0.0337679	0.00287638	0.00446938	0.0280299	0.00605103	0.0389949	0.0850153	0.00994436	0.546625	0.0415197	0.0138072	0.00438437	0.0173909	0.00856164	0.0198533	0.0330759	0.0714784	0.00118229	0.0138767
54	0.0229276	0.00178648	0.141382	0.376349	0.00485069	0.0257419	0.0396082	0.0115196	0.0340745	0.0464587	0.00509142	0.032597	0.00772296	0.0925179	0.0309533	0.0253272	0.052296	0.0441026	0.000504217	0.0041885
55	0.0236013	0.0141623	0.033422	0.00520889	0.00178246	0.00303809	0.026728	0.0184077	0.0191228	0.0228955	0.00352422	0.213907	0.00195707	0.0168202	0.00424969	0.38605	0.192655	0.00972478	0.000819542	0.00192344
56	0.0371849	0.0168062	0.21751	0.0829456	0.000716776	0.0727491	0.0497764	0.00617174	0.0613078	0.00430015	0.00136911	0.170941	0.00299285	0.0433906	0.0732644	0.118113	0.0161699	0.00338593	0.000331319	0.0205729
57	0.00932102	0.00799145	0.00478378	0.0150179	0.000945771	0.00994584	0.0155507	0.0118257	0.476112	0.00909142	0.00824152	0.0256357	0.00556852	0.0669359	0.27215	0.0213332	0.0280082	0.00585876	0.0043019	0.00138108
58	0.00877804	0.00127379	0.000599646	0.000807612	0.0433597	0.00297741	0.00119692	0.320034	0.00154706	0.235486	0.0487605	0.00535088	0.00232989	0.00524321	0.00435376	0.00239141	0.0319222	0.282715	0.000229943	0.000643018
59	0.0593422	0.00679064	0.0064375	0.0121782	0.0282294	0.00801275	0.00745714	0.250528	0.0105084	0.0903045	0.0325072	0.0148908	0.00850267	0.00920301	0.0115227	0.0308385	0.0373964	0.367736	0.00124504	0.0063684
60	0.324593	0.0111345	0.017641	0.0253768	0.0098568	0.0521246	0.0132557	0.0304214	0.0218142	0.0305138	0.00942273	0.0177026	0.0604656	0.0164408	0.0263251	0.16442	0.0884894	0.0658201	0.00350727	0.0106753
61	0.00274283	0.00243883	0.000591574	0.000715029	0.0362473	0.000787018	0.0020698	0.0445708	0.00106528	0.820524	0.0682871	0.00114909	0.00126075	0.000936431	0.00220521	0.00184345	0.00344122	0.00822205	0.000232857	0.000668963
62	0.01845	0.0137355	0.0246584	0.045243	0.00441782	0.0158776	0.0188484	0.015459	0.386306	0.0143976	0.00968824	0.0335944	0.0118741	0.0492627	0.241361	0.0395503	0.0339168	0.0119256	0.00684387	0.00458937
63	0.00669862	0.00700662	0.00315354	0.0144627	0.000587155	0.00945488	0.00787929	0.0119062	0.489241	0.00583136	0.00760901	0.0196494	0.00662916	0.0412949	0.316203	0.0202438	0.0232259	0.00310874	0.00444879	0.00136571
64	0.0709579	0.00863529	0.0068568	0.0107863	0.0347453	0.0102785	0.0100832	0.207038	0.0160115	0.106348	0.034411	0.0149765	0.012154	0.0131228	0.0161684	0.0434611	0.0421957	0.331958	0.00145208	0.0083591
65	0.0203609	0.0323481	0.00914819	0.0243511	0.00121123	0.012148	0.0253472	0.0117097	0.301658	0.0153816	0.00372475	0.0296384	0.016438	0.0649357	0.344467	0.0426727	0.0176196	0.0105081	0.0122781	0.00405359
66	0.0219633	0.0266201	0.00384758	0.00450279	0.324632	0.00722226	0.0304285	0.0557132	0.0103949	0.159219	0.0153664	0.00670915	0.00625403	0.00723302	0.0114694	0.0406003	0.0192578	0.0505461	0.00116391	0.196856
67	0.210279	0.00728172	0.0256021	0.0264732	0.0240707	0.031108	0.017388	0.0430597	0.0156682	0.0599805	0.0126174	0.017572	0.0272412	0.0144662	0.0202291	0.190015	0.120871	0.116586	0.0033378	0.0161528
68	0.0473772	0.0212839	0.0244872	0.0102614	0.00497132	0.0132921	0.0209084	0.0215139	0.0385113	0.0360862	0.00799669	0.181797	0.0079372	0.0134167	0.0237195	0.355342	0.151201	0.0141731	0.00118886	0.00453452
69	0.0280374	0.0721566	0.00931541	0.0104771	0.100179	0.056719	0.053688	0.02362	0.0175483	0.0697387	0.156672	0.074854	0.00715956	0.0126309	0.0205578	0.0913475	0.161785	0.022652	0.003108	0.0077533
70	0.0186499	0.00492186	0.474606	0.300562	0.000721798	0.0158125	0.015696	0.00580738	0.0207993	0.00159275	0.000806333	0.087602	0.000634943	0.0154935	0.00451264	0.0231036	0.00504043	0.00231893	0.000330102	0.000987251
71	0.203127	0.00984028	0.00947941	0.00773639	0.00792188	0.0135433	0.0131698	0.103538	0.0109742	0.0618063	0.0421514	0.011985	0.279054	0.0162723	0.0138344	0.043182	0.0397313	0.105702	0.00184058	0.00511067
72	0.0180096	0.00150129	0.180823	0.6027	0.0010834	0.00548017	0.00653203	0.00577312	0.0394511	0.00434539	0.00128875	0.0169111	0.00127088	0.0763326	0.0110931	0.0110808	0.00824972	0.00670015	0.000207768	0.00116556
73	0.056563	0.0253833	0.0463751	0.0214316	0.00618719	0.0214326	0.0226796	0.024771	0.0288178	0.0238128	0.00734585	0.167971	0.0156552	0.018316	0.0298864	0.331251	0.121131	0.0185713	0.00417609	0.00824244
74	0.0377586	0.00368591	0.00237527	0.00281185	0.0190484	0.0046941	0.00264926	0.310956	0.00473789	0.0834951	0.0320628	0.0133338	0.00425462	0.00571462	0.00629925	0.0133841	0.0231732	0.427051	0.00042028	0.00209416
75	0.00509815	0.00554819	0.00221168	0.0131849	0.000594137	0.00914366	0.00611761	0.0120479	0.509667	0.00460593	0.00809202	0.0182225	0.00563341	0.0345518	0.316147	0.018542	0.0238892	0.00209496	0.00339991	0.00120801
76	0.0210531	0.028094	0.00370588	0.00575282	0.338536	0.0100896	0.0276718	0.0485011	0.0119424	0.147593	0.0143771	0.00635329	0.00485076	0.00505618	0.0105702	0.0465234	0.0217695	0.0443498	0.00279412	0.200416
77	0.0439222	0.107815	0.0107558	0.0143868	0.0450104	0.0364965	0.0358449	0.0571949	0.0345285	0.0872875	0.123398	0.0505826	0.0105433	0.0252142	0.0430668	0.0869656	0.0856883	0.0607875	0.0151462	0.0253647
78	0.566096	0.00549513	0.00618017	0.00805129	0.00257906	0.108309	0.00433861	0.0120738	0.00466411	0.00792391	0.00227648	0.00472347	0.0224042	0.0071121	0.00619258	0.126399	0.0731549	0.0265561	0.000801277	0.0046681
79	0.0315566	0.0170128	0.0611582	0.148083	0.00502613	0.0224812	0.0339507	0.0147709	0.171928	0.0327424	0.00806218	0.0460203	0.0203991	0.0649723	0.204116	0.0561125	0.0278646	0.0174155	0.0098116	0.00651555
80	0.019344	0.00265626	0.138826	0.589584	0.00141745	0.00749741	0.0104003	0.00722708	0.045546	0.00914122	0.0020373	0.0128982	0.0023692	0.09337	0.0162357	0.0146046	0.0136632	0.0108283	0.000598542	0.00175463
81	0.045109	0.00791232	0.00511745	0.00669407	0.0433248	0.00848152	0.0117597	0.247831	0.0139726	0.17209	0.0412939	0.0152546	0.00916851	0.0103373	0.0149004	0.028831	0.0409702	0.261445	0.00122582	0.0142804
82	0.0135448	0.0627465	0.00511366	0.00807586	0.00597008	0.00712842	0.134275	0.166851	0.010622	0.204235	0.0340844	0.0599619	0.00455846	0.0758285	0.00992852	0.0429713	0.0140374	0.0726034	0.00161745	0.0658466
83	0.019999	0.00121472	0.000800833	0.000885204	0.020512	0.00171185	0.000988372	0.372247	0.0022455	0.0834018	0.0343416	0.0156378	0.00410984	0.00492723	0.00337319	0.00441851	0.0186471	0.409662	0.000253489	0.000622947
84	0.0037896	0.00306736	0.00106134	0.00107793	0.0358204	0.00134587	0.00266158	0.0494923	0.00153839	0.797226	0.0713893	0.00210371	0.00150044	0.00146083	0.00362008	0.00254827	0.00472888	0.0142652	0.000415251	0.000887349
85	0.0248658	0.0315893	0.028228	0.0371922	0.00532059	0.0175427	0.15753	0.013551	0.140538	0.037955	0.006447	0.0525886	0.0212318	0.105911	0.213557	0.0494462	0.0210872	0.0145082	0.0100191	0.0108913
86	0.00605435	0.00664353	0.00259434	0.0130696	0.000635933	0.0101005	0.0062711	0.0122673	0.493225	0.00534176	0.00766124	0.018295	0.00638501	0.0384716	0.320306	0.0191336	0.0251711	0.00275869	0.00418383	0.00143016
87	0.00890703	0.00713399	0.0027509	0.00349145	0.050209	0.00222485	0.0120534	0.0609161	0.0101275	0.687992	0.0582675	0.00588019	0.00449095	0.00643726	0.0128516	0.0102816	0.0100151	0.0296658	0.0011623	0.0151416
88	0.0238439	0.0336114	0.0688932	0.0434403	0.00814362	0.0243271	0.246629	0.0213383	0.0451433	0.0437574	0.00743574	0.108424	0.0150798	0.0904688	0.0839051	0.0703498	0.0299204	0.0133346	0.00318447	0.0187697
89	0.0783292	0.00612564	0.0100254	0.0127338	0.00786918	0.0112003	0.0366204	0.0226474	0.0162301	0.0869478	0.0110927	0.0144907	0.456873	0.0456504	0.0380724	0.0844959	0.0283173	0.0232954	0.00268771	0.00629472
90	0.0441827	0.0230946	0.0985709	0.0627795	0.00972467	0.0442706	0.037731	0.039775	0.0630423	0.0298586	0.0152747	0.144197	0.0112415	0.0305835	0.0578456	0.160054	0.0762047	0.0393993	0.00357306	0.00859647
91	0.0281854	0.00162249	0.00105873	0.00130462	0.0100884	0.0016926	0.00136843	0.346942	0.0028387	0.0279284	0.0210235	0.0133285	0.0034706	0.0038847	0.00337698	0.00534173	0.0123414	0.512937	0.000389973	0.00087508
92	0.0169884	0.00138841	0.000661436	0.000803334	0.0272539	0.00238674	0.0010179	0.348886	0.0022413	0.135564	0.0450232	0.0120766	0.00370563	0.00509329	0.00352613	0.00433145	0.0236177	0.364598	0.000237278	0.000598911
93	0.00646444	0.0066789	0.00298826	0.0145395	0.000605813	0.00919189	0.00796206	0.0120961	0.49598	0.00554134	0.00756872	0.0199093	0.00650284	0.0372913	0.314288	0.0211479	0.0227859	0.00281037	0.00417212	0.00147555
94	0.0131279	0.00604503	0.00295562	0.00434408	0.0413813	0.00403732	0.00864846	0.0574255	0.00937602	0.701156	0.0581781	0.00548386	0.00546663	0.00755024	0.0109847	0.0152818	0.0121299	0.0282244	0.000735054	0.00746765
95	0.0160221	0.00112776	0.12972	0.659801	0.00075687	0.00180427	0.00233689	0.00626374	0.0444669	0.00352802	0.00105612	0.0036992	0.00077506	0.0989068	0.00967021	0.00737165	0.00661912	0.00499017	0.000246496	0.00083752
96	0.113754	0.0478402	0.0178997	0.0100278	0.00274549	0.670992	0.00442806	0.00468513	0.00946204	0.00632916	0.00193554	0.0117686	0.0066054	0.00767542	0.00782346	0.0469313	0.0193322	0.00581572	0.00123812	0.00271016
97	0.00907629	0.00106175	0.000600615	0.000789956	0.0411057	0.00288802	0.00109184	0.31768	0.00138915	0.239089	0.048976	0.005242	0.00234968	0.00522821	0.00420721	0.00225212	0.0301927	0.285998	0.000220377	0.000560921
98	0.0283149	0.00157119	0.00108223	0.00125003	0.0105249	0.00167664	0.00137177	0.350831	0.00277929	0.0301156	0.0215173	0.0135516	0.00351681	0.00389658	0.00335454	0.00526075	0.0125762	0.505567	0.00037271	0.000868325
99	0.287615	0.00501691	0.00906729	0.00560411	0.00670177	0.0133799	0.00469642	0.0913208	0.0120815	0.0269361	0.0272695	0.0123299	0.0184611	0.00377077	0.00730753	0.0833373	0.179423	0.202278	0.000823	0.00258018
100	0.32704	0.00650951	0.00504354	0.00846013	0.003128	0.0330183	0.00383189	0.00775074	0.00514222	0.0144902	0.00237411	0.0102313	0.0371292	0.00623278	0.0053024	0.427812	0.0694586	0.0221403	0.00114475	0.00375944
101	0.0214397	0.0235506	0.0115676	0.0263224	0.000610056	0.0124998	0.0247944	0.00983964	0.28693	0.018411	0.00261271	0.0324954	0.0220355	0.0785439	0.340841	0.0435447	0.0140565	0.0098091	0.0163158	0.0037804
102	0.131778	0.00997045	0.00502815	0.00823718	0.0350758	0.0114891	0.0104484	0.118884	0.0219316	0.0901642	0.072796	0.0155937	0.0066475	0.00974806	0.00925577	0.0635027	0.081497	0.294043	0.000449106	0.00346114
103	0.0722702	0.0257964	0.0331781	0.0327408	0.0123455	0.0282554	0.0268842	0.0200618	0.15337	0.0331962	0.0101937	0.0590399	0.0210326	0.0384408	0.107521	0.208849	0.0715209	0.0262183	0.00710226	0.0119827
104	0.0804769	0.112825	0.00631402	0.0110079	0.0369409	0.119999	0.053649	0.0264514	0.0230052	0.0640005	0.00381468	0.0185901	0.00542316	0.0339992	0.0576727	0.253923	0.0454014	0.0116877	0.00796081	0.0268574
105	0.0201496	0.0206814	0.0328428	0.00541894	0.00142663	0.00476508	0.0161845	0.0267078	0.0144835	0.0149841	0.00408325	0.244878	0.00147662	0.0105041	0.00597581	0.387541	0.172281	0.0130693	0.000463614	0.00208291
106	0.00302805	0.00236865	0.000573236	0.000698844	0.0365373	0.000911317	0.00201528	0.0526685	0.00120022	0.802933	0.0681201	0.00131005	0.00128592	0.00122322	0.00232227	0.00187891	0.00427017	0.0158481	0.000232117	0.000574289
107	0.00608139	0.0289175	0.00240407	0.00206238	0.405334	0.0028818	0.0457038	0.0338552	0.00792072	0.118777	0.00541265	0.00394166	0.00187813	0.00404207	0.00849686	0.0248016	0.00521567	0.016918	0.000767998	0.274588
108	0.011826	0.00624916	0.00272608	0.00514191	0.04606	0.00293344	0.00680334	0.061884	0.00729204	0.700679	0.0579988	0.00420063	0.00323874	0.00543716	0.00774044	0.0104004	0.0120602	0.0337897	0.00318807	0.0103513
109	0.0294402	0.00189609	0.00111685	0.00150715	0.0115451	0.00201436	0.00147996	0.335346	0.00300316	0.0410063	0.0228778	0.0125597	0.00346501	0.00385068	0.00352391	0.00592857	0.0143008	0.503844	0.000374677	0.000919894
110	0.00832766	0.0221211	0.00236908	0.00219162	0.315677	0.00390121	0.0241041	0.0542976	0.00715478	0.259431	0.0201446	0.00288366	0.00217506	0.00354109	0.00898978	0.0226979	0.00800086	0.034741	0.000590388	0.19666
111	0.0180461	0.00284101	0.300803	0.475555	0.0009499	0.010644	0.0112803	0.00588235	0.031374	0.00359619	0.00110503	0.0459808	0.00114994	0.0502141	0.00906531	0.0164515	0.00810432	0.00559281	0.000290938	0.00107322
112	0.0205233	0.0625561	0.0091963	0.00731883	0.291758	0.0162093	0.0419604	0.0369575	0.0160342	0.102882	0.0101804	0.0146489	0.00377581	0.0146591	0.0225435	0.0482974	0.0135948	0.0206627	0.0228641	0.223377
113	0.0443424	0.0157193	0.0134744	0.0163913	0.0430036	0.0196019	0.0150696	0.112308	0.0333765	0.273732	0.105584	0.0233712	0.0106564	0.0186128	0.0339482	0.0391392	0.0496016	0.110694	0.00576119	0.015612
114	0.0171427	0.00414892	0.417757	0.369997	0.000669045	0.0126334	0.0131119	0.00543473	0.023837	0.0017383	0.000795154	0.0734782	0.000556711	0.0247761	0.00538288	0.0194199	0.0055865	0.00249155	0.000266758	0.000776972
115	0.0266524	0.0316389	0.0220115	0.0147417	0.221149	0.0127277	0.133037	0.0365063	0.0212413	0.0918482	0.00888933	0.0303555	0.010055	0.0311781	0.0353026	0.0471649	0.0204639	0.0239595	0.00511815	0.175959
116	0.0289781	0.0088803	0.341536	0.265841	0.00641259	0.0319761	0.0238192	0.0109263	0.0324819	0.0146158	0.00361713	0.0816795	0.00742706	0.0318044	0.0236178	0.0464963	0.0184781	0.0124671	0.0020215	0.00692383
117	0.00545397	0.00199293	0.000630627	0.000956828	0.0369413	0.00162751	0.00221528	0.136072	0.0013594	0.629589	0.0596212	0.00247997	0.00187008	0.00277258	0.00317285	0.00224852	0.0119957	0.0980961	0.000241469	0.000662604
118	0.21672	0.00653125	0.0146877	0.017173	0.0129156	0.0199292	0.0102483	0.0215398	0.018975	0.0450937	0.0092105	0.0159871	0.023514	0.011572	0.0180059	0.24123	0.193037	0.0905493	0.00261598	0.0104641
119	0.246873	0.0277494	0.0162996	0.0104479	0.00534653	0.465204	0.00785909	0.0100326	0.00990931	0.0107052	0.0038285	0.011543	0.0140227	0.00943221	0.0106945	0.0743996	0.0381379	0.0187279	0.00267402	0.00611275
120	0.0110733	0.00308032	0.00116508	0.00124014	0.0378466	0.00281924	0.00293334	0.155305	0.00235818	0.561626	0.0590295	0.00421863	0.00276731	0.0037511	0.00390878	0.00507947	0.0156916	0.122639	0.000277565	0.00318956
121	0.161158	0.0106556	0.0168723	0.0205298	0.0221479	0.0404877	0.0209079	0.0495035	0.0184318	0.098872	0.0123849	0.0156207	0.02612	0.0326249	0.0214967	0.215189	0.0942595	0.0993433	0.0043294	0.0190648
122	0.221241	0.00528727	0.0129519	0.0228609	0.00624657	0.0144764	0.00889344	0.00853905	0.00902655	0.0381458	0.00313307	0.0187967	0.0430951	0.0129506	0.0115194	0.416749	0.103237	0.0325115	0.00239395	0.00794447
123	0.061762	0.0618861	0.00457294	0.00919539	0.0329768	0.0271044	0.0611771	0.101461	0.0375226	0.0741769	0.00707877	0.0525956	0.00337361	0.0121876	0.0835405	0.246287	0.0911699	0.0152345	0.00453641	0.0121604
124	0.0580141	0.00912349	0.0095995	0.00906749	0.00329755	0.00992645	0.0514617	0.00837928	0.0393511	0.0228211	0.00460275	0.0142958	0.47567	0.0399238	0.072469	0.135516	0.016435	0.0132621	0.00149194	0.00529155
125	0.0407534	0.018582	0.211615	0.0801777	0.0010309	0.0788555	0.0495257	0.00658396	0.0617727	0.00539698	0.00161659	0.163643	0.00326853	0.0402984	0.0727697	0.121866	0.0175855	0.00385418	0.000376536	0.020427
126	0.0185365	0.00124766	0.000699218	0.000772076	0.0240096	0.00200532	0.000886086	0.366368	0.0022324	0.10542	0.0392457	0.0156691	0.00457548	0.00564735	0.00356369	0.0043888	0.0222169	0.381727	0.000206395	0.000582272
127	0.015036	0.0100609	0.00633516	0.0828939	0.007464	0.0120776	0.0101692	0.0126207	0.373294	0.0193984	0.0271812	0.0939064	0.0031171	0.0298059	0.17249	0.0628395	0.0491142	0.00836316	0.00179845	0.00203433
128	0.00299482	0.0285879	0.00109336	0.00122462	0.414466	0.00143669	0.0305451	0.0338214	0.00653239	0.150054	0.00703472	0.00166592	0.000986683	0.00166462	0.00653897	0.0195958	0.00244313	0.0150831	0.00037161	0.273859
129	0.117687	0.00522199	0.00489024	0.00639153	0.0017853	0.00512875	0.00434583	0.00397456	0.00539746	0.0128827	0.00277499	0.0242939	0.0508016	0.00548202	0.00397275	0.470335	0.263417	0.0084603	0.00061154	0.00214491
130	0.0198714	0.00295485	0.120796	0.546257	0.0024064	0.00900601	0.0146272	0.00768422	0.0554278	0.0153177	0.00287406	0.0144442	0.00392038	0.102395	0.0247835	0.0163025	0.0223723	0.0155168	0.000903715	0.00213949
131	0.205502	0.00518676	0.00502494	0.00783004	0.00112704	0.00418078	0.00546185	0.00329185	0.00502105	0.0147235	0.00178501	0.0129463	0.222912	0.00948809	0.00462398	0.405098	0.0727265	0.0109551	0.000422535	0.00169357
132	0.0189109	0.00181215	0.1368	0.578069	0.0019193	0.00916027	0.0136284	0.00699061	0.0445082	0.0110659	0.00214123	0.0141268	0.00265443	0.0984078	0.0159685	0.0140283	0.014904	0.012843	0.000288657	0.00177253
133	0.0152847	0.00107992	0.000635001	0.000758591	0.0265571	0.00207782	0.000786384	0.36423	0.00180939	0.131407	0.0415849	0.0124564	0.00373933	0.00518531	0.00337323	0.00346756	0.0220037	0.362842	0.000207978	0.000513715
134	0.0222127	0.0139487	0.0173416	0.0345268	0.00460607	0.0182252	0.0187943	0.0134071	0.38859	0.0147595	0.010208	0.0355677	0.0161421	0.0506359	0.24203	0.0458545	0.0305768	0.0112513	0.00533416	0.00598767
135	0.0591857	0.10893	0.0223882	0.018706	0.0452759	0.083083	0.0520399	0.037108	0.059911	0.0618712	0.0182458	0.0394237	0.0155325	0.0440613	0.0850391	0.0997191	0.050452	0.0393463	0.0223255	0.0373559
136	0.00263279	0.0288893	0.00111556	0.00123053	0.423178	0.00138499	0.0308978	0.0350001	0.00642249	0.132783	0.00652509	0.00166647	0.000811558	0.00164659	0.00650833	0.0198211	0.00232857	0.0150891	0.000372546	0.281696
137	0.0154343	0.00218929	0.00110807	0.00169337	0.0405732	0.00569113	0.00295093	0.281076	0.00370341	0.246147	0.0641031	0.0054946	0.0025697	0.00627526	0.00831406	0.00508809	0.0345136	0.270427	0.000280347	0.00236769
138	0.0260734	0.0209524	0.0144367	0.0264071	0.000982879	0.0113751	0.0604048	0.00837238	0.248106	0.0205783	0.00255473	0.0550197	0.0125341	0.133669	0.267711	0.0457391	0.0173786	0.0149648	0.0098881	0.00285176
139	0.0466751	0.0223171	0.0482226	0.114575	0.0080024	0.0290409	0.0727378	0.0212097	0.105472	0.0448521	0.00843278	0.0409455	0.0489817	0.137158	0.108584	0.0662761	0.0338108	0.0254929	0.00711142	0.0101029
140	0.00316722	0.00235069	0.000595952	0.000820533	0.036972	0.00149845	0.00220075	0.0608749	0.00141271	0.781232	0.0700052	0.00131311	0.00129174	0.00128262	0.00297897	0.00194729	0.00520702	0.0237687	0.000234952	0.000845216
141	0.00278344	0.00246165	0.000634323	0.000733954	0.0388515	0.000898076	0.00215992	0.046878	0.00112994	0.811229	0.067995	0.00114124	0.00127565	0.000999792	0.00236634	0.00242051	0.0039311	0.0103236	0.000234621	0.00155276
142	0.0538459	0.110197	0.0211102	0.040287	0.0157606	0.024169	0.115244	0.0200323	0.0332972	0.103604	0.00369262	0.0145149	0.00405724	0.0286566	0.0599394	0.291401	0.0390772	0.00857634	0.00322809	0.00930882
143	0.0738982	0.0367837	0.026273	0.0194752	0.00688033	0.643691	0.0114351	0.00644444	0.0140218	0.011467	0.00399491	0.0179701	0.00810185	0.0133931	0.0147597	0.0493047	0.0224386	0.00937586	0.00456461	0.00572679
144	0.00950912	0.00436185	0.00115542	0.00234911	0.0410247	0.00234564	0.00494593	0.116934	0.00300494	0.632194	0.0605992	0.00341697	0.00236782	0.00482343	0.00493403	0.00557158	0.0126527	0.0819293	0.000336039	0.00554396
145	0.0286157	0.0017275	0.18622	0.380996	0.00469872	0.0306533	0.0407019	0.00575959	0.0335869	0.023163	0.00448398	0.0394644	0.00774703	0.0809468	0.0262895	0.0291871	0.036548	0.0345918	0.000293259	0.00432615
146	0.0238568	0.0374857	0.0297214	0.0281989	0.0249334	0.0164963	0.281436	0.0344194	0.0308179	0.0667084	0.0114567	0.0587151	0.0179354	0.114735	0.0671181	0.0482821	0.0206151	0.0221748	0.00356265	0.0613309
147	0.055119	0.103895	0.0289833	0.0239075	0.0530032	0.103363	0.0413589	0.0371581	0.0526037	0.0546232	0.0221	0.040287	0.0217594	0.0353168	0.0764668	0.107578	0.0518533	0.0380606	0.0155029	0.0370602
148	0.0326569	0.035506	0.0383415	0.0496822	0.0410853	0.0281055	0.214251	0.0239143	0.0427881	0.0561682	0.00804297	0.051287	0.0500341	0.0888004	0.0790534	0.061371	0.0297828	0.0217873	0.00721688	0.0401253
149	0.0524337	0.0503803	0.0382147	0.0116553	0.00375832	0.0704761	0.0108872	0.00841957	0.0677847	0.01318	0.0252747	0.115349	0.00389833	0.00841822	0.091332	0.353643	0.0625606	0.0065237	0.00138625	0.00442437
150	0.00832181	0.0480909	0.0137867	0.0189122	0.00201647	0.00746741	0.341315	0.0112721	0.0658241	0.0393134	0.00284782	0.068541	0.00808175	0.159201	0.164318	0.0142236	0.0103811	0.0057975	0.00164438	0.00864327
151	0.0588434	0.053252	0.0155922	0.019209	0.0160941	0.188994	0.061377	0.0192249	0.0632726	0.0359491	0.00729791	0.0263239	0.0144175	0.037949	0.111104	0.142034	0.0346272	0.0181366	0.0598208	0.0164804
152	0.0284332	0.0015954	0.00108384	0.0012633	0.0101459	0.00163163	0.00138272	0.350308	0.0028066	0.027646	0.0210983	0.0135708	0.00349684	0.00390062	0.00333802	0.00528178	0.0122266	0.509538	0.000379693	0.000872571
153	0.00972751	0.00299435	0.000868922	0.00163166	0.0363533	0.00390206	0.00318583	0.130286	0.00293817	0.593666	0.0736483	0.00415638	0.00198699	0.00295455	0.00663384	0.00386751	0.0138732	0.104248	0.000246731	0.00283118
154	0.0393105	0.0370171	0.0423942	0.044357	0.031233	0.0205884	0.202552	0.0265725	0.046236	0.0615732	0.0107926	0.0577916	0.0490761	0.0860923	0.0748369	0.0751301	0.0338543	0.021177	0.00794771	0.0314673
155	0.0299729	0.0224568	0.0207737	0.0323356	0.00588872	0.0190457	0.0405759	0.0191804	0.262146	0.0289782	0.0107982	0.0365389	0.0210349	0.0619506	0.268065	0.0574081	0.0291546	0.0156579	0.0105703	0.00746737
156	0.0336989	0.00815666	0.33393	0.272549	0.00296323	0.0319589	0.0231537	0.00886	0.033951	0.0117702	0.00363311	0.0834244	0.00694548	0.0350279	0.024327	0.0485119	0.0185364	0.0113795	0.000944723	0.00627736
157	0.0258336	0.00226051	0.00110972	0.00132396	0.0266916	0.00376366	0.00160972	0.337677	0.00328568	0.128982	0.0474656	0.0132479	0.00465794	0.0055341	0.00470193	0.00761341	0.0257668	0.35725	0.000267712	0.000956242
158	0.016884	0.0151913	0.0221309	0.0351723	0.00354084	0.0127308	0.021105	0.0143217	0.395251	0.0165094	0.00918363	0.0345647	0.0134464	0.0487657	0.257484	0.0375488	0.0247416	0.0108281	0.00707399	0.0035255
159	0.0410803	0.074734	0.017714	0.00999651	0.00588106	0.68051	0.00574535	0.00665509	0.0115514	0.0117439	0.00683551	0.0134492	0.00435821	0.012024	0.0135366	0.0431681	0.0294916	0.00572467	0.00173966	0.00406096
160	0.270969	0.0061444	0.00398414	0.00729859	0.0012535	0.0140126	0.0026043	0.00327038	0.00395208	0.0123052	0.00176641	0.0121447	0.0592243	0.00548293	0.00262488	0.516899	0.062488	0.0106215	0.000578085	0.00237611
161	0.0452202	0.0236374	0.106409	0.0718092	0.00845986	0.03617	0.0463937	0.0291539	0.0589959	0.0271697	0.0121538	0.13589	0.0216844	0.0385873	0.0619598	0.159932	0.0746357	0.0287506	0.00323941	0.00974784
162	0.0298819	0.00678452	0.00302858	0.00461713	0.0409881	0.005974	0.00703197	0.18194	0.00589698	0.386072	0.0503619	0.00780819	0.00458169	0.00818349	0.00726811	0.0219807	0.0313138	0.187784	0.000585207	0.00791779
163	0.0170565	0.00993419	0.0037418	0.00697078	0.0484195	0.00649738	0.00810737	0.0610118	0.00652462	0.661476	0.0582661	0.00466942	0.00561067	0.00738366	0.0110432	0.0182552	0.0136739	0.0357038	0.0014729	0.0141814
164	0.00845334	0.00127869	0.000676131	0.000870593	0.0422015	0.00305602	0.00117667	0.307888	0.00134433	0.256854	0.0487931	0.00421666	0.0021604	0.00537294	0.00423319	0.00205453	0.0312023	0.277422	0.00023259	0.000511709
165	0.0268359	0.0101717	0.374834	0.167999	0.00100951	0.0527156	0.030717	0.00652259	0.03645	0.00356271	0.00159299	0.136895	0.00209272	0.0253977	0.0343831	0.06538	0.0102953	0.00307	0.000394698	0.00968017
166	0.0370763	0.0168593	0.218239	0.081959	0.000708911	0.0727166	0.0497913	0.00608843	0.0609948	0.0043053	0.00137185	0.171537	0.0029523	0.0425564	0.0730414	0.119231	0.0162302	0.0031971	0.000337989	0.0208053
167	0.0370736	0.0169222	0.218468	0.0820989	0.000708871	0.0727732	0.0498065	0.00610802	0.0609722	0.00428325	0.00136341	0.171363	0.00295229	0.0425945	0.0731607	0.118807	0.0162062	0.00319121	0.000337987	0.0208087
168	0.0420001	0.0349431	0.0668386	0.0350685	0.00578083	0.502818	0.0198888	0.0105552	0.0285804	0.0127484	0.00724816	0.0628138	0.00801033	0.0195924	0.036027	0.0646456	0.0223278	0.00921041	0.00278263	0.00811988
169	0.0689746	0.00537963	0.00232746	0.00321076	0.0176226	0.0065676	0.00413561	0.260372	0.00839728	0.0651469	0.0562111	0.0254759	0.00666661	0.00525123	0.00830309	0.0227337	0.0547494	0.376576	0.000458738	0.00143965
170	0.0203296	0.00511993	0.00201048	0.00245164	0.0478409	0.00592468	0.00691585	0.0632344	0.00394552	0.689291	0.061003	0.00346138	0.00674496	0.00529277	0.00614989	0.0102686	0.0115129	0.0374339	0.000520761	0.010548
171	0.00654395	0.00759823	0.00304454	0.0152507	0.000765096	0.00935299	0.00811248	0.0120233	0.490596	0.00578378	0.00793049	0.020431	0.00622214	0.0375499	0.314028	0.0218059	0.0238677	0.00339683	0.00390426	0.00179264
172	0.0183135	0.00166885	0.00108558	0.00138282	0.0349225	0.00391257	0.00170296	0.321115	0.00297826	0.196174	0.0478634	0.00808916	0.00324297	0.00592749	0.00500733	0.00662264	0.0292287	0.309315	0.000285559	0.00116091
173	0.623168	0.00418942	0.0033691	0.00390231	0.00126488	0.121882	0.00198373	0.00989296	0.00275127	0.00298307	0.00194789	0.00220388	0.0219744	0.00544187	0.00256105	0.101891	0.0625029	0.0220718	0.000656567	0.00336204
174	0.0397306	0.00824307	0.343045	0.273284	0.00306917	0.0340487	0.023296	0.00798058	0.0315915	0.00911524	0.00225564	0.0820405	0.00464497	0.0328626	0.024231	0.0467927	0.0171782	0.0101875	0.000631498	0.00577134
175	0.0136477	0.0264706	0.00308651	0.00653363	0.354189	0.00581185	0.0280705	0.0544851	0.0105439	0.148523	0.014137	0.00542701	0.00371109	0.00566586	0.0121642	0.0337714	0.0128974	0.0418201	0.00139543	0.217649
176	0.0679063	0.0416874	0.032177	0.0243786	0.00542599	0.623286	0.00984299	0.00980514	0.0179631	0.0123166	0.00566365	0.0211479	0.00643358	0.0152111	0.0197408	0.0492801	0.0205091	0.00937064	0.00346803	0.00438586
177	0.0129599	0.00546491	0.00213361	0.00352688	0.0479031	0.00357565	0.00813562	0.0637526	0.00495469	0.689708	0.0583534	0.00432733	0.00508455	0.00745512	0.00817638	0.0133244	0.0126331	0.0361867	0.000536039	0.0118076
178	0.274713	0.0065574	0.00707647	0.0104131	0.00375018	0.0182183	0.00522432	0.00754795	0.00669885	0.0190583	0.0028877	0.0166588	0.0455911	0.0070394	0.00707315	0.454371	0.0770599	0.0242238	0.00133688	0.00449984
179	0.0191403	0.0289244	0.0179557	0.00261251	0.00196988	0.0028572	0.010397	0.0424456	0.00932718	0.00902267	0.00636642	0.242107	0.0014575	0.00540394	0.00529807	0.342462	0.233075	0.016364	0.000761191	0.00205235
180	0.0472625	0.00743934	0.0119042	0.00521164	0.222986	0.0280309	0.0229422	0.0923109	0.023743	0.104632	0.0111115	0.00665848	0.00533975	0.00828692	0.00622789	0.129548	0.0580559	0.15236	0.00156527	0.0543832
181	0.00238142	0.0299794	0.00103002	0.00106322	0.432946	0.00125402	0.0311349	0.0322603	0.00628935	0.121761	0.00441013	0.00167645	0.000807127	0.00149697	0.00632606	0.0191824	0.00206271	0.0150631	0.000386211	0.28849
182	0.0370883	0.016945	0.218496	0.0821355	0.000709662	0.0728963	0.0498776	0.00611543	0.0609487	0.00428968	0.00136764	0.171187	0.00295592	0.0429361	0.0732992	0.118423	0.0161093	0.00317071	0.000339366	0.0207101
183	0.115164	0.00386468	0.0178124	0.0164916	0.00483137	0.0261576	0.0347111	0.0104365	0.0125539	0.0426158	0.00310057	0.0163123	0.390794	0.0347782	0.0260111	0.147583	0.06466	0.0194149	0.00276737	0.00993929
184	0.048195	0.0113043	0.0109957	0.0818826	0.00722951	0.00952238	0.0941989	0.0489093	0.0853069	0.150555	0.00680543	0.0144161	0.00986791	0.251091	0.0264826	0.0253177	0.0259975	0.0849215	0.0015422	0.00545793
185	0.0703097	0.00130734	0.00515403	0.00744574	0.000889589	0.00591768	0.0400544	0.00530277	0.00876441	0.0153042	0.00181061	0.00948445	0.655239	0.0548388	0.0191172	0.0719253	0.0105331	0.0144897	0.000417625	0.0016944
186	0.00268034	0.00263715	0.000596173	0.000722362	0.036265	0.00098523	0.00223086	0.0436628	0.00129351	0.820521	0.0688533	0.00117245	0.00128425	0.000965047	0.00239847	0.00180027	0.00367295	0.00740886	0.000230021	0.000620176
187	0.129655	0.0171347	0.0226885	0.0270868	0.0133767	0.0275656	0.0179888	0.0430938	0.0318637	0.0421249	0.0214635	0.0478869	0.0263505	0.0206651	0.0291464	0.179676	0.22315	0.0634136	0.00503225	0.010637
188	0.13969	0.021224	0.0256104	0.0222995	0.0165135	0.0345988	0.0203678	0.0230087	0.0305433	0.0346458	0.00775818	0.0580579	0.0492086	0.0191583	0.0348362	0.324512	0.0920164	0.0314777	0.00367919	0.0107935
189	0.0230325	0.024446	0.0154416	0.0269511	0.00211733	0.0141284	0.0696132	0.0108168	0.265264	0.0205778	0.00525035	0.0413292	0.014957	0.0825306	0.291852	0.045921	0.0193099	0.011141	0.00940443	0.00591629
190	0.0408539	0.00271648	0.00182141	0.00208055	0.0234873	0.00451342	0.00275726	0.309097	0.00401268	0.0832551	0.0316636	0.0114867	0.00458821	0.00462603	0.00584403	0.0119941	0.0229982	0.427645	0.000757543	0.00380171
191	0.220521	0.00806616	0.0106652	0.0124838	0.0167651	0.0187273	0.00924723	0.120018	0.0114946	0.0426301	0.0242459	0.0138007	0.0268603	0.0101248	0.0122651	0.0894785	0.0741808	0.26947	0.00199483	0.00696047
192	0.114835	0.0166502	0.0190779	0.0247455	0.0190155	0.0357022	0.0188858	0.0469068	0.0523916	0.0465955	0.020449	0.0489844	0.0234392	0.0209532	0.0429633	0.157393	0.20951	0.0660955	0.00454574	0.0108599
