263	20
1	0.0098393	0.000418623	0.376474	0.320088	0.00349989	0.0104522	0.00544505	0.00814547	0.0460585	0.00916313	0.00391212	0.0545106	0.00709696	0.0536083	0.029536	0.0259487	0.0276798	0.00714437	0.000342095	0.000636805
2	0.00733859	0.00151291	0.000138606	0.000198345	0.0440713	0.00100322	0.00013394	0.197076	0.000927669	0.619734	0.0570665	0.000334092	0.000201148	0.00463869	0.000196472	0.00177207	0.00708568	0.0546061	0.000307632	0.00165738
3	0.00876653	0.000425831	0.0104123	0.0190086	0.00943816	0.00374974	0.0210505	0.0203453	0.333465	0.023683	0.00250713	0.037546	0.00521715	0.0772506	0.37598	0.0114393	0.0152345	0.00624449	0.00299724	0.0152379
4	0.0370272	0.000556961	0.027942	0.0391909	0.00130876	0.0381185	0.0010426	0.00556182	0.296762	0.00765887	0.00752624	0.10582	0.0070529	0.0798175	0.192119	0.0912005	0.0415414	0.0183607	0.000340784	0.0010516
5	0.00397597	0.000827388	0.000864751	0.000889329	0.0021115	0.00160218	0.000710187	0.00357666	0.827342	0.00324489	0.0022358	0.011799	0.000700607	0.029943	0.0670388	0.0215611	0.0154822	0.00397225	0.000715655	0.00140665
6	0.0279186	0.00345554	0.000211323	0.000371368	0.0581415	0.00731754	0.000165377	0.364399	0.00175937	0.337414	0.0411763	0.00045139	0.00133991	0.00104922	0.00032896	0.00510275	0.0157618	0.12858	0.00180031	0.00325524
7	0.0486355	0.00561594	0.000121687	0.000201633	0.0783818	0.0137345	9.43985e-05	0.295556	0.000349965	0.33749	0.0299126	0.000295636	0.00188673	0.000554461	0.000144973	0.00586946	0.0181393	0.154694	0.00301917	0.00530251
8	0.0379199	0.0016827	0.000948788	0.00186689	0.38844	0.0139589	0.0013438	0.164924	0.0133688	0.0917527	0.0289514	0.0192775	0.00210745	0.00224165	0.00206906	0.00792921	0.0744057	0.037508	0.0158467	0.0934578
9	0.0542251	0.028928	0.000844121	0.00128867	0.0063963	0.00677112	0.000803206	0.07076	0.00135778	0.0458386	0.0195331	0.00494734	0.00787437	0.00409916	0.00100796	0.0522828	0.490705	0.199307	0.000750798	0.00227915
10	0.00769925	0.00183891	0.000141114	0.000208693	0.0435219	0.000957612	0.000139914	0.193113	0.000793352	0.634815	0.0510326	0.000333843	0.00018945	0.00413898	0.000188996	0.00162051	0.00574806	0.0519619	0.000189093	0.00136835
11	0.178744	0.00547197	0.000582009	0.0010513	0.126184	0.311867	0.00053928	0.0296725	0.00084975	0.186679	0.0239674	0.00676648	0.000594986	0.00119842	0.000746673	0.0502286	0.0176005	0.033094	0.0149897	0.00917209
12	0.0173614	0.000957827	0.000331998	0.000481354	0.19134	0.000692575	0.000301063	0.158349	0.000460956	0.35683	0.105717	0.00867902	0.000268755	0.000686672	0.000392619	0.00404235	0.0114327	0.0856958	0.00694353	0.0490362
13	0.0273791	0.00343894	0.000186771	0.000275468	0.0487815	0.00637681	0.000143213	0.329947	0.00100485	0.337599	0.0356939	0.000395402	0.00121744	0.00091004	0.00018842	0.00495086	0.0152898	0.181879	0.00157882	0.00276355
14	0.173771	0.00947864	0.000242895	0.000236401	0.0542146	0.040024	0.000167852	0.164207	0.000613433	0.16047	0.0397651	0.000440846	0.00189001	0.000474899	0.000218096	0.044778	0.0576363	0.246182	0.00388985	0.0012996
15	0.0159685	0.00236754	0.000319531	0.00031182	0.01211	0.000644273	0.000299408	0.300399	0.000463374	0.209702	0.0250199	0.000533557	0.000448634	0.000667772	0.000381272	0.00140152	0.00422575	0.424036	0.000244196	0.000455515
16	0.092326	0.0361944	0.00180388	0.0189317	0.214485	0.00421356	0.00220106	0.0832458	0.00245781	0.011733	0.0106865	0.00362533	0.00174983	0.00399325	0.0024494	0.0664492	0.0112651	0.0863995	0.00301582	0.342773
17	0.0178125	0.000811358	0.0108677	0.0217432	0.00876449	0.00510219	0.0245571	0.022179	0.271467	0.0214685	0.00828227	0.0374379	0.00343095	0.117325	0.358353	0.0162943	0.0251202	0.01141	0.00332975	0.0142437
18	0.0486444	0.00566608	0.00010505	0.000145413	0.0781473	0.0127645	9.06665e-05	0.299858	0.000263858	0.330123	0.0307321	0.000261816	0.00187245	0.000367109	0.000131204	0.00583527	0.0178175	0.158927	0.00317045	0.00507597
19	0.205197	0.00432323	0.00132045	0.00118633	0.0560755	0.208344	0.00078911	0.108858	0.0012492	0.141534	0.0310681	0.00298619	0.0114564	0.00270436	0.000691225	0.0238557	0.0225367	0.169668	0.00292027	0.00323648
20	0.211956	0.0336536	0.000621322	0.000682287	0.00961428	0.045013	0.00060749	0.0352156	0.000983687	0.00880616	0.00810396	0.0373233	0.00146295	0.00252875	0.00070792	0.272395	0.249234	0.0723761	0.000582062	0.00813262
21	0.078531	0.00837936	0.000958646	0.0011134	0.22265	0.00174974	0.164804	0.0156158	0.00138122	0.0227346	0.00284802	0.0686698	0.000912732	0.0494269	0.00887285	0.0466742	0.0451127	0.0401098	0.0187488	0.200706
22	0.00497279	0.000556984	0.000162073	0.000180225	0.00457576	0.000306516	0.000152055	0.673843	0.00020605	0.0583927	0.01406	0.000312309	0.00145922	0.000334645	0.000409644	0.000587186	0.00490056	0.232462	0.00137953	0.000746588
23	0.0754027	0.000551139	0.000592957	0.00100114	0.00368312	0.00762626	0.00543094	0.00827071	0.00191583	0.00568257	0.0124188	0.00133418	0.715862	0.0163002	0.0110718	0.041379	0.0623937	0.025196	0.00200697	0.0018802
24	0.125066	0.0245874	0.000340782	0.000385283	0.0306894	0.0287858	0.000232573	0.195018	0.000504236	0.138884	0.0419688	0.00103172	0.00287486	0.000811957	0.000346881	0.045536	0.112073	0.247689	0.00196652	0.00120829
25	0.0692501	0.00303775	0.00462318	0.00373993	0.0128317	0.0954391	0.00726048	0.0216521	0.00882358	0.0255551	0.0176226	0.0102253	0.455651	0.0200184	0.00920391	0.119007	0.0411184	0.0293247	0.0339832	0.0116322
26	0.0600656	0.00415996	0.00325848	0.0307144	0.201191	0.315336	0.0032942	0.048141	0.00456212	0.058458	0.0116016	0.0636226	0.00318008	0.00676404	0.00380708	0.0465295	0.0184247	0.0424942	0.00416245	0.070232
27	0.00505475	0.000542006	0.000175698	0.00018576	0.00490511	0.000312064	0.0001534	0.664575	0.000208931	0.0606686	0.0142442	0.000332282	0.00143363	0.000354266	0.000410813	0.000618091	0.00478007	0.238834	0.00139795	0.000812973
28	0.017458	0.000807037	0.465791	0.00696234	0.00172679	0.00147665	0.00057429	0.00283072	0.00739805	0.00273778	0.00198683	0.389669	0.000611024	0.0117219	0.000836274	0.0673639	0.0152003	0.0031915	0.000585722	0.00107104
29	0.0570525	0.000836716	0.0287567	0.017393	0.00119518	0.407548	0.00523299	0.00208986	0.000879355	0.00214326	0.00150252	0.134035	0.000560927	0.0618925	0.0108689	0.214053	0.0497717	0.00275579	0.000371463	0.00106066
30	0.0173614	0.000957827	0.000331998	0.000481354	0.19134	0.000692575	0.000301063	0.158349	0.000460956	0.35683	0.105717	0.00867902	0.000268755	0.000686672	0.000392619	0.00404235	0.0114327	0.0856958	0.00694353	0.0490362
31	0.0269846	0.00183313	0.000233407	0.000336148	0.160355	0.00281057	0.000223502	0.18738	0.00042595	0.369885	0.0826929	0.00574168	0.000469835	0.000732581	0.000310112	0.0039557	0.010653	0.104724	0.00446921	0.0357838
32	0.017458	0.000807037	0.465791	0.00696234	0.00172679	0.00147665	0.00057429	0.00283072	0.00739805	0.00273778	0.00198683	0.389669	0.000611024	0.0117219	0.000836274	0.0673639	0.0152003	0.0031915	0.000585722	0.00107104
33	0.0666505	0.00367507	0.000802383	0.0102932	0.0705549	0.00184926	0.000788066	0.109866	0.00258626	0.195523	0.169767	0.00569893	0.00952765	0.0162062	0.00262746	0.0701123	0.170702	0.072158	0.0106739	0.00993731
34	0.0226413	0.00832064	0.000482143	0.000651732	0.323818	0.00111277	0.000447376	0.122374	0.000804182	0.308128	0.0961689	0.00592557	0.000428362	0.00136012	0.000656192	0.00413103	0.00881121	0.0610837	0.00363785	0.0290174
35	0.200968	0.028171	0.000649193	0.000843993	0.00707455	0.0451441	0.00071582	0.0247602	0.00103623	0.0105314	0.0061822	0.0392293	0.00140324	0.00312653	0.000689509	0.295855	0.261566	0.0655683	0.000658714	0.00582599
36	0.0504647	0.00172203	0.00654161	0.00716678	0.00209844	0.838924	0.000371453	0.00223143	0.00529325	0.00521174	0.00154134	0.0208242	0.000486954	0.00110213	0.00547901	0.036782	0.00835862	0.00406632	0.000428931	0.000905416
37	0.0531118	0.00166618	0.0067019	0.00736105	0.00138879	0.805627	0.000520417	0.00187345	0.00622024	0.00471234	0.00169181	0.0259171	0.000425864	0.00362803	0.0105575	0.0500919	0.0127103	0.00402358	0.000339145	0.00143141
38	0.0580001	0.000836169	0.0287304	0.0173582	0.00120054	0.406493	0.00522374	0.00212215	0.000889575	0.00216864	0.00153294	0.134126	0.000565448	0.0616152	0.0108015	0.214276	0.0498394	0.00278964	0.000372515	0.00105938
39	0.0178637	0.00102215	0.000346521	0.000538606	0.20025	0.00089043	0.000384414	0.159343	0.000932743	0.353773	0.100684	0.00991387	0.000280629	0.000733658	0.000411997	0.00480682	0.0119173	0.0832142	0.00594121	0.046751
40	0.239425	0.00819473	0.0210465	0.0987559	0.0140257	0.044694	0.00494656	0.0103695	0.0528365	0.0240994	0.0138785	0.0161575	0.00136044	0.0534608	0.0265092	0.240679	0.0875555	0.0275804	0.000426312	0.0139985
41	0.0487356	0.00056478	0.0162337	0.0432338	0.00564815	0.00454855	0.042348	0.0168463	0.169024	0.00288732	0.017117	0.0619031	0.000518461	0.258969	0.198543	0.0312949	0.0582479	0.00807635	0.00473093	0.0105302
42	0.17366	0.00956953	0.000243914	0.000289195	0.0541817	0.0399545	0.000186232	0.16361	0.000651789	0.160968	0.0402453	0.00043615	0.00189171	0.000509192	0.000214572	0.0450247	0.057403	0.24575	0.00389811	0.00131368
43	0.290706	0.00466866	0.000723992	0.000805299	0.00266582	0.101401	0.000434275	0.00932204	0.00138481	0.00472831	0.0138168	0.0067017	0.00235988	0.00171019	0.000786064	0.40384	0.13156	0.0192666	0.000481918	0.00263708
44	0.00491076	0.000618284	0.000163576	0.000176648	0.00471963	0.000309757	0.000151131	0.669821	0.00020942	0.0582231	0.0138143	0.000327592	0.00144033	0.00033503	0.000469385	0.000613073	0.00481937	0.236433	0.00146092	0.000983926
45	0.0448231	0.0267315	0.00113371	0.00143848	0.299903	0.0021179	0.00099824	0.0426439	0.00167942	0.311443	0.197842	0.00305994	0.00101705	0.00278865	0.00130914	0.00985939	0.00749308	0.0340687	0.00177552	0.00787451
46	0.368925	0.00568288	0.00131909	0.000936464	0.00404084	0.113566	0.00136002	0.0109027	0.00249217	0.00945185	0.0319097	0.00424997	0.00417122	0.00448692	0.0014233	0.313093	0.0835863	0.0330228	0.00124329	0.00413671
47	0.008812	0.001449	0.000285089	0.00122324	0.0353699	0.00180862	0.000871768	0.185554	0.00136843	0.569655	0.0930688	0.00108958	0.000249537	0.00688553	0.000859474	0.00432575	0.0135029	0.0706358	0.000428092	0.00255778
48	0.0510179	0.00136534	0.0178158	0.0110046	0.00103499	0.635807	0.00252218	0.00196379	0.00375922	0.00337123	0.0015372	0.0743744	0.000582001	0.0272177	0.00826682	0.124784	0.028872	0.00349551	0.000325122	0.00088268
49	0.00648169	0.00417041	0.000772882	0.000375963	0.00285525	0.000774098	0.000387533	0.561447	0.000507447	0.0318141	0.00634374	0.00124906	0.000832139	0.0010039	0.00374031	0.00212661	0.00808071	0.358974	0.00085828	0.00720406
50	0.0315567	0.00626336	0.00169767	0.00254723	0.0160487	0.0497674	0.00308321	0.153077	0.0028341	0.125986	0.224131	0.00318602	0.00127953	0.0110721	0.00312402	0.0454868	0.0572493	0.22469	0.00158376	0.0353364
51	0.0660473	0.000537481	0.000690323	0.00148864	0.00380226	0.0108876	0.00486114	0.00684897	0.00384578	0.00637929	0.0105295	0.00123439	0.741042	0.0146275	0.00938356	0.0417366	0.0492838	0.0207779	0.0030735	0.00292235
52	0.0161406	0.00170484	0.000623849	0.00135102	0.300656	0.00296542	0.041569	0.0210235	0.00203951	0.0140074	0.00483339	0.0289285	0.000794458	0.0102175	0.00628157	0.0196676	0.0256733	0.0130255	0.0260242	0.462473
53	0.00722384	0.00134938	0.000309554	0.000580749	0.00852992	0.000754239	0.000217127	0.641019	0.000348768	0.0671464	0.0172567	0.00068203	0.00124325	0.000698019	0.00061948	0.00204491	0.010095	0.236551	0.00153988	0.0017906
54	0.0377688	0.00511698	0.0336278	0.0108757	0.00536755	0.027975	0.00592952	0.0153676	0.0130015	0.0130851	0.00952587	0.192085	0.00268694	0.0302547	0.00886061	0.199282	0.341292	0.0365858	0.000996976	0.0103146
55	0.552029	0.00340266	0.000570097	0.000536216	0.00132431	0.0407012	0.000358211	0.00292836	0.000880276	0.00354983	0.00405558	0.00161532	0.00628626	0.00250568	0.000562854	0.315552	0.04414	0.0152956	0.000269927	0.00343676
56	0.0971798	0.00236621	0.0122568	0.00752836	0.00726954	0.00975944	0.00510199	0.0662004	0.0118446	0.0265824	0.0419653	0.0261793	0.00787608	0.24093	0.00685888	0.248138	0.135896	0.0346918	0.00193614	0.00943858
57	0.00678016	0.00176393	0.000325061	0.000611242	0.00776984	0.00111971	0.000673225	0.653646	0.000890382	0.0643407	0.0163302	0.00202422	0.0013511	0.00112673	0.000835972	0.00304444	0.0100717	0.221465	0.00176012	0.00407051
58	0.00514947	0.000626861	0.000161323	0.000185474	0.00448511	0.00031006	0.00017521	0.672801	0.000221232	0.057478	0.0139325	0.000313452	0.00143718	0.000341183	0.000462221	0.000589645	0.00487097	0.23426	0.0013478	0.000850997
59	0.0181702	0.000706873	0.000686787	0.00849548	0.0545998	0.00130314	0.000598844	0.315573	0.00151313	0.155255	0.194442	0.00113311	0.000533524	0.00175619	0.000714118	0.00442248	0.0138649	0.224027	0.000892421	0.00131133
60	0.0426439	0.00301357	0.0325796	0.033333	0.0119386	0.0175719	0.0200974	0.0355462	0.0447761	0.0208725	0.0160493	0.148069	0.00302921	0.254682	0.0381887	0.0664376	0.146019	0.0442356	0.00276058	0.0181565
61	0.0103993	0.00179687	0.000239761	0.00025526	0.0434514	0.0019905	0.000174911	0.206802	0.000984619	0.599144	0.0506199	0.000762764	0.000418869	0.00450131	0.000254285	0.00268367	0.00748245	0.0647211	0.000611089	0.0027058
62	0.032019	0.0176893	0.00091484	0.00110075	0.0431975	0.00168193	0.000738672	0.00950147	0.00120114	0.603925	0.243405	0.00189351	0.00090305	0.00266213	0.00101094	0.0119665	0.00476603	0.0185213	0.000742469	0.00215952
63	0.0649284	0.0231041	0.00209572	0.00245523	0.00702103	0.159719	0.00143561	0.0449373	0.018779	0.00792866	0.0316388	0.00514595	0.00152923	0.0394871	0.0203225	0.0587052	0.395796	0.110654	0.00144626	0.00287099
64	0.17239	0.00993714	0.000258505	0.000258918	0.0528188	0.039547	0.000179728	0.165107	0.000627254	0.159146	0.0402306	0.000429377	0.00185578	0.000537682	0.000232005	0.0460944	0.0590811	0.246111	0.0037547	0.00140215
65	0.0196591	0.00795386	0.000899646	0.00115129	0.107682	0.00202399	0.000863844	0.341439	0.00130071	0.0983698	0.00319924	0.0107801	0.00103515	0.00201677	0.00113981	0.0118776	0.0209283	0.308195	0.017236	0.0422494
66	0.0862827	0.00213491	0.0258446	0.0595523	0.0133258	0.020918	0.013455	0.00884641	0.176001	0.0170923	0.01363	0.0307819	0.20717	0.0509271	0.0765919	0.110948	0.0469245	0.0170516	0.00186639	0.0206552
67	0.145611	0.00173527	0.00199656	0.0297352	0.0293094	0.0164423	0.038607	0.00580224	0.193221	0.00856996	0.0169793	0.00352457	0.0491059	0.0435174	0.0752775	0.197594	0.0832463	0.00729223	0.00139519	0.0510372
68	0.0160037	0.00148932	0.000266703	0.000327472	0.138575	0.00134422	0.000210488	0.170671	0.000515385	0.459552	0.0804424	0.00498151	0.000404656	0.00216203	0.000418524	0.00319619	0.00903668	0.0791353	0.00382184	0.0274464
69	0.0121015	0.00168266	0.0495148	0.173521	0.00398988	0.0558353	0.00230075	0.0102789	0.104865	0.102395	0.0342551	0.0275902	0.00181265	0.208981	0.00448027	0.065351	0.058608	0.0465648	0.00152817	0.0343446
70	0.0485838	0.00163885	0.00683246	0.00720793	0.00180139	0.841029	0.000352697	0.00218064	0.00535986	0.00423094	0.00156896	0.0213275	0.000522302	0.00121977	0.0056686	0.0362046	0.0090372	0.00394585	0.000346904	0.000940832
71	0.164549	0.00134185	0.117514	0.183049	0.00334407	0.0144607	0.0125182	0.00543105	0.0261612	0.00539242	0.0149368	0.0469303	0.144928	0.119018	0.0438781	0.0570634	0.0297595	0.00600313	0.00120621	0.00251535
72	0.244566	0.00829516	0.0216569	0.0986143	0.0142176	0.0426368	0.0050837	0.0105518	0.0520296	0.0232587	0.0143026	0.0151735	0.00140318	0.0541497	0.0261343	0.238117	0.0880243	0.0279995	0.000413974	0.0133713
73	0.0590745	0.00238558	0.0111638	0.0161964	0.00279541	0.767335	0.000968991	0.00345153	0.00637931	0.00501223	0.00252852	0.0296714	0.000518092	0.00835818	0.00638136	0.0562494	0.0143377	0.00472557	0.000385117	0.00208193
74	0.0469541	0.000630629	0.0142579	0.0471858	0.00588199	0.00188814	0.0454418	0.0180554	0.159183	0.00328241	0.0156685	0.0503075	0.0013156	0.26328	0.221817	0.0239677	0.0579973	0.00768372	0.00474479	0.0104566
75	0.0410639	0.000477111	0.0206511	0.0341083	0.00109641	0.0343973	0.00391884	0.00693731	0.307646	0.00847924	0.0101632	0.0835988	0.00733455	0.0840719	0.212704	0.0787722	0.0478788	0.0147599	0.000429851	0.00151143
76	0.00931511	0.000760129	0.00309053	0.00787932	0.00264174	0.00149336	0.00783035	0.00597979	0.704896	0.00371267	0.00418253	0.0173582	0.000720711	0.0776684	0.0997131	0.0181346	0.026226	0.00405143	0.00132215	0.0030235
77	0.00573776	0.00108127	0.000229096	0.000422407	0.0381215	0.000924696	0.000260268	0.307383	0.00323004	0.498545	0.0605021	0.000602113	0.00037925	0.00358569	0.000415671	0.00340016	0.0103289	0.063069	0.000279712	0.00150231
78	0.102143	0.00314931	0.0214127	0.0234637	0.00469223	0.0434999	0.00410483	0.0311277	0.0237435	0.02847	0.00736818	0.0857538	0.00211448	0.159793	0.00344975	0.0675919	0.32359	0.0558573	0.00181582	0.00685904
79	0.0469075	0.000686476	0.016095	0.0540037	0.0070341	0.00284845	0.042431	0.0179046	0.159171	0.00349068	0.0187535	0.05609	0.000660901	0.288326	0.175436	0.0267275	0.0572242	0.00798652	0.00613203	0.0120913
80	0.0188838	0.000942237	0.000944806	0.00119656	0.0235677	0.00179894	0.000777176	0.130704	0.00134181	0.0879078	0.0192656	0.00215096	0.000922905	0.00222872	0.00130506	0.00394966	0.012825	0.0313127	0.0967515	0.561222
81	0.0568302	0.00614629	0.00539956	0.00613002	0.0090987	0.0133048	0.00488549	0.0553817	0.00578389	0.0292156	0.0277368	0.040748	0.00311465	0.146845	0.00489665	0.185409	0.289775	0.0967767	0.00194213	0.0105796
82	0.00521801	0.000396049	0.00929855	0.0150915	0.0107291	0.000766556	0.0229308	0.0207181	0.337257	0.0247472	0.00176207	0.0350733	0.00324126	0.074338	0.397024	0.0047779	0.0108875	0.00533623	0.00340089	0.0170064
83	0.0211361	0.00103917	0.000917183	0.00110213	0.0273817	0.00190447	0.000785031	0.127786	0.0013556	0.0875559	0.0186025	0.00201499	0.000877467	0.00219924	0.00128539	0.00409036	0.0121638	0.0338365	0.097695	0.556272
84	0.183461	0.00246193	0.00118757	0.00137256	0.0321205	0.154473	0.000856712	0.113919	0.00156785	0.291876	0.0269213	0.00258718	0.00940529	0.00467691	0.00129192	0.0106527	0.0108696	0.146599	0.00137012	0.00232941
85	0.314401	0.0143769	0.000588475	0.00058551	0.0032076	0.0611361	0.00038595	0.0126915	0.000824697	0.00376249	0.00707766	0.0147855	0.00320829	0.00130484	0.000615254	0.346717	0.184708	0.0259766	0.000365247	0.00328148
86	0.015896	0.00240228	0.000326309	0.000317185	0.012756	0.000672439	0.000297586	0.304575	0.000478361	0.205815	0.0244323	0.000547756	0.000460184	0.000674428	0.00037993	0.00141376	0.00427296	0.423321	0.000270815	0.000690674
87	0.25647	0.000866789	0.000659134	0.000713843	0.0623225	0.25886	0.000715813	0.0787869	0.00111517	0.114938	0.0188229	0.00154813	0.0224724	0.00147139	0.000908146	0.00256493	0.00309321	0.171677	0.000506211	0.00148833
88	0.0755827	0.00766897	0.000174002	0.000299684	0.0832292	0.0181821	0.000176491	0.252449	0.00054901	0.28602	0.0382598	0.000804341	0.00217842	0.000540955	0.000505973	0.0165159	0.0284883	0.175457	0.00660811	0.00630997
89	0.541942	0.0426025	0.00067879	0.000907059	0.00795831	0.223388	0.000507602	0.00385895	0.001369	0.0137203	0.00293839	0.00130301	0.000736691	0.0035963	0.000986531	0.117588	0.0211106	0.0126579	0.00070497	0.00144531
90	0.0488412	0.0057146	0.000105098	0.000146537	0.0772203	0.0129469	9.10212e-05	0.301181	0.000265695	0.329315	0.0303928	0.000258411	0.00187232	0.00036314	0.000125576	0.0058433	0.0178126	0.159387	0.00315723	0.00495996
91	0.0488412	0.0057146	0.000105098	0.000146537	0.0772203	0.0129469	9.10212e-05	0.301181	0.000265695	0.329315	0.0303928	0.000258411	0.00187232	0.00036314	0.000125576	0.0058433	0.0178126	0.159387	0.00315723	0.00495996
92	0.0181003	0.00154115	0.00299207	0.000438064	0.0069518	0.00101293	0.000290278	0.335011	0.000541334	0.0489422	0.0350964	0.00345997	0.000439284	0.000943289	0.000424534	0.0246697	0.0809762	0.43703	0.000396384	0.000743069
93	0.0484096	0.00659556	0.000112507	0.000147278	0.0724607	0.0129998	0.000102928	0.299267	0.000263215	0.327597	0.0307978	0.000278666	0.00224458	0.000390663	0.000137223	0.00716776	0.0234486	0.160215	0.00291782	0.00444564
94	0.095509	0.0496362	0.000514256	0.000588959	0.0128367	0.0206401	0.000457291	0.167305	0.000831091	0.0678429	0.0374528	0.00192324	0.00388812	0.00136658	0.000639838	0.0539402	0.207499	0.27511	0.00072629	0.00129197
95	0.00524305	0.00131042	0.000140101	0.000200452	0.040356	0.000442063	0.00015275	0.189871	0.000891116	0.635851	0.06123	0.000302361	0.000145021	0.00540565	0.000230148	0.00145692	0.00607303	0.0492758	9.83433e-05	0.00132474
96	0.0580167	0.0375169	0.000612051	0.000760164	0.00540337	0.00717126	0.000565871	0.0854587	0.000919088	0.0419809	0.0250129	0.00259436	0.00938603	0.00182512	0.000527863	0.0431861	0.463825	0.213468	0.000547937	0.00122183
97	0.464581	0.0103238	0.00111854	0.000497488	0.0102537	0.113901	0.000375798	0.0351158	0.00279743	0.0317586	0.00323922	0.00275734	0.000699497	0.0054384	0.000552547	0.156676	0.0814931	0.0769611	0.000386997	0.00107338
98	0.047928	0.00156583	0.00654208	0.00711516	0.00096317	0.848431	0.000342058	0.00163332	0.00534861	0.00377924	0.00132865	0.0206199	0.000384603	0.000785633	0.00555307	0.0354908	0.00812	0.00300383	0.000318719	0.000745817
99	0.224231	0.0337285	0.000556632	0.000705508	0.00662844	0.042596	0.000584142	0.0261292	0.000955242	0.00732879	0.00579025	0.0344266	0.00140212	0.00212409	0.000600704	0.277795	0.275265	0.0534824	0.000561337	0.00510926
100	0.112505	0.0121677	0.000638736	0.0006163	0.0396499	0.0479168	0.000436881	0.138038	0.00120254	0.124224	0.135581	0.00110817	0.00144347	0.00138212	0.00059434	0.0496474	0.0706923	0.245839	0.00261893	0.0136988
101	0.0289636	0.00242503	0.000258793	0.000415775	0.182437	0.00285691	0.000246916	0.176911	0.000488742	0.35594	0.0845982	0.00560521	0.000521713	0.000648303	0.000407584	0.00408204	0.0108514	0.104347	0.0043993	0.0335961
102	0.0738696	0.0468659	0.000645554	0.000560417	0.00972708	0.0171872	0.000334394	0.192061	0.000702321	0.0853743	0.045109	0.00210245	0.00502117	0.00120129	0.000569487	0.0423865	0.185667	0.288604	0.000546523	0.00146462
103	0.0213403	0.00147402	0.000602347	0.00501388	0.0160745	0.00821225	0.00341541	0.203759	0.00319792	0.194269	0.26949	0.00263197	0.000732406	0.0105646	0.00332208	0.0193462	0.0327262	0.196026	0.00163937	0.00616209
104	0.0240843	0.0026582	0.00118264	0.00172139	0.308064	0.00451736	0.0468304	0.0173602	0.00202317	0.0187577	0.00556219	0.0236849	0.00209194	0.0132136	0.00665529	0.0329965	0.0220214	0.0215212	0.0433089	0.401744
105	0.00567665	0.00141851	0.000124369	0.000196937	0.0423036	0.000447197	0.000143766	0.193989	0.000885914	0.637133	0.0566124	0.000305479	0.000119811	0.00445624	0.000173233	0.00156391	0.00567166	0.0473733	9.64067e-05	0.00130849
106	0.0919068	0.00439316	0.00600387	0.00664608	0.0016942	0.785318	0.000346425	0.00217136	0.00480117	0.00487741	0.00151112	0.0180654	0.000545157	0.00106034	0.00504942	0.0502688	0.00971208	0.0044942	0.000325394	0.00080941
107	0.010836	0.00049621	0.35195	0.317425	0.00353265	0.00975617	0.00579543	0.0090113	0.0484518	0.00988457	0.00394238	0.065828	0.00656987	0.059233	0.0326044	0.0273048	0.0287286	0.00751954	0.000353637	0.000777638
108	0.00884733	0.00204436	0.00178559	0.00225284	0.00475957	0.00315764	0.00166063	0.0896455	0.165161	0.125206	0.0615828	0.00387311	0.00166492	0.225104	0.168456	0.00753867	0.0426756	0.0797992	0.00153274	0.00325251
109	0.00472868	0.000624505	0.000165838	0.000226479	0.00478059	0.000311736	0.000150431	0.682935	0.000211965	0.0564863	0.0146448	0.00032395	0.00136961	0.00034163	0.000391821	0.000590242	0.00520522	0.224466	0.00131629	0.000729326
110	0.0262686	0.0020259	0.0429462	0.0107953	0.00316198	0.0274551	0.00513944	0.0100315	0.0155818	0.010785	0.00814068	0.207494	0.00225729	0.030962	0.00989382	0.202681	0.349716	0.0260804	0.0011759	0.00740929
111	0.0105895	0.0003842	0.345953	0.326405	0.00361667	0.0100471	0.00604181	0.00875005	0.0500903	0.00978396	0.00394688	0.0620168	0.00654394	0.0583543	0.0333089	0.0274063	0.0282845	0.00755648	0.000336971	0.000584365
112	0.0048748	0.000410267	0.0105692	0.0167193	0.0112697	0.000840501	0.0241769	0.0223888	0.348709	0.0259047	0.00165055	0.0373885	0.0031355	0.0777511	0.370687	0.00505765	0.0108472	0.00575232	0.00384075	0.0180262
113	0.0486055	0.00241962	0.00657123	0.00787238	0.00225917	0.782147	0.000849991	0.00364726	0.0263801	0.00752011	0.00295628	0.0292978	0.00195015	0.0036036	0.0090862	0.0411556	0.0135036	0.00763699	0.000619369	0.0019181
114	0.0479441	0.00171915	0.00682951	0.00754206	0.00204442	0.836138	0.000441823	0.00194158	0.00536849	0.00463005	0.00145617	0.023114	0.000406101	0.00182019	0.005608	0.0380817	0.00977713	0.00351274	0.000357871	0.00126681
115	0.0305079	0.00307565	0.0509935	0.0350246	0.0166853	0.0169445	0.0207692	0.0310809	0.0414759	0.0180919	0.015759	0.239859	0.00381265	0.250032	0.0403361	0.0511532	0.0768369	0.0351065	0.00288196	0.019573
116	0.0472887	0.00177801	0.00710554	0.00742523	0.0014711	0.836683	0.000427209	0.00216823	0.00528125	0.00434853	0.0016291	0.0236977	0.000601765	0.00172179	0.00562536	0.0381387	0.00926797	0.00395023	0.000366035	0.00102444
117	0.0705794	0.0140132	0.00216119	0.00529088	0.00757908	0.00730588	0.00426158	0.179769	0.00393791	0.0216979	0.0986151	0.0254114	0.0431377	0.00646978	0.00301821	0.0193322	0.197934	0.282928	0.0020705	0.0044866
118	0.182425	0.00973972	0.00899202	0.00490658	0.00804565	0.0601786	0.00358667	0.0199657	0.00746383	0.0140046	0.0133265	0.0401615	0.0084349	0.0275261	0.00496183	0.371989	0.1681	0.0356815	0.0020779	0.00843187
119	0.00545081	0.0013058	0.000124908	0.000189504	0.0414904	0.000427112	0.000142019	0.194225	0.000881497	0.636348	0.0575157	0.00029318	0.000121242	0.00462162	0.000191857	0.00152999	0.00572059	0.0479828	9.76784e-05	0.00134032
120	0.00761138	0.00115509	0.000179556	0.00023702	0.0598627	0.000569179	0.000167504	0.21662	0.0010918	0.563767	0.0641172	0.00146789	0.000234441	0.00362349	0.000233267	0.00239972	0.00735339	0.0600007	0.000836157	0.00847253
121	0.0177303	0.00185238	0.000263939	0.00121737	0.0366376	0.00382299	0.000683377	0.41847	0.00130231	0.242391	0.064094	0.00117177	0.00120902	0.00260933	0.00063446	0.00514315	0.0132243	0.181157	0.00169965	0.0046869
122	0.0588364	0.0177096	0.00138799	0.00514488	0.108614	0.00341635	0.0011894	0.0840814	0.00231271	0.169553	0.138772	0.00699607	0.00423674	0.0205531	0.00278534	0.0475001	0.250545	0.0475996	0.00452935	0.0242375
123	0.175818	0.00936551	0.000274175	0.000265467	0.0540835	0.0407097	0.000167076	0.163058	0.000565096	0.155319	0.0386607	0.000474183	0.00185226	0.00050661	0.000227956	0.0482795	0.0600733	0.24528	0.00371201	0.00130792
124	0.056886	0.000839274	0.0286777	0.0173599	0.00119248	0.407614	0.00518197	0.00211337	0.000907067	0.00220115	0.00151719	0.134249	0.000560074	0.0619163	0.0108009	0.214283	0.049523	0.00274138	0.00036985	0.00106704
125	0.00720589	0.00140285	0.000385472	0.000348514	0.00586731	0.000778971	0.00017836	0.636112	0.00029953	0.0577156	0.0174924	0.00065693	0.00116779	0.000638298	0.000789459	0.00281752	0.0112984	0.251938	0.00118427	0.00172178
126	0.0237082	0.00369343	0.000252278	0.000272244	0.024101	0.00310681	0.000238029	0.297663	0.000380871	0.238538	0.0260762	0.000439619	0.00072347	0.000552211	0.000305434	0.00229407	0.00726552	0.368352	0.000780951	0.00125676
127	0.471171	0.000567338	0.000422381	0.00050391	0.00129714	0.0476679	0.000300998	0.00238802	0.000794276	0.00157425	0.0039921	0.00148467	0.00799234	0.000936296	0.000567032	0.392835	0.0425789	0.0178876	0.000287917	0.00475068
128	0.031068	0.00122704	0.0220733	0.00161788	0.0140409	0.103547	0.00110619	0.00476733	0.00176831	0.00420927	0.0136365	0.079298	0.00113234	0.0449672	0.323696	0.196624	0.0781792	0.0504736	0.00113129	0.0254373
129	0.0211996	0.00109576	0.000297916	0.000375404	0.190765	0.00105112	0.000253048	0.163621	0.000461107	0.362373	0.0954117	0.00750562	0.000260679	0.000633769	0.000392574	0.0038655	0.0101549	0.0918291	0.00506058	0.0433924
130	0.0232689	0.00634577	0.00253564	0.000424514	0.00839428	0.00238216	0.000289485	0.32357	0.000599874	0.0508876	0.038944	0.0031705	0.000766701	0.00093478	0.000406921	0.0260446	0.097874	0.411977	0.000380893	0.000802991
131	0.173638	0.00948666	0.000242573	0.000236401	0.0541941	0.0400172	0.000167859	0.164173	0.000614896	0.160648	0.0397943	0.000421173	0.00189001	0.000478036	0.000209471	0.0448081	0.0576304	0.24615	0.00390543	0.00129394
132	0.178744	0.00547197	0.000582009	0.0010513	0.126184	0.311867	0.00053928	0.0296725	0.00084975	0.186679	0.0239674	0.00676648	0.000594986	0.00119842	0.000746673	0.0502286	0.0176005	0.033094	0.0149897	0.00917209
133	0.0825175	0.0560916	0.000635282	0.000754828	0.00711979	0.0151052	0.000438955	0.181957	0.000913448	0.0550054	0.0436979	0.00233377	0.00486433	0.00164224	0.000680422	0.0554566	0.217374	0.271301	0.000548647	0.00156142
134	0.0153076	0.00226294	0.00422674	0.000418739	0.00593495	0.000913378	0.000358961	0.343324	0.000549168	0.0440877	0.0268388	0.00467075	0.000405319	0.00101655	0.00105001	0.0206953	0.0720147	0.453527	0.000371203	0.00202594
135	0.137459	0.00467405	0.00122438	0.00313323	0.191003	0.00407351	0.00144535	0.154075	0.00267577	0.0622618	0.0618108	0.00356202	0.00127712	0.00322785	0.00180289	0.0117485	0.0120631	0.0918308	0.0159969	0.234655
136	0.01876	0.000750795	0.000709622	0.00897938	0.0543685	0.0013719	0.000567247	0.312958	0.00149321	0.153269	0.194986	0.00111636	0.000570746	0.0017418	0.00071277	0.00444872	0.0137256	0.22726	0.000917486	0.00129257
137	0.035565	0.0033588	0.00379618	0.0398915	0.00592414	0.00655544	0.0282088	0.0757455	0.00876619	0.0184151	0.00659219	0.168378	0.00167304	0.158466	0.00252817	0.102009	0.200767	0.0794181	0.00172046	0.0522216
138	0.0114878	0.00168881	0.0511305	0.178237	0.00372018	0.0565436	0.00154267	0.0100884	0.103244	0.113935	0.0339999	0.028951	0.00178462	0.196016	0.00370138	0.062572	0.0577125	0.0511624	0.00120944	0.0312735
139	0.55062	0.0388158	0.00061851	0.000841541	0.00825402	0.214124	0.000523748	0.00374067	0.00130816	0.0129295	0.0028918	0.00112178	0.000827176	0.00351033	0.000895751	0.124146	0.0202132	0.012618	0.000578981	0.00142089
140	0.0399215	0.0026082	0.00229178	0.0955655	0.00576192	0.00467747	0.0467289	0.108792	0.0271595	0.0299072	0.116448	0.01082	0.00433474	0.0581866	0.00475644	0.0112793	0.124855	0.299392	0.00192898	0.00458547
141	0.022553	0.00159203	0.00942238	0.016485	0.00718679	0.0115272	0.00848931	0.042784	0.240358	0.0527652	0.0411515	0.0337719	0.00488431	0.127296	0.251641	0.0281592	0.0379171	0.0518088	0.00257881	0.00762838
142	0.00586911	0.000398385	0.00916155	0.0150184	0.0105313	0.000821291	0.0228261	0.0207125	0.333009	0.0242694	0.00206173	0.034678	0.0031789	0.0752189	0.400526	0.00499432	0.0108458	0.00554469	0.00336912	0.0169654
143	0.00435134	0.00116786	0.000192012	0.0001932	0.00393674	0.000403308	0.000168739	0.69062	0.000245013	0.0484786	0.0118683	0.000339958	0.00118723	0.000371232	0.00065892	0.000661529	0.00591471	0.2269	0.00113076	0.0012111
144	0.0742294	0.0005294	0.000608271	0.00101001	0.00335895	0.0078325	0.00555332	0.00712296	0.00212901	0.00511633	0.0117345	0.00118506	0.725853	0.0167254	0.0106083	0.0420186	0.0565625	0.0238777	0.00202451	0.00192069
145	0.0128562	0.00175145	0.000381996	0.000375098	0.0134917	0.000786311	0.000246873	0.369821	0.000739976	0.198971	0.0269716	0.000609147	0.000607758	0.000748552	0.000356237	0.00230205	0.00877029	0.359149	0.000467584	0.000596942
146	0.0263495	0.00265687	0.00287897	0.014041	0.00606868	0.00530824	0.0507757	0.0736131	0.0260829	0.0517945	0.023696	0.166266	0.00259411	0.208	0.00303224	0.0621445	0.119739	0.135068	0.00187332	0.0180171
147	0.0585845	0.00600389	0.000921501	0.00330561	0.199163	0.00540476	0.130824	0.012903	0.00461298	0.0190307	0.00790945	0.0666118	0.00118047	0.0659423	0.00705049	0.0642076	0.0458184	0.0325398	0.017587	0.2504
148	0.459269	0.00924459	0.00115819	0.000515249	0.0106222	0.115159	0.000392956	0.0357478	0.00310741	0.0320622	0.00356823	0.00269138	0.000758798	0.00559879	0.000571917	0.157166	0.0791057	0.0818022	0.000400497	0.00105691
149	0.0401469	0.000474558	0.0209985	0.035064	0.000932187	0.036175	0.0020898	0.00618938	0.313314	0.0085181	0.0092443	0.0853823	0.0077994	0.0764156	0.211359	0.0830952	0.045901	0.0153237	0.00029466	0.0012828
150	0.0477288	0.00062495	0.0143197	0.0473082	0.00583612	0.00189513	0.0456698	0.0179942	0.157489	0.00308628	0.0158469	0.0504858	0.00132954	0.265122	0.219679	0.0242238	0.0584669	0.00773584	0.00475329	0.0104054
151	0.101611	0.00347967	0.0521349	0.0104133	0.00700419	0.0110679	0.00334633	0.010929	0.0314899	0.0126927	0.00882471	0.0711563	0.0252415	0.105782	0.00656221	0.406084	0.106373	0.0170402	0.00202838	0.0067385
152	0.0345341	0.00347405	0.000527344	0.000816074	0.234163	0.00154901	0.0880437	0.00706151	0.000840648	0.00954651	0.00198188	0.0482895	0.000582202	0.0253122	0.00637237	0.0297751	0.0262406	0.0201034	0.0311025	0.429684
153	0.00632961	0.00143993	0.000214077	0.000259772	0.0376465	0.00110501	0.000189335	0.186333	0.000903566	0.658444	0.0495725	0.00050093	0.000175625	0.00489967	0.00027057	0.00150998	0.00529813	0.0434234	0.000152289	0.00133204
154	0.0676978	0.000722597	0.000712871	0.00162312	0.00366683	0.0101631	0.00508919	0.00737055	0.00360162	0.0060547	0.0109122	0.00121656	0.73604	0.0151279	0.00966846	0.0420508	0.0512734	0.0214856	0.00270946	0.00281315
155	0.00563353	0.00136286	0.000131725	0.000193786	0.0438517	0.000500062	0.000137156	0.196961	0.000949078	0.629954	0.0575572	0.000308736	0.000135601	0.00457964	0.000183743	0.00146735	0.00578647	0.0487749	0.000101277	0.00142966
156	0.00421651	0.000826007	0.000988938	0.00111204	0.00211853	0.00178008	0.000719495	0.00362012	0.823768	0.00334935	0.00233997	0.0125596	0.000777773	0.0298178	0.0680816	0.0222914	0.0154557	0.00406738	0.000687656	0.00142206
157	0.0159509	0.002365	0.000319238	0.000318196	0.0121358	0.00064407	0.000299408	0.30042	0.000462946	0.209634	0.0252049	0.000534879	0.000448643	0.000667779	0.000381272	0.00139969	0.00422249	0.423891	0.000244196	0.000454905
158	0.0417221	0.00723957	0.0031825	0.00649959	0.113017	0.0104465	0.0041978	0.160688	0.00720034	0.111834	0.0471121	0.0964296	0.00436515	0.0167829	0.00587742	0.0478524	0.177797	0.109254	0.00592602	0.0225751
159	0.18975	0.00172429	0.00465505	0.00163095	0.0074061	0.0751929	0.0198534	0.0449149	0.00577617	0.049653	0.086415	0.0170396	0.0322103	0.116078	0.00209969	0.164796	0.0852792	0.0379737	0.00547883	0.0520731
160	0.482462	0.000560634	0.00042634	0.00047205	0.00123609	0.0471771	0.000309142	0.00235323	0.000757292	0.00151074	0.00403536	0.00145895	0.00834544	0.000930124	0.000545967	0.384048	0.0414102	0.0173256	0.000280546	0.00435481
161	0.0544877	0.0243971	0.00606934	0.00615184	0.00903254	0.560801	0.00284105	0.0104456	0.006723	0.0119662	0.00723702	0.169427	0.00159317	0.00814405	0.00603585	0.0344243	0.0396482	0.0333095	0.00225427	0.00501106
162	0.0127426	0.00132236	0.000792662	0.00140521	0.0106218	0.00145238	0.000724839	0.478575	0.000775589	0.0802319	0.0424353	0.00174374	0.00105274	0.00155566	0.000756198	0.00703533	0.022318	0.332352	0.00102008	0.00108708
163	0.0175576	0.000878489	0.000815027	0.00514931	0.0231593	0.00376454	0.00226762	0.242724	0.0025928	0.202186	0.269526	0.00218801	0.000740882	0.00755146	0.00255239	0.0112871	0.0222258	0.177412	0.00129541	0.00412623
164	0.0961345	0.00111651	0.00243733	0.00379212	0.00686406	0.0336478	0.00583717	0.0114219	0.00692153	0.0130191	0.0130022	0.00376177	0.613649	0.0174075	0.00855412	0.079743	0.0464455	0.023605	0.00619163	0.00644841
165	0.00605817	0.000720855	0.000182453	0.000203611	0.00601417	0.000562074	0.000179986	0.643766	0.000245644	0.0730071	0.0149258	0.000365011	0.00216235	0.00041751	0.000417642	0.000819507	0.00528179	0.242535	0.0013161	0.000819577
166	0.0180464	0.00522215	0.00133059	0.00132691	0.0112899	0.00340093	0.00163792	0.526956	0.00156404	0.0667279	0.0233463	0.00503841	0.00204197	0.004094	0.000951367	0.0116976	0.0488711	0.261616	0.00151081	0.00332882
167	0.0393871	0.00893755	0.00344835	0.00371234	0.4653	0.0133164	0.0144253	0.0668593	0.00648	0.10843	0.0416347	0.0158373	0.00262771	0.00933119	0.00424056	0.0235832	0.0347875	0.0357398	0.0113225	0.0905998
168	0.411112	0.00904161	0.0026553	0.00208398	0.00339556	0.123732	0.000785883	0.00814106	0.00159087	0.00720872	0.00842494	0.0121545	0.00255284	0.00648095	0.00168332	0.289776	0.0827296	0.0232452	0.00043622	0.00276927
169	0.102994	0.00143237	0.00137039	0.00197083	0.00455055	0.00440877	0.00170549	0.113091	0.0021034	0.0385987	0.0686524	0.00360801	0.00192511	0.238459	0.00205212	0.196651	0.165474	0.0447367	0.00118717	0.00502844
170	0.473028	0.00390246	0.000456153	0.000504997	0.00253544	0.064701	0.000297982	0.00698962	0.00146746	0.00599793	0.00404183	0.0020458	0.00575863	0.00158004	0.000542934	0.340091	0.0489239	0.0332281	0.000288969	0.00361784
171	0.0103137	0.00149238	0.000143481	0.000238945	0.0428717	0.0016596	0.000159337	0.254658	0.00143975	0.545524	0.0535545	0.000346797	0.000339946	0.00341294	0.000188141	0.00347591	0.00946375	0.068423	0.000457706	0.00183593
172	0.0080622	0.0013655	0.000544288	0.000691257	0.0273884	0.00216412	0.000496883	0.187693	0.00147728	0.514618	0.168857	0.00089637	0.00050299	0.00651705	0.000642349	0.00785649	0.00836618	0.0597773	0.000367991	0.00171452
173	0.115478	0.00364096	0.00162181	0.0153525	0.0497694	0.00451968	0.00215435	0.0941455	0.0027796	0.0798502	0.085411	0.0337569	0.0026945	0.0543711	0.0267784	0.142982	0.160006	0.0822699	0.00218183	0.0402356
174	0.04558	0.00508821	0.000132678	0.000173092	0.089005	0.0110997	0.000108055	0.28407	0.000291243	0.340953	0.0370478	0.000720535	0.00174906	0.000430893	0.000153545	0.00548862	0.0174159	0.149568	0.00304903	0.00787621
175	0.0987618	0.00455717	0.00330588	0.0057181	0.059352	0.0149223	0.0062422	0.0364739	0.0105173	0.0756002	0.0274014	0.007988	0.417855	0.0164469	0.00925865	0.0492386	0.0929966	0.044017	0.00709182	0.0122552
176	0.189499	0.00179687	0.00938536	0.00125236	0.00967785	0.0837685	0.0191268	0.0651414	0.0093506	0.0752892	0.0362014	0.0342652	0.0373083	0.0669324	0.0012214	0.165134	0.0790229	0.0782077	0.00931883	0.0280996
177	0.0712691	0.00623461	0.0007975	0.00612445	0.0676218	0.00173915	0.000632347	0.100788	0.00114733	0.16729	0.139262	0.00767375	0.00474069	0.0347211	0.00407163	0.0711721	0.242393	0.0493258	0.00455437	0.0184416
178	0.0488412	0.0057146	0.000105098	0.000146537	0.0772203	0.0129469	9.10212e-05	0.301181	0.000265695	0.329315	0.0303928	0.000258411	0.00187232	0.00036314	0.000125576	0.0058433	0.0178126	0.159387	0.00315723	0.00495996
179	0.431398	0.00568552	0.00215916	0.000599505	0.0176071	0.108318	0.000441483	0.0512481	0.00277022	0.0476212	0.00414417	0.0026257	0.000904048	0.00791772	0.000661142	0.153188	0.0735708	0.0875895	0.000475473	0.00107534
180	0.178249	0.0089597	0.000397049	0.000288916	0.0575982	0.0439057	0.000240094	0.159937	0.000631731	0.149243	0.0374021	0.000641773	0.00181403	0.000751001	0.000254884	0.0503993	0.0605674	0.243925	0.0034873	0.00130704
181	0.173638	0.00948666	0.000242573	0.000236401	0.0541941	0.0400172	0.000167859	0.164173	0.000614896	0.160648	0.0397943	0.000421173	0.00189001	0.000478036	0.000209471	0.0448081	0.0576304	0.24615	0.00390543	0.00129394
182	0.0319899	0.01769	0.000892325	0.00109449	0.043071	0.00168217	0.00074728	0.00949616	0.00120113	0.604025	0.243501	0.00189249	0.00090305	0.00266177	0.00101094	0.0120015	0.00474775	0.0185019	0.000742442	0.00214769
183	0.0252227	0.0181883	0.00159655	0.000461832	0.0050383	0.00455334	0.000362109	0.434327	0.000585433	0.0419531	0.0240889	0.00229932	0.00188247	0.00115429	0.00129752	0.0191173	0.102139	0.31277	0.000517137	0.00244603
184	0.0220043	0.00958646	0.000996105	0.00112108	0.0991409	0.00184761	0.00078841	0.336731	0.00119461	0.096151	0.00267116	0.0088584	0.000944847	0.00193316	0.00125412	0.0101992	0.0195573	0.330002	0.013117	0.0419012
185	0.248331	0.000772241	0.000722901	0.000692513	0.0835465	0.24456	0.000703529	0.0781844	0.00117744	0.119125	0.0192662	0.00152672	0.0193603	0.00156148	0.000956851	0.00294099	0.00336097	0.171187	0.000500262	0.0015234
186	0.0379211	0.00646282	0.00218004	0.00245879	0.394504	0.00962356	0.0029955	0.133901	0.00482906	0.166926	0.0511178	0.0111173	0.00188226	0.00487593	0.00265509	0.0153689	0.0313353	0.0599804	0.00857619	0.0512896
