205	20
1	0.0512405	0.00719318	0.0193291	0.0191041	0.00601838	0.0202652	0.0502299	0.0334581	0.102966	0.0765266	0.016206	0.0908544	0.00435553	0.0820699	0.0266807	0.121095	0.21885	0.0476738	0.00292761	0.00295598
2	0.00550188	0.0193335	0.0113999	0.00712304	0.0106431	0.0245089	0.00337071	0.02123	0.37556	0.0281444	0.0180255	0.0216346	0.00283469	0.00785686	0.401382	0.0130153	0.0161503	0.00943243	0.000520393	0.00233255
3	0.0351354	0.00808208	0.189802	0.434968	0.00898754	0.0374264	0.00401314	0.0190337	0.0420738	0.0198609	0.00154448	0.0374292	0.0182654	0.0607438	0.012513	0.0207324	0.0362063	0.0118737	0.000366599	0.000941558
4	0.0530721	0.0087511	0.0325621	0.0331416	0.00102845	0.034693	0.047971	0.0312822	0.0608247	0.0322667	0.0073557	0.149464	0.00103279	0.124529	0.0537018	0.137186	0.140022	0.0452609	0.0051544	0.000700232
5	0.319917	0.0584909	0.00814956	0.0144602	0.00434084	0.0375201	0.00677036	0.0344476	0.00529291	0.0123611	0.00592087	0.0126382	0.0164213	0.00858996	0.0122574	0.235529	0.0792567	0.109994	0.000796995	0.0168454
6	0.00538297	0.0237069	0.000663162	0.00313901	0.0526726	0.000818495	0.0101598	0.111344	0.00353304	0.586854	0.0751164	0.00534122	0.00321443	0.00805178	0.00325478	0.00968751	0.00994097	0.0746074	0.00203184	0.0104798
7	0.0678492	0.0156991	0.0241433	0.0108838	0.0694626	0.0333936	0.0909958	0.0798075	0.0150331	0.158434	0.013572	0.0306485	0.00497293	0.0696794	0.0425982	0.125445	0.0188499	0.0798567	0.00138676	0.047289
8	0.037403	0.0087293	0.186996	0.444929	0.0100587	0.0331853	0.00181869	0.0187088	0.0393031	0.019349	0.00136632	0.0323751	0.0209993	0.0625327	0.0131847	0.019327	0.036953	0.0116245	0.000311442	0.000845653
9	0.00487584	0.0237906	0.000710382	0.00330535	0.0545593	0.000903067	0.0109286	0.100547	0.00342943	0.604018	0.074456	0.00547383	0.00371213	0.00824761	0.00363067	0.010514	0.00832562	0.0647625	0.00248122	0.0113285
10	0.23762	0.0425149	0.016865	0.0276323	0.00446547	0.0810952	0.0149698	0.00755085	0.00782824	0.0100651	0.00365145	0.0385603	0.00765991	0.0122224	0.026926	0.361332	0.041479	0.0483716	0.000908447	0.00828168
11	0.0058995	0.0184349	0.0139558	0.00701226	0.0105614	0.0267503	0.00364185	0.0213564	0.377615	0.0264867	0.0193024	0.0229592	0.00281967	0.00724316	0.393908	0.0131528	0.0160544	0.0100243	0.000568366	0.00225364
12	0.0156407	0.0301521	0.0153395	0.0162244	0.0154067	0.0252987	0.0126349	0.0202603	0.264082	0.0416513	0.0145804	0.0369281	0.00916021	0.0281943	0.338867	0.0405205	0.0493579	0.0207268	0.00144445	0.00353017
13	0.0192184	0.00458261	0.313743	0.41263	0.00437329	0.0322766	0.00861193	0.00904435	0.0274418	0.0119863	0.00149238	0.047835	0.0103189	0.0382145	0.0064844	0.020812	0.0222861	0.00685112	0.000316878	0.00148018
14	0.0713574	0.00204655	0.0253434	0.0154658	0.0165121	0.0199458	0.0289694	0.100388	0.0354296	0.0446804	0.0798693	0.0623424	0.00839942	0.0536244	0.00881926	0.127761	0.210085	0.0873033	0.000487495	0.00116972
15	0.00780797	0.120902	0.00356412	0.00771566	0.183212	0.0139564	0.0310205	0.0804857	0.0093815	0.054448	0.00908029	0.0251708	0.0172867	0.00595896	0.051415	0.0412725	0.0165618	0.108809	0.0205387	0.191412
16	0.108678	0.00627791	0.0510865	0.0967938	0.00476738	0.00630961	0.0420643	0.0187586	0.0178247	0.0178585	0.00569733	0.0279029	0.267	0.0963028	0.0145152	0.10235	0.0954877	0.0147784	0.00102723	0.00451916
17	0.00759972	0.00702487	0.559233	0.125491	0.00348828	0.0406391	0.0373384	0.00751178	0.0105112	0.0191146	0.0030772	0.10662	0.00508863	0.00589475	0.00648085	0.0256399	0.0193131	0.0060148	0.000715391	0.00320342
18	0.0177248	0.0253317	0.00576178	0.00902256	0.0474568	0.00954335	0.0171283	0.100691	0.0325331	0.429406	0.0533488	0.0188143	0.0100099	0.0196817	0.0538815	0.0330884	0.0292092	0.0620289	0.00547188	0.0198657
19	0.445833	0.0140496	0.0166547	0.00496575	0.00447822	0.164104	0.00540733	0.0047925	0.0224134	0.0166887	0.00313146	0.0158628	0.0374632	0.00893805	0.00505121	0.120421	0.0549616	0.0503641	0.000945533	0.00347426
20	0.0149399	0.0176776	0.00246495	0.00459894	0.0434455	0.00415322	0.0108524	0.114688	0.0052208	0.526058	0.0635599	0.00711495	0.025229	0.00807643	0.0108115	0.0144421	0.0324652	0.0707702	0.00917485	0.0142567
21	0.0247433	0.016417	0.00328133	0.00485583	0.0455696	0.00467551	0.0119654	0.0937102	0.0056638	0.497329	0.0691512	0.00787929	0.0238396	0.00854224	0.0163575	0.0205602	0.0391482	0.0674842	0.0163557	0.0224707
22	0.00481156	0.0237162	0.000647404	0.00305412	0.0538093	0.000869479	0.0103395	0.105527	0.00330655	0.596654	0.0748041	0.00556273	0.00343323	0.00801517	0.00348241	0.00996623	0.00901286	0.0698414	0.00224891	0.0108981
23	0.0263506	0.0382558	0.00863796	0.0177094	0.0535001	0.0123186	0.0209865	0.0713742	0.021766	0.330345	0.0485631	0.0308564	0.0212016	0.0238552	0.0285498	0.0490478	0.0369735	0.0565685	0.0580971	0.0450426
24	0.0114434	0.00750877	0.00572592	0.00656586	0.0268618	0.00811755	0.274573	0.00720526	0.0314773	0.0413744	0.0203272	0.2864	0.00564225	0.00881013	0.00562883	0.0309439	0.0110463	0.0100647	0.00191991	0.198363
25	0.0695141	0.017007	0.00542997	0.00543475	0.00498704	0.0289748	0.00620087	0.0074007	0.0105929	0.00722268	0.00572577	0.0189442	0.0173855	0.00856199	0.00457372	0.44334	0.31944	0.0103097	0.000940837	0.00801358
26	0.00782439	0.0931857	0.00376408	0.0054553	0.297859	0.00823938	0.0174646	0.0491912	0.0062915	0.0413466	0.00622693	0.0134433	0.0321681	0.00607765	0.0366922	0.0382434	0.0256063	0.13519	0.00978207	0.165948
27	0.216022	0.0226596	0.0358987	0.0380238	0.0156389	0.140245	0.0225658	0.0222166	0.0437481	0.0324333	0.0122872	0.0428122	0.0228714	0.0327052	0.0337979	0.123574	0.0767693	0.0500938	0.00373663	0.0119014
28	0.242247	0.0360195	0.0067181	0.0145018	0.00593143	0.0187358	0.0075053	0.10779	0.00866359	0.0280457	0.0239519	0.0142129	0.00904232	0.0121238	0.00645274	0.12975	0.12465	0.194335	0.000967363	0.00835496
29	0.0315877	0.0117938	0.00128483	0.00148346	0.02104	0.00169725	0.00168785	0.382122	0.0044897	0.0721254	0.0712738	0.00202339	0.00130268	0.00181674	0.00140263	0.00736879	0.0632365	0.320892	0.000279835	0.00109183
30	0.322266	0.0557298	0.0039751	0.0103832	0.00768673	0.0185613	0.00631297	0.0498691	0.00537104	0.0194521	0.00972992	0.0079228	0.0329758	0.00801312	0.0157088	0.201011	0.088617	0.102079	0.000889225	0.0334459
31	0.261387	0.0405973	0.00550414	0.0164788	0.00465289	0.0216587	0.00629384	0.102232	0.0065277	0.0280529	0.0213349	0.0113295	0.00913224	0.010076	0.00576827	0.129193	0.112002	0.197969	0.000980462	0.00882946
32	0.00361827	0.0245116	0.000791178	0.00325988	0.0577123	0.000925002	0.0109377	0.0933601	0.00350688	0.61323	0.0743845	0.00572822	0.00387436	0.00834631	0.00392709	0.0103842	0.00757094	0.0586051	0.0023776	0.0129489
33	0.0292606	0.0139882	0.00075103	0.0013329	0.0280568	0.000875613	0.00231582	0.3287	0.00381002	0.179519	0.0526823	0.00169645	0.00209982	0.00193195	0.00195018	0.00527725	0.0465269	0.295673	0.0010275	0.00252539
34	0.0891717	0.0158442	0.0583706	0.224392	0.0413066	0.0221853	0.0227157	0.015684	0.0821763	0.0358954	0.0169307	0.0309928	0.0216577	0.12462	0.0894092	0.0502662	0.0313057	0.0182811	0.00223637	0.00655852
35	0.022683	0.00502662	0.266638	0.449752	0.00535168	0.0298049	0.00565091	0.0110813	0.0322659	0.0123676	0.00154769	0.0378643	0.0121602	0.0452631	0.00747371	0.02095	0.0249997	0.00770274	0.000269042	0.00114756
36	0.0319224	0.0131336	0.000827741	0.000934176	0.0244228	0.000882982	0.00102813	0.383616	0.00370154	0.0830839	0.0524389	0.00128581	0.00085875	0.00107037	0.000930883	0.0048982	0.0542091	0.339916	0.000202307	0.000636262
37	0.0326452	0.0132339	0.000669999	0.000876959	0.0243474	0.000799849	0.000955645	0.382303	0.00350808	0.0852503	0.0491793	0.00108967	0.000744286	0.00092463	0.000869744	0.0043286	0.0531204	0.344325	0.000206343	0.000622121
38	0.178163	0.0405796	0.0207857	0.0402584	0.00465078	0.0478295	0.020678	0.0067395	0.00582412	0.00835128	0.00383242	0.0382869	0.00443491	0.0140662	0.0265957	0.437384	0.0421426	0.0495639	0.0011037	0.00872979
39	0.0335908	0.013109	0.000681931	0.000906443	0.0241148	0.000851655	0.00095692	0.380405	0.00351592	0.0850803	0.049161	0.00109939	0.000754698	0.000932847	0.000894994	0.0047173	0.0537599	0.344654	0.000205918	0.00060709
40	0.00918775	0.0289874	0.00284235	0.00458683	0.189412	0.00897105	0.0273942	0.0206601	0.0118838	0.0501779	0.0101743	0.0250108	0.00698354	0.0144764	0.0091084	0.0556059	0.0246946	0.0286076	0.00323688	0.467998
41	0.0257348	0.00829716	0.0160897	0.0193671	0.00669711	0.00823275	0.0101322	0.00939667	0.0118111	0.0337075	0.00860121	0.0232342	0.349211	0.0906527	0.117581	0.132939	0.0380093	0.0564407	0.0230767	0.0107878
42	0.212296	0.0252656	0.00527827	0.00613115	0.0645212	0.00682163	0.0299966	0.0489845	0.00903591	0.150585	0.0403766	0.0107161	0.0415022	0.0131181	0.00771864	0.144163	0.0328256	0.0730678	0.00243516	0.0751605
43	0.0198878	0.0174549	0.000665445	0.00192369	0.036393	0.000856597	0.00504283	0.251268	0.00359026	0.324344	0.0601771	0.00314951	0.00263032	0.00429443	0.00237822	0.00630629	0.032746	0.22011	0.00143593	0.00534486
44	0.0486252	0.00803798	0.0162892	0.0133431	0.0082213	0.0183024	0.0308473	0.0345864	0.0254686	0.0211124	0.0451443	0.115618	0.00808549	0.0491183	0.0134066	0.305686	0.185352	0.0436885	0.00178718	0.00728002
45	0.0664181	0.0185045	0.00610652	0.00784862	0.00664239	0.033817	0.00746457	0.00767108	0.011496	0.00871459	0.00643486	0.0222288	0.0317995	0.00959144	0.00688695	0.433228	0.291659	0.0122228	0.00101821	0.0102466
46	0.346486	0.0134775	0.0130112	0.0192342	0.00793511	0.0760933	0.0160785	0.00793572	0.0305192	0.0190289	0.00461951	0.0131608	0.157021	0.026129	0.00956342	0.114006	0.0798744	0.0387491	0.000926902	0.00615131
47	0.0625923	0.00906864	0.0267622	0.0297842	0.0089339	0.0258875	0.0314109	0.0556351	0.0391885	0.0312572	0.0318219	0.111826	0.00656331	0.079166	0.0247034	0.17372	0.196289	0.0483051	0.00244243	0.00464232
48	0.0496057	0.0130278	0.0288492	0.0399591	0.00714989	0.0296635	0.0449917	0.0275749	0.0661736	0.0388536	0.0164551	0.122823	0.0127761	0.125422	0.0813332	0.138795	0.103889	0.0418274	0.00533945	0.00549095
49	0.19436	0.0377174	0.00297251	0.00952773	0.0126784	0.011337	0.00433216	0.190653	0.00466172	0.0563509	0.0254491	0.00564391	0.00860921	0.00497547	0.00454782	0.0743215	0.0752821	0.268852	0.000725109	0.00700293
50	0.109913	0.10014	0.0142509	0.0248696	0.0312754	0.033763	0.0206471	0.0400235	0.032009	0.04115	0.0152471	0.040597	0.0196144	0.0244798	0.0367172	0.226988	0.0932764	0.0520787	0.00454601	0.0384135
51	0.0222128	0.0180539	0.014347	0.0117691	0.0509832	0.0157112	0.0970099	0.0175209	0.0487155	0.0354576	0.0159537	0.191209	0.0109989	0.0175573	0.0107169	0.145496	0.0450289	0.0174367	0.00612503	0.207696
52	0.346547	0.0369032	0.00588433	0.0105487	0.00398109	0.0412943	0.00436102	0.0619308	0.0057377	0.0207249	0.00961417	0.00798736	0.0126908	0.00609286	0.00687718	0.145865	0.0863705	0.175012	0.000982351	0.010595
53	0.0137128	0.0222223	0.000690948	0.00280478	0.0471698	0.00111494	0.00896285	0.15253	0.00360811	0.498783	0.0672287	0.00492963	0.00404185	0.00705388	0.00306791	0.0119784	0.0180328	0.120897	0.00174861	0.00942135
54	0.426825	0.0162351	0.0156751	0.00612167	0.00379748	0.141601	0.00482544	0.00987486	0.0124131	0.0153838	0.00357189	0.0152747	0.0195977	0.00718632	0.00509952	0.138935	0.0824719	0.069439	0.00084429	0.00482709
55	0.00929201	0.0232912	0.00207449	0.00485511	0.0528725	0.00267921	0.0117808	0.0968704	0.00568014	0.572101	0.07197	0.008706	0.00808281	0.0114712	0.00620864	0.0166146	0.0141792	0.0654005	0.00264839	0.0132221
56	0.00409614	0.0247469	0.000737807	0.00333014	0.0568729	0.000906322	0.0111564	0.0910981	0.00343351	0.615607	0.0758558	0.00582248	0.00418176	0.00862165	0.0034324	0.0106454	0.00689675	0.0574967	0.00218097	0.0128808
57	0.0521354	0.0117666	0.0352267	0.083831	0.0113166	0.0232672	0.0463824	0.0224328	0.110855	0.0503297	0.0250758	0.06777	0.0328276	0.149453	0.0685779	0.0967031	0.0719005	0.0306837	0.00352308	0.00594263
58	0.291042	0.0626434	0.00580765	0.013377	0.00600218	0.02867	0.00599475	0.0607972	0.0066978	0.0197557	0.00980506	0.0111331	0.0164551	0.00956845	0.00992535	0.16703	0.101726	0.15688	0.000962948	0.0157265
59	0.0321561	0.0133113	0.000669476	0.000839198	0.0246629	0.000773163	0.000966895	0.383468	0.0035203	0.085506	0.0491096	0.00108718	0.000742033	0.000920554	0.000875988	0.00417919	0.0527337	0.343676	0.000192632	0.000609757
60	0.430477	0.0160938	0.0202578	0.0100563	0.0052138	0.151365	0.0059015	0.00893227	0.0163418	0.0179131	0.00388709	0.0174609	0.0216747	0.00914855	0.00663425	0.133605	0.061615	0.0575455	0.00126628	0.00461056
61	0.290893	0.0169156	0.00961729	0.014245	0.0542107	0.0218936	0.0183018	0.0208085	0.0469736	0.111172	0.0144441	0.01576	0.0196759	0.0503431	0.0120566	0.197016	0.0307353	0.0301431	0.00294468	0.0218498
62	0.0146785	0.0109376	0.0187568	0.0117492	0.0235822	0.0146913	0.257079	0.0117278	0.0326855	0.0382039	0.0190919	0.279245	0.00664142	0.016386	0.0101793	0.040597	0.0207329	0.0133117	0.00240541	0.157318
63	0.0375903	0.00590796	0.0207169	0.0276178	0.00612023	0.00684822	0.0162142	0.00887308	0.00758318	0.0550086	0.00971387	0.0279065	0.408158	0.0890016	0.0409729	0.114517	0.0368711	0.0598678	0.00597006	0.0145405
64	0.0241124	0.00472647	0.221055	0.508324	0.0048665	0.027091	0.00164536	0.010512	0.0351612	0.0107675	0.0013053	0.0282613	0.0120865	0.0505138	0.00611017	0.0198517	0.0247537	0.00781227	0.00024545	0.000797928
65	0.072455	0.017066	0.0121679	0.0163098	0.00859192	0.0250341	0.0140732	0.0220244	0.0201457	0.0183269	0.0147137	0.0410371	0.0178713	0.025228	0.0112345	0.338937	0.285278	0.025833	0.00239345	0.0112787
66	0.0253796	0.0162022	0.014499	0.0329524	0.0119752	0.0195824	0.0349525	0.0181151	0.221927	0.0479056	0.0238159	0.0475297	0.0165044	0.109948	0.234462	0.0599657	0.0374305	0.0195478	0.00305843	0.00424735
67	0.0704088	0.00340875	0.0278181	0.0128167	0.0146917	0.0437012	0.0340684	0.0815819	0.0328602	0.031838	0.0776439	0.068518	0.014677	0.0517989	0.01542	0.141359	0.209607	0.0634746	0.000761389	0.00354596
68	0.0964965	0.0187909	0.0076578	0.0305316	0.0425888	0.00563154	0.0654792	0.0155893	0.00551342	0.0892747	0.0276293	0.0289309	0.312896	0.0532307	0.00677844	0.0745427	0.0186034	0.0568075	0.000960712	0.0420668
69	0.00400344	0.024527	0.000799182	0.00328255	0.058293	0.0012788	0.0108069	0.0915009	0.00350155	0.615485	0.0750332	0.0057041	0.00386615	0.0085393	0.00393488	0.0107776	0.00716524	0.0570329	0.00236522	0.0121031
70	0.0317792	0.0134839	0.000666835	0.000901122	0.0249866	0.000764366	0.00110864	0.378715	0.00350941	0.0937762	0.0497592	0.00115328	0.000819984	0.00105266	0.000929058	0.00431704	0.0522144	0.339026	0.000256617	0.00078105
71	0.00495431	0.0333472	0.00116371	0.00755578	0.0522022	0.00169376	0.0129947	0.0904115	0.00450037	0.583882	0.0775561	0.00822497	0.0042915	0.012643	0.00495392	0.013181	0.00800811	0.0585584	0.00312732	0.0167499
72	0.00652614	0.0174063	0.00313158	0.00372427	0.178532	0.00908121	0.0233226	0.0120642	0.0116125	0.0420742	0.00942525	0.0190435	0.00303214	0.0169374	0.00347514	0.0553832	0.0262412	0.0162011	0.000877632	0.541908
73	0.00368737	0.0241872	0.00065511	0.00318417	0.0549525	0.000815428	0.0107586	0.0949416	0.00337895	0.616449	0.0753968	0.00557266	0.00341971	0.00831578	0.00345689	0.00990945	0.00728569	0.0601733	0.00228669	0.0111728
74	0.011501	0.0436849	0.0042181	0.00711005	0.170485	0.0107634	0.0246186	0.020367	0.0165617	0.0452345	0.0134746	0.0221609	0.00704864	0.027582	0.010475	0.0664677	0.0457016	0.0316798	0.00422716	0.416639
75	0.309013	0.0186846	0.0139321	0.0216737	0.0098704	0.0593642	0.019604	0.0142038	0.0206083	0.024841	0.00713992	0.0151623	0.159059	0.0299707	0.0127716	0.129733	0.0744555	0.0466341	0.00175481	0.0115243
76	0.00775964	0.0250467	0.00136886	0.00364912	0.0639398	0.00278388	0.0122933	0.115563	0.00446614	0.539132	0.0673355	0.0069947	0.00447836	0.00836799	0.00590586	0.0136364	0.0129693	0.0791302	0.00352226	0.0216569
77	0.00696383	0.0255276	0.00145458	0.00413886	0.0602342	0.00163328	0.0119177	0.0903033	0.00464634	0.58642	0.0714908	0.00711777	0.00642183	0.0098648	0.00579893	0.0144383	0.00898279	0.0593375	0.00329854	0.0200094
78	0.0511251	0.00842131	0.0286686	0.0360013	0.00194675	0.0354368	0.0518825	0.027967	0.0769311	0.0376229	0.0101288	0.137005	0.00437904	0.133056	0.0592747	0.134441	0.119989	0.0398588	0.00454613	0.00131799
79	0.101581	0.0113336	0.0211281	0.0164368	0.0160581	0.0510297	0.0222182	0.049952	0.0268135	0.047118	0.0389563	0.0851528	0.0462669	0.0426332	0.0135917	0.135691	0.197594	0.0699633	0.00135388	0.00512785
80	0.0660579	0.00217994	0.0263944	0.0132098	0.017953	0.019053	0.0253685	0.0914547	0.0374207	0.0399767	0.076662	0.0631744	0.00879442	0.0473785	0.00796983	0.127604	0.243937	0.0834765	0.000478752	0.00145676
81	0.0484036	0.0141054	0.0560992	0.0213297	0.038036	0.0403911	0.0413736	0.0402984	0.0379865	0.0168057	0.0116233	0.134986	0.0306513	0.0411228	0.00881973	0.207183	0.11512	0.0184343	0.00196714	0.0752635
82	0.0524622	0.0116691	0.0544707	0.0250243	0.00816954	0.0267257	0.0345332	0.0259007	0.10263	0.029366	0.00885272	0.103114	0.00570581	0.0940829	0.117601	0.106524	0.100944	0.0826836	0.00418945	0.00535167
83	0.0754107	0.0291515	0.0330929	0.125014	0.0108998	0.0135495	0.00902199	0.0312927	0.00983004	0.0248934	0.00471925	0.0927823	0.00829127	0.0386453	0.00628047	0.264247	0.18273	0.0123834	0.00138548	0.0263792
84	0.00525224	0.0188967	0.0115891	0.00689902	0.0102922	0.0248741	0.00303135	0.0202378	0.38254	0.0271577	0.0182029	0.0214238	0.00278618	0.00694335	0.400336	0.0123183	0.0154882	0.00921699	0.000517207	0.0019971
85	0.0836037	0.00652016	0.0283191	0.0699544	0.00512198	0.00626482	0.0280197	0.0121621	0.0148376	0.0265624	0.00598618	0.0324703	0.315282	0.0968705	0.0220691	0.133264	0.0742222	0.0270291	0.00299791	0.00844272
86	0.00670715	0.0345966	0.0031125	0.00456588	0.195455	0.00869677	0.0215487	0.0296545	0.0113699	0.0594801	0.00997084	0.0185997	0.00594016	0.0131541	0.0116173	0.053819	0.0254695	0.0313574	0.00416799	0.450716
87	0.0264538	0.00536384	0.227032	0.482424	0.00583253	0.02946	0.00238447	0.0118577	0.0345845	0.0124849	0.00170465	0.0315091	0.0129981	0.0507524	0.00740043	0.0209662	0.0265417	0.00878421	0.000329608	0.00113584
88	0.0154385	0.0190869	0.00984964	0.00691963	0.119861	0.0260525	0.0639114	0.0224001	0.0167984	0.041185	0.0106868	0.048967	0.00489551	0.0365234	0.0138014	0.0885505	0.0284644	0.0388898	0.00192978	0.385788
89	0.0110424	0.0234335	0.00149481	0.0040619	0.0541258	0.00318753	0.0125279	0.0927059	0.00537966	0.590927	0.0718796	0.00771257	0.00503295	0.00941072	0.0054085	0.0134342	0.00953394	0.0615846	0.00288211	0.0142344
90	0.00767293	0.0271109	0.0120819	0.0114354	0.0145936	0.0241795	0.00608401	0.018469	0.333755	0.0364116	0.016801	0.0221896	0.00434849	0.0129209	0.395616	0.0189647	0.0208191	0.012206	0.00113351	0.00320723
91	0.041254	0.016857	0.00265337	0.0033012	0.0313403	0.00345896	0.00654265	0.268857	0.00602396	0.23311	0.0529604	0.00543264	0.00469336	0.00651649	0.00410028	0.0180214	0.046993	0.239547	0.00184523	0.00649173
92	0.0955384	0.0202599	0.00557054	0.00728864	0.00492805	0.0277891	0.00561034	0.00864395	0.00962524	0.00857157	0.00524431	0.0157503	0.0130527	0.00718351	0.00503472	0.421593	0.313326	0.0149968	0.00103914	0.0089536
93	0.0580305	0.0195939	0.0043087	0.00552194	0.00480717	0.0220946	0.00558195	0.00584723	0.0096124	0.00607397	0.00478831	0.0191432	0.0138898	0.0059078	0.00341407	0.463528	0.331517	0.00664301	0.000855614	0.00884072
94	0.0107856	0.0250959	0.00219165	0.00510814	0.0518603	0.00279846	0.0130873	0.0937821	0.00928927	0.566043	0.069722	0.00831409	0.00682978	0.0114446	0.0119112	0.017696	0.0135997	0.0630417	0.00314933	0.0142498
95	0.369164	0.0236338	0.0168727	0.0122973	0.0051958	0.124008	0.00879097	0.016157	0.0140028	0.0172396	0.00725224	0.022585	0.0186318	0.013159	0.0104476	0.170012	0.0643104	0.0784678	0.00110093	0.00667091
96	0.0391505	0.0150238	0.00157235	0.00204243	0.0241592	0.00265872	0.00224088	0.360323	0.00438275	0.0898715	0.0481137	0.00300977	0.00161741	0.00267628	0.0022305	0.0115991	0.0576336	0.329689	0.000413676	0.00159186
97	0.0320001	0.0134258	0.000669508	0.000842929	0.0250037	0.000824049	0.00101065	0.382504	0.00359469	0.0867505	0.049029	0.00111603	0.000836536	0.000932232	0.0009255	0.00432444	0.0525192	0.34248	0.000253337	0.000958479
98	0.111247	0.0199602	0.0568702	0.0488585	0.0148197	0.0992807	0.0484321	0.0302534	0.042925	0.0317935	0.0169307	0.114458	0.0160828	0.0488312	0.0312111	0.111956	0.0858315	0.0410954	0.00387834	0.0252854
99	0.361888	0.0253193	0.0141801	0.0125328	0.00793555	0.0861299	0.0110938	0.0242782	0.0156853	0.0230543	0.00900801	0.0222729	0.0261614	0.0144851	0.00950938	0.182645	0.0736046	0.0672177	0.00136233	0.011637
100	0.00454658	0.0240964	0.000910346	0.00359384	0.0539748	0.00120362	0.0116295	0.0951124	0.00395569	0.604725	0.0755461	0.00642422	0.00378463	0.00927052	0.00431955	0.0114377	0.0104442	0.0612172	0.00257576	0.0112319
101	0.412023	0.0286958	0.0106802	0.00807922	0.00404081	0.0842963	0.00419091	0.033771	0.0100364	0.0171143	0.0066938	0.0114482	0.0159558	0.00607408	0.00683206	0.146869	0.0666316	0.116969	0.000813579	0.00878458
102	0.0348787	0.0154352	0.11621	0.282673	0.0127236	0.0285192	0.0170611	0.0192465	0.117958	0.0296909	0.011889	0.0414214	0.0171299	0.0607121	0.0816463	0.0443359	0.0426871	0.0176731	0.00183641	0.00627222
103	0.0800693	0.00455595	0.0340292	0.0134872	0.026567	0.0268273	0.0240685	0.0982422	0.0289334	0.0343296	0.0883365	0.0590961	0.0160421	0.0419948	0.00861903	0.116423	0.203859	0.0917178	0.000631085	0.0021706
104	0.0255425	0.00669895	0.316834	0.340184	0.00716215	0.042839	0.0121273	0.0132016	0.0343628	0.0164058	0.00198461	0.0558783	0.0131736	0.0404123	0.0137432	0.0203637	0.0282462	0.00880289	0.000434514	0.0016027
105	0.00756436	0.00694686	0.561324	0.122985	0.00357729	0.0406075	0.0366071	0.00738392	0.0102863	0.0190183	0.00307198	0.10675	0.00506658	0.0059261	0.00648784	0.0267338	0.0195487	0.00609021	0.000735384	0.00328947
106	0.135647	0.00670002	0.0250613	0.061954	0.00547383	0.0122094	0.0411819	0.010604	0.028808	0.0172483	0.00501059	0.0157211	0.306269	0.0720522	0.0179409	0.100222	0.117793	0.0154267	0.00110198	0.00357432
107	0.0241124	0.00472647	0.221055	0.508324	0.0048665	0.027091	0.00164536	0.010512	0.0351612	0.0107675	0.0013053	0.0282613	0.0120865	0.0505138	0.00611017	0.0198517	0.0247537	0.00781227	0.00024545	0.000797928
108	0.0552226	0.0151091	0.000927726	0.00207813	0.0217629	0.00217785	0.00121812	0.355332	0.00346079	0.0808253	0.0449662	0.00157013	0.00119883	0.00135063	0.0011281	0.0118341	0.0570694	0.341503	0.000326651	0.000938169
109	0.032839	0.0132499	0.000684541	0.000917505	0.0243358	0.000837304	0.000962103	0.382067	0.00351558	0.0852947	0.0489186	0.00110962	0.000754584	0.000926572	0.000875767	0.00459043	0.0532598	0.344036	0.000206841	0.000618625
110	0.0530923	0.0087857	0.0326171	0.0328535	0.00101995	0.0346878	0.0477891	0.0312621	0.0608733	0.0322697	0.00739888	0.149498	0.00103775	0.124427	0.0536633	0.137474	0.140186	0.0451904	0.00518092	0.000694271
111	0.0102567	0.0312402	0.00547243	0.00590672	0.172406	0.0107181	0.0402448	0.0204367	0.0163159	0.0458604	0.0132778	0.0553881	0.00649763	0.0159092	0.00994468	0.0754789	0.0288876	0.027749	0.00466176	0.403348
112	0.00636748	0.0248616	0.00128655	0.00407485	0.0599584	0.00146417	0.0123456	0.0921365	0.00436197	0.595363	0.072725	0.00700072	0.00498216	0.00869974	0.00515546	0.0136279	0.00792023	0.0590603	0.00263852	0.0159697
113	0.00424239	0.0238868	0.000639518	0.00314754	0.0538366	0.000806295	0.0104522	0.10371	0.00342248	0.600861	0.075275	0.0055274	0.00325222	0.00819773	0.00328223	0.00974175	0.00855357	0.0683016	0.00211788	0.0107458
114	0.051906	0.010053	0.0326115	0.0365753	0.00153424	0.0347699	0.045179	0.0301763	0.0599964	0.0311674	0.00734731	0.146685	0.00141928	0.132331	0.0506718	0.136072	0.139297	0.0446291	0.00637389	0.00120445
115	0.0445538	0.0154471	0.0130394	0.0189521	0.0109111	0.0186104	0.0120701	0.0136138	0.0293855	0.0108176	0.00950539	0.0655573	0.0130476	0.0163426	0.00440984	0.408932	0.250233	0.0106552	0.00126454	0.0326517
116	0.0311229	0.0065683	0.198694	0.471554	0.00715015	0.0336728	0.00232808	0.014987	0.037494	0.0158402	0.00165122	0.0302419	0.0159064	0.0607228	0.00946337	0.0204278	0.0310243	0.00997995	0.000332666	0.000837785
117	0.0321561	0.0133113	0.000669476	0.000839198	0.0246629	0.000773163	0.000966895	0.383468	0.0035203	0.085506	0.0491096	0.00108718	0.000742033	0.000920554	0.000875988	0.00417919	0.0527337	0.343676	0.000192632	0.000609757
118	0.0321561	0.0133113	0.000669476	0.000839198	0.0246629	0.000773163	0.000966895	0.383468	0.0035203	0.085506	0.0491096	0.00108718	0.000742033	0.000920554	0.000875988	0.00417919	0.0527337	0.343676	0.000192632	0.000609757
119	0.0706192	0.0488182	0.0157589	0.0276793	0.0254754	0.0168755	0.0647107	0.0212003	0.0186511	0.0516249	0.0474175	0.0316563	0.227365	0.0435823	0.0162971	0.113086	0.0868931	0.0433683	0.00329849	0.0256221
120	0.0415901	0.0324385	0.0157636	0.0121451	0.0616634	0.0246293	0.0736379	0.10164	0.0159682	0.181558	0.0196352	0.0266202	0.00848927	0.0458311	0.0555016	0.113142	0.0198837	0.0677274	0.00561694	0.0765192
121	0.0244177	0.0723765	0.00570404	0.0104145	0.0520104	0.0100708	0.0191268	0.0890534	0.0179429	0.405359	0.0534549	0.0200007	0.0107984	0.0166708	0.0220965	0.0382124	0.0242302	0.0658349	0.00679942	0.0354259
122	0.0069316	0.022244	0.000644637	0.00295178	0.0516509	0.000744741	0.00958864	0.128972	0.00350513	0.555885	0.0713809	0.00499195	0.00334102	0.00733527	0.00316414	0.00907037	0.0128356	0.0927433	0.0021036	0.0099157
123	0.0503419	0.0114368	0.0308813	0.0352765	0.00191936	0.0331812	0.0518764	0.029513	0.0661906	0.0322653	0.00806086	0.146435	0.00249751	0.122816	0.0626862	0.131298	0.130796	0.0458617	0.00514548	0.00152098
124	0.124585	0.1744	0.00921562	0.0150471	0.0140017	0.0145616	0.0126366	0.181603	0.0149552	0.0229105	0.0109623	0.0922932	0.0115396	0.0167438	0.0125156	0.131678	0.0922886	0.0316809	0.00237845	0.0140038
125	0.031973	0.0145105	0.00169723	0.00169892	0.0247646	0.00184603	0.00249944	0.368939	0.00492659	0.0974334	0.0594341	0.00456483	0.00166472	0.0029924	0.00184599	0.0092389	0.0565182	0.310995	0.000345496	0.00211144
126	0.0312772	0.00645696	0.202944	0.47699	0.00735826	0.0307372	0.00160646	0.0144455	0.038652	0.0152229	0.00126449	0.0297965	0.0156391	0.0560068	0.00935396	0.0190906	0.0314538	0.0106348	0.000299401	0.000770158
127	0.0714728	0.00225876	0.0238161	0.0159255	0.014523	0.0202105	0.0318599	0.097799	0.0366885	0.0454613	0.0756701	0.0680211	0.00782826	0.0577177	0.0114587	0.127079	0.204569	0.0856573	0.000778109	0.00120526
128	0.371286	0.0383899	0.0147118	0.0117536	0.00556412	0.132896	0.00870289	0.012771	0.0124837	0.0150044	0.00436002	0.0191784	0.0180707	0.00996982	0.0101081	0.186713	0.0569956	0.0617567	0.000933295	0.00835002
129	0.0665389	0.0110732	0.0428446	0.048905	0.0224034	0.0303627	0.020575	0.0611208	0.0247928	0.0260167	0.0358794	0.0808427	0.012347	0.05061	0.00879249	0.191125	0.208127	0.0429525	0.00107227	0.0136183
130	0.0347244	0.00797747	0.185167	0.433421	0.00838921	0.0333541	0.00459962	0.0202359	0.0423737	0.0186424	0.00195553	0.0365329	0.0185095	0.0610694	0.0138568	0.025152	0.0401254	0.0124357	0.000573216	0.000905564
131	0.00590287	0.0233524	0.000647496	0.00302324	0.0532285	0.000993429	0.0102322	0.113336	0.00333921	0.5845	0.0729071	0.00541568	0.00333877	0.00788658	0.00335965	0.00977239	0.0102706	0.0758151	0.00214898	0.0105303
132	0.0647229	0.0178839	0.00731439	0.0105286	0.005801	0.0229841	0.00838859	0.0139457	0.0124183	0.00959258	0.00917127	0.0277134	0.0130764	0.0134912	0.0051918	0.422125	0.310912	0.0148665	0.00100263	0.00886892
133	0.00514691	0.0187365	0.0117157	0.00690532	0.0102706	0.0245423	0.00315136	0.0202525	0.380828	0.0271612	0.01823	0.0218825	0.00279561	0.00709608	0.401491	0.0123852	0.0156769	0.00921374	0.00050281	0.00201637
134	0.0502102	0.0118818	0.019901	0.0154672	0.0161552	0.0184664	0.0231902	0.141757	0.0856223	0.048418	0.0456735	0.0510148	0.0101407	0.0410345	0.0217192	0.0864941	0.190101	0.114149	0.00281118	0.0057926
135	0.0526428	0.0146042	0.00129056	0.00199324	0.0228144	0.00222788	0.00182015	0.351006	0.00377553	0.093047	0.0452588	0.00214696	0.00138842	0.00162533	0.00150007	0.0106624	0.0544204	0.335783	0.000482731	0.0015103
136	0.280779	0.0301729	0.012915	0.0181739	0.00835071	0.0565095	0.0116722	0.0176201	0.010194	0.017191	0.00700087	0.0236558	0.0191075	0.0154704	0.0134525	0.295674	0.0958369	0.0529229	0.000949479	0.0123519
137	0.0644947	0.0167796	0.0168165	0.0218538	0.0204956	0.0164473	0.0178597	0.206395	0.0221264	0.0639211	0.0450324	0.0351894	0.0139399	0.0291961	0.0122123	0.0772756	0.13121	0.178701	0.00162797	0.00842544
138	0.00804554	0.0360507	0.00317472	0.00477327	0.20002	0.00843925	0.0236742	0.0254168	0.0131788	0.0613032	0.0125212	0.0219673	0.00664487	0.0142658	0.0116975	0.0670742	0.0285835	0.0341356	0.00410663	0.414927
139	0.0344651	0.013962	0.00145057	0.00195921	0.0250553	0.00185715	0.00205829	0.373222	0.00415921	0.0882044	0.0499696	0.00195685	0.00129567	0.00211082	0.00157046	0.0080713	0.0544235	0.332044	0.000276971	0.00188813
140	0.0321781	0.0132994	0.000669476	0.000834859	0.0246567	0.000772253	0.000966099	0.383297	0.00352225	0.0858942	0.0490635	0.00108742	0.000770506	0.000920128	0.000875324	0.0041782	0.0527271	0.343479	0.000196497	0.000611869
141	0.0345795	0.0146434	0.0438195	0.32912	0.0150172	0.0160671	0.0511092	0.0156032	0.0353286	0.0371147	0.0545195	0.0281149	0.0135015	0.131629	0.0277741	0.0914871	0.0283819	0.0192802	0.0027636	0.0101463
142	0.00543072	0.0200799	0.0112735	0.00711281	0.0109561	0.0246592	0.00311156	0.0197648	0.377078	0.0285626	0.0176463	0.0210547	0.00293944	0.00720851	0.402091	0.0128624	0.0158502	0.00965505	0.000551152	0.00211199
143	0.0316337	0.0134182	0.000656578	0.000872942	0.025454	0.000765416	0.00113444	0.377642	0.00355771	0.0970598	0.0494837	0.00115608	0.000839359	0.00104243	0.00098116	0.00429216	0.0515903	0.33736	0.000253647	0.000806608
144	0.00328188	0.0243871	0.00064012	0.00322017	0.0550944	0.000819928	0.0108395	0.0927999	0.00340757	0.620851	0.0758253	0.00564377	0.00339749	0.00844164	0.00346998	0.00985863	0.00670646	0.0578614	0.00221945	0.0112342
145	0.00321019	0.0244565	0.000639436	0.00322205	0.0552011	0.000817166	0.0108811	0.0923687	0.00337869	0.62172	0.0757499	0.00563389	0.00335133	0.00844319	0.00342672	0.00987388	0.00659954	0.057587	0.00217856	0.0112615
146	0.0297702	0.00773402	0.20535	0.409928	0.00654765	0.0256081	0.00864107	0.0145232	0.0317828	0.0152737	0.00533357	0.042469	0.0163427	0.0683106	0.0103065	0.0534209	0.0355048	0.00972003	0.000607723	0.00282505
147	0.019977	0.0043851	0.294369	0.445	0.00462144	0.0272609	0.00437485	0.00927214	0.0287272	0.0112811	0.00138661	0.0385643	0.0126471	0.0410943	0.00591034	0.0206061	0.0221914	0.00690563	0.000350579	0.00107564
148	0.0733502	0.00237707	0.0233921	0.0174031	0.0151238	0.020644	0.0320262	0.100506	0.0343335	0.0450686	0.0802363	0.0623401	0.0080124	0.0578865	0.00957076	0.124801	0.200897	0.0898829	0.000539785	0.0016095
149	0.382214	0.0191965	0.0210161	0.0182767	0.00610197	0.147116	0.00914024	0.0127436	0.0181648	0.0201319	0.0061317	0.0231118	0.022118	0.0141557	0.00914431	0.13895	0.0659997	0.056429	0.00158669	0.00827095
150	0.0052919	0.023941	0.00116319	0.00442861	0.0538109	0.00140277	0.0126193	0.0933065	0.00492299	0.599461	0.0788392	0.00662034	0.00371139	0.00977046	0.00436965	0.0130786	0.00855025	0.0599808	0.00234992	0.0123814
151	0.053091	0.00879089	0.0326211	0.0328778	0.00101172	0.0347045	0.0478128	0.0312653	0.0608782	0.0322738	0.00734076	0.14959	0.00101973	0.124495	0.0537359	0.137346	0.140085	0.0451817	0.00518431	0.000694266
152	0.0113633	0.0082521	0.00659336	0.00700336	0.0345601	0.0101441	0.25683	0.00838467	0.0284245	0.0395081	0.0190506	0.251639	0.00561362	0.0114326	0.00642666	0.0343886	0.0133461	0.0119347	0.00189292	0.233212
153	0.0330609	0.0137505	0.000689344	0.000860943	0.0247052	0.000872837	0.000963515	0.382222	0.00348777	0.0848192	0.0491489	0.00113043	0.00076837	0.000924775	0.000888548	0.00459384	0.053057	0.343242	0.000202444	0.000611327
154	0.0207564	0.0421385	0.00261008	0.0063258	0.0492618	0.00395806	0.0126609	0.142915	0.00702193	0.44267	0.0618762	0.0103547	0.00567012	0.0106493	0.00846509	0.0216889	0.0211326	0.10647	0.00363573	0.019739
155	0.167857	0.00951162	0.00822622	0.0781088	0.0319303	0.0344624	0.0971117	0.0112877	0.0108413	0.0626766	0.00757441	0.0113123	0.00836045	0.151911	0.0110318	0.0548028	0.125781	0.0848861	0.00173249	0.0305937
156	0.0308412	0.0538309	0.0176526	0.0166714	0.0798045	0.0168876	0.015377	0.0205045	0.0176547	0.0219782	0.012484	0.176892	0.0484156	0.0191031	0.0103493	0.159863	0.237351	0.0211843	0.00405168	0.0191028
157	0.11319	0.018311	0.00538581	0.0252521	0.0554039	0.00510832	0.0609049	0.0207804	0.0059591	0.0943179	0.030988	0.0290966	0.281252	0.0411718	0.00566488	0.0790822	0.0169341	0.0609466	0.000895431	0.0493552
158	0.0237226	0.00469992	0.225744	0.504582	0.00482382	0.0271969	0.00171692	0.0104697	0.034918	0.0107703	0.00128337	0.0287109	0.0121327	0.0499501	0.00612241	0.0199395	0.0245771	0.00761094	0.000232941	0.000795995
159	0.0190558	0.0909467	0.0162744	0.0532428	0.0266103	0.0240309	0.0158933	0.0186547	0.204923	0.0539433	0.0142241	0.0246912	0.00916594	0.0204494	0.296484	0.0406462	0.0288137	0.0208447	0.00797594	0.0131296
160	0.0233235	0.0313587	0.00229271	0.00334932	0.0553753	0.00376999	0.00853349	0.246697	0.0055273	0.263801	0.0621433	0.00709382	0.00465656	0.00665007	0.00508306	0.0152043	0.0358155	0.200473	0.00200958	0.016842
161	0.00686311	0.0354578	0.00295033	0.00478588	0.191053	0.00862992	0.0264218	0.015092	0.0172049	0.0463724	0.0161821	0.0207835	0.00554171	0.0164778	0.00755949	0.0779186	0.0410469	0.0303001	0.00289503	0.426464
162	0.106017	0.0162354	0.0311268	0.0403727	0.00514856	0.0399313	0.0433874	0.024892	0.0379757	0.0254403	0.00848035	0.096315	0.00349081	0.0975899	0.03602	0.204717	0.121439	0.0506004	0.00350594	0.00731529
163	0.0322916	0.0127524	0.000775454	0.00106954	0.0251912	0.000883955	0.00141094	0.360478	0.00397127	0.124596	0.050173	0.00129428	0.00183562	0.0012409	0.00157738	0.00446025	0.0511622	0.322479	0.000874002	0.00148393
164	0.471121	0.0135069	0.0183313	0.00412135	0.00308824	0.159082	0.00322421	0.00483854	0.0133437	0.0146732	0.00244542	0.0160036	0.0163113	0.00429135	0.00438657	0.132742	0.0544012	0.0602235	0.000641496	0.00322263
165	0.0533412	0.00846255	0.0323939	0.0319043	0.00133793	0.0337148	0.0466131	0.0336233	0.059088	0.0335668	0.00941007	0.147041	0.00116095	0.124035	0.0527516	0.137646	0.141397	0.0464486	0.00532992	0.000733883
166	0.0713409	0.0163549	0.00107402	0.0030012	0.0199111	0.00299191	0.00148042	0.335548	0.00366171	0.0783356	0.0426248	0.00201284	0.00120789	0.00159288	0.00123081	0.0181545	0.0621823	0.335963	0.000336856	0.000993753
167	0.00491827	0.0236359	0.000922231	0.00345399	0.0537957	0.00112225	0.0110679	0.0979312	0.00387689	0.602382	0.0746555	0.00583629	0.00522177	0.00915637	0.00442955	0.0114552	0.00913135	0.0628626	0.00276757	0.0113777
168	0.160701	0.0211903	0.0059128	0.0109387	0.0209575	0.0676121	0.0273219	0.00693232	0.0276736	0.0461639	0.00579395	0.0102134	0.227027	0.0604844	0.00790912	0.063599	0.147806	0.0762203	0.00130841	0.00423355
169	0.00637565	0.0348631	0.00976465	0.0114122	0.0184997	0.0247652	0.00506144	0.0163086	0.318191	0.0493273	0.0145413	0.0182594	0.00445222	0.0103748	0.401426	0.0185252	0.0202119	0.0139295	0.00072113	0.00299036
170	0.0312355	0.0187707	0.00960403	0.0139277	0.0363127	0.0124153	0.0436558	0.075355	0.0188404	0.369347	0.0497463	0.0314682	0.0158717	0.0357814	0.016428	0.0490671	0.0705183	0.0792414	0.00450249	0.0179112
171	0.0189958	0.0205915	0.00108668	0.00254052	0.0417185	0.00138904	0.00873147	0.19611	0.00410822	0.406666	0.0622957	0.00496177	0.00404973	0.00607088	0.00371671	0.0103738	0.0268594	0.168935	0.00209932	0.0086997
172	0.00524485	0.0190329	0.0117741	0.00691153	0.0105199	0.0245624	0.00308143	0.0203726	0.379376	0.0273361	0.0185674	0.0217749	0.00279328	0.00710309	0.40143	0.0125858	0.0156253	0.00927793	0.000497882	0.00213225
173	0.0125611	0.0118893	0.00576798	0.00861237	0.030238	0.00830155	0.260856	0.00981965	0.0290612	0.0577523	0.0271928	0.258489	0.00660801	0.00983757	0.00801754	0.0328749	0.0127453	0.0137876	0.00298869	0.192599
174	0.0351729	0.0128558	0.00103419	0.00140935	0.0219901	0.00164908	0.00142731	0.381136	0.00400421	0.0761609	0.0603909	0.00169041	0.0010461	0.00154837	0.00115779	0.00870625	0.0603099	0.327203	0.000224867	0.000882698
175	0.0321561	0.0133113	0.000669476	0.000839198	0.0246629	0.000773163	0.000966895	0.383468	0.0035203	0.085506	0.0491096	0.00108718	0.000742033	0.000920554	0.000875988	0.00417919	0.0527337	0.343676	0.000192632	0.000609757
176	0.0282054	0.0594681	0.0691308	0.025545	0.0173543	0.0947776	0.150533	0.0304988	0.0662565	0.0303367	0.0109058	0.052292	0.0115467	0.0316743	0.120045	0.119545	0.0358171	0.0286634	0.00366683	0.0137373
177	0.111781	0.107073	0.0177775	0.0269205	0.0262663	0.0306835	0.0217689	0.0416436	0.0238354	0.0380202	0.015875	0.0419119	0.0258882	0.0218374	0.0258632	0.225227	0.101017	0.0571944	0.00704969	0.0323653
178	0.00764114	0.0312566	0.0030113	0.00469305	0.198852	0.0082073	0.0215042	0.0242696	0.0120198	0.0684572	0.0121321	0.0192905	0.00689773	0.0133785	0.0100427	0.0573613	0.0267265	0.0294918	0.0035226	0.441244
179	0.0077163	0.0271279	0.00140502	0.00358261	0.053116	0.00279138	0.0166635	0.0861957	0.00439776	0.588548	0.0733025	0.00992013	0.00451288	0.00957248	0.00465646	0.0175753	0.00954861	0.0634517	0.00257772	0.0133383
180	0.00739514	0.0530567	0.00896651	0.0135861	0.0250939	0.0254353	0.0074489	0.0141341	0.27174	0.0640467	0.0127706	0.0161513	0.00541032	0.0107575	0.387674	0.0260282	0.025748	0.0184508	0.00171965	0.0043863
181	0.00440782	0.0239673	0.000735032	0.00319463	0.0539069	0.00089317	0.0106402	0.099244	0.00355411	0.607886	0.0749424	0.00563483	0.00360637	0.00817032	0.00363777	0.0102463	0.00820404	0.0637906	0.00239589	0.0109427
182	0.061411	0.0172376	0.00355702	0.00429303	0.00415116	0.022757	0.00466909	0.00480454	0.00902816	0.00581356	0.00421192	0.0150752	0.0133383	0.0050826	0.00330505	0.46258	0.343195	0.0063576	0.000893301	0.00823922
183	0.0236597	0.00471067	0.226648	0.50408	0.00481724	0.0273791	0.00168054	0.0104778	0.0346072	0.0108237	0.00126263	0.028729	0.0121569	0.0496585	0.00618103	0.0198861	0.0246347	0.0075844	0.000235294	0.000787608
184	0.0188998	0.0468103	0.185537	0.0607871	0.0109755	0.0675713	0.161614	0.0450531	0.0518586	0.0196598	0.0083426	0.164508	0.00862139	0.0158263	0.0255379	0.0502261	0.0269394	0.0162997	0.00216685	0.0127643
185	0.0533425	0.00650102	0.0295874	0.0289204	0.00640622	0.0170042	0.0244605	0.015116	0.0162862	0.0869502	0.0151238	0.0177478	0.307601	0.108833	0.0290099	0.106885	0.0581942	0.0600782	0.0023717	0.00958139
186	0.465649	0.0143382	0.0196677	0.00475494	0.00331592	0.16032	0.00354019	0.00584104	0.0139433	0.0147753	0.00277883	0.0161347	0.0173088	0.0051889	0.00446787	0.131284	0.053738	0.0585749	0.000662373	0.0037165
187	0.00755455	0.0531671	0.00901492	0.0133494	0.0312293	0.0276502	0.00618351	0.0136763	0.264146	0.0688748	0.0110585	0.0141062	0.00502853	0.00815333	0.384096	0.0277118	0.0280605	0.0220645	0.00138008	0.00349501
188	0.0401154	0.00819398	0.184267	0.437492	0.0104517	0.0366025	0.00188342	0.0181337	0.0425318	0.0211276	0.00139041	0.0323431	0.0200177	0.0625591	0.0129938	0.0193784	0.0372884	0.0120178	0.00035266	0.000860168
189	0.243595	0.0498257	0.0134464	0.0391758	0.00648738	0.0518177	0.0163151	0.0243508	0.00696287	0.0154007	0.00598851	0.0230942	0.0122801	0.0330729	0.0136782	0.259506	0.0799772	0.0787139	0.000917016	0.025394
190	0.00714788	0.0251109	0.00212832	0.00451839	0.0718961	0.00248062	0.0123119	0.084585	0.0056166	0.571786	0.0704387	0.00852385	0.00541468	0.00915205	0.00545494	0.0170088	0.00960799	0.0544035	0.00259175	0.029822
191	0.0530977	0.00878848	0.032579	0.0328472	0.00102112	0.0346929	0.0477735	0.0313317	0.0608332	0.0323133	0.00739057	0.149499	0.00103554	0.12445	0.0537083	0.137355	0.140208	0.0452085	0.00517287	0.000693666
192	0.0122262	0.126476	0.00589563	0.00954009	0.134118	0.0210653	0.0403786	0.0969155	0.0123207	0.0605678	0.0118152	0.034139	0.0123198	0.0126453	0.0543678	0.0552075	0.0155396	0.0880997	0.0183259	0.178036
