237	20
1	0.0106408	0.000509167	0.000642459	0.00159144	0.0110261	0.000889216	0.000613228	0.413586	0.000910938	0.177196	0.0372934	0.00116734	0.00584042	0.00107935	0.00295852	0.00316293	0.00357371	0.326358	0.000162252	0.000798231
2	0.101099	0.00133663	0.00966116	0.00775588	0.00237072	0.674186	0.00338132	0.00286444	0.0182787	0.00404906	0.00310461	0.0200778	0.00382226	0.0124704	0.0186693	0.08653	0.0217868	0.00653444	0.000830416	0.00119099
3	0.0248952	0.000174432	0.000306174	0.000443526	0.00856825	0.00195466	0.000368499	0.349352	0.000368609	0.0441736	0.00774888	0.00205516	0.0023183	0.00178933	0.00324961	0.00803371	0.000820153	0.541662	0.000117447	0.00160048
4	0.0131732	0.0468795	0.0066614	0.00437612	0.00549339	0.00401318	0.00428353	0.00870716	0.0044089	0.00971759	0.00419475	0.627876	0.00398539	0.00677791	0.0068501	0.146744	0.0411103	0.0489007	0.00191731	0.00392918
5	0.00731299	0.00120889	0.00108181	0.00141787	0.361901	0.00170092	0.00925691	0.00941794	0.00161982	0.0257283	0.00579463	0.00505962	0.00139021	0.00374565	0.0101443	0.00427758	0.00697818	0.00377715	0.0682035	0.469983
6	0.00543312	0.00298148	0.342895	0.038783	0.000818878	0.00417457	0.000779759	0.00444698	0.00764004	0.00746783	0.000782918	0.523555	0.000590451	0.00747552	0.00929839	0.0254323	0.0102782	0.00620435	0.000349283	0.00061228
7	0.00683478	0.00280629	0.345794	0.0419015	0.000885277	0.00465971	0.000822275	0.00432318	0.00709993	0.00744836	0.000759719	0.515421	0.00142303	0.00801961	0.00971813	0.0244432	0.01074	0.006036	0.000282267	0.0005818
8	0.0174358	0.000539631	0.000524895	0.00324632	0.0287915	0.000556963	0.00308129	0.110946	0.000763272	0.684058	0.0450331	0.000727091	0.000432817	0.000647519	0.000840898	0.00174016	0.0136997	0.0813853	0.00264843	0.00290072
9	0.100419	0.00141526	0.0136819	0.0173296	0.0046536	0.0249255	0.00635649	0.0106241	0.0142608	0.0222854	0.00355861	0.0185804	0.530604	0.0343378	0.0264181	0.091833	0.0498724	0.0213688	0.00298564	0.00448941
10	0.158702	0.00135375	0.014825	0.00578376	0.0122871	0.00815737	0.0136444	0.0165412	0.00575442	0.0173535	0.00219379	0.0168248	0.268234	0.0182329	0.0183211	0.300065	0.0977347	0.0202651	0.00117731	0.00254874
11	0.0855277	0.00119698	0.00114894	0.00231613	0.00111737	0.00942488	0.00333554	0.0075326	0.00363705	0.00711841	0.00213225	0.00374158	0.75261	0.00726281	0.00717678	0.0459829	0.0434525	0.0141516	0.000340515	0.00079347
12	0.168955	0.000299771	0.134359	0.08138	0.00116478	0.061093	0.0103481	0.00689965	0.0582627	0.00658102	0.000807316	0.0843721	0.00560529	0.0605195	0.0707195	0.143432	0.0836937	0.0155408	0.00424179	0.00172464
13	0.0609555	0.00630086	0.0197821	0.0340311	0.00568589	0.00938523	0.0417368	0.00763022	0.201026	0.0141126	0.0101782	0.0442469	0.000663824	0.0847112	0.273645	0.106504	0.0465268	0.0193	0.000445529	0.0131321
14	0.0234978	0.000339836	0.000504453	0.00175833	0.00735048	0.00170032	0.000452139	0.311464	0.000534654	0.0523241	0.0129366	0.00186715	0.00190173	0.00247563	0.00299152	0.00710934	0.00134967	0.567787	0.000146763	0.00150835
15	0.0215206	0.0019681	0.00607277	0.0225336	0.0130211	0.00479848	0.0540387	0.00648479	0.300832	0.0176144	0.00706724	0.0168583	0.00238234	0.0325588	0.391349	0.0245313	0.0203616	0.0318001	0.000817856	0.0233886
16	0.00749609	0.00150927	0.000672096	0.000896466	0.0173531	0.000769182	0.000718814	0.428333	0.00202039	0.272925	0.0524774	0.000882154	0.00474472	0.000929493	0.00437766	0.00312031	0.00552386	0.194259	0.00029292	0.000697885
17	0.0045784	0.00188163	0.000711321	0.000709698	0.344925	0.000896946	0.0481642	0.00283964	0.000854768	0.0198518	0.00159625	0.00355113	0.0031025	0.00809314	0.0116949	0.00846634	0.00271537	0.00447569	0.0137849	0.517107
18	0.041553	0.00054875	0.477253	0.0923306	0.00305783	0.0262765	0.00409221	0.00329383	0.00110519	0.00180604	0.000889012	0.204697	0.0312755	0.029066	0.00497694	0.0452242	0.0260066	0.00574228	0.000260528	0.000545642
19	0.404244	0.00123109	0.00451116	0.00282993	0.00302808	0.00693689	0.0151073	0.0329727	0.00343942	0.00587215	0.00279114	0.00538624	0.0474727	0.0031769	0.0038522	0.145417	0.228014	0.0476438	0.000733879	0.0353398
20	0.00919648	0.00258602	0.358986	0.0476625	0.00109391	0.00594077	0.0010671	0.00426803	0.00647679	0.00755822	0.000728581	0.487814	0.00344584	0.00958661	0.009827	0.0252191	0.0114923	0.00614862	0.000272775	0.00063006
21	0.137282	0.0016534	0.00968702	0.0152616	0.00318648	0.0213968	0.0114087	0.0140425	0.0212575	0.018896	0.00256739	0.00984878	0.515909	0.0280633	0.0214788	0.0957275	0.0506049	0.0169384	0.00181652	0.00297394
22	0.194237	0.000277511	0.120566	0.0830768	0.000851934	0.0609532	0.0102238	0.00789764	0.0507437	0.00686397	0.000676857	0.0778486	0.00249149	0.0684551	0.0586929	0.149878	0.0864903	0.0145426	0.00453998	0.000692407
23	0.0361148	0.00778671	0.00413264	0.00526947	0.0465888	0.00331725	0.00195721	0.256334	0.00395076	0.179525	0.189891	0.00161779	0.00102954	0.00248838	0.00290712	0.0166863	0.0546192	0.182222	0.000423794	0.00313787
24	0.0173057	0.000452892	0.000516757	0.00328945	0.0284352	0.000530899	0.00314388	0.106755	0.000731943	0.692824	0.0425666	0.000705523	0.000389367	0.000654173	0.000822355	0.00157765	0.0134793	0.0801788	0.0027323	0.0029083
25	0.0666108	0.00517222	0.0221922	0.0415807	0.00300582	0.0104304	0.0378841	0.00789205	0.18935	0.0132751	0.0104527	0.0422317	0.000464297	0.0889746	0.275167	0.10359	0.0522185	0.0196669	0.000157447	0.00968372
26	0.471336	0.00410749	0.0103299	0.0125801	0.00685623	0.0320891	0.00381011	0.0109385	0.0104292	0.0275656	0.00372598	0.0155834	0.133679	0.0217359	0.0285717	0.121488	0.0389224	0.0401265	0.00211213	0.00401355
27	0.00918282	0.000650631	0.00104659	0.00126891	0.534325	0.00107822	0.00144021	0.0253338	0.00424836	0.274849	0.0249062	0.00206133	0.000775445	0.00660129	0.00168952	0.00572902	0.00414651	0.00829348	0.000430787	0.0919433
28	0.594107	0.000538713	0.00488319	0.00634692	0.00183121	0.0399208	0.00107166	0.00584798	0.00910834	0.00535844	0.00281038	0.019021	0.00934807	0.0186378	0.0129583	0.213458	0.0347311	0.0161822	0.000308348	0.00353075
29	0.0308753	0.000294984	0.0500549	0.0278952	0.000981521	0.339804	0.0380425	0.00153917	0.088581	0.00182208	0.00337114	0.22735	0.000524458	0.0303803	0.0565173	0.0836707	0.0119935	0.00518972	0.000376722	0.00073553
30	0.0414897	0.0208137	0.00556262	0.00315799	0.00599113	0.0157673	0.00572453	0.0144338	0.0084012	0.022546	0.00509899	0.0579637	0.0176207	0.00369775	0.00647735	0.37094	0.378015	0.0112301	0.00101632	0.00405173
31	0.165515	0.00140635	0.0291557	0.0175866	0.0116546	0.0167941	0.021294	0.101886	0.00672076	0.032181	0.0874327	0.0129361	0.00397428	0.00744726	0.00634443	0.0977314	0.218385	0.15432	0.00465618	0.00257852
32	0.024728	0.000182855	0.000311345	0.000535041	0.00838749	0.00192445	0.000369077	0.346765	0.000379617	0.0451066	0.00855157	0.00201983	0.00240504	0.0017738	0.003206	0.00797282	0.000830064	0.542855	0.000125178	0.00157068
33	0.223982	0.0233604	0.022201	0.00599392	0.00513602	0.146107	0.0218759	0.00950593	0.00424963	0.00996723	0.0573179	0.00876651	0.0028399	0.0061384	0.00568781	0.234332	0.19344	0.0137193	0.00156005	0.00381906
34	0.0765416	0.0107038	0.0115005	0.0104138	0.0246496	0.00131674	0.00126922	0.242864	0.00213739	0.109467	0.0280756	0.00167724	0.0013376	0.00201788	0.00251974	0.011217	0.0496636	0.409773	0.000352945	0.00250239
35	0.125925	0.00368752	0.0149738	0.0296854	0.00425772	0.0392915	0.00869432	0.0109675	0.0150646	0.0201606	0.00314634	0.0167291	0.46794	0.0284993	0.0300868	0.0905979	0.0599145	0.0229538	0.00287266	0.00455212
36	0.0378763	0.00365513	0.23156	0.0405908	0.00336108	0.0185866	0.00980816	0.00642957	0.0215409	0.0109453	0.00237362	0.456421	0.00469149	0.0195049	0.0341135	0.0506715	0.0333391	0.0113779	0.000856728	0.00229596
37	0.123346	0.000431893	0.229972	0.132121	0.0228509	0.0333134	0.0353641	0.00821739	0.0413575	0.0192445	0.00370583	0.0328826	0.00593716	0.0837308	0.038683	0.0884212	0.0333478	0.0177291	0.00542279	0.0439204
38	0.048641	0.000864295	0.13876	0.180371	0.0150095	0.00221441	0.037476	0.0421696	0.0116433	0.15598	0.0355762	0.0764156	0.00137237	0.143927	0.00705071	0.0446471	0.0132643	0.0305177	0.000778803	0.0133214
39	0.00755395	0.00104517	0.00064893	0.000995517	0.0148146	0.000656976	0.000683379	0.44299	0.00160348	0.248938	0.0438784	0.000885766	0.00564461	0.000965635	0.00352302	0.0024829	0.0049542	0.216914	0.000205074	0.000616577
40	0.124053	0.00104298	0.0240868	0.0339162	0.00689419	0.0402492	0.0058816	0.0118389	0.0200658	0.0237091	0.00295202	0.0276181	0.392095	0.0422565	0.0401343	0.101696	0.0559358	0.0317907	0.00551658	0.00826681
41	0.288629	0.00166932	0.00230351	0.00259926	0.129644	0.0243918	0.00695723	0.050097	0.034741	0.0329904	0.00731494	0.0486804	0.00194944	0.0146987	0.0159465	0.186257	0.0590278	0.0432437	0.00077173	0.0480865
42	0.768628	0.00111278	0.00180053	0.00382904	0.00149325	0.0269407	0.00105092	0.00279485	0.00516686	0.00494943	0.000985167	0.0047948	0.00542505	0.00605811	0.0129391	0.106801	0.0251268	0.018157	0.000327947	0.00161917
43	0.12429	0.000397804	0.223182	0.116395	0.0207836	0.0306498	0.0334326	0.0080281	0.0446889	0.0189759	0.00356604	0.0428849	0.00542615	0.0778136	0.0485736	0.0947777	0.0431371	0.0197297	0.00490005	0.0383673
44	0.191911	0.000262675	0.115192	0.0878772	0.000793608	0.0612648	0.0108588	0.00770187	0.0566668	0.0076834	0.000640273	0.075231	0.00248707	0.0721598	0.0636191	0.144551	0.0821593	0.0136942	0.00457136	0.000674027
45	0.019672	0.0106235	0.00503895	0.00463014	0.204723	0.00400498	0.0132815	0.0131329	0.00669202	0.100709	0.0142473	0.0120775	0.00282559	0.00679808	0.0226129	0.0124053	0.0168108	0.0132605	0.364097	0.152356
46	0.0204061	0.00210089	0.00183072	0.00145681	0.0178855	0.000908248	0.00065085	0.388025	0.00126384	0.191156	0.0340049	0.00104327	0.00387512	0.00111502	0.00321703	0.00461387	0.00842344	0.316438	0.000167398	0.00141917
47	0.27688	0.00116733	0.00226294	0.0139066	0.00294306	0.00262738	0.00253751	0.043202	0.051808	0.210242	0.0224261	0.00402759	0.00160013	0.0282511	0.0307627	0.0897899	0.0353442	0.177162	0.0009075	0.00215153
48	0.134207	0.00109928	0.0177259	0.0225334	0.00455981	0.028089	0.00795353	0.0120797	0.0217098	0.02189	0.0026547	0.018287	0.45952	0.0404121	0.0340058	0.0934922	0.048418	0.0227829	0.00336671	0.00521285
49	0.00748722	0.00283272	0.000877122	0.000931677	0.371419	0.000993303	0.091609	0.00157929	0.001038	0.0195347	0.00149862	0.00569004	0.00489761	0.00909783	0.013166	0.0162632	0.00200086	0.00549019	0.000421475	0.443172
50	0.047326	0.000705814	0.00154248	0.00165152	0.0779926	0.0222153	0.171583	0.0884181	0.00900831	0.0450517	0.0112338	0.0155705	0.000880205	0.0172821	0.0349652	0.011167	0.0380879	0.110767	0.000510792	0.294041
51	0.118926	0.00118807	0.0231868	0.0319656	0.00635602	0.0390815	0.00679592	0.0106438	0.018856	0.0219465	0.00288645	0.0279689	0.412692	0.0451413	0.0424776	0.0942281	0.0542599	0.0284822	0.00490013	0.00801751
52	0.057626	0.000866482	0.0169515	0.0137523	0.00215882	0.643133	0.0115645	0.00392223	0.0392914	0.0044195	0.00262992	0.0568078	0.00192925	0.0170498	0.0359603	0.0682743	0.015064	0.00644185	0.000447993	0.00170859
53	0.0618998	0.00425742	0.0543297	0.0240867	0.0173522	0.010313	0.0965494	0.0190154	0.0137296	0.0837977	0.00981456	0.363802	0.00565351	0.0190112	0.0530233	0.104034	0.0284396	0.0190631	0.00224617	0.00958105
54	0.0543215	0.00108937	0.149904	0.409185	0.00748007	0.0211086	0.0111561	0.0112596	0.029394	0.0299777	0.00807995	0.059752	0.0108404	0.0788776	0.0316707	0.0412451	0.0216379	0.0146064	0.00159815	0.0068163
55	0.0334718	0.00110117	0.00127374	0.00149784	0.0113329	0.00180337	0.000878006	0.299055	0.000781266	0.0487833	0.00746743	0.00222649	0.00184535	0.00197578	0.00577101	0.011596	0.0042872	0.552001	0.000294553	0.0125569
56	0.017688	0.000585316	0.000601633	0.00310454	0.0335779	0.000703018	0.00434509	0.108178	0.000880493	0.67583	0.0446711	0.000918351	0.000490788	0.000880376	0.00103682	0.00192629	0.0179069	0.0799903	0.00323405	0.00345149
57	0.176457	0.000466117	0.035439	0.0410242	0.0271799	0.0336399	0.0186906	0.0502955	0.0062813	0.0837151	0.0629781	0.027926	0.00731507	0.0129192	0.00654878	0.13486	0.178899	0.0847511	0.00994384	0.000670427
58	0.0132246	0.000480482	0.0010147	0.00727472	0.00529271	0.000826784	0.000910712	0.211904	0.001175	0.144278	0.0505668	0.00115265	0.00219728	0.0015694	0.00187207	0.00225849	0.00248848	0.550496	0.000256993	0.000760312
59	0.106487	0.00137468	0.0189508	0.026663	0.00618709	0.0402078	0.00610324	0.0102798	0.016263	0.021559	0.00299768	0.0265959	0.43394	0.0524992	0.0389468	0.0866963	0.0668177	0.0257108	0.0046291	0.00709065
60	0.468997	0.197112	0.00441607	0.00479691	0.0184638	0.0136713	0.00572367	0.0313117	0.00496416	0.0367572	0.00535177	0.00627233	0.0181883	0.00579486	0.00840036	0.0393366	0.0266773	0.0954768	0.00408357	0.00420422
61	0.0144796	0.00561135	0.000928712	0.000972	0.0375296	0.00400511	0.00102314	0.255719	0.00258677	0.226831	0.294387	0.00128859	0.00105631	0.00199679	0.00174373	0.0136861	0.0257376	0.107819	0.000293875	0.00230407
62	0.0507148	0.0026462	0.0109394	0.0438998	0.00248267	0.006776	0.0325151	0.00542924	0.154015	0.00930023	0.0127092	0.044026	0.000766859	0.159987	0.296935	0.0494676	0.0655226	0.0375008	0.000422388	0.0139443
63	0.0867397	0.00275772	0.0189302	0.0178514	0.00489304	0.0126273	0.0143631	0.00778556	0.124798	0.0128456	0.00676952	0.219824	0.00442435	0.0302519	0.137355	0.145451	0.109305	0.0357151	0.00180387	0.00550832
64	0.00767831	0.0015834	0.000671529	0.000888936	0.0171209	0.000670844	0.000700365	0.413907	0.00210835	0.292518	0.0471058	0.000852332	0.0045422	0.000972646	0.0037268	0.00289888	0.00501135	0.195925	0.000387459	0.000728878
65	0.0239886	0.000208044	0.000448108	0.000704549	0.0080598	0.00186969	0.000490242	0.367241	0.000439758	0.0433232	0.00898969	0.00214031	0.00237299	0.00174589	0.00332025	0.00792985	0.00100462	0.524008	0.000133161	0.00158266
66	0.0346321	0.00220727	0.0089391	0.0354131	0.00278654	0.00660023	0.0362803	0.00509521	0.307594	0.0102349	0.00976193	0.0292497	0.000925428	0.130024	0.255112	0.03956	0.0498667	0.0220083	0.000475752	0.0132343
67	0.0234512	0.000227597	0.000399488	0.000662005	0.00930559	0.00183441	0.000408072	0.34661	0.000392402	0.0555267	0.0101997	0.00192904	0.00238939	0.00174752	0.00312531	0.0074202	0.00112246	0.531666	0.000125932	0.00145683
68	0.126863	0.0221881	0.00377678	0.00185303	0.00444349	0.0910617	0.00805582	0.00609326	0.00234151	0.00403003	0.00706653	0.00803908	0.00218169	0.00214502	0.0051373	0.521702	0.174883	0.00345746	0.000494379	0.00418682
69	0.104238	0.013952	0.00457605	0.00212909	0.00504763	0.0478085	0.0141048	0.00972473	0.00424361	0.00768987	0.00616092	0.0186753	0.00616292	0.00276734	0.0049087	0.412114	0.319402	0.0114126	0.0011352	0.00374706
70	0.143437	0.00152195	0.00338084	0.00426375	0.00279385	0.0216937	0.00629839	0.016737	0.00569331	0.0115097	0.00360419	0.00449273	0.528079	0.0103018	0.0120144	0.114296	0.0845193	0.0225306	0.000602639	0.00222933
71	0.0137138	0.0252683	0.00485511	0.00529859	0.0519342	0.00482278	0.186996	0.0416357	0.012256	0.211191	0.0345364	0.0430522	0.00314795	0.0785247	0.0117206	0.0518375	0.0112027	0.175118	0.00142308	0.0314647
72	0.478651	0.00221915	0.0103171	0.00467214	0.00416181	0.0424733	0.00373418	0.0159982	0.00653021	0.00539886	0.00308107	0.0212666	0.0185627	0.011205	0.0095808	0.25432	0.0754106	0.0155656	0.000648345	0.0162035
73	0.0136136	0.00591801	0.000935931	0.00102825	0.0458161	0.00491005	0.00105633	0.228665	0.00270635	0.237059	0.30537	0.00131093	0.000584998	0.00158651	0.0015634	0.0145648	0.0276495	0.102736	0.000268292	0.00265677
74	0.195714	0.000726239	0.116101	0.0636893	0.00104686	0.0931776	0.0110481	0.00736639	0.0406921	0.00534784	0.001988	0.0868702	0.00256596	0.0553021	0.0484616	0.154814	0.0884401	0.0215401	0.00421601	0.000892419
75	0.0819639	0.0126471	0.0124346	0.0135999	0.0250106	0.0013771	0.00139709	0.251476	0.00341422	0.11527	0.0277715	0.00184152	0.00191118	0.00281663	0.00320674	0.0120039	0.0589169	0.369948	0.000389672	0.00260345
76	0.0164091	0.00189254	0.000587456	0.00289548	0.0321354	0.00138832	0.00256608	0.149017	0.00137016	0.579938	0.0913283	0.000834901	0.000609488	0.000823529	0.00129448	0.00447298	0.0166191	0.0912398	0.00193486	0.00264277
77	0.194652	0.000265505	0.115287	0.0859217	0.000793286	0.06081	0.0107694	0.00764646	0.0548588	0.00762816	0.00065974	0.0756828	0.00241469	0.0714603	0.0623122	0.146116	0.0833661	0.0141615	0.00451792	0.000676384
78	0.112757	0.00118616	0.0164664	0.0222591	0.00523522	0.0303604	0.0067702	0.0139602	0.0165331	0.0274649	0.00334724	0.0195366	0.466633	0.0462728	0.0367492	0.0864184	0.0523024	0.0265658	0.00342617	0.00575563
79	0.0845148	0.00117754	0.00138649	0.00248804	0.00118336	0.00970764	0.00341799	0.00740339	0.00379057	0.00726095	0.00214012	0.00404084	0.75256	0.00777211	0.00759524	0.0457691	0.0426532	0.0139224	0.000352524	0.000863449
80	0.10284	0.0146638	0.0105377	0.0111571	0.00965728	0.051332	0.0108307	0.0135479	0.0129011	0.0149622	0.00936992	0.0255706	0.0164564	0.0138569	0.0199657	0.520133	0.115836	0.0153743	0.00214722	0.00886043
81	0.299706	0.000756736	0.0150856	0.0267224	0.00653971	0.0147565	0.00172845	0.0161359	0.00323436	0.0304002	0.0186448	0.0553774	0.00306555	0.0318761	0.0293041	0.345874	0.0500728	0.0480858	0.000518529	0.00211461
82	0.280935	0.00102615	0.0076451	0.00560951	0.00159203	0.439029	0.00179882	0.00304397	0.0156802	0.00285671	0.00225531	0.0176735	0.00297805	0.0124213	0.0145638	0.152677	0.0293997	0.00633814	0.00035665	0.00211981
83	0.0136136	0.00591801	0.000935931	0.00102825	0.0458161	0.00491005	0.00105633	0.228665	0.00270635	0.237059	0.30537	0.00131093	0.000584998	0.00158651	0.0015634	0.0145648	0.0276495	0.102736	0.000268292	0.00265677
84	0.126523	0.00149528	0.0234166	0.0167066	0.00408971	0.0429432	0.021484	0.00693004	0.102731	0.0459737	0.00532172	0.00791926	0.0587556	0.164351	0.207083	0.0334888	0.0899203	0.0366763	0.00107438	0.00311678
85	0.122403	0.00101846	0.0308217	0.0299502	0.00665678	0.0419696	0.00637297	0.0112777	0.0243823	0.0218709	0.00344658	0.0264956	0.356252	0.0554818	0.0372633	0.12218	0.0518582	0.0335902	0.00916527	0.00754341
86	0.0136128	0.00591715	0.000943403	0.00104186	0.0457151	0.00488887	0.00105622	0.228734	0.00270542	0.237127	0.305105	0.00131144	0.000591956	0.00158527	0.00156788	0.0145479	0.0277209	0.102903	0.000268092	0.00265679
87	0.0342972	0.00183239	0.00197295	0.00505697	0.0270486	0.00146391	0.00309144	0.129145	0.00237298	0.596151	0.0458945	0.00184224	0.00103864	0.00199075	0.00244715	0.00773819	0.0193814	0.111557	0.00259791	0.00307986
88	0.127765	0.000336324	0.0854577	0.19763	0.00111666	0.0520383	0.0118847	0.00262367	0.114515	0.0155363	0.00107831	0.0368579	0.0131486	0.103138	0.121712	0.0708212	0.0346184	0.0072796	0.000918159	0.00152501
89	0.00696919	0.00123199	0.000868444	0.000984977	0.626654	0.000870123	0.00112381	0.0181588	0.00507735	0.190369	0.0178046	0.00152488	0.000673194	0.0042197	0.00156812	0.00553746	0.00461246	0.00688256	0.00154782	0.103322
90	0.0136269	0.00741573	0.00505836	0.00583541	0.0168246	0.005856	0.139256	0.0390529	0.0105486	0.503881	0.0146929	0.0610715	0.00286278	0.0487869	0.00965933	0.0203778	0.0113097	0.0704108	0.00177013	0.0117037
91	0.0699264	0.00467248	0.0309514	0.0404047	0.00320407	0.0107677	0.0381381	0.00774604	0.179852	0.0126543	0.0100813	0.048023	0.000699072	0.0876551	0.262177	0.107128	0.0525202	0.0221269	0.000210485	0.0110615
92	0.109134	0.000362614	0.0921959	0.205695	0.00110104	0.0498465	0.0103333	0.00204169	0.125061	0.015869	0.0011173	0.0386187	0.0168549	0.0970922	0.130121	0.0618588	0.0333422	0.00768609	0.000557945	0.00111167
93	0.0303319	0.00321819	0.00828251	0.00162951	0.00200295	0.0093546	0.00271295	0.0189007	0.0228427	0.018206	0.00824264	0.120227	0.004168	0.00176265	0.00290957	0.218583	0.520825	0.00380866	0.000517578	0.00147384
94	0.0302492	0.000314451	0.0509809	0.0297766	0.000896953	0.345577	0.0336964	0.00171928	0.114876	0.00131734	0.00399647	0.184194	0.000380203	0.0355179	0.0641516	0.0840169	0.0126721	0.00475655	0.00025789	0.000652017
95	0.349769	0.00864053	0.00531799	0.00484308	0.00285106	0.0552015	0.00426509	0.00729069	0.00520064	0.00543743	0.00374001	0.0230505	0.00637445	0.0100589	0.00841015	0.394579	0.0890701	0.0104605	0.000415661	0.00502383
96	0.0129425	0.0201803	0.00285849	0.00356621	0.305497	0.00304856	0.082524	0.00545369	0.00365789	0.0160209	0.00434308	0.00640722	0.149372	0.00856114	0.0279025	0.0157477	0.0069594	0.00971594	0.00414306	0.311099
97	0.00848635	0.000625541	0.000956642	0.00119743	0.536355	0.00101866	0.00127644	0.0250606	0.00427855	0.273188	0.0247951	0.00174995	0.000763704	0.00608546	0.00164273	0.00566473	0.00400509	0.00833932	0.000424663	0.0940859
98	0.0789072	0.034866	0.00566709	0.0078972	0.118563	0.0058673	0.00769797	0.0442877	0.00636052	0.106987	0.216045	0.00756819	0.00280448	0.00704203	0.0101916	0.0160544	0.111729	0.155207	0.00173399	0.0545237
99	0.02486	0.000174382	0.000305805	0.000439025	0.00863655	0.00197569	0.000367677	0.348696	0.000370116	0.0443153	0.00771299	0.00206557	0.00231403	0.00178591	0.00324351	0.00801928	0.000820828	0.542179	0.000118106	0.0016005
100	0.00735161	0.00846467	0.293336	0.0341617	0.00177314	0.00503335	0.00172691	0.00452948	0.00681344	0.00746332	0.00117551	0.551182	0.0020708	0.00758735	0.00905241	0.0362049	0.0113401	0.00837796	0.000491037	0.00186415
101	0.562684	0.0347899	0.00143967	0.00164255	0.0275455	0.00750836	0.00167443	0.0440736	0.00286503	0.0536138	0.00149565	0.00233804	0.0415291	0.00225645	0.00281622	0.0326268	0.0321089	0.144785	0.000682621	0.0015245
102	0.0187317	0.00329689	0.00413824	0.00534218	0.225371	0.0051235	0.0940523	0.0146192	0.00884136	0.0284392	0.00505905	0.0176223	0.00466651	0.0286054	0.0244523	0.0187339	0.0109174	0.0251689	0.00519528	0.451624
103	0.0804007	0.00180751	0.00494387	0.00640455	0.00457021	0.0133947	0.00505422	0.00995096	0.0065204	0.0109783	0.00389979	0.0151503	0.59941	0.0117363	0.0116351	0.0721796	0.118678	0.0179414	0.00137209	0.00397194
104	0.00464052	0.00070992	0.000886941	0.00116133	0.386006	0.00119251	0.00601162	0.00652271	0.00138834	0.0199875	0.00360872	0.00352543	0.000707284	0.00348073	0.00733044	0.00322263	0.00524897	0.00297126	0.0526414	0.488756
105	0.00667795	0.00122522	0.000883581	0.000930936	0.620651	0.000859679	0.00158872	0.0178169	0.00540151	0.179728	0.0172171	0.00165733	0.000623544	0.00414404	0.00198506	0.00554822	0.00479302	0.00656997	0.00401434	0.117684
106	0.0406449	0.00139457	0.0758709	0.0192655	0.00377226	0.00357513	0.0193464	0.00458234	0.0343674	0.0078027	0.0195904	0.170348	0.162141	0.0381884	0.0363308	0.280869	0.069951	0.00742152	0.00115904	0.00337946
107	0.033968	0.00245842	0.00297516	0.022643	0.0206635	0.00148542	0.00379133	0.149721	0.00642638	0.532553	0.0357465	0.0020453	0.00300454	0.00458322	0.00403078	0.00532702	0.0272569	0.136803	0.00191115	0.00260699
108	0.0433271	0.00043726	0.478613	0.0953643	0.0032464	0.0266865	0.00427052	0.00331728	0.000850707	0.00165424	0.000918726	0.195333	0.0325479	0.0302538	0.00489593	0.0452706	0.0264616	0.00575441	0.000250014	0.000547289
109	0.0043611	0.00124198	0.000732707	0.000945884	0.371093	0.00109458	0.0229843	0.00478769	0.00114705	0.0175794	0.00224498	0.00307538	0.00178874	0.00507908	0.00806663	0.00523861	0.00372685	0.00334481	0.0302008	0.511267
110	0.585122	0.0407316	0.00144575	0.00160151	0.0241609	0.00805829	0.00158839	0.0444237	0.00269777	0.0480102	0.00165367	0.00198835	0.0262896	0.00214329	0.00270156	0.0300801	0.0300647	0.145166	0.000566395	0.00150609
111	0.0178604	0.000771556	0.00067844	0.00337807	0.0283788	0.000625831	0.0030826	0.115586	0.000916127	0.672784	0.0478604	0.00078898	0.000452222	0.000732247	0.000901258	0.0019735	0.0147248	0.0831619	0.00252399	0.00281927
112	0.0115126	0.000383934	0.00091531	0.00193504	0.331066	0.00100039	0.00303585	0.055548	0.00275141	0.454947	0.0296982	0.00170862	0.00062557	0.00395572	0.001355	0.00403989	0.00749665	0.0361238	0.00133963	0.0505612
113	0.027488	0.00165103	0.588773	0.0617242	0.00429795	0.0133764	0.00474899	0.00629609	0.00627647	0.00981981	0.00273524	0.154847	0.0128739	0.0193379	0.00911202	0.0332701	0.0215088	0.0169102	0.000719697	0.00423359
114	0.132128	0.00119309	0.0270655	0.0395218	0.00646398	0.0402286	0.0064404	0.0112019	0.0220785	0.0225667	0.00312964	0.0282445	0.374346	0.0415136	0.0434356	0.101804	0.0554573	0.0315727	0.00459657	0.00701144
115	0.0950101	0.00148553	0.0179923	0.00346814	0.0620925	0.262011	0.0481111	0.00419174	0.0627935	0.0206341	0.017932	0.160379	0.0019296	0.0342631	0.050787	0.0233086	0.0211277	0.0861176	0.00105955	0.025305
116	0.0297953	0.00290821	0.00863399	0.00168741	0.00186	0.0101443	0.00225807	0.0179667	0.0281294	0.0188856	0.00859597	0.126326	0.00391424	0.00172155	0.00326886	0.221612	0.506945	0.00353785	0.000470639	0.00133903
117	0.0289576	0.00030914	0.038552	0.0263372	0.000926334	0.419979	0.0328977	0.00103324	0.0994328	0.00128365	0.00314249	0.158286	0.000390725	0.0369956	0.0592241	0.0755855	0.0101173	0.00571074	0.000266867	0.000571864
118	0.01334	0.00334012	0.00456103	0.00513301	0.031197	0.00492649	0.0360372	0.0458883	0.111219	0.349096	0.0846897	0.0319799	0.0029752	0.0330043	0.0642837	0.0145174	0.0104806	0.0878838	0.00169185	0.0637563
119	0.0209044	0.00142511	0.00287668	0.00283791	0.00338181	0.0028814	0.0470587	0.0443724	0.0916091	0.108222	0.0029681	0.0223139	0.00141045	0.0295418	0.10194	0.0874582	0.171952	0.241202	0.0131911	0.00245237
120	0.00865818	0.00164115	0.00382617	0.0020198	0.317904	0.00268703	0.0385153	0.00962115	0.00247911	0.0238496	0.00388794	0.00559643	0.00255325	0.0066533	0.0105971	0.00929965	0.00672841	0.0103312	0.0249584	0.508193
121	0.0598724	0.00106105	0.0344461	0.0154408	0.0303143	0.0287574	0.0524767	0.00427583	0.0308045	0.0178928	0.0329221	0.0782282	0.00209651	0.00365296	0.0356496	0.0877333	0.423872	0.00631114	0.000793165	0.0533996
122	0.00758345	0.0166501	0.00599869	0.00273938	0.00258758	0.0021348	0.00468798	0.00459114	0.00251503	0.00644733	0.00239633	0.793481	0.00148387	0.00434701	0.0044059	0.101873	0.0133562	0.0201814	0.000742374	0.00179657
123	0.102802	0.00382442	0.00509519	0.0123277	0.0107044	0.00597357	0.00648876	0.063003	0.0109272	0.17527	0.414075	0.00785124	0.00304238	0.047924	0.0186413	0.0531136	0.0156322	0.0363736	0.00186376	0.0050666
124	0.00848635	0.000625541	0.000956642	0.00119743	0.536355	0.00101866	0.00127644	0.0250606	0.00427855	0.273188	0.0247951	0.00174995	0.000763704	0.00608546	0.00164273	0.00566473	0.00400509	0.00833932	0.000424663	0.0940859
125	0.0335308	0.00227463	0.568645	0.0957864	0.00699994	0.0134523	0.00713529	0.00924504	0.00623055	0.0109458	0.00583192	0.0627727	0.011839	0.0213647	0.00976662	0.0455668	0.0364791	0.0451123	0.00168147	0.00533939
126	0.258751	0.00161543	0.0304982	0.0445403	0.0185169	0.0523924	0.0244302	0.048811	0.00901509	0.0557656	0.0553287	0.0232367	0.00562595	0.0400095	0.0109055	0.10353	0.122226	0.0839922	0.00843688	0.0023732
127	0.042749	0.00392742	0.0121339	0.063615	0.0123501	0.00976917	0.0124656	0.0239125	0.0150966	0.0948106	0.274036	0.0149799	0.00485229	0.265078	0.0207933	0.0285975	0.0215538	0.0680952	0.00282349	0.00835943
128	0.0159416	0.000931172	0.00059414	0.00287501	0.028918	0.000574805	0.00293881	0.133138	0.00131798	0.650142	0.0456819	0.000765324	0.000453343	0.000729868	0.00117818	0.00217758	0.0129657	0.0928514	0.00283449	0.00299049
129	0.0289048	0.00109633	0.606041	0.0639321	0.00509008	0.0146049	0.00474328	0.0049955	0.00632011	0.00490885	0.00207641	0.134084	0.0157697	0.0200589	0.00885005	0.0351881	0.0219191	0.0163678	0.00074929	0.00429994
130	0.659107	0.0016231	0.00278804	0.00462629	0.00108475	0.0455474	0.0014307	0.00304584	0.00798453	0.00279001	0.00148442	0.00865615	0.00629598	0.00997792	0.00924847	0.182793	0.0380006	0.0110391	0.000268971	0.00220809
131	0.0817656	0.0126226	0.0123369	0.0136159	0.0250233	0.00137781	0.0013764	0.251515	0.00345326	0.115462	0.0276985	0.00184012	0.00194018	0.00282973	0.00321121	0.0119432	0.0589861	0.370052	0.000390184	0.00256008
132	0.0490338	0.000710986	0.00144862	0.00174621	0.0821623	0.0245331	0.172254	0.0845596	0.0109635	0.0422738	0.00980372	0.0170971	0.00090599	0.0172282	0.0385835	0.0103245	0.0385532	0.103216	0.000495344	0.294106
133	0.257318	0.00323353	0.00269321	0.0026642	0.149573	0.0128571	0.0160925	0.0394394	0.0194585	0.0313409	0.0176378	0.0245926	0.00186568	0.0088907	0.0121017	0.249726	0.0631536	0.0364792	0.00114472	0.0497381
134	0.708898	0.00260603	0.00348543	0.00561763	0.00458607	0.030128	0.00179586	0.00642377	0.00594354	0.00903781	0.00338768	0.00760986	0.00946112	0.00757455	0.0125178	0.122779	0.0322195	0.0226209	0.000424391	0.00288289
135	0.0218312	0.00801395	0.00142929	0.00199274	0.0383111	0.00409214	0.00114596	0.223414	0.00324624	0.224103	0.304802	0.00156158	0.000705599	0.00243894	0.00177804	0.0166576	0.0336136	0.107973	0.000261852	0.00262743
136	0.0167145	0.000903457	0.00154464	0.00925813	0.00296305	0.000939161	0.000979566	0.161732	0.00105889	0.0971491	0.0482773	0.00144474	0.00121933	0.00179629	0.00154699	0.00294203	0.00380324	0.644537	0.000280561	0.000909795
137	0.0939832	0.000544318	0.0951458	0.221405	0.0013762	0.048521	0.00886184	0.00209641	0.124681	0.0144533	0.00136423	0.0415504	0.0252128	0.0903393	0.138161	0.0542166	0.0275175	0.00904764	0.000361638	0.0011613
138	0.00710988	0.00112843	0.000648987	0.000839269	0.0149993	0.000626164	0.000663897	0.446546	0.00162458	0.249941	0.0450777	0.000859953	0.00547673	0.00094609	0.00363551	0.0023944	0.00484978	0.211846	0.000186111	0.000600087
139	0.205614	0.000570243	0.0306873	0.0370118	0.0249902	0.040453	0.0129801	0.0478436	0.00670638	0.0814909	0.0633761	0.0237877	0.00613019	0.0116567	0.00659595	0.113812	0.154476	0.118163	0.0128814	0.000773459
140	0.0247179	0.000176278	0.000309122	0.000532754	0.00841429	0.00193662	0.000367975	0.344692	0.000372153	0.0448182	0.00809294	0.00210605	0.0022586	0.0018442	0.00321314	0.00788503	0.000820461	0.545718	0.000120311	0.00160373
141	0.126863	0.0221881	0.00377678	0.00185303	0.00444349	0.0910617	0.00805582	0.00609326	0.00234151	0.00403003	0.00706653	0.00803908	0.00218169	0.00214502	0.0051373	0.521702	0.174883	0.00345746	0.000494379	0.00418682
142	0.0610833	0.0032549	0.0478127	0.416198	0.00700509	0.111128	0.0134513	0.00915674	0.0434758	0.0162194	0.00702509	0.0502829	0.0165081	0.0495814	0.0446802	0.05283	0.025727	0.017362	0.00196701	0.00525115
143	0.111836	0.00732963	0.00788024	0.00526642	0.0101331	0.0197939	0.00820866	0.0287899	0.0106866	0.0167227	0.00927164	0.0479082	0.0118821	0.00571591	0.00780422	0.284667	0.37507	0.02182	0.00142475	0.00778795
144	0.0779398	0.00164352	0.0145264	0.00943918	0.002432	0.675534	0.00616371	0.00330021	0.0258481	0.00498825	0.00221096	0.0337925	0.00156485	0.0137349	0.0229	0.0778224	0.0178881	0.00637706	0.000576525	0.00131768
145	0.0412949	0.144618	0.0137923	0.011761	0.0552053	0.0146014	0.0152902	0.0193035	0.0135442	0.0499581	0.015839	0.0192378	0.00669519	0.0150984	0.0242337	0.0410021	0.0286358	0.030246	0.400597	0.0390461
146	0.124836	0.000453446	0.235387	0.13056	0.0240643	0.0311488	0.0363672	0.00866812	0.0394441	0.0195224	0.00372167	0.0319277	0.00632086	0.0816841	0.0374431	0.0870452	0.0338204	0.0181611	0.00581033	0.043614
147	0.0599109	0.00180233	0.084178	0.0814837	0.034625	0.0108487	0.0662944	0.040873	0.0126569	0.0788143	0.0218555	0.251585	0.00395883	0.0455946	0.018945	0.0801684	0.0587698	0.0302597	0.00314199	0.0142338
148	0.634891	0.00256008	0.0115204	0.0113175	0.00376086	0.0275001	0.00409782	0.0062437	0.0120608	0.0100284	0.00442636	0.0146541	0.0104533	0.0135392	0.0283992	0.143556	0.0368322	0.01904	0.000985969	0.00413304
149	0.145657	0.0014611	0.00350595	0.0645324	0.00368519	0.0247259	0.00493586	0.051194	0.11815	0.0845483	0.0239917	0.00505498	0.00378403	0.197556	0.182002	0.0128617	0.0179631	0.0506206	0.0011555	0.00261405
150	0.18507	0.000475436	0.0439297	0.041042	0.0221807	0.0361777	0.0157512	0.0541571	0.00824045	0.0769595	0.0556175	0.0304402	0.00625495	0.0137899	0.00816105	0.124959	0.170676	0.0926431	0.012636	0.000838636
151	0.00520451	0.00219671	0.000713366	0.000762442	0.334374	0.000930916	0.0607013	0.00238185	0.00105597	0.0214194	0.00154873	0.00413418	0.00379826	0.00779367	0.0116586	0.010067	0.00260614	0.00502574	0.00964	0.513987
152	0.0422947	0.0098787	0.0146145	0.0185221	0.0159195	0.0109671	0.0236848	0.0628171	0.0187214	0.0419624	0.017289	0.345407	0.00745234	0.0578977	0.0250526	0.0591989	0.0837992	0.130321	0.00418564	0.0100137
153	0.0667261	0.00436565	0.0193969	0.0382724	0.00274014	0.0195889	0.0324392	0.00886423	0.189798	0.0142642	0.0114881	0.0411419	0.000950908	0.0841193	0.264141	0.105211	0.0638897	0.0234707	0.000225899	0.00890531
154	0.0271963	0.000571612	0.0429852	0.033959	0.00202905	0.343019	0.0355664	0.00175099	0.0961946	0.00276725	0.00403436	0.204196	0.000598	0.0312046	0.0818505	0.0729075	0.0114195	0.0061514	0.000463657	0.00113433
155	0.017981	0.000900298	0.000597579	0.00321175	0.0299621	0.000741132	0.00296398	0.113092	0.000855881	0.665573	0.0549729	0.000763036	0.000400882	0.00065489	0.000951241	0.00247587	0.0144193	0.0839185	0.00259848	0.0029657
156	0.0250857	0.000181236	0.000322696	0.000441787	0.00844667	0.00193288	0.00036861	0.351191	0.000359877	0.0442115	0.00792318	0.00203341	0.00231497	0.00178224	0.00333907	0.00805133	0.00084631	0.539383	0.000117534	0.0016672
157	0.0667528	0.00512871	0.0221904	0.0416235	0.00299691	0.0104054	0.037685	0.00793113	0.189654	0.0133913	0.0104144	0.0421825	0.000476713	0.088999	0.275196	0.103465	0.0519819	0.0196662	0.000158481	0.00970064
158	0.0141676	0.00183938	0.00339393	0.0258793	0.025435	0.00468643	0.122986	0.00591002	0.124854	0.0289012	0.00491342	0.00911299	0.00282066	0.012242	0.488142	0.0132223	0.0112687	0.056939	0.00115562	0.0421304
159	0.0837349	0.00120248	0.00395511	0.00572933	0.00212065	0.0128502	0.00363514	0.00744871	0.00561291	0.00917286	0.00223749	0.00702447	0.720067	0.0124065	0.0116263	0.0503082	0.0428619	0.015271	0.00100344	0.00173126
160	0.221325	0.00156475	0.00344242	0.00547161	0.00505433	0.00408698	0.00419411	0.0122676	0.0327009	0.277608	0.191306	0.00576671	0.00253221	0.0111698	0.0674579	0.0782459	0.0101395	0.0606416	0.0013748	0.00364989
161	0.0594647	0.00439964	0.0175967	0.0309185	0.00365679	0.0105482	0.0315127	0.00743819	0.219151	0.0126718	0.0225096	0.0422466	0.00123807	0.0787069	0.282051	0.0943302	0.0482229	0.0234825	0.00042228	0.00943109
162	0.102591	0.00123921	0.0188073	0.026497	0.00493469	0.037852	0.00769655	0.00909434	0.0221966	0.0225139	0.00304061	0.0198275	0.44306	0.0572888	0.0623104	0.0739448	0.0533231	0.0242174	0.0036449	0.00592071
163	0.0295981	0.000314002	0.0504574	0.0297212	0.000905721	0.346492	0.0340375	0.00166936	0.114498	0.00130485	0.00391279	0.185948	0.000380166	0.0353509	0.0642919	0.0829053	0.0125219	0.00477896	0.000259363	0.000652564
164	0.0400237	0.000746975	0.415872	0.160037	0.011086	0.017583	0.00471608	0.0118793	0.00263952	0.00453304	0.00218008	0.153844	0.0434063	0.0445333	0.00591589	0.0342128	0.0289579	0.0148271	0.000622764	0.00238296
165	0.334065	0.00738259	0.0064062	0.00830992	0.00917198	0.00839055	0.00516676	0.0610316	0.0241772	0.0510994	0.0139409	0.00563986	0.010315	0.00815338	0.00793774	0.0791219	0.156099	0.197754	0.00155666	0.00427999
166	0.0067652	0.000846101	0.000822265	0.000957414	0.554838	0.000850798	0.00739971	0.0183984	0.00424774	0.161496	0.0176586	0.00224514	0.000633523	0.00457028	0.00298443	0.00764677	0.00485461	0.00561236	0.00916455	0.188008
167	0.00710988	0.00112843	0.000648987	0.000839269	0.0149993	0.000626164	0.000663897	0.446546	0.00162458	0.249941	0.0450777	0.000859953	0.00547673	0.00094609	0.00363551	0.0023944	0.00484978	0.211846	0.000186111	0.000600087
168	0.0868523	0.0462958	0.00542097	0.00564232	0.359125	0.00693772	0.0210628	0.0183993	0.00895302	0.0620172	0.0406265	0.0102496	0.00973874	0.011063	0.0128478	0.0304649	0.0477673	0.0900637	0.00883343	0.117639
169	0.718576	0.000660004	0.00206203	0.00552276	0.00110865	0.0411721	0.00106077	0.00252104	0.00691207	0.00305594	0.00102402	0.0070336	0.00555051	0.00853887	0.00993217	0.144382	0.0269156	0.0118123	0.000334176	0.00182561
170	0.0184805	0.00107191	0.00161119	0.00389563	0.0318717	0.00139037	0.00758126	0.106142	0.00226319	0.669111	0.044241	0.00334031	0.000828005	0.00295054	0.00264336	0.00390323	0.0138457	0.0775775	0.00260235	0.0046498
171	0.00535174	0.00198215	0.000832642	0.00102174	0.553282	0.00115764	0.0164036	0.00484673	0.0024369	0.0307263	0.00328408	0.00325089	0.00156572	0.00376432	0.00685414	0.00523034	0.00517175	0.00388103	0.0304551	0.318501
172	0.00927321	0.00249614	0.362073	0.0473759	0.00111856	0.00605873	0.00103854	0.0043066	0.00643867	0.00712972	0.000739159	0.484377	0.00406925	0.0102439	0.0089049	0.025688	0.0116508	0.00614279	0.000310502	0.00056501
173	0.0588975	0.00273928	0.0642349	0.47511	0.0122013	0.028695	0.0121455	0.0160519	0.028	0.0296366	0.01188	0.0468502	0.0158473	0.0557903	0.0336816	0.0454319	0.029521	0.0227289	0.00231198	0.00824444
174	0.00559252	0.0029036	0.341946	0.0394435	0.000826237	0.00412546	0.000762538	0.00444911	0.007359	0.00755028	0.000763329	0.525299	0.000583217	0.00747207	0.00942007	0.0244385	0.0101351	0.00604006	0.000294656	0.000595229
175	0.0319849	0.00139701	0.0041486	0.0657399	0.00314855	0.0242994	0.0120802	0.0203527	0.146876	0.100279	0.0238924	0.00850794	0.00303328	0.268721	0.186823	0.0242583	0.0448881	0.0239035	0.000891175	0.00477538
176	0.0479527	0.00309912	0.0180022	0.031275	0.00500315	0.0222553	0.0365011	0.00709458	0.311743	0.0101969	0.00862657	0.0503236	0.00131739	0.0688504	0.235933	0.0688598	0.0417321	0.0190375	0.0010015	0.0111954
177	0.106025	0.00132129	0.0206544	0.031124	0.00743329	0.0437546	0.00580027	0.0103013	0.0165721	0.0236045	0.00274173	0.0274045	0.425638	0.0421773	0.0367083	0.0922663	0.0636387	0.0279083	0.00628466	0.00864079
178	0.0868666	0.003154	0.0127895	0.0102231	0.00357915	0.598132	0.00571692	0.00451721	0.0193818	0.00588488	0.00499543	0.0265124	0.00682054	0.0138374	0.0199084	0.12106	0.0440754	0.00912192	0.000964772	0.00245826
179	0.122126	0.00155263	0.00973572	0.0147011	0.00341339	0.0369395	0.0057006	0.0139796	0.0114617	0.0192225	0.00505851	0.0118261	0.516388	0.0252855	0.0238194	0.0893424	0.0595237	0.0237368	0.00239937	0.00378672
180	0.194231	0.000580158	0.0360741	0.0414239	0.0198142	0.0434924	0.0128322	0.0553581	0.00903569	0.0737023	0.0520584	0.0263649	0.00783222	0.0112299	0.00650712	0.116408	0.161831	0.120456	0.0100519	0.000716209
181	0.122255	0.0271665	0.00427953	0.00352082	0.0379625	0.0307891	0.00841789	0.0293099	0.00616209	0.0134736	0.00587377	0.0136085	0.00763008	0.00550103	0.0229981	0.482722	0.133245	0.0163037	0.00183	0.0269508
182	0.0622792	0.00206864	0.0481032	0.428354	0.0101265	0.0160188	0.0143609	0.0157958	0.0296401	0.0401104	0.0136368	0.0512712	0.00557188	0.144835	0.0357757	0.0344696	0.0200561	0.0183741	0.00178049	0.0073715
183	0.0415965	0.00279687	0.0115518	0.0337546	0.00351533	0.00790945	0.0453003	0.00594291	0.168244	0.0116769	0.0100155	0.0303452	0.00143281	0.129419	0.355001	0.0518181	0.0529945	0.0236446	0.00043226	0.0126093
184	0.0753614	0.00126175	0.00354413	0.00799891	0.0559595	0.00260645	0.25783	0.00910367	0.0441513	0.00661217	0.00301519	0.209638	0.00155594	0.0528019	0.0906845	0.0970107	0.0138948	0.0157165	0.00881953	0.0424339
185	0.00894974	0.000983627	0.00144938	0.0016255	0.449597	0.00168534	0.0073114	0.00665126	0.00195422	0.0256141	0.00711167	0.00718647	0.000995107	0.00312422	0.00994929	0.00413792	0.00880972	0.00347337	0.0926681	0.356723
186	0.0732646	0.000820927	0.0133605	0.00938524	0.00209796	0.682883	0.00659568	0.0026177	0.0268148	0.00390962	0.00230609	0.0347167	0.00166233	0.0145609	0.0245093	0.0752779	0.0170272	0.0061727	0.000582315	0.00143436
187	0.0126559	0.0020678	0.000559473	0.00176687	0.0288058	0.00122692	0.00190718	0.235171	0.00207694	0.483076	0.0832111	0.000816812	0.00149244	0.00083969	0.00204235	0.00478231	0.0130284	0.120953	0.0014695	0.00205074
188	0.00625064	0.00132266	0.000824152	0.000893769	0.578631	0.000996353	0.00622682	0.0123977	0.00371761	0.119567	0.0117479	0.00266416	0.000590221	0.00364761	0.00471544	0.00502276	0.00722458	0.00509884	0.0206619	0.207798
189	0.0655723	0.0013681	0.00241382	0.00842599	0.0630263	0.00236891	0.24282	0.00970257	0.0673014	0.00522034	0.00261466	0.171074	0.00143841	0.0621231	0.127621	0.0814786	0.0166408	0.017195	0.0124457	0.0391483
