229	20
1	0.0401806	0.0324331	0.00328026	0.0180042	0.0576061	0.0374096	0.00640451	0.018622	0.00818221	0.170899	0.0483355	0.00764056	0.00402454	0.00658938	0.0837161	0.0310471	0.0202361	0.0226365	0.325527	0.0572255
2	0.0870051	0.0105802	0.09693	0.224856	0.00778343	0.0663335	0.0230151	0.00314413	0.0803477	0.0276431	0.00651138	0.0321986	0.00114355	0.142819	0.0659669	0.0443494	0.0365004	0.0397344	0.000984498	0.00215362
3	0.0412841	0.00378211	0.000390383	0.00197686	0.0458173	0.00488921	0.00579862	0.263711	0.00608168	0.27094	0.105859	0.000671011	0.0073138	0.00474214	0.00300084	0.0131601	0.0233684	0.188747	0.00066342	0.00780166
4	0.0201211	0.00962472	0.0179676	0.114528	0.00885513	0.00452318	0.0538723	0.0213808	0.100078	0.0399449	0.0339638	0.0276756	0.00644098	0.217683	0.192589	0.0471132	0.0263388	0.0279277	0.00423488	0.0251373
5	0.143333	0.0361673	0.00118786	0.00556482	0.0545588	0.0718065	0.00175762	0.104741	0.00129222	0.175653	0.0234896	0.00119345	0.00416871	0.00236974	0.00782393	0.0719102	0.048636	0.235791	0.00273885	0.00581681
6	0.0718986	0.00720639	0.00115453	0.00523529	0.0435962	0.0151014	0.00807814	0.122685	0.00767145	0.327485	0.13128	0.00216779	0.0121503	0.0095181	0.0111165	0.0359709	0.0460398	0.130958	0.00337146	0.00731438
7	0.0665878	0.00434311	0.000769899	0.0015376	0.0430708	0.00783987	0.00496751	0.269019	0.00502006	0.199982	0.0782382	0.000582235	0.00472311	0.00341399	0.00530721	0.0190115	0.0347067	0.241723	0.00198953	0.00716655
8	0.0328317	0.00399405	0.000509863	0.00237234	0.0531669	0.0035168	0.00667244	0.218041	0.00609116	0.349403	0.111993	0.00077016	0.0101481	0.00629867	0.00283878	0.0112382	0.0182753	0.154222	0.000580211	0.00703743
9	0.126378	0.0218389	0.000711406	0.00334395	0.0540677	0.0499632	0.00197911	0.157485	0.00189128	0.178664	0.0331451	0.000628345	0.00353647	0.00191488	0.00702926	0.053188	0.0479467	0.248004	0.00267236	0.00561338
10	0.148551	0.033296	0.00945738	0.0208578	0.0151889	0.203878	0.0145213	0.0189025	0.0286299	0.0285907	0.0106566	0.04504	0.0192015	0.0105279	0.0310829	0.224979	0.0679063	0.0478663	0.00811287	0.0127531
11	0.02287	0.0150784	0.000650238	0.00240892	0.332135	0.00630147	0.00885814	0.0689116	0.00625903	0.321856	0.0338461	0.00786277	0.00241016	0.00244259	0.00224395	0.0342051	0.0130314	0.0745239	0.00493007	0.0391757
12	0.119985	0.0483156	0.00127867	0.00493749	0.150846	0.034887	0.00563685	0.0614678	0.00192387	0.121416	0.027406	0.00664042	0.00544248	0.00178214	0.00283212	0.149065	0.158703	0.0735149	0.00785382	0.016066
13	0.0178268	0.0123651	0.000511044	0.00110328	0.235122	0.00514941	0.00597907	0.0970575	0.00630145	0.42694	0.04849	0.00213958	0.00540782	0.00397312	0.00164437	0.0301254	0.0095233	0.0808385	0.000739433	0.00876296
14	0.051967	0.0110098	0.0674454	0.172797	0.00930722	0.0352798	0.0393468	0.0132364	0.0798714	0.0388649	0.0216832	0.0322172	0.00508844	0.17837	0.112263	0.0445126	0.0318656	0.0358476	0.00405544	0.0149704
15	0.110471	0.0065603	0.00174565	0.00169946	0.0428186	0.0146348	0.00411635	0.247421	0.0045979	0.119057	0.0396086	0.000719482	0.00182979	0.00184466	0.00949543	0.0320262	0.0555396	0.294696	0.00497362	0.00614469
16	0.0199288	0.0158226	0.000552399	0.00099098	0.309683	0.00683875	0.00595002	0.078343	0.00579313	0.366822	0.0346749	0.0028279	0.00280541	0.00270467	0.00153793	0.0392723	0.0109552	0.0821404	0.000746725	0.0116098
17	0.0350773	0.00995615	0.000652983	0.00166414	0.155923	0.00782337	0.00610321	0.152798	0.00581728	0.359605	0.065521	0.00193118	0.00619156	0.00440388	0.00311177	0.025895	0.0179305	0.128395	0.00145567	0.00974313
18	0.0402633	0.0181376	0.000643779	0.0014918	0.259986	0.0136725	0.00518269	0.0891917	0.00492168	0.332244	0.0352699	0.00249418	0.00299729	0.00253746	0.00281734	0.0477472	0.0246877	0.103715	0.00136454	0.0106345
19	0.0250772	0.0176057	0.000558243	0.00117812	0.305652	0.00893562	0.00614504	0.075254	0.00537757	0.354877	0.0333416	0.00277313	0.00288696	0.0024914	0.00183273	0.0439954	0.013564	0.0860631	0.000837786	0.0115537
20	0.0999263	0.0437444	0.00109756	0.00398702	0.207301	0.028367	0.00568776	0.0587947	0.00254328	0.173372	0.0288999	0.00466964	0.00461607	0.00171564	0.00250299	0.118116	0.114194	0.0785849	0.00586033	0.0160196
21	0.294227	0.0206364	0.00244864	0.0160258	0.00494997	0.239293	0.00796975	0.0112883	0.0143895	0.011664	0.00578688	0.024987	0.0126362	0.00704481	0.0141704	0.194139	0.06289	0.0477436	0.00173897	0.0059714
22	0.0287019	0.0198165	0.0477882	0.0125873	0.015332	0.0985829	0.0125788	0.0440165	0.108892	0.0307245	0.0192249	0.088351	0.04129	0.00598533	0.0899795	0.245253	0.023673	0.0367987	0.0233858	0.00703782
23	0.0699269	0.00908226	0.0132316	0.0169686	0.0607522	0.00949782	0.0355088	0.0504133	0.0361669	0.164058	0.144995	0.0211215	0.0177951	0.056484	0.0515794	0.0550398	0.0636852	0.0829849	0.0138912	0.0268171
24	0.0974794	0.0304769	0.0243221	0.0581097	0.0350133	0.0414656	0.0661081	0.0291054	0.0511039	0.0586171	0.0317446	0.0300575	0.0142683	0.07731	0.119095	0.0791662	0.0433109	0.0600564	0.0142815	0.0389085
25	0.0270934	0.00591011	0.0144743	0.0919989	0.00732791	0.00340483	0.0270539	0.0160584	0.167335	0.0190608	0.0278971	0.0248681	0.0104249	0.194465	0.234482	0.0620628	0.0212502	0.030154	0.00186919	0.0128089
26	0.0496262	0.0345045	0.00682849	0.0136713	0.0492212	0.0587081	0.00812611	0.0225521	0.0128364	0.161206	0.03994	0.0144424	0.00854858	0.00675351	0.0642043	0.0659549	0.0280756	0.0336818	0.271741	0.0493778
27	0.153306	0.0419836	0.00212409	0.00942896	0.114075	0.0354825	0.0051926	0.0605835	0.00318273	0.11859	0.0228247	0.00531676	0.0123501	0.00265861	0.00501959	0.153425	0.127334	0.104928	0.00655257	0.0156411
28	0.378727	0.024059	0.00417549	0.00767776	0.0118803	0.0367108	0.0044014	0.0266252	0.00707784	0.019843	0.014267	0.00677127	0.0141089	0.00833064	0.00459458	0.223283	0.127728	0.0718357	0.00109031	0.00681311
29	0.0123146	0.0336473	0.00729464	0.00569047	0.210007	0.0095344	0.135202	0.00397739	0.00305849	0.0227372	0.0131922	0.013452	0.00172132	0.0021668	0.0202259	0.0219759	0.00476267	0.00610616	0.00795279	0.464981
30	0.0380309	0.0037725	0.000447363	0.00239371	0.0448528	0.00413089	0.00623174	0.249871	0.00584237	0.288328	0.117188	0.000778369	0.00805411	0.00567221	0.00284172	0.0116057	0.0210629	0.180834	0.000495273	0.00756641
31	0.113107	0.0309849	0.00324157	0.00545629	0.0358626	0.0808726	0.00502079	0.0473252	0.00462595	0.311076	0.0431417	0.0046632	0.00592971	0.00419545	0.0229662	0.0943092	0.0411902	0.131837	0.00585822	0.0083354
32	0.370794	0.0285786	0.00540332	0.0185486	0.00971036	0.0647972	0.00599162	0.0278302	0.0118906	0.0171515	0.00948134	0.013205	0.021534	0.0112503	0.0099845	0.208275	0.084777	0.0704731	0.00162039	0.00870318
33	0.0674787	0.00933287	0.185156	0.223419	0.0067744	0.0534466	0.0294821	0.00340885	0.0623979	0.026363	0.00536892	0.0441972	0.00632987	0.108878	0.0557796	0.0415032	0.029176	0.0352479	0.00245542	0.00380452
34	0.112294	0.0112002	0.00567444	0.0243879	0.0709173	0.01052	0.00933135	0.02901	0.0250174	0.113592	0.0407972	0.00781886	0.0407277	0.00687423	0.0131746	0.159329	0.0727714	0.0391805	0.0580666	0.149315
35	0.242685	0.0194113	0.00618588	0.0327553	0.022609	0.0689742	0.0116899	0.024667	0.0115969	0.0409405	0.0156641	0.0276473	0.0917296	0.0240177	0.0303333	0.159218	0.0911032	0.0530341	0.00501373	0.0207235
36	0.14958	0.031441	0.041012	0.00582987	0.0569585	0.0181026	0.00735798	0.200352	0.0308369	0.0353661	0.0244917	0.0312458	0.00505059	0.00468555	0.0220702	0.0282864	0.102728	0.184075	0.00600132	0.01453
37	0.045325	0.00695507	0.00150938	0.0109876	0.3189	0.00388877	0.0177633	0.0498808	0.00899717	0.143171	0.0358099	0.0335204	0.00222652	0.00245717	0.00909003	0.00983312	0.026507	0.0523877	0.0256059	0.195185
38	0.400684	0.0324004	0.0034521	0.011892	0.0111042	0.0361453	0.003362	0.0362482	0.00753006	0.0187373	0.00935066	0.00595508	0.0243604	0.0100696	0.00464566	0.208999	0.0893707	0.0749554	0.00106158	0.00967664
39	0.0397919	0.00381038	0.000418969	0.00224322	0.0442971	0.00454577	0.00601655	0.25305	0.00568615	0.286764	0.114802	0.000623794	0.00787329	0.00488583	0.0027993	0.0118956	0.0214234	0.181087	0.000528807	0.00745711
40	0.186415	0.0249415	0.00436141	0.0220575	0.00535777	0.264376	0.0137937	0.00680694	0.0247684	0.0156359	0.00667745	0.052375	0.0167214	0.00873557	0.0252438	0.210934	0.0615701	0.0400313	0.00194382	0.00725414
41	0.0249195	0.00849448	0.0121475	0.0287754	0.023157	0.0233598	0.0751518	0.0701819	0.0462278	0.184777	0.079733	0.0565276	0.00772966	0.102808	0.053141	0.0277844	0.0510118	0.07489	0.00958272	0.0395991
42	0.0360637	0.0038958	0.000429247	0.00207576	0.0508432	0.00381236	0.00623524	0.235037	0.0058405	0.322832	0.109925	0.000598616	0.00923735	0.00527109	0.00265971	0.0113585	0.0195257	0.166758	0.000553054	0.00704759
43	0.19338	0.0283731	0.00273029	0.00558457	0.0725252	0.0328573	0.0053524	0.043789	0.00394653	0.0751536	0.024676	0.00911845	0.00762675	0.00378368	0.00413537	0.208788	0.184217	0.0761734	0.00446452	0.013325
44	0.0725595	0.00929172	0.0134479	0.0175814	0.0598344	0.00933221	0.0356597	0.048803	0.03481	0.163027	0.145034	0.0205015	0.0186783	0.0555415	0.0518562	0.0559391	0.0629293	0.0853527	0.013355	0.0264665
45	0.157526	0.0319274	0.00107016	0.00564112	0.064626	0.0595841	0.00253433	0.100567	0.00172069	0.158319	0.0232679	0.00176796	0.00875406	0.00272034	0.00685653	0.093567	0.05662	0.212692	0.00272735	0.00751065
46	0.0168482	0.0133159	0.000524198	0.000976793	0.25765	0.00537965	0.00619199	0.0857332	0.0064091	0.427909	0.040402	0.00241582	0.00497235	0.00375558	0.00162414	0.0318637	0.00850196	0.0748408	0.000870115	0.00981524
47	0.0393959	0.0321054	0.00374524	0.0122085	0.103212	0.0306128	0.0129232	0.0211741	0.017496	0.148735	0.0391789	0.0137771	0.00471786	0.00747624	0.0656619	0.0377027	0.0207888	0.0289719	0.275976	0.0841397
48	0.432396	0.020497	0.00406759	0.00699701	0.0101243	0.0294953	0.00509222	0.0256958	0.00806632	0.0121593	0.0110371	0.0053552	0.0106129	0.0103396	0.00653302	0.176493	0.124144	0.0937305	0.00114539	0.00601742
49	0.155128	0.058513	0.0127233	0.0158928	0.0205255	0.0704088	0.0147894	0.0309384	0.025402	0.0360266	0.014447	0.033378	0.0547273	0.0147215	0.0295108	0.273956	0.0704071	0.0430178	0.00737591	0.0181111
50	0.032032	0.0195073	0.000957608	0.00325991	0.29497	0.00914446	0.00977319	0.0796518	0.00647119	0.295719	0.0358141	0.00859176	0.00278109	0.00324783	0.00419789	0.0364507	0.017938	0.0882944	0.00637	0.0448275
51	0.0679747	0.00644106	0.00111283	0.00476222	0.0483896	0.0133486	0.00782027	0.156773	0.00706189	0.296886	0.127227	0.00174536	0.00944586	0.00847524	0.00921091	0.0277575	0.0397361	0.155471	0.00279078	0.0075704
52	0.0356075	0.00866619	0.00378889	0.00632551	0.107203	0.00818579	0.0108259	0.156858	0.0182647	0.336665	0.0772277	0.00907126	0.00934161	0.0141361	0.0118495	0.0271137	0.0231796	0.120626	0.00380349	0.0112615
53	0.0499381	0.0041047	0.000453493	0.00190289	0.0457055	0.00653204	0.00550374	0.262241	0.00518401	0.244314	0.100529	0.000583178	0.00637088	0.00421983	0.00343753	0.0145855	0.0260632	0.209427	0.00101453	0.00788954
54	0.0506772	0.0292877	0.0418108	0.0441081	0.0887725	0.0267326	0.131363	0.0310555	0.0233115	0.0641382	0.0276903	0.0377591	0.0115804	0.0475845	0.0486062	0.059734	0.0357562	0.0445341	0.0111142	0.144384
55	0.0383122	0.00667864	0.00135107	0.002749	0.0759028	0.00667536	0.00738595	0.194721	0.0069697	0.337775	0.0975392	0.00214422	0.00869675	0.00630451	0.00513189	0.0200419	0.0225301	0.149112	0.00180921	0.0081697
56	0.205165	0.0209725	0.00445504	0.0207211	0.013152	0.291195	0.0109309	0.0183736	0.0166117	0.032861	0.00914548	0.0307274	0.0139512	0.00998414	0.0211508	0.152016	0.049703	0.06621	0.00381959	0.00885438
57	0.152809	0.0257975	0.00718554	0.0266482	0.00830651	0.270643	0.0155844	0.00780959	0.0276775	0.0208379	0.00814164	0.0569379	0.0205949	0.0133043	0.0299142	0.190425	0.0635383	0.0415937	0.00287777	0.00937328
58	0.0690278	0.0148114	0.0206618	0.0570725	0.0243406	0.0350739	0.0262557	0.0231951	0.0594788	0.0503291	0.0291325	0.0302128	0.0727291	0.147474	0.10706	0.110745	0.0465818	0.0443248	0.00827252	0.0232205
59	0.0155065	0.00706167	0.365359	0.243022	0.00326003	0.0196123	0.0478775	0.00300983	0.0267198	0.0174878	0.0027168	0.0730877	0.0187446	0.0466729	0.0253408	0.0357134	0.0154521	0.0212857	0.00533793	0.00673123
60	0.0895964	0.0310788	0.0317673	0.0286576	0.0168372	0.0613244	0.0306317	0.0364378	0.0252948	0.024833	0.0132985	0.0801334	0.0140234	0.00869276	0.0259488	0.296467	0.141602	0.0258698	0.00528416	0.0122214
61	0.0488249	0.00454907	0.000531738	0.00309728	0.0447903	0.0050175	0.00648135	0.238332	0.0052038	0.246808	0.140852	0.000731294	0.00737488	0.00462246	0.00318761	0.0123635	0.0231874	0.195203	0.000987381	0.00785447
62	0.421777	0.0237167	0.00451705	0.00879232	0.0102114	0.0320305	0.00466146	0.0309148	0.00866921	0.0136169	0.0107768	0.00629557	0.0150494	0.0130121	0.00667282	0.184194	0.114632	0.0823838	0.00137118	0.00670414
63	0.346761	0.0307965	0.00559181	0.0134625	0.0121757	0.0528877	0.00586105	0.0308837	0.0101233	0.0231736	0.0105441	0.0138708	0.038091	0.0132284	0.0103504	0.22862	0.0777863	0.0599384	0.00236434	0.0134894
64	0.0343125	0.0114587	0.00126086	0.00670936	0.334196	0.00493978	0.0156089	0.0546501	0.00771718	0.215324	0.0340791	0.0211427	0.00229545	0.00238211	0.00600123	0.0202924	0.0194318	0.0583627	0.0157903	0.134045
65	0.441255	0.0223553	0.00355071	0.00848834	0.00832467	0.0432967	0.00392429	0.024979	0.00985938	0.0114083	0.00986228	0.00644587	0.0145111	0.00933085	0.00482569	0.192534	0.103764	0.0749942	0.000913606	0.00537628
66	0.0380964	0.00362962	0.000395056	0.00225038	0.0428684	0.004459	0.00613715	0.258509	0.00610582	0.281205	0.115243	0.000689793	0.00788692	0.00506613	0.00266476	0.0124492	0.0219194	0.182396	0.000507325	0.00752203
67	0.0861058	0.0103974	0.106879	0.226748	0.00749581	0.0639696	0.0238408	0.00290946	0.0792096	0.0271083	0.00634677	0.033201	0.00158335	0.136882	0.0654541	0.0440612	0.0355093	0.0389693	0.00109389	0.00223556
68	0.0146469	0.00729502	0.366887	0.240221	0.00386877	0.0188318	0.0483193	0.00346508	0.027064	0.0175185	0.00334188	0.0729253	0.0189822	0.0448167	0.0252243	0.0370006	0.0161011	0.0205333	0.0058824	0.00707479
69	0.0558174	0.054805	0.0237681	0.0188099	0.0255564	0.0932858	0.0185166	0.0275847	0.0802725	0.0347556	0.0148983	0.0831476	0.0218601	0.0141741	0.0775347	0.242736	0.0468546	0.0310761	0.0194851	0.0150614
70	0.0878337	0.0106129	0.0963017	0.226113	0.00778098	0.0654841	0.0229797	0.00306075	0.0814359	0.0274783	0.00657494	0.0320468	0.00107587	0.140276	0.0670443	0.0443936	0.0366695	0.0397965	0.000937236	0.00210352
71	0.073121	0.0124968	0.00189095	0.00407286	0.0778827	0.0174268	0.00636198	0.189352	0.00583964	0.264743	0.066324	0.00278019	0.00690336	0.00639478	0.00766713	0.0337834	0.0347123	0.17582	0.00260545	0.009822
72	0.0413218	0.0338863	0.00359936	0.0141827	0.0602371	0.0448562	0.00952416	0.0179231	0.0121166	0.157506	0.0414904	0.00939652	0.00478343	0.00576455	0.0724598	0.0375689	0.0216992	0.0239591	0.312939	0.0747856
73	0.0554426	0.0110986	0.0329168	0.020842	0.0357744	0.019174	0.0272289	0.0668186	0.0776134	0.13482	0.0924566	0.0555106	0.0280775	0.0518959	0.0879548	0.0600806	0.0529876	0.0536815	0.0179003	0.0177254
74	0.0643594	0.0226971	0.0281468	0.0654978	0.0306089	0.0383329	0.0301899	0.0312065	0.059999	0.0573317	0.035458	0.0310292	0.0167536	0.0854001	0.138221	0.0835206	0.0785702	0.0540158	0.0219441	0.0267174
75	0.0223356	0.0156451	0.0117696	0.0794645	0.0115994	0.0085468	0.112703	0.0305219	0.0582337	0.0663895	0.0367145	0.0587913	0.00619935	0.192094	0.140127	0.0362136	0.025345	0.0355469	0.0115049	0.0402545
76	0.0224838	0.0172837	0.000570516	0.00106167	0.310275	0.00756963	0.00593268	0.0753667	0.00547856	0.360206	0.0341295	0.00278313	0.00270985	0.00255798	0.00162273	0.0422055	0.0130528	0.0823585	0.00082329	0.0115286
77	0.0216947	0.0165069	0.000562913	0.00106135	0.309309	0.00761999	0.00586069	0.0767318	0.00559962	0.362577	0.0338832	0.00280378	0.0027107	0.00257786	0.00161199	0.0407848	0.0117268	0.0840817	0.000758687	0.0115372
78	0.101473	0.0313969	0.00687899	0.0248567	0.00499855	0.216001	0.0180724	0.00724545	0.0402394	0.0164885	0.0117349	0.07725	0.0168455	0.0140941	0.0373491	0.239868	0.0878205	0.0366429	0.00188368	0.00886011
79	0.0201754	0.0116036	0.001334	0.00217425	0.223544	0.00559367	0.00733501	0.0943788	0.00697286	0.414266	0.0583305	0.00273158	0.00649735	0.0073651	0.00345976	0.0311481	0.0122437	0.0800974	0.00124294	0.00950588
80	0.126711	0.0186521	0.000697365	0.00305089	0.0532121	0.0442863	0.00231144	0.166631	0.00217183	0.165992	0.0371097	0.000568553	0.00414043	0.00198197	0.00675319	0.0493011	0.0467175	0.261556	0.00251922	0.00563551
81	0.0910153	0.0319502	0.00163451	0.00423983	0.0995729	0.038236	0.00530104	0.0725327	0.00260411	0.0949513	0.0294613	0.0171497	0.00419215	0.00238568	0.00437431	0.169428	0.234561	0.0700735	0.00522062	0.0211164
82	0.0262084	0.0107336	0.0236382	0.13503	0.00886343	0.0116865	0.0521794	0.0209622	0.0850858	0.0438735	0.0361502	0.0291902	0.0057059	0.211689	0.162743	0.0438373	0.027031	0.0326908	0.0053188	0.0273815
83	0.14464	0.0249404	0.000948903	0.00412136	0.0544269	0.0541879	0.00184477	0.137265	0.0016599	0.158378	0.0281695	0.000786462	0.00370151	0.00207007	0.00723655	0.0606633	0.0495213	0.257033	0.00273369	0.00567203
84	0.128477	0.0281711	0.00125537	0.00463522	0.0503132	0.0718018	0.00253374	0.0754478	0.00191354	0.251985	0.0382462	0.00189831	0.00516129	0.00233949	0.0106159	0.0751685	0.0565585	0.184036	0.00339166	0.00605086
85	0.408399	0.0196227	0.00402514	0.00680906	0.0133612	0.0338819	0.0055469	0.0280359	0.00737381	0.0179624	0.0118009	0.00530569	0.0102121	0.00949937	0.00785989	0.172192	0.126549	0.102951	0.00136338	0.0072483
86	0.141706	0.035195	0.000845762	0.00512006	0.0552777	0.0704581	0.00158045	0.109361	0.00113399	0.179514	0.0236918	0.000924805	0.00406705	0.00224536	0.00757305	0.0681394	0.0468528	0.238274	0.00260973	0.00543085
87	0.0429357	0.0134611	0.00566391	0.012144	0.205818	0.0100584	0.0249185	0.0492092	0.0219585	0.129483	0.0376595	0.048876	0.00596717	0.0163706	0.0408148	0.0271977	0.0289123	0.0591392	0.0557978	0.163615
88	0.113186	0.0073899	0.00196434	0.00186831	0.0427659	0.0159494	0.00430231	0.243265	0.00457278	0.117309	0.0380515	0.000924361	0.00203885	0.00223697	0.00993994	0.0336621	0.0548613	0.294554	0.00499344	0.00616374
89	0.0543675	0.0065505	0.000506423	0.00166439	0.0651368	0.00809203	0.00590515	0.254135	0.00485645	0.245632	0.080858	0.000617375	0.00536278	0.00359436	0.00414499	0.0184388	0.0267592	0.202982	0.00129048	0.00910623
90	0.0901501	0.0285212	0.0032994	0.00544626	0.0848123	0.0385282	0.00634798	0.0675584	0.00352562	0.0836437	0.0318127	0.0224122	0.00496569	0.00342867	0.00661209	0.172251	0.258949	0.0598103	0.00491671	0.0230085
91	0.111848	0.00701337	0.00154266	0.00171514	0.0430793	0.0158647	0.0039465	0.24431	0.00444708	0.121575	0.039469	0.000664977	0.00187987	0.00181606	0.00904667	0.0330837	0.055123	0.292701	0.00475642	0.00611795
92	0.0197238	0.011537	0.000470243	0.00116265	0.221645	0.00544234	0.00613156	0.108304	0.00627169	0.41923	0.0505689	0.00200781	0.00630465	0.00415115	0.00174124	0.0281911	0.00998309	0.0876429	0.000723244	0.00876707
93	0.0450646	0.00459468	0.000519341	0.00325634	0.0443702	0.00443413	0.00605428	0.234957	0.00491647	0.250122	0.150815	0.000739022	0.007374	0.00428644	0.00290235	0.0112438	0.0216152	0.193998	0.000817016	0.00792077
94	0.0215023	0.0164405	0.000559565	0.00109992	0.308331	0.00719739	0.0058615	0.0765036	0.0056486	0.364464	0.0351733	0.00281287	0.00278597	0.00272491	0.00161096	0.04059	0.012508	0.0817714	0.000829437	0.0115842
95	0.0850453	0.00517818	0.000728313	0.00128533	0.046803	0.0115825	0.00407924	0.262541	0.00441185	0.175353	0.0570209	0.000481298	0.00322589	0.00234422	0.00579284	0.0256296	0.0423611	0.256269	0.00279622	0.00707096
96	0.425231	0.0254575	0.00617969	0.00738461	0.0112356	0.0296533	0.00475392	0.0329618	0.00821433	0.012228	0.0101378	0.00591658	0.0120573	0.0091901	0.00779806	0.180119	0.111032	0.0923875	0.00110632	0.00695529
97	0.208901	0.0217867	0.00590251	0.0248083	0.00968914	0.295178	0.0106157	0.0114739	0.0182324	0.0243598	0.00785666	0.031737	0.0154138	0.0119622	0.0216097	0.159459	0.0515126	0.056485	0.00516351	0.00785246
98	0.109717	0.00661292	0.00168817	0.00167373	0.0430521	0.0147053	0.00392368	0.248377	0.00458235	0.120148	0.0396356	0.000724144	0.00186011	0.00186865	0.00922299	0.0322113	0.0553608	0.293682	0.00485423	0.00610132
99	0.133582	0.0298223	0.000738171	0.00414161	0.0535938	0.0610068	0.00172951	0.136411	0.00153165	0.175001	0.0264779	0.000774136	0.00336882	0.00212976	0.00734067	0.0593506	0.0475613	0.24709	0.00284666	0.0055019
100	0.0657054	0.0214519	0.0364409	0.0868478	0.0134404	0.0764457	0.0224718	0.0178407	0.114194	0.0257852	0.0182027	0.047698	0.0130888	0.0781222	0.0980828	0.163281	0.0470206	0.0358278	0.00619925	0.011853
101	0.0122484	0.0388757	0.00704977	0.0056756	0.218336	0.00852043	0.134239	0.00442326	0.00330467	0.0258342	0.0151457	0.0151958	0.00156847	0.00220123	0.0195238	0.0246122	0.0048624	0.00656567	0.00819039	0.443627
102	0.238156	0.0253395	0.0025115	0.00551694	0.0604393	0.0515321	0.00555377	0.0501164	0.00346616	0.0970788	0.0180764	0.00431208	0.00633534	0.0044083	0.00931592	0.127317	0.112509	0.157625	0.00374468	0.0166461
103	0.0855906	0.0107175	0.0924666	0.220787	0.00820119	0.0684418	0.0235441	0.00400339	0.0805995	0.0291033	0.00719372	0.0312971	0.00115782	0.144771	0.0655602	0.0439287	0.037942	0.0407274	0.00110946	0.00285715
104	0.0312288	0.00728664	0.0197368	0.0927644	0.0102788	0.00952214	0.026442	0.0175654	0.164644	0.0223301	0.0275156	0.0266317	0.00991351	0.178262	0.215254	0.0654619	0.0232258	0.0343953	0.00438568	0.0131554
105	0.107007	0.00970132	0.0063862	0.00415962	0.0396138	0.0146718	0.0054279	0.259547	0.00757312	0.099946	0.0344756	0.00436257	0.0128785	0.00351955	0.0107185	0.0449306	0.0755737	0.246878	0.00463246	0.00799713
106	0.0449936	0.0367097	0.0024773	0.0127314	0.058088	0.0401372	0.00464312	0.0152202	0.00636519	0.181817	0.0454925	0.00641149	0.00382748	0.00365956	0.0764986	0.0320774	0.0204762	0.0229837	0.31837	0.0670199
107	0.266588	0.0866099	0.00351083	0.00699002	0.010391	0.0275146	0.0122741	0.062843	0.00572855	0.0309834	0.00796692	0.00522765	0.0138212	0.007277	0.00658257	0.2036	0.049398	0.13131	0.00305596	0.0583273
108	0.0594614	0.0235205	0.0123585	0.0256693	0.0603895	0.030008	0.0237195	0.0657605	0.0254224	0.210156	0.0583391	0.0192834	0.0106931	0.0408864	0.0679142	0.05457	0.039629	0.080321	0.06021	0.0316885
109	0.0251508	0.0251008	0.00493939	0.00779675	0.132985	0.0120138	0.032468	0.0175172	0.11633	0.0361405	0.0127506	0.0362206	0.00561401	0.0296919	0.115033	0.0801303	0.017207	0.0210062	0.129231	0.142673
110	0.0524355	0.131479	0.00440187	0.00532178	0.0984103	0.00813879	0.0269952	0.0373757	0.0462793	0.0981359	0.00911428	0.0168981	0.00667469	0.0240114	0.0929323	0.208614	0.0279909	0.0193457	0.0362819	0.0491631
111	0.260628	0.0184106	0.00225756	0.0182407	0.00504588	0.306285	0.00875582	0.00637652	0.0142946	0.0121749	0.00529167	0.0272996	0.0114145	0.00635388	0.0161414	0.179493	0.0478627	0.045585	0.00239372	0.00569534
112	0.0456253	0.00735896	0.00158643	0.0113985	0.318539	0.00398103	0.0180169	0.0491824	0.00931242	0.143822	0.0353631	0.0334834	0.00248252	0.00251886	0.00925322	0.0110735	0.02601	0.0511514	0.0254902	0.19435
113	0.0861362	0.010421	0.0948228	0.222109	0.00776145	0.063842	0.0231504	0.00319452	0.0839395	0.0271383	0.00687818	0.0315265	0.0012157	0.142369	0.0718296	0.0446012	0.0361971	0.0395306	0.000932073	0.00240527
114	0.0745175	0.0057403	0.0012485	0.00237085	0.0433063	0.0113133	0.011592	0.24599	0.00496871	0.207189	0.0751408	0.00145143	0.00471012	0.00408947	0.00962475	0.0214265	0.0362136	0.225792	0.0028922	0.010422
115	0.103602	0.00629771	0.00122983	0.00148269	0.0435008	0.0144626	0.00377228	0.250826	0.00435372	0.136756	0.0442322	0.000569014	0.00220089	0.00194531	0.00798308	0.0315024	0.0516582	0.283334	0.00413495	0.00615654
116	0.0877933	0.0106072	0.0968318	0.226506	0.00773329	0.0655207	0.0229891	0.00298082	0.0812529	0.0274052	0.00652992	0.032053	0.000999756	0.140164	0.0669098	0.044395	0.0365163	0.0397578	0.000943314	0.00211164
117	0.109988	0.00655028	0.00174379	0.00170149	0.0429354	0.0145344	0.00415624	0.247809	0.00462285	0.120071	0.0402895	0.000717796	0.00187938	0.00185537	0.00943694	0.0319093	0.0553008	0.293372	0.00494582	0.00618235
118	0.024329	0.0249482	0.0116957	0.0836401	0.0157847	0.0121331	0.0826427	0.042831	0.0414154	0.100853	0.0460406	0.0519085	0.00692839	0.17881	0.102455	0.0328714	0.0281352	0.0487512	0.0196452	0.0441809
119	0.0268177	0.00927325	0.000623794	0.00196775	0.161234	0.00562322	0.00661197	0.145216	0.00648576	0.385822	0.0724117	0.00245532	0.00692395	0.00531877	0.00292873	0.0227928	0.0144385	0.11175	0.00149696	0.00980798
120	0.131311	0.0304276	0.0042557	0.0247972	0.00313255	0.259011	0.0177486	0.00460327	0.0340735	0.0154427	0.00614334	0.0644686	0.0156596	0.00963854	0.0333295	0.229366	0.0697978	0.0376731	0.00150251	0.00761804
121	0.0323898	0.00697823	0.0215249	0.0342112	0.0437818	0.0275054	0.0474026	0.0735239	0.0342742	0.182588	0.115217	0.0437488	0.0121925	0.0780759	0.0502386	0.0406319	0.0501532	0.0580493	0.00991976	0.037593
122	0.0677454	0.00733482	0.000800596	0.00231612	0.0449248	0.0114917	0.00839139	0.242186	0.00474952	0.234649	0.0851439	0.000650055	0.00574873	0.00377052	0.0074114	0.0220069	0.0319092	0.208212	0.00201883	0.0085385
123	0.0121865	0.0342917	0.0073392	0.0057327	0.210904	0.00858652	0.135905	0.00383151	0.00276536	0.0219364	0.0128411	0.0132851	0.00159137	0.00201909	0.020416	0.0218649	0.00440307	0.00573813	0.00694942	0.467412
124	0.071135	0.00905061	0.176591	0.223066	0.00626412	0.0558872	0.0290785	0.00283061	0.0655722	0.0268631	0.00516902	0.0418349	0.00506303	0.114412	0.057553	0.0412759	0.0294135	0.0338151	0.00207535	0.00304968
125	0.116813	0.0405426	0.0353685	0.00836601	0.0419403	0.0189619	0.0318645	0.0531256	0.0275014	0.115683	0.051263	0.0222279	0.0174784	0.0311331	0.0598104	0.103672	0.053766	0.11517	0.0196095	0.0357032
126	0.0186034	0.0139219	0.00051948	0.00108732	0.276859	0.00580681	0.00617826	0.0813729	0.00643735	0.405344	0.037695	0.00299213	0.00409151	0.00333685	0.00166613	0.033925	0.00977528	0.0761438	0.00111976	0.0131231
127	0.0120738	0.0341473	0.0073865	0.00570406	0.21048	0.00864154	0.136036	0.00368405	0.0027615	0.0216962	0.0127788	0.0132609	0.0015773	0.00200079	0.0202238	0.0218769	0.0043433	0.00562621	0.00694922	0.468752
128	0.275828	0.0269613	0.00843082	0.0129884	0.0273305	0.0530419	0.00937896	0.0388219	0.0116904	0.0361295	0.0171233	0.0173698	0.0136541	0.0101606	0.0120207	0.198871	0.143611	0.0720996	0.00354996	0.0109382
129	0.0344459	0.0113576	0.0219583	0.0734365	0.0161062	0.0216966	0.024768	0.0257075	0.161148	0.0262436	0.0317247	0.0465505	0.0127955	0.131461	0.192286	0.08217	0.0260688	0.0324515	0.0119054	0.0157178
130	0.414544	0.0267816	0.00494703	0.0133496	0.0143444	0.0333776	0.00491971	0.0301921	0.0135102	0.0153629	0.016863	0.0154095	0.0241973	0.0142432	0.00794699	0.176296	0.0868018	0.0774517	0.00169545	0.00776585
131	0.129698	0.00773672	0.00466345	0.028211	0.0338162	0.0775249	0.0132076	0.00977263	0.00597397	0.0625887	0.0205797	0.0434447	0.145839	0.0338653	0.0578316	0.158056	0.0792769	0.058408	0.00387238	0.0256333
132	0.130554	0.0144383	0.000964673	0.00268021	0.0502921	0.032388	0.00266706	0.196768	0.00287823	0.138765	0.0348368	0.000572527	0.0027426	0.001786	0.00744903	0.0476724	0.0513312	0.271766	0.00343025	0.00601707
133	0.405344	0.0204793	0.00385082	0.00678178	0.0100864	0.0330787	0.00408838	0.0256644	0.00756062	0.0151162	0.012013	0.00616991	0.0111234	0.009046	0.00468921	0.207368	0.130613	0.0799884	0.000995517	0.00594278
134	0.0232394	0.017943	0.000623255	0.00127148	0.308266	0.00829697	0.00595895	0.0749665	0.00544905	0.357702	0.0334989	0.00285332	0.00290216	0.00257048	0.00180576	0.043926	0.0133891	0.0828624	0.000832653	0.0116425
135	0.13976	0.0274126	0.00155989	0.00523151	0.0534034	0.0523801	0.00274758	0.142343	0.00175679	0.153892	0.0256457	0.000877508	0.00304894	0.0031452	0.00981522	0.0546383	0.047371	0.263942	0.00367401	0.00735569
136	0.105785	0.0134153	0.00138697	0.00272075	0.0500073	0.0341039	0.00441649	0.180965	0.00298229	0.210435	0.0340009	0.00128513	0.00317285	0.00216745	0.0127464	0.0462525	0.053623	0.223664	0.0067352	0.0101341
137	0.0526634	0.00971304	0.0024144	0.0110533	0.29798	0.00576024	0.0190459	0.0473474	0.0101362	0.140957	0.0343364	0.0295738	0.00439756	0.00334899	0.0109395	0.0206976	0.0346413	0.0523852	0.0247744	0.187834
138	0.101062	0.0342349	0.0171785	0.00778431	0.0454504	0.00943546	0.0617247	0.0314662	0.028368	0.12087	0.077378	0.0194844	0.0224435	0.0392175	0.0553763	0.107076	0.0452352	0.104969	0.0197801	0.0514655
139	0.138245	0.020816	0.0161273	0.00628729	0.0474803	0.0208614	0.00918047	0.188649	0.0106295	0.0811354	0.0294931	0.00926923	0.00224293	0.00406395	0.0248773	0.0329152	0.0747675	0.260726	0.00880015	0.013433
140	0.00980855	0.00700712	0.382221	0.240645	0.00329445	0.0162376	0.0500077	0.00414645	0.0246573	0.0171058	0.00360155	0.076891	0.0201555	0.0385295	0.0234462	0.0359272	0.0144148	0.019101	0.00582039	0.00698256
141	0.107277	0.00718391	0.00416518	0.00314494	0.0367283	0.0132763	0.00902975	0.241184	0.00491916	0.10275	0.0345665	0.00207098	0.00212122	0.00551547	0.0213919	0.0269131	0.0535592	0.311265	0.00540029	0.00753673
142	0.180421	0.0582865	0.0461752	0.00662817	0.0606049	0.0316877	0.00686737	0.136307	0.0431962	0.0327199	0.0330276	0.0425088	0.00375337	0.00648455	0.0281316	0.0363914	0.107409	0.113752	0.0056715	0.0199765
143	0.0971836	0.00581982	0.00143729	0.00147879	0.0442207	0.0129421	0.00406255	0.259809	0.0045084	0.140139	0.0445873	0.0006582	0.00227421	0.00213632	0.00805451	0.0286857	0.0500104	0.281438	0.00399246	0.00656189
144	0.221526	0.0569793	0.00965563	0.0118127	0.0323924	0.0395694	0.0108098	0.0487437	0.0102191	0.0370335	0.0132046	0.0153092	0.0324725	0.00912796	0.0134614	0.245886	0.119809	0.0536298	0.00413785	0.0142196
145	0.046732	0.00768464	0.00151386	0.0107852	0.312069	0.00390876	0.0188179	0.0482496	0.00929309	0.142475	0.0370873	0.0343752	0.00254992	0.00249779	0.00962889	0.0106298	0.0265799	0.0527925	0.0275918	0.194738
146	0.113665	0.00779123	0.00129574	0.00167366	0.0438405	0.0178093	0.00367941	0.23966	0.00423798	0.12592	0.0392179	0.000605503	0.00199256	0.00173649	0.00852974	0.035493	0.0541813	0.288051	0.00443964	0.00618018
147	0.0454858	0.00658096	0.0011363	0.00275962	0.0681702	0.00777411	0.00698566	0.207378	0.00609278	0.299682	0.101766	0.00169753	0.00771587	0.00596392	0.00520701	0.0180285	0.024538	0.172293	0.0015375	0.00920736
148	0.0205116	0.0159015	0.00061144	0.00110575	0.312592	0.00694148	0.00607829	0.0765111	0.00577389	0.362967	0.0340848	0.00328752	0.00273429	0.00270057	0.00174002	0.0392894	0.0112964	0.0814983	0.00103178	0.0133424
149	0.123678	0.0119646	0.00148494	0.00240167	0.0476714	0.0260796	0.00350954	0.218484	0.00353955	0.131072	0.0360526	0.000814323	0.0023315	0.00195027	0.00878118	0.0391786	0.0519788	0.277693	0.00416364	0.00717077
150	0.132735	0.0457963	0.00521788	0.00806647	0.0434677	0.103362	0.00788758	0.0880635	0.00692171	0.13924	0.0233632	0.0065118	0.00586877	0.0054074	0.0169887	0.0651106	0.0444929	0.210201	0.0253645	0.015933
151	0.212487	0.0228531	0.00302555	0.0217641	0.00461514	0.31787	0.0110128	0.0049436	0.0197228	0.0130423	0.0052541	0.0372534	0.012121	0.00705986	0.0212559	0.184842	0.0516906	0.0408945	0.00218582	0.00610609
152	0.0519205	0.00408485	0.000401803	0.00167598	0.0461242	0.00651355	0.00556606	0.270904	0.0050421	0.241107	0.0919097	0.000525294	0.00595428	0.00384903	0.00370829	0.01477	0.0267107	0.2099	0.00104798	0.00828532
153	0.141959	0.0350811	0.000908275	0.00515733	0.0565167	0.0685372	0.00164031	0.112552	0.00110592	0.175507	0.0232074	0.000895041	0.0039993	0.00233942	0.00752867	0.067505	0.0470374	0.240147	0.00271808	0.00565656
154	0.0326157	0.00795156	0.0162247	0.0316927	0.0315973	0.0183099	0.0436928	0.0763329	0.0395554	0.183498	0.113807	0.0514344	0.0115271	0.103973	0.0530518	0.0420313	0.0527416	0.0517958	0.00935398	0.0288135
155	0.00857653	0.00687059	0.389349	0.244676	0.00298641	0.0155434	0.0506021	0.0031658	0.0222862	0.0165444	0.00252071	0.0764933	0.0204055	0.0376898	0.0213661	0.0352502	0.0139113	0.0188524	0.00575667	0.00715312
156	0.120803	0.0119459	0.000795657	0.00196097	0.047481	0.0272941	0.00281976	0.213796	0.00310997	0.141113	0.0380544	0.000475587	0.00244043	0.00157735	0.00729871	0.0423217	0.0519262	0.275335	0.00344421	0.00600705
157	0.173043	0.119131	0.00489911	0.00628376	0.014572	0.019032	0.0220559	0.0829902	0.00657422	0.057022	0.00987332	0.00559529	0.00503072	0.00555724	0.0103324	0.151573	0.0228985	0.201921	0.00569048	0.075925
158	0.343658	0.0363233	0.00496466	0.0121591	0.0106192	0.0400747	0.00511222	0.0355403	0.007777	0.0237695	0.00991604	0.00921685	0.0429308	0.0167735	0.00795581	0.25086	0.0686559	0.0539477	0.00241112	0.0173336
159	0.0710647	0.00477857	0.000555803	0.00143766	0.0477329	0.0103021	0.0047729	0.26708	0.00452585	0.201487	0.0696437	0.000474802	0.00424443	0.00292674	0.00503986	0.0205389	0.0349941	0.237994	0.00206374	0.00834271
160	0.0398996	0.00364848	0.000356992	0.00205209	0.0447742	0.00427447	0.00605565	0.264058	0.00570972	0.271236	0.111782	0.000600963	0.0076454	0.00486345	0.00273791	0.0118382	0.0224623	0.187515	0.000503972	0.00798714
161	0.137044	0.0152581	0.00315215	0.0284058	0.0176586	0.151508	0.0171464	0.00624962	0.0142984	0.0408584	0.0126882	0.0513887	0.106835	0.0322238	0.0467591	0.170214	0.0864783	0.0390608	0.00249212	0.02028
162	0.0966339	0.0181721	0.059131	0.140978	0.00692596	0.13105	0.024409	0.00570469	0.0714937	0.024887	0.00775554	0.0401354	0.00863267	0.103147	0.0584465	0.101343	0.0527838	0.0417866	0.00161218	0.0049716
163	0.0135478	0.0373303	0.00634939	0.00539117	0.239652	0.00740429	0.12567	0.00824773	0.0039851	0.0412187	0.0201249	0.0171174	0.00165776	0.0020818	0.0170924	0.0250828	0.0063165	0.0100079	0.0108681	0.400853
164	0.0451029	0.0245228	0.0380906	0.0154017	0.0105031	0.101228	0.0147216	0.024358	0.0804657	0.0234728	0.0111741	0.122024	0.0252901	0.00657446	0.0514202	0.310909	0.0467813	0.0274849	0.0128978	0.00757782
165	0.018117	0.0148537	0.000527659	0.00110508	0.285265	0.00583728	0.00669434	0.0815674	0.00662166	0.394078	0.0375811	0.00339688	0.00391992	0.003224	0.00164663	0.0338804	0.00948782	0.0759833	0.00142423	0.0147891
166	0.0388913	0.00363366	0.000374175	0.0021473	0.0437997	0.00427435	0.00621457	0.263333	0.00581721	0.273991	0.112849	0.00060138	0.00792342	0.00506494	0.00275071	0.0120575	0.0221441	0.185921	0.000491445	0.00772159
167	0.00857653	0.00687059	0.389349	0.244676	0.00298641	0.0155434	0.0506021	0.0031658	0.0222862	0.0165444	0.00252071	0.0764933	0.0204055	0.0376898	0.0213661	0.0352502	0.0139113	0.0188524	0.00575667	0.00715312
168	0.0406056	0.011895	0.00220639	0.0103077	0.292146	0.00552751	0.0250563	0.0399228	0.0225448	0.127571	0.038142	0.0302274	0.00350994	0.00531669	0.0179486	0.0222753	0.0238724	0.043366	0.0443383	0.19322
169	0.00853714	0.00687079	0.388673	0.244483	0.0030216	0.015606	0.0506792	0.0032598	0.0222301	0.0166559	0.00261338	0.0764758	0.0206454	0.0376077	0.0214376	0.0353612	0.0140247	0.0188767	0.00576422	0.00717664
170	0.0337788	0.0112941	0.0349372	0.146535	0.0103288	0.0169534	0.0472971	0.0151361	0.102216	0.0334681	0.0278515	0.0258965	0.0053846	0.195834	0.165191	0.0464759	0.0312948	0.0302238	0.00278548	0.0171173
171	0.0857118	0.115962	0.0355731	0.0187221	0.050514	0.0494406	0.033334	0.0523961	0.0176356	0.0356285	0.0159131	0.0233481	0.0114764	0.0145852	0.0448267	0.202501	0.142228	0.0297	0.00576429	0.0147387
172	0.0428819	0.0306338	0.00456539	0.014267	0.0522706	0.0422454	0.00849011	0.0276789	0.00978635	0.179355	0.0529372	0.00964104	0.00558777	0.00976398	0.0743056	0.0341559	0.0241733	0.029896	0.295381	0.0519845
173	0.0396338	0.0192239	0.0974908	0.0842958	0.0444968	0.0298765	0.124595	0.0261155	0.0336833	0.0581227	0.0277945	0.0720351	0.0135159	0.0615719	0.0566271	0.0673529	0.0338316	0.0375642	0.0109253	0.0612475
174	0.0568094	0.00458232	0.000522902	0.00167748	0.0461861	0.00761394	0.00567446	0.270169	0.00491576	0.230178	0.086075	0.000546078	0.00539761	0.00372468	0.00431569	0.0163823	0.0287954	0.215979	0.0013518	0.00910334
175	0.124848	0.0184673	0.00366916	0.00484091	0.0859912	0.0241172	0.00768078	0.149933	0.00538019	0.128866	0.0333845	0.00651698	0.00392325	0.00376981	0.0113969	0.0540599	0.0740391	0.216574	0.0124125	0.0301298
176	0.0694857	0.0218433	0.0165516	0.0301454	0.0410886	0.0305689	0.0283971	0.0511067	0.0372777	0.0905547	0.0777428	0.0282783	0.0163319	0.0492154	0.0938764	0.0706161	0.112963	0.0802795	0.0236589	0.0300182
177	0.0091617	0.00686543	0.387082	0.24522	0.00299169	0.0157602	0.0505834	0.00314457	0.0226324	0.0166002	0.00252944	0.0760483	0.0201884	0.0383385	0.0216239	0.0353597	0.0139826	0.0189941	0.00572616	0.00716706
178	0.0386475	0.00369735	0.000377212	0.00213304	0.0458664	0.00411754	0.00621604	0.259942	0.00584798	0.279785	0.113007	0.000590791	0.00797158	0.00494392	0.00269467	0.0113653	0.021559	0.182707	0.00044403	0.00808636
179	0.116132	0.0828277	0.0501203	0.106058	0.0630134	0.053378	0.0124382	0.0482671	0.0371116	0.0739777	0.0272549	0.0112185	0.00457945	0.0781598	0.0692286	0.0441091	0.0876154	0.0215102	0.00455782	0.00844166
180	0.037468	0.00356998	0.000393425	0.0022105	0.0427911	0.00446921	0.00607734	0.261	0.00605563	0.281899	0.114822	0.00063522	0.00788312	0.00506926	0.00265978	0.0120006	0.0214675	0.181426	0.000486645	0.00761623
181	0.15294	0.0310782	0.051013	0.0477564	0.0192315	0.062461	0.0202868	0.0276979	0.0347118	0.034357	0.0166363	0.0437104	0.018533	0.030413	0.0358582	0.233568	0.0743121	0.0459331	0.00611259	0.0133892
182	0.00857653	0.00687059	0.389349	0.244676	0.00298641	0.0155434	0.0506021	0.0031658	0.0222862	0.0165444	0.00252071	0.0764933	0.0204055	0.0376898	0.0213661	0.0352502	0.0139113	0.0188524	0.00575667	0.00715312
183	0.021158	0.0253067	0.0321849	0.0474353	0.142299	0.0119722	0.110053	0.017224	0.0172393	0.0449715	0.020283	0.0244684	0.0051015	0.0401516	0.0398336	0.0289867	0.015646	0.0225809	0.0111238	0.321981
184	0.0566012	0.00610976	0.000803114	0.00466224	0.0441808	0.00851862	0.00654578	0.219947	0.00516429	0.245838	0.136275	0.000893547	0.00753193	0.00470441	0.00452783	0.0167024	0.02761	0.194323	0.00129242	0.0077685
185	0.0443212	0.00715368	0.00102385	0.00442562	0.0477137	0.00422242	0.00708525	0.203492	0.00632204	0.245501	0.190624	0.00138353	0.00830277	0.00645914	0.00474018	0.0127765	0.0250162	0.167926	0.00139933	0.0101115
186	0.0126181	0.0339984	0.00735281	0.00579332	0.209786	0.00853634	0.135567	0.00411097	0.00291041	0.0222263	0.0127901	0.0133876	0.00166359	0.00204277	0.0209348	0.0217031	0.00449904	0.0061098	0.00720444	0.466765
187	0.0534598	0.00496357	0.000502821	0.00192831	0.0456883	0.00771334	0.00539993	0.261868	0.00526165	0.244481	0.0917646	0.000655445	0.0062112	0.00423293	0.00386313	0.0166181	0.0290256	0.207198	0.00134409	0.00782072
188	0.039576	0.00413884	0.00042676	0.00292043	0.0456618	0.00378643	0.00625592	0.239466	0.00539618	0.273271	0.140966	0.000717455	0.0079771	0.00482606	0.00259307	0.0107476	0.0201795	0.182994	0.000530761	0.00756907
189	0.0633845	0.0186948	0.0466853	0.0167007	0.0519497	0.0288224	0.0436456	0.0479766	0.0266828	0.127029	0.0689665	0.0244576	0.0408642	0.0364895	0.0622368	0.114871	0.0550173	0.0662588	0.0166351	0.042633
190	0.0763381	0.00735697	0.00377455	0.0115775	0.0503189	0.0076842	0.0190056	0.148349	0.0118422	0.216673	0.146857	0.00502576	0.0153235	0.0165403	0.015727	0.0278216	0.0362141	0.165807	0.00475773	0.0130054
191	0.0404349	0.00511546	0.000513388	0.00245696	0.062595	0.00470248	0.00633053	0.222672	0.00587935	0.309605	0.110748	0.00105729	0.00859983	0.00553954	0.00325796	0.0142066	0.0215264	0.166214	0.000918867	0.00762598
192	0.0741267	0.019029	0.0487117	0.0230899	0.0622075	0.0171682	0.0430607	0.0335443	0.0213616	0.128693	0.0559284	0.0188747	0.0464654	0.0405914	0.058136	0.100924	0.0525578	0.0851918	0.0250768	0.0452615
193	0.00862125	0.00690829	0.389132	0.243917	0.0030269	0.0154109	0.0506536	0.00322979	0.0222223	0.0168834	0.00254027	0.0762166	0.0205895	0.0376839	0.0214522	0.0354094	0.0139623	0.0189116	0.00599255	0.0072368
194	0.240389	0.0185392	0.00298112	0.0176997	0.00748307	0.33747	0.00935772	0.00818174	0.0133797	0.0171093	0.00718098	0.0258186	0.0111068	0.00663272	0.0167837	0.148472	0.0394938	0.0604374	0.00432013	0.00716333
