226	20
1	0.0370455	0.00153775	0.00276713	0.0728564	0.00108788	0.0116246	0.0447383	0.00297175	0.454363	0.0150312	0.0338915	0.0129785	0.00241191	0.0614673	0.17485	0.0246492	0.0218583	0.0149899	0.000815426	0.00806433
2	0.00599022	0.000838995	0.000780158	0.000967262	0.20598	0.00107719	0.000778156	0.293745	0.00405023	0.250812	0.0670765	0.000848812	0.00398145	0.000773848	0.000824038	0.0013675	0.00662061	0.118159	0.000477295	0.034852
3	0.0203024	0.0145105	0.000719646	0.00488388	0.00753812	0.00134321	0.000762351	0.47525	0.00534954	0.160102	0.08655	0.00094506	0.000499225	0.0018417	0.00109728	0.00310016	0.0286491	0.176577	0.000199098	0.0097795
4	0.09055	0.00330632	0.288966	0.0844798	0.00197795	0.0401289	0.0330031	0.00384273	0.0887648	0.0170206	0.00381619	0.13235	0.00989306	0.0650236	0.048864	0.0338164	0.0357545	0.0130021	0.000723123	0.00471701
5	0.0971003	0.00298576	0.367608	0.0612865	0.000443625	0.0502824	0.0344377	0.000825475	0.0708178	0.0163516	0.000794642	0.14641	0.00287335	0.0443887	0.0383197	0.0307018	0.0298717	0.00389874	0.000152627	0.000449642
6	0.0910013	0.0198104	0.00365812	0.020985	0.00331143	0.035751	0.00357931	0.022294	0.0523359	0.00786153	0.00541327	0.00430694	0.467114	0.0205321	0.00404533	0.0245621	0.0258339	0.183748	0.000769231	0.00308742
7	0.13476	0.0700749	0.000852212	0.00117541	0.129061	0.00187928	0.00112643	0.153676	0.0039652	0.144473	0.0620813	0.0012372	0.000846125	0.0012732	0.000913034	0.00523168	0.0265364	0.234083	0.000330655	0.0264241
8	0.0613927	0.0125073	0.00502441	0.046176	0.00594461	0.00600284	0.00589037	0.103676	0.0360891	0.228568	0.0178185	0.00536735	0.0180592	0.017683	0.026151	0.0115129	0.0389668	0.337734	0.00381088	0.0116246
9	0.0906754	0.00215828	0.262159	0.212714	0.00803497	0.00893209	0.0132022	0.00602156	0.0339382	0.0108037	0.00346515	0.0328813	0.0499784	0.0586157	0.0201715	0.077643	0.0769836	0.0273439	0.000255663	0.00402276
10	0.0191292	0.000905667	0.276728	0.567446	0.000903139	0.00826596	0.00382028	0.00186302	0.0239388	0.00613953	0.00509696	0.00464071	0.0138868	0.0457203	0.00114117	0.0064077	0.0100736	0.00268905	0.000243259	0.000960205
11	0.24386	0.0232141	0.00489444	0.0561363	0.00317687	0.0101293	0.00451431	0.00912156	0.00495788	0.0701638	0.104181	0.0267404	0.00281596	0.0526764	0.00424522	0.211903	0.131349	0.0317347	0.00122487	0.00296076
12	0.0110342	0.00383158	0.000605534	0.000835538	0.0234559	0.00112944	0.00088924	0.0966924	0.000888308	0.690624	0.0516692	0.000722887	0.000500321	0.00210302	0.000615067	0.00143609	0.00626143	0.103189	0.000206177	0.00331145
13	0.120422	0.000426256	0.109778	0.275379	0.00429462	0.0260393	0.00059104	0.0119161	0.106111	0.023123	0.0139394	0.0127772	0.00073146	0.0650705	0.108001	0.0466699	0.0561966	0.0178237	0.000185961	0.000524135
14	0.0182091	0.00149807	0.0131224	0.00236551	0.000507437	0.891944	0.00310244	0.00108923	0.00543295	0.00930682	0.0051178	0.0107773	0.00234563	0.000741916	0.0028347	0.0206813	0.00558609	0.0029637	0.000239606	0.0021337
15	0.0113043	0.000752822	0.00159874	0.00176961	0.170596	0.00138514	0.00305512	0.199709	0.00232648	0.388696	0.0789856	0.000996069	0.00672632	0.00229134	0.000887715	0.0041116	0.0105219	0.0608773	0.00522014	0.0481895
16	0.207641	0.0160609	0.0023782	0.0774773	0.00216612	0.0625309	0.00278591	0.0331504	0.00421647	0.103819	0.0176806	0.00421408	0.00190967	0.0426539	0.00323172	0.0338754	0.0980409	0.267089	0.000782696	0.018295
17	0.298432	0.0215647	0.0117597	0.0137945	0.0413418	0.00324976	0.00180387	0.0580114	0.111095	0.211523	0.0341322	0.00228419	0.0017914	0.00254221	0.0718189	0.0248291	0.00478935	0.0352925	0.000549313	0.0493957
18	0.515393	0.0155235	0.00216268	0.00615272	0.00389003	0.00953099	0.0030922	0.0296901	0.00587921	0.0536547	0.0416741	0.00393544	0.00318727	0.00425626	0.00455016	0.165772	0.0547658	0.0620182	0.010529	0.00434209
19	0.0270635	0.0184124	0.00298236	0.0044971	0.0374712	0.0044359	0.283322	0.0056999	0.00436074	0.00740124	0.00477457	0.172693	0.0023784	0.0190537	0.0198778	0.0382515	0.0227191	0.00787007	0.0168386	0.299898
20	0.164004	0.00103549	0.0396719	0.0134051	0.00187161	0.106559	0.00840027	0.00253205	0.0109529	0.00353045	0.00321071	0.0240022	0.438161	0.00885217	0.0237713	0.133045	0.0105439	0.00401204	0.000388207	0.00205169
21	0.0402865	0.019955	0.00275618	0.00352791	0.0101418	0.00908687	0.0041378	0.154784	0.00522979	0.0785173	0.0143918	0.00725721	0.00426025	0.00449434	0.00448862	0.0130297	0.0418047	0.574084	0.00145912	0.00630735
22	0.597828	0.0373484	0.000617895	0.00088533	0.000632372	0.205762	0.000625291	0.00958508	0.00593726	0.00643926	0.00337342	0.000810274	0.000546865	0.0072151	0.00349922	0.0650278	0.0291506	0.0238988	0.000201878	0.000615152
23	0.0150625	0.0036749	0.000508659	0.00100742	0.0169845	0.00513288	0.000488917	0.354321	0.0034465	0.186575	0.0177744	0.000605373	0.000562952	0.000790376	0.0060888	0.0040045	0.0149365	0.366585	0.000189805	0.00125972
24	0.0104734	0.00517567	0.000462675	0.000797594	0.00960992	0.00103535	0.000603858	0.251948	0.00105411	0.093852	0.0111353	0.000629008	0.00046052	0.000683947	0.0014611	0.00133699	0.0123183	0.595253	0.00012712	0.00158192
25	0.0233876	0.00340183	0.00345849	0.00699682	0.0081662	0.0330262	0.00773219	0.0465288	0.00707286	0.0125757	0.0089218	0.0144554	0.0114667	0.0335057	0.00523705	0.315715	0.393244	0.0533241	0.00151088	0.0102717
26	0.0926028	0.00703276	0.0220602	0.00971008	0.0129248	0.561756	0.00971335	0.0110461	0.0188025	0.0708472	0.014696	0.0146575	0.00477337	0.00792936	0.0170707	0.0269969	0.018376	0.0253821	0.0030397	0.0505827
27	0.0207131	0.00174999	0.0130978	0.00214169	0.0010904	0.883472	0.00239984	0.00160793	0.00450651	0.0089056	0.00467472	0.0124823	0.00232068	0.000703538	0.00254412	0.0260752	0.00662653	0.00287991	0.00014691	0.0018608
28	0.0189048	0.00154009	0.0132717	0.00194552	0.000815567	0.893196	0.00321956	0.000965046	0.00482999	0.00818218	0.00467802	0.0109755	0.00218411	0.000725871	0.00254074	0.0208881	0.0049736	0.0027409	0.000268339	0.00315446
29	0.513883	0.0482246	0.0016759	0.00836986	0.00523399	0.0853731	0.00194238	0.0262869	0.00664655	0.0280182	0.0139182	0.00505365	0.00298448	0.0113004	0.00393638	0.107621	0.0623725	0.0636631	0.00130075	0.00219439
30	0.0188048	0.00155351	0.0130628	0.00207158	0.00102303	0.888801	0.00263951	0.00137966	0.00531679	0.00872433	0.00548639	0.0112823	0.00218514	0.000819363	0.0024285	0.0229281	0.00634457	0.0029817	0.000199184	0.00196789
31	0.0725787	0.0136724	0.017944	0.023541	0.0278577	0.0257887	0.394975	0.0277575	0.0350664	0.0367283	0.0208784	0.0480992	0.0115407	0.0248226	0.0320986	0.0342547	0.0389032	0.0359869	0.00687187	0.0706341
32	0.088296	0.00681563	0.0281908	0.171043	0.0104667	0.0160953	0.0160651	0.043868	0.117842	0.155128	0.0242391	0.0150165	0.0185162	0.0435857	0.0447967	0.0302008	0.0424186	0.0643976	0.00449462	0.0585238
33	0.0560281	0.00227486	0.0126281	0.023418	0.00685111	0.0112849	0.00514833	0.00336342	0.0270689	0.00386396	0.0138404	0.0160249	0.722008	0.00397262	0.0114066	0.0411934	0.0169717	0.0178606	0.000445281	0.00434695
34	0.175622	0.0342768	0.00301493	0.00434285	0.0261069	0.0109124	0.0033777	0.00995611	0.00432946	0.399649	0.0898056	0.0177628	0.00220066	0.00418367	0.00302406	0.0604196	0.099543	0.0476058	0.000793191	0.00307347
35	0.11813	0.0154182	0.00903622	0.059328	0.171611	0.0173924	0.0851353	0.0750864	0.0122131	0.13683	0.0369007	0.0126672	0.00520921	0.0534138	0.0167441	0.0190792	0.0257469	0.0430745	0.0116147	0.0753688
36	0.496647	0.0502988	0.00118289	0.00702856	0.0114232	0.0206912	0.00195779	0.0522043	0.00744978	0.0579013	0.0219391	0.00136789	0.00147122	0.00376944	0.00196983	0.094894	0.0491292	0.114246	0.00196111	0.00246662
37	0.0467592	0.00659825	0.0194575	0.0501994	0.0068783	0.622473	0.0106029	0.0134115	0.0219326	0.0256891	0.0462256	0.0155703	0.00885645	0.0146601	0.0102097	0.0315912	0.0194818	0.0195987	0.00234091	0.00746393
38	0.0376372	0.00176892	0.00857644	0.00292873	0.350399	0.0109621	0.0176114	0.0105517	0.00318763	0.0723629	0.0032852	0.0294801	0.00168211	0.00276314	0.002498	0.0114174	0.0176462	0.0173117	0.000738562	0.397191
39	0.0124788	0.00981578	0.000519109	0.000932203	0.00709021	0.00246124	0.00120321	0.220361	0.00118582	0.0805711	0.00966239	0.00175206	0.000543952	0.000767676	0.00128515	0.00411107	0.0203947	0.622774	0.00013689	0.0019542
40	0.0378222	0.00264887	0.0130338	0.00286249	0.000960992	0.864732	0.00253648	0.00176147	0.00527957	0.0105064	0.00478073	0.0102936	0.00300618	0.000981498	0.00266808	0.0215493	0.00777959	0.00453681	0.000222727	0.00203756
41	0.036127	0.000473427	0.0676933	0.217217	0.000793042	0.00965134	0.0325051	0.00461371	0.1636	0.014919	0.00873911	0.0312508	0.0524317	0.1203	0.112584	0.0296075	0.0587335	0.0173233	0.000284209	0.0211523
42	0.0214629	0.00173911	0.0310229	0.00491186	0.00117618	0.830608	0.00412542	0.00230296	0.00751367	0.0101992	0.00480082	0.0262122	0.00218758	0.00303838	0.00418057	0.030891	0.00881564	0.00279849	0.000177668	0.00183531
43	0.0168863	0.00878012	0.00268354	0.0109192	0.0385693	0.0169398	0.00448187	0.0373781	0.0241034	0.474664	0.271264	0.00367667	0.00201949	0.011325	0.014676	0.0125299	0.0155681	0.0244873	0.003139	0.00590933
44	0.0313734	0.00453631	0.000755091	0.000898459	0.0236163	0.00143328	0.000989644	0.0850156	0.00111549	0.655795	0.0438082	0.00166398	0.00162638	0.00217549	0.000825679	0.00273944	0.00739783	0.128769	0.00115419	0.00431169
45	0.0627625	0.00147872	0.345801	0.023757	0.0017105	0.0234976	0.00190424	0.00310259	0.00978738	0.00395115	0.00262914	0.0546899	0.0475972	0.00230311	0.0019456	0.313592	0.0858667	0.0114331	0.000453238	0.00173742
46	0.604352	0.0391842	0.000631184	0.000815587	0.000611306	0.199619	0.000629054	0.0103651	0.00548947	0.00690761	0.00366634	0.000779625	0.000514253	0.00644991	0.00318548	0.0612144	0.0303848	0.0243956	0.000179631	0.000626013
47	0.339447	0.14056	0.00412128	0.00385863	0.00838907	0.0257071	0.00416267	0.0613767	0.0052525	0.0296741	0.0115105	0.00352051	0.0132064	0.0212956	0.00383488	0.0681871	0.0458296	0.205409	0.00102404	0.00363427
48	0.169746	0.138225	0.00351167	0.00319069	0.0054786	0.0205851	0.00610081	0.10291	0.00359902	0.0197721	0.00660951	0.00566774	0.0205744	0.00887717	0.00238965	0.0481078	0.065221	0.364762	0.000585471	0.00408615
49	0.182752	0.173984	0.0242084	0.00554797	0.00466232	0.0114656	0.0058386	0.169602	0.00596831	0.0753425	0.0384043	0.00491483	0.0828781	0.0268584	0.00451051	0.0600941	0.0146524	0.102306	0.00161728	0.00439188
50	0.0190867	0.00140615	0.0128886	0.00197574	0.000488887	0.897433	0.00237401	0.00101653	0.00465884	0.00829622	0.00482647	0.0102801	0.0022281	0.000540254	0.00238354	0.020879	0.00502265	0.00231941	0.000145084	0.00175122
51	0.151295	0.000731281	0.26289	0.216131	0.00775824	0.0176142	0.0102837	0.00734182	0.0248199	0.00916191	0.00275924	0.0302943	0.0450407	0.0761482	0.0104598	0.0671849	0.0418526	0.0137748	0.000289118	0.00416889
52	0.0170195	0.0160445	0.000547613	0.00220808	0.0118487	0.0010875	0.000528637	0.427361	0.00188811	0.109004	0.0595013	0.000663104	0.000341996	0.000735881	0.00128391	0.00258421	0.0106693	0.332762	0.000168088	0.00375243
53	0.0365544	0.00493463	0.0111454	0.00788738	0.296577	0.0145703	0.0499667	0.0172111	0.00466926	0.0735019	0.00739353	0.0671391	0.00243292	0.00721944	0.00666695	0.0190598	0.0174368	0.0168858	0.00327828	0.33547
54	0.283249	0.00985217	0.00415682	0.0322559	0.00354364	0.0206883	0.0068757	0.00881246	0.00852243	0.0216888	0.0151262	0.0171197	0.00450963	0.0438457	0.00614966	0.237456	0.251826	0.0173508	0.00154247	0.00542854
55	0.588534	0.0342489	0.00173356	0.00275897	0.00128505	0.1787	0.00151813	0.0108357	0.00615762	0.00975042	0.00526565	0.00238415	0.00566924	0.00696728	0.00411048	0.0785009	0.0304654	0.0276141	0.000458507	0.00304189
56	0.0545658	0.00252994	0.0117946	0.0234422	0.00699533	0.0107442	0.00481386	0.00432501	0.0276635	0.00416098	0.0146293	0.0160563	0.72393	0.00363629	0.0116154	0.0393634	0.0143366	0.0203685	0.000662287	0.00436634
57	0.0463925	0.0054966	0.00432757	0.00707367	0.00633335	0.0359358	0.0328473	0.0128068	0.0105898	0.012007	0.0072977	0.0312434	0.0802022	0.0145825	0.00521643	0.205804	0.38744	0.0860279	0.00146174	0.00691433
58	0.420653	0.0101156	0.010937	0.00816025	0.00813879	0.0400086	0.0128029	0.00697451	0.00874515	0.0160328	0.0276495	0.0297703	0.133932	0.00432141	0.0130031	0.153143	0.0140887	0.0439871	0.00148825	0.0360477
59	0.113643	0.000468194	0.109723	0.269235	0.00472272	0.0251489	0.00279053	0.0119265	0.109856	0.0230972	0.0139745	0.0144316	0.00432613	0.0678581	0.106024	0.0450848	0.0562847	0.0192437	0.000215024	0.00194612
60	0.229779	0.00466332	0.00891951	0.0607182	0.00402076	0.0108301	0.00991919	0.0372126	0.126467	0.0456112	0.0310203	0.00837554	0.056801	0.140955	0.0657207	0.0619579	0.0195834	0.0472933	0.00258993	0.0275626
61	0.0227415	0.0273228	0.000693093	0.00272834	0.0198757	0.00129352	0.000826114	0.472813	0.00281689	0.108062	0.113853	0.000953678	0.000453355	0.00102329	0.000963692	0.00334585	0.00885487	0.206828	0.000283042	0.00426855
62	0.0374173	0.0242919	0.000924725	0.0372447	0.170558	0.00622304	0.0539682	0.0519645	0.00156328	0.241029	0.0660236	0.00612721	0.000776011	0.0221142	0.0170039	0.00219239	0.0120507	0.0425364	0.0236988	0.182292
63	0.187039	0.000549782	0.107219	0.459405	0.00234379	0.0118729	0.0153318	0.00190938	0.0214028	0.00485319	0.00181076	0.0159769	0.00837203	0.0634867	0.0250006	0.0250534	0.0279803	0.0195681	0.00019769	0.000625806
64	0.606462	0.0398003	0.000664236	0.00115446	0.000905026	0.180717	0.000616892	0.0127107	0.00522403	0.0106414	0.00565425	0.000915646	0.000612111	0.00591547	0.00300144	0.0618621	0.0324617	0.0294346	0.000395743	0.000851069
65	0.276775	0.00843248	0.0188911	0.00542856	0.0404185	0.0255435	0.00456954	0.210407	0.00445685	0.0518233	0.0420951	0.00499071	0.0028713	0.00399773	0.00359629	0.0360005	0.148914	0.105756	0.000780926	0.00425257
66	0.0358228	0.00083728	0.00176216	0.0807066	0.000634269	0.0109993	0.0377528	0.00146361	0.475615	0.0147946	0.0236863	0.0142796	0.00139159	0.0647027	0.174285	0.0193503	0.0228243	0.0150907	0.000403489	0.00359731
67	0.607121	0.00106661	0.00918194	0.049195	0.000813199	0.00649242	0.0201399	0.00141679	0.0391544	0.0479271	0.0349022	0.00638345	0.000931767	0.0117193	0.0466663	0.043235	0.0258013	0.0198281	0.00038656	0.0276382
68	0.400714	0.0754959	0.00150628	0.00385113	0.0138439	0.0118449	0.00113235	0.0618105	0.00352033	0.0624297	0.0135297	0.00161641	0.0024108	0.00370895	0.0013024	0.0575118	0.0604332	0.221166	0.000516716	0.00165502
69	0.0972772	0.00291334	0.371247	0.0611649	0.000446189	0.0496237	0.0343591	0.000818357	0.0686643	0.0169132	0.000786561	0.146978	0.002775	0.0441755	0.0377135	0.0301125	0.0295888	0.00382405	0.000154708	0.000463674
70	0.0988394	0.0220716	0.0226574	0.0181947	0.00212617	0.210377	0.054955	0.00322387	0.0568579	0.00523446	0.00304949	0.0608178	0.0119767	0.0403489	0.0930501	0.214982	0.0734654	0.00501072	0.000613353	0.00214885
71	0.364554	0.00204173	0.0388892	0.0377075	0.00206385	0.0263027	0.0297551	0.00531591	0.166579	0.0210845	0.0159024	0.0628106	0.00339251	0.0720747	0.0564007	0.031442	0.0216628	0.0369122	0.000945188	0.00416335
72	0.0183438	0.00145109	0.0131585	0.0018782	0.000460554	0.897568	0.00238325	0.000903764	0.00487417	0.00846238	0.0048737	0.0101033	0.00226275	0.000569763	0.00234521	0.0208262	0.00484198	0.00272266	0.000259201	0.00171162
73	0.0585904	0.056338	0.00130174	0.00161746	0.00192113	0.0131779	0.00703284	0.0887227	0.00175702	0.0137229	0.00240924	0.010348	0.00437635	0.00261071	0.00138991	0.0313749	0.0865907	0.609766	0.000321138	0.00663114
74	0.0244474	0.00404171	0.000645965	0.000835507	0.0257047	0.0012241	0.000978223	0.0854651	0.000964988	0.67309	0.0449047	0.0015131	0.00138649	0.0021279	0.000678814	0.00224127	0.00615221	0.117723	0.0010927	0.00478228
75	0.037645	0.02663	0.00095792	0.0362102	0.173996	0.00623584	0.0545318	0.0520341	0.00158487	0.235191	0.0681879	0.00612277	0.000736122	0.0213538	0.017498	0.00223861	0.0114236	0.0423442	0.0238979	0.18118
76	0.0179132	0.0170861	0.000472835	0.00243817	0.0122733	0.00219199	0.000610641	0.470513	0.00284914	0.153235	0.0618783	0.000686747	0.000450067	0.000805032	0.00282454	0.00436981	0.0121679	0.233221	0.000167911	0.00384528
77	0.0143427	0.00636465	0.00122676	0.00166261	0.130177	0.00224186	0.00148551	0.331879	0.00395458	0.137279	0.0390717	0.00165252	0.00145425	0.00161656	0.00258725	0.00291852	0.0167926	0.263899	0.000425864	0.0389684
78	0.111748	0.00988826	0.0378637	0.0211102	0.0125445	0.199749	0.0135847	0.0194506	0.107412	0.144373	0.0172478	0.141677	0.00932245	0.0204114	0.0168334	0.0324259	0.0349469	0.0319573	0.0038286	0.0136243
79	0.0781042	0.0105087	0.101381	0.0425187	0.0133672	0.039661	0.0417647	0.033132	0.0565702	0.0308694	0.0179833	0.232765	0.0114688	0.0333038	0.0985203	0.0488803	0.0419816	0.0364827	0.00450875	0.0262281
80	0.0382071	0.0148636	0.00844107	0.00890435	0.0986209	0.00998319	0.19977	0.0135243	0.00545716	0.0380294	0.0116611	0.109059	0.00274708	0.0151059	0.0159633	0.0299926	0.0214199	0.0140888	0.0127768	0.331384
81	0.18922	0.00632654	0.00296595	0.055702	0.00224492	0.0422177	0.0105559	0.00529085	0.0183183	0.0177837	0.00808548	0.026998	0.00223236	0.0302152	0.0121358	0.319074	0.230913	0.0104771	0.000855947	0.00838753
82	0.0233412	0.00183923	0.0128132	0.00193365	0.000470116	0.891493	0.002473	0.00100042	0.00490967	0.00835908	0.0047909	0.0102138	0.00219131	0.000582198	0.00242421	0.0209601	0.00548265	0.00285147	0.000143628	0.00172721
83	0.0663522	0.00301939	0.381378	0.218566	0.00312851	0.0244534	0.015586	0.00527977	0.0336977	0.0133817	0.00489197	0.0580624	0.0241064	0.031219	0.0195768	0.0492378	0.0327164	0.00966059	0.000740168	0.00494601
84	0.0162403	0.00375413	0.00420657	0.00515199	0.00374772	0.00567397	0.00488517	0.349243	0.0664893	0.0505595	0.0264221	0.0574349	0.00344694	0.0263011	0.115814	0.0099447	0.0100264	0.235311	0.00143456	0.0039129
85	0.010806	0.00272489	0.00146486	0.00258969	0.0317232	0.00256338	0.0024413	0.0827597	0.00489459	0.620777	0.137929	0.000869247	0.000562997	0.00328724	0.00278729	0.00376698	0.00842377	0.0715886	0.00312293	0.00491716
86	0.191561	0.00885027	0.0283934	0.0360947	0.00719868	0.0538005	0.0576386	0.0142302	0.026572	0.0188707	0.0147439	0.0885327	0.016141	0.0285199	0.0248063	0.209148	0.131266	0.0254155	0.00239462	0.0158218
87	0.16821	0.0197975	0.0129794	0.0204674	0.168132	0.0981686	0.0205123	0.0496971	0.0189638	0.05695	0.028739	0.0199095	0.0096153	0.0210322	0.0134469	0.0409045	0.045013	0.153203	0.00457689	0.0296817
88	0.0910394	0.00274534	0.366125	0.0667647	0.000592443	0.0560732	0.0320841	0.0010625	0.0799015	0.015049	0.000857555	0.137631	0.00324651	0.0449171	0.0371936	0.0304964	0.0295938	0.0039092	0.00016549	0.000552189
89	0.0298371	0.00209269	0.00231307	0.00531121	0.00286773	0.00385383	0.00259853	0.307843	0.0303501	0.263201	0.123932	0.00299259	0.00201705	0.015228	0.00391429	0.00611478	0.0966063	0.0818352	0.000734656	0.0163576
90	0.592531	0.037278	0.00151938	0.00258012	0.000942671	0.201669	0.00115256	0.0101747	0.00585342	0.00705902	0.00396412	0.00152347	0.00080981	0.00704155	0.00394373	0.0633766	0.0335004	0.0237421	0.00024057	0.00109869
91	0.285068	0.0195722	0.00194532	0.0370486	0.0113684	0.0810065	0.0270767	0.0687366	0.050097	0.0124688	0.0475327	0.00250126	0.00163295	0.120556	0.0266962	0.0634194	0.0604782	0.0718502	0.00921023	0.00173506
92	0.0254068	0.00108438	0.192407	0.597746	0.0013474	0.0156597	0.00631116	0.00243881	0.0409362	0.00988632	0.00831407	0.00248779	0.00323255	0.0578665	0.00284448	0.0106696	0.0155264	0.00409913	0.000353713	0.00138178
93	0.00961452	0.00213308	0.00235472	0.0162975	0.0233108	0.00998818	0.00268368	0.0225049	0.0436097	0.513825	0.287991	0.00288122	0.00193045	0.0108069	0.0273765	0.00566034	0.00604607	0.00776468	0.000802883	0.00241725
94	0.0176406	0.00977389	0.000612487	0.0026608	0.0106982	0.00421345	0.000807432	0.488372	0.00712561	0.155811	0.0490009	0.000917894	0.000589231	0.00123034	0.00325802	0.00417788	0.0246272	0.21365	0.000264088	0.00456859
95	0.0366268	0.000469282	0.06759	0.218177	0.000763202	0.00981933	0.0325229	0.00454535	0.162701	0.0145624	0.00847578	0.0316281	0.0516875	0.121907	0.111732	0.0297334	0.0590263	0.0172577	0.000289197	0.0204867
96	0.0458104	0.0496635	0.00121703	0.0018398	0.00147177	0.0136953	0.00793163	0.0842255	0.00191994	0.0142608	0.0021607	0.0117923	0.00369766	0.00250441	0.00137862	0.0315344	0.0904494	0.626201	0.000343398	0.0079027
97	0.120422	0.000426256	0.109778	0.275379	0.00429462	0.0260393	0.00059104	0.0119161	0.106111	0.023123	0.0139394	0.0127772	0.00073146	0.0650705	0.108001	0.0466699	0.0561966	0.0178237	0.000185961	0.000524135
98	0.048034	0.0106839	0.0018201	0.0359209	0.0195813	0.0125128	0.0323509	0.0424125	0.0411825	0.00442246	0.0212347	0.0106463	0.00689833	0.113803	0.0107465	0.232066	0.310265	0.00540407	0.00900893	0.0310062
99	0.013317	0.0049833	0.00042877	0.000791626	0.0111196	0.0016287	0.000765387	0.250657	0.00133585	0.103894	0.0120098	0.000805315	0.000688935	0.000686412	0.0019489	0.00181674	0.0126328	0.578483	0.00030874	0.00169769
100	0.0168472	0.00307898	0.000563412	0.00108404	0.0197715	0.00571993	0.000510879	0.357482	0.00459788	0.202926	0.0198722	0.000653553	0.000589694	0.000881971	0.00821076	0.00509585	0.0179532	0.332558	0.000174139	0.00142946
101	0.0737912	0.0219175	0.00138637	0.00194213	0.00129168	0.0238498	0.00466811	0.0685822	0.002017	0.0171011	0.00240377	0.0145485	0.0020557	0.00204361	0.00154186	0.0154138	0.122953	0.617684	0.000505396	0.00430383
102	0.0990925	0.002955	0.361481	0.0596856	0.000485507	0.0510324	0.0350383	0.00100708	0.0694911	0.0161989	0.000847476	0.149804	0.00283663	0.0436223	0.0404292	0.0305218	0.0308756	0.00393577	0.000182672	0.000476145
103	0.0377822	0.00111816	0.377467	0.456496	0.00126616	0.00573971	0.0032436	0.00186173	0.0102118	0.00416764	0.00275912	0.014023	0.0311841	0.0236366	0.00383272	0.00696377	0.0126685	0.00404593	0.000310248	0.00122203
104	0.0446709	0.00168573	0.392342	0.389652	0.00164543	0.0098708	0.00652823	0.00311038	0.0149903	0.00591953	0.00311036	0.0253287	0.0315981	0.0240335	0.00766191	0.0124476	0.0176144	0.00570305	0.000433897	0.00165322
105	0.0136323	0.0127639	0.000417511	0.00166152	0.010751	0.0013344	0.000534753	0.369005	0.00159678	0.111956	0.0362106	0.000578294	0.000432278	0.000683065	0.00161797	0.00241041	0.0113166	0.420422	0.000143536	0.00253139
106	0.555124	0.0245231	0.00407883	0.00762021	0.00467444	0.0176992	0.00679182	0.0144793	0.00805672	0.0353148	0.0190827	0.0110737	0.0310884	0.00515873	0.0216804	0.122985	0.0183616	0.0630566	0.00200557	0.0271453
107	0.136702	0.0144553	0.00608218	0.0160998	0.0158564	0.043438	0.0111422	0.13113	0.0109977	0.137534	0.0496815	0.0308231	0.00504099	0.0110806	0.0064265	0.105677	0.0645138	0.166863	0.00138842	0.0350678
108	0.0505987	0.000466009	0.0751573	0.217929	0.00124143	0.0123668	0.0289613	0.00515909	0.153855	0.0141149	0.00942897	0.0306967	0.050188	0.115699	0.102251	0.0354846	0.0600107	0.0183733	0.000350963	0.0176679
109	0.230493	0.00151007	0.0880712	0.211964	0.00261943	0.027543	0.0194381	0.0204031	0.00846898	0.00562622	0.0158962	0.0306837	0.0262208	0.0871714	0.0127448	0.094622	0.0730365	0.0412254	0.000405605	0.00185584
110	0.0905585	0.00270115	0.360467	0.0706001	0.00065453	0.055499	0.031658	0.00118284	0.0810602	0.0150177	0.00101087	0.135272	0.00390662	0.0461466	0.0381886	0.0308365	0.0301705	0.00417208	0.000168989	0.000727824
111	0.0444483	0.00602609	0.00803786	0.0205619	0.00694102	0.0323959	0.0464758	0.00929435	0.107987	0.014407	0.0103423	0.00654639	0.00714458	0.0159768	0.608095	0.0181655	0.0143309	0.0135503	0.00305322	0.00621921
112	0.0549978	0.0071856	0.0152294	0.0308758	0.00954433	0.0287478	0.033258	0.0173839	0.0715634	0.0216157	0.0124842	0.0115687	0.0135127	0.019311	0.565366	0.0248737	0.0258611	0.0227916	0.00361585	0.0102137
113	0.0189487	0.00169434	0.013174	0.0018209	0.000525759	0.892987	0.00235605	0.00103702	0.00441146	0.00805476	0.00447954	0.011565	0.00220557	0.000630902	0.00247607	0.0241014	0.0051267	0.00251842	0.000184793	0.00170173
114	0.0116259	0.00621575	0.000445267	0.00105815	0.0116491	0.00098643	0.000554323	0.284415	0.00164761	0.100317	0.0205312	0.000567377	0.000406352	0.0007987	0.00146931	0.00161514	0.0149906	0.538011	0.000130118	0.00256457
115	0.607836	0.0390208	0.00061522	0.00089174	0.000813467	0.189429	0.000627799	0.0110158	0.00544992	0.00776013	0.00422883	0.000783802	0.000672566	0.00627655	0.00324418	0.0633609	0.0305681	0.0263443	0.000299565	0.000760869
116	0.0565422	0.0127155	0.00942071	0.00414885	0.00224363	0.754652	0.00354061	0.00397967	0.00580963	0.0337057	0.00516191	0.0197473	0.00307916	0.00310616	0.00399564	0.0181692	0.0321248	0.0238512	0.000633477	0.00337293
117	0.0679574	0.0471782	0.0541027	0.100623	0.0455051	0.00949443	0.0130863	0.139778	0.00895984	0.0711018	0.0521684	0.0816624	0.00829423	0.00963883	0.00785336	0.0185559	0.173776	0.0800791	0.00252195	0.00766252
118	0.00827061	0.00313025	0.000622405	0.000875103	0.0883168	0.00189144	0.00054768	0.348741	0.00307445	0.154402	0.0360197	0.000650201	0.000430217	0.000660241	0.00281126	0.00225631	0.012242	0.326662	0.000201724	0.00819407
119	0.0208504	0.00136821	0.00160599	0.00197636	0.203139	0.00215996	0.00223661	0.209794	0.00309324	0.33368	0.0557469	0.00172024	0.0158154	0.001847	0.00148409	0.00364956	0.00754803	0.0633526	0.00250509	0.066427
120	0.0997547	0.0120886	0.000839271	0.00171982	0.0183608	0.00138686	0.001155	0.0695785	0.00184524	0.23884	0.0465917	0.00489123	0.00854618	0.00100314	0.00161778	0.00700733	0.0138467	0.457761	0.00781585	0.00535029
121	0.0356234	0.0223233	0.000980013	0.0399142	0.176885	0.00629683	0.0563606	0.0596171	0.00183867	0.223376	0.0645268	0.00635611	0.000851122	0.0198519	0.0154604	0.00269069	0.0114231	0.0396937	0.0329957	0.182935
122	0.0473414	0.00374047	0.0126443	0.0696188	0.00394317	0.0163493	0.0562551	0.00690751	0.435703	0.0192982	0.0234237	0.0183828	0.00417979	0.0546454	0.14874	0.0240303	0.0255846	0.0205054	0.00135418	0.00735252
123	0.0663939	0.0414977	0.000561765	0.00222034	0.0416108	0.00125561	0.000701142	0.37528	0.0028954	0.128951	0.0806706	0.000859449	0.000562625	0.000939317	0.000896929	0.00378506	0.0171175	0.221147	0.000213689	0.0124409
124	0.432038	0.0709858	0.0015417	0.00528744	0.0105306	0.0183845	0.00166607	0.0543038	0.00427469	0.0851171	0.0117967	0.00187013	0.00161947	0.00360652	0.00177748	0.0493934	0.0612497	0.181707	0.000585704	0.00226429
125	0.600341	0.0393708	0.000655401	0.00110747	0.000749448	0.199736	0.000893063	0.0100979	0.00569101	0.00710682	0.003683	0.00101768	0.000803585	0.00684942	0.00343663	0.0632609	0.0297048	0.0243532	0.000204661	0.000937596
126	0.53439	0.00443737	0.0258584	0.00681838	0.00446967	0.0546564	0.0532575	0.0072671	0.00832879	0.0118348	0.0109126	0.053842	0.0101711	0.00509732	0.00781243	0.0954339	0.0138936	0.0164427	0.00140424	0.0736714
127	0.590836	0.00150272	0.00691752	0.033979	0.00148849	0.00522772	0.0191776	0.00309329	0.0471942	0.0725775	0.0396393	0.00485627	0.00126153	0.00804676	0.052255	0.0470955	0.0237234	0.0206319	0.000497457	0.0199993
128	0.510764	0.0541019	0.00151028	0.00568675	0.00826706	0.0296049	0.00156666	0.045889	0.00575459	0.0377694	0.0167869	0.00239175	0.00335761	0.00469226	0.00318573	0.104554	0.0510084	0.108592	0.00201337	0.00250405
129	0.187039	0.000549782	0.107219	0.459405	0.00234379	0.0118729	0.0153318	0.00190938	0.0214028	0.00485319	0.00181076	0.0159769	0.00837203	0.0634867	0.0250006	0.0250534	0.0279803	0.0195681	0.00019769	0.000625806
130	0.0173617	0.00158447	0.0177462	0.00306909	0.000795346	0.872072	0.00552021	0.00159404	0.0122737	0.0122725	0.0149781	0.00785195	0.00218706	0.000993147	0.00251929	0.016563	0.00500069	0.00331791	0.000277568	0.00202163
131	0.231641	0.00207287	0.102206	0.00345034	0.00232584	0.0909624	0.00262931	0.00427265	0.0781348	0.128388	0.0437293	0.0030442	0.0020907	0.0160054	0.0814655	0.017816	0.0193106	0.0330674	0.0142393	0.123148
132	0.0586338	0.00121354	0.327931	0.025108	0.00137917	0.0250264	0.00170633	0.00262079	0.0103771	0.00347927	0.00207399	0.055693	0.0526163	0.00195137	0.00175691	0.330899	0.0837355	0.0118706	0.000428109	0.00149977
133	0.0177297	0.00495375	0.00248587	0.00369617	0.0925358	0.00215178	0.00609239	0.143227	0.00218955	0.499936	0.0898487	0.00130281	0.00229572	0.0047738	0.00155618	0.00789452	0.0153272	0.0680953	0.00956914	0.0243386
134	0.150056	0.000941715	0.307523	0.188608	0.00673297	0.0198044	0.0072994	0.00834084	0.0265994	0.00820287	0.00225709	0.0249239	0.0402884	0.082607	0.00730458	0.0653058	0.0376907	0.00927312	0.000321867	0.00591882
135	0.149055	0.000439245	0.106538	0.38809	0.00446699	0.019895	0.00661722	0.00588224	0.0611554	0.0125359	0.00708191	0.0141365	0.00365561	0.0609548	0.0637072	0.0341971	0.0447146	0.016122	0.000200375	0.000554637
136	0.0221677	0.0935253	0.00228735	0.00509307	0.00973006	0.00577278	0.00267137	0.107138	0.00496379	0.283753	0.0158249	0.00306097	0.0039324	0.00243655	0.00416367	0.00944823	0.0406673	0.378913	0.00149768	0.00295334
137	0.13512	0.00148181	0.0133326	0.122339	0.00147364	0.005355	0.0128658	0.0853912	0.11042	0.131787	0.0154252	0.00500267	0.00999194	0.0428522	0.048976	0.0221409	0.0668894	0.135651	0.00565654	0.0278472
138	0.0461371	0.00225849	0.00159649	0.00198076	0.0230307	0.0102362	0.00172331	0.356751	0.0167919	0.198307	0.012464	0.00186473	0.00136326	0.00219639	0.0122579	0.0181775	0.0413986	0.24868	0.000468364	0.00231601
139	0.604504	0.0391948	0.000631503	0.000823017	0.000612364	0.199417	0.000627659	0.0104149	0.00548492	0.0069055	0.00366673	0.000777036	0.000507189	0.00644375	0.00318795	0.0611757	0.0304174	0.0244023	0.000179631	0.000626013
140	0.0366268	0.000469282	0.06759	0.218177	0.000763202	0.00981933	0.0325229	0.00454535	0.162701	0.0145624	0.00847578	0.0316281	0.0516875	0.121907	0.111732	0.0297334	0.0590263	0.0172577	0.000289197	0.0204867
141	0.0353749	0.000825792	0.0011537	0.0798003	0.000629064	0.0111298	0.0383405	0.00140497	0.481964	0.0143197	0.023829	0.0133816	0.00104958	0.0619149	0.174774	0.0194979	0.0220061	0.0147035	0.000397553	0.00350273
142	0.144469	0.0685822	0.000860295	0.00112087	0.118165	0.00209159	0.00111996	0.145425	0.00373705	0.144899	0.0583358	0.00134157	0.0009791	0.001322	0.000918839	0.00599478	0.0281154	0.247161	0.000532563	0.024829
143	0.257571	0.00416382	0.00528113	0.00785747	0.0665296	0.0696184	0.195049	0.00977875	0.101755	0.0122907	0.00996233	0.00691192	0.00386874	0.00689189	0.164669	0.0134952	0.0133975	0.0141659	0.0016537	0.0350899
144	0.00790629	0.00217327	0.00203706	0.00221413	0.0112185	0.00754507	0.00275509	0.0156613	0.00270867	0.00460642	0.00268339	0.0116057	0.00432389	0.00704027	0.00204165	0.378187	0.520434	0.0126275	0.000514756	0.00171584
145	0.00725447	0.00355951	0.000817989	0.00107363	0.182468	0.00108319	0.000859157	0.311614	0.00485106	0.222413	0.0910239	0.000931522	0.0030508	0.000788759	0.000880603	0.00152191	0.00649463	0.131702	0.00050766	0.0271043
146	0.379562	0.0241637	0.00514332	0.00125841	0.000801288	0.45224	0.00121977	0.00638279	0.00498739	0.0107022	0.00368769	0.00575515	0.00154407	0.00465989	0.00340987	0.0500009	0.0259271	0.0170289	0.000272866	0.00125297
147	0.0764982	0.0130899	0.000690479	0.00145456	0.0206774	0.00117867	0.00098962	0.106392	0.00161476	0.190401	0.0384463	0.00334493	0.00558038	0.000803715	0.00148509	0.00505276	0.0150802	0.505795	0.00498953	0.00643551
148	0.522174	0.0377327	0.00408717	0.0033652	0.00161606	0.196077	0.00628406	0.00995668	0.0154859	0.00796648	0.00452111	0.00796328	0.00229309	0.0111028	0.0118844	0.100074	0.0335134	0.0219156	0.000404672	0.00158267
149	0.0188853	0.00142834	0.00543162	0.00594217	0.070471	0.00260496	0.0104291	0.0993607	0.00136094	0.545463	0.118024	0.00129709	0.0011137	0.00811275	0.00127695	0.0179279	0.0278734	0.0253825	0.0214582	0.0161558
150	0.082786	0.00153125	0.00213255	0.0436268	0.00176024	0.0612428	0.022037	0.00324656	0.0460219	0.0123629	0.00260043	0.0326939	0.00161504	0.00581554	0.027684	0.366797	0.261994	0.00489553	0.000711982	0.0184442
151	0.209632	0.00123711	0.035822	0.00775059	0.00183159	0.0917432	0.00661911	0.00287975	0.00696634	0.00433174	0.00473285	0.0175642	0.387868	0.0065591	0.0162181	0.178649	0.00884258	0.00632415	0.000638228	0.00379054
152	0.140141	0.342343	0.00768589	0.00804604	0.00533842	0.0931275	0.032328	0.0485017	0.0070744	0.017706	0.00985628	0.00679611	0.063284	0.00950494	0.00624934	0.124724	0.0151536	0.0562876	0.00129252	0.00455994
153	0.0303747	0.00376715	0.00362828	0.00387807	0.00267747	0.00695438	0.00319399	0.120012	0.00574482	0.0257774	0.0221359	0.0043118	0.00273776	0.0225463	0.0186722	0.0825807	0.493611	0.0883921	0.000720415	0.0582841
154	0.0684621	0.00784564	0.00598749	0.0103702	0.0289251	0.00887364	0.0554501	0.174098	0.00604303	0.118677	0.0340383	0.0543218	0.042456	0.00613018	0.00477212	0.0131551	0.11749	0.235722	0.00164649	0.00553419
155	0.0548222	0.00297694	0.0129931	0.0232335	0.00703034	0.0121353	0.0053881	0.00426409	0.0268119	0.00398936	0.0134751	0.015719	0.71578	0.00413861	0.0117393	0.0419338	0.0171243	0.0212335	0.000443171	0.00476858
156	0.246988	0.00213535	0.0481874	0.206419	0.00241033	0.0466123	0.0229748	0.0178616	0.00668112	0.00543206	0.0196052	0.0261109	0.0147549	0.0897281	0.0188327	0.0980128	0.0802986	0.0443041	0.000706333	0.0019447
157	0.157973	0.00237045	0.0346679	0.0230283	0.0030178	0.021694	0.00444758	0.0213413	0.122332	0.0426716	0.0055124	0.0572926	0.00247962	0.0537385	0.0327286	0.0600479	0.127942	0.222135	0.000854876	0.0037237
158	0.0478508	0.00208156	0.0242781	0.0048563	0.000718086	0.785132	0.00359458	0.00174234	0.00675157	0.0136519	0.00420642	0.012471	0.0290583	0.00244266	0.00876203	0.0378892	0.00772693	0.00415961	0.000384547	0.0022419
159	0.0353749	0.000825792	0.0011537	0.0798003	0.000629064	0.0111298	0.0383405	0.00140497	0.481964	0.0143197	0.023829	0.0133816	0.00104958	0.0619149	0.174774	0.0194979	0.0220061	0.0147035	0.000397553	0.00350273
160	0.139571	0.00198435	0.00856132	0.0239544	0.0215177	0.0100617	0.0136058	0.00368182	0.0254293	0.00610223	0.0303737	0.0238725	0.542104	0.00340172	0.0173049	0.0700641	0.0194273	0.0214831	0.000885911	0.0166128
161	0.0295181	0.00306573	0.00700112	0.00445295	0.023409	0.182374	0.00354114	0.0634482	0.00474491	0.053983	0.0211139	0.127781	0.00243686	0.0213957	0.00400211	0.254763	0.178747	0.0101906	0.00111341	0.00291934
162	0.0618865	0.0105319	0.0131643	0.0183297	0.119083	0.123066	0.0145168	0.0390674	0.0182752	0.0386744	0.0222177	0.0477745	0.0103223	0.0256432	0.0141764	0.189091	0.179783	0.034781	0.00274156	0.016875
163	0.0280308	0.00914574	0.193692	0.28403	0.00308137	0.00218072	0.0273188	0.0108637	0.0246347	0.0132008	0.0107495	0.00829191	0.0187538	0.0325078	0.0234488	0.073214	0.166574	0.0607105	0.00040207	0.00916967
164	0.0144762	0.00315631	0.000967967	0.00261919	0.0156575	0.00159126	0.00146425	0.247289	0.00650231	0.482675	0.072943	0.00109239	0.000731363	0.00473963	0.000970513	0.00253778	0.0353482	0.094779	0.00085282	0.00960661
165	0.270021	0.00143325	0.0824096	0.103798	0.00151672	0.264158	0.0107282	0.00343217	0.0655426	0.0044058	0.00269173	0.0239959	0.0984176	0.019986	0.0114352	0.0245175	0.00475933	0.00437953	0.00066244	0.00170894
166	0.0305961	0.000953127	0.427643	0.449443	0.001021	0.00214817	0.00105556	0.00172577	0.00184153	0.00280482	0.00174934	0.0117892	0.0391197	0.0129751	0.00104656	0.00220266	0.00811696	0.00241921	0.000279284	0.0010702
167	0.022777	0.0244846	0.000646398	0.0026842	0.0171363	0.00119713	0.000779324	0.466885	0.00279424	0.110385	0.127236	0.000889293	0.000417366	0.00102324	0.000924537	0.00321868	0.00858223	0.203441	0.000273639	0.00422533
168	0.113494	0.000848831	0.208371	0.453245	0.0022093	0.0112979	0.00882368	0.00350541	0.0260371	0.00663542	0.00427546	0.0137897	0.0165031	0.0481555	0.0206848	0.0212342	0.0259723	0.0132161	0.000405624	0.00129552
169	0.00599348	0.000838656	0.000777496	0.000965645	0.206004	0.00106882	0.000778416	0.293499	0.00404802	0.25107	0.067117	0.000844676	0.00398787	0.000774289	0.00082567	0.00136737	0.00659102	0.118077	0.000477242	0.0348946
170	0.0176641	0.00144388	0.0130169	0.0018984	0.000498698	0.897533	0.00245906	0.000973126	0.00486417	0.00802826	0.00483576	0.0107889	0.00220544	0.000552281	0.00240608	0.0213895	0.0050753	0.00254786	0.00014851	0.0016708
171	0.0214758	0.0184695	0.000528895	0.00211673	0.01875	0.00150696	0.000703197	0.418183	0.00257829	0.117305	0.107458	0.000838119	0.00043256	0.000895524	0.00170185	0.00273346	0.00905733	0.271015	0.000280873	0.00397005
172	0.0189467	0.00138195	0.0135992	0.0018159	0.00069892	0.889337	0.002571	0.0012271	0.00441248	0.00835443	0.0042425	0.0119547	0.00246041	0.000726289	0.00268771	0.0255914	0.00556342	0.00245284	0.000164015	0.00181191
173	0.115198	0.0203964	0.00967825	0.0220837	0.0147977	0.0208182	0.0798452	0.172847	0.0206664	0.0450533	0.0208895	0.0166232	0.0111199	0.0701455	0.0170683	0.0285352	0.0445711	0.256222	0.00316562	0.0102757
174	0.0674807	0.0139431	0.0188257	0.0228845	0.0258833	0.0217371	0.401674	0.0249887	0.0294651	0.0332625	0.0192839	0.0539282	0.00939054	0.0215292	0.0304594	0.0395411	0.0364069	0.035506	0.00840865	0.0854014
175	0.0218496	0.00252778	0.0146313	0.00282141	0.00229654	0.818318	0.00382492	0.00535007	0.00564545	0.0105887	0.00545065	0.0260875	0.00234164	0.0035829	0.00377242	0.0501876	0.0145289	0.00385228	0.000531789	0.00181072
176	0.0677745	0.00173943	0.183347	0.527202	0.0025774	0.0126954	0.00932838	0.00484178	0.0341331	0.0100205	0.00679072	0.00927532	0.0106693	0.0522233	0.0134397	0.0171743	0.0218175	0.0111353	0.000565385	0.00324912
177	0.485291	0.0344825	0.00206009	0.0049312	0.00794992	0.0201632	0.00211498	0.0509104	0.00523903	0.0555756	0.0173198	0.00247977	0.00293231	0.00342121	0.00322147	0.12609	0.0374975	0.131587	0.00247628	0.00425686
178	0.0939616	0.00288027	0.368193	0.0628582	0.000473858	0.0529933	0.0336355	0.000900557	0.0773563	0.0155005	0.000828153	0.141101	0.0031233	0.0438602	0.037885	0.0303656	0.0296254	0.0038355	0.000152345	0.000470777
179	0.187039	0.000549782	0.107219	0.459405	0.00234379	0.0118729	0.0153318	0.00190938	0.0214028	0.00485319	0.00181076	0.0159769	0.00837203	0.0634867	0.0250006	0.0250534	0.0279803	0.0195681	0.00019769	0.000625806
180	0.0254407	0.00221126	0.00177484	0.00414887	0.0024695	0.00319954	0.00196314	0.343355	0.018247	0.274915	0.0818031	0.00210067	0.00138129	0.00932656	0.00244342	0.00485264	0.0949616	0.103696	0.000501514	0.0212092
181	0.225417	0.00446639	0.00275109	0.003793	0.00292648	0.0123968	0.00298678	0.0653444	0.00318357	0.0217638	0.00425806	0.0185606	0.0025366	0.00307765	0.00295668	0.00698181	0.183143	0.429976	0.000927451	0.00255299
182	0.199691	0.0365136	0.00364053	0.00554465	0.0295487	0.041849	0.0170145	0.133046	0.00604623	0.194821	0.0552699	0.00907755	0.00364216	0.00408188	0.00374684	0.0771745	0.0315253	0.123124	0.000865326	0.0237766
183	0.102091	0.0110477	0.00081116	0.00188282	0.0189155	0.0013617	0.00114042	0.0685444	0.00188577	0.25344	0.0408075	0.00510193	0.00936827	0.000992617	0.00170175	0.00723024	0.0138722	0.44723	0.00749172	0.00508377
184	0.0163056	0.00147542	0.00467953	0.00511911	0.0662065	0.00221055	0.00970403	0.0994805	0.00150748	0.559752	0.118761	0.00110326	0.000903384	0.00734674	0.0012114	0.0142461	0.0241433	0.0322409	0.0171303	0.0164725
185	0.0104734	0.00517567	0.000462675	0.000797594	0.00960992	0.00103535	0.000603858	0.251948	0.00105411	0.093852	0.0111353	0.000629008	0.00046052	0.000683947	0.0014611	0.00133699	0.0123183	0.595253	0.00012712	0.00158192
186	0.0609972	0.00385189	0.256099	0.0304989	0.00513084	0.0523919	0.00937998	0.00963385	0.0184354	0.0128145	0.00729975	0.0967369	0.0357074	0.0123025	0.00898953	0.284381	0.0735781	0.0161353	0.000960737	0.00467527
187	0.0317627	0.00460192	0.0325988	0.00603309	0.0078629	0.468552	0.0087073	0.0168234	0.00998897	0.0184219	0.00858888	0.0890478	0.00547948	0.0101908	0.012636	0.197513	0.0602315	0.00704666	0.000716644	0.00319638
188	0.0585356	0.061468	0.00231183	0.00314489	0.0390154	0.0204873	0.00381222	0.0286503	0.0026244	0.479081	0.0875329	0.00682956	0.00155758	0.00315588	0.00198927	0.0489218	0.0666118	0.0775608	0.00292535	0.00378411
189	0.0260167	0.00155117	0.0152006	0.00262777	0.000675828	0.871955	0.00287873	0.00131289	0.00473929	0.00866313	0.00463557	0.0122192	0.00572924	0.000934911	0.00296017	0.0261451	0.0059568	0.00286561	0.000153675	0.00277907
