269	20
1	0.0220239	0.00303094	0.00638658	0.0238885	0.0677718	0.00313316	0.0242003	0.116739	0.0536246	0.0910727	0.0344239	0.108887	0.00194238	0.0217135	0.0436061	0.0395539	0.171799	0.130011	0.000709696	0.0354819
2	0.0109846	0.00155123	0.000644137	0.000979436	0.443204	0.00164809	0.024663	0.0252423	0.00149954	0.0230118	0.0190862	0.00152324	0.000754189	0.00239708	0.00238015	0.00748803	0.00903321	0.0116677	0.0169252	0.395317
3	0.0187198	0.00689847	0.00036815	0.00051434	0.00436655	0.00233679	0.00280988	0.362284	0.000596739	0.0332288	0.0178169	0.00308481	0.00177022	0.000626966	0.000558049	0.00420686	0.00431367	0.532662	0.000142981	0.00269445
4	0.00829711	0.0110424	0.000248795	0.00263548	0.0340723	0.00155282	0.000338896	0.1642	0.00159691	0.652334	0.0414349	0.00162537	0.00281658	0.000388124	0.00165843	0.0016496	0.00165233	0.0628659	9.26047e-05	0.00949742
5	0.0281734	0.00728832	0.435995	0.152983	0.00455297	0.0417826	0.0211217	0.0122434	0.0234242	0.0102887	0.00867053	0.0660737	0.00816706	0.0303592	0.0359064	0.0570959	0.0352171	0.0142169	0.000784519	0.00565574
6	0.0766561	0.00971854	0.0160897	0.0216957	0.0112355	0.0172838	0.0126982	0.0163392	0.0170817	0.00989272	0.008763	0.0288153	0.0065974	0.013553	0.0131396	0.435185	0.248822	0.0257799	0.00123779	0.00941479
7	0.0725307	0.0133106	0.013804	0.0112042	0.0146182	0.0201714	0.0165557	0.015121	0.0158555	0.0110972	0.00966966	0.102438	0.00759442	0.014602	0.00694762	0.466927	0.14049	0.0266225	0.00104741	0.0193934
8	0.0329756	0.0079949	0.000636142	0.000853329	0.00857724	0.00278638	0.00407562	0.355459	0.00100323	0.0485956	0.0224819	0.00459579	0.00374523	0.00142947	0.00112356	0.00765631	0.0106041	0.481217	0.000349304	0.00384018
9	0.00826921	0.0110093	0.000246516	0.00261887	0.0338494	0.0015399	0.000348487	0.166661	0.00157768	0.648452	0.0420261	0.00162636	0.0027752	0.000402214	0.00165002	0.00166826	0.0016652	0.0641319	0.000101585	0.00938107
10	0.00685982	0.00850261	0.0002875	0.00201921	0.0243344	0.00122558	0.000714635	0.257095	0.00132567	0.535077	0.0476342	0.00138992	0.00212896	0.000482586	0.00130457	0.00153262	0.001787	0.0996351	0.000122822	0.00654139
11	0.0979414	0.00776548	0.00589822	0.00824992	0.059069	0.0106445	0.282143	0.0117278	0.0079898	0.0386063	0.00783568	0.0442161	0.00428611	0.0933118	0.00747721	0.0660736	0.0144532	0.0164925	0.00364006	0.212178
12	0.130895	0.0198427	0.167714	0.0528996	0.00795547	0.0558225	0.022041	0.00660172	0.073613	0.0137201	0.0135066	0.133483	0.00181938	0.029427	0.0601766	0.134094	0.0567227	0.0116451	0.00091441	0.0071062
13	0.119158	0.0245768	0.00545084	0.00886444	0.150227	0.0131171	0.0495679	0.0125912	0.00823735	0.0191534	0.013658	0.0177563	0.119479	0.0139745	0.00715231	0.198534	0.026077	0.0720483	0.00740019	0.112976
14	0.0235469	0.00837439	0.00132475	0.00154348	0.402768	0.00698701	0.0257151	0.027811	0.0044501	0.027933	0.026327	0.00504533	0.0017583	0.00732903	0.00557377	0.023444	0.0112549	0.0259317	0.0190854	0.343797
15	0.089813	0.000833063	0.165688	0.35285	0.00177787	0.0630363	0.010085	0.00362651	0.068126	0.00816195	0.00128835	0.041461	0.00967046	0.0972028	0.0175405	0.0366679	0.0249003	0.00610797	0.000280269	0.000881965
16	0.0263089	0.0049254	0.347453	0.24806	0.00127973	0.0315657	0.0276602	0.00595227	0.0252765	0.00459192	0.00444067	0.088795	0.00291653	0.0366041	0.0473075	0.0522868	0.0326448	0.00934003	0.000195282	0.00239541
17	0.0738914	0.00325906	0.00632346	0.00321628	0.00323392	0.00749518	0.203988	0.00436709	0.0160219	0.0155687	0.00516071	0.44055	0.00163994	0.0489431	0.0156957	0.0664172	0.0720576	0.00855178	0.000793969	0.00282509
18	0.017333	0.00720494	0.401113	0.196111	0.000994144	0.0188924	0.0312454	0.00692929	0.0209986	0.00311847	0.0058094	0.102417	0.00141765	0.0274694	0.0547722	0.0578665	0.0337125	0.0094181	0.000234248	0.00294285
19	0.00823525	0.00536277	0.000388165	0.000472671	0.00264428	0.00118112	0.002059	0.443264	0.000661748	0.145421	0.0410021	0.00145905	0.00111472	0.000573953	0.000640146	0.00176426	0.00283816	0.339485	0.000146503	0.00128665
20	0.0296352	0.00817939	0.000512497	0.000632434	0.0075595	0.00255293	0.00517623	0.362665	0.000806468	0.0299216	0.0187527	0.00481763	0.00173421	0.00142324	0.000795865	0.00749183	0.00557459	0.506783	0.000182566	0.00480247
21	0.0034997	0.00408652	0.0004238	0.000586306	0.00226488	0.000643214	0.00182435	0.495221	0.000775706	0.234648	0.0625257	0.000718516	0.000330646	0.000670701	0.000731251	0.0012925	0.00182983	0.187117	0.000164106	0.000646514
22	0.116142	0.00933204	0.0270899	0.0451977	0.0144227	0.0240399	0.0255609	0.0385187	0.0475129	0.0334257	0.0169244	0.0315535	0.20527	0.0283853	0.0230558	0.135061	0.100418	0.0610573	0.0031206	0.0139113
23	0.0463312	0.0289919	0.000764639	0.00493513	0.0970582	0.00482966	0.00175502	0.238507	0.00126214	0.221925	0.0630144	0.00120532	0.000747734	0.00372802	0.00103214	0.00871895	0.0130733	0.233909	0.00365675	0.0245545
24	0.174811	0.00820903	0.0098796	0.0338398	0.0051341	0.00912472	0.0113162	0.065275	0.00676709	0.0132797	0.0301917	0.0136046	0.0675731	0.0519906	0.00478985	0.066268	0.137833	0.227247	0.0210331	0.0418322
25	0.106224	0.0695436	0.0100128	0.00761156	0.0192321	0.0216795	0.00852137	0.131754	0.0136331	0.0857714	0.035846	0.0234855	0.014716	0.0185922	0.00673504	0.112019	0.1247	0.175359	0.00175567	0.0128069
26	0.0034997	0.00408652	0.0004238	0.000586306	0.00226488	0.000643214	0.00182435	0.495221	0.000775706	0.234648	0.0625257	0.000718516	0.000330646	0.000670701	0.000731251	0.0012925	0.00182983	0.187117	0.000164106	0.000646514
27	0.0860955	0.00481237	0.0792074	0.247038	0.0119084	0.0582125	0.0307663	0.00538967	0.0560504	0.0233616	0.0134843	0.0511113	0.00280213	0.0968999	0.0445878	0.109765	0.0543328	0.011145	0.000403166	0.012626
28	0.0550451	0.00523948	0.122354	0.332243	0.00928345	0.0445006	0.025469	0.0134785	0.0452986	0.0224673	0.011122	0.0496651	0.0148216	0.101373	0.0317223	0.0474551	0.0383766	0.0203839	0.000657707	0.00904307
29	0.0083311	0.0110329	0.000249215	0.00263613	0.0340975	0.00154728	0.000339172	0.163972	0.00159454	0.652137	0.0417568	0.00163936	0.00281224	0.000407511	0.00166756	0.00165674	0.00167948	0.0628709	9.26587e-05	0.00947923
30	0.0377052	0.00360769	0.320772	0.283435	0.00283222	0.0325578	0.0212276	0.00620963	0.0320714	0.00895055	0.00434094	0.059886	0.00480892	0.0618252	0.0322334	0.0439974	0.0292442	0.0107645	0.000224542	0.00330533
31	0.154326	0.00444332	0.0648407	0.038852	0.00687924	0.10279	0.020739	0.00255357	0.166366	0.0130531	0.0107364	0.121361	0.000906128	0.0387481	0.0752116	0.124725	0.0405785	0.00772672	0.000408506	0.00475467
32	0.0424524	0.00311021	0.248007	0.308454	0.00192731	0.0422821	0.0233107	0.00682382	0.0349184	0.00979645	0.00327977	0.0710361	0.00684494	0.0584538	0.0357592	0.0522408	0.0364151	0.0125341	0.000193475	0.00215995
33	0.0262821	0.00228067	0.00239437	0.00372081	0.00448097	0.00344121	0.00413778	0.113863	0.130013	0.304596	0.0265498	0.0284063	0.002704	0.0115452	0.13817	0.0238504	0.0625787	0.0954367	0.000903863	0.0146447
34	0.121574	0.00757959	0.0419649	0.0332789	0.0148199	0.30913	0.0688519	0.00818529	0.0384385	0.019339	0.0108011	0.132166	0.00877256	0.0286181	0.0271997	0.070755	0.0300422	0.0172483	0.00189826	0.00933698
35	0.101603	0.0235136	0.0203951	0.00375748	0.237297	0.00703191	0.031107	0.0334679	0.0745392	0.0328807	0.0108514	0.00716578	0.00239296	0.0311155	0.0628443	0.017654	0.0163812	0.0371809	0.0340147	0.214806
36	0.144259	0.0080434	0.0118376	0.0365099	0.0668063	0.0421642	0.0752056	0.00891582	0.0148279	0.0161741	0.00958418	0.170167	0.00745009	0.0691034	0.0120848	0.221008	0.0222658	0.0183458	0.00266615	0.0425818
37	0.496128	0.02568	0.00480496	0.00784379	0.00822496	0.0206119	0.00344911	0.0105944	0.00540036	0.00789867	0.00814476	0.01294	0.00319281	0.00711374	0.00419516	0.192913	0.107921	0.0682172	0.000568428	0.00415767
38	0.0582747	0.00828363	0.0481747	0.0471648	0.0157796	0.0321438	0.0280659	0.0260779	0.121366	0.0269596	0.0184965	0.0458301	0.0126022	0.047865	0.265974	0.0960113	0.0601478	0.0234992	0.00600766	0.011275
39	0.0810892	0.0101852	0.0482359	0.279971	0.0223435	0.0246238	0.0650708	0.00448397	0.0510773	0.0288356	0.0216083	0.0281379	0.000370396	0.135373	0.0436814	0.0701049	0.0515833	0.00882839	0.000165561	0.0242304
40	0.211069	0.0163138	0.00544449	0.00528071	0.0356237	0.0183568	0.027501	0.164087	0.00780679	0.124796	0.017706	0.0435965	0.0122728	0.00976045	0.00575829	0.145511	0.0458818	0.0957268	0.00152078	0.00598663
41	0.059714	0.00404622	0.0446391	0.0374244	0.00746574	0.198296	0.0422774	0.00943315	0.115416	0.0210564	0.0107917	0.0722969	0.0129409	0.0346019	0.211294	0.0736212	0.0248319	0.0132101	0.00167106	0.0049714
42	0.0141096	0.00138408	0.0119488	0.0619739	0.0797368	0.00182982	0.0314146	0.123888	0.0593745	0.136156	0.0482409	0.0912465	0.000996048	0.0412019	0.0620914	0.0315494	0.072651	0.0791947	0.000437371	0.0505749
43	0.00834071	0.0111062	0.000250145	0.00263882	0.0349816	0.00154568	0.000339659	0.163287	0.00161261	0.651457	0.042093	0.00163333	0.00279222	0.000484294	0.00166722	0.0016647	0.00173826	0.0626493	9.38147e-05	0.00962431
44	0.0327595	0.00389267	0.322551	0.273227	0.00167281	0.0367232	0.0241309	0.00580694	0.0283488	0.00590729	0.00380207	0.0783092	0.00386929	0.0453101	0.0407126	0.0493828	0.0312801	0.00990892	0.000205787	0.00219859
45	0.0869121	0.00609611	0.0588081	0.248721	0.0156812	0.0431078	0.0428543	0.00436971	0.0604033	0.0298849	0.0181827	0.0387381	0.000510306	0.1096	0.0560828	0.0975613	0.0549251	0.00903273	0.000140406	0.0183884
46	0.00960855	0.010588	0.000537002	0.00363407	0.0428555	0.00150303	0.000472263	0.154757	0.00363639	0.643575	0.0442671	0.00168832	0.00256023	0.00120604	0.00361843	0.00195363	0.00211238	0.0577319	0.000359489	0.013336
47	0.15792	0.00544001	0.00404854	0.00495759	0.0254166	0.0692271	0.00542811	0.0454043	0.0623395	0.0296526	0.0870466	0.182033	0.13212	0.00607851	0.0239877	0.0532435	0.0288348	0.0528969	0.00138279	0.0225423
48	0.0558654	0.00543277	0.188124	0.144593	0.00563547	0.0435132	0.023994	0.00852414	0.130072	0.0150599	0.0106866	0.0711014	0.0123456	0.0635137	0.103495	0.0637034	0.0325074	0.0139075	0.00114278	0.00678185
49	0.118658	0.0075058	0.060031	0.0293501	0.00860664	0.0504269	0.121076	0.00808132	0.0509014	0.0158462	0.0258174	0.195607	0.00267793	0.0325371	0.0447424	0.0956692	0.0950576	0.0280723	0.00141382	0.00792163
50	0.0438955	0.00503619	0.00223341	0.00713065	0.0220154	0.0144542	0.01338	0.0570731	0.169464	0.0394062	0.0142784	0.0253652	0.00398831	0.0634333	0.381706	0.0391679	0.0492532	0.0217356	0.0186531	0.00833022
51	0.0376321	0.0114699	0.00216922	0.00508203	0.0176533	0.00372043	0.0120779	0.363528	0.00820463	0.209833	0.0686789	0.00721468	0.0032922	0.00621425	0.00821673	0.00838431	0.0155294	0.202048	0.00112204	0.00792882
52	0.00645304	0.00864672	0.000291548	0.00192317	0.0233072	0.00124329	0.000792049	0.267627	0.00131435	0.531341	0.0445693	0.00130975	0.00196503	0.000422219	0.00132516	0.00136965	0.00151029	0.0978478	0.000118375	0.00662369
53	0.206906	0.0171523	0.0167289	0.0189864	0.0217458	0.0695844	0.00950554	0.0144784	0.0368025	0.0296589	0.0290942	0.0923786	0.00304594	0.0251859	0.0165527	0.252174	0.0858709	0.0493397	0.000627317	0.00418219
54	0.0896923	0.0754865	0.00979938	0.00481621	0.0131454	0.0230918	0.00365788	0.177747	0.0100458	0.0765187	0.0410337	0.0174523	0.0144385	0.0201636	0.0028672	0.0737821	0.134206	0.197081	0.00113898	0.013835
55	0.632261	0.0295972	0.000661553	0.00479536	0.00190545	0.0148409	0.00102593	0.00294273	0.00127155	0.00293383	0.00307822	0.00175489	0.00063681	0.00119423	0.00103451	0.140664	0.0854037	0.072166	0.000300915	0.00153034
56	0.0518654	0.0119779	0.0145971	0.0149225	0.0241281	0.0028472	0.0130702	0.0504308	0.0809755	0.395459	0.101059	0.0031258	0.00196869	0.0363784	0.0476223	0.0068275	0.00797123	0.0475742	0.0197533	0.0674459
57	0.0183563	0.00682175	0.000366448	0.000506761	0.004303	0.00227962	0.00275456	0.364505	0.000593866	0.0363112	0.0185319	0.00304292	0.00174306	0.000636316	0.000558158	0.00409831	0.00423141	0.527556	0.000143303	0.00266049
58	0.0269957	0.00379315	0.00596898	0.0109655	0.00545222	0.0113317	0.00645265	0.0122102	0.00767292	0.00315122	0.00199801	0.00594521	0.00560331	0.00222385	0.00217849	0.584834	0.291419	0.00815792	0.00037377	0.003272
59	0.0583411	0.00506634	0.1446	0.0845524	0.00424244	0.0997123	0.0177549	0.00543113	0.17496	0.0085573	0.00687448	0.152947	0.00312992	0.0354813	0.0789251	0.0762902	0.0233035	0.0145059	0.00143776	0.00388647
60	0.0302413	0.00761254	0.420984	0.143244	0.00479454	0.0281436	0.021812	0.00853302	0.0289869	0.00841248	0.00727356	0.0679588	0.00880908	0.0278989	0.0365578	0.086547	0.0441325	0.012371	0.000447992	0.00523866
61	0.0491042	0.0116034	0.00177165	0.00236317	0.0243962	0.00345656	0.00330379	0.308825	0.00289537	0.110647	0.0364341	0.00879901	0.024273	0.00434103	0.00278748	0.00949969	0.0878986	0.300731	0.00101166	0.00585847
62	0.162317	0.042828	0.00990213	0.00798319	0.0354493	0.037226	0.0119061	0.123634	0.0132394	0.0896267	0.0311025	0.0614583	0.0389114	0.0125005	0.00523475	0.138553	0.0571208	0.111666	0.00160938	0.0077314
63	0.017478	0.0048097	0.00148412	0.00599927	0.0475431	0.00101969	0.00148815	0.0400949	0.00609824	0.576755	0.18495	0.00721866	0.000948586	0.0131482	0.00862769	0.00760002	0.0185855	0.0513408	0.000950212	0.0038597
64	0.0501863	0.00724693	0.0221169	0.046513	0.0174192	0.0263369	0.0221204	0.0320237	0.168671	0.0335334	0.0179433	0.0244874	0.0166044	0.0770672	0.299671	0.0502946	0.0451617	0.0214877	0.00784547	0.0132687
65	0.0034997	0.00408652	0.0004238	0.000586306	0.00226488	0.000643214	0.00182435	0.495221	0.000775706	0.234648	0.0625257	0.000718516	0.000330646	0.000670701	0.000731251	0.0012925	0.00182983	0.187117	0.000164106	0.000646514
66	0.0299574	0.00679579	0.00421356	0.00633945	0.0140066	0.00552163	0.0354436	0.0256628	0.349321	0.0140575	0.0214506	0.0180135	0.00118337	0.0418064	0.289798	0.0357363	0.0606518	0.0224942	0.00698525	0.0105617
67	0.60874	0.0301718	0.000889604	0.0046918	0.00369148	0.01908	0.00104274	0.0036091	0.00181668	0.00332902	0.00361168	0.00431383	0.000949742	0.00201147	0.00116352	0.151939	0.0880852	0.0682151	0.000487459	0.00216062
68	0.145975	0.00395135	0.0718626	0.0944402	0.00898641	0.0802183	0.0167865	0.00438104	0.0921421	0.0268791	0.015878	0.0866023	0.000763608	0.0603683	0.078613	0.137412	0.058031	0.00703842	0.000429557	0.009241
69	0.350831	0.0125398	0.00155864	0.00337118	0.00517545	0.0138017	0.00276209	0.0331099	0.00386286	0.0142197	0.0264753	0.0239138	0.00128774	0.0122075	0.00479914	0.248551	0.105581	0.133081	0.000593042	0.00227716
70	0.0129883	0.0202755	0.000382404	0.0027394	0.0443704	0.00209286	0.000609262	0.174751	0.0017078	0.55732	0.0486899	0.0014561	0.00216783	0.00084693	0.00155426	0.0056696	0.00439401	0.101158	0.000726447	0.0161002
71	0.0093552	0.000721255	0.0752585	0.0385979	0.00508378	0.630385	0.0294633	0.00148268	0.026483	0.00251244	0.00105517	0.106679	0.00851779	0.0139847	0.0167913	0.0284374	0.00180827	0.00211948	0.000245071	0.00101885
72	0.00478339	0.00700571	0.000320954	0.00115342	0.0117356	0.000843737	0.00123813	0.386835	0.000938915	0.377821	0.0520361	0.000999689	0.00112034	0.000521858	0.000910888	0.00126784	0.00174014	0.145259	0.000117871	0.00335001
73	0.0669455	0.00819675	0.039607	0.223638	0.00620485	0.0104829	0.0423512	0.00971664	0.112107	0.073604	0.00176703	0.0281567	0.117515	0.0601848	0.0530158	0.0199871	0.050664	0.0661033	0.000483625	0.00926898
74	0.632693	0.0294234	0.000654782	0.0045263	0.00193448	0.0148895	0.000934444	0.00292778	0.00125144	0.00286137	0.0030262	0.00175613	0.000631808	0.0011519	0.00101946	0.141822	0.0851495	0.0715239	0.000281014	0.00154149
75	0.0211493	0.00179959	0.0652507	0.513983	0.00210275	0.0101953	0.00334535	0.0216748	0.030447	0.0137267	0.00318267	0.0388557	0.0023083	0.18236	0.0144756	0.00818829	0.0300087	0.0339684	0.000593636	0.00238483
76	0.0334026	0.00377025	0.296271	0.273059	0.00158443	0.0501428	0.0231434	0.00593346	0.0371813	0.00617695	0.00357228	0.0818468	0.00414154	0.0458706	0.0401372	0.0492758	0.0303681	0.0117087	0.000274791	0.00213922
77	0.0118482	0.00162952	0.000905042	0.00105886	0.417692	0.00175545	0.0301029	0.0215579	0.00152617	0.0200753	0.0159953	0.0015923	0.000823819	0.00750238	0.00240738	0.00601548	0.00908662	0.00985668	0.0142708	0.424297
78	0.0140168	0.00150626	0.0139228	0.0633942	0.0775165	0.00186291	0.0321507	0.119663	0.0616214	0.132621	0.0458506	0.0914711	0.00178148	0.042994	0.0638705	0.0315294	0.0750576	0.0767803	0.000585902	0.0518025
79	0.154631	0.0443103	0.0532605	0.0623244	0.00672925	0.0244577	0.00618811	0.117347	0.00733026	0.0175402	0.0297637	0.0260174	0.119076	0.0128054	0.00606609	0.0490827	0.0662925	0.185117	0.00300953	0.00865051
80	0.0701377	0.00351748	0.00613006	0.00330129	0.00345769	0.00758601	0.201828	0.00475938	0.0157812	0.0154333	0.00525676	0.451288	0.00169512	0.0500376	0.015388	0.0635112	0.0677024	0.00872081	0.00107636	0.00339112
81	0.0808507	0.0106017	0.0478362	0.281462	0.0223087	0.0247148	0.0649544	0.00447443	0.0508689	0.0288556	0.0215411	0.0279285	0.000378539	0.134569	0.0434222	0.0699912	0.0522253	0.00886318	0.000184956	0.0239684
82	0.0504321	0.0464574	0.00272962	0.00241633	0.320049	0.0374336	0.0330744	0.0129599	0.00649599	0.0226993	0.018592	0.0190746	0.00252255	0.0170199	0.00679767	0.0686733	0.009497	0.0505163	0.0140315	0.258528
83	0.0492604	0.0308033	0.000869204	0.00463637	0.101585	0.00583246	0.00189182	0.230626	0.00139607	0.216628	0.0593614	0.00131293	0.000723029	0.00375408	0.00116569	0.00876644	0.0120845	0.241249	0.00355627	0.024497
84	0.0333062	0.00429267	0.0300357	0.0200007	0.017981	0.0231334	0.0323448	0.0210722	0.0422172	0.00587835	0.00369117	0.0095543	0.0202717	0.0042133	0.00371407	0.492237	0.194719	0.0354399	0.000843174	0.00505415
85	0.340023	0.010014	0.00324766	0.003924	0.0534972	0.0748869	0.0227858	0.0618193	0.00477648	0.136386	0.0841065	0.00631301	0.00398683	0.0219488	0.00455354	0.0185083	0.0411279	0.0843531	0.00123606	0.0225063
86	0.0082976	0.0111479	0.000248719	0.00262899	0.0341578	0.00156554	0.000340059	0.1639	0.00160012	0.652013	0.0415287	0.0016218	0.00283323	0.000388142	0.00165944	0.0016616	0.00167311	0.0630315	8.96376e-05	0.00961338
87	0.435815	0.0266407	0.00149959	0.00261185	0.0117677	0.337477	0.00258793	0.00374634	0.00255485	0.0124671	0.00338786	0.00291106	0.00264732	0.00297034	0.00229015	0.0381283	0.0243445	0.0525775	0.0148285	0.0187462
88	0.0216074	0.0134217	0.00214886	0.00838591	0.022695	0.00428398	0.0314107	0.0322435	0.2461	0.0160415	0.0293157	0.0196432	0.000953017	0.055157	0.303007	0.0535784	0.0869239	0.0255455	0.0126829	0.0148555
89	0.0679924	0.0131196	0.00611909	0.00225839	0.291146	0.00791361	0.026728	0.0442636	0.0187706	0.0283919	0.0248567	0.00583476	0.00200776	0.0104118	0.0358826	0.0296028	0.0289007	0.09269	0.0362347	0.226875
90	0.0628461	0.0360269	0.00226753	0.00182658	0.295664	0.024357	0.0322941	0.013793	0.00462123	0.0327649	0.03655	0.0121686	0.00351674	0.00942873	0.00717312	0.112473	0.0109209	0.0618692	0.0351848	0.204254
91	0.00937161	0.000723643	0.0752894	0.0387173	0.0050776	0.62899	0.029374	0.00148184	0.0271365	0.00252467	0.00105785	0.106891	0.00854468	0.0141036	0.0168931	0.0285873	0.00180948	0.00216277	0.000245361	0.00101841
92	0.00683695	0.00549744	0.000438587	0.000546544	0.00369537	0.00110314	0.00192829	0.478102	0.000737165	0.190435	0.0516845	0.00104958	0.000645197	0.000598617	0.000667962	0.00167901	0.00238366	0.250641	0.000162076	0.00116837
93	0.0186265	0.00921515	0.00129347	0.0107192	0.0260221	0.00384098	0.0345375	0.0334249	0.210966	0.0184367	0.0297225	0.0240578	0.00108388	0.0651726	0.288994	0.0732064	0.0998112	0.0268829	0.0116066	0.0123787
94	0.482311	0.00426714	0.00287681	0.00392903	0.005207	0.0809973	0.00472966	0.0180856	0.0109078	0.0143015	0.00501484	0.00506957	0.202401	0.0266282	0.00373432	0.0599943	0.0165453	0.0453526	0.00221001	0.00543687
95	0.0398657	0.00363043	0.00358248	0.004862	0.00641349	0.00674875	0.00657326	0.0634529	0.177722	0.232004	0.0145372	0.0182987	0.00636488	0.0168981	0.265509	0.0190948	0.0498157	0.0518744	0.00341529	0.00933823
96	0.0988826	0.0137133	0.0317144	0.0214193	0.0198005	0.0309064	0.0440626	0.016718	0.0250602	0.0191828	0.0141021	0.190501	0.00692027	0.0299612	0.0176398	0.27385	0.0921713	0.0303692	0.00201263	0.0210128
97	0.201269	0.00327126	0.102547	0.0560144	0.0041715	0.00467336	0.00477343	0.0778217	0.0757919	0.0524598	0.0649724	0.0215871	0.00394657	0.00622297	0.0694867	0.0397492	0.0537882	0.136953	0.00117928	0.019321
98	0.060618	0.00556879	0.0653523	0.352361	0.0110061	0.0345864	0.0314373	0.0103411	0.0455334	0.0203886	0.012438	0.0318918	0.00352326	0.163454	0.0373046	0.0456915	0.0390907	0.0165324	0.000591435	0.0122897
99	0.0726411	0.0117137	0.0437269	0.141921	0.0354784	0.0307085	0.0418258	0.0267614	0.0594491	0.039459	0.0279006	0.0440202	0.0179925	0.16785	0.0502893	0.0674882	0.0484161	0.0394069	0.00409043	0.0288605
100	0.0587078	0.00535245	0.0036869	0.0149067	0.0213906	0.00607135	0.0147264	0.0554654	0.144072	0.0247365	0.0223064	0.0157221	0.00141051	0.0712155	0.30313	0.0878887	0.0949521	0.01664	0.021645	0.015974
101	0.0499125	0.0307324	0.00085833	0.0044847	0.107411	0.00468597	0.00238293	0.232964	0.00152699	0.201931	0.0705295	0.00142174	0.000818208	0.00418567	0.00132315	0.00926638	0.0128371	0.232499	0.00515521	0.0250736
102	0.315293	0.0332678	0.00393793	0.00609308	0.0843172	0.0761994	0.0136444	0.0307108	0.00878453	0.0629235	0.0468414	0.0225513	0.00832307	0.0121013	0.00483004	0.124966	0.036837	0.0716299	0.00504864	0.0316993
103	0.014111	0.00545957	0.000704489	0.00330327	0.0621584	0.000859416	0.000856591	0.0359997	0.00116962	0.585962	0.190616	0.00677921	0.00064652	0.0129586	0.00323621	0.00726257	0.0186864	0.0476977	0.000242884	0.00129014
104	0.0164887	0.00670441	0.396315	0.204688	0.000990965	0.0199096	0.0307514	0.00657607	0.0212669	0.00323713	0.00556918	0.100298	0.00142542	0.0277175	0.0541696	0.0579906	0.0333056	0.00938743	0.000219955	0.00298828
105	0.243707	0.0357627	0.00209946	0.00244167	0.0142484	0.0138439	0.0149873	0.141184	0.00311562	0.211353	0.0986025	0.00352098	0.00478131	0.00507098	0.00283659	0.00876399	0.0235061	0.163537	0.00126196	0.00537552
106	0.00930148	0.0110757	0.000361729	0.00288614	0.0377972	0.00152518	0.000426523	0.156945	0.00175272	0.64107	0.0506621	0.00183491	0.00257659	0.00111191	0.0019682	0.00207812	0.00294914	0.0637938	0.00014094	0.00974318
107	0.0163784	0.00450279	0.000789684	0.00396719	0.050916	0.00102658	0.00104111	0.0285219	0.00131325	0.582845	0.200156	0.00919706	0.000652748	0.0139863	0.00382349	0.00854719	0.0225428	0.0485077	0.00029904	0.000985701
108	0.0193868	0.00741494	0.402254	0.1773	0.00125736	0.0173076	0.0302041	0.00828658	0.0219452	0.00328978	0.00786746	0.114888	0.00149777	0.0277356	0.0561239	0.0567194	0.0341445	0.0090287	0.000292698	0.00305433
109	0.0607263	0.00189106	0.118128	0.137473	0.00304981	0.0166415	0.0267248	0.00417784	0.100314	0.00524178	0.00310151	0.053147	0.293536	0.00422841	0.0303837	0.102151	0.0232828	0.012584	0.000792709	0.00242446
110	0.0164887	0.00670441	0.396315	0.204688	0.000990965	0.0199096	0.0307514	0.00657607	0.0212669	0.00323713	0.00556918	0.100298	0.00142542	0.0277175	0.0541696	0.0579906	0.0333056	0.00938743	0.000219955	0.00298828
111	0.0202307	0.00675449	0.000412651	0.000525164	0.00470655	0.00260334	0.00286756	0.378963	0.000673278	0.0353289	0.0184107	0.00323703	0.00231605	0.000662513	0.00058827	0.00470815	0.00526069	0.508877	0.000157194	0.00271652
112	0.0414254	0.00242392	0.0163412	0.00875608	0.00341123	0.031624	0.0175104	0.0369952	0.201826	0.0256068	0.0474711	0.00502652	0.215494	0.0975819	0.0932176	0.104565	0.0181013	0.0282946	0.00082185	0.00350594
113	0.0169767	0.0177027	0.000362997	0.00288071	0.0480071	0.0023172	0.000863998	0.220685	0.00138082	0.485411	0.0485447	0.00144299	0.0020114	0.00113067	0.00134037	0.00362607	0.0045756	0.126795	0.00103327	0.012912
114	0.00945033	0.00544585	0.000427359	0.000737162	0.00497314	0.00117497	0.00189727	0.43449	0.00075827	0.164633	0.04988	0.00148559	0.00143585	0.00077873	0.000653847	0.00188999	0.00459584	0.313249	0.000268688	0.00177471
115	0.184024	0.0131983	0.00293553	0.00645691	0.0198407	0.0419221	0.00454918	0.0285324	0.0100166	0.0137639	0.0183099	0.055759	0.00393086	0.016404	0.00584097	0.344503	0.154204	0.0709852	0.000603956	0.00422002
116	0.00824345	0.0106718	0.000249603	0.00251605	0.0316728	0.00150497	0.000431068	0.183252	0.00151218	0.628651	0.0431008	0.00156491	0.00267809	0.000416716	0.00155898	0.00162233	0.00166693	0.0697426	0.000106994	0.00883694
117	0.100882	0.0646671	0.0161885	0.00691811	0.0195827	0.0283714	0.00440905	0.1777	0.015792	0.0740643	0.0493042	0.017177	0.0232523	0.0219415	0.00297351	0.100279	0.111151	0.154937	0.00118684	0.00922149
118	0.083642	0.00558493	0.0658721	0.0395576	0.0103207	0.501334	0.0270049	0.00587735	0.0303468	0.011685	0.00659245	0.083809	0.00938828	0.0181719	0.0194417	0.043986	0.0130161	0.0146908	0.00275528	0.00692321
119	0.0406442	0.00257711	0.012968	0.00358184	0.00338498	0.0318245	0.0148512	0.0466658	0.194401	0.0232927	0.0562364	0.00498477	0.192461	0.103966	0.100761	0.106281	0.0215655	0.0350578	0.000964322	0.00353018
120	0.462695	0.0215641	0.0028	0.00645974	0.00862521	0.021105	0.00495933	0.00999319	0.00570461	0.00656421	0.00783027	0.0178474	0.00558792	0.0075037	0.00322051	0.239125	0.103053	0.0606029	0.000604275	0.0041543
121	0.0829023	0.00622088	0.0600425	0.039923	0.00997206	0.527194	0.0268037	0.00477545	0.0277241	0.00873043	0.00400696	0.0864783	0.00855598	0.0161568	0.0171265	0.0381235	0.0102512	0.014678	0.00291243	0.00742174
122	0.0499049	0.00757143	0.00951553	0.0112589	0.0111597	0.0139473	0.00838651	0.0143624	0.00945005	0.0053256	0.00543893	0.0169963	0.00592231	0.00567746	0.00433992	0.523848	0.272421	0.0172413	0.000611304	0.00662067
123	0.30196	0.017014	0.0226244	0.0227893	0.0157028	0.249407	0.01307	0.0113178	0.0238286	0.0175586	0.0103244	0.0407372	0.0127051	0.0177853	0.0169075	0.104052	0.0403861	0.0404459	0.00716903	0.0142147
124	0.0524199	0.00618598	0.0300576	0.0320101	0.0120872	0.0303626	0.0292347	0.020617	0.336634	0.0309036	0.0198373	0.0304107	0.0223685	0.0378237	0.187559	0.042587	0.0350293	0.027619	0.00300148	0.0132514
125	0.0684605	0.00994364	0.0191535	0.0160653	0.00986117	0.0151239	0.0113905	0.0185405	0.0130734	0.011071	0.00788936	0.0204777	0.00810536	0.00865633	0.00939714	0.458412	0.261214	0.024616	0.00117473	0.00737461
126	0.0182176	0.0135322	0.000434431	0.00313795	0.0544841	0.00260619	0.00067808	0.160149	0.00158934	0.569978	0.0601707	0.00205538	0.00234054	0.00233884	0.00207345	0.00329725	0.00457339	0.0857418	0.000762442	0.0118393
127	0.00851283	0.0117245	0.000276405	0.00274161	0.036111	0.00153672	0.000341779	0.160963	0.00177794	0.646216	0.0445306	0.00170349	0.00270735	0.000624964	0.00180455	0.00209415	0.00209891	0.0632397	9.58908e-05	0.010899
128	0.619342	0.0307704	0.000705554	0.00444623	0.00267687	0.0148763	0.00100875	0.00301342	0.0014785	0.00295295	0.00272517	0.00261912	0.000685072	0.00147149	0.00119936	0.153243	0.0876425	0.0665112	0.000323586	0.00230866
129	0.00661857	0.00744456	0.000341484	0.00153644	0.0176593	0.00109908	0.00110632	0.33291	0.00113306	0.432158	0.0488497	0.00120155	0.00151605	0.000529653	0.00106717	0.00163317	0.00198586	0.136289	0.000161227	0.00475975
130	0.63146	0.0297177	0.00066045	0.00451343	0.00210082	0.0159795	0.00104239	0.00309038	0.00128698	0.00330452	0.00323775	0.00179419	0.000659417	0.0011923	0.00104476	0.140168	0.0847996	0.071897	0.000347316	0.00170318
131	0.632457	0.0295436	0.000650776	0.00449301	0.00200748	0.0157241	0.000934898	0.0028767	0.00125496	0.0028805	0.00305004	0.00167596	0.00063437	0.00116437	0.00101356	0.141758	0.0846352	0.0713541	0.000308399	0.00158285
132	0.450864	0.023647	0.00148007	0.00289383	0.0110457	0.328924	0.00264705	0.00432374	0.00305154	0.0115126	0.00354961	0.00327986	0.00620327	0.00379217	0.0024006	0.0371054	0.0211259	0.0498894	0.015077	0.0171864
133	0.0162859	0.00568265	0.000981812	0.00367472	0.0544227	0.0011773	0.00113852	0.0447432	0.00287107	0.581818	0.182991	0.00684112	0.000916752	0.0121325	0.00419888	0.00741479	0.0179568	0.0518673	0.000498328	0.00238614
134	0.0810892	0.0101852	0.0482359	0.279971	0.0223435	0.0246238	0.0650708	0.00448397	0.0510773	0.0288356	0.0216083	0.0281379	0.000370396	0.135373	0.0436814	0.0701049	0.0515833	0.00882839	0.000165561	0.0242304
135	0.0346036	0.011512	0.00759345	0.00798591	0.337531	0.0113853	0.0571133	0.0152459	0.0158621	0.017954	0.0100002	0.010903	0.00500345	0.145025	0.0132396	0.0209982	0.0145584	0.0204863	0.0054478	0.237552
136	0.0532962	0.00224538	0.10286	0.0907788	0.00357691	0.100475	0.00784755	0.00382158	0.245537	0.00600774	0.00425934	0.129893	0.0015187	0.0428973	0.0921802	0.0800094	0.0138518	0.0153038	0.000788169	0.00285139
137	0.0452766	0.00231124	0.00747888	0.00154643	0.00314446	0.0106372	0.0328463	0.00817178	0.415313	0.0105594	0.00927557	0.00613872	0.0015267	0.0306385	0.360252	0.0104264	0.0189372	0.0158712	0.00190659	0.00774275
138	0.0034997	0.00408652	0.0004238	0.000586306	0.00226488	0.000643214	0.00182435	0.495221	0.000775706	0.234648	0.0625257	0.000718516	0.000330646	0.000670701	0.000731251	0.0012925	0.00182983	0.187117	0.000164106	0.000646514
139	0.0401161	0.0287765	0.000722287	0.0039873	0.0873501	0.00416355	0.00182692	0.235063	0.00127098	0.241756	0.0687289	0.00117419	0.000711482	0.00344027	0.00114318	0.0107154	0.012018	0.228828	0.00338408	0.0248228
140	0.0183844	0.00697141	0.000365597	0.000490548	0.00439294	0.00230661	0.00278404	0.363424	0.000590108	0.0358805	0.0185044	0.00304739	0.00176078	0.000622165	0.000551942	0.00415565	0.00425986	0.528704	0.000144332	0.00265933
141	0.198871	0.040091	0.00532547	0.00559816	0.0321946	0.0136047	0.00742219	0.00963069	0.00782566	0.00688873	0.00566175	0.0243408	0.00418291	0.00615503	0.00423033	0.365995	0.206905	0.0301646	0.00097266	0.02394
142	0.0419045	0.00309035	0.00881159	0.00362695	0.00420108	0.0106888	0.0329823	0.0100739	0.40954	0.011202	0.0121384	0.00914103	0.00331217	0.0302226	0.341348	0.0162972	0.0238872	0.0176596	0.00210179	0.00777048
143	0.0787874	0.00788097	0.0193024	0.0260664	0.019636	0.0216476	0.0234112	0.0219362	0.0389536	0.0177054	0.0130417	0.0264792	0.134276	0.018456	0.0164349	0.361678	0.105145	0.0316609	0.00184909	0.0156512
144	0.0323502	0.00360482	0.00126345	0.00169836	0.00904641	0.0023644	0.00317893	0.335697	0.00203615	0.0799707	0.0258829	0.0107903	0.0295394	0.00206541	0.00194514	0.00552376	0.0558474	0.394284	0.000438224	0.00247281
145	0.0468465	0.0211037	0.00153477	0.00457055	0.114851	0.00489075	0.00381219	0.256309	0.00266064	0.136388	0.0651237	0.0030611	0.00210357	0.0113838	0.00338064	0.00978621	0.0252768	0.250454	0.00462484	0.0318382
146	0.359256	0.00506312	0.00593109	0.0111412	0.00765707	0.0377325	0.0134874	0.0195512	0.0338554	0.0372586	0.0096529	0.0143488	0.20345	0.0427015	0.0102487	0.0946244	0.0452516	0.0402305	0.00173581	0.00682229
147	0.0137884	0.00607771	0.000863003	0.00363672	0.0616157	0.00109977	0.00107121	0.0358995	0.0013612	0.564535	0.188688	0.00669646	0.00074712	0.0117024	0.00342992	0.0097002	0.0176099	0.0689319	0.000359649	0.00218643
148	0.0143136	0.00528332	0.535599	0.157879	0.00170909	0.0137082	0.0212242	0.00591453	0.0151578	0.00389401	0.00515856	0.0665785	0.00153817	0.0255843	0.0372598	0.0537451	0.0238079	0.00820828	0.000407837	0.00302853
149	0.00803393	0.0107008	0.000259848	0.00255004	0.0327747	0.0014874	0.000391091	0.185799	0.00161709	0.626586	0.0435167	0.0015441	0.00263701	0.000407539	0.00167055	0.00166316	0.00167485	0.0672237	9.6669e-05	0.0093656
150	0.073713	0.00480293	0.069496	0.042103	0.00690707	0.537895	0.0258249	0.00469125	0.0270909	0.00746135	0.00365539	0.0888628	0.0102305	0.0149674	0.0182789	0.0346835	0.00975076	0.0120837	0.00288473	0.0046168
151	0.0127499	0.001501	0.000753809	0.00100852	0.424156	0.00174721	0.026031	0.0225859	0.00158098	0.0208035	0.0165003	0.00146872	0.000744678	0.00459764	0.00249185	0.00561667	0.00905097	0.00972958	0.0151739	0.421708
152	0.0176282	0.00994382	0.00225725	0.00392272	0.0374796	0.00414782	0.00389805	0.142401	0.00890863	0.574995	0.0723838	0.00594035	0.00338431	0.00734988	0.00822427	0.00743414	0.00937301	0.0686069	0.000987419	0.0107344
153	0.133566	0.00863648	0.0300912	0.0501417	0.0148261	0.0290169	0.0236048	0.0376493	0.063919	0.0357892	0.0190759	0.0321237	0.253382	0.0309871	0.0320159	0.0965379	0.0412564	0.051702	0.00256162	0.0131169
154	0.0671446	0.00407637	0.0662546	0.0427986	0.00629178	0.554493	0.0263354	0.00315269	0.0280684	0.00603202	0.00311296	0.0880343	0.00843896	0.0165256	0.0175783	0.0361542	0.00925793	0.00947259	0.00247718	0.00430072
155	0.0584477	0.00385749	0.235558	0.120739	0.00624802	0.00628193	0.00597421	0.0316251	0.00733097	0.0317481	0.00649128	0.0287314	0.00353152	0.00608897	0.0055842	0.128635	0.295069	0.0112786	0.00127501	0.00550552
156	0.089804	0.000830817	0.165751	0.352923	0.00177342	0.0629169	0.010068	0.0036232	0.0681588	0.00813535	0.00129652	0.0415087	0.00963102	0.0971826	0.0175218	0.0367093	0.0248904	0.00611277	0.000280269	0.000883066
157	0.0886701	0.000894208	0.16937	0.354149	0.00181482	0.061312	0.0102891	0.00371489	0.0661458	0.00809821	0.00149062	0.0421618	0.00938471	0.0957517	0.0176277	0.0368771	0.0247537	0.00630326	0.000266293	0.000925202
158	0.0561365	0.00495214	0.0279456	0.0336714	0.00978452	0.0315384	0.0304647	0.0182515	0.336368	0.0359051	0.0184176	0.0282444	0.0139134	0.0394234	0.201397	0.0408849	0.0345205	0.0251032	0.00233848	0.0107386
159	0.00430679	0.00453846	0.000404769	0.000727094	0.00463724	0.000702909	0.00178462	0.479409	0.000785826	0.245801	0.0638112	0.000750614	0.000512698	0.00073347	0.00078057	0.00146015	0.00253372	0.184737	0.000236044	0.00134598
160	0.158879	0.00460758	0.0722097	0.064704	0.0092097	0.0915998	0.0160021	0.00312977	0.098626	0.0224162	0.0163023	0.103963	0.000691292	0.0499369	0.0756773	0.141386	0.0550452	0.00702777	0.000306154	0.00828097
161	0.137741	0.0128217	0.0147234	0.0489784	0.0135709	0.0161296	0.0603105	0.0547765	0.0324216	0.0869413	0.02109	0.0296191	0.154689	0.0386408	0.0197154	0.0520544	0.0796504	0.10959	0.00251743	0.0140188
162	0.0245699	0.00691671	0.00204807	0.00141189	0.390864	0.00490028	0.0245678	0.024559	0.00544458	0.0308024	0.0209572	0.00388959	0.00139819	0.00555095	0.00721196	0.0200935	0.0104578	0.0191218	0.0330761	0.362158
163	0.297299	0.0166964	0.00280413	0.00324792	0.0305788	0.0599503	0.0184733	0.084982	0.00455979	0.187129	0.0990772	0.00541158	0.00496179	0.0135045	0.00463565	0.0137458	0.0385752	0.100154	0.0010406	0.0131736
164	0.0932522	0.00528363	0.0699818	0.251399	0.0137853	0.0460963	0.0374474	0.00434126	0.0671981	0.0257157	0.0159704	0.0386081	0.00202426	0.114503	0.0531489	0.0860172	0.0507735	0.00823725	0.000257473	0.0159598
165	0.412859	0.00596906	0.00605702	0.0102049	0.00770418	0.0916763	0.00804988	0.021502	0.018998	0.0190468	0.0101065	0.0147455	0.201707	0.0248599	0.00781054	0.0609251	0.0202362	0.0473001	0.00255697	0.00768535
166	0.0375109	0.0212741	0.00073681	0.00321531	0.0713013	0.00376632	0.00211431	0.284918	0.00115073	0.165649	0.0524369	0.00197314	0.00169084	0.00316633	0.000939062	0.00752838	0.0129811	0.305551	0.00248956	0.0196076
167	0.0107739	0.000940244	0.000629231	0.000997731	0.442234	0.00122091	0.0233538	0.0260486	0.00157047	0.0239752	0.0191375	0.00129066	0.000700008	0.0020113	0.00262628	0.00593948	0.00926098	0.0107893	0.0180352	0.398465
168	0.0282443	0.00603831	0.439364	0.16364	0.0036599	0.038524	0.0224247	0.00737675	0.0254231	0.00777602	0.00732753	0.0696098	0.00516446	0.0325474	0.0400105	0.0554343	0.0305071	0.0108723	0.000584233	0.00547195
169	0.19854	0.0121215	0.0196867	0.0165964	0.0134778	0.035507	0.0507606	0.0218671	0.031123	0.0218832	0.0210779	0.169374	0.0108814	0.0329686	0.0239916	0.149049	0.111943	0.0492183	0.00176803	0.00816499
170	0.00969015	0.00918103	0.000326874	0.002847	0.0384908	0.00138069	0.00046391	0.132697	0.00148957	0.637775	0.0788132	0.00291367	0.00223345	0.0031666	0.00215741	0.0028066	0.00567101	0.0604637	0.000118664	0.00731389
171	0.0875174	0.00313292	0.146259	0.224076	0.00840357	0.0640216	0.0230249	0.00398984	0.0578042	0.0175374	0.0097456	0.0669022	0.00290239	0.0644291	0.0497933	0.108335	0.0468353	0.00804149	0.000226087	0.00702227
172	0.0579515	0.0321568	0.00227729	0.00182931	0.325554	0.0265359	0.031932	0.0165595	0.00500057	0.033575	0.0230974	0.0117277	0.00254486	0.0169138	0.00701969	0.0960394	0.0102825	0.0648461	0.0180648	0.216092
173	0.006274	0.00721316	0.000324239	0.00141771	0.0154162	0.00103873	0.00104115	0.341687	0.000981238	0.414059	0.0482684	0.00121649	0.00151409	0.000500494	0.00093743	0.00133523	0.00212846	0.150312	0.000121838	0.00421262
174	0.0928961	0.00466313	0.0556621	0.17864	0.0127897	0.0435306	0.0288257	0.0112729	0.0711872	0.0360073	0.0212375	0.0403073	0.000727278	0.110968	0.0802087	0.112674	0.0712755	0.00769808	0.00179964	0.0176293
175	0.0231171	0.00165464	0.112476	0.0814679	0.00378228	0.287819	0.0124741	0.00282058	0.165792	0.00423731	0.00264788	0.133505	0.00361594	0.0305045	0.0596638	0.0554514	0.00641182	0.0100701	0.000601112	0.00188682
176	0.0182088	0.00324883	0.00498363	0.00574115	0.00633996	0.00211546	0.00387734	0.133089	0.103347	0.363496	0.0748164	0.00916194	0.00135942	0.0230842	0.0915461	0.0163698	0.0314099	0.0751977	0.00367937	0.0289275
177	0.0034997	0.00408652	0.0004238	0.000586306	0.00226488	0.000643214	0.00182435	0.495221	0.000775706	0.234648	0.0625257	0.000718516	0.000330646	0.000670701	0.000731251	0.0012925	0.00182983	0.187117	0.000164106	0.000646514
178	0.0218647	0.00196357	0.0653024	0.505255	0.00227091	0.0103336	0.00470068	0.021758	0.0321332	0.0154263	0.00340132	0.0394836	0.00302343	0.178794	0.0147926	0.009442	0.0319962	0.034908	0.000531562	0.00261879
179	0.0330871	0.0109515	0.000693953	0.00167383	0.0262728	0.00208212	0.0024926	0.370353	0.00125812	0.177062	0.0620637	0.00301352	0.00718738	0.00216318	0.00122596	0.00413627	0.0280408	0.258302	0.00103543	0.00690441
180	0.0884093	0.0153987	0.0439913	0.263347	0.0209774	0.0252767	0.0575325	0.00648097	0.0484768	0.0341688	0.0250072	0.0282638	0.00181048	0.12576	0.0403644	0.0815119	0.0577609	0.0128788	0.000646838	0.0219364
181	0.475903	0.00427924	0.00323869	0.00436779	0.00493771	0.0644563	0.00511289	0.0212388	0.010762	0.0132845	0.0047984	0.00527954	0.210641	0.0238894	0.00358771	0.0684598	0.0174095	0.0521483	0.00144991	0.00475499
182	0.00663388	0.00943982	0.000281539	0.00191411	0.0244109	0.00123496	0.000735918	0.252846	0.00126007	0.542459	0.0462932	0.00135859	0.0020722	0.000485366	0.00129926	0.00154505	0.00176699	0.097028	0.000108792	0.00682548
183	0.194744	0.0131314	0.00391063	0.00579557	0.0135236	0.0360858	0.00396365	0.0225994	0.0101139	0.010809	0.0181361	0.0614112	0.00234604	0.0176721	0.00768699	0.331882	0.172868	0.0684253	0.00060005	0.00429443
184	0.0118941	0.00165369	0.000875572	0.00105879	0.42272	0.00191437	0.030696	0.0219608	0.00152103	0.0199811	0.0162598	0.00165157	0.000818905	0.00756141	0.00241292	0.00610423	0.00982933	0.0101167	0.014478	0.416492
185	0.00697447	0.00629341	0.000621234	0.00140205	0.0144483	0.000867649	0.00145772	0.379046	0.00293704	0.343158	0.0735204	0.00145954	0.00084803	0.00229593	0.00347548	0.00225243	0.00419497	0.150424	0.000386278	0.00393729
186	0.0455297	0.00515701	0.026019	0.0282275	0.0139269	0.0211665	0.0238937	0.02926	0.193242	0.0344403	0.0149939	0.0259167	0.00969897	0.0405054	0.367812	0.0398176	0.039499	0.022947	0.00614359	0.0118038
187	0.0269916	0.0023612	0.0837776	0.0885553	0.00589122	0.501904	0.0282338	0.00387297	0.0350964	0.00705143	0.00400679	0.0940031	0.00828327	0.0289366	0.0216572	0.0366681	0.0108744	0.00784204	0.000752481	0.00324094
188	0.042122	0.00723024	0.0236653	0.0230567	0.0134522	0.0217009	0.0244596	0.0313643	0.18394	0.0428368	0.0173407	0.0217653	0.0107862	0.0395153	0.37619	0.0375242	0.0405772	0.0253812	0.00590474	0.0111869
189	0.0322138	0.00468104	0.00676796	0.0112867	0.00642393	0.0158699	0.00750864	0.0129618	0.0089176	0.00401297	0.00315595	0.00893164	0.00615527	0.00347641	0.00277365	0.565513	0.282926	0.0117258	0.000545633	0.00415167
190	0.00831472	0.0110952	0.000248828	0.00262824	0.0342159	0.00154054	0.00033617	0.163897	0.00159588	0.651206	0.0420549	0.00164377	0.0027962	0.000417013	0.00166408	0.00171973	0.00172432	0.0632189	9.67758e-05	0.00958564
