257	20
1	0.12832	0.0098861	0.0498112	0.0388303	0.00548055	0.0974949	0.028535	0.00419148	0.0465788	0.0232205	0.014328	0.0948286	0.0561024	0.0754621	0.0177622	0.225913	0.0657384	0.0144734	0.000278661	0.00276402
2	0.0099471	0.00120428	0.0137015	0.0132244	0.00168425	0.0180515	0.0262968	0.00944791	0.402476	0.0160875	0.0160668	0.0412184	0.028016	0.0552179	0.215399	0.0478718	0.0442581	0.0151782	0.00591101	0.0187413
3	0.0437347	0.0054962	0.0362665	0.0340028	0.00555139	0.0172683	0.021849	0.0186459	0.232992	0.0298189	0.0121202	0.0859314	0.0219271	0.062157	0.117042	0.106095	0.109645	0.0225135	0.00346139	0.0134816
4	0.0557408	0.00812481	0.0405547	0.0436915	0.00586995	0.0141597	0.0233022	0.0273407	0.215179	0.0303382	0.0136945	0.0937566	0.0265459	0.0669807	0.100503	0.0840526	0.0916526	0.0427097	0.0027527	0.01305
5	0.0142594	0.00646926	0.00580429	0.00727467	0.0710965	0.00524073	0.0061608	0.13017	0.0129217	0.48468	0.0863321	0.00953361	0.00634317	0.00900105	0.00785916	0.013472	0.0148121	0.0877059	0.00423506	0.0166289
6	0.0842461	0.00673018	0.00979099	0.0203671	0.0242251	0.0243124	0.0118885	0.151883	0.0232853	0.154879	0.138772	0.0314369	0.0274412	0.0390107	0.0155613	0.0337267	0.052673	0.133544	0.00275259	0.0134724
7	0.0210892	0.0177683	0.00109625	0.0019167	0.0130003	0.000906486	0.00109115	0.380041	0.00586579	0.0854031	0.0207719	0.00164576	0.00524848	0.00427989	0.00384007	0.00313444	0.00434324	0.425368	0.000279495	0.00291044
8	0.0616048	0.0106157	0.0876576	0.0457269	0.00799153	0.0421409	0.0424941	0.0190766	0.0472864	0.0259005	0.0130152	0.173807	0.0284913	0.0467027	0.0271976	0.152371	0.127977	0.0298879	0.00185914	0.00819659
9	0.0420438	0.0238942	0.039702	0.0303916	0.146964	0.0256576	0.0313046	0.0266169	0.0414648	0.0387028	0.0130265	0.0797644	0.0286531	0.0331944	0.0299939	0.0703897	0.0593007	0.0307513	0.0133161	0.194867
10	0.017249	0.0130781	0.00155091	0.00312869	0.0317161	0.00163341	0.00158879	0.302385	0.00593255	0.248675	0.0470042	0.00285455	0.0046467	0.00415704	0.00355536	0.00407895	0.0052146	0.297761	0.000333848	0.00345593
11	0.0919935	0.0180792	0.0249626	0.0436741	0.0150219	0.0361195	0.0259756	0.043773	0.057575	0.0451012	0.0189401	0.0529755	0.109964	0.0679597	0.039973	0.125087	0.106259	0.0516782	0.00513853	0.0197497
12	0.0762954	0.0121102	0.0275556	0.0931197	0.0058259	0.0158447	0.0451301	0.0181691	0.0450162	0.0191982	0.0034204	0.0414772	0.207576	0.123138	0.0404439	0.104217	0.0683521	0.0435411	0.000677881	0.00889186
13	0.0286822	0.00249783	0.0880898	0.00544247	0.00326237	0.0113852	0.0360208	0.00369061	0.00433067	0.0140971	0.00267817	0.145153	0.00254224	0.0242494	0.00588795	0.286003	0.318603	0.013318	0.000874151	0.003192
14	0.0768942	0.00561555	0.00664757	0.0155652	0.0231558	0.0206147	0.00442562	0.192393	0.0170301	0.194625	0.11899	0.0203609	0.0247266	0.0224619	0.00846103	0.0215429	0.0414033	0.177691	0.000960152	0.00643465
15	0.0279969	0.0027681	0.0880405	0.00578293	0.00338213	0.0110408	0.0359358	0.00371556	0.00447708	0.0139017	0.00278383	0.141887	0.00286697	0.0244284	0.0056818	0.286511	0.321879	0.0130766	0.000854375	0.00298981
16	0.0441137	0.006849	0.193303	0.287334	0.00514271	0.0147989	0.0295172	0.00849505	0.0192195	0.0701599	0.0183018	0.0241709	0.00633546	0.0959431	0.0298813	0.0473565	0.0356308	0.0554259	0.00108253	0.00693806
17	0.0296323	0.0141973	0.303409	0.386205	0.00234946	0.0219849	0.00703595	0.00741674	0.0105417	0.00577922	0.0105746	0.05738	0.0051563	0.0418976	0.0115976	0.0344507	0.0345177	0.00773848	0.000329448	0.00780641
18	0.0285818	0.0144861	0.305825	0.384429	0.00222748	0.022472	0.00681288	0.00734018	0.00994031	0.00598724	0.0111335	0.0575519	0.00493764	0.0412917	0.0111635	0.0342291	0.0349285	0.00821716	0.000341211	0.00810422
19	0.00416871	0.0043576	0.00171794	0.0038071	0.0716669	0.0015883	0.00195212	0.141552	0.00396045	0.568291	0.0941057	0.00299892	0.00165545	0.00261536	0.0024432	0.00392705	0.00352911	0.0806845	0.0008363	0.00414259
20	0.034338	0.0116296	0.00926338	0.0075703	0.0197769	0.00753113	0.0487554	0.0784174	0.205065	0.0316478	0.0151112	0.0257281	0.0188224	0.0717601	0.133492	0.0774076	0.107426	0.0395647	0.00252921	0.0541637
21	0.117443	0.00989888	0.0586274	0.0502614	0.00583323	0.0631572	0.0258314	0.00910368	0.0813743	0.0238299	0.0115589	0.103752	0.0419666	0.0890006	0.0320264	0.179801	0.0736471	0.0186717	0.000280863	0.00393488
22	0.00436236	0.00443469	0.00172021	0.00400455	0.0709343	0.00158546	0.0018944	0.141658	0.00391427	0.567613	0.0951798	0.0030383	0.00172222	0.00275895	0.0025144	0.00405404	0.00351651	0.0802184	0.000798435	0.00407827
23	0.0109171	0.0357033	0.00676135	0.00347034	0.370538	0.00787228	0.0221396	0.0188419	0.00831209	0.0341142	0.00679327	0.00641933	0.00464488	0.00870617	0.00624271	0.0141559	0.0146182	0.0339036	0.0103636	0.375482
24	0.131931	0.0125586	0.0335234	0.0429075	0.00995741	0.1117	0.0207268	0.00484902	0.0383677	0.0276492	0.012098	0.0884088	0.0444497	0.0645026	0.0170204	0.244838	0.0726198	0.018987	0.00048644	0.00241927
25	0.121698	0.00855598	0.0309071	0.0522122	0.00594971	0.0364874	0.022045	0.0130716	0.0725495	0.0231657	0.00672635	0.0782212	0.0430227	0.0656432	0.0338212	0.221357	0.13114	0.0278758	0.00087989	0.00467008
26	0.0390813	0.0295108	0.00183719	0.00380678	0.0215899	0.00262399	0.00157751	0.322865	0.00718276	0.0834039	0.0240448	0.00513016	0.00596209	0.0120465	0.00402106	0.00484845	0.0106633	0.411457	0.000391896	0.0079556
27	0.136319	0.0160582	0.0153642	0.0205648	0.00248784	0.647788	0.004567	0.00738178	0.00907873	0.00616736	0.00298515	0.0393344	0.0128049	0.013949	0.0114049	0.0370398	0.00968696	0.00432397	0.000865898	0.00182834
28	0.113997	0.00699091	0.113323	0.113504	0.00596905	0.0194443	0.0204448	0.0117826	0.113794	0.0193753	0.0143792	0.101598	0.0428825	0.0712587	0.0423964	0.0921186	0.0583048	0.0320748	0.000743118	0.00561947
29	0.0210892	0.0177683	0.00109625	0.0019167	0.0130003	0.000906486	0.00109115	0.380041	0.00586579	0.0854031	0.0207719	0.00164576	0.00524848	0.00427989	0.00384007	0.00313444	0.00434324	0.425368	0.000279495	0.00291044
30	0.104622	0.00655569	0.0902281	0.0943544	0.00339749	0.010171	0.0213886	0.0175925	0.124659	0.029744	0.00505147	0.107388	0.0232534	0.0919966	0.0519215	0.0948284	0.0890461	0.0284422	0.000402561	0.00495624
31	0.110906	0.0133805	0.0289758	0.028879	0.0119407	0.0436549	0.0190615	0.0112088	0.0404797	0.0213865	0.00747455	0.144826	0.0196532	0.0360495	0.0360698	0.253884	0.12938	0.0203106	0.00221556	0.0202628
32	0.23201	0.0987359	0.00746323	0.0161322	0.0321025	0.0245428	0.0150711	0.0362041	0.0147983	0.0260449	0.0260258	0.0277347	0.0231213	0.0330235	0.00985984	0.108222	0.134832	0.113753	0.00602743	0.0142964
33	0.00886407	0.000921286	0.0130948	0.013442	0.00119248	0.0180338	0.0263832	0.00966313	0.408729	0.0149963	0.0159925	0.0418003	0.0253285	0.0529481	0.217101	0.0480659	0.0432692	0.015118	0.00591153	0.0191453
34	0.0217782	0.0171344	0.00128531	0.00247079	0.0148649	0.00151741	0.00121876	0.368874	0.00618523	0.0998323	0.0237695	0.00220514	0.00589203	0.0046601	0.00412017	0.00438041	0.00609065	0.410416	0.000295118	0.00300969
35	0.0210892	0.0177683	0.00109625	0.0019167	0.0130003	0.000906486	0.00109115	0.380041	0.00586579	0.0854031	0.0207719	0.00164576	0.00524848	0.00427989	0.00384007	0.00313444	0.00434324	0.425368	0.000279495	0.00291044
36	0.00972106	0.00107611	0.0130737	0.0140375	0.00171329	0.0173171	0.0262273	0.0101762	0.399994	0.0159507	0.0174869	0.0419392	0.0247652	0.0560987	0.210493	0.0499317	0.0499112	0.0150099	0.00612286	0.0189547
37	0.0250056	0.00504465	0.198907	0.0461267	0.00281868	0.0292443	0.101644	0.00374442	0.0117222	0.00653232	0.00875543	0.266215	0.0315761	0.0289233	0.0141676	0.140683	0.0631202	0.0082291	0.000830413	0.00671009
38	0.00901281	0.00115669	0.0133472	0.0132828	0.00178044	0.0206956	0.0258289	0.0100464	0.40444	0.0153658	0.0156818	0.0423077	0.0250943	0.051786	0.215976	0.0482997	0.0456698	0.0155741	0.0060398	0.0186146
39	0.184902	0.0137252	0.0145338	0.0207006	0.0231038	0.0267505	0.0114945	0.0987827	0.0242484	0.080986	0.0815176	0.0410205	0.0475221	0.0475241	0.0068542	0.0686033	0.0677133	0.124228	0.00103129	0.0147579
40	0.0815893	0.0147561	0.0273654	0.0276076	0.0306569	0.0751129	0.0186282	0.0119208	0.0340302	0.0414546	0.00888193	0.142837	0.0192805	0.0317444	0.0233557	0.257364	0.118052	0.0244623	0.00164072	0.00926014
41	0.030199	0.00520376	0.0127583	0.00706922	0.121446	0.0052319	0.0430907	0.0466245	0.0326011	0.25795	0.125377	0.0101692	0.0183789	0.0291641	0.0424617	0.0141645	0.0363145	0.0567383	0.0182841	0.0867726
42	0.120063	0.0152206	0.0294964	0.0395376	0.00380388	0.58313	0.00631534	0.00903429	0.0124206	0.00884077	0.00384809	0.0479949	0.0144055	0.0201396	0.0125139	0.0478563	0.0150457	0.00628133	0.000947415	0.00310442
43	0.00511689	0.031547	0.00621514	0.00212492	0.393737	0.00591052	0.023148	0.0139742	0.00653387	0.0298117	0.00514633	0.00399229	0.00172302	0.00638918	0.0044173	0.00971954	0.0104544	0.0266048	0.00973434	0.4037
44	0.145106	0.0165434	0.0131071	0.0194585	0.00181449	0.683159	0.00322243	0.00739347	0.00704515	0.00493926	0.00185431	0.0329343	0.00992213	0.0101537	0.010572	0.0221869	0.00457846	0.00338296	0.000915578	0.00171084
45	0.00617326	0.0315129	0.00635887	0.002271	0.387438	0.00634416	0.0230803	0.0140449	0.00709648	0.0315323	0.00556312	0.00497607	0.00390051	0.00747551	0.00527488	0.0105031	0.0118153	0.0262139	0.0104831	0.397943
46	0.0252268	0.0201042	0.00122755	0.00223783	0.0147793	0.00103627	0.00124408	0.365281	0.00588885	0.0825453	0.0204183	0.00184931	0.00621902	0.00434026	0.00381256	0.00331763	0.00436629	0.432151	0.000295446	0.00365946
47	0.0709363	0.00466567	0.0970117	0.100079	0.00377839	0.00833405	0.0183914	0.0124837	0.180081	0.0310498	0.006513	0.127132	0.0166603	0.0621954	0.0623849	0.0862783	0.0831243	0.0227023	0.00110341	0.00509565
48	0.00501078	0.031741	0.00617804	0.00211323	0.395414	0.00586943	0.0230285	0.0135288	0.00621211	0.0287081	0.00461141	0.00399185	0.00161931	0.00605735	0.0042852	0.00898009	0.00993075	0.0260796	0.0101142	0.406526
49	0.0150964	0.027686	0.027762	0.0842001	0.0592972	0.0227114	0.0652399	0.0397727	0.0642384	0.0974447	0.0328057	0.052987	0.0053975	0.0509194	0.063744	0.0381291	0.0173364	0.226623	0.0019079	0.00670124
50	0.0531369	0.00430499	0.0978629	0.0689838	0.00363299	0.00893814	0.0186642	0.00994855	0.163733	0.0468909	0.00446096	0.157961	0.00960259	0.046358	0.0728291	0.113016	0.0972663	0.0178822	0.0011112	0.00341604
51	0.0812358	0.0127079	0.0200611	0.102065	0.00284902	0.0152728	0.0430502	0.0190748	0.0371697	0.0163975	0.0022876	0.0362688	0.233605	0.105291	0.0319526	0.115819	0.0662747	0.0500963	0.000536074	0.00798477
52	0.0621126	0.00803459	0.22317	0.30705	0.00771859	0.0114515	0.0172398	0.00828502	0.048536	0.0121269	0.00832594	0.075132	0.0111421	0.0638722	0.0332252	0.0462752	0.0305236	0.0163103	0.000602608	0.00886574
53	0.0235573	0.00541795	0.213662	0.0499385	0.00265495	0.0298078	0.106851	0.00390102	0.0106243	0.0056313	0.00936539	0.264979	0.0364118	0.0286607	0.0140664	0.131751	0.0479809	0.00748577	0.000850699	0.00640267
54	0.196882	0.0407753	0.0189949	0.0238769	0.0148518	0.122525	0.0133241	0.0180133	0.0229783	0.0343089	0.016281	0.067204	0.0386867	0.0366476	0.0152093	0.18365	0.090957	0.0352838	0.00215008	0.00739894
55	0.074939	0.00588656	0.162615	0.219554	0.0058199	0.00828427	0.0255769	0.0117806	0.0697372	0.0278289	0.00808741	0.0740124	0.0138842	0.0939746	0.0474376	0.0672742	0.0459215	0.0254571	0.000611841	0.0113171
56	0.00881216	0.000920173	0.0130874	0.013441	0.00117395	0.0180369	0.026415	0.00967741	0.408605	0.0149246	0.0160464	0.0419627	0.025361	0.0527753	0.217362	0.0480267	0.0432028	0.0150667	0.00586281	0.0192405
57	0.143605	0.0142585	0.0315492	0.0374358	0.0163708	0.0566705	0.0187845	0.0434955	0.0447028	0.0635935	0.0335816	0.072041	0.0672264	0.059887	0.0243473	0.12953	0.0723328	0.0537249	0.00320628	0.0136568
58	0.0210892	0.0177683	0.00109625	0.0019167	0.0130003	0.000906486	0.00109115	0.380041	0.00586579	0.0854031	0.0207719	0.00164576	0.00524848	0.00427989	0.00384007	0.00313444	0.00434324	0.425368	0.000279495	0.00291044
59	0.104742	0.012736	0.062954	0.0475578	0.00918929	0.0542355	0.0298696	0.0101331	0.0804067	0.0229298	0.00995735	0.110473	0.038002	0.0962973	0.0356752	0.17203	0.0746675	0.0190984	0.000544831	0.00850016
60	0.105997	0.00715301	0.042864	0.0695721	0.00573958	0.0248923	0.0232147	0.0156223	0.0958946	0.0317595	0.00549527	0.0921825	0.0473664	0.0825318	0.0420564	0.163131	0.103654	0.0362073	0.000374354	0.00429092
61	0.0123438	0.00406833	0.00527358	0.00333127	0.113577	0.00219965	0.0179261	0.0913984	0.010731	0.463052	0.100868	0.00367421	0.00631763	0.0111942	0.0125337	0.00620286	0.0141432	0.0697202	0.00710312	0.0443417
62	0.038281	0.00533494	0.155011	0.0515321	0.00315089	0.0254401	0.0699651	0.00577274	0.0423604	0.0155271	0.00813536	0.235808	0.0258323	0.0386175	0.0330452	0.142068	0.0848238	0.0123462	0.000991289	0.00595593
63	0.0881437	0.017229	0.0160788	0.0263706	0.00825832	0.309824	0.0129544	0.0593133	0.0444307	0.0324747	0.0126922	0.0410698	0.0581323	0.0298718	0.0534663	0.0714114	0.0569975	0.047349	0.00343924	0.0104929
64	0.0348722	0.00562529	0.0153533	0.00519505	0.123536	0.00510387	0.0431464	0.0479664	0.0300586	0.256192	0.107981	0.00907905	0.0293005	0.0324159	0.0322222	0.0164091	0.0453072	0.0497186	0.0207974	0.0897196
65	0.0337617	0.0159873	0.0150045	0.0143475	0.0569709	0.0122188	0.0418738	0.0267771	0.124134	0.0767923	0.0136958	0.0262219	0.0714739	0.158379	0.116199	0.0478364	0.0977529	0.0205993	0.00370114	0.0262734
66	0.0107647	0.0101453	0.00156644	0.00358227	0.0525668	0.00157461	0.0016219	0.221574	0.00494438	0.414762	0.0777673	0.00308059	0.00316529	0.00351093	0.00340964	0.00399689	0.00409619	0.173739	0.000497187	0.00363447
67	0.127487	0.0111152	0.0381715	0.0470448	0.00719238	0.11502	0.0231064	0.00590764	0.0402324	0.0360319	0.0143976	0.0818017	0.0546808	0.080924	0.0174255	0.215707	0.0628866	0.016791	0.00080493	0.00327141
68	0.0390438	0.00618598	0.167317	0.0474965	0.00282781	0.0423194	0.0960784	0.00371365	0.0183545	0.00740221	0.0115879	0.246846	0.0437571	0.0381262	0.0159438	0.143738	0.0547574	0.00757341	0.000679442	0.00625196
69	0.0697287	0.00781673	0.0509599	0.0680116	0.00570991	0.0279671	0.0255518	0.014094	0.183765	0.0268684	0.0113741	0.0813639	0.0380192	0.0720638	0.0785754	0.123804	0.0785201	0.0235268	0.00299996	0.00927926
70	0.0571151	0.0241895	0.00525234	0.00845936	0.00917394	0.0134352	0.0232151	0.132761	0.0677215	0.0453731	0.0182068	0.0348718	0.0457444	0.0292552	0.0642897	0.104708	0.168286	0.125482	0.000864431	0.0215959
71	0.00410982	0.0043689	0.00170129	0.00381448	0.0714308	0.00159237	0.00189603	0.141841	0.00393727	0.568716	0.094031	0.0029821	0.00161714	0.00261765	0.00242413	0.0039211	0.00346113	0.0807219	0.000798901	0.00401669
72	0.0127418	0.00159047	0.0187277	0.0173118	0.00178132	0.0175944	0.0248673	0.0105709	0.377076	0.0187553	0.0155633	0.0516861	0.0233434	0.053712	0.200824	0.0580037	0.0575305	0.0156115	0.00559556	0.0171126
73	0.147047	0.0124836	0.0417471	0.0368236	0.00740496	0.0973871	0.0238804	0.00752738	0.0412255	0.024343	0.0153852	0.0843337	0.0559799	0.0717632	0.0166868	0.222567	0.0675543	0.0219218	0.00064513	0.00329273
74	0.106009	0.0398843	0.0122153	0.0185979	0.0238164	0.216783	0.00725558	0.00519606	0.00821121	0.0208832	0.00627785	0.118125	0.0169585	0.0132946	0.00758037	0.235437	0.117873	0.019187	0.00101401	0.00539906
75	0.0391309	0.0115035	0.281444	0.370691	0.00289016	0.0180979	0.00972418	0.00958524	0.0138264	0.012769	0.0106115	0.0498255	0.00776232	0.0460168	0.0172034	0.0418819	0.0338387	0.0155283	0.000446395	0.00722266
76	0.135065	0.00991747	0.0425772	0.0403212	0.00626527	0.0946559	0.0246476	0.00483835	0.0455481	0.0273847	0.0148873	0.0923916	0.0535122	0.0758573	0.0186193	0.226344	0.0674308	0.0169202	0.000290423	0.00252654
77	0.0832609	0.0394368	0.00368586	0.0100426	0.0042991	0.0277089	0.0109682	0.143568	0.0314981	0.0404853	0.00980213	0.0275998	0.0593467	0.00878118	0.0407839	0.136758	0.166707	0.142729	0.00163715	0.0109021
78	0.0162102	0.00154355	0.0234567	0.0256752	0.00170807	0.0167828	0.0252436	0.0101853	0.383227	0.0169003	0.0150327	0.0472726	0.0245483	0.0568605	0.198616	0.0512594	0.0464026	0.0161872	0.00550993	0.0173787
79	0.0376811	0.00649263	0.158211	0.0489658	0.00370803	0.0839536	0.0769757	0.00512198	0.0171464	0.00844706	0.00920731	0.245764	0.0300212	0.035139	0.0151995	0.142001	0.0593198	0.00829301	0.000967028	0.00738508
80	0.121321	0.0387215	0.00432777	0.0104485	0.00706807	0.0239121	0.0113114	0.131118	0.0272885	0.0398114	0.0163748	0.0269509	0.0507646	0.0128442	0.0345527	0.132402	0.154522	0.143549	0.00214722	0.0105629
81	0.0603337	0.00921821	0.0864662	0.0395241	0.00696048	0.0341396	0.0409768	0.015189	0.0564093	0.0256934	0.0123779	0.170343	0.0245946	0.0463599	0.0311743	0.16557	0.140514	0.0242529	0.00209885	0.0078042
82	0.0317615	0.00987816	0.0046419	0.015549	0.0380554	0.00805066	0.00475908	0.210574	0.0105475	0.307375	0.0719726	0.0100749	0.00973628	0.0120327	0.00686327	0.0111631	0.0161709	0.214934	0.000728464	0.00513057
83	0.00919314	0.0289669	0.00688472	0.00284893	0.357953	0.00584086	0.0244586	0.0183907	0.00847312	0.0599689	0.015933	0.00544863	0.00355081	0.00985135	0.00681885	0.0104328	0.0133952	0.0354749	0.0102433	0.365872
84	0.0212308	0.0178529	0.00109655	0.00192098	0.013047	0.000906341	0.00108902	0.379522	0.00586658	0.0852781	0.0207695	0.00165611	0.0052736	0.0042952	0.00382377	0.00313807	0.00433619	0.425705	0.000279759	0.0029134
85	0.169638	0.0419433	0.0278523	0.0407959	0.00963037	0.0711669	0.0214554	0.0166535	0.0484091	0.0239686	0.0136183	0.067784	0.038885	0.0537814	0.0301813	0.183769	0.0987501	0.0326357	0.0024997	0.00658233
86	0.0751916	0.0168221	0.0556541	0.029979	0.0103065	0.280273	0.0232559	0.00963706	0.0242262	0.0144717	0.00736111	0.162181	0.0196677	0.0322805	0.0166353	0.145704	0.0565092	0.0120077	0.00137323	0.00646376
87	0.00410982	0.0043689	0.00170129	0.00381448	0.0714308	0.00159237	0.00189603	0.141841	0.00393727	0.568716	0.094031	0.0029821	0.00161714	0.00261765	0.00242413	0.0039211	0.00346113	0.0807219	0.000798901	0.00401669
88	0.115953	0.0110829	0.0456598	0.0521915	0.00693129	0.0636183	0.0297052	0.0109675	0.0619891	0.0251179	0.0114258	0.0910906	0.0796133	0.0795287	0.0276387	0.184975	0.0703756	0.0252361	0.000823218	0.00607661
89	0.0241126	0.00318478	0.0213197	0.0200335	0.00300112	0.0160364	0.0245898	0.0117765	0.342012	0.0228214	0.0141981	0.0467612	0.0515151	0.057477	0.186457	0.0582054	0.0530127	0.0215521	0.00500881	0.0169247
90	0.0282752	0.0024873	0.0877892	0.00546304	0.00320812	0.010993	0.036847	0.00363708	0.0041643	0.0136622	0.00263924	0.145252	0.00255853	0.0247525	0.00540983	0.284534	0.321261	0.0131857	0.000862386	0.00301767
91	0.0380054	0.00621424	0.0104824	0.00767105	0.064258	0.00610247	0.0285816	0.0629649	0.016624	0.295214	0.118309	0.0110782	0.0179487	0.0197373	0.0223536	0.0161813	0.0584077	0.0526352	0.0709567	0.076274
92	0.125275	0.0108278	0.0500397	0.0419184	0.00596982	0.0875594	0.0282368	0.00586781	0.0558752	0.0229876	0.013871	0.0956561	0.0513833	0.0784325	0.0211107	0.215103	0.0700124	0.0165418	0.000256035	0.00307616
93	0.038114	0.0074704	0.166152	0.298796	0.00670502	0.0154755	0.0339586	0.00925687	0.0141357	0.0917558	0.0203825	0.0159733	0.00615359	0.0956725	0.0250853	0.0447889	0.0333675	0.069076	0.00137604	0.00630495
94	0.102086	0.00914226	0.0479106	0.0798476	0.00423128	0.0226817	0.0391602	0.0162565	0.0903572	0.0264462	0.00599901	0.0861051	0.0712877	0.115578	0.0373431	0.123292	0.0824853	0.0335911	0.000563199	0.00563546
95	0.0276631	0.0149161	0.30925	0.385159	0.00225829	0.0219526	0.00645913	0.0073232	0.00997748	0.00438855	0.0106257	0.0601261	0.00485636	0.0401555	0.0110443	0.0340462	0.0347364	0.00673595	0.000335287	0.00799055
96	0.00410982	0.0043689	0.00170129	0.00381448	0.0714308	0.00159237	0.00189603	0.141841	0.00393727	0.568716	0.094031	0.0029821	0.00161714	0.00261765	0.00242413	0.0039211	0.00346113	0.0807219	0.000798901	0.00401669
97	0.0656353	0.00797043	0.124382	0.151039	0.00671723	0.00997801	0.032682	0.0396912	0.0965686	0.0250039	0.00769725	0.0638211	0.0216103	0.0960743	0.0531523	0.0655373	0.0842255	0.0241851	0.00120286	0.0228254
98	0.107773	0.00817897	0.0754234	0.076084	0.0036809	0.0136907	0.0221708	0.0155052	0.129099	0.0281308	0.00510503	0.111167	0.0247922	0.0999973	0.0520536	0.109679	0.0860174	0.0263561	0.000397389	0.00469736
99	0.075661	0.00534541	0.00851577	0.0286409	0.0179285	0.0196395	0.010525	0.159374	0.0204812	0.161276	0.169859	0.041859	0.0218678	0.0272027	0.0355031	0.0281229	0.0424975	0.113771	0.00253734	0.00939281
100	0.015208	0.0376323	0.00669497	0.00387563	0.364483	0.0102847	0.0227851	0.0172844	0.00797352	0.0330774	0.00733272	0.0084387	0.00503461	0.00888603	0.00608068	0.0190799	0.0170008	0.032156	0.0102121	0.366479
101	0.129463	0.0094687	0.0418251	0.0416547	0.0074139	0.0927628	0.0276076	0.00463305	0.048972	0.0250034	0.0129703	0.0952468	0.0490878	0.073491	0.0210089	0.234312	0.0661014	0.0162644	0.000269434	0.00244415
102	0.0791679	0.0131084	0.0199562	0.100792	0.00282837	0.0163169	0.0446694	0.0183881	0.0366785	0.0160917	0.00237371	0.0364405	0.236299	0.107284	0.0328618	0.114358	0.0648876	0.0490602	0.000584221	0.00785448
103	0.00491043	0.0317857	0.00618609	0.00205856	0.396018	0.00588823	0.022968	0.0135257	0.00615146	0.0287976	0.00460015	0.00394737	0.00156654	0.00605495	0.00414935	0.00897601	0.00973948	0.0261287	0.00989482	0.406653
104	0.127572	0.0164851	0.0189445	0.0213914	0.00314296	0.639067	0.00527579	0.00797008	0.00839097	0.00664777	0.00283199	0.0472747	0.0115311	0.0132208	0.0111219	0.0392184	0.0115855	0.00503746	0.00115455	0.00213639
105	0.0975997	0.00870992	0.0545873	0.0819533	0.00356889	0.0129987	0.0323279	0.0193703	0.102258	0.0261413	0.00496268	0.091605	0.0712949	0.108848	0.0457959	0.108001	0.0864963	0.0370114	0.000313856	0.00615661
106	0.0219915	0.018273	0.00110989	0.00205911	0.0134016	0.000946546	0.00118821	0.376286	0.00591083	0.0846657	0.0207775	0.00176618	0.00550047	0.00433334	0.00396433	0.00334237	0.00445455	0.426529	0.000464033	0.00303532
107	0.0321252	0.0167989	0.00221624	0.00454363	0.0128953	0.00497881	0.00270735	0.340747	0.0119363	0.087649	0.0296821	0.00677524	0.0118292	0.00775178	0.00759784	0.014221	0.0223441	0.3787	0.000307907	0.0041926
108	0.0452285	0.00416746	0.0999316	0.0205501	0.00344086	0.0233604	0.0494855	0.0044395	0.0190934	0.0130997	0.00520805	0.172959	0.0139401	0.0402249	0.0114564	0.231874	0.223632	0.0123186	0.000783171	0.00480747
109	0.116847	0.064487	0.00573006	0.0114134	0.0125936	0.0164421	0.0268914	0.106306	0.037116	0.0308664	0.0136109	0.0268893	0.0338245	0.023092	0.0343757	0.128847	0.169338	0.107042	0.00461379	0.0296731
110	0.0111386	0.00181211	0.013987	0.0143401	0.00203985	0.0181463	0.0269459	0.0117493	0.396034	0.0159529	0.0158089	0.0422355	0.0247653	0.0533847	0.212892	0.0497861	0.0450426	0.0184841	0.00585071	0.019604
111	0.0210892	0.0177683	0.00109625	0.0019167	0.0130003	0.000906486	0.00109115	0.380041	0.00586579	0.0854031	0.0207719	0.00164576	0.00524848	0.00427989	0.00384007	0.00313444	0.00434324	0.425368	0.000279495	0.00291044
112	0.0160387	0.00719744	0.00215496	0.00490345	0.0520941	0.00374893	0.00223638	0.198081	0.00654096	0.421794	0.0823895	0.00495289	0.00504893	0.00562556	0.00352249	0.00604356	0.00811234	0.164655	0.000718837	0.00414129
113	0.0457944	0.0249406	0.0074963	0.00694011	0.0261324	0.00558588	0.039151	0.103707	0.109442	0.0593011	0.0250534	0.0342948	0.0208468	0.0630132	0.0816027	0.0866993	0.124962	0.0821451	0.00107065	0.0518217
114	0.0294488	0.0124659	0.302502	0.33158	0.00283092	0.0207295	0.0180829	0.00692745	0.0134325	0.00504251	0.00987165	0.0898932	0.00782604	0.0403593	0.0129738	0.0447344	0.0345045	0.00838959	0.000417736	0.00798803
115	0.0969314	0.0100806	0.046575	0.0850118	0.00420917	0.0243676	0.0354219	0.0180514	0.075697	0.0205119	0.00532861	0.0783418	0.115323	0.107565	0.0379784	0.120089	0.0724167	0.0392756	0.000345528	0.00647764
116	0.105281	0.00367887	0.010278	0.0231009	0.0158286	0.0301454	0.00477883	0.148513	0.0282924	0.145693	0.12448	0.0306492	0.0351437	0.0352327	0.00869669	0.0322365	0.0578909	0.153074	0.000389037	0.00661699
117	0.1433	0.0294737	0.0239958	0.0274697	0.010413	0.112978	0.0155984	0.0207331	0.0252898	0.0218408	0.0117568	0.0718682	0.0641578	0.043004	0.0138711	0.22176	0.0968967	0.0400452	0.0010988	0.00444942
118	0.00881589	0.000925974	0.0131869	0.0138841	0.00115809	0.0176435	0.0264922	0.00949121	0.405704	0.0152303	0.0164085	0.0429086	0.0247753	0.0541806	0.214773	0.0491251	0.0456213	0.0148595	0.00592621	0.0188899
119	0.134227	0.018261	0.0138137	0.0193544	0.00257581	0.663143	0.003475	0.00759862	0.00779036	0.00568071	0.0021661	0.0386879	0.0108879	0.0112826	0.0119389	0.0326829	0.00941629	0.00397687	0.00118578	0.00185465
120	0.065559	0.0316047	0.00479387	0.0102653	0.00483122	0.0203438	0.012319	0.162177	0.0390864	0.047843	0.0098484	0.0282805	0.0530294	0.0119531	0.0556812	0.123905	0.153203	0.151036	0.000937354	0.0133025
121	0.146349	0.0165693	0.0131235	0.0194028	0.00188955	0.680688	0.00319156	0.0073651	0.00707177	0.00506956	0.00187594	0.0329524	0.00987319	0.0102772	0.0105399	0.0227151	0.00501502	0.00342184	0.000852606	0.00175682
122	0.00735758	0.0306966	0.00655444	0.00273702	0.379033	0.00623975	0.0236389	0.0148246	0.0100073	0.0326837	0.00632619	0.00510383	0.00475688	0.00862017	0.00610193	0.0117805	0.0146519	0.026218	0.011295	0.391373
123	0.0242182	0.0196512	0.00112763	0.00208646	0.014254	0.00101108	0.0011657	0.36759	0.0058147	0.0826881	0.0204171	0.00171567	0.00596304	0.00424687	0.00381224	0.00325087	0.00428772	0.43302	0.000290667	0.00338868
124	0.0614324	0.0619492	0.0207129	0.0260332	0.0217046	0.0238717	0.0302327	0.0443832	0.0430785	0.146582	0.0232755	0.039909	0.0341766	0.0629482	0.100543	0.107472	0.0719829	0.0476858	0.00852843	0.0234989
125	0.00491043	0.0317857	0.00618609	0.00205856	0.396018	0.00588823	0.022968	0.0135257	0.00615146	0.0287976	0.00460015	0.00394737	0.00156654	0.00605495	0.00414935	0.00897601	0.00973948	0.0261287	0.00989482	0.406653
126	0.0281085	0.0146447	0.307851	0.384994	0.00233057	0.0220349	0.00672368	0.00728229	0.0101177	0.00467282	0.0105359	0.0601863	0.0049338	0.0403078	0.0112203	0.0342395	0.034614	0.0069466	0.000336085	0.00791897
127	0.0113112	0.00289106	0.0161528	0.0237884	0.00469614	0.0112413	0.0194063	0.00970195	0.299694	0.0323422	0.0226221	0.0586583	0.0150575	0.0788424	0.128186	0.0812319	0.156263	0.0118885	0.00605119	0.00997322
128	0.00882038	0.000940519	0.0130916	0.0134327	0.00120766	0.0180409	0.0263892	0.00965428	0.408747	0.0149169	0.0160303	0.0419401	0.0253326	0.0527764	0.217152	0.0480749	0.0432284	0.0150787	0.00586795	0.0192777
129	0.127099	0.0123371	0.050385	0.0492254	0.0083251	0.0706616	0.0275856	0.0121492	0.0636784	0.0241257	0.0136704	0.093833	0.0486648	0.083319	0.0245398	0.192886	0.0696759	0.023105	0.000337868	0.00439659
130	0.0342983	0.0160627	0.257249	0.348672	0.00335306	0.0195938	0.0126302	0.0074593	0.0124194	0.0236151	0.0170649	0.0451537	0.00753243	0.0689799	0.0159437	0.0480425	0.0336908	0.0204497	0.000525126	0.00726468
131	0.165876	0.023428	0.0354611	0.0385989	0.0123528	0.117008	0.0185254	0.0395065	0.0379647	0.040453	0.0264784	0.0617385	0.0355898	0.0492347	0.0232841	0.120357	0.0810186	0.0598828	0.00298033	0.0102613
132	0.0430485	0.0082252	0.223266	0.305178	0.00329807	0.0193723	0.020084	0.00712327	0.0102088	0.062493	0.02251	0.0223813	0.00570609	0.0840121	0.0197902	0.048516	0.0398063	0.0483635	0.000830081	0.00578689
133	0.151628	0.00564448	0.123984	0.113812	0.00437896	0.00601579	0.0137489	0.0116824	0.0883709	0.0205188	0.00636701	0.110079	0.0142765	0.0627365	0.096067	0.0535734	0.0685916	0.0421438	0.00111234	0.00526852
134	0.173329	0.0262263	0.0316986	0.0403959	0.0125976	0.105552	0.0198167	0.0401146	0.0390201	0.0367032	0.0258442	0.0579344	0.0404688	0.0468612	0.0247172	0.123151	0.0896432	0.0531458	0.00321044	0.00956966
135	0.0586976	0.0125099	0.00506889	0.0098584	0.0146433	0.0124133	0.0034379	0.282766	0.0185218	0.105233	0.0679642	0.0133728	0.0179159	0.0170319	0.00786078	0.0173012	0.0306644	0.298538	0.000461255	0.00573906
136	0.102316	0.00725779	0.0771301	0.0784207	0.00328856	0.0105998	0.0220329	0.0166093	0.134916	0.0299226	0.00460443	0.111944	0.0235277	0.098201	0.0532491	0.105612	0.088678	0.0268089	0.000354993	0.00452572
137	0.117656	0.00944454	0.0784917	0.0471697	0.00502666	0.0808463	0.0477204	0.00507694	0.0495486	0.0177119	0.0140192	0.118728	0.0441079	0.0741496	0.0186363	0.188058	0.064677	0.0133667	0.000457989	0.00510772
138	0.0122935	0.00413087	0.00404058	0.00466228	0.0844082	0.00310553	0.00965641	0.117757	0.00839728	0.497683	0.10701	0.00432281	0.00569354	0.00761847	0.00872427	0.00628311	0.0117176	0.0754507	0.00523902	0.0218055
139	0.0197574	0.00486446	0.213855	0.0486387	0.00258703	0.0272369	0.107637	0.00362214	0.00887282	0.00515512	0.00907986	0.277417	0.0340626	0.0275955	0.0138005	0.130114	0.0510629	0.00715352	0.000856301	0.00663127
140	0.104943	0.0164235	0.032285	0.022532	0.00219886	0.596282	0.00723998	0.00976033	0.0159534	0.00685527	0.00309527	0.0694802	0.0120554	0.0242348	0.0107154	0.044848	0.0127433	0.00474505	0.000970384	0.00263857
141	0.0405511	0.0153457	0.00838233	0.00737643	0.0281589	0.00494141	0.0509162	0.100917	0.141859	0.0367577	0.0149111	0.0221609	0.0167436	0.0759463	0.0960257	0.0966797	0.14027	0.0464813	0.00166342	0.0539118
142	0.0890735	0.0525411	0.00840874	0.0166356	0.0333169	0.0136003	0.0155649	0.0818673	0.0520573	0.0863234	0.0543076	0.0461087	0.0157062	0.0690607	0.0288527	0.0460954	0.106831	0.1574	0.00136896	0.0248791
143	0.0464541	0.0123245	0.0106539	0.01134	0.0898299	0.0111092	0.0160602	0.0344119	0.0269393	0.243843	0.0389261	0.0255068	0.141729	0.024742	0.0319842	0.0498914	0.0469052	0.0241994	0.0449505	0.0681993
144	0.0835717	0.0130022	0.02076	0.101584	0.00293723	0.0151254	0.0407449	0.019924	0.0374603	0.019062	0.00286284	0.0371681	0.226065	0.102704	0.0309536	0.118993	0.0668057	0.0518658	0.000654475	0.00775665
145	0.130111	0.0157777	0.0139112	0.021596	0.00232296	0.662252	0.00395646	0.00716395	0.00808178	0.00584624	0.00234338	0.0380735	0.0132186	0.0124806	0.0109406	0.0364494	0.00865152	0.00422524	0.00099691	0.00160163
146	0.115185	0.0413763	0.00676388	0.0193002	0.027919	0.226738	0.00495277	0.0045594	0.00566665	0.0222955	0.0055655	0.105277	0.0155271	0.00885221	0.00643959	0.246573	0.111205	0.020139	0.000888445	0.00477619
147	0.144203	0.0133472	0.00844895	0.0409569	0.00495305	0.0134283	0.022006	0.0212886	0.0502963	0.013254	0.00618631	0.0444263	0.0256445	0.0338881	0.0274344	0.278299	0.221554	0.0205861	0.00348222	0.00631651
148	0.0486252	0.00705184	0.224014	0.252541	0.00388486	0.0257543	0.0192225	0.00729562	0.00941811	0.0752817	0.0244108	0.0186034	0.00524665	0.0827105	0.0185799	0.0638698	0.048223	0.0589623	0.000973558	0.00533191
149	0.115386	0.0101762	0.0490046	0.0569017	0.005661	0.0553642	0.0288593	0.0114245	0.0688754	0.0226158	0.0094769	0.0859006	0.086721	0.0984962	0.0343787	0.157521	0.0723327	0.0248047	0.000450836	0.00564933
150	0.00410982	0.0043689	0.00170129	0.00381448	0.0714308	0.00159237	0.00189603	0.141841	0.00393727	0.568716	0.094031	0.0029821	0.00161714	0.00261765	0.00242413	0.0039211	0.00346113	0.0807219	0.000798901	0.00401669
151	0.0609439	0.0146169	0.0106083	0.0153742	0.0182555	0.0132331	0.0275542	0.123143	0.0459755	0.088892	0.0663641	0.0564074	0.0235023	0.0723764	0.0333888	0.0767121	0.104756	0.129218	0.00162598	0.0170523
152	0.0257703	0.0208451	0.00163911	0.00239976	0.0139806	0.0017105	0.00188305	0.359564	0.00744456	0.0860268	0.0210288	0.00275298	0.00759566	0.0048605	0.00564498	0.00873203	0.0113713	0.412684	0.000332228	0.00373365
153	0.00912988	0.00119228	0.0127368	0.0140109	0.00190257	0.0169188	0.0260755	0.0107256	0.397959	0.0165788	0.0173987	0.0418424	0.024191	0.0571215	0.20749	0.0517328	0.0537268	0.014695	0.00593474	0.0186366
154	0.00498585	0.0316772	0.00621727	0.00210387	0.394873	0.00589091	0.0230662	0.0137518	0.00635707	0.0300951	0.00529218	0.00393427	0.0016622	0.00609642	0.00440282	0.0092153	0.00991515	0.0263271	0.00981419	0.404322
155	0.12043	0.0126763	0.0397797	0.0515507	0.00703576	0.0548451	0.0289661	0.0178427	0.0691311	0.0248534	0.0126696	0.0795265	0.078626	0.0780927	0.0333115	0.171523	0.0794121	0.0318429	0.000885356	0.00699908
156	0.108138	0.0059511	0.101552	0.0944396	0.00338255	0.00958634	0.0202769	0.0145241	0.119791	0.0262971	0.00516497	0.112553	0.0226415	0.0893264	0.056234	0.0898835	0.0844839	0.0308661	0.00041252	0.00449541
157	0.0846554	0.0114868	0.095965	0.0517025	0.00450449	0.0593852	0.0574872	0.00711333	0.0490243	0.0158614	0.0110303	0.136074	0.062938	0.0697062	0.0209863	0.171667	0.0697137	0.0158981	0.000323184	0.004477
158	0.238036	0.0242917	0.0131888	0.0179361	0.0229375	0.0328021	0.020019	0.0576711	0.0230644	0.0363712	0.0532445	0.0359263	0.0519183	0.0563152	0.00658535	0.112179	0.0859749	0.0969423	0.00312206	0.0114742
159	0.132755	0.00984569	0.0439201	0.0393871	0.00586564	0.0972726	0.0258674	0.00435612	0.0457162	0.0250859	0.0145774	0.09134	0.0539079	0.0767502	0.0185638	0.229054	0.0674594	0.0154806	0.000282824	0.00251196
160	0.109813	0.00315628	0.00947054	0.0197877	0.0228619	0.0321732	0.00544944	0.14493	0.0210201	0.151599	0.12453	0.0273674	0.0367911	0.0307255	0.00754343	0.0319213	0.0650613	0.145238	0.000925757	0.009636
161	0.112949	0.00303705	0.0093833	0.0210122	0.017401	0.0328102	0.00403201	0.147663	0.0216004	0.148163	0.128015	0.0284639	0.0375652	0.031375	0.00697091	0.0314099	0.0627128	0.14832	0.000303748	0.00681239
162	0.132368	0.0102844	0.0434989	0.0415019	0.00573523	0.094361	0.0260276	0.00507045	0.0460538	0.0249236	0.0147695	0.0901579	0.0594976	0.0788126	0.0184097	0.222436	0.0662818	0.016736	0.000318484	0.00275545
163	0.110827	0.0136916	0.031592	0.0418145	0.0300735	0.0153551	0.0576295	0.0639901	0.0398155	0.0252095	0.0161104	0.0351402	0.109071	0.121867	0.0301374	0.106342	0.0595089	0.0584801	0.00149293	0.0318518
164	0.11317	0.00302014	0.00939267	0.0208653	0.017452	0.0329473	0.0039983	0.147272	0.0216291	0.148433	0.12772	0.0282603	0.037567	0.0314673	0.00687743	0.0314654	0.0629742	0.148372	0.000301231	0.00681562
165	0.0675812	0.042777	0.0112995	0.0280696	0.0582429	0.0293937	0.0163405	0.0248308	0.0499426	0.085169	0.00932818	0.0402862	0.115899	0.0882066	0.0519739	0.0636459	0.0818627	0.0151715	0.0120313	0.107948
166	0.0736536	0.00626797	0.131949	0.0527251	0.00535671	0.0401427	0.0378711	0.00588457	0.0339648	0.0218683	0.0104968	0.129236	0.0245667	0.0492916	0.018171	0.209015	0.114564	0.0296426	0.000755038	0.00457784
167	0.129651	0.0103858	0.0460707	0.037948	0.00587234	0.104247	0.02704	0.0041183	0.0443445	0.0242287	0.0145241	0.0925233	0.0549987	0.0744165	0.0172331	0.228099	0.0667199	0.0146442	0.000305135	0.00262963
168	0.0347428	0.00518398	0.0107656	0.00746973	0.104498	0.00585058	0.0463532	0.0612311	0.0228474	0.264455	0.133127	0.0110989	0.0134609	0.0272729	0.0310342	0.0125918	0.0339837	0.0775045	0.0184521	0.0780768
169	0.0716955	0.0331452	0.00440826	0.0103192	0.00380572	0.0285412	0.0101811	0.146564	0.0301087	0.0467732	0.00750838	0.0289231	0.0593091	0.00815681	0.0414082	0.147999	0.163459	0.146046	0.0011772	0.0104706
170	0.130021	0.00968378	0.0473687	0.0380668	0.00563565	0.0997228	0.0264549	0.00421889	0.0454395	0.0233139	0.013867	0.0923798	0.0590031	0.0751249	0.0180095	0.228958	0.0651792	0.0146845	0.000274924	0.00259239
171	0.113194	0.00302181	0.00938302	0.0208586	0.0174669	0.0329614	0.00400582	0.147164	0.021606	0.148388	0.127703	0.0283075	0.0376133	0.0314348	0.00687323	0.0315048	0.0630599	0.14833	0.000299571	0.00682505
172	0.254149	0.043367	0.0110784	0.0184343	0.0158804	0.0838307	0.013073	0.0210089	0.0157133	0.0198904	0.0268826	0.0526755	0.042194	0.0321786	0.00727426	0.159959	0.116928	0.0562621	0.00336433	0.00585637
173	0.156215	0.0119672	0.0369257	0.0362571	0.00758696	0.0911841	0.0223612	0.00825166	0.0391001	0.0297998	0.0191361	0.0814577	0.0548984	0.0754931	0.0167199	0.213637	0.0709024	0.0236606	0.000725648	0.0037202
174	0.113194	0.00302181	0.00938302	0.0208586	0.0174669	0.0329614	0.00400582	0.147164	0.021606	0.148388	0.127703	0.0283075	0.0376133	0.0314348	0.00687323	0.0315048	0.0630599	0.14833	0.000299571	0.00682505
175	0.121437	0.0376702	0.00996879	0.0181126	0.0242551	0.215817	0.00577218	0.00416745	0.00743298	0.0212652	0.00638461	0.108382	0.0195323	0.0121866	0.00696248	0.241764	0.114272	0.0191827	0.000750955	0.00468427
176	0.117411	0.0112808	0.0424581	0.0355813	0.00443237	0.24185	0.0258449	0.00573915	0.0367933	0.0176621	0.0106646	0.0844644	0.0474114	0.0624645	0.0162161	0.173192	0.0513369	0.0120605	0.000556833	0.00258068
177	0.0307304	0.0343689	0.0081519	0.00769301	0.22784	0.008731	0.0475198	0.028971	0.0116634	0.0322435	0.00940259	0.0123635	0.0143773	0.0125441	0.0248813	0.0221348	0.0593606	0.0194942	0.0781868	0.309342
178	0.107672	0.0434441	0.0038195	0.00993742	0.00555242	0.0239513	0.0115865	0.130242	0.0287004	0.0349669	0.0101941	0.0267917	0.0571688	0.00978939	0.0367847	0.138123	0.163451	0.144873	0.00196831	0.0109838
179	0.0211869	0.0177854	0.00115445	0.00193072	0.0132392	0.000911022	0.00112064	0.3789	0.00586112	0.0871843	0.0208749	0.00165258	0.00531263	0.00426378	0.00382611	0.00316676	0.00434206	0.424071	0.000285677	0.00293073
180	0.00491043	0.0317857	0.00618609	0.00205856	0.396018	0.00588823	0.022968	0.0135257	0.00615146	0.0287976	0.00460015	0.00394737	0.00156654	0.00605495	0.00414935	0.00897601	0.00973948	0.0261287	0.00989482	0.406653
181	0.0210892	0.0177683	0.00109625	0.0019167	0.0130003	0.000906486	0.00109115	0.380041	0.00586579	0.0854031	0.0207719	0.00164576	0.00524848	0.00427989	0.00384007	0.00313444	0.00434324	0.425368	0.000279495	0.00291044
182	0.00633228	0.0331534	0.00840438	0.00258978	0.386165	0.00853091	0.0229967	0.0142561	0.00748004	0.0292931	0.00483744	0.00504688	0.00282349	0.00693262	0.00519741	0.0105909	0.0116137	0.0257447	0.0112585	0.396752
183	0.0988153	0.0155333	0.032147	0.022112	0.0048356	0.578765	0.00706742	0.0116272	0.0100748	0.00779008	0.00345165	0.085347	0.010918	0.0191002	0.010986	0.0528182	0.0171934	0.00586376	0.00168729	0.00386733
184	0.0207502	0.00887803	0.00289856	0.00576995	0.0420812	0.00440702	0.0024666	0.236492	0.00702619	0.349837	0.0708921	0.00583622	0.00648257	0.00608733	0.00450618	0.00739104	0.0108363	0.200489	0.00228027	0.00459179
185	0.129361	0.0141732	0.0411842	0.0337619	0.00820064	0.125619	0.0215967	0.00431837	0.0357598	0.0227793	0.0121202	0.0899198	0.057522	0.0624669	0.0148921	0.236006	0.0713566	0.0153896	0.000366089	0.00320654
186	0.0810542	0.012389	0.0246583	0.109874	0.00347667	0.0149128	0.0404267	0.0185406	0.0413564	0.0176815	0.0030727	0.0436276	0.209174	0.110409	0.0315404	0.112391	0.0672317	0.0454555	0.000712022	0.0120159
187	0.0276631	0.0149161	0.30925	0.385159	0.00225829	0.0219526	0.00645913	0.0073232	0.00997748	0.00438855	0.0106257	0.0601261	0.00485636	0.0401555	0.0110443	0.0340462	0.0347364	0.00673595	0.000335287	0.00799055
188	0.274355	0.0597346	0.00517052	0.0159031	0.0123255	0.0239269	0.0165761	0.031649	0.0131629	0.0124896	0.0254892	0.0273408	0.0255633	0.0218754	0.00835949	0.145262	0.199548	0.0672001	0.00739664	0.00667165
189	0.0279542	0.015059	0.30297	0.373496	0.00240947	0.0232074	0.00894028	0.00726233	0.0106364	0.00501966	0.0107647	0.0645002	0.00600609	0.0414188	0.0112694	0.0376154	0.0362913	0.00703684	0.000337694	0.00780377
190	0.0633656	0.00849	0.231519	0.292461	0.00477576	0.0129406	0.0137398	0.0091453	0.0495514	0.011543	0.00885642	0.0750086	0.0151275	0.0588394	0.0343329	0.0459739	0.0385509	0.0177079	0.000522654	0.00754797
191	0.120948	0.00956264	0.0330791	0.0445929	0.0163545	0.0713179	0.0240642	0.00680934	0.0544955	0.0312254	0.0093051	0.127446	0.0346334	0.0616383	0.0279241	0.226787	0.0707434	0.0251126	0.000409195	0.00355113
192	0.113079	0.00314657	0.00944499	0.0209641	0.0175647	0.0333137	0.00398565	0.146928	0.0215444	0.148326	0.12721	0.0281301	0.037459	0.0318671	0.0068748	0.0315425	0.0632539	0.148225	0.000298516	0.00684156
193	0.010844	0.0062193	0.00258427	0.00518088	0.0632754	0.00324226	0.00288975	0.167897	0.00661752	0.482573	0.0842001	0.00475651	0.00569274	0.00531151	0.00396271	0.00831044	0.00815019	0.119963	0.00154009	0.00679006
194	0.0266558	0.0299524	0.0077541	0.0069823	0.238667	0.00831632	0.0387403	0.0279899	0.0137626	0.0520621	0.0144223	0.0119555	0.0208482	0.0145189	0.0219985	0.024081	0.0582121	0.0216307	0.0660707	0.295379
