551	20
1	0.0113764	0.00636565	0.00102432	0.00365298	0.029711	0.00430163	0.00380476	0.147038	0.00252264	0.603775	0.0623009	0.00192096	0.000798165	0.00608507	0.00140309	0.00868299	0.00982346	0.075005	0.0108737	0.00953373
2	0.0452219	0.0165837	0.00189035	0.00180097	0.00900505	0.00457349	0.0044583	0.288265	0.00223621	0.0873637	0.0112817	0.00296275	0.00182406	0.00310244	0.00797867	0.0175831	0.0352537	0.454475	0.000539741	0.00360057
3	0.0290891	0.0125794	0.00554968	0.00443148	0.0227588	0.00559358	0.00357974	0.341902	0.00569597	0.175184	0.0498878	0.00441988	0.016412	0.00830363	0.00618135	0.0171368	0.0375989	0.24707	0.000854851	0.00577174
4	0.0162902	0.0074458	0.0316889	0.0287119	0.00304575	0.00991098	0.0225562	0.00541956	0.347358	0.012367	0.00438531	0.0322159	0.00970819	0.07937	0.304529	0.0491039	0.0147372	0.0117125	0.00203662	0.00740679
5	0.0714563	0.0179393	0.0125801	0.0137425	0.0769487	0.0528624	0.023559	0.0493113	0.0217076	0.10131	0.0183624	0.145807	0.130496	0.0284928	0.0210091	0.127173	0.0301533	0.025746	0.00636733	0.0249765
6	0.0114556	0.0258219	0.00125662	0.00460729	0.422696	0.00696124	0.010588	0.0280244	0.00634639	0.232932	0.0400479	0.00523856	0.000903213	0.00316665	0.001347	0.0124183	0.00861233	0.0554482	0.00541418	0.116715
7	0.0217429	0.0192295	0.00778993	0.00525	0.234311	0.0137459	0.0657393	0.033298	0.0108734	0.0458536	0.00387644	0.0290257	0.0207028	0.0145602	0.0210236	0.0440257	0.0214837	0.0240814	0.0116574	0.351729
8	0.0276555	0.0379379	0.0111258	0.167324	0.141396	0.0093976	0.0328977	0.0126695	0.0424646	0.0940498	0.0105415	0.0146408	0.0387091	0.0872397	0.0445876	0.0597688	0.0443887	0.0435555	0.00666288	0.0729868
9	0.0553125	0.00851487	0.229057	0.298995	0.0069686	0.0327599	0.01468	0.0006917	0.0548927	0.0070946	0.00533744	0.0685246	0.000371471	0.0612305	0.0343282	0.0639588	0.025406	0.0199301	0.00128186	0.0106643
10	0.0556492	0.00850567	0.228459	0.297306	0.00684661	0.0322855	0.0149648	0.00093234	0.0552775	0.00707618	0.00583691	0.0677775	0.000386673	0.0616204	0.0340766	0.0639337	0.0259075	0.0214011	0.00126924	0.0104868
11	0.135559	0.00924241	0.125719	0.0842507	0.00312195	0.0304069	0.01672	0.0138178	0.0876715	0.0195397	0.00421304	0.082174	0.0219115	0.0516497	0.0282937	0.163597	0.0928072	0.0172698	0.00743911	0.00459644
12	0.0540181	0.055588	0.0129239	0.0193846	0.122913	0.0212003	0.047777	0.0262506	0.0188955	0.0643781	0.0179034	0.0236616	0.0139138	0.0310043	0.0230234	0.0920424	0.0366839	0.067373	0.0660292	0.185036
13	0.10971	0.00826725	0.0577414	0.11523	0.00389151	0.0422617	0.0417144	0.0146508	0.0919475	0.0419499	0.0040706	0.0435612	0.0234524	0.0996829	0.0841882	0.117556	0.063058	0.0308993	0.00106106	0.00510578
14	0.0393135	0.0078748	0.0319066	0.0681729	0.00824106	0.0204626	0.0332099	0.0450982	0.126506	0.051209	0.0332344	0.0726231	0.00822732	0.0720404	0.121017	0.0956991	0.093538	0.0596468	0.000622234	0.0113577
15	0.0103433	0.00636272	0.000714062	0.00351299	0.0304804	0.00447189	0.00384309	0.142292	0.00241514	0.617016	0.0596303	0.0019385	0.000587617	0.00627481	0.00137653	0.00773064	0.00846316	0.0708491	0.0117349	0.00996336
16	0.0749472	0.00966347	0.041339	0.131032	0.00785419	0.0138584	0.0523335	0.0079255	0.103068	0.0483572	0.00208961	0.0371672	0.0285941	0.150881	0.173056	0.0674677	0.0141686	0.0258593	0.00113783	0.0092013
17	0.0553125	0.00851487	0.229057	0.298995	0.0069686	0.0327599	0.01468	0.0006917	0.0548927	0.0070946	0.00533744	0.0685246	0.000371471	0.0612305	0.0343282	0.0639588	0.025406	0.0199301	0.00128186	0.0106643
18	0.182361	0.0407358	0.0170894	0.0218942	0.017021	0.0457763	0.0219058	0.0162507	0.0114542	0.0293122	0.0143204	0.0767257	0.00997072	0.0322632	0.0181441	0.281073	0.0997932	0.0397162	0.00298438	0.0212093
19	0.0184542	0.0111503	0.0013022	0.000785722	0.0254372	0.00289253	0.000653721	0.401707	0.00179614	0.159157	0.0474593	0.00145224	0.00491251	0.00453401	0.00304463	0.00596672	0.0320347	0.271341	0.000400607	0.00551807
20	0.045438	0.0104516	0.0331436	0.0668817	0.0125996	0.0232257	0.0334894	0.0646847	0.0897881	0.0679937	0.0319526	0.0690683	0.00499631	0.0625557	0.0921786	0.100187	0.0984959	0.0788014	0.000334895	0.0137334
21	0.177634	0.057247	0.0232192	0.040416	0.00452777	0.0537663	0.0141657	0.0117395	0.0139617	0.0366813	0.0141057	0.0436558	0.00926352	0.0509607	0.0207216	0.309465	0.0739035	0.0273343	0.00205794	0.0151729
22	0.0260892	0.0105778	0.00170993	0.00199069	0.00970433	0.00527397	0.0054941	0.311721	0.00231379	0.0669559	0.0150939	0.00262204	0.00251032	0.00395244	0.00536814	0.0115315	0.0247966	0.48804	0.000611638	0.00364278
23	0.022768	0.0140258	0.0070203	0.0564552	0.142904	0.00899352	0.101399	0.00912437	0.018903	0.184165	0.00790337	0.0269339	0.0208103	0.18297	0.0376546	0.0551454	0.0185823	0.0252396	0.00186707	0.0571342
24	0.04704	0.00820091	0.032167	0.0702261	0.00828796	0.0239172	0.0333837	0.0457311	0.110555	0.0544901	0.0323616	0.0746148	0.00651453	0.0698571	0.106716	0.103318	0.100945	0.0596872	0.000458251	0.0115281
25	0.0399715	0.0084405	0.0516582	0.0606339	0.00457404	0.0148137	0.0383383	0.00861123	0.257286	0.0200108	0.00548171	0.0453233	0.0231388	0.085093	0.213424	0.0718576	0.0251931	0.0168892	0.00238231	0.00687817
26	0.0162919	0.0201875	0.00792045	0.103285	0.00435355	0.00756738	0.023849	0.0174303	0.182502	0.0232136	0.0116866	0.0172085	0.00487822	0.182914	0.197734	0.0518571	0.0565385	0.0507708	0.0081582	0.011654
27	0.0227138	0.0139802	0.00749008	0.0594369	0.145098	0.00916165	0.0811531	0.009263	0.021456	0.198484	0.00827992	0.021189	0.0198926	0.163551	0.048949	0.0596764	0.0192212	0.0321324	0.00192501	0.0569468
28	0.0526648	0.013099	0.0404774	0.125938	0.0101755	0.0238985	0.030864	0.0140276	0.128252	0.0389044	0.00726721	0.0319564	0.0139332	0.192133	0.124416	0.061747	0.0382037	0.0359047	0.00437074	0.0117671
29	0.0556868	0.00856021	0.228014	0.297228	0.00693587	0.0327859	0.0149773	0.000753211	0.0550873	0.00721531	0.00529014	0.068806	0.000606036	0.0614656	0.0343733	0.0645931	0.0257701	0.0199154	0.00131084	0.0106264
30	0.0475124	0.0171464	0.0111236	0.0180992	0.100653	0.0104497	0.0354184	0.0955591	0.0162449	0.30651	0.0543462	0.014458	0.0108324	0.0242144	0.0139372	0.0391287	0.0298992	0.0831368	0.00768593	0.0636445
31	0.0218256	0.020236	0.00259278	0.00483516	0.241208	0.0063305	0.0989404	0.0154274	0.00862502	0.0327022	0.00263217	0.00723419	0.0111927	0.0173908	0.0180549	0.0220824	0.0122864	0.0266314	0.015521	0.41425
32	0.0167898	0.00742017	0.0337957	0.0308733	0.00270621	0.00936541	0.0221082	0.00527789	0.345863	0.0112651	0.00433336	0.0336464	0.0102387	0.08128	0.29849	0.0502026	0.0152998	0.0117903	0.00198079	0.00727352
33	0.076598	0.0103261	0.0343322	0.0517666	0.00960796	0.0343381	0.0288976	0.0533133	0.0876762	0.0617622	0.0537413	0.0786577	0.00859286	0.0552857	0.0942079	0.115092	0.0783828	0.0534905	0.00183336	0.0120972
34	0.0609234	0.0229801	0.00431092	0.00327791	0.0146877	0.00619465	0.00487911	0.272916	0.00430032	0.121762	0.0224503	0.00544465	0.00337136	0.00632424	0.00708113	0.0234369	0.0419046	0.367399	0.000616715	0.00573884
35	0.0558401	0.00861331	0.225673	0.296061	0.00703994	0.0331161	0.0148862	0.00112542	0.0551177	0.00769152	0.00554692	0.0680083	0.000493054	0.0619317	0.0350366	0.0647602	0.0264134	0.0207353	0.00127336	0.0106367
36	0.0490671	0.0104428	0.161908	0.055432	0.0202951	0.0220975	0.0929314	0.0128339	0.0480743	0.00788457	0.00341093	0.210779	0.0207303	0.0656982	0.0251402	0.111196	0.0317682	0.0141597	0.00837885	0.0277726
37	0.0238535	0.00972843	0.0015267	0.00731016	0.0214756	0.00464146	0.00408737	0.130763	0.00510659	0.537025	0.0924703	0.00177623	0.00133058	0.00511402	0.00179626	0.0131006	0.0111996	0.114128	0.0074915	0.00607428
38	0.0832809	0.0630133	0.0164061	0.0251082	0.0315696	0.0191986	0.0143891	0.158134	0.019734	0.121468	0.0283981	0.0187243	0.00930057	0.0227042	0.0207453	0.0661085	0.0594318	0.198748	0.00594015	0.017597
39	0.0500584	0.0186035	0.0446195	0.0527375	0.0262142	0.0198589	0.0224964	0.117921	0.0252208	0.131897	0.0439998	0.0376793	0.0066779	0.0376712	0.0328457	0.0766573	0.0886035	0.142351	0.000319269	0.0235677
40	0.0530068	0.0102811	0.0786535	0.0143717	0.0128325	0.0119884	0.325142	0.0115198	0.0369067	0.0170222	0.0084511	0.106823	0.0194513	0.077798	0.0167595	0.0450188	0.0220953	0.016658	0.026399	0.0888216
41	0.0432619	0.00751844	0.0636782	0.0701611	0.0110635	0.0430337	0.0971877	0.0155184	0.0636876	0.0229778	0.00779199	0.205243	0.0201354	0.0954179	0.0314747	0.132167	0.0320168	0.0170829	0.0040279	0.0165545
42	0.0419144	0.00761523	0.0310374	0.0686044	0.00875785	0.02172	0.0338722	0.0470721	0.11284	0.0549107	0.0337382	0.0775149	0.00583755	0.0685392	0.113104	0.0995411	0.0995766	0.0615315	0.000378445	0.0118948
43	0.0369039	0.00961847	0.00841733	0.00590574	0.0187336	0.0048588	0.00376064	0.159038	0.00733681	0.424172	0.0786339	0.00333712	0.00519764	0.00613294	0.00471857	0.0257202	0.0492892	0.137458	0.00500139	0.00576593
44	0.0179602	0.0218285	0.00268172	0.00551209	0.299184	0.00687901	0.0587004	0.0246996	0.00916716	0.121013	0.0177154	0.00798377	0.0078794	0.0137516	0.0128429	0.0214647	0.0120192	0.0385863	0.0109578	0.289174
45	0.111954	0.00733932	0.14634	0.107045	0.00285263	0.0244936	0.0164382	0.0149839	0.0963196	0.025825	0.00646065	0.0807204	0.0168458	0.0597765	0.0418823	0.13008	0.0807477	0.0230276	0.00262956	0.00423736
46	0.0164356	0.00739484	0.0356941	0.0315963	0.00253001	0.00915047	0.0213388	0.00576931	0.346271	0.0105722	0.00537128	0.0352598	0.0116107	0.0800502	0.29231	0.0509728	0.0164778	0.0124164	0.00187886	0.00689878
47	0.0105323	0.00646228	0.00066955	0.00364795	0.0299333	0.00448804	0.0038624	0.140396	0.0023792	0.619038	0.0592517	0.00185346	0.000543388	0.00628326	0.00133172	0.00782029	0.00811047	0.0716217	0.0117961	0.00997896
48	0.0166761	0.0171131	0.00649784	0.103109	0.00458812	0.00903524	0.0222395	0.0174691	0.178561	0.0251852	0.0137607	0.0182592	0.00417365	0.180956	0.189536	0.0554464	0.0599775	0.0548198	0.00937787	0.0132181
49	0.0698567	0.0371464	0.023743	0.0262347	0.0503959	0.02319	0.0107807	0.142503	0.0121738	0.0892681	0.0615592	0.0261247	0.00525243	0.0247108	0.0134841	0.0534004	0.0885473	0.206774	0.00151886	0.0333358
50	0.0554788	0.00854594	0.227169	0.29387	0.00832262	0.0335803	0.0149715	0.00100844	0.0556793	0.00723977	0.00534117	0.0694454	0.000819763	0.0608605	0.0346224	0.0647595	0.0257593	0.0205544	0.00141783	0.0105535
51	0.137022	0.0161084	0.0579175	0.14055	0.00156401	0.0593618	0.0296317	0.0150295	0.0711795	0.0326254	0.00550707	0.0274301	0.0165896	0.0949792	0.0396919	0.131949	0.0852062	0.034483	0.000786721	0.00238795
52	0.0217295	0.0193283	0.00165373	0.00478369	0.242299	0.00615966	0.0977394	0.0151101	0.00850271	0.0321778	0.00259467	0.0062945	0.0110951	0.0175215	0.0181289	0.0215484	0.0121784	0.0271504	0.0151235	0.418881
53	0.0521049	0.0209537	0.00252775	0.00114635	0.0207589	0.00253944	0.00113659	0.324667	0.00223782	0.164338	0.0342188	0.00276155	0.00367524	0.00337723	0.00577674	0.0145186	0.043248	0.293191	0.000420146	0.00640251
54	0.123866	0.00537517	0.00660361	0.0570099	0.00678901	0.0437605	0.0155626	0.00489214	0.19586	0.0135176	0.00286478	0.0461264	0.0033905	0.130901	0.12266	0.106541	0.0696144	0.036286	0.00549495	0.00288495
55	0.0504479	0.0192478	0.0450208	0.0528772	0.0262612	0.0205635	0.0233075	0.118491	0.0235463	0.131923	0.0439608	0.0368335	0.00742304	0.0368565	0.0309458	0.0771562	0.0861931	0.144267	0.00038337	0.0242953
56	0.0880178	0.0162931	0.0440088	0.0286784	0.0274448	0.0150311	0.0188294	0.124256	0.0171603	0.161103	0.0392902	0.0216041	0.013901	0.0409101	0.0179144	0.0831248	0.0793825	0.147379	0.000916584	0.0147534
57	0.017171	0.0229718	0.00224509	0.00464402	0.301492	0.00654673	0.064628	0.0208208	0.00869271	0.102383	0.0136743	0.00729964	0.00836104	0.014059	0.012662	0.0217975	0.0114646	0.0340813	0.0115026	0.313503
58	0.0237626	0.00962319	0.00406754	0.00708458	0.0380447	0.00629823	0.00482453	0.157019	0.00522041	0.468492	0.0880879	0.00462915	0.00258641	0.00772485	0.00335813	0.0148412	0.0205995	0.11475	0.0073845	0.0116022
59	0.0549197	0.00777115	0.0451251	0.0787173	0.00669443	0.0257162	0.0344569	0.0370217	0.122036	0.0465865	0.0268772	0.0716699	0.0133556	0.0713764	0.106739	0.104286	0.0880602	0.0485474	0.000856207	0.00918708
60	0.042518	0.00763679	0.0308503	0.0676187	0.00892073	0.0214759	0.0342005	0.0472808	0.112914	0.056598	0.0334477	0.0759776	0.00567052	0.0685013	0.113899	0.0986452	0.0989327	0.0619171	0.000466493	0.0125291
61	0.0189054	0.0109563	0.00156429	0.000858478	0.0264221	0.00292413	0.000718175	0.392616	0.00202208	0.163845	0.0526605	0.00160594	0.00527857	0.00459478	0.00306899	0.00678223	0.0327379	0.266616	0.000377664	0.00544469
62	0.0223898	0.0211511	0.00343593	0.00814906	0.232162	0.00729189	0.0872759	0.0189731	0.0108919	0.0355563	0.00365819	0.00959964	0.0131036	0.018605	0.0259908	0.0267703	0.0147867	0.0269681	0.0284528	0.384788
63	0.0424294	0.00626248	0.0194171	0.0781054	0.0166024	0.0534977	0.0306896	0.0263635	0.122131	0.0838869	0.00998087	0.0399837	0.00829137	0.196476	0.10824	0.0609427	0.0331915	0.0429713	0.00184168	0.018695
64	0.140126	0.00709525	0.153575	0.0909839	0.0020054	0.0244733	0.0130499	0.0140749	0.0909905	0.0240113	0.00163654	0.0853378	0.0206833	0.0501334	0.0284944	0.150437	0.0827251	0.0133368	0.00384936	0.00298128
65	0.0213143	0.01951	0.0016263	0.00460613	0.24346	0.00622449	0.0976102	0.0155044	0.00808646	0.03205	0.00223604	0.0062738	0.0112955	0.0169104	0.0179725	0.0217688	0.0121826	0.0269814	0.014991	0.419396
66	0.102252	0.056841	0.029012	0.0291001	0.0165394	0.0347486	0.0342601	0.0263876	0.0360587	0.0817694	0.0259569	0.117053	0.0734865	0.0417782	0.0315551	0.123656	0.0822892	0.0380361	0.00669649	0.0125228
67	0.0558825	0.00855283	0.226342	0.291991	0.00699727	0.0328464	0.0156673	0.00103105	0.055926	0.00721577	0.00521844	0.0715538	0.00120554	0.0615433	0.0344994	0.0655291	0.0262004	0.0197719	0.00145562	0.0105703
68	0.0625482	0.010212	0.182888	0.245115	0.00706357	0.0293836	0.023977	0.00439069	0.0675615	0.015287	0.00540258	0.0677561	0.00681398	0.0796201	0.0554152	0.0728416	0.0287397	0.0220613	0.00165681	0.0112669
69	0.054095	0.0127335	0.0185061	0.0102495	0.0137991	0.00770431	0.00625019	0.180113	0.0130615	0.264854	0.0658484	0.00897923	0.00943651	0.0102645	0.0163453	0.0527894	0.0840282	0.163667	0.00150431	0.00577156
70	0.0512142	0.0154582	0.0394212	0.034021	0.0234153	0.0141249	0.0164365	0.134895	0.0174789	0.18472	0.0646391	0.0261532	0.00847015	0.0259245	0.0200595	0.0622664	0.0968523	0.146592	0.000575462	0.0172813
71	0.0293812	0.0163253	0.00201423	0.000938461	0.0225066	0.00275728	0.00093174	0.376637	0.00206156	0.166401	0.0423476	0.00175388	0.00447769	0.00409193	0.00384212	0.00814486	0.0355324	0.27395	0.000357731	0.00554765
72	0.0456481	0.0107167	0.0311635	0.0486396	0.0047658	0.0246995	0.0262141	0.010742	0.243969	0.0214327	0.00713461	0.0397329	0.0119432	0.0979388	0.219816	0.0832975	0.0374991	0.0236828	0.00364689	0.00731735
73	0.0871184	0.0212881	0.0226296	0.0283917	0.005314	0.0752762	0.0388271	0.0119208	0.0117057	0.0279058	0.0247367	0.144893	0.0159628	0.0521028	0.014962	0.290689	0.0769136	0.0269971	0.00159266	0.0207732
74	0.0217899	0.0110138	0.00169664	0.0017312	0.0159616	0.00540085	0.00379753	0.344078	0.00212682	0.0969326	0.0265458	0.00241234	0.00336347	0.00439566	0.00427081	0.00958707	0.0272156	0.412705	0.000542482	0.00443255
75	0.0193582	0.0237235	0.00217488	0.00531229	0.362364	0.00708289	0.0343903	0.0254812	0.00846874	0.177504	0.0298048	0.00692248	0.00409517	0.00930894	0.00644962	0.0182534	0.0106338	0.0475455	0.00756512	0.193561
76	0.026898	0.010332	0.00602205	0.00933568	0.0465272	0.00696458	0.00710056	0.0987879	0.0305713	0.419932	0.177408	0.0066554	0.00539471	0.0185619	0.0169588	0.0188816	0.0193954	0.0608532	0.00453617	0.00888296
77	0.0215631	0.0192361	0.00190634	0.00464094	0.242356	0.00628814	0.096513	0.0153358	0.00829703	0.0324458	0.002263	0.00663068	0.0116658	0.0170954	0.0177416	0.0222006	0.0127136	0.0278171	0.0148779	0.418412
78	0.0124908	0.0098862	0.00303401	0.00386585	0.145413	0.00535045	0.00549062	0.0855836	0.013007	0.38249	0.220042	0.00686157	0.00460702	0.00800331	0.00224449	0.00971245	0.0109847	0.0354002	0.0044416	0.0310911
79	0.0478122	0.00767572	0.226335	0.294745	0.00719143	0.0273159	0.017713	0.00590715	0.0489412	0.0110784	0.00537914	0.073377	0.00937739	0.0555324	0.0323427	0.0623643	0.0285672	0.0229965	0.00176045	0.013588
80	0.0337942	0.00673311	0.0191327	0.0356	0.0103498	0.036421	0.0232332	0.0188487	0.246271	0.0554456	0.0104582	0.0252386	0.00739533	0.0775159	0.271342	0.046135	0.0323568	0.0352884	0.00184471	0.00659564
81	0.0987739	0.00658046	0.0262313	0.0357611	0.00403473	0.0266675	0.0273198	0.0558584	0.0949828	0.0333997	0.0121231	0.0819126	0.0109047	0.0712368	0.0471489	0.142866	0.172276	0.044566	0.00210354	0.00525252
82	0.0213462	0.0194918	0.00159224	0.00462485	0.243235	0.00618663	0.0979444	0.0152316	0.00806891	0.0318609	0.00225069	0.00617056	0.0112537	0.0169795	0.0178811	0.0215043	0.012171	0.0271065	0.0150307	0.420069
83	0.103393	0.0306698	0.0055709	0.00269614	0.0132047	0.00488523	0.00465107	0.238235	0.00544674	0.180372	0.0228684	0.00467659	0.00389567	0.00562201	0.0118906	0.0307944	0.0476307	0.277605	0.000708536	0.00518356
84	0.0610027	0.0250482	0.0337983	0.0368612	0.0259593	0.0234909	0.0183322	0.127361	0.0213522	0.155113	0.0672117	0.0308475	0.00661159	0.0353537	0.0220704	0.0649615	0.0747386	0.142063	0.00138518	0.0264379
85	0.0665323	0.00584773	0.0445826	0.0474795	0.00504368	0.0633864	0.0734195	0.0136933	0.0446343	0.0400305	0.0192945	0.168158	0.0436145	0.0890628	0.018172	0.171105	0.0440691	0.031175	0.00178402	0.00891535
86	0.0584842	0.00513368	0.00629911	0.0130689	0.00570609	0.0234152	0.0703014	0.0646676	0.058178	0.0554828	0.00777647	0.191808	0.00325623	0.0670826	0.0660652	0.112697	0.134108	0.045537	0.00158461	0.00934829
87	0.12286	0.0024299	0.0254039	0.036126	0.00210188	0.0269408	0.0311962	0.0212214	0.0381232	0.0224456	0.0054828	0.0131438	0.326098	0.082087	0.0138521	0.133966	0.0639696	0.0260814	0.00104672	0.00542407
88	0.0534805	0.0227466	0.00198947	0.000947412	0.0174776	0.00226957	0.00109061	0.322669	0.00174536	0.1624	0.0269329	0.00320323	0.00286759	0.00292835	0.00649789	0.0125208	0.0394019	0.312613	0.000330558	0.00588722
89	0.067615	0.0502905	0.00829706	0.00914129	0.0293015	0.0111023	0.0534071	0.0312357	0.0469161	0.153712	0.0620923	0.0590266	0.125772	0.0331398	0.0745281	0.086212	0.0344943	0.0345461	0.0226375	0.00653258
90	0.0947038	0.00740173	0.0123887	0.0116496	0.00180614	0.0603165	0.00700861	0.009185	0.0199628	0.0133087	0.0074871	0.0310568	0.0469939	0.0378987	0.00810093	0.361089	0.228389	0.0358135	0.00135728	0.00408188
91	0.00985551	0.00623812	0.000638899	0.00351417	0.0304185	0.00451651	0.00384776	0.139191	0.00228856	0.624916	0.0585096	0.00187176	0.000492466	0.00633253	0.00131193	0.00763919	0.00793425	0.0682616	0.0120472	0.0101747
92	0.0581655	0.0457337	0.122854	0.140033	0.0573155	0.0254841	0.0361461	0.018004	0.0494484	0.0294541	0.0112962	0.0617476	0.0214953	0.0528198	0.0365853	0.0782494	0.03835	0.0344141	0.0466902	0.0357135
93	0.0297648	0.0132135	0.00554947	0.015582	0.0252471	0.00652228	0.00676009	0.122183	0.00833577	0.484299	0.106289	0.00561329	0.00293099	0.0171452	0.00548727	0.0217429	0.020522	0.087715	0.00711832	0.00797853
94	0.0553371	0.00851175	0.228592	0.298512	0.00699187	0.0327097	0.0148996	0.000726573	0.0549815	0.00717704	0.0053508	0.0684855	0.000420619	0.0614609	0.0346137	0.0639006	0.0253982	0.0199507	0.00127804	0.0107012
95	0.0401922	0.0220469	0.0173598	0.0239132	0.0226853	0.0128178	0.018054	0.130196	0.0126333	0.344153	0.0784233	0.0157306	0.00433009	0.0307637	0.0129946	0.0489023	0.0470065	0.092293	0.00586359	0.0196404
96	0.0131111	0.0194613	0.00197745	0.00499433	0.285356	0.00646137	0.00811369	0.0668073	0.00575826	0.34482	0.0549782	0.00469797	0.00133949	0.00469731	0.00186193	0.0120685	0.0113327	0.0673352	0.00707447	0.0777536
97	0.115461	0.0539092	0.00939211	0.0193944	0.00350973	0.131763	0.0338055	0.0118867	0.105013	0.0271125	0.0121011	0.0226108	0.00877625	0.0973882	0.089476	0.175601	0.0522619	0.015441	0.00966879	0.00542848
98	0.0280932	0.0126029	0.00287836	0.00301028	0.0203859	0.00328416	0.00147134	0.315201	0.00537071	0.23092	0.0668566	0.00184948	0.00465377	0.00419306	0.00362365	0.0124229	0.0352837	0.242291	0.000958927	0.00465021
99	0.0736816	0.00920958	0.0402878	0.129293	0.00778231	0.0164235	0.0513737	0.0100431	0.100846	0.0562848	0.00345923	0.0349688	0.0267261	0.152114	0.167784	0.0666429	0.0157279	0.0268102	0.00110033	0.00944131
100	0.104143	0.00891908	0.0663377	0.0929175	0.00328453	0.048271	0.0313921	0.0221546	0.0937115	0.0362582	0.00970565	0.060853	0.0198005	0.0693895	0.0582183	0.139241	0.0968333	0.0327839	0.00152989	0.00425539
101	0.0166103	0.00781087	0.0256864	0.0261121	0.00473619	0.0117064	0.0226012	0.0057669	0.353562	0.0240092	0.00679624	0.0266147	0.00996214	0.0708238	0.314394	0.0397533	0.0131545	0.0122966	0.00167137	0.00593177
102	0.0635134	0.0157153	0.0173353	0.00746909	0.0123516	0.00534696	0.00472074	0.180224	0.0118617	0.254678	0.0745932	0.00658527	0.00909959	0.00757036	0.00972915	0.0454979	0.0877268	0.180744	0.000706816	0.00453088
103	0.0317178	0.0151627	0.00204586	0.00144157	0.0257592	0.00280284	0.000818718	0.364661	0.0017819	0.159056	0.0411549	0.00244138	0.00404813	0.00404316	0.0046232	0.00843984	0.0369121	0.284965	0.000325945	0.0077987
104	0.0553125	0.00851487	0.229057	0.298995	0.0069686	0.0327599	0.01468	0.0006917	0.0548927	0.0070946	0.00533744	0.0685246	0.000371471	0.0612305	0.0343282	0.0639588	0.025406	0.0199301	0.00128186	0.0106643
105	0.183367	0.0352645	0.0447551	0.0626336	0.00245523	0.0855872	0.0170236	0.00955163	0.0317119	0.0306113	0.0135789	0.036471	0.0160216	0.0583422	0.0248054	0.231374	0.0758472	0.0280455	0.00275181	0.0098017
106	0.00983084	0.00624251	0.000632446	0.00349268	0.0304883	0.00452888	0.00385827	0.139171	0.00227688	0.625101	0.0584155	0.00186627	0.00048785	0.00632725	0.00130775	0.00759805	0.00790772	0.0681399	0.0121033	0.0102233
107	0.0308337	0.0147604	0.0130875	0.0216532	0.079431	0.011987	0.0204666	0.107197	0.0342353	0.318777	0.0535558	0.018559	0.00704032	0.0266382	0.0225308	0.0374894	0.0344357	0.0767506	0.00706655	0.0635047
108	0.0497753	0.00846923	0.0356324	0.072321	0.00903473	0.0232785	0.0326538	0.0481264	0.105626	0.0563869	0.0322383	0.0707925	0.00609402	0.0703055	0.100502	0.103622	0.100019	0.0626045	0.000436918	0.0120805
109	0.0877651	0.0395955	0.00542883	0.0406346	0.00555445	0.00648287	0.0084634	0.0284991	0.00733608	0.436683	0.125968	0.0061918	0.00356057	0.0849428	0.00505011	0.0510348	0.0367189	0.0118437	0.00250438	0.00574105
110	0.0178707	0.0109979	0.00127929	0.000785711	0.0255881	0.00289543	0.000653071	0.403359	0.00180114	0.159098	0.0477873	0.00144569	0.00496362	0.0045811	0.00298538	0.00590335	0.0318454	0.270293	0.000399713	0.00546761
111	0.0910035	0.00839377	0.0437146	0.125526	0.00473379	0.045954	0.0576115	0.0146163	0.0924392	0.0536718	0.00477306	0.0347611	0.0210346	0.120944	0.108404	0.0920254	0.0422853	0.0290483	0.000983308	0.00807625
112	0.0160693	0.00757849	0.0322935	0.0290891	0.00303257	0.00932389	0.0215422	0.00504765	0.348372	0.0121327	0.00416937	0.0324463	0.00949026	0.0809395	0.30434	0.0484715	0.0146799	0.0118583	0.00190495	0.0072182
113	0.0165219	0.0040106	0.247236	0.415239	0.00278682	0.0116543	0.0102088	0.0293956	0.0135951	0.0196688	0.00381603	0.0293508	0.0460092	0.0296411	0.0163042	0.0280129	0.0303071	0.0312446	0.00102119	0.0139753
114	0.0610058	0.0210883	0.0195585	0.0353454	0.0176319	0.0370566	0.0323432	0.0285629	0.113249	0.070912	0.0549922	0.0361304	0.0305551	0.0642846	0.162361	0.0739233	0.0422393	0.0427324	0.0382492	0.0177786
115	0.0448456	0.0175449	0.0600297	0.0451554	0.0530405	0.0167589	0.0278301	0.0703671	0.041111	0.16495	0.030783	0.0288427	0.0277578	0.0610321	0.0274129	0.060139	0.07049	0.104299	0.00254735	0.0450631
116	0.0220706	0.00876221	0.00137885	0.00357484	0.0254755	0.00404605	0.00318551	0.192979	0.00276409	0.493345	0.0594043	0.00179978	0.00172261	0.00511502	0.00215366	0.0100509	0.016786	0.129994	0.00746178	0.00793089
117	0.016843	0.00746675	0.0317643	0.0299215	0.00298703	0.00959073	0.0229681	0.00516543	0.344163	0.0122959	0.00410313	0.0322034	0.00941339	0.081523	0.304379	0.0490565	0.0146875	0.0116961	0.00210155	0.00767145
118	0.0825983	0.0109557	0.0634272	0.0606203	0.0163049	0.0335508	0.0690508	0.0139334	0.0305797	0.0132793	0.0118524	0.171367	0.0114491	0.0526133	0.0277779	0.179233	0.0848022	0.0213913	0.00526569	0.0399478
119	0.040582	0.0201432	0.00212552	0.00269688	0.0199755	0.00354657	0.00208033	0.262634	0.00279001	0.298521	0.0454772	0.00243554	0.00260478	0.00393808	0.00431519	0.0122577	0.0297462	0.234432	0.00325615	0.00644187
120	0.0203007	0.00932895	0.00267593	0.00570992	0.0254012	0.00729308	0.0049141	0.172492	0.00448007	0.491788	0.0664088	0.00259294	0.00192444	0.0061615	0.00318332	0.0134959	0.0198465	0.123887	0.0100356	0.00808032
121	0.0379051	0.0116555	0.0288172	0.0306355	0.00494712	0.0571139	0.0221683	0.00951989	0.247841	0.0228554	0.00701861	0.0289935	0.00930427	0.0818926	0.260821	0.0761565	0.0256459	0.0181383	0.0036199	0.0149498
122	0.0697257	0.0353625	0.00659653	0.0239944	0.0343957	0.00881731	0.00882618	0.0680484	0.0103367	0.398605	0.132586	0.00810261	0.00502875	0.045994	0.00563862	0.0392984	0.0307708	0.0524864	0.00384429	0.0115422
123	0.010966	0.0157158	0.000963498	0.00419926	0.210204	0.00552644	0.00828225	0.0844089	0.0044531	0.436323	0.0529851	0.00328435	0.000683265	0.00492783	0.00132082	0.00977675	0.00867459	0.0623331	0.0119282	0.0630438
124	0.107167	0.0355612	0.0260493	0.0206766	0.00350183	0.0535124	0.0118112	0.0192005	0.0099307	0.038658	0.0169968	0.0691321	0.00538492	0.0377482	0.0285711	0.347492	0.110193	0.0384795	0.0013649	0.0185693
125	0.136408	0.00683419	0.152667	0.0888056	0.00206545	0.0247259	0.0141717	0.0143373	0.0919977	0.021667	0.00129795	0.0877056	0.0218088	0.0511999	0.0289014	0.151408	0.0844262	0.0127811	0.00388652	0.00290486
126	0.0326729	0.0134414	0.0170905	0.0268728	0.0242136	0.0179345	0.0133333	0.146116	0.0142002	0.369369	0.0575831	0.0156158	0.00399691	0.0191303	0.0152727	0.0382847	0.0401978	0.115565	0.00612291	0.0129871
127	0.0632343	0.0194954	0.0368322	0.0633525	0.0145572	0.0260995	0.0355889	0.078806	0.0609189	0.0887566	0.0339644	0.0476527	0.0058878	0.052826	0.0631791	0.100856	0.0929272	0.0982127	0.000534913	0.0163176
128	0.0403304	0.0206495	0.00732867	0.0113856	0.25159	0.0109766	0.0148679	0.0588795	0.0182051	0.232346	0.0900605	0.0141702	0.00580466	0.0185997	0.00957182	0.0260274	0.0233038	0.0650102	0.00486265	0.0760304
129	0.0735777	0.0109557	0.134455	0.204526	0.0082133	0.0328161	0.0308304	0.0194741	0.0676032	0.0367591	0.0107813	0.0526183	0.0106531	0.0744205	0.053269	0.0805492	0.0468556	0.0403569	0.00116932	0.0101163
130	0.0970896	0.00822933	0.0457625	0.102318	0.00369805	0.0509251	0.0390133	0.0258125	0.0906993	0.0453583	0.0124827	0.0468488	0.0217173	0.0784522	0.0673011	0.126502	0.0915529	0.0409096	0.000593045	0.00473434
131	0.0672087	0.00811676	0.0321529	0.110682	0.0122983	0.0120569	0.0484985	0.0073051	0.133497	0.0560248	0.00358492	0.0288441	0.042275	0.140805	0.192506	0.0572968	0.0117465	0.0256601	0.00190708	0.00753332
132	0.0134163	0.0137606	0.00188803	0.00426781	0.165671	0.00533443	0.00645237	0.122741	0.00477933	0.425345	0.066552	0.00375115	0.00150444	0.00552861	0.00199029	0.0105658	0.0116401	0.0823796	0.00814052	0.0442916
133	0.0124105	0.00831816	0.00127272	0.00230726	0.0291369	0.00402189	0.00221904	0.289116	0.00213279	0.369005	0.0539923	0.00180729	0.0031601	0.00667753	0.00206266	0.00695665	0.0200094	0.172442	0.00567646	0.00727487
134	0.108458	0.0193265	0.111238	0.170368	0.00293724	0.0146564	0.0198296	0.0420017	0.104876	0.013798	0.0302804	0.0136538	0.00383893	0.0899831	0.0218656	0.0666675	0.0768116	0.0842904	0.00124042	0.00387859
135	0.0786379	0.0142405	0.18751	0.265675	0.0055921	0.0373038	0.0164427	0.00500419	0.0576944	0.0111573	0.00673006	0.0543696	0.00188609	0.0745307	0.0316319	0.0763027	0.0393004	0.0263883	0.00117728	0.0084245
136	0.0899119	0.0252414	0.0195087	0.0149058	0.00318503	0.0525291	0.00846728	0.010426	0.00786225	0.0464393	0.02258	0.0480405	0.0103105	0.026147	0.0190185	0.418551	0.136819	0.0248543	0.0014162	0.013787
137	0.0553125	0.00851487	0.229057	0.298995	0.0069686	0.0327599	0.01468	0.0006917	0.0548927	0.0070946	0.00533744	0.0685246	0.000371471	0.0612305	0.0343282	0.0639588	0.025406	0.0199301	0.00128186	0.0106643
138	0.0752286	0.00997782	0.0429364	0.133581	0.00773608	0.0140233	0.0527374	0.00796704	0.0999887	0.0485921	0.00212752	0.0361913	0.0279888	0.150932	0.171824	0.0677562	0.0144039	0.0258798	0.00110981	0.00901795
139	0.0177613	0.0210654	0.00226906	0.00488367	0.30253	0.00649721	0.0633626	0.0209431	0.0118657	0.111777	0.0164268	0.00734871	0.00789352	0.0127755	0.0118653	0.022474	0.0115202	0.0372594	0.0109371	0.298545
140	0.0207874	0.0207268	0.00249275	0.00578619	0.238784	0.00654722	0.0931657	0.0179	0.00862031	0.0319982	0.00265869	0.00742852	0.0116917	0.0169439	0.0215483	0.0233219	0.0131967	0.026923	0.020787	0.408691
141	0.144741	0.0201693	0.0177777	0.0161586	0.00383992	0.183448	0.0209233	0.0103287	0.0410685	0.0236643	0.0183347	0.0339196	0.0372619	0.0675585	0.0476434	0.191941	0.0548118	0.0405955	0.0195625	0.00625193
142	0.0481576	0.0141895	0.0384897	0.0595378	0.01897	0.0214246	0.0271375	0.0928407	0.0529764	0.102489	0.037678	0.0559603	0.0052743	0.0528448	0.0581767	0.0871207	0.0957564	0.111575	0.000324909	0.0190768
143	0.053494	0.00773848	0.0396191	0.0820267	0.00527513	0.0111644	0.0374832	0.00670068	0.209626	0.0279711	0.00312502	0.0399591	0.0226146	0.119408	0.225926	0.0622496	0.0172998	0.0191454	0.00157897	0.00759408
144	0.0535167	0.0119486	0.00909646	0.0408403	0.162075	0.0106284	0.0489017	0.0142404	0.122076	0.176423	0.0831108	0.0114393	0.0123053	0.0545091	0.0125196	0.0259272	0.0201297	0.0200263	0.00387295	0.106413
145	0.0593853	0.0157736	0.0243266	0.0216662	0.0128931	0.0325644	0.0172261	0.161083	0.0258638	0.161881	0.065661	0.0172545	0.0144452	0.017963	0.0342301	0.0934357	0.0644118	0.148904	0.00130638	0.00972547
146	0.0771265	0.0320087	0.00398035	0.00239854	0.0143336	0.00333754	0.00261913	0.27559	0.00345798	0.17408	0.0241916	0.00407035	0.00299572	0.00371105	0.00778388	0.0212109	0.048786	0.292168	0.000633253	0.00551754
147	0.0973973	0.0179881	0.0183347	0.0160786	0.00269061	0.0866565	0.0332271	0.0119294	0.0172005	0.0234969	0.0121181	0.0660867	0.0871081	0.0401299	0.0259997	0.324166	0.0849361	0.0223314	0.00258922	0.00953524
148	0.0559275	0.00850267	0.228656	0.297287	0.0068783	0.0324099	0.01532	0.000940715	0.0547912	0.00706589	0.00594634	0.0679225	0.000406249	0.0614068	0.0339129	0.0637859	0.0256132	0.0214769	0.00128937	0.0104605
149	0.0207415	0.0199666	0.00163919	0.00469436	0.258174	0.00636131	0.0893173	0.0165419	0.00849464	0.0485829	0.00534324	0.00661653	0.0105175	0.015724	0.0162918	0.0213817	0.0120626	0.0292954	0.0140191	0.394235
150	0.0143775	0.00745336	0.00146328	0.00429797	0.0318615	0.00485164	0.00361802	0.144281	0.00447557	0.559483	0.0936831	0.00271266	0.00159863	0.00680052	0.00187866	0.0094618	0.010809	0.0788943	0.00937581	0.0086222
151	0.0812159	0.00740455	0.0369846	0.104818	0.00678091	0.0249642	0.0521581	0.0220151	0.100811	0.05216	0.00824616	0.0480765	0.0179682	0.142066	0.137379	0.0746509	0.0312774	0.0332979	0.000717261	0.0170076
152	0.0213913	0.0194769	0.00169675	0.00493361	0.243489	0.00607813	0.0982424	0.0148024	0.0080421	0.0316503	0.0025196	0.00628391	0.0109791	0.0172905	0.0181009	0.0214386	0.0119821	0.0272692	0.0163768	0.417956
153	0.0955705	0.050778	0.00426888	0.00459749	0.0254768	0.00774685	0.00349152	0.233731	0.00522148	0.125255	0.0221855	0.00789926	0.00271652	0.00544294	0.00721574	0.0292125	0.0608799	0.297228	0.00087814	0.0102044
154	0.0553125	0.00851487	0.229057	0.298995	0.0069686	0.0327599	0.01468	0.0006917	0.0548927	0.0070946	0.00533744	0.0685246	0.000371471	0.0612305	0.0343282	0.0639588	0.025406	0.0199301	0.00128186	0.0106643
155	0.0389896	0.00726803	0.0339986	0.0658964	0.00763142	0.0210297	0.0333882	0.0409063	0.141271	0.0488883	0.0319993	0.0737727	0.00906374	0.0658477	0.131552	0.0931443	0.0906239	0.0537344	0.00049169	0.0105025
156	0.038886	0.00822579	0.0270593	0.0547225	0.00679707	0.019027	0.0266022	0.0165	0.225654	0.0320774	0.0111738	0.0401568	0.00913923	0.101913	0.218968	0.0693564	0.0431704	0.0389696	0.00281687	0.00878443
157	0.0192889	0.0106036	0.0015801	0.00179769	0.0252128	0.00350127	0.00162888	0.308148	0.00205323	0.312092	0.0469371	0.00203481	0.00347094	0.00507632	0.00287966	0.00793528	0.0274214	0.207608	0.0038484	0.00688101
158	0.0695987	0.0119829	0.110142	0.103684	0.0101606	0.0275242	0.0617212	0.0118329	0.0861134	0.0208781	0.00176063	0.108775	0.0280801	0.101787	0.0704849	0.105888	0.0383577	0.0173096	0.00501669	0.00890283
159	0.0855242	0.0109598	0.0616229	0.142439	0.00608195	0.0250939	0.0393892	0.00972629	0.0919495	0.0368337	0.00474083	0.0395854	0.0200381	0.145056	0.121467	0.0827076	0.0404711	0.0266709	0.00137419	0.00826948
160	0.0573083	0.0117798	0.138735	0.222302	0.0201905	0.0279735	0.0277683	0.0113252	0.0558241	0.0285467	0.00968531	0.0653049	0.0104393	0.0806507	0.0476545	0.0827608	0.0403669	0.0267937	0.00254033	0.0320507
161	0.101916	0.00806688	0.0150723	0.0525898	0.0322824	0.0323872	0.073316	0.014412	0.00777103	0.00769396	0.0187352	0.177039	0.0025578	0.0599808	0.0231344	0.161627	0.100821	0.0198772	0.00820112	0.0825191
162	0.0551822	0.00849988	0.229251	0.299465	0.00695842	0.0326803	0.0146641	0.000727378	0.0547558	0.00708977	0.00531878	0.0683772	0.000467985	0.0611234	0.0342742	0.0638173	0.0254186	0.0199603	0.00128224	0.0106862
163	0.0184661	0.00328044	0.00305429	0.0137565	0.0171242	0.0258486	0.0244967	0.0123459	0.306621	0.0981711	0.0105481	0.00461579	0.00525406	0.0672918	0.339701	0.0121602	0.0129534	0.0206638	0.00128555	0.00236171
164	0.0669743	0.0321278	0.00280484	0.00165017	0.0157273	0.00269127	0.0017196	0.30101	0.00241562	0.168097	0.0233139	0.00311902	0.00282979	0.00288072	0.00680128	0.0157837	0.0427525	0.300926	0.000415487	0.00596011
165	0.0507018	0.0188084	0.045062	0.051487	0.0261733	0.0202911	0.021722	0.122637	0.0241622	0.135726	0.044378	0.0361416	0.00697403	0.0365537	0.0313923	0.0751991	0.0861846	0.142976	0.000359856	0.0230703
166	0.0509131	0.017522	0.0426408	0.0535792	0.0240204	0.0200134	0.0262107	0.110798	0.0287028	0.124365	0.0427947	0.0422871	0.00621193	0.0424209	0.0378105	0.0772116	0.0879444	0.136012	0.000463503	0.0280776
167	0.0991423	0.0330634	0.0189069	0.0176659	0.00193815	0.0655478	0.00641743	0.0118479	0.00263211	0.0293543	0.0112318	0.0700105	0.00314369	0.0252011	0.0258005	0.451282	0.0903564	0.023006	0.000473642	0.0129785
168	0.151327	0.0250702	0.0216652	0.0243738	0.00440873	0.0476249	0.0163091	0.0256207	0.0230217	0.057584	0.0186556	0.0384735	0.0154766	0.0345235	0.0198909	0.26573	0.13941	0.0566043	0.00186464	0.012366
169	0.0172702	0.00323038	0.00327536	0.0127366	0.0160127	0.0255441	0.0247762	0.0110752	0.320894	0.0898171	0.00955527	0.00437592	0.00422863	0.0653017	0.347305	0.0119148	0.0110226	0.0183694	0.00104054	0.00225486
170	0.0164598	0.00767091	0.0329291	0.0289321	0.00307164	0.0104235	0.0233629	0.00560107	0.342405	0.0122982	0.00475153	0.0315262	0.00960136	0.0792293	0.300965	0.0498904	0.0151288	0.012133	0.00377282	0.00984765
171	0.110042	0.00284903	0.0246314	0.0305573	0.00253923	0.0260788	0.030241	0.0266507	0.0360677	0.0282031	0.00519965	0.0126545	0.343963	0.0888055	0.0118725	0.132225	0.0552068	0.0252754	0.000995225	0.00594177
172	0.0181237	0.008913	0.0030418	0.00606224	0.0328372	0.00517413	0.00459054	0.150684	0.00427611	0.538794	0.0642785	0.00349645	0.00145852	0.00735906	0.00307015	0.0128862	0.0154373	0.0993142	0.00920052	0.0110024
173	0.01776	0.0109446	0.00126462	0.000785682	0.0256127	0.00291343	0.000652319	0.403659	0.00180652	0.159073	0.0479233	0.00144006	0.00497802	0.00459445	0.00297313	0.00588138	0.0318205	0.270057	0.000401253	0.00545894
174	0.246165	0.0392508	0.0198061	0.00972285	0.00326234	0.0513154	0.0350634	0.00717922	0.00810709	0.0755091	0.0143846	0.0162176	0.00583639	0.0244063	0.0171942	0.240566	0.109458	0.0464294	0.00180565	0.0283199
175	0.195493	0.0669672	0.00462191	0.00573099	0.00777877	0.0322396	0.0066308	0.0756742	0.022537	0.042076	0.00771665	0.0212449	0.00596607	0.00973808	0.00524085	0.132482	0.170764	0.181429	0.00117765	0.00449021
176	0.0799542	0.0316615	0.00340121	0.00183117	0.0133945	0.00268473	0.00188682	0.265908	0.00338781	0.183572	0.0262815	0.00330092	0.00332601	0.00274472	0.00804369	0.0223645	0.0493418	0.291391	0.000492372	0.00503214
177	0.041189	0.00712085	0.207304	0.312066	0.00653675	0.0232931	0.0204723	0.0107782	0.0460434	0.0168057	0.00716418	0.0553902	0.0134748	0.0577467	0.0400694	0.0542969	0.0334575	0.0304441	0.00137921	0.0149676
178	0.0342568	0.00629619	0.030796	0.0428287	0.00357695	0.0158551	0.0211552	0.00968706	0.291762	0.0161421	0.00900626	0.0436323	0.0104543	0.0853419	0.244981	0.065785	0.0353454	0.0245395	0.00192948	0.00662921
179	0.108022	0.0474223	0.0561739	0.177401	0.00574849	0.0486513	0.032449	0.0161994	0.0630739	0.0252397	0.0109912	0.0212547	0.00961525	0.120498	0.0294545	0.0955036	0.0796034	0.045464	0.00192732	0.00530784
180	0.0121087	0.0113549	0.00159052	0.00544125	0.114654	0.00523065	0.00700907	0.112589	0.0049192	0.505919	0.06991	0.00337865	0.00173194	0.00859465	0.00277995	0.0103369	0.0100442	0.0668017	0.00950157	0.0361038
181	0.0177315	0.0109464	0.00125136	0.000851477	0.0255228	0.0029941	0.000692003	0.401545	0.00183073	0.162804	0.0480065	0.00146703	0.00493876	0.0046065	0.00294289	0.0059305	0.0315333	0.268507	0.000469174	0.00542904
182	0.133811	0.0136132	0.0556658	0.131645	0.00175948	0.0618851	0.031567	0.0143403	0.0750415	0.0342636	0.00519683	0.0305112	0.0181202	0.0925292	0.0450287	0.134299	0.0844441	0.0329029	0.000898572	0.00247799
183	0.0755969	0.00902886	0.047006	0.12336	0.00775032	0.0161177	0.0531456	0.0100432	0.0995945	0.0441926	0.00300281	0.0446262	0.0363286	0.144534	0.15475	0.072372	0.0192068	0.0270512	0.00135971	0.010933
184	0.0790008	0.0313294	0.0784559	0.0540793	0.0130006	0.020887	0.108384	0.0147177	0.0581123	0.03432	0.0117816	0.0951357	0.0896156	0.0683994	0.0737473	0.0854598	0.0350581	0.0237171	0.00740287	0.0173958
185	0.0525987	0.010129	0.0155106	0.00455104	0.0123725	0.00444725	0.00362692	0.198578	0.0119314	0.263351	0.0818641	0.00434214	0.0104989	0.00550167	0.00773633	0.0410412	0.087126	0.181032	0.000689218	0.00307124
186	0.126874	0.0101502	0.0677073	0.107183	0.00159983	0.0553632	0.0322364	0.0140927	0.079165	0.0344032	0.00538527	0.0447319	0.028642	0.0749363	0.0434127	0.15102	0.0864359	0.0323876	0.00138927	0.00288387
187	0.150663	0.019354	0.0369584	0.0359628	0.00263231	0.0582892	0.0137399	0.00663852	0.0150962	0.0336138	0.0446875	0.0408616	0.0451835	0.0756711	0.00984153	0.202481	0.128882	0.0553272	0.0103476	0.0137689
188	0.0212777	0.0104406	0.00285858	0.00163262	0.0251724	0.00325205	0.00145597	0.358186	0.00298076	0.210085	0.054068	0.00167075	0.00529968	0.00599748	0.00314131	0.0106782	0.035817	0.23913	0.0014241	0.00543155
189	0.0813429	0.00555195	0.0389913	0.0319417	0.00177957	0.0722258	0.0563726	0.0140188	0.0255864	0.0474495	0.0319133	0.157176	0.0408053	0.0807739	0.00460059	0.200021	0.0585142	0.0437309	0.00131624	0.00588811
190	0.0133702	0.005665	0.00409901	0.0036844	0.0683287	0.00499339	0.00308955	0.0962801	0.0169827	0.36255	0.345386	0.00910542	0.00778492	0.0110713	0.00300439	0.00876896	0.0126533	0.0199437	0.00101264	0.00222667
191	0.0235205	0.00938114	0.0015214	0.00702241	0.0219747	0.00483796	0.00394575	0.132046	0.00476036	0.535694	0.0918987	0.00176524	0.00137424	0.00533528	0.00183894	0.0129231	0.0116859	0.114407	0.00780751	0.00625953
192	0.0550785	0.00859423	0.230578	0.296506	0.00689851	0.0320693	0.0144921	0.000734445	0.055088	0.00783292	0.0053386	0.0686722	0.000578308	0.061153	0.0344454	0.0636855	0.0261136	0.0201823	0.00130513	0.0106547
193	0.133745	0.0152758	0.0660821	0.138267	0.00198768	0.0684987	0.0299991	0.0130732	0.067241	0.0295131	0.0061503	0.0323424	0.0161535	0.0938056	0.0359808	0.134076	0.0820913	0.0315636	0.0011685	0.00298507
194	0.062579	0.0110065	0.148437	0.0801679	0.013998	0.0264997	0.076214	0.0108464	0.0727444	0.00986504	0.00186211	0.152592	0.0284048	0.0737376	0.0435288	0.110356	0.0381757	0.0151209	0.0101746	0.0136887
