727	20
1	0.0264243	0.00409724	0.00443065	0.010855	0.00453475	0.00587131	0.0366415	0.0276548	0.246321	0.0141979	0.00916924	0.0092229	0.141647	0.027664	0.298376	0.0258114	0.0450719	0.0348773	0.019683	0.00744867
2	0.102384	0.00436964	0.0975918	0.0793037	0.0145677	0.109753	0.0289125	0.0109426	0.0236178	0.0166587	0.0100084	0.105292	0.0135565	0.0553768	0.0353402	0.173941	0.0763734	0.0229937	0.000440921	0.0185758
3	0.126938	0.0147399	0.0709966	0.0620614	0.016862	0.0260777	0.0455212	0.0378422	0.0426811	0.0414131	0.0213659	0.0688784	0.0389197	0.0876257	0.024852	0.0732629	0.0864029	0.085616	0.000812871	0.027131
4	0.0378574	0.00612646	0.00353595	0.00309206	0.0659837	0.00380587	0.00635073	0.203591	0.00526441	0.355445	0.0564592	0.012304	0.00502506	0.00717649	0.0105567	0.0127637	0.0191772	0.163198	0.00415472	0.0181316
5	0.0347376	0.0088008	0.00460366	0.00884862	0.0662504	0.0162028	0.0228156	0.161659	0.0682107	0.135969	0.0188598	0.0326351	0.00317856	0.025773	0.101661	0.0476252	0.0338987	0.159647	0.00527152	0.0433521
6	0.0417042	0.00772075	0.0186115	0.0505526	0.0172083	0.0746811	0.0353246	0.00540326	0.135281	0.134733	0.0350795	0.0411317	0.0341437	0.181462	0.0824966	0.0665538	0.0153472	0.0148323	0.00095479	0.00677725
7	0.0604055	0.00176176	0.0983396	0.19118	0.00231905	0.187754	0.0354239	0.00289572	0.0504941	0.0146086	0.00430639	0.0307893	0.0430618	0.0902066	0.0557657	0.0882434	0.0283354	0.00970972	0.000480959	0.00391875
8	0.0215571	0.000644782	0.00692447	0.0327511	0.000965347	0.000800335	0.0237488	0.0123999	0.51091	0.00784635	0.00412796	0.0544369	0.0154576	0.0700055	0.196392	0.0233926	0.0141913	0.00165705	0.000294621	0.00149554
9	0.0981905	0.0598498	0.0152656	0.0127349	0.00530593	0.0810791	0.0258195	0.00960619	0.135361	0.0136923	0.00669615	0.0431224	0.0574705	0.0355281	0.205514	0.0886167	0.080567	0.0145808	0.00267662	0.00832305
10	0.0114026	0.00974641	0.00236865	0.00345099	0.10307	0.00117997	0.00983884	0.210913	0.00494129	0.319189	0.0457463	0.00841405	0.00112488	0.00833026	0.0146586	0.00540363	0.0156243	0.171993	0.0100162	0.0425886
11	0.00314973	0.00159928	0.00425164	0.0017505	0.0846017	0.00138255	0.00959907	0.0176033	0.00201598	0.590501	0.229155	0.00219394	0.000798149	0.00592812	0.00868314	0.00400859	0.00371356	0.0237497	0.00119485	0.00412055
12	0.0231325	0.00607934	0.0153135	0.0433591	0.0067269	0.0100453	0.0478907	0.0521635	0.270531	0.140002	0.0138042	0.0347241	0.0121932	0.104832	0.13522	0.033621	0.0259431	0.016925	0.00187991	0.00561379
13	0.0455704	0.0223663	0.0132477	0.0224535	0.00920298	0.0221533	0.0603789	0.0194786	0.11685	0.0253436	0.0152027	0.0618839	0.00923536	0.0965147	0.251263	0.111012	0.0533266	0.0146995	0.00616423	0.0236519
14	0.0374221	0.000583126	0.165593	0.33858	0.000553483	0.0221275	0.0674982	0.00465448	0.0527509	0.00931352	0.000690713	0.0301254	0.0117264	0.15369	0.043923	0.0366719	0.0171042	0.00541133	0.000152935	0.00142774
15	0.0102993	0.00379833	0.000389957	0.00106495	0.0158756	0.00103322	0.000843456	0.327353	0.00178796	0.393357	0.0689789	0.00195476	0.0017445	0.00165705	0.00276141	0.00407764	0.013128	0.148141	0.000439728	0.00131403
16	0.0144642	0.00403894	0.000576921	0.000701581	0.0106295	0.00233424	0.00170671	0.209495	0.00667441	0.474187	0.090149	0.00514131	0.0038565	0.00892033	0.00452665	0.00809139	0.0192061	0.132176	0.000799733	0.00232424
17	0.0704971	0.000413683	0.224349	0.205306	0.00230389	0.0212758	0.0142543	0.00954757	0.0687684	0.0119956	0.00336854	0.141267	0.00576425	0.0678955	0.0206532	0.0614037	0.0477683	0.0151516	0.000131113	0.00788554
18	0.181295	0.00646568	0.0458512	0.0753791	0.0121549	0.0436539	0.0284165	0.0366953	0.0557477	0.0451296	0.0335171	0.0442007	0.0122761	0.0681511	0.0394864	0.0790317	0.0971022	0.0800643	0.00135656	0.0140253
19	0.0149436	0.00861661	0.00514793	0.00400769	0.242412	0.00146897	0.00710073	0.109985	0.00518593	0.334128	0.0322007	0.0138384	0.00108308	0.00616832	0.0129823	0.00850377	0.0112566	0.115862	0.00454078	0.0605674
20	0.0445317	0.000548859	0.338162	0.217692	0.0205795	0.0488062	0.0154626	0.00184553	0.0354322	0.00528354	0.00108034	0.0940633	0.0216158	0.0416549	0.00527447	0.0544831	0.0139294	0.00562855	0.000264224	0.0336617
21	0.0763362	0.0113942	0.0318895	0.0370412	0.00652384	0.076114	0.0267771	0.0143572	0.0430863	0.00866569	0.00365801	0.0713636	0.00245878	0.0190461	0.0298512	0.394842	0.129908	0.0100189	0.000968915	0.00569943
22	0.127433	0.00287413	0.0250768	0.010308	0.0258986	0.0340875	0.00549075	0.116876	0.0104827	0.107108	0.0285085	0.0511502	0.128941	0.0120431	0.00714153	0.10357	0.0339801	0.161847	0.00115167	0.00603063
23	0.0126895	0.00923021	0.00416906	0.00308114	0.147772	0.000990394	0.00786195	0.0970781	0.00362382	0.509447	0.0261579	0.0118054	0.000774434	0.00942065	0.0133595	0.00631826	0.00973188	0.0850339	0.00580234	0.0356524
24	0.0918287	0.0328058	0.00456638	0.0678852	0.0529038	0.340718	0.00676435	0.0135033	0.00785029	0.0347837	0.0427052	0.0087572	0.00334695	0.0280387	0.00825171	0.112613	0.0153522	0.0721259	0.0246866	0.030513
25	0.0371511	0.000433392	0.0701112	0.180416	0.00861947	0.0168527	0.0289127	0.0166067	0.164076	0.0415837	0.0256312	0.0522913	0.00241673	0.15312	0.0996639	0.0217256	0.048814	0.0228546	0.000189141	0.00853094
26	0.0108766	0.00479283	0.0010251	0.00627487	0.0839083	0.000866586	0.00387835	0.361899	0.00195956	0.242154	0.0388901	0.00275266	0.00256739	0.00272537	0.00510511	0.00288323	0.0100418	0.192678	0.0066933	0.0180269
27	0.0128831	0.00414566	0.000813783	0.00399776	0.0965167	0.000855147	0.00397348	0.387717	0.00181606	0.190642	0.0462567	0.00270417	0.00392488	0.00272623	0.00530507	0.00252894	0.00942433	0.194586	0.00848458	0.0206981
28	0.0494327	0.0243757	0.0146904	0.0274198	0.00839474	0.0263638	0.0672281	0.013859	0.11998	0.0219434	0.0127587	0.0678641	0.00461126	0.0962852	0.220905	0.120745	0.0578403	0.0157945	0.0052729	0.0242349
29	0.138344	0.145174	0.00506113	0.00757869	0.0407089	0.0406563	0.025925	0.0231242	0.0348187	0.0246613	0.00390109	0.0409751	0.00602057	0.0202612	0.0231141	0.226465	0.0876783	0.0135406	0.0218501	0.0701414
30	0.15468	0.0467614	0.00240602	0.0116873	0.00642379	0.0386911	0.00443502	0.118609	0.00555688	0.0494289	0.0261067	0.0212909	0.00748455	0.00899402	0.0147195	0.216935	0.191616	0.0625313	0.00309374	0.00854892
31	0.017876	0.0032026	0.0271591	0.0744996	0.00600844	0.0115997	0.0928785	0.0124415	0.0952814	0.039099	0.0390408	0.0378838	0.0264017	0.415319	0.047324	0.0193984	0.0154122	0.0118278	0.00137925	0.00596705
32	0.0197584	0.00169317	0.0912603	0.700684	0.00329801	0.00981521	0.0174464	0.0053532	0.02104	0.00952207	0.00279615	0.0238672	0.00390664	0.0333243	0.0140378	0.0154084	0.0120508	0.00992844	0.000754032	0.00405537
33	0.136718	0.0066862	0.00838881	0.00615123	0.0309561	0.0242572	0.00487053	0.169049	0.00869349	0.111909	0.0665936	0.0116503	0.01701	0.0104533	0.0122715	0.0459548	0.064345	0.255288	0.00152198	0.00723145
34	0.049433	0.0051408	0.000772182	0.00183836	0.0167455	0.00236231	0.000876302	0.370372	0.000892045	0.0461	0.0378605	0.00116207	0.00340854	0.00205885	0.00140501	0.00712393	0.0218474	0.426194	0.000842827	0.00356446
35	0.0625525	0.0327799	0.00316174	0.00532979	0.0283554	0.00648711	0.00724546	0.157554	0.0118854	0.233164	0.0376826	0.012445	0.0155845	0.0265066	0.0411706	0.0887001	0.0675742	0.148821	0.00319476	0.0098055
36	0.10683	0.00339531	0.0445061	0.0619005	0.0341271	0.0132473	0.0115856	0.124906	0.0257165	0.118856	0.034716	0.0322362	0.0139384	0.0381168	0.0212032	0.0657869	0.0327373	0.1951	0.00147292	0.0196225
37	0.0875858	0.00331931	0.20634	0.169684	0.00968847	0.0374469	0.0169462	0.00494195	0.052655	0.014235	0.0042307	0.0914197	0.057618	0.0484569	0.0202952	0.0860536	0.0529209	0.0133179	0.000390035	0.0224545
38	0.0508591	0.000645666	0.20556	0.291188	0.00526895	0.0315849	0.0439966	0.00354851	0.046893	0.0100718	0.00145305	0.0514156	0.0434611	0.0907595	0.0305487	0.052889	0.0222877	0.00691986	0.000187095	0.0104623
39	0.00869652	0.00463514	0.0064583	0.00502208	0.247473	0.00261741	0.0640464	0.0144805	0.0118882	0.174798	0.030945	0.0750424	0.00236416	0.039647	0.029522	0.0832354	0.0176431	0.0120633	0.0340185	0.135404
40	0.0112964	0.00271993	0.000659686	0.00249488	0.0414524	0.000776513	0.00159737	0.435502	0.00154193	0.196012	0.0383773	0.00168907	0.00291927	0.00144361	0.00279798	0.0039862	0.0123345	0.231113	0.00315623	0.00812929
41	0.119786	0.115245	0.00973245	0.0204535	0.0156539	0.0669926	0.0146725	0.0797899	0.0220412	0.0184869	0.00784011	0.0666901	0.00329343	0.00866492	0.0127114	0.183152	0.0654021	0.0372841	0.0550507	0.077058
42	0.00795999	0.00907086	0.00283508	0.00285806	0.111977	0.000693756	0.00778389	0.0894853	0.00220623	0.607941	0.02543	0.00726297	0.000647401	0.00886836	0.0114595	0.0048142	0.0070206	0.0645867	0.00705637	0.0200428
43	0.245959	0.0107004	0.0313503	0.0155794	0.0145865	0.015039	0.00824927	0.0916296	0.0118596	0.0702767	0.0192373	0.0227277	0.0249565	0.0181697	0.0130397	0.163545	0.052261	0.160032	0.00329019	0.00751094
44	0.0163764	0.00433388	0.00084013	0.00347261	0.0553184	0.00106308	0.00286954	0.378218	0.00205317	0.133109	0.0304744	0.00223331	0.00286253	0.00210344	0.00307038	0.0058382	0.0137697	0.309186	0.00890422	0.0239039
45	0.0330015	0.0053658	0.00859546	0.0232109	0.00551404	0.0189539	0.0303976	0.00894466	0.116484	0.0159734	0.00907524	0.0155539	0.0185695	0.0446135	0.564343	0.0257064	0.0271686	0.0148534	0.00205744	0.0116188
46	0.0848691	0.0087127	0.0188413	0.0337113	0.0100465	0.0306874	0.0337729	0.0483842	0.0517137	0.0472213	0.0326992	0.0375605	0.151694	0.0714959	0.0620568	0.104031	0.0952456	0.0637387	0.00127054	0.0122471
47	0.0430787	0.0174987	0.0492683	0.028502	0.0113834	0.0203168	0.0769268	0.0138179	0.105127	0.0162652	0.0093802	0.114596	0.00463299	0.0792949	0.1795	0.119172	0.0571428	0.0192897	0.00488523	0.0299209
48	0.049402	0.00766731	0.012079	0.0154497	0.00913877	0.00925858	0.0214729	0.150563	0.0493348	0.0420856	0.0110881	0.0240051	0.299478	0.0547695	0.076643	0.0730867	0.0431357	0.0373309	0.00363224	0.0103799
49	0.44958	0.0255444	0.00411726	0.00566423	0.00508397	0.388233	0.0024998	0.00337099	0.00432294	0.00542442	0.0102977	0.00366081	0.0020259	0.00390766	0.00458205	0.0461411	0.0214044	0.0111567	0.000935899	0.00204645
50	0.0425433	0.0120584	0.00679463	0.0101877	0.0641555	0.0106533	0.0380088	0.132442	0.0513499	0.10805	0.0232549	0.0574369	0.00349818	0.0227504	0.0819064	0.0707193	0.0505003	0.161091	0.00831694	0.0442818
51	0.0520459	0.0535836	0.0269365	0.0556052	0.0139819	0.0226247	0.0426599	0.0537464	0.0584219	0.0314409	0.0154787	0.0345753	0.00865325	0.148588	0.142353	0.0784426	0.0342658	0.0194046	0.0903483	0.0168433
52	0.038168	0.000617928	0.100469	0.255482	0.00569872	0.0183783	0.038253	0.0128687	0.117676	0.033531	0.0166426	0.0410011	0.00533371	0.15282	0.0770229	0.0269808	0.0367826	0.01675	0.000231111	0.00529332
53	0.0103713	0.00302247	0.0016296	0.00185122	0.292825	0.00171549	0.136139	0.0343791	0.0224208	0.0441716	0.00160986	0.00417638	0.00173904	0.0207968	0.036225	0.0306248	0.0224851	0.023552	0.00406256	0.306203
54	0.0122289	0.0100678	0.00144121	0.00404902	0.0953912	0.00118206	0.00805174	0.254105	0.00401109	0.257682	0.0396262	0.00594623	0.00164105	0.00658556	0.0113728	0.0055569	0.0137657	0.211433	0.0134869	0.0423761
55	0.0366601	0.00759182	0.00618537	0.0202719	0.00394139	0.0146537	0.0397293	0.00658621	0.117196	0.00961972	0.00560921	0.0194932	0.00997563	0.0585761	0.54781	0.0390812	0.0333712	0.0105946	0.00299007	0.0100632
56	0.0105305	0.00333631	0.000501705	0.00185996	0.0362199	0.000810722	0.0014206	0.398697	0.00130665	0.272639	0.0539196	0.00174539	0.00228398	0.0014262	0.00285626	0.00383326	0.0108128	0.187456	0.00217697	0.00616704
57	0.00855786	0.0143371	0.151649	0.0146967	0.0200769	0.00332925	0.116789	0.0122156	0.0186467	0.00699644	0.00213512	0.288096	0.00281887	0.0140567	0.0401192	0.178038	0.0532017	0.0210411	0.00465	0.0285479
58	0.203677	0.0220539	0.00905516	0.0357623	0.0106898	0.017553	0.0086489	0.0700201	0.012535	0.144341	0.0223898	0.0151032	0.00383954	0.0173182	0.0435176	0.173762	0.0702126	0.0844435	0.0244889	0.0105887
59	0.0480165	0.000587626	0.340999	0.217944	0.0281764	0.0444378	0.0172735	0.00152088	0.0352839	0.00519875	0.000927486	0.0859524	0.0239653	0.0378342	0.00346836	0.0488047	0.0110294	0.00593325	0.000269982	0.0423763
60	0.0664242	0.000302728	0.252892	0.209296	0.00155937	0.0199438	0.0137721	0.00938894	0.0653281	0.0105557	0.00495335	0.135832	0.00598777	0.0653376	0.0176524	0.0567494	0.0425055	0.0160349	0.000167311	0.00531661
61	0.00415288	0.00187442	0.0096383	0.0049598	0.0895044	0.00164919	0.00747666	0.01233	0.00293743	0.644597	0.164866	0.00307204	0.000895709	0.0127784	0.0091874	0.0056457	0.0043912	0.014412	0.00137811	0.00425275
62	0.12064	0.00860111	0.0280912	0.0346745	0.0190046	0.038472	0.0269628	0.0389769	0.0479901	0.0321646	0.0204362	0.0776399	0.0105253	0.0613317	0.0374284	0.182442	0.134709	0.0657833	0.000356831	0.0137685
63	0.0143509	0.00575533	0.00121542	0.00360854	0.0897228	0.00103597	0.00537962	0.328925	0.00280545	0.20063	0.0425522	0.00433323	0.00285978	0.00368478	0.00772206	0.00446782	0.0124271	0.228044	0.0084338	0.0320451
64	0.0249579	0.00067249	0.251645	0.532434	0.00190973	0.0112263	0.0201965	0.00698373	0.0179192	0.00418969	0.00129164	0.0348324	0.00450249	0.0411933	0.00725334	0.0122402	0.0168536	0.00620744	0.000399785	0.00309101
65	0.0951946	0.00222433	0.0780158	0.175827	0.00527556	0.0488302	0.0233084	0.00458839	0.0546903	0.0435264	0.00623797	0.0388543	0.0978032	0.0852886	0.0380616	0.101971	0.0629353	0.0269991	0.000509678	0.00985817
66	0.0102748	0.00411694	0.000566275	0.000829176	0.0104683	0.00146224	0.00141344	0.207207	0.0032669	0.464713	0.132412	0.00241281	0.00221134	0.00322697	0.00261979	0.00491074	0.0167369	0.129634	0.00043898	0.00107889
67	0.0285106	0.00377105	0.00309514	0.0188374	0.00780376	0.0186145	0.00427049	0.00521721	0.0118657	0.0408706	0.00423517	0.00925161	0.0498822	0.0207735	0.073765	0.207482	0.476569	0.00571688	0.000832049	0.0086361
68	0.0923339	0.00371807	0.00707803	0.00334707	0.0107493	0.0118092	0.0036125	0.182622	0.0161245	0.0622162	0.0115988	0.024539	0.171164	0.00762305	0.00546848	0.0908393	0.0470049	0.243862	0.00122047	0.00306923
69	0.166847	0.0291002	0.0220183	0.0224573	0.00531837	0.0153521	0.0143243	0.0227549	0.0460504	0.0172745	0.00593945	0.021862	0.141978	0.0467193	0.0353643	0.288127	0.0627309	0.0275356	0.00120162	0.00704491
70	0.0431292	0.000623312	0.194141	0.429312	0.00181678	0.0127803	0.0374132	0.00599672	0.0351733	0.0123835	0.00310363	0.0368312	0.00732884	0.0982807	0.0240711	0.0227989	0.0170458	0.0152722	0.000302562	0.00219594
71	0.00491629	0.00853043	0.00102024	0.00105937	0.456534	0.000808784	0.0230794	0.00385281	0.00155304	0.0382056	0.00217992	0.00176779	0.00307531	0.00265033	0.00261813	0.0155456	0.00250576	0.00703259	0.0173587	0.405706
72	0.00911615	0.00292861	0.00374542	0.00702354	0.0422634	0.00282866	0.0075451	0.0876616	0.0073403	0.672062	0.0530584	0.00494527	0.00226057	0.00883648	0.0121102	0.0065944	0.0109781	0.0491446	0.00374691	0.00581074
73	0.0637387	0.0322477	0.0370612	0.0306011	0.00760737	0.0256404	0.0636859	0.0229241	0.0954461	0.0206064	0.0112236	0.0479019	0.00488768	0.146821	0.200418	0.106188	0.0396748	0.0117351	0.0152847	0.0163061
74	0.0121867	0.0139584	0.00853696	0.00456392	0.206341	0.00162004	0.0103885	0.0872769	0.00795225	0.376658	0.0250833	0.0273232	0.00124755	0.00854964	0.0206916	0.0154292	0.014618	0.0972209	0.005089	0.0552648
75	0.0577298	0.0352271	0.0181002	0.0237257	0.00901077	0.0377092	0.0483451	0.0149843	0.138743	0.0233397	0.011088	0.0609675	0.0115682	0.0743661	0.203295	0.123402	0.0695434	0.0169786	0.00438119	0.0174947
76	0.0279684	0.000957019	0.290335	0.417659	0.00300698	0.0138609	0.0272479	0.00578816	0.026954	0.00803673	0.00284689	0.0514037	0.0071452	0.0522593	0.0153031	0.0198404	0.0164174	0.00780557	0.000422702	0.00474153
77	0.0804582	0.0170226	0.0251364	0.0363518	0.0162879	0.0243111	0.0450246	0.0245393	0.0888285	0.0345691	0.0294138	0.0528472	0.00775148	0.0939401	0.178605	0.103916	0.0812789	0.0392506	0.00409168	0.0163759
78	0.0108646	0.00894552	0.00213226	0.00230317	0.0880486	0.00100088	0.00863893	0.148537	0.00338418	0.482656	0.0366513	0.00737401	0.000821779	0.0122141	0.01383	0.0046268	0.0124494	0.120623	0.00794528	0.0269535
79	0.148545	0.018605	0.0064321	0.0230588	0.11457	0.00541683	0.0267558	0.0812256	0.00484907	0.0377903	0.00658271	0.00771489	0.00356966	0.00650322	0.00729042	0.0588217	0.0333626	0.350875	0.00375562	0.0542754
80	0.0121072	0.0153438	0.284183	0.0670176	0.00267852	0.0658687	0.0405301	0.00374602	0.0586155	0.0298993	0.00383858	0.306697	0.00262745	0.0241276	0.0361339	0.0266477	0.00993699	0.00413571	0.00166046	0.00420486
81	0.0469798	0.000559218	0.133652	0.296074	0.0010907	0.0763817	0.0555984	0.00338009	0.0511058	0.0125898	0.00142737	0.0228796	0.0307824	0.126071	0.0554519	0.0559609	0.0201914	0.00737041	0.000179672	0.00227415
82	0.0263206	0.00233097	0.095509	0.0166953	0.0526268	0.00259864	0.117846	0.0275759	0.0154417	0.0185481	0.00366437	0.163693	0.0131658	0.0312302	0.0548236	0.088796	0.0577322	0.0149751	0.0690165	0.12741
83	0.0649809	0.0305779	0.00308689	0.00304312	0.0101907	0.0107736	0.00367478	0.186004	0.0065845	0.118522	0.0263739	0.00983843	0.0409548	0.0341822	0.0327842	0.10355	0.175258	0.136243	0.000960525	0.00241688
84	0.00472079	0.00354255	0.00361407	0.00249098	0.212713	0.00121524	0.0051005	0.0362535	0.00217341	0.586429	0.0595791	0.00506962	0.000720333	0.00473373	0.00576543	0.00575619	0.00432704	0.0299446	0.00260328	0.0232473
85	0.0762461	0.00198885	0.112826	0.217357	0.00331487	0.025126	0.025447	0.00921047	0.113548	0.0175721	0.0100123	0.0782549	0.0130938	0.0946012	0.0625338	0.0580426	0.0570922	0.0161301	0.000491702	0.00711125
86	0.0103531	0.00412126	0.000439445	0.00118656	0.0148463	0.00114984	0.00107569	0.290742	0.00196541	0.444318	0.0716925	0.00236213	0.00137864	0.00195895	0.0030458	0.00442393	0.0133754	0.129874	0.000527007	0.00116448
87	0.00982023	0.00264689	0.446575	0.0780051	0.000977128	0.0154724	0.0572455	0.00207496	0.00834122	0.00356852	0.000842188	0.316594	0.000657459	0.01244	0.0192452	0.017616	0.00279733	0.00174682	0.000358781	0.00297538
88	0.00660313	0.00358396	0.00192368	0.0023115	0.50566	0.00142303	0.00278532	0.098683	0.00231502	0.22746	0.0453763	0.0032577	0.00150183	0.00240313	0.00371688	0.00559191	0.00584481	0.0685102	0.0016708	0.00937694
89	0.0978218	0.00217582	0.0209249	0.200979	0.00285161	0.312347	0.033872	0.00344417	0.058353	0.00762148	0.00270917	0.0048367	0.0228253	0.0636111	0.0657372	0.0710773	0.00767656	0.016989	0.00127461	0.00287216
90	0.131689	0.00559973	0.030619	0.0317129	0.0037274	0.0290852	0.0162802	0.0191382	0.0260606	0.0322704	0.00462787	0.0288083	0.394054	0.0269049	0.0184524	0.15585	0.0289071	0.0102387	0.000916185	0.00505765
91	0.00680724	0.00379953	0.00141542	0.0022106	0.521527	0.00137509	0.0025091	0.10868	0.00200055	0.199465	0.0399849	0.00292208	0.00166607	0.0023368	0.00349963	0.00548469	0.00552367	0.0745523	0.00180605	0.0124341
92	0.0245931	0.034723	0.094043	0.0732166	0.00684448	0.0104143	0.0222181	0.0154128	0.0197076	0.0178962	0.00429595	0.172196	0.00793485	0.0118853	0.0523739	0.133804	0.173851	0.0233711	0.00280084	0.0984172
93	0.143417	0.00923078	0.0504416	0.0621537	0.0189804	0.0324401	0.0293137	0.0320768	0.0559228	0.0406972	0.0282353	0.066567	0.0289783	0.0769174	0.031853	0.0940276	0.100158	0.0746857	0.000208202	0.0236955
94	0.14937	0.0093945	0.0550647	0.0672881	0.0193639	0.0345182	0.0297034	0.025644	0.0550429	0.036312	0.0218752	0.0726358	0.0372296	0.0733807	0.0273029	0.0981594	0.0992362	0.061772	0.000482305	0.0262242
95	0.0672513	0.0116252	0.00607066	0.0041771	0.0294769	0.0236529	0.00364311	0.163071	0.00703935	0.112597	0.039957	0.0134453	0.0532798	0.015001	0.013432	0.11976	0.117259	0.194824	0.00100879	0.00342922
96	0.0150364	0.00141715	0.00675924	0.00436096	0.0106893	0.002244	0.00761692	0.00366968	0.00356829	0.00655813	0.00154867	0.00693697	0.829934	0.00535755	0.0145524	0.0127415	0.0294715	0.0124647	0.00143421	0.0236381
97	0.041407	0.018729	0.0142083	0.0202269	0.0102203	0.018899	0.0557555	0.0212595	0.110792	0.0275445	0.0173627	0.055942	0.00599894	0.0947805	0.294674	0.0979726	0.0535982	0.0137193	0.00937326	0.017536
98	0.0210769	0.00371425	0.00108797	0.001102	0.00932209	0.00376984	0.00197716	0.208438	0.0089116	0.454566	0.0966963	0.00767525	0.00830195	0.00695367	0.00565056	0.0124926	0.0194959	0.126902	0.000419113	0.00144676
99	0.0402139	0.00968786	0.0252312	0.0273008	0.00638709	0.0244871	0.0181307	0.020656	0.0999767	0.012738	0.00302545	0.105974	0.00254284	0.040596	0.0871969	0.264229	0.184124	0.0193111	0.000974974	0.00721675
100	0.0455069	0.00196674	0.158125	0.187307	0.0142425	0.00780516	0.0274376	0.0402016	0.0407682	0.140151	0.0542713	0.0198429	0.00364537	0.120717	0.0491839	0.0140724	0.0185357	0.0500829	0.000568546	0.0055678
101	0.0978663	0.00466687	0.0148355	0.0270981	0.00178913	0.00677922	0.0348434	0.0220572	0.0148913	0.0259374	0.00141032	0.051439	0.445322	0.0224771	0.0112551	0.170261	0.0411061	0.00273025	0.000671777	0.00256337
102	0.0570246	0.0206308	0.0373465	0.0367828	0.00441519	0.0324699	0.0398989	0.00891732	0.152889	0.0127498	0.00714136	0.0947009	0.00466408	0.0648721	0.142621	0.162741	0.096827	0.0100418	0.00194131	0.0113246
103	0.0260208	0.0228324	0.101604	0.0717389	0.0152006	0.0138984	0.0376039	0.0185512	0.0182386	0.0186438	0.00390756	0.164864	0.00768712	0.0159669	0.0414345	0.138296	0.153713	0.0224112	0.00612172	0.101266
104	0.0181812	0.00193163	0.00126591	0.00212813	0.0257725	0.00173779	0.00172438	0.494366	0.00213037	0.0860869	0.031047	0.00216611	0.00425565	0.00224091	0.00254747	0.00677054	0.0130871	0.294385	0.00215972	0.00601603
105	0.0141063	0.00253944	0.0026886	0.00103188	0.00430479	0.950745	0.00117977	0.000872222	0.00179985	0.00300264	0.000806797	0.00247854	0.000495502	0.00110827	0.00149537	0.00628569	0.00152992	0.00104872	0.000262462	0.00221795
106	0.0132318	0.00577417	0.0753977	0.0276353	0.00236457	0.0369265	0.0631069	0.00311746	0.194076	0.00881084	0.00233464	0.280807	0.00984045	0.0989836	0.0854042	0.0603999	0.0214652	0.00413641	0.000466374	0.00572087
107	0.0122859	0.00227045	0.00347333	0.00248535	0.00440135	0.947149	0.00149871	0.000953563	0.00183656	0.00281206	0.000689696	0.00290431	0.000607892	0.00153229	0.00151412	0.00781483	0.00190576	0.00125954	0.000261572	0.00234377
108	0.0935416	0.00366023	0.00441618	0.0021884	0.0118951	0.00812594	0.00192012	0.176247	0.00383742	0.333469	0.0836419	0.00668517	0.00461954	0.00396119	0.00558742	0.0143431	0.0283356	0.2103	0.000732505	0.00249214
109	0.0483312	0.000668818	0.1732	0.270641	0.000757232	0.0262124	0.0522649	0.00819112	0.0597232	0.0130569	0.00181104	0.0602832	0.00900898	0.146653	0.0412828	0.0482442	0.0281542	0.00862709	0.000145001	0.00274449
110	0.00552959	0.00646104	0.000667035	0.000767453	0.762008	0.000756814	0.000889079	0.0016965	0.00089156	0.0275952	0.000797257	0.000949986	0.000677581	0.000976024	0.00102882	0.00555447	0.001342	0.00544072	0.00351903	0.172452
111	0.0218303	0.00350597	0.000576001	0.000716301	0.00791882	0.00240803	0.00123103	0.214941	0.00351504	0.489538	0.0863109	0.00461154	0.00261437	0.00365286	0.00360508	0.00928651	0.0214061	0.121267	0.000358669	0.000706641
112	0.043198	0.0147324	0.0289255	0.0223394	0.00981035	0.0193651	0.0180746	0.0292011	0.0348179	0.0436037	0.019208	0.261197	0.0112722	0.0192726	0.0272063	0.150164	0.204833	0.0248391	0.00165889	0.0162808
113	0.0200697	0.00186959	0.0009416	0.0151642	0.000890839	0.0115009	0.0305942	0.00114418	0.109605	0.00316499	0.000793672	0.00338309	0.0111785	0.0388438	0.705944	0.007472	0.0206578	0.00933464	0.000723689	0.00672373
114	0.0111867	0.00224983	0.0018634	0.00221646	0.288626	0.00198894	0.151177	0.0383651	0.0289799	0.0597952	0.00529393	0.0112901	0.00125699	0.0267316	0.0413775	0.0329214	0.0258208	0.0234618	0.00272977	0.242667
115	0.00897236	0.00249575	0.000446267	0.0014497	0.0187875	0.000814168	0.00308802	0.141153	0.00146771	0.656674	0.061534	0.00160248	0.000948761	0.00206213	0.00359112	0.00321051	0.011768	0.0770462	0.00203264	0.000855875
116	0.138011	0.09897	0.00247978	0.0053709	0.0171648	0.0152509	0.00614943	0.0255555	0.00547446	0.00943226	0.006826	0.0126092	0.00833595	0.00707335	0.00595091	0.511342	0.0827374	0.0314047	0.00249449	0.00736668
117	0.163291	0.00703968	0.0570669	0.021886	0.00845651	0.11489	0.0142897	0.00790273	0.00656963	0.0245632	0.00472419	0.0802157	0.00351493	0.0156164	0.0119186	0.406717	0.0373322	0.00814805	0.00101718	0.00484074
118	0.0371873	0.0160863	0.0132172	0.0220102	0.0188365	0.0164377	0.0467249	0.0300366	0.145613	0.0232619	0.0140064	0.0647939	0.00807335	0.099549	0.256272	0.0917164	0.0522637	0.0208679	0.00575554	0.01729
119	0.0035772	0.00236345	0.00173309	0.00186609	0.0567649	0.000729009	0.00563092	0.0604867	0.000965178	0.71323	0.090346	0.00119385	0.000441765	0.00417534	0.00497184	0.00229823	0.00500589	0.038015	0.00368169	0.00252352
120	0.0518059	0.105455	0.0404661	0.0290863	0.00694809	0.0666324	0.0117816	0.0453794	0.0538452	0.00916566	0.00343446	0.196494	0.00402063	0.00802658	0.0111112	0.158666	0.0662913	0.0142944	0.0706166	0.0464788
121	0.0715422	0.00422302	0.00332025	0.00386229	0.00646971	0.0169919	0.00829695	0.117792	0.0398849	0.378951	0.0894136	0.0417125	0.0214417	0.0206193	0.0337113	0.0463082	0.0351831	0.0560792	0.000999299	0.00319799
122	0.0402647	0.000463696	0.0663534	0.179323	0.00559288	0.0196773	0.0307737	0.0104301	0.177223	0.0287152	0.0176504	0.0591313	0.00269084	0.156742	0.102638	0.0272199	0.0501308	0.0166158	0.000145604	0.00821886
123	0.128026	0.0495722	0.0138366	0.0225032	0.0115353	0.0189045	0.0315093	0.0361284	0.0450936	0.0458142	0.00994524	0.0414142	0.155268	0.0360783	0.0529368	0.182022	0.0634198	0.0218068	0.00534365	0.0288412
124	0.0058601	0.00276065	0.000641457	0.00240538	0.0419082	0.00051223	0.00496243	0.142193	0.000899465	0.657186	0.0364068	0.0013809	0.000845312	0.00304337	0.00469655	0.00210434	0.00660289	0.0768784	0.00424304	0.00446958
125	0.0131728	0.00809832	0.00634845	0.0048682	0.293287	0.00202626	0.0120513	0.066534	0.00678893	0.318608	0.0227604	0.0167096	0.0015681	0.00568144	0.0128968	0.012311	0.0116839	0.0996619	0.00251255	0.0824311
126	0.0679737	0.000265504	0.233759	0.216865	0.00178078	0.0205926	0.0134892	0.00929067	0.0678004	0.0106565	0.00319711	0.139991	0.00488193	0.0663045	0.019629	0.0575517	0.0447848	0.0146927	0.000114443	0.00638018
127	0.0223171	0.00719686	0.00391491	0.00341339	0.567056	0.00290872	0.0174907	0.0217922	0.00441401	0.0902294	0.00822421	0.0082855	0.00205443	0.00603571	0.00785728	0.0144373	0.00779208	0.0299544	0.00446599	0.170159
128	0.00954871	0.0034832	0.00188275	0.00366998	0.0241881	0.00139761	0.00420614	0.144347	0.00264561	0.621255	0.066704	0.00250307	0.00148118	0.00417096	0.00555766	0.00602606	0.0123948	0.0796797	0.00300406	0.00185452
129	0.0475781	0.0220813	0.0146382	0.0245625	0.00927392	0.0232896	0.0608134	0.0165834	0.118216	0.0263241	0.0145363	0.0630179	0.00596866	0.0989123	0.242744	0.112173	0.0557309	0.016325	0.00606589	0.0211656
130	0.119605	0.0058034	0.0196094	0.0495082	0.0092569	0.036835	0.0226774	0.0505721	0.0702036	0.0689597	0.0485883	0.0451097	0.00632255	0.0682909	0.043822	0.0990104	0.114613	0.109214	0.00084554	0.0111531
131	0.0151565	0.00890178	0.00508243	0.00664207	0.0418422	0.00531416	0.0997044	0.115381	0.0118214	0.452363	0.0823692	0.0106047	0.0032455	0.0133905	0.0215452	0.0163819	0.0143337	0.0589924	0.00700422	0.00992373
132	0.0405939	0.0197907	0.0313089	0.027391	0.00669797	0.025959	0.0710357	0.0103913	0.128593	0.0155866	0.00924333	0.127343	0.00422913	0.0905405	0.185169	0.116679	0.0531384	0.0136162	0.00332401	0.0193696
133	0.00813658	0.0319395	0.0050825	0.0015169	0.0381337	0.0013933	0.251462	0.00189748	0.00166663	0.026915	0.0012	0.0113099	0.00181393	0.0137369	0.00956301	0.014656	0.00226892	0.034153	0.000426259	0.542729
134	0.0281262	0.00194957	0.135279	0.15591	0.00431548	0.0235602	0.0839099	0.00834594	0.107604	0.0133218	0.0058456	0.126302	0.00819098	0.138847	0.0712881	0.0371322	0.0237299	0.0114597	0.000268682	0.014614
135	0.0161235	0.00460196	0.188828	0.0527371	0.00282262	0.413828	0.0299941	0.00320771	0.0357914	0.00668679	0.00629787	0.135465	0.00353862	0.0180651	0.0136082	0.0494779	0.010087	0.00425733	0.000710367	0.0038718
136	0.0554809	0.00205557	0.0652312	0.154514	0.00957173	0.0178691	0.0312222	0.0323774	0.11523	0.0550866	0.0405049	0.0483467	0.00375263	0.134027	0.0758346	0.0353906	0.0652171	0.0491446	0.00019266	0.0089505
137	0.0899099	0.00617616	0.0557956	0.0450675	0.00899077	0.0296206	0.0121665	0.00721476	0.0673576	0.0312309	0.00411164	0.163269	0.115385	0.0786092	0.0168984	0.122015	0.0884502	0.0455913	0.000855067	0.0112848
138	0.00440791	0.00226027	0.000547419	0.00217344	0.0326409	0.000485288	0.0051394	0.0915839	0.000702812	0.749246	0.0380226	0.00075775	0.000384918	0.00299523	0.00463129	0.00203889	0.00618976	0.050267	0.00399251	0.00153213
139	0.00883325	0.00401645	0.0016906	0.00168881	0.0222795	0.00207541	0.00418205	0.129332	0.00331541	0.483875	0.218639	0.00266198	0.00177604	0.00353851	0.00679035	0.00584733	0.0126714	0.0825254	0.00159829	0.00266261
140	0.0103221	0.00406476	0.000432851	0.001412	0.0174997	0.00113333	0.0012956	0.31626	0.00191712	0.390021	0.0695421	0.00221618	0.00139713	0.00178043	0.00305339	0.00460737	0.0132185	0.156218	0.00107514	0.00253282
141	0.0353265	0.0140806	0.0476788	0.0322236	0.00199019	0.0348883	0.0277993	0.00943292	0.0942352	0.00625113	0.0012311	0.302792	0.00174462	0.0250872	0.0361195	0.216926	0.101766	0.00399213	0.0016493	0.00478544
142	0.0441748	0.000516296	0.360024	0.221922	0.019353	0.0424003	0.0154956	0.00183632	0.0350221	0.00509477	0.000912213	0.0915638	0.0236373	0.0365717	0.00380544	0.0442526	0.0133426	0.00532499	0.000208303	0.0345413
143	0.0554374	0.0181643	0.0176351	0.0248562	0.0117828	0.0223576	0.0528098	0.0234474	0.109044	0.0264026	0.0205601	0.05953	0.0067096	0.0923775	0.244692	0.104446	0.062347	0.02268	0.00659908	0.0181214
144	0.0734547	0.0141748	0.0288828	0.0677731	0.00497994	0.0385598	0.0431864	0.0136633	0.152515	0.0164865	0.0124033	0.0714438	0.00396383	0.0803173	0.117644	0.137047	0.0922093	0.0169629	0.0015784	0.0127539
145	0.00559239	0.00426171	0.00375516	0.00243659	0.320365	0.00100339	0.006067	0.0334754	0.00212599	0.464243	0.0504855	0.00624822	0.000999102	0.00507378	0.00647633	0.00658737	0.00476337	0.0307024	0.0027567	0.0425816
146	0.0494286	0.00573793	0.0409181	0.128736	0.0056475	0.0202347	0.0350435	0.00886187	0.187674	0.0245591	0.0148164	0.0601616	0.00476993	0.128799	0.151986	0.0563838	0.0495744	0.015049	0.000997519	0.010621
147	0.146984	0.00978613	0.0496303	0.0629116	0.0195585	0.0332972	0.0305115	0.0307073	0.0559849	0.0393808	0.0269251	0.0680343	0.029749	0.0768926	0.0293408	0.0939688	0.101012	0.070492	0.000225279	0.0246085
148	0.213866	0.0089794	0.0110976	0.0150839	0.00854451	0.0138948	0.0182527	0.038654	0.0196375	0.0387204	0.0129397	0.0485558	0.00729511	0.114586	0.0151391	0.226094	0.0889672	0.0914433	0.00168291	0.00656496
149	0.0099183	0.00407063	0.000438143	0.00135195	0.0147185	0.00122073	0.00128056	0.301343	0.0023145	0.429623	0.068135	0.00238705	0.00155263	0.00217101	0.00346662	0.00468977	0.0131573	0.135795	0.000854864	0.00151056
150	0.107233	0.00579777	0.0173646	0.0455863	0.0122795	0.0307009	0.0242766	0.0688943	0.0814522	0.0699424	0.0542102	0.0473868	0.00541901	0.0624679	0.0497198	0.0890459	0.0998994	0.114751	0.000823445	0.0127491
151	0.0488669	0.0120859	0.0233006	0.0484793	0.00811679	0.0309465	0.0380083	0.0130409	0.149879	0.124659	0.0297645	0.0408549	0.0214897	0.135563	0.137972	0.0592213	0.0373167	0.0305014	0.00190858	0.00802437
152	0.63068	0.00788154	0.0036193	0.00428481	0.00341145	0.00859032	0.00233791	0.0204448	0.0060595	0.0152	0.00600011	0.00542346	0.0023779	0.00437171	0.00530624	0.0885005	0.085441	0.0977642	0.000362548	0.0019431
153	0.0517859	0.00146313	0.145363	0.203001	0.0158954	0.00579438	0.0224685	0.0584467	0.029509	0.151384	0.0569832	0.0201572	0.00278977	0.106443	0.0373732	0.00830551	0.0163391	0.0602408	0.000622699	0.00563475
154	0.072824	0.000275954	0.214718	0.209772	0.000443398	0.0183691	0.0134264	0.0105866	0.072105	0.0113731	0.00354487	0.145163	0.00366437	0.070046	0.0211557	0.0608508	0.0504417	0.0166255	0.000116459	0.00449817
155	0.0113871	0.00198303	0.00169812	0.00188315	0.291687	0.00183648	0.149971	0.0376874	0.0286598	0.0573398	0.00490643	0.0101456	0.00121019	0.02628	0.0409503	0.0338066	0.0255191	0.0233732	0.00242711	0.247249
156	0.00948683	0.0030676	0.000435443	0.00128822	0.0154355	0.00103989	0.00208173	0.188941	0.00177845	0.585632	0.0642324	0.00201253	0.0012586	0.00194888	0.00324067	0.00417199	0.0123975	0.0994056	0.00126519	0.000880259
157	0.147338	0.0408276	0.00312906	0.019691	0.00909377	0.0592527	0.00869621	0.0837084	0.00667892	0.0284442	0.0255245	0.0363849	0.00239694	0.00636399	0.0147567	0.321227	0.130011	0.0420782	0.00382515	0.0105723
158	0.12888	0.00294515	0.0796283	0.123865	0.00412329	0.0896726	0.0150828	0.00374229	0.0712759	0.0166656	0.0148467	0.0502175	0.0413321	0.0486382	0.0542708	0.146434	0.0883905	0.0109384	0.00107222	0.00797937
159	0.00839848	0.00956443	0.00196798	0.00230632	0.0868688	0.000896718	0.0110715	0.118939	0.00304525	0.554696	0.0309357	0.00607007	0.000597471	0.0137876	0.0158677	0.00415345	0.0092188	0.0881949	0.0100498	0.0233695
160	0.108057	0.00561262	0.015322	0.0321579	0.00137579	0.0102511	0.0268617	0.0221978	0.0303885	0.0304576	0.00221651	0.0332571	0.420489	0.0375099	0.0240512	0.157478	0.0329772	0.00510677	0.00039376	0.00383844
161	0.117265	0.0033479	0.0648792	0.126291	0.00350036	0.0444323	0.0189034	0.00517754	0.0716604	0.0247031	0.00741111	0.0371668	0.138888	0.0660282	0.0495271	0.127496	0.0662678	0.0160964	0.000412328	0.0105458
162	0.045426	0.000475778	0.355677	0.222069	0.0181526	0.0405964	0.0156892	0.00217291	0.0365073	0.00542709	0.000973762	0.0938831	0.0229277	0.0370772	0.00444486	0.0447516	0.0153529	0.0057718	0.000199379	0.0324243
163	0.202208	0.00553014	0.0526679	0.0985285	0.00941588	0.0374176	0.0201027	0.0253711	0.0783219	0.029632	0.046282	0.0300792	0.0183804	0.0716822	0.0352905	0.0701326	0.106886	0.0484734	0.0013489	0.0122493
164	0.0826213	0.00247587	0.0198404	0.0245847	0.0027909	0.00810348	0.0159987	0.0166934	0.0123595	0.0574889	0.00233948	0.0301842	0.552007	0.0243394	0.00871854	0.110259	0.0179933	0.00734502	0.000469481	0.0033871
165	0.00427275	0.0116765	0.00130022	0.00138024	0.243663	0.00100639	0.0385461	0.00251678	0.00133589	0.0263713	0.000944435	0.00179367	0.00493595	0.00292934	0.00233718	0.0232213	0.00243827	0.00265764	0.0310307	0.595642
166	0.18235	0.00332314	0.0774074	0.130168	0.00947019	0.05217	0.0174839	0.00456935	0.07142	0.0253081	0.0150585	0.0352034	0.060071	0.0586715	0.0367201	0.102606	0.079747	0.0212	0.00102336	0.0160294
167	0.072824	0.000275954	0.214718	0.209772	0.000443398	0.0183691	0.0134264	0.0105866	0.072105	0.0113731	0.00354487	0.145163	0.00366437	0.070046	0.0211557	0.0608508	0.0504417	0.0166255	0.000116459	0.00449817
168	0.00704569	0.00400812	0.00198141	0.00281476	0.507197	0.00141381	0.00293344	0.121491	0.00231085	0.188007	0.0386286	0.00378412	0.00167372	0.00243887	0.00407418	0.00565865	0.00583657	0.0840428	0.00207385	0.0125848
169	0.098563	0.0166143	0.0321046	0.0528606	0.00907844	0.0373162	0.0543881	0.0128684	0.0984835	0.0205419	0.0139833	0.0671051	0.0147946	0.0788991	0.141723	0.127593	0.0713147	0.0250379	0.00238249	0.0243472
170	0.00367379	0.00258455	0.00127293	0.00215169	0.0626421	0.000621815	0.00600504	0.063641	0.000608236	0.751045	0.0446482	0.00150209	0.000386323	0.00376328	0.00493493	0.00243504	0.00419774	0.0354419	0.0041239	0.00432068
171	0.0383472	0.00241483	0.0688917	0.179674	0.00482483	0.0258737	0.0448126	0.00941259	0.149493	0.0271477	0.0139908	0.0476684	0.00565718	0.174206	0.108439	0.03526	0.0427639	0.0132591	0.00094097	0.00692316
172	0.142838	0.000957842	0.120235	0.193329	0.00299237	0.0530966	0.0226172	0.00415389	0.066695	0.0207557	0.00819325	0.0441948	0.0327305	0.0754939	0.0475541	0.0827865	0.0559493	0.0158434	0.000952827	0.00863068
173	0.0221261	0.0387426	0.0020672	0.00304056	0.0759599	0.00758828	0.0110277	0.0988032	0.00329126	0.477644	0.101585	0.00382063	0.00130231	0.00697753	0.016965	0.030249	0.0123423	0.0355808	0.0423719	0.00851505
174	0.0192938	0.00311027	0.00345673	0.00175119	0.0043495	0.937896	0.00108319	0.000954439	0.0023917	0.00284199	0.00113677	0.00282243	0.000567023	0.00128188	0.00199181	0.00861136	0.00249305	0.00140709	0.000285994	0.002274
175	0.00500925	0.00486597	0.00186487	0.00165017	0.696741	0.00109851	0.00239626	0.0291537	0.00169897	0.13087	0.0205698	0.00403194	0.00116689	0.00199812	0.00298722	0.00815571	0.00288027	0.0268268	0.00147188	0.0545633
176	0.0578933	0.00128167	0.139245	0.376369	0.00668478	0.0163588	0.0242404	0.0171942	0.0405246	0.0537214	0.0163107	0.0421879	0.0109248	0.0793188	0.0294703	0.029608	0.0255391	0.0270841	0.000440774	0.00560196
177	0.0314293	0.00451006	0.00167788	0.0117335	0.00162823	0.0105122	0.0259345	0.00621217	0.188642	0.00574697	0.00298724	0.00613306	0.0779488	0.0331756	0.529504	0.0113091	0.0288906	0.0123625	0.00422622	0.00543651
178	0.0151779	0.0023969	0.00212455	0.00144514	0.00437776	0.950094	0.0010635	0.000841668	0.00162956	0.00300594	0.000754985	0.00180332	0.000908804	0.00123295	0.0011986	0.00653297	0.00142602	0.00122741	0.000227684	0.00253037
179	0.0166201	0.0124606	0.00520771	0.00657204	0.0312079	0.00673105	0.011408	0.0455327	0.00780003	0.206095	0.0246639	0.010088	0.00459887	0.0114338	0.0132651	0.0285496	0.0128231	0.0283725	0.489997	0.0265734
180	0.0131236	0.00252617	0.00269849	0.00130546	0.00434907	0.952114	0.00121182	0.000791797	0.0018304	0.00279249	0.000621797	0.00231023	0.000633561	0.00146094	0.00117715	0.00594897	0.0013155	0.00102953	0.00036207	0.00239678
181	0.00855527	0.00247502	0.450405	0.0777492	0.000752358	0.0169172	0.0578853	0.00138488	0.00697713	0.0035044	0.000755834	0.321567	0.000517242	0.0112757	0.0196354	0.0145311	0.00157511	0.00131061	0.000232959	0.00199332
182	0.0161251	0.0457642	0.0527507	0.0132828	0.00378865	0.0178078	0.0113911	0.0274117	0.0450999	0.0090504	0.00359477	0.238077	0.00513269	0.00566368	0.0131028	0.150266	0.319996	0.00784382	0.00503803	0.00881339
183	0.7097	0.00656772	0.00227031	0.00111385	0.00279749	0.0036618	0.00118014	0.0143581	0.00111517	0.0128244	0.00341313	0.00167422	0.000817672	0.00182342	0.00195257	0.0756053	0.0539316	0.103918	0.000302387	0.000972632
184	0.0972906	0.00221669	0.0200723	0.201936	0.00286932	0.313725	0.0336422	0.00343779	0.0584283	0.00753845	0.00271874	0.00481988	0.0227269	0.0631087	0.0662386	0.0705054	0.00726872	0.0172679	0.00127813	0.00291039
185	0.0209212	0.00172867	0.000874222	0.0160723	0.000861637	0.0115294	0.0311037	0.000917992	0.107656	0.00287629	0.00065173	0.00260773	0.0106066	0.0383664	0.707671	0.00674101	0.0218174	0.00932769	0.000678777	0.00698978
186	0.0482118	0.00803083	0.000627039	0.00308612	0.0045562	0.00174585	0.000932366	0.263613	0.00100546	0.0241394	0.0228152	0.00111708	0.0020211	0.00221707	0.00126508	0.00761098	0.025758	0.57925	0.00037654	0.00162082
187	0.0318361	0.0216774	0.0121931	0.0236425	0.00829706	0.0417892	0.0556831	0.0102983	0.113145	0.094497	0.0150537	0.0407809	0.00872052	0.137154	0.214684	0.0904318	0.0374944	0.0193603	0.0040462	0.0192152
188	0.0258812	0.000410194	0.170744	0.552066	0.000725843	0.00819359	0.0442902	0.00327674	0.0286877	0.00350541	0.000782079	0.0284028	0.00613366	0.0738551	0.0188441	0.0135809	0.0141349	0.00549343	0.000212818	0.000779602
189	0.0461621	0.00397263	0.00182433	0.0022061	0.00737956	0.00399939	0.00167027	0.00241888	0.00392498	0.00499786	0.0186268	0.0231707	0.00664573	0.00198016	0.00520585	0.214838	0.639643	0.00741079	0.000479976	0.00344321
190	0.0101633	0.00402958	0.000595475	0.000995845	0.0132346	0.0014176	0.00160796	0.203808	0.00313028	0.45807	0.139787	0.00241767	0.00209708	0.00314885	0.00270157	0.00475482	0.0158084	0.1299	0.000686642	0.00164566
191	0.0500167	0.0242115	0.0147078	0.0273798	0.00819935	0.0263017	0.0676344	0.0139127	0.120384	0.021419	0.0127518	0.0682796	0.00452438	0.0957272	0.221257	0.120565	0.0579056	0.0158838	0.00526967	0.0236681
192	0.0434547	0.0604543	0.00306903	0.00322166	0.0717707	0.0101704	0.0153303	0.0801113	0.00483385	0.368037	0.133915	0.00401331	0.0021099	0.00660692	0.0210184	0.0950016	0.0307442	0.0147805	0.028544	0.00281265
