272	20
1	0.0224903	0.00292728	0.0544421	0.0236909	0.0633793	0.0314373	0.0354934	0.0127309	0.104349	0.228801	0.0901461	0.0337123	0.0045456	0.0241998	0.106147	0.0271535	0.0453698	0.0742596	0.00309667	0.0116278
2	0.126244	0.00151253	0.122934	0.0527344	0.0113388	0.0451493	0.0132964	0.0109987	0.0522791	0.0239749	0.0157921	0.109355	0.0174313	0.0204284	0.0205346	0.259778	0.0743465	0.00883764	0.000956118	0.0120775
3	0.0138058	0.00103493	0.0219923	0.00974565	0.332734	0.00283913	0.0373043	0.00975823	0.0172986	0.0301424	0.00937527	0.020485	0.00116674	0.012074	0.0163079	0.019469	0.0222774	0.0276328	0.00144334	0.393113
4	0.0437807	0.00632147	0.0454158	0.0101011	0.00279434	0.71228	0.00442214	0.00247199	0.0101592	0.00595349	0.00223404	0.0590735	0.00638269	0.00912215	0.0184934	0.0381116	0.0089658	0.00906232	0.00220727	0.00264687
5	0.347928	0.00832085	0.0279758	0.0354129	0.0128096	0.0332066	0.0100758	0.0237593	0.0354203	0.0283504	0.0178689	0.0343175	0.042332	0.024081	0.0236367	0.122312	0.0857493	0.0677566	0.00585103	0.0128357
6	0.133166	0.00448885	0.00905289	0.0119878	0.0197604	0.00571364	0.0125028	0.144216	0.1036	0.04867	0.013977	0.0179912	0.00849122	0.0124551	0.0997185	0.0590898	0.0702962	0.196223	0.00217036	0.0264289
7	0.04534	0.00752351	0.00851079	0.00125976	0.000989772	0.858865	0.000958737	0.00163265	0.00188003	0.00370745	0.00112404	0.00760565	0.00688035	0.00156547	0.0122966	0.0238203	0.00421108	0.00875128	0.00198837	0.0010886
8	0.0238199	0.000583329	0.321012	0.0298033	0.00799916	0.0787857	0.015464	0.00212155	0.0240196	0.00353697	0.00229313	0.350927	0.00196514	0.0142551	0.0221856	0.0626717	0.0190187	0.00527153	0.000813763	0.0134529
9	0.0453011	0.00773485	0.0086251	0.00140753	0.000987424	0.857334	0.000975193	0.00164998	0.00199451	0.00375796	0.0011724	0.0075528	0.00692234	0.00168674	0.0122412	0.0238399	0.00464153	0.00901525	0.00209662	0.00106399
10	0.0628353	0.0261079	0.0252116	0.0282469	0.00730215	0.0189378	0.00454624	0.199979	0.0240962	0.0541862	0.030171	0.0359932	0.00793173	0.0403841	0.0176807	0.0484359	0.0759508	0.28701	0.00149173	0.00350125
11	0.211826	0.0159035	0.0339515	0.0182561	0.00623792	0.048464	0.00503961	0.0107505	0.0231919	0.0147709	0.00644275	0.0474065	0.020845	0.012654	0.0171275	0.372166	0.104288	0.0216108	0.00185831	0.00720903
12	0.0148709	0.000768465	0.00341155	0.00205916	0.177821	0.0022872	0.00159726	0.121438	0.00738709	0.463502	0.0486873	0.00228884	0.00200719	0.00307363	0.00230417	0.00602686	0.00730274	0.130985	0.000792666	0.0013884
13	0.0195132	0.00170663	0.00507991	0.0805722	0.00846588	0.0151541	0.0158135	0.0970247	0.0840474	0.100966	0.0361044	0.00607579	0.00284889	0.163146	0.0419806	0.0344493	0.0599661	0.215541	0.00123464	0.0103097
14	0.154841	0.0016558	0.114931	0.0535128	0.0099619	0.0465322	0.0130712	0.0108739	0.0552608	0.0266579	0.0178399	0.0954488	0.0179062	0.0211174	0.0194775	0.243007	0.07785	0.00958944	0.000832634	0.00963247
15	0.244507	0.00628737	0.0192567	0.0246523	0.00708958	0.0169318	0.00937652	0.0277673	0.0303324	0.0219564	0.0163964	0.0284117	0.0155106	0.0208552	0.0273718	0.138297	0.273782	0.0603415	0.0023057	0.00857134
16	0.0528186	0.0128767	0.0252569	0.0202486	0.0153751	0.031352	0.0238847	0.0271851	0.0338873	0.0475955	0.0177972	0.0304122	0.0107945	0.0370225	0.0278239	0.0491032	0.0466773	0.048561	0.387183	0.0541446
17	0.051441	0.00786121	0.0320624	0.0853062	0.00256527	0.0181901	0.033543	0.0240784	0.150722	0.0173182	0.00492224	0.068471	0.00323976	0.138682	0.157618	0.0894994	0.0673075	0.0300636	0.00325352	0.0138554
18	0.474458	0.00200732	0.00975847	0.118747	0.00397624	0.0393079	0.00395112	0.0210358	0.0561045	0.00699339	0.00467968	0.00621324	0.00324552	0.0396554	0.0193012	0.0630561	0.0801767	0.0413986	0.00205472	0.00387882
19	0.380206	0.0138043	0.0135876	0.0180859	0.00827662	0.017898	0.00672562	0.0387618	0.0206164	0.0199242	0.0131399	0.015258	0.0227062	0.0148472	0.0158307	0.124246	0.0833912	0.160217	0.00295673	0.00952174
20	0.0421719	0.509056	0.0108122	0.0104371	0.0105255	0.0428503	0.0076542	0.03572	0.0151947	0.0115613	0.00799888	0.0160509	0.0199156	0.013607	0.0119927	0.133206	0.0479218	0.0429506	0.00392455	0.00644892
21	0.0588878	0.00837532	0.0217167	0.0343237	0.00465981	0.00541201	0.0194755	0.0548025	0.0520312	0.0303236	0.0293018	0.0251136	0.00037669	0.0266331	0.0646214	0.139925	0.306128	0.105719	0.000227483	0.0119463
22	0.0141915	0.00104416	0.0218455	0.00988917	0.330374	0.00295191	0.0372157	0.00972512	0.0176673	0.0298959	0.00961212	0.0207262	0.00115278	0.0126411	0.0163937	0.0202275	0.0225546	0.0276571	0.00150648	0.392728
23	0.0265118	0.00110626	0.00962401	0.00229923	0.0676109	0.00426886	0.00343034	0.069764	0.0330294	0.480522	0.105046	0.00457222	0.00289738	0.00365216	0.00765045	0.00616431	0.020116	0.148958	0.00107115	0.00170459
24	0.0202383	0.000719403	0.00141029	0.00320212	0.0057793	0.00605659	0.000869066	0.300979	0.00634788	0.108857	0.0437252	0.00417671	0.00604885	0.0043162	0.00267629	0.013195	0.0467411	0.420545	0.00244963	0.00166617
25	0.0465033	0.00684603	0.0263269	0.0769122	0.00506462	0.0202004	0.045683	0.0211385	0.152154	0.0218983	0.00639678	0.0646756	0.00344996	0.13427	0.160944	0.0883586	0.0665349	0.0282569	0.00494035	0.0194455
26	0.283733	0.00509143	0.0318719	0.00478236	0.00337172	0.0349216	0.0144779	0.00684199	0.0108554	0.00988337	0.00420562	0.0267928	0.230769	0.0327966	0.0155577	0.158791	0.10486	0.0161542	0.00110133	0.00314033
27	0.0355448	0.00223485	0.00386484	0.00673108	0.00558301	0.011774	0.00266699	0.176145	0.0224727	0.122718	0.0254813	0.00768796	0.0131151	0.00681253	0.00583406	0.0354672	0.135123	0.373926	0.00424367	0.00257389
28	0.0577628	0.00862377	0.0207694	0.0311979	0.00558228	0.00519553	0.0177974	0.0592981	0.0531523	0.0304717	0.0292981	0.0253996	0.000633106	0.024899	0.0633782	0.130944	0.310774	0.112477	0.000325287	0.0120209
29	0.0166348	0.000816905	0.0040217	0.00214327	0.102586	0.00244296	0.00224548	0.152273	0.00880743	0.452138	0.0639362	0.00282912	0.00174706	0.00376036	0.00325747	0.00609675	0.00822264	0.162291	0.000672081	0.00307808
30	0.105424	0.00270648	0.0498856	0.0216103	0.00547033	0.0210588	0.00500244	0.011572	0.0611939	0.0529234	0.00593753	0.0793536	0.0234348	0.0199668	0.0424136	0.326819	0.139629	0.0156227	0.00108414	0.00889192
31	0.00895833	0.000227981	0.000571521	0.000529138	0.010208	0.00165305	0.000358629	0.417021	0.00085705	0.101813	0.037471	0.00172892	0.000380925	0.00290216	0.0016065	0.00234398	0.00788176	0.401183	0.00028698	0.00201642
32	0.0206715	0.00386836	0.336537	0.320934	0.00823327	0.0110907	0.00745964	0.0399318	0.0433858	0.0124092	0.036361	0.0252912	0.00622219	0.0129965	0.0103905	0.0511873	0.0206256	0.0170761	0.00420589	0.0111219
33	0.0454526	0.00709126	0.0229332	0.0055809	0.00178645	0.800256	0.00225713	0.00352715	0.0053646	0.00563752	0.00194237	0.0208571	0.0069067	0.00503499	0.0137979	0.0281685	0.00756332	0.0119839	0.00205822	0.0017998
34	0.0579783	0.00924293	0.021501	0.0310444	0.00460196	0.00515187	0.0174471	0.056782	0.0542949	0.0287724	0.0301582	0.0238753	0.000518611	0.0244057	0.0629388	0.129826	0.322245	0.106566	0.000311041	0.0123382
35	0.00735777	0.000289421	0.000862498	0.000660774	0.0249132	0.00133592	0.000525581	0.401457	0.00105978	0.198122	0.0413618	0.00148127	0.000371881	0.00231622	0.00157031	0.00387941	0.00594061	0.304884	0.000203249	0.00140709
36	0.0295473	0.0015003	0.00249187	0.00628492	0.00483734	0.011242	0.00157462	0.200233	0.0140228	0.126038	0.0373792	0.00637817	0.0132374	0.00540578	0.00413356	0.0273031	0.091289	0.41017	0.00503589	0.00189585
37	0.467472	0.00305372	0.0196125	0.00966995	0.00446978	0.025967	0.00704636	0.00773558	0.00965207	0.00845502	0.00476147	0.013799	0.131458	0.0173164	0.0113501	0.121964	0.09137	0.0403335	0.00136811	0.0031452
38	0.0490792	0.00554247	0.0263077	0.0548372	0.00488047	0.0197079	0.045063	0.0198613	0.116552	0.0262664	0.00722663	0.0632992	0.180038	0.119752	0.0981988	0.0732611	0.0474525	0.0256863	0.00441281	0.0125746
39	0.125864	0.00214126	0.106661	0.0553159	0.00908147	0.043886	0.0105904	0.0146595	0.0501644	0.0238858	0.0139908	0.100311	0.0228471	0.0186099	0.0250247	0.272445	0.0849677	0.00886347	0.000801327	0.00988866
40	0.0442749	0.000293201	0.222519	0.0565027	0.00687842	0.261244	0.0140223	0.000939994	0.0348559	0.00937803	0.00521248	0.169883	0.00340521	0.0387981	0.0225432	0.0761306	0.0154782	0.0067421	0.00238341	0.00851566
41	0.193304	0.0027104	0.00831462	0.0181847	0.0293371	0.0127836	0.00919205	0.0485158	0.0201241	0.0659157	0.0342234	0.0126618	0.215319	0.0170069	0.0455031	0.0818515	0.0897384	0.069188	0.00146238	0.0246632
42	0.034379	0.000681309	0.0128513	0.0527267	0.0398633	0.00387972	0.136606	0.0284875	0.0672019	0.0647536	0.0314096	0.0283124	0.00153596	0.0819337	0.169227	0.0716644	0.0633632	0.0483618	0.00156654	0.0611953
43	0.0303519	0.00518455	0.0586924	0.0210897	0.0151063	0.0475385	0.0148828	0.0486899	0.02094	0.0511015	0.0456808	0.0634094	0.00558239	0.161111	0.0174425	0.0717088	0.0986537	0.027462	0.141191	0.0541808
44	0.0547579	0.00864658	0.0265601	0.0204576	0.0161345	0.0312173	0.022301	0.0253021	0.03013	0.0487457	0.0192581	0.0325022	0.0093065	0.0364981	0.0236613	0.0478053	0.0480741	0.0421347	0.399869	0.0566378
45	0.0106064	0.000442895	0.00212279	0.000952072	0.0612464	0.00111247	0.000751002	0.233403	0.00378707	0.432161	0.0575711	0.00120681	0.00131287	0.00187249	0.00111559	0.0048168	0.00424714	0.179896	0.000308386	0.00106776
46	0.0771709	0.00200752	0.0866246	0.131017	0.0335414	0.0500814	0.0214675	0.0168225	0.0359644	0.0759161	0.0288612	0.0731308	0.00374675	0.0590943	0.0531393	0.0797555	0.067159	0.0719468	0.00730025	0.0252528
47	0.0111119	0.000441564	0.00122635	0.0022934	0.025565	0.00248161	0.00115877	0.400867	0.00270678	0.157144	0.0366236	0.00255582	0.0012354	0.0043719	0.0034551	0.00609912	0.00951224	0.327904	0.00069073	0.00255632
48	0.0436529	0.00993094	0.0170274	0.00659703	0.0842486	0.0107052	0.0151735	0.0357056	0.0996462	0.0124704	0.00812095	0.0903225	0.00270405	0.0337843	0.0382905	0.29668	0.0901642	0.0186696	0.00161632	0.0844893
49	0.0488472	0.00563462	0.0232549	0.0576133	0.00469808	0.0223278	0.0400737	0.017023	0.181792	0.0229474	0.00688417	0.0917037	0.00388296	0.109213	0.155658	0.0869132	0.0502129	0.0242536	0.0255945	0.0214722
50	0.0521663	0.00135001	0.00376821	0.00440438	0.0370997	0.00541734	0.00176356	0.151746	0.00767685	0.304631	0.0584944	0.00491149	0.00504563	0.00917287	0.00345771	0.00846205	0.0195616	0.317981	0.00116087	0.00172932
51	0.0183073	0.00179001	0.143276	0.0652735	0.0279176	0.0096942	0.0719801	0.0123922	0.0775573	0.018679	0.00877052	0.164464	0.0019862	0.0790673	0.0499853	0.09572	0.0713426	0.0470144	0.0103056	0.0244766
52	0.0439943	0.000325505	0.220316	0.0562521	0.0068638	0.264634	0.0142002	0.000979165	0.0349627	0.00935952	0.0052051	0.169189	0.0034464	0.0388254	0.0227754	0.0754184	0.0155467	0.00679465	0.00237784	0.00853297
53	0.0230112	0.000746879	0.00569594	0.001417	0.0760407	0.00175728	0.00119711	0.107561	0.0145681	0.487089	0.0917434	0.0016262	0.00185198	0.00289584	0.00193314	0.0041974	0.0130344	0.161876	0.000663761	0.00109457
54	0.0596176	0.00870197	0.0213405	0.0339623	0.00449241	0.00538603	0.0189608	0.0542402	0.0528433	0.0308088	0.0290669	0.0246692	0.000402307	0.0260996	0.0641539	0.139666	0.309468	0.104216	0.000261268	0.0116429
55	0.0165409	0.000558866	0.00318496	0.00104956	0.0731654	0.00134393	0.000785899	0.169832	0.00722396	0.461819	0.0719355	0.00125602	0.00152569	0.0023228	0.00121841	0.00405116	0.00689354	0.173962	0.000403929	0.000926463
56	0.0497554	0.00778831	0.0299652	0.0837181	0.00231371	0.017931	0.0342299	0.0232517	0.154454	0.0178343	0.00483109	0.0660121	0.00334078	0.141864	0.160564	0.0877594	0.06729	0.0298489	0.00321696	0.0140319
57	0.0445749	0.0268048	0.00892482	0.00216696	0.0014581	0.824995	0.00171739	0.00297108	0.00263539	0.00444207	0.00158211	0.00809594	0.00726412	0.00261881	0.0121454	0.0285933	0.00581581	0.00976826	0.00204996	0.00137548
58	0.121786	0.00549393	0.0655481	0.0508646	0.00656488	0.0475714	0.00611256	0.00848613	0.0608773	0.0183948	0.00772836	0.104048	0.0102304	0.0194555	0.033571	0.306923	0.109037	0.00716461	0.000456013	0.00968605
59	0.04464	0.00755485	0.0112181	0.00222865	0.00140505	0.842391	0.00122431	0.00251672	0.00273476	0.00444407	0.00138029	0.011842	0.00697494	0.00218603	0.0124726	0.0264319	0.00520444	0.00913442	0.00204586	0.0019695
60	0.0383639	0.00182395	0.00328515	0.00624994	0.00422513	0.0116104	0.00207088	0.177624	0.0220198	0.131699	0.0257796	0.00623317	0.0129032	0.00517256	0.00406505	0.0303715	0.143048	0.366887	0.00438823	0.00217986
61	0.0105958	0.000445023	0.00209243	0.000922685	0.0601355	0.00110565	0.000741494	0.244368	0.00376022	0.420389	0.0564784	0.00119822	0.00129746	0.00195174	0.00114463	0.0048676	0.00444613	0.182693	0.000302337	0.00106377
62	0.0263786	0.0017442	0.360596	0.112403	0.0117641	0.0687793	0.0142374	0.00867219	0.0248001	0.0114457	0.00869442	0.180901	0.00391533	0.0214483	0.0152531	0.0572222	0.0260933	0.0159892	0.00471191	0.0249511
63	0.0490769	0.00743172	0.00974344	0.00264449	0.00107483	0.844346	0.00109631	0.00201251	0.00331616	0.00381932	0.00132683	0.00855183	0.00812196	0.00245395	0.012416	0.0251083	0.00526157	0.00889214	0.00203386	0.00127154
64	0.098301	0.00802421	0.0191253	0.0207157	0.0229341	0.019688	0.0587593	0.0314978	0.0349826	0.137345	0.0215488	0.0200992	0.0116648	0.0208328	0.0262263	0.0525624	0.044231	0.0913825	0.226011	0.034068
65	0.057167	0.00690401	0.0277717	0.0196898	0.0157408	0.0283184	0.02057	0.0251631	0.0304271	0.0469629	0.0190393	0.0324342	0.00871923	0.036829	0.0237948	0.0486303	0.0482893	0.042237	0.40455	0.0567619
66	0.0966389	0.00117867	0.159784	0.0569561	0.0140276	0.0750975	0.0187282	0.00949324	0.047723	0.0199598	0.0147928	0.136419	0.014413	0.0272464	0.0212856	0.198554	0.0577689	0.0122815	0.00281516	0.0148362
67	0.0531076	0.00371419	0.0400797	0.0217953	0.0111467	0.0609061	0.00853114	0.0702909	0.0702834	0.158394	0.00873396	0.0649826	0.030048	0.0770856	0.0453161	0.143055	0.0293559	0.0503663	0.00321511	0.0495923
68	0.133385	0.00249451	0.105136	0.0445936	0.00893609	0.0463889	0.010638	0.0113873	0.0499565	0.0306462	0.0135474	0.0986444	0.0400871	0.018233	0.0217249	0.267716	0.076883	0.00937178	0.000662193	0.0095676
69	0.194813	0.00850072	0.0146304	0.0191133	0.0181875	0.0129943	0.011913	0.0373996	0.0267973	0.102952	0.100086	0.0406446	0.0189706	0.0182509	0.0244552	0.10643	0.0893397	0.123172	0.0079028	0.0234465
70	0.0132691	0.000408267	0.00248474	0.000912125	0.0649718	0.00115227	0.000725101	0.198644	0.00521077	0.454962	0.062295	0.00113967	0.00150855	0.00201425	0.00109153	0.00426928	0.0050719	0.178579	0.000350679	0.000940094
71	0.0296289	0.00278773	0.0101487	0.0211797	0.00326742	0.00846351	0.0256293	0.0196566	0.312789	0.00616701	0.0137463	0.0277063	0.00574958	0.054083	0.187469	0.074677	0.128596	0.0543149	0.00187098	0.0120688
72	0.0125173	0.000473609	0.00246811	0.00119916	0.0733973	0.00131893	0.000871921	0.209609	0.00501698	0.433795	0.0583032	0.00126281	0.00153541	0.00241338	0.00126092	0.00477349	0.00604247	0.182149	0.000405674	0.00118743
73	0.0395783	0.00166906	0.0400425	0.0334775	0.211282	0.00843208	0.0391683	0.0140121	0.0365436	0.0513429	0.0236735	0.0224421	0.00309359	0.0192872	0.0374953	0.0490233	0.0417591	0.0527572	0.00464933	0.270271
74	0.122114	0.0019226	0.108956	0.0542585	0.0147006	0.0547679	0.0139965	0.0133165	0.0580003	0.0273439	0.0198739	0.0998002	0.0158233	0.0215495	0.0196891	0.255666	0.075945	0.0111063	0.00071897	0.0104505
75	0.0320294	0.366023	0.00630477	0.00530391	0.00431696	0.040847	0.004657	0.0274255	0.00759679	0.00826303	0.00526033	0.0121547	0.0124327	0.00608962	0.00639683	0.321314	0.0922639	0.0353583	0.00190505	0.0040569
76	0.045215	0.0140254	0.0378586	0.00920527	0.0677777	0.0176546	0.0212315	0.0349469	0.0469912	0.0112584	0.00745135	0.149975	0.00263679	0.0319246	0.0307627	0.297465	0.0897133	0.0213302	0.00183715	0.060739
77	0.0272199	0.000336063	0.15899	0.00798654	0.00957889	0.0957169	0.0246245	0.00103232	0.0337106	0.00186433	0.00120919	0.476337	0.000693884	0.0180028	0.0351226	0.0715318	0.0248285	0.00439234	0.000385935	0.00643541
78	0.0325672	0.00198793	0.00309906	0.00876018	0.0058301	0.0153424	0.0020081	0.18224	0.0151407	0.129667	0.031725	0.00867625	0.0182876	0.00611218	0.00530099	0.0312711	0.0998514	0.395644	0.00442522	0.00206396
79	0.0588878	0.00837532	0.0217167	0.0343237	0.00465981	0.00541201	0.0194755	0.0548025	0.0520312	0.0303236	0.0293018	0.0251136	0.00037669	0.0266331	0.0646214	0.139925	0.306128	0.105719	0.000227483	0.0119463
80	0.0123617	0.00027903	0.000776828	0.00081607	0.0112102	0.00188482	0.000468458	0.378168	0.00121927	0.117423	0.0507878	0.00251434	0.000894238	0.00380192	0.00170098	0.00315956	0.0121175	0.398199	0.000703274	0.00151459
81	0.0497083	0.00801682	0.030185	0.0840478	0.00230522	0.0182321	0.0344713	0.0233316	0.153287	0.0175327	0.00484384	0.0666406	0.00339465	0.140126	0.160887	0.088526	0.0673512	0.0297361	0.0032908	0.0140868
82	0.0439909	0.000288999	0.221399	0.055782	0.00693908	0.259645	0.0143613	0.000928487	0.0347588	0.00929987	0.00513959	0.1734	0.00338559	0.0386458	0.0227036	0.0760106	0.0157079	0.00674911	0.00239545	0.00846831
83	0.00703972	0.000307754	0.000814737	0.000654367	0.0253474	0.00142589	0.000503763	0.392639	0.00100358	0.206622	0.0413154	0.00146495	0.000333809	0.00227936	0.00145086	0.00372198	0.00553685	0.305909	0.000184399	0.00144478
84	0.0344552	0.0021381	0.0124051	0.0360686	0.00223813	0.0141362	0.0275512	0.0126282	0.262601	0.00633005	0.0195432	0.0253722	0.00530132	0.0695271	0.211818	0.0847025	0.12967	0.0289082	0.00232	0.0122853
85	0.00849149	0.000373128	0.00117347	0.00130082	0.0350372	0.00181935	0.00064501	0.365589	0.00221403	0.24461	0.0447752	0.00182827	0.00123003	0.00245858	0.00172514	0.00695146	0.00817579	0.269791	0.000400492	0.00141036
86	0.0192704	0.00179173	0.00523247	0.0770447	0.00826975	0.0143126	0.017259	0.0985644	0.0821977	0.0981693	0.035695	0.00619529	0.00290492	0.161426	0.0405332	0.03513	0.0643388	0.219397	0.00113071	0.0111365
87	0.0279333	0.000551234	0.177091	0.0130252	0.013947	0.0772949	0.0234016	0.00281271	0.0319786	0.00398579	0.00271385	0.44601	0.00190412	0.0175913	0.0309654	0.0846187	0.0270779	0.00595259	0.00147907	0.00966556
88	0.266236	0.00452021	0.0388526	0.0138992	0.00567827	0.0479206	0.0106609	0.00994224	0.0172287	0.0131723	0.00617865	0.0330442	0.172649	0.0251356	0.0166457	0.198578	0.0934152	0.0192829	0.00231641	0.00464328
89	0.144779	0.00567813	0.0139666	0.0346241	0.00602866	0.0194078	0.019812	0.0125737	0.077089	0.0189597	0.00760412	0.0252118	0.270424	0.153002	0.0282091	0.0963008	0.0401252	0.0164844	0.00364923	0.00606981
90	0.0230264	0.00341469	0.0183721	0.0661992	0.0510253	0.0142098	0.0194338	0.0166542	0.137536	0.150809	0.0687066	0.0146545	0.00428809	0.211824	0.0863408	0.0281274	0.0283189	0.0436932	0.00285057	0.0105158
91	0.0858121	0.0570788	0.015202	0.0121417	0.215616	0.016844	0.0117949	0.0682547	0.0226634	0.0301487	0.11516	0.0193349	0.00682708	0.0167046	0.0183401	0.037346	0.103566	0.129046	0.00495564	0.0131636
92	0.0277381	0.00164858	0.140457	0.014223	0.0125223	0.0753804	0.0400997	0.00521729	0.0392147	0.00511107	0.00336358	0.450153	0.00149092	0.0220266	0.0352183	0.0755117	0.0295965	0.00942993	0.00212235	0.00947447
93	0.014139	0.00048486	0.00292413	0.0010111	0.0712584	0.00120623	0.000770156	0.185104	0.0063561	0.455419	0.0703359	0.00127044	0.00146612	0.00197469	0.00124245	0.00412746	0.00616715	0.173439	0.00035792	0.000946256
94	0.0795054	0.0167156	0.0287194	0.0311246	0.00623173	0.00936745	0.0162919	0.0770347	0.148215	0.0210839	0.014146	0.0516043	0.00304871	0.0404777	0.112964	0.0841072	0.150325	0.0957373	0.00169718	0.0116024
95	0.0119811	0.000431188	0.00228632	0.000977338	0.0636074	0.00115405	0.000754096	0.219251	0.00447308	0.438428	0.0600478	0.0012164	0.00140962	0.00193281	0.00109086	0.00469145	0.00495822	0.17989	0.000344994	0.00107423
96	0.0440001	0.00167084	0.164145	0.0696558	0.0352847	0.0412595	0.041834	0.0133004	0.0451982	0.0240846	0.0125188	0.157555	0.00403052	0.0485895	0.0324743	0.126435	0.0612631	0.0361345	0.0113955	0.0291702
97	0.125672	0.001639	0.12162	0.0522154	0.0107918	0.0455962	0.0128709	0.010674	0.0522536	0.022979	0.0150665	0.10976	0.0166953	0.0202897	0.0215926	0.262139	0.0763934	0.00870105	0.000956852	0.0120931
98	0.0323238	0.487442	0.00705973	0.00556216	0.00452581	0.0388323	0.00450031	0.0354602	0.00758718	0.00892989	0.00567348	0.0103833	0.0158436	0.00648346	0.00660627	0.22719	0.0573146	0.0312943	0.00209009	0.00489755
99	0.0499639	0.00827872	0.0324035	0.0850283	0.00259346	0.0189963	0.0342669	0.0245836	0.149498	0.0172776	0.00527608	0.0676888	0.00307285	0.139054	0.156659	0.0893117	0.0668599	0.0321878	0.00320413	0.013795
100	0.0446894	0.000313802	0.221217	0.0561575	0.00688119	0.261002	0.013983	0.000960154	0.0349321	0.00940636	0.0051637	0.170189	0.0033935	0.038941	0.0228507	0.0764902	0.0154203	0.00703218	0.00251994	0.0084575
101	0.00988925	0.000227518	0.000651515	0.000933766	0.00837437	0.00302796	0.000410563	0.419575	0.00132181	0.071266	0.0301154	0.00179156	0.000821963	0.00281378	0.00165031	0.00268754	0.0092397	0.433366	0.000291548	0.00154394
102	0.0315616	0.000650169	0.0130441	0.0546979	0.0385926	0.00384891	0.133462	0.0295647	0.0672326	0.0695167	0.0321137	0.0271642	0.00114117	0.0845485	0.169712	0.0676714	0.0631637	0.0531184	0.00121774	0.0579773
103	0.0204121	0.00148925	0.155443	0.0655451	0.0388032	0.0129391	0.0666521	0.0150784	0.0636229	0.0241379	0.0115318	0.161251	0.00177793	0.0590509	0.0430376	0.108591	0.0695612	0.0378543	0.0146716	0.0285491
104	0.0443349	0.000292287	0.221776	0.0563473	0.00686593	0.262021	0.0141058	0.000915289	0.0348666	0.00938776	0.00520558	0.16991	0.00341041	0.0388514	0.0225966	0.0760697	0.0154269	0.00673594	0.00239411	0.00848576
105	0.0106064	0.000442895	0.00212279	0.000952072	0.0612464	0.00111247	0.000751002	0.233403	0.00378707	0.432161	0.0575711	0.00120681	0.00131287	0.00187249	0.00111559	0.0048168	0.00424714	0.179896	0.000308386	0.00106776
106	0.0506687	0.0125987	0.0184107	0.0151476	0.0392885	0.00716	0.0205789	0.0399362	0.056784	0.0221186	0.0185338	0.0762433	0.00156723	0.0263637	0.05302	0.23952	0.202281	0.0538869	0.000587189	0.045305
107	0.0083627	0.000329952	0.000681745	0.000591309	0.00697096	0.0015147	0.000546462	0.515353	0.000940487	0.0683719	0.0294828	0.00167824	0.000349078	0.00381216	0.00284658	0.00275558	0.0105887	0.343262	0.000254072	0.00130791
108	0.0982263	0.00274301	0.0452381	0.0206693	0.00571764	0.0185359	0.0035757	0.0131022	0.0467478	0.0509762	0.00441523	0.0838363	0.0125333	0.0134474	0.0481136	0.376825	0.133642	0.0115099	0.000929506	0.00921587
109	0.231602	0.0134667	0.0145591	0.00656694	0.00340994	0.020729	0.00292932	0.00688504	0.00997412	0.00944782	0.00377493	0.0323279	0.00762005	0.00581234	0.0101048	0.425971	0.16722	0.0218017	0.00133482	0.00446296
110	0.149894	0.00748832	0.0130274	0.0161748	0.0163572	0.0157869	0.0167793	0.0377719	0.0243173	0.0722179	0.0214805	0.0172497	0.319058	0.0301381	0.0278959	0.0741461	0.0617817	0.0623747	0.00245615	0.0136043
111	0.107111	0.00474128	0.0370611	0.181913	0.00598017	0.183778	0.00674853	0.030181	0.114649	0.0112172	0.00910703	0.00900977	0.073811	0.0711716	0.0136602	0.0493182	0.0235256	0.0155684	0.0254859	0.0259623
112	0.0275659	0.00141779	0.171011	0.0595455	0.0425303	0.0198249	0.0557849	0.015416	0.0501907	0.024925	0.0140694	0.1675	0.0030035	0.0485893	0.0345938	0.118212	0.0649332	0.0329648	0.017995	0.0299271
113	0.0879731	0.0218314	0.0365184	0.0241503	0.0126771	0.0470069	0.0117953	0.0197673	0.0363212	0.0223408	0.0101589	0.0558556	0.0190909	0.0220456	0.0298375	0.370238	0.122788	0.0338162	0.00245591	0.0133313
114	0.0352722	0.00268322	0.00583903	0.00767487	0.0336774	0.00648194	0.0154539	0.083908	0.01491	0.295499	0.0387944	0.00785987	0.243147	0.0126612	0.0105258	0.0188699	0.021068	0.136361	0.00358584	0.0057269
115	0.0366357	0.00509948	0.109562	0.0272861	0.0110546	0.063182	0.0282724	0.0111416	0.0820258	0.0110631	0.00579968	0.340226	0.00564062	0.0422975	0.0538547	0.0902343	0.04144	0.0183466	0.00479151	0.0120467
116	0.077573	0.0122437	0.0304093	0.0333517	0.015084	0.0209428	0.0188339	0.0402951	0.0483627	0.0335067	0.0234589	0.0444645	0.0131084	0.0337795	0.0469806	0.164659	0.245188	0.0777104	0.00367683	0.0163716
117	0.0422587	0.0021555	0.32438	0.0715492	0.0140211	0.0886032	0.0146432	0.0120362	0.0342489	0.0154332	0.0116294	0.158015	0.00642607	0.0257136	0.022833	0.083011	0.0340205	0.0154564	0.00419985	0.0193659
118	0.04708	0.00437226	0.0934233	0.0221249	0.0042756	0.579068	0.00725062	0.00236621	0.0166514	0.00692796	0.00298897	0.0913069	0.00795345	0.0163444	0.0171751	0.0509114	0.0133629	0.00924332	0.00232357	0.00484976
119	0.0102151	0.000415122	0.000698502	0.000958472	0.0078006	0.00225639	0.000410084	0.436665	0.0013551	0.075952	0.0319702	0.0019296	0.000834893	0.00301829	0.00189924	0.00360679	0.0109698	0.407219	0.000383885	0.00144241
120	0.0536338	0.0080115	0.0428874	0.046187	0.0349841	0.024692	0.113565	0.0326306	0.0680127	0.0435696	0.0207522	0.0733008	0.0159379	0.0607124	0.0837275	0.0869944	0.0712264	0.0541872	0.0161464	0.0488415
121	0.00945662	0.000378784	0.00166509	0.000824205	0.0460684	0.00126856	0.000626384	0.294958	0.00276835	0.338893	0.0506297	0.00131825	0.000946713	0.00202969	0.00125484	0.00435362	0.00501946	0.236058	0.00028307	0.00119915
122	0.0723848	0.0272642	0.0498969	0.183859	0.00984489	0.109004	0.0375084	0.0167488	0.0532312	0.0219994	0.0115564	0.0312893	0.0116719	0.118376	0.0450057	0.0723877	0.0798973	0.0307644	0.00557356	0.0117364
123	0.0453645	0.00041592	0.218229	0.0584018	0.00700082	0.254471	0.0143334	0.00105977	0.0348027	0.0108916	0.00564807	0.170103	0.00337712	0.0400835	0.0248495	0.0761761	0.0163929	0.00760469	0.00239349	0.00840076
124	0.0591518	0.0321499	0.00526368	0.00433571	0.00424844	0.0174373	0.00346816	0.00805536	0.00707851	0.0102427	0.0041232	0.0215206	0.00270296	0.00530859	0.00626818	0.515185	0.262531	0.0256318	0.00131295	0.00398469
125	0.0417863	0.00613099	0.0243349	0.0732753	0.00205226	0.0168673	0.0334097	0.0192417	0.181305	0.0139975	0.00689191	0.0554282	0.00405373	0.125639	0.177615	0.0884682	0.0835792	0.0286373	0.00267366	0.0146124
126	0.0444251	0.000404744	0.222685	0.0529027	0.00850096	0.235462	0.0143767	0.00142579	0.0345257	0.00986362	0.00602954	0.185554	0.00349023	0.0372418	0.0225675	0.0827324	0.016929	0.00705972	0.00257011	0.0112532
127	0.228138	0.0165568	0.0094965	0.0138263	0.0420836	0.0312572	0.00750541	0.0752831	0.015817	0.0467179	0.0454132	0.0130921	0.0108656	0.0151538	0.0157941	0.0565367	0.0476631	0.292417	0.00464375	0.0117384
128	0.10468	0.00290079	0.0560841	0.115509	0.0225524	0.0483883	0.0238447	0.0143311	0.0604915	0.0687779	0.0299057	0.056918	0.00321316	0.0770786	0.0830813	0.0826517	0.0623418	0.0686742	0.00402967	0.014546
129	0.00752078	0.000264431	0.000581324	0.000497396	0.0132101	0.00152739	0.000425718	0.454391	0.000815831	0.11056	0.0335374	0.00141628	0.000263622	0.00272618	0.00184132	0.00317314	0.00722549	0.358391	0.000181876	0.0014494
130	0.0334781	0.000666501	0.0126818	0.0534287	0.0396228	0.00360983	0.138697	0.0286447	0.0660719	0.064853	0.0306704	0.0279294	0.00119287	0.0823642	0.17113	0.0706654	0.0635779	0.0483081	0.00134668	0.0610603
131	0.045106	0.00807239	0.0149761	0.00365828	0.00185186	0.825928	0.00165263	0.00235902	0.004742	0.00800148	0.00235821	0.0124417	0.00699791	0.00373599	0.0135262	0.0258699	0.00525323	0.00986493	0.00214749	0.00145638
132	0.0425052	0.00275703	0.291638	0.0609891	0.0141137	0.0936776	0.016364	0.0136972	0.0369856	0.015549	0.0117961	0.173244	0.00659113	0.0283839	0.0266318	0.0827995	0.0386009	0.0206998	0.00469974	0.0182767
133	0.0429888	0.00753421	0.303717	0.0651695	0.0157887	0.08399	0.016724	0.0150124	0.0364181	0.0175803	0.011852	0.157149	0.00855615	0.0271884	0.0258666	0.0765829	0.0367063	0.0222862	0.00869318	0.0201963
134	0.0436538	0.529636	0.0100297	0.00956242	0.00783105	0.0398985	0.00711564	0.0355392	0.0143103	0.0100325	0.00888876	0.0133239	0.0242204	0.0137473	0.0123797	0.125504	0.0456196	0.0393178	0.00184703	0.00754239
135	0.00821827	0.000189889	0.000508778	0.000460183	0.00776333	0.00187217	0.000357425	0.432897	0.000730695	0.0695668	0.0298723	0.00140218	0.000203389	0.00244608	0.00152044	0.00164007	0.00634405	0.432404	0.000158029	0.00144513
136	0.0810724	0.0280274	0.037726	0.0263076	0.0128076	0.0413822	0.0119909	0.0190321	0.0388449	0.0212815	0.00984061	0.059007	0.0129955	0.0252003	0.0311445	0.380779	0.112438	0.0306992	0.00425202	0.0151703
137	0.0109764	0.000788911	0.00129263	0.00139692	0.0186495	0.0023026	0.000683823	0.407473	0.00309595	0.15036	0.0381206	0.0022669	0.00146871	0.00413004	0.00290765	0.00502969	0.0136646	0.333202	0.000513393	0.00167652
138	0.0611514	0.00836794	0.0581201	0.108414	0.0121032	0.147455	0.020394	0.0257757	0.0613385	0.0326818	0.0139526	0.0514811	0.0138694	0.119482	0.0402729	0.085211	0.0451328	0.0742514	0.00649285	0.0140525
139	0.297374	0.00421263	0.0357718	0.00436888	0.00358841	0.0389786	0.0112269	0.00682084	0.00830995	0.00939184	0.0041258	0.0264635	0.21982	0.0283847	0.0169066	0.152037	0.111595	0.0166219	0.00119255	0.00280805
140	0.0489644	0.00748532	0.0116605	0.00300946	0.00166441	0.825365	0.00202497	0.00303248	0.00384829	0.00464571	0.00154643	0.0119184	0.00783916	0.00359737	0.0158255	0.0269764	0.00674422	0.00990537	0.00247756	0.0014691
141	0.0627873	0.0542009	0.00674678	0.00466409	0.0046911	0.0194887	0.00336644	0.008637	0.00844216	0.0110444	0.00337784	0.0299745	0.00330285	0.00526039	0.00758857	0.508748	0.229483	0.0220153	0.00133068	0.0048499
142	0.041803	0.00106182	0.0128654	0.0532377	0.0418912	0.00401356	0.124272	0.0317951	0.0645474	0.0587506	0.0311533	0.028535	0.00236988	0.071489	0.153733	0.0896846	0.0734983	0.0526147	0.00168167	0.0610028
143	0.0256752	0.000339841	0.154989	0.00537344	0.009574	0.0862094	0.0249825	0.00107502	0.0337361	0.00143773	0.000947912	0.495073	0.000457715	0.0169502	0.0355847	0.0713922	0.0255946	0.00396876	0.000318322	0.0063206
144	0.00821827	0.000189889	0.000508778	0.000460183	0.00776333	0.00187217	0.000357425	0.432897	0.000730695	0.0695668	0.0298723	0.00140218	0.000203389	0.00244608	0.00152044	0.00164007	0.00634405	0.432404	0.000158029	0.00144513
145	0.021164	0.0024801	0.129795	0.0623361	0.058389	0.0183592	0.0818829	0.0140633	0.0512414	0.0243057	0.0179975	0.152996	0.00194515	0.0420556	0.0449084	0.0996207	0.0721664	0.0444476	0.0188607	0.0409846
146	0.00784128	0.000239482	0.00054888	0.000523018	0.00767024	0.00157504	0.000349246	0.473079	0.00072697	0.0698485	0.0305579	0.0014564	0.00024082	0.0028884	0.00196084	0.00218186	0.00748691	0.389276	0.000178648	0.00137039
147	0.0512067	0.00628177	0.0305864	0.0870359	0.00875409	0.016104	0.0460553	0.0214842	0.143219	0.0266042	0.00851503	0.057957	0.00351079	0.13415	0.156912	0.0832862	0.0645416	0.0319449	0.00319567	0.0186561
148	0.0256752	0.000339841	0.154989	0.00537344	0.009574	0.0862094	0.0249825	0.00107502	0.0337361	0.00143773	0.000947912	0.495073	0.000457715	0.0169502	0.0355847	0.0713922	0.0255946	0.00396876	0.000318322	0.0063206
149	0.0108372	0.000245157	0.000622831	0.000640917	0.00774652	0.00168612	0.000408922	0.404746	0.000825695	0.0963812	0.0484115	0.00247419	0.000618328	0.00372517	0.00171713	0.00276264	0.0115548	0.402443	0.000548759	0.00160387
150	0.0636224	0.00601545	0.0399158	0.0453233	0.0223228	0.00814267	0.0310962	0.0490125	0.0483538	0.0328247	0.0331137	0.045121	0.00449209	0.0276835	0.0643995	0.137268	0.20945	0.100536	0.00340512	0.0279021
151	0.0398522	0.534524	0.0112537	0.0105953	0.00735999	0.0329238	0.00663177	0.0392406	0.0140296	0.0111704	0.00825933	0.0126635	0.0210271	0.011779	0.0112712	0.132323	0.043569	0.0400716	0.00374024	0.00771477
152	0.0474822	0.00761317	0.00946131	0.00168773	0.001342	0.845162	0.00109612	0.002359	0.00244721	0.00394156	0.00164844	0.0106543	0.00684468	0.00199261	0.012347	0.0249927	0.00480883	0.0106211	0.00214195	0.00135605
153	0.0602379	0.00676563	0.0160993	0.0237232	0.0163671	0.0134637	0.0856913	0.0668537	0.0323735	0.0854345	0.0182692	0.0225536	0.301902	0.0359669	0.0331695	0.0547191	0.0409119	0.0602424	0.00809288	0.0171628
154	0.0761358	0.038336	0.0254045	0.025253	0.0197372	0.0279998	0.0161713	0.076116	0.0369635	0.0402048	0.0182855	0.0436155	0.0133781	0.0247436	0.0345085	0.275275	0.104985	0.0772613	0.00404766	0.0215773
155	0.00812169	0.000231766	0.0005427	0.000491186	0.00764752	0.00167015	0.00036797	0.464671	0.000785302	0.0705301	0.0300854	0.0014399	0.000249868	0.0027657	0.00179591	0.00200737	0.00733891	0.397679	0.000167667	0.00141097
156	0.0455599	0.00716644	0.0181128	0.00457868	0.00127965	0.827382	0.00164947	0.00199067	0.00382784	0.00416233	0.00150194	0.0145817	0.00701847	0.00397928	0.0126863	0.0264589	0.00551673	0.00870663	0.00241686	0.00142368
157	0.0566367	0.0356323	0.019895	0.0139129	0.0088365	0.0883537	0.00508248	0.0144089	0.017466	0.0128759	0.00748536	0.0297252	0.00570303	0.0116059	0.0130411	0.538272	0.0885173	0.0223931	0.00271734	0.00743972
158	0.0261902	0.00238756	0.00901744	0.00710073	0.0713025	0.0061775	0.00742433	0.137962	0.0178848	0.407138	0.0634026	0.00850723	0.00443138	0.00847072	0.00830755	0.0221396	0.0205495	0.157456	0.00946296	0.00468703
159	0.0460933	0.00832976	0.00933377	0.00198761	0.00108391	0.846262	0.00103636	0.00200003	0.00247565	0.00416875	0.00120617	0.00875078	0.00705379	0.00195907	0.012266	0.0281294	0.00518239	0.00915753	0.00203655	0.00148685
160	0.0364565	0.00407258	0.0220922	0.0402722	0.00223054	0.0105673	0.0258973	0.0217885	0.280719	0.00842257	0.0137755	0.0530834	0.00337632	0.0773209	0.19122	0.0641869	0.087135	0.038866	0.00295652	0.0155608
161	0.0467349	0.00249385	0.0187618	0.0727532	0.0293697	0.0081042	0.10751	0.026312	0.0904594	0.0487466	0.0209994	0.0372577	0.0017873	0.0984763	0.16209	0.075069	0.0660443	0.0423312	0.00208083	0.0426188
162	0.285238	0.00225851	0.080647	0.0983129	0.00569476	0.146543	0.00776912	0.0135394	0.0693148	0.0112777	0.00790339	0.0512569	0.0167475	0.0406594	0.0197925	0.0612447	0.0441379	0.0215252	0.00707786	0.00906011
163	0.0493222	0.0425864	0.0692341	0.0376061	0.0188259	0.0312887	0.0377176	0.0509586	0.0487191	0.0239804	0.0324333	0.0813118	0.00547953	0.0369547	0.0631533	0.141832	0.131207	0.0740566	0.0041906	0.0191418
164	0.0180826	0.00220603	0.00204339	0.00309976	0.0102837	0.0039208	0.00149091	0.378302	0.00450778	0.089932	0.0349755	0.00396627	0.00283223	0.00673854	0.00399836	0.0100313	0.0208927	0.399019	0.00100113	0.00267586
165	0.111594	0.00417872	0.0481079	0.0413571	0.00634221	0.0297667	0.00929405	0.0143073	0.0645697	0.0219412	0.00813768	0.0794899	0.00766149	0.02838	0.0568963	0.293905	0.139262	0.0197963	0.000780969	0.0142314
166	0.0267141	0.000321241	0.164409	0.0102337	0.00906612	0.100968	0.0240842	0.00105404	0.0334731	0.00222054	0.00139478	0.464897	0.000762479	0.0190913	0.0338576	0.0710753	0.024425	0.00424177	0.000490389	0.00722042
167	0.00821827	0.000189889	0.000508778	0.000460183	0.00776333	0.00187217	0.000357425	0.432897	0.000730695	0.0695668	0.0298723	0.00140218	0.000203389	0.00244608	0.00152044	0.00164007	0.00634405	0.432404	0.000158029	0.00144513
168	0.0581483	0.00859391	0.0220014	0.0331886	0.00459024	0.00544202	0.0188071	0.0564633	0.0520244	0.0304028	0.0294151	0.0247143	0.000394556	0.0263933	0.0634784	0.137073	0.309298	0.10761	0.00023985	0.0117222
169	0.0235696	0.0013707	0.00178714	0.00293001	0.0113378	0.00442372	0.00108541	0.334179	0.00520841	0.119151	0.0387018	0.00362318	0.00367269	0.00508723	0.00349392	0.00914206	0.0282184	0.399983	0.0013057	0.00172877
170	0.0437289	0.00663557	0.0380352	0.0761404	0.00255676	0.0154085	0.0350693	0.0204518	0.167512	0.0152695	0.00639156	0.065697	0.00366514	0.13138	0.172889	0.0815698	0.0715785	0.0283978	0.00286817	0.014755
171	0.0256752	0.000339841	0.154989	0.00537344	0.009574	0.0862094	0.0249825	0.00107502	0.0337361	0.00143773	0.000947912	0.495073	0.000457715	0.0169502	0.0355847	0.0713922	0.0255946	0.00396876	0.000318322	0.0063206
172	0.238025	0.0523692	0.00654742	0.00569589	0.00789001	0.00918984	0.00372234	0.0728274	0.00768895	0.00831572	0.00847885	0.0099141	0.00270574	0.0123516	0.00561409	0.112585	0.060592	0.368768	0.00202982	0.0046884
173	0.0611449	0.00405362	0.00644182	0.00875826	0.0782493	0.00581473	0.0204036	0.127945	0.0456632	0.0419062	0.0117998	0.0682027	0.00578975	0.0227479	0.057577	0.0580798	0.118783	0.245069	0.00178671	0.00978384
174	0.119933	0.0137154	0.0149523	0.00919875	0.00508602	0.0150138	0.00491685	0.0113755	0.0143293	0.0120647	0.00691093	0.0361827	0.00693516	0.00835019	0.0151735	0.378788	0.293719	0.0262571	0.00132951	0.00576894
175	0.054599	0.00628638	0.0499565	0.0818763	0.00789356	0.0097937	0.011202	0.0223001	0.0475547	0.0678174	0.071198	0.0164417	0.00409716	0.0931422	0.0243287	0.0752838	0.304464	0.0397863	0.0032401	0.00873862
176	0.0344855	0.00265861	0.106759	0.00676471	0.0234559	0.0547477	0.0256733	0.013438	0.0281379	0.00547209	0.00367848	0.448686	0.0014181	0.016896	0.0265473	0.119395	0.0467293	0.00964889	0.00138625	0.0240217
177	0.0495748	0.00719409	0.0138249	0.00397361	0.00135048	0.827075	0.00148753	0.002034	0.00441161	0.0042175	0.0016877	0.0135288	0.00738714	0.00370676	0.0129415	0.026562	0.00621861	0.00926096	0.00208815	0.00147453
178	0.0573794	0.00121505	0.005045	0.00318194	0.0476155	0.00440581	0.00259528	0.117029	0.0105241	0.394877	0.0561064	0.00362754	0.00386144	0.0066814	0.00317509	0.00836923	0.0176754	0.253209	0.00142281	0.00200271
179	0.0566685	0.00691806	0.0349506	0.0494098	0.0164539	0.0308915	0.0421858	0.0272477	0.117863	0.0309707	0.0181383	0.0676519	0.0128702	0.0795205	0.144979	0.0993385	0.0870585	0.0471043	0.00675261	0.0230261
180	0.00918011	0.000262089	0.000721796	0.000894854	0.00788578	0.0018844	0.000505805	0.448551	0.00160279	0.0737884	0.0318568	0.00170175	0.000540492	0.00362748	0.00214759	0.00261918	0.00982957	0.400521	0.000331816	0.00154763
181	0.0651526	0.0061854	0.0414608	0.0918346	0.0128479	0.0369658	0.0282928	0.024426	0.161313	0.0319526	0.0171764	0.0554532	0.0108316	0.0890043	0.105275	0.088586	0.0686929	0.0396538	0.00717926	0.0177154
182	0.0801311	0.0154222	0.0250983	0.0185834	0.00712035	0.0182799	0.00716181	0.017621	0.03112	0.038827	0.0103463	0.0464487	0.00887653	0.0149336	0.0295455	0.369531	0.216337	0.0316858	0.001901	0.0110293
183	0.0426162	0.00603624	0.0265517	0.0211051	0.044419	0.0247165	0.0223477	0.0239318	0.0246618	0.0435965	0.0186644	0.0277916	0.00753738	0.0337852	0.0221837	0.0471626	0.0425417	0.0345524	0.350023	0.135776
184	0.101998	0.00536241	0.0269844	0.0935671	0.00682556	0.0392169	0.0197249	0.0174526	0.116037	0.0208178	0.0116933	0.0395887	0.0896998	0.167119	0.0635812	0.100059	0.0398822	0.0213561	0.00744437	0.0115886
185	0.0729401	0.00849609	0.014107	0.0089863	0.00161555	0.734362	0.00269453	0.00357698	0.00815654	0.0057045	0.00228857	0.0115769	0.0331819	0.00894088	0.013108	0.0389656	0.0156023	0.0107117	0.0027014	0.00228322
186	0.0492851	0.00395222	0.102833	0.026937	0.00465524	0.502622	0.00946128	0.00363676	0.0229396	0.00837742	0.00375895	0.107631	0.00587878	0.0211382	0.0252928	0.0643724	0.0188691	0.0102257	0.002295	0.00583789
187	0.131486	0.0011335	0.00863926	0.030483	0.0476729	0.00415094	0.0313324	0.0871764	0.0466124	0.0463069	0.0393323	0.0216442	0.0294257	0.0221413	0.0649719	0.11737	0.0796661	0.151124	0.000928534	0.0384028
188	0.054767	0.0106023	0.0404947	0.0198382	0.00567757	0.572971	0.00718452	0.0108803	0.0180251	0.0300636	0.00715289	0.0372079	0.0105041	0.0156395	0.0205781	0.0815653	0.0243653	0.0211049	0.00435498	0.00702293
189	0.291511	0.0297299	0.00953301	0.0101416	0.0117136	0.0108829	0.00926579	0.039603	0.0375899	0.0730774	0.0436487	0.0132361	0.00688706	0.0112689	0.012621	0.099838	0.0980554	0.0881339	0.0304246	0.0728385
190	0.423553	0.0159331	0.00833669	0.0170033	0.00987581	0.0144859	0.00525787	0.0273794	0.0162326	0.0160156	0.0133878	0.0104012	0.0113751	0.0107634	0.0115785	0.100117	0.089642	0.187352	0.00298602	0.00832323
191	0.0256544	0.00254132	0.00975993	0.0276154	0.00357837	0.00984016	0.0306692	0.0121459	0.270269	0.0066252	0.0128187	0.0230006	0.0123752	0.0760801	0.177427	0.109219	0.141164	0.0299272	0.00135996	0.0179291
192	0.0471815	0.000273939	0.207388	0.0483364	0.00782291	0.242183	0.0154445	0.00105698	0.0358685	0.00865096	0.00489845	0.202701	0.00319222	0.0360422	0.0250818	0.0808156	0.0164539	0.00641658	0.00213816	0.00805354
