208	20
1	0.045977	0.00238822	0.0834887	0.267856	0.00274778	0.00762844	0.0203362	0.0259797	0.102806	0.0528084	0.0159395	0.0193782	0.0010387	0.18144	0.0655752	0.0501879	0.0335979	0.0164866	0.000411961	0.00392731
2	0.0251536	0.00163324	0.00131491	0.00331013	0.0115452	0.0015374	0.0027186	0.470753	0.00521295	0.0767945	0.00828626	0.00366649	0.000548609	0.00728717	0.00377345	0.00826972	0.0184825	0.342235	0.00351343	0.00396319
3	0.0675074	0.00455216	0.0052406	0.00737619	0.00498363	0.00374427	0.00533345	0.323744	0.0339652	0.128122	0.0861853	0.00681846	0.00179205	0.0184209	0.101489	0.0543411	0.0198671	0.122125	0.00118661	0.00320532
4	0.206533	0.000816015	0.029775	0.168611	0.00115343	0.0105757	0.0209919	0.00549827	0.154332	0.00882974	0.00613955	0.0394347	0.00054028	0.132506	0.111334	0.034714	0.0575711	0.00899142	0.000747628	0.000904958
5	0.206644	0.00113597	0.0674382	0.39627	0.00439136	0.0118546	0.0100864	0.0141099	0.0250374	0.0195082	0.00230285	0.00308828	0.000780958	0.0612368	0.0204099	0.0230572	0.0660375	0.0415271	0.000553798	0.0245304
6	0.0287909	0.00949394	0.00790434	0.0473112	0.0117882	0.00531762	0.00547051	0.0423239	0.0150343	0.388516	0.265324	0.00880975	0.00259015	0.0245806	0.0212169	0.0211695	0.059818	0.0296136	0.00153513	0.00339152
7	0.0273813	0.00898068	0.0358311	0.0186906	0.00564452	0.413511	0.148584	0.00177035	0.0854423	0.00279562	0.0012024	0.0389177	0.00469417	0.0631083	0.101984	0.0244724	0.00908579	0.00228856	0.00039095	0.0052237
8	0.175174	0.000744769	0.00136999	0.0165691	0.000734051	0.00101409	0.00100829	0.110281	0.0100268	0.018414	0.0162779	0.0016501	0.0122339	0.00633221	0.00179565	0.0286226	0.132461	0.464227	0.000299371	0.000763745
9	0.122776	0.0250718	0.0270743	0.0118989	0.00174502	0.0191181	0.00372559	0.0131722	0.336262	0.0552431	0.00164242	0.0147025	0.0187913	0.210686	0.0703375	0.043366	0.0184301	0.00338971	0.000781192	0.0017864
10	0.20738	0.000843685	0.0557431	0.246505	0.0105006	0.0273047	0.0285553	0.0263913	0.034464	0.0218367	0.00399972	0.00492443	0.000803972	0.0860869	0.0239378	0.0317396	0.0610864	0.0806033	0.000282355	0.0470115
11	0.0992101	0.00305848	0.218312	0.21531	0.00331856	0.0180088	0.0222047	0.00845414	0.0451009	0.0242758	0.0120732	0.04617	0.00716448	0.149673	0.0300202	0.0438703	0.030596	0.0169203	0.000705399	0.00555389
12	0.0224026	0.000338272	0.000734671	0.00233537	0.0142685	0.000838374	0.0021368	0.532365	0.00516463	0.0721745	0.0018652	0.00206982	0.00025061	0.00769709	0.00441042	0.00754013	0.0161758	0.297662	0.00443719	0.00513251
13	0.181241	0.000698836	0.0314122	0.173353	0.00269247	0.0158301	0.01681	0.0182959	0.114937	0.0257963	0.0149978	0.0311247	0.00124011	0.129855	0.102921	0.049101	0.0604219	0.0244081	0.000830761	0.00403219
14	0.0524487	0.00113828	0.0230673	0.024771	0.00134427	0.00204673	0.0284593	0.013117	0.148321	0.0182747	0.00160634	0.0327636	0.000688218	0.0211639	0.536627	0.020055	0.0417225	0.0292373	0.00202311	0.00112557
15	0.043117	0.052638	0.0122607	0.0176215	0.00650564	0.00850355	0.0104926	0.0622619	0.022492	0.0795074	0.0154243	0.0131736	0.00408397	0.0221304	0.238124	0.109426	0.253092	0.01932	0.0025372	0.00728807
16	0.0155617	0.00714043	0.00117982	0.00227175	0.00111419	0.0013684	0.000973215	0.209456	0.00776773	0.0268225	0.0457702	0.00187025	0.000421355	0.00229031	0.00167069	0.0031983	0.0220947	0.647566	0.000422325	0.00104001
17	0.155776	0.000440333	0.358311	0.0897576	0.000498713	0.0326351	0.0012411	0.000867478	0.0377153	0.00158368	0.000585378	0.0704714	0.000368349	0.0841063	0.0435421	0.0771956	0.0432852	0.00101726	0.000183975	0.000417858
18	0.0288217	0.0130292	0.00615743	0.0106711	0.206034	0.00389873	0.0132989	0.0309141	0.00851509	0.466	0.0182796	0.00586996	0.00350611	0.0118853	0.00926884	0.0106774	0.0233944	0.0232757	0.00253482	0.103967
19	0.017118	0.00604237	0.00107894	0.00148985	0.00885453	0.000835148	0.00107272	0.213239	0.00388651	0.563774	0.0485133	0.00294033	0.000307466	0.00451448	0.00971021	0.00712656	0.00860039	0.100253	0.000174707	0.000468199
20	0.0941718	0.0723031	0.00528727	0.00848679	0.00265743	0.0294083	0.0297733	0.00687034	0.510309	0.0181335	0.00380066	0.0064499	0.00184866	0.0333743	0.0521057	0.0108614	0.0329882	0.0776226	0.00113005	0.00241777
21	0.155776	0.000440333	0.358311	0.0897576	0.000498713	0.0326351	0.0012411	0.000867478	0.0377153	0.00158368	0.000585378	0.0704714	0.000368349	0.0841063	0.0435421	0.0771956	0.0432852	0.00101726	0.000183975	0.000417858
22	0.0432857	0.0512476	0.0139446	0.0223442	0.0596463	0.00793667	0.0162235	0.065611	0.139321	0.0849813	0.0133913	0.0156832	0.00546196	0.141436	0.12566	0.0250582	0.0271659	0.0170006	0.00177557	0.122825
23	0.0157456	0.00686314	0.000581888	0.00134917	0.00974125	0.000432856	0.000523284	0.116873	0.000925702	0.699271	0.050319	0.001176	0.000205451	0.000956294	0.00332901	0.00611573	0.00789295	0.0772417	0.000163529	0.000293474
24	0.0417118	0.00137849	0.00533504	0.0155767	0.00200054	0.00255235	0.0111829	0.0866751	0.298721	0.08462	0.00384976	0.0243735	0.000960101	0.07781	0.173462	0.0290751	0.0653623	0.0722341	0.00119758	0.00192109
25	0.0202666	0.00545654	0.0253554	0.0339402	0.0188627	0.388352	0.125784	0.00306237	0.0572598	0.00444995	0.00198353	0.0337154	0.0138116	0.060061	0.111999	0.0611769	0.0153292	0.00360683	0.000619667	0.0149064
26	0.133947	0.0316128	0.0047127	0.0134387	0.00703321	0.00438392	0.00346705	0.101888	0.0235235	0.199821	0.0804106	0.00497803	0.00147219	0.0179347	0.0147654	0.118537	0.153506	0.0614386	0.00125005	0.0218798
27	0.0201758	0.00129757	0.00315383	0.0159762	0.00208024	0.0018366	0.0269309	0.003055	0.54441	0.0049963	0.00179087	0.046709	0.000791238	0.0278078	0.148043	0.0409375	0.0917979	0.00424625	0.000898637	0.0130653
28	0.101264	0.0169839	0.00213329	0.00295194	0.00101856	0.0842489	0.00163514	0.00230298	0.00305434	0.0108514	0.00321967	0.0189047	0.000636169	0.00327168	0.00260096	0.303777	0.428218	0.0113298	0.000429641	0.00116824
29	0.0263967	0.0187138	0.00399276	0.0071445	0.175744	0.00301764	0.0190335	0.00347527	0.00605117	0.523808	0.00532509	0.00498189	0.00238596	0.00774139	0.00504111	0.00768055	0.0168933	0.00425145	0.000746187	0.157576
30	0.0635672	0.00354458	0.000986074	0.00656116	0.00447513	0.00150241	0.00180112	0.253836	0.00681288	0.0464513	0.0246931	0.00207886	0.00355081	0.00472898	0.00220284	0.0120708	0.0523193	0.503186	0.00236297	0.00326867
31	0.0165883	0.00647434	0.000751139	0.00186635	0.00930261	0.000600404	0.000779372	0.181787	0.00158269	0.598164	0.0403143	0.00139105	0.000181022	0.00180404	0.00349817	0.00585159	0.00962358	0.11739	0.000868522	0.00118197
32	0.54894	0.0124718	0.00982219	0.0110844	0.00368311	0.237387	0.00359566	0.00383057	0.0100971	0.0134316	0.00340239	0.0170679	0.00852469	0.0131555	0.00699727	0.0533556	0.0282021	0.010775	0.0012285	0.00294747
33	0.0259593	0.00172857	0.00118229	0.0025042	0.0112853	0.000985957	0.00189417	0.450032	0.00418918	0.165272	0.00948561	0.00363787	0.000542947	0.00569026	0.00477218	0.00645457	0.0141274	0.284369	0.00281095	0.00307586
34	0.148187	0.0144296	0.0573687	0.0488644	0.0163505	0.0446132	0.018938	0.0222471	0.0434495	0.033066	0.0179552	0.03714	0.0127029	0.0410288	0.0396876	0.230462	0.123504	0.0315761	0.00406499	0.0143651
35	0.097955	0.00531518	0.0267756	0.0164937	0.00778439	0.548443	0.0356944	0.00617155	0.0309424	0.0146855	0.00521812	0.0505561	0.00369977	0.0353453	0.0353204	0.0451575	0.0182197	0.0103789	0.00158199	0.00426176
36	0.119452	0.00819829	0.0221605	0.0192117	0.00670676	0.518095	0.0304041	0.00716997	0.0322531	0.0158045	0.00448021	0.0495791	0.00430298	0.0319907	0.0338442	0.0515301	0.0256505	0.0125137	0.00135036	0.00530237
37	0.0222422	0.000853722	0.000948307	0.00258937	0.0129343	0.000975268	0.00274062	0.497898	0.00490922	0.0834669	0.00391514	0.00244159	0.000295145	0.00930037	0.003763	0.00860381	0.0164159	0.314865	0.00529839	0.00554281
38	0.0814327	0.0079893	0.367775	0.113756	0.00473818	0.0326346	0.0167888	0.010566	0.038526	0.0178508	0.0102512	0.0513883	0.0108346	0.0547021	0.0372386	0.0700988	0.0511201	0.0120991	0.00178322	0.00842599
39	0.137986	0.0205169	0.0504818	0.0477108	0.0136945	0.0533676	0.0173008	0.0296472	0.0397103	0.0368897	0.0168349	0.0391464	0.0217836	0.0429084	0.0434694	0.223237	0.111257	0.0361388	0.00374432	0.0141753
40	0.113381	0.0209503	0.00276564	0.00404131	0.00119756	0.0583963	0.00219477	0.00376024	0.00428383	0.0264081	0.00467113	0.0145234	0.00106946	0.00454087	0.00470555	0.299415	0.421683	0.0100815	0.000523933	0.00140668
41	0.0693745	0.00416568	0.0172443	0.00795407	0.00585482	0.00382439	0.00460201	0.0450859	0.00887856	0.350662	0.0253647	0.0305346	0.00210367	0.0102402	0.00816856	0.0140459	0.185773	0.200579	0.00182839	0.00371531
42	0.631095	0.0527927	0.00342783	0.00533025	0.00195674	0.0718152	0.00266907	0.00432582	0.00521919	0.0256623	0.00219911	0.00403767	0.00326732	0.00543607	0.00603552	0.0280854	0.0904724	0.0540122	0.000689781	0.00147055
43	0.601247	0.00851466	0.00687948	0.00934781	0.00229259	0.221702	0.0024749	0.00267629	0.00894814	0.0107836	0.00237322	0.0123685	0.00838367	0.0109056	0.00474287	0.0519223	0.0223198	0.00956581	0.000614124	0.00193846
44	0.125594	0.0361118	0.0090593	0.0108863	0.00340275	0.0306709	0.0143536	0.00999761	0.328303	0.0739413	0.00417994	0.00861628	0.00363992	0.0466356	0.216688	0.018089	0.0366052	0.0191588	0.0011715	0.00289536
45	0.0150618	0.00682321	0.000741893	0.00164646	0.00923916	0.000493953	0.000533695	0.134728	0.00269272	0.67136	0.0521619	0.00134431	0.000235833	0.00215345	0.00670545	0.00575742	0.00989171	0.0779022	0.000128373	0.000398762
46	0.564175	0.189015	0.00159374	0.00292996	0.00107447	0.0179043	0.0013921	0.00924297	0.00270517	0.0039472	0.00130856	0.00210704	0.000631541	0.00282171	0.0075416	0.106359	0.0429785	0.0408871	0.000394167	0.000991381
47	0.0582123	0.00148831	0.0159469	0.147704	0.00163192	0.0151799	0.0152275	0.00457515	0.172652	0.0138164	0.0098903	0.0156266	0.00112103	0.296005	0.124568	0.0322355	0.0609986	0.00951573	0.000579204	0.00302614
48	0.0120682	0.00181059	0.00410742	0.00715068	0.0178287	0.00274865	0.0072938	0.175885	0.060932	0.338308	0.154694	0.00423803	0.0009081	0.0418633	0.114399	0.00876413	0.0256753	0.0186068	0.000667822	0.00205098
49	0.269972	0.0253516	0.0110993	0.0126544	0.00364982	0.0504719	0.00500812	0.0116535	0.012489	0.0168553	0.00876814	0.0157768	0.00411512	0.0120139	0.0161115	0.181843	0.308673	0.0294425	0.00101396	0.00303745
50	0.0178961	0.0085697	0.00122353	0.00199527	0.000787269	0.00130407	0.00102158	0.200414	0.00661518	0.0301837	0.0568784	0.00187348	0.000474851	0.00222669	0.00162263	0.00252965	0.0201076	0.643286	0.000387388	0.000603217
51	0.0684948	0.00132896	0.150673	0.369856	0.00142139	0.00225949	0.00282478	0.0027542	0.0174503	0.00374544	0.00215411	0.130403	0.0011726	0.0293452	0.0515422	0.0718164	0.0879298	0.00278033	0.000613858	0.00143325
52	0.0504712	0.00148598	0.0162813	0.335904	0.00164456	0.0205521	0.00657365	0.0062466	0.125051	0.0155385	0.0071612	0.00890686	0.00108085	0.221742	0.0825032	0.0533708	0.0367017	0.00673416	0.000660517	0.00139021
53	0.0157274	0.0068812	0.000583318	0.00136381	0.0098607	0.000444252	0.000526698	0.115996	0.000952962	0.699672	0.0507954	0.00118119	0.000206644	0.000971635	0.00337925	0.00624357	0.00789741	0.0768518	0.000163357	0.000301348
54	0.0577563	0.0031156	0.0426251	0.0490263	0.00380585	0.00594316	0.0102573	0.00846459	0.0666545	0.0111877	0.00454591	0.223756	0.00157902	0.0149661	0.411017	0.0184816	0.050158	0.0121881	0.0014916	0.00298031
55	0.01372	0.00128591	0.00347797	0.14411	0.00143582	0.00351316	0.0145664	0.00257869	0.169929	0.00458703	0.0137698	0.0160911	0.000953017	0.282269	0.139078	0.0324331	0.138372	0.0158905	0.000577901	0.00136178
56	0.0260991	0.0116775	0.00454866	0.0123899	0.337095	0.00325376	0.0137512	0.00389115	0.00747069	0.33028	0.00834109	0.00516766	0.00634813	0.0123692	0.00787263	0.00972641	0.0359471	0.0122425	0.00743018	0.144098
57	0.0253348	0.000641928	0.0015129	0.00669045	0.0192715	0.00128741	0.0070342	0.443529	0.00500831	0.0668002	0.00152862	0.00241198	0.000477436	0.00627052	0.00379952	0.0195071	0.0304468	0.309359	0.023779	0.0253088
58	0.555049	0.0110075	0.00905437	0.010653	0.00340406	0.165819	0.0043705	0.00424073	0.00756222	0.0120053	0.00287848	0.0120433	0.0146938	0.0137809	0.00611449	0.116635	0.0368897	0.010107	0.000564623	0.00312715
59	0.0173359	0.008533	0.00121708	0.00194695	0.000776523	0.00131626	0.00100477	0.20058	0.00659336	0.0303259	0.0566544	0.00186655	0.000449063	0.00218951	0.00161641	0.00239736	0.0198125	0.644418	0.000386249	0.000580045
60	0.0693795	0.0121159	0.0212991	0.0352351	0.0779414	0.0322586	0.02772	0.0231961	0.152127	0.0401683	0.0141691	0.026198	0.00638486	0.0494511	0.204317	0.114398	0.0467365	0.0243849	0.00393413	0.0185856
61	0.111899	0.00818208	0.0277107	0.060912	0.00891899	0.0274221	0.0194265	0.0242105	0.0474805	0.142443	0.0323915	0.0178174	0.00572565	0.306436	0.0514502	0.0385094	0.0324435	0.0195196	0.0029311	0.0141705
62	0.135212	0.0109707	0.0458794	0.0550008	0.0115222	0.0186144	0.00836219	0.0109738	0.0147998	0.0266973	0.00649309	0.0195491	0.492386	0.0221854	0.0142316	0.0482638	0.0304705	0.0206336	0.00213709	0.00561702
63	0.00477092	0.000888556	0.00203563	0.0027749	0.343803	0.00129943	0.0853902	0.00148888	0.00250084	0.00288729	0.0014627	0.00944039	0.000513816	0.00252234	0.00228388	0.00389486	0.00331444	0.00184473	0.0636658	0.463217
64	0.0317623	0.00765023	0.0387714	0.0219744	0.00571489	0.411307	0.137348	0.00166052	0.0897253	0.00282463	0.00115205	0.0372662	0.00473448	0.0671499	0.0976679	0.026272	0.00947796	0.00211295	0.00037274	0.00505479
65	0.0673925	0.00139424	0.032046	0.201542	0.00105254	0.00488453	0.00710305	0.0736941	0.0286558	0.00648851	0.00183281	0.0119027	0.000758055	0.045102	0.0033592	0.0191701	0.0795607	0.412043	0.000597311	0.00142092
66	0.098664	0.00926505	0.0399484	0.0813579	0.011566	0.0355529	0.0226195	0.0219855	0.0801245	0.0501232	0.023816	0.0240508	0.00936508	0.297537	0.0659916	0.0460632	0.0424894	0.0247024	0.00278736	0.0119903
67	0.256922	0.00289394	0.00435491	0.0246309	0.0780031	0.00343744	0.101013	0.0044446	0.190535	0.0434006	0.00360253	0.0587784	0.00144999	0.143726	0.037672	0.00920171	0.00852221	0.00506593	0.00105408	0.0212911
68	0.0811374	0.00800444	0.369312	0.114428	0.00457637	0.0257281	0.0193147	0.0142144	0.0419435	0.019062	0.0104516	0.0477298	0.0140262	0.0526983	0.0321063	0.0714245	0.0491379	0.013705	0.00196153	0.00903777
69	0.2784	0.00864809	0.0331994	0.248124	0.00840056	0.0213936	0.0149538	0.0697589	0.0290904	0.0290895	0.0108524	0.0153884	0.00964758	0.04936	0.0242174	0.0389367	0.0485192	0.0471072	0.00149657	0.0134157
70	0.19851	0.000994978	0.268165	0.159593	0.00135729	0.00192362	0.0641193	0.00217053	0.0486896	0.0136731	0.00177173	0.0203406	0.00327586	0.0523584	0.010097	0.143656	0.00450877	0.00319745	0.000455506	0.00114209
71	0.0568885	0.00477676	0.469777	0.215581	0.00153929	0.00202116	0.0332585	0.00388847	0.0249106	0.00748824	0.00534943	0.027139	0.00831733	0.0322582	0.0181297	0.0605887	0.0214228	0.00337525	0.000526912	0.00276234
72	0.496945	0.152233	0.00502943	0.00874395	0.00290641	0.0197571	0.00488058	0.0121516	0.0104007	0.011834	0.00539351	0.00610097	0.00131001	0.00883101	0.0322517	0.112894	0.0473465	0.0560115	0.000955796	0.00402275
73	0.120464	0.00231324	0.00668584	0.0802389	0.00384776	0.00757607	0.0297888	0.00543251	0.0385648	0.0657111	0.0324349	0.00636065	0.00220917	0.478933	0.0640997	0.012202	0.010771	0.00617728	0.000916517	0.0252721
74	0.213095	0.0020131	0.0339894	0.0682384	0.0163065	0.00748557	0.00768397	0.0395951	0.0819856	0.118864	0.0338874	0.0107858	0.00186539	0.121704	0.0938446	0.0527512	0.0640251	0.0275629	0.000866636	0.00345154
75	0.495165	0.14288	0.00295306	0.00509181	0.00161272	0.0217262	0.00209329	0.00779666	0.0039689	0.00649065	0.00184726	0.00570586	0.00131882	0.00415257	0.00876281	0.167486	0.073664	0.0453666	0.000581378	0.00133663
76	0.0151456	0.00711454	0.000581496	0.00123958	0.00902238	0.000421086	0.000469503	0.126806	0.000878234	0.692628	0.0468248	0.00118436	0.000189307	0.00092205	0.00294754	0.00532609	0.00844972	0.0794793	0.000123814	0.000247364
77	0.155776	0.000440333	0.358311	0.0897576	0.000498713	0.0326351	0.0012411	0.000867478	0.0377153	0.00158368	0.000585378	0.0704714	0.000368349	0.0841063	0.0435421	0.0771956	0.0432852	0.00101726	0.000183975	0.000417858
78	0.0974869	0.00378673	0.00783695	0.0130519	0.223896	0.00475145	0.0132955	0.0351245	0.0109832	0.0696775	0.0068518	0.00777766	0.00345744	0.0133852	0.00975585	0.0591869	0.143381	0.0991544	0.0836054	0.0935534
79	0.0444489	0.0142544	0.00343663	0.0312046	0.0245674	0.00231366	0.00303633	0.299587	0.00942014	0.0796874	0.141039	0.00447708	0.00115095	0.0977633	0.0206785	0.0346386	0.0793023	0.105531	0.00119272	0.00227031
80	0.11911	0.00153089	0.0380805	0.0851573	0.000842747	0.0422242	0.0212456	0.00177721	0.258697	0.0103244	0.00127408	0.0240846	0.000872111	0.230784	0.118354	0.0326037	0.010024	0.00192577	0.000340698	0.000747565
81	0.352499	0.00453852	0.00712838	0.0120191	0.00292526	0.0249854	0.00426561	0.00415823	0.00812763	0.0338444	0.00350978	0.00607148	0.470746	0.00844831	0.00766456	0.0213345	0.0155052	0.00928418	0.00101671	0.00192784
82	0.0135271	0.0112287	0.442647	0.109259	0.00276719	0.00375784	0.00603191	0.00541122	0.0460379	0.00631796	0.0102641	0.0334832	0.00491199	0.00852759	0.00677886	0.131956	0.127033	0.00609963	0.00101391	0.0229458
83	0.102927	0.00131836	0.00319835	0.0176055	0.00144691	0.0020549	0.00248129	0.0169987	0.0423116	0.00492239	0.00532011	0.0159282	0.00112258	0.00516359	0.0411607	0.072977	0.562505	0.0983756	0.000658809	0.00152358
84	0.0251913	0.000976731	0.00237293	0.0115907	0.0221542	0.00221555	0.00600341	0.398802	0.00590991	0.0482256	0.00223864	0.00327056	0.000730266	0.00659913	0.00377221	0.0287875	0.043805	0.341129	0.0189637	0.0272616
85	0.0146977	0.00206452	0.266645	0.0188325	0.00232943	0.00693709	0.00493062	0.0041916	0.0106226	0.00862343	0.00335481	0.580241	0.00167755	0.033328	0.0074202	0.0129672	0.011362	0.00629112	0.00100817	0.0024759
86	0.0191222	0.00218691	0.000797683	0.00214281	0.00993213	0.000968241	0.00155774	0.456607	0.00580366	0.057903	0.0119557	0.00211163	0.000311441	0.00643664	0.00374093	0.00561425	0.0165539	0.390131	0.00279463	0.00332927
87	0.146182	0.00393072	0.0288984	0.0712741	0.000922134	0.0393322	0.0166002	0.00237432	0.299261	0.0178093	0.00131027	0.0158627	0.001708	0.189815	0.11462	0.0343389	0.0123791	0.00241786	0.000279549	0.000685266
88	0.156838	0.00221943	0.0971063	0.156608	0.00133489	0.0241483	0.00203155	0.00294661	0.0153084	0.0170538	0.0017448	0.0646603	0.316804	0.0301271	0.0137571	0.0590673	0.0335229	0.00285586	0.000515494	0.00135005
89	0.592154	0.00137721	0.00644839	0.006737	0.00124666	0.137962	0.00290657	0.00212354	0.00526797	0.00617084	0.00143925	0.00466489	0.0257636	0.00534	0.00367178	0.15988	0.0316943	0.00350946	0.00056396	0.00107891
90	0.181949	0.000634686	0.00143657	0.0169908	0.000664546	0.00102312	0.000899059	0.106345	0.0103457	0.0177833	0.0154655	0.00157632	0.0125016	0.00630269	0.00192188	0.0311406	0.139309	0.45267	0.000305567	0.000735207
91	0.0758679	0.00350155	0.190977	0.197531	0.00428375	0.00991012	0.0235455	0.0123436	0.0674924	0.0986601	0.0135805	0.0339908	0.00254154	0.106331	0.050662	0.0494017	0.0268443	0.0251123	0.000761465	0.00666127
92	0.560956	0.00216629	0.00556533	0.0174254	0.00331937	0.24517	0.00317178	0.0028344	0.0167894	0.00675536	0.00194864	0.0231152	0.00545062	0.0173855	0.00625069	0.0504694	0.0244483	0.00459622	0.000721469	0.00146092
93	0.0862129	0.0261561	0.00330082	0.0418938	0.0214924	0.00233216	0.0024378	0.0954908	0.00984996	0.131395	0.14803	0.0033372	0.00108146	0.0925378	0.0187479	0.080928	0.13297	0.0952517	0.00060563	0.00594824
94	0.0792294	0.00175942	0.0249468	0.0629166	0.00204316	0.0323962	0.0294707	0.0396086	0.0140934	0.0161095	0.00442297	0.0373361	0.00492696	0.0668855	0.0792142	0.218202	0.192525	0.0879804	0.000867731	0.00506449
95	0.059847	0.0114973	0.273681	0.137993	0.0056663	0.0128499	0.0173333	0.0560775	0.0786165	0.0214823	0.009119	0.0262068	0.102376	0.0371989	0.0230093	0.0623758	0.0372216	0.0179686	0.00191443	0.00756572
96	0.0277729	0.00626386	0.00871331	0.0464326	0.390031	0.00751623	0.00922401	0.00948768	0.0165635	0.101227	0.0437072	0.00914645	0.0357455	0.0558633	0.0165556	0.0179716	0.0230726	0.0104505	0.00372318	0.160532
97	0.103718	0.00202474	0.00481754	0.00764076	0.0028194	0.039021	0.0652462	0.19777	0.00729887	0.0286074	0.0037007	0.0873764	0.00126284	0.0279706	0.00653959	0.0954776	0.0310459	0.283051	0.00135749	0.00325349
98	0.049499	0.00871073	0.0102167	0.0126932	0.00295624	0.00670974	0.0572472	0.0309728	0.355821	0.0640199	0.00422188	0.0155536	0.0011213	0.0237979	0.257575	0.0167224	0.0356179	0.0421415	0.00142667	0.00297555
99	0.107976	0.00601311	0.0275936	0.018743	0.00829841	0.513889	0.0406963	0.00558883	0.0347645	0.0119418	0.00456972	0.0483685	0.00670947	0.0368471	0.039507	0.0477937	0.0229201	0.0117096	0.00123664	0.00483365
100	0.0826768	0.00654816	0.04359	0.0365848	0.0126502	0.0309651	0.0156272	0.0177461	0.0322385	0.0224483	0.00724084	0.353488	0.00543687	0.031222	0.0293853	0.172413	0.0591474	0.0302423	0.00205762	0.00829168
101	0.179571	0.000602274	0.00130279	0.0177638	0.000669042	0.00101643	0.000818529	0.109917	0.0105965	0.0183529	0.0161759	0.00140953	0.0131965	0.00664885	0.00164003	0.0280035	0.133451	0.4579	0.000251638	0.000712099
102	0.0832581	0.0146176	0.0308538	0.0416056	0.00873713	0.0291667	0.0257891	0.0226607	0.335183	0.045893	0.0105846	0.024776	0.00931073	0.0754073	0.107707	0.0419007	0.0495913	0.0313155	0.00263116	0.00901149
103	0.373868	0.00693645	0.0268045	0.0388046	0.00283907	0.0467037	0.00609056	0.00973819	0.0138732	0.0267613	0.00571071	0.015778	0.276555	0.0228717	0.0122083	0.0557208	0.0340566	0.0197919	0.00169073	0.00319661
104	0.0768362	0.00697913	0.0192509	0.0345843	0.00580338	0.0141859	0.0243902	0.0211776	0.218258	0.0392194	0.00993158	0.0287515	0.00303364	0.0556272	0.333735	0.0306964	0.0424111	0.0284858	0.0017977	0.00484486
105	0.0663117	0.0241435	0.00365635	0.068567	0.0170143	0.00263108	0.00292304	0.0896132	0.00635079	0.0777337	0.173852	0.00444395	0.00124737	0.176905	0.012617	0.0459317	0.122509	0.100277	0.000875505	0.00239602
106	0.0764515	0.0110325	0.0319289	0.0379685	0.00954817	0.0402538	0.02947	0.0243638	0.110225	0.0391328	0.0135071	0.037342	0.00637693	0.0585098	0.330067	0.0472769	0.0575646	0.0276087	0.00353299	0.00783945
107	0.0769655	0.0144515	0.023298	0.0414777	0.0175407	0.0182771	0.0154243	0.0722726	0.0333003	0.185932	0.156028	0.0213633	0.00636749	0.0522503	0.0424834	0.0492997	0.0722656	0.0852307	0.00279335	0.0129787
108	0.0224132	0.000450819	0.000907726	0.00315452	0.013715	0.00101663	0.00278928	0.51149	0.00708162	0.0676102	0.0020139	0.00211855	0.000290502	0.00906004	0.00422666	0.0107487	0.019593	0.307921	0.00622654	0.0071725
109	0.18157	0.00060889	0.00136181	0.0172946	0.000661786	0.00100392	0.000870973	0.107389	0.0103306	0.0181724	0.0157444	0.00145165	0.0127717	0.0064924	0.00160551	0.0296694	0.135585	0.456386	0.00029007	0.000740656
110	0.112399	0.00755238	0.0433549	0.082613	0.00825297	0.0385693	0.0223357	0.0245936	0.0809896	0.0486257	0.024611	0.028167	0.00886506	0.276082	0.0603662	0.0450473	0.0468964	0.0276041	0.00280743	0.0102671
111	0.00442385	0.000792913	0.00191188	0.00514029	0.470022	0.00145213	0.0544427	0.00142179	0.00277901	0.0096728	0.00351844	0.00637421	0.00240313	0.00484367	0.00221091	0.00354463	0.00495878	0.00183263	0.0395198	0.378735
112	0.443349	0.00264043	0.129284	0.0454172	0.0033616	0.0892795	0.0297443	0.00602411	0.0118958	0.0104464	0.00441171	0.0122994	0.00493764	0.0153875	0.0122873	0.0944647	0.0736295	0.00648245	0.000981901	0.00367536
113	0.0229874	0.000956194	0.000800613	0.00184448	0.0120172	0.000919683	0.00192602	0.486372	0.00341069	0.118836	0.00326976	0.0027901	0.000251356	0.00534991	0.00319188	0.00529524	0.0112959	0.311701	0.00322091	0.00356434
114	0.604346	0.0031144	0.00466889	0.00788555	0.00210608	0.243368	0.00285388	0.00251196	0.00935698	0.00818413	0.00164359	0.0127264	0.0072055	0.010106	0.00514519	0.0496392	0.0174568	0.00621818	0.000403969	0.00105945
115	0.225916	0.00264119	0.0121279	0.0102617	0.0292338	0.441377	0.00588619	0.00398835	0.0127879	0.00839346	0.00389444	0.108531	0.00204188	0.0136649	0.0316982	0.0615882	0.0132016	0.0086713	0.00118291	0.00291234
116	0.239955	0.0948575	0.0132082	0.0145708	0.00525143	0.151373	0.00805772	0.0130299	0.0171852	0.104054	0.0534899	0.0126063	0.0025791	0.0357402	0.0132525	0.0730092	0.0253111	0.0147443	0.0023817	0.105343
117	0.0153342	0.00687686	0.000646625	0.00110514	0.00859614	0.00047958	0.000477993	0.152161	0.000893711	0.655552	0.0427032	0.00159274	0.000212102	0.000984857	0.00272608	0.00481352	0.00862548	0.0958345	0.000124587	0.000259964
118	0.0691876	0.00582519	0.00608292	0.0203088	0.00726937	0.00617387	0.00740391	0.214956	0.0168871	0.0604926	0.0247616	0.0105866	0.00341603	0.0156688	0.0117413	0.0213246	0.0618814	0.427572	0.00283379	0.00562632
119	0.0229947	0.000935551	0.000794609	0.00184626	0.0119384	0.000922984	0.00191864	0.486451	0.00344452	0.118089	0.00324798	0.0027682	0.00025008	0.00535287	0.00319019	0.00529714	0.0113235	0.312519	0.0032019	0.00351375
120	0.102833	0.00525675	0.0265556	0.0163734	0.00770967	0.53761	0.0379723	0.00639832	0.0292894	0.0140606	0.00544025	0.0488569	0.0069265	0.0335158	0.0353926	0.0447292	0.0206849	0.013055	0.00133828	0.00600137
121	0.0949341	0.0119649	0.0291862	0.0328379	0.0115676	0.0276083	0.0120954	0.0329168	0.0454474	0.0496995	0.0239663	0.0280397	0.00890964	0.0299315	0.0416565	0.116402	0.325295	0.0634341	0.00401415	0.0100931
122	0.0579005	0.00622856	0.111694	0.0244622	0.00738782	0.457783	0.0442744	0.00685515	0.0369381	0.0157273	0.00528407	0.0575274	0.00576928	0.0420785	0.0413419	0.0416427	0.0200243	0.00955061	0.0016458	0.00588414
123	0.0716537	0.0112338	0.0478956	0.0574144	0.0390621	0.0976834	0.14938	0.0238421	0.0751394	0.060994	0.0156347	0.0320245	0.00860338	0.0592715	0.0727954	0.0491914	0.0442233	0.0320211	0.00740977	0.0445262
124	0.596184	0.00160551	0.00621903	0.00724768	0.00129176	0.147235	0.00298495	0.00200777	0.00564621	0.00607203	0.00142448	0.00540546	0.0216313	0.00596187	0.00355364	0.15071	0.0297652	0.00346704	0.000545261	0.0010411
125	0.445528	0.0327969	0.025269	0.0288207	0.0090436	0.0742045	0.00841204	0.0135437	0.019469	0.0226273	0.00879947	0.025521	0.0105674	0.030363	0.0197795	0.13655	0.0570357	0.0227824	0.00208838	0.00679807
126	0.102865	0.00766591	0.092293	0.246842	0.00731969	0.0205844	0.0237172	0.0209919	0.0615922	0.0373924	0.0149332	0.0393808	0.0200416	0.0932005	0.0496213	0.0547319	0.0537839	0.0390603	0.00171194	0.0122703
127	0.186123	0.00301873	0.0153836	0.0105782	0.0316307	0.00953234	0.00503068	0.00529808	0.00921726	0.00915404	0.0037731	0.41081	0.00202034	0.00971173	0.00956641	0.229889	0.0291088	0.015676	0.0011379	0.00334079
128	0.0227735	0.00091037	0.000802046	0.00185313	0.012225	0.000919648	0.00194696	0.48877	0.00346274	0.115958	0.00305987	0.00275428	0.000235238	0.0054731	0.00331274	0.00538179	0.0114424	0.311956	0.00325557	0.00350713
129	0.112585	0.00788004	0.00680915	0.0121025	0.00311933	0.018094	0.00512356	0.0179287	0.0153911	0.0181125	0.0587001	0.0122307	0.00277729	0.0118619	0.0173768	0.132199	0.513783	0.028216	0.00144978	0.00425982
130	0.56879	0.00954537	0.00639933	0.00875654	0.00339589	0.248621	0.00244903	0.00272244	0.00884592	0.00970196	0.00188396	0.0162631	0.00824877	0.0103705	0.00591704	0.054259	0.0215072	0.00998646	0.000508082	0.00182805
131	0.0332472	0.00547874	0.00880785	0.0149582	0.414492	0.0072098	0.0346645	0.0149869	0.0167324	0.0700128	0.0111341	0.0137859	0.00601553	0.0198624	0.0128136	0.0192289	0.023569	0.0158733	0.0225759	0.234551
132	0.00450243	0.000792426	0.00193357	0.00598412	0.508799	0.00140362	0.0459904	0.00150285	0.0030827	0.0118559	0.0042388	0.00567274	0.00333308	0.00577571	0.00223011	0.00360722	0.005484	0.0019088	0.0327964	0.349106
133	0.104616	0.011301	0.0319838	0.0410801	0.0121011	0.0262324	0.0129881	0.03108	0.0405273	0.0413436	0.0227677	0.0289652	0.00932896	0.0383347	0.0366033	0.118875	0.32026	0.0579248	0.00273801	0.0109481
134	0.0847153	0.0133738	0.0300496	0.049043	0.00769399	0.0320575	0.0280525	0.0289327	0.312605	0.0363098	0.0110181	0.0266783	0.00438132	0.0803959	0.11394	0.0402468	0.0529881	0.0336302	0.00296298	0.0109247
135	0.00443491	0.000884865	0.00201882	0.00273505	0.345286	0.00130872	0.0851875	0.00137865	0.00246912	0.00271204	0.00141646	0.00915164	0.000478678	0.00247117	0.0022782	0.00354121	0.00323745	0.00182638	0.0638667	0.463316
136	0.12074	0.00837848	0.025916	0.0190905	0.0079346	0.511666	0.0327845	0.0063451	0.0359904	0.0141534	0.00538932	0.0488092	0.00639533	0.0361538	0.0363378	0.0456227	0.0196827	0.0127584	0.0014372	0.00441408
137	0.0778779	0.00796314	0.384507	0.121152	0.00443332	0.0209007	0.0158599	0.0123595	0.0422481	0.0187488	0.0105408	0.0472434	0.0166901	0.0490198	0.0317958	0.0680019	0.0495802	0.0112811	0.00175301	0.00804401
138	0.121843	0.00745758	0.0233564	0.0195783	0.00809749	0.434276	0.0233215	0.00929598	0.0232932	0.0186654	0.00626674	0.0425466	0.0064883	0.0324463	0.0304688	0.111423	0.0604032	0.0134345	0.00101199	0.00632641
139	0.684333	0.00494559	0.00283847	0.00750857	0.00134444	0.178989	0.0018788	0.00187489	0.00743475	0.00882901	0.00152472	0.0073363	0.00776224	0.00751094	0.00338045	0.0440087	0.0185438	0.00861811	0.000448657	0.000890174
140	0.521395	0.178264	0.00236271	0.00348703	0.0012572	0.0176869	0.00188554	0.00885469	0.00344623	0.00527149	0.00171019	0.00301375	0.000542298	0.00379197	0.00806529	0.128864	0.061957	0.0464246	0.00051727	0.00120237
141	0.0791878	0.00828009	0.372164	0.120355	0.00524832	0.0321187	0.0168591	0.00776372	0.0364333	0.0200139	0.00979901	0.0533725	0.0151611	0.0497704	0.0304018	0.0716029	0.0487198	0.0132196	0.00222202	0.00730609
142	0.0154502	0.0067555	0.000678125	0.00104276	0.00819528	0.000554029	0.000533677	0.175838	0.000986493	0.618474	0.0410831	0.00205063	0.000207991	0.00109384	0.00253482	0.00463617	0.00775958	0.111665	0.000141609	0.000318641
143	0.116509	0.00302154	0.0287304	0.00755524	0.00370095	0.00414054	0.00413888	0.030477	0.00880887	0.233003	0.0281114	0.0564973	0.00171967	0.00907795	0.00717733	0.0121584	0.235454	0.204992	0.0016862	0.00303981
144	0.130056	0.00889475	0.0469169	0.0520284	0.0123667	0.0131085	0.00739013	0.011369	0.0165106	0.0292825	0.00530793	0.0179729	0.515361	0.0193992	0.0147123	0.051307	0.0258396	0.0153416	0.00196402	0.00487056
145	0.0148401	0.00708375	0.000607932	0.00127395	0.00887221	0.000425366	0.000518324	0.12949	0.000934326	0.691757	0.045486	0.00129923	0.000183228	0.00100004	0.0028951	0.0052821	0.00868723	0.0789325	0.000168157	0.000263214
146	0.146195	0.00268986	0.00518571	0.00802906	0.208498	0.00381329	0.0251823	0.00490688	0.00743888	0.0149671	0.00330875	0.00657833	0.00157648	0.00799597	0.00761862	0.180255	0.134025	0.0188462	0.0518598	0.161029
147	0.0226345	0.00641712	0.0293003	0.0265789	0.0121493	0.409774	0.128165	0.00269499	0.0675821	0.00376271	0.00188589	0.0330844	0.00932881	0.0610375	0.10554	0.0491462	0.0174655	0.00305344	0.000533556	0.00986538
148	0.0338848	0.00913405	0.00654863	0.0163356	0.0272356	0.00548768	0.0085933	0.106009	0.012732	0.563518	0.0434783	0.00670015	0.0036054	0.0132265	0.0136184	0.016297	0.0227538	0.0707156	0.00191329	0.0182131
149	0.0431585	0.00241217	0.0377415	0.00722869	0.00860569	0.00425586	0.00348656	0.00395034	0.00692431	0.00704361	0.00295428	0.589666	0.00139291	0.00779859	0.00635198	0.160204	0.0790815	0.0245613	0.000977385	0.00220508
150	0.0907865	0.0136547	0.0315719	0.0497001	0.00918498	0.0239801	0.0289457	0.0233451	0.320424	0.0434769	0.0111689	0.0282696	0.0045045	0.0776199	0.109211	0.0422565	0.0487812	0.032037	0.00199406	0.0090874
151	0.0498384	0.00361202	0.0437423	0.0640203	0.00725443	0.151574	0.0664058	0.0210919	0.0318816	0.019786	0.00529846	0.054717	0.00774161	0.0482	0.148049	0.15511	0.0836885	0.0280854	0.00149772	0.00840583
152	0.0706653	0.00572854	0.0164065	0.0729576	0.00587941	0.0118409	0.0206762	0.0135694	0.0790487	0.0403022	0.0208829	0.0145751	0.00397761	0.425955	0.107143	0.0261271	0.0355903	0.0143896	0.0019493	0.0123349
153	0.0697129	0.00283483	0.00528594	0.010319	0.00469346	0.0547042	0.0375111	0.239045	0.00953905	0.0340581	0.00901533	0.0694773	0.00143989	0.0211777	0.00739563	0.0598072	0.0268991	0.330899	0.00198065	0.00420494
154	0.0822242	0.00278725	0.0128666	0.0144489	0.00264372	0.00413475	0.0142748	0.00778526	0.127587	0.0137958	0.0025626	0.0180728	0.00138965	0.0428112	0.5994	0.0134128	0.0225476	0.0142592	0.00103117	0.00196445
155	0.427387	0.00133217	0.0145805	0.0173091	0.00173468	0.00270954	0.00233758	0.0142486	0.00442693	0.0986316	0.0367611	0.0031498	0.000738481	0.284452	0.0163899	0.051202	0.0172364	0.00338547	0.000587682	0.00139874
156	0.0149337	0.00713379	0.000588794	0.00120101	0.00894602	0.000424758	0.000459396	0.129115	0.000839925	0.691028	0.0461296	0.001186	0.000185818	0.000911067	0.00290548	0.00525918	0.00859474	0.0797873	0.000121382	0.000248365
157	0.545267	0.019088	0.00966796	0.0149438	0.00381334	0.140691	0.00612505	0.00627101	0.0116272	0.0585779	0.00862372	0.0124196	0.0102572	0.024082	0.00989188	0.0479583	0.0372695	0.023243	0.00161838	0.00856471
158	0.156756	0.00367838	0.030152	0.0678524	0.000806205	0.0336831	0.0136739	0.00267911	0.28941	0.0174236	0.00127891	0.0150303	0.00195308	0.193288	0.120631	0.035542	0.0137009	0.00162071	0.000255493	0.000585091
159	0.220354	0.00105293	0.0186162	0.197722	0.0141251	0.00717672	0.108275	0.00564071	0.0288166	0.0305376	0.0119902	0.0139903	0.000802223	0.0477428	0.0274882	0.0289186	0.0614093	0.0545799	0.000496097	0.120266
160	0.0164647	0.0104197	0.00136001	0.00526488	0.0144678	0.00110281	0.00162914	0.0955907	0.0024092	0.674806	0.0807954	0.00229739	0.000487093	0.00319558	0.00495522	0.00696008	0.0113523	0.0640389	0.000308882	0.00209432
161	0.0414011	0.00131942	0.029186	0.0105583	0.00470829	0.615033	0.00300608	0.00289544	0.0211507	0.00593478	0.00236054	0.160585	0.00122955	0.0224353	0.00741379	0.041614	0.00885844	0.0177572	0.00076359	0.00178974
162	0.600459	0.146494	0.00190757	0.00338139	0.00105444	0.037914	0.00160604	0.00722925	0.00344015	0.00902951	0.00136117	0.00275516	0.00133211	0.00330935	0.00704052	0.0790597	0.0468056	0.0441916	0.000448852	0.00117968
163	0.0342663	0.0256717	0.209437	0.106562	0.00269993	0.00650039	0.00536727	0.0081456	0.0162817	0.0107299	0.00537477	0.0172675	0.371788	0.0116854	0.00846818	0.120688	0.0277493	0.00642671	0.000946019	0.00394417
164	0.103954	0.00146428	0.0266895	0.0868789	0.00216182	0.0361613	0.0345274	0.0552069	0.048761	0.0501426	0.00700538	0.0539065	0.0137686	0.0869606	0.0897922	0.160287	0.0830923	0.0436756	0.00106771	0.0144964
165	0.0147706	0.00718521	0.000623968	0.00119984	0.00895257	0.000427077	0.000465652	0.132092	0.000834644	0.687308	0.0457598	0.00128551	0.000190664	0.000924922	0.00286338	0.00520697	0.008737	0.0808037	0.000119179	0.000249681
166	0.0514916	0.00173771	0.00311631	0.0100155	0.020203	0.00328495	0.00837818	0.354135	0.00701693	0.0603716	0.00515087	0.00467881	0.000997732	0.00786837	0.00597511	0.0372039	0.0509949	0.286583	0.0332521	0.0475451
167	0.0265274	0.0105505	0.0605929	0.255523	0.01093	0.0217105	0.0634107	0.00624246	0.0860708	0.130967	0.0307385	0.0352261	0.000865413	0.0988602	0.0412831	0.0408404	0.0437659	0.0153498	0.000444411	0.0201006
168	0.0829857	0.0131633	0.028974	0.0552229	0.00977706	0.0295669	0.0279323	0.0214443	0.306296	0.0394045	0.0136222	0.0332729	0.00599262	0.0816645	0.106723	0.0426515	0.052861	0.0361742	0.00216278	0.0101078
169	0.179907	0.000605352	0.00130521	0.0177694	0.00069828	0.00103774	0.000829204	0.109626	0.011026	0.0184504	0.0158788	0.00142265	0.0135702	0.00676484	0.00161893	0.0276956	0.133318	0.457529	0.000249804	0.000697731
170	0.128101	0.00964348	0.0510289	0.0592119	0.00791729	0.0182942	0.0100785	0.00822286	0.0184485	0.0254959	0.00575716	0.020385	0.493368	0.0202419	0.0162374	0.0558049	0.0312406	0.0120846	0.00165506	0.00678306
171	0.075536	0.0120372	0.00967766	0.01892	0.00793241	0.00910597	0.00622983	0.0671189	0.0195549	0.0501377	0.0803761	0.0102775	0.00433839	0.0298949	0.023501	0.151256	0.377108	0.0385267	0.00154944	0.00692098
172	0.492063	0.0293765	0.0241579	0.0273484	0.00588229	0.085707	0.00899543	0.0142091	0.024759	0.0272648	0.0097871	0.0184155	0.0201017	0.0312504	0.0225281	0.068451	0.0443418	0.0369355	0.00217928	0.00624575
173	0.0545379	0.00576033	0.101611	0.0235137	0.00788697	0.481313	0.0419526	0.00700315	0.0345345	0.016451	0.00636546	0.0497279	0.0065614	0.041751	0.0414689	0.0429651	0.019092	0.00985956	0.00157944	0.00606545
174	0.0400629	0.00993217	0.00808286	0.0130386	0.028544	0.00658219	0.00682721	0.102616	0.0164757	0.544303	0.0474437	0.00828681	0.00194505	0.0194344	0.0168307	0.0166456	0.0249205	0.0692104	0.00167606	0.0171422
175	0.076031	0.00894556	0.0609863	0.202715	0.0225398	0.0178357	0.0232466	0.0252934	0.0515727	0.160687	0.0282031	0.0359741	0.0126793	0.0785258	0.0396381	0.0484539	0.0493453	0.0343098	0.00337867	0.0196384
176	0.00727018	0.0148296	0.548582	0.155625	0.00156143	0.00224211	0.00533718	0.0037028	0.0185345	0.00382703	0.0137252	0.0223824	0.004287	0.00474427	0.00384263	0.0950725	0.0817791	0.00323397	0.000432055	0.00898917
177	0.0150347	0.00236208	0.172204	0.177345	0.00292698	0.0548722	0.00435142	0.00411322	0.0537513	0.0475045	0.00374002	0.344078	0.00183085	0.0782349	0.00779449	0.00979178	0.00993634	0.00646464	0.000795715	0.00286715
178	0.0856758	0.00200028	0.025389	0.05307	0.00338903	0.00451887	0.0424248	0.0145177	0.221995	0.0527016	0.00525007	0.0309309	0.00162762	0.0442864	0.188677	0.0894278	0.0690463	0.047467	0.014832	0.00277288
179	0.111619	0.00977024	0.0816912	0.123662	0.00423308	0.0171508	0.0080856	0.0108617	0.0200113	0.0210451	0.00524911	0.0333216	0.394576	0.0285524	0.0151074	0.0666478	0.0312093	0.0104524	0.00183203	0.00492234
180	0.117754	0.0269593	0.0257035	0.00733478	0.00236198	0.336069	0.00354022	0.00397605	0.00687147	0.119935	0.0255622	0.00590292	0.00159525	0.199928	0.00670418	0.08725	0.00874386	0.005	0.000964761	0.00784271
181	0.0191715	0.00246944	0.00988001	0.00874138	0.00902938	0.00304106	0.0318357	0.138071	0.115485	0.224521	0.05598	0.0116939	0.00130037	0.105887	0.145231	0.0139301	0.0366874	0.0613889	0.000844777	0.00481149
182	0.191767	0.00409704	0.0545184	0.070039	0.00307018	0.0119001	0.00744994	0.00966856	0.0139375	0.0442608	0.00588048	0.020302	0.164729	0.0787265	0.0143632	0.123127	0.165594	0.011104	0.00171149	0.0037546
183	0.0837618	0.0077387	0.360096	0.115768	0.00416354	0.0269537	0.0174659	0.0104071	0.0379441	0.0215154	0.0117866	0.057229	0.0193002	0.0525715	0.0306839	0.0703624	0.0467841	0.0162709	0.00178271	0.00741417
184	0.106219	0.00751195	0.084198	0.238523	0.0091122	0.032674	0.0243641	0.0191823	0.0645797	0.0359001	0.0164781	0.043699	0.0188657	0.0918792	0.0498152	0.0506613	0.0544431	0.0372119	0.00313966	0.0115421
185	0.146312	0.000808563	0.0704933	0.222707	0.00434311	0.0177087	0.0202217	0.0451308	0.0325944	0.0145987	0.00160374	0.00491479	0.000596316	0.0697685	0.00955547	0.027148	0.0634331	0.231788	0.000366217	0.0159073
186	0.221875	0.00917452	0.014639	0.0891196	0.00776396	0.0158272	0.0143815	0.0185933	0.0188186	0.0216527	0.00874122	0.0812878	0.00371958	0.0269054	0.0238976	0.250521	0.0419304	0.122632	0.00243211	0.00608823
187	0.0246477	0.0173087	0.00358869	0.00702844	0.185478	0.00293264	0.0238643	0.00359252	0.00594104	0.495835	0.00525124	0.00488908	0.00235829	0.00760838	0.00487703	0.0072688	0.0157006	0.00431322	0.00339873	0.174118
188	0.0529034	0.00234001	0.02119	0.0107822	0.00677967	0.629878	0.0133834	0.00452149	0.0188194	0.0076027	0.00299984	0.0896925	0.0023147	0.0204892	0.020051	0.0628147	0.0184892	0.0116617	0.000747943	0.00253856
189	0.0161485	0.00940244	0.0010204	0.00152774	0.003422	0.00104154	0.000943603	0.216356	0.00372192	0.255847	0.0475701	0.00255329	0.000311525	0.00193458	0.00197872	0.00297731	0.0125143	0.41988	0.000329196	0.000519703
190	0.0105508	0.00220633	0.00312915	0.0044419	0.00157182	0.00271333	0.00287527	0.00453485	0.0353895	0.00539917	0.00369592	0.00384251	0.0273668	0.0198362	0.0750235	0.266611	0.524955	0.00348961	0.000666319	0.00170108
191	0.0402889	0.00740787	0.008678	0.0189804	0.256173	0.0104509	0.0568823	0.0138699	0.0169646	0.0538098	0.00906953	0.0140132	0.00493459	0.0236679	0.0133094	0.0258789	0.0258947	0.0144836	0.0398329	0.34541
