365	20
1	0.0714733	0.0090197	0.225356	0.265341	0.00318184	0.0439428	0.00176572	0.00428894	0.0314802	0.0233037	0.00319753	0.0793371	0.00688889	0.0536094	0.00513273	0.0801118	0.0540925	0.0353905	0.00123881	0.00184827
2	0.0197079	0.00486117	0.0272068	0.0556065	0.00643383	0.0507438	0.0431745	0.0109382	0.0775894	0.0152532	0.0150052	0.0645637	0.0156931	0.122145	0.367984	0.0326343	0.0376535	0.0169183	0.00636432	0.00952286
3	0.0644673	0.0100068	0.0459637	0.0567415	0.0396189	0.0981737	0.00688131	0.0635217	0.0117203	0.0671958	0.0146494	0.0559411	0.210023	0.078066	0.00706124	0.0573064	0.0338409	0.0597858	0.00627815	0.0127569
4	0.0607171	0.00614723	0.0355171	0.0977343	0.0173652	0.0123588	0.00737841	0.021494	0.139216	0.0316378	0.0106916	0.0436992	0.00676368	0.184306	0.0417121	0.106829	0.105724	0.0520426	0.00249115	0.0161748
5	0.0586402	0.024981	0.00542952	0.0249583	0.0290072	0.203863	0.00897447	0.0297973	0.100432	0.0721543	0.0165241	0.0160394	0.00574674	0.0249311	0.1012	0.103024	0.0535164	0.0335879	0.0718361	0.0153573
6	0.0262369	0.0262094	0.0167318	0.0087254	0.00525425	0.0303307	0.227276	0.00991907	0.0218275	0.0117624	0.00600868	0.216555	0.00329993	0.00876319	0.00828362	0.265903	0.0261552	0.0215327	0.00247001	0.0567548
7	0.0178712	0.0195987	0.113116	0.0567824	0.0163708	0.00980101	0.0615987	0.0200695	0.152918	0.0125131	0.0105583	0.0673588	0.0189484	0.0958904	0.144013	0.0652582	0.037878	0.0183131	0.0290069	0.0321359
8	0.147821	0.0179054	0.00142194	0.00541531	0.0849912	0.0148527	0.00243518	0.131679	0.00216347	0.190216	0.0567878	0.00412082	0.00596915	0.00337554	0.0112635	0.0172408	0.124698	0.159208	0.005761	0.0126748
9	0.0166406	0.00359175	0.0629569	0.468522	0.00546587	0.0166445	0.00394208	0.00621065	0.0183288	0.0213502	0.0151587	0.0254816	0.00276584	0.22245	0.0038222	0.0329985	0.0538449	0.00943178	0.00452269	0.00587041
10	0.0148291	0.0141618	0.00140017	0.00492344	0.288989	0.00250585	0.037466	0.0264847	0.00239362	0.0494905	0.00976946	0.018497	0.00372677	0.0121661	0.00443448	0.0309228	0.0167791	0.0140873	0.026319	0.420654
11	0.0199872	0.0115194	0.000547822	0.00108336	0.0773191	0.00860107	0.000653296	0.28405	0.00392476	0.301564	0.0408504	0.00267776	0.00403038	0.00201038	0.0013302	0.0146904	0.0224516	0.193199	0.00142265	0.00808665
12	0.0116284	0.00982697	0.000472386	0.000688708	0.167062	0.00624092	0.000816371	0.0709677	0.00138831	0.540875	0.10038	0.00266408	0.00177637	0.00405538	0.00251359	0.00770393	0.022224	0.0293155	0.00565118	0.0137493
13	0.187519	0.0246193	0.0016628	0.00346539	0.0113421	0.0330177	0.00612951	0.0384412	0.00883997	0.0471383	0.0365235	0.0209524	0.0113599	0.00766602	0.00258909	0.280881	0.194251	0.0708971	0.00654852	0.00615602
14	0.077357	0.0611672	0.0014087	0.00263911	0.0315418	0.0109871	0.00192022	0.121241	0.0027739	0.200101	0.0354035	0.0110764	0.00376815	0.0176454	0.00275398	0.08628	0.10694	0.212585	0.00788371	0.00452697
15	0.0183591	0.0198183	0.000520981	0.00145982	0.0305267	0.00639031	0.00319296	0.375674	0.00101629	0.0684516	0.0211036	0.00424091	0.00162556	0.00314651	0.000929135	0.00706674	0.0263732	0.406168	0.00132606	0.00261052
16	0.129431	0.0284168	0.00830243	0.00544519	0.00593628	0.497569	0.00625746	0.00699262	0.0102761	0.0161045	0.00574479	0.0227849	0.00504511	0.00972497	0.00548231	0.153593	0.0530459	0.0230848	0.00368748	0.00307476
17	0.0143289	0.0142743	0.00137373	0.0049531	0.289708	0.0024428	0.0374632	0.0263977	0.00248425	0.0502899	0.00966967	0.0187455	0.00375438	0.0124832	0.00454373	0.0310808	0.0168654	0.0136002	0.025803	0.419739
18	0.312399	0.0470816	0.00048607	0.00128704	0.0151119	0.0971828	0.000808457	0.0400533	0.00387412	0.0256868	0.0092054	0.0113318	0.00768803	0.00271609	0.000829987	0.210989	0.10103	0.0985236	0.0080343	0.00568111
19	0.0131586	0.0105485	0.000906576	0.00173238	0.0376278	0.00643575	0.00177128	0.399812	0.00113536	0.105329	0.0410971	0.00439767	0.0013478	0.00253105	0.000932639	0.00647551	0.0309141	0.324721	0.00107504	0.00805153
20	0.0401029	0.0127712	0.00715023	0.00950409	0.0049779	0.68401	0.0101958	0.0066847	0.0247162	0.0115809	0.00332138	0.0185821	0.00461792	0.00764472	0.0175033	0.0855951	0.028448	0.0142541	0.00514416	0.0031957
21	0.0389243	0.0195205	0.00256527	0.00316774	0.0644707	0.0167427	0.00350275	0.229907	0.00352477	0.279255	0.0558075	0.00625355	0.017117	0.00583933	0.00333178	0.0200264	0.0327186	0.172471	0.00370553	0.0211476
22	0.210268	0.0295321	0.00358379	0.00229287	0.00687838	0.396934	0.00386172	0.00944732	0.0081218	0.0149242	0.00449691	0.016834	0.00572093	0.00371462	0.00256774	0.171012	0.0646099	0.0361541	0.00512009	0.00392503
23	0.17146	0.0945402	0.00668835	0.00667172	0.0147511	0.0614336	0.00443573	0.0136239	0.00692574	0.0469247	0.028865	0.0535507	0.0141626	0.0113608	0.00664067	0.305328	0.11582	0.0253252	0.00510699	0.00638477
24	0.0158926	0.0085696	0.000878984	0.00175114	0.056206	0.00728069	0.000659841	0.363287	0.00167237	0.193323	0.0403835	0.00332878	0.00262495	0.00155559	0.00114963	0.00969576	0.0342611	0.245664	0.0011841	0.0106309
25	0.0454712	0.0248876	0.00710691	0.0147769	0.116365	0.0200129	0.0115661	0.0656978	0.0160072	0.201587	0.0490524	0.0178599	0.00810432	0.0226044	0.0122192	0.040522	0.036474	0.0643722	0.152106	0.0732066
26	0.022414	0.0107797	0.00834542	0.0234335	0.0177527	0.0297557	0.0340187	0.0142747	0.130316	0.0258525	0.028092	0.0421681	0.0144007	0.0974442	0.371806	0.0430579	0.034725	0.0220349	0.0112007	0.0181282
27	0.0311274	0.028423	0.00267286	0.00647289	0.302308	0.0122268	0.0166449	0.064578	0.00501406	0.162714	0.0286448	0.0118779	0.0039297	0.00858163	0.00463902	0.0239956	0.0222634	0.0700213	0.0190707	0.174794
28	0.0178381	0.0143867	0.00308246	0.00686094	0.270714	0.00543065	0.0464238	0.0367153	0.00725914	0.0581871	0.0125852	0.0189307	0.0038987	0.0138923	0.00759202	0.0315683	0.0174902	0.0270939	0.025688	0.374363
29	0.0377985	0.00989811	0.0150402	0.0379116	0.023963	0.00836466	0.0167229	0.0875376	0.0773277	0.200348	0.0847761	0.023283	0.00650985	0.0861472	0.0459497	0.0358633	0.0643506	0.0889452	0.0086351	0.0406278
30	0.152145	0.0899281	0.00231466	0.00632719	0.0373883	0.0379088	0.00284156	0.0824958	0.00351734	0.102027	0.0288291	0.00701583	0.00772938	0.0076903	0.00515142	0.0618095	0.104424	0.219402	0.0225413	0.0185132
31	0.0654243	0.0112721	0.00715253	0.0894457	0.0232488	0.0163607	0.136324	0.0401992	0.066262	0.117484	0.0266036	0.0176879	0.00576022	0.157302	0.0179703	0.0316558	0.034814	0.0314755	0.0111643	0.0923934
32	0.047982	0.00576434	0.0328831	0.0778872	0.0115383	0.00640412	0.0108009	0.034897	0.13958	0.0497741	0.0305084	0.0437541	0.00599278	0.15256	0.0445696	0.0846247	0.137146	0.0659951	0.00198044	0.0153574
33	0.0274061	0.0311787	0.00430268	0.00352272	0.00571378	0.0160986	0.296405	0.0109582	0.0152905	0.0125558	0.00581917	0.227289	0.003226	0.0120642	0.00368401	0.215631	0.0127335	0.0236543	0.00275129	0.0697159
34	0.267614	0.035435	0.00180697	0.00160066	0.00902369	0.0769574	0.00243572	0.0123299	0.00698449	0.0176981	0.00839275	0.0247219	0.0189478	0.00373166	0.00181412	0.307672	0.139132	0.0509853	0.00687862	0.00583834
35	0.0178019	0.0224146	0.00190143	0.00492164	0.314207	0.00603262	0.0308592	0.0354847	0.00430544	0.0733092	0.0138928	0.0162885	0.00348157	0.0110786	0.00414454	0.0290497	0.0158262	0.0351074	0.0245816	0.335311
36	0.0312585	0.0203029	0.00062094	0.000598176	0.0632342	0.0155582	0.00145072	0.174595	0.00307547	0.388531	0.0995447	0.00336119	0.00771499	0.0059778	0.00179122	0.0164354	0.0263495	0.126832	0.00417875	0.00859024
37	0.0146172	0.00817447	0.000856181	0.00165107	0.0408984	0.00463072	0.00101749	0.389716	0.00173793	0.166947	0.0312105	0.00382674	0.00171425	0.00153948	0.00148249	0.00675787	0.0248441	0.289472	0.000977818	0.00792858
38	0.0380138	0.0114334	0.0356514	0.00996967	0.0180641	0.0168798	0.00443694	0.075135	0.0117252	0.135536	0.0427697	0.0210707	0.394982	0.0222567	0.00611236	0.068374	0.0342588	0.0395076	0.00468321	0.00913972
39	0.0145184	0.0138338	0.00137054	0.00487306	0.289023	0.00319569	0.0357855	0.0280733	0.00275835	0.0529882	0.010619	0.0173711	0.00344577	0.0110928	0.00419232	0.0295802	0.0155354	0.0217067	0.0266984	0.413338
40	0.0599228	0.03109	0.000241959	0.000414408	0.116815	0.0287589	0.00177231	0.192331	0.00096983	0.274666	0.0486822	0.00130529	0.00668691	0.00146391	0.00129468	0.0201326	0.0420165	0.159987	0.00172951	0.00971834
41	0.00501523	0.0010358	0.00139594	0.00210484	0.0431361	0.00458884	0.000243424	0.441515	0.00111311	0.148961	0.0497514	0.00504738	0.000867339	0.00109033	0.000903455	0.00615355	0.0367905	0.234999	0.000729899	0.0145578
42	0.0484678	0.0476879	0.000939965	0.00190034	0.130114	0.0163859	0.00145306	0.0949868	0.0019926	0.349534	0.117054	0.0037397	0.00324294	0.0035471	0.00671131	0.0426653	0.0369964	0.0752316	0.00736607	0.00998316
43	0.0659579	0.0362911	0.00142278	0.0032979	0.079148	0.0203673	0.00351637	0.118984	0.00314165	0.296725	0.0871339	0.00603709	0.00661153	0.0057581	0.00475686	0.029064	0.061334	0.13037	0.00892066	0.0311616
44	0.0279627	0.0154328	0.000395824	0.000702578	0.0783059	0.0076591	0.00074625	0.240216	0.00471492	0.315834	0.022546	0.00127323	0.00379842	0.00133001	0.00168171	0.0117097	0.0143018	0.245443	0.00143274	0.00451266
45	0.0225245	0.0102004	0.00047589	0.000749158	0.0734865	0.00337033	0.000583044	0.241875	0.00475983	0.343842	0.0161561	0.00128912	0.00289053	0.00111192	0.00206916	0.0102877	0.00822025	0.250055	0.00124832	0.00480488
46	0.0344237	0.00860314	0.0405663	0.0781992	0.0194619	0.0090356	0.0118437	0.107103	0.0449708	0.11235	0.0573813	0.0395989	0.00848664	0.0782628	0.0629868	0.0341517	0.069979	0.156388	0.00520833	0.0209999
47	0.0450652	0.0122487	0.00781916	0.00542702	0.00243871	0.723704	0.00899486	0.00358992	0.0134606	0.0075642	0.00167941	0.0190199	0.00320106	0.00504599	0.00630282	0.0916077	0.0273853	0.0123639	0.00177417	0.00130763
48	0.0050029	0.000988851	0.00140556	0.00210362	0.0429905	0.00460153	0.000240406	0.441986	0.00110798	0.148715	0.0498838	0.00505947	0.000856667	0.00108538	0.000909193	0.00611668	0.0368412	0.234785	0.000723674	0.0145972
49	0.0549808	0.00807634	0.0588845	0.0254261	0.0158953	0.0312518	0.0119751	0.0694156	0.0192391	0.066111	0.0195528	0.0640726	0.335279	0.0389794	0.00969625	0.0738839	0.0423873	0.0412026	0.00523683	0.00845346
50	0.0227988	0.0119252	0.000869218	0.00166894	0.0569918	0.0107763	0.000797388	0.303349	0.00177294	0.263298	0.0568111	0.00423101	0.00437142	0.00290054	0.00136573	0.0134958	0.0420535	0.186641	0.0029795	0.0109031
51	0.0110871	0.00699733	0.000522925	0.000853828	0.255806	0.00432419	0.000811265	0.0597558	0.00132654	0.479869	0.0772348	0.00346074	0.00144619	0.00293949	0.0022643	0.00569525	0.0206126	0.0326407	0.00646241	0.0258899
52	0.014513	0.014192	0.00129037	0.00489257	0.290585	0.00256988	0.0376831	0.0269804	0.00245126	0.0512692	0.0100534	0.0179188	0.00357678	0.0117632	0.00427956	0.0304491	0.0162079	0.0149475	0.0272539	0.417123
53	0.00543698	0.012785	0.000766142	0.000806021	0.0171561	0.00656106	0.00124963	0.17749	0.00581112	0.411133	0.180461	0.00783147	0.00253005	0.0108952	0.00239469	0.0137662	0.00937226	0.119191	0.00531094	0.00905142
54	0.0289989	0.00560057	0.0711554	0.372508	0.01389	0.0263167	0.0110141	0.0187691	0.0340069	0.0343162	0.0165996	0.0361116	0.00518648	0.167414	0.0156054	0.0438483	0.0542377	0.0202405	0.0067914	0.01739
55	0.0107507	0.00975474	0.000457958	0.000826229	0.157782	0.00570341	0.000821911	0.0786522	0.00187297	0.518695	0.117064	0.003281	0.00152549	0.00488642	0.00267896	0.00845632	0.0221417	0.0334224	0.00576729	0.0154595
56	0.363453	0.0463436	0.0004944	0.000785046	0.0101946	0.114079	0.000604676	0.0121617	0.00550473	0.0210057	0.00393044	0.0137727	0.00549103	0.00276316	0.000854679	0.241762	0.0890063	0.0524127	0.00937327	0.00600725
57	0.0222274	0.00975501	0.000830997	0.00147269	0.0527823	0.00947358	0.00062631	0.358699	0.00156451	0.214008	0.0426958	0.00315011	0.00304046	0.0012188	0.00144581	0.00991811	0.0295147	0.22741	0.000937621	0.0092283
58	0.0405065	0.0124135	0.00821768	0.00579232	0.00311059	0.731862	0.00920828	0.00451445	0.013075	0.00791843	0.0024832	0.0192121	0.00351817	0.00600394	0.0065189	0.0839552	0.0256627	0.0134461	0.00116945	0.00141143
59	0.0430992	0.0107194	0.0436798	0.144117	0.0224394	0.0264114	0.0216563	0.0328933	0.0709433	0.0560521	0.0272605	0.0451915	0.0131144	0.180886	0.0614659	0.0560485	0.0691582	0.0459495	0.00862479	0.0202902
60	0.00767295	0.0389366	0.0331688	0.00870246	0.0269325	0.00409904	0.116332	0.0347342	0.154764	0.00764141	0.00581517	0.0278925	0.0176411	0.0621215	0.219769	0.0928417	0.0294322	0.0148102	0.03974	0.0569526
61	0.0274134	0.0236298	0.000988772	0.00151677	0.148841	0.00719688	0.00124088	0.0669625	0.00294424	0.444613	0.13981	0.00393489	0.00206849	0.0048638	0.00968312	0.0268201	0.0297249	0.0399665	0.00652893	0.0112516
62	0.0168918	0.00598641	0.00782917	0.0293306	0.0100299	0.0300119	0.0397753	0.00880374	0.119238	0.0151967	0.0227805	0.054538	0.0134432	0.122537	0.41093	0.0293838	0.0301507	0.0150149	0.0079859	0.0101425
63	0.0221118	0.00268283	0.00195689	0.00256771	0.024366	0.00284389	0.0110467	0.0100284	0.286468	0.0335433	0.0600982	0.0368268	0.0114076	0.115713	0.286978	0.0274011	0.0269009	0.0215961	0.00737197	0.00809119
64	0.0396786	0.0117659	0.00767372	0.00528258	0.00175275	0.746079	0.00958952	0.00315238	0.0123379	0.0066397	0.00141344	0.0188361	0.00287413	0.00506716	0.00534289	0.0837972	0.025296	0.0114593	0.000958305	0.00100327
65	0.14672	0.0202399	0.0213258	0.00913937	0.00886545	0.0460088	0.00691162	0.00670158	0.0200406	0.00877454	0.00359345	0.053253	0.162406	0.00836977	0.00663681	0.323144	0.108565	0.0321092	0.00190102	0.00529359
66	0.00504585	0.000989156	0.00139935	0.00210005	0.0426524	0.00461288	0.000239028	0.442834	0.00110466	0.148774	0.0499075	0.00507866	0.000849905	0.00108587	0.000917249	0.0060836	0.0367342	0.234364	0.00072284	0.0145042
67	0.0666772	0.0326152	0.0372633	0.0207406	0.00568792	0.420719	0.00927091	0.0100815	0.0134984	0.039076	0.0130653	0.0615162	0.0123607	0.0221107	0.0111396	0.136112	0.0674311	0.0151126	0.00243622	0.00308556
68	0.217289	0.0409247	0.000308689	0.00169317	0.0384895	0.0833785	0.00049805	0.152889	0.000552253	0.0478122	0.0228816	0.00279275	0.012122	0.00166589	0.000511475	0.0820295	0.0588305	0.229488	0.00337693	0.00246551
69	0.0285342	0.0225694	0.00335328	0.00738632	0.270957	0.0114768	0.0222905	0.0390317	0.00666786	0.0818981	0.0162443	0.0171395	0.00631601	0.0121814	0.0058219	0.0273578	0.0180794	0.038066	0.126064	0.238566
70	0.0198143	0.0111038	0.00066786	0.00136269	0.0570706	0.00760095	0.000732335	0.332092	0.00227881	0.233191	0.032956	0.00273669	0.00508012	0.00140514	0.00153617	0.0105446	0.0246862	0.245813	0.00148701	0.00784102
71	0.0278272	0.0350253	0.00363999	0.00350819	0.00554039	0.0163578	0.287475	0.00959888	0.0155667	0.0115862	0.0061514	0.217754	0.00323399	0.00772022	0.00363422	0.240299	0.0118724	0.0251198	0.00269318	0.0653953
72	0.0885359	0.00859288	0.02168	0.0208313	0.0123086	0.0230128	0.00897931	0.025129	0.0445284	0.0362216	0.011091	0.0364858	0.33226	0.0269203	0.0219781	0.135762	0.0932323	0.040632	0.00475882	0.0070603
73	0.104944	0.0350836	0.00824307	0.00914568	0.0487909	0.0135325	0.00834476	0.0208535	0.0700678	0.115155	0.0417651	0.0356069	0.00819501	0.0757276	0.0547589	0.0374522	0.0562635	0.0509308	0.0881075	0.117032
74	0.0112541	0.0120452	0.000566449	0.000871516	0.0936485	0.00579331	0.000959753	0.110099	0.00300209	0.507509	0.130304	0.00475907	0.00225074	0.00896211	0.0023985	0.0097258	0.0184093	0.0566161	0.00953043	0.0112946
75	0.059926	0.0269623	0.00274599	0.021666	0.0282892	0.286911	0.00394576	0.0277852	0.0895194	0.0534653	0.00762784	0.00844016	0.00348389	0.00783804	0.0904402	0.133406	0.0579969	0.0309435	0.0524575	0.00614978
76	0.0399644	0.011473	0.00968735	0.00669048	0.00240403	0.708892	0.0125184	0.00477338	0.0138974	0.00807166	0.00235211	0.0232404	0.00350243	0.00699014	0.00882961	0.0889395	0.0308905	0.0130918	0.00140977	0.00238124
77	0.0120425	0.00441076	0.000831866	0.00154132	0.0478902	0.00299242	0.000413365	0.371379	0.00228031	0.226943	0.0306512	0.00295934	0.00191126	0.000966109	0.00262644	0.00711231	0.0211745	0.251497	0.000935742	0.00944153
78	0.056341	0.0272554	0.00776027	0.00673153	0.00581228	0.646998	0.0091235	0.00753344	0.0124018	0.0163077	0.00596373	0.0268863	0.00471077	0.0068092	0.00668215	0.0970782	0.03301	0.0161276	0.00309473	0.00337195
79	0.00499944	0.00099731	0.00140544	0.00209751	0.043036	0.00459212	0.000240568	0.441843	0.00110738	0.148888	0.0498413	0.00506708	0.00086074	0.00108526	0.000910004	0.00612098	0.0368117	0.234769	0.000726206	0.0146011
80	0.367529	0.0459485	0.000485681	0.000774141	0.0094199	0.115103	0.000547885	0.012557	0.00585179	0.0206567	0.00365841	0.0140225	0.00500098	0.00266024	0.000698223	0.240111	0.0881123	0.0524374	0.00877305	0.00565257
81	0.100083	0.166687	0.00866952	0.0107638	0.0223536	0.0602318	0.00158823	0.0145276	0.00222446	0.0792703	0.0611316	0.066923	0.0026342	0.0204291	0.010629	0.258439	0.0968883	0.00728173	0.0035919	0.00565325
82	0.0863518	0.0947041	0.00201684	0.00346399	0.0940715	0.0292095	0.00154697	0.0847783	0.00238086	0.217631	0.0643578	0.00653406	0.00420862	0.00481336	0.0122583	0.0753368	0.0562165	0.130706	0.0226089	0.00680506
83	0.0574858	0.0323573	0.000211062	0.000337065	0.0884859	0.0306221	0.00162763	0.204438	0.000760187	0.275517	0.0510657	0.00105053	0.0081696	0.00136979	0.000965448	0.0219809	0.0447216	0.170007	0.0013504	0.00747722
84	0.150512	0.0469512	0.000662073	0.00199863	0.0288589	0.0448175	0.000894279	0.146369	0.000998124	0.103898	0.0261725	0.00577168	0.00857082	0.00689048	0.0013116	0.0831009	0.0878937	0.245657	0.00537448	0.00329767
85	0.0945909	0.174462	0.00843845	0.00999408	0.0223903	0.0581968	0.00154447	0.0151321	0.00239308	0.0829503	0.0571207	0.0699377	0.00280046	0.0182117	0.0100833	0.253782	0.101749	0.00716376	0.0036532	0.00540584
86	0.0312632	0.0209611	0.000736002	0.00121968	0.139991	0.013526	0.00182463	0.196247	0.00341745	0.30328	0.0376142	0.00401192	0.00460319	0.00237111	0.00534445	0.0198632	0.0223411	0.162942	0.00496338	0.0234784
87	0.0188552	0.0131115	0.00147293	0.00194471	0.113746	0.0169771	0.00824385	0.189061	0.0039188	0.258726	0.106924	0.012926	0.00395819	0.0061501	0.00240676	0.0191046	0.0210319	0.125202	0.00895807	0.0672811
88	0.0646239	0.0320742	0.000220923	0.00041331	0.0911323	0.0326493	0.00149154	0.198546	0.000677903	0.273345	0.0489817	0.000931844	0.0074788	0.00132169	0.00105662	0.022971	0.0467679	0.167538	0.00129534	0.00648189
89	0.365751	0.0462175	0.000484733	0.000812149	0.00942838	0.114623	0.00055261	0.0124879	0.00589158	0.0207776	0.00367092	0.0142685	0.0051143	0.00265604	0.000698068	0.241452	0.0883337	0.0523185	0.00874956	0.00571217
90	0.0104186	0.0170701	0.000709152	0.000773189	0.025025	0.00762315	0.00127778	0.164584	0.00549819	0.422339	0.15487	0.00641855	0.00307953	0.00945606	0.00257745	0.0206635	0.0136348	0.120553	0.00541645	0.00801227
91	0.014344	0.0139009	0.0013612	0.00480466	0.28502	0.00264726	0.0371758	0.0267567	0.00241323	0.0502403	0.00980105	0.0179835	0.00365641	0.0120016	0.00442448	0.0304724	0.0161993	0.0148954	0.0262837	0.425618
92	0.0145419	0.0145139	0.00146351	0.00487378	0.286266	0.00251508	0.0364157	0.0264209	0.00245725	0.0510703	0.00969873	0.0186193	0.00383234	0.0118794	0.00455572	0.0312622	0.016485	0.0148367	0.0260824	0.42221
93	0.06728	0.0114546	0.0362828	0.0197544	0.0121067	0.112433	0.0624955	0.0644498	0.0222645	0.0257243	0.0127742	0.171476	0.0103381	0.043245	0.0632243	0.142492	0.0842705	0.0228494	0.006252	0.00883233
94	0.202637	0.0375605	0.000497816	0.00216274	0.0353914	0.0685981	0.000971273	0.155413	0.00071298	0.0573658	0.0290933	0.00323448	0.0130018	0.00267318	0.000968186	0.0766367	0.0690684	0.236301	0.00375628	0.00395558
95	0.00971225	0.00609277	0.00104644	0.00208295	0.0402844	0.00462819	0.000788319	0.412311	0.00117051	0.146753	0.0390349	0.00408397	0.00133989	0.00151348	0.0012062	0.00708873	0.0329034	0.276077	0.000990256	0.0108926
96	0.00534562	0.00129652	0.00144588	0.0021015	0.0405765	0.00506039	0.000288755	0.444498	0.00112314	0.148216	0.0519405	0.00637852	0.000915564	0.00125717	0.000954206	0.00648085	0.0373037	0.230209	0.000816657	0.0137914
97	0.288696	0.0288639	0.00220152	0.003119	0.0265933	0.0717606	0.00255783	0.0231257	0.00439359	0.03369	0.0458361	0.0239598	0.0183382	0.00460374	0.00322832	0.237537	0.115199	0.0474235	0.00625528	0.0126177
98	0.0203122	0.0175432	0.00141092	0.00474686	0.269549	0.00527284	0.03144	0.0291538	0.00345668	0.0560626	0.0106597	0.017181	0.00392164	0.0109072	0.00436743	0.0284055	0.0150649	0.0192144	0.0834498	0.367881
99	0.213847	0.04204	0.000421205	0.00173563	0.035955	0.0795824	0.000757921	0.154654	0.000595962	0.0468879	0.0251788	0.00262787	0.0114021	0.00197029	0.000699511	0.0901113	0.0572209	0.229085	0.00312631	0.00210146
100	0.0296083	0.0215387	0.000338122	0.000580248	0.112488	0.0176472	0.00109571	0.157797	0.00199824	0.396107	0.0861118	0.00297747	0.00443116	0.0057062	0.00147028	0.0145947	0.0302585	0.1016	0.00412706	0.00952411
101	0.0171253	0.0113685	0.0014395	0.00721653	0.31995	0.00680228	0.0310428	0.0448925	0.00596766	0.0793484	0.0201841	0.0146686	0.00246152	0.00853884	0.00320788	0.0206069	0.0128297	0.0554475	0.0283937	0.308508
102	0.0157036	0.0137084	0.00158763	0.00505096	0.285898	0.00346533	0.0329934	0.0288738	0.00324559	0.0722335	0.0120769	0.0168443	0.00353983	0.0108415	0.00428013	0.0308991	0.016487	0.0221705	0.0249211	0.395179
103	0.010392	0.00867406	0.000421985	0.000734916	0.190479	0.00483613	0.000610066	0.0595369	0.00109677	0.548461	0.0958484	0.00245602	0.00147656	0.00347911	0.00252403	0.00671472	0.0227764	0.0192777	0.00529028	0.0149146
104	0.0545689	0.113064	0.020916	0.00516148	0.207924	0.0431369	0.00430572	0.0697621	0.00451752	0.098892	0.0242185	0.0248446	0.00938513	0.00619351	0.00610693	0.0907572	0.0271404	0.141048	0.0066327	0.0414237
105	0.0717156	0.00911008	0.0336601	0.0066384	0.0100714	0.0190905	0.169321	0.0732775	0.00809979	0.019668	0.00861037	0.261376	0.0060656	0.121322	0.00934907	0.0831861	0.0541992	0.0168273	0.00520587	0.0132061
106	0.0900851	0.0982526	0.0065722	0.00710549	0.0443477	0.033673	0.00961507	0.0352093	0.0105942	0.0724556	0.0604162	0.034562	0.0105997	0.0182174	0.0123249	0.226637	0.119077	0.0485392	0.0100299	0.0516868
107	0.025826	0.0107735	0.00170197	0.00365665	0.287116	0.0077634	0.00467474	0.072319	0.00353672	0.349558	0.050962	0.0135542	0.00233201	0.00485956	0.00419751	0.0117386	0.0187011	0.0574521	0.0203505	0.0489261
108	0.128188	0.0101593	0.00231294	0.0015406	0.00449499	0.0121929	0.0031284	0.00926483	0.0202697	0.00568949	0.00475827	0.0436891	0.0417801	0.00818265	0.00674406	0.539974	0.139443	0.0124414	0.0027099	0.00303618
109	0.0329567	0.00189467	0.117524	0.0341896	0.00248184	0.0795789	0.0212365	0.00529756	0.0324983	0.0118482	0.00430577	0.142838	0.00155493	0.0228414	0.0332441	0.330473	0.111316	0.0101803	0.00120095	0.00253968
110	0.131304	0.00562208	0.0147152	0.0207364	0.0075309	0.0173894	0.00571494	0.0111201	0.0227429	0.0203276	0.00370654	0.0369309	0.374408	0.0117388	0.0194574	0.161658	0.0901845	0.0406245	0.00152297	0.00256387
111	0.137361	0.0259301	0.00430657	0.00711396	0.0159474	0.0276921	0.0206905	0.0547714	0.00978435	0.0510013	0.0216401	0.0246143	0.0479134	0.0108524	0.00454222	0.270984	0.153305	0.0988766	0.00449422	0.00817914
112	0.0629218	0.00611216	0.0533213	0.138722	0.0104513	0.00643027	0.00849522	0.0233286	0.132278	0.0165267	0.00690614	0.0413487	0.00788685	0.164858	0.0341353	0.0941474	0.124189	0.0591326	0.00141522	0.0073933
113	0.0306815	0.0153039	0.00245148	0.00553319	0.276021	0.00710768	0.0316589	0.0416312	0.00386726	0.0590847	0.0144679	0.0170032	0.00398533	0.0115344	0.00446258	0.0375414	0.0197335	0.0281128	0.0270922	0.362726
114	0.0143711	0.0140747	0.00130763	0.00488629	0.290517	0.00254596	0.0374591	0.0268977	0.00238706	0.0504361	0.00981839	0.0180691	0.00358579	0.0119381	0.00435908	0.0304868	0.0163624	0.0146307	0.0264662	0.419401
115	0.0183738	0.0169264	0.00177813	0.00494993	0.29338	0.00576979	0.0288397	0.0320254	0.0038798	0.0631682	0.0119166	0.0198484	0.00362648	0.00999524	0.00436024	0.02416	0.0138779	0.0286256	0.094834	0.319665
116	0.0148294	0.0139763	0.00122713	0.00498094	0.293495	0.00290662	0.0376447	0.0277497	0.00263173	0.0518418	0.010384	0.0177037	0.00346515	0.0113821	0.0041452	0.0296476	0.0157573	0.0172053	0.0278461	0.41118
117	0.0117321	0.0318772	0.0249144	0.0113042	0.0221421	0.00471809	0.09321	0.0255234	0.157902	0.0133783	0.0139096	0.0294186	0.0152409	0.0878378	0.260018	0.0701163	0.0286892	0.02147	0.0290158	0.047582
118	0.061013	0.00615786	0.0530613	0.144145	0.0102022	0.00624222	0.00871177	0.0222455	0.133868	0.0158074	0.00685853	0.0419148	0.00747717	0.163772	0.0328523	0.092035	0.125712	0.0595778	0.00147833	0.00686762
119	0.238095	0.0399857	0.00178082	0.00370464	0.00591369	0.0502886	0.00252239	0.00970351	0.00338443	0.0264957	0.0058671	0.00636655	0.00461087	0.00579461	0.002817	0.0686063	0.370205	0.144848	0.00528035	0.00372943
120	0.015404	0.0107478	0.0025415	0.00355684	0.0485332	0.00866575	0.00299392	0.259883	0.0064422	0.294734	0.0855106	0.0184928	0.0049015	0.00898803	0.00394087	0.0202369	0.0332821	0.150245	0.0044224	0.0164775
121	0.0188776	0.00182588	0.291817	0.107201	0.00271117	0.00994717	0.0244201	0.00395624	0.136128	0.00903738	0.0168347	0.186434	0.0096427	0.0840087	0.0284947	0.0217307	0.026157	0.00970608	0.00581567	0.00525396
122	0.207225	0.0393567	0.000520096	0.00173846	0.0348976	0.0728889	0.000777403	0.181694	0.000854249	0.0466868	0.0230473	0.00270385	0.0113244	0.0022984	0.000911764	0.0765419	0.0620951	0.228538	0.00312787	0.00277195
123	0.126474	0.0105593	0.00214848	0.0013566	0.00442456	0.0124269	0.00313859	0.00921557	0.0203155	0.00535144	0.00446023	0.0434638	0.0403801	0.00824025	0.00646341	0.543374	0.140002	0.0124527	0.00266377	0.00308914
124	0.116872	0.0118835	0.0327725	0.0178856	0.0126431	0.0493965	0.0103559	0.00884569	0.0284419	0.0137198	0.00320214	0.0624086	0.26337	0.0137472	0.00923683	0.191705	0.103547	0.0435123	0.00149885	0.00495522
125	0.0329582	0.00190043	0.117675	0.034174	0.00248233	0.0794437	0.0212646	0.0052946	0.0324762	0.0117928	0.0042644	0.14291	0.00155469	0.0228366	0.0331786	0.330643	0.111251	0.0101821	0.00117928	0.00253847
126	0.00615423	0.00244595	0.00141369	0.00193737	0.0405395	0.00593562	0.000369984	0.427818	0.00119876	0.164643	0.06068	0.00548844	0.00110995	0.00165306	0.000942104	0.00650027	0.0351672	0.221417	0.00101748	0.0135684
127	0.0660176	0.00727607	0.246579	0.279506	0.00291662	0.0350189	0.00146844	0.00360403	0.021562	0.023933	0.00323328	0.0860232	0.00793251	0.0501783	0.00428674	0.0796187	0.0504086	0.0270567	0.00135353	0.00202676
128	0.153842	0.0305557	0.00186414	0.0128295	0.046859	0.022449	0.00348101	0.0866707	0.00289794	0.113565	0.0482242	0.00578565	0.00514218	0.00526816	0.00546794	0.0244578	0.124866	0.239627	0.016216	0.0499326
129	0.0589178	0.0318174	0.000200333	0.000341546	0.0891529	0.0315955	0.00152783	0.202782	0.000765195	0.277828	0.0494316	0.000912254	0.00782977	0.00128163	0.000911039	0.0219787	0.0447638	0.169785	0.0012784	0.00689881
130	0.230359	0.0547143	0.0027222	0.00200593	0.0102191	0.0740341	0.00335869	0.0112997	0.006636	0.0190216	0.00937211	0.0266005	0.0270744	0.00448214	0.00245691	0.343591	0.116445	0.0403828	0.00651801	0.00870616
131	0.0407224	0.0596042	0.00188432	0.00192606	0.0949059	0.0141581	0.00164822	0.0880212	0.00358747	0.342011	0.105606	0.00795503	0.00298737	0.00578311	0.00612661	0.0673168	0.0488323	0.0901494	0.00888302	0.00789189
132	0.0629142	0.0319007	0.000216159	0.000357644	0.0948829	0.0314856	0.00148611	0.198197	0.000691663	0.278086	0.0494441	0.000831107	0.00725413	0.00131086	0.001034	0.0218235	0.0463675	0.164318	0.00118483	0.00621367
133	0.200186	0.0542425	0.00141527	0.00639387	0.0759501	0.0745633	0.00116601	0.11754	0.00151984	0.0948556	0.028851	0.00345367	0.00823048	0.00247075	0.00390591	0.0818463	0.0520357	0.179804	0.00712076	0.00444987
134	0.366109	0.0459524	0.000479647	0.000777932	0.00943776	0.113902	0.000566411	0.012684	0.0057853	0.0205564	0.00367767	0.0140631	0.00520555	0.00268416	0.000703241	0.241659	0.0886402	0.052586	0.00885901	0.00567122
135	0.037781	0.0108513	0.0528056	0.207701	0.0317935	0.0244868	0.0235798	0.0341701	0.0535908	0.0489508	0.0239562	0.033512	0.0079264	0.129063	0.0361085	0.0370915	0.0442724	0.0329856	0.0930883	0.0362852
136	0.213914	0.040695	0.000294147	0.00170607	0.0389919	0.0829828	0.000494178	0.156503	0.000456617	0.0481388	0.0234227	0.00257701	0.0120755	0.00167566	0.000506716	0.0790912	0.0576512	0.23336	0.00323354	0.00223024
137	0.0115259	0.00565544	0.00103405	0.0025435	0.0507803	0.00606361	0.000410393	0.390015	0.00163423	0.187374	0.0449001	0.00388987	0.00236131	0.00151501	0.000921445	0.0105211	0.0384978	0.227452	0.00124248	0.0116616
138	0.0495267	0.0518671	0.000894487	0.00178471	0.0314497	0.00742289	0.0012992	0.14341	0.00167541	0.200711	0.0530659	0.0136692	0.00343307	0.00848229	0.00200186	0.0857718	0.130547	0.201541	0.00771625	0.00373142
139	0.0589697	0.0407011	0.00247676	0.00481923	0.227697	0.0175049	0.0195811	0.0347307	0.00595067	0.0598601	0.0104486	0.0147731	0.00810192	0.0114384	0.00642033	0.0356287	0.0188978	0.0170402	0.0955121	0.309447
140	0.0600237	0.0330597	0.000185602	0.000376299	0.0952101	0.0301211	0.00151859	0.201035	0.000782485	0.278392	0.0503806	0.000838764	0.00747262	0.00144356	0.00103045	0.0213925	0.0452912	0.164016	0.00123948	0.00619003
141	0.00563774	0.00122935	0.00144808	0.00220149	0.0421982	0.00468154	0.00037264	0.440147	0.00126608	0.148913	0.0498511	0.00515655	0.00100426	0.00123848	0.000955988	0.00648071	0.0378549	0.233478	0.000867409	0.0150178
142	0.0653532	0.00764427	0.0584131	0.136976	0.00999335	0.00713066	0.00774141	0.0208278	0.143698	0.0155412	0.00667251	0.0432427	0.00715321	0.164048	0.0313727	0.0925312	0.118413	0.0547173	0.00155121	0.00697839
143	0.101973	0.0368811	0.00270115	0.00281583	0.015892	0.017383	0.0171903	0.026022	0.0101827	0.0147186	0.00868225	0.023313	0.0360579	0.00662072	0.00455901	0.491165	0.135197	0.0382299	0.00465917	0.00575601
144	0.0716132	0.00699781	0.00179971	0.00570834	0.00544493	0.0103445	0.0107177	0.0420284	0.038471	0.0451005	0.0541757	0.0477389	0.0121643	0.0307353	0.00609625	0.30539	0.237591	0.0570766	0.0046611	0.00614543
145	0.10346	0.0199969	0.00858501	0.0075065	0.00579427	0.551221	0.00739179	0.0125729	0.0107039	0.015169	0.00512045	0.0259529	0.00930529	0.00571861	0.00438235	0.113164	0.052339	0.035519	0.00257445	0.00352197
146	0.0262328	0.00448993	0.00512877	0.00659977	0.0243137	0.00670982	0.0124967	0.01433	0.259359	0.0419454	0.0555302	0.0361731	0.0109397	0.107433	0.26984	0.0340566	0.0342815	0.0298504	0.00890349	0.0113867
147	0.193632	0.0283431	0.00202069	0.0052671	0.0309608	0.0455221	0.00357508	0.153199	0.0072348	0.0555427	0.0427666	0.00683138	0.00982535	0.0197708	0.00444767	0.0584116	0.054529	0.26277	0.00491958	0.0104312
148	0.0116635	0.00999457	0.00109945	0.00184566	0.037558	0.00650886	0.0016504	0.380352	0.00171804	0.117676	0.0581512	0.00546769	0.00154921	0.00348042	0.00116087	0.00784963	0.0303654	0.311925	0.001121	0.00886377
149	0.0183514	0.0128416	0.00145247	0.00390595	0.235569	0.00728891	0.0248052	0.120155	0.00336611	0.110389	0.0259384	0.0134644	0.00342128	0.00842664	0.00384605	0.024007	0.0203418	0.0775906	0.0191062	0.265732
150	0.027435	0.0152621	0.00140851	0.00228234	0.135606	0.00811079	0.00475449	0.314259	0.00221267	0.0510702	0.0295892	0.00557564	0.00260103	0.00413138	0.00196499	0.0101017	0.0253194	0.344449	0.00240538	0.0114619
151	0.143157	0.0607615	0.0101864	0.0102257	0.0127881	0.0460712	0.00471499	0.026396	0.0124114	0.0688271	0.0342549	0.055696	0.0145122	0.0159171	0.0076825	0.263738	0.159559	0.0410518	0.0049796	0.00706964
152	0.334027	0.0385104	0.000977071	0.00142714	0.0117111	0.0878851	0.0015626	0.0293356	0.00497647	0.0239998	0.0119791	0.0129634	0.00700571	0.00346159	0.0011172	0.23835	0.105435	0.0720049	0.00734198	0.00592864
153	0.0346595	0.0279048	0.000743406	0.00136435	0.0582802	0.013643	0.0012284	0.207603	0.00185479	0.241469	0.0582148	0.00925729	0.00441568	0.0035455	0.0014875	0.0467139	0.112673	0.164319	0.00422464	0.006398
154	0.0107755	0.00777074	0.000466634	0.000815381	0.232796	0.00456956	0.000667081	0.0605378	0.00122474	0.50295	0.0853762	0.00308246	0.00154849	0.00328185	0.0023838	0.00597128	0.0208153	0.0283036	0.00582321	0.02084
155	0.0883392	0.00854229	0.0175271	0.0138165	0.010218	0.0225089	0.00572285	0.0295285	0.0171599	0.0483512	0.010815	0.0303465	0.394884	0.0170608	0.0126431	0.153743	0.0738072	0.0371374	0.00285301	0.00499519
156	0.0156921	0.0224558	0.00167464	0.00482652	0.292421	0.00408372	0.0339074	0.0289852	0.00311874	0.0596841	0.0112827	0.0192963	0.00404852	0.0116645	0.00431054	0.0308731	0.0162561	0.0184203	0.0274601	0.389538
157	0.0217537	0.00991369	0.000453986	0.000762707	0.0726183	0.0028432	0.000505886	0.244407	0.00491519	0.342187	0.0155475	0.00128249	0.00277009	0.00113615	0.00205916	0.0101188	0.0077139	0.252975	0.00127932	0.00475731
158	0.0482735	0.0251363	0.000353324	0.000531948	0.084558	0.0225502	0.00131424	0.22223	0.00184262	0.284405	0.0448325	0.00150694	0.00629827	0.00148342	0.00125411	0.0188143	0.0356876	0.189838	0.00169226	0.00739679
159	0.0256038	0.0142468	0.000500577	0.00112127	0.0613601	0.0113519	0.00104804	0.258576	0.00297557	0.30211	0.0595476	0.00336441	0.00356857	0.0032986	0.00169288	0.0140689	0.0252251	0.198653	0.00247124	0.0092158
160	0.06032	0.0191276	0.000926368	0.00200071	0.110202	0.0176176	0.0014711	0.236839	0.00173974	0.212701	0.0427641	0.00297716	0.00516597	0.00205848	0.00337473	0.0164555	0.0761104	0.177213	0.0019014	0.00903414
161	0.209555	0.0426399	0.000343946	0.0019489	0.038386	0.0810677	0.000908259	0.163178	0.000663598	0.0518271	0.0241108	0.00284865	0.0119241	0.00188195	0.000772874	0.0774647	0.0570705	0.227743	0.00318812	0.00247643
162	0.0144148	0.00888739	0.000891916	0.00209347	0.290811	0.00537932	0.0100039	0.058079	0.00226897	0.336663	0.0513095	0.0079817	0.00203645	0.0046832	0.00287267	0.0110885	0.0169247	0.044351	0.0127902	0.11647
163	0.0147852	0.00956154	0.000410825	0.000706784	0.219111	0.00596963	0.000794996	0.0686288	0.00130347	0.495858	0.0849569	0.00292342	0.00183515	0.00313426	0.00229053	0.00703573	0.0222842	0.0334793	0.00558448	0.0193452
164	0.0188336	0.0220734	0.000489173	0.00114234	0.0320529	0.00862695	0.00392731	0.380066	0.000825291	0.0387374	0.0211692	0.00473279	0.001633	0.00360309	0.000838806	0.00704787	0.0259328	0.425558	0.00128082	0.00142982
165	0.0238878	0.00442145	0.0163833	0.0944258	0.0107349	0.0278866	0.0403343	0.0175671	0.0812735	0.0304939	0.0232037	0.0452495	0.0105734	0.126234	0.319733	0.029196	0.0479086	0.0237346	0.00713514	0.0196235
166	0.189161	0.0264636	0.00440591	0.00305273	0.00487243	0.465072	0.00510881	0.00713487	0.00844479	0.0134614	0.00239629	0.017069	0.0038846	0.00436042	0.0029723	0.145773	0.0591903	0.0297571	0.00443226	0.00298697
167	0.0185259	0.0152398	0.000525561	0.000670405	0.0711285	0.0133453	0.00116597	0.188958	0.0061569	0.378067	0.108152	0.00481071	0.00326477	0.00642599	0.00174187	0.014099	0.0186514	0.135274	0.00391575	0.00988116
168	0.0851676	0.0565048	0.00258877	0.00485693	0.0531445	0.0202533	0.00418596	0.0641915	0.00850348	0.17799	0.0755863	0.0245318	0.00551367	0.014041	0.00831662	0.142123	0.162447	0.0728568	0.00742319	0.0097749
169	0.0654387	0.0173597	0.0112933	0.00697374	0.00481026	0.610942	0.00949516	0.00593512	0.0144268	0.00994528	0.00401934	0.0248826	0.00641074	0.00675481	0.00758432	0.131701	0.0403937	0.0165583	0.00246863	0.002606
170	0.0197163	0.00813073	0.000491905	0.000918323	0.0648808	0.00285891	0.000472444	0.280522	0.00415799	0.318412	0.0188035	0.00162296	0.002705	0.00111157	0.00210825	0.00943698	0.0104081	0.246612	0.00123024	0.00539958
171	0.1998	0.00519402	0.00328986	0.0204489	0.00624803	0.0055891	0.00305075	0.115065	0.183176	0.090774	0.0473188	0.00618627	0.00294943	0.0363202	0.0802189	0.0269638	0.0571276	0.0860255	0.0191303	0.00512445
172	0.0147308	0.0140399	0.00139278	0.00529067	0.287044	0.00239279	0.0380607	0.0261972	0.00244298	0.0495118	0.00965541	0.0182132	0.00379084	0.0130117	0.00498852	0.0309823	0.0171452	0.0136117	0.0257758	0.421722
173	0.010349	0.0088538	0.000430018	0.000716047	0.187175	0.00484514	0.00060742	0.0612079	0.00118791	0.548869	0.0955469	0.00248774	0.00149675	0.00352752	0.00247585	0.00703953	0.0225261	0.0204225	0.00543981	0.0147968
174	0.0317859	0.014816	0.00108808	0.00193334	0.216858	0.0138271	0.00568983	0.162291	0.00231359	0.243594	0.0405157	0.00589357	0.00385119	0.00217828	0.00205268	0.0141182	0.0313734	0.142987	0.00683888	0.0559944
175	0.0370041	0.0102775	0.0349126	0.0302829	0.0189385	0.00342705	0.0141942	0.0331477	0.101129	0.0841061	0.0449573	0.0364875	0.00684481	0.11595	0.112991	0.0523482	0.11296	0.0997356	0.00486027	0.0454464
176	0.0949875	0.0118131	0.0190532	0.0201534	0.0210476	0.0318638	0.00615443	0.0780754	0.0177891	0.061672	0.0201072	0.0267482	0.314771	0.0552771	0.0112849	0.0637022	0.049146	0.082858	0.00500762	0.00848826
177	0.0233795	0.002273	0.294666	0.120971	0.00234762	0.00872278	0.0193036	0.00338261	0.138344	0.00984036	0.0128927	0.168283	0.00793699	0.0842526	0.0327253	0.0235249	0.0280464	0.00917592	0.00549695	0.0044348
178	0.0459209	0.00522551	0.0396319	0.0790978	0.0182443	0.00439535	0.0180528	0.0638299	0.0989434	0.0881545	0.0396485	0.0299693	0.00581568	0.107151	0.075771	0.0447204	0.12312	0.0862049	0.00333464	0.0227677
179	0.0131152	0.0151021	0.000644325	0.000744668	0.0744802	0.00686799	0.00119383	0.136828	0.00369554	0.456284	0.124492	0.00540691	0.00256459	0.00842229	0.00221571	0.0148159	0.0214553	0.0897512	0.0100638	0.011857
180	0.100044	0.00914047	0.00247354	0.00704993	0.0649495	0.0500153	0.00335397	0.0287406	0.09146	0.132391	0.0299894	0.0103186	0.00391376	0.0679614	0.0443777	0.198866	0.0870212	0.0141146	0.0100024	0.0438175
181	0.0215044	0.00208914	0.294991	0.114036	0.00246718	0.00925614	0.0211306	0.00350968	0.133146	0.00955483	0.0136213	0.183335	0.00819044	0.0812757	0.0286452	0.0248758	0.0279655	0.0104934	0.0052168	0.00469639
182	0.147463	0.027849	0.00449253	0.00435969	0.0664	0.0301982	0.00310794	0.101427	0.00490928	0.14904	0.0510747	0.00748679	0.11268	0.00885663	0.00589677	0.0452468	0.0750963	0.133155	0.00777987	0.0134804
183	0.0511311	0.00698641	0.0373761	0.0461924	0.0142354	0.0035536	0.0154859	0.0368086	0.109869	0.0715619	0.0354602	0.0405891	0.00810729	0.139284	0.090082	0.0594849	0.112131	0.0836165	0.00394376	0.0341005
184	0.0510921	0.0244425	0.0101194	0.015889	0.136744	0.0337436	0.0183326	0.0465805	0.0217809	0.0923673	0.0257425	0.0209115	0.0121455	0.022629	0.0208775	0.0513136	0.0404698	0.0534314	0.187979	0.113409
185	0.0379106	0.0118928	0.00806303	0.0136438	0.0182469	0.00771422	0.00465439	0.113853	0.0655552	0.251806	0.138852	0.0145371	0.00437849	0.0311486	0.045757	0.0396749	0.0398206	0.132542	0.00678923	0.0131604
186	0.0615042	0.00684496	0.254145	0.277087	0.00303816	0.0326037	0.00212549	0.00372735	0.0228974	0.0244638	0.00375118	0.0846369	0.00750064	0.0539127	0.00490788	0.0773368	0.0499068	0.0255982	0.00176592	0.00224621
187	0.267088	0.0365839	0.00921963	0.0110948	0.022785	0.0836975	0.00348041	0.0453662	0.011533	0.0425303	0.0154724	0.0190071	0.0229959	0.0110328	0.00820701	0.185739	0.0999385	0.0858633	0.00778805	0.0105768
188	0.1708	0.0297555	0.00427718	0.00666832	0.0285583	0.269758	0.0045639	0.0672877	0.00988675	0.0830459	0.0178756	0.0132235	0.00970347	0.00765466	0.00793408	0.0844614	0.0532756	0.116871	0.00817665	0.00622213
189	0.283134	0.0391401	0.000588673	0.00210671	0.0234628	0.095872	0.00090673	0.0846108	0.00294706	0.0348285	0.0149261	0.00759463	0.00851263	0.00271601	0.00107914	0.136395	0.102706	0.148928	0.00532133	0.00422254
190	0.0384641	0.0123754	0.0351417	0.0685321	0.0256364	0.0223563	0.0890339	0.0353022	0.0691763	0.0510135	0.0242085	0.060389	0.0120684	0.160587	0.0925869	0.0579804	0.0567799	0.032462	0.0115067	0.0443993
191	0.0169898	0.0141832	0.000824993	0.00187232	0.0365082	0.00685726	0.00226481	0.379259	0.0012099	0.0796465	0.041825	0.00456289	0.00154984	0.00347065	0.00102171	0.00722685	0.0296046	0.363179	0.00116247	0.00678053
192	0.0133353	0.0100585	0.000668777	0.000903365	0.221819	0.00579096	0.000907561	0.0746209	0.0016257	0.479508	0.0782497	0.00341571	0.00189876	0.00336049	0.00242728	0.00797458	0.0213644	0.0433085	0.00588703	0.0228749
