236	20
1	0.0183562	0.0102249	0.00319573	0.0392944	0.00694241	0.00913022	0.0311644	0.0259934	0.157243	0.0536839	0.0253368	0.0330209	0.000501126	0.137672	0.388432	0.0130953	0.0142795	0.00818957	0.0199628	0.00428204
2	0.139612	0.0015783	0.00326615	0.0070963	0.00320379	0.022732	0.0130612	0.01739	0.00391138	0.00821312	0.00345819	0.00429013	0.677953	0.00505104	0.00531721	0.0470731	0.0100382	0.0223722	0.00114818	0.00323479
3	0.0405078	0.00137544	0.00523566	0.00448541	0.0836517	0.00385745	0.00667277	0.189954	0.0113362	0.205815	0.0493353	0.00195294	0.00814688	0.0138531	0.00659763	0.0168556	0.0269687	0.290852	0.00248706	0.0300595
4	0.0270682	0.00528644	0.00481637	0.00184306	0.00331135	0.00148493	0.000928374	0.361943	0.00721325	0.198283	0.0363863	0.00417052	0.00170586	0.0148828	0.00495067	0.0189966	0.0256471	0.277481	0.000332213	0.00326952
5	0.185098	0.00881046	0.0103408	0.00869199	0.0248772	0.0377771	0.00319721	0.100102	0.0128538	0.0749625	0.0169867	0.00924025	0.0132651	0.0291818	0.0108314	0.116056	0.0901315	0.236657	0.0006126	0.0103267
6	0.0739239	0.00182206	0.00847297	0.00529601	0.0340708	0.00612264	0.00353003	0.192915	0.0180447	0.0700792	0.0264357	0.00123626	0.00559996	0.0231406	0.0112408	0.0216056	0.0443079	0.438915	0.000414746	0.0128254
7	0.00760383	0.00162288	0.00349025	0.00718481	0.093736	0.00357098	0.0146541	0.00305907	0.0052652	0.00728957	0.0151701	0.0143414	0.00234674	0.00745869	0.0172839	0.0199201	0.00523065	0.00473066	0.733494	0.0325473
8	0.0520508	0.00235116	0.112382	0.0692814	0.0102513	0.105369	0.0561419	0.00458816	0.0513042	0.0215122	0.0108497	0.172528	0.0431596	0.0603245	0.055027	0.108945	0.0301814	0.0116579	0.00641217	0.0156823
9	0.042371	0.000519069	0.00307453	0.00629228	0.0229519	0.00445117	0.0055679	0.252428	0.0121925	0.0401599	0.02641	0.000935505	0.00405023	0.0080582	0.00320555	0.00688154	0.0275018	0.528679	0.000312053	0.00395755
10	0.025823	0.00291532	0.166185	0.0485058	0.0042443	0.053657	0.0424701	0.00363938	0.0303955	0.0305825	0.00514294	0.164344	0.137959	0.0408146	0.0529614	0.131655	0.0356156	0.00566194	0.00682544	0.0106018
11	0.0273272	0.000855108	0.0177383	0.0319297	0.0101266	0.00177862	0.00279292	0.0182142	0.00225471	0.0119303	0.00200845	0.0152319	0.00144154	0.0030092	0.0119267	0.243858	0.588259	0.00266121	0.000892804	0.00576361
12	0.0174995	0.00784448	0.00168683	0.02435	0.00500513	0.00529917	0.0329124	0.0205585	0.16029	0.0358927	0.0161371	0.0334781	0.000718958	0.11367	0.460367	0.0137966	0.0091954	0.00561447	0.0289269	0.00675678
13	0.0069353	0.000434125	0.002865	0.00137077	0.283811	0.00436763	0.0732594	0.00202882	0.0140068	0.0308151	0.00807168	0.00829317	0.00990355	0.00202163	0.0228231	0.0232314	0.0125159	0.00252727	0.0195469	0.471171
14	0.0137546	0.000774163	0.132862	0.0517113	0.00164567	0.16289	0.0847455	0.00149478	0.0500203	0.00687413	0.00182804	0.218006	0.0499911	0.0638706	0.0471055	0.0817907	0.0079246	0.00297557	0.00984368	0.00989106
15	0.03875	0.000533003	0.00260514	0.00587565	0.022733	0.0035945	0.00545807	0.252014	0.0117221	0.0400922	0.0262835	0.000887367	0.004158	0.00788424	0.00274249	0.00560006	0.0278581	0.537255	0.000305336	0.00364834
16	0.0378616	0.00843809	0.0898334	0.065282	0.00964594	0.0301355	0.0531688	0.00384717	0.0357134	0.0221907	0.0136986	0.0940739	0.0984804	0.043598	0.0709781	0.187559	0.118076	0.00390425	0.00694554	0.00657026
17	0.0154784	0.00041649	0.000946799	0.00131891	0.0860353	0.000862799	0.00129703	0.129116	0.00226082	0.539125	0.111616	0.00127901	0.0177298	0.00482046	0.0012579	0.0133533	0.0126276	0.0559693	0.000420929	0.00406881
18	0.0230994	0.00281682	0.170113	0.0471169	0.00402399	0.0451673	0.0381341	0.00263081	0.0323065	0.0158598	0.0044812	0.185716	0.111818	0.0476922	0.0374854	0.162197	0.0503116	0.00350857	0.00678289	0.00873908
19	0.109685	0.00284908	0.0190282	0.00572828	0.0239019	0.00972038	0.00149643	0.154924	0.0271032	0.113852	0.0380442	0.00228396	0.00935308	0.0456881	0.020746	0.0458793	0.0587613	0.291479	0.000382997	0.0190934
20	0.0037448	0.000421713	0.00393588	0.00134585	0.353479	0.00230584	0.0346677	0.0151345	0.0053189	0.0561152	0.0125948	0.00469209	0.00368338	0.00162947	0.013262	0.0217689	0.00764565	0.00870945	0.0130795	0.436465
21	0.013307	0.000925348	0.135446	0.0509662	0.0016396	0.162851	0.0844057	0.00140698	0.0461431	0.00689182	0.00180637	0.218371	0.0520431	0.0624754	0.0451484	0.0844472	0.00878818	0.00294728	0.0101508	0.00983982
22	0.0131459	0.00547748	0.00342407	0.00208736	0.00277877	0.000816014	0.00147099	0.395379	0.00265357	0.184415	0.040573	0.00287949	0.000761086	0.00560199	0.00125625	0.0109355	0.0178382	0.307465	0.000346224	0.000695819
23	0.10301	0.00290683	0.0167202	0.00748362	0.0246989	0.00795102	0.00187234	0.153843	0.0307257	0.113608	0.0322013	0.00259171	0.00800465	0.0477759	0.0255901	0.0440183	0.0604195	0.296394	0.000355926	0.019829
24	0.304979	0.00344392	0.00714358	0.0404256	0.00626333	0.0439012	0.129345	0.0390044	0.00725477	0.0448354	0.00587167	0.00912984	0.0778858	0.0102154	0.00990664	0.134075	0.0744886	0.0437657	0.0021496	0.00591558
25	0.0423083	0.00345862	0.0272601	0.0537573	0.00967768	0.0116768	0.012315	0.0147857	0.0214974	0.0179723	0.00980509	0.0975327	0.012919	0.017869	0.0305219	0.20346	0.368262	0.0135112	0.00339937	0.0280106
26	0.066085	0.00338462	0.04503	0.042998	0.0049333	0.0175995	0.0419384	0.0101777	0.0772892	0.0363219	0.0107768	0.0599192	0.130135	0.0527693	0.0817274	0.17215	0.117904	0.00483673	0.0145838	0.00944001
27	0.0865569	0.00253164	0.0614665	0.125611	0.0166433	0.0398925	0.0356776	0.00863212	0.097664	0.0431482	0.030699	0.0552316	0.00308657	0.106794	0.0968621	0.0932134	0.0582638	0.0245812	0.00107122	0.0123738
28	0.0564026	0.0113598	0.038598	0.062729	0.00768923	0.0018751	0.0222751	0.0713074	0.0491226	0.0479499	0.050193	0.0270873	0.0145938	0.0570784	0.116904	0.0759874	0.171927	0.0982226	0.000584677	0.0181129
29	0.021244	0.000470344	0.0071157	0.00339548	0.00115268	0.833186	0.00339249	0.00104502	0.0218615	0.00213729	0.00105476	0.0361456	0.00100035	0.00202433	0.0189782	0.0250514	0.00777292	0.0112763	0.000531931	0.00116347
30	0.0209716	0.00225295	0.153241	0.0609212	0.00312226	0.0912227	0.0524741	0.00174901	0.0290442	0.0128449	0.00327642	0.177015	0.0958727	0.0607162	0.0423147	0.146218	0.0275116	0.00213917	0.00817051	0.0089219
31	0.0566899	0.00199552	0.0942216	0.122021	0.00962579	0.0363764	0.0397977	0.00596522	0.095252	0.0255357	0.0163736	0.144304	0.0112208	0.082497	0.0863041	0.0902542	0.0508058	0.0140727	0.0020104	0.014677
32	0.0130105	0.00553009	0.00389043	0.00230621	0.00269282	0.000767862	0.00151684	0.398943	0.00278538	0.184835	0.03972	0.00292815	0.000692967	0.00569974	0.00135469	0.0107831	0.0170726	0.304436	0.000346276	0.000688931
33	0.300007	0.0123254	0.00599689	0.0115576	0.0171809	0.0569366	0.00451244	0.0369902	0.00351988	0.0290278	0.00550489	0.0144712	0.0075314	0.0174643	0.00502869	0.166612	0.130263	0.169914	0.00112504	0.00403015
34	0.012281	0.00601294	0.00310712	0.00151127	0.00366033	0.000781889	0.00108963	0.393781	0.00225607	0.209675	0.0417997	0.00307679	0.00107479	0.00595753	0.00153015	0.0122075	0.0183028	0.280753	0.000343323	0.000798507
35	0.0112971	0.00496051	0.00599021	0.0057091	0.301472	0.00568451	0.0382698	0.0300799	0.00984745	0.0881089	0.0193661	0.00842819	0.00669409	0.0072916	0.0184711	0.0254068	0.0157915	0.0249151	0.034849	0.337367
36	0.00478558	0.000470337	0.00370346	0.00153673	0.321852	0.0032571	0.0438235	0.00859758	0.00685887	0.04135	0.0100251	0.00694313	0.0047864	0.00162101	0.0153078	0.0216457	0.00839023	0.00570285	0.0142963	0.475047
37	0.0905895	0.00495292	0.04738	0.11079	0.0111972	0.0253971	0.0368933	0.0170764	0.0878458	0.0424619	0.0294839	0.043468	0.010428	0.0983873	0.115814	0.0819304	0.0818832	0.0398507	0.00161097	0.0225593
38	0.0227186	0.00885691	0.00560432	0.046969	0.00617756	0.0112766	0.0388375	0.0223701	0.153066	0.053776	0.0255349	0.0353978	0.000550905	0.142905	0.361928	0.0170421	0.0150495	0.0109203	0.0170363	0.00398378
39	0.0154328	0.000419322	0.00121994	0.00157331	0.0870499	0.000898622	0.00144588	0.12838	0.00226244	0.536979	0.111347	0.0014669	0.0181723	0.00499626	0.00159312	0.0133628	0.0128272	0.0555688	0.000573148	0.00443135
40	0.0289311	0.00089471	0.00845086	0.00519528	0.00185401	0.795406	0.00526371	0.00249141	0.0228575	0.0043379	0.00192408	0.0373958	0.00272862	0.00483528	0.0206545	0.0296215	0.0103645	0.0139944	0.00105524	0.00174393
41	0.0141136	0.000378424	0.000880587	0.0276105	0.0451818	0.0011292	0.0649373	0.0390134	0.0334228	0.48706	0.0534387	0.0167678	0.00147921	0.0238896	0.042922	0.02459	0.0202767	0.0357576	0.0189755	0.0481756
42	0.00427862	0.000412367	0.00356966	0.00124597	0.333096	0.00260042	0.0394185	0.00901773	0.00648288	0.0422779	0.0101791	0.00560749	0.00454488	0.00160523	0.0146973	0.0203753	0.00833656	0.005572	0.0141394	0.472543
43	0.0882772	0.00229579	0.00745875	0.0103434	0.00373614	0.0177683	0.013585	0.0128651	0.00683209	0.0133602	0.00400588	0.0119377	0.703628	0.0127958	0.0141121	0.0426711	0.00946528	0.0196483	0.00195765	0.00325667
44	0.00695847	0.000467284	0.00267652	0.0017291	0.270798	0.00512869	0.0778639	0.00195246	0.0159864	0.0301634	0.00768128	0.00918985	0.00971504	0.00209123	0.024085	0.0243398	0.01187	0.00255545	0.0214368	0.473312
45	0.00470098	0.000815056	0.00353764	0.00347051	0.368031	0.00211775	0.0269525	0.0640618	0.00385482	0.125563	0.0157455	0.00342912	0.00194829	0.00497362	0.00672578	0.0147532	0.00548916	0.0309538	0.0126328	0.300244
46	0.0304654	0.000296233	0.00169908	0.00744285	0.0199032	0.00293756	0.00708018	0.275207	0.0114099	0.032288	0.0250872	0.000930705	0.00313527	0.00416017	0.00106233	0.00181879	0.0223133	0.550634	0.0003107	0.0018177
47	0.0290243	0.00127437	0.01862	0.0145071	0.0682856	0.0378958	0.292836	0.00307983	0.00367226	0.0106704	0.00331188	0.227064	0.00339028	0.0365192	0.0148959	0.0670454	0.00490461	0.00410117	0.00230712	0.156595
48	0.0271241	0.000734132	0.0126776	0.014681	0.00267763	0.733801	0.00852899	0.0020412	0.036206	0.00655169	0.00350282	0.0375002	0.00317322	0.0136341	0.0278049	0.0356538	0.0174753	0.0126564	0.00112462	0.00245094
49	0.0287315	0.000653115	0.00712704	0.00381389	0.0013783	0.820735	0.00384296	0.00116183	0.021708	0.00239864	0.00121758	0.0355814	0.00112202	0.00252281	0.0189478	0.0267316	0.00827383	0.0122357	0.000622085	0.00119474
50	0.0107273	0.00656269	0.00322035	0.00118512	0.000936323	0.000641434	0.000925392	0.406381	0.00176629	0.213118	0.0392719	0.00327452	0.000482033	0.00605343	0.00149635	0.012667	0.0173229	0.272949	0.000355315	0.000663582
51	0.0890828	0.00167616	0.00701653	0.00971282	0.00385595	0.0179559	0.0141528	0.0151524	0.00534161	0.0147124	0.00469561	0.0100381	0.705115	0.0131123	0.0143848	0.0416578	0.00804681	0.0194309	0.00173417	0.00312489
52	0.0519721	0.00979228	0.0371661	0.0814917	0.0148443	0.0245702	0.0457596	0.0214963	0.0855466	0.0546275	0.0259633	0.0507849	0.0186638	0.154706	0.153384	0.0615767	0.0412343	0.0350756	0.0157935	0.015552
53	0.0735735	0.00248622	0.0423936	0.0977718	0.0169955	0.0314833	0.0399981	0.0181085	0.0910097	0.120653	0.033422	0.0518826	0.00493068	0.0936834	0.104485	0.0740965	0.0476361	0.0353256	0.00390104	0.016164
54	0.244368	0.0231914	0.0059851	0.0178578	0.0211268	0.0880989	0.0039557	0.0424131	0.00250027	0.03235	0.00352412	0.0187566	0.00711405	0.0285629	0.00502797	0.175935	0.116569	0.15674	0.00100979	0.00491394
55	0.0225422	0.00216831	0.158821	0.0494645	0.00285352	0.0687251	0.051866	0.0019279	0.0356566	0.0154025	0.00361537	0.184015	0.101013	0.0428519	0.0449909	0.154286	0.0340943	0.00297291	0.00772713	0.0150061
56	0.0681364	0.00185731	0.00909074	0.00499662	0.0425082	0.00542258	0.00195338	0.159243	0.0213475	0.265569	0.0563235	0.00241657	0.013962	0.0275381	0.0131861	0.029577	0.0375404	0.226475	0.000534701	0.012322
57	0.552822	0.00300699	0.00760172	0.0035273	0.00823718	0.189985	0.00324214	0.00306272	0.0023821	0.00425468	0.00243987	0.00352451	0.00212647	0.00414296	0.00518932	0.11675	0.0257487	0.0570923	0.0010526	0.00381146
58	0.0267063	0.00135027	0.00206986	0.00628574	0.0157656	0.00239571	0.00511382	0.301895	0.00920137	0.0584472	0.0279929	0.00125553	0.00252096	0.00424699	0.000976807	0.00360714	0.0214307	0.506968	0.000337406	0.00143267
59	0.0108182	0.0064923	0.00319283	0.00120399	0.000994526	0.000652357	0.000950978	0.405277	0.00186014	0.212111	0.039061	0.00326237	0.000511553	0.00612256	0.00150612	0.0126659	0.0172843	0.275012	0.000354924	0.000666352
60	0.0684451	0.00655157	0.136865	0.117724	0.0106189	0.0326597	0.0374339	0.00971962	0.0731217	0.0334765	0.0185551	0.081696	0.019505	0.0832701	0.0961065	0.0907181	0.0463249	0.0206456	0.0040545	0.0125085
61	0.00628456	0.00127213	0.00333549	0.00425778	0.0962594	0.00323722	0.013773	0.00302885	0.00432129	0.00821994	0.0163623	0.0134167	0.00223362	0.00620929	0.0154322	0.0190983	0.00513561	0.00454386	0.740036	0.0335425
62	0.0951533	0.0055118	0.0447872	0.332997	0.011014	0.0214459	0.0282005	0.0196746	0.0520305	0.0318506	0.0236433	0.0330636	0.00976468	0.0734493	0.0601948	0.0623915	0.0387548	0.0422687	0.0031948	0.0106088
63	0.0880148	0.00258509	0.0626531	0.133435	0.0180541	0.0393295	0.0365544	0.00837353	0.095266	0.0416895	0.0302298	0.0553022	0.00313355	0.103346	0.093517	0.0927493	0.056855	0.0240376	0.00112323	0.0137506
64	0.00632783	0.00136356	0.00300905	0.00427515	0.0951579	0.00315219	0.0137043	0.00278086	0.00412307	0.00617866	0.014237	0.0144992	0.00289841	0.00545648	0.0163353	0.0203858	0.00495845	0.0045122	0.743972	0.0326727
65	0.0229651	0.0119996	0.0046472	0.040582	0.00679286	0.00932385	0.0335087	0.0227723	0.14792	0.0517892	0.0227132	0.0324541	0.00142164	0.12739	0.394151	0.0173333	0.0147729	0.00947574	0.020205	0.00778214
66	0.0841661	0.00166666	0.0086147	0.0100386	0.00339922	0.0171918	0.0146178	0.0122762	0.00595894	0.0124967	0.0035801	0.0125079	0.710314	0.0139217	0.0144333	0.0437566	0.00787814	0.0180535	0.00157977	0.00354847
67	0.077599	0.00297421	0.0128175	0.00912715	0.0179666	0.00624226	0.0026419	0.207932	0.0345176	0.142893	0.03003	0.00434255	0.0064579	0.0440045	0.0224151	0.0352359	0.0440792	0.283734	0.000617755	0.0143727
68	0.00578178	0.00141417	0.00277491	0.00442516	0.0997779	0.00284481	0.0146326	0.00280003	0.00359523	0.00827749	0.0139867	0.0134113	0.00237405	0.0052304	0.014599	0.0193842	0.00480561	0.00457891	0.731212	0.044094
69	0.101005	0.00130328	0.0403315	0.125205	0.00313164	0.00235401	0.004124	0.167647	0.0560547	0.0331983	0.0430494	0.0155594	0.00205593	0.0121711	0.0173672	0.0581232	0.00538974	0.307449	0.00165835	0.00282222
70	0.0258297	0.014616	0.0109322	0.046052	0.0129008	0.017306	0.0305656	0.0214057	0.135255	0.0532314	0.0228493	0.0395706	0.00616508	0.123235	0.335941	0.0290996	0.0387708	0.00995487	0.0202575	0.00606285
71	0.0301859	0.00418591	0.191241	0.0702451	0.00758731	0.0591809	0.0444947	0.00454038	0.0371558	0.0187528	0.00816279	0.217557	0.0486231	0.0558523	0.0428284	0.0969172	0.0328119	0.0100838	0.00604278	0.0135504
72	0.0682034	0.00384175	0.0506142	0.0462958	0.00477343	0.0155956	0.0361506	0.00543179	0.0693827	0.0305597	0.0152722	0.0682837	0.0931974	0.0331734	0.0737761	0.222965	0.141044	0.0044339	0.00933441	0.00767118
73	0.0248084	0.00859382	0.00710517	0.0467878	0.00662504	0.0140035	0.0335175	0.0222773	0.156764	0.0561762	0.0300644	0.0341484	0.00136933	0.13634	0.35424	0.0191506	0.0156125	0.0106702	0.0168928	0.004853
74	0.0864816	0.00252702	0.0614046	0.125644	0.0164419	0.0395868	0.0357204	0.00872888	0.097672	0.0435849	0.0307652	0.0551786	0.00310112	0.106986	0.0972233	0.0926096	0.0581002	0.0247703	0.0011203	0.0123527
75	0.0349335	0.000322727	0.00406123	0.0189764	0.0173291	0.00258439	0.0056645	0.274349	0.0165647	0.0297783	0.027261	0.00182191	0.00272182	0.00452267	0.00188873	0.00559947	0.0210939	0.52847	0.000326315	0.00173037
76	0.00898162	0.000961506	0.00485084	0.00424875	0.281091	0.00526516	0.0533716	0.00992477	0.0114304	0.041893	0.0100243	0.0163994	0.00629299	0.00667727	0.0221561	0.0272837	0.0114067	0.00715867	0.0190002	0.451582
77	0.0171073	0.00959894	0.00244219	0.0335676	0.00632587	0.00782497	0.0305699	0.0255523	0.16113	0.0492389	0.0224025	0.0321626	0.000540747	0.132823	0.409208	0.0123876	0.012768	0.00710041	0.0224283	0.00482044
78	0.0799991	0.00260338	0.0411892	0.109694	0.00906686	0.0315635	0.0484803	0.00629265	0.116645	0.0499285	0.0232365	0.0476716	0.00353369	0.132914	0.150254	0.0682255	0.0366248	0.0280149	0.00288594	0.0111768
79	0.384359	0.00669497	0.0378173	0.0140833	0.00941506	0.0581569	0.0162207	0.00938831	0.00882174	0.01352	0.00591808	0.00909889	0.0072933	0.0234959	0.0222126	0.272822	0.0510107	0.0425221	0.00163761	0.00551167
80	0.0183737	0.0103252	0.00313777	0.0392807	0.00694002	0.00911876	0.0309449	0.0261349	0.157041	0.0539428	0.0254352	0.0328914	0.000513438	0.137731	0.388516	0.0128788	0.014323	0.00812769	0.0200501	0.00429324
81	0.0759026	0.00174316	0.0608747	0.133855	0.00847584	0.0288867	0.0463163	0.00817146	0.113536	0.0459538	0.0177179	0.0493697	0.00240606	0.153889	0.122378	0.0578204	0.0383619	0.019605	0.00693551	0.00780163
82	0.0142452	0.000454267	0.000931654	0.0275188	0.0451981	0.001133	0.0649684	0.039139	0.0334512	0.486571	0.0541395	0.0167213	0.00150384	0.024086	0.0426873	0.0245206	0.020145	0.0355592	0.0191064	0.0479203
83	0.0375962	0.000861963	0.00252615	0.00508142	0.0192352	0.0031914	0.00491777	0.264507	0.0104095	0.0546098	0.0287829	0.00123737	0.00340678	0.00720296	0.00239625	0.00608369	0.0294706	0.515015	0.000284796	0.00318288
84	0.0881948	0.0025642	0.0620968	0.124848	0.0164247	0.0397873	0.0357176	0.00851091	0.0966111	0.0426947	0.0311156	0.0542909	0.00315302	0.106269	0.0962744	0.093386	0.0596339	0.0249459	0.00121647	0.0122641
85	0.00496443	0.000523227	0.00349571	0.00202133	0.312504	0.00412896	0.0498406	0.0105783	0.00829008	0.0478345	0.0107028	0.00827543	0.00557406	0.00227326	0.0169286	0.0223564	0.00876207	0.00715752	0.0373989	0.43639
86	0.0136782	0.00208264	0.0364504	0.786141	0.00383076	0.0039812	0.00735808	0.00385429	0.00513769	0.00769278	0.0222298	0.00595695	0.00296306	0.0539331	0.00717065	0.0107454	0.0108712	0.0097652	0.00206727	0.00409004
87	0.0866864	0.00253855	0.0613078	0.125797	0.0165994	0.0397721	0.0355823	0.00863204	0.097546	0.0432191	0.0308506	0.0549827	0.00308183	0.106874	0.0969194	0.0930527	0.0583978	0.0246883	0.00107097	0.0124015
88	0.379967	0.0147082	0.0302662	0.00795088	0.0104635	0.0757936	0.0119195	0.00603319	0.00313997	0.00985122	0.00327992	0.00591201	0.00342038	0.0155835	0.0238712	0.322668	0.0448238	0.0225326	0.00142379	0.00639185
89	0.543137	0.00359323	0.00788157	0.00358568	0.00836015	0.193009	0.00339376	0.00309663	0.00243864	0.00442353	0.00237703	0.00369016	0.0021308	0.00416757	0.00570678	0.124015	0.0266799	0.0527532	0.00105917	0.00450122
90	0.0198422	0.00977612	0.0037756	0.0417439	0.00662822	0.00963274	0.0323109	0.0246123	0.155753	0.0542934	0.0262825	0.0329458	0.000549114	0.139272	0.381522	0.0145125	0.0144056	0.00906386	0.0188362	0.00424246
91	0.0886133	0.00268607	0.0619388	0.125257	0.0161012	0.0386705	0.0358846	0.0084249	0.0982736	0.0427223	0.0301315	0.0551077	0.00309959	0.106796	0.0976508	0.0932701	0.0570141	0.0248707	0.00113694	0.0123508
92	0.00532569	0.000628882	0.00310422	0.00524259	0.341684	0.00198497	0.0312193	0.0533039	0.00713699	0.161807	0.0190663	0.00429846	0.00171172	0.00586387	0.0105522	0.0163322	0.00701216	0.0309463	0.016077	0.276703
93	0.0254861	0.00216603	0.00447452	0.0064676	0.0914543	0.00351802	0.00942459	0.133169	0.00985503	0.395742	0.110484	0.00599639	0.0146837	0.0126165	0.0107448	0.0187348	0.0179966	0.0997297	0.00225099	0.0250052
94	0.044955	0.00272981	0.00723067	0.11432	0.00648338	0.00615367	0.00740705	0.0138334	0.0615637	0.169234	0.033474	0.0463984	0.00367981	0.121734	0.0127679	0.0885273	0.0395707	0.210771	0.0024147	0.0067514
95	0.0867234	0.00254687	0.0615133	0.1258	0.0166206	0.0398235	0.0355457	0.00866515	0.0974176	0.0432319	0.0308456	0.0550208	0.00307641	0.106686	0.096686	0.0932413	0.0584088	0.0246733	0.00107128	0.0124017
96	0.0407021	0.00172351	0.0187205	0.0305455	0.00972148	0.00731233	0.00388637	0.0164905	0.00413089	0.012052	0.00300227	0.0167609	0.00333394	0.00410402	0.0133921	0.248958	0.551311	0.00575041	0.00171371	0.00638842
97	0.0134891	0.00520355	0.00262534	0.00127554	0.0135412	0.000641306	0.00105284	0.358077	0.00215966	0.265964	0.0461063	0.00311564	0.00313373	0.00630689	0.0013934	0.0127058	0.0170692	0.244653	0.000314338	0.00117324
98	0.0395911	0.00493817	0.0201248	0.076417	0.00485377	0.0204274	0.0456734	0.0149068	0.142456	0.0513237	0.0217162	0.0399984	0.000893631	0.164778	0.274782	0.0300665	0.018073	0.0146101	0.010876	0.00349286
99	0.0141136	0.000378424	0.000880587	0.0276105	0.0451818	0.0011292	0.0649373	0.0390134	0.0334228	0.48706	0.0534387	0.0167678	0.00147921	0.0238896	0.042922	0.02459	0.0202767	0.0357576	0.0189755	0.0481756
100	0.437742	0.00259176	0.00564131	0.00474764	0.00636611	0.308519	0.00411412	0.00374276	0.00526935	0.00484493	0.00253308	0.00789369	0.00223196	0.00471804	0.00707476	0.0985538	0.0236723	0.0650353	0.00100674	0.00370128
101	0.0141538	0.000380739	0.000921322	0.0277785	0.044919	0.00119677	0.0644459	0.0389234	0.033455	0.486239	0.0537848	0.0170794	0.00157388	0.0238083	0.0430911	0.024886	0.0208403	0.0360068	0.0188005	0.0477153
102	0.0246925	0.0212162	0.00791923	0.042439	0.00752659	0.0109503	0.0311097	0.0236494	0.142098	0.0510976	0.0234425	0.0345076	0.00277269	0.13142	0.36902	0.0208437	0.0181833	0.0116612	0.0190705	0.00638083
103	0.0774164	0.00249059	0.029566	0.0179502	0.00362493	0.0204195	0.0209182	0.0115073	0.010649	0.0151804	0.00473903	0.0350815	0.567174	0.0183985	0.0198004	0.0984985	0.0237275	0.0149567	0.00287891	0.00502226
104	0.0569466	0.00105198	0.0458577	0.10563	0.00513686	0.0477948	0.0654962	0.00438508	0.139503	0.0284344	0.0151919	0.0757199	0.00394856	0.142465	0.151373	0.061902	0.0260751	0.0142755	0.00340581	0.0054066
105	0.11102	0.00508512	0.0439735	0.0935638	0.0138926	0.107055	0.040317	0.00784434	0.0842827	0.0347191	0.022913	0.0429938	0.00471734	0.0980773	0.100927	0.0773437	0.0634972	0.0345305	0.00205243	0.0111949
106	0.0131413	0.000420502	0.00100566	0.0243229	0.0781755	0.00124454	0.0665698	0.0414963	0.0323439	0.446471	0.0478775	0.0149961	0.00241476	0.0214216	0.0385158	0.0250794	0.0187969	0.0357702	0.0202749	0.0696613
107	0.00688162	0.00133792	0.00264514	0.00419097	0.10717	0.00313718	0.0166648	0.00343575	0.00430544	0.0082376	0.0138838	0.0133816	0.00476474	0.00514095	0.0149511	0.0194382	0.00521817	0.00451653	0.692745	0.0679535
108	0.0234002	0.000456002	0.00778801	0.00470266	0.00133167	0.821625	0.00373533	0.00151222	0.0224489	0.00282087	0.0013935	0.0363985	0.00115958	0.00311159	0.0198215	0.0261677	0.00803975	0.0120825	0.000626384	0.00137856
109	0.00351227	0.000452475	0.00375495	0.0013917	0.349773	0.00232343	0.033688	0.0119502	0.00509239	0.0497474	0.011318	0.0048535	0.00355241	0.00142859	0.0132164	0.0200451	0.00742415	0.00714344	0.0130952	0.456238
110	0.0172499	0.00679404	0.00820961	0.00830788	0.239546	0.0105528	0.0574821	0.00898706	0.0120069	0.0471615	0.0117559	0.0245575	0.00741235	0.0103147	0.0214143	0.0549178	0.0210287	0.00887532	0.0205156	0.40291
111	0.0367806	0.0037697	0.0563699	0.0436695	0.00818383	0.117423	0.0755655	0.00709407	0.0322355	0.0757598	0.00929936	0.0791993	0.149039	0.0484422	0.0861879	0.107497	0.0308869	0.014392	0.00560402	0.0126006
112	0.00393368	0.000413938	0.00360943	0.00123827	0.32613	0.00277155	0.0399578	0.00705134	0.00634055	0.0377968	0.00969317	0.00564298	0.00456465	0.00139014	0.0146658	0.0203205	0.00813333	0.00477834	0.0136666	0.487901
113	0.0843822	0.00156812	0.00711478	0.0101941	0.00460838	0.0170619	0.0164411	0.0134018	0.00622094	0.0175915	0.00454697	0.0116962	0.698573	0.0146352	0.0169957	0.042192	0.00815936	0.0189886	0.00173947	0.00388886
114	0.145173	0.0427093	0.158455	0.135933	0.00780417	0.0145319	0.0161904	0.00596881	0.0314252	0.0400053	0.0121917	0.0638644	0.0048309	0.037414	0.0723645	0.12354	0.0224126	0.0356713	0.00221856	0.0272973
115	0.0170704	0.762685	0.00765595	0.0107019	0.00639094	0.00691401	0.00909261	0.0066423	0.00923001	0.0118703	0.00735365	0.00974221	0.0056238	0.011921	0.0130403	0.046172	0.0119519	0.0097845	0.00320054	0.0329562
116	0.011312	0.000571935	0.00363136	0.00376102	0.252148	0.0127182	0.0875046	0.00240934	0.0125775	0.0272801	0.00731668	0.0234851	0.00798725	0.0036284	0.02504	0.0298592	0.0108108	0.00283799	0.0210238	0.454096
117	0.0573409	0.00505506	0.0933781	0.0411681	0.0079106	0.0926313	0.0457256	0.00607695	0.0274396	0.0184726	0.00717804	0.186159	0.0551428	0.0386719	0.0337894	0.20426	0.0412165	0.013267	0.00612147	0.0189957
118	0.0156729	0.00122624	0.129668	0.0456014	0.00624463	0.133815	0.0913121	0.00202416	0.0420977	0.00868857	0.00217959	0.219785	0.0588683	0.05147	0.0444746	0.0920028	0.010597	0.00332317	0.00841893	0.0325297
119	0.0756926	0.00255205	0.0650058	0.112994	0.0157946	0.0379852	0.0349586	0.00731325	0.0910765	0.0398619	0.0259399	0.0961691	0.00890555	0.0937169	0.0902157	0.103293	0.0623348	0.0224047	0.00154763	0.012238
120	0.0091903	0.0023887	0.00480134	0.00390029	0.262959	0.00598347	0.0708034	0.00392539	0.0207261	0.0326162	0.00880629	0.0102248	0.0181344	0.00595017	0.0254708	0.0262151	0.0144985	0.00403907	0.0192565	0.45011
121	0.0316422	0.000821243	0.0188507	0.0304597	0.00927336	0.001997	0.00310437	0.0169036	0.00402034	0.0115772	0.00241163	0.0174885	0.00252131	0.00346245	0.0131721	0.241571	0.580431	0.00291994	0.00123365	0.00613825
122	0.0357041	0.000951251	0.0100761	0.00544332	0.00230029	0.778856	0.00512316	0.00205592	0.02141	0.00380339	0.0018288	0.0371334	0.00266132	0.00474523	0.0191143	0.0387117	0.0116654	0.0145677	0.00102187	0.00282672
123	0.0674621	0.00219818	0.0411277	0.109354	0.00751241	0.0315465	0.0528692	0.00670062	0.119763	0.0454015	0.0201413	0.0454745	0.00248421	0.151858	0.166195	0.0613994	0.0325522	0.0241299	0.00425908	0.00757241
124	0.0141629	0.000755209	0.000958499	0.028286	0.0439566	0.00146125	0.0637609	0.0384782	0.0384365	0.464791	0.0526721	0.0174531	0.00143827	0.0301017	0.0588905	0.024091	0.0198932	0.0342392	0.0191615	0.0470119
125	0.0497079	0.00392691	0.0921193	0.0538531	0.0106888	0.0547124	0.057749	0.00904495	0.0418898	0.0243009	0.0114098	0.18634	0.048229	0.0507449	0.0473204	0.156197	0.0495723	0.0151508	0.0111726	0.0258694
126	0.0151785	0.00304028	0.345077	0.109984	0.0054134	0.0150406	0.0181409	0.0046835	0.0178101	0.0117221	0.00628283	0.259677	0.015747	0.0566892	0.0198134	0.0357935	0.0392789	0.00911419	0.00358779	0.00792573
127	0.0604381	0.00138805	0.0541278	0.124808	0.00523623	0.0286724	0.052904	0.00805825	0.119905	0.0467378	0.0140597	0.0445675	0.0020973	0.184276	0.151284	0.0445757	0.0272521	0.0165967	0.00767689	0.00533928
128	0.0179797	0.00199847	0.00265858	0.0050446	0.0616107	0.00205321	0.00841358	0.180433	0.00693724	0.438208	0.0820571	0.00406784	0.0114797	0.00936488	0.00803321	0.0166002	0.0162525	0.111869	0.00302538	0.0119135
129	0.0867234	0.00254687	0.0615133	0.1258	0.0166206	0.0398235	0.0355457	0.00866515	0.0974176	0.0432319	0.0308456	0.0550208	0.00307641	0.106686	0.096686	0.0932413	0.0584088	0.0246733	0.00107128	0.0124017
130	0.00623606	0.00128541	0.00260268	0.00408381	0.0972777	0.00278404	0.0136474	0.00296541	0.00349371	0.00638448	0.0141536	0.0139615	0.00219956	0.0048693	0.0148863	0.0201417	0.00487822	0.0044342	0.747698	0.0320168
131	0.0187042	0.000873634	0.00239676	0.00515185	0.0756062	0.00162071	0.00829197	0.110879	0.0063142	0.512306	0.125492	0.00391273	0.0151246	0.0130532	0.00714964	0.0158885	0.0141987	0.0514246	0.00229607	0.00931573
132	0.00565142	0.00120206	0.00300187	0.00357908	0.132071	0.00300182	0.0179039	0.00492503	0.00430439	0.0127821	0.0139578	0.012925	0.00244472	0.00481078	0.0145399	0.018438	0.00490164	0.0051055	0.655741	0.0787134
133	0.0802934	0.00227856	0.0572233	0.122857	0.0139438	0.0423933	0.0410699	0.007113	0.112698	0.0355093	0.0276805	0.0680399	0.00358665	0.107524	0.103768	0.0878565	0.053565	0.0207164	0.00115605	0.010728
134	0.135843	0.0234177	0.0410667	0.113093	0.0112973	0.0377478	0.0377884	0.00651508	0.0848275	0.0317034	0.0190989	0.0491187	0.00411349	0.114848	0.098139	0.0959571	0.0405639	0.0413651	0.00215929	0.0113377
135	0.0295064	0.670351	0.0143891	0.0157278	0.00741987	0.00995391	0.0110691	0.00934789	0.0110972	0.0150951	0.00856891	0.0130062	0.00734637	0.0139573	0.0162729	0.0799978	0.016012	0.015451	0.00368688	0.0317437
136	0.128778	0.00234788	0.027708	0.0343434	0.00513278	0.00983257	0.0195239	0.00558618	0.07925	0.0215914	0.0271951	0.0722508	0.0308811	0.0370667	0.0746892	0.238913	0.145386	0.0108946	0.00774265	0.0208861
137	0.514025	0.00533839	0.00762533	0.00866284	0.0139844	0.062782	0.00507502	0.0147478	0.00541725	0.0136049	0.00775842	0.00785269	0.00437789	0.0106408	0.00752284	0.10719	0.0803057	0.118279	0.00114793	0.00366176
138	0.0154982	0.00054038	0.00135749	0.00314632	0.0938916	0.00114814	0.00579706	0.125687	0.00454434	0.512698	0.101591	0.00226936	0.0158221	0.00642671	0.00384192	0.0144822	0.0130299	0.0587645	0.00219916	0.0172649
139	0.00393905	0.000377094	0.00370276	0.00116976	0.32846	0.00272516	0.0401609	0.00633677	0.00650989	0.0365229	0.00953028	0.00569385	0.00462611	0.00121008	0.014829	0.0205855	0.00821369	0.00438217	0.0134636	0.487562
140	0.0853623	0.00163892	0.0139682	0.010791	0.00445973	0.0182104	0.0138328	0.0148539	0.00636093	0.0192031	0.00600083	0.0159638	0.679239	0.0130722	0.015217	0.0470068	0.010252	0.0190989	0.00187421	0.00359435
141	0.23605	0.00898936	0.0892037	0.0323799	0.00734833	0.0142971	0.0254636	0.00574224	0.015771	0.0301758	0.00688408	0.0170878	0.00608703	0.0394561	0.0491976	0.361662	0.0297959	0.0144359	0.00246989	0.00750315
142	0.0191247	0.0037239	0.00261536	0.00346111	0.00824844	0.00139166	0.00275512	0.356932	0.00510549	0.127159	0.0331596	0.00221961	0.00149006	0.00489607	0.00114569	0.00755088	0.0212551	0.396469	0.000304488	0.00099216
143	0.234987	0.00952633	0.018611	0.0219464	0.016803	0.149504	0.0162666	0.0138095	0.0131719	0.018908	0.00804631	0.0199644	0.00978327	0.02007	0.0205171	0.214376	0.0915614	0.0429592	0.00304976	0.056138
144	0.0154319	0.000450759	0.000951981	0.00131461	0.0858127	0.000862114	0.0012973	0.130032	0.00226108	0.53793	0.111474	0.0012845	0.0176768	0.00482394	0.00126034	0.0133643	0.0126243	0.0566621	0.000420937	0.00406399
145	0.0400131	0.00303719	0.00625187	0.0338844	0.00616458	0.00840814	0.0398716	0.00724347	0.123581	0.220114	0.0288161	0.0518091	0.0466666	0.0440582	0.213813	0.0733439	0.0116965	0.00988477	0.00389345	0.027449
146	0.00385153	0.000445245	0.00489874	0.00127765	0.342406	0.00253859	0.0370318	0.00968394	0.00585115	0.0447023	0.0131651	0.005145	0.00400659	0.00152224	0.0158591	0.0227016	0.00864666	0.00594329	0.013042	0.457281
147	0.182241	0.00957632	0.0105202	0.00902902	0.0222939	0.0383585	0.00320027	0.0972245	0.0130003	0.0710366	0.0165723	0.0100645	0.0105707	0.0290357	0.0117737	0.126096	0.0965213	0.232039	0.000595492	0.0102503
148	0.018137	0.00795722	0.00202508	0.025283	0.00515348	0.00570587	0.0349416	0.0200374	0.153793	0.0360594	0.0164752	0.033694	0.000753806	0.115241	0.455806	0.0160171	0.0096046	0.00587282	0.0297821	0.00766089
149	0.0402025	0.00131676	0.0144391	0.0190585	0.0780587	0.0451926	0.284699	0.00305132	0.00425366	0.00950404	0.0033223	0.182288	0.00328065	0.0285231	0.0207011	0.0705212	0.00531993	0.00466501	0.00413601	0.177466
150	0.0304577	0.00940805	0.0133972	0.046424	0.00784363	0.00975893	0.0289439	0.0408498	0.131643	0.0508547	0.02829	0.031938	0.00398869	0.119905	0.317052	0.0301069	0.0476835	0.0285454	0.0152515	0.00765767
151	0.011377	0.00548054	0.00287874	0.00117522	0.012393	0.000672762	0.000993306	0.367057	0.00181658	0.259825	0.0479414	0.0030085	0.00265309	0.00565823	0.00137593	0.0123571	0.0167739	0.245131	0.000385231	0.00104645
152	0.0188463	0.0102178	0.00363295	0.0405554	0.00687237	0.00951409	0.031267	0.0256684	0.156424	0.0541891	0.0256051	0.0331664	0.000508991	0.138966	0.384604	0.0132143	0.0145305	0.00826379	0.0197318	0.00422198
153	0.0318488	0.0032187	0.0427816	0.584737	0.00625701	0.0134903	0.0185056	0.00873228	0.0273538	0.019226	0.0220733	0.027683	0.00994299	0.0601654	0.0335199	0.035002	0.0270676	0.0177956	0.00360246	0.00699671
154	0.45615	0.00696817	0.0124071	0.00508293	0.0128782	0.163095	0.00588831	0.00761847	0.00284191	0.00797112	0.00276897	0.00662425	0.00346894	0.00701635	0.00851953	0.180176	0.0547209	0.0453478	0.00109735	0.00935887
155	0.0154784	0.00041649	0.000946799	0.00131891	0.0860353	0.000862799	0.00129703	0.129116	0.00226082	0.539125	0.111616	0.00127901	0.0177298	0.00482046	0.0012579	0.0133533	0.0126276	0.0559693	0.000420929	0.00406881
156	0.0876713	0.00870633	0.0264403	0.0571221	0.0103391	0.0214701	0.0374068	0.0220398	0.102295	0.0482319	0.0242449	0.0382691	0.00903419	0.0970366	0.260529	0.0642142	0.0348311	0.0267479	0.0125497	0.0108203
157	0.0273019	0.00157548	0.00159685	0.00458406	0.0147935	0.00234604	0.00461668	0.294305	0.00798889	0.0724155	0.029352	0.00147273	0.00255273	0.00439644	0.00106133	0.004223	0.0238264	0.49987	0.000300894	0.00142051
158	0.317399	0.00526056	0.0801644	0.0199621	0.00508512	0.00921626	0.0339168	0.00376796	0.00508952	0.0145815	0.00317657	0.00490483	0.00255445	0.0492841	0.0331759	0.384099	0.0139072	0.00896478	0.00164895	0.00384071
159	0.0867234	0.00254687	0.0615133	0.1258	0.0166206	0.0398235	0.0355457	0.00866515	0.0974176	0.0432319	0.0308456	0.0550208	0.00307641	0.106686	0.096686	0.0932413	0.0584088	0.0246733	0.00107128	0.0124017
160	0.0273743	0.001478	0.00200162	0.00486898	0.0154703	0.00243922	0.00465454	0.294962	0.00828865	0.0696721	0.0302421	0.00134302	0.00264504	0.00470494	0.00118304	0.00420538	0.0244212	0.498127	0.000268887	0.00164934
161	0.00424688	0.000683536	0.00347249	0.00299909	0.37074	0.00183569	0.0274172	0.0565941	0.00381732	0.120164	0.0163274	0.00319583	0.00182409	0.00428247	0.00710207	0.0154035	0.00555506	0.0288095	0.0126693	0.312861
162	0.150153	0.00227748	0.00466956	0.00994064	0.00552751	0.0176937	0.0155588	0.0285191	0.00571186	0.0117839	0.004685	0.00670801	0.616398	0.00767125	0.00749021	0.0444118	0.0134118	0.0408177	0.00195557	0.00461547
163	0.00401428	0.000526294	0.00353902	0.00178345	0.343915	0.00243816	0.0370439	0.0202226	0.0058329	0.0676413	0.0121607	0.00498658	0.00381977	0.00235618	0.0132889	0.0195908	0.00773508	0.0117704	0.0143201	0.423015
164	0.252773	0.0166971	0.00573542	0.0139241	0.016392	0.0745952	0.00511975	0.0440193	0.0023409	0.0340679	0.00271194	0.0190541	0.00910869	0.0217919	0.00424821	0.190399	0.127693	0.154375	0.00115215	0.00380121
165	0.0622524	0.00469274	0.0382907	0.099328	0.0100658	0.0280968	0.0406811	0.0117353	0.117613	0.0445462	0.0251372	0.0481705	0.00324647	0.136501	0.186463	0.0627229	0.0421257	0.0242599	0.00579766	0.0082745
166	0.023844	0.000671364	0.00255314	0.00396117	0.0778098	0.00173821	0.00760911	0.123302	0.00764301	0.485461	0.0923454	0.00274011	0.017379	0.0107537	0.0069476	0.019258	0.017617	0.0825899	0.00214535	0.0136312
167	0.134005	0.0128969	0.0206569	0.010063	0.0569445	0.0284308	0.00411267	0.108859	0.0199749	0.0835197	0.0307887	0.00565806	0.00762875	0.0421641	0.0258302	0.0644705	0.0751594	0.246248	0.000772019	0.0218172
168	0.00464317	0.000397776	0.0032957	0.00113014	0.308378	0.00309004	0.0481302	0.00492324	0.00801356	0.0346064	0.0093893	0.00670873	0.00571607	0.00119637	0.0169739	0.0222663	0.00958058	0.00362823	0.0148892	0.493043
169	0.0641953	0.00938327	0.0478375	0.0815383	0.00700336	0.00744346	0.0244767	0.0522704	0.0598008	0.0395941	0.0512858	0.0365054	0.0143724	0.0612311	0.108694	0.0778192	0.161679	0.0774533	0.000623253	0.016793
170	0.0443006	0.00438436	0.161214	0.150707	0.00888125	0.0441966	0.0981272	0.00768909	0.054004	0.0244626	0.0128293	0.0958697	0.025027	0.0682764	0.0598156	0.0737033	0.0308103	0.0165732	0.00574346	0.0133853
171	0.0155403	0.00177913	0.00201442	0.00510328	0.0621685	0.00124003	0.00875707	0.178834	0.00671675	0.450548	0.0846877	0.00429336	0.0120021	0.00869301	0.00668823	0.0154051	0.0157896	0.107453	0.00263657	0.0096494
172	0.0784706	0.00115689	0.0281383	0.0997868	0.00534428	0.00199173	0.00394075	0.222573	0.0384173	0.0386163	0.0402591	0.00988206	0.00191616	0.0129859	0.0109883	0.0354729	0.00779699	0.359015	0.000967415	0.00227989
173	0.0163819	0.00159574	0.00937845	0.00917437	0.0267744	0.0160987	0.25443	0.00373107	0.00464997	0.0247727	0.00379424	0.209189	0.00387826	0.0764764	0.00922518	0.152487	0.00614106	0.00529858	0.00189314	0.16463
174	0.0296659	0.000824809	0.0176554	0.0306941	0.00948033	0.00206812	0.00268041	0.0171745	0.00261564	0.0115035	0.00215377	0.0154084	0.00145885	0.00298519	0.0118377	0.244732	0.587201	0.00274382	0.00110708	0.00601035
175	0.0108351	0.00646052	0.0031971	0.00120818	0.00101685	0.000651616	0.000942924	0.406117	0.00176149	0.211744	0.0393378	0.00326017	0.000530386	0.00605737	0.00148107	0.0126242	0.0173342	0.274422	0.000355335	0.000662891
176	0.0245767	0.000774296	0.0104007	0.00786049	0.00260575	0.768001	0.00839842	0.00241785	0.0259713	0.00688532	0.00327566	0.0381037	0.00305279	0.00972207	0.0332949	0.0281633	0.0104143	0.0123576	0.00137696	0.00234731
177	0.0405765	0.00523073	0.0308399	0.334731	0.00956837	0.0148252	0.0218184	0.0100904	0.045499	0.0365242	0.0213892	0.0274332	0.00561757	0.177102	0.0493999	0.0409586	0.0569158	0.0589991	0.00414201	0.0083389
178	0.277058	0.00844654	0.0117349	0.022202	0.0107665	0.0453525	0.0483935	0.0495347	0.00861082	0.0346913	0.0055847	0.0125323	0.055487	0.0152364	0.011347	0.199115	0.0951942	0.0807337	0.00222152	0.00575718
179	0.641035	0.00137271	0.00278466	0.00363661	0.0185339	0.00671627	0.00246829	0.00297629	0.00228665	0.00397349	0.00958737	0.00276008	0.00151515	0.00377221	0.00320827	0.048813	0.102615	0.138919	0.000953182	0.00207332
180	0.394789	0.00842652	0.0439264	0.00977304	0.0116661	0.0587033	0.0114544	0.00967916	0.00489194	0.0123356	0.0044389	0.00754821	0.00426038	0.0188645	0.0173678	0.258585	0.060784	0.0556854	0.00169697	0.00512339
181	0.0638358	0.00348108	0.00864425	0.0149969	0.0260203	0.0081031	0.0131241	0.0324492	0.0112901	0.295363	0.301381	0.0126138	0.00994225	0.100449	0.0153872	0.0267755	0.0170811	0.0243102	0.00437522	0.0103767
182	0.0398634	0.00108673	0.0092256	0.00632692	0.00277707	0.776799	0.00506417	0.00207249	0.0219251	0.00393863	0.00240951	0.0353961	0.0025397	0.00496558	0.0198955	0.0340734	0.0123988	0.0160962	0.000949363	0.00219666
183	0.64368	0.000866278	0.00243012	0.00277857	0.017447	0.00318498	0.00241576	0.00196586	0.00200098	0.00341936	0.00989547	0.00254038	0.00142903	0.00287975	0.00297128	0.0502854	0.109548	0.137452	0.000912163	0.00189781
184	0.322381	0.00515792	0.0835322	0.0215398	0.00492692	0.00906615	0.0340312	0.00372012	0.00480594	0.0138042	0.00324655	0.00478027	0.00261202	0.0483348	0.0311031	0.378236	0.0135648	0.00941153	0.00166554	0.00408003
185	0.0270287	0.000579321	0.00716331	0.00395109	0.00135109	0.821076	0.00346283	0.00143871	0.0217882	0.0024943	0.00117626	0.035606	0.00114633	0.00250422	0.0188731	0.0269708	0.0086364	0.0128115	0.000692529	0.00124913
186	0.0305948	0.000297487	0.00164961	0.00745631	0.019782	0.00288151	0.00634864	0.274114	0.0109176	0.0311746	0.0254441	0.000900409	0.00303073	0.00386873	0.000934393	0.00166432	0.0226322	0.554279	0.000312024	0.00171716
187	0.0282538	0.000764096	0.00184059	0.00686075	0.0176435	0.00269354	0.00570727	0.290369	0.0100197	0.0432171	0.0265408	0.0011063	0.00281465	0.0040876	0.000954388	0.00253728	0.0219905	0.530689	0.000337361	0.0015734
188	0.0154784	0.00041649	0.000946799	0.00131891	0.0860353	0.000862799	0.00129703	0.129116	0.00226082	0.539125	0.111616	0.00127901	0.0177298	0.00482046	0.0012579	0.0133533	0.0126276	0.0559693	0.000420929	0.00406881
189	0.00623266	0.00127197	0.00319068	0.00466479	0.0948194	0.00288699	0.0134003	0.00279814	0.00373497	0.00575716	0.0147319	0.01359	0.00237056	0.00517055	0.0146577	0.0188372	0.0049821	0.00423544	0.751879	0.0307883
190	0.0149639	0.00151679	0.00144643	0.00128206	0.0685594	0.000841824	0.00120935	0.180964	0.00198928	0.471949	0.104419	0.0015349	0.013951	0.00471139	0.00132297	0.0127184	0.0142017	0.0987402	0.000412799	0.00326491
191	0.0627341	0.00205011	0.0482207	0.0996605	0.012227	0.0353215	0.0473059	0.00578785	0.156073	0.0277739	0.018903	0.0767056	0.00363805	0.119554	0.135032	0.0838875	0.0395655	0.015492	0.00212667	0.00794042
192	0.0792785	0.00225039	0.0796453	0.127298	0.0123903	0.0340005	0.0444334	0.00820377	0.105262	0.0352183	0.0229128	0.0690934	0.00360227	0.102726	0.101917	0.089447	0.0490409	0.0193787	0.00151399	0.0123877
