226	20
1	0.086946	0.0120726	0.0385238	0.0514153	0.0113745	0.0244016	0.0156287	0.0188591	0.0475916	0.0281739	0.109114	0.026814	0.284631	0.0277611	0.0283604	0.100269	0.0452316	0.0284272	0.0031072	0.0112967
2	0.0424191	0.00495459	0.00728032	0.062028	0.000747978	0.00645538	0.00174981	0.00890064	0.384986	0.00193482	0.000753966	0.0572507	0.0012181	0.1186	0.263803	0.0227385	0.00991102	0.00237452	0.000331649	0.00156206
3	0.00813476	0.00429294	0.00642224	0.0134117	0.0366245	0.0135204	0.025235	0.263515	0.0102761	0.178925	0.0108427	0.0158915	0.0488389	0.0224996	0.00292001	0.01787	0.032453	0.265078	0.000678604	0.0225704
4	0.0110171	0.0100018	0.0116843	0.027433	0.00776341	0.00558025	0.000868787	0.417882	0.0165155	0.0952925	0.0263929	0.00630674	0.0236621	0.0279344	0.00242863	0.00446996	0.0305968	0.270776	0.00104452	0.00234886
5	0.0103863	0.00810989	0.0117509	0.0265972	0.0164373	0.00813801	0.00624564	0.38637	0.0184999	0.1156	0.0231697	0.00876508	0.0326613	0.0285853	0.00261453	0.00741104	0.0335289	0.248336	0.000979671	0.00581358
6	0.0565699	0.0159309	0.0261048	0.133977	0.0497656	0.00711746	0.033395	0.00845106	0.0741851	0.144539	0.0271514	0.0220484	0.0187169	0.133556	0.102748	0.032437	0.0358688	0.0622029	0.000656714	0.0145782
7	0.0845137	0.00776815	0.138794	0.132162	0.00142866	0.0414013	0.0279749	0.00126369	0.0905809	0.0264146	0.0030907	0.0749684	0.155686	0.0599697	0.0265478	0.0655898	0.046687	0.0136521	0.000327681	0.0011791
8	0.226175	0.0508883	0.00391229	0.0189066	0.00440673	0.0284539	0.00294547	0.103969	0.00576271	0.0869342	0.0470584	0.00473051	0.00188113	0.00474751	0.00414655	0.0254186	0.0281465	0.347663	0.000595106	0.00325878
9	0.37998	0.0504708	0.0194955	0.00619929	0.0105252	0.198415	0.00323348	0.0072147	0.00726826	0.0130184	0.00494257	0.00602286	0.010972	0.00434916	0.00409811	0.202686	0.0399609	0.0267219	0.00071168	0.00371407
10	0.104228	0.00603699	0.0944109	0.216836	0.00666783	0.0148875	0.0160506	0.0160888	0.119502	0.0436984	0.00999845	0.0337391	0.0119152	0.0972193	0.110918	0.0207803	0.0322636	0.0388537	0.000115631	0.00578928
11	0.0637221	0.00562439	0.00854178	0.0117177	0.179052	0.00740083	0.0461084	0.0832379	0.0165665	0.0631372	0.00676019	0.0122279	0.00520063	0.0107524	0.0433017	0.0165158	0.0239175	0.0567323	0.0704952	0.268987
12	0.416292	0.0521888	0.00376125	0.00252049	0.00917261	0.0694748	0.00155041	0.0276822	0.00451154	0.0359979	0.0111033	0.00214269	0.00323715	0.00233913	0.00231512	0.198018	0.070617	0.0776666	0.00032937	0.00908031
13	0.394246	0.0403752	0.0105099	0.0141999	0.0073409	0.154973	0.0072507	0.00913894	0.00997948	0.0156923	0.00585124	0.0123874	0.0357108	0.00585075	0.00506849	0.190494	0.0348304	0.0396065	0.000615943	0.00587746
14	0.093985	0.00375467	0.0782603	0.176698	0.00474052	0.0261553	0.0419466	0.00887534	0.100857	0.0380636	0.00621094	0.0541513	0.00502758	0.0962715	0.183135	0.016112	0.0212848	0.0236446	0.000347135	0.020479
15	0.0586976	0.0187181	0.00789872	0.0559522	0.0015182	0.00731373	0.0032546	0.00747687	0.382909	0.00436637	0.00183936	0.0336025	0.00409282	0.0959663	0.252016	0.0385911	0.0166344	0.00695004	0.000629515	0.00157292
16	0.00856802	0.00702644	0.00249954	0.00453918	0.00675342	0.00183315	0.000938792	0.399435	0.00387688	0.12782	0.0242825	0.00361698	0.00352942	0.00519701	0.00217038	0.00333598	0.00971649	0.381462	0.000912994	0.00248602
17	0.00797276	0.0023728	0.0045388	0.00523838	0.00302556	0.00356497	0.0547104	0.068795	0.117333	0.105783	0.0031005	0.409152	0.00219867	0.00464946	0.0533114	0.037642	0.0401271	0.0720707	0.000725867	0.00368805
18	0.146873	0.00267281	0.127421	0.21455	0.00333265	0.0140322	0.0201935	0.00611485	0.126784	0.0276421	0.00737797	0.0448386	0.00678123	0.0874318	0.0910596	0.0280096	0.026141	0.0153888	0.000139354	0.00321697
19	0.074481	0.00253899	0.00418742	0.00619012	0.583334	0.00321486	0.0224979	0.0136	0.039161	0.0126301	0.0028197	0.00883896	0.00189791	0.00575407	0.00830671	0.021839	0.0243648	0.0191954	0.0204516	0.124696
20	0.0316604	0.260293	0.0122728	0.016398	0.0596204	0.0122638	0.028681	0.0181961	0.0173302	0.150444	0.0126662	0.0329768	0.0551682	0.0172433	0.0137111	0.0226426	0.0214025	0.100551	0.107901	0.00857697
21	0.159543	0.0108818	0.0432617	0.0693173	0.00624173	0.0319366	0.0107779	0.0143474	0.0634805	0.0249225	0.017886	0.0211886	0.351208	0.0283427	0.0367624	0.050452	0.0324787	0.0191219	0.00170045	0.00614873
22	0.137477	0.0129152	0.0285688	0.0546574	0.0163509	0.0190401	0.0287152	0.0207718	0.0663764	0.0289483	0.0174196	0.0372231	0.0145096	0.0384088	0.114558	0.0835667	0.209098	0.0443064	0.0026992	0.0243884
23	0.0363119	0.00853408	0.0553147	0.0374766	0.00726396	0.714778	0.0034378	0.00589522	0.0267094	0.00510177	0.00206887	0.0307446	0.00396328	0.00860991	0.00721559	0.0259572	0.0120833	0.0055275	0.000685527	0.00232104
24	0.0221686	0.00244798	0.00926796	0.0356764	0.00246703	0.20107	0.00308331	0.0032157	0.00446712	0.00438861	0.00249442	0.0191789	0.00186193	0.00428091	0.00415877	0.645001	0.0274821	0.00421952	0.000700683	0.00236882
25	0.0176739	0.00191471	0.00829688	0.00617737	0.0149883	0.00432415	0.00227684	0.00339563	0.00418053	0.00380057	0.00551492	0.00935623	0.00153887	0.00357154	0.0155843	0.431081	0.458498	0.00490586	0.000656534	0.00226451
26	0.129643	0.0107506	0.034048	0.0668787	0.00746057	0.0196553	0.0136694	0.015357	0.0936506	0.0245542	0.0615042	0.0222008	0.32055	0.033517	0.0364454	0.0456397	0.0299207	0.0206756	0.00241897	0.0114606
27	0.0326015	0.00173251	0.0110737	0.0870378	0.0173278	0.0147084	0.00729127	0.0949732	0.0285392	0.453059	0.100823	0.00406186	0.00161081	0.0283978	0.0237796	0.00601171	0.00975889	0.0230068	0.000912175	0.053292
28	0.115266	0.00651306	0.0965167	0.126816	0.00142913	0.0760817	0.0177443	0.0041129	0.101857	0.021799	0.0044837	0.0538601	0.142374	0.0572941	0.0319538	0.076105	0.0526058	0.0113444	0.000499384	0.0013444
29	0.0573215	0.030457	0.00637359	0.00673473	0.00572893	0.00569905	0.00458845	0.126013	0.00894221	0.0807199	0.0664457	0.00891823	0.00254594	0.00884336	0.00717409	0.0128573	0.403852	0.15214	0.000950467	0.00369437
30	0.0205966	0.0187291	0.0108048	0.0121307	0.0355268	0.0106925	0.0633683	0.00811263	0.0149346	0.0149212	0.00633869	0.0682121	0.00489452	0.0135707	0.0186655	0.0176083	0.0225743	0.0181688	0.00323617	0.616914
31	0.0449558	0.00404351	0.00814522	0.055863	0.000681845	0.00423628	0.00111599	0.00478293	0.37445	0.00178702	0.000827173	0.0526172	0.000727107	0.152409	0.258448	0.0240025	0.00829016	0.00158757	0.000329431	0.000701035
32	0.100311	0.00264639	0.0193026	0.220319	0.00257865	0.022331	0.0607827	0.0155162	0.0911767	0.0131782	0.00355589	0.0641569	0.00198127	0.0688616	0.204222	0.0204651	0.0217055	0.00826981	0.000628991	0.0580107
33	0.0507776	0.0131589	0.0185211	0.0311213	0.174383	0.0162218	0.0188651	0.0460043	0.0228626	0.245222	0.0366231	0.0242725	0.00995996	0.0361738	0.0306916	0.0976263	0.0501426	0.0521603	0.00493155	0.02028
34	0.0611481	0.00206921	0.00210786	0.0027721	0.00165806	0.00178787	0.00189514	0.346099	0.0119333	0.00816349	0.00197017	0.00366831	0.00103099	0.00745115	0.0238941	0.0148425	0.07676	0.41999	0.0081058	0.0026532
35	0.113298	0.00469411	0.101189	0.218874	0.00549548	0.0144208	0.0156805	0.0137018	0.122802	0.0383406	0.00967403	0.0357429	0.0111318	0.097838	0.106618	0.0229371	0.0304669	0.0320015	0.000108074	0.0049852
36	0.0761066	0.00322752	0.0282881	0.0593249	0.056866	0.00454184	0.0203765	0.0460432	0.00790465	0.30851	0.200206	0.00405593	0.00164892	0.0308249	0.0328003	0.00592832	0.029531	0.0154302	0.000799955	0.0675849
37	0.00680212	0.0854528	0.00366999	0.00501946	0.0296882	0.00328516	0.236845	0.00282862	0.00446798	0.00523547	0.00219794	0.059386	0.00133178	0.00406391	0.00464017	0.00552427	0.0188258	0.0299301	0.000701769	0.490103
38	0.0388668	0.00405486	0.00704618	0.0528416	0.000798391	0.00508754	0.00198591	0.00544906	0.378879	0.00123371	0.000688282	0.0688453	0.000743028	0.13479	0.264468	0.0223889	0.0094062	0.00134948	0.000369732	0.000707085
39	0.229386	0.00130541	0.125435	0.205457	0.00361327	0.00998888	0.0173816	0.00206916	0.122799	0.0176833	0.00422511	0.077998	0.00155472	0.0580779	0.0574276	0.0456686	0.0145197	0.00352244	0.000380704	0.00150819
40	0.0198755	0.00747084	0.0650824	0.0477245	0.00367647	0.750538	0.00139162	0.00130153	0.0299224	0.00182959	0.000934025	0.0318366	0.00084852	0.00208015	0.00186812	0.0202899	0.00972682	0.00213359	0.000328528	0.00114047
41	0.104037	0.00576391	0.0943868	0.217517	0.00643792	0.0151135	0.0160804	0.0162257	0.119343	0.0430168	0.0100701	0.0339014	0.0120491	0.0981109	0.110788	0.021178	0.031873	0.038148	9.82851e-05	0.00586028
42	0.00410613	0.00726494	0.000668498	0.00105839	0.00744872	0.000776849	0.000524106	0.342257	0.00115496	0.166038	0.02921	0.0021647	0.000379302	0.00186105	0.000766888	0.00146026	0.00468917	0.426134	0.000373436	0.00166381
43	0.0728962	0.00867001	0.0806017	0.0514341	0.0101127	0.129035	0.0109057	0.0081034	0.0250833	0.0127737	0.0113469	0.0422292	0.0108621	0.0171268	0.0183427	0.360105	0.109868	0.0145741	0.000948021	0.0049814
44	0.0227729	0.00753727	0.00658003	0.0105015	0.299789	0.00880833	0.0131969	0.101064	0.010939	0.220571	0.0304893	0.0112022	0.009704	0.0157572	0.0128322	0.0170108	0.0244342	0.139421	0.0047166	0.0326713
45	0.0447554	0.0045041	0.00740202	0.0614139	0.000675969	0.00439044	0.00106794	0.00522563	0.374479	0.0016218	0.000723324	0.0502866	0.000996521	0.141889	0.265034	0.0237969	0.00890085	0.00190259	0.000301436	0.000632767
46	0.0281997	0.00170356	0.0332703	0.0506434	0.0933725	0.0155745	0.251919	0.00238379	0.050998	0.012204	0.00957919	0.23889	0.00125365	0.0433943	0.0429853	0.00800964	0.0161816	0.00378877	0.0106574	0.0849905
47	0.316381	0.0688723	0.003271	0.00881267	0.00911294	0.0206697	0.00257179	0.131017	0.00899775	0.0498384	0.0224148	0.00392248	0.00251924	0.00422552	0.00492468	0.0304796	0.0259117	0.278203	0.00093424	0.00692026
48	0.036443	0.002182	0.00612558	0.00988576	0.00288785	0.00337293	0.0031242	0.304759	0.0469518	0.0231216	0.00899038	0.00463935	0.00240004	0.022956	0.0786771	0.022849	0.0812084	0.332782	0.00433723	0.00230641
49	0.274922	0.0326728	0.00873915	0.00965107	0.0105473	0.0820663	0.00452511	0.031929	0.00760392	0.0237674	0.00959496	0.00850209	0.00618152	0.00685123	0.0108167	0.247197	0.170723	0.0445799	0.000773332	0.00835584
50	0.0253175	0.00791033	0.0053529	0.00854433	0.221298	0.0081314	0.0101745	0.200357	0.0113368	0.155969	0.0260661	0.00887006	0.011957	0.0112821	0.00916646	0.0124864	0.0272189	0.205137	0.00342388	0.030001
51	0.0910146	0.0117991	0.0182363	0.0256833	0.0143026	0.0108712	0.0125931	0.0137707	0.0200829	0.0804632	0.0776747	0.253846	0.00851544	0.076591	0.021283	0.0324737	0.196799	0.0216705	0.00235458	0.0099759
52	0.0303905	0.00963602	0.0134665	0.023179	0.0262087	0.00502069	0.012431	0.108178	0.0126192	0.343327	0.217379	0.00800909	0.00398106	0.0163717	0.019085	0.0143776	0.0331118	0.0820099	0.00103902	0.0201792
53	0.0256322	0.00422831	0.52776	0.0727165	0.00441902	0.0309217	0.0353279	0.00445316	0.035015	0.0111681	0.00662967	0.110441	0.0127866	0.0215533	0.0206075	0.038858	0.020712	0.0115359	0.00153419	0.00369986
54	0.0656514	0.00689288	0.0686338	0.287367	0.0136837	0.0237385	0.0203287	0.0116922	0.0879378	0.0279547	0.0097292	0.0514314	0.012313	0.152225	0.0567208	0.0415659	0.0313931	0.0209905	0.00138366	0.00836651
55	0.016957	0.00951008	0.00612156	0.0106618	0.046861	0.00582689	0.0314763	0.00751368	0.00923325	0.012155	0.00677542	0.0199729	0.00350253	0.00944889	0.0173022	0.0123091	0.0154424	0.0152293	0.00319381	0.740507
56	0.00486226	0.00852858	0.00190699	0.00350875	0.0111182	0.00153617	0.00072354	0.342503	0.00309104	0.182103	0.036353	0.00262104	0.0029455	0.00426357	0.000965197	0.00232444	0.00716416	0.381075	0.00081485	0.0015919
57	0.0231928	0.00712623	0.0600012	0.0389466	0.00489098	0.775427	0.00121311	0.00107363	0.0227189	0.00162243	0.000842074	0.026418	0.000758001	0.00187733	0.00168573	0.01986	0.00926753	0.00188659	0.000316625	0.00087495
58	0.00755886	0.00584566	0.00673058	0.012938	0.0138311	0.00389971	0.00105859	0.334741	0.0137218	0.318977	0.0531234	0.00426143	0.0107952	0.0117086	0.00330808	0.00468005	0.0175384	0.172713	0.00101803	0.00155186
59	0.130227	0.00562951	0.0826712	0.116241	0.00157401	0.0354142	0.00808944	0.00324392	0.0578282	0.0160594	0.00779859	0.0251535	0.357984	0.0329772	0.021077	0.0507745	0.0390269	0.00662496	0.000316761	0.0012881
60	0.111326	0.0038142	0.0493314	0.166028	0.00371264	0.0299888	0.00708576	0.0178491	0.193791	0.0293607	0.00576987	0.0188481	0.0356758	0.0833964	0.118079	0.042448	0.0430977	0.0369531	0.000211367	0.00323387
61	0.0339182	0.00422976	0.3875	0.251676	0.00164296	0.00481902	0.00266639	0.00184839	0.0201127	0.00352466	0.00170551	0.0935332	0.00174755	0.0311417	0.0092678	0.101112	0.0447035	0.00290714	0.000498782	0.00144494
62	0.0176185	0.0038212	0.306749	0.0728795	0.0053444	0.0155148	0.12728	0.00351731	0.072521	0.00806012	0.00607863	0.173615	0.011065	0.0316749	0.0403748	0.0615901	0.0267612	0.0100484	0.00141025	0.00407602
63	0.0612631	0.0345203	0.105901	0.113615	0.00391987	0.0225633	0.0309303	0.00449812	0.0864948	0.0214794	0.00525924	0.0426303	0.255293	0.0543972	0.0235925	0.0535352	0.0484326	0.0280997	0.00101545	0.00256024
64	0.0129012	0.00386656	0.00708671	0.272908	0.0320747	0.032722	0.0061244	0.0054608	0.0346774	0.0103225	0.00474058	0.0345255	0.0033108	0.469281	0.00835434	0.0105627	0.0364351	0.00839338	0.00146201	0.0047902
65	0.0396209	0.00388324	0.016227	0.0107513	0.0119425	0.0106356	0.00404722	0.00483193	0.00683211	0.00740709	0.00980663	0.0187414	0.00249416	0.00711484	0.0367677	0.481446	0.310058	0.00798888	0.000819063	0.00858464
66	0.0200349	0.00408681	0.00766841	0.0112186	0.0822788	0.00601371	0.0290279	0.0124038	0.0117689	0.0170069	0.00522466	0.023086	0.0024291	0.011039	0.0335077	0.0119885	0.0176554	0.0151741	0.00802802	0.670359
67	0.00681335	0.0171332	0.00336532	0.00431319	0.0158035	0.00274362	0.578048	0.0294466	0.00524815	0.0437334	0.00244318	0.00584832	0.0144893	0.0207103	0.0686555	0.00607887	0.00527787	0.00458341	0.00062519	0.16464
68	0.0722364	0.0240993	0.00501173	0.00795513	0.0248172	0.00470091	0.0267903	0.00420257	0.0285962	0.00736813	0.0254017	0.0378705	0.00275517	0.0494222	0.0610778	0.184729	0.232694	0.00658494	0.000965603	0.192721
69	0.0322605	0.00310804	0.00329456	0.00501423	0.556226	0.00288526	0.0122885	0.0170627	0.0166335	0.01459	0.00282918	0.0102648	0.00162411	0.00445421	0.00847399	0.0112201	0.0485837	0.0353013	0.00893954	0.204945
70	0.042749	0.0104713	0.0197024	0.0202504	0.0260987	0.0119398	0.00875211	0.191189	0.0235017	0.223883	0.154606	0.014271	0.00861879	0.015725	0.0188075	0.0493357	0.0325326	0.115496	0.0028114	0.00925835
71	0.0260505	0.00182976	0.0293712	0.0518968	0.125793	0.00963658	0.26617	0.00257323	0.0520955	0.0132651	0.0139909	0.177367	0.00148183	0.0393326	0.0480929	0.00560948	0.0118136	0.00380118	0.0232718	0.0965577
72	0.00694429	0.00142438	0.0908408	0.166066	0.00741896	0.0128181	0.129022	0.00197951	0.103589	0.00286806	0.00181177	0.189166	0.00194656	0.0484085	0.0975064	0.060176	0.0721594	0.00366551	0.000472771	0.00171621
73	0.00842546	0.00188022	0.0870443	0.157098	0.00759851	0.0130358	0.136766	0.00196888	0.10784	0.00298273	0.00185527	0.192015	0.00186294	0.0494513	0.0941726	0.0588091	0.0697176	0.00378585	0.000745859	0.00294508
74	0.0119345	0.00371174	0.00449248	0.00643258	0.334553	0.00464106	0.00532988	0.0985394	0.00682335	0.361841	0.0287222	0.0064108	0.00462934	0.00950321	0.00939726	0.0121863	0.00965463	0.0728589	0.00179871	0.00654003
75	0.0593072	0.00582386	0.00505721	0.00726131	0.451987	0.00592194	0.0166622	0.0465068	0.0149936	0.056938	0.00552382	0.00963252	0.00509579	0.0086322	0.0134598	0.0148258	0.045696	0.0710564	0.0146824	0.140937
76	0.0120577	0.00307123	0.242221	0.0492113	0.00335384	0.0280479	0.0185236	0.00338737	0.0749246	0.00543771	0.00331271	0.237203	0.020446	0.0441729	0.0344629	0.174268	0.0362471	0.00591404	0.000682141	0.00305535
77	0.00762618	0.0147586	0.00343008	0.00529418	0.0189302	0.00274471	0.572952	0.0315043	0.00533299	0.0473912	0.00259005	0.00531327	0.0155882	0.0226533	0.0680072	0.0065397	0.00536141	0.00495998	0.0016002	0.157422
78	0.00646178	0.00424492	0.00116837	0.00172311	0.0019201	0.000972048	0.000905191	0.503381	0.00182683	0.0562644	0.00511616	0.0042849	0.00059376	0.00274487	0.00298264	0.00308018	0.00940484	0.387948	0.00157556	0.00340133
79	0.0041232	0.00132623	0.600468	0.0249905	0.00158249	0.107197	0.00847464	0.00166073	0.0165261	0.00257696	0.00148104	0.179937	0.00526867	0.00302172	0.00874217	0.0218528	0.00397921	0.00425646	0.000434934	0.00210039
80	0.0169962	0.0391977	0.008516	0.014869	0.0461908	0.00756733	0.00677646	0.343916	0.012307	0.200753	0.0666964	0.00992412	0.00997301	0.0126909	0.00961393	0.0136096	0.0199281	0.123784	0.0290344	0.00765546
81	0.0484308	0.00537385	0.183248	0.0878912	0.00194494	0.012616	0.0317871	0.00206561	0.116716	0.0642366	0.00226371	0.0765899	0.167918	0.0814447	0.0390285	0.036951	0.0215054	0.0175732	0.000436737	0.00197987
82	0.0836317	0.00120505	0.0145737	0.0793107	0.00133708	0.010251	0.00135443	0.00860811	0.0956709	0.0236732	0.00393705	0.00928302	0.525609	0.0320429	0.0652844	0.0271503	0.0131614	0.00237331	0.000387608	0.00115501
83	0.0593515	0.00574903	0.0707853	0.441699	0.00218435	0.0364915	0.00266011	0.0114347	0.0907595	0.00525512	0.00201855	0.0658997	0.00150374	0.0914703	0.0261494	0.0617148	0.00924819	0.0135456	0.000494308	0.00158557
84	0.0523274	0.0158068	0.0277494	0.0216564	0.00824799	0.0129877	0.185664	0.00327851	0.173591	0.00604249	0.00367272	0.161791	0.00177874	0.105872	0.124516	0.0424551	0.0193651	0.00694666	0.00769214	0.0185583
85	0.0899303	0.00227394	0.00299664	0.00426197	0.00221404	0.00265178	0.00234305	0.19208	0.014206	0.00408259	0.00275647	0.00353466	0.0012912	0.00821532	0.0284259	0.0134406	0.132684	0.484898	0.00557627	0.00213761
86	0.0247451	0.00177545	0.0287749	0.0506313	0.111892	0.0112829	0.275856	0.00275964	0.0471322	0.015511	0.011513	0.203505	0.00137857	0.041237	0.0451546	0.00525233	0.0128229	0.00392513	0.0150675	0.0897838
87	0.00943895	0.00487521	0.00582676	0.0113567	0.036472	0.0228886	0.0177843	0.28159	0.0101566	0.209914	0.0224377	0.0194637	0.0326944	0.0164931	0.00405899	0.0211185	0.0261521	0.231345	0.00127233	0.014662
88	0.00432741	0.00151239	0.629799	0.0269771	0.0017389	0.00863981	0.0313787	0.00181374	0.0345291	0.00321627	0.0018388	0.182571	0.00203203	0.00826953	0.0242465	0.0194547	0.00950206	0.00606522	0.000383315	0.00170386
89	0.00832329	0.00256401	0.0044785	0.00492207	0.0436689	0.0135302	0.0549758	0.137011	0.00688169	0.296041	0.00329222	0.0245955	0.0784968	0.0119491	0.00498028	0.0163501	0.0434667	0.212611	0.000867612	0.0309936
90	0.0867793	0.00457832	0.0841072	0.251503	0.0049375	0.014935	0.0149373	0.0444703	0.103553	0.0344487	0.0121754	0.0425158	0.0212339	0.0802222	0.0691327	0.0215167	0.0375108	0.0622133	0.000330183	0.00889979
91	0.361394	0.00189185	0.00332434	0.185037	0.0023175	0.0145264	0.0258538	0.00216529	0.167893	0.040884	0.00237151	0.0246693	0.00160887	0.04991	0.00406174	0.0186517	0.0286743	0.0507929	0.000619586	0.0133531
92	0.181099	0.00971618	0.0451512	0.267664	0.0791465	0.0224558	0.0187594	0.0156166	0.0507759	0.036996	0.0150651	0.03104	0.0117572	0.0453776	0.0362981	0.0497807	0.0347071	0.0285172	0.0029817	0.0170944
93	0.381225	0.0650698	0.0116958	0.0082875	0.0097055	0.135764	0.00462007	0.0169114	0.00808624	0.0238475	0.00846009	0.00772954	0.013714	0.00515389	0.00436463	0.189055	0.0513082	0.0478486	0.00101709	0.0061355
94	0.106588	0.00526678	0.0971403	0.21702	0.0062936	0.0149688	0.0160116	0.0149739	0.119607	0.0416852	0.00993839	0.0346908	0.0116249	0.0996458	0.110519	0.0217905	0.0311398	0.0354659	0.000103622	0.00552579
95	0.00784178	0.00411159	0.00400503	0.00453661	0.0352697	0.00350942	0.00729192	0.00293399	0.00544785	0.00432747	0.00251699	0.0129703	0.00167121	0.00409246	0.0126821	0.0064315	0.0085764	0.00719776	0.000734137	0.863852
96	0.0345065	0.00397987	0.410064	0.202455	0.00342807	0.017151	0.0348413	0.0030665	0.0306881	0.00869174	0.00478129	0.0931023	0.00806435	0.0298578	0.016556	0.0593777	0.0277177	0.00803607	0.000823283	0.00281099
97	0.15633	0.00236084	0.130652	0.210307	0.00285856	0.0110669	0.0202459	0.00462426	0.132189	0.0235742	0.00788791	0.0479111	0.0037726	0.0869342	0.0957759	0.0246429	0.0231016	0.0124983	0.000208098	0.00305907
98	0.18884	0.00321425	0.0343359	0.0701762	0.0038373	0.00693387	0.00518737	0.00425822	0.249912	0.116814	0.0261287	0.00943854	0.00342991	0.0746832	0.0416186	0.108494	0.0342041	0.0120475	0.000938763	0.00550694
99	0.0270052	0.00817506	0.0121167	0.0168986	0.021296	0.00793975	0.0070167	0.267648	0.0144368	0.210423	0.14281	0.0111453	0.00864131	0.0170799	0.0142852	0.0177378	0.0257396	0.159124	0.00313587	0.00734573
100	0.126255	0.00353999	0.0141371	0.0782739	0.00149829	0.00977283	0.00278408	0.00667211	0.36334	0.0167772	0.00225224	0.00358334	0.0118084	0.0738925	0.140564	0.0417706	0.061161	0.0400857	0.000417486	0.00141331
101	0.303019	0.00188162	0.107981	0.196984	0.0145246	0.0263756	0.00599739	0.00250169	0.0918011	0.0193401	0.00234882	0.0342603	0.00225612	0.0259116	0.0138976	0.124778	0.0193029	0.00392504	0.000615927	0.0022979
102	0.453543	0.085007	0.00277998	0.00438323	0.0606045	0.00661864	0.00265247	0.0419996	0.0380316	0.0427498	0.032203	0.00430093	0.00202395	0.00405248	0.00397571	0.0426188	0.0184965	0.112421	0.000823596	0.0407142
103	0.0372894	0.00783732	0.0559767	0.0420996	0.00647336	0.712216	0.00324906	0.0026777	0.0265935	0.00406123	0.00156653	0.0301536	0.00228068	0.00944747	0.00850349	0.0293818	0.0128294	0.00433088	0.000603226	0.00242902
104	0.117409	0.00328277	0.0117609	0.0301864	0.00417916	0.337483	0.0100351	0.00528921	0.133376	0.0121317	0.00330404	0.0436966	0.00270393	0.0910163	0.149498	0.0218127	0.0100412	0.00695984	0.000757212	0.00507695
105	0.00720897	0.00413495	0.00129562	0.00201017	0.00187802	0.00102508	0.000981199	0.507109	0.00196306	0.0542189	0.00491972	0.00430539	0.00072114	0.00294157	0.00321802	0.00324991	0.00996152	0.383698	0.00172917	0.00343087
106	0.00678473	0.00167315	0.467901	0.111471	0.00239563	0.00269868	0.180672	0.00248691	0.0204578	0.00395867	0.0144634	0.100366	0.00136669	0.0280949	0.0163992	0.00855042	0.0175132	0.00972942	0.000838404	0.0021788
107	0.00557922	0.00375028	0.00124675	0.00295459	0.0183506	0.0014785	0.000942097	0.258593	0.00396699	0.389625	0.0818743	0.00177313	0.000872043	0.00211213	0.00171721	0.00342628	0.00518311	0.214551	0.000906697	0.00109661
108	0.0416009	0.00915217	0.0174073	0.0473778	0.22334	0.0117522	0.0293003	0.0327974	0.0241666	0.194289	0.0352759	0.0249679	0.0116577	0.115938	0.0439237	0.0288872	0.0350859	0.0402624	0.00350015	0.0293182
109	0.00472602	0.00409991	0.000886091	0.00120961	0.0181918	0.00140625	0.000878507	0.286973	0.00270438	0.328242	0.0844618	0.00173024	0.000468548	0.00140641	0.00106822	0.00329684	0.00197788	0.254756	0.000870508	0.000645772
110	0.326727	0.0332691	0.018455	0.0217161	0.0135697	0.133694	0.0087379	0.0299961	0.0223706	0.0901067	0.0170422	0.0149181	0.0138196	0.0199772	0.0154282	0.105661	0.0427494	0.0601408	0.00221747	0.00940394
111	0.0386447	0.00842103	0.0584195	0.0369798	0.00760187	0.71146	0.00319556	0.00325452	0.0248439	0.00463719	0.00201029	0.0313773	0.00217453	0.00677917	0.00588484	0.0325812	0.0140782	0.00449628	0.000926814	0.00223369
112	0.00449276	0.00709399	0.00112371	0.00195205	0.00885376	0.000995159	0.000562242	0.336758	0.00201035	0.181382	0.0379549	0.00208	0.00106525	0.00272196	0.000946305	0.00174511	0.00507099	0.401222	0.000468018	0.00150063
113	0.0436324	0.00897557	0.0562396	0.0383346	0.00782054	0.687733	0.0039133	0.00321013	0.0261098	0.00600716	0.00287128	0.0342805	0.00416333	0.0105664	0.00801996	0.0332693	0.0147431	0.00692294	0.000459904	0.00272718
114	0.133921	0.00349713	0.0110358	0.0747772	0.00419138	0.00662058	0.0332366	0.00593517	0.0376709	0.00872691	0.00788621	0.0420204	0.075516	0.00850114	0.0330458	0.0880001	0.172778	0.222881	0.00129554	0.0284634
115	0.00752199	0.00189194	0.567937	0.0682626	0.00222466	0.00649364	0.101763	0.00214752	0.0236276	0.00374664	0.00777229	0.125817	0.00337907	0.016981	0.0155372	0.0140778	0.0125492	0.0153288	0.000736573	0.00220491
116	0.0428855	0.00870579	0.0591224	0.0370991	0.00796606	0.690752	0.00439909	0.00245912	0.0265749	0.00756724	0.00570106	0.0297664	0.00410971	0.00887775	0.00755879	0.0335937	0.0133375	0.00624184	0.000625916	0.00265586
117	0.0315054	0.0142663	0.0301534	0.034975	0.0238931	0.00936876	0.42341	0.0224069	0.0369104	0.035062	0.0100994	0.053591	0.0113688	0.0376087	0.0635366	0.027082	0.0242865	0.0130037	0.00290428	0.0945682
118	0.00464539	0.00626743	0.00190686	0.00383646	0.0109935	0.00155592	0.000694005	0.340706	0.00322667	0.211199	0.0482527	0.00239274	0.00277308	0.00391799	0.000938469	0.0022907	0.00592157	0.346637	0.000633078	0.00121206
119	0.377802	0.0189106	0.0234526	0.0151006	0.00663897	0.341108	0.00312276	0.00622939	0.0191842	0.00966504	0.00401456	0.0144126	0.00493166	0.0123999	0.00745779	0.0978626	0.0183835	0.0162844	0.00055284	0.00248635
120	0.0416215	0.00722028	0.0108229	0.0126271	0.557096	0.00655822	0.0223676	0.0226793	0.0245694	0.0479781	0.00914326	0.0215263	0.00363272	0.0133816	0.01398	0.0206368	0.0362619	0.0341275	0.00743797	0.0863314
121	0.0431246	0.0114789	0.0763279	0.0609175	0.0163749	0.074012	0.0529058	0.0189042	0.0615492	0.0296328	0.010697	0.308561	0.0123142	0.0355127	0.0406998	0.0505722	0.0415566	0.0246201	0.00367841	0.02656
122	0.0865841	0.00832644	0.0849352	0.276087	0.0199222	0.0292499	0.0215234	0.0191149	0.0773884	0.0311155	0.0129581	0.0515902	0.0202667	0.0719167	0.0535173	0.0540367	0.0371769	0.0298976	0.00252158	0.0118713
123	0.102693	0.00653687	0.0334013	0.0809284	0.00330218	0.0196634	0.00766468	0.00845241	0.0985021	0.0235303	0.00880419	0.0192872	0.423595	0.0344229	0.052249	0.0361914	0.0249247	0.0115384	0.000955623	0.00335743
124	0.102423	0.0422596	0.0547129	0.0200092	0.0978411	0.453984	0.00650709	0.00658321	0.0151134	0.010107	0.00608254	0.0165647	0.00608753	0.0119159	0.0105284	0.0689734	0.0514934	0.0111884	0.00133781	0.00628735
125	0.0350652	0.00535965	0.0173082	0.0179446	0.0158257	0.0108036	0.00900894	0.00691585	0.0121719	0.0116393	0.00979784	0.0211544	0.00514595	0.0117533	0.049751	0.415815	0.320525	0.0121755	0.00100343	0.0108356
126	0.059874	0.00644512	0.0941645	0.0994857	0.00914304	0.126875	0.0145003	0.00641746	0.0322368	0.0144045	0.00803589	0.0478861	0.0220873	0.0244712	0.0230893	0.308704	0.0849325	0.0120572	0.000883894	0.00430613
127	0.0401454	0.00648056	0.0166067	0.0408907	0.187507	0.0068828	0.0166672	0.0450227	0.0148524	0.307779	0.100621	0.0135504	0.00387709	0.0384802	0.0592816	0.0201232	0.0223084	0.0284253	0.00318586	0.0273117
128	0.337909	0.00198979	0.0437094	0.0392856	0.00276952	0.0227816	0.0311344	0.0029989	0.0440361	0.00617608	0.0291283	0.0795947	0.00426219	0.022654	0.0199897	0.104065	0.113694	0.0747617	0.000699352	0.0183615
129	0.0425308	0.00629417	0.0199064	0.017412	0.011931	0.0178276	0.00685602	0.00717343	0.0118417	0.00962149	0.0120782	0.024037	0.00465898	0.0100299	0.0224349	0.45	0.307027	0.0127397	0.000724876	0.00487457
130	0.0344137	0.00599358	0.0182469	0.0345338	0.00748006	0.0964782	0.0562959	0.00789309	0.150208	0.0967765	0.007045	0.0218838	0.00529707	0.0707771	0.32588	0.0189683	0.0163243	0.0152718	0.00223876	0.00799429
131	0.0536779	0.0155044	0.0247858	0.033412	0.0224561	0.0154714	0.0137182	0.026923	0.0322552	0.03515	0.0168221	0.0356855	0.0204611	0.0247188	0.032373	0.16732	0.375763	0.0392033	0.00185973	0.0124395
132	0.0355746	0.0131733	0.0204708	0.0310156	0.0204229	0.0102347	0.350812	0.0131211	0.0767067	0.0258208	0.00682215	0.0554754	0.00674362	0.0842414	0.124578	0.0250528	0.017039	0.00793542	0.00486586	0.0698942
133	0.0110428	0.00915256	0.0139343	0.0320653	0.00858814	0.00627731	0.00089598	0.418969	0.0193573	0.100909	0.0270599	0.00681606	0.0278177	0.0294087	0.003236	0.00482719	0.0322143	0.244056	0.00100144	0.00237103
134	0.110591	0.00837416	0.0127475	0.0353489	0.00670961	0.0116898	0.00829717	0.0614148	0.201416	0.0172463	0.00765963	0.012994	0.00825041	0.0283503	0.047177	0.0268654	0.100257	0.285308	0.00288661	0.00641566
135	0.0532445	0.00658504	0.0761993	0.104163	0.0573318	0.00764974	0.0062043	0.00541848	0.0105384	0.0111307	0.00572601	0.0654534	0.00328439	0.0133046	0.0638989	0.248283	0.222171	0.0328177	0.0010372	0.00555855
136	0.0310699	0.0106324	0.015411	0.0252413	0.040063	0.00997556	0.0163821	0.148045	0.0203971	0.363216	0.0790205	0.0156824	0.0138514	0.0177585	0.0177631	0.0174237	0.0222107	0.114527	0.00316009	0.018169
137	0.293393	0.00323993	0.0608342	0.0289255	0.00334819	0.0171447	0.0370273	0.00493846	0.031037	0.00828466	0.0376362	0.0992542	0.00459784	0.0187318	0.0166211	0.0905879	0.144322	0.0848087	0.00127681	0.0139904
138	0.103052	0.00565991	0.0100665	0.130432	0.00707194	0.0025381	0.108433	0.00250758	0.107371	0.0196298	0.0560675	0.00836756	0.0222234	0.122275	0.0919295	0.0337635	0.0272291	0.0334023	0.000534064	0.107447
139	0.0542716	0.00925931	0.180228	0.401784	0.00204479	0.0215984	0.00283706	0.00636647	0.0630336	0.00460779	0.00174912	0.0701887	0.00172506	0.0662408	0.0192428	0.0680096	0.0171002	0.00795371	0.00036703	0.00139199
140	0.0612336	0.0158831	0.0265056	0.031831	0.0232708	0.0137166	0.016409	0.031922	0.0267885	0.0360318	0.019332	0.0327245	0.0211062	0.0228059	0.0308002	0.169546	0.357002	0.0495912	0.00259846	0.0109023
141	0.0250842	0.0024454	0.0157192	0.0418694	0.00372999	0.00379552	0.00375667	0.287662	0.0494375	0.105334	0.0314878	0.00445438	0.00188217	0.0313742	0.176527	0.0103788	0.0266831	0.174706	0.000886083	0.00278671
142	0.0408113	0.00210799	0.0269257	0.084265	0.00228326	0.00325295	0.00270401	0.228984	0.0378425	0.156524	0.0346966	0.0036496	0.00225146	0.0507056	0.120944	0.00616023	0.0316979	0.160695	0.000722485	0.00277653
143	0.207036	0.00528505	0.17458	0.0138849	0.00623303	0.0223033	0.00957045	0.00627956	0.0133715	0.0215533	0.0662858	0.023134	0.00479262	0.0239967	0.0107894	0.193033	0.0215723	0.162879	0.00165072	0.0117696
144	0.0471654	0.0114384	0.0820831	0.0542242	0.0197393	0.0638794	0.0555949	0.0151246	0.0555957	0.0311139	0.0130398	0.31221	0.0145922	0.0354188	0.038902	0.0470113	0.0507987	0.0236147	0.00381344	0.0246397
145	0.63198	0.0243529	0.00474974	0.00369925	0.00386685	0.0329505	0.00229379	0.00469464	0.0167921	0.00732468	0.002717	0.00718407	0.0029185	0.00298792	0.00317829	0.213223	0.0157434	0.0162293	0.000536412	0.00257743
146	0.0482339	0.00687988	0.011895	0.0524359	0.00447149	0.014226	0.00973492	0.0366573	0.366708	0.010312	0.00439951	0.0440604	0.00602667	0.0867755	0.227919	0.028939	0.0200949	0.0154491	0.000933087	0.00384771
147	0.0337042	0.00788053	0.0143525	0.0212758	0.399468	0.00869503	0.0845674	0.012973	0.0282008	0.0216911	0.00753429	0.0839695	0.00308348	0.0189185	0.0204827	0.015625	0.0297186	0.025078	0.0107289	0.152053
148	0.0382574	0.00829778	0.00877255	0.0117514	0.557403	0.00606044	0.016562	0.0270356	0.0214841	0.0640991	0.00936195	0.0164173	0.00419116	0.0142328	0.0138503	0.0224329	0.0337273	0.0354737	0.00929	0.0812991
149	0.0058327	0.00167096	0.422994	0.0514988	0.00216773	0.240356	0.00307881	0.00245231	0.0166948	0.00352074	0.00189522	0.174862	0.0130669	0.00380757	0.00397872	0.0411691	0.00490541	0.00369315	0.00062228	0.0017322
150	0.00794078	0.00205806	0.0643429	0.0200688	0.00246918	0.294716	0.0173915	0.00267147	0.00559706	0.00423154	0.00240162	0.515697	0.00174814	0.00412786	0.00454307	0.0213006	0.00614828	0.00450966	0.000757044	0.0172792
151	0.00523153	0.00132389	0.598611	0.0380696	0.00150267	0.0103396	0.0268248	0.00147961	0.0432111	0.00249735	0.00187618	0.169889	0.00444733	0.0125703	0.0272127	0.0354227	0.0129779	0.00504362	0.0003404	0.00112939
152	0.0107871	0.00929827	0.0134767	0.0311102	0.00881196	0.00651276	0.00089125	0.422291	0.0191932	0.101205	0.0271757	0.00689266	0.0279065	0.028809	0.00232845	0.0049515	0.0322844	0.24272	0.00100362	0.00235083
153	0.0555435	0.0131455	0.11618	0.108067	0.00564384	0.00360975	0.00245509	0.00236273	0.00450479	0.0154034	0.00304007	0.18709	0.00186819	0.0354967	0.019425	0.259961	0.157971	0.00560562	0.000537443	0.00208891
154	0.0638551	0.00399893	0.0487995	0.0508059	0.00434982	0.00535966	0.00474211	0.00390824	0.177885	0.105004	0.0261517	0.00740761	0.00297911	0.36826	0.0487368	0.0350673	0.0100643	0.00761699	0.00088185	0.0241263
155	0.0631543	0.0119896	0.022984	0.0433856	0.0174915	0.0149633	0.0199257	0.0962846	0.0450015	0.0476611	0.0170285	0.0225331	0.0214027	0.0879599	0.0395972	0.0366106	0.135319	0.240759	0.00281681	0.013132
156	0.0751302	0.00724566	0.0333316	0.0654883	0.00633634	0.0154603	0.0114633	0.0174515	0.0706122	0.0267096	0.0130853	0.0181822	0.452894	0.0300877	0.0407585	0.0348977	0.0489993	0.0245579	0.00118017	0.00612819
157	0.0552335	0.00300852	0.0120878	0.101432	0.00426167	0.00545948	0.0715435	0.0041484	0.184251	0.00679814	0.00356769	0.0549789	0.00268668	0.0339323	0.161543	0.0506366	0.210134	0.029412	0.00093759	0.00394714
158	0.0567327	0.00688908	0.0106018	0.101496	0.075389	0.00422107	0.058426	0.00769722	0.0238895	0.155202	0.0451961	0.0398694	0.0075572	0.136521	0.122219	0.0474464	0.0457961	0.0231612	0.00108659	0.0306022
159	0.431896	0.0570585	0.00453004	0.00232322	0.0102601	0.0765032	0.0013089	0.0195342	0.00524478	0.030827	0.0106732	0.00199019	0.00373305	0.00264351	0.00196773	0.196024	0.0681219	0.0672255	0.000364257	0.00777109
160	0.00562906	0.002763	0.0011699	0.00240715	0.0202471	0.00166885	0.00104862	0.250461	0.00425268	0.425866	0.0905549	0.00194495	0.000555504	0.00177604	0.00178322	0.00379056	0.00182696	0.180008	0.000979052	0.00126643
161	0.0267989	0.00461174	0.0154808	0.0121107	0.0135614	0.012006	0.00484252	0.00720744	0.00952594	0.00859505	0.00868836	0.0180962	0.00274395	0.00796135	0.0197062	0.425512	0.388137	0.0082487	0.000961669	0.00520436
162	0.0142228	0.00869406	0.00903787	0.0206641	0.00710491	0.00490815	0.00158221	0.368149	0.01391	0.0968599	0.0317433	0.00592827	0.015512	0.0302187	0.00626247	0.00498589	0.0270941	0.329334	0.00125557	0.00253272
163	0.0476373	0.00843776	0.0526529	0.0363159	0.00566862	0.701636	0.00518809	0.00252228	0.0281374	0.00445422	0.00269616	0.0325285	0.0026333	0.011889	0.00753984	0.0293159	0.0126566	0.00491501	0.000836999	0.00233785
164	0.00431184	0.00712729	0.00106088	0.00194009	0.00698681	0.00087163	0.000523827	0.350723	0.00167074	0.157169	0.0273088	0.0024598	0.00114333	0.00250089	0.000888169	0.00155684	0.00560912	0.423865	0.000441769	0.00184105
165	0.238735	0.00342304	0.00526024	0.00707621	0.00453169	0.419425	0.00434355	0.00392856	0.0759717	0.0073722	0.00324441	0.0141515	0.0024325	0.110435	0.0460702	0.0332849	0.00868039	0.00654777	0.00132247	0.00376349
166	0.0564933	0.0145197	0.0261927	0.0366644	0.0220913	0.0164904	0.0158047	0.0306276	0.0282386	0.0346887	0.0173043	0.0322316	0.0191001	0.023858	0.0307016	0.162518	0.36998	0.0458819	0.00266801	0.0139447
167	0.00481202	0.00615167	0.00158932	0.00329602	0.00538767	0.001183	0.000699739	0.409869	0.00265544	0.122683	0.0200343	0.00330566	0.00240048	0.00387506	0.00130472	0.00203947	0.00818007	0.397342	0.000755897	0.00243516
168	0.0217142	0.0246035	0.0112257	0.0149176	0.0152503	0.00494403	0.0166286	0.00879902	0.00778211	0.33913	0.382232	0.00726346	0.00284359	0.0118714	0.0285114	0.010148	0.0624031	0.0119878	0.00119396	0.0165505
169	0.0465642	0.00507857	0.300948	0.321668	0.0016223	0.010631	0.00249889	0.00298113	0.0414954	0.0031082	0.00149368	0.0859732	0.00128989	0.0396021	0.0153383	0.0867494	0.0271072	0.00409208	0.000382705	0.0013759
170	0.792555	0.00374952	0.00138583	0.00174921	0.00102201	0.00822698	0.0012161	0.0010807	0.0101213	0.00166052	0.00086735	0.00708515	0.00080035	0.0017556	0.00174108	0.160005	0.00198243	0.00180684	0.000248135	0.000940537
171	0.0362443	0.00386815	0.00854259	0.0618837	0.000860312	0.00719366	0.00128696	0.00551529	0.349939	0.00172026	0.000733393	0.0620929	0.000833585	0.122652	0.306404	0.0208296	0.00704657	0.00132492	0.000352765	0.00067631
172	0.0305367	0.00313272	0.0853989	0.213197	0.0157935	0.0146398	0.0992812	0.00602253	0.103567	0.00999696	0.0039151	0.123472	0.00636749	0.0596231	0.0791735	0.0562447	0.0742899	0.0107951	0.000784532	0.00376746
173	0.00569166	0.00594146	0.0015747	0.00315219	0.00408037	0.0012366	0.000689977	0.428968	0.00267851	0.0985187	0.0138605	0.00384081	0.00215474	0.0040046	0.00205996	0.00252379	0.00883344	0.406134	0.0011585	0.00289696
174	0.00426683	0.00505717	0.000814921	0.00112057	0.0167818	0.00114201	0.000816486	0.292661	0.00191761	0.290296	0.0775627	0.0015289	0.000452354	0.00136551	0.00100339	0.00272774	0.00213691	0.29687	0.000834634	0.000644568
175	0.00432978	0.00510581	0.000869318	0.00124895	0.0166743	0.00116454	0.000806681	0.294155	0.00202864	0.288654	0.076825	0.00156369	0.00052389	0.0014882	0.00100213	0.00274281	0.0023174	0.297012	0.000825353	0.000662024
176	0.00539585	0.0026655	0.00104132	0.00177996	0.0195525	0.00163519	0.000961485	0.254612	0.00404986	0.42174	0.0903916	0.00191294	0.000511485	0.0015804	0.00145527	0.00379649	0.00173402	0.183442	0.000912206	0.000830254
177	0.402725	0.0709363	0.00332007	0.00648783	0.0114278	0.0185873	0.00277379	0.151415	0.0107553	0.0390887	0.0158098	0.00404308	0.00325629	0.00408408	0.00403585	0.0245547	0.0143046	0.204238	0.000577942	0.00757837
178	0.0135186	0.0455943	0.0062023	0.0076663	0.0662837	0.00523254	0.0043364	0.0502561	0.0292172	0.120473	0.00576073	0.0603323	0.00277983	0.0290278	0.0280774	0.0780553	0.408681	0.0338452	0.00104096	0.00361893
179	0.03829	0.00882381	0.0578633	0.0372661	0.00742041	0.717017	0.00317154	0.0027177	0.024217	0.00455417	0.00229398	0.0311569	0.00406867	0.00823785	0.00648305	0.0269152	0.0125725	0.00452449	0.000494947	0.00191155
180	0.144927	0.00310596	0.00542474	0.0825377	0.0646257	0.0892768	0.0435845	0.0271799	0.00723022	0.0269669	0.00350743	0.00670465	0.0436652	0.0579536	0.0663564	0.166307	0.0501204	0.0476327	0.00124873	0.061644
181	0.128709	0.00374856	0.0570746	0.0396622	0.00420607	0.0975753	0.0974137	0.00429442	0.0916531	0.00608341	0.0048879	0.195799	0.0141262	0.0697694	0.030242	0.0879118	0.035336	0.0256976	0.000862409	0.0049477
182	0.0722114	0.0096218	0.0267314	0.0689156	0.00945252	0.0201007	0.0195763	0.0156356	0.311548	0.0268952	0.0109233	0.0462618	0.0218733	0.0862327	0.14931	0.0372246	0.0330855	0.0231897	0.00185099	0.00935962
183	0.792555	0.00374952	0.00138583	0.00174921	0.00102201	0.00822698	0.0012161	0.0010807	0.0101213	0.00166052	0.00086735	0.00708515	0.00080035	0.0017556	0.00174108	0.160005	0.00198243	0.00180684	0.000248135	0.000940537
184	0.0558136	0.00263822	0.034628	0.0983442	0.0663507	0.00485246	0.0264146	0.0468991	0.01068	0.287749	0.0926177	0.00802781	0.00249486	0.0847214	0.047411	0.0103912	0.0177286	0.0219399	0.000684946	0.0796131
185	0.217293	0.0215762	0.0277104	0.0524114	0.015206	0.029697	0.0175966	0.114569	0.0420761	0.0405592	0.0183749	0.0210622	0.154129	0.0296382	0.0292004	0.0507448	0.0361932	0.0653505	0.00311681	0.0134951
186	0.00455879	0.00712839	0.000745116	0.00125447	0.0071058	0.000877688	0.000745543	0.33821	0.00127173	0.159187	0.027789	0.00263283	0.000705488	0.00208887	0.000808993	0.0016309	0.00502422	0.435776	0.000352837	0.00210591
187	0.123532	0.011778	0.0194523	0.104316	0.0135765	0.00313959	0.165081	0.00271947	0.112801	0.018668	0.0240336	0.0147981	0.0092329	0.133306	0.096736	0.0298752	0.0171909	0.0147413	0.00083813	0.0841836
188	0.138682	0.00757903	0.0366945	0.117703	0.00824019	0.00502312	0.121922	0.00284422	0.119173	0.0180143	0.0245753	0.0229864	0.0086594	0.134145	0.104721	0.0291595	0.021898	0.0154183	0.000568489	0.0619931
189	0.361351	0.0760554	0.00472921	0.00477413	0.00884567	0.0676972	0.00262051	0.0212705	0.00585553	0.0509385	0.0366867	0.00470919	0.00287873	0.00600584	0.0034068	0.143559	0.112408	0.0783676	0.000552172	0.00728741
190	0.00508274	0.0085264	0.00240904	0.00552673	0.00616501	0.00157969	0.000503561	0.372743	0.00374561	0.128143	0.0213805	0.00326284	0.00430062	0.0061043	0.00121142	0.00220707	0.0106122	0.413629	0.00056418	0.00230321
191	0.0737606	0.00855992	0.0582596	0.190662	0.0243038	0.0169991	0.0318764	0.0181718	0.0689587	0.0844617	0.0162557	0.0812325	0.0193192	0.121646	0.0660843	0.0363787	0.03613	0.0293111	0.00200026	0.0156287
192	0.0208261	0.00853361	0.0656338	0.0463013	0.0045014	0.755141	0.00138739	0.00127564	0.0274021	0.00181118	0.000937268	0.0277542	0.000901559	0.00197122	0.00188844	0.0191369	0.0112119	0.00205855	0.000317584	0.00100855
