202	20
1	0.0730315	0.0011775	0.014301	0.0109052	0.0172458	0.0265445	0.0318972	0.00580618	0.0148797	0.0414062	0.00309402	0.0145892	0.492751	0.0217561	0.029964	0.119731	0.0563274	0.0160828	0.000413089	0.00809661
2	0.0259261	0.00232154	0.0153084	0.0600912	0.00118484	0.00677319	0.0246874	0.00256645	0.397937	0.00988526	0.00928535	0.0640605	0.0319138	0.0600989	0.214222	0.0194044	0.039729	0.00487809	0.000605335	0.00912151
3	0.00550688	0.025874	0.00329415	0.00383335	0.427147	0.0154574	0.0247563	0.0536343	0.00463929	0.01737	0.0327734	0.0274035	0.0141462	0.00415828	0.00558294	0.013064	0.0124433	0.0173787	0.00878337	0.282753
4	0.0272938	0.00312105	0.407544	0.262557	0.00102727	0.0638661	0.0417301	0.00287123	0.0283373	0.00646589	0.00124326	0.0520175	0.0075904	0.024414	0.0108285	0.0351926	0.0138352	0.00635907	0.000452412	0.00325321
5	0.0402144	0.16488	0.015813	0.0217773	0.0070791	0.03978	0.0234748	0.032014	0.0185968	0.0224777	0.0095924	0.061857	0.0114089	0.0211301	0.0222888	0.219881	0.142165	0.0694523	0.00220706	0.0539106
6	0.0125134	0.00121016	0.00103656	0.00132655	0.0167041	0.00157371	0.0078507	0.141328	0.0047391	0.570756	0.112523	0.00166085	0.0008669	0.00606644	0.00166412	0.00490523	0.0059824	0.0951704	0.0040558	0.00806725
7	0.0118482	0.00122075	0.00115795	0.00137485	0.0169129	0.00161365	0.00822101	0.125064	0.00516485	0.596737	0.111076	0.0018132	0.000905324	0.00635888	0.00172823	0.00525167	0.00593935	0.0856453	0.00455898	0.00740833
8	0.0480962	0.00589407	0.317509	0.194035	0.00538419	0.0637213	0.0370437	0.013182	0.0370298	0.014915	0.00402079	0.0797752	0.0226961	0.0316499	0.0233216	0.0465329	0.0235995	0.0187908	0.0018788	0.0109241
9	0.0673062	0.00257076	0.271914	0.229185	0.00194052	0.0457028	0.0264893	0.0103658	0.0381636	0.00993157	0.00219143	0.0668062	0.0486152	0.0197352	0.033339	0.0611768	0.0392214	0.0199316	0.000630748	0.00478313
10	0.0967852	0.0201535	0.0376738	0.0473665	0.0143308	0.030926	0.0261131	0.0551583	0.0540383	0.0450074	0.015787	0.0570147	0.0381277	0.0280001	0.0465804	0.143181	0.162205	0.0619654	0.00296263	0.016624
11	0.020045	0.0036178	0.00201225	0.00322838	0.0193766	0.00266031	0.00804305	0.190985	0.00629625	0.455774	0.0997932	0.00324197	0.00219486	0.00754346	0.00389991	0.00688359	0.0121326	0.140621	0.0028382	0.00881246
12	0.00659372	0.0226532	0.00425294	0.0044682	0.371103	0.0113965	0.0668495	0.039263	0.00766056	0.0168121	0.0176945	0.0391653	0.0102492	0.00528414	0.00769281	0.0143497	0.0126772	0.0193713	0.00861583	0.313847
13	0.0704985	0.00125924	0.0150187	0.011315	0.016371	0.0253676	0.0339543	0.00444087	0.0150482	0.041119	0.00229049	0.0154252	0.501878	0.021668	0.0287275	0.119693	0.0537499	0.0144438	0.000615408	0.00711648
14	0.00983893	0.023538	0.00337934	0.00483444	0.159861	0.0299316	0.0163999	0.0247395	0.0276401	0.348067	0.0874464	0.0126454	0.031088	0.0582376	0.0419633	0.0293977	0.00704269	0.0336053	0.000842726	0.0495008
15	0.0399398	0.00836802	0.0138727	0.0122855	0.00723201	0.0446558	0.0287099	0.00563724	0.026257	0.00436053	0.00171941	0.177501	0.0034811	0.017398	0.0154175	0.463589	0.114243	0.0081069	0.00050522	0.00671984
16	0.132667	0.0320668	0.0084757	0.00968729	0.00473038	0.00814823	0.0306666	0.10951	0.0103348	0.14748	0.00547795	0.0084804	0.00681696	0.00917147	0.00987048	0.206569	0.205344	0.0448669	0.00231521	0.00732086
17	0.0594075	0.0101171	0.163049	0.182656	0.00533297	0.174942	0.0309145	0.0129626	0.0448709	0.0174236	0.00644292	0.0520118	0.0130982	0.0439159	0.0453356	0.0820018	0.027211	0.0177823	0.00239582	0.0081296
18	0.0135374	0.00128435	0.00099639	0.00117229	0.0138468	0.00143894	0.00629087	0.230953	0.00418172	0.454522	0.110193	0.00167752	0.000888434	0.00520873	0.00161628	0.00420873	0.00705414	0.128798	0.00280485	0.00932632
19	0.263201	0.0309577	0.0348715	0.0204616	0.00391509	0.16235	0.0129149	0.00969678	0.0139152	0.0319399	0.00529751	0.0544469	0.0275049	0.0153724	0.0466938	0.191621	0.0262126	0.0157324	0.00144717	0.0314475
20	0.0310944	0.0456067	0.00189872	0.00194158	0.0238235	0.00182872	0.00372909	0.279127	0.00378099	0.160449	0.050927	0.00188732	0.0012396	0.00347444	0.00374971	0.00649894	0.0268092	0.343379	0.000349711	0.00840521
21	0.0684237	0.012754	0.0161685	0.00547874	0.00207966	0.0519732	0.00781544	0.0165606	0.215974	0.0573302	0.025235	0.00411535	0.0117842	0.00707867	0.404064	0.0240834	0.0441565	0.0195622	0.00274697	0.00261577
22	0.0239565	0.0021563	0.0120715	0.0489519	0.0011812	0.00436997	0.021261	0.00211084	0.433488	0.0126011	0.00830004	0.0746467	0.0147767	0.0619874	0.2142	0.0139472	0.0356186	0.0048136	0.000542404	0.00901874
23	0.0534731	0.0140349	0.0452857	0.0509841	0.00658255	0.066945	0.0334413	0.0118672	0.0539577	0.0143406	0.00823659	0.161735	0.0173716	0.0292607	0.0699302	0.257706	0.0706629	0.0188049	0.00207399	0.0133065
24	0.0706482	0.014321	0.0459065	0.0471716	0.0373759	0.0296226	0.0368738	0.156226	0.0340179	0.0765718	0.026355	0.0956426	0.0226218	0.0378602	0.0299771	0.0489191	0.0459756	0.102679	0.00411553	0.0371186
25	0.0124446	0.00180315	0.11312	0.311515	0.00600088	0.037928	0.0237462	0.0240811	0.115258	0.0105589	0.00223161	0.0349754	0.00235446	0.210958	0.0337362	0.0202007	0.0175351	0.0136066	0.00538465	0.00256148
26	0.0433233	0.00339558	0.349725	0.300667	0.00129906	0.0604277	0.043506	0.00422353	0.0252284	0.0100695	0.00151394	0.0408353	0.0106953	0.0216507	0.0132539	0.0408111	0.0185369	0.00781625	0.000486159	0.00253521
27	0.00506689	0.0210792	0.00277497	0.00330378	0.444502	0.01155	0.0210147	0.0443974	0.00387808	0.0100785	0.0205668	0.0310389	0.0104579	0.00325369	0.00476678	0.0142415	0.0133733	0.0186436	0.0101161	0.305896
28	0.0140757	0.0028063	0.00142006	0.00183358	0.0236027	0.00287484	0.00903006	0.133026	0.00712073	0.553362	0.113258	0.00301014	0.00238953	0.00903391	0.00394841	0.0064908	0.00734953	0.0910909	0.00397151	0.0103052
29	0.0455521	0.00825295	0.00235397	0.00772386	0.0265812	0.00263379	0.00676269	0.267143	0.00699378	0.164334	0.0602016	0.00192245	0.00390842	0.0099805	0.00819528	0.0123069	0.0334248	0.326848	0.000289331	0.00459148
30	0.0167316	0.00300883	0.116762	0.25621	0.00808198	0.0408036	0.0424363	0.0128044	0.128231	0.00772413	0.00262162	0.0532488	0.00228895	0.197786	0.0482698	0.0283434	0.0139881	0.0094678	0.00687461	0.00431679
31	0.0191524	0.00127612	0.00878471	0.0486662	0.000975682	0.00290824	0.0193414	0.00190317	0.462937	0.0119113	0.00909019	0.0525868	0.0137028	0.0559847	0.230482	0.0122452	0.032202	0.0051919	0.000599082	0.0100592
32	0.0095296	0.0345421	0.00320781	0.0044446	0.18201	0.0245508	0.0168322	0.0275246	0.0231019	0.346529	0.0801922	0.0132292	0.0250766	0.0516106	0.0337745	0.0212679	0.00716614	0.0309724	0.00167382	0.0627639
33	0.0133733	0.00661925	0.00976638	0.0103334	0.00403111	0.46779	0.1184	0.00824936	0.0121215	0.0328972	0.00561797	0.0469088	0.00557595	0.0582734	0.107983	0.0162461	0.0114852	0.0110026	0.0238136	0.0295119
34	0.030167	0.0084169	0.000850118	0.00140365	0.0313585	0.00117092	0.00359994	0.307536	0.00317883	0.193159	0.0659597	0.00136958	0.00095964	0.00350252	0.00302656	0.00660665	0.0234015	0.308335	0.000288803	0.00570955
35	0.0871901	0.00130041	0.220842	0.242763	0.000922163	0.0378772	0.0214796	0.0128463	0.0413479	0.00828693	0.00133969	0.0681181	0.0436649	0.0151091	0.0418407	0.0775127	0.0525568	0.0220868	0.000392698	0.0025233
36	0.0976611	0.00517343	0.0227435	0.210135	0.00424041	0.0166745	0.0253589	0.0113959	0.229314	0.0125624	0.00901233	0.0383675	0.0573211	0.0703136	0.116973	0.0217215	0.0269582	0.0140247	0.0014534	0.00859556
37	0.0967238	0.00173004	0.188489	0.221787	0.0011235	0.0378984	0.0179626	0.0158766	0.0420384	0.00830747	0.00156401	0.0734172	0.0372056	0.0157381	0.0520737	0.0946046	0.0682863	0.0219842	0.000457415	0.00273133
38	0.0356169	0.00211436	0.0280636	0.206012	0.00664141	0.03707	0.0352413	0.0828051	0.160266	0.0503503	0.00891842	0.0242714	0.0056771	0.117063	0.0494113	0.012265	0.0627079	0.0661649	0.00273226	0.00660721
39	0.105226	0.00148831	0.174462	0.244512	0.000856117	0.0355713	0.0188244	0.0130867	0.0553842	0.00667493	0.00163449	0.0718932	0.0396609	0.019391	0.0552997	0.0759296	0.0564154	0.0213938	0.000359914	0.00193478
40	0.0119718	0.00215169	0.00191374	0.00389858	0.0212458	0.00346119	0.0138797	0.118187	0.0109745	0.561058	0.114352	0.00322071	0.00250647	0.0147011	0.00488757	0.0118213	0.0108748	0.0757563	0.00404497	0.00909227
41	0.0426843	0.0481823	0.0171967	0.0278345	0.00403075	0.123939	0.0324553	0.0106033	0.0177632	0.0122398	0.00419751	0.14904	0.00901346	0.0312467	0.0506654	0.267559	0.0925598	0.0353275	0.00125743	0.022205
42	0.167775	0.00521864	0.0554673	0.0352454	0.0243793	0.0288252	0.0231943	0.119167	0.031351	0.0950973	0.00937601	0.0618004	0.0166801	0.0560849	0.0138308	0.0096332	0.0396728	0.189802	0.000889523	0.0165102
43	0.0873545	0.0011938	0.206991	0.241039	0.00101096	0.0377613	0.0194261	0.0157005	0.0411161	0.0111146	0.0015557	0.066872	0.0408128	0.0151312	0.045939	0.0819157	0.0568049	0.0256843	0.000366878	0.00221013
44	0.0298359	0.0134957	0.0110054	0.0158535	0.0387654	0.0152616	0.0801665	0.0823547	0.0221819	0.374964	0.0704039	0.0167313	0.0169432	0.0247261	0.0202052	0.0233506	0.0205757	0.0632045	0.00344169	0.0565333
45	0.00609172	0.0229063	0.00320313	0.00363772	0.401691	0.0114383	0.0504168	0.0421762	0.00539214	0.0181839	0.0197239	0.0317473	0.0101554	0.00407973	0.00666182	0.0134504	0.0133707	0.0195226	0.00896017	0.30719
46	0.0437519	0.0078526	0.0111203	0.0178361	0.00170477	0.031836	0.00999214	0.011762	0.290126	0.0476273	0.0189509	0.0120453	0.00990483	0.0176241	0.387463	0.0226146	0.0363357	0.0150896	0.00274319	0.00361916
47	0.0436606	0.0266266	0.0225104	0.037121	0.00386191	0.0739866	0.04124	0.0120919	0.0214163	0.010652	0.00220294	0.171782	0.00910917	0.0397461	0.0221236	0.302613	0.114344	0.0233233	0.000905989	0.0206825
48	0.00678791	0.0353527	0.00366773	0.00465543	0.0434742	0.00517009	0.354995	0.0177644	0.0184967	0.044814	0.00305596	0.0384418	0.00322139	0.00420548	0.0122637	0.0069661	0.00617558	0.0223786	0.000962036	0.367151
49	0.0884391	0.0151391	0.0762846	0.0772168	0.0104646	0.261115	0.0374995	0.0210631	0.0350791	0.0296728	0.00909769	0.0464348	0.0226614	0.0332929	0.0602276	0.0959796	0.0316067	0.026365	0.00587416	0.0164863
50	0.0706882	0.0228663	0.0214017	0.026862	0.0092487	0.039884	0.0285162	0.0324816	0.0227445	0.0272821	0.00847118	0.0980667	0.0290124	0.0207639	0.0204504	0.311732	0.155001	0.0357715	0.0019285	0.016827
51	0.0491875	0.0171691	0.0144055	0.0135951	0.00730385	0.0341242	0.0246081	0.0186644	0.0197039	0.0193329	0.00398219	0.121333	0.00904977	0.0153144	0.0152894	0.40131	0.186216	0.0175418	0.00150092	0.0103676
52	0.0178575	0.0021512	0.000990441	0.00132514	0.0163551	0.00137309	0.00624049	0.20255	0.00446775	0.461966	0.116086	0.00146939	0.000946256	0.00513487	0.00182809	0.00473835	0.00904284	0.132377	0.00269606	0.0104045
53	0.511501	0.0163751	0.0212726	0.0233921	0.00381534	0.0935408	0.0111957	0.0213363	0.0115081	0.0232712	0.0064669	0.0155244	0.0137437	0.00894795	0.0209837	0.0825324	0.0406726	0.0634204	0.00125773	0.00924154
54	0.0662662	0.0146253	0.0725017	0.0734491	0.0129973	0.277517	0.039852	0.0169682	0.0306849	0.0282729	0.0099911	0.0510997	0.0262419	0.0327781	0.0634586	0.101678	0.0313329	0.0264209	0.0068287	0.0170354
55	0.0133913	0.00187478	0.00116301	0.00162849	0.0208968	0.00218973	0.00840277	0.130904	0.00605743	0.570661	0.111995	0.00205628	0.00164095	0.00744062	0.00321489	0.00550527	0.00699312	0.0908737	0.00428708	0.00882355
56	0.0264204	0.00782953	0.0129707	0.0250758	0.00509772	0.0218104	0.0149439	0.0500334	0.318024	0.0887686	0.0161373	0.0160636	0.00810405	0.0432496	0.181426	0.0223558	0.0256166	0.0777589	0.0302401	0.0080744
57	0.570072	0.0162731	0.0273945	0.0227901	0.00371253	0.0283634	0.00734708	0.0373727	0.00631104	0.0355668	0.00515483	0.00711608	0.0176608	0.00816722	0.00544849	0.0450756	0.0449049	0.105526	0.000593506	0.00514958
58	0.0383836	0.00406326	0.00734743	0.0777236	0.0290595	0.0147036	0.0216207	0.149	0.0448484	0.105415	0.0624049	0.00815333	0.0110999	0.0550591	0.0320936	0.0805555	0.0445854	0.208007	0.0011283	0.00474748
59	0.147129	0.0105388	0.100303	0.138594	0.00492742	0.186369	0.0247753	0.0144297	0.0397131	0.0190741	0.00756488	0.0397469	0.0173005	0.0303058	0.0531955	0.0996633	0.0335784	0.0237052	0.00163145	0.00745401
60	0.00678791	0.0353527	0.00366773	0.00465543	0.0434742	0.00517009	0.354995	0.0177644	0.0184967	0.044814	0.00305596	0.0384418	0.00322139	0.00420548	0.0122637	0.0069661	0.00617558	0.0223786	0.000962036	0.367151
61	0.0350337	0.00284297	0.286719	0.207936	0.0018382	0.0786121	0.0322225	0.00586442	0.0558881	0.00550908	0.00185799	0.102689	0.0127838	0.0428857	0.0301617	0.0531352	0.0197869	0.0150332	0.000940246	0.00826084
62	0.0418725	0.0112026	0.00306135	0.00367539	0.0338905	0.00202682	0.00382934	0.295932	0.00437527	0.158344	0.0535612	0.00259323	0.00480553	0.00469803	0.00387494	0.0092806	0.0294798	0.328587	0.000282077	0.0046279
63	0.0319279	0.00310819	0.373033	0.274516	0.00115489	0.0669724	0.051086	0.00340872	0.0294855	0.00743472	0.00119066	0.045589	0.00708515	0.0293719	0.0124582	0.0347126	0.0175272	0.00647898	0.000545428	0.00291412
64	0.072963	0.00672957	0.208272	0.0149469	0.00527363	0.0266432	0.0408399	0.0121458	0.0129229	0.0142181	0.00811132	0.280188	0.0855614	0.0103408	0.0156174	0.0537046	0.0140101	0.0146528	0.00255538	0.100304
65	0.0312142	0.00299707	0.377398	0.273425	0.00113113	0.0631527	0.0456203	0.00347589	0.0300094	0.00701602	0.00131203	0.0499911	0.00838761	0.0288865	0.0130619	0.0363354	0.0162463	0.00680413	0.000564073	0.00297067
66	0.0311642	0.00307033	0.379613	0.28182	0.00139593	0.0576121	0.0399645	0.00401772	0.0327235	0.00748013	0.00138168	0.0460004	0.00838611	0.0317909	0.0125013	0.0344892	0.016053	0.00686316	0.000794898	0.00287816
67	0.00548058	0.0211258	0.00284507	0.00344915	0.436974	0.0117249	0.0232116	0.0443935	0.00428827	0.0100808	0.0207483	0.0309624	0.0104537	0.0032477	0.00495678	0.0144179	0.013269	0.0185772	0.0107584	0.309035
68	0.0163623	0.0447065	0.0154622	0.0159885	0.0314497	0.022032	0.305002	0.0137005	0.0435785	0.0317799	0.00639478	0.0602388	0.00622604	0.0300121	0.0621046	0.031039	0.0134511	0.0210961	0.00597519	0.2234
69	0.116179	0.00692213	0.0167469	0.0616399	0.00289315	0.229535	0.00685246	0.00598206	0.0395803	0.00902996	0.00608919	0.0344157	0.00570837	0.0241651	0.0872548	0.317912	0.0142723	0.00794777	0.000974777	0.0058994
70	0.00505564	0.0213906	0.00283683	0.00330518	0.442937	0.0114572	0.0209623	0.0436547	0.00390958	0.00974672	0.0201287	0.0318562	0.0103398	0.00327139	0.00483681	0.0146217	0.0138124	0.0190792	0.0100785	0.306719
71	0.046084	0.0224371	0.00548014	0.00384114	0.0193572	0.00260077	0.00361981	0.268623	0.00478633	0.104575	0.0374057	0.00286134	0.00483115	0.00344509	0.00418733	0.00989863	0.0247579	0.426417	0.000448741	0.00434325
72	0.0304456	0.0254876	0.0421783	0.0463764	0.032598	0.0303381	0.2379	0.0256548	0.0536462	0.0449848	0.0115134	0.0537061	0.026225	0.0285485	0.0434606	0.0464837	0.0258185	0.0288215	0.00412053	0.161692
73	0.0550093	0.0111916	0.155084	0.172305	0.00448984	0.205671	0.0322863	0.0169005	0.0456035	0.0173874	0.00811893	0.0475594	0.0145556	0.0441741	0.0454195	0.0670444	0.0255417	0.0204986	0.00282831	0.00833059
74	0.0672282	0.0112511	0.0151414	0.00678335	0.00207774	0.0508027	0.0087996	0.0144593	0.203981	0.0505017	0.0254367	0.0054134	0.014602	0.00749336	0.427755	0.0228163	0.0434296	0.0168227	0.00232279	0.00288206
75	0.0237711	0.004818	0.00442752	0.00542428	0.0239195	0.00367248	0.00878763	0.170961	0.00732503	0.440671	0.0893429	0.00421742	0.00773102	0.00856726	0.00592113	0.00937385	0.0140882	0.154154	0.00293333	0.0098928
76	0.0830327	0.00374752	0.0346289	0.0265889	0.0134887	0.0302729	0.0292704	0.00879568	0.0184639	0.0352087	0.00366678	0.0493068	0.41552	0.0207963	0.0307715	0.112345	0.0533444	0.0186115	0.000615128	0.0115241
77	0.0088413	0.034236	0.00683163	0.00560648	0.0635866	0.00699478	0.324251	0.0200318	0.0187726	0.0420262	0.00488893	0.0393367	0.00540894	0.00645723	0.0140832	0.0105792	0.00819869	0.0225611	0.00214084	0.355166
78	0.0304555	0.00310323	0.375643	0.274637	0.00107176	0.0656849	0.0517747	0.00270562	0.029254	0.00724197	0.00119356	0.0477829	0.0068405	0.0303872	0.0117537	0.0352367	0.015626	0.00618846	0.000485112	0.00293452
79	0.0140165	0.00469744	0.00636221	0.0131739	0.004097	0.00776551	0.00951535	0.0351507	0.151864	0.161554	0.110339	0.0866262	0.00493573	0.00843518	0.0914602	0.100759	0.0779267	0.103249	0.00249923	0.00557313
80	0.0262739	0.00598907	0.00109943	0.00131803	0.0215148	0.00130316	0.00386745	0.316618	0.00367963	0.249822	0.0772068	0.00196993	0.000770148	0.00364526	0.00247907	0.00477336	0.0179077	0.251598	0.000685072	0.00747853
81	0.0218165	0.00169398	0.0105221	0.0501768	0.000925629	0.00375415	0.02151	0.00156467	0.447071	0.0110549	0.00889354	0.0618276	0.0150526	0.0598485	0.222866	0.0131928	0.0339419	0.00456682	0.000427545	0.00929366
82	0.0740265	0.00119551	0.015241	0.0117429	0.0169617	0.0254707	0.0337911	0.00391753	0.0156598	0.038819	0.0020234	0.0152904	0.509675	0.0211912	0.0311873	0.103575	0.0590147	0.0139251	0.000496907	0.0067953
83	0.0353885	0.00314967	0.337782	0.211552	0.00207489	0.0642163	0.0347881	0.00576775	0.0386575	0.00669029	0.00243001	0.101786	0.0159337	0.0328346	0.0218814	0.0464832	0.0186543	0.0113011	0.000896374	0.00773225
84	0.0708381	0.00117302	0.0148027	0.0112407	0.0161616	0.0255863	0.0335143	0.00327756	0.0145663	0.0412832	0.0017715	0.016156	0.508553	0.0224749	0.0286937	0.114881	0.0540539	0.0136231	0.000432236	0.00691715
85	0.0359093	0.00252855	0.00662423	0.0813642	0.02141	0.026778	0.0378254	0.184357	0.0610571	0.0850514	0.0343291	0.0164583	0.010414	0.0852458	0.0417236	0.0576339	0.0387531	0.167151	0.000975446	0.00441085
86	0.0178854	0.00256404	0.00223419	0.00247719	0.0196876	0.00229138	0.00743408	0.166055	0.00572695	0.502326	0.102004	0.00219778	0.00190419	0.00723804	0.00285088	0.00551662	0.0101867	0.127674	0.0034167	0.00832984
87	0.0673907	0.0115049	0.0149896	0.011012	0.00235853	0.0517516	0.0115625	0.0156999	0.207238	0.0540688	0.0238739	0.00688186	0.0121094	0.00961182	0.410367	0.0242168	0.0411622	0.01837	0.00265089	0.0031795
88	0.055141	0.0213168	0.0251852	0.0430224	0.00312248	0.0875945	0.0496161	0.0118966	0.0158635	0.0191817	0.00285112	0.157751	0.0132423	0.057481	0.0293616	0.263492	0.0983374	0.0279664	0.000888223	0.0166889
89	0.0281335	0.00561766	0.000905375	0.00112747	0.0205473	0.00119244	0.00416112	0.289022	0.0038281	0.278208	0.0926102	0.00141616	0.000741466	0.00385331	0.0024174	0.00502987	0.0178489	0.232627	0.000911273	0.00980176
90	0.0213736	0.00386643	0.00243206	0.00325923	0.0228969	0.00317782	0.00766622	0.182	0.00713202	0.452593	0.097247	0.00297998	0.00312432	0.00867076	0.00404641	0.00742732	0.0128844	0.144815	0.00307157	0.00933583
91	0.0125962	0.0332987	0.00541537	0.00846898	0.127784	0.0361998	0.0303328	0.0202209	0.0345484	0.317454	0.0678933	0.0291226	0.0191944	0.114858	0.0528519	0.0191954	0.0112176	0.0255389	0.00141437	0.0323945
92	0.0379272	0.00815046	0.0132515	0.0119465	0.00710881	0.0460822	0.028064	0.00547655	0.0253298	0.00430375	0.00179848	0.17453	0.00358393	0.0167413	0.0166379	0.471985	0.111897	0.00820053	0.000583098	0.00640137
93	0.019091	0.00182375	0.0010034	0.00125026	0.0147936	0.00148849	0.00597742	0.222191	0.00417371	0.433724	0.124782	0.00156615	0.000930453	0.00502756	0.00169798	0.00428961	0.00887079	0.132484	0.00234805	0.0124859
94	0.0757459	0.00167411	0.0214883	0.0152956	0.0133894	0.0249683	0.0268213	0.0037898	0.0272055	0.0358132	0.00213363	0.0190779	0.503447	0.020209	0.0403352	0.0818819	0.0658289	0.0139274	0.000772451	0.00619556
95	0.0145838	0.0065809	0.00230659	0.00240847	0.0503486	0.00633816	0.0146185	0.138635	0.00866411	0.430176	0.105338	0.00411992	0.00612953	0.0469907	0.00958653	0.00919562	0.0082081	0.108001	0.00221919	0.0255522
96	0.0697448	0.00213564	0.0173193	0.0152411	0.0135601	0.0244533	0.0263467	0.00743288	0.0341204	0.035175	0.00416279	0.0182487	0.476941	0.0215827	0.0628153	0.0814899	0.0659124	0.015647	0.00083469	0.00683568
97	0.0274628	0.00320327	0.0107578	0.0527785	0.00186328	0.0119167	0.0221333	0.00918384	0.393168	0.0204635	0.0135682	0.0398342	0.0128882	0.0476491	0.254232	0.0180959	0.0366015	0.0131138	0.00220447	0.00888174
98	0.0260933	0.00446173	0.000908992	0.00112415	0.0184025	0.00123874	0.00435804	0.277851	0.00373269	0.31645	0.101246	0.00150476	0.0008234	0.00384012	0.00217975	0.00445794	0.0142523	0.204032	0.00117957	0.0118627
99	0.0274426	0.0113981	0.00220093	0.00169046	0.0191332	0.00189945	0.0036133	0.335741	0.00331569	0.118642	0.0434907	0.00196314	0.00109345	0.00304308	0.00347076	0.00546612	0.0200057	0.392227	0.000329837	0.00383326
100	0.0114363	0.0133123	0.00227011	0.00280993	0.0967224	0.0135988	0.0128234	0.0759902	0.0148467	0.484898	0.0911359	0.0065763	0.0123868	0.0294836	0.0178911	0.0133964	0.00662341	0.0650922	0.00264169	0.0260645
101	0.0696939	0.0190297	0.0224843	0.024027	0.00892668	0.0369997	0.0275069	0.024248	0.0269923	0.0273764	0.00777404	0.102015	0.0391023	0.0188797	0.0255725	0.315476	0.161036	0.0289604	0.00127877	0.0126201
102	0.0570154	0.0122885	0.0913318	0.0672443	0.0121822	0.058701	0.0394326	0.0208954	0.0649502	0.0247227	0.0110642	0.170247	0.0270375	0.0351902	0.0457031	0.150805	0.057734	0.0255841	0.00263414	0.025237
103	0.126645	0.0102744	0.0144277	0.0457999	0.00326697	0.252658	0.00724806	0.00720473	0.0303885	0.0112261	0.00545631	0.0317199	0.00781254	0.0192862	0.0639561	0.327574	0.0151293	0.00929442	0.00138535	0.00924655
104	0.0358391	0.00643344	0.33009	0.185646	0.0022627	0.0976312	0.0353434	0.00596536	0.0325365	0.00793799	0.00250641	0.102803	0.013888	0.0284333	0.0203865	0.0520726	0.0182653	0.0118723	0.00109158	0.00899467
105	0.013587	0.00123271	0.00582109	0.0604752	0.00101061	0.00327672	0.0195536	0.00169703	0.429549	0.00885725	0.0139199	0.0368655	0.0107349	0.0484884	0.279772	0.0154768	0.0351353	0.00676677	0.000387167	0.00739291
106	0.17901	0.00519829	0.0476561	0.0413971	0.023972	0.0280692	0.0204359	0.125506	0.0375414	0.083821	0.00820704	0.0726576	0.0155813	0.051056	0.0143117	0.00954125	0.0413939	0.180502	0.00080849	0.0133346
107	0.033992	0.0211982	0.0568816	0.0559219	0.0257606	0.0355766	0.235255	0.024691	0.0566005	0.0464974	0.0112527	0.0491042	0.0289734	0.0331629	0.0488212	0.0350846	0.023872	0.028362	0.00413183	0.14486
108	0.335474	0.0160477	0.0109555	0.0199769	0.0121664	0.0182872	0.0104273	0.116844	0.0122464	0.0764337	0.0388663	0.00835026	0.00875271	0.011985	0.011361	0.0378162	0.0518721	0.195269	0.000620734	0.00624771
109	0.0479618	0.00382651	0.00530269	0.0879136	0.0151024	0.0114187	0.0263882	0.12793	0.0697823	0.0785628	0.0692098	0.0111153	0.00470907	0.0350401	0.0466793	0.10572	0.0509646	0.196883	0.00114388	0.00434607
110	0.0134449	0.0012502	0.00548173	0.0574068	0.00103537	0.00382654	0.0177671	0.00194666	0.420969	0.00944269	0.0145295	0.0331362	0.00988348	0.0448365	0.29814	0.0154959	0.0367399	0.00745329	0.000403708	0.00681099
111	0.652296	0.0201737	0.0124912	0.0128787	0.000987427	0.0308218	0.00561761	0.0256987	0.00175198	0.0205941	0.00374853	0.00191962	0.00674015	0.00157242	0.00215153	0.0537223	0.0437659	0.0985661	0.000326422	0.00417565
112	0.0166498	0.00239759	0.00123522	0.00149187	0.0196102	0.00159785	0.00704073	0.170812	0.0050787	0.506786	0.107477	0.00182273	0.00104729	0.00597711	0.00216374	0.00523668	0.00895219	0.122856	0.00328105	0.0084876
113	0.0544479	0.0150625	0.027072	0.120326	0.00238941	0.0318052	0.103239	0.00353072	0.226873	0.00544417	0.018208	0.0912795	0.0144518	0.0521998	0.143739	0.0437814	0.0198079	0.00516547	0.00276612	0.0184107
114	0.0173257	0.00210698	0.00562961	0.0456059	0.00102234	0.00775902	0.0151962	0.0030443	0.393479	0.0136918	0.0154631	0.02814	0.00989553	0.0374069	0.338076	0.0143375	0.0373679	0.00759852	0.000689021	0.00616525
115	0.0134741	0.00208918	0.0013619	0.0020316	0.0210444	0.00214569	0.0082672	0.136089	0.00589448	0.555309	0.115654	0.00232305	0.00162433	0.00818051	0.00308479	0.00570673	0.00751491	0.0950978	0.00400536	0.00910218
116	0.0663751	0.0180834	0.0248828	0.0404576	0.00421731	0.236833	0.0333159	0.00951312	0.0289034	0.0143649	0.00686803	0.0939163	0.0115704	0.0280898	0.0829729	0.219934	0.0446735	0.0173601	0.00401801	0.0136508
117	0.0263888	0.00740133	0.000796731	0.00127882	0.0297746	0.00118172	0.00368609	0.298424	0.00307947	0.228209	0.0680691	0.00125036	0.000689141	0.00351526	0.00274692	0.00607837	0.0211948	0.290012	0.000538302	0.0056849
118	0.0141896	0.00190339	0.122146	0.28235	0.00643412	0.043877	0.0299922	0.0165539	0.12342	0.0113435	0.00183272	0.0467862	0.00207845	0.190024	0.0401081	0.0263079	0.0187247	0.0137174	0.00569394	0.00251696
119	0.0224532	0.0129715	0.337711	0.19976	0.00219532	0.192844	0.0321003	0.00483217	0.0266024	0.00814236	0.0028732	0.0616058	0.00538494	0.0208415	0.0128186	0.0299454	0.0118038	0.00851144	0.00100267	0.00560112
120	0.169773	0.0764739	0.013205	0.0143891	0.0176381	0.0167011	0.0101661	0.15299	0.0147039	0.0978874	0.056729	0.0121904	0.0117577	0.0114309	0.0155563	0.0367379	0.0420443	0.217071	0.0018839	0.0106703
121	0.0167052	0.0205427	0.00924244	0.00995569	0.339438	0.0174922	0.0246822	0.0523254	0.0141269	0.0727994	0.0337256	0.0292276	0.0297466	0.0162014	0.0154844	0.021947	0.0186936	0.0390533	0.00775014	0.21086
122	0.0207405	0.00263625	0.294047	0.268505	0.00341688	0.0562284	0.0446363	0.00629921	0.0600687	0.00624042	0.00154402	0.0485773	0.0034569	0.102316	0.0255769	0.0309739	0.0123918	0.00654772	0.00267219	0.0031249
123	0.108239	0.00639836	0.0676607	0.0605161	0.00478815	0.178135	0.0168913	0.0116897	0.0573762	0.0202259	0.0257354	0.0195681	0.00759194	0.0492515	0.193052	0.111075	0.0403307	0.0138662	0.00199375	0.00561576
124	0.0256138	0.00991857	0.0016236	0.00145965	0.0206885	0.00168724	0.00353919	0.346962	0.00320561	0.126483	0.0481565	0.00170467	0.000998236	0.00314937	0.00350149	0.0055775	0.0208951	0.370503	0.000325905	0.00400684
125	0.0301285	0.00867668	0.000915843	0.00139934	0.0306606	0.0012855	0.00357841	0.317432	0.00317321	0.175176	0.0585837	0.00151522	0.000813234	0.00362086	0.00342143	0.00676883	0.0260386	0.321534	0.000297837	0.00498066
126	0.0525605	0.169597	0.0181429	0.0212826	0.012229	0.0482346	0.0302757	0.0220141	0.0206334	0.0251893	0.0108948	0.0632774	0.0118689	0.022404	0.0269414	0.235272	0.090149	0.0465422	0.00321985	0.0692707
127	0.00605189	0.0226369	0.00339875	0.00428611	0.428938	0.0115197	0.0253265	0.0447478	0.00544554	0.0191386	0.0225131	0.0303975	0.0117324	0.00489944	0.00668409	0.0150059	0.0131968	0.019352	0.00971689	0.295011
128	0.0487367	0.0036252	0.298617	0.267666	0.00284555	0.0567801	0.0404437	0.00818555	0.0432176	0.0100632	0.00277094	0.0525957	0.0128629	0.039122	0.0253295	0.043437	0.0250618	0.013093	0.00122555	0.00432072
129	0.0369958	0.00928023	0.0127259	0.011467	0.00760422	0.039371	0.0280625	0.00656429	0.0235642	0.00551559	0.00221732	0.170284	0.00368253	0.0167351	0.0146672	0.471648	0.12265	0.00891492	0.000706131	0.00734405
130	0.0157815	0.00234415	0.00104871	0.00134276	0.02224	0.00137291	0.00696882	0.175004	0.00440132	0.490575	0.111634	0.00142696	0.000826997	0.00558942	0.00188893	0.00479741	0.00917308	0.131078	0.0031359	0.00937041
131	0.0444896	0.0138292	0.0415801	0.0371731	0.0347648	0.0340794	0.0350793	0.040052	0.0764786	0.0745319	0.101333	0.16086	0.0199852	0.0293423	0.057844	0.0678483	0.0417882	0.0519148	0.00470061	0.0323257
132	0.0717423	0.0012594	0.0167497	0.0130797	0.0166889	0.0271937	0.0305885	0.00334142	0.0155059	0.0403625	0.00174399	0.0168771	0.50722	0.0225548	0.0295927	0.108614	0.0557687	0.0138432	0.000480966	0.00679186
133	0.0756786	0.00131451	0.017497	0.0130456	0.0146588	0.0280036	0.0278236	0.00308369	0.0191416	0.0397534	0.00168784	0.0148594	0.516193	0.0211962	0.0341233	0.0922587	0.0584859	0.0145245	0.000507997	0.00616282
134	0.0386089	0.0173801	0.00499259	0.00255589	0.0141483	0.00275053	0.00413473	0.268191	0.00403015	0.085728	0.0331302	0.00290662	0.0020231	0.00334392	0.00408178	0.00565573	0.0170901	0.484634	0.000568432	0.00404587
135	0.0283761	0.00820427	0.0008309	0.00123719	0.0275153	0.00110222	0.00324384	0.319742	0.00321273	0.188011	0.0632999	0.00141406	0.000686677	0.0031301	0.0029337	0.0059107	0.0224344	0.312929	0.00023722	0.00554905
136	0.0591624	0.0717398	0.0127526	0.0151998	0.0604737	0.0234097	0.0331164	0.0880166	0.0246689	0.231475	0.0476492	0.0230897	0.0151243	0.0306455	0.0294226	0.0466668	0.0381472	0.107157	0.00291767	0.0391647
137	0.0368959	0.00542426	0.0336655	0.0705625	0.00471079	0.0210117	0.0296786	0.014787	0.327834	0.0249383	0.0139342	0.0503068	0.0186283	0.0516774	0.193739	0.0326379	0.0373073	0.0190176	0.00255274	0.0106892
138	0.0754629	0.00440631	0.028328	0.0235327	0.0174924	0.0305543	0.029038	0.00927641	0.0244469	0.0383405	0.00409762	0.0284366	0.444698	0.0242009	0.0375112	0.0917956	0.0530346	0.0220641	0.00113643	0.0121466
139	0.0412055	0.0074505	0.0118284	0.0101271	0.0120494	0.0377781	0.0267737	0.00567075	0.0226769	0.00488024	0.00207562	0.172532	0.0033751	0.0178566	0.0143079	0.483949	0.111212	0.00770414	0.000692316	0.0058544
140	0.108987	0.00456909	0.0470789	0.0459103	0.0129808	0.0273044	0.0164608	0.119593	0.0318314	0.147156	0.0298247	0.0222816	0.0635249	0.0571157	0.0270742	0.0145616	0.0409566	0.173783	0.00087524	0.00812983
141	0.101821	0.00117571	0.17829	0.245456	0.000823286	0.0372783	0.0198535	0.0134205	0.0518115	0.00672871	0.00143192	0.0741309	0.0388054	0.0179478	0.0530708	0.0777893	0.0559412	0.0217511	0.000332739	0.00214011
142	0.624907	0.0246508	0.0133205	0.0131271	0.00129229	0.0313279	0.00603718	0.0279909	0.0027453	0.0204303	0.00390369	0.00313635	0.00754529	0.00214151	0.00279572	0.0619119	0.0477948	0.0993606	0.000392605	0.00518796
143	0.00640824	0.0203428	0.00356215	0.00395531	0.422002	0.0132171	0.0204555	0.0635648	0.0044495	0.0116525	0.0609116	0.0263733	0.0118463	0.00398118	0.00524083	0.0127802	0.0123932	0.0164543	0.0084933	0.271916
144	0.0193939	0.00207486	0.0797023	0.275737	0.00508276	0.0474074	0.0209287	0.0299095	0.161414	0.0361601	0.00365255	0.0350765	0.0055188	0.129785	0.041738	0.0185484	0.038058	0.0428313	0.00360324	0.00337775
145	0.123259	0.00246942	0.0113279	0.109387	0.0102296	0.0204858	0.0555236	0.0929257	0.0817939	0.0621634	0.0229221	0.0416689	0.00862642	0.0845813	0.0547702	0.0118127	0.0906884	0.0956931	0.000811193	0.0188611
146	0.651335	0.0204611	0.0124831	0.0129241	0.000983321	0.032155	0.00573611	0.0254193	0.00186644	0.0206242	0.00390447	0.00205967	0.00675843	0.0016803	0.00220138	0.0529819	0.0438795	0.0979812	0.000346935	0.00421888
147	0.0323763	0.00968306	0.000966934	0.00168871	0.0328818	0.0011888	0.00355844	0.304757	0.00319739	0.174034	0.0594124	0.00131123	0.00151616	0.00368666	0.00342332	0.00753976	0.0262632	0.327433	0.000190587	0.0048913
148	0.01304	0.00312716	0.119203	0.255097	0.00732784	0.0380816	0.0350119	0.0135171	0.126527	0.00811803	0.00221293	0.0491737	0.0019308	0.202629	0.0590617	0.0278371	0.0144517	0.0100588	0.00845632	0.00513753
149	0.0374023	0.00733442	0.000934621	0.00116843	0.0234079	0.00121094	0.00378437	0.292616	0.00457065	0.215827	0.0751291	0.00135932	0.00113482	0.00378123	0.00338582	0.00538397	0.0233139	0.290767	0.000436225	0.0070516
150	0.619178	0.0191188	0.0123287	0.0127809	0.00157812	0.0288628	0.00707569	0.031382	0.00299244	0.0310938	0.00408644	0.00226322	0.00846911	0.00223004	0.00303354	0.0592311	0.0575173	0.0918439	0.000559099	0.00437533
151	0.0178579	0.00353829	0.246612	0.198389	0.00441537	0.0892289	0.0482188	0.00544606	0.0782525	0.00594029	0.00245173	0.0853376	0.00335399	0.104133	0.0363491	0.0401196	0.0117146	0.0089505	0.00315795	0.00653376
152	0.0342965	0.00888718	0.00130169	0.00284565	0.0325709	0.00149897	0.00411512	0.291999	0.00390041	0.178451	0.0599338	0.001613	0.00221476	0.00507315	0.00418773	0.00938939	0.029287	0.323271	0.000249455	0.00491453
153	0.0496286	0.00485083	0.276849	0.0214264	0.00345406	0.0396573	0.0208639	0.0100309	0.0117561	0.0101431	0.00639509	0.334811	0.0519875	0.00917599	0.0125151	0.0806367	0.0110948	0.0114055	0.00138838	0.0319293
154	0.128902	0.00340358	0.0182252	0.0147463	0.0143628	0.0283881	0.0274702	0.0109233	0.0173564	0.0466506	0.00365246	0.0167612	0.443411	0.0201732	0.0293666	0.0871023	0.0555051	0.025056	0.000818606	0.00772477
155	0.0392134	0.0138278	0.0213628	0.090889	0.00236506	0.0364245	0.146351	0.00404502	0.20511	0.00575613	0.0189008	0.075952	0.0152351	0.0576055	0.166237	0.0453247	0.0142499	0.00541398	0.00449419	0.0312422
156	0.0142309	0.00148045	0.00570244	0.0531566	0.00104079	0.00469022	0.0179539	0.00220877	0.416472	0.0105046	0.0139395	0.0329562	0.00990833	0.042614	0.305913	0.0144799	0.0388734	0.00671952	0.000408593	0.00674664
157	0.560244	0.0189117	0.0120168	0.012809	0.00176453	0.0285951	0.00711592	0.0299894	0.00419843	0.0263317	0.004449	0.00369735	0.00756734	0.00355691	0.0036479	0.0741917	0.107471	0.0870503	0.000524091	0.00586805
158	0.0162416	0.00207745	0.000906102	0.00119756	0.0168377	0.00133695	0.00596982	0.198879	0.00405726	0.467894	0.11242	0.0014037	0.000869149	0.00495134	0.00163365	0.00421442	0.00810884	0.13859	0.00270614	0.00970642
159	0.00973017	0.0263968	0.00395872	0.00500427	0.298383	0.0168626	0.0482065	0.0388433	0.013377	0.154071	0.0442779	0.0219329	0.0155559	0.0213869	0.0172273	0.0163618	0.0105553	0.028872	0.00528981	0.203707
160	0.0127673	0.0149947	0.00248228	0.00387258	0.112705	0.0145176	0.0127085	0.0767536	0.0159466	0.442499	0.0857851	0.00776113	0.0140299	0.0323875	0.0206867	0.0145376	0.00805057	0.0741413	0.00208369	0.0312896
161	0.0339835	0.0035579	0.366067	0.253855	0.00169004	0.0612426	0.0381176	0.00643049	0.0350726	0.00806324	0.00159623	0.0547056	0.0116126	0.0347716	0.0166358	0.0390286	0.0181509	0.0106393	0.00077953	0.00399915
162	0.0515969	0.00659567	0.326708	0.193869	0.00398378	0.062545	0.0356826	0.0132721	0.0363428	0.0123008	0.00442756	0.0733676	0.0217879	0.0306957	0.0229178	0.0479572	0.0237445	0.0192342	0.00284787	0.0101233
163	0.0363572	0.00697519	0.0130622	0.00942313	0.00844403	0.0373465	0.0268004	0.00559264	0.0230275	0.00493254	0.00197137	0.177097	0.00384612	0.0147601	0.0144939	0.494563	0.107422	0.00737653	0.000616139	0.0058935
164	0.121789	0.0242961	0.0156225	0.0324924	0.0487773	0.00737177	0.00643394	0.195924	0.0153693	0.039626	0.0113633	0.0081986	0.079706	0.0101891	0.0113266	0.0491273	0.0862166	0.2298	0.0011014	0.00526882
165	0.0449344	0.00981011	0.0195821	0.0566249	0.00340042	0.0481029	0.0712253	0.012354	0.227033	0.0252215	0.0182515	0.0403795	0.0130071	0.0391564	0.278879	0.0298405	0.0306728	0.0144552	0.00343128	0.0136383
166	0.0457113	0.0134593	0.103005	0.0568398	0.0140058	0.0489607	0.0433798	0.0198675	0.057263	0.0215815	0.0104509	0.19388	0.0206986	0.0335239	0.0388235	0.164068	0.0528318	0.0250881	0.00333524	0.0332272
167	0.0281921	0.010105	0.00151971	0.00134634	0.0230132	0.00134279	0.00343028	0.341417	0.00306267	0.143007	0.0500401	0.00161366	0.00111823	0.00308677	0.00331185	0.00573245	0.0236465	0.350548	0.000253541	0.00421238
168	0.135568	0.00454358	0.0134856	0.131394	0.0282427	0.0412149	0.0316301	0.0529345	0.0718206	0.0779188	0.0351513	0.0242031	0.00894697	0.084976	0.0591237	0.0212037	0.107897	0.0574672	0.00114704	0.0111318
169	0.602996	0.0168134	0.0128247	0.0114649	0.0015905	0.062546	0.00582019	0.0185433	0.00359671	0.0188085	0.00357372	0.00729195	0.00899906	0.00260522	0.00648533	0.090736	0.04782	0.0650591	0.000477197	0.0119481
170	0.640241	0.0168822	0.0124408	0.0128341	0.00132436	0.0579056	0.00591491	0.0210555	0.00309198	0.0192981	0.00369766	0.00464227	0.00764674	0.00216321	0.00418386	0.0597221	0.0429412	0.0767401	0.000484225	0.0067904
171	0.0326277	0.0120829	0.0303702	0.0755529	0.00751781	0.0246099	0.0969207	0.0146437	0.263644	0.0195669	0.0141115	0.0553343	0.0137016	0.0570017	0.147319	0.0412091	0.0343416	0.0173621	0.00377787	0.0383046
172	0.173439	0.00592627	0.0394812	0.0712628	0.0068521	0.0789061	0.0570173	0.0406525	0.0193361	0.0647479	0.0112843	0.0254628	0.00980576	0.0907043	0.0898685	0.107177	0.0520197	0.0466422	0.00162029	0.00779353
173	0.0437166	0.00831029	0.00194108	0.00221151	0.0251933	0.00165079	0.00449163	0.282516	0.00465994	0.189061	0.0670136	0.00187584	0.00198613	0.00479017	0.00449466	0.00713801	0.0296951	0.313083	0.000366561	0.00580474
174	0.194912	0.0138992	0.0248785	0.0452232	0.00363171	0.205557	0.0158693	0.0107413	0.0268264	0.0176993	0.0050628	0.044907	0.0232409	0.020524	0.0541664	0.226241	0.0323035	0.0209756	0.00160034	0.0117404
175	0.0273589	0.00789052	0.00253778	0.0044549	0.0612433	0.00861105	0.0102762	0.12808	0.0103428	0.444275	0.0973086	0.00554917	0.007539	0.018292	0.0110139	0.0109961	0.0119724	0.110986	0.00270349	0.0185683
176	0.0226213	0.0304833	0.0551253	0.0465468	0.00450059	0.0292059	0.177621	0.00659633	0.11689	0.0103758	0.0104544	0.0629508	0.0094403	0.108678	0.166203	0.0457135	0.0127204	0.0107532	0.0200549	0.0530648
177	0.10056	0.0197144	0.0348479	0.0483079	0.0123213	0.0416553	0.0321736	0.0496676	0.0502427	0.046702	0.0176418	0.0528431	0.033498	0.0286674	0.0449372	0.133716	0.170425	0.0601527	0.00237192	0.0195546
178	0.159074	0.0334164	0.0139691	0.0110874	0.0151052	0.00817442	0.00489219	0.187266	0.00791984	0.0570742	0.0177607	0.00579259	0.0125181	0.00543667	0.00527524	0.0240404	0.0356032	0.390655	0.000667797	0.00427103
179	0.0121144	0.00122984	0.00117357	0.00138338	0.0170626	0.00164946	0.00840646	0.123218	0.00524898	0.597799	0.111132	0.00187393	0.000935014	0.00645811	0.00174463	0.00533949	0.00603522	0.0851697	0.00473553	0.00729049
180	0.101931	0.0730928	0.0255653	0.0309202	0.0197093	0.00726193	0.00784203	0.174467	0.0252462	0.0269325	0.00689298	0.00745281	0.0441753	0.00640789	0.00961044	0.09705	0.135888	0.190106	0.00169634	0.00775172
181	0.109828	0.00172648	0.159342	0.237333	0.00106263	0.0345933	0.0194119	0.0128561	0.0673198	0.00701677	0.00227392	0.0737786	0.0416856	0.0217462	0.0590222	0.0715099	0.0549208	0.021961	0.000356205	0.00225539
182	0.02943	0.023627	0.276013	0.187741	0.00360285	0.219425	0.0300394	0.00734061	0.0260419	0.0121986	0.00516916	0.0522306	0.00697309	0.0247863	0.0208588	0.0375976	0.0164668	0.0115399	0.00176738	0.00715106
183	0.595169	0.0199137	0.0186949	0.0152421	0.00317352	0.029315	0.0066567	0.0390467	0.00389833	0.0235803	0.00437608	0.00499774	0.0104254	0.00393948	0.00383258	0.0604407	0.0447923	0.107288	0.000411627	0.00480579
184	0.0547223	0.00677338	0.265226	0.171397	0.00399511	0.061365	0.0328572	0.00963357	0.0350907	0.012185	0.00345816	0.0801372	0.0335664	0.0262308	0.0314746	0.105376	0.0395838	0.0161935	0.00153278	0.00920151
185	0.00678791	0.0353527	0.00366773	0.00465543	0.0434742	0.00517009	0.354995	0.0177644	0.0184967	0.044814	0.00305596	0.0384418	0.00322139	0.00420548	0.0122637	0.0069661	0.00617558	0.0223786	0.000962036	0.367151
186	0.647397	0.0179445	0.0125038	0.015542	0.00166239	0.0352462	0.00949912	0.0243718	0.00274715	0.0225263	0.00410271	0.00280419	0.00702622	0.00296796	0.00303828	0.0501473	0.0418776	0.0933947	0.000410701	0.00479051
187	0.0274894	0.00752695	0.000811242	0.00124805	0.0283592	0.00111558	0.003967	0.279814	0.00322393	0.250418	0.0701682	0.00127056	0.00079234	0.00373347	0.00285172	0.00592594	0.0213207	0.283866	0.000708715	0.0053883
188	0.105284	0.00188763	0.16305	0.237313	0.000962475	0.0372727	0.0200097	0.0128789	0.060091	0.00661705	0.00212853	0.0775065	0.0393542	0.0193174	0.0577823	0.0786373	0.0559963	0.0210757	0.000391428	0.0024441
189	0.0357428	0.00675748	0.0112368	0.00868626	0.00797237	0.0362108	0.0281518	0.00507308	0.0229739	0.00440461	0.00179462	0.175217	0.00306971	0.0145003	0.0139597	0.499685	0.112074	0.00669553	0.000577589	0.00521685
190	0.0251907	0.00578042	0.000828096	0.00109391	0.0217417	0.00111934	0.00387633	0.301144	0.00346168	0.269083	0.0836424	0.00140234	0.000728761	0.00346173	0.00230175	0.00490294	0.0165032	0.244843	0.000879794	0.00801441
191	0.0366262	0.0454833	0.0200621	0.0305706	0.00429872	0.0867925	0.0801164	0.0117203	0.0192418	0.0150184	0.00493117	0.151296	0.0102056	0.0492599	0.0304012	0.225948	0.0983614	0.0406955	0.00229252	0.0366786
192	0.0963073	0.00274841	0.164973	0.227367	0.00134876	0.0431261	0.030233	0.0111984	0.0672745	0.00616027	0.00291264	0.0828689	0.0327982	0.0242943	0.0603266	0.0736491	0.0486374	0.0190612	0.000541998	0.00417325
193	0.0202076	0.0020483	0.00118816	0.0013126	0.0151795	0.00160781	0.00610938	0.226115	0.00420217	0.421229	0.126312	0.00162833	0.00094854	0.00515234	0.00192506	0.00429147	0.00914766	0.136077	0.00224945	0.0130684
