233	20
1	0.0214638	0.0202248	0.00385825	0.00282839	0.326158	0.00234008	0.0679871	0.0125861	0.00672718	0.0539963	0.0166083	0.0168847	0.00369394	0.0153925	0.0119309	0.0154137	0.00695322	0.00668272	0.0209441	0.367326
2	0.0361502	0.0064221	0.051121	0.0925129	0.00398163	0.0142232	0.0095338	0.0387537	0.105487	0.0219762	0.0488882	0.0727002	0.00155171	0.0533311	0.0418572	0.105241	0.222555	0.0665412	0.00053028	0.00664273
3	0.02413	0.00879161	0.0036723	0.00112996	0.0209251	0.0028011	0.00116172	0.274971	0.00139796	0.223354	0.114316	0.0056998	0.0102807	0.00731021	0.00928101	0.0169409	0.0373577	0.216031	0.0105159	0.00993097
4	0.0266407	0.00819499	0.00408903	0.00131834	0.0186631	0.00297986	0.001234	0.277236	0.00164252	0.215584	0.114804	0.00559281	0.0103496	0.00889889	0.00842406	0.0194851	0.043184	0.212119	0.0094876	0.0100722
5	0.0193591	0.00636985	0.0177319	0.019808	0.00121141	0.00447765	0.0259511	0.0078329	0.393164	0.0197526	0.0160994	0.0410666	0.00110121	0.0755496	0.284696	0.0236936	0.0220156	0.0105464	0.0003585	0.00921411
6	0.0696191	0.00777129	0.0185645	0.0657655	0.0057519	0.0189157	0.0507972	0.0124096	0.135737	0.0243142	0.016845	0.0740525	0.0116064	0.123805	0.141937	0.158964	0.0330866	0.0188119	0.00143421	0.00981068
7	0.00981809	0.0159175	0.00197264	0.00119865	0.0343172	0.00154366	0.00106661	0.168857	0.00153789	0.46562	0.108128	0.00300246	0.0044097	0.00855505	0.00400308	0.00952667	0.0193511	0.127444	0.00536181	0.00836835
8	0.112895	0.0228259	0.0175281	0.0156198	0.00447702	0.370572	0.0100356	0.00658594	0.0167454	0.018885	0.00561812	0.0763412	0.01207	0.0202145	0.0160805	0.211137	0.0375968	0.0180723	0.00184178	0.00485849
9	0.0230908	0.00819481	0.19507	0.276223	0.0040316	0.0160174	0.0505611	0.00807863	0.0628267	0.0133258	0.00478578	0.130895	0.00825452	0.0568043	0.0209245	0.0718158	0.0302301	0.00937559	0.0014276	0.00806788
10	0.157606	0.0186977	0.0165253	0.0258463	0.00718428	0.422136	0.0139347	0.00920915	0.0193283	0.0273607	0.00905804	0.039287	0.011777	0.0196172	0.0153444	0.124487	0.0308738	0.0217327	0.00207078	0.00792346
11	0.230655	0.0250386	0.0223613	0.0296759	0.00652684	0.0142428	0.00885887	0.0178405	0.033735	0.0140044	0.00650276	0.0500697	0.033951	0.0329625	0.048295	0.179229	0.189162	0.0495481	0.00266619	0.00467387
12	0.0218411	0.0203383	0.00207521	0.00212232	0.336621	0.00137028	0.0705541	0.0128196	0.00330421	0.0553099	0.0174771	0.0166692	0.00160786	0.0148875	0.0076914	0.0158278	0.00508802	0.0061586	0.0198563	0.36838
13	0.247971	0.0127441	0.0105906	0.01133	0.00502674	0.468308	0.00705969	0.00759406	0.0109105	0.0284313	0.00594199	0.0168801	0.0094205	0.011587	0.00914984	0.0851687	0.0171334	0.0265554	0.00250834	0.00568875
14	0.0785183	0.0396528	0.00742266	0.0379994	0.00356176	0.00383724	0.00527762	0.010087	0.0310173	0.00669375	0.00880786	0.0755822	0.014384	0.0120005	0.0111509	0.184484	0.45304	0.0111905	0.00155947	0.0037328
15	0.280128	0.0312198	0.018371	0.0133551	0.0103507	0.0255692	0.0061354	0.0958701	0.0151722	0.0571668	0.0257482	0.019473	0.0228364	0.0197919	0.0195999	0.124238	0.0585903	0.144966	0.0047056	0.00671224
16	0.0240951	0.00883151	0.00366862	0.00113423	0.0208182	0.00288547	0.00116024	0.274754	0.00138446	0.223089	0.114224	0.00573226	0.0104309	0.00732946	0.00932209	0.0169816	0.037271	0.216346	0.0105564	0.00998483
17	0.0335169	0.00844846	0.00645256	0.0501247	0.0034509	0.0128099	0.0260714	0.0075885	0.290931	0.0510833	0.0374607	0.0302135	0.00194492	0.102592	0.267315	0.0336516	0.0187067	0.0118191	0.000960509	0.00485757
18	0.31914	0.0111757	0.00679734	0.00609573	0.00404363	0.434462	0.00583588	0.00725467	0.00770979	0.0285029	0.00575033	0.0130361	0.00539441	0.00932481	0.00686073	0.0786496	0.0141423	0.0291473	0.00183892	0.00483728
19	0.0169252	0.00469185	0.00683476	0.0160717	0.00116924	0.00366917	0.0132878	0.0111952	0.406498	0.0206632	0.0113391	0.0234943	0.00103463	0.0750177	0.338334	0.0208176	0.0116308	0.0140394	0.000390962	0.00289504
20	0.0156227	0.0145569	0.00367751	0.00135658	0.0380223	0.00192602	0.00211934	0.197639	0.00171242	0.36906	0.133156	0.00400199	0.00607523	0.00870341	0.00596024	0.0125884	0.0263699	0.138909	0.00752908	0.0110126
21	0.0602318	0.0150793	0.0362252	0.0554415	0.00914846	0.0170092	0.0283733	0.0186197	0.171446	0.0267371	0.0217062	0.065644	0.018752	0.0568653	0.0965167	0.110068	0.146581	0.0277341	0.00239702	0.0154242
22	0.0168609	0.0047307	0.00729367	0.0158859	0.0011933	0.00362078	0.0135961	0.0112804	0.407609	0.0202503	0.0113491	0.0242534	0.001033	0.0744566	0.33657	0.0207338	0.0118501	0.0138483	0.000384185	0.00320118
23	0.0360569	0.00863936	0.00845994	0.0526901	0.00356856	0.0104802	0.0229161	0.00724728	0.307323	0.0495587	0.029043	0.027057	0.00206066	0.0913376	0.27644	0.029913	0.0188402	0.0129949	0.00117731	0.00419613
24	0.020999	0.0205613	0.00200713	0.00211417	0.33098	0.00137125	0.0701878	0.0117587	0.00330824	0.0531756	0.0169862	0.016758	0.00166933	0.0145039	0.00779063	0.0143551	0.00474542	0.00592996	0.019879	0.38092
25	0.0360516	0.0197069	0.0485776	0.0158245	0.133196	0.0180167	0.0290547	0.0196783	0.103801	0.0889286	0.0149902	0.0189	0.0817361	0.0296997	0.0504155	0.0241511	0.0635868	0.0156459	0.00976651	0.178272
26	0.0318586	0.0529966	0.0194557	0.00985596	0.00338222	0.0835304	0.0130838	0.0255244	0.0173774	0.0120391	0.0192809	0.159852	0.016411	0.0128372	0.0113491	0.352749	0.144201	0.00786003	0.00150252	0.00485316
27	0.027451	0.0205519	0.00460825	0.00372316	0.311178	0.00376052	0.0653554	0.0211372	0.00835859	0.0825004	0.0246104	0.0179441	0.00919812	0.0175928	0.00885342	0.0175142	0.012051	0.0124862	0.0552362	0.27589
28	0.0185322	0.0022493	0.220436	0.508485	0.00321443	0.014869	0.0271116	0.00511836	0.0375869	0.00951532	0.00180993	0.0234925	0.00661987	0.0663845	0.00819218	0.0212637	0.0156027	0.00694547	0.000592172	0.00197892
29	0.0963739	0.00857008	0.101534	0.308284	0.00884358	0.0219917	0.0254634	0.0129129	0.0547202	0.0179949	0.00836268	0.0389264	0.0199653	0.0621609	0.0381529	0.0923234	0.0498335	0.0229328	0.00357699	0.00707602
30	0.341132	0.0558542	0.0190063	0.0100854	0.0109095	0.0117783	0.0089552	0.0228278	0.0174412	0.0200376	0.00546892	0.0201974	0.13666	0.0213509	0.0161295	0.150475	0.0552872	0.0679888	0.00328276	0.00513163
31	0.0202465	0.00988305	0.00393358	0.00115136	0.0228419	0.00228879	0.00118607	0.24983	0.00144623	0.271509	0.130633	0.00455874	0.00865059	0.00716869	0.00743715	0.0149437	0.0302085	0.1947	0.00890508	0.00847886
32	0.104591	0.00635497	0.0515069	0.0577407	0.00168245	0.0449086	0.0202364	0.00504968	0.0464871	0.0162241	0.00404149	0.128102	0.0259325	0.0633092	0.0574106	0.268975	0.072227	0.0186886	0.00217017	0.00436099
33	0.00583017	0.0227263	0.002203	0.00133154	0.0456951	0.00189144	0.00189697	0.0987008	0.0023956	0.568924	0.126279	0.00249505	0.00220783	0.0109503	0.00275125	0.00864981	0.0166461	0.0629787	0.00375722	0.0116906
34	0.0311395	0.0100932	0.0125256	0.0393518	0.00401776	0.0101679	0.0307354	0.0132111	0.283501	0.0322606	0.019036	0.0361404	0.00383941	0.101895	0.269234	0.0527628	0.0236168	0.0183574	0.000837213	0.00727743
35	0.0450133	0.0100249	0.0990349	0.298649	0.00657725	0.0155536	0.0232837	0.0199186	0.0571114	0.0169821	0.0139832	0.047393	0.0119642	0.0626285	0.0288864	0.0839358	0.124482	0.0271293	0.00153981	0.00590858
36	0.021334	0.0110586	0.00403798	0.00404012	0.0199632	0.00318859	0.00416915	0.281597	0.00415983	0.226488	0.084297	0.0114477	0.0105499	0.0168839	0.00805244	0.0193599	0.0427706	0.206584	0.00635122	0.0136665
37	0.0266995	0.0131645	0.0236126	0.038927	0.00634296	0.0138651	0.0339802	0.024434	0.242078	0.0273185	0.0500589	0.100768	0.00674937	0.0723847	0.153093	0.0740818	0.0564471	0.021842	0.00111362	0.0130391
38	0.387705	0.0538661	0.0239023	0.01246	0.00429105	0.0205773	0.00567379	0.0264838	0.0120115	0.0127829	0.00274238	0.0194589	0.0210111	0.0173188	0.0150248	0.205253	0.060828	0.0898455	0.00596196	0.00280241
39	0.0146961	0.0211246	0.00424837	0.00351507	0.0503901	0.00366334	0.0053834	0.104775	0.00921629	0.50257	0.108951	0.00715113	0.0134216	0.0143973	0.00908669	0.0164992	0.0211725	0.0658927	0.00428312	0.0195628
40	0.0194945	0.00630603	0.00696995	0.021595	0.00128163	0.00484686	0.017609	0.00985772	0.377928	0.0266156	0.0140052	0.0241253	0.00106676	0.0862277	0.327362	0.0241908	0.0136724	0.0132537	0.000415785	0.00317638
41	0.0169038	0.00474214	0.00703258	0.0159647	0.00117317	0.00365876	0.0135365	0.0112726	0.407078	0.0205655	0.0113988	0.0238303	0.00102436	0.0746159	0.337271	0.0207765	0.0118538	0.0138383	0.000391221	0.0030723
42	0.00243809	0.0239665	0.00144915	0.00123974	0.0481312	0.00113829	0.00150598	0.0795422	0.0017615	0.623201	0.123148	0.00178915	0.000988262	0.0111253	0.00138527	0.00673984	0.0136694	0.0431422	0.00282968	0.0108089
43	0.00650591	0.0195267	0.0917357	0.0195249	0.00250457	0.0116042	0.0541155	0.00532297	0.0934672	0.0173626	0.00389738	0.443604	0.0081202	0.0144924	0.0233056	0.14621	0.0212981	0.0039146	0.000656283	0.012831
44	0.0414566	0.0155223	0.0319455	0.0465757	0.0929327	0.0137251	0.168146	0.0208636	0.0700328	0.040619	0.0182516	0.0617013	0.0232095	0.0635796	0.0545773	0.0672101	0.0373954	0.0213676	0.00777892	0.10311
45	0.144352	0.0112809	0.0122449	0.0109379	0.0234027	0.00170458	0.0137696	0.00685001	0.0231881	0.0329656	0.00883467	0.0323336	0.418532	0.0295364	0.01717	0.134534	0.0582073	0.0138131	0.000803889	0.00553877
46	0.0302467	0.0157727	0.0590799	0.033426	0.00594636	0.0184464	0.0403174	0.0118639	0.160233	0.0220173	0.0140244	0.257432	0.0120425	0.0429516	0.0841516	0.115611	0.0456208	0.0149418	0.00189337	0.0139818
47	0.0135088	0.00546222	0.00187018	0.00127785	0.00785684	0.0019926	0.00135148	0.440494	0.00180159	0.151737	0.0486902	0.00339221	0.00534652	0.00457962	0.00411595	0.0119213	0.0350306	0.248144	0.00368844	0.00773896
48	0.0115941	0.00508008	0.00170874	0.00175156	0.00196313	0.00194976	0.00171887	0.510892	0.00244675	0.0842816	0.017876	0.00295002	0.00390001	0.00373229	0.0020545	0.0127221	0.0491078	0.273622	0.000523632	0.0101243
49	0.0262259	0.00744135	0.00806708	0.0341277	0.00300567	0.00955388	0.023186	0.0087406	0.337717	0.0436483	0.0235646	0.0275035	0.0036203	0.0895795	0.289	0.0279814	0.0171921	0.013092	0.000866532	0.00588681
50	0.0136639	0.0220597	0.00585091	0.00841009	0.0484525	0.0104082	0.00655845	0.0961605	0.0113637	0.506639	0.104954	0.00973207	0.00632444	0.0155224	0.00877385	0.0180057	0.0204869	0.0599958	0.00460594	0.022032
51	0.0171629	0.00481994	0.00670434	0.0164656	0.00114805	0.00374085	0.0132727	0.0111032	0.404184	0.0212765	0.0116696	0.0231515	0.00104196	0.0752549	0.339043	0.0208505	0.0116689	0.0141772	0.000401273	0.00286312
52	0.0328042	0.00532311	0.150205	0.43842	0.00677993	0.0164204	0.0297938	0.0127375	0.0525095	0.0136676	0.00732726	0.0316471	0.00905948	0.0705675	0.0251404	0.0427424	0.0334018	0.0145839	0.00115419	0.00571564
53	0.0178235	0.00869405	0.00283003	0.00131662	0.016681	0.00250728	0.00128837	0.316809	0.00185847	0.233178	0.0813345	0.0045912	0.00820282	0.00675241	0.00608302	0.0134341	0.0339548	0.226936	0.00616442	0.00956053
54	0.0186228	0.0137788	0.00329462	0.00276965	0.0596928	0.00243004	0.00598717	0.219539	0.00244155	0.313502	0.102372	0.00586728	0.00706843	0.0112028	0.00618816	0.0141836	0.0300938	0.154462	0.0076838	0.0188198
55	0.0243005	0.00805026	0.00644932	0.0318795	0.00174476	0.00735856	0.0203924	0.0080182	0.344921	0.0405944	0.0213206	0.0237432	0.00142916	0.0924868	0.310789	0.0244991	0.0149608	0.0130912	0.000588865	0.00338199
56	0.0286674	0.00549904	0.137881	0.365619	0.00680203	0.0149993	0.0297926	0.0284074	0.056498	0.0154855	0.0109567	0.0311654	0.00775329	0.0752421	0.0439326	0.0523991	0.0619222	0.0191645	0.00183049	0.0059825
57	0.00848337	0.0206398	0.0978622	0.019597	0.00258802	0.00964353	0.0614294	0.006116	0.0943772	0.0164206	0.00379831	0.432487	0.0082071	0.0142376	0.0202451	0.145464	0.0215728	0.00377208	0.000741623	0.0123173
58	0.0117846	0.0189377	0.200127	0.0745929	0.00279341	0.0119317	0.0329608	0.00504191	0.0762664	0.0148535	0.00408978	0.36554	0.0127097	0.0107366	0.0134615	0.109591	0.0170998	0.0068814	0.000941332	0.0096597
59	0.0165045	0.0306442	0.00506479	0.0450205	0.010336	0.00373161	0.0248245	0.154356	0.0202253	0.0326619	0.0749025	0.118321	0.00337496	0.0778012	0.0152395	0.0243885	0.199211	0.109461	0.00127951	0.0326516
60	0.00631633	0.0234316	0.00204893	0.00172107	0.0444408	0.00187787	0.0020469	0.0982337	0.00310668	0.56388	0.130646	0.00263824	0.00346575	0.011491	0.00263478	0.00886289	0.0172684	0.0605001	0.00366588	0.0117228
61	0.021444	0.0216388	0.00158981	0.00200158	0.337084	0.0012266	0.0719828	0.0129083	0.00235565	0.0575109	0.0187065	0.0172079	0.0011312	0.0149689	0.00700268	0.0139967	0.00456168	0.00601161	0.0208687	0.365802
62	0.00387828	0.0248069	0.00182645	0.00146408	0.0615124	0.00138088	0.00369222	0.0751154	0.00236021	0.605158	0.120907	0.00252753	0.00155504	0.0123559	0.00172801	0.00718623	0.0140797	0.0399284	0.00340026	0.0151373
63	0.0119728	0.00537809	0.00175087	0.00163301	0.00311196	0.00192482	0.00171098	0.499967	0.00237631	0.092678	0.0234722	0.00304514	0.00385829	0.00387691	0.00238708	0.0127741	0.048499	0.268808	0.000999739	0.00977594
64	0.0250181	0.0206034	0.00436533	0.00479076	0.211574	0.00423197	0.0444345	0.0625151	0.00721454	0.237765	0.0742305	0.0151869	0.012312	0.0193234	0.0083995	0.0182398	0.0170752	0.037685	0.0162061	0.158829
65	0.0315564	0.00589452	0.14466	0.427565	0.00732359	0.0150642	0.0296489	0.0144105	0.0497618	0.0193647	0.0104214	0.02825	0.016765	0.0734688	0.02678	0.0439935	0.0333722	0.0152864	0.00131614	0.00509714
66	0.0210561	0.0205946	0.00158964	0.00201139	0.33565	0.00132604	0.0739395	0.0123551	0.00249765	0.0544548	0.0175392	0.016962	0.00131442	0.0149799	0.0070363	0.0144281	0.00453135	0.00585803	0.0198145	0.372061
67	0.00742865	0.0209593	0.00258735	0.00124722	0.0412899	0.00164929	0.00155139	0.120664	0.0017686	0.517811	0.135719	0.00260632	0.00300878	0.0100152	0.00307221	0.00941215	0.0183785	0.0859374	0.00429116	0.0106023
68	0.0214504	0.00449695	0.154154	0.365296	0.00413204	0.0124479	0.0365539	0.0103127	0.0827408	0.0113796	0.00637323	0.0283318	0.00430072	0.112108	0.038916	0.0337686	0.0516699	0.0135019	0.000781355	0.00728334
69	0.0624222	0.0987522	0.013991	0.0694843	0.0763219	0.0470385	0.0198639	0.0547777	0.0651227	0.0939666	0.0125902	0.0205864	0.0222605	0.0600529	0.0181469	0.0258035	0.0646798	0.0155434	0.00553216	0.153063
70	0.0172573	0.00206674	0.175201	0.519731	0.00411977	0.0136706	0.0352161	0.00678944	0.0378925	0.0106647	0.00254866	0.0148142	0.00501679	0.0971047	0.0119952	0.0164902	0.0203838	0.00589735	0.000725464	0.00241379
71	0.00430036	0.0263509	0.00171437	0.00149055	0.047378	0.0014072	0.0017735	0.0862318	0.00232103	0.587728	0.127712	0.00254606	0.0017874	0.0129703	0.00182818	0.00797812	0.0171388	0.051082	0.00323421	0.0130275
72	0.0180917	0.00841753	0.00317172	0.00387148	0.00921204	0.00260289	0.0030116	0.413478	0.00265776	0.115301	0.0693646	0.0084041	0.00684668	0.00951164	0.00559791	0.0208256	0.0725251	0.205115	0.00417012	0.0178236
73	0.0341172	0.00816138	0.00726232	0.0415797	0.00273569	0.0122483	0.0206602	0.00721756	0.319146	0.0503624	0.0359148	0.0275396	0.00187425	0.0883851	0.280376	0.0261402	0.0194674	0.0115569	0.000975079	0.0042803
74	0.0509674	0.00528494	0.22979	0.179836	0.00247104	0.0292679	0.0117012	0.00661545	0.0628823	0.0108023	0.00845349	0.0952605	0.0141695	0.0340975	0.0257979	0.133992	0.0717739	0.0229072	0.00115578	0.00277387
75	0.07314	0.00925574	0.0123285	0.00868968	0.0756048	0.0350624	0.0846459	0.0112065	0.0747159	0.154665	0.0343463	0.0132013	0.20293	0.0373348	0.0132362	0.0168719	0.0216429	0.0149598	0.0288845	0.077278
76	0.00955439	0.0240964	0.00179477	0.00160269	0.104698	0.00137283	0.0158689	0.0791587	0.00211534	0.51201	0.111415	0.00447253	0.00153395	0.0137596	0.0022714	0.00773319	0.0148459	0.043145	0.00579034	0.0427608
77	0.147089	0.0111672	0.0124818	0.0105614	0.0226251	0.00201782	0.0134733	0.00722331	0.0233465	0.031899	0.00852076	0.0322352	0.409268	0.0302776	0.0177801	0.138958	0.0604949	0.0142831	0.000895314	0.00540262
78	0.0199802	0.00346404	0.204477	0.495673	0.00404149	0.0153898	0.0290336	0.00612552	0.0388651	0.0104146	0.00228677	0.0271499	0.00722927	0.069999	0.0102358	0.0258993	0.0186848	0.00755173	0.00102871	0.00246986
79	0.170044	0.00226333	0.0377449	0.0571227	0.00206811	0.036118	0.0054588	0.00302418	0.0419416	0.0137105	0.00109478	0.086408	0.039971	0.059783	0.0571898	0.291574	0.0619474	0.0275111	0.00383569	0.00118918
80	0.0450755	0.00217795	0.0746943	0.121718	0.00229719	0.0173247	0.00903857	0.0168526	0.111469	0.0168451	0.0325395	0.0505853	0.0017055	0.0484958	0.0444496	0.130722	0.211519	0.0597176	0.000889926	0.00188343
81	0.0114585	0.00500912	0.0017282	0.00173271	0.00202376	0.00192464	0.00164291	0.519417	0.00235819	0.088387	0.0185533	0.00281214	0.00387317	0.0037126	0.0019822	0.0127576	0.0485656	0.261545	0.000533383	0.00998373
82	0.0183052	0.00561705	0.00710247	0.0200924	0.00111693	0.0043115	0.0157471	0.00995769	0.390484	0.0250669	0.0134584	0.0240574	0.00102556	0.0801935	0.332042	0.0218266	0.0127402	0.0132359	0.000413431	0.00320608
83	0.00728733	0.0194597	0.096213	0.019489	0.00280205	0.0100732	0.050463	0.00586495	0.0983831	0.0196848	0.00429857	0.447183	0.00887276	0.0117723	0.0198855	0.139222	0.0187393	0.00413527	0.00093209	0.0152392
84	0.0231438	0.00892616	0.00365196	0.00114928	0.02109	0.00286901	0.00123571	0.271704	0.00137034	0.232073	0.116356	0.00537535	0.0101392	0.0072068	0.00892727	0.0162922	0.0354636	0.212573	0.0105937	0.00985951
85	0.0577753	0.0171903	0.00879632	0.00915783	0.34181	0.00801382	0.0456187	0.0502195	0.0141349	0.124017	0.0240397	0.0207776	0.0075749	0.047314	0.0107045	0.0217819	0.0447795	0.0166871	0.0135691	0.116038
86	0.0278604	0.0120063	0.0107681	0.0816124	0.0106632	0.0142249	0.094444	0.0185949	0.0868556	0.0366431	0.0218315	0.0711826	0.00343519	0.175066	0.108233	0.159375	0.0220802	0.0194685	0.00140656	0.0242487
87	0.257192	0.0123945	0.00661225	0.00597809	0.00406788	0.504228	0.00543137	0.00708578	0.007194	0.0272765	0.00544277	0.0133536	0.0048229	0.00805079	0.00604092	0.0802198	0.0125932	0.0256576	0.00180745	0.00455031
88	0.00618601	0.0217189	0.00200439	0.00233053	0.0461172	0.00162916	0.00306183	0.0973927	0.00403917	0.570391	0.123046	0.00306025	0.00272229	0.0127021	0.00401995	0.00960553	0.017147	0.0581339	0.00359148	0.011101
89	0.283854	0.0163782	0.0354672	0.0452215	0.00436319	0.0175891	0.00537121	0.0118457	0.0256481	0.0125948	0.00251198	0.0544027	0.0236446	0.0369953	0.031193	0.260138	0.0692323	0.0456844	0.0157656	0.00209851
90	0.020923	0.0205076	0.00174107	0.00218644	0.332726	0.00136282	0.0759754	0.0122789	0.00275989	0.0541707	0.0172687	0.0176596	0.00134679	0.0149636	0.00729513	0.0152053	0.00471833	0.00587769	0.0196071	0.371426
91	0.0198434	0.00785436	0.00387622	0.00117922	0.0150607	0.00244012	0.00126699	0.328393	0.00162445	0.201478	0.112229	0.0043257	0.00856627	0.00606762	0.00669301	0.0148483	0.0374015	0.210905	0.00701635	0.00893036
92	0.0388738	0.0127326	0.0356815	0.0575223	0.0172728	0.0166407	0.146237	0.0182609	0.0767651	0.025558	0.0157464	0.0780995	0.0145364	0.137106	0.0708604	0.149308	0.0430908	0.0187562	0.00188218	0.0250683
93	0.0218266	0.00742755	0.0147673	0.0334729	0.00239115	0.00481388	0.0433716	0.00890575	0.338505	0.0226318	0.0160316	0.0497484	0.00113602	0.0978467	0.255838	0.035608	0.0216191	0.0124815	0.000401684	0.0111751
94	0.0260032	0.0136532	0.016957	0.0358466	0.00769109	0.00946414	0.106734	0.0344642	0.136071	0.0165915	0.0157507	0.123665	0.00389666	0.135981	0.10634	0.0766559	0.0598301	0.0372321	0.00113758	0.0360353
95	0.114863	0.0234474	0.0209695	0.0160442	0.00438847	0.365719	0.0114773	0.00766576	0.0176609	0.0207562	0.00564455	0.0745666	0.0122658	0.0201427	0.0176307	0.205202	0.0364559	0.0177615	0.00219954	0.00513942
96	0.0211498	0.0206309	0.00219004	0.00212489	0.331333	0.00127716	0.0701014	0.0118802	0.00327022	0.0533443	0.0170277	0.0166425	0.00170713	0.0144725	0.00788986	0.0143376	0.00461693	0.0059013	0.0199296	0.380173
97	0.0292379	0.0201208	0.00480777	0.00533801	0.29062	0.0022734	0.0627125	0.0323472	0.00716454	0.124049	0.0331045	0.0206396	0.0122654	0.0200619	0.00824162	0.0192992	0.0132082	0.0199169	0.0182934	0.256299
98	0.0377362	0.0154987	0.034403	0.0561574	0.0789197	0.0194167	0.160762	0.0186562	0.0782406	0.0378106	0.0187292	0.0681629	0.0223942	0.0667829	0.0573754	0.0777479	0.0412149	0.0181104	0.00642135	0.0854594
99	0.0224849	0.00593614	0.00994937	0.0233383	0.00182002	0.00535921	0.0185138	0.0103412	0.370562	0.0248498	0.0147136	0.0306924	0.00294257	0.0786553	0.313345	0.0287132	0.0179979	0.0144082	0.000597252	0.0047795
100	0.0794319	0.0180148	0.152754	0.0977223	0.00526054	0.0278907	0.0269786	0.0117755	0.0529663	0.0175907	0.00714504	0.11962	0.0301579	0.0405913	0.0313131	0.183377	0.0643752	0.024182	0.00272545	0.00612797
101	0.00235301	0.023722	0.00141881	0.00124917	0.0477965	0.00113276	0.00142028	0.0796152	0.00175392	0.626767	0.122421	0.00175394	0.000942645	0.010858	0.00134432	0.00657762	0.0133863	0.0423591	0.00269051	0.0104376
102	0.0349696	0.0102756	0.0280009	0.0383925	0.0109979	0.0101096	0.0285391	0.0182582	0.302411	0.0297568	0.0179835	0.0507984	0.010408	0.0730253	0.212859	0.049752	0.0370692	0.0197597	0.00143241	0.015202
103	0.155321	0.0142828	0.0140705	0.0138033	0.0216668	0.00848237	0.0190536	0.0100807	0.0268776	0.0324211	0.00971438	0.0348404	0.362139	0.0308357	0.0191898	0.133969	0.0626671	0.0198838	0.00253419	0.00816758
104	0.0380261	0.0187216	0.0779182	0.278152	0.0930958	0.0187476	0.0386054	0.0272597	0.0405009	0.0443153	0.0155005	0.0347583	0.0171	0.0574577	0.0275895	0.0457118	0.0426312	0.0220661	0.00847703	0.0533649
105	0.0522471	0.0235058	0.0361349	0.0264281	0.0110692	0.147033	0.0313711	0.0137491	0.0394657	0.0596569	0.0121775	0.210057	0.0169592	0.0345295	0.029717	0.16044	0.0570381	0.0188972	0.00360507	0.0159184
106	0.0173876	0.00914542	0.0028846	0.0010839	0.0219331	0.00230895	0.00113282	0.272326	0.00143158	0.296054	0.102088	0.00388535	0.00780689	0.00710099	0.00617307	0.0131885	0.0335033	0.183916	0.00725649	0.00939261
107	0.00393605	0.0250053	0.0014069	0.00128339	0.0468524	0.00131998	0.00150536	0.0863367	0.0018062	0.60004	0.122982	0.00200999	0.00263241	0.011316	0.00177629	0.00748744	0.0148713	0.052972	0.00302772	0.0114329
108	0.0346602	0.0466682	0.0060566	0.00581112	0.0140234	0.00540441	0.00550024	0.311711	0.00614255	0.143427	0.0601253	0.011859	0.0105129	0.0113889	0.00845752	0.0235035	0.0535544	0.222945	0.00503727	0.0132125
109	0.0282827	0.052232	0.00715277	0.00745687	0.00566811	0.00683376	0.0254652	0.109958	0.0293338	0.0101777	0.0974019	0.131433	0.00467617	0.00870504	0.0084315	0.325188	0.124265	0.0104241	0.00133375	0.00558099
110	0.0318431	0.00860801	0.0230862	0.102027	0.00726808	0.0572913	0.0277102	0.0157566	0.155147	0.0328987	0.0885998	0.0635734	0.00536113	0.0897691	0.120947	0.0719491	0.0663342	0.0222336	0.00150956	0.00808671
111	0.0259683	0.0194749	0.0125407	0.0279315	0.0462308	0.0145838	0.0193585	0.0627026	0.0486367	0.388318	0.0829777	0.0180933	0.0139878	0.0477391	0.0443086	0.0319684	0.0252787	0.0412841	0.00438418	0.024232
112	0.404748	0.0422755	0.0222638	0.0115289	0.00491106	0.00779556	0.00456735	0.0315792	0.01388	0.0138647	0.00376798	0.0183119	0.0138801	0.0205635	0.0269504	0.179481	0.0586175	0.114907	0.00371211	0.00239472
113	0.0327689	0.0106381	0.0164602	0.0427696	0.00429998	0.0094662	0.0289435	0.0138545	0.266228	0.0310629	0.0187116	0.0381835	0.0110024	0.104425	0.259262	0.0565332	0.0306109	0.0163987	0.000985385	0.0073953
114	0.022306	0.00705982	0.1324	0.42868	0.00817323	0.0139407	0.0531726	0.0117038	0.0551578	0.0148782	0.00691356	0.0324833	0.00531226	0.0867916	0.0339047	0.0391373	0.0268697	0.0111189	0.00138486	0.00861148
115	0.0148345	0.00565248	0.00177605	0.00189671	0.00321238	0.00214756	0.00168581	0.497455	0.00231588	0.0887059	0.0251123	0.0033673	0.00478089	0.0042794	0.00261105	0.0137619	0.060171	0.252762	0.00127513	0.0121971
116	0.017885	0.0747065	0.0919831	0.0155023	0.00747224	0.021391	0.0228943	0.0430493	0.0251917	0.076894	0.0091731	0.175951	0.00871096	0.055685	0.107306	0.150085	0.0701981	0.0123737	0.00274021	0.0108067
117	0.25858	0.0502477	0.0400158	0.0171158	0.0051845	0.0243541	0.0085681	0.0223405	0.0175467	0.0146499	0.00547851	0.045591	0.0177283	0.0218132	0.0174383	0.265534	0.0984666	0.061065	0.00498974	0.00329232
118	0.0255997	0.00985393	0.00573126	0.0354556	0.00206647	0.00693948	0.0279606	0.00779942	0.328152	0.0401799	0.0196821	0.0266311	0.00122311	0.0989387	0.297822	0.0330641	0.0146241	0.0139544	0.000512752	0.0038095
119	0.122211	0.0143162	0.0162594	0.0142209	0.0255236	0.00976389	0.0204319	0.0186692	0.0298881	0.0413729	0.012861	0.040533	0.354937	0.032216	0.0233946	0.126559	0.0574866	0.02276	0.00285115	0.0137446
120	0.120751	0.013918	0.0191735	0.0173436	0.0244463	0.0116609	0.0214377	0.0158189	0.0337226	0.0415064	0.0122494	0.0429183	0.346037	0.0325774	0.0216909	0.124385	0.05982	0.0227597	0.00340274	0.0143806
121	0.021513	0.0207978	0.00164538	0.00204616	0.34124	0.00130628	0.0722144	0.0131201	0.00241863	0.0561551	0.0181344	0.0169726	0.00126236	0.0156984	0.00705664	0.0139941	0.00463689	0.00603444	0.0206044	0.363149
122	0.0889466	0.0682759	0.0148963	0.0240499	0.015242	0.0199048	0.0151829	0.042972	0.0305558	0.0397133	0.021718	0.0668874	0.0243105	0.025602	0.0211855	0.142445	0.282565	0.0368052	0.00322078	0.0155218
123	0.0183101	0.00205783	0.206587	0.517823	0.00334478	0.0145819	0.0290148	0.0057	0.0384244	0.0100475	0.00199559	0.0190495	0.00603077	0.0726649	0.00948221	0.0189226	0.0168103	0.00658336	0.000613087	0.00195646
124	0.0230155	0.0203047	0.00586659	0.0100883	0.268594	0.0045521	0.110543	0.0151733	0.0161439	0.056633	0.0168285	0.0242462	0.00962128	0.0274837	0.0147395	0.0232766	0.0146667	0.00968462	0.0167824	0.311756
125	0.0666439	0.0147361	0.0103042	0.0163036	0.0166157	0.0127314	0.0101217	0.242734	0.0157853	0.166806	0.0595339	0.0155119	0.0140978	0.0172289	0.0155738	0.0421468	0.0469064	0.197889	0.00558026	0.0127493
126	0.383931	0.0537962	0.0225247	0.0115114	0.00484986	0.0205612	0.00498344	0.0260218	0.011964	0.0126751	0.00303175	0.018716	0.0257323	0.0164236	0.0148551	0.203905	0.0668509	0.0904555	0.00443663	0.00277521
127	0.0949693	0.0240635	0.0250629	0.0375654	0.00535267	0.0238076	0.0141343	0.0194556	0.0393123	0.0144335	0.0145171	0.0805001	0.0277658	0.0309248	0.0265345	0.217391	0.26756	0.028115	0.0023445	0.00618919
128	0.0718418	0.0201671	0.0146795	0.0181353	0.154148	0.0158549	0.0445016	0.0637143	0.0181669	0.113148	0.0409325	0.0248713	0.0195248	0.0253752	0.0161778	0.0508244	0.0326564	0.0539957	0.070299	0.130986
129	0.0257272	0.0227659	0.00643139	0.00675255	0.277644	0.00474343	0.0666006	0.0216042	0.0171346	0.0705348	0.0227037	0.0234222	0.0106735	0.0210795	0.0152015	0.023613	0.0156031	0.0128539	0.0177682	0.317143
130	0.0436582	0.0103903	0.0167512	0.0322252	0.00569146	0.0129451	0.027041	0.0155529	0.270164	0.0343889	0.0191789	0.0418947	0.0164754	0.0789184	0.243801	0.0555867	0.0410504	0.0223392	0.00151628	0.0104311
131	0.303532	0.012647	0.00959806	0.010193	0.00505418	0.403423	0.00683711	0.00861963	0.0109384	0.0281603	0.0063947	0.0179524	0.00949847	0.0122702	0.010658	0.0901678	0.0178172	0.028619	0.00246288	0.00515735
132	0.121986	0.0136395	0.0180193	0.0143665	0.0267857	0.010563	0.0224948	0.0199456	0.0317432	0.0447675	0.0147443	0.0358602	0.344808	0.0323709	0.0213386	0.121094	0.0616807	0.0228554	0.00400283	0.0169334
133	0.0282562	0.00493521	0.147846	0.440973	0.00552724	0.0144239	0.0342886	0.0133805	0.0502991	0.0148087	0.00748995	0.0294509	0.010019	0.0773976	0.0251114	0.0414484	0.0333224	0.013627	0.0019259	0.0054695
134	0.0157567	0.00616411	0.00217639	0.00121161	0.0104264	0.00231012	0.00137661	0.398051	0.00174899	0.170171	0.0589076	0.00374803	0.00677108	0.00531221	0.00495732	0.0120113	0.0342252	0.252319	0.00458093	0.00777436
135	0.00983429	0.016724	0.00246023	0.00148373	0.0332808	0.001825	0.00178727	0.185848	0.00249113	0.448603	0.104872	0.00293835	0.00527043	0.00922944	0.00403832	0.00975992	0.0235645	0.120662	0.00446455	0.0108623
136	0.0133682	0.0225351	0.00452345	0.00474156	0.0454341	0.00644595	0.00679517	0.105541	0.00817517	0.515115	0.109724	0.00831364	0.00507119	0.0148718	0.00777709	0.0173277	0.0213745	0.0650272	0.00418741	0.0136497
137	0.0252617	0.0102954	0.0116439	0.0550938	0.00498974	0.00861732	0.0739475	0.0112388	0.232948	0.0300812	0.0196655	0.05404	0.00160751	0.12894	0.211118	0.0682473	0.0223501	0.0155852	0.00063243	0.0136962
138	0.288497	0.0237238	0.0417972	0.0314749	0.00484541	0.0266358	0.00845336	0.0175437	0.0242011	0.0261944	0.00399178	0.0424001	0.0284346	0.0349137	0.0288148	0.239861	0.0585865	0.0594441	0.00696652	0.00321983
139	0.0682635	0.0100699	0.03185	0.00953694	0.0381414	0.00424096	0.0351121	0.0324354	0.0199373	0.0259333	0.00869361	0.044246	0.293099	0.0434611	0.0159042	0.123932	0.126933	0.0349134	0.0019376	0.0313594
140	0.0266713	0.0296017	0.00409082	0.0158236	0.0188979	0.00319	0.0119386	0.127275	0.0301792	0.0300508	0.0598569	0.177688	0.0030329	0.0347099	0.0249982	0.0558982	0.18416	0.135241	0.0011139	0.0255822
141	0.0239367	0.0228806	0.00644014	0.00635597	0.221342	0.00474728	0.0549648	0.0431651	0.0129819	0.189188	0.0451482	0.0158748	0.0126222	0.0202187	0.00971371	0.0177134	0.0154473	0.0275919	0.0150581	0.234609
142	0.00794818	0.0453408	0.0233129	0.00460183	0.00282941	0.155018	0.00986855	0.0056565	0.0079707	0.0104889	0.00333519	0.196874	0.0170586	0.011035	0.008208	0.418423	0.0625337	0.00438354	0.00108937	0.00402404
143	0.185396	0.0155509	0.0153562	0.0126712	0.0227067	0.00356182	0.0124443	0.00956873	0.0216841	0.0264796	0.00748663	0.0316342	0.314386	0.0282877	0.0175579	0.181419	0.0629729	0.0241689	0.00197098	0.00469552
144	0.152452	0.0120166	0.0146291	0.0130351	0.0310041	0.0113015	0.046332	0.0114262	0.0515794	0.0462152	0.0137064	0.0313052	0.321493	0.03262	0.0187003	0.0989166	0.0474693	0.0174935	0.00649522	0.0218089
145	0.0143682	0.0060118	0.00198419	0.00124957	0.00775795	0.00211818	0.00143018	0.431358	0.00168943	0.148863	0.0470421	0.00334685	0.00595962	0.0045774	0.00392068	0.0116938	0.0362381	0.25869	0.00348259	0.00821816
146	0.00445805	0.0261591	0.00180324	0.00121905	0.0459098	0.00125998	0.00168381	0.0961678	0.00174346	0.571898	0.129992	0.00215878	0.00199996	0.0108416	0.00207158	0.00785218	0.0152375	0.062895	0.0032618	0.011387
147	0.153233	0.0174279	0.0181025	0.0199881	0.00885776	0.396203	0.0132797	0.0149228	0.0216069	0.0310332	0.0107744	0.0460156	0.0133781	0.0230446	0.0189487	0.122991	0.032925	0.0252248	0.00219719	0.00984613
148	0.400286	0.0543555	0.0217114	0.010909	0.0042883	0.00886066	0.00428115	0.0268792	0.012448	0.0113138	0.0031595	0.0191565	0.0205741	0.016522	0.0149453	0.190421	0.0762161	0.0965678	0.00509009	0.0020144
149	0.0304575	0.0119779	0.00596867	0.00735914	0.0183393	0.00479184	0.00795122	0.341456	0.00895318	0.162024	0.0604655	0.0139282	0.0100223	0.0122449	0.0103706	0.0314252	0.0473999	0.195592	0.00496752	0.0143059
150	0.0272914	0.00858211	0.00552627	0.00174777	0.0184444	0.00306063	0.00142566	0.254916	0.00213885	0.224059	0.150863	0.00586115	0.0106786	0.00794571	0.0081399	0.0182041	0.0403725	0.192848	0.00864731	0.00924809
151	0.413355	0.0452241	0.0273177	0.00956972	0.00438669	0.0024364	0.00467718	0.036448	0.0121847	0.0137015	0.00385329	0.0155759	0.0155615	0.0190684	0.0153038	0.182512	0.059809	0.111883	0.00463072	0.00250165
152	0.0323069	0.00695863	0.135435	0.406719	0.00736996	0.0159561	0.0352654	0.0123671	0.0577095	0.015764	0.00896792	0.0314098	0.0117327	0.0790675	0.0318373	0.0508738	0.0391453	0.0130393	0.00126698	0.00680809
153	0.011681	0.0148954	0.00218601	0.00114853	0.0320548	0.00182754	0.00108667	0.183252	0.00153408	0.437198	0.111155	0.00321232	0.00515773	0.00858109	0.0044453	0.0103934	0.0232305	0.132176	0.00572802	0.00905695
154	0.0121754	0.0245705	0.00236488	0.0021987	0.154348	0.00224869	0.0285487	0.0519537	0.0046785	0.416823	0.0846655	0.00755023	0.00608606	0.0148427	0.00372815	0.00953223	0.0126564	0.0285482	0.00963362	0.122847
155	0.0350506	0.0444581	0.00707452	0.00868912	0.00588957	0.00624073	0.0217587	0.107039	0.026273	0.0102908	0.104167	0.118947	0.00498161	0.00945794	0.00876758	0.312041	0.149922	0.0111122	0.00185928	0.00598022
156	0.0239656	0.0269149	0.00198649	0.0028772	0.322708	0.00193988	0.0741162	0.0187466	0.00371957	0.0971821	0.0268432	0.0162308	0.00240797	0.0168467	0.00619263	0.0131531	0.00700215	0.00848782	0.0194309	0.309248
157	0.0234945	0.0404937	0.0212689	0.0274012	0.00534166	0.00906757	0.064128	0.0129226	0.226809	0.0230264	0.0131868	0.0709981	0.00369774	0.116401	0.196837	0.0478145	0.0611259	0.0159084	0.000972181	0.0191052
158	0.12483	0.0135889	0.017828	0.0161661	0.026247	0.0102555	0.0213345	0.0180149	0.0329405	0.0426812	0.0127852	0.0375741	0.355207	0.0312524	0.021132	0.120266	0.0567046	0.0226345	0.00335787	0.0152001
159	0.0101268	0.0180869	0.00268647	0.00200253	0.0371788	0.00200176	0.0018391	0.164695	0.00228218	0.470041	0.111844	0.00382323	0.00396077	0.0100142	0.00400646	0.0121386	0.0224574	0.105916	0.00462921	0.0102696
160	0.0254734	0.0197468	0.00378411	0.0031683	0.300117	0.00378343	0.0617739	0.0344513	0.00609011	0.125064	0.0323885	0.0155804	0.00821289	0.0182873	0.0069744	0.0144744	0.011986	0.0198367	0.0385747	0.250232
161	0.148715	0.0115197	0.0140268	0.0133649	0.0208796	0.0102196	0.0136173	0.00749303	0.0245329	0.0299503	0.00815103	0.0407882	0.380713	0.0306318	0.0195868	0.143176	0.05988	0.0158131	0.00132358	0.00561747
162	0.173561	0.0167371	0.0172728	0.0186561	0.00621932	0.429702	0.0111007	0.00912784	0.0208398	0.0281925	0.00834281	0.0396983	0.0103252	0.0189025	0.0153527	0.114007	0.0281923	0.0240924	0.00230672	0.00737153
163	0.14485	0.0129941	0.0183633	0.0301058	0.00405201	0.0104518	0.00759614	0.00715078	0.0359628	0.00834265	0.00403903	0.0782692	0.0151322	0.0354684	0.0302464	0.245361	0.276463	0.0309011	0.00200439	0.00224706
164	0.0131615	0.0403355	0.0257766	0.00984869	0.0029837	0.138867	0.0138161	0.00680591	0.014122	0.0122917	0.00425678	0.196392	0.0153824	0.0164107	0.0128957	0.391165	0.0728592	0.0061529	0.00145083	0.00502528
165	0.0276793	0.00565944	0.151776	0.462071	0.00718971	0.0174338	0.0318847	0.00843013	0.0482202	0.0147185	0.00584853	0.0284628	0.00863345	0.0759148	0.0222402	0.0382318	0.0290823	0.0104909	0.0012929	0.00473943
166	0.0525661	0.00919022	0.00494702	0.0036221	0.0116796	0.015728	0.00382244	0.282215	0.00542759	0.139172	0.0892798	0.00751034	0.0459287	0.00872705	0.00915415	0.0172988	0.0462713	0.230649	0.0059004	0.0109091
167	0.0308673	0.0170605	0.177687	0.112315	0.00354725	0.0217279	0.0318892	0.00987777	0.0696973	0.0186229	0.00622551	0.24582	0.0169721	0.0286845	0.0242563	0.121724	0.0377046	0.0141477	0.0015959	0.00957664
168	0.0169002	0.00378135	0.146219	0.50558	0.00560226	0.0121247	0.0394705	0.00849949	0.034157	0.0111692	0.00324952	0.0139477	0.00529561	0.126107	0.0124316	0.0157525	0.0289416	0.00633912	0.00102631	0.00340523
169	0.00318397	0.0232803	0.00148016	0.00122333	0.0477253	0.00116217	0.0013837	0.0901115	0.00170915	0.604336	0.12354	0.00194442	0.00111039	0.0106909	0.00172843	0.00688754	0.0137259	0.051279	0.00319667	0.0103009
170	0.0236849	0.0207283	0.00199186	0.00241296	0.331714	0.00145752	0.0869049	0.0159117	0.00308122	0.0676343	0.0196342	0.0166276	0.00149876	0.0166764	0.00658638	0.0134019	0.00560022	0.00701127	0.019324	0.338118
171	0.0182072	0.0053988	0.00683284	0.0182239	0.00116441	0.00437306	0.0146865	0.0105454	0.394364	0.0237792	0.0128887	0.0231825	0.00107988	0.0770686	0.337737	0.0212352	0.0120944	0.0138136	0.00038323	0.00294103
172	0.0173056	0.00673444	0.0024545	0.00122882	0.0103495	0.00221462	0.00131299	0.403444	0.00172889	0.154205	0.0689462	0.00372086	0.00704738	0.00537828	0.00489541	0.0147827	0.0479582	0.231195	0.00472085	0.0103771
173	0.0497467	0.0518128	0.00649902	0.00822857	0.0132621	0.00434232	0.00704233	0.261764	0.0085427	0.120698	0.0556651	0.0300568	0.00831935	0.0165295	0.00982375	0.0338131	0.0850851	0.20881	0.00418128	0.0157778
174	0.164153	0.0015781	0.0372655	0.060162	0.00164791	0.0375422	0.00518364	0.00228476	0.0438769	0.0140218	0.00117792	0.0886929	0.0401194	0.0614239	0.0595732	0.292613	0.0600678	0.0237473	0.00368124	0.00118818
175	0.0160581	0.0115261	0.00296085	0.00657363	0.00541595	0.00249955	0.00503897	0.409867	0.00587966	0.0693362	0.0355739	0.023152	0.00551249	0.0149918	0.00543701	0.0172815	0.104452	0.234476	0.00163411	0.0223335
176	0.0025138	0.0232772	0.00141535	0.00124694	0.0474675	0.00112909	0.00140398	0.0822241	0.00174415	0.623453	0.121531	0.00182629	0.00101343	0.0107006	0.00139009	0.00653763	0.0133864	0.0448459	0.00271784	0.0101753
177	0.155253	0.0198457	0.016275	0.022207	0.0084617	0.412907	0.0138733	0.0134802	0.0204134	0.0334619	0.00914806	0.0443825	0.0127967	0.019005	0.0165971	0.120562	0.0270927	0.0233215	0.0023034	0.00861372
178	0.0768247	0.0370083	0.00489645	0.0252355	0.00362362	0.00297715	0.0043609	0.00639699	0.0323388	0.00622169	0.00560885	0.0756532	0.0180664	0.0097412	0.0103691	0.170459	0.495796	0.00985207	0.00119872	0.00337117
179	0.054959	0.0116475	0.0133582	0.00885406	0.0379392	0.0148144	0.0280005	0.0958619	0.0288989	0.147374	0.0442055	0.0188987	0.198479	0.0247359	0.0149646	0.0432449	0.0426635	0.101946	0.0107197	0.0584345
180	0.0438155	0.00880173	0.0772798	0.0675534	0.00227238	0.0293238	0.039651	0.00931627	0.0725384	0.0183294	0.0109051	0.146712	0.00759383	0.0489464	0.052526	0.205555	0.12797	0.0235146	0.00101754	0.00637791
181	0.0379978	0.00253945	0.0814011	0.12772	0.00244628	0.0170473	0.00901877	0.0145481	0.105147	0.0192521	0.0294987	0.0574405	0.00177949	0.0469248	0.0412555	0.130719	0.219621	0.0527934	0.000655814	0.00219459
182	0.0250601	0.0206046	0.00460412	0.00361182	0.32818	0.00283828	0.0673338	0.0159269	0.00728677	0.0633139	0.0201323	0.017254	0.00711764	0.0170318	0.00934908	0.0151031	0.0103984	0.00860554	0.0570125	0.299235
183	0.140487	0.0123077	0.0141653	0.00977473	0.0257921	0.00158648	0.013686	0.00755379	0.0240424	0.033735	0.0101735	0.0342466	0.413132	0.0301581	0.0181405	0.129897	0.0589148	0.0152285	0.000793662	0.00618519
184	0.0181496	0.00191146	0.192531	0.529853	0.00354995	0.0146563	0.0313372	0.00584327	0.0399271	0.0106799	0.00199586	0.0155416	0.00540241	0.0761217	0.0102232	0.016359	0.0173042	0.00608283	0.000601154	0.00192932
185	0.0658149	0.0406088	0.0152352	0.00662391	0.00405712	0.370165	0.00854213	0.00568869	0.00772428	0.0157661	0.00423793	0.103208	0.010594	0.0107939	0.00857044	0.265841	0.0399502	0.0104295	0.00118514	0.00496258
186	0.0339085	0.0195756	0.00234816	0.00287615	0.337848	0.00183242	0.0851136	0.0232568	0.00402512	0.0813771	0.0283616	0.0190982	0.00291189	0.0217142	0.0059256	0.0124761	0.00806991	0.00947601	0.0188137	0.280991
187	0.0299149	0.0091667	0.0207947	0.0485378	0.00628531	0.00797362	0.11288	0.0148383	0.186205	0.0169354	0.0129239	0.0844938	0.00222463	0.161061	0.105562	0.0902065	0.0343929	0.0233492	0.000776521	0.0314776
188	0.00542087	0.0240162	0.00252805	0.00312792	0.0460623	0.00281411	0.00302668	0.0810726	0.00818439	0.581484	0.124822	0.00398321	0.00246733	0.0166055	0.00618507	0.00940853	0.0159647	0.0480218	0.00298872	0.011816
189	0.29776	0.0186082	0.0332131	0.047191	0.00520267	0.0186137	0.00675007	0.0134808	0.0254275	0.0132531	0.00317511	0.0487248	0.0238792	0.0347516	0.028933	0.247992	0.064903	0.0469759	0.0187791	0.00238599
190	0.164153	0.0015781	0.0372655	0.060162	0.00164791	0.0375422	0.00518364	0.00228476	0.0438769	0.0140218	0.00117792	0.0886929	0.0401194	0.0614239	0.0595732	0.292613	0.0600678	0.0237473	0.00368124	0.00118818
191	0.238897	0.0124404	0.0373302	0.0356101	0.0109797	0.00667248	0.0176386	0.0224915	0.0322869	0.0115685	0.00493695	0.0421817	0.0104042	0.0511104	0.0208206	0.22464	0.140761	0.0725696	0.00447268	0.00218835
192	0.0272461	0.00939361	0.00922747	0.00218844	0.0194598	0.00284728	0.00195025	0.234747	0.00265321	0.236199	0.171504	0.00590216	0.00913733	0.00885816	0.00780327	0.0218396	0.0397763	0.171743	0.00854287	0.00898227
193	0.0199448	0.0139784	0.0319282	0.0211835	0.00297524	0.0780817	0.060694	0.00860601	0.0435021	0.0227928	0.0055366	0.234233	0.00755581	0.0620461	0.0491443	0.225898	0.088006	0.00760385	0.0010512	0.0152378
194	0.0320556	0.0201058	0.0023074	0.00328315	0.342153	0.00201121	0.0811211	0.0238655	0.00402021	0.0783409	0.0244616	0.0176023	0.00209366	0.0192995	0.00620928	0.0126034	0.00845704	0.0113846	0.0179189	0.290705
