371	20
1	0.0304047	0.0041438	0.00140332	0.00223706	0.000812099	0.884002	0.00353936	0.00130372	0.00453743	0.00566942	0.00124763	0.0175271	0.000703929	0.00260731	0.00639096	0.026097	0.00212688	0.00178571	0.000422393	0.00303802
2	0.194149	0.00316631	0.12569	0.0975879	0.0161935	0.17406	0.0437145	0.0164086	0.0306491	0.031243	0.0169533	0.0686065	0.00277183	0.0343607	0.00499444	0.0569965	0.0239654	0.0529391	0.00165276	0.00389799
3	0.0510974	0.0070166	0.123636	0.1213	0.00362863	0.14162	0.0408609	0.00184482	0.052824	0.00395128	0.00145864	0.0733085	0.0281927	0.086015	0.0787069	0.140887	0.0318132	0.00443119	0.000433689	0.00697297
4	0.0142959	0.0123988	0.00104249	0.00105604	0.356029	0.00125174	0.0139777	0.0200237	0.0038123	0.0271073	0.0132874	0.00435012	0.00133762	0.00192622	0.00110248	0.0134328	0.00786879	0.0199174	0.00999741	0.475785
5	0.0128134	0.00965396	0.00139811	0.00168605	0.351541	0.00300395	0.0233649	0.131704	0.00736077	0.0574777	0.0316635	0.00315721	0.00121801	0.0061706	0.00319365	0.00902046	0.0221802	0.101314	0.0044442	0.217634
6	0.0527909	0.00822062	0.108211	0.093951	0.00410192	0.131546	0.0555567	0.00215868	0.0510229	0.00167089	0.00136499	0.0852483	0.0144376	0.0995287	0.0838662	0.158995	0.0348468	0.00276558	0.0003618	0.00935421
7	0.0286948	0.00670485	0.000724696	0.000493162	0.00781353	0.000516012	0.00124483	0.337612	0.000433358	0.0584278	0.0116338	0.00193273	0.00157672	0.000577393	0.000561055	0.00354873	0.0100646	0.524852	0.00020829	0.00237899
8	0.0372605	0.00439832	0.189765	0.0101858	0.00271672	0.106179	0.0125332	0.00404704	0.0088529	0.00766382	0.0136867	0.242959	0.00510716	0.00706801	0.00808423	0.262125	0.0683339	0.0051657	0.00107826	0.00278975
9	0.0518472	0.00850742	0.104788	0.0955932	0.00378853	0.132722	0.0532978	0.00201643	0.0513194	0.00162648	0.00137427	0.0850291	0.0148553	0.10318	0.0859088	0.157457	0.0344699	0.00269979	0.000315892	0.00920326
10	0.103217	0.0102718	0.00254628	0.0109162	0.0569558	0.0161585	0.00460914	0.038143	0.0101761	0.335494	0.0953801	0.00639283	0.113924	0.0129527	0.00864512	0.0069444	0.0610067	0.0925853	0.00104759	0.0126328
11	0.0604793	0.00593912	0.0315379	0.0430765	0.00585072	0.030938	0.0335463	0.00958578	0.00888136	0.0405656	0.024923	0.0291551	0.462458	0.0454158	0.0351397	0.0683121	0.0351921	0.0130284	0.00743013	0.00854466
12	0.0702698	0.0227841	0.00155015	0.00179929	0.00696491	0.00212309	0.00241451	0.102179	0.0019826	0.157609	0.224458	0.00621146	0.00167246	0.00230146	0.00259962	0.0142217	0.0286517	0.348	0.000956401	0.00125115
13	0.00824402	0.00410094	0.00113478	0.00162023	0.0137758	0.00154173	0.00361453	0.170471	0.000485138	0.539076	0.0961382	0.00158864	0.000980127	0.00267762	0.00082189	0.00323853	0.0100646	0.138301	0.000383549	0.00174107
14	0.0119906	0.00664132	0.000448609	0.000487865	0.0190576	0.000635999	0.00173836	0.364393	0.000471624	0.333662	0.0389116	0.000531584	0.00330088	0.00340273	0.00133494	0.00292022	0.00677724	0.200426	0.000740937	0.00212662
15	0.0446269	0.0967267	0.0151657	0.0287924	0.0161935	0.0265207	0.0372621	0.0254413	0.062632	0.0335612	0.0325326	0.0399416	0.00744563	0.110058	0.258177	0.0645724	0.0554928	0.0232507	0.00919304	0.0124136
16	0.0156351	0.0158482	0.000952298	0.00246604	0.20361	0.0026408	0.0105716	0.262697	0.00395503	0.155208	0.0442306	0.00190802	0.00200344	0.0041392	0.00362822	0.00427974	0.0121983	0.216183	0.00104497	0.0368003
17	0.0259554	0.00175616	0.0287515	0.0432707	0.00182846	0.0196946	0.0350596	0.00357794	0.0024471	0.0380217	0.0291024	0.0345061	0.530946	0.0564147	0.043104	0.0564512	0.0329276	0.00511975	0.00932459	0.00174045
18	0.0195293	0.0019329	0.265333	0.155714	0.00157654	0.177419	0.0527726	0.0023102	0.0306098	0.00784347	0.00218161	0.119701	0.0113186	0.0866329	0.0108462	0.0313705	0.0148822	0.00514578	0.00058314	0.00229668
19	0.0105949	0.00595628	0.000491892	0.000572677	0.0148909	0.00057113	0.00181578	0.385774	0.000482957	0.319423	0.0382926	0.000533069	0.00303725	0.00333351	0.00126143	0.00311044	0.00602559	0.200699	0.000923863	0.00220978
20	0.0138367	0.00675615	0.000473174	0.000468255	0.0154383	0.000602621	0.0019785	0.330121	0.000423128	0.328113	0.0382922	0.000749686	0.00283037	0.00313913	0.00126981	0.00312539	0.0078496	0.241495	0.000538351	0.00249913
21	0.0770519	0.00301562	0.0372863	0.132509	0.0019047	0.0264717	0.0356171	0.00496833	0.199052	0.0179535	0.00556364	0.0366488	0.00462181	0.146296	0.174715	0.0469792	0.0325861	0.0120171	0.00268251	0.0020592
22	0.0843776	0.00350992	0.175133	0.0494602	0.00391407	0.0596308	0.141318	0.0173143	0.0275677	0.0106489	0.00375207	0.119174	0.0105777	0.0587111	0.0367878	0.132842	0.0386618	0.0130204	0.000823923	0.0127746
23	0.0540186	0.0138724	0.0106216	0.0590954	0.00785771	0.0191696	0.0413779	0.00770361	0.170934	0.0225805	0.0166341	0.0404378	0.00145526	0.158538	0.303292	0.0333984	0.0255596	0.00867645	0.00112677	0.00365022
24	0.01668	0.0114575	0.000562884	0.000624068	0.0260483	0.000709849	0.00189279	0.342297	0.000697792	0.19809	0.0683498	0.000832728	0.000627952	0.00116802	0.00138586	0.00309173	0.00536162	0.317054	0.00106505	0.00200259
25	0.0123781	0.00487313	0.000420568	0.00055837	0.0100673	0.000679036	0.00185108	0.30939	0.000447738	0.469352	0.0348755	0.000564209	0.00496863	0.00546432	0.00115858	0.00387646	0.0105061	0.125904	0.000437797	0.00222739
26	0.0847238	0.0607204	0.00526136	0.00763823	0.0338213	0.014197	0.175714	0.00650452	0.00751333	0.0141771	0.0219966	0.147432	0.00339253	0.0575501	0.0364964	0.145756	0.0904604	0.0136272	0.00196158	0.0710563
27	0.0511894	0.00879133	0.110881	0.124731	0.00321273	0.129158	0.0490684	0.00170555	0.0472343	0.00187181	0.00134111	0.0829638	0.0123563	0.110139	0.0801594	0.139042	0.0331054	0.0031299	0.000365907	0.00955313
28	0.387687	0.0456858	0.00465448	0.0104614	0.00440649	0.0279285	0.0186334	0.0148162	0.0173169	0.0116297	0.0175094	0.0308132	0.0174521	0.00366595	0.0202542	0.236795	0.0678612	0.0587377	0.00112678	0.0025648
29	0.027258	0.0133032	0.00591177	0.00929815	0.36875	0.00686238	0.0176904	0.0567623	0.00989109	0.0588207	0.0267762	0.0083567	0.00406914	0.0103241	0.00943968	0.0217322	0.0205884	0.0491238	0.00751219	0.26753
30	0.101117	0.000970173	0.06963	0.0354643	0.00144919	0.0521504	0.0334969	0.0326329	0.0749706	0.0415464	0.00857957	0.120714	0.00295633	0.0855317	0.111575	0.0874321	0.104318	0.0301351	0.000537238	0.00479326
31	0.0101432	0.0481711	0.00322474	0.00744309	0.0440756	0.0116919	0.0204951	0.0426577	0.0866654	0.0363443	0.045286	0.0334253	0.00211226	0.244615	0.221205	0.035777	0.0695202	0.0113027	0.00098996	0.0248544
32	0.110043	0.0887895	0.00666123	0.00776576	0.00657812	0.115006	0.0371577	0.0763755	0.00697322	0.115664	0.0375871	0.00908381	0.12931	0.00972884	0.0105558	0.0912059	0.113311	0.0182427	0.00293132	0.00702937
33	0.0306066	0.0108901	0.000767624	0.000825213	0.0138523	0.000716814	0.00162239	0.309796	0.000607563	0.0819339	0.028052	0.00179873	0.00155679	0.00128898	0.000880658	0.00375818	0.00988092	0.497771	0.000352623	0.00304168
34	0.0133224	0.0113816	0.00103492	0.000974302	0.36573	0.0012997	0.0130445	0.018792	0.00384487	0.0240273	0.0129726	0.00412902	0.00089801	0.00159787	0.00115441	0.0130876	0.00754817	0.0213023	0.00929688	0.474561
35	0.0627225	0.0055659	0.0295591	0.0372982	0.00469739	0.0239958	0.0371701	0.0115426	0.00823884	0.0426299	0.026535	0.0314806	0.468155	0.0448265	0.0342335	0.0648057	0.037338	0.0155279	0.0073091	0.0063682
36	0.0215833	0.00775016	0.00061529	0.000540162	0.0129206	0.000656268	0.00170764	0.379418	0.00046291	0.0881244	0.0287737	0.00156811	0.00120392	0.000674911	0.000656479	0.00298613	0.00945583	0.437832	0.000560218	0.00251008
37	0.0701622	0.00791831	0.0414959	0.0810756	0.00972096	0.0351642	0.0298103	0.024337	0.201756	0.0494238	0.0339344	0.0364639	0.00936001	0.0951875	0.118877	0.0541922	0.0508074	0.0332305	0.00536976	0.0117127
38	0.0929069	0.047884	0.00375489	0.00893821	0.015303	0.0180408	0.00919185	0.180097	0.00400455	0.0650403	0.041886	0.0101623	0.00770805	0.00724533	0.005938	0.0263262	0.0750895	0.371766	0.00151841	0.00719941
39	0.0560513	0.0103281	0.128349	0.0442808	0.0104424	0.09857	0.0459935	0.0154967	0.0386906	0.0278724	0.0172086	0.199086	0.0151081	0.0462315	0.035169	0.108726	0.0599994	0.0249072	0.00323948	0.0142509
40	0.0296335	0.00225444	0.0283322	0.0414095	0.00252212	0.0202384	0.0433543	0.00462413	0.00360323	0.0361369	0.0270923	0.0324113	0.523674	0.0596049	0.0402293	0.0538578	0.0318728	0.00618513	0.00885142	0.00411184
41	0.0397611	0.00724317	0.0715169	0.126714	0.00698139	0.0137834	0.142768	0.0362178	0.0285914	0.0547331	0.0550032	0.0266618	0.00874473	0.163413	0.0582817	0.0683118	0.0549969	0.0230594	0.00407008	0.00914731
42	0.101083	0.00384017	0.0469805	0.0676779	0.0139042	0.0526011	0.0919939	0.0291677	0.0289751	0.0460236	0.0117281	0.0899763	0.0147898	0.0811623	0.0575126	0.101421	0.0577594	0.0426605	0.0112827	0.0494597
43	0.0243974	0.00746227	0.000701871	0.000496362	0.0109974	0.000583213	0.00136487	0.31951	0.000472739	0.125403	0.0245907	0.00164903	0.00155755	0.00115857	0.000782686	0.00321795	0.00847835	0.464736	0.000464029	0.00197539
44	0.0291497	0.00614836	0.000743232	0.000490108	0.00654047	0.000504826	0.00111864	0.31464	0.000446626	0.0608495	0.0110333	0.00204801	0.00135797	0.000565612	0.000564145	0.00336456	0.00934768	0.548872	0.000195035	0.00201994
45	0.050843	0.00200176	0.198438	0.30697	0.00193132	0.0460067	0.0415268	0.0013387	0.0390564	0.00929847	0.00158675	0.0392199	0.0200618	0.100614	0.0351122	0.0664294	0.0270484	0.0103151	0.000326386	0.00187414
46	0.143208	0.00120021	0.0949482	0.196848	0.00584711	0.0619613	0.0188131	0.00178772	0.054818	0.00609814	0.00162565	0.0418095	0.000842728	0.0377709	0.0177593	0.156606	0.120194	0.0228885	0.0036117	0.0113623
47	0.00981517	0.00823897	0.000464821	0.000576901	0.0228003	0.000618172	0.00180952	0.413004	0.000552304	0.212784	0.0450569	0.000614669	0.00129987	0.00148144	0.0013407	0.00211174	0.0037852	0.270282	0.00121881	0.00214491
48	0.119038	0.00197013	0.00130031	0.00140574	0.0292554	0.00227752	0.00147559	0.262024	0.0155096	0.0738058	0.0893249	0.00902909	0.00459686	0.0111947	0.0146942	0.0356124	0.0821591	0.231203	0.00852347	0.00560019
49	0.0104211	0.00247265	0.00178275	0.00228587	0.119113	0.00281421	0.0863181	0.125864	0.02705	0.207815	0.0917642	0.0120154	0.00557818	0.0194	0.0496534	0.0182145	0.0272775	0.0706497	0.0173331	0.102178
50	0.0439328	0.00571182	0.0132349	0.0102712	0.00199027	0.80639	0.00544437	0.00347102	0.00841774	0.00786053	0.00240836	0.0274186	0.00176304	0.00698626	0.00737405	0.0312497	0.00657172	0.00464152	0.000585779	0.00427576
51	0.0149812	0.00850338	0.00225436	0.00382421	0.159049	0.0033566	0.0417209	0.189426	0.0129241	0.192245	0.0638671	0.00606121	0.00411275	0.0129158	0.0177286	0.0108288	0.0280019	0.12296	0.00607038	0.0991699
52	0.0623652	0.00577072	0.145832	0.203095	0.00693011	0.0628213	0.0389291	0.00866836	0.0592082	0.0191398	0.00910096	0.0796799	0.0223103	0.0769853	0.0506532	0.0769408	0.0413182	0.0183208	0.00403095	0.00789899
53	0.159495	0.0518434	0.00264616	0.00848465	0.00406198	0.0170968	0.00269454	0.0921531	0.00267369	0.0155063	0.0320851	0.0162342	0.00915994	0.00279747	0.00280479	0.0461244	0.187949	0.343203	0.000966995	0.00201888
54	0.0409419	0.00455494	0.00606551	0.00491342	0.00116573	0.838873	0.00456561	0.00192433	0.00629391	0.00574231	0.00196047	0.0217634	0.00165029	0.00398751	0.006863	0.0346026	0.00560033	0.00420531	0.000552426	0.00377393
55	0.0569592	0.0189529	0.026859	0.0176299	0.0094145	0.0276321	0.0162901	0.0104456	0.015571	0.00917481	0.00728959	0.0397347	0.0114831	0.0138465	0.0191336	0.483749	0.18281	0.019903	0.00248703	0.0106339
56	0.0585031	0.0135588	0.0263289	0.0535443	0.0225854	0.0208806	0.0306344	0.0422261	0.141033	0.155352	0.0824072	0.0270048	0.0157	0.0693203	0.0816597	0.037331	0.0420462	0.0487254	0.00940883	0.0217504
57	0.4071	0.0101417	0.00242849	0.00482927	0.00860054	0.130057	0.00613939	0.00714253	0.00571624	0.00818596	0.00491683	0.00560982	0.178787	0.00454346	0.00371901	0.16485	0.0261892	0.0125948	0.00154689	0.0069013
58	0.0559716	0.00565904	0.193982	0.292687	0.00485871	0.0366484	0.0342029	0.00790301	0.0411486	0.0215978	0.00965572	0.0337374	0.0205383	0.069505	0.0404435	0.0591977	0.0366618	0.0231749	0.00542098	0.00700624
59	0.0113728	0.00382109	0.00298831	0.00475635	0.0128254	0.00461541	0.0064112	0.0863411	0.00913394	0.590438	0.13704	0.0035098	0.00239979	0.0080492	0.00555017	0.0060119	0.0141016	0.0855732	0.000736327	0.00432436
60	0.0270001	0.00487731	0.0100036	0.0175852	0.0302761	0.00970934	0.0300544	0.0927233	0.0178428	0.407135	0.119774	0.0128539	0.00753942	0.0303103	0.018681	0.0211716	0.0353201	0.0778125	0.00132782	0.0280021
61	0.151094	0.0117527	0.00624773	0.0101418	0.0187189	0.0344816	0.0097585	0.189089	0.0133809	0.192896	0.0510355	0.00858735	0.015042	0.0123552	0.0101013	0.0281955	0.0926741	0.133145	0.00300457	0.00829829
62	0.451874	0.0407364	0.00145846	0.00326207	0.00252124	0.128405	0.00198475	0.0812383	0.00163773	0.0363098	0.011846	0.00243992	0.00128091	0.00274702	0.00183865	0.0519942	0.0234321	0.153078	0.000442774	0.00147275
63	0.00401009	0.00202231	0.00149308	0.00224222	0.0124755	0.00201734	0.00288626	0.0962594	0.000448374	0.642046	0.121145	0.001967	0.000323846	0.00261046	0.000492678	0.00279931	0.0116018	0.0920202	0.000208905	0.0009309
64	0.507989	0.0135171	0.00136874	0.00361442	0.0119266	0.191689	0.00273069	0.00565206	0.00605112	0.00418415	0.00415739	0.00196582	0.0121123	0.00178641	0.00188777	0.181601	0.022855	0.0168254	0.00109852	0.00698822
65	0.0276659	0.00604914	0.0123284	0.0178626	0.0436812	0.0113554	0.0490523	0.0964681	0.0269764	0.295287	0.123884	0.0201107	0.00665933	0.040784	0.0316806	0.0251239	0.044402	0.0674941	0.00417568	0.0489592
66	0.270881	0.0320551	0.008774	0.0131187	0.00236305	0.0419122	0.0250408	0.0256944	0.0128317	0.0184524	0.0127573	0.0263252	0.0455837	0.00178314	0.0254886	0.303114	0.0917023	0.0374686	0.00176042	0.00289374
67	0.0576977	0.0125857	0.0015421	0.00808749	0.0381484	0.00795124	0.00361274	0.135133	0.00735055	0.416384	0.0607252	0.00260417	0.0742738	0.0113568	0.00502248	0.0047103	0.033834	0.107551	0.000616895	0.0108122
68	0.0110953	0.00458238	0.000567122	0.000668794	0.0112542	0.000860233	0.00189803	0.301374	0.000408212	0.470455	0.0427457	0.000682519	0.00457353	0.00491687	0.00108152	0.00358812	0.0103145	0.12649	0.000433311	0.00201047
69	0.0227193	0.00802078	0.000721892	0.000518186	0.0116594	0.000559281	0.00145004	0.374043	0.000431707	0.0805696	0.0198163	0.00153081	0.00129944	0.000555613	0.000682763	0.00292035	0.010361	0.459182	0.000486788	0.00247216
70	0.0538454	0.102844	0.0128189	0.015153	0.0478898	0.0218328	0.0335879	0.0451056	0.0238417	0.134089	0.0429228	0.0246791	0.0226437	0.0312598	0.0261935	0.0825372	0.0999367	0.0476264	0.0070026	0.12419
71	0.0394701	0.00559221	0.213745	0.0661589	0.00324074	0.11475	0.0327763	0.0078208	0.0363157	0.0188089	0.00902062	0.224314	0.0167138	0.0458748	0.0221017	0.0807118	0.042315	0.0121154	0.00151126	0.00664315
72	0.0365674	0.00480248	0.00518957	0.00369665	0.00103592	0.855626	0.00408458	0.00192979	0.00525517	0.00602198	0.00186995	0.020904	0.00106305	0.00338568	0.00667406	0.0313519	0.00408175	0.00290638	0.000495249	0.00305808
73	0.0133137	0.0113776	0.00104625	0.000986513	0.365009	0.00130648	0.0131161	0.0199885	0.00391343	0.0246775	0.0131162	0.00412017	0.00090461	0.00163444	0.0011847	0.0130098	0.00770013	0.022318	0.00925668	0.47202
74	0.0788248	0.00952969	0.032555	0.0613153	0.0148593	0.0233275	0.0268826	0.0569663	0.180042	0.0563778	0.0417126	0.0266387	0.0102452	0.0638294	0.07967	0.0503517	0.0683974	0.0964347	0.00761656	0.0144235
75	0.055595	0.00721212	0.215534	0.131945	0.00582773	0.0612893	0.0311013	0.00852696	0.0410099	0.0152118	0.00911134	0.0858129	0.0156858	0.0446367	0.0342881	0.156432	0.0525121	0.0170267	0.00374468	0.00749565
76	0.0731659	0.00919807	0.0609613	0.183939	0.00530215	0.0146047	0.032636	0.0130736	0.0993758	0.0266466	0.011006	0.0391394	0.0168078	0.123556	0.133896	0.0673245	0.0576543	0.0151886	0.011452	0.0050719
77	0.0596894	0.00236799	0.2422	0.278331	0.00242419	0.0207955	0.0158924	0.00128463	0.0557242	0.0153526	0.00200558	0.0371619	0.0361871	0.0576313	0.0439516	0.0814759	0.0312509	0.0141482	0.000939483	0.00118632
78	0.0133224	0.0113816	0.00103492	0.000974302	0.36573	0.0012997	0.0130445	0.018792	0.00384487	0.0240273	0.0129726	0.00412902	0.00089801	0.00159787	0.00115441	0.0130876	0.00754817	0.0213023	0.00929688	0.474561
79	0.00931822	0.00875223	0.000478536	0.00059948	0.0232954	0.000649053	0.00200295	0.429693	0.000524319	0.17133	0.049935	0.000644213	0.00037941	0.000819311	0.00129189	0.0018845	0.00348299	0.291139	0.00135562	0.00242416
80	0.06813	0.00642708	0.0992689	0.182657	0.00381341	0.0164709	0.0228619	0.012909	0.129276	0.0217662	0.00905402	0.0348798	0.0194487	0.0934207	0.112252	0.0720788	0.0651683	0.0196223	0.00603457	0.00446086
81	0.0259716	0.00489328	0.0110468	0.0167933	0.0475076	0.0160695	0.0388765	0.0907924	0.0217723	0.324715	0.116704	0.0198531	0.00648182	0.031794	0.0257492	0.0348843	0.0651757	0.0640136	0.00393618	0.0329698
82	0.462172	0.0389486	0.00152758	0.00358544	0.0025227	0.127916	0.00221219	0.076678	0.001635	0.0346934	0.0124688	0.00255811	0.00115648	0.00286706	0.0017517	0.0547783	0.0224726	0.148078	0.000446469	0.00153143
83	0.00494926	0.00264685	0.00135999	0.00206104	0.0125538	0.0019335	0.00285158	0.10756	0.000436236	0.630919	0.115284	0.00185652	0.000623852	0.00263841	0.000557057	0.00280681	0.0114417	0.0962913	0.000226264	0.00100301
84	0.0117519	0.00280704	0.00337073	0.00445332	0.0970329	0.00422712	0.0808053	0.113101	0.0294183	0.231178	0.102439	0.0147071	0.00578871	0.0254943	0.0531808	0.0215304	0.0328222	0.0646034	0.0168668	0.0844209
85	0.473117	0.0192527	0.00134253	0.00260264	0.0189003	0.210981	0.0028076	0.00691013	0.0039495	0.00301106	0.00587165	0.00159858	0.00590084	0.00163899	0.00162681	0.172537	0.0333737	0.0216584	0.00172582	0.0111939
86	0.0151655	0.0536647	0.00473917	0.0289936	0.0137238	0.0224632	0.0119079	0.0365789	0.0610119	0.0163429	0.019791	0.0427129	0.00269746	0.181786	0.228961	0.0628965	0.157926	0.0277025	0.00134848	0.00958616
87	0.078074	0.000870358	0.0143837	0.0981442	0.000947999	0.0181802	0.0314233	0.0044193	0.26751	0.0195543	0.00543021	0.0309041	0.000814579	0.1475	0.201627	0.0387775	0.0283624	0.0119762	0.000456854	0.000643157
88	0.00393491	0.00202141	0.00149112	0.00224685	0.012453	0.00204722	0.00287351	0.0944063	0.000453648	0.643784	0.121726	0.00202621	0.000309912	0.0024894	0.000495204	0.00273955	0.0115161	0.0919103	0.000195489	0.000879637
89	0.0179976	0.00178828	0.173533	0.0600042	0.00186196	0.337659	0.0179166	0.00285579	0.0699112	0.00592893	0.00237797	0.181433	0.00520276	0.0563517	0.0112932	0.0362123	0.0111627	0.00384002	0.000575252	0.00209441
90	0.0103702	0.00252444	0.00208226	0.00298651	0.10298	0.00336103	0.093211	0.109658	0.0427629	0.207419	0.0926414	0.013007	0.0056997	0.0246051	0.0731343	0.0180249	0.0254469	0.0599535	0.0198005	0.090331
91	0.136505	0.0500579	0.00238262	0.00773114	0.00387335	0.0158075	0.00264614	0.108128	0.00407122	0.0134127	0.0403123	0.0162653	0.0149956	0.0030427	0.00425867	0.0453066	0.208558	0.320477	0.000688585	0.00147929
92	0.0128617	0.00895126	0.00203993	0.0026718	0.230355	0.00321564	0.0357782	0.218232	0.0113177	0.0898222	0.0495842	0.00287398	0.00216956	0.0114275	0.00563766	0.00649374	0.035137	0.169019	0.00206144	0.100351
93	0.0123848	0.00487935	0.000451741	0.000532088	0.0109882	0.000680253	0.00181983	0.330346	0.000472253	0.44352	0.0311041	0.000604401	0.00681869	0.00628719	0.00124739	0.00393924	0.0092384	0.132046	0.000489881	0.00215104
94	0.0628909	0.0131585	0.0375136	0.0139262	0.01343	0.0115933	0.0320453	0.190115	0.0131086	0.0647439	0.0349041	0.0393346	0.00649088	0.0131801	0.0165759	0.0282775	0.113591	0.28187	0.0033475	0.00990313
95	0.0116938	0.00970146	0.00046351	0.000575251	0.0233973	0.000644556	0.00184036	0.397871	0.000525459	0.182857	0.0470615	0.000695635	0.000813053	0.000989494	0.00132412	0.00217001	0.00401259	0.310003	0.00115237	0.0022077
96	0.0319878	0.0027688	0.370095	0.367614	0.0021569	0.0259562	0.0153676	0.00328489	0.0118828	0.0215216	0.00713915	0.0161816	0.00553677	0.0268944	0.00953514	0.0297182	0.0116054	0.0220167	0.00899522	0.00974174
97	0.0150466	0.0380403	0.00483167	0.0136856	0.0309366	0.0129516	0.0223282	0.0484364	0.104289	0.0313803	0.0414647	0.033426	0.00213859	0.228246	0.213967	0.0432546	0.0817421	0.0151206	0.00130196	0.0174124
98	0.0685711	0.0114059	0.0058132	0.0200649	0.0507712	0.0109215	0.0142716	0.0654727	0.0198732	0.331516	0.103001	0.00884492	0.0827311	0.0286262	0.0156856	0.0105136	0.037035	0.0869078	0.000727179	0.0272456
99	0.142331	0.00117669	0.0955824	0.195534	0.00620212	0.062119	0.0194618	0.00184026	0.054609	0.0059963	0.00157085	0.041982	0.00085493	0.0374188	0.0175167	0.157341	0.120332	0.0230392	0.00358116	0.0115113
100	0.0427401	0.00437242	0.287228	0.339396	0.00236203	0.0338846	0.0247541	0.00380408	0.0248859	0.019121	0.00625161	0.0297168	0.0122253	0.0475542	0.0191254	0.0460515	0.0234953	0.0190965	0.00623649	0.00769841
101	0.0120547	0.0052911	0.000420649	0.000619371	0.0110922	0.00071575	0.00198344	0.285371	0.000413952	0.481929	0.0422837	0.000644497	0.00428675	0.00498822	0.00112185	0.0037483	0.0103603	0.130067	0.000383397	0.00222511
102	0.0726646	0.00128416	0.217519	0.238025	0.00355281	0.0204877	0.0168933	0.00111875	0.0670152	0.0134333	0.00124919	0.0343105	0.0711411	0.0559042	0.0565336	0.0817426	0.0350916	0.0111363	0.000262379	0.000634171
103	0.0344765	0.00605034	0.0176722	0.0247737	0.0253128	0.0157382	0.0366071	0.100675	0.029171	0.304909	0.118857	0.0213479	0.00731013	0.0455527	0.0312169	0.0279492	0.0502041	0.0654635	0.000924757	0.0357878
104	0.0209003	0.00768464	0.000555327	0.000460358	0.0137485	0.000535429	0.00162713	0.369816	0.00045348	0.1112	0.0269065	0.00130531	0.00111146	0.00061669	0.000907397	0.00273404	0.00706014	0.429464	0.000567516	0.00234511
105	0.0148928	0.00494738	0.000510475	0.000795481	0.0107117	0.000784253	0.00295002	0.29647	0.000568035	0.45504	0.0434877	0.000731855	0.00439502	0.00599048	0.00127019	0.00498573	0.00991402	0.138461	0.000623381	0.00247113
106	0.0733234	0.00233521	0.198771	0.240524	0.00338919	0.0186214	0.0184229	0.00262309	0.0729484	0.0142524	0.00243011	0.0360385	0.0527503	0.0651624	0.0688954	0.0792631	0.0359041	0.0114716	0.00175883	0.00111489
107	0.121473	0.0470733	0.00714738	0.0362632	0.0262683	0.0243617	0.0159346	0.0858922	0.0185562	0.180467	0.101297	0.00909835	0.0170254	0.0747896	0.0315202	0.0133734	0.020597	0.122746	0.00247277	0.043643
108	0.326946	0.0278495	0.00552894	0.0135374	0.00219093	0.0441067	0.0231586	0.0191724	0.013994	0.0119949	0.0124793	0.0290488	0.0284245	0.0013829	0.0189265	0.303213	0.0701995	0.0443974	0.00135165	0.00209733
109	0.083619	0.000772652	0.01603	0.104352	0.000910044	0.0180977	0.0329512	0.00335441	0.256482	0.0185203	0.00484621	0.0333878	0.000741794	0.148425	0.201305	0.0398087	0.0251691	0.0102007	0.000445935	0.000580577
110	0.0842678	0.00164049	0.021067	0.1174	0.00126342	0.0170877	0.0316482	0.0048582	0.240446	0.0186426	0.0051541	0.0336104	0.00238344	0.142023	0.192325	0.0431545	0.0290857	0.0111598	0.00167773	0.00110502
111	0.0126373	0.00254129	0.00338408	0.00506825	0.0986924	0.00584171	0.0691506	0.108056	0.0274347	0.260204	0.0995853	0.0130371	0.00507153	0.0217752	0.0448899	0.0257988	0.0452216	0.0677764	0.0163153	0.0675193
112	0.00973743	0.00120689	0.174133	0.0577466	0.00128005	0.387108	0.014484	0.00192199	0.0741372	0.00261428	0.00176498	0.182503	0.00322799	0.0533659	0.00199587	0.0252324	0.00339377	0.00243662	0.000512087	0.00119785
113	0.0305089	0.00643844	0.000718448	0.000506691	0.00666525	0.000534102	0.00109277	0.322393	0.000455384	0.0531828	0.0100735	0.00205521	0.00155568	0.000558966	0.000532632	0.00362745	0.0102093	0.546593	0.000167101	0.00213166
114	0.0566616	0.00633069	0.034736	0.105392	0.00234823	0.00832202	0.0105958	0.0353209	0.287873	0.0299535	0.0192516	0.007484	0.00878388	0.081701	0.119964	0.0368651	0.0902038	0.0472505	0.00291506	0.0080481
115	0.138152	0.0121978	0.0255988	0.0339038	0.00849743	0.0371893	0.0333104	0.0187439	0.0145095	0.0377482	0.0226551	0.0266697	0.340082	0.0307081	0.0260348	0.101761	0.0505995	0.0236548	0.0055114	0.0124725
116	0.0409125	0.00557568	0.0150156	0.0257093	0.0272637	0.0170297	0.031159	0.0999242	0.033364	0.282439	0.112659	0.0298653	0.00788002	0.0479772	0.0400768	0.0294268	0.0556953	0.0596186	0.00208467	0.0363235
117	0.0121468	0.00523422	0.000411029	0.000494555	0.0103668	0.000600313	0.00172611	0.335963	0.000443537	0.435714	0.0318595	0.000520569	0.00501519	0.00520922	0.00121007	0.00371555	0.00879096	0.137971	0.000525868	0.00208133
118	0.035852	0.00464856	0.00690786	0.00565246	0.000959445	0.848791	0.00432707	0.00224183	0.00701662	0.00587712	0.00148713	0.0221107	0.00122948	0.00503171	0.00740918	0.029131	0.00362456	0.00366118	0.000518771	0.00352264
119	0.0124196	0.0113351	0.000495163	0.000603683	0.0294991	0.000667804	0.0018548	0.363509	0.000580449	0.183473	0.057992	0.000695807	0.00040832	0.000804927	0.00126682	0.00196991	0.0043331	0.324901	0.00108353	0.002107
120	0.0496399	0.0194059	0.0327735	0.0569665	0.0131651	0.0330352	0.0424969	0.0190252	0.0975566	0.0378515	0.0269844	0.0484893	0.0170541	0.112413	0.261695	0.0541021	0.0427302	0.0182758	0.00483131	0.011509
121	0.118369	0.00117004	0.0013159	0.00129328	0.0320039	0.00230826	0.00149626	0.273505	0.0160512	0.0677969	0.0842069	0.00925527	0.00466087	0.0111601	0.0144579	0.0372889	0.0851127	0.224069	0.00834645	0.00613157
122	0.0604232	0.00651382	0.012063	0.075482	0.00398764	0.0177457	0.0346637	0.00650418	0.236387	0.0256138	0.0131764	0.0355226	0.00153096	0.14053	0.252112	0.034166	0.0279758	0.0114664	0.00211427	0.00202056
123	0.0758772	0.0113905	0.00633595	0.0163683	0.0428454	0.0141124	0.0111239	0.0364148	0.0108755	0.297556	0.0817079	0.0102591	0.190094	0.0210563	0.0142365	0.0145025	0.0458892	0.0829308	0.0029592	0.0134642
124	0.137315	0.0217074	0.0106723	0.0194608	0.0301741	0.0510439	0.0701819	0.00780972	0.024128	0.043204	0.0485041	0.117655	0.00452268	0.0362467	0.0305115	0.216703	0.0576631	0.0307698	0.00676192	0.0349657
125	0.098407	0.00467053	0.00278453	0.00284983	0.0279224	0.00974022	0.00635016	0.00590298	0.00957364	0.00420675	0.00443889	0.0398075	0.00141743	0.00274123	0.0160372	0.402744	0.318604	0.0374625	0.000868847	0.00347081
126	0.0553378	0.00558293	0.020296	0.0806024	0.0033673	0.0117699	0.00841591	0.0348608	0.316722	0.0429779	0.0250169	0.00514561	0.00528467	0.0890864	0.113902	0.0275332	0.0862539	0.0533921	0.00524734	0.00920469
127	0.228855	0.0170125	0.00662206	0.0178436	0.0022319	0.0584047	0.0290764	0.0225101	0.0170459	0.00918119	0.0145487	0.0351992	0.0632052	0.00185565	0.0189758	0.313035	0.0904609	0.0431274	0.00408235	0.00672627
128	0.258957	0.021381	0.00747133	0.0209314	0.00215916	0.0526557	0.0248588	0.0232293	0.0197264	0.00970061	0.016169	0.0332203	0.03937	0.00159422	0.0218744	0.311164	0.0833008	0.0457838	0.0027844	0.00366911
129	0.0298228	0.00456088	0.0232169	0.00547857	0.0010289	0.749976	0.00605507	0.00140699	0.0050643	0.00534121	0.00231071	0.0370771	0.00201721	0.00449415	0.00953191	0.0888291	0.0183997	0.00205473	0.000545745	0.00278811
130	0.0306641	0.017059	0.00644547	0.0272096	0.0113509	0.022181	0.0749501	0.00903274	0.130923	0.0378289	0.0308817	0.0667373	0.00242358	0.141403	0.313342	0.0375829	0.0268901	0.00678809	0.00329466	0.00301205
131	0.0766606	0.031786	0.0413187	0.0549761	0.0523989	0.031565	0.0332921	0.043007	0.0392747	0.0671589	0.0361434	0.0299162	0.025813	0.0408768	0.041168	0.0671599	0.0539031	0.0580577	0.114342	0.0611821
132	0.287831	0.00821754	0.0370407	0.142575	0.0173372	0.0627995	0.0124594	0.00432457	0.0337845	0.0127977	0.0099713	0.0336456	0.00235468	0.0715232	0.0097009	0.145548	0.0623671	0.0367723	0.0025169	0.00643297
133	0.142191	0.00118875	0.0957855	0.195857	0.00580645	0.0631663	0.0191321	0.00171285	0.0545276	0.00598432	0.001533	0.04224	0.000861579	0.0379937	0.0178548	0.157075	0.119443	0.0227637	0.00359337	0.01129
134	0.0210844	0.016695	0.0327297	0.00439844	0.00470087	0.0247156	0.00645642	0.00319532	0.00475356	0.00473497	0.00332643	0.0295477	0.0035556	0.00312104	0.00899777	0.64503	0.165404	0.0070297	0.000795628	0.00972719
135	0.393596	0.0255085	0.00268909	0.00663678	0.00957793	0.17116	0.00858084	0.0142225	0.00673136	0.00560739	0.0081343	0.0100504	0.0118688	0.00147588	0.00732608	0.218707	0.0555321	0.0345502	0.00109029	0.00695465
136	0.0476609	0.0051788	0.0139075	0.00801467	0.00171495	0.798856	0.00551838	0.00382841	0.00973444	0.00733617	0.00248672	0.0253284	0.00340939	0.00711377	0.0090844	0.03468	0.00685482	0.00499075	0.00107209	0.00322942
137	0.0299665	0.002543	0.413545	0.398491	0.00220734	0.0151756	0.00394114	0.00351991	0.00361273	0.0266052	0.00863638	0.0045339	0.00177948	0.0045407	0.00362425	0.0194273	0.00632888	0.0260783	0.0121874	0.0132559
138	0.0657307	0.00493988	0.0334687	0.075744	0.0419381	0.0415937	0.0796041	0.00853994	0.095297	0.0430364	0.0254234	0.0818456	0.00492449	0.0996583	0.140941	0.0792701	0.0269759	0.0101253	0.0201236	0.0208197
139	0.494714	0.0154316	0.00125457	0.00320882	0.0127985	0.19956	0.0026362	0.00581991	0.00507223	0.0036186	0.00429527	0.00177925	0.0097349	0.00159846	0.0019461	0.183104	0.0266009	0.0181023	0.0010919	0.00763243
140	0.0800335	0.00456326	0.00589144	0.0130872	0.0333694	0.00683643	0.0125611	0.187934	0.0519554	0.125177	0.0962335	0.0116286	0.00797396	0.0236062	0.0281484	0.0277954	0.0811769	0.178129	0.00664401	0.0172549
141	0.0302089	0.0130584	0.00526712	0.00787987	0.359967	0.00812195	0.0210608	0.0558057	0.0104128	0.0660996	0.0271068	0.00833553	0.00517808	0.0116036	0.010016	0.0233279	0.0178435	0.0438162	0.00735532	0.267534
142	0.0375986	0.00518832	0.00636988	0.0057481	0.00176374	0.847564	0.00474587	0.00224926	0.00665458	0.00645565	0.0017245	0.0209789	0.00123273	0.00497579	0.00724153	0.0290935	0.00353328	0.00294908	0.000538198	0.00339452
143	0.0177222	0.00492169	0.0053872	0.00628121	0.0173922	0.0138839	0.00837075	0.134208	0.00509705	0.531392	0.0945111	0.00498389	0.00369824	0.00809215	0.00595836	0.0112524	0.0155119	0.104209	0.0011225	0.00600474
144	0.0527984	0.00325542	0.00348734	0.00188789	0.0206743	0.0160132	0.00892786	0.0021859	0.0140872	0.00305085	0.00222024	0.0551088	0.00132914	0.00234422	0.0259808	0.446387	0.321677	0.0149743	0.000683617	0.00292648
145	0.19747	0.011484	0.00545132	0.0178127	0.00210653	0.0621568	0.0300606	0.0233	0.0163185	0.00872515	0.0143655	0.0359523	0.0910806	0.00207947	0.0177919	0.307759	0.102236	0.0375877	0.00621155	0.01005
146	0.0375626	0.00139237	0.188831	0.352019	0.00128602	0.0517699	0.0609232	0.00198749	0.0199794	0.00884893	0.00255081	0.032351	0.00535742	0.138351	0.0143471	0.0409365	0.0267757	0.0122558	0.000602883	0.00187148
147	0.0121409	0.00658874	0.000453576	0.000521209	0.0160123	0.000632575	0.00196203	0.375547	0.000532555	0.309638	0.0414326	0.000547978	0.00242448	0.00311832	0.00139199	0.00376347	0.00547341	0.214729	0.000914526	0.00217511
148	0.00556205	0.00250429	0.00116604	0.00189466	0.0114335	0.00167566	0.0026487	0.132416	0.000408233	0.609695	0.106171	0.00165051	0.0010032	0.0029872	0.000604652	0.00291387	0.0111201	0.102706	0.000238216	0.00120216
149	0.0731659	0.00919807	0.0609613	0.183939	0.00530215	0.0146047	0.032636	0.0130736	0.0993758	0.0266466	0.011006	0.0391394	0.0168078	0.123556	0.133896	0.0673245	0.0576543	0.0151886	0.011452	0.0050719
150	0.00973743	0.00120689	0.174133	0.0577466	0.00128005	0.387108	0.014484	0.00192199	0.0741372	0.00261428	0.00176498	0.182503	0.00322799	0.0533659	0.00199587	0.0252324	0.00339377	0.00243662	0.000512087	0.00119785
151	0.0415322	0.0332128	0.00430747	0.00716067	0.00261992	0.0225503	0.0254037	0.0187529	0.10235	0.228251	0.368969	0.00562454	0.00177065	0.0430666	0.0411315	0.0183806	0.00766979	0.00853903	0.0018331	0.0168738
152	0.0642539	0.00514172	0.0217059	0.0451904	0.0168833	0.0225433	0.0328187	0.106655	0.0447091	0.279368	0.0815448	0.0169067	0.00626192	0.0383778	0.0228209	0.0460685	0.0621639	0.0620483	0.00135154	0.0231864
153	0.0282429	0.00157947	0.24478	0.297606	0.00123388	0.0761415	0.0839831	0.00236906	0.0123856	0.00709148	0.00246746	0.0377746	0.00401844	0.125767	0.00882731	0.0335399	0.0192884	0.0102811	0.000502063	0.00212046
154	0.0455576	0.409569	0.015582	0.0161959	0.00284769	0.0296592	0.00410688	0.0382932	0.00369292	0.030071	0.00425559	0.00454558	0.00255724	0.0161675	0.0551277	0.186848	0.080229	0.00587345	0.0453673	0.00345287
155	0.00483291	0.00206193	0.00150441	0.0023375	0.0141883	0.00232075	0.00319293	0.0924454	0.000606324	0.640857	0.120592	0.00199112	0.000818984	0.00266757	0.00070081	0.00289882	0.0120259	0.0924984	0.000315937	0.00114354
156	0.0784154	0.000961733	0.015623	0.104731	0.0010349	0.017742	0.0321983	0.00377453	0.255711	0.0185735	0.00516617	0.0335023	0.00109409	0.151283	0.200821	0.038685	0.0270253	0.0121767	0.000684402	0.000795847
157	0.00904984	0.00260044	0.00199228	0.00296798	0.0135292	0.00276224	0.00400832	0.0895268	0.00183511	0.619063	0.125711	0.00266571	0.00278746	0.00392468	0.00182314	0.00374818	0.0147304	0.0946166	0.000392105	0.00226585
158	0.00582811	0.00301192	0.00145716	0.00206474	0.0126914	0.00195869	0.00278438	0.103634	0.000516991	0.616454	0.120536	0.00196568	0.000524096	0.00243192	0.000530461	0.00287896	0.0115196	0.108138	0.00022995	0.000843502
159	0.0606937	0.0171976	0.0542181	0.0516833	0.0253948	0.0330899	0.226606	0.0337367	0.0234728	0.044851	0.0290996	0.0502012	0.0377354	0.0600012	0.0398531	0.06899	0.0509134	0.0441628	0.00606642	0.0420331
160	0.0164614	0.0142909	0.00116084	0.00119869	0.415573	0.0022094	0.0148708	0.0232222	0.00443384	0.0249699	0.0155651	0.00508213	0.00123655	0.00201544	0.00173697	0.0185968	0.0108088	0.0202569	0.0102025	0.396108
161	0.0649502	0.0172156	0.0435579	0.0462622	0.0252641	0.0323612	0.236223	0.0296761	0.0294113	0.0383663	0.0285914	0.0540451	0.0424742	0.0575829	0.0386804	0.0735801	0.0475805	0.0396162	0.00436705	0.0501943
162	0.0126133	0.00481804	0.000440652	0.000542484	0.0107587	0.000690726	0.00191939	0.326065	0.000462404	0.44711	0.0320257	0.000539939	0.00667573	0.00628184	0.00120462	0.00398795	0.00935746	0.131808	0.000495358	0.00220279
163	0.0323576	0.00469918	0.00784225	0.00514109	0.000964306	0.851652	0.00492431	0.00220962	0.00702896	0.00668574	0.00203732	0.0224626	0.0022799	0.00489226	0.00657365	0.0278215	0.00364113	0.00239786	0.000981035	0.00340774
164	0.0948045	0.0218083	0.0388398	0.0247242	0.00838819	0.0514029	0.0195582	0.0110448	0.0203119	0.012957	0.00931197	0.0430467	0.0146143	0.0190164	0.0241073	0.432322	0.119748	0.0201513	0.00215728	0.0116852
165	0.0611846	0.014516	0.0536092	0.0885642	0.015634	0.0414552	0.0530872	0.0243333	0.0841187	0.0415362	0.025794	0.0508519	0.0220402	0.151528	0.101869	0.0700028	0.0525496	0.0278243	0.00462879	0.0148725
166	0.00933024	0.00875144	0.000478713	0.000602237	0.0232857	0.000650825	0.0020033	0.429489	0.000524617	0.171561	0.0499522	0.000639649	0.00037941	0.000820548	0.0012919	0.00191333	0.00346954	0.291081	0.00135573	0.00242015
167	0.130735	0.00486829	0.00430801	0.00801513	0.00324938	0.0426241	0.0163942	0.0124272	0.00781064	0.0166761	0.00884147	0.028749	0.227817	0.00439889	0.00835743	0.296661	0.136516	0.0164498	0.00446055	0.0206403
168	0.0386936	0.0184136	0.273402	0.0804253	0.00288447	0.0247515	0.0090208	0.00532832	0.0655498	0.0209474	0.0211221	0.159068	0.00490844	0.0331324	0.0216806	0.162926	0.0405965	0.0128604	0.00113774	0.00315103
169	0.0165791	0.00688467	0.000785097	0.000964788	0.0226245	0.00114467	0.00382293	0.377988	0.002609	0.241111	0.054832	0.00159796	0.00195476	0.00362427	0.00389113	0.00503083	0.0108729	0.23497	0.0040166	0.00469537
170	0.0935705	0.00136267	0.0640814	0.0409764	0.00235994	0.0468662	0.0393328	0.0309149	0.0799168	0.041636	0.0101251	0.11206	0.00351101	0.0935412	0.127018	0.0856306	0.0947313	0.0266637	0.0012252	0.00447554
171	0.0960637	0.00434187	0.126591	0.0392407	0.0236194	0.0197323	0.0880326	0.0373687	0.0682814	0.0152016	0.00747404	0.0924302	0.019237	0.0261095	0.0550148	0.0835514	0.0676243	0.116309	0.00316663	0.0106101
172	0.0163451	0.00794364	0.000508141	0.000508061	0.0200768	0.00056382	0.00264349	0.393423	0.000494164	0.119221	0.0338941	0.00114087	0.000908275	0.00066735	0.00101658	0.00241178	0.00670068	0.386854	0.000825378	0.00385377
173	0.0789089	0.000955109	0.0144216	0.0977923	0.00107604	0.0184958	0.033235	0.00386103	0.25972	0.0193079	0.00547016	0.032734	0.000688976	0.148499	0.206805	0.0395673	0.0267216	0.0106979	0.000480327	0.000561218
174	0.101117	0.000970173	0.06963	0.0354643	0.00144919	0.0521504	0.0334969	0.0326329	0.0749706	0.0415464	0.00857957	0.120714	0.00295633	0.0855317	0.111575	0.0874321	0.104318	0.0301351	0.000537238	0.00479326
175	0.470238	0.0224825	0.00115963	0.00253626	0.0151834	0.214496	0.00225622	0.00819341	0.00355149	0.00313248	0.00556544	0.00152594	0.00497282	0.00146586	0.00144755	0.167135	0.0381056	0.0259797	0.00112296	0.00944956
176	0.0283164	0.0146652	0.000700868	0.000741109	0.0254039	0.000966565	0.00186053	0.274279	0.000889027	0.205977	0.0979636	0.00152232	0.000937094	0.00149929	0.00158666	0.00473508	0.00959781	0.325581	0.000947388	0.00183033
177	0.0662808	0.00598642	0.0361717	0.0266471	0.00453849	0.0388506	0.0565446	0.0257268	0.0947303	0.0392899	0.0199368	0.100953	0.00234473	0.119655	0.189783	0.0737405	0.0759978	0.0187387	0.00108094	0.00300257
178	0.0585648	0.00691157	0.181499	0.272133	0.0055428	0.0409634	0.0399096	0.00832077	0.0439433	0.0227222	0.00977924	0.0371142	0.020946	0.0762906	0.043251	0.061866	0.0360583	0.0210399	0.00563414	0.00751031
179	0.472124	0.0374136	0.0013978	0.00346788	0.0026901	0.133986	0.00185213	0.0728764	0.00172588	0.0315307	0.0111705	0.0021334	0.00122536	0.00274098	0.00174512	0.0585761	0.019408	0.142027	0.000399471	0.00150935
180	0.471068	0.0237441	0.00120326	0.0026809	0.0128035	0.21015	0.00207546	0.0124605	0.00290708	0.00469746	0.00657094	0.00149084	0.00358298	0.00156367	0.00146269	0.153316	0.042554	0.0355436	0.00094257	0.00918309
181	0.0167198	0.0404629	0.00328996	0.00980442	0.0272056	0.0191659	0.0611292	0.0167521	0.0870064	0.0323105	0.0384132	0.0549786	0.00198671	0.186098	0.330944	0.0271955	0.0276076	0.0068327	0.00165302	0.0104429
182	0.0131205	0.00852916	0.0018224	0.00251009	0.22616	0.0031694	0.0378756	0.213666	0.0101032	0.0973734	0.0502701	0.00304688	0.00222479	0.0102626	0.00661877	0.00648841	0.0341243	0.162104	0.00246346	0.108068
183	0.0133252	0.0113947	0.00103491	0.000974058	0.365556	0.00129871	0.01303	0.0187943	0.00384592	0.0241109	0.0129839	0.00411953	0.000898173	0.00160016	0.0011572	0.0130818	0.00754559	0.0212771	0.00928999	0.474682
184	0.176564	0.0485469	0.00205654	0.00747921	0.0037273	0.0295859	0.00211539	0.0937078	0.00160103	0.0195084	0.0314288	0.0176575	0.00793608	0.00198788	0.00184643	0.0542252	0.195931	0.302045	0.000654023	0.0013958
185	0.0388691	0.00175702	0.18639	0.346099	0.00129305	0.0555841	0.0573212	0.00181679	0.023661	0.0084912	0.00210808	0.0350874	0.00594374	0.130874	0.0203851	0.0445645	0.0259554	0.0111341	0.000496571	0.00216916
186	0.00446932	0.00219581	0.00138561	0.00212536	0.0122936	0.00191772	0.00283348	0.106429	0.0004284	0.632708	0.116746	0.00188378	0.000538186	0.00266085	0.000515075	0.00275592	0.0112472	0.095675	0.000209043	0.00098223
187	0.125778	0.0258648	0.005261	0.00565904	0.00512711	0.00740187	0.139982	0.0654439	0.00574985	0.00938692	0.0484033	0.00797199	0.00353263	0.0474301	0.0947546	0.073123	0.0700031	0.173012	0.00209056	0.0840237
188	0.0837919	0.000676049	0.0156047	0.101719	0.000971527	0.0181035	0.0334793	0.00324705	0.257165	0.0191974	0.0050482	0.0334792	0.000590629	0.148142	0.203403	0.0397601	0.0248444	0.00981852	0.000440704	0.000517404
189	0.0392145	0.00767668	0.0160673	0.0252331	0.0208188	0.0172506	0.0330281	0.0798435	0.0371225	0.311255	0.157725	0.0171838	0.00561582	0.0452596	0.0305566	0.0250405	0.0394275	0.0576777	0.000807581	0.0331955
190	0.0398236	0.0088127	0.0033283	0.00454126	0.00164282	0.827751	0.00438253	0.00289027	0.010322	0.0112607	0.00272693	0.0298819	0.00124645	0.00493128	0.00801274	0.0263703	0.00409291	0.00340095	0.000769978	0.00381161
191	0.146502	0.0922819	0.00488951	0.0325613	0.0913603	0.0108152	0.0283263	0.0553593	0.00718746	0.125097	0.067612	0.00563404	0.0403452	0.0286077	0.0117751	0.0108748	0.01491	0.181534	0.00201723	0.0423097
