308	20
1	0.0202277	0.0113339	0.00595032	0.00737714	0.0366628	0.00155208	0.0118575	0.080106	0.10428	0.312225	0.0633364	0.0263591	0.00120309	0.0808342	0.0813994	0.04969	0.0248955	0.0638976	0.000530836	0.0162819
2	0.139438	0.0533158	0.0021805	0.00283774	0.00412637	0.00443356	0.00356121	0.23521	0.00398894	0.0313546	0.0116852	0.00399341	0.00316948	0.0046875	0.0172394	0.0275096	0.0729017	0.374135	0.00116141	0.00307065
3	0.0182765	0.00558817	0.00426652	0.0123659	0.0051519	0.00628146	0.0280115	0.00470638	0.0658152	0.0333396	0.00529338	0.0490165	0.00338019	0.39338	0.216957	0.058354	0.036665	0.0468504	0.00150315	0.00479766
4	0.0414962	0.00221868	0.00102146	0.00883816	0.168198	0.00131572	0.00163768	0.0300704	0.00151894	0.527201	0.123048	0.00198794	0.000740918	0.00461674	0.00516258	0.0139431	0.00438858	0.0122165	0.000411048	0.0499684
5	0.0269849	0.0344081	0.00333339	0.0484093	0.0539053	0.00356163	0.00340414	0.053157	0.116368	0.075518	0.0046176	0.00428889	0.00637681	0.162142	0.0963613	0.028358	0.0768544	0.19572	0.00240366	0.00382797
6	0.00807581	0.0056957	0.000336714	0.00103632	0.0370862	0.00045781	0.000379682	0.29748	0.00238898	0.438586	0.0232196	0.00348383	0.00383359	0.00252898	0.000802057	0.00477851	0.00458745	0.16292	0.000173812	0.00214883
7	0.0730285	0.00603974	0.103467	0.177861	0.00625557	0.0122218	0.0171026	0.00774692	0.0206678	0.087887	0.00818402	0.147662	0.00872621	0.0410556	0.028518	0.0815563	0.089129	0.0269053	0.0180116	0.0379741
8	0.012226	0.00786725	0.000457109	0.000476413	0.0028024	0.0006195	0.000537354	0.361417	0.00103654	0.0569091	0.00911982	0.00105813	0.00196067	0.000822691	0.000681845	0.00539391	0.00916182	0.525263	0.000212567	0.00197775
9	0.129509	0.0115419	0.0182948	0.048245	0.00384507	0.014081	0.00911338	0.00548198	0.0147696	0.019734	0.00617877	0.044283	0.331082	0.0657396	0.00914087	0.211246	0.0362907	0.0122191	0.00389659	0.00530693
10	0.110932	0.00500589	0.00287786	0.0510213	0.0264364	0.0270467	0.0681518	0.0742756	0.00350717	0.279137	0.0393808	0.00368885	0.0516862	0.0483436	0.0225323	0.0198807	0.0238593	0.117671	0.000835811	0.0237304
11	0.00671223	0.00512552	0.000318918	0.00146586	0.0367549	0.000472048	0.000576698	0.243246	0.00226502	0.506876	0.0388298	0.00299628	0.00287029	0.00282188	0.00114438	0.00388824	0.00596948	0.135885	0.000159837	0.00162146
12	0.00906084	0.006311	0.000349746	0.00106791	0.036493	0.000576004	0.000483643	0.293999	0.00233942	0.433652	0.02327	0.00345765	0.00379821	0.0025031	0.000783139	0.00488881	0.00493499	0.169672	0.000173606	0.00218538
13	0.0315512	0.0130014	0.0109037	0.00844538	0.0309688	0.0225369	0.0867623	0.00739654	0.103793	0.0119767	0.0062403	0.265647	0.00369712	0.0569149	0.154357	0.151539	0.0118745	0.0105499	0.00243873	0.00940708
14	0.0673245	0.0034003	0.0411722	0.0779794	0.0202506	0.0300305	0.0252791	0.00418776	0.105226	0.0278439	0.0190959	0.0470783	0.00441605	0.177798	0.0600215	0.122737	0.143306	0.020603	0.00054661	0.00170377
15	0.00536642	0.00548987	0.000391019	0.00300505	0.0452194	0.000538267	0.00132167	0.167233	0.00195665	0.588906	0.0608302	0.00253839	0.00163248	0.00352114	0.00155262	0.00371132	0.00943669	0.0960059	0.000171637	0.00117236
16	0.0182967	0.0114348	0.00569309	0.0075994	0.0323787	0.00129127	0.0127611	0.0740299	0.114291	0.323882	0.0599867	0.0255921	0.00126659	0.0806507	0.0874971	0.0433591	0.026193	0.0587294	0.000371134	0.0146956
17	0.150354	0.0230254	0.0437994	0.206056	0.0149145	0.03456	0.0235069	0.0205421	0.0403921	0.0421136	0.0173773	0.045091	0.046826	0.083624	0.0294115	0.0833906	0.0472823	0.0297686	0.00468926	0.0132751
18	0.0591453	0.00163976	0.0754738	0.0681077	0.00739852	0.0222259	0.010693	0.00306735	0.133224	0.0301589	0.0191715	0.0608945	0.00581487	0.134179	0.0940214	0.0927011	0.141648	0.0384867	0.000647931	0.00130149
19	0.0895229	0.00298848	0.013092	0.0145324	0.0192814	0.00952643	0.0103747	0.110441	0.00603446	0.0372664	0.0282094	0.00230576	0.0105305	0.0284753	0.0237784	0.037882	0.21407	0.327794	0.00481934	0.00907521
20	0.00806737	0.00567795	0.000343853	0.00104614	0.0371952	0.000457862	0.000380713	0.295338	0.00238008	0.441071	0.0232351	0.00345574	0.0038435	0.00255806	0.000800174	0.0047202	0.00466602	0.162468	0.000171734	0.00212272
21	0.0290604	0.00384693	0.132309	0.0898448	0.00400259	0.0052575	0.0606858	0.0198607	0.108444	0.0505006	0.00998935	0.0315756	0.039936	0.0622699	0.0478774	0.113396	0.139409	0.0424944	0.00110879	0.00813138
22	0.0102843	0.00663185	0.00037376	0.000842032	0.0266854	0.000537133	0.000417275	0.328013	0.00209323	0.334264	0.0183306	0.00276948	0.0032423	0.00203553	0.000810291	0.00517551	0.00660968	0.248344	0.000195977	0.00234483
23	0.0582671	0.00451813	0.0148553	0.0179855	0.0204066	0.00602678	0.0061767	0.0840441	0.0145329	0.0503935	0.0302032	0.00248627	0.0140485	0.0413704	0.0379216	0.0320529	0.173336	0.362189	0.0104191	0.0187671
24	0.0459537	0.114502	0.0028116	0.00338972	0.272352	0.00404637	0.0163613	0.0178088	0.00434487	0.0173904	0.00918464	0.00801712	0.00174963	0.00995667	0.00557178	0.0156016	0.00674925	0.0110852	0.0125403	0.420583
25	0.0879751	0.00897338	0.00736316	0.0742993	0.0450196	0.0189325	0.0507528	0.051838	0.134311	0.0430373	0.00903517	0.0170924	0.00351014	0.0813698	0.21572	0.0292144	0.0353598	0.0366598	0.000786832	0.0487496
26	0.164785	0.00481696	0.00891651	0.050149	0.0120626	0.0113454	0.017943	0.00814454	0.0091724	0.0816215	0.00812168	0.0164407	0.349348	0.0906774	0.00642928	0.0682779	0.0375306	0.0462738	0.0016443	0.00629907
27	0.0479883	0.0185621	0.0134336	0.155277	0.0115727	0.0126159	0.0540436	0.0131405	0.0524419	0.149614	0.0405551	0.0110785	0.00500009	0.27426	0.0620362	0.0340369	0.0179514	0.0162719	0.00146256	0.00865789
28	0.198562	0.0342557	0.0107854	0.00726202	0.00367736	0.0658487	0.0259205	0.00782176	0.00976008	0.00700053	0.00502961	0.060714	0.00906378	0.0206075	0.00841048	0.470618	0.0346796	0.0102026	0.00359533	0.0061844
29	0.0822435	0.0234478	0.000513981	0.000672683	0.000898119	0.0011534	0.000740537	0.150027	0.00559818	0.137408	0.0101264	0.00388727	0.00068371	0.000931041	0.00111566	0.0135248	0.0237704	0.536163	0.000247722	0.00684663
30	0.0173224	0.0258391	0.00181734	0.00385099	0.25566	0.00340283	0.0341798	0.014626	0.00327894	0.0398622	0.0146586	0.00912948	0.00455589	0.00528252	0.00752699	0.011965	0.00433235	0.0161903	0.10387	0.422649
31	0.00888227	0.00161772	0.00587805	0.00104908	0.00998327	0.00107423	0.00113777	0.00546971	0.27202	0.0145408	0.000955577	0.00296326	0.000735306	0.0290931	0.618323	0.00278756	0.00527095	0.00637981	0.0100478	0.00179063
32	0.0346775	0.0176909	0.000782717	0.000875615	0.00235244	0.00148589	0.00116988	0.282719	0.0024026	0.0662232	0.011594	0.00179276	0.00244511	0.00162718	0.00163028	0.00899598	0.0159506	0.541782	0.000802991	0.00299924
33	0.00887588	0.00218387	0.00583503	0.0010453	0.00992764	0.00108019	0.00114094	0.00570235	0.270827	0.0146094	0.000959548	0.00294006	0.000945524	0.0293929	0.617696	0.00286958	0.0055525	0.00632196	0.0103006	0.00179411
34	0.197561	0.00540738	0.0161129	0.0451488	0.00169081	0.0152259	0.00633212	0.00291376	0.0180692	0.0233208	0.00438248	0.0244323	0.381446	0.0419764	0.00634887	0.140231	0.0446801	0.017814	0.00392866	0.0029774
35	0.00657118	0.00653249	0.000501877	0.000483912	0.00277709	0.00051684	0.000523781	0.378634	0.000643618	0.0411865	0.00809513	0.000661364	0.00215489	0.000813917	0.000675879	0.00462568	0.00850023	0.534572	0.000195069	0.00133501
36	0.0593857	0.00332256	0.00318277	0.00648997	0.0029828	0.0121223	0.00573088	0.00501232	0.00755046	0.00857008	0.00448224	0.0207871	0.000653944	0.00321934	0.0155965	0.247521	0.563932	0.0219019	0.000373486	0.00718296
37	0.0302329	0.0309694	0.0119637	0.0107596	0.0204177	0.00969753	0.0112608	0.0279385	0.122272	0.0447691	0.01779	0.0178427	0.00991568	0.0251692	0.373431	0.0375944	0.0907106	0.0289786	0.0520247	0.0262615
38	0.0850074	0.107458	0.0146426	0.0125436	0.0143519	0.0264626	0.0214771	0.0144785	0.0219192	0.0238576	0.0584428	0.0831944	0.0079282	0.105852	0.0158424	0.2946	0.0424888	0.0310446	0.00329643	0.0151123
39	0.0705368	0.0022247	0.00148476	0.00341401	0.00473798	0.00676142	0.00309548	0.00412442	0.0108325	0.00808495	0.00232326	0.0162	0.00062596	0.00266879	0.0147811	0.334065	0.48721	0.0221838	0.000511205	0.00413425
40	0.313612	0.0285374	0.0164086	0.00563903	0.00172607	0.091193	0.0321507	0.00349777	0.00538251	0.00262903	0.00192345	0.0207609	0.00230031	0.0137386	0.0072415	0.406495	0.0310147	0.00645625	0.00358157	0.00571144
41	0.0674588	0.002025	0.00141711	0.00328153	0.0050507	0.00689344	0.00310117	0.00360647	0.0104931	0.0077132	0.00205734	0.0151485	0.00057645	0.00207365	0.0147963	0.341625	0.487032	0.0210171	0.000504207	0.0041293
42	0.00407709	0.00770706	0.000405826	0.00141126	0.0254747	0.000558299	0.00269497	0.10417	0.00244613	0.647647	0.134856	0.00281066	0.000307978	0.0052029	0.002387	0.00386647	0.010179	0.0431466	0.000153946	0.000496599
43	0.161939	0.00786443	0.028433	0.0771045	0.00198189	0.00810231	0.00518398	0.00273513	0.0180163	0.0140202	0.00235958	0.0259794	0.347749	0.0640515	0.00609713	0.173679	0.0389885	0.0108111	0.00262474	0.00227945
44	0.0532186	0.0346521	0.257676	0.0328839	0.0151457	0.160435	0.120878	0.0109407	0.0163949	0.020624	0.00978919	0.0634124	0.00764945	0.0214068	0.0145163	0.0966022	0.0332782	0.0154474	0.00414653	0.0109025
45	0.200044	0.0147136	0.0136106	0.0373283	0.00334377	0.0417818	0.00593398	0.00749579	0.0141221	0.0166995	0.00553737	0.0285514	0.213837	0.0255138	0.00968758	0.242091	0.0765793	0.0197133	0.0179612	0.00545505
46	0.0109836	0.00704729	0.000572723	0.000526173	0.00321236	0.00059683	0.000673463	0.404713	0.00076482	0.0427516	0.00791356	0.000874425	0.00187964	0.0010025	0.00113943	0.00623221	0.00951253	0.49787	0.000228925	0.00150436
47	0.0060407	0.00529284	0.000350772	0.0015809	0.036087	0.000475854	0.000831776	0.2179	0.00223878	0.536489	0.0498287	0.0029045	0.00251263	0.00306259	0.00130437	0.00381616	0.0069862	0.120707	0.000176743	0.00141389
48	0.112344	0.255901	0.0306722	0.00277649	0.0280273	0.00493039	0.0341222	0.0432701	0.00453148	0.00506912	0.00486047	0.0572414	0.00183983	0.019235	0.0161999	0.195126	0.0491772	0.130949	0.00103498	0.00269256
49	0.266475	0.0970069	0.00468605	0.00471277	0.00479056	0.00612976	0.00538874	0.0163849	0.00619384	0.0846035	0.00989251	0.0083594	0.00429843	0.0101605	0.00611036	0.0665232	0.112165	0.28014	0.00124429	0.00473378
50	0.215074	0.0238883	0.00290862	0.00396291	0.00317703	0.00403948	0.01855	0.00371665	0.0342508	0.0221345	0.0224937	0.0474699	0.00239121	0.254511	0.00447355	0.286034	0.0379538	0.00800156	0.00121709	0.00375214
51	0.033353	0.0708164	0.00445132	0.00531917	0.207561	0.00638528	0.0128091	0.100403	0.0207436	0.0635451	0.030013	0.0169738	0.00345352	0.0330032	0.0313519	0.0420659	0.0143819	0.0191509	0.0152108	0.269008
52	0.189675	0.0548616	0.013161	0.00590456	0.00300496	0.0985298	0.029799	0.00550252	0.00926894	0.00542799	0.00409575	0.0619272	0.00530822	0.0153383	0.0168962	0.43902	0.0237927	0.00620001	0.00537233	0.00691407
53	0.165429	0.00644738	0.0134832	0.032084	0.00336122	0.0215458	0.0187086	0.0044772	0.0154003	0.0275281	0.00964424	0.0302739	0.389857	0.0499899	0.00695388	0.112789	0.0567939	0.0285806	0.00281129	0.00384166
54	0.0287042	0.0242561	0.396598	0.0747518	0.00337694	0.0204249	0.0248621	0.0036617	0.00808585	0.0184834	0.00356707	0.217291	0.00422604	0.0242786	0.0162782	0.0681426	0.0344499	0.00836707	0.00167408	0.0185205
55	0.0447243	0.00217063	0.00103073	0.0110607	0.141461	0.00140485	0.00199044	0.028711	0.00131868	0.534076	0.130332	0.00176788	0.00102553	0.00496874	0.00540443	0.0171518	0.00492175	0.0121673	0.000381105	0.0539309
56	0.625063	0.0444289	0.00715553	0.00130193	0.00781963	0.0400541	0.0015607	0.0397106	0.00150582	0.0280454	0.00141523	0.00182847	0.00113324	0.00854972	0.0016173	0.00398609	0.00300574	0.180249	0.000515029	0.00105466
57	0.0469543	0.00252822	0.00430265	0.00423374	0.00312375	0.0064497	0.00304762	0.00432765	0.00817771	0.0131851	0.00494894	0.0184887	0.00063376	0.00417529	0.0156303	0.368388	0.463898	0.0237776	0.000454834	0.0032744
58	0.153381	0.0605994	0.00823986	0.0317765	0.00201605	0.428996	0.00232042	0.00754684	0.00362021	0.00834918	0.00954311	0.0686947	0.00242488	0.00945054	0.00570044	0.146933	0.0334017	0.0141302	0.000970124	0.00190624
59	0.143274	0.0254773	0.00593278	0.0211035	0.00270144	0.168619	0.00413122	0.00618395	0.0103579	0.00920373	0.00478793	0.0125917	0.0492208	0.0143732	0.00572667	0.47356	0.0268155	0.00621689	0.00294564	0.00677701
60	0.134373	0.0143184	0.0197648	0.0378945	0.0146676	0.145567	0.0175865	0.0163601	0.066892	0.0655207	0.0144559	0.046236	0.0177408	0.112923	0.0809491	0.0696881	0.0833634	0.0281789	0.00323263	0.0102887
61	0.0238533	0.0463141	0.473898	0.0567582	0.00380142	0.0311563	0.0126551	0.00778954	0.0345406	0.0110048	0.00464227	0.124786	0.00653696	0.0228838	0.0171913	0.0831196	0.0239105	0.00969891	0.0013143	0.00414434
62	0.164051	0.0251369	0.00391688	0.00738087	0.0272596	0.0482014	0.0622608	0.0288217	0.134857	0.0270243	0.0260749	0.115398	0.0022623	0.0502447	0.0103467	0.118844	0.11697	0.0246648	0.00178146	0.00450291
63	0.0607249	0.0271636	0.00625931	0.0184979	0.00195371	0.00496946	0.00374937	0.051425	0.00464988	0.0103316	0.00661501	0.0493808	0.000977802	0.0103238	0.00790883	0.195038	0.442761	0.0907141	0.000692087	0.00586356
64	0.0856441	0.0266315	0.00063535	0.000941374	0.00139512	0.00195295	0.00127776	0.149602	0.00663177	0.134173	0.0147104	0.00363914	0.0011077	0.00127556	0.00162239	0.0142184	0.0230403	0.523517	0.00064869	0.00733502
65	0.0382469	0.0999171	0.0154168	0.0362714	0.0135064	0.0144785	0.012573	0.087666	0.0837488	0.0400224	0.0196982	0.0172791	0.158102	0.0241581	0.18416	0.0473425	0.0381966	0.04788	0.00797727	0.0133587
66	0.00804425	0.00566258	0.00033511	0.00105219	0.0370898	0.000464948	0.000390925	0.296498	0.00238085	0.439917	0.0235867	0.00346869	0.0038197	0.00253283	0.00081034	0.00476219	0.00460032	0.162284	0.000174037	0.00212593
67	0.0103897	0.00913052	0.00165853	0.00937451	0.189328	0.00200524	0.0189419	0.00993637	0.00275119	0.00481542	0.0022815	0.0111054	0.0168508	0.00282425	0.00309884	0.0134879	0.00422965	0.00371575	0.543797	0.140278
68	0.0148782	0.0334105	0.583002	0.0579482	0.000768378	0.0233735	0.0124865	0.00295082	0.00887966	0.00780154	0.00103936	0.16078	0.00317445	0.0187963	0.0108625	0.0427023	0.0117265	0.00306094	0.000302004	0.00205672
69	0.0702482	0.0539581	0.00235132	0.00370431	0.0115167	0.0224144	0.0146037	0.165114	0.00373248	0.106531	0.102228	0.00401013	0.0139081	0.00515303	0.00541818	0.0211028	0.0361954	0.353473	0.00108907	0.00324891
70	0.0414126	0.00614832	0.139763	0.0986534	0.0126791	0.0256777	0.0408446	0.00333329	0.00303549	0.0603123	0.0134142	0.226738	0.0127146	0.0314249	0.00955507	0.119442	0.0788511	0.010429	0.00477062	0.0608003
71	0.0930677	0.0202802	0.0130086	0.0158756	0.0126923	0.0147269	0.0448399	0.0177253	0.0757748	0.082626	0.0503267	0.032453	0.0115042	0.0505735	0.02788	0.12706	0.25689	0.0368334	0.00269852	0.0131637
72	0.0296374	0.0563537	0.034348	0.339039	0.0274481	0.0526488	0.0189192	0.00536083	0.0103607	0.0665441	0.0349329	0.0275255	0.00270628	0.202759	0.00880625	0.058833	0.0105694	0.00816542	0.00161839	0.00342421
73	0.0500937	0.00786063	0.00421125	0.00697023	0.0570601	0.00509295	0.00798818	0.0141393	0.0101865	0.292062	0.0846964	0.00754367	0.00273587	0.0143253	0.00908054	0.0966764	0.27373	0.0147931	0.00172907	0.0390249
74	0.041873	0.0900831	0.0168006	0.0707931	0.0157408	0.0135261	0.0165028	0.099147	0.04445	0.0575472	0.0225478	0.0169793	0.15089	0.0291455	0.114904	0.0437854	0.0346491	0.0933439	0.0100764	0.0172147
75	0.0173207	0.0112348	0.00578725	0.00702343	0.0323694	0.00112485	0.0129812	0.0742759	0.114343	0.325248	0.0614308	0.0243598	0.00130115	0.0799887	0.0878735	0.0421525	0.0272399	0.0578731	0.000695064	0.0153764
76	0.0148737	0.00994833	0.000513111	0.000857124	0.00667823	0.00115794	0.0010245	0.323282	0.00156438	0.0916986	0.0114072	0.00130891	0.00422	0.00157178	0.00109951	0.00547188	0.00960253	0.511322	0.000455461	0.00194318
77	0.0698947	0.0168117	0.00416492	0.00973799	0.0822782	0.00528857	0.0102834	0.0267978	0.0201348	0.380408	0.121869	0.00941631	0.00374258	0.0501199	0.0172088	0.063225	0.021636	0.0283462	0.00130906	0.0573279
78	0.115655	0.255912	0.0280949	0.00265315	0.0305293	0.00523957	0.0333914	0.0417528	0.00437287	0.0051915	0.00500036	0.0570024	0.00184365	0.0203129	0.0169978	0.193704	0.0472941	0.131109	0.00102965	0.00291422
79	0.0828593	0.0245551	0.000543888	0.000671127	0.00100607	0.00131777	0.000806727	0.148361	0.00551462	0.137602	0.0110491	0.00373461	0.000822479	0.000983386	0.00114971	0.0135917	0.0239403	0.534528	0.000246919	0.00671558
80	0.365904	0.0338367	0.023003	0.0418033	0.00330307	0.0112987	0.00911939	0.017181	0.0058796	0.0176435	0.00300412	0.00498849	0.0121209	0.0220595	0.00836154	0.358426	0.0298304	0.0265585	0.00126287	0.00441573
81	0.0100009	0.00940722	0.00153076	0.00844474	0.196227	0.0018878	0.0207421	0.00844722	0.00197679	0.0058371	0.00266431	0.0103416	0.0152167	0.00264922	0.00278445	0.0126698	0.00368445	0.00492396	0.506876	0.173688
82	0.26535	0.0236955	0.0231342	0.0202267	0.00259315	0.0436665	0.0368451	0.00669126	0.0058696	0.00629906	0.00253108	0.0185145	0.00336123	0.0130437	0.0150417	0.466284	0.0293888	0.00931432	0.00282194	0.00532758
83	0.189828	0.0220561	0.00834102	0.0162626	0.00975382	0.0598204	0.00669279	0.0115111	0.0091157	0.0383115	0.00985871	0.0117243	0.260756	0.0186662	0.0279679	0.213839	0.0304618	0.0196484	0.0076607	0.0277236
84	0.0278836	0.0953412	0.415299	0.0277002	0.00280922	0.0301488	0.0228095	0.0039591	0.00835417	0.031864	0.0036196	0.221882	0.00337695	0.0270997	0.0245124	0.0327892	0.00997988	0.00602514	0.000905316	0.00364197
85	0.149878	0.0487703	0.00807146	0.0332559	0.00165942	0.440692	0.00195721	0.00739652	0.00302249	0.00827549	0.00948422	0.0730831	0.00188961	0.00900981	0.00512378	0.152583	0.0332407	0.0101442	0.000940671	0.00152162
86	0.0490894	0.00174043	0.0391999	0.0658425	0.00616548	0.0125742	0.00522997	0.00360528	0.220305	0.037444	0.0181547	0.0539667	0.00791769	0.112159	0.125272	0.083576	0.110547	0.0449304	0.000317529	0.00196233
87	0.0112285	0.021085	0.00127127	0.00175015	0.0758579	0.00181497	0.0230683	0.102472	0.0868634	0.167699	0.0656988	0.00183113	0.000925346	0.0235601	0.122982	0.00418497	0.036087	0.0423412	0.037827	0.171452
88	0.00808354	0.00568994	0.000336174	0.00105089	0.0371369	0.000458207	0.000377726	0.296384	0.00238178	0.439812	0.0232401	0.00346793	0.00383412	0.0025416	0.000801933	0.0047635	0.00461747	0.162711	0.000173499	0.00213746
89	0.626164	0.0441092	0.00699424	0.001304	0.00792847	0.0401724	0.00144929	0.0394224	0.00147257	0.0279825	0.00130879	0.00179927	0.00109424	0.00799109	0.00161751	0.00395997	0.00282367	0.180851	0.00049678	0.00105848
90	0.0452602	0.00388405	0.00354588	0.00338025	0.00380049	0.0087494	0.00265591	0.00403591	0.00841982	0.0106716	0.00365946	0.0153886	0.00133541	0.00335501	0.0115783	0.43283	0.413176	0.0210792	0.000581505	0.00261313
91	0.220488	0.00275329	0.0015263	0.00117855	0.00609923	0.64425	0.00106569	0.00128712	0.00686184	0.00220161	0.00654749	0.00273296	0.000651111	0.00195114	0.0034402	0.0838137	0.00673585	0.00431289	0.000380763	0.00172192
92	0.0211574	0.0568572	0.308202	0.00739196	0.00655479	0.257758	0.0129304	0.00867277	0.00903909	0.0126965	0.00825258	0.0113451	0.00508986	0.0115762	0.00859832	0.218401	0.0147192	0.0118312	0.0028622	0.00606378
93	0.0246768	0.153357	0.00246907	0.00603899	0.0405683	0.00376069	0.0204319	0.171982	0.0184558	0.111111	0.0425646	0.00455657	0.00525132	0.0261983	0.231043	0.00866991	0.010724	0.0361962	0.0397361	0.0422083
94	0.00807581	0.0056957	0.000336714	0.00103632	0.0370862	0.00045781	0.000379682	0.29748	0.00238898	0.438586	0.0232196	0.00348383	0.00383359	0.00252898	0.000802057	0.00477851	0.00458745	0.16292	0.000173812	0.00214883
95	0.010308	0.00876667	0.00164934	0.00940904	0.188794	0.00207108	0.0187158	0.00940314	0.0022274	0.00367762	0.00177607	0.011227	0.0169671	0.00270782	0.00242294	0.0136547	0.00401942	0.0034165	0.552144	0.136643
96	0.0151172	0.0253587	0.579018	0.0856803	0.000921208	0.0193925	0.0099809	0.0031704	0.0103522	0.00520091	0.00081124	0.142556	0.0032481	0.0246011	0.00979658	0.0434868	0.0161486	0.00288523	0.000273848	0.00200026
97	0.195175	0.00454365	0.00788094	0.00855132	0.00456697	0.0454045	0.0150597	0.00696046	0.0165655	0.0464468	0.0184882	0.012596	0.366593	0.029995	0.00883688	0.0569433	0.0770872	0.0683895	0.00541631	0.00450022
98	0.21349	0.00396381	0.0183338	0.00514827	0.00229859	0.041666	0.00636323	0.0118125	0.0383027	0.0167704	0.00780653	0.00704559	0.316631	0.0191371	0.0142512	0.0665822	0.118408	0.0781384	0.0113224	0.00252836
99	0.00648757	0.00812811	0.000538522	0.00180065	0.0307883	0.000638903	0.00315336	0.0984355	0.00237296	0.640532	0.137279	0.00355252	0.000341789	0.00515129	0.00245212	0.00488835	0.00986808	0.0401747	0.000202613	0.00321357
100	0.0501714	0.0178809	0.0160286	0.00668828	0.0178795	0.00474272	0.0049457	0.0961403	0.224597	0.0583613	0.0172365	0.00683304	0.00148591	0.00871658	0.121823	0.100435	0.155688	0.0708427	0.00112086	0.0183827
101	0.222882	0.0772251	0.00614977	0.00935537	0.00469833	0.370577	0.00569117	0.00469186	0.006785	0.00779198	0.00669179	0.0238794	0.0113351	0.011466	0.0374459	0.158323	0.0206697	0.0087454	0.00165513	0.00394132
102	0.0518862	0.0144128	0.010606	0.0292242	0.0248847	0.0254942	0.200173	0.0263617	0.151419	0.0301026	0.0106292	0.0520499	0.00508952	0.0577596	0.177719	0.0560791	0.0276339	0.0232457	0.00249046	0.0227393
103	0.0429465	0.00585035	0.00977959	0.00438221	0.00389623	0.03785	0.00425904	0.00476068	0.119347	0.0243848	0.00673755	0.0319729	0.00185476	0.00795047	0.0898667	0.29229	0.296799	0.00952765	0.00181684	0.00372639
104	0.0867032	0.00332044	0.0132107	0.00478358	0.00207937	0.0710968	0.00542117	0.00249545	0.436074	0.00552427	0.0122546	0.0577304	0.0016358	0.105602	0.0805959	0.0927587	0.00890637	0.0066733	0.000769588	0.00236465
105	0.0111881	0.00902282	0.00178835	0.0129773	0.190434	0.00262997	0.0263305	0.0129739	0.00259646	0.00451415	0.00214431	0.0109223	0.0232856	0.00372481	0.00282361	0.0144719	0.00466489	0.00422248	0.524271	0.135014
106	0.00709195	0.00610214	0.000474631	0.000483441	0.00308527	0.000539772	0.000537179	0.398226	0.000639863	0.0424451	0.00805657	0.000696598	0.0019907	0.00081958	0.000701387	0.00499857	0.00843252	0.513117	0.000200978	0.00136036
107	0.0119158	0.0176078	0.0635981	0.00660458	0.00330721	0.00897075	0.00301846	0.00431407	0.0317619	0.0120163	0.0327302	0.113317	0.00150467	0.00683173	0.0285405	0.250725	0.390884	0.00803159	0.00163715	0.00268341
108	0.201455	0.0550637	0.0170416	0.00397683	0.00202364	0.0914939	0.0403468	0.00402398	0.00662486	0.00312348	0.00279118	0.0490929	0.00287547	0.014455	0.0088512	0.446867	0.0261785	0.00571499	0.00849198	0.00950848
109	0.00554856	0.00565571	0.000288163	0.00145233	0.0321528	0.000511895	0.00135035	0.199188	0.002433	0.552661	0.0739543	0.00282778	0.00193564	0.00332553	0.00170865	0.00373876	0.00675623	0.103171	0.000150855	0.00118939
110	0.359468	0.105026	0.00369813	0.00296667	0.00771455	0.0174225	0.00207867	0.00236316	0.00303601	0.00307578	0.00194045	0.00270219	0.00159709	0.0111184	0.00725878	0.370724	0.065955	0.0273682	0.000561588	0.00392522
111	0.0112777	0.00896837	0.00170291	0.00932292	0.189649	0.00221392	0.0185117	0.00958888	0.00253731	0.00388217	0.00211999	0.0118105	0.0171801	0.00291169	0.00268042	0.0146375	0.00473222	0.00367507	0.54769	0.134907
112	0.0948718	0.0120303	0.0170759	0.173481	0.00835675	0.0123792	0.0255396	0.00774224	0.0908162	0.0404922	0.0164021	0.0161699	0.00365194	0.335915	0.0622223	0.032881	0.0266615	0.0139385	0.00155113	0.00782181
113	0.143355	0.0134967	0.014456	0.0318167	0.00772126	0.0255581	0.0120985	0.0189181	0.0161277	0.0358116	0.0123311	0.0217245	0.368732	0.0430474	0.0153617	0.108002	0.0493945	0.0473185	0.00536831	0.00936087
114	0.0539278	0.0032171	0.00128498	0.0156848	0.124399	0.00405359	0.00791337	0.0507343	0.00377754	0.468849	0.117929	0.00260315	0.00323222	0.00782028	0.0129127	0.0147606	0.00632299	0.0291707	0.00158744	0.0698198
115	0.10933	0.0191247	0.0069773	0.0389851	0.0204958	0.0207083	0.124644	0.0448041	0.012066	0.17824	0.0493815	0.0091989	0.0904125	0.0487942	0.0438802	0.02741	0.0321908	0.103601	0.00219542	0.01756
116	0.017916	0.011685	0.00565636	0.00720321	0.032153	0.00108975	0.0121999	0.0737709	0.112809	0.32808	0.0610901	0.0251314	0.00130239	0.0799658	0.0865741	0.0437077	0.0262161	0.0588839	0.00037424	0.0141909
117	0.0208725	0.0130357	0.0916888	0.101611	0.00569988	0.00518172	0.0258324	0.0397808	0.0586596	0.0584835	0.0270364	0.0380612	0.103125	0.0239674	0.0721709	0.108223	0.0982367	0.06699	0.0026114	0.038732
118	0.010583	0.0206877	0.001335	0.00182539	0.07288	0.00185971	0.0255335	0.1005	0.0860667	0.165958	0.0622489	0.00200015	0.00105914	0.0235365	0.15083	0.00489346	0.0336506	0.0389647	0.0376942	0.157893
119	0.00850472	0.00507057	0.000599425	0.00345016	0.062763	0.000729867	0.00155982	0.146419	0.00207977	0.587067	0.062405	0.0027155	0.00153361	0.00379724	0.0021395	0.00476106	0.00874697	0.0905209	0.000202071	0.00493485
120	0.625302	0.044433	0.0070378	0.00133403	0.0081162	0.0400553	0.00145809	0.0394112	0.0014695	0.0278725	0.00131263	0.00181354	0.00108002	0.00796475	0.00163035	0.00407222	0.00295378	0.181084	0.00051249	0.00108648
121	0.0471674	0.00296149	0.00284658	0.00413877	0.00322336	0.00546689	0.00310987	0.00489883	0.00664454	0.0105359	0.00363772	0.01514	0.000680793	0.00329975	0.0117143	0.37563	0.46797	0.0271129	0.000449544	0.00337078
122	0.41672	0.042146	0.00430789	0.00211038	0.00246722	0.0884657	0.00728902	0.00160518	0.00186916	0.00225046	0.00155469	0.0035856	0.00258191	0.00586547	0.00373178	0.34092	0.056215	0.00941183	0.000911184	0.00599131
123	0.105531	0.0105815	0.00448808	0.00712633	0.003002	0.292107	0.00338024	0.00300019	0.00863155	0.00409659	0.00323898	0.0114266	0.00608756	0.00447376	0.00383398	0.494168	0.0191533	0.00411279	0.00100779	0.0105523
124	0.0927182	0.00352736	0.0115349	0.00245673	0.00204564	0.0803916	0.00566248	0.00284348	0.434174	0.00492253	0.011065	0.0588908	0.00140682	0.103719	0.0782833	0.0926387	0.00516246	0.00509333	0.000854436	0.00260851
125	0.016058	0.0249378	0.616921	0.0719787	0.00183249	0.0255665	0.0103976	0.00534771	0.0102667	0.0109303	0.00203165	0.10826	0.00615843	0.0193789	0.00849898	0.03498	0.0166878	0.00518385	0.00106562	0.00351847
126	0.144058	0.0416837	0.0070318	0.0237617	0.00141609	0.478684	0.00131239	0.00645274	0.00288516	0.00721278	0.0118233	0.0644865	0.00141515	0.0103686	0.00496241	0.144659	0.0368136	0.00910743	0.000564882	0.00130153
127	0.023363	0.00635314	0.0309331	0.00954178	0.00206169	0.0118395	0.0036487	0.0049359	0.0130767	0.0154267	0.0186702	0.0505248	0.000939714	0.00676001	0.0165073	0.242395	0.524387	0.0145164	0.000456896	0.00366294
128	0.0485112	0.0160812	0.000466203	0.000535153	0.0015414	0.000826665	0.000533104	0.257301	0.00318929	0.0982666	0.00858403	0.0024086	0.00102409	0.00080127	0.000817221	0.0104197	0.0152827	0.527647	0.000236425	0.00552685
129	0.00897366	0.0019396	0.00578931	0.00122381	0.0107394	0.00128206	0.00130688	0.00551912	0.27658	0.0142204	0.00112195	0.00324231	0.000873372	0.0286498	0.61091	0.00320388	0.00552185	0.00728258	0.00977064	0.0018494
130	0.0076916	0.00596334	0.000495154	0.000500616	0.00322717	0.000554231	0.00057049	0.40559	0.000695558	0.0442396	0.00812071	0.000813095	0.00194773	0.000855663	0.000704026	0.00530463	0.00847138	0.502595	0.000215572	0.00144457
131	0.0133968	0.00942481	0.00343783	0.0111149	0.177688	0.00375814	0.0239669	0.010783	0.00376564	0.00647022	0.00319197	0.0191331	0.0167746	0.00452662	0.00434263	0.0153675	0.00660696	0.00464849	0.527942	0.133659
132	0.0259948	0.0248956	0.354961	0.0772159	0.00180486	0.0124499	0.0203776	0.00901056	0.0169056	0.00555534	0.00175961	0.29485	0.00144904	0.0177742	0.0218364	0.0939746	0.0106593	0.00396966	0.000682731	0.00387288
133	0.107997	0.00685431	0.00847546	0.00961392	0.0179171	0.00640998	0.00678869	0.121672	0.00470921	0.0263555	0.0293912	0.00258796	0.0127756	0.0190445	0.0264065	0.0463747	0.211584	0.324542	0.0034199	0.00708016
134	0.0645914	0.0420855	0.00753804	0.0151427	0.00245216	0.00212839	0.00275789	0.0831575	0.00349998	0.00742885	0.00473387	0.0544986	0.0013881	0.0113658	0.00472049	0.197738	0.328442	0.161343	0.000706313	0.00428108
135	0.00403244	0.00775373	0.000395083	0.00139829	0.0256291	0.000560298	0.00262957	0.104536	0.00241475	0.647672	0.134303	0.00282343	0.000312876	0.00512653	0.00236638	0.00377261	0.0101049	0.0435398	0.000155118	0.000473173
136	0.265914	0.0525022	0.00912029	0.00169984	0.00454379	0.0782873	0.0613149	0.00225488	0.00201246	0.00300593	0.0100525	0.0320848	0.00129356	0.0210399	0.00214448	0.119567	0.306358	0.0196609	0.000498618	0.00664453
137	0.152341	0.0217747	0.0128225	0.0075466	0.00168654	0.31853	0.0156786	0.00457264	0.0115238	0.00314601	0.00485697	0.0354972	0.00231431	0.00729379	0.00526919	0.362614	0.0199385	0.00575088	0.00257285	0.00427011
138	0.0524839	0.0141737	0.0153729	0.0162011	0.037513	0.0767574	0.540019	0.00984293	0.0198599	0.0204171	0.0120834	0.0281965	0.00766257	0.022794	0.0206634	0.042778	0.0283398	0.0165211	0.00654117	0.0117788
139	0.0563919	0.00695311	0.0249265	0.020001	0.00327237	0.00793465	0.00662092	0.0126403	0.0520853	0.0396595	0.0297902	0.0331364	0.0027674	0.0615986	0.0552054	0.162532	0.374668	0.0449504	0.000579401	0.00428646
140	0.201908	0.0974627	0.00249823	0.00478162	0.00214244	0.10449	0.00353062	0.00684567	0.00287976	0.00812783	0.0109951	0.0100971	0.0548462	0.00941636	0.00478999	0.429171	0.0370496	0.00434116	0.00162501	0.00300206
141	0.00657682	0.00669932	0.000480833	0.000472522	0.00268407	0.000511162	0.000515643	0.373187	0.000626925	0.0407897	0.00813918	0.000663581	0.00221579	0.000820312	0.000646044	0.00454917	0.00839161	0.540506	0.000204919	0.0013195
142	0.0654227	0.0115536	0.00407883	0.0126404	0.00260831	0.00817748	0.00508871	0.0206816	0.00569804	0.00980987	0.00514511	0.0306536	0.000764541	0.0062631	0.0116798	0.226465	0.514176	0.0497855	0.000468219	0.00884041
143	0.278162	0.12161	0.0251094	0.0101839	0.00572486	0.0362613	0.0108003	0.00929255	0.0186397	0.00723097	0.00313721	0.0134815	0.0183809	0.0254893	0.00820412	0.317911	0.0329598	0.0514225	0.00189008	0.00410939
144	0.038596	0.0125445	0.00038312	0.000731944	0.015505	0.00068346	0.000568119	0.235376	0.0033937	0.260567	0.0165959	0.00343864	0.00214385	0.00148314	0.000753865	0.00818391	0.0118816	0.382848	0.000191531	0.00413112
145	0.00885807	0.00178591	0.00594098	0.00105506	0.00995115	0.00105179	0.00113436	0.00546178	0.271086	0.0149016	0.000962405	0.00295835	0.000737545	0.0289228	0.618562	0.00288022	0.0054978	0.00637228	0.0100819	0.00179753
146	0.0106136	0.00905517	0.00158504	0.0094823	0.188369	0.00219292	0.018917	0.00959723	0.00226849	0.0038227	0.0018943	0.0111674	0.0177732	0.00265685	0.00252797	0.013591	0.00407622	0.00362797	0.549635	0.137146
147	0.0809473	0.013334	0.00451586	0.0059009	0.00188388	0.172029	0.00515894	0.00259389	0.00985145	0.00416233	0.00300139	0.0117414	0.00925476	0.00523173	0.00378137	0.622405	0.0311889	0.0045646	0.00110466	0.00734905
148	0.0254164	0.0284961	0.373805	0.0655194	0.00171188	0.0187185	0.0167863	0.0060781	0.0190236	0.00632917	0.00172723	0.291314	0.0014642	0.0190584	0.0277235	0.0785284	0.0101588	0.00402898	0.000794443	0.00331707
149	0.0125023	0.0208854	0.00123125	0.00212569	0.0775104	0.00176881	0.0221746	0.104101	0.0839122	0.171412	0.0660345	0.00191037	0.000885226	0.0226444	0.116904	0.00420046	0.0353359	0.0435658	0.0373494	0.173546
150	0.00482903	0.00645072	0.000340554	0.0013047	0.0290336	0.000486108	0.00182967	0.16819	0.0025089	0.592748	0.0915902	0.00270395	0.00130075	0.00398373	0.00190845	0.00368359	0.00850482	0.077389	0.000179527	0.00103437
151	0.0142596	0.0185701	0.00169851	0.00161156	0.251749	0.00153517	0.0377853	0.0135015	0.00488013	0.045832	0.0153164	0.00722225	0.000941967	0.00377759	0.00976382	0.00674382	0.00420651	0.0248948	0.0202174	0.515493
152	0.0477008	0.00276764	0.00252831	0.00449378	0.00293893	0.00676589	0.00364523	0.00426052	0.00615356	0.00885849	0.00391672	0.015125	0.000725424	0.00331941	0.0117417	0.329994	0.515712	0.0248813	0.000433214	0.004038
153	0.347896	0.011434	0.00480911	0.00368082	0.00263791	0.199948	0.00600371	0.00181998	0.00567466	0.00279951	0.00167857	0.00426622	0.0030367	0.0046456	0.00302486	0.36081	0.025532	0.00453103	0.000662507	0.00510857
154	0.105382	0.0214977	0.0106039	0.0103905	0.00518844	0.0801509	0.0132314	0.00727849	0.0121814	0.0140765	0.00678771	0.0331098	0.0132671	0.0155008	0.0121085	0.516437	0.10119	0.0119974	0.00187874	0.00774157
155	0.0432246	0.00853043	0.00599746	0.110649	0.019072	0.0263506	0.0687067	0.0263392	0.0892326	0.0288623	0.00903351	0.0147281	0.00241026	0.194481	0.232601	0.0420181	0.0196411	0.0204969	0.00102179	0.0366032
156	0.0143937	0.0252893	0.623249	0.0711377	0.00136337	0.0254607	0.0100256	0.004124	0.0103467	0.00985793	0.00192582	0.109476	0.0040194	0.0212414	0.00924483	0.0355153	0.0165559	0.00386075	0.000575124	0.00233743
157	0.019815	0.106496	0.00632971	0.00819119	0.00715701	0.00750555	0.00637231	0.0123428	0.143626	0.0127766	0.00655731	0.0105853	0.0115208	0.011328	0.420048	0.0504106	0.132081	0.0119364	0.00871089	0.00620869
158	0.035535	0.00943601	0.0117704	0.0087672	0.00482015	0.00677055	0.00554659	0.027349	0.012046	0.038578	0.0282772	0.0267234	0.00186274	0.0279425	0.0173457	0.213515	0.484241	0.0328476	0.000823957	0.00580268
159	0.00768399	0.00598733	0.00049889	0.000501024	0.00332067	0.000561669	0.000579877	0.406611	0.000682678	0.0434052	0.0080332	0.000777465	0.00195567	0.000877431	0.000701134	0.00532701	0.00855134	0.502317	0.000212664	0.00141517
160	0.0559952	0.00946818	0.00849352	0.0511952	0.0311873	0.0232561	0.0316893	0.0597109	0.227036	0.033941	0.0131654	0.0244491	0.00124037	0.0473194	0.238179	0.0356587	0.0264861	0.0324471	0.000665405	0.0484167
161	0.0768078	0.0551646	0.00191382	0.0023762	0.0114808	0.0196359	0.0105914	0.155873	0.00342968	0.103863	0.0922722	0.00346819	0.0101785	0.0040527	0.00397238	0.0175828	0.0276054	0.395891	0.00084712	0.0029922
162	0.0105621	0.0097205	0.00154777	0.00905	0.192795	0.00195607	0.0197193	0.00940428	0.00251238	0.00495973	0.0022577	0.0106561	0.0161708	0.00271848	0.00255025	0.0143281	0.00419308	0.00415535	0.522797	0.157946
163	0.0265686	0.0272527	0.397418	0.0730742	0.00142734	0.0133335	0.0152538	0.00603657	0.0183439	0.00485234	0.00120322	0.271304	0.00139383	0.0225123	0.0265101	0.0759241	0.0103917	0.00388946	0.000602294	0.00270765
164	0.0302406	0.192985	0.00676138	0.0136791	0.0117291	0.00880807	0.0121521	0.0237944	0.0133354	0.212253	0.0935635	0.0112165	0.113025	0.0589138	0.0675927	0.0253886	0.0195031	0.0703958	0.00593936	0.00872277
165	0.0476468	0.075103	0.00491291	0.0318183	0.0123571	0.00586364	0.00816148	0.222791	0.0349757	0.139663	0.0152794	0.00652305	0.00766817	0.0397022	0.0512931	0.0160243	0.0170239	0.196556	0.053391	0.0132462
166	0.085712	0.0258945	0.00443509	0.015689	0.0160391	0.0193884	0.127367	0.0152368	0.175186	0.0148013	0.00730737	0.0984695	0.0025137	0.087778	0.159166	0.0849944	0.0159801	0.0133189	0.00137542	0.0293471
167	0.0473438	0.0297796	0.0130749	0.0209121	0.0024187	0.00266792	0.00310095	0.0768445	0.004583	0.011276	0.00656532	0.0648496	0.00124419	0.0174568	0.00590395	0.188186	0.348631	0.149416	0.000977971	0.00476828
168	0.0431939	0.00238865	0.00100976	0.00921606	0.159004	0.00132435	0.00152848	0.0277182	0.00148436	0.526158	0.129395	0.00209403	0.000731594	0.00500419	0.00545773	0.0145636	0.00442494	0.0114264	0.000416397	0.0534605
169	0.0487522	0.00135394	0.0434442	0.0687015	0.00521344	0.0119984	0.00538882	0.00243217	0.215458	0.0366612	0.017786	0.0555564	0.00869158	0.113915	0.118986	0.0858513	0.1138	0.0446688	0.000318524	0.00102195
170	0.142228	0.0457673	0.0125854	0.0321457	0.00194497	0.436473	0.00208423	0.0128687	0.00433533	0.0125274	0.0098101	0.0726991	0.0020637	0.0108613	0.00549857	0.145534	0.0376063	0.0101388	0.000855182	0.00197301
171	0.0498089	0.0231856	0.052291	0.0234059	0.0323951	0.0364367	0.338331	0.0112457	0.0372984	0.0220039	0.0134514	0.131857	0.00649599	0.0317898	0.0390905	0.0807939	0.0276791	0.0172045	0.00546087	0.0197742
172	0.231026	0.00285644	0.00160614	0.00120567	0.0063921	0.62976	0.00121108	0.0013047	0.00710755	0.00230484	0.0063642	0.00301399	0.00066892	0.00226845	0.0036156	0.0861341	0.00677256	0.00423077	0.000396168	0.0017599
173	0.0776317	0.0203526	0.0102011	0.0173559	0.0670138	0.0807338	0.468342	0.01166	0.0166944	0.0236467	0.0131595	0.0288745	0.0106621	0.0239281	0.0182802	0.046363	0.0250535	0.0192031	0.00304758	0.0177969
174	0.0103411	0.0081177	0.00598349	0.00176989	0.0108097	0.00203435	0.00307384	0.00873801	0.251224	0.0177806	0.00294805	0.00456771	0.00220398	0.0277742	0.588149	0.00731051	0.0162118	0.00762408	0.0187321	0.00460609
175	0.00666936	0.00660842	0.000483534	0.000469534	0.0026878	0.000527817	0.000497181	0.375011	0.000636773	0.0411657	0.00823546	0.000683193	0.00220007	0.000806345	0.000638192	0.00459385	0.00835029	0.538194	0.000198676	0.00134261
176	0.0629501	0.0252677	0.0428936	0.0434529	0.0247511	0.0231598	0.0240299	0.0185486	0.0236712	0.0397445	0.0183963	0.169208	0.0173388	0.0329159	0.0324253	0.100786	0.143124	0.0288355	0.100342	0.028159
177	0.140855	0.0775198	0.00667514	0.00461659	0.0232448	0.0725502	0.117736	0.00614382	0.00634025	0.0069835	0.00801208	0.0370379	0.00229255	0.0138283	0.00516839	0.195757	0.203664	0.0461275	0.00205459	0.0233929
178	0.00446366	0.00673928	0.000345706	0.00127835	0.0258789	0.000544838	0.00211385	0.142012	0.00321635	0.615266	0.110947	0.00278635	0.000886233	0.00439869	0.0029031	0.00364868	0.00890883	0.0627057	0.000162517	0.00079383
179	0.371366	0.0928853	0.00365004	0.00280365	0.00603891	0.0305914	0.00408259	0.0022865	0.00281063	0.00287935	0.0019548	0.00366208	0.00229484	0.00950451	0.00665729	0.349527	0.0797723	0.021845	0.000570862	0.00481696
180	0.0846388	0.0188153	0.00374425	0.00749452	0.0124712	0.00540305	0.00801025	0.135368	0.00988081	0.198546	0.0311873	0.00559745	0.00838502	0.0117941	0.0110308	0.024288	0.0779892	0.336316	0.00169134	0.00734843
181	0.053444	0.0118498	0.00557352	0.00435249	0.00373755	0.0141149	0.0474543	0.00600271	0.00710201	0.00690511	0.00460901	0.1993	0.0029439	0.00856321	0.00767257	0.591813	0.0121463	0.00676304	0.00175164	0.00390056
182	0.0541408	0.0308047	0.00588516	0.0139269	0.00255514	0.00402613	0.00448559	0.0478775	0.00413115	0.00961328	0.00508811	0.0406078	0.00130821	0.00960222	0.0064261	0.21689	0.419646	0.11709	0.000783038	0.00511132
183	0.0104596	0.0157821	0.621753	0.147539	0.00271096	0.0374389	0.00690052	0.00667263	0.00653597	0.0213291	0.00302361	0.0486685	0.00416956	0.0178892	0.00427026	0.0212123	0.0159557	0.00438163	0.000966206	0.00234196
184	0.012083	0.018779	0.00125372	0.00110475	0.265201	0.00189162	0.0451779	0.00156105	0.0013522	0.02735	0.0116394	0.00707223	0.000691993	0.0024072	0.00685694	0.00402746	0.00227238	0.0201579	0.0209054	0.548215
185	0.112273	0.0241521	0.000725525	0.0008248	0.00110479	0.00129635	0.000962979	0.145616	0.00496258	0.120756	0.00863626	0.003398	0.000802099	0.00126447	0.00226933	0.0134133	0.0308513	0.520714	0.00030337	0.00567378
186	0.0038436	0.00756432	0.00042828	0.00169118	0.0285067	0.000568985	0.0024221	0.102295	0.00234973	0.657963	0.120104	0.00261768	0.000327963	0.00532438	0.00233783	0.00352901	0.0121774	0.0452456	0.000164965	0.000537593
187	0.011641	0.00182869	0.00612061	0.00214014	0.0100029	0.00292487	0.00164329	0.00578382	0.276463	0.014488	0.00137599	0.00465029	0.000837986	0.030995	0.59867	0.0052257	0.0065261	0.00697524	0.00953778	0.00216956
188	0.047053	0.0431917	0.00961923	0.0244915	0.00663207	0.00320028	0.00556831	0.101397	0.0383146	0.063402	0.0293883	0.0506145	0.00546349	0.0403361	0.0341332	0.151246	0.239011	0.0847457	0.00122639	0.0209662
189	0.186334	0.00551361	0.00225103	0.00288329	0.00490051	0.631834	0.00163366	0.0015739	0.0059586	0.00245106	0.00730421	0.00668896	0.00148938	0.00256146	0.00326196	0.116464	0.00981404	0.00481326	0.000347603	0.00192106
190	0.232196	0.0522246	0.00402986	0.0279979	0.0477064	0.0943485	0.00619363	0.027285	0.00631189	0.0353915	0.0263445	0.00582867	0.243519	0.00829012	0.00980997	0.0510873	0.0109775	0.0298041	0.0280283	0.0526259
