389	20
1	0.0111641	0.0129248	0.295675	0.0644616	0.00205642	0.0494185	0.088009	0.0331839	0.0207531	0.016598	0.0100654	0.187681	0.00112364	0.028802	0.0228767	0.0514436	0.0443075	0.0196931	0.00162917	0.0381332
2	0.0259666	0.0186756	0.0351629	0.066525	0.00330704	0.0280636	0.0176209	0.0199084	0.194669	0.0172642	0.0298962	0.0700815	0.00517277	0.0689118	0.223516	0.0575785	0.0624768	0.0327567	0.013211	0.00923622
3	0.0429078	0.0286521	0.131542	0.108785	0.00628616	0.0677506	0.0472662	0.0174648	0.0860423	0.0278196	0.0197975	0.0751343	0.00803539	0.0489516	0.0571032	0.0948701	0.0280988	0.0823494	0.00388098	0.0172621
4	0.0950485	0.0154164	0.259527	0.201415	0.0102839	0.119037	0.024816	0.0158191	0.0493497	0.00678164	0.00424286	0.0414557	0.0031565	0.0391144	0.0220026	0.037546	0.0282966	0.0160758	0.00167939	0.00893602
5	0.0451525	0.00685233	0.00346201	0.00345875	0.0316136	0.00294472	0.00297422	0.392271	0.00557365	0.118399	0.0505794	0.00834226	0.00831779	0.00499522	0.00502631	0.0107745	0.0425784	0.250912	0.00198929	0.00378279
6	0.0381464	0.0493146	0.00377403	0.00797316	0.0371073	0.0271722	0.0151123	0.0193039	0.00659854	0.0149227	0.00238803	0.0198373	0.0434229	0.00630168	0.0185935	0.553527	0.0997983	0.0128768	0.000990091	0.0228393
7	0.0274358	0.0126416	0.0306454	0.0916989	0.00262394	0.0276063	0.0193014	0.0187943	0.256066	0.00728872	0.0122474	0.0849336	0.00404589	0.0688909	0.178007	0.0639132	0.0557778	0.0215675	0.00570384	0.0108108
8	0.0209115	0.00570823	0.0115745	0.0356874	0.00154353	0.0334401	0.00835128	0.0128216	0.200088	0.0134279	0.0331012	0.0408458	0.00996183	0.0296408	0.379176	0.0651093	0.0784601	0.0134402	0.00503005	0.00168042
9	0.0189614	0.0103263	0.00227139	0.00125136	0.031416	0.00251425	0.00403993	0.432492	0.00702971	0.0884304	0.0482276	0.00916404	0.00122501	0.00498462	0.00645284	0.0104396	0.0468564	0.267409	0.00194695	0.00456054
10	0.0275536	0.00994003	0.0280535	0.0835749	0.00209515	0.0320893	0.0148674	0.021144	0.252523	0.00709103	0.0154466	0.0666129	0.00408113	0.0640673	0.214402	0.0638125	0.0586472	0.019902	0.0071557	0.0069412
11	0.0143725	0.010198	0.0018706	0.004043	0.122104	0.00204369	0.00434815	0.155305	0.00232941	0.256512	0.282198	0.00422418	0.00211406	0.0032341	0.00404934	0.0187086	0.0126418	0.0846038	0.00796318	0.00713672
12	0.0125985	0.0336963	0.00938339	0.00832757	0.188688	0.00364793	0.157776	0.00523124	0.0128705	0.0294186	0.00583549	0.0275273	0.00273859	0.0211267	0.0140736	0.019337	0.00411847	0.0176103	0.0100045	0.415989
13	0.178208	0.0161215	0.0469965	0.0419098	0.0128701	0.375186	0.0206987	0.0115718	0.0158839	0.0117842	0.00673389	0.0368987	0.00608244	0.0102223	0.0331687	0.0963375	0.0279222	0.0430426	0.00225438	0.00610661
14	0.0221001	0.0182031	0.0158546	0.0382766	0.00631932	0.0218217	0.0506153	0.0126824	0.0952459	0.024029	0.0169977	0.030472	0.0144558	0.0649135	0.444994	0.0524201	0.0372665	0.0151815	0.00777083	0.0103797
15	0.0328306	0.0106441	0.200119	0.287237	0.00193672	0.0690763	0.0307272	0.006878	0.0908112	0.00538557	0.00543523	0.0678724	0.000986251	0.0552335	0.0411669	0.031374	0.0179689	0.0293601	0.00112136	0.0138362
16	0.0299238	0.0235694	0.169123	0.136685	0.00398437	0.0829647	0.0483207	0.0192372	0.0999822	0.0125578	0.00524275	0.101082	0.00470745	0.0416918	0.0609431	0.0701234	0.0270052	0.0351797	0.004324	0.0233519
17	0.00339096	0.00341035	0.000233993	0.000351803	0.0365393	0.000939553	0.00294392	0.106535	0.000868908	0.751303	0.0261655	0.00108538	0.00359944	0.00218915	0.00290828	0.00483183	0.00240343	0.0468109	0.00326379	0.000225752
18	0.159322	0.0305269	0.0131435	0.0063331	0.00653701	0.0477155	0.00779347	0.0365777	0.0403673	0.0172882	0.00542085	0.0759571	0.00817214	0.0091449	0.0382188	0.138097	0.261303	0.091259	0.00170228	0.00512027
19	0.0160874	0.00810836	0.00234317	0.000967332	0.0275566	0.00260287	0.00320878	0.42875	0.00725769	0.0749378	0.0267462	0.00750409	0.000419545	0.00573749	0.00563777	0.00882286	0.045986	0.321531	0.00143943	0.00435591
20	0.00340117	0.00342496	0.000234355	0.000362314	0.0370358	0.000940353	0.00295062	0.106366	0.000869674	0.750675	0.0263239	0.00108782	0.00357833	0.00218052	0.00291288	0.00492343	0.00241485	0.0467642	0.00329013	0.000263199
21	0.051046	0.0128077	0.0333412	0.0142057	0.0229438	0.0159595	0.0352418	0.0111456	0.0109716	0.0204413	0.00409653	0.0209873	0.430304	0.020864	0.0329375	0.150019	0.0691598	0.0164048	0.00170436	0.0254194
22	0.0133058	0.00786837	0.00197338	0.0024814	0.0452297	0.00221219	0.00330116	0.408502	0.00635836	0.102206	0.0272432	0.00731034	0.000488483	0.00496033	0.00632695	0.0089364	0.0433704	0.297309	0.0031329	0.00748393
23	0.0132059	0.00806428	0.00196399	0.00243294	0.0472939	0.00222225	0.00349546	0.405774	0.00635807	0.103821	0.0277643	0.00757057	0.000468993	0.00487621	0.00652333	0.0092772	0.04389	0.293754	0.00331376	0.00793009
24	0.080215	0.0222899	0.0550709	0.0457721	0.0163863	0.376312	0.0286998	0.0177681	0.0325101	0.0144326	0.00967937	0.0530994	0.00711033	0.0163846	0.0520062	0.0875795	0.03135	0.0336827	0.00901075	0.0106403
25	0.0547266	0.0145025	0.0424879	0.0164139	0.0128851	0.0146918	0.0159119	0.109708	0.0282945	0.115825	0.119475	0.0854752	0.0751207	0.0837317	0.0219328	0.0795275	0.026001	0.0316539	0.00667117	0.044963
26	0.323022	0.0123479	0.0138619	0.0292434	0.00779378	0.314385	0.00877666	0.0124307	0.00552704	0.0153861	0.00589718	0.020282	0.00658044	0.00565638	0.012353	0.0938687	0.0319699	0.0759551	0.00153174	0.00313052
27	0.051427	0.0208907	0.0101378	0.0218506	0.0182853	0.0169187	0.00924864	0.048417	0.0310927	0.0381312	0.0133828	0.023935	0.00580976	0.0122854	0.0321371	0.116513	0.472081	0.044879	0.00281907	0.00975894
28	0.103203	0.0296475	0.00809009	0.012453	0.00890163	0.0226902	0.0081963	0.0226619	0.0217213	0.0208835	0.00783538	0.0298279	0.00498851	0.00820468	0.0215135	0.107357	0.512401	0.0403352	0.00274512	0.00634276
29	0.008236	0.0107169	0.000667346	0.00335894	0.202136	0.0011791	0.00406176	0.0755957	0.00121295	0.535011	0.04601	0.00317592	0.0018311	0.00264959	0.00249369	0.0214886	0.00879585	0.0463834	0.0138233	0.0111727
30	0.255637	0.00219352	0.00729826	0.0150174	0.0150667	0.0108757	0.00260872	0.190401	0.00810799	0.0666608	0.0601695	0.0058832	0.0113892	0.00328674	0.00887187	0.0423136	0.0582637	0.229398	0.0047559	0.00180097
31	0.0212875	0.00709328	0.0246316	0.094272	0.00217917	0.0247356	0.0254112	0.0165397	0.240682	0.0116138	0.0139392	0.0561493	0.00570836	0.126827	0.203771	0.0480556	0.0477469	0.015306	0.00532878	0.00872069
32	0.0355692	0.0295705	0.0249052	0.0104025	0.198639	0.00677228	0.168034	0.00950504	0.0139071	0.0483761	0.0175079	0.0221335	0.00400613	0.0323326	0.028683	0.0276806	0.0105496	0.0283565	0.00604699	0.277023
33	0.0163805	0.00790955	0.00211281	0.00172591	0.0347461	0.00248837	0.00324277	0.416914	0.00689804	0.0891344	0.027414	0.00739292	0.000636258	0.00534123	0.00593157	0.00911098	0.0442964	0.31039	0.00211724	0.00581674
34	0.0129724	0.105822	0.0090642	0.00364591	0.250701	0.00554016	0.0660448	0.00817589	0.00479342	0.0873585	0.00258185	0.0287207	0.00899761	0.0091791	0.0118261	0.0452615	0.0100677	0.0163233	0.0162258	0.296698
35	0.030645	0.00824145	0.00658483	0.0184172	0.00322405	0.0176621	0.0194141	0.0105571	0.141584	0.0618908	0.079915	0.028788	0.0286732	0.0702967	0.322009	0.0462025	0.065872	0.0289644	0.00680831	0.0042505
36	0.0927499	0.00438908	0.00503322	0.00732688	0.0290039	0.00504987	0.00229286	0.335212	0.00597548	0.130041	0.0605224	0.00784841	0.0141601	0.00453406	0.00473895	0.0162958	0.0409036	0.228945	0.00242457	0.00255301
37	0.0062037	0.034575	0.00394997	0.00460369	0.0134053	0.0127205	0.0159674	0.00599039	0.0161826	0.0612718	0.00383206	0.0059945	0.00221908	0.0160371	0.0279626	0.00977948	0.0168394	0.00650396	0.732384	0.00357716
38	0.0167756	0.00796038	0.00217518	0.000827006	0.0273112	0.00264283	0.00312066	0.431136	0.00746964	0.075665	0.0270851	0.00755431	0.000368466	0.00592131	0.00555555	0.00889326	0.0467182	0.317107	0.00143653	0.00427691
39	0.0190974	0.161916	0.0131046	0.00976929	0.112908	0.0204767	0.166617	0.0104071	0.0142393	0.0548632	0.00419776	0.0468317	0.0151004	0.0301035	0.0475432	0.0907584	0.0126808	0.0133054	0.0220135	0.134066
40	0.0177044	0.00811903	0.00228543	0.001073	0.0274616	0.00255505	0.00320615	0.427552	0.00725161	0.0757061	0.0274948	0.00753306	0.000612402	0.00568052	0.00563183	0.00898003	0.045808	0.319579	0.00148776	0.00427842
41	0.049051	0.0433525	0.0123658	0.0109974	0.0313777	0.0443275	0.0210138	0.0196962	0.0101979	0.0163387	0.00474736	0.0289266	0.061377	0.00830849	0.025079	0.47933	0.0894562	0.0199161	0.00236575	0.0217753
42	0.0260974	0.00790809	0.0234498	0.0689944	0.00135503	0.038169	0.0113568	0.0214566	0.248068	0.00455053	0.0179039	0.0611913	0.00423238	0.0478981	0.260866	0.0666372	0.0606778	0.0166608	0.0088581	0.00366889
43	0.00339096	0.00341035	0.000233993	0.000351803	0.0365393	0.000939553	0.00294392	0.106535	0.000868908	0.751303	0.0261655	0.00108538	0.00359944	0.00218915	0.00290828	0.00483183	0.00240343	0.0468109	0.00326379	0.000225752
44	0.0512789	0.0157264	0.0145018	0.0212506	0.017994	0.0083716	0.0115801	0.149269	0.0478868	0.133846	0.072117	0.0219598	0.00417026	0.00703811	0.02304	0.116908	0.221628	0.0487073	0.00212405	0.0106024
45	0.00912082	0.00344251	0.0159052	0.117608	0.00277258	0.0186013	0.0305089	0.0229098	0.225662	0.0365263	0.0201062	0.0194351	0.0103485	0.162961	0.210374	0.0278392	0.0379913	0.0100985	0.00078717	0.0170016
46	0.0332786	0.00643141	0.197171	0.350877	0.00180317	0.0679477	0.0238952	0.00482899	0.0811096	0.00374528	0.00379594	0.0548051	0.000813445	0.0620936	0.028386	0.0246552	0.0157314	0.0263999	0.000492388	0.0117391
47	0.0208461	0.00957019	0.0423966	0.133136	0.00310271	0.018076	0.0295635	0.0131551	0.235138	0.0160096	0.00830599	0.044071	0.00788351	0.140753	0.155372	0.0358931	0.0524662	0.0183446	0.00176668	0.0141491
48	0.0802893	0.0658895	0.00829452	0.026176	0.0220096	0.12111	0.0799782	0.00984373	0.0361111	0.00755116	0.00364316	0.0692544	0.006549	0.0105387	0.0844239	0.264482	0.0681498	0.0195939	0.0029328	0.0131792
49	0.0182865	0.00822882	0.0298635	0.112721	0.0027092	0.0206399	0.0251333	0.0170345	0.248677	0.0179339	0.0131064	0.0480268	0.00670961	0.123182	0.183508	0.0408866	0.050104	0.0162271	0.00294438	0.0140775
50	0.0243036	0.00737158	0.0208863	0.0652303	0.00141339	0.0363408	0.0117237	0.0220291	0.240572	0.00777361	0.0208916	0.0555803	0.00521118	0.0512758	0.277027	0.0636293	0.0601398	0.0156736	0.00893931	0.00398774
51	0.0111227	0.0112169	0.00155616	0.00768788	0.240311	0.00190374	0.00401016	0.100858	0.00236102	0.369781	0.0415356	0.00428524	0.00130977	0.00297833	0.003342	0.0271086	0.0221284	0.10978	0.0172288	0.0194949
52	0.00869859	0.00976832	0.000798729	0.00369075	0.19538	0.00112885	0.00437008	0.0708677	0.00127994	0.54343	0.0452031	0.00320485	0.00170217	0.00278601	0.0023582	0.0218145	0.0100446	0.0474839	0.0143478	0.0116416
53	0.00385917	0.00370258	0.000298666	0.000472125	0.0375909	0.00101214	0.00304834	0.114836	0.000984351	0.729495	0.0268013	0.00137959	0.00356044	0.00226096	0.00312981	0.00531943	0.00421487	0.0539431	0.00342425	0.000667051
54	0.0163855	0.00807383	0.00218255	0.000854214	0.0273297	0.00255086	0.00323504	0.430541	0.00738683	0.075453	0.0270921	0.0074942	0.000388078	0.00576639	0.00558233	0.0088303	0.0460139	0.319088	0.00145817	0.00429416
55	0.0119962	0.0112621	0.000999337	0.00526442	0.261362	0.00141232	0.00558704	0.0633287	0.00150515	0.438692	0.05924	0.00438624	0.00103518	0.00327194	0.00252813	0.0295626	0.0133197	0.0503874	0.0189973	0.0158628
56	0.0380131	0.00912392	0.340487	0.179684	0.00813542	0.0725505	0.0292067	0.0110422	0.0505784	0.007521	0.00502791	0.0802875	0.00375645	0.0343638	0.0314888	0.0387545	0.0198565	0.0226776	0.00177962	0.0156653
57	0.0334961	0.0123928	0.365948	0.0979224	0.00884237	0.0790627	0.0355386	0.0140305	0.0304506	0.00832817	0.00569669	0.128314	0.00549527	0.0215797	0.0291349	0.0568303	0.0238024	0.017285	0.00301329	0.0228357
58	0.0118052	0.0128897	0.00258636	0.00336332	0.0358695	0.00294874	0.0030869	0.19231	0.00335625	0.152799	0.428272	0.00418715	0.00238588	0.00309751	0.0046794	0.0138918	0.0117911	0.107182	0.00118966	0.00230885
59	0.00645912	0.0350289	0.00413832	0.0047306	0.0125465	0.0129254	0.0164566	0.00540669	0.0164273	0.0578452	0.00353939	0.00620586	0.00258296	0.016009	0.0281779	0.00984323	0.0175157	0.00596229	0.734404	0.00379522
60	0.0302331	0.0163827	0.0815039	0.172997	0.00478847	0.025586	0.0359656	0.0171404	0.179991	0.0162531	0.00360198	0.0568109	0.0128157	0.104917	0.0917246	0.048958	0.0480717	0.0328753	0.00124421	0.0181389
61	0.0311887	0.0240953	0.148504	0.188234	0.00402975	0.059587	0.0425439	0.0127256	0.124604	0.0124627	0.00652301	0.0735682	0.00429741	0.057522	0.0732434	0.0549048	0.0234143	0.0383643	0.00265797	0.0175293
62	0.00657669	0.0350258	0.00406158	0.00491475	0.0120203	0.0130254	0.0171551	0.00558786	0.0175091	0.0580451	0.00366827	0.0060173	0.00236692	0.0165077	0.0287438	0.00996339	0.0173607	0.00609019	0.731777	0.00358301
63	0.0322164	0.0149859	0.176412	0.256594	0.00257809	0.065146	0.037048	0.00993371	0.105615	0.00738137	0.00596443	0.0737865	0.00196031	0.0516627	0.0527925	0.0378437	0.0204732	0.031235	0.00178607	0.0145853
64	0.0199856	0.0104166	0.0362575	0.114555	0.00323217	0.0203688	0.0269038	0.0150434	0.250199	0.0164537	0.0111173	0.0498286	0.00676554	0.125557	0.163932	0.0436468	0.0508921	0.0179074	0.00268455	0.0142534
65	0.00484424	0.00473524	0.000398379	0.00156041	0.0810035	0.000938241	0.00299139	0.0920309	0.00097904	0.696192	0.0317791	0.00170913	0.00291352	0.00253819	0.00270993	0.0115712	0.00458947	0.0457151	0.00687155	0.00392988
66	0.0417744	0.0316982	0.00955251	0.0142767	0.0280878	0.00846073	0.0109076	0.176299	0.0653323	0.363738	0.0405005	0.0238125	0.00644539	0.010147	0.0169222	0.0406762	0.0361917	0.0624601	0.0044074	0.00830984
67	0.485132	0.0133101	0.016426	0.0396336	0.00242839	0.105404	0.00359083	0.00464133	0.00333195	0.0175476	0.00296583	0.0246014	0.011504	0.00667634	0.00634559	0.114558	0.041149	0.0970512	0.00112401	0.0025782
68	0.141529	0.0116423	0.0324307	0.016253	0.0164698	0.0529195	0.0267535	0.0218207	0.00997265	0.0299876	0.0106487	0.0272626	0.257404	0.0170711	0.0239865	0.151211	0.0876307	0.0435345	0.00296114	0.0185112
69	0.0104291	0.0141957	0.000938355	0.00520469	0.281816	0.00134001	0.00489144	0.0597275	0.00145862	0.429108	0.0517225	0.00423992	0.00103042	0.0026943	0.00213667	0.0305181	0.0130694	0.049639	0.0188521	0.0169875
70	0.0262374	0.0058931	0.0220822	0.0578497	0.00113201	0.0444935	0.0104948	0.017768	0.235166	0.00904596	0.0230651	0.0507318	0.00838515	0.0442457	0.291386	0.0647118	0.0605255	0.0168457	0.00744645	0.00249384
71	0.00339096	0.00341035	0.000233993	0.000351803	0.0365393	0.000939553	0.00294392	0.106535	0.000868908	0.751303	0.0261655	0.00108538	0.00359944	0.00218915	0.00290828	0.00483183	0.00240343	0.0468109	0.00326379	0.000225752
72	0.18903	0.00198394	0.00816233	0.0148742	0.023865	0.00994173	0.00212273	0.216529	0.0070541	0.113321	0.0710003	0.00689141	0.0199609	0.00312894	0.00665931	0.0310382	0.0484679	0.221223	0.00339784	0.00134831
73	0.0635009	0.0205385	0.0156471	0.0217771	0.0129458	0.0211771	0.0131151	0.0434012	0.031302	0.0343712	0.0152609	0.0279621	0.00797692	0.0144248	0.031326	0.112259	0.455808	0.0457839	0.00311584	0.00830601
74	0.0405915	0.022046	0.00976507	0.0204309	0.0197897	0.018096	0.0105306	0.042901	0.0257118	0.0300893	0.0182534	0.019726	0.0157396	0.00868708	0.0248037	0.245415	0.387298	0.0272677	0.00221659	0.0106408
75	0.0507642	0.0177436	0.0174246	0.0421563	0.00667757	0.0265955	0.0481742	0.0194493	0.083781	0.0236163	0.0157619	0.0279963	0.0118216	0.0578207	0.410757	0.0584706	0.0381533	0.0261369	0.00562107	0.011078
76	0.0310879	0.0127392	0.0265141	0.0226607	0.0339041	0.00914421	0.0132493	0.154913	0.101492	0.0945006	0.0907577	0.0828115	0.00385345	0.0210937	0.0522983	0.117333	0.0660554	0.0511867	0.00308935	0.0113154
77	0.0420089	0.00848594	0.0431803	0.150357	0.0120466	0.0376215	0.0175151	0.0678412	0.157919	0.0243148	0.0117928	0.0380254	0.00247538	0.0348086	0.0922533	0.0825453	0.0793479	0.0828014	0.00147636	0.0131835
78	0.0194263	0.00789885	0.00215236	0.000857989	0.0268287	0.00288093	0.00315581	0.424162	0.00784483	0.0741958	0.0270076	0.00750721	0.000383067	0.00621533	0.00568761	0.00945763	0.0476454	0.320808	0.00159485	0.0042895
79	0.481105	0.012447	0.0141375	0.0428838	0.00262308	0.100189	0.00341063	0.0091437	0.00513078	0.0174129	0.00459435	0.0216106	0.0106767	0.00718207	0.00734004	0.109689	0.0440155	0.102449	0.00117549	0.00278404
80	0.022755	0.00967514	0.0665725	0.169158	0.00308744	0.0216798	0.0339116	0.0099897	0.214539	0.0149957	0.00510451	0.0449409	0.00919512	0.143715	0.118876	0.032329	0.0460318	0.0179959	0.000487587	0.0149603
81	0.0480865	0.0151904	0.0245806	0.0373064	0.0225433	0.0122856	0.013945	0.138557	0.0636347	0.107588	0.110369	0.02827	0.00270153	0.00651255	0.0348474	0.119472	0.119286	0.0804029	0.00194729	0.0124734
82	0.0283066	0.0156297	0.00854693	0.0120439	0.0325587	0.00542682	0.00732166	0.320613	0.0210289	0.0980243	0.0917225	0.014969	0.00211439	0.00467605	0.0158521	0.0436562	0.0745603	0.193629	0.002231	0.00708933
83	0.0249107	0.015472	0.0675119	0.155321	0.00410216	0.0194049	0.0381414	0.011793	0.204732	0.0169119	0.00413956	0.0535349	0.0125957	0.13053	0.109595	0.04161	0.0459282	0.0232936	0.00104712	0.019425
84	0.00361128	0.00360611	0.000297031	0.000453702	0.038596	0.000981365	0.00291482	0.1084	0.000945879	0.733835	0.0364608	0.00117211	0.00344824	0.00213036	0.00294214	0.00521956	0.0027791	0.048506	0.00334316	0.000357976
85	0.0272609	0.0202958	0.175792	0.190992	0.00335907	0.063264	0.0561224	0.0135583	0.0977843	0.0121674	0.00568526	0.0840472	0.00238821	0.0512684	0.0593411	0.0531638	0.0267358	0.0344394	0.00288648	0.0194489
86	0.0766865	0.0372778	0.0106218	0.0220746	0.0136756	0.215325	0.111588	0.025804	0.0250957	0.0117182	0.00767731	0.0523156	0.00474722	0.0112265	0.0905601	0.191086	0.0303146	0.048487	0.00393057	0.00978766
87	0.0047435	0.00386491	0.000439339	0.000480344	0.0355087	0.00142764	0.00310333	0.136745	0.00142412	0.693076	0.0260483	0.00172694	0.00320261	0.00288028	0.00315251	0.00551148	0.00628448	0.0663232	0.00336682	0.000690709
88	0.0335167	0.00974578	0.199266	0.29935	0.0017301	0.0711613	0.0293294	0.00626979	0.0890128	0.00493018	0.00491358	0.0661418	0.000868662	0.0567106	0.0380876	0.0299679	0.0169286	0.0278797	0.000973647	0.0132158
89	0.00930838	0.0177515	0.000958272	0.00516881	0.298298	0.00132906	0.00405246	0.0583404	0.0014313	0.421002	0.0460306	0.00411167	0.00104239	0.00211504	0.0019211	0.0303048	0.0125026	0.0486919	0.0183865	0.0172533
90	0.00916294	0.0368871	0.00242317	0.0046309	0.29545	0.00235345	0.00989687	0.0561052	0.00228355	0.380831	0.0380631	0.00711058	0.00309732	0.00360925	0.00425507	0.0336479	0.012082	0.0443443	0.0162811	0.0374853
91	0.0161173	0.00708177	0.0315689	0.127725	0.0134864	0.0144634	0.021748	0.0558906	0.217459	0.0520094	0.0181567	0.0238232	0.0126802	0.172602	0.11247	0.0296409	0.0431481	0.016371	0.00186749	0.0116901
92	0.314816	0.00356388	0.021522	0.126586	0.0117554	0.00425762	0.0129149	0.0134068	0.0506946	0.0197422	0.00362414	0.0144665	0.0169287	0.0458613	0.0499791	0.113149	0.116149	0.0472752	0.00132401	0.0119829
93	0.0125266	0.198176	0.00754428	0.00363181	0.219257	0.00651162	0.0703202	0.0103923	0.00451153	0.0788908	0.00226858	0.0280646	0.007484	0.00820426	0.0127314	0.0500055	0.00908178	0.0165992	0.0200345	0.233764
94	0.247886	0.0022147	0.00719435	0.0142967	0.0144767	0.0108944	0.00267004	0.192182	0.00879365	0.064398	0.0591384	0.00559656	0.011174	0.00365955	0.00891838	0.0407315	0.0585765	0.240191	0.00518414	0.00182367
95	0.0156275	0.151669	0.00736201	0.00289459	0.300619	0.00872365	0.0312729	0.0109534	0.00320035	0.165266	0.00336484	0.029064	0.0146226	0.00749421	0.0142474	0.0617433	0.0152169	0.0129353	0.017786	0.125938
96	0.0200604	0.00885989	0.00230008	0.00131668	0.0316713	0.00249058	0.00358106	0.422425	0.00677248	0.0988769	0.0314007	0.00841489	0.00151074	0.00532004	0.00578602	0.00973197	0.0465407	0.286452	0.0019515	0.00453781
97	0.24549	0.00196449	0.00760491	0.0155425	0.0163415	0.0105823	0.00230947	0.192033	0.0079959	0.0719968	0.0622298	0.0058012	0.0125549	0.00306179	0.00857431	0.0407051	0.0567573	0.232505	0.0043626	0.00158776
98	0.0310087	0.0262945	0.110881	0.137523	0.00465934	0.0472429	0.0408244	0.014092	0.153033	0.017267	0.00753272	0.072371	0.00606185	0.0690882	0.0971942	0.0670441	0.0318725	0.0431474	0.00354626	0.0193168
99	0.0292488	0.0102344	0.0256084	0.0796278	0.00240964	0.0204968	0.0266759	0.0164315	0.290229	0.00636425	0.0129148	0.115018	0.00311506	0.0566498	0.160863	0.0539286	0.0510991	0.0216892	0.00498256	0.0124132
100	0.00408282	0.00559995	0.000445796	0.00108341	0.0564164	0.00114042	0.00346975	0.0986644	0.0010563	0.722515	0.0280779	0.00172987	0.00342406	0.00375716	0.00302703	0.00777465	0.00344263	0.046047	0.0052407	0.00300462
101	0.0238825	0.00934795	0.0238889	0.0603876	0.00431728	0.0113346	0.0632074	0.0154608	0.284232	0.00923169	0.0127934	0.200711	0.00395281	0.038471	0.102518	0.0462683	0.0406459	0.0156656	0.00356211	0.0301205
102	0.0479767	0.0986245	0.0267343	0.024718	0.0513227	0.18599	0.0529621	0.0190113	0.0334324	0.0286995	0.00857489	0.085938	0.00670299	0.0159314	0.100434	0.128632	0.0304865	0.0209047	0.00655485	0.02637
103	0.0169521	0.0491689	0.00923695	0.0145042	0.110434	0.01341	0.0204763	0.0132846	0.0167287	0.0470718	0.00903393	0.218448	0.00697387	0.0116315	0.0178109	0.332716	0.0210195	0.0132304	0.00451316	0.0533552
104	0.0420187	0.014185	0.02784	0.017124	0.0228391	0.0102656	0.0379178	0.00919258	0.0163446	0.0236745	0.00487169	0.0197677	0.45941	0.0263487	0.0443407	0.125506	0.0568499	0.0138719	0.00216105	0.0254704
105	0.00816031	0.0111695	0.0039129	0.00736253	0.0649129	0.00541722	0.00822274	0.072211	0.00603776	0.588993	0.0310515	0.00604616	0.00428756	0.0297458	0.0143019	0.0150636	0.00927421	0.042201	0.0659123	0.00571582
106	0.471446	0.0141402	0.0136767	0.0366948	0.00255625	0.121784	0.00513857	0.00686339	0.0040959	0.0169171	0.00424385	0.0224589	0.0103221	0.00619523	0.00863506	0.113879	0.0397509	0.097028	0.00119825	0.00297537
107	0.244593	0.00269159	0.00789291	0.0148173	0.0151988	0.0112108	0.00291339	0.187965	0.00899556	0.063554	0.0591847	0.00636559	0.0110679	0.00374709	0.0104519	0.0414598	0.0604283	0.24067	0.00477155	0.00202117
108	0.0218875	0.00965538	0.0438312	0.135535	0.00336808	0.0178579	0.0323514	0.0116289	0.23075	0.0153559	0.0067822	0.0438893	0.00852525	0.155057	0.145228	0.0357445	0.0479966	0.0190986	0.00130051	0.0141576
109	0.0312875	0.0361353	0.00298322	0.0104691	0.0296486	0.0180925	0.0113841	0.0182962	0.00758633	0.0216059	0.00344548	0.016473	0.0226551	0.00540482	0.0199783	0.445085	0.272096	0.0105957	0.00134038	0.0154369
110	0.134222	0.00454911	0.00809188	0.0138453	0.0195967	0.0102573	0.00426618	0.244646	0.0130334	0.0726111	0.0520793	0.00751239	0.00860534	0.00863203	0.0107073	0.0367761	0.0593506	0.284589	0.00316726	0.00346205
111	0.276342	0.0157141	0.0166991	0.0291712	0.00870195	0.345378	0.016023	0.00725099	0.00786805	0.0121792	0.00572723	0.0252075	0.00485023	0.00538934	0.0238269	0.105584	0.0290572	0.059502	0.00162189	0.00390592
112	0.0630652	0.00489902	0.0162181	0.0596238	0.00282607	0.0292514	0.0131293	0.0145038	0.18917	0.0231813	0.0337889	0.0353759	0.0269889	0.0537462	0.257337	0.0727037	0.0711789	0.024113	0.00508245	0.00381711
113	0.00807398	0.00419537	0.00051356	0.00134266	0.0581876	0.0011734	0.0031047	0.107566	0.00114958	0.696069	0.0312134	0.00163966	0.00349346	0.00229373	0.00293321	0.00898766	0.00498237	0.0558896	0.00492989	0.00226196
114	0.00713332	0.0077274	0.00120885	0.00195041	0.0708959	0.00223511	0.00550937	0.0915796	0.00242919	0.678193	0.0292163	0.00355957	0.00399574	0.00467294	0.00475351	0.019139	0.00698368	0.045722	0.0062527	0.00684285
115	0.0207761	0.00817025	0.0173691	0.0535551	0.00135809	0.034147	0.00866592	0.0188697	0.235006	0.00424374	0.0181103	0.0582088	0.00377676	0.0346234	0.318377	0.0724856	0.0691436	0.0130587	0.00707263	0.00298253
116	0.033237	0.00984809	0.200608	0.293932	0.00183608	0.0699585	0.0300011	0.00650133	0.089679	0.00522652	0.00500475	0.0666265	0.000943707	0.0565798	0.0393133	0.0299495	0.0173971	0.0285115	0.00106382	0.0137829
117	0.00960007	0.0406532	0.0218938	0.00634063	0.0327084	0.0143349	0.361263	0.00868649	0.0126632	0.0269088	0.00171833	0.0855656	0.0222511	0.072449	0.0825643	0.0473489	0.00202439	0.00316512	0.00421372	0.143647
118	0.00619531	0.0349846	0.00395655	0.00463525	0.0120312	0.0129003	0.0161869	0.00537495	0.0165191	0.0578972	0.0034967	0.0059352	0.00225084	0.0159783	0.0281581	0.00980979	0.0169217	0.00591361	0.737291	0.00356377
119	0.0097357	0.0302941	0.0112066	0.0603004	0.00852434	0.0119724	0.0118648	0.0524053	0.117952	0.00718178	0.0695798	0.1082	0.0026305	0.01099	0.207291	0.0718181	0.14134	0.0356427	0.0182297	0.0128407
120	0.0402933	0.0172612	0.0208569	0.066414	0.00251095	0.0682284	0.0247845	0.0220534	0.189343	0.00759408	0.0152578	0.053082	0.00385019	0.0450315	0.243784	0.0946692	0.0594657	0.0143992	0.00894896	0.00217182
121	0.0164884	0.00796849	0.00218713	0.000826132	0.0275657	0.00262721	0.00315094	0.430815	0.00741636	0.07563	0.0270093	0.00755902	0.000355114	0.00588911	0.00558831	0.00889626	0.0467823	0.317495	0.00144556	0.00430503
122	0.0111351	0.0100864	0.000924015	0.00537491	0.235128	0.00115405	0.00475707	0.0627475	0.00136485	0.475834	0.0516985	0.00387557	0.000976965	0.0039648	0.00228624	0.028225	0.013369	0.0522338	0.0189286	0.0159359
123	0.0287295	0.0142296	0.189228	0.246052	0.00227082	0.0608126	0.0436481	0.0102178	0.099849	0.0086155	0.00506086	0.074437	0.00246386	0.058767	0.048106	0.0373916	0.0228696	0.0283543	0.00153871	0.0173579
124	0.0222839	0.0118771	0.065051	0.0445112	0.00520823	0.0244829	0.0279366	0.0156451	0.113948	0.0101578	0.00807394	0.155189	0.0054863	0.0687343	0.138366	0.176259	0.0716296	0.0174836	0.00428122	0.0133947
125	0.0296636	0.0215934	0.124114	0.138354	0.00380712	0.0623659	0.0351501	0.0143562	0.14233	0.0110598	0.00788515	0.0932459	0.00423823	0.0499177	0.101752	0.0718511	0.0314141	0.0322066	0.00442804	0.0202672
126	0.0431053	0.00653549	0.0714307	0.226671	0.0086556	0.0412095	0.016442	0.0539238	0.138892	0.0115117	0.00361681	0.0412592	0.00189377	0.0431599	0.0840728	0.0573157	0.0649265	0.0727769	0.00102423	0.0115762
127	0.00675817	0.0343138	0.00448737	0.00558122	0.0114963	0.0128063	0.0164847	0.00598771	0.0184898	0.0577111	0.00413623	0.00656542	0.00237318	0.0185186	0.0320378	0.0104262	0.0175264	0.00688758	0.723857	0.00355563
128	0.0229257	0.0106212	0.0500723	0.146429	0.00361833	0.0167103	0.0345008	0.0114156	0.225827	0.0167747	0.00522085	0.0437094	0.0098897	0.150773	0.130774	0.0356218	0.0493815	0.0194056	0.000701814	0.0156271
129	0.0146203	0.0471213	0.0095805	0.0557527	0.0540458	0.0119653	0.152347	0.0083813	0.0774368	0.057118	0.0250383	0.0429207	0.00557854	0.0392999	0.0497786	0.223792	0.0144353	0.0140186	0.00425052	0.0925189
130	0.020383	0.00901947	0.00252704	0.00186756	0.0300356	0.00289043	0.00366419	0.420249	0.00795602	0.0908867	0.0364647	0.00846404	0.00155746	0.00587203	0.00636357	0.0113784	0.046369	0.287646	0.00187477	0.00453161
131	0.0148811	0.0119658	0.00259582	0.00315899	0.0394	0.00261224	0.0030424	0.224383	0.00335227	0.157797	0.371894	0.00477156	0.00276332	0.00281179	0.00491062	0.013084	0.0165405	0.116287	0.00128143	0.00246703
132	0.0452499	0.0130228	0.0299553	0.0160376	0.0230249	0.0104455	0.0366918	0.00791733	0.0125135	0.0210244	0.00269214	0.0185352	0.462968	0.0236001	0.0357426	0.136632	0.0637488	0.0131283	0.00145436	0.0256159
133	0.279298	0.00493597	0.0100181	0.0176947	0.0123263	0.0246904	0.00451792	0.15147	0.0104453	0.0490076	0.0472798	0.0110092	0.0113555	0.00460639	0.0112042	0.0661294	0.0670657	0.209873	0.00418415	0.00288851
134	0.00367285	0.00356149	0.000281751	0.000656988	0.0458955	0.000948775	0.00294635	0.0999275	0.00089153	0.744632	0.0270471	0.0012793	0.00346802	0.0023915	0.00280248	0.00633492	0.00291296	0.0449057	0.00435828	0.00108534
135	0.010605	0.00328722	0.0155315	0.108444	0.00274244	0.0222329	0.0271707	0.0220802	0.225343	0.0359969	0.0226511	0.0211023	0.0104634	0.152118	0.222987	0.0310747	0.0384739	0.0110805	0.00156255	0.015052
136	0.00339096	0.00341035	0.000233993	0.000351803	0.0365393	0.000939553	0.00294392	0.106535	0.000868908	0.751303	0.0261655	0.00108538	0.00359944	0.00218915	0.00290828	0.00483183	0.00240343	0.0468109	0.00326379	0.000225752
137	0.0368221	0.0546347	0.00268084	0.00982114	0.0364742	0.0273714	0.0173171	0.0180154	0.00897201	0.0154126	0.00281666	0.0241972	0.0310083	0.00647436	0.0222904	0.546727	0.105382	0.0121459	0.0011746	0.0202618
138	0.0114502	0.0593791	0.00913919	0.0060488	0.215412	0.00359896	0.112476	0.00739493	0.00928046	0.0557085	0.00537939	0.0265223	0.00481665	0.0150978	0.0124702	0.0295428	0.00663042	0.0167231	0.0128436	0.380085
139	0.0129534	0.0165326	0.249973	0.118835	0.00236427	0.0555479	0.0889945	0.0228546	0.0544561	0.0172411	0.00724192	0.127426	0.00211002	0.0442005	0.0358046	0.0510182	0.0310486	0.0191291	0.00194409	0.0403248
140	0.0139883	0.0345616	0.00998612	0.0130688	0.149815	0.00545377	0.204142	0.00485604	0.0198386	0.0282676	0.0064952	0.0334042	0.00498839	0.0385058	0.027021	0.0213348	0.004529	0.0139752	0.00589047	0.359878
141	0.00348744	0.00350047	0.000261419	0.000486762	0.0396215	0.000903443	0.00289581	0.0995012	0.000871106	0.754426	0.0265898	0.0011381	0.00351129	0.00264686	0.00290208	0.00570517	0.00255708	0.0442809	0.00416471	0.000548663
142	0.0432594	0.0164087	0.0289759	0.0151523	0.0240895	0.0122808	0.041171	0.00889287	0.0120105	0.0208364	0.00350694	0.0195442	0.439077	0.0221668	0.0344273	0.154935	0.0609116	0.0141988	0.0017504	0.0264045
143	0.028824	0.105405	0.0263254	0.00583907	0.271885	0.00800588	0.0447336	0.0188073	0.00595021	0.111124	0.00992195	0.0227597	0.0114062	0.0110238	0.0242045	0.0748383	0.0263749	0.0284754	0.0139669	0.150128
144	0.0084477	0.0431643	0.0242519	0.00365688	0.0149336	0.0160822	0.382493	0.00943482	0.0115166	0.027433	0.000856595	0.0899152	0.0260432	0.07617	0.0899415	0.0522808	0.0016667	0.00142365	0.00375596	0.116532
145	0.00930011	0.0105892	0.00416869	0.028273	0.0217715	0.00938898	0.0253245	0.0599619	0.011463	0.480756	0.0425824	0.0115901	0.00942395	0.141084	0.0116263	0.023311	0.00764748	0.077025	0.00600932	0.00870375
146	0.0119281	0.00275337	0.00691347	0.135954	0.00253176	0.005271	0.065802	0.00491186	0.164645	0.0108387	0.00684851	0.0196202	0.00321145	0.402842	0.100105	0.0194781	0.0179663	0.00864625	0.00593035	0.00380392
147	0.0105194	0.00379318	0.0112292	0.114764	0.00227502	0.0150915	0.0463863	0.0162105	0.191587	0.0290101	0.0170725	0.0185605	0.010973	0.21586	0.212301	0.028997	0.030331	0.010306	0.00249943	0.0122329
148	0.0197509	0.202756	0.0124367	0.00890343	0.167895	0.013556	0.0833464	0.0130985	0.0115708	0.102794	0.00652604	0.0351593	0.013009	0.0220894	0.0535857	0.0577802	0.0179474	0.0146212	0.0187219	0.124453
149	0.00775496	0.0197966	0.000985012	0.00412901	0.271114	0.00128205	0.00392919	0.0657368	0.00137746	0.458777	0.0381143	0.00384645	0.00181954	0.00213642	0.00217252	0.026107	0.0105856	0.0485496	0.0152836	0.0165029
150	0.0336792	0.0500681	0.00181464	0.00862617	0.0390926	0.0230518	0.0130797	0.0195595	0.00644082	0.0151743	0.00155915	0.018499	0.0351065	0.00643907	0.018469	0.57398	0.100605	0.0116891	0.000846453	0.0222199
151	0.0149539	0.147042	0.00789029	0.00300514	0.268691	0.00774814	0.0414505	0.00755332	0.0033997	0.130379	0.00177349	0.0294052	0.0146346	0.00791804	0.0140477	0.0562253	0.014518	0.0119502	0.0168865	0.200528
152	0.0135978	0.149933	0.00602811	0.00306073	0.302105	0.00705917	0.0267593	0.0173329	0.00246538	0.19579	0.00895277	0.0228924	0.0118114	0.00565454	0.0112111	0.0549589	0.0133725	0.0179933	0.0198381	0.109184
153	0.285715	0.0515876	0.00730603	0.0198831	0.010668	0.125961	0.030483	0.00813956	0.0122962	0.0117737	0.00365441	0.0317345	0.00829266	0.00560589	0.02827	0.261414	0.041122	0.0453033	0.00195177	0.00883778
154	0.00802363	0.00417835	0.000700661	0.000770241	0.0363629	0.00130957	0.00293732	0.152655	0.00177533	0.649739	0.0289515	0.00216944	0.00350094	0.00235321	0.0034375	0.00588013	0.00979873	0.0814877	0.00298325	0.000985188
155	0.012466	0.0642207	0.0102112	0.00542945	0.223897	0.00391252	0.105954	0.006556	0.00859003	0.0566649	0.00413893	0.0261512	0.00565948	0.0149235	0.0129277	0.0302626	0.00721224	0.0157924	0.0126861	0.372344
156	0.0222124	0.0128255	0.0110144	0.00955792	0.0358033	0.00771928	0.0167516	0.0624483	0.00949808	0.392661	0.0207037	0.0100125	0.208424	0.0194293	0.0183606	0.057399	0.0263839	0.0374745	0.00517318	0.0161471
157	0.0282688	0.0192724	0.152704	0.208866	0.00358312	0.0503343	0.0424499	0.0128047	0.12679	0.0117219	0.00495494	0.0723928	0.00553028	0.0708722	0.0650898	0.044571	0.0267247	0.0310199	0.00192817	0.0201208
158	0.0175343	0.0163071	0.314937	0.0767753	0.00312307	0.0772564	0.0580709	0.01638	0.0335533	0.01089	0.00573017	0.157744	0.00217198	0.0226368	0.0311074	0.0751686	0.0271949	0.0137956	0.00377688	0.0358458
159	0.0144755	0.0295862	0.00998828	0.0101815	0.160348	0.00499921	0.205379	0.00454355	0.0167569	0.0260019	0.00656543	0.0303409	0.00424721	0.0309834	0.021358	0.0173063	0.00390337	0.0151135	0.00670531	0.381216
160	0.00867238	0.00280322	0.0139218	0.115629	0.00283568	0.0197425	0.0292517	0.0240055	0.224659	0.038121	0.0211171	0.017722	0.0107161	0.16079	0.21765	0.0285839	0.0364373	0.00984248	0.00095415	0.0165447
161	0.012626	0.077816	0.0103	0.00483092	0.237707	0.00411837	0.0851449	0.00748719	0.00692099	0.0731075	0.00382391	0.0263566	0.00698543	0.0122377	0.0120377	0.0360529	0.00845469	0.015514	0.014266	0.344212
162	0.0182168	0.0229891	0.206098	0.124429	0.00327353	0.0592687	0.0825298	0.0198073	0.0777223	0.0200471	0.00636944	0.105478	0.00257657	0.045457	0.0536358	0.0620906	0.0307137	0.0271765	0.00291302	0.0292086
163	0.00574407	0.00376364	0.000522075	0.000616155	0.0366635	0.0011259	0.0029501	0.135434	0.00178148	0.689878	0.0298689	0.00192665	0.00358426	0.0024127	0.00319294	0.00615406	0.00645497	0.0640804	0.00316419	0.000681555
164	0.0161256	0.00884254	0.00227852	0.000868689	0.0293408	0.00288891	0.00354822	0.434669	0.00724694	0.0774219	0.0291447	0.00919062	0.000375673	0.00561323	0.00603208	0.0102761	0.0502195	0.299768	0.00165155	0.00449709
165	0.0084477	0.0431643	0.0242519	0.00365688	0.0149336	0.0160822	0.382493	0.00943482	0.0115166	0.027433	0.000856595	0.0899152	0.0260432	0.07617	0.0899415	0.0522808	0.0016667	0.00142365	0.00375596	0.116532
166	0.013612	0.0100204	0.00103949	0.00587063	0.253013	0.00136097	0.00593116	0.0666188	0.00158224	0.429601	0.0611294	0.00460343	0.001	0.00358929	0.00269124	0.0297891	0.0152727	0.056656	0.0198145	0.0168043
167	0.00670641	0.0369622	0.00442604	0.00492858	0.0137463	0.0126456	0.0167633	0.00550343	0.0167574	0.0571334	0.00407379	0.00634154	0.00239221	0.0166851	0.0296823	0.0109571	0.0177937	0.00650273	0.724379	0.0056196
168	0.0390543	0.0159494	0.0331409	0.0406834	0.0184407	0.0128546	0.0209724	0.148601	0.0692158	0.069212	0.116858	0.0396232	0.00183417	0.00763265	0.0321737	0.121903	0.109503	0.0861422	0.00245082	0.0137553
169	0.490983	0.0137918	0.0137382	0.0386936	0.00213679	0.107671	0.00336267	0.00436385	0.00325256	0.016491	0.00302895	0.0225162	0.010645	0.0062883	0.00592605	0.114495	0.0407718	0.0982005	0.00112845	0.00251519
170	0.0109609	0.0147542	0.00696725	0.0504857	0.0106057	0.0155186	0.0374338	0.0526454	0.0215773	0.287509	0.0463184	0.0187051	0.0134683	0.234815	0.0121146	0.0345824	0.0104481	0.101732	0.00458346	0.0147737
171	0.0217121	0.00760758	0.0132349	0.0445965	0.00189249	0.0284237	0.00805255	0.0162978	0.222217	0.00618147	0.0213532	0.0573754	0.00482848	0.0260163	0.328662	0.0785361	0.0919576	0.0122614	0.00568267	0.00311058
172	0.131767	0.00305053	0.00751827	0.0126068	0.0333186	0.00747677	0.00268204	0.221114	0.00650429	0.166339	0.0947752	0.0111342	0.0282352	0.00409663	0.0061329	0.025023	0.0470106	0.186667	0.00266858	0.00187977
173	0.0335892	0.00816447	0.193105	0.331429	0.00213494	0.0681122	0.0258455	0.00575034	0.0849764	0.00484468	0.0041495	0.0571711	0.001087	0.0606488	0.0328691	0.0280176	0.0163768	0.0284888	0.000725052	0.0125143
174	0.0339094	0.00653511	0.200317	0.347211	0.00186162	0.0694662	0.0241604	0.00500186	0.0794628	0.0037399	0.00392218	0.0548865	0.000628533	0.061173	0.0279562	0.0254153	0.0151666	0.026561	0.000558397	0.0120666
175	0.0154105	0.00848222	0.00256368	0.000854021	0.0280707	0.00252467	0.00334078	0.43462	0.0074023	0.0768481	0.0286398	0.00857771	0.000395563	0.00598427	0.00580482	0.00932389	0.0542696	0.30095	0.00149136	0.00444586
176	0.40508	0.0150323	0.0129775	0.0327461	0.00478687	0.21932	0.00699616	0.00608404	0.00489087	0.015089	0.00360522	0.0203315	0.00793452	0.0057517	0.010646	0.105738	0.0393277	0.0792316	0.0013821	0.00304853
177	0.0309798	0.0269753	0.13036	0.155258	0.004446	0.0556063	0.0445531	0.0143239	0.127124	0.0155196	0.00746658	0.0785645	0.00458985	0.0587902	0.0862904	0.0642506	0.0281784	0.0434511	0.00360865	0.0196642
178	0.0111624	0.05347	0.00912958	0.00637549	0.198452	0.00368445	0.130885	0.00637697	0.00975277	0.0423837	0.0041749	0.0292325	0.00437968	0.0172749	0.0134621	0.0291401	0.00561129	0.0159016	0.0136171	0.395533
179	0.00372191	0.00357498	0.000245252	0.000568625	0.0438153	0.000947971	0.00296608	0.104324	0.00087377	0.741645	0.0275512	0.00116537	0.00341014	0.00218286	0.00290366	0.0057677	0.00277308	0.0468406	0.00393157	0.000791128
180	0.0343796	0.0193595	0.280907	0.0494379	0.00448246	0.0187805	0.0497629	0.0768212	0.0202368	0.00984046	0.00701516	0.186847	0.00210068	0.0102015	0.0132152	0.0499123	0.0931164	0.0447057	0.00233627	0.0265411
181	0.0337757	0.008976	0.200598	0.307597	0.00177156	0.0703983	0.0283499	0.00599249	0.0869127	0.00489277	0.00470877	0.0641032	0.000820623	0.0578143	0.0362807	0.0287355	0.0169422	0.0275801	0.00087067	0.012879
182	0.00367685	0.00347091	0.000449511	0.000605874	0.0395683	0.000933648	0.00321439	0.100428	0.000960848	0.750147	0.0265802	0.00122598	0.00353129	0.00338562	0.00306434	0.00592931	0.00276949	0.0451045	0.00408087	0.000872819
183	0.0104659	0.00931056	0.00118987	0.00847541	0.232481	0.00155876	0.00402419	0.0872947	0.00186572	0.391149	0.0445313	0.00398624	0.00108822	0.00259153	0.00337605	0.0273742	0.0193767	0.112274	0.0181576	0.0194295
184	0.0255692	0.0283023	0.234261	0.0549006	0.00354654	0.0979614	0.0182515	0.0113678	0.0319246	0.00446981	0.00321965	0.191228	0.00339243	0.00811104	0.0367834	0.160839	0.031639	0.0116491	0.00689482	0.0356894
185	0.0121202	0.0796073	0.00950533	0.00453942	0.245877	0.00425968	0.0723584	0.0118858	0.00580955	0.10819	0.00722411	0.023698	0.00693837	0.0102215	0.011129	0.0377343	0.0095457	0.0192879	0.0142432	0.305826
186	0.168394	0.00219814	0.00850944	0.0141137	0.0234494	0.0100749	0.00238171	0.225885	0.00819629	0.0953842	0.061557	0.00817136	0.0147885	0.00346952	0.00714209	0.0345462	0.054508	0.253103	0.00265254	0.00147468
187	0.0118224	0.0119706	0.00240323	0.00282481	0.0302687	0.00263245	0.00296423	0.230603	0.00381363	0.142941	0.372306	0.00466658	0.00164391	0.00331495	0.00406963	0.0122277	0.0176638	0.138098	0.00117434	0.00259095
188	0.0182786	0.0425092	0.0246536	0.00653074	0.0247803	0.0141999	0.280988	0.00884769	0.0107175	0.0266581	0.00136604	0.0679611	0.150755	0.0575793	0.0719928	0.077431	0.0175372	0.00480526	0.00348767	0.088921
189	0.0717476	0.0103014	0.380711	0.0897456	0.0243677	0.175556	0.010207	0.00771401	0.0152382	0.00548221	0.00386222	0.0749165	0.00797573	0.00967661	0.0248649	0.0532613	0.0137443	0.010284	0.00241364	0.00792902
190	0.0047329	0.00357626	0.000466263	0.000783833	0.0372728	0.00121385	0.00313905	0.106951	0.00118782	0.737545	0.0303418	0.00182192	0.00467672	0.00289512	0.00315863	0.00543257	0.00298061	0.0477339	0.0035351	0.000555292
191	0.014526	0.0111785	0.00235603	0.00335332	0.0629147	0.00284928	0.00382201	0.182544	0.00293141	0.186936	0.382628	0.00423017	0.00239759	0.0035203	0.0047729	0.015164	0.0116206	0.0948727	0.00347913	0.00390308
192	0.00850754	0.0427402	0.0240487	0.0038507	0.0156215	0.0159713	0.379285	0.00937522	0.0117347	0.0276712	0.00114582	0.0887872	0.0257843	0.0763074	0.0937986	0.0519556	0.00174317	0.00151368	0.0036793	0.116479
193	0.0385664	0.00464041	0.389437	0.216043	0.00670517	0.0720125	0.0162387	0.00480197	0.0463527	0.00393935	0.00340956	0.0701714	0.00401115	0.0336761	0.0233844	0.024043	0.0112275	0.0208959	0.000687344	0.00975601
