302	20
1	0.0297383	0.00162945	0.376693	0.0714127	0.00238555	0.0167085	0.0465013	0.012905	0.0361618	0.0244919	0.00717505	0.114421	0.00668739	0.0570094	0.0624716	0.0778539	0.0161506	0.0177276	0.00133119	0.0205447
2	0.0808876	0.0100487	0.0729298	0.00335127	0.0608192	0.302459	0.00709881	0.0107155	0.0101172	0.0104338	0.00803183	0.0646028	0.00608515	0.00543513	0.00562115	0.206591	0.0778334	0.0382926	0.00836862	0.0102777
3	0.00732789	0.0278554	0.000699264	0.00059349	0.486777	0.0123145	0.00523005	0.017248	0.000956104	0.110941	0.0381183	0.0093301	0.000759407	0.00109857	0.000795265	0.00320381	0.0218706	0.0217673	0.0474029	0.185711
4	0.0621907	0.0065074	0.00948722	0.0151544	0.00224426	0.0193558	0.00862709	0.0115443	0.504502	0.0116267	0.0046143	0.0273253	0.00986065	0.0328406	0.190691	0.025866	0.0324187	0.0125297	0.000998315	0.0116154
5	0.0198183	0.00324607	0.0892497	0.112137	0.00190519	0.00688717	0.00790985	0.00801926	0.0449719	0.00245224	0.00166774	0.0253882	0.496675	0.0216317	0.0484785	0.0755864	0.0268155	0.00393311	0.000540156	0.00268666
6	0.069043	0.00143114	0.0339988	0.0236523	0.00696574	0.0812257	0.0247869	0.00745743	0.182081	0.0161366	0.00157822	0.0661364	0.0110695	0.0353634	0.0826038	0.209432	0.116389	0.0169971	0.00646563	0.00718626
7	0.0113587	0.0106459	0.000471144	0.0016565	0.0769053	0.00143322	0.000602706	0.159189	0.000439169	0.460755	0.168272	0.00297313	0.000421142	0.00148411	0.000932333	0.00460737	0.0129926	0.0725075	0.00526062	0.00709231
8	0.0690106	0.00139179	0.0336388	0.0236443	0.0068952	0.0815449	0.024358	0.00723496	0.183484	0.0163072	0.0015719	0.0654866	0.0107106	0.0354949	0.08262	0.209261	0.116384	0.0170342	0.00658401	0.00734251
9	0.118187	0.00314114	0.0245388	0.00762333	0.00378138	0.0229716	0.00933528	0.0367034	0.0450835	0.0118393	0.00283724	0.0616433	0.192314	0.0297862	0.0290904	0.277691	0.0876495	0.0319017	0.000984768	0.002897
10	0.0246787	0.00807511	0.00334205	0.0200412	0.111999	0.0211813	0.0207603	0.0520841	0.175128	0.0633991	0.0169381	0.0162177	0.00388244	0.0459917	0.240596	0.0370096	0.0238311	0.0394447	0.00413639	0.0712635
11	0.0103901	0.00491236	0.00173918	0.0142375	0.0260921	0.0195263	0.143606	0.00873686	0.00795212	0.0648264	0.0170536	0.0880558	0.00358638	0.382817	0.0145215	0.0865545	0.0312878	0.00952399	0.00132687	0.063254
12	0.0144555	0.0210751	0.000427121	0.000408674	0.0226297	0.0019377	0.000803684	0.249593	0.000651955	0.195581	0.127153	0.0117823	0.00061343	0.00527055	0.000971356	0.0155614	0.0518423	0.272643	0.00192783	0.00467241
13	0.0606176	0.00658006	0.003217	0.0254884	0.0585228	0.0113798	0.0553346	0.0616221	0.0991686	0.130609	0.0536463	0.00958937	0.00496185	0.183445	0.0105359	0.0168802	0.131856	0.0682068	0.00233249	0.00600679
14	0.12307	0.0162795	0.0142967	0.00243694	0.0109094	0.642876	0.00747652	0.00863016	0.0126137	0.0213327	0.00659366	0.0086184	0.0036033	0.00516396	0.00316888	0.0715025	0.0175609	0.0164042	0.00314565	0.00431616
15	0.254899	0.0318512	0.00507098	0.00851941	0.00590019	0.0368485	0.00306697	0.0272575	0.00313546	0.0106993	0.0165032	0.0116327	0.00662964	0.0043068	0.0035971	0.291212	0.214675	0.0615902	0.000564099	0.00204006
16	0.125478	0.014195	0.0109997	0.00198899	0.0108143	0.646521	0.00703308	0.00832327	0.0121138	0.0219788	0.00610963	0.00761228	0.00373006	0.00439879	0.00296722	0.0765196	0.0169891	0.0151471	0.00308614	0.00399431
17	0.0239306	0.0157192	0.00099131	0.00114282	0.0988365	0.00456664	0.00123804	0.15139	0.000774919	0.405886	0.131433	0.0042136	0.00110342	0.00277007	0.00100133	0.0107383	0.0219295	0.108188	0.0048027	0.00934412
18	0.00917364	0.0308899	0.000793244	0.000641544	0.369233	0.010555	0.00545539	0.0264517	0.00133309	0.138115	0.0464175	0.0153897	0.000974474	0.00118525	0.000843164	0.00346791	0.0231969	0.0252627	0.0860134	0.204607
19	0.0188336	0.0124112	0.000238449	0.000141869	0.0187067	0.00123286	0.000289031	0.452365	0.00159674	0.108787	0.0279445	0.000556577	0.00193299	0.0003813	0.000287122	0.00698484	0.00912515	0.336494	0.00125802	0.000433766
20	0.294688	0.0249554	0.021195	0.0080741	0.00783014	0.217108	0.00206216	0.00730632	0.0166392	0.00363728	0.00622574	0.0482522	0.00306342	0.00657452	0.00178615	0.207527	0.093735	0.0276361	0.000444949	0.00126017
21	0.127871	0.0370888	0.00415274	0.00708226	0.0114432	0.0206569	0.00576203	0.0511836	0.00450524	0.0396511	0.00980727	0.037291	0.00591156	0.00829665	0.0230199	0.318685	0.238528	0.0408944	0.00213981	0.00602937
22	0.162162	0.0114109	0.00486342	0.0018589	0.00325508	0.583695	0.00858412	0.00411384	0.0168528	0.0159725	0.00396166	0.0162464	0.00172014	0.00401025	0.0016445	0.120253	0.024289	0.012339	0.000590882	0.00217709
23	0.070762	0.00148169	0.0314434	0.0238636	0.00659081	0.0838779	0.0228322	0.0068499	0.192804	0.0180318	0.00163065	0.0620401	0.010314	0.0380928	0.0784046	0.203057	0.115217	0.0173136	0.00723288	0.00815967
24	0.290141	0.0332425	0.0056808	0.00935961	0.00480441	0.0368416	0.00288442	0.0149717	0.00557864	0.00495267	0.0108907	0.0111615	0.00659181	0.00237881	0.00324108	0.336832	0.151208	0.0672955	0.000574142	0.00136824
25	0.0257235	0.0159122	0.000695171	0.000727842	0.119981	0.00396045	0.000479476	0.186362	0.000394984	0.395489	0.084057	0.00196993	0.00215565	0.00166679	0.000468643	0.00814099	0.0208868	0.116965	0.00460724	0.00935668
26	0.122256	0.0149385	0.0111178	0.00237633	0.0102325	0.653238	0.00728645	0.00711015	0.0135608	0.0208838	0.00545478	0.00788352	0.00312447	0.00530813	0.00442562	0.0736066	0.0159056	0.0138855	0.00306564	0.00434042
27	0.100599	0.0253252	0.0208422	0.0181315	0.0393223	0.023154	0.00768173	0.0735756	0.0146979	0.0414516	0.0185192	0.0174954	0.324588	0.0120953	0.0170427	0.0595581	0.0384685	0.118554	0.00765715	0.0212407
28	0.358311	0.00805736	0.00243822	0.00165803	0.00693952	0.41624	0.00281238	0.00804128	0.00437187	0.108605	0.00458407	0.00395428	0.00261182	0.00325202	0.00198418	0.0330522	0.0103334	0.0173162	0.00154173	0.00389564
29	0.253623	0.00314987	0.00047687	0.000344494	0.0113406	0.0941908	0.000491951	0.00145955	0.00357224	0.00467597	0.00107745	0.0439645	0.0263737	0.0085459	0.000443779	0.497452	0.0378631	0.00265359	0.000289728	0.00801053
30	0.0181263	0.0236422	0.000421653	0.000334539	0.0124396	0.00348765	0.000467925	0.27441	0.000665652	0.136939	0.116442	0.0124019	0.000775523	0.00535199	0.000633442	0.0192263	0.0584701	0.311031	0.00125919	0.00347437
31	0.0367065	0.0139289	0.000296474	0.000298753	0.110081	0.00603688	0.000362891	0.168232	0.000352088	0.416289	0.0685282	0.000671758	0.00233458	0.00153197	0.000321648	0.00726115	0.0227897	0.131541	0.00453901	0.00789686
32	0.0110719	0.00959351	0.000158413	9.31485e-05	0.0272955	0.00133034	0.000150311	0.514325	0.000189504	0.159275	0.0406561	0.000368254	0.00295494	0.000204013	0.000178135	0.00549943	0.0116403	0.212523	0.00219691	0.00029625
33	0.302906	0.0503114	0.043906	0.00288652	0.0109935	0.261176	0.00158822	0.00450132	0.020894	0.0046562	0.0059827	0.0631974	0.00154747	0.00926883	0.00139609	0.1293	0.0606883	0.0215337	0.00120598	0.0020605
34	0.0167712	0.0266384	0.00051952	0.000409585	0.0105376	0.00216813	0.00057249	0.243673	0.000756049	0.117751	0.136085	0.0158019	0.000574014	0.00770038	0.000805276	0.0203619	0.0667835	0.326062	0.00130424	0.00472427
35	0.0149236	0.0281783	0.000615958	0.000440331	0.0108966	0.00201967	0.000641184	0.246212	0.000995662	0.115027	0.14905	0.0149987	0.000534554	0.00706516	0.00114363	0.0202185	0.0651457	0.312904	0.00189437	0.00709487
36	0.00991197	0.00405667	0.00160862	0.0150863	0.0261406	0.0197192	0.143789	0.00787144	0.00673881	0.0632896	0.0174508	0.0905935	0.00292707	0.384081	0.0128706	0.0870479	0.0303823	0.00840743	0.00147546	0.066552
37	0.273708	0.104776	0.00816723	0.00118732	0.00430493	0.0366541	0.00129131	0.00426054	0.00153794	0.00442781	0.00239251	0.00340348	0.00188988	0.00160022	0.00128967	0.468804	0.0668572	0.0110979	0.000784217	0.0015663
38	0.122255	0.035269	0.000727265	0.000419099	0.0435575	0.0481428	0.000654448	0.120314	0.000763368	0.33344	0.0782071	0.00141984	0.00064523	0.00106713	0.00065256	0.012372	0.0363667	0.161954	0.00055242	0.00122047
39	0.367608	0.0525422	0.0028956	0.000588902	0.00869526	0.312507	0.00160367	0.00385319	0.00304049	0.0102896	0.00172587	0.00529464	0.00315376	0.00106019	0.000536427	0.167949	0.0408482	0.0137421	0.000399502	0.00166636
40	0.0245199	0.00808052	0.0213726	0.631982	0.0105039	0.011546	0.00684943	0.0140379	0.0139484	0.0141405	0.0081808	0.0320866	0.0291753	0.0274312	0.0164734	0.0606914	0.0200296	0.0371012	0.00311016	0.00873907
41	0.0109156	0.0076716	0.000834971	0.00314105	0.0485059	0.00188632	0.00121468	0.140419	0.000970139	0.387664	0.284087	0.0068862	0.000696437	0.00168183	0.00196156	0.00759593	0.0138156	0.0559947	0.0120554	0.012002
42	0.361075	0.0536638	0.00384641	0.00546805	0.00599672	0.086166	0.00192576	0.012835	0.00164678	0.0062771	0.00739292	0.00780806	0.00525653	0.00165268	0.00198536	0.246037	0.139479	0.0495095	0.000376873	0.00160185
43	0.0924798	0.0621712	0.000341198	0.00244711	0.0152428	0.0123336	0.000446738	0.253878	0.000622277	0.0498948	0.0241058	0.00807916	0.00466558	0.00773868	0.00481505	0.0658462	0.149742	0.242112	0.00187417	0.00116291
44	0.0169425	0.0254796	0.000470428	0.000370388	0.0111737	0.00241493	0.000642114	0.250181	0.000791043	0.122648	0.132939	0.0154089	0.000533315	0.00691247	0.000824172	0.0195911	0.063709	0.322908	0.00144195	0.00461723
45	0.147936	0.00448644	0.0173563	0.0117095	0.00432806	0.0182713	0.0140387	0.0365907	0.0402082	0.0158816	0.00320782	0.061118	0.154386	0.0274985	0.0316823	0.29007	0.0800552	0.0373957	0.00114075	0.00263917
46	0.209221	0.0165985	0.0051611	0.00176383	0.00686036	0.452602	0.00446974	0.00380716	0.0101661	0.0122396	0.00316627	0.0213727	0.00530646	0.00370479	0.00122944	0.193129	0.0333305	0.0122091	0.000538414	0.00312358
47	0.235742	0.00300678	0.00220706	0.000738306	0.00835937	0.16695	0.000809961	0.00175945	0.00560906	0.00394295	0.00268709	0.0547674	0.0180766	0.00761895	0.000557883	0.429636	0.0437489	0.00727443	0.000390087	0.00611773
48	0.0129409	0.0133577	0.00172763	0.00149192	0.488095	0.00817916	0.0184942	0.0379259	0.00301166	0.0477955	0.0157982	0.00788894	0.00305254	0.00316247	0.00227419	0.0155594	0.0130454	0.0179692	0.0196948	0.268535
49	0.199018	0.0187503	0.00240954	0.010938	0.0410388	0.0265408	0.0264406	0.0592678	0.00225007	0.0211979	0.00496549	0.0535707	0.00897417	0.0207331	0.00232189	0.120782	0.228698	0.12186	0.00126857	0.028974
50	0.00910958	0.0039237	0.00192031	0.0384315	0.0752233	0.0114482	0.0107203	0.0965006	0.183434	0.0675034	0.0193482	0.0171455	0.00233174	0.0536201	0.258185	0.0133054	0.0330732	0.0591537	0.00118638	0.0444354
51	0.00847174	0.0338118	0.000722593	0.000543274	0.404487	0.0114118	0.00447752	0.021747	0.000855699	0.133782	0.0484899	0.0127598	0.000812232	0.00101785	0.000738783	0.00353151	0.0239432	0.0278644	0.0646337	0.195898
52	0.0113263	0.00957326	0.000150681	0.000102075	0.0264284	0.00128752	0.000182999	0.513565	0.000241288	0.155484	0.0402387	0.000376502	0.00287972	0.000196974	0.000182551	0.00547929	0.0113948	0.218592	0.00202644	0.00029105
53	0.017637	0.00142721	0.458625	0.0817723	0.00227918	0.0125664	0.051067	0.010524	0.0172897	0.019381	0.00169496	0.139577	0.00635301	0.031143	0.0160741	0.0940345	0.0109503	0.013592	0.000619755	0.0133922
54	0.0198183	0.00324607	0.0892497	0.112137	0.00190519	0.00688717	0.00790985	0.00801926	0.0449719	0.00245224	0.00166774	0.0253882	0.496675	0.0216317	0.0484785	0.0755864	0.0268155	0.00393311	0.000540156	0.00268666
55	0.252211	0.00267835	0.00040744	0.000343205	0.0110983	0.0919832	0.000490643	0.00147184	0.00357022	0.00466112	0.0010506	0.0440618	0.0265836	0.00866228	0.000459032	0.50181	0.0375301	0.00253493	0.000290252	0.00810196
56	0.0612493	0.0224709	0.00123146	0.000284243	0.211427	0.00957204	0.000465153	0.151273	0.000438879	0.206453	0.0511632	0.00215759	0.00628773	0.000875444	0.000986084	0.0160064	0.0331727	0.172467	0.0232696	0.0287497
57	0.37998	0.0557402	0.00344025	0.000845696	0.00901022	0.281563	0.00140105	0.00549649	0.00303236	0.0123955	0.00228202	0.0058382	0.00318719	0.00142589	0.000788092	0.168384	0.0446809	0.0180692	0.000506065	0.00193391
58	0.0101405	0.0395883	0.0013992	0.000601423	0.414117	0.0115835	0.00431223	0.0232239	0.00100151	0.12354	0.0524686	0.0121462	0.000979984	0.00138145	0.00154328	0.00573395	0.0235441	0.0327096	0.058422	0.181563
59	0.30578	0.0389543	0.00529955	0.0094573	0.00545377	0.0445896	0.00304857	0.0182478	0.00273074	0.00633188	0.0123462	0.0110235	0.00725003	0.00223931	0.00336176	0.287037	0.171781	0.0632503	0.000446069	0.00137105
60	0.0219315	0.0254143	0.000457172	0.000474815	0.0166819	0.00350717	0.00131335	0.244656	0.000943982	0.130432	0.128315	0.0163139	0.000594025	0.00756824	0.00118512	0.0211046	0.0641087	0.307579	0.00219922	0.00521997
61	0.240854	0.0116311	0.0125065	0.0022832	0.00654422	0.301608	0.00172591	0.00254096	0.0157233	0.00311942	0.00648376	0.0607817	0.0016867	0.00689784	0.00102109	0.223632	0.0761558	0.0225328	0.000594511	0.0016771
62	0.0664079	0.0299757	0.00364182	0.00283274	0.0320727	0.105964	0.00446884	0.0329084	0.0266368	0.0834831	0.0535547	0.142818	0.00401034	0.151797	0.00453286	0.217305	0.0138085	0.0142761	0.00269402	0.0068118
63	0.018351	0.0333358	0.00088617	0.000463128	0.371228	0.0107094	0.00588845	0.0317942	0.0023409	0.104465	0.041666	0.0112071	0.00127923	0.00109908	0.000727498	0.00673333	0.0204014	0.0310196	0.0969704	0.209434
64	0.0706989	0.0169039	0.000881446	0.000275778	0.175306	0.00929067	0.000454637	0.15794	0.000403371	0.23587	0.0582966	0.0011115	0.00607681	0.000934567	0.000315758	0.0173625	0.0364841	0.177537	0.0147152	0.0191417
65	0.0833025	0.0539853	0.000206156	0.000798643	0.0388357	0.0174383	0.000319094	0.307586	0.000463088	0.0705143	0.0287453	0.00430705	0.00289186	0.00282273	0.00202562	0.0434818	0.079476	0.259994	0.00096711	0.00184005
66	0.087806	0.0622313	0.000653214	0.00358382	0.00526222	0.0110171	0.000606571	0.225699	0.00070819	0.0382374	0.0232671	0.00969988	0.00427644	0.0110192	0.00558884	0.0714433	0.199819	0.235834	0.002243	0.00100521
67	0.0219039	0.045809	0.00461515	0.000633097	0.272245	0.00518746	0.00113489	0.0963871	0.000739943	0.281524	0.0860695	0.00360029	0.000821065	0.00213889	0.000691084	0.0185956	0.028058	0.087783	0.0115002	0.0305625
68	0.307564	0.0254178	0.00475852	0.00289499	0.012277	0.117044	0.00257592	0.00832191	0.00552978	0.0088947	0.00270942	0.0287063	0.0365354	0.00616042	0.00266256	0.345933	0.0577207	0.017279	0.000872338	0.00614222
69	0.0737152	0.0276851	0.00244102	0.00158545	0.0774824	0.014021	0.00520501	0.124676	0.00267675	0.207318	0.0620121	0.0481472	0.00295241	0.00734489	0.00241151	0.132786	0.0965636	0.100193	0.0030431	0.00773951
70	0.0212511	0.00707801	0.0326563	0.580146	0.00986147	0.0103097	0.0113535	0.0137138	0.0214619	0.0142594	0.00812614	0.0327083	0.0337713	0.0440814	0.0266445	0.0688273	0.021284	0.031153	0.00305688	0.008256
71	0.0168597	0.0125946	0.000160205	0.000143157	0.0347239	0.00253893	0.000272095	0.476852	0.000259131	0.173164	0.0414816	0.000715513	0.00285208	0.000501053	0.000278105	0.00761358	0.0162673	0.209495	0.00223107	0.000997122
72	0.0885664	0.0633312	0.00106299	0.00439408	0.00532984	0.0117744	0.000689976	0.22812	0.00082993	0.0367691	0.0217803	0.0110917	0.00454749	0.011946	0.00578382	0.0740479	0.19622	0.230349	0.00216134	0.00120405
73	0.295978	0.0318787	0.00441261	0.00964325	0.0154351	0.0516754	0.00536661	0.0240867	0.00259989	0.0113004	0.00920487	0.014475	0.00731815	0.00424572	0.00344888	0.244665	0.174693	0.0835599	0.00106267	0.00495078
74	0.304541	0.0805841	0.000931541	0.000746428	0.0548373	0.0846647	0.000901365	0.0745928	0.00109198	0.0873208	0.0127065	0.00402598	0.0019172	0.00157843	0.00281592	0.104915	0.043338	0.133652	0.00165338	0.00318502
75	0.28838	0.0343517	0.0070406	0.0119974	0.00610877	0.0381546	0.00438651	0.0215616	0.00276384	0.00503087	0.0107978	0.0146827	0.0100849	0.0020632	0.00458847	0.303955	0.169238	0.063043	0.000327345	0.00144373
76	0.0154356	0.00689687	0.000629688	0.00471203	0.0594772	0.00159901	0.00348974	0.165745	0.00138148	0.336984	0.240443	0.0123488	0.000687939	0.00390662	0.00359487	0.0121515	0.0229161	0.0775363	0.0141301	0.0159345
77	0.0845953	0.0610995	0.00065943	0.00317484	0.00845723	0.0109457	0.000533215	0.235273	0.000736508	0.0459846	0.0294256	0.00979406	0.00443399	0.0109313	0.0052461	0.0667431	0.179398	0.239279	0.0020168	0.00127326
78	0.0108535	0.00967175	0.000131429	9.20692e-05	0.0280283	0.00135221	0.000145924	0.513423	0.000167953	0.157374	0.0420744	0.000340943	0.00284352	0.000165079	0.000156973	0.00548741	0.0119679	0.213489	0.00198727	0.000247572
79	0.0273794	0.0175192	0.000327795	0.00024309	0.0129666	0.00152699	0.000388041	0.381237	0.00305504	0.067915	0.0194693	0.000893145	0.000993671	0.000558454	0.000423244	0.00954955	0.00864084	0.445543	0.000616245	0.000754117
80	0.310821	0.0156385	0.00138104	0.00119305	0.004731	0.0184315	0.00192893	0.060136	0.00169363	0.0611723	0.00582632	0.00407335	0.00155586	0.00692062	0.00153275	0.18272	0.254171	0.058677	0.00118692	0.00620952
81	0.0128577	0.00982029	0.000386545	0.000272246	0.0263544	0.00139911	0.00016953	0.503687	0.000359248	0.154264	0.0397842	0.000450914	0.00422172	0.000513167	0.000222156	0.00575682	0.0136113	0.223169	0.00202099	0.000680417
82	0.0969282	0.0719656	0.00184391	0.00157052	0.17216	0.0630713	0.0023971	0.155075	0.00191843	0.120776	0.0222901	0.00808061	0.00327299	0.014122	0.00205152	0.0490335	0.0427881	0.157474	0.00731869	0.00586257
83	0.0295736	0.0140948	0.00102218	0.00106643	0.153216	0.00469215	0.0068921	0.0880433	0.00541129	0.126875	0.0358002	0.0214127	0.0013738	0.00189385	0.00137197	0.00662005	0.0152973	0.0360633	0.207776	0.241504
84	0.15143	0.0199169	0.00156332	0.00110686	0.0438601	0.0182168	0.00173591	0.0859291	0.00220949	0.111944	0.00684258	0.00331576	0.00205096	0.0023513	0.00153725	0.0213069	0.0758195	0.444507	0.00146784	0.00288786
85	0.0764145	0.011929	0.000266533	0.00018093	0.165135	0.0106268	0.000230003	0.176182	0.00031678	0.221347	0.0443461	0.000448571	0.00736169	0.000457459	0.000263102	0.0158586	0.0381927	0.198417	0.0150276	0.0169976
86	0.0113876	0.01056	0.000151691	9.82204e-05	0.0276737	0.00150411	0.00015092	0.507121	0.000227058	0.155095	0.041961	0.000506532	0.00278378	0.000225029	0.000149712	0.00609184	0.0127678	0.219299	0.00192426	0.00032183
87	0.078362	0.0498543	0.000200085	0.000193379	0.0524432	0.0188337	0.000320256	0.322349	0.000401238	0.0880156	0.0302773	0.00273395	0.00177556	0.000932201	0.00073466	0.0333257	0.0484185	0.268244	0.000556075	0.00202939
88	0.134738	0.0613441	0.000606705	0.000546353	0.13642	0.0880383	0.000666616	0.133585	0.000856337	0.136563	0.014195	0.00613502	0.00290352	0.00248471	0.000636248	0.0794856	0.0427763	0.154398	0.00119497	0.00242634
89	0.0340722	0.0182724	0.000329761	0.000257072	0.0154637	0.00301194	0.000334519	0.374562	0.00274416	0.0713936	0.0195081	0.00106823	0.00127652	0.00063741	0.000405893	0.0125444	0.0126542	0.429812	0.000634335	0.00101824
90	0.0240919	0.0108732	0.017246	0.0114591	0.0380646	0.0180261	0.178658	0.0141558	0.00765758	0.0451749	0.0159333	0.104378	0.00462274	0.232329	0.00930782	0.138967	0.0635032	0.0192719	0.00192726	0.0443529
91	0.0121775	0.0145634	0.000482518	0.000881247	0.100927	0.00108249	0.000490874	0.153903	0.000381224	0.479106	0.12063	0.00181051	0.000448725	0.0018674	0.000455458	0.00433084	0.0141747	0.0832685	0.00210071	0.00691817
92	0.0165192	0.0848584	0.00256235	0.00156692	0.342586	0.0402651	0.00361835	0.0538753	0.00276031	0.15603	0.0352557	0.0240376	0.00260452	0.00477233	0.00199547	0.0114849	0.0326688	0.0509951	0.0562434	0.0753006
93	0.015708	0.00137632	0.342827	0.299103	0.00233808	0.0113192	0.0330163	0.0109736	0.0162683	0.016757	0.00188707	0.0886785	0.00483159	0.0328956	0.0162142	0.0626603	0.0113964	0.0175475	0.000578471	0.0136235
94	0.0333465	0.0797824	0.00493627	0.00412275	0.192198	0.0158611	0.0538401	0.0193841	0.0080488	0.0194204	0.0113636	0.011365	0.00828393	0.00799712	0.00713029	0.196643	0.0196117	0.0921796	0.0104428	0.204042
95	0.090614	0.00218147	0.000920774	0.000731705	0.16548	0.00303817	0.00121363	0.189369	0.00152222	0.0422498	0.0308097	0.00928533	0.027228	0.00127028	0.0125899	0.0059996	0.0188867	0.224115	0.0469314	0.125564
96	0.0931459	0.0182171	0.00222631	0.00124137	0.106232	0.0311872	0.0040538	0.068619	0.00199942	0.266433	0.150136	0.0104016	0.00240682	0.0080702	0.00146048	0.06025	0.0409095	0.115625	0.00428352	0.0131018
97	0.260911	0.00665228	0.00262781	0.000853167	0.0093472	0.137465	0.000740058	0.00187873	0.0060794	0.00450376	0.00181461	0.0476542	0.0195955	0.00779732	0.000491575	0.433768	0.0445999	0.00634854	0.000309428	0.00656337
98	0.0305857	0.0494028	0.00167129	0.00109771	0.057942	0.00561513	0.00167448	0.1569	0.00202089	0.281363	0.032139	0.0180922	0.00170713	0.00234704	0.00173525	0.126368	0.113833	0.110757	0.00141038	0.00333809
99	0.0117351	0.0106004	0.000143824	0.000100136	0.0316365	0.00170641	0.000162268	0.508492	0.000183043	0.157086	0.0415467	0.000374946	0.00278741	0.000184458	0.000157676	0.0056896	0.012751	0.212389	0.00197174	0.00030246
100	0.0728269	0.00852919	0.00717235	0.00655215	0.0072761	0.0222854	0.00535967	0.018711	0.525221	0.0143995	0.00468128	0.027356	0.00704969	0.0275539	0.154313	0.0271668	0.0309548	0.0156884	0.00146048	0.0154429
101	0.0255575	0.0150565	0.000271087	0.000210665	0.0150308	0.00123933	0.000290597	0.407029	0.00252235	0.0819838	0.0207349	0.000626485	0.00137413	0.000472241	0.00033954	0.00823886	0.007968	0.409579	0.000873175	0.000601937
102	0.0965657	0.0297335	0.000446	0.000279781	0.0337487	0.0385714	0.000550534	0.185243	0.000540689	0.248769	0.0549151	0.00174602	0.00102876	0.00106551	0.000618089	0.0253364	0.0525736	0.225898	0.000882775	0.00148686
103	0.210493	0.031872	0.00243385	0.00181017	0.0564405	0.0650056	0.00299588	0.0914664	0.002628	0.102088	0.0563167	0.00866535	0.00339444	0.00456846	0.00352391	0.113213	0.104149	0.114498	0.0170981	0.00733919
104	0.0108191	0.00975617	0.000130325	9.20884e-05	0.0277657	0.00132727	0.000145377	0.513816	0.000175729	0.156796	0.0422371	0.000343231	0.00283846	0.00016563	0.000155218	0.00551805	0.0119439	0.213749	0.00196725	0.000258785
105	0.0743617	0.049843	0.000200644	0.000200548	0.0591067	0.0175119	0.000328319	0.328308	0.000418346	0.0900312	0.0291011	0.00282832	0.00171436	0.00089741	0.000716142	0.0317357	0.0475623	0.262571	0.000624818	0.00193911
106	0.0906807	0.0475707	0.00053013	0.00036222	0.0589336	0.0425324	0.000756474	0.276212	0.00078084	0.0909185	0.0275749	0.00373846	0.00224568	0.00193654	0.00116564	0.0522541	0.0468522	0.251634	0.000924028	0.00239608
107	0.0670147	0.00973064	0.00137668	0.00091887	0.20564	0.00499704	0.00240002	0.143988	0.00243924	0.059649	0.040702	0.0100796	0.0254156	0.00197841	0.0113624	0.00887542	0.0182196	0.171704	0.055183	0.158325
108	0.0429256	0.0385463	0.000330835	0.000380955	0.0312017	0.00833573	0.000413973	0.292809	0.000630074	0.105584	0.0829073	0.0130591	0.0012743	0.00427512	0.000829375	0.0272762	0.0608085	0.284769	0.00086801	0.00277521
109	0.0332373	0.0195229	0.000333816	0.000253394	0.0140469	0.00238969	0.000402621	0.356981	0.00324056	0.057756	0.0163138	0.00092928	0.000786727	0.00058347	0.000415749	0.0122387	0.0104794	0.4686	0.000468016	0.00102088
110	0.0107784	0.00972015	0.000131414	9.23302e-05	0.0277968	0.00133065	0.000145549	0.513928	0.000170111	0.157061	0.0422411	0.00034105	0.00284783	0.00016543	0.000156259	0.00549927	0.0119323	0.213445	0.0019697	0.000248105
111	0.137649	0.0288849	0.113653	0.00289485	0.00788116	0.00717416	0.00374157	0.153705	0.00346166	0.0107607	0.0268073	0.140121	0.00349279	0.00489	0.00305466	0.0563366	0.137036	0.151077	0.00220925	0.0051693
112	0.374012	0.0764314	0.000849248	0.000584647	0.0241726	0.0673794	0.000816209	0.0549041	0.00104779	0.0809444	0.00711293	0.00220591	0.00111179	0.00148615	0.00423224	0.0892183	0.0656152	0.142962	0.00137093	0.00354216
113	0.220549	0.0224249	0.014822	0.00211274	0.012249	0.431787	0.00516816	0.00728906	0.0132925	0.0140467	0.00642614	0.0238683	0.0032343	0.00533322	0.00288766	0.130343	0.0569059	0.020585	0.00259561	0.00408045
114	0.0765267	0.0048868	0.00221741	0.0019621	0.191813	0.00649397	0.00321713	0.115004	0.00321639	0.0329101	0.0253022	0.0246734	0.0848155	0.00357645	0.0131986	0.011778	0.0176866	0.189136	0.0281674	0.163418
115	0.0139637	0.00352324	0.00192447	0.00221072	0.0209722	0.00489563	0.0433385	0.284248	0.0160633	0.213674	0.0848792	0.0244641	0.00217213	0.0358862	0.0241759	0.0106488	0.021417	0.141411	0.0237173	0.0264141
116	0.0572309	0.00346871	0.151143	0.0546971	0.00825939	0.128031	0.0395436	0.0103469	0.0951707	0.0200748	0.0090889	0.064473	0.016163	0.0528081	0.118984	0.0887452	0.0396453	0.0188939	0.00788171	0.0153514
117	0.380472	0.0231234	0.0318407	0.00198021	0.0532631	0.248488	0.00250016	0.00671762	0.00508341	0.0085774	0.0041994	0.0185497	0.00277323	0.00333084	0.00145963	0.112366	0.0667296	0.0240958	0.00109697	0.00335286
118	0.0446345	0.00327555	0.0182967	0.0618346	0.00151724	0.0161707	0.0347892	0.00624154	0.224257	0.0167318	0.0168816	0.0451469	0.0154468	0.0846619	0.266587	0.0682686	0.0421535	0.0212998	0.00274999	0.00905543
119	0.0104053	0.022029	0.00127817	0.00100978	0.248991	0.00851285	0.0120161	0.0517086	0.00204517	0.175918	0.061369	0.0284671	0.00167908	0.00316989	0.00205706	0.00626699	0.0269823	0.032327	0.0947086	0.209059
120	0.0262577	0.0237091	0.000747879	0.000636917	0.268659	0.00744518	0.00440056	0.0664075	0.00374834	0.107871	0.036041	0.0131367	0.00203172	0.000860107	0.00114169	0.00496244	0.0176775	0.0442273	0.144535	0.225503
121	0.0470161	0.0215432	0.000933576	0.000330221	0.171792	0.0072697	0.000390489	0.17589	0.000418973	0.284701	0.0539097	0.000889571	0.00388266	0.00128138	0.000357208	0.0135762	0.0347435	0.159523	0.00857378	0.0129782
122	0.311015	0.0789366	0.000790784	0.000667777	0.0497145	0.0710931	0.000894215	0.0769317	0.00101205	0.0896565	0.0105373	0.00349269	0.00161998	0.00189192	0.00312903	0.102344	0.0462744	0.145368	0.00163134	0.00299888
123	0.249748	0.00351939	0.00113821	0.00061898	0.0120308	0.0955011	0.000898726	0.00217593	0.00718984	0.00720264	0.00163192	0.0490715	0.0223253	0.0128549	0.000630049	0.466529	0.0500494	0.00491401	0.000453846	0.011517
124	0.0875895	0.0624933	0.000710038	0.00362043	0.00488391	0.0109646	0.000705949	0.223184	0.000805761	0.0362986	0.0231189	0.00971936	0.00428538	0.0111634	0.00566934	0.0719695	0.206415	0.233014	0.00225856	0.00112998
125	0.0276109	0.0246001	0.002709	0.00144935	0.185217	0.00368332	0.0014426	0.113818	0.000685084	0.32191	0.144698	0.00543509	0.0013092	0.00196814	0.00118425	0.0179987	0.0220163	0.0817463	0.0152813	0.0252371
126	0.0885354	0.0600655	0.00050439	0.00238693	0.017183	0.012363	0.000548184	0.262247	0.000685564	0.0523461	0.023447	0.00816667	0.00751543	0.00723241	0.00632674	0.0624146	0.138362	0.246441	0.00185269	0.00137755
127	0.36047	0.0367161	0.0014675	0.00213593	0.0108678	0.057826	0.00239042	0.0642124	0.00135879	0.052679	0.00678871	0.00571465	0.00219918	0.00387162	0.00233691	0.159917	0.145452	0.0678956	0.00178798	0.0139118
128	0.0103254	0.0335185	0.000834184	0.000519227	0.39421	0.0112378	0.00460501	0.023913	0.00122205	0.119532	0.0497317	0.0132627	0.00094483	0.00109272	0.000821761	0.00346713	0.0226875	0.0277374	0.0748503	0.205487
129	0.245563	0.014508	0.0013984	0.000434472	0.00904776	0.0739666	0.000481865	0.00178565	0.00290808	0.00463814	0.0010662	0.0341632	0.0203741	0.00687607	0.000603933	0.534214	0.0381088	0.00278967	0.000343451	0.00672811
130	0.00784408	0.0348976	0.000663833	0.000516686	0.412814	0.0115007	0.00428598	0.0180785	0.000904788	0.126673	0.0470943	0.012156	0.000736918	0.000994063	0.000748951	0.00300254	0.0247304	0.0267765	0.0626843	0.202897
131	0.253594	0.0143788	0.0133125	0.00248365	0.00697862	0.302903	0.00162196	0.00245094	0.0158913	0.00304397	0.00705653	0.0592066	0.00160682	0.00678825	0.000884778	0.210464	0.0753561	0.0199233	0.000516471	0.00153757
132	0.168769	0.0482464	0.0459647	0.00489835	0.0162661	0.401538	0.0060772	0.0166243	0.0160842	0.0183332	0.0353499	0.0332248	0.00545326	0.0350237	0.00529055	0.0700235	0.0373252	0.0248035	0.00420164	0.0065026
133	0.0808222	0.0170932	0.00176389	0.00295675	0.00739533	0.0263112	0.00289614	0.120348	0.0029397	0.0322077	0.023918	0.00687335	0.00205382	0.0204404	0.00406975	0.156432	0.416934	0.0685807	0.00193314	0.00403076
134	0.0259825	0.00947265	0.0185436	0.625217	0.0133377	0.0108684	0.0072474	0.0224117	0.0103099	0.0180479	0.0096279	0.0295891	0.00959875	0.0275737	0.0113903	0.0580472	0.0240956	0.0557352	0.00363116	0.00927211
135	0.0377895	0.00828918	0.00173797	0.00216173	0.095265	0.00614029	0.0159662	0.0985758	0.00306443	0.235644	0.195358	0.0298501	0.00158399	0.0209966	0.00469724	0.0616932	0.03763	0.10637	0.00991743	0.0272689
136	0.0780649	0.0472165	0.000240229	0.000282762	0.0434707	0.0175744	0.00038666	0.309685	0.000732304	0.0819405	0.0302813	0.00275967	0.00181083	0.00106944	0.000809618	0.0337911	0.0509732	0.295466	0.000712621	0.00273181
137	0.373092	0.0714384	0.000938706	0.000610241	0.0261204	0.103443	0.000755115	0.0486033	0.00132172	0.0824379	0.00673681	0.00204203	0.00161351	0.001487	0.00454126	0.0812503	0.0453431	0.143581	0.0014692	0.00317459
138	0.0156381	0.0195696	0.000416831	0.000803487	0.0270202	0.00241266	0.00089005	0.244239	0.000814331	0.215009	0.137663	0.0110266	0.000626554	0.00501852	0.00110567	0.0150468	0.0482783	0.246467	0.00261009	0.00534342
139	0.265541	0.0340477	0.00463331	0.00795058	0.00529972	0.0381798	0.00294523	0.0318373	0.00250312	0.012764	0.0154948	0.010166	0.0064524	0.00425779	0.00300349	0.266258	0.223099	0.0628079	0.000696555	0.00206229
140	0.334779	0.0545594	0.00333901	0.0049618	0.0129481	0.0719992	0.00213753	0.0458198	0.00156829	0.0296142	0.00844415	0.00835612	0.00468588	0.00267805	0.00325995	0.198373	0.123423	0.0846375	0.000786627	0.0036305
141	0.261441	0.0135569	0.0140946	0.00330514	0.0062357	0.239068	0.00195052	0.00425903	0.0232019	0.00342886	0.00540253	0.0624591	0.00717912	0.0112327	0.00173706	0.231248	0.0815048	0.0253827	0.000616491	0.00269643
142	0.0209548	0.00708557	0.0715574	0.578204	0.00924593	0.0126973	0.0112681	0.0136458	0.0133621	0.0148427	0.00659388	0.0511135	0.0155518	0.0279054	0.0146792	0.0661993	0.0207753	0.033918	0.00271951	0.00768018
143	0.28359	0.0336011	0.00283437	0.00470074	0.00562441	0.024533	0.00260611	0.0310812	0.00236735	0.0342379	0.00789942	0.00835871	0.00397211	0.00935551	0.00268412	0.250259	0.215797	0.071864	0.000820535	0.00381276
144	0.0181443	0.00136173	0.446056	0.0798682	0.00233653	0.0129385	0.0505962	0.0111021	0.019343	0.0198955	0.00244717	0.13926	0.00705003	0.0355959	0.0203733	0.0927847	0.0116081	0.0141712	0.000638754	0.0144287
145	0.0425217	0.0203523	0.00315501	0.00265835	0.0461234	0.00638693	0.00188532	0.29011	0.00292371	0.10669	0.0419955	0.00568315	0.161691	0.0048718	0.00313124	0.0186318	0.0336001	0.185764	0.005885	0.0159397
146	0.0487164	0.00373587	0.0190071	0.0617991	0.00175455	0.0160866	0.0359853	0.00685675	0.201306	0.0187854	0.0184865	0.0494707	0.014812	0.0921244	0.264828	0.0709973	0.0396367	0.0216954	0.00326539	0.0106512
147	0.00860103	0.00399373	0.00192684	0.0399598	0.0738682	0.0111813	0.00955854	0.0984499	0.185433	0.0619997	0.0176129	0.0165452	0.00208088	0.0512025	0.263121	0.0134471	0.0312726	0.0611926	0.001286	0.0472674
148	0.29208	0.0324388	0.00727629	0.0135792	0.00571874	0.0370535	0.00350212	0.0199743	0.00295577	0.00462662	0.0116614	0.0138862	0.00870874	0.00181547	0.00410367	0.309515	0.168343	0.0610829	0.000356608	0.00132159
149	0.0108013	0.00971175	0.000130869	9.23483e-05	0.0277718	0.0013283	0.000153751	0.513743	0.000172772	0.157274	0.0422622	0.000347421	0.00285198	0.000184044	0.00016585	0.00549719	0.0119394	0.213316	0.00198598	0.00026917
150	0.0423403	0.00318721	0.0488721	0.069889	0.00205962	0.0154298	0.0228794	0.00861322	0.123087	0.0105695	0.00792351	0.0429572	0.254956	0.0480145	0.14441	0.0947841	0.0391875	0.0133275	0.00175583	0.0057557
151	0.0680192	0.00209069	0.020369	0.0159364	0.00599139	0.0776805	0.0346827	0.00642817	0.210758	0.023663	0.00221018	0.0461722	0.00701863	0.0239858	0.116763	0.209878	0.0950191	0.023301	0.0045104	0.00552346
152	0.361567	0.0412586	0.00571126	0.00485459	0.00972337	0.0860297	0.00222059	0.0198574	0.00366565	0.0162756	0.00703291	0.0130498	0.00538659	0.00324975	0.00257681	0.242021	0.125199	0.0453806	0.00118497	0.00375487
153	0.0908944	0.0639116	0.000635772	0.00357382	0.0050306	0.0110437	0.000558751	0.22781	0.000771152	0.0375277	0.0216127	0.0101661	0.00489509	0.0110639	0.00630412	0.0759768	0.196502	0.228633	0.00208644	0.00100182
154	0.0688431	0.00756805	0.00612159	0.00635125	0.00535494	0.0205514	0.00412925	0.0166025	0.546284	0.0109025	0.00291075	0.0267819	0.00642549	0.0226793	0.169077	0.0212244	0.0286467	0.0128335	0.000904143	0.015808
155	0.0290004	0.00585356	0.00706098	0.0155317	0.0349594	0.0440437	0.0459977	0.0309366	0.103104	0.0802875	0.0150282	0.04807	0.0207145	0.255578	0.109905	0.0542578	0.0618603	0.0189677	0.002302	0.0165406
156	0.0697198	0.0512866	0.000404383	0.00200347	0.0144072	0.013139	0.000568329	0.252342	0.000720266	0.0664602	0.040912	0.00831318	0.00345949	0.0070454	0.00372583	0.0557192	0.134602	0.26989	0.00357765	0.00170336
157	0.0754282	0.0110699	0.000316585	0.000211815	0.168964	0.00949382	0.00026619	0.170096	0.000452911	0.204879	0.0443522	0.00132759	0.0103735	0.000527079	0.00162609	0.0157005	0.0357943	0.199647	0.019761	0.029712
158	0.063594	0.0131385	0.000698043	0.000696907	0.0807	0.0016999	0.0010294	0.134193	0.0106536	0.0456275	0.0111455	0.0038289	0.00137548	0.00101306	0.00104941	0.0077481	0.00592429	0.0644446	0.277298	0.274141
159	0.0433705	0.00687399	0.00884649	0.0271202	0.0297572	0.0171515	0.0203575	0.0272226	0.28022	0.0436383	0.0165516	0.0265275	0.0080538	0.0494462	0.277476	0.0366908	0.0288694	0.0259861	0.00245535	0.0233848
160	0.015203	0.0234711	0.000391902	0.000310306	0.0139485	0.00199588	0.000463916	0.2996	0.000621071	0.126625	0.116735	0.0120496	0.000986999	0.00559114	0.000626248	0.0169017	0.0536277	0.306119	0.00115585	0.00357672
161	0.134942	0.061392	0.000602968	0.000551913	0.136655	0.0876851	0.00067453	0.133433	0.000840541	0.136645	0.0142546	0.00626903	0.00291014	0.00248289	0.000630839	0.0799708	0.042713	0.153726	0.00119759	0.00242305
162	0.0762045	0.0119871	0.000264944	0.000181428	0.165098	0.0106379	0.000228785	0.176804	0.000307175	0.221336	0.0441249	0.000442614	0.00731926	0.000461417	0.000263961	0.0158548	0.0381792	0.198432	0.0149739	0.0168981
163	0.0498839	0.028334	0.00255852	0.000316011	0.212131	0.008185	0.000593703	0.167563	0.000535226	0.22299	0.0562062	0.00130401	0.0041876	0.001012	0.000487417	0.0205984	0.0337061	0.161598	0.0106985	0.0171119
164	0.0091675	0.0175386	0.00126212	0.00130213	0.514921	0.00915495	0.0107722	0.0249858	0.00242568	0.064851	0.0226076	0.00633017	0.00170822	0.00232712	0.00178292	0.00785129	0.0149761	0.0172968	0.0246783	0.24406
165	0.0107784	0.00972015	0.000131414	9.23302e-05	0.0277968	0.00133065	0.000145549	0.513928	0.000170111	0.157061	0.0422411	0.00034105	0.00284783	0.00016543	0.000156259	0.00549927	0.0119323	0.213445	0.0019697	0.000248105
166	0.094576	0.0297924	0.000593527	0.000391845	0.0294427	0.0429655	0.000588635	0.15246	0.000665427	0.29256	0.0596263	0.00204351	0.000635835	0.00125509	0.000606428	0.025519	0.0529115	0.211574	0.000691319	0.00110138
167	0.282328	0.0335479	0.00636995	0.0116672	0.00792024	0.0400244	0.00512642	0.0233127	0.00276004	0.00591237	0.0100643	0.0179814	0.0121947	0.0029163	0.00424773	0.28761	0.177141	0.0657761	0.000382343	0.00271685
168	0.0562005	0.0303562	0.000362294	0.000319183	0.0307526	0.0154859	0.00041301	0.280565	0.000495204	0.146985	0.0719405	0.00664814	0.00163089	0.00296329	0.000734863	0.0267379	0.0528058	0.270353	0.00140275	0.00284861
169	0.0734962	0.0135437	0.000283016	0.000185752	0.159877	0.0103777	0.000240721	0.177948	0.000345049	0.224251	0.0433056	0.00123369	0.00690694	0.000519527	0.000275799	0.0189376	0.0422044	0.19584	0.0144218	0.0158069
170	0.0112604	0.0115521	0.000256622	0.00065828	0.0831618	0.00103977	0.000397912	0.21692	0.000343257	0.441292	0.102962	0.00125487	0.000837256	0.00158339	0.000478794	0.00354982	0.012902	0.103026	0.00182133	0.00470226
171	0.0165866	0.0113606	0.000207524	0.000138334	0.0201587	0.00118538	0.000261939	0.474797	0.000966209	0.124502	0.0313058	0.000506417	0.00214942	0.000318415	0.000260526	0.00625573	0.009383	0.297733	0.0015026	0.000420652
172	0.173607	0.0613156	0.0049607	0.00604504	0.00909124	0.141102	0.00371332	0.0254444	0.00488263	0.0148019	0.0108156	0.0132992	0.0047476	0.00622354	0.00423145	0.2095	0.258416	0.0407671	0.00207716	0.00495824
173	0.0194629	0.0371407	0.00366313	0.000636102	0.221321	0.0028464	0.0007905	0.114988	0.000725839	0.34539	0.0924706	0.00228619	0.000662643	0.00205823	0.000585515	0.0164385	0.0260115	0.0895922	0.00535973	0.01757
174	0.0348402	0.0391538	0.000945894	0.00107431	0.0251899	0.00590213	0.000920992	0.207653	0.00137629	0.177931	0.0703391	0.0277172	0.00177255	0.00485879	0.00188114	0.0640725	0.0953043	0.234432	0.0015683	0.00306712
175	0.0275378	0.0167285	0.000353776	0.000275493	0.0157489	0.00203829	0.000356393	0.381784	0.00259022	0.0778459	0.0257401	0.00145593	0.00149856	0.000826921	0.000375635	0.0106601	0.0134375	0.418818	0.000814869	0.001113
176	0.024794	0.00330856	0.0864552	0.101712	0.00198351	0.0074976	0.00778763	0.00923223	0.0451387	0.00279042	0.00172839	0.0277974	0.480893	0.0215145	0.0496591	0.0904867	0.0288168	0.00507931	0.000510688	0.00281369
177	0.111887	0.00677788	0.00177412	0.00128947	0.141292	0.029822	0.118193	0.00607303	0.0156743	0.00599582	0.00362879	0.0169758	0.0277973	0.00298355	0.0020615	0.136674	0.00681951	0.00969655	0.071784	0.282801
178	0.0249319	0.00180684	0.20589	0.0282714	0.00926037	0.0485114	0.000932081	0.00990511	0.0148257	0.00324426	0.0144532	0.325987	0.000980917	0.00790674	0.0144361	0.0697485	0.198484	0.0112279	0.000990484	0.00820583
179	0.0170894	0.00147337	0.450097	0.0797721	0.00248895	0.01206	0.054074	0.0103317	0.0166276	0.0194369	0.00170215	0.144865	0.00639485	0.030515	0.015234	0.0999511	0.0114687	0.0130136	0.000686698	0.0127183
180	0.0198183	0.00324607	0.0892497	0.112137	0.00190519	0.00688717	0.00790985	0.00801926	0.0449719	0.00245224	0.00166774	0.0253882	0.496675	0.0216317	0.0484785	0.0755864	0.0268155	0.00393311	0.000540156	0.00268666
181	0.0496428	0.00350018	0.0280616	0.0616131	0.00226425	0.0166479	0.0404826	0.00818519	0.161825	0.0215136	0.0217521	0.0642161	0.0140178	0.101667	0.258601	0.0742345	0.0339181	0.0206777	0.00323869	0.0139397
182	0.0251212	0.0155739	0.00132971	0.00125978	0.0943703	0.00601567	0.0017465	0.143973	0.00133917	0.4331	0.1115	0.00607501	0.00158373	0.00314081	0.00105683	0.0147994	0.0225051	0.0934477	0.00728086	0.0147818
183	0.225408	0.0151647	0.00189328	0.0112886	0.0333996	0.0321878	0.0299422	0.0471337	0.00216962	0.0147194	0.00399515	0.044039	0.0133895	0.014564	0.00223277	0.119189	0.235553	0.124757	0.00135527	0.0276189
184	0.222757	0.0251007	0.00478822	0.00562655	0.0111099	0.0705793	0.00345873	0.00820726	0.00995593	0.00877454	0.00404627	0.0312676	0.0180718	0.00899606	0.0043404	0.487063	0.0537814	0.0133839	0.00163158	0.0070594
185	0.0285662	0.0121159	0.0664351	0.075844	0.00556474	0.00760265	0.0067385	0.0224213	0.0338995	0.013206	0.00505455	0.0215494	0.529776	0.0167081	0.0370597	0.0650844	0.0231461	0.0239781	0.00106345	0.00418659
186	0.00711489	0.0251654	0.000809074	0.000707311	0.52858	0.0107671	0.00565025	0.0186844	0.00100407	0.102036	0.0338187	0.00766472	0.000794751	0.00119908	0.000838407	0.00382116	0.0190153	0.0207554	0.0389207	0.172653
187	0.0707006	0.0402604	0.00134312	0.0019012	0.0259998	0.0118629	0.000610149	0.291428	0.00182481	0.0745315	0.0304907	0.00572338	0.0038904	0.00426407	0.00231483	0.0382143	0.0864892	0.302694	0.00163987	0.00381688
188	0.011234	0.00953665	0.000143987	0.000108088	0.0275405	0.00130366	0.000251044	0.510613	0.000231538	0.162144	0.0414964	0.000488615	0.00290795	0.000307703	0.000188029	0.00548589	0.0119006	0.211544	0.00222024	0.000353114
189	0.292304	0.0340359	0.00648047	0.00889241	0.00859209	0.042464	0.00361931	0.0176423	0.00420358	0.00952507	0.0204217	0.0127294	0.00778094	0.00369893	0.00386682	0.323909	0.131745	0.0637187	0.00111513	0.00325607
190	0.044786	0.00325995	0.0183287	0.0617186	0.00150446	0.0164771	0.0347258	0.00620918	0.224308	0.0166901	0.0168374	0.0451494	0.0154539	0.0842966	0.266105	0.0686623	0.0424382	0.021266	0.00274663	0.00903724
