232	20
1	0.0490975	0.00214827	0.000728583	0.00119248	0.00884926	0.00366684	0.00174931	0.320019	0.000866425	0.109361	0.0147668	0.00383991	0.0011337	0.000963802	0.00143477	0.00265685	0.0179652	0.456105	0.0026047	0.000851574
2	0.0363636	0.0131439	0.00723306	0.00996938	0.0674202	0.0115198	0.017811	0.0557795	0.0366321	0.358455	0.0533112	0.0168641	0.0321709	0.033339	0.0376117	0.0255789	0.0430865	0.116169	0.00195813	0.0255833
3	0.0537231	0.0671426	0.00201249	0.00919308	0.116238	0.0194104	0.109152	0.0106959	0.0049702	0.0310177	0.0023918	0.0453539	0.00307222	0.0356967	0.0251012	0.134187	0.0539852	0.00648514	0.00817741	0.261994
4	0.05609	0.0018762	0.000711739	0.00113731	0.00691278	0.00303763	0.00151321	0.314455	0.00084049	0.0875979	0.0114188	0.00363826	0.00129217	0.000985298	0.00130596	0.00280151	0.01625	0.484589	0.00274675	0.000800682
5	0.184232	0.0535983	0.00924083	0.010767	0.00642695	0.0726042	0.00845057	0.00395638	0.00365733	0.00767958	0.00189741	0.0568534	0.00367024	0.0196701	0.00756887	0.419657	0.109441	0.014576	0.0015481	0.00450486
6	0.0222596	0.0185668	0.000964237	0.00285337	0.502394	0.00156739	0.00728898	0.0502576	0.00137356	0.134614	0.00571179	0.00356761	0.00418178	0.00164713	0.00564089	0.00986631	0.0024593	0.0146961	0.0282158	0.181874
7	0.057473	0.0237576	0.0310019	0.0381893	0.0133479	0.0589869	0.0321694	0.025799	0.0458626	0.0385603	0.055325	0.145377	0.0296644	0.0325968	0.0697306	0.16706	0.0689422	0.0476437	0.00311411	0.0153985
8	0.0769359	0.0103666	0.0999192	0.0901725	0.00632775	0.0272712	0.0363229	0.00735368	0.0408471	0.0320067	0.00825328	0.080822	0.116584	0.0632231	0.0564572	0.145862	0.0571216	0.0325813	0.00114656	0.0104253
9	0.0576587	0.0189479	0.185268	0.0519119	0.0482795	0.0232361	0.0261424	0.0127699	0.0266363	0.0378382	0.0172082	0.186865	0.0167107	0.0247341	0.036479	0.0879814	0.0534686	0.0697007	0.00421344	0.0139503
10	0.080474	0.0791994	0.00373004	0.0107945	0.0787909	0.0485718	0.108714	0.0068058	0.0056722	0.0172135	0.00301383	0.0488768	0.00280162	0.0470813	0.0172204	0.179491	0.0335156	0.00740496	0.0125716	0.208056
11	0.189381	0.0361716	0.00568237	0.00568376	0.00563431	0.0659544	0.00666726	0.00475828	0.0051628	0.0107668	0.00187598	0.0434677	0.00477265	0.0123759	0.00836747	0.451153	0.117453	0.0203116	0.0016761	0.00268438
12	0.0279553	0.107996	0.0106139	0.0186546	0.0105826	0.0585607	0.100543	0.0131168	0.121447	0.0378629	0.0458613	0.0319473	0.00645249	0.0339331	0.244026	0.0519427	0.0347677	0.0210844	0.00779612	0.0148568
13	0.0129809	0.00765038	0.00212098	0.00391917	0.138803	0.00474774	0.00576288	0.1615	0.00628795	0.360178	0.0649792	0.0033552	0.0070768	0.00604277	0.0111284	0.00851202	0.0186721	0.131761	0.0051637	0.0393581
14	0.272029	0.0609806	0.00348172	0.010831	0.00548378	0.0427633	0.00712966	0.0487327	0.0120122	0.0632732	0.00543522	0.0181466	0.00404399	0.00608702	0.0113964	0.302029	0.064703	0.0546725	0.00165354	0.00511518
15	0.180617	0.102347	0.0028785	0.00470983	0.0179521	0.00532801	0.00503572	0.0374334	0.00429022	0.0126612	0.0355728	0.00705562	0.00880519	0.00439686	0.00614985	0.0314301	0.074354	0.441665	0.00134626	0.0159709
16	0.571476	0.0447946	0.00169529	0.00339681	0.00272613	0.0760896	0.00760476	0.00489284	0.00391047	0.0206659	0.00202743	0.0166557	0.00196045	0.00243135	0.00647677	0.0935462	0.0309868	0.105979	0.000867587	0.00181639
17	0.0789867	0.0213863	0.00997285	0.0182149	0.0559234	0.0529142	0.0190323	0.0650756	0.031496	0.144436	0.0287551	0.0526407	0.0107923	0.0393473	0.0692051	0.0514184	0.147733	0.0800459	0.00481615	0.0178079
18	0.0707677	0.0102425	0.280174	0.138568	0.00250585	0.0109511	0.0174529	0.0014583	0.0327527	0.00273995	0.00124128	0.119092	0.0123201	0.0264061	0.0270025	0.138325	0.0878939	0.0141054	0.000430983	0.00557009
19	0.0604796	0.00827992	0.0217162	0.036618	0.00104228	0.0417707	0.0541674	0.017949	0.102522	0.0297677	0.0112624	0.0897052	0.0348553	0.0594561	0.158513	0.143169	0.0897177	0.0266094	0.000699339	0.0116998
20	0.141271	0.0268006	0.0572307	0.0331626	0.016335	0.439304	0.0138053	0.00912032	0.0158187	0.0139218	0.0094081	0.0369732	0.00795727	0.011064	0.0206804	0.0768866	0.0304323	0.0261733	0.00245221	0.0112025
21	0.0233135	0.0185187	0.00101228	0.00289755	0.489432	0.00187966	0.00706174	0.0508984	0.00159303	0.145171	0.00854997	0.00369541	0.00442607	0.00178228	0.006276	0.0109031	0.00283456	0.016512	0.0267828	0.17646
22	0.0134445	0.0280808	0.00700478	0.0162177	0.00725335	0.0273169	0.0739919	0.0112728	0.208814	0.0624723	0.0137533	0.0478864	0.00402874	0.0520437	0.320913	0.0427212	0.030833	0.0112294	0.00946687	0.011256
23	0.049174	0.00196032	0.000724546	0.00128122	0.00700551	0.00332194	0.00179617	0.331101	0.000887839	0.0889176	0.0128094	0.00350764	0.00109303	0.00105686	0.00132454	0.00277444	0.0169494	0.470132	0.00329498	0.000887939
24	0.0221946	0.0183486	0.000955945	0.00284525	0.504448	0.00151491	0.00671362	0.0504827	0.0013416	0.135218	0.00573839	0.00333075	0.00420396	0.00141185	0.00553086	0.00908685	0.00216781	0.0148015	0.0282423	0.181423
25	0.0872016	0.0515235	0.0828299	0.0371336	0.0084629	0.0442476	0.0207029	0.00454588	0.0101454	0.00732022	0.00496672	0.101617	0.00670662	0.0455024	0.0143201	0.353307	0.0958256	0.0117221	0.00212655	0.00979191
26	0.132115	0.0920132	0.0092034	0.0166364	0.0221901	0.0179525	0.0116684	0.064869	0.014047	0.0372561	0.0295499	0.0212275	0.00770323	0.0181268	0.0161399	0.0698776	0.184484	0.215804	0.00373615	0.0154
27	0.0219659	0.0181182	0.00120085	0.00308369	0.476855	0.00181371	0.00670755	0.0521676	0.00245297	0.157715	0.00967569	0.00344042	0.00502808	0.00242024	0.00664634	0.00953742	0.00342264	0.0209502	0.0259811	0.170817
28	0.0171783	0.0252249	0.00429921	0.0216199	0.00262521	0.0290238	0.0639459	0.0117688	0.224185	0.0401384	0.0137712	0.0416544	0.00708501	0.0478178	0.327481	0.043825	0.0460658	0.0151537	0.0079264	0.00920979
29	0.0759158	0.00940122	0.0594454	0.346347	0.0033078	0.00941546	0.0189366	0.00629033	0.10407	0.0322862	0.00577129	0.0365608	0.0624702	0.104693	0.0410851	0.0264874	0.0209344	0.0314469	0.00131832	0.00381636
30	0.0735193	0.0149287	0.0093716	0.0240775	0.0183756	0.0255443	0.0241451	0.0736764	0.0742122	0.0950857	0.0464958	0.0329342	0.0108712	0.0750154	0.0933643	0.117781	0.1163	0.0585829	0.0029028	0.012816
31	0.0231495	0.0168361	0.00143834	0.00316228	0.443782	0.00188946	0.00859301	0.0579218	0.0042964	0.174933	0.0157842	0.00407034	0.00718306	0.00282909	0.00808155	0.0102158	0.00517877	0.0264071	0.023987	0.160261
32	0.0773583	0.0757937	0.0153579	0.0270927	0.0184977	0.109191	0.0862708	0.00613593	0.0135239	0.0106279	0.00813251	0.031761	0.00464668	0.0678896	0.0458755	0.28017	0.0313913	0.0163197	0.00558609	0.0683782
33	0.00952071	0.0316316	0.00116915	0.00713952	0.00171926	0.0171085	0.0624817	0.00497621	0.226501	0.0297869	0.0106655	0.0260618	0.00141871	0.032325	0.46567	0.0278492	0.0225399	0.00650733	0.00617435	0.00875352
34	0.149859	0.053753	0.00377731	0.00533139	0.0154802	0.00890374	0.00601657	0.111879	0.00583403	0.0309284	0.0366619	0.00839123	0.0188037	0.00692069	0.00699312	0.0401586	0.0529562	0.422916	0.00251584	0.0119204
35	0.114931	0.0114911	0.0567201	0.239543	0.00387071	0.0181618	0.044615	0.0116047	0.0809199	0.0238476	0.00652791	0.0484026	0.034789	0.0857212	0.0649829	0.0735087	0.0407566	0.0291297	0.00167042	0.00880641
36	0.0691459	0.0308714	0.0841792	0.0444246	0.0191971	0.168514	0.0349689	0.0272222	0.0343189	0.0444797	0.0836767	0.0527826	0.0215125	0.0256539	0.0404014	0.0898219	0.0465889	0.0533268	0.00515727	0.0237568
37	0.0136108	0.0065777	0.00493558	0.00833654	0.051219	0.00660108	0.00650194	0.14052	0.0178602	0.423323	0.0642255	0.00526972	0.0136316	0.0153013	0.0243306	0.0103714	0.0244039	0.152095	0.000545178	0.0103404
38	0.0221946	0.0183486	0.000955945	0.00284525	0.504448	0.00151491	0.00671362	0.0504827	0.0013416	0.135218	0.00573839	0.00333075	0.00420396	0.00141185	0.00553086	0.00908685	0.00216781	0.0148015	0.0282423	0.181423
39	0.0391701	0.0165269	0.0128344	0.0309272	0.0131441	0.043903	0.0389355	0.0279938	0.115084	0.102748	0.0197498	0.0602365	0.0178716	0.065654	0.199743	0.0578571	0.0669034	0.0558996	0.0047145	0.010103
40	0.0280485	0.0109268	0.00347744	0.00470783	0.212421	0.00480017	0.00826404	0.0582611	0.0147607	0.367113	0.0572152	0.00694932	0.0174382	0.0102929	0.0215552	0.0173685	0.0210994	0.0762359	0.00645427	0.0526101
41	0.612516	0.0501705	0.00153615	0.00273996	0.00243226	0.0494049	0.00840398	0.00339609	0.00291031	0.02129	0.00168503	0.0147232	0.00131393	0.00196964	0.00454139	0.0675606	0.0294337	0.121351	0.000795154	0.00182561
42	0.0072873	0.00473744	0.00181917	0.00329563	0.0518257	0.0054017	0.00414227	0.223893	0.00245655	0.399009	0.0740112	0.00219816	0.00254115	0.00345554	0.00735858	0.00547506	0.0199758	0.175242	0.000476226	0.00539856
43	0.298201	0.0653342	0.00313881	0.00582168	0.011989	0.0242686	0.00746873	0.0454477	0.00617429	0.0245189	0.0202979	0.011641	0.00684119	0.00665398	0.00867854	0.0528507	0.067755	0.321391	0.00168309	0.0098437
44	0.165749	0.0350325	0.0103992	0.0122329	0.0245123	0.537482	0.00805844	0.00528653	0.0108803	0.00910932	0.00487512	0.0371503	0.00222616	0.00688171	0.018197	0.0606558	0.0308726	0.0123452	0.00149622	0.00655819
45	0.0182403	0.0116603	0.00741939	0.0830507	0.00734552	0.209175	0.00995639	0.0572197	0.011664	0.0142346	0.0333724	0.229364	0.00452474	0.00784966	0.0831835	0.0985207	0.0634518	0.0400626	0.00251737	0.00718735
46	0.00954547	0.0333395	0.00115926	0.00660106	0.00172053	0.0165824	0.0636509	0.00476166	0.219511	0.0289529	0.0103995	0.0246827	0.00126098	0.0321702	0.475683	0.0274869	0.0208593	0.00633121	0.00596928	0.00933264
47	0.0805571	0.0423862	0.0433907	0.053157	0.0090279	0.03009	0.0358404	0.00911021	0.0422377	0.0505203	0.010092	0.0742801	0.13445	0.0422818	0.0801702	0.135633	0.0656749	0.033789	0.00138961	0.0259211
48	0.0331636	0.00311825	0.000920468	0.00157696	0.0180409	0.00612831	0.00259473	0.318027	0.000994102	0.170936	0.0298981	0.00302734	0.000927062	0.00125167	0.002346	0.00283887	0.0198336	0.380775	0.00199179	0.00161042
49	0.0983574	0.0878652	0.0417638	0.0519114	0.0139133	0.174583	0.0728379	0.0102348	0.0293184	0.0126921	0.0120516	0.0228704	0.00391029	0.0291452	0.0154994	0.177369	0.0286259	0.0427262	0.00478695	0.0695375
50	0.0875585	0.0100469	0.0786524	0.44557	0.001981	0.00313056	0.0117048	0.00212693	0.096089	0.016373	0.00196043	0.0277593	0.0464336	0.105539	0.0105403	0.0147837	0.0100785	0.0269739	0.000744979	0.00195294
51	0.0188637	0.00934751	0.00588399	0.0070233	0.0771643	0.00581841	0.0110339	0.0593613	0.0298008	0.452782	0.0632775	0.00929526	0.0334287	0.0213071	0.0291568	0.0156158	0.0279282	0.100562	0.000488115	0.0218612
52	0.136813	0.0585396	0.0390182	0.0491369	0.0152451	0.0762789	0.0276738	0.00320987	0.0063767	0.00597405	0.00367209	0.0639553	0.00499435	0.033961	0.0170284	0.314042	0.116173	0.0129202	0.00185853	0.013128
53	0.0249061	0.0183941	0.00180147	0.00320339	0.466227	0.00199813	0.00813129	0.0509678	0.00434282	0.15386	0.0100546	0.00450093	0.00852495	0.00319391	0.00790191	0.0106341	0.00466041	0.0210716	0.0261214	0.169504
54	0.0134263	0.0253116	0.00421342	0.0168833	0.00388841	0.0244717	0.0670122	0.00938982	0.230819	0.0435116	0.0151331	0.041198	0.00532224	0.0449091	0.345954	0.0407018	0.0360394	0.0113426	0.0104108	0.0100618
55	0.167848	0.0347716	0.0141517	0.0180597	0.0224226	0.0843509	0.0267313	0.00835797	0.00967009	0.0159423	0.00559193	0.0342637	0.00472809	0.0165087	0.0142254	0.340214	0.129745	0.0406506	0.00249079	0.00927484
56	0.0937589	0.00862671	0.0837895	0.425839	0.00189098	0.00334407	0.0129877	0.00202034	0.0886874	0.0167568	0.00190323	0.0354683	0.0529926	0.0958612	0.0114158	0.0186047	0.0125165	0.030768	0.000738952	0.00202916
57	0.0493118	0.00193918	0.000697142	0.00119733	0.0071386	0.00331629	0.00167269	0.328129	0.000858906	0.091611	0.0129449	0.00350377	0.00109647	0.000975897	0.00129405	0.00263847	0.0170047	0.47083	0.00296372	0.000876398
58	0.0205932	0.020537	0.00614255	0.020491	0.0128887	0.0270027	0.0341582	0.0464962	0.196548	0.13029	0.0191502	0.0308722	0.00916163	0.0497326	0.239703	0.0297965	0.0469864	0.0446164	0.00602313	0.00881116
59	0.215904	0.0228924	0.00654614	0.0112833	0.0146372	0.526607	0.00598875	0.00353784	0.0105661	0.00641516	0.00514764	0.053793	0.0022891	0.00351998	0.0223109	0.0630546	0.0123131	0.00776449	0.00170266	0.00372642
60	0.053895	0.00191551	0.000697655	0.00113532	0.00724875	0.00322925	0.00162397	0.320013	0.000824882	0.0911626	0.01211	0.00361704	0.00117044	0.000952592	0.00131644	0.00271614	0.0165998	0.476225	0.00272941	0.000817045
61	0.0094388	0.0329953	0.00114076	0.00672229	0.00172482	0.0164899	0.0632489	0.00471909	0.220913	0.0284089	0.0104458	0.0245392	0.00126001	0.0322	0.476481	0.0271812	0.0209988	0.00615608	0.00599815	0.00893809
62	0.00960103	0.00479079	0.00233199	0.00331401	0.0657358	0.0042631	0.00461043	0.157708	0.00764187	0.443725	0.0827441	0.00283907	0.00835417	0.00645987	0.0130235	0.00819034	0.0200908	0.143618	0.00042858	0.0105301
63	0.0623509	0.00816879	0.0239414	0.037919	0.00136321	0.0424329	0.0530598	0.0187021	0.0999368	0.0342049	0.0116651	0.0854636	0.0378642	0.0599658	0.150998	0.145855	0.0882187	0.0261517	0.000743477	0.0109953
64	0.0130834	0.0253623	0.00238232	0.0125402	0.00341668	0.034204	0.0554681	0.0109089	0.229744	0.049758	0.0134162	0.0418833	0.00505405	0.0370874	0.369202	0.0340429	0.0327342	0.0140655	0.00773008	0.00791661
65	0.0874789	0.00985437	0.0824063	0.441025	0.00195045	0.00331897	0.0117855	0.00208218	0.0944212	0.0162453	0.00186671	0.0301873	0.0465998	0.101842	0.010877	0.0168783	0.0114281	0.0270231	0.000815887	0.00191343
66	0.0216371	0.0295479	0.00841337	0.0239097	0.00982129	0.0201098	0.0863543	0.0199748	0.201131	0.0701403	0.0216427	0.0480012	0.00547789	0.0540816	0.253757	0.0335853	0.036566	0.0206152	0.0151373	0.0200965
67	0.0181783	0.00400663	0.00113877	0.00181032	0.0304681	0.00583063	0.00329006	0.28306	0.00104252	0.284316	0.0519739	0.00232748	0.00075264	0.00166802	0.00402231	0.00348565	0.0199764	0.278953	0.00106456	0.00263448
68	0.0567974	0.00223658	0.000728775	0.00115428	0.00732953	0.00309185	0.0015798	0.312576	0.000847193	0.0879014	0.0118783	0.00362261	0.00133628	0.000984014	0.00133132	0.00299203	0.0162955	0.483669	0.00270799	0.000939844
69	0.0560206	0.00187429	0.000712377	0.00113611	0.00687262	0.00304433	0.00150482	0.314444	0.000850643	0.0876075	0.0114209	0.00362684	0.00129219	0.000984394	0.00130212	0.00280426	0.0162766	0.48468	0.00275089	0.000795262
70	0.0590618	0.00261032	0.000750252	0.00117887	0.00697012	0.00317966	0.00159518	0.311791	0.000904949	0.0858469	0.0114304	0.00370635	0.00144432	0.00101121	0.00137095	0.00313037	0.0164762	0.483905	0.00268643	0.00094985
71	0.039701	0.0161308	0.00956325	0.0126144	0.0674756	0.0284009	0.0116608	0.0744141	0.024371	0.324003	0.049957	0.0118145	0.0181158	0.0271002	0.0279116	0.0290312	0.057171	0.136525	0.00347061	0.0305683
72	0.0931063	0.00897326	0.0823009	0.427491	0.00185358	0.0033539	0.0128403	0.00207282	0.0897363	0.0179762	0.00195235	0.0339742	0.0521144	0.0968601	0.0118713	0.0176917	0.0125446	0.030478	0.000765624	0.0020433
73	0.0160909	0.0156972	0.034715	0.0613845	0.0413922	0.00724833	0.188998	0.0137987	0.0720933	0.0765637	0.00839987	0.0878706	0.00248603	0.121986	0.116389	0.0475453	0.0203197	0.0110877	0.0159525	0.0399817
74	0.0475384	0.0119286	0.0153185	0.0331166	0.00140977	0.0366281	0.0547495	0.0158546	0.150659	0.0319829	0.0127506	0.0744012	0.0268361	0.0531334	0.211174	0.110603	0.0752972	0.0225758	0.00313575	0.010907
75	0.0498795	0.002068	0.000671677	0.00114031	0.00800643	0.00357237	0.00171647	0.323542	0.00081491	0.101343	0.0137446	0.00353818	0.00108811	0.000943104	0.00130286	0.00257263	0.01768	0.46291	0.00267056	0.000795823
76	0.0418847	0.0469378	0.00196666	0.0138573	0.286943	0.00750509	0.0693245	0.0274417	0.00484454	0.0773842	0.00457114	0.026642	0.00527371	0.0161641	0.0232627	0.0625605	0.0273549	0.0120785	0.0162263	0.227777
77	0.0162068	0.0042285	0.00135347	0.00210852	0.0337114	0.00576431	0.00347268	0.264768	0.0017963	0.310574	0.0563874	0.00226797	0.00144569	0.00221187	0.00503597	0.00402887	0.0195447	0.260355	0.000992838	0.00374573
78	0.0423184	0.0434507	0.0105301	0.019864	0.155196	0.0140164	0.0986637	0.0242591	0.0228442	0.0966725	0.0110064	0.0390706	0.00948995	0.0394301	0.0412303	0.0757142	0.0369048	0.0230473	0.0139728	0.182319
79	0.0614403	0.0075065	0.066235	0.0559587	0.00135268	0.0383501	0.0458491	0.0149092	0.0882124	0.0246451	0.00903772	0.0972217	0.0375248	0.0545107	0.129206	0.147617	0.0859788	0.0237782	0.000621047	0.0100447
80	0.0195831	0.0106729	0.0072093	0.00947137	0.0653244	0.0065837	0.0118545	0.0565488	0.0372199	0.43836	0.055961	0.00986585	0.038382	0.0242991	0.0341779	0.0154969	0.0306257	0.10926	0.000474606	0.0186288
81	0.0166889	0.00799987	0.0132804	0.023485	0.0468123	0.0103567	0.00795858	0.0966485	0.03256	0.41076	0.0520655	0.0083408	0.019216	0.0343198	0.0335859	0.0112172	0.0280879	0.135473	0.000615942	0.0105282
82	0.0150379	0.0168801	0.0396814	0.0582756	0.0392482	0.00770181	0.183334	0.0147655	0.0745976	0.0862018	0.0088502	0.085972	0.00226938	0.126444	0.118651	0.040763	0.0177316	0.0103264	0.0179885	0.0352802
83	0.0449938	0.0198225	0.0134743	0.098915	0.00780228	0.0236387	0.0798943	0.0371218	0.0813227	0.0539347	0.011715	0.0522097	0.0136657	0.128998	0.115396	0.0713233	0.0761	0.0509674	0.00326316	0.0154415
84	0.0195157	0.00400404	0.00114833	0.00193498	0.0304379	0.00605055	0.00337715	0.280991	0.00117516	0.280868	0.0506066	0.00244163	0.000947303	0.00205803	0.00409203	0.00370745	0.0210552	0.281777	0.00111296	0.00269888
85	0.0713309	0.0095434	0.276676	0.155558	0.00227173	0.0100553	0.0170821	0.00145619	0.0358209	0.00320512	0.00119661	0.11475	0.0153967	0.0291769	0.0270675	0.12773	0.0812921	0.0148168	0.000418183	0.00515553
86	0.0770136	0.0261733	0.0690422	0.0544266	0.0174728	0.0452439	0.0305991	0.0200336	0.046722	0.0326218	0.0146895	0.100523	0.0173254	0.0349752	0.0653661	0.16029	0.131021	0.0367014	0.0029984	0.0167617
87	0.10853	0.0273237	0.00285639	0.0138055	0.0552629	0.0363316	0.0165886	0.0750966	0.0169821	0.0985592	0.0451693	0.0114868	0.00252019	0.065296	0.0307494	0.0617559	0.120734	0.170634	0.0122417	0.0280769
88	0.103072	0.00746107	0.0324203	0.0433051	0.00741024	0.0453275	0.0237315	0.00509254	0.0309189	0.0484631	0.0165523	0.0594446	0.19555	0.0360183	0.031079	0.207962	0.0411114	0.0544692	0.00142212	0.00918869
89	0.0761033	0.0237017	0.0798884	0.0641075	0.0232451	0.0598335	0.0394077	0.0223226	0.0509614	0.0388313	0.0171314	0.140187	0.020096	0.038003	0.0663321	0.116532	0.0611788	0.0383382	0.00398149	0.0198175
90	0.0513321	0.00903128	0.0194215	0.0459101	0.0133794	0.0326688	0.0343712	0.0113777	0.0244792	0.0977872	0.0116506	0.0347963	0.306546	0.0506317	0.0559148	0.0830665	0.0499003	0.0550284	0.00123782	0.0114696
91	0.00983438	0.02724	0.00109841	0.0100386	0.00248484	0.0242132	0.0600932	0.00844409	0.241324	0.0462043	0.0128005	0.0366822	0.00187525	0.0347139	0.397087	0.0306789	0.029842	0.00919957	0.00825475	0.00789184
92	0.173941	0.0268017	0.00969946	0.0125692	0.0163045	0.570044	0.00654898	0.00398701	0.0115929	0.00712488	0.00539222	0.0392461	0.00219741	0.00418349	0.017661	0.0565291	0.019097	0.0111685	0.00127962	0.00463155
93	0.0186344	0.00387996	0.00120052	0.00188674	0.0308781	0.00518321	0.00317078	0.278163	0.00103554	0.291987	0.0519142	0.00237274	0.00080647	0.00181237	0.00419735	0.00380199	0.0195192	0.27554	0.00115264	0.00286458
94	0.109257	0.243577	0.00818799	0.0147867	0.110516	0.0347089	0.0270317	0.0220233	0.0102243	0.0526227	0.0127667	0.022837	0.0062834	0.0256469	0.0163872	0.0803265	0.0474115	0.074693	0.00699612	0.0737157
95	0.138233	0.0832642	0.056067	0.0560068	0.0118236	0.0570472	0.025009	0.00432149	0.0104359	0.0154532	0.00454622	0.0674498	0.00647895	0.0302725	0.0143596	0.282254	0.0921252	0.0172123	0.00183841	0.0258017
96	0.0163813	0.00457618	0.00123978	0.00204759	0.0316874	0.0056504	0.00337814	0.276144	0.00106242	0.299469	0.0554137	0.00224899	0.000824436	0.00189053	0.00433696	0.00368738	0.0194768	0.266588	0.000996105	0.00290047
97	0.256478	0.059555	0.00674687	0.00996901	0.00664439	0.0508231	0.00730802	0.0117757	0.00731226	0.0222798	0.00598539	0.0410191	0.00532213	0.0111392	0.00955072	0.308641	0.092102	0.0807667	0.00142606	0.00515508
98	0.00798444	0.00442399	0.00199281	0.00307334	0.0605429	0.00459424	0.00430651	0.175343	0.00593883	0.436138	0.0839411	0.00231868	0.00656123	0.00561127	0.0112909	0.00740817	0.019296	0.148569	0.000390672	0.0102751
99	0.537049	0.0553703	0.00177931	0.00288145	0.00493925	0.0395465	0.00778096	0.00945161	0.00299739	0.0182149	0.00745665	0.0132803	0.00258272	0.00215407	0.00437514	0.0554825	0.0407762	0.189039	0.000930657	0.00391209
100	0.0570697	0.236038	0.00474715	0.0110847	0.0860201	0.0146834	0.052162	0.0116526	0.00652357	0.0576477	0.00561427	0.0288564	0.00417556	0.032298	0.0186333	0.124198	0.0678472	0.0211571	0.00492603	0.154666
101	0.0249419	0.0281704	0.00818235	0.0101847	0.0605784	0.00844768	0.0160424	0.0482096	0.0325018	0.412327	0.0489288	0.0140517	0.0697072	0.0226638	0.0303357	0.0220098	0.0323164	0.0894321	0.00130259	0.019666
102	0.111067	0.0399996	0.0254056	0.053505	0.0137047	0.250727	0.0576476	0.0122246	0.0287817	0.0159985	0.0325256	0.0436666	0.0124802	0.0254328	0.0347593	0.153482	0.0347738	0.0272889	0.00316983	0.0233593
103	0.0197554	0.010567	0.00724484	0.00959109	0.065658	0.00672499	0.0117525	0.0563003	0.0375448	0.438611	0.0555589	0.0098903	0.0373239	0.024718	0.0344473	0.015579	0.0306086	0.108993	0.000452312	0.0186785
104	0.0567011	0.00772383	0.01914	0.0381607	0.00197909	0.0379584	0.0580468	0.0214341	0.105043	0.0356252	0.01412	0.0840264	0.0315323	0.0733942	0.156133	0.135741	0.0852295	0.025481	0.00110986	0.0114201
105	0.0428972	0.0105225	0.0131297	0.0306675	0.00304577	0.0417543	0.0432464	0.0170727	0.153125	0.0343788	0.0195106	0.0709835	0.0402266	0.0576359	0.197075	0.0903867	0.0728305	0.0471929	0.00276266	0.0115559
106	0.152583	0.0270636	0.0114029	0.0162908	0.0173659	0.554049	0.0120597	0.00503502	0.0145936	0.0094611	0.00705303	0.0405861	0.00399666	0.0076962	0.0230459	0.0574905	0.0202523	0.0124191	0.00140503	0.00614999
107	0.048731	0.016853	0.0189155	0.12726	0.0157375	0.0114822	0.128185	0.0294104	0.0641278	0.0603352	0.00872143	0.05542	0.0069329	0.15624	0.0934485	0.0397772	0.0476871	0.0375064	0.00679631	0.0264323
108	0.0487184	0.00201163	0.000758183	0.00120692	0.00841824	0.00356566	0.00177418	0.321892	0.00079093	0.104448	0.0147768	0.00343228	0.00108176	0.000986796	0.00143289	0.00261962	0.0170223	0.461521	0.00268046	0.000861021
109	0.015701	0.0169418	0.0376831	0.0546827	0.0396533	0.00887732	0.172257	0.0155211	0.0762863	0.0901129	0.00954119	0.0864385	0.00233224	0.12895	0.124327	0.0391022	0.0185542	0.0113874	0.0190673	0.0325831
110	0.0506038	0.0020547	0.0006697	0.00115385	0.00759801	0.00337674	0.0017309	0.324799	0.000850922	0.0963607	0.0128739	0.00357513	0.00112989	0.000912425	0.00128905	0.0025353	0.0171721	0.467734	0.00275473	0.000825174
111	0.0211551	0.0241074	0.0476656	0.0788221	0.0311975	0.0106807	0.165887	0.0148262	0.0872693	0.0902767	0.011338	0.0801622	0.00587974	0.1088	0.106857	0.0392771	0.0195118	0.0134484	0.0141183	0.0287203
112	0.0207892	0.0154322	0.0424002	0.0501483	0.0396288	0.0106529	0.15773	0.0216966	0.0669269	0.0915691	0.0102668	0.106214	0.00349946	0.115443	0.126789	0.0397455	0.0201488	0.0172753	0.0151876	0.0284559
113	0.525445	0.0674968	0.00272373	0.00454869	0.00481963	0.0424169	0.00859069	0.00950217	0.00442259	0.0236336	0.00728359	0.0148486	0.00241202	0.00350396	0.00541864	0.0677138	0.036622	0.162742	0.000969971	0.00488619
114	0.049186	0.0337724	0.0260251	0.0405884	0.0482378	0.0275665	0.13785	0.0228413	0.0653605	0.0581829	0.0156774	0.0600337	0.0236938	0.0623981	0.0981569	0.0833009	0.0422167	0.0317463	0.0108288	0.0623371
115	0.0742775	0.0152009	0.258423	0.140242	0.00377068	0.0204895	0.0188515	0.00281827	0.0309724	0.00376236	0.00176459	0.111187	0.0117912	0.0241434	0.0244647	0.145295	0.0848922	0.0188593	0.00057207	0.00822206
116	0.189563	0.0422682	0.00666718	0.00735769	0.00556618	0.0674605	0.00666097	0.00438614	0.0042734	0.00951665	0.00181563	0.050367	0.00458511	0.0148205	0.0074414	0.439296	0.115795	0.017666	0.00161717	0.00287677
117	0.0969143	0.00775147	0.0948308	0.0855233	0.0066087	0.0323672	0.038836	0.00435646	0.0289638	0.0270266	0.00727135	0.0960125	0.125023	0.0478664	0.0480351	0.159911	0.048762	0.0342908	0.0009652	0.00868326
118	0.0114877	0.00420796	0.00138362	0.00226457	0.0368044	0.00578439	0.00366202	0.260434	0.00111067	0.34092	0.0624936	0.00197995	0.000865609	0.00226633	0.00503955	0.00404975	0.0199381	0.231115	0.0007453	0.00344745
119	0.324204	0.0260645	0.00290498	0.00425686	0.00594141	0.0647176	0.00712663	0.00975225	0.0127654	0.0226649	0.00300485	0.0185618	0.00524133	0.00489885	0.0186572	0.314163	0.0912072	0.0590297	0.00147545	0.00336264
120	0.0712539	0.366803	0.00674639	0.0121397	0.0564999	0.0254022	0.0328693	0.00733988	0.00738437	0.0371619	0.00600958	0.0249535	0.00391491	0.0535291	0.0137734	0.127708	0.0341626	0.0186837	0.00502912	0.0886351
121	0.009146	0.00453405	0.00198168	0.0031974	0.0694602	0.0041026	0.00434357	0.15392	0.0068227	0.453166	0.086258	0.00266203	0.00765373	0.00620776	0.0127407	0.0080857	0.0197089	0.135019	0.000422426	0.0105667
122	0.17438	0.0627373	0.0140036	0.0177767	0.00816915	0.0772685	0.0145287	0.00334369	0.00385205	0.00602076	0.00237285	0.05836	0.00319638	0.029964	0.00846958	0.384186	0.109197	0.0121818	0.00164202	0.00834958
123	0.00982725	0.00490146	0.00242629	0.00346285	0.0682169	0.00431361	0.00503683	0.147786	0.00892845	0.451238	0.0845449	0.00337516	0.0102276	0.00719323	0.0139057	0.00882905	0.0216137	0.132464	0.000378663	0.0113307
124	0.180951	0.0388382	0.00624636	0.00618919	0.00577976	0.0634759	0.00695979	0.00445872	0.00482328	0.00979708	0.00187192	0.0476091	0.0046789	0.0138122	0.00771469	0.457155	0.116746	0.0184178	0.00167271	0.00280228
125	0.0323701	0.0221674	0.0180345	0.0107747	0.0583397	0.00733285	0.0434204	0.0304499	0.0465809	0.317737	0.0635699	0.0358307	0.0626198	0.0391002	0.0366324	0.0374149	0.0308909	0.0804911	0.00152845	0.0247145
126	0.064417	0.0109908	0.279431	0.137548	0.00261486	0.0111517	0.017621	0.0023344	0.0307852	0.00317127	0.00209355	0.121503	0.0114629	0.023805	0.0267219	0.137566	0.0927713	0.0147613	0.000603461	0.00864638
127	0.209171	0.0277592	0.00774353	0.0109606	0.015535	0.545738	0.00672228	0.0034697	0.00934794	0.00660055	0.00477761	0.0366492	0.00200192	0.00383866	0.016503	0.0532036	0.0169813	0.0178031	0.00118682	0.00400721
128	0.060292	0.00760519	0.0205314	0.0360448	0.00112515	0.0424023	0.0532079	0.0188217	0.104179	0.030641	0.0124056	0.0870951	0.0337984	0.0620765	0.158571	0.144506	0.0889313	0.0256193	0.000760475	0.0113863
129	0.0200469	0.0114195	0.00789716	0.0121472	0.0622569	0.00998514	0.0117843	0.0568326	0.0515431	0.410584	0.0493597	0.0112802	0.0316027	0.0288343	0.0477399	0.0154281	0.0313642	0.112427	0.000664289	0.0168021
130	0.0160229	0.00398698	0.00155126	0.00250247	0.0338846	0.00534293	0.0049129	0.263006	0.00188483	0.317709	0.0569662	0.00252422	0.00172314	0.00289869	0.00580673	0.00445652	0.0193005	0.250828	0.00109724	0.00359491
131	0.580898	0.0480925	0.00367235	0.0045571	0.00471523	0.0519093	0.0142424	0.00637438	0.00382985	0.0224795	0.00396652	0.0149261	0.00183892	0.00389815	0.00578061	0.0630351	0.031098	0.129415	0.00132392	0.00394781
132	0.148819	0.0372934	0.0230873	0.022021	0.00921055	0.0558691	0.0171105	0.0109454	0.0181789	0.0176229	0.00691008	0.0544789	0.00946211	0.0217264	0.0267867	0.353814	0.128368	0.0283499	0.0021433	0.00780286
133	0.287265	0.0339866	0.00337785	0.00526529	0.00517004	0.0513557	0.00600923	0.0161243	0.00871509	0.0335238	0.00299901	0.0247313	0.00524767	0.00637097	0.0111941	0.36828	0.0831947	0.0422998	0.00170068	0.00318835
134	0.10972	0.0440859	0.0153427	0.0242075	0.0211344	0.112353	0.0387062	0.0145872	0.0223067	0.0255359	0.0120602	0.0441332	0.0123263	0.0302063	0.0319542	0.27439	0.063297	0.0318661	0.0373279	0.034459
135	0.019467	0.0366106	0.0309469	0.0816766	0.00778255	0.0100725	0.0105159	0.0740014	0.0347994	0.0132448	0.0626208	0.0592972	0.00450133	0.00806883	0.0106402	0.196717	0.185259	0.143457	0.00204514	0.00827572
136	0.00909419	0.0299871	0.00108273	0.00828459	0.00199587	0.0193844	0.0615675	0.00569172	0.233491	0.0342008	0.0117951	0.0294328	0.00152065	0.0336407	0.44328	0.0283347	0.0245561	0.00713677	0.00710626	0.00841646
137	0.152898	0.0276598	0.0132171	0.0171274	0.0158928	0.52463	0.0127366	0.00704325	0.0180624	0.0131859	0.0082807	0.0405613	0.00571993	0.00832003	0.0265773	0.0626265	0.0213324	0.0151456	0.00203614	0.00694705
138	0.0923252	0.0350555	0.0479889	0.0405705	0.0170956	0.03549	0.0323848	0.0341296	0.0431131	0.0481793	0.0186795	0.0555363	0.0206234	0.0367184	0.0613894	0.139788	0.14801	0.0700977	0.00401246	0.0188123
139	0.0203565	0.00375392	0.00113402	0.00186597	0.0298191	0.00508389	0.00338551	0.276681	0.00155328	0.285789	0.0500672	0.00243197	0.00139386	0.00195982	0.0045789	0.00369786	0.0192872	0.282718	0.00122715	0.00321593
140	0.0443325	0.00228822	0.000720479	0.00125161	0.00908797	0.00389134	0.00195911	0.337348	0.000912914	0.103719	0.0163505	0.00334481	0.000994986	0.00102395	0.00138052	0.00262754	0.0176562	0.447148	0.00295441	0.00100764
141	0.0212429	0.027674	0.00814571	0.0173506	0.00589674	0.024636	0.0631996	0.0117388	0.180778	0.0407782	0.0128926	0.0399332	0.00899801	0.041841	0.378257	0.0483936	0.0335855	0.0167301	0.00653991	0.0113883
142	0.048136	0.00198895	0.000686984	0.00125717	0.00737745	0.00357251	0.00172281	0.332656	0.000866311	0.0927406	0.0129227	0.00352893	0.00103307	0.000969257	0.00130455	0.00261118	0.0174856	0.465302	0.00295487	0.0008832
143	0.0221966	0.0183817	0.00095555	0.00288013	0.504063	0.00150474	0.00681668	0.0504791	0.00135081	0.135061	0.00572761	0.00333322	0.00422561	0.00141974	0.00561437	0.00911224	0.00217652	0.0147858	0.0282906	0.181624
144	0.0584946	0.0121223	0.279892	0.11109	0.00397087	0.0124136	0.0167936	0.00203509	0.0321154	0.00339932	0.00232739	0.147045	0.00934268	0.0225283	0.0283073	0.150555	0.0875583	0.0135232	0.000691834	0.00579427
145	0.230273	0.0291285	0.00833222	0.0112596	0.00791204	0.0559902	0.00999902	0.00984311	0.00949168	0.0203775	0.0047752	0.034841	0.0315842	0.012509	0.0146602	0.345309	0.123586	0.0333664	0.00184397	0.00491794
146	0.145404	0.0107395	0.0512465	0.0309857	0.0330699	0.0111303	0.0337786	0.0103347	0.0126511	0.137837	0.0661836	0.0822721	0.0105979	0.0552374	0.0764071	0.0704783	0.0203453	0.129705	0.00208131	0.00951411
147	0.0659666	0.0117697	0.270936	0.13284	0.00321836	0.0127697	0.0211238	0.0020094	0.0299025	0.00308904	0.00193838	0.116733	0.0111552	0.024423	0.0269056	0.146761	0.0972691	0.0140435	0.000536117	0.00660995
148	0.162335	0.0274071	0.0113138	0.0134731	0.0280781	0.52436	0.0106901	0.00798722	0.0127037	0.0157696	0.00762729	0.038891	0.0029347	0.00760813	0.0298928	0.0513571	0.0208638	0.0163604	0.00214852	0.00819841
149	0.069834	0.0102657	0.138065	0.0912596	0.0022263	0.0266557	0.0334321	0.00996598	0.0672325	0.015944	0.00644907	0.103179	0.0272405	0.0462585	0.0800501	0.149754	0.0898752	0.0237595	0.000569075	0.00798406
150	0.0196248	0.0272826	0.0112666	0.0225324	0.0272259	0.0343926	0.035537	0.0488385	0.171613	0.189288	0.0187449	0.0308813	0.00718456	0.0813583	0.160162	0.0258082	0.0330829	0.0396628	0.00607709	0.00943686
151	0.00884837	0.00517414	0.0032702	0.00549317	0.0529109	0.00477907	0.00442957	0.157651	0.0111583	0.444399	0.0745656	0.00275775	0.0100088	0.00932402	0.0170246	0.00851429	0.0217102	0.148775	0.000372089	0.00883454
152	0.0217774	0.0315243	0.0247874	0.0456942	0.0243676	0.0158003	0.125569	0.0167724	0.121731	0.110458	0.0319478	0.0717181	0.0113527	0.105042	0.120246	0.0400309	0.0261983	0.0204821	0.0111488	0.0233519
153	0.0820519	0.0118792	0.0776274	0.379971	0.00519238	0.00768146	0.0221982	0.00620359	0.0868626	0.0231266	0.0041887	0.0365017	0.0426132	0.105303	0.0229208	0.0291458	0.0201583	0.0286819	0.00141178	0.00628108
154	0.025561	0.0292163	0.00636321	0.016073	0.00818138	0.0218604	0.0609246	0.0115182	0.175576	0.0456357	0.0127882	0.036031	0.00707492	0.0393429	0.387394	0.0454958	0.0320209	0.0193693	0.00555376	0.014019
155	0.146007	0.0275317	0.0126851	0.0174874	0.0161414	0.52974	0.0112601	0.00733261	0.0175725	0.0119966	0.00820331	0.0401247	0.00786759	0.0080847	0.0256274	0.0655374	0.0221028	0.0158821	0.00205897	0.00675665
156	0.107621	0.0216703	0.0109263	0.0145288	0.0208504	0.0188538	0.012514	0.0270056	0.0140801	0.099293	0.0437338	0.0443863	0.0093942	0.0232092	0.0457048	0.186005	0.0955296	0.165111	0.00416273	0.0354201
157	0.0721359	0.00938616	0.265036	0.168754	0.00224333	0.0096593	0.0171512	0.00143739	0.0390016	0.00418812	0.00126343	0.112269	0.0170648	0.0331857	0.0261121	0.122701	0.0772573	0.0158049	0.00040036	0.00494874
158	0.0597736	0.00765418	0.019188	0.0337211	0.00131162	0.0390225	0.0552236	0.0167119	0.110885	0.0280969	0.0129472	0.0859279	0.0412778	0.0591553	0.163404	0.134439	0.0872792	0.0281881	0.00116917	0.0146236
159	0.409134	0.0486967	0.00689782	0.00938215	0.00946696	0.040041	0.0105835	0.017544	0.0103099	0.0260379	0.0106676	0.019828	0.0058647	0.0104339	0.0157542	0.090378	0.0958893	0.15356	0.00184105	0.00768927
160	0.0703	0.00946223	0.283385	0.147944	0.00246469	0.0104851	0.0166811	0.00164268	0.034935	0.00331636	0.00127893	0.114675	0.0137262	0.0281348	0.0282478	0.128641	0.0841099	0.0148269	0.000468104	0.0052756
161	0.0521482	0.00317701	0.000737502	0.00128526	0.00875933	0.00354674	0.00182249	0.318571	0.000932847	0.0979169	0.0144649	0.00357919	0.00128491	0.00110638	0.00162585	0.00313693	0.0179703	0.464054	0.00273768	0.00114283
162	0.053437	0.0684431	0.00219332	0.00910148	0.117193	0.0191707	0.110496	0.010319	0.00502485	0.031531	0.00230233	0.0454312	0.00302919	0.0368839	0.0242336	0.132337	0.0544548	0.00623834	0.00809578	0.260084
163	0.119155	0.105043	0.0180277	0.0181181	0.0140851	0.0742069	0.0292633	0.0044467	0.00637294	0.00824949	0.00373279	0.0595389	0.00346891	0.046877	0.011415	0.359677	0.0750361	0.0122736	0.00353896	0.0274733
164	0.0067015	0.00434586	0.00183606	0.00300387	0.0496129	0.00519978	0.00398708	0.217565	0.00238394	0.407628	0.0768422	0.00176339	0.00231351	0.00354164	0.00770738	0.0054036	0.0187563	0.175037	0.00042178	0.00594956
165	0.610891	0.0502462	0.00153056	0.00268648	0.00239911	0.0492394	0.00831021	0.00350546	0.00291187	0.0212453	0.0016845	0.0149698	0.00138799	0.00200692	0.00454599	0.0702803	0.029281	0.120344	0.000814581	0.001719
166	0.017474	0.0125414	0.00127978	0.0029473	0.336675	0.0027256	0.00543811	0.109616	0.0022154	0.242046	0.0338809	0.00297209	0.00404892	0.00252966	0.00675376	0.00810862	0.00873526	0.0733774	0.0162971	0.110338
167	0.0689294	0.018933	0.211451	0.0876161	0.0052041	0.019695	0.0418393	0.00414274	0.022031	0.00766231	0.00458279	0.110605	0.0127942	0.0269584	0.0224154	0.23751	0.071514	0.0164149	0.00156561	0.00813536
168	0.0812601	0.00808871	0.0263864	0.0495201	0.0125411	0.0266849	0.034838	0.00318695	0.0131215	0.0490331	0.00753953	0.0551768	0.297463	0.0444161	0.0444293	0.138512	0.0496133	0.0412041	0.00107483	0.0159103
169	0.0586257	0.0145299	0.284156	0.103823	0.00433727	0.0152111	0.0142514	0.00245715	0.0402173	0.00398809	0.00226551	0.157929	0.00919453	0.0205057	0.0293628	0.128644	0.0905386	0.0139806	0.000815431	0.00516658
170	0.160524	0.148606	0.0081836	0.0361706	0.00898996	0.015882	0.0103918	0.0189646	0.0363035	0.161401	0.00806658	0.0390416	0.00536933	0.0090243	0.0127652	0.187394	0.0493812	0.0622316	0.00248875	0.018821
171	0.0586679	0.00768199	0.0299839	0.0475537	0.00218282	0.0412815	0.055081	0.0180871	0.100272	0.0339057	0.0109918	0.0899361	0.0384639	0.0633369	0.141671	0.140829	0.0821948	0.025982	0.00110196	0.0107951
172	0.0222635	0.018375	0.000963343	0.00284754	0.504096	0.0015321	0.00675159	0.0505925	0.00136168	0.135436	0.00590483	0.00333096	0.00418777	0.00142727	0.0055411	0.00909886	0.00217645	0.0148488	0.028212	0.181053
173	0.0166722	0.00488425	0.00206557	0.00328133	0.0405328	0.00536503	0.00387274	0.224707	0.00538811	0.347506	0.0595912	0.0030373	0.00507055	0.00526712	0.00890316	0.00537912	0.0213204	0.230156	0.000894222	0.00610525
174	0.607052	0.0511489	0.00150999	0.00269109	0.00240787	0.049296	0.00838245	0.00380285	0.00292014	0.0216998	0.00166941	0.0145432	0.00142996	0.00198713	0.00455442	0.0732852	0.0289911	0.120121	0.00077878	0.00172841
175	0.392676	0.10535	0.0026036	0.0055161	0.00948228	0.0274232	0.00717207	0.0159687	0.00531671	0.0345766	0.0134415	0.0121864	0.00392787	0.00361941	0.00585452	0.0525292	0.0419115	0.248215	0.00115203	0.0110759
176	0.181265	0.0561864	0.0101636	0.0121108	0.00708867	0.0707133	0.0104254	0.00518853	0.00435063	0.00897033	0.00197374	0.051564	0.00405675	0.0202861	0.00817864	0.40908	0.115248	0.0161182	0.0015975	0.00543523
177	0.14261	0.0457816	0.0337019	0.0256474	0.0108492	0.0582732	0.0237801	0.0110415	0.0213615	0.0218857	0.00906463	0.0555404	0.0127278	0.0250872	0.030927	0.336116	0.0843079	0.0291193	0.00379862	0.0183791
178	0.0720281	0.0100946	0.267992	0.15657	0.00274774	0.0121063	0.0176759	0.00206482	0.0379173	0.00461721	0.00144128	0.112453	0.0151591	0.0303713	0.0269109	0.12739	0.0786583	0.0177302	0.000457899	0.00561476
179	0.0124094	0.0264922	0.00213863	0.0135096	0.00236475	0.0231303	0.0634718	0.00867196	0.235673	0.0387308	0.0135523	0.0356032	0.0039769	0.0406688	0.382787	0.0345764	0.0344972	0.0107311	0.0081128	0.00890145
180	0.153133	0.0396339	0.0123094	0.0361482	0.0142816	0.453735	0.0127842	0.0074404	0.0310384	0.0104417	0.00785889	0.0704031	0.00423842	0.00869598	0.0242489	0.0651826	0.0230908	0.0150918	0.00196851	0.00827479
181	0.0952293	0.0318712	0.0460399	0.0426412	0.0173302	0.0414281	0.0294004	0.033143	0.0437218	0.0577009	0.0182724	0.0538671	0.0192455	0.036582	0.0608274	0.152068	0.133274	0.065954	0.00340254	0.0180008
182	0.015896	0.00396146	0.00123832	0.0019785	0.0315078	0.00660203	0.00333982	0.27263	0.00137454	0.299314	0.0558103	0.00226194	0.000917876	0.00202835	0.00428124	0.00379284	0.0207617	0.268239	0.00102157	0.00304313
183	0.0459999	0.0294822	0.0275592	0.0468417	0.0382082	0.0303608	0.152256	0.0203618	0.0685378	0.0538001	0.0153332	0.0615562	0.0165812	0.068034	0.109891	0.0821757	0.0418458	0.0296575	0.0128667	0.0486506
184	0.0535001	0.00189517	0.000717368	0.00113259	0.00690693	0.00316441	0.00153114	0.317974	0.000846864	0.0886814	0.0118541	0.00355041	0.00118706	0.000953405	0.0012787	0.00272934	0.0165968	0.481955	0.00273982	0.000805824
185	0.0227923	0.0192741	0.000969138	0.00286925	0.49737	0.00180304	0.00855079	0.0498529	0.00140508	0.133493	0.00572001	0.00404475	0.0041973	0.00190956	0.00585695	0.0113209	0.00315017	0.014665	0.0279139	0.182842
186	0.0601707	0.00751164	0.0215236	0.0371047	0.00097662	0.0421361	0.0544047	0.0180075	0.103576	0.0292125	0.0113034	0.0901716	0.0360661	0.0593789	0.156757	0.144074	0.0886973	0.0261199	0.000670113	0.0121379
187	0.0276346	0.00310074	0.00100756	0.0017799	0.0227888	0.00521288	0.00280054	0.291222	0.000988779	0.234227	0.0393424	0.00275171	0.000971807	0.00177705	0.00331226	0.00324277	0.020344	0.333837	0.00151651	0.00214149
188	0.059237	0.00757846	0.0189634	0.033577	0.00142162	0.0386935	0.0549035	0.0171301	0.110065	0.0287511	0.01382	0.0855801	0.0408315	0.0606625	0.160544	0.134753	0.0880399	0.0297088	0.00108239	0.0146574
189	0.0931589	0.00852124	0.0306153	0.0437896	0.00627706	0.0447287	0.0410163	0.00764669	0.0418329	0.042348	0.0110008	0.0752636	0.151551	0.0434462	0.0729758	0.182501	0.0535172	0.0379128	0.0011763	0.0107202
190	0.0606018	0.00755329	0.0200303	0.0343546	0.00144286	0.0399246	0.05412	0.0163644	0.106852	0.0282017	0.0122132	0.0857352	0.0445216	0.0582032	0.156521	0.141284	0.0884251	0.0281092	0.000983254	0.0145584
191	0.0270367	0.00915252	0.00482456	0.00591385	0.117469	0.00590129	0.0100171	0.0527185	0.0233745	0.435091	0.0668947	0.00862791	0.0257229	0.0160523	0.0295888	0.0206578	0.0286685	0.0917243	0.000657832	0.0199062
192	0.10886	0.0817554	0.0171097	0.035263	0.0247133	0.0931766	0.0851889	0.00484402	0.0116425	0.00865227	0.0063498	0.0351649	0.00457877	0.0576397	0.0218692	0.261621	0.0358003	0.0167087	0.00676788	0.0822941
193	0.0221946	0.0183486	0.000955945	0.00284525	0.504448	0.00151491	0.00671362	0.0504827	0.0013416	0.135218	0.00573839	0.00333075	0.00420396	0.00141185	0.00553086	0.00908685	0.00216781	0.0148015	0.0282423	0.181423
