418	20
1	0.211193	0.00598953	0.00584523	0.00526668	0.0158528	0.0471862	0.0021417	0.0919881	0.0072397	0.0793981	0.0215115	0.00384532	0.00802999	0.00334362	0.00695581	0.035451	0.0515945	0.392756	0.000772756	0.00363885
2	0.126358	0.00105642	0.0279146	0.0229935	0.0153872	0.0226203	0.0117747	0.076032	0.0352036	0.0472347	0.0137107	0.0626365	0.0319707	0.0264279	0.0202192	0.169083	0.188504	0.0883765	0.00163434	0.0108613
3	0.583881	0.00177156	0.00353342	0.0105988	0.00246872	0.120724	0.00411906	0.00933383	0.00558213	0.0168075	0.00298972	0.00458411	0.0114201	0.00329314	0.0061541	0.101143	0.0408376	0.0675758	0.00168639	0.00149526
4	0.0189115	0.00157615	0.00106649	0.00186799	0.0170117	0.00207823	0.000834299	0.372896	0.00187835	0.180734	0.0525699	0.00209813	0.000766169	0.00202687	0.00143178	0.00617832	0.0163905	0.314211	0.00037216	0.00510084
5	0.05701	0.00357273	0.0473501	0.0722596	0.00862901	0.0607583	0.0249441	0.0178319	0.0948605	0.0336384	0.00697119	0.152216	0.0164842	0.07701	0.0527137	0.160633	0.0650832	0.0277101	0.0120354	0.00828825
6	0.0919575	0.00519493	0.169186	0.0486442	0.0266155	0.117044	0.00923392	0.034303	0.0226441	0.0061805	0.011137	0.135083	0.00273548	0.0104701	0.0233442	0.117864	0.0731375	0.0386523	0.00215863	0.0544147
7	0.00578633	0.00473139	0.000752	0.000324474	0.0482693	0.0015418	0.00537404	0.0651949	0.00158055	0.721615	0.0899234	0.00061223	0.00133085	0.000575942	0.00633044	0.00109451	0.000747902	0.0358896	0.00174211	0.00658308
8	0.00738612	0.0112538	0.001379	0.00167286	0.16871	0.00171938	0.0840901	0.00142588	0.00145869	0.00774853	0.00105833	0.00207325	0.000965586	0.00173154	0.00173369	0.00707951	0.00210031	0.00183854	0.00606218	0.688513
9	0.100646	0.00137837	0.0204044	0.0257044	0.00593928	0.0248265	0.00835398	0.0860429	0.0616584	0.0470476	0.0141329	0.0667344	0.00534977	0.0231292	0.0404258	0.142393	0.228308	0.0910241	0.000213609	0.00628753
10	0.22578	0.0132015	0.0189093	0.0431855	0.00315732	0.0434843	0.00218631	0.00883381	0.00799127	0.0241276	0.0016721	0.0137835	0.00468143	0.00728995	0.0168057	0.419151	0.104498	0.0378106	0.000527386	0.00292254
11	0.00576548	0.00476458	0.000746319	0.000320072	0.0467131	0.00153044	0.00541811	0.0649407	0.00157855	0.722881	0.0903533	0.000593452	0.00132875	0.000558476	0.00632134	0.00103593	0.00074839	0.0361017	0.00171441	0.00658635
12	0.0541525	0.00786572	0.0950755	0.228784	0.00635766	0.0765477	0.0390622	0.00702178	0.0630945	0.0229611	0.00395317	0.0784379	0.0123727	0.094317	0.0272352	0.116227	0.0456831	0.0144172	0.00137233	0.00506188
13	0.0564036	0.00172847	0.0273586	0.0294567	0.023079	0.00780433	0.0324813	0.0119794	0.109631	0.113554	0.0165936	0.0634849	0.0649523	0.205848	0.070361	0.0980847	0.0386864	0.0245131	0.000864139	0.00313618
14	0.00790043	0.00318164	0.00142921	0.00079856	0.0613228	0.00140209	0.00373623	0.121841	0.00119927	0.648874	0.0510558	0.00154713	0.000939899	0.00261785	0.0037382	0.0034231	0.00703872	0.0714915	0.000861287	0.00560125
15	0.0647505	0.00226087	0.0566066	0.0766968	0.00754884	0.0499661	0.0287514	0.0160836	0.0926922	0.0320661	0.00763756	0.104897	0.0298137	0.0773657	0.0441246	0.188997	0.0845675	0.0268131	0.00209512	0.0062659
16	0.0489644	0.00271053	0.0540361	0.0515644	0.0118431	0.080601	0.0414099	0.0109852	0.0933133	0.0271819	0.00442796	0.187018	0.0124043	0.074462	0.0426084	0.166925	0.0530875	0.0199579	0.00216725	0.014332
17	0.0202315	0.0133028	0.0118781	0.0133738	0.0381495	0.013797	0.0118079	0.014288	0.0139958	0.0297901	0.0328616	0.0162298	0.00927724	0.0137567	0.0218746	0.0374782	0.0184748	0.0176559	0.629727	0.0220494
18	0.0973642	0.0013892	0.0197737	0.0250706	0.00564099	0.0249242	0.00850858	0.0848257	0.0651548	0.0452298	0.0136921	0.0671212	0.00545454	0.0229095	0.0411483	0.144544	0.230405	0.090538	0.000214217	0.00609165
19	0.0542821	0.0051041	0.0750099	0.043858	0.00482438	0.58773	0.00298806	0.00316748	0.00668151	0.0177749	0.00530726	0.0458002	0.00304308	0.00546255	0.0215323	0.0769655	0.0223939	0.0144569	0.00110681	0.00251074
20	0.0153982	0.00134834	0.640794	0.0833661	0.0060661	0.0303461	0.00746514	0.0116694	0.00834568	0.00313115	0.00209488	0.0810062	0.00203001	0.0159847	0.0114783	0.0238616	0.0159404	0.0264263	0.000873566	0.0123738
21	0.0647323	0.00594064	0.00434114	0.00584265	0.00500549	0.0204432	0.0130855	0.00856505	0.00698807	0.024533	0.00282286	0.00559071	0.624979	0.0307783	0.0174206	0.104818	0.0316519	0.0198329	0.00140383	0.00122458
22	0.0487574	0.492378	0.00958899	0.0123458	0.0240583	0.0222207	0.01816	0.00933655	0.0141689	0.0155725	0.00604127	0.017855	0.0191323	0.0382058	0.0327613	0.123598	0.0452727	0.0178739	0.00807492	0.0245982
23	0.0427447	0.00528207	0.0717982	0.0436087	0.00435963	0.632096	0.00217509	0.00180457	0.0043882	0.0147761	0.00507485	0.0432611	0.000849685	0.00497118	0.0220062	0.0726402	0.0145126	0.0117125	0.000321774	0.00161687
24	0.0458861	0.0122814	0.144769	0.3988	0.00499747	0.0791629	0.0314999	0.00170579	0.0340867	0.0202993	0.000936539	0.0323055	0.00167173	0.101684	0.00947987	0.0463376	0.0259999	0.00474481	0.000487464	0.00286409
25	0.0232574	0.00980122	0.00988945	0.0128226	0.0368243	0.0139417	0.0126986	0.0177857	0.0126488	0.0452264	0.0421808	0.0163809	0.00884924	0.0119707	0.0159741	0.0370284	0.0194433	0.0217857	0.608886	0.0226043
26	0.0205778	0.00203374	0.0164858	0.0429219	0.00263849	0.00983766	0.125767	0.0237653	0.0870098	0.0768799	0.0491867	0.0485356	0.00199796	0.297818	0.0925882	0.0227228	0.031663	0.00344963	0.000928638	0.0431922
27	0.0439244	0.00659206	0.0249323	0.0196102	0.00454144	0.733377	0.0039259	0.00839798	0.00427288	0.0142716	0.00336029	0.0175595	0.00429177	0.00462541	0.0184151	0.0373137	0.0155546	0.0274556	0.00171791	0.0058607
28	0.0107926	0.000950234	0.000761075	0.000806091	0.00885911	0.00319505	0.00090637	0.396521	0.000978834	0.0796016	0.0209156	0.0012053	0.000491255	0.000979427	0.00093003	0.00432843	0.0196232	0.44541	0.00020028	0.00254466
29	0.110413	0.00181747	0.02437	0.0277659	0.0108921	0.0239669	0.00961888	0.0846822	0.0479388	0.0542085	0.0179866	0.0621393	0.0152437	0.0274869	0.0299263	0.146595	0.20335	0.0922957	0.000819524	0.00848281
30	0.0764757	0.522767	0.00746417	0.00814492	0.0151846	0.0126247	0.00872395	0.0133463	0.0060257	0.0143529	0.00553525	0.00968474	0.00706477	0.0144198	0.0100165	0.14728	0.0597397	0.0290638	0.00765035	0.0244355
31	0.0669765	0.00227976	0.0632031	0.0778968	0.00700331	0.0516082	0.0274436	0.0186864	0.092808	0.0320052	0.00727474	0.107596	0.0211341	0.0780982	0.0366902	0.184139	0.0863936	0.0296328	0.00217426	0.00695586
32	0.00772552	0.00241187	0.0769772	0.0501649	0.00406299	0.00444681	0.047164	0.136952	0.147141	0.0242515	0.00273435	0.120129	0.00285122	0.119724	0.0785695	0.041857	0.0870637	0.0402498	0.00262805	0.00289567
33	0.010644	0.000973806	0.000517133	0.000750717	0.0248855	0.00136078	0.00086745	0.384815	0.000806318	0.213773	0.0373216	0.00125396	0.000432354	0.00139077	0.000851403	0.0037217	0.0132381	0.297437	0.000172536	0.00478697
34	0.0789319	0.00358946	0.00651347	0.00801923	0.00629717	0.047651	0.0262538	0.0213765	0.00655927	0.0208597	0.00243502	0.0192331	0.401638	0.0422766	0.0397491	0.196905	0.0422834	0.0253537	0.00232292	0.00175252
35	0.0427447	0.00528207	0.0717982	0.0436087	0.00435963	0.632096	0.00217509	0.00180457	0.0043882	0.0147761	0.00507485	0.0432611	0.000849685	0.00497118	0.0220062	0.0726402	0.0145126	0.0117125	0.000321774	0.00161687
36	0.0765179	0.015488	0.0125003	0.0412207	0.0333308	0.01001	0.0174859	0.0894268	0.0227395	0.178932	0.1411	0.0164219	0.0122411	0.0329673	0.0478194	0.0566273	0.0615788	0.105706	0.00458988	0.0232958
37	0.0661394	0.00230423	0.0562439	0.0805735	0.00706228	0.0791296	0.0247851	0.0135147	0.0870286	0.0296894	0.00704785	0.109349	0.0206327	0.0786851	0.0378644	0.187071	0.077571	0.0266133	0.00218186	0.0065126
38	0.0177951	0.00197267	0.000850901	0.00102722	0.019473	0.00247287	0.00111709	0.354187	0.00110155	0.228987	0.0454249	0.00123333	0.000565115	0.00141245	0.00119485	0.00628571	0.0133966	0.296638	0.000250373	0.00461509
39	0.0812828	0.00237149	0.0521207	0.0464482	0.00503543	0.161219	0.0122492	0.0119099	0.05017	0.0221775	0.00477246	0.106861	0.0275495	0.0381943	0.0175428	0.215656	0.123246	0.01578	0.00138107	0.00403245
40	0.175001	0.00474567	0.0124291	0.0165546	0.00389876	0.437533	0.0113595	0.013229	0.00654121	0.0256005	0.00326536	0.0173485	0.0705562	0.010037	0.0154987	0.0823722	0.0373118	0.0459862	0.00659789	0.00413456
41	0.0423495	0.0057235	0.0322103	0.0619279	0.0175074	0.0486527	0.0266099	0.00954634	0.0793404	0.0296227	0.00936595	0.102297	0.0143837	0.105844	0.024157	0.159396	0.161461	0.0354811	0.0153775	0.0187472
42	0.00577175	0.00471068	0.000758634	0.000313516	0.0453753	0.00148712	0.00522821	0.0659067	0.00153506	0.723612	0.0896507	0.000576041	0.0013618	0.000544662	0.00630882	0.00106133	0.000742623	0.036951	0.00167094	0.00643354
43	0.00820582	0.000919634	0.705843	0.102157	0.00300529	0.026125	0.00482903	0.00603847	0.00711053	0.00214283	0.000876297	0.0566477	0.000928182	0.0187779	0.0127973	0.00780621	0.00680862	0.0239935	0.000444826	0.00454359
44	0.0616415	0.00428696	0.00184094	0.00749621	0.0493916	0.00540667	0.00163377	0.135285	0.0107157	0.287936	0.131276	0.00892541	0.00534009	0.00855872	0.00703157	0.017811	0.0438733	0.197186	0.0029496	0.0114124
45	0.0529624	0.0226355	0.049625	0.0160332	0.00810325	0.0571204	0.0245402	0.0118819	0.0360184	0.0132646	0.00472414	0.199927	0.00552911	0.0183117	0.0187475	0.367001	0.0727917	0.0116132	0.00095624	0.00821365
46	0.00897703	0.00672202	0.0622481	0.00628923	0.0257985	0.0381683	0.0793848	0.00615219	0.0908124	0.0129015	0.000817538	0.348061	0.00274715	0.0647074	0.0492352	0.139586	0.0153632	0.00647165	0.00048154	0.035076
47	0.0186376	0.00488296	0.0528314	0.0139347	0.0109623	0.0248185	0.0470535	0.00938652	0.0567002	0.011219	0.00308286	0.501511	0.00354309	0.0363206	0.0298923	0.113533	0.0330235	0.00856484	0.00107827	0.0190234
48	0.00722085	0.00735366	0.0557147	0.0051756	0.0248642	0.0296509	0.0824687	0.00708517	0.0907844	0.0123028	0.000838117	0.359004	0.00271714	0.0675305	0.0497795	0.138401	0.0170068	0.00517515	0.000545935	0.036381
49	0.00350993	0.00324575	0.00108192	0.00120484	0.152102	0.00101675	0.00270336	0.221809	0.0010985	0.454093	0.0225713	0.00322264	0.000739499	0.0099888	0.00157744	0.00508501	0.0137843	0.0920198	0.000342431	0.00880351
50	0.0675274	0.00230621	0.0562953	0.0812607	0.00701797	0.0781986	0.0259197	0.0136317	0.0881883	0.0300638	0.00731217	0.107065	0.0207904	0.0788464	0.0377055	0.184119	0.078659	0.0266835	0.0022096	0.0061996
51	0.0480177	0.00757895	0.0738743	0.0385126	0.00466186	0.414796	0.00818432	0.00415298	0.0188492	0.0134589	0.00420259	0.101934	0.00332096	0.0152576	0.020326	0.173169	0.0336549	0.011396	0.00063979	0.0040127
52	0.0315627	0.00583008	0.00626113	0.0340926	0.00346286	0.00502136	0.17152	0.0191682	0.0766483	0.0281407	0.0121438	0.0969803	0.00357209	0.183127	0.0781508	0.0822208	0.0653204	0.00421466	0.00420112	0.0883605
53	0.0056962	0.00401547	0.000837786	0.000338592	0.0454654	0.00129284	0.00468513	0.0731612	0.00138178	0.725654	0.0795637	0.00070666	0.00113914	0.000717331	0.00604111	0.00124499	0.00138317	0.0395878	0.00138148	0.00570617
54	0.0370707	0.00280326	0.326989	0.0287062	0.0295077	0.0360008	0.0228438	0.0374935	0.0121207	0.0092313	0.0059793	0.199916	0.00551495	0.00649537	0.0058485	0.108941	0.0474799	0.0221104	0.00122223	0.0537246
55	0.00577463	0.00476423	0.000745877	0.000314331	0.046636	0.00153085	0.00540388	0.0649879	0.00157739	0.722962	0.0902927	0.000594393	0.00132972	0.00055676	0.0063192	0.00103205	0.000748595	0.0361323	0.00171397	0.00658312
56	0.192767	0.024317	0.0240344	0.0523417	0.0028183	0.101017	0.0152369	0.0112561	0.0137209	0.0177809	0.00243177	0.0630868	0.00663032	0.0223835	0.0290386	0.350281	0.0448921	0.0210382	0.00181609	0.00311137
57	0.0865324	0.00714378	0.141295	0.057122	0.0238581	0.142532	0.0102242	0.0234376	0.0383651	0.00724835	0.00596335	0.133738	0.00136305	0.0199902	0.0340989	0.133337	0.0453487	0.0335644	0.0016131	0.0532239
58	0.0238827	0.00648567	0.0390466	0.015863	0.00620059	0.0253214	0.0312122	0.00715965	0.0303949	0.00960097	0.00323668	0.563324	0.00485656	0.0205132	0.0163683	0.133058	0.0440897	0.00706367	0.000818026	0.0115045
59	0.0401675	0.00343639	0.0724423	0.0375773	0.0196514	0.0709426	0.0515325	0.00733412	0.0962061	0.032963	0.00313525	0.194922	0.00905179	0.0919648	0.0480722	0.143748	0.0301078	0.0217102	0.00162667	0.0234083
60	0.00234309	0.0044071	0.00141428	0.00139195	0.331188	0.00285705	0.00734231	0.117927	0.00122581	0.39582	0.0242396	0.00254648	0.00138198	0.00660485	0.00444126	0.0164611	0.00660643	0.0395383	0.00479945	0.0274637
61	0.0384259	0.000801138	0.0166323	0.018267	0.00110835	0.0309157	0.00117035	0.02236	0.00573017	0.0104211	0.00940111	0.0829948	0.00557822	0.00452431	0.00174859	0.377257	0.353823	0.0175881	0.000342273	0.000910536
62	0.0595007	0.00592774	0.0502736	0.0772809	0.0089632	0.13785	0.0334534	0.0121422	0.100355	0.0269115	0.00760435	0.0998949	0.012385	0.111058	0.0584098	0.116269	0.0474729	0.0194525	0.0030416	0.0117525
63	0.0707269	0.00321538	0.0198698	0.0124102	0.00350118	0.113113	0.0082783	0.00788914	0.0308028	0.00977234	0.00387795	0.124726	0.00645784	0.0203694	0.027184	0.383084	0.119539	0.0318906	0.000709915	0.00258225
64	0.0130284	0.000863407	0.000510892	0.000633451	0.0144267	0.00141585	0.000501542	0.492797	0.000630522	0.108322	0.0259959	0.000738727	0.000326751	0.000997602	0.000636152	0.00407382	0.0144868	0.31644	0.00017221	0.00300229
65	0.0667385	0.00412192	0.00381301	0.00509719	0.0033525	0.0207606	0.010079	0.0086459	0.00641275	0.0245223	0.00168028	0.00500306	0.637432	0.0339062	0.0164722	0.103346	0.0267401	0.0195007	0.00138787	0.000987447
66	0.119121	0.0119537	0.0339514	0.0186117	0.0744877	0.042744	0.0403277	0.029382	0.00843131	0.0517212	0.0212991	0.0707417	0.048874	0.0112963	0.00602916	0.175789	0.0692277	0.0570835	0.0403781	0.0685493
67	0.088632	0.00257395	0.0338962	0.0406837	0.00929033	0.0452598	0.01485	0.04639	0.0596269	0.0397809	0.0110258	0.0859343	0.0174094	0.0453462	0.0302892	0.197753	0.16234	0.0585511	0.00242358	0.00794356
68	0.00256924	0.00305418	0.000853719	0.000789366	0.13244	0.000901109	0.00269922	0.193028	0.00107104	0.490585	0.0230201	0.00332442	0.000636603	0.00804079	0.00114708	0.00435361	0.0144242	0.108806	0.000245732	0.00801141
69	0.120827	0.00429236	0.0455877	0.0229272	0.0414142	0.0498262	0.0290922	0.0346151	0.0346839	0.0348576	0.0104833	0.0816848	0.0480513	0.0236941	0.0107263	0.24113	0.0850016	0.0396165	0.0117667	0.0297218
70	0.0606365	0.00593001	0.0486421	0.074866	0.0139002	0.0593679	0.0246487	0.0100807	0.0791762	0.0406176	0.0113186	0.104963	0.0203151	0.0815171	0.0320296	0.176881	0.102836	0.0285377	0.00920505	0.0145312
71	0.0700271	0.00227198	0.0563485	0.0667522	0.00915397	0.0566911	0.0256316	0.0127791	0.0850461	0.0314391	0.00610041	0.120296	0.0207103	0.0716652	0.0328464	0.222107	0.0781415	0.0222068	0.00219335	0.00759214
72	0.00661837	0.0029092	0.0012124	0.000613868	0.0636854	0.00127581	0.00370793	0.123877	0.00121716	0.651829	0.0494475	0.00165341	0.00121152	0.00282311	0.00333147	0.00346523	0.00692572	0.0674156	0.00103095	0.00574992
73	0.0640954	0.00239525	0.0506707	0.0797447	0.00708487	0.0542667	0.0234181	0.0194584	0.0931112	0.0337701	0.00704132	0.106565	0.01863	0.0798093	0.040767	0.182532	0.0961487	0.031754	0.0024303	0.00630595
74	0.0760679	0.00298233	0.243531	0.0482542	0.0147948	0.0709643	0.0184326	0.0349806	0.0230306	0.00646586	0.00661085	0.147406	0.00351545	0.0140474	0.01317	0.111636	0.0689756	0.0391755	0.00115473	0.0548043
75	0.00631888	0.00382321	0.000823448	0.000485331	0.0380391	0.00136111	0.00434414	0.0930477	0.00143974	0.676703	0.089742	0.000730844	0.00120347	0.000629788	0.00541962	0.00145619	0.00136912	0.0649116	0.00131747	0.00683418
76	0.0117299	0.00658502	0.0692126	0.00814303	0.025347	0.0342532	0.074056	0.00776265	0.0888251	0.0126537	0.00143283	0.3429	0.00348244	0.0608715	0.0460072	0.142923	0.0206277	0.00690324	0.000648613	0.0356355
77	0.00385763	0.00267822	0.000853824	0.000710516	0.122771	0.00104031	0.00277252	0.187489	0.000876678	0.513242	0.0199645	0.00317936	0.00060116	0.00711234	0.00120461	0.0043608	0.0136517	0.106302	0.000233513	0.00709831
78	0.0920431	0.0306878	0.041571	0.0125799	0.00407099	0.0808515	0.0246557	0.00710051	0.0346032	0.0102721	0.00261243	0.164717	0.00290533	0.0157911	0.0201696	0.396636	0.0488242	0.00614716	0.000421506	0.00334039
79	0.0416699	0.00443133	0.11698	0.0369439	0.0161155	0.104643	0.0526174	0.00820609	0.0697614	0.0147832	0.00155239	0.210245	0.00296881	0.0544986	0.0525161	0.139347	0.0166258	0.0215456	0.00183634	0.0327133
80	0.0198879	0.00447862	0.0460253	0.0134911	0.00756768	0.0282644	0.034022	0.00974743	0.0281922	0.00997867	0.00337449	0.601186	0.00442495	0.0188789	0.0173203	0.0913909	0.0354276	0.00973874	0.00172052	0.0148819
81	0.033474	0.00264064	0.0235164	0.0132006	0.0468143	0.00656917	0.087794	0.00778231	0.0942083	0.163714	0.0083703	0.0806553	0.0193413	0.251173	0.041158	0.0762539	0.0147544	0.0226305	0.00112197	0.0048282
82	0.00547111	0.00221738	0.00108233	0.000605132	0.0956834	0.00100813	0.00268774	0.191761	0.000943892	0.540325	0.0190034	0.00240572	0.000690188	0.00568439	0.00109165	0.00403291	0.0127514	0.106047	0.00024701	0.00626142
83	0.0696784	0.00223735	0.0835242	0.0115209	0.00842952	0.0369215	0.0248637	0.0162629	0.052911	0.00898102	0.00311515	0.211632	0.00446402	0.0168882	0.0111238	0.330585	0.0929276	0.00553443	0.000362675	0.00803712
84	0.108832	0.00348767	0.0334274	0.0180377	0.00528695	0.203102	0.00994709	0.0212134	0.014562	0.0189855	0.00343227	0.0593686	0.109975	0.0143069	0.0100958	0.205991	0.132915	0.0202533	0.0034669	0.00331348
85	0.00768266	0.000900418	0.708066	0.102308	0.00295528	0.0240216	0.00468685	0.0070397	0.00676016	0.00225198	0.000899401	0.0557931	0.000929454	0.0194838	0.0122245	0.00694384	0.00668346	0.0254647	0.000415529	0.00448989
86	0.102886	0.00457557	0.0210087	0.014303	0.00428225	0.0117507	0.00170521	0.134593	0.0124895	0.0641762	0.0499283	0.00692225	0.00146562	0.00654304	0.00190767	0.0316911	0.0329336	0.484589	0.000873203	0.0113756
87	0.0131245	0.010941	0.00693629	0.0056553	0.489438	0.0160095	0.0211799	0.0257069	0.00500357	0.144679	0.0103278	0.0113811	0.0060144	0.00937281	0.00897172	0.0650314	0.00928439	0.0133636	0.0714392	0.0561396
88	0.0597721	0.00338324	0.0562486	0.052674	0.00739786	0.0757391	0.0298253	0.0100564	0.0592341	0.0501767	0.00640546	0.0948167	0.0213262	0.0924603	0.0410768	0.203728	0.0974757	0.0281893	0.00294561	0.00706845
89	0.0696282	0.00237117	0.0557691	0.0666694	0.00863542	0.0599652	0.0253746	0.0122167	0.0850765	0.0307112	0.00601407	0.120417	0.0204416	0.0714084	0.0328477	0.223689	0.0774287	0.0222442	0.00207128	0.00702126
90	0.00649932	0.00527223	0.00115189	0.000814459	0.0584272	0.00198816	0.0104678	0.0708004	0.00184641	0.689123	0.0885949	0.00167413	0.00177336	0.00139199	0.00644044	0.00339888	0.00223404	0.0383819	0.00173691	0.0079825
91	0.0764011	0.00261856	0.0553734	0.0413087	0.0122954	0.0366188	0.0215574	0.0248819	0.0579348	0.0274395	0.0135122	0.0669802	0.0621681	0.0546076	0.0214664	0.225196	0.117898	0.0648228	0.00281339	0.0141049
92	0.0659948	0.00421907	0.0578167	0.0441525	0.00769228	0.0738966	0.0218595	0.0100295	0.0708404	0.025258	0.0042039	0.150046	0.0138629	0.0475313	0.0259946	0.2797	0.0743958	0.015426	0.00124273	0.00583797
93	0.00668452	0.00369785	0.00080268	0.000579081	0.0377002	0.00136478	0.00422686	0.100296	0.00147648	0.663225	0.0878795	0.00081759	0.00114809	0.000674313	0.00531566	0.00159759	0.0019	0.0725888	0.00128997	0.00673507
94	0.1039	0.00144476	0.0200447	0.0290689	0.0056845	0.0278501	0.00807504	0.0885767	0.0579926	0.0429647	0.0150294	0.0688367	0.00505451	0.0217946	0.0424424	0.147517	0.215811	0.0918128	0.000293113	0.00580692
95	0.101569	0.00314349	0.0240319	0.0322074	0.00800456	0.0234206	0.00936128	0.0871975	0.0555966	0.0595428	0.0233101	0.0623036	0.00630692	0.0266775	0.0378638	0.132151	0.207693	0.0917169	0.000622203	0.00727989
96	0.00575089	0.00476434	0.000748987	0.000320053	0.0466688	0.00153031	0.0054119	0.0650058	0.00157349	0.7229	0.0903197	0.000595031	0.00132955	0.000553261	0.00631572	0.00103866	0.000746995	0.0361324	0.00171356	0.0065805
97	0.0240424	0.00137267	0.516959	0.0597366	0.00786856	0.0357542	0.0143436	0.0190111	0.0134391	0.00360814	0.00359751	0.140393	0.00357346	0.0127377	0.00991485	0.0548288	0.0370239	0.0185492	0.00129181	0.0219543
98	0.00217225	0.00288034	0.000849188	0.000727651	0.133017	0.000879825	0.00272291	0.192069	0.000943137	0.498813	0.0207267	0.00346906	0.000560613	0.00796368	0.0012413	0.00435889	0.0141738	0.10454	0.000212674	0.00767832
99	0.0819691	0.0167288	0.0260154	0.0178482	0.0704776	0.0333794	0.0239064	0.058108	0.0181763	0.0646415	0.0142261	0.0430551	0.0279788	0.0193825	0.0169455	0.268287	0.0623835	0.103267	0.00691776	0.0263061
100	0.0733809	0.019583	0.0781931	0.0175152	0.111352	0.0219804	0.0596854	0.0191	0.00408797	0.0807249	0.00590272	0.0762196	0.00705826	0.0145169	0.00897726	0.249384	0.0190239	0.0396324	0.0124173	0.0812647
101	0.0202051	0.00516919	0.0555065	0.00922795	0.0119682	0.021601	0.0408967	0.00949288	0.0304318	0.0105229	0.00364695	0.56161	0.00388342	0.018733	0.0192257	0.105938	0.0330027	0.0100116	0.00136776	0.0275586
102	0.0726329	0.00241166	0.0546553	0.0610372	0.00930887	0.0546229	0.0274695	0.0133663	0.0809373	0.0296236	0.00570407	0.126489	0.0187459	0.0690927	0.0331816	0.23269	0.0776653	0.0209543	0.00205708	0.00735431
103	0.00498474	0.00376235	0.000836618	0.000594708	0.110712	0.00155508	0.0040333	0.0860028	0.00148935	0.655345	0.0739445	0.00113371	0.00109548	0.00188961	0.00674602	0.00239085	0.00155814	0.0336137	0.00152973	0.00678282
104	0.0378792	0.00077428	0.016208	0.0182617	0.00104973	0.0280255	0.00110584	0.0224011	0.00526482	0.0105877	0.00954139	0.0802399	0.00528426	0.00443989	0.001614	0.379933	0.35846	0.0176451	0.000368082	0.000916588
105	0.0461956	0.00508725	0.0827568	0.0503366	0.00436172	0.584145	0.0035917	0.00247852	0.00816521	0.015931	0.00507746	0.0492736	0.00136606	0.00777165	0.0220481	0.076991	0.018504	0.0127332	0.000822317	0.0023637
106	0.0649701	0.00231185	0.0602736	0.081164	0.00797331	0.0541867	0.0276822	0.0125551	0.0903415	0.0301366	0.0076176	0.110282	0.0291378	0.0786596	0.039277	0.192573	0.0773146	0.0249149	0.00219551	0.00643263
107	0.00727991	0.00220287	0.000973786	0.000555198	0.0594474	0.00125979	0.00251481	0.209401	0.00100702	0.524809	0.0321146	0.00148204	0.000644032	0.00315582	0.00185034	0.00342956	0.01018	0.132171	0.000485628	0.00503545
108	0.039396	0.104306	0.00932753	0.0126224	0.0246701	0.0197246	0.0262055	0.0159781	0.0133605	0.0591943	0.0121868	0.0195771	0.414782	0.0237985	0.0258935	0.0949196	0.0495238	0.0179025	0.00480411	0.0118272
109	0.0646504	0.0023568	0.0606256	0.0839669	0.0077665	0.0540599	0.0284454	0.012476	0.0911737	0.0299331	0.0077134	0.107952	0.0297851	0.0800102	0.0405791	0.187978	0.0768838	0.0251891	0.00220266	0.00625303
110	0.0512747	0.00508188	0.0217803	0.032253	0.00420863	0.0704279	0.00723592	0.0132486	0.0255081	0.0152878	0.0125371	0.0857592	0.0095676	0.0282813	0.0150142	0.3863	0.19204	0.0196192	0.00125412	0.003321
111	0.0323167	0.00865846	0.00167836	0.00516538	0.108414	0.0039842	0.00294963	0.13191	0.0073839	0.341769	0.123602	0.0069953	0.00408082	0.00911706	0.00582074	0.0131334	0.0337674	0.14524	0.00225726	0.011757
112	0.0677186	0.0021638	0.0525084	0.0776449	0.00675461	0.0819156	0.0233139	0.0171305	0.0881102	0.0307862	0.00701892	0.106391	0.0185842	0.0782938	0.0373532	0.181667	0.0846596	0.0297275	0.00224881	0.00600954
113	0.0619971	0.0024218	0.0961536	0.011669	0.00654396	0.034789	0.025793	0.0156932	0.051178	0.00631244	0.0036782	0.240231	0.00291056	0.0113453	0.00923429	0.310688	0.0945996	0.00574394	0.000371327	0.00864595
114	0.00594802	0.0043484	0.000848625	0.000332828	0.0426244	0.00139714	0.00486767	0.0687218	0.00146511	0.725669	0.0867401	0.00058664	0.00126092	0.000515227	0.00600809	0.00109023	0.000905962	0.0389998	0.0015367	0.00613379
115	0.0851815	0.00322945	0.01335	0.0202649	0.00591507	0.0213472	0.0115652	0.0651207	0.0858194	0.0407266	0.0165687	0.0639606	0.00375637	0.0164442	0.0475256	0.16111	0.262499	0.0686128	0.000304092	0.00669951
116	0.0814638	0.00508556	0.0593356	0.0275865	0.00756972	0.0591737	0.0237795	0.0113375	0.0605063	0.0161749	0.00328173	0.160735	0.00946933	0.0359406	0.0243481	0.314844	0.079998	0.0122555	0.000946301	0.00616864
117	0.0102051	0.00268372	0.000895929	0.000582515	0.0343744	0.00138706	0.00313911	0.150414	0.00139867	0.613986	0.0586258	0.00102385	0.00110237	0.000962563	0.00377545	0.00250893	0.00605383	0.101104	0.000866545	0.00491016
118	0.0498961	0.0055976	0.010923	0.0249699	0.0074744	0.0177296	0.0209759	0.0542762	0.11655	0.0291933	0.015378	0.0758547	0.00365913	0.0236644	0.0636365	0.174641	0.250723	0.0465303	0.000781522	0.00754548
119	0.0478317	0.0088433	0.00683777	0.0192487	0.0130589	0.0173839	0.0223014	0.0535812	0.110228	0.0242824	0.0207444	0.0615076	0.00301498	0.0130884	0.0607611	0.185308	0.273136	0.0458757	0.000660937	0.0123048
120	0.00567246	0.00436483	0.000774097	0.000314244	0.0452603	0.00139431	0.00491768	0.0690884	0.0014536	0.723315	0.0863581	0.000618527	0.00125458	0.000587865	0.00624323	0.00107596	0.000949137	0.0386751	0.00154933	0.00613325
121	0.00880879	0.0050672	0.0320162	0.00760023	0.0807564	0.00623474	0.181823	0.00535872	0.00772062	0.0434599	0.0206316	0.193246	0.00598615	0.0131999	0.134554	0.0335024	0.00834828	0.00681488	0.00233785	0.202534
122	0.00773778	0.0034253	0.000826141	0.000850477	0.0352391	0.00140045	0.00395341	0.111331	0.00146326	0.634979	0.0877934	0.00110535	0.00115453	0.000996972	0.00493348	0.00199931	0.0023067	0.0901431	0.00120763	0.00715325
123	0.0407767	0.00253285	0.135172	0.456466	0.00190089	0.0286354	0.0256837	0.00458249	0.0711365	0.00456135	0.00100275	0.0313897	0.00603985	0.104731	0.0144761	0.0169654	0.00465936	0.0303639	0.000363146	0.0185607
124	0.0285881	0.00106218	0.324371	0.0265775	0.00951967	0.0321361	0.0277974	0.0323188	0.0215793	0.00254222	0.00596184	0.254974	0.00452502	0.00401847	0.00348925	0.110953	0.0540145	0.0193976	0.000813947	0.0353605
125	0.0237585	0.00459405	0.0458888	0.0129171	0.00494403	0.017586	0.0263773	0.0105875	0.023188	0.00931882	0.00429397	0.585571	0.00460356	0.0133842	0.0120503	0.116517	0.0626519	0.00949591	0.00129394	0.0109776
126	0.0140421	0.0155285	0.0211368	0.0695537	0.000675133	0.0242904	0.0535145	0.0141903	0.237987	0.0152885	0.00664757	0.0472432	0.00229932	0.126876	0.25459	0.0475636	0.0258067	0.00905894	0.00754537	0.00616276
127	0.00199036	0.00254676	0.00115705	0.00117701	0.241641	0.00162118	0.00306255	0.164468	0.0011835	0.449086	0.0208632	0.002947	0.000671502	0.00753567	0.00277568	0.00679597	0.0104511	0.0658897	0.00136577	0.0127713
128	0.037403	0.000847806	0.0158029	0.0178793	0.00104295	0.0273904	0.00115035	0.022324	0.00548629	0.0112638	0.00966932	0.0795723	0.00535745	0.00436773	0.00163403	0.379403	0.3605	0.0175863	0.000343578	0.000974924
129	0.0371947	0.0064968	0.0316758	0.0232279	0.00281381	0.767852	0.00224635	0.00205823	0.00349765	0.00859624	0.00284394	0.0187685	0.00445199	0.00355707	0.0184981	0.034166	0.011806	0.0142512	0.000794417	0.00520309
130	0.103587	0.00119307	0.031051	0.020234	0.0277091	0.011347	0.0255471	0.0651877	0.0171306	0.0483707	0.0131732	0.0525112	0.109898	0.0434532	0.00479438	0.195829	0.140721	0.0648442	0.00265345	0.0207647
131	0.0127924	0.000907282	0.000517078	0.000842103	0.0138236	0.00167906	0.000734678	0.400927	0.000865105	0.177483	0.0419138	0.00111151	0.0004192	0.000875252	0.000760121	0.00416752	0.0132019	0.322304	0.000178887	0.00449676
132	0.0303874	0.00108286	0.389378	0.0233079	0.0131459	0.0309155	0.0203977	0.0403147	0.00984347	0.00239847	0.00704664	0.222338	0.00752067	0.00359044	0.00269901	0.0790802	0.0525968	0.018833	0.000514316	0.044609
133	0.111551	0.0111433	0.00742026	0.00462949	0.069992	0.0149328	0.00652365	0.188461	0.00953368	0.16221	0.0501273	0.00952012	0.00884002	0.00607404	0.00445374	0.0371466	0.0450172	0.223528	0.00731214	0.0215833
134	0.0057713	0.0024397	0.00108786	0.000698286	0.10199	0.00118091	0.00284708	0.176558	0.0013488	0.549855	0.0221564	0.00276011	0.000867216	0.00598176	0.00134768	0.00443859	0.0144123	0.0970322	0.000366913	0.00685993
135	0.068071	0.00231474	0.066337	0.0850227	0.0070707	0.0559296	0.0251336	0.0139129	0.0908522	0.0300352	0.00736504	0.105905	0.0227057	0.0795348	0.0361556	0.18385	0.0824849	0.0283396	0.0021993	0.00678002
136	0.0345244	0.00109279	0.386108	0.0259174	0.012445	0.0292623	0.0216254	0.04018	0.00955513	0.00276734	0.00647652	0.213383	0.00680015	0.00426553	0.00274354	0.0760387	0.0582597	0.0193063	0.000605298	0.048643
137	0.00593429	0.00451328	0.000780406	0.000390484	0.0477189	0.00147308	0.00496396	0.0703896	0.00167988	0.715043	0.0871612	0.000693528	0.0013216	0.000791593	0.00607011	0.00118401	0.00183999	0.0399951	0.00161073	0.0064457
138	0.0299161	0.00183694	0.232642	0.0208297	0.0113596	0.0240578	0.0528638	0.0229827	0.0133683	0.00543873	0.00462868	0.393227	0.00491449	0.00872487	0.00766698	0.0686661	0.0374495	0.0147058	0.000874291	0.0438472
139	0.0121423	0.000920177	0.000452891	0.000530137	0.0115172	0.00138706	0.000484105	0.496613	0.000576357	0.100582	0.0249972	0.000686878	0.000331026	0.000533527	0.000530227	0.00393447	0.0139095	0.326594	0.000138065	0.00314061
140	0.0482363	0.00990469	0.099748	0.431348	0.00430256	0.0761695	0.0270128	0.00264888	0.0434176	0.0148048	0.0012647	0.0278237	0.00242618	0.126864	0.0089346	0.0455751	0.0154947	0.00831207	0.000530259	0.00518208
141	0.0368117	0.00267819	0.200762	0.0225811	0.00739396	0.0341067	0.0263025	0.0205353	0.0440433	0.00530466	0.00552614	0.264643	0.00381215	0.00971353	0.00796484	0.199198	0.0750258	0.0128453	0.000780381	0.019971
142	0.0184108	0.00638412	0.0441169	0.0129879	0.00937588	0.0239313	0.0398237	0.00833114	0.0259625	0.0104138	0.00405381	0.60072	0.00522458	0.018465	0.0163148	0.0946571	0.0323371	0.00841666	0.00271193	0.017361
143	0.0211508	0.00149467	0.016068	0.0410343	0.00297951	0.00899487	0.131357	0.0243046	0.0778972	0.0793179	0.0510362	0.0495891	0.0022109	0.304873	0.08542	0.0225827	0.0311246	0.00340815	0.000641578	0.0445145
144	0.00322785	0.00312464	0.00105778	0.00084233	0.182779	0.00154454	0.00346495	0.135814	0.00121286	0.529066	0.0380646	0.00222474	0.000916157	0.00531229	0.00352763	0.00604018	0.0080659	0.0607307	0.00232467	0.0106594
145	0.0508294	0.00488012	0.0323039	0.0180305	0.00263106	0.0431518	0.00773735	0.0172355	0.0180623	0.00933684	0.00676239	0.132481	0.00443923	0.00703985	0.00608863	0.370905	0.251811	0.0135961	0.000341868	0.00233677
146	0.0348375	0.00700408	0.0319361	0.0229048	0.00311486	0.764302	0.00274939	0.00299828	0.0042005	0.00953949	0.00372399	0.0197653	0.00340698	0.00450415	0.0191193	0.0338723	0.0118896	0.0138397	0.000717745	0.00557446
147	0.119579	0.0112982	0.0308819	0.0187197	0.069835	0.0408913	0.0372756	0.0342018	0.00857829	0.0528452	0.0232389	0.0669261	0.0543018	0.0126146	0.00625248	0.172218	0.0735822	0.0605074	0.0397856	0.0664671
148	0.0121423	0.000920177	0.000452891	0.000530137	0.0115172	0.00138706	0.000484105	0.496613	0.000576357	0.100582	0.0249972	0.000686878	0.000331026	0.000533527	0.000530227	0.00393447	0.0139095	0.326594	0.000138065	0.00314061
149	0.0640437	0.00687463	0.00443893	0.00603543	0.0052614	0.0203152	0.0122418	0.00882905	0.00840786	0.0246781	0.00261287	0.00577637	0.625484	0.0303302	0.0158141	0.103338	0.0324837	0.0201234	0.00157223	0.00133954
150	0.0651577	0.00239542	0.0618397	0.0893997	0.0075956	0.0548543	0.0282465	0.0121178	0.0901932	0.0290948	0.00767881	0.106748	0.029889	0.0794373	0.0401499	0.186446	0.0755055	0.0249119	0.00215903	0.00617979
151	0.0646902	0.002333	0.0605164	0.0837598	0.00778765	0.0541157	0.0284323	0.0124685	0.0911928	0.0299664	0.00770313	0.108012	0.0296751	0.0798987	0.0405617	0.188395	0.0768737	0.0251466	0.00220262	0.00626899
152	0.0051259	0.00435792	0.000892342	0.000508142	0.0997335	0.00167661	0.0053445	0.074644	0.00146937	0.667267	0.078218	0.000892014	0.00127045	0.00150828	0.00614973	0.00344996	0.00165262	0.0351548	0.00192095	0.00876396
153	0.023016	0.00351564	0.029319	0.067617	0.0787803	0.00766367	0.0182923	0.0283685	0.120906	0.0972159	0.00750778	0.130318	0.0379793	0.145971	0.10805	0.0564327	0.0197072	0.0135717	0.00162147	0.0041466
154	0.0545118	0.0115936	0.0669611	0.0186831	0.00862886	0.0738577	0.0206267	0.0100822	0.0572521	0.0168638	0.00323299	0.196834	0.00920665	0.0177062	0.0133289	0.336266	0.072232	0.00640176	0.000418324	0.00531207
155	0.0158941	0.00146014	0.000606418	0.00065187	0.0136653	0.00211483	0.000574633	0.478328	0.000745044	0.107966	0.0262984	0.000774197	0.00039739	0.000747915	0.000624131	0.00526746	0.0146035	0.325767	0.000182742	0.0033307
156	0.0352825	0.00332637	0.0579692	0.0420637	0.0146065	0.0471107	0.0570494	0.00865344	0.0975075	0.0277063	0.0043336	0.206212	0.0273412	0.0788052	0.0584684	0.156956	0.0433074	0.0151361	0.00121386	0.0169504
157	0.042542	0.00343155	0.12886	0.0158115	0.00525051	0.028438	0.0258575	0.0169798	0.0496905	0.00439949	0.00580883	0.284975	0.00226593	0.0063833	0.0066574	0.260409	0.0925433	0.00760317	0.000452858	0.0116398
158	0.00274472	0.00448765	0.00103289	0.000807098	0.183194	0.0012501	0.00298685	0.1844	0.00111236	0.44806	0.0223692	0.00307043	0.0011265	0.0103615	0.00131531	0.00742801	0.0141493	0.0950674	0.000523619	0.0145128
159	0.0121339	0.0123121	0.0263521	0.0686294	0.00167946	0.0194839	0.05145	0.0364874	0.230218	0.022311	0.0058717	0.0538898	0.00220043	0.123302	0.223893	0.0468604	0.0355639	0.0134825	0.00855292	0.00532581
160	0.059704	0.00216171	0.3381	0.0743429	0.00406221	0.149666	0.0135212	0.00567225	0.0283371	0.00684612	0.0024726	0.143074	0.00155162	0.00938937	0.0201906	0.0755812	0.0328534	0.0106867	0.0143883	0.0073984
161	0.0506123	0.00511326	0.0629274	0.0473304	0.0053328	0.464918	0.00824172	0.00664237	0.0214818	0.0164316	0.00536263	0.0654636	0.0062755	0.0206628	0.0233718	0.119633	0.048206	0.0163161	0.00111709	0.00456021
162	0.0251347	0.00395038	0.0387407	0.0129141	0.00622772	0.0153926	0.034213	0.0127473	0.025512	0.0107103	0.00431604	0.574106	0.00625581	0.0153416	0.0146419	0.100018	0.0732259	0.012463	0.00158476	0.0125045
163	0.0578829	0.00161809	0.0278884	0.0310894	0.0233356	0.00866873	0.0365563	0.0129618	0.104361	0.106891	0.0161947	0.0678739	0.0722967	0.197302	0.0715466	0.0992647	0.0396364	0.0206271	0.000881887	0.00312225
164	0.0054604	0.00879949	0.0028779	0.00319287	0.530643	0.0133861	0.0178651	0.0314913	0.0028148	0.179048	0.00994791	0.00505443	0.00384466	0.00731763	0.00760759	0.04662	0.00508986	0.0104279	0.0527422	0.0557687
165	0.0707256	0.00226854	0.0574491	0.0625014	0.00888945	0.0551377	0.0260591	0.0140455	0.0807817	0.0302699	0.00595778	0.126456	0.0188265	0.0678946	0.0317009	0.227675	0.0812281	0.0222305	0.00209499	0.00780775
166	0.12115	0.000969524	0.0231752	0.0191478	0.0318598	0.0107192	0.0230884	0.0680675	0.0128059	0.0574276	0.0156807	0.0503364	0.109582	0.0395356	0.00340861	0.184772	0.131343	0.0708229	0.00333516	0.0227734
167	0.0707037	0.00735287	0.00678047	0.00906216	0.00821277	0.0261145	0.0178289	0.00649573	0.0113863	0.0272185	0.00303355	0.00897288	0.541504	0.0274718	0.0159666	0.133612	0.0526833	0.0222777	0.00214439	0.00117814
168	0.0924813	0.00475362	0.00479453	0.00698813	0.0070963	0.0366038	0.0271416	0.00802986	0.00669901	0.0368839	0.00331194	0.00720685	0.489683	0.0286178	0.0233752	0.141284	0.0393499	0.0314634	0.00301866	0.00121739
169	0.0779144	0.00933143	0.00697365	0.00788867	0.0166662	0.0400816	0.031773	0.00977144	0.00731426	0.033005	0.00513833	0.0114922	0.440087	0.0255615	0.0157189	0.165315	0.0630932	0.0237108	0.00679938	0.00236408
170	0.0811731	0.00243134	0.0551663	0.0553736	0.0131879	0.0468934	0.0229433	0.0156285	0.0775206	0.0357269	0.00756699	0.10399	0.0358293	0.0716835	0.031599	0.22534	0.079239	0.0256613	0.00221205	0.0108339
171	0.12267	0.000897538	0.023044	0.0191057	0.0322371	0.0113854	0.0228282	0.0675648	0.012577	0.0565928	0.0154664	0.0516313	0.110871	0.0398467	0.00339456	0.183163	0.129801	0.0693857	0.00416892	0.0233691
172	0.203015	0.00225514	0.0131198	0.0208151	0.00285683	0.284173	0.028256	0.0195591	0.00346842	0.0561212	0.00226872	0.0301727	0.0398005	0.0138847	0.0205776	0.09771	0.0485068	0.082698	0.0282644	0.00247759
173	0.126502	0.0122625	0.00234886	0.00297018	0.0700782	0.0263227	0.00309719	0.188143	0.00784942	0.166677	0.0507175	0.00464362	0.0108226	0.00717278	0.00425471	0.0368892	0.0419252	0.218742	0.00308067	0.0155009
174	0.337004	0.00673913	0.00157191	0.00274731	0.0233163	0.0904585	0.00200823	0.0680414	0.00942713	0.0810353	0.0174503	0.00330247	0.0163496	0.00187395	0.014714	0.0540786	0.0706112	0.197342	0.000522903	0.00140665
175	0.1174	0.0192766	0.00112155	0.000649757	0.0631392	0.0223977	0.00372739	0.222695	0.00170726	0.136851	0.0198428	0.00144097	0.0039386	0.00267246	0.00219485	0.0439033	0.0310855	0.299024	0.000821783	0.00611084
176	0.337117	0.00673913	0.0015716	0.0027572	0.0233004	0.0904834	0.00200797	0.0681259	0.0094043	0.0809425	0.0174394	0.00331986	0.0163261	0.00188242	0.0145793	0.0540118	0.0706059	0.197459	0.000522898	0.00140298
177	0.236181	0.00929818	0.0105481	0.0169515	0.00277739	0.208162	0.0231054	0.0180075	0.00419167	0.0475233	0.00366483	0.0186289	0.0223246	0.00977437	0.0240603	0.1726	0.0540774	0.102167	0.0128568	0.00310076
178	0.115327	0.0180999	0.00127954	0.000932422	0.0620553	0.0210301	0.00353885	0.22296	0.00224354	0.136946	0.0237039	0.00162481	0.00411814	0.00287387	0.00226058	0.0429933	0.0319697	0.298542	0.000959893	0.00654139
179	0.117344	0.0189238	0.00134042	0.000692744	0.062324	0.0216588	0.00378934	0.220422	0.00174748	0.135156	0.019358	0.00160137	0.0038835	0.00275126	0.00215723	0.0442287	0.0309552	0.304598	0.000900151	0.00616806
180	0.118631	0.019852	0.00112528	0.000646926	0.0641838	0.0236556	0.00372157	0.219333	0.00169926	0.13838	0.0192858	0.00144751	0.00389854	0.00269036	0.00228928	0.0447667	0.0312974	0.296189	0.000810562	0.00609558
181	0.105809	0.0151448	0.00642379	0.00468747	0.0316923	0.0188086	0.00240805	0.196206	0.00571623	0.0994907	0.0283785	0.0026393	0.00207853	0.00333098	0.00165592	0.0393138	0.0295698	0.400913	0.000408394	0.00532403
182	0.113743	0.0191103	0.00118817	0.000780395	0.0727244	0.0231826	0.00360307	0.213102	0.00196721	0.158907	0.022244	0.00175854	0.00401233	0.00321577	0.0022171	0.0429453	0.0313796	0.275999	0.00093078	0.00698928
183	0.119558	0.0186204	0.00121336	0.000772356	0.0635656	0.0232662	0.0037129	0.21811	0.00202662	0.142509	0.0206511	0.00160579	0.00406467	0.00278772	0.00219905	0.042752	0.0315375	0.293395	0.000927618	0.00672515
184	0.15923	0.0191034	0.00118073	0.000743652	0.0673849	0.0397837	0.00347033	0.184327	0.0022685	0.143676	0.0167605	0.00174795	0.0055674	0.00273714	0.00352654	0.0456753	0.0383453	0.257441	0.000810867	0.00622
185	0.157065	0.0200953	0.00125831	0.000858021	0.0697383	0.0409506	0.00383926	0.184272	0.00228301	0.144344	0.0167009	0.00180674	0.0054751	0.00274273	0.00349024	0.0463181	0.0385108	0.25266	0.000871955	0.00671868
186	0.215382	0.017705	0.00110717	0.00107508	0.0541356	0.0655617	0.00265396	0.141147	0.00413738	0.126681	0.0172325	0.00184044	0.00818421	0.00237964	0.00658683	0.0450215	0.0442795	0.239951	0.000688592	0.00424978
187	0.119972	0.000938816	0.02294	0.0195563	0.0313895	0.00982583	0.0228732	0.0698812	0.0126048	0.0568842	0.0147882	0.0509311	0.111644	0.0417548	0.00342085	0.182743	0.131483	0.0712824	0.00264097	0.0224454
188	0.00699238	0.00978256	0.00147375	0.0018137	0.205856	0.00199216	0.0785163	0.00169444	0.00149902	0.0124422	0.0010719	0.00220737	0.0010119	0.00185523	0.00191206	0.00748344	0.00227828	0.00300713	0.00552728	0.651583
189	0.081127	0.00678647	0.0123585	0.0269165	0.00529998	0.0189183	0.00362272	0.0137006	0.0103613	0.0402295	0.00652082	0.0480786	0.0187813	0.0158589	0.00603078	0.399229	0.264627	0.0178979	0.000659851	0.00299446
190	0.109456	0.0164026	0.00245842	0.00155163	0.0525796	0.0193638	0.00406349	0.217294	0.00249043	0.124886	0.0206103	0.00187784	0.00326851	0.00357383	0.00200272	0.041828	0.0291442	0.340219	0.00091446	0.00601434
191	0.446307	0.00587176	0.010486	0.0302491	0.00214141	0.0930396	0.00630442	0.0116427	0.0045888	0.0256917	0.00238077	0.00995085	0.0186891	0.00500519	0.0109637	0.192411	0.0593287	0.0590586	0.00351928	0.00237076
