525	20
1	0.0352579	0.00475058	0.0173145	0.00254127	0.213764	0.0144709	0.0621558	0.0268292	0.0118254	0.0763528	0.00889568	0.022874	0.00265714	0.0134496	0.0124854	0.0414664	0.0239665	0.0294685	0.034517	0.344958
2	0.0270674	0.000384513	0.0018529	0.00189217	0.000365981	0.929722	0.000291156	0.00129667	0.000289733	0.0013753	0.000398742	0.00454876	0.000205605	0.00194625	0.000343149	0.0243273	0.00244158	0.000875784	0.000110102	0.000265196
3	0.0774601	0.00178194	0.0569556	0.057677	0.00296782	0.0121755	0.00146403	0.0138127	0.106986	0.124739	0.0385693	0.0126069	0.244416	0.0220058	0.0488892	0.0724696	0.0431005	0.0241537	0.000715372	0.0370534
4	0.00854565	0.00978352	0.0389229	0.0240218	0.00252232	0.0169393	0.0627641	0.0066872	0.0627844	0.0057454	0.00275633	0.485134	0.0222506	0.014725	0.158502	0.0446455	0.0239947	0.0048336	0.0010492	0.00339271
5	0.0609866	0.00197401	0.045126	0.218522	0.00287734	0.00327239	0.002083	0.115059	0.0512626	0.0284996	0.00314894	0.00374882	0.0122218	0.147195	0.0457948	0.0719849	0.0393511	0.144227	0.000865064	0.00180031
6	0.0179205	0.00581002	0.18276	0.0360381	0.000857731	0.0234396	0.0383619	0.00279247	0.00782788	0.00181425	0.00320623	0.302669	0.00377142	0.0176249	0.00945214	0.229771	0.105909	0.00692211	0.000246096	0.00280649
7	0.0839508	0.00852246	0.00505631	0.00705673	0.235632	0.0390122	0.0287118	0.0446576	0.00844926	0.114807	0.0222074	0.011801	0.0679916	0.0104857	0.0127391	0.0434438	0.0320117	0.0407513	0.0235813	0.159131
8	0.0423803	0.00969252	0.000536634	0.00255464	0.192619	0.00872007	0.000576365	0.0719698	0.000712011	0.512628	0.0501613	0.00181812	0.0013819	0.00154743	0.00135434	0.0122069	0.0247475	0.0478021	0.00635432	0.0102366
9	0.0303882	0.00312262	0.00272898	0.00455763	0.0042785	0.00521922	0.0200696	0.253702	0.00364317	0.0431573	0.0232932	0.213361	0.00227593	0.00424973	0.00415309	0.117247	0.0922403	0.168242	0.00135715	0.00271257
10	0.0625096	0.00957263	0.00210422	0.0023756	0.0824271	0.0582532	0.00187142	0.244223	0.0011484	0.181825	0.0544765	0.0014072	0.00125584	0.00843252	0.00135584	0.0209195	0.0219888	0.130965	0.0339514	0.0789378
11	0.0159546	0.00228041	0.000164531	0.00117302	0.0158138	0.00112429	0.000726848	0.412142	0.000771497	0.13027	0.043605	0.000688756	0.000427063	0.00225835	0.00138588	0.00434693	0.0174669	0.345181	0.00151816	0.00270207
12	0.0151399	0.00476234	0.000363686	0.00277778	0.0368396	0.00165874	0.000392191	0.0674482	0.00133683	0.731884	0.0959712	0.000616417	0.000914402	0.00116601	0.000657731	0.00385735	0.00540749	0.0240408	0.000258908	0.0045062
13	0.0456213	0.00770548	0.000248111	0.000947897	0.0564789	0.010409	0.000678253	0.252222	0.00215744	0.39085	0.0693428	0.00081751	0.00039502	0.000986064	0.00248769	0.00938691	0.0312692	0.111641	0.00435102	0.00200467
14	0.11691	0.0160011	0.000129077	0.000473563	0.075543	0.0194701	0.00097156	0.224004	0.000163538	0.174661	0.0297146	0.00126687	0.00604909	0.000637001	0.00157365	0.0294842	0.0389728	0.259206	0.00175669	0.00301205
15	0.0865694	0.0111599	0.000785535	0.00240984	0.0508234	0.0279945	0.00113118	0.282867	0.00258931	0.220033	0.058834	0.00141302	0.00291698	0.00259984	0.00352336	0.0218518	0.0337842	0.169324	0.00702581	0.0123639
16	0.415266	0.0164036	0.00357786	0.00120213	0.00848014	0.219963	0.000458376	0.0365265	0.000500063	0.0329405	0.0116931	0.00378803	0.00701799	0.00752705	0.000572731	0.103519	0.0611965	0.0677769	0.000207229	0.00138288
17	0.135078	0.0246946	0.00037291	0.000485468	0.0449217	0.123229	0.000434067	0.136863	0.000394833	0.2462	0.0266733	0.000620141	0.00489729	0.000681908	0.000726036	0.0628573	0.0534254	0.13193	0.00176336	0.0037524
18	0.0274245	0.000953232	0.000202322	0.00059746	0.0168909	0.0019654	0.00263139	0.318941	0.000267046	0.212308	0.0230615	0.00040454	0.000247901	0.000736496	0.00398719	0.00323857	0.0127018	0.367215	0.000285448	0.00594021
19	0.197011	0.0238358	0.00883828	0.0421622	0.00632009	0.055862	0.00773732	0.0126948	0.0114091	0.0117673	0.0137257	0.040501	0.00304461	0.0139607	0.00792214	0.40289	0.113267	0.0179861	0.00179752	0.00726723
20	0.0818205	0.0147463	0.000834178	0.00123687	0.356219	0.0220579	0.000838203	0.0656337	0.000959743	0.208096	0.0230886	0.00420576	0.00411033	0.0018489	0.0010077	0.0281931	0.0450352	0.0521602	0.0265253	0.0613829
21	0.120624	0.0163392	0.000134353	0.00046827	0.0715689	0.0281809	0.000909785	0.21474	0.000178646	0.18022	0.0293126	0.00121898	0.00680438	0.000555693	0.00177621	0.0333659	0.0416094	0.24718	0.0018363	0.00297667
22	0.0254809	0.00123124	0.000359294	0.00191738	0.00831074	0.00052602	0.0005205	0.39765	0.000470426	0.0903996	0.0955457	0.00105117	0.00212477	0.0010967	0.000677381	0.00793318	0.0289131	0.334523	0.000328495	0.000940091
23	0.0308663	0.000966016	0.000338255	0.00249857	0.0109727	0.000684395	0.000582598	0.394422	0.000532166	0.111844	0.127114	0.0010048	0.00264362	0.000966897	0.000724177	0.0101233	0.0306859	0.27109	0.000549121	0.0013918
24	0.134888	0.0262352	0.00038259	0.000524067	0.046219	0.127157	0.000651057	0.128738	0.000399414	0.247968	0.0284054	0.000934676	0.00447776	0.00092427	0.000652888	0.0679465	0.0546633	0.123117	0.00175701	0.00395806
25	0.119508	0.016314	0.000146662	0.000477287	0.0713276	0.0271846	0.000943081	0.213857	0.000185267	0.179984	0.0303851	0.00124942	0.00646017	0.000579845	0.00166696	0.0346539	0.043207	0.247164	0.00185377	0.00285283
26	0.0235483	0.00520956	0.00056228	0.00179909	0.0312288	0.0045905	0.000671139	0.282802	0.00365364	0.363795	0.128613	0.00253291	0.00266213	0.00337476	0.00346484	0.00855613	0.0244127	0.10201	0.00373133	0.00278178
27	0.085151	0.0114206	0.000149608	0.000494918	0.0616143	0.0126117	0.0015017	0.251639	0.000205582	0.190031	0.0293621	0.0011059	0.00353015	0.000835706	0.00217439	0.019321	0.0300997	0.293341	0.00134695	0.00406347
28	0.0689602	0.00755668	0.000330577	0.000899407	0.0960453	0.0187862	0.000842759	0.122539	0.000319413	0.404252	0.096502	0.00107793	0.0011967	0.00127155	0.00206665	0.0132783	0.0511795	0.111803	0.000608099	0.000484332
29	0.110839	0.0155038	0.000128437	0.000464586	0.0766619	0.018243	0.00120404	0.221199	0.000164451	0.189459	0.0322373	0.00124053	0.00493242	0.000665297	0.00148831	0.0260455	0.0363832	0.257838	0.00212465	0.0031766
30	0.21644	0.0309921	0.00422045	0.0104904	0.00823226	0.179428	0.00161133	0.0331471	0.00280455	0.017296	0.00940782	0.0283252	0.00449702	0.00582054	0.0020924	0.287192	0.106128	0.0463103	0.000628181	0.00493704
31	0.268651	0.0201086	0.0040147	0.0024832	0.00832922	0.216922	0.00152219	0.0481707	0.00168865	0.0267524	0.0192164	0.0143855	0.00676685	0.00770948	0.00204146	0.124533	0.0750485	0.148306	0.000647485	0.00270189
32	0.081082	0.0184669	0.000563676	0.000784054	0.0530823	0.0971007	0.0025059	0.125524	0.000626524	0.280521	0.0344459	0.00304151	0.0059553	0.00240981	0.000882882	0.0818718	0.0837637	0.12118	0.00478436	0.00140751
33	0.0356021	0.0011863	0.000352872	0.00240487	0.0112629	0.00174157	0.000558889	0.386838	0.000649022	0.117213	0.133211	0.00104163	0.00245594	0.000970475	0.000762307	0.0104149	0.0370382	0.254298	0.00065773	0.00134026
34	0.0857567	0.00460104	0.115239	0.0512807	0.00148916	0.0675559	0.029749	0.00608938	0.0681997	0.011297	0.00377457	0.0886506	0.0404416	0.027174	0.0480893	0.25581	0.0769092	0.0127378	0.000396541	0.00475911
35	0.0398282	0.00472436	0.00240202	0.00172213	0.477546	0.0168507	0.0140235	0.0300647	0.00368191	0.0925091	0.0140152	0.00704379	0.00532723	0.00449934	0.00509899	0.0297608	0.029381	0.0239798	0.0216739	0.175868
36	0.036342	0.0032165	0.00156515	0.00244521	0.106195	0.0157318	0.0111333	0.207401	0.00189634	0.0934954	0.0257683	0.00256781	0.00138451	0.00351636	0.00196727	0.0583762	0.0559668	0.238145	0.0605764	0.0723101
37	0.00664276	0.00227095	0.00681582	0.0486514	0.00370343	0.00746812	0.117174	0.0056377	0.00345746	0.036394	0.00355034	0.0172671	0.00251796	0.689337	0.00678118	0.0133102	0.00642688	0.0129591	0.00482894	0.0048053
38	0.0286604	0.00147304	0.0341876	0.0438972	0.00260625	0.0173111	0.0460243	0.00867748	0.268514	0.00987234	0.00254058	0.0804739	0.0108478	0.0642101	0.278489	0.0472453	0.0368906	0.0158018	0.00191764	0.000359866
39	0.312945	0.00550561	0.0310522	0.134334	0.0145037	0.00937827	0.0038773	0.0230747	0.0167801	0.0240141	0.0119745	0.0186764	0.00403829	0.0567788	0.00571715	0.138989	0.105062	0.076822	0.00107352	0.00540301
40	0.25758	0.00117537	0.000848318	0.00625295	0.0158933	0.0168102	0.00115012	0.0984531	0.000904238	0.0541834	0.0544	0.00989866	0.00130929	0.0051774	0.00108224	0.165469	0.156103	0.140448	0.00154324	0.0113179
41	0.110041	0.00465611	0.138127	0.297734	0.00441145	0.0174396	0.0279213	0.0219335	0.0464232	0.0236905	0.0147927	0.0244659	0.0122709	0.112333	0.0400796	0.0487364	0.0326269	0.0121342	0.000403082	0.00977846
42	0.199891	0.00337913	0.0450176	0.081559	0.0059142	0.0287368	0.0368563	0.0112338	0.121246	0.0313251	0.00562946	0.0595257	0.000580672	0.0798274	0.119194	0.0811712	0.0632892	0.0202715	0.00166899	0.00368348
43	0.0147438	0.00397577	0.000357958	0.00211053	0.0305557	0.00266749	0.000563375	0.151992	0.00112839	0.637155	0.0556757	0.000711381	0.00108491	0.0017633	0.00117564	0.00349557	0.00752668	0.0800847	0.000982426	0.00224943
44	0.0704168	0.00335073	0.0390312	0.0553678	0.00330944	0.0282317	0.0392804	0.027906	0.170028	0.057589	0.0162512	0.0289864	0.00154222	0.0882415	0.191247	0.0797044	0.0520201	0.0414547	0.000389324	0.00565225
45	0.0283642	0.00147349	0.0337632	0.0442751	0.00262518	0.0171511	0.0464405	0.00846066	0.269854	0.00872142	0.00236762	0.0796903	0.0110802	0.0635221	0.279769	0.046891	0.0374135	0.0158683	0.00192524	0.000344078
46	0.520336	0.0350154	0.000757154	0.00479376	0.000853963	0.00469122	0.000662951	0.0191942	0.000873679	0.00584473	0.000999233	0.000957627	0.000664689	0.000982781	0.000857278	0.0829554	0.172161	0.142768	0.000319485	0.0043111
47	0.185531	0.00565367	0.0425567	0.0629568	0.0145605	0.0207394	0.0307078	0.0168574	0.113933	0.0399164	0.00725539	0.0583804	0.000475572	0.0709223	0.120195	0.0955309	0.0740257	0.0325051	0.00104269	0.0062546
48	0.0676285	0.0107956	0.000456489	0.00215131	0.00280658	0.000896623	0.000410745	0.174578	0.000838791	0.0229127	0.00614565	0.00127899	0.0025381	0.00204492	0.0039044	0.00650375	0.0422154	0.651238	0.000149264	0.000506811
49	0.00632096	0.00829885	0.0145234	0.0356466	0.0202137	0.000973767	0.0154265	0.145313	0.0459295	0.274295	0.029989	0.0075154	0.000569864	0.0479383	0.104114	0.0234933	0.0598654	0.134845	0.0118485	0.012881
50	0.0237949	0.00631348	0.010509	0.0271152	0.00858892	0.00832533	0.0158684	0.0669494	0.113472	0.0206666	0.0102935	0.0515055	0.0041015	0.0418217	0.500346	0.0284445	0.0216818	0.0288718	0.00217678	0.0091533
51	0.0452312	0.00252053	0.217237	0.431427	0.00268354	0.00313523	0.00903805	0.00466849	0.0271012	0.0155663	0.00723958	0.0273863	0.00029269	0.143732	0.00822482	0.027405	0.0175109	0.00385348	0.000147681	0.00559952
52	0.0165531	0.00144315	0.000222405	0.000320249	0.014728	0.000886348	0.000891836	0.241951	0.000258836	0.424836	0.0158054	0.000374608	0.000178634	0.000331996	0.00145603	0.00148808	0.00607013	0.269838	0.00013404	0.00223183
53	0.0596086	0.0112845	0.00427285	0.00804497	0.0144452	0.0103084	0.00388624	0.0822688	0.00670053	0.153268	0.0164586	0.00636261	0.0143576	0.00853199	0.00960181	0.0561903	0.246724	0.28064	0.00252325	0.0045221
54	0.048365	0.0171849	0.00217212	0.00335406	0.00405879	0.0109686	0.00211175	0.103871	0.0174818	0.0505453	0.00423651	0.0038711	0.441799	0.00745958	0.0346158	0.038957	0.063949	0.141087	0.00101378	0.00289843
55	0.0271503	0.000390686	0.00185121	0.00189642	0.000368566	0.929412	0.000291167	0.00130285	0.000289416	0.00137507	0.00039883	0.00458489	0.000205604	0.0019419	0.000348862	0.0244419	0.00249754	0.000877961	0.000110102	0.000265196
56	0.00413141	0.000720794	0.944544	0.00647822	0.00291182	0.00584208	0.000668994	0.00202938	0.000922063	0.00188103	0.00105599	0.00608144	0.000532681	0.00109351	0.00110476	0.0137184	0.00297722	0.0022833	0.000308899	0.000714038
57	0.0271299	0.000905762	0.000215876	0.000434511	0.0164166	0.00201695	0.0028021	0.316184	0.000267945	0.214183	0.0201988	0.000362936	0.00019686	0.000723499	0.0041673	0.00298896	0.0126028	0.372079	0.000239706	0.005883
58	0.00410765	0.0012953	0.000158387	0.000212897	0.00413283	0.000316708	0.000139758	0.4279	0.000175424	0.0447838	0.017379	0.000963508	0.000145409	0.00172291	0.000207437	0.0021153	0.0115264	0.482456	9.73632e-05	0.000164088
59	0.0236943	0.0120901	0.0127565	0.0465288	0.0865044	0.00695858	0.10105	0.0538945	0.0704974	0.104635	0.0201262	0.0363727	0.0135744	0.0794186	0.122585	0.0456925	0.0344033	0.0385492	0.00206442	0.0886044
60	0.0131649	0.00246331	0.000240829	0.000583326	0.0225299	0.00130178	0.00040239	0.217177	0.000346599	0.508026	0.0237715	0.000392562	0.000224957	0.00040753	0.000547342	0.00159745	0.00706769	0.197961	0.000486021	0.0013089
61	0.214366	0.00211251	0.00325422	0.0447	0.00864006	0.0166528	0.0200777	0.00915331	0.0254102	0.00894375	0.00311376	0.0332167	0.000981621	0.0106628	0.0150566	0.460856	0.084429	0.0178595	0.00548808	0.0150262
62	0.32822	0.00786063	0.013269	0.0188676	0.0095332	0.0210239	0.00509826	0.0156543	0.0305771	0.0363917	0.00881837	0.0165491	0.0588659	0.0099016	0.0101518	0.242798	0.138272	0.0222501	0.00142021	0.00447733
63	0.0278932	0.000520101	0.00185568	0.00190138	0.000468031	0.926538	0.000292888	0.00158478	0.000288528	0.00178544	0.000472054	0.00455501	0.000217882	0.00195241	0.000347405	0.0249277	0.00279186	0.00119854	0.000115267	0.000293929
64	0.108738	0.00491006	0.138806	0.0882204	0.00352926	0.0470092	0.0208623	0.00929349	0.0846455	0.0187592	0.00610159	0.0871973	0.0323337	0.0470917	0.0714228	0.158705	0.0507394	0.01591	0.000655325	0.00506896
65	0.0266823	0.0012643	0.000948498	0.00323878	0.00188272	0.00180585	0.000871207	0.300551	0.0485745	0.233908	0.0680471	0.00911625	0.0166075	0.0365602	0.0347305	0.0385913	0.041673	0.133351	0.000535263	0.00106145
66	0.00410765	0.0012953	0.000158387	0.000212897	0.00413283	0.000316708	0.000139758	0.4279	0.000175424	0.0447838	0.017379	0.000963508	0.000145409	0.00172291	0.000207437	0.0021153	0.0115264	0.482456	9.73632e-05	0.000164088
67	0.0494735	0.00954448	0.00114753	0.00232112	0.00185909	0.00658203	0.00189416	0.0188722	0.00296414	0.0204457	0.0026725	0.00200383	0.792836	0.00482484	0.00804473	0.0215494	0.0156887	0.0348884	0.000503125	0.00188423
68	0.449533	0.0077699	0.00124993	0.00122456	0.00245363	0.44436	0.00058685	0.00374823	0.00075797	0.00572177	0.00399992	0.00283581	0.00159826	0.00121034	0.000702129	0.0586012	0.0066295	0.00621334	0.000280848	0.000522753
69	0.00385983	0.000737196	0.947592	0.00520498	0.00285696	0.00573467	0.000625817	0.00198748	0.000740042	0.00189567	0.00106603	0.00566013	0.000491217	0.000916264	0.000943578	0.0134473	0.00291731	0.00229218	0.000316718	0.000714854
70	0.1517	0.0563048	0.000749901	0.000929291	0.0245872	0.137901	0.000790268	0.111098	0.000840223	0.233075	0.0334528	0.000917075	0.0047362	0.0013829	0.000791304	0.0551522	0.027846	0.150086	0.00174552	0.00591379
71	0.0263104	0.0201691	0.00657419	0.0144404	0.033046	0.0123029	0.0107647	0.0732143	0.109505	0.0860455	0.041569	0.0111941	0.00202377	0.0324864	0.268632	0.0309374	0.0283316	0.0779595	0.024064	0.0904298
72	0.0106644	0.00184296	0.000254732	0.000336651	0.0173215	0.000551625	0.000286154	0.231974	0.000292479	0.50174	0.0180606	0.000381955	0.000174396	0.00030236	0.000315411	0.00111144	0.00597126	0.207314	0.000236915	0.000867298
73	0.0100626	0.00182609	0.000251861	0.000343777	0.0171188	0.000527334	0.000252979	0.23262	0.000317168	0.503702	0.0178887	0.000388699	0.000174794	0.000310264	0.00031029	0.00107368	0.00594289	0.20586	0.000222433	0.000805204
74	0.116387	0.00195282	0.0500165	0.24198	0.0295083	0.0128618	0.0331142	0.00577049	0.0509044	0.00559028	0.00323816	0.0436527	0.00672782	0.0549636	0.0607773	0.145798	0.0816863	0.0299739	0.0149144	0.0101826
75	0.217653	0.0551125	0.00250753	0.016918	0.00790342	0.0744555	0.000951638	0.0120186	0.00115351	0.0036578	0.00291308	0.0171226	0.00213348	0.0020928	0.00102744	0.410023	0.154	0.0152853	0.000391217	0.00267998
76	0.0281799	0.00152531	0.0336034	0.0439208	0.00259271	0.0167474	0.0461997	0.0089069	0.269057	0.00880741	0.00244652	0.0798272	0.0110553	0.0628505	0.28118	0.0466516	0.0379477	0.016189	0.00191148	0.00039931
77	0.0551193	0.00170779	0.337358	0.171918	0.00491049	0.0549864	0.0172315	0.00732443	0.0299018	0.00372298	0.00168947	0.112868	0.0117804	0.0359159	0.0351122	0.0890952	0.0191422	0.00872252	0.000280953	0.0012121
78	0.0429476	0.0138957	0.000586532	0.00261569	0.238713	0.00722998	0.00043997	0.0487438	0.000863212	0.508081	0.0369499	0.00224089	0.000855624	0.000912453	0.000711781	0.0136429	0.0220769	0.0315625	0.0109017	0.0160284
79	0.0396109	0.00964535	0.0132263	0.0362288	0.111679	0.0140747	0.0752854	0.0509347	0.0467818	0.0758773	0.0324421	0.0266196	0.0114447	0.0710245	0.085669	0.0734099	0.0396008	0.0504257	0.0109033	0.125116
80	0.0372868	0.00859173	0.000266365	0.000899764	0.001811	0.000530061	0.000264097	0.267263	0.00040341	0.0282826	0.00798085	0.00112289	0.000232849	0.00126995	0.00164635	0.00271055	0.0263603	0.612606	0.000111396	0.000360636
81	0.0644743	0.00642636	0.199993	0.071849	0.000917525	0.0460241	0.0306777	0.00373684	0.0357221	0.00528391	0.0032534	0.22422	0.0180474	0.0346238	0.029935	0.164387	0.0436806	0.0137335	0.000237508	0.00277691
82	0.0637608	0.00389696	0.0669209	0.41468	0.00580206	0.0176571	0.00963732	0.0198318	0.0246889	0.0157071	0.00856182	0.024405	0.00372178	0.147812	0.0148544	0.051987	0.0569291	0.0426734	0.00172064	0.00475238
83	0.491453	0.00287938	0.00225873	0.00322587	0.00163333	0.0262606	0.000370673	0.00205167	0.00270522	0.00339579	0.000750183	0.0015555	0.00448493	0.00105895	0.000610987	0.399527	0.0413182	0.0137543	0.000186807	0.000519331
84	0.281447	0.000860501	0.0006973	0.00581041	0.0110839	0.0190808	0.000607618	0.0901975	0.000760983	0.0510422	0.051477	0.00685732	0.00126753	0.00525546	0.000850493	0.179788	0.163784	0.12013	0.000313753	0.00868898
85	0.0141931	0.00502184	0.000312157	0.00290803	0.0421321	0.00111501	0.000342607	0.0632395	0.000424647	0.772312	0.0645192	0.000542061	0.000742185	0.000901365	0.000530415	0.00341701	0.00320407	0.0203502	0.000150443	0.00364256
86	0.0395141	0.000944336	0.0396098	0.00892675	0.0010874	0.0117182	0.0035356	0.00383401	0.00574343	0.0029038	0.00336655	0.0696999	0.00418199	0.00431138	0.00393589	0.283222	0.505175	0.00665552	0.000304592	0.00133023
87	0.0270674	0.000384513	0.0018529	0.00189217	0.000365981	0.929722	0.000291156	0.00129667	0.000289733	0.0013753	0.000398742	0.00454876	0.000205605	0.00194625	0.000343149	0.0243273	0.00244158	0.000875784	0.000110102	0.000265196
88	0.0503282	0.00283534	0.213948	0.416158	0.00395027	0.00823174	0.010404	0.00779831	0.0261048	0.0152037	0.00744459	0.0298492	0.00438089	0.125942	0.0118798	0.0323592	0.0206854	0.00678529	0.000371481	0.00533973
89	0.202035	0.00437167	0.00250783	0.00469757	0.0165597	0.0110468	0.00217159	0.00711269	0.00350426	0.00748258	0.00313215	0.00414126	0.0469534	0.00321503	0.00294164	0.590283	0.0564021	0.0283435	0.00119772	0.0019005
90	0.0727343	0.00611764	0.0190634	0.0304646	0.0891385	0.0274309	0.0170238	0.0951601	0.043936	0.0915297	0.0781996	0.0175203	0.00422488	0.0351815	0.0739884	0.0531031	0.0309253	0.0733745	0.0313342	0.109549
91	0.173967	0.00585869	0.00144817	0.00522741	0.00474288	0.0482392	0.00505666	0.0356922	0.00210575	0.0272432	0.00698719	0.00280193	0.46841	0.00665348	0.00403309	0.0766546	0.0529469	0.0643654	0.000348239	0.00721808
92	0.0704683	0.0085549	0.000562036	0.00921963	0.00505921	0.00190802	0.000566517	0.193726	0.00355604	0.0429348	0.0118424	0.00391798	0.00309661	0.00821661	0.00601707	0.0194837	0.0653568	0.544656	0.00024096	0.000616739
93	0.102132	0.00216299	0.184715	0.262266	0.00770333	0.0171807	0.027714	0.0116016	0.0640266	0.0144584	0.00552376	0.0359541	0.0215737	0.0961204	0.0536864	0.0526565	0.0262878	0.00840842	0.000843917	0.00498434
94	0.00676475	0.00163354	0.00251839	0.00414498	0.00245131	0.00323171	0.00142873	0.00927626	0.876679	0.00466305	0.00251652	0.00282808	0.00127667	0.00273597	0.0356494	0.00635593	0.0194462	0.0142508	0.000727055	0.00142128
95	0.0443084	0.0109978	0.0162014	0.0322188	0.0922644	0.0200149	0.0624624	0.0566352	0.0580763	0.0681501	0.0511414	0.0276844	0.00927044	0.0561337	0.0979753	0.0687133	0.0442568	0.0610697	0.0149971	0.107428
96	0.118401	0.00379343	0.116554	0.10793	0.00121154	0.0436054	0.0161014	0.00579846	0.0675108	0.0165069	0.00301906	0.0766832	0.0874356	0.0327896	0.0475343	0.164108	0.0667059	0.0181598	0.000178609	0.00597262
97	0.0459451	0.00955331	0.185375	0.0654815	0.00102557	0.0371373	0.0280141	0.00407863	0.0288785	0.00423481	0.00302259	0.311307	0.0119529	0.0249037	0.0269583	0.149218	0.0508696	0.00893192	0.000255817	0.00285608
98	0.0798649	0.0269668	0.000843797	0.0213389	0.0255065	0.00501044	0.0039565	0.30807	0.00669724	0.272184	0.0657436	0.00126385	0.000610619	0.0117477	0.00826929	0.0197723	0.0210716	0.0982052	0.00892719	0.0139491
99	0.132596	0.064629	0.00243033	0.00325685	0.0100383	0.107623	0.00215255	0.0583943	0.00255806	0.235975	0.016872	0.00352012	0.00315087	0.00377682	0.0033647	0.0219977	0.0131864	0.309495	0.00161522	0.00336774
100	0.0039481	0.000676708	0.000660638	0.00098445	0.708944	0.00539278	0.000599837	0.0149995	0.000703481	0.0472723	0.0145983	0.00116323	0.00246367	0.000969724	0.000821937	0.00525496	0.00613453	0.00349729	0.00644404	0.174471
101	0.0997427	0.00403886	0.0289796	0.085374	0.00575631	0.0307653	0.0171375	0.0379769	0.0519978	0.148531	0.0927863	0.0531996	0.00428116	0.0948765	0.0531074	0.0834475	0.0782527	0.0279511	0.000364472	0.00143345
102	0.0292679	0.000419868	0.00181779	0.00200829	0.000424472	0.924856	0.000309373	0.00133447	0.000342869	0.00145232	0.000447719	0.00488897	0.000224993	0.00192747	0.000367664	0.0258501	0.00272033	0.000951883	0.000113814	0.00027345
103	0.0547355	0.000822465	0.00743788	0.00220578	0.0010506	0.0057291	0.000702191	0.00419896	0.00100716	0.00218424	0.00568681	0.0182514	0.000722922	0.00212939	0.000874888	0.202243	0.683723	0.0052894	0.000322045	0.000683071
104	0.0287344	0.00376013	0.0217028	0.00478848	0.00738893	0.0044129	0.0529253	0.024193	0.00342518	0.0743909	0.00392567	0.162188	0.00225882	0.00461096	0.00424012	0.248541	0.286099	0.0257843	0.000988137	0.0356415
105	0.0204822	0.00487025	0.0002136	0.000498902	0.00281028	0.000388501	0.000187327	0.347642	0.000232228	0.0350179	0.0123954	0.00100952	0.000165507	0.00140273	0.000886995	0.00230493	0.0183162	0.550848	9.06622e-05	0.000236299
106	0.0511037	0.0074766	0.00142104	0.0211361	0.00832039	0.00444368	0.00191672	0.293149	0.0225188	0.102556	0.018537	0.0123268	0.00328064	0.0254309	0.0303493	0.0369513	0.047613	0.309404	0.000630882	0.00143436
107	0.138277	0.0249636	0.0137889	0.0226357	0.007202	0.0904671	0.0059176	0.0133476	0.0161083	0.00895322	0.00618686	0.0593493	0.00676587	0.0076242	0.00803345	0.398148	0.133497	0.0168076	0.00144815	0.0204785
108	0.0270674	0.000384513	0.0018529	0.00189217	0.000365981	0.929722	0.000291156	0.00129667	0.000289733	0.0013753	0.000398742	0.00454876	0.000205605	0.00194625	0.000343149	0.0243273	0.00244158	0.000875784	0.000110102	0.000265196
109	0.017947	0.0141834	0.0018438	0.0261131	0.0255797	0.0145487	0.0372139	0.017303	0.0251437	0.00625757	0.00292346	0.030814	0.00159362	0.024938	0.0461813	0.429062	0.223304	0.0276172	0.00138673	0.0260452
110	0.528581	0.0111553	0.00105559	0.00110986	0.0029668	0.338597	0.000671337	0.00707315	0.00085716	0.011614	0.00674464	0.00177003	0.00181571	0.00114801	0.000843374	0.0601961	0.00841042	0.0144557	0.00032134	0.000613342
111	0.0265349	0.0122379	0.00213992	0.0145288	0.00252585	0.00283257	0.00156169	0.0840711	0.117932	0.0756293	0.0345513	0.00262323	0.00145122	0.062632	0.142513	0.0461763	0.304773	0.0523911	0.000679945	0.0122149
112	0.35863	0.0224353	0.0020588	0.000979241	0.00679991	0.268959	0.000611448	0.0452296	0.000877088	0.069882	0.0202055	0.00248396	0.00483467	0.00487153	0.000967348	0.0553015	0.0395184	0.0913718	0.000276842	0.0037059
113	0.0269438	0.000908762	0.000219955	0.000430694	0.015854	0.00198379	0.00276868	0.310876	0.000310116	0.216253	0.0188815	0.000439299	0.000203534	0.000709095	0.00435176	0.00305892	0.0124378	0.377444	0.000194632	0.0057313
114	0.0395013	0.0087518	0.00028703	0.000950369	0.00140539	0.000513801	0.000231263	0.255099	0.000343497	0.0245034	0.00712676	0.00111296	0.000249503	0.00122645	0.00170536	0.00268443	0.0277269	0.62617	0.000113406	0.000298185
115	0.0708447	0.0116028	0.000145582	0.00117029	0.0565838	0.00984667	0.00133221	0.282622	0.000837349	0.203845	0.0424104	0.00111765	0.00239233	0.00174175	0.00200399	0.0167137	0.0343284	0.253152	0.00253059	0.00477898
116	0.252206	0.00688419	0.0310521	0.0518445	0.00658036	0.0349572	0.0515306	0.0104594	0.110764	0.0287395	0.00967769	0.055477	0.000625281	0.0699539	0.113175	0.0754998	0.0499303	0.0344383	0.00113959	0.00506554
117	0.0503707	0.025358	0.000727484	0.00276815	0.00801804	0.00234371	0.000840716	0.138659	0.0016274	0.0383357	0.0196153	0.00281324	0.00370809	0.00229268	0.00229577	0.0308132	0.318307	0.349773	0.000368488	0.000964866
118	0.0381491	0.000852492	0.00188688	0.0019769	0.00058245	0.90722	0.000326208	0.00191779	0.000436384	0.00175868	0.00060569	0.00592614	0.000251294	0.00192134	0.000418192	0.0300675	0.00371652	0.00154542	0.000122129	0.000319355
119	0.12922	0.00736227	0.102904	0.0683688	0.00100904	0.0511058	0.0130633	0.00672615	0.0872372	0.0175997	0.00559712	0.0973659	0.0510145	0.0333678	0.0651401	0.184516	0.0608131	0.0119694	0.000304957	0.00531466
120	0.0754647	0.00728416	0.0116819	0.00608012	0.00217898	0.0136378	0.00178128	0.00606479	0.00279681	0.00354961	0.00507903	0.0393282	0.001996	0.00367971	0.00155613	0.246856	0.55995	0.00865881	0.000527607	0.00184859
121	0.0695754	0.00666693	0.0165405	0.0308223	0.0939776	0.0251769	0.0167887	0.0901919	0.048568	0.0836864	0.0728713	0.0165871	0.00339755	0.0338428	0.0785276	0.0533293	0.0301804	0.0744668	0.0349712	0.119831
122	0.00623027	0.00759296	0.000408892	0.00104637	0.424917	0.00142098	0.000632181	0.0727685	0.0009791	0.26903	0.0754248	0.0111838	0.00460464	0.000830651	0.000644989	0.00902311	0.00988341	0.0589456	0.00615842	0.0382742
123	0.0388606	0.00101224	0.00191402	0.0020039	0.000665962	0.902956	0.000345486	0.00197535	0.000449075	0.0019072	0.000674795	0.00633843	0.000252457	0.00191607	0.000441641	0.0323872	0.0039722	0.00144358	0.000159868	0.000324225
124	0.197695	0.00316237	0.0455296	0.0855497	0.0047388	0.0307216	0.0385237	0.0109409	0.12105	0.0305436	0.00534589	0.059791	0.00037198	0.0832966	0.116247	0.0781188	0.0644781	0.0188898	0.00177596	0.00322915
125	0.0297471	0.00424611	0.000218894	0.00337418	0.0246589	0.00186458	0.000442987	0.413584	0.00171937	0.187427	0.0937586	0.000787874	0.00109813	0.0012878	0.00158791	0.00865117	0.0266828	0.191679	0.00368414	0.00349952
126	0.213685	0.00224398	0.00304772	0.044662	0.00978945	0.015209	0.0199645	0.00897598	0.0252035	0.0100256	0.00286497	0.0329883	0.00187906	0.0103722	0.014588	0.457531	0.0879008	0.0186124	0.00600158	0.014455
127	0.0211346	0.00104732	0.0868741	0.0188532	0.00117567	0.0340567	0.00971591	0.00240599	0.0177347	0.00277899	0.00150321	0.111258	0.0117012	0.00384856	0.0101271	0.390507	0.268365	0.00501533	0.000298693	0.00159895
128	0.118657	0.00510672	0.108745	0.0715818	0.000694348	0.049807	0.0152011	0.00632681	0.0749862	0.0143792	0.00392251	0.0921633	0.0660996	0.0289233	0.0535271	0.198739	0.0682051	0.0158581	0.000166753	0.00691056
129	0.0468547	0.0100784	0.0014998	0.00196806	0.417466	0.0134089	0.0051113	0.0642066	0.00243781	0.193336	0.0346506	0.00589837	0.00525089	0.0031304	0.00291372	0.0199432	0.0245532	0.0455105	0.0177704	0.084012
130	0.0451923	0.00251007	0.218311	0.430751	0.0028331	0.00319908	0.00907642	0.00467483	0.0269143	0.0154949	0.00717732	0.0274553	0.000333834	0.143154	0.00831316	0.0274122	0.0176029	0.00386254	0.000157538	0.00557497
131	0.0248231	0.00414794	0.00575239	0.0158573	0.00269449	0.00867763	0.0249259	0.0514121	0.260956	0.028882	0.010112	0.0189318	0.000778857	0.0540749	0.319815	0.0564272	0.0447661	0.0537638	0.000474879	0.0127272
132	0.103022	0.00521971	0.125611	0.0734519	0.00133255	0.0564683	0.0179425	0.00599025	0.0659678	0.0120819	0.00389984	0.0973398	0.044754	0.0308583	0.048233	0.225365	0.0633771	0.0136531	0.000368702	0.00506321
133	0.0284993	0.00376458	0.000208926	0.00311432	0.0233331	0.00169449	0.000492696	0.414024	0.00157832	0.180327	0.091725	0.00073007	0.00109186	0.00125821	0.00156358	0.00856746	0.0267421	0.204563	0.00324171	0.0034795
134	0.0389665	0.00614604	0.000555823	0.00249741	0.046829	0.00495847	0.00125363	0.366503	0.00161501	0.160795	0.0502331	0.00126126	0.00192672	0.00187335	0.00234864	0.0115354	0.0383006	0.255098	0.00257062	0.0047318
135	0.218706	0.0476599	0.00257677	0.0146369	0.010994	0.0759685	0.00102944	0.0139394	0.00155665	0.00498678	0.00290287	0.0160014	0.00379364	0.00261178	0.00118269	0.400922	0.160894	0.016447	0.000419666	0.00277086
136	0.0555402	0.0111774	0.0142187	0.0253321	0.0825967	0.0291333	0.0196615	0.0613721	0.0770563	0.0605324	0.0789819	0.019432	0.00276347	0.0310706	0.103578	0.0604217	0.0418624	0.0744486	0.0348679	0.115953
137	0.0521254	0.00566018	0.000579838	0.0141715	0.0665386	0.0101966	0.00131461	0.123094	0.000884973	0.453402	0.070992	0.00132315	0.0012097	0.00927762	0.00523641	0.0141466	0.0504967	0.113937	0.0011954	0.00421695
138	0.0168713	0.00421022	0.000311354	0.00211236	0.0419318	0.0032194	0.000357123	0.105586	0.000902774	0.692933	0.0782858	0.000541574	0.000927944	0.00109485	0.000834024	0.00356684	0.00929084	0.0333998	0.0008962	0.00272687
139	0.0547866	0.0058669	0.000334705	0.00122574	0.0717706	0.0122405	0.000472861	0.194833	0.00138871	0.36038	0.128129	0.000907399	0.00194266	0.00139617	0.001922	0.00994111	0.0495295	0.0987891	0.00228898	0.00185426
140	0.0284749	0.00619204	0.00428411	0.0153403	0.00326453	0.012248	0.0277053	0.0523788	0.271377	0.0234986	0.00827371	0.0130845	0.000798116	0.0571796	0.282904	0.0743023	0.0455425	0.0535686	0.000560533	0.0190226
141	0.0417337	0.0114868	0.000294	0.000668831	0.212403	0.00979126	0.00126324	0.146357	0.000566332	0.285076	0.0666573	0.00502948	0.00213526	0.00100508	0.00106989	0.00883238	0.0188811	0.159732	0.00612801	0.0208887
142	0.103873	0.0014375	0.0014759	0.00243599	0.00246705	0.0120385	0.00138773	0.28198	0.00208154	0.0183555	0.253531	0.00255209	0.00157627	0.00246988	0.00210529	0.0172736	0.187728	0.103142	0.000629833	0.00145809
143	0.0697002	0.00761532	0.000315777	0.000901873	0.0964322	0.0187835	0.000852996	0.121912	0.000321047	0.404439	0.0962064	0.00109374	0.00118844	0.00124653	0.00205319	0.0134159	0.0512129	0.111205	0.000644798	0.000459104
144	0.112196	0.0156049	0.000140536	0.000682212	0.0738569	0.0182577	0.00101042	0.226287	0.000321727	0.173931	0.0293799	0.00136836	0.00568811	0.000814392	0.00177731	0.0277625	0.0390427	0.267127	0.0017204	0.00303051
145	0.0671375	0.00639188	0.000392077	0.000970113	0.081154	0.0188769	0.000693805	0.123968	0.000485244	0.390036	0.133466	0.00131558	0.00226256	0.00164446	0.00196644	0.0126054	0.0546561	0.100692	0.000578958	0.00070616
146	0.136873	0.0244163	0.000619389	0.00195037	0.0456691	0.0135254	0.00101541	0.14679	0.000966519	0.106232	0.022148	0.00176089	0.0121962	0.00249317	0.00242656	0.0253468	0.064253	0.387385	0.00130306	0.00262971
147	0.120814	0.0175715	0.000527268	0.00114275	0.0552769	0.0798428	0.00209784	0.143853	0.00108158	0.208475	0.0256352	0.00223373	0.0528673	0.00204023	0.00270238	0.0527653	0.0558804	0.165174	0.00605064	0.00396909
148	0.111783	0.0156136	0.000124228	0.000470554	0.0764832	0.0181172	0.001113	0.224196	0.0001615	0.18238	0.0314743	0.00131152	0.00506326	0.000697931	0.00154191	0.0272441	0.0380067	0.259125	0.00191132	0.00318188
149	0.0207651	0.00219283	0.000223322	0.00149169	0.00874886	0.000883122	0.000594021	0.38661	0.000576174	0.0913319	0.0499777	0.00105668	0.000948261	0.00154205	0.00147482	0.00678522	0.0203276	0.402814	0.000263222	0.00139344
150	0.0131026	0.00860274	0.000401811	0.000592302	0.432038	0.00272743	0.000472019	0.0699819	0.000599207	0.267092	0.0650589	0.00945037	0.00426073	0.00067923	0.000569074	0.0103382	0.0134332	0.0577313	0.00837458	0.0344945
151	0.0668059	0.0113362	0.000249693	0.000719874	0.0867437	0.0154666	0.00189071	0.158049	0.000307693	0.356869	0.0635271	0.001206	0.000243792	0.000985302	0.00188839	0.00990881	0.0306156	0.186121	0.00354783	0.0035184
152	0.0195565	0.003462	0.00210852	0.00349317	0.0687929	0.0493883	0.00576444	0.081112	0.0025157	0.270015	0.043655	0.00713424	0.0602206	0.0066178	0.0027608	0.0743677	0.0506769	0.125304	0.120585	0.00246978
153	0.0257436	0.00529124	0.000972753	0.00157859	0.0661401	0.0646769	0.00742353	0.0755152	0.00113296	0.337351	0.0637015	0.0084086	0.0296121	0.00771926	0.00137011	0.090751	0.0720627	0.104284	0.0353541	0.000910984
154	0.0448684	0.00249179	0.216413	0.434003	0.00268535	0.00334363	0.00878896	0.00456241	0.0264993	0.0151447	0.00710925	0.0276496	0.000303757	0.143019	0.00791284	0.0283189	0.0173022	0.00393859	0.000151868	0.00549363
155	0.449925	0.00934661	0.0022201	0.00555313	0.00238074	0.0340859	0.000360429	0.00300511	0.00232926	0.00316996	0.00103271	0.00339736	0.00335239	0.0011005	0.000569633	0.404901	0.0592671	0.0131328	0.000176936	0.000693054
156	0.0626243	0.00954987	0.00042618	0.00120365	0.219681	0.0152802	0.000395529	0.0812916	0.000567624	0.391911	0.0711221	0.00128549	0.00151428	0.00121902	0.00137563	0.0153352	0.0454564	0.0647029	0.00710871	0.00794919
157	0.0470363	0.00355021	0.00079293	0.00130644	0.0916357	0.0105234	0.000875555	0.0984292	0.00114067	0.364447	0.217123	0.00276258	0.00613255	0.00281186	0.00242038	0.00983521	0.069299	0.0684723	0.000369777	0.00103542
158	0.00688209	0.0018737	0.00110976	0.00144458	0.646149	0.00554132	0.00316643	0.0240255	0.00175104	0.0759121	0.0244828	0.00361007	0.00313607	0.0020348	0.00259223	0.00842529	0.00757031	0.0118693	0.00753738	0.160887
159	0.618322	0.00925412	0.000744821	0.00101147	0.00314355	0.245299	0.00085049	0.00429934	0.00089386	0.00717991	0.00529137	0.00117574	0.00265956	0.00104884	0.000826779	0.0787239	0.00866055	0.00976613	0.000329565	0.000518708
160	0.010821	0.00166761	0.000253903	0.000329344	0.0163276	0.000509618	0.000317756	0.233339	0.000289945	0.492615	0.0173124	0.000381596	0.000167709	0.000300194	0.000461221	0.00111969	0.00588553	0.216648	0.000193062	0.0010595
161	0.53987	0.00290811	0.00228481	0.0028855	0.001053	0.0238729	0.000444815	0.00176085	0.00321471	0.00372364	0.000736014	0.00139763	0.00317303	0.000989788	0.000672238	0.359948	0.0378205	0.0125387	0.000203135	0.000502769
162	0.0193502	0.00185066	0.000206276	0.000862925	0.0108216	0.000985071	0.00146661	0.376828	0.000378295	0.131636	0.032949	0.000791057	0.000803027	0.00120488	0.0021159	0.00396666	0.0222385	0.388498	0.000385588	0.00266192
163	0.621196	0.00945896	0.000763185	0.000943539	0.00323748	0.248417	0.000789616	0.00416015	0.00078245	0.00688984	0.00533972	0.00112354	0.00249286	0.00104575	0.000745551	0.0745649	0.00827456	0.00890549	0.000340087	0.000529925
164	0.0949041	0.0203782	0.00101339	0.00356006	0.0633538	0.01799	0.00184181	0.241738	0.00481257	0.144496	0.0261015	0.00315885	0.00459024	0.00305166	0.00866624	0.0317873	0.0347594	0.287273	0.00214908	0.00437511
165	0.0862334	0.00214464	0.00202306	0.00224726	0.00146587	0.828102	0.000648072	0.00464897	0.000680842	0.00474767	0.00181985	0.00520711	0.00110021	0.00245656	0.000655086	0.0393045	0.00866041	0.00704316	0.000151642	0.000659701
166	0.0162875	0.00449498	0.000322749	0.00218495	0.0330989	0.00276706	0.000346581	0.146934	0.00146445	0.646909	0.0791	0.000751332	0.000973225	0.00136207	0.0013229	0.00387429	0.00838199	0.0448794	0.00182246	0.00272194
167	0.190011	0.011158	0.00376757	0.00753284	0.0114862	0.0165715	0.00192187	0.0822794	0.00266534	0.0391444	0.0456402	0.0213026	0.00295547	0.00621007	0.00243114	0.151191	0.298905	0.0981128	0.000675714	0.00603774
168	0.0483085	0.00811927	0.00104045	0.00200805	0.00163343	0.00678417	0.00189556	0.0173793	0.00255529	0.0198426	0.00227131	0.00174283	0.802247	0.004655	0.00742849	0.0207879	0.0157158	0.0331792	0.000460473	0.00194581
169	0.0496441	0.0043122	0.0518716	0.418476	0.0062967	0.0279975	0.0114276	0.0141266	0.0327679	0.0167091	0.0105492	0.0322209	0.00363395	0.146501	0.016822	0.0404462	0.0730814	0.0361666	0.00191101	0.00503883
170	0.0950415	0.0115901	0.000825936	0.00111217	0.0776745	0.0384176	0.00104964	0.142676	0.000804954	0.312916	0.0937174	0.00137538	0.00334258	0.0018527	0.00195838	0.0240225	0.0464492	0.13496	0.00343662	0.00677729
171	0.0151279	0.00492659	0.000375387	0.00415785	0.0387251	0.00149266	0.000500921	0.0750838	0.00078042	0.742528	0.063509	0.000719367	0.00128827	0.00182197	0.000847456	0.00481527	0.00544306	0.0333867	0.000419629	0.0040508
172	0.0467074	0.00814945	0.00335903	0.00296919	0.00201197	0.00685602	0.0019459	0.0177865	0.00304374	0.0206121	0.00234221	0.00262221	0.79677	0.00479781	0.00779366	0.0206465	0.0156917	0.0333834	0.000481078	0.00202989
173	0.105791	0.0139525	0.000274777	0.00128905	0.0700807	0.0185165	0.00144652	0.202487	0.000330348	0.218012	0.0416553	0.00128532	0.00497355	0.00105503	0.00166687	0.0227592	0.0351224	0.252955	0.00266146	0.00368526
174	0.00601924	0.00139459	0.000154687	0.000247419	0.00440641	0.000370586	0.000224068	0.420978	0.000180914	0.050336	0.0209045	0.00095692	0.000210822	0.00162448	0.000365282	0.00240883	0.0125146	0.476257	0.000103821	0.000341408
175	0.0274551	0.00274535	0.000293318	0.00270587	0.0154871	0.00176077	0.00106101	0.371439	0.00210593	0.140121	0.0621441	0.00151193	0.00209499	0.00241314	0.00273542	0.00921413	0.0397141	0.311627	0.000899414	0.00247173
176	0.0437163	0.00100843	0.0235805	0.00640355	0.00131258	0.0112778	0.00216196	0.00454067	0.00491317	0.0040485	0.00345433	0.0766169	0.00288541	0.00534008	0.00188445	0.279383	0.516665	0.00871143	0.000333301	0.00176259
177	0.288793	0.0031489	0.00138807	0.00618683	0.0113616	0.0428678	0.000701246	0.0868184	0.000744106	0.043917	0.0349643	0.00533593	0.00304784	0.00571898	0.000862656	0.17791	0.168405	0.111718	0.000290269	0.00581988
178	0.160959	0.0998881	0.0026024	0.012066	0.0111194	0.0614768	0.00301924	0.016032	0.00255446	0.00816176	0.00471961	0.0551869	0.0048324	0.00445732	0.00339316	0.311129	0.220547	0.0132273	0.000912924	0.00371517
179	0.016329	0.0053168	0.000381104	0.00317844	0.0447758	0.00177358	0.000482116	0.0652357	0.000784149	0.748814	0.0714212	0.00057921	0.000796545	0.000918973	0.00064157	0.00404298	0.0056012	0.0241796	0.00025209	0.00449615
180	0.542462	0.00288303	0.00218905	0.00296928	0.00125806	0.0244661	0.000510498	0.00179896	0.00368665	0.00379833	0.000773125	0.00177274	0.002993	0.00112133	0.000749071	0.356266	0.0360164	0.0134035	0.000254219	0.000628297
181	0.0264554	0.00484404	0.00570289	0.0152192	0.00354733	0.00922834	0.0284335	0.0485981	0.254559	0.0285377	0.0104804	0.0194834	0.00103355	0.0525751	0.324612	0.0566829	0.0437883	0.051613	0.000564212	0.0140417
182	0.0270674	0.000384513	0.0018529	0.00189217	0.000365981	0.929722	0.000291156	0.00129667	0.000289733	0.0013753	0.000398742	0.00454876	0.000205605	0.00194625	0.000343149	0.0243273	0.00244158	0.000875784	0.000110102	0.000265196
183	0.362046	0.0157828	0.00260308	0.00715485	0.00806299	0.0688594	0.000966636	0.0362467	0.00197633	0.018952	0.0111221	0.00742337	0.00462467	0.00475476	0.00115242	0.281785	0.108121	0.0547305	0.000523379	0.00311185
184	0.0267452	0.00172628	0.00188227	0.00570124	0.00281882	0.00168399	0.00181385	0.290826	0.0527424	0.233813	0.054019	0.00780701	0.0142637	0.0393674	0.0434954	0.0385403	0.0427733	0.136861	0.00128505	0.00183439
185	0.183294	0.00549212	0.0425886	0.0629695	0.0146234	0.0205189	0.03035	0.0171639	0.11492	0.0406066	0.00751508	0.0570482	0.000429099	0.0713123	0.121163	0.0958139	0.0737539	0.0332583	0.00101617	0.0061631
186	0.0161898	0.00127367	0.000626095	0.00111721	0.00516985	0.00102392	0.000623607	0.0270973	0.00816648	0.528574	0.368874	0.00111956	0.000544413	0.000812612	0.000810738	0.00312256	0.0108219	0.0141008	0.000301554	0.00963031
187	0.5504	0.00297374	0.00214571	0.00258501	0.000737479	0.0240785	0.000342668	0.00168582	0.00313599	0.00366881	0.000691564	0.00123787	0.00268804	0.000898706	0.000546151	0.354038	0.0349673	0.0125639	0.000175041	0.000439941
188	0.03277	0.00150675	0.0359433	0.0485136	0.00229309	0.0356794	0.0323895	0.006365	0.376162	0.00631916	0.00206587	0.0525408	0.00632833	0.0577272	0.224946	0.0387458	0.0272408	0.0106418	0.00120992	0.000611269
