226	20
1	0.0483047	0.00440889	0.000889861	0.00421954	0.0171189	0.015884	0.00230008	0.238785	0.0011222	0.167946	0.137782	0.00536749	0.0148471	0.00883164	0.001201	0.0219216	0.0322461	0.27501	0.00047536	0.00133849
2	0.0196327	0.00696219	0.00141974	0.00199918	0.459923	0.00836331	0.0037425	0.0702397	0.00271171	0.166651	0.0283673	0.00872493	0.00291531	0.00187727	0.0182489	0.00950065	0.00898174	0.0388802	0.00678711	0.134071
3	0.0627376	0.00358001	0.00439247	0.0255263	0.00684478	0.0261106	0.0416235	0.0215118	0.334564	0.0207648	0.0223537	0.0306985	0.00692135	0.0344712	0.242521	0.0400001	0.0200516	0.0278048	0.0009109	0.0266109
4	0.285585	0.00550606	0.0463479	0.200128	0.00830531	0.013601	0.0123243	0.00905628	0.057444	0.0130122	0.0558684	0.0107633	0.0335214	0.124485	0.0168233	0.0176626	0.0410458	0.040538	0.00189695	0.00608536
5	0.0256811	0.0545303	0.310103	0.0363526	0.0255418	0.0271689	0.0256468	0.00909574	0.023006	0.0199897	0.00701913	0.175734	0.00550713	0.0508324	0.0488281	0.0615032	0.0159889	0.0132692	0.00349332	0.0607091
6	0.0206609	0.0116818	0.657253	0.0881196	0.00630224	0.0129957	0.0146804	0.00389708	0.0140765	0.0118007	0.00315305	0.0524799	0.0068349	0.0154244	0.0119957	0.0387039	0.0130258	0.00956696	0.000784474	0.00656328
7	0.0784455	0.0107499	0.00101004	0.00278736	0.0212215	0.0106365	0.00275515	0.238091	0.00352456	0.10508	0.025676	0.00369068	0.00789575	0.00397895	0.00427518	0.0114309	0.012698	0.447905	0.000984465	0.00716269
8	0.0542543	0.00803207	0.0216633	0.0371002	0.0214215	0.0217273	0.105429	0.0247137	0.107412	0.0282471	0.0323321	0.0323706	0.00717095	0.030628	0.304005	0.0419128	0.0456717	0.0293382	0.00766026	0.03891
9	0.315678	0.0109616	0.00555558	0.00670774	0.0148374	0.411019	0.00886711	0.019636	0.00556904	0.0190407	0.0112273	0.00908334	0.0104535	0.00411551	0.00851194	0.0563518	0.0181725	0.0165518	0.0364572	0.0112036
10	0.01784	0.00619431	0.000551346	0.00158072	0.0512884	0.00296315	0.00190527	0.298302	0.00107018	0.378647	0.0432054	0.00102474	0.00326903	0.00331131	0.00148947	0.00165177	0.00941585	0.155409	0.00582958	0.0150507
11	0.313462	0.00785073	0.00280369	0.00238968	0.00272399	0.558325	0.00259025	0.00781067	0.00211397	0.00365383	0.00394478	0.00412775	0.00525407	0.00137487	0.00277524	0.0557978	0.0136534	0.00495129	0.00298133	0.0014158
12	0.0751314	0.00214622	0.00182962	0.00313896	0.0628093	0.00333849	0.0522323	0.0298725	0.140581	0.183304	0.0398575	0.0516095	0.00177075	0.0715241	0.106145	0.0475866	0.0394958	0.0421073	0.00080255	0.0447169
13	0.358123	0.0719379	0.00338068	0.0161769	0.0431381	0.165086	0.0219165	0.0344668	0.0157128	0.0615042	0.00507618	0.0112571	0.00370646	0.00255072	0.00492787	0.0727813	0.0682258	0.0145037	0.00306346	0.0224648
14	0.0234637	0.00664219	0.00100094	0.00151518	0.459986	0.00460913	0.00157839	0.070495	0.00131636	0.215199	0.0332548	0.0047743	0.00118734	0.0012983	0.00928997	0.00920627	0.00534524	0.0431114	0.00112595	0.105601
15	0.515763	0.0127592	0.00349055	0.000991742	0.00465472	0.312088	0.0012789	0.00445077	0.0046061	0.00642954	0.0122583	0.00144266	0.0176796	0.000812294	0.00242063	0.048147	0.0386062	0.00751123	0.00362093	0.000988951
16	0.190769	0.117974	0.0012302	0.00810598	0.0365589	0.0120863	0.00914105	0.0805749	0.00322632	0.108314	0.00496895	0.0168	0.00104478	0.00167745	0.00289618	0.0748185	0.0297403	0.297257	0.000585265	0.00223016
17	0.0409333	0.00260654	0.000448071	0.000738948	0.0100101	0.000958829	0.000637139	0.242581	0.000614333	0.0716932	0.00805396	0.000709687	0.00209571	0.000651079	0.000688608	0.00433594	0.00825412	0.602071	0.000224668	0.00169339
18	0.31644	0.00668605	0.00264487	0.00194064	0.00198948	0.568821	0.00189142	0.00733847	0.00185792	0.00289394	0.00330943	0.00339866	0.00401921	0.000986683	0.00282758	0.054349	0.0109209	0.00362126	0.00304766	0.00101576
19	0.0305082	0.0289277	0.00261044	0.00343297	0.137984	0.0333988	0.0913887	0.00557606	0.0227137	0.031228	0.0467133	0.0306601	0.0160313	0.00284253	0.149947	0.0295122	0.0275141	0.00859728	0.0603053	0.240108
20	0.0196144	0.0113528	0.666196	0.0893697	0.00625467	0.0111808	0.0146123	0.0037424	0.0130356	0.0119648	0.00368785	0.0480285	0.00732919	0.0119921	0.0104556	0.0399703	0.0133952	0.0100742	0.00099658	0.00674733
21	0.205433	0.0722624	0.00361486	0.0085879	0.0403039	0.0753942	0.00810238	0.0431808	0.0106504	0.0254635	0.0158245	0.0347593	0.00376818	0.00572789	0.00528367	0.0667463	0.0162014	0.225143	0.0013153	0.132238
22	0.0466385	0.00691029	0.0170354	0.0352023	0.0159234	0.0169138	0.0988008	0.0277584	0.0722655	0.0307881	0.0346606	0.0515231	0.00587543	0.0277128	0.266881	0.0567739	0.123277	0.0312021	0.00623861	0.0276192
23	0.0832083	0.00203476	0.0361962	0.068795	0.041154	0.0268968	0.0310704	0.0661457	0.0263843	0.16785	0.00354728	0.034754	0.0870833	0.00440174	0.018	0.0528998	0.0668082	0.160766	0.000688357	0.0213158
24	0.0307102	0.00369964	0.052337	0.00515601	0.00732937	0.033294	0.0620396	0.0333827	0.00403509	0.0135444	0.00610742	0.0079014	0.0553622	0.00396747	0.0151856	0.337201	0.271146	0.026747	0.0019026	0.028951
25	0.0555373	0.00506119	0.00400696	0.00605261	0.00557403	0.168552	0.00541861	0.00704601	0.0236612	0.00845872	0.00538901	0.00865851	0.0101889	0.0050736	0.010752	0.607663	0.0461386	0.00973787	0.00155658	0.0054726
26	0.450689	0.00283406	0.0162273	0.0544602	0.0035252	0.0845365	0.0560173	0.00462495	0.0307291	0.0502746	0.00391778	0.0438659	0.00247455	0.030085	0.0305081	0.0555814	0.00557034	0.00667712	0.0176756	0.049726
27	0.016802	0.00867309	0.000427162	0.000593385	0.0183017	0.000968625	0.000662824	0.0900561	0.000567609	0.724585	0.054281	0.00225319	0.000423153	0.000572127	0.000661875	0.00134252	0.00349477	0.072842	0.000344381	0.00214719
28	0.0709928	0.0242945	0.00145904	0.0290535	0.00887427	0.0146099	0.00488307	0.243383	0.038001	0.0748171	0.0291456	0.00381113	0.001359	0.0296539	0.0145661	0.0848186	0.0754211	0.218104	0.000481313	0.0322716
29	0.113606	0.00348163	0.0700787	0.206007	0.00140169	0.0224237	0.0163742	0.00720684	0.119905	0.0260802	0.0126728	0.025107	0.00109641	0.133978	0.124151	0.0257703	0.0508584	0.0382911	0.000317824	0.00119247
30	0.386492	0.00890279	0.00245084	0.00152765	0.00390537	0.479066	0.00285532	0.0149963	0.00206739	0.00573785	0.0037129	0.00267051	0.0049569	0.00137852	0.0034249	0.0475116	0.0138288	0.00819174	0.00491304	0.00141058
31	0.0168426	0.00866796	0.000426654	0.00059339	0.0183278	0.000969099	0.000662816	0.0901142	0.000568981	0.724367	0.0542854	0.00224785	0.00042526	0.000572277	0.000664021	0.00134147	0.00349184	0.0729288	0.000344437	0.00215802
32	0.0692558	0.0337655	0.00475056	0.0108234	0.00351251	0.00474834	0.00244217	0.0510274	0.0196086	0.217196	0.105417	0.0382446	0.00720994	0.096068	0.0783322	0.0234441	0.135353	0.0958525	0.000556451	0.00239214
33	0.0213305	0.00237248	0.0931831	0.036366	0.00220474	0.447895	0.0271371	0.00240736	0.0949761	0.00266491	0.00214369	0.133742	0.0142217	0.0280785	0.022182	0.0494223	0.00692397	0.0102701	0.000639969	0.00183811
34	0.124915	0.146152	0.00132469	0.00858184	0.0181268	0.0178654	0.00237125	0.161313	0.0195798	0.185696	0.0352283	0.00283526	0.00116644	0.00154546	0.0140758	0.0207768	0.0179905	0.218235	0.000574194	0.00164734
35	0.0339549	0.00659292	0.237714	0.155714	0.00277996	0.0541172	0.0833844	0.00197842	0.0653752	0.0030688	0.00155997	0.164915	0.00105951	0.0603132	0.0604385	0.0364142	0.0203351	0.00289022	0.000465794	0.00692849
36	0.0446111	0.0028308	0.000458253	0.000760279	0.0110531	0.00105979	0.000662931	0.244979	0.000595124	0.0735686	0.00942975	0.000748228	0.0022967	0.000850804	0.00065441	0.00402785	0.00822011	0.591195	0.000214301	0.00178304
37	0.0381845	0.0150791	0.00185136	0.0251288	0.0316539	0.00729494	0.0119014	0.243205	0.0187496	0.133907	0.0129243	0.003182	0.00188768	0.0241286	0.0228824	0.041099	0.0789184	0.252638	0.00065496	0.03473
38	0.0116435	0.0377363	0.395688	0.028496	0.026436	0.0239125	0.0241634	0.0036245	0.0206778	0.0157352	0.00282101	0.205033	0.00216076	0.0375163	0.0563943	0.0609479	0.00689226	0.00598279	0.000976628	0.0331627
39	0.0219597	0.00382384	0.000441617	0.00163505	0.0355667	0.00858804	0.00327082	0.369954	0.00063103	0.199012	0.0486248	0.00256663	0.010261	0.00890364	0.00115226	0.00515005	0.0151155	0.25457	0.00164445	0.00712833
40	0.150188	0.00885982	0.0555853	0.0204137	0.00668079	0.495009	0.0142044	0.00905755	0.0298916	0.0133631	0.0102704	0.0432543	0.014705	0.0118785	0.0142666	0.0575939	0.0177544	0.0163249	0.00347235	0.0072257
41	0.0468558	0.0487027	0.0097721	0.00498911	0.00646757	0.00756384	0.0020763	0.0355961	0.00784094	0.319186	0.120857	0.0233109	0.0163241	0.0707292	0.0539555	0.0132513	0.0894395	0.120158	0.000576384	0.00234802
42	0.190225	0.119275	0.00118735	0.00865656	0.0348838	0.0131271	0.00879756	0.0796408	0.00381898	0.108452	0.00537426	0.0172711	0.00103833	0.00166128	0.00309256	0.0734897	0.0297923	0.295857	0.000549499	0.00380992
43	0.175524	0.00646037	0.00566932	0.00316568	0.00336453	0.00597288	0.0186904	0.0408359	0.00340889	0.0221314	0.0358997	0.00422231	0.173621	0.00345004	0.00643131	0.134622	0.230095	0.121322	0.00119928	0.00391439
44	0.037533	0.00231392	0.0310034	0.00253764	0.00308426	0.0167135	0.0115344	0.0292254	0.00241776	0.0151326	0.00375576	0.00505603	0.0641172	0.00250531	0.0204854	0.360289	0.344301	0.0392688	0.000836551	0.0078896
45	0.134787	0.0106867	0.0243352	0.0227723	0.0203797	0.314322	0.0194411	0.012897	0.0133044	0.0181483	0.015727	0.0252991	0.199243	0.0120393	0.0118883	0.0777285	0.0189162	0.0235719	0.0079208	0.016592
46	0.0786925	0.00879779	0.000875105	0.00572539	0.0174226	0.0160461	0.00126202	0.0730067	0.00114106	0.234426	0.243109	0.0033752	0.00272226	0.00315458	0.00110933	0.0207387	0.0537986	0.233083	0.000355829	0.00115876
47	0.0677888	0.0299071	0.00430459	0.00405756	0.0234772	0.0214643	0.00164578	0.0496049	0.00309768	0.279273	0.167893	0.0139219	0.00699311	0.0292612	0.016045	0.0201444	0.0814721	0.177112	0.000535701	0.00200016
48	0.102632	0.0141848	0.0169764	0.0198578	0.0448812	0.0352672	0.211323	0.0245659	0.0193681	0.0268948	0.0209794	0.0326881	0.0252819	0.0129023	0.0266649	0.0572426	0.0236637	0.1016	0.0100058	0.17302
49	0.020558	0.0024058	0.0218561	0.0146862	0.406714	0.00674185	0.0613366	0.0211365	0.00285134	0.00633693	0.00943598	0.00387934	0.00281963	0.00244685	0.00749214	0.00699411	0.00514953	0.0152484	0.0544005	0.32751
50	0.646599	0.0156511	0.00103179	0.00159276	0.00271285	0.0832743	0.0120726	0.0143296	0.00160604	0.00722292	0.00200978	0.00176406	0.00169471	0.00114645	0.00174127	0.125964	0.0358711	0.0327421	0.00927148	0.00170215
51	0.335706	0.113216	0.00218001	0.00981121	0.0433262	0.122963	0.0203235	0.0474503	0.00939085	0.064134	0.00400306	0.0203208	0.00712768	0.0024601	0.00528193	0.0729847	0.0496468	0.0507007	0.00279277	0.0161806
52	0.0741505	0.00502196	0.000348797	0.000544863	0.0183078	0.000694675	0.000487958	0.231073	0.000458463	0.0868693	0.0150566	0.000576229	0.00284132	0.000500856	0.000540666	0.00216634	0.0050149	0.552849	0.000191274	0.00230557
53	0.0832729	0.00588256	0.0048868	0.00682206	0.00870789	0.00985659	0.00801926	0.112941	0.00711841	0.0117375	0.234523	0.00787305	0.00424822	0.275097	0.00711744	0.0405667	0.0119683	0.123322	0.00217921	0.0338595
54	0.0411229	0.00262829	0.000456211	0.000735643	0.0101437	0.00101221	0.000674336	0.244202	0.00062188	0.0719796	0.00812293	0.000714404	0.00211417	0.000696	0.000706747	0.00429231	0.0082135	0.599634	0.000225415	0.00170407
55	0.0541646	0.0149738	0.0282764	0.0248328	0.00983572	0.0213184	0.0305954	0.019956	0.0103298	0.0201618	0.0139237	0.136018	0.0149165	0.0190311	0.0507241	0.249023	0.252581	0.0218263	0.00144551	0.00606631
56	0.584425	0.0123953	0.0019503	0.00126145	0.00328426	0.239817	0.00446408	0.00877216	0.00259512	0.00523	0.00618993	0.00139045	0.00859035	0.000918359	0.0028448	0.0645086	0.0290457	0.0162622	0.00484593	0.00120912
57	0.0733579	0.00903609	0.02041	0.0225803	0.016878	0.141988	0.0182608	0.016033	0.0352264	0.018649	0.0133704	0.027392	0.0231195	0.0158897	0.0621838	0.379275	0.0600583	0.023529	0.00551661	0.0172461
58	0.0529907	0.0107518	0.0180933	0.0270859	0.0231776	0.0219602	0.151729	0.0271656	0.0757868	0.0311394	0.0353403	0.0364162	0.00735312	0.0238676	0.270185	0.0449604	0.0530961	0.0337464	0.00963568	0.0455185
59	0.0421484	0.0149355	0.15916	0.046242	0.0138695	0.0355724	0.0890887	0.0105398	0.0350823	0.016071	0.00674274	0.222358	0.00984774	0.0265724	0.0563183	0.108622	0.0750139	0.0151727	0.00121822	0.0154243
60	0.138709	0.00405441	0.0461417	0.0489472	0.00238805	0.0577055	0.0167858	0.00299722	0.00181674	0.018564	0.00203264	0.0219819	0.426996	0.0211088	0.0171549	0.119389	0.00734022	0.0294987	0.000651414	0.0157364
61	0.0372037	0.0060484	0.232848	0.179572	0.00222869	0.056336	0.0753734	0.00185696	0.0616173	0.00352139	0.00241169	0.148238	0.00106139	0.0674523	0.0580278	0.0351064	0.0211647	0.00282004	0.000422208	0.00669043
62	0.019835	0.00293825	0.0639044	0.0402934	0.225145	0.00699642	0.126857	0.0122299	0.00355749	0.00732483	0.0211882	0.00532859	0.00522551	0.00350153	0.00564596	0.0181311	0.00656564	0.0264657	0.0399431	0.358923
63	0.0535474	0.0134408	0.0151932	0.0423577	0.0198057	0.0186248	0.0269202	0.098107	0.0224417	0.118436	0.0262001	0.106618	0.0129565	0.0196251	0.0277815	0.12368	0.173837	0.0623934	0.00354729	0.0144866
64	0.0793443	0.0121173	0.0331355	0.0190573	0.00488089	0.545233	0.0176111	0.00504785	0.0326582	0.00680227	0.00423967	0.0684029	0.0095205	0.0118952	0.0103019	0.109852	0.0139815	0.00941638	0.00186956	0.00463281
65	0.0238926	0.00562267	0.000473532	0.00355875	0.0575358	0.00418268	0.00354249	0.228038	0.00187567	0.433294	0.0671592	0.00105328	0.00609597	0.00491472	0.00106242	0.00155068	0.0180471	0.115843	0.0040737	0.0181842
66	0.0462442	0.00852891	0.00791858	0.0170195	0.00633768	0.0176141	0.0163662	0.0167304	0.483736	0.0151013	0.0150241	0.026124	0.0188304	0.0301474	0.166332	0.0522694	0.0191723	0.0262355	0.0013366	0.00893144
67	0.0218683	0.00969777	0.000371094	0.000980639	0.0622875	0.00277119	0.00170863	0.309218	0.000684162	0.284784	0.0617967	0.000720737	0.00280733	0.00353147	0.00181736	0.00135737	0.0106137	0.190878	0.0059988	0.0261076
68	0.0677153	0.00271501	0.0347658	0.00360354	0.0032309	0.0156812	0.0103189	0.0228979	0.00326257	0.0139887	0.00739405	0.00577785	0.112413	0.00402333	0.0224965	0.328503	0.281756	0.051156	0.000843629	0.00745728
69	0.0184091	0.00500697	0.000657607	0.00857329	0.0654764	0.00782122	0.00947254	0.26718	0.00383846	0.379832	0.0566335	0.0010628	0.0143501	0.00852125	0.00108873	0.00199029	0.0376066	0.0844585	0.00618487	0.021836
70	0.0599728	0.00393768	0.022744	0.0268542	0.125346	0.0322415	0.145532	0.0217142	0.00393081	0.0227182	0.00923245	0.00983541	0.0358377	0.00484803	0.0205179	0.19506	0.0240672	0.0156389	0.0208	0.19917
71	0.134486	0.00580181	0.0404082	0.0397635	0.00600444	0.068833	0.0116089	0.00695816	0.0126963	0.0281828	0.00421698	0.0335775	0.247509	0.0305691	0.0121471	0.216649	0.037893	0.038392	0.00108747	0.0232165
72	0.119828	0.00118668	0.242831	0.272464	0.0091877	0.0191556	0.038681	0.00141718	0.0401545	0.0102686	0.0117906	0.0198361	0.0361177	0.0802058	0.0223368	0.0214013	0.0269095	0.0178303	0.00027778	0.00811992
73	0.118816	0.00140466	0.221401	0.256702	0.0078434	0.0289248	0.0276529	0.00198932	0.0414829	0.0135591	0.0150055	0.0234265	0.0182839	0.109304	0.0358395	0.0216057	0.0354027	0.0149677	0.000252019	0.00613677
74	0.0186249	0.00436983	0.000681273	0.00992712	0.0590943	0.00811397	0.00884859	0.255362	0.00436374	0.412184	0.0591742	0.00100166	0.0151659	0.00924931	0.000858901	0.00193194	0.0415624	0.0618524	0.00673761	0.0208968
75	0.0183247	0.00721757	0.00160948	0.00241449	0.00203809	0.00331446	0.00363288	0.00908412	0.599304	0.00470475	0.0097954	0.0241908	0.0212794	0.0261034	0.179278	0.0566906	0.0107379	0.0167506	0.000626778	0.00290286
76	0.0741377	0.00491238	0.000341433	0.00053026	0.0183305	0.000675791	0.000459646	0.230951	0.00045079	0.086827	0.0149749	0.000574032	0.00284082	0.000448153	0.00052935	0.00213695	0.00501678	0.553367	0.000188661	0.00230637
77	0.236787	0.00437474	0.00329305	0.00494614	0.00591866	0.153915	0.00492073	0.111979	0.00493275	0.00990293	0.00562744	0.00568308	0.00372178	0.00395699	0.00522409	0.030019	0.0269113	0.37054	0.00191423	0.00543181
78	0.0235137	0.0122636	0.000400697	0.000799876	0.0641542	0.00232623	0.00145442	0.301459	0.000534836	0.264142	0.0617529	0.000684476	0.0019247	0.00294171	0.00228861	0.00129532	0.00990245	0.211826	0.0059171	0.0304175
79	0.145564	0.0116464	0.223447	0.0903841	0.012115	0.140135	0.024588	0.011411	0.0314562	0.0194912	0.014022	0.0475961	0.0427403	0.0365857	0.0251205	0.0550813	0.0294931	0.0233669	0.00278105	0.0129752
80	0.245372	0.281526	0.00629873	0.00421088	0.0397232	0.0886954	0.00513706	0.00720618	0.00381869	0.00806115	0.00464492	0.0431493	0.0950299	0.00352739	0.00388101	0.0830392	0.061621	0.00903889	0.00175257	0.00426635
81	0.413399	0.014337	0.0215261	0.00606648	0.00919741	0.287554	0.00568177	0.00881872	0.00863862	0.0316066	0.0281806	0.00602669	0.0171437	0.00345436	0.00575377	0.0609261	0.0454975	0.0150589	0.00578459	0.00534744
82	0.0553182	0.00836287	0.0856616	0.0855058	0.0187861	0.0363207	0.180719	0.0156	0.0367683	0.0208461	0.0106986	0.178425	0.011043	0.0248161	0.0431483	0.0889987	0.0491174	0.0254545	0.00276156	0.0216483
83	0.207162	0.0145592	0.00801426	0.0119194	0.00766037	0.346334	0.00844889	0.0107582	0.0112633	0.0113435	0.00739713	0.0171167	0.0198508	0.00622106	0.00783567	0.221371	0.0591029	0.0146162	0.00323244	0.00579356
84	0.27705	0.0168675	0.00258863	0.00344191	0.00360625	0.00530925	0.00650049	0.064412	0.00314962	0.00884262	0.0247999	0.00413715	0.0353646	0.00279695	0.00359069	0.130812	0.181097	0.220608	0.00116232	0.00386317
85	0.538354	0.0153902	0.00320574	0.0010073	0.00579031	0.280573	0.00139903	0.00418091	0.00389594	0.00698666	0.0126825	0.00142502	0.0206518	0.000713151	0.00235273	0.0467889	0.0444802	0.00682135	0.00230422	0.000997193
86	0.118013	0.0203119	0.00614883	0.0165183	0.00381492	0.56168	0.0165521	0.00493559	0.00469296	0.00623586	0.00416678	0.0255162	0.00636307	0.00302497	0.00378794	0.174544	0.0112214	0.00718637	0.00183277	0.00345363
87	0.0870573	0.00194648	0.0421522	0.0709752	0.0412556	0.0286673	0.0298951	0.0591083	0.0268305	0.163002	0.003381	0.0429571	0.103047	0.00390127	0.0167735	0.0445835	0.0533959	0.159433	0.000745835	0.0208924
88	0.0492545	0.0046021	0.00437287	0.00609527	0.00948076	0.0343316	0.00719754	0.220049	0.00506269	0.0629063	0.0733256	0.00885167	0.176963	0.00738535	0.0060251	0.0592183	0.0166546	0.240276	0.00178881	0.006159
89	0.020125	0.0196004	0.293484	0.0539131	0.0148315	0.136166	0.0356168	0.00454765	0.0492092	0.0105674	0.00408086	0.190313	0.00506141	0.0358338	0.0422527	0.0468336	0.0127467	0.00765861	0.000847333	0.0163108
90	0.0659249	0.00799829	0.011238	0.0156013	0.103256	0.224338	0.0731391	0.0136584	0.00739667	0.016488	0.0354533	0.0134389	0.106366	0.00789001	0.0154466	0.109923	0.0168331	0.0203559	0.0360589	0.0991957
91	0.0263702	0.00211039	0.0443518	0.041049	0.00298062	0.0134549	0.0621982	0.00357228	0.0022034	0.0135628	0.0092216	0.190502	0.00175979	0.0210275	0.116514	0.132258	0.29938	0.0141158	0.000708954	0.00265964
92	0.0737512	0.0147215	0.0183173	0.0261006	0.199665	0.0550887	0.0491228	0.0275741	0.0157245	0.0360124	0.0222239	0.0303508	0.0942861	0.0170725	0.021499	0.12212	0.0375481	0.0468074	0.0146629	0.0773507
93	0.155482	0.0105767	0.0337579	0.0350772	0.0148136	0.0942644	0.0180367	0.0146465	0.0091473	0.0521172	0.0133202	0.0245821	0.30688	0.0183648	0.0162989	0.100187	0.0206874	0.0410234	0.00368217	0.017054
94	0.116548	0.00488176	0.0539319	0.00901832	0.00584475	0.00978807	0.20657	0.032218	0.0826922	0.0318254	0.00676205	0.275196	0.00381736	0.00516986	0.0354198	0.0674705	0.00963343	0.0347602	0.00189018	0.00656305
95	0.0656094	0.0113807	0.0157473	0.0210229	0.0408224	0.0695465	0.251643	0.0211084	0.0149406	0.0275535	0.0189282	0.0777401	0.0257327	0.0133696	0.0261182	0.0552049	0.0238197	0.0979005	0.00581027	0.116001
96	0.0879396	0.00285854	0.0287987	0.061183	0.153289	0.0400516	0.0939766	0.0263851	0.0121451	0.0417377	0.0171415	0.0611058	0.0860093	0.031782	0.00588751	0.0620326	0.0382419	0.0633679	0.00368917	0.0823777
97	0.177722	0.0118528	0.0355343	0.0358307	0.00487465	0.0601884	0.0144954	0.00666838	0.00548498	0.0192428	0.00593764	0.0233376	0.351691	0.0215028	0.0134783	0.135378	0.026773	0.0358243	0.000986969	0.013195
98	0.1611	0.0021763	0.0358336	0.355833	0.00319285	0.0153168	0.088954	0.00366004	0.232763	0.00445242	0.00330877	0.0250199	0.002064	0.013874	0.0202691	0.0174767	0.0046248	0.00606813	0.00107972	0.00293332
99	0.0344682	0.0074099	0.0228206	0.0261317	0.0107081	0.0178975	0.0749842	0.0174334	0.00842525	0.0246432	0.0817966	0.155222	0.0067946	0.0151102	0.101771	0.0758599	0.280376	0.0254399	0.00272205	0.00998533
100	0.0186523	0.00884687	0.000423366	0.000708791	0.0188011	0.00134217	0.000657735	0.0910459	0.000574652	0.705773	0.0609362	0.00226744	0.000530024	0.000636828	0.000674033	0.00199385	0.00492848	0.0784294	0.000354176	0.0024242
101	0.113537	0.00351928	0.0700333	0.205921	0.00141316	0.0224841	0.0164201	0.00714758	0.119827	0.025946	0.0127509	0.0250534	0.00107833	0.134292	0.123956	0.0257778	0.0509806	0.0383597	0.000318627	0.00118325
102	0.126156	0.00138615	0.225201	0.250366	0.0101048	0.0262344	0.0309723	0.00196846	0.0405864	0.0123759	0.0177648	0.0206241	0.0215562	0.106576	0.0298399	0.0196491	0.0357729	0.0159274	0.00025911	0.00667892
103	0.016802	0.00867309	0.000427162	0.000593385	0.0183017	0.000968625	0.000662824	0.0900561	0.000567609	0.724585	0.054281	0.00225319	0.000423153	0.000572127	0.000661875	0.00134252	0.00349477	0.072842	0.000344381	0.00214719
104	0.0920416	0.00151233	0.00119806	0.0253939	0.00512001	0.00496938	0.0317461	0.0526152	0.235146	0.0254378	0.0435248	0.0100459	0.00146155	0.0477556	0.271202	0.0342002	0.0234916	0.0702189	0.000671415	0.0222474
105	0.0154946	0.00115443	0.109432	0.0388925	0.00148818	0.406194	0.0314317	0.00176438	0.113703	0.00216332	0.00151385	0.152117	0.00998751	0.0343187	0.0264514	0.0383541	0.00710287	0.00675413	0.000429622	0.00125276
106	0.277495	0.143417	0.00364932	0.00655857	0.0618505	0.050659	0.00876992	0.047113	0.00647486	0.163102	0.00543866	0.0290242	0.00364816	0.00431199	0.0249939	0.0626271	0.0168098	0.0156565	0.00236828	0.0660324
107	0.0519284	0.00249783	0.526203	0.192288	0.00654766	0.0096957	0.0305388	0.00275183	0.0254138	0.0117356	0.00478788	0.0269346	0.0208896	0.0250122	0.00756136	0.0233239	0.0103363	0.0165516	0.000643027	0.00435904
108	0.0282149	0.00661872	0.000435665	0.00106427	0.063057	0.00235079	0.00131468	0.254133	0.000801013	0.364761	0.0612616	0.000731456	0.0024729	0.00325586	0.00146613	0.00114878	0.00808405	0.173288	0.00381164	0.0217279
109	0.351607	0.00712136	0.0025572	0.00130292	0.0021509	0.542262	0.00147685	0.00775984	0.00176873	0.00278455	0.00384843	0.0023907	0.005114	0.000861832	0.00294331	0.0430047	0.0129594	0.00393383	0.0031281	0.00102429
110	0.0209274	0.00812821	0.000475989	0.000564356	0.0633702	0.00244944	0.0016185	0.311072	0.000568707	0.291192	0.0505611	0.000757127	0.0023065	0.00309471	0.00187214	0.00144423	0.00744995	0.207498	0.00437907	0.0202706
111	0.51234	0.0097321	0.00184559	0.00117184	0.00276762	0.359328	0.00159124	0.0125939	0.00213695	0.00351756	0.0045113	0.00143804	0.00582264	0.000889067	0.00403679	0.0480267	0.0164689	0.00575901	0.00477081	0.00125174
112	0.0224384	0.00647991	0.00104392	0.00150616	0.463702	0.00435515	0.00151615	0.0688686	0.00141911	0.215804	0.0328294	0.00478958	0.00111839	0.00128395	0.00964357	0.00860918	0.00536023	0.0419851	0.00110117	0.106146
113	0.0181808	0.0109974	0.681247	0.0873008	0.00627905	0.00918654	0.012874	0.00352927	0.0118589	0.0116508	0.0031251	0.0458305	0.00688814	0.0111672	0.00944652	0.0398602	0.0133061	0.0100434	0.00108054	0.00614781
114	0.0527974	0.00817693	0.061624	0.0296386	0.00457686	0.500805	0.0238416	0.00662067	0.0598648	0.00633921	0.00453496	0.0987986	0.0108022	0.0195425	0.0161516	0.0664687	0.00978116	0.012415	0.00219626	0.00502431
115	0.0207362	0.0119685	0.647311	0.0823296	0.00691472	0.0121601	0.0145379	0.00397889	0.013563	0.0128078	0.00430083	0.0512169	0.0102244	0.0146153	0.0124259	0.0436678	0.0179463	0.0106647	0.000910978	0.00771863
116	0.519403	0.012685	0.00180441	0.000910651	0.00328067	0.345241	0.00128388	0.00842283	0.00226374	0.00379978	0.00605038	0.00103805	0.00774157	0.000704256	0.00438784	0.0495819	0.0215099	0.00504657	0.00396709	0.000877524
117	0.0251351	0.00835089	0.648797	0.118865	0.00523349	0.00994953	0.0174145	0.00341873	0.0157905	0.010699	0.00375376	0.0386339	0.00922271	0.0159172	0.00903368	0.0329748	0.0105694	0.0108145	0.000807318	0.00461845
118	0.0485665	0.00719669	0.0323119	0.0347425	0.0114112	0.024703	0.0404126	0.0253542	0.0457215	0.0273447	0.0205308	0.0608897	0.0187932	0.0236361	0.176685	0.163787	0.18734	0.0323222	0.00295	0.0153017
119	0.0242194	0.0133966	0.000427806	0.000869367	0.0486188	0.00226998	0.00112148	0.241433	0.00102997	0.38112	0.0572384	0.00110075	0.00173333	0.0024785	0.00204622	0.00179925	0.00710389	0.190614	0.00333938	0.0180407
120	0.180979	0.00918581	0.00976806	0.01088	0.0583961	0.264945	0.0116797	0.0187623	0.0111341	0.0212624	0.0995126	0.0125936	0.0095271	0.0092816	0.0964266	0.029961	0.0189683	0.108363	0.00646633	0.0119067
121	0.0715204	0.00551181	0.000344327	0.00052268	0.0228561	0.000701322	0.000479919	0.232626	0.000444934	0.104962	0.0193079	0.000633261	0.00276556	0.000709311	0.000637235	0.00201259	0.00514298	0.524182	0.000522242	0.00411646
122	0.0413174	0.00260527	0.000456163	0.000736713	0.0101378	0.000950038	0.000634352	0.242404	0.000616197	0.0719041	0.00818384	0.000711266	0.00210161	0.000645979	0.000679439	0.00429208	0.00813015	0.601568	0.000224985	0.00170026
123	0.0231651	0.0109754	0.46908	0.0119219	0.00681225	0.0113332	0.0074877	0.0115354	0.00618858	0.0405079	0.00668322	0.010465	0.00825849	0.00671159	0.00883976	0.172317	0.163694	0.0150968	0.00227853	0.00664845
124	0.0195842	0.00301923	0.00146125	0.0143826	0.0207429	0.0080496	0.00425569	0.294052	0.00300957	0.0919143	0.0605707	0.0216233	0.00777384	0.0196454	0.00338572	0.0208017	0.0333608	0.367766	0.00079393	0.00380685
125	0.02215	0.0105341	0.000393296	0.000702918	0.0637664	0.00237946	0.00149062	0.307188	0.000522421	0.262372	0.0593227	0.000744474	0.00224429	0.00334525	0.00257111	0.00133036	0.00917908	0.217875	0.00484408	0.0270448
126	0.0288681	0.031344	0.00226449	0.00337316	0.206788	0.036585	0.0439915	0.0108632	0.0220415	0.0385971	0.0346583	0.0345702	0.0237035	0.00264301	0.0958326	0.0277525	0.0275878	0.0109233	0.0552518	0.262361
127	0.236873	0.0555826	0.0330683	0.0219711	0.0108163	0.0873252	0.00993037	0.00490395	0.00345427	0.0141494	0.00413573	0.0361041	0.241394	0.0151712	0.00874302	0.153733	0.0279506	0.0231348	0.00132397	0.0102343
128	0.060829	0.00786756	0.38582	0.176834	0.00709746	0.0273413	0.0336819	0.00232757	0.0354955	0.00927508	0.00698264	0.063889	0.0126108	0.0611821	0.0320833	0.0361451	0.02138	0.0107613	0.000393363	0.00800332
129	0.0568475	0.00233931	0.00278808	0.0523293	0.00469467	0.00618745	0.0631148	0.0623953	0.18088	0.0378674	0.0517857	0.0104962	0.00183454	0.0479509	0.273923	0.041431	0.0487375	0.0400899	0.000636806	0.0136707
130	0.0245479	0.00639177	0.000419087	0.00201803	0.0574444	0.00346906	0.00228319	0.261874	0.00114794	0.369815	0.0610906	0.000883659	0.0044735	0.0056961	0.00139991	0.00137322	0.0131969	0.155527	0.00455287	0.0223967
131	0.0798785	0.0120321	0.000965331	0.00498574	0.021777	0.0178214	0.00130261	0.0751488	0.00113885	0.242361	0.231666	0.00413403	0.00261443	0.00399651	0.00148647	0.0213651	0.0575695	0.217837	0.000368166	0.00155163
132	0.102825	0.0415627	0.00155798	0.0142783	0.0122886	0.0324838	0.00571029	0.155755	0.0186173	0.0899726	0.0332748	0.00950499	0.00164699	0.0271509	0.00670935	0.0750211	0.0439464	0.22007	0.000492959	0.107131
133	0.027756	0.0052729	0.000491296	0.00213179	0.049074	0.00271553	0.00211191	0.184161	0.00117721	0.522046	0.0596342	0.00107194	0.00360275	0.00337472	0.000829687	0.00130181	0.0105712	0.105515	0.00253744	0.0146241
134	0.0224435	0.00649521	0.00103689	0.00149731	0.463535	0.00432052	0.00150911	0.0690406	0.00135841	0.215896	0.0328682	0.00477377	0.00109972	0.00127839	0.00958958	0.00856088	0.00532349	0.0420999	0.00110173	0.106172
135	0.5222	0.0151678	0.0031369	0.00464056	0.00796685	0.088517	0.0111438	0.0424608	0.00393748	0.0306669	0.00441477	0.00477149	0.00340907	0.00311715	0.00448892	0.168968	0.0274452	0.0271417	0.0214663	0.00493917
136	0.0921251	0.00615225	0.0489293	0.169411	0.00164853	0.0195941	0.0212228	0.00922519	0.129472	0.0299652	0.0200046	0.0240429	0.00112504	0.118903	0.205318	0.0255922	0.0448285	0.0293518	0.000379158	0.00270899
137	0.117391	0.00128061	0.247669	0.267246	0.010128	0.0215889	0.0402766	0.00132268	0.037798	0.011088	0.0129119	0.0222277	0.0311206	0.0822636	0.0226439	0.0198177	0.0273548	0.0166066	0.000230496	0.00903416
138	0.0227474	0.011691	0.000419484	0.00109073	0.0637147	0.00265557	0.00195983	0.301438	0.000727669	0.269793	0.0642317	0.000665662	0.00259284	0.00332449	0.00210557	0.00130284	0.0118275	0.200748	0.00568326	0.031281
139	0.256157	0.00544875	0.0612845	0.00783436	0.00745936	0.0128518	0.036058	0.0109399	0.0634845	0.265485	0.0893935	0.00884257	0.0331637	0.00626281	0.00768764	0.0494972	0.0116327	0.0567439	0.00224664	0.00752586
140	0.161436	0.00136431	0.00941034	0.0773443	0.00634452	0.0502138	0.00388026	0.0124892	0.249232	0.0105663	0.00218338	0.0369737	0.0423933	0.0549415	0.088602	0.116669	0.0533867	0.0194944	0.00050148	0.00257314
141	0.0731596	0.00499562	0.000344651	0.000685608	0.0185879	0.000689122	0.000483733	0.231649	0.000490786	0.0855655	0.0148927	0.0007195	0.00278075	0.000547152	0.000531849	0.00221748	0.00515823	0.553963	0.000187385	0.0023506
142	0.0412425	0.00376145	0.000411291	0.00126865	0.0225808	0.00483431	0.00194833	0.305207	0.000548238	0.136561	0.0315548	0.00200771	0.00785349	0.00521083	0.000795254	0.00438568	0.0102574	0.416017	0.0004216	0.00313245
143	0.126292	0.0140519	0.00342971	0.00471548	0.143111	0.0868702	0.0053443	0.0506194	0.0042304	0.0553831	0.0256152	0.0074281	0.00365915	0.00646122	0.0048812	0.11634	0.026202	0.11847	0.00159133	0.195304
144	0.0176172	0.00876104	0.693386	0.10777	0.00496646	0.00738349	0.0147956	0.00348898	0.0122381	0.0106748	0.00276752	0.037554	0.00799032	0.0079585	0.0054388	0.0335409	0.00790525	0.0107086	0.000853044	0.00420125
145	0.0780061	0.00496054	0.000694953	0.0011279	0.0167772	0.00343778	0.00118093	0.234874	0.000957358	0.0805972	0.0156932	0.00126896	0.0100555	0.000835244	0.00121159	0.00485601	0.00678979	0.533587	0.000296134	0.00279241
146	0.0940987	0.00472477	0.0274448	0.101289	0.00701469	0.0241886	0.0200693	0.0282137	0.185019	0.0284707	0.0184926	0.0264403	0.0130641	0.0569853	0.139401	0.0740279	0.0904729	0.0489244	0.00106563	0.0105926
147	0.179388	0.13119	0.0062781	0.00807252	0.00969741	0.0130096	0.00891465	0.0133983	0.00780219	0.014591	0.11636	0.0123851	0.00857057	0.00849495	0.00843845	0.272171	0.0854169	0.0554838	0.00264543	0.0376924
148	0.0391878	0.0024738	0.0260324	0.00321603	0.0031958	0.0375305	0.0117917	0.0204835	0.00506858	0.0108068	0.00336257	0.00605289	0.0573978	0.00286997	0.0150432	0.465925	0.254981	0.0261129	0.000856775	0.00761106
149	0.0918188	0.00398466	0.0784248	0.0272943	0.0239916	0.0824149	0.0469107	0.00627924	0.148244	0.0518406	0.0609107	0.00792404	0.0234438	0.121271	0.10556	0.0741396	0.00835166	0.0109072	0.00113787	0.0251509
150	0.0741454	0.00217755	0.00184759	0.00264884	0.0632914	0.00366067	0.0543942	0.0307195	0.130118	0.189875	0.0403935	0.0564892	0.00179775	0.069407	0.0988478	0.0520805	0.0410429	0.0421416	0.00084431	0.0440765
151	0.0288611	0.00634198	0.00046787	0.00113226	0.0576777	0.00233815	0.00128556	0.218547	0.000819531	0.427494	0.0630202	0.00100536	0.00216528	0.00303666	0.00125284	0.00127814	0.00769242	0.151922	0.00316498	0.020497
152	0.0997701	0.00235239	0.0246997	0.0601977	0.162283	0.0393523	0.0441621	0.0334066	0.0166761	0.0379754	0.0226153	0.0473768	0.0967296	0.0326473	0.00466028	0.0501138	0.0562992	0.0868174	0.00152532	0.0803397
153	0.054904	0.0803067	0.0037863	0.0422279	0.0652853	0.107144	0.0261567	0.0456304	0.00498647	0.00856821	0.0060114	0.0250367	0.00596792	0.0263182	0.00543174	0.106843	0.00841023	0.00991055	0.194437	0.172638
154	0.024416	0.00790872	0.0015528	0.00293166	0.00223867	0.00351676	0.00550701	0.0113143	0.579206	0.00588553	0.0103899	0.0234389	0.0216287	0.028995	0.18862	0.049501	0.0110209	0.0176616	0.000601755	0.0036646
155	0.253975	0.0139369	0.00317974	0.00334424	0.0038552	0.0051959	0.00738889	0.0599802	0.00305609	0.0104196	0.0232026	0.00422206	0.0388004	0.00300224	0.00455526	0.13553	0.211545	0.20977	0.00120255	0.0038374
156	0.129164	0.0107856	0.0125797	0.0123161	0.00447095	0.601883	0.0102774	0.00620599	0.0115632	0.00644483	0.00523861	0.0246285	0.00949541	0.00528944	0.00586802	0.116593	0.0126634	0.00820409	0.00280528	0.00352383
157	0.0600473	0.00835114	0.0175733	0.0237135	0.0762884	0.0376756	0.167386	0.0212333	0.00930482	0.0264629	0.0164036	0.0283274	0.0648089	0.0118384	0.0195964	0.123027	0.0316161	0.0710193	0.0120418	0.173285
158	0.203937	0.0472609	0.0125696	0.0100801	0.0123665	0.084468	0.00603244	0.0105864	0.0165286	0.0127348	0.00789851	0.0431604	0.0773077	0.00990224	0.0097145	0.313497	0.0942674	0.0190365	0.0017675	0.00688392
159	0.0254999	0.00372252	0.00688083	0.0128769	0.209869	0.012897	0.0981031	0.0558957	0.00672552	0.143584	0.00797685	0.125909	0.036958	0.0290811	0.00666516	0.0606321	0.0125738	0.079137	0.00207495	0.0629377
160	0.0231942	0.00333275	0.000784927	0.00364605	0.0279848	0.00825622	0.00304558	0.348037	0.000980672	0.154905	0.064409	0.0063687	0.00994579	0.0153413	0.00147856	0.0101676	0.0178153	0.293692	0.00106912	0.0055454
161	0.0690337	0.00340479	0.00592274	0.0262838	0.0097616	0.00895739	0.0367224	0.0336527	0.277353	0.0469712	0.0447174	0.0172653	0.00494987	0.0440721	0.237877	0.0451704	0.0294434	0.0390367	0.000908788	0.0184955
162	0.146301	0.00245808	0.0240814	0.0685504	0.00518707	0.040423	0.00357493	0.0176688	0.194255	0.0261433	0.00300115	0.0378857	0.0376683	0.0581089	0.0597654	0.164437	0.0723489	0.0328918	0.000886357	0.00436359
163	0.0817851	0.00169849	0.000999687	0.0260753	0.00592281	0.00496226	0.0393854	0.038652	0.279094	0.0331076	0.0391317	0.0137608	0.00202435	0.0415107	0.267372	0.0311658	0.0297478	0.0437385	0.000442075	0.0194237
164	0.07452	0.00809844	0.00117376	0.00494479	0.0155311	0.0139662	0.00155323	0.0739779	0.00136987	0.234008	0.278471	0.00344681	0.00272896	0.00302186	0.0015526	0.0269578	0.0540933	0.198313	0.00058663	0.00168456
165	0.0847108	0.00162487	0.000920124	0.0232122	0.00776217	0.00479839	0.0401665	0.0387954	0.278544	0.0369074	0.0377516	0.015393	0.00218572	0.0414123	0.260611	0.0318459	0.0295431	0.0437447	0.000424008	0.0196462
166	0.110331	0.00340144	0.0837643	0.210573	0.00192823	0.0225188	0.0183656	0.00646792	0.114839	0.0242587	0.0125368	0.0251354	0.00267806	0.134131	0.116324	0.0253292	0.0493263	0.0359709	0.000322319	0.00179747
167	0.0209699	0.00257733	0.00259021	0.0980072	0.00292425	0.0045775	0.0281535	0.130546	0.0155939	0.138371	0.0229376	0.0315352	0.00220329	0.0143884	0.0196596	0.103222	0.291515	0.0662574	0.000932339	0.00303874
168	0.0154946	0.00115443	0.109432	0.0388925	0.00148818	0.406194	0.0314317	0.00176438	0.113703	0.00216332	0.00151385	0.152117	0.00998751	0.0343187	0.0264514	0.0383541	0.00710287	0.00675413	0.000429622	0.00125276
169	0.0243108	0.00657364	0.0010337	0.00153665	0.458841	0.00487202	0.00158207	0.0704873	0.00133477	0.21374	0.0331878	0.00476565	0.00122807	0.001378	0.00930152	0.00984554	0.00570125	0.044094	0.00121066	0.104976
170	0.4946	0.0094721	0.00274551	0.00113329	0.00281055	0.36584	0.0014015	0.00771893	0.00264131	0.00425885	0.00647068	0.00131455	0.0076775	0.000794483	0.00336448	0.0519852	0.021492	0.00543329	0.00796815	0.000877635
171	0.392965	0.0843391	0.00375115	0.00774598	0.0405231	0.198295	0.010964	0.0231661	0.00911724	0.0343192	0.00855549	0.0138993	0.0179762	0.00298141	0.00595948	0.0624989	0.0451127	0.0204339	0.00358751	0.0138093
172	0.0837858	0.00331653	0.305444	0.236199	0.00862815	0.0276529	0.0371021	0.00362531	0.0431813	0.0123276	0.00909025	0.0390326	0.0247193	0.0599367	0.0263607	0.0293645	0.0259608	0.0162358	0.000570134	0.00746681
173	0.0284275	0.00824779	0.00669033	0.0436832	0.0133926	0.0127891	0.0104987	0.0174231	0.0487065	0.282476	0.106612	0.0122056	0.00674938	0.0107659	0.0491509	0.0223034	0.0530946	0.0986017	0.00288342	0.165297
174	0.170566	0.0198125	0.0161329	0.00900841	0.0080284	0.0441928	0.00982904	0.0187863	0.0118498	0.0144877	0.0120055	0.0179643	0.109091	0.00772692	0.0128623	0.312533	0.144987	0.0516275	0.00114587	0.00736225
175	0.139505	0.0081415	0.0181539	0.0120789	0.00451027	0.618542	0.0105029	0.00727645	0.0166389	0.00584926	0.00502102	0.0298859	0.00782742	0.00654631	0.00706832	0.0762011	0.011628	0.00842974	0.00293123	0.00326151
176	0.0494817	0.0153745	0.00886674	0.0144851	0.060352	0.0245942	0.151702	0.017784	0.0584989	0.0338587	0.062103	0.0274877	0.0124053	0.0153211	0.1747	0.0392442	0.0348383	0.0297346	0.0260455	0.143122
177	0.0228209	0.0117796	0.000406577	0.00080958	0.0643519	0.00236919	0.00161442	0.302553	0.000586465	0.26425	0.0630667	0.000691133	0.00204542	0.00311131	0.00219238	0.00125496	0.01037	0.208914	0.00560526	0.0312073
178	0.0425499	0.0167963	0.0044253	0.00530821	0.318648	0.0528071	0.00980234	0.0994231	0.00448128	0.0749224	0.0197353	0.0109531	0.00491258	0.00426106	0.0128803	0.0289917	0.0152242	0.067752	0.00928076	0.196845
179	0.0222679	0.00602172	0.000785004	0.00513718	0.148309	0.0106649	0.0053537	0.258063	0.00259805	0.287458	0.0539223	0.0022656	0.00945845	0.00717874	0.00310826	0.0046892	0.0234374	0.111763	0.00403933	0.0334788
180	0.1532	0.00183617	0.00621115	0.0635438	0.01131	0.0659522	0.00895157	0.00882036	0.270043	0.00778399	0.00232859	0.065306	0.0388426	0.044671	0.103748	0.0878153	0.0400721	0.0135245	0.000682428	0.0053568
181	0.0966385	0.00143211	0.30431	0.263555	0.0100368	0.0184339	0.0450429	0.00177562	0.0385322	0.0102028	0.00950873	0.0257943	0.0298084	0.0618693	0.0173272	0.0195509	0.0206516	0.0177216	0.000360039	0.00744776
182	0.0292683	0.0806159	0.44414	0.0269081	0.018964	0.0200406	0.0156307	0.0117122	0.0121726	0.0209036	0.00929007	0.0895058	0.00751382	0.020922	0.0284566	0.0937971	0.0281434	0.0175264	0.00316155	0.0213274
183	0.509071	0.00968163	0.00202045	0.000876437	0.00256864	0.363094	0.00108214	0.00846978	0.00237144	0.00346918	0.00566213	0.00107889	0.00671008	0.000756383	0.00375174	0.0494637	0.018559	0.00517868	0.00527722	0.000857846
184	0.0209235	0.00360492	0.000624179	0.00846188	0.0518154	0.00858846	0.00750461	0.287517	0.00335415	0.376546	0.0591483	0.00100015	0.0151192	0.0105787	0.000818337	0.00228144	0.0388759	0.0805334	0.00547622	0.017228
185	0.0240304	0.00933399	0.00207382	0.00274253	0.365084	0.0144436	0.00596801	0.0696722	0.00611989	0.147627	0.0319564	0.0193877	0.00605553	0.0037155	0.0285836	0.0150375	0.0183381	0.0453442	0.00804818	0.176438
186	0.657239	0.0144587	0.00105579	0.00161288	0.00156143	0.0667005	0.0107264	0.0124094	0.00145288	0.0052175	0.00186811	0.00172306	0.00143253	0.00126468	0.00164921	0.132131	0.0390519	0.0389631	0.00794271	0.00153937
187	0.524039	0.0200597	0.0033321	0.00184176	0.00919593	0.274748	0.00292025	0.00595826	0.00428533	0.0107159	0.0127359	0.00179485	0.0177099	0.000876881	0.00235073	0.048355	0.0478251	0.00679101	0.00244673	0.0020172
188	0.126934	0.144089	0.00128151	0.00831261	0.0198387	0.0183376	0.00234627	0.156518	0.0191577	0.188827	0.0340678	0.00314516	0.00104339	0.00157775	0.0140739	0.0220319	0.0176497	0.21851	0.00055807	0.00170073
189	0.0797063	0.00192229	0.00149521	0.0314464	0.00509307	0.00554572	0.0413043	0.0406525	0.260814	0.0313414	0.0408012	0.013078	0.00179396	0.044259	0.276588	0.0313725	0.029888	0.0441461	0.000415886	0.0183358
190	0.032479	0.00796923	0.00046881	0.000843663	0.0612833	0.00258337	0.00106567	0.248824	0.000549461	0.31907	0.0729022	0.000806248	0.00175467	0.00282721	0.00172749	0.00230976	0.00799982	0.210429	0.00311725	0.0209892
191	0.016802	0.00867309	0.000427162	0.000593385	0.0183017	0.000968625	0.000662824	0.0900561	0.000567609	0.724585	0.054281	0.00225319	0.000423153	0.000572127	0.000661875	0.00134252	0.00349477	0.072842	0.000344381	0.00214719
