466	20
1	0.0684799	0.0242775	0.00451126	0.00544904	0.0403452	0.0328619	0.0491795	0.00618385	0.0100133	0.0133114	0.0160173	0.0709467	0.04786	0.0116726	0.0312186	0.414561	0.109913	0.0190324	0.0156835	0.00848146
2	0.0467341	0.0130544	0.0112569	0.0696242	0.140072	0.0181804	0.0219173	0.0744732	0.0782944	0.0420772	0.0789584	0.0679949	0.0116988	0.0257827	0.0292973	0.0547996	0.15096	0.0464441	0.00705401	0.0113253
3	0.12488	0.00133474	0.0380411	0.0944292	0.00645837	0.0535762	0.038356	0.00736069	0.133066	0.0160935	0.0211047	0.0203421	0.00383006	0.147042	0.0871218	0.129259	0.0266963	0.0388866	0.000560208	0.0115614
4	0.107344	0.0219975	0.0399485	0.0171366	0.00938498	0.0648674	0.0087156	0.00682634	0.0470839	0.00668218	0.00647721	0.15632	0.00161041	0.0241013	0.0560949	0.249949	0.159025	0.0114119	0.00400692	0.00101677
5	0.0248333	0.0102125	0.000552543	0.000736959	0.356926	0.0201565	0.00105322	0.0311525	0.00142004	0.391813	0.0603855	0.000994565	0.000759257	0.00121469	0.00315716	0.00429521	0.0106131	0.041478	0.0301905	0.00805527
6	0.110192	0.0190943	0.0396192	0.0195273	0.00951147	0.0692058	0.00977021	0.00687664	0.0521644	0.00683163	0.00606213	0.147746	0.00135709	0.0299904	0.0586241	0.245174	0.150002	0.0123366	0.00442072	0.00149271
7	0.122924	0.0209283	0.0380523	0.0166729	0.00745757	0.058866	0.00830549	0.00842613	0.0442436	0.00602379	0.00539481	0.151166	0.00105211	0.0258886	0.048927	0.26037	0.158279	0.0129848	0.00334476	0.000692347
8	0.101463	0.0295426	0.00746723	0.00619204	0.180185	0.0191354	0.0184786	0.0541513	0.00702883	0.0716377	0.0169625	0.0197459	0.00635294	0.00917071	0.0194025	0.0463226	0.0399699	0.097374	0.0191519	0.230266
9	0.0856367	0.0292684	0.00300769	0.00371374	0.0684633	0.159847	0.0253635	0.0485372	0.0781845	0.134041	0.0379306	0.00481276	0.0238385	0.0051158	0.0889312	0.0189601	0.0585453	0.118502	0.00362646	0.00367486
10	0.0580296	0.002369	0.0205009	0.0117005	0.00258406	0.0785895	0.0775021	0.0114039	0.12983	0.0106775	0.0025518	0.103709	0.00139069	0.124885	0.119319	0.141928	0.0585662	0.02921	0.000840063	0.0144134
11	0.284787	0.0212756	0.0180485	0.0104814	0.00726424	0.0527842	0.0135956	0.0242297	0.0436087	0.0101421	0.00688779	0.0754418	0.00629186	0.0242917	0.0325098	0.258732	0.0820622	0.0210535	0.00239268	0.00411985
12	0.0422422	0.00716413	0.000573394	0.0005715	0.0356886	0.00678703	0.000691798	0.229013	0.00115567	0.350185	0.0743348	0.00144695	0.00363656	0.00294138	0.00232294	0.00852198	0.0220451	0.204267	0.00164701	0.00476383
13	0.178617	0.0123262	0.00666654	0.00199266	0.00560616	0.0858792	0.00798483	0.0159072	0.0490937	0.130441	0.0362399	0.00355809	0.00304775	0.0214081	0.1271	0.239736	0.0452223	0.0243785	0.00203383	0.0027605
14	0.120186	0.00287053	0.0562276	0.153647	0.0061322	0.0217802	0.0562837	0.00647609	0.0758124	0.0121146	0.0131069	0.0195036	0.00250104	0.25	0.0324082	0.127383	0.0134469	0.0211644	0.00164797	0.00730735
15	0.0958527	0.0146433	0.00307609	0.00414585	0.0177897	0.00976659	0.0042522	0.117357	0.006656	0.0299844	0.0343595	0.0102288	0.00444017	0.00501608	0.0254531	0.0762401	0.481728	0.0510273	0.00399367	0.00398955
16	0.0266079	0.0536334	0.00499203	0.00613051	0.0388455	0.109633	0.0708708	0.00958204	0.0370575	0.0128075	0.0086059	0.00861508	0.281748	0.00843089	0.069493	0.0338173	0.0769041	0.0733597	0.0361934	0.0326726
17	0.112594	0.0263276	0.00247766	0.0023386	0.0469061	0.0691098	0.0553701	0.00458133	0.0226493	0.028651	0.0375029	0.0294909	0.0473199	0.0180332	0.0798675	0.248754	0.104608	0.023376	0.0197816	0.0202606
18	0.0158868	0.00778268	0.0111767	0.0113094	0.00620893	0.00727908	0.0226238	0.00415904	0.321188	0.0182702	0.00396789	0.0164489	0.013907	0.0421132	0.445492	0.0162658	0.0176258	0.0116297	0.00487055	0.00179474
19	0.0199279	0.0106389	0.000414582	0.000540965	0.346175	0.0198484	0.00070095	0.0255036	0.000698338	0.449706	0.0515724	0.000657906	0.000546723	0.00067477	0.00364117	0.00333932	0.0119299	0.0349134	0.0116414	0.00692817
20	0.156981	0.0264755	0.00346552	0.00403354	0.00681648	0.0307371	0.0053726	0.070039	0.194388	0.00990334	0.0643233	0.0264646	0.00433994	0.00566899	0.164076	0.0566327	0.053512	0.0930025	0.00217374	0.0215941
21	0.0275474	0.000773902	0.314904	0.133436	0.00217985	0.040317	0.0300608	0.00496625	0.0774256	0.0118334	0.00435705	0.158879	0.0248704	0.0417787	0.0253475	0.0705357	0.0236251	0.00453382	0.000384774	0.00224299
22	0.0363319	0.0049228	0.0140523	0.0128135	0.00776095	0.0298682	0.0927555	0.0084021	0.16068	0.0266842	0.00442694	0.0788645	0.00318175	0.05271	0.344482	0.0578181	0.0360091	0.0200566	0.00155016	0.00662959
23	0.113477	0.0150935	0.000396699	0.000526914	0.0504426	0.0177103	0.000711218	0.203623	0.000659782	0.220238	0.0370812	0.0012887	0.00122969	0.0008245	0.00254063	0.0151233	0.0414195	0.275491	0.000758665	0.00136324
24	0.197513	0.047718	0.00403114	0.00120005	0.0440634	0.0469021	0.00156787	0.110904	0.00494684	0.128559	0.0457932	0.00175354	0.0112706	0.00241706	0.0112354	0.100335	0.0897912	0.123669	0.0187202	0.00760954
25	0.285315	0.0193212	0.00849954	0.00271668	0.00200841	0.0830837	0.0150849	0.0101721	0.00243011	0.00355752	0.00398188	0.0340123	0.00148358	0.0101788	0.00624759	0.380805	0.0971754	0.0322639	0.000527309	0.00113424
26	0.157893	0.0645454	0.00663661	0.00342384	0.0405994	0.028961	0.0048094	0.0993759	0.0196579	0.0820654	0.0321341	0.0102521	0.0109174	0.00960179	0.0537132	0.12105	0.100487	0.118476	0.0129745	0.0224267
27	0.0353107	0.0412322	0.00508329	0.00197169	0.00683888	0.00726788	0.00635952	0.00340211	0.00307888	0.00562654	0.00311392	0.0287278	0.019091	0.00808645	0.0163151	0.713234	0.0605141	0.00732082	0.0256741	0.00175137
28	0.101487	0.0258403	0.0505651	0.103658	0.00783259	0.00753585	0.0045474	0.00736854	0.0470213	0.0516601	0.0950406	0.028545	0.025538	0.048792	0.00642456	0.192018	0.177927	0.01186	0.00293885	0.00340077
29	0.0519274	0.00162965	0.00771873	0.0323573	0.0220139	0.00248354	0.00125556	0.155138	0.0317427	0.116883	0.125566	0.00181604	0.00124176	0.0227491	0.0338599	0.0259958	0.0531502	0.266533	0.0189537	0.0269851
30	0.0129903	0.00912351	0.0161277	0.00275129	0.00824115	0.00562834	0.00484812	0.00214871	0.27949	0.0223788	0.0027238	0.0029292	0.025215	0.0281354	0.546006	0.00556312	0.00490687	0.0129067	0.00674654	0.00114027
31	0.143243	0.00440291	0.0363605	0.0490139	0.00476897	0.0772111	0.0363937	0.00772689	0.111082	0.0425657	0.017638	0.0258323	0.00442028	0.0996904	0.106886	0.153582	0.0372475	0.0327333	0.000859635	0.0083419
32	0.116671	0.0284696	0.00539288	0.0823312	0.00678307	0.00859571	0.00588022	0.0226058	0.0119488	0.0486481	0.0297623	0.00603058	0.00369388	0.219908	0.180572	0.0170478	0.0437311	0.156251	0.00248717	0.00318952
33	0.123395	0.0287317	0.00888683	0.0101753	0.0415182	0.0352155	0.0101831	0.0643604	0.0178761	0.117933	0.0370897	0.0152646	0.019061	0.0154098	0.031349	0.251351	0.0657827	0.0810554	0.0112842	0.0140775
34	0.0214904	0.0019933	0.177295	0.115126	0.0103281	0.24514	0.0483134	0.00378489	0.0726115	0.00465681	0.00293439	0.128017	0.00591346	0.0288333	0.0307876	0.0758156	0.0173703	0.00658429	0.00132361	0.00168189
35	0.108979	0.00551965	0.00510715	0.0244061	0.0500872	0.0688856	0.168168	0.00646504	0.00578603	0.00815969	0.00624733	0.275648	0.0738576	0.00628746	0.00642181	0.0565957	0.0847617	0.0324305	0.00261305	0.0035736
36	0.0349318	0.00204184	0.280447	0.239882	0.00979854	0.0123607	0.0451883	0.00345441	0.022869	0.017169	0.00355754	0.0403921	0.0446815	0.0680727	0.0655842	0.0404747	0.0424636	0.023947	0.00112443	0.00155973
37	0.033485	0.00336743	0.000954479	0.00131065	0.0523491	0.0102846	0.0013097	0.0854117	0.010305	0.391695	0.243594	0.00275762	0.00282625	0.00318949	0.00495685	0.0195593	0.0411504	0.0779263	0.00228466	0.0112823
38	0.0257833	0.00691024	0.00152731	0.0266842	0.0020448	0.00942267	0.0333765	0.00972326	0.45752	0.00419488	0.00910844	0.0281156	0.00136012	0.0472078	0.253185	0.0329042	0.0427139	0.00556786	0.000814795	0.0018345
39	0.00831191	0.0101248	0.0121931	0.00277646	0.00947609	0.00282221	0.00946836	0.00233737	0.293964	0.0245049	0.00211357	0.00570901	0.0180007	0.0242785	0.540211	0.00576895	0.00605477	0.0131253	0.00778208	0.000976356
40	0.108084	0.021187	0.0407526	0.0175371	0.00837818	0.0638962	0.00815605	0.00688651	0.0477126	0.0066746	0.00571898	0.159558	0.00106107	0.024598	0.0549489	0.247419	0.161751	0.0111757	0.00375871	0.000746679
41	0.0942044	0.0222938	0.0071426	0.00508857	0.0669434	0.0258371	0.0059972	0.106035	0.0109074	0.267211	0.0625852	0.00645789	0.0108789	0.0106225	0.0205032	0.0869906	0.0496952	0.117083	0.00805704	0.0154659
42	0.0999411	0.0180878	0.0362076	0.0173224	0.0074467	0.0663708	0.016743	0.00709664	0.0571248	0.00655673	0.0053751	0.154547	0.00114409	0.0347127	0.0629976	0.234876	0.154983	0.0129416	0.00335883	0.00216698
43	0.0763497	0.0289476	0.00894146	0.00953171	0.0402359	0.0300911	0.0258341	0.0281649	0.016415	0.0401933	0.0228813	0.0223239	0.15353	0.0136825	0.0295548	0.233562	0.0658206	0.0443566	0.0910509	0.0185327
44	0.00922998	0.0220112	0.00164346	0.00203887	0.354736	0.00364308	0.039171	0.030049	0.00217245	0.0380747	0.00520451	0.00395052	0.0148683	0.00251155	0.0158997	0.00977153	0.00553846	0.0269576	0.119772	0.292756
45	0.0440252	0.00338813	0.251338	0.105298	0.00735813	0.1346	0.0333951	0.00465954	0.0639727	0.00626656	0.00291828	0.14583	0.0118644	0.0300796	0.0228719	0.0989451	0.0216204	0.00919245	0.000724832	0.00165231
46	0.045353	0.00968728	0.00133062	0.00213113	0.0634289	0.00923877	0.0025333	0.185326	0.00357343	0.345078	0.070426	0.00216654	0.00362317	0.00597266	0.00530832	0.0146379	0.025467	0.193152	0.00344834	0.00811745
47	0.0785205	0.00288547	0.000694224	0.00157822	0.0150678	0.0175563	0.000792037	0.348427	0.00257535	0.102217	0.0402622	0.00458627	0.00185332	0.00331401	0.000826126	0.00621336	0.0284495	0.337921	0.00327041	0.00298898
48	0.239957	0.0249339	0.0022421	0.00337239	0.0457671	0.10472	0.00656782	0.0666371	0.00643448	0.113145	0.0591597	0.00490321	0.00617334	0.00388858	0.0132611	0.0927558	0.0552121	0.120804	0.0244495	0.00561626
49	0.0188967	0.0085892	0.000415025	0.000567116	0.288234	0.0161227	0.00081009	0.0429573	0.00097969	0.463146	0.0777449	0.000719371	0.00116978	0.00136898	0.00400478	0.00396395	0.0117124	0.0409538	0.0104826	0.00716221
50	0.0339488	0.00988797	0.00053766	0.00124096	0.000906935	0.903507	0.00297126	0.000919894	0.000874991	0.00130716	0.000869786	0.000948564	0.000645097	0.00296378	0.00460507	0.023503	0.00538128	0.00170563	0.0027576	0.000517756
51	0.0247845	0.0052571	0.000642952	0.000837119	0.0386259	0.0036277	0.00095199	0.34403	0.00172927	0.195588	0.0501381	0.00236822	0.0052393	0.00106484	0.000989497	0.00706406	0.0134618	0.295441	0.00341797	0.00474073
52	0.148336	0.0121915	0.00285492	0.00274362	0.00411957	0.680981	0.00367904	0.00678556	0.00313493	0.00721453	0.00323077	0.00332106	0.0031876	0.00495447	0.00712879	0.0684877	0.0147299	0.0193139	0.00241844	0.0011864
53	0.316174	0.0525798	0.0120416	0.00616542	0.0199351	0.140026	0.00582266	0.0154997	0.00460959	0.0153404	0.00768056	0.0102859	0.0113547	0.0102143	0.023842	0.246211	0.0473173	0.0492802	0.00311694	0.00250308
54	0.0780543	0.0455687	0.0046617	0.00632336	0.0405836	0.0268411	0.0306519	0.182925	0.00891888	0.108505	0.0755523	0.00635495	0.0101513	0.00746678	0.0128147	0.0377972	0.0412961	0.258263	0.00669496	0.0105758
55	0.0338271	0.00724798	0.00055215	0.000900393	0.0365338	0.00516086	0.000873479	0.324184	0.00146947	0.195751	0.0457431	0.00236809	0.00417308	0.00116992	0.00119339	0.0109446	0.0203108	0.301057	0.00281043	0.00372876
56	0.0436651	0.0105401	0.000587703	0.00126225	0.00295232	0.880923	0.0029918	0.00164236	0.00087688	0.00326694	0.00141349	0.00101196	0.000880616	0.00310523	0.0047043	0.0269471	0.00624914	0.00346982	0.00279226	0.000717613
57	0.599744	0.0263035	0.00137102	0.000917161	0.00174205	0.047829	0.000511682	0.00804811	0.00480729	0.00266013	0.000928212	0.00191898	0.0150013	0.00360212	0.00198731	0.244188	0.0231188	0.0146525	0.000313753	0.000354962
58	0.0538192	0.0108946	0.000949831	0.00177699	0.00243106	0.853491	0.00343405	0.00241063	0.00129299	0.00280248	0.00197722	0.00189863	0.00119697	0.00352017	0.00631729	0.0330692	0.00809709	0.00693453	0.0030337	0.000651955
59	0.0151011	0.00488928	0.000537556	0.0027174	0.0050165	0.00218937	0.00149156	0.31806	0.00238882	0.0494522	0.0273229	0.00352006	0.00126952	0.00304564	0.00354687	0.00859788	0.00763193	0.539558	0.00264416	0.00101932
60	0.0548761	0.0287686	0.0065641	0.00713094	0.386929	0.0255719	0.012544	0.0410089	0.0096858	0.0981419	0.0201511	0.0109648	0.0092523	0.0085403	0.0213615	0.0800418	0.0461607	0.0571276	0.0120032	0.063176
61	0.137147	0.0286993	0.00701402	0.00753923	0.0300043	0.0339085	0.00772834	0.083371	0.0138337	0.0825186	0.0848693	0.0103999	0.0118787	0.00909793	0.0180258	0.151734	0.0701885	0.188211	0.010555	0.0132759
62	0.154707	0.0387041	0.00416898	0.00212973	0.0472043	0.0156505	0.00156235	0.161251	0.00440301	0.138149	0.0360615	0.00234812	0.0291292	0.00380391	0.00749371	0.0962337	0.0917122	0.142584	0.0142353	0.00846782
63	0.0762838	0.0238518	0.0127356	0.0141761	0.0215891	0.0286276	0.0262809	0.0188255	0.0182291	0.0262904	0.013374	0.0211239	0.284755	0.0145475	0.0257282	0.142795	0.174733	0.0367214	0.0100114	0.00932016
64	0.0387454	0.0105723	0.00231879	0.00225368	0.00130372	0.881006	0.00369489	0.00148191	0.00204935	0.00182307	0.00124473	0.00306789	0.00081494	0.00340913	0.00591947	0.0269103	0.00737463	0.00272817	0.0027467	0.000534868
65	0.0176562	0.00241194	0.00165842	0.0424194	0.0306347	0.00699299	0.0945929	0.066577	0.129485	0.0797101	0.0118476	0.0237424	0.0166235	0.129122	0.119684	0.0678357	0.0615638	0.0807729	0.00511579	0.0115539
66	0.218231	0.013522	0.0212296	0.113226	0.00956588	0.0154779	0.0131322	0.0443588	0.0219924	0.0301286	0.0158963	0.0091022	0.00680135	0.220374	0.0563118	0.0411976	0.0323327	0.108714	0.00312792	0.00527706
67	0.445405	0.022183	0.00177612	0.0022617	0.00737877	0.0193303	0.00192226	0.0240262	0.00249312	0.0123278	0.0210929	0.00366272	0.00449485	0.00231363	0.0034695	0.134411	0.174613	0.113079	0.00194771	0.00181073
68	0.0110125	0.00664284	0.0025393	0.00263861	0.013762	0.00322351	0.0815236	0.00363715	0.149023	0.0468344	0.00230728	0.0390672	0.00250061	0.00816208	0.57282	0.0156079	0.0149188	0.0199729	0.0024635	0.00134295
69	0.467364	0.0195842	0.00173792	0.00197061	0.00266776	0.0234283	0.00189769	0.00968873	0.00213521	0.00302785	0.0118584	0.00271068	0.00386427	0.00226128	0.00272544	0.151713	0.15422	0.135248	0.000951113	0.000944942
70	0.0433612	0.0103986	0.00173474	0.00188975	0.00182618	0.865103	0.00398132	0.00221786	0.00203091	0.00296584	0.00224483	0.0030149	0.00100509	0.00336738	0.00616239	0.031366	0.00818219	0.00569299	0.0027605	0.000694834
71	0.048987	0.00328909	0.00412583	0.00713241	0.00347968	0.00821435	0.0138309	0.00417605	0.0075032	0.0265492	0.0031681	0.00524392	0.790733	0.00982352	0.00537483	0.0306775	0.0146386	0.00822812	0.00179522	0.00302956
72	0.652766	0.0172563	0.000380062	0.000974175	0.000990299	0.0587074	0.000500333	0.00581127	0.00650594	0.0032996	0.000582951	0.00109813	0.00889867	0.00384469	0.0021907	0.21623	0.0124656	0.00688661	0.000289937	0.000321212
73	0.0136096	0.00473344	0.000505452	0.0029547	0.00303786	0.00183615	0.00145565	0.308513	0.00277848	0.0404607	0.0253205	0.00342421	0.00103665	0.00355471	0.00351179	0.00701529	0.00716396	0.565993	0.0022651	0.000829557
74	0.0284649	0.0120449	0.00106056	0.00152754	0.0629937	0.00487207	0.00229666	0.299182	0.00122298	0.189947	0.0405418	0.00176266	0.0172805	0.000576789	0.00225301	0.00962136	0.0279794	0.282798	0.00585287	0.00772078
75	0.0323882	0.00545996	0.000679706	0.000789086	0.0381279	0.00477892	0.000894208	0.344067	0.00166861	0.192374	0.0453354	0.00239001	0.0042134	0.0010385	0.000905668	0.00767928	0.0147146	0.294751	0.00336113	0.00438381
76	0.53759	0.0220191	0.00322629	0.00199824	0.0026933	0.0579045	0.00269686	0.0090191	0.00537396	0.00495793	0.00290777	0.00742805	0.0102488	0.00541204	0.00422485	0.258457	0.0377447	0.024991	0.000580182	0.000526822
77	0.0088883	0.00754663	0.00276646	0.00289438	0.327976	0.00357093	0.0407378	0.0122384	0.00332369	0.0226291	0.00476192	0.0282131	0.00405874	0.00319308	0.0131809	0.00851608	0.00502718	0.0138592	0.0396029	0.447015
78	0.351397	0.0109124	0.00101254	0.00273416	0.0714373	0.055973	0.0021801	0.0712156	0.00140571	0.109596	0.0564169	0.00134387	0.010083	0.00352146	0.00353499	0.036876	0.0329222	0.173546	0.00301568	0.000875723
79	0.0719571	0.00284079	0.000560401	0.00172897	0.0150815	0.0147667	0.000716864	0.350089	0.00248515	0.104743	0.0374457	0.0038173	0.00183988	0.00298707	0.000924388	0.00635387	0.0242004	0.350829	0.00339692	0.0032356
80	0.622417	0.0190847	0.00207611	0.00208237	0.00140363	0.0554141	0.000719862	0.006153	0.00562532	0.00310048	0.001012	0.00189839	0.009952	0.00450872	0.00236728	0.228743	0.0200408	0.0127015	0.000310119	0.000389934
81	0.265399	0.0153345	0.030704	0.0478062	0.0131066	0.234902	0.0120143	0.0168505	0.0209523	0.0201111	0.0150769	0.018592	0.0115179	0.0271887	0.0220729	0.13169	0.0372447	0.0515803	0.00337075	0.00448534
82	0.0348451	0.0103837	0.0015478	0.000587291	0.110512	0.00563658	0.00271064	0.253628	0.000992257	0.227887	0.0332414	0.00129064	0.0044246	0.000510819	0.00117175	0.00702698	0.010281	0.281433	0.00271802	0.00917165
83	0.142861	0.0696284	0.0264029	0.00870903	0.00714811	0.0345702	0.00769476	0.0113663	0.0112812	0.00879263	0.0074399	0.039618	0.0111707	0.0145996	0.0182587	0.420647	0.122484	0.0289397	0.00659444	0.00179325
84	0.587003	0.0202921	0.00174494	0.00201091	0.00185058	0.0594406	0.00228841	0.00697395	0.00681739	0.00390817	0.00187751	0.00534132	0.00957969	0.00579055	0.00487892	0.236356	0.0274036	0.0148423	0.000771645	0.000827585
85	0.012547	0.00123335	0.000533775	0.000736254	0.0350824	0.00248334	0.000853364	0.112372	0.00230003	0.533382	0.181569	0.0010276	0.00328035	0.0051061	0.00633046	0.00652127	0.0167669	0.0686059	0.000622116	0.00864764
86	0.0232899	0.00990094	0.00108228	0.00120654	0.267873	0.0161677	0.00154192	0.0459377	0.00307752	0.439264	0.0845066	0.00117477	0.00178571	0.00262914	0.0101314	0.0090268	0.015983	0.0464902	0.00915314	0.00977829
87	0.385941	0.0236282	0.00593102	0.0033485	0.00564004	0.0519363	0.00509297	0.0139039	0.00243645	0.00855775	0.00945106	0.0106704	0.00605627	0.00693455	0.00626092	0.256504	0.111044	0.0841287	0.00146545	0.0010687
88	0.463099	0.0390157	0.00648122	0.00326443	0.00464911	0.0523076	0.00276098	0.0129107	0.0034428	0.00676433	0.00519663	0.00754747	0.0106979	0.00624347	0.00525925	0.255243	0.0635217	0.0497501	0.000981179	0.000862702
89	0.0202509	0.0122128	0.000390407	0.000594354	0.407653	0.0178812	0.000711863	0.0275114	0.00066034	0.381446	0.0473171	0.00066786	0.000515514	0.000649451	0.00357849	0.00558891	0.0111918	0.0382689	0.0120651	0.0108448
90	0.23736	0.0621016	0.00616746	0.00260839	0.0353102	0.0370162	0.00339696	0.0975699	0.00699514	0.0860244	0.0290841	0.00800494	0.0106742	0.00622599	0.0120044	0.15326	0.0839255	0.098149	0.011662	0.0124593
91	0.0330803	0.0112538	0.00507014	0.00455014	0.231476	0.00712113	0.0377531	0.0141145	0.00683533	0.0267818	0.0113555	0.0501669	0.00461523	0.0063675	0.022517	0.0235392	0.0152717	0.0233464	0.0523918	0.412393
92	0.30073	0.0204246	0.00185533	0.00351479	0.0426907	0.0635367	0.00266014	0.0809418	0.00261118	0.0997577	0.0527528	0.00204456	0.00507686	0.00296696	0.00743237	0.0645671	0.113451	0.124275	0.00630292	0.00240742
93	0.060107	0.00382097	0.147296	0.173144	0.00949867	0.0549703	0.031802	0.010696	0.132897	0.0190828	0.0130468	0.0698924	0.0241799	0.0651995	0.056162	0.0671627	0.0283867	0.0246477	0.00189323	0.00611375
94	0.0379312	0.0341094	0.00429519	0.00193192	0.381832	0.0112194	0.00670276	0.0683585	0.00243035	0.150787	0.0208173	0.00257248	0.00402502	0.00691496	0.015815	0.0388501	0.0344622	0.0699208	0.0168653	0.0901592
95	0.651136	0.0176763	0.0005294	0.00103281	0.00103718	0.0591683	0.000441901	0.00581801	0.00643477	0.00339587	0.000564921	0.00102328	0.00900553	0.00389403	0.00229016	0.21662	0.0124026	0.00693043	0.000284462	0.000313178
96	0.149837	0.0438345	0.0116138	0.00210116	0.0274738	0.0304012	0.00219948	0.173544	0.00390021	0.0809547	0.0311094	0.00332975	0.00766284	0.00332824	0.00573444	0.0568061	0.0885919	0.264166	0.00817267	0.0052383
97	0.0276551	0.00180127	0.292656	0.202182	0.0120255	0.0364501	0.0493468	0.00397997	0.0331974	0.0126943	0.00289896	0.0812951	0.0305958	0.0555133	0.0532696	0.0497382	0.0338713	0.018137	0.000870838	0.00182146
98	0.0269445	0.00630154	0.000782068	0.000680636	0.0463326	0.00413342	0.000993409	0.328033	0.00160179	0.207686	0.0491338	0.00216461	0.00488799	0.000925619	0.00104756	0.00787565	0.0148847	0.287214	0.00310183	0.00527558
99	0.0291683	0.00464713	0.00779859	0.0084137	0.00658427	0.0107287	0.0167853	0.00696029	0.0099241	0.0280349	0.00421622	0.0100952	0.755391	0.0109488	0.00805675	0.0299892	0.0307911	0.0131895	0.00410057	0.0041762
100	0.150905	0.0271978	0.00304133	0.00205765	0.0428336	0.0294129	0.00306794	0.137429	0.00583054	0.182075	0.0369745	0.00260226	0.00746362	0.00339155	0.0100157	0.0847172	0.0648589	0.19347	0.00747522	0.00518056
101	0.535797	0.0199024	0.00422878	0.00558843	0.00925722	0.0597068	0.00336682	0.0205296	0.00677018	0.0158884	0.00778276	0.00594506	0.010307	0.00711336	0.00661955	0.193039	0.0373304	0.0472789	0.00147031	0.00207875
102	0.0360089	0.00988361	0.00269327	0.0018959	0.00119776	0.892634	0.00340846	0.00105326	0.00194519	0.00151038	0.000944105	0.00209461	0.000707865	0.00303496	0.00498622	0.024863	0.00567074	0.00221685	0.00272666	0.000524407
103	0.0648642	0.010481	0.00295246	0.00294959	0.00230595	0.822516	0.0040897	0.00434731	0.00325076	0.00517448	0.00267412	0.00281765	0.00134321	0.00490985	0.00655184	0.0372373	0.00898331	0.00856631	0.00329635	0.000689013
104	0.610492	0.0190565	0.00131863	0.0013191	0.00177154	0.0589374	0.00126726	0.00701164	0.00569345	0.00448649	0.00167241	0.00265133	0.00935051	0.00434364	0.00340247	0.228064	0.0228319	0.0155633	0.000397807	0.00036883
105	0.0119377	0.0099377	0.00197073	0.0016448	0.419853	0.00565183	0.0314611	0.016554	0.00241056	0.0408674	0.00549874	0.0116747	0.00449571	0.00222228	0.0124508	0.0117053	0.00802624	0.022185	0.0425971	0.336855
106	0.185525	0.0171405	0.0178426	0.00892041	0.00847942	0.0773524	0.0144818	0.0098039	0.0213932	0.0201468	0.00981915	0.0816721	0.00490685	0.0163386	0.0299715	0.329555	0.118339	0.0209775	0.00392609	0.00340865
107	0.012093	0.0128424	0.00138594	0.00124385	0.404645	0.00506206	0.02669	0.0198222	0.00175534	0.0695489	0.00864475	0.00614017	0.00472982	0.00195459	0.0107347	0.0115738	0.00725449	0.0207246	0.0460297	0.327125
108	0.0186307	0.00321789	0.000534323	0.000726537	0.0256233	0.0030182	0.000694867	0.222625	0.00134323	0.425787	0.0913104	0.00150052	0.00337096	0.00485777	0.00298567	0.00565611	0.0127233	0.168963	0.00144451	0.00498698
109	0.151777	0.0196749	0.0107246	0.0130188	0.0205277	0.0597074	0.0167543	0.0281685	0.0515174	0.103136	0.0299567	0.0134619	0.00714563	0.030684	0.160475	0.172638	0.0513208	0.0438572	0.00544474	0.0100094
110	0.0201749	0.00455373	0.000468492	0.00313012	0.00414852	0.00302724	0.00137276	0.301511	0.00296327	0.044959	0.0270438	0.00349793	0.0011819	0.00381472	0.00321147	0.00665363	0.00930874	0.555753	0.00227577	0.000950314
111	0.20016	0.0176697	0.0296252	0.0658532	0.0545082	0.045712	0.0119808	0.0361336	0.0221163	0.042998	0.0267329	0.0200852	0.0156776	0.0299119	0.0260089	0.137296	0.102464	0.10265	0.00550715	0.00690945
112	0.0268984	0.0110941	0.000601721	0.000754571	0.341009	0.0173732	0.00151002	0.040803	0.00108074	0.398956	0.0535486	0.000926218	0.00110591	0.00120923	0.00463235	0.00735966	0.0142102	0.052358	0.0112263	0.0133435
113	0.0417568	0.0137876	0.0083761	0.00743709	0.0104211	0.704868	0.0289331	0.00722607	0.0107024	0.00966685	0.00607975	0.010819	0.0171844	0.00698454	0.0166666	0.0353399	0.0187591	0.0171786	0.0243111	0.00350161
114	0.0354646	0.00242051	0.278454	0.179261	0.00635271	0.0498414	0.0335931	0.00481225	0.0647321	0.0119725	0.00452845	0.112486	0.0271576	0.0488271	0.0347139	0.0625773	0.02653	0.0125896	0.000913744	0.00277214
115	0.0320574	0.0126606	0.00112161	0.000850341	0.396987	0.0131873	0.00166627	0.0735438	0.00147996	0.253364	0.0487905	0.00130036	0.00145287	0.00131561	0.0061456	0.0163086	0.0168049	0.0893425	0.00596742	0.025653
116	0.178385	0.0089978	0.00118426	0.00713128	0.0409365	0.0074775	0.00200548	0.204522	0.00209288	0.123247	0.0352531	0.00176919	0.0390087	0.00555109	0.00368522	0.0236911	0.0346885	0.272496	0.00461076	0.00326604
117	0.314879	0.0156609	0.0393146	0.057786	0.0137127	0.123077	0.0131686	0.0182546	0.0289244	0.0232344	0.0151605	0.0222246	0.0151038	0.031111	0.0263017	0.141696	0.0368067	0.0571072	0.00342025	0.00305611
118	0.00699112	0.00954098	0.00100135	0.0010581	0.406391	0.00185255	0.0330028	0.0160618	0.00150487	0.0292503	0.00362713	0.0048158	0.00551688	0.00148521	0.0102408	0.00751724	0.00323093	0.0107718	0.0574106	0.388729
119	0.0251802	0.00920811	0.000808937	0.00175472	0.0562454	0.00409088	0.00195881	0.313566	0.00139236	0.188614	0.0434251	0.0018408	0.0160806	0.000496593	0.0021558	0.00814438	0.0263821	0.286308	0.00550888	0.00683766
120	0.382589	0.0197125	0.00270257	0.00232699	0.00637345	0.104928	0.00369046	0.0125592	0.00183813	0.0118645	0.0119646	0.00676457	0.00309022	0.00295951	0.0108521	0.166336	0.13378	0.112901	0.00151363	0.0012527
121	0.236493	0.0207379	0.0143019	0.0089615	0.0103084	0.174893	0.0112173	0.00686564	0.01987	0.0145774	0.00771595	0.0359589	0.0057399	0.0169862	0.050582	0.23595	0.0810601	0.0420649	0.00268128	0.00303409
122	0.3993	0.0335347	0.00426231	0.00282394	0.00688009	0.0926759	0.00406675	0.0157546	0.00202026	0.0138001	0.0124709	0.00714551	0.00520242	0.004925	0.0102185	0.187063	0.107046	0.0885422	0.00133082	0.000937711
123	0.0213255	0.00255866	0.253265	0.082034	0.00804675	0.0662952	0.0374443	0.0062136	0.0674441	0.00866318	0.0034446	0.265761	0.0131618	0.0279969	0.0214861	0.0749967	0.024289	0.00765983	0.00133297	0.00658035
124	0.0336363	0.00644311	0.000665257	0.00136592	0.0398275	0.00565042	0.000986198	0.252415	0.00136864	0.318889	0.0699276	0.00169465	0.00425542	0.00403815	0.00300867	0.00861595	0.0185219	0.22122	0.00224135	0.00522905
125	0.0239739	0.00504183	0.000651765	0.000755984	0.0371028	0.00346631	0.000838769	0.347214	0.00175426	0.199548	0.0499529	0.00244913	0.00462108	0.00104376	0.000966856	0.00732825	0.0128517	0.292571	0.00331439	0.00455401
126	0.0209237	0.0102336	0.000440663	0.000555885	0.335713	0.0190348	0.000820274	0.030444	0.000852292	0.444751	0.0571173	0.000718436	0.00061626	0.000852227	0.00360052	0.00363456	0.0117218	0.0379854	0.0126625	0.00732254
127	0.0297135	0.00212257	0.229525	0.192607	0.00669623	0.128376	0.03073	0.00399049	0.0801189	0.00722062	0.00374938	0.113182	0.0204566	0.0424343	0.0232978	0.0606701	0.0152606	0.00708163	0.00101972	0.0017474
128	0.122988	0.0376971	0.00893342	0.00671981	0.0250162	0.106312	0.0607539	0.00946119	0.028726	0.0163578	0.0189674	0.0710532	0.0248913	0.0251279	0.0543642	0.196221	0.0936208	0.0271854	0.0103494	0.0552539
129	0.0299935	0.0122885	0.000861231	0.00188616	0.0481679	0.00507813	0.00390016	0.298277	0.00154175	0.158129	0.041314	0.00200909	0.0136026	0.00141497	0.00210206	0.00895414	0.028288	0.332153	0.00422823	0.00581146
130	0.0543609	0.0109875	0.000805154	0.000609272	0.0673585	0.0079386	0.00146356	0.268617	0.000951733	0.220009	0.0384176	0.00159746	0.0038735	0.000608382	0.00119287	0.00995183	0.0233549	0.28048	0.00233523	0.00508716
131	0.27048	0.0218097	0.00948877	0.00528839	0.0081566	0.222577	0.00606033	0.00311824	0.00217402	0.00367058	0.0023431	0.0117984	0.00533884	0.00717443	0.0326204	0.284895	0.0526003	0.048671	0.000675384	0.00105937
132	0.110695	0.0222611	0.0415615	0.0173859	0.00806098	0.0633121	0.00810432	0.00716812	0.0466676	0.00656222	0.00553702	0.158726	0.00103913	0.0244699	0.0533243	0.248538	0.160911	0.0114243	0.00359557	0.000656771
133	0.299453	0.0189688	0.00315361	0.00424067	0.0502877	0.0585416	0.00449136	0.0862913	0.0105378	0.125168	0.0372292	0.00389267	0.00758738	0.00664003	0.0181889	0.0713936	0.0448564	0.139393	0.00557719	0.00410768
134	0.297435	0.0223335	0.00798401	0.00476873	0.007855	0.22342	0.00562509	0.00390136	0.0024593	0.00485452	0.00268811	0.0111654	0.00488142	0.00631101	0.0321155	0.252645	0.0561015	0.051507	0.000823243	0.00112595
135	0.0397152	0.00750321	0.000701816	0.00131597	0.0367544	0.00671338	0.0010752	0.314184	0.00169759	0.163828	0.0397376	0.00239678	0.00385655	0.00141713	0.0015029	0.00937191	0.0200338	0.341202	0.00299372	0.00399893
136	0.642084	0.0172752	0.000372087	0.000991896	0.00103543	0.0609908	0.000606542	0.00618468	0.00681295	0.00326353	0.000681777	0.00166288	0.00901579	0.00388497	0.00262088	0.220767	0.0137676	0.00739713	0.000263974	0.000320461
137	0.0126547	0.00926866	0.0104448	0.00422366	0.0102816	0.00450844	0.0218181	0.00448209	0.252004	0.0277881	0.00303705	0.0127215	0.0154996	0.025041	0.541894	0.01133	0.00965114	0.0162829	0.00558261	0.00148633
138	0.262565	0.0116423	0.00547592	0.0019667	0.00256589	0.138079	0.0140002	0.00591015	0.00179079	0.00383539	0.00343023	0.0280005	0.00156929	0.00655428	0.012674	0.385024	0.0824889	0.0304246	0.000820885	0.00118112
139	0.0225582	0.0101208	0.000539437	0.0011486	0.353467	0.0192381	0.00104422	0.0305463	0.00143999	0.405603	0.0566707	0.00123105	0.000737061	0.00106931	0.00368622	0.00405608	0.0110946	0.0409711	0.0264128	0.00836533
140	0.360334	0.0221138	0.00463871	0.00371985	0.00803488	0.0427756	0.00346098	0.0242343	0.00356812	0.0162075	0.0135877	0.00815599	0.00412608	0.00539112	0.00761678	0.174011	0.194147	0.10011	0.00200044	0.00176704
141	0.278888	0.019307	0.0646303	0.0323129	0.0165569	0.105046	0.00319705	0.00420365	0.00500437	0.00419569	0.00300768	0.00597544	0.0324499	0.0345831	0.0200096	0.266355	0.0383068	0.0630418	0.0013735	0.00155485
142	0.012365	0.007737	0.00475949	0.00480107	0.244161	0.00671702	0.0488386	0.0124469	0.00565507	0.0223575	0.00740571	0.0498877	0.0034357	0.00592846	0.0175772	0.0127646	0.00883946	0.0197808	0.026748	0.477793
143	0.0203762	0.010434	0.000415725	0.000534565	0.346655	0.0196826	0.000800985	0.0259238	0.000769971	0.44596	0.0533208	0.000678444	0.000572714	0.000680296	0.00358584	0.00338002	0.0119106	0.0351669	0.0122063	0.00694555
144	0.507964	0.044498	0.00263465	0.00128575	0.00217637	0.0449716	0.00272856	0.012948	0.00368411	0.00253817	0.00351974	0.00750584	0.0119393	0.00511618	0.00329095	0.248587	0.0615782	0.0315375	0.000681309	0.000814347
145	0.223897	0.0269715	0.0113173	0.00506349	0.0031204	0.0427736	0.0165666	0.0149862	0.00801871	0.00429159	0.00520884	0.0545924	0.00247067	0.0199791	0.0103661	0.389283	0.136257	0.0215438	0.00191116	0.00138095
146	0.107935	0.0220407	0.00116878	0.00090472	0.0479081	0.0146378	0.000702937	0.188694	0.00227031	0.229007	0.0555254	0.00158183	0.00376553	0.00138968	0.00323842	0.0357129	0.0748393	0.203004	0.00278014	0.00289373
147	0.0314495	0.0126086	0.00172426	0.000702853	0.104316	0.00570359	0.00258579	0.262618	0.000947725	0.218591	0.0350715	0.00129504	0.00667354	0.000500711	0.00137672	0.00652326	0.0128374	0.279646	0.0035362	0.0112926
148	0.0150768	0.00222777	0.182784	0.0991263	0.0123645	0.279154	0.0446139	0.00392911	0.0690801	0.00283655	0.00200897	0.138538	0.00170454	0.0198784	0.0270282	0.0754095	0.015498	0.00589833	0.00144956	0.00139399
149	0.0173162	0.00299277	0.00183967	0.0407095	0.0362161	0.00754165	0.086886	0.0731148	0.128296	0.0831107	0.0155337	0.0251149	0.0148125	0.113819	0.125822	0.0736647	0.0588023	0.0800026	0.00452712	0.00987855
150	0.128821	0.0017118	0.0401287	0.0951407	0.0183316	0.0427478	0.0316469	0.00613896	0.133053	0.0148833	0.0176455	0.0236324	0.00324614	0.125675	0.0795105	0.143118	0.0301331	0.0437471	0.000950616	0.0197386
151	0.0232307	0.0104754	0.000520877	0.000720287	0.359663	0.0195668	0.00101516	0.0295496	0.00120179	0.400206	0.0573377	0.000962653	0.00067605	0.000961057	0.00319012	0.00394793	0.0106951	0.0403723	0.0279911	0.00771641
152	0.0330331	0.0294316	0.00667282	0.00603344	0.0206807	0.0223457	0.0308512	0.0170562	0.159014	0.08269	0.0133854	0.0154786	0.012819	0.018294	0.41139	0.0300287	0.0240675	0.0540007	0.00696517	0.00576222
153	0.0310037	0.0105112	0.00271033	0.000671298	0.0935685	0.00680574	0.00213756	0.301459	0.001063	0.20006	0.0333468	0.00146375	0.00527513	0.000529402	0.00123255	0.00634503	0.0115129	0.27549	0.00364578	0.0111691
154	0.0247406	0.00258843	0.00192446	0.0556301	0.010516	0.0175211	0.136796	0.055435	0.140172	0.0338071	0.00546005	0.0346135	0.0250458	0.142865	0.0675933	0.0262686	0.0912862	0.0980011	0.00438029	0.025355
155	0.0506665	0.00179496	0.232566	0.254074	0.00286902	0.0346382	0.0127782	0.00336227	0.130908	0.00817989	0.00407347	0.0841687	0.0538222	0.0471484	0.0145971	0.0422963	0.0136008	0.00599415	0.000805961	0.00165602
156	0.0149273	0.0021972	0.182071	0.100398	0.0122931	0.28227	0.0450584	0.00395151	0.0683236	0.00280292	0.0019844	0.137477	0.00156179	0.0192271	0.0265831	0.0749945	0.015275	0.00580258	0.00144753	0.00135446
157	0.00705199	0.00959926	0.00101622	0.00104545	0.405053	0.00185061	0.0331959	0.0160655	0.00148633	0.029155	0.00365251	0.00500212	0.00555965	0.0015077	0.0103587	0.00755199	0.00326737	0.0108697	0.0573588	0.389352
158	0.0156347	0.00267639	0.185871	0.0520405	0.0165991	0.105685	0.0215286	0.0049047	0.0487136	0.00470709	0.00283089	0.356437	0.00299158	0.0247351	0.0159307	0.100001	0.020768	0.0145388	0.00144168	0.00196373
159	0.121263	0.00121215	0.0476495	0.138439	0.0057669	0.0519046	0.045057	0.00477088	0.122585	0.0227706	0.0284499	0.00906268	0.00473289	0.143189	0.0812943	0.108926	0.0171557	0.0331331	0.000516506	0.0121218
160	0.0286318	0.00625336	0.000692744	0.000589556	0.0492226	0.00475662	0.00118022	0.255339	0.00126228	0.309921	0.0734123	0.00156132	0.00484447	0.00220871	0.00214484	0.00732484	0.0165566	0.2256	0.00218318	0.00631451
161	0.022412	0.00222976	0.306091	0.102697	0.00493314	0.0654758	0.0326834	0.00541366	0.0765267	0.00825177	0.00342937	0.189457	0.0140619	0.0313883	0.0223002	0.0802006	0.0232753	0.0052363	0.000936638	0.00299973
162	0.0251371	0.0104275	0.00115802	0.00220144	0.0636715	0.00449405	0.00235338	0.292382	0.00167545	0.187369	0.0384982	0.00187822	0.0275118	0.000926669	0.00346022	0.00983092	0.0336911	0.27635	0.00953828	0.00744487
163	0.024423	0.00935243	0.00105101	0.00215836	0.0605589	0.00425778	0.00212425	0.298749	0.00146249	0.18941	0.0397213	0.00177325	0.0253178	0.000667061	0.00315876	0.00874595	0.0321041	0.279952	0.00793795	0.00707488
164	0.577655	0.0206597	0.00230017	0.00135639	0.001918	0.0555944	0.00243337	0.00771468	0.00543885	0.0044971	0.00190082	0.00533413	0.010213	0.00491116	0.00323903	0.252562	0.0272888	0.0137265	0.000700348	0.00055629
165	0.189597	0.0499742	0.00481254	0.000898113	0.0507767	0.0240381	0.0010462	0.124136	0.00408555	0.12201	0.039807	0.00178287	0.0173504	0.00285171	0.007858	0.1125	0.0915044	0.127807	0.0173465	0.00981839
166	0.321487	0.019205	0.000304532	0.00326469	0.0322563	0.110351	0.00326709	0.0741823	0.000572044	0.109384	0.0486124	0.000321459	0.00162896	0.00196907	0.00544813	0.0526894	0.0408545	0.168432	0.0055335	0.000237044
167	0.0586189	0.00826482	0.00128066	0.0077545	0.0257286	0.0089202	0.00105174	0.279751	0.00457506	0.13507	0.0401016	0.00236392	0.00443219	0.00450826	0.00465035	0.0160246	0.0317579	0.356479	0.00413235	0.0045338
168	0.092993	0.0228389	0.000282909	0.000532725	0.0441393	0.0154471	0.000555487	0.223202	0.000423065	0.214826	0.0302672	0.00128024	0.0017861	0.000546391	0.00142351	0.0266016	0.0668814	0.255033	0.000438738	0.000500968
169	0.101954	0.022368	0.000237572	0.000437556	0.0444653	0.0161284	0.00032111	0.211671	0.000369769	0.220412	0.0291182	0.00109866	0.000720219	0.000549217	0.00142293	0.0258473	0.0661857	0.256344	0.000151283	0.000197352
170	0.11516	0.0204992	0.000275893	0.000362882	0.0446384	0.0195359	0.000279844	0.203683	0.000337734	0.216061	0.0290843	0.0011609	0.000376833	0.000678626	0.0013912	0.0227147	0.0595612	0.263859	0.000137039	0.000202509
171	0.0936976	0.0206941	0.000259225	0.000684857	0.0413471	0.0153368	0.000468197	0.227034	0.000559664	0.210298	0.0318017	0.00136989	0.00147041	0.000763069	0.00143333	0.025416	0.0649008	0.261306	0.000613563	0.000546063
172	0.0775191	0.0176017	0.00106537	0.000425127	0.0992718	0.0116897	0.0018314	0.201835	0.000669573	0.234295	0.0285166	0.000810847	0.00141209	0.000493428	0.00130866	0.01211	0.0270897	0.275769	0.00104798	0.00523845
173	0.11067	0.0206779	0.000830336	0.00112587	0.0428548	0.0188229	0.000844021	0.220484	0.0013006	0.193052	0.0351375	0.00151709	0.0036172	0.00130823	0.00241393	0.0311586	0.0593784	0.249868	0.00278678	0.00215169
174	0.171161	0.0660255	0.00550141	0.00108511	0.0437123	0.0222559	0.00175597	0.136475	0.00457302	0.109516	0.0524711	0.00222851	0.0165757	0.00244372	0.0082671	0.121813	0.0937489	0.113493	0.0174069	0.00949124
175	0.0468394	0.0872625	0.0153797	0.00128108	0.12412	0.00230023	0.0106925	0.101941	0.00218234	0.127325	0.00219548	0.0022859	0.00143757	0.0233168	0.0365596	0.0806785	0.03961	0.0923453	0.0313496	0.170897
176	0.190867	0.0225477	0.0102115	0.00713759	0.00870095	0.283722	0.0130763	0.00412272	0.0114693	0.00856056	0.00512437	0.0235726	0.00533909	0.0121693	0.0476479	0.236942	0.0661777	0.037298	0.00235736	0.00295617
177	0.233234	0.031095	0.00270647	0.00219695	0.0131006	0.0144828	0.00197884	0.0412901	0.00338391	0.018468	0.0236489	0.00797466	0.00484952	0.00288636	0.00729579	0.136885	0.375525	0.0728154	0.00356744	0.00261585
178	0.018041	0.00718022	0.00532765	0.0199923	0.00407267	0.00500051	0.0176609	0.00515075	0.432068	0.008568	0.00523579	0.0129167	0.00783665	0.0412638	0.354689	0.0186267	0.0269301	0.00565781	0.00304992	0.000730897
179	0.120355	0.00129973	0.0544138	0.138543	0.00545569	0.0561538	0.0450319	0.00442581	0.123813	0.022257	0.0283721	0.0106788	0.00756102	0.129525	0.0867342	0.103872	0.0178577	0.032272	0.000551677	0.0108271
180	0.15445	0.025899	0.0086407	0.00416771	0.00462171	0.0249253	0.011189	0.010478	0.00405891	0.00514003	0.0043387	0.0323054	0.00609073	0.0249606	0.00815723	0.515463	0.130632	0.0167387	0.00607099	0.00167313
181	0.321773	0.0424555	0.00700424	0.00363535	0.00544571	0.0473473	0.00553069	0.0163601	0.00330089	0.00880213	0.0062152	0.0171464	0.00898027	0.00921452	0.00725544	0.35832	0.0856543	0.0407135	0.00349404	0.001352
182	0.0544338	0.00341586	0.00678718	0.0303308	0.0243979	0.00326196	0.00125098	0.145988	0.0321886	0.123008	0.122847	0.00223798	0.00177234	0.0214814	0.0341556	0.0305431	0.0622442	0.252251	0.0193232	0.0280811
183	0.0578624	0.0100341	0.00172209	0.000925052	0.162936	0.00690475	0.00628185	0.149267	0.00124696	0.271858	0.0156973	0.00104874	0.00157333	0.00113427	0.00185718	0.00676443	0.00627216	0.288557	0.00151435	0.00654262
184	0.0806312	0.0135737	0.0573023	0.0242334	0.0188289	0.0480208	0.0277421	0.0148995	0.042043	0.0133491	0.0108717	0.213296	0.0114574	0.0286487	0.0378422	0.149645	0.171067	0.0236819	0.0050886	0.00777732
185	0.0448154	0.0154618	0.00377745	0.00585405	0.0780871	0.0132725	0.00674419	0.0151664	0.039594	0.171336	0.131984	0.0534736	0.00667506	0.00637181	0.0114314	0.14697	0.091577	0.054294	0.0522515	0.0508632
186	0.0600041	0.00423779	0.000565781	0.00121813	0.0261662	0.0110186	0.000775658	0.346747	0.00198309	0.14293	0.0393185	0.00290253	0.00303426	0.00170382	0.000804113	0.00733483	0.0223135	0.319049	0.00387687	0.00401672
187	0.165361	0.0346994	0.00321764	0.00139636	0.0454777	0.0238963	0.000877763	0.136925	0.00436258	0.165334	0.068195	0.00231693	0.00920731	0.00241199	0.00668818	0.085116	0.0901594	0.13573	0.0110343	0.00759258
188	0.0552351	0.0105928	0.00123423	0.00134941	0.0153372	0.00279795	0.0016554	0.0468116	0.0015436	0.00353635	0.0130795	0.0111302	0.00219265	0.00199031	0.00939389	0.1132	0.691675	0.0154076	0.000836094	0.00100144
189	0.134985	0.00566747	0.00107291	0.00154158	0.0188631	0.0357875	0.000827533	0.269094	0.00224484	0.0953934	0.0380844	0.00409593	0.000760274	0.00370809	0.00121979	0.00655785	0.0344651	0.341426	0.0019654	0.00223913
190	0.0768082	0.0141226	0.000477615	0.000672495	0.0586949	0.0110845	0.00105372	0.239449	0.000687237	0.216602	0.0350238	0.00131275	0.00380062	0.000471408	0.0015112	0.0141438	0.0381469	0.281465	0.00169476	0.00277758
191	0.0426512	0.00354571	0.0375687	0.013119	0.00538127	0.0740013	0.178124	0.0101247	0.0980006	0.0101008	0.00290357	0.133623	0.00750948	0.0892498	0.0855473	0.115647	0.0586714	0.0227879	0.0012879	0.0101559
