779	20
1	0.0542177	0.0075284	0.330046	0.219732	0.00427069	0.0399474	0.0178279	0.00928915	0.0371139	0.0121343	0.00518939	0.0891135	0.00545134	0.0508099	0.0269087	0.0444352	0.0327214	0.00865223	0.00241583	0.00219536
2	0.0357419	0.0114834	0.0154604	0.0354344	0.00722504	0.0132028	0.0292133	0.0140769	0.226888	0.0409766	0.0233598	0.0372325	0.0148462	0.0776352	0.310991	0.0384739	0.0311977	0.0186683	0.00297148	0.0149206
3	0.0546142	0.00553416	0.366737	0.215418	0.00340321	0.0402508	0.0172376	0.0103859	0.0386173	0.00942017	0.00609642	0.0793829	0.00278335	0.0462386	0.0197807	0.0457641	0.0250257	0.00789456	0.00314925	0.00226573
4	0.118328	0.0108282	0.016051	0.0468389	0.0149216	0.114135	0.0392276	0.0277041	0.0245518	0.104595	0.142118	0.0275302	0.00805284	0.0360852	0.106347	0.0386959	0.0564665	0.0540007	0.00494487	0.00857819
5	0.0329311	0.00894236	0.00298924	0.0150168	0.0512337	0.00367528	0.00298846	0.217724	0.00418906	0.324351	0.0898855	0.00408074	0.00670365	0.0167161	0.00637621	0.017109	0.0348849	0.139021	0.00475635	0.0164263
6	0.102324	0.00718093	0.0122009	0.0289286	0.0193221	0.0216645	0.0102531	0.0943	0.0218787	0.276118	0.0698891	0.0186095	0.0948214	0.0253956	0.0208287	0.050906	0.0399682	0.0705992	0.00419527	0.0106165
7	0.115968	0.012802	0.0150057	0.0386816	0.0151088	0.0248491	0.019327	0.0435367	0.0869267	0.166513	0.0733059	0.0312131	0.0107949	0.0763643	0.0916511	0.0686261	0.0494046	0.0486798	0.00394661	0.00729499
8	0.117272	0.0127927	0.124207	0.0965242	0.0123524	0.0643084	0.0279198	0.0181078	0.0514981	0.0315137	0.0140858	0.090415	0.00892159	0.0601239	0.0723903	0.0881428	0.0426272	0.0187139	0.0377618	0.0103212
9	0.064497	0.00585476	0.0923169	0.209345	0.00631445	0.0287138	0.039865	0.0172486	0.0674751	0.0424888	0.0130852	0.0477689	0.0105631	0.149271	0.0532408	0.0683016	0.055354	0.0199548	0.001163	0.00717812
10	0.034113	0.0117209	0.0147453	0.034396	0.00682289	0.0125233	0.0300145	0.0134167	0.227668	0.0411546	0.0238089	0.0376948	0.0137471	0.0786738	0.313169	0.0379914	0.0315838	0.0187465	0.00306753	0.0149423
11	0.123731	0.0130441	0.0312069	0.0450004	0.00720394	0.0394936	0.0200139	0.0290614	0.0452718	0.0542188	0.0217339	0.0583429	0.0228126	0.052349	0.0397634	0.190649	0.158046	0.0353623	0.00192186	0.0107736
12	0.0295146	0.0102459	0.021466	0.0208713	0.287015	0.0119866	0.0324947	0.039014	0.0174922	0.109971	0.0253569	0.01239	0.00923832	0.0213967	0.0203558	0.0331764	0.0191342	0.0371869	0.0159756	0.225717
13	0.0872928	0.0163344	0.0164691	0.0285118	0.023333	0.0198308	0.012344	0.143783	0.0368874	0.127609	0.0474504	0.0295391	0.016249	0.0339759	0.0345151	0.0779063	0.0990009	0.133541	0.00348788	0.0119394
14	0.131283	0.00870898	0.0353373	0.0671205	0.00719537	0.0384841	0.0217551	0.0216528	0.0847818	0.0333659	0.0146837	0.0550019	0.149663	0.063687	0.0712713	0.0985579	0.058994	0.0289963	0.0019424	0.00751775
15	0.0196403	0.0076155	0.0118417	0.0277466	0.0624819	0.00842812	0.00813264	0.0295789	0.0203472	0.0226505	0.00900984	0.0117258	0.0272942	0.0225861	0.0133545	0.0315675	0.0126231	0.0134546	0.627425	0.0124957
16	0.154971	0.0501502	0.0133849	0.0140677	0.014776	0.0354991	0.00577906	0.151458	0.0204555	0.0804853	0.0395121	0.0228609	0.00931183	0.020957	0.0174772	0.075264	0.0628155	0.190818	0.00520563	0.0147523
17	0.0770501	0.0144737	0.078344	0.0766604	0.0150086	0.0568912	0.0386083	0.0221538	0.0729387	0.037671	0.0142148	0.152697	0.0135851	0.0621446	0.0577133	0.108673	0.0529121	0.0274142	0.00439534	0.0164502
18	0.117951	0.0104072	0.0276251	0.0366006	0.00832947	0.0387791	0.0191572	0.0304674	0.0421108	0.0760517	0.0285939	0.0695505	0.0178998	0.0441183	0.0361368	0.199675	0.153162	0.0303961	0.00132255	0.0116656
19	0.0204479	0.00904813	0.0134664	0.0332561	0.142656	0.00509188	0.221885	0.00605886	0.0406134	0.03718	0.00534639	0.0285906	0.0169118	0.061875	0.0615157	0.0236627	0.0105615	0.0155698	0.0157105	0.230552
20	0.0236495	0.00531184	0.00424355	0.00905889	0.0297303	0.00660047	0.00351579	0.106519	0.0183796	0.490763	0.125129	0.00739951	0.00403434	0.0219243	0.0148944	0.0218396	0.0261668	0.0701625	0.00320719	0.00747049
21	0.0789895	0.00757338	0.0393245	0.0663498	0.00498407	0.0336203	0.0346969	0.0146972	0.147298	0.0284629	0.0163162	0.063261	0.00975832	0.0901543	0.170612	0.102408	0.0602361	0.0187654	0.00212352	0.0103684
22	0.0315149	0.0104956	0.0160184	0.031726	0.00792045	0.0123958	0.0283875	0.0137583	0.26377	0.034161	0.0207424	0.0447344	0.012954	0.0786862	0.287554	0.0396371	0.0295973	0.0202563	0.00295101	0.0127396
23	0.142881	0.0370225	0.0109524	0.00990841	0.0123089	0.0116532	0.00477573	0.179085	0.0171574	0.0876481	0.0438731	0.0180926	0.0084034	0.0159438	0.0134337	0.0696386	0.0761094	0.225573	0.00394614	0.0115931
24	0.0627197	0.00492297	0.0802526	0.0532618	0.0135829	0.266614	0.0416563	0.012456	0.0584241	0.0216745	0.00542049	0.141979	0.00404264	0.0486954	0.0305996	0.105697	0.0229952	0.0160762	0.00146905	0.00746118
25	0.0967632	0.039569	0.0102376	0.0144197	0.0126252	0.00894442	0.00899171	0.181721	0.0524637	0.113727	0.0685159	0.0216262	0.00495525	0.0308762	0.0314448	0.0520605	0.0727031	0.163386	0.00351443	0.0114551
26	0.122025	0.00752063	0.0467094	0.0771519	0.00404223	0.0723025	0.0396924	0.0153655	0.0747373	0.0178269	0.0148847	0.0814856	0.0045163	0.0944367	0.072273	0.149667	0.0782816	0.018825	0.00213076	0.00612556
27	0.0195296	0.00636136	0.00191822	0.00466132	0.0212182	0.00199795	0.00130216	0.373911	0.00575185	0.167293	0.0432587	0.00418849	0.00527553	0.00480451	0.00338792	0.0141651	0.0390866	0.277637	0.000922179	0.00332913
28	0.0513996	0.00569291	0.36369	0.210245	0.00333647	0.0469697	0.0177397	0.0101501	0.0365768	0.00987797	0.00603829	0.0887242	0.00307464	0.0421565	0.0206423	0.043483	0.0267333	0.00798083	0.00228012	0.00320847
29	0.0579727	0.00494047	0.0796872	0.0616899	0.00607304	0.0345866	0.0571303	0.0261113	0.0761782	0.0165722	0.00708039	0.129227	0.0130405	0.0610783	0.0528147	0.177601	0.0854791	0.0417036	0.00155371	0.0094804
30	0.0172043	0.00806552	0.00154644	0.00482113	0.0220207	0.00197632	0.00139331	0.288855	0.00347903	0.326666	0.0731129	0.00256892	0.00323214	0.00650423	0.0042402	0.0140336	0.0257475	0.187398	0.000811001	0.00632452
31	0.0835346	0.0147363	0.218234	0.189653	0.0761263	0.0196433	0.0220054	0.0127543	0.0498355	0.0328042	0.00797839	0.0357384	0.00719526	0.0301519	0.0201234	0.0535115	0.0246309	0.0124225	0.00656173	0.08236
32	0.0735825	0.00632752	0.16459	0.228688	0.00659311	0.0305591	0.0206699	0.00790554	0.058337	0.0223881	0.00517693	0.0775383	0.0148216	0.108158	0.0485588	0.056749	0.0508376	0.0147195	0.00133202	0.00246798
33	0.0521272	0.00483427	0.330973	0.276886	0.00393466	0.0299367	0.0158068	0.0109681	0.0353107	0.013633	0.00548088	0.0627434	0.00386872	0.053713	0.017943	0.040905	0.023689	0.0113825	0.00286594	0.00299872
34	0.0263175	0.00580843	0.0123552	0.011	0.265373	0.00812738	0.0174479	0.0493319	0.0108199	0.197991	0.0434011	0.00506584	0.00629327	0.019296	0.0133381	0.0241794	0.0165822	0.0425584	0.0115032	0.21321
35	0.0792826	0.0357465	0.0174388	0.0369117	0.00859003	0.0348492	0.0263284	0.0151563	0.164227	0.0429302	0.0216019	0.038464	0.0121623	0.0750145	0.23879	0.0652945	0.0484464	0.0227943	0.00319389	0.0127782
36	0.0513574	0.00477104	0.398916	0.20374	0.00286859	0.0412184	0.0196489	0.0113111	0.0336905	0.0076814	0.00653087	0.0849495	0.00157768	0.0341519	0.016793	0.0468866	0.0218868	0.00699658	0.0023362	0.00268697
37	0.128554	0.0133631	0.0673597	0.0609797	0.0149413	0.202341	0.0253167	0.0183828	0.0395226	0.0377409	0.0130084	0.0760851	0.0241588	0.053269	0.0389482	0.105089	0.0424897	0.0267228	0.00499257	0.00673477
38	0.0521395	0.0138053	0.00634525	0.0207736	0.0165739	0.00683036	0.0163085	0.156738	0.0701244	0.189609	0.0947065	0.0170974	0.0033464	0.044921	0.0510646	0.0299931	0.055378	0.144592	0.00280252	0.00685013
39	0.047455	0.0130058	0.0100104	0.0195224	0.0187376	0.0102549	0.0282544	0.146218	0.0787605	0.134493	0.110351	0.0305378	0.00283091	0.0705773	0.0623496	0.0394941	0.0530948	0.115239	0.00317472	0.00563859
40	0.0304315	0.00608592	0.00722891	0.0163787	0.0412555	0.0082017	0.00660807	0.121723	0.017901	0.427585	0.101311	0.00988024	0.00660952	0.0264772	0.0153189	0.0242025	0.025848	0.0853453	0.0038625	0.0177457
41	0.0165752	0.00798672	0.00201686	0.0054328	0.0199362	0.00176549	0.00103561	0.275846	0.00201088	0.348115	0.0909536	0.00227994	0.00416908	0.00518061	0.0040567	0.0155558	0.0264248	0.162168	0.00073684	0.00775515
42	0.0343571	0.0111237	0.0149952	0.0344423	0.00698813	0.0126097	0.0300681	0.0133995	0.224606	0.0442606	0.0254086	0.0390136	0.0134993	0.080251	0.307386	0.0387401	0.0316318	0.0192937	0.00307028	0.0148557
43	0.0270487	0.00562419	0.00768671	0.0190399	0.0321951	0.00958588	0.00702034	0.117438	0.0233149	0.43473	0.101656	0.0111113	0.00550386	0.0293122	0.0210177	0.0248888	0.027887	0.0794495	0.00350115	0.0119886
44	0.0284075	0.00781683	0.00355275	0.010232	0.0325555	0.00480189	0.00370464	0.193672	0.0132741	0.374128	0.0869977	0.00639203	0.00385143	0.0167524	0.0115017	0.019195	0.0301068	0.140225	0.00294655	0.00988646
45	0.0614861	0.00697742	0.133271	0.273514	0.0145631	0.0186262	0.0227379	0.0398353	0.0453352	0.0516793	0.0172368	0.0341954	0.014092	0.0850713	0.0313496	0.0480163	0.0363989	0.0514166	0.00213944	0.0120585
46	0.0147808	0.00509481	0.00159029	0.00222494	0.0191204	0.00183557	0.00114602	0.39586	0.00595033	0.148292	0.0399481	0.0040565	0.00341672	0.00300089	0.002887	0.0114231	0.0401754	0.296611	0.000568941	0.00201659
47	0.0172157	0.0072954	0.00229074	0.00581305	0.0222733	0.00235645	0.00122073	0.247703	0.00385101	0.379337	0.097468	0.00247666	0.00405691	0.00734968	0.00502649	0.015562	0.0261058	0.143897	0.000986089	0.00771547
48	0.287482	0.0292894	0.0171454	0.0321609	0.00603387	0.0642485	0.00950644	0.0247706	0.0284896	0.0446129	0.0145697	0.04493	0.0245029	0.0375692	0.023454	0.197619	0.0704404	0.0339028	0.00190676	0.00736524
49	0.0640669	0.00875955	0.016289	0.0487521	0.00586356	0.0158716	0.0266522	0.0172683	0.188834	0.0340165	0.021054	0.0354107	0.0711838	0.082368	0.242464	0.0513832	0.0346297	0.02059	0.00247292	0.0120699
50	0.0254693	0.00632831	0.0022806	0.00869195	0.0470641	0.00273124	0.00200155	0.21332	0.00362667	0.369957	0.099315	0.00255789	0.00379226	0.0137373	0.00603653	0.0150819	0.0326016	0.130376	0.00322355	0.0118075
51	0.219905	0.0106318	0.0194439	0.0283027	0.00679481	0.170672	0.0140824	0.0171478	0.0319674	0.0275065	0.00920801	0.0278	0.183298	0.029043	0.0262643	0.104599	0.036233	0.0306119	0.00140974	0.00507938
52	0.0290673	0.0110717	0.0118284	0.0269816	0.0107822	0.0108832	0.0255824	0.0123298	0.303763	0.032315	0.0182379	0.0357248	0.0145793	0.0693993	0.294383	0.0376118	0.0264918	0.0150959	0.00243913	0.0114327
53	0.13278	0.00701565	0.019786	0.0629189	0.021106	0.0296173	0.0301059	0.0393952	0.0478138	0.0591791	0.0211838	0.0283316	0.208034	0.0508	0.044695	0.0684902	0.0449648	0.0451936	0.00427876	0.0343106
54	0.0753228	0.00577749	0.209714	0.205771	0.0050946	0.0360233	0.0213055	0.00941605	0.0561304	0.0161487	0.00626091	0.0844135	0.0100666	0.0825035	0.0423784	0.0668931	0.0491596	0.0128839	0.00150326	0.00323382
55	0.0314092	0.0109937	0.0135876	0.0307708	0.00753769	0.0118629	0.0276005	0.0131937	0.259048	0.0383457	0.0218336	0.0360393	0.0140216	0.0757468	0.306693	0.0368078	0.0305067	0.0176972	0.00288234	0.0134218
56	0.119985	0.0143685	0.0559197	0.0557199	0.0152652	0.189141	0.0250429	0.0261934	0.0364769	0.0377793	0.0161051	0.0949482	0.0153208	0.0465941	0.0336808	0.107068	0.0460055	0.0542702	0.00248609	0.00763002
57	0.0307428	0.0110962	0.0132009	0.0304509	0.00830515	0.0117499	0.026428	0.0132095	0.269368	0.0360705	0.022279	0.0356437	0.0150674	0.0756868	0.300249	0.0361069	0.0295499	0.0187308	0.00318203	0.0128823
58	0.0244406	0.00327096	0.00373491	0.00994386	0.0518136	0.00640982	0.00400513	0.0768061	0.0212235	0.479134	0.142832	0.00696876	0.00226238	0.0311435	0.0159397	0.0184672	0.0207002	0.0668586	0.00545857	0.00858697
59	0.0356993	0.0107253	0.0178452	0.036528	0.00855884	0.0134951	0.0273024	0.0143117	0.261203	0.0333991	0.0195784	0.0414437	0.0154871	0.0753053	0.277805	0.0442197	0.0338233	0.0178217	0.00269896	0.0127491
60	0.012879	0.00394763	0.00151003	0.00274122	0.0242581	0.0018259	0.00130118	0.399193	0.00682242	0.133179	0.0373295	0.00438777	0.00348775	0.00369427	0.00289011	0.011187	0.0383881	0.308106	0.000767241	0.0021042
61	0.0630125	0.00682173	0.0502296	0.109419	0.0215559	0.0346223	0.0878592	0.0197182	0.0769855	0.0485317	0.0166853	0.0520316	0.0117435	0.150682	0.0693597	0.070411	0.0464146	0.0255625	0.00483426	0.0335203
62	0.0197531	0.0185302	0.00987771	0.0182086	0.018849	0.0114122	0.0157185	0.0142147	0.424767	0.020185	0.0100931	0.0341683	0.0106436	0.0561078	0.241169	0.0325745	0.0209777	0.0119874	0.00200134	0.00876127
63	0.0141304	0.00840019	0.00112063	0.00324124	0.0197198	0.00108125	0.000689864	0.333243	0.00155167	0.282888	0.0600607	0.00210268	0.00260805	0.00327689	0.00186889	0.0121987	0.0244413	0.22254	0.000349486	0.00448745
64	0.132764	0.00594667	0.0568967	0.108961	0.00683928	0.0654477	0.0245992	0.0101987	0.0576098	0.0172788	0.00784373	0.112175	0.00734248	0.0722141	0.0405814	0.189542	0.0606939	0.0159557	0.00162928	0.00548034
65	0.0897948	0.0479163	0.0359497	0.0449868	0.0230487	0.0295577	0.0231664	0.0452541	0.0517265	0.0962481	0.0294001	0.139214	0.0120658	0.0459626	0.0507113	0.0940851	0.0579785	0.0535941	0.0052286	0.0241103
66	0.0335508	0.0107618	0.00390285	0.00890095	0.0277413	0.00444842	0.00403687	0.251774	0.0121581	0.270706	0.0696401	0.011747	0.00428524	0.014991	0.0107465	0.0205022	0.0359179	0.193956	0.00209304	0.00813958
67	0.0550853	0.00759628	0.158781	0.107311	0.00518037	0.0379109	0.0414122	0.0106508	0.0809536	0.0121382	0.00514708	0.182207	0.00488257	0.0549326	0.0466877	0.127193	0.0391674	0.0138418	0.0015424	0.00737959
68	0.0477237	0.0089229	0.0292749	0.0716893	0.00722002	0.0209558	0.0356716	0.0201107	0.187532	0.0420195	0.021674	0.0428249	0.0112892	0.108239	0.209371	0.0585287	0.0418404	0.020869	0.00281344	0.0114301
69	0.332107	0.049741	0.00944108	0.0178878	0.00580934	0.0411266	0.00823464	0.0349007	0.0191246	0.0412645	0.0135722	0.0237664	0.0588956	0.0300813	0.0183069	0.172112	0.0688385	0.0418932	0.00291204	0.00998409
70	0.0308825	0.00636482	0.00656412	0.0122642	0.0350339	0.0104979	0.00690707	0.113974	0.0200092	0.4462	0.104716	0.0101836	0.00489149	0.0242989	0.016851	0.0264698	0.0257916	0.0782183	0.00918197	0.0106996
71	0.0589848	0.00576442	0.304978	0.218672	0.00551793	0.0431329	0.0193692	0.00903969	0.0431637	0.0128157	0.00486912	0.0846275	0.00730805	0.0654199	0.029233	0.0434065	0.0296988	0.00950742	0.00208379	0.002408
72	0.0110034	0.005358	0.013418	0.00417602	0.352419	0.00596546	0.0173787	0.0175943	0.00576357	0.0680152	0.0099399	0.00239469	0.00754091	0.00751678	0.0103659	0.02523	0.0072097	0.0115286	0.00977912	0.407403
73	0.0219567	0.00907827	0.00161444	0.00465697	0.0235453	0.00196202	0.0014619	0.310758	0.00396939	0.278017	0.062755	0.00302293	0.00283597	0.00613449	0.00387238	0.0146953	0.0292844	0.213376	0.00136187	0.00564088
74	0.149485	0.0116026	0.035896	0.0746412	0.00246474	0.0418048	0.022497	0.0226169	0.0701645	0.036333	0.0203499	0.0708926	0.00870881	0.0792782	0.051417	0.165406	0.101686	0.026971	0.00147301	0.00631251
75	0.150735	0.00487917	0.0407115	0.0836164	0.00721726	0.0808416	0.0216688	0.00988892	0.0605511	0.0141809	0.00684876	0.104887	0.00467746	0.0578113	0.0382002	0.224216	0.0655212	0.0174462	0.00127907	0.00482155
76	0.0336404	0.0134472	0.0223142	0.0341521	0.09714	0.0183619	0.045935	0.022492	0.250317	0.0429923	0.0154005	0.0304217	0.012519	0.072189	0.107646	0.0669876	0.0245703	0.0229847	0.0149757	0.0515127
77	0.0949693	0.012972	0.0535655	0.0637904	0.0124992	0.144766	0.0305512	0.0183348	0.0796461	0.0324097	0.0170587	0.0687554	0.0150242	0.0688735	0.113246	0.0920626	0.0442925	0.0260176	0.00338557	0.00777866
78	0.130023	0.021257	0.0220365	0.0379611	0.0178943	0.0364656	0.0156509	0.09071	0.0385549	0.0842607	0.0334025	0.0436905	0.0182163	0.0430737	0.0347463	0.125655	0.0757352	0.114847	0.0036315	0.0121874
79	0.0336178	0.0111787	0.0159071	0.0340508	0.00683688	0.0120441	0.0329152	0.0125996	0.227353	0.0398441	0.0230599	0.0439615	0.0139363	0.0786684	0.307393	0.0377017	0.0316973	0.0190037	0.00304163	0.0151889
80	0.0314924	0.00628878	0.00369376	0.0124258	0.0779377	0.0046491	0.00457113	0.179311	0.00718522	0.344412	0.0893609	0.00487563	0.00365707	0.0215247	0.00842446	0.0155826	0.0330648	0.118257	0.00567291	0.0276134
81	0.103001	0.0107745	0.0244391	0.0891646	0.015744	0.0540854	0.0160928	0.11517	0.0526634	0.0551995	0.0263585	0.0249188	0.112921	0.0487845	0.0289086	0.0616529	0.0427696	0.101892	0.00466894	0.0107916
82	0.141379	0.00557883	0.0296136	0.0729805	0.0177341	0.131607	0.0226439	0.00537329	0.0275554	0.0110546	0.00386571	0.175377	0.00416557	0.0293849	0.0147939	0.252688	0.0299369	0.01552	0.00146553	0.00728114
83	0.034912	0.00910619	0.00370261	0.00797479	0.0214838	0.0042849	0.00395555	0.333057	0.0142649	0.161314	0.0563874	0.00829951	0.00581708	0.0124403	0.0103071	0.0232062	0.0482009	0.235153	0.00133372	0.00479967
84	0.199563	0.0154992	0.0442354	0.0507848	0.0111202	0.190899	0.0216929	0.0162454	0.0322212	0.0355468	0.0146344	0.0666876	0.0160711	0.0430828	0.0327284	0.126658	0.0424413	0.0310671	0.00285427	0.00596708
85	0.247158	0.0133512	0.0146585	0.0448435	0.00704066	0.0557673	0.010794	0.0518641	0.026832	0.0528158	0.0240002	0.0279007	0.13365	0.0336252	0.0228424	0.113987	0.055577	0.0557139	0.00110143	0.00647686
86	0.0577033	0.00593134	0.303864	0.205268	0.00533709	0.0378821	0.0200749	0.0108543	0.0452239	0.0140454	0.00631502	0.0923538	0.00625002	0.0538521	0.0289833	0.0535902	0.0344487	0.0108123	0.00225439	0.00495627
87	0.030794	0.00899596	0.00303881	0.00684444	0.0218243	0.00335421	0.00285553	0.341262	0.0100828	0.183385	0.050901	0.00594791	0.00540453	0.00904043	0.00628926	0.0202079	0.0388133	0.244684	0.00131397	0.00496093
88	0.0787318	0.0311143	0.00862097	0.0110925	0.0175064	0.0106705	0.004693	0.238537	0.0175239	0.154887	0.052088	0.0141381	0.00570952	0.017077	0.0145853	0.0462178	0.0533079	0.210605	0.00284604	0.0100473
89	0.0598517	0.00621564	0.298672	0.219858	0.00559954	0.0404608	0.0192537	0.0126773	0.0401469	0.018195	0.00706614	0.0734077	0.00729545	0.0565697	0.0251396	0.0546235	0.0337919	0.0135016	0.00270345	0.00497071
90	0.110674	0.0122274	0.0427628	0.0492908	0.0192485	0.127131	0.0258733	0.0381703	0.0390024	0.099306	0.0587039	0.0554579	0.012999	0.0587066	0.0484417	0.0924394	0.053058	0.0446304	0.00373181	0.00814411
91	0.0609257	0.0109401	0.224906	0.151376	0.00784735	0.0488169	0.0265124	0.0142127	0.0534752	0.0204266	0.00726333	0.133523	0.00702929	0.0558412	0.0359387	0.0750493	0.0375935	0.0171782	0.00302495	0.00811944
92	0.177549	0.00370138	0.0184953	0.0473316	0.0072587	0.019426	0.0164731	0.104298	0.00985085	0.104873	0.0422412	0.02612	0.149785	0.0277813	0.0196754	0.0506481	0.0473584	0.120447	0.00115317	0.00553455
93	0.0580893	0.00885589	0.0290559	0.0518357	0.00737159	0.0245989	0.0312924	0.0167169	0.191529	0.0324654	0.0180287	0.0532183	0.0156146	0.0814911	0.195054	0.0888618	0.0614463	0.0209125	0.00216431	0.0113972
94	0.0279177	0.00774341	0.00331117	0.010404	0.0310008	0.00413538	0.00352909	0.211128	0.0104201	0.355736	0.0978493	0.00651901	0.00441623	0.0163359	0.0107158	0.0191539	0.0372473	0.129892	0.00250319	0.0100416
95	0.0382267	0.0098075	0.00505379	0.0106986	0.0186037	0.00524156	0.00529042	0.31388	0.0173704	0.152793	0.0510249	0.0120575	0.00504537	0.0122306	0.0119644	0.0292075	0.0749979	0.217641	0.00163691	0.00722775
96	0.0292563	0.00649283	0.00976015	0.0187533	0.0314506	0.00914835	0.00687488	0.126151	0.0238251	0.413981	0.0972971	0.0116422	0.00538115	0.027851	0.0209844	0.0284534	0.0310831	0.0876369	0.00352062	0.010457
97	0.125087	0.0110117	0.074093	0.0734197	0.0157193	0.206232	0.0253041	0.018676	0.0380818	0.0410494	0.0168683	0.070856	0.0117202	0.052745	0.0389517	0.0981457	0.0428729	0.0260098	0.00257025	0.010586
98	0.0190325	0.00367011	0.00403891	0.00889659	0.0309867	0.00749637	0.00342893	0.0743265	0.0203594	0.53856	0.140124	0.00652009	0.00288934	0.0242617	0.0145149	0.0192102	0.0191663	0.0521388	0.00342288	0.00695542
99	0.0229395	0.00828037	0.00292796	0.00840743	0.028856	0.00374081	0.00303326	0.251569	0.00606318	0.337709	0.0819681	0.00432106	0.00392732	0.0107793	0.00673446	0.0161273	0.0308978	0.15992	0.00211324	0.00968497
100	0.0191973	0.00600941	0.0129946	0.0288078	0.0660305	0.00858975	0.00747265	0.0289323	0.021275	0.0221045	0.00718916	0.0119247	0.0279056	0.0235434	0.0102613	0.0307408	0.0115395	0.0122522	0.631416	0.0118131
101	0.0599294	0.0137546	0.00875231	0.0205229	0.028141	0.0123857	0.0100046	0.15351	0.0305489	0.200489	0.0995159	0.0186606	0.00798176	0.0316055	0.0274803	0.04232	0.0874067	0.131822	0.00454336	0.0106246
102	0.04266	0.0104517	0.0125773	0.0184914	0.0250727	0.00913355	0.00632871	0.271848	0.0174366	0.207111	0.0598411	0.0105855	0.00875348	0.019485	0.0165794	0.0271145	0.0386395	0.183579	0.00514554	0.00916551
103	0.0434832	0.0107582	0.0087247	0.0145488	0.0248834	0.00816736	0.00570025	0.281952	0.017512	0.193923	0.0538447	0.0126861	0.00976668	0.0162323	0.0127259	0.032969	0.0446611	0.193546	0.00516951	0.00874646
104	0.0269015	0.00565689	0.010355	0.0174552	0.0392774	0.00815291	0.00678707	0.120088	0.0225269	0.426461	0.101155	0.0101765	0.00461742	0.0252638	0.0207998	0.0242109	0.0278742	0.0818681	0.00413459	0.0162375
105	0.053752	0.0136205	0.0321382	0.0516792	0.0120113	0.0236936	0.0295975	0.0266077	0.173376	0.0528614	0.0272685	0.0453907	0.0176961	0.0769044	0.216716	0.0582352	0.0420832	0.0280831	0.00330582	0.0149808
106	0.0375999	0.010224	0.0189014	0.0239119	0.262556	0.0139371	0.0328405	0.0402295	0.0268528	0.10585	0.0263764	0.0159425	0.0104812	0.0260283	0.0271931	0.0380982	0.0237153	0.036075	0.0267054	0.196482
107	0.201252	0.0481513	0.0352642	0.0580021	0.0135546	0.0420842	0.0232141	0.0289854	0.0431441	0.0431981	0.0203616	0.0452512	0.0182603	0.0890087	0.0426905	0.127934	0.0641506	0.0395011	0.00377853	0.0122129
108	0.0348165	0.00939816	0.00790239	0.0115986	0.022764	0.00636751	0.00609729	0.299262	0.0157085	0.201702	0.0555929	0.0114	0.00744904	0.0160534	0.0163361	0.0278702	0.0397582	0.20006	0.00190792	0.00795502
109	0.157238	0.0129762	0.0261137	0.0594293	0.00964886	0.0471852	0.0223779	0.0339043	0.0584313	0.0654609	0.0378901	0.0514903	0.024521	0.0809552	0.0518323	0.13388	0.0738749	0.0418142	0.00294756	0.00802781
110	0.0529017	0.00568169	0.298188	0.232897	0.00690768	0.039958	0.0276698	0.0112025	0.0412496	0.0166846	0.00756469	0.0688348	0.00504396	0.0617676	0.0276067	0.0447079	0.0289524	0.0112186	0.00224657	0.00871645
111	0.0351941	0.00801085	0.0131301	0.0186648	0.0250343	0.00729126	0.00782158	0.285448	0.0187621	0.19749	0.0551687	0.0125367	0.010538	0.0167568	0.0157271	0.0282023	0.0390687	0.190586	0.00330139	0.0112676
112	0.0500905	0.00314393	0.197131	0.360849	0.00443268	0.0135292	0.012581	0.00839552	0.0511452	0.0290213	0.00487838	0.0334113	0.00874914	0.108043	0.0296575	0.0335258	0.0278998	0.020386	0.00082864	0.00230143
113	0.0436626	0.00816206	0.0185552	0.0126892	0.0212896	0.0121431	0.0410113	0.0767372	0.0420613	0.151977	0.0875429	0.041679	0.00324924	0.0264699	0.049949	0.153055	0.170251	0.026619	0.00140283	0.0114931
114	0.0584799	0.0144525	0.0263393	0.0276503	0.0335017	0.0331168	0.030374	0.0195393	0.0347023	0.0390926	0.0151117	0.0903151	0.0138149	0.0351829	0.0254749	0.306944	0.129327	0.0223915	0.00385683	0.0403319
115	0.257938	0.0265183	0.0209456	0.0413704	0.00703321	0.0591218	0.0113412	0.026799	0.0344605	0.0442439	0.0159738	0.0513098	0.021498	0.0435002	0.0270775	0.184665	0.077353	0.03798	0.00217007	0.0087014
116	0.0278652	0.0111942	0.0156607	0.027718	0.0112003	0.0119173	0.0237592	0.0142135	0.334415	0.0295784	0.0157558	0.036609	0.0144602	0.0678863	0.263215	0.0386961	0.0264885	0.0158267	0.00222185	0.0113178
117	0.0408132	0.00145767	0.268705	0.459598	0.00137752	0.00750141	0.00803455	0.00724394	0.025015	0.0196181	0.00202739	0.0148359	0.00247725	0.0771664	0.00662095	0.0254454	0.0145425	0.0155099	0.000641706	0.00136846
118	0.234746	0.015756	0.0393723	0.0455961	0.010774	0.154935	0.0182645	0.0179377	0.030318	0.0354104	0.0146303	0.0622366	0.0157689	0.0419556	0.0274569	0.142312	0.0501488	0.0313511	0.00276225	0.00826685
119	0.0343337	0.00703105	0.00706068	0.0173419	0.0361176	0.011266	0.00748821	0.115012	0.0250009	0.406542	0.100686	0.0116768	0.00534487	0.0311912	0.0230577	0.0277395	0.0300419	0.0823067	0.00374018	0.0170223
120	0.0352491	0.00742501	0.00781541	0.0162126	0.0387416	0.00990336	0.0109553	0.114298	0.0224109	0.41307	0.0997181	0.0114055	0.005328	0.0245337	0.0203175	0.0288402	0.0316272	0.0790562	0.00492294	0.0181696
121	0.0308807	0.0101167	0.00303673	0.00773059	0.0260208	0.00443178	0.00254486	0.246246	0.00846755	0.316361	0.0740579	0.00540359	0.00434962	0.0117919	0.00766937	0.0193296	0.0318449	0.179892	0.0019537	0.00787163
122	0.0253426	0.00624299	0.0144523	0.0313745	0.0630746	0.0113878	0.0102513	0.029115	0.0214468	0.0186981	0.00757977	0.0132189	0.0276361	0.0250538	0.0128818	0.0403716	0.014643	0.0129082	0.599335	0.0149856
123	0.161457	0.0849164	0.0249941	0.033749	0.0177287	0.0432297	0.0225223	0.0375696	0.0406004	0.0500385	0.0201619	0.0453522	0.0124321	0.0430158	0.0453071	0.185333	0.0646789	0.0458427	0.00416157	0.0169095
124	0.0588841	0.0258855	0.0328717	0.0601284	0.0148862	0.0219665	0.029006	0.0263304	0.171189	0.0481816	0.0267031	0.0447277	0.0162156	0.0950098	0.16198	0.0719056	0.044361	0.0291682	0.00497515	0.0156245
125	0.0377765	0.0108848	0.016782	0.0387767	0.00855403	0.0174538	0.0304092	0.0171967	0.2036	0.0620269	0.0329669	0.0374174	0.0123964	0.080178	0.278385	0.0416517	0.0338776	0.0223505	0.00341052	0.0139054
126	0.0771086	0.00952279	0.0290419	0.0694532	0.00930608	0.0264442	0.0303425	0.03111	0.138595	0.0605674	0.0394066	0.0426141	0.0163887	0.105215	0.137361	0.0738171	0.0549093	0.035842	0.00385166	0.00910378
127	0.113581	0.00940299	0.0350866	0.0457449	0.00653884	0.0424823	0.0191719	0.0277757	0.0510035	0.0437297	0.0182581	0.0638844	0.0206055	0.0509381	0.0440237	0.197035	0.162857	0.0326013	0.00633327	0.0089461
128	0.137353	0.00834978	0.0465696	0.0821422	0.00380625	0.0527588	0.0351118	0.0152137	0.0774211	0.0223267	0.0134218	0.076673	0.00675027	0.102686	0.0655697	0.146574	0.0775085	0.0209104	0.00201218	0.00684098
129	0.113973	0.00847229	0.0252207	0.0513002	0.0116504	0.0766778	0.0244568	0.0231078	0.0658296	0.0299276	0.0144474	0.037225	0.200254	0.0547969	0.0799362	0.0863655	0.05296	0.0289014	0.00217222	0.0123254
130	0.0334671	0.0111127	0.0220058	0.0354962	0.124183	0.0116758	0.0754369	0.017864	0.0959823	0.0538379	0.0155319	0.0313434	0.0140712	0.0550948	0.133959	0.0399088	0.0252343	0.0203699	0.0105142	0.172911
131	0.0323621	0.0110861	0.0137747	0.0312389	0.00763309	0.0118642	0.02801	0.0128139	0.252675	0.0374175	0.0216745	0.038542	0.0153113	0.0745279	0.308185	0.0378819	0.030775	0.0178679	0.00280945	0.0135501
132	0.0945093	0.0102086	0.0566624	0.0559431	0.0193206	0.141461	0.0285093	0.0217143	0.0436006	0.0918513	0.0282638	0.103307	0.0109564	0.0549006	0.042545	0.10131	0.0522987	0.0291383	0.00393986	0.00956015
133	0.0797069	0.0163586	0.0146994	0.0247021	0.0273849	0.0155821	0.0113692	0.182176	0.0298208	0.128032	0.0478562	0.0228565	0.0106193	0.0316615	0.023892	0.060195	0.0778635	0.178399	0.00370826	0.0131171
134	0.0284445	0.0187245	0.103607	0.0571127	0.00574469	0.0225245	0.0548006	0.0105643	0.120671	0.0127516	0.0049185	0.246439	0.00480793	0.052812	0.086632	0.114006	0.0282554	0.0157226	0.00148447	0.00997708
135	0.0118292	0.00328635	0.00197105	0.00254598	0.0202804	0.00225962	0.00120284	0.418329	0.00725551	0.108583	0.0327121	0.00451759	0.00425368	0.00298824	0.00269516	0.0109265	0.0422547	0.32028	0.000521029	0.0013086
136	0.0750858	0.00455658	0.0663234	0.15273	0.00430623	0.0340984	0.0411631	0.0191029	0.0802087	0.045729	0.015193	0.0553112	0.00830788	0.158098	0.0598959	0.0873915	0.0659616	0.0194538	0.000977692	0.00610469
137	0.0564655	0.00855851	0.276531	0.17596	0.00561781	0.03939	0.0226618	0.0108425	0.0460538	0.0165758	0.00636449	0.115823	0.00748561	0.0535415	0.0317645	0.0636438	0.0438701	0.0118632	0.00290424	0.00408269
138	0.0337455	0.0103568	0.0173076	0.019769	0.271807	0.0104593	0.0340373	0.0441866	0.0220458	0.106391	0.0265822	0.0117627	0.00954758	0.0236994	0.0253348	0.0357104	0.0213906	0.0385926	0.0174487	0.219825
139	0.0590684	0.00579695	0.0354912	0.0388598	0.00867269	0.0294349	0.0422976	0.0226143	0.0609258	0.0376955	0.0147267	0.0618383	0.0170645	0.0485853	0.0442314	0.221555	0.211879	0.0213289	0.0015997	0.0163343
140	0.0444063	0.00536782	0.0125549	0.00946984	0.00986803	0.029042	0.0207086	0.0894953	0.0230114	0.157682	0.0923122	0.0649298	0.00372057	0.0143041	0.0290749	0.064824	0.285259	0.0292739	0.00188025	0.0128149
141	0.0140193	0.00501112	0.00926886	0.027623	0.0636743	0.00644414	0.00563031	0.0276844	0.0186848	0.013761	0.00503725	0.00809031	0.0297553	0.0214603	0.0071187	0.0278343	0.00977944	0.00888383	0.685092	0.0051468
142	0.0420665	0.0103647	0.0198051	0.042051	0.008364	0.0172493	0.0266705	0.0142332	0.262989	0.0310918	0.0176821	0.0413522	0.0134837	0.0830153	0.244781	0.0573402	0.0373472	0.0170411	0.00241186	0.0106603
143	0.0584507	0.0082085	0.260781	0.151224	0.00704009	0.0484463	0.0291015	0.0120806	0.0500073	0.017148	0.00628623	0.133813	0.00562758	0.0468317	0.0322823	0.0766465	0.0327329	0.0140293	0.0025964	0.00666618
144	0.123758	0.0125161	0.0630805	0.0599806	0.0144733	0.195771	0.0252911	0.0194294	0.0457128	0.0421881	0.0186636	0.0705737	0.0190546	0.0542954	0.0495089	0.102252	0.0445524	0.0283682	0.00274673	0.00778435
145	0.0214815	0.00421047	0.00384354	0.00876675	0.0307109	0.007801	0.00372985	0.089503	0.01907	0.515572	0.127109	0.00775169	0.00280207	0.024164	0.014329	0.0216533	0.0224813	0.0652231	0.00330058	0.00649659
146	0.32498	0.0147697	0.0281791	0.0204132	0.00857353	0.300074	0.00530152	0.0106147	0.0205563	0.0267551	0.00719586	0.0283278	0.00996941	0.0131314	0.0104759	0.11075	0.0202325	0.0339958	0.00187845	0.00382521
147	0.0273053	0.00494173	0.00667523	0.0108806	0.165053	0.00725091	0.00865542	0.0607824	0.0182689	0.363903	0.101308	0.00707602	0.00354261	0.0281907	0.0162366	0.022705	0.0207361	0.0546556	0.00944616	0.0623866
148	0.0732442	0.0531043	0.0527726	0.0410044	0.0127777	0.0438728	0.0337045	0.0143533	0.0612126	0.0301219	0.00900754	0.265993	0.00733206	0.0410796	0.0471217	0.143805	0.0356552	0.0184022	0.00352098	0.0119152
149	0.229749	0.0210272	0.0384663	0.0546942	0.0152877	0.0544258	0.020292	0.0355979	0.0376257	0.0565546	0.0211938	0.0467752	0.0281975	0.0490889	0.0331071	0.131141	0.0640711	0.0425959	0.00367377	0.0164352
150	0.0239529	0.0072294	0.00314529	0.00824044	0.0278856	0.00397354	0.00331626	0.219785	0.00768256	0.370949	0.0952423	0.00512457	0.00470702	0.0122034	0.00857126	0.0191186	0.0347903	0.132869	0.00195339	0.00925965
151	0.0165456	0.00802364	0.00137696	0.0041469	0.0243384	0.00147774	0.00108174	0.318306	0.00215807	0.290377	0.06366	0.00260676	0.0028489	0.00502389	0.00284682	0.0127604	0.0258193	0.209939	0.000932433	0.00573018
152	0.0805393	0.0098505	0.0259581	0.0515819	0.0394049	0.0238873	0.11361	0.0204609	0.0654834	0.0350909	0.0120474	0.0394521	0.138216	0.0575884	0.0607708	0.0693224	0.0412626	0.0304213	0.00770857	0.0773431
153	0.0536628	0.0118095	0.0173602	0.0384721	0.00767925	0.0165791	0.0268983	0.015119	0.224813	0.0384832	0.0210179	0.0388354	0.0183927	0.0742917	0.277471	0.0477268	0.0337638	0.0213709	0.00303808	0.0132148
154	0.0284935	0.00884836	0.0213974	0.0400866	0.0773769	0.010973	0.187328	0.00734591	0.0759269	0.0311256	0.00734177	0.0617761	0.0147424	0.0727885	0.0987927	0.0451869	0.0210355	0.0169314	0.0131009	0.159402
155	0.139991	0.0460092	0.0256996	0.0459764	0.0157173	0.0396909	0.022607	0.0279178	0.104519	0.046257	0.0220014	0.0408818	0.015578	0.0592932	0.150237	0.0900045	0.0488051	0.0368415	0.00418644	0.0177845
156	0.128432	0.00740889	0.0213288	0.044777	0.00518585	0.0351157	0.0225119	0.0280264	0.0536947	0.0322647	0.0134199	0.0361238	0.235159	0.0497243	0.0496712	0.112031	0.0845576	0.0323068	0.000897084	0.0073627
157	0.0446778	0.00330704	0.361639	0.31095	0.00208875	0.0259157	0.0160823	0.00990541	0.029699	0.0115141	0.00475711	0.0523629	0.00174369	0.04759	0.0127161	0.0343746	0.0175443	0.00982095	0.0015566	0.00175486
158	0.0280313	0.00471725	0.00668464	0.0138055	0.0358905	0.00895996	0.00645849	0.102681	0.0209631	0.461309	0.107637	0.0100217	0.00562745	0.0264475	0.0179818	0.0262518	0.0269311	0.0732391	0.00395907	0.0124029
159	0.0130575	0.0077966	0.00118292	0.0033687	0.0205225	0.00117857	0.000697814	0.31937	0.00135557	0.306933	0.0666975	0.00210133	0.00262099	0.00403184	0.00211638	0.0123903	0.022897	0.206372	0.000463861	0.00484586
160	0.0551155	0.00547604	0.31663	0.205851	0.00422855	0.0437037	0.0208087	0.0103208	0.0424138	0.0130882	0.00564623	0.0899093	0.00613277	0.0584322	0.0276489	0.0487006	0.0303671	0.0103691	0.0023561	0.00280165
161	0.011337	0.00525632	0.0134449	0.00414912	0.347353	0.00614656	0.0177148	0.0174253	0.00598229	0.0684561	0.00976751	0.00245125	0.00756357	0.0075562	0.0106614	0.0253581	0.00705111	0.0113222	0.00982551	0.411178
162	0.124065	0.0040831	0.124255	0.0506617	0.00641976	0.101559	0.0805462	0.00722791	0.0172506	0.00941225	0.00482044	0.161679	0.010233	0.0454771	0.0134364	0.1912	0.0215872	0.00850056	0.00315735	0.0144287
163	0.1064	0.00545438	0.0506238	0.0849697	0.00264032	0.0448243	0.0392079	0.015549	0.0985914	0.0171179	0.011893	0.0768237	0.00500487	0.104892	0.0754235	0.149239	0.0838672	0.0188538	0.0013585	0.00726567
164	0.0321877	0.00654664	0.00641101	0.0139357	0.0346613	0.0114541	0.00667813	0.107239	0.0230822	0.439769	0.108559	0.0122391	0.0052689	0.0260334	0.020456	0.0274752	0.0275105	0.0761959	0.00368178	0.0106158
165	0.0160908	0.00797005	0.0790867	0.0300517	0.00278114	0.0207446	0.0817633	0.0117336	0.156814	0.00545769	0.00271	0.233474	0.00278502	0.0542788	0.0964526	0.138461	0.0284575	0.0183981	0.000769812	0.0117196
166	0.119473	0.00542736	0.0135032	0.0563415	0.0065394	0.0289055	0.0217409	0.0235302	0.0928618	0.0233695	0.0104113	0.0224863	0.292817	0.0596041	0.066759	0.069463	0.0428189	0.0341549	0.00166191	0.0081312
167	0.0939579	0.00514317	0.0534485	0.104616	0.00516435	0.0624244	0.0407458	0.0154328	0.08675	0.0248452	0.0117549	0.059764	0.00558655	0.126504	0.0615408	0.104859	0.0850984	0.0174111	0.0017498	0.0332032
168	0.0788725	0.0146657	0.0868414	0.0827445	0.0137534	0.0494001	0.0344938	0.0236682	0.0699714	0.035187	0.0148151	0.145568	0.0127254	0.059072	0.0592283	0.110217	0.0562138	0.0313738	0.0048322	0.0163562
169	0.0189546	0.00557098	0.00286951	0.00742795	0.0247919	0.00379509	0.00196379	0.16358	0.00845957	0.473506	0.112516	0.00341586	0.00405442	0.0129617	0.00813536	0.016673	0.0256794	0.0954843	0.00170049	0.00846
170	0.0793284	0.00613737	0.0826849	0.161653	0.00556441	0.03473	0.0325714	0.013181	0.0744266	0.027544	0.0106808	0.0892333	0.0106206	0.128307	0.0581074	0.0933394	0.0668295	0.017537	0.00145863	0.00606572
171	0.0293098	0.00781463	0.0164281	0.015168	0.034639	0.0152614	0.0649024	0.0363226	0.0437029	0.153748	0.0309822	0.100923	0.00491122	0.018482	0.0193587	0.0849264	0.223442	0.0180784	0.00281491	0.0787847
172	0.249499	0.0246534	0.0333763	0.0504771	0.0139999	0.0569531	0.0158437	0.0360804	0.0358441	0.0467658	0.0205616	0.0421514	0.0326936	0.0476368	0.0336983	0.135949	0.0630042	0.0469472	0.00280783	0.0110584
173	0.0329831	0.00555219	0.00552471	0.0140506	0.145373	0.00772401	0.00857717	0.0868845	0.0160971	0.332739	0.102159	0.00820406	0.00372982	0.0312594	0.016188	0.0205877	0.0277363	0.0767251	0.0092404	0.0486637
174	0.0500072	0.00490147	0.400774	0.209634	0.0027382	0.0407955	0.0178965	0.0117047	0.0342081	0.00785983	0.00652105	0.0829179	0.00126349	0.0340406	0.0170805	0.0433107	0.0225336	0.00715659	0.00237409	0.00228265
175	0.0128359	0.00418941	0.00139421	0.00196115	0.0195831	0.00147653	0.00101669	0.391672	0.00538162	0.144966	0.0370459	0.00400792	0.00297439	0.00280653	0.00211078	0.0106105	0.0399861	0.31404	0.000466421	0.00147508
176	0.256491	0.0253591	0.0276517	0.0417294	0.0143374	0.0638291	0.0148108	0.041942	0.0295681	0.0555187	0.0211719	0.0390941	0.0295423	0.0411161	0.0290432	0.1363	0.0624579	0.0501381	0.00649135	0.0134076
177	0.0653673	0.00523633	0.254294	0.282557	0.00513912	0.0283094	0.0154695	0.00874653	0.0410523	0.0174939	0.00459593	0.0676249	0.00916432	0.071601	0.0286627	0.0452025	0.0315498	0.0131657	0.00199961	0.0027675
178	0.0364371	0.0105601	0.0179799	0.0403158	0.00673883	0.0131806	0.0302437	0.0127529	0.227862	0.0390438	0.0224068	0.0412373	0.0131836	0.0830539	0.296487	0.0401569	0.0323737	0.0189772	0.00291209	0.0140972
179	0.0251532	0.0119603	0.0194911	0.0468624	0.095084	0.00343814	0.274203	0.003477	0.0552641	0.0228289	0.00274678	0.0295352	0.0168956	0.0549037	0.0334094	0.0239174	0.0131779	0.0174913	0.0125963	0.237564
180	0.0299159	0.00548267	0.00840709	0.0175052	0.0347942	0.00963469	0.00658762	0.116385	0.0266128	0.421058	0.0991742	0.01185	0.00495843	0.0279033	0.0217911	0.0265007	0.0305508	0.0843879	0.00470751	0.0117924
181	0.0550633	0.00533091	0.299415	0.177214	0.00626109	0.110396	0.0229364	0.0116728	0.037624	0.014944	0.0065896	0.0897013	0.0039804	0.0466585	0.0227387	0.0461577	0.0258303	0.0115546	0.0022676	0.00366439
182	0.0240591	0.008644	0.00383221	0.00860447	0.0275557	0.00438962	0.00413707	0.280701	0.00841886	0.284486	0.0738188	0.00647453	0.00435541	0.0115618	0.00824701	0.0190821	0.0330984	0.176166	0.00181197	0.0105553
183	0.131222	0.00584448	0.014909	0.0400554	0.00452291	0.0346657	0.0249451	0.0212959	0.0580818	0.0215267	0.00740409	0.0272943	0.328253	0.0500755	0.0462103	0.091828	0.0591862	0.0258809	0.000524281	0.00627461
184	0.0111487	0.0112424	0.00447496	0.00813962	0.0147801	0.00796973	0.00803152	0.013551	0.512148	0.0119213	0.00669416	0.0172095	0.0112938	0.057388	0.250407	0.0256098	0.0154539	0.00760182	0.00139265	0.00354198
185	0.0196233	0.00662418	0.0030397	0.00815834	0.0231229	0.00364403	0.00193274	0.190963	0.00627503	0.437682	0.108343	0.0038901	0.00421422	0.0109465	0.00731207	0.01709	0.0274946	0.109019	0.00180371	0.00882155
186	0.027929	0.00390756	0.00394369	0.0115531	0.0588382	0.00748725	0.00479866	0.0758715	0.0222088	0.466073	0.132472	0.00810228	0.00231979	0.0325126	0.0161155	0.0192186	0.0227008	0.0659652	0.00657881	0.0114039
187	0.0621025	0.00706954	0.278004	0.218331	0.00848576	0.0405916	0.0227112	0.013904	0.0405573	0.0194529	0.00773606	0.0701836	0.00821166	0.0589975	0.028249	0.0532492	0.0316652	0.0155122	0.00759331	0.00739338
188	0.172013	0.00537346	0.0126707	0.0409743	0.00544567	0.0333548	0.0207862	0.0289907	0.04614	0.0258817	0.0124769	0.0218168	0.325343	0.0459399	0.0410293	0.0738822	0.0455351	0.0345344	0.000950362	0.00686179
189	0.0483804	0.0037815	0.285197	0.346755	0.00294164	0.021838	0.0126517	0.0084195	0.0323543	0.0161716	0.00367714	0.0502981	0.00489173	0.0697651	0.017855	0.0339467	0.0246429	0.0132413	0.00144528	0.00174579
190	0.0531487	0.0048216	0.308534	0.277405	0.00524193	0.0311501	0.0165604	0.010866	0.0373822	0.01678	0.00584412	0.0603274	0.00446015	0.0610534	0.0208866	0.04238	0.0253622	0.0120237	0.00222268	0.0035506
191	0.0118751	0.00693551	0.000957239	0.00240834	0.019578	0.00101754	0.00064046	0.352285	0.00175846	0.255128	0.0549029	0.00228574	0.00237097	0.00286242	0.00146744	0.0110276	0.0252604	0.243515	0.000347534	0.00337647
192	0.15505	0.0310415	0.0209842	0.016947	0.0135183	0.0125795	0.0125825	0.160239	0.016961	0.0847081	0.048152	0.0297648	0.0277102	0.0219216	0.0173127	0.069909	0.0601488	0.179743	0.00392987	0.0167972
193	0.132656	0.00527693	0.0276694	0.067013	0.0139301	0.115602	0.0202838	0.00350321	0.0264174	0.00798716	0.00224132	0.232226	0.00420876	0.0222689	0.00742885	0.265732	0.0264394	0.0101809	0.00101422	0.00792109
194	0.203207	0.0239302	0.0118878	0.0264108	0.00483196	0.0385046	0.00335155	0.0360067	0.0293621	0.0679198	0.0330855	0.0515436	0.0149584	0.0348117	0.0249775	0.2096	0.116005	0.0626426	0.00118423	0.00577889
195	0.20782	0.00792929	0.016934	0.0477885	0.00741973	0.0383532	0.00727383	0.0574168	0.0204955	0.0899692	0.0431351	0.0410481	0.113954	0.0306655	0.0138311	0.107903	0.0642976	0.0788494	0.000549993	0.00436692
196	0.0343111	0.0110694	0.0153382	0.0346068	0.00673475	0.0121545	0.0310147	0.0129588	0.226506	0.041181	0.0236057	0.0403469	0.0137809	0.0796327	0.310362	0.0371921	0.0319251	0.0191076	0.00324008	0.0149317
