215	20
1	0.111399	0.00377192	0.0647558	0.149081	0.00326281	0.028943	0.0129718	0.0555603	0.104563	0.0517362	0.0168791	0.0317272	0.00827705	0.0594968	0.0244517	0.0193108	0.0829647	0.16033	0.000699756	0.00981799
2	0.0563512	0.019121	0.00185157	0.0147443	0.0210678	0.0169465	0.0179471	0.105023	0.0606682	0.204824	0.120968	0.0186741	0.00943234	0.0375348	0.0681781	0.0590021	0.0523532	0.077886	0.00957092	0.0278565
3	0.024118	0.00411767	0.0270898	0.111774	0.00166025	0.0227854	0.0166008	0.0329923	0.325353	0.0356633	0.0132662	0.057591	0.0109227	0.077069	0.134218	0.0275621	0.0420863	0.0221991	0.000415516	0.0125146
4	0.0335648	0.0163973	0.103625	0.213934	0.0159774	0.0936009	0.0473068	0.00724191	0.0795467	0.0250637	0.00539719	0.102321	0.018995	0.0605108	0.0528153	0.0534922	0.0172153	0.0215164	0.00742944	0.0240491
5	0.029664	0.00569285	0.0378968	0.15869	0.00187895	0.0292672	0.0205235	0.0339406	0.202308	0.0315854	0.00797663	0.0572666	0.0152991	0.0980538	0.150824	0.0346536	0.0438136	0.024321	0.00019264	0.0161518
6	0.0484728	0.00800956	0.00175577	0.00102176	0.0625428	0.00707111	0.00164584	0.221071	0.00122014	0.252799	0.0595349	0.00461584	0.00500966	0.00452868	0.00498589	0.0189327	0.0324507	0.252254	0.00128438	0.0107929
7	0.0103661	0.00142637	0.00276716	0.0262827	0.00153543	0.00743821	0.0104675	0.0400229	0.478642	0.0462808	0.0518086	0.0475844	0.00135314	0.0653516	0.108986	0.0151825	0.0610472	0.0144219	0.00467723	0.00435803
8	0.0303092	0.00614685	0.00163665	0.000978192	0.0564345	0.00586225	0.00195826	0.217982	0.00317395	0.293669	0.0864625	0.00485083	0.00356335	0.0045117	0.00590992	0.0194394	0.0335987	0.209335	0.00294166	0.0112357
9	0.00863146	0.0250903	0.159994	0.13224	0.0317061	0.0242205	0.110091	0.00505345	0.0690099	0.0364869	0.00430545	0.124778	0.0224337	0.0679596	0.0501533	0.0257345	0.0145402	0.0256744	0.00837169	0.053526
10	0.0012339	0.00667004	0.000444414	0.000689509	0.0588244	0.000755634	0.00341852	0.0762203	0.000978465	0.687613	0.0667299	0.00279077	0.000471995	0.00312945	0.000770547	0.0110808	0.0170708	0.0525134	0.00465132	0.00394243
11	0.0147142	0.00097677	0.00327138	0.00339711	0.0335584	0.00128234	0.00132783	0.452536	0.00102121	0.0802947	0.045076	0.0035942	0.000708618	0.00102561	0.00116914	0.00504385	0.0380464	0.301171	0.000474362	0.0113109
12	0.0173416	0.0128475	0.116462	0.0619295	0.0175263	0.0145271	0.145472	0.0529269	0.0206584	0.108216	0.0676107	0.128106	0.0100075	0.0489122	0.0207415	0.0207066	0.0202233	0.0258707	0.00431558	0.0855988
13	0.187812	0.00863608	0.030046	0.0128949	0.00977857	0.0262006	0.0117543	0.0807515	0.019561	0.0293439	0.030679	0.0464561	0.00811431	0.00685445	0.018336	0.140746	0.178579	0.148311	0.000487068	0.00465786
14	0.0253025	0.00425302	0.00211734	0.00159181	0.0538684	0.00465236	0.00149102	0.315324	0.00153722	0.201216	0.0659686	0.00390142	0.00244074	0.00267097	0.0037212	0.0129473	0.0325601	0.253119	0.000926324	0.0103914
15	0.0448243	0.0242076	0.0455983	0.225422	0.00782516	0.0207059	0.0123565	0.0626551	0.0969601	0.080615	0.0296543	0.0256875	0.00783315	0.0921324	0.0356403	0.0209734	0.0549595	0.0842932	0.00171466	0.0259422
16	0.0566703	0.0888523	0.00830968	0.0116336	0.0068859	0.0472757	0.00821331	0.0210812	0.0724148	0.0738348	0.0189388	0.0805276	0.00507545	0.0776808	0.163727	0.132937	0.088793	0.021154	0.00777549	0.00821878
17	0.0012339	0.00667004	0.000444414	0.000689509	0.0588244	0.000755634	0.00341852	0.0762203	0.000978465	0.687613	0.0667299	0.00279077	0.000471995	0.00312945	0.000770547	0.0110808	0.0170708	0.0525134	0.00465132	0.00394243
18	0.281714	0.0767167	0.0169176	0.0159203	0.0310682	0.186815	0.00189775	0.01475	0.0116793	0.0374106	0.0102938	0.023902	0.00147189	0.00419272	0.00743611	0.169711	0.0472742	0.0404671	0.00368446	0.0166778
19	0.0357149	0.00700515	0.00184369	0.000545922	0.0679456	0.00732486	0.00168233	0.230731	0.000655427	0.282498	0.0599494	0.00438043	0.00339353	0.00457312	0.00543538	0.0189712	0.028917	0.22514	0.00121881	0.0120744
20	0.307151	0.0606877	0.0175259	0.0171654	0.0337506	0.153237	0.0010316	0.0118048	0.0112736	0.0348096	0.00811023	0.017724	0.000836045	0.00216898	0.00528346	0.206531	0.0476658	0.0404128	0.00342122	0.0194091
21	0.00167805	0.0436498	0.000602811	0.000869225	0.0936103	0.00871427	0.115419	0.00444873	0.0011453	0.0180256	0.00382775	0.0228933	0.00333821	0.00361166	0.00612588	0.0138504	0.00165691	0.00449589	0.0111118	0.640925
22	0.00373398	0.00725542	0.0021896	0.0139313	0.0755643	0.00286958	0.518894	0.00994607	0.0187653	0.0228938	0.00304523	0.053536	0.00137389	0.0569525	0.0313492	0.0208484	0.0173846	0.00444958	0.000552706	0.134464
23	0.00721154	0.00860124	0.00110537	0.00155244	0.608161	0.00216005	0.0111958	0.0318115	0.00263797	0.141454	0.00818703	0.00387488	0.00870556	0.001256	0.00632666	0.0148465	0.00954255	0.0214632	0.00201486	0.107893
24	0.0101238	0.00286019	0.147449	0.529978	0.000670836	0.0207225	0.0134557	0.00758886	0.0900886	0.00153037	0.00425038	0.0324148	0.000814447	0.0703741	0.0234336	0.0236376	0.00846178	0.0072352	0.000248161	0.0046615
25	0.0482808	0.0032094	0.187149	0.194553	0.0013573	0.0271538	0.0277525	0.011442	0.124893	0.00296255	0.0193193	0.132695	0.00366249	0.0443243	0.0263875	0.0728735	0.0441338	0.017766	0.000443169	0.00964161
26	0.0102869	0.00291863	0.149961	0.525245	0.00067249	0.0215421	0.0137868	0.0075961	0.0893378	0.00163591	0.0042147	0.0329423	0.00100798	0.0699915	0.0236484	0.0244338	0.00851881	0.00723518	0.000246654	0.00477811
27	0.0209434	0.00292997	0.00205908	0.00195893	0.0465413	0.00481529	0.00360549	0.330842	0.00728556	0.183853	0.127982	0.00738733	0.00318566	0.00684023	0.00843316	0.0146093	0.0485978	0.169809	0.000915702	0.0074059
28	0.048063	0.00326654	0.186732	0.195279	0.00141856	0.0281731	0.0275421	0.0112601	0.124054	0.00314119	0.0190189	0.131705	0.00389238	0.0446023	0.0267399	0.0731811	0.0437954	0.0180119	0.000465386	0.00965753
29	0.126118	0.0176553	0.000774258	0.00508098	0.0271399	0.00815621	0.000678833	0.185742	0.00555365	0.0691906	0.0551516	0.00513107	0.0195498	0.00131387	0.00096377	0.0242593	0.0454139	0.394718	0.00226378	0.00514501
30	0.459471	0.00276652	0.00273545	0.0075996	0.00738509	0.0514017	0.00166611	0.0192654	0.00245761	0.0150603	0.00845056	0.00305185	0.00471528	0.0111701	0.00969606	0.278466	0.0752626	0.0357386	0.000760754	0.00287908
31	0.063097	0.0136686	0.00190713	0.0111359	0.015022	0.0123467	0.0171423	0.0922216	0.0286146	0.26862	0.110368	0.0207509	0.00574902	0.0404227	0.0386216	0.0511892	0.0773536	0.109388	0.00523984	0.0171409
32	0.0669692	0.0228437	0.0016762	0.0178543	0.021088	0.0207494	0.0215053	0.103865	0.0623735	0.16795	0.107633	0.021285	0.0110518	0.0421996	0.0759038	0.0609965	0.0514956	0.0852935	0.0123121	0.0249545
33	0.00638168	0.00440412	0.000938114	0.00143207	0.635635	0.00195338	0.00704405	0.0328111	0.00203097	0.151586	0.00755406	0.00246228	0.00522602	0.00131927	0.00439254	0.0125159	0.00965876	0.0194524	0.00115259	0.0920501
34	0.0134374	0.0520053	0.0105735	0.0242415	0.00739498	0.0244994	0.021506	0.0128272	0.116735	0.0410865	0.00874118	0.0200024	0.00945698	0.108868	0.416506	0.0216	0.0117453	0.0117175	0.041424	0.0256316
35	0.0388399	0.00605432	0.00228043	0.00192327	0.0534533	0.00563463	0.00180273	0.285709	0.00142687	0.204954	0.0552544	0.00480151	0.00414927	0.00415165	0.00469048	0.01508	0.0320713	0.26533	0.00107198	0.0113218
36	0.00255907	0.00729141	0.000572991	0.000837864	0.106587	0.00120201	0.00419726	0.0751205	0.00151759	0.631204	0.0619635	0.00335016	0.00130051	0.0033201	0.00114326	0.0125798	0.0172479	0.0529325	0.00422649	0.0108468
37	0.0112392	0.034324	0.00355527	0.0148886	0.00272848	0.0250856	0.0135723	0.0149149	0.140303	0.0300782	0.00915041	0.0155229	0.00845368	0.0876993	0.523525	0.0157741	0.0133127	0.00975988	0.017302	0.00880985
38	0.0302122	0.00553028	0.0384103	0.147118	0.00208449	0.0304015	0.0205898	0.0339174	0.203347	0.0332722	0.0076853	0.0582202	0.0162827	0.0980089	0.152551	0.0356609	0.0448403	0.025377	0.000273429	0.0162177
39	0.0166779	0.039112	0.0914195	0.0652037	0.0376362	0.0297684	0.15343	0.00795674	0.0767515	0.0165536	0.00423846	0.157263	0.0163385	0.0560767	0.0595154	0.0403217	0.0118032	0.0177899	0.0120811	0.0900625
40	0.0360969	0.0288182	0.00528	0.016069	0.00541234	0.149041	0.023919	0.0146568	0.0754216	0.0264876	0.00770477	0.0275815	0.0106253	0.0896054	0.40968	0.0220097	0.0130703	0.0133973	0.0150078	0.0101158
41	0.00165277	0.0429698	0.000608194	0.000856117	0.0951129	0.00864697	0.115622	0.00428855	0.00108994	0.018209	0.0037308	0.0223393	0.00327473	0.00366448	0.00622316	0.0134867	0.00162805	0.00452459	0.0111397	0.640932
42	0.0166096	0.0473717	0.0889665	0.0457007	0.0319148	0.0332375	0.125989	0.0106267	0.0901011	0.0105531	0.00518975	0.180855	0.0202643	0.0399782	0.0655683	0.0504646	0.0145444	0.0158624	0.0102401	0.0959623
43	0.122388	0.0195042	0.00149665	0.00514839	0.0267298	0.00850645	0.000955164	0.185624	0.00496276	0.0668569	0.0539255	0.00592443	0.0189008	0.0013317	0.000973814	0.0259647	0.0379806	0.404333	0.00223659	0.0062564
44	0.00514262	0.00151859	0.000823714	0.00108565	0.657046	0.00133727	0.00462735	0.0253391	0.00116225	0.166484	0.00504429	0.00138381	0.00308273	0.000994359	0.00350849	0.00851094	0.00880052	0.0154387	0.000432364	0.0882374
45	0.0332926	0.00530182	0.0559305	0.158369	0.00279502	0.0347176	0.0196722	0.0293212	0.186418	0.0287014	0.00807133	0.0698977	0.0154856	0.0915167	0.132279	0.0431633	0.0433419	0.0255225	0.000497736	0.0157043
46	0.029047	0.00650422	0.0367539	0.142807	0.00192042	0.0292963	0.020435	0.0341673	0.206579	0.0315665	0.00818661	0.0596906	0.015123	0.0955882	0.159361	0.0376996	0.0445797	0.0246285	0.000200198	0.0158663
47	0.00520885	0.00185375	0.000849694	0.00108705	0.653619	0.00147408	0.0052569	0.0254134	0.00120544	0.163541	0.0051657	0.00151837	0.00337875	0.00101641	0.00373116	0.00886754	0.00866466	0.0155949	0.000593269	0.0919598
48	0.00763376	0.00198814	0.00156822	0.0183273	0.00243719	0.00467492	0.00777331	0.0867389	0.319533	0.0259428	0.0996965	0.0212347	0.00122002	0.0735394	0.137504	0.0147245	0.105286	0.0530255	0.0147424	0.00240974
49	0.00392868	0.00215973	0.422836	0.0228596	0.00252414	0.0278954	0.00389535	0.00445023	0.00913992	0.00449392	0.00315896	0.386353	0.00172397	0.00923189	0.00368585	0.0587567	0.00427843	0.00449563	0.000900594	0.0232327
50	0.127287	0.0189339	0.000770705	0.00538114	0.0273545	0.008535	0.000685589	0.18951	0.00547167	0.0669677	0.055926	0.00529505	0.0208627	0.00131658	0.000958502	0.0254467	0.0424416	0.389229	0.00235439	0.00527189
51	0.0297851	0.00556572	0.0360484	0.142504	0.00188546	0.0292816	0.021231	0.0348229	0.207905	0.0333225	0.0080494	0.0564578	0.0154835	0.0985647	0.157215	0.0347004	0.0451492	0.0253865	0.000193976	0.0164476
52	0.290776	0.0720813	0.0186625	0.0170419	0.0317603	0.188791	0.00129699	0.0135381	0.00996324	0.0350629	0.00875792	0.018593	0.00115068	0.00221696	0.00490537	0.18027	0.0458535	0.0390637	0.00332867	0.0168857
53	0.00151386	0.00652536	0.000564901	0.000747042	0.0586107	0.000925806	0.00343382	0.0820268	0.00203517	0.675921	0.0698806	0.00334606	0.000542948	0.00320988	0.00116	0.011068	0.0173007	0.0525859	0.00448143	0.00411972
54	0.00439977	0.00720987	0.000632224	0.000873829	0.0599562	0.00129883	0.00335758	0.0872147	0.00146352	0.651386	0.0664897	0.00302276	0.000728812	0.00342955	0.00132875	0.0121381	0.0193988	0.0665156	0.00436798	0.00478693
55	0.0890792	0.0841617	0.0111247	0.0161781	0.00638871	0.0884765	0.00292801	0.0154888	0.0591871	0.0391923	0.0194134	0.114087	0.00272008	0.0524593	0.0493863	0.221201	0.104641	0.0175425	0.00137574	0.0049692
56	0.00434681	0.0071526	0.00119736	0.00123211	0.0710929	0.00139078	0.00492165	0.0889044	0.00136713	0.62781	0.0729465	0.00439963	0.00106837	0.00813548	0.00252373	0.011903	0.0182897	0.0606411	0.00450923	0.00616718
57	0.00165277	0.0429698	0.000608194	0.000856117	0.0951129	0.00864697	0.115622	0.00428855	0.00108994	0.018209	0.0037308	0.0223393	0.00327473	0.00366448	0.00622316	0.0134867	0.00162805	0.00452459	0.0111397	0.640932
58	0.0239563	0.00782616	0.136633	0.379121	0.0035187	0.0426279	0.0230514	0.0086198	0.0954917	0.00818978	0.00689266	0.0703575	0.0062954	0.0654477	0.0360693	0.044398	0.0173931	0.0131644	0.00170117	0.00924525
59	0.440252	0.01342	0.00635334	0.0207842	0.0112651	0.0499265	0.00294398	0.0389597	0.00712724	0.0299022	0.0143841	0.01102	0.0100954	0.00712265	0.00824358	0.140999	0.0979011	0.0826	0.00115488	0.00554528
60	0.525235	0.00129341	0.00114474	0.00664037	0.00425338	0.041811	0.00115637	0.0238835	0.00143286	0.0195349	0.0109023	0.00193338	0.00606347	0.00955165	0.00991851	0.18946	0.104166	0.0395763	0.000579479	0.00146439
61	0.00371844	0.00728918	0.00185707	0.0139351	0.076419	0.00279275	0.52063	0.00927153	0.018898	0.0217022	0.00269833	0.0527035	0.00134284	0.0569263	0.0305819	0.0207826	0.0175275	0.00440462	0.000547222	0.135972
62	0.0012339	0.00667004	0.000444414	0.000689509	0.0588244	0.000755634	0.00341852	0.0762203	0.000978465	0.687613	0.0667299	0.00279077	0.000471995	0.00312945	0.000770547	0.0110808	0.0170708	0.0525134	0.00465132	0.00394243
63	0.140469	0.02107	0.00382431	0.0224398	0.0061462	0.227953	0.0055437	0.00935412	0.0224895	0.0295125	0.025315	0.00825049	0.0372985	0.0088754	0.289502	0.0773174	0.0109163	0.0288063	0.0194431	0.00547284
64	0.0150202	0.00110744	0.00310659	0.00329524	0.0339838	0.00154093	0.00136559	0.440137	0.00136914	0.0880265	0.0492459	0.00366685	0.000813075	0.00129545	0.00162673	0.0054475	0.0459158	0.291772	0.000511921	0.0107522
65	0.00132892	0.00668206	0.000453786	0.000683184	0.058833	0.000776212	0.0034012	0.0767369	0.00097787	0.686448	0.0666871	0.00279039	0.000477895	0.00313664	0.00078613	0.0110935	0.0170875	0.0530246	0.00464172	0.00395334
66	0.0113278	0.00295183	0.170146	0.500364	0.000709659	0.0219682	0.015429	0.00830041	0.0876893	0.00156691	0.00418037	0.0347822	0.00132368	0.0670686	0.0245866	0.0275755	0.00841566	0.00664769	0.00024872	0.00471759
67	0.0101238	0.00286019	0.147449	0.529978	0.000670836	0.0207225	0.0134557	0.00758886	0.0900886	0.00153037	0.00425038	0.0324148	0.000814447	0.0703741	0.0234336	0.0236376	0.00846178	0.0072352	0.000248161	0.0046615
68	0.511219	0.00458464	0.00251817	0.00780682	0.00490715	0.034143	0.00175892	0.048295	0.00399577	0.0277394	0.0258316	0.00466844	0.0163719	0.0089954	0.00749453	0.0999208	0.118596	0.0679741	0.000575277	0.00260394
69	0.0672755	0.0224805	0.00169421	0.0169515	0.0208733	0.0196193	0.021343	0.10681	0.0620553	0.170045	0.10937	0.0214215	0.0111684	0.0408294	0.0737289	0.0605077	0.0524722	0.0863684	0.010946	0.0240396
70	0.194136	0.0111306	0.0357171	0.0166278	0.00798957	0.0306362	0.00811607	0.0885606	0.0212798	0.023536	0.0263214	0.0493685	0.0110506	0.00432898	0.0183163	0.136495	0.157201	0.153343	0.000388531	0.00545676
71	0.060695	0.0813093	0.0144666	0.0120049	0.00485581	0.0706332	0.00295005	0.0195296	0.0737845	0.0359535	0.0140022	0.129501	0.00272545	0.0518386	0.0719203	0.2099	0.1181	0.0203082	0.00132365	0.00419775
72	0.11765	0.017312	0.00087004	0.00516591	0.0297245	0.00830708	0.000726608	0.19648	0.00491875	0.0800186	0.064908	0.00510273	0.0199492	0.00155744	0.00129013	0.0252048	0.0374881	0.375357	0.00246928	0.00550081
73	0.0305959	0.005487	0.0386087	0.151147	0.00224488	0.0304414	0.0205373	0.0335796	0.201425	0.0326587	0.00745046	0.0579511	0.0176289	0.0981352	0.150438	0.0359571	0.0442079	0.0250832	0.000363889	0.0160593
74	0.0220815	0.0034652	0.00269988	0.0160271	0.0041551	0.00533415	0.00600307	0.17263	0.125212	0.016752	0.133685	0.0171218	0.00252863	0.0254089	0.116796	0.0222331	0.0916895	0.171009	0.0412226	0.00394554
75	0.0332566	0.00591526	0.00208086	0.00105731	0.0625433	0.00612172	0.0022481	0.260533	0.000711137	0.2479	0.0559447	0.00418194	0.00304676	0.00374576	0.00458094	0.0161862	0.03013	0.246293	0.00110471	0.0124188
76	0.144542	0.00823525	0.00842567	0.123526	0.0731018	0.13092	0.0398834	0.0496823	0.0100672	0.0959606	0.0356897	0.0116305	0.00541002	0.0879903	0.00981935	0.017228	0.0207747	0.115287	0.00291442	0.00891249
77	0.571232	0.00156067	0.000854783	0.00637497	0.00144563	0.0364434	0.00102053	0.0276565	0.00122471	0.0236095	0.0153255	0.00199291	0.0117557	0.00981379	0.00758563	0.106829	0.12753	0.0461381	0.000433639	0.00117331
78	0.00992657	0.00279279	0.00179386	0.0166689	0.00277187	0.00476156	0.0116063	0.0800148	0.30801	0.032891	0.0959274	0.0269975	0.00154672	0.0621987	0.138464	0.0193731	0.0920382	0.065101	0.0240143	0.00310219
79	0.0129232	0.0348007	0.124851	0.0953689	0.0349348	0.0264653	0.117261	0.00575826	0.0824372	0.0235	0.003504	0.139197	0.020337	0.0681709	0.0552055	0.0384705	0.0116289	0.0190877	0.0144317	0.0716672
80	0.00213726	0.0420119	0.000721037	0.000933093	0.113028	0.00848649	0.112544	0.00556983	0.00107919	0.0189089	0.00413839	0.0228057	0.00380397	0.00361599	0.00688806	0.0138328	0.0018781	0.00594507	0.0106464	0.621026
81	0.0081409	0.00173412	0.00137163	0.00161052	0.0912027	0.00749032	0.00609099	0.33938	0.00649527	0.138769	0.19886	0.00840819	0.00236512	0.00271841	0.00615376	0.0223297	0.0320518	0.120808	0.000706427	0.00331191
82	0.125027	0.0127102	0.0337754	0.0148565	0.00616728	0.0141384	0.00520285	0.0746636	0.0464706	0.0553027	0.0753285	0.0272202	0.00496507	0.00412064	0.00832479	0.0867588	0.215954	0.176868	0.000833212	0.0113124
83	0.0303243	0.00693838	0.00164551	0.000573768	0.0633726	0.00631809	0.001867	0.210253	0.00131574	0.338992	0.0625202	0.0043924	0.00294886	0.0044353	0.00504485	0.0182842	0.0272536	0.200919	0.00171605	0.010886
84	0.00179549	0.00677924	0.000471738	0.0007133	0.059112	0.000921526	0.00335897	0.0782471	0.00104139	0.680744	0.0665841	0.00281812	0.000539278	0.00315036	0.000856078	0.0112549	0.0173256	0.055306	0.00471124	0.00426931
85	0.0294327	0.00562815	0.0378419	0.162215	0.0019459	0.0292766	0.020494	0.0335897	0.200451	0.0312707	0.0078151	0.0573116	0.0155116	0.0971791	0.150462	0.0351476	0.0442453	0.0241919	0.000268456	0.0157226
86	0.00510045	0.0012079	0.000823746	0.00107945	0.65834	0.00133986	0.00450384	0.025182	0.00112308	0.166457	0.00496731	0.00134971	0.00304873	0.000993723	0.00350785	0.00836642	0.00875827	0.0152725	0.000409336	0.088169
87	0.378973	0.0207225	0.00722591	0.0114764	0.0176208	0.0887779	0.00164847	0.0166671	0.0054202	0.0193916	0.00705649	0.00855147	0.0027835	0.00786982	0.00952441	0.293115	0.0571851	0.036015	0.00156852	0.00840736
88	0.00937334	0.00175007	0.00257593	0.0227571	0.00198007	0.00634362	0.00864018	0.0552415	0.441445	0.0374603	0.0678564	0.0370473	0.00115153	0.062605	0.116764	0.0151761	0.0725327	0.027482	0.00843365	0.00338473
89	0.0250984	0.00553106	0.00196306	0.00116275	0.0580436	0.00486149	0.00185815	0.251711	0.00116734	0.299487	0.0627661	0.00405235	0.00239029	0.00329516	0.0040482	0.0147258	0.0294821	0.215569	0.00159585	0.0111923
90	0.00359558	0.0020359	0.237206	0.0206363	0.00245918	0.0342323	0.00329678	0.00430133	0.0103372	0.00441723	0.0028955	0.565181	0.001563	0.00633292	0.00315598	0.0619353	0.00391793	0.00452501	0.000865711	0.0271093
91	0.00570954	0.00340332	0.000857932	0.00113903	0.645371	0.00148934	0.00600956	0.0270657	0.00158147	0.154706	0.00612843	0.001756	0.00514611	0.0011101	0.0040771	0.0117981	0.00854861	0.0175101	0.00109059	0.0955028
92	0.0152325	0.0402826	0.0944617	0.0475636	0.0296234	0.0337885	0.112997	0.00936686	0.0857536	0.0101296	0.00511448	0.221924	0.0170665	0.0373337	0.061067	0.05403	0.0124857	0.015171	0.00953581	0.087072
93	0.024318	0.00927364	0.00825686	0.00370237	0.0649249	0.00439729	0.0179254	0.252549	0.00382966	0.218043	0.104456	0.0326073	0.00232853	0.0600108	0.0265298	0.00864529	0.0353871	0.0967169	0.0012819	0.024816
94	0.0602466	0.0126961	0.00164441	0.00316044	0.0433395	0.00979674	0.00232957	0.18141	0.00221758	0.236401	0.0744267	0.00777405	0.0071276	0.0111604	0.00404708	0.026519	0.0367261	0.268638	0.00172077	0.00861835
95	0.0177956	0.0157433	0.0155423	0.0635762	0.00298398	0.0192666	0.0144589	0.0319821	0.266379	0.0431257	0.0270704	0.0392156	0.00814969	0.124207	0.201965	0.0248535	0.0441494	0.0181848	0.0100528	0.011298
96	0.0674683	0.0226819	0.00166122	0.0175952	0.0209525	0.0203784	0.0213636	0.104746	0.0621848	0.168938	0.108266	0.0214059	0.0111379	0.0411947	0.0748144	0.0612207	0.0523353	0.0857499	0.0114303	0.0244747
97	0.0248586	0.013196	0.0128282	0.00495708	0.0524853	0.00412007	0.0317728	0.237088	0.00423775	0.204077	0.10758	0.0382486	0.00244538	0.0883678	0.0283078	0.00737608	0.0349258	0.0816378	0.00112365	0.0203663
98	0.00165277	0.0429698	0.000608194	0.000856117	0.0951129	0.00864697	0.115622	0.00428855	0.00108994	0.018209	0.0037308	0.0223393	0.00327473	0.00366448	0.00622316	0.0134867	0.00162805	0.00452459	0.0111397	0.640932
99	0.17903	0.0133134	0.00378776	0.00996564	0.101306	0.0630301	0.00478585	0.0934047	0.00614061	0.0363251	0.0251324	0.00833563	0.00383503	0.0048383	0.00774143	0.160606	0.0734479	0.13539	0.00263727	0.0669456
100	0.00944577	0.0128473	0.00454519	0.0262102	0.00204332	0.0138196	0.0100792	0.0307234	0.317895	0.0337418	0.0329773	0.0281078	0.00450172	0.0697169	0.320343	0.0151731	0.0404861	0.0130731	0.0090373	0.0052332
101	0.00916842	0.0195016	0.186465	0.158121	0.0243108	0.0271279	0.102578	0.00503942	0.0649552	0.031247	0.00484925	0.115042	0.020723	0.0641375	0.045462	0.0304683	0.0157524	0.024803	0.00584721	0.0444015
102	0.0262928	0.0137184	0.0240158	0.0868658	0.00362962	0.0330183	0.0162687	0.0353232	0.160135	0.0338898	0.0129984	0.0469072	0.0122892	0.0768908	0.297662	0.0378461	0.0364359	0.0289655	0.00437462	0.0124724
103	0.0360623	0.0071141	0.00181262	0.000515363	0.0671212	0.00728972	0.00166792	0.228872	0.000702059	0.286122	0.0605834	0.00464305	0.00355648	0.00468964	0.00546875	0.019374	0.0290882	0.222134	0.00121974	0.0119644
104	0.126634	0.0175971	0.000751212	0.0051118	0.0271351	0.00838326	0.000679557	0.185023	0.00543462	0.0691392	0.0565695	0.0051298	0.0192994	0.00134243	0.0010168	0.0247323	0.0446226	0.393966	0.00226397	0.00516928
105	0.017641	0.00411689	0.132036	0.488869	0.00330767	0.0242029	0.0151787	0.0116853	0.0863505	0.00982171	0.00644319	0.0346802	0.00205449	0.0766188	0.0246888	0.0245847	0.0128427	0.0176887	0.000563178	0.00662512
106	0.145474	0.189293	0.0212672	0.00945574	0.0138856	0.0582899	0.0146266	0.0933168	0.00259548	0.0763041	0.0479619	0.0311335	0.008519	0.00221065	0.00232475	0.0953856	0.048381	0.116827	0.000861085	0.0218874
107	0.00165277	0.0429698	0.000608194	0.000856117	0.0951129	0.00864697	0.115622	0.00428855	0.00108994	0.018209	0.0037308	0.0223393	0.00327473	0.00366448	0.00622316	0.0134867	0.00162805	0.00452459	0.0111397	0.640932
108	0.00510045	0.0012079	0.000823746	0.00107945	0.65834	0.00133986	0.00450384	0.025182	0.00112308	0.166457	0.00496731	0.00134971	0.00304873	0.000993723	0.00350785	0.00836642	0.00875827	0.0152725	0.000409336	0.088169
109	0.0862669	0.0627809	0.00700448	0.00683596	0.181197	0.0301393	0.0183642	0.0471263	0.0130931	0.0963833	0.0219888	0.0128066	0.0327824	0.00665201	0.027919	0.0586651	0.0203806	0.0904238	0.0788582	0.100332
110	0.188972	0.00148334	0.00117134	0.00197124	0.0126977	0.0445122	0.00140395	0.155141	0.00473178	0.0570054	0.179087	0.00267469	0.00357927	0.00420036	0.00276182	0.0900161	0.124155	0.122292	0.000492853	0.00165147
111	0.0635655	0.00683168	0.00172662	0.00612424	0.00847611	0.00711957	0.00828394	0.0767088	0.00335119	0.33167	0.121787	0.0267448	0.00180135	0.0310519	0.00492815	0.0474707	0.0998847	0.145805	0.00068941	0.00597925
112	0.228349	0.00903696	0.0215214	0.0164788	0.007968	0.0796009	0.00823306	0.0698796	0.0231766	0.0208178	0.0289665	0.0462205	0.0166646	0.00536895	0.014639	0.113567	0.151262	0.132721	0.000691134	0.00483811
113	0.123482	0.0188485	0.000763082	0.00555365	0.0276753	0.00846074	0.000681971	0.191378	0.00513792	0.0699729	0.0597697	0.00518842	0.0205535	0.00137743	0.000967228	0.0255344	0.0392405	0.387358	0.00259374	0.00546317
114	0.0274587	0.0788483	0.0011828	0.00493972	0.268574	0.00400698	0.0374325	0.072099	0.0134695	0.140132	0.0310893	0.0140398	0.0174188	0.00120509	0.00984385	0.063967	0.0241418	0.0703845	0.00469414	0.115072
115	0.0228035	0.0447587	0.00213811	0.00343275	0.283982	0.0076764	0.0359829	0.0966415	0.0117253	0.132333	0.0325551	0.013126	0.038287	0.00131077	0.00926331	0.0534623	0.0216734	0.0671916	0.0103716	0.111285
116	0.0269818	0.00636989	0.149217	0.328372	0.00320479	0.0551535	0.0259226	0.00731478	0.0902252	0.00922419	0.00801914	0.0809778	0.00998538	0.0547312	0.0357788	0.0552916	0.0225921	0.0191402	0.00120336	0.0102946
117	0.304407	0.0667166	0.0129556	0.0156041	0.0374086	0.156858	0.000931032	0.014282	0.0110528	0.0440017	0.0095785	0.0184157	0.000880891	0.00139069	0.00418737	0.177772	0.0518088	0.0469946	0.00429039	0.0204638
118	0.0183633	0.0256624	0.00443362	0.0134773	0.0126287	0.0229364	0.0129429	0.0557056	0.0961003	0.0687678	0.0302089	0.0159984	0.00899145	0.0649559	0.444724	0.0226443	0.021836	0.0341778	0.0145618	0.0108836
119	0.0171168	0.00309672	0.00234363	0.0191144	0.0039667	0.00489108	0.00522605	0.171079	0.137738	0.0128334	0.132067	0.0176769	0.00195888	0.0308355	0.122357	0.0182774	0.0959391	0.169094	0.030733	0.00365562
120	0.00638012	0.00159143	0.00121957	0.00167881	0.106566	0.00972663	0.00724169	0.306392	0.0061282	0.147348	0.224386	0.00978321	0.0024171	0.00226228	0.00589616	0.026856	0.0293021	0.101644	0.000783206	0.00239629
121	0.0650629	0.0087177	0.00152082	0.00774691	0.0101407	0.00920003	0.0104541	0.0751824	0.00673012	0.330901	0.11695	0.0220424	0.00227893	0.0340905	0.00935681	0.0500844	0.0953544	0.135297	0.00132506	0.00756396
122	0.562995	0.00149063	0.000875943	0.00623629	0.00156606	0.0368243	0.00127147	0.0281385	0.00163348	0.0236774	0.015841	0.00262658	0.0106096	0.00961051	0.00752921	0.105755	0.13591	0.0457398	0.00046752	0.00120237
123	0.009219	0.00141937	0.00236503	0.0224737	0.00174866	0.0064104	0.0091873	0.0433412	0.478792	0.0422565	0.0604293	0.0441528	0.00102251	0.0671885	0.105827	0.0159178	0.0634579	0.0154408	0.005564	0.00378663
124	0.0361307	0.00754847	0.00190201	0.00058783	0.0716902	0.00757691	0.00192275	0.22682	0.000773088	0.28286	0.0600818	0.00510951	0.00333215	0.00567973	0.0058511	0.0191668	0.030172	0.218213	0.00119108	0.0133912
125	0.00474232	0.00277869	0.60045	0.0211293	0.00354234	0.0195029	0.00257641	0.00544397	0.00579656	0.00577337	0.00407636	0.229802	0.00202529	0.00794279	0.00357223	0.0522231	0.00560581	0.00588899	0.00106739	0.0160601
126	0.00524875	0.00313552	0.601052	0.0238173	0.00387347	0.0192091	0.00408843	0.00570171	0.00726114	0.00626809	0.00440206	0.219494	0.00235705	0.00890693	0.00427467	0.0514061	0.00610422	0.00614732	0.00120922	0.0160429
127	0.0319355	0.0020225	0.00147158	0.00219753	0.0342029	0.00394025	0.00268753	0.230778	0.0139059	0.148601	0.202235	0.00780232	0.00490984	0.00467909	0.0109973	0.0213687	0.126835	0.14601	0.000921194	0.00249784
128	0.0197011	0.0644693	0.00105609	0.00306507	0.308119	0.00399998	0.0315753	0.0757432	0.012786	0.150929	0.0304424	0.0130059	0.0189668	0.00116205	0.00695589	0.0469075	0.0207218	0.062011	0.00498949	0.123392
129	0.013581	0.00435357	0.54866	0.101012	0.00376108	0.0201144	0.00981505	0.00812717	0.0318559	0.00793327	0.00701797	0.118397	0.00382475	0.0209301	0.0137937	0.0517828	0.0130438	0.0104594	0.00118518	0.0103516
130	0.183129	0.00958305	0.0325892	0.0146532	0.00884009	0.0257213	0.0112592	0.0869187	0.0182891	0.0270126	0.0259541	0.0488887	0.00887958	0.00526119	0.0209844	0.151237	0.159862	0.155304	0.000474008	0.00515951
131	0.0033231	0.00864936	0.00145288	0.0127548	0.0781776	0.00264658	0.504218	0.00906008	0.0183829	0.0215488	0.00278033	0.0490252	0.00147568	0.0544399	0.0289333	0.0202094	0.0166593	0.00414596	0.00117293	0.160944
132	0.296768	0.0675968	0.0183223	0.0165825	0.0327277	0.190273	0.0010447	0.0116214	0.00991547	0.0338374	0.00786004	0.017842	0.000952664	0.00197453	0.00482467	0.18399	0.0456654	0.0377072	0.00339019	0.0171043
133	0.0154212	0.0130428	0.0056789	0.00659181	0.0284927	0.0143013	0.00694975	0.0763618	0.042372	0.0846844	0.0312953	0.115561	0.00460489	0.00687038	0.00807604	0.236619	0.25573	0.0380288	0.00211801	0.00719974
134	0.0259513	0.0352937	0.00418761	0.00464331	0.234218	0.0118856	0.0354965	0.122627	0.0122493	0.141655	0.0363912	0.0159322	0.0486999	0.00128478	0.0114097	0.0517373	0.0265106	0.0748475	0.0118418	0.0931372
135	0.0232014	0.0143138	0.19707	0.185538	0.0101314	0.0417787	0.0558169	0.00651446	0.0852011	0.014117	0.00771433	0.0992316	0.0180597	0.0556685	0.0446048	0.0724392	0.0218704	0.0179413	0.00362996	0.0251572
136	0.0105555	0.00295292	0.147079	0.525622	0.000718991	0.0211266	0.0136751	0.00763831	0.0905731	0.00163567	0.00432348	0.0332521	0.00092346	0.0702999	0.0240542	0.0243509	0.00889107	0.00733997	0.000307817	0.00468011
137	0.167981	0.150333	0.0163856	0.00958487	0.0227239	0.0675675	0.0119581	0.0976797	0.00418755	0.0824058	0.0403362	0.0238502	0.00774615	0.00297428	0.00282585	0.0940949	0.0445682	0.13077	0.001358	0.0206699
138	0.0675622	0.0225812	0.00169056	0.0173851	0.0209395	0.0198785	0.0213357	0.1055	0.0621856	0.169791	0.108425	0.0213124	0.0113829	0.0408292	0.0742889	0.0611466	0.0524967	0.0859693	0.0111179	0.0241808
139	0.00510045	0.0012079	0.000823746	0.00107945	0.65834	0.00133986	0.00450384	0.025182	0.00112308	0.166457	0.00496731	0.00134971	0.00304873	0.000993723	0.00350785	0.00836642	0.00875827	0.0152725	0.000409336	0.088169
140	0.227594	0.00647403	0.0185277	0.0127769	0.00807414	0.0514847	0.0120021	0.0649744	0.036711	0.0216519	0.0312428	0.047789	0.00803814	0.00662325	0.0159429	0.103324	0.171212	0.151273	0.000559739	0.00372527
141	0.0482808	0.0032094	0.187149	0.194553	0.0013573	0.0271538	0.0277525	0.011442	0.124893	0.00296255	0.0193193	0.132695	0.00366249	0.0443243	0.0263875	0.0728735	0.0441338	0.017766	0.000443169	0.00964161
142	0.296821	0.0720095	0.0128485	0.0145127	0.0364323	0.142094	0.00183664	0.0196292	0.0118511	0.0440327	0.0113041	0.0197841	0.00154266	0.0015544	0.00463094	0.171334	0.0550317	0.0570922	0.00377237	0.0218858
143	0.0273555	0.00507151	0.00199714	0.0011521	0.0647017	0.0059059	0.00180823	0.283835	0.00108981	0.227188	0.0710861	0.00423978	0.00262689	0.0034334	0.00441983	0.0155157	0.0295209	0.237483	0.00100524	0.0105636
144	0.0352748	0.00833885	0.147089	0.265194	0.003679	0.103594	0.0258721	0.00685374	0.0712527	0.014889	0.00695285	0.0880448	0.013921	0.0469754	0.0450557	0.0700201	0.019818	0.018709	0.00246294	0.00600285
145	0.0017901	0.0461331	0.00104289	0.00102454	0.0920947	0.0102368	0.11631	0.00523117	0.00163977	0.0178691	0.00396613	0.0260144	0.00347974	0.003796	0.00648309	0.0153048	0.00187857	0.00479635	0.0114746	0.629434
146	0.028168	0.00635812	0.00151359	0.00402067	0.0245844	0.00449202	0.00616892	0.066411	0.00590518	0.476707	0.138434	0.0120495	0.00136133	0.0218789	0.00547668	0.0372405	0.0580209	0.0867683	0.00227568	0.0121656
147	0.011745	0.0451414	0.0021737	0.0110924	0.00308153	0.0254959	0.0168423	0.0112156	0.135503	0.0330815	0.00580016	0.0119474	0.00867744	0.112227	0.489867	0.0184096	0.00928482	0.00814062	0.0280297	0.0122442
148	0.0588476	0.015555	0.0168922	0.0135392	0.119576	0.0260325	0.0478119	0.22377	0.00608003	0.10734	0.0237036	0.0251767	0.0667623	0.00354695	0.00649742	0.0478746	0.0422805	0.0922916	0.0146113	0.0418102
149	0.115541	0.00391025	0.0625959	0.153904	0.00285327	0.0266353	0.0143662	0.0553901	0.10487	0.0512291	0.0179376	0.0332379	0.00708781	0.0654126	0.0229404	0.016565	0.0794702	0.154984	0.000638852	0.0104299
150	0.0705084	0.0112571	0.00731026	0.119672	0.075555	0.0287334	0.0377643	0.101348	0.0144364	0.212112	0.0450412	0.0172751	0.00804126	0.0577892	0.0174627	0.025213	0.0489479	0.0834357	0.00394658	0.0141514
151	0.207194	0.00654481	0.00948011	0.0561524	0.0295926	0.0136217	0.00541546	0.127383	0.00760225	0.0751834	0.0141607	0.0132995	0.00497807	0.00524617	0.0086668	0.154323	0.0821276	0.167368	0.00167718	0.0099835
152	0.0284385	0.00523394	0.0352424	0.140612	0.00179857	0.0280186	0.0197428	0.0337828	0.232614	0.0324914	0.00809075	0.0578749	0.0147443	0.0930684	0.150346	0.0338563	0.0441387	0.0243139	0.00019129	0.0154004
153	0.0426071	0.0198101	0.0070367	0.0178478	0.0216779	0.0213857	0.0167828	0.0784795	0.0690607	0.117613	0.0962154	0.0208555	0.0120731	0.0359217	0.120185	0.040115	0.0477722	0.0706071	0.122121	0.0218328
154	0.0436455	0.0853131	0.00240035	0.0122963	0.234342	0.00630632	0.040832	0.050457	0.0179674	0.116329	0.0312377	0.0116579	0.0137088	0.00281358	0.0229503	0.104369	0.0295233	0.0665593	0.00495961	0.102332
155	0.0120988	0.00312771	0.175306	0.483483	0.000731738	0.0238773	0.0176844	0.00775805	0.086981	0.00159652	0.00418979	0.0381606	0.00211367	0.0646028	0.0255566	0.0314569	0.00895975	0.00691319	0.000249831	0.00515232
156	0.0101204	0.00286184	0.147397	0.529881	0.000673129	0.0207062	0.013442	0.00759241	0.0900317	0.00161894	0.00427783	0.0323732	0.000814478	0.0705055	0.0234226	0.0236213	0.00846974	0.00727137	0.000248144	0.00467041
157	0.00228275	0.0323164	0.000936062	0.00444971	0.0850319	0.00695386	0.232812	0.00561526	0.00621866	0.0187558	0.00344073	0.029924	0.00257862	0.0178802	0.0128514	0.0151023	0.00598701	0.00440171	0.00799758	0.504465
158	0.0137121	0.0030731	0.00185448	0.00282257	0.0324379	0.0045911	0.00378808	0.222599	0.0442063	0.278865	0.176693	0.00713269	0.00475015	0.00509971	0.0209271	0.0150613	0.0413723	0.113572	0.00170076	0.0057422
159	0.0310975	0.00555532	0.0427495	0.156962	0.00241171	0.03411	0.0203656	0.0316571	0.194707	0.0318493	0.0071407	0.0587761	0.0182579	0.0966357	0.145146	0.0381632	0.0430149	0.0251471	0.000467371	0.0157858
160	0.195189	0.0113254	0.0359894	0.016582	0.00826045	0.0300086	0.00813132	0.0886891	0.0207611	0.0241342	0.0262838	0.047969	0.010414	0.0043279	0.0177472	0.13654	0.158008	0.15392	0.000406959	0.00531259
161	0.0206634	0.058587	0.000990959	0.00294044	0.286071	0.00419916	0.0291263	0.0811278	0.0150039	0.171217	0.0322925	0.0142217	0.0217394	0.00113794	0.00680592	0.0477249	0.0240646	0.0685654	0.00541762	0.108103
162	0.0107938	0.00314169	0.145775	0.522482	0.000661084	0.0200679	0.0139285	0.00821357	0.0927339	0.00164885	0.00462458	0.0334595	0.000753254	0.0721786	0.0249434	0.0238585	0.00890516	0.00685794	0.000270258	0.0047029
163	0.0236278	0.0593472	0.100643	0.0539373	0.0580683	0.0384773	0.0862716	0.0118625	0.0755538	0.0216916	0.00787522	0.113207	0.0166838	0.05619	0.0479217	0.0576943	0.0145866	0.0238261	0.0554695	0.0770656
164	0.0363592	0.00712699	0.00186965	0.000504161	0.0689196	0.00742606	0.00164601	0.228981	0.000640092	0.283092	0.0601042	0.00453002	0.00341558	0.00467352	0.00559917	0.0190993	0.0290414	0.223549	0.0012037	0.0122191
165	0.0130794	0.0355393	0.113497	0.0616388	0.0438865	0.0379236	0.106991	0.0123955	0.0872573	0.0159533	0.0104866	0.165927	0.014723	0.0384083	0.0759146	0.0343818	0.011765	0.0291839	0.00861104	0.0824367
166	0.060255	0.0118066	0.0278883	0.00368737	0.0212517	0.012916	0.035392	0.00735969	0.0385597	0.0841342	0.00574443	0.0349732	0.408182	0.0485323	0.0128751	0.123987	0.0400353	0.00844207	0.00120477	0.0127734
167	0.0287657	0.00536769	0.0358355	0.142264	0.00182787	0.0283425	0.0199477	0.033781	0.226293	0.0323218	0.00794925	0.0577118	0.0150957	0.0945062	0.151095	0.0344906	0.0441975	0.0243871	0.000194094	0.0156267
168	0.00731158	0.00184534	0.0012718	0.00166164	0.107797	0.00928704	0.00682891	0.304498	0.00561279	0.153166	0.215832	0.00937803	0.00240984	0.00240311	0.00566215	0.0274832	0.0279334	0.105994	0.000812638	0.00281236
169	0.0364526	0.00706529	0.00187466	0.000647278	0.0668264	0.00721046	0.0016169	0.232096	0.000657892	0.276174	0.0603474	0.0045382	0.00355965	0.00464882	0.00565258	0.0192318	0.0287111	0.229722	0.00120283	0.0117637
170	0.0297851	0.00556572	0.0360484	0.142504	0.00188546	0.0292816	0.021231	0.0348229	0.207905	0.0333225	0.0080494	0.0564578	0.0154835	0.0985647	0.157215	0.0347004	0.0451492	0.0253865	0.000193976	0.0164476
171	0.298675	0.0681096	0.0126101	0.0150615	0.0382681	0.159751	0.000914421	0.0151857	0.0106373	0.0456558	0.00957255	0.0188193	0.000914106	0.00142435	0.0041648	0.178052	0.0512902	0.0468733	0.00403988	0.0199813
172	0.0112885	0.0384579	0.00253799	0.0123699	0.00284264	0.0265297	0.0141424	0.0124104	0.1155	0.0302182	0.00567281	0.0130983	0.0090294	0.093406	0.548383	0.0159375	0.00964367	0.00897368	0.0200367	0.00952178
173	0.0363191	0.0071346	0.00185894	0.00050417	0.0688742	0.00742792	0.00164762	0.229038	0.000639714	0.283237	0.0600812	0.00450391	0.00341715	0.00466029	0.00558379	0.0190971	0.0290318	0.223547	0.00120478	0.0121923
174	0.0675792	0.0228369	0.00168417	0.0169557	0.0204622	0.0199938	0.0208241	0.104957	0.0618473	0.169345	0.109591	0.0218223	0.0109102	0.0400262	0.0737337	0.0615123	0.053509	0.0872003	0.010878	0.0243305
175	0.00359558	0.0020359	0.237206	0.0206363	0.00245918	0.0342323	0.00329678	0.00430133	0.0103372	0.00441723	0.0028955	0.565181	0.001563	0.00633292	0.00315598	0.0619353	0.00391793	0.00452501	0.000865711	0.0271093
176	0.00778524	0.00416024	0.600087	0.0381143	0.00507639	0.0199817	0.00758825	0.00695156	0.0113917	0.00859731	0.00598822	0.17873	0.00284952	0.0123335	0.00673721	0.0497383	0.00856206	0.00903404	0.00147285	0.0148202
177	0.0186817	0.00142428	0.00100557	0.00157977	0.0332804	0.00382549	0.00263923	0.261284	0.0190231	0.174158	0.228838	0.0077609	0.00583995	0.00240495	0.015091	0.016347	0.0691806	0.13419	0.0012748	0.00217054
178	0.248793	0.00545093	0.0147803	0.0131035	0.00928776	0.0555906	0.0118877	0.0554535	0.0424981	0.0195732	0.030819	0.0451082	0.00715831	0.00804373	0.0172802	0.0995332	0.152111	0.159558	0.000594184	0.00337597
179	0.0357002	0.00526941	0.0384551	0.144692	0.0019159	0.0297885	0.0208826	0.036031	0.201421	0.0340916	0.0082369	0.0557941	0.0153275	0.0956724	0.148441	0.0342429	0.0466164	0.0314893	0.000198759	0.0157328
180	0.0355032	0.00958366	0.102143	0.250202	0.00396562	0.121325	0.0224137	0.0104527	0.0834197	0.019485	0.00822048	0.0858875	0.0153275	0.0537821	0.05945	0.0658234	0.0217816	0.0224363	0.00247544	0.00632241
181	0.00854053	0.0257051	0.15839	0.129833	0.0325885	0.023654	0.111271	0.00503367	0.0685009	0.0348842	0.00428419	0.12625	0.0219709	0.0688576	0.0498271	0.0258994	0.0146119	0.0253729	0.0090831	0.0554411
182	0.142955	0.166644	0.021427	0.0085542	0.0140368	0.0566994	0.0145376	0.0990694	0.00258188	0.0728477	0.0468974	0.0281622	0.00757526	0.00221506	0.00216721	0.0917147	0.0440165	0.154462	0.000754554	0.0226822
183	0.43406	0.0254807	0.0027291	0.00480372	0.00446474	0.00648163	0.00353344	0.0332138	0.00440173	0.0206908	0.0286217	0.00504992	0.110642	0.00419842	0.00427327	0.0462742	0.0914001	0.164882	0.00108865	0.00371082
184	0.0347685	0.0524894	0.00789274	0.00826378	0.0108358	0.0477623	0.00424063	0.0323285	0.0690988	0.0538174	0.0171872	0.128081	0.00309957	0.0277323	0.0281211	0.244156	0.202353	0.0207341	0.00159279	0.00544425
185	0.304814	0.0382521	0.0109275	0.0160003	0.0314819	0.128914	0.0014814	0.0176843	0.00773763	0.0245936	0.00648404	0.0118645	0.00134949	0.00419445	0.0101584	0.271302	0.0538861	0.0418779	0.00242201	0.0145743
186	0.0151127	0.000966567	0.00336672	0.00348194	0.0333762	0.00127268	0.0013422	0.444131	0.00101951	0.0821046	0.0453241	0.00370744	0.000789712	0.00105482	0.00137055	0.0053683	0.037349	0.307133	0.000469049	0.0112596
187	0.048263	0.00321495	0.186646	0.19443	0.00136302	0.0271245	0.0284274	0.0113735	0.124406	0.00302294	0.0193163	0.132517	0.00366143	0.0450333	0.0264194	0.0725948	0.044256	0.0178939	0.000447257	0.00959006
188	0.175877	0.0771048	0.0110824	0.0142496	0.0616178	0.0648514	0.00861364	0.0496035	0.0134932	0.0367258	0.0162503	0.0197472	0.00452474	0.00821812	0.0316004	0.218647	0.0815421	0.0531126	0.00418658	0.0489516
189	0.00179385	0.0449409	0.000625601	0.000885171	0.0950019	0.00861409	0.114726	0.00492832	0.00114366	0.0186013	0.00392919	0.0226681	0.0032812	0.00360413	0.00610277	0.0139448	0.00172869	0.00484004	0.0109664	0.637674
190	0.0508001	0.00241077	0.00175108	0.00407114	0.0177065	0.00853733	0.00280291	0.215801	0.0326954	0.117556	0.213454	0.00963589	0.00495068	0.00732547	0.0277944	0.0265505	0.0983121	0.149621	0.00560707	0.00261671
191	0.0195458	0.0031317	0.0171616	0.0796766	0.00171484	0.0161865	0.0147963	0.032159	0.388742	0.0423182	0.0237274	0.0697457	0.00699192	0.0675564	0.121054	0.0236267	0.0421909	0.0175484	0.00109203	0.0110335
192	0.0104906	0.00399013	0.13917	0.509718	0.00123442	0.0215954	0.0127569	0.00973796	0.0858683	0.00461688	0.00523333	0.0302744	0.00100387	0.0947777	0.022178	0.0222939	0.00969876	0.00923897	0.000377418	0.00574545
