323	20
1	0.0762093	0.00456683	0.123681	0.231398	0.00230398	0.031921	0.00570971	0.00816381	0.0921467	0.0131325	0.00504069	0.0503872	0.00617383	0.0677663	0.0724528	0.119363	0.0764385	0.0104375	0.00142867	0.00127855
2	0.118711	0.00608103	0.0236785	0.0437691	0.00106542	0.0133736	0.0205788	0.0134177	0.183402	0.0194765	0.0117947	0.0382344	0.00538334	0.0642408	0.25626	0.0943516	0.0664294	0.0169126	0.00158827	0.00125064
3	0.00541731	0.00412269	0.000410884	0.00109749	0.00621781	0.00152344	0.000425171	0.495385	0.00166503	0.150659	0.0172858	0.000673689	0.00181916	0.00064904	0.000787505	0.00131474	0.00434407	0.304914	0.000624538	0.000663188
4	0.0282561	0.0126754	0.00402024	0.0133863	0.0208802	0.00519101	0.00591307	0.100055	0.00783738	0.409266	0.241826	0.0065203	0.0022272	0.0100905	0.0110327	0.0107701	0.015832	0.0845522	0.00258721	0.00708039
5	0.0213679	0.00543046	0.000666528	0.00124904	0.00283332	0.00108385	0.00068544	0.418425	0.00104809	0.0481562	0.00503861	0.000969684	0.000849896	0.000747707	0.00183589	0.00960074	0.0159455	0.460434	0.00164917	0.0019822
6	0.501912	0.0549497	0.00811367	0.0122019	0.00467578	0.049547	0.00572753	0.00821989	0.0139971	0.0100737	0.00909406	0.0108725	0.00999163	0.0101127	0.0180516	0.180979	0.0487388	0.0386597	0.00191683	0.00216468
7	0.0664199	0.0102533	0.145163	0.0649216	0.00897915	0.110179	0.0386104	0.0100412	0.0362765	0.0140938	0.00849443	0.147363	0.0205771	0.0434648	0.0388361	0.110724	0.0966052	0.0202894	0.00222019	0.00648846
8	0.0644271	0.00945801	0.0194916	0.0356497	0.00738332	0.0123737	0.0399524	0.0135877	0.128135	0.0264681	0.00985365	0.0318263	0.0113614	0.0488979	0.439153	0.0440851	0.0256739	0.0221449	0.00513331	0.00494343
9	0.0504635	0.00521832	0.0230952	0.00785755	0.00184089	0.739384	0.00278051	0.00288333	0.00766026	0.00511526	0.00652817	0.0124214	0.00645284	0.00615884	0.00506323	0.0962442	0.0116483	0.00731842	0.000593347	0.00127222
10	0.0790374	0.00775645	0.0921752	0.357907	0.00776073	0.0228544	0.0177025	0.0168634	0.0554784	0.0278885	0.0105507	0.0204973	0.0258038	0.0596411	0.0451951	0.0498046	0.0562477	0.0345869	0.00638092	0.0058677
11	0.024517	0.0108618	0.00100377	0.00244133	0.00670902	0.0026557	0.00126458	0.401699	0.00199326	0.0894446	0.0121137	0.00150405	0.00291837	0.00120012	0.00407643	0.00684031	0.0183219	0.405209	0.00178651	0.00343994
12	0.140898	0.0254012	0.00467756	0.0104637	0.0102967	0.00985399	0.00357615	0.134651	0.00435202	0.0589529	0.0152141	0.00419137	0.0169145	0.0043853	0.00891902	0.0146927	0.0402592	0.479279	0.00361792	0.00940281
13	0.044542	0.256372	0.00324523	0.0219684	0.0034963	0.00388919	0.00312069	0.102404	0.0206761	0.0770756	0.0035248	0.00327813	0.0035137	0.00363165	0.122826	0.0432155	0.00647116	0.272662	0.00153807	0.00254986
14	0.0642865	0.00707927	0.0189643	0.0425533	0.00753099	0.0092321	0.0440516	0.0156248	0.127056	0.0250553	0.0140762	0.0310838	0.0138168	0.0444542	0.427617	0.0451426	0.0289179	0.0233751	0.00347277	0.00660959
15	0.0261127	0.00737819	0.00105003	0.00159274	0.00200829	0.00131265	0.000965312	0.468835	0.00105479	0.0199334	0.00322518	0.00103723	0.000746953	0.000991164	0.00114189	0.0186736	0.0150615	0.426831	0.000776156	0.00127219
16	0.15555	0.00668999	0.00552172	0.00889422	0.069879	0.0358137	0.00621683	0.200125	0.00458192	0.0780552	0.260491	0.0305306	0.0117098	0.00531608	0.00563563	0.0125932	0.0391015	0.0571192	0.00198703	0.0041885
17	0.0499074	0.00232879	0.0262303	0.0379276	0.000923208	0.00463011	0.0356167	0.00454085	0.192557	0.0108528	0.00407091	0.0250784	0.00623147	0.0500342	0.487185	0.0428716	0.0149795	0.00262659	0.000724617	0.000682553
18	0.232867	0.0115611	0.027201	0.0151463	0.0113085	0.0154587	0.0101914	0.0116984	0.0135254	0.0150582	0.0104644	0.024115	0.0107525	0.0120593	0.0200215	0.252609	0.25249	0.0388371	0.0120696	0.00256596
19	0.421968	0.318219	0.00612851	0.00804289	0.00549282	0.00628328	0.00573441	0.00923241	0.00515693	0.105191	0.00901565	0.0168613	0.00501999	0.00545158	0.00609944	0.0284319	0.00874943	0.0224993	0.00212256	0.0042998
20	0.0186138	0.00233728	0.00626657	0.0146119	0.00132775	0.00152241	0.0568395	0.00268693	0.144898	0.00281646	0.00162409	0.0372467	0.0127129	0.0424269	0.615352	0.0233029	0.00923885	0.00327681	0.00185969	0.00103897
21	0.0960908	0.00345601	0.0562157	0.0874929	0.000484878	0.0119536	0.0141889	0.00716077	0.240773	0.0247592	0.00900037	0.0182535	0.00099973	0.0752368	0.266502	0.0649605	0.0181806	0.00244311	0.00145139	0.000396499
22	0.0224458	0.0019909	0.00210675	0.00982041	0.00393124	0.00297375	0.00208863	0.035636	0.0019422	0.4531	0.394802	0.0122227	0.00145867	0.00239572	0.0027144	0.00470693	0.00378035	0.0291288	0.000779814	0.0119748
23	0.033333	0.00107608	0.0557234	0.0323136	0.00135	0.46833	0.0266002	0.00153882	0.0508956	0.00264441	0.00182552	0.178381	0.00100791	0.046632	0.0305581	0.06141	0.001847	0.0030231	0.000522519	0.000988119
24	0.00151315	0.000554467	0.000368026	0.000567221	0.00630444	0.00180169	0.000346835	0.580392	0.00214215	0.123623	0.0120494	0.00038183	0.000325241	0.00031363	0.000351296	0.000799227	0.00110687	0.266649	0.00015684	0.000253454
25	0.141428	0.00500506	0.0334603	0.104077	0.00156628	0.0262659	0.0174098	0.0123421	0.172904	0.0189175	0.0136103	0.0263966	0.0107851	0.0820041	0.146699	0.0952821	0.0625317	0.0203148	0.00723575	0.00176407
26	0.0811836	0.149985	0.00489013	0.00721451	0.00505235	0.0205024	0.00565435	0.0199167	0.00491466	0.0194146	0.00641709	0.00492813	0.0962329	0.00993169	0.00718792	0.186377	0.204637	0.15519	0.00185736	0.00851316
27	0.0673283	0.0154569	0.00123407	0.00248299	0.00866661	0.00303981	0.00226529	0.182126	0.0011609	0.056637	0.0120951	0.00302888	0.00299981	0.00227101	0.00694684	0.0099259	0.0554671	0.554561	0.00386799	0.00843844
28	0.501951	0.0797299	0.00194416	0.00396972	0.00172888	0.0530751	0.00175173	0.00882607	0.00186904	0.00533793	0.00371966	0.0030107	0.0127584	0.0125292	0.00351632	0.140917	0.0675027	0.0905327	0.000539263	0.00479015
29	0.0134871	0.00264276	0.000530024	0.000946995	0.00402034	0.00104068	0.00047123	0.401748	0.0011684	0.074076	0.00611434	0.000741722	0.000663279	0.000551209	0.00148563	0.00402421	0.0124766	0.469575	0.00192838	0.00230821
30	0.0137717	0.0171234	0.00141889	0.00208091	0.220881	0.00268522	0.0565841	0.0020521	0.00370322	0.0120913	0.00500958	0.0017106	0.00159982	0.00161786	0.0017796	0.00384436	0.00325437	0.0286164	0.0300072	0.590168
31	0.259018	0.00611375	0.0213721	0.00547304	0.0132075	0.00531614	0.00562689	0.0106462	0.0054037	0.0142659	0.0119972	0.0190482	0.00494661	0.00619011	0.00744181	0.288945	0.264614	0.0336119	0.0141991	0.00256155
32	0.0184616	0.00314209	0.307915	0.404367	0.00275357	0.00497763	0.00429022	0.00712225	0.0295791	0.0100626	0.00343804	0.00576317	0.0347228	0.00754043	0.00382186	0.0148784	0.0954788	0.0383756	0.00116822	0.00214178
33	0.393894	0.00462164	0.00469518	0.00759794	0.00492456	0.0577617	0.00497311	0.0302762	0.0042416	0.039285	0.00765919	0.004942	0.233732	0.00566507	0.00508784	0.0111399	0.00867	0.166289	0.00131198	0.00323218
34	0.0375793	0.00653657	0.00918151	0.0129086	0.209519	0.00303071	0.411091	0.00322726	0.0092621	0.0107301	0.00214087	0.0171552	0.00363844	0.0014865	0.018211	0.013365	0.00288821	0.0141747	0.027732	0.186142
35	0.0998275	0.014578	0.00172617	0.0025238	0.00717248	0.00207607	0.00192932	0.153126	0.00264974	0.0711651	0.0130764	0.002524	0.00418327	0.0020705	0.0163965	0.00898118	0.0624507	0.5237	0.00347927	0.00636471
36	0.0962783	0.00348281	0.0562047	0.0871513	0.000484643	0.0119442	0.0142465	0.00720667	0.240382	0.0248049	0.00900062	0.0183393	0.000989217	0.0752107	0.266466	0.0651608	0.0183617	0.00246442	0.00142638	0.000394698
37	0.0969016	0.00538859	0.0536894	0.161207	0.0058117	0.00861922	0.0662197	0.00800586	0.0341315	0.260293	0.117944	0.00549785	0.00470509	0.0358742	0.034851	0.065684	0.0102563	0.0136108	0.00730753	0.00400196
38	0.589235	0.073372	0.00123106	0.00397712	0.000997436	0.0571455	0.00107011	0.00893325	0.00283767	0.00316168	0.00394393	0.00379378	0.00420726	0.00583794	0.00317616	0.148881	0.040051	0.0470096	0.000329679	0.000808485
39	0.0488068	0.00846808	0.211347	0.051114	0.0199321	0.0777499	0.0322323	0.0103919	0.0107968	0.00695291	0.00357331	0.0889703	0.0744504	0.0104728	0.0115781	0.167973	0.125861	0.0348023	0.00190153	0.00262468
40	0.0441247	0.0113445	0.0753953	0.182758	0.0604803	0.005075	0.028619	0.00490272	0.0263023	0.0299584	0.00412451	0.0384564	0.00383544	0.165401	0.0602038	0.0258115	0.0909292	0.0883553	0.00122285	0.0526994
41	0.316434	0.005339	0.00954695	0.013433	0.00332948	0.00816073	0.0134889	0.0106228	0.0877476	0.0212793	0.0131566	0.0188519	0.0031495	0.025033	0.104995	0.250443	0.0651811	0.0265622	0.00107754	0.00216755
42	0.028874	0.00541732	0.0046553	0.0141706	0.0693777	0.00521519	0.018844	0.25418	0.00914681	0.150803	0.0089943	0.00287474	0.00221434	0.0184522	0.0261459	0.0077995	0.0379122	0.289578	0.00126244	0.0440824
43	0.0411605	0.125456	0.00412388	0.0285272	0.106179	0.0283116	0.227974	0.00835876	0.0044749	0.104768	0.0049501	0.051736	0.0043029	0.00410543	0.122693	0.0129301	0.00753075	0.0127236	0.0357791	0.0639142
44	0.00388452	0.00389589	0.000375296	0.00082869	0.00634062	0.00163613	0.000433001	0.520889	0.00182999	0.154567	0.017312	0.000487756	0.000536026	0.000698409	0.000767789	0.00123718	0.00333814	0.280076	0.000346012	0.000519946
45	0.22971	0.00428027	0.0188791	0.0298133	0.00102261	0.0122233	0.0086365	0.0156614	0.18724	0.0277723	0.0140423	0.0596902	0.00127298	0.0560921	0.151115	0.102747	0.0597284	0.018199	0.000830545	0.00104421
46	0.00168011	0.00085569	0.000348372	0.00059426	0.00589916	0.00174301	0.000335317	0.573568	0.00202245	0.128357	0.0126217	0.00038138	0.000324774	0.000306503	0.000392607	0.000808529	0.00108539	0.268277	0.000158942	0.000240611
47	0.00712578	0.0163778	0.000585092	0.00219032	0.00986705	0.0013297	0.000725417	0.246884	0.000631087	0.415388	0.0664908	0.000666752	0.000681808	0.000871901	0.00143812	0.00401756	0.00139573	0.222612	0.000234557	0.00048608
48	0.127142	0.00185726	0.106987	0.314738	0.00158656	0.0250556	0.0119712	0.0093709	0.0747255	0.0180779	0.00553992	0.0265649	0.00634451	0.0791615	0.0448888	0.0721446	0.0605095	0.0116297	0.00102258	0.000682007
49	0.0887802	0.0278075	0.0010118	0.00240277	0.010286	0.00128134	0.000861587	0.159077	0.000690346	0.0928151	0.0266592	0.00307813	0.00331084	0.00223397	0.00736691	0.00405899	0.053794	0.505265	0.00407385	0.00514508
50	0.241596	0.102207	0.00197272	0.00320539	0.0184315	0.0046504	0.00228887	0.129052	0.00221849	0.110446	0.0599326	0.00262464	0.00195958	0.00247674	0.00358029	0.00613615	0.0126593	0.290677	0.00111735	0.00276874
51	0.580953	0.085812	0.00107274	0.0032939	0.00132463	0.04868	0.00116397	0.00934058	0.00181232	0.00307097	0.00362805	0.00566084	0.00559315	0.00488527	0.00166841	0.165944	0.0306605	0.0442324	0.000387411	0.000815114
52	0.0657337	0.002013	0.444181	0.177591	0.00169906	0.0025895	0.0110037	0.00297333	0.00172473	0.00348547	0.00231804	0.0219278	0.00163126	0.196025	0.00183379	0.0257013	0.00893515	0.0265212	0.000640122	0.00147243
53	0.477995	0.0549056	0.0131928	0.0106124	0.00470518	0.147084	0.00726355	0.00869813	0.00832513	0.0174366	0.00962726	0.0123503	0.0141786	0.00909561	0.009094	0.121176	0.0287278	0.0415015	0.00101316	0.00301775
54	0.00603345	0.00237724	0.000451551	0.000985638	0.00501884	0.0014174	0.000522468	0.479879	0.00164414	0.113124	0.0104397	0.00059206	0.00167861	0.000653193	0.00102236	0.00128013	0.00605599	0.364413	0.00117347	0.00123678
55	0.0446582	0.0261339	0.0180698	0.0603949	0.169155	0.0130603	0.300665	0.0112846	0.012041	0.0343969	0.0069761	0.0247989	0.00847011	0.0153735	0.0349663	0.0224672	0.0204431	0.0309629	0.0216512	0.124031
56	0.122095	0.0128061	0.0195442	0.0266009	0.0107551	0.0358072	0.0139531	0.0218861	0.0149653	0.0250448	0.0191408	0.0150246	0.397547	0.0111531	0.0155185	0.123693	0.0458364	0.0546667	0.00389277	0.0100695
57	0.0441803	0.00479993	0.0273485	0.0126515	0.00325254	0.715319	0.00676103	0.00461121	0.0147866	0.00709324	0.00854812	0.0377448	0.00486931	0.0144245	0.00961983	0.0607936	0.00870638	0.01021	0.000842118	0.00343737
58	0.0138764	0.0173049	0.00137888	0.00199682	0.220447	0.00272103	0.0552882	0.00201794	0.00366576	0.0120884	0.00501623	0.00166269	0.00161382	0.00159352	0.00175261	0.0038105	0.0032743	0.0287382	0.0302604	0.591492
59	0.0480692	0.0050562	0.0251863	0.0134568	0.00357728	0.706866	0.00788085	0.00373476	0.0152467	0.00782032	0.00686383	0.0337765	0.0107542	0.0130551	0.0111611	0.0619863	0.00979568	0.010751	0.000964253	0.0039973
60	0.0234517	0.0096586	0.0042053	0.00675242	0.297147	0.0279595	0.0322176	0.0104138	0.00687007	0.0711683	0.036893	0.0128343	0.00999528	0.00509377	0.00774233	0.0161432	0.0153219	0.0214702	0.00905261	0.375609
61	0.0339958	0.016969	0.00720934	0.014034	0.0352075	0.00913547	0.00924709	0.146897	0.0115723	0.38202	0.11336	0.00717902	0.0066281	0.0131371	0.0200011	0.015853	0.0220817	0.123171	0.00415641	0.00814495
62	0.524017	0.0510523	0.00484627	0.0056704	0.00526115	0.0424903	0.00328616	0.00770385	0.0125526	0.00960942	0.0106878	0.00808329	0.00774628	0.00823159	0.0121298	0.200696	0.0466695	0.0354463	0.00192297	0.00189681
63	0.0827223	0.0118116	0.0492837	0.245497	0.0147769	0.0207815	0.0259203	0.0298549	0.0465292	0.132999	0.0392867	0.0169079	0.016733	0.0450321	0.0448525	0.0439106	0.040915	0.0546903	0.0271671	0.0103284
64	0.0982021	0.00453625	0.043189	0.056603	0.00130483	0.0112656	0.0262763	0.00936261	0.189065	0.0200576	0.00934025	0.066387	0.00368241	0.0595462	0.262598	0.0950815	0.0325531	0.00851163	0.00129129	0.00114657
65	0.304203	0.00291774	0.00269713	0.0397568	0.00245515	0.0207935	0.00273967	0.00383723	0.0357043	0.00901206	0.0561663	0.00658206	0.228918	0.00649696	0.0324133	0.0944741	0.0814626	0.0400019	0.000933713	0.0284344
66	0.122808	0.00217389	0.108528	0.306706	0.0016747	0.0294453	0.0118857	0.00867487	0.0807466	0.0200057	0.00544143	0.0271234	0.00554069	0.0765742	0.0459657	0.0756408	0.0581819	0.011019	0.00111875	0.000745274
67	0.0232782	0.0368131	0.00361092	0.00556855	0.107418	0.00478164	0.00915431	0.165256	0.00530133	0.398866	0.0552584	0.00419203	0.0036757	0.00651927	0.00927282	0.00779443	0.0152884	0.127655	0.00549346	0.00480287
68	0.504048	0.0969118	0.00215217	0.00371995	0.00171331	0.0392855	0.00168573	0.00819845	0.00140742	0.00554481	0.00298746	0.00353707	0.0293468	0.0137862	0.00306321	0.140355	0.05244	0.0865963	0.000528589	0.00269196
69	0.0964692	0.00385877	0.0592056	0.0989273	0.000578055	0.0136054	0.0132887	0.00735875	0.234903	0.0232457	0.00908925	0.0200409	0.00106473	0.0769104	0.250679	0.0654446	0.0203324	0.00284852	0.00170884	0.00044116
70	0.325158	0.0289764	0.0223091	0.0369247	0.00283253	0.0088725	0.00652473	0.0360816	0.0785697	0.0536121	0.033402	0.0163778	0.00285174	0.0276871	0.164866	0.0705014	0.0406709	0.0397649	0.00101159	0.00300425
71	0.0368163	0.147971	0.00187088	0.0092864	0.00922256	0.00234072	0.00204514	0.110734	0.00641447	0.146704	0.0335661	0.00297777	0.00477676	0.00713651	0.0320698	0.0156252	0.038538	0.387209	0.00196833	0.0027262
72	0.0429811	0.0181039	0.0108129	0.0575745	0.189909	0.0205268	0.0249158	0.0166892	0.0134786	0.182174	0.0178411	0.0119444	0.00943328	0.0231608	0.0200426	0.0257406	0.0204601	0.0309749	0.249432	0.0138046
73	0.00155307	0.000573587	0.000358664	0.00058072	0.00584921	0.00179419	0.000334185	0.580071	0.0020495	0.123281	0.0117968	0.000382752	0.000324868	0.000307316	0.000348434	0.000754614	0.00108667	0.268159	0.000153236	0.000241166
74	0.044932	0.0045983	0.0377437	0.0305716	0.00505802	0.555838	0.0162389	0.00479165	0.0310761	0.0101419	0.00924561	0.0818293	0.00773811	0.0472123	0.0222337	0.0587828	0.0137729	0.0116891	0.00193306	0.00457254
75	0.111585	0.0122473	0.029535	0.0230904	0.00861591	0.0335262	0.0144573	0.0114341	0.0112891	0.0145154	0.0161256	0.0224839	0.372209	0.0097095	0.0151276	0.194405	0.0591693	0.0320459	0.00207584	0.0063535
76	0.0451544	0.00726365	0.166245	0.0420098	0.00799546	0.0846992	0.0280526	0.0140135	0.014111	0.00354152	0.00207954	0.0909903	0.0911827	0.00832821	0.0162968	0.252743	0.106341	0.0169876	0.00061591	0.00134862
77	0.0583757	0.0125039	0.00851552	0.0290622	0.00805667	0.00693191	0.0115221	0.156036	0.0610823	0.203819	0.0346032	0.0195203	0.026711	0.0200913	0.0490392	0.0623752	0.0709766	0.155334	0.000924918	0.0045199
78	0.159759	0.00680025	0.0278281	0.115641	0.00178488	0.0214764	0.0284304	0.0181904	0.0837672	0.020843	0.0219302	0.037591	0.0112508	0.0864206	0.129278	0.0962928	0.0966825	0.0297815	0.00358081	0.00267067
79	0.479047	0.0313728	0.00383148	0.00511907	0.00625514	0.0326459	0.00350247	0.00626441	0.0133134	0.00833647	0.0219186	0.00641888	0.00538906	0.00573195	0.014021	0.271167	0.0549369	0.0273181	0.00145596	0.00195529
80	0.103678	0.0100099	0.0412989	0.0757159	0.00742831	0.0353549	0.0217973	0.0188052	0.185134	0.0413608	0.0159194	0.0332892	0.0164689	0.0548107	0.179569	0.0719378	0.046123	0.0306788	0.00454189	0.00607812
81	0.0962854	0.00350956	0.056553	0.0888023	0.000498167	0.0121182	0.0141551	0.00722335	0.240675	0.0247285	0.0090071	0.0183566	0.001006	0.0755242	0.263796	0.0650161	0.0183767	0.00248079	0.00147732	0.000410326
82	0.0356586	0.00231523	0.00126948	0.00397926	0.0739341	0.00150478	0.0112558	0.371334	0.00137932	0.330483	0.0235953	0.00135345	0.00111975	0.00457667	0.0128077	0.0027128	0.0311213	0.0771546	0.000436988	0.0120079
83	0.31792	0.026357	0.00823701	0.00938345	0.0219066	0.0621823	0.006547	0.0454872	0.00584422	0.128483	0.115989	0.00905244	0.0201315	0.00634334	0.0181868	0.0304377	0.0154564	0.145486	0.00211228	0.00445716
84	0.220035	0.00690456	0.0245231	0.040163	0.000849742	0.0183954	0.0151446	0.0238836	0.119547	0.0298931	0.0211146	0.0448353	0.00417814	0.0737489	0.133239	0.12001	0.077234	0.0236392	0.00134588	0.00131523
85	0.212006	0.0246366	0.094522	0.0457356	0.0268345	0.0379116	0.0289901	0.0300616	0.0240445	0.208363	0.0370099	0.0216369	0.0151741	0.0211985	0.0260337	0.0444591	0.0256049	0.0550042	0.00620331	0.0145699
86	0.0330477	0.00100633	0.0561636	0.0312634	0.00108666	0.474308	0.0266177	0.00134553	0.0515007	0.00220738	0.00151486	0.17434	0.000755531	0.0464539	0.0310977	0.0620165	0.00168451	0.00249409	0.000448301	0.000647003
87	0.049719	0.0113791	0.00130594	0.0023573	0.00659696	0.00202473	0.00162009	0.30114	0.00100773	0.0445418	0.00802137	0.00191737	0.00203719	0.00126073	0.00410198	0.0103996	0.0286859	0.513052	0.00295538	0.00587625
88	0.0711485	0.00778056	0.0789234	0.0275208	0.0349557	0.028373	0.102956	0.00878686	0.00803599	0.00854948	0.00721146	0.124685	0.134221	0.0101464	0.0110336	0.237593	0.0750451	0.0151142	0.00207945	0.00584079
89	0.0294031	0.0746046	0.00125651	0.00569268	0.0134701	0.00169576	0.00140677	0.134887	0.00145315	0.157145	0.0511784	0.004212	0.00270105	0.00935173	0.00471208	0.00379278	0.0689173	0.426771	0.00349922	0.00385005
90	0.0506005	0.00962745	0.000671631	0.00143779	0.00591299	0.000721156	0.000688193	0.231635	0.000595817	0.0557109	0.00812083	0.0017986	0.00247582	0.000957251	0.00567679	0.00656652	0.0414622	0.565613	0.00389061	0.00583688
91	0.0642398	0.0085365	0.0936403	0.0904676	0.00822881	0.0429617	0.00848258	0.160604	0.0115137	0.151114	0.0475994	0.0142955	0.0108592	0.00818347	0.0146342	0.0570589	0.0558714	0.143172	0.00290265	0.00563433
92	0.138786	0.00769923	0.029652	0.102057	0.00184587	0.0397957	0.0289157	0.0193419	0.0799691	0.0200461	0.0198455	0.0327799	0.0166521	0.0782604	0.132795	0.103895	0.100378	0.0399271	0.00448581	0.0028722
93	0.0114569	0.00419488	0.00220845	0.00306768	0.371224	0.0140788	0.00988196	0.00328063	0.00664793	0.0787471	0.0185847	0.00215172	0.00213658	0.00234932	0.00251293	0.0164635	0.0150971	0.014044	0.00494367	0.416928
94	0.104036	0.00908119	0.0701491	0.171953	0.0112753	0.0267518	0.0131429	0.0151386	0.0332513	0.0241533	0.0210684	0.0182799	0.220823	0.029194	0.0220823	0.0833243	0.0580974	0.054457	0.00366536	0.0100754
95	0.035598	0.0301647	0.000841761	0.00280935	0.00941358	0.00104192	0.00100201	0.175576	0.00142926	0.164505	0.0269835	0.00207941	0.00607409	0.00304052	0.0100485	0.0039435	0.0362442	0.48181	0.00318772	0.00420735
96	0.0161083	0.00269762	0.0018828	0.0114612	0.0112657	0.00278514	0.0021539	0.0582624	0.00314624	0.441085	0.360614	0.00811728	0.00134683	0.0054195	0.00496572	0.00506577	0.00905211	0.0458638	0.000585269	0.00812091
97	0.00261482	0.00362893	0.000419058	0.000868258	0.00779781	0.00243567	0.000419389	0.524787	0.00181392	0.179143	0.0226833	0.000426431	0.000346198	0.000420148	0.000714125	0.00135996	0.00105687	0.24858	0.0001817	0.000303209
98	0.109072	0.0126536	0.0253956	0.0654211	0.0175357	0.0212019	0.0166295	0.0430323	0.156314	0.131837	0.0344103	0.0193047	0.01669	0.0447455	0.103401	0.0561459	0.0466761	0.059033	0.00649368	0.0140073
99	0.212919	0.00443972	0.00309146	0.0238603	0.00328248	0.0217327	0.00395202	0.00590496	0.0161661	0.00989872	0.0322126	0.00641853	0.379442	0.00618891	0.0160072	0.142622	0.068791	0.0295926	0.000816088	0.012662
100	0.253812	0.0119588	0.0064798	0.00509354	0.00747808	0.00935734	0.00919573	0.0405352	0.00515053	0.0309248	0.00621563	0.00717265	0.00431967	0.00499811	0.00631304	0.204166	0.238457	0.139478	0.00575752	0.0031373
101	0.265863	0.00624368	0.0137566	0.0235877	0.00208549	0.0121809	0.0204569	0.0131523	0.0898534	0.025132	0.0143408	0.0236316	0.00454169	0.0390513	0.114305	0.222439	0.0798705	0.025586	0.00156521	0.00235686
102	0.0887511	0.0182817	0.021549	0.0195131	0.0114927	0.459993	0.0108498	0.0283694	0.0141201	0.028989	0.016716	0.0179219	0.0257219	0.0136248	0.0142139	0.0596893	0.0265745	0.109628	0.00236383	0.0116373
103	0.0564204	0.00988715	0.0340244	0.0168539	0.00401209	0.607313	0.00912597	0.00795234	0.0112148	0.00875103	0.00736629	0.0192139	0.0148244	0.010372	0.0112542	0.103515	0.0442721	0.0195322	0.00161933	0.00247589
104	0.0436877	0.0041305	0.0263479	0.00955604	0.0025505	0.741749	0.00497582	0.00336518	0.0103073	0.00554917	0.00580627	0.0225847	0.00446404	0.009674	0.00674347	0.0773203	0.0112507	0.00801493	0.000567122	0.00135526
105	0.0585944	0.00633173	0.025455	0.0100849	0.00183357	0.71559	0.00506273	0.00302058	0.0108328	0.00577319	0.00728279	0.0214669	0.00863772	0.0093004	0.00806247	0.0821084	0.0104846	0.00824883	0.000614605	0.00121471
106	0.0406704	0.00227721	0.0182379	0.0297271	0.00154186	0.00379598	0.0408411	0.0041954	0.17667	0.00958437	0.00396082	0.0280136	0.00842773	0.0454032	0.532064	0.0347011	0.0134284	0.00371109	0.00138319	0.00136531
107	0.0561628	0.00666443	0.0268056	0.013368	0.00281342	0.699143	0.00623602	0.00299539	0.0124883	0.00616422	0.00695501	0.0263042	0.0109977	0.0121217	0.00884414	0.0788041	0.0118976	0.00899604	0.000858497	0.0013797
108	0.0141167	0.00434206	0.00165567	0.0083581	0.0170695	0.00247098	0.00250634	0.0924403	0.00327858	0.445649	0.306301	0.00643534	0.00118998	0.00561407	0.00565184	0.00522458	0.0101912	0.0606838	0.000555009	0.00626559
109	0.102747	0.00574285	0.0525012	0.0777435	0.00273017	0.0128358	0.0203787	0.0212179	0.178301	0.0249573	0.0116377	0.0256531	0.00493431	0.0654263	0.265762	0.0703608	0.0375697	0.0150175	0.00241929	0.00206308
110	0.00165459	0.000605777	0.000364326	0.000581249	0.00578526	0.00176437	0.000335938	0.579732	0.00205414	0.122444	0.0116553	0.000382014	0.000326276	0.000305122	0.00035369	0.00083144	0.00111502	0.269311	0.000154044	0.000244998
111	0.104346	0.0306558	0.00129994	0.00227597	0.0089137	0.0111489	0.00378882	0.148736	0.00159754	0.0456739	0.0111974	0.00218867	0.00325826	0.00168181	0.0073756	0.0206786	0.0557651	0.519521	0.00268395	0.0172133
112	0.266455	0.00608516	0.00711903	0.00868548	0.0624187	0.11051	0.00571092	0.0351205	0.00531405	0.121634	0.0406319	0.00548691	0.0043924	0.00554255	0.0964926	0.12904	0.00979224	0.0740086	0.00223721	0.00332243
113	0.608369	0.0737539	0.000545123	0.00351109	0.00071721	0.0582629	0.000594741	0.00628676	0.000877626	0.00230124	0.00339046	0.0028285	0.00423985	0.00469057	0.000775035	0.150379	0.0321889	0.0455754	0.000236757	0.000475734
114	0.166311	0.0101006	0.0232836	0.0478854	0.000844188	0.0177706	0.0187166	0.0228696	0.129411	0.0248408	0.0188946	0.0352344	0.00564552	0.0741174	0.167358	0.119706	0.0860835	0.0272458	0.0020809	0.00160048
115	0.184501	0.0068776	0.0253474	0.0628129	0.00105688	0.0216107	0.0221442	0.019814	0.104852	0.0248472	0.0188433	0.0423424	0.00828935	0.0769003	0.138616	0.119495	0.0890021	0.0283677	0.0025362	0.00174508
116	0.0808699	0.0105536	0.068556	0.239005	0.0149423	0.0197016	0.06635	0.0166309	0.0452842	0.0240733	0.0133927	0.0310282	0.0235992	0.0497072	0.0587464	0.0717313	0.108363	0.0438526	0.00345592	0.0101562
117	0.60793	0.0653633	0.00263624	0.00585558	0.000908206	0.0713909	0.000702164	0.00589392	0.000979028	0.00322898	0.00414357	0.00257815	0.00396819	0.00453105	0.00104167	0.143426	0.0305713	0.0439087	0.000312294	0.000630665
118	0.205652	0.00373147	0.00581347	0.0997609	0.00235877	0.0153566	0.00288104	0.0292679	0.158602	0.0994021	0.0565037	0.0074159	0.00238219	0.0856562	0.137569	0.0263189	0.0109987	0.0195874	0.00101009	0.0297318
119	0.236282	0.00602704	0.0206644	0.0321319	0.00107277	0.0174109	0.0124656	0.0220081	0.131467	0.0278195	0.0184576	0.0556782	0.00293519	0.0678586	0.132135	0.120867	0.0712693	0.0214115	0.00098672	0.00105073
120	0.35635	0.00976534	0.0125153	0.00977821	0.0814124	0.00856945	0.00754017	0.0108983	0.0108627	0.0164787	0.0126069	0.0475334	0.00814743	0.0433139	0.0104488	0.216691	0.102915	0.021926	0.00683049	0.00541687
121	0.0237788	0.0117212	0.00573586	0.0100969	0.311034	0.0114781	0.0494893	0.0105377	0.026586	0.0388832	0.0111261	0.00795001	0.00809617	0.00790483	0.0107695	0.0168954	0.016884	0.0583932	0.0141191	0.348521
122	0.0355971	0.0010323	0.0559039	0.0311481	0.00110711	0.466175	0.0267064	0.00146923	0.0533432	0.00248194	0.00154937	0.175009	0.000775532	0.0470307	0.0316502	0.062833	0.00222619	0.00271506	0.000444899	0.00080108
123	0.0456785	0.0351925	0.25125	0.07407	0.0096738	0.0774984	0.0173313	0.0440544	0.01263	0.0238907	0.00970715	0.0692482	0.0370624	0.0140781	0.0153388	0.132002	0.0687403	0.0569897	0.00225968	0.00330361
124	0.0554967	0.00759078	0.206819	0.0601162	0.00934338	0.0884037	0.0293224	0.00956881	0.0100703	0.00357937	0.00183007	0.0886692	0.0760978	0.00825142	0.0119948	0.198153	0.109281	0.0237862	0.000541338	0.00108471
125	0.128332	0.00886496	0.0321087	0.0968766	0.00337001	0.0205526	0.0365101	0.0177444	0.0619596	0.0191802	0.0160649	0.028279	0.0153252	0.0707369	0.157247	0.106651	0.110925	0.0611155	0.00425721	0.0038987
126	0.00756879	0.0158182	0.000681762	0.00243051	0.0106123	0.00137656	0.00106334	0.243506	0.00106544	0.408482	0.0733813	0.000850573	0.00075092	0.00145396	0.00231511	0.00437254	0.00315176	0.220119	0.000296526	0.000703616
127	0.0161446	0.0147937	0.00221142	0.00412675	0.0870217	0.00232538	0.00818992	0.17674	0.00394614	0.466317	0.0735981	0.00216607	0.00162872	0.00727606	0.0100318	0.00686255	0.017585	0.0930754	0.00180441	0.00415526
128	0.0236573	0.0289607	0.00077618	0.00688006	0.018824	0.001274	0.00143594	0.240124	0.000974599	0.250881	0.0396685	0.00257375	0.00232921	0.00386543	0.00443008	0.00292697	0.0273737	0.336803	0.00231332	0.00392706
129	0.0747703	0.00502356	0.115053	0.345822	0.00969175	0.0187486	0.021143	0.0127823	0.0539548	0.0312674	0.0116434	0.020197	0.0195421	0.0645462	0.0485673	0.0477449	0.0514447	0.0329134	0.00814909	0.00699545
130	0.0192284	0.00261598	0.00649512	0.0146295	0.00161353	0.00200082	0.054657	0.00290453	0.143985	0.00342232	0.00195025	0.0377419	0.0164673	0.0431705	0.609662	0.0229641	0.00988431	0.00350242	0.00192602	0.00117903
131	0.0103896	0.00598061	0.00187904	0.00268847	0.305364	0.0106761	0.0163456	0.00266629	0.00429571	0.0708553	0.0198179	0.00183988	0.00180813	0.00217437	0.00238932	0.0127703	0.011219	0.0139592	0.00851631	0.494365
132	0.00185218	0.000904032	0.000372009	0.000624701	0.00594817	0.0017547	0.000359461	0.573174	0.00203067	0.127304	0.0127056	0.00039708	0.000341919	0.000332528	0.000386318	0.000825604	0.00130717	0.268945	0.000166925	0.000268758
133	0.246224	0.0107724	0.0081026	0.0184556	0.00731589	0.114479	0.00707635	0.0210311	0.00842688	0.0316684	0.0109296	0.00883618	0.256768	0.00969284	0.0104948	0.0350776	0.0195014	0.166416	0.00206801	0.00666229
134	0.0207857	0.00423331	0.00685413	0.0173196	0.0080865	0.00227965	0.0871151	0.00380894	0.128856	0.00636206	0.00262291	0.0355528	0.0113396	0.038227	0.577869	0.0218983	0.0101894	0.00589878	0.003651	0.00704963
135	0.0682385	0.119402	0.0131171	0.0261575	0.0755623	0.0247157	0.241258	0.018988	0.0133661	0.046458	0.0122708	0.0343486	0.0160026	0.0133911	0.0522222	0.0438872	0.0234225	0.041856	0.0399737	0.0753626
136	0.00631938	0.00184511	0.000423424	0.000783606	0.00505082	0.00163518	0.000412817	0.560595	0.00178017	0.100585	0.011098	0.000509359	0.00042025	0.00046336	0.000543799	0.00369568	0.00357796	0.299482	0.000325699	0.000453939
137	0.095522	0.00489637	0.0805449	0.306491	0.00594313	0.0188402	0.017924	0.0129027	0.114331	0.0240959	0.00999895	0.0182755	0.0160403	0.0603154	0.0783431	0.0519951	0.0495319	0.0269284	0.00258614	0.00449352
138	0.0433002	0.0309469	0.00078752	0.00361089	0.0151632	0.000996714	0.00100365	0.175366	0.000810016	0.102266	0.0311078	0.00393832	0.00336389	0.00339763	0.00542802	0.00350296	0.0546791	0.509326	0.00516796	0.00583761
139	0.0949957	0.014586	0.0472331	0.0873707	0.0170016	0.0336143	0.0208643	0.0222104	0.0366704	0.0327349	0.0204895	0.0232627	0.132246	0.182078	0.0485032	0.066701	0.0484475	0.0518257	0.00537973	0.0137846
140	0.00162211	0.000556435	0.000366429	0.00058846	0.0057521	0.00175597	0.000338964	0.577777	0.00203462	0.122097	0.0116068	0.000381306	0.000334641	0.000310203	0.000366596	0.000752308	0.00115459	0.271794	0.000168305	0.000242316
141	0.0132118	0.00834083	0.00150593	0.00405888	0.0618568	0.00299885	0.00573085	0.146924	0.00570511	0.443099	0.155433	0.0026425	0.00157549	0.0123027	0.0119048	0.00782339	0.0245739	0.0871245	0.000669254	0.00251843
142	0.434373	0.0822947	0.0102821	0.00720817	0.00266363	0.260716	0.00287308	0.00518955	0.00266582	0.0180606	0.017491	0.00354084	0.00287959	0.00376735	0.00246766	0.103186	0.0149639	0.0228029	0.000935241	0.00163904
143	0.0592905	0.00963365	0.183282	0.0584946	0.00804743	0.271115	0.0196015	0.0117038	0.0319858	0.0173883	0.00778549	0.0733431	0.0261364	0.0254615	0.0225907	0.101056	0.0444962	0.0222404	0.00191547	0.00443242
144	0.181787	0.00726529	0.0241791	0.0589177	0.00091347	0.0234715	0.0223115	0.0199002	0.108	0.0245685	0.0191908	0.0421451	0.0075217	0.0788546	0.13854	0.12012	0.089856	0.0281203	0.00256059	0.00177754
145	0.0582376	0.0113024	0.188854	0.0364271	0.00995453	0.402971	0.0122817	0.0152642	0.0144924	0.0675837	0.0116114	0.0242029	0.00922003	0.0128897	0.0108692	0.0565696	0.0201595	0.0292105	0.00210105	0.00579745
146	0.0707886	0.01496	0.0934424	0.020367	0.00860019	0.0323559	0.110725	0.00487615	0.00514401	0.00498421	0.00997124	0.225158	0.026484	0.0224597	0.0298259	0.154872	0.144321	0.0101442	0.000754092	0.00976645
147	0.0989207	0.0547177	0.00258711	0.00406545	0.025275	0.0597633	0.0169769	0.113055	0.00258344	0.0190114	0.00382978	0.00247917	0.00271082	0.00375934	0.00352388	0.0280339	0.0413637	0.434679	0.00122541	0.0814384
148	0.0352694	0.0102301	0.00057553	0.00162783	0.00815144	0.000902669	0.00100216	0.21956	0.000546191	0.0644899	0.00880316	0.00190766	0.00210964	0.00182214	0.00533821	0.00443472	0.0366356	0.582298	0.00595777	0.00833757
149	0.11651	0.077609	0.00386341	0.00745184	0.0851825	0.0287121	0.273757	0.0194633	0.00545673	0.0111638	0.00390931	0.00700845	0.029268	0.00354871	0.0109147	0.0601725	0.00702938	0.0524022	0.0934297	0.103148
150	0.0236159	0.0412408	0.00440011	0.00730574	0.115114	0.0050842	0.00804485	0.112415	0.00468148	0.393976	0.0483174	0.00475454	0.00322731	0.00694451	0.00772243	0.0093235	0.0166811	0.179461	0.00378972	0.00390023
151	0.0552698	0.00665618	0.00676777	0.00856271	0.121236	0.239592	0.0400681	0.00842696	0.00633375	0.0123483	0.0409091	0.10853	0.094653	0.00694701	0.00593251	0.0148771	0.00986714	0.0174783	0.00310997	0.192435
152	0.0457132	0.00582185	0.185856	0.360821	0.00898718	0.0128074	0.0103495	0.0133568	0.0355878	0.0180475	0.00564002	0.0153444	0.0267369	0.0339481	0.0206977	0.0359489	0.0985084	0.0578764	0.00205884	0.00589288
153	0.0615703	0.00784214	0.0166042	0.0383771	0.00744138	0.00758837	0.0452634	0.0135586	0.127856	0.0192406	0.0101756	0.0320156	0.0134548	0.0465673	0.450791	0.0426592	0.0267681	0.0222891	0.00304917	0.00688837
154	0.0337521	0.00257571	0.48843	0.247645	0.00228428	0.00497423	0.00694264	0.00378046	0.0107747	0.00511919	0.00310646	0.0134238	0.0148599	0.078541	0.00303747	0.0165819	0.0361448	0.024561	0.00116062	0.00230513
155	0.179309	0.213529	0.0137097	0.0230197	0.0248139	0.0262242	0.0288816	0.048527	0.0135652	0.0602934	0.0243801	0.0225362	0.0147659	0.0121791	0.032398	0.0702831	0.0350268	0.103084	0.0075089	0.0459649
156	0.191292	0.0268517	0.0416166	0.0406971	0.0138097	0.0537704	0.0230912	0.0234256	0.0377092	0.0300715	0.0184717	0.0352417	0.0413284	0.0266276	0.0455697	0.215766	0.0744659	0.0479471	0.00481946	0.00742807
157	0.0017	0.000776913	0.000353621	0.000626152	0.00583627	0.00177359	0.000338394	0.574633	0.00202761	0.126037	0.0123211	0.000378332	0.000325787	0.000322631	0.00035925	0.000764363	0.00109278	0.269909	0.000170517	0.000253349
158	0.0907726	0.0110102	0.0865393	0.100362	0.0107913	0.0272534	0.0173665	0.0175712	0.0593221	0.0397613	0.0215983	0.0257324	0.0189526	0.236491	0.081996	0.0515478	0.0514132	0.0399418	0.0030941	0.00848194
159	0.0621799	0.00927824	0.0199115	0.0375585	0.00618585	0.0140374	0.0402434	0.0129505	0.126686	0.0234783	0.00998945	0.0333552	0.0116253	0.0466916	0.44365	0.0466553	0.027544	0.0199042	0.00330657	0.0047691
160	0.0261334	0.0164321	0.012822	0.0174074	0.0157823	0.0105585	0.10535	0.00516152	0.0936057	0.0155448	0.00445569	0.0673843	0.0110762	0.034436	0.479041	0.0322652	0.0237983	0.00952133	0.00572494	0.0134988
161	0.0375897	0.0144398	0.0109358	0.0149505	0.164459	0.00663092	0.380886	0.00589374	0.00879445	0.0166708	0.00556703	0.0620022	0.00508149	0.00560727	0.0226526	0.0213158	0.0106207	0.0141737	0.0211168	0.170612
162	0.0895228	0.00917953	0.0845656	0.117535	0.0112433	0.0253341	0.0160956	0.0177934	0.0565138	0.0317509	0.0170129	0.0238258	0.0166542	0.259389	0.0741361	0.0495777	0.0495035	0.0335576	0.0046818	0.0121275
163	0.106713	0.0111034	0.0391667	0.0810548	0.00841249	0.0404705	0.0212253	0.0232599	0.183805	0.0383282	0.0168125	0.0344137	0.0154706	0.0559849	0.162047	0.0745376	0.0427384	0.031365	0.00347211	0.00961884
164	0.00488763	0.00109171	0.000390187	0.000679739	0.0049239	0.0014649	0.00037381	0.508989	0.0016414	0.10967	0.00966274	0.000478003	0.00073236	0.000353082	0.000867576	0.00137448	0.00398205	0.346763	0.000785075	0.000888241
165	0.00154948	0.000558445	0.000358398	0.00057705	0.00582743	0.00178378	0.000334207	0.580227	0.00205214	0.123079	0.0117456	0.000382572	0.00032482	0.000307323	0.000348272	0.000750788	0.00108893	0.26831	0.000152886	0.000241413
166	0.0750851	0.00763832	0.0999624	0.362556	0.00834309	0.0201584	0.020976	0.0144802	0.0544864	0.0298112	0.0125181	0.0191203	0.0211986	0.0603364	0.0483046	0.0451165	0.0467338	0.038563	0.00831133	0.00629982
167	0.0858271	0.0048534	0.0961698	0.304723	0.0101284	0.0187768	0.0199581	0.0125693	0.0571868	0.0258172	0.00863076	0.021124	0.0136189	0.133242	0.0510283	0.0506129	0.0424547	0.0297978	0.00548151	0.00799932
168	0.349992	0.0107257	0.0144776	0.00459394	0.00955638	0.0114791	0.00402947	0.00641777	0.00934879	0.0103217	0.0229889	0.0141504	0.00647734	0.00525177	0.0111825	0.305071	0.169886	0.0224945	0.00913799	0.00241678
169	0.127686	0.00990341	0.01978	0.0340108	0.0095562	0.0332322	0.0107485	0.0194016	0.0159022	0.0222168	0.019478	0.014081	0.396222	0.0144474	0.0168272	0.1229	0.0452462	0.058458	0.00283365	0.00706852
170	0.598809	0.0656916	0.00175085	0.00407388	0.00120266	0.0684258	0.000719627	0.00605926	0.00106118	0.0037118	0.00450227	0.0024096	0.00466469	0.00467232	0.00200785	0.154029	0.0302595	0.0450507	0.00023873	0.000660231
171	0.0484634	0.118478	0.00439237	0.008365	0.00648058	0.0132954	0.00628673	0.0580748	0.00810203	0.0476286	0.0100742	0.00553776	0.170327	0.00742364	0.0114417	0.15863	0.10312	0.205857	0.00245316	0.00556798
172	0.167026	0.00513338	0.0618781	0.00999323	0.0927109	0.0951813	0.091359	0.00813827	0.00500705	0.233412	0.00736821	0.0619936	0.00477148	0.0056204	0.00779394	0.04231	0.0102607	0.0546364	0.00259697	0.0328091
173	0.00716171	0.0164952	0.000590537	0.00223272	0.0098733	0.00132704	0.000716916	0.246817	0.000632794	0.414971	0.0662248	0.000681756	0.000708149	0.000910674	0.00143572	0.00399656	0.00150508	0.222957	0.000233011	0.000528838
174	0.0466811	0.00697249	0.211439	0.0624101	0.0108653	0.0547004	0.0481147	0.00717706	0.0133289	0.00320034	0.00165321	0.0806951	0.0771762	0.0132226	0.0104648	0.188494	0.144707	0.0170232	0.000548554	0.00112653
175	0.00816982	0.00568206	0.0020267	0.00462634	0.0469893	0.00305516	0.00425975	0.0931462	0.0154182	0.394901	0.182047	0.00225759	0.00175518	0.0341782	0.0305896	0.0154418	0.0651213	0.0880803	0.000755857	0.00149865
176	0.0684671	0.0319543	0.0194078	0.0489756	0.0324882	0.0187367	0.0656478	0.0250723	0.0666224	0.0512797	0.0141132	0.0303991	0.0121192	0.0348009	0.260761	0.0513789	0.0379482	0.0432588	0.0676216	0.0189475
177	0.12653	0.00366099	0.0588636	0.189838	0.00190382	0.0222121	0.0162395	0.0110502	0.127514	0.0187484	0.0120768	0.0282772	0.00820458	0.0846232	0.120406	0.0778046	0.0671809	0.0186675	0.00454008	0.00165851
178	0.0960908	0.00345601	0.0562157	0.0874929	0.000484878	0.0119536	0.0141889	0.00716077	0.240773	0.0247592	0.00900037	0.0182535	0.00099973	0.0752368	0.266502	0.0649605	0.0181806	0.00244311	0.00145139	0.000396499
179	0.0123171	0.0101848	0.00108677	0.00386464	0.0241474	0.00184557	0.00270633	0.214916	0.00146414	0.430474	0.139584	0.00245049	0.000797941	0.00268802	0.00416534	0.0042948	0.00734921	0.13224	0.000341359	0.00308255
180	0.104022	0.0814479	0.00369196	0.00925424	0.095571	0.0391888	0.256436	0.0230757	0.00508226	0.0175086	0.00394175	0.0102786	0.0253027	0.00336904	0.0188152	0.0550778	0.00660438	0.0439293	0.090006	0.107396
181	0.119019	0.00185447	0.0664265	0.356428	0.00176322	0.0108898	0.0286989	0.00486683	0.123661	0.0111454	0.00485169	0.011218	0.00219858	0.0792697	0.0933691	0.042803	0.0273192	0.0114262	0.00147887	0.00131349
182	0.175414	0.00665891	0.0381839	0.0733605	0.00149829	0.0196167	0.0254934	0.0175292	0.124314	0.027443	0.0239713	0.0361952	0.006826	0.0789882	0.136119	0.112935	0.0695892	0.0218009	0.00222426	0.00183972
183	0.592232	0.077504	0.000783773	0.00328466	0.00106353	0.053127	0.000721097	0.00654495	0.000976945	0.00251071	0.00317504	0.00382811	0.00461475	0.00460277	0.000927388	0.163261	0.0322103	0.0474993	0.000336409	0.000795916
184	0.0443525	0.255973	0.0032735	0.0215427	0.0034948	0.00370702	0.00309347	0.1023	0.0209113	0.0771554	0.00369148	0.00323184	0.00340257	0.00363191	0.123343	0.0427147	0.00645491	0.273694	0.00152972	0.0025028
185	0.226681	0.00681857	0.0226857	0.0348615	0.000714695	0.016786	0.0143472	0.0218997	0.124153	0.0291978	0.0203054	0.0443909	0.00331706	0.0703124	0.137009	0.124927	0.076198	0.023204	0.00109906	0.00109199
186	0.0526624	0.0197425	0.00107974	0.00326656	0.0439937	0.00182257	0.00504492	0.237796	0.00174176	0.365588	0.0601353	0.00154515	0.000973062	0.00351693	0.00650792	0.0043291	0.0134817	0.172103	0.000391165	0.00427827
187	0.602244	0.0750735	0.00073717	0.00362056	0.000770275	0.0674531	0.000870322	0.00619163	0.0011261	0.00385734	0.00418362	0.00270882	0.00423952	0.0047338	0.000885237	0.143336	0.030638	0.046481	0.000280605	0.000568784
188	0.0960908	0.00345601	0.0562157	0.0874929	0.000484878	0.0119536	0.0141889	0.00716077	0.240773	0.0247592	0.00900037	0.0182535	0.00099973	0.0752368	0.266502	0.0649605	0.0181806	0.00244311	0.00145139	0.000396499
189	0.210024	0.00619214	0.0279378	0.0560484	0.00091968	0.0180815	0.0155412	0.0205319	0.120633	0.0284222	0.0189157	0.0417111	0.00509754	0.0737653	0.132587	0.118625	0.0774614	0.024475	0.00164935	0.00138193
190	0.0713538	0.0173682	0.00117946	0.00250847	0.00856133	0.00105176	0.00103131	0.182047	0.000933121	0.0866892	0.0150132	0.00243114	0.00362946	0.00188658	0.00923555	0.00437213	0.0519245	0.528596	0.00395967	0.00622748
191	0.0333775	0.00100331	0.056732	0.0314525	0.00107492	0.470386	0.0269627	0.00136285	0.0518603	0.00217078	0.00148036	0.176143	0.000749906	0.0469738	0.0310455	0.0620493	0.00165336	0.00241944	0.000451349	0.000651452
