227	20
1	0.102323	0.0209383	0.0128906	0.0182363	0.00931035	0.028518	0.0189259	0.0232657	0.2007	0.0204097	0.029067	0.0215091	0.0227529	0.0437502	0.262673	0.0775095	0.0354911	0.0400759	0.000822484	0.0108306
2	0.0448493	0.0264624	0.0156738	0.00933708	0.0208315	0.0122476	0.00923196	0.00986215	0.0462358	0.0417298	0.00925069	0.031887	0.00225161	0.0190205	0.0194133	0.182807	0.459699	0.0254222	0.000498075	0.0132888
3	0.0678433	0.0247423	0.00971332	0.00898587	0.0577618	0.0189099	0.0265825	0.0192271	0.0424513	0.0207197	0.0158643	0.0358565	0.00707752	0.0191086	0.0156147	0.220329	0.29797	0.0287179	0.000992862	0.0615322
4	0.110855	0.00770482	0.0610109	0.00625618	0.00466399	0.139555	0.025933	0.00301858	0.0790911	0.00873897	0.00481464	0.187752	0.00450618	0.0135805	0.00441114	0.257267	0.0691618	0.00756334	0.000613513	0.00350371
5	0.0154219	0.00576021	0.000644231	0.000631363	0.0153118	0.00374366	0.00314667	0.115715	0.00107294	0.630942	0.0964557	0.000905942	0.00564601	0.00553596	0.00604385	0.00905526	0.0236512	0.0511354	0.000429819	0.00875058
6	0.0324203	0.00664359	0.064923	0.141224	0.108016	0.0068323	0.0251386	0.00442588	0.00564039	0.171276	0.0286143	0.0238145	0.0386931	0.195225	0.00473571	0.0497201	0.0610276	0.0078898	0.000935525	0.0228046
7	0.535954	0.00761411	0.00535264	0.00174767	0.00328855	0.0442242	0.0245953	0.00341444	0.00315737	0.00397901	0.0118825	0.00376527	0.00268351	0.00340889	0.00220364	0.26741	0.0539438	0.0187983	0.000492373	0.00208492
8	0.186546	0.00638345	0.00831149	0.00866851	0.00829138	0.0308183	0.0347162	0.015109	0.0207198	0.0158637	0.0344279	0.0225112	0.334922	0.0407838	0.0447866	0.126977	0.0243293	0.0206285	0.00329888	0.0119072
9	0.0358782	0.0115206	0.00782441	0.00691793	0.0109963	0.0162731	0.0557857	0.21889	0.00996319	0.0169637	0.0105291	0.162562	0.00720396	0.0122671	0.0457511	0.0456437	0.242486	0.0652937	0.00153242	0.015718
10	0.0398657	0.0105431	0.000595143	0.00175605	0.01641	0.00816745	0.00322656	0.177758	0.000769653	0.421762	0.0516774	0.00129437	0.00229632	0.00314468	0.00237514	0.00745304	0.0124312	0.233185	0.000153324	0.00513622
11	0.161025	0.0920726	0.000916801	0.000859016	0.0185141	0.0243197	0.00151459	0.0926981	0.00313876	0.101306	0.0357118	0.00123654	0.00564916	0.00142079	0.00314546	0.0616819	0.0431377	0.342518	0.00218024	0.00695348
12	0.0530539	0.0034044	0.0105792	0.0205118	0.011184	0.0373761	0.031624	0.0121469	0.318801	0.0108931	0.0255454	0.0400764	0.00527364	0.0822366	0.254169	0.0337621	0.0260128	0.0142718	0.000140216	0.00893789
13	0.0243815	0.0102484	0.000946995	0.0010457	0.300515	0.00236232	0.0135419	0.120582	0.00156304	0.116463	0.0471832	0.00208452	0.00581402	0.00398048	0.00119924	0.0130607	0.014763	0.0810506	0.0304302	0.208785
14	0.0604526	0.0052238	0.0696324	0.00272677	0.00302016	0.0444118	0.0385376	0.00452866	0.00998494	0.00636584	0.00341653	0.10521	0.00393284	0.00453635	0.0052088	0.599549	0.023196	0.00605652	0.000685052	0.00332427
15	0.16292	0.00311126	0.00641568	0.00918528	0.0041931	0.0318591	0.0554375	0.0187554	0.0229193	0.0132709	0.0097862	0.015884	0.358904	0.0287275	0.0682796	0.149759	0.0155549	0.0139404	0.00374904	0.0073478
16	0.0345964	0.0212613	0.296541	0.0365169	0.00434711	0.0641453	0.00751286	0.00441386	0.00767645	0.0280041	0.00444094	0.08707	0.0064369	0.044772	0.00723664	0.187535	0.12889	0.0073213	0.000720238	0.0205608
17	0.134039	0.0189566	0.0197985	0.0171296	0.0067891	0.446682	0.0123492	0.00655742	0.0444401	0.0132326	0.0171802	0.0289602	0.0106072	0.018873	0.0185511	0.142008	0.0222252	0.0144737	0.000864693	0.00628228
18	0.0864071	0.00167678	0.0848483	0.155418	0.000953097	0.0326288	0.0146705	0.0070191	0.0947337	0.0235844	0.0104665	0.095279	0.0216811	0.0928741	0.0458365	0.106916	0.0915326	0.0242677	0.000162202	0.00904463
19	0.0307307	0.013038	0.000432476	0.00291337	0.0188841	0.00636054	0.000715697	0.280057	0.000650694	0.280477	0.024355	0.00185999	0.000443429	0.00351378	0.00054249	0.00261282	0.00666441	0.320323	0.000113976	0.00531114
20	0.162272	0.0834909	0.00104183	0.00101826	0.0193603	0.0221827	0.00284217	0.0911307	0.00336384	0.119256	0.0346847	0.00189831	0.00569848	0.00199172	0.00323115	0.0616901	0.0399738	0.335688	0.00192962	0.00725557
21	0.0728693	0.0173724	0.00327815	0.00334497	0.00756764	0.0114125	0.0049195	0.00837213	0.00672836	0.00641717	0.00375033	0.00850125	0.00801247	0.00484803	0.00368989	0.537873	0.27327	0.0123351	0.000465879	0.00497158
22	0.403544	0.029501	0.0220947	0.00104111	0.00121155	0.147229	0.00492724	0.00128491	0.00571047	0.00578015	0.00173168	0.00764924	0.00192303	0.00560932	0.00105235	0.320906	0.0274723	0.0100729	0.000166918	0.00109243
23	0.108794	0.00772156	0.0329555	0.0136063	0.00154084	0.506815	0.00760062	0.00197119	0.00802775	0.0022955	0.00190581	0.0120211	0.00733236	0.00595075	0.00321691	0.263132	0.0105046	0.00275037	0.000441802	0.00141586
24	0.110833	0.00584003	0.00332791	0.00361897	0.230773	0.0184745	0.0806994	0.048794	0.00403214	0.0837194	0.0765846	0.00607142	0.00398023	0.0498305	0.0062372	0.0486228	0.0390179	0.0510233	0.00476854	0.123751
25	0.0270589	0.0213343	0.55764	0.198396	0.00271091	0.0221789	0.0201379	0.00373028	0.00579438	0.00826202	0.00189349	0.0210358	0.00532553	0.0269107	0.0115118	0.042851	0.00879655	0.0104598	0.000481978	0.0034892
26	0.0488128	0.00415696	0.010898	0.0180843	0.011074	0.0389577	0.0315162	0.0115757	0.317923	0.0115992	0.0275302	0.0377698	0.00490686	0.0791751	0.262459	0.0351885	0.0253928	0.0133547	0.000159838	0.0094656
27	0.0178791	0.00292427	0.00213897	0.00197043	0.326784	0.00348865	0.00459663	0.00516776	0.0125325	0.367132	0.0696248	0.0238421	0.003159	0.00328632	0.00245462	0.0230395	0.00595538	0.00466069	0.00353246	0.11583
28	0.0152252	0.00560263	0.000600072	0.000560676	0.012443	0.00364489	0.00289639	0.117945	0.000727566	0.640965	0.0962222	0.000723376	0.00591693	0.00517362	0.00599888	0.00851678	0.0225397	0.0480509	0.000148601	0.00609907
29	0.0139001	0.0022178	0.00157074	0.0015486	0.176903	0.00286642	0.034456	0.00223215	0.00253804	0.0431297	0.00246279	0.0024132	0.00950494	0.00272198	0.00945761	0.00573975	0.019573	0.010262	0.527218	0.129285
30	0.0607253	0.00332812	0.0803394	0.120435	0.00212358	0.0274502	0.0106157	0.00516395	0.084308	0.0199555	0.00779347	0.236954	0.0173732	0.0612125	0.0521926	0.107618	0.0672637	0.0216276	0.000282758	0.0132373
31	0.0735972	0.00867096	0.0113221	0.00275985	0.00316278	0.00350517	0.0272644	0.105441	0.00621362	0.0578471	0.0576736	0.00443343	0.00170641	0.0229198	0.00993036	0.0517795	0.250271	0.294717	0.000440124	0.00634511
32	0.0338833	0.00595158	0.00364146	0.0210101	0.234944	0.0443435	0.0681639	0.00629787	0.00480606	0.0279747	0.00929289	0.00676054	0.0194924	0.0507801	0.0497955	0.0813424	0.0297053	0.0096637	0.000803522	0.291347
33	0.0570261	0.0130232	0.0430503	0.0613694	0.00824477	0.0585532	0.0168076	0.00681201	0.0866206	0.0182733	0.0121222	0.268706	0.0103	0.070452	0.0335835	0.105642	0.100093	0.0202696	0.000846958	0.00820479
34	0.0234118	0.0115115	0.000919936	0.000771138	0.2907	0.00169309	0.0107075	0.133217	0.00120816	0.106058	0.0436822	0.00112684	0.00562762	0.00194969	0.000991694	0.0118093	0.0150327	0.0915058	0.0308418	0.217234
35	0.0914902	0.0339418	0.00424198	0.0303808	0.00386206	0.38283	0.0385111	0.00458293	0.032241	0.0673561	0.0800285	0.0499662	0.00744876	0.0425985	0.00471604	0.073013	0.00986466	0.0264442	0.000901	0.015581
36	0.0753323	0.0086796	0.00992557	0.00253966	0.00302484	0.00326902	0.0251063	0.108386	0.00549213	0.0554821	0.0593925	0.00356247	0.00162708	0.0250365	0.010128	0.0469772	0.237667	0.31256	0.000341546	0.00547101
37	0.015208	0.00561882	0.00056823	0.000572693	0.0121255	0.0039317	0.00303838	0.115147	0.000806762	0.642288	0.0976616	0.000786458	0.00584551	0.00539092	0.00585221	0.00868718	0.0227544	0.047016	0.000155049	0.00654596
38	0.0909869	0.00678273	0.0570411	0.10952	0.00359113	0.10482	0.016106	0.00671189	0.0835004	0.0252251	0.0124001	0.084338	0.0155766	0.0757996	0.0509305	0.106183	0.109684	0.0319812	0.000373223	0.00844872
39	0.0443226	0.160571	0.0101107	0.00798684	0.0640394	0.0176543	0.369479	0.0130089	0.0148173	0.0212529	0.0137072	0.0138488	0.0582506	0.021723	0.0179749	0.0630502	0.0399112	0.0250959	0.00211934	0.0210763
40	0.0936815	0.00417888	0.017091	0.0034823	0.00350264	0.0424182	0.00622036	0.00474229	0.395192	0.0192162	0.00591643	0.00651424	0.00347509	0.042526	0.120091	0.124946	0.0949186	0.00725853	0.000714217	0.00391438
41	0.0466249	0.0213926	0.024866	0.0205498	0.0105397	0.126809	0.0147572	0.00399034	0.07086	0.009819	0.0103748	0.401537	0.00418774	0.0515519	0.0105043	0.0886237	0.0636449	0.0138372	0.000748619	0.00478133
42	0.24717	0.0140332	0.0720581	0.0333312	0.00729414	0.114829	0.0167552	0.0117876	0.0264396	0.0181664	0.0101527	0.0413854	0.0531075	0.0239111	0.0215278	0.180589	0.0768384	0.0201313	0.00133587	0.00915704
43	0.00565286	0.0099431	0.000872655	0.000696896	0.00083482	0.00130733	0.00117179	0.478755	0.000996674	0.023083	0.00704698	0.00108715	0.011742	0.00128958	0.00378743	0.00662217	0.0147058	0.425343	0.000212535	0.00484934
44	0.0141508	0.00531989	0.00111027	0.00117935	0.0114418	0.00412557	0.00472725	0.0888393	0.00146355	0.632448	0.101883	0.00148375	0.00498816	0.00755863	0.00534344	0.0165071	0.0397343	0.0485131	0.000210626	0.00897248
45	0.0471029	0.0404498	0.329968	0.33189	0.00309402	0.0424121	0.0274261	0.00311524	0.00331091	0.0109264	0.00331472	0.0036844	0.00256371	0.0536369	0.00311816	0.066951	0.00631147	0.0169561	0.000791549	0.00297723
46	0.057926	0.0178621	0.000536288	0.00214972	0.0202627	0.0105298	0.00284419	0.207146	0.000947632	0.297814	0.0280837	0.00136362	0.000642673	0.00229771	0.000790556	0.00897624	0.0105345	0.323609	0.000328584	0.00535523
47	0.0687925	0.0621733	0.0591055	0.00781593	0.00397325	0.00639184	0.245149	0.0219276	0.0975802	0.0106417	0.0253105	0.0276643	0.00319047	0.241801	0.022926	0.0145789	0.0313688	0.0450667	0.000704495	0.00383783
48	0.0136256	0.00218434	0.00161003	0.00157516	0.177222	0.00285867	0.0341552	0.00206069	0.00229816	0.0427326	0.0020977	0.00220292	0.00951669	0.00258697	0.0094595	0.00550561	0.0195883	0.0102544	0.528963	0.129502
49	0.0267682	0.0303048	0.00628299	0.00685867	0.0216648	0.00726523	0.0137685	0.010305	0.0244695	0.0273343	0.00529494	0.0570425	0.00161622	0.0219053	0.00546029	0.238279	0.439214	0.0292541	0.000328372	0.0265834
50	0.129333	0.00558328	0.0322955	0.0182524	0.0220571	0.0378088	0.0159276	0.00792887	0.0323991	0.0304838	0.0296333	0.0557711	0.129117	0.0513374	0.0594667	0.198813	0.0642337	0.0321357	0.00120101	0.0462216
51	0.00923677	0.00735867	0.77046	0.0470758	0.00373777	0.00491354	0.0165308	0.00525413	0.00841829	0.00382417	0.000995439	0.0418913	0.00748665	0.00166235	0.0231192	0.0267261	0.0116633	0.00531171	0.000242781	0.00409136
52	0.0885996	0.0115752	0.205235	0.00851211	0.00741536	0.144621	0.0114274	0.0348051	0.0118753	0.0121813	0.0082678	0.0147113	0.0428047	0.0122136	0.0673219	0.275817	0.0216645	0.0119319	0.00142167	0.0075979
53	0.0185497	0.0061927	0.000547004	0.000794143	0.0127614	0.00394715	0.00255276	0.137308	0.000699232	0.599484	0.0883229	0.000759999	0.00534758	0.0045419	0.00528827	0.00780352	0.0202101	0.0789614	0.000151438	0.00577653
54	0.0234118	0.0115115	0.000919936	0.000771138	0.2907	0.00169309	0.0107075	0.133217	0.00120816	0.106058	0.0436822	0.00112684	0.00562762	0.00194969	0.000991694	0.0118093	0.0150327	0.0915058	0.0308418	0.217234
55	0.0448072	0.0246143	0.00327848	0.0036118	0.00606886	0.0047554	0.0045018	0.00463471	0.00921482	0.00675584	0.00235499	0.0135979	0.00692136	0.00603342	0.00299923	0.484711	0.352492	0.0121468	0.000384393	0.00611561
56	0.362704	0.204997	0.00143835	0.00971426	0.00170355	0.0560364	0.00221655	0.00203748	0.00423951	0.0100885	0.00190521	0.00197329	0.00419068	0.0100162	0.0016213	0.20067	0.0694557	0.0529443	0.000363388	0.00168426
57	0.387909	0.0254966	0.0247947	0.00122383	0.00122088	0.129566	0.00657167	0.00127965	0.00567967	0.00614198	0.00203425	0.0113316	0.00169856	0.00558055	0.00109088	0.355324	0.0246614	0.00714262	0.000219462	0.00103241
58	0.389823	0.0969431	0.00322842	0.00530924	0.00941631	0.0657147	0.00474434	0.0111432	0.00353886	0.00703644	0.00367049	0.00313405	0.013224	0.00659125	0.00231995	0.168476	0.142333	0.0600689	0.000499567	0.00278542
59	0.0101202	0.00727765	0.765887	0.0467139	0.00346412	0.00621574	0.0152873	0.00504625	0.00807377	0.00454813	0.0011781	0.0397367	0.00956704	0.00247111	0.0226761	0.0282173	0.0129598	0.00565534	0.000250435	0.00465432
60	0.0280466	0.00451259	0.00737712	0.0104213	0.0235303	0.062151	0.100311	0.00738724	0.256124	0.00974346	0.0554085	0.0521188	0.00402311	0.0907245	0.13437	0.0389301	0.0937215	0.0110377	0.000620735	0.00943959
61	0.0402234	0.0101752	0.00564372	0.00435065	0.00839408	0.00841222	0.0366302	0.0512516	0.0233606	0.063445	0.0506671	0.0269841	0.0025852	0.0100766	0.0071908	0.11189	0.458743	0.0584091	0.000685481	0.0208819
62	0.0511506	0.0127044	0.000641882	0.00222913	0.017588	0.0116962	0.00412388	0.198472	0.000886436	0.322423	0.0251567	0.00151322	0.000583636	0.00223204	0.000759151	0.00646387	0.0070096	0.329525	0.000183005	0.00465796
63	0.204799	0.062336	0.00368221	0.0044992	0.0601334	0.244404	0.00591409	0.0523142	0.0261027	0.00720232	0.0423173	0.0242809	0.00438006	0.0279342	0.0715687	0.0721194	0.0509991	0.0289995	0.00082734	0.00518661
64	0.0900481	0.0412344	0.000572584	0.00137532	0.0262337	0.0151113	0.00185103	0.173378	0.00166559	0.216337	0.0343628	0.00132704	0.00132415	0.00218814	0.00161005	0.0290948	0.0255424	0.327901	0.00103519	0.00780748
65	0.0136599	0.00221295	0.00158291	0.00157107	0.17778	0.00285624	0.0341	0.00243488	0.00229805	0.0428437	0.00217162	0.00218172	0.00947523	0.00258249	0.00941078	0.00551963	0.0195741	0.0104536	0.527386	0.129905
66	0.00927278	0.00734632	0.7665	0.0471322	0.00366299	0.0053453	0.0166676	0.00509137	0.00874832	0.00406651	0.00105127	0.0426574	0.00753918	0.00219635	0.0227782	0.0280229	0.012304	0.00523271	0.000251484	0.00413321
67	0.148171	0.0731013	0.000725161	0.000754701	0.0240342	0.0206992	0.00227255	0.0994256	0.00294706	0.133	0.0389535	0.00106197	0.00303005	0.00120809	0.00299459	0.049648	0.0444324	0.343011	0.00203802	0.00849192
68	0.0875996	0.00234187	0.0745142	0.207943	0.00150477	0.0264275	0.017223	0.0111404	0.086521	0.0259134	0.00794064	0.0917336	0.0298058	0.0697895	0.0495966	0.091911	0.0732009	0.0275211	0.000269003	0.0171029
69	0.0354241	0.0235296	0.00554109	0.010749	0.0110899	0.00804848	0.00662908	0.00572092	0.0275014	0.0168114	0.00348713	0.041642	0.00126412	0.0152987	0.00437274	0.21243	0.521917	0.0365469	0.000187489	0.0118093
70	0.0957318	0.0410737	0.00592112	0.0386226	0.00598447	0.359332	0.028628	0.00652409	0.0393536	0.0479202	0.0828011	0.0336428	0.0072913	0.0607132	0.00842557	0.0713775	0.0142987	0.0220355	0.00103568	0.0292865
71	0.0843202	0.00266116	0.0362554	0.129746	0.00344291	0.0416927	0.0174008	0.0117868	0.0907123	0.0326316	0.0136519	0.061695	0.00787391	0.131805	0.0395609	0.0926152	0.163133	0.0330563	0.000372291	0.00558765
72	0.0289148	0.0552576	0.00231884	0.00314562	0.00940914	0.00949751	0.0162162	0.0220645	0.209691	0.0368629	0.0303018	0.00857031	0.0456628	0.029591	0.376758	0.0599013	0.0115303	0.0292219	0.000490285	0.0145947
73	0.0239754	0.0175633	0.00179738	0.00565517	0.00640322	0.0021371	0.00617394	0.290662	0.0310507	0.096755	0.051831	0.00304097	0.00118464	0.0392611	0.0326548	0.0393554	0.0583848	0.282638	0.000331261	0.00914477
74	0.0338433	0.0338554	0.00268957	0.00496794	0.00629198	0.0132584	0.0188384	0.0214546	0.201566	0.0271214	0.0298601	0.0142629	0.0219737	0.0264803	0.458977	0.0397311	0.0150138	0.0144588	0.000285124	0.01507
75	0.0357248	0.0230559	0.00515758	0.00949129	0.00707109	0.0195953	0.0235592	0.0195249	0.245058	0.0169445	0.0266683	0.0277846	0.0152813	0.046276	0.39557	0.0392988	0.0199622	0.0123154	0.000234299	0.0114269
76	0.0192494	0.00774712	0.00108046	0.000944134	0.329021	0.00205061	0.0150993	0.092502	0.00254584	0.156656	0.0598014	0.00379482	0.00750489	0.00281513	0.00118367	0.0119737	0.0122142	0.0584645	0.0288746	0.186477
77	0.0794013	0.0153731	0.0058093	0.00933977	0.00731292	0.0285187	0.0149316	0.036976	0.279652	0.0164455	0.0456869	0.0161149	0.0196058	0.0458816	0.264868	0.0577993	0.0152926	0.0323897	0.000455107	0.0081456
78	0.1163	0.00656511	0.0299945	0.0171819	0.00157075	0.523535	0.00817086	0.0018131	0.00761954	0.00294918	0.00235236	0.0145241	0.00646087	0.0052138	0.00316599	0.234425	0.0126759	0.00337327	0.000378536	0.00173054
79	0.0419606	0.0259501	0.0176208	0.0128201	0.0191346	0.0198199	0.417885	0.0133682	0.0272091	0.0179382	0.0172534	0.0201855	0.00902467	0.0813752	0.0173747	0.0706088	0.124246	0.026519	0.00174246	0.0179633
80	0.0303699	0.0207959	0.00249255	0.00276347	0.175993	0.00457767	0.00835003	0.270452	0.00463947	0.08103	0.025032	0.00412261	0.0180816	0.00471925	0.00402605	0.0378326	0.0150289	0.121674	0.0150207	0.152999
81	0.036237	0.0153977	0.000461983	0.00268147	0.0180897	0.00668754	0.00104387	0.272175	0.00142473	0.265343	0.0246271	0.0019096	0.000636341	0.00428688	0.00129924	0.00483174	0.00930933	0.328005	0.000232121	0.00532083
82	0.0449954	0.0194756	0.0348022	0.0362236	0.00923233	0.0722473	0.0175578	0.00630327	0.0792155	0.0134503	0.011531	0.366815	0.00983388	0.0452243	0.027692	0.114893	0.0621869	0.0180542	0.00109395	0.00917285
83	0.335814	0.199272	0.00172554	0.0107218	0.00150443	0.0487546	0.0020911	0.00198429	0.00442737	0.0110638	0.00170406	0.00196121	0.00441479	0.0113827	0.00146626	0.223017	0.0839412	0.0528727	0.000291915	0.00158967
84	0.0381769	0.0169098	0.000471614	0.00259455	0.0188148	0.00744903	0.00119868	0.259424	0.000942757	0.274853	0.0256113	0.00169207	0.000558918	0.00347381	0.000880274	0.00523713	0.00952784	0.326519	0.000249662	0.00541554
85	0.0762202	0.00267749	0.0994483	0.161549	0.00290088	0.0303512	0.0221691	0.00598451	0.0827601	0.0261757	0.00866069	0.0916395	0.0447075	0.0801257	0.0370216	0.113068	0.0861571	0.0188394	0.000274677	0.00926861
86	0.0135123	0.00509484	0.000977656	0.000978493	0.0132134	0.00401682	0.00627617	0.0945052	0.00126934	0.628974	0.109869	0.00143769	0.0046951	0.0112608	0.00498398	0.0103133	0.0277669	0.0464103	0.000224508	0.01422
87	0.0307307	0.013038	0.000432476	0.00291337	0.0188841	0.00636054	0.000715697	0.280057	0.000650694	0.280477	0.024355	0.00185999	0.000443429	0.00351378	0.00054249	0.00261282	0.00666441	0.320323	0.000113976	0.00531114
88	0.151197	0.0862369	0.000750145	0.000723543	0.0143873	0.01347	0.00130185	0.101216	0.00417924	0.0685578	0.0326221	0.00106016	0.0032677	0.00112849	0.00416288	0.0322197	0.0567956	0.415982	0.0033065	0.00743502
89	0.0357493	0.0175094	0.00276598	0.00285126	0.00455636	0.00328193	0.00395244	0.00284156	0.00701776	0.00609558	0.00211299	0.0105031	0.00882461	0.00478263	0.00271983	0.562477	0.308012	0.0086273	0.000419338	0.00489955
90	0.428868	0.0460771	0.00631983	0.0043661	0.00601451	0.288298	0.00758405	0.00673235	0.00744464	0.00756842	0.00601894	0.00780957	0.00659452	0.00637082	0.00542242	0.0665413	0.0310025	0.0555752	0.000973573	0.00441809
91	0.133966	0.00879591	0.029394	0.0136233	0.00159626	0.475603	0.00808554	0.00175416	0.00760796	0.00315557	0.00261456	0.0130018	0.00664508	0.00579859	0.00254767	0.268354	0.0120267	0.00355213	0.000371825	0.00150536
92	0.00910582	0.00742386	0.774763	0.0459075	0.00369155	0.0049018	0.0161949	0.00483788	0.00802575	0.00390609	0.00132403	0.03965	0.00770552	0.00174134	0.0232907	0.0260702	0.0117924	0.00503522	0.000245708	0.00438672
93	0.00991395	0.00795512	0.764443	0.0545516	0.00347417	0.00624746	0.0155528	0.00471841	0.00771301	0.00435949	0.00106735	0.0388163	0.00758157	0.00339827	0.0217558	0.0267143	0.0118961	0.00540525	0.000254453	0.00418147
94	0.0328114	0.094509	0.0038179	0.00493906	0.00389009	0.55061	0.004408	0.0043946	0.00525728	0.00580461	0.00439773	0.0366722	0.00303552	0.00481901	0.0599172	0.131547	0.0385759	0.00660371	0.000634245	0.00335491
95	0.0256448	0.0327225	0.00579193	0.00567895	0.0223066	0.00618819	0.00922427	0.0148512	0.0277319	0.0180737	0.00461013	0.0464677	0.00164858	0.0174993	0.00431935	0.24117	0.459459	0.028171	0.000329848	0.028111
96	0.150118	0.0881878	0.000664235	0.00073961	0.0192337	0.0176768	0.00124981	0.105895	0.00386591	0.0885849	0.0357621	0.000957359	0.00319205	0.00108755	0.00396265	0.0428809	0.0523845	0.373079	0.00307841	0.0073993
97	0.0324102	0.0423172	0.00249451	0.00383094	0.0181826	0.0212815	0.0177171	0.0183513	0.216233	0.0466941	0.0625732	0.00809761	0.0177961	0.0235541	0.387008	0.0303352	0.0101042	0.0172967	0.000426051	0.0232965
98	0.0307307	0.013038	0.000432476	0.00291337	0.0188841	0.00636054	0.000715697	0.280057	0.000650694	0.280477	0.024355	0.00185999	0.000443429	0.00351378	0.00054249	0.00261282	0.00666441	0.320323	0.000113976	0.00531114
99	0.0136256	0.00218434	0.00161003	0.00157516	0.177222	0.00285867	0.0341552	0.00206069	0.00229816	0.0427326	0.0020977	0.00220292	0.00951669	0.00258697	0.0094595	0.00550561	0.0195883	0.0102544	0.528963	0.129502
100	0.009048	0.00733267	0.775132	0.0468117	0.00349832	0.0049815	0.0155634	0.004824	0.00818978	0.00400218	0.00110153	0.0399898	0.00782476	0.00206875	0.0224043	0.0257592	0.0119998	0.00500651	0.000237416	0.00422456
101	0.0790561	0.00520532	0.00371982	0.0040883	0.0594886	0.0065564	0.00625216	0.0828766	0.00507786	0.195419	0.0756962	0.00513264	0.154866	0.00705714	0.0440032	0.0714793	0.143594	0.0456729	0.00068664	0.0040714
102	0.0416801	0.024573	0.00838258	0.0127986	0.0145274	0.0232813	0.0482229	0.0188361	0.18035	0.0235998	0.027765	0.0242051	0.0213449	0.0409493	0.38455	0.0433347	0.026154	0.0150583	0.000719588	0.0196674
103	0.0264083	0.0150071	0.000723548	0.00308027	0.013521	0.00432267	0.00141339	0.330292	0.00633083	0.20718	0.0270111	0.0041518	0.000777165	0.0146194	0.00579277	0.00907639	0.0152727	0.309856	0.000199527	0.00496325
104	0.0258892	0.0115173	0.0012485	0.00127203	0.0130716	0.00489249	0.00584293	0.1072	0.00283802	0.54763	0.0887769	0.00251879	0.00702472	0.00642485	0.00645149	0.015579	0.0860533	0.0578706	0.000352864	0.0075448
105	0.357092	0.0117291	0.00434117	0.00140577	0.00210389	0.0301377	0.0119554	0.00194254	0.00242819	0.00270416	0.00537746	0.00301723	0.00404529	0.00283094	0.00162284	0.432695	0.11376	0.00873728	0.000338544	0.00173559
106	0.127173	0.079365	0.000736457	0.00104746	0.0157037	0.0129186	0.00146652	0.129365	0.00429224	0.0956967	0.0315068	0.00125343	0.00264705	0.00240262	0.00418646	0.0297445	0.0498526	0.400888	0.00299451	0.00675913
107	0.256018	0.216204	0.00241653	0.0507814	0.00283186	0.0347056	0.00398756	0.00327429	0.0164505	0.0459142	0.00362018	0.00399058	0.00354726	0.0192278	0.00268722	0.198274	0.0800415	0.0523173	0.000481713	0.00322834
108	0.0271067	0.0105353	0.00098587	0.000889831	0.293594	0.00245594	0.0139649	0.127335	0.00132636	0.109298	0.0479108	0.0012775	0.00565324	0.00415333	0.00110912	0.0138511	0.0174437	0.0851262	0.0311756	0.204808
109	0.323515	0.0164842	0.0508617	0.00395276	0.00223595	0.112767	0.00857308	0.0029846	0.0118109	0.0243801	0.00286977	0.0456257	0.00591182	0.0060823	0.00261079	0.329882	0.0389097	0.00731	0.000425563	0.00280776
110	0.101056	0.00307608	0.117415	0.163559	0.00150079	0.0354208	0.0149711	0.00626284	0.0882232	0.019588	0.00853556	0.0881614	0.0226331	0.0799639	0.044609	0.104144	0.0713855	0.0203788	0.000302126	0.00881494
111	0.167123	0.0211852	0.1154	0.0681799	0.00319342	0.052744	0.0450644	0.00420396	0.0523454	0.0121285	0.00960392	0.0824694	0.0117298	0.0674178	0.0265567	0.0892944	0.114	0.0525592	0.0004572	0.00434426
112	0.124095	0.00675293	0.0305937	0.0157789	0.00149119	0.507203	0.00852271	0.00176835	0.00710743	0.00267069	0.00201153	0.0139616	0.00639672	0.00514384	0.00238176	0.248272	0.0112835	0.00291511	0.000349588	0.00129989
113	0.0831334	0.00174649	0.0916685	0.154388	0.00101315	0.0340279	0.0141761	0.00638423	0.0917098	0.0228991	0.00959846	0.109956	0.0240513	0.0871713	0.0445548	0.107565	0.083882	0.022788	0.000186429	0.00909985
114	0.0493557	0.00415417	0.0100545	0.0221095	0.0130064	0.0352885	0.035698	0.0130604	0.299676	0.0109637	0.0268187	0.0405121	0.00562099	0.0837019	0.263954	0.0356269	0.0273519	0.013399	0.00020418	0.00944367
115	0.0307111	0.013324	0.000441624	0.00281242	0.0185598	0.00619585	0.00073001	0.282411	0.000686034	0.275906	0.0239631	0.0019745	0.00044693	0.00385259	0.000560596	0.00266476	0.00668064	0.32276	0.000114638	0.00520484
116	0.0234118	0.0115115	0.000919936	0.000771138	0.2907	0.00169309	0.0107075	0.133217	0.00120816	0.106058	0.0436822	0.00112684	0.00562762	0.00194969	0.000991694	0.0118093	0.0150327	0.0915058	0.0308418	0.217234
117	0.125129	0.0282698	0.00297605	0.00341044	0.0423362	0.0456351	0.0056532	0.0786746	0.00788814	0.00683294	0.00991187	0.00991272	0.00383834	0.00571572	0.00839319	0.183656	0.357556	0.0605295	0.000728383	0.0129529
118	0.252405	0.0158656	0.0255277	0.00753633	0.00124059	0.338847	0.00665922	0.00135091	0.00620339	0.00381141	0.00173232	0.00987393	0.00432948	0.00507282	0.00155816	0.294295	0.0175674	0.00476295	0.000294172	0.00106755
119	0.069932	0.12174	0.00641576	0.00767825	0.00668511	0.464005	0.00688478	0.00641622	0.00863236	0.0101493	0.00941614	0.0300788	0.00487023	0.0092665	0.0419503	0.139772	0.0359647	0.0145548	0.000912989	0.00467452
120	0.0317134	0.0128036	0.000441622	0.00289219	0.0184314	0.00668353	0.000942143	0.274967	0.000644425	0.283586	0.024067	0.0018468	0.000459111	0.00333841	0.000583239	0.0026871	0.0063843	0.32226	0.000108119	0.00516152
121	0.0092838	0.00766643	0.770575	0.0491575	0.00353903	0.00534795	0.0159449	0.00486615	0.00774369	0.00409722	0.0010476	0.039712	0.00767202	0.00241536	0.022269	0.0275775	0.0114771	0.00518436	0.000229346	0.00419371
122	0.0721692	0.0102949	0.144512	0.0993561	0.0044699	0.0987858	0.0140393	0.00606012	0.0508653	0.0185575	0.00858028	0.140072	0.0372239	0.048187	0.0285744	0.128475	0.064987	0.0152192	0.000551561	0.00901912
123	0.0366008	0.0173027	0.0600497	0.138457	0.00299867	0.00524399	0.0137536	0.0816588	0.0318152	0.124316	0.00339632	0.00382104	0.0201315	0.0298911	0.0033217	0.00961747	0.129114	0.272943	0.000666064	0.0149023
124	0.0246696	0.0127898	0.000497736	0.00221088	0.0138996	0.00466048	0.000743778	0.344773	0.00141495	0.214809	0.0223353	0.00256876	0.00175642	0.00650471	0.0014773	0.00373998	0.00946374	0.326914	0.000170947	0.00459965
125	0.038436	0.00825147	0.00734855	0.0143482	0.0106344	0.032102	0.0389994	0.0117601	0.291485	0.012154	0.0226395	0.0369344	0.00654245	0.0633239	0.318632	0.0355515	0.0286411	0.0106581	0.000196025	0.0113611
126	0.14451	0.0908763	0.00076534	0.00085665	0.0167638	0.0160495	0.00142851	0.108083	0.00499961	0.0762949	0.034113	0.00109843	0.00312199	0.00138727	0.00497808	0.035009	0.0530311	0.395324	0.00435752	0.00695237
127	0.0136256	0.00218434	0.00161003	0.00157516	0.177222	0.00285867	0.0341552	0.00206069	0.00229816	0.0427326	0.0020977	0.00220292	0.00951669	0.00258697	0.0094595	0.00550561	0.0195883	0.0102544	0.528963	0.129502
128	0.0133522	0.00822864	0.72657	0.0442298	0.00440466	0.0091762	0.0162481	0.00593019	0.00883057	0.0055949	0.00288975	0.038638	0.00936815	0.00442634	0.0280136	0.0426165	0.0157859	0.00581674	0.00035358	0.00952573
129	0.0156111	0.00581344	0.000579463	0.000560322	0.0122281	0.00372072	0.00281108	0.119905	0.000820342	0.636837	0.0955903	0.000735789	0.00600543	0.0050524	0.00616044	0.00852189	0.0225241	0.0504391	0.000152171	0.00593139
130	0.0532748	0.0197289	0.0071332	0.0100227	0.00723953	0.0251979	0.0210877	0.0153628	0.252946	0.0255437	0.0242671	0.0234338	0.0128918	0.0430607	0.346739	0.0472991	0.0408451	0.0132521	0.000403207	0.0102716
131	0.122072	0.0164361	0.0165061	0.0201837	0.0119886	0.17438	0.0210908	0.0112509	0.0204189	0.0238319	0.0591085	0.11257	0.127714	0.0250899	0.0205127	0.110518	0.0324659	0.0566203	0.00196808	0.0152736
132	0.0396884	0.0375887	0.00822596	0.00706343	0.0151124	0.0120603	0.587076	0.0102703	0.00898124	0.0100996	0.00852647	0.00902718	0.0129796	0.0292005	0.00934352	0.138353	0.031923	0.0130328	0.00162634	0.00982137
133	0.0879533	0.00569326	0.0121058	0.0392957	0.0132092	0.0404263	0.0119627	0.00688465	0.0548796	0.0640888	0.0278108	0.0492888	0.00278994	0.0810824	0.0381539	0.127723	0.289211	0.0388189	0.000370683	0.00825071
134	0.0122627	0.00683795	0.742668	0.0529881	0.00318182	0.00644407	0.01536	0.0045967	0.0111671	0.00502051	0.00139935	0.0430981	0.0101213	0.00497545	0.0226776	0.0301218	0.0166146	0.00557298	0.000253023	0.00463869
135	0.0452754	0.0365392	0.00535956	0.00527216	0.0407706	0.037293	0.00966962	0.0895882	0.013827	0.0147209	0.0268213	0.0176131	0.00368846	0.00896636	0.0276515	0.221468	0.334901	0.0260363	0.00129756	0.0332403
136	0.00565286	0.0099431	0.000872655	0.000696896	0.00083482	0.00130733	0.00117179	0.478755	0.000996674	0.023083	0.00704698	0.00108715	0.011742	0.00128958	0.00378743	0.00662217	0.0147058	0.425343	0.000212535	0.00484934
137	0.118771	0.0047623	0.0825657	0.11964	0.00390254	0.0380161	0.0172562	0.00793066	0.0629748	0.0327041	0.00960863	0.0878993	0.0426469	0.0584035	0.0330172	0.127418	0.119856	0.0213194	0.00094227	0.0103663
138	0.104081	0.0188595	0.0471432	0.00876787	0.00270958	0.385309	0.00701203	0.00506265	0.0180509	0.0046525	0.00324136	0.0127073	0.019106	0.0147753	0.0083379	0.318598	0.0129241	0.0053846	0.000560667	0.00271617
139	0.0153709	0.00568606	0.000579926	0.000555267	0.012265	0.00367905	0.00284725	0.118237	0.000727557	0.640761	0.0960673	0.00073418	0.00599353	0.00507361	0.00602429	0.00858832	0.0227041	0.0479926	0.000152129	0.00596105
140	0.208643	0.0203966	0.0358588	0.0838646	0.00398417	0.00672784	0.00535289	0.0203662	0.0370305	0.0059921	0.00443883	0.00543531	0.00325512	0.111294	0.0861113	0.311693	0.0375516	0.00750185	0.00105924	0.00344345
141	0.0304872	0.0129453	0.000428712	0.00287463	0.0186067	0.0063261	0.000725127	0.282203	0.000674244	0.277528	0.0242025	0.00182485	0.000540579	0.00349521	0.000585795	0.00265381	0.00678069	0.321614	0.000115012	0.00538823
142	0.0780803	0.00952876	0.0385837	0.0069817	0.00705786	0.0458176	0.0624642	0.00798003	0.0177233	0.00868578	0.00591839	0.18209	0.00501081	0.00843824	0.00572013	0.458446	0.0322177	0.00977944	0.00138376	0.00809158
143	0.159287	0.00720808	0.00538499	0.00633442	0.00728503	0.0144339	0.0931662	0.0369703	0.112126	0.0117439	0.00849244	0.0407934	0.247643	0.0122347	0.0201167	0.0990836	0.0171059	0.0140246	0.0549808	0.0315851
144	0.105773	0.00488983	0.0681795	0.132759	0.00373011	0.141668	0.0142144	0.00607063	0.0561863	0.0201283	0.0103042	0.098154	0.0402759	0.0515419	0.0285258	0.115449	0.0750852	0.0184142	0.000460273	0.0081906
145	0.185241	0.0367834	0.0925441	0.0446114	0.00375403	0.0382842	0.0486101	0.00382583	0.0397826	0.0128798	0.0129997	0.0588567	0.0047324	0.0789027	0.0307848	0.0994616	0.125226	0.0783669	0.000589635	0.00376319
146	0.0341144	0.0423059	0.0113912	0.00259884	0.19423	0.00504538	0.141884	0.00288608	0.0138795	0.00776287	0.0503581	0.0470189	0.00245702	0.0144767	0.029883	0.0788605	0.125009	0.0189937	0.000611809	0.176234
147	0.0294637	0.012341	0.000444607	0.00248555	0.0182104	0.00600051	0.000774129	0.271307	0.000678096	0.307866	0.0272658	0.00182791	0.000894568	0.00356331	0.000960314	0.00289072	0.0071748	0.30067	0.000106885	0.00507457
148	0.123348	0.052669	0.000720823	0.00104236	0.0238602	0.0170369	0.00344663	0.122141	0.00228054	0.204504	0.0370094	0.00130675	0.00217948	0.00181533	0.00215728	0.0355416	0.0314563	0.328796	0.00141329	0.00727511
149	0.0354148	0.0153652	0.00249241	0.00251247	0.00390977	0.00341713	0.00412169	0.00288347	0.00486892	0.00506421	0.0025365	0.00725209	0.0114498	0.0042782	0.00276994	0.605961	0.273728	0.00668727	0.000486134	0.00480163
150	0.141701	0.012181	0.00667105	0.00711086	0.0533435	0.0485698	0.0525977	0.0926193	0.0105916	0.0188178	0.0144704	0.153728	0.00765098	0.014327	0.0117688	0.105046	0.143528	0.0240509	0.00216025	0.0790661
151	0.436528	0.0150551	0.0140276	0.00114586	0.00150294	0.0934498	0.0123297	0.00150988	0.00376853	0.00439215	0.00418814	0.00505538	0.00132577	0.00391406	0.00109667	0.357858	0.0335701	0.00789988	0.000277683	0.00110553
152	0.127708	0.00965788	0.00738732	0.00824403	0.160995	0.0222598	0.0923821	0.036364	0.00834134	0.104131	0.120109	0.00862125	0.00687888	0.0649181	0.0079728	0.0643715	0.0374777	0.0386073	0.00237097	0.0712016
153	0.0090364	0.00742878	0.771861	0.0459271	0.00364019	0.00793513	0.0155943	0.00497439	0.00787107	0.00386268	0.00101958	0.0394401	0.00784771	0.00195094	0.0229004	0.0276113	0.0115902	0.00507514	0.000237945	0.00419544
154	0.0259757	0.0723602	0.0354564	0.0288208	0.0213797	0.0922471	0.0273667	0.00480452	0.0473993	0.0107893	0.026959	0.380369	0.00512269	0.0393278	0.00796058	0.0969151	0.0453516	0.0258762	0.00074429	0.0047741
155	0.0329321	0.0226962	0.00560838	0.00957495	0.0110977	0.00664332	0.00672518	0.00581213	0.0255068	0.0158223	0.00302212	0.0413915	0.0012927	0.0136526	0.00351226	0.220121	0.527568	0.034407	0.000186666	0.0124274
156	0.0776444	0.0283243	0.00156418	0.00149593	0.00886228	0.0167031	0.0175316	0.0518419	0.00209938	0.279113	0.0243324	0.0025427	0.00341598	0.00274696	0.0021503	0.0224168	0.00969431	0.443384	0.000464806	0.00367154
157	0.0293104	0.0464134	0.0016089	0.00283727	0.0074687	0.00907043	0.017811	0.030032	0.170407	0.0273444	0.0338959	0.0086076	0.0317681	0.0226335	0.477787	0.0355219	0.0102364	0.014984	0.000311798	0.0219507
158	0.0279293	0.0213058	0.00237857	0.00741162	0.00825739	0.00235093	0.00855527	0.237787	0.0357071	0.089083	0.0575251	0.00241032	0.00127359	0.039487	0.0386022	0.0495035	0.0773416	0.282549	0.000350352	0.0101909
159	0.0139854	0.00234197	0.00159891	0.00157674	0.180544	0.0029131	0.0342532	0.00437258	0.00226128	0.0448764	0.00369659	0.00215115	0.00938494	0.00276101	0.00919198	0.00567825	0.0193768	0.0117327	0.516334	0.130969
160	0.0391808	0.019634	0.397935	0.0967539	0.00534233	0.0556195	0.0148761	0.00573062	0.0131565	0.0320993	0.00545083	0.0449724	0.00907671	0.0511661	0.0122756	0.116105	0.0568829	0.0112997	0.000623975	0.011819
161	0.00865663	0.0103029	0.000855213	0.00104773	0.00117835	0.00138364	0.0012688	0.468392	0.00293669	0.0369886	0.0121857	0.00173272	0.00945787	0.00567432	0.00583301	0.00817772	0.0200474	0.399199	0.000248625	0.00443274
162	0.0519675	0.00503771	0.0140513	0.0251703	0.0108229	0.0362731	0.0345389	0.0119635	0.29761	0.0115457	0.0246695	0.0433295	0.00664649	0.0898086	0.247591	0.0361943	0.0291644	0.014378	0.000174611	0.00906214
163	0.194582	0.00371647	0.00460825	0.00892232	0.00398579	0.0235714	0.0464159	0.0179086	0.036303	0.0120971	0.0104184	0.0152391	0.369987	0.0243379	0.063633	0.121432	0.0156724	0.0153469	0.00475501	0.00706708
164	0.0242862	0.00908272	0.00366357	0.0112984	0.291949	0.0247437	0.060815	0.0158306	0.00502693	0.0336691	0.0167584	0.00911218	0.0130959	0.0305948	0.0304451	0.0658908	0.0285788	0.016585	0.00526909	0.303305
165	0.155521	0.0887544	0.00173594	0.0018379	0.00970965	0.0161134	0.00534126	0.0575809	0.00333866	0.0882575	0.0295671	0.00253307	0.0165379	0.00286515	0.00368492	0.0638594	0.0323825	0.412846	0.00193059	0.00560299
166	0.0796013	0.00200583	0.0963446	0.153676	0.00110789	0.0342345	0.0137608	0.00593209	0.09041	0.0206384	0.0095867	0.129	0.0257257	0.0814871	0.0463431	0.106231	0.0737305	0.0205383	0.000216116	0.00943023
167	0.055929	0.0114018	0.0198377	0.0465408	0.0101608	0.0303073	0.0249699	0.0165112	0.226306	0.0197423	0.0251461	0.0431051	0.0131892	0.0662602	0.260389	0.0503256	0.0376472	0.0296997	0.000479462	0.0120516
168	0.0651037	0.115173	0.0452221	0.0644224	0.0116011	0.0232048	0.097907	0.00856014	0.0499325	0.102743	0.0397716	0.0756209	0.00642622	0.12704	0.0130355	0.0609591	0.036314	0.048448	0.00119011	0.00732413
169	0.0287388	0.0135387	0.0384841	0.117225	0.00334961	0.00571412	0.0179158	0.0983754	0.0345962	0.136795	0.00416386	0.00374123	0.0290173	0.0225798	0.00358018	0.00998758	0.135901	0.273737	0.000827779	0.0217321
170	0.0518605	0.0033806	0.0103762	0.0207379	0.0115478	0.0374873	0.0322867	0.0121235	0.316518	0.0115528	0.0263371	0.0406543	0.0053243	0.0835389	0.253512	0.0332368	0.0259553	0.0144523	0.000160587	0.00895647
171	0.0353398	0.0184752	0.00406398	0.0060732	0.00611859	0.00224576	0.0136785	0.197389	0.0276813	0.0841649	0.0550492	0.00224628	0.00142105	0.036663	0.0389099	0.0514342	0.118735	0.288368	0.000315407	0.0116277
172	0.0141848	0.00265491	0.00171682	0.00177019	0.37348	0.00317322	0.00681954	0.00674118	0.0099354	0.332585	0.069811	0.0182335	0.00369956	0.00279221	0.00218811	0.0175984	0.00531626	0.00434903	0.00568946	0.117262
173	0.0874526	0.00486106	0.0241207	0.0647606	0.00851427	0.0421491	0.0155495	0.00675286	0.0641081	0.058218	0.025963	0.0606494	0.00410082	0.097555	0.0417698	0.112295	0.228143	0.0435828	0.000322197	0.00913235
174	0.103163	0.0107354	0.0854382	0.0139608	0.00301756	0.392782	0.00948451	0.00663016	0.00963778	0.00672782	0.00358983	0.0212963	0.0121154	0.0102011	0.0112355	0.270084	0.0192364	0.0056219	0.000762634	0.00427979
175	0.408424	0.00916242	0.00732082	0.00716746	0.00705528	0.0468193	0.114879	0.0388956	0.0091917	0.0427128	0.00889097	0.100744	0.0450918	0.00975095	0.00830285	0.0278742	0.0518302	0.0451126	0.00169594	0.00907761
176	0.0569293	0.0143187	0.0362097	0.0656944	0.00856348	0.153024	0.0118965	0.00603954	0.0476197	0.0200368	0.00980588	0.220705	0.0100606	0.0428767	0.0398774	0.112895	0.114762	0.0196776	0.000714412	0.00829336
177	0.118187	0.00437909	0.00357822	0.00397301	0.214637	0.02345	0.0827402	0.0546206	0.00435618	0.0853936	0.0805752	0.0059783	0.00414763	0.0552856	0.00606734	0.0521341	0.0383961	0.0481434	0.00356829	0.110389
178	0.0239832	0.0193423	0.592646	0.160919	0.00337376	0.0215496	0.0188974	0.0040086	0.00610323	0.0135656	0.00174124	0.0236886	0.005503	0.0231389	0.0137059	0.042458	0.0106431	0.0106158	0.000377	0.00373991
179	0.0432812	0.00260289	0.00931925	0.0172774	0.0125539	0.0459736	0.0414522	0.0098283	0.321481	0.00927084	0.0239653	0.0427605	0.00428563	0.0858123	0.243088	0.0329283	0.0298171	0.0113424	0.000236272	0.0127231
180	0.0933464	0.010641	0.0125198	0.047052	0.0308501	0.150667	0.0131423	0.00905312	0.0296992	0.04835	0.0139295	0.175407	0.00656667	0.05895	0.0184015	0.064167	0.186057	0.0211225	0.00135563	0.00872194
181	0.0150889	0.00557703	0.000957503	0.000792844	0.012201	0.00406086	0.0043751	0.102836	0.00120633	0.629867	0.0994554	0.0012788	0.0059272	0.00666292	0.00599976	0.0118035	0.0316109	0.0518681	0.000191187	0.00824024
182	0.0153625	0.00568999	0.000587874	0.000559221	0.0123187	0.00365722	0.00284478	0.118881	0.000734231	0.639746	0.0958813	0.000728402	0.00594615	0.00512316	0.00601881	0.00851406	0.0224116	0.0487951	0.000152626	0.00604686
183	0.045374	0.00307557	0.00912671	0.0157656	0.0107911	0.0413767	0.0371104	0.00936349	0.331634	0.0097268	0.0213082	0.0396087	0.00408256	0.0732501	0.260264	0.0344205	0.0314202	0.0105187	0.000165881	0.0116163
184	0.180354	0.114437	0.00241535	0.0045024	0.0101742	0.0193667	0.0048371	0.0514975	0.00463688	0.0791681	0.0261628	0.00297791	0.0213758	0.0049121	0.0044931	0.0860392	0.0350036	0.339972	0.0018848	0.0057893
185	0.401427	0.0266861	0.024469	0.00105665	0.00103861	0.141404	0.00509693	0.00113548	0.00603492	0.00634508	0.00173957	0.00842013	0.00169786	0.00585804	0.00102528	0.333123	0.0250207	0.00723953	0.000178986	0.00100339
186	0.014949	0.00342071	0.00171886	0.00152274	0.187954	0.00286314	0.0319222	0.0152707	0.00239025	0.0469208	0.00663761	0.00233728	0.00906945	0.0026506	0.00842815	0.0066125	0.0214337	0.0201613	0.477212	0.136525
187	0.0845156	0.00399187	0.0628746	0.00405409	0.00250466	0.054811	0.0326222	0.00310117	0.0175537	0.00862382	0.00315807	0.132084	0.00352591	0.00514237	0.00298384	0.533935	0.0358672	0.00507576	0.000520822	0.0030543
188	0.195227	0.00313632	0.00400073	0.0126697	0.00381181	0.0276344	0.0705373	0.0250166	0.0268772	0.0165057	0.00809851	0.0190231	0.296157	0.026888	0.0706672	0.146374	0.0190485	0.0173024	0.00423754	0.00678707
189	0.0337913	0.0159207	0.607384	0.046626	0.0094389	0.0194762	0.0261932	0.00521135	0.0191904	0.00573334	0.00290848	0.0463849	0.00748367	0.00958743	0.038084	0.0575633	0.031653	0.0115189	0.000703036	0.00514765
190	0.0205074	0.0278162	0.00330632	0.00405676	0.0593216	0.0132696	0.0297317	0.0106616	0.17652	0.0707891	0.0985017	0.00552393	0.00966872	0.0279647	0.327656	0.0219655	0.00992634	0.0160118	0.000926559	0.0658739
191	0.00873344	0.0131196	0.000780507	0.000916051	0.00313745	0.00161648	0.000987566	0.454096	0.00119194	0.0553568	0.0107364	0.00150444	0.00906782	0.00283857	0.00333629	0.00583929	0.013556	0.408571	0.000189273	0.00442498
