415	20
1	0.0330615	0.000383106	0.0455405	0.178409	0.000830354	0.0217486	0.0049332	0.00103911	0.0357414	0.0163136	0.000767899	0.00429157	0.54231	0.00223157	0.022976	0.0272357	0.0396076	0.0215707	0.000454015	0.000554156
2	0.0239387	0.0119963	0.00100837	0.0183657	0.0111475	0.00518722	0.00575235	0.192075	0.00124005	0.232533	0.0450613	0.000833901	0.0043946	0.00257086	0.00520823	0.00134087	0.0307512	0.393202	0.000447861	0.012945
3	0.0514594	0.000732811	0.247096	0.155265	0.00147592	0.00233503	0.00802755	0.00772594	0.255809	0.0148214	0.00730351	0.0605856	0.0230053	0.059978	0.0940708	0.00354378	0.00301226	0.00223016	0.000487065	0.00103577
4	0.0346618	0.000440647	0.0444059	0.166411	0.00084524	0.025801	0.00450721	0.00121991	0.0344225	0.0158124	0.000869188	0.00527148	0.533782	0.00245364	0.0364607	0.0286248	0.0431036	0.0198499	0.000447754	0.000609749
5	0.0315056	0.0185293	0.000964476	0.0132043	0.0116252	0.00404096	0.00446271	0.178587	0.0015297	0.234959	0.0370248	0.000934685	0.00337794	0.00156391	0.00671967	0.00145572	0.0363232	0.399544	0.000369838	0.0132777
6	0.0187264	0.0146441	0.0016087	0.00360161	0.133465	0.00177508	0.00183686	0.191229	0.00428656	0.238063	0.06931	0.00468695	0.00369229	0.00392889	0.00618872	0.00409603	0.0209013	0.0998687	0.00901891	0.169071
7	0.0656841	0.00121848	0.153487	0.0677172	0.0155648	0.268368	0.00270742	0.00277071	0.0179358	0.017123	0.00338234	0.0352628	0.00210378	0.0362134	0.0532123	0.0816063	0.12961	0.0232406	0.0150677	0.00772421
8	0.0501789	0.000774431	0.250871	0.147773	0.00150684	0.00208267	0.00839552	0.0081219	0.25799	0.0151676	0.00767703	0.0607429	0.0241208	0.0588347	0.0961535	0.00323637	0.00260436	0.00233428	0.000501281	0.000932894
9	0.0131145	0.00220973	0.0733597	0.0268549	0.00585544	0.00485776	0.00857632	0.412702	0.00478317	0.191825	0.00543485	0.00369174	0.0186332	0.0309222	0.0273499	0.0424267	0.0152428	0.105141	0.00281208	0.00420617
10	0.174886	0.00419013	0.0122453	0.161993	0.0504798	0.182642	0.019807	0.00785831	0.010161	0.0103858	0.00610894	0.0753257	0.113423	0.0122832	0.0102926	0.103975	0.0196446	0.0121243	0.00777333	0.00440112
11	0.0766779	0.000671732	0.0691377	0.131475	0.0846912	0.0155762	0.0256646	0.0195034	0.0486368	0.138193	0.0549938	0.0241837	0.0137501	0.0507219	0.0715192	0.00994888	0.00399975	0.037017	0.0168921	0.106745
12	0.21452	0.0108836	0.0346841	0.0237457	0.0137976	0.037623	0.00869436	0.00478638	0.0167023	0.0110393	0.00446521	0.00860112	0.30194	0.00692107	0.0169617	0.219664	0.0452745	0.0121846	0.00191193	0.00559926
13	0.0124031	0.000479248	0.00585258	0.00488762	0.00101421	0.898868	0.00404892	0.000932834	0.00600229	0.00204334	0.00183561	0.0219133	0.000683071	0.0141157	0.0106301	0.00750247	0.00241143	0.00253993	0.000449372	0.00138653
14	0.0904226	0.000659133	0.019191	0.53793	0.00111247	0.010757	0.0047892	0.0180455	0.0783129	0.0016827	0.0318342	0.00101838	0.000533325	0.0797672	0.0348092	0.0307449	0.0275883	0.0294692	0.000366725	0.000966184
15	0.00380509	0.00120645	0.000547117	0.00864059	0.370617	0.000641054	0.0227023	0.00590096	0.000728304	0.0140384	0.000862694	0.000656483	0.0117121	0.00305824	0.000816444	0.00428187	0.00143735	0.00226952	0.0767821	0.469296
16	0.0886178	0.00158412	0.0252889	0.0778021	0.00809856	0.0277114	0.00828869	0.00847451	0.0287179	0.012298	0.00317414	0.00500546	0.554611	0.00777435	0.0283404	0.0430727	0.0339904	0.0307513	0.000846983	0.00555099
17	0.00307146	0.00432901	0.000762301	0.00177965	0.630908	0.00096086	0.00351161	0.00152496	0.00111068	0.0303238	0.0189136	0.00113184	0.00135653	0.00142848	0.00128381	0.00247725	0.00310383	0.00181171	0.00828859	0.281922
18	0.0367461	0.0175339	0.00398151	0.012203	0.0178568	0.00626672	0.00501974	0.175997	0.00655525	0.236638	0.0739126	0.00773461	0.0023406	0.00802025	0.0112934	0.0158763	0.135915	0.213003	0.00233813	0.0107672
19	0.0461899	0.00271849	0.0272245	0.0573589	0.0127301	0.027588	0.0191399	0.0172679	0.146708	0.0257719	0.0140619	0.0232902	0.00953796	0.0419409	0.422087	0.0365627	0.0283383	0.0239116	0.00691791	0.0106535
20	0.021815	0.00105523	0.00330886	0.00533099	0.00136971	0.887722	0.0036199	0.00134045	0.00442061	0.0019659	0.00114352	0.0242329	0.00192748	0.0124513	0.00791353	0.00986431	0.00523755	0.00363264	0.000853449	0.000794885
21	0.036119	0.00893113	0.000939977	0.00405438	0.00453945	0.00140252	0.001133	0.422898	0.00163993	0.0343452	0.0127761	0.0298056	0.0470589	0.00417693	0.00176622	0.00195973	0.0410496	0.344108	0.00036137	0.000934471
22	0.0120608	0.00210695	0.00662372	0.00583112	0.0404288	0.0123445	0.297913	0.00455733	0.00561193	0.00717526	0.00407454	0.00485379	0.00180744	0.112861	0.066461	0.0298777	0.0118189	0.00624319	0.00387783	0.363471
23	0.154363	0.00113942	0.00460097	0.0361916	0.00488452	0.0346956	0.0128251	0.0023143	0.0338263	0.00285747	0.00164813	0.00199028	0.587624	0.00510654	0.0455136	0.0325202	0.0203983	0.0149369	0.000649074	0.00191461
24	0.0302291	0.00203295	0.0520758	0.093475	0.0194824	0.0456868	0.00341888	0.00413883	0.0234182	0.00679799	0.00362963	0.234042	0.0018755	0.0473682	0.0504101	0.235202	0.137976	0.00525138	0.0011692	0.00232053
25	0.0616067	0.00401723	0.00682007	0.0114258	0.00741137	0.384748	0.00614555	0.0102381	0.00787758	0.081531	0.299217	0.00754778	0.00409728	0.0132379	0.00998376	0.0164375	0.0130036	0.0469795	0.00239256	0.00528197
26	0.0158646	0.00204655	0.0191301	0.0583934	0.0841741	0.0137572	0.271141	0.00628934	0.00698651	0.0140868	0.00423644	0.0193848	0.00272106	0.0622461	0.0397057	0.0257757	0.0135839	0.0109405	0.0100675	0.319468
27	0.040927	0.00885967	0.0120857	0.0226123	0.0151098	0.0130495	0.0122415	0.120692	0.0242561	0.214814	0.0530216	0.0114396	0.00476602	0.0214464	0.144946	0.018809	0.094192	0.147784	0.00698973	0.0119592
28	0.0731158	0.00117588	0.126556	0.0792769	0.00733132	0.334082	0.001984	0.0026435	0.0328819	0.00911961	0.00285728	0.0235548	0.00158962	0.0397533	0.0350195	0.10925	0.0880749	0.0120287	0.00669481	0.0130103
29	0.055275	0.011294	0.00905152	0.0148494	0.0180432	0.0112755	0.00699554	0.161883	0.0116638	0.0727167	0.0435642	0.0111563	0.00943788	0.0130396	0.0180156	0.0658754	0.304073	0.151066	0.00190099	0.00882336
30	0.0148936	0.00175956	0.00192706	0.00326394	0.204621	0.00290568	0.00198291	0.229622	0.022188	0.12659	0.287748	0.00226839	0.00148148	0.00328591	0.00894196	0.00427226	0.026242	0.0502463	0.000812081	0.00494858
31	0.0575594	0.00489241	0.028663	0.0556611	0.00894928	0.152671	0.0129962	0.0107474	0.0984617	0.0211903	0.0127227	0.0375179	0.00611673	0.0469126	0.316326	0.0660217	0.033322	0.0163096	0.00309523	0.00986399
32	0.0286817	0.00504054	0.0093921	0.0777874	0.00963168	0.0157531	0.0112335	0.012266	0.017048	0.0308754	0.32643	0.0121081	0.00715589	0.34428	0.0174398	0.0183487	0.0232884	0.0160176	0.00652289	0.010699
33	0.0210401	0.01008	0.00245296	0.0064718	0.174798	0.00493151	0.00813259	0.196624	0.00586712	0.184583	0.0421105	0.00563347	0.00383139	0.00635019	0.0107477	0.00688796	0.0261101	0.0753007	0.0179065	0.190141
34	0.604621	0.0136597	0.000737025	0.00166025	0.00688043	0.00698256	0.000933431	0.00123156	0.0015912	0.00118024	0.00142667	0.00934207	0.000705476	0.00163175	0.0018423	0.318046	0.0172766	0.00939369	0.000251485	0.000606045
35	0.0181388	0.00170264	0.00579802	0.00417385	0.000924683	0.889491	0.00389947	0.000936253	0.00663652	0.00189733	0.00136293	0.0212515	0.00169155	0.0138058	0.0117417	0.0093131	0.00282862	0.00322706	0.000667986	0.00051137
36	0.0031276	0.00478623	0.000929109	0.00153852	0.655181	0.00103163	0.00217761	0.00174465	0.00127501	0.0320507	0.0213134	0.00129425	0.000789218	0.00150129	0.00141007	0.00246594	0.00364003	0.00188584	0.00362188	0.258236
37	0.467984	0.013672	0.000944262	0.00201117	0.00251867	0.260632	0.00107996	0.00158248	0.00183428	0.00903532	0.00182644	0.0037554	0.00526776	0.00178194	0.0030947	0.200175	0.0147892	0.00689417	0.000420991	0.000699617
38	0.010276	0.000722016	0.0439031	0.00397046	0.00117989	0.00135804	0.00334174	0.00199558	0.00144121	0.00173472	0.00155532	0.0455557	0.000604054	0.00146841	0.00156615	0.251086	0.625216	0.00187397	0.000354993	0.000796812
39	0.140584	0.00138092	0.0112106	0.0478519	0.00564447	0.0408548	0.0114556	0.00347516	0.0324139	0.00415362	0.00183463	0.00319738	0.576007	0.00579754	0.0394962	0.0337098	0.0207334	0.0171564	0.000815536	0.00222706
40	0.098215	0.000518682	0.0200244	0.543747	0.000890962	0.0122039	0.00589266	0.0186154	0.0843754	0.00170347	0.0268165	0.00087439	0.00044647	0.0627736	0.0417017	0.0253746	0.0278799	0.0267608	0.000333793	0.000851833
41	0.0867011	0.000842189	0.255376	0.477354	0.00160785	0.00211893	0.00162334	0.00212653	0.00228642	0.0113498	0.00958503	0.00183121	0.0112816	0.0984957	0.00986296	0.0122708	0.01007	0.00285213	0.000524213	0.00183985
42	0.00831263	0.000475274	0.0186096	0.00545356	0.000784162	0.00106468	0.00464788	0.00328833	0.00106861	0.00128869	0.00199109	0.0216906	0.000425262	0.00126962	0.00126185	0.277983	0.647382	0.00201145	0.000372588	0.000618529
43	0.0628056	0.00797404	0.140358	0.0420554	0.0125368	0.044372	0.0395514	0.0188942	0.0518581	0.0230683	0.0136211	0.308257	0.00882047	0.028514	0.0363287	0.065808	0.0411744	0.0319461	0.00528931	0.0167672
44	0.136717	0.00148796	0.0280778	0.31332	0.000670371	0.0128815	0.00961121	0.000942449	0.149433	0.023622	0.00483874	0.00500791	0.000438265	0.0865986	0.16865	0.0263973	0.00875085	0.00824836	0.00459864	0.00970736
45	0.0547508	0.00674111	0.0210144	0.0406205	0.107695	0.0284355	0.0235921	0.0330553	0.0695513	0.0540982	0.0325593	0.026222	0.00852522	0.0488203	0.289223	0.0400813	0.0354888	0.0296295	0.0121001	0.037796
46	0.00388765	0.00252106	0.000538084	0.00560579	0.445407	0.000569467	0.0176373	0.00536269	0.00067529	0.0218108	0.00486626	0.000580306	0.00664209	0.00240436	0.00077044	0.00452215	0.00158177	0.00309246	0.0596891	0.411836
47	0.00780831	0.00127449	0.00363659	0.00395311	0.00250861	0.00338996	0.185535	0.00333675	0.417577	0.00455348	0.00228563	0.0198578	0.00167409	0.0328398	0.288082	0.00620218	0.0080976	0.0042296	0.000776131	0.00238307
48	0.00573935	0.00212761	0.00187057	0.0224544	0.259621	0.0025656	0.00188829	0.00271143	0.0633947	0.0774797	0.0817135	0.00220389	0.00112255	0.0115282	0.0359432	0.0133153	0.00392321	0.00331145	0.0200224	0.387064
49	0.00654291	0.00304504	0.000848084	0.0013558	0.0292054	0.00174121	0.000883375	0.0917278	0.00204464	0.672191	0.101069	0.00645988	0.00264525	0.00126006	0.00369082	0.00235918	0.00693194	0.0564146	0.00268338	0.00690107
50	0.020177	0.00215895	0.00314615	0.00550895	0.0155261	0.00205554	0.00297887	0.367748	0.0060599	0.354276	0.0386785	0.00212979	0.00213146	0.010534	0.00918608	0.00397047	0.0161805	0.125182	0.00420137	0.00817065
51	0.0903202	0.000187754	0.238317	0.328703	0.000492673	0.0227441	0.0105141	0.0021216	0.0737122	0.00251332	0.000337377	0.0624524	0.00198501	0.0513891	0.0488619	0.0373509	0.0201834	0.00227033	0.000137978	0.00540574
52	0.208581	0.0016184	0.00378521	0.108987	0.00359997	0.0289787	0.137833	0.00372509	0.0595828	0.00662825	0.00457311	0.182152	0.00243148	0.0801594	0.0439915	0.0845237	0.0258867	0.00823179	0.00137645	0.00335482
53	0.0193112	0.00106404	0.00554089	0.00470725	0.00123443	0.89447	0.00425512	0.00172541	0.00560062	0.00225267	0.00191444	0.0199422	0.000698762	0.0127355	0.00897154	0.00830578	0.00243686	0.00344887	0.000510145	0.000874093
54	0.105752	0.00361953	0.0205308	0.107592	0.00947391	0.14985	0.00761954	0.0089821	0.0114658	0.0118556	0.0118735	0.0105412	0.00432318	0.115658	0.0134581	0.13517	0.179596	0.0825762	0.00376451	0.00629772
55	0.017753	0.00247364	0.0343282	0.00893715	0.00565555	0.0688103	0.00415042	0.0126285	0.0618561	0.0160553	0.122754	0.0716686	0.00257233	0.0106851	0.00784118	0.0783827	0.456698	0.00987935	0.00245313	0.00441746
56	0.0135109	0.00854602	0.00238289	0.00572285	0.123295	0.00560351	0.00362351	0.218112	0.00710582	0.331146	0.0866143	0.00630698	0.00209614	0.00533229	0.00737696	0.00466436	0.0380524	0.0915093	0.00398928	0.0350094
57	0.110291	0.00944346	0.0707099	0.0430907	0.0130399	0.0364766	0.0245987	0.0126938	0.0374644	0.0188516	0.0108657	0.167941	0.00869232	0.0294688	0.0452434	0.228288	0.0941036	0.0226262	0.00467349	0.0114374
58	0.039388	0.0309616	0.00147002	0.00275541	0.0015154	0.00204598	0.00119226	0.176386	0.00182597	0.136237	0.09351	0.00984113	0.00081163	0.00207036	0.00240692	0.0252578	0.251438	0.218958	0.000553774	0.00137443
59	0.325745	0.0226207	0.0973432	0.0360319	0.0117334	0.0185252	0.0090029	0.03805	0.020988	0.0293032	0.0122424	0.0384237	0.0104529	0.0198378	0.024052	0.0481846	0.0446026	0.173239	0.0042554	0.0153657
60	0.0112701	0.00398333	0.00143752	0.00341744	0.146725	0.00387902	0.00168486	0.0569748	0.00378287	0.547016	0.134649	0.00284893	0.00084233	0.00215507	0.00741623	0.00466604	0.00940229	0.0199866	0.012057	0.0258062
61	0.0648365	0.00197195	0.417829	0.0677453	0.00531374	0.0230541	0.125709	0.00622628	0.0309257	0.00638062	0.00760362	0.117585	0.00756373	0.0223333	0.0134573	0.0513084	0.0154967	0.0076321	0.00140783	0.00561872
62	0.0122298	0.00389843	0.000652907	0.00102948	0.085698	0.00432749	0.000647863	0.0136282	0.000999537	0.65567	0.177146	0.00146642	0.00032033	0.00100108	0.00366858	0.00407169	0.00501549	0.00155825	0.0101083	0.0168615
63	0.128587	0.00438637	0.0181372	0.0490431	0.00946416	0.021903	0.00894894	0.04099	0.0224411	0.0136894	0.00718423	0.00787175	0.448634	0.0136526	0.0235307	0.0277421	0.0420921	0.0989101	0.0018913	0.0109005
64	0.0368367	0.0028028	0.0179638	0.00663331	0.00180564	0.00556978	0.00412086	0.0118828	0.00265105	0.00450982	0.00963702	0.020028	0.00308903	0.00377623	0.00240083	0.244212	0.609443	0.0109069	0.000650364	0.00107931
65	0.0362455	0.00404375	0.0156939	0.0491442	0.0210351	0.01671	0.0724599	0.260746	0.0148354	0.171586	0.0202171	0.00952079	0.00600638	0.105261	0.0282761	0.0192258	0.0358013	0.0881415	0.00720873	0.0178413
66	0.0171373	0.0208678	0.000812603	0.00138311	0.0138227	0.00103327	0.000774599	0.186533	0.00270396	0.294406	0.255557	0.0037537	0.000345766	0.00162579	0.0170695	0.00172386	0.0292993	0.131955	0.000390561	0.0188058
67	0.0217303	0.00155073	0.005503	0.00420388	0.000684605	0.894664	0.00378066	0.000997816	0.00612892	0.00185836	0.00122535	0.0191328	0.000753456	0.0129588	0.00789884	0.00990636	0.0032786	0.00259451	0.000580294	0.000569279
68	0.0131826	0.00227213	0.00555228	0.00804246	0.0562928	0.00721675	0.0506585	0.0821323	0.00709806	0.247293	0.0058557	0.00491749	0.00189696	0.00721847	0.168797	0.00853691	0.00952892	0.008848	0.0267199	0.27794
69	0.0279853	0.00110459	0.538668	0.0430604	0.00161193	0.0137226	0.0128862	0.00595065	0.0233131	0.00275048	0.00218712	0.244642	0.00318257	0.0103201	0.0103063	0.0355904	0.0178094	0.00292949	0.000471982	0.00150737
70	0.220577	0.0309046	0.0247793	0.0108381	0.0170931	0.0129148	0.00473769	0.00911319	0.00775221	0.0104624	0.00545442	0.00803812	0.18654	0.00857769	0.00920234	0.289416	0.11765	0.0185202	0.00221027	0.00521793
71	0.0466215	0.00416067	0.140833	0.0273291	0.00950004	0.029995	0.00896598	0.00716948	0.016754	0.0113895	0.00742265	0.0509665	0.0228735	0.0162169	0.0180722	0.227204	0.333933	0.0122168	0.00237016	0.00600545
72	0.112387	0.0011251	0.317796	0.0275508	0.00262788	0.00305526	0.363672	0.00308952	0.00332029	0.00390757	0.0150783	0.0290249	0.00113184	0.0158754	0.00350765	0.0854051	0.00463704	0.00384936	0.000836962	0.00212115
73	0.0406723	0.000385862	0.0403975	0.159225	0.000899559	0.0228809	0.00463159	0.000951939	0.0350025	0.0137562	0.000710206	0.00396916	0.56484	0.00246158	0.0235872	0.0268203	0.0368406	0.0210328	0.000397839	0.000537037
74	0.0234226	0.00205751	0.00277258	0.046466	0.0451033	0.00396272	0.031985	0.0486675	0.0618319	0.352929	0.167235	0.0032454	0.00142665	0.0360735	0.152799	0.00511962	0.00585257	0.00520153	0.00120798	0.00264082
75	0.612243	0.0141923	0.000599822	0.00128651	0.00637424	0.00694806	0.000862062	0.00105856	0.00152334	0.00110934	0.00117384	0.00863284	0.000455077	0.00113202	0.00139105	0.315834	0.0152881	0.00903072	0.000246842	0.000618304
76	0.0873927	0.000739513	0.0639228	0.159317	0.0542578	0.0158275	0.0314919	0.0190919	0.045714	0.147332	0.0517735	0.0169816	0.0136672	0.0570835	0.0836033	0.00741986	0.00355585	0.0423618	0.0111689	0.0872966
77	0.12703	0.00569442	0.0224231	0.104632	0.0171852	0.235038	0.0144032	0.011192	0.0225272	0.0178333	0.0115056	0.0224928	0.111017	0.0236143	0.0227129	0.0518986	0.0933872	0.0209253	0.0536934	0.0107952
78	0.0533804	0.00133273	0.161493	0.352512	0.0144019	0.0150116	0.0776632	0.00463991	0.0618838	0.0176917	0.00834071	0.0409714	0.00341952	0.0626519	0.0518859	0.0235505	0.0133927	0.00921445	0.00263774	0.0239252
79	0.031042	0.0133802	0.000790313	0.00241349	0.00659908	0.00127183	0.00103609	0.340575	0.0028834	0.0276567	0.0162222	0.00635476	0.0139164	0.00223723	0.00225106	0.00157335	0.0167543	0.509599	0.000271978	0.00317177
80	0.0319744	0.00138633	0.00551644	0.00561163	0.00177418	0.875827	0.00325078	0.00144785	0.00606955	0.00265892	0.00141953	0.0186723	0.00158778	0.0123573	0.00938581	0.0124855	0.00318649	0.0038481	0.000599809	0.00094041
81	0.0346079	0.00103576	0.00798631	0.0139427	0.00418246	0.00371938	0.0217039	0.0392345	0.177042	0.0210239	0.00889651	0.00612488	0.00111638	0.00669327	0.568482	0.0306633	0.0226558	0.0262146	0.00256611	0.00210833
82	0.153115	0.0788529	0.00426053	0.0763509	0.00628925	0.00917044	0.00398338	0.0182493	0.00845448	0.0362881	0.0363317	0.00604293	0.00186945	0.0098223	0.0158424	0.0589453	0.169081	0.299941	0.00233245	0.00477778
83	0.0270126	0.00124513	0.00796085	0.00558375	0.00113258	0.869676	0.00429856	0.00124681	0.00752082	0.00213223	0.00156298	0.0199758	0.00849682	0.0130449	0.00934262	0.0109853	0.00341162	0.00297124	0.000907738	0.00149175
84	0.0385729	0.0122737	0.00502847	0.0106496	0.0170667	0.0070539	0.00426282	0.221174	0.0079249	0.128047	0.0879313	0.0075396	0.00961146	0.00947561	0.0107107	0.0120163	0.0413561	0.356288	0.00187914	0.0111383
85	0.601455	0.013407	0.000756763	0.00200492	0.00712503	0.00673244	0.00107193	0.00126745	0.00200357	0.00129409	0.00131062	0.0112212	0.000597641	0.00180531	0.00219533	0.318634	0.016786	0.00943538	0.000235723	0.000660646
86	0.0109774	0.0068229	0.000642933	0.00128647	0.00199122	0.000654379	0.000465276	0.422602	0.00640115	0.0340742	0.0276053	0.00211268	0.0042032	0.00371224	0.00298686	0.000963191	0.011559	0.451684	0.00018476	0.00907085
87	0.139553	0.0120711	0.145403	0.0137744	0.0297774	0.0165059	0.00705534	0.00611459	0.0145937	0.00815816	0.00525038	0.00936284	0.174145	0.00757331	0.0099422	0.324098	0.0618554	0.00904201	0.00202575	0.00369928
88	0.00847687	0.000510464	0.0182528	0.00564765	0.000816102	0.00120261	0.00477219	0.00351295	0.00114358	0.00123324	0.00223848	0.0214	0.000417281	0.00130638	0.0013006	0.278035	0.64667	0.00204834	0.000374862	0.000640046
89	0.028359	0.00058667	0.000731157	0.00131603	0.00486528	0.000755768	0.00105334	0.327105	0.00701547	0.399617	0.043739	0.000750109	0.000292884	0.00616438	0.0102797	0.00352647	0.0114197	0.143549	0.00619094	0.0026831
90	0.211082	0.00119663	0.0527463	0.280918	0.002613	0.00370249	0.00428144	0.00252055	0.154747	0.0474505	0.00215378	0.00467094	0.00121067	0.0447769	0.0882996	0.0215219	0.00516692	0.0238407	0.0219685	0.0251321
91	0.0689384	0.00076554	0.352121	0.20531	0.00269476	0.031487	0.0149835	0.00364554	0.0565553	0.00545968	0.00399713	0.0799139	0.0180919	0.0433524	0.0297039	0.056006	0.0176357	0.00497379	0.000906839	0.00345724
92	0.0153333	0.00151271	0.00177391	0.00312318	0.219384	0.00276928	0.0021296	0.2058	0.0205786	0.140934	0.290218	0.0020476	0.00105356	0.0025485	0.00810738	0.00472284	0.025307	0.0462435	0.000833921	0.00557922
93	0.0729858	0.00129755	0.0517074	0.367197	0.00184344	0.0178543	0.0234932	0.000806624	0.125585	0.0140918	0.00693712	0.0059307	0.000216217	0.11064	0.164964	0.0160765	0.00972548	0.00471272	0.000703796	0.00323058
94	0.0322947	0.00110066	0.0261537	0.0170078	0.00250877	0.00309518	0.0048888	0.303296	0.0139923	0.0546045	0.00350067	0.0130947	0.00194621	0.0161068	0.117843	0.01527	0.149897	0.219469	0.00222588	0.0017039
95	0.252781	0.0209343	0.00876405	0.00403653	0.0103533	0.00631788	0.00576761	0.113407	0.00245639	0.119386	0.0135373	0.00163539	0.00145509	0.00233743	0.00378385	0.0107865	0.0345654	0.381456	0.00103148	0.00520816
96	0.00827486	0.0106319	0.000988232	0.00150303	0.144026	0.00212717	0.00119069	0.214349	0.00336808	0.326918	0.0977766	0.00476994	0.000683033	0.00164295	0.00490279	0.00308684	0.0283793	0.0895205	0.00354728	0.0523137
97	0.0598009	0.000482993	0.501126	0.0803637	0.000815004	0.0359272	0.0179913	0.000987514	0.0757744	0.00128825	0.00245038	0.0980887	0.0175659	0.0307915	0.00524264	0.0583904	0.0105657	0.00131505	0.000329453	0.000702677
98	0.00694999	0.000463957	0.0580969	0.0155745	0.000657318	0.691288	0.0315458	0.00110381	0.0587518	0.00534943	0.000887375	0.051445	0.000392227	0.0459266	0.0254247	0.00238742	0.00153032	0.0012306	0.000284775	0.000709199
99	0.0181087	0.00266789	0.00196433	0.00227234	0.0225465	0.00123535	0.00173572	0.306441	0.00640041	0.422479	0.0523682	0.00212032	0.00155502	0.00538714	0.00850485	0.00341353	0.012053	0.114155	0.00353927	0.0110526
100	0.0572328	0.000516913	0.505981	0.0747309	0.000904673	0.0337589	0.0175058	0.00129909	0.0668269	0.00136682	0.00257194	0.107446	0.0249591	0.0314653	0.0054475	0.0546959	0.010676	0.00148123	0.000363804	0.000768719
101	0.00270976	0.000717335	0.000646724	0.00119637	0.0136183	0.000755431	0.000623764	0.112409	0.00101992	0.71949	0.0543275	0.00443648	0.0038491	0.00101309	0.00156969	0.00135663	0.00473776	0.0718272	0.000324787	0.00337127
102	0.0729694	0.000780746	0.284161	0.0838767	0.00455119	0.212611	0.00678517	0.00158409	0.0357645	0.00581786	0.00288842	0.0595812	0.00436894	0.046484	0.024996	0.0854317	0.0498153	0.00747167	0.00414581	0.00591548
103	0.046426	0.000975316	0.0381905	0.134999	0.00117118	0.00937347	0.00702705	0.00221581	0.398119	0.00772592	0.00661598	0.00729498	0.000585646	0.160616	0.113675	0.02339	0.014568	0.0250383	0.000547254	0.00144518
104	0.0354807	0.00145724	0.00196939	0.00267852	0.0149899	0.0120684	0.00170835	0.0570552	0.00263405	0.0026833	0.00205571	0.00167751	0.0011392	0.00717358	0.0028455	0.0813758	0.335232	0.433633	0.000575282	0.00156659
105	0.0423482	0.00413041	0.0288812	0.034269	0.0080101	0.122009	0.00823108	0.00820467	0.0440648	0.0107298	0.00712651	0.1911	0.00314991	0.0327963	0.176976	0.20323	0.0569817	0.0100058	0.00245609	0.005299
106	0.0142378	0.0015482	0.00185201	0.00314264	0.222108	0.00343025	0.00209649	0.193406	0.0196349	0.153135	0.286495	0.00224472	0.00132732	0.00274614	0.00781152	0.00496325	0.0270558	0.0442969	0.00132956	0.00713764
107	0.0930338	0.0138027	0.007471	0.0124409	0.0221604	0.0157625	0.00507163	0.0785085	0.00845165	0.0339286	0.020921	0.00728536	0.0105122	0.0114149	0.0143748	0.0609602	0.31329	0.260883	0.00183355	0.00789379
108	0.0829075	0.0157376	0.00406313	0.00903392	0.0138679	0.0109678	0.0078119	0.301459	0.00788018	0.0830011	0.110149	0.0114912	0.00756379	0.0135856	0.00964844	0.0351171	0.131046	0.136775	0.00117698	0.00671763
109	0.0596957	0.00422161	0.0456301	0.0370974	0.0123057	0.025742	0.153299	0.0109132	0.0610609	0.0154931	0.00873015	0.294752	0.00813926	0.0309209	0.0290497	0.111297	0.0251897	0.0277794	0.00395834	0.0347248
110	0.482466	0.00971959	0.0018565	0.00292647	0.00174183	0.224579	0.00230935	0.00263639	0.00280103	0.0179527	0.00269939	0.00203376	0.032728	0.00336712	0.00392178	0.184628	0.0119952	0.00722441	0.000735106	0.00167869
111	0.278664	0.030945	0.00814144	0.004148	0.0036085	0.00302433	0.001991	0.0379631	0.00359029	0.00353084	0.00464515	0.00247992	0.0431246	0.00333202	0.0114428	0.0398639	0.43798	0.0791214	0.000597701	0.00180623
112	0.587229	0.0693519	0.000677077	0.00125484	0.000709923	0.152909	0.000670062	0.00409557	0.00125992	0.0204221	0.00277685	0.000880286	0.00175536	0.00103475	0.0025786	0.0952951	0.0188738	0.0374298	0.000233663	0.000562578
113	0.0494568	0.00550834	0.000952737	0.0067612	0.00895281	0.00116979	0.00289083	0.45591	0.00136987	0.0270947	0.0473436	0.0185495	0.0333268	0.0100256	0.00155582	0.00371028	0.0435088	0.280686	0.000349325	0.000877246
114	0.0287472	0.000699052	0.00071811	0.00129755	0.00485276	0.000758292	0.00104006	0.322779	0.00682338	0.404359	0.0447194	0.000796457	0.000330351	0.00599546	0.0101059	0.00346522	0.0113663	0.142205	0.00632184	0.0026194
115	0.0122214	0.00375036	0.000672532	0.00101098	0.0897258	0.00437456	0.000674798	0.0151203	0.00100589	0.650191	0.175558	0.00149096	0.000349166	0.00101125	0.00355692	0.00419554	0.00557941	0.0018947	0.0103762	0.0172398
116	0.513486	0.127541	0.000737435	0.00123189	0.00149653	0.0823198	0.000723151	0.00767044	0.00107253	0.0313688	0.0040567	0.00126111	0.000587208	0.00107343	0.00250134	0.122446	0.0319785	0.0676669	0.000259691	0.000521365
117	0.0128946	0.00321802	0.000900796	0.00176169	0.127492	0.00454215	0.00147626	0.0296903	0.00230079	0.55977	0.18812	0.00197072	0.000718889	0.00236684	0.00434409	0.00926908	0.00917818	0.00826618	0.00897796	0.0227414
118	0.054206	0.0195292	0.00105567	0.00211272	0.224645	0.00140292	0.00178867	0.0225642	0.00193033	0.0647867	0.0101172	0.00161851	0.000687761	0.00212814	0.00203066	0.00854509	0.00299979	0.0562213	0.0275968	0.494033
119	0.0108622	0.00143338	0.007963	0.0345479	0.0296051	0.015277	0.00897573	0.380328	0.00326116	0.196226	0.00622409	0.00252762	0.0026525	0.065912	0.00769611	0.00718193	0.0250812	0.187287	0.00232033	0.00463834
120	0.313893	0.0144182	0.0118046	0.00157646	0.0107127	0.0061946	0.00603328	0.0944587	0.00180115	0.0611005	0.00536615	0.00120278	0.000741712	0.00152858	0.00164887	0.011364	0.0327583	0.420446	0.000414074	0.00253698
121	0.0409365	0.030907	0.00146078	0.00292096	0.00158622	0.00203912	0.00124251	0.175423	0.00185629	0.13672	0.0934483	0.0100147	0.000822001	0.00209118	0.0024103	0.0253475	0.248105	0.220716	0.000588597	0.00136255
122	0.556436	0.00941876	0.000899426	0.00117978	0.000761687	0.334992	0.000915922	0.00124207	0.00106382	0.00963719	0.00118565	0.00101622	0.00250381	0.00155476	0.00146933	0.0604844	0.00713368	0.00700056	0.000327495	0.000777339
123	0.032691	0.00053711	0.189222	0.358506	0.00343911	0.00234165	0.00709259	0.00477346	0.167505	0.0120542	0.00354616	0.0276425	0.00737023	0.0768184	0.0851256	0.0135771	0.0027573	0.00265844	0.000843584	0.00149894
124	0.0809444	0.00158591	0.037842	0.341008	0.000903955	0.0184677	0.0181011	0.000926682	0.144429	0.0146007	0.0090295	0.00522963	0.000263482	0.105172	0.179714	0.0206685	0.0111258	0.00613764	0.000480928	0.00336839
125	0.0229939	0.00107838	0.00949201	0.00462935	0.010749	0.0259562	0.034558	0.00252443	0.128581	0.0323249	0.00255142	0.0854868	0.000856835	0.245438	0.337131	0.0389193	0.0110824	0.00353262	0.00068318	0.00143035
126	0.00891306	0.000309204	0.000906441	0.00202345	0.00053643	0.938371	0.0012135	0.00067026	0.0010054	0.000773721	0.000596665	0.0180846	0.000425048	0.0100465	0.00633492	0.00559688	0.00115833	0.00222601	0.000399368	0.000408948
127	0.161043	0.00467094	0.00398407	0.00825836	0.0198711	0.0041324	0.0194493	0.211184	0.0176986	0.0746613	0.00504115	0.00363737	0.00334166	0.00444334	0.00477328	0.00668946	0.0294468	0.339041	0.000883272	0.077749
128	0.10274	0.00139154	0.219901	0.0264278	0.00464326	0.039841	0.012735	0.00294852	0.0373759	0.00348336	0.00202559	0.0128345	0.335055	0.00355576	0.0140371	0.144401	0.0297503	0.00404759	0.000924133	0.0018807
129	0.0374093	0.000865177	0.0373264	0.115823	0.00138958	0.00611084	0.00814974	0.0024261	0.420217	0.00966881	0.00882442	0.00932279	0.000691145	0.171812	0.0947164	0.0168206	0.0157544	0.0407851	0.000570384	0.00131728
130	0.00706738	0.000792035	0.000523492	0.000937118	0.0137418	0.000614747	0.000582762	0.180988	0.00288974	0.63232	0.0458913	0.00266668	0.00241092	0.00191836	0.00355826	0.0015383	0.00593962	0.0896288	0.00125982	0.00473058
131	0.046307	0.00120919	0.0361191	0.023498	0.00277848	0.148431	0.00193644	0.00313557	0.0223606	0.00558493	0.00471475	0.0828087	0.000830533	0.0343248	0.298936	0.214944	0.0661762	0.00327719	0.000843057	0.00178411
132	0.209631	0.0244945	0.00514642	0.00749667	0.00408182	0.552407	0.00422746	0.00764903	0.00549372	0.0140618	0.00812414	0.0110766	0.00988088	0.00920053	0.0101077	0.0443241	0.0215423	0.0456406	0.00128484	0.00412908
133	0.0614142	0.00972407	0.0209932	0.0270161	0.151536	0.0320937	0.0136037	0.0573545	0.0211945	0.0458883	0.0313276	0.0257971	0.0116897	0.0244403	0.0224288	0.0630267	0.262807	0.0795632	0.00673731	0.0313632
134	0.0369876	0.00844941	0.000899673	0.00420238	0.0047112	0.0013384	0.00109892	0.421113	0.00176073	0.0343858	0.0137887	0.029491	0.0453357	0.00435153	0.00190446	0.00206306	0.0437029	0.343166	0.000345125	0.000904195
135	0.0689812	0.00183868	0.00155008	0.00544366	0.0127754	0.00188793	0.0102921	0.607051	0.00204577	0.0166102	0.0906002	0.00455385	0.0150764	0.017344	0.00225156	0.0109383	0.0298139	0.0989578	0.000474234	0.00151337
136	0.531046	0.0987705	0.000702596	0.00126344	0.00121589	0.121723	0.000730524	0.00561006	0.0011515	0.0259248	0.0031183	0.00116011	0.00107174	0.00107888	0.00303019	0.122417	0.0277657	0.0514077	0.000271072	0.000539914
137	0.0501909	0.00433426	0.0262487	0.059606	0.00987006	0.0339526	0.0222022	0.0105211	0.0965906	0.0312549	0.0152875	0.0540458	0.00255599	0.169371	0.277883	0.0832206	0.0294665	0.0130393	0.003343	0.0070158
138	0.0257103	0.0044022	0.0287414	0.0172086	0.00709881	0.111053	0.0220998	0.00949247	0.153605	0.013978	0.00909874	0.37074	0.00401552	0.017864	0.069363	0.0814746	0.0244119	0.0152955	0.00269529	0.0116527
139	0.0764436	0.00501703	0.013593	0.0931954	0.00838583	0.0148076	0.00796015	0.0136608	0.0182911	0.14447	0.0113351	0.106369	0.00397005	0.0682153	0.017871	0.122872	0.246009	0.0175093	0.00405362	0.00597167
140	0.00531276	0.00186834	0.000562056	0.00778068	0.365	0.000731065	0.0221259	0.00773841	0.00107439	0.016473	0.000973955	0.000645721	0.00903024	0.00349789	0.000981621	0.00474329	0.00161321	0.00421908	0.0800385	0.46559
141	0.00996744	0.0144026	0.000979055	0.00210246	0.0173646	0.00094207	0.00118705	0.37655	0.00600471	0.153657	0.0968791	0.00212242	0.000857	0.00408848	0.0076552	0.00188626	0.0210424	0.261127	0.000311825	0.0208727
142	0.0499381	0.0180517	0.000979623	0.00201731	0.236399	0.00130161	0.00303188	0.02398	0.00126154	0.0576322	0.00812534	0.0014291	0.000847609	0.0019775	0.00150536	0.00888628	0.00274841	0.0518937	0.0338704	0.494123
143	0.0660624	0.00205725	0.195831	0.26195	0.00492927	0.016198	0.0093012	0.00837166	0.0474574	0.016155	0.00799461	0.0222599	0.166407	0.0752249	0.0299572	0.0272916	0.0195984	0.0148944	0.00181231	0.00624638
144	0.0560393	0.00619742	0.00161633	0.00470233	0.00559876	0.00359697	0.00244562	0.339603	0.00372465	0.0229117	0.0141652	0.017565	0.126435	0.00562915	0.00416036	0.00390107	0.0420223	0.333035	0.000580359	0.00607119
145	0.0887546	0.00167561	0.0371359	0.347757	0.000641451	0.020678	0.0172533	0.00118188	0.134199	0.0131556	0.0072571	0.00577636	0.00023463	0.101453	0.181462	0.0196408	0.0125558	0.00595894	0.00025149	0.00297792
146	0.176169	0.00203248	0.00615797	0.0955421	0.0318327	0.0928007	0.0251938	0.00404884	0.0179807	0.00542915	0.00266649	0.0273	0.37166	0.00674635	0.0222456	0.0775511	0.0164089	0.0114456	0.00394421	0.00284425
147	0.244961	0.00402111	0.0059138	0.0273193	0.011499	0.0915585	0.116672	0.00818184	0.0253785	0.0137035	0.0110125	0.0181869	0.00493422	0.0603877	0.0187387	0.239705	0.0607426	0.0105383	0.0136902	0.0128553
148	0.0219512	0.0140351	0.000695726	0.00371601	0.0139482	0.00154515	0.00127707	0.192477	0.00223912	0.322326	0.164245	0.00221953	0.00103414	0.00188355	0.0104943	0.00159554	0.0293449	0.201785	0.000992059	0.012196
149	0.0227588	0.000575291	0.0248592	0.0492414	0.00143329	0.015249	0.00668547	0.00443916	0.370751	0.00880252	0.00201674	0.0122189	0.000445438	0.0145666	0.432066	0.0102634	0.0123149	0.00647507	0.000415555	0.00442242
150	0.00909657	0.000468615	0.000763821	0.000968962	0.0105449	0.000647044	0.000628191	0.202116	0.00328254	0.612393	0.0424047	0.00211368	0.00211065	0.00237483	0.00420831	0.00191589	0.00601133	0.0912876	0.00185977	0.004803
151	0.0625826	0.00138057	0.00319895	0.00350154	0.0177543	0.00871527	0.0023208	0.161444	0.00364789	0.0070077	0.0043651	0.0040865	0.004081	0.0151138	0.00805669	0.0437171	0.249936	0.396471	0.000678923	0.00194006
152	0.153567	0.0803153	0.00449638	0.00934277	0.00438244	0.130167	0.00450716	0.0546612	0.0516894	0.00806398	0.0296264	0.00467483	0.00225172	0.00745918	0.101132	0.081843	0.0895737	0.176206	0.00164444	0.00439659
153	0.0190685	0.000751046	0.584387	0.0220626	0.000939303	0.00649351	0.011704	0.00615645	0.00900147	0.00140738	0.00107023	0.281381	0.000941918	0.0028272	0.00685648	0.0286607	0.013665	0.00148866	0.000327598	0.000810277
154	0.0380772	0.0294721	0.00148423	0.00276032	0.00150415	0.0020452	0.00115127	0.179247	0.00195329	0.138431	0.0931559	0.00959942	0.000837795	0.00213147	0.00270365	0.0260388	0.255866	0.211555	0.000581953	0.00140366
155	0.00959185	0.00281618	0.00117761	0.00217742	0.168815	0.00192023	0.00135718	0.286244	0.0242142	0.182831	0.212471	0.00195538	0.000680734	0.00200219	0.0100218	0.0025727	0.0181749	0.0598343	0.000850104	0.0102915
156	0.0984906	0.000505775	0.0199006	0.54512	0.000908081	0.012344	0.00554469	0.0185019	0.0824952	0.00159102	0.0273584	0.000806825	0.000427712	0.0637064	0.0396482	0.0261753	0.0279675	0.027327	0.000343262	0.000837886
157	0.003886	0.00124615	0.000482053	0.00769179	0.371673	0.000517242	0.023052	0.00666109	0.000631058	0.0147802	0.000564033	0.000592173	0.009445	0.00308867	0.000738653	0.00449952	0.00137446	0.00271816	0.080839	0.46552
158	0.352114	0.164882	0.00222101	0.00497985	0.00232635	0.138174	0.00231133	0.00593831	0.00449712	0.0278722	0.00419866	0.00322896	0.00144543	0.00344359	0.00930738	0.149307	0.0899906	0.0313965	0.000642311	0.00172355
159	0.0234208	0.0151015	0.000628739	0.00560685	0.00811776	0.00204034	0.00177577	0.168929	0.00117469	0.288287	0.184592	0.00235983	0.00150889	0.00146314	0.0101345	0.00147692	0.0344332	0.237438	0.000579613	0.0109317
160	0.0804477	0.00210767	0.0368517	0.0871752	0.00471319	0.0342242	0.00903631	0.00506367	0.0537112	0.0115383	0.00300288	0.00700356	0.52551	0.00975454	0.0359548	0.0385903	0.0283892	0.0215907	0.0021152	0.00321994
161	0.0209912	0.00105388	0.0108309	0.00343186	0.00857197	0.0243397	0.0355307	0.00211205	0.176126	0.0320637	0.00201923	0.0877535	0.000792374	0.223553	0.317553	0.0375346	0.0107358	0.00290494	0.000677268	0.00142418
162	0.0151858	0.00600674	0.000955722	0.00530899	0.378093	0.00131713	0.0158325	0.0116578	0.00126731	0.0289937	0.00477058	0.00136636	0.00523812	0.00307757	0.00150152	0.0095491	0.00272886	0.0186432	0.0692999	0.419206
163	0.0235655	0.00422761	0.00739237	0.0137219	0.00888662	0.0125767	0.215859	0.00810055	0.101466	0.0118605	0.00698823	0.342271	0.00374633	0.0111499	0.0123973	0.0687723	0.0147824	0.048773	0.00243893	0.0810241
164	0.0486444	0.00335803	0.00541836	0.0074804	0.0264932	0.00579341	0.00421921	0.00552428	0.00713263	0.05163	0.00471047	0.00499582	0.501313	0.00650584	0.00680097	0.155079	0.118925	0.00772316	0.00158559	0.0266671
165	0.00603309	0.00419304	0.00066685	0.00151012	0.00165776	0.00091157	0.000662796	0.319796	0.00632992	0.0499629	0.0215968	0.00130438	0.00148186	0.00268904	0.00327512	0.00117646	0.00754025	0.561732	0.000270316	0.00720989
166	0.293671	0.0159468	0.0396929	0.0371557	0.0132993	0.0289675	0.0204363	0.00924484	0.022377	0.0141219	0.00869068	0.0945514	0.0101203	0.0226802	0.0254229	0.260487	0.0495337	0.0222074	0.00325108	0.00814211
167	0.00389342	0.00440868	0.000640311	0.00106466	0.00119408	0.000686483	0.000491356	0.441565	0.00925727	0.0370268	0.0314904	0.000984013	0.000969059	0.00446811	0.00408505	0.0010779	0.0101741	0.434069	0.000177918	0.0122766
168	0.347266	0.0685519	0.046363	0.0162003	0.00822957	0.0210959	0.00711373	0.00826086	0.0141102	0.0123768	0.00724084	0.0948033	0.00763802	0.0121309	0.0175239	0.223129	0.0330611	0.0409776	0.00242478	0.0115027
169	0.02231	0.000978041	0.00581572	0.0058297	0.00176463	0.882716	0.00286553	0.00118881	0.00532389	0.00253378	0.00251933	0.0194433	0.00284118	0.0119791	0.00891833	0.0102557	0.00677609	0.00448893	0.000547066	0.000904907
170	0.117174	0.0144788	0.0110093	0.0205612	0.146014	0.0131911	0.0149005	0.0325826	0.017888	0.0538944	0.0163064	0.0124302	0.00614292	0.0157834	0.0154443	0.025398	0.0179343	0.0526077	0.0247818	0.371477
171	0.0620869	0.00441153	0.0655281	0.0523348	0.0169465	0.0434072	0.212056	0.0127426	0.0582889	0.0183712	0.0123242	0.215452	0.00542382	0.0315305	0.0263217	0.0614735	0.0255725	0.0270119	0.00374661	0.044969
172	0.0133719	0.00142027	0.001635	0.00293997	0.195514	0.002353	0.00174394	0.2432	0.0242291	0.137408	0.283884	0.00193355	0.000933831	0.00250384	0.00965672	0.00386908	0.0221074	0.0468271	0.000706163	0.0037637
173	0.176982	0.00332728	0.0516872	0.213927	0.00358052	0.026433	0.0170518	0.00537729	0.0927063	0.0149234	0.00878313	0.0324201	0.00312388	0.0849924	0.152085	0.0638941	0.0241119	0.0154483	0.003467	0.00567852
174	0.0591387	0.00114614	0.202681	0.432654	0.00379691	0.0112809	0.00993332	0.00387834	0.0530069	0.00994562	0.0052825	0.0305382	0.00876651	0.0687915	0.0498141	0.023361	0.0130467	0.00533417	0.000875105	0.00672881
175	0.321958	0.00889169	0.0311632	0.0465036	0.00953526	0.0227524	0.0233312	0.0066492	0.0621706	0.0115852	0.0081847	0.0858401	0.00600409	0.0276229	0.032457	0.205581	0.0469929	0.0190841	0.0135247	0.0101685
176	0.0257156	0.00178277	0.00519299	0.00452707	0.00114356	0.886751	0.00334857	0.00149012	0.00521265	0.00355452	0.00269209	0.01893	0.000967958	0.013577	0.00754093	0.00992946	0.00281738	0.00368868	0.000470843	0.000667016
177	0.611774	0.0142276	0.000604416	0.00128621	0.00635263	0.00691512	0.000862246	0.0010353	0.00151742	0.0011093	0.00115421	0.00873741	0.000438798	0.00113091	0.00139279	0.316331	0.0153564	0.00890724	0.000245715	0.000620952
178	0.0104714	0.000766405	0.0501676	0.00527039	0.00191915	0.00288052	0.00319635	0.00212688	0.00215515	0.00215669	0.00216935	0.0577538	0.000618357	0.00260472	0.00224594	0.242096	0.607714	0.00237575	0.000414358	0.000897705
179	0.0907128	0.00134075	0.100515	0.0779126	0.00380702	0.0390942	0.00876423	0.00282839	0.0347271	0.00792301	0.00188869	0.00727969	0.482228	0.00447083	0.0232467	0.0663608	0.0301999	0.0142342	0.000700415	0.00176496
180	0.313807	0.0143551	0.0118928	0.0015823	0.0106618	0.0061809	0.00596441	0.0943918	0.00177778	0.0609725	0.00531745	0.00116538	0.000737499	0.00150555	0.00164859	0.0113118	0.0330355	0.420757	0.000414004	0.00252103
181	0.0284297	0.00430552	0.0137307	0.203074	0.00956575	0.0152264	0.0600091	0.0712241	0.0173775	0.0701918	0.0161047	0.0116025	0.00557318	0.329254	0.0168067	0.0197654	0.0656709	0.0265769	0.00470377	0.0108073
182	0.0683348	0.0032985	0.123872	0.417667	0.00584647	0.019385	0.0157927	0.0100998	0.0622627	0.0165835	0.00962414	0.0218602	0.0166262	0.0724466	0.0583007	0.0275856	0.023925	0.0148696	0.00238021	0.0092387
183	0.0285261	0.0019922	0.000611016	0.00200089	0.00562709	0.000913464	0.00106245	0.3113	0.0061674	0.388277	0.0455719	0.000709655	0.000524824	0.00543163	0.00951392	0.00318237	0.0130887	0.166578	0.00536721	0.00355503
184	0.51017	0.00863025	0.000871522	0.00124008	0.000805622	0.383219	0.00100517	0.00130509	0.00110915	0.0094456	0.00124163	0.00213007	0.00217072	0.00211505	0.0018689	0.0575259	0.00715652	0.00681123	0.000371267	0.000807582
185	0.0213781	0.0113541	0.000710486	0.00346077	0.394534	0.000970786	0.00930515	0.0119626	0.00145102	0.0377354	0.00885372	0.00101443	0.00333625	0.00216958	0.00135955	0.00613591	0.00250769	0.0220745	0.0426006	0.417086
186	0.34671	0.0321937	0.0116107	0.0199436	0.00797704	0.0286729	0.00612479	0.0218518	0.0108501	0.0138126	0.0104506	0.0113923	0.0226378	0.0100689	0.0172025	0.0719493	0.273782	0.0739381	0.0034199	0.00541108
187	0.00803774	0.00591606	0.00160336	0.00311101	0.157777	0.00291241	0.00240369	0.301515	0.0115328	0.277097	0.0889125	0.00460848	0.00106841	0.00389969	0.00607393	0.00317726	0.0185619	0.0660881	0.00266209	0.0330415
188	0.358433	0.0748516	0.00511529	0.0378157	0.00463727	0.0753082	0.00840706	0.0105706	0.0414261	0.0143358	0.00815555	0.0111455	0.00410485	0.0141426	0.0728277	0.188915	0.0413299	0.0225204	0.00181627	0.00414184
189	0.018611	0.000731294	0.584855	0.0215128	0.000957905	0.00617822	0.0115419	0.00622296	0.00839206	0.00141633	0.00104855	0.283441	0.000811993	0.00248116	0.00693176	0.0284848	0.0137546	0.00148837	0.000329014	0.000808582
