208	20
1	0.0904802	0.019095	0.00147845	0.00153486	0.060827	0.0206394	0.0026792	0.233587	0.00143033	0.139635	0.050942	0.00819237	0.00488419	0.0037854	0.00430237	0.0301927	0.0475299	0.262107	0.00325871	0.0134196
2	0.0742617	0.00462303	0.0212268	0.0363367	0.0382597	0.0264071	0.0197576	0.0583043	0.0269263	0.0647424	0.0123444	0.0364661	0.161121	0.0251985	0.0307032	0.109809	0.135946	0.0596114	0.00233399	0.0556207
3	0.0766926	0.00897258	0.0010022	0.000623561	0.0484835	0.0172712	0.00221413	0.283487	0.00149282	0.129623	0.0392819	0.0026661	0.00927036	0.00272741	0.00360526	0.0261312	0.0461844	0.289011	0.00211971	0.0091407
4	0.0488253	0.00198218	0.00048735	0.000639936	0.0333563	0.00476819	0.00203956	0.340212	0.00120654	0.154398	0.0214997	0.000872747	0.00634098	0.00612332	0.0011871	0.00790771	0.026405	0.337953	0.000305447	0.00349061
5	0.0127964	0.00963046	0.00371896	0.00300816	0.325772	0.0103494	0.0327288	0.0387881	0.00435305	0.103581	0.0283332	0.0049433	0.00123777	0.00644677	0.026549	0.0320637	0.0230156	0.0590659	0.0161347	0.257484
6	0.239902	0.029266	0.00064679	0.00212581	0.0555518	0.157256	0.00374569	0.0674056	0.00558981	0.0905998	0.0125791	0.00164615	0.000779794	0.00177103	0.0058923	0.1603	0.108169	0.0514091	0.000686174	0.0046793
7	0.0501889	0.0272434	0.000200301	0.000346863	0.0731212	0.00967302	0.000372151	0.194893	0.000292292	0.363628	0.0391018	0.00151396	0.000267772	0.00114139	0.000716206	0.0070809	0.0151053	0.209107	0.000361038	0.00564533
8	0.0413171	0.0137301	0.0011789	0.00211447	0.0562447	0.00757042	0.00321016	0.252275	0.00133798	0.277822	0.0540261	0.00283548	0.00268453	0.00466749	0.00390829	0.0107473	0.026197	0.227454	0.00117558	0.00950316
9	0.0222022	0.00801873	0.00356393	0.0163009	0.0822895	0.0046569	0.0116777	0.195775	0.00362931	0.265228	0.103617	0.00865757	0.00162225	0.0156749	0.0168171	0.0262565	0.0431192	0.135637	0.00574894	0.0295073
10	0.0905396	0.0148818	0.000405201	0.000517148	0.0617195	0.0259745	0.0014685	0.251721	0.000865893	0.124197	0.0455196	0.00317818	0.00486985	0.00124097	0.00298223	0.0339587	0.0516629	0.272737	0.00350783	0.00805195
11	0.0533732	0.00370131	0.000658088	0.000725373	0.0374262	0.00745874	0.00315523	0.326874	0.00143995	0.139525	0.0256641	0.00160916	0.00657274	0.00525524	0.00187269	0.0127909	0.0298939	0.33653	0.000672941	0.00480088
12	0.100889	0.030696	0.00745498	0.00941195	0.0639682	0.0822266	0.00859836	0.136787	0.0102393	0.11594	0.031879	0.0125834	0.00764963	0.0123778	0.0159614	0.0828052	0.0756618	0.162196	0.00807215	0.024603
13	0.0751509	0.0100668	0.000606132	0.000560281	0.0505615	0.0177176	0.0018041	0.277702	0.00105886	0.135592	0.0380648	0.00260804	0.00581663	0.00272978	0.00265234	0.0258766	0.0455687	0.296764	0.00229064	0.0068078
14	0.0456978	0.00116218	0.000333183	0.000620449	0.0316	0.00430322	0.00198139	0.349037	0.00133812	0.158181	0.0199123	0.000736067	0.00659327	0.0059083	0.00101727	0.00659739	0.0239426	0.337569	0.000231143	0.00323872
15	0.261615	0.024573	0.00573466	0.00770022	0.0367549	0.159367	0.00848049	0.0394467	0.00976751	0.0549214	0.00993318	0.00713559	0.00394348	0.007126	0.010278	0.204079	0.106047	0.0302917	0.0020885	0.0107174
16	0.0387013	0.0160312	0.011127	0.0106557	0.0259871	0.0172266	0.0177362	0.029445	0.0117268	0.0330293	0.0159233	0.377489	0.00518262	0.0131554	0.020031	0.180571	0.104459	0.0231152	0.00283226	0.0455756
17	0.141347	0.0494607	0.000441433	0.000569405	0.0751835	0.0804693	0.00083801	0.122921	0.000681997	0.0950447	0.0277426	0.00103176	0.000351496	0.00111734	0.00326323	0.136362	0.108691	0.144205	0.0014785	0.00879973
18	0.132293	0.0447455	0.000376063	0.000448551	0.0731462	0.0582259	0.000644694	0.147844	0.000482393	0.105017	0.0332401	0.00122806	0.00128127	0.000801024	0.00313705	0.118358	0.102552	0.167287	0.000970299	0.0079216
19	0.0476077	0.0146347	0.000860739	0.00188824	0.0490682	0.00888865	0.00242053	0.274953	0.00108157	0.248371	0.0499179	0.00336941	0.00341694	0.0047625	0.00344806	0.0141014	0.0344287	0.227853	0.00113165	0.00779588
20	0.0294481	0.0305903	0.0011235	0.000975751	0.00718554	0.00255383	0.00166934	0.542397	0.000987665	0.0548135	0.0531904	0.00224282	0.000988762	0.00181168	0.00197151	0.0148818	0.0669795	0.18231	0.000739365	0.00313914
21	0.0238417	0.00589872	0.00223483	0.00296854	0.301486	0.0100347	0.0159841	0.0569248	0.0204172	0.120096	0.0101192	0.0037797	0.00156367	0.00390558	0.0767939	0.0196912	0.0302602	0.0732542	0.0078072	0.212939
22	0.0340268	0.025955	0.00201726	0.00097805	0.0117049	0.0041465	0.00227077	0.500482	0.00123326	0.0548215	0.0521654	0.00309712	0.00144705	0.00242306	0.00288503	0.0208834	0.0790304	0.195543	0.00087578	0.00401403
23	0.050026	0.0251161	0.000452436	0.000823777	0.0734982	0.0102821	0.00115283	0.210498	0.000865667	0.327411	0.041078	0.00209501	0.00095954	0.00159822	0.00184676	0.0101151	0.0197293	0.213268	0.00103438	0.00814943
24	0.0501889	0.0272434	0.000200301	0.000346863	0.0731212	0.00967302	0.000372151	0.194893	0.000292292	0.363628	0.0391018	0.00151396	0.000267772	0.00114139	0.000716206	0.0070809	0.0151053	0.209107	0.000361038	0.00564533
25	0.0166797	0.00342288	0.00330677	0.012658	0.0563988	0.00343336	0.0187774	0.177358	0.00298386	0.278616	0.133876	0.0089203	0.0012704	0.0148533	0.0271839	0.0178173	0.0401722	0.135994	0.00711607	0.0391611
26	0.0276456	0.0219368	0.00152553	0.012133	0.0270201	0.00403112	0.0480171	0.0746559	0.0652347	0.0709602	0.00478932	0.027551	0.00150484	0.0778404	0.427085	0.0241168	0.015235	0.0109554	0.0223643	0.0353978
27	0.0354977	0.00990645	0.00328872	0.00285044	0.0112292	0.00742893	0.00461625	0.0131772	0.00291954	0.0155925	0.00813634	0.372516	0.00319666	0.00394309	0.00519073	0.286769	0.18438	0.0123124	0.00212111	0.0149275
28	0.0900677	0.0113782	0.00136426	0.00117161	0.0445574	0.0211623	0.00263855	0.259273	0.00173455	0.116403	0.0363599	0.00337848	0.017045	0.00367	0.00739092	0.0295828	0.0518476	0.284936	0.00249772	0.0135402
29	0.0928598	0.0114455	0.0286976	0.0310372	0.0252485	0.0411477	0.0364441	0.0328432	0.0419905	0.0366532	0.0121216	0.048108	0.0841208	0.0311284	0.0437695	0.151828	0.158386	0.0484727	0.00144328	0.0422544
30	0.0394196	0.017936	0.0203581	0.0167459	0.0445713	0.0190005	0.0605206	0.0359286	0.0108257	0.0335928	0.0226798	0.277523	0.00533304	0.0205794	0.0258402	0.126926	0.0736182	0.0251357	0.0041318	0.119333
31	0.0289357	0.00904109	0.00113632	0.00216709	0.0329353	0.00449476	0.00238948	0.322195	0.00159589	0.256641	0.0837778	0.00612705	0.00262146	0.00782763	0.00352178	0.0108687	0.0341152	0.182039	0.000808558	0.00676073
32	0.0201218	0.0263555	0.00122827	0.00186628	0.303149	0.00436564	0.00346566	0.0312253	0.00184981	0.415886	0.0665197	0.00305464	0.00112961	0.00381266	0.0054961	0.0148831	0.043036	0.0138082	0.00439496	0.0343516
33	0.0435896	0.0204199	0.000279182	0.000998255	0.0619724	0.00827731	0.00107628	0.226931	0.000539081	0.333402	0.0467682	0.00229789	0.00131317	0.0028199	0.00145257	0.00768239	0.0178136	0.215666	0.000488561	0.0062133
34	0.122818	0.0381147	0.000363974	0.000425342	0.0766317	0.0530227	0.000820086	0.164506	0.000590138	0.132935	0.0350794	0.00128269	0.00143232	0.000728182	0.00285979	0.0949011	0.0852987	0.179676	0.0014103	0.00710387
35	0.0312109	0.0105433	0.00383611	0.00363788	0.0129736	0.0102818	0.00466316	0.0139961	0.00326602	0.0174918	0.00780404	0.474087	0.00231893	0.00480281	0.00570574	0.231148	0.123581	0.0133759	0.00192268	0.0233545
36	0.0337519	0.0108725	0.00263834	0.00751194	0.0617002	0.00733139	0.0119034	0.188279	0.00279854	0.274598	0.0896628	0.00682913	0.00257614	0.010685	0.0150689	0.0184058	0.034423	0.182835	0.00407204	0.0340563
37	0.343585	0.0166268	0.00175071	0.00408036	0.0215395	0.0938673	0.00964508	0.0200319	0.00722371	0.0335389	0.0100863	0.00528413	0.00396999	0.0038457	0.0134433	0.317074	0.075739	0.00911595	0.00101642	0.00853603
38	0.0505161	0.0265411	0.000198656	0.000343465	0.0724726	0.00975193	0.000390223	0.198487	0.000332535	0.356074	0.039429	0.00155295	0.000345723	0.00119779	0.000759124	0.00755843	0.0159151	0.212075	0.000424458	0.00563443
39	0.199281	0.0113045	0.0507146	0.0643461	0.0327266	0.1251	0.0163391	0.0327731	0.0219152	0.045254	0.0117529	0.0336811	0.00983741	0.0185602	0.0290899	0.144156	0.0822215	0.0315316	0.00814332	0.0312716
40	0.0629833	0.00906229	0.100338	0.0706265	0.0313343	0.0417761	0.0265479	0.042484	0.0527152	0.0539378	0.0193077	0.0505199	0.0188379	0.0384907	0.0719687	0.108578	0.10397	0.0451512	0.00351901	0.0478517
41	0.0506727	0.025013	0.000323523	0.000738889	0.0772487	0.0101113	0.000740355	0.195551	0.000500164	0.347554	0.0425816	0.00202983	0.000597609	0.00191548	0.00167048	0.00947805	0.0187076	0.206331	0.000772591	0.0074615
42	0.0420237	0.0197533	0.000544141	0.00122945	0.0639988	0.00788908	0.00157859	0.224781	0.000774355	0.339976	0.0509688	0.00280884	0.00121298	0.00314388	0.00217023	0.00799734	0.018354	0.202972	0.000732149	0.00709123
43	0.0170828	0.00309399	0.00333385	0.014859	0.0640653	0.0038001	0.0246474	0.181386	0.00266236	0.256374	0.11156	0.00709066	0.00162904	0.013391	0.0295025	0.0177581	0.0384686	0.15673	0.00990443	0.0426613
44	0.0430382	0.0222999	0.000320938	0.000888332	0.0653252	0.00855586	0.00100988	0.208867	0.000425068	0.362767	0.04941	0.00256671	0.000655243	0.00263746	0.00160998	0.00739658	0.0164358	0.199187	0.000514445	0.00608971
45	0.0499043	0.0271181	0.000203894	0.000346517	0.0728153	0.00962836	0.000370354	0.195076	0.000298493	0.36452	0.039234	0.00153798	0.000267968	0.0011697	0.000740717	0.00710813	0.0151706	0.208502	0.000362256	0.00562458
46	0.142603	0.0518982	0.000299566	0.0003818	0.0773236	0.0652753	0.000508682	0.127134	0.000378545	0.0998803	0.0291757	0.000674871	0.00028801	0.000510832	0.00316725	0.134268	0.11153	0.146586	0.0005759	0.00753948
47	0.145263	0.134955	0.00164482	0.00305958	0.00901008	0.0281864	0.00442374	0.00963815	0.00259716	0.0123656	0.02565	0.0259298	0.0275552	0.00446398	0.00414843	0.367316	0.137695	0.0193862	0.00154324	0.035169
48	0.073098	0.00776111	0.000902831	0.000804372	0.0418179	0.0164139	0.00236094	0.288465	0.00161197	0.137946	0.033963	0.0023462	0.015033	0.00378908	0.00376338	0.0206874	0.0387655	0.300236	0.00169245	0.00854194
49	0.0352235	0.00484299	0.00500287	0.00720696	0.023701	0.00821549	0.00573099	0.088767	0.0237761	0.0929042	0.027143	0.0250184	0.440678	0.0255511	0.0260499	0.0502231	0.0445462	0.0512074	0.00123054	0.0129811
50	0.049442	0.0238568	0.000402795	0.000568322	0.071464	0.00922515	0.000949985	0.20903	0.000601127	0.337823	0.0397101	0.001733	0.000907991	0.0017474	0.00142382	0.00797441	0.0169759	0.219313	0.000611075	0.00623981
51	0.103058	0.0030733	0.0393146	0.035928	0.0286272	0.0466987	0.0339229	0.0370383	0.044623	0.0348357	0.0118849	0.0695438	0.0254262	0.0377812	0.0497237	0.136682	0.149554	0.0581389	0.000797369	0.053348
52	0.143348	0.0514576	0.000401771	0.000541763	0.0768384	0.0654444	0.000646184	0.125422	0.000558925	0.0991824	0.0288893	0.000879255	0.00041922	0.000640708	0.00332969	0.136576	0.112485	0.144474	0.000611696	0.00785274
53	0.13649	0.0482056	0.000634658	0.00105867	0.0799475	0.0607083	0.000866552	0.12828	0.000667528	0.102418	0.030166	0.00226837	0.000653855	0.00105867	0.00359114	0.134626	0.115597	0.140649	0.00102764	0.0110848
54	0.0536715	0.0018499	0.11441	0.120422	0.0272719	0.0553691	0.0206294	0.01812	0.0476734	0.0527747	0.00772923	0.0496599	0.0156576	0.0460171	0.0774733	0.125275	0.0827035	0.0359194	0.000550815	0.0468225
55	0.0257306	0.0098639	0.0035976	0.00248312	0.326155	0.0202203	0.024557	0.0282857	0.00358917	0.103929	0.0141323	0.00356602	0.00156035	0.00492431	0.0171671	0.025129	0.026458	0.0312916	0.0710113	0.256349
56	0.0274947	0.00355339	0.00201332	0.0038235	0.0207545	0.00440899	0.00329502	0.0921297	0.0249992	0.0910203	0.0289538	0.0270208	0.478747	0.0279125	0.0271681	0.0439652	0.0389979	0.0445218	0.00125405	0.00796646
57	0.00968956	0.00796141	0.0030825	0.00138682	0.380064	0.00950507	0.0273025	0.0223626	0.00327657	0.0972406	0.0122647	0.00300581	0.000976418	0.00310891	0.0200632	0.0271694	0.0187353	0.0309938	0.0501566	0.271655
58	0.0777888	0.00936628	0.102251	0.101859	0.0256321	0.0784648	0.0201675	0.0239076	0.0351642	0.0424509	0.00940099	0.0666822	0.0155945	0.0329309	0.0511102	0.148163	0.0804042	0.0343303	0.00124931	0.0430827
59	0.0481032	0.00338838	0.135517	0.195452	0.0183562	0.0379228	0.0130507	0.0114167	0.04242	0.0976981	0.01302	0.0344286	0.00533744	0.0370574	0.0937956	0.0994238	0.0442659	0.0438927	0.000980306	0.0244728
60	0.0528163	0.0268072	0.000215905	0.000352262	0.0720756	0.0109801	0.000443607	0.197351	0.000307177	0.34874	0.0404401	0.00166776	0.000350676	0.00114106	0.000762233	0.00862182	0.0174515	0.213397	0.000493446	0.00558444
61	0.0927503	0.133481	0.00408023	0.0107927	0.0805004	0.0324298	0.0105287	0.0910942	0.00835258	0.103247	0.0311368	0.0168699	0.0121884	0.0129481	0.0208711	0.13287	0.0808481	0.0829135	0.00426199	0.0378362
62	0.018144	0.00244372	0.0250464	0.0178371	0.00768611	0.0108004	0.0524859	0.013781	0.25187	0.0172445	0.0123024	0.0301678	0.00901735	0.091319	0.28564	0.052299	0.0575772	0.0327254	0.000422695	0.0111895
63	0.0514649	0.0262352	0.000196106	0.000461842	0.0730116	0.0103144	0.000539044	0.197446	0.00030061	0.350873	0.0411261	0.00171161	0.000414975	0.00127849	0.000956776	0.00897129	0.0168857	0.211385	0.000581874	0.00584521
64	0.0393553	0.0498808	0.00442283	0.00964718	0.0310813	0.0245105	0.0131154	0.0671185	0.00601662	0.128216	0.0177866	0.0545474	0.00420364	0.0994126	0.0102215	0.193357	0.0981812	0.09604	0.00226613	0.0506197
65	0.0924671	0.0029415	0.0514527	0.06016	0.0289269	0.0533161	0.0338788	0.0291195	0.0473924	0.0370651	0.00891325	0.0625077	0.0304542	0.0418448	0.0559031	0.137238	0.127974	0.0479961	0.000597509	0.0498521
66	0.0848362	0.0657188	0.00182369	0.003217	0.479668	0.0218388	0.00416888	0.0131716	0.00288042	0.0436487	0.00619644	0.00497822	0.00176632	0.00366404	0.00420071	0.0835874	0.0643947	0.0632627	0.00204257	0.044935
67	0.0929541	0.0165437	0.000389487	0.000512354	0.0631418	0.0279721	0.00145351	0.246949	0.000851893	0.120388	0.0446944	0.00305892	0.00461647	0.00121025	0.0030503	0.0381676	0.0545179	0.26788	0.00348791	0.00816072
68	0.0377943	0.0023051	0.0525542	0.0659915	0.0170754	0.0326265	0.0377539	0.0217253	0.153295	0.0302795	0.00977181	0.0391851	0.0180858	0.0732568	0.181857	0.0810209	0.0730785	0.0413474	0.000535379	0.0304609
69	0.0724465	0.00270748	0.0793794	0.0852794	0.0326079	0.0475608	0.0268211	0.033804	0.0486213	0.0486957	0.00900663	0.0588931	0.020886	0.041311	0.0678581	0.117873	0.110473	0.0432079	0.000711219	0.051857
70	0.0602336	0.00673559	0.00038677	0.000714544	0.0341436	0.00873051	0.00185748	0.324643	0.00109723	0.135031	0.0257833	0.00146283	0.00613891	0.0049781	0.00172279	0.0134096	0.0366675	0.330881	0.000879886	0.00450272
71	0.202028	0.0486688	0.00537106	0.00642814	0.0259808	0.0626145	0.00942278	0.033066	0.0101198	0.0361476	0.0173721	0.0325736	0.0130052	0.00808802	0.0133365	0.286393	0.133878	0.0340863	0.00155311	0.0198665
72	0.0286547	0.00594115	0.00362606	0.0213013	0.0573223	0.00478719	0.0106943	0.179936	0.00381061	0.203531	0.0862938	0.011537	0.00296424	0.0391037	0.0135099	0.0296343	0.0501506	0.211857	0.00379972	0.0315451
73	0.283395	0.0209653	0.00353495	0.00600787	0.0377633	0.154731	0.00818322	0.0385214	0.00804011	0.0665207	0.010671	0.00486317	0.00258661	0.00474918	0.0103849	0.210745	0.0948176	0.0253395	0.00115231	0.00702746
74	0.0572221	0.0126274	0.000788577	0.00158643	0.0372407	0.00981019	0.00214986	0.334086	0.00185502	0.143322	0.0330793	0.00210541	0.00492578	0.00510343	0.00298956	0.0174712	0.04019	0.286312	0.00100239	0.00613209
75	0.0956681	0.0449752	0.00696603	0.00793799	0.0187916	0.0367756	0.0104878	0.0225977	0.00995857	0.0275914	0.0157252	0.0791412	0.0141086	0.0100591	0.0124719	0.288781	0.244979	0.0262428	0.00287432	0.0238666
76	0.0884961	0.0146026	0.000958006	0.00111264	0.0420007	0.0150097	0.00214867	0.288028	0.00128745	0.123897	0.0314339	0.00295379	0.00561793	0.00454104	0.00293814	0.0241162	0.0445499	0.296594	0.00178646	0.00792868
77	0.0206376	0.011707	0.00268928	0.00288436	0.329761	0.0231778	0.0200408	0.0319246	0.00465185	0.164375	0.02077	0.00581689	0.00137008	0.00658523	0.0240481	0.0251873	0.027505	0.0360721	0.0224949	0.218302
78	0.131659	0.0697446	0.00660327	0.00727589	0.0155635	0.0330519	0.00681835	0.0159326	0.00667261	0.0208155	0.0179973	0.068672	0.0168984	0.00762238	0.00886606	0.357413	0.160941	0.0203173	0.0018147	0.0253216
79	0.041706	0.0254035	0.0016374	0.00223996	0.1136	0.00971294	0.00289017	0.17616	0.00189832	0.337772	0.0547455	0.00428616	0.00265585	0.00395835	0.00586557	0.0160341	0.0258087	0.156494	0.00322418	0.0139075
80	0.127983	0.043545	0.00206179	0.00182421	0.0570617	0.0367087	0.00250729	0.165809	0.00218957	0.100069	0.0307329	0.00380586	0.0035654	0.00439971	0.00666849	0.0759863	0.0922486	0.228584	0.00250574	0.0117445
81	0.146766	0.0283917	0.00186034	0.00189605	0.0400314	0.0180192	0.00289065	0.215034	0.00181063	0.0887188	0.0290833	0.00405237	0.0063786	0.00474222	0.00493888	0.0322992	0.0503494	0.311456	0.00258816	0.00869257
82	0.0254084	0.00828623	0.00206102	0.0059916	0.0481366	0.00560743	0.00716113	0.215518	0.00219371	0.310647	0.13644	0.0111388	0.00211855	0.0128181	0.0107991	0.0170502	0.0321472	0.126992	0.00258242	0.0169034
83	0.362502	0.0158122	0.00148781	0.00337935	0.0220302	0.0595279	0.0089121	0.0217957	0.00528368	0.0276817	0.0126611	0.00447412	0.00324325	0.00342144	0.0143524	0.354342	0.0581633	0.0125909	0.000937642	0.00740093
84	0.164016	0.00914325	0.00324415	0.0062458	0.0970052	0.123078	0.00563867	0.102025	0.00509298	0.0760344	0.00931274	0.00910452	0.00251314	0.00498407	0.00696975	0.0230567	0.0770026	0.0560454	0.125651	0.093836
85	0.0559271	0.00563278	0.197606	0.189542	0.0181968	0.0539619	0.0103109	0.0132029	0.0276241	0.0623789	0.0098327	0.0484354	0.00477922	0.0265651	0.0597775	0.119319	0.0378355	0.0290758	0.00123783	0.0287587
86	0.0615341	0.058787	0.0044274	0.0266317	0.0208544	0.00696123	0.00542849	0.211206	0.0330371	0.0936591	0.0126899	0.00738274	0.00265633	0.0351882	0.0758232	0.088195	0.110482	0.130634	0.00260051	0.0118213
87	0.123643	0.021732	0.00103474	0.00104732	0.044275	0.0190537	0.00235913	0.235346	0.00123114	0.0983401	0.0341826	0.00362705	0.00556884	0.00357367	0.00368648	0.0317603	0.0510383	0.307858	0.00261767	0.00802414
88	0.143254	0.0523616	0.000303415	0.000366589	0.0772853	0.0659721	0.000478369	0.124863	0.000369233	0.0997255	0.0289588	0.000660589	0.000262673	0.000505878	0.00319643	0.136517	0.112791	0.143964	0.000509735	0.0076548
89	0.143094	0.052236	0.00033609	0.000372353	0.0772959	0.0669391	0.000521612	0.124041	0.000393154	0.100714	0.0294169	0.000707382	0.000306416	0.000549177	0.00344224	0.136422	0.112178	0.142908	0.000519978	0.00760706
90	0.0291322	0.0286623	0.00112393	0.00107761	0.00727473	0.00218632	0.00162125	0.542424	0.00108302	0.0547536	0.0464676	0.00199875	0.00146396	0.00198625	0.00198089	0.0140877	0.0646302	0.194251	0.000726244	0.0030687
91	0.103211	0.0172059	0.00722442	0.0101712	0.105927	0.0618553	0.0137282	0.0812505	0.0103853	0.0773224	0.0185446	0.0162597	0.00785037	0.0122142	0.0209388	0.0493195	0.10732	0.0596483	0.136042	0.0835821
92	0.0501889	0.0272434	0.000200301	0.000346863	0.0731212	0.00967302	0.000372151	0.194893	0.000292292	0.363628	0.0391018	0.00151396	0.000267772	0.00114139	0.000716206	0.0070809	0.0151053	0.209107	0.000361038	0.00564533
93	0.0501739	0.0272134	0.0002003	0.000343754	0.0731105	0.00966053	0.000371241	0.194972	0.000293042	0.363512	0.0390703	0.0015139	0.000275134	0.0011442	0.000715354	0.00706408	0.0150926	0.209268	0.000361042	0.00564555
94	0.364568	0.0146643	0.00183049	0.00347775	0.0188843	0.0378042	0.00896926	0.0186399	0.00477437	0.0218781	0.0134248	0.00462363	0.00378052	0.00324281	0.0153877	0.398732	0.047458	0.00905345	0.000961957	0.00784454
95	0.0915337	0.0155355	0.00040694	0.000528036	0.0626532	0.0269085	0.00150019	0.250155	0.000848503	0.121517	0.0463222	0.00331296	0.00475351	0.00116291	0.00304977	0.0343189	0.0522669	0.27136	0.00369464	0.00817187
96	0.0896631	0.015773	0.000382646	0.000483804	0.0617317	0.0259013	0.00141691	0.247326	0.000791664	0.136516	0.0463312	0.00316147	0.00455343	0.00120651	0.00287352	0.0323426	0.0495794	0.268834	0.00331535	0.00781606
97	0.0202499	0.0510873	0.00112949	0.00203549	0.288398	0.00312302	0.00199172	0.0594234	0.00150852	0.410437	0.05604	0.00268693	0.00130368	0.00242753	0.00840714	0.0194064	0.026719	0.0219615	0.00715857	0.014506
98	0.309434	0.0161701	0.00132758	0.00553975	0.0397964	0.205275	0.0080908	0.0289978	0.00885628	0.0570884	0.00632216	0.00434593	0.0016901	0.00565013	0.0088771	0.177497	0.0937382	0.0112421	0.00303561	0.0070254
99	0.0794476	0.0134167	0.000621661	0.000527316	0.0571273	0.0200063	0.00149167	0.26179	0.000969971	0.152366	0.0427692	0.00274859	0.0046559	0.00186544	0.00255435	0.028814	0.0458595	0.273262	0.00249976	0.00720697
100	0.0533379	0.00497851	0.0014833	0.00374508	0.0253601	0.00716906	0.00328348	0.139752	0.0149981	0.10075	0.0260895	0.0161438	0.36478	0.0171614	0.0173351	0.0358057	0.0394218	0.116989	0.00156027	0.00985648
101	0.0599265	0.00581199	0.176886	0.143401	0.0208343	0.0749738	0.012494	0.0154508	0.0272102	0.0428402	0.00821501	0.0552652	0.00827407	0.0279025	0.0490596	0.156676	0.0475438	0.0250486	0.00121306	0.0409732
102	0.0838073	0.0159957	0.00271015	0.00422002	0.0618466	0.0274404	0.00631952	0.213991	0.00172807	0.149306	0.0672195	0.00512841	0.00397929	0.00565342	0.0113632	0.0475774	0.0622906	0.207384	0.00341148	0.0186279
103	0.0694922	0.00880001	0.00521648	0.00340009	0.0566385	0.0145045	0.00773361	0.259473	0.00261746	0.137496	0.0684995	0.00768772	0.00491547	0.00602579	0.0103155	0.0290413	0.058337	0.230324	0.0027577	0.0167249
104	0.0822744	0.0340638	0.0102885	0.00791951	0.111678	0.0653385	0.0326944	0.078299	0.00786411	0.0936115	0.0184509	0.112639	0.00403473	0.0159348	0.0107381	0.105367	0.079873	0.0505653	0.00418758	0.0741775
105	0.331622	0.0134993	0.00183325	0.0031248	0.0368217	0.0582995	0.00907241	0.0415847	0.00635736	0.036261	0.0242266	0.0046294	0.00319837	0.00345856	0.0237794	0.299463	0.0721551	0.0216962	0.00143052	0.00748722
106	0.0544594	0.00220312	0.0985751	0.101469	0.0366354	0.0491095	0.0374831	0.0218166	0.0466219	0.0454806	0.00823638	0.0581336	0.0166546	0.047452	0.0795357	0.114288	0.087855	0.0373992	0.000522789	0.0560689
107	0.0955855	0.00632285	0.00243214	0.0190368	0.0931151	0.0117736	0.00326748	0.20067	0.00298271	0.0587043	0.0119405	0.019691	0.00327734	0.00360679	0.00462903	0.0477423	0.121261	0.185752	0.0205402	0.0876696
108	0.0736339	0.134445	0.0258327	0.0812202	0.0567126	0.0347414	0.0276183	0.0630044	0.017995	0.0814236	0.0282252	0.0301369	0.00902797	0.0240782	0.035026	0.102802	0.0706441	0.05522	0.00616193	0.0420511
109	0.0547836	0.00879256	0.0291397	0.0116088	0.0800588	0.0200479	0.0461483	0.0799517	0.0087771	0.0493724	0.0468654	0.130005	0.00481655	0.0165658	0.0156229	0.119062	0.119051	0.0419796	0.00133569	0.116016
110	0.0273054	0.00364133	0.00228643	0.00410285	0.0206541	0.00438448	0.00335439	0.093041	0.0245359	0.0915937	0.0290402	0.0272274	0.475184	0.0283412	0.0271312	0.0449169	0.0396794	0.0441894	0.00122157	0.00816873
111	0.00819312	0.0279957	0.00998396	0.00148193	0.237836	0.0052836	0.032089	0.0121405	0.00165907	0.0628155	0.0196544	0.00385172	0.00103578	0.00549102	0.00783944	0.0194603	0.0189021	0.0155469	0.00985951	0.49888
112	0.0220259	0.0185625	0.00734865	0.0117763	0.0237834	0.00458366	0.0515108	0.0562193	0.123546	0.0603467	0.00606072	0.031439	0.0029645	0.0753793	0.385933	0.0365442	0.0278393	0.0158691	0.0136536	0.0246144
113	0.09642	0.0569567	0.00130495	0.00248443	0.219845	0.0322797	0.00225539	0.0804136	0.00165675	0.18813	0.0277911	0.00316688	0.00149812	0.00318254	0.00585178	0.097888	0.063835	0.0949408	0.0029946	0.017104
114	0.0466493	0.0215404	0.000403613	0.000836128	0.0673091	0.0107172	0.0012321	0.213724	0.000633027	0.336098	0.0516718	0.00241123	0.000832112	0.00220376	0.00178566	0.00980604	0.0208582	0.203914	0.000929339	0.00644529
115	0.0486214	0.00173177	0.000333658	0.000627823	0.032737	0.00458576	0.00199755	0.343926	0.00125225	0.151941	0.0202545	0.000827105	0.00610065	0.0058808	0.000980033	0.00736411	0.0250085	0.34231	0.000273642	0.00324659
116	0.045137	0.013932	0.00546586	0.00628219	0.154723	0.00986333	0.0416768	0.0335335	0.0048676	0.212651	0.058102	0.00847953	0.00357395	0.0598469	0.0129338	0.0273577	0.0272601	0.0362558	0.00604348	0.232014
117	0.00830538	0.0232031	0.00787522	0.00139232	0.266827	0.00613853	0.0279718	0.0154901	0.00185415	0.0774653	0.0188044	0.00337613	0.001026	0.00482397	0.0112849	0.0200518	0.0175192	0.0193207	0.0129155	0.454354
118	0.050564	0.0271362	0.000199582	0.000349395	0.0728069	0.00991311	0.000376441	0.195824	0.000297209	0.360602	0.0390474	0.00152486	0.000291981	0.00115304	0.000721143	0.00737502	0.0154828	0.210334	0.000390028	0.00561058
119	0.0451949	0.00105178	0.0003341	0.000644856	0.0314175	0.00409762	0.00200278	0.350153	0.00130849	0.15792	0.0199344	0.000750178	0.00636836	0.00602688	0.000993674	0.00630959	0.0236464	0.338543	0.000179775	0.00312329
120	0.0354014	0.00734522	0.00298047	0.00571409	0.0217283	0.00740904	0.00540624	0.0834684	0.0241184	0.0831663	0.0260286	0.0244423	0.45919	0.0253659	0.0266613	0.0535692	0.0468638	0.0473316	0.00168866	0.0121207
121	0.0444195	0.016914	0.000972055	0.0019104	0.0563584	0.0089065	0.00255676	0.231141	0.000951946	0.307336	0.0608885	0.00357705	0.00187388	0.00463258	0.00356348	0.0122852	0.0247434	0.207374	0.00113915	0.00845627
122	0.143254	0.0523616	0.000303415	0.000366589	0.0772853	0.0659721	0.000478369	0.124863	0.000369233	0.0997255	0.0289588	0.000660589	0.000262673	0.000505878	0.00319643	0.136517	0.112791	0.143964	0.000509735	0.0076548
123	0.0271556	0.0320532	0.00120814	0.00113674	0.00423112	0.00166833	0.0016209	0.560703	0.00101504	0.0456031	0.0499423	0.00211125	0.000619869	0.00175408	0.00207808	0.014433	0.0690121	0.180096	0.000690512	0.00286793
124	0.0349205	0.0262694	0.00184538	0.00114068	0.0131925	0.00456866	0.00216556	0.502685	0.00142031	0.0610176	0.0527828	0.0027738	0.00171522	0.00240117	0.00262345	0.0181175	0.0718956	0.193201	0.000795092	0.00446881
125	0.228864	0.0261111	0.00144064	0.00332512	0.0277749	0.209056	0.00781554	0.0225686	0.00811235	0.0546595	0.00529827	0.00385021	0.00257081	0.00843069	0.00731597	0.204764	0.158683	0.0105935	0.00104504	0.00772155
126	0.0958614	0.0203639	0.000351604	0.000632525	0.0660813	0.0309211	0.00140944	0.236275	0.000788122	0.116084	0.0437617	0.00320891	0.00419526	0.00108279	0.0030804	0.0452015	0.0595664	0.25791	0.00397425	0.00924999
127	0.019027	0.0359864	0.00341705	0.00235397	0.297811	0.0064623	0.0144791	0.0366013	0.00227662	0.25016	0.0462239	0.00355086	0.0012082	0.00582162	0.0101505	0.0204103	0.0263069	0.0283584	0.00964299	0.179751
128	0.0354042	0.0152574	0.027112	0.0187479	0.0760352	0.0183243	0.0853658	0.0414388	0.0127011	0.0413212	0.0261048	0.14871	0.00537924	0.0251385	0.0325395	0.0918926	0.0626364	0.0252229	0.00507108	0.205597
129	0.142545	0.0527801	0.000331497	0.000368572	0.0775323	0.0655467	0.000502017	0.125429	0.00036075	0.0994318	0.0288801	0.000681432	0.000271293	0.000536112	0.00317786	0.135526	0.112951	0.144754	0.000524315	0.00787042
130	0.0807488	0.00963007	0.00353811	0.00511943	0.0856515	0.0370996	0.0342195	0.0553552	0.00525351	0.296907	0.127157	0.00735969	0.0303375	0.00804051	0.0637095	0.0889558	0.0202288	0.020633	0.00387731	0.0161782
131	0.0294732	0.0303317	0.00170634	0.00119796	0.00815263	0.00300225	0.00214072	0.522616	0.00143165	0.0619806	0.0670015	0.00374517	0.00105983	0.00286203	0.00251263	0.0164046	0.0739848	0.165653	0.000852351	0.00389114
132	0.209177	0.0306475	0.00576927	0.00716245	0.0271659	0.0704973	0.0122678	0.0298935	0.0118304	0.039319	0.0144766	0.0277035	0.0103693	0.00924206	0.0129849	0.219532	0.213015	0.028355	0.00243738	0.0181541
133	0.0273943	0.0222029	0.00131015	0.0124498	0.0268084	0.0035723	0.0492775	0.0740677	0.0660677	0.0702165	0.00427138	0.0262163	0.00126682	0.0755519	0.435053	0.0233044	0.0139494	0.0101322	0.0212897	0.0355974
134	0.0994574	0.00241267	0.0415144	0.0437786	0.026566	0.0489252	0.0366207	0.0318279	0.0494914	0.0335826	0.00952506	0.0636225	0.028005	0.0404864	0.0545572	0.141775	0.143619	0.0522859	0.000508872	0.0514382
135	0.0360245	0.0171504	0.00199532	0.00457781	0.094675	0.00991006	0.00636542	0.165227	0.00252833	0.330717	0.0935996	0.00863983	0.00710525	0.00940582	0.00978579	0.0212621	0.0332941	0.125581	0.00254426	0.0196118
136	0.0152949	0.00277628	0.00337561	0.0156508	0.0647841	0.00338448	0.025223	0.177514	0.002734	0.259864	0.114922	0.00720092	0.00129888	0.0137568	0.0300382	0.0175971	0.0385575	0.151871	0.0103248	0.0438332
137	0.0185337	0.00219827	0.0256472	0.0183623	0.00737269	0.0111143	0.0530258	0.0133156	0.250888	0.0168395	0.0123132	0.0304252	0.00935218	0.0921891	0.283654	0.0522939	0.0580816	0.0325724	0.000415888	0.0114056
138	0.0991613	0.00225697	0.0412788	0.0395579	0.025327	0.0501505	0.0345885	0.0301573	0.0562244	0.0323127	0.00906588	0.0611994	0.0287849	0.0407127	0.058413	0.144098	0.146318	0.051668	0.000521106	0.048204
139	0.112394	0.00314592	0.0346438	0.0343906	0.0262467	0.0534706	0.0338351	0.0301281	0.0489965	0.0318435	0.00918736	0.0579794	0.0291231	0.0353194	0.0483234	0.154897	0.15797	0.0512584	0.000564523	0.0462822
140	0.0183287	0.00256363	0.00227316	0.00584971	0.0323939	0.00266921	0.00572942	0.228635	0.00197982	0.323421	0.173566	0.015905	0.000831761	0.0183216	0.00878304	0.0161548	0.0337017	0.0926651	0.00195644	0.0142714
141	0.0663514	0.00213977	0.0786589	0.0872164	0.0271194	0.0509531	0.0248864	0.0269063	0.048568	0.0500939	0.00885354	0.0563181	0.0375179	0.048033	0.0700145	0.125903	0.102522	0.0413899	0.000490583	0.0460638
142	0.0915877	0.073427	0.00364232	0.00594484	0.0396313	0.152375	0.0285565	0.0243842	0.00547997	0.0598947	0.00902611	0.0206585	0.00500384	0.0760227	0.00839514	0.205596	0.0984534	0.0489355	0.00279109	0.0401941
143	0.0474869	0.00304861	0.139202	0.184096	0.0204941	0.0400533	0.0160939	0.0117967	0.0412719	0.0883129	0.0112276	0.0365633	0.00673258	0.0398812	0.0946234	0.101525	0.0488727	0.0393249	0.000823588	0.0285698
144	0.102001	0.0030031	0.0385948	0.0371761	0.0301851	0.0503168	0.0355246	0.0377672	0.0451856	0.0401971	0.0136372	0.066728	0.024939	0.0377039	0.0488062	0.135224	0.145187	0.0567023	0.000549353	0.0505716
145	0.0784413	0.00725363	0.0314089	0.00603639	0.0300574	0.00622353	0.0203602	0.242293	0.00557442	0.110056	0.0926653	0.0106946	0.00343551	0.0217301	0.0230617	0.0243645	0.101735	0.165927	0.00187584	0.0168062
146	0.0185281	0.00220309	0.0256564	0.0183705	0.00739715	0.0110933	0.0528519	0.0132976	0.251258	0.0168428	0.0122893	0.0303402	0.00930956	0.0922638	0.283852	0.0522168	0.057944	0.0325034	0.000415867	0.0113659
147	0.265782	0.0118675	0.00562769	0.00733049	0.0345191	0.132444	0.0122305	0.0337593	0.0207182	0.0547209	0.00753285	0.0123497	0.00648944	0.00802555	0.0154594	0.20572	0.134669	0.0178208	0.00085278	0.0120802
148	0.0225243	0.00727035	0.0246897	0.0222859	0.0166684	0.0119157	0.0481686	0.0294536	0.204841	0.0318394	0.010878	0.02928	0.00805776	0.0809977	0.295091	0.0499505	0.0513271	0.0323353	0.00348267	0.0189435
149	0.0181187	0.00253033	0.024829	0.0177962	0.00774184	0.010674	0.0522754	0.0137598	0.25153	0.0175225	0.0122612	0.0301439	0.0089251	0.0911837	0.286739	0.0522865	0.0573485	0.0326386	0.000486227	0.0112093
150	0.0185109	0.00456015	0.0216419	0.0163868	0.00975309	0.00970942	0.0521271	0.0201771	0.230805	0.0229292	0.0108341	0.0287756	0.0078071	0.0893077	0.31098	0.0498544	0.0511347	0.0290056	0.00263979	0.0130601
151	0.0444482	0.0135126	0.000460235	0.000694153	0.0514319	0.00715206	0.00132475	0.272751	0.000888282	0.269818	0.0366861	0.00156489	0.00305016	0.00348216	0.00145874	0.00758437	0.0203643	0.257702	0.000526191	0.00509999
152	0.217622	0.0125644	0.0189527	0.0226576	0.0326586	0.116888	0.0202885	0.0348095	0.048082	0.0493506	0.010726	0.0248423	0.0115904	0.0208389	0.0401977	0.15537	0.104397	0.0295487	0.00374748	0.0248673
153	0.0240159	0.0403116	0.00424236	0.00938068	0.076597	0.00775108	0.0158554	0.122626	0.17667	0.0704981	0.0115547	0.0118972	0.00332363	0.0233058	0.234314	0.0288516	0.0303945	0.0799918	0.00633239	0.0220861
154	0.0693134	0.0118975	0.00913582	0.00303814	0.0336608	0.0103247	0.00752085	0.272729	0.00348593	0.111809	0.109194	0.0180698	0.00297387	0.0087178	0.00932245	0.036469	0.100548	0.166669	0.00218189	0.012939
155	0.0553956	0.00873027	0.000424828	0.000643215	0.0433379	0.00824491	0.00165163	0.30083	0.0010751	0.18812	0.0285354	0.00157056	0.00493039	0.0043889	0.00127798	0.0114269	0.0276209	0.306381	0.000758684	0.00465536
156	0.0180149	0.00316135	0.00225578	0.00745684	0.0381369	0.00283509	0.0067446	0.217049	0.00190977	0.323902	0.155531	0.0130389	0.00087466	0.0183983	0.0100138	0.0177114	0.0328959	0.110942	0.00231449	0.0168138
157	0.141858	0.0511888	0.000307458	0.000382347	0.0767037	0.0643756	0.000541699	0.129378	0.000400365	0.0997756	0.0295876	0.000721181	0.000377858	0.00052828	0.00320362	0.133365	0.110367	0.14848	0.000615571	0.00784282
158	0.0440709	0.0346354	0.000450364	0.00102501	0.126788	0.00779171	0.000984764	0.170011	0.000512687	0.364456	0.0450474	0.00199249	0.000523908	0.00149415	0.00356154	0.00990241	0.0165587	0.15969	0.00271989	0.00778361
159	0.0738965	0.00833304	0.00140668	0.00123778	0.0300018	0.00648537	0.00265784	0.31346	0.00154212	0.121066	0.0226703	0.00204478	0.00665434	0.00955198	0.00360077	0.0132664	0.0379103	0.337831	0.000728043	0.00565529
160	0.091179	0.0155795	0.000381575	0.000504044	0.0628569	0.0267779	0.00147819	0.249382	0.000828767	0.12367	0.0461887	0.00329305	0.00473354	0.00116575	0.0030074	0.033766	0.0517	0.271689	0.00370074	0.00811854
161	0.0501889	0.0272434	0.000200301	0.000346863	0.0731212	0.00967302	0.000372151	0.194893	0.000292292	0.363628	0.0391018	0.00151396	0.000267772	0.00114139	0.000716206	0.0070809	0.0151053	0.209107	0.000361038	0.00564533
162	0.0373784	0.0235113	0.00452037	0.00416925	0.311476	0.0157777	0.0168555	0.0612435	0.00671095	0.136211	0.025877	0.00870932	0.00396221	0.00558832	0.0215465	0.0422006	0.0411411	0.0659774	0.0158546	0.151288
163	0.103866	0.0219682	0.000386288	0.00051048	0.0665059	0.0362449	0.00132722	0.224799	0.000769399	0.114918	0.0449351	0.00282207	0.0036895	0.00106725	0.00316235	0.0536586	0.0628371	0.245129	0.003205	0.00819859
164	0.0443378	0.00119054	0.000346908	0.000645503	0.0319825	0.00399681	0.00196428	0.350055	0.00130236	0.161057	0.0200691	0.00075296	0.00624092	0.00593753	0.00099916	0.00613596	0.0232719	0.336407	0.000180522	0.00312587
165	0.134408	0.119158	0.00318893	0.00467727	0.0298235	0.0445204	0.00614199	0.0388801	0.00342709	0.0376111	0.025599	0.0243357	0.0163205	0.0093333	0.00616206	0.279137	0.13696	0.0473356	0.00213483	0.0308467
166	0.0261206	0.00959202	0.00332526	0.00290414	0.330012	0.0189819	0.0245937	0.0321423	0.00331714	0.108328	0.0156044	0.00430379	0.00149517	0.00444157	0.0168761	0.0262282	0.0255077	0.0324914	0.0695649	0.24417
167	0.0198356	0.0289612	0.0011922	0.00190712	0.304868	0.00386682	0.00279225	0.0338331	0.00161659	0.422194	0.0662064	0.00305876	0.00108384	0.00317214	0.00510288	0.0148438	0.0426457	0.0131982	0.00469698	0.024924
168	0.0516058	0.017285	0.0053494	0.0076351	0.0210348	0.0105734	0.00694467	0.0703927	0.0261361	0.0725407	0.0247252	0.0262699	0.391629	0.0239107	0.0291009	0.0943589	0.0606515	0.0423836	0.0014473	0.0160257
169	0.0163835	0.0095148	0.034606	0.0197951	0.0508661	0.00402379	0.203068	0.0480187	0.00782955	0.0134861	0.0373019	0.121553	0.00115647	0.0363848	0.03724	0.0819497	0.0473933	0.011127	0.00107315	0.217229
170	0.01421	0.0190031	0.0170488	0.00957191	0.166915	0.00564779	0.136175	0.0259282	0.00627827	0.0454973	0.0328545	0.0398719	0.0014442	0.0195657	0.0250377	0.0409239	0.0254624	0.0160606	0.00728675	0.345217
171	0.0480448	0.00170292	0.000386455	0.000644524	0.0325508	0.00458084	0.00210769	0.344177	0.0013278	0.153403	0.0211724	0.000842943	0.0062393	0.00587726	0.00108401	0.00740504	0.0247411	0.340082	0.000211443	0.00341783
172	0.00941228	0.00626841	0.00224907	0.00121469	0.368428	0.0110151	0.0253676	0.0367198	0.00613787	0.0918476	0.0114554	0.00195691	0.000841073	0.00229751	0.0398589	0.0233813	0.0207168	0.0506716	0.0154058	0.274754
173	0.0271328	0.00556014	0.00425843	0.0228407	0.0641327	0.00552018	0.0132467	0.145202	0.0032157	0.227519	0.112599	0.0219332	0.00146246	0.041226	0.0149034	0.0430203	0.0566154	0.135619	0.00402895	0.0499636
174	0.020716	0.00827564	0.0011429	0.00424415	0.0535277	0.00365391	0.00411634	0.205882	0.00120653	0.367771	0.135693	0.0135622	0.000758937	0.0125884	0.00665275	0.0131421	0.0254286	0.107887	0.00194867	0.011802
175	0.156639	0.00915404	0.00371542	0.0062591	0.101173	0.112849	0.00590865	0.0842584	0.00471101	0.0806333	0.0102804	0.009176	0.00288555	0.00555867	0.00781855	0.0225087	0.0785358	0.0462167	0.155993	0.0957258
176	0.00970009	0.00643639	0.00223016	0.00113874	0.37076	0.0112343	0.0266769	0.0366742	0.00596044	0.0915359	0.011407	0.00204066	0.000815108	0.00244252	0.0393342	0.0235686	0.0212944	0.0496424	0.015877	0.271231
177	0.0162401	0.00960612	0.0348433	0.0200235	0.0507044	0.00396515	0.20299	0.047579	0.00784658	0.0133467	0.0373683	0.121212	0.0011574	0.036678	0.0370281	0.0821579	0.0465446	0.0110533	0.00109556	0.21856
178	0.0182494	0.00251028	0.0250813	0.017833	0.0080876	0.0106756	0.0520842	0.0141529	0.253472	0.0171475	0.0122374	0.0298383	0.00895693	0.0912377	0.284388	0.0522543	0.0577144	0.0324929	0.000422674	0.0111643
179	0.0363394	0.0057467	0.0164001	0.00736396	0.063337	0.00582672	0.0106795	0.262694	0.0145797	0.17645	0.0740976	0.00852587	0.0043033	0.0116505	0.0142124	0.0335918	0.0670288	0.152007	0.00290456	0.0322608
180	0.087533	0.0152185	0.000408611	0.000496392	0.061198	0.0243546	0.0015082	0.2521	0.000894921	0.13008	0.045276	0.00320039	0.0045506	0.00147679	0.00282294	0.0318818	0.0491722	0.276904	0.00321286	0.0077112
181	0.348444	0.0104612	0.00136089	0.00361718	0.0256467	0.125249	0.0130557	0.0228285	0.00864234	0.0445359	0.00908806	0.00382433	0.00185273	0.00364075	0.0171394	0.262012	0.0846088	0.00767766	0.000900759	0.00541452
182	0.0107744	0.00708179	0.00403591	0.00239645	0.345877	0.0143752	0.0343002	0.0427497	0.00519883	0.0815666	0.0136405	0.007552	0.00100778	0.0038053	0.0397587	0.0300557	0.0223379	0.0437327	0.0146131	0.27514
183	0.0614709	0.0293809	0.000509417	0.00183751	0.0664263	0.0127246	0.00166337	0.218568	0.0010391	0.248281	0.0397028	0.00650649	0.00208665	0.00724693	0.00281506	0.0201723	0.028786	0.241196	0.00151626	0.00807076
184	0.0268641	0.0245542	0.00147185	0.00273253	0.27193	0.00514746	0.00422225	0.0370166	0.00238253	0.412641	0.0802329	0.00347513	0.00163749	0.0046325	0.006245	0.0171201	0.0522702	0.01775	0.00346292	0.0242117
185	0.156888	0.141881	0.00178555	0.0030831	0.00940979	0.0238661	0.00435768	0.00998125	0.00219847	0.0121798	0.0299514	0.0211933	0.0273231	0.00434529	0.00410248	0.361613	0.127491	0.0217067	0.00147662	0.0351667
186	0.00751842	0.027626	0.00858086	0.00136615	0.251181	0.00533857	0.0287479	0.0137566	0.0017448	0.0628532	0.0209176	0.00402972	0.00108862	0.00458344	0.00926744	0.0218703	0.0175376	0.0176277	0.0109359	0.483429
187	0.14258	0.0519751	0.000302732	0.000384845	0.0767754	0.0656023	0.000533712	0.124947	0.000371663	0.100195	0.0290366	0.000660152	0.000272108	0.000549036	0.00322163	0.137948	0.113632	0.142779	0.000530533	0.00770356
188	0.106557	0.0876919	0.00956594	0.00846984	0.0230249	0.0523535	0.0103168	0.0219425	0.00407774	0.0299952	0.0176835	0.171582	0.0142876	0.0119341	0.0070833	0.253535	0.0911618	0.0252999	0.00233755	0.0511
189	0.133894	0.139826	0.00339286	0.00533429	0.0245361	0.0342034	0.00781048	0.0240667	0.00384605	0.0300535	0.0256225	0.0261143	0.0211794	0.0100929	0.00563941	0.317637	0.116582	0.0311566	0.0021386	0.0368732
190	0.187934	0.119636	0.00184707	0.00341374	0.0150898	0.0322461	0.00520383	0.0154686	0.00265926	0.019541	0.0243518	0.0175673	0.0209057	0.00452306	0.00564018	0.360169	0.110798	0.0236995	0.00154807	0.0277593
191	0.0486343	0.0018989	0.000331148	0.00064206	0.0328276	0.00496499	0.00199339	0.344391	0.00126081	0.152536	0.020616	0.000864543	0.00625254	0.00578874	0.00106804	0.00762533	0.0251372	0.339456	0.000308647	0.00340249
192	0.0396521	0.0117121	0.0146408	0.0141597	0.0255605	0.0177788	0.0221659	0.030921	0.0166413	0.0318101	0.0150527	0.372303	0.00687205	0.015928	0.0254159	0.169201	0.0987209	0.0260229	0.00295086	0.0424898
