323	20
1	0.0117243	0.00421361	0.000868176	0.00186258	0.0684765	0.00108773	0.00669436	0.0854255	0.00118819	0.543681	0.149803	0.00284972	0.00078024	0.00556963	0.00244359	0.00459779	0.0087635	0.0928959	0.00344271	0.00363235
2	0.0103296	0.00222306	0.00747032	0.024596	0.151913	0.00316216	0.0193866	0.0791738	0.0321034	0.155508	0.0275006	0.00954819	0.00183422	0.0617974	0.0784792	0.0113792	0.0377436	0.177834	0.0200174	0.088
3	0.0105663	0.00338089	0.00131825	0.0014385	0.266742	0.00128845	0.105997	0.00884229	0.00184776	0.0289548	0.0063599	0.00889157	0.00538772	0.00419278	0.00369384	0.0105578	0.00771161	0.00590664	0.011733	0.50519
4	0.018789	0.00282484	0.0315842	0.0259583	0.00714341	0.0457277	0.0198573	0.00516926	0.454632	0.00575873	0.0478908	0.177856	0.00566904	0.034117	0.0663517	0.0248917	0.0125024	0.00615781	0.00192592	0.00519299
5	0.051995	0.00578437	0.114368	0.0774338	0.00439438	0.413744	0.0221251	0.0135667	0.0511141	0.0109531	0.00570111	0.0441929	0.0241653	0.0250846	0.0281799	0.0585407	0.0265036	0.0133278	0.0010416	0.00778464
6	0.0318852	0.00145656	0.000839491	0.00136493	0.0724378	0.00098858	0.0136559	0.205368	0.00178969	0.327428	0.0415224	0.00149952	0.00342286	0.00217133	0.00194439	0.00444844	0.0023072	0.242258	0.0233666	0.0198461
7	0.0116565	0.00283111	0.00162526	0.00157956	0.33315	0.00248435	0.0750283	0.0104026	0.00249259	0.0339727	0.00821399	0.00816883	0.00338817	0.00338366	0.00290856	0.0102563	0.00792837	0.00815875	0.00661616	0.465755
8	0.0337835	0.00787366	0.0227376	0.0220788	0.0332217	0.0247393	0.273653	0.0234297	0.0421236	0.0393905	0.0192021	0.0610963	0.0208839	0.0336173	0.117034	0.0344365	0.033657	0.027457	0.0138586	0.115726
9	0.00423665	0.00569397	0.00165076	0.0094002	0.2293	0.001477	0.00355637	0.0408316	0.00198554	0.577816	0.0487242	0.00967081	0.00104559	0.0106758	0.00181586	0.00415868	0.00299673	0.0252747	0.000658167	0.0190319
10	0.0089027	0.00265419	0.00665646	0.00457498	0.633127	0.00285847	0.0167626	0.0245631	0.00797021	0.0772129	0.010039	0.00493791	0.00191178	0.00365897	0.00974986	0.00769383	0.00939746	0.0278735	0.00826664	0.131189
11	0.0108528	0.00165165	0.00215315	0.0016283	0.444346	0.00134243	0.043578	0.0128252	0.00270972	0.0398521	0.00930332	0.00309251	0.00118822	0.00253421	0.00184321	0.00520204	0.00647403	0.0106341	0.00129381	0.397495
12	0.0405655	0.00540243	0.0271747	0.054108	0.0196927	0.0208067	0.0645863	0.034841	0.0973868	0.0718073	0.0241711	0.0355337	0.0167671	0.162276	0.152779	0.0449451	0.0485329	0.0433263	0.00640557	0.0288926
13	0.0128175	0.0109665	0.00154511	0.00221525	0.0773624	0.00198155	0.231928	0.00411322	0.00402973	0.022654	0.00390724	0.0271163	0.0239406	0.00803665	0.0104706	0.0308136	0.0140202	0.00872281	0.0492234	0.454135
14	0.0789443	0.0165145	0.0520096	0.0407022	0.0148321	0.0408329	0.0317851	0.0293761	0.0617157	0.0346188	0.0217475	0.132414	0.020687	0.0335844	0.0423234	0.133842	0.139916	0.0452623	0.00398382	0.0249076
15	0.0910507	0.00363079	0.0167243	0.0231705	0.0106389	0.0159625	0.0622704	0.028987	0.0147233	0.0789303	0.00921382	0.0607155	0.26102	0.0480687	0.0173827	0.0473586	0.166729	0.0231732	0.00268508	0.0175648
16	0.0221205	0.00550954	0.110022	0.0781097	0.0215696	0.0495736	0.0733959	0.00966026	0.121232	0.0431405	0.00830121	0.148216	0.0130813	0.0261058	0.0703225	0.0415223	0.0296664	0.0181947	0.00117673	0.109079
17	0.102947	0.0133911	0.0354617	0.00703094	0.00221051	0.633121	0.0171806	0.0146362	0.00461538	0.006487	0.00175991	0.0151245	0.0154477	0.0016684	0.00669046	0.088135	0.0179917	0.0139724	0.000785498	0.00134255
18	0.61269	0.000619678	0.00727587	0.0115515	0.00115607	0.00182729	0.00140778	0.00976258	0.00161463	0.00423622	0.00133411	0.00203732	0.0703955	0.00117192	0.0115321	0.150895	0.0468202	0.0621183	0.00032162	0.00123239
19	0.0505518	0.00803123	0.107701	0.112288	0.0138846	0.0644849	0.0396518	0.0183394	0.0697301	0.03232	0.0263734	0.120232	0.00871575	0.0487954	0.0610192	0.0525378	0.052015	0.0605551	0.00191389	0.0508593
20	0.0433788	0.00903733	0.104879	0.0760247	0.0183595	0.0325054	0.0480622	0.0165396	0.141477	0.0107497	0.0128495	0.174314	0.00492765	0.0631327	0.0713041	0.0744023	0.0394039	0.0260214	0.00117305	0.0314582
21	0.0393161	0.00169736	0.00842477	0.0160217	0.0235061	0.00926134	0.00852463	0.209649	0.0554034	0.144436	0.11408	0.0166819	0.00268968	0.00954525	0.0218751	0.0493987	0.132366	0.128065	0.00207305	0.00698466
22	0.0859064	0.00169096	0.0184969	0.118261	0.0114399	0.0121367	0.0186394	0.148721	0.0154967	0.0505326	0.00447758	0.00378409	0.00212	0.0135107	0.00627329	0.142609	0.228141	0.103867	0.000662413	0.0132332
23	0.0544989	0.0435617	0.00667612	0.0076328	0.0653044	0.0152618	0.0106436	0.0113837	0.0118066	0.0875512	0.00916769	0.0114368	0.00563938	0.0107578	0.0429533	0.0164604	0.0222475	0.0304816	0.505587	0.0309476
24	0.0645802	0.00840436	0.0317374	0.00660125	0.00159549	0.711897	0.0159595	0.0174666	0.00309089	0.00554908	0.000980475	0.015636	0.017112	0.00116254	0.00785571	0.0544269	0.0195258	0.014963	0.000650167	0.000805208
25	0.0543231	0.00713729	0.158368	0.0776219	0.0172829	0.0476302	0.127182	0.0185209	0.0684695	0.0229272	0.0140941	0.0999067	0.0132787	0.0436812	0.0577881	0.0615661	0.0402316	0.0292737	0.00409712	0.03662
26	0.574915	0.0022651	0.00600285	0.00946246	0.00245585	0.0259103	0.00187322	0.0144529	0.00249472	0.0110663	0.00303282	0.00411877	0.0558192	0.00195442	0.010377	0.143082	0.0520127	0.0767431	0.000362948	0.00159886
27	0.0186775	0.00199645	0.00187271	0.00297196	0.003282	0.00328403	0.0021428	0.281529	0.00287338	0.0433885	0.0113236	0.00206484	0.00188622	0.00179084	0.00231633	0.00344069	0.0320749	0.58108	0.000412125	0.00159293
28	0.23722	0.0112024	0.0184343	0.0198708	0.00716662	0.0442673	0.0104816	0.0195221	0.0177486	0.0198748	0.00963176	0.0271558	0.0338569	0.013526	0.0155879	0.305629	0.137983	0.0416966	0.00140785	0.00773626
29	0.0294712	0.00307313	0.0312199	0.0242559	0.00464365	0.0253421	0.0398267	0.0432441	0.246712	0.0454196	0.0252587	0.0495409	0.00125788	0.0826274	0.156814	0.0238604	0.0853978	0.0535291	0.00554829	0.0229566
30	0.0184849	0.00142334	0.777525	0.0311929	0.00400793	0.0235545	0.00489287	0.00180449	0.0121483	0.00515214	0.00320503	0.0651834	0.00451675	0.00537105	0.00533237	0.0157796	0.00752905	0.00670194	0.000540628	0.0056534
31	0.0112328	0.00375845	0.00311237	0.00411463	0.0295323	0.00281241	0.0109487	0.0679449	0.00465367	0.39338	0.311429	0.00497701	0.00269563	0.0211274	0.0231763	0.00692567	0.0200271	0.062811	0.00157203	0.0137683
32	0.0155492	0.000493263	0.000548871	0.000578157	0.00739083	0.000793727	0.000863028	0.330525	0.000737957	0.0976323	0.0148953	0.000804328	0.000992607	0.00059795	0.000670913	0.00129695	0.00978087	0.514185	0.000259795	0.00140455
33	0.0187803	0.00644867	0.112021	0.0286475	0.0155028	0.0302934	0.122941	0.0092478	0.0861958	0.0137768	0.00776876	0.335589	0.00512548	0.0235911	0.0676153	0.0399423	0.0181351	0.0139642	0.00155165	0.0428626
34	0.0574032	0.024099	0.00336374	0.00371587	0.0763362	0.0125706	0.00568626	0.00579233	0.00515379	0.103616	0.00511061	0.00426475	0.00327169	0.00428611	0.0118682	0.00687135	0.0142181	0.025079	0.595959	0.0313347
35	0.0552367	0.000633225	0.0140598	0.0264209	0.0321703	0.015243	0.00755089	0.180295	0.0719328	0.125221	0.0783538	0.0261208	0.00272515	0.0109977	0.0337539	0.0442494	0.0834819	0.182056	0.00296317	0.00653363
36	0.129294	0.00047826	0.0589114	0.059236	0.025423	0.044615	0.0309828	0.0309317	0.0287746	0.0219862	0.0133413	0.0518813	0.114374	0.0540838	0.0415615	0.108021	0.110221	0.0454967	0.000242363	0.0301444
37	0.0187435	0.00345976	0.00312818	0.00970091	0.0404184	0.00351859	0.0306641	0.120595	0.0147518	0.400649	0.0537079	0.00964947	0.00823171	0.0522574	0.0288052	0.0133001	0.0198888	0.149094	0.00578613	0.0136508
38	0.0996124	0.00127844	0.148708	0.273751	0.00219342	0.066015	0.0136485	0.00341433	0.046523	0.00396819	0.0127242	0.0741775	0.109063	0.0714915	0.0102857	0.0404282	0.00465538	0.0135348	0.000752466	0.00377507
39	0.130633	0.00209669	0.00310718	0.00718239	0.0036302	0.00367951	0.142902	0.0398486	0.00454698	0.095235	0.00379925	0.0544275	0.297074	0.0131027	0.00405115	0.00723741	0.158635	0.00886695	0.00105063	0.0188931
40	0.378325	0.00684736	0.00225951	0.00267593	0.00489677	0.109097	0.0024456	0.0554834	0.00459461	0.0369487	0.0204191	0.00893683	0.00556597	0.00244852	0.00756103	0.0698972	0.109726	0.168521	0.000676661	0.00267358
41	0.0112903	0.00452109	0.00102679	0.00274526	0.0851492	0.00109846	0.0079087	0.101409	0.0012711	0.603783	0.0738547	0.00352727	0.000674971	0.00601584	0.00229048	0.00494382	0.00473137	0.0746404	0.00391389	0.00520441
42	0.0590561	0.0125209	0.131504	0.102271	0.0214878	0.0196725	0.0512092	0.0165005	0.0996724	0.0148106	0.0160696	0.110516	0.00160986	0.0732054	0.0624875	0.070119	0.0459562	0.0465411	0.00205676	0.0427332
43	0.0637284	0.00482635	0.00745691	0.00979727	0.0067001	0.0856986	0.00890726	0.0136117	0.0116253	0.0191565	0.0496799	0.012975	0.45101	0.0114306	0.180227	0.0182451	0.0141896	0.0197741	0.00212033	0.00884016
44	0.0346173	0.00596023	0.0719555	0.0231305	0.00378491	0.046359	0.00644127	0.00508502	0.0119326	0.00647832	0.00375281	0.0323818	0.00670706	0.00580396	0.00835032	0.455756	0.258949	0.00707976	0.00122668	0.00424799
45	0.0988069	0.00112027	0.0565868	0.23083	0.00174202	0.0270679	0.0349427	0.0380816	0.103393	0.00367639	0.00284455	0.0126499	0.00193991	0.183026	0.107769	0.0319209	0.0553065	0.00518605	0.000632424	0.00247723
46	0.0635194	0.00197041	0.0147074	0.041132	0.00490262	0.00507349	0.0131691	0.0211871	0.100323	0.0269057	0.00827583	0.0381633	0.106367	0.0290539	0.0689405	0.190429	0.187868	0.0396799	0.0322219	0.00610996
47	0.0852447	0.00424557	0.00695551	0.00824735	0.146953	0.113984	0.01156	0.0105752	0.010258	0.0138528	0.00897317	0.0481521	0.00551524	0.00864128	0.00935247	0.182903	0.0480479	0.0149226	0.00225811	0.259358
48	0.0244894	0.00153776	0.764134	0.0437309	0.00305991	0.0234676	0.00551441	0.00287625	0.0124392	0.0045087	0.00293054	0.0533727	0.00553922	0.00760946	0.00633241	0.016799	0.00899356	0.00795319	0.000293988	0.00441749
49	0.0687064	0.004153	0.00345468	0.0914444	0.0210489	0.00416049	0.0218092	0.309348	0.093234	0.00758221	0.044237	0.081904	0.00269652	0.0745952	0.0567255	0.00708726	0.00743691	0.0768034	0.00151376	0.0220596
50	0.00583172	0.0101341	0.0535538	0.0243124	0.031265	0.0420258	0.0535322	0.0048149	0.211241	0.00908757	0.00967996	0.357989	0.00626416	0.0334605	0.04439	0.0425304	0.00495243	0.00366872	0.000484026	0.0507821
51	0.052977	0.00800063	0.0348639	0.00840539	0.00142489	0.708718	0.0165511	0.0177855	0.00702303	0.00592331	0.00125399	0.0166738	0.0170027	0.00200463	0.00993218	0.0553257	0.0203189	0.0139124	0.000800848	0.00110216
52	0.177758	0.100359	0.00306059	0.00457997	0.00373291	0.0165493	0.00379394	0.084597	0.00359897	0.0460095	0.0191122	0.0229029	0.00769323	0.00350472	0.0045055	0.0576225	0.137166	0.299011	0.00103432	0.00340801
53	0.0575346	0.0245611	0.00214259	0.00235951	0.093141	0.0115474	0.00339086	0.00424729	0.00289016	0.101569	0.00370997	0.00308622	0.00170829	0.00272601	0.00936801	0.00477211	0.0136159	0.0236976	0.597879	0.0360539
54	0.0405639	0.00787149	0.0182085	0.00443115	0.00121036	0.0210203	0.00159596	0.00183134	0.00150127	0.0028206	0.00139086	0.0191434	0.00677693	0.00137021	0.00145209	0.610026	0.254725	0.00240126	0.000441124	0.00121782
55	0.105582	0.0105771	0.026814	0.0117765	0.00663224	0.52621	0.0161834	0.0277105	0.0104921	0.0211581	0.0078989	0.0205493	0.0181819	0.00812813	0.0135084	0.0589831	0.0406437	0.0618871	0.00182507	0.00525846
56	0.101672	0.0155583	0.015015	0.0192753	0.0214148	0.0375816	0.023241	0.0553925	0.0301014	0.12139	0.030792	0.0321023	0.0284594	0.0215485	0.0272536	0.201607	0.0950363	0.0909282	0.012152	0.0194793
57	0.225479	0.009819	0.00232355	0.00290724	0.00253055	0.0209285	0.00262839	0.117819	0.00283415	0.0248015	0.0422	0.0125964	0.00352373	0.00249779	0.00298033	0.0287571	0.285651	0.206552	0.000730058	0.00243975
58	0.116279	0.00945812	0.0231204	0.0348856	0.0141678	0.0352622	0.0159038	0.0554005	0.041736	0.0418671	0.0262588	0.0274793	0.0220758	0.0229463	0.028212	0.180263	0.205438	0.0762883	0.00668406	0.0162748
59	0.0122303	0.00140259	0.00103872	0.00300933	0.022312	0.00112625	0.00883506	0.326762	0.00614269	0.174772	0.141376	0.00694144	0.002432	0.00400167	0.00551265	0.00534011	0.0412367	0.227061	0.00035211	0.00811572
60	0.0157184	0.00717357	0.0012367	0.00240713	0.0469875	0.0011325	0.00748733	0.143665	0.00253202	0.451545	0.123395	0.00367188	0.00272193	0.00600871	0.00539955	0.00519085	0.0134024	0.149504	0.00464511	0.00617542
61	0.116482	0.000568174	0.0506608	0.0575212	0.0232584	0.042552	0.0269824	0.0255687	0.0285083	0.0243478	0.0113417	0.0474058	0.176959	0.0502611	0.043086	0.103362	0.099548	0.0416712	0.00494555	0.0249702
62	0.0143545	0.0121644	0.400432	0.0173192	0.001159	0.13581	0.0142644	0.00200328	0.0601835	0.00757328	0.00690732	0.175789	0.000969778	0.0297889	0.0311835	0.0536403	0.0201956	0.0082726	0.000335756	0.00765307
63	0.0111255	0.00262837	0.00102582	0.00235247	0.0375085	0.00113291	0.00641807	0.251347	0.00394647	0.263106	0.197997	0.00423316	0.00092915	0.00388058	0.00571148	0.00428413	0.0351059	0.159976	0.00185343	0.00543803
64	0.0119463	0.00368242	0.000955182	0.00178823	0.0426301	0.00124499	0.00576659	0.152193	0.00270556	0.392849	0.203304	0.0030335	0.00101191	0.00540539	0.00531208	0.00443885	0.0265568	0.128993	0.00224833	0.00393373
65	0.0209632	0.00610682	0.0118574	0.0108077	0.228926	0.00673107	0.0962695	0.0146145	0.0107819	0.034917	0.00983362	0.0207601	0.0105466	0.0114417	0.0114573	0.0231151	0.0182734	0.0169062	0.016121	0.419569
66	0.0836533	0.00982256	0.0231426	0.0223663	0.00667271	0.0260578	0.00691847	0.0218289	0.0315964	0.0182088	0.00897869	0.0289222	0.0176714	0.0125387	0.0211272	0.390649	0.234654	0.0247643	0.00323658	0.00718984
67	0.0673407	0.00847481	0.0354238	0.0150108	0.00394762	0.629332	0.0183183	0.0185643	0.0198199	0.0103237	0.00426616	0.0221024	0.0178756	0.00663807	0.0153881	0.058886	0.0244285	0.0191815	0.00167731	0.00300061
68	0.0528691	0.000845725	0.016856	0.0267381	0.0291618	0.022913	0.00660141	0.173015	0.0639731	0.133764	0.074886	0.028467	0.0052028	0.00980107	0.0341044	0.0501199	0.0711354	0.187999	0.00512561	0.00642163
69	0.0585869	0.0121536	0.124089	0.0907638	0.0139935	0.0209322	0.0573287	0.0202682	0.109303	0.0140202	0.0156271	0.106419	0.00140162	0.0718617	0.0768066	0.0669283	0.0513496	0.046626	0.00192868	0.0396122
70	0.0731571	0.00352289	0.0744964	0.264796	0.0102313	0.0242491	0.0363947	0.028249	0.0744645	0.017083	0.00852956	0.0292167	0.0132265	0.12453	0.0605053	0.0459863	0.0753564	0.0232527	0.00227279	0.0104805
71	0.160154	0.00888837	0.00134136	0.00208079	0.00268144	0.00663572	0.00143515	0.106533	0.00390928	0.101798	0.032533	0.014965	0.00256914	0.00140549	0.00263022	0.0461881	0.0418681	0.460644	0.000414304	0.00132515
72	0.061741	0.00912612	0.0364974	0.0670179	0.0204897	0.026986	0.0376305	0.0380741	0.0728854	0.0551269	0.0238367	0.039446	0.0240016	0.146875	0.0627292	0.0746644	0.130037	0.0461284	0.00544619	0.0212603
73	0.140374	0.135992	0.00861238	0.0108092	0.00718255	0.0150489	0.010139	0.0469075	0.0117056	0.0704828	0.0191512	0.113877	0.00824924	0.011785	0.00948049	0.0621373	0.0690674	0.237194	0.00225877	0.00954615
74	0.0210796	0.00210144	0.00257889	0.00713219	0.027893	0.00184542	0.00758448	0.249045	0.0115959	0.233809	0.115874	0.00646276	0.00519725	0.00480723	0.0124836	0.00773452	0.0224621	0.241951	0.0036838	0.0146781
75	0.600317	0.000751061	0.00589855	0.00979838	0.00170232	0.0183718	0.00171208	0.0144951	0.0022999	0.00976019	0.00270323	0.00251255	0.055828	0.00167356	0.0104127	0.134379	0.0472088	0.0784012	0.000365269	0.00140918
76	0.00705294	0.00165708	0.0160314	0.0432444	0.206013	0.0036616	0.00368946	0.102917	0.0177292	0.138157	0.0369093	0.00547079	0.00383443	0.0220501	0.00870603	0.00767985	0.0228352	0.265976	0.00531647	0.0810686
77	0.253095	0.00124998	0.00356739	0.00511477	0.00223842	0.0050744	0.00400279	0.0147673	0.00283042	0.0401585	0.00354441	0.00543594	0.54154	0.00926807	0.00991006	0.044043	0.019168	0.0312451	0.00076209	0.00298465
78	0.123048	0.00216	0.00375508	0.0814022	0.00369461	0.0251693	0.00506848	0.00910017	0.429331	0.00680149	0.00613475	0.00633567	0.0025031	0.0252088	0.106334	0.085538	0.0100336	0.0635315	0.00127025	0.00358011
79	0.0168997	0.000382485	0.859966	0.0294833	0.000962062	0.0152738	0.000975225	0.0012158	0.00421906	0.001626	0.00104184	0.0458599	0.00370069	0.000882693	0.000903228	0.00794508	0.00249521	0.00476204	0.000208517	0.00119745
80	0.0945025	0.00162461	0.00405206	0.00403524	0.00391985	0.0183836	0.00437876	0.0755296	0.0713116	0.171503	0.0522437	0.00502516	0.184523	0.052468	0.0560512	0.0667448	0.00702755	0.0919742	0.00111053	0.0335915
81	0.186895	0.0130932	0.0118619	0.0180817	0.00955297	0.0559513	0.0165642	0.0213746	0.0156541	0.0607001	0.0244333	0.0462841	0.0368527	0.0189587	0.0293329	0.244218	0.12024	0.0504045	0.000796317	0.0187499
82	0.0494512	0.00502938	0.379498	0.0492623	0.0114591	0.0520854	0.0192764	0.0218936	0.0396606	0.0191635	0.0114813	0.0629055	0.0158075	0.0282734	0.0271964	0.0805004	0.080213	0.0295007	0.00203897	0.0153034
83	0.128805	0.00288406	0.00532184	0.00646196	0.00511168	0.0126776	0.0185203	0.02631	0.00949633	0.0812014	0.00897986	0.0159029	0.553016	0.0180394	0.0136673	0.0208241	0.0299225	0.0317504	0.00131967	0.00978815
84	0.00540741	0.00957732	0.00179805	0.00637551	0.318965	0.00174308	0.00968981	0.0378118	0.00249314	0.38821	0.0367073	0.006588	0.00114551	0.0068337	0.00219573	0.00416327	0.00419103	0.00998279	0.000622877	0.145499
85	0.0397651	0.00561906	0.00309052	0.00500031	0.0489915	0.00581664	0.0106217	0.159473	0.0089643	0.341456	0.0648448	0.00948975	0.00767697	0.0108826	0.0100875	0.016094	0.0193977	0.216678	0.0046669	0.0113837
86	0.0153369	0.00352867	0.00448219	0.0173463	0.0336486	0.00500669	0.0285075	0.0694969	0.0825628	0.16236	0.0336584	0.0161234	0.00153714	0.0906021	0.209003	0.0202696	0.0524009	0.109823	0.0173413	0.0269642
87	0.052824	0.00108586	0.127692	0.468576	0.00617933	0.00627735	0.0482613	0.00788363	0.0712295	0.00349215	0.00306643	0.00616528	0.00520214	0.0792922	0.0519178	0.00882548	0.0322938	0.0161221	0.000671505	0.00294272
88	0.0573072	0.0292204	0.00258424	0.00259206	0.0768964	0.0121634	0.00501129	0.00582896	0.00345472	0.101338	0.00425871	0.00335351	0.00206142	0.00344111	0.0110572	0.00523811	0.0140489	0.0258754	0.602433	0.0318358
89	0.0601222	0.00150986	0.043141	0.0642796	0.0060429	0.00515988	0.0350933	0.186139	0.0645566	0.0326954	0.0101223	0.00600148	0.00239091	0.00547452	0.0200158	0.0350402	0.146504	0.258492	0.00107738	0.0161421
90	0.0320573	0.0037983	0.025386	0.0354305	0.0102335	0.0340721	0.0232767	0.0265715	0.390471	0.0308908	0.0208992	0.0469787	0.00696092	0.0415236	0.137396	0.0425383	0.0490469	0.0277533	0.00294772	0.011768
91	0.0557291	0.0150378	0.0709652	0.0417861	0.0213474	0.0479737	0.0484744	0.0311486	0.0804437	0.0434662	0.0255311	0.20919	0.018631	0.0340904	0.0470829	0.0772248	0.0482571	0.0440907	0.00454802	0.034982
92	0.105009	0.00310556	0.0113283	0.0132413	0.00812806	0.0227485	0.0185433	0.026438	0.011159	0.0513034	0.0124056	0.0186318	0.542926	0.017259	0.0226634	0.0333587	0.0359808	0.0311132	0.00224934	0.0124076
93	0.0216044	0.000378045	0.000442495	0.000505556	0.014486	0.000689435	0.0010269	0.344329	0.000796976	0.138384	0.0189328	0.000764283	0.00185638	0.000588943	0.000574216	0.00159632	0.00746962	0.441692	0.000781591	0.00310051
94	0.050955	0.000536083	0.000604728	0.0010106	0.0151105	0.000752396	0.00193217	0.318039	0.00161556	0.16233	0.0368133	0.00411158	0.00315953	0.00144942	0.00135351	0.00637806	0.00763035	0.380411	0.000939098	0.00486936
95	0.129294	0.00047826	0.0589114	0.059236	0.025423	0.044615	0.0309828	0.0309317	0.0287746	0.0219862	0.0133413	0.0518813	0.114374	0.0540838	0.0415615	0.108021	0.110221	0.0454967	0.000242363	0.0301444
96	0.0640495	0.0113191	0.140779	0.101604	0.0144927	0.0193042	0.0503753	0.0173222	0.100348	0.0136833	0.0164893	0.114665	0.0018888	0.0707851	0.0613413	0.0690575	0.0482627	0.0412947	0.00137246	0.0415653
97	0.0126223	0.00259312	0.0060741	0.00368304	0.509817	0.00346081	0.0294046	0.0203942	0.00571959	0.0659302	0.0239866	0.00545275	0.00263239	0.00504397	0.00423023	0.0108548	0.011697	0.0210908	0.0023987	0.252914
98	0.0204494	0.00379434	0.0168636	0.0152743	0.0163189	0.0111713	0.278808	0.0147782	0.0713213	0.0194971	0.0109	0.0624595	0.00587953	0.0434329	0.283813	0.0271831	0.0277905	0.0173622	0.0032253	0.0496777
99	0.0189061	0.00102321	0.818355	0.0327578	0.00247632	0.0181362	0.00372838	0.002183	0.00811286	0.00308575	0.00224835	0.0499843	0.00421382	0.00395099	0.00356004	0.0108341	0.00449029	0.0073158	0.000646492	0.00399064
100	0.096207	0.00410671	0.0112543	0.0149684	0.00973509	0.025118	0.024285	0.0678387	0.0175527	0.0753001	0.0184028	0.0226854	0.419405	0.0213349	0.0221758	0.0364875	0.0408573	0.056858	0.00238326	0.0130441
101	0.0404732	0.00782877	0.0181653	0.00441537	0.00118386	0.0207798	0.00158435	0.00180514	0.00149127	0.00277718	0.00136123	0.0190501	0.0067675	0.00132936	0.00140869	0.610789	0.254755	0.00237737	0.000440207	0.0012177
102	0.095394	0.00172539	0.0178042	0.126391	0.0122172	0.0142471	0.0134102	0.118962	0.024232	0.0473164	0.00623628	0.00890127	0.00454931	0.0180298	0.0119917	0.153949	0.242046	0.0669793	0.00229558	0.0133232
103	0.112617	0.0155963	0.028026	0.00635093	0.00333096	0.636463	0.014355	0.0152997	0.00486995	0.00749954	0.00227001	0.0153981	0.0224146	0.00212381	0.00795722	0.0619157	0.0227089	0.0179079	0.00110458	0.00179075
104	0.0558052	0.0236258	0.00295737	0.00367817	0.0765411	0.0125108	0.00810541	0.00630757	0.00613501	0.100579	0.00508834	0.00447709	0.00261948	0.0055031	0.0110225	0.00748318	0.0161328	0.0257524	0.588132	0.0375438
105	0.012692	0.00249533	0.00157002	0.0126223	0.0485219	0.00246842	0.0370232	0.0685574	0.069039	0.205787	0.0431883	0.0149472	0.00134721	0.108307	0.157014	0.0165496	0.0462035	0.0967749	0.018015	0.0368763
106	0.0544266	0.00826795	0.0335497	0.00683876	0.00118881	0.717194	0.016306	0.0186103	0.00267042	0.00534152	0.000939362	0.0166688	0.0178568	0.00106989	0.00826469	0.0543822	0.0207335	0.014246	0.000628485	0.000815678
107	0.0169592	0.000376211	0.861142	0.0295348	0.000743703	0.0152785	0.000949137	0.00120351	0.00424866	0.00143051	0.000939587	0.0454154	0.00371143	0.000871609	0.000898377	0.0079176	0.00243825	0.0046945	0.000207781	0.0010397
108	0.00682163	0.00123851	0.0279497	0.0675158	0.00246079	0.526717	0.0208795	0.00363304	0.166242	0.0240382	0.00257057	0.00623173	0.00239508	0.0251309	0.0588305	0.0432842	0.00630394	0.00461598	0.000581554	0.00255881
109	0.0106928	0.00272322	0.00202267	0.0150897	0.0283923	0.00316142	0.0464153	0.0680543	0.0799606	0.215438	0.0505957	0.0230241	0.00144665	0.114053	0.125897	0.0248443	0.0514283	0.0831445	0.0110847	0.0425316
110	0.0569961	0.0239982	0.00292002	0.00554127	0.0759913	0.0148766	0.00980839	0.00551609	0.00462879	0.098296	0.0041353	0.00434422	0.00297045	0.00402089	0.0113617	0.00778723	0.0152401	0.0244947	0.587343	0.0397291
111	0.0173195	0.00277467	0.0148492	0.0302368	0.00351776	0.0392957	0.0220865	0.00716888	0.190681	0.011047	0.0111006	0.048437	0.00415848	0.0271106	0.377432	0.109532	0.0654702	0.00813624	0.00119942	0.00844612
112	0.00986666	0.00172381	0.00103885	0.00296647	0.0256123	0.00117715	0.00756577	0.31518	0.00551975	0.178038	0.184892	0.00582988	0.00100143	0.00371923	0.00594737	0.00509753	0.0474935	0.190959	0.000407035	0.00596411
113	0.134485	0.00447386	0.00154937	0.00189939	0.00447396	0.00305083	0.00284376	0.102823	0.00204047	0.206561	0.0309035	0.0177549	0.0030933	0.00411186	0.00234487	0.0397008	0.0246505	0.410265	0.000672367	0.00230126
114	0.0131463	0.000498613	0.000594396	0.000599167	0.00475753	0.000822849	0.000789078	0.320103	0.000758989	0.0783588	0.0139186	0.000896814	0.00064769	0.000610097	0.000755344	0.00119249	0.0110369	0.549722	0.000160411	0.000631218
115	0.369802	0.00417954	0.00488376	0.00312672	0.00769346	0.27271	0.00419191	0.0177592	0.00520117	0.0286968	0.00683878	0.0126323	0.00616205	0.00231672	0.00853391	0.0893524	0.0552995	0.0972143	0.000817767	0.00258753
116	0.334271	0.00273696	0.00515042	0.00518036	0.00649363	0.267498	0.00595063	0.00790172	0.00780507	0.0149712	0.00618265	0.0658125	0.0115724	0.00478127	0.00773687	0.100755	0.107741	0.0312024	0.00152726	0.00472977
117	0.0451671	0.00688218	0.0878288	0.063953	0.00717981	0.0262628	0.05715	0.0336965	0.170941	0.018396	0.0174058	0.0785987	0.00116308	0.0761866	0.116691	0.047556	0.0655849	0.0458248	0.00430773	0.0292245
118	0.0550554	0.00823957	0.0334331	0.00682127	0.00120225	0.716522	0.0162943	0.0185748	0.00267258	0.00538273	0.000938983	0.016721	0.0177996	0.00108056	0.00826027	0.0545665	0.0207622	0.0142335	0.000623317	0.000815911
119	0.0602765	0.000657946	0.0115574	0.0241927	0.0309937	0.0128657	0.00737092	0.177848	0.0743519	0.119111	0.0914975	0.0225458	0.00208721	0.0110584	0.0332639	0.0429222	0.0966395	0.172409	0.00252786	0.00582217
120	0.390157	0.00626833	0.00165597	0.00186881	0.00513612	0.135393	0.00213785	0.0400425	0.00318179	0.0414848	0.011449	0.008864	0.00499392	0.00179235	0.00829033	0.0824611	0.0874451	0.164591	0.000645486	0.00214147
121	0.031567	0.00267911	0.000925473	0.0012539	0.0760161	0.000998102	0.0169521	0.167234	0.00151845	0.403034	0.0594274	0.00152019	0.00237512	0.00257013	0.00217715	0.0044697	0.00331786	0.179229	0.0241869	0.0185484
122	0.0144556	0.00361308	0.00114927	0.00239372	0.0283215	0.00128649	0.0059897	0.205121	0.00352186	0.317266	0.162438	0.00532699	0.00452923	0.00938267	0.00775383	0.0053952	0.0282637	0.186854	0.00101717	0.00592039
123	0.0113877	0.00488718	0.00141515	0.00189694	0.233904	0.00169595	0.126777	0.00865182	0.00286443	0.0283082	0.00900707	0.013197	0.00859401	0.00535497	0.00720549	0.0136656	0.00957261	0.00711219	0.0173695	0.487134
124	0.0144526	0.0012785	0.0236307	0.02413	0.00149841	0.0244741	0.0361905	0.02011	0.425143	0.0163371	0.0198571	0.0305589	0.00120954	0.0655331	0.173577	0.0135156	0.0746957	0.0184411	0.00776166	0.00760571
125	0.0652159	0.0117314	0.0210653	0.0142365	0.00455459	0.0231008	0.00521079	0.0123385	0.014531	0.008878	0.00536507	0.0268832	0.0119201	0.0075693	0.0107617	0.502946	0.233081	0.0146874	0.00133447	0.00458824
126	0.196879	0.0246109	0.00127469	0.00170325	0.0271129	0.0262903	0.00288834	0.0521255	0.00872392	0.0253281	0.0159796	0.0237021	0.0604905	0.00947553	0.0030886	0.270299	0.204697	0.0417263	0.000400291	0.00320501
127	0.0544266	0.00826795	0.0335497	0.00683876	0.00118881	0.717194	0.016306	0.0186103	0.00267042	0.00534152	0.000939362	0.0166688	0.0178568	0.00106989	0.00826469	0.0543822	0.0207335	0.014246	0.000628485	0.000815678
128	0.0674709	0.0384271	0.00853174	0.0507753	0.0154624	0.00886821	0.01048	0.185672	0.0246291	0.0518355	0.225826	0.0522509	0.00851348	0.016993	0.0180393	0.0197681	0.0276998	0.154696	0.00227263	0.0117881
129	0.0570589	0.0254701	0.00217878	0.00228403	0.0794711	0.0119275	0.00287031	0.00403684	0.0027224	0.10368	0.00377787	0.00275377	0.00172899	0.00232368	0.00955263	0.00465558	0.0132046	0.0243552	0.616005	0.0299429
130	0.0639481	0.010985	0.0548605	0.197565	0.0235205	0.0301009	0.0280616	0.0573317	0.0607182	0.0542272	0.0913068	0.0427632	0.0232697	0.0408252	0.035538	0.0456507	0.0484497	0.0614428	0.00564286	0.0237927
131	0.105371	0.0985413	0.0208422	0.016672	0.0142006	0.045614	0.0222057	0.0236014	0.0285615	0.0284446	0.0210282	0.0516164	0.0173291	0.0239058	0.0222094	0.245155	0.124529	0.0612868	0.0103873	0.0184982
132	0.0986697	0.00168187	0.00328849	0.0041379	0.0063255	0.00676682	0.00498114	0.0551561	0.0153499	0.139322	0.0205807	0.00728613	0.486953	0.0187576	0.0141447	0.0201447	0.00729602	0.0767017	0.00180213	0.0106543
133	0.0184337	0.00172387	0.77366	0.0312558	0.00368294	0.0224446	0.0049152	0.00242543	0.014372	0.00513551	0.00518699	0.0655846	0.0043943	0.0058826	0.0063945	0.0155144	0.00645586	0.00645274	0.00031091	0.00577391
134	0.00288189	0.000645192	0.00663012	0.00142167	0.821149	0.00128109	0.00153296	0.0156052	0.00678968	0.0587996	0.00342808	0.00191109	0.000856304	0.00125164	0.00147823	0.00426669	0.00742548	0.017388	0.000376356	0.0448813
135	0.0031451	0.000598107	0.00611754	0.00139612	0.819578	0.00118739	0.00151859	0.0150816	0.00642471	0.0544821	0.00384243	0.00174923	0.00082412	0.00121601	0.00137874	0.00415362	0.00707599	0.01638	0.000503022	0.0533475
136	0.127046	0.00215334	0.006122	0.00920316	0.00463017	0.00925079	0.018788	0.0282841	0.0124433	0.0838687	0.0114185	0.0165347	0.523084	0.0314402	0.0138523	0.0231377	0.0333732	0.0331004	0.00135935	0.0109103
137	0.113686	0.00174354	0.000760627	0.00123934	0.0116767	0.00134526	0.00235733	0.156237	0.00151008	0.154043	0.0429411	0.0113259	0.0023913	0.00179425	0.00172122	0.023359	0.0120657	0.453283	0.00252443	0.00399464
138	0.180707	0.00229502	0.00351831	0.021362	0.00335773	0.0485551	0.0288081	0.0194876	0.0172793	0.13423	0.0209705	0.0354251	0.0327738	0.0170713	0.0331598	0.2775	0.0643093	0.0501885	0.001258	0.00774292
139	0.00601867	0.00121061	0.00275842	0.00438637	0.00179999	0.00462591	0.00540961	0.00598008	0.590054	0.0329379	0.00985655	0.00542375	0.00130486	0.0185477	0.261714	0.0174104	0.0235681	0.00369383	0.00134484	0.00195437
140	0.0109485	0.00793942	0.00149524	0.00233987	0.111308	0.00186668	0.236274	0.00554039	0.00384666	0.0217932	0.00436845	0.0204127	0.0169263	0.0120385	0.0133117	0.022723	0.0114997	0.00699062	0.0332596	0.455117
141	0.156161	0.00422769	0.000955451	0.00118823	0.00194644	0.0036737	0.00133186	0.11233	0.00131153	0.107947	0.0378861	0.0146979	0.00286526	0.00117806	0.00124016	0.0341762	0.0228087	0.492264	0.00040869	0.00140172
142	0.0104872	0.00425144	0.000873885	0.00334483	0.106032	0.000922054	0.00709995	0.0842775	0.00115955	0.594871	0.0762329	0.00405889	0.000706997	0.00638588	0.00217874	0.00468804	0.00470662	0.0768229	0.0038017	0.00709878
143	0.061585	0.00394525	0.0636573	0.151146	0.00925566	0.0355911	0.0272651	0.0239111	0.22699	0.0167344	0.0203636	0.0609983	0.00981312	0.0543961	0.0724132	0.0593762	0.0522155	0.0345457	0.00250136	0.0132954
144	0.156534	0.0026792	0.0008736	0.00114069	0.00138593	0.00167272	0.0012373	0.103741	0.00126265	0.10368	0.0450993	0.0182858	0.00103452	0.00117229	0.00116719	0.0334729	0.0153926	0.508818	0.000304272	0.00104504
145	0.0622844	0.00949953	0.0239009	0.0117814	0.0035136	0.058985	0.00419885	0.0056551	0.0121021	0.0077946	0.00370388	0.0370102	0.0101735	0.0064183	0.00898351	0.502657	0.218218	0.0088727	0.00105363	0.00319377
146	0.04596	0.00155216	0.0203895	0.0276472	0.0446186	0.0142133	0.00565355	0.14758	0.0574654	0.154269	0.100888	0.0258077	0.0117041	0.0108792	0.0219315	0.0397968	0.0554434	0.195407	0.00242759	0.0163669
147	0.0121633	0.0251323	0.0300854	0.100008	0.153352	0.00631953	0.0632467	0.00679687	0.0137143	0.0315043	0.00639285	0.089466	0.00268603	0.117343	0.0510832	0.0911215	0.03	0.0763738	0.0216622	0.071549
148	0.0169592	0.000376211	0.861142	0.0295348	0.000743703	0.0152785	0.000949137	0.00120351	0.00424866	0.00143051	0.000939587	0.0454154	0.00371143	0.000871609	0.000898377	0.0079176	0.00243825	0.0046945	0.000207781	0.0010397
149	0.047158	0.0361783	0.00803963	0.00923775	0.0861178	0.00758906	0.210292	0.0113547	0.0455585	0.0194129	0.0464509	0.0167484	0.00926799	0.00978039	0.0124268	0.0530135	0.0477586	0.107294	0.0113925	0.204928
150	0.030789	0.00921685	0.0362359	0.0246781	0.0685885	0.0226739	0.130765	0.013942	0.0401405	0.0268648	0.0101188	0.117851	0.0154584	0.0237223	0.0416549	0.046836	0.0276951	0.0220032	0.019786	0.270981
151	0.0777272	0.0026529	0.0108892	0.019503	0.0352304	0.012961	0.00608438	0.155337	0.0535237	0.119428	0.0996083	0.0257501	0.00427631	0.00940345	0.0246517	0.0485253	0.0873058	0.198495	0.00222666	0.00642082
152	0.0240496	0.000298589	0.000402584	0.000622542	0.0197242	0.000551155	0.00144978	0.3439	0.00105871	0.177786	0.024259	0.000870854	0.00270308	0.000726257	0.000780462	0.00231114	0.00469465	0.387293	0.00145871	0.00505943
153	0.0739755	0.00871012	0.0381392	0.0163446	0.00379612	0.614764	0.0172203	0.0160655	0.023719	0.0104522	0.00300643	0.0221425	0.0198796	0.00743521	0.0156591	0.0582571	0.0258046	0.0198646	0.0014314	0.00333252
154	0.0743856	0.00188945	0.0165086	0.0494793	0.00466162	0.00137881	0.0103189	0.0325092	0.134532	0.0145327	0.0108497	0.0366347	0.0129193	0.0287095	0.0673661	0.193473	0.238261	0.0489108	0.0170147	0.00566487
155	0.0168546	0.0054975	0.0105924	0.00799443	0.200171	0.00693679	0.117519	0.014592	0.0108366	0.0407509	0.0100225	0.0209841	0.0118656	0.00954553	0.0143149	0.0223322	0.0140708	0.015462	0.0215737	0.428084
156	0.00780773	0.00195097	0.440196	0.00404681	0.0967374	0.0043416	0.0210437	0.00594242	0.00472034	0.0715062	0.0387007	0.161179	0.0019989	0.00399608	0.00453495	0.021872	0.0245241	0.0325426	0.00118472	0.0511737
157	0.0230338	0.0228703	0.0198183	0.021624	0.0135927	0.00911353	0.0528005	0.0498607	0.0898354	0.0858206	0.019058	0.0262247	0.00318203	0.0921305	0.254669	0.0691335	0.0346188	0.0820527	0.0069443	0.0236167
158	0.00687127	0.00671212	0.00159075	0.00568988	0.219373	0.0014893	0.00476911	0.0691795	0.00187131	0.521259	0.0444177	0.00588986	0.00100694	0.00667021	0.00204314	0.00422388	0.00302973	0.0337052	0.00322507	0.0569827
159	0.0188511	0.000947846	0.818732	0.0316038	0.00455145	0.0187963	0.00371041	0.00222414	0.00772723	0.00313031	0.00170091	0.0512433	0.00402074	0.00309585	0.00347029	0.0108739	0.00486801	0.00611725	0.000306547	0.00402833
160	0.012503	0.0111938	0.00157119	0.00216895	0.076566	0.00202778	0.236596	0.00420399	0.0044035	0.0218365	0.00375347	0.0262041	0.0234737	0.0087334	0.012725	0.0301532	0.0139656	0.00890931	0.0464369	0.452575
161	0.0736359	0.00848523	0.0409124	0.0157467	0.00334999	0.612259	0.0165516	0.0179475	0.0159054	0.0104415	0.00386888	0.0233514	0.0186151	0.00561014	0.0156334	0.0602541	0.0315191	0.0198005	0.00175043	0.00436139
162	0.0425358	0.00620892	0.0825935	0.0594211	0.00650299	0.0258489	0.0563418	0.0351987	0.184962	0.0183503	0.0182949	0.0768429	0.00112762	0.075813	0.119872	0.0441158	0.0695531	0.0449187	0.00450352	0.026995
163	0.0124451	0.00155749	0.00143273	0.00123655	0.414795	0.00121568	0.0455632	0.0128181	0.00214314	0.0371064	0.0109582	0.00271263	0.000916323	0.00202225	0.00151362	0.00425095	0.00612487	0.00882566	0.000893452	0.431468
164	0.010744	0.00153529	0.0016986	0.00128957	0.436791	0.00127642	0.0455246	0.0117563	0.0022572	0.0383141	0.00929967	0.00287323	0.000792366	0.00201714	0.00164466	0.00487714	0.00638637	0.00833292	0.0010341	0.411556
165	0.35424	0.00756068	0.00563585	0.00807927	0.00804133	0.183662	0.00605181	0.0325946	0.00763014	0.0380118	0.0122806	0.0140039	0.00929159	0.00541959	0.011817	0.0808342	0.0708793	0.137084	0.00292083	0.00396135
166	0.372027	0.00776705	0.00781109	0.00901366	0.0054257	0.0377848	0.00351451	0.0179806	0.00601187	0.0147203	0.00657918	0.0152332	0.0391946	0.00452108	0.00939258	0.263578	0.125822	0.0499412	0.000748103	0.00293301
167	0.0392766	0.00344656	0.0217924	0.0283579	0.00933962	0.0195763	0.0235369	0.0494318	0.288202	0.0505122	0.0598478	0.0349618	0.00613768	0.0390128	0.0987325	0.0487299	0.111309	0.049768	0.00564616	0.0123831
168	0.0404732	0.00782877	0.0181653	0.00441537	0.00118386	0.0207798	0.00158435	0.00180514	0.00149127	0.00277718	0.00136123	0.0190501	0.0067675	0.00132936	0.00140869	0.610789	0.254755	0.00237737	0.000440207	0.0012177
169	0.0153607	0.00227115	0.00750361	0.00915852	0.521759	0.00372855	0.00987054	0.0738747	0.0112595	0.119663	0.0237572	0.0063026	0.00398273	0.00731799	0.00652421	0.0127141	0.0178796	0.0749539	0.00285453	0.0692634
170	0.011916	0.00163491	0.00114975	0.00124717	0.376031	0.00115845	0.0531996	0.0112854	0.00168818	0.0353891	0.00947122	0.00287099	0.000782405	0.00214397	0.00158304	0.00433437	0.00609093	0.00697833	0.000883989	0.470161
171	0.0197407	0.000476057	0.816929	0.0489588	0.00134282	0.0159113	0.00211514	0.00189151	0.00793415	0.00187116	0.00157119	0.0470878	0.0042501	0.005093	0.0032073	0.00955757	0.00381798	0.0061715	0.000220424	0.00185283
172	0.129294	0.00047826	0.0589114	0.059236	0.025423	0.044615	0.0309828	0.0309317	0.0287746	0.0219862	0.0133413	0.0518813	0.114374	0.0540838	0.0415615	0.108021	0.110221	0.0454967	0.000242363	0.0301444
173	0.0130419	0.00111118	0.021035	0.0232239	0.00150233	0.0241753	0.0352138	0.0188356	0.437343	0.0164429	0.0200278	0.0307885	0.0012299	0.0637646	0.17285	0.0143221	0.0747879	0.0164502	0.0067939	0.00706055
174	0.0104822	0.0041583	0.0458527	0.0268218	0.0128721	0.0485151	0.040019	0.00524206	0.281232	0.00465319	0.0213109	0.242231	0.0108321	0.0716443	0.0806923	0.0659276	0.0122397	0.00419954	0.000870013	0.0102043
175	0.0288652	0.00511656	0.0168332	0.0175252	0.0165001	0.0232377	0.0263382	0.034384	0.1229	0.0733834	0.0807105	0.0258022	0.0192042	0.0350507	0.337098	0.0382348	0.0363778	0.0383463	0.00544653	0.0186451
176	0.0302258	0.00407053	0.0234655	0.0272483	0.0134957	0.0260549	0.0675338	0.0227753	0.137179	0.0310668	0.021375	0.0344513	0.00977039	0.0361926	0.375749	0.0482871	0.0372957	0.0256008	0.00752906	0.0206335
177	0.00825932	0.000762879	0.00070891	0.000874011	0.00243985	0.00125051	0.0009966	0.283922	0.000991703	0.0391356	0.0063556	0.0010147	0.00101784	0.000797084	0.0010173	0.00147685	0.013927	0.634019	0.000261963	0.000771208
178	0.0305449	0.00285735	0.00736932	0.00989922	0.0423609	0.00535056	0.00683494	0.156222	0.018112	0.30612	0.0841281	0.0159634	0.0127343	0.0143922	0.00990807	0.0211096	0.0237809	0.217111	0.00302389	0.0121769
179	0.0300707	0.00514489	0.00112694	0.00168704	0.0816166	0.00225281	0.0143458	0.132142	0.00163961	0.382891	0.0594382	0.00214844	0.00184389	0.00291126	0.00309644	0.00409893	0.00441851	0.144269	0.104583	0.0202752
180	0.386894	0.00377774	0.00369884	0.00279069	0.00803261	0.263471	0.00334615	0.015463	0.00563536	0.0305538	0.00680344	0.0155874	0.00564432	0.00274056	0.00873056	0.0930438	0.0559546	0.0839615	0.000852585	0.00301828
181	0.0542596	0.0230412	0.00224201	0.0023986	0.0766119	0.0110577	0.0119302	0.0066139	0.00312496	0.105862	0.00604862	0.00402821	0.00247184	0.00303293	0.010277	0.00616282	0.013637	0.025938	0.5858	0.0454609
182	0.205935	0.0333127	0.00148811	0.00206533	0.00233252	0.0180594	0.00209233	0.0815827	0.00207495	0.066712	0.021747	0.0142581	0.00477799	0.00189203	0.00258839	0.0725643	0.117128	0.346983	0.000556906	0.00185
183	0.0700709	0.00412195	0.0786403	0.0952928	0.0102066	0.0907672	0.0153949	0.0125629	0.123147	0.00482459	0.00333133	0.103346	0.0231628	0.0547463	0.0702801	0.150092	0.0754595	0.00570652	0.000324502	0.00852185
184	0.0748068	0.00379379	0.0808987	0.280009	0.00831812	0.0318333	0.0316052	0.0226503	0.129333	0.0125437	0.0136068	0.0379553	0.012754	0.0640954	0.0571738	0.0455224	0.0470618	0.0311954	0.00271937	0.0121239
185	0.139917	0.0780539	0.00350374	0.00541026	0.00730376	0.0088893	0.0160956	0.0111967	0.0238338	0.0113251	0.0332866	0.0758593	0.0133066	0.0309588	0.00936463	0.287614	0.179349	0.0467267	0.00123589	0.0167691
186	0.127696	0.000745577	0.0639419	0.0623205	0.0244361	0.0432281	0.0309925	0.0300775	0.0311078	0.0216075	0.0137421	0.0552661	0.107678	0.0547576	0.041125	0.107038	0.108697	0.0443153	0.000242776	0.0309848
187	0.0699569	0.00981166	0.163455	0.100991	0.0125721	0.0181623	0.0503295	0.0178089	0.0930292	0.0129344	0.0170845	0.114674	0.00215997	0.0671178	0.0535759	0.0670746	0.045342	0.0382698	0.00133952	0.0443114
188	0.0170839	0.000576449	0.850732	0.0295029	0.000748433	0.0182113	0.00121628	0.00122718	0.00541231	0.00156734	0.00111148	0.048255	0.00365936	0.00146798	0.00151997	0.00869194	0.00278466	0.00489284	0.000210876	0.00112773
189	0.0541806	0.000619873	0.0139511	0.0259568	0.0318858	0.0154237	0.00748356	0.182578	0.0702087	0.127062	0.0779437	0.0260948	0.00291061	0.0106644	0.0330587	0.0437189	0.0823585	0.183977	0.00298506	0.00693841
190	0.0498876	0.00713307	0.0926047	0.0711272	0.00790327	0.025987	0.0547451	0.0312271	0.162908	0.0180983	0.017274	0.0811114	0.00143918	0.076222	0.110056	0.0496471	0.0622666	0.0455039	0.00442125	0.0304371
191	0.00605302	0.00120243	0.00278865	0.00453101	0.00183502	0.00486002	0.00527003	0.00609582	0.592759	0.0314621	0.00998798	0.00541636	0.00130643	0.0181841	0.261202	0.0170352	0.0229502	0.00372809	0.00140976	0.00192241
192	0.0542731	0.00819621	0.03587	0.0116112	0.00209858	0.679033	0.0167258	0.0181851	0.00836605	0.00628196	0.00193966	0.0189045	0.0251471	0.00390041	0.0151348	0.0548118	0.0226985	0.0142652	0.00063033	0.00192696
