215	20
1	0.0179406	0.0105271	0.0372221	0.0176146	0.143394	0.0122311	0.0519573	0.0131789	0.0190157	0.0373243	0.00759617	0.0138329	0.0094157	0.0169419	0.0323415	0.0207521	0.0176561	0.0172345	0.0344479	0.469376
2	0.0195381	0.00546339	0.000501992	0.000624365	0.0881974	0.00239653	0.00283549	0.0443483	0.00290562	0.684393	0.0860556	0.000714552	0.00114347	0.00250744	0.0014708	0.00293631	0.00169797	0.0318376	0.0102439	0.0101884
3	0.188734	0.317013	0.0205916	0.00402965	0.00371843	0.00589589	0.00457584	0.0230923	0.00398722	0.0428698	0.00943887	0.0263665	0.00361404	0.00408846	0.00420727	0.0408614	0.102968	0.189242	0.0011744	0.00353126
4	0.182224	0.0151582	0.00330359	0.00378943	0.00451658	0.63413	0.00246588	0.0111423	0.00163882	0.00776094	0.00595543	0.0116549	0.00241717	0.00598852	0.00194026	0.0737258	0.0200592	0.0103334	0.000767983	0.00102764
5	0.0148698	0.00643606	0.00486859	0.0188402	0.00382751	0.00596053	0.445748	0.00537256	0.0106217	0.0267513	0.00800171	0.16169	0.00337983	0.202698	0.0197673	0.0297478	0.0081678	0.0082985	0.00253777	0.0124143
6	0.249172	0.0445828	0.00629698	0.00614828	0.00935109	0.0932896	0.00300737	0.0101523	0.00734718	0.00699215	0.00321301	0.0252129	0.0110814	0.0056605	0.00551898	0.377428	0.112547	0.0170131	0.000655121	0.00533088
7	0.0173296	0.00938892	0.00079676	0.00141552	0.0430364	0.00520647	0.00642676	0.101961	0.00256028	0.607063	0.0998561	0.00238241	0.00369976	0.00677495	0.00293976	0.00458409	0.00643384	0.0659373	0.0051762	0.00703151
8	0.18593	0.0142059	0.00205979	0.00330756	0.00383035	0.66166	0.00122962	0.0107009	0.00108906	0.0064979	0.00573826	0.00983522	0.000779488	0.00553579	0.0013622	0.0596601	0.0144749	0.010904	0.000467048	0.000731662
9	0.0374815	0.0511781	0.00367576	0.00513853	0.0191988	0.00572981	0.00923883	0.0567947	0.00549878	0.557281	0.0272577	0.00656211	0.044903	0.00740019	0.0265134	0.00964882	0.0108106	0.0993628	0.00477172	0.0115534
10	0.0483885	0.0401619	0.00835134	0.0141545	0.0126707	0.00771718	0.0141383	0.0215418	0.0640744	0.187519	0.154525	0.0107793	0.062094	0.171829	0.0533831	0.0440847	0.0210864	0.0176485	0.0321151	0.0137377
11	0.179532	0.0511412	0.0168686	0.00737385	0.00301028	0.0269381	0.0318079	0.0131046	0.00798962	0.0203727	0.0026708	0.0624234	0.296068	0.0191586	0.00800856	0.183697	0.043017	0.02333	0.00119216	0.00229596
12	0.0148816	0.00389485	0.0022512	0.0125216	0.00188968	0.00270329	0.0134025	0.0127802	0.669816	0.00591568	0.00228271	0.0226953	0.00198797	0.00371297	0.193563	0.00512281	0.0139761	0.0139032	0.000853492	0.00184604
13	0.130701	0.0131477	0.0648586	0.0920451	0.0023776	0.0231971	0.0123982	0.0109193	0.128658	0.0233851	0.0127734	0.0803969	0.0105301	0.0546557	0.142407	0.0976022	0.0632874	0.0347289	0.00109557	0.000834159
14	0.0399861	0.0095192	0.0582254	0.0933876	0.0649345	0.0065666	0.110609	0.0441231	0.00973875	0.0827889	0.0614027	0.0106705	0.00533748	0.0379126	0.0111738	0.089255	0.0161695	0.158662	0.00328008	0.0862572
15	0.0163238	0.00468463	0.000541844	0.000680513	0.0399326	0.00604985	0.00148732	0.0395672	0.00133488	0.715132	0.125921	0.000826028	0.00262614	0.00684897	0.000748139	0.00347756	0.00296177	0.0236832	0.00338958	0.003783
16	0.0340867	0.0020769	0.358331	0.153566	0.00138547	0.0170726	0.0106044	0.00228651	0.0700602	0.00804729	0.00126873	0.210075	0.0149607	0.0431069	0.0107829	0.0291848	0.0276659	0.00335738	0.000741443	0.00133951
17	0.123359	0.0140427	0.076225	0.0840713	0.00461387	0.0232945	0.0169449	0.0120119	0.141053	0.0360051	0.0110118	0.0815123	0.00859815	0.0657073	0.123962	0.0771797	0.0528321	0.0429919	0.000956481	0.00362685
18	0.0297351	0.0199008	0.0311783	0.0199093	0.0695296	0.0150381	0.0386111	0.0510487	0.018453	0.0812764	0.0192918	0.0191792	0.0139083	0.0239219	0.0301256	0.0525156	0.0314666	0.0289405	0.330237	0.0757326
19	0.174136	0.00693363	0.0336072	0.123391	0.0032073	0.0685466	0.00991528	0.0179766	0.151915	0.0129568	0.00496355	0.0264715	0.00437088	0.053312	0.132558	0.139187	0.0193783	0.0127824	0.00128129	0.00310974
20	0.0310234	0.020079	0.0119635	0.0486558	0.0323361	0.00529872	0.0430453	0.0811898	0.0979274	0.196445	0.0597309	0.0134188	0.00330235	0.0758702	0.111389	0.0217743	0.0449677	0.0461484	0.0136228	0.041812
21	0.187939	0.013748	0.00105275	0.00288113	0.00379106	0.672668	0.00106257	0.0103795	0.000878582	0.00633916	0.005731	0.0083646	0.000695751	0.00549194	0.00118996	0.0545097	0.012719	0.00965526	0.000302704	0.000599517
22	0.106573	0.016441	0.00573498	0.00125395	0.0174134	0.0237582	0.00325062	0.177054	0.00114339	0.0327588	0.0337672	0.00159935	0.0336858	0.00151218	0.00121793	0.0126694	0.0158297	0.504175	0.000406497	0.00975581
23	0.0526713	0.0196072	0.0569073	0.076998	0.0550346	0.0302475	0.0927171	0.0185956	0.107938	0.106663	0.012188	0.0394789	0.00231213	0.0890226	0.0903693	0.0249336	0.036147	0.0183064	0.0034664	0.0663959
24	0.191221	0.0179133	0.00127432	0.00318478	0.00393288	0.637082	0.00151161	0.011921	0.00143994	0.0070746	0.00740935	0.00899443	0.00127464	0.00578935	0.00171268	0.0665059	0.0194304	0.011192	0.000329272	0.000806452
25	0.0203641	0.0135963	0.0126917	0.0370668	0.0867791	0.0102234	0.0996838	0.0373193	0.0501014	0.102203	0.0258695	0.0127648	0.00449794	0.0716103	0.100223	0.016756	0.0272559	0.0223649	0.0772605	0.171369
26	0.0102482	0.00544767	0.0227438	0.0246811	0.325197	0.0214813	0.0792179	0.00910635	0.0213772	0.0738655	0.0604823	0.025686	0.0254828	0.0052621	0.00548496	0.0448323	0.131582	0.0824553	0.019625	0.00574096
27	0.0548282	0.0605241	0.00186649	0.00235673	0.00801341	0.0182886	0.0103515	0.096337	0.00213055	0.244855	0.215839	0.0407056	0.00251269	0.00273555	0.00218754	0.0495923	0.0868959	0.0868336	0.000836814	0.012309
28	0.411016	0.0218272	0.00785624	0.013103	0.00177777	0.122613	0.00457224	0.0184413	0.0235719	0.0172455	0.0040096	0.022249	0.0354056	0.0213542	0.0101987	0.173866	0.0457286	0.0427016	0.001033	0.00142961
29	0.0515805	0.0137697	0.0723582	0.140536	0.00541693	0.00610259	0.0238989	0.00293681	0.117435	0.0135289	0.00412536	0.0508533	0.090215	0.0299489	0.170431	0.11107	0.0700782	0.0170729	0.00751909	0.0011224
30	0.0144663	0.0114508	0.000374286	0.000550465	0.0198242	0.00176739	0.00643759	0.382338	0.000531081	0.298551	0.0603521	0.00282813	0.00427377	0.00317614	0.00156468	0.0040431	0.0100275	0.17144	0.00318737	0.00281584
31	0.0116298	0.0154934	0.000784192	0.000832435	0.0033718	0.00176443	0.00141465	0.244395	0.000680654	0.0715769	0.0246403	0.00142479	0.0013013	0.00308788	0.000903325	0.00202912	0.0257147	0.587288	0.000625509	0.00104164
32	0.0901209	0.0291851	0.0211538	0.0203879	0.0107625	0.290669	0.0237032	0.0188482	0.0151111	0.0240142	0.0131231	0.208889	0.00994737	0.022551	0.0191731	0.0639493	0.0358971	0.0679266	0.00458803	0.00999994
33	0.0635298	0.0117692	0.165486	0.189469	0.00215623	0.0471197	0.0543027	0.0220942	0.0773047	0.0185769	0.00183314	0.0564006	0.00179766	0.0423799	0.0169748	0.1621	0.0401125	0.0225356	0.0011184	0.00293989
34	0.071146	0.00978103	0.184122	0.238989	0.0123643	0.0216954	0.0254633	0.011829	0.0752475	0.0293033	0.01038	0.0490625	0.0266281	0.0492967	0.0452034	0.0707469	0.0313709	0.0188513	0.00614744	0.0123717
35	0.00962405	0.0139014	0.000744414	0.000878212	0.0012362	0.00142534	0.000869651	0.227694	0.000744425	0.0477483	0.0209488	0.00129353	0.000575545	0.002892	0.000858569	0.0017553	0.0279319	0.637737	0.000284398	0.000857104
36	0.26496	0.0453125	0.00197101	0.00127647	0.00345229	0.0117227	0.00118318	0.099998	0.00126419	0.0191759	0.0343538	0.0173806	0.00373535	0.00126006	0.00125324	0.104778	0.107571	0.276584	0.000511033	0.00225718
37	0.126277	0.0418359	0.00297239	0.00259703	0.0292098	0.0114346	0.00637363	0.18842	0.00293235	0.0752512	0.0505882	0.00150669	0.0258753	0.00301427	0.00121351	0.00848419	0.0306851	0.365581	0.000398157	0.0253506
38	0.0709383	0.0666465	0.0107452	0.0151696	0.0101803	0.0126825	0.0147553	0.0267372	0.00940782	0.0470594	0.234845	0.117924	0.00824122	0.011328	0.00970844	0.0351401	0.250569	0.0328925	0.00337827	0.011651
39	0.0181072	0.0479655	0.0108736	0.0387581	0.00710331	0.0727	0.0477629	0.0109809	0.00877389	0.0130089	0.00607842	0.53173	0.0063401	0.0405382	0.00783019	0.0559046	0.0433712	0.0215877	0.00291849	0.00766648
40	0.210068	0.0351425	0.00146088	0.00169127	0.0120786	0.111919	0.00164225	0.00209111	0.00169195	0.00329356	0.00141086	0.0179847	0.00264569	0.00236677	0.00256922	0.453309	0.127328	0.00450923	0.000439241	0.00635754
41	0.0566099	0.0326425	0.00770037	0.0127183	0.0345915	0.00692159	0.0165189	0.150032	0.0155805	0.255958	0.0560214	0.00942542	0.0314573	0.011248	0.0158773	0.0194797	0.0715956	0.149745	0.00311754	0.0427589
42	0.00914739	0.00877151	0.0113971	0.00300326	0.00168769	0.00913822	0.0135782	0.00599309	0.00905451	0.00713131	0.00123403	0.0682362	0.00234502	0.00146852	0.0182583	0.370827	0.451043	0.00597489	0.000517742	0.00119227
43	0.252226	0.0433387	0.0019278	0.00136171	0.00380465	0.0107389	0.00131353	0.102761	0.00129625	0.0180223	0.0347578	0.0160695	0.00345836	0.00131423	0.00125839	0.106445	0.11048	0.286327	0.000536194	0.00256182
44	0.0490364	0.0102755	0.245949	0.104152	0.00518928	0.035264	0.0256368	0.00772115	0.0619719	0.0202901	0.00489621	0.2399	0.0167737	0.0399273	0.0254263	0.0484205	0.0358673	0.0146965	0.00236517	0.00623977
45	0.0129306	0.0142711	0.000408986	0.000707485	0.0177258	0.00156248	0.00994982	0.332932	0.000662179	0.363853	0.0617801	0.00288161	0.00485815	0.0053872	0.00202669	0.00348615	0.00835871	0.149477	0.00340874	0.00333223
46	0.0214882	0.00634173	0.0053446	0.00714397	0.00355287	0.00561002	0.588284	0.00472899	0.0194586	0.0101033	0.00513328	0.185265	0.00420932	0.034342	0.0202725	0.0541247	0.0100372	0.00817703	0.0020618	0.00432178
47	0.0436212	0.0120929	0.00806663	0.0091056	0.189445	0.00789502	0.0125864	0.0813367	0.00875827	0.154042	0.128007	0.0356354	0.00710392	0.0363054	0.00829052	0.0824492	0.0723155	0.0806312	0.00325681	0.0190555
48	0.0156468	0.00384347	0.000789743	0.000963975	0.0128167	0.010806	0.00287324	0.041568	0.000933409	0.707971	0.142729	0.00117396	0.0048394	0.0130522	0.00111652	0.00323331	0.00493059	0.0282602	0.000354624	0.00209798
49	0.0208607	0.00588133	0.000510971	0.000758576	0.0871725	0.00224843	0.00293511	0.0505495	0.00287816	0.671608	0.0896828	0.000725929	0.00115941	0.00255093	0.00170139	0.00295735	0.00166844	0.034196	0.0106646	0.00929014
50	0.260066	0.0443897	0.0019449	0.00130908	0.00332237	0.011168	0.00123931	0.102281	0.00125532	0.0188247	0.0348844	0.0168954	0.00359232	0.00126271	0.00124381	0.106307	0.109358	0.277817	0.00052866	0.00231075
51	0.341474	0.0525691	0.0124962	0.00456868	0.00209999	0.048058	0.00629609	0.0242392	0.0173268	0.0134452	0.00159427	0.0531839	0.0678924	0.011249	0.00942947	0.221811	0.0853866	0.0246053	0.000700579	0.00157459
52	0.0332623	0.013525	0.0121804	0.0157906	0.312453	0.0167654	0.0316007	0.060001	0.0136846	0.117854	0.0364665	0.0169012	0.0270508	0.01158	0.0189361	0.0299997	0.0476167	0.109332	0.0140624	0.0609379
53	0.0232057	0.0269871	0.00542038	0.00354656	0.145106	0.0152331	0.146919	0.0164006	0.0354037	0.0127565	0.00250507	0.013922	0.00384729	0.0084444	0.0633727	0.0365453	0.0571955	0.0150613	0.046073	0.322055
54	0.0820562	0.0285328	0.0465785	0.0528438	0.0171142	0.0434381	0.0611653	0.0211977	0.159132	0.0743997	0.0139916	0.038846	0.00596032	0.08732	0.135018	0.0496851	0.0286327	0.0238728	0.00362677	0.0265882
55	0.0142493	0.0140773	0.00104324	0.000925656	0.00233738	0.00252368	0.00101543	0.23163	0.000850194	0.0479722	0.0214733	0.00137392	0.00212981	0.00275183	0.000929565	0.00259617	0.0267391	0.623438	0.000305434	0.00163842
56	0.0116219	0.0101116	0.000447176	0.000879181	0.0203266	0.00151426	0.00808457	0.334745	0.000772131	0.361032	0.0632773	0.0023513	0.00415862	0.00383274	0.00213672	0.00330425	0.00738312	0.157251	0.00379779	0.00297269
57	0.0459321	0.0621714	0.00099016	0.00145116	0.0205028	0.00766937	0.00751409	0.241156	0.00154933	0.230317	0.148492	0.0144013	0.00480237	0.00328423	0.00161358	0.0194817	0.0489745	0.122998	0.00109968	0.0155986
58	0.0406824	0.00974037	0.325286	0.191492	0.0046531	0.0422324	0.0188811	0.00901377	0.0433254	0.0141369	0.00312597	0.0794411	0.00967754	0.0258101	0.0182417	0.0657363	0.0776041	0.0126264	0.00378479	0.00450848
59	0.178378	0.00850473	0.129894	0.13586	0.0015811	0.0610688	0.0217706	0.00406144	0.111759	0.0188861	0.00108762	0.0682759	0.00133413	0.0544566	0.0412152	0.126219	0.0140913	0.00621772	0.0050491	0.0102892
60	0.0520701	0.0129006	0.071246	0.0325858	0.0184998	0.0790206	0.142918	0.0159035	0.13796	0.0395031	0.00252467	0.0393325	0.00171764	0.105801	0.13899	0.0400356	0.013831	0.0108818	0.00102225	0.0432553
61	0.340746	0.0547983	0.0148344	0.00460369	0.00159206	0.0496175	0.0068761	0.0232283	0.0147257	0.0144526	0.00138039	0.0526587	0.0762619	0.0122604	0.00959131	0.220529	0.0733879	0.0265895	0.000661611	0.00120439
62	0.0192666	0.0111599	0.0124192	0.0178679	0.289438	0.0128611	0.0674691	0.0309505	0.0197221	0.157106	0.0351321	0.0158275	0.0163471	0.0165053	0.0257872	0.0282494	0.049165	0.0573101	0.0222667	0.0951494
63	0.184927	0.0450264	0.00676651	0.00430638	0.00291593	0.0266436	0.0209036	0.0141892	0.00681413	0.0180958	0.00226673	0.0255419	0.429605	0.0107504	0.00706749	0.11575	0.0443488	0.0314218	0.000985079	0.00167447
64	0.0152414	0.0173903	0.0521293	0.0118346	0.00213031	0.0151092	0.0129247	0.00489192	0.017115	0.0103669	0.00236546	0.0784643	0.0127968	0.00574705	0.0345239	0.328908	0.360676	0.0145476	0.000623288	0.00221333
65	0.0572614	0.017138	0.141074	0.0678909	0.00885193	0.019953	0.0217211	0.0107117	0.0706443	0.02927	0.00902578	0.0946429	0.0216955	0.0347018	0.101443	0.10601	0.122791	0.0547734	0.00349342	0.00690671
66	0.00734622	0.0541113	0.0176106	0.0207234	0.0404884	0.00359793	0.0679552	0.0524531	0.00365651	0.218745	0.0195255	0.0206331	0.00423331	0.00307149	0.00330905	0.0480085	0.311059	0.0575451	0.00159963	0.0443268
67	0.0153736	0.0118741	0.000371388	0.000952981	0.0290635	0.00156242	0.00609648	0.341968	0.000985253	0.351704	0.0569159	0.00225278	0.00316832	0.00305636	0.00195438	0.00330846	0.00848754	0.151411	0.00558238	0.00391194
68	0.026386	0.0245875	0.106627	0.0645065	0.00406665	0.0222957	0.0185521	0.00351092	0.0566569	0.0187318	0.00310455	0.0657297	0.0376403	0.0259125	0.12265	0.199635	0.17708	0.0183292	0.0025582	0.00144057
69	0.0367672	0.0111517	0.0560454	0.0885672	0.0099938	0.00609069	0.0359671	0.0573017	0.00693788	0.0959842	0.112862	0.0568859	0.0280763	0.00748232	0.00656019	0.0606874	0.269274	0.016954	0.00239264	0.0340179
70	0.119734	0.00391301	0.151073	0.227063	0.00156916	0.0234333	0.0218579	0.00327805	0.121506	0.00853151	0.000881686	0.0608591	0.000983685	0.070346	0.0442979	0.107591	0.0235777	0.004654	0.00129255	0.00355779
71	0.0711197	0.0133219	0.0892738	0.0638084	0.0295445	0.0260402	0.10611	0.00858215	0.130477	0.0628066	0.00367351	0.0479604	0.00265451	0.109011	0.0994716	0.0364495	0.0210536	0.0229285	0.00128151	0.0544312
72	0.0197127	0.0155693	0.000416127	0.000585672	0.0214186	0.00203763	0.00534488	0.397954	0.00057229	0.260019	0.0560642	0.0028237	0.0041454	0.0027925	0.00146118	0.00438113	0.0124069	0.184522	0.0030466	0.00472601
73	0.0317388	0.0120083	0.0123625	0.0392852	0.0454864	0.00243426	0.00424485	0.22907	0.0388335	0.30451	0.0355524	0.00856258	0.00364796	0.00507375	0.0253999	0.0133272	0.027961	0.132052	0.00222549	0.0262231
74	0.140521	0.00430582	0.130069	0.196758	0.00167964	0.0264235	0.0220408	0.00372984	0.133694	0.00869425	0.00122067	0.05459	0.00104452	0.0741399	0.0539122	0.113101	0.0235281	0.00562412	0.00124076	0.00368188
75	0.215504	0.0250601	0.0023952	0.0274876	0.0230558	0.00315152	0.00390723	0.144171	0.0360902	0.0937849	0.0460209	0.0034101	0.00460432	0.0153949	0.00250404	0.0179857	0.139901	0.151379	0.00100803	0.0431853
76	0.0129456	0.0110711	0.000410505	0.00062771	0.0188905	0.00190348	0.00737624	0.348338	0.000569279	0.343256	0.0640139	0.00254691	0.00434183	0.00393683	0.00172026	0.00353191	0.00876879	0.159408	0.00331528	0.00302814
77	0.121127	0.00399291	0.145728	0.225665	0.00160902	0.0242843	0.0218406	0.00333687	0.124173	0.00882785	0.000877607	0.0577647	0.000924674	0.0709677	0.0458634	0.109856	0.0235228	0.00471146	0.00131322	0.00361501
78	0.0172252	0.0157658	0.000537417	0.000726517	0.0123378	0.0019621	0.00308849	0.345243	0.000600508	0.173669	0.0397687	0.00223993	0.00243676	0.0026736	0.00108798	0.00345352	0.0209241	0.351918	0.00163517	0.00270574
79	0.310066	0.134404	0.00448524	0.00326791	0.00323476	0.0634223	0.00397938	0.0135044	0.0054512	0.0102921	0.00511213	0.0658827	0.0150667	0.00385407	0.00433975	0.21384	0.107448	0.0278428	0.00138091	0.00312574
80	0.0103647	0.00912264	0.000660153	0.00110608	0.0166004	0.00371183	0.0110613	0.211169	0.00119085	0.502248	0.0822717	0.00195613	0.00550248	0.00752654	0.00206689	0.00271355	0.00520192	0.118701	0.00274167	0.00408243
81	0.0172926	0.0132392	0.000341571	0.00052594	0.0197088	0.0018216	0.00516511	0.397676	0.000493889	0.261072	0.0549493	0.00282381	0.00330191	0.00286363	0.00142211	0.0040543	0.0124613	0.194575	0.00304978	0.00316165
82	0.0228178	0.00731863	0.000516478	0.000775887	0.11376	0.00059936	0.00437176	0.054525	0.00429669	0.645841	0.0649463	0.000734298	0.000603156	0.000633742	0.00279672	0.00239861	0.00126122	0.042177	0.0154953	0.0141309
83	0.0228549	0.00726163	0.000524132	0.000748561	0.114543	0.000598342	0.00433423	0.0537178	0.00427895	0.646463	0.0649285	0.000730572	0.000595255	0.000621529	0.00278577	0.00241216	0.001274	0.0416599	0.0154667	0.0142014
84	0.0456229	0.0338122	0.00473658	0.00585522	0.00518643	0.174929	0.00668008	0.00768303	0.00590316	0.0125028	0.004868	0.00851989	0.461158	0.00673006	0.0287321	0.134323	0.033999	0.0128529	0.00202123	0.00388345
85	0.209358	0.018413	0.00163603	0.00308862	0.00354332	0.598405	0.00159845	0.0103074	0.00186637	0.0076845	0.00513804	0.01244	0.00323691	0.00589636	0.00219245	0.0822189	0.0213126	0.0107285	0.00026381	0.000671487
86	0.00964146	0.0138896	0.000743621	0.000888206	0.00123621	0.00142513	0.000866722	0.227854	0.000744694	0.0477571	0.0209618	0.00129347	0.000573668	0.0028827	0.000857705	0.00176167	0.0279583	0.637522	0.000284399	0.000857182
87	0.0122594	0.00596305	0.00422262	0.0378082	0.00483223	0.00494365	0.226465	0.00704205	0.00857991	0.052025	0.0131344	0.0741383	0.00412687	0.451592	0.0319922	0.0112674	0.00900852	0.0101655	0.00412257	0.0263115
88	0.00396982	0.00425692	0.00497398	0.00631812	0.254457	0.00739584	0.0345077	0.00432764	0.00386204	0.0226785	0.00157689	0.00241206	0.00506944	0.00418305	0.0200404	0.0105002	0.00872793	0.0103686	0.0315579	0.558816
89	0.0394769	0.0141335	0.00464149	0.00762519	0.152267	0.00331768	0.0128583	0.0928657	0.016548	0.28867	0.0167192	0.00632401	0.0048714	0.0101298	0.0512158	0.0247631	0.0101074	0.116678	0.0198987	0.106889
90	0.00467684	0.0102901	0.01126	0.00285591	0.00131207	0.00716773	0.0161918	0.00713852	0.00901659	0.00718385	0.00120026	0.0770922	0.00243263	0.00143258	0.0183905	0.361239	0.452881	0.00626595	0.000576865	0.00139614
91	0.206362	0.0311426	0.0040422	0.00462218	0.00360294	0.533091	0.0024746	0.0116822	0.00377756	0.0153422	0.00562902	0.0172848	0.0112548	0.00817595	0.00368385	0.0974963	0.0244978	0.0136622	0.000387143	0.00178852
92	0.0232709	0.0168001	0.0112842	0.0996972	0.0111307	0.0097903	0.150601	0.0175945	0.0246756	0.0597873	0.0534527	0.0478092	0.00649482	0.280601	0.0453826	0.0416373	0.0393972	0.0338701	0.0051095	0.0216133
93	0.0376655	0.015334	0.00190085	0.00258296	0.138473	0.00182007	0.0126846	0.0575444	0.0129177	0.448023	0.0175205	0.00276134	0.00333619	0.00213397	0.0311755	0.0102158	0.00405569	0.102933	0.0294554	0.0674665
94	0.0226789	0.00717777	0.000539969	0.000733305	0.112372	0.000765648	0.00440955	0.0530348	0.0042075	0.648257	0.0661891	0.000735853	0.00068725	0.000783738	0.00275742	0.00248905	0.00131369	0.0417514	0.0148528	0.0142632
95	0.0298721	0.00247558	0.383656	0.126725	0.0021738	0.0166156	0.00764905	0.00275668	0.0641596	0.0158166	0.00194051	0.22562	0.0318755	0.0325934	0.0081428	0.0198402	0.0209755	0.00469349	0.000829982	0.00158903
96	0.0153831	0.0130385	0.000668461	0.000732921	0.0213178	0.00206617	0.00586448	0.393964	0.000923284	0.265874	0.0904893	0.00303468	0.00343463	0.00313646	0.00188173	0.00442001	0.0109392	0.156258	0.00338716	0.00318533
97	0.38122	0.127001	0.00840382	0.00700427	0.00801075	0.0315973	0.00764945	0.062874	0.00833668	0.0227855	0.0149721	0.0312375	0.0177797	0.00670016	0.00756334	0.0955351	0.0584799	0.0942173	0.00205466	0.00657806
98	0.0245911	0.00795685	0.0140799	0.0283613	0.00914626	0.00976956	0.396221	0.00888554	0.0279776	0.0346134	0.0106606	0.102109	0.00491738	0.200544	0.0354235	0.0347551	0.0127092	0.0129261	0.00428741	0.0200645
99	0.278529	0.0207972	0.00357827	0.00507296	0.00305147	0.485669	0.00228003	0.012323	0.00549233	0.00755723	0.00555176	0.0144451	0.00707624	0.0103443	0.00464981	0.0900646	0.0227028	0.0195662	0.000388573	0.00085941
100	0.208004	0.0316887	0.00267294	0.00136988	0.0264341	0.00864167	0.0028683	0.122632	0.00180168	0.0244522	0.0262997	0.00573291	0.0132476	0.00160493	0.00131363	0.0230951	0.035075	0.443038	0.000461269	0.0195665
101	0.196061	0.0187322	0.00220137	0.00384738	0.00395614	0.619975	0.00197856	0.015571	0.00267796	0.00741824	0.00593297	0.0112888	0.00498286	0.00669163	0.00275529	0.0614404	0.0152841	0.0179631	0.00032489	0.000916947
102	0.323063	0.0576028	0.0147273	0.00887045	0.00212551	0.130503	0.00706179	0.0284993	0.0153579	0.0138123	0.00435398	0.0617923	0.0314578	0.0154886	0.0123992	0.180024	0.0536518	0.036389	0.00100597	0.00181364
103	0.0100801	0.013881	0.000763615	0.000874631	0.00132776	0.00157103	0.000887978	0.226867	0.000750197	0.0474034	0.0210008	0.00129557	0.000746101	0.00285883	0.00085353	0.00182118	0.0278174	0.63806	0.000289132	0.000851086
104	0.0310905	0.00325224	0.057887	0.218314	0.00720335	0.00268262	0.0126096	0.00293709	0.0497061	0.0304173	0.0126005	0.0299534	0.329598	0.0524121	0.0624079	0.0425904	0.0163637	0.0343063	0.00148319	0.00218442
105	0.0122244	0.0143472	0.000556473	0.00102457	0.0143627	0.00231018	0.0125131	0.26391	0.000962393	0.432847	0.0710312	0.00257837	0.00705973	0.00666793	0.00222529	0.00303693	0.00731884	0.137925	0.00262786	0.00447158
106	0.0578668	0.0151661	0.0702086	0.0555497	0.0276056	0.0219191	0.131674	0.00615117	0.169982	0.0304552	0.00165699	0.0471612	0.00148606	0.0934885	0.121357	0.0607245	0.0223818	0.0115924	0.000664935	0.0529091
107	0.020538	0.00605661	0.00056134	0.000667384	0.0919077	0.00200872	0.00334321	0.04725	0.00305696	0.678947	0.0779351	0.00078128	0.00113871	0.0020592	0.00183135	0.00283238	0.00161843	0.0361257	0.0109526	0.0103884
108	0.0210977	0.00448849	0.00324598	0.0035766	0.00278894	0.00317052	0.634701	0.00435283	0.0198701	0.00676166	0.00312628	0.176736	0.00247051	0.0196385	0.0199866	0.0577876	0.00590344	0.00596556	0.00139805	0.00293319
109	0.0403787	0.00284519	0.555705	0.29803	0.00191859	0.0131007	0.00270388	0.00276081	0.0126471	0.00442783	0.00198792	0.0116691	0.00170595	0.0022688	0.00225554	0.022508	0.00805395	0.00380416	0.00948386	0.00174404
110	0.0290517	0.0154739	0.090358	0.0170781	0.0185779	0.0126225	0.0180049	0.128632	0.0156703	0.0860048	0.0162648	0.0191935	0.0121048	0.0174206	0.0157029	0.140009	0.0262679	0.0244758	0.284189	0.0128977
111	0.0281729	0.00199963	0.362808	0.141695	0.00153457	0.0400817	0.00809459	0.00209793	0.062335	0.00813104	0.00151049	0.225073	0.0160367	0.0401473	0.00839529	0.022921	0.0233427	0.00351962	0.000734417	0.00136939
112	0.11826	0.0167957	0.00556514	0.00165039	0.0167891	0.0224959	0.00373539	0.168552	0.00141006	0.0316898	0.0349096	0.00236733	0.0387842	0.00181564	0.0015362	0.0132923	0.0163013	0.493946	0.000473938	0.00962914
113	0.0406938	0.00442405	0.478495	0.219521	0.00307977	0.0175247	0.00873205	0.0058269	0.0319529	0.0106368	0.00337317	0.0703403	0.0088652	0.0178143	0.0086223	0.0331495	0.019647	0.00824739	0.00616594	0.00288809
114	0.0637331	0.0421431	0.00311625	0.00799669	0.103383	0.00443955	0.0120133	0.105942	0.0143836	0.320599	0.0728508	0.00754045	0.00640234	0.0110303	0.0172192	0.0130988	0.0290636	0.110488	0.0105347	0.0440225
115	0.33646	0.0571345	0.0103052	0.00907247	0.00556029	0.0918875	0.00633519	0.0194966	0.0139021	0.013659	0.00501097	0.0377159	0.0265479	0.0114447	0.0113191	0.231179	0.0713757	0.0359661	0.00131287	0.00431494
116	0.265369	0.0492145	0.00213869	0.0014417	0.0238047	0.00637918	0.00186718	0.0926769	0.00188672	0.0185615	0.0236899	0.0110782	0.00555478	0.00162191	0.00142463	0.0464684	0.0519404	0.378523	0.000517191	0.0158417
117	0.0133153	0.00893872	0.0107269	0.00974921	0.239307	0.0128069	0.0483472	0.0204632	0.0108332	0.063506	0.0103039	0.00841002	0.0087309	0.0132076	0.0327542	0.0213339	0.0199669	0.0213812	0.156071	0.269847
118	0.289307	0.112705	0.00467473	0.00373765	0.00444118	0.14975	0.0033049	0.0104363	0.00565782	0.00893228	0.00266443	0.0464458	0.013203	0.00628718	0.00506717	0.238046	0.0731208	0.018114	0.00094893	0.00315589
119	0.00496984	0.014195	0.0104384	0.00279393	0.00142853	0.00920062	0.023439	0.00697205	0.00800368	0.00691086	0.00131122	0.0825633	0.00223166	0.00152513	0.0163975	0.344803	0.452835	0.00714824	0.000701762	0.00213175
120	0.0184151	0.0346246	0.00969741	0.00917523	0.132293	0.0118156	0.101553	0.0149297	0.022079	0.0259626	0.00662856	0.0156437	0.00812142	0.0131115	0.0433753	0.0274384	0.0363367	0.0167	0.0367484	0.415351
121	0.0216519	0.00516765	0.00730227	0.0183341	0.00290026	0.00462434	0.0157693	0.0132981	0.62917	0.0103366	0.00320043	0.0242701	0.00343357	0.00850971	0.184935	0.0124825	0.0159491	0.0143884	0.0012063	0.00307002
122	0.00521272	0.00595324	0.00713791	0.00573565	0.196157	0.00757979	0.0505157	0.00559209	0.00627152	0.0294684	0.00150377	0.00279533	0.005668	0.00683667	0.0274155	0.00927434	0.011116	0.00816788	0.0408884	0.56671
123	0.0154048	0.00384135	0.000735664	0.000944306	0.0123824	0.0110114	0.00288178	0.0419925	0.000824513	0.707818	0.143245	0.00116639	0.00487814	0.0129251	0.00109397	0.00319052	0.00480107	0.0284826	0.00029975	0.00208031
124	0.267253	0.115588	0.00948671	0.00649085	0.00336036	0.0726431	0.00849942	0.0116762	0.00672722	0.0116894	0.00271159	0.0993884	0.0269222	0.0102754	0.00629185	0.243072	0.0745307	0.0192968	0.00123746	0.00285959
125	0.258525	0.0303504	0.00170968	0.00277903	0.00980009	0.119308	0.00152995	0.00373477	0.00374122	0.00432048	0.00184083	0.0155836	0.00662459	0.00449956	0.00310804	0.409655	0.108651	0.00879707	0.000518489	0.00492333
126	0.202903	0.0470407	0.00459042	0.00354712	0.00589854	0.372303	0.00302541	0.00795329	0.00256097	0.00858625	0.00359823	0.024388	0.00701141	0.00609206	0.00298472	0.225366	0.0591319	0.00944118	0.00103359	0.00254404
127	0.156588	0.0247731	0.00238995	0.00238725	0.0026684	0.00646609	0.0281995	0.0130658	0.00340405	0.0194665	0.00214108	0.00824497	0.590902	0.00888384	0.00369436	0.0487746	0.0376378	0.0375984	0.000950745	0.00176306
128	0.182856	0.0147691	0.00261819	0.00437313	0.00578571	0.645954	0.00217249	0.0108418	0.00270355	0.00768353	0.0059976	0.0115398	0.00308618	0.00700215	0.00299248	0.0613763	0.0154699	0.0111209	0.000490695	0.00116655
129	0.305982	0.139923	0.00269565	0.00218739	0.00317945	0.0874364	0.00217953	0.00837983	0.00386959	0.00658627	0.00170746	0.0594004	0.00913346	0.00259372	0.00303354	0.262183	0.0822724	0.0144662	0.000771372	0.00201879
130	0.0199078	0.0155757	0.000516846	0.000745094	0.0178558	0.00254063	0.00793945	0.384073	0.000636832	0.267726	0.0699116	0.00605921	0.00464376	0.00342821	0.00159872	0.00750937	0.0184272	0.164165	0.00292238	0.00381651
131	0.187939	0.013748	0.00105275	0.00288113	0.00379106	0.672668	0.00106257	0.0103795	0.000878582	0.00633916	0.005731	0.0083646	0.000695751	0.00549194	0.00118996	0.0545097	0.012719	0.00965526	0.000302704	0.000599517
132	0.187965	0.0137676	0.00106469	0.00289496	0.00379355	0.672435	0.00108553	0.0103858	0.000886678	0.00633926	0.00572745	0.00842135	0.000698414	0.00550908	0.00120067	0.0545327	0.0127099	0.00968002	0.000302706	0.000599172
133	0.13863	0.0513754	0.00178582	0.00513733	0.0384466	0.00517391	0.00542139	0.222917	0.00566258	0.121052	0.0567587	0.00222163	0.0144974	0.00457666	0.00164135	0.00782464	0.0404636	0.244977	0.000983761	0.0304536
134	0.00345248	0.00303531	0.0044559	0.00772585	0.314977	0.00795734	0.0232658	0.00364117	0.0023681	0.0218405	0.00147806	0.00211454	0.00437787	0.00370771	0.0148362	0.00770102	0.00605086	0.00817251	0.0334951	0.525347
135	0.0110668	0.0146855	0.00069287	0.000888805	0.00396209	0.00140234	0.00106376	0.250047	0.000746715	0.066959	0.0239957	0.00137407	0.000732538	0.00271052	0.000850091	0.00195579	0.0264236	0.588291	0.000614745	0.00153634
136	0.0213117	0.00447499	0.00324236	0.00356184	0.00279913	0.0031789	0.633912	0.00436245	0.0196824	0.00697077	0.00321006	0.176929	0.00246321	0.0194054	0.0201632	0.0580328	0.0060352	0.00599121	0.00140918	0.00286389
137	0.115323	0.00488905	0.120728	0.216413	0.0022495	0.0209543	0.0210016	0.00348824	0.128414	0.00959557	0.00178121	0.0539107	0.00429333	0.0710136	0.0696255	0.113916	0.0303752	0.00752892	0.00132192	0.00317779
138	0.0141878	0.0247714	0.0654266	0.0180721	0.00234166	0.0117594	0.0101186	0.00396226	0.0264276	0.00921471	0.00155316	0.0669454	0.0193288	0.00694086	0.0495573	0.292381	0.351475	0.0230138	0.000823621	0.00169894
139	0.0443971	0.0306172	0.0231042	0.0462755	0.0264459	0.0128443	0.0482925	0.0539538	0.113945	0.152862	0.0447913	0.0234556	0.00783943	0.0887544	0.12606	0.0349348	0.0414784	0.0356937	0.0107385	0.0335164
140	0.0220425	0.0102687	0.00169028	0.00229328	0.0977405	0.00266709	0.00532315	0.114338	0.00472423	0.531678	0.0900623	0.0031959	0.00285503	0.00535931	0.00362561	0.00859998	0.00969577	0.0618003	0.00888754	0.0131524
141	0.0667743	0.00496956	0.147151	0.0768642	0.0152292	0.00481797	0.0184886	0.0050476	0.177416	0.150061	0.00311573	0.0865183	0.0144784	0.09134	0.0346894	0.019184	0.0192383	0.0585444	0.00116765	0.00490486
142	0.034393	0.020428	0.0138682	0.0310868	0.0682736	0.00902422	0.0284524	0.0588379	0.0950172	0.185077	0.0935653	0.017017	0.0380088	0.0428671	0.054017	0.0284497	0.0684731	0.0462013	0.0112904	0.0556523
143	0.0531107	0.0052651	0.0546498	0.175996	0.00839304	0.00360676	0.0196656	0.00247655	0.0760939	0.0219076	0.00668302	0.0428729	0.237533	0.0499196	0.0955244	0.0783408	0.0348575	0.0293418	0.00248175	0.00128092
144	0.0115399	0.0160256	0.0915464	0.0133738	0.00329877	0.117135	0.0215843	0.00553855	0.0147645	0.012637	0.00309443	0.0965883	0.0142594	0.00793316	0.0439239	0.268997	0.24064	0.0134594	0.00147849	0.00218195
145	0.306558	0.0481583	0.00206563	0.0016851	0.0108618	0.0092392	0.00179487	0.0957679	0.00157625	0.0200501	0.0272816	0.0152227	0.00522684	0.0015537	0.00125704	0.0668271	0.0713529	0.305831	0.000501302	0.00718938
146	0.179219	0.00895562	0.128977	0.132133	0.00176643	0.0628917	0.0227204	0.00434494	0.109989	0.0194492	0.00107226	0.0691927	0.00133542	0.0542586	0.0417831	0.126211	0.0137326	0.00643365	0.00492933	0.0106057
147	0.257051	0.0127255	0.00238146	0.00789809	0.00329505	0.536345	0.00200393	0.0110081	0.00540848	0.00757073	0.00838786	0.00908682	0.0042568	0.0141198	0.00308437	0.0773019	0.0163995	0.0202633	0.000479676	0.00093302
148	0.00336973	0.0029232	0.004885	0.00700426	0.298544	0.00880881	0.0272163	0.00335237	0.00275741	0.0233169	0.00129395	0.00197284	0.00446852	0.00456187	0.0173157	0.00693757	0.00624541	0.00725808	0.0416624	0.526106
149	0.0585138	0.0141571	0.0372578	0.0545972	0.0196317	0.0162563	0.0912803	0.0244366	0.13196	0.0856445	0.0182103	0.0287852	0.00353667	0.134177	0.142881	0.0428982	0.0281653	0.0303114	0.00405689	0.0332419
150	0.0161262	0.0164599	0.000389481	0.000512283	0.0173254	0.00170986	0.00878439	0.382192	0.00055484	0.292396	0.0630105	0.00413896	0.00428496	0.00467293	0.00150442	0.00436724	0.0118935	0.163291	0.00285742	0.00352797
151	0.267544	0.0808099	0.00285741	0.00213513	0.00702168	0.102698	0.00196477	0.00644349	0.00327263	0.00576282	0.00179714	0.0345867	0.00904131	0.0034243	0.0032567	0.345379	0.105867	0.0116442	0.000521073	0.00397236
152	0.0140379	0.0740579	0.00522174	0.00751407	0.00544232	0.00861494	0.0298052	0.0237579	0.0040908	0.0161946	0.00797516	0.389247	0.00329868	0.00628598	0.00459234	0.0664632	0.265987	0.0422555	0.00158426	0.0235738
153	0.127472	0.0164547	0.00225521	0.00226176	0.00234177	0.00408711	0.0278323	0.0106121	0.00248086	0.0244333	0.00201612	0.00629222	0.621817	0.0114696	0.00267729	0.0483584	0.0502853	0.0342992	0.000883831	0.00167015
154	0.151138	0.0530404	0.0399691	0.0113337	0.00306586	0.0417259	0.0267048	0.0112316	0.00879548	0.0292735	0.0030525	0.0860538	0.124071	0.035749	0.00999921	0.288567	0.057172	0.0143177	0.00147133	0.00326804
155	0.107095	0.0172132	0.00536661	0.00121752	0.0181845	0.0242777	0.00337888	0.183603	0.00115017	0.034036	0.0351984	0.00165192	0.0335401	0.00145098	0.00115946	0.0126152	0.0162783	0.492217	0.000408743	0.00995739
156	0.0238559	0.00719899	0.000584578	0.000810039	0.115693	0.000621153	0.00475787	0.0546871	0.00419857	0.645599	0.0605164	0.000787532	0.000699605	0.000689441	0.00290077	0.00241649	0.00132192	0.0438508	0.0149669	0.0138444
157	0.157751	0.0561949	0.0519063	0.0200141	0.00316517	0.0805326	0.0143093	0.00997075	0.00935752	0.0595144	0.00344878	0.0707518	0.0705081	0.0449125	0.00880693	0.27398	0.0476862	0.0132682	0.00128968	0.00263136
158	0.054024	0.064643	0.00174663	0.0022566	0.00859768	0.0179366	0.0116315	0.0941797	0.00197013	0.261438	0.20739	0.0334528	0.00249973	0.00280402	0.00215328	0.0443919	0.0871273	0.0868425	0.000728006	0.0141873
159	0.308026	0.0469824	0.00261863	0.00206799	0.00482813	0.0232732	0.00239702	0.0832141	0.00232881	0.0311891	0.0478267	0.021694	0.0112617	0.00216465	0.0017983	0.0748785	0.0839526	0.245416	0.000710142	0.00337206
160	0.303371	0.0740285	0.00941707	0.00387048	0.00143858	0.0521088	0.00635201	0.0213792	0.0150794	0.0202183	0.00140993	0.0393561	0.141954	0.0098642	0.01284	0.194083	0.0614769	0.0298864	0.000631997	0.00123456
161	0.00996205	0.0112351	0.000678901	0.00117208	0.0115002	0.00316166	0.0157123	0.22256	0.0010964	0.483298	0.0762091	0.0023825	0.0063873	0.00862894	0.00229268	0.00317611	0.00584343	0.127118	0.00232832	0.00525578
162	0.0310234	0.020079	0.0119635	0.0486558	0.0323361	0.00529872	0.0430453	0.0811898	0.0979274	0.196445	0.0597309	0.0134188	0.00330235	0.0758702	0.111389	0.0217743	0.0449677	0.0461484	0.0136228	0.041812
163	0.39423	0.0290231	0.00674683	0.00894553	0.00241279	0.121788	0.00389952	0.0149566	0.0160747	0.0136156	0.00299425	0.023505	0.0341797	0.0163068	0.00794344	0.207749	0.0595535	0.0338908	0.000661159	0.00152438
164	0.208732	0.0321842	0.00150391	0.00164833	0.0124314	0.11062	0.00165374	0.00204412	0.00166423	0.0032352	0.00142011	0.016326	0.0028269	0.0024456	0.002688	0.461544	0.125794	0.00422955	0.000449434	0.00655968
165	0.0220042	0.00697223	0.000545255	0.000896175	0.0982835	0.000909464	0.00472821	0.0760545	0.0034837	0.635985	0.0624371	0.000868197	0.00112686	0.00133355	0.00270121	0.00249542	0.00167435	0.0531657	0.0126878	0.0116471
166	0.125325	0.00391354	0.136377	0.226415	0.00170957	0.0241437	0.0216697	0.00328384	0.12773	0.00849603	0.000843868	0.0529845	0.000849437	0.0731848	0.0493622	0.112163	0.0220296	0.00456168	0.00126125	0.00369601
167	0.0164353	0.0126791	0.000333004	0.000544438	0.0209983	0.00187688	0.00542249	0.401255	0.000493256	0.277108	0.0573764	0.00290798	0.00350702	0.00285591	0.00147778	0.00421378	0.0113816	0.17274	0.00334178	0.00305294
168	0.0263735	0.0115316	0.00867341	0.0125521	0.226356	0.00679399	0.0134361	0.177524	0.00896691	0.0811744	0.0496131	0.0111862	0.008215	0.0393892	0.0179907	0.0265095	0.0186189	0.0736027	0.00370653	0.177786
169	0.143133	0.00460932	0.12659	0.19114	0.00162836	0.0274174	0.0219076	0.00412524	0.135477	0.00905707	0.00145689	0.0553915	0.00112702	0.0738551	0.0555693	0.11213	0.0241513	0.00641704	0.00125142	0.00356538
170	0.138936	0.00962418	0.0836061	0.122073	0.00208057	0.0216508	0.0159883	0.00778534	0.128439	0.0183956	0.00947574	0.0768266	0.00978871	0.0604633	0.113941	0.0951182	0.0558486	0.0276282	0.00109192	0.00123859
171	0.0133259	0.0110882	0.00039632	0.0010093	0.0221378	0.00159396	0.00674857	0.356176	0.000798049	0.337016	0.0598849	0.00236946	0.00347467	0.0034563	0.00219102	0.00342633	0.0084174	0.159349	0.00409784	0.00304314
172	0.0319991	0.0213729	0.0124335	0.0467132	0.0331516	0.0054919	0.0415139	0.0814579	0.0961345	0.192547	0.0575358	0.0137363	0.00335214	0.0747638	0.119208	0.0235218	0.044907	0.0468613	0.0129994	0.0402988
173	0.143836	0.00470257	0.125441	0.190332	0.00162152	0.027519	0.0218433	0.00422685	0.135535	0.00913714	0.00154904	0.0554093	0.00118583	0.0736459	0.0563006	0.111833	0.0244464	0.00661477	0.00125186	0.00356893
174	0.0148816	0.00389485	0.0022512	0.0125216	0.00188968	0.00270329	0.0134025	0.0127802	0.669816	0.00591568	0.00228271	0.0226953	0.00198797	0.00371297	0.193563	0.00512281	0.0139761	0.0139032	0.000853492	0.00184604
175	0.318105	0.0362356	0.011185	0.00747582	0.00308843	0.0874155	0.00640586	0.0153461	0.0152599	0.0150535	0.00172917	0.034004	0.0503211	0.0191437	0.0175827	0.267549	0.0665214	0.0249358	0.000625094	0.00201761
176	0.0170149	0.0151418	0.0206382	0.046906	0.0394613	0.0030505	0.0120294	0.169105	0.0683478	0.273468	0.0484706	0.0141233	0.00283373	0.0204872	0.0611274	0.0186498	0.0279642	0.111294	0.00366224	0.0262248
177	0.0344485	0.0181047	0.0112935	0.048928	0.0287424	0.00701984	0.0474517	0.077296	0.102869	0.211083	0.053601	0.0138422	0.00300457	0.0759745	0.109271	0.0196695	0.0416821	0.0444723	0.01204	0.0392064
178	0.0153211	0.00402304	0.000726622	0.000936906	0.0130535	0.010904	0.00301316	0.0432223	0.000857087	0.708112	0.140305	0.00115007	0.00519774	0.0125168	0.00117145	0.00309881	0.004713	0.029099	0.000405873	0.0021721
179	0.140492	0.0515499	0.0103577	0.00867869	0.00700479	0.0136452	0.0117128	0.0388662	0.00841224	0.0225702	0.0231975	0.117526	0.00788727	0.00618956	0.0104146	0.114896	0.251572	0.144516	0.00263581	0.00787643
180	0.282831	0.0258571	0.037317	0.0133336	0.00227791	0.221991	0.0154154	0.0206134	0.0275886	0.0121418	0.00295663	0.0627887	0.0169575	0.0305511	0.0297109	0.140706	0.0190726	0.032446	0.00187015	0.00357361
181	0.00408673	0.00468653	0.00651808	0.00531955	0.206625	0.00775309	0.0460889	0.00445362	0.00550923	0.0274244	0.00120645	0.00243284	0.00516362	0.00649731	0.0278274	0.00859307	0.0108342	0.00726055	0.0449972	0.566722
182	0.0172971	0.00445276	0.000511806	0.000624941	0.0492011	0.00499211	0.00145917	0.0396721	0.00150047	0.714143	0.118617	0.000763436	0.00212289	0.00548063	0.000655733	0.00351588	0.00252251	0.0235505	0.00443435	0.00448244
183	0.0295987	0.0171439	0.0311895	0.0904957	0.0274082	0.00708044	0.0375379	0.0727804	0.0767638	0.198109	0.0576109	0.0148217	0.00376834	0.0793362	0.0921055	0.0209764	0.0488292	0.0393868	0.0107561	0.0443016
184	0.0416188	0.0154504	0.0659573	0.129872	0.00962184	0.00739729	0.0480851	0.00385465	0.0999555	0.0172997	0.00567345	0.0548361	0.0188133	0.0530175	0.151344	0.124439	0.120937	0.0254937	0.00262835	0.00370569
185	0.0166892	0.0119234	0.00141878	0.00356106	0.0249782	0.00222131	0.00566267	0.384842	0.00342908	0.276746	0.0531579	0.0039236	0.00372008	0.00331073	0.00374365	0.0102473	0.0123253	0.169446	0.00328828	0.00536499
186	0.0172245	0.0129488	0.000339359	0.000590753	0.0214495	0.0019427	0.00530044	0.401638	0.000517715	0.274759	0.0569729	0.00290687	0.00346239	0.00284805	0.001471	0.00427643	0.0115421	0.17326	0.00333037	0.00321947
187	0.00846168	0.0105983	0.0134733	0.00321384	0.0015996	0.00939139	0.0153521	0.00616005	0.00968188	0.00743745	0.00118461	0.0750131	0.00288182	0.00156213	0.0200543	0.369947	0.435335	0.00667179	0.00052105	0.00145921
188	0.113783	0.0255192	0.01044	0.0155987	0.00902931	0.0255591	0.0229492	0.0143848	0.0100405	0.0222001	0.00522882	0.018238	0.463337	0.0141886	0.0138992	0.115139	0.0403632	0.0529693	0.00178593	0.00534714
189	0.139983	0.00599274	0.0254793	0.0511812	0.00283026	0.00952975	0.0197905	0.00459626	0.114478	0.0380295	0.00450774	0.0208419	0.0170433	0.0572015	0.217148	0.183633	0.0539819	0.0302959	0.00121532	0.00224201
190	0.116393	0.00440459	0.110843	0.204828	0.00878885	0.0237639	0.0268508	0.00367411	0.098134	0.010108	0.00149614	0.0417047	0.00123119	0.13639	0.0931892	0.0783868	0.021487	0.00574101	0.00122493	0.0113603
191	0.0513018	0.0155556	0.0321551	0.0490109	0.0187731	0.0196132	0.205888	0.016034	0.0736208	0.0349985	0.0131827	0.0605077	0.0122575	0.0519177	0.14083	0.103114	0.0449627	0.0247526	0.0052362	0.0262887
