289	20
1	0.033661	0.00397728	0.00495495	0.00510561	0.0129444	0.00498264	0.00518462	0.0478464	0.0314685	0.0220494	0.0240603	0.0275945	0.000612288	0.0119381	0.0499116	0.099216	0.571961	0.0371986	0.00436887	0.000963527
2	0.00841214	0.00194752	0.00035656	0.00195912	0.0187727	0.000887304	0.00195068	0.120673	0.000864101	0.692422	0.0439105	0.000487015	0.00407832	0.0013134	0.00267291	0.00631539	0.00781102	0.0772265	0.00383578	0.0041037
3	0.0323907	0.00150994	0.00297995	0.0126143	0.00580722	0.00426658	0.00154962	0.175327	0.00350192	0.0927342	0.044548	0.00893109	0.00162034	0.00232286	0.0132164	0.0289481	0.0907904	0.462229	0.00669508	0.00801697
4	0.0616299	0.343818	0.0176335	0.0158087	0.00743077	0.0170814	0.0544711	0.00701253	0.00936415	0.0255045	0.00865795	0.0425031	0.00339022	0.00973191	0.0123946	0.298042	0.037339	0.0133929	0.00517061	0.0096231
5	0.281701	0.0031041	0.0383424	0.0505901	0.00441241	0.0275125	0.00387933	0.00132949	0.0537502	0.0240002	0.000974244	0.0295013	0.166131	0.0132355	0.0271103	0.194905	0.0431852	0.0349403	0.000469835	0.000924894
6	0.0299546	0.0076739	0.0293984	0.0726549	0.00927434	0.549446	0.0120824	0.00335452	0.0548822	0.0148365	0.000712535	0.0553782	0.000450864	0.0265769	0.0662895	0.033925	0.019495	0.00205357	0.000331865	0.0112285
7	0.0986399	0.00527386	0.0367052	0.0225462	0.0234297	0.00615311	0.020496	0.151663	0.0693455	0.0173625	0.0328734	0.087331	0.00205485	0.0229028	0.0522666	0.106915	0.170135	0.0693466	0.000426918	0.00413335
8	0.00184909	0.0129764	0.00106032	0.00144193	0.582715	0.00189785	0.021634	0.0101805	0.00115053	0.0869577	0.00253135	0.00106774	0.000594496	0.00126269	0.00194754	0.0127691	0.00689869	0.00929511	0.0117755	0.229994
9	0.11687	0.00239902	0.0108762	0.128408	0.0112461	0.0267625	0.00931831	0.0379785	0.1147	0.0153761	0.00182312	0.0305554	0.023337	0.0700447	0.0936513	0.0924397	0.0986312	0.104908	0.00067932	0.00999538
10	0.0157127	0.000719833	0.000582277	0.00293401	0.0675212	0.00208667	0.00342068	0.0730359	0.00216795	0.645398	0.070035	0.000676868	0.00580382	0.00451043	0.00340173	0.00520774	0.0114925	0.0657693	0.00597204	0.0135519
11	0.181436	0.00512243	0.0230858	0.0106453	0.00394651	0.481015	0.00446207	0.00564114	0.0348079	0.00642279	0.00227619	0.0429776	0.0120884	0.00684057	0.0303981	0.106605	0.0197841	0.0119335	0.00265682	0.00785489
12	0.00725842	0.0122642	0.00127216	0.00330962	0.452193	0.00216343	0.0136633	0.0388115	0.00239954	0.26159	0.0247929	0.00211673	0.00294889	0.00353364	0.00507782	0.014347	0.00945467	0.0350373	0.00758824	0.100177
13	0.03412	0.00828019	0.0045297	0.0142323	0.165133	0.0102568	0.0125467	0.103788	0.0106896	0.24567	0.103418	0.00520104	0.00973923	0.0170442	0.0140451	0.0339471	0.0623194	0.10764	0.0103248	0.0270743
14	0.00188995	0.0134633	0.00123394	0.00170596	0.451531	0.00334524	0.0221127	0.00494952	0.00126862	0.0547019	0.00170904	0.00254467	0.000555633	0.00121352	0.00182051	0.0165353	0.00459727	0.0135663	0.0131308	0.388125
15	0.0252871	0.00816967	0.000621999	0.00221376	0.0222991	0.00109289	0.00201362	0.223478	0.000825615	0.481122	0.0420726	0.000846905	0.00766023	0.00182096	0.00363984	0.0129096	0.0120704	0.146846	0.00171795	0.00329133
16	0.447919	0.0488722	0.00590262	0.00445805	0.0236744	0.163783	0.0158557	0.00454402	0.0175307	0.0302091	0.00964224	0.00572289	0.00272206	0.00467315	0.00587435	0.127441	0.0240718	0.0220131	0.0312117	0.00387948
17	0.0121588	0.000788055	0.000434634	0.0010536	0.00558972	0.000712993	0.00140787	0.511148	0.000838726	0.0597225	0.023124	0.00118254	0.000304494	0.00193123	0.00252969	0.00418689	0.0115962	0.359568	0.000341229	0.0013805
18	0.0085005	0.0284364	0.00447127	0.0059322	0.0196417	0.011365	0.00954924	0.00577788	0.00453582	0.027248	0.0392108	0.00496345	0.0020639	0.0115097	0.0766939	0.049634	0.00828753	0.0072239	0.646045	0.02891
19	0.00168472	0.0126565	0.000931984	0.00133533	0.568353	0.00202742	0.0209187	0.00699307	0.00105384	0.0802298	0.00195492	0.000966458	0.000584696	0.00129458	0.00182685	0.012198	0.00616321	0.00938756	0.0134462	0.255993
20	0.0723246	0.00273916	0.0501955	0.0649452	0.00682556	0.0397319	0.0418094	0.0309546	0.144316	0.0168941	0.0183167	0.0997602	0.00270529	0.0429613	0.10027	0.117728	0.111527	0.0242404	0.000767571	0.0109877
21	0.00439747	0.0194214	0.00307529	0.00376054	0.024227	0.0103657	0.00930392	0.00381043	0.00326556	0.0276106	0.0156793	0.00337846	0.00147019	0.0100631	0.0466844	0.0293685	0.00506159	0.00436867	0.73932	0.0353683
22	0.0270835	0.00217704	0.00060356	0.0034669	0.00576771	0.00127854	0.000718484	0.267498	0.00166982	0.128359	0.0355966	0.00334217	0.00108452	0.00199412	0.00657981	0.0147841	0.0275504	0.466842	0.00163146	0.00197186
23	0.381795	0.036494	0.00997228	0.0068625	0.0289048	0.194538	0.0138049	0.00601526	0.0179207	0.025111	0.00980667	0.0127037	0.00796336	0.00603279	0.00917463	0.159583	0.0275377	0.0197199	0.0209278	0.00513246
24	0.0136133	0.007974	0.0993425	0.0197427	0.0068346	0.0332734	0.0277382	0.00644466	0.0406999	0.00630676	0.00547422	0.593243	0.00292073	0.0106621	0.0176643	0.065673	0.0126939	0.00668317	0.00127859	0.021737
25	0.0128202	0.00777033	0.00305865	0.0203154	0.0011335	0.034517	0.00983732	0.0123457	0.356654	0.0150093	0.0209149	0.0338005	0.00124244	0.0258044	0.364294	0.0312199	0.0344541	0.0095412	0.00416093	0.00110623
26	0.0485048	0.0114759	0.465176	0.117508	0.00133185	0.0552089	0.00772106	0.00146183	0.0153197	0.0174922	0.00109517	0.169189	0.000652291	0.0131051	0.0143672	0.0361037	0.00729081	0.0140111	0.000682414	0.00230304
27	0.707262	0.000824842	0.000910485	0.0012809	0.00106905	0.00110832	0.000964077	0.0126491	0.00115913	0.0401286	0.00887682	0.00106367	0.000586663	0.00493802	0.00128256	0.0373728	0.0236401	0.153602	0.00040575	0.000875535
28	0.0209338	0.0092958	0.00212266	0.0873231	0.00222668	0.0152059	0.0623045	0.035668	0.169404	0.0496327	0.0349965	0.00898119	0.00165884	0.241901	0.118873	0.0132029	0.065914	0.0424047	0.00909456	0.00885701
29	0.0139605	0.00376606	0.000389054	0.00135777	0.0206234	0.000786377	0.00151716	0.1559	0.00080805	0.626873	0.0424598	0.000534714	0.0067358	0.00116977	0.00247162	0.00752105	0.00889635	0.0983875	0.00295366	0.00288876
30	0.0165938	0.00417824	0.03692	0.015315	0.00340882	0.00291778	0.0257932	0.00403717	0.00417595	0.456126	0.0740411	0.0035315	0.00176542	0.0763919	0.0845854	0.0848911	0.0852386	0.00473514	0.012765	0.00258865
31	0.0167492	0.00305665	0.606635	0.114815	0.000949729	0.0163689	0.0165238	0.00369842	0.00799215	0.00574594	0.00220518	0.133202	0.0004948	0.00693216	0.00730825	0.028087	0.0087292	0.0110522	0.00124527	0.00820925
32	0.00964909	0.00228269	0.0841091	0.0411007	0.0205553	0.0183525	0.0115478	0.00322754	0.00481643	0.0142385	0.00194047	0.132736	0.00205564	0.0120993	0.0034416	0.369221	0.232462	0.0132781	0.00105892	0.0218276
33	0.0775921	0.00941214	0.0221423	0.0316455	0.00576898	0.579853	0.00655347	0.0138378	0.0325392	0.0125904	0.00440148	0.0382781	0.0083993	0.0149741	0.0416752	0.055985	0.0195358	0.0139779	0.00153178	0.00930658
34	0.0108091	0.00704509	0.114807	0.0216877	0.00585803	0.0307543	0.0259459	0.00664597	0.0555729	0.00570524	0.00550555	0.517362	0.00249697	0.0138821	0.0241147	0.102618	0.0230454	0.00596605	0.000986994	0.0191904
35	0.00566885	0.0158679	0.00142733	0.00251805	0.463858	0.00224894	0.009443	0.0258739	0.00313583	0.317427	0.0176949	0.00218302	0.00184284	0.00304825	0.00662718	0.0180743	0.00544782	0.0412511	0.00347791	0.0528834
36	0.0726588	0.00743109	0.00197471	0.0196468	0.0165427	0.00176157	0.00193325	0.0967319	0.00314787	0.0309875	0.0574736	0.0024037	0.000667467	0.0132341	0.0160752	0.00731212	0.0163412	0.631337	0.000822891	0.00151684
37	0.0151154	0.00158258	0.000386789	0.00510484	0.0470769	0.001691	0.00475661	0.115399	0.000866363	0.589141	0.0641713	0.000512328	0.00798236	0.00420226	0.0043257	0.00947226	0.0143554	0.0962025	0.00573721	0.0119174
38	0.00466878	0.0198503	0.00271768	0.00321975	0.0230999	0.010816	0.00864891	0.00349371	0.00358841	0.0277649	0.015483	0.00371407	0.00179764	0.010695	0.0474483	0.0296416	0.00535156	0.00510933	0.738621	0.0342699
39	0.00462588	0.00248769	0.0421506	0.143737	0.00277474	0.00313987	0.0200534	0.00316357	0.00314437	0.00488719	0.00233028	0.00309118	0.0017044	0.740354	0.0034605	0.00610335	0.00484134	0.00406674	0.0013246	0.00255897
40	0.138696	0.024393	0.0129632	0.0164455	0.0176885	0.1212	0.0172415	0.011612	0.0175069	0.0297229	0.0155327	0.0280866	0.0127679	0.0156704	0.020863	0.328881	0.0444576	0.0257597	0.0882687	0.0122431
41	0.00859281	0.0236232	0.00212057	0.00331032	0.408732	0.00267739	0.0360367	0.0456766	0.00302842	0.168523	0.023966	0.00355731	0.00336819	0.00573796	0.00985061	0.0381069	0.011879	0.0407057	0.00833072	0.152177
42	0.025996	0.0031858	0.34755	0.187839	0.000584975	0.0452752	0.049002	0.00740236	0.0501659	0.00808497	0.00367478	0.0861455	0.00617198	0.0426661	0.0325176	0.0567	0.0206815	0.0149037	0.00258203	0.00886993
43	0.00308706	0.0157833	0.0463269	0.0309921	0.082344	0.0025956	0.410115	0.00233329	0.00216183	0.0165985	0.00173796	0.0801345	0.00089963	0.0853692	0.00931666	0.0232261	0.00336575	0.00299648	0.00797827	0.172638
44	0.0291187	0.00678486	0.00590712	0.0182649	0.128264	0.00825686	0.0299761	0.0427757	0.0122109	0.313751	0.0297135	0.00726753	0.187098	0.0140199	0.0436856	0.0230893	0.0193014	0.0435425	0.00617492	0.030797
45	0.0855977	0.121481	0.00389104	0.00479264	0.0191041	0.0728759	0.00442126	0.0052192	0.0039761	0.00671584	0.00341418	0.00548052	0.00234672	0.0201261	0.00543835	0.295585	0.282703	0.0218578	0.00151115	0.0334626
46	0.00253366	0.00515487	0.216912	0.0160964	0.00536535	0.0260948	0.032747	0.00159969	0.019219	0.00284036	0.00138987	0.557569	0.000754436	0.00943894	0.00219761	0.0687751	0.00318944	0.00275084	0.000707555	0.0246633
47	0.0458153	0.00857795	0.00798052	0.00622648	0.0127874	0.00550422	0.0063582	0.0616823	0.0318087	0.0203442	0.025505	0.030556	0.00083551	0.0124321	0.0426999	0.0960286	0.541207	0.0385193	0.00367119	0.00146074
48	0.013701	0.00310313	0.00145377	0.00293087	0.157376	0.00192156	0.0109584	0.0920499	0.00369688	0.440754	0.11421	0.00166841	0.0032266	0.0159641	0.00588551	0.00753538	0.0112568	0.0404236	0.0131774	0.0587062
49	0.00876131	0.000316633	0.000315084	0.00259331	0.0317896	0.00128161	0.0024489	0.0907045	0.000937985	0.696856	0.0536561	0.000383415	0.00537526	0.0018508	0.00291504	0.00468378	0.010211	0.0725595	0.0056934	0.00666654
50	0.115461	0.00347752	0.00462617	0.00696757	0.00496372	0.0070247	0.024613	0.0249713	0.00586667	0.0680398	0.00427825	0.00654428	0.361157	0.0646206	0.00754007	0.24436	0.0307542	0.00844504	0.00216055	0.00412839
51	0.0300925	0.0077095	0.029528	0.0726829	0.00934192	0.549044	0.0120579	0.00334714	0.0549792	0.014857	0.000721973	0.0551955	0.000440871	0.0265219	0.0664826	0.033832	0.0195642	0.00198972	0.000331538	0.0112801
52	0.28607	0.0231431	0.0078086	0.011507	0.0186118	0.0840659	0.00988663	0.0106138	0.0137677	0.0474155	0.0876827	0.0112037	0.0127896	0.0110519	0.00939369	0.250108	0.0551326	0.0312449	0.0134135	0.00508952
53	0.020327	0.00180615	0.0203027	0.0446084	0.0116922	0.0150346	0.00788857	0.0344418	0.3474	0.021545	0.0149988	0.0628142	0.0164629	0.0324863	0.194841	0.089338	0.0454123	0.0109371	0.00103731	0.00662569
54	0.0189067	0.00184529	0.000331719	0.00372326	0.0499708	0.00176698	0.00326647	0.12269	0.000703406	0.569658	0.0670059	0.000417712	0.0102848	0.00327002	0.00341107	0.00723877	0.0144262	0.105583	0.00567313	0.00982711
55	0.0629624	0.00407453	0.0206652	0.0405309	0.00437802	0.318582	0.00457509	0.0414063	0.0284369	0.0336524	0.0230723	0.0075875	0.0528354	0.00738592	0.119576	0.0784258	0.100199	0.0307618	0.00191453	0.0189777
56	0.0162882	0.00100971	0.000354274	0.00391192	0.05125	0.00204313	0.00364316	0.106938	0.000815524	0.596622	0.0682617	0.000438086	0.00845165	0.00358596	0.00363354	0.00655191	0.0139252	0.0939164	0.00616996	0.01219
57	0.0335907	0.00393806	0.00495305	0.00509556	0.0129388	0.0049628	0.00520433	0.0478521	0.031558	0.0220345	0.0240087	0.0275934	0.000612485	0.0119836	0.049986	0.099406	0.571757	0.0371826	0.00437643	0.000965732
58	0.331646	0.00233967	0.00465565	0.0104232	0.00501186	0.0218755	0.00256971	0.0030151	0.00707422	0.00762346	0.00297841	0.0121053	0.0824622	0.00870991	0.00437353	0.428316	0.0526857	0.00870617	0.00136128	0.00206641
59	0.00796672	0.0200762	0.00265739	0.00318977	0.0237044	0.0111578	0.00848569	0.00381627	0.00320685	0.0279189	0.0155647	0.00338229	0.00168072	0.0101926	0.0464923	0.0334514	0.00555864	0.00486773	0.732667	0.0339625
60	0.00987399	0.00793009	0.000929526	0.0178748	0.000826995	0.0300182	0.00908423	0.0126697	0.370521	0.015244	0.0207985	0.0312691	0.000679798	0.0217944	0.376841	0.0247581	0.0348377	0.00926365	0.00406837	0.00071699
61	0.0436501	0.0134032	0.0463112	0.0231716	0.00603627	0.0624532	0.00859297	0.0108855	0.0133361	0.00668936	0.00149801	0.127904	0.0116009	0.00811962	0.00906041	0.45905	0.124643	0.00906555	0.00118152	0.0133474
62	0.00201371	0.882591	0.00473841	0.00127544	0.00113537	0.0136925	0.00234687	0.0011793	0.00127176	0.00170252	0.00106058	0.00117636	0.000654885	0.00149723	0.00958636	0.0433928	0.014848	0.00197107	0.00484368	0.00902248
63	0.0219926	0.00233766	0.431975	0.171254	0.000580123	0.0347295	0.0428531	0.0080776	0.036295	0.00597377	0.0039376	0.0852896	0.00451319	0.0331748	0.0243477	0.0476706	0.016624	0.0157309	0.00180659	0.0108372
64	0.0966294	0.00272476	0.0351974	0.0835419	0.0391794	0.0142083	0.0171417	0.114815	0.07007	0.0318404	0.00863125	0.0526828	0.00825368	0.0235795	0.0701748	0.0814007	0.113121	0.1031	0.000980047	0.0327279
65	0.00264552	0.0169113	0.0021463	0.00269067	0.273243	0.00555935	0.0295361	0.00491305	0.00167857	0.0356814	0.00290672	0.00552731	0.00110759	0.00187212	0.00257674	0.0285252	0.00381746	0.0221207	0.015036	0.541505
66	0.189559	0.00159053	0.0243904	0.00560354	0.00190732	0.503629	0.00204148	0.00475142	0.0327933	0.00268623	0.00150331	0.0475262	0.0132552	0.0048557	0.0293463	0.0975042	0.0175709	0.0114123	0.000876404	0.00719738
67	0.0635723	0.00199024	0.00237831	0.0142301	0.0685247	0.0132657	0.0409796	0.0151058	0.0826642	0.083916	0.0644286	0.0142268	0.0222107	0.0363983	0.193253	0.0275832	0.152383	0.0547709	0.0118546	0.0362639
68	0.00364524	0.874613	0.00498689	0.00137872	0.00123219	0.0145056	0.00314007	0.00121822	0.00126243	0.002019	0.00106358	0.00189611	0.000665223	0.00148285	0.00966923	0.046654	0.0149236	0.00203394	0.00463425	0.00897592
69	0.0602622	0.00869	0.0520731	0.0439002	0.0152912	0.502309	0.0142731	0.00918198	0.0381248	0.0143407	0.00392206	0.0549832	0.00574252	0.0188055	0.0467864	0.0503054	0.0208758	0.0121766	0.00159402	0.0263627
70	0.292071	0.00304903	0.0368013	0.0466127	0.00510305	0.0280907	0.0036612	0.00135919	0.050167	0.0231135	0.0010468	0.0283086	0.172222	0.0139543	0.02549	0.188752	0.0434306	0.0352712	0.00047978	0.00101641
71	0.00744922	0.0243155	0.0223217	0.0233208	0.187811	0.00683969	0.00884122	0.00509264	0.00472416	0.00776582	0.00457052	0.213611	0.00236564	0.00615097	0.00607155	0.0719489	0.00793875	0.00789966	0.00340492	0.377557
72	0.197031	0.00284955	0.0225167	0.00554173	0.00266945	0.50145	0.00199843	0.00441888	0.0307627	0.00386547	0.00152734	0.0424326	0.0124476	0.00474418	0.0268635	0.0998984	0.0187126	0.0111906	0.00153349	0.00754489
73	0.00242329	0.876949	0.00479459	0.00144459	0.00111613	0.0134818	0.00260534	0.00132824	0.00211832	0.0021787	0.00131399	0.00176242	0.000695183	0.00164212	0.0110956	0.0439538	0.0146715	0.00249194	0.00462417	0.00930979
74	0.0415875	0.00108021	0.0607129	0.093047	0.00503822	0.0553622	0.0269967	0.0321808	0.157146	0.0119861	0.0222893	0.083055	0.00214753	0.0492533	0.129245	0.109406	0.092722	0.0199619	0.000369751	0.00641188
75	0.00536514	0.833365	0.0202471	0.00647053	0.00269172	0.0153439	0.00408579	0.00264672	0.00286019	0.00495954	0.00174154	0.00741523	0.00113117	0.00372784	0.011262	0.0438209	0.0144847	0.00345211	0.00455545	0.0103732
76	0.0192332	0.00194091	0.000334519	0.00369863	0.0493501	0.00174396	0.00320569	0.124536	0.000692029	0.567453	0.0667162	0.000423419	0.010441	0.00321762	0.00341511	0.00734843	0.0143915	0.106656	0.00557886	0.00962442
77	0.0484385	0.00171471	0.108091	0.101185	0.0195031	0.00267712	0.0361103	0.00274509	0.274971	0.0126653	0.00204399	0.0293382	0.036966	0.0718875	0.102083	0.0137871	0.0931122	0.039431	0.00117715	0.00207324
78	0.0524621	0.00545137	0.0258728	0.0617355	0.00573521	0.359417	0.0106457	0.0194721	0.0702288	0.0153847	0.00898808	0.0387217	0.0150488	0.0263887	0.10313	0.0832898	0.0581476	0.0286571	0.00108285	0.0101401
79	0.0016997	0.0129686	0.000922834	0.00132196	0.561366	0.0020412	0.0207683	0.00675598	0.000987948	0.0787711	0.00189579	0.00109926	0.000568519	0.00115156	0.00178018	0.0125113	0.00593584	0.00958111	0.0130597	0.264813
80	0.0924625	0.0010902	0.0194425	0.128589	0.0151904	0.0327229	0.00801705	0.0503778	0.117571	0.0109665	0.00327986	0.0346208	0.0115286	0.0606287	0.0979952	0.0875894	0.100714	0.112175	0.000628646	0.0144092
81	0.0408997	0.0151697	0.0262958	0.00575494	0.00266584	0.247568	0.0482079	0.0141629	0.0783509	0.00503547	0.0263258	0.184683	0.0126191	0.0152505	0.100097	0.0952086	0.0443941	0.0049949	0.0184192	0.0138969
82	0.0427612	0.00339088	0.00135092	0.0117851	0.00850119	0.00238741	0.00105334	0.162306	0.0030986	0.0785884	0.0879976	0.00510018	0.000527544	0.00405179	0.0168953	0.0230915	0.057111	0.48289	0.0032531	0.00385814
83	0.0656783	0.00275324	0.0283073	0.06849	0.00924962	0.0482155	0.013929	0.0513356	0.176101	0.0185446	0.0244697	0.0477951	0.0100771	0.0397711	0.150067	0.0834312	0.092627	0.0599624	0.00157303	0.00762184
84	0.0245982	0.0011513	0.000546855	0.00627868	0.0607818	0.00423935	0.00343956	0.0974465	0.00129227	0.525809	0.0765543	0.00146206	0.012544	0.00836747	0.00619771	0.0127521	0.0243942	0.111056	0.00934698	0.0117414
85	0.241303	0.00377559	0.0435456	0.0396029	0.00529254	0.114135	0.00566584	0.00449041	0.0417186	0.0223306	0.00277695	0.0340818	0.14301	0.0136027	0.0271557	0.181219	0.0428145	0.0286819	0.00134282	0.00345501
86	0.0231446	0.00244792	0.424706	0.171734	0.000666212	0.0345991	0.0439259	0.00839536	0.0368953	0.00574726	0.00450141	0.0859924	0.00446601	0.0335006	0.0241937	0.0473203	0.017472	0.0166577	0.0019542	0.0116799
87	0.00223327	0.00603585	0.182942	0.00765289	0.00624494	0.0318686	0.0301703	0.0016089	0.0223704	0.00253932	0.0012784	0.575362	0.000795609	0.011085	0.00181353	0.0813943	0.00230925	0.00217943	0.00060969	0.0295068
88	0.00174107	0.886171	0.00476191	0.00122249	0.0010237	0.0132538	0.00233135	0.00117604	0.00120625	0.00160069	0.000991973	0.00110084	0.000631982	0.00137334	0.00965729	0.0424599	0.013957	0.00184882	0.00462917	0.008861
89	0.115442	0.00338144	0.0147046	0.0380348	0.00516772	0.040903	0.00482619	0.00545074	0.00903258	0.0157937	0.00318862	0.0444013	0.0267482	0.0324801	0.00784019	0.505611	0.107608	0.0101583	0.00164317	0.00758463
90	0.00202779	0.885015	0.00475766	0.00131156	0.00112732	0.0132247	0.00235722	0.00143182	0.0012123	0.00169715	0.00102309	0.00110058	0.000633006	0.00137408	0.00967408	0.0426498	0.0139993	0.0018723	0.00461882	0.00889297
91	0.0325248	0.00292099	0.0124485	0.024559	0.00728852	0.016231	0.00570266	0.0422204	0.0573111	0.134072	0.0721792	0.0478025	0.00239748	0.0126811	0.0522159	0.0674692	0.152561	0.250545	0.00292424	0.00394409
92	0.210697	0.00415514	0.022799	0.00714475	0.00362518	0.486561	0.00249502	0.00458317	0.0308853	0.00450525	0.00173579	0.0416556	0.0124292	0.00522384	0.0272938	0.0963829	0.0173652	0.0112916	0.00205455	0.00711667
93	0.00197442	0.0143978	0.00126329	0.00163709	0.340327	0.00432559	0.0242283	0.00332392	0.0012938	0.039192	0.00150117	0.00200068	0.000670905	0.00124463	0.00201004	0.0192497	0.00366782	0.0191274	0.0147736	0.503791
94	0.235192	0.00466829	0.00677366	0.0159342	0.00954602	0.0422845	0.00255865	0.00296638	0.00277791	0.00929829	0.0037566	0.0250631	0.018216	0.0111692	0.00248258	0.498184	0.0905946	0.013578	0.00153186	0.00342399
95	0.0365955	0.00664112	0.0292729	0.0637389	0.00816841	0.562282	0.0108894	0.00442099	0.0507873	0.0131869	0.00101992	0.0507015	0.00160772	0.0245716	0.0637083	0.0380341	0.0194646	0.00281621	0.000468298	0.0116246
96	0.00209768	0.87259	0.00505457	0.00157312	0.0010842	0.0134209	0.00281737	0.00147687	0.00174063	0.00214888	0.00138671	0.00187827	0.000770972	0.00209299	0.0137676	0.0438402	0.0151724	0.00259804	0.0046187	0.00987032
97	0.0445054	0.00447523	0.0129092	0.0231933	0.0260258	0.00846679	0.0135959	0.128858	0.0281971	0.161338	0.0815502	0.0154671	0.00240409	0.0268512	0.0305985	0.0427544	0.056173	0.271604	0.0111426	0.0098905
98	0.0400463	0.00135922	0.00426613	0.0245226	0.0312302	0.0143925	0.00970118	0.216157	0.00985584	0.195698	0.188285	0.00145901	0.00713868	0.0145605	0.00301047	0.0275068	0.10895	0.0861479	0.00723862	0.00847434
99	0.00300424	0.0199639	0.00178408	0.00217356	0.173268	0.00656469	0.0162646	0.00433725	0.00227322	0.0424072	0.00835615	0.00223532	0.000947885	0.00728319	0.0305692	0.0203702	0.00412305	0.00853904	0.469731	0.175804
100	0.112916	0.0070684	0.0358655	0.0245437	0.0241641	0.00770869	0.0203269	0.129327	0.074594	0.0191191	0.0335423	0.0909618	0.00206607	0.0240668	0.0498643	0.108769	0.168077	0.0622022	0.000449891	0.0043668
101	0.698681	0.00103592	0.00120696	0.00152782	0.00137498	0.00156621	0.00137519	0.014401	0.00171075	0.0388176	0.00871602	0.00125098	0.000657908	0.00497159	0.00154342	0.0410429	0.0236902	0.154939	0.000556748	0.000933664
102	0.0461111	0.0126187	0.0115081	0.0122206	0.012995	0.0152214	0.00730276	0.0441944	0.0285512	0.0254597	0.0204244	0.0363539	0.00506313	0.0157768	0.039177	0.149778	0.472364	0.0354342	0.00466631	0.00478005
103	0.043531	0.0113536	0.457455	0.111122	0.00119934	0.0547795	0.00872091	0.00147191	0.0173191	0.0162873	0.00107556	0.181308	0.000609597	0.0118737	0.0162101	0.0410547	0.00771933	0.0137312	0.000671943	0.00250642
104	0.00254517	0.00659934	0.18339	0.00692548	0.00673558	0.0358576	0.0307717	0.00165101	0.0231135	0.00272759	0.00124711	0.562531	0.000838729	0.0119229	0.00209499	0.0856861	0.00235832	0.00235129	0.000643758	0.0300087
105	0.00256221	0.0141294	0.00178323	0.00253271	0.557683	0.00322804	0.020399	0.00963622	0.0020104	0.0785254	0.00325787	0.00372705	0.0010765	0.00205935	0.00268933	0.0158731	0.00672171	0.0130852	0.0121172	0.246903
106	0.124123	0.13687	0.0324559	0.025732	0.00512157	0.010003	0.0695896	0.00591543	0.0058626	0.0298292	0.00418157	0.0890889	0.00274703	0.00633503	0.00661571	0.396573	0.0334207	0.0084669	0.001952	0.00511718
107	0.0136139	0.0171416	0.0135056	0.044069	0.00473262	0.0221045	0.0411035	0.00855185	0.117998	0.00848125	0.0180421	0.503474	0.00248798	0.0120912	0.0629435	0.0689565	0.0247418	0.0078995	0.00249352	0.00556863
108	0.0392062	0.00294729	0.00795777	0.0333118	0.0298945	0.0127504	0.0115276	0.203039	0.0274616	0.185097	0.163836	0.00553932	0.00539637	0.0185768	0.0102148	0.029128	0.0909621	0.107867	0.0069499	0.0083373
109	0.00502885	0.000847872	0.000491574	0.000880677	0.00370206	0.000768767	0.00262856	0.719957	0.000709338	0.0332194	0.0114839	0.000795821	0.000345264	0.00126226	0.00138519	0.00325123	0.0132478	0.197242	0.000304643	0.00244704
110	0.0538106	0.00932131	0.0248457	0.0442765	0.00743983	0.56454	0.00867574	0.0103118	0.040653	0.0135414	0.00312562	0.0400055	0.00758199	0.0200798	0.0609983	0.0458901	0.0215324	0.0117668	0.00118104	0.0104224
111	0.0474217	0.00217718	0.00624648	0.193713	0.00243524	0.0162198	0.0935832	0.0186019	0.0927448	0.00701001	0.00440665	0.00323055	0.0110779	0.362591	0.114345	0.00596783	0.00798532	0.0058098	0.00175622	0.00267721
112	0.0717575	0.00724103	0.0529227	0.0478156	0.00719347	0.53322	0.0100835	0.00715113	0.0382066	0.0107509	0.00162409	0.0503861	0.00656024	0.0179442	0.0459665	0.0539192	0.0173647	0.00921833	0.000790029	0.00988435
113	0.0321752	0.00720821	0.0429883	0.0791649	0.00853631	0.520576	0.0151343	0.00384657	0.0551909	0.0147677	0.0010949	0.0567149	0.00108909	0.0273826	0.0637563	0.0359354	0.0192869	0.00304348	0.000452702	0.0116558
114	0.0172618	0.00809026	0.00228439	0.0823821	0.00298474	0.0195628	0.0584133	0.0324482	0.19589	0.0546128	0.0343124	0.0132662	0.00195737	0.203837	0.137047	0.0136316	0.0624334	0.0416691	0.00686269	0.0110528
115	0.0531041	0.00408741	0.142852	0.336387	0.007737	0.0111815	0.0577529	0.0285617	0.0626365	0.00680328	0.0261759	0.00986935	0.00266457	0.0712016	0.00835076	0.0131519	0.0777114	0.0411197	0.00212605	0.0365256
116	0.0167003	0.000763295	0.00049312	0.0010893	0.00781943	0.000670321	0.00068351	0.366753	0.000840223	0.0769929	0.0259764	0.00121292	0.000321279	0.00264816	0.00301819	0.0037111	0.00641358	0.482968	0.000289865	0.000635012
117	0.242981	0.0104818	0.0821181	0.0340599	0.00977982	0.282066	0.0095377	0.00822487	0.0310407	0.0142565	0.00482405	0.0457056	0.0279189	0.0106432	0.024568	0.099909	0.0261656	0.0225372	0.00596099	0.00722118
118	0.0171568	0.000686435	0.000471239	0.0010507	0.00722377	0.000684983	0.000726444	0.374327	0.000842159	0.0746118	0.0250835	0.00117147	0.000320334	0.0025459	0.00303481	0.00382163	0.00728725	0.477872	0.000313489	0.000767998
119	0.0263492	0.00762068	0.0144167	0.0392117	0.00823007	0.0332926	0.0191014	0.0224722	0.328474	0.0241714	0.0237097	0.037914	0.00807507	0.0421954	0.240478	0.0433894	0.0484073	0.0201878	0.00453861	0.00776439
120	0.00962363	0.00803976	0.00161113	0.0212364	0.000925081	0.0303249	0.0105616	0.0134626	0.363096	0.0169784	0.0240064	0.0307202	0.000814644	0.0293245	0.360997	0.0243161	0.0365907	0.0118796	0.00402698	0.00146406
121	0.0177578	0.0054241	0.00323444	0.00716248	0.0432443	0.00448481	0.0142133	0.121959	0.00725005	0.535574	0.0567312	0.00340313	0.00571998	0.00842298	0.00757866	0.0167181	0.0199484	0.0962489	0.00568363	0.0192407
122	0.14222	0.00404582	0.0105668	0.0199608	0.00545661	0.066704	0.0039359	0.00505898	0.0101522	0.0239742	0.0034255	0.0236594	0.0919428	0.0170815	0.00834102	0.434039	0.103298	0.0207735	0.00221039	0.00315321
123	0.0522982	0.00102111	0.0556742	0.0868951	0.00530082	0.0490878	0.0225681	0.0371433	0.158355	0.0161786	0.0255656	0.0754873	0.00332314	0.045505	0.126571	0.102423	0.0939528	0.0360918	0.000384453	0.00617394
124	0.0441764	0.00235748	0.093736	0.195244	0.00296179	0.0409582	0.0592313	0.0212614	0.0950569	0.0076954	0.00687352	0.0427882	0.00864361	0.185602	0.0870401	0.047004	0.0336131	0.0186585	0.00121461	0.00588348
125	0.0242641	0.0503756	0.0157832	0.0238597	0.0149724	0.386252	0.0121452	0.103418	0.0196656	0.0352097	0.0167952	0.0233297	0.012505	0.0251591	0.0668353	0.0344734	0.0297825	0.0883598	0.0053218	0.0114926
126	0.0473536	0.00793504	0.024167	0.0345216	0.0268201	0.011878	0.0252856	0.110152	0.052095	0.192451	0.0793104	0.0226198	0.000562496	0.043587	0.0403237	0.0473983	0.0510343	0.159173	0.0111906	0.0121421
127	0.0244293	0.00381233	0.22328	0.224345	0.000672692	0.0588408	0.059022	0.00830629	0.069029	0.0108045	0.00390977	0.0788039	0.00951251	0.0589767	0.0428846	0.0709527	0.0262185	0.0160057	0.0016594	0.00853443
128	0.050742	0.00503776	0.1339	0.364958	0.00703784	0.0100461	0.0826824	0.030776	0.0519355	0.00581487	0.0176583	0.0098358	0.00210553	0.0686285	0.0062539	0.0132304	0.0629608	0.0295282	0.00184959	0.0450181
129	0.00390586	0.0197956	0.00128655	0.00195168	0.543547	0.0016843	0.0247245	0.0211094	0.00143719	0.141199	0.00996842	0.00169776	0.00215364	0.00308618	0.00494641	0.0204258	0.00793817	0.0219865	0.00875808	0.158398
130	0.0833368	0.00373226	0.030553	0.0355988	0.0106132	0.027322	0.00813855	0.100004	0.101161	0.0405215	0.107131	0.0434497	0.0145909	0.0170017	0.102378	0.0560426	0.107568	0.103002	0.00198741	0.00586679
131	0.0366891	0.00529602	0.0117466	0.0142545	0.0121886	0.0104964	0.00897632	0.0434023	0.0645993	0.0204188	0.0271069	0.0602308	0.0020992	0.0279195	0.0859373	0.0937206	0.435592	0.0323001	0.00385751	0.00316827
132	0.0393007	0.00649162	0.107246	0.308831	0.00892646	0.0242921	0.0666435	0.018934	0.096574	0.0158678	0.0115248	0.0303869	0.00931102	0.0854546	0.0497449	0.0359197	0.03893	0.0252523	0.00237943	0.0179886
133	0.039496	0.00183936	0.0021703	0.0132905	0.0133382	0.00586128	0.00410482	0.202558	0.00783709	0.126162	0.106554	0.00397948	0.00256542	0.00632882	0.00881892	0.0212131	0.0667188	0.358046	0.00415432	0.00496419
134	0.0549013	0.00489325	0.0298084	0.0414854	0.0161906	0.0142258	0.0152454	0.0893696	0.0807635	0.15183	0.0832053	0.0281003	0.00217989	0.0324397	0.053922	0.048689	0.0617057	0.177135	0.00650461	0.00740577
135	0.0142982	0.0352247	0.00215144	0.00414845	0.11985	0.00279898	0.0444629	0.048937	0.00253828	0.336139	0.0453298	0.00231577	0.0116991	0.0111978	0.0136358	0.0532296	0.0171647	0.105158	0.00975794	0.119962
136	0.0330572	0.0170905	0.00399674	0.0133857	0.0154239	0.00512839	0.00647145	0.258182	0.00886721	0.173012	0.123237	0.0049681	0.00361017	0.00920313	0.0133034	0.0193487	0.0309043	0.252081	0.00359262	0.00513656
137	0.20038	0.0366319	0.00593263	0.00928815	0.00982313	0.0560179	0.00943191	0.00733958	0.00916452	0.0184227	0.0351896	0.0107675	0.00598336	0.00879929	0.00723736	0.441608	0.030069	0.0845241	0.00773365	0.00565624
138	0.00862742	0.00792173	0.000930842	0.019167	0.000830405	0.0313193	0.00907986	0.0117596	0.381153	0.014957	0.0207039	0.0333803	0.000743115	0.022697	0.366239	0.0241892	0.0325204	0.00892094	0.00407886	0.000781083
139	0.0182521	0.00166652	0.000526297	0.00392909	0.0532974	0.00199724	0.00361903	0.10969	0.00118859	0.582236	0.0655365	0.000684541	0.0103244	0.00405284	0.00383002	0.0077907	0.0153528	0.0996227	0.00606418	0.010338
140	0.0190384	0.00710651	0.00402523	0.0661227	0.00271907	0.0190884	0.047215	0.0321032	0.216564	0.0405945	0.0369554	0.0178118	0.00184895	0.188251	0.165697	0.0178336	0.0709918	0.0321608	0.00597495	0.00789781
141	0.0267171	0.0184193	0.0416904	0.0526091	0.0610984	0.0179296	0.338583	0.0140828	0.0254969	0.0318277	0.0105345	0.0584928	0.0051068	0.0675514	0.0254308	0.0428965	0.0211571	0.0187394	0.019475	0.102161
142	0.0433146	0.0016896	0.0529403	0.07915	0.00458946	0.0476585	0.0221511	0.035872	0.179447	0.0157112	0.0295581	0.0749997	0.00274595	0.04354	0.153219	0.0930552	0.0898037	0.0248701	0.000667441	0.00501674
143	0.0117157	0.0105068	0.0950672	0.0146339	0.0135507	0.0269779	0.0217562	0.00507566	0.0240495	0.00632163	0.00353672	0.493583	0.0031832	0.00899771	0.008819	0.160974	0.0351604	0.00751635	0.00157065	0.0470033
144	0.0140571	0.00307943	0.000917266	0.00273091	0.0282784	0.00158487	0.00290676	0.146239	0.00176955	0.588018	0.0499466	0.00108213	0.00551181	0.00246675	0.00376672	0.00833945	0.0117472	0.116927	0.00391885	0.00671218
145	0.0509864	0.00275901	0.000995697	0.00800131	0.00905724	0.0013914	0.000950935	0.171308	0.00167007	0.0623033	0.0340383	0.00257873	0.000534967	0.00529699	0.00794007	0.00837697	0.0210093	0.608196	0.00109927	0.00150612
146	0.0082626	0.0082659	0.000845468	0.0197208	0.000873503	0.0305548	0.00947518	0.0124535	0.373996	0.0158323	0.0212907	0.0316775	0.000715725	0.0268074	0.367558	0.0245464	0.0322518	0.00970386	0.00395763	0.001211
147	0.015286	0.00379819	0.000484914	0.00104478	0.00939933	0.000598006	0.00126186	0.2356	0.000820419	0.45171	0.0306643	0.00100467	0.00350193	0.00154548	0.0027162	0.00735276	0.00807224	0.222546	0.00141932	0.0011735
148	0.0108611	0.000651436	0.000762962	0.00201265	0.0877751	0.00138489	0.00445419	0.0746334	0.0040767	0.633379	0.0739829	0.000746661	0.00325448	0.00590132	0.00322559	0.003716	0.00805304	0.0483095	0.00628632	0.0265325
149	0.432807	0.0513327	0.00629161	0.00512613	0.0285507	0.165621	0.0209904	0.0049722	0.0163722	0.0293235	0.0104769	0.00673085	0.00284043	0.0052528	0.00688262	0.129974	0.023316	0.0218064	0.0268773	0.00445508
150	0.00213851	0.0167234	0.002281	0.00266254	0.269874	0.00624385	0.0264383	0.00170945	0.00154993	0.0237174	0.00115525	0.0071014	0.000773782	0.0014453	0.00192016	0.0276671	0.00304484	0.0174312	0.0161029	0.57002
151	0.00174107	0.886171	0.00476191	0.00122249	0.0010237	0.0132538	0.00233135	0.00117604	0.00120625	0.00160069	0.000991973	0.00110084	0.000631982	0.00137334	0.00965729	0.0424599	0.013957	0.00184882	0.00462917	0.008861
152	0.0348742	0.00369892	0.0392394	0.0235419	0.0320497	0.00717484	0.00652995	0.17639	0.0309315	0.0485483	0.034856	0.0262134	0.0018773	0.0259858	0.0145584	0.0726522	0.0893375	0.323102	0.00313072	0.00530852
153	0.0198908	0.0109719	0.151879	0.401749	0.00221072	0.0032321	0.15094	0.00746574	0.0757875	0.00379873	0.00501974	0.0122338	0.0015404	0.0851031	0.00359123	0.015273	0.0126224	0.00710822	0.0012189	0.0283644
154	0.0303469	0.00783083	0.0294468	0.0728987	0.00929648	0.549422	0.0119332	0.00336476	0.0549731	0.0146961	0.000745826	0.0547143	0.000452895	0.0264238	0.0666263	0.0336673	0.0195928	0.00199989	0.000336138	0.0112314
155	0.0245134	0.00371654	0.223744	0.224266	0.000618968	0.0588823	0.0590765	0.00824113	0.0689194	0.0107469	0.00389114	0.0787888	0.00949238	0.0588943	0.0428875	0.0709913	0.0261469	0.0159752	0.00167142	0.00853562
156	0.0274958	0.00628078	0.154324	0.35944	0.00530689	0.0250189	0.075965	0.0113411	0.0552745	0.0072025	0.00786	0.0307203	0.00421314	0.111888	0.0195102	0.0298667	0.0300931	0.0176507	0.00182978	0.0187193
157	0.00861171	0.00886222	0.00101622	0.0170353	0.000792685	0.0291363	0.00862285	0.0123267	0.358807	0.0164073	0.026316	0.0320527	0.000562187	0.0239862	0.384382	0.0231578	0.0331266	0.00901793	0.00500857	0.000772111
158	0.0251868	0.0099916	0.000673727	0.00143329	0.0122052	0.00107359	0.00146096	0.288866	0.00101656	0.416038	0.0407065	0.00102672	0.00628238	0.00168769	0.00475054	0.015604	0.0129873	0.157014	0.000813366	0.00118114
159	0.0114499	0.00217682	0.000436829	0.00250557	0.0287137	0.00130439	0.00304232	0.124835	0.00131843	0.64068	0.0517316	0.000561885	0.00547056	0.00227551	0.00297169	0.00698448	0.0112995	0.0904224	0.00450505	0.00731446
160	0.0158401	0.000659842	0.000483191	0.000813137	0.00745918	0.000659574	0.000668999	0.37263	0.00081472	0.0789296	0.0257961	0.00119916	0.000314261	0.00250109	0.00285303	0.00379833	0.00651116	0.477164	0.000284828	0.000619989
161	0.00414593	0.0151147	0.00135441	0.00204455	0.421239	0.00283342	0.0238534	0.0208248	0.00190282	0.129933	0.0143448	0.00203406	0.00192685	0.00343361	0.00394123	0.0185015	0.00804588	0.0214769	0.0126833	0.290365
162	0.0602692	0.004957	0.113516	0.450774	0.0352959	0.0363467	0.0206581	0.0167661	0.0200479	0.0107074	0.0119965	0.00963467	0.00433172	0.0265349	0.00997961	0.0158844	0.0611487	0.0703288	0.00300335	0.0178186
163	0.00181069	0.0145696	0.00109606	0.00145609	0.300897	0.00469143	0.0258794	0.00192766	0.00135576	0.0342741	0.00115703	0.00167353	0.000627502	0.00131054	0.00179539	0.0196756	0.00343548	0.0181701	0.0163402	0.547857
164	0.00844105	0.000322587	0.000380473	0.00240529	0.0339129	0.00130947	0.00251588	0.0846611	0.00119528	0.700118	0.0598591	0.000422861	0.0048532	0.00206288	0.00308667	0.00450696	0.00935288	0.0671111	0.00663815	0.00684364
165	0.2342	0.00730589	0.0258022	0.0767543	0.00409376	0.0207796	0.0142333	0.0040122	0.0684128	0.0342522	0.00160443	0.0284644	0.132495	0.0313843	0.0345193	0.173945	0.0566275	0.0487002	0.000702211	0.00171207
166	0.0162584	0.00820848	0.0164381	0.0402133	0.00260123	0.0288374	0.0279207	0.0109719	0.155258	0.0079258	0.0152769	0.426327	0.00205064	0.0181652	0.116757	0.0542782	0.0375726	0.00878415	0.00205196	0.00410246
167	0.00865007	0.00793786	0.000936983	0.0179888	0.000782634	0.0320088	0.00926462	0.0113295	0.378759	0.0150237	0.0211662	0.0328347	0.000642353	0.0229223	0.369643	0.0247746	0.0314804	0.00870153	0.00445852	0.000695076
168	0.0472541	0.053635	0.0318477	0.0206852	0.00769752	0.0911715	0.0197732	0.0179293	0.0170413	0.0132728	0.00596314	0.11564	0.0111209	0.0116722	0.0225677	0.382304	0.103435	0.0137653	0.00308997	0.0101348
169	0.0156331	0.00531215	0.00479921	0.0064411	0.0332483	0.00369738	0.00718908	0.0931133	0.00690238	0.580315	0.0589969	0.0038403	0.00593071	0.0126422	0.013813	0.0211126	0.0388761	0.0693333	0.0096257	0.00917802
170	0.0168053	0.00343047	0.569314	0.109859	0.00110612	0.0175193	0.0162192	0.00329062	0.00817572	0.00603543	0.00208112	0.173908	0.000511146	0.00677837	0.00706917	0.0287199	0.00803439	0.0104189	0.00116033	0.00956333
171	0.0949007	0.0365924	0.00383044	0.00632429	0.124757	0.0154866	0.0152417	0.0631509	0.0286526	0.0546738	0.00285735	0.0502966	0.00184972	0.00352657	0.0623433	0.148812	0.0846787	0.104599	0.0121481	0.0852783
172	0.00823555	0.0348239	0.00222914	0.00340995	0.261664	0.00264676	0.063104	0.0618015	0.00266372	0.185308	0.0280597	0.00260546	0.00413137	0.00559742	0.0107516	0.0469489	0.0120633	0.0453445	0.00860212	0.210009
173	0.00334487	0.000536438	0.0005104	0.000838582	0.00336204	0.000771034	0.00311173	0.780065	0.000751893	0.017993	0.00724128	0.000813779	0.000347389	0.000999266	0.0010328	0.00280141	0.0143687	0.15779	0.000320859	0.00299954
174	0.00448358	0.0173521	0.00421112	0.00451084	0.455133	0.00482573	0.0355848	0.0125318	0.00230193	0.0675679	0.00485182	0.00925027	0.00123909	0.00401471	0.00437463	0.0364454	0.00614924	0.0178207	0.0106539	0.296698
175	0.044488	0.00606197	0.0273754	0.0449027	0.0364366	0.00934433	0.0181409	0.0922456	0.0509445	0.212653	0.0715418	0.0239807	0.000751357	0.050337	0.0332076	0.07458	0.0433658	0.142031	0.00855371	0.00905819
176	0.0087379	0.00183718	0.000366291	0.00226301	0.0209531	0.000992773	0.00216916	0.117943	0.000858775	0.687623	0.0447958	0.000472767	0.00439611	0.00147796	0.0027312	0.006721	0.00838378	0.0789913	0.00399128	0.00429428
177	0.0384208	0.00988488	0.346563	0.144917	0.00120452	0.0588038	0.0314434	0.00471901	0.0360395	0.0125997	0.00247739	0.15017	0.00370177	0.0299514	0.0269811	0.0612271	0.0139194	0.0204257	0.00106777	0.00548244
178	0.0253425	0.0328254	0.00483511	0.0063533	0.027762	0.0315041	0.012063	0.0086212	0.00599203	0.0635624	0.0177505	0.00610983	0.00228558	0.0132726	0.0430419	0.034208	0.0114074	0.0106192	0.606575	0.0358684
179	0.0957997	0.00199714	0.011182	0.102499	0.00413067	0.042985	0.0127795	0.0154793	0.130268	0.0084699	0.00494043	0.0459581	0.0477122	0.0885797	0.14603	0.104358	0.0803674	0.0521017	0.000719784	0.00364208
180	0.0364088	0.00264898	0.00446498	0.0182056	0.00625195	0.00542965	0.0058084	0.033362	0.226937	0.022059	0.099725	0.0314825	0.00385398	0.0548852	0.195475	0.0107523	0.213965	0.0221763	0.00219717	0.00391047
181	0.0232477	0.0733639	0.0207295	0.027596	0.066679	0.0302652	0.0315663	0.0299187	0.0300869	0.136345	0.0218429	0.0291778	0.00800852	0.0339021	0.144654	0.0566402	0.0310119	0.0494601	0.0507615	0.104743
182	0.0132907	0.041599	0.00210537	0.0034647	0.138504	0.00261359	0.055951	0.0432638	0.00248761	0.276668	0.0394914	0.00232837	0.00916062	0.00997758	0.0172779	0.0603192	0.0153362	0.0974512	0.0116376	0.157072
183	0.0245134	0.00371654	0.223744	0.224266	0.000618968	0.0588823	0.0590765	0.00824113	0.0689194	0.0107469	0.00389114	0.0787888	0.00949238	0.0588943	0.0428875	0.0709913	0.0261469	0.0159752	0.00167142	0.00853562
184	0.0167892	0.00289252	0.00144706	0.00442718	0.0123929	0.00211965	0.00340238	0.442471	0.0032901	0.164851	0.0497613	0.00189404	0.00227427	0.00398952	0.0043851	0.0105712	0.024937	0.241935	0.00197895	0.0041906
185	0.0116683	0.000709062	0.000805961	0.00237261	0.0042611	0.00112711	0.00206825	0.583524	0.00117218	0.0521353	0.0225091	0.00216648	0.000440699	0.00158479	0.00378193	0.00928814	0.0243487	0.272191	0.00120476	0.00264
186	0.00434426	0.0551283	0.064836	0.0714991	0.0518911	0.0618795	0.0396646	0.022553	0.0671307	0.0745238	0.0144275	0.0893339	0.00126608	0.084437	0.138337	0.0678304	0.0150281	0.0515864	0.00134612	0.022957
187	0.0510343	0.00582021	0.0275772	0.0678728	0.00742346	0.490618	0.0107053	0.00736879	0.0618713	0.0122494	0.00201504	0.048232	0.00501202	0.031034	0.0705838	0.0478869	0.0308402	0.0116827	0.00040848	0.00976443
188	0.00334487	0.000536438	0.0005104	0.000838582	0.00336204	0.000771034	0.00311173	0.780065	0.000751893	0.017993	0.00724128	0.000813779	0.000347389	0.000999266	0.0010328	0.00280141	0.0143687	0.15779	0.000320859	0.00299954
189	0.459245	0.0468015	0.00506876	0.00442576	0.022097	0.142708	0.0148199	0.00432412	0.0183584	0.0319881	0.0105178	0.00488793	0.0023447	0.00424995	0.00523063	0.138904	0.0257678	0.0244282	0.0303346	0.0034975
190	0.00635649	0.0508157	0.0644485	0.0715071	0.0485002	0.0585095	0.0384821	0.0239332	0.0752138	0.0663692	0.0132475	0.0868292	0.00177079	0.0845682	0.149527	0.0701521	0.0183525	0.0483515	0.00113354	0.0219322
191	0.17163	0.00518482	0.0215687	0.0128788	0.00397167	0.465006	0.00305669	0.0103457	0.0275054	0.0114283	0.00337568	0.0348657	0.0406921	0.00768308	0.0319716	0.0920193	0.0286285	0.0187044	0.00195058	0.00753271
