523	20
1	0.0238782	0.000480375	0.00174799	0.00724722	0.169793	0.0120574	0.0454066	0.112089	0.031355	0.0710696	0.0129142	0.0323266	0.0136887	0.0223044	0.0406242	0.013215	0.0709815	0.0848149	0.00329513	0.230711
2	0.0517715	0.0973083	0.00382318	0.0046735	0.519134	0.0103003	0.00264235	0.034619	0.00428811	0.0299364	0.032834	0.00627344	0.00235159	0.0064682	0.00621577	0.139736	0.0295672	0.0127866	0.00132487	0.00394602
3	0.00897408	0.000980552	0.000216952	0.000351417	0.00398806	0.000389663	0.000112017	0.553704	0.00028158	0.0608012	0.0152928	0.000621728	0.00136751	0.00232543	0.000410387	0.00216978	0.0135588	0.331685	0.00177985	0.000989737
4	0.0295692	0.000383794	0.12064	0.168962	0.00733395	0.0197964	0.111753	0.00592958	0.0985388	0.0152187	0.011015	0.144971	0.000559382	0.0633708	0.109315	0.0623739	0.020579	0.00268653	0.000344577	0.0066584
5	0.00729682	0.00231283	0.0113883	0.00296707	0.0209719	0.0132353	0.212249	0.00564329	0.0259392	0.0409802	0.00319447	0.0338452	0.00137731	0.0477906	0.522011	0.0235015	0.00645025	0.0091051	0.000971857	0.00876865
6	0.0130858	0.00435119	0.000405219	0.000414377	0.00141756	0.000532974	0.000199079	0.0016833	0.00293861	0.00623585	0.0014782	0.00249122	0.924031	0.000634084	0.000512023	0.00491371	0.020787	0.0134732	0.000126587	0.000289342
7	0.0111233	0.000924233	0.00306325	0.00339742	0.00339779	0.00385466	0.0013155	0.229862	0.030288	0.00693884	0.00517906	0.0562197	0.00208113	0.00479645	0.0324614	0.00804136	0.00883993	0.585415	0.000951599	0.00184955
8	0.0532429	0.00743009	0.00158529	0.00208626	0.17139	0.00706238	0.000649801	0.0867894	0.00183473	0.44038	0.0527653	0.00561835	0.00106186	0.00330613	0.0026923	0.0231717	0.0400603	0.084108	0.00187096	0.0128943
9	0.546032	0.0106872	0.000467132	0.00163893	0.000713115	0.0286267	0.000224131	0.00946583	0.00157673	0.00401384	0.00486426	0.00146712	0.00541879	0.000801774	0.00208011	0.223684	0.10526	0.0487276	0.000192627	0.00405853
10	0.110886	0.000396848	0.000639543	0.00116689	0.0353255	0.0165167	0.000379478	0.194383	0.000933894	0.0724274	0.0507007	0.0182817	0.00115276	0.00176808	0.00753905	0.079919	0.28131	0.0894804	0.0312223	0.00557077
11	0.152609	0.00897654	0.00131763	0.00256923	0.0222036	0.0186089	0.00124692	0.163387	0.000819479	0.105179	0.0606748	0.00612956	0.00371162	0.00469437	0.00401414	0.0569129	0.0627221	0.317569	0.00160615	0.00504789
12	0.0105137	0.00356694	0.000248758	0.000355016	0.00619574	0.000404253	0.000146652	0.395708	0.000324825	0.27691	0.0133741	0.000396098	0.00321662	0.00114265	0.00349802	0.00661095	0.0301605	0.246906	0.000112025	0.000208594
13	0.477587	0.0095998	0.000263476	0.00140997	0.000354573	0.0573285	0.000156175	0.00105476	0.000610761	0.000838775	0.002814	0.0044218	0.000537154	0.000445565	0.000682592	0.379229	0.0458133	0.0165226	0.000109476	0.000220782
14	0.02008	0.0036906	0.000219197	0.000238574	0.0202155	0.00182025	0.000138812	0.333111	0.000240718	0.354357	0.0268057	0.000538374	0.00169534	0.000883053	0.00190539	0.00702968	0.0255754	0.200611	0.000203657	0.000639995
15	0.0519222	0.0126338	0.000193785	0.000230998	0.0949888	0.00913193	0.000104155	0.243724	0.000209986	0.27893	0.0437174	0.000274174	0.00100468	0.000862245	0.00108225	0.00684223	0.0138402	0.238419	0.000707462	0.00118055
16	0.00946811	0.00225985	0.00110309	0.00383663	0.0274741	0.00269445	0.000278396	0.460693	0.000770859	0.187098	0.122994	0.00510491	0.000492304	0.00585501	0.00475912	0.00256871	0.0339766	0.127721	0.000265229	0.000587001
17	0.158978	0.0310796	0.00124499	0.0010143	0.0273769	0.0141776	0.000297027	0.121581	0.000649329	0.112839	0.0714075	0.00166603	0.00112891	0.00206583	0.0014432	0.0962255	0.144197	0.212017	0.000202378	0.000409609
18	0.0148132	0.00189446	0.000202032	0.000168194	0.0279568	0.00186495	9.56195e-05	0.268813	0.000171397	0.473823	0.048793	0.000795715	0.000273528	0.000854559	0.000225519	0.00468868	0.00747231	0.146847	7.88614e-05	0.000168376
19	0.254906	0.00456758	0.000290172	0.000282808	0.0451827	0.0644516	0.000147607	0.114033	0.000297999	0.24395	0.0334441	0.00198554	0.00176554	0.000405091	0.0015761	0.0175049	0.0196946	0.188046	0.00464221	0.00282653
20	0.0400764	0.000111644	0.00954541	0.00368281	0.000276186	0.899298	0.000107894	0.000459526	0.00102835	0.00222522	0.00032234	0.00550099	0.0001386	0.0021967	0.000218122	0.0287838	0.00521947	0.000572253	7.60079e-05	0.000160227
21	0.23214	0.00403046	0.00024866	0.000285228	0.0445669	0.0653383	0.00011904	0.124708	0.000309402	0.26154	0.0266334	0.0015788	0.00130897	0.000437343	0.00192996	0.0184872	0.0232731	0.184678	0.00489272	0.00349495
22	0.0585092	0.00223413	0.000202853	0.000217803	0.0254814	0.0080425	0.00010074	0.273355	0.00023846	0.211053	0.0461813	0.000433951	0.000140825	0.00224459	0.000274022	0.00344972	0.00868732	0.358357	0.000115986	0.000681374
23	0.467119	0.0171135	0.000276079	0.000906216	0.000361495	0.0526501	0.0001525	0.00184741	0.000849091	0.000920412	0.00257299	0.00322528	0.00129312	0.000448301	0.00063549	0.373163	0.0499918	0.0261798	8.07142e-05	0.000213866
24	0.076427	0.000104593	0.267374	0.188234	0.001816	0.0161063	0.00959579	0.0140364	0.0221678	0.00940027	0.00975593	0.102749	0.0123573	0.0854647	0.0208215	0.0551316	0.0695881	0.035225	0.000105333	0.00353921
25	0.0101542	0.000909465	0.000172177	0.000326534	0.00268803	0.000291456	8.37778e-05	0.52408	0.000314465	0.0667751	0.0162942	0.000698933	0.00219971	0.00309715	0.000225671	0.00268493	0.0181024	0.348496	0.00122228	0.0011831
26	0.389758	0.000942083	0.0384609	0.0502763	0.0032533	0.00504429	0.00126623	0.0401272	0.00314041	0.00673599	0.00436025	0.0040154	0.00192891	0.00524703	0.0193683	0.127301	0.0679246	0.22789	0.000887262	0.00207277
27	0.0852202	0.000388686	0.0203659	0.0134013	0.0141278	0.00191114	0.000695731	0.00303272	0.0114546	0.012293	0.00791007	0.00188861	0.58597	0.0278775	0.00180113	0.12532	0.0408292	0.0239751	0.000654326	0.0208837
28	0.0129479	0.00436511	0.000358565	0.000387822	0.00139347	0.000531831	0.000199764	0.00169617	0.0029117	0.00624512	0.00146471	0.00249361	0.924642	0.000594553	0.000513185	0.00462512	0.0207982	0.0134507	0.000123445	0.000256642
29	0.0734185	0.000706796	0.0029279	0.0591382	0.00364483	0.00431501	0.00122912	0.0276589	0.0243504	0.018132	0.0291449	0.00673784	0.00149634	0.159589	0.0390337	0.179516	0.231285	0.133338	0.000777496	0.00356052
30	0.035179	0.000142136	0.0255833	0.0254682	0.0179557	0.00781763	0.00540648	0.0384942	0.0227673	0.00874764	0.0215591	0.156539	0.00722173	0.0537437	0.0259634	0.218198	0.238012	0.0662139	0.00515799	0.0198293
31	0.00529737	0.000146755	0.000393232	0.000438284	0.43839	0.00054947	0.00647575	0.024276	0.000422274	0.056202	0.0196905	0.00243217	0.00218779	0.00266027	0.000503713	0.00102937	0.00221999	0.0142967	0.0168228	0.405566
32	0.0780215	0.000273776	0.0227662	0.00925945	0.012263	0.00134816	0.000547272	0.00273477	0.00967899	0.00705066	0.0062205	0.00169684	0.605643	0.0258436	0.0015202	0.115851	0.0567238	0.0277888	0.000434582	0.0143336
33	0.0400148	0.000111609	0.0093563	0.00355206	0.000279516	0.899893	0.000110385	0.000454519	0.00100587	0.00221411	0.000322814	0.00534162	0.000133287	0.002198	0.000214363	0.0287828	0.00520857	0.000570812	7.6232e-05	0.000159831
34	0.708404	0.0029236	0.00285988	0.00226671	0.000630548	0.0931137	0.00132747	0.00360457	0.000862328	0.00399114	0.0014462	0.00695458	0.00241953	0.00103157	0.00394444	0.116499	0.0145306	0.0325755	0.000191076	0.000424347
35	0.0403022	0.00085479	0.191179	0.00333047	0.00198771	0.0365396	0.00444113	0.00425003	0.0025586	0.00387975	0.00287723	0.147779	0.017114	0.00481111	0.00881203	0.419641	0.102987	0.00436226	0.000777711	0.00151512
36	0.490463	0.000549337	0.00127403	0.00153194	0.00144179	0.0249369	0.000564982	0.00488992	0.00127958	0.00289237	0.00177386	0.00905051	0.219855	0.00192112	0.0104653	0.151755	0.0541931	0.0200021	0.000427868	0.00073191
37	0.0826155	9.11097e-05	0.159035	0.403432	0.000415269	0.00921803	0.00295895	0.00423486	0.0665417	0.01048	0.00711449	0.0236618	0.00661633	0.125059	0.0279301	0.0298519	0.0273029	0.00882555	0.00195894	0.00265678
38	0.0748981	0.000545828	0.0245482	0.0327989	0.0017035	0.00205575	0.000639705	0.0495838	0.00136585	0.0208161	0.00213562	0.0179801	0.000762157	0.00234705	0.00922278	0.0177257	0.416466	0.322784	0.000502461	0.00111799
39	0.06148	0.00266139	0.000185301	0.000221547	0.0200168	0.00800837	0.000110957	0.268751	0.000263922	0.188685	0.0483271	0.000348912	0.000179197	0.00233642	0.00027843	0.00335296	0.00902942	0.384491	7.56818e-05	0.00119699
40	0.00908293	0.000626386	0.000213442	0.000279375	0.0218399	0.00101911	0.000109731	0.283859	0.000221536	0.467333	0.0572325	0.00110773	0.00038439	0.00122899	0.00039269	0.00290178	0.00560247	0.146345	5.08714e-05	0.000168909
41	0.0365884	0.0004296	0.038512	0.00818938	0.0110264	0.0385468	0.0072161	0.0158249	0.044532	0.00469141	0.0123819	0.457458	0.00187249	0.0140174	0.00617198	0.185675	0.0900486	0.0217645	0.00129667	0.00375642
42	0.0411686	0.000125146	0.00967169	0.00354636	0.000288009	0.894232	0.000160542	0.000657332	0.00120097	0.00286937	0.000345122	0.00575408	0.00013454	0.00266353	0.000261571	0.0303094	0.00572515	0.000636186	8.06485e-05	0.000169722
43	0.08857	0.000464618	0.000519241	0.0040437	0.00782036	0.00207586	0.000248252	0.293031	0.000916329	0.0382013	0.0174785	0.00148554	0.00154363	0.00434297	0.000643969	0.00286177	0.0482357	0.485546	0.000166646	0.00180518
44	0.0810346	0.000118323	0.157098	0.30149	0.000486713	0.00924784	0.00557726	0.00264748	0.0657904	0.00675399	0.00402517	0.0362053	0.101155	0.104722	0.0264013	0.052187	0.0275851	0.0121273	0.00266628	0.00267955
45	0.00415687	0.000570489	0.157193	0.00153655	0.00158099	0.353939	0.03219	0.00308354	0.0181392	0.00329109	0.00212025	0.351073	0.00106751	0.00744443	0.0335805	0.00367094	0.00393042	0.00359364	0.000447375	0.0173911
46	0.0286624	0.00207982	0.000702459	0.000965631	0.0160858	0.00327969	0.000410562	0.0799863	0.00113519	0.332843	0.448478	0.00104426	0.00059826	0.00919589	0.000912898	0.0117551	0.0160229	0.0439111	0.000233581	0.00169653
47	0.032477	0.000309151	0.0437271	0.0301427	0.00930845	0.00532918	0.00262081	0.128539	0.052787	0.264497	0.102259	0.0227636	0.000657797	0.0635076	0.0454584	0.0467764	0.0901688	0.0505117	0.000327701	0.00783104
48	0.0302005	0.00104438	0.00800152	0.0422679	0.0861649	0.010572	0.00733953	0.0338057	0.0237782	0.0490885	0.0275327	0.0634096	0.00709928	0.079008	0.0331132	0.134906	0.055639	0.0656726	0.0232137	0.218142
49	0.00829531	0.000868861	0.00197702	0.0029046	0.0978623	0.00358186	0.00161923	0.209039	0.0028034	0.089979	0.430502	0.00390858	0.00151805	0.0185134	0.00279711	0.0213889	0.0218599	0.0070948	0.000879719	0.0726073
50	0.0424394	0.000179441	0.0299535	0.0940146	0.00562176	0.0126467	0.0102867	0.0161722	0.125199	0.0150013	0.00741775	0.0406363	0.00344925	0.112411	0.0494002	0.226949	0.149495	0.0390112	0.000564889	0.0191515
51	0.473071	0.0117254	0.000312908	0.00131861	0.000426303	0.0523563	0.00018542	0.00253324	0.000849072	0.00125852	0.00291656	0.00363594	0.00139049	0.000505308	0.000810092	0.367134	0.055573	0.0234364	9.78113e-05	0.000463358
52	0.0372448	0.000142521	0.0254636	0.0271167	0.0168056	0.00960855	0.00654042	0.0364323	0.0254896	0.00974252	0.0186839	0.141427	0.00593166	0.0562624	0.0246927	0.230814	0.244921	0.0623603	0.00432892	0.0159922
53	0.0108335	0.00184448	0.00020974	0.000266657	0.00371606	0.000299097	0.000111814	0.473822	0.000218232	0.157624	0.0157678	0.000645476	0.00235061	0.00190785	0.00152398	0.00421472	0.0262387	0.296929	0.000651472	0.000824152
54	0.0351596	0.000143838	0.0260279	0.0261854	0.0171686	0.00791243	0.00519288	0.0394544	0.0232143	0.00850417	0.0223196	0.157735	0.00770161	0.0546997	0.0261631	0.215793	0.236712	0.0659231	0.00514518	0.0188435
55	0.0613569	0.00257143	0.000187819	0.000352931	0.0187091	0.00788861	9.7895e-05	0.273735	0.000325861	0.17578	0.0405684	0.000395284	0.000307235	0.00235814	0.000255027	0.00333749	0.0107054	0.400179	6.53296e-05	0.000822604
56	0.0178888	0.000783102	0.0132754	0.0320383	0.12124	0.00271257	0.000872652	0.0448059	0.0168621	0.0333116	0.0186216	0.0627494	0.00142664	0.0607496	0.04534	0.162905	0.105434	0.0670948	0.00541978	0.186469
57	0.0189102	0.0160742	0.000464089	0.000711677	0.817504	0.000775645	0.000286605	0.00764971	0.000543588	0.0929176	0.0181819	0.000758143	0.00036375	0.000852715	0.000611687	0.0084134	0.00161072	0.00722404	0.000165643	0.00598112
58	0.123931	0.000137075	0.182861	0.297632	0.00121923	0.0133989	0.00148266	0.00265941	0.0819233	0.00419135	0.00211386	0.0542877	0.00475579	0.0961752	0.0580381	0.0458846	0.024441	0.00325196	0.000617522	0.000998744
59	0.068225	0.000744492	0.00164355	0.0025192	0.00245826	0.00327727	0.00105717	0.147848	0.00229755	0.177067	0.00284418	0.0726432	0.193032	0.0738959	0.00256451	0.0754324	0.0397904	0.130551	0.00056153	0.001548
60	0.0356698	0.000222271	0.123169	0.0464781	0.000817459	0.605964	0.000747662	0.00157856	0.0119786	0.00221597	0.00100107	0.0609978	0.00121835	0.00563968	0.00464589	0.053329	0.0384497	0.00510575	0.000246644	0.00052499
61	0.117617	0.000550669	0.00171018	0.0031959	0.00730611	0.00625119	0.000808857	0.0974649	0.00192279	0.0365571	0.0480848	0.00665058	0.00223021	0.00598411	0.037122	0.12915	0.349127	0.132175	0.00335113	0.0127395
62	0.0182075	0.000151318	0.731567	0.0191987	0.00051473	0.00839027	0.000225196	0.000955082	0.000499431	0.00439423	0.000687924	0.156102	0.00299387	0.00171215	0.000591019	0.0412867	0.00959469	0.00239912	0.00016007	0.000368951
63	0.159225	0.000824569	0.0132671	0.00205958	0.00391291	0.042171	0.000893514	0.0951984	0.0138249	0.0741851	0.0269191	0.00298129	0.395716	0.0367762	0.00431095	0.0313965	0.0279673	0.0661133	0.000841727	0.00141553
64	0.0203908	0.000143969	0.74075	0.019671	0.000529421	0.00844184	0.000206214	0.000917191	0.000507256	0.00483277	0.000692752	0.147045	0.00271791	0.00194926	0.000554038	0.0387663	0.00869925	0.00264893	0.000147897	0.000387856
65	0.0444128	0.000175255	0.0220758	0.0341967	0.0123348	0.00755988	0.00322099	0.0893034	0.0459847	0.267855	0.108403	0.0223493	0.000449484	0.0855843	0.0312263	0.0396979	0.101939	0.0708713	0.000213462	0.0121458
66	0.600508	0.00082815	0.0426325	0.00667947	0.00224839	0.0690477	0.00376592	0.00366502	0.00209822	0.0211937	0.00329249	0.0960951	0.00103211	0.010924	0.00260556	0.105904	0.00523043	0.0201627	0.000773089	0.00131317
67	0.204946	0.000332998	0.00793473	0.0286244	0.00795393	0.0165048	0.00474764	0.0325299	0.0125459	0.0705033	0.0471345	0.0412823	0.000683359	0.1201	0.0337703	0.120227	0.161781	0.0567212	0.00678209	0.0248944
68	0.0759427	0.00511472	0.00912461	0.00448253	0.00697686	0.00910282	0.0143777	0.1843	0.00623286	0.0962823	0.0767468	0.023493	0.00487905	0.0231747	0.0185458	0.0611252	0.0830366	0.293093	0.000506383	0.00346198
69	0.0484798	0.000502026	0.111897	0.247639	0.00999096	0.00718938	0.00284403	0.00736201	0.066642	0.0799365	0.0228042	0.0614875	0.00150386	0.204646	0.0538619	0.0379771	0.0221573	0.0112569	0.000511456	0.00131064
70	0.0831203	0.00213296	0.00123889	0.0032353	0.00976359	0.00529382	0.000517244	0.225365	0.00117412	0.0560281	0.0203548	0.00440993	0.00139055	0.00397355	0.00250256	0.0206998	0.10704	0.447148	0.0025829	0.00202935
71	0.0151905	0.000405982	0.0249503	0.0404506	0.0098138	0.00424876	0.00186103	0.0134744	0.11839	0.059371	0.019592	0.0767311	0.0082073	0.28178	0.128062	0.084242	0.0875254	0.021525	0.000762009	0.00341639
72	0.0625804	0.000922215	0.180285	0.107137	0.00445804	0.0126312	0.0132603	0.0146058	0.0396426	0.027344	0.0219963	0.247693	0.00684849	0.0619757	0.046633	0.0616663	0.0596417	0.0238227	0.00075998	0.0060963
73	0.0373046	0.00134804	0.0174015	0.0175482	0.00178514	0.00478326	0.0147185	0.0133258	0.193762	0.0454528	0.0233078	0.0446499	0.0112585	0.0934587	0.374977	0.0285037	0.025847	0.0318791	0.00300643	0.0156818
74	0.0378646	0.000472639	0.000651694	0.0220724	0.0152903	0.00283882	0.000342441	0.258386	0.0201205	0.157184	0.0169814	0.00123649	0.000589438	0.0170143	0.00618889	0.00612864	0.031586	0.393187	0.00024306	0.0116208
75	0.126329	0.000286066	0.0407223	0.0146881	0.00428868	0.0514503	0.00174514	0.00855652	0.0243233	0.00315426	0.00513185	0.104261	0.00531231	0.0494791	0.0312844	0.435988	0.0753569	0.00825141	0.000208625	0.00918258
76	0.125141	0.000447534	0.001451	0.00416711	0.00204892	0.0312661	0.000966891	0.0596287	0.0771369	0.0952702	0.00319149	0.0280045	0.00101395	0.157585	0.133245	0.117194	0.102298	0.0577553	0.000459193	0.00172961
77	0.597076	0.00472068	0.000729049	0.00107413	0.00130911	0.0184176	0.000387626	0.0689649	0.000837427	0.0270654	0.00956229	0.000970286	0.000436121	0.00115144	0.00109574	0.0355647	0.0521064	0.177818	0.000237311	0.000475836
78	0.0422451	0.000422504	0.00235149	0.139958	0.0017889	0.00228209	0.000658918	0.0433068	0.0193002	0.147987	0.111462	0.0419122	0.000828118	0.122153	0.027762	0.015014	0.243421	0.0348303	0.00051669	0.00179938
79	0.00887195	0.000275615	0.0276375	0.0455542	0.00935439	0.0012955	0.000385288	0.0080344	0.139657	0.0637294	0.0210422	0.0540084	0.010908	0.313312	0.146735	0.0656747	0.0663193	0.0161016	0.000371167	0.000732465
80	0.00102921	0.000816552	0.000285031	0.000441518	0.0169492	0.000484653	0.00193386	0.0314102	0.000331404	0.868297	0.0587277	0.000402733	0.000159261	0.00214907	0.000354319	0.000840613	0.000991085	0.0140772	9.11272e-05	0.000227819
81	0.0130374	0.00436439	0.000376981	0.000394113	0.00139508	0.000530416	0.000199764	0.00169621	0.00291658	0.0062475	0.00147966	0.00248871	0.924335	0.00062424	0.00051212	0.00474757	0.0208032	0.0134641	0.000123445	0.000263822
82	0.175755	0.000232175	0.161752	0.245661	0.00506854	0.0281177	0.000294452	0.0329973	0.000698874	0.0146085	0.00106158	0.000936942	0.0341395	0.0954154	0.0049923	0.123313	0.0387303	0.0353814	0.000261055	0.000583325
83	0.175833	0.000234509	0.161793	0.245785	0.00506619	0.0281218	0.000296418	0.0330109	0.000698874	0.0146008	0.00106107	0.000938765	0.0341591	0.0953447	0.00497904	0.123172	0.0386739	0.0353935	0.00026107	0.000575293
84	0.215695	0.00827406	0.00079224	0.00267855	0.0162472	0.01695	0.000496471	0.157191	0.000989399	0.0798555	0.0521768	0.00345169	0.00246614	0.00311779	0.00227053	0.048744	0.0678651	0.313697	0.00217019	0.00487128
85	0.00608024	0.000576445	0.0157503	0.0171807	0.00336929	0.00243189	0.000934789	0.0614408	0.0945221	0.0501814	0.0257154	0.0533656	0.0116029	0.226152	0.181334	0.0103362	0.166235	0.0709279	0.000525395	0.00133702
86	0.0733855	0.00124236	0.0958171	0.149733	0.179146	0.0622561	0.00187797	0.0069713	0.00345498	0.00733804	0.00535277	0.00509224	0.00222712	0.15544	0.0219044	0.00899141	0.0479559	0.0282477	0.0192696	0.124296
87	0.00623661	6.60634e-05	0.000178352	0.000189454	0.018714	0.000360166	9.06304e-05	0.260314	0.000197653	0.508208	0.0487833	0.00106027	0.000476039	0.00105785	0.000232793	0.00239737	0.00327675	0.147973	4.88566e-05	0.000138322
88	0.13298	0.00026159	0.0372736	0.0169502	0.00829693	0.068488	0.00184206	0.0134726	0.0196025	0.00326759	0.00418223	0.105623	0.00489323	0.0344083	0.0284394	0.399682	0.0919518	0.00903223	0.000308603	0.0190433
89	0.025349	0.000484967	0.214854	0.0209425	0.00342211	0.0457378	0.00603181	0.0052651	0.024784	0.00501368	0.00416517	0.410704	0.00330228	0.0104208	0.00476954	0.158876	0.0473	0.00647945	0.000633567	0.0014633
90	0.00636389	0.000167127	0.000435038	0.000663434	0.417829	0.000708112	0.00600063	0.0248919	0.000498197	0.0612673	0.019219	0.00245389	0.00290633	0.00271866	0.000695688	0.00136592	0.00326671	0.0130767	0.0240321	0.411441
91	0.255668	0.00456179	0.000288388	0.000290771	0.0448963	0.0643244	0.000147599	0.113828	0.000284025	0.244038	0.0335273	0.00203546	0.00179427	0.000405173	0.00156759	0.0174203	0.0196689	0.187782	0.00465301	0.00281928
92	0.11741	0.000552962	0.047028	0.162701	0.00219716	0.0120097	0.000841704	0.0134999	0.0515329	0.0161424	0.0322057	0.0179286	0.0618635	0.1372	0.115967	0.0524345	0.0807519	0.0754094	0.000752657	0.00157018
93	0.00645396	0.000184428	0.0001883	0.000191895	0.0189598	0.000417614	9.71964e-05	0.262343	0.000191264	0.506388	0.0480898	0.00102129	0.000463785	0.00102803	0.00024647	0.00248709	0.00348965	0.147575	5.05692e-05	0.000132316
94	0.128991	0.000647496	0.00198812	0.0142417	0.00239942	0.0360976	0.00154666	0.0139352	0.177824	0.0760575	0.00260124	0.0080112	0.00108437	0.112486	0.114807	0.19259	0.0670081	0.0450812	0.000509569	0.00209389
95	0.0559474	0.000379824	0.0175457	0.0329785	0.00208415	0.0136369	0.0110656	0.0105324	0.144308	0.0290372	0.01197	0.0279253	0.0104298	0.115587	0.323962	0.0878006	0.0584285	0.030982	0.00248949	0.0129102
96	0.0168046	0.00172842	0.000227106	0.00105044	0.0026732	0.000520536	0.000158654	0.35004	0.00107753	0.203527	0.0101777	0.000500414	0.00208174	0.00369101	0.0015977	0.00500822	0.0306095	0.367875	0.000119992	0.000531914
97	0.0759022	0.000197581	0.122775	0.164829	0.000580874	0.0109949	0.0108546	0.000968685	0.0646886	0.00366446	0.00076896	0.0587649	0.249647	0.0708629	0.0235139	0.0846676	0.0313343	0.0208336	0.00120958	0.00294154
98	0.0400234	0.000141448	0.00941117	0.00359435	0.000285893	0.899361	0.000111782	0.00046747	0.00103373	0.00236131	0.000321429	0.00541665	0.000144869	0.00220983	0.000222405	0.0287894	0.00521024	0.000649375	7.68672e-05	0.000167861
99	0.0463017	0.00135597	0.000374308	0.000773204	0.0131535	0.00470141	0.00019683	0.249111	0.000353538	0.116591	0.0785624	0.000787503	0.00059439	0.00159583	0.000676829	0.00350129	0.0155263	0.462721	0.000304264	0.00281721
100	0.468292	0.00401986	0.00394455	0.00512116	0.00156844	0.202191	0.00135883	0.00237247	0.00160398	0.00589365	0.00249858	0.0137007	0.00148131	0.00326	0.00153731	0.23453	0.0298527	0.0159691	0.000195363	0.000609477
101	0.0676483	0.00023826	0.135273	0.221335	0.00554254	0.0186321	0.00210129	0.00205154	0.0864553	0.0111781	0.00256386	0.0652077	0.00155038	0.137866	0.113699	0.0912996	0.0345418	0.00197839	0.000251302	0.000587256
102	0.0396918	0.000909486	0.00433423	0.0322088	0.145711	0.00879089	0.0783612	0.0546563	0.110316	0.0371518	0.0102291	0.0411215	0.0405312	0.0655965	0.0649472	0.0252141	0.0383207	0.0527878	0.00276446	0.146355
103	0.584103	0.00232627	0.00210889	0.00431734	0.000523968	0.0934691	0.00114307	0.00103268	0.000642333	0.00366604	0.00194542	0.00778463	0.000512135	0.000688241	0.00132326	0.260313	0.0203909	0.0131805	0.000149975	0.000379026
104	0.0387499	0.00381023	0.000416496	0.000494958	0.0687325	0.0037621	0.000243221	0.139806	0.000635558	0.389271	0.14331	0.00239862	0.00100239	0.00142443	0.000602575	0.00954317	0.0254118	0.146272	0.00529203	0.0188211
105	0.0126329	0.000416808	0.0166758	0.0118783	0.00162737	0.00311789	0.0100976	0.00545691	0.0885931	0.0139606	0.0109048	0.0337533	0.0131797	0.0676092	0.649298	0.0161362	0.0203465	0.00880842	0.00295663	0.0125501
106	0.0077311	0.000915408	0.000205242	0.000264016	0.00537962	0.000312766	9.69648e-05	0.577304	0.000201396	0.0512359	0.0133809	0.000696699	0.0011158	0.00183778	0.000270963	0.00195549	0.0122011	0.321451	0.00243808	0.00100565
107	0.0363168	0.00224361	0.0630173	0.0945814	0.00936954	0.0130359	0.00954614	0.0204912	0.0617892	0.020788	0.0131988	0.0235594	0.0106603	0.0738171	0.0166712	0.0907032	0.0831617	0.0666027	0.281058	0.00938892
108	0.0210046	0.00145335	0.000512647	0.000601554	0.0353695	0.00210575	0.000177388	0.185147	0.000482734	0.434721	0.113292	0.00171152	0.00282328	0.00108403	0.000675109	0.00385982	0.0108727	0.1717	0.00240467	0.0100023
109	0.0314625	0.000315512	0.253822	0.066553	0.000937236	0.00712428	0.00531066	0.0016926	0.0659326	0.00802502	0.00772468	0.386637	0.00474109	0.0653571	0.0605074	0.0172896	0.00822961	0.00222528	0.000296933	0.00581539
110	0.181265	0.00061831	0.00196622	0.00141324	0.00172239	0.0113307	0.00067918	0.0590403	0.00207838	0.00560721	0.00323554	0.00237081	0.560214	0.00390636	0.02417	0.0565959	0.0222591	0.0600761	0.000425502	0.00102609
111	0.064964	0.000107414	0.285236	0.189226	0.00236383	0.0150588	0.0102755	0.0147019	0.0269752	0.0109551	0.00880134	0.113552	0.0111178	0.0717892	0.0192726	0.0523047	0.0633668	0.0368686	0.000113702	0.00294888
112	0.0596567	0.000327332	0.00108617	0.015056	0.00126485	0.00298936	0.00161443	0.00806479	0.447903	0.039454	0.0199998	0.00435149	0.000610851	0.0913717	0.250569	0.0158846	0.0223258	0.0162265	0.000361852	0.000882558
113	0.0277138	0.0024389	0.000645309	0.000718728	0.0156912	0.00337959	0.000358797	0.0681412	0.00111146	0.39439	0.403961	0.000924929	0.00048453	0.00931305	0.000778777	0.0099271	0.0165876	0.0425475	0.0002118	0.000674494
114	0.182802	0.000225183	0.010229	0.027239	0.0104663	0.0143357	0.00649734	0.0425823	0.0198313	0.0665642	0.0394101	0.0421434	0.000547439	0.0997816	0.0481496	0.134561	0.16216	0.0628722	0.00224466	0.0273572
115	0.138793	0.000486376	0.000913746	0.0037602	0.0257754	0.0292592	0.00154507	0.189213	0.000913086	0.10623	0.0569946	0.0182833	0.0122869	0.00734378	0.0129421	0.0705389	0.0542074	0.260415	0.00053774	0.00956181
116	0.490463	0.000549337	0.00127403	0.00153194	0.00144179	0.0249369	0.000564982	0.00488992	0.00127958	0.00289237	0.00177386	0.00905051	0.219855	0.00192112	0.0104653	0.151755	0.0541931	0.0200021	0.000427868	0.00073191
117	0.417813	0.00814871	0.00132387	0.00190848	0.0076464	0.0842601	0.000439281	0.0340092	0.00548469	0.0279087	0.0124983	0.00243491	0.0176594	0.00339332	0.00303674	0.20108	0.0774218	0.0921211	0.000261953	0.00114932
118	0.0409003	0.000124054	0.00933495	0.00359305	0.000291849	0.898651	0.000109637	0.000454634	0.000999247	0.0022075	0.000326528	0.0053098	0.000132058	0.00218679	0.000218865	0.0290165	0.00533479	0.000570606	7.70751e-05	0.000161257
119	0.0511504	0.000238047	0.0225903	0.0870077	0.00503925	0.0128996	0.01127	0.0134236	0.138147	0.0153958	0.0050186	0.0305055	0.00301647	0.126386	0.102571	0.19313	0.117694	0.0431094	0.000563493	0.0208437
120	0.0360257	0.000408845	0.0532651	0.0816868	0.00382162	0.00340101	0.0008006	0.00519184	0.15059	0.0363022	0.0121131	0.0446074	0.0391569	0.228037	0.152736	0.0673669	0.052132	0.0305745	0.000468397	0.00131355
121	0.0481073	0.000880545	0.128748	0.00620651	0.0059104	0.22287	0.0136338	0.00616522	0.00495153	0.00587457	0.00582787	0.0782489	0.031254	0.00857029	0.0263983	0.281311	0.115331	0.00695832	0.00068804	0.00206405
122	0.0203266	0.000159712	0.0273498	0.0193522	0.000556759	0.00445549	0.0131798	0.00664229	0.120572	0.0216198	0.017949	0.0388007	0.018641	0.114923	0.48115	0.0263959	0.0304014	0.0126939	0.00531289	0.019517
123	0.0262099	0.00496358	0.00113699	0.00152443	0.263825	0.00231455	0.000535605	0.0499855	0.00168232	0.435185	0.0647895	0.0121258	0.000575245	0.00866429	0.00945155	0.00953575	0.0134374	0.0376522	0.0019854	0.0544202
124	0.0423969	0.000174695	0.0306697	0.0873185	0.00668089	0.0117824	0.00956851	0.0195293	0.117464	0.0161188	0.00940223	0.0502626	0.00414559	0.104076	0.0443924	0.227697	0.158922	0.0422774	0.000788017	0.0163333
125	0.0881915	7.51511e-05	0.159747	0.405335	0.000315717	0.0107215	0.00363038	0.00416961	0.0636325	0.00879934	0.00603748	0.025116	0.00736431	0.117532	0.0270413	0.0327649	0.0270078	0.00799971	0.00192432	0.00259458
126	0.0632083	0.000281396	0.147259	0.431935	0.00410136	0.00588363	0.000321198	0.00159216	0.000853658	0.0019353	0.00106015	0.00120103	0.00227	0.286755	0.000975044	0.00551293	0.0351961	0.00890254	0.000199472	0.000556782
127	0.00547007	0.000151924	0.000422723	0.000469745	0.439729	0.000700927	0.00644487	0.0252441	0.000420953	0.0568992	0.0194585	0.00258901	0.00213969	0.00255503	0.000702369	0.00110011	0.00273836	0.0156316	0.0163853	0.400746
128	0.105272	0.000753697	0.0158955	0.313651	0.00170553	0.265293	0.000557936	0.00288571	0.0525418	0.0102972	0.00924847	0.0295702	0.000775931	0.0309203	0.0772283	0.0670611	0.00398575	0.0032724	0.000418083	0.00866656
129	0.0352101	0.000323491	0.240079	0.0717758	0.000864644	0.00804794	0.00442401	0.00161923	0.0638824	0.00724547	0.00687777	0.396435	0.00511261	0.0671929	0.0574329	0.0177042	0.00858435	0.00205489	0.000265734	0.00486781
130	0.00968758	0.00100549	0.000167709	0.000277004	0.00291281	0.000345303	8.15376e-05	0.535123	0.000245341	0.0655914	0.0171188	0.000689636	0.00208072	0.00301117	0.000260022	0.00258335	0.01749	0.338929	0.00128314	0.0011166
131	0.0225945	0.000789477	0.000255876	0.000744954	0.00269257	0.000562551	0.000146875	0.461708	0.000473524	0.0617597	0.0182926	0.00103101	0.00517541	0.00398936	0.000462793	0.00400883	0.0238003	0.389327	0.000825585	0.00135854
132	0.0106105	0.00313918	0.000244095	0.000412265	0.00603918	0.000428512	0.000127781	0.387354	0.000385525	0.277621	0.0132985	0.00042948	0.00293289	0.00126547	0.0032302	0.00623978	0.0281578	0.257734	0.000128277	0.000220975
133	0.0171618	0.00176106	0.000273227	0.00120319	0.00277948	0.000563585	0.000166029	0.340846	0.00117058	0.207123	0.00977995	0.00049768	0.00201137	0.00373871	0.00163617	0.00488802	0.0307057	0.373055	0.000125316	0.000514608
134	0.00347354	0.00729203	0.00118106	0.001155	0.0305418	0.00174364	0.0772555	0.00246815	0.0990676	0.0718392	0.00201202	0.00207667	0.000854028	0.0104656	0.631699	0.00323005	0.00318258	0.0164861	0.000429849	0.0335465
135	0.00604689	6.7864e-05	0.000180564	0.000195929	0.0184702	0.000339602	9.76004e-05	0.260008	0.00019795	0.509571	0.0485026	0.00105356	0.000477285	0.00105087	0.000236332	0.00234773	0.00317351	0.147797	4.7772e-05	0.00013748
136	0.0182183	0.000477009	0.00823644	0.00845506	0.00136486	0.108353	0.00818817	0.00262269	0.430924	0.00273978	0.0018233	0.0302847	0.000889158	0.0152539	0.26293	0.0910747	0.00364039	0.00311479	0.000472577	0.000937813
137	0.0198746	0.000142494	0.736654	0.0198525	0.000531238	0.00837991	0.000249534	0.000939046	0.000905307	0.00468111	0.000710582	0.150048	0.00279162	0.00218364	0.000836892	0.0392342	0.00887039	0.00255344	0.00014765	0.000413632
138	0.00607582	0.000149329	0.000266557	0.000255536	0.000637034	0.000397473	0.000126465	0.13742	0.000264838	0.0322603	0.00490262	0.000392965	0.000158867	0.000427906	0.000339867	0.000706892	0.00970857	0.80524	7.02065e-05	0.000198806
139	0.396047	0.00407137	0.00194748	0.00788786	0.00259081	0.471801	0.00041765	0.00211439	0.000857967	0.00244633	0.00156965	0.00217881	0.000470435	0.00161755	0.000873419	0.0704956	0.0293852	0.00242782	0.000231469	0.000568345
140	0.00944234	0.000847847	0.0558227	0.0530614	0.00247202	0.0044949	0.0156027	0.0269556	0.151837	0.00812699	0.00624532	0.0932263	0.00457405	0.0339117	0.393527	0.0223386	0.103752	0.00719201	0.00159073	0.00497953
141	0.0268842	0.000428798	0.000238624	0.000937516	0.00167767	0.00046346	0.000134409	0.329483	0.000569443	0.0610545	0.0115955	0.000777401	0.00159316	0.00247589	0.000355331	0.00214721	0.0216586	0.536116	0.00031165	0.00109772
142	0.0438945	0.000132818	0.0867763	0.615428	0.0026147	0.012006	0.00538079	0.00519789	0.0278369	0.013997	0.00263959	0.0156557	0.00263377	0.0923947	0.0105621	0.0326665	0.0151705	0.00682243	0.000893009	0.00729715
143	0.00905597	0.000437639	0.0117892	0.0216799	0.0486347	0.002114	0.000716383	0.234847	0.0135811	0.32966	0.0841305	0.0123774	0.000794766	0.02996	0.0154251	0.00862041	0.0296355	0.139824	0.000775532	0.00594125
144	0.0464754	0.000165882	0.0138865	0.00615968	0.000283693	0.876427	0.000116369	0.00052907	0.00141807	0.00257428	0.000353376	0.00881703	0.000147306	0.00226974	0.000326762	0.0318532	0.00720655	0.000732498	8.35686e-05	0.000173919
145	0.396941	0.000457339	0.0260637	0.00366399	0.00197841	0.0581632	0.000925082	0.00469728	0.0246826	0.00302538	0.00232365	0.0270566	0.0230563	0.0552372	0.0257567	0.243191	0.066647	0.0269264	0.000412045	0.00879549
146	0.272474	0.0165604	0.000605238	0.000848848	0.0130235	0.0396791	0.000277535	0.0998326	0.000992745	0.0551068	0.0299613	0.000821453	0.00197084	0.00123131	0.00154159	0.147737	0.109403	0.207376	0.00018108	0.000375525
147	0.271601	0.000335456	0.00112959	0.000589077	0.0178192	0.283342	0.000218279	0.0508477	0.000739836	0.0860888	0.0267641	0.0155275	0.0230084	0.0131126	0.000590228	0.0658357	0.0427847	0.0963037	0.000167078	0.0031952
148	0.0329652	0.00664581	0.000391482	0.000632306	0.0515383	0.00681376	0.000143247	0.278722	0.000385962	0.32185	0.111305	0.00125151	0.000655553	0.00111596	0.00111064	0.00555514	0.0179694	0.153332	0.00160704	0.00600954
149	0.274938	0.000276747	0.0011646	0.000590595	0.0170546	0.290571	0.000205654	0.0499496	0.00055761	0.0876712	0.0267319	0.0153372	0.0224601	0.013416	0.000617156	0.0589725	0.0407043	0.0956552	0.000173415	0.00295273
150	0.00876858	0.00083673	0.000169984	0.000195685	0.00330205	0.000257835	7.9219e-05	0.552455	0.000159881	0.0590691	0.0158008	0.000806791	0.00184006	0.00242151	0.000219642	0.00244854	0.0166445	0.331706	0.00150451	0.00131323
151	0.0233952	0.000526844	0.00511771	0.0203182	0.149529	0.00218057	0.00176925	0.0423747	0.0427295	0.0295907	0.0275207	0.058784	0.00218056	0.117838	0.0489472	0.106605	0.0867504	0.0457255	0.002785	0.185333
152	0.185319	0.00020297	0.00964861	0.0257922	0.00955561	0.015058	0.00591256	0.0410026	0.015535	0.0690085	0.0420232	0.0408595	0.000458186	0.105988	0.0443247	0.137603	0.160463	0.0617951	0.00277517	0.026675
153	0.0882023	0.000298333	0.0213063	0.0106896	0.0111908	0.00135541	0.000532894	0.00282683	0.0115581	0.00757895	0.00679177	0.00144521	0.591057	0.0244927	0.00146632	0.130809	0.043352	0.0269986	0.000342194	0.0177062
154	0.0359728	0.000217996	0.135928	0.0553242	0.000864169	0.555508	0.00179486	0.00252971	0.0134433	0.00282941	0.0016116	0.0643472	0.00265272	0.010186	0.00750221	0.0545338	0.0449801	0.0087281	0.000264567	0.000781437
155	0.482933	0.00958414	0.000259614	0.00146758	0.000331208	0.0589257	0.000157654	0.00102725	0.000653393	0.000837349	0.00270766	0.00422289	0.000547004	0.000473573	0.000731065	0.372602	0.0460205	0.0161578	0.000110883	0.000250023
156	0.0115245	0.00115296	0.0300908	0.00429998	0.00333869	0.0153996	0.00920434	0.00571372	0.00802286	0.00655933	0.0057258	0.801527	0.00133728	0.00823019	0.00362511	0.0298921	0.037891	0.0136866	0.000862462	0.00191529
157	0.236046	0.00257676	0.0015496	0.00351603	0.0150394	0.106059	0.000980247	0.0937047	0.00266418	0.0834081	0.0424103	0.0120791	0.0236462	0.0144433	0.00621769	0.125627	0.0846282	0.140392	0.000813901	0.00419801
158	0.0102675	0.000434117	0.00455987	0.0118408	0.0180086	0.00218007	0.00176444	0.214476	0.0298285	0.336679	0.0753238	0.0187706	0.000658535	0.0341031	0.0169795	0.0208867	0.0355019	0.156286	0.000441882	0.0110096
159	0.117687	0.000119813	0.201417	0.337654	0.000774693	0.011814	0.00215047	0.00302142	0.0652792	0.00650821	0.00318643	0.0482718	0.00509403	0.0938045	0.0385048	0.0374583	0.0201323	0.00467087	0.000941024	0.00150898
160	0.100274	0.0006856	0.0105253	0.0140114	0.00200845	0.00301016	0.000779119	0.0629821	0.00159631	0.0390241	0.00719155	0.00814299	0.000799325	0.00273935	0.0050855	0.0307096	0.354494	0.354163	0.000628843	0.00114903
161	0.0203185	0.00119279	0.00034661	0.000431234	0.157934	0.00682684	0.000175413	0.117215	0.000420592	0.470941	0.140856	0.000754602	0.000241517	0.000804744	0.000637751	0.0029399	0.00530242	0.0458749	0.0156104	0.0111756
162	0.0141417	0.00430303	0.000413474	0.000407571	0.0014209	0.000571195	0.000208349	0.00204749	0.00293437	0.00622215	0.00148182	0.00248415	0.921852	0.000665701	0.000683138	0.00523563	0.0208653	0.0136316	0.000128607	0.000301956
163	0.076098	0.000197545	0.12282	0.164742	0.000572141	0.0110144	0.0108885	0.000971213	0.0647773	0.00366965	0.000771657	0.0586281	0.249568	0.071016	0.0234982	0.0844948	0.0312852	0.0208407	0.00120958	0.0029372
164	0.0354644	0.000242619	0.124639	0.0469569	0.000846249	0.614557	0.000489912	0.00142411	0.0115941	0.0020409	0.00100189	0.0629786	0.000510206	0.00481098	0.0040226	0.0491121	0.0336646	0.00484482	0.000266079	0.000533081
165	0.0310409	0.00133215	0.000493757	0.000567654	0.0173924	0.00191996	0.000331075	0.213574	0.000648766	0.293328	0.187457	0.00137314	0.00155658	0.000994327	0.00105643	0.00309124	0.00825604	0.220432	0.00169003	0.0134649
166	0.0449756	0.000186712	0.142055	0.279013	0.00136204	0.0273696	0.0287279	0.0221591	0.135777	0.00445897	0.00224813	0.0517635	0.00121061	0.0631634	0.01656	0.0896138	0.0558568	0.0276547	0.00056805	0.00527633
167	0.472351	0.0100687	0.000962189	0.00297568	0.000392732	0.0537158	0.000202814	0.00174152	0.00092161	0.00112565	0.00283856	0.00644896	0.00138517	0.00189225	0.00122505	0.367386	0.0545338	0.0191447	0.000135205	0.000552327
168	0.0094183	0.00156879	0.000462601	0.00123396	0.0130965	0.00211943	0.000211265	0.596591	0.000585312	0.109104	0.0768533	0.00205323	0.000404064	0.00227846	0.0026617	0.00202299	0.0170484	0.161357	0.000463045	0.000466
169	0.0374988	0.000237919	0.139262	0.202076	0.00448505	0.0207077	0.0963129	0.00905521	0.11008	0.00919568	0.00874901	0.121543	0.000564584	0.0646378	0.0722096	0.066059	0.0265885	0.00591686	0.000301283	0.00452007
170	0.0589121	0.000158166	0.137053	0.317054	0.00111699	0.0273811	0.0251482	0.0177417	0.111689	0.00439508	0.00260948	0.0549544	0.00238358	0.0709826	0.0185511	0.0784416	0.0456529	0.0213011	0.000536954	0.003937
171	0.00626582	0.000152111	0.000269007	0.000261143	0.000654552	0.000414475	0.000126119	0.137603	0.000264385	0.0322897	0.00495397	0.000394168	0.000159866	0.000436981	0.000340775	0.000718411	0.00977517	0.804651	7.02056e-05	0.000198828
172	0.0267415	0.000295291	0.00113624	0.0438318	0.0330819	0.00513056	0.000353219	0.248929	0.0372258	0.186898	0.0271217	0.00183101	0.000414894	0.0284777	0.0128409	0.00993472	0.0313057	0.276638	0.000250333	0.0275632
173	0.0247015	0.000524322	0.0143219	0.0597619	0.024238	0.00318893	0.249636	0.0375675	0.172101	0.010018	0.0217197	0.0290855	0.00212438	0.0717669	0.0662602	0.0615076	0.0574442	0.0539277	0.000550042	0.039555
174	0.112319	0.00277914	0.00380956	0.0214489	0.00229657	0.00822426	0.00160995	0.0150528	0.00412552	0.00685231	0.0103157	0.014843	0.00246367	0.010524	0.00339972	0.183918	0.539625	0.054318	0.000562799	0.00151179
175	0.0016257	0.000857837	0.00028081	0.000424925	0.0266196	0.000517705	0.00178079	0.0347413	0.000394254	0.854927	0.0551346	0.000713489	0.000195502	0.00217931	0.000667516	0.00108924	0.00108806	0.0153887	0.000120061	0.00125299
176	0.0856231	0.0221232	0.000305998	0.000357775	0.197778	0.018702	0.000179881	0.173214	0.000289555	0.23459	0.0363107	0.000462856	0.00213892	0.000443655	0.00591205	0.00993209	0.0182804	0.187249	0.00350742	0.00259938
177	0.00894888	0.00129884	0.0573677	0.56432	0.00345537	0.00413671	0.00161664	0.126335	0.00341151	0.0591255	0.00472044	0.00438639	0.00193668	0.0411892	0.00363378	0.0079869	0.00847696	0.0941027	0.00113883	0.00241211
178	0.56306	0.0167035	0.000289927	0.00117194	0.000691218	0.0440737	0.000166843	0.00898037	0.00223255	0.00285597	0.00379073	0.000954434	0.00593403	0.000787112	0.00308662	0.207583	0.0756116	0.0608032	8.01653e-05	0.00114326
179	0.0567511	0.00203639	0.000383271	0.000403117	0.0463143	0.0201539	0.000172697	0.297341	0.000391475	0.139366	0.0643823	0.00104463	0.000488013	0.00151973	0.000815935	0.0122556	0.0243786	0.330778	0.00017715	0.000847429
180	0.0657802	0.002341	0.000211374	0.000224659	0.0256002	0.00924021	0.000108227	0.270546	0.000246978	0.189365	0.0417089	0.000384453	0.000141008	0.00212456	0.00033703	0.00436549	0.00860075	0.377825	0.00014281	0.000706549
181	0.00456635	0.000495606	0.000325576	0.000365267	0.0193979	0.000682533	0.00118801	0.100535	0.000281455	0.748469	0.0590445	0.000595707	0.000233088	0.00171459	0.000325395	0.00160391	0.00277004	0.0560888	0.000413315	0.000903833
182	0.0070478	0.00014532	0.000294814	0.000346661	0.000748993	0.000426512	0.000222639	0.136207	0.000330042	0.0320851	0.00508064	0.000549487	0.000159537	0.00081437	0.000442891	0.000737092	0.0104311	0.803615	8.16252e-05	0.000233253
183	0.0652605	0.00194358	0.000482864	0.000682598	0.0578536	0.027769	0.000213972	0.302455	0.000518029	0.110288	0.0529901	0.00167542	0.000692552	0.00149342	0.00129223	0.0192093	0.0320754	0.321348	0.000574191	0.00118247
184	0.0534635	0.0131434	0.000329922	0.000387142	0.0634327	0.00834113	0.000177176	0.216908	0.000410961	0.424542	0.040677	0.0007615	0.000395709	0.000666285	0.000786114	0.0130022	0.0235375	0.136694	0.000616627	0.00172705
185	0.00644539	0.00015524	0.000264414	0.000267746	0.000652148	0.000399972	0.000124711	0.138591	0.000265427	0.0321412	0.00501342	0.000393531	0.000172491	0.00043313	0.000336949	0.000715867	0.00982123	0.803527	7.46413e-05	0.000204368
186	0.0187044	0.0104746	0.00446557	0.00262297	0.0090114	0.00288405	0.00207782	0.360178	0.000781072	0.121662	0.0590877	0.00539771	0.0015439	0.00607828	0.00266628	0.0184101	0.0835387	0.289245	0.000470115	0.000700387
