558	20
1	0.0490029	0.00445738	0.00321543	0.00377052	0.0301525	0.00739421	0.00239148	0.222654	0.00613236	0.392075	0.0549463	0.00379637	0.00551153	0.0155249	0.0120041	0.015397	0.0166483	0.148503	0.00119901	0.00522439
2	0.177623	0.00676889	0.0157611	0.0203491	0.0134078	0.0342261	0.00854278	0.175265	0.0130326	0.0866832	0.0328365	0.0174799	0.0111206	0.0270765	0.0150614	0.0656295	0.0575255	0.212027	0.00272979	0.00685424
3	0.134564	0.00185716	0.00604783	0.0924503	0.00677554	0.200358	0.0344034	0.0319653	0.0139651	0.0059637	0.00954049	0.0224349	0.0389988	0.0547169	0.00837207	0.0870782	0.105161	0.137888	0.000974149	0.00648574
4	0.0201213	0.00281292	0.00185999	0.00270538	0.0115468	0.0166701	0.00218986	0.0444174	0.0101821	0.657761	0.147801	0.0038277	0.00190988	0.00783303	0.00385864	0.015544	0.0207355	0.0253969	0.000480372	0.00234708
5	0.0627055	0.00623016	0.00477249	0.00257759	0.0119717	0.00275429	0.00339955	0.338896	0.00372909	0.0582824	0.0256207	0.00364115	0.00865257	0.00329159	0.00338139	0.0135974	0.0211805	0.422077	0.000430388	0.00280877
6	0.0468061	0.00609815	0.213167	0.0394373	0.00422717	0.0279581	0.0232286	0.00408088	0.0395606	0.0135307	0.0125459	0.329442	0.0101891	0.0164359	0.00907006	0.133275	0.0561454	0.00807593	0.00256889	0.00415785
7	0.00891955	0.00286865	0.00751708	0.0270234	0.00105391	0.0181248	0.00874443	0.00362671	0.417847	0.00789926	0.00808463	0.0183369	0.00764234	0.028959	0.36726	0.0301798	0.0251846	0.00713586	0.00201566	0.00157647
8	0.0132829	0.00385998	0.000709115	0.000848608	0.0330716	0.00391101	0.000661656	0.291285	0.00161066	0.477217	0.0418717	0.00105367	0.00541608	0.00663237	0.00753893	0.0028108	0.00778461	0.0964232	0.000345354	0.00366586
9	0.0563419	0.00853053	0.0256513	0.0349321	0.0325985	0.0198199	0.0199879	0.0836103	0.0524409	0.245864	0.0475119	0.0236752	0.0124905	0.117549	0.0535189	0.0472326	0.0434654	0.0545132	0.00264585	0.0176205
10	0.0321137	0.00240481	0.0551117	0.128075	0.00264316	0.029363	0.0355753	0.00496055	0.0767747	0.00876444	0.0207591	0.020228	0.0292265	0.350635	0.149213	0.0271255	0.015184	0.00764134	0.00103233	0.00316928
11	0.226417	0.0072487	0.0168653	0.0385613	0.00944964	0.143604	0.0192999	0.0741229	0.0191899	0.0385855	0.0361984	0.0299505	0.0155907	0.0398461	0.021051	0.102635	0.078716	0.0707716	0.00428149	0.00761549
12	0.0725909	0.100556	0.00897845	0.0159973	0.0984931	0.0440311	0.017502	0.021498	0.0251265	0.0902668	0.0138099	0.0268172	0.00536941	0.0210022	0.0270408	0.208738	0.117399	0.0368106	0.00371476	0.0442573
13	0.288035	0.0165116	0.014768	0.0178529	0.00670072	0.0401618	0.00739362	0.0148725	0.015788	0.0236703	0.017245	0.0249859	0.00762807	0.0320159	0.0200273	0.262554	0.155018	0.0284273	0.00232585	0.00401786
14	0.338704	0.00118135	0.0242242	0.00726358	0.0103979	0.0149724	0.00247248	0.083223	0.00584629	0.0872244	0.0460779	0.00394856	0.0189597	0.0151535	0.00740987	0.0923698	0.0416821	0.190065	0.000875718	0.00794861
15	0.0141744	0.00456488	0.00087132	0.00124618	0.043744	0.00415506	0.000713187	0.276823	0.00182399	0.479621	0.0403697	0.00112151	0.00562878	0.00551321	0.00645514	0.00251419	0.00717905	0.0975375	0.000220459	0.00572381
16	0.215125	0.00376438	0.029313	0.0925174	0.00733999	0.270382	0.0123546	0.0191339	0.0157375	0.0178082	0.0128068	0.028408	0.0129315	0.0344425	0.0210075	0.104204	0.0547993	0.0387123	0.00532995	0.00388242
17	0.0268357	0.00406239	0.16706	0.101055	0.0504683	0.0309401	0.0809111	0.0127859	0.0169776	0.0402352	0.00658051	0.0548043	0.0219778	0.120839	0.0531476	0.0276098	0.0294205	0.0208065	0.00273728	0.130745
18	0.0215102	0.000837843	0.031399	0.00897201	0.0148927	0.0276053	0.494677	0.0239988	0.0266656	0.00217661	0.00148165	0.104553	0.00755945	0.0122845	0.00839362	0.0269572	0.00923866	0.00218905	0.000454383	0.174153
19	0.0358156	0.0548083	0.0129202	0.0190108	0.146923	0.0199905	0.0130322	0.0508042	0.0400523	0.26238	0.0288949	0.0149519	0.00659839	0.0283499	0.0751205	0.058452	0.0379724	0.0434952	0.00265991	0.0477682
20	0.139343	0.00472854	0.0288946	0.0134368	0.0114269	0.206398	0.0234716	0.00873093	0.0427649	0.0238763	0.0100953	0.145151	0.00496056	0.0293278	0.0492793	0.128328	0.0416793	0.0268283	0.0516351	0.00964326
21	0.0135812	0.00251651	0.459755	0.312237	0.00219213	0.0139858	0.00752734	0.00320762	0.00945556	0.0155025	0.00209777	0.0279917	0.00536524	0.0519801	0.0125157	0.0439473	0.00820013	0.00464185	0.000721733	0.00257826
22	0.471629	0.0308866	0.007805	0.00378495	0.00409833	0.0198128	0.00370624	0.00134844	0.00150464	0.0102997	0.0011972	0.00712933	0.00238138	0.0249656	0.0178317	0.312646	0.0569632	0.0175063	0.000400324	0.00410321
23	0.00937125	0.0137986	0.00270274	0.00625078	0.219439	0.00612126	0.00551834	0.107081	0.00607859	0.423142	0.0315772	0.0042833	0.00351107	0.00607004	0.0169267	0.00951677	0.0106362	0.0587436	0.0012462	0.0579853
24	0.0521218	0.00307695	0.0117073	0.0213725	0.0112295	0.0118749	0.00919886	0.0363239	0.0140149	0.0956794	0.00899292	0.0159211	0.510922	0.0273803	0.0122032	0.0594103	0.0620077	0.0312022	0.00113038	0.00422956
25	0.114989	0.000923362	0.0102405	0.0137288	0.00156432	0.0186625	0.00253038	0.00949759	0.0277092	0.0214757	0.0246316	0.0196125	0.00117297	0.0454986	0.0235049	0.2882	0.370187	0.00398816	0.000636382	0.00124622
26	0.0213871	0.000862444	0.00367364	0.00246888	0.0100894	0.000959795	0.00399821	0.447289	0.00395403	0.0463274	0.0146106	0.00465862	0.00244583	0.00118388	0.00301859	0.00587789	0.0170678	0.407835	0.000169504	0.00212176
27	0.0950352	0.0229218	0.00621218	0.00470946	0.0139692	0.0024192	0.00402201	0.151532	0.00694101	0.0218162	0.00256438	0.00711451	0.00300396	0.00561047	0.00191078	0.00498922	0.0414388	0.599096	0.00155614	0.00313737
28	0.139776	0.015856	0.0112056	0.0114974	0.0150281	0.0185842	0.0081493	0.146989	0.00993884	0.0399517	0.0130843	0.0143401	0.0117553	0.0147103	0.00735718	0.0425315	0.0494765	0.4212	0.00240837	0.00616135
29	0.034766	0.00503073	0.00448892	0.00284181	0.0175904	0.00306481	0.00321242	0.312094	0.00596033	0.198995	0.0325301	0.00466056	0.0031747	0.00558136	0.00476956	0.00733708	0.0209744	0.329193	0.000429972	0.0033041
30	0.14593	0.00807082	0.0246931	0.0317931	0.0102639	0.32813	0.0151255	0.0176536	0.0337633	0.0267067	0.0133798	0.0396746	0.0128159	0.031777	0.0412951	0.126105	0.0484567	0.0295103	0.00744074	0.00741445
31	0.163756	0.0189585	0.0171509	0.0155506	0.0122271	0.174228	0.0107568	0.00961853	0.0268784	0.0196321	0.00847659	0.0457754	0.0158116	0.023797	0.0371216	0.290291	0.0725025	0.0242213	0.00547997	0.00776558
32	0.271083	0.00791227	0.0258981	0.0481992	0.0131699	0.0670569	0.0104479	0.0129951	0.0125597	0.0178825	0.0113281	0.0282399	0.0152033	0.0333372	0.0209932	0.295811	0.0731528	0.0283378	0.00276639	0.00362571
33	0.109395	0.00676019	0.0182708	0.0231001	0.0122128	0.280543	0.0136048	0.00860938	0.0993366	0.0184669	0.00893013	0.0359171	0.0127639	0.0346811	0.134932	0.115339	0.0354412	0.0171504	0.00713009	0.00741707
34	0.0288901	0.00376568	0.0599611	0.147821	0.00219522	0.0235123	0.0174043	0.00720839	0.284305	0.0123455	0.0098258	0.0171617	0.0139676	0.0577436	0.235184	0.0354035	0.0264854	0.00973145	0.00240995	0.00467872
35	0.163342	0.0182242	0.0350537	0.0251381	0.0110845	0.0610246	0.0129535	0.0128521	0.0269225	0.0252106	0.0143282	0.0485967	0.0247702	0.0292363	0.0318977	0.322322	0.103276	0.0233393	0.00283861	0.00758979
36	0.227434	0.0132812	0.0209143	0.0203995	0.049039	0.0762766	0.0104642	0.00900266	0.0165001	0.0259342	0.0106595	0.0278943	0.020738	0.0233334	0.0295024	0.319881	0.0498196	0.0327112	0.00580551	0.0104097
37	0.0891973	0.00874067	0.0647576	0.038866	0.01152	0.0183718	0.0128812	0.157254	0.0177138	0.0417395	0.0118528	0.0256094	0.018113	0.0227347	0.0106364	0.0374392	0.0441083	0.358322	0.00300571	0.00713703
38	0.0236511	0.00601647	0.00606087	0.00677933	0.0530407	0.0149699	0.00361112	0.11836	0.0106922	0.540506	0.0800878	0.00494043	0.0089438	0.0102394	0.0114045	0.0201246	0.0174105	0.0515503	0.00072882	0.010882
39	0.0797072	0.00591187	0.147543	0.164459	0.00954644	0.03035	0.0187583	0.0122912	0.0324915	0.0234721	0.0102508	0.148	0.0107318	0.0459386	0.0199256	0.149869	0.065306	0.016403	0.00328838	0.00575657
40	0.224009	0.00229696	0.0169935	0.00990812	0.00713363	0.284994	0.00906085	0.00531931	0.0125498	0.0142485	0.00477616	0.0702266	0.00912494	0.018315	0.0288975	0.215575	0.0334013	0.0181595	0.0114713	0.00353875
41	0.0214482	0.000884599	0.00365891	0.00246576	0.0100882	0.000958262	0.00400716	0.4472	0.00395119	0.0458499	0.014523	0.00463916	0.00245618	0.00116147	0.00301478	0.00584981	0.0170696	0.408474	0.000169503	0.00212991
42	0.0494879	0.0129546	0.00443943	0.00364295	0.0320425	0.00240276	0.00414646	0.2711	0.00549515	0.102951	0.0133714	0.00669879	0.00242294	0.00461752	0.0038118	0.00613865	0.0304524	0.436527	0.000486742	0.00680964
43	0.213066	0.0109602	0.011612	0.0230822	0.010495	0.28181	0.0118821	0.019082	0.0131377	0.0184618	0.00900811	0.0328007	0.0113309	0.023444	0.0213162	0.164529	0.049721	0.0603341	0.00868501	0.00524247
44	0.0595284	0.00558335	0.199087	0.0842841	0.0114618	0.0343089	0.102076	0.0118611	0.0323229	0.0190889	0.00727633	0.114886	0.0171984	0.0517278	0.0223619	0.130603	0.0470896	0.0175799	0.0029035	0.0287711
45	0.0333493	0.0135948	0.00721578	0.00958976	0.221856	0.0121027	0.0161405	0.108986	0.00970525	0.19762	0.0136402	0.0136393	0.00400539	0.0142627	0.0182365	0.0234208	0.0224831	0.157752	0.00293904	0.0994615
46	0.0619741	0.00945056	0.0097758	0.0128357	0.0266618	0.0242972	0.00875678	0.0807966	0.0243035	0.361763	0.0764137	0.0179969	0.0113363	0.0296096	0.0223144	0.0652411	0.0883998	0.0551021	0.00214756	0.0108238
47	0.0591595	0.00325468	0.0125398	0.0224947	0.00731622	0.0139383	0.0130142	0.00557463	0.0170369	0.0266168	0.00262401	0.0204496	0.5808	0.0291252	0.0135512	0.073405	0.0708616	0.0215916	0.00108988	0.00555661
48	0.0535501	0.00526275	0.0195125	0.0342289	0.0121531	0.0400697	0.0238372	0.0103452	0.118345	0.0236125	0.0100531	0.0249087	0.22023	0.0548326	0.146221	0.0746686	0.0886058	0.025703	0.00273999	0.0111197
49	0.107888	0.00405843	0.0387727	0.0510361	0.0118712	0.143382	0.0227383	0.016406	0.0350477	0.0186063	0.0114791	0.0257237	0.174541	0.0612913	0.0427088	0.115614	0.0628345	0.0435969	0.00233454	0.010069
50	0.229229	0.0059912	0.0223656	0.0435442	0.0102123	0.0561314	0.0104827	0.0162827	0.023161	0.0232076	0.0162402	0.0305298	0.0111376	0.038294	0.0353349	0.263571	0.131555	0.0263117	0.00307219	0.00334637
51	0.203041	0.00544374	0.0243848	0.0180803	0.00706733	0.263059	0.0157291	0.0113592	0.0239513	0.019461	0.00756349	0.0971108	0.00570845	0.0273616	0.0325579	0.151762	0.0425473	0.0257041	0.0117042	0.00640407
52	0.0229644	0.00487665	0.0030248	0.00406226	0.0326569	0.0181874	0.00232992	0.216017	0.00797155	0.462529	0.0772958	0.00453667	0.00475204	0.00987131	0.00984578	0.0132282	0.015965	0.0833235	0.000788345	0.00577399
53	0.0858316	0.0248755	0.00461884	0.00347942	0.015762	0.00163313	0.0039131	0.171808	0.00560646	0.0200319	0.00224406	0.00604956	0.00236168	0.00527002	0.00130185	0.00356865	0.0433546	0.594294	0.000738728	0.00325645
54	0.235462	0.0135394	0.0207514	0.0246916	0.0085248	0.0494769	0.009303	0.0303011	0.0206835	0.0380162	0.0256534	0.0310349	0.0241394	0.0395756	0.0222489	0.182652	0.164239	0.0515175	0.00316463	0.00502484
55	0.0482834	0.00457862	0.0133262	0.0212936	0.00937768	0.0529767	0.0312209	0.00970716	0.152078	0.0207028	0.0141641	0.0415644	0.00658127	0.0662902	0.319843	0.0948738	0.0372709	0.0142549	0.0303402	0.0112722
56	0.107338	0.005441	0.0160907	0.0429571	0.00623862	0.0357065	0.0308734	0.0160787	0.111997	0.0336254	0.0202742	0.0262806	0.0160922	0.163071	0.201263	0.0840397	0.0464625	0.0236249	0.00441646	0.00813003
57	0.050982	0.00314437	0.0103334	0.0231534	0.0103039	0.00896355	0.0100721	0.0240618	0.0139584	0.0731701	0.00544406	0.0161607	0.554445	0.0266761	0.0128176	0.0603427	0.0658555	0.026107	0.000780387	0.0032274
58	0.0125711	0.00448244	0.000816453	0.00102728	0.0319914	0.00407402	0.000770413	0.296544	0.0019648	0.464956	0.0444715	0.00115359	0.00522548	0.00563538	0.00644472	0.00270324	0.00769211	0.103661	0.000187365	0.00362781
59	0.0874063	0.0254914	0.00497511	0.00414344	0.0157105	0.0029534	0.00426347	0.16838	0.00601466	0.0224272	0.00333737	0.00718038	0.00230557	0.00596115	0.00165467	0.00597962	0.0466584	0.580457	0.00088349	0.00381597
60	0.0321762	0.00550742	0.00349865	0.0032885	0.0415688	0.00789459	0.00301605	0.237339	0.00650477	0.378281	0.0581831	0.00487912	0.00464873	0.00963213	0.0099822	0.0132149	0.017518	0.15217	0.000725132	0.00997243
61	0.0326231	0.00239139	0.0352035	0.107047	0.00259633	0.0277262	0.052469	0.00794278	0.100235	0.0116954	0.014103	0.0188228	0.0210523	0.287618	0.207663	0.0330161	0.0213967	0.00630148	0.00380889	0.00628781
62	0.0209295	0.00537823	0.00261079	0.00507878	0.0503511	0.0141582	0.00354649	0.132697	0.0112244	0.533848	0.0770847	0.00645277	0.00700663	0.0124812	0.0125611	0.0168332	0.0155746	0.0593687	0.00139927	0.0114149
63	0.01285	0.00224647	0.0295576	0.0081969	0.0569683	0.00877798	0.17008	0.0112451	0.00983689	0.0457854	0.00497089	0.0815173	0.0246501	0.181886	0.050527	0.017875	0.0598046	0.0467313	0.00151403	0.174979
64	0.00921731	0.00457215	0.00575519	0.0263691	0.00129605	0.0133363	0.0100183	0.00452441	0.429417	0.0103835	0.0102842	0.0115788	0.00815139	0.0396852	0.353014	0.032554	0.0184197	0.00857751	0.00109509	0.00175098
65	0.0609752	0.0023405	0.0166922	0.0399053	0.0254931	0.0629336	0.0691904	0.00395245	0.0869096	0.0108507	0.00464674	0.0133088	0.15831	0.123844	0.0376608	0.0780241	0.101775	0.0584186	0.00131764	0.0434504
66	0.00437473	0.00124492	0.530379	0.345223	0.000658974	0.00221159	0.00143133	0.0010685	0.00810061	0.00568026	0.00102738	0.0177723	0.000960613	0.0259045	0.0088999	0.038874	0.00287876	0.00151194	0.000609643	0.00118747
67	0.0250174	0.0106095	0.024767	0.0125656	0.115891	0.0182299	0.0950095	0.0257463	0.0464915	0.0503541	0.00498473	0.0887362	0.0112346	0.057053	0.0395454	0.0501651	0.0751029	0.0379206	0.0034716	0.207104
68	0.248413	0.00206895	0.0105211	0.00726555	0.00581683	0.40795	0.00501896	0.0049062	0.00886458	0.0143689	0.0033702	0.038995	0.00370401	0.0152484	0.0247128	0.15155	0.0185542	0.0156692	0.0106521	0.00235018
69	0.0760526	0.00456948	0.0513733	0.156539	0.00736987	0.0315395	0.0301453	0.0496578	0.0741854	0.0296495	0.0148906	0.0258685	0.0112232	0.133215	0.142626	0.079986	0.0439907	0.0228598	0.00500101	0.00925718
70	0.100652	0.01536	0.0128395	0.0182109	0.136776	0.0573814	0.0163728	0.0391797	0.0191275	0.0744921	0.0134577	0.0322141	0.0101253	0.026702	0.0305362	0.163636	0.0442664	0.114436	0.00698897	0.0672457
71	0.0164365	0.000946235	0.00177217	0.00254788	0.0112362	0.0191986	0.00151368	0.0162513	0.00297237	0.745018	0.14098	0.0022971	0.00225151	0.00393975	0.00243566	0.0111012	0.0110749	0.00578305	0.000589909	0.00165358
72	0.0301662	0.00332525	0.0370445	0.0202726	0.0991499	0.017977	0.172517	0.01565	0.0191265	0.0421729	0.00703987	0.0650099	0.0166859	0.122578	0.0543644	0.0274975	0.043956	0.0277719	0.00335634	0.174338
73	0.0623242	0.0160126	0.00545927	0.0056406	0.00502555	0.0146523	0.0117979	0.100835	0.0701255	0.207636	0.249436	0.0198408	0.00160141	0.0354214	0.00888133	0.0429871	0.0519652	0.0846056	0.000643733	0.00510891
74	0.0500867	0.00190416	0.0343971	0.0427627	0.00856718	0.0404422	0.0220892	0.00434479	0.0407582	0.0193177	0.0025563	0.016279	0.428014	0.0528835	0.017953	0.082214	0.0921267	0.0309521	0.000870215	0.0114818
75	0.0265975	0.00190643	0.0247205	0.00904733	0.00279305	0.103795	0.00668357	0.00276078	0.282865	0.00493001	0.00361567	0.0859439	0.00359919	0.0179705	0.285037	0.0727631	0.0433471	0.00483072	0.0148762	0.00191721
76	0.00777008	0.00323286	0.0056223	0.0295704	0.00118793	0.0120166	0.00790645	0.00466971	0.435203	0.00905863	0.00816273	0.0131696	0.00734457	0.0327781	0.359783	0.0285503	0.0232245	0.0085054	0.000943392	0.00130096
77	0.00780472	0.00285383	0.0051508	0.0211696	0.00172601	0.0103711	0.00651981	0.00443631	0.458763	0.00934503	0.0113176	0.00925	0.0108217	0.0278607	0.357027	0.0294923	0.0141773	0.00913259	0.000615422	0.00216454
78	0.272679	0.00273493	0.0210808	0.0170199	0.0203122	0.0796622	0.00746002	0.00214891	0.00274804	0.00518031	0.00563971	0.0163981	0.0287944	0.00491074	0.0250999	0.425258	0.0401583	0.0194024	0.00196717	0.00134464
79	0.242446	0.00549911	0.0279683	0.0191136	0.0134791	0.0282827	0.00500375	0.0831541	0.0214621	0.105974	0.0850213	0.016926	0.0106034	0.0360801	0.0073473	0.10179	0.0650024	0.118753	0.00119281	0.0049014
80	0.0344063	0.00537767	0.00438074	0.00292167	0.0114817	0.00103689	0.0040778	0.37879	0.00502683	0.0483509	0.0117438	0.00562019	0.0023431	0.00205303	0.00253302	0.00539729	0.0232932	0.448072	0.000361273	0.00273296
81	0.0440893	0.00307306	0.0139973	0.0316229	0.00908101	0.0240181	0.0367077	0.0106817	0.162247	0.0295694	0.0200224	0.0200213	0.00834549	0.126756	0.306634	0.0591225	0.0606646	0.0116476	0.00601112	0.0156878
82	0.0448852	0.00169183	0.0121482	0.0495384	0.00317834	0.0127947	0.0400875	0.00484256	0.15437	0.0358733	0.0385101	0.0234262	0.00827436	0.277912	0.187517	0.0538895	0.0374142	0.0071868	0.00289117	0.00356901
83	0.0806156	0.00530636	0.199304	0.2772	0.0087199	0.0333943	0.0118928	0.0107382	0.0310018	0.0156157	0.0069158	0.0381182	0.0118857	0.053461	0.0254882	0.117216	0.0473185	0.0174388	0.00247223	0.00589677
84	0.0162939	0.00432885	0.00150226	0.00172427	0.0347155	0.00450919	0.00164229	0.288328	0.0038283	0.429077	0.0501694	0.00200455	0.0050084	0.00648907	0.00693751	0.00497105	0.0111038	0.122115	0.000440738	0.00481091
85	0.21348	0.0027522	0.00586652	0.267918	0.00505972	0.0080782	0.00619434	0.00591625	0.00942134	0.00851635	0.00427109	0.0178577	0.0059923	0.264758	0.00910592	0.115435	0.0362735	0.00777407	0.0015772	0.00375149
86	0.0636653	0.00507193	0.328032	0.147663	0.00748431	0.0378838	0.0200217	0.00831539	0.0210103	0.0183872	0.00683335	0.0894889	0.0114307	0.0849831	0.0195911	0.0712679	0.0342596	0.0137634	0.00217081	0.0086758
87	0.0343634	0.00506608	0.115387	0.194912	0.00911569	0.0298004	0.0222703	0.012413	0.14745	0.0214467	0.0101343	0.0174609	0.0163771	0.10588	0.178777	0.0342007	0.0218994	0.0125981	0.00266152	0.00778729
88	0.0863848	0.0113969	0.0166386	0.0187902	0.032657	0.0247025	0.0131382	0.0755141	0.0319451	0.183253	0.0635537	0.029195	0.016747	0.0475869	0.0315899	0.0918517	0.131778	0.0718885	0.00247266	0.0189164
89	0.0326196	0.00441761	0.367918	0.219183	0.00604212	0.0185631	0.0113709	0.00331774	0.0226537	0.0105794	0.00526213	0.0970827	0.00565777	0.0390793	0.00968159	0.0939119	0.0418569	0.00686724	0.00128008	0.00265493
90	0.00956374	0.00320015	0.00665714	0.0253289	0.00147904	0.0147495	0.00900317	0.0041119	0.429645	0.00978973	0.010574	0.0131503	0.0087454	0.0308886	0.361475	0.031475	0.0185861	0.0081187	0.00146491	0.00199376
91	0.00558376	0.0108114	0.0113732	0.0111077	0.00156157	0.0648728	0.00171951	0.00317172	0.00289493	0.00352934	0.00140931	0.108794	0.00120656	0.00466868	0.00272249	0.520843	0.231413	0.00249331	0.000600478	0.00922205
92	0.0115479	0.00285241	0.00574313	0.0236024	0.00189819	0.0147071	0.00913124	0.00515515	0.420973	0.0124314	0.0118101	0.0121967	0.00848994	0.0360909	0.355896	0.0359233	0.0192042	0.00865917	0.00146563	0.00222205
93	0.234114	0.00277039	0.00932422	0.0383742	0.00976132	0.162779	0.0575984	0.0187959	0.0164959	0.0147224	0.00907894	0.0261928	0.0133303	0.106026	0.0149749	0.104972	0.0577027	0.0942104	0.00305662	0.00571961
94	0.0383353	0.00669127	0.00691774	0.00493272	0.0116834	0.00379019	0.00860543	0.339667	0.00731883	0.0402686	0.00848034	0.00926143	0.00281874	0.00304641	0.00275064	0.00605851	0.0278903	0.467057	0.000561715	0.00386416
95	0.170394	0.0200179	0.033512	0.0274288	0.0179944	0.0660777	0.0161109	0.0100414	0.0262841	0.0210306	0.00918977	0.0598716	0.0311167	0.0288394	0.0315729	0.297061	0.091528	0.0219993	0.00325495	0.0166746
96	0.049503	0.00198496	0.00943826	0.0181996	0.00493509	0.00997911	0.0217934	0.0039249	0.0148191	0.022782	0.00213354	0.0368829	0.548086	0.0214969	0.00936635	0.076333	0.116279	0.0286507	0.000698404	0.00271339
97	0.0432438	0.00704441	0.0146813	0.00967182	0.00924367	0.00194276	0.0083811	0.279472	0.0129723	0.045281	0.00534599	0.0141773	0.00142504	0.00312823	0.00217336	0.00489222	0.0311787	0.501428	0.00117097	0.00314573
98	0.0893702	0.00273695	0.0284044	0.0582573	0.0078355	0.0319868	0.0136456	0.00825234	0.0178748	0.0262913	0.00590764	0.0240627	0.450136	0.0431168	0.0179345	0.0773318	0.06319	0.0267864	0.00145009	0.00542862
99	0.0677214	0.00686837	0.0113806	0.015209	0.0234779	0.0267089	0.0229777	0.212247	0.0122717	0.164003	0.0294265	0.0144805	0.105193	0.0240254	0.0168565	0.0517974	0.0323387	0.147029	0.00185924	0.0141283
100	0.0157934	0.00220887	0.0256766	0.00934316	0.0499685	0.0115393	0.163661	0.010368	0.0132018	0.0402123	0.00492687	0.0760181	0.0342283	0.193406	0.044674	0.0217083	0.0636491	0.0503754	0.00129944	0.167741
101	0.0134656	0.0133403	0.00217732	0.00556858	0.18582	0.00546735	0.00364313	0.149754	0.00502035	0.404528	0.0264056	0.00351063	0.00476086	0.00693595	0.0157233	0.00883023	0.0113109	0.0904201	0.00071964	0.0425985
102	0.100335	0.0132758	0.0167499	0.0208124	0.0156812	0.0370385	0.014421	0.0226695	0.0780903	0.0782503	0.0385456	0.0380248	0.00539404	0.0586019	0.0469674	0.214141	0.159329	0.0271686	0.00312988	0.011374
103	0.0370095	0.00539064	0.00546904	0.00348615	0.0117896	0.0018524	0.00433841	0.340672	0.00730985	0.0822808	0.0238499	0.00725044	0.00174538	0.00384702	0.00347215	0.0074168	0.0288936	0.420099	0.000363436	0.00346424
104	0.0101986	0.0144943	0.00534475	0.00487001	0.36761	0.00384384	0.033357	0.00752937	0.00840747	0.110007	0.0060937	0.00487535	0.00149866	0.00999657	0.0183376	0.0110252	0.00768495	0.0280144	0.0100742	0.336737
105	0.146839	0.0177732	0.016501	0.0162833	0.00736706	0.0467945	0.00682463	0.0108497	0.0191981	0.0227251	0.0146906	0.0477695	0.00924775	0.0300257	0.0199984	0.33112	0.210606	0.0165764	0.00228468	0.00652557
106	0.0689219	0.00369828	0.0129063	0.023571	0.0102965	0.0280076	0.0217222	0.00620021	0.0472246	0.0204626	0.00348384	0.0154055	0.438207	0.0435553	0.0366678	0.0955717	0.0692672	0.042996	0.000966715	0.0108678
107	0.0214622	0.000885927	0.0323941	0.0101381	0.0155327	0.0287762	0.471845	0.0237036	0.0286182	0.00240063	0.0015035	0.124939	0.00974479	0.0119149	0.0078714	0.0289648	0.0111537	0.00263931	0.000472881	0.16504
108	0.0783589	0.00781727	0.006873	0.0042001	0.0148297	0.00406379	0.00350669	0.252323	0.00727617	0.13085	0.029012	0.0059456	0.00392498	0.0106493	0.00654998	0.0167264	0.0303922	0.382089	0.000777431	0.00383395
109	0.0616245	0.00457506	0.010947	0.0158311	0.025737	0.0129439	0.0103481	0.121162	0.0117796	0.2017	0.0265815	0.0131777	0.250369	0.0229317	0.0127275	0.0432097	0.0426633	0.102136	0.00106331	0.00849232
110	0.0297656	0.00566808	0.269346	0.0263955	0.00323226	0.0160488	0.013447	0.00323262	0.0439913	0.0123808	0.00982495	0.388714	0.0154979	0.0104143	0.00560001	0.0958584	0.0426437	0.00458534	0.00118499	0.00216883
111	0.0180758	0.00485421	0.00311221	0.00394626	0.0580639	0.0120511	0.00316427	0.128909	0.0073642	0.560588	0.0755764	0.00428702	0.00490027	0.00966997	0.0121413	0.0128545	0.0123956	0.0550428	0.00127233	0.0117314
112	0.070203	0.00540452	0.015699	0.0248681	0.00762961	0.0328098	0.0165239	0.0202398	0.19655	0.0359389	0.0290333	0.0367214	0.0212815	0.0566743	0.146553	0.110247	0.13466	0.0284311	0.00333945	0.00719311
113	0.016955	0.00166384	0.00175072	0.00264426	0.0111631	0.0184968	0.0018859	0.0266108	0.00565064	0.710039	0.148151	0.00272294	0.00215336	0.00546961	0.00306989	0.0125014	0.0128609	0.0135802	0.000569006	0.00206114
114	0.0230462	0.00148537	0.00384024	0.00261617	0.00994196	0.000973688	0.00404238	0.436416	0.0041525	0.0450879	0.0138686	0.00486576	0.0024241	0.00122878	0.00294246	0.00574524	0.0178273	0.417088	0.000222515	0.00218404
115	0.0287538	0.00372886	0.417954	0.274048	0.00574135	0.019164	0.0105452	0.00583332	0.0191727	0.0108408	0.00355682	0.044976	0.00619521	0.0416456	0.0212446	0.05187	0.0191319	0.00763039	0.00130626	0.00666126
116	0.0187043	0.00400895	0.00121043	0.00113459	0.0265235	0.00667657	0.00125872	0.252666	0.00907868	0.419551	0.0969694	0.00194664	0.0042089	0.00770258	0.00701929	0.0103935	0.0150835	0.111261	0.000240546	0.00436281
117	0.0597351	0.00321532	0.0112057	0.0247362	0.00696152	0.0161451	0.0114492	0.00679175	0.0218679	0.028032	0.00390083	0.016983	0.567445	0.0308559	0.0178942	0.0760726	0.0693109	0.0224976	0.00111525	0.00378544
118	0.161235	0.0101743	0.0294413	0.0351043	0.0110866	0.281146	0.0150476	0.0165718	0.0308442	0.0314226	0.0127963	0.0415848	0.016313	0.0352879	0.0380249	0.141923	0.0458919	0.0292701	0.00789445	0.00893926
119	0.0207179	0.0046769	0.00121361	0.00113542	0.018805	0.00944321	0.00202992	0.203091	0.0161548	0.391902	0.156542	0.00330329	0.00324354	0.00954871	0.00697956	0.0162467	0.0214449	0.108946	0.000311399	0.00426367
120	0.114191	0.0129097	0.0277932	0.0373324	0.0126266	0.0459742	0.0127099	0.0311201	0.0424893	0.0431918	0.0242618	0.0412112	0.0551047	0.0462635	0.038897	0.16292	0.17707	0.0589597	0.00256977	0.0124034
121	0.0264419	0.00464245	0.0152027	0.0321478	0.00781793	0.0261858	0.0155019	0.00886178	0.351727	0.0294954	0.0169777	0.0285157	0.0130298	0.0495299	0.273682	0.0472373	0.0281733	0.0139423	0.00238828	0.00849927
122	0.0564891	0.0127393	0.00532995	0.00378599	0.0124638	0.00137727	0.00388558	0.275257	0.0061992	0.0427521	0.0094029	0.00639495	0.00244131	0.00317053	0.00215989	0.00483353	0.0304566	0.516928	0.000823761	0.00310906
123	0.0723857	0.00298837	0.0099109	0.0211956	0.0067182	0.0149256	0.00975402	0.00706007	0.014299	0.0276135	0.00308655	0.0167423	0.575626	0.0267433	0.0131261	0.0833936	0.0700423	0.021637	0.000666054	0.00208531
124	0.0353255	0.00538844	0.00509857	0.00325531	0.0107548	0.000961037	0.00439179	0.369872	0.00545015	0.0424925	0.00918039	0.0061981	0.00182415	0.00182012	0.00216263	0.0048914	0.0275762	0.460268	0.000346792	0.00274254
125	0.0382168	0.00563436	0.314276	0.290663	0.00416477	0.0615198	0.0194193	0.00588157	0.0152031	0.0209596	0.00400605	0.0259607	0.0215057	0.0699643	0.0245404	0.0254957	0.0151483	0.0146102	0.0023255	0.0205056
126	0.0597595	0.00432118	0.0194137	0.043357	0.00866159	0.0308449	0.0288878	0.0100945	0.174083	0.035924	0.0258859	0.0351507	0.0142977	0.18201	0.162831	0.0900033	0.0457711	0.0172128	0.00360074	0.00788891
127	0.0635633	0.0207134	0.0060645	0.0102579	0.0076593	0.0101118	0.00530847	0.0253529	0.00928718	0.0116374	0.00358595	0.00942095	0.479802	0.0655156	0.0297584	0.205516	0.0208034	0.0108024	0.00134734	0.00349225
128	0.0617089	0.00457956	0.199244	0.559397	0.000671398	0.0388393	0.00129462	0.00830346	0.0340194	0.00253651	0.00170766	0.005029	0.000975288	0.0230662	0.0146858	0.0174751	0.014818	0.00460312	0.00299938	0.00404553
129	0.00502663	0.00954465	0.0116313	0.0112845	0.00159355	0.0646508	0.00175296	0.00309611	0.00294724	0.00338736	0.00141334	0.110331	0.00122644	0.00466332	0.00273895	0.518637	0.233546	0.00238655	0.000601134	0.00954154
130	0.0338786	0.0108928	0.00686665	0.00552784	0.0316715	0.00840346	0.0107859	0.31938	0.00791729	0.0341292	0.00648744	0.0311275	0.00203691	0.00330582	0.00326732	0.0177413	0.0500664	0.385506	0.000697003	0.0303112
131	0.191976	0.00805187	0.013842	0.0409346	0.0113675	0.0207678	0.0111494	0.0607862	0.0381	0.0550744	0.0100026	0.022964	0.00510191	0.02393	0.0151997	0.0511982	0.0487493	0.340042	0.0248336	0.00592873
132	0.144336	0.00185426	0.00530406	0.0943352	0.00339004	0.0530699	0.111408	0.0123034	0.11151	0.011104	0.00392971	0.0574987	0.00375421	0.228597	0.0439635	0.0399481	0.0597496	0.00924512	0.001308	0.00339104
133	0.0118925	0.00263673	0.459684	0.353304	0.000911471	0.0127555	0.00439579	0.00298783	0.00911312	0.012331	0.00201009	0.0200434	0.00580956	0.0436948	0.013874	0.0319145	0.00539566	0.00402283	0.000848023	0.00237454
134	0.0134807	0.00392567	0.000827009	0.00107161	0.0367042	0.00418115	0.000921542	0.286068	0.00227273	0.465138	0.0461193	0.00127902	0.00523886	0.00649642	0.00665537	0.00323081	0.00812311	0.103332	0.000208844	0.00472551
135	0.0111432	0.00191833	0.482775	0.368605	0.0007721	0.00727475	0.00222844	0.00194429	0.0112132	0.0059803	0.0012874	0.0168401	0.00201613	0.0275137	0.0119941	0.0367182	0.00472681	0.00244388	0.000845305	0.00175936
136	0.0381384	0.00931077	0.22244	0.0387504	0.00310392	0.0118527	0.0180759	0.00184163	0.0457279	0.0101814	0.0169909	0.328675	0.0082444	0.00950609	0.00442145	0.148281	0.0781172	0.00379383	0.000946752	0.0016008
137	0.0803735	0.00766557	0.00822543	0.00938416	0.00690207	0.0238571	0.00720434	0.125301	0.0324783	0.174825	0.219313	0.0125919	0.00458237	0.0238326	0.0127497	0.068009	0.05361	0.122143	0.000781152	0.00617111
138	0.0406429	0.00567264	0.00513494	0.00330037	0.0128918	0.00135471	0.00402599	0.353314	0.00521558	0.0815344	0.0152548	0.00554841	0.0028589	0.0035416	0.00337655	0.00663827	0.023907	0.42233	0.000386105	0.00307081
139	0.0274473	0.00149603	0.0027684	0.0189849	0.00232253	0.0072584	0.0425131	0.00756588	0.177256	0.0441603	0.0366945	0.0142902	0.00151437	0.145269	0.357328	0.0620923	0.0334866	0.00511719	0.00664254	0.00579284
140	0.142868	0.0012001	0.0144544	0.0125613	0.00206923	0.0209645	0.00327498	0.00927782	0.0318605	0.030006	0.0294735	0.0257192	0.00113832	0.0483426	0.0270749	0.296995	0.295758	0.00442668	0.000799233	0.00173544
141	0.0163883	0.00708972	0.00746374	0.00421612	0.301929	0.00481292	0.0492789	0.00373141	0.00745876	0.0269223	0.00217666	0.00523434	0.00182088	0.0127949	0.00970101	0.0109059	0.0063331	0.0234891	0.0186604	0.479592
142	0.0379092	0.00613458	0.00357475	0.00254106	0.013186	0.00108121	0.00396882	0.376793	0.00406109	0.0433319	0.0117145	0.0048182	0.00255475	0.00213333	0.00244269	0.00500409	0.023703	0.452163	0.000238662	0.00264589
143	0.061467	0.00468443	0.197146	0.560987	0.000670623	0.0391235	0.00129953	0.00793838	0.0346828	0.0025387	0.00152726	0.00500568	0.000998905	0.0233826	0.0143794	0.0177252	0.0151178	0.00455992	0.00283043	0.00393487
144	0.00960326	0.00315447	0.00751171	0.0242553	0.00194607	0.0163888	0.00837181	0.0044058	0.432183	0.0101007	0.0110527	0.0126754	0.0144417	0.0302155	0.350974	0.0338533	0.01658	0.00891716	0.00134933	0.00201979
145	0.029628	0.00609936	0.186708	0.20373	0.00364571	0.0430571	0.0300836	0.00678528	0.0246326	0.0251296	0.00660794	0.0429091	0.0845333	0.183016	0.059006	0.0228705	0.0156519	0.0149171	0.000977284	0.0100117
146	0.0362514	0.00616407	0.244709	0.0321824	0.00414495	0.0185883	0.0141186	0.00315738	0.0492792	0.0118906	0.0112058	0.357361	0.00980737	0.0122497	0.00763436	0.121172	0.0514805	0.00509374	0.00144946	0.00206056
147	0.157247	0.138071	0.00319604	0.00510514	0.00597541	0.0762186	0.0028492	0.0085917	0.0100719	0.0246308	0.00187773	0.0124708	0.00176595	0.0133561	0.0138294	0.38933	0.0937293	0.0319829	0.00126341	0.00843711
148	0.0129264	0.00370851	0.000769355	0.000875758	0.0323074	0.00391522	0.000774805	0.29349	0.00191758	0.474823	0.0427389	0.00107741	0.00529272	0.00608845	0.00677279	0.00256832	0.00807345	0.0980462	0.000215122	0.0036191
149	0.0175035	0.00281049	0.00169249	0.00148132	0.024259	0.00281565	0.00175123	0.347262	0.00311638	0.31676	0.035773	0.0022922	0.00415276	0.00476631	0.00548104	0.00457679	0.011898	0.208311	0.000215743	0.00308084
150	0.0226185	0.00567051	0.00191567	0.00318375	0.0465158	0.00738944	0.0018077	0.233809	0.0060609	0.436609	0.0581993	0.00372504	0.00471955	0.00790858	0.00911104	0.00984623	0.0130598	0.118803	0.000640782	0.00840693
151	0.227661	0.0137961	0.0123736	0.0156079	0.0131723	0.039428	0.00831956	0.0988488	0.00822323	0.0490284	0.0217352	0.0145015	0.0139097	0.0225367	0.011143	0.0911084	0.055576	0.2742	0.00234627	0.00648405
152	0.0291912	0.003585	0.0041906	0.00281104	0.010424	0.00102458	0.00411563	0.401695	0.004738	0.0425721	0.0116681	0.00533255	0.00210583	0.0015984	0.00268182	0.0051505	0.0215237	0.442902	0.000344177	0.00234539
153	0.100143	0.00507604	0.0118637	0.0163434	0.00377224	0.0317191	0.00542297	0.0208711	0.0226521	0.0228401	0.0200001	0.0379466	0.00210296	0.0373463	0.020046	0.308179	0.318675	0.00970463	0.00115937	0.00413584
154	0.0733085	0.00413174	0.0119939	0.0191118	0.00840664	0.0201521	0.00923194	0.00654552	0.0151607	0.0257047	0.002751	0.0203313	0.53906	0.0248482	0.0154213	0.113433	0.0661361	0.0189681	0.000956618	0.00434692
155	0.244901	0.0129537	0.0147951	0.0165876	0.0153408	0.0314001	0.0084651	0.0906848	0.0111105	0.0558634	0.0218821	0.0151901	0.0112484	0.0225183	0.0116424	0.091238	0.0570964	0.258488	0.00244762	0.00614591
156	0.0466505	0.00588474	0.225142	0.0570991	0.008674	0.0289093	0.0276127	0.0100024	0.0330494	0.0404339	0.0106133	0.275828	0.0131299	0.0354214	0.0180747	0.0904319	0.0418082	0.0131554	0.00328683	0.0147926
157	0.206473	0.00663678	0.0162184	0.0471658	0.00951363	0.0351589	0.017921	0.012941	0.0443989	0.0286485	0.0178562	0.0367219	0.00791606	0.142907	0.0296707	0.166096	0.139344	0.0260735	0.00198254	0.00635613
158	0.0234925	0.00364057	0.428101	0.276283	0.00279546	0.0208019	0.0112529	0.00537913	0.0157909	0.01196	0.00341629	0.0494169	0.00902579	0.0424664	0.015108	0.0484196	0.0163425	0.00914279	0.00178727	0.005377
159	0.0135489	0.00384486	0.000768042	0.000959209	0.0322062	0.00402507	0.000748174	0.291504	0.00199301	0.470189	0.0430854	0.0011541	0.005261	0.00607449	0.00675583	0.00290795	0.00823932	0.102655	0.000513688	0.00356662
160	0.303204	0.0166578	0.0252972	0.0331802	0.0110787	0.0744247	0.0125259	0.028888	0.0192076	0.0314064	0.0130049	0.0286284	0.0116574	0.0323063	0.0272919	0.189131	0.0706856	0.0597755	0.0035245	0.0081231
161	0.0853337	0.00845944	0.0462187	0.0254641	0.00576781	0.0437265	0.0139241	0.0131991	0.0248386	0.0194396	0.0147287	0.127464	0.0153583	0.0302656	0.0163163	0.288167	0.193534	0.0180651	0.00246995	0.00726006
162	0.172328	0.0159555	0.0297099	0.0223717	0.0141178	0.0658403	0.011367	0.0122218	0.0353375	0.025601	0.0129135	0.0575512	0.0243022	0.0313199	0.0393064	0.293597	0.0946953	0.0273934	0.00374309	0.0103276
163	0.0344452	0.00593204	0.247329	0.175042	0.0088556	0.0365602	0.0235716	0.00760694	0.0832117	0.0197047	0.00737579	0.0387001	0.0162002	0.0728976	0.115236	0.0515329	0.0228968	0.0126413	0.00295758	0.0173035
164	0.272982	0.00901836	0.0152064	0.0208177	0.00866832	0.241465	0.00917621	0.0129088	0.0158366	0.0185634	0.0105553	0.0364199	0.0118837	0.0282147	0.0281427	0.167351	0.0507775	0.0301594	0.00784758	0.00400516
165	0.0301061	0.00600755	0.00168852	0.0016789	0.00349234	0.0148763	0.00371518	0.12797	0.0362533	0.235971	0.295079	0.00586496	0.00115248	0.0131158	0.00862141	0.0340257	0.0403811	0.133694	0.000384697	0.0059221
166	0.00987927	0.00262545	0.00541251	0.0211989	0.00192844	0.0106383	0.00845142	0.00522549	0.43157	0.012723	0.0137593	0.00984385	0.00919467	0.031538	0.366296	0.0309272	0.0161364	0.009055	0.00106883	0.00252813
167	0.0128669	0.0034259	0.00074266	0.000884913	0.0315638	0.00358179	0.00068444	0.303971	0.00196795	0.454398	0.0433018	0.00113698	0.00514399	0.0053851	0.00616902	0.0029863	0.00782529	0.110246	0.00020846	0.00350912
168	0.444389	0.0211493	0.00869393	0.00539312	0.00596272	0.0342283	0.0049451	0.00126599	0.00146228	0.00891176	0.00199474	0.00879799	0.00783854	0.018469	0.0167604	0.336377	0.053419	0.0160013	0.000580794	0.00335938
169	0.00769115	0.0028932	0.00537176	0.0233679	0.0016352	0.0112078	0.00682443	0.00466862	0.45205	0.00928718	0.0108186	0.0103327	0.0094629	0.0287122	0.35887	0.0289708	0.0162127	0.00894977	0.000803849	0.00186874
170	0.0286182	0.00270695	0.346729	0.477172	0.00061234	0.0189492	0.00148586	0.00386854	0.0192348	0.00445834	0.00146358	0.010924	0.00142822	0.0285259	0.0116423	0.0266943	0.00823762	0.00305999	0.00166517	0.00252387
171	0.108124	0.0110512	0.0141431	0.0137259	0.0125823	0.0160642	0.00908585	0.153893	0.0148209	0.0652082	0.014844	0.0321228	0.0032132	0.0183781	0.0102255	0.038358	0.0476635	0.407346	0.00295285	0.00619809
172	0.0732571	0.00724048	0.168797	0.133631	0.0135797	0.0266302	0.0240786	0.112431	0.0231943	0.0441608	0.0155587	0.0463547	0.019856	0.0412047	0.01991	0.052589	0.0404415	0.120876	0.00281427	0.0133948
173	0.110686	0.00465604	0.013002	0.0190066	0.00782212	0.0291318	0.00843978	0.00858765	0.0128879	0.0234599	0.00468426	0.0153047	0.469713	0.0254737	0.0168137	0.144133	0.0603224	0.0219241	0.00100976	0.00294102
174	0.128717	0.000890468	0.0124821	0.0143096	0.00158542	0.0245189	0.00247983	0.0108082	0.0302013	0.0244214	0.028445	0.0187153	0.00124054	0.0465505	0.0308378	0.289283	0.328718	0.00393893	0.000757268	0.00109956
175	0.0990391	0.00892228	0.022681	0.02042	0.0252721	0.236515	0.0108954	0.0338322	0.0266343	0.183015	0.0402312	0.027868	0.007997	0.0269834	0.0275369	0.102005	0.0432168	0.0376832	0.0080044	0.0112479
176	0.0255028	0.00652484	0.334881	0.281136	0.00253708	0.0488877	0.0197041	0.00452947	0.00864282	0.0284136	0.00399285	0.0287635	0.028618	0.0893412	0.0292876	0.0200552	0.0107906	0.016346	0.00116591	0.0108793
177	0.0274577	0.0035272	0.0127784	0.0317053	0.00601917	0.0253535	0.0207321	0.00920704	0.293665	0.0246317	0.0145502	0.01745	0.012311	0.060627	0.337237	0.0522217	0.0281256	0.0127685	0.00382825	0.00580378
178	0.112325	0.00925858	0.0227965	0.0288304	0.0153061	0.0419628	0.0140985	0.0358072	0.0379936	0.0487801	0.0296041	0.0439514	0.0365142	0.048433	0.0339323	0.163364	0.204906	0.0543977	0.00367134	0.0140666
179	0.0153381	0.00349106	0.00121699	0.00118542	0.0328815	0.00329746	0.00126804	0.32049	0.00202431	0.400248	0.0373839	0.00196821	0.00476484	0.00500411	0.00581021	0.00297638	0.00919557	0.147317	0.000232511	0.00390533
180	0.15107	0.00741679	0.0280406	0.0365428	0.0116842	0.285099	0.0193799	0.0167442	0.0353995	0.0348315	0.0116911	0.0416379	0.0194203	0.0347741	0.03883	0.131336	0.0468801	0.0309496	0.00745968	0.0108127
181	0.0747339	0.0128747	0.00889077	0.00823337	0.013069	0.0095695	0.00593546	0.221938	0.0127536	0.0646013	0.0207647	0.00843255	0.00584267	0.0117053	0.00914463	0.0180972	0.0362107	0.4509	0.00106476	0.00523829
182	0.0288613	0.00447443	0.00260147	0.00207198	0.0238382	0.00322925	0.00211099	0.298854	0.00381499	0.315129	0.0336513	0.00322039	0.00400173	0.00726761	0.00647619	0.00588169	0.0155885	0.235348	0.000342494	0.00323694
183	0.122029	0.0132058	0.0300506	0.0317932	0.0149036	0.0473139	0.016588	0.0362087	0.0358594	0.0525592	0.0275325	0.0550017	0.0316732	0.0434774	0.0316577	0.170475	0.17735	0.0483454	0.0033507	0.0106244
184	0.0287223	0.00405575	0.0214701	0.0463827	0.00651355	0.0266045	0.0268433	0.0116712	0.329299	0.0195747	0.0137705	0.0251794	0.0126775	0.0521305	0.26528	0.0494895	0.0289583	0.0187252	0.00249601	0.0101553
185	0.015976	0.00383754	0.00111725	0.00112496	0.0326293	0.00449733	0.000919414	0.289782	0.00326578	0.432949	0.0499024	0.00178798	0.00483226	0.00712222	0.00708647	0.00495739	0.0106017	0.12294	0.000269799	0.00440078
186	0.0322061	0.00413816	0.379785	0.25979	0.00570904	0.022338	0.0202667	0.0117821	0.0236118	0.0160702	0.0050964	0.0503116	0.00622384	0.0378284	0.0239581	0.0536455	0.0193906	0.0142134	0.00192063	0.0117145
187	0.0139057	0.00382655	0.000859018	0.000953093	0.0320578	0.00430415	0.000687696	0.286929	0.00165769	0.476378	0.0435036	0.00113636	0.00526829	0.0064398	0.00731835	0.00295848	0.00798606	0.100078	0.000218688	0.00353295
188	0.0556366	0.00646424	0.0134966	0.0153241	0.014878	0.0247465	0.00838721	0.106446	0.044387	0.256993	0.170498	0.0206126	0.00491258	0.0290999	0.0320656	0.0488822	0.0478236	0.0904582	0.00146536	0.00742324
189	0.0269816	0.00403357	0.402572	0.248542	0.00581336	0.0210457	0.0179636	0.00624438	0.0242472	0.0152814	0.00476515	0.0625452	0.00773668	0.0448699	0.0216747	0.0511997	0.017157	0.00870504	0.00135988	0.00726218
190	0.0145964	0.00302357	0.0125724	0.0485948	0.00141867	0.0152141	0.0167888	0.00446817	0.352188	0.0114001	0.0119909	0.014476	0.0113257	0.103594	0.315208	0.0312479	0.0207752	0.00749506	0.00144363	0.00217823
191	0.137606	0.00643595	0.0331576	0.0406507	0.0111386	0.289401	0.0226151	0.0152201	0.0369026	0.0367796	0.0153733	0.0434468	0.0126284	0.0388458	0.0439018	0.123579	0.0469652	0.0289895	0.00592928	0.0104342
192	0.110612	0.0122893	0.0245265	0.0328684	0.0121319	0.0426648	0.0182786	0.0328762	0.0413158	0.0464041	0.0305154	0.0446079	0.0438585	0.0510899	0.0416679	0.164796	0.189392	0.0431227	0.00275672	0.0142251
193	0.0298528	0.00563943	0.285908	0.0237386	0.00338743	0.0158273	0.0132995	0.00319794	0.039397	0.0130044	0.00913706	0.39428	0.0120289	0.00895922	0.00524828	0.0900559	0.0387018	0.00479126	0.00103623	0.00250962
