219	20
1	0.0841205	0.00287003	0.00281224	0.00900453	0.00969221	0.00491596	0.00030868	0.306988	0.00788532	0.0875615	0.0298116	0.0023705	0.00527748	0.00579968	0.00940077	0.0368221	0.0843181	0.307935	0.000757995	0.00134731
2	0.0228714	0.00382412	0.00142688	0.00575556	0.0412586	0.0144579	0.00322824	0.168755	0.000236688	0.284611	0.187972	0.0126046	0.000424337	0.0272284	0.00380658	0.0177688	0.0534497	0.141281	0.000416668	0.0086214
3	0.151737	0.0121886	0.000129193	0.000229212	0.041461	0.0540975	0.000130546	0.213021	0.000171463	0.179096	0.0503748	0.000642389	0.00122095	0.000383219	0.000236451	0.0498142	0.0926718	0.145394	0.00402161	0.00297834
4	0.382644	0.016144	0.000256882	0.000457267	0.0213162	0.159141	0.000302679	0.0342383	0.000318773	0.0443279	0.0197617	0.00289915	0.00848728	0.00131618	0.000387648	0.178618	0.0551311	0.070395	0.00308421	0.00077237
5	0.0687273	0.0214977	0.000117717	0.00101235	0.101743	0.020515	0.00010533	0.127125	0.000654842	0.403818	0.0741718	0.00108717	0.000421922	0.00109116	0.000379378	0.0155037	0.0218589	0.124011	0.00538048	0.010778
6	0.0613108	0.0244814	0.000416581	0.00208992	0.0846311	0.0237893	0.00064258	0.124925	0.000823974	0.367385	0.123901	0.00329725	0.00100138	0.00471753	0.00121077	0.0244645	0.0242295	0.109692	0.00430293	0.012687
7	0.0671155	0.0204298	0.000115125	0.00097695	0.107342	0.0197719	0.000103986	0.120526	0.000676004	0.411485	0.0734718	0.00111504	0.000401326	0.00116207	0.000402155	0.0152923	0.0243398	0.118759	0.00591546	0.0105986
8	0.399674	0.0158553	0.000169725	0.000381612	0.00417466	0.164482	0.000132469	0.0293835	0.000236296	0.0164736	0.0157587	0.00492115	0.00512706	0.00168516	0.000279235	0.22225	0.0599356	0.0580252	0.000618565	0.000436236
9	0.0235588	0.00369874	0.00124036	0.00524791	0.0425124	0.0142184	0.00303463	0.174127	0.000292341	0.261108	0.201095	0.0154674	0.000580578	0.0227445	0.00366837	0.0202397	0.0566836	0.14222	0.000515628	0.00774611
10	0.0843886	0.0151027	0.000318363	0.00114258	0.147149	0.0229836	0.000241299	0.117108	0.00112563	0.34268	0.0646192	0.00151942	0.000769016	0.00160323	0.000736754	0.0185795	0.0280919	0.130862	0.0100696	0.0109097
11	0.0240825	0.00482324	0.00128053	0.00538394	0.0435356	0.0149627	0.00290006	0.169367	0.00030346	0.272241	0.201733	0.0132345	0.000522366	0.022677	0.00355534	0.0206145	0.0505322	0.138831	0.000707858	0.00871137
12	0.402475	0.0157059	0.000177489	0.000398676	0.00183695	0.163821	0.000127568	0.0277206	0.000241968	0.0148783	0.0146283	0.0053666	0.00510928	0.00181989	0.000263705	0.231092	0.0599238	0.053681	0.000303867	0.000428149
13	0.385018	0.0142038	0.00034338	0.000890436	0.00194795	0.161636	0.000294541	0.0243225	0.000321217	0.0132777	0.0159453	0.0078988	0.00522011	0.00302217	0.00039344	0.257017	0.0643445	0.0419898	0.000716976	0.00119602
14	0.0246492	0.00214348	0.000162618	0.000354006	0.0459481	0.00127495	0.00010693	0.360528	0.0001682	0.310409	0.0482056	0.000461502	0.00197003	0.000289594	0.000329371	0.00238812	0.00675286	0.193225	0.000270069	0.000364444
15	0.0167184	0.00420389	0.50477	0.0970662	0.0167602	0.0248044	0.00299245	0.0126268	0.0103152	0.0397772	0.0175211	0.0453498	0.00535324	0.0231134	0.0111358	0.0633919	0.0274488	0.0417877	0.00293495	0.0319288
16	0.181179	0.00337289	0.000727645	0.0104267	0.00926024	0.0678466	0.000510843	0.0269006	0.000975425	0.0270515	0.0485982	0.0660823	0.0045524	0.0330711	0.000927543	0.280341	0.178505	0.0479422	0.00353517	0.00819394
17	0.109452	0.00543499	0.00168874	0.00563679	0.0166551	0.0623224	0.00113841	0.0329916	0.00193365	0.0522628	0.0613955	0.082336	0.00448492	0.0392985	0.00228857	0.268277	0.152942	0.0628874	0.00487955	0.0316939
18	0.0269528	0.0044137	0.000343971	0.000691097	0.0169503	0.00674629	0.000340676	0.4658	0.000601445	0.0824644	0.0416704	0.0067396	0.00416626	0.00081714	0.00103849	0.00874183	0.0274606	0.302188	0.000750224	0.00112249
19	0.0354876	0.00511757	0.000218136	0.000368778	0.02241	0.00783085	0.000168201	0.408966	0.000282019	0.11082	0.0337186	0.00403837	0.00503009	0.000500087	0.00107053	0.00945963	0.0318048	0.321379	0.000423955	0.000905084
20	0.268468	0.00358902	0.000323514	0.00290835	0.00575442	0.0673644	0.000406084	0.034881	0.000518004	0.0135135	0.0203264	0.0251431	0.00596424	0.00371407	0.000551861	0.325162	0.180179	0.0357237	0.00402022	0.00148937
21	0.234774	0.00551322	0.00244181	0.00408571	0.0128841	0.0455939	0.00317119	0.0194964	0.00320982	0.0736109	0.0369968	0.00685533	0.159969	0.00890026	0.00786316	0.0774868	0.250364	0.0357034	0.00573379	0.00534565
22	0.135194	0.0108111	0.000772324	0.00169577	0.0353862	0.0359107	0.000344952	0.222677	0.00101784	0.186678	0.048871	0.00243693	0.00321027	0.00281588	0.00145729	0.043859	0.0764205	0.183034	0.00300631	0.00440079
23	0.0310951	0.00590714	0.00106338	0.00515658	0.0380047	0.0171627	0.00272491	0.182849	0.000361308	0.307569	0.15612	0.00922322	0.000866793	0.0185917	0.00629072	0.0184689	0.0502797	0.140342	0.00099064	0.00693215
24	0.0810968	0.0048957	0.0710664	0.0595368	0.0096629	0.02772	0.0153331	0.00736258	0.065632	0.00537902	0.00439469	0.0087134	0.311209	0.0350243	0.0279202	0.136352	0.0773196	0.0444654	0.00421467	0.00270154
25	0.144169	0.00102087	0.0596146	0.104194	0.00832116	0.0247372	0.0426884	0.0123767	0.12263	0.00350824	0.00682711	0.00114466	0.0732868	0.0599309	0.0612399	0.121332	0.0716789	0.0662902	0.00992802	0.00508242
26	0.0274367	0.00440276	0.000438371	0.000882425	0.0172619	0.00666301	0.000380281	0.463581	0.000725763	0.0848766	0.0436421	0.00666035	0.00418536	0.00101632	0.00124746	0.00909467	0.0270758	0.298415	0.000815707	0.00119772
27	0.105875	0.00140329	0.0061722	0.0202724	0.00352661	0.00349903	0.00065632	0.225969	0.0194498	0.0540631	0.0371475	0.00217041	0.00731118	0.015187	0.0150165	0.0578109	0.111401	0.310039	0.00116532	0.00186439
28	0.0801944	0.00588665	0.0110425	0.00492719	0.026505	0.0377266	0.00142472	0.0206224	0.0106204	0.148217	0.0134366	0.00497613	0.0505565	0.00990073	0.0126057	0.034774	0.0144938	0.0569317	0.432552	0.0226065
29	0.0325997	0.00401443	0.000162148	0.000348026	0.0295151	0.005788	0.000160721	0.390465	0.000229299	0.173595	0.0393279	0.00291492	0.004847	0.000514142	0.000825614	0.00699025	0.0240562	0.282493	0.000358313	0.000795005
30	0.141496	0.00829567	0.000586034	0.00165658	0.0478484	0.0304661	0.000754473	0.230096	0.00107802	0.0912842	0.0403908	0.00325313	0.00526903	0.00729525	0.00143818	0.0668172	0.0978885	0.20381	0.00329146	0.0169848
31	0.238889	0.00163782	0.000506343	0.00242501	0.00862539	0.0392493	0.000564507	0.0410355	0.000650092	0.0171857	0.0269557	0.0212745	0.00960646	0.00333992	0.000732341	0.328122	0.222271	0.0307664	0.00445827	0.00170501
32	0.297643	0.0156384	0.000286859	0.000598002	0.0373632	0.121746	0.000360368	0.106009	0.000396217	0.0490903	0.0404395	0.00413778	0.00659528	0.00308421	0.000475055	0.108164	0.0657688	0.133258	0.00420306	0.00474218
33	0.0241955	0.00405091	0.0133907	0.000935982	0.355929	0.0122557	0.00563342	0.0342309	0.00112038	0.0795727	0.0313501	0.0135127	0.0012717	0.00668296	0.00188657	0.00891056	0.00673586	0.0297914	0.0548407	0.313703
34	0.0536795	0.00990005	0.000827462	0.0034019	0.0805269	0.0214844	0.00155073	0.129927	0.000976536	0.334972	0.127106	0.00705587	0.0029964	0.0132115	0.00238899	0.020786	0.0512005	0.12408	0.00436256	0.00956593
35	0.0440662	0.00918293	0.000410951	0.00150305	0.0727946	0.0116161	0.000760829	0.213135	0.00051781	0.353167	0.0814814	0.00324479	0.00132031	0.00554233	0.00117828	0.0114811	0.0241267	0.153784	0.0036294	0.00705751
36	0.358421	0.0123801	0.000247076	0.000427553	0.0662431	0.18029	0.000257279	0.0315367	0.00032787	0.047853	0.0349398	0.000807709	0.00635308	0.00065322	0.000405489	0.0975877	0.0644607	0.0861136	0.0100328	0.000661743
37	0.379649	0.0172652	0.00034239	0.00236786	0.0111661	0.0961526	0.00465248	0.0594193	0.000745166	0.023922	0.0267972	0.00640143	0.00553993	0.00303006	0.000580376	0.169625	0.0794514	0.107777	0.00168527	0.00343086
38	0.111089	0.00273915	0.00338837	0.0109851	0.00778535	0.00630865	0.000407221	0.262214	0.00994154	0.0655075	0.0367436	0.00226631	0.00581817	0.00913869	0.00900731	0.0552093	0.0987428	0.298312	0.000793225	0.00360348
39	0.234007	0.00166691	0.00048188	0.002162	0.0113957	0.0345139	0.000564008	0.0381644	0.000811286	0.0230697	0.0432765	0.0170918	0.00621282	0.00308333	0.000780066	0.311579	0.231779	0.0334721	0.00387834	0.00201051
40	0.0969894	0.00463243	0.000853738	0.00465445	0.0255146	0.0108835	0.000628488	0.141984	0.00154675	0.0966656	0.0833867	0.0159372	0.00336272	0.0134058	0.00188076	0.0906647	0.191286	0.209438	0.00165615	0.00462864
41	0.0698341	0.00705893	0.00383359	0.00549611	0.0417643	0.0247668	0.00302205	0.0983283	0.0050504	0.222127	0.0400103	0.0100013	0.137569	0.00862958	0.0119403	0.0341584	0.0728334	0.183098	0.0105359	0.00994273
42	0.0274032	0.00253468	0.000159731	0.000352515	0.0456976	0.00192644	0.000111376	0.357334	0.00017877	0.3091	0.0463278	0.000459065	0.00197439	0.000286407	0.000356533	0.00252478	0.00692509	0.195516	0.000367583	0.000463411
43	0.0687571	0.0077305	0.000699319	0.000869759	0.165023	0.035312	0.000392775	0.131194	0.00744383	0.207807	0.0345895	0.00383046	0.00125907	0.00128368	0.00290179	0.0165246	0.0246347	0.157669	0.0726813	0.0593954
44	0.164804	0.0111743	0.00136775	0.00340465	0.0108123	0.649434	0.000406309	0.0065934	0.00688229	0.00646534	0.0044903	0.00970851	0.00841705	0.00163047	0.00409557	0.058632	0.032138	0.0131707	0.0012278	0.00514568
45	0.0312823	0.000889985	0.00437015	0.0141261	0.00756796	0.024292	0.0513115	0.0200516	0.193463	0.0265096	0.00413877	0.0495683	0.0116308	0.0500893	0.388617	0.0494722	0.0345293	0.0148533	0.0085889	0.0146476
46	0.0616412	0.0160273	0.000221518	0.000996397	0.107848	0.0177555	0.000269448	0.111814	0.00069866	0.43593	0.075973	0.00177435	0.00135009	0.0020233	0.000630508	0.0154298	0.0234941	0.110838	0.0056842	0.00959932
47	0.384232	0.0136854	0.000177784	0.000820366	0.00192244	0.161402	0.000154259	0.0241211	0.000287554	0.0132675	0.0159379	0.00890417	0.00490297	0.00292082	0.000311675	0.258376	0.0663528	0.0402624	0.000799915	0.00116174
48	0.0190049	0.0041617	0.496959	0.0978742	0.0163985	0.0242299	0.00363578	0.0124996	0.0117889	0.0391975	0.0171836	0.0441534	0.00853541	0.02355	0.011739	0.0646009	0.0282715	0.0420323	0.00296854	0.0312159
49	0.016524	0.0040748	0.00123708	0.00235412	0.0250932	0.00784402	0.019402	0.167304	0.0744111	0.193541	0.0593506	0.0194399	0.00542839	0.020624	0.197882	0.0335672	0.0125686	0.0982596	0.0194224	0.0216717
50	0.0183146	0.00878773	0.00111473	0.00100047	0.352276	0.00355656	0.00725044	0.0643153	0.0084692	0.171551	0.0555974	0.00504095	0.00159556	0.0039338	0.0144728	0.00822286	0.0411856	0.0739083	0.00349799	0.155908
51	0.0762478	0.00715732	0.0691029	0.048439	0.00884868	0.124135	0.0097914	0.00869995	0.0587196	0.00662298	0.0052633	0.0111382	0.26515	0.0291056	0.0171479	0.140861	0.0730224	0.033496	0.00352343	0.00352716
52	0.0316287	0.000952441	0.00409862	0.0137468	0.00779121	0.0250841	0.0521517	0.0217732	0.18927	0.0278129	0.00461339	0.0504493	0.0141599	0.0494601	0.383657	0.0490707	0.0344589	0.0154394	0.00905464	0.0153271
53	0.0308508	0.00088973	0.00420181	0.0138454	0.00759454	0.0241008	0.0510782	0.0206471	0.193126	0.0271646	0.0042174	0.0495698	0.011538	0.0497348	0.389607	0.0491965	0.0344527	0.0148612	0.00861126	0.0147129
54	0.0387132	0.00169502	0.00271735	0.00903983	0.0118964	0.0254367	0.0370543	0.0359159	0.157293	0.0421693	0.0107166	0.0606161	0.0846224	0.0408725	0.302777	0.0427299	0.0391116	0.0137661	0.0167006	0.0261562
55	0.0232395	0.0106117	0.000807122	0.000907635	0.342428	0.00407739	0.00552802	0.0651057	0.00593972	0.187728	0.0665736	0.0065185	0.00136821	0.00475436	0.0107081	0.0102788	0.0424754	0.0724599	0.00264016	0.13585
56	0.022849	0.00386472	0.00143231	0.00580735	0.0412051	0.0143423	0.00328041	0.169116	0.000237416	0.285136	0.187151	0.0126111	0.000425034	0.0271615	0.00386175	0.0178166	0.0530761	0.141535	0.000429522	0.00866064
57	0.153616	0.0108605	0.000133953	0.000273111	0.0555201	0.0540233	0.000141062	0.212638	0.000202264	0.178708	0.0449281	0.000750804	0.00100846	0.000469544	0.00027915	0.0454037	0.0832699	0.145662	0.00727673	0.00483542
58	0.363992	0.0298885	0.000412742	0.00103919	0.00310849	0.166823	0.000444579	0.0236599	0.000731057	0.017339	0.012492	0.00536165	0.0163449	0.00355312	0.000537498	0.240358	0.0680573	0.0442242	0.000635499	0.000997204
59	0.125674	0.0130017	0.00015432	0.000470708	0.0318305	0.0425389	0.000201428	0.230549	0.000167419	0.206817	0.0503324	0.00114646	0.00141744	0.000580983	0.00084133	0.0432775	0.0839008	0.162123	0.00274773	0.00222832
60	0.152683	0.0120875	0.000125829	0.000211086	0.0394313	0.0519892	0.000123615	0.209401	0.000163646	0.180436	0.0529886	0.000803846	0.00143458	0.000378718	0.000207701	0.0517818	0.0936328	0.14571	0.00363548	0.00277389
61	0.0613043	0.00948707	0.000155987	0.00058999	0.032411	0.013132	0.000213218	0.304131	0.000185007	0.297025	0.0305179	0.000888298	0.00118346	0.000426012	0.00115637	0.00740495	0.0220911	0.2152	0.00113818	0.00135897
62	0.0292834	0.022935	0.00729578	0.00190951	0.353195	0.0126668	0.00547544	0.0493054	0.00406523	0.120155	0.0486522	0.0116643	0.00253368	0.00795458	0.00673585	0.0175974	0.0290861	0.0511528	0.0249832	0.193353
63	0.150734	0.0117495	0.000132225	0.000329378	0.0375429	0.0498742	0.000133487	0.206145	0.000167417	0.180082	0.0553015	0.00125023	0.0016778	0.000556955	0.000311184	0.0534899	0.0963307	0.148094	0.00332853	0.00276885
64	0.104762	0.0125668	0.000161587	0.000287984	0.0383685	0.0198886	0.000174023	0.255337	0.000212783	0.304033	0.0126384	0.000397703	0.00039154	0.000330573	0.000220795	0.00563006	0.00724756	0.232699	0.00224089	0.00241162
65	0.159475	0.00996667	0.000693922	0.00294107	0.0119577	0.688451	0.000313635	0.0052665	0.00665961	0.00510354	0.0034294	0.00889772	0.00760747	0.00103268	0.00420969	0.041557	0.0246434	0.0116518	0.00121996	0.00492175
66	0.371613	0.016188	0.000230498	0.000776902	0.0100257	0.15342	0.00044066	0.0320694	0.000603288	0.0336947	0.0174703	0.00680571	0.00761939	0.00244664	0.000456295	0.22722	0.0614297	0.0530009	0.00197035	0.00251766
67	0.132085	0.0124854	0.000193613	0.000492182	0.0793249	0.0381384	0.000166512	0.170333	0.000407639	0.255959	0.0567993	0.00101498	0.00104511	0.000927167	0.00027509	0.0352041	0.06412	0.137652	0.00703973	0.00633709
68	0.0641498	0.0172788	0.000141158	0.000847273	0.110926	0.0187839	0.000150878	0.109268	0.000688364	0.435734	0.0720417	0.00135296	0.00101362	0.00123283	0.00047088	0.0155895	0.0228862	0.111459	0.00598121	0.0100033
69	0.0948797	0.173581	0.00180377	0.0511622	0.0410931	0.0690876	0.00261671	0.0200442	0.00285071	0.0237937	0.0161543	0.00789413	0.00790118	0.0776416	0.00400906	0.256539	0.0835277	0.052477	0.004507	0.00843683
70	0.375328	0.0118335	0.000485875	0.000660082	0.0416677	0.189455	0.000419277	0.0313035	0.00125858	0.0435036	0.0311256	0.0026725	0.00669909	0.00132651	0.000791577	0.122091	0.0569345	0.0739278	0.00671328	0.00180369
71	0.0574527	0.0148013	0.000232968	0.00119319	0.105993	0.0170848	0.000504885	0.116338	0.000727313	0.428785	0.0800845	0.00229973	0.00136094	0.0030911	0.000846823	0.01506	0.0246911	0.114138	0.00536582	0.00994961
72	0.0365474	0.00535273	0.000214212	0.000430291	0.0220362	0.0084351	0.000189267	0.402452	0.000269342	0.129863	0.0343974	0.00378532	0.00439575	0.000452023	0.00110244	0.00982506	0.0305178	0.308507	0.000430796	0.000796205
73	0.1529	0.0109003	0.000127872	0.000282153	0.0562041	0.0525444	0.000140032	0.214889	0.000197634	0.182699	0.0428287	0.00076413	0.000993328	0.000485195	0.000284875	0.0435674	0.078712	0.149112	0.00761414	0.00475431
74	0.244259	0.0361106	0.00159005	0.00227845	0.0889799	0.10513	0.00145354	0.0126685	0.00203054	0.0329676	0.0258124	0.0213293	0.0037662	0.020214	0.00252971	0.188425	0.013796	0.0493225	0.0376547	0.109681
75	0.0317361	0.0012633	0.00424792	0.0137276	0.00847948	0.0239883	0.0492406	0.0243318	0.186016	0.0311542	0.00579171	0.0483953	0.0117776	0.048131	0.387203	0.0490804	0.0339382	0.0178746	0.00877809	0.0148441
76	0.357327	0.0111484	0.000328912	0.000576034	0.0711033	0.17835	0.000320671	0.0313359	0.00040966	0.053564	0.0355094	0.000905227	0.0064625	0.00073233	0.000613496	0.0840425	0.0683906	0.0877491	0.0102259	0.000905493
77	0.0249914	0.00218648	0.000161736	0.000356434	0.0462139	0.00130807	0.000108535	0.359697	0.000164464	0.311343	0.0479172	0.000453356	0.00196737	0.000288519	0.000324463	0.00235957	0.00655364	0.192961	0.000266612	0.000377445
78	0.164969	0.062497	0.00529366	0.0828352	0.0242727	0.0242488	0.00516792	0.0889489	0.00634895	0.0380613	0.0825945	0.0199676	0.01056	0.177294	0.0250956	0.0540318	0.0361761	0.0734641	0.00809633	0.0100768
79	0.169429	0.00988845	0.000678241	0.00280142	0.0101897	0.669548	0.000324467	0.00589902	0.00641286	0.00499902	0.003782	0.00863708	0.00748697	0.00108061	0.00395561	0.0515627	0.0258383	0.0121832	0.000894319	0.00440909
80	0.0245423	0.00211958	0.00016144	0.000356305	0.0461772	0.00122701	0.000106843	0.360388	0.00016912	0.311303	0.048099	0.000453908	0.00197352	0.000288175	0.000324637	0.0023392	0.00656456	0.192779	0.000262732	0.000364882
81	0.164566	0.00967974	0.00077874	0.00316621	0.0101328	0.679965	0.000310517	0.00546287	0.00696154	0.00464204	0.00317111	0.00948676	0.0081186	0.00106684	0.00421807	0.0464044	0.0257003	0.0108517	0.000830375	0.00448592
82	0.373873	0.0137787	0.000253878	0.00133601	0.00357083	0.161362	0.000371343	0.0289587	0.000496378	0.0143054	0.01852	0.0119869	0.00475215	0.00718932	0.00048328	0.25019	0.0635007	0.041209	0.00137379	0.00248781
83	0.154149	0.0093983	0.000737365	0.00317751	0.0101331	0.703459	0.000329674	0.00443784	0.00698293	0.00406789	0.00286324	0.00937894	0.00789897	0.0012164	0.00447591	0.0388449	0.0240386	0.00890836	0.000869416	0.00463316
84	0.375507	0.0138202	0.000205204	0.000337362	0.0393145	0.175891	0.000178702	0.0334358	0.000261444	0.0369141	0.027624	0.00182957	0.00559437	0.000848814	0.00034582	0.137984	0.059052	0.0842109	0.00608505	0.000560832
85	0.0230014	0.00367151	0.00117228	0.00500773	0.0419532	0.0127284	0.00267134	0.192542	0.000229994	0.284745	0.17743	0.0112475	0.000579208	0.0211759	0.00346126	0.0161481	0.0461918	0.148361	0.000376419	0.00730675
86	0.0233315	0.00377832	0.00142672	0.00565188	0.0419356	0.0150755	0.00318473	0.167897	0.00027192	0.283365	0.187818	0.0127159	0.000438857	0.0275393	0.00379358	0.0177428	0.0540805	0.140969	0.000432571	0.00855173
87	0.235386	0.00898182	0.0121911	0.0096106	0.00763344	0.0634299	0.0049792	0.0163074	0.0101691	0.0246405	0.0157396	0.00937189	0.198018	0.0186497	0.00785042	0.174912	0.135042	0.0413613	0.00300156	0.00272454
88	0.0376348	0.00593601	0.000213849	0.00045761	0.0208533	0.00837041	0.000232873	0.394868	0.000274933	0.14193	0.0352515	0.00413229	0.00412138	0.000482968	0.00121765	0.0104913	0.0331216	0.299253	0.000426232	0.000729769
89	0.358965	0.0282224	0.000414532	0.00116483	0.00265499	0.149357	0.000570053	0.0235274	0.00047974	0.0171811	0.0125882	0.00600746	0.0188721	0.00393335	0.000506724	0.252136	0.0769247	0.0448416	0.000706117	0.000946459
90	0.0177852	0.00617834	0.0034614	0.00205287	0.250156	0.00574602	0.00230914	0.0757263	0.00305242	0.150789	0.121271	0.0505424	0.00257537	0.0304206	0.00448741	0.0490147	0.0492907	0.0530675	0.00258609	0.119487
91	0.24269	0.00781995	0.00176298	0.00487246	0.019557	0.027627	0.00217853	0.208064	0.00359803	0.0630228	0.0318272	0.00518777	0.00586302	0.00647525	0.00404247	0.0547119	0.134657	0.165597	0.00333958	0.00710622
92	0.0390003	0.00892716	0.00127982	0.00767664	0.0416278	0.0150286	0.00274838	0.165061	0.000515475	0.254312	0.181787	0.0106892	0.0014712	0.0205115	0.00368264	0.0279814	0.0539468	0.151119	0.000982695	0.0116515
93	0.135594	0.00350625	0.000705678	0.00125746	0.0470338	0.0229134	0.000660219	0.261188	0.00104517	0.069027	0.05186	0.00227998	0.0254294	0.00169776	0.00136239	0.00893878	0.016498	0.303531	0.0114052	0.0340662
94	0.199361	0.00780731	0.00131114	0.00405402	0.0179294	0.597065	0.000693202	0.00669515	0.0144635	0.00688879	0.00483441	0.0146507	0.0167039	0.0019179	0.0101602	0.0471293	0.0256089	0.0107153	0.00136014	0.0106506
95	0.0182755	0.00415396	0.387144	0.0658615	0.0295591	0.0174708	0.00277684	0.0200455	0.020478	0.0783867	0.0296186	0.0399819	0.00412692	0.0476796	0.0240104	0.0387353	0.05414	0.0807248	0.00338889	0.0334414
96	0.0276135	0.00511716	0.0010022	0.0056572	0.0350642	0.0139267	0.0026986	0.20248	0.000308311	0.304379	0.151141	0.00895774	0.000767579	0.0178489	0.00576668	0.0171475	0.0458293	0.147413	0.000603658	0.00627781
97	0.0210562	0.00303558	0.0152678	0.000789078	0.358311	0.0133811	0.00580602	0.0333333	0.000784094	0.0746413	0.028708	0.0154459	0.00127029	0.00719689	0.00115291	0.00883272	0.0040597	0.0260932	0.0626303	0.318205
98	0.0377225	0.00780135	0.0857031	0.0456476	0.00654688	0.0264818	0.00128542	0.00513009	0.0420426	0.00571088	0.00345513	0.015036	0.421313	0.0263378	0.005122	0.16076	0.0746477	0.0263888	0.00126413	0.00160279
99	0.15452	0.00370794	0.000722246	0.00141944	0.047416	0.0255972	0.000711421	0.237716	0.00130913	0.0623972	0.0568818	0.00224994	0.0261419	0.00228049	0.00145947	0.0122506	0.0193312	0.289102	0.0151955	0.0395912
100	0.0269573	0.00376263	0.00136339	0.00530846	0.0389949	0.0193682	0.00306779	0.1672	0.000432803	0.278363	0.192731	0.0122828	0.000757732	0.0281889	0.00404639	0.0215199	0.0570034	0.129902	0.000638488	0.00811067
101	0.199608	0.0127714	0.000943653	0.00185264	0.0356524	0.18637	0.000719114	0.141338	0.00208558	0.0958422	0.0362061	0.00463917	0.00670108	0.0030779	0.00174661	0.0703949	0.0561781	0.131422	0.00566442	0.0067865
102	0.0663357	0.00403668	0.00039707	0.000934786	0.129885	0.0357733	0.000285358	0.147766	0.00930408	0.221467	0.0353885	0.00522536	0.000974869	0.000991483	0.00330109	0.0124722	0.0210898	0.164604	0.078456	0.061312
103	0.0229387	0.00357229	0.00120748	0.0051751	0.0425713	0.0131387	0.00288389	0.186919	0.000243764	0.282695	0.181203	0.0119172	0.000522488	0.0222593	0.00354686	0.0166063	0.0477934	0.146698	0.00042903	0.00767966
104	0.390951	0.0151219	0.00017791	0.000611264	0.00128351	0.168123	0.000145965	0.0249678	0.000264218	0.012916	0.0150005	0.00738817	0.00520287	0.00250275	0.00028095	0.250332	0.0600244	0.0437562	0.000416963	0.000532332
105	0.392092	0.0145012	0.000179277	0.000876956	0.00149511	0.159722	0.000117742	0.0253629	0.000249375	0.0130146	0.0150702	0.00742606	0.00506693	0.00229946	0.00030302	0.247553	0.0671819	0.0463761	0.000613651	0.000498956
106	0.215014	0.0305869	0.000859569	0.00153246	0.0485396	0.044564	0.000667273	0.171004	0.00106154	0.0540209	0.0783499	0.00822091	0.010856	0.00378949	0.00111674	0.0744002	0.0353734	0.209134	0.0027884	0.00812063
107	0.0209393	0.00299839	0.0152348	0.000783529	0.358008	0.013464	0.00592661	0.0332421	0.000787915	0.0746759	0.0285748	0.0152851	0.00127722	0.00724402	0.00115535	0.00876283	0.0039948	0.0263474	0.0630288	0.318269
108	0.215646	0.00825998	0.0010167	0.0124445	0.0103831	0.472611	0.000492421	0.0115971	0.00794419	0.00983181	0.00893382	0.0244603	0.0109104	0.00403231	0.00426609	0.10536	0.0643416	0.0205791	0.00195124	0.00493833
109	0.143279	0.0121531	0.000133888	0.000292911	0.0367992	0.0492576	0.000118829	0.217	0.000162076	0.187462	0.0521452	0.000777437	0.00141826	0.00039055	0.000447763	0.0491162	0.091197	0.152001	0.00331809	0.00253086
110	0.395211	0.0144412	0.000173926	0.000670789	0.00121322	0.167073	0.000177504	0.0235405	0.000294837	0.0126151	0.0149112	0.00715661	0.00503736	0.00262648	0.000288929	0.254268	0.0583368	0.0409682	0.000463159	0.000532485
111	0.236112	0.00146255	0.000436229	0.00353246	0.0074663	0.0483066	0.000449815	0.0341498	0.000666364	0.0154632	0.0265132	0.0315764	0.00618298	0.00610997	0.000691621	0.336155	0.204961	0.0315735	0.00569777	0.00249368
112	0.0355417	0.00508141	0.000222188	0.000362425	0.02336	0.00764932	0.000170705	0.406794	0.000273073	0.117241	0.0341911	0.00380297	0.0049674	0.000498378	0.00101893	0.00910877	0.0306087	0.317741	0.000441238	0.000925928
113	0.104655	0.0125539	0.00016158	0.00028805	0.0383928	0.0198614	0.000174044	0.255486	0.000212983	0.304007	0.0126598	0.000395877	0.00039189	0.000330061	0.000220761	0.00562781	0.00724922	0.232685	0.00223672	0.00241105
114	0.155381	0.00952376	0.000721062	0.00316537	0.0103894	0.699224	0.000319701	0.0046024	0.00687529	0.00432452	0.00289009	0.00933898	0.00784289	0.00102251	0.0042666	0.0403884	0.0245321	0.00967678	0.000881198	0.0046337
115	0.142424	0.00491942	0.0403578	0.0538366	0.0104061	0.0411072	0.0295282	0.0160813	0.0643121	0.0192459	0.0104021	0.00545019	0.20411	0.035604	0.0332851	0.124131	0.0897222	0.0635395	0.00728777	0.00424895
116	0.0645554	0.00607422	0.00163895	0.00384797	0.070572	0.0154583	0.00108413	0.112685	0.00285814	0.350855	0.06003	0.00527099	0.00363945	0.0246702	0.00235073	0.0503609	0.0871021	0.112591	0.0139396	0.0104169
117	0.0747266	0.0142247	0.000259082	0.00112605	0.103611	0.0191435	0.000137861	0.1358	0.00126978	0.376793	0.058381	0.00198791	0.000540074	0.00209277	0.000399664	0.0142341	0.0295685	0.136776	0.0127354	0.0161929
118	0.15562	0.0094974	0.000724873	0.00315409	0.0102776	0.700212	0.000326248	0.00443453	0.0069911	0.00423096	0.00282302	0.009318	0.00776269	0.00103508	0.0042553	0.0400102	0.0243175	0.0094862	0.000893994	0.00462912
119	0.387413	0.0148598	0.000165546	0.000535832	0.0106672	0.162735	0.000152287	0.032002	0.000252886	0.0212255	0.018187	0.00567163	0.0054528	0.00182029	0.000291288	0.211924	0.0635171	0.0607621	0.00167763	0.00068753
120	0.0683413	0.00384978	0.000367164	0.000718339	0.144429	0.0394406	0.000277083	0.147984	0.00924278	0.200495	0.0263247	0.00407916	0.000810609	0.00081386	0.00333924	0.0144083	0.0210447	0.16254	0.0855524	0.0659425
121	0.0245262	0.00217905	0.000167512	0.00041887	0.0461234	0.00133562	0.000126604	0.359365	0.000166568	0.310334	0.0492464	0.000560692	0.00195603	0.000476005	0.000347861	0.002476	0.00692113	0.192587	0.000259939	0.000426205
122	0.107767	0.00394903	0.00238329	0.0143521	0.0160687	0.0100313	0.00056194	0.142588	0.00560308	0.0852294	0.0676256	0.0103324	0.00588753	0.0125672	0.00508552	0.10793	0.158734	0.236925	0.0014918	0.00488557
123	0.0745001	0.0046758	0.0169684	0.00349195	0.0294977	0.0387065	0.00171626	0.0159319	0.00329694	0.0860423	0.0116849	0.00553433	0.0172645	0.00523211	0.00311522	0.0442671	0.0132038	0.0623829	0.523611	0.0388758
124	0.0331198	0.000886492	0.00503207	0.0155341	0.00751873	0.0248648	0.0526136	0.0200723	0.189806	0.026101	0.00430898	0.0486289	0.0131755	0.0506973	0.382258	0.0510696	0.0351222	0.015817	0.00869642	0.014677
125	0.0875489	0.00384987	0.0204385	0.00266803	0.030411	0.0445598	0.001329	0.0131106	0.00262646	0.0786886	0.010055	0.0049124	0.0124569	0.00407735	0.00258552	0.0505167	0.0114682	0.0703375	0.504192	0.0441676
126	0.0356748	0.00558811	0.000223023	0.000387959	0.020769	0.0080523	0.000175412	0.408045	0.000278476	0.117495	0.0337719	0.00413232	0.00456349	0.000494237	0.00112714	0.00982033	0.0328145	0.315411	0.000416971	0.000758905
127	0.0243409	0.00701695	0.00713589	0.000884442	0.346511	0.00937618	0.00549316	0.0574356	0.00404435	0.140985	0.0464799	0.0101042	0.00151866	0.00564658	0.00657053	0.0094748	0.0239677	0.055322	0.0304311	0.207261
128	0.0209653	0.00299697	0.0151711	0.000783839	0.358075	0.0134691	0.00593003	0.0331571	0.000787473	0.0746575	0.0285445	0.0152632	0.00127736	0.00718085	0.00115418	0.00874423	0.00396618	0.0263306	0.0630458	0.3185
129	0.0351241	0.00524402	0.000217786	0.000385674	0.0224667	0.00776497	0.000168158	0.410833	0.000284342	0.111207	0.0339728	0.00400949	0.00519039	0.000517363	0.0010988	0.00933332	0.0309551	0.319878	0.000428982	0.000920222
130	0.111227	0.00892757	0.00325544	0.00556537	0.0784618	0.0351036	0.00323096	0.0572663	0.00446356	0.158563	0.0590145	0.108223	0.0114741	0.0215862	0.00587207	0.124498	0.105007	0.0710655	0.00776927	0.0194248
131	0.0254932	0.00245683	0.000173974	0.000362008	0.0427927	0.00200185	0.000126091	0.362449	0.000160182	0.294544	0.0465867	0.000778518	0.00217608	0.000295236	0.00032902	0.00279563	0.00817035	0.207613	0.000284574	0.00041072
132	0.113987	0.00630596	0.0412542	0.0249363	0.0123201	0.0284016	0.00410616	0.0151896	0.0243245	0.0303655	0.0124114	0.0103653	0.417943	0.0180517	0.0204352	0.100519	0.0689498	0.0383871	0.00707363	0.00467243
133	0.0425837	0.00427988	0.000162762	0.000319918	0.0470972	0.0049216	0.00013381	0.341177	0.000179178	0.30417	0.0387846	0.000446024	0.00164987	0.000300885	0.000270087	0.00298511	0.00619737	0.20275	0.000769225	0.00082255
134	0.283054	0.0170504	0.000538536	0.00135287	0.00657798	0.402679	0.000206989	0.016102	0.00250548	0.00922817	0.00943493	0.0065403	0.00631181	0.00159983	0.00176597	0.148743	0.0534695	0.0299855	0.000884582	0.0019695
135	0.103083	0.0125226	0.000161773	0.000287608	0.0383446	0.0192484	0.000169209	0.258098	0.000210174	0.30485	0.0134273	0.000395113	0.000419411	0.000336808	0.000228719	0.00547206	0.00734902	0.230837	0.00219745	0.00236226
136	0.103163	0.0123983	0.000158311	0.000283533	0.0384915	0.0192553	0.000168173	0.258247	0.000208552	0.304164	0.0134573	0.000393754	0.000428281	0.000321505	0.000225541	0.00550385	0.00724941	0.231275	0.00218018	0.00242754
137	0.412229	0.0124965	0.000242052	0.000543217	0.0199238	0.150631	0.000767845	0.0318154	0.000389748	0.0350106	0.0226144	0.00369735	0.00540699	0.00133431	0.00040151	0.169672	0.0556705	0.0727875	0.00330375	0.00106209
138	0.0672854	0.0206664	0.000146329	0.00104396	0.107616	0.0203347	0.00010929	0.11907	0.000707037	0.407635	0.0778432	0.00128383	0.000479004	0.00127864	0.000429338	0.0158072	0.0234966	0.117055	0.00609689	0.0116163
139	0.0693889	0.0035339	0.000380249	0.000674635	0.139932	0.0384734	0.000289308	0.151684	0.00910316	0.204549	0.0267275	0.0042631	0.000774811	0.000800385	0.00329081	0.0134529	0.0209368	0.163717	0.0837395	0.0642889
140	0.0668051	0.0209288	0.000119231	0.00101332	0.111182	0.0198998	0.000109325	0.115811	0.000709826	0.411159	0.0760835	0.00112524	0.000386313	0.00119327	0.000335648	0.0155203	0.0238997	0.116673	0.00604818	0.0109974
141	0.0245423	0.00211958	0.00016144	0.000356305	0.0461772	0.00122701	0.000106843	0.360388	0.00016912	0.311303	0.048099	0.000453908	0.00197352	0.000288175	0.000324637	0.0023392	0.00656456	0.192779	0.000262732	0.000364882
142	0.0169132	0.00408576	0.504194	0.0932346	0.0174426	0.0242485	0.00297773	0.012391	0.0107958	0.0417335	0.0180808	0.0452496	0.00534102	0.0242438	0.0116988	0.0608877	0.0287455	0.0434709	0.00299643	0.0312687
143	0.0553482	0.00362748	0.000569884	0.00102143	0.135005	0.0353249	0.000650823	0.144985	0.0170555	0.200758	0.0283781	0.00414234	0.00135417	0.0011653	0.00669334	0.0120025	0.0242741	0.169392	0.0839223	0.074329
144	0.163657	0.0107667	0.000916249	0.0116573	0.0377512	0.056993	0.00090081	0.0376053	0.0453303	0.239073	0.0186682	0.00236742	0.0978111	0.0318634	0.0458086	0.0192113	0.0126573	0.0734601	0.0913208	0.00218119
145	0.153066	0.00942877	0.000725954	0.00319113	0.0100461	0.705759	0.00032097	0.00423675	0.00701751	0.0039142	0.00256583	0.00942261	0.00783528	0.00102635	0.00431153	0.0388683	0.0239486	0.00882112	0.000827725	0.00466677
146	0.244106	0.00270815	0.000580495	0.00222695	0.0138029	0.0438133	0.000740849	0.0783363	0.000797808	0.023219	0.0239277	0.0152366	0.0055735	0.00355381	0.000907989	0.276913	0.213495	0.0443107	0.00338028	0.0023699
147	0.341182	0.0123837	0.000294686	0.000461455	0.0747984	0.181503	0.000284875	0.0306988	0.000383135	0.0490324	0.0373733	0.00102195	0.00671479	0.000880053	0.000415939	0.101419	0.0650864	0.0814497	0.0123886	0.00222713
148	0.103082	0.0137662	0.000176407	0.00085454	0.0308598	0.0335982	0.000409198	0.235259	0.00024518	0.242827	0.0519189	0.00148514	0.00127995	0.00130521	0.00133078	0.0341544	0.0667035	0.176237	0.00216104	0.0023468
149	0.151199	0.0122835	0.000142383	0.000273197	0.0414777	0.0557519	0.000134485	0.213428	0.000198661	0.177683	0.0492655	0.000716832	0.00125316	0.00040421	0.000237777	0.0496823	0.0931471	0.145672	0.0040188	0.00303073
150	0.22561	0.0486328	0.0011504	0.00200108	0.0199595	0.100364	0.00114779	0.0650758	0.00174869	0.17574	0.00726374	0.00379587	0.0234002	0.00310587	0.00199685	0.233435	0.0494622	0.0298515	0.0027721	0.00348686
151	0.0620949	0.0161897	0.000137699	0.000899267	0.109913	0.0175184	0.000178549	0.10992	0.000718798	0.442223	0.070367	0.00136801	0.00104922	0.00137861	0.000557516	0.0155923	0.0229823	0.111246	0.0060695	0.00959507
152	0.0231372	0.00396858	0.00135826	0.00565575	0.0411227	0.0147154	0.00319892	0.168924	0.00026747	0.284403	0.191055	0.0129829	0.000457029	0.0263284	0.00379529	0.0186639	0.0522109	0.138947	0.000466205	0.00834255
153	0.067122	0.0134746	0.000309518	0.00135509	0.121851	0.0200405	0.000141106	0.116161	0.00214417	0.376094	0.060411	0.00288565	0.000462737	0.00230951	0.000607528	0.0148056	0.0305742	0.127431	0.0195269	0.0222934
154	0.34723	0.0120308	0.000272324	0.000478351	0.0738574	0.186335	0.000310242	0.0314395	0.000356175	0.0486012	0.0374116	0.000697199	0.00723717	0.000648652	0.000419829	0.0928671	0.0641187	0.0832745	0.0116616	0.000752245
155	0.0648891	0.01663	0.000243445	0.00105774	0.145928	0.0167201	0.000265791	0.105076	0.00112986	0.389692	0.0620256	0.00139832	0.000438473	0.00193135	0.000551987	0.0140697	0.0309849	0.123535	0.00935316	0.0140802
156	0.123504	0.00343527	0.0869247	0.118412	0.00993307	0.0238188	0.0403347	0.0165361	0.100634	0.0100513	0.011277	0.00710089	0.060833	0.0811148	0.0552882	0.105629	0.0633494	0.0647257	0.00898449	0.00811294
157	0.0309384	0.000890679	0.00420195	0.0139268	0.0075385	0.024279	0.0513273	0.0200619	0.193628	0.0265732	0.00412134	0.0497472	0.0114681	0.0499938	0.389613	0.0492904	0.0344408	0.0146764	0.00860058	0.0146831
158	0.0309384	0.000890679	0.00420195	0.0139268	0.0075385	0.024279	0.0513273	0.0200619	0.193628	0.0265732	0.00412134	0.0497472	0.0114681	0.0499938	0.389613	0.0492904	0.0344408	0.0146764	0.00860058	0.0146831
159	0.582648	0.0150528	0.000745689	0.0114133	0.00488552	0.00534943	0.0319919	0.0239212	0.00165006	0.00938601	0.00696686	0.0128664	0.00260761	0.00223089	0.00150321	0.0707607	0.065578	0.145667	0.00202015	0.00275531
160	0.144169	0.00102087	0.0596146	0.104194	0.00832116	0.0247372	0.0426884	0.0123767	0.12263	0.00350824	0.00682711	0.00114466	0.0732868	0.0599309	0.0612399	0.121332	0.0716789	0.0662902	0.00992802	0.00508242
161	0.177862	0.00629101	0.0166201	0.0200468	0.0194999	0.0390136	0.00861176	0.0261977	0.0284692	0.0573898	0.0190351	0.00948289	0.307501	0.0196765	0.0506052	0.0639585	0.0598281	0.0457093	0.0170093	0.00719211
162	0.0246322	0.00222006	0.000166814	0.000361441	0.0449382	0.00143376	0.00010269	0.362619	0.000162068	0.302988	0.047242	0.000594785	0.00211444	0.000284641	0.000317978	0.00250081	0.00729931	0.199392	0.000270425	0.000360274
163	0.0245423	0.00211958	0.00016144	0.000356305	0.0461772	0.00122701	0.000106843	0.360388	0.00016912	0.311303	0.048099	0.000453908	0.00197352	0.000288175	0.000324637	0.0023392	0.00656456	0.192779	0.000262732	0.000364882
164	0.0377225	0.00780135	0.0857031	0.0456476	0.00654688	0.0264818	0.00128542	0.00513009	0.0420426	0.00571088	0.00345513	0.015036	0.421313	0.0263378	0.005122	0.16076	0.0746477	0.0263888	0.00126413	0.00160279
165	0.0686072	0.00379702	0.00147726	0.00277175	0.093623	0.0296368	0.00127927	0.0760183	0.00232662	0.388603	0.0649422	0.0170602	0.0712147	0.0042583	0.0195621	0.0363545	0.0355775	0.0719927	0.00690555	0.00399176
166	0.144169	0.00102087	0.0596146	0.104194	0.00832116	0.0247372	0.0426884	0.0123767	0.12263	0.00350824	0.00682711	0.00114466	0.0732868	0.0599309	0.0612399	0.121332	0.0716789	0.0662902	0.00992802	0.00508242
167	0.0255029	0.00527358	0.00131949	0.0058432	0.0433501	0.0153218	0.00299776	0.169503	0.000280927	0.288964	0.18418	0.011773	0.000428146	0.023724	0.00370238	0.0177309	0.0493924	0.140386	0.000840606	0.00948586
168	0.065109	0.0162399	0.000271429	0.00107079	0.139951	0.0175306	0.000139751	0.107176	0.00134576	0.389896	0.0617184	0.00159396	0.000422403	0.00208075	0.000466136	0.0143748	0.0298825	0.125226	0.0118712	0.0136334
169	0.0637753	0.0166083	0.000252638	0.00101849	0.156896	0.0157541	0.000512644	0.101823	0.00124441	0.382225	0.0626437	0.00138994	0.000464568	0.00181376	0.000873469	0.0134767	0.0311265	0.122898	0.00876217	0.0164415
170	0.0664961	0.0203602	0.000116736	0.00101287	0.111108	0.0196135	0.00011049	0.116367	0.000707483	0.412966	0.0742855	0.00113199	0.000392973	0.00121945	0.000379791	0.015469	0.0244164	0.117011	0.00613462	0.0107009
171	0.172924	0.0115942	0.000415174	0.00189591	0.0218625	0.0313553	0.000469424	0.179744	0.000545769	0.0597321	0.0589927	0.00633734	0.00724212	0.0183441	0.000761902	0.100157	0.100838	0.204333	0.00131454	0.0211404
172	0.242306	0.0370569	0.00161112	0.00252816	0.08657	0.104144	0.00166344	0.0133285	0.00207759	0.0324898	0.0251531	0.0232952	0.0040751	0.021775	0.00259276	0.185977	0.0138666	0.050511	0.0384702	0.110509
173	0.347037	0.0120487	0.000272861	0.000477461	0.0740595	0.186261	0.000352633	0.0314235	0.000356643	0.0484943	0.0374867	0.000700462	0.00724218	0.000675607	0.000415651	0.0929341	0.0640721	0.0831499	0.0116954	0.000844076
174	0.172167	0.0125323	0.000174939	0.000452915	0.0362696	0.0507638	0.000169526	0.198208	0.000207101	0.143042	0.0523567	0.00255986	0.00322342	0.00298925	0.000264834	0.0643458	0.0903309	0.159911	0.00309099	0.00693991
175	0.0250858	0.00400079	0.001574	0.0056643	0.0499139	0.0141111	0.00286451	0.159911	0.000595458	0.298522	0.173218	0.0115663	0.000538942	0.0263191	0.00351883	0.0181908	0.0546263	0.137044	0.00169239	0.0110429
176	0.0244333	0.00492919	0.00118387	0.00539994	0.0438596	0.015357	0.00293792	0.171771	0.000333914	0.264149	0.207951	0.0144549	0.000619234	0.0216643	0.0036024	0.0216827	0.0490548	0.138027	0.00057785	0.00801103
177	0.36828	0.0125629	0.000210758	0.00036739	0.04571	0.170964	0.000231021	0.0387744	0.000326972	0.0432397	0.0291942	0.00197398	0.00566521	0.000841925	0.000382903	0.123752	0.0589884	0.0906929	0.00674212	0.00109958
178	0.089761	0.00403145	0.000630042	0.00451502	0.0316761	0.00722609	0.00069652	0.112692	0.000929368	0.0896463	0.0853801	0.0171451	0.00287373	0.0175306	0.00133882	0.100918	0.209003	0.217119	0.00192657	0.0049602
179	0.0223454	0.00411298	0.0285673	0.000963085	0.347215	0.0134572	0.00493815	0.0410046	0.00177436	0.0741954	0.0402251	0.0284295	0.00179111	0.00927429	0.0016638	0.0139474	0.00998602	0.0288532	0.0500595	0.277197
180	0.0321434	0.00336257	0.00014613	0.000494362	0.0429551	0.00340422	0.000158644	0.348019	0.000204362	0.306169	0.0473706	0.00060072	0.0019462	0.000368986	0.000690478	0.00427733	0.0097212	0.196928	0.000424183	0.000616334
181	0.0503765	0.00715533	0.0782375	0.050536	0.00725587	0.0264653	0.00592126	0.00595242	0.0483809	0.00584826	0.00387705	0.0129564	0.385696	0.0308451	0.0112272	0.153113	0.0793173	0.0326936	0.00227345	0.0018718
182	0.0255359	0.0039081	0.0120067	0.00553513	0.0471078	0.0131763	0.00254583	0.162694	0.00181106	0.280931	0.138992	0.0109534	0.0018803	0.0297094	0.00393723	0.0181148	0.0759873	0.139389	0.00300978	0.0227738
183	0.0209653	0.00299697	0.0151711	0.000783839	0.358075	0.0134691	0.00593003	0.0331571	0.000787473	0.0746575	0.0285445	0.0152632	0.00127736	0.00718085	0.00115418	0.00874423	0.00396618	0.0263306	0.0630458	0.3185
184	0.157978	0.0121659	0.000158316	0.000248461	0.0384871	0.0512607	0.000129312	0.205171	0.000212981	0.177591	0.0553816	0.00126417	0.002	0.000406213	0.000289379	0.054095	0.0918199	0.145182	0.00339789	0.00276205
185	0.0587022	0.0174439	0.0163911	0.132126	0.0186974	0.0168188	0.00587188	0.0715684	0.00673909	0.0358205	0.0673003	0.0443372	0.00730228	0.226133	0.0741043	0.0248551	0.0282006	0.131325	0.00600943	0.010253
186	0.401949	0.0154074	0.000169812	0.00043665	0.00161302	0.164047	0.000137183	0.0265864	0.000249431	0.0139909	0.0145556	0.00572093	0.00508865	0.00198193	0.000262605	0.236616	0.059655	0.0506854	0.000356723	0.000490672
187	0.203663	0.0106699	0.000798896	0.00314837	0.0154612	0.562804	0.000294733	0.0148019	0.00512524	0.0124261	0.00904605	0.00828467	0.00709964	0.00139763	0.00306232	0.0691999	0.0327213	0.0337409	0.00239872	0.00385536
188	0.0649499	0.0108312	0.000780042	0.00493749	0.114156	0.0208654	0.000390948	0.100021	0.00478063	0.390396	0.0596382	0.00264624	0.00258544	0.0100753	0.0017672	0.0230844	0.0457252	0.111102	0.014489	0.016779
189	0.146188	0.0123778	0.000235723	0.00126618	0.0345854	0.0396494	0.000169641	0.186896	0.000310513	0.163155	0.0648967	0.00294022	0.00372692	0.00231917	0.000366233	0.0634077	0.109246	0.162171	0.00244072	0.00365281
