284	20
1	0.0724376	0.00121778	0.00319963	0.000459507	0.235639	0.0398788	0.00085836	0.145926	0.000525952	0.302219	0.0111032	0.000874423	0.000651847	0.000665391	0.000540126	0.016025	0.0155865	0.0584315	0.0142074	0.0795526
2	0.365758	0.0269132	0.00112847	0.000762904	0.102871	0.0259028	0.000874435	0.0213619	0.00087409	0.191154	0.00719933	0.00151865	0.00942066	0.00112154	0.000688162	0.17168	0.0241407	0.0326172	0.0110914	0.00292183
3	0.0323774	0.00103724	0.000138034	0.00022579	0.0274687	0.00892973	0.00127741	0.104276	0.000276024	0.589267	0.0798152	0.0127268	0.000860582	0.0150095	0.00157982	0.0112266	0.0236509	0.0776231	0.00478686	0.00744684
4	0.094411	0.00826774	0.000161511	0.000260535	0.070818	0.0275211	0.000329685	0.236629	0.000196196	0.233334	0.0295338	0.000910142	0.00413801	0.00176253	0.000261759	0.0299103	0.0286452	0.204359	0.0157849	0.0127657
5	0.0746148	0.0122213	6.45433e-05	0.000120211	0.0926511	0.0210553	0.000108208	0.166391	9.95498e-05	0.398968	0.0360321	0.000274206	0.000192617	0.000559011	0.000294582	0.0105595	0.0363716	0.145694	0.00280054	0.000927724
6	0.497216	0.0204058	0.000184154	0.00511444	0.00926614	0.0984796	0.000216829	0.00311462	0.000190001	0.00813613	0.00249367	0.00406518	0.00402963	0.00113789	0.000161826	0.274026	0.0546863	0.0161864	0.000376297	0.000513453
7	0.0867032	0.0377295	0.000624359	0.000760724	0.376662	0.0121745	0.000648762	0.02361	0.000620857	0.243222	0.0846621	0.00124035	0.00475407	0.000873573	0.0005765	0.0483235	0.0400923	0.0230907	0.00515468	0.00847631
8	0.228127	0.0461351	0.000707968	0.00070466	0.0420344	0.107357	0.00077105	0.0357136	0.00070298	0.17957	0.0598495	0.00136533	0.00128754	0.00108566	0.000585841	0.0447109	0.0206704	0.215605	0.00259728	0.0104195
9	0.142142	0.0150562	0.000140739	0.0013983	0.062289	0.0308885	0.000492061	0.103878	0.000211137	0.322241	0.0460331	0.00341573	0.000386436	0.00192656	0.000164948	0.0680599	0.079901	0.116717	0.00045441	0.00420345
10	0.515202	0.0220952	0.000202575	0.00479015	0.00907727	0.0718197	0.000192975	0.00166224	0.000233759	0.00876427	0.00199505	0.00340155	0.00346106	0.000863939	0.000148188	0.289786	0.052463	0.0129715	0.000370467	0.000498833
11	0.0794591	0.0126086	6.92719e-05	0.000102167	0.0894562	0.0230006	0.000108158	0.172285	9.34449e-05	0.377012	0.0330678	0.000194506	0.000471409	0.000465941	0.000224493	0.0119101	0.0367264	0.158996	0.00270566	0.00104316
12	0.105439	0.0141309	0.000190383	0.000787841	0.106406	0.0474286	0.000593037	0.0918109	0.00056311	0.315691	0.0494582	0.00447157	0.000397464	0.0013839	0.000901228	0.0428387	0.0345976	0.128771	0.0252316	0.0289079
13	0.223606	0.00630029	0.000771624	0.00245421	0.0268228	0.147566	0.00505553	0.0234222	0.00375608	0.0906651	0.0265209	0.0304686	0.00188978	0.0860456	0.00110331	0.180094	0.0791924	0.057439	0.00149761	0.00532926
14	0.0128377	0.00174864	0.241159	0.000862955	0.0133783	0.0320726	0.140882	0.00437871	0.0263753	0.0238976	0.00365054	0.173367	0.0013311	0.0620488	0.0574799	0.101902	0.0458506	0.0215313	0.00174335	0.0335027
15	0.0240238	0.00123887	0.194914	0.0119744	0.0119505	0.0257961	0.0974845	0.00669944	0.0512887	0.0214893	0.00878055	0.154755	0.00262241	0.0858353	0.139363	0.0670219	0.0439569	0.0155964	0.00249059	0.0327194
16	0.025251	0.000826173	0.00042388	0.000418943	0.730248	0.0110393	0.000573596	0.00224024	0.000454568	0.0457046	0.00982304	0.00514548	0.000730016	0.00165943	0.000347186	0.00274254	0.0111941	0.00318769	0.00614618	0.141844
17	0.103516	0.00334294	0.0533812	0.0987349	0.00378896	0.0665504	0.0159254	0.00837801	0.026819	0.0266448	0.0221297	0.042651	0.0119228	0.0634686	0.0495899	0.225002	0.13605	0.0287685	0.00320679	0.0101285
18	0.0105874	0.00111027	0.000382153	0.000486353	0.0512337	0.0024418	0.000541539	0.263387	0.00979715	0.364686	0.00806598	0.0260374	0.000969002	0.000613579	0.000499969	0.00318223	0.0138875	0.17009	0.00662467	0.0653771
19	0.160233	0.00586319	0.0637675	0.102048	0.00828571	0.0215688	0.0340263	0.0061734	0.046409	0.087538	0.0347419	0.0463925	0.000383538	0.0989213	0.0653042	0.0908545	0.0713939	0.0308089	0.00307384	0.0222132
20	0.0473732	0.00545156	0.0023424	0.00282793	0.0416331	0.0106479	0.0297258	0.013528	0.0028285	0.170584	0.0115822	0.166698	0.00414648	0.00393035	0.00271536	0.0625439	0.0703058	0.0456103	0.00468633	0.300839
21	0.0555672	0.0010472	0.000210271	0.000286755	0.00897128	0.00545436	0.000296261	0.254175	0.000342638	0.0435428	0.0224575	0.00115469	0.000531633	0.000460033	0.000207389	0.0031258	0.028461	0.572417	0.000441418	0.000850347
22	0.142727	0.00224632	0.00121492	0.00119737	0.107561	0.00467043	0.00419585	0.0185423	0.0132571	0.0434206	0.00534263	0.00196943	0.01411	0.00468645	0.0155283	0.0338008	0.0248873	0.310772	0.0525787	0.197292
23	0.119294	0.00658349	0.0516757	0.113404	0.00644445	0.0371494	0.0382802	0.00515179	0.0418441	0.0532719	0.0403302	0.0595305	0.000365722	0.0990863	0.0645937	0.120638	0.0920412	0.0286798	0.00171639	0.0199189
24	0.160233	0.00586319	0.0637675	0.102048	0.00828571	0.0215688	0.0340263	0.0061734	0.046409	0.087538	0.0347419	0.0463925	0.000383538	0.0989213	0.0653042	0.0908545	0.0713939	0.0308089	0.00307384	0.0222132
25	0.0198186	0.00436558	0.0501656	0.00244766	0.0122283	0.00971143	0.0019526	0.0125087	0.0360732	0.296498	0.250945	0.00396454	0.00336519	0.0804788	0.00250292	0.0372638	0.124413	0.0407487	0.00416545	0.00638238
26	0.0572799	0.00117278	0.0239581	0.0169465	0.00291213	0.025729	0.00673647	0.00313628	0.00428284	0.0100351	0.00222672	0.0168792	0.734991	0.000957192	0.000721617	0.0678021	0.017581	0.00430563	0.000941985	0.00140453
27	0.0163641	0.00149579	0.0112545	0.000662547	0.0594556	0.00855459	0.00054004	0.107063	0.00862101	0.417512	0.0649679	0.00733735	0.0312375	0.00113036	0.00060442	0.0174384	0.0851582	0.113804	0.0303508	0.0164477
28	0.0907758	0.00530343	0.000869505	0.0210144	0.137754	0.0353648	0.0335591	0.145614	0.0126421	0.16824	0.0230059	0.00179459	0.00981042	0.0247514	0.0171199	0.0291763	0.0129106	0.0988691	0.0416535	0.0897714
29	0.00620958	0.00153139	0.000581693	0.000759239	0.292169	0.00317628	0.000730795	0.00371859	0.000801282	0.0478144	0.00341199	0.00144207	0.0011015	0.00619348	0.000703863	0.00403135	0.00457769	0.0238147	0.0168973	0.580334
30	0.0315872	0.0101825	0.000801997	0.00115478	0.00510713	0.0127882	0.00102445	0.0388257	0.437769	0.0747906	0.0231611	0.00178207	0.00168793	0.0202156	0.213313	0.0248459	0.0591963	0.0374239	0.00184435	0.00249734
31	0.0332196	0.00383706	0.000146723	0.000209818	0.116674	0.000846831	0.00311319	0.388763	0.000235193	0.195933	0.0391214	0.000312324	0.000313273	0.000321999	0.000183866	0.0094532	0.0078367	0.166162	0.00673093	0.0265871
32	0.287076	0.0208443	0.000535753	0.00129438	0.0110066	0.0525237	0.000688386	0.00479355	0.000634204	0.00839673	0.00535874	0.00346233	0.00148776	0.00441579	0.00056841	0.254507	0.297405	0.0425901	0.00102726	0.00138402
33	0.482465	0.0219662	0.000195489	0.00508479	0.0105527	0.11223	0.000222378	0.00444833	0.000197016	0.00774865	0.00280207	0.00490229	0.0049932	0.00105899	0.000156589	0.265034	0.0574192	0.0175574	0.000387935	0.000577357
34	0.0823113	0.00261466	0.00122008	0.00129082	0.127185	0.00598151	0.00125772	0.136835	0.00110166	0.0842514	0.0339908	0.00210287	0.0150137	0.00249768	0.00117015	0.0895805	0.216785	0.164337	0.0152156	0.0152578
35	0.00946334	0.00602288	0.000385948	0.000527763	0.058216	0.00228374	0.000615232	0.00310634	0.000738058	0.00900554	0.00224692	0.000965153	0.000691561	0.000997896	0.000910099	0.00293913	0.00779651	0.00336563	0.861168	0.0285544
36	0.379181	0.0132312	0.0149435	0.0138346	0.0168918	0.232348	0.000874951	0.00868865	0.00250946	0.0103109	0.00729936	0.0127545	0.00500069	0.00818491	0.000465898	0.207162	0.0424791	0.0185209	0.000705057	0.00461411
37	0.215126	0.00116921	0.0773462	0.0167161	0.0178778	0.356948	0.000573253	0.00335297	0.0113584	0.00951339	0.0041661	0.0267728	0.00102934	0.00197451	0.000434289	0.209788	0.0209049	0.00855652	0.000913333	0.0154791
38	0.0517753	0.00239345	0.11011	0.0350048	0.010638	0.0236374	0.0792897	0.00703788	0.0660522	0.0488373	0.0156734	0.11139	0.00256809	0.113487	0.143893	0.0768543	0.0472209	0.0176688	0.00287138	0.0335977
39	0.062436	0.00168778	0.156742	0.465198	0.0136579	0.0385649	0.000929476	0.00579719	0.00449038	0.0205182	0.00583353	0.0214396	0.0362204	0.0592482	0.0037501	0.0726788	0.00969771	0.0174666	0.00155879	0.00208428
40	0.0321097	0.00222973	0.0114655	0.0390419	0.00799356	0.77981	0.000823698	0.00602398	0.00203285	0.0162595	0.0049952	0.00489776	0.00234715	0.00138684	0.000807323	0.0625875	0.0115171	0.00881001	0.0016707	0.00319014
41	0.399093	0.0165947	0.00191756	0.003971	0.0114247	0.0736174	0.000889621	0.0135359	0.00109907	0.0165392	0.00882033	0.00693661	0.00547989	0.00272792	0.00114732	0.339105	0.0619691	0.0312824	0.00141103	0.00243787
42	0.020044	0.00142466	0.000358544	0.000359104	0.0603067	0.00490057	0.00293048	0.115118	0.000523871	0.525036	0.113705	0.00940131	0.00383472	0.0133898	0.0010402	0.00970467	0.0175108	0.0863546	0.00361537	0.0104418
43	0.0265833	0.000735312	0.000258267	0.000249904	0.0294718	0.00672715	0.00159489	0.107774	0.000487082	0.576856	0.0931421	0.0114047	0.00215012	0.014267	0.00125159	0.0103201	0.0226469	0.0807136	0.00544188	0.00792374
44	0.00847256	0.007426	0.000357406	0.000482181	0.162351	0.00304604	0.000375382	0.0289236	0.000389126	0.716921	0.0409106	0.000800486	0.000689067	0.000679313	0.000308848	0.0031146	0.00583614	0.00561635	0.000732747	0.0125685
45	0.0102721	0.0060659	0.000416367	0.000639309	0.0629612	0.00250899	0.000503225	0.00538462	0.00050696	0.0164747	0.00233271	0.000883825	0.000951061	0.000704459	0.000462092	0.0029369	0.00799467	0.00455623	0.847582	0.0258629
46	0.074595	0.00507613	0.00719654	0.013066	0.0385011	0.0148207	0.0189435	0.139477	0.0163408	0.168323	0.0718387	0.017957	0.0286005	0.0262269	0.0402016	0.0837649	0.0569022	0.122226	0.0200152	0.0359281
47	0.1418	0.0309907	0.000131295	0.000904438	0.0242343	0.0255186	0.00115409	0.122073	0.00033326	0.113383	0.0535624	0.00157884	0.000546085	0.00484797	0.000539735	0.114543	0.123317	0.23634	0.000630718	0.00357118
48	0.0382197	0.00159524	0.00142035	0.00309854	0.0266914	0.0116745	0.00426501	0.126294	0.0033664	0.474097	0.0781533	0.0171232	0.00961382	0.0193101	0.00706692	0.0324331	0.0373488	0.0846574	0.00983923	0.0137318
49	0.419304	0.00178559	0.000371016	0.000467626	0.00330347	0.212846	0.000387725	0.0408572	0.000342107	0.0814228	0.031022	0.000766968	0.00548171	0.000545827	0.00428207	0.111739	0.0397766	0.0396193	0.00487161	0.000807206
50	0.0462484	0.010436	0.000542901	0.000717186	0.0326349	0.0253276	0.000659004	0.333586	0.000657261	0.0734003	0.0460369	0.00809231	0.0012709	0.00108335	0.000683999	0.0214849	0.051391	0.342216	0.00145432	0.00207658
51	0.0239088	0.000790336	0.000245172	0.000381067	0.0503935	0.00571759	0.00398247	0.0966128	0.000441983	0.537777	0.114503	0.00996449	0.00233908	0.0210528	0.0013626	0.00924759	0.015618	0.0888307	0.00399507	0.0128364
52	0.272606	0.00314157	0.000820199	0.0016452	0.0405489	0.207275	0.00966876	0.010983	0.00212584	0.0703628	0.0391926	0.0369607	0.00124209	0.0646592	0.000809628	0.156871	0.0547869	0.0225105	0.00144523	0.002345
53	0.109619	0.013817	0.00015439	0.000799907	0.10167	0.0530974	0.000593718	0.0865581	0.000590754	0.315271	0.0489912	0.00417169	0.000438897	0.00141658	0.000904663	0.0451537	0.0341523	0.127749	0.0275263	0.0273236
54	0.0399667	0.00867474	0.000476872	0.000447349	0.135498	0.00800129	0.0028766	0.213306	0.000490951	0.366885	0.0590012	0.00132825	0.00246	0.0012701	0.000983629	0.018759	0.0219122	0.101879	0.00319309	0.0125903
55	0.0997492	0.0114296	0.000234665	0.00344933	0.0855754	0.0335658	0.00113088	0.0799774	0.00100098	0.346402	0.0505885	0.00763107	0.000699161	0.00418092	0.0015528	0.0577881	0.063395	0.111426	0.0123312	0.027892
56	0.213092	0.0157024	0.00308787	0.000410375	0.094943	0.0898418	0.000374585	0.0463713	0.000342136	0.214767	0.054352	0.00108577	0.00104998	0.000645633	0.00030159	0.0938939	0.0384402	0.0921849	0.019625	0.0194883
57	0.0623187	0.0046187	0.00108646	0.00244838	0.116039	0.0196969	0.00720017	0.0735766	0.00489296	0.281583	0.0973094	0.020507	0.00334886	0.0175796	0.00748789	0.0253076	0.0233714	0.143624	0.0163842	0.0716192
58	0.029838	0.00740994	0.000503891	0.000539472	0.0136655	0.0116862	0.000410452	0.222537	0.000603032	0.2797	0.125108	0.006583	0.00111622	0.000620187	0.000359393	0.0246075	0.137132	0.132341	0.00399494	0.00124492
59	0.0364883	0.00223985	0.0111155	0.0378022	0.00893808	0.756441	0.00111869	0.00781373	0.00223201	0.0256369	0.00672902	0.00578228	0.00220059	0.0019785	0.00109847	0.0641011	0.0117296	0.0108532	0.0020765	0.00362465
60	0.0501556	0.000564282	0.0215148	0.0335114	0.015649	0.0239527	0.0291018	0.0153635	0.120698	0.0234663	0.0230289	0.0956174	0.00912577	0.100565	0.336394	0.0247676	0.0459277	0.00854289	0.00737205	0.0146809
61	0.0213285	0.00149255	0.0121167	0.0436646	0.00664791	0.798239	0.000786059	0.00429423	0.00206202	0.0152232	0.00397169	0.00439614	0.00135175	0.00127124	0.000797712	0.0621001	0.00881949	0.0067456	0.00152144	0.00316962
62	0.0209999	0.00545815	0.00291676	0.00233659	0.0580444	0.00996117	0.00239373	0.0233855	0.00270079	0.227413	0.471199	0.00464195	0.0496019	0.00508617	0.00230664	0.0151893	0.0198489	0.0657313	0.00470219	0.00608254
63	0.0311015	0.00404566	0.174544	0.0132885	0.0162925	0.036756	0.0789005	0.0121977	0.0272991	0.0291043	0.0113596	0.264085	0.00702367	0.050589	0.0598724	0.0790298	0.0468966	0.025949	0.00467767	0.0269868
64	0.0542545	0.00259133	0.0274572	0.0139696	0.00525512	0.0236909	0.00579336	0.00833819	0.00421997	0.0208531	0.00486705	0.0148923	0.706904	0.00210206	0.00128558	0.0625499	0.0261395	0.0107845	0.0017894	0.0022629
65	0.0241027	0.00062192	0.000144821	0.000233707	0.0319988	0.00628557	0.00190802	0.107116	0.000270803	0.577388	0.0975342	0.011251	0.00201695	0.0152643	0.00120566	0.0104753	0.0200051	0.0799859	0.0042157	0.00797563
66	0.018739	0.00553158	0.000953815	0.000739212	0.1093	0.00607515	0.00104096	0.0612585	0.000835508	0.65706	0.0516661	0.00456206	0.00154405	0.00544163	0.000958719	0.00787856	0.0142693	0.0357438	0.00376921	0.0126328
67	0.0415331	0.000615425	0.0274605	0.0479693	0.0116954	0.0238565	0.0366069	0.0121184	0.14109	0.0119043	0.0204707	0.0805018	0.00591505	0.102628	0.336448	0.0264201	0.046406	0.0058878	0.00404234	0.0164305
68	0.0133723	0.00165706	0.239096	0.000906744	0.0126574	0.0304205	0.13418	0.00449429	0.0249028	0.0236621	0.00405256	0.193856	0.00133976	0.063002	0.0554249	0.0933058	0.0470826	0.020566	0.00174285	0.034278
69	0.0234369	0.00165318	0.000705973	0.000851966	0.0900142	0.00322508	0.000690906	0.242191	0.000775434	0.0443447	0.0205082	0.00137593	0.349829	0.00120624	0.00962633	0.00458645	0.0215238	0.116592	0.0422544	0.0246083
70	0.354624	0.0055315	0.00241997	0.082797	0.0139024	0.139027	0.00256728	0.0153237	0.00287617	0.0613063	0.0569522	0.00415803	0.00475961	0.00418495	0.00297294	0.0158035	0.0174137	0.0499204	0.156235	0.00722437
71	0.0189087	0.0057957	0.00241722	0.00219745	0.0489033	0.0102785	0.00187185	0.0167911	0.00229099	0.164729	0.595003	0.0042593	0.023808	0.00389092	0.00173296	0.0138058	0.0201933	0.0544344	0.00354915	0.00514013
72	0.182079	0.00419674	0.000746816	0.00171367	0.0127533	0.0134211	0.00186484	0.25236	0.00136139	0.115391	0.0565519	0.0023695	0.00206121	0.0167387	0.0127455	0.0430793	0.122714	0.151096	0.00232841	0.00442712
73	0.0331617	0.00414679	0.000144679	0.00019312	0.117639	0.00105457	0.00321074	0.384005	0.000240908	0.199611	0.0402339	0.000323168	0.000309004	0.000314339	0.000185834	0.0099018	0.00825889	0.163692	0.00657842	0.0267954
74	0.0190416	0.00477577	0.00182612	0.00268697	0.0111709	0.00868562	0.842512	0.0114429	0.00224351	0.0201286	0.00949335	0.00423783	0.00422137	0.00374428	0.0022175	0.0132579	0.0133956	0.0161195	0.00365779	0.00514127
75	0.0552253	0.00125182	0.0226312	0.0142185	0.00310782	0.023294	0.00592056	0.00364635	0.00350441	0.0108305	0.0026037	0.014868	0.747878	0.00108528	0.000668487	0.063517	0.0178781	0.00536635	0.00100288	0.0015014
76	0.0393381	0.00785792	0.00224674	0.00209732	0.0533365	0.0138475	0.00268737	0.172741	0.00249377	0.124565	0.0294087	0.00497217	0.234461	0.0115166	0.00553843	0.0308275	0.039841	0.181798	0.021804	0.0186219
77	0.0294434	0.00608891	0.00136723	0.000392209	0.0242017	0.0101081	0.00030308	0.195563	0.00160635	0.303087	0.124906	0.0057498	0.00548721	0.000483065	0.000343718	0.0220125	0.125368	0.133435	0.00703578	0.00301902
78	0.037872	0.00723825	0.000885232	0.00056021	0.0282639	0.0119686	0.000959323	0.172197	0.00127548	0.34568	0.120483	0.00682338	0.00365697	0.00386234	0.000825099	0.0248334	0.0960181	0.127144	0.00484883	0.00460602
79	0.0211242	0.00108387	0.000439868	0.000477274	0.660734	0.00938584	0.000508888	0.00254015	0.000462974	0.0526688	0.00856172	0.00422269	0.000801442	0.00291004	0.000424846	0.00289611	0.00986642	0.00587144	0.00952744	0.205492
80	0.0824299	0.0125866	6.42371e-05	0.000192055	0.0895054	0.0235316	0.000124144	0.15657	0.000121245	0.388931	0.037899	0.00052943	0.000190345	0.000555079	0.00025021	0.0161829	0.0404814	0.14527	0.00277902	0.00180597
81	0.115422	0.00714957	0.0146843	0.0282395	0.0124561	0.627704	0.00103441	0.010258	0.00278264	0.0193219	0.00968963	0.0069007	0.00471812	0.00274452	0.000911273	0.0905111	0.0213153	0.0167763	0.0029581	0.00442269
82	0.00752104	0.00147929	0.000562507	0.00073328	0.328331	0.00374034	0.000713454	0.00353009	0.00075561	0.0495031	0.00383651	0.00179314	0.00107725	0.00544486	0.000675033	0.00391252	0.00519355	0.0216914	0.0155671	0.543939
83	0.320493	0.0176618	0.000192149	0.000569449	0.0109751	0.0451478	0.000584207	0.0968924	0.000328228	0.0542812	0.0336199	0.00286963	0.000454367	0.00158135	0.000310673	0.152294	0.0993548	0.160779	0.000472476	0.00113851
84	0.283165	0.00562481	0.00222562	0.00146162	0.0442728	0.186678	0.00172322	0.0200882	0.000889413	0.12475	0.0589175	0.00453357	0.00300925	0.00828527	0.00154967	0.156586	0.0489201	0.0327768	0.00793265	0.00661066
85	0.0733536	0.0202021	0.00102637	0.00112348	0.251349	0.0228281	0.00177189	0.0182035	0.00180767	0.289867	0.141645	0.00190891	0.00196588	0.00218686	0.00128621	0.0150141	0.0763095	0.0111434	0.00287644	0.0641313
86	0.388888	0.0130108	0.000321349	0.000543072	0.00480222	0.0398372	0.000425409	0.0634388	0.000335397	0.028123	0.0268327	0.00493367	0.000537035	0.00063442	0.000324003	0.189484	0.113692	0.122291	0.000595392	0.000950434
87	0.0548329	0.0010569	0.000204521	0.000240482	0.00919932	0.00551814	0.000295787	0.260029	0.000320357	0.0445403	0.0230572	0.00108972	0.000506579	0.000444164	0.000218481	0.00317105	0.0291301	0.564857	0.000440288	0.000847477
88	0.0768706	0.0536697	0.0011718	0.00109506	0.00562507	0.0215687	0.00127797	0.0576528	0.00105557	0.0280354	0.0103526	0.0229727	0.352712	0.0110005	0.00114497	0.0891579	0.126706	0.132764	0.00215084	0.00301563
89	0.0259214	0.000818992	0.000410911	0.000424167	0.735181	0.0114126	0.000521256	0.00220152	0.000428591	0.0455132	0.00952282	0.00502108	0.000744838	0.00170434	0.000370271	0.00268484	0.0112527	0.00295219	0.00630889	0.136604
90	0.512111	0.0213741	0.000163257	0.00476187	0.00874819	0.0796129	0.000181509	0.00214031	0.000203074	0.00813599	0.00214729	0.00342241	0.00375954	0.000912852	0.000150656	0.284264	0.0529584	0.0141188	0.000352307	0.000480595
91	0.0607868	0.0190787	0.00118651	0.00452708	0.140773	0.0114394	0.0239467	0.129422	0.00321584	0.172497	0.0517499	0.00394717	0.00424683	0.00711187	0.00442066	0.0309357	0.011373	0.0814626	0.0167829	0.221096
92	0.429927	0.0119313	0.000249788	0.000489971	0.00504321	0.0441309	0.000328087	0.0674159	0.000311799	0.0204804	0.0231628	0.00366315	0.000550974	0.000561128	0.000374228	0.176552	0.0857012	0.12763	0.000614089	0.00088213
93	0.0341106	0.0130679	0.000370274	0.000622196	0.0295342	0.00549291	0.00117291	0.372308	0.000734038	0.186968	0.0855575	0.00188785	0.00122519	0.000644021	0.000460258	0.00706783	0.0227198	0.229332	0.00139532	0.00532913
94	0.495826	0.0203686	0.000197394	0.00554843	0.00991636	0.104766	0.000224829	0.00398098	0.000185962	0.00760157	0.00253035	0.00464755	0.00414593	0.00123542	0.00015442	0.266399	0.0541634	0.0171523	0.000354291	0.00060128
95	0.119264	0.0065931	0.0516703	0.113257	0.0064624	0.0371705	0.0382265	0.0051458	0.0419025	0.0534784	0.0403763	0.05948	0.000365692	0.0988211	0.0645597	0.120647	0.09229	0.028671	0.00171599	0.0199037
96	0.0420537	0.000550401	0.0261501	0.0451883	0.0121306	0.0238421	0.0353376	0.0121467	0.140489	0.0123417	0.0204584	0.0831591	0.00590525	0.102652	0.338697	0.0257325	0.0469652	0.00591923	0.00416662	0.0161149
97	0.0410768	0.000583193	0.0274769	0.0479437	0.0116583	0.0238145	0.0366437	0.0121271	0.141665	0.0116854	0.0203497	0.0803647	0.00594466	0.102649	0.337511	0.0260757	0.0462754	0.00577599	0.00401146	0.016368
98	0.0712721	0.00505516	0.00750948	0.0158098	0.0423469	0.0121557	0.0170779	0.151429	0.0126275	0.178662	0.0719931	0.010102	0.0281323	0.0205443	0.018722	0.0862278	0.0540941	0.139404	0.0191432	0.0376921
99	0.075394	0.00106877	0.180789	0.1197	0.00325038	0.127557	0.000615146	0.0108286	0.0243329	0.0279281	0.0152324	0.0641707	0.0394799	0.028024	0.0288909	0.156461	0.0677165	0.023454	0.00279229	0.00231378
100	0.13681	0.0427167	9.6075e-05	0.000682448	0.0277761	0.0299591	0.000452892	0.126669	0.000194585	0.129859	0.0627584	0.00122598	0.000247472	0.00150805	0.000183922	0.122818	0.119401	0.195041	0.000280626	0.00131832
101	0.0485316	0.000894945	0.0205583	0.0319208	0.0165051	0.0242674	0.0276658	0.0178811	0.11929	0.024862	0.0236594	0.0928695	0.00951192	0.0969223	0.340968	0.0258712	0.0460915	0.00909542	0.00862238	0.0140115
102	0.0505686	0.00613118	0.0057394	0.00231013	0.049545	0.0812955	0.00334822	0.0853966	0.0674346	0.0535045	0.0146727	0.105043	0.0881383	0.016304	0.126935	0.091053	0.0807829	0.0265699	0.0399618	0.00526558
103	0.0089933	0.00595933	0.000372379	0.000462873	0.0588189	0.00195573	0.000503922	0.00255774	0.000490555	0.00858334	0.00212088	0.000829135	0.000710318	0.000669758	0.000472081	0.00265896	0.00768903	0.00315041	0.866779	0.0262219
104	0.384009	0.0121998	0.00031512	0.000524462	0.00485085	0.0377275	0.00070361	0.0621731	0.000360258	0.0305786	0.0278448	0.00625849	0.000643862	0.000899774	0.000359389	0.182816	0.123628	0.122014	0.000765502	0.00132733
105	0.0273637	0.000560672	0.000193425	0.000220088	0.0235124	0.00816089	0.00137015	0.104213	0.000423959	0.596155	0.0815643	0.0153389	0.00117842	0.0162944	0.00180621	0.0110857	0.0242174	0.0730267	0.00489451	0.00841941
106	0.0977122	0.00642149	0.000137455	0.000265869	0.0753199	0.0345105	0.00035446	0.23413	0.000178825	0.215926	0.0283215	0.000598871	0.00629166	0.0025235	0.000154479	0.0277545	0.0271016	0.222917	0.00970667	0.00967391
107	0.513427	0.0214908	0.000171302	0.00480523	0.00873535	0.0777483	0.000183914	0.00191164	0.000195196	0.00817664	0.00204509	0.00328441	0.00380199	0.000860406	0.000144007	0.285788	0.0529218	0.0134977	0.000339772	0.000471584
108	0.140174	0.0100187	0.0016612	0.00218668	0.0921692	0.103053	0.00238078	0.118153	0.00185298	0.164849	0.030836	0.00348389	0.00731489	0.00327758	0.00256848	0.0396321	0.066801	0.150063	0.0421487	0.0173751
109	0.133745	0.0431972	0.000107771	0.000781127	0.0298977	0.0322236	0.000522846	0.12853	0.000199516	0.137825	0.0644509	0.0011566	0.000283787	0.00146426	0.000150739	0.121982	0.112935	0.188982	0.000319827	0.00124415
110	0.0909585	0.047421	0.000716412	0.00105706	0.40539	0.0142609	0.000871915	0.0360268	0.000804494	0.165446	0.0706827	0.00142643	0.00942074	0.00127152	0.000706122	0.0680054	0.0360972	0.0364642	0.00993104	0.00304216
111	0.0293385	0.0029613	0.0129265	0.00206179	0.0274523	0.0109619	0.00251024	0.0692345	0.0102735	0.483036	0.127475	0.0109588	0.00254771	0.0414366	0.00397889	0.0217034	0.0636832	0.0612102	0.00571318	0.0105366
112	0.0532017	0.00373146	0.00179526	0.00291267	0.0101644	0.205369	0.00211233	0.00917402	0.00233526	0.0162656	0.00907933	0.0147599	0.00289892	0.00476045	0.00189226	0.224021	0.398213	0.0277969	0.00369777	0.00581903
113	0.14519	0.0113456	0.000125914	0.00154608	0.0459099	0.0335143	0.00118245	0.195263	0.000213133	0.251235	0.0427423	0.000867261	0.00155585	0.00532161	0.000692521	0.0388875	0.0513851	0.16703	0.00254278	0.00345048
114	0.304299	0.0152762	0.00682863	0.00883689	0.0143824	0.356163	0.000799782	0.0198095	0.00144848	0.0289913	0.0162714	0.00615889	0.00998614	0.0025464	0.00113161	0.133154	0.0383332	0.0303939	0.00275107	0.00243781
115	0.0207608	0.00285962	0.00130644	0.00149208	0.0476812	0.00620465	0.00157784	0.232216	0.0184727	0.360198	0.016441	0.0448013	0.00353163	0.00259308	0.00201335	0.0100398	0.0190378	0.150289	0.00793138	0.0505518
116	0.134038	0.042952	9.35796e-05	0.000637393	0.0288115	0.0309221	0.000445945	0.127369	0.000189205	0.131601	0.0640328	0.001144	0.000257407	0.00140473	0.000138371	0.122176	0.117613	0.194585	0.000281786	0.00130654
117	0.0646619	0.00682869	0.000287307	0.000263722	0.0753286	0.0211933	0.000969484	0.139747	0.000351685	0.426884	0.0633044	0.00524418	0.00123485	0.00580306	0.000911953	0.0181865	0.0276204	0.115944	0.0111221	0.0141125
118	0.0285105	0.00185745	0.0117214	0.0400139	0.00710397	0.788012	0.000914341	0.00540734	0.00199907	0.0156964	0.0045687	0.00462514	0.00189446	0.00129326	0.000881491	0.0618971	0.0104275	0.0081476	0.00149228	0.00353654
119	0.365483	0.0100684	0.00763212	0.00453966	0.010882	0.227098	0.000869788	0.0113871	0.00136522	0.0213061	0.0260914	0.00728461	0.00456099	0.00431707	0.0010286	0.241672	0.0323018	0.0181613	0.00141901	0.00253185
120	0.0879722	0.00860248	0.00140422	0.0197659	0.112506	0.0345527	0.0298661	0.130035	0.0165954	0.138317	0.0272507	0.00218565	0.00959492	0.0286265	0.0218202	0.0334368	0.0184755	0.0822425	0.0928043	0.103946
121	0.0089933	0.00595933	0.000372379	0.000462873	0.0588189	0.00195573	0.000503922	0.00255774	0.000490555	0.00858334	0.00212088	0.000829135	0.000710318	0.000669758	0.000472081	0.00265896	0.00768903	0.00315041	0.866779	0.0262219
122	0.433118	0.0153011	0.000666094	0.00365085	0.00828433	0.056236	0.000639637	0.00397124	0.000557755	0.00999186	0.00466487	0.00323264	0.00284813	0.00115339	0.000576461	0.386099	0.0480226	0.018493	0.000921154	0.00157164
123	0.0117955	0.00270935	0.00103643	0.00119599	0.27133	0.00511419	0.00199123	0.00791051	0.00139878	0.0521741	0.00627931	0.00379053	0.00219358	0.00684928	0.000967286	0.00888412	0.0075162	0.0280096	0.0165175	0.562336
124	0.119342	0.00732303	0.0497173	0.116322	0.00667418	0.0357843	0.0376728	0.00515818	0.0432733	0.0521451	0.0441214	0.0588678	0.000396232	0.0955327	0.066781	0.116374	0.0885027	0.0330248	0.00188404	0.0211028
125	0.0478232	0.00418185	0.00179073	0.0853594	0.0105744	0.00893384	0.00177004	0.036286	0.00209696	0.0206946	0.0145622	0.00372768	0.00342437	0.00307804	0.00187108	0.0502554	0.289641	0.404949	0.00344702	0.00553355
126	0.0227479	0.00590232	0.000618213	0.0010161	0.0991018	0.00872275	0.00134041	0.0670605	0.00142756	0.638663	0.0531391	0.00510453	0.00196897	0.0048367	0.000937071	0.00967703	0.0165852	0.0433821	0.00412604	0.013643
127	0.0778968	0.00566608	0.0175642	0.0162875	0.0145188	0.312157	0.00582535	0.0171311	0.00986331	0.0303535	0.0131638	0.0957356	0.0170356	0.0177181	0.0118158	0.181874	0.105867	0.0352405	0.00703995	0.00724637
128	0.0089933	0.00595933	0.000372379	0.000462873	0.0588189	0.00195573	0.000503922	0.00255774	0.000490555	0.00858334	0.00212088	0.000829135	0.000710318	0.000669758	0.000472081	0.00265896	0.00768903	0.00315041	0.866779	0.0262219
129	0.0253454	0.00139992	0.0148535	0.0465276	0.00679395	0.77713	0.00110676	0.00451858	0.00251703	0.0154272	0.00423538	0.00534158	0.00165753	0.00254697	0.00160523	0.0656845	0.0110218	0.00717803	0.00153031	0.0035784
130	0.0583995	0.00362233	0.0128845	0.0358364	0.00842301	0.728035	0.000753223	0.00613925	0.00200511	0.0159315	0.00549606	0.00607318	0.00276354	0.00175848	0.000799987	0.0819491	0.0144421	0.0101254	0.00129592	0.00326631
131	0.00627571	0.00154485	0.000581693	0.0007568	0.293506	0.00319665	0.000741616	0.00371892	0.000802188	0.0476606	0.00343248	0.0014553	0.00110069	0.00616578	0.000706402	0.00402118	0.00459244	0.0237718	0.0168622	0.579106
132	0.00922938	0.00595421	0.000372145	0.000461137	0.0587608	0.00197431	0.000531235	0.00255689	0.00050301	0.00868368	0.00213265	0.000831244	0.000759951	0.000671706	0.000488223	0.00281945	0.00798189	0.00338655	0.865737	0.0261644
133	0.276612	0.0044361	0.052266	0.0181484	0.0252576	0.31138	0.000873608	0.0063879	0.00836558	0.010144	0.00515428	0.0283675	0.0021469	0.0039786	0.000398714	0.189018	0.027707	0.0127344	0.000938755	0.0156842
134	0.0089933	0.00595933	0.000372379	0.000462873	0.0588189	0.00195573	0.000503922	0.00255774	0.000490555	0.00858334	0.00212088	0.000829135	0.000710318	0.000669758	0.000472081	0.00265896	0.00768903	0.00315041	0.866779	0.0262219
135	0.0530195	0.00425093	0.267256	0.0640588	0.018791	0.0627632	0.0503308	0.0126917	0.021518	0.0373422	0.0165646	0.0972044	0.0222115	0.0452795	0.037225	0.0910248	0.0454178	0.0258636	0.00581344	0.0213729
136	0.0595125	0.00159522	0.0219693	0.0152057	0.00327127	0.0227043	0.00588581	0.00524031	0.00361023	0.0109868	0.00265845	0.0145678	0.739104	0.00169706	0.000955886	0.0632427	0.0188011	0.00622001	0.00113124	0.00164036
137	0.0540832	0.00436351	0.000889042	0.00507052	0.0273337	0.00907107	0.00133139	0.191931	0.0012539	0.070303	0.0274354	0.00242051	0.00540401	0.00221863	0.00139008	0.0173696	0.0527692	0.515581	0.00411548	0.00566647
138	0.0682813	0.00345686	0.120361	0.453976	0.0166837	0.0413128	0.00343326	0.00927964	0.00723981	0.0260847	0.00992099	0.0185518	0.0333436	0.053034	0.0112896	0.0660603	0.021139	0.0275239	0.00424794	0.00477957
139	0.0616	0.0111086	0.0554025	0.0149212	0.0290559	0.0462926	0.0307634	0.0293585	0.0193332	0.0613927	0.0251757	0.318925	0.013144	0.029005	0.0351388	0.0770158	0.0586744	0.045891	0.010015	0.0277864
140	0.424217	0.0115489	0.000295769	0.000620883	0.00547165	0.0403179	0.000431879	0.0680749	0.000422575	0.0200351	0.0219416	0.00377982	0.00188832	0.000801129	0.000440515	0.18391	0.0788067	0.134803	0.000828225	0.00136426
141	0.384123	0.0126137	0.000691139	0.00257341	0.00881489	0.0864667	0.000528891	0.0295985	0.000441755	0.0169477	0.0140507	0.00356729	0.00299518	0.00142237	0.000620573	0.310545	0.0544969	0.0670441	0.00117331	0.001284
142	0.0081071	0.00689434	0.000401796	0.000491675	0.148765	0.00288218	0.000397269	0.0282188	0.000367187	0.737873	0.0357632	0.00076166	0.000668191	0.000704054	0.000353485	0.00306731	0.00553126	0.00512312	0.000760222	0.0128683
143	0.0132518	0.00275438	0.000151179	0.00024209	0.0525433	0.00132523	0.00357711	0.283525	0.000239111	0.429807	0.0747611	0.00128814	0.00181651	0.00161571	0.000336819	0.00543683	0.017523	0.10372	0.000857382	0.00522839
144	0.0553288	0.0018055	0.0226018	0.0139593	0.00300264	0.0232429	0.00583618	0.00449199	0.0034849	0.010668	0.00248488	0.0147545	0.743532	0.00154254	0.000662356	0.0644602	0.019244	0.00630318	0.00101603	0.00157825
145	0.0089933	0.00595933	0.000372379	0.000462873	0.0588189	0.00195573	0.000503922	0.00255774	0.000490555	0.00858334	0.00212088	0.000829135	0.000710318	0.000669758	0.000472081	0.00265896	0.00768903	0.00315041	0.866779	0.0262219
146	0.0250866	0.00586839	0.000239439	0.000398715	0.11249	0.00257105	0.00339792	0.292344	0.000590674	0.347078	0.044751	0.00177521	0.00113495	0.000762322	0.000395277	0.00865985	0.0128224	0.1169	0.00374744	0.0189862
147	0.137921	0.0236117	0.000332602	0.000816429	0.0136904	0.0139279	0.000734645	0.134217	0.000533333	0.147058	0.0259435	0.00157966	0.00110408	0.00264542	0.000719886	0.105737	0.188247	0.198073	0.00129475	0.00181257
148	0.423918	0.000989916	0.0003332	0.00046393	0.00262212	0.22418	0.000397535	0.0365093	0.000463891	0.0908878	0.0326271	0.000641874	0.00432911	0.000587834	0.00366183	0.101718	0.0339217	0.0367194	0.00415414	0.000873221
149	0.147725	0.0327626	0.000285338	0.000939437	0.0161233	0.0190248	0.000928592	0.117288	0.000401214	0.130125	0.0348181	0.0022787	0.000809647	0.00204817	0.000553587	0.128567	0.170208	0.192446	0.00078381	0.00188381
150	0.318926	0.0217135	0.00102525	0.00321851	0.0202062	0.2752	0.000552939	0.0331173	0.000609945	0.0400761	0.0282357	0.0044166	0.0158559	0.00188356	0.00140645	0.121756	0.0544626	0.0527255	0.00285703	0.00175401
151	0.108255	0.00451753	0.00214298	0.00124834	0.212508	0.0495184	0.0016806	0.0819728	0.00160413	0.310049	0.0221706	0.00252233	0.00167238	0.00215364	0.00115252	0.0314155	0.0194356	0.0568408	0.0123061	0.0768328
152	0.012633	0.00249017	0.000158907	0.000253496	0.0434515	0.000838979	0.00380672	0.315566	0.000212915	0.412015	0.0711201	0.000371008	0.00158456	0.000365461	0.00025341	0.00471012	0.0183828	0.107518	0.000479624	0.00378867
153	0.0189937	0.00489533	0.00185644	0.00267435	0.0113708	0.00864259	0.84248	0.0114208	0.00222709	0.0204212	0.00951036	0.00438137	0.00426821	0.00344952	0.00224631	0.0131429	0.0133549	0.016057	0.00361333	0.00499411
154	0.178712	0.0397402	0.00158384	0.0021945	0.014798	0.0458506	0.00144994	0.0577218	0.00141928	0.0991014	0.039604	0.0212154	0.00288073	0.00706905	0.00173267	0.179181	0.164428	0.134647	0.00230687	0.00436343
155	0.149694	0.0151648	0.000208571	0.00189376	0.0292358	0.0288244	0.00147165	0.189781	0.00030619	0.191449	0.0526064	0.00101393	0.000724569	0.00684221	0.00141391	0.0665585	0.0867145	0.172555	0.000918539	0.00262251
156	0.0709296	0.00524079	0.00623416	0.0134728	0.0348805	0.0146494	0.0161326	0.155591	0.0128423	0.174585	0.0776501	0.0122924	0.0292459	0.0227039	0.0190893	0.0896787	0.0599275	0.134273	0.0184722	0.0321091
157	0.056966	0.00120487	0.000214979	0.000260345	0.00939197	0.00612665	0.00030068	0.260777	0.000329464	0.0474503	0.0242143	0.00119719	0.00057137	0.000460645	0.000207015	0.00355366	0.0296082	0.555739	0.000471904	0.000954204
158	0.1081	0.0179679	0.0059059	0.0628964	0.0268743	0.0260833	0.00502006	0.0089596	0.00563417	0.0701387	0.0443766	0.0231492	0.00219328	0.113987	0.00754034	0.195713	0.136605	0.0584525	0.00232755	0.0780755
159	0.0410768	0.000583193	0.0274769	0.0479437	0.0116583	0.0238145	0.0366437	0.0121271	0.141665	0.0116854	0.0203497	0.0803647	0.00594466	0.102649	0.337511	0.0260757	0.0462754	0.00577599	0.00401146	0.016368
160	0.0421819	0.000553643	0.0258278	0.0444102	0.0123611	0.0237806	0.0350926	0.0121798	0.140194	0.012472	0.0205734	0.0833764	0.00590235	0.102572	0.339357	0.0256333	0.0472578	0.00597871	0.00425933	0.0160364
161	0.0425478	0.00054201	0.0254401	0.0435521	0.0126149	0.0239237	0.0346382	0.0124618	0.138327	0.0132271	0.0206686	0.0840165	0.00615403	0.102024	0.339854	0.0258325	0.0477122	0.00610202	0.00442999	0.0159306
162	0.179819	0.00620981	0.00234928	0.00305144	0.0547506	0.0144401	0.00291604	0.0214285	0.00291216	0.137514	0.0148649	0.00629861	0.0312548	0.00501346	0.00286249	0.119353	0.183806	0.0558853	0.148483	0.00678705
163	0.106968	0.00423279	0.00424278	0.00300353	0.00792532	0.0843325	0.00262342	0.0102151	0.00488333	0.014326	0.00740394	0.104794	0.00816616	0.00788526	0.0046913	0.217609	0.335762	0.0621831	0.00265509	0.00609809
164	0.0400572	0.00466633	0.000164798	0.000199136	0.1051	0.00369363	0.00371664	0.363431	0.000230648	0.203633	0.0404724	0.000335057	0.00104336	0.000423885	0.000173612	0.00949092	0.0109226	0.180481	0.00621044	0.0255554
165	0.101553	0.0129941	0.000255931	0.000827219	0.107339	0.0461296	0.000653958	0.0964542	0.000642779	0.315752	0.0507495	0.00496397	0.000433702	0.00151143	0.00107089	0.0410447	0.0350531	0.128633	0.0242864	0.0296514
166	0.0317272	0.0143779	0.00060721	0.000513674	0.197867	0.00927726	0.00102791	0.0233288	0.0008947	0.570227	0.0746542	0.000974128	0.00114008	0.00114665	0.000501149	0.00745044	0.0228046	0.00870698	0.0018459	0.0309271
167	0.411243	0.0118042	0.000258267	0.000422694	0.00536702	0.0477136	0.000352668	0.0713627	0.000345798	0.0205466	0.0247006	0.00353527	0.000500727	0.000579893	0.000333047	0.176955	0.0880638	0.13451	0.000545117	0.000859951
168	0.0598424	0.00819755	0.000189954	0.00022361	0.0899116	0.0135332	0.00194088	0.296269	0.0003482	0.24094	0.0316978	0.000935963	0.00227763	0.000791727	0.000243234	0.0204309	0.0211749	0.180385	0.0128113	0.0178543
169	0.143213	0.0146762	0.000138814	0.00135399	0.0629958	0.0314117	0.000501903	0.104977	0.000208793	0.323034	0.0456089	0.00329345	0.00038106	0.0018753	0.000158735	0.0663085	0.078496	0.116558	0.000591509	0.00421578
170	0.199182	0.00968137	0.000434605	0.00066086	0.00688416	0.0683341	0.000767342	0.00378815	0.000795684	0.00656348	0.00457986	0.00929909	0.0010516	0.0084756	0.000720934	0.189062	0.438803	0.0479395	0.00114219	0.00183471
171	0.0259214	0.000818992	0.000410911	0.000424167	0.735181	0.0114126	0.000521256	0.00220152	0.000428591	0.0455132	0.00952282	0.00502108	0.000744838	0.00170434	0.000370271	0.00268484	0.0112527	0.00295219	0.00630889	0.136604
172	0.168189	0.0185687	0.0012414	0.0123973	0.0302165	0.0348226	0.0094884	0.137303	0.00209914	0.172877	0.048072	0.00348371	0.00378459	0.0122688	0.00314577	0.103756	0.0725889	0.155838	0.00318054	0.00667856
173	0.0760577	0.0258167	0.000665014	0.000727686	0.318875	0.0154894	0.000616723	0.020304	0.000653692	0.329955	0.0868718	0.00129992	0.00302328	0.000974793	0.000624224	0.0421506	0.0425277	0.0174191	0.00353724	0.0124109
174	0.147912	0.156485	0.00157176	0.00218064	0.0141666	0.0129627	0.00208575	0.0835293	0.00231032	0.0410577	0.0186807	0.00458103	0.00333925	0.00360153	0.00168374	0.182196	0.106187	0.207306	0.00326402	0.00489866
175	0.0152836	0.0037878	0.000268752	0.000239472	0.0585164	0.00185427	0.00336705	0.288824	0.000403127	0.39923	0.0745958	0.000773365	0.00245916	0.00054466	0.000269601	0.00675456	0.023579	0.112218	0.00125571	0.00577661
176	0.0388644	0.0127489	0.000350455	0.000454512	0.124929	0.0118531	0.00356061	0.183146	0.000586912	0.364383	0.0675088	0.0024183	0.00217467	0.00137946	0.000635323	0.0214202	0.0232003	0.107243	0.00644254	0.0267013
177	0.427623	0.0183655	0.00456568	0.00521771	0.0118973	0.170834	0.000270708	0.00769588	0.000779646	0.0105267	0.00700421	0.00638208	0.00586264	0.00139036	0.000336138	0.249063	0.0508527	0.0193442	0.000617234	0.00137239
178	0.367723	0.0130944	0.00109679	0.00279498	0.0113028	0.0631393	0.00128347	0.0377085	0.00100319	0.0284504	0.0285241	0.0051876	0.00328694	0.00383184	0.00118243	0.195317	0.153739	0.0757892	0.00263911	0.00290635
179	0.0243415	0.00100312	0.000486459	0.000455638	0.679705	0.0117877	0.000964728	0.00469425	0.000632605	0.0655896	0.0115766	0.00441288	0.000768593	0.00246075	0.000378199	0.00303728	0.0104832	0.00570326	0.00913791	0.162381
180	0.0142196	0.00175378	0.000213785	0.000284258	0.0224728	0.00113022	0.00277953	0.352783	0.00038696	0.370123	0.0740807	0.000456724	0.00118082	0.00046179	0.000298895	0.00508577	0.0219776	0.126743	0.000560634	0.00300806
181	0.0438297	0.00583083	0.0016396	0.0325594	0.0118735	0.0122874	0.00237654	0.0328743	0.00226727	0.0257868	0.0195259	0.00465747	0.00365526	0.00375891	0.00190547	0.0621116	0.341572	0.381764	0.00369594	0.00602818
182	0.0413484	0.00457445	0.0202075	0.0344879	0.0138548	0.0233301	0.0263378	0.0197124	0.139339	0.024717	0.0218027	0.0644012	0.00631426	0.0808783	0.372699	0.0284165	0.0435235	0.0147563	0.0053228	0.0139768
183	0.219317	0.0114205	0.0176117	0.0144036	0.0166694	0.210597	0.00220624	0.0142881	0.00515561	0.0268263	0.0148232	0.016631	0.00832875	0.00736366	0.00523782	0.300301	0.0682973	0.0302628	0.00346924	0.00679034
184	0.0455395	0.00399183	0.00186492	0.0022173	0.0519949	0.0147226	0.0027038	0.211988	0.00365462	0.257015	0.0472147	0.00446142	0.046618	0.00498528	0.00293204	0.0200296	0.0312371	0.218162	0.0153861	0.0132817
185	0.018863	0.00487535	0.00182565	0.00269527	0.0113726	0.00852598	0.843859	0.0113506	0.00222299	0.0196787	0.00939362	0.00443403	0.00432977	0.00342026	0.00221674	0.0129439	0.0134011	0.0159597	0.00360904	0.00502303
186	0.501845	0.0183621	0.000320273	0.00400209	0.00797545	0.0549238	0.000420577	0.00177294	0.00032065	0.00839185	0.00237051	0.00261829	0.00276385	0.000941054	0.000367413	0.321367	0.0581266	0.0116171	0.000600061	0.000893261
187	0.0267715	0.00214989	0.000608145	0.000532174	0.707341	0.0111657	0.000935667	0.0049751	0.000527116	0.0525447	0.0117598	0.00483627	0.00158109	0.00193267	0.000427953	0.00420504	0.0121491	0.00616178	0.0132623	0.136133
188	0.347408	0.0236075	0.00144625	0.00787938	0.0218565	0.234833	0.000369573	0.0248857	0.00079866	0.010013	0.00988155	0.0137871	0.0129418	0.00235036	0.000617199	0.175747	0.0636495	0.0452022	0.000678484	0.00204693
