345	20
1	0.228158	0.0269994	0.001005	0.00293592	0.00573136	0.0529267	0.0272712	0.00518835	0.00667245	0.00689387	0.00990861	0.0116877	0.0250627	0.0184823	0.00279824	0.499598	0.0493219	0.0113068	0.00129883	0.00675267
2	0.0144941	0.00370428	0.00131601	0.00160707	0.0185436	0.00775773	0.00232302	0.373097	0.00537519	0.0503195	0.0141133	0.00142708	0.00133583	0.0012794	0.000681973	0.00619168	0.0544769	0.437511	0.00180405	0.00264094
3	0.0852077	0.110376	0.00245569	0.00332858	0.170912	0.00479427	0.00396481	0.0924075	0.00564433	0.181364	0.0365974	0.00470409	0.0556663	0.00448049	0.00370782	0.0116067	0.0224591	0.0495989	0.051588	0.099136
4	0.0540747	0.112424	0.00231203	0.00268144	0.187549	0.00508795	0.0037943	0.0875464	0.0066015	0.195526	0.0284504	0.0062157	0.0439996	0.00456109	0.00534275	0.0137943	0.0198705	0.062795	0.0343076	0.123066
5	0.0446495	0.0125766	0.00143311	0.00339442	0.0743269	0.0107598	0.00197985	0.293314	0.00334364	0.226822	0.0814053	0.00261157	0.00332938	0.00298073	0.00226916	0.0298096	0.0305298	0.163254	0.00390654	0.0073047
6	0.0238132	0.0106434	0.000309505	0.00086777	0.0623042	0.00369215	0.000864641	0.349036	0.00189446	0.246105	0.043805	0.00070451	0.00125344	0.00193927	0.00125096	0.00842998	0.0204917	0.216609	0.00249332	0.00349278
7	0.171189	0.0615434	0.000919288	0.00567722	0.0387223	0.163289	0.00179367	0.120621	0.00142561	0.0641832	0.0272489	0.001414	0.000819445	0.00149345	0.00268279	0.118263	0.0571544	0.152164	0.00707964	0.0023166
8	0.0281641	0.0155402	0.0641248	0.0182067	0.0487718	0.0149383	0.0120854	0.0775075	0.0220294	0.0548854	0.0201623	0.196871	0.00626556	0.0166461	0.0108999	0.103992	0.221462	0.0509385	0.00463842	0.0118713
9	0.105489	0.00996469	0.0313805	0.0945866	0.0211591	0.0282508	0.0124619	0.0492914	0.0995899	0.0593973	0.0565335	0.0292349	0.0117075	0.0794975	0.0378832	0.0826196	0.0844452	0.0835075	0.00403107	0.018969
10	0.028492	0.0166533	0.00206939	0.00290692	0.245755	0.00470057	0.00284707	0.164839	0.00612079	0.260175	0.0518302	0.00175683	0.00548271	0.00384404	0.00477013	0.0219909	0.0350151	0.0921253	0.0273978	0.0212282
11	0.051242	0.101839	0.00614053	0.0091133	0.0445697	0.0176986	0.00789656	0.0646919	0.0183248	0.103363	0.168284	0.0169955	0.0108476	0.0151446	0.00822358	0.177947	0.108285	0.0486981	0.00780599	0.0128899
12	0.0433252	0.00744184	0.237958	0.200134	0.0071624	0.0221096	0.0204597	0.0303437	0.0542379	0.0190884	0.00755616	0.0581239	0.0157376	0.0515336	0.0245819	0.104683	0.0435059	0.0160737	0.00379662	0.0321481
13	0.077825	0.00892918	0.0163397	0.0329907	0.0148116	0.0249708	0.0267446	0.028441	0.155271	0.0632129	0.0815087	0.0676324	0.00986855	0.04015	0.176022	0.0704451	0.0512026	0.0316241	0.009833	0.0121764
14	0.0397625	0.0116875	0.0218941	0.00546623	0.199468	0.0154162	0.00432029	0.220395	0.00551615	0.176836	0.0299126	0.00565788	0.0030893	0.00526618	0.00399758	0.0252259	0.0518784	0.153472	0.00689958	0.0138377
15	0.052201	0.0363158	0.00578797	0.00564903	0.0124532	0.0182744	0.0353664	0.0901103	0.0202397	0.0236195	0.0363915	0.111555	0.0311993	0.0107948	0.00436095	0.25769	0.157158	0.0823274	0.00330281	0.00520409
16	0.00449251	0.000849037	0.00430834	0.000566256	0.558991	0.000932033	0.000939741	0.0102243	0.00788941	0.0433169	0.0188239	0.000930731	0.000502554	0.00821781	0.00107348	0.0129388	0.00612851	0.00169427	0.00848061	0.3087
17	0.00313271	0.0593246	0.0097102	0.000949026	0.153299	0.0291162	0.0209722	0.0379597	0.0138482	0.0451527	0.00230312	0.0490501	0.00115221	0.0126863	0.0394833	0.0457198	0.012578	0.0159719	0.0233574	0.424234
18	0.0353552	0.00966124	0.0436202	0.0727759	0.0371197	0.154766	0.0210664	0.0142116	0.0491606	0.0179607	0.0130962	0.0725671	0.015171	0.064712	0.0283578	0.215959	0.0901137	0.0223322	0.00291994	0.0190737
19	0.00871784	0.00495432	0.0104148	0.00336103	0.0152571	0.0114734	0.00267669	0.137906	0.00592021	0.267732	0.338648	0.0170223	0.00646698	0.0171792	0.00244278	0.039831	0.0570096	0.0443657	0.00195523	0.00666633
20	0.00623808	0.00174293	0.00185608	0.00337155	0.00291891	0.00805041	0.0194373	0.0216811	0.508782	0.0201982	0.00653633	0.0227788	0.00510861	0.0193191	0.290339	0.0171371	0.0162885	0.00813464	0.0108425	0.0092389
21	0.257378	0.00626415	0.00286658	0.00544541	0.00827103	0.169019	0.00263638	0.0103667	0.00965529	0.0147336	0.00996688	0.0285436	0.00311521	0.00430908	0.00737522	0.125866	0.313652	0.0125016	0.00311183	0.00492157
22	0.0132488	0.00255446	0.000975311	0.000822735	0.0115586	0.00386011	0.00251245	0.370011	0.00641321	0.0416205	0.0120119	0.00113188	0.000771379	0.00112041	0.000586034	0.00592184	0.0406258	0.480721	0.00175	0.00178267
23	0.0235075	0.0125209	0.00425202	0.00901845	0.0672855	0.0120239	0.0420415	0.188378	0.0108413	0.331598	0.0726269	0.0168773	0.00941392	0.0182829	0.00680698	0.0283536	0.0342076	0.0851113	0.00876009	0.0180924
24	0.027383	0.0294689	0.00770497	0.00732053	0.0213689	0.0315379	0.0209399	0.21521	0.0274899	0.0352117	0.0125772	0.047392	0.0190804	0.0033094	0.00218082	0.075939	0.216479	0.194699	0.00150323	0.00320403
25	0.0248763	0.00971812	0.000435468	0.00134463	0.124213	0.00440802	0.00100578	0.243835	0.00676493	0.351211	0.0738551	0.00229007	0.0040796	0.00111424	0.00250293	0.0109333	0.0166375	0.109296	0.00563119	0.00584827
26	0.00499209	0.0549778	0.00950657	0.00186051	0.155003	0.0269824	0.0291595	0.0358835	0.0142183	0.044804	0.00283193	0.0507662	0.00330755	0.0130622	0.0379713	0.0447742	0.0134758	0.0148525	0.0265631	0.415008
27	0.012968	0.016285	0.000613459	0.00293736	0.184724	0.00731844	0.00120539	0.0822672	0.00156875	0.470034	0.106624	0.00656079	0.000926606	0.00102761	0.00119175	0.00755058	0.0251401	0.0677754	0.00197514	0.00130628
28	0.00415219	0.0015174	0.052873	0.0511684	0.015421	0.0424561	0.0363558	0.00351679	0.0336031	0.00750864	0.0021713	0.15577	0.0104224	0.0438969	0.0205809	0.336185	0.149195	0.0175541	0.000836395	0.0148144
29	0.0291695	0.0049848	0.259324	0.284856	0.00148565	0.0257267	0.0247744	0.0139689	0.0486581	0.0107609	0.00143398	0.0582823	0.00830698	0.0683887	0.0209873	0.0891544	0.0239061	0.00549436	0.002659	0.0176778
30	0.0175367	0.00378748	0.309052	0.0683329	0.0115133	0.00555479	0.00457532	0.00723126	0.00934807	0.0075371	0.00359361	0.340729	0.00223581	0.00946306	0.0124151	0.128019	0.0476902	0.00438168	0.00143145	0.00557257
31	0.0580557	0.0193074	0.0478274	0.0585496	0.0801675	0.00642772	0.00327457	0.0301096	0.0733661	0.0425521	0.0285788	0.0143847	0.00226594	0.0451105	0.0239419	0.122898	0.266846	0.0500345	0.00240651	0.0238951
32	0.283149	0.0135517	0.000673465	0.00316318	0.00455816	0.0642792	0.0155733	0.00336826	0.00578669	0.00401486	0.00983312	0.00742095	0.0135413	0.00893161	0.00157862	0.508652	0.0368689	0.0103556	0.000789961	0.00391025
33	0.0507801	0.0158727	0.0243024	0.0310604	0.0193854	0.0217609	0.0165237	0.0922621	0.106083	0.0353431	0.0306059	0.0774224	0.0130043	0.033134	0.0358473	0.13235	0.171491	0.069752	0.00792914	0.0150894
34	0.216687	0.023303	0.000701848	0.00975408	0.0355296	0.0487547	0.00335118	0.116528	0.0013118	0.0619707	0.0570209	0.00135307	0.000502014	0.00196372	0.0051744	0.155589	0.101928	0.155726	0.00189069	0.000961033
35	0.0207671	0.00684616	0.000637693	0.00236192	0.0790122	0.00396191	0.00107197	0.424939	0.00234412	0.183	0.0382529	0.000980602	0.00191884	0.00131441	0.0025731	0.00935821	0.0115107	0.187239	0.0109251	0.0109843
36	0.0044611	0.0033241	0.00621704	0.000752621	0.537062	0.00208581	0.00177836	0.0140984	0.00800723	0.0449806	0.0179401	0.00300311	0.000570097	0.0090111	0.0027724	0.0139333	0.00758592	0.00260429	0.00891138	0.310901
37	0.0405942	0.025595	0.0100768	0.0124114	0.0294504	0.0163937	0.164938	0.0409118	0.0333214	0.0951385	0.0202811	0.177842	0.018471	0.0281579	0.0213943	0.0893317	0.0514029	0.0251864	0.043532	0.05557
38	0.220645	0.0236796	0.000359133	0.00899016	0.0359388	0.0497733	0.00328539	0.116393	0.00091279	0.0625932	0.0575285	0.000915895	0.000469432	0.0014078	0.00493574	0.154029	0.101184	0.154584	0.0017348	0.000640426
39	0.0286408	0.0158892	0.00457576	0.00282735	0.452728	0.00577226	0.00274053	0.0408412	0.00855847	0.0683623	0.0254092	0.00477974	0.00705356	0.00826388	0.00378177	0.0195402	0.0126497	0.0277387	0.0136799	0.246167
40	0.0238616	0.0287937	0.00913507	0.00821999	0.0164047	0.0320108	0.0273701	0.210571	0.0278341	0.0350857	0.0135723	0.0629505	0.0138409	0.0031005	0.0022117	0.0857007	0.192381	0.202129	0.00155349	0.00327339
41	0.218524	0.0255979	0.00040502	0.00876964	0.0367113	0.0532142	0.00312131	0.116077	0.000908304	0.0623862	0.0564824	0.000913697	0.000468087	0.00136833	0.00482811	0.153614	0.0987919	0.155171	0.00192994	0.000717213
42	0.0205829	0.0181519	0.000412587	0.00180527	0.133606	0.0100167	0.000585751	0.118705	0.0019402	0.453369	0.101981	0.00524962	0.00120785	0.000995217	0.00119572	0.00748191	0.0228986	0.0949428	0.00205029	0.0028214
43	0.361953	0.0668168	0.00371406	0.00572591	0.0157298	0.059129	0.00634552	0.02226	0.00645775	0.0610275	0.0175979	0.0317878	0.0119295	0.0105229	0.00570833	0.201558	0.0400486	0.057935	0.00318045	0.0105721
44	0.0168881	0.0374043	0.0167862	0.0149309	0.135704	0.0239439	0.0191764	0.0414055	0.0170927	0.0438676	0.0105205	0.062	0.00866202	0.0433345	0.0280667	0.0747456	0.0634888	0.0223323	0.0156362	0.304014
45	0.0344768	0.00615051	0.0025302	0.00351558	0.229335	0.00558598	0.0154112	0.169561	0.00340887	0.276708	0.0340625	0.002748	0.00301878	0.00290379	0.0136096	0.0443441	0.0482089	0.0935714	0.00588464	0.00496476
46	0.0258455	0.0242603	0.00295274	0.0043545	0.103906	0.00543115	0.00287069	0.049187	0.00891157	0.069018	0.145743	0.00581855	0.00384581	0.0058197	0.00368093	0.166402	0.280874	0.083718	0.00249024	0.00487063
47	0.188363	0.0296583	0.00273548	0.00527681	0.0173825	0.00570498	0.00606502	0.0174672	0.00445947	0.0415432	0.0126204	0.00887275	0.406881	0.00342525	0.00281593	0.15339	0.045291	0.0311296	0.0078141	0.0091045
48	0.0274142	0.0128257	0.000299088	0.000780742	0.0656068	0.00449122	0.000511286	0.312632	0.00164505	0.265718	0.0350823	0.000661009	0.00109329	0.00209065	0.00121503	0.00948132	0.0273741	0.226015	0.00193911	0.00312358
49	0.0314016	0.0100811	0.000294541	0.000522393	0.118896	0.00456207	0.000840913	0.246107	0.00427148	0.338417	0.0674621	0.00116742	0.00555881	0.000844385	0.00248054	0.0134905	0.0181116	0.124349	0.00518779	0.00595523
50	0.0968467	0.0503344	0.00173708	0.00451446	0.0127055	0.603863	0.001593	0.0159101	0.0105621	0.0136389	0.00931671	0.00498695	0.00175663	0.0075913	0.0127172	0.0990102	0.0169602	0.0286599	0.00255431	0.00474162
51	0.399981	0.0203142	0.000894754	0.00320718	0.0118999	0.218087	0.00302286	0.00365188	0.00290118	0.00752536	0.00361234	0.00802802	0.00163925	0.00230864	0.00271192	0.253654	0.0303069	0.0191256	0.000655173	0.0064727
52	0.0160253	0.007983	0.000527953	0.00316874	0.024672	0.00106257	0.00361244	0.513975	0.0028019	0.158209	0.10437	0.000819756	0.00503783	0.00186438	0.000591035	0.00632369	0.0105709	0.123023	0.0025426	0.0128182
53	0.0174389	0.0081731	0.000502057	0.00309892	0.0252416	0.00143934	0.00369505	0.480887	0.00307675	0.179388	0.11487	0.000824499	0.00407093	0.00175982	0.000750393	0.00681569	0.0132813	0.121334	0.0021445	0.0112068
54	0.420995	0.0297044	0.000443668	0.000809786	0.00751838	0.0121046	0.00197108	0.00494495	0.0022864	0.00317159	0.0117807	0.00654064	0.0137592	0.00178105	0.000915468	0.335722	0.127506	0.00824532	0.000538817	0.00926165
55	0.0273752	0.00617945	0.37602	0.166822	0.0115536	0.0160405	0.0177065	0.0197098	0.0365278	0.0180483	0.00470251	0.0817524	0.00608421	0.0367928	0.0161775	0.0826782	0.0302108	0.0133533	0.00581393	0.0264511
56	0.188331	0.0079862	0.00140617	0.0028756	0.00414769	0.181428	0.00612091	0.00466911	0.00818245	0.00572646	0.00617382	0.0307756	0.00554729	0.00744329	0.00887738	0.372449	0.138079	0.0157779	0.00112098	0.00288226
57	0.00276609	0.0592446	0.00973855	0.000840049	0.155002	0.0288969	0.0204847	0.0370134	0.0139309	0.0451204	0.0022493	0.0476299	0.00114344	0.01245	0.0397708	0.0451633	0.0117109	0.0151952	0.0236725	0.427977
58	0.0261049	0.0120648	0.0011144	0.0026626	0.142258	0.00500898	0.00182902	0.280221	0.00557129	0.258431	0.0514403	0.00205362	0.00403777	0.00225226	0.00425664	0.0152376	0.0221697	0.11737	0.0297562	0.0161585
59	0.0855407	0.0363797	0.00185954	0.00428038	0.00954096	0.630529	0.00300175	0.0143306	0.0121798	0.016944	0.0107453	0.00598941	0.0022308	0.00949723	0.0164387	0.0902359	0.0240581	0.0207896	0.00196404	0.00346389
60	0.00624438	0.00159767	0.00189191	0.00316733	0.00271395	0.00851923	0.0175225	0.0221603	0.506114	0.0159962	0.00691294	0.0247719	0.00649725	0.0218528	0.294951	0.0189151	0.0137378	0.00836171	0.0115388	0.0065336
61	0.00428428	0.00251621	0.00439037	0.000550316	0.540269	0.00168653	0.0015474	0.0111677	0.00827042	0.0427055	0.0178381	0.00228181	0.000502334	0.00823673	0.00218732	0.0134802	0.0064648	0.00207725	0.00910264	0.320441
62	0.0111184	0.0013892	0.00293179	0.00583124	0.00301413	0.0158489	0.0269004	0.0205288	0.423457	0.0142625	0.0111521	0.0466176	0.013692	0.0193684	0.303757	0.0390318	0.0168118	0.00581526	0.0141612	0.00430995
63	0.178162	0.0225638	0.00547975	0.0125507	0.0302561	0.0427763	0.00509751	0.092488	0.0109306	0.0521967	0.0479441	0.0133197	0.00562012	0.011605	0.00851189	0.168918	0.144877	0.137064	0.00255264	0.00708645
64	0.0326579	0.0125196	0.00269143	0.00332867	0.0757915	0.00965826	0.00285817	0.276294	0.00580535	0.2539	0.0724756	0.00494583	0.00322675	0.00455077	0.00310451	0.021103	0.0431783	0.159137	0.00557935	0.00719363
65	0.0329654	0.0117115	0.000238176	0.000326717	0.111825	0.0048481	0.000470494	0.247872	0.00287193	0.320449	0.0599925	0.00090572	0.00278796	0.00102049	0.00231903	0.0146655	0.0212288	0.153068	0.0047326	0.00570059
66	0.00285699	0.0590041	0.00977135	0.000838298	0.154641	0.0288878	0.0204629	0.037206	0.0138835	0.0449304	0.00226978	0.0475539	0.00111157	0.012454	0.0399908	0.0452139	0.0116803	0.0150236	0.0237247	0.428495
67	0.0501505	0.0154859	0.000641778	0.000919274	0.107459	0.0158156	0.000444011	0.230215	0.00270644	0.285667	0.0552951	0.00141298	0.00212738	0.000906448	0.00236789	0.0160198	0.0219237	0.176852	0.00489891	0.0086919
68	0.111351	0.00626903	0.0428662	0.0815378	0.00660173	0.046403	0.0169793	0.0193893	0.118272	0.0192474	0.0216681	0.0317717	0.0108841	0.0987378	0.0566725	0.203303	0.0731753	0.0224379	0.00151614	0.0109169
69	0.0353002	0.0153496	0.00038806	0.00144943	0.0600268	0.00621289	0.000964633	0.332468	0.00177996	0.250813	0.0556202	0.000826462	0.00208211	0.00378264	0.00126989	0.0146443	0.0268393	0.181548	0.00266031	0.00597427
70	0.025217	0.00992091	0.000300444	0.000424406	0.0940855	0.00353743	0.000561642	0.321315	0.00195695	0.246369	0.0394793	0.00062238	0.00111698	0.00123516	0.00228234	0.0107769	0.0174102	0.216705	0.00331819	0.00336452
71	0.0213948	0.0402522	0.0091453	0.00605174	0.112393	0.0192341	0.0674683	0.045849	0.0152644	0.11427	0.0229311	0.0486388	0.00894774	0.0191176	0.0264538	0.0463486	0.02234	0.0201687	0.0326798	0.301051
72	0.224269	0.024068	0.00187329	0.00952973	0.0338598	0.041958	0.00301864	0.110775	0.00332334	0.0668128	0.0583577	0.00298932	0.00066888	0.00418642	0.00865417	0.139938	0.106622	0.154889	0.00198616	0.00222006
73	0.0333234	0.0165919	0.000331137	0.000917519	0.0575547	0.00702056	0.000418488	0.292545	0.000938931	0.268981	0.0320384	0.000861944	0.000847715	0.00325453	0.00104049	0.0118886	0.0349632	0.232872	0.00105096	0.0025601
74	0.0926415	0.0335173	0.00526451	0.00760711	0.0119044	0.599273	0.00317148	0.0137515	0.0122236	0.0164969	0.0109207	0.00802846	0.00271602	0.0101864	0.0143218	0.10197	0.0268451	0.0187296	0.00211787	0.00831241
75	0.0995301	0.0941445	0.00660918	0.0070922	0.0133826	0.0109934	0.102075	0.0177985	0.010583	0.0643988	0.0179593	0.0992978	0.00932978	0.129417	0.00616254	0.187488	0.0219619	0.0157836	0.0060048	0.0799885
76	0.0838341	0.0179334	0.00169325	0.00396088	0.0681548	0.0374658	0.000530051	0.261158	0.000943775	0.16393	0.0227622	0.0025271	0.000401191	0.00112026	0.00128003	0.0152428	0.0342167	0.269924	0.00439018	0.00853151
77	0.033357	0.0164088	0.000387464	0.0011331	0.0531403	0.00756447	0.000454753	0.305438	0.0008522	0.251721	0.0267996	0.000856972	0.000609797	0.00315857	0.000895179	0.0109269	0.0355935	0.2478	0.000719707	0.00218292
78	0.0105202	0.00539107	0.00218929	0.00197015	0.0270916	0.00792684	0.00217097	0.0979336	0.0110356	0.520444	0.172284	0.00407471	0.00255924	0.0111475	0.00160774	0.0120585	0.0306553	0.0721832	0.00235316	0.00440338
79	0.41027	0.0356414	0.000513032	0.0013969	0.00727696	0.00567844	0.00124582	0.00747737	0.00254625	0.0036898	0.0118793	0.00599374	0.0117265	0.00147759	0.000837034	0.312187	0.16253	0.00837412	0.000664218	0.00859473
80	0.0436644	0.0148803	0.000650893	0.000840418	0.0825728	0.013974	0.000412102	0.268412	0.00201169	0.270193	0.0454777	0.00099049	0.00167388	0.00160572	0.00156576	0.0110754	0.0235487	0.208296	0.00282337	0.00533119
81	0.228716	0.00597517	0.00139356	0.00294438	0.00493928	0.237703	0.00267295	0.00468991	0.00690744	0.00746673	0.004954	0.0203441	0.00229114	0.00457483	0.0129338	0.271526	0.157596	0.0183391	0.00130375	0.00272856
82	0.0353988	0.0114883	0.000255001	0.000471203	0.104116	0.0060697	0.000490445	0.24912	0.0036113	0.315515	0.0683163	0.00119406	0.00271339	0.00103906	0.00267216	0.0152552	0.0203491	0.150204	0.0046235	0.00709755
83	0.0377822	0.0155246	0.000598543	0.00141594	0.0615512	0.0125216	0.000674331	0.281138	0.000846862	0.260838	0.0286554	0.00109644	0.00070135	0.00294804	0.00105154	0.0147028	0.0392796	0.235036	0.00108871	0.0025489
84	0.332785	0.0237062	0.00103547	0.00255151	0.0112695	0.277283	0.00352181	0.00429429	0.00372426	0.00721932	0.00400987	0.00835142	0.00276057	0.00306584	0.00459174	0.244869	0.0369277	0.0209038	0.000789619	0.00634004
85	0.0163835	0.0135011	0.00109007	0.00235661	0.088577	0.00904885	0.00153958	0.100539	0.00487672	0.49099	0.131059	0.00561508	0.00210644	0.00622379	0.00165302	0.011949	0.0265246	0.0754466	0.00448728	0.00603206
86	0.097394	0.0173116	0.00170157	0.00446114	0.116125	0.0515245	0.000455616	0.194137	0.000626784	0.187268	0.026258	0.00128611	0.000347803	0.000541513	0.00127412	0.0204495	0.0374071	0.227434	0.00547209	0.00852333
87	0.0360835	0.0127274	0.000345742	0.000549732	0.115892	0.00684637	0.000448458	0.245979	0.00265045	0.30834	0.0568307	0.000971378	0.00253808	0.000963961	0.00219882	0.0152887	0.0213808	0.159291	0.00492681	0.00574806
88	0.025719	0.00824121	0.000828163	0.00260553	0.0443285	0.00575843	0.00225466	0.402908	0.00356208	0.162133	0.0627947	0.00139734	0.00208841	0.0019767	0.00122768	0.00955742	0.0222706	0.230098	0.00316935	0.0070812
89	0.534383	0.0139087	0.00089651	0.00207891	0.0158202	0.216175	0.00110406	0.00326611	0.00610892	0.0157892	0.00691115	0.0053049	0.00109254	0.00143197	0.00171153	0.120939	0.0358619	0.0107226	0.000856166	0.00563693
90	0.026063	0.00653017	0.00150845	0.00209619	0.266187	0.00408026	0.00231618	0.190617	0.00177978	0.25832	0.042696	0.000859785	0.00148688	0.000803647	0.00292427	0.0274766	0.0318008	0.123558	0.0059383	0.00295717
91	0.315564	0.0457659	0.00140724	0.00458931	0.0209951	0.245823	0.00185114	0.0290204	0.00456246	0.0181697	0.00991026	0.00673231	0.00149418	0.002988	0.00312036	0.170031	0.0399832	0.0680725	0.00193017	0.00798919
92	0.085455	0.0395714	0.00288187	0.00545292	0.0223398	0.00593285	0.00411212	0.040799	0.0204369	0.0198267	0.1235	0.0126749	0.00560328	0.012606	0.00313149	0.212469	0.35195	0.0230423	0.00262464	0.00559047
93	0.0784777	0.0348704	0.00229873	0.0043482	0.00933961	0.657376	0.00185996	0.0129779	0.0119073	0.016955	0.0118031	0.00497284	0.00220432	0.00781928	0.0152595	0.0815515	0.0215664	0.0173565	0.00214157	0.0049141
94	0.189515	0.072955	0.00151137	0.00492388	0.0315906	0.241992	0.00151193	0.0815148	0.00241345	0.0395489	0.0143897	0.00338728	0.00102577	0.00202923	0.00268467	0.131368	0.0417482	0.126078	0.00484063	0.00497095
95	0.0224225	0.00901471	0.00202365	0.00331327	0.0587899	0.0045951	0.00328956	0.352162	0.0133995	0.21744	0.0960762	0.00419061	0.00454813	0.00499922	0.00301402	0.0131626	0.0226182	0.151188	0.00420027	0.00955206
96	0.0499994	0.00327756	0.0417312	0.0674056	0.00453421	0.0322249	0.0374105	0.0143543	0.228814	0.0295694	0.0166603	0.0591467	0.0107743	0.0591854	0.188899	0.0829248	0.0463379	0.0123669	0.00698626	0.00739788
97	0.147227	0.0118669	0.00268064	0.00382869	0.0117554	0.00674995	0.00719589	0.00749114	0.00571543	0.0377348	0.0114436	0.0105827	0.447887	0.0043602	0.00315603	0.201577	0.0420536	0.0247132	0.00750196	0.00447854
98	0.035509	0.168557	0.0379305	0.0138927	0.0331031	0.0180683	0.022605	0.0385676	0.0189563	0.0406951	0.0264371	0.280971	0.0132324	0.0224319	0.0129354	0.0804698	0.0537711	0.0315029	0.0133303	0.037034
99	0.0348398	0.0198062	0.0120072	0.0124261	0.0703021	0.0189831	0.0136077	0.167288	0.0480875	0.0550144	0.0250216	0.0545762	0.00797898	0.0133308	0.0105744	0.0834438	0.110887	0.214713	0.00655806	0.0205545
100	0.390063	0.0261217	0.000524455	0.00114444	0.0098729	0.0119392	0.00399968	0.00455085	0.00251177	0.00330122	0.0130079	0.005741	0.0188102	0.00296485	0.000652542	0.375522	0.107691	0.0103001	0.000596627	0.0106847
101	0.423248	0.03007	0.000451349	0.000734674	0.00787191	0.00812262	0.00213844	0.00478738	0.0019061	0.00303836	0.0121273	0.00599272	0.0149667	0.00172639	0.000637494	0.34057	0.123127	0.00814814	0.000521379	0.00981456
102	0.0181315	0.0181205	0.00114263	0.00337692	0.165284	0.00758604	0.00126527	0.0979744	0.00392381	0.427051	0.109665	0.00605095	0.0025349	0.00353981	0.00209305	0.010138	0.0277227	0.0733758	0.00751393	0.01351
103	0.388342	0.0427188	0.000860433	0.00237524	0.0180967	0.266184	0.00119696	0.011324	0.00337971	0.0117421	0.00486709	0.00635274	0.00152394	0.00198518	0.00275878	0.166008	0.0211063	0.039134	0.00122612	0.00881806
104	0.442236	0.0243303	0.000766997	0.00245321	0.0139696	0.263964	0.00159297	0.00683569	0.00423147	0.012344	0.00559169	0.00583729	0.0012518	0.00183608	0.00283519	0.148644	0.0316011	0.0218568	0.00112709	0.00669569
105	0.0258398	0.0053333	0.373092	0.233367	0.00367538	0.0171449	0.0198624	0.014995	0.0352407	0.0187427	0.00416168	0.0476812	0.00634859	0.0422357	0.0148913	0.0696653	0.0226637	0.0065357	0.0133393	0.0251844
106	0.026216	0.00592178	0.00703649	0.0232211	0.011767	0.00730904	0.0208457	0.0494407	0.0279842	0.100226	0.11227	0.00736932	0.0163654	0.45084	0.00736218	0.046414	0.0517319	0.0162503	0.00362451	0.00780568
107	0.0370655	0.0108665	0.00270799	0.00322184	0.228433	0.00951119	0.00376322	0.188371	0.00520275	0.228128	0.0437965	0.00335427	0.00201135	0.00551766	0.00496893	0.0390506	0.0354746	0.121043	0.00756539	0.019947
108	0.100611	0.00103719	0.055018	0.117252	0.00382988	0.0536034	0.0176387	0.0132702	0.16187	0.0149201	0.0198016	0.0316211	0.00879452	0.11711	0.0792972	0.110436	0.0663209	0.0177904	0.0004574	0.00932036
109	0.00450882	0.000859395	0.00446202	0.000578844	0.558393	0.000931646	0.000939249	0.0104348	0.0078772	0.0433934	0.0189102	0.000932669	0.000502654	0.00820333	0.00107521	0.0129366	0.00615063	0.0017203	0.00850616	0.308684
110	0.145789	0.0215852	0.00635245	0.0105664	0.179877	0.0328998	0.00562095	0.0870807	0.0142737	0.0996015	0.0393172	0.00824037	0.00812418	0.0106324	0.00751777	0.0876015	0.106199	0.0830366	0.010107	0.0355772
111	0.171784	0.0106313	0.0138658	0.0269578	0.00600311	0.0659095	0.0126237	0.0154313	0.046931	0.0132219	0.0155135	0.0234787	0.0104549	0.0413101	0.02055	0.377476	0.0883251	0.0303716	0.0014567	0.00770382
112	0.0360455	0.0097256	0.000331098	0.00120271	0.0985887	0.00610342	0.000676488	0.254883	0.00631219	0.307814	0.0751981	0.00243608	0.00292081	0.00123895	0.00437833	0.0126438	0.0206814	0.141013	0.00784934	0.00995738
113	0.0129638	0.0108731	0.00340231	0.0109407	0.352134	0.00458203	0.00281409	0.0434761	0.0115537	0.157165	0.0910984	0.00422339	0.00337725	0.0142738	0.00479056	0.0169507	0.0174363	0.0266316	0.0289887	0.182324
114	0.0278455	0.0705301	0.00778144	0.00420536	0.153994	0.0162729	0.0119507	0.0886568	0.01022	0.12819	0.0254005	0.0217581	0.0156507	0.0112981	0.0189654	0.0276402	0.0420928	0.0451796	0.0263011	0.246067
115	0.0256689	0.0164244	0.000590671	0.0017195	0.13328	0.00433862	0.00104478	0.19984	0.0063596	0.328562	0.0892728	0.00165459	0.00347849	0.00382742	0.00365298	0.0132788	0.0259591	0.103963	0.0223428	0.0147414
116	0.426689	0.0304163	0.000415418	0.000731251	0.00795482	0.00766791	0.00199837	0.00480442	0.00191627	0.00301418	0.0121122	0.006045	0.0142869	0.00150887	0.000630378	0.336996	0.124588	0.00801577	0.000515756	0.00969308
117	0.0144979	0.00453872	0.00162187	0.00150339	0.0224327	0.00378019	0.0043906	0.403416	0.00485069	0.0797521	0.0267307	0.00115689	0.00123055	0.00143699	0.000704296	0.00631051	0.0314156	0.384412	0.00220373	0.00361422
118	0.0054921	0.0620706	0.0101196	0.00192132	0.149039	0.0284625	0.0213211	0.0362591	0.0143063	0.0446023	0.00323406	0.0639808	0.00169172	0.0139105	0.037616	0.0509586	0.0126786	0.0155434	0.0230563	0.403736
119	0.173913	0.019916	0.000801563	0.00705204	0.0737792	0.0565239	0.00216669	0.128409	0.00109487	0.125784	0.0475612	0.00111108	0.000587547	0.00109127	0.00374573	0.105009	0.0807087	0.165805	0.00273086	0.00220837
120	0.204698	0.034245	0.00110138	0.00268479	0.0129993	0.47948	0.00188073	0.0143197	0.00897268	0.0153513	0.0102303	0.00647642	0.00181403	0.00551257	0.012183	0.113366	0.0364983	0.031209	0.00231991	0.00465872
121	0.32649	0.0189969	0.00572613	0.0197809	0.0126948	0.132627	0.00740016	0.0169727	0.015635	0.0144935	0.0125445	0.00871522	0.00661078	0.0138296	0.00903971	0.294377	0.0458756	0.0303176	0.00135114	0.00652189
122	0.00967061	0.0197802	0.000325338	0.00230037	0.146778	0.00888303	0.000757765	0.0572622	0.00147938	0.525058	0.128212	0.0086193	0.000576233	0.00109507	0.000610895	0.00314808	0.0246375	0.0590473	0.000749222	0.00100967
123	0.0312722	0.0104139	0.000341597	0.000391514	0.127035	0.00416341	0.000682863	0.253443	0.00305525	0.312898	0.0594921	0.000973456	0.00288864	0.000968993	0.00240327	0.0159234	0.0205877	0.142407	0.00532311	0.00533528
124	0.360477	0.0276211	0.000848738	0.00335781	0.0157423	0.175524	0.00404161	0.0177117	0.00319096	0.0139954	0.00977645	0.00738578	0.00359178	0.0031159	0.00200594	0.26259	0.0363855	0.0447857	0.000998502	0.00685404
125	0.0243442	0.0394372	0.00309071	0.00410118	0.0202584	0.00529258	0.00335588	0.0681918	0.0484827	0.0192211	0.226185	0.00662259	0.00375689	0.0136292	0.00335529	0.145772	0.339846	0.0177041	0.00300304	0.00434992
126	0.0300367	0.00956375	0.000908371	0.000994506	0.195878	0.00462778	0.00121239	0.225713	0.00211769	0.281464	0.0487849	0.000747334	0.00187078	0.000728671	0.00226026	0.0205601	0.0261219	0.13582	0.00684445	0.00374519
127	0.0229928	0.0107011	0.000235514	0.000759762	0.0681555	0.00317084	0.000465089	0.363265	0.0012299	0.213327	0.0265368	0.000487798	0.000524353	0.00179915	0.00116806	0.00695822	0.0190626	0.25484	0.00209267	0.00222828
128	0.155767	0.0218223	0.00188288	0.00829446	0.0305881	0.0253568	0.00306017	0.0857904	0.00926824	0.0415831	0.0978143	0.00698771	0.00178809	0.0118329	0.00431506	0.176872	0.213858	0.0979577	0.00199216	0.00316905
129	0.130894	0.0121143	0.00250061	0.00532118	0.0131882	0.0044482	0.00700406	0.0212296	0.00618371	0.0433788	0.0114966	0.00931749	0.511787	0.00600786	0.00490775	0.127906	0.0364022	0.031873	0.00767346	0.00636574
130	0.0292079	0.00776988	0.00121896	0.0113808	0.0266517	0.00809099	0.00289171	0.423252	0.00318578	0.146765	0.0927884	0.00196361	0.00348104	0.00262317	0.00154123	0.0135344	0.0287011	0.172998	0.00287533	0.0190791
131	0.0271735	0.0097368	0.000477477	0.00084516	0.137891	0.00381105	0.000969894	0.256719	0.00430849	0.316717	0.0633894	0.00129339	0.00387259	0.00103242	0.00229877	0.0141934	0.0190101	0.124743	0.00636994	0.00514753
132	0.00762779	0.00169267	0.0028417	0.00495127	0.00309642	0.0101247	0.0195576	0.0221554	0.489991	0.0167092	0.00760022	0.0277744	0.00788485	0.0215717	0.291081	0.0224944	0.0161791	0.00828651	0.0118596	0.00652057
133	0.0222461	0.00479483	0.211821	0.177608	0.00547784	0.0262721	0.0278934	0.011031	0.0471008	0.00944255	0.00155022	0.0897996	0.00602719	0.0586439	0.0196435	0.170726	0.0758662	0.0076989	0.00204791	0.0243094
134	0.0880796	0.193551	0.00898	0.0114493	0.0553045	0.0659383	0.0129084	0.0687495	0.0172761	0.0893161	0.0422247	0.035969	0.0151131	0.0152956	0.0135976	0.0920198	0.0555468	0.0627356	0.013315	0.0426301
135	0.00449251	0.000849037	0.00430834	0.000566256	0.558991	0.000932033	0.000939741	0.0102243	0.00788941	0.0433169	0.0188239	0.000930731	0.000502554	0.00821781	0.00107348	0.0129388	0.00612851	0.00169427	0.00848061	0.3087
136	0.156191	0.011691	0.000985173	0.00130899	0.0102956	0.00222835	0.00551173	0.00425121	0.00200198	0.0412213	0.010643	0.00544404	0.515664	0.00182761	0.00134838	0.156191	0.0382698	0.0247826	0.00827388	0.00186962
137	0.0182758	0.0100145	0.00103925	0.00224098	0.0664916	0.00862363	0.00160986	0.140254	0.00538504	0.45267	0.121784	0.00397035	0.0025708	0.00556873	0.00189206	0.0114523	0.0259532	0.113351	0.00245706	0.00439595
138	0.369371	0.0498463	0.00146512	0.00334841	0.0216387	0.224458	0.00171412	0.0184621	0.003436	0.015791	0.00596677	0.007858	0.00153191	0.0028195	0.00228266	0.173619	0.0221504	0.0566121	0.00200216	0.015627
139	0.00638272	0.00488099	0.00448756	0.000926203	0.534799	0.00184009	0.00157453	0.0151447	0.00831796	0.0508348	0.0197106	0.00305068	0.0013814	0.00842382	0.00211695	0.0144457	0.00693772	0.00626421	0.010091	0.298389
140	0.0979338	0.0256782	0.00179551	0.00404352	0.0971814	0.0726204	0.000833519	0.194163	0.00186953	0.187196	0.0314918	0.00163431	0.00149528	0.00163534	0.00180975	0.0311885	0.0323399	0.199212	0.00587304	0.0100052
141	0.0578609	0.0145648	0.00102821	0.00185322	0.0683305	0.0192564	0.000618696	0.315353	0.00126566	0.174142	0.0238074	0.00106085	0.000442615	0.00131979	0.00108549	0.00916416	0.0233118	0.27682	0.00342507	0.00528895
142	0.124325	0.0123043	0.00422815	0.00879271	0.0167888	0.00616107	0.00729824	0.0232005	0.00703364	0.0858279	0.0193843	0.00893331	0.435855	0.00928523	0.00437425	0.133517	0.0417458	0.0337744	0.0077382	0.00943173
143	0.314091	0.00935225	0.00123491	0.00252948	0.00706026	0.261901	0.00217325	0.00530554	0.0059923	0.00965351	0.00557334	0.0142832	0.0016145	0.00307032	0.00796371	0.205307	0.122521	0.0164606	0.00111346	0.00279976
144	0.0309942	0.0115034	0.000416378	0.000956397	0.0700846	0.0059254	0.000503918	0.358874	0.00114933	0.194268	0.0263315	0.000613034	0.000477758	0.00163516	0.00105895	0.00635196	0.01824	0.266007	0.00212331	0.00248713
145	0.0250982	0.0110721	0.00198872	0.00377139	0.0663825	0.00798268	0.00290482	0.238405	0.00551708	0.329344	0.109964	0.00355395	0.0158696	0.00729573	0.00235517	0.0166278	0.0240452	0.11376	0.00403127	0.0100309
146	0.0580562	0.0144623	0.00690873	0.0427521	0.0467849	0.0198687	0.00726517	0.144523	0.0163905	0.189087	0.127426	0.0109514	0.00875862	0.0256076	0.00781311	0.0386596	0.0487539	0.162641	0.00612642	0.0171623
147	0.396456	0.0216573	0.000856036	0.00301144	0.012198	0.193374	0.00397621	0.00399036	0.00333792	0.00734688	0.00477337	0.00776012	0.0032582	0.00324766	0.00285334	0.271782	0.0340524	0.0188058	0.000756317	0.00650596
148	0.0296583	0.00242155	0.00954372	0.0199602	0.00389217	0.0328496	0.0522451	0.0115243	0.275567	0.0220772	0.0143526	0.0622649	0.0136674	0.0278304	0.27937	0.0756835	0.0447574	0.00455591	0.0148923	0.00288648
149	0.0208714	0.00303652	0.00287904	0.00445367	0.0178863	0.036152	0.0114515	0.0195368	0.229582	0.00961107	0.00935627	0.0830574	0.16846	0.0186483	0.207151	0.117599	0.0125007	0.00578987	0.0190893	0.00288767
150	0.00801828	0.0179274	0.00184892	0.00898203	0.100814	0.00318231	0.00233536	0.0513476	0.0277889	0.318339	0.176936	0.00341277	0.00214895	0.0202641	0.0146797	0.00964159	0.03476	0.0202168	0.117111	0.060245
151	0.00343936	0.0503369	0.0091861	0.000962571	0.206404	0.0251921	0.0176141	0.0342115	0.0131785	0.0442951	0.00463787	0.0410442	0.00113138	0.0120454	0.035999	0.0404268	0.0113677	0.0144799	0.0217826	0.412265
152	0.156131	0.00991775	0.00533692	0.0103561	0.00888744	0.00453176	0.0139144	0.0166012	0.00702985	0.0698556	0.0100638	0.00704408	0.445125	0.00261931	0.00376438	0.123995	0.051194	0.041232	0.00632982	0.00606992
153	0.101114	0.00102982	0.0508005	0.129024	0.00388977	0.0519232	0.0156206	0.0128436	0.164766	0.0137194	0.0189241	0.0302563	0.00821161	0.119026	0.0728138	0.109061	0.0687954	0.0182759	0.00051934	0.00938631
154	0.0325659	0.0046191	0.245242	0.280565	0.00164713	0.0274897	0.0248255	0.0134289	0.0541137	0.0107713	0.00230379	0.0563571	0.00842771	0.0724118	0.0245233	0.0898466	0.0254467	0.00606714	0.00253323	0.0168145
155	0.00614635	0.00156073	0.0591212	0.0570218	0.0148081	0.041992	0.0361398	0.00387028	0.0359948	0.00764663	0.00229012	0.151372	0.00987625	0.0458749	0.0214098	0.327498	0.1445	0.0169629	0.000887755	0.015027
156	0.0132879	0.00250158	0.000979528	0.000841785	0.0107219	0.0039172	0.00253721	0.370618	0.00658296	0.0401836	0.0119463	0.00113178	0.000771461	0.00112178	0.000560981	0.00593859	0.0410459	0.481768	0.00176467	0.00177903
157	0.0333325	0.0102247	0.000231713	0.000638077	0.101748	0.00590043	0.000517513	0.269459	0.00466354	0.303176	0.0680621	0.00135584	0.00277024	0.00100274	0.00264961	0.0126111	0.0198704	0.150138	0.00504232	0.00660696
158	0.0154659	0.00749444	0.117685	0.0974608	0.0164709	0.0398532	0.0487328	0.0102245	0.0380216	0.0133685	0.00332867	0.127542	0.00850315	0.0467829	0.020882	0.229978	0.0973747	0.0136356	0.00481158	0.0423838
159	0.019561	0.0183641	0.00453096	0.00347998	0.283423	0.008091	0.00690148	0.0420266	0.0107504	0.109837	0.0346061	0.0180834	0.00627135	0.00761247	0.00854798	0.0273037	0.0173649	0.0300279	0.181667	0.161549
160	0.0103465	0.00884133	0.00133313	0.00182953	0.0567269	0.00836517	0.00148115	0.0789363	0.00555794	0.550155	0.156691	0.00481998	0.00204429	0.0058082	0.0010113	0.00901125	0.0280053	0.064538	0.00122335	0.00327444
161	0.025964	0.0053861	0.392811	0.20954	0.00167986	0.0169767	0.0204657	0.0130967	0.0400699	0.0160327	0.00182257	0.055455	0.00482914	0.0430981	0.0159218	0.0778261	0.023042	0.00402632	0.00473118	0.0272251
162	0.0437418	0.00788913	0.00407908	0.00475416	0.0466344	0.00831695	0.217415	0.0461006	0.0358015	0.0620677	0.011158	0.0952169	0.0327081	0.00661424	0.0333352	0.0227882	0.0432105	0.0122696	0.133461	0.132437
163	0.413205	0.0279704	0.000445546	0.000847216	0.00789395	0.0100784	0.00300097	0.00437615	0.00218845	0.00306064	0.01233	0.00574287	0.0160909	0.00214094	0.000613228	0.356836	0.113725	0.00868796	0.000499684	0.0102664
164	0.0452087	0.00874436	0.255191	0.204952	0.00223839	0.0305686	0.0185656	0.020477	0.0735008	0.0184652	0.0033955	0.0562494	0.00579032	0.0581333	0.0287622	0.114215	0.0278935	0.00582367	0.00250679	0.0193192
165	0.0866098	0.000999662	0.050294	0.103629	0.00369265	0.0480245	0.0271338	0.010721	0.173912	0.021009	0.0185748	0.0369376	0.00902446	0.110914	0.105291	0.107597	0.0619188	0.0147497	0.00134808	0.00761912
166	0.0191116	0.0107049	0.00413889	0.0727606	0.133666	0.00647105	0.00807605	0.0594196	0.0160703	0.24442	0.186254	0.00599889	0.00587575	0.0600234	0.00786843	0.0191148	0.0224999	0.0193233	0.0272465	0.0709558
167	0.0135325	0.00460586	0.000715369	0.000976421	0.0278374	0.0030368	0.00204303	0.413306	0.00597337	0.0786941	0.0170887	0.000862826	0.000986702	0.00126687	0.000602338	0.00468903	0.0295659	0.388731	0.00269258	0.00279276
168	0.102694	0.00229968	0.0574486	0.111112	0.00590449	0.0503621	0.0157217	0.017306	0.144336	0.0193073	0.0219752	0.0351382	0.00769182	0.111656	0.0759574	0.115829	0.0707265	0.0230445	0.000515921	0.0109732
169	0.0287348	0.00490273	0.27204	0.2792	0.00152741	0.0251157	0.0242056	0.0137034	0.0474194	0.0108555	0.00143517	0.0577305	0.00792321	0.0666993	0.0202358	0.0881058	0.0239402	0.00533577	0.00277545	0.0181139
170	0.0114668	0.00342052	0.00131335	0.00133877	0.0145141	0.00620764	0.00283969	0.364856	0.00629332	0.0371951	0.0138958	0.00193418	0.00186627	0.001298	0.00071885	0.00673317	0.0691774	0.450783	0.00185282	0.00229569
171	0.00445514	0.00164409	0.00147211	0.00209866	0.00274418	0.00714624	0.0151974	0.0237555	0.531564	0.0156899	0.00659849	0.0215653	0.00559867	0.0202085	0.282878	0.0154964	0.0127117	0.00960207	0.0125191	0.00705446
172	0.132733	0.0243668	0.0299481	0.0281163	0.0144813	0.0276054	0.00486781	0.0949487	0.0408367	0.0555861	0.0377727	0.036583	0.00139115	0.0559201	0.0355328	0.125482	0.109368	0.112222	0.00319876	0.0290388
173	0.0888	0.0179442	0.00133443	0.00261284	0.0869535	0.0310045	0.000512484	0.210774	0.0014389	0.230024	0.0414726	0.00156099	0.00107171	0.00107808	0.00176155	0.0154051	0.029664	0.223397	0.00484848	0.00834224
174	0.00886061	0.0205115	0.00032737	0.00249668	0.149355	0.00922272	0.000753699	0.0495716	0.00127701	0.531966	0.130317	0.00919565	0.000532302	0.00103006	0.000532009	0.00247936	0.0250184	0.0551135	0.000602614	0.00083739
175	0.0365302	0.00167781	0.0138713	0.0269017	0.00348921	0.0301958	0.0546083	0.0099918	0.265339	0.0249539	0.0155036	0.0657849	0.013047	0.0357513	0.27602	0.0727069	0.0360606	0.0044355	0.010699	0.00243226
176	0.0380085	0.0102547	0.000772566	0.00529152	0.0478111	0.0121605	0.00142726	0.377503	0.00185038	0.167732	0.0419564	0.00105367	0.00135764	0.00187231	0.00109813	0.00840543	0.0260916	0.243938	0.00350967	0.007905
177	0.0279899	0.00852363	0.000887765	0.00107816	0.0643303	0.0114503	0.00118383	0.136503	0.00479412	0.476441	0.115846	0.00322328	0.00292556	0.00462044	0.0018213	0.0164178	0.0258978	0.0882582	0.00250907	0.00529839
178	0.00713193	0.0274978	0.00156446	0.00225359	0.274715	0.00353972	0.00214262	0.0866639	0.0411551	0.121543	0.0411611	0.0125916	0.00292692	0.0029314	0.0214748	0.0366827	0.00853119	0.210818	0.0295088	0.0651672
179	0.0301793	0.0141062	0.000334471	0.00046109	0.0875916	0.00570443	0.000400175	0.240496	0.00260189	0.337044	0.0657826	0.00142704	0.00209573	0.00173538	0.00176252	0.0122115	0.0251614	0.16299	0.00317097	0.00474414
180	0.00449135	0.000849294	0.00430191	0.000566872	0.558922	0.00094826	0.000941192	0.0102483	0.00786859	0.0432639	0.0188385	0.000936184	0.000502489	0.00823567	0.0010752	0.0129288	0.00625929	0.00170977	0.00848748	0.308625
181	0.0298896	0.0154602	0.000354373	0.00103119	0.0510316	0.00669276	0.000671277	0.316532	0.00129424	0.249006	0.0293466	0.000846366	0.00068044	0.00318214	0.000914913	0.0104094	0.0361971	0.243642	0.000782352	0.00203486
182	0.151708	0.0110861	0.00594137	0.0116736	0.00810013	0.00512964	0.00765283	0.0236252	0.00768904	0.0435697	0.0105118	0.00820633	0.475642	0.0038146	0.00348138	0.126048	0.0383859	0.0446305	0.00586397	0.0072404
183	0.0388644	0.0128028	0.000493301	0.00130454	0.108006	0.00940519	0.000470526	0.242995	0.00316992	0.300552	0.0567156	0.00102943	0.00268848	0.000977871	0.00237117	0.013883	0.0247741	0.164841	0.00528989	0.00936675
184	0.0567377	0.0129369	0.00942813	0.0161399	0.0322232	0.0124944	0.007613	0.234454	0.0144748	0.0954724	0.0321296	0.0111935	0.21931	0.0142618	0.00613366	0.040199	0.04066	0.123873	0.00588347	0.0143822
185	0.0222814	0.0080352	0.000630658	0.000749557	0.112578	0.00295835	0.00111747	0.340532	0.00395696	0.234673	0.0633586	0.00107205	0.00225674	0.000960992	0.00181614	0.0105978	0.0134401	0.169254	0.00489303	0.00483838
186	0.00547078	0.0067661	0.00447229	0.000807228	0.519781	0.00261035	0.00247545	0.0148318	0.00853402	0.0508042	0.0205475	0.00410053	0.00140849	0.00849758	0.00325986	0.0154624	0.00740896	0.00681818	0.0111061	0.304837
187	0.0144369	0.0154344	0.00512214	0.00482325	0.0762444	0.00927591	0.0217305	0.0239004	0.0128958	0.115684	0.0331273	0.0477423	0.00726424	0.00790112	0.0124415	0.0381899	0.0203325	0.0155795	0.370402	0.147472
188	0.393512	0.0366132	0.000762561	0.00188877	0.00736717	0.00620234	0.00132228	0.00801056	0.00348709	0.00398483	0.0140091	0.00723417	0.0110575	0.00271871	0.00109373	0.300795	0.181576	0.00908569	0.000955089	0.00832443
189	0.0181519	0.0127837	0.000687854	0.00150202	0.0888269	0.00775722	0.0011841	0.137728	0.00438961	0.460688	0.11692	0.00517945	0.00195785	0.00304408	0.00156334	0.0104637	0.02447	0.0955529	0.0026577	0.00449208
190	0.00450364	0.00155913	0.00430763	0.000567294	0.553991	0.00132454	0.00126489	0.0102128	0.00790805	0.04374	0.0186452	0.00163588	0.000499696	0.00816314	0.00151119	0.013598	0.00612011	0.00179837	0.00879606	0.309853
191	0.0395129	0.00617087	0.244652	0.207552	0.00294882	0.0279535	0.0216451	0.01564	0.0695591	0.0144266	0.00432506	0.0618975	0.00651797	0.0629419	0.0295937	0.115344	0.0398107	0.00721275	0.0022618	0.0200344
