302	20
1	0.0734313	0.064173	0.046083	0.0158717	0.0233329	0.350116	0.0280509	0.00537452	0.0129892	0.0232967	0.0153341	0.0293444	0.0065601	0.00914955	0.00646056	0.18312	0.033371	0.0205765	0.00188917	0.0514754
2	0.0236633	0.0176998	0.161769	0.17465	0.0147169	0.0338784	0.054812	0.0102101	0.0418753	0.0608597	0.0164796	0.0710674	0.0132455	0.0977762	0.0304872	0.0749258	0.0474353	0.0216207	0.00145114	0.0313771
3	0.0366259	0.0180592	0.0206687	0.0352704	0.00950581	0.027041	0.0361826	0.0152531	0.219603	0.0261717	0.0136098	0.0618291	0.0209758	0.0651553	0.233283	0.0812059	0.0450242	0.0177872	0.00625243	0.0104964
4	0.00361716	0.0189577	0.00155265	0.00887124	0.447805	0.007055	0.0307919	0.00298654	0.00237053	0.037411	0.00241525	0.0189903	0.00177047	0.00381682	0.00288313	0.0110669	0.0120444	0.0029008	0.000678665	0.382015
5	0.0578118	0.0314789	0.0109574	0.0139725	0.0174569	0.0206076	0.0145071	0.104557	0.0648498	0.0560866	0.0280542	0.0408616	0.00813489	0.037779	0.0365685	0.113892	0.180664	0.15086	0.00137956	0.00952173
6	0.0554621	0.0206341	0.0190566	0.0441349	0.0108161	0.0284173	0.0308541	0.0191926	0.169919	0.0330909	0.019526	0.0449923	0.102676	0.0656811	0.146649	0.0914565	0.0528876	0.0268061	0.0036428	0.0141049
7	0.0588756	0.0486137	0.00842432	0.00936438	0.0239317	0.0129084	0.0107623	0.077004	0.0518575	0.0522361	0.0235431	0.0528269	0.00269442	0.0295358	0.0360776	0.150309	0.220801	0.122652	0.00152699	0.00605534
8	0.0673931	0.0241738	0.0184289	0.0307871	0.0112542	0.0247203	0.091491	0.0139135	0.0427676	0.0290849	0.0136981	0.108644	0.0979458	0.0497775	0.142248	0.144348	0.0503812	0.0155743	0.00231335	0.021056
9	0.00632283	0.0220513	0.0023182	0.00336929	0.249665	0.0045859	0.0289465	0.05451	0.00297947	0.314967	0.0849406	0.0159877	0.00292753	0.0200728	0.00513139	0.0121916	0.0183671	0.0191421	0.0162465	0.115278
10	0.131174	0.0395641	0.00277179	0.0252973	0.0133304	0.0294383	0.0482669	0.0170208	0.03614	0.0461644	0.0275324	0.0997869	0.00323723	0.0547795	0.1094	0.220866	0.0841703	0.00601132	0.000535587	0.00451269
11	0.144892	0.0409329	0.00492439	0.0290242	0.010539	0.0324458	0.0416023	0.0247296	0.0386189	0.0450466	0.0276344	0.0857522	0.00848043	0.056948	0.087988	0.197208	0.0996382	0.0171729	0.000672626	0.00574985
12	0.0593476	0.00844579	0.00158113	0.00256583	0.0373077	0.00496493	0.00584308	0.13821	0.00450038	0.539459	0.0609524	0.00617595	0.0162208	0.00744942	0.00359144	0.0126647	0.00623508	0.0714163	0.0012296	0.0118388
13	0.0242983	0.00818787	0.00110963	0.00147083	0.0376798	0.00319062	0.00461371	0.178593	0.000967384	0.503159	0.0563531	0.00430975	0.00807268	0.0047499	0.00216822	0.00450543	0.0103895	0.131446	0.00126849	0.0134666
14	0.0226413	0.00921681	0.0135546	0.0360671	0.00460339	0.0126048	0.0119985	0.0120484	0.351438	0.0174123	0.0115858	0.0223738	0.0115847	0.0634638	0.3185	0.0398652	0.0280107	0.00836481	0.00120258	0.00346319
15	0.0645343	0.0228264	0.016409	0.0201968	0.00296742	0.0166548	0.00914438	0.00829465	0.0112739	0.00610974	0.0121814	0.160024	0.00836763	0.0271606	0.0244589	0.337746	0.236665	0.010776	0.000683804	0.00352506
16	0.0471083	0.0276913	0.13595	0.17646	0.00927766	0.0531216	0.0359935	0.00787095	0.0274666	0.0144422	0.00551708	0.110895	0.0172208	0.0460314	0.0311134	0.14155	0.04267	0.0318143	0.00126237	0.0365432
17	0.0112199	0.0165078	0.0492084	0.013677	0.00465635	0.0805586	0.0300675	0.00635456	0.0984267	0.0244617	0.00360128	0.345436	0.0051003	0.0215555	0.106877	0.140612	0.0219124	0.00559874	0.00124155	0.0129268
18	0.023919	0.00884531	0.000834947	0.00126519	0.042608	0.00313012	0.00491388	0.145586	0.00102992	0.573802	0.0630252	0.00484178	0.00904369	0.00437133	0.00161835	0.00373599	0.0066543	0.0861085	0.00138454	0.0132815
19	0.0107619	0.0190556	0.00159127	0.003222	0.227517	0.00384515	0.0176253	0.0712702	0.00218871	0.384073	0.0627298	0.0115464	0.00468254	0.00909216	0.00317992	0.00773878	0.0108882	0.0338588	0.00952168	0.105612
20	0.0366115	0.00956218	0.0120388	0.0406015	0.0069704	0.0328508	0.103787	0.0074311	0.0811145	0.0395895	0.0129099	0.0796795	0.0105707	0.162059	0.14067	0.123991	0.0551264	0.0261193	0.000759341	0.0175573
21	0.00361716	0.0189577	0.00155265	0.00887124	0.447805	0.007055	0.0307919	0.00298654	0.00237053	0.037411	0.00241525	0.0189903	0.00177047	0.00381682	0.00288313	0.0110669	0.0120444	0.0029008	0.000678665	0.382015
22	0.0273235	0.00904079	0.00842992	0.0456044	0.00443632	0.0282338	0.0338306	0.0215354	0.241232	0.0244602	0.00885312	0.0198167	0.0405653	0.110316	0.276987	0.0408446	0.0227189	0.025112	0.00121966	0.00944
23	0.0261068	0.0106698	0.0120417	0.0327147	0.00726692	0.0117645	0.0119414	0.0115005	0.360432	0.0163768	0.0121116	0.0214925	0.010431	0.0594787	0.307513	0.0407181	0.0301813	0.0100731	0.00189271	0.00529309
24	0.152789	0.00518365	0.00347332	0.0330493	0.014963	0.026636	0.0161134	0.0105058	0.0359913	0.0628826	0.0389427	0.0136554	0.185944	0.0663059	0.044368	0.140469	0.0880505	0.0487438	0.00757803	0.00435545
25	0.154549	0.00942368	0.00789664	0.0335309	0.00717575	0.0266551	0.0325158	0.0248638	0.0489847	0.0613543	0.0679558	0.0260866	0.114149	0.0896178	0.0232183	0.112217	0.102629	0.0465114	0.00396	0.00670575
26	0.0237968	0.0104577	0.01275	0.034436	0.00463055	0.0133687	0.0129893	0.0121439	0.351287	0.0177617	0.0120177	0.0241149	0.0116236	0.062097	0.307458	0.0441744	0.029975	0.00968974	0.00147364	0.00375346
27	0.0310692	0.0114486	0.0122749	0.0311966	0.00542681	0.0138141	0.0204763	0.0144233	0.310551	0.0240059	0.0144481	0.0436468	0.00898577	0.0585502	0.284754	0.0626152	0.0375532	0.00935936	0.00125377	0.00414679
28	0.028148	0.00683018	0.00275396	0.00340996	0.00699249	0.00356432	0.00237188	0.362539	0.00097586	0.114566	0.0296313	0.00155053	0.00495077	0.00638908	0.00465596	0.0082717	0.0298999	0.376786	0.000177546	0.00553573
29	0.0629493	0.0101464	0.00391685	0.0211012	0.00610946	0.00704775	0.0133999	0.023571	0.00744517	0.043195	0.00500796	0.0952105	0.392091	0.00798314	0.0201173	0.206508	0.0349334	0.00733302	0.00165532	0.0302773
30	0.0225557	0.00927128	0.0126147	0.0354274	0.00449147	0.0115877	0.0119799	0.0120398	0.359127	0.0174639	0.0117392	0.0220437	0.0110966	0.061999	0.31613	0.0388645	0.0285471	0.00840883	0.00124675	0.00336603
31	0.0578372	0.0293244	0.0135227	0.0081061	0.0330727	0.0115969	0.0171417	0.0661882	0.0539707	0.0438374	0.0184013	0.0474997	0.00315269	0.0237004	0.0398999	0.136619	0.199138	0.187939	0.00148234	0.00756947
32	0.119364	0.0160717	0.00780809	0.0243908	0.00803897	0.0226658	0.0185195	0.0159071	0.0174197	0.0362601	0.0135439	0.067711	0.266292	0.023457	0.0281799	0.209264	0.0629351	0.0205857	0.0024567	0.0191285
33	0.00361716	0.0189577	0.00155265	0.00887124	0.447805	0.007055	0.0307919	0.00298654	0.00237053	0.037411	0.00241525	0.0189903	0.00177047	0.00381682	0.00288313	0.0110669	0.0120444	0.0029008	0.000678665	0.382015
34	0.0234325	0.0106994	0.0138341	0.0344831	0.00483691	0.0132414	0.0135097	0.011666	0.351662	0.0179371	0.011913	0.0251999	0.011762	0.0610566	0.306783	0.0435171	0.02902	0.00964582	0.00168897	0.00411124
35	0.028171	0.00685118	0.00275328	0.00341991	0.00693217	0.00370055	0.00236505	0.363048	0.00103003	0.114229	0.0293835	0.00159166	0.00496881	0.00636805	0.00463807	0.00820441	0.0296965	0.376949	0.000178445	0.00552084
36	0.0277605	0.011958	0.00456118	0.00585405	0.0512125	0.00714965	0.017085	0.129626	0.00780003	0.489431	0.0566078	0.0130474	0.0117162	0.0153033	0.00959743	0.01721	0.0169328	0.0810639	0.00521096	0.020873
37	0.0237093	0.0127756	0.20017	0.251181	0.0104839	0.0402267	0.0277085	0.00443938	0.0411114	0.0178101	0.00656688	0.0761439	0.013349	0.0921904	0.0193906	0.0819621	0.0430687	0.0177689	0.000988632	0.0189547
38	0.286098	0.0411233	0.0179347	0.0144425	0.0114678	0.063455	0.0156854	0.0291056	0.027171	0.0374564	0.0156848	0.0269312	0.015545	0.0241719	0.0266191	0.200714	0.0847699	0.0440839	0.00152463	0.0160156
39	0.0634354	0.0174782	0.0271187	0.0662481	0.0101591	0.0251999	0.0279608	0.0160196	0.0237904	0.0341994	0.0128027	0.0846898	0.25099	0.031613	0.0390211	0.162213	0.0601737	0.0207576	0.00266243	0.0234678
40	0.0422539	0.0260733	0.133156	0.137832	0.00755212	0.083262	0.0334566	0.00701439	0.0338352	0.0132443	0.00365768	0.130387	0.0107003	0.0567069	0.0262263	0.159174	0.0514178	0.0170021	0.000691962	0.0263563
41	0.0236995	0.0114598	0.00234379	0.00328771	0.0628647	0.00543635	0.0114545	0.129902	0.00364948	0.504668	0.0710463	0.0107834	0.0105175	0.0103212	0.00554307	0.0129261	0.0147389	0.0807936	0.00325941	0.0213045
42	0.0540977	0.0104153	0.00428937	0.0488053	0.00794303	0.0254662	0.0901561	0.00907561	0.0922083	0.0467313	0.0153553	0.0480272	0.0137814	0.212953	0.130017	0.104097	0.0469881	0.0282072	0.000845197	0.0105406
43	0.0205626	0.0189094	0.119271	0.0535789	0.0049088	0.042073	0.0606872	0.00894062	0.0424263	0.0186865	0.00371507	0.265897	0.00790629	0.0410007	0.0492092	0.157495	0.0514956	0.00995064	0.00156241	0.0217244
44	0.0269672	0.0217478	0.130817	0.0770599	0.00813597	0.0556528	0.0530578	0.00839601	0.0416709	0.0198834	0.00465569	0.206385	0.0108546	0.0428242	0.0449467	0.15596	0.0549228	0.0127675	0.00108021	0.0222135
45	0.00361716	0.0189577	0.00155265	0.00887124	0.447805	0.007055	0.0307919	0.00298654	0.00237053	0.037411	0.00241525	0.0189903	0.00177047	0.00381682	0.00288313	0.0110669	0.0120444	0.0029008	0.000678665	0.382015
46	0.0341631	0.0736448	0.0303931	0.0281937	0.0995606	0.0475226	0.0481351	0.0152022	0.0210428	0.0424967	0.0168629	0.133576	0.0245731	0.0274653	0.034855	0.105258	0.0526684	0.0198831	0.00287607	0.141627
47	0.0408103	0.0191472	0.0198015	0.0318096	0.0230518	0.023305	0.0359548	0.0440256	0.120529	0.121744	0.0286134	0.0539561	0.0185122	0.0580976	0.156097	0.0835429	0.0540305	0.0467467	0.00251965	0.0177052
48	0.0209125	0.0214102	0.123042	0.0613233	0.0048632	0.046023	0.0611639	0.00881985	0.0389156	0.0192449	0.00396447	0.254101	0.00763382	0.0438403	0.0484235	0.151697	0.0497966	0.0104377	0.0010122	0.0233742
49	0.0264668	0.00909379	0.00193579	0.00358652	0.0329244	0.00525919	0.00731556	0.187777	0.00256117	0.442348	0.0539987	0.00531053	0.00835882	0.00988617	0.00433736	0.0114607	0.018066	0.156107	0.00111102	0.0120952
50	0.0237428	0.00829517	0.000982299	0.00128925	0.0425625	0.00323911	0.00476995	0.147126	0.00104193	0.578396	0.0600065	0.00472381	0.00888131	0.00370852	0.00163112	0.00302303	0.00323993	0.0893865	0.00129341	0.0126604
51	0.0262489	0.0241569	0.123109	0.0715598	0.0105602	0.0418034	0.113926	0.0119871	0.0318206	0.0339441	0.0137988	0.143694	0.0125016	0.064769	0.0419799	0.126015	0.0527685	0.0200298	0.00362426	0.0317019
52	0.00667535	0.0174571	0.00311853	0.00376811	0.0716098	0.0118886	0.0192907	0.027372	0.00493689	0.0289064	0.00401054	0.00638971	0.00310699	0.017433	0.00617591	0.0125878	0.00918694	0.0050582	0.714943	0.0260847
53	0.0965821	0.0433601	0.0419952	0.0210565	0.010977	0.284078	0.0213924	0.00925401	0.0217135	0.0185567	0.00844808	0.0611378	0.0104087	0.0222282	0.0151125	0.213146	0.0576523	0.0231192	0.00199565	0.0177862
54	0.306814	0.0823167	0.0145247	0.00302615	0.0129099	0.00664365	0.01007	0.0111017	0.0230915	0.0165024	0.00961364	0.00659533	0.0144417	0.0205284	0.0248951	0.280328	0.0841675	0.0468039	0.000716942	0.0249087
55	0.0133462	0.00641455	0.00363241	0.0362759	0.0303183	0.0434275	0.0670452	0.0046292	0.0361883	0.0773707	0.00675278	0.0837461	0.00387018	0.374083	0.0206198	0.0875938	0.066244	0.0297164	0.00133619	0.00738989
56	0.0201343	0.0211743	0.113149	0.0558456	0.00467673	0.0497198	0.0592859	0.00846918	0.0446971	0.0194861	0.00393008	0.258731	0.0084363	0.0423281	0.0528229	0.155948	0.0478248	0.00979389	0.00105995	0.0224878
57	0.0317648	0.0085051	0.00192677	0.00273624	0.00593819	0.00400064	0.00369237	0.319903	0.00105742	0.120017	0.0487938	0.00260613	0.00469371	0.0120872	0.00549283	0.0131562	0.0505259	0.356151	0.000266218	0.00668575
58	0.0248185	0.00812759	0.00112342	0.00149822	0.0343005	0.00355997	0.00431466	0.19141	0.00107796	0.475081	0.0575891	0.00416604	0.00819794	0.00555566	0.00249883	0.00544352	0.0140188	0.145361	0.00102161	0.0108358
59	0.45862	0.0368975	0.00541632	0.00258433	0.00405279	0.0712225	0.00446646	0.00415262	0.00739544	0.0053268	0.00339428	0.00476923	0.00409088	0.00682304	0.00621362	0.265316	0.0899493	0.0112766	0.000815874	0.00721664
60	0.0305757	0.00901905	0.00308549	0.00353857	0.00836193	0.00431799	0.00397991	0.333358	0.00322527	0.120903	0.0351783	0.00355071	0.00561329	0.0103934	0.00661198	0.0155222	0.0406473	0.355258	0.00028474	0.00657514
61	0.169102	0.0585664	0.0391233	0.0139586	0.0126684	0.351342	0.0133773	0.00483261	0.0146091	0.0112068	0.00551613	0.0271257	0.00665045	0.00883623	0.00568019	0.164323	0.0414448	0.0343502	0.00140807	0.015879
62	0.0326077	0.014143	0.00430517	0.00679628	0.0524464	0.00962321	0.0201565	0.132354	0.00740525	0.45287	0.0544001	0.0129833	0.0108927	0.0192556	0.00764491	0.0226433	0.017676	0.0911955	0.00473935	0.025861
63	0.0948532	0.0381753	0.0425657	0.0707748	0.0135234	0.276479	0.0344561	0.00850563	0.0314739	0.0178257	0.00735613	0.0396867	0.0101634	0.0205254	0.0142373	0.187748	0.0301818	0.0229457	0.00187407	0.0366489
64	0.0664364	0.0250902	0.0220747	0.0200794	0.00162397	0.0260822	0.00950812	0.00930883	0.0134497	0.00436216	0.00655604	0.128629	0.0082605	0.0188038	0.016393	0.401319	0.20629	0.0120319	0.000412681	0.00328843
65	0.0669079	0.0530056	0.0142779	0.0263952	0.00499169	0.0267478	0.0169442	0.0240132	0.0285952	0.0132465	0.00738428	0.0832523	0.00592533	0.0339676	0.0273187	0.407157	0.141628	0.0101049	0.0011579	0.00697855
66	0.00373546	0.0188963	0.0015267	0.00866194	0.440617	0.00681186	0.03033	0.00494742	0.00234744	0.0491579	0.00589151	0.0186802	0.00179706	0.00431821	0.00287935	0.0109171	0.0121457	0.00352132	0.00116426	0.371653
67	0.0277641	0.00963037	0.00275573	0.00331204	0.0329524	0.0121309	0.00572022	0.176448	0.00416992	0.465877	0.0543692	0.00737838	0.0095726	0.00926444	0.00440461	0.0159619	0.0194207	0.126244	0.00113823	0.0114858
68	0.00569916	0.0172627	0.0027705	0.00354975	0.086713	0.010387	0.0170878	0.0288414	0.0038202	0.0482447	0.00881916	0.00667304	0.00279599	0.0160592	0.00485474	0.0109844	0.00876458	0.00535265	0.675722	0.0355979
69	0.0351132	0.0182589	0.0721063	0.02576	0.00201615	0.0396757	0.0618467	0.0112952	0.0294177	0.0164379	0.00216806	0.246673	0.004697	0.0353604	0.0370733	0.264614	0.075757	0.00474179	0.000542298	0.0164457
70	0.230821	0.0630968	0.0295636	0.0137258	0.0111049	0.232325	0.017199	0.00587536	0.0137251	0.0134819	0.00724792	0.0237423	0.00674771	0.0109102	0.0101701	0.202159	0.0542107	0.0228408	0.00155588	0.0294977
71	0.280788	0.0927574	0.0149084	0.00327061	0.0162353	0.00659114	0.0138709	0.00989434	0.0189266	0.0139715	0.00767741	0.00749766	0.00988642	0.0181591	0.0292521	0.287817	0.0898363	0.048779	0.000798069	0.0290829
72	0.0456801	0.0251573	0.0192986	0.017484	0.00307767	0.0160516	0.00914101	0.0063124	0.00922831	0.00527762	0.00885526	0.170994	0.0141318	0.0200783	0.0239035	0.331817	0.257946	0.0108623	0.000646173	0.00405756
73	0.0908784	0.0640948	0.0516458	0.0134521	0.0127513	0.426612	0.0147559	0.00373806	0.0160436	0.0108451	0.00487816	0.0352081	0.00644832	0.00643869	0.00390899	0.163421	0.0278111	0.0283619	0.00134397	0.0173633
74	0.0241626	0.00892173	0.0122781	0.0404909	0.00457179	0.0140874	0.0153201	0.0132137	0.337122	0.0188554	0.0107389	0.0221972	0.015194	0.0713888	0.311255	0.0380774	0.0269957	0.00998209	0.00103354	0.00411378
75	0.0297059	0.0076839	0.00632959	0.00420691	0.00787662	0.0046083	0.00399924	0.346828	0.00297464	0.111674	0.0324497	0.00350213	0.00548286	0.00841978	0.00611506	0.0121495	0.0355132	0.364044	0.000320127	0.0061162
76	0.0508274	0.0295916	0.0117884	0.00898256	0.0508021	0.011974	0.0167048	0.0572574	0.0561657	0.0377443	0.0181099	0.0421907	0.00439837	0.0233014	0.035412	0.143947	0.201486	0.188683	0.00190557	0.00872811
77	0.0226386	0.00955584	0.0124953	0.0349657	0.00444745	0.011314	0.0121508	0.0119365	0.360563	0.0172417	0.0120102	0.0218394	0.0107071	0.0615649	0.31514	0.0392183	0.0289268	0.00856867	0.00132306	0.00339273
78	0.0217403	0.0126034	0.00164952	0.00160121	0.0684226	0.00339253	0.00689731	0.125569	0.00158501	0.561685	0.0667444	0.00652897	0.00849246	0.00590673	0.00231657	0.00602022	0.00579374	0.0675357	0.00330113	0.0222141
79	0.0490864	0.0922504	0.0135269	0.0150109	0.0654024	0.0231953	0.104431	0.0300668	0.0211335	0.0741071	0.0555439	0.0352649	0.0101361	0.0840558	0.0279034	0.114038	0.0696372	0.0708856	0.0051574	0.0391665
80	0.0256713	0.0119514	0.164219	0.202348	0.0120128	0.0398849	0.0266664	0.00783134	0.0746439	0.0195126	0.00735697	0.0812759	0.0133044	0.0849441	0.0454186	0.0878643	0.0559988	0.0220678	0.000979046	0.0160486
81	0.0231753	0.00866714	0.00084957	0.00119468	0.0495714	0.00313076	0.00532067	0.136574	0.0010285	0.591111	0.062688	0.00505116	0.00941326	0.00388652	0.0015494	0.00312681	0.0033106	0.0736907	0.00180356	0.0148575
82	0.0710881	0.0245212	0.029301	0.0238161	0.00625093	0.0692676	0.0394458	0.0632947	0.049066	0.0608564	0.0368452	0.0538836	0.0120565	0.0506288	0.0203205	0.127921	0.141021	0.0806388	0.00154079	0.0382361
83	0.0288978	0.00705786	0.00259152	0.00346176	0.00718233	0.00353974	0.00246301	0.353367	0.000946114	0.118748	0.0311844	0.00158008	0.0049958	0.00687198	0.00466361	0.00862038	0.0315133	0.376355	0.000184213	0.00577654
84	0.0392023	0.0347039	0.0109183	0.00866965	0.0134455	0.0110704	0.0177339	0.0091587	0.0118287	0.0179649	0.00649774	0.0462371	0.00580363	0.0345788	0.0125909	0.280441	0.421977	0.0110904	0.00127463	0.00481216
85	0.406731	0.030001	0.00619871	0.00588134	0.00402655	0.0890914	0.00725384	0.00539913	0.0103641	0.00705353	0.00381612	0.015024	0.00574263	0.00912335	0.00869872	0.28866	0.0792627	0.00954641	0.00098405	0.00714138
86	0.0249287	0.00783672	0.00141657	0.00204298	0.0321403	0.00327486	0.00407428	0.203197	0.00101549	0.441336	0.0527157	0.00397951	0.00746806	0.00506902	0.00253984	0.00507253	0.0129406	0.177176	0.00103931	0.0107371
87	0.128916	0.0427262	0.00902677	0.0253384	0.00572923	0.0746125	0.0282489	0.0255153	0.0282589	0.0255153	0.00768628	0.0947555	0.00439492	0.0440631	0.0234742	0.353901	0.0630735	0.0062862	0.00096545	0.00751279
88	0.00576296	0.0172224	0.00287291	0.00377093	0.0734088	0.0108415	0.0166516	0.0275973	0.00403525	0.028837	0.00375973	0.00613143	0.00291317	0.0161608	0.00493443	0.0109796	0.00823027	0.00443877	0.725133	0.0263178
89	0.0991646	0.0193178	0.0130903	0.0146734	0.00306714	0.0257006	0.0272641	0.0298376	0.017075	0.0104427	0.00529324	0.160149	0.00503868	0.0210908	0.0133389	0.387485	0.125111	0.00740854	0.000873394	0.0145774
90	0.0817378	0.0413969	0.037078	0.0121336	0.00993302	0.421338	0.0142573	0.00661219	0.0137033	0.014087	0.00411744	0.0666437	0.00532526	0.0110533	0.00895204	0.182165	0.0357941	0.0206829	0.00150181	0.0114879
91	0.0140812	0.0101019	0.0842246	0.029175	0.0017836	0.0399356	0.0799425	0.010936	0.0456759	0.0165264	0.00176451	0.277029	0.00407165	0.0524144	0.0565959	0.185661	0.0645235	0.00329787	0.000410347	0.021849
92	0.0293271	0.0300769	0.00754092	0.00897727	0.021742	0.0058014	0.276661	0.0406985	0.00689475	0.173089	0.0245905	0.0179757	0.00297444	0.134187	0.00676577	0.029484	0.0547501	0.0530181	0.00160988	0.0738349
93	0.0236321	0.00840359	0.000830566	0.00114959	0.0450624	0.00323987	0.00503916	0.136917	0.0010244	0.602252	0.0617435	0.00488926	0.00929592	0.00354064	0.00144475	0.002919	0.00256138	0.0712563	0.00139781	0.0134005
94	0.429938	0.0290306	0.00544341	0.00423965	0.00340166	0.0709424	0.00619654	0.00492421	0.00906089	0.00573886	0.00339056	0.0130541	0.00534901	0.00781996	0.00693567	0.297532	0.0807241	0.00891699	0.000855422	0.00650643
95	0.0292069	0.00729756	0.00247208	0.00343154	0.00654592	0.00350868	0.0024737	0.351748	0.000917633	0.115002	0.0322142	0.00151826	0.005185	0.00699121	0.00466981	0.0087075	0.0327955	0.379327	0.000190056	0.00579751
96	0.0876969	0.0421497	0.0394346	0.0222847	0.0138181	0.368917	0.019547	0.0112718	0.020417	0.0242404	0.00810387	0.0533685	0.00952668	0.0219259	0.0155211	0.156425	0.0392848	0.0262815	0.00217539	0.0176103
97	0.0479697	0.021305	0.0455761	0.0247534	0.00314844	0.0275921	0.0253267	0.008965	0.0198723	0.00917125	0.00605657	0.163588	0.00730888	0.0272104	0.0266412	0.332494	0.184395	0.00989854	0.000769043	0.00795877
98	0.0120228	0.00986845	0.0893153	0.0310264	0.00169079	0.0391675	0.0833143	0.0109872	0.044215	0.0166604	0.00149901	0.275792	0.00421953	0.055184	0.0541046	0.183253	0.0603191	0.00350544	0.000395335	0.0234606
99	0.0711499	0.0208465	0.00344101	0.0154114	0.0142301	0.0134785	0.0750109	0.0149184	0.0483664	0.0722486	0.0541558	0.0984022	0.0045086	0.0510196	0.146168	0.201719	0.0695008	0.0154936	0.00267834	0.00725252
100	0.13672	0.0457237	0.0404664	0.0175573	0.012047	0.361468	0.0156207	0.00763418	0.0193618	0.0150693	0.00706191	0.0373331	0.00979956	0.0136031	0.0104606	0.165629	0.0412837	0.0259869	0.00234624	0.0148289
101	0.0104701	0.0274394	0.0906921	0.071349	0.0898497	0.0279159	0.0788647	0.0263429	0.0702528	0.0902822	0.0117358	0.0118678	0.00504491	0.061897	0.0279758	0.0394111	0.0570641	0.0449546	0.00172669	0.154864
102	0.0293258	0.00888712	0.00190795	0.00294541	0.00587499	0.00360805	0.00295094	0.327728	0.00101031	0.123158	0.0441196	0.00211652	0.00513917	0.0111966	0.00544118	0.0127519	0.048962	0.355738	0.000219165	0.00691977
103	0.0103637	0.0102116	0.0715639	0.187406	0.00986571	0.00842965	0.131834	0.00723835	0.0305603	0.0645459	0.0385442	0.0223246	0.00840768	0.229572	0.0141157	0.02845	0.0603739	0.0156773	0.00195086	0.0485642
104	0.028148	0.00688741	0.0027412	0.00342788	0.00693303	0.00358346	0.00235601	0.362675	0.000991991	0.11489	0.0295878	0.00152481	0.00496876	0.00640046	0.00461584	0.00821964	0.0298618	0.37648	0.000184349	0.00552254
105	0.00602812	0.0167733	0.00302899	0.00386312	0.0756577	0.0110143	0.0191986	0.0298069	0.00424487	0.0323985	0.00543981	0.00713309	0.00397995	0.0165953	0.00555899	0.0126451	0.00920089	0.00510536	0.703263	0.0290646
106	0.0142306	0.0389526	0.00490556	0.0448593	0.00729188	0.178572	0.0118576	0.0076451	0.00909532	0.0655263	0.0504159	0.0802401	0.00551257	0.183698	0.0305875	0.162295	0.0600588	0.0107869	0.0021046	0.0313646
107	0.0224204	0.0092855	0.012708	0.0352651	0.00448065	0.0115776	0.0118724	0.0120133	0.35826	0.0174332	0.0117977	0.0220737	0.0109507	0.061686	0.317236	0.0391938	0.0286816	0.00842895	0.00124322	0.0033918
108	0.0222338	0.00942977	0.0129572	0.0355193	0.00445084	0.0118539	0.0121162	0.0122014	0.353969	0.0176023	0.0120323	0.0221126	0.0112746	0.0625114	0.318791	0.0391675	0.0285951	0.00854758	0.00121115	0.00342268
109	0.0284773	0.00880124	0.00184465	0.00287487	0.00578778	0.00382965	0.00297963	0.321664	0.00110058	0.1252	0.0470263	0.00246715	0.00510523	0.0124133	0.00587994	0.0138957	0.0529493	0.350601	0.000220858	0.00688126
110	0.0996702	0.0330916	0.00285042	0.0183811	0.017107	0.0189458	0.0675845	0.0166151	0.039212	0.0544734	0.0295311	0.0942847	0.00564475	0.0556752	0.169447	0.196847	0.0681471	0.00666005	0.000759216	0.00507275
111	0.0595136	0.0422709	0.00897652	0.0101819	0.0226492	0.0145376	0.0106008	0.0744808	0.0583403	0.0463019	0.0229703	0.0506924	0.00273134	0.0326471	0.0350527	0.143899	0.220431	0.13667	0.00117639	0.00587517
112	0.00765462	0.0187812	0.00188575	0.00271967	0.214882	0.00359722	0.0196901	0.0691548	0.00262835	0.377491	0.0985832	0.0131174	0.00406983	0.0137518	0.00417724	0.00926353	0.0165615	0.0248408	0.0175022	0.0796469
113	0.0224478	0.0101363	0.176434	0.263553	0.0132494	0.0529677	0.0115543	0.00358021	0.047377	0.00824695	0.00284282	0.0859945	0.0163634	0.0885029	0.0166124	0.101747	0.0459291	0.0196994	0.000932722	0.0118289
114	0.27009	0.0375784	0.0213174	0.00829272	0.00622021	0.225267	0.00917119	0.00531353	0.0108624	0.00826525	0.00356031	0.0269858	0.00489913	0.00800947	0.00630675	0.253494	0.0700362	0.014658	0.0010788	0.00859287
115	0.306655	0.0912807	0.0208451	0.00255745	0.0140904	0.00855639	0.00785756	0.0128824	0.018188	0.012897	0.00845585	0.00786994	0.00739208	0.0201694	0.0165634	0.26187	0.111832	0.0527437	0.000596076	0.0166978
116	0.0285559	0.0176771	0.0113432	0.0225276	0.0518436	0.0173246	0.034229	0.0867423	0.015294	0.315811	0.0769082	0.0266075	0.0114527	0.0684127	0.0173872	0.0438547	0.0437324	0.0727013	0.00623151	0.0313634
117	0.272359	0.0595676	0.0386828	0.0104912	0.0120209	0.0245764	0.0116334	0.0171079	0.0178099	0.0148764	0.0120815	0.0362391	0.0085075	0.0342585	0.0144541	0.260331	0.103422	0.037162	0.00107296	0.0133456
118	0.00617337	0.0172685	0.00368986	0.00402755	0.0729011	0.0108639	0.0175231	0.0276874	0.00449484	0.0308724	0.00452874	0.00766696	0.00310344	0.0168618	0.00617572	0.0128096	0.00899425	0.00513656	0.712646	0.0265746
119	0.0131424	0.049392	0.0218705	0.0076428	0.00609068	0.0757661	0.0342871	0.00600428	0.0273504	0.0144247	0.00542355	0.515657	0.0051677	0.0121198	0.0301395	0.122556	0.0161992	0.00778499	0.0018405	0.0271405
120	0.0934227	0.057416	0.0534831	0.0140511	0.0123967	0.422341	0.0137815	0.00382642	0.0162045	0.0100834	0.0044074	0.0361606	0.00659934	0.00585825	0.00397049	0.168498	0.0312739	0.0294877	0.00130045	0.0154375
121	0.0216756	0.0479525	0.135534	0.132625	0.00624262	0.0201679	0.0871389	0.00705123	0.0180694	0.0142317	0.00579001	0.145522	0.0326118	0.0279796	0.0604845	0.115927	0.0405011	0.0290388	0.00131748	0.0501386
122	0.0166605	0.00724147	0.00248782	0.00324644	0.0048093	0.0115692	0.00461332	0.217	0.00389315	0.140537	0.123373	0.0115842	0.00372128	0.0349177	0.0128942	0.0336352	0.108515	0.252742	0.000811253	0.00574829
123	0.0257204	0.00895699	0.00162046	0.00207035	0.0290509	0.00340877	0.00788188	0.213917	0.00173225	0.398725	0.0510388	0.0048324	0.00719664	0.00794958	0.00333683	0.00829085	0.0206138	0.191405	0.000902364	0.0113495
124	0.335321	0.101279	0.0192396	0.00211934	0.0126981	0.0181098	0.00657202	0.0106377	0.0122362	0.011232	0.00710361	0.00733242	0.00569631	0.0177775	0.0129737	0.249429	0.117146	0.0384155	0.000780133	0.0139012
125	0.0809704	0.0292225	0.0184097	0.0166365	0.00973182	0.021315	0.0199818	0.0157204	0.019137	0.0170505	0.010259	0.0755765	0.00795301	0.0322709	0.0190124	0.313629	0.259778	0.025018	0.00106802	0.00725885
126	0.0792338	0.0462672	0.0422456	0.0181584	0.0150206	0.403642	0.0180402	0.00794207	0.0188164	0.0172745	0.00663514	0.0525987	0.00864744	0.0181641	0.0139038	0.15293	0.0333161	0.0256198	0.00431562	0.0172289
127	0.116824	0.0495561	0.0406306	0.0134527	0.0119534	0.412217	0.0134116	0.00481683	0.0137233	0.0116924	0.00461183	0.0352077	0.0065195	0.00869215	0.0056334	0.178151	0.03116	0.0243702	0.00132222	0.0160551
128	0.0227246	0.010036	0.0126618	0.0349663	0.00447213	0.0120044	0.012307	0.0119594	0.357152	0.0173432	0.0119943	0.022198	0.0114193	0.062001	0.314013	0.0398606	0.0288218	0.00878458	0.0017941	0.00348704
129	0.0678451	0.0476769	0.0808117	0.0422365	0.0120691	0.294675	0.025314	0.00612755	0.0229326	0.0135994	0.00550083	0.0783615	0.0083968	0.020828	0.0166484	0.171087	0.0393137	0.0250336	0.00118607	0.0203555
130	0.0227871	0.00942964	0.0137365	0.0370836	0.00511764	0.0178177	0.0134078	0.0119633	0.33979	0.0177438	0.0110715	0.0245038	0.013327	0.0636187	0.31592	0.0407263	0.0279356	0.00868829	0.00119899	0.00413344
131	0.0214781	0.013876	0.00649484	0.0068971	0.0271195	0.0118087	0.0437202	0.0502623	0.0457578	0.108897	0.055763	0.0985322	0.00429186	0.0284592	0.048147	0.186369	0.112543	0.0901745	0.0132002	0.0262094
132	0.0300664	0.00829377	0.00305166	0.00387943	0.00843079	0.00486603	0.00426124	0.333299	0.00260087	0.133195	0.0361014	0.0039441	0.00557842	0.00956651	0.00708012	0.0145731	0.0364582	0.347788	0.000274492	0.00669195
133	0.0234646	0.00863487	0.000838039	0.00115773	0.0493616	0.00314535	0.00551651	0.135529	0.00102804	0.595849	0.0619955	0.0052228	0.00904785	0.00369604	0.00150823	0.00301347	0.00277765	0.0705467	0.00178569	0.0158809
134	0.0305711	0.0331975	0.00548274	0.00590021	0.0188344	0.00608642	0.280393	0.0415381	0.00611239	0.176948	0.0216698	0.0211632	0.00302437	0.136435	0.00676169	0.028944	0.0506384	0.0578738	0.00178726	0.0666382
135	0.0224661	0.0224271	0.0122687	0.0135157	0.0130287	0.017062	0.392864	0.0150632	0.01592	0.0260017	0.0547997	0.0363585	0.0187786	0.0322787	0.133838	0.0583832	0.0341069	0.0185755	0.0453074	0.0169558
136	0.0257568	0.0163707	0.184335	0.209056	0.0106229	0.0403117	0.0363177	0.00641199	0.0435536	0.0213853	0.0072265	0.0895949	0.0147298	0.0819892	0.031103	0.0930219	0.0450862	0.0187715	0.00144603	0.0229091
137	0.0285819	0.00793084	0.0021138	0.00332745	0.00612162	0.00365095	0.00262766	0.343121	0.000977275	0.119748	0.0385211	0.00179436	0.00622328	0.00905664	0.005032	0.0108464	0.0416704	0.362073	0.000206556	0.00637635
138	0.0293526	0.0137036	0.0166795	0.0377228	0.00721438	0.0350372	0.0482776	0.0138435	0.223713	0.0248004	0.0112363	0.0478325	0.020949	0.0839482	0.255392	0.0673508	0.0327316	0.0158251	0.0017188	0.0126707
139	0.299042	0.0870886	0.0347488	0.002769	0.019598	0.00587289	0.00658273	0.0220361	0.0137438	0.0162398	0.0133077	0.0130637	0.00511449	0.0295334	0.0124749	0.221135	0.128236	0.0572687	0.000759464	0.0113843
140	0.0301562	0.0108547	0.0243426	0.0425471	0.00824238	0.027225	0.0181999	0.0110609	0.290854	0.0180986	0.0104001	0.0458095	0.0136711	0.0647981	0.280086	0.0589092	0.0276995	0.00889049	0.000922129	0.00723287
141	0.0353959	0.0318372	0.00751413	0.0170526	0.00515691	0.00852898	0.0154058	0.00789391	0.397358	0.0116003	0.0217515	0.0138105	0.00710431	0.0574848	0.209862	0.0702316	0.0407528	0.0273309	0.00952804	0.00439947
142	0.00734862	0.0197012	0.0018432	0.00265295	0.228248	0.00354104	0.0207537	0.0664536	0.00265731	0.369149	0.0885036	0.0138187	0.00358045	0.014276	0.00419382	0.00889861	0.0156844	0.0242512	0.0179304	0.0865142
143	0.0875273	0.0320294	0.027819	0.0299393	0.0047834	0.0570237	0.0235381	0.0680116	0.0557224	0.0767539	0.0253132	0.0424352	0.0247807	0.0670216	0.021431	0.12248	0.130193	0.0833414	0.00156959	0.0182858
144	0.100995	0.0500326	0.0520495	0.0239415	0.0179793	0.416017	0.0152227	0.00391931	0.015651	0.0110151	0.00537728	0.0316543	0.0138514	0.00783937	0.00527161	0.152885	0.0257457	0.0317816	0.00175491	0.017015
145	0.0486044	0.0303505	0.0228563	0.0348047	0.0144925	0.0304738	0.153261	0.0201508	0.0281258	0.0296292	0.0179572	0.0820304	0.126817	0.0432294	0.0583882	0.151846	0.0515565	0.0233403	0.00735083	0.0247345
146	0.0224977	0.00933445	0.0125668	0.0350713	0.00448162	0.0112884	0.0119052	0.0120087	0.360222	0.0173322	0.0118261	0.0219502	0.0107136	0.06136	0.316423	0.0391047	0.0288008	0.00844008	0.00128311	0.00339067
147	0.0159041	0.0134686	0.010735	0.0350878	0.0186345	0.0811217	0.0446872	0.00674093	0.0270139	0.0719158	0.0146987	0.108068	0.0054389	0.311101	0.0264179	0.116934	0.0570844	0.0209823	0.00172068	0.0122445
148	0.0480251	0.0223081	0.0792702	0.126937	0.010174	0.0574539	0.0347004	0.0115767	0.0442277	0.0259601	0.0107205	0.093899	0.0364369	0.0632228	0.0454156	0.175458	0.0699663	0.0226469	0.00150717	0.0200932
149	0.0279499	0.00698411	0.00259981	0.00338624	0.00719205	0.00504089	0.00283019	0.347002	0.00143113	0.121905	0.0347277	0.00264591	0.00513446	0.0082761	0.00501461	0.0099651	0.0346773	0.367168	0.000238987	0.0058314
150	0.0908688	0.0951642	0.0279744	0.0215652	0.0342179	0.0731636	0.037402	0.0299049	0.0370666	0.0512729	0.0192148	0.0550385	0.0222331	0.0316296	0.0398723	0.148116	0.0716208	0.0409619	0.0346028	0.0381089
151	0.0800367	0.0440075	0.0414507	0.0218306	0.0143045	0.377523	0.0204187	0.0102308	0.0269078	0.0208707	0.00825773	0.052395	0.00865169	0.0234912	0.0193305	0.144657	0.0361631	0.026248	0.00413811	0.0190866
152	0.030707	0.017682	0.0198912	0.0367016	0.0388896	0.0194244	0.0732353	0.0552491	0.0290315	0.219198	0.038291	0.0445267	0.0132913	0.138268	0.0302704	0.0593155	0.0460738	0.0529887	0.007016	0.0299493
153	0.0223281	0.0078458	0.0231736	0.0916737	0.00545562	0.0173477	0.0344306	0.0116858	0.247884	0.0327055	0.011632	0.0243386	0.0168685	0.124962	0.224899	0.0434931	0.0314238	0.0162054	0.00129814	0.0103496
154	0.0061968	0.0171608	0.00290261	0.00432946	0.0722462	0.0108086	0.0190126	0.0282637	0.00436772	0.0305347	0.00437236	0.00686799	0.00337789	0.0168949	0.00533099	0.0114967	0.00856288	0.00610136	0.714385	0.0267869
155	0.0294412	0.0181483	0.130774	0.110538	0.0053412	0.0395077	0.0456132	0.00714264	0.0318077	0.0156926	0.00363927	0.169702	0.0114	0.0470929	0.0356988	0.197172	0.0674285	0.0127484	0.000753921	0.0203578
156	0.0218562	0.0990108	0.00667647	0.016746	0.0561932	0.0143511	0.0503823	0.0653583	0.0111438	0.0195488	0.0091985	0.0662232	0.2548	0.013856	0.0537432	0.0699986	0.0802225	0.040689	0.00264335	0.0473584
157	0.0291184	0.0182736	0.127706	0.0770272	0.00387188	0.0324046	0.0583808	0.00716461	0.03219	0.0158436	0.00324343	0.21817	0.0100772	0.0397549	0.0517712	0.183304	0.0579389	0.0104306	0.000575072	0.0227535
158	0.0134313	0.0123324	0.0974666	0.0452599	0.0022833	0.0385719	0.0805884	0.00834539	0.0479411	0.0209387	0.00206852	0.246586	0.00641219	0.0520854	0.0672825	0.174886	0.0495269	0.00599571	0.000510585	0.0274881
159	0.0262356	0.0112229	0.011257	0.0481772	0.00561709	0.0434943	0.0607786	0.0150886	0.162291	0.0246903	0.0079709	0.0349413	0.0387195	0.129814	0.238143	0.0683937	0.0288611	0.022842	0.00121824	0.0202439
160	0.0194892	0.013677	0.00167769	0.00191146	0.101675	0.00346201	0.0104766	0.110297	0.0022892	0.513819	0.0735222	0.00938098	0.00728415	0.00964243	0.00377105	0.0092589	0.0112445	0.0563793	0.00558091	0.0351616
161	0.190792	0.0473273	0.0678785	0.0359076	0.0140735	0.11191	0.0215306	0.0180332	0.0240423	0.025436	0.0135696	0.0511792	0.0101882	0.030112	0.0213807	0.176775	0.0805784	0.0384993	0.00222194	0.0185647
162	0.0551452	0.0340685	0.0356601	0.0274719	0.0122712	0.0479088	0.0984391	0.0179721	0.0401162	0.0345942	0.0155893	0.109462	0.0167141	0.0489909	0.0589014	0.220967	0.0738781	0.0223071	0.00486173	0.0246817
163	0.0853971	0.0503633	0.0437925	0.0175376	0.0136426	0.388328	0.018272	0.00855293	0.0191206	0.0168365	0.00776118	0.0383482	0.00893	0.0136966	0.0088434	0.162858	0.0396566	0.0398499	0.00195866	0.0162539
164	0.10063	0.0455698	0.0369089	0.0150484	0.0102291	0.350958	0.0173039	0.00757612	0.0174548	0.0146723	0.00584559	0.0528035	0.00775318	0.0154399	0.0105972	0.206785	0.0451202	0.0215425	0.00222668	0.0155351
165	0.0313518	0.0185575	0.0546305	0.0260197	0.00521007	0.0491066	0.0453122	0.0112785	0.0573954	0.0201253	0.00586589	0.269426	0.0074045	0.0345448	0.0569847	0.215832	0.0658114	0.0086138	0.00101537	0.0155142
166	0.0351745	0.0269813	0.117946	0.0737852	0.0242485	0.0510467	0.0609259	0.0248164	0.043822	0.10076	0.0217141	0.0811586	0.0112995	0.0677971	0.0377349	0.0920654	0.053979	0.0334065	0.00613006	0.0352083
167	0.0184931	0.0334871	0.0757114	0.0362762	0.00626293	0.0503404	0.0397752	0.0106112	0.10254	0.0195488	0.00586077	0.274565	0.00851656	0.0360287	0.0797989	0.128571	0.0412363	0.0127234	0.00167101	0.0179818
168	0.0223508	0.00921667	0.0131618	0.0358545	0.00450663	0.0123963	0.0120718	0.0121117	0.353348	0.0175667	0.0116303	0.022286	0.0116073	0.0631884	0.31849	0.0389903	0.0281559	0.00841138	0.00119208	0.00346331
169	0.0275102	0.0072613	0.00190316	0.00279202	0.0172267	0.00378534	0.00303238	0.272875	0.000934971	0.295816	0.0413704	0.00265792	0.00657586	0.00640974	0.00341379	0.00671827	0.0227106	0.269737	0.000269286	0.00700026
170	0.00674951	0.0210214	0.00197053	0.00267472	0.234606	0.00362469	0.0218293	0.0623016	0.0027433	0.358038	0.0879671	0.014891	0.00336703	0.0153071	0.00466495	0.00999797	0.016429	0.022714	0.0170233	0.0920796
171	0.0284674	0.00689146	0.00275583	0.00343139	0.00689817	0.00355723	0.00236637	0.361659	0.000974207	0.11478	0.0294938	0.00151472	0.00491958	0.00636899	0.00457703	0.00819796	0.0298373	0.377653	0.000177155	0.00547918
172	0.00700213	0.0172677	0.00384059	0.00460581	0.0712362	0.0115861	0.0177385	0.0337663	0.00463949	0.0387091	0.00555276	0.00750311	0.00319434	0.0166557	0.00560115	0.0129769	0.0111088	0.00991933	0.689909	0.0271869
173	0.0478205	0.0210005	0.0501209	0.0257628	0.00166038	0.0308737	0.0278426	0.00832084	0.0191387	0.0074182	0.00481565	0.180215	0.00644738	0.0253492	0.0283988	0.335668	0.161593	0.00906996	0.00043218	0.00805161
174	0.0301191	0.0094617	0.00185353	0.00299012	0.00608221	0.00381824	0.00313638	0.315387	0.00113926	0.127264	0.0509064	0.00273431	0.00486581	0.0139339	0.00567919	0.0146977	0.0527502	0.34609	0.000228587	0.00686204
175	0.0345511	0.0324226	0.0053443	0.00575614	0.0188135	0.00599796	0.288725	0.0415081	0.00572264	0.171517	0.0214134	0.0191507	0.00312779	0.129303	0.00679074	0.0285602	0.0530858	0.0549351	0.00170694	0.0715678
176	0.0354928	0.0281093	0.00738136	0.0183783	0.00476875	0.00876316	0.018758	0.0087828	0.372829	0.01272	0.0206196	0.0148379	0.00774054	0.0634772	0.22001	0.0691667	0.0474562	0.0290241	0.00729094	0.00439366
177	0.00370276	0.0189553	0.00156412	0.00872663	0.447596	0.00702973	0.0308804	0.0031838	0.0024218	0.0401977	0.00287717	0.0192718	0.00179412	0.00392542	0.00299095	0.0110945	0.012129	0.00303768	0.000825206	0.377796
178	0.0608383	0.0277608	0.0282317	0.0233459	0.0018394	0.0265564	0.00871473	0.00853911	0.0127419	0.00433795	0.0067647	0.125588	0.00755464	0.0185061	0.0185754	0.398072	0.205398	0.0129738	0.000414574	0.00324592
179	0.0231425	0.00894448	0.202932	0.277006	0.0110835	0.0460582	0.010745	0.00328704	0.0483415	0.00970344	0.00334143	0.0744974	0.013192	0.0985043	0.0164535	0.0808857	0.0440125	0.0167742	0.000928509	0.0101674
180	0.0352047	0.0264472	0.0309602	0.0321622	0.0264293	0.0342911	0.183325	0.0206063	0.0391931	0.0598903	0.0189644	0.0812213	0.0195958	0.0808706	0.060469	0.103874	0.0583038	0.0294832	0.0148344	0.0438741
181	0.0492899	0.0389258	0.00889363	0.0100898	0.0183374	0.0205894	0.0116351	0.0729158	0.0716246	0.0522205	0.0253303	0.0537367	0.00359344	0.0406289	0.0400336	0.122893	0.220466	0.130187	0.0012147	0.00739511
182	0.27398	0.0425696	0.0191771	0.0155841	0.0108002	0.0499191	0.0143424	0.0211502	0.0248918	0.0239482	0.0127414	0.0341382	0.0146848	0.0312626	0.0216041	0.213525	0.123968	0.0393618	0.00187211	0.0104794
183	0.221941	0.0479187	0.0162512	0.0102014	0.015724	0.0326504	0.0132871	0.0537324	0.0256928	0.0385832	0.0185134	0.0258542	0.0137322	0.0287764	0.020035	0.170068	0.130009	0.101339	0.00168553	0.0140052
184	0.0294239	0.00863272	0.00308744	0.00369768	0.00858973	0.004289	0.00309898	0.330107	0.00353173	0.137379	0.035463	0.00335369	0.00554538	0.00913935	0.00550728	0.0133603	0.0388539	0.350398	0.000257166	0.0062846
185	0.0347436	0.0168592	0.019173	0.037154	0.00803731	0.0183464	0.0202741	0.0148839	0.294949	0.0211526	0.0150308	0.0365725	0.014821	0.0659282	0.234101	0.0674971	0.0466991	0.0201722	0.00440891	0.00919671
186	0.147241	0.0273327	0.0140208	0.027129	0.0142014	0.030948	0.0305411	0.0193963	0.118284	0.0323256	0.0207291	0.0475683	0.0265647	0.0495404	0.148493	0.136888	0.0644183	0.0251874	0.00464348	0.0145466
187	0.0238118	0.00831679	0.000834542	0.00112469	0.0443616	0.00326797	0.00498187	0.141579	0.00102355	0.592551	0.0612451	0.00483158	0.00908563	0.00365907	0.00151329	0.00307508	0.0033506	0.0766244	0.00139159	0.0133704
188	0.424689	0.0271487	0.00432365	0.00372019	0.00431845	0.0878321	0.00709963	0.00377007	0.00728194	0.00639324	0.00344835	0.00797387	0.00437804	0.008455	0.00614803	0.253037	0.123314	0.00869985	0.0010869	0.00688277
189	0.00947846	0.0177839	0.00563412	0.0082282	0.0653087	0.0141752	0.0216763	0.0264852	0.0113134	0.0307479	0.00625944	0.0108176	0.00501603	0.0302231	0.0122514	0.0198332	0.0143482	0.00646582	0.657717	0.0262368
190	0.0435791	0.021682	0.0443388	0.0281132	0.00797491	0.0397706	0.0522174	0.0129545	0.044368	0.0239743	0.00979549	0.190099	0.0225066	0.0406587	0.077969	0.227713	0.0815524	0.01257	0.00135526	0.0168081
191	0.0463988	0.0227172	0.012345	0.0347887	0.0178823	0.0236574	0.0432358	0.020532	0.103403	0.0307861	0.0127417	0.0628619	0.164346	0.054014	0.158435	0.0988734	0.0458609	0.0210458	0.00269754	0.0233776
192	0.0370119	0.0259058	0.0214	0.0316919	0.014344	0.0250375	0.180819	0.0138943	0.0825645	0.0348596	0.0211989	0.0741165	0.0242347	0.0690705	0.157029	0.091505	0.0462698	0.017435	0.0103179	0.021295
193	0.0270363	0.00650569	0.00520528	0.0478175	0.0113382	0.0262177	0.104017	0.00714227	0.0701053	0.0566066	0.0105878	0.0440386	0.0111679	0.304994	0.0786334	0.0867996	0.0434713	0.0442706	0.00138655	0.0126587
194	0.0270032	0.0319367	0.0304436	0.0251915	0.00741582	0.0209551	0.21509	0.00931598	0.0272821	0.0198597	0.0118407	0.152001	0.0380854	0.0713154	0.107425	0.136166	0.0370925	0.0107359	0.00481683	0.0160278
