345	20
1	0.0209856	0.00660223	0.0493174	0.0885996	0.0487849	0.016608	0.125849	0.00992232	0.098572	0.0487477	0.0917365	0.105904	0.0112339	0.0730367	0.0203044	0.0881504	0.0298038	0.0146258	0.00650535	0.0447108
2	0.0353468	0.00613782	0.110263	0.115359	0.031866	0.0235107	0.103859	0.00515332	0.0841718	0.0410686	0.0296657	0.079152	0.0122284	0.0755522	0.0179272	0.110122	0.0540794	0.0115512	0.00656316	0.0464229
3	0.0684132	0.0221232	0.0137776	0.0382518	0.00324819	0.0241677	0.0244327	0.0333017	0.185043	0.0300508	0.0122878	0.043537	0.0120693	0.0506619	0.258257	0.0933267	0.0551254	0.0226846	0.00343231	0.00580791
4	0.0521044	0.0146835	0.0133894	0.0325231	0.0114606	0.0105319	0.00469338	0.230344	0.0624558	0.0649703	0.013296	0.0148045	0.00872202	0.00806165	0.0547966	0.0385037	0.0598749	0.285504	0.00830138	0.0109789
5	0.0488456	0.0173765	0.00175722	0.0148064	0.0312237	0.0086848	0.0022501	0.254117	0.00826043	0.224902	0.0419873	0.00412727	0.00386235	0.0101219	0.0132713	0.021172	0.0545834	0.221894	0.00114351	0.0156141
6	0.0208727	0.0104983	0.0105679	0.0200048	0.258898	0.010018	0.0372512	0.033729	0.0139676	0.0765489	0.0284574	0.0227996	0.0107045	0.0100824	0.0318069	0.0473914	0.0189437	0.031191	0.0587398	0.247527
7	0.0437232	0.0177298	0.00236636	0.0159821	0.0260855	0.0098344	0.00236896	0.275745	0.0140613	0.183275	0.0332941	0.00430093	0.0054086	0.00839638	0.0146053	0.0191303	0.0426299	0.262542	0.00180699	0.0167138
8	0.0811781	0.0110929	0.0695297	0.0491717	0.0105597	0.267851	0.0265059	0.0165712	0.0467258	0.0306159	0.0138088	0.057361	0.0243986	0.0292481	0.0513317	0.100329	0.0661248	0.0254191	0.0117786	0.010398
9	0.0401876	0.0144091	0.00229154	0.0146288	0.0398546	0.00643813	0.00794516	0.223694	0.00776548	0.302251	0.0619627	0.00518514	0.00401834	0.0116989	0.0135241	0.0166525	0.0425754	0.149943	0.00494012	0.0300343
10	0.0828328	0.00914332	0.217026	0.122442	0.00974016	0.0778455	0.0198719	0.00950248	0.0613329	0.0280108	0.00865988	0.0557633	0.0162489	0.0488637	0.0417241	0.0849518	0.0695902	0.0189244	0.00787908	0.00964709
11	0.0857841	0.0248119	0.0166107	0.028211	0.0170796	0.0192927	0.00934035	0.139129	0.0389629	0.103567	0.0244292	0.0150411	0.00929301	0.0173486	0.0430233	0.0518364	0.131413	0.206934	0.00563834	0.0122538
12	0.067937	0.0105447	0.0475921	0.0532795	0.0268075	0.0384653	0.146528	0.0169148	0.0680097	0.0467352	0.0294844	0.0507311	0.0259839	0.0630445	0.0495686	0.135107	0.0493957	0.0219763	0.0117866	0.0401082
13	0.20799	0.017003	0.0346597	0.0446445	0.00714179	0.0431817	0.0181548	0.0222133	0.155989	0.0388756	0.0172244	0.0274853	0.0251202	0.040631	0.0947176	0.0967454	0.0553622	0.039266	0.00487422	0.00872034
14	0.103108	0.0100136	0.193383	0.173513	0.00443712	0.043685	0.00957286	0.00406079	0.061341	0.0251867	0.00270884	0.0601821	0.0150876	0.0535982	0.0391933	0.0958975	0.0793828	0.0128292	0.00592009	0.00689868
15	0.0603803	0.0090913	0.0346052	0.0364037	0.0490027	0.102709	0.0277163	0.0111896	0.0567818	0.0235824	0.0227989	0.0313737	0.0413417	0.0178089	0.0266976	0.225715	0.178765	0.0180779	0.0106509	0.0153083
16	0.0382246	0.0138543	0.011353	0.024674	0.0905245	0.0100999	0.0243337	0.160703	0.0144951	0.190248	0.0432995	0.0342487	0.00770763	0.0181404	0.0275605	0.0284284	0.0603004	0.0992225	0.0153549	0.087227
17	0.0998695	0.00742827	0.0501481	0.076634	0.00351728	0.0317768	0.0220542	0.0274087	0.115791	0.050924	0.019391	0.0329221	0.0205707	0.084253	0.148219	0.103474	0.0512238	0.0424716	0.00449189	0.00743143
18	0.0498481	0.0176774	0.00363244	0.0180979	0.0631961	0.015604	0.00675501	0.229492	0.0127343	0.207935	0.0412447	0.00578797	0.00711114	0.0118877	0.0145488	0.0222999	0.0431923	0.204873	0.00299455	0.0210876
19	0.35092	0.104105	0.0207327	0.0114483	0.0147564	0.059213	0.0179821	0.0272856	0.0159472	0.0384992	0.0283529	0.0107457	0.00803606	0.00746873	0.0162346	0.11516	0.0716222	0.0695927	0.00455681	0.00734094
20	0.0700085	0.0158375	0.00605771	0.0236628	0.0306813	0.0251572	0.00830105	0.202742	0.0200674	0.150013	0.0326587	0.0086236	0.0137394	0.0133656	0.0199621	0.0480556	0.0403773	0.20435	0.0054196	0.0609191
21	0.0414083	0.012362	0.00400149	0.0168295	0.100498	0.00603647	0.0288663	0.136726	0.011668	0.235804	0.0618909	0.00757267	0.00731377	0.0121588	0.0315803	0.0171338	0.0278977	0.0959779	0.0215615	0.122713
22	0.102192	0.00851067	0.234941	0.178028	0.00544745	0.0402573	0.0106881	0.00346208	0.0548266	0.0182799	0.00310002	0.0476443	0.0143553	0.0561487	0.0310939	0.0838644	0.0818374	0.0121323	0.00728324	0.00590836
23	0.0390745	0.00842831	0.0571797	0.0601204	0.0410193	0.163227	0.0160965	0.0109827	0.0505721	0.0229052	0.0308993	0.0206705	0.067108	0.0137405	0.0189053	0.202545	0.131173	0.0172438	0.0158538	0.0122549
24	0.0546063	0.00544403	0.0423425	0.0920608	0.00944203	0.069268	0.080723	0.0209088	0.0922353	0.0536549	0.0354114	0.0525095	0.0187315	0.07882	0.115022	0.0732771	0.0443055	0.0382787	0.00778417	0.0151742
25	0.101003	0.00790988	0.0644201	0.108506	0.00343233	0.0493384	0.0191959	0.0202679	0.127039	0.0439842	0.0147693	0.0376421	0.0220212	0.0598029	0.123081	0.0887342	0.0677286	0.029435	0.00425379	0.00743624
26	0.0384209	0.00659399	0.158701	0.0756121	0.00533412	0.241792	0.0303491	0.00498812	0.0590513	0.0326693	0.00509765	0.120619	0.0100526	0.0335975	0.0382977	0.0638688	0.0475953	0.0108418	0.00913103	0.00738698
27	0.0999703	0.00748604	0.0750144	0.125018	0.00405953	0.054528	0.018909	0.0185501	0.129418	0.0408124	0.0139501	0.040272	0.020627	0.0712545	0.100153	0.0709654	0.0567049	0.0298877	0.00619674	0.0162224
28	0.050714	0.0205684	0.00495351	0.0367626	0.0537027	0.0100302	0.0148972	0.186025	0.0324177	0.205513	0.0561949	0.0087818	0.0112015	0.0305143	0.0326573	0.0221666	0.0337791	0.153196	0.00553617	0.0303875
29	0.0436185	0.0161823	0.0127076	0.0403621	0.109645	0.0211376	0.0178341	0.111093	0.0633454	0.124262	0.0254772	0.0137334	0.056708	0.0183197	0.0355578	0.0802044	0.0375454	0.122341	0.0113774	0.0385478
30	0.0953921	0.00839294	0.0277203	0.0498075	0.00216074	0.0282215	0.0318433	0.0365469	0.154052	0.0479869	0.0198279	0.0326804	0.0184194	0.0779353	0.208374	0.07071	0.0469782	0.0329513	0.00449948	0.00549972
31	0.0227985	0.0069276	0.0532896	0.0976664	0.0930093	0.0110436	0.125161	0.0127534	0.0497669	0.0546751	0.0309701	0.0464566	0.0109801	0.0725058	0.0197346	0.125221	0.029507	0.0137241	0.0155809	0.108229
32	0.0741638	0.0065923	0.0402113	0.0884506	0.00625728	0.0872373	0.0291868	0.0286007	0.104246	0.0550382	0.033697	0.0376608	0.0218343	0.0739392	0.118712	0.0658201	0.0768269	0.0379251	0.00610304	0.00749688
33	0.0765989	0.00673152	0.0360989	0.0572571	0.00264235	0.0304194	0.0397042	0.0305956	0.150085	0.0563104	0.0222469	0.0322061	0.0211304	0.0788019	0.16344	0.0652249	0.0765359	0.0439894	0.00343101	0.00655082
34	0.0471852	0.0142601	0.00819674	0.0247252	0.0271692	0.0135922	0.00811306	0.23297	0.0552009	0.161729	0.0318834	0.00960456	0.0108975	0.016735	0.0337408	0.0286511	0.0436549	0.211773	0.00368412	0.0162339
35	0.0794805	0.00787712	0.110895	0.108767	0.00558319	0.0610239	0.0189619	0.0139131	0.116325	0.0465195	0.0108786	0.0576469	0.0358684	0.0526157	0.0615613	0.108214	0.0663902	0.0228572	0.00471956	0.00990232
36	0.153329	0.00905791	0.0119192	0.0109941	0.00503012	0.0804563	0.0353175	0.00415493	0.0388592	0.00772366	0.00440415	0.0661954	0.120413	0.0161376	0.0303807	0.292911	0.0920956	0.00473545	0.00205758	0.0138271
37	0.0643243	0.00972534	0.0742072	0.168417	0.00956924	0.0343357	0.0155325	0.0152376	0.0395478	0.0338955	0.00642253	0.116302	0.0129845	0.025097	0.0640958	0.136359	0.136573	0.0148089	0.00664265	0.0159223
38	0.107929	0.0102322	0.0230658	0.0784625	0.0291964	0.0265709	0.0144888	0.0360611	0.157841	0.0817079	0.0180467	0.021266	0.0567095	0.050151	0.0739815	0.0554489	0.0665579	0.0757281	0.00413504	0.0124204
39	0.110915	0.00938155	0.174486	0.1635	0.00444873	0.0455549	0.0103812	0.00494408	0.0732857	0.020978	0.00395555	0.0541379	0.0168107	0.0609423	0.0390554	0.096905	0.079843	0.0186189	0.0057897	0.00606642
40	0.220494	0.0107497	0.0156502	0.0147958	0.0055134	0.0830886	0.0249507	0.00687989	0.0342389	0.0111961	0.00646848	0.0639052	0.0729983	0.02842	0.0293031	0.262462	0.0709396	0.00749371	0.00319406	0.0272581
41	0.047246	0.0178437	0.00164398	0.0147524	0.0322518	0.00897375	0.00223377	0.257992	0.00829504	0.21713	0.0400004	0.00387929	0.00435962	0.00930282	0.0114963	0.0207782	0.0525734	0.232476	0.00108917	0.015682
42	0.087606	0.00653906	0.0287338	0.0594257	0.00436278	0.0268605	0.0197318	0.0521732	0.142635	0.0905474	0.0234757	0.026386	0.0245991	0.0643724	0.132209	0.0656382	0.0514844	0.082956	0.00377921	0.00648558
43	0.0794525	0.0138006	0.0155852	0.0288651	0.0024784	0.0352679	0.0379545	0.0224763	0.177594	0.0275421	0.011378	0.0476848	0.0181363	0.0508032	0.243103	0.106537	0.0535702	0.0194295	0.00275161	0.00559056
44	0.0222222	0.0103545	0.00365961	0.0155308	0.163227	0.00420654	0.0497877	0.0718227	0.0135769	0.19126	0.0699361	0.00921498	0.00939983	0.00806073	0.0529584	0.0154738	0.0112426	0.0608611	0.04996	0.167244
45	0.0520258	0.016682	0.00172882	0.0143795	0.0344096	0.00795827	0.00221333	0.239984	0.00679913	0.257819	0.047262	0.0046818	0.00350759	0.0119342	0.0107167	0.0211998	0.0538966	0.195293	0.000922737	0.0165866
46	0.0961946	0.00621571	0.0242682	0.0638706	0.00245674	0.0306012	0.0232878	0.0308809	0.172963	0.0664703	0.0229765	0.0335345	0.0254628	0.0764106	0.154717	0.0704471	0.0510075	0.0397657	0.00261441	0.00585471
47	0.0962776	0.00701513	0.0803071	0.107495	0.0033783	0.0396484	0.0187479	0.0201254	0.122051	0.0447001	0.0154417	0.0570202	0.0202184	0.0780307	0.106364	0.0725235	0.0671225	0.0316109	0.00427755	0.00764434
48	0.0401895	0.0153514	0.00277121	0.0177105	0.0356688	0.00790436	0.00548331	0.206732	0.0113957	0.327957	0.0510287	0.00526405	0.00489482	0.0124984	0.0153041	0.0175284	0.0442649	0.149935	0.00337817	0.0247398
49	0.0924441	0.00464996	0.0288682	0.0706803	0.00278963	0.0364779	0.0218547	0.0314382	0.153918	0.0658614	0.0227732	0.0296781	0.032419	0.0976436	0.135003	0.0646407	0.0506639	0.0484413	0.00288385	0.00687158
50	0.0966028	0.00565719	0.0235705	0.0589659	0.00485105	0.0366144	0.0206072	0.0303485	0.156248	0.102023	0.0222308	0.0342035	0.0349195	0.0633084	0.119344	0.0825817	0.0565907	0.0407424	0.00297664	0.00761412
51	0.100218	0.00483001	0.0227912	0.0680503	0.00327547	0.0301673	0.0217033	0.0325793	0.164908	0.0756373	0.0240517	0.0280083	0.0322442	0.0747944	0.138368	0.0724844	0.0507478	0.0455299	0.00245018	0.00716167
52	0.0812555	0.00897744	0.160671	0.116903	0.00700082	0.0882668	0.0294558	0.00653155	0.0802679	0.0266023	0.00767413	0.0672165	0.0151575	0.0812792	0.0354132	0.0773144	0.0537852	0.0153185	0.0199932	0.0209162
53	0.116696	0.0114557	0.156168	0.119872	0.00475882	0.0713864	0.0148966	0.00400899	0.0612072	0.0204531	0.00464049	0.064959	0.0279729	0.048225	0.0369481	0.123758	0.0845555	0.0138252	0.00665673	0.00755617
54	0.109719	0.00806487	0.144262	0.147517	0.00369903	0.0456967	0.0129425	0.00915134	0.0924384	0.0285345	0.00745205	0.0556646	0.0186582	0.0679575	0.0558344	0.0828831	0.074454	0.0229176	0.00570281	0.00644997
55	0.0478745	0.0185205	0.00573258	0.0410795	0.0326218	0.0133635	0.00502849	0.223165	0.028863	0.172635	0.0360329	0.00739542	0.0299228	0.0145398	0.0205455	0.0264024	0.0347044	0.217776	0.00288667	0.0209108
56	0.029201	0.0207909	0.0049793	0.0182402	0.115671	0.00452984	0.142541	0.0670759	0.0271922	0.144407	0.058139	0.0107295	0.0067341	0.0102177	0.0835105	0.0145397	0.0181623	0.052771	0.0354785	0.135089
57	0.123878	0.0406512	0.0071227	0.016963	0.0500912	0.0192158	0.00765318	0.158493	0.0153616	0.16991	0.036754	0.00724397	0.00767234	0.0114988	0.0172508	0.0556287	0.0608649	0.17524	0.00336458	0.0151425
58	0.0542508	0.0118848	0.0910959	0.0749694	0.0506236	0.0350297	0.0694196	0.0224067	0.0489361	0.0557254	0.0243007	0.0497392	0.0186929	0.0506388	0.0362104	0.0842794	0.0498289	0.023935	0.0170738	0.130959
59	0.0759505	0.00936851	0.0864982	0.193549	0.0163005	0.0463891	0.0297493	0.0295533	0.0654933	0.0505911	0.0153367	0.0437868	0.0224043	0.0476918	0.0628864	0.079923	0.0613741	0.0308995	0.0104241	0.0218307
60	0.321899	0.0271231	0.0344205	0.039209	0.0103101	0.0551247	0.0167275	0.0297843	0.0427128	0.0406699	0.0199823	0.0225714	0.024297	0.0222976	0.0472312	0.119603	0.0596031	0.0515467	0.00525991	0.00962722
61	0.0671252	0.0084321	0.100604	0.101939	0.0099025	0.226261	0.028307	0.0141305	0.0586442	0.03125	0.0102298	0.0596138	0.018669	0.0407636	0.0504171	0.0744661	0.0556823	0.021101	0.0114906	0.0109704
62	0.0851702	0.0469593	0.021621	0.0446292	0.0233483	0.0301181	0.0171894	0.0821168	0.0471651	0.079618	0.0222093	0.0206029	0.137325	0.0234562	0.0410671	0.0692247	0.0564147	0.124024	0.00852538	0.0192155
63	0.114829	0.064809	0.0205034	0.0236354	0.0195253	0.0216362	0.0163585	0.062988	0.0226632	0.0986565	0.021357	0.0148467	0.010876	0.0156981	0.0312239	0.0616846	0.258179	0.0972081	0.0067931	0.0165294
64	0.0827603	0.0119508	0.0762821	0.0502316	0.0117504	0.275919	0.0296727	0.0137088	0.0442695	0.0292	0.0135447	0.0613084	0.0233546	0.0297569	0.0485975	0.0964974	0.0600906	0.0200199	0.01088	0.0102045
65	0.0191494	0.00951034	0.00846943	0.0172917	0.262462	0.00722027	0.0368164	0.0378491	0.0123282	0.0873269	0.0320689	0.0209263	0.00911746	0.00837104	0.0342883	0.0378411	0.0162323	0.0343291	0.0607576	0.247644
66	0.0422795	0.00877757	0.101523	0.054394	0.0186453	0.233908	0.016313	0.00835727	0.0412314	0.0189815	0.0148574	0.0382153	0.0424235	0.0222634	0.0259793	0.135523	0.103396	0.029527	0.0346209	0.00878407
67	0.0396677	0.0150733	0.00191454	0.012659	0.027854	0.00645232	0.00247922	0.214241	0.00611534	0.352831	0.0515812	0.00420068	0.00331203	0.0103928	0.00845408	0.0172835	0.0515974	0.153813	0.00126707	0.0188106
68	0.0690779	0.0794299	0.0165385	0.0289023	0.0673499	0.0178198	0.123587	0.0326786	0.0284324	0.0683907	0.0279098	0.0273539	0.0167115	0.0187927	0.0673109	0.0507064	0.0289751	0.029584	0.0387694	0.16168
69	0.0346078	0.0244366	0.0156112	0.0447984	0.0232988	0.0190762	0.162419	0.0224424	0.053508	0.0471843	0.01722	0.0265909	0.0122197	0.0268184	0.252531	0.0387882	0.0489311	0.0188684	0.056988	0.0536611
70	0.0268791	0.00426873	0.0511434	0.0875566	0.0262536	0.01357	0.122128	0.0114888	0.089748	0.0994729	0.042129	0.044794	0.0131099	0.133782	0.033108	0.0931892	0.0265307	0.0162287	0.00712957	0.05749
71	0.0425977	0.014939	0.00329116	0.0163151	0.03489	0.00837626	0.00758509	0.196632	0.0124993	0.331545	0.0509064	0.00585441	0.00623412	0.0133745	0.0168043	0.0211507	0.0451035	0.140155	0.00603734	0.0257081
72	0.110411	0.010835	0.0231385	0.0524351	0.00779579	0.0249313	0.017581	0.0574989	0.122495	0.0683895	0.0226448	0.0246565	0.0250005	0.0815604	0.099081	0.0557935	0.106506	0.0772076	0.00321895	0.00881949
73	0.12999	0.00817941	0.0604957	0.0960328	0.00389966	0.0505545	0.0172542	0.017995	0.143609	0.0395195	0.0127763	0.0358647	0.0233018	0.057713	0.107347	0.102091	0.0541487	0.0272106	0.00449558	0.00752184
74	0.0824015	0.00758514	0.0219041	0.0708708	0.015703	0.0258653	0.0365813	0.0580173	0.131364	0.11264	0.0433818	0.0259	0.0214119	0.0631241	0.113726	0.053406	0.0420405	0.0500707	0.0057557	0.0182514
75	0.02283	0.00602004	0.134861	0.0523234	0.00517501	0.33676	0.0401572	0.00552946	0.0409142	0.0245044	0.00572765	0.122166	0.00852201	0.0273466	0.0407238	0.0527998	0.0452421	0.0103624	0.0100557	0.00797936
76	0.0299985	0.0182953	0.00409576	0.0179598	0.13067	0.00700957	0.0557987	0.152925	0.0225571	0.156773	0.048535	0.00780291	0.008629	0.0117289	0.0430489	0.0176628	0.0215899	0.134018	0.0255974	0.0853048
77	0.117111	0.0151676	0.161833	0.141761	0.00403964	0.0492721	0.0117636	0.00633137	0.0795061	0.0236364	0.00513901	0.0565066	0.0232201	0.0575872	0.0505307	0.0973635	0.0693263	0.0176088	0.00615464	0.00614086
78	0.14058	0.102926	0.0307375	0.0357466	0.0270806	0.0342403	0.0301435	0.0647316	0.0455133	0.0724387	0.0272472	0.0243181	0.0153466	0.0256363	0.0685185	0.07529	0.061771	0.0798057	0.0124209	0.0255075
79	0.0569872	0.0175607	0.00357644	0.0316245	0.0401065	0.0103259	0.00656493	0.218604	0.0165557	0.199625	0.0558353	0.0080603	0.0086527	0.0246605	0.0199998	0.0216251	0.0376742	0.18372	0.00312085	0.03512
80	0.0467194	0.0169023	0.00272109	0.0162894	0.0263948	0.0107487	0.00296777	0.25958	0.0151469	0.191644	0.0359627	0.00465715	0.00563195	0.00990947	0.016288	0.022148	0.0452288	0.251883	0.00222576	0.0169508
81	0.0511832	0.0246985	0.00330051	0.0211503	0.0357988	0.00854805	0.00334941	0.250516	0.0110396	0.202706	0.0516521	0.00541381	0.00441253	0.0127443	0.0143882	0.0195176	0.0430258	0.217407	0.00136077	0.0177872
82	0.345979	0.03024	0.0238345	0.023889	0.0093617	0.0635573	0.0176104	0.0184475	0.0349528	0.0298895	0.0199131	0.0226691	0.0286613	0.0165985	0.034967	0.158703	0.064884	0.0436165	0.00420131	0.00802431
83	0.0918235	0.0127039	0.0358603	0.056073	0.0161792	0.047414	0.0256999	0.0334592	0.0628211	0.0529826	0.0180996	0.0348586	0.17085	0.0378681	0.0564407	0.124216	0.056773	0.0397294	0.00844698	0.0177011
84	0.167908	0.0144809	0.0211225	0.0180169	0.0112258	0.0974309	0.0248724	0.00755482	0.0342454	0.0131272	0.0117244	0.0432536	0.0667337	0.014414	0.0244327	0.284705	0.114211	0.0158028	0.00497973	0.00975758
85	0.079919	0.0069578	0.022594	0.0583528	0.00443077	0.03011	0.0273972	0.0340047	0.148486	0.0842636	0.0331658	0.0297784	0.0233492	0.0715474	0.144518	0.0724212	0.0747134	0.0425583	0.00345896	0.00797425
86	0.0436455	0.0173824	0.0018731	0.0149517	0.0268332	0.0092462	0.00241591	0.294223	0.0104021	0.19768	0.0354474	0.00382618	0.00498512	0.00857067	0.0121286	0.018076	0.0429551	0.23828	0.00143215	0.0156454
87	0.121076	0.00978579	0.0289616	0.0552122	0.00933143	0.0324537	0.026538	0.0311845	0.0913843	0.0619926	0.0432569	0.030097	0.103397	0.0817408	0.0846692	0.0801709	0.0510194	0.0384111	0.00677797	0.0125398
88	0.0617109	0.0146715	0.0139112	0.0286491	0.00328872	0.0216491	0.0255921	0.033854	0.225194	0.0318684	0.0136921	0.0317064	0.0134612	0.0564179	0.276731	0.0607121	0.0427877	0.0361607	0.00311238	0.00483007
89	0.102894	0.00566103	0.0250071	0.0669797	0.00316446	0.0318418	0.0217096	0.0299487	0.167802	0.0637017	0.0218916	0.0293304	0.0321346	0.0767647	0.142974	0.075439	0.0508148	0.0430399	0.00234676	0.00655339
90	0.151441	0.00895679	0.0174823	0.0141352	0.00552541	0.0764931	0.0292406	0.00492293	0.0350234	0.0101466	0.00582988	0.0608732	0.160265	0.0139213	0.025532	0.266837	0.0926825	0.00565221	0.002905	0.012135
91	0.0390033	0.00755991	0.0739603	0.0473315	0.025552	0.232893	0.0149015	0.00651432	0.0360887	0.0150524	0.0188135	0.0337221	0.0325342	0.0175087	0.0233699	0.184191	0.150668	0.0151326	0.0175283	0.00767421
92	0.0934925	0.00955316	0.19136	0.152263	0.00395796	0.0620952	0.0138165	0.00328944	0.0788225	0.0219389	0.0031158	0.0636747	0.0151064	0.0710267	0.0340325	0.088075	0.0648211	0.0140178	0.00814883	0.00739159
93	0.0634654	0.0177633	0.0134639	0.0240135	0.00295287	0.0230579	0.0281616	0.0256763	0.211537	0.0240757	0.0107721	0.0379953	0.00820889	0.0514598	0.317277	0.0691262	0.0444104	0.0177919	0.00322966	0.00556137
94	0.0409401	0.0144585	0.0121295	0.023261	0.0110315	0.0097316	0.00467043	0.243018	0.0606766	0.0650484	0.010463	0.0147529	0.00776645	0.00523909	0.0516985	0.0357934	0.0537954	0.316082	0.00826507	0.0111788
95	0.0809542	0.0108246	0.0416978	0.0589764	0.0109141	0.028779	0.0302768	0.033568	0.186673	0.0536198	0.0192999	0.0343575	0.0229131	0.0575025	0.14435	0.0751351	0.0506173	0.0399876	0.00561406	0.0139399
96	0.0685192	0.0123061	0.0599351	0.0713086	0.0105391	0.0679879	0.0307365	0.0202922	0.0578545	0.03235	0.0116416	0.100497	0.026262	0.0336212	0.0651611	0.114596	0.168384	0.0273271	0.00573625	0.0149447
97	0.0785698	0.00898776	0.207905	0.112132	0.0101253	0.0779467	0.0317759	0.00817383	0.0653827	0.0299133	0.0100418	0.0725432	0.0167638	0.0498855	0.0370827	0.0861881	0.0595789	0.0164315	0.00698013	0.0135914
98	0.0669472	0.0175954	0.0098474	0.0200768	0.00268815	0.0214693	0.0333538	0.0267647	0.200336	0.0227799	0.0106405	0.0365373	0.00756706	0.050658	0.330093	0.0712498	0.0448478	0.0172336	0.00367631	0.00563706
99	0.0685821	0.0104617	0.0181492	0.0436161	0.0111487	0.0240404	0.0307072	0.0566118	0.149037	0.0660869	0.0459933	0.0311944	0.0174746	0.0639066	0.195693	0.0576529	0.0440237	0.0463409	0.00610119	0.0131788
100	0.0858554	0.0107456	0.210672	0.118555	0.00855557	0.0679067	0.0292893	0.00871114	0.0646505	0.0309124	0.00990791	0.0540166	0.0164421	0.0524163	0.0375321	0.0856016	0.0652092	0.0199083	0.00920118	0.0139119
101	0.297912	0.0280152	0.0322015	0.0366497	0.0131247	0.054124	0.0203469	0.0412789	0.041145	0.0514971	0.025412	0.0205323	0.0205551	0.0238312	0.0419671	0.112086	0.0598467	0.0596143	0.00832073	0.0115402
102	0.0753747	0.0155554	0.00683852	0.0521238	0.0279713	0.0138097	0.0061741	0.189372	0.0312544	0.180197	0.0492591	0.0112279	0.010055	0.026885	0.0495938	0.0275524	0.0437053	0.163265	0.00224637	0.0175393
103	0.0367357	0.00384404	0.0430655	0.059361	0.0195294	0.0156732	0.102119	0.0166614	0.123988	0.0969238	0.0520811	0.0460026	0.0137995	0.110775	0.0627161	0.102415	0.034678	0.0207697	0.00380014	0.0350608
104	0.0534777	0.0133174	0.00947083	0.0266971	0.0399918	0.0137091	0.0201426	0.146765	0.0275938	0.288594	0.0477639	0.0127683	0.0110236	0.0240985	0.0327418	0.031858	0.0425914	0.11261	0.00905585	0.0357299
105	0.341978	0.0390402	0.0164801	0.0138621	0.0142897	0.0449074	0.0144339	0.0493417	0.021061	0.0560254	0.0286296	0.0103737	0.00761268	0.0110446	0.0188323	0.102961	0.0975308	0.103318	0.00287093	0.00540657
106	0.0739038	0.00958455	0.0181231	0.0441178	0.00386544	0.0256788	0.0272915	0.0323417	0.201877	0.0607139	0.0214719	0.0312963	0.0193311	0.0652371	0.211652	0.0627972	0.0460923	0.035365	0.00275439	0.00650491
107	0.30128	0.0578735	0.0189288	0.0168261	0.0176647	0.0468798	0.0367649	0.0343356	0.0199869	0.0896066	0.0271277	0.0113833	0.0075314	0.0117233	0.0193721	0.0963109	0.0996416	0.0650514	0.00913959	0.0125718
108	0.0223879	0.0119529	0.00416804	0.0162831	0.137187	0.00446987	0.0693248	0.0720436	0.0176512	0.224366	0.0706579	0.00889026	0.00827741	0.0123851	0.0535632	0.015351	0.0120603	0.0564982	0.0449049	0.137577
109	0.102576	0.0124898	0.0192313	0.0405874	0.00254247	0.0265186	0.0256745	0.0295183	0.16827	0.0401819	0.015349	0.0349721	0.0167979	0.0678685	0.240758	0.0716493	0.0477469	0.027956	0.00362824	0.00568349
110	0.216198	0.0262833	0.0268801	0.0257057	0.0617353	0.0458527	0.0633261	0.0184177	0.0313713	0.0392476	0.0470205	0.0237937	0.0205867	0.0250921	0.0176254	0.179239	0.0610577	0.040903	0.00720614	0.0224585
111	0.0397603	0.00595009	0.0979615	0.0702311	0.00407239	0.232154	0.0413816	0.0134467	0.0871205	0.0342318	0.0114529	0.0871548	0.0110764	0.0420314	0.0921943	0.0538054	0.045407	0.0175164	0.0063209	0.00672989
112	0.0970007	0.00953372	0.206832	0.179305	0.00503981	0.0422906	0.0111813	0.0035531	0.0566977	0.0193968	0.0032177	0.0531042	0.0151286	0.0601774	0.0321409	0.0888607	0.0926186	0.0124394	0.00579487	0.0056866
113	0.0403982	0.0139043	0.00418908	0.0171982	0.067732	0.00719307	0.0239638	0.155822	0.0153401	0.257192	0.0576314	0.00746137	0.00726746	0.0129998	0.0302667	0.019368	0.0350082	0.108574	0.0148979	0.103593
114	0.0790841	0.00900012	0.0446293	0.0824304	0.00592981	0.0342522	0.0181942	0.0401083	0.118416	0.0472549	0.0164443	0.0360084	0.020466	0.0525889	0.117943	0.105386	0.0939637	0.0654759	0.0052435	0.00718032
115	0.156006	0.00985133	0.0341021	0.0457781	0.00746251	0.0644183	0.0233942	0.00809776	0.0395925	0.0164489	0.00883736	0.0465967	0.161489	0.0204234	0.0296158	0.218668	0.0838929	0.0105228	0.00352308	0.0112793
116	0.0459637	0.0168365	0.00428888	0.0183189	0.0245166	0.0106972	0.00408075	0.258406	0.0224416	0.161403	0.0292885	0.00645786	0.0062535	0.00786191	0.0222308	0.0228833	0.044261	0.273254	0.00361011	0.0169465
117	0.0322254	0.0552346	0.0142603	0.0337574	0.0587062	0.0114047	0.186419	0.027761	0.0257755	0.063333	0.0248102	0.0337823	0.010447	0.0146428	0.122621	0.0302958	0.0268977	0.0253108	0.0695827	0.132733
118	0.0474115	0.0176955	0.0021961	0.0150204	0.0293267	0.00954779	0.00280208	0.263287	0.0117061	0.197235	0.0360221	0.00405026	0.00458127	0.00898712	0.0139255	0.0213898	0.0501482	0.246693	0.00169146	0.0162828
119	0.0822321	0.0108001	0.02591	0.0428272	0.0139612	0.0462909	0.0248133	0.0261031	0.0499924	0.0582592	0.015034	0.0338774	0.224301	0.0233821	0.0367559	0.175679	0.0561368	0.0262984	0.00784822	0.0194979
120	0.0862257	0.00957048	0.16596	0.15234	0.00824798	0.0450437	0.0135989	0.00674544	0.054806	0.0244034	0.00595572	0.0514231	0.0157946	0.0471504	0.0505453	0.114141	0.116025	0.017284	0.00672903	0.0080093
121	0.0785141	0.0117746	0.015727	0.112204	0.0201474	0.0227552	0.0100466	0.122327	0.0589308	0.12759	0.0230168	0.0151299	0.067642	0.0268993	0.0440892	0.0458264	0.0373027	0.136941	0.00482932	0.0183071
122	0.0971383	0.00855535	0.117995	0.191568	0.0061624	0.0828757	0.014427	0.00971534	0.0863021	0.0267526	0.00833296	0.046641	0.0185492	0.0476734	0.0472252	0.0818846	0.0726231	0.0179478	0.00848129	0.0091491
123	0.0192943	0.00445601	0.0840617	0.0650556	0.0294897	0.0124309	0.147247	0.00744917	0.0741514	0.0867222	0.0505072	0.0537827	0.0123704	0.119951	0.0196429	0.112542	0.0264417	0.0133498	0.00686362	0.0541913
124	0.118281	0.0118502	0.104702	0.200912	0.0081652	0.043331	0.0172528	0.0207806	0.0673656	0.0404645	0.0124314	0.0381267	0.0234192	0.046464	0.0529954	0.0839108	0.0612864	0.0276015	0.00751457	0.0131453
125	0.194125	0.0152966	0.0635434	0.0696798	0.00768229	0.04429	0.0217362	0.0249033	0.0779298	0.0393467	0.0162677	0.034669	0.0245575	0.0561065	0.0780269	0.0988975	0.0789117	0.0381095	0.00523258	0.0106878
126	0.0488579	0.0208687	0.0016309	0.0181078	0.0378761	0.00837728	0.00328686	0.257028	0.009249	0.20805	0.0483038	0.00461142	0.00454042	0.0113902	0.0124206	0.0201035	0.0441059	0.22174	0.00141584	0.0180357
127	0.0672434	0.0147401	0.0170628	0.0313082	0.00476036	0.0244512	0.0268661	0.0291316	0.208527	0.033591	0.013853	0.033523	0.0124929	0.0544605	0.276965	0.066826	0.0466695	0.0278826	0.00343883	0.00620675
128	0.083768	0.00845115	0.181963	0.205019	0.00688855	0.0535363	0.0199254	0.00814468	0.0595711	0.0252311	0.00542395	0.0531183	0.0144861	0.0511863	0.0376683	0.084945	0.0695365	0.0150332	0.00728938	0.00881462
129	0.0326102	0.0124794	0.00640277	0.0192706	0.0950785	0.00636136	0.0367703	0.108648	0.0151791	0.259601	0.0615465	0.00852939	0.00826305	0.0155211	0.0371989	0.018897	0.0246734	0.0764556	0.0270291	0.129484
130	0.0695162	0.0258458	0.00300749	0.0155405	0.0266841	0.0106293	0.00285238	0.234869	0.0121963	0.176265	0.0363926	0.00559972	0.00416312	0.0101513	0.0145127	0.0366454	0.0723791	0.224586	0.00162836	0.0165352
131	0.0676278	0.0365425	0.0130437	0.0276151	0.0125305	0.0218589	0.0348352	0.0322631	0.126582	0.0315847	0.0128705	0.0353625	0.00985474	0.0404161	0.320804	0.0705055	0.0523657	0.0284842	0.00923795	0.0156147
132	0.363737	0.0458053	0.0159172	0.00744863	0.0148076	0.0495484	0.0141382	0.0306761	0.0100646	0.0388479	0.0351621	0.00757985	0.00628485	0.00499671	0.00783427	0.137324	0.103884	0.10026	0.00213597	0.0035478
133	0.0508591	0.0203249	0.024155	0.0425939	0.0383684	0.0258962	0.0734282	0.034684	0.064155	0.0551615	0.0180127	0.0261259	0.013511	0.0368516	0.242898	0.0549401	0.0394867	0.0309336	0.0607318	0.0468825
134	0.112885	0.00784534	0.0577259	0.107863	0.00610736	0.0330106	0.0190095	0.0409979	0.114054	0.0580741	0.0333408	0.0291686	0.0221159	0.0588051	0.0992184	0.0612742	0.0835301	0.0413021	0.00482058	0.00885224
135	0.124246	0.00955007	0.185717	0.145759	0.00469193	0.0437712	0.0101159	0.00491898	0.0616412	0.0196522	0.00396799	0.0503311	0.0179243	0.0588864	0.0414114	0.0931154	0.09705	0.0152793	0.00611036	0.00586039
136	0.293079	0.0286157	0.0219048	0.028607	0.010636	0.057935	0.031594	0.0269086	0.072133	0.0583802	0.0274359	0.0157625	0.0128548	0.0261987	0.0460389	0.106524	0.0565652	0.0674805	0.00517169	0.00617399
137	0.074106	0.00653337	0.0214192	0.0531043	0.00579063	0.0268783	0.0359009	0.0490247	0.161056	0.0810841	0.0384326	0.0307664	0.0213018	0.0713027	0.158538	0.0668515	0.0458351	0.0388684	0.00381491	0.00939147
138	0.0842476	0.00538353	0.0556725	0.0746083	0.00261595	0.0447496	0.0229129	0.0292651	0.142179	0.0618292	0.0217604	0.0414581	0.0230738	0.0792163	0.12544	0.0638683	0.0680001	0.0430459	0.00417701	0.00649622
139	0.378695	0.0406072	0.0634878	0.0157444	0.0146166	0.0649572	0.0148238	0.0214154	0.0143854	0.0389223	0.0604388	0.00970633	0.0071365	0.00720302	0.0111953	0.10918	0.0593645	0.0592404	0.00348593	0.0053942
140	0.0558407	0.00658676	0.0507396	0.0831087	0.0160858	0.0213787	0.0659294	0.0217324	0.0893618	0.134625	0.0333904	0.0376936	0.0189209	0.110293	0.0628585	0.0893699	0.0393967	0.0278902	0.00699642	0.0278007
141	0.0722244	0.00924296	0.0196921	0.043899	0.00284332	0.0325951	0.026649	0.0288558	0.207404	0.0496974	0.0240935	0.0306887	0.0185998	0.0635987	0.214099	0.0621925	0.0531347	0.032111	0.00303025	0.00534856
142	0.073561	0.00789404	0.0313191	0.046701	0.00231546	0.028299	0.0254011	0.0375177	0.179333	0.0505521	0.0201647	0.0296368	0.0207875	0.0797686	0.214983	0.0563204	0.0469416	0.0397286	0.00324002	0.00553541
143	0.287493	0.0265201	0.0219607	0.02852	0.0115701	0.0463622	0.0184008	0.0455061	0.0418404	0.0388252	0.0216661	0.0376823	0.0229678	0.0180393	0.0408968	0.136569	0.0823111	0.0555311	0.00528823	0.0120494
144	0.062711	0.0159963	0.012064	0.0221173	0.00284689	0.0221484	0.0267894	0.0274405	0.22698	0.0254816	0.0109531	0.0339218	0.00937593	0.0516693	0.309976	0.0675388	0.0425219	0.0211167	0.00331452	0.0050365
145	0.0175934	0.00783946	0.0485169	0.0583729	0.061007	0.0084945	0.160784	0.0134089	0.0588087	0.0684265	0.0418652	0.0457246	0.0108913	0.144657	0.0301206	0.0877368	0.0241569	0.0150614	0.013435	0.0830995
146	0.0564869	0.0151035	0.0139739	0.0320825	0.00434261	0.0203648	0.0334074	0.039142	0.135751	0.0392236	0.0179666	0.0541497	0.0173651	0.103495	0.284523	0.0554958	0.0396188	0.0256694	0.00554164	0.00629724
147	0.0406396	0.0152728	0.002267	0.0140353	0.0292772	0.00741312	0.00332419	0.21634	0.0085509	0.337995	0.0497078	0.00455956	0.00413441	0.0108586	0.0100086	0.0178938	0.0476469	0.158348	0.00190835	0.0198188
148	0.04817	0.00495243	0.0363028	0.0597841	0.0154481	0.0190442	0.0752323	0.0213315	0.123908	0.108794	0.0482496	0.0471222	0.0177147	0.105592	0.0749821	0.097489	0.0379647	0.0274947	0.00385532	0.0265683
149	0.22487	0.0142691	0.0225035	0.0258442	0.00579119	0.0812083	0.0202228	0.0105154	0.0708391	0.018736	0.00994565	0.0392947	0.0502961	0.0221688	0.0401867	0.244563	0.0663669	0.0172135	0.00391946	0.0112452
150	0.0320648	0.0124142	0.00412498	0.0158577	0.172694	0.0065985	0.0306296	0.115097	0.0138847	0.224039	0.0641874	0.00860706	0.00762206	0.0105995	0.0353678	0.0192816	0.0256521	0.0860171	0.027487	0.0877741
151	0.0649374	0.034922	0.0109616	0.0229193	0.0331264	0.0153475	0.0152261	0.156106	0.0228043	0.259782	0.0402005	0.00982726	0.00889461	0.018125	0.0286831	0.0333304	0.0572228	0.134098	0.00683805	0.0266484
152	0.0508772	0.0149786	0.010036	0.0269178	0.0422379	0.0143453	0.0179429	0.150266	0.025755	0.285957	0.0477985	0.0117864	0.0114848	0.020888	0.0332981	0.0311617	0.0430353	0.113706	0.00976364	0.0377648
153	0.0953967	0.0157894	0.0222379	0.0412411	0.00645469	0.0279903	0.029589	0.0268762	0.128145	0.034749	0.0132741	0.0357315	0.0150751	0.0484265	0.291107	0.0782553	0.0481992	0.0245785	0.00647121	0.010412
154	0.0222884	0.00427078	0.0554699	0.0615822	0.0291946	0.0136973	0.144582	0.00918624	0.0993625	0.0575497	0.0617622	0.0729402	0.0118888	0.104284	0.0299431	0.118353	0.039484	0.0135695	0.00448908	0.0461017
155	0.0317773	0.00619893	0.154033	0.0648447	0.00462853	0.302879	0.0306119	0.00466407	0.0464975	0.0248403	0.00520536	0.112097	0.00977771	0.0308569	0.0400907	0.0567978	0.0464354	0.010825	0.00948313	0.00745635
156	0.0456521	0.0210088	0.00304612	0.0272853	0.0684667	0.00757323	0.0183094	0.197439	0.0217202	0.210997	0.0579129	0.00725717	0.00710503	0.0235416	0.0305497	0.0165514	0.0304287	0.154799	0.00903111	0.0413259
157	0.0690761	0.00696355	0.0215931	0.0516115	0.00257375	0.025862	0.0343866	0.043868	0.141803	0.0597112	0.0249259	0.0388936	0.0340811	0.0910575	0.200149	0.0564268	0.0454586	0.0415511	0.00395322	0.00605436
158	0.157734	0.0115173	0.0215771	0.0308557	0.0144493	0.0609959	0.0292871	0.0159479	0.0405806	0.0281172	0.0106379	0.0414346	0.098715	0.0221564	0.0326487	0.204372	0.0644007	0.0174252	0.00627384	0.090873
159	0.158863	0.00966784	0.0124962	0.0105626	0.00526939	0.0826762	0.0306978	0.00393652	0.0391425	0.00666237	0.00532078	0.0627005	0.126722	0.0151684	0.0282591	0.281102	0.102147	0.00422295	0.00198313	0.0123995
160	0.0744093	0.00639583	0.0657097	0.091995	0.00632879	0.0890313	0.0234121	0.0240381	0.0993134	0.0469913	0.0187421	0.0575936	0.0191983	0.0776505	0.107776	0.0649685	0.0686375	0.0436583	0.00581458	0.0083361
161	0.0786287	0.00662089	0.0238946	0.0523949	0.00356064	0.047011	0.0359347	0.0278264	0.153157	0.0531742	0.0205464	0.0447021	0.0320944	0.0651452	0.150461	0.0960561	0.0597894	0.039161	0.00291265	0.00692912
162	0.096803	0.00882461	0.117977	0.1224	0.0040249	0.0637226	0.0157793	0.0126041	0.0976429	0.032436	0.00925179	0.0469666	0.0200396	0.0571212	0.0832953	0.0975768	0.0781608	0.0230631	0.00602425	0.00628648
163	0.0216129	0.00615605	0.0768029	0.0601028	0.0304516	0.0162616	0.155653	0.0100882	0.0706239	0.0598559	0.0345681	0.0701649	0.0520772	0.0720029	0.015761	0.118402	0.0259651	0.0126372	0.00669584	0.0841175
164	0.0399782	0.020614	0.026696	0.0387829	0.0544577	0.0353703	0.122578	0.0350451	0.0323303	0.0784295	0.0259231	0.0253494	0.0136673	0.0283329	0.0737751	0.0602394	0.0302896	0.0279985	0.161296	0.0688465
165	0.101481	0.0138627	0.0332161	0.0295476	0.0276177	0.143695	0.0170219	0.011281	0.0356853	0.0208181	0.0342725	0.0219866	0.036162	0.0112548	0.0217745	0.204538	0.192176	0.0248886	0.011537	0.0071837
166	0.0875638	0.00450511	0.023875	0.0652447	0.00266913	0.0354125	0.0247429	0.0337204	0.154119	0.0703116	0.0249697	0.0298829	0.0308044	0.0995435	0.143323	0.0619939	0.0496649	0.0483717	0.00284896	0.00643326
167	0.12976	0.00556719	0.0215546	0.0567469	0.00435346	0.0302221	0.0212218	0.0347977	0.173384	0.0603627	0.0207798	0.0277725	0.0371322	0.0723501	0.122427	0.0710089	0.0554428	0.0449893	0.00248725	0.00763895
168	0.0248241	0.0168556	0.0179713	0.029389	0.124981	0.00701665	0.163733	0.0432333	0.0325509	0.103467	0.0441296	0.0237575	0.00848369	0.0279935	0.0611252	0.040746	0.021366	0.0353197	0.0358777	0.137179
169	0.0207334	0.0108692	0.00377366	0.0188293	0.161487	0.00403377	0.0551813	0.0663317	0.0148273	0.180652	0.0767667	0.00911398	0.00855126	0.0078464	0.0618835	0.015146	0.0112647	0.0606979	0.0542926	0.157718
170	0.088691	0.0159908	0.0132302	0.0268972	0.00283135	0.0227111	0.0338945	0.0324616	0.176797	0.0283415	0.012907	0.035394	0.0101276	0.0567623	0.291865	0.0700543	0.0509922	0.020998	0.00323859	0.00581479
171	0.0700332	0.019299	0.0361295	0.0432483	0.038735	0.0658677	0.0425437	0.033646	0.0435291	0.0594595	0.0176739	0.0264626	0.0232432	0.0273842	0.0535437	0.129753	0.0485197	0.0287196	0.152765	0.0394446
172	0.0397332	0.015895	0.00167712	0.0134112	0.0262439	0.00707109	0.00248396	0.228349	0.00779615	0.322069	0.0464528	0.00360935	0.0039289	0.0094956	0.0101282	0.0167427	0.0460693	0.180494	0.00147075	0.0168788
173	0.126697	0.0229711	0.0227356	0.0277372	0.0040124	0.038917	0.0238257	0.0141932	0.12445	0.0167545	0.00592545	0.059403	0.0268875	0.0359078	0.208743	0.145145	0.0734987	0.0113916	0.00248432	0.00831992
174	0.104492	0.0111709	0.176664	0.166295	0.00380281	0.0506167	0.00969237	0.00300811	0.0701814	0.0193368	0.00282017	0.0610699	0.0186686	0.0661982	0.0357878	0.0898028	0.0843676	0.0142303	0.00589626	0.005899
175	0.0206238	0.0040762	0.0938221	0.082636	0.0380828	0.017372	0.146533	0.00542143	0.069753	0.0522609	0.0388131	0.0724122	0.0105089	0.112788	0.0153355	0.115861	0.0313632	0.0110898	0.00521913	0.0560282
176	0.0549226	0.00914064	0.0511079	0.107568	0.0173409	0.0503866	0.0200189	0.054025	0.0976515	0.0736443	0.013841	0.0249749	0.139323	0.0243294	0.0386278	0.0918861	0.0386824	0.0424911	0.00835313	0.0416853
177	0.131747	0.0504358	0.0169517	0.0274502	0.0135227	0.0631406	0.0593604	0.0836651	0.0254384	0.0764843	0.0128256	0.014308	0.0158412	0.0173625	0.030066	0.144423	0.0318099	0.0238716	0.144556	0.0167398
178	0.0183183	0.00463817	0.0480386	0.0711778	0.0413809	0.0100545	0.12817	0.0196153	0.0678573	0.129225	0.0561138	0.043132	0.0110778	0.114445	0.0279574	0.0863358	0.0210818	0.0199014	0.0108483	0.0706314
179	0.0841423	0.00699433	0.0422028	0.0809068	0.00703337	0.0334599	0.0442185	0.0262874	0.114657	0.0568351	0.021361	0.0339699	0.0229932	0.130438	0.128104	0.0638809	0.0483736	0.0344382	0.00786816	0.0118353
180	0.0458789	0.0106571	0.0151125	0.102254	0.0746516	0.0142256	0.0172032	0.140165	0.020224	0.151493	0.0318535	0.0202776	0.0164948	0.018291	0.0298598	0.0624612	0.0686044	0.0809959	0.0100412	0.0692562
181	0.355107	0.0484191	0.0157675	0.00649242	0.0133063	0.0478697	0.0131589	0.0389197	0.0113327	0.0427017	0.0294782	0.0067301	0.00377267	0.00469169	0.00824824	0.126405	0.115055	0.107426	0.00217542	0.0029423
182	0.0263476	0.0115469	0.00442492	0.0182705	0.199723	0.0068789	0.0398939	0.0854762	0.015716	0.204377	0.0606169	0.00951725	0.00905622	0.0101019	0.0500729	0.0172516	0.0179981	0.0672163	0.0352793	0.110234
183	0.103984	0.00970959	0.174055	0.175577	0.00421958	0.0484649	0.0106031	0.00405055	0.0684443	0.0205377	0.00357879	0.0625677	0.0170308	0.0656148	0.0367357	0.0862746	0.0820188	0.0143937	0.00594069	0.0061985
184	0.0598819	0.00700561	0.151671	0.21933	0.0131916	0.0465041	0.0604968	0.0060232	0.0574103	0.0292084	0.0141638	0.0527434	0.0129558	0.0565535	0.0247155	0.0950164	0.0497939	0.0117022	0.0107675	0.0208653
185	0.0745727	0.0139683	0.00767427	0.0223203	0.0633741	0.0119563	0.0325843	0.117857	0.0173847	0.217419	0.0673839	0.0105478	0.00982034	0.0153227	0.0329423	0.0255124	0.0317968	0.0845221	0.0161506	0.126889
186	0.0307215	0.030449	0.00425424	0.0182537	0.104569	0.00618381	0.0704809	0.135228	0.0273946	0.17955	0.0533697	0.0068181	0.00740305	0.013204	0.0527038	0.0158422	0.0204687	0.108238	0.0222207	0.0926461
187	0.1004	0.00463063	0.0325615	0.06456	0.00330026	0.0290573	0.0324443	0.0374617	0.132831	0.0680031	0.0289129	0.0346434	0.0241438	0.087041	0.145377	0.0767294	0.0473165	0.0399913	0.00360819	0.00698698
188	0.108868	0.0100102	0.0931219	0.167191	0.00720281	0.0330571	0.0116116	0.0162869	0.0517149	0.03289	0.00794191	0.0476926	0.0152482	0.0381175	0.0703949	0.0955019	0.149646	0.025021	0.0053675	0.0131143
189	0.0444133	0.0177883	0.00225484	0.0159423	0.0280069	0.0102145	0.00370799	0.267555	0.013466	0.179304	0.0349282	0.00421572	0.00520313	0.00868287	0.0150078	0.0187644	0.0416516	0.263526	0.00240069	0.0229662
190	0.0914057	0.00850038	0.02712	0.176387	0.00953691	0.0189408	0.0169419	0.0453871	0.0481136	0.0693229	0.0130358	0.0691825	0.0161295	0.0293761	0.128783	0.088061	0.0796485	0.0243885	0.00522883	0.03451
191	0.0342866	0.00441395	0.0883192	0.0830433	0.0216458	0.0217132	0.118355	0.0106913	0.0874503	0.0590306	0.0347476	0.0525553	0.0141025	0.105095	0.0368355	0.109804	0.049358	0.0251996	0.00623545	0.0371186
192	0.0929588	0.00593588	0.0207816	0.056757	0.00710933	0.0262476	0.0238845	0.0589251	0.118421	0.105994	0.038428	0.0353222	0.0222957	0.0835909	0.134309	0.054176	0.0512529	0.0526707	0.00348434	0.00745491
193	0.0924929	0.00579255	0.0238042	0.0739365	0.00413609	0.0290067	0.0225267	0.0450564	0.134688	0.0827417	0.0407142	0.0289421	0.0240832	0.0758544	0.137246	0.061965	0.0536536	0.0530816	0.00300236	0.0072764
194	0.107525	0.00955012	0.189047	0.165527	0.00390295	0.0505119	0.0104706	0.00311837	0.0720313	0.0201425	0.00299281	0.0568126	0.0165978	0.0621202	0.0357506	0.0921345	0.0730095	0.0157194	0.00724144	0.00579425
195	0.0599862	0.0220526	0.00830749	0.0172718	0.00277884	0.0188363	0.0285774	0.0267295	0.17537	0.0220878	0.0104464	0.0426091	0.00828429	0.0631242	0.355768	0.072071	0.0426487	0.0149212	0.00337458	0.00475455
196	0.0453131	0.0238306	0.00209761	0.0223855	0.0339399	0.00852338	0.00342111	0.256442	0.0126781	0.198774	0.0420748	0.00426643	0.00642778	0.012277	0.016485	0.0183246	0.0407869	0.232893	0.00146968	0.0175893
197	0.0991102	0.00880776	0.173753	0.151129	0.00462516	0.0487808	0.0155979	0.00453276	0.0838492	0.0256506	0.00593112	0.0585738	0.0160824	0.0781281	0.0390679	0.090101	0.0656734	0.0153931	0.006881	0.00833158
