219	20
1	0.0128899	0.000619005	0.00158248	0.000702449	0.0102892	0.00213088	0.000355279	0.385765	0.00100411	0.266565	0.0312571	0.000903866	0.000748924	0.00061168	0.000548891	0.00165035	0.00401314	0.2737	0.00038872	0.00427458
2	0.0162987	0.000378911	0.00248073	0.00233024	0.282952	0.00272049	0.0275389	0.0191119	0.00317236	0.0384717	0.00473493	0.019221	0.000908741	0.00331137	0.0023817	0.00463899	0.00807218	0.0118631	0.102338	0.447075
3	0.0275397	0.00183284	0.00686542	0.0172166	0.00303871	0.0454319	0.00855735	0.00229315	0.00570096	0.00256588	0.00251498	0.0223023	0.00397646	0.00959194	0.00206182	0.638885	0.1932	0.00458592	0.000395435	0.00144307
4	0.380353	0.000846496	0.0234562	0.0226122	0.027884	0.0482576	0.0668139	0.00372202	0.00558768	0.0058692	0.0133258	0.0369225	0.00186966	0.0188854	0.0047547	0.211664	0.0543558	0.00968536	0.00985317	0.0532812
5	0.0279112	0.000646241	0.00776472	0.00897557	0.00889727	0.00770727	0.0101408	0.0250837	0.0376004	0.0156078	0.00819765	0.0196006	0.00235774	0.0328964	0.704965	0.0140265	0.0204514	0.0136063	0.00178183	0.0317815
6	0.148044	0.00127656	0.0445033	0.0929324	0.00797997	0.0252455	0.0642594	0.0924585	0.23028	0.0119642	0.00553294	0.0656522	0.00495792	0.0787684	0.0388379	0.0223831	0.031821	0.0171759	0.00128379	0.0146437
7	0.112255	0.00057061	0.00340085	0.0172239	0.00636746	0.0136575	0.00613573	0.0793634	0.0491496	0.222277	0.0953177	0.0186335	0.00243675	0.0713052	0.073957	0.107596	0.065659	0.0352461	0.000639055	0.0188081
8	0.0440992	0.00342653	0.00504001	0.00301395	0.0167115	0.00395033	0.000418099	0.329828	0.00191516	0.217023	0.0438673	0.00323905	0.00497872	0.00233337	0.000941572	0.00597468	0.0137231	0.294519	0.00190195	0.00309564
9	0.0703015	0.00011611	0.0230231	0.135458	0.0028061	0.00921929	0.00613419	0.0132862	0.35597	0.020196	0.0111391	0.0270281	0.00249976	0.105562	0.14381	0.0335252	0.0230228	0.013872	0.000118862	0.00291154
10	0.115728	0.000544116	0.0540232	0.137217	0.00156275	0.00747756	0.00446652	0.0122708	0.223986	0.0273485	0.00678819	0.0230587	0.0534339	0.0901873	0.0929397	0.0672113	0.0636691	0.0159898	0.000219409	0.00187875
11	0.0186447	0.00134856	0.00108315	0.000715194	0.0252266	0.000940782	0.000349568	0.283913	0.00118311	0.393175	0.10402	0.000860769	0.00144581	0.00264812	0.0011242	0.00401653	0.00415693	0.148964	0.00192674	0.00425783
12	0.026143	0.000169999	0.00088595	0.00386995	0.183247	0.00310306	0.00327295	0.157741	0.00109678	0.273738	0.0374249	0.00410772	0.000362657	0.0010678	0.00920749	0.00771215	0.0104077	0.162868	0.0229499	0.0906236
13	0.0122478	0.000127437	0.0692117	0.0129206	0.000658317	0.75803	0.0066581	0.000721833	0.0385885	0.000808932	0.000546594	0.0541203	0.000467204	0.00196239	0.00724811	0.0298762	0.00411244	0.00106008	0.000179903	0.000453252
14	0.0542244	0.00276584	0.00100815	0.000912184	0.00881082	0.00129955	0.00039733	0.27798	0.00148296	0.0629764	0.00578327	0.00561984	0.00336509	0.00149251	0.000768669	0.00385471	0.0293339	0.535155	0.000537172	0.00223313
15	0.0841056	0.000146588	0.0301588	0.116434	0.00170342	0.0125724	0.00365546	0.00699212	0.411252	0.0110312	0.00525289	0.0348356	0.00733823	0.0924836	0.1044	0.0301425	0.0288067	0.0140287	0.000156867	0.0045028
16	0.0707235	0.00356971	0.00201428	0.00351031	0.00748073	0.00371299	0.000991809	0.172197	0.0055626	0.034984	0.00328523	0.00699527	0.00246821	0.00261403	0.00166444	0.00955097	0.0424249	0.615783	0.000537965	0.0099287
17	0.0557479	0.000213214	0.0398681	0.118328	0.00196553	0.0099125	0.00412574	0.00925747	0.343047	0.0148	0.00967867	0.0669521	0.00251071	0.109867	0.154197	0.0243683	0.0215885	0.0103031	0.000301966	0.00296719
18	0.0286115	0.000201015	0.00135236	0.00537698	0.174836	0.00373234	0.00461632	0.160136	0.00125067	0.265939	0.0338117	0.00510337	0.000413123	0.00148244	0.0125416	0.0100952	0.0160687	0.167381	0.021191	0.0858596
19	0.0207087	0.000260966	0.00440034	0.0147234	0.00427037	0.00149398	0.000630763	0.270403	0.0526453	0.126403	0.00108596	0.0150295	0.000704952	0.0946973	0.0436468	0.0103827	0.0475401	0.289934	0.000292734	0.000745839
20	0.060346	0.0012415	0.0849205	0.0561458	0.062584	0.0138269	0.00485358	0.0351542	0.102113	0.0137034	0.00474982	0.0624061	0.00514172	0.0823366	0.00867016	0.177128	0.153302	0.00962863	0.00161479	0.0601335
21	0.118972	0.000219226	0.376915	0.11737	0.000778953	0.0428895	0.0090558	0.00769009	0.0575802	0.00532289	0.00145766	0.0590747	0.0155147	0.033582	0.0115441	0.098066	0.0377963	0.00506427	0.000244636	0.000862502
22	0.382984	0.000653229	0.0475952	0.089596	0.00622339	0.0955762	0.0014857	0.0113	0.0355819	0.00332697	0.00180538	0.0035458	0.0660585	0.0496483	0.0034857	0.128677	0.0195293	0.0493332	0.000424492	0.00316926
23	0.0105248	0.000508597	0.000738892	0.000927929	0.0335172	0.000822824	0.00059249	0.144998	0.00110084	0.479889	0.221749	0.000941767	0.000309388	0.0103882	0.00322415	0.00723096	0.00658213	0.0683013	0.000996254	0.00665672
24	0.0726926	0.0045249	0.00916541	0.0165169	0.0303036	0.016999	0.000841899	0.270781	0.0033298	0.186951	0.0679214	0.011726	0.00511014	0.0151658	0.00170072	0.0189516	0.0453172	0.218245	0.00179349	0.00196326
25	0.243918	0.000327517	0.0604568	0.33012	0.00163427	0.00487444	0.00182449	0.0103032	0.0848502	0.00656492	0.00323154	0.0305248	0.0106797	0.0717186	0.0111782	0.0554534	0.0449868	0.0254699	0.000316616	0.00156674
26	0.0247562	0.000313585	0.00664784	0.0257692	0.00156992	0.0038401	0.00742039	0.0197637	0.135819	0.0056485	0.00337227	0.00877629	0.0115515	0.0471922	0.655542	0.00870544	0.0218296	0.00623076	0.000407595	0.00484346
27	0.0124866	0.000972779	0.000849768	0.000722399	0.0252137	0.000856128	0.000397489	0.231262	0.000992944	0.435345	0.148721	0.000841854	0.000532267	0.00510251	0.00180214	0.00515844	0.00504355	0.117631	0.00111376	0.00495348
28	0.0698732	8.38694e-05	0.0188514	0.139356	0.00219243	0.00845363	0.00497348	0.0131917	0.354075	0.0214612	0.0121754	0.0229881	0.00227134	0.108723	0.144641	0.035101	0.0230532	0.0157	8.96715e-05	0.00274498
29	0.248958	0.00076023	0.00394344	0.0342301	0.00231433	0.00975139	0.00204625	0.0254931	0.0115982	0.0579487	0.0238623	0.0814643	0.00506828	0.0693444	0.128442	0.245029	0.0414243	0.00515028	0.00100029	0.00217072
30	0.170251	0.000707716	0.250288	0.267409	0.00299242	0.0525975	0.00494065	0.00676964	0.0394479	0.0156415	0.00379113	0.0394554	0.0122505	0.0396521	0.0146188	0.0440916	0.0205534	0.0095391	0.000598497	0.00440479
31	0.016662	0.000257098	0.0704157	0.0149979	0.00139004	0.745352	0.00658874	0.001028	0.0380497	0.00125505	0.000673798	0.0535031	0.00111619	0.00253625	0.00745048	0.0319978	0.00468532	0.00131205	0.000221988	0.000506975
32	0.196497	0.000242924	0.0676264	0.182604	0.000989846	0.00493209	0.00512487	0.00569949	0.172907	0.0235985	0.00893639	0.0192262	0.00479844	0.0877131	0.0703506	0.0563911	0.0707322	0.0202848	0.000272915	0.00107263
33	0.103561	0.000453488	0.0308727	0.00447935	0.0414735	0.0161725	0.015081	0.00331325	0.0336039	0.0443741	0.00207272	0.361116	0.00169748	0.0519639	0.130555	0.0856178	0.00598486	0.0120204	0.000826208	0.054761
34	0.0252557	0.00144897	0.00858927	0.0223548	0.00208407	0.061729	0.00295072	0.00201795	0.00539467	0.00230474	0.00188427	0.0202498	0.00356499	0.0120144	0.00185964	0.656936	0.163875	0.0037722	0.000359614	0.00135452
35	0.0822857	0.00476196	0.0315573	0.0434137	0.00184185	0.0142073	0.00163219	0.00551157	0.175763	0.00610899	0.00145503	0.0289193	0.355791	0.0382147	0.0547694	0.0784873	0.0563403	0.0174995	0.000322284	0.00111761
36	0.569787	0.00151521	0.0097805	0.00786221	0.00394433	0.103957	0.00241918	0.0159066	0.00691327	0.0174908	0.0130137	0.00732712	0.00709382	0.00496153	0.00332628	0.0756458	0.0497728	0.0923129	0.00120639	0.00576346
37	0.0774741	0.00142192	0.506238	0.0701763	0.00326299	0.0421562	0.0134222	0.00722338	0.0483112	0.0101508	0.00737148	0.0651828	0.00628193	0.0170051	0.0113864	0.0703036	0.0281362	0.00978945	0.000839722	0.00386629
38	0.0153873	0.00126082	0.00144053	0.000622316	0.0127765	0.0015737	0.000343678	0.346496	0.00099909	0.326978	0.0567565	0.000740019	0.000841506	0.000702593	0.000499795	0.00256519	0.00347965	0.222503	0.000603291	0.00343019
39	0.0200401	0.000234926	0.000808109	0.00327966	0.15879	0.00226284	0.00274218	0.153466	0.000968853	0.335507	0.0520972	0.00337331	0.000312269	0.00175908	0.00758436	0.00669173	0.00844809	0.149086	0.02073	0.0718187
40	0.0105504	0.000461184	0.000717951	0.000938345	0.0336135	0.000823683	0.000599477	0.145478	0.00108784	0.479777	0.221174	0.000941147	0.000311553	0.0103701	0.00322577	0.00723709	0.00659295	0.068462	0.00100905	0.00662816
41	0.322901	0.00289825	0.0251577	0.0071389	0.00539433	0.0315727	0.00378337	0.0130762	0.00752182	0.0807616	0.029515	0.00750684	0.00366873	0.00564089	0.0051318	0.112325	0.226433	0.101628	0.00165935	0.0062851
42	0.204083	0.00641499	0.00816427	0.0113164	0.00728422	0.0149527	0.00282536	0.0433861	0.0345096	0.027291	0.00617643	0.0150491	0.00350632	0.00703327	0.0073857	0.121057	0.123849	0.34759	0.00113011	0.00699622
43	0.0772956	0.000330439	0.403312	0.0932589	0.00117354	0.160144	0.00771975	0.00472614	0.0484164	0.00463002	0.00332417	0.0708354	0.00474891	0.0170567	0.00865778	0.0646524	0.0232344	0.00521418	0.00044844	0.000820883
44	0.16499	0.00105733	0.00380145	0.00520117	0.0970955	0.0575633	0.00198118	0.186054	0.00389263	0.102191	0.0561988	0.00555459	0.00176028	0.0060503	0.0029974	0.0104631	0.0531717	0.220901	0.00107755	0.0179985
45	0.338353	0.00142341	0.0337605	0.0405093	0.00606727	0.134754	0.00357319	0.0529933	0.01149	0.00968984	0.00858893	0.00617269	0.0142876	0.0130847	0.00563444	0.180537	0.0194493	0.0956557	0.00120524	0.0227707
46	0.147694	0.000655369	0.0251526	0.00890587	0.0277184	0.0154493	0.0117422	0.0060163	0.0472937	0.031161	0.00329954	0.318636	0.00247035	0.0508764	0.130864	0.0759986	0.0151696	0.0322498	0.0011604	0.0474868
47	0.0253728	0.00129691	0.00209525	0.00236227	0.0202777	0.00323841	0.000332588	0.330888	0.00150036	0.310473	0.0789221	0.00204698	0.00198404	0.00276343	0.000796253	0.006942	0.0147763	0.189201	0.00136286	0.00336821
48	0.305544	0.000409431	0.0345107	0.121047	0.00182842	0.024937	0.00179441	0.00285106	0.198718	0.0722142	0.0251029	0.0154921	0.00161134	0.0632947	0.101537	0.00823625	0.0135517	0.00452143	0.000751415	0.00204664
49	0.0114188	0.000129551	0.0694909	0.0129148	0.000471311	0.75918	0.00668218	0.000709043	0.0386671	0.000798502	0.00053924	0.0543574	0.000403233	0.00175917	0.00710411	0.0296217	0.00410056	0.00103625	0.000177129	0.000439443
50	0.01879	0.00317454	0.00117013	0.000988188	0.0386231	0.00124728	0.000565349	0.237067	0.00129592	0.432014	0.0689749	0.0011818	0.00113366	0.00217676	0.00144073	0.00400659	0.00360699	0.169182	0.00602762	0.00733402
51	0.0793339	0.000943138	0.00521226	0.00567477	0.108574	0.0269924	0.00285607	0.0878836	0.00621911	0.299629	0.013488	0.00633846	0.00247826	0.00629371	0.00474069	0.0279236	0.201618	0.108523	0.00137212	0.00390645
52	0.100188	0.000681958	0.00746636	0.0378451	0.0024004	0.00432394	0.00188753	0.00370516	0.0585217	0.0196254	0.00326158	0.00660943	0.0027723	0.537775	0.0613415	0.106557	0.0232468	0.0188253	0.000699055	0.00226657
53	0.116503	0.0102749	0.0206016	0.0178501	0.000865312	0.025951	0.000724458	0.00641643	0.0707359	0.00263035	0.00080433	0.0106151	0.53635	0.0289664	0.0087208	0.0927932	0.0342025	0.0137971	0.00034575	0.000851856
54	0.0566709	0.0025159	0.00104096	0.000755853	0.00989641	0.00119498	0.000421041	0.268307	0.001373	0.0647865	0.00689789	0.00598144	0.00377455	0.00130743	0.000681285	0.00387843	0.0305745	0.537229	0.000646864	0.00206527
55	0.198214	0.000810001	0.0400895	0.00449444	0.0199398	0.0375731	0.00283363	0.0219102	0.0754913	0.0232414	0.00378559	0.172145	0.00195059	0.0233598	0.045931	0.0626807	0.11396	0.146083	0.00119937	0.00430705
56	0.0494927	0.00240235	0.000976021	0.000766366	0.00849502	0.0013725	0.000402018	0.288823	0.00125844	0.0732673	0.00559745	0.00509728	0.0030618	0.00128995	0.000698944	0.00356855	0.0270633	0.523547	0.000511851	0.0023086
57	0.15589	0.00803524	0.0225107	0.0211201	0.00567649	0.0685461	0.00137852	0.00758489	0.0572491	0.00617055	0.00251405	0.0102192	0.430642	0.0276763	0.0106614	0.113112	0.0300784	0.0177889	0.000942556	0.00220341
58	0.395875	0.000302395	0.0524035	0.112012	0.00148403	0.0398922	0.00149006	0.0129423	0.0399421	0.00357493	0.00171711	0.00462401	0.0626441	0.0474113	0.00213696	0.139565	0.0262759	0.0523763	0.000449699	0.00288098
59	0.0695452	0.000332996	0.0347037	0.0853145	0.00787922	0.00973718	0.167522	0.0121668	0.0731985	0.0486623	0.00325542	0.148807	0.0126599	0.157758	0.0504598	0.0351819	0.0310782	0.0030724	0.000458839	0.0482057
60	0.00866776	0.000676177	0.00304737	0.00310574	0.188597	0.00298309	0.00166319	0.00276078	0.00377288	0.608427	0.0022177	0.00385451	0.00133649	0.00368048	0.00280248	0.00552788	0.0163443	0.00360721	0.000668165	0.13626
61	0.0128466	0.000426792	0.00257025	0.00270119	0.00135227	0.00274948	0.010734	0.028309	0.0327182	0.00235202	0.00175218	0.00287796	0.000951794	0.0373997	0.827886	0.00435186	0.0178396	0.0032992	0.000522979	0.00635916
62	0.109341	0.000673415	0.435392	0.0673758	0.00249951	0.0748877	0.0578759	0.00456755	0.0201337	0.00417041	0.00229551	0.0276283	0.00489682	0.0128501	0.00628288	0.132184	0.0281256	0.00606515	0.000952579	0.00180239
63	0.116503	0.0102749	0.0206016	0.0178501	0.000865312	0.025951	0.000724458	0.00641643	0.0707359	0.00263035	0.00080433	0.0106151	0.53635	0.0289664	0.0087208	0.0927932	0.0342025	0.0137971	0.00034575	0.000851856
64	0.0566501	0.000272786	0.0435053	0.0855264	0.0100191	0.00632063	0.164931	0.00673386	0.0605579	0.0691486	0.00433121	0.138682	0.0114122	0.163282	0.0551017	0.035587	0.0291956	0.0024541	0.000427392	0.055861
65	0.0595713	0.00332361	0.0190518	0.0195396	0.110355	0.0174839	0.019817	0.031563	0.0239337	0.0585562	0.0161257	0.0290715	0.0120449	0.0263679	0.0215592	0.0305393	0.0337997	0.034031	0.307222	0.126043
66	0.0576785	0.000648875	0.00433192	0.00502888	0.197663	0.00454416	0.0028088	0.0335128	0.00507654	0.0234853	0.00405812	0.00633003	0.00181265	0.00524906	0.00446944	0.019574	0.127856	0.177342	0.020259	0.298271
67	0.500158	0.0017127	0.00537492	0.00219441	0.00254018	0.232915	0.000861406	0.00318498	0.00192473	0.011821	0.00471175	0.00661707	0.00296414	0.00188146	0.0018425	0.116292	0.0710992	0.0295482	0.000309712	0.00204641
68	0.0185424	0.000374821	0.000787443	0.00293781	0.143807	0.00216043	0.00241591	0.149464	0.00107634	0.370204	0.0576599	0.00302221	0.000325184	0.00225062	0.0067835	0.00613133	0.00795141	0.14306	0.0188586	0.0621873
69	0.149323	0.00377446	0.00655463	0.00710003	0.0253213	0.00672241	0.0289944	0.00622109	0.00723941	0.00940218	0.00555255	0.0102614	0.00337763	0.00637809	0.00574399	0.2893	0.406397	0.0174556	0.00146504	0.00341495
70	0.0621568	0.000398366	0.00231822	0.0159323	0.00826704	0.0164563	0.0081469	0.100005	0.0731658	0.265412	0.127676	0.00308542	0.00102295	0.0632961	0.0615129	0.0430304	0.0695423	0.0491218	0.000463434	0.0289908
71	0.0165933	0.000485504	0.00285069	0.00482602	0.0013429	0.00288274	0.00897325	0.0242558	0.0361088	0.00335293	0.00221037	0.00413084	0.00481678	0.0322202	0.821889	0.00562751	0.0163963	0.00358048	0.000591249	0.00686565
72	0.588173	0.000505583	0.0105092	0.0037413	0.00166441	0.118467	0.00115971	0.008799	0.00215435	0.017175	0.0151591	0.00238153	0.00813595	0.00223102	0.00128395	0.0890261	0.0388189	0.0835446	0.000513842	0.00655607
73	0.035873	0.000591522	0.00498106	0.0092256	0.00309891	0.00548361	0.00938555	0.0225388	0.0405379	0.00567033	0.00288215	0.00665062	0.00719053	0.0337457	0.765879	0.0118914	0.018753	0.00707593	0.00105275	0.00749256
74	0.0572057	0.00247981	0.00158939	0.00152527	0.0110614	0.00172963	0.000410955	0.279904	0.0019914	0.0774193	0.0137557	0.00649305	0.00524931	0.00255776	0.00101927	0.00573652	0.0324828	0.494523	0.000922816	0.00194315
75	0.0508611	0.00170325	0.00296065	0.00285112	0.0301568	0.00435932	0.000449338	0.352031	0.00257927	0.227389	0.0610682	0.00275474	0.00561012	0.00183963	0.000711572	0.00594318	0.014032	0.226279	0.0023741	0.00404704
76	0.0547888	0.000249515	0.00127101	0.00346975	0.17207	0.0113418	0.00270877	0.176909	0.0016892	0.202878	0.050472	0.00406886	0.000606256	0.00164345	0.00746071	0.00744095	0.0225394	0.182137	0.014188	0.0820678
77	0.0892672	0.00102659	0.00483055	0.00599738	0.105888	0.00622504	0.00260006	0.0489474	0.00770938	0.025596	0.00707817	0.00693334	0.00198339	0.00577209	0.00496657	0.0323312	0.122519	0.25059	0.013093	0.256645
78	0.267759	0.000835839	0.168298	0.0349588	0.00268854	0.00546466	0.0186688	0.00429329	0.00960179	0.0048422	0.00304897	0.147348	0.00262578	0.00701935	0.0572303	0.230409	0.00816781	0.0228408	0.0013183	0.00258075
79	0.0378947	0.000331191	0.0172073	0.0298785	0.00481945	0.00829908	0.00467638	0.00547281	0.375613	0.00601631	0.00141249	0.0233944	0.206834	0.0247014	0.156974	0.0190744	0.0599695	0.0157518	0.000515423	0.00116342
80	0.122607	0.000169798	0.385407	0.17929	0.000531167	0.0472984	0.00602133	0.00708578	0.0427577	0.00584992	0.00122512	0.055439	0.00638629	0.0328482	0.0119923	0.0688374	0.0218525	0.00352549	0.00021944	0.000655855
81	0.00943247	0.000557275	0.110419	0.00328244	0.00213038	0.00318204	0.0134888	0.00306539	0.00405931	0.00329996	0.00193689	0.11798	0.00125448	0.0152164	0.0577623	0.0812358	0.564705	0.00433518	0.000827591	0.0018294
82	0.039842	0.0015727	0.00649075	0.00763573	0.0823818	0.00891829	0.00739906	0.10626	0.0112333	0.096739	0.0539721	0.0178681	0.00349704	0.0108586	0.0107421	0.0169457	0.023951	0.0797188	0.0157182	0.398256
83	0.227098	0.000624335	0.0430637	0.380567	0.00203641	0.0240329	0.00476979	0.0071212	0.0115029	0.0738177	0.0139932	0.0419214	0.00147926	0.0778855	0.00357381	0.0305843	0.0251725	0.0126221	0.000908992	0.0172259
84	0.117007	0.000183085	0.437839	0.10591	0.000496594	0.0467784	0.0121706	0.00539916	0.0413114	0.0036653	0.00144758	0.0585409	0.00859257	0.0247654	0.00863639	0.0956738	0.0265525	0.00433057	0.000198156	0.000501399
85	0.010434	0.000587575	0.00252907	0.00317674	0.175235	0.00279806	0.0016398	0.0303823	0.00353148	0.573645	0.029302	0.00331887	0.00105318	0.00487948	0.00371729	0.00662503	0.0145764	0.0279191	0.00336399	0.101286
86	0.604545	0.000736455	0.00811099	0.00156995	0.000940377	0.14502	0.000513036	0.00443032	0.00120649	0.0117817	0.00879758	0.00327066	0.00461934	0.00121432	0.000986029	0.0908779	0.0535086	0.054572	0.000204758	0.00309516
87	0.0582516	0.000357114	0.532262	0.0646957	0.00103255	0.0357047	0.00377527	0.00290327	0.0680775	0.00577402	0.00809134	0.102444	0.00291278	0.0112805	0.00496238	0.0629334	0.0280803	0.00504398	0.000460795	0.000957154
88	0.23679	0.000992902	0.112315	0.192431	0.00202408	0.0142408	0.00286235	0.00703258	0.0520693	0.00469435	0.00190631	0.0169149	0.176969	0.0326755	0.00738578	0.0726565	0.0434019	0.0204902	0.000525904	0.00162199
89	0.0827482	0.000122028	0.0240097	0.13098	0.00177788	0.0113581	0.00374529	0.00810483	0.400457	0.0132831	0.00694986	0.0311383	0.00308618	0.0984586	0.110312	0.0317296	0.0229162	0.0143263	0.000144405	0.00435181
90	0.0178045	0.000352525	0.00230238	0.00260275	0.27035	0.00254803	0.0330454	0.0186667	0.0029409	0.0473182	0.00203128	0.0238346	0.00100605	0.00266471	0.00227563	0.00415992	0.00471633	0.00420224	0.167164	0.390014
91	0.0572989	0.000184195	0.0197805	0.12723	0.00241033	0.0100376	0.00664164	0.0117194	0.374898	0.0190401	0.0135849	0.0312918	0.00221727	0.103569	0.153625	0.0316336	0.0192137	0.0125795	0.000135164	0.00290826
92	0.0114188	0.000129551	0.0694909	0.0129148	0.000471311	0.75918	0.00668218	0.000709043	0.0386671	0.000798502	0.00053924	0.0543574	0.000403233	0.00175917	0.00710411	0.0296217	0.00410056	0.00103625	0.000177129	0.000439443
93	0.0408599	0.000255613	0.0184764	0.111516	0.00160444	0.0059835	0.0039866	0.0158252	0.342508	0.0297476	0.0262512	0.0267749	0.00167494	0.119525	0.202483	0.0201161	0.0146448	0.0116318	0.000215568	0.00591893
94	0.0120404	0.000578574	0.00153233	0.000668065	0.010357	0.00208238	0.000340378	0.387981	0.000984554	0.271134	0.0322482	0.000738399	0.000619377	0.000583775	0.000530175	0.00164675	0.00361153	0.267629	0.000327827	0.00436612
95	0.107986	0.0619027	0.00672892	0.00766314	0.0159109	0.0080624	0.00261136	0.160932	0.00602834	0.273526	0.0334227	0.00866574	0.00822379	0.00704602	0.00508664	0.026182	0.027354	0.223968	0.005062	0.00363751
96	0.0413549	0.00237386	0.0046885	0.00713202	0.0277291	0.0101905	0.000876214	0.293976	0.00350688	0.172551	0.0949348	0.006015	0.0031188	0.00753018	0.00172524	0.0278251	0.0710449	0.219413	0.00101731	0.00299686
97	0.016915	0.000490402	0.00303686	0.00419379	0.00158451	0.00329218	0.00872294	0.0235156	0.0331229	0.00359689	0.00178546	0.00421932	0.0021509	0.0317393	0.828152	0.00530902	0.0162111	0.00419375	0.000639049	0.00712864
98	0.120146	0.00166616	0.0449662	0.0492169	0.00304997	0.0196961	0.00261979	0.00528084	0.0563196	0.00583572	0.00291354	0.0295495	0.0504152	0.0194891	0.0094303	0.473797	0.0899963	0.0118033	0.000924558	0.00288341
99	0.264491	0.00399704	0.0254342	0.0211415	0.0482459	0.346672	0.00338716	0.00697755	0.0129664	0.00678425	0.00386183	0.00785044	0.0470514	0.0217795	0.0266921	0.124961	0.0102738	0.0122229	0.000924858	0.0042856
100	0.0704289	0.000847904	0.0901015	0.0670786	0.00927169	0.0278378	0.00297169	0.00937504	0.178625	0.0257353	0.00353472	0.0944703	0.0106435	0.066216	0.011019	0.147386	0.165358	0.00766916	0.00101892	0.0104113
101	0.0791014	0.000907308	0.02493	0.025159	0.00344925	0.0307054	0.00266829	0.132375	0.00644825	0.0472414	0.0240712	0.00664716	0.208957	0.0267422	0.00458488	0.113632	0.0488826	0.209212	0.00112679	0.00315898
102	0.0391637	0.00156762	0.0110208	0.0100871	0.111069	0.0124426	0.0313822	0.0222951	0.012613	0.0254348	0.016941	0.0633091	0.0037876	0.0155979	0.0117244	0.02125	0.0172889	0.022147	0.0405683	0.51031
103	0.0290059	0.0014088	0.00803234	0.0100108	0.00646294	0.0107745	0.0259007	0.00933335	0.012643	0.0090007	0.0348335	0.511025	0.00505188	0.0126942	0.00945231	0.176982	0.110089	0.0107746	0.00149423	0.00503016
104	0.0198633	0.000224194	0.0045865	0.0157262	0.00386018	0.00134668	0.000694043	0.269616	0.0561441	0.127109	0.000893064	0.0157803	0.000652935	0.0981533	0.0461396	0.00959367	0.0467089	0.281877	0.000277012	0.000754982
105	0.490781	0.00166244	0.00498536	0.00276377	0.00201916	0.218122	0.00136967	0.00231191	0.00199936	0.00894379	0.00348707	0.00934299	0.00181597	0.00228416	0.00183681	0.134912	0.0883918	0.0203642	0.000490477	0.00211705
106	0.0110105	0.000220051	0.000836038	0.00111175	0.0427799	0.00101562	0.000975809	0.111741	0.00152373	0.465656	0.255798	0.00112614	0.00036796	0.0153314	0.00428019	0.00761773	0.0088271	0.0597717	0.000997956	0.00901061
107	0.0592884	0.00128258	0.00405587	0.00651826	0.075913	0.0195752	0.000993692	0.237053	0.0028387	0.162798	0.0774675	0.00606507	0.00228069	0.00802807	0.0020399	0.0156794	0.0752396	0.229054	0.00132423	0.012504
108	0.577678	0.00143614	0.00636845	0.00198627	0.00209945	0.181226	0.000750777	0.00294371	0.0017349	0.00905429	0.00535688	0.00484754	0.00516556	0.00173764	0.00179162	0.106137	0.0550494	0.0321428	0.000288425	0.00220478
109	0.410209	0.000685239	0.0295219	0.0302636	0.0250762	0.037746	0.0400158	0.00343744	0.00513658	0.00580782	0.0179525	0.0272754	0.00188003	0.012263	0.00405736	0.230062	0.0580718	0.010569	0.0134153	0.0365539
110	0.0112078	0.000176066	0.000882741	0.00116459	0.0433905	0.0010288	0.00100042	0.108212	0.00146303	0.462343	0.259862	0.0011675	0.000399271	0.0160468	0.00457419	0.00774062	0.00934509	0.0594981	0.000989851	0.00950745
111	0.0208293	0.00112073	0.00198649	0.00161781	0.0229547	0.00306246	0.000447398	0.360163	0.00130169	0.268083	0.046459	0.00149099	0.00139066	0.00121618	0.00100046	0.00394785	0.0095042	0.242199	0.00153814	0.00968721
112	0.322392	0.000519439	0.0242819	0.237128	0.0022712	0.0250499	0.0138546	0.0168831	0.0293009	0.0471491	0.006169	0.0331507	0.00525703	0.0695002	0.00446912	0.0616314	0.0400354	0.0417284	0.000784126	0.0184442
113	0.0401407	0.000403711	0.0911104	0.0749162	0.0142793	0.00401782	0.224598	0.00387722	0.0411016	0.104049	0.0116855	0.106944	0.00556111	0.127224	0.0327352	0.0318482	0.0152952	0.00268192	0.00040638	0.0671238
114	0.0130165	0.000149864	0.0698071	0.0129301	0.000809134	0.755972	0.00664442	0.000770452	0.0383959	0.000952986	0.000637985	0.0539486	0.000723931	0.00186405	0.00726769	0.0301216	0.00424653	0.00108612	0.000175536	0.000479106
115	0.202054	0.000441679	0.0267157	0.477429	0.00914434	0.00221075	0.00121943	0.0301362	0.0568341	0.00250728	0.0100314	0.018412	0.0307377	0.0247075	0.00214094	0.0267349	0.0165898	0.0599377	0.000575415	0.00144012
116	0.242434	0.000288122	0.0533325	0.395472	0.0032987	0.00354585	0.0012207	0.0158789	0.0625934	0.00291268	0.00383556	0.0272495	0.0176678	0.0594227	0.00306485	0.0403325	0.0292518	0.0364504	0.000421423	0.00132629
117	0.166325	0.000408229	0.0218876	0.126727	0.00372368	0.0450061	0.00759806	0.010893	0.365914	0.00340333	0.00199918	0.0430379	0.0019937	0.0580589	0.0435307	0.0257955	0.0267749	0.0185431	0.000574204	0.0278056
118	0.397025	0.000524172	0.00199163	0.00210661	0.00141092	0.00185758	0.000950891	0.00536245	0.00256955	0.0055446	0.00256699	0.00944167	0.00100704	0.0021625	0.00163958	0.0129066	0.482811	0.0663624	0.000432855	0.00132609
119	0.0658461	0.000218402	0.0164527	0.157043	0.00244994	0.0204004	0.00444535	0.0121809	0.284527	0.0427952	0.0106979	0.0174637	0.00309303	0.123376	0.142194	0.0405623	0.0401245	0.012795	0.000306871	0.00302697
120	0.238165	0.000216923	0.072355	0.241343	0.000733328	0.00598182	0.0025991	0.00768652	0.120592	0.011418	0.00440624	0.0295505	0.00607607	0.0745368	0.0278381	0.0613826	0.0729524	0.0209883	0.000231541	0.000946649
121	0.0264812	0.00025101	0.000899527	0.0037563	0.18059	0.0031899	0.00323559	0.158796	0.00112696	0.275882	0.038356	0.00404776	0.00046641	0.00107506	0.00900601	0.00761297	0.0104334	0.16396	0.0229564	0.0878775
122	0.0723237	0.0261252	0.00490809	0.00600309	0.018677	0.00551979	0.0010926	0.232636	0.00295172	0.303882	0.0495749	0.00523784	0.00737274	0.00530389	0.00200841	0.0152628	0.0124862	0.221314	0.00463751	0.00268268
123	0.0704472	7.88991e-05	0.0194723	0.140506	0.00218297	0.00880017	0.00498823	0.0127061	0.354952	0.0209644	0.011251	0.0236422	0.00239066	0.108304	0.142085	0.0358927	0.0236599	0.0150637	8.9238e-05	0.0025225
124	0.011521	0.000132995	0.069279	0.0128504	0.000482555	0.759372	0.00665433	0.000712097	0.0385785	0.000821722	0.000540383	0.0543185	0.000425864	0.00171654	0.00707217	0.0297734	0.0040877	0.00104083	0.000181322	0.000438408
125	0.0206455	0.00230638	0.000974753	0.00252154	0.125425	0.00190372	0.00204919	0.150267	0.00122127	0.383947	0.0545998	0.00273949	0.000954416	0.00199054	0.00535359	0.00593188	0.00650513	0.159827	0.0207275	0.0501085
126	0.0592052	0.000532686	0.00354234	0.0165612	0.00795866	0.0154714	0.00812807	0.0955566	0.0872469	0.238753	0.121806	0.00688299	0.00117557	0.0588971	0.0755899	0.0406844	0.0697721	0.0614437	0.000598671	0.0301935
127	0.426162	0.000497686	0.0761504	0.0978332	0.00165993	0.0211053	0.00223141	0.00227582	0.0441725	0.0114305	0.00196211	0.174804	0.0013315	0.0245518	0.0256171	0.0777226	0.00428618	0.00404917	0.000490992	0.00166638
128	0.010048	0.000325347	0.00430619	0.00363089	0.00234355	0.00674365	0.0754228	0.00328525	0.0048587	0.00341938	0.00588877	0.818412	0.00131621	0.0108528	0.00382732	0.0217147	0.0125117	0.00466195	0.000803979	0.00562671
129	0.0112795	0.000228336	0.0013397	0.00169188	0.056422	0.00145021	0.0015466	0.0901679	0.0017695	0.474938	0.247914	0.00171651	0.000680618	0.0200762	0.00456775	0.00768185	0.0115067	0.0540657	0.001165	0.00979257
130	0.401881	0.0029798	0.0277422	0.0351566	0.00916806	0.114439	0.00177417	0.00792484	0.0269121	0.00769595	0.00424507	0.00616149	0.138697	0.0237678	0.00685858	0.126659	0.0227301	0.0311255	0.000782992	0.00329962
131	0.0953654	0.00179004	0.0434166	0.0116414	0.00624418	0.00984378	0.0774839	0.0104811	0.0525305	0.0117029	0.00706613	0.0142517	0.00553068	0.239233	0.203906	0.0184595	0.0974114	0.0856054	0.00252834	0.00550777
132	0.119526	0.000619264	0.0867559	0.101511	0.00188431	0.00621323	0.00292926	0.00713869	0.170923	0.014733	0.00362417	0.0340429	0.0802178	0.0753929	0.0727321	0.103936	0.0957113	0.0199046	0.000452381	0.00175222
133	0.337944	0.00234305	0.0436182	0.0568338	0.0154432	0.173664	0.00188706	0.00850636	0.0338692	0.00425897	0.00217412	0.00548856	0.0987723	0.0335986	0.00812566	0.123741	0.0157175	0.0300234	0.000720924	0.0032693
134	0.0145454	0.000266455	0.0685299	0.0122405	0.00070311	0.717634	0.00648327	0.0010214	0.039948	0.00146886	0.000829473	0.0783396	0.000465004	0.00155691	0.00912693	0.0372109	0.00670239	0.0020061	0.000203253	0.00071854
135	0.0738483	0.00075654	0.518557	0.0686201	0.00256213	0.0406609	0.0117424	0.00598529	0.0485413	0.0113567	0.00662796	0.0685165	0.00540921	0.0183508	0.0108486	0.0656174	0.0272491	0.0101253	0.000992793	0.00363132
136	0.0546042	0.00122008	0.00933837	0.00946457	0.00531096	0.00814269	0.00445322	0.093709	0.0790265	0.014216	0.0365457	0.112452	0.00290482	0.0101068	0.237879	0.0463003	0.194258	0.0733969	0.00123732	0.00543385
137	0.117093	0.000182772	0.437504	0.105907	0.000495477	0.046818	0.0121841	0.00541093	0.0413652	0.00367401	0.00144201	0.0585168	0.00862385	0.0248214	0.00865192	0.0956707	0.0266009	0.00433644	0.000199404	0.000501397
138	0.0808489	0.0030512	0.00819807	0.0134504	0.0216606	0.0532448	0.00319092	0.121901	0.0120192	0.191021	0.0567493	0.029686	0.00382686	0.0844752	0.0099629	0.0201162	0.080951	0.199283	0.00140505	0.00495763
139	0.0770951	0.00688977	0.00421121	0.00458184	0.0236539	0.00454751	0.000607375	0.315738	0.00296366	0.214971	0.0564041	0.00430999	0.0107128	0.00321209	0.00108365	0.00893931	0.013614	0.240351	0.00388296	0.00223114
140	0.044106	0.000196905	0.0215765	0.114161	0.00175265	0.00620501	0.00420313	0.0169891	0.338894	0.0298175	0.0250418	0.0302697	0.00176777	0.115476	0.194937	0.0207494	0.0155246	0.0117445	0.000182564	0.00640555
141	0.290215	0.00357129	0.0315841	0.026773	0.043454	0.349033	0.00230731	0.00677245	0.0115668	0.00543269	0.00314256	0.00674891	0.0321517	0.0271387	0.0154652	0.116581	0.0096531	0.0135162	0.000953752	0.00393941
142	0.0718902	0.00625345	0.00143875	0.00221719	0.00833089	0.00260923	0.000660457	0.265652	0.00268397	0.0582603	0.0070615	0.00655505	0.00364272	0.0015158	0.000995844	0.00452085	0.0275588	0.524957	0.000673677	0.00252156
143	0.319278	0.000725577	0.0248879	0.0245062	0.0489095	0.0592408	0.0207635	0.00517895	0.0262284	0.06079	0.0395601	0.0237533	0.0023944	0.00562539	0.0216576	0.0536838	0.0307306	0.140588	0.0184758	0.0730217
144	0.0128602	0.000312592	0.0735538	0.0134725	0.000616785	0.739902	0.00658784	0.00163503	0.0458173	0.00152515	0.000871114	0.0537617	0.00054462	0.00300967	0.00790921	0.029815	0.00546752	0.00151835	0.000228825	0.000590925
145	0.0247851	0.00034519	0.0104683	0.0484591	0.00414572	0.00249695	0.0011371	0.247035	0.0615763	0.115727	0.00163064	0.0136048	0.00120089	0.0863179	0.0367449	0.00954517	0.0487654	0.284171	0.000509609	0.00133412
146	0.364391	0.0710582	0.0165155	0.0133023	0.0160513	0.276482	0.00570816	0.0123472	0.0125241	0.0131971	0.00697562	0.0120587	0.0119997	0.0127902	0.0108896	0.070155	0.0354994	0.0298978	0.00169244	0.0064646
147	0.100482	0.000186307	0.457721	0.0982282	0.000530484	0.0488284	0.00978962	0.00475771	0.0483303	0.00364793	0.00262056	0.0646428	0.00674552	0.0201602	0.00879963	0.0885622	0.0300279	0.00517311	0.000243157	0.00052249
148	0.012123	0.00059619	0.00153669	0.000666016	0.0103869	0.00208171	0.000339706	0.387628	0.000978983	0.271244	0.0322159	0.000737528	0.000635853	0.000582971	0.000538551	0.00163486	0.00359951	0.267771	0.000338468	0.00436408
149	0.508567	0.00172226	0.00482142	0.00190764	0.00178676	0.221081	0.00089499	0.00234927	0.00196323	0.0093155	0.0035681	0.00811212	0.00183735	0.0017803	0.00167355	0.117828	0.0870944	0.0217984	0.000368951	0.00153002
150	0.0120404	0.000578574	0.00153233	0.000668065	0.010357	0.00208238	0.000340378	0.387981	0.000984554	0.271134	0.0322482	0.000738399	0.000619377	0.000583775	0.000530175	0.00164675	0.00361153	0.267629	0.000327827	0.00436612
151	0.432938	0.00103862	0.00760281	0.00320013	0.00150099	0.119112	0.00119646	0.00924761	0.00345884	0.0368434	0.0225993	0.00323963	0.00427043	0.00276391	0.00204385	0.109596	0.0673267	0.166834	0.000677135	0.00451113
152	0.0103491	0.000370475	0.0030315	0.00321323	0.00225896	0.00326971	0.075408	0.00292994	0.00361246	0.00371885	0.00596149	0.826129	0.00138483	0.0108183	0.00527598	0.022236	0.0122831	0.00427451	0.000561035	0.00291335
153	0.0679556	0.00275751	0.00596709	0.00720865	0.011135	0.00634352	0.0973887	0.00483122	0.00720703	0.00620457	0.00463962	0.0101348	0.00257514	0.00606505	0.0051013	0.377264	0.363042	0.00950105	0.00146055	0.00321804
154	0.0533	0.001401	0.00873223	0.0105581	0.0768597	0.00878223	0.00659886	0.042104	0.0107566	0.0413017	0.0160479	0.019978	0.00444194	0.00982795	0.00890007	0.0198261	0.0513846	0.116947	0.0169615	0.47529
155	0.0839962	0.00212322	0.0110508	0.0122308	0.0799829	0.0122248	0.0162613	0.0278592	0.0138078	0.0250022	0.0158516	0.0295357	0.00432001	0.0131674	0.00999884	0.0251659	0.0299634	0.0486572	0.0295899	0.509211
156	0.0257114	0.000176189	0.000889371	0.00385296	0.183391	0.00301297	0.00327116	0.157269	0.00109015	0.275183	0.0373964	0.00408299	0.000366474	0.00106763	0.00918319	0.00763937	0.0101599	0.162407	0.0231559	0.0906939
157	0.566048	0.00109432	0.00758468	0.00247973	0.00130326	0.163115	0.000684123	0.00850741	0.0015228	0.015047	0.0116741	0.00244304	0.00500523	0.00183476	0.001357	0.0845016	0.0412533	0.0801503	0.000314134	0.00408032
158	0.0792199	0.000689014	0.013341	0.0557597	0.00470447	0.0319887	0.0331575	0.0206956	0.258936	0.06456	0.0220559	0.0437462	0.0163612	0.115369	0.161485	0.0333866	0.0167344	0.0225217	0.00101995	0.00426807
159	0.0111916	0.000289045	0.00082755	0.00104694	0.0408283	0.000902017	0.000782172	0.114573	0.00129661	0.466998	0.253998	0.00103193	0.000345884	0.014465	0.00414734	0.00785818	0.00836521	0.0609008	0.00096924	0.00918291
160	0.0638428	0.000399575	0.00218668	0.0159557	0.00933991	0.0161873	0.00871867	0.0996723	0.0705746	0.276238	0.130743	0.00288012	0.00102085	0.0603474	0.0583133	0.0412303	0.0658615	0.0487457	0.000480796	0.0272611
161	0.208188	0.000886587	0.00734435	0.0807833	0.00301659	0.040445	0.00263161	0.007932	0.0590436	0.0152068	0.0220734	0.0889144	0.0183885	0.0851618	0.119233	0.213417	0.0168906	0.00672602	0.00122414	0.00249431
162	0.0581578	0.00243551	0.0013973	0.00116379	0.0121662	0.00197174	0.0004042	0.278672	0.00155149	0.0765087	0.014262	0.00558494	0.00423515	0.00150825	0.000676713	0.00452451	0.0317736	0.500334	0.000897671	0.00177424
163	0.122101	0.000474326	0.024363	0.11791	0.0140401	0.0675079	0.0298361	0.0355186	0.274166	0.00596563	0.00331037	0.0530918	0.0019279	0.0421752	0.0791895	0.0146337	0.0603209	0.0305055	0.000713291	0.0222489
164	0.0776623	0.00676316	0.00395897	0.00402197	0.0224408	0.00382708	0.000641603	0.30249	0.00321473	0.18879	0.0509569	0.00439	0.0151509	0.00282605	0.0012806	0.00869443	0.0149584	0.281005	0.00540174	0.00152546
165	0.0297954	0.000204428	0.00116617	0.00476911	0.176404	0.00398345	0.00401784	0.16272	0.00113171	0.259458	0.0350746	0.00526737	0.000434037	0.00127784	0.0120892	0.00965617	0.0140435	0.171451	0.0204972	0.0865598
166	0.0689018	0.00214977	0.0102823	0.0137183	0.178337	0.0223223	0.00826179	0.011101	0.0548947	0.0742248	0.0625423	0.0263548	0.0615204	0.111534	0.0669525	0.0198451	0.0792727	0.0138557	0.106765	0.0071635
167	0.264227	0.00389305	0.0206742	0.0239612	0.0103074	0.0279476	0.00645866	0.018457	0.0278071	0.12169	0.011055	0.0188916	0.217076	0.0220112	0.0166672	0.108278	0.0349784	0.0357019	0.00251865	0.00739942
168	0.101034	0.000311882	0.42985	0.0954475	0.00129057	0.0504829	0.00865619	0.00507665	0.0502655	0.00514131	0.00275342	0.0781373	0.00653733	0.0202427	0.00737555	0.0857387	0.038279	0.0122666	0.000332105	0.000780733
169	0.132477	0.00167129	0.0093993	0.0110274	0.137959	0.0450386	0.00757135	0.00959247	0.0271295	0.0633755	0.0575213	0.0460168	0.0551236	0.191636	0.0595155	0.0187955	0.0741682	0.0124911	0.0328136	0.00667678
170	0.397321	0.000541905	0.00199423	0.00211092	0.00145274	0.00180704	0.000944331	0.00545156	0.00252877	0.0056738	0.00264107	0.0095739	0.000977167	0.00218653	0.00161741	0.0130798	0.481684	0.0666651	0.000436063	0.00131275
171	0.0365468	0.00092401	0.0308921	0.0209826	0.110787	0.0316958	0.130183	0.0161363	0.0380088	0.114852	0.113956	0.0603112	0.00571611	0.0870616	0.0219423	0.0346295	0.0255533	0.0135647	0.00482455	0.101432
172	0.0542555	0.00182433	0.00344236	0.00335474	0.0272945	0.00502752	0.000490156	0.331443	0.0041731	0.169263	0.0652774	0.00379587	0.00655111	0.00266629	0.000874641	0.00875166	0.0240025	0.282847	0.00226858	0.0023968
173	0.0120495	0.00029145	0.00546507	0.00531578	0.00241919	0.00414693	0.0749728	0.0033097	0.00507326	0.00401338	0.00620606	0.817007	0.0018341	0.0110636	0.00570091	0.0223008	0.0119108	0.00378093	0.000755882	0.00238324
174	0.0186507	0.000878399	0.00147651	0.000779031	0.00892469	0.00270763	0.000353698	0.366966	0.0010062	0.219964	0.0228233	0.00187642	0.00115666	0.00105006	0.000622889	0.00220215	0.0088644	0.335619	0.000404699	0.00367402
175	0.151381	0.0360185	0.0122263	0.0116415	0.00953018	0.0183355	0.0114935	0.0122456	0.0168021	0.0359145	0.00842818	0.0148023	0.00566867	0.00993964	0.00947074	0.274052	0.248156	0.105435	0.00250374	0.00595453
176	0.322801	0.0047602	0.0242014	0.0206382	0.0492282	0.323001	0.00373886	0.0106297	0.0112401	0.00864756	0.00589251	0.00846006	0.0277098	0.021037	0.0153724	0.0967086	0.0161425	0.0228226	0.00144167	0.00552674
177	0.381995	0.00179603	0.00546056	0.00519471	0.0143872	0.163217	0.00234138	0.116361	0.0054973	0.00998881	0.037427	0.00573635	0.00202756	0.00446403	0.00392535	0.0198334	0.029843	0.186227	0.000920785	0.00335696
178	0.541588	0.000867639	0.00759799	0.00225968	0.00130776	0.155138	0.000885315	0.0105784	0.00177411	0.019307	0.0142542	0.0025401	0.00442943	0.0016238	0.00132655	0.0863244	0.043739	0.0995987	0.00037551	0.00448476
179	0.0162992	0.000894591	0.00185348	0.000839509	0.011518	0.00187455	0.000329488	0.374988	0.00108822	0.286379	0.0451827	0.000969774	0.00114066	0.000727689	0.000501692	0.00249145	0.00454023	0.243977	0.000434368	0.00397003
180	0.407604	0.00115735	0.00642439	0.00455451	0.0029093	0.00597208	0.00182017	0.0468993	0.00479203	0.064991	0.020256	0.00555861	0.00194857	0.00427384	0.00375392	0.0192326	0.300032	0.0946713	0.000780052	0.00236932
181	0.122708	0.000435642	0.0044703	0.00496763	0.00221912	0.00322897	0.0017741	0.0157361	0.600626	0.00390593	0.00214926	0.0176748	0.00136643	0.00895672	0.097282	0.0318783	0.0312647	0.0468164	0.000685061	0.00185528
182	0.058872	0.000511771	0.0150398	0.00377261	0.0268126	0.0408779	0.318583	0.00335057	0.0040103	0.0038786	0.00205355	0.190458	0.00133009	0.0291119	0.00265686	0.102496	0.0374623	0.00395959	0.000667054	0.154094
183	0.66839	0.000482354	0.00547091	0.00589036	0.00292469	0.00603791	0.00298156	0.00311012	0.00454649	0.00360466	0.00306534	0.0185319	0.00224097	0.00416421	0.00323897	0.231962	0.0236188	0.00500877	0.0014217	0.00330798
184	0.0329843	0.000413944	0.0228427	0.0254235	0.00442273	0.0114113	0.00464816	0.00510533	0.387282	0.00591663	0.00157896	0.0198778	0.207852	0.0260116	0.145852	0.0163479	0.0661633	0.0139628	0.000676447	0.00122729
185	0.00850631	0.000309055	0.00274611	0.00266895	0.00229707	0.00345043	0.111519	0.00268572	0.00299055	0.00276531	0.00375561	0.799654	0.00117026	0.0130139	0.00257905	0.0211985	0.00914014	0.00333967	0.000633884	0.00557659
186	0.0408415	0.000385973	0.00767906	0.030387	0.00937104	0.00503114	0.00948442	0.0106577	0.364275	0.0108724	0.00150444	0.0115177	0.167573	0.0312157	0.219444	0.00848988	0.0422377	0.0273835	0.000485664	0.00116345
187	0.168438	0.000352899	0.326686	0.295643	0.00152266	0.0410864	0.00179163	0.0042214	0.0356426	0.00433464	0.00122586	0.023942	0.00168553	0.0443019	0.0213449	0.0155543	0.00715975	0.0032049	0.000517077	0.00134466
188	0.371936	0.000477184	0.0473972	0.168519	0.0017147	0.0352999	0.00265141	0.00397004	0.0333296	0.0373322	0.00393879	0.17273	0.00151181	0.0359856	0.011338	0.0489094	0.0104237	0.00665837	0.000606699	0.00527027
189	0.559029	0.00210995	0.00923867	0.00525932	0.00463945	0.181484	0.00145711	0.00718683	0.00310875	0.0108749	0.00890161	0.0045583	0.00717916	0.0044352	0.00259185	0.0908452	0.0453127	0.0478886	0.000772407	0.00312699
